0,1,2,3,4,5,6,7,8,9,10,11,12,13,14,15,16,17,18,19,20,21,22,23,24,25,26,27,28,29,30,31,32,33,34,35,36,37,38,39,40,41,42,43,44,45,46,47,48,49,50,51,52,53,54,55,56,57,58,59,60,61,62,63,64,65,66,67,68,69,70,71,72,73,74,75,76,77,78,79,80,81,82,83,84,85,86,87,88,89,90,91,92,93,94,95,96,97,98,99,100,101,102,103,104,105,106,107,108,109,110,111,112,113,114,115,116,117,118,119,120,121,122,123,124,125,126,127,128,129,130,131,132,133,134,135,136,137,138,139,140,141,142,143,144,145,146,147,148,149,150,151,152,153,154,155,156,157,158,159,160,161,162,163,164,165,166,167,168,169,170,171,172,173,174,175,176,177,178,179,180,181,182,183,184,185,186,187,188,189,190,191,192,193,194,195,196,197,198,199,200,201,202,203,204,205,206,207,208,209,210,211,212,213,214,215,216,217,218,219,220,221,222,223,224,225,226,227,228,229,230,231,232,233,234,235,236,237,238,239,240,241,242,243,244,245,246,247,248,249,250,251,252,253,254,255,256,257,258,259,260,261,262,263,264,265,266,267,268,269,270,271,272,273,274,275,276,277,278,279,280,281,282,283,284,285,286,287,288,289,290,291,292,293,294,295,296,297,298,299,300,301,302,303,304,305,306,307,308,309,310,311,312,313,314,315,316,317,318,319,320,321,322,323,324,325,326,327,328,329,330,331,332,333,334,335,336,337,338,339,340,341,342,343,344,345,346,347,348,349,350,351,352,353,354,355,356,357,358,359,360,361,362,363,364,365,366,367,368,369,370,371,372,373,374,375,376,377,378,379,380,381,382,383,384,385,386,387,388,389,390,391,392,393,394,395,396,397,398,399,400,401,402,403,404,405,406,407,408,409,410,411,412,413,414,415,416,417,418,419,420,421,422,423,424,425,426,427,428,429,430,431,432,433,434,435,436,437,438,439,440,441,442,443,444,445,446,447,448,449,450,451,452,453,454,455,456,457,458,459,460,461,462,463,464,465,466,467,468,469,470,471,472,473,474,475,476,477,478,479,480,481,482,483,484,485,486,487,488,489,490,491,492,493,494,495,496,497,498,499,500,501,502,503,504,505,506,507,508,509,510,511,filepaths
0.58279365,0.35322323,0.17860098,0.6484171,0.4588799,0.01584978,0.74236625,0.22596686,0.37462837,0.207637,0.2254263,0.29320577,0.03379669,0.7783495,0.0,0.10606843,0.27260074,0.7092172,0.42620918,0.058916107,0.8581156,0.60822266,0.6463861,0.7478336,0.66849005,0.6288354,0.15481809,1.284854,0.15687527,0.3884595,0.121412545,0.085480705,0.38077217,0.6412104,0.05931352,0.25099537,0.0455624,0.015470954,0.1431756,0.79765296,0.0,0.19369934,0.087877244,1.2388155,0.25839424,0.2576852,0.086982325,0.011351184,0.13496779,0.8510333,0.371793,0.41718158,0.29574865,0.29652277,0.62295943,0.24393815,2.2857819,0.013399503,0.62224895,0.12975426,0.19961174,0.25433117,0.6035788,0.8568522,0.5901403,1.3007241,0.14866596,0.011606576,0.0,0.119154185,0.17796654,0.52035606,0.5202485,0.16783367,0.09881447,0.0,0.067948624,0.2322477,0.0,0.0057207514,0.06552268,0.12145342,0.354916,1.0780008,0.3560696,0.6052151,0.052035395,0.5832429,0.41627324,0.08527569,0.290015,0.247091,0.18731429,0.07471218,0.2961755,0.34282264,0.3863724,0.9476021,0.4900566,0.007333497,0.122693345,2.5535655,0.37046635,0.017060095,0.3041774,0.40055898,0.14226411,0.3005288,0.08379384,0.53581923,0.23089048,0.6848366,0.90449077,0.61608577,0.37610516,0.32183456,0.193332,0.0,2.5502226,0.28831944,0.64159924,0.7873474,0.18504213,0.49377605,0.9021988,0.22961484,0.012301112,0.6189949,1.8694109,0.4176085,0.060814127,0.12593341,0.043661937,0.48355472,0.0001246548,0.24959412,0.032609504,0.35237786,0.32866466,0.16399844,0.41122642,0.03046681,0.18505695,0.2845688,0.4056905,0.6456455,0.04374442,0.25521895,0.17661974,0.3166443,0.13252442,0.8408206,0.14923705,0.0,2.1011312,0.4140766,0.57195556,0.05549487,0.9686173,0.4248421,2.119158,1.0991254,0.007090807,0.33857286,0.38037428,0.0,1.6413764,0.27735806,1.6880823,0.32074666,0.051490553,0.061117064,0.0,0.11088025,0.4397077,0.5243631,0.15577859,0.17281649,0.4908528,0.056284275,0.11308185,1.2401218,2.3993306,0.14296485,1.206509,0.11650046,0.06354091,0.118091024,0.44856876,0.47444636,0.06999601,0.012995118,0.5824214,1.5312787,0.0,0.00035725735,0.6195755,0.473775,0.12794943,0.303211,0.07239816,0.67752326,0.17704785,0.6971434,0.5602967,0.31601742,0.41161886,0.028892362,2.0333939,0.7347641,0.0022772008,0.21674815,0.30745253,1.1659055,0.21776068,0.3415791,1.690543,0.10664349,0.013576291,0.08996891,0.3526731,0.16268583,0.7235179,0.2591679,0.0041643577,0.29067016,0.6108043,0.6094521,0.6767238,0.733284,0.17697139,0.6047095,0.2684395,0.08773169,0.26136315,0.062009927,1.0779321,0.112674825,0.011336642,0.0062578437,0.3283318,0.07228317,0.21010065,0.055712562,0.09373086,0.010987874,0.8935917,0.28862533,0.23295094,3.2597106,3.2108197,0.35461557,0.17614633,0.052076474,0.08348837,1.7530367,0.58427274,0.0976069,0.062381674,0.45962894,0.4733689,0.33160442,0.21525888,0.27313605,0.098832004,0.2252994,0.01828074,1.1111646,1.0824121,0.05723736,0.13190594,0.04679329,0.21358322,0.23226137,0.477263,0.43273535,0.41034824,0.38523036,0.081352726,0.24018495,1.6963694,0.4349185,0.1742711,0.0476981,0.16856882,0.067254774,0.08909628,0.053620417,0.3959215,0.05204368,0.14644097,0.16090602,0.2393368,0.44762844,0.03026317,0.2515416,0.6800121,1.2098677,0.11624661,0.75896686,0.12852247,0.05949636,0.0,0.061608743,4.2100453,0.12610161,0.0,0.16815484,0.0,0.09204232,0.60836005,1.0742683,1.8569514,0.7742037,0.36944655,0.4601096,0.0311489,1.3225083,2.0601048,0.03640061,0.5664858,0.0,0.0,0.15076701,0.57861245,0.05625748,0.9128245,0.10941221,0.44934487,0.012471414,1.4245969,0.5063712,0.0,0.13224722,0.0,0.15267515,1.8036169,0.1194323,0.01355006,0.08702062,0.1661984,0.46434963,1.3748536,0.6735273,0.73148036,0.071570806,0.022025399,0.24857427,0.5706656,0.527923,0.055538468,0.36414936,0.28638706,0.32508937,0.30770865,0.20114383,0.44611263,1.0614256,0.24754202,0.5879962,0.44838527,0.32687703,0.16136266,0.27972022,0.02260184,0.13385317,0.26515228,0.07263301,0.64762926,0.19490969,0.16926716,0.18290024,0.2926583,0.09661414,0.7289908,0.55704755,1.2400346,0.0024335526,0.28759697,0.9652983,0.13476266,0.0,0.26664823,0.057862286,1.5019313,0.774293,0.8634746,0.0020020125,0.015573589,0.018851835,0.014470129,0.19224507,0.11214677,0.99635094,0.0,0.017899994,0.6169504,0.066341154,0.25669816,0.7417948,0.119129576,0.9531785,0.15907179,0.552857,0.43398812,0.015653582,0.0957221,0.61693,0.0017774837,0.11022714,0.12379307,0.66114223,0.07516942,0.053942684,0.053366486,0.5017906,1.494075,0.27585602,0.5499135,0.0,0.85143566,0.3190372,0.6660424,2.047381,2.1333618,0.55252874,2.5813043,0.18973225,0.18236752,0.1480523,0.26332265,0.29357585,0.022883633,0.036770422,0.0,1.6058412,0.0751636,0.030452518,0.077750936,0.3908512,0.6029816,0.29962602,0.07015447,0.2413773,0.3205792,0.13034086,0.15096535,0.75408477,0.64517176,0.8732448,0.8678833,0.30032876,0.08433695,0.08559072,0.89243364,0.703813,0.102844045,0.0345176,0.20854264,0.7820105,0.8444343,0.48565567,0.8640657,0.32400015,0.549463,0.022041956,0.04404698,0.0015995904,0.23469655,0.45161158,0.47213364,0.55672354,0.43085906,0.016683972,0.25930876,0.32594237,0.03687242,0.52650577,0.08071135,0.03633329,1.0151136,0.7059128,0.08527069,0.346027,0.027726931,0.22685409,0.72860044,0.031709846,0.7762342,0.11220644,0.123035714,0.81131655,0.042678963,0.021961404,0.028919468,0.0,0.2931256,0.0,0.18550125,0.050681993,0.025964426,2.6412315,0.7786948,0.20991506,0.00988615,1.2254682,0.02840824,0.06590722,0.24761577,0.5142358,1.7798134,0.29034087,all_pothole_images\pothole_images_2_image_0.jpg
0.44373336,2.2697866,1.3121629,1.6600578,0.872459,0.23720723,0.823519,0.13957803,0.37995255,1.2997401,0.14067742,1.5464208,0.059910346,1.8218136,0.5023379,0.843103,0.3785614,0.7784326,2.3565164,0.38691252,1.181298,2.3408055,0.42065966,0.861086,0.31656608,1.2461661,1.0705522,3.6494625,0.24203415,0.20677842,0.7892602,0.051395882,0.42852315,0.289487,0.6344875,2.0829318,1.4006943,2.2298992,0.61437607,0.6277663,0.45142674,0.31667742,0.40354252,1.4006604,0.7006702,1.1725341,0.22554253,0.4359014,0.20786908,0.7303844,1.9543372,0.29817656,0.488367,0.61590177,0.2481639,1.6351056,1.5000763,0.02111322,1.0626497,0.3007524,1.0636561,1.417591,1.4271209,0.5144002,0.7811321,1.2249999,0.6325524,0.08168239,0.20215034,0.51133657,0.20547473,0.882438,0.54373837,0.38266298,0.9253451,0.9202821,0.7797719,2.0903707,0.08994018,0.15669307,0.8958245,0.035034943,0.35043883,2.0918608,0.8449687,0.10775799,0.35873374,0.16793978,3.6952775,0.20500839,0.1851179,0.11231837,0.17257817,0.27328485,0.19888146,0.0,1.1436973,1.8398572,1.4225545,0.9658477,0.31515944,3.0607984,1.0635803,0.70771915,0.32023492,0.107544996,0.7778588,0.06027859,0.18241483,0.9289803,0.057510152,2.5200453,0.7729693,0.034860402,1.0376755,0.50787354,1.6067156,0.9934337,1.8509427,1.3336803,0.5758276,0.54523367,0.47065803,0.82707804,0.32140386,0.46994114,1.5384668,1.0986856,0.33123899,0.30250436,0.6773896,0.07092472,0.35123068,0.181147,0.0024430708,0.40923098,0.48233902,0.67506903,0.3553462,0.11967431,1.209879,0.062822126,0.18200457,0.9866722,0.7500713,0.9270312,1.0422269,0.19178323,1.0522245,1.4732012,1.6866274,0.98234946,0.0056982655,0.14031474,0.8768974,0.73607713,1.1712948,0.56217766,0.83831674,0.9826108,0.98479015,1.9420972,0.43939573,1.9300143,0.27569813,0.66841877,2.5463607,0.9073375,0.5065344,0.7523634,0.16278416,0.19168277,0.3034956,0.71765345,1.2482209,0.14688946,0.119256504,0.0429273,0.5776524,0.36962283,0.18379714,2.5341175,1.5571712,1.0351807,0.95361537,0.51446974,0.26256582,2.4329274,0.036126953,1.1313329,0.50285834,0.44565,0.0382108,2.1267467,0.03174103,0.1049088,0.90496993,0.30313376,1.7057457,0.41619518,0.16291744,1.1641631,0.7764403,0.25553408,0.547733,0.18371597,0.2671427,1.464458,0.23779306,0.058630396,0.068026125,0.19803995,1.8926668,0.6959956,1.4550737,1.1237599,1.2473959,0.233258,0.9115754,0.2574895,2.3870096,0.015546137,0.421566,0.43864167,0.35110334,1.5579096,0.59575355,0.6002679,0.4659081,0.9105975,0.56173027,0.5601382,0.6238496,0.090102986,0.1101444,0.067514084,2.036921,0.7611141,0.02095276,0.42766246,0.2108558,0.32139742,0.27361155,0.22555555,0.40131742,0.25788268,0.91023535,0.016088113,0.89491117,3.5832825,2.7921565,0.22128552,0.6739314,0.8269703,0.24677786,1.2645522,1.5366995,1.3208421,1.7126415,2.047591,0.7094137,0.4840695,1.0588948,1.3997335,0.71607184,0.3837937,0.10925251,0.5834791,0.49691728,0.33730716,0.51565915,0.5297165,0.1619102,0.14902714,1.3927182,0.4492643,0.74054956,0.5353911,1.6248776,0.9364788,0.20424573,0.09360568,0.39005068,1.9027137,1.050905,0.88339144,1.0694631,0.58724403,1.833691,0.48138165,0.12111753,1.2558287,0.39987555,0.22324559,0.26439634,0.11097423,1.2015953,0.8190977,1.1220115,1.0346998,0.14861494,1.2170382,0.9029423,1.8388817,3.3561497,0.2799954,0.3532288,0.96389467,1.1597462,1.802667,1.8221029,1.3092287,2.9341514,0.74444276,1.3302108,1.4386251,0.73616725,1.182388,2.4559312,0.28308898,0.014302084,0.4932729,0.36906195,0.04024161,1.2481574,1.1851074,0.2495302,0.010697015,1.0650601,1.3714515,0.6918551,0.5575783,0.025162643,0.11226652,0.5523522,0.08715275,1.9041449,1.2611313,0.03969024,0.8087054,0.95643896,0.5486341,1.2232002,0.6334593,1.0448064,0.77562237,0.45024875,0.15511438,0.96651083,0.8497674,1.5512565,0.35356566,1.8411099,0.16101083,0.041918997,0.5330317,0.7659979,0.27366725,0.043245576,0.099119596,0.25905797,0.5129737,0.3343889,1.3519496,0.78293276,0.46629018,1.396128,0.7292133,0.32484123,0.13253383,0.8591587,0.49588415,1.0727063,0.506333,0.19380912,0.7633153,0.22988315,0.4164348,0.040882982,0.44086638,0.9439128,0.6015104,1.6755524,1.7953608,2.2484157,0.24470434,2.1666834,0.0,1.0835328,2.2166982,3.0532157,0.16098647,0.1644187,1.0007915,0.10962659,0.08967966,1.356188,0.10455436,0.6599937,0.49780935,0.8127925,0.6236527,0.048178263,0.7114815,0.7919335,0.0036157356,0.82792777,1.4460903,0.6842399,0.25287822,0.83399177,0.23049338,0.19855557,0.8181754,0.099975996,0.07779474,0.31285313,1.2035717,0.10077842,0.38815284,3.5974736,0.5979154,0.62463874,1.755679,1.9367661,0.7462975,0.16507724,1.4917699,0.23386835,0.56275034,0.06321341,0.18422556,0.053216636,0.6899634,1.1934367,2.4732676,0.6478025,0.81920826,0.15529734,0.5045093,2.688719,0.502783,0.23206851,0.0860672,0.25720063,0.09179205,2.523703,0.5947618,0.76286036,0.5666901,1.1723115,0.4605086,1.3560019,0.858767,1.3750983,1.0775182,1.8868994,0.64225787,0.2317381,0.7532721,0.5295864,0.08920078,1.0268959,0.38541698,0.298131,1.6586194,0.2129047,0.18725008,0.7556695,1.202327,1.1551752,1.6309154,0.6877491,0.69996136,0.4804491,0.45764172,1.2168512,0.33910555,0.827545,0.14173973,0.4402686,2.560655,0.030685024,0.52917564,0.5456941,0.2949114,1.287178,0.03370375,0.88703644,0.34145242,0.5899298,0.95591253,0.49756446,1.9954616,0.05978498,0.33005026,0.029986694,1.1502941,0.07642286,0.3124617,1.7542392,3.5113425,0.1434506,1.2176931,0.86425,0.8965144,0.33062023,0.08573622,0.21022396,0.5637084,0.102768585,0.34186718,all_pothole_images\pothole_images_2_image_1.jpg
0.55394375,0.5522984,0.32074362,1.2327626,0.0,0.016299447,0.045421813,1.1747507,0.1976832,1.1705886,0.08021733,1.309642,1.1782346,0.90559083,0.0,0.27710512,0.14503708,1.0248626,1.3062321,0.8713405,0.8072465,0.08641022,0.041776832,1.2795097,1.857268,0.07343534,0.40694392,0.0,0.009672447,0.0,0.17585361,0.86088437,0.5083208,0.041542936,2.4232037,2.1026614,0.99591106,0.5699839,0.82990724,0.015733512,0.08777723,0.77080864,0.13606012,0.5949672,0.2530573,0.29912126,0.048223827,0.07039631,0.035718344,0.16182321,1.5776614,1.173974,1.9221166,0.16994365,0.052157488,0.42272884,0.9984081,3.5343354,0.71850276,0.42007297,0.044617023,0.06814656,0.45112982,0.11649579,0.58824897,0.04577438,0.35935363,0.0050284984,0.028581526,0.21288995,0.086832434,0.5929601,0.0,0.31634843,0.0,0.0,1.5557344,0.6591962,0.1024816,0.17878233,0.17595553,0.038302954,1.3471624,1.5344082,0.48584607,0.07131239,0.3816816,0.020340063,0.060629535,0.071969174,0.0,0.37882525,0.21958628,0.5101752,0.06392643,0.8687065,1.5567288,1.4793582,0.27845106,1.1153951,1.0639007,0.46821818,0.4900838,0.038298912,0.15305303,6.1883407,0.77480286,0.2500046,0.73007125,0.15442994,0.47691718,0.25794682,0.23871583,3.9125338,0.11060411,0.060749587,0.57621634,0.17282194,0.68622166,0.23104578,2.1475976,2.108614,0.2953025,0.038581915,2.4092276,0.03764123,0.90828174,0.0,0.5691801,0.059915766,2.943976,0.09367966,0.005818278,0.44352534,0.27946287,1.1380717,1.0460837,0.0,0.50342745,0.010697635,0.21210545,0.03532877,0.4636556,0.39881682,0.0036165987,0.0,0.19825175,0.26974308,0.4415885,0.82897747,0.10014742,0.6662108,0.028679311,0.15775065,1.7406667,0.00992641,1.3523237,0.9278393,0.80506235,0.18634757,1.5648011,0.6710047,0.2212997,3.1817791,0.77381617,0.36328188,0.74570376,0.13614044,0.0,0.5267471,0.16334482,0.6687457,0.78984576,0.0024224932,1.0065362,2.7321372,0.43270436,0.52948135,0.06456053,0.35085577,1.083191,0.26177207,0.06402214,1.2383239,1.0386553,0.28369012,0.23990376,1.3458394,0.0,0.3905874,0.4581527,0.06983453,3.5347028,1.7509071,0.27551028,0.9612232,0.06610426,0.25098217,0.6581539,0.07654535,0.06667501,0.063141085,0.27340612,0.39626878,0.093262225,0.5927102,1.1964866,0.041972514,0.0,0.35361907,0.018002808,0.39954123,0.7769975,0.30209908,0.2311003,0.4099381,0.30527496,0.15795532,0.12004838,0.047476817,2.008388,0.0069519132,0.31944516,0.26545987,0.0,0.05160517,0.23036374,0.01383053,0.14133437,0.29052725,0.034327064,0.41565457,0.550456,0.23009086,0.01950657,0.13046315,1.1607767,0.12259228,0.58108276,2.600483,0.18555415,0.007817091,0.46449688,0.33805797,1.0667894,0.35434115,0.79304206,0.19098431,0.1105218,2.5610528,0.14538196,2.0479689,0.27989566,0.04208697,0.07527512,0.56647825,1.1666489,0.3278028,0.33917964,0.084620826,0.2953607,0.76426166,0.55022633,0.4076826,0.0029302314,0.33088523,2.1629348,0.22065623,1.3160753,0.28304222,0.33405712,0.50172925,0.08756749,0.18889391,0.40101373,0.15714717,1.3085779,0.95309067,2.3718433,0.50262535,2.0595965,0.045605604,1.0678033,0.11124371,0.4142202,0.059664205,1.0721258,0.236976,0.60258275,0.043839153,1.061644,0.35722923,0.0,0.49379843,1.9601188,0.9872879,0.29353893,0.07797869,1.468689,0.73372316,2.8472888,0.081643865,1.6045483,0.1409737,0.077233426,0.3143757,0.14442536,0.013943319,0.0,0.338869,0.005533521,0.0053772633,0.27989995,0.113423206,1.1535249,0.50551397,0.000111979694,0.79878235,1.3709271,0.5320272,1.2416443,0.07273359,1.0644913,0.35477436,0.32430413,0.15349872,0.7155313,0.5550403,0.52967364,0.31985578,0.25321048,0.3112638,1.9766462,0.0,1.5293312,0.30083752,0.03382876,0.04118034,0.0,0.37096524,0.0030814696,1.0778253,0.027277358,1.5641903,0.06336737,0.21681164,0.0015917688,0.23441932,0.17420255,0.49460134,0.95324236,0.043188415,0.0,0.026429147,0.21678959,0.4116419,0.229309,1.6898499,0.0,0.5161514,2.3081527,0.83389205,1.2022237,0.14163192,0.063137695,0.89390826,2.0772755,0.93966675,0.20191664,0.7513537,0.01646349,1.3749872,0.6322863,0.25655472,0.68065876,0.28946164,0.12492826,0.0026957148,0.73309886,1.5210316,0.6151138,0.5747598,0.39695045,0.65718055,0.2832374,0.93779737,1.9497653,1.1767018,0.037462678,0.0136854015,1.2763978,0.24299172,1.732516,0.5081226,0.3571579,0.24768907,0.25849584,1.6462613,2.7805324,1.4283385,0.19915517,2.1699932,0.01097301,0.08030793,1.6956782,0.043862097,0.96439767,0.76877344,0.018971357,0.006035883,0.005394616,0.50277174,1.0920122,0.780201,0.06340847,0.0035474787,0.678556,0.47403216,0.083742976,0.18078831,0.11831803,0.053371165,0.708684,2.672999,0.2296763,0.33264324,0.16884182,0.43450943,0.11440793,1.0362515,0.040249974,0.41659954,0.0062277704,0.7695695,0.0,0.23797882,0.9194989,0.112229444,0.39650148,0.4744486,1.3006933,0.6193424,0.5474785,1.0726446,0.0,0.6991501,0.13617542,0.29788938,0.9540322,0.17247297,1.1384925,2.5046594,0.85871357,0.28177324,0.45718065,0.14058033,0.014827353,0.0029361844,2.1823237,0.20166197,1.1636022,1.1229941,0.5791504,0.17994443,0.6902326,0.7971151,0.32571888,1.4336333,0.19451351,0.0053969063,0.25934216,0.642147,0.18059401,0.17203121,0.008703253,0.025019962,0.74224865,1.0063497,0.96316093,1.6842483,1.0572008,0.08800187,0.38842607,0.49833772,0.7091818,0.9611847,0.39134628,0.09848121,1.881602,0.08417702,0.09852298,0.0065117856,0.13807781,0.3728409,0.13005619,0.0,0.09717375,1.1018295,0.393167,0.18898404,1.2133161,0.83049625,0.076694496,0.59935385,0.017657975,0.55361336,0.24276422,0.25041217,0.0,0.35961393,0.0001882889,0.0006079711,all_pothole_images\pothole_images_2_image_10.jpg
0.27082723,3.1412919,1.9051791,1.2664928,0.6937603,0.6273754,0.27544424,0.6480385,0.20867363,0.98249316,1.0173013,0.18937667,0.54828477,0.06232828,0.050815426,0.16907427,0.6646812,0.11520962,0.853549,0.6981975,0.72463614,3.3269615,0.71693116,3.2459753,0.54689664,1.626206,0.071116835,1.4235432,0.05400914,1.3741022,1.9200461,0.42326993,1.1080613,0.9186938,1.3097245,1.2432805,0.71001285,0.6697399,0.8816324,0.14942907,0.46313646,0.0061444053,0.025261061,0.31453532,1.1445239,0.07485896,0.2893586,0.20934634,0.2431989,0.5155305,1.2748423,0.5661241,1.4664855,0.12845832,0.024266325,1.3111831,1.6580477,0.0075377785,0.24523255,0.44254085,0.0,0.083737954,1.2961779,0.5858092,0.7692941,0.59097946,0.40514314,1.0422839,0.0,0.25629696,0.19035845,0.88942575,1.1594629,0.44849142,1.0187627,1.56695,0.14123665,2.1707401,0.507606,0.57470036,0.2560674,0.36201316,0.113489054,2.8494377,1.368663,0.43746555,0.19488904,0.015870035,4.639915,0.6942752,0.0010892027,0.65302277,0.4440211,0.72808504,0.0064932946,0.37881392,0.39900947,0.81933445,0.5883075,0.3806997,0.34157676,0.6394671,0.40213478,1.362938,0.9408735,0.05065338,0.067398734,0.048952993,0.43360013,0.643862,0.95067906,4.1998963,0.60911393,0.0041801366,0.064601235,1.195081,1.352147,0.22357823,0.04591093,0.8054415,1.5456433,0.75787026,0.6159339,0.6491679,0.8128002,0.9804754,0.57546055,0.020467551,0.8411637,0.84238464,1.7458987,0.046536308,0.34273583,0.035770692,0.041521218,0.6426799,0.60021645,0.25055635,0.7046565,0.20245408,1.4519844,2.039366,0.8285551,1.8638352,0.24735197,0.17962621,0.5504171,0.3017165,0.39218235,0.10188393,1.5946596,0.42805913,1.1612298,0.054575462,2.2735965,0.88896006,0.44298762,1.2888863,0.070455536,0.48135445,0.8207869,0.03116715,0.14182138,1.1442035,0.6085694,0.08766316,0.12108372,0.43328607,0.4896244,0.4236336,0.25100198,0.0,0.83766705,0.051564798,2.0038242,0.3706954,2.0174432,0.0,0.022328379,0.6975226,1.8323255,2.1057885,3.8475134,2.54673,4.7742176,0.9978752,0.18908803,0.05842451,1.1700476,0.51139885,0.44487497,2.9341686,0.13644718,1.7458224,0.2926373,0.6868908,0.5207196,2.9202147,0.35387066,1.4018074,0.38247237,0.064249806,0.016679803,0.07726339,1.4187292,0.764204,0.63845253,0.31680247,1.7771853,1.1144668,0.009208243,0.88067955,2.266651,2.8109455,0.10755933,0.6817539,0.6082221,0.55231994,1.7834179,0.5775533,1.1274345,0.20904522,0.59607285,1.8315005,0.032007933,0.11106561,1.9686341,0.001657783,1.1167396,1.126242,0.111510955,0.052364744,0.6670993,1.3431066,1.2370666,1.0244975,0.50563085,0.37741065,0.15157798,0.07460548,0.48995414,1.0358822,0.83032376,0.11303932,0.0017051011,0.08496346,3.0925772,0.21104847,0.99852407,3.3601186,0.7897214,0.07739554,0.78888726,1.0323888,0.73857504,0.0,1.3100909,0.3632064,0.24829587,1.9630483,0.2634835,0.40441686,0.42539525,0.01142694,0.2358355,1.935422,0.24621895,0.5511913,1.4928143,1.6896006,1.3917542,0.025155723,1.189465,1.1844826,0.5355016,0.6294991,2.2691236,0.3795774,0.13545038,0.8026206,0.10742744,1.1001842,0.28785712,0.45051047,1.7589493,1.2309536,0.5821014,1.2028922,0.76621497,0.059239537,0.23788309,0.55652755,0.14786552,1.5051905,1.2848068,1.749168,1.0040823,0.27699405,0.010101121,1.0571034,0.36350965,0.5900022,0.13651346,0.11068797,2.0916681,0.45031288,0.00072290533,0.8264783,0.97180605,0.047139317,0.20340164,1.0046189,5.980658,1.1452938,0.070154235,0.08918089,0.0078089335,0.037364252,0.7780281,0.46542263,0.8150036,0.3988482,0.51057875,1.7430977,0.6066793,1.0600032,0.62473714,0.9659794,2.2447255,1.2136545,6.5481653,0.06880089,0.77706254,0.82719266,0.67939377,0.56989884,0.3503267,0.4750011,0.32398745,0.21741736,2.6412184,1.913903,0.8361685,0.040753957,0.402189,0.50203496,0.26162896,0.3896595,0.266553,0.3896205,0.12058371,1.2969917,0.56826246,1.1755157,0.65919834,0.19911614,1.0559998,0.027326198,0.8805436,0.9539669,0.14108413,0.04213372,1.1486416,0.99594,0.25565222,0.4716172,1.137308,0.51394695,0.5808617,1.3771318,1.0198696,1.200677,0.89751536,0.01371001,2.4145231,0.8141188,0.07164058,0.27450293,1.1778086,0.6623952,0.9034824,0.11625586,0.3468231,2.5363538,5.8295417,0.623092,1.7258344,2.8140645,0.06557446,3.2835045,1.7988582,3.2809317,0.022427345,0.7810782,0.17179635,1.6237271,1.0373272,1.2811412,0.29974017,0.46833003,1.9656276,1.9943461,0.40664354,0.32833862,0.58137065,0.49414933,0.44460037,0.89030606,0.41167933,1.052337,0.105054095,0.09813151,1.6393598,1.7563549,0.07355338,0.42522857,0.7843633,0.64451534,0.4962888,0.4019369,0.8855096,0.38213554,0.93631643,0.8318982,0.5096403,1.2012451,2.8940485,1.961531,0.5757997,0.14008161,0.16714738,1.3128058,0.5820122,0.17469975,0.89759725,4.6892924,0.94066983,2.0511832,2.4505432,1.0916576,1.539126,0.021664532,0.07694098,0.5049567,0.24945691,0.85388654,0.37719285,0.85924053,0.019242266,2.4761076,0.67360866,0.46626195,2.5062735,0.44042882,0.75745827,2.6330602,0.9980156,0.5977163,0.06083157,0.38358283,1.7139288,0.4608719,0.46990916,0.00028153392,3.1066203,0.071485594,0.06059134,0.080065705,0.065253064,3.2015543,1.5849863,0.16075204,0.8149441,0.2189745,0.38012418,0.23459059,0.5479592,0.5677929,1.9775332,0.3397993,1.0481455,1.8527102,0.73211926,0.7116367,0.0062559783,1.2394724,1.9566832,0.33313096,1.7995415,0.0,0.22711298,0.7072452,0.023039352,0.080816366,0.3673616,0.010295387,0.37724146,0.23984556,0.28890085,0.48194262,0.2737518,5.004723,0.7091192,1.0639259,0.1692746,1.4039627,0.050275277,2.7935812,0.79592085,0.18702087,1.0643474,0.19834,all_pothole_images\pothole_images_2_image_100.jpg
0.09407957,1.2711619,0.018325834,0.96764046,0.064566255,1.5918524,1.4326309,0.39069957,0.6488923,0.11398252,0.36800715,0.71449023,0.32170466,0.06836204,0.4233752,0.31903383,0.22082928,0.82536626,0.43363002,0.019036338,0.06726259,1.9590452,0.01238201,0.099130094,0.84526324,0.6168487,0.530512,2.131708,0.103975676,0.032013774,0.5353432,0.24579118,1.1124959,0.11398666,0.10860618,1.3526434,0.17416169,0.60683495,0.05780878,1.0312344,0.27727845,0.1504664,0.24278377,1.097981,0.26842237,0.24278606,0.12780504,0.13504851,0.6054047,0.2435283,0.17900482,0.025748516,0.19852868,0.19671969,0.45522222,2.0384831,1.4539713,0.9686214,0.65077025,0.0,0.124337606,0.30253848,1.1916648,0.31227866,1.183456,3.5129638,0.20793003,0.101041965,0.784206,0.039930075,0.55703247,0.2398625,0.45597628,0.14924343,1.4138832,0.19835977,0.10036986,0.5425999,0.1397061,0.37842512,0.21334842,0.36988682,0.29105532,0.766463,1.307253,0.3355853,0.3388278,0.25531924,1.4041779,0.25192678,0.010745131,0.17989661,0.15232673,0.56625634,0.27449718,0.057912465,0.12042807,0.26385787,0.91409814,0.55491674,0.011260913,2.3414335,0.38173932,0.42842588,0.41245663,0.090718426,0.6353847,0.15350215,0.056663252,0.26060307,0.021948567,1.0307528,0.7420163,0.07000287,0.0051446077,0.44907334,2.4107254,0.13056761,2.0256824,0.55408436,1.503035,0.21309566,0.13490115,0.332136,0.3439246,0.17553268,0.042431224,1.0339481,1.5908109,0.08941628,0.5396329,0.0,0.13265271,0.25822866,0.08365606,0.26908833,1.556578,1.113355,0.68594515,0.38111764,0.07551568,0.019155426,0.0006584744,0.7219097,0.8779837,1.0371734,0.979427,0.075058505,1.7841793,0.32435918,0.03483505,0.012230514,0.31894207,0.0076386416,1.0168425,0.17627896,0.29345447,0.044609662,0.7725984,1.2381283,0.59728086,0.11300793,0.0041706753,0.99982417,0.06856069,0.43465817,0.7989029,0.4915615,2.7667851,0.021362115,0.1282567,0.03096685,0.021107621,0.39245662,0.44465867,0.001824723,0.1815122,0.13511397,0.72318095,0.70707095,0.09304166,3.4814851,1.8418419,0.061883464,2.676585,0.31742144,0.19457863,1.6346055,0.3060719,0.3366305,0.6880677,0.037609283,0.02861334,1.1888102,0.3654782,0.004437088,0.6281627,0.451849,0.7769256,0.5326526,0.39128327,1.0623415,0.93319106,1.4835827,0.5911314,0.7289981,0.27796075,0.32234472,1.5241578,0.69099534,0.13260122,0.002872837,0.41277632,1.5273061,0.084478945,2.4858398,0.5553233,0.019304054,0.63474196,0.4560134,0.33423108,0.0048402934,0.35658205,0.27731448,0.0,1.2606803,1.6484975,0.029111607,1.2320573,0.6346799,0.062356982,1.3877234,0.6141633,0.0018909673,0.2424026,0.3754129,1.3776639,0.09453384,0.09774654,0.4624361,1.153187,0.036708485,0.21516542,0.26943046,0.21480042,0.11252294,0.43969083,0.23061416,0.2882359,3.028078,5.6715717,0.0028953552,1.0719097,0.0063457135,0.0,0.6782941,0.37352803,0.0,0.21966289,1.4995279,0.24238601,0.9884473,0.15305865,1.0416744,1.1101112,0.63926685,0.51387733,0.8502818,0.34156933,1.5438793,0.016861815,0.09713825,0.027130391,0.042603288,0.4220279,0.31036133,1.1685323,0.057649616,0.6249595,0.33908376,0.98851496,0.26842567,0.011631918,0.165789,0.53243077,0.4196982,1.2351413,0.8505567,1.1795989,0.044730153,0.2656901,0.31682143,0.30356145,1.4679933,0.02970936,0.33515707,0.5324095,2.2274077,1.1039252,0.7546624,0.21347816,0.68193394,0.40229496,0.446593,2.7770605,0.4349749,0.95097476,0.16685669,0.20735346,0.012632095,1.0616101,1.1432486,2.557099,1.7020749,0.22809842,0.72880715,0.07619468,1.3621943,2.8560586,0.45415795,0.5346307,0.044349227,0.057324987,0.19608742,0.10406971,0.366317,0.42973977,0.042794928,0.2971066,0.02015048,3.2424085,0.30605403,0.13268305,0.081831306,0.19359735,0.39538828,0.43593332,0.39554176,0.20287178,1.3338186,0.12042828,0.100204214,3.7258005,0.59311545,1.1895287,0.25833932,0.58280665,0.3099892,1.7942113,0.3173551,0.6741903,0.9876067,1.3889054,0.33672357,0.1579814,0.5033726,0.4685629,1.6458519,0.9252167,0.04482244,0.14225858,0.0,0.23098424,0.051988594,0.08363893,0.06999788,2.5072138,0.17942777,0.30936125,0.0035835109,2.0898829,0.7074794,0.345325,0.25812662,0.35553023,0.074669346,0.0,0.18222332,0.75280106,0.5439209,0.07718116,0.0,0.9351706,0.7397855,2.4377563,2.8303578,1.3151826,0.15969102,0.4705685,0.45024413,0.865404,0.52736336,0.0,0.3579858,0.0071978513,0.016208488,1.0329157,0.0034389854,0.01295633,0.41204637,3.588236,0.0,0.0,0.13811825,1.3675865,0.0,0.19212624,0.55194074,0.005498656,0.1734456,0.19158573,0.07463568,0.6238138,0.045282744,0.045416813,0.34467253,2.305902,0.26652125,0.33221424,0.013424053,1.2549479,0.23630188,0.7596822,1.628746,1.519794,0.06811521,0.22724152,1.217716,1.7975202,0.105052926,0.5888022,0.23804252,0.21413787,0.2633938,0.032742165,1.1193768,0.4839018,2.022558,0.5288427,0.8449504,0.54431355,0.13352625,0.07321635,0.041535474,1.9561372,0.05961283,1.6110235,0.23230664,0.15086329,0.29447713,0.55583036,0.66225916,0.65066344,0.26484525,2.0798993,0.27625084,0.67224675,0.35597754,0.8971243,1.7698061,0.15558794,1.0165855,0.7922898,0.07437252,1.0372963,0.29411733,0.30194053,1.0961593,0.58772415,0.014843619,0.35875514,0.4361147,0.92632663,0.19688901,0.39750353,0.0,0.4746554,1.2842468,0.0031573426,0.29558694,0.3840926,2.1551032,1.3791393,0.11985134,0.18080477,0.38754544,2.230072,0.17312196,0.3404172,0.21166979,0.50393647,0.63374835,0.2730186,0.091849536,0.5841635,1.018951,0.0,0.108993314,0.0,0.22470011,0.16514435,5.003859,2.0691116,0.1447512,0.2924181,2.5591455,0.109451614,0.29360878,1.1565086,1.3219682,0.78988135,0.10937004,all_pothole_images\pothole_images_2_image_101.jpg
0.78215086,1.7587458,0.6452143,1.9129306,0.41510838,0.10074499,0.2931926,0.8031324,0.8448251,0.65835404,1.1178305,1.2998372,0.07175798,3.7032475,0.05034359,1.954674,0.0,1.0532151,0.28652278,0.50991017,1.5719492,0.6069715,0.07469514,0.81525266,0.15673876,1.7712883,2.4738002,2.6403477,0.24569054,1.0546949,0.5402053,0.2070859,1.000397,0.32548696,0.026594583,0.42799458,0.024969561,0.4231725,0.20265254,0.0065035466,1.6171099,0.28364664,0.30193594,2.7102,0.14621216,0.32150453,1.7701869,0.042390335,0.53435856,0.11805437,0.3560612,0.04366775,0.60546315,0.20149548,0.56078464,0.73984694,1.1603961,0.20681414,1.2178842,0.015286562,0.20038314,0.53277487,0.8086389,1.8848699,0.25721416,0.1360595,0.0027542834,1.7704984,0.14968517,0.5431095,0.89910185,1.2074438,1.6749374,0.08908355,0.4261214,0.24920794,0.23652352,0.23777673,0.4432334,0.33345678,1.6414833,2.1725373,0.124246076,0.20255914,0.430607,1.5031509,0.16473268,0.5540363,1.521304,1.6122928,0.031547774,0.15250593,0.1490669,0.5801927,0.19052699,0.32391018,1.4527823,0.078852616,0.5237129,3.3060937,0.17779103,1.0978583,0.041522298,0.43343124,0.8835516,0.44909737,0.30978787,0.5491,1.2500147,0.15815811,0.0058597554,0.26759127,0.13223836,0.38147232,0.11343112,0.075720474,0.7302531,0.41990155,0.51839876,1.3466288,0.68372893,0.3738413,0.6187145,0.66012573,0.0,0.016029293,0.7681547,0.82874906,0.99844587,0.6245845,0.9371745,0.3174209,0.45534274,0.43363068,0.7064998,1.0724657,0.9229319,1.2508776,0.3167185,0.4034986,0.68769205,0.6826759,0.5527407,0.5180688,1.5392715,1.7809433,2.0669534,0.33786955,1.2913227,0.6674086,0.04019363,1.6961071,1.7574728,0.11706481,0.746295,0.10013526,0.104784146,2.152397,1.7120769,1.6046962,0.88323784,0.8825333,0.21498944,3.9519975,1.5860814,1.1851223,1.4569448,0.62675744,1.3567984,0.1060577,1.0333207,0.2409382,0.16347145,2.694463,0.9690019,0.24165618,1.1968144,0.19222796,1.6565328,0.122937456,0.69592243,2.553531,1.9519522,0.90577364,0.5996564,0.9148701,0.07958114,1.997315,0.0012426222,0.5016363,0.12113159,0.5905694,0.17905891,0.9437786,0.575494,0.93436027,0.8789137,2.0887296,0.35547513,0.2436746,0.27917114,1.2421721,2.8655767,0.25428444,0.7957454,0.8437195,0.27770045,1.3338592,0.5488956,0.47252038,0.244723,0.61891276,0.3113042,0.98458815,0.8295771,1.4895947,0.062312357,0.405186,1.6203803,1.5553087,0.3626741,0.117211044,0.5395812,0.5916579,0.11077034,0.6522026,0.85762674,0.45690638,1.809495,0.5077676,0.7309799,0.7356926,0.5836403,0.078400515,0.27078947,1.3581071,1.8860193,3.1419017,0.4534575,0.8536243,0.5239356,0.62065053,0.71663636,0.45040932,0.33305874,0.14910811,0.91501135,0.080534756,0.013076516,0.95087695,1.3138393,0.11286161,0.5657074,0.7287175,0.020878723,4.2369556,0.56049854,0.101872094,2.1564915,0.23010059,2.0306015,1.0247269,0.66589165,0.7463334,0.35187033,0.64730126,1.0515542,0.36389223,1.7543378,2.7851524,0.024569249,0.2043834,0.17871635,0.41064408,0.8488079,0.80877715,2.066257,0.71979475,1.5484766,2.3818634,1.5369966,0.084674336,1.4787704,1.1246085,0.7041944,0.8028321,0.36650634,2.349419,0.27423683,0.14398474,0.45487776,0.9421298,0.30577615,0.43331465,0.30834693,0.02021549,0.6762686,0.5073697,1.2235984,0.27598044,1.2748994,0.4450158,0.42195415,0.9193179,5.519479,0.29740503,0.4945871,1.2290076,0.59760916,0.4264861,0.265354,2.0145395,0.5006749,0.7982296,1.1968333,0.0977357,0.3142954,1.0526654,1.1195974,0.86979,0.4491907,1.739945,0.20508793,0.2477534,0.34517,0.43469974,0.58789015,3.1892104,0.0896383,3.6506321,1.2669644,0.09826395,0.4855094,1.7069246,0.5843691,0.049717855,0.2447595,0.5291827,1.2369957,0.24438797,0.58693504,0.71676075,0.4337171,2.2071166,1.3865423,0.36926207,1.2435241,0.12526876,0.23587023,0.7428274,0.6147739,0.027713403,0.61763185,0.14785297,2.3415968,0.004052123,3.4343653,2.4104242,0.09884386,0.04720776,0.31248102,0.44566473,0.5113854,0.6117304,0.5048359,0.1984257,1.4200811,1.6921318,0.6643853,0.06913282,0.30568734,0.49569684,0.6769733,0.2056232,0.08345776,0.13786282,0.4182461,0.32947528,0.64103925,0.5761211,0.046101704,0.73635405,1.5371299,0.2704847,2.0117779,0.56769776,1.389766,1.4492092,0.5424334,1.4004723,2.9343088,0.78319687,1.318809,1.0575663,0.10090949,0.23122369,0.14942041,0.36480445,0.7964406,2.4750948,0.83357984,0.4694199,0.913674,2.2460642,0.8456707,0.060720243,0.20324,0.44064572,1.8439212,0.09486068,0.4542071,0.2592438,0.769538,0.25677043,0.32391515,0.08372043,1.2317637,0.9921574,0.091282904,0.8863572,0.11348121,0.31325063,2.0429194,1.113329,1.7715456,0.4297578,1.31526,1.4513897,1.7600479,1.6432408,0.55707854,1.2600445,0.15348199,0.25551775,1.9019812,1.0272557,1.646632,0.53568923,1.0997144,1.0211092,1.1037309,1.5224397,0.3872094,0.3309386,0.87021255,0.9383297,0.9891785,0.2270213,1.1167285,0.27211374,0.24793354,0.41876048,0.28320315,0.81529444,0.37019062,0.52940583,2.569509,2.4325187,0.2675494,1.8124537,2.4816308,2.7542899,0.44708166,0.27565703,1.3955424,0.08092829,0.3929276,0.7006503,3.2980134,0.44232985,0.4509278,0.56715685,0.8313404,0.5497849,0.38022628,0.1868768,1.0664799,0.791005,0.06303301,0.054080315,0.5608121,1.8908712,0.9419167,1.0455109,0.0771953,0.48725843,1.9496051,0.073033184,0.25049618,0.4483926,0.899933,0.2720483,0.7528199,1.3021849,0.29543334,0.05524269,0.3935342,0.00572089,0.32371673,1.1013283,0.24519269,0.4676107,1.0446782,0.7170674,1.5378237,0.75328934,0.16823643,0.22370853,0.078254126,1.9028956,0.28259054,0.088627055,all_pothole_images\pothole_images_2_image_102.jpg
1.0316403,0.5633823,0.64496076,3.4747798,2.763075,0.16791229,0.104030326,0.13372602,1.1132828,0.7038663,1.3108718,0.68832564,1.0515465,1.7462769,0.007256785,0.8279551,0.31455958,1.8893031,1.520477,0.30849463,1.5344427,0.3114573,0.33215424,1.5542452,0.90616107,0.022299593,0.3957937,1.2613802,0.12632218,0.51538795,0.11907917,0.018215468,1.0377276,0.5599653,0.25450078,6.047653,0.68629265,0.15706882,1.1995219,0.23740092,0.37659454,1.0743771,0.09210663,1.2355174,0.17760925,1.1339597,0.51311773,0.046756823,1.64354,1.238615,0.9086556,0.7516887,0.04081615,0.49673402,0.68641394,1.8642955,1.7771983,0.36922342,1.1996148,0.124424815,1.1580348,1.8293148,0.5187008,0.5924896,2.2156904,1.2697169,0.0804851,0.6126284,0.22681014,0.5159055,1.0782971,0.1695863,0.18714193,0.93139756,0.24313565,0.19332297,1.156751,1.3588468,1.2684066,0.6414675,0.004670815,0.024834815,0.23495635,2.1882384,0.81641394,0.16124067,0.17254706,0.0050971755,1.7437638,0.78373605,1.2852231,1.0476719,0.51224387,0.8113478,0.2269022,0.5522995,0.8995973,1.7451398,0.75491565,1.0979563,1.4490755,4.4576416,0.8815491,0.11590055,2.9057531,0.007174604,0.5716334,0.15378961,0.5489254,0.9844686,0.87823975,0.1500903,0.17949188,0.21018894,0.39843014,0.8276909,1.4882015,0.72651196,5.069661,0.05231765,0.92607504,0.0447345,0.30989698,0.92324555,1.3025037,0.7775328,0.14166448,0.9729291,1.0231884,0.717963,0.89261395,0.35481507,1.8832179,0.49025244,0.84062064,0.95619345,2.363091,0.6769793,1.4355708,0.3908801,0.5535938,0.9678254,0.24872483,0.06140406,0.9710201,0.5268259,1.9621049,0.30767164,1.6431271,0.7395701,0.5763395,1.1305134,0.6989282,0.7505334,1.3031988,0.33708322,1.6369638,0.79792,1.3657146,0.54190445,0.58255845,0.983693,0.22394869,1.9027518,3.9076989,0.4451434,0.5863236,0.6984834,1.5655646,2.7200286,2.0001347,1.0780656,0.015281205,2.8277369,1.0327938,0.031960696,0.6622257,0.0059355316,0.22830679,0.41738135,0.026790366,1.393483,0.8331731,2.138862,3.1277926,0.4984064,2.478725,2.49669,0.026409129,0.6906039,0.18439089,2.776538,0.48034084,1.0668546,1.2476102,0.79677504,3.117635,1.2314929,2.1693277,0.017162299,0.38845068,0.92821205,0.08969041,0.17091544,1.6068234,0.26796556,0.5984403,0.21694511,2.5303767,0.6280567,0.2845078,0.13338253,2.0849297,0.7349252,3.7100406,0.7386547,0.42722133,0.040374685,1.0528982,0.4433241,1.409108,0.07053629,0.41290924,0.04937756,0.0,0.58834964,0.2415744,0.9802956,4.024307,0.31952685,0.1464921,0.32738534,2.2054567,0.73677415,0.046009716,0.3153951,0.48604932,0.03552656,1.371448,1.8072431,0.094499215,0.18295398,0.44263363,0.38600978,1.1790563,0.015112631,0.14138234,0.47031382,1.1638832,3.9987712,0.54433006,0.085319944,0.20644858,1.1484723,0.40676156,0.12987582,0.27016214,1.6897879,0.2805225,2.0278313,0.7151549,0.69305307,0.80914664,2.2617955,0.7386589,0.36735097,1.115702,0.5988663,1.9373258,0.59301215,0.3022134,0.0045537325,1.738616,0.20533551,0.6765033,0.37535325,0.9113434,0.16449985,1.915271,1.8001043,0.9527812,0.37954828,0.55978835,0.19427735,0.2257294,2.3864684,0.6493844,1.5331992,2.2149382,0.8774957,0.29563242,1.1105593,0.23017412,1.7946976,2.1605394,0.12988779,0.52379227,0.20983496,1.5107142,1.7493327,1.687369,1.1635873,1.3072796,0.42893085,4.4353046,0.040455665,1.3156736,0.046785563,1.4687667,1.4944274,0.88529694,0.3163746,3.0363967,2.9069023,1.0825555,0.57903594,0.10574853,0.7722923,6.2473235,0.37128264,0.9049589,0.39718324,1.7455469,0.38425305,0.2548634,1.4576895,0.2626056,0.017077565,0.078449205,0.09240475,1.3042039,1.0082043,1.000853,1.5789359,0.64969236,0.16970947,1.0776811,0.60284424,1.6593798,0.5075552,0.6287586,0.93206584,2.1467502,1.2474344,0.34183672,0.0709959,0.03458439,0.14433,1.7056986,1.7065147,0.49849123,0.565012,0.028567513,1.8143575,1.2659886,0.9092494,0.63759154,1.829143,2.2364726,1.3247422,0.33044186,1.4478734,1.6494925,1.5320796,0.7570391,0.15684722,0.35886136,0.82415426,0.12419478,1.7561986,0.69210535,0.044296723,1.1225841,0.779321,0.2719578,2.4031763,0.29256624,0.113320485,0.50811726,0.08916665,1.9023266,0.06132158,0.6501275,0.44235295,1.2609881,0.11676961,2.52771,1.2273422,0.18168749,1.0357989,1.2485476,0.021394446,0.15026315,0.09707591,0.024169225,0.4010227,1.4120646,0.5051152,0.24130066,0.48463288,0.36337942,0.867518,0.18919177,0.012396834,2.034427,0.0044658026,0.27869657,0.6995164,0.06179675,0.0,0.13465184,0.12332904,0.2084294,0.63878685,0.41769594,1.2383682,0.8664267,1.6403631,1.333074,0.22858962,1.5762794,3.1056714,0.185634,1.9892575,2.05051,1.2495533,0.5526509,0.63948846,1.0249134,3.2182164,0.55653346,0.16422707,1.1735927,0.10980271,0.43343356,1.54297,0.6721713,0.63774645,0.6628334,0.6781269,2.342469,3.9338696,1.7067189,0.14950792,0.008426153,0.16509593,0.6938274,0.48794156,0.14936729,1.1963686,2.3338118,0.1726734,0.39456597,1.2432978,0.541468,0.1818495,0.120792344,0.42498744,0.067239456,1.8251956,2.0232909,0.3255991,1.1632606,0.0,1.3882359,0.14196873,0.2967985,0.39667445,0.7809134,1.038414,1.4278013,2.523635,0.03771876,1.0995132,0.6668737,0.35652387,4.138941,1.1927286,0.15253505,0.041970685,0.10423285,1.7113507,1.0767121,0.7376173,0.19606656,0.27687952,0.17518337,0.0,2.074727,0.6269067,0.42725578,0.45516688,0.033669747,0.7869014,0.0,0.003447998,0.17324843,0.18927716,0.019018203,0.057167396,2.4846067,3.760734,0.57805276,0.24738,0.22345455,2.5228384,0.59064204,0.6628324,0.9210697,0.1695115,0.15339276,0.27608365,all_pothole_images\pothole_images_2_image_103.jpg
0.48810607,1.0279404,0.9854828,2.44057,2.3971796,0.4532374,0.15378538,0.4129374,0.56878084,1.9447632,0.4742965,0.12067735,0.1776753,2.9268157,0.2720857,0.0526283,0.12324226,0.056227148,1.4918876,0.9204145,1.6537669,1.7094599,0.7110723,0.23946358,3.1486073,1.2355576,0.95360065,3.8894618,0.35279495,0.11079521,0.50793636,0.5662521,2.0031555,0.90742415,0.0016292965,1.006674,0.50984645,0.5085152,0.9505476,0.9106113,0.36491004,0.73381716,1.2224219,0.84984416,0.021981807,0.09352063,0.38078982,0.12583417,0.22528236,0.11084313,0.5691962,1.3811051,0.061880868,0.06760146,0.27696672,0.7376624,4.0741615,0.053443484,0.35089785,0.8017205,0.21563965,0.77508634,0.17628537,0.37430027,1.477975,0.23081833,0.27811486,0.14656135,0.4230703,0.53110456,0.7742918,0.08328574,0.80632454,0.0273362,1.1797742,0.8365279,1.8565447,0.7496058,1.3246924,0.5116535,1.4118637,0.7749225,0.06567634,0.5918532,0.9214809,1.4598014,0.84309906,0.3364756,3.62323,0.52846634,0.29847008,0.8976823,0.48732808,0.6326894,0.5100622,0.35060135,1.3130128,0.1377942,1.7985089,3.5251505,0.0,5.9870114,0.19510148,0.6315843,1.3520103,0.0786835,0.22496977,0.40056154,0.017577855,0.14584461,0.22206223,1.5135597,2.1524012,0.24158663,0.6973478,0.3909521,1.484538,0.42225444,0.06549716,0.44872564,2.0212924,1.3532717,0.21779077,1.7731084,0.38388067,0.031475343,1.0665562,0.8120323,0.73950523,0.65688664,0.50270766,0.24636498,0.47396716,0.66563195,1.1069592,1.0244153,1.1738899,1.8511152,0.399668,1.1864927,0.19525045,1.1847159,0.5726462,0.08540662,0.0046205427,2.6006196,0.4331135,1.1821839,0.6911498,0.19840536,0.8135743,1.1591005,0.09816076,1.3101946,0.7867679,1.2882011,0.8655697,0.22545268,1.0569474,0.37564266,1.3924541,1.1439389,0.101926915,1.651269,0.543905,2.7792838,1.6754727,0.026498925,1.9217837,1.1422784,0.78880155,0.021920172,0.48182032,0.26194775,0.7027352,0.032215856,1.909563,0.011642631,0.17369467,0.10188068,0.52839375,0.8884702,1.640954,1.9339519,2.9823997,0.77552,0.0034303183,1.0409937,0.9621168,0.5517602,1.4538025,0.13618726,0.30326757,2.4886107,0.23442486,0.50024396,1.13692,0.44271025,1.655235,0.19225253,0.29546043,1.5477251,1.1859478,0.4128702,0.13512512,0.39655355,0.00383162,0.53876364,1.2061062,1.0756215,0.37256944,0.441771,2.163891,2.1054666,0.5850153,1.0755779,1.4635284,0.22629751,2.7674117,0.54510576,4.5870867,0.0,0.6213451,1.6874654,0.27300993,0.65291786,1.5780814,1.5579002,0.33839738,0.4029955,0.9759339,2.5355477,1.1435596,1.3803054,0.32829502,0.3520584,3.1673262,0.016001549,0.17217517,0.01609823,0.30204058,0.26864168,2.1831868,0.8158829,0.7312847,0.030724358,0.28961408,0.088268615,0.53907126,4.0198736,1.0933309,0.15332289,0.29275832,1.0490122,0.09624394,0.49322167,0.21129198,0.11066921,0.432293,4.00703,0.78985,0.5750297,1.5349218,0.31042284,0.23299314,1.1536695,0.34051576,0.6556135,1.7418606,0.24599726,0.77227974,0.002283189,0.6001843,0.053473238,0.34653938,0.02855769,2.2156067,1.4091517,0.04783026,0.9816153,0.22419164,1.7711788,0.13126223,2.7941763,0.8686916,2.0192626,1.9062395,1.6483095,1.8806082,0.04947821,0.2824705,0.20425403,1.2209235,1.2168752,0.3094035,0.0,1.9330668,0.33255774,0.0,1.5939128,0.6529991,0.7819108,0.30564252,0.9301478,0.42961076,0.7100313,1.2897629,0.49068007,0.18902227,0.21721251,2.9114716,1.5728604,2.522446,0.8015944,0.43118697,1.5606819,0.49991813,1.184484,0.60906357,1.3288312,0.73225075,0.96916765,0.04566422,0.70773906,0.34354404,0.24300537,0.022465082,0.514833,0.68352,0.57664245,0.3260463,1.4395164,0.0,1.2263345,0.16226636,0.42221287,1.5101146,2.7546737,1.0751696,1.453469,0.48766097,0.87470776,0.9969495,0.23489723,0.38995755,0.13848527,0.2745406,0.3604368,0.30029818,0.12600487,0.56804264,0.76745325,2.6579602,0.52192116,0.083078384,0.42850837,1.1053021,3.4057775,0.77056617,0.4414765,0.13831271,0.003799536,1.0738533,2.7507522,0.0,0.7425213,0.6177861,0.673774,0.78515077,0.6343265,1.9575452,0.35057086,0.08165471,0.10236079,1.0586196,0.14837559,0.019333942,0.5168575,0.09722436,0.29693884,2.227642,0.20896393,0.19274981,1.0651598,1.0803347,0.81578267,2.7435548,0.76629776,1.9623796,1.9494901,1.0076522,1.4731995,0.009731941,0.7148523,0.54795337,0.58146626,2.576634,0.07839698,0.12276606,0.013823774,0.7633948,1.0565376,1.0068297,1.2626178,0.13031772,1.3757436,0.15024397,0.5873423,0.21840155,0.21425994,0.9819664,0.4061299,0.32752284,0.45629516,0.0010436415,0.15504457,1.7102159,0.9457872,1.4434484,0.18589729,2.5867727,1.3869755,2.5009623,1.3930119,3.9038732,0.003908798,2.0216067,1.0536112,1.6112652,1.023551,0.499296,0.12672915,0.95479566,0.89058,0.8262243,3.8341541,0.5312454,0.548799,0.42520574,0.6826257,2.5162673,0.60899425,0.050671753,0.021999003,0.019705711,0.0,0.5067078,1.4802991,1.1594417,1.8071148,0.12819989,0.6957185,0.012915986,0.0076821754,0.59390694,1.6332647,2.2762833,0.0,0.6872045,0.7296636,0.34094727,0.40048715,0.2147411,0.17711973,1.3504715,1.0724258,0.7719196,0.1263264,0.33327815,2.8614128,0.30093458,0.09940698,0.32710865,0.14626834,0.52395374,0.0619591,0.49872112,1.2013925,2.1705487,0.57210314,2.570121,2.8445783,1.66667,0.3044096,0.08526043,0.18068928,1.9241569,0.18209465,0.5354014,0.12503538,0.44308528,2.109723,0.08065839,0.023827946,0.18247834,0.071887895,0.35189423,0.581478,1.310426,0.10130116,0.38164306,3.1210434,1.1253059,0.8410993,1.1525956,0.089793056,0.21713507,2.009223,0.19143595,2.4139006,1.2805903,0.12445426,all_pothole_images\pothole_images_2_image_104.jpg
0.65988845,3.0334468,1.7011399,1.2803246,2.4736347,1.1485312,0.464982,0.88728005,0.40556413,1.1030648,0.19730918,0.45091978,1.0187509,1.6720763,0.5698291,1.3404988,1.8210938,0.5784842,0.21354017,0.94452995,0.68986624,2.5029492,1.0024803,1.1715188,0.199398,0.96010906,0.6628902,1.8803228,0.70808566,0.9922053,1.0636517,0.43354422,0.79252684,0.9161981,0.80285394,0.20162709,1.3969661,0.9714666,0.16153869,0.8881752,0.5018857,0.23228832,0.16124947,1.0636517,1.0063784,0.9028658,0.1931806,0.3414832,1.2412791,0.27037477,1.2468048,0.6041558,2.2561033,2.1572301,0.2260535,0.4601269,0.71118546,0.011291978,1.0153536,0.23771122,0.4883178,0.9360264,1.2251621,0.02754384,0.19514473,0.6496792,1.0134276,0.2512108,1.4069786,0.8316563,0.057245612,0.6382896,1.0125681,0.40706015,0.37781328,1.4778821,1.1695709,0.52540314,0.36341038,0.60357535,1.1678848,0.32187155,0.12128214,0.5908874,0.493043,0.58937675,0.23710705,0.9133716,2.864618,0.7839537,1.3753397,0.2526405,1.0569073,2.4629424,0.15451849,0.019189082,0.8568723,1.3356563,0.6396716,0.7494223,0.7124664,1.5828476,2.1027815,0.0071703843,0.046812747,1.7575599,0.091545515,0.108578846,0.26416585,0.38936195,0.6121048,2.3626795,0.8180263,0.5294108,0.11719362,0.9643595,2.136502,1.1118207,0.2170149,1.5470593,0.9291131,1.0010039,2.743225,1.3050977,0.43601894,0.0,0.2445899,2.6066558,0.682364,0.81131464,1.1785325,0.27916527,1.333133,0.43784398,0.055604067,2.672615,0.45905754,1.2840824,0.8682735,0.84490466,0.9475665,0.114274785,1.157184,1.5650058,2.274039,1.2728897,1.1532416,0.46542668,0.32271057,2.406746,1.2351373,1.8508012,0.33747578,1.0295753,0.8778364,0.03470156,0.16671701,1.1831825,0.39644358,0.5975626,0.7563124,0.35641366,0.12263971,3.8736372,0.015139748,2.1536138,0.24417388,1.8020881,0.55684555,0.2911895,0.937352,0.64903903,1.2689824,0.16629055,1.597823,1.1415635,2.0862527,0.3360071,1.1395551,1.5020839,1.9573076,1.1839138,1.546983,0.7518209,1.5880998,0.38053283,1.2769485,0.38326678,1.2002708,0.35363603,1.8419069,0.8714867,0.2380897,1.7673922,0.8646958,0.57085586,0.8371821,0.80667675,0.09368254,4.690927,0.411638,1.2145935,1.7743515,0.15430255,0.82714546,2.3711314,0.21028721,0.60969454,0.46410182,0.40563467,0.6341372,0.879701,1.86753,1.4224839,1.1049823,0.63314754,1.8699278,0.02117506,1.3183161,0.146434,0.56569904,0.26660976,0.4330452,0.64222467,1.1924171,0.7294211,2.6767254,0.6868648,0.45477045,0.054786272,0.28702205,0.40223104,0.4033338,1.1462978,0.42989382,2.1830142,0.5483517,0.81000125,0.1685947,0.0856282,0.33548295,0.7128036,0.67029446,0.36268106,0.24919543,0.05258134,0.606618,0.6570036,0.98383343,0.31417236,0.8325745,0.12176078,1.3475399,0.34119022,0.31776965,1.2330897,0.288539,1.3633196,2.1417868,0.72457093,1.407337,1.7352109,1.3596596,0.8981657,0.35895514,1.1007305,0.022122426,1.133536,0.43247724,2.6917856,1.2746044,0.073349565,0.029924387,1.2666991,0.5815386,0.2178261,1.0116379,0.9829827,1.2469089,0.7792272,0.023446087,0.9916364,1.164803,0.48912334,2.4799614,0.05740533,0.33848557,1.1810111,1.0141115,0.58683276,0.7486361,1.0732065,0.3257125,0.067071974,0.8316372,1.328044,2.075428,0.69245094,0.6798238,0.06621378,0.08459903,0.2522489,0.48752308,0.80702335,2.6093237,0.87009317,1.1169739,0.79270554,1.9497885,0.15794438,1.3443598,1.4236981,3.2229984,0.13039099,0.94860685,0.4299715,1.090828,0.7610018,0.35278654,0.50031245,0.99946314,0.49090177,0.007848107,0.91963786,1.4636314,1.1705052,0.55151975,1.7072631,0.2830129,0.9769224,1.8629694,0.52522236,0.7386585,0.8147076,2.7206037,1.8555926,0.55043435,0.9010592,1.1130457,0.39470026,2.329667,1.7284876,0.23839802,0.87515646,0.95309687,0.9417552,1.4568936,0.24927898,1.3786896,1.0034657,0.021661425,0.6815031,0.65545225,0.8524786,0.6017995,1.8185141,1.5687125,0.8577559,0.667494,0.4773177,0.07574094,1.3184378,0.18622927,0.9963192,1.8744746,0.738688,0.5869241,1.9490458,0.50697196,0.22763291,1.372572,0.6766786,1.5246928,0.02778224,0.21406212,1.475286,0.67239976,0.25569978,1.2584763,1.9462948,0.39430267,0.9657972,0.7215157,0.3760454,2.4445775,0.48620155,0.4102857,2.8879821,1.9197531,1.5511007,1.6955669,0.7276881,1.3877268,0.48422956,1.635865,0.8662868,0.44797117,0.40784696,1.0893689,0.091941945,2.4911432,1.1539336,0.6815053,0.8559497,0.23648551,0.5956806,1.0432576,0.2324994,0.05491351,0.34435144,0.5978453,0.05086381,0.96740603,0.10385702,0.1412663,0.63413566,0.47605267,0.74358547,0.13297415,0.6905777,0.5289711,0.9724905,0.5346838,0.35592946,0.52811944,1.3399038,0.20142771,3.9194977,0.21635833,1.1026771,0.22633813,0.9360981,0.46779835,1.1863153,0.64277864,2.7520323,2.4173682,1.0271796,0.76370734,1.2369074,1.3168066,1.1268511,0.0,0.36081672,0.18762793,1.7195446,1.6986758,1.2843691,0.7896088,0.7517193,0.11431244,1.5288802,2.3477886,0.8759609,0.44637522,0.26192987,1.2458119,0.26430157,1.0931778,0.7682198,2.0937498,0.69332695,0.6437258,0.7110263,1.3951632,1.1515907,0.4590453,1.2328826,0.89778554,1.8530988,1.6082362,0.8517863,0.42860627,1.5805415,1.0334616,0.010790906,1.5102143,0.19979721,0.29994562,1.0370923,0.71397793,1.6326128,0.12900428,1.457602,0.7292244,0.2633045,1.7299433,0.39563853,0.19959216,0.23622628,2.0423155,0.57429457,0.16464548,0.78877646,0.931572,0.041727964,0.58790106,1.3121185,0.15727356,0.6021748,1.6187199,0.56760865,0.55469376,1.7748965,1.4182677,0.063641265,0.0,1.3639336,0.25255743,1.0933436,0.048897445,0.32566547,all_pothole_images\pothole_images_2_image_105.jpg
0.72583425,1.4925282,1.2638338,0.9169503,1.5538636,0.15746212,1.4103991,0.25492686,1.9777845,0.58043647,0.1686806,0.52282643,0.6046695,1.9973131,0.1644681,0.79239327,0.4527645,0.11377255,0.08823527,1.5254211,0.41712776,0.737884,1.6919576,1.669141,0.6189263,0.28536543,0.21919729,2.0863607,0.116424896,0.13864851,0.5622299,0.1170787,1.4089352,0.51061624,0.5084166,0.39782175,0.56183976,1.5497016,0.10426923,0.04323995,0.9894297,0.45184636,0.40717646,1.5643297,0.60783976,0.49566656,0.25397903,0.613285,0.39658245,0.9676941,2.180185,0.14521472,1.627538,0.3917492,0.5422529,0.96701056,0.60852265,0.005950266,1.1223012,0.29473755,0.53188527,0.047822244,1.4074168,1.4387416,0.7447005,0.20541751,0.8635869,0.58160293,0.023871446,0.38534245,0.095087506,1.0436211,0.22989142,0.05371156,0.46278498,0.115114845,0.71174425,2.1332183,0.37123445,0.36964417,0.2077019,1.5561626,0.5354136,1.8048712,1.34012,1.2683284,1.1697401,0.25840026,1.1941968,0.506449,0.19716977,0.4916614,0.73387957,0.7835636,0.5428374,1.3510027,0.5343358,0.72409695,1.296325,1.1530141,0.23069152,0.73508734,0.862442,0.6611346,0.52357846,0.15287475,0.5753775,0.5994219,0.12141531,0.57323784,0.6013424,0.41689536,0.26337868,0.398718,0.73692435,1.3667704,1.7838877,0.41970557,0.54160243,0.59398556,0.5435393,0.62378645,2.3028045,0.5231786,0.39014602,0.6045058,0.60984206,1.4539418,1.8104569,1.7103208,2.5194802,0.67463946,1.3636924,0.6610331,0.03597722,1.994698,0.13458763,1.0933064,1.2207898,0.7385517,1.139535,0.9334441,0.26659316,3.0043082,0.57712847,0.990223,0.20017567,0.87486076,0.81196696,0.7364166,1.3687758,1.5285482,0.33561832,0.16450077,0.52558273,1.0626042,1.4584712,0.14867724,1.3466316,0.15879513,0.7938218,0.34823912,0.12147577,1.4259456,0.78424025,1.3648549,1.1114028,3.1956973,0.75938195,0.78038,0.62341905,0.08132077,0.34409142,1.7476392,0.559903,0.8304442,1.6472595,1.3803804,0.11700754,0.617132,0.27934453,1.143303,0.7429166,1.5444779,0.6427344,0.45690426,0.6767889,1.6007949,0.41047192,0.2937601,1.3097103,0.20713401,1.230454,1.1732521,0.6213222,0.44792315,2.039925,0.3139327,0.96264976,0.51840657,0.79004085,0.3625663,1.2666049,0.6019816,1.0094713,1.4838836,1.7167368,0.35896626,0.36235753,0.51060534,0.3190065,0.48095495,1.1118108,0.61554587,0.9295237,0.48856992,0.86544955,0.15782395,1.7833986,0.40366265,3.0167053,0.23295183,0.95599073,0.39877713,0.13527742,0.42184058,1.4156271,0.8545242,1.1482276,0.26690513,0.2225803,1.0580627,1.1377211,0.31998548,1.022894,0.5600021,1.5002223,1.1656567,0.35909134,0.712834,0.72202885,0.8120408,0.2654578,0.43567035,0.9265789,0.005216981,1.1133134,0.2236933,1.4253455,1.8764136,1.2798493,0.4270947,0.21544592,1.6049893,0.048056193,0.7123493,0.25513408,0.20069213,0.46137574,2.3030262,1.4274564,3.2489228,1.1501073,0.51683456,0.055538323,0.23524523,0.80817443,0.12426041,2.687172,2.0528636,0.38480002,0.9732814,0.18723266,0.0034464756,0.18038358,0.58439034,0.5778165,1.3314514,3.3938835,0.3835535,0.29232267,0.7832302,0.1431866,0.78660816,1.4207144,1.5948284,0.5180198,2.0123005,2.2993429,0.461851,0.8793707,0.7769611,0.54310006,0.8777836,0.2743811,0.44263038,0.8153819,0.4807666,0.35868865,0.8344368,0.4164462,0.54592997,0.26870152,0.20600519,4.7167954,0.21418394,1.2778478,0.25828925,1.0806121,0.8231939,0.5983181,0.8127516,2.2450337,1.5237651,0.2856897,0.24223031,0.03936343,0.27131996,1.7563905,0.49329546,0.66788465,0.18783729,0.6276953,0.95159566,0.9428081,0.54314655,1.3931636,1.8413175,1.0395924,1.5621772,1.4158429,0.27561733,0.3373291,0.54086894,0.78488207,0.8103417,2.521294,1.0075874,0.23263125,0.0003872775,0.8162501,1.2372264,0.61814076,0.33149108,0.29002437,0.32905227,1.0784612,0.88062495,0.58196014,0.91448224,0.3573796,1.0147868,1.0072044,0.19497243,0.66221654,0.13337979,1.6029437,1.9965873,0.3548939,0.93414676,0.6200307,0.7122753,0.8356707,1.1138053,0.102145985,1.2236149,1.0296012,2.2702365,0.76336503,0.8476335,0.18706024,0.39858225,0.6761626,1.1002078,0.86745715,0.63661855,0.29904392,0.77979285,0.5768979,2.6398575,1.4325708,0.6693614,1.4545504,0.77164894,2.0476317,1.3244401,4.2658463,0.16046768,0.64800096,0.94800895,0.50561,0.27137288,0.5199568,0.89563537,0.32850116,0.8403665,1.6341829,0.5532432,0.6359686,0.4339226,2.4471076,0.079986475,0.6145279,1.6994019,0.82885194,0.21149473,2.2327373,0.19764811,1.2337017,0.8660668,0.7425874,1.0680478,0.036335412,1.2768337,0.3522901,0.019933717,0.57172465,3.0227714,0.35207787,0.8864912,0.4501872,0.76838464,0.44615778,1.3574245,0.25644144,1.537466,0.5718743,4.4195795,0.32467812,0.7651751,0.6037605,0.40081832,0.26339376,0.07189152,0.0,0.5152457,0.9814139,1.2417359,0.077581845,1.7130799,1.7518444,0.42610073,0.4148314,0.5002392,0.57528883,0.64459944,2.62982,0.40413478,0.6768682,1.246116,1.354192,1.0190946,0.9042437,0.6257805,1.3396914,0.31170112,0.7343529,0.94889206,0.6371786,0.21463117,1.245363,1.1014436,1.0427161,0.077897385,0.45837003,0.45276096,0.3233885,0.22887214,0.58256847,1.2232006,1.3601004,0.8287651,0.75685066,1.4111462,0.59223974,0.4295212,0.45891905,1.495003,1.2135516,0.6212169,0.2546405,0.81774104,2.7716053,0.63437945,0.62250423,0.69844866,0.24930227,0.4918339,0.6613768,0.78216505,0.086068854,0.36998114,0.25104198,0.28268775,0.7086243,0.009220831,0.14873755,0.32036778,0.087290935,0.37896997,1.5124452,3.6959589,0.009089892,2.6635787,0.20845549,0.7184255,1.0364149,0.22500871,0.8689489,1.6234876,0.277322,0.061010875,all_pothole_images\pothole_images_2_image_106.jpg
0.29498369,4.477044,0.46316668,1.015671,0.6174385,0.7470734,0.7725296,0.80693424,0.2619483,0.029990992,1.6126626,0.21069908,0.9030539,2.2657318,0.7063416,0.31585208,1.2526141,0.37408057,0.32905984,0.48736063,0.9013986,2.1037157,0.9638785,1.7086254,0.59092814,1.0319129,0.30824575,1.5159513,0.022135228,0.37020952,0.9989015,0.65828407,0.47184843,3.4512353,0.8505278,0.08673367,0.09167232,1.6534395,1.2058707,0.037195925,0.75760436,0.067387275,0.11645276,0.054944124,1.1891872,0.6093411,0.11656164,0.15146978,0.6108467,1.1019711,0.75127566,0.9448286,0.9996672,0.5857387,0.6533064,2.6209753,0.55392164,0.60401285,0.50107753,0.26454365,0.06188415,0.04214495,1.1599147,1.3139378,0.106495194,0.1525469,2.3580687,0.76504225,0.105708756,0.2482565,0.0885729,2.2099183,0.2303232,0.34482676,0.3892383,1.6998037,0.6362891,0.15093055,0.2506384,0.1653113,1.113066,0.37461618,0.081368126,0.7095657,1.2159942,1.1146499,0.6931732,0.9913867,3.4968562,0.60736763,0.334393,0.61752397,0.5897784,2.1265361,1.1702684,0.0,1.1174254,0.5305855,0.4762042,0.9812585,0.67727834,0.033577822,0.4546754,0.28906447,1.0270227,0.32652408,0.5435575,0.6630347,0.24284968,0.5672148,0.50424755,3.960873,0.55661047,1.8175972,0.0,1.8755144,0.75334626,1.2604871,0.3160935,0.8438269,1.5910432,1.7349571,0.50333136,0.42634276,0.59348243,0.35708326,0.3705183,1.0442524,0.1522245,1.3654791,5.1883574,0.06638851,0.025919303,1.0886883,0.91519976,0.2301575,0.9683816,0.29809758,1.8084819,0.023210503,1.0328751,2.472831,1.39315,2.5571725,0.27339152,0.48069835,0.98009735,0.35337073,0.092116445,0.7286181,0.010678277,1.6874589,0.042262245,0.2191238,1.1350718,1.3233374,0.35855472,2.4741862,1.4925939,1.1044139,0.24487078,0.55532086,0.8413026,0.875823,0.06798135,1.6915683,1.6762278,0.23999952,0.9416429,0.06475036,0.75048995,0.6745301,1.4263648,0.6392945,0.4533292,0.2536813,2.1806922,0.5976289,1.3676382,0.2754182,0.62218016,1.0431746,1.4360001,2.5128756,1.547059,0.46797627,0.9278818,1.4530315,2.2159016,0.3034612,1.1677904,4.8691797,0.47451255,1.8878694,0.52730566,1.6289312,0.37046215,0.43141267,0.35315222,0.5805805,0.09260029,0.050772794,1.2810267,1.0451359,0.60969234,0.5739382,0.40312952,0.27879223,1.4119016,0.33010387,0.89205253,0.18877774,1.1960942,1.2451817,1.161357,0.00357427,0.0080782045,0.27619466,1.5290487,0.23171307,0.41310406,0.35968515,1.8064784,0.32852694,0.697155,0.2810296,1.0892671,0.03504754,1.4847134,0.27132472,0.4839979,0.9918667,1.227292,0.6667768,1.2506913,0.105595715,0.9730129,0.5328037,0.58976287,0.75717425,0.6053562,0.1602438,0.4222706,0.2127408,0.25644472,0.614929,0.6290833,0.7409621,0.36572623,2.4137838,1.6552892,0.5779766,0.6088808,0.81450915,0.9221968,0.14476989,1.2357997,1.0921578,0.37857488,1.9717641,0.7472364,2.053482,1.3471396,0.8749889,0.27039465,0.31422952,0.31767902,1.8106275,1.1470407,0.83085686,0.91983676,0.7806704,0.22782609,0.09372311,0.7363981,1.6621323,0.6730366,0.31742164,0.21491067,0.21657518,0.3803284,0.6898327,0.35730138,1.0907582,2.728079,0.876844,0.5787283,1.7707266,1.2446469,0.024367709,0.3215069,0.4901829,0.0,1.456395,0.9794414,0.510451,1.2217832,0.4992015,0.3675738,0.14419785,0.21015564,0.14373553,0.18067496,0.018357111,2.0057662,0.32536322,0.12282127,0.6348094,1.2014961,0.17811453,0.090598166,0.8001092,3.3257394,1.6486633,0.11899271,0.067763835,0.5234606,0.8514337,1.1460828,0.3051454,0.8470614,0.19590011,1.1232574,1.6365509,0.07135425,0.3769003,0.8090568,1.8153763,1.2271967,0.71145505,2.7914722,1.255628,0.5559629,0.31908014,0.60022134,1.3503836,1.3173143,0.7868086,0.52810824,0.35812128,3.0682569,1.9842429,1.5873022,0.47758782,1.0193765,0.46188638,0.33091727,0.97414815,0.70968914,0.3100848,0.01590659,0.044925533,0.20631175,0.51909995,1.0156639,0.19401775,0.89622384,0.11668998,1.5177746,0.3543958,0.11916078,0.19004764,0.9587743,1.1053628,0.072503194,0.007754583,1.733948,1.410967,0.3655428,0.7465979,0.9866649,1.8073285,4.89386,0.1040516,1.0726303,1.308908,0.013677312,0.06405097,1.1386594,1.0742826,0.9713588,0.6021877,0.0362467,2.1253622,3.3823822,0.35871384,3.4404876,2.1392608,1.120978,1.8744992,1.3340695,0.572779,0.0048860796,0.3358063,1.4009287,0.63485545,0.06805271,1.4608129,2.3033748,0.87905616,1.6654159,0.576681,0.32541883,0.34510374,0.65076023,2.3451521,1.0540078,0.6511888,0.29407927,0.66421396,0.49853414,0.34901434,0.74761695,2.5356522,0.11153967,0.5953612,0.111586355,0.5974136,0.09811094,0.0,0.56731385,0.92583805,0.74149346,2.326734,0.25004607,1.4198726,0.85628945,2.6387472,0.4293607,0.5140324,0.38807347,0.9953451,1.3153275,0.71127117,0.5184809,2.0965953,0.369111,0.030511104,0.49809498,0.49248022,1.5108485,0.504348,0.0044833426,0.25743973,0.015114385,1.6674589,1.3642772,1.3266516,0.1973965,0.4512145,0.3411118,2.061214,1.2559719,1.5591527,0.73502403,0.84876204,1.9297645,0.8340737,0.87934035,0.14515692,2.705159,2.2547276,1.3037035,0.7668185,0.48109627,1.2542261,0.74050176,0.0,0.8968909,0.5639704,0.306883,1.0714616,0.296375,0.3890639,1.4986335,0.42708042,0.37670967,0.23328403,1.8788612,0.2281252,0.29664916,1.9036558,0.06645698,1.0131041,0.36933503,1.004996,0.97314173,0.073124215,0.6651522,0.13530451,0.81662196,2.443229,0.037165735,0.04225397,0.2779223,0.06417368,0.2852979,1.660706,0.3201601,0.54695433,1.2105572,0.3910888,0.641089,0.6593148,0.30535713,0.5106309,0.7837856,1.3676015,0.70801467,0.44955406,0.61819416,0.6837713,all_pothole_images\pothole_images_2_image_107.jpg
1.2527647,0.35740408,0.18319131,1.790716,0.23596537,1.2397242,0.62526774,0.050645515,0.74490637,0.69857013,0.39300615,0.11987213,0.17156646,2.409743,0.37101123,0.003919754,0.23748381,0.69741225,2.073518,0.025424903,0.8561409,3.7569823,0.4694645,1.1060183,0.75283784,1.1319035,0.22334857,1.8293519,0.28845266,0.6268311,0.66310704,0.3246068,0.60967785,0.70036006,1.4706584,1.081998,0.93275994,1.0346191,1.2167647,0.105872855,0.17973094,0.056716543,0.48794022,0.22081232,1.082274,1.1049899,0.39196917,0.13638978,1.0016266,1.9560082,1.5987343,0.37767607,0.7214341,0.23241024,0.27063802,2.1456122,0.7205824,0.8692787,0.59922385,0.47015885,1.4691458,0.6254416,0.85409653,0.42212301,0.93350434,2.118884,2.06474,0.13974474,0.71314454,1.1772567,0.83758074,0.8210854,0.51168627,0.750894,0.5337697,0.72379124,0.34580123,0.1837686,0.37673172,0.041672852,0.41960004,0.012338588,0.0493392,1.03415,0.38655752,0.08211631,0.0,0.44038647,1.9287043,0.29978415,1.3442363,0.7494415,0.45094725,0.6537646,0.20842434,0.41114542,1.4582222,2.1113617,0.414643,0.5627298,0.4409396,2.5388513,0.54816955,1.5807843,0.34277108,0.7742747,0.65051454,0.14017862,0.6110925,0.27462417,0.031164888,1.4279265,0.42054895,0.82968116,0.7810898,0.5451089,0.755535,1.0531293,1.3673189,1.1574444,1.0651224,1.4422644,0.82157946,1.3655815,0.043663695,0.6855081,0.8669676,0.88845253,1.0598817,3.5670767,0.82683676,0.013478424,0.40552512,0.35572058,0.25613782,0.2973795,0.42999473,0.68326163,0.9501061,0.15306868,1.1235051,0.7233791,0.19661252,1.9659314,0.5674541,1.0918019,1.1898522,0.17302361,0.049814515,0.6884416,0.0394105,0.74470854,0.008928542,0.0,2.0676062,1.3346502,0.875241,0.69264,0.22939697,1.657238,2.8633585,0.22179951,0.15084682,3.0505326,0.54730785,0.10154769,0.32885683,0.22624712,1.2978507,1.585084,1.1048913,0.07447988,0.11446948,0.89271,0.47050405,1.0717256,0.62372977,0.0,0.073860236,0.23902094,0.17661548,3.1819706,0.6475105,0.39136994,1.0068331,0.9984268,0.03171205,0.29569632,1.1166052,0.454243,0.53465855,1.1005116,1.8637779,1.4033648,0.091566175,0.9655192,0.5692988,0.5416728,1.0198109,0.5762099,0.57127416,1.4249932,1.1696947,0.8900243,2.4021578,0.7815715,0.6936306,1.1997795,0.36740765,0.25659972,0.20332146,0.065664,1.2028098,0.4493768,0.610073,0.71856165,1.4154868,1.3355893,0.238359,0.8688479,0.9812257,0.33091587,2.4410768,0.7649536,0.1614911,0.6280335,0.55084795,0.4919309,1.1190995,0.5486212,0.14943881,1.3333014,0.15247484,1.3666903,1.5674338,0.040857535,0.8716856,0.81599754,0.109788805,0.20960778,0.28773674,0.30798724,0.43977478,0.14547254,0.2250988,0.6888589,0.405244,0.31397527,1.2386055,5.9310327,3.0941908,0.023781363,0.30135852,0.61984044,0.04086189,1.2108647,1.4291147,0.29790273,0.4406363,2.0878446,1.0800889,0.42224196,2.1047022,0.3843818,0.6395648,0.74331117,0.14933534,0.67868215,0.21733026,0.29832208,0.89874697,1.1118346,0.18237355,0.22467117,0.7637276,0.5516537,0.9953037,0.23642859,0.57876176,0.3165362,0.8278499,0.01620879,0.19609785,0.47206676,0.9708245,0.54381967,1.3466052,0.57606936,1.8655268,0.25188762,0.08211225,0.44922286,0.048528235,1.5919435,1.3531483,0.0,1.7150027,0.88388556,0.21352568,2.6546228,1.3036852,0.74014294,0.27938327,0.52154243,1.310932,0.35205314,0.31837022,0.3314072,0.032043733,0.2504977,2.4825287,0.3213538,2.0759048,1.0300974,0.8178061,0.11037124,0.048817623,1.1650459,1.5078412,0.7118261,0.6810239,0.0,0.68613744,0.5853419,1.185259,1.2625251,0.5437325,0.2893841,1.5622982,0.043580394,0.91925657,0.7608405,0.91510147,0.09145053,0.8456681,1.779524,0.34000713,0.33145234,1.1468488,1.1132023,0.2487685,0.34865317,1.7310555,0.03622672,0.67274845,1.5469193,0.0365692,0.22036232,0.36898857,1.291447,1.0720273,0.15700163,0.22134618,1.9395962,0.21067,0.8050533,1.4816278,1.1939458,0.7290277,0.8305631,0.9850487,0.040458508,0.24118887,0.16054288,0.154897,0.0,2.8513212,0.65509826,1.0971028,0.77608657,2.1161187,1.0055763,0.88756716,0.8040004,0.49564874,0.3155038,0.12332476,0.06899218,1.6403321,1.2299426,0.643974,0.22996889,1.2566329,1.6054786,2.5573518,1.6985402,1.3744155,0.44183153,0.5067988,3.4458323,2.591996,0.7728849,0.16355743,1.0566512,0.067673534,0.71586716,1.0747037,0.7319728,0.29515392,0.05582318,2.7863517,1.2791445,0.28175008,0.07543811,0.85888237,0.042556714,1.3534256,0.17194703,0.6518868,0.7288737,1.1829641,0.38013548,1.402979,0.45471218,0.24656989,0.46012565,0.28533795,1.3231981,0.45015708,1.1820037,1.9936016,0.38162118,0.35531518,2.282998,1.4171854,0.91091245,2.2807841,0.42529652,1.5183055,1.5100123,0.10674926,0.4121685,0.57824296,2.7255208,0.7724216,2.84727,0.45964134,3.8615296,1.4160041,0.009598852,0.9583449,0.0,0.96000046,0.7049389,0.7741969,0.069728896,0.5641372,0.37822497,1.3288316,1.7424409,0.12144103,0.38897315,1.1760093,2.154241,0.5995726,0.93655294,0.16937593,0.23034637,0.9792018,0.8914511,2.0222116,0.920087,0.64586437,0.2756542,0.33713314,1.0632899,0.0081559,0.11383035,0.08985195,1.3140956,0.60964894,0.4188397,0.0,0.57753986,0.44037074,0.059634198,0.45783487,0.9106562,3.1865277,0.0110109495,0.6641088,2.2473297,0.38144708,1.4737722,1.1077392,0.018989082,0.56514114,0.04233723,1.4214988,0.005318841,0.84319735,0.42833734,0.03782861,1.0311843,0.41977364,0.075546004,0.95267314,0.1839304,0.86947227,0.29042935,0.06909342,3.9988394,0.3911259,0.0074287774,0.36394987,0.054877188,0.12137977,0.972421,1.3668708,1.3067408,0.59471714,0.09735949,all_pothole_images\pothole_images_2_image_108.jpg
0.88094264,2.7302346,1.6807971,3.3832421,0.6248506,0.5135191,0.9079512,0.6566671,0.38007116,0.49013177,0.86196125,0.71005154,0.00713799,1.9342357,0.15473914,0.36715394,1.0271988,0.49539605,2.2477698,0.4064279,1.1286911,2.0916,0.045233645,0.5008535,0.79050595,0.11318035,0.24785446,1.7776008,0.11584003,0.8680932,0.5305221,0.30639413,0.055132795,1.2685512,0.49077168,1.3935612,1.257359,0.75917387,1.0676404,2.1067035,0.27648455,0.035196494,0.24273542,1.1965317,1.3447334,0.23075438,0.036955107,0.69398355,0.1128454,2.8037083,0.11791303,0.25618196,0.62006897,0.36505818,0.09378164,2.2277887,0.51749426,0.42366797,0.63881326,0.043089867,0.14967951,0.42471236,0.109630264,0.06409751,0.22593766,2.1399012,1.5685593,0.5735298,0.35446587,0.43516603,1.0058706,0.5799423,0.048444565,0.28344536,0.77623886,1.033368,0.40842935,2.3636415,0.72662455,0.11522145,0.33576405,0.19938818,0.33531022,1.153312,2.9225993,0.1461909,0.017626442,0.14872709,3.6850748,1.39201,0.036572464,0.09028061,0.88968897,0.06441654,0.36649245,0.5006163,1.9088119,2.4378266,0.19307047,0.5452181,0.5123013,2.4554772,0.97513074,1.7957877,1.2466297,0.021648109,0.22289507,0.3369035,0.42691618,0.3933279,0.0067163426,3.4649267,0.52697366,0.69073004,0.7992851,0.07086119,0.45530078,0.012721032,2.730778,1.1987607,1.2781378,0.5272423,0.15924186,1.8679053,0.32001573,1.8253751,0.72173077,2.1285012,1.1857136,0.86289304,0.017854454,0.0068679233,0.4051797,0.42471287,0.08357461,3.1531527,0.3540025,1.2827687,0.36469603,0.5108429,0.49153703,0.042971052,0.12041043,0.79730356,0.10024201,1.267064,0.0,2.9192061,0.70240587,0.8897111,1.3941568,1.2168661,0.14196633,0.50272036,1.6898134,1.1045188,0.40265685,0.42101598,1.0471414,0.14094862,1.108903,2.6774976,0.19129394,1.92467,0.4734781,0.29820505,0.6307075,0.057695277,2.1793048,1.7360967,0.94480675,0.006413323,0.09417632,0.17680062,1.0935948,0.40177652,0.44510588,0.52899426,0.46516424,0.4633476,0.8487654,1.3921475,1.0463706,3.5091777,0.65169847,0.5691884,0.44276822,1.1957724,1.8315426,1.0512152,0.04766625,1.121781,0.112001434,0.71710074,0.6235103,0.7059747,1.7463615,2.0766597,1.8249553,1.760934,0.5536939,1.0526408,0.3180954,0.4603545,0.62931097,0.029272143,0.5975218,0.07546142,0.7987684,0.47407043,0.14808878,0.0,2.0100763,2.4069471,1.924454,3.1889467,1.6496841,0.55355704,0.5746859,0.3389413,0.3755586,0.5582322,0.2990413,2.6689808,0.08985269,0.025219202,1.5957516,0.2928596,0.19380665,0.2937674,0.047496185,0.0678968,1.7374631,1.0370502,0.39750683,0.6267148,1.6215135,0.6288538,0.5782547,0.9243753,0.27327716,1.0224026,0.89214754,0.078128465,1.1530446,0.060228627,1.0315001,0.6084039,1.1816797,4.7361937,2.1518354,0.60727537,0.5472157,1.234091,0.23593633,0.7332716,0.89477444,0.9497876,0.5770808,3.5624402,0.25503772,0.08692586,1.3376552,0.53681636,0.11109238,0.39160988,1.4453747,0.4002859,1.7423428,0.11477629,0.8269634,0.18462126,0.9257923,0.638743,2.8399456,1.0156584,0.29870826,0.038507413,0.4158301,1.492231,1.4482703,0.61452335,1.331563,0.7009667,0.96872956,0.74184734,1.4464413,0.87173945,2.3455033,0.33493766,0.15790796,2.303092,0.06311117,1.6178461,1.2146858,0.4820228,0.0937774,0.7396503,1.0312905,0.95973206,0.9243368,0.48280448,0.23184404,1.0041462,5.9771757,0.16347818,0.6797541,0.346348,1.9155322,0.2221414,1.580889,1.4290779,3.2143657,1.1719524,0.08811646,1.7681531,0.6354708,2.1793547,1.4147727,0.041913167,1.8038398,0.017103806,0.53886807,0.7527441,0.25532633,1.2190027,0.7213404,0.11378668,0.970276,0.48996803,1.9039412,0.5120235,2.0693374,0.7786577,0.8451383,0.051408183,2.6428416,1.5216687,0.39805746,1.1292458,2.8928957,1.03973,0.7158374,1.1697733,1.8685352,0.297233,0.8881013,0.33335036,0.27810767,0.51770586,0.07451874,1.3573625,0.72826916,0.1620852,0.4172547,2.2059653,0.34503135,0.38312766,3.1337726,0.82651687,0.0023161538,0.3686522,0.74526507,0.840557,0.352054,0.98317474,1.6036285,0.0057051065,0.11638223,0.7228903,0.06282557,1.946186,1.1927037,0.2094695,0.6907634,0.48712763,0.8309126,0.16483873,0.8793934,0.65091676,1.4361385,1.030527,1.4212093,0.009806041,2.9582188,1.171144,0.6897904,0.7795306,0.036491238,3.579462,2.8946962,0.6045176,0.38832694,0.5746696,0.11963649,0.05922779,1.4710678,0.63222843,0.078204855,0.17943779,0.27750623,0.34354338,1.5332856,0.70087636,1.4249024,0.04925547,0.45617333,0.20445614,0.12252914,0.13975322,0.503958,0.31148615,0.07501266,1.0113872,0.018466981,0.30464426,1.3162907,0.9174973,1.0818,0.841531,2.6512668,2.7401247,2.4757042,3.7591162,1.9785305,1.1871568,2.5453389,0.99794877,0.015244303,1.392807,0.61185086,0.29870763,1.2772485,0.10747672,0.5857202,4.966073,1.3788129,0.3895358,1.913648,0.84185493,0.71952987,0.9671237,0.7317331,0.10022837,0.080569066,0.05256148,2.0318475,0.6525421,0.6061277,1.2888445,1.8308471,0.72697765,2.3320708,1.7844645,1.7486837,2.0344944,0.65709734,0.67914987,0.55505854,1.7926704,2.3381937,0.3794589,1.1499319,0.098916635,0.53338987,0.8956717,1.3163035,0.30107707,0.38403293,0.58210665,0.84254706,0.52912545,0.2353552,0.9091082,2.320256,0.09043977,0.40872753,1.4202969,1.6956285,0.4942882,1.1619185,2.1646588,1.2985959,0.632762,0.27578303,0.4876863,1.3740107,0.57522714,2.6181517,0.25990415,0.6100194,2.8945947,0.06854866,0.0072050164,0.0008118088,0.0016265389,0.23488523,0.41348577,0.8853498,0.38155815,0.19525315,5.2347436,0.3738432,1.2604424,0.54410803,0.39812133,2.424091,1.1900736,0.09694096,1.9712073,0.19256474,0.9070956,all_pothole_images\pothole_images_2_image_109.jpg
0.68974185,1.266539,0.5896921,2.0758677,0.7158367,1.0477264,1.7220476,0.005173201,0.7806446,1.5165046,0.38799328,0.9698743,0.040204734,0.86970127,0.009504386,2.0647938,0.08522616,0.07714166,3.209841,0.1647702,0.42216942,1.819193,2.202894,1.5162284,0.7988031,1.1362399,0.006605356,2.6014369,0.095691524,1.2304337,0.32098362,0.2753116,0.8492454,0.456072,0.5394872,1.5906231,0.96509314,0.9144058,1.9028562,0.40540674,0.19879489,0.85725594,0.055957366,1.5808393,0.19594118,1.415857,0.46203235,0.3237796,0.88577425,0.32463562,1.0130866,0.8383986,0.20829801,0.12136934,0.053752445,1.924129,0.9515246,0.31367284,1.4683098,0.38513234,0.5237612,0.36265418,0.754646,0.016711144,1.6359615,1.6837816,1.6850756,0.43829042,0.81370264,0.8638756,0.670908,0.11697879,0.0,0.63350374,0.680416,1.994064,0.33613828,0.027722862,0.010558633,2.2589638,0.22230417,0.6116685,0.5322966,1.0381874,1.2871822,0.6449315,0.06791531,0.5134417,1.7637973,1.8945695,0.9894001,2.7174554,0.0,0.14621851,0.45584297,0.250185,1.9201101,1.3943009,0.97614527,0.34855387,0.059922297,0.74963224,0.26418415,0.35675696,2.1461349,0.63293356,0.22755148,0.96242803,1.6684606,1.6334213,0.027420934,2.3343654,0.38364422,0.29775912,0.84458137,0.2731155,0.80814767,0.6310973,0.17486115,0.48806706,2.7578056,1.2135179,0.15446664,0.8087865,0.21662836,0.25360474,0.48645273,0.16627581,0.14348567,0.23841277,0.19105245,0.68997014,0.97302026,0.46843344,0.1342182,0.23487714,0.20205848,1.6928093,0.5588304,0.49824968,0.3515354,0.2015533,0.3491651,1.5872467,0.23150216,0.38209793,0.57051677,0.30030155,0.64304835,0.62950325,0.7021063,0.0,0.035420526,0.57036185,2.5884318,1.3048594,0.9111057,0.5084608,0.66629446,1.0271939,1.2349825,0.09218139,0.2004235,2.629167,3.0806828,0.1352718,0.2310161,0.15099372,1.4514664,0.97328323,0.45730364,0.32411852,0.087696366,0.12781101,1.2425015,0.09479008,0.0078052143,0.0,0.7956735,0.13215299,0.059161916,2.240291,1.2857355,1.1638572,1.2591391,1.1510069,2.6898005,0.97316664,0.4891776,2.392752,0.3577256,0.0,0.13269728,1.967039,1.4660386,0.008305613,1.2272619,2.459982,0.4521907,0.83251256,0.39295378,2.347661,0.8304906,0.15289164,0.27811754,0.4052985,1.0457648,0.3136555,1.036809,0.039301727,0.0036595967,0.7193088,2.119885,0.6908319,1.7410133,0.8298489,0.58359456,0.011777875,0.668418,0.2691081,0.4398724,0.26246998,0.7807929,1.4907756,0.3273192,0.797618,2.1525924,0.2365167,0.29223645,0.41834024,0.34011415,2.1452405,0.4219712,0.41351813,1.8223602,0.29580167,1.7008648,0.023147639,0.26138514,1.6643633,0.30921343,0.34796402,0.008861896,0.27462074,1.2981278,0.1199192,1.105373,0.054480333,1.4452577,3.1068757,2.329207,0.012914416,0.38520214,0.55483425,0.20426528,0.48203906,1.9869308,1.3511901,1.0468166,0.92448354,0.15580688,0.029270649,0.605475,2.611426,0.067549095,1.3096967,0.36266825,0.9399026,0.9575137,0.08920862,0.024848076,0.30648807,0.011320708,0.36099547,1.0931021,1.2820573,0.8671039,0.4801127,0.10562806,0.68585193,0.018050097,1.7987438,0.38389772,0.1506175,0.36703292,0.38800314,1.650703,1.1292924,1.1214081,0.001640869,0.4497162,0.3179525,0.08854711,2.0533645,0.27711678,0.44726703,0.6781194,0.6886092,0.35605848,0.27676743,0.14645882,0.9412392,0.77762955,0.920532,2.8625014,0.32865384,0.39979908,0.97283477,0.09720907,1.4665961,0.53356004,0.64233196,2.5493956,1.0186632,0.42166176,0.92400795,0.45748132,0.66226184,2.55581,0.39512113,2.0499363,0.29805467,0.07628272,0.20435695,0.9663503,0.3866985,0.5215445,0.20799017,0.79926556,0.28865713,1.9892606,0.23871462,0.25729275,0.034623176,0.46704182,0.12310422,1.4233565,0.21017201,0.018647833,0.1888214,0.9926575,0.66077393,1.2403325,0.5969961,0.09012557,1.0574094,0.44777963,0.4117467,0.004910314,1.3526616,0.6324763,0.39513537,1.5585837,0.8198245,0.0010456023,0.35724223,1.3544943,2.833813,0.9670531,0.49273083,1.5546292,0.4411461,1.7659729,0.06825577,0.22088856,0.62260723,1.5600532,0.051952034,0.42925254,0.1396023,3.0570912,1.3217165,0.33906445,0.16575141,1.9958183,0.1399209,0.052782543,1.4405518,0.789594,0.41197398,1.7211843,0.0038457476,1.3367932,0.6752074,2.486097,1.793042,2.3954234,0.009558304,0.7028321,2.3536832,2.6705945,0.63794506,0.15755446,0.6994335,0.60889274,0.30548888,1.6616781,1.2717474,1.3459753,0.0074917413,5.7474737,1.4174919,0.22391577,0.7263954,0.87335336,0.007034699,1.112636,1.7077098,0.008957968,0.039861653,0.12672718,0.7289963,1.5153387,0.6974566,0.23438959,0.361133,0.7920032,0.6014715,0.6456639,0.32230738,0.5002151,0.13821909,2.4559367,1.1061932,1.4140444,0.5172999,0.36026636,0.40812925,1.2528462,0.38538158,0.6049216,2.0412912,0.37043366,2.7753377,0.4761683,3.881791,1.5193309,0.7938027,1.0232178,0.5201787,0.49021912,0.43504587,0.48756403,0.25319415,1.3563523,0.024070853,0.80885404,0.52985275,0.31534138,0.64384085,1.1483675,0.45483717,1.0532577,1.0096242,1.6304044,4.268572,0.8867506,0.5492573,0.3118813,1.035505,0.23088141,0.98569924,2.3714316,0.20359722,0.2962118,1.3269908,0.040874198,0.15430047,0.44514948,0.887025,1.8891157,0.20276855,0.06276354,0.5535552,1.1359392,0.798643,0.82852536,1.8338919,0.8956051,0.5724616,0.8020211,3.4146945,1.5339606,0.17071675,0.0415761,0.2757223,2.1773827,0.9890406,0.77442855,0.108229384,1.1650093,0.7107684,0.76034176,0.12686688,0.1958561,0.2144043,0.89200884,0.12365916,0.33734637,0.6330266,0.9641149,3.849214,0.6761986,0.7997477,0.9286504,1.7436554,0.28245118,1.2369306,0.8598596,0.8935822,0.33747166,0.09695645,all_pothole_images\pothole_images_2_image_11.jpg
1.4581454,2.0614974,0.51267886,1.4889858,1.8911463,0.4233244,1.0737658,0.45884773,0.1686223,0.22613513,1.1478521,0.9438183,0.04906897,2.6058552,1.4923576,0.43087673,0.5679149,0.7145426,2.23418,0.6741333,1.8080469,1.0856752,1.306423,1.0610961,2.1168716,0.3605073,0.5184606,0.99943584,0.39245299,0.1342583,1.2254227,0.19774649,0.5515737,0.61378413,0.13656564,2.5847163,0.3136969,4.2056465,0.8162676,0.51933247,0.77086204,0.2708011,0.40023988,0.7779662,0.20970367,0.9050566,0.11612201,0.9165332,0.42340133,0.111018136,0.41314977,2.909019,1.0277666,1.0532429,0.06854883,0.8334759,0.27659637,0.28797093,1.8169186,0.017630963,0.44002283,1.2540275,0.39133453,0.6030674,0.6751572,0.9912936,0.62598646,0.5271579,0.43723089,0.6824722,0.7507844,0.020096032,0.45087355,0.6065844,0.10579831,1.5883214,0.8189908,1.2268921,0.0,0.12493577,1.236113,0.15240303,0.5222178,1.003117,1.6822357,0.29812557,0.8023132,0.3178375,2.3398407,0.72891504,0.1341334,0.31299862,0.46026865,0.7945475,0.33302274,0.5548694,2.5738494,0.7898573,0.68873024,2.189346,0.08061609,2.3759017,0.97609276,1.3005413,0.5250438,0.011953093,0.7236337,0.90237767,0.033916492,0.8390646,0.27104202,1.297881,1.6352472,0.76163054,1.9944323,1.2746981,0.5492766,0.8170011,0.64019233,0.5497461,1.1565905,0.9647792,0.19070838,3.39917,1.6078112,0.12173383,0.5971495,0.3423803,0.05178897,0.9254143,1.0405082,0.3288354,0.6005616,0.7676804,0.46248516,1.9830441,0.5732616,0.95308226,2.3297648,0.37487575,0.9916157,0.916294,1.0177106,2.1250603,0.36681902,0.6750899,0.8518273,0.80409783,0.8259047,0.079700164,1.5798165,0.01505145,0.0,1.4633873,1.3302187,0.5215024,1.2036326,0.26596296,1.6229392,1.1534278,1.6184268,5.644747,0.33845946,0.83866537,0.52118236,0.7882253,0.8759857,1.2533426,1.7398567,1.2067746,0.6434079,0.36763793,1.5100515,0.6264166,0.50369185,0.45595464,0.9650149,0.55256146,0.19177368,0.05360071,0.33902004,0.34055343,0.23568313,3.1943066,0.46679807,0.97543323,0.40366736,0.82644,1.6662077,0.904303,1.8001232,0.5094334,0.011433207,0.2770476,1.0464959,0.394727,1.361294,0.47669023,1.5426513,0.8419002,0.17725623,2.1119409,0.5655383,0.0,0.15357296,0.3481035,0.76426744,0.07980811,1.7971244,0.3526701,0.15207297,0.34757885,0.80353534,0.65228194,1.7897633,1.0159702,1.1849241,0.033184215,0.3757478,0.48670527,2.0052128,0.062224075,0.77039707,0.23090003,0.14223379,0.25749233,0.48726633,0.6588449,0.5522415,0.7713692,0.33705255,0.727606,0.4877479,0.9591362,0.41221866,0.2917354,1.3560507,0.16149753,0.5017683,0.3541977,1.547571,0.5312645,0.23844254,0.054133844,1.2032685,0.89480424,0.68278855,0.32342166,2.345277,2.7888813,0.8950745,0.009329216,0.15090325,0.78527915,0.2736,0.60603315,1.2801642,1.0025752,0.78553647,3.7908194,1.2717403,1.627266,0.75927323,1.5057683,0.17585497,0.20857966,2.682135,0.88076746,1.4347978,0.6753591,0.93415254,0.13450676,0.77367187,1.173711,1.3950943,0.7405541,0.18722896,0.8645152,0.8227287,1.0574194,1.1375346,0.33680382,3.461208,1.640198,0.7178953,1.2261235,0.5354061,0.7474,0.3741827,0.027922321,0.3807593,0.8577118,0.64599305,0.88386345,0.7946406,0.26670158,0.9845426,0.30087253,0.29860282,3.4506555,0.65679914,1.7038534,0.045647714,0.28490195,0.25938618,0.7636865,0.2166952,0.6724173,1.0049188,0.24440491,0.8156881,0.8583527,0.9801209,3.4274814,0.6477421,0.626156,0.6000751,2.8281875,0.76440537,0.8418275,1.6883281,0.15811476,1.2074258,0.6171931,0.09139747,0.59233415,0.92215246,0.22373359,1.2244408,1.1634476,0.4849499,1.5286369,0.20074351,0.2352716,0.38665327,1.8307166,2.2541068,2.515157,0.312487,0.8119331,0.41668192,0.780147,0.44084427,2.293076,0.4542193,0.0436115,0.16488768,0.3695675,0.5369082,0.2558861,0.8689983,1.6264465,0.35072836,0.14994262,0.25184694,0.8304967,0.63199013,0.85680515,1.838794,0.86928433,2.5477183,0.552708,1.0702684,1.8798882,0.021130223,0.4333313,0.650256,0.25829878,0.68136466,1.2063646,0.49526843,0.6505362,0.84564114,1.3623083,0.25240362,1.2011276,0.8040492,0.5046125,0.40290374,1.9651856,2.609531,0.41180387,0.8586189,0.25117448,0.43298724,0.66181135,2.0779397,0.4196804,0.79638517,1.0974249,1.3537419,0.6337063,0.09875744,1.4865606,0.57420594,0.3601916,1.7069525,0.39572462,0.60330874,0.50505,0.31913668,0.0909402,0.7037543,1.0100405,0.9905564,0.19994952,0.5874472,1.19274,1.7404757,0.05992567,1.0534126,0.86898583,0.10255639,1.0073532,0.42502853,0.48760644,0.43416876,1.9280524,0.7742076,0.7480666,3.5756922,1.0696185,3.9789839,1.7395455,2.5571816,1.4820461,1.2164698,1.048916,0.98576444,0.825496,0.276221,0.06237385,0.5330887,0.9316878,1.3852154,1.472521,0.49823684,0.5412206,0.83336747,0.34440136,1.155618,1.1058229,0.056533374,0.541128,0.17181645,0.3653351,3.216765,0.099927396,0.78526914,1.4019024,2.4523492,0.77309585,1.0676031,0.3922783,0.59520924,0.38902703,1.2494105,0.05995409,0.09365358,0.17226271,0.75320077,0.17299475,0.1039485,0.3044345,0.6118765,1.8658658,0.19491999,0.45216936,0.42934525,0.39890227,0.29156265,0.854035,0.2707985,1.2456311,1.2638663,0.2791674,0.7220048,0.3556503,0.77657634,1.3065182,2.5497854,0.84270805,0.37848485,1.1200862,0.16332494,1.2829732,0.47146574,1.7098258,0.6483028,0.2568887,0.52945083,3.9856246,1.1301833,0.600421,0.022309093,0.38730308,0.65560925,0.66223454,0.016686104,0.28610483,3.3017824,1.0880497,0.16857809,1.2611668,1.0586661,0.60252947,2.7264714,0.33528435,0.26131937,0.79183817,0.21747552,1.075283,all_pothole_images\pothole_images_2_image_110.jpg
0.08170887,0.24192207,0.6561667,2.4085011,1.2730776,0.13349433,0.23803854,0.2596211,0.10741763,2.474314,0.073879436,0.21595936,0.30735853,1.5927032,0.14300014,0.13798633,0.022496743,0.2672182,1.1707453,1.5611379,0.06430465,1.1472408,0.36589494,1.989917,2.3723617,0.37034497,1.4516387,1.398167,0.5484615,0.5601341,1.1456535,0.036067944,1.4432683,1.3116256,0.21506189,0.7259147,0.5018736,0.9614794,1.6458431,0.43904716,0.19051291,0.37265223,0.54340386,0.111176215,0.8990953,0.14224587,0.16732378,0.16775844,0.9023291,0.22596343,0.10888944,1.2751555,0.63122874,0.37156346,0.09327792,0.13761202,2.1103528,0.45072174,0.36127692,0.89242196,0.28844425,0.8781329,0.36730793,0.3052073,1.1598457,1.7956427,0.070592254,0.050940443,2.1463635,0.2544756,0.74545723,0.2572849,0.4455982,0.1180366,0.67805684,0.56609374,0.024108736,0.6029382,0.32698405,0.105158776,0.0,0.7335764,0.2538344,1.7606009,0.4935793,0.13853358,0.44323534,0.4844487,2.0701685,0.31892812,0.92669487,0.08698932,0.027209539,0.9057321,0.8915561,0.0,0.8045167,0.17840342,0.009682235,0.8439898,0.0572684,2.8696406,0.7150759,0.9730827,2.1510901,0.257223,0.38805008,0.2594039,0.5302522,0.39001197,0.18975507,0.9589049,1.2595085,0.4951151,1.3969893,0.14153096,0.35428682,0.21032639,1.0599657,0.044977617,2.5025284,0.9243444,0.35833624,0.45377198,1.1399887,0.3007048,0.076840416,0.10526734,0.65507025,0.47306824,0.93066543,0.0,0.122236334,0.031234069,0.016158529,0.44210738,0.06562665,0.61322993,0.2846503,0.2809624,0.8035297,5.213192,0.6848045,0.22502607,0.39413318,0.6376298,0.065842986,0.39233005,1.4467638,0.14236453,0.22807938,0.22532026,0.14230919,0.5539652,2.0226126,0.42756462,0.20310423,0.58856916,1.2230582,0.2697263,1.2207285,1.4518875,0.8409805,1.6995481,1.5114894,0.07373737,0.51098233,0.01093756,0.86566675,1.745282,0.49494573,0.011664447,0.005237003,0.12599082,1.2218999,0.59460574,0.08274336,0.0,0.2300502,0.17020619,0.04241227,0.34303185,1.4519659,3.1814635,1.9449561,1.3326039,0.021246487,0.108520575,0.3076934,1.4524496,0.431033,2.4855325,0.00070885976,3.5250428,0.40101972,0.61735624,0.036045503,1.1329664,0.5149025,0.75798625,1.3687148,0.3453376,0.31196287,0.21619017,0.0,0.21719675,0.19341135,0.08055298,2.870808,0.79059726,0.018562198,0.14842333,0.5333755,0.76226526,1.7705482,0.85911345,0.36384046,0.20767601,0.86732495,0.6473816,1.7733365,1.5148306,0.52931756,0.7614972,0.033755247,0.00059888535,1.5900614,0.08633025,1.1250862,0.08930331,1.0064771,0.17835945,0.8564607,0.82539016,0.88026196,0.122469276,0.86890626,0.003509364,0.2235715,0.24914321,0.018650476,0.21283267,0.94873923,0.9659266,0.29313505,0.04573834,0.8945803,0.12759665,0.9934396,4.883319,1.3666348,0.033772044,0.10656751,0.22465616,0.29579446,0.38071504,0.41651464,0.41177446,0.59749556,2.4527392,0.23079558,0.44744155,0.24475136,0.6757198,0.13546005,1.6101828,0.21587524,0.5111997,0.99452114,0.013129203,0.6860878,0.0018058943,0.4592982,0.030161755,0.3193517,0.5314988,0.3236561,1.459517,0.36345065,0.43800586,0.19334567,0.04371104,1.0457512,1.73794,0.6468005,1.3752686,0.6260853,0.3874679,0.21176706,0.38608354,0.0,0.66895026,0.016770577,1.27226,1.1541089,0.66026694,1.6655034,0.10673531,0.053717073,4.14692,0.38610497,0.4971175,0.04720254,0.0,1.4063393,0.24178988,0.5669936,0.45811754,0.54307127,0.1475695,0.9546931,1.6480166,1.8616039,2.14581,0.6111713,0.39910635,0.024444949,1.0883763,2.3819554,0.75113654,1.411961,1.0578501,0.86712426,0.52795255,1.7009329,0.45085716,0.9952747,0.04935294,1.0833703,0.23392011,1.4727525,0.038581092,0.2755246,0.30180132,0.5296127,0.08542157,1.6780252,0.11340963,0.36667266,0.8253647,1.0457834,0.19131882,1.8613701,1.9579813,1.6614778,0.06512411,0.3625354,1.0358179,0.4872568,0.59229237,0.31644708,0.11177889,0.59266233,0.80737233,0.054411363,0.025811374,0.0807119,2.1832192,0.8515111,0.27685603,0.52080697,0.14623778,0.79849875,1.0438291,0.0044451565,1.075941,1.1556317,0.62281597,0.3598459,1.7714722,0.52884823,0.36850116,0.329481,0.21894687,0.5751475,0.7450591,0.7614957,0.5669984,0.12462121,1.0803927,0.713503,0.8150093,0.17746852,0.4309199,2.130829,0.13159567,1.0628961,0.65123236,3.449132e-05,1.8024958,0.12576082,3.112783,0.61912155,1.4398041,0.041028667,1.3923073,3.1197739,1.9075053,0.67742234,0.086844325,0.13121925,1.5047258,0.0,0.16686681,0.06550764,0.71513355,0.31740093,0.6095274,0.33701277,0.03035326,0.0,0.4539794,0.13572407,0.46660557,0.07414985,0.06345459,1.8988062,0.25961375,1.2855238,0.047637448,0.8752623,0.5584422,0.87248117,2.5550497,1.6641703,0.5379851,1.6690676,0.29283288,0.2664976,1.7694362,0.007515711,0.56918895,0.04492118,0.55824083,0.23656046,2.230665,0.7293738,0.69298404,1.5002829,0.21864682,0.76435167,0.10151245,0.17684253,0.045537617,0.23243786,0.0,0.40806618,0.42426175,0.25213417,1.0247741,1.0770179,0.1722404,1.0344878,0.02496614,0.8362841,1.8078672,0.27448875,0.0,0.04607072,0.7476581,1.1492321,0.0053550964,0.49583948,0.4126811,0.4379985,1.1546496,0.30499458,0.3446719,0.056266185,1.2073572,0.7116577,1.529446,0.06812997,0.033083383,0.5633182,0.3944355,0.7193825,1.8492519,0.98071975,0.122768275,2.7784336,1.4184412,1.950857,1.5377188,0.43243146,0.7950767,0.57964635,0.061344866,0.00025050054,0.005540017,0.2313347,2.0658112,0.5191535,0.06609279,0.030374892,0.013972618,1.9780463,0.29909027,0.76501167,0.20853281,0.17031612,2.7832308,1.3254929,0.11066845,0.068912596,1.6172544,0.65964365,1.0371956,0.2140608,0.62110054,0.63916343,0.1815142,all_pothole_images\pothole_images_2_image_111.jpg
0.00035820535,1.5392431,0.16510049,2.9474368,2.553207,0.10473226,1.5432817,0.23773037,0.5224545,1.1009506,0.018940503,0.2805622,0.005730025,1.3979548,0.037659645,0.24852747,0.4820154,0.8614642,0.84155285,0.57432365,0.6312153,0.7848956,0.030792492,1.3302742,1.2603657,0.058862004,0.16736642,1.8433286,0.16245891,0.7358271,0.7452704,0.0,1.486391,0.7848544,0.3493852,0.74242836,0.06492395,0.5734681,0.03329071,0.9702726,0.2569192,0.08947492,0.19167121,0.57720923,1.1461948,0.0,0.46883133,0.0,0.8721019,1.5135006,0.040878586,0.5131529,0.36441946,0.07672571,0.108235456,0.8293457,3.11373,0.4395785,0.52117723,0.8063775,0.45891526,0.39493027,0.7557463,0.33564663,0.46095455,4.0143747,0.6613655,0.19855896,0.14628355,0.4634957,0.42712706,0.114258744,0.12896378,0.15557966,1.2592984,0.5203694,0.22250144,0.83575726,0.0048502493,0.19729143,0.0021416445,0.55263215,0.24676935,1.6779253,0.5828466,0.20108359,0.036591105,0.26654947,2.515032,0.2032603,0.08065093,1.1257566,0.17702052,0.073968284,0.71069753,0.38376212,0.57967424,0.4700772,0.7601845,0.32237333,0.23442307,4.2733703,1.5059841,0.013137727,1.5610236,0.0,0.5269412,0.04522445,0.097929485,0.20435283,0.34483445,1.8599604,0.41666442,0.21863146,1.0822029,0.808488,0.4835832,0.24452575,3.6709228,0.35166106,1.0872387,0.69447947,0.25882575,1.2853057,0.8249384,0.28187796,0.6731185,0.6689659,0.62389106,0.7366283,0.9416652,0.058770917,0.4494385,0.7301178,1.1326559,1.5786299,0.017868776,0.6675243,1.1934893,0.14579388,1.2859545,3.392862,0.21344396,0.86817473,0.397127,0.44018966,0.056361802,0.07374889,0.5970669,0.11325968,0.28463688,0.09158008,0.18484154,0.28967685,2.0668216,0.14094286,0.09061568,0.09543468,0.19413878,0.6937757,2.4399943,2.5081341,0.5103096,1.5583613,1.2872045,0.50363433,1.2905232,0.2868495,3.0142975,0.9524519,0.75997955,0.0,0.046688385,0.39660722,0.3511125,0.04382401,0.689527,0.22679782,0.31630594,0.21708153,0.004834524,1.5807598,1.6408299,2.0701258,2.2740889,0.50566643,1.0556556,0.012202408,0.48203754,1.8272184,0.6507947,1.688922,0.059443425,2.5072947,0.3151478,0.4043113,1.8244812,1.3392859,0.0,0.9712817,0.18910731,0.18348792,0.23531091,1.1441456,0.054933332,0.10008008,0.34938064,0.051871862,1.1752665,1.3407689,0.0074036326,0.0031325025,0.80078036,1.1508548,2.3095722,2.057947,0.2145393,0.7032163,2.2236836,0.59397936,0.19281949,0.36111194,0.18303823,1.0711682,0.0,0.08500525,1.0186117,0.048307847,1.0252178,0.2381608,0.48761502,0.006632337,1.5137558,0.14825901,0.88584226,0.11022447,0.7267512,0.010676703,0.44270027,0.39803952,0.4517666,0.20125717,0.6656631,0.22795627,0.02859905,0.0,2.1191278,0.59017855,0.6459046,4.6491046,3.09305,0.50157267,0.7446763,0.12944038,0.2878891,0.2840101,1.1302437,0.47796434,0.6939325,2.9740214,0.09858135,0.4680045,0.41024095,0.41265553,0.06783683,0.863605,0.3613376,0.17598027,2.0247762,0.42238823,0.7056749,0.0,0.42257425,0.29319918,0.6227759,1.1464803,0.19808851,0.89554393,0.35737494,0.39330277,0.24561045,0.30897483,0.07656286,0.50848794,1.0390942,1.5822545,0.8662326,0.295073,2.037751,0.035296828,0.015168744,0.4533731,0.6511667,1.7874432,0.24997695,0.20798473,0.12503375,1.3828791,0.2803791,1.2011678,0.30957344,0.7111894,0.14070256,0.024298334,3.9266906,0.06377757,0.8332533,0.47185662,1.1061285,0.47758374,0.117694035,1.4540331,2.629217,3.0002446,0.13367912,0.92643815,0.0029396028,0.17084716,4.00839,0.14359206,0.2799324,0.07550438,0.009960871,0.8042006,1.8013847,0.2887812,0.3368661,0.0186741,0.3022547,0.127223,3.0073237,0.21315792,0.2862372,0.08443219,0.036053583,0.4267462,2.4451323,0.055340536,0.483845,0.38444307,0.56656784,0.77539426,3.1944113,0.93764824,1.8264716,0.09121518,0.1631234,0.0,0.39511323,0.07910862,0.81959486,0.37194216,0.3178011,0.7688924,0.11836028,0.07900757,0.0,0.84737736,2.2019193,1.2868749,0.0,0.0590218,0.7717092,0.58551633,0.008599629,0.2828992,1.6569315,0.7929164,0.079568304,2.2395272,0.59356636,0.020840209,0.41616598,0.3583242,0.11648097,1.106098,0.40242362,0.10814801,0.12009427,2.1655958,0.45240667,0.17226663,0.20570254,1.3269714,3.0403097,1.2820375,2.0521815,0.17788608,0.0,0.46517667,0.57681865,1.5071126,0.06421268,0.6073461,0.0077798213,0.10714135,1.1089332,0.39546826,0.68699425,0.1441847,0.101762325,0.35366088,0.20384477,0.52642757,0.029973874,0.07233696,0.39491716,0.938974,0.22916524,0.005852694,0.1489439,0.6930855,0.051936664,0.94396055,0.19158125,0.088855475,2.6781554,0.3095696,1.1408169,0.085967705,2.022377,2.2368948,0.7158893,2.2707825,2.174863,0.7029076,1.8015932,0.57821167,0.72268003,1.889612,0.22921854,0.14835016,0.07156933,0.11740783,0.39354146,1.808133,0.7329028,1.1128848,0.6265821,0.62886083,0.19879176,0.8744864,0.32524428,0.0028970013,0.028773297,0.20873585,0.85091335,0.44112337,0.08915514,1.0901536,2.3574748,0.33221802,0.16526467,0.1284318,2.2032928,1.2835649,0.6369859,0.29424056,0.8174648,1.458492,1.4454355,0.50919735,0.25983226,0.23621687,0.39556387,0.16874689,0.3274942,0.004880168,0.44358972,2.6995692,0.76815957,2.0986514,0.10370745,0.14370283,1.1231587,1.1616094,0.4144962,1.7533861,0.63639766,0.0030674338,1.9826046,1.3839731,1.3270639,0.3764443,0.01425656,0.87111115,2.1179302,0.12194592,1.3287364,0.0,0.053609233,2.328825,0.22274567,0.058114897,0.2189503,0.012120793,0.8130461,0.30406624,0.055213664,0.019860953,0.30677018,4.5042624,1.539878,0.12983228,0.84148437,1.8510885,0.13184361,0.7902642,0.14745475,0.81685084,1.1385577,0.46132192,all_pothole_images\pothole_images_2_image_112.jpg
0.3885882,0.69660014,0.224001,2.9100091,1.6319371,0.54851025,1.3651272,0.23787786,0.06927355,0.39413458,0.037005533,0.100214735,1.6016691,1.9483587,0.12098972,0.24007061,0.15438928,0.74100226,0.6596812,0.057846118,0.5775178,2.102375,0.8278069,0.3173855,0.50719655,0.3595852,0.82485557,0.46657243,1.531235,0.9494195,0.6208263,1.1790402,0.6002985,0.2303487,0.17823468,2.0444329,0.43991414,0.1522945,0.30325165,0.4556383,0.42128155,0.1539332,0.2871745,0.30547488,0.4006951,0.24573518,0.55249596,0.06838423,1.2439237,0.5687421,1.6212968,0.7292199,0.5925679,0.8828667,0.28067484,1.9804333,2.7966502,0.11842723,0.5883991,1.2238904,0.9871281,0.6186756,0.57425016,0.45584118,0.66099906,0.87532604,0.09867458,0.6255924,0.014295564,0.91776234,0.0025092594,0.08370744,0.07381054,0.4976785,0.6109423,0.7057537,0.47381037,0.5307658,0.5134274,0.59851044,0.1402177,0.33059064,0.90868455,1.6618311,0.75193596,0.7613056,1.0721918,0.07109734,2.0302541,0.15763956,0.21524754,1.0645479,0.081414,0.06196291,0.7398022,0.20820497,0.01889272,0.8572294,0.21874714,1.3580627,0.90911084,2.8874593,1.0656133,0.75648147,1.6617777,0.07919575,0.57270485,0.096775986,0.2715137,0.81085,0.89008284,2.6690624,1.40028,0.16362283,0.71254855,2.0331507,0.7406462,0.7270539,3.9525356,1.1497275,0.12335438,0.6904926,0.7123841,0.53391147,0.21870063,1.8505933,0.0,0.1997994,0.24139585,0.08874153,1.5128505,0.54991996,0.47583804,0.4719611,0.21044505,1.5305192,0.594429,0.046956077,0.98262596,0.5216378,0.60840744,1.7317449,0.36182177,1.9037493,0.26829582,0.4568046,0.012786402,0.7195504,0.7812419,0.24907738,0.28336933,0.5845143,0.76560336,0.20298198,1.1626897,0.8865056,0.38834628,1.5034615,1.4016658,0.48130298,0.5855376,0.7223404,0.4390279,1.3457428,0.93613994,1.7718982,0.62877816,0.33201614,1.8934566,0.09638154,1.3536825,0.3044263,0.19428405,1.8812059,0.60759556,0.5988079,1.4946342,0.5140457,0.6266148,0.18979858,0.09550361,1.4364766,1.6756859,0.34802634,1.1579951,0.067588195,1.5167502,1.3594637,0.30351853,1.0877482,0.6240847,0.7657243,0.0,1.163414,0.34499246,0.0475245,1.1398605,0.88905036,0.5421031,0.57871574,0.026616616,1.0017893,0.23204593,0.3603145,0.879222,0.97214544,0.18491898,0.109193034,0.93761206,0.93417513,0.6175241,0.32941148,2.420537,2.3154502,1.1967713,0.96939427,1.139569,1.3382927,1.4233171,0.10233657,1.8543566,0.0,0.7255778,1.763919,0.11626343,0.34310025,1.3755088,0.6356814,1.7609228,0.00073520886,0.009468276,0.81700426,1.0992477,0.62485814,0.9832863,0.13704464,2.023184,0.22054832,0.41330758,0.42929107,0.80250496,0.16555634,0.35894564,0.0,0.021259507,0.4387167,0.77603596,1.2762413,1.0739623,5.2436895,1.8698064,0.47557613,0.7314571,0.85824835,0.21437518,1.3323436,0.97707874,0.20190293,1.2651206,4.0494995,0.1729198,0.94469947,0.6503113,1.1974047,0.87193257,0.23249471,0.5116246,0.027524488,1.406387,1.0852462,1.3112503,0.06727856,0.15334916,0.121701375,1.784273,0.9935984,0.15141687,1.0741538,1.2370247,0.049724996,1.245242,1.2052268,0.24237718,0.6502086,0.429985,0.8180321,1.3935792,0.8552766,2.413148,1.7808822,0.3077306,1.3288227,0.11363825,1.0177218,0.55179477,0.32668075,0.55827737,1.2137716,0.10362628,1.0740983,0.032835364,0.43684545,0.12052828,0.5775993,4.320625,1.1589761,0.87628376,0.14362727,1.0501552,0.5765169,1.6662568,1.2981939,2.5281126,1.7616471,1.3366634,0.36725673,0.03884291,0.58189434,4.9351277,0.3705747,0.3540475,0.93332237,0.1264719,1.292256,0.40028223,1.1263391,1.2004386,1.0139759,0.102193035,0.8432494,1.4619137,0.93396795,0.59360707,0.42819127,0.20979087,0.28849828,1.9230053,1.4169581,1.2501943,0.76954633,0.36928526,0.8199097,0.806974,0.36408514,1.0503429,0.29036298,0.06343445,0.040193122,0.37002105,0.5378715,0.7193147,0.28194213,0.19468883,0.62200516,0.5714219,0.46576533,0.5578159,0.4852575,2.3246303,0.6083568,0.47654638,0.3616034,1.2614999,0.6389683,0.09356117,0.9629742,1.8561976,1.0225997,0.19803876,0.74771124,1.0275819,0.14723665,1.8231417,0.75112665,0.6922391,0.61509794,0.101892315,0.13082126,1.4678154,0.27924973,1.5893184,0.021545162,0.22743486,1.105636,2.6201975,0.13627772,2.62175,0.47148788,0.42064214,0.6947119,0.046356663,2.0437157,0.4675768,0.3904713,0.6564502,0.16823713,0.2935085,0.043335713,0.72359633,0.52608705,0.48242334,0.069484346,0.53520304,0.45655385,0.41490218,0.15892817,0.13745558,0.364776,0.65201336,0.29081395,0.3155088,0.6806357,0.1430663,0.11455985,0.36970383,0.13230272,0.90116286,0.58445966,0.39647603,0.49786943,2.1892016,0.77324444,0.56200445,1.8500948,2.410616,1.9247648,1.0677642,0.6646144,0.9271325,0.5212313,0.8081738,0.76830316,1.1154952,0.09835762,0.0076653464,1.1403464,1.3146843,1.1855648,1.3143872,1.4627126,0.99581736,0.7912928,0.24589656,0.031507663,0.11806935,0.85738915,0.8908224,0.71105766,0.15170865,0.41298196,1.5768541,0.05356933,0.31826922,0.3185895,1.9251144,1.3258473,1.6146265,0.020958358,0.56940484,0.70437753,1.9602566,0.108155996,0.93833035,0.24825379,1.5037122,0.3586234,0.034829155,0.8207311,0.14729792,0.98407245,0.544695,1.3663943,0.26425448,0.4775663,0.807332,0.81279486,0.542552,0.4802672,1.0944277,0.34836107,0.3074055,1.8132719,2.2938824,1.2013499,0.022045335,0.94162166,2.1387303,0.16635379,0.92722726,0.4190643,0.8797036,1.1682847,0.11428224,0.071806185,0.71361464,0.24979493,0.46517235,0.51101005,0.4909825,0.3206327,0.8929428,3.2437637,0.9035601,0.7455891,0.55824083,0.47434717,0.11119726,1.5240606,0.23538591,0.18648873,1.5251566,0.89434826,all_pothole_images\pothole_images_2_image_113.jpg
2.6201298,2.1756926,1.0960822,1.5973468,0.37645215,0.12865677,0.41443056,0.41930506,0.99515456,0.11509607,0.92610335,1.7509193,0.3950976,1.5440097,0.062480725,0.62831163,0.24941854,0.5781821,0.5454721,1.1575935,0.56608963,0.0807693,0.7498057,1.2780945,0.07787138,0.20054305,0.2598454,0.9343324,0.009184866,0.9792094,2.0596786,1.1892152,1.0214604,2.400105,0.12558301,0.049950607,0.31435806,0.48041168,1.9982972,0.15381208,0.07867355,0.5577302,0.25432208,0.19125865,1.9234451,0.97150373,2.168335,0.11781412,0.15585513,0.22479795,0.15524405,0.09263512,1.4815338,0.1836146,0.7817525,1.9164222,0.8966615,2.2443662,1.6837971,0.20169531,0.26630127,0.77234906,0.5349259,0.40615615,0.9687105,0.27522486,0.16394138,1.4689049,3.5989482,0.11956765,1.6418961,1.787327,0.1001464,0.70278764,0.09068716,0.18263544,0.103951916,0.08626927,0.732283,1.7432332,0.03295183,1.9360964,0.6690156,0.5564202,0.83559704,1.0601836,0.15399128,0.1805853,0.4519566,0.7727466,0.15751904,1.7640244,0.29221827,1.9788672,1.1731541,0.3145421,2.6045809,0.05134883,0.46344638,0.6303253,0.7962313,0.18408361,0.18765177,0.862486,1.4326904,0.346092,1.790272,0.51862776,0.7711961,0.41595528,1.1237916,0.61049294,0.36754343,2.8793948,1.5161266,0.24190305,0.06775601,0.2148472,0.15944543,0.06846781,1.6067202,0.77966416,1.0399909,0.84097046,0.6126114,0.26707247,1.1142914,0.8036533,1.4583887,0.21496242,1.8559924,0.67501754,1.2627835,1.0571377,1.043238,0.2139721,0.16657855,2.24541,0.9794833,0.37759063,0.5232338,4.7504277,0.5956369,1.910333,0.22905765,1.5310264,0.05202911,1.4415336,0.085066065,0.42198232,0.50916654,0.6336033,1.0785683,0.016823148,0.0661535,0.07263169,0.32627818,0.071709536,0.36261284,0.3002758,1.4456532,4.309819,0.69789463,0.69045335,3.1549358,0.21189763,0.13211307,0.0,0.874493,3.1300673,0.7397222,0.7915397,0.052745856,0.19296488,0.556035,0.2497246,0.36239624,0.58773303,1.1214623,0.09459754,0.36396536,0.047563303,0.65074587,2.2265236,0.89212346,0.50930065,1.3971587,0.51724434,1.2157629,0.73961765,0.2509054,4.0598316,0.66991305,1.5004747,0.4224903,2.8019512,1.6666725,2.254959,0.36169732,0.19329907,0.461811,0.5226713,1.8489009,0.8962665,0.5224153,0.9030838,2.0323586,0.005019295,2.0168648,0.97194624,0.010335086,0.45861587,0.2616385,0.5569997,0.38238946,0.3032114,0.05930381,0.46865517,0.72537595,0.05958786,0.24372122,1.7565846,2.3267417,0.30697206,2.4554853,0.3221713,0.007984622,0.049186025,0.54014206,0.9741847,1.3985735,0.8552931,1.0738552,2.677245,0.3806079,0.6185638,2.439985,1.7636012,1.1630417,3.5396926,0.14260495,0.3542109,1.1816276,2.80748,0.6091919,0.012337348,2.7018895,1.0283003,1.7954265,0.92763,0.6761632,0.91069674,0.61906123,0.41007924,0.84047025,0.66363853,0.83070505,0.06319997,0.25643727,1.1145396,1.099205,1.3563572,1.2848877,0.39625123,0.1281751,1.9717419,0.13401817,1.546492,1.3057607,0.9480097,0.6476055,0.23411708,1.3808899,0.11161985,0.66261786,1.4624288,2.0095463,2.0600967,0.7220213,0.14008985,0.14714387,1.1296338,1.8927513,0.14682154,0.1905324,0.06800943,0.1612969,3.3948908,0.4870617,0.34755647,0.08822946,0.33775082,0.87464505,0.46102744,0.5155943,1.0431174,0.923821,1.1771898,0.10572286,0.47727704,0.5526794,0.12086115,0.8087563,0.59318286,0.29192317,1.3648317,0.62408155,0.37153345,0.36630452,0.49589336,0.314164,0.09711248,0.27426022,0.2983666,0.23304942,0.33349317,0.1053944,0.5443467,1.6187699,1.0717002,2.4810786,0.17618449,1.437811,0.6790672,0.51730955,0.77130455,0.16186091,1.8153164,1.9595779,1.6487252,0.81281924,0.15011384,0.49809146,0.014332207,1.3865118,0.19704717,1.0459485,0.07982177,3.4560559,0.56114244,1.5843751,0.3901819,1.3275737,2.3743706,1.1867001,0.6300992,0.9219656,0.11148495,0.33004722,1.3054636,0.16738093,0.31895962,0.19773085,1.1155797,0.9872489,0.8847982,0.48750064,0.39162698,0.8463405,0.9014573,1.3249409,1.2517534,0.5569852,0.21230578,0.6842837,0.784155,1.5999192,0.76576483,2.7168074,3.2163484,0.7488725,0.051551174,0.6100008,1.5607796,1.1798825,1.3358103,0.54808587,0.9001401,0.7486789,0.99737513,0.4716472,0.5616652,0.53241724,2.5828302,0.34974632,0.6948382,1.248793,0.6737343,0.3435939,0.73145926,0.13939445,1.7844503,0.71229583,0.8512545,0.15009312,1.9062628,0.6805962,1.9066243,2.717751,0.5725065,0.2622348,1.7068721,2.5339675,0.8835994,0.97893864,1.8358777,2.279944,0.9230055,0.21856487,1.7086391,0.48443446,0.0541757,0.17384137,3.1255586,0.5173648,0.3539973,1.9842461,0.37469766,1.1511745,0.82961905,0.8982886,0.1848132,0.4840045,1.311285,0.36225167,0.020330619,1.7599808,0.1640124,0.22100133,2.4443474,0.3430229,0.5925798,0.26560497,0.005209704,0.0,0.048374455,0.38531688,0.36109987,1.4718908,0.543957,0.37667853,0.9185749,0.96670544,1.3778138,0.36164582,1.0925428,0.033136714,0.4219551,1.4856782,0.8051631,0.3270378,0.16845404,1.6506726,0.54367495,1.3916519,0.64881456,1.2625178,1.3227757,0.891119,0.39535794,1.1174754,2.7572403,0.41055042,0.5763303,0.53228146,0.121292144,0.14443871,0.6615507,0.2565314,2.4259107,0.37151048,1.2271743,0.34412387,1.0407428,0.5681971,0.64236635,1.0063795,1.2185898,0.3433019,0.18137799,0.91631204,0.729025,3.0208826,0.1355924,0.045678668,0.6459712,0.57917655,1.0374701,0.87313765,0.07429006,0.22678423,2.1596403,0.035494562,0.0038488705,0.41689163,0.39447492,2.5965333,0.8053654,0.3700236,0.19417337,0.05144995,0.21206632,0.3279256,0.31616578,0.31222636,1.4801607,1.7114807,2.4709609,0.073107414,2.4820385,1.6780934,0.44869947,all_pothole_images\pothole_images_2_image_114.jpg
0.99333686,2.3904703,0.1426951,0.53128636,0.7225345,0.21566588,0.8620957,0.1425746,1.0566428,1.039139,1.0724345,0.69148,0.81966096,0.081328675,0.8114894,0.48157433,1.8736519,0.18334135,0.8200077,1.7671708,0.48609915,2.7614505,1.3327175,1.6222368,0.45832,0.828738,0.46390617,0.48517522,0.05930193,1.3428359,1.8900174,0.15632263,0.23095095,0.17249593,0.8897609,0.36130005,0.14890452,0.99779767,0.5745153,0.58369625,0.36264855,0.01934337,0.04086897,0.96896374,2.3673613,0.90967244,1.3680032,0.03211305,0.59063554,0.14083534,4.003437,0.70593774,1.2905027,0.8635335,0.4364614,1.6590348,0.67294383,1.6288048,1.2636474,1.5565325,0.0059494954,0.6673536,1.4818069,0.42518643,1.3297246,2.282911,2.3810835,2.4313183,1.9535656,0.5180239,0.41961724,2.481903,0.38745302,0.44221818,0.7070395,1.9262286,0.8521595,0.40550873,0.10258666,1.1561372,0.31031835,2.0280313,0.022092346,0.64888245,1.6938378,0.2910524,1.0754963,1.0330603,3.5262434,0.36089277,0.6031604,0.46783042,1.0032581,2.6087341,0.8367511,1.6218432,0.37420678,0.17908859,0.029609323,1.5192811,0.6177369,1.1059232,0.4821559,0.08091073,1.6111419,2.0760808,1.0654612,0.23794356,0.55673707,0.7114996,1.1465647,2.5070066,1.1852938,0.67353994,0.121622086,0.80665284,2.5662365,0.65363723,0.73001087,0.32429805,1.3901638,2.2986796,1.3154259,0.49672058,0.55800885,1.1970686,0.008274034,0.5116515,0.42496446,0.08659803,1.6537023,0.01239433,1.8385234,0.55680805,1.3057805,0.50379765,0.73657835,0.61510986,2.7813892,0.5187197,0.55342185,1.8821143,0.3604313,2.3078024,0.020729687,0.69952494,1.6740445,0.14014189,2.149411,1.4916878,0.10745698,0.77464527,1.2367419,0.18107544,1.0302194,0.51285017,0.76740223,2.1570399,0.011478228,0.3280239,1.2639985,0.014611981,0.06015789,3.3188238,0.39946932,0.020415759,0.21352036,0.43623227,1.4279546,0.0071135857,2.2797248,0.83722997,0.71276623,0.017467422,1.0024258,0.099045575,0.5325229,0.33891502,0.12804464,0.20014922,1.6680812,0.7190043,2.445599,1.3455724,0.8077668,0.95298815,3.0659087,0.99117404,0.035299696,1.5032461,2.0717058,1.8725207,0.6134537,1.2223804,0.17995064,0.13593905,0.3284258,0.14330406,0.117118396,0.7279927,1.1533558,0.498611,2.2151086,1.1885604,1.6928103,0.9397634,0.21166582,0.13531852,0.43093735,0.87583363,0.5872243,0.6226321,0.53028286,1.0115546,0.3269898,0.24656026,0.9494166,0.23857364,2.0759676,0.26129213,0.50772935,0.58181506,1.3745102,0.7488219,1.4548192,1.8602718,1.2262545,0.30666426,0.16982755,0.63744915,0.5234081,0.64959854,2.609262,0.6993278,1.9692261,0.51037276,0.27805963,0.093796134,0.318009,0.6865362,0.4157271,0.39265597,0.4423818,0.6883776,0.76541775,0.49389076,1.845678,0.14925222,0.34434715,0.85186523,1.8083885,1.3199846,1.3259577,0.16951424,1.4833653,0.82728934,0.052890427,0.7501049,0.60995936,0.7839539,2.1491723,1.3461051,0.21561599,0.8726569,1.5491328,1.0011635,0.1866599,1.4340303,1.0429138,1.0378385,0.35592082,0.27428094,0.45407984,1.0137142,0.27254033,0.6283623,2.536209,1.3057418,0.40216577,0.2392156,0.21767686,1.0128499,0.9130071,1.0345408,0.8952099,0.34019023,0.25123736,1.4406424,1.4658506,1.0897316,1.3673208,0.6794252,1.4792844,1.5136557,0.43462783,0.98530847,2.2615116,2.0256317,1.1187439,1.1039205,0.035865456,0.91837883,0.8582499,0.32887754,3.5064611,0.036535982,0.0017346508,1.1696463,0.62803304,1.9249442,0.92862016,0.34264168,2.2795842,0.9219421,1.265386,0.1528639,1.0098236,0.5252835,0.31289276,0.36708352,1.6853201,2.5312295,0.1836024,0.94469947,2.1197116,1.1313672,0.10199653,0.71679115,0.8023757,2.0857122,2.794492,0.9105271,2.3245492,0.58145714,1.1226841,0.7551338,1.0411311,0.237127,1.2878306,0.26360866,1.6254097,1.2415954,1.4294384,0.26276395,1.689711,0.73101103,0.011618515,0.0040935758,1.6564903,0.49616638,0.03636824,0.60252905,0.7998183,0.79501164,1.6123095,0.9766886,0.32987913,1.3031868,0.6398153,0.23018341,0.33013994,0.68121594,0.52249396,1.7893113,0.5061597,0.102845326,1.6590399,0.3771184,0.84469914,0.71723515,1.5216832,1.074815,2.1459446,0.26731896,1.2438909,0.16075909,0.7583291,0.10663408,1.2506968,1.8853666,0.64318293,2.71861,0.10842428,1.5465672,1.5855074,0.9799907,2.0739782,1.6991848,2.3567576,1.5792049,0.8240674,0.24146478,0.31675148,0.7464012,0.8620096,0.4365689,1.6093034,1.7802823,0.48076758,0.17837422,4.0403867,1.728429,0.7527141,1.4107559,0.2319483,0.4400639,1.3042065,1.6281399,0.09355609,2.7218392,0.4184469,0.6703703,0.6389941,1.1248103,0.0016795945,0.27443343,1.0827192,1.5430655,0.33971137,0.21111667,0.23833637,1.5936422,1.0467027,0.74669,1.124851,0.31913877,0.23489916,1.9679303,0.0,1.1009653,1.064906,1.0568459,0.41012388,0.60167766,0.19086097,1.4494504,1.9869955,0.5623866,1.4451288,2.4533367,1.0699319,0.40811092,0.38715246,0.27224502,0.96016216,2.9239569,2.1294272,0.37957236,0.6486286,1.0908458,0.5278145,0.3135781,1.0159767,0.23333018,0.48794103,0.14794728,0.9304428,0.24044695,0.29531795,0.4861368,0.7829481,0.75380737,2.084853,0.6803533,0.47028255,0.23913614,1.8006134,0.3836209,0.6196664,0.08255246,0.87558836,0.45012185,2.1319432,0.085492074,0.11375298,2.0285637,0.7807733,0.16978,0.07371441,0.042623997,1.08979,1.3798978,1.6273835,0.5737791,0.5323105,0.026211746,0.4017541,0.13572158,0.3643662,0.006985259,0.17635088,1.3833536,0.05849033,1.0500191,1.2315524,0.08790713,1.4999601,0.44551787,0.8558378,0.16093203,0.5027828,1.2528969,0.21363635,1.2525061,1.175828,0.6799884,0.0708984,0.681132,0.47128186,1.232756,0.40142915,0.9753035,all_pothole_images\pothole_images_2_image_115.jpg
0.9502319,2.552901,1.2360497,1.2492012,1.0050684,1.2100531,1.0901129,0.16200091,1.4711426,1.2836738,1.0161669,0.53383297,1.4872931,0.66147923,1.5466335,0.9629166,1.4033666,0.4617329,0.29591763,1.3470501,0.33080727,0.4869653,2.8332875,2.4735157,0.69283015,2.9270167,1.072935,0.7197083,1.4863259,0.8395384,1.4740651,1.3515519,0.14561836,1.5717428,0.39435413,0.46042773,3.611662,1.1432859,1.9573743,0.85726935,0.1585328,0.39227706,0.46981612,0.67103827,2.4429052,1.2205883,0.034950454,1.9517912,2.4746923,0.78517133,0.8676331,1.285975,0.27698854,3.8949265,0.1314795,0.63907033,0.17138736,0.053009212,1.9033622,0.06456952,0.3844436,1.1008848,1.3924898,0.4173694,1.7246268,0.44629365,2.9892416,0.68685406,0.38821036,0.08565694,1.1108266,0.60775715,0.044488166,0.98102427,0.4267912,1.0334846,0.0990923,0.06756805,0.45287648,1.029976,1.173768,0.58983076,1.851549,0.4355819,0.96602196,0.5045083,0.7731817,0.20424408,1.3537772,0.21840192,2.3281212,1.0034659,1.5820503,0.9219364,3.9625056,0.46217984,1.8822018,0.458082,0.44679594,1.7276316,0.051561277,0.13840042,0.6815484,0.57298934,1.6861198,1.7159727,0.45040986,0.88856936,0.9709417,1.7302166,0.63429713,2.1614568,1.6437963,0.6326457,4.360374,1.3658836,0.4287939,0.6125456,0.82421625,0.5490242,0.48598385,1.0375955,1.1430097,0.41622138,0.27259147,1.2115796,1.3043586,0.019858973,0.82144815,0.44269437,0.6531941,0.38937774,0.9924417,1.3181571,0.11976964,1.6538465,0.1967392,0.24678202,2.1216369,0.61308134,0.38001135,0.98318154,0.05496251,0.24138649,1.4584007,0.30979353,0.6569553,2.03937,1.6304741,0.786128,0.5815478,0.48483038,0.8056779,0.5676736,0.39366418,2.1233387,1.6961316,0.09368758,0.5467018,0.85774416,0.930437,3.0411165,0.2882646,0.64661455,1.4176357,1.0085621,0.040635392,0.3470642,1.9006718,0.5016419,0.51356745,2.1511056,0.7080331,0.4915626,0.75563306,1.414531,2.5097945,0.98242754,0.3127234,0.96595114,0.0702759,0.5011001,0.5254968,0.24560204,0.77395767,0.41570866,2.0798202,0.56691825,0.12042157,3.6374505,0.43617597,0.20941493,0.6158017,0.67887,1.5015697,1.8200791,3.093993,0.7255241,2.5785007,0.66439116,1.2026004,1.0498039,1.7786667,0.9055884,0.08405409,0.5472999,0.2613912,1.3215852,1.5075384,0.66970915,1.405569,2.0150392,1.070988,0.28186408,0.5145988,1.3353395,0.39296302,1.2760187,1.261774,0.7165026,0.5504131,0.011692803,0.14617579,1.5377256,1.1736029,1.3754472,1.6492809,1.5900345,0.39883944,1.6435329,0.74644655,0.67609733,1.1943389,0.8337362,1.3296448,1.1607523,0.6589411,1.2766083,2.0413947,2.8660908,1.7201978,0.7435607,0.6465204,0.12970348,0.49547365,0.5663266,1.6068838,0.7271487,1.0766333,0.75444514,0.51494664,0.43030858,0.04650689,0.4598493,1.8353221,0.8376239,0.37279168,0.4249832,0.12291127,1.1703539,0.21821696,1.468785,1.0642676,1.1237754,0.3611664,1.5663823,1.0258306,0.66484576,3.0911043,0.16114788,0.2526296,0.10930478,1.6770879,0.35078126,0.35210612,2.103475,0.24019821,0.8350681,0.48422745,0.7117194,0.07717311,2.746524,0.30684718,0.30987886,0.727291,0.041348044,2.2420878,2.3109064,2.8133564,0.729596,0.9930968,2.1912162,0.6864138,1.6328954,1.9848193,0.42969397,0.4423822,0.25550625,1.9165543,0.17101783,0.11220199,0.9029667,1.5587794,1.1392152,0.82345283,1.7752141,0.6827754,0.6715098,0.8794124,2.2285204,0.77485263,0.19305505,2.09409,2.2712934,0.98714554,1.2953749,0.5181068,0.89566624,1.3426417,1.0252885,0.55713207,0.68444264,0.43280643,0.7286175,1.5546756,1.3227582,1.850526,3.2156577,0.14307334,1.6522222,0.8034409,0.089224085,0.6129275,0.23527491,0.09777207,2.399215,1.3305501,1.9257373,0.83635914,0.9819873,0.5095805,1.3085374,1.2075169,1.7082675,1.176816,0.221944,0.4850057,0.0054085855,0.18092373,1.1405408,0.24775556,0.34407902,0.33212808,0.23885563,1.9225123,0.25156173,0.883356,0.19944152,0.42982522,0.04189789,1.0010378,1.6831505,1.3027862,0.9322928,0.8357743,0.3835793,0.22048576,3.0574148,0.50529146,0.5618598,0.81080675,0.22197635,0.110862166,1.7990514,1.24069,1.9213328,0.67511165,1.0039265,0.1966699,1.4465083,1.0903565,0.54052454,1.6985066,0.09218262,0.3457844,0.550146,1.5595286,0.30603918,0.99525297,0.55980873,0.48060727,2.257729,2.546538,0.7312404,0.832799,0.25680953,0.07728089,0.50270903,2.1962564,0.38258684,1.1264853,1.7299873,0.045013018,0.0,1.6420666,0.5827228,1.1970779,1.2406536,0.50174665,3.4141278,0.107483484,2.1503365,0.5943607,1.1937214,1.0307326,0.28134903,0.2512563,0.74737126,1.5300567,1.4976819,0.16149762,0.8677891,0.40797338,0.3515512,0.8111183,0.45441577,0.5155811,2.751513,0.09870407,1.4218688,2.6037078,1.3212895,0.26164517,0.85856473,1.095229,0.0,0.71403503,0.37509474,0.5015277,0.7744889,0.58320934,1.2499056,3.2601075,1.470165,0.48287803,0.98856765,1.5732493,1.5970603,0.9645953,1.3405766,0.47569087,0.08955275,1.1203715,0.8593357,0.32319444,0.3478883,1.5339371,0.85526705,0.62026626,1.0983013,0.71535504,0.7441979,2.4624593,0.9202177,0.24738471,2.0446835,0.5832585,0.49780938,1.5158956,0.018095277,0.36852255,0.19070154,0.14004582,0.40238333,0.5956954,0.37146536,2.420377,0.9880773,1.7334722,2.4055476,0.70751935,1.0680493,1.0737714,0.8658424,1.2297903,0.16831982,0.7521095,2.670786,0.118383385,0.42184398,0.07659622,4.083856,1.3960096,0.14374027,0.30166447,0.0970773,0.85948336,0.6065829,0.54172134,2.9918,0.7998122,0.39042526,0.4971244,0.2896504,0.76868206,0.6121364,1.1404682,1.8589681,0.36168614,1.3685027,1.2399123,1.343121,all_pothole_images\pothole_images_2_image_116.jpg
1.8520819,2.0979843,1.0150156,2.945745,0.48011097,1.0281664,0.19428147,1.4742544,2.0755758,0.48570395,0.10928195,0.06898613,0.034295585,2.0175307,0.7497154,1.2732639,0.09748592,0.57511145,0.81549895,0.10585261,0.33114332,1.4780444,0.60393834,1.2332287,0.4466772,0.45009434,0.22369637,1.5552212,0.005530728,0.7178452,0.35782838,0.71559405,0.6755872,2.1110935,0.71204996,0.32599482,0.6713001,0.45629558,1.8335965,0.6392887,2.916861,0.16680191,0.82672304,0.25161302,1.1371348,0.4737427,0.74320835,0.0,1.3045287,0.5550519,2.0161445,0.14395738,0.024873216,0.40655118,0.090628736,1.6718873,0.89533436,0.81501734,1.214165,0.31747684,0.25915903,0.5475722,0.26531523,0.83118653,0.6694014,1.7475393,1.8684602,0.17838213,0.31876284,0.09452204,0.55158687,1.2219703,0.3617752,0.15818425,0.039601453,0.6599216,0.8151223,2.4999263,0.8013124,1.5012945,0.00078986614,0.81279194,0.25195527,0.7332874,0.57737863,2.5267377,1.0277277,0.22885023,4.1768646,1.7617879,0.84989375,0.5273827,0.7470345,2.9771137,0.579975,0.04438634,1.4636078,0.31213558,0.40130857,0.7591151,0.19337727,2.5651414,0.60229874,0.5409615,0.26320985,0.25809893,1.35628,0.67838615,1.1316019,0.3248594,0.021401051,3.4460118,0.386115,1.1921918,0.14332172,0.3706836,1.0514168,0.83849967,1.6039696,2.7596934,2.320912,0.70328087,0.441151,1.025874,0.2799138,0.73756075,0.6811989,2.5524523,0.47051004,0.43140873,1.1994598,0.48321697,0.8617168,0.11464817,4.067819,0.46558332,0.6280526,1.0742102,0.250274,1.4481636,0.345323,1.0131881,0.94650596,0.55410767,0.054125387,0.88864756,0.7166136,0.7180719,0.003658033,0.36068395,0.2871842,2.9811413,0.5233056,0.6581431,5.090542,1.6044024,1.5497667,0.8035745,0.82368034,0.55111,0.57903296,1.3514725,0.59934485,1.2058815,0.8537059,2.7204573,1.7994976,0.12734556,2.400513,0.94506454,1.496723,0.061359636,0.38940203,0.17270666,2.9430618,1.236372,0.671742,0.023230275,0.23212512,1.0347741,0.14717364,2.0958734,1.4122012,2.8447366,2.118346,1.4294331,0.31900588,1.8758726,0.6049528,1.8639708,0.4318569,0.5671375,0.52224284,1.4838777,2.8241549,0.7583501,2.201546,1.5257611,0.63132083,1.2537085,2.421065,0.8148192,0.25571874,0.4286927,1.3490926,0.59380424,1.6102195,0.32464424,3.1255045,0.8234694,0.0,0.05433466,2.0798955,1.9089448,1.7704043,0.91600215,0.4967625,0.10427359,0.8700829,1.3411815,0.7713682,0.59744054,0.3181488,1.1684833,0.722009,0.17599382,2.6653492,0.01321311,1.2228062,0.073375694,0.9779445,0.72217286,0.07082535,0.6951398,0.79914,0.64696705,3.7150018,1.1915151,0.46480146,0.16191202,0.12266923,1.5214993,1.1824968,0.91538966,0.5708806,0.7349169,0.75703,0.13479398,0.8386691,4.8677425,1.3369825,2.0873888,0.6212206,0.9286713,0.9518265,0.10953703,0.3732641,1.6786149,0.82391185,2.100841,1.4152274,0.61267066,1.6311381,1.3455787,0.3677296,1.7525493,1.0760983,0.38379535,3.1574476,0.3733709,1.7661945,0.053313762,0.008438858,0.047140155,0.55156994,1.4927953,1.8509111,1.2517321,0.21756962,0.8462289,0.038227618,0.97622716,0.5890078,2.2034276,1.0614874,0.94678193,0.48351926,1.8692228,0.374356,0.034906965,0.32358465,0.3523351,0.1606012,2.0854118,1.8282208,0.18482643,1.2667686,0.51165015,1.5042552,1.1959007,0.17654692,0.17214999,0.12785171,1.0063187,3.6950734,0.7638715,0.5547349,1.3935101,0.09732802,0.08326617,0.56238353,2.6932862,4.542411,1.6164654,0.3421314,0.095949985,0.3537767,0.6425933,2.9708762,0.56963927,2.8341382,0.0503776,0.27815744,1.285967,0.700187,1.656619,0.13495804,0.93296593,1.7673061,0.66768366,3.4350455,0.41615963,0.7414885,0.008173571,0.56895703,0.29418397,1.088525,0.209924,0.9496519,1.0984305,1.6019249,0.44561172,3.0634851,0.85948575,0.18991493,2.7829664,0.7099511,0.5094398,0.0110297715,1.4427066,0.6230193,0.6146599,0.1891599,2.0145833,1.43198,0.7607559,0.5413017,2.3603547,1.6688321,1.0745516,0.028297639,1.7400525,2.189908,0.71045715,0.058979087,3.2679188,1.5805396,1.6497978,1.7181178,0.32799134,1.776519,0.8911612,2.0895069,0.009016183,1.060189,0.6165031,0.03283371,0.74449384,0.035373326,1.6186966,0.23596154,2.526321,0.17146796,2.7551715,1.5339104,0.7064888,1.5139041,1.4888344,0.5248938,1.5719259,1.0831705,1.8798529,0.21125813,0.75449127,0.099495746,1.1552024,1.3214662,2.8115788,2.0186982,0.43479532,0.70975703,0.3379082,0.81088424,1.3319577,0.12712009,0.6407546,1.8898697,0.5051051,0.014437143,0.9800766,0.34296435,0.121453516,1.0944259,3.1556365,0.0,0.034069553,1.9485155,1.2374663,0.28606775,1.0779105,0.28186825,1.7710685,0.8185285,1.8684043,1.2167602,0.27897304,1.6345794,2.1836007,1.0036026,1.8561468,0.40630037,0.5983187,0.029722637,1.0362678,1.0201818,3.5354168,2.7527,0.42040458,0.52419215,1.20861,0.8845245,0.47781748,0.2922999,0.11947032,0.55168116,0.06183226,0.1841841,0.23054278,0.7939907,1.4272728,1.1224676,1.5582587,0.46583468,1.1847111,1.9208666,2.3980613,1.394836,1.1008867,2.2029037,1.4571764,1.1032466,0.787634,1.3606178,0.9111845,0.88595444,2.1628554,1.7743486,0.26164657,1.3499694,2.4786632,1.0086719,0.7776876,0.19505954,0.6850156,2.1932738,0.39434946,0.8652591,1.7580591,0.56617945,0.07515,0.9992508,3.9532197,2.3970752,0.09117873,2.3537555,0.026582409,1.8408383,0.2613021,0.63210464,0.2004382,1.070817,3.5540116,0.007052045,0.12308496,0.27256373,0.07692427,0.6362992,2.2408304,0.8700697,0.060911536,0.17019749,3.3950613,1.3876944,0.6200941,0.772621,3.3205428,0.06061689,1.2162622,0.97470057,3.2598097,0.35133305,0.0,all_pothole_images\pothole_images_2_image_117.jpg
0.9765007,0.78838456,0.05090449,2.0734627,0.28718114,0.5953362,0.5632628,0.25981227,0.23968019,0.7809451,0.057793923,1.8795173,0.27589,1.8999708,0.14053518,0.5407435,0.17522521,0.09848337,0.74216086,0.17311962,1.1617517,2.6751254,0.10101573,0.86966,3.4479244,0.08146174,0.6497038,2.50248,0.4017927,0.6056382,0.50109553,0.07663431,2.0426292,0.14203404,0.46535978,0.7652672,0.3524837,2.3485577,0.70991766,1.5865784,0.0,0.09614364,0.36142722,0.8001081,0.7192539,0.6119245,0.008902098,0.69296324,1.5278989,1.2532055,0.41474712,0.3652102,0.26640555,0.025839245,0.0,1.6264421,1.5687696,0.040085413,0.29000816,0.08188631,0.04815081,0.014687882,0.5241371,0.1305406,0.4065684,2.0080426,0.1834673,0.07400279,1.71511,0.17488047,0.36389688,0.24985017,0.18850479,0.39253047,0.87791365,0.98636234,0.06301482,0.24000768,0.005836477,0.42537123,0.314872,0.08352772,0.039108332,1.718518,0.72468776,0.14146361,0.44680497,0.56842506,2.4940932,0.28761366,0.6303337,0.4553077,0.050158996,1.1918845,0.1407875,0.0017525833,0.62478775,0.2114974,0.3714971,0.8211615,0.6745202,1.5957408,0.6700254,0.07571454,1.1448898,0.095855914,0.16568884,0.184303,0.013285506,0.9405196,0.04060934,2.3570378,1.8657614,0.5735271,1.0265694,0.13721703,2.3081663,0.07025114,1.2767262,0.90854293,4.2676005,0.9700105,0.29635188,0.91744435,1.4034586,0.08526224,0.78922534,1.1306571,1.2998251,0.08179329,0.14195473,0.08577555,0.07938451,0.053496853,0.25958988,0.4127396,1.1970531,1.6937785,0.33361816,0.074464776,0.06413088,0.48108298,0.00032664227,0.43524054,0.8179917,1.1479172,0.21225734,0.1687529,0.6626206,0.19884211,0.589864,0.5775817,0.11113108,0.00019574305,0.8317267,0.11738814,0.84189713,0.5593785,0.4626779,0.85431296,3.1834595,0.7310713,0.79183173,2.650186,0.3589703,1.3747045,1.0725011,0.09438211,2.2871027,0.72063124,0.0029118648,0.0,0.18594489,0.5044689,0.78522825,0.17171723,0.6823914,0.029605508,0.117883794,0.32418543,0.07299187,2.2787344,0.47372198,0.42917633,1.4811271,0.55667585,0.40546867,0.12885974,0.099673815,1.1462892,1.1976038,0.61332875,0.450455,4.509632,0.114171326,0.8745619,0.15519726,0.88949645,0.23646127,0.40833467,0.9951494,0.58016354,0.35417697,1.526625,0.40620264,0.45598507,0.6553877,0.28680348,0.12192224,0.110950515,0.15059707,0.06368782,0.6993651,0.32399622,1.2107505,2.264682,0.8929769,0.039149467,0.0417679,0.00089554104,0.11670788,1.0607281,1.6570396,0.26895106,0.044203892,0.52516806,0.5975281,0.6057589,0.83263624,0.8235392,0.08693245,0.5747088,0.31668004,0.583743,0.13050894,0.33346328,1.5309016,0.12506223,0.0500415,0.0063792416,0.12266332,0.033119585,0.5893801,0.091914415,0.32289162,0.005240079,0.7946215,0.4947412,0.7118591,3.506765,1.0112914,0.30420378,1.6607635,0.0006504793,0.22977486,0.4876713,1.3100648,0.4564616,0.33771023,1.9807761,0.6054401,0.026552057,0.5177031,0.12698516,0.20091683,0.35980976,0.23482306,1.1295198,0.18339011,1.3693097,0.2606493,0.0069621396,0.24675143,0.6086813,0.8396558,0.7682221,0.38696074,0.41622162,0.089457825,1.8152585,0.44701695,0.050846886,0.82694227,0.26299915,0.97240895,0.18693489,0.94830465,0.5607633,1.3755121,0.09600836,0.047520857,0.08852731,0.58069074,0.84251153,0.25235555,0.05730737,0.5580013,2.6608896,0.04376165,1.4252005,0.38496578,1.7781987,0.3207237,1.494988,3.8744357,0.24255247,0.1293689,0.831215,0.09168741,0.143903,0.889443,0.8850126,2.0894022,1.3268071,0.10722709,1.1816963,0.0,1.286639,1.7610708,0.044433575,0.19695698,0.044098113,0.16469736,0.8122884,1.3989458,0.13632604,0.41534767,0.26413107,0.061726246,0.12483007,2.493722,0.7996333,0.15430304,0.06434778,0.7434476,0.38841987,0.40272233,0.8761523,0.13893403,0.19912134,0.078287445,0.45617807,1.7348984,0.46600038,0.9316366,0.031488363,0.0,0.18048108,0.85347086,1.0291317,0.8722283,0.575611,0.34721965,0.56684035,0.6341855,0.015628727,0.22535868,2.4930842,1.0830678,0.6988976,0.49145973,0.52915883,0.48753437,0.033661284,0.010796158,0.036834665,2.8243704,0.1504617,0.1288821,0.52495146,1.6465968,0.14112903,0.19123538,0.0045826877,0.30086502,0.19372435,0.029109458,1.1697423,0.06334747,1.30056,0.75280994,0.036949433,0.8676295,0.95215255,4.350937,1.3858026,0.44964918,0.049140938,0.29801947,2.3011825,0.9660996,0.8192389,0.03756801,0.12964143,0.61839306,0.18142569,1.6593553,0.50537723,0.092743345,0.074662186,3.7271821,0.7650056,0.29586294,0.7824956,0.25580427,0.052284803,0.088708594,1.1931375,0.64430743,0.18725955,0.1356461,0.4838255,0.2456287,0.8274013,0.17607296,0.39346075,1.1829387,0.01749618,0.45805147,0.17568533,2.6863778,0.29207382,0.60029614,1.9419862,1.6198194,0.12888384,1.2938199,1.3810666,0.38032433,0.84780604,0.15684128,2.1965134,0.3649477,1.0445926,0.6998091,3.0340457,0.74830955,0.3953972,0.38870308,0.11257236,1.0451384,0.40022594,0.21896702,0.959812,0.60578585,0.04012676,1.4015975,0.7488083,0.30159456,0.87844956,1.1041983,0.3125815,0.39542133,1.1305659,0.81968826,0.37526017,0.537465,0.3249855,0.8351817,1.6958331,1.1583445,1.1339836,0.26724046,0.0039701457,0.519834,0.60028064,0.24568889,0.016920738,0.28633696,0.36353877,0.49312586,0.9766396,0.0017928876,0.25325048,1.3482808,0.10253688,0.12914635,1.277165,0.02985818,0.075518705,0.17940688,2.3439841,0.05990226,0.5723556,0.024664266,0.2778662,0.704592,0.0126305455,0.50140625,0.0,1.1337934,0.27456295,0.65068436,0.036345903,0.07489755,0.4560244,0.200095,0.2691305,0.5509683,0.37186322,0.24580546,4.6218467,0.93545234,0.0029061867,0.5641986,0.13475163,0.07364669,0.59312296,0.15193719,0.22102597,0.7814736,0.9065835,all_pothole_images\pothole_images_2_image_118.jpg
0.48565245,2.7294219,0.89049184,4.0166593,1.1165702,0.16356239,0.043541763,0.12007386,0.82069683,0.7734493,0.530046,1.5367341,0.7826846,3.5867467,0.0,0.6662952,0.22976719,0.6127805,0.81566787,0.49036944,1.8993105,0.20635898,0.9445095,1.3196616,1.7510659,1.2646924,1.6383425,0.89040154,0.4907685,1.1169637,0.6503907,0.0038700954,0.7994487,1.2985865,0.6070351,1.325002,0.8969374,0.7613912,0.9764761,0.42149678,0.63728267,1.1786643,0.72425646,1.9360672,1.4236646,0.1806172,0.76456094,0.18748423,0.70573324,0.783026,0.5500333,0.6204479,0.11791283,1.205077,0.5861776,0.31488246,1.1783766,0.1258744,0.7579036,0.73540634,1.8442255,1.0512297,2.0608244,0.5319486,1.1450001,0.7731717,0.73937964,0.6370246,0.9616318,1.1822131,1.8372452,0.77459526,0.96316767,0.25142834,1.0339942,0.25053248,0.54779506,1.0254833,0.04802315,0.34196487,0.84385324,1.4899777,0.49426112,1.4596268,0.47824824,0.80986226,0.505212,0.10632464,2.4453287,0.78705704,0.43976837,0.8111552,0.74450994,1.8340597,0.34345606,0.932856,0.9413208,0.9276268,0.8044525,1.7934072,0.5712512,2.258293,1.2351853,2.3658116,0.86169446,0.43495116,0.49259433,0.15474182,0.6857119,1.6389633,1.1860442,0.99412525,0.19861135,0.16452172,0.551008,0.24969839,1.3676646,0.23744443,2.87156,1.6081105,1.0725276,0.5783615,0.46580127,1.7734876,0.7752126,0.90839416,0.26078764,0.31276482,0.33319417,0.21186914,1.1301379,0.24217331,0.80250627,0.007319984,0.48558667,1.6712109,1.6184704,0.3480831,0.5339672,0.14119002,0.22889265,1.196791,0.8702933,0.68608665,0.62169313,0.4537018,2.6309512,0.38790518,1.1952128,0.7491384,0.2469679,1.2224342,0.29835778,0.56389135,1.4157206,0.4223314,0.46759593,1.6604444,1.3556368,0.55347764,0.45816007,0.43214813,0.41023088,1.9520055,1.3416318,0.21530567,2.409793,0.5417673,0.029867634,2.3998423,1.5525627,1.1328374,0.61022013,0.24488927,0.82779604,0.10673609,0.80603176,0.26427916,0.3686339,0.3831428,1.0611416,2.6421661,1.9224421,1.0041298,2.5914288,0.7870762,0.6319236,1.2069728,0.74264675,2.2100987,0.37451506,3.4477777,0.84257996,1.8168712,0.78471,1.2926798,1.3048962,2.2832184,0.5008669,0.17299922,0.2533646,0.41401234,0.6183483,0.32517394,0.88683265,0.16920362,0.45607218,0.13454877,2.0646822,0.6666514,0.465777,0.9184897,1.1666651,0.2942154,0.45608443,0.28738776,0.3438962,0.54343987,1.249733,1.1292893,1.6583625,0.50337785,0.14307854,1.1474037,0.914034,0.734992,0.7228067,0.50095046,3.1975415,1.8106433,0.6609503,0.43322772,0.9520477,0.8862527,0.7727389,1.1162553,0.32490626,1.0694504,0.17652495,0.4737208,0.11170614,1.3801053,0.9362549,0.27341196,0.4653781,0.2618877,1.0755957,0.16052742,0.67022383,2.7131271,0.22744855,1.4071697,1.0686184,0.1780063,0.46978086,0.40151015,0.60408896,0.57206345,0.78929424,1.8388901,3.58181,2.6998506,1.6463447,0.73100734,1.5432355,1.5445862,0.85220206,0.56926674,1.4920545,0.30333874,0.8892383,1.4139885,2.6488209,0.32535514,0.07887291,0.24223273,0.3270313,0.57504255,0.07845008,0.07854325,0.18167911,0.43943483,1.6715752,0.69912827,1.7731217,0.1457865,1.520564,1.9263234,1.2595307,0.22195867,0.022496691,0.43403232,0.4690647,1.8206459,2.6382518,0.6592201,2.7476718,0.20413747,0.7939763,1.4322968,0.16675083,0.47143826,0.22139284,0.87384313,3.3799849,0.9577403,1.1401883,0.15138428,0.2671446,1.7824734,0.642795,0.9636702,3.8419344,1.4408656,0.48306328,1.2102294,0.37945697,0.15646279,2.4392664,1.2962332,1.154735,1.9538895,0.6590363,0.09166283,1.4839433,0.7315722,0.40371817,0.36179802,0.5222789,2.5551426,1.3118033,1.1862813,0.61474407,0.87456346,0.32949373,0.12289249,0.36195976,1.4724619,1.0193143,0.049086362,0.44102624,1.6461371,1.928189,1.263461,0.29156625,0.3012669,0.5369841,0.23416547,0.91932535,0.21846657,0.8055075,0.16370368,1.3025659,0.41303396,2.0404356,0.59097546,0.749667,0.5399631,0.20255917,0.74394846,0.9148941,1.02956,0.05058729,0.9922918,0.7615069,0.97418344,0.27908725,1.4164165,1.0781237,2.017576,0.113635175,1.0623963,1.6013756,1.6998861,1.0219624,2.5012405,0.6067046,0.77219296,0.49115273,1.0032395,1.4102637,1.4893641,0.12240864,1.6164973,1.9318604,0.49078345,3.7164373,2.2392101,0.6749522,2.551923,2.2018404,0.32298914,0.71787083,0.102452606,0.01147286,2.9298487,1.3524144,2.9919102,2.0392776,0.34141845,0.38037097,1.0415401,0.17148195,0.9833337,1.3494741,0.7594422,0.81001544,1.5262682,0.30010903,0.19527136,0.4161995,0.024263397,1.3581998,1.1641359,0.3044677,0.8435112,0.5478524,0.756856,0.061988994,1.5508628,2.427954,1.3924303,1.4155186,2.472148,1.1088338,0.60163325,0.70464766,0.34452656,1.0245136,1.1525592,0.24291703,1.4429282,0.38968167,1.1794215,1.0029478,1.4336295,1.1057805,1.1066269,0.84565306,0.6000656,2.5882022,0.8214803,0.31717005,0.2742422,0.20894739,0.8352586,1.3247232,0.013928009,0.45957047,1.5627538,1.2095144,1.5520377,1.185622,0.5844856,0.38078955,1.5792968,0.93291193,0.07198093,0.6489808,0.070443094,1.6211629,0.5705884,0.29642084,0.35487863,1.1293131,0.8205229,0.867695,0.05408546,0.18849711,1.882313,0.22652298,0.9237342,0.29834616,0.7227992,0.9650707,0.35211045,3.066332,0.6150293,1.0130856,0.038852688,0.30942628,1.1571163,0.93030477,1.061899,1.3907187,0.6669728,0.45801526,1.02035,0.82503474,0.22015496,0.031520564,0.69518495,0.16702601,0.96446294,0.11076187,0.3422233,1.2123119,0.020520536,1.1726663,0.13316287,0.31086898,2.068924,0.52363026,0.4241719,2.553512,1.1186873,0.76515806,2.8353863,0.79653853,0.26085055,1.858601,0.62658167,all_pothole_images\pothole_images_2_image_119.jpg
0.58898026,1.7686671,0.25308368,2.5630584,0.28337422,1.056473,0.4014617,0.5575774,0.5293304,0.20273274,1.4979768,0.15963392,0.0,3.2111604,0.32306847,0.48907182,0.0055433917,0.9166434,1.9912702,0.22873531,0.004997301,2.366626,0.66198176,0.12881538,0.0004311932,1.8301637,0.09468162,0.91536355,0.5109685,0.2673309,0.002739631,0.39485824,0.504288,0.20803314,0.0053167767,1.2573532,0.49262917,0.5793068,0.77060306,0.208843,1.4263175,0.4219458,1.680967,2.9967728,0.5706546,0.0,0.7338632,0.0019506303,1.3394772,0.19144678,2.0285938,0.69834626,0.03726769,0.20189008,1.3112953,2.4031255,2.104651,0.52256376,3.9052577,0.6619882,0.5796041,0.62072426,1.5131088,1.2670277,0.86161304,0.83695334,1.3319341,1.6964924,1.0254816,1.3819546,0.97981596,0.4440897,0.051210396,0.37759694,1.1771339,0.14382827,0.68617684,0.96373683,0.56241345,0.40755704,1.8288993,0.17610711,0.29326975,0.78302664,2.3976445,0.29243174,1.0175338,0.22055887,1.923631,1.1975359,0.2796639,0.536723,0.75942314,2.2964554,0.43471834,0.22354095,0.20551482,0.67084235,0.7513115,0.7942562,0.4042796,1.0637879,1.5164404,0.98554945,1.0971099,0.8040273,0.20800933,0.54041755,1.1998693,0.1512213,0.39095625,0.71780145,0.06726435,0.39977568,2.0345447,0.3136736,0.345724,1.0045272,1.8766199,0.92977124,1.6520917,1.3671423,0.56388557,0.77529395,0.6559599,0.21255316,0.5814737,1.6397331,0.6434076,0.86609036,0.16115548,1.8275393,2.147365,0.86393815,3.112532,0.6028628,0.050270326,0.8666842,0.27015185,3.0244346,0.17975567,0.10102777,1.7833816,0.2470524,0.22599927,2.3940964,0.4605736,0.3185032,1.0874879,1.9509573,0.24886109,2.3452837,0.5777407,0.6290919,1.311785,0.40738755,0.06158812,0.21585678,0.44083,0.91274035,1.1160005,0.21662645,0.45978132,3.0916543,0.3529118,0.2737737,0.7518514,0.053006414,0.696663,0.2663007,1.9217856,0.3544248,0.14126348,1.4252204,1.8061514,0.80656356,0.0515616,0.7403206,0.7231449,0.32838467,0.60221595,5.0599523,0.90715134,0.4308275,0.19335085,0.7434339,0.16505224,2.4049907,0.80188435,1.9906871,0.07897661,0.38324675,0.36275667,1.4529914,0.7163646,1.3342861,2.4343266,0.15633869,0.22894531,1.9476305,1.2209758,1.7251358,0.69350237,0.08591954,1.8292638,0.51469094,0.47409725,0.17120704,0.8400951,1.2939006,0.14364173,0.7866221,2.8665943,3.1899183,1.1449697,0.27037334,0.499737,0.70996094,0.40786844,1.4792856,0.42796582,0.6149562,0.31096113,2.1210623,0.46981025,0.5517744,2.5714242,0.23454396,1.0374633,0.5284196,0.31783655,1.2064979,0.2064689,0.4711963,1.2057846,0.11988737,2.0534284,0.46046248,0.03004022,0.23699084,0.13931192,1.9628794,0.41208673,0.1301434,1.0251547,0.048866104,0.09560544,0.0504855,3.070459,4.1326275,3.5791647,0.34110776,0.13809907,0.28393215,0.41027322,3.007458,2.4786084,0.4359384,0.5830059,1.5970967,0.87526655,0.6751157,0.24352597,2.2185597,1.4712013,0.4008947,0.52413154,0.33027282,1.0033387,0.013634443,2.8170772,0.4771604,0.42171216,0.68855923,1.0634954,0.35617465,0.6468339,2.4540396,0.3222409,0.13444842,0.7800347,0.54309195,0.41115367,0.85674536,1.6563132,1.0298635,1.0042621,1.6701376,1.0641841,0.22651248,0.03084036,0.8472626,0.11192924,1.5930951,1.1296301,0.14730531,0.63568264,3.1968937,0.73598933,1.671653,0.590126,0.44030127,1.6907557,0.35785395,5.720846,1.7586855,0.7987934,0.3529699,0.11226902,0.08435294,0.5791652,2.333564,0.9529392,0.7002207,0.17521025,0.28355905,1.0853207,0.75593615,3.4839287,0.3679695,0.35379845,0.07801515,0.075392336,0.059767865,0.2837693,1.595974,0.6008499,0.36282766,0.9748239,0.644772,0.05028492,0.2205051,0.67263883,0.53692144,0.16065393,0.72825354,1.1991078,1.052372,2.6445246,0.2706019,2.4743295,0.8101604,0.15549706,0.9140213,1.9461892,0.66588616,0.927176,0.17576592,0.0,2.9284306,1.4554237,0.043014254,1.8177483,1.92904,2.2808852,0.49346587,0.3566351,3.5662596,1.3453643,0.014463514,0.04852276,1.3884878,0.6764282,0.9833156,0.057835158,1.3403935,2.0299625,0.05198934,0.7738937,0.2502245,1.1151842,2.4338076,1.1864126,0.7370352,2.6096637,2.5116713,0.008191347,0.29506734,0.29749855,0.73007,0.6793869,2.421456,0.18408568,0.058199182,0.8617496,1.0402409,1.8804389,4.49693,3.9214869,1.3875723,0.04914052,0.9477662,1.1912625,3.1759963,0.43786448,1.0875531,0.8845694,1.7910355,1.672367,0.21220253,2.3091211,0.4041041,0.2567169,0.39910245,0.002770898,0.20594427,0.15632644,0.054494817,0.06263505,0.9283957,0.40031597,0.9343789,1.6500409,0.108119845,0.51664466,0.6306012,1.9922976,1.1527314,0.30315062,0.39618558,0.071118385,1.8140397,1.4578125,2.9677987,1.5073105,0.65640265,0.35216781,0.8797066,2.0138245,0.19826885,0.6487165,1.2906766,0.5558207,0.5456721,1.0652362,0.72945815,1.0333638,0.68949074,1.5356869,1.295519,0.9019504,0.82467586,0.72175574,0.38198537,2.5310118,0.29493368,0.82707226,0.1661969,0.46097186,0.34313264,1.2274523,0.6453751,0.82271826,0.43082365,0.16653608,0.8463357,1.3234559,1.1854417,2.6058726,0.37166074,1.9474589,0.0009466971,0.84034383,0.19015591,1.3982533,1.0268606,1.1728785,1.2312785,0.8502487,2.4709508,2.7058632,2.1048067,0.24580589,0.5399315,0.2088641,1.4759957,0.6335935,2.2486155,0.33141407,0.3858066,1.846956,0.94320047,2.7037597,0.709133,0.95382273,1.080437,1.8647221,0.41902062,2.7276952,0.67116296,2.0223925,1.96893,0.29271516,0.6765786,0.21131346,1.247545,0.877467,0.350823,1.0588752,1.623452,1.276123,0.9642291,0.54781747,0.13420486,0.7620359,0.2127216,0.32669437,0.90883183,0.025839344,2.092083,0.5759891,0.5222713,all_pothole_images\pothole_images_2_image_12.jpg
0.8777981,2.426198,1.5802538,1.008347,0.8990024,0.8612015,0.42170897,0.43312192,0.5381813,1.0125611,0.5184461,0.73851275,0.6191839,2.347834,0.6449497,0.28357676,1.4998416,0.7518042,0.22432697,1.1217035,0.8955407,0.67248034,0.33504066,0.7588866,1.3002431,0.9214556,1.1477147,0.8313667,0.62531066,1.0836456,0.22597945,0.13789408,1.3149242,2.1753957,1.4994843,0.7977197,0.5477559,0.92707705,0.20441964,0.402282,0.19327463,0.921664,0.2071729,0.19067313,0.5892462,0.84123313,0.16541208,0.18492985,1.0032091,0.59073395,0.54682726,0.17025274,0.58827883,0.28551722,0.10366029,1.3868545,0.81391907,1.0709785,0.15246414,0.21499495,0.4880036,0.3968083,0.8330251,1.280919,0.8055491,0.093538985,0.71287864,0.25283515,0.3588693,0.87565815,0.6145475,0.3105547,0.16489266,0.6868037,0.113936424,0.6406205,0.88839704,0.61688,0.96538174,0.20057413,1.3081777,1.2051163,0.7484481,0.47372139,0.67368656,0.646912,0.4208517,0.32616118,0.7127142,0.00229684,0.76767427,0.46827024,0.37182078,1.6616743,0.28177488,0.50087637,0.5887753,1.1299294,0.5753293,1.2774737,0.65619123,1.1257238,1.2409558,0.8120159,0.21961474,1.623528,1.1929196,0.198673,0.42781112,0.5700392,0.73246825,0.5497696,1.9664412,2.0144792,0.75780016,1.0088915,1.2810183,0.81022954,0.92036265,0.32862788,0.74271655,0.74306816,2.43867,0.5316626,0.7686742,0.03848077,0.6160083,1.338133,1.0181085,0.99315006,3.439388,0.5546844,0.48088917,1.2506487,0.5004661,1.4700689,1.0277997,0.26122862,2.560169,0.23296718,1.1119821,0.73075414,0.68604267,1.7615021,1.2020439,0.6197757,0.15459429,0.20570135,0.58499795,0.6619489,0.1513585,0.951115,0.3289714,0.5932589,0.47732246,0.7840831,0.7865476,1.681428,1.3460705,1.0104765,0.9964008,1.6835216,1.1028439,0.7105596,0.39605305,0.71573234,0.8319259,1.1564548,0.928697,1.4258068,1.2499101,0.33100423,0.46348777,1.0449111,0.75193655,0.56047565,3.625326,0.43257707,0.85288644,0.73626494,0.046211265,0.13872308,0.23069604,1.2775711,2.764568,0.18433806,0.625181,0.1914895,0.33084473,0.80300534,1.7494372,0.35777625,0.45574638,2.1645088,0.71186495,0.64416456,0.5844433,0.47121522,0.6400225,1.329902,0.38172233,0.09082015,0.8879728,1.0658054,0.78080624,1.4376636,0.27383745,1.0215877,1.6441538,0.91348296,0.22425772,1.3472618,1.1293505,0.8239296,0.8291766,0.8716345,0.48497117,0.1323545,0.40861595,0.48277536,2.1761403,0.34302106,0.893921,0.1356362,0.23848706,0.3878884,0.54284096,0.9021268,1.5070469,1.0046495,0.2526981,0.8162431,0.6854413,0.83874696,0.29948822,0.29943028,0.768633,0.934433,0.6181458,1.5568091,0.8741456,0.016174566,0.07687026,0.8606896,0.26233804,0.14922746,0.31237662,0.68551886,1.2465436,1.695722,0.7145519,1.3640218,0.15295924,0.6337491,0.45503747,0.399849,0.7924296,0.9924071,0.571936,1.0083512,0.5543091,2.255255,0.59326863,0.27268553,0.14948282,0.39243877,0.23980638,0.88742954,0.7982651,2.134417,0.110728435,0.1860311,0.1656479,0.04307601,0.26487598,0.650118,1.0063391,0.56734693,3.0043008,0.99574596,0.30618146,0.21498796,0.40634707,0.6186746,0.8734646,0.23253308,1.0805775,1.3735443,1.8469372,0.799226,0.66143984,0.35478812,0.2876089,0.44297525,0.2512253,0.7016961,1.3147624,0.6833099,0.64301175,1.1515245,0.57353616,0.7600705,0.88183296,0.61551625,1.0132467,1.0388769,0.79959273,1.0186795,0.61618954,0.27354157,0.36332196,0.55828667,1.8543646,1.7571423,0.17567988,1.5881032,0.58579975,0.52057505,1.1078455,0.5533813,0.45492047,0.6200929,1.2599319,1.0543087,0.8592331,0.5262788,1.8444005,2.199094,0.8886888,0.90857327,1.4592685,1.2537,0.073079474,1.1026198,1.0628544,0.7804337,0.97188693,0.56123036,0.72749096,0.33106676,0.42387635,1.2446972,1.6285257,1.7767075,0.3798628,0.057152182,0.13264541,0.69903374,1.3614788,1.4762064,0.3174984,0.041305922,0.17480671,0.17060031,0.36588046,0.63904995,0.9073131,0.4882058,0.13123511,0.28439054,1.0032028,0.54973793,0.32989654,0.47960263,0.3710128,0.30160013,0.9748584,1.3903232,0.067895174,0.1048339,0.8587108,0.75253254,0.6877112,0.66252923,0.15913086,1.2971588,0.3561012,0.67304134,0.98780876,0.66867816,0.46249977,0.12202689,0.57431614,0.91349924,2.9227288,0.65351444,3.0889475,2.7645574,0.13917631,1.6574043,0.48811954,0.2284052,0.25898013,0.53894204,0.5122584,0.04045037,0.85616493,1.5482104,0.3709119,1.0050006,1.3210807,0.5170327,0.14744307,1.1361979,0.1955537,0.30161557,0.79459006,0.29818106,1.3432764,0.20976087,0.07679221,0.4435278,0.5613382,0.64449316,0.16148567,0.51394856,1.1609538,0.652159,0.276734,0.44335517,1.6947578,0.6641492,0.9659142,0.7845789,0.91269666,1.5604076,1.2755827,3.5418262,1.2112857,1.190918,0.43983072,2.1694055,0.31878775,0.36640105,0.22397509,0.5531423,0.7619602,0.7548859,0.08175481,0.38269818,1.6021545,0.9452086,0.30886558,0.68800086,0.35612953,0.8249285,1.7022748,0.7028392,0.48577705,0.31275094,0.34315556,2.2916112,0.33137053,0.115817904,0.5369163,0.09015357,0.51069385,0.11958898,1.2957274,0.21101318,1.1625031,0.59294564,0.47361094,0.570267,0.48175943,0.37951303,0.19420809,0.10800411,0.60136515,0.565205,0.089688554,0.47884914,1.4795526,1.140379,0.18597996,0.04826791,0.76369447,0.69283664,1.0478903,1.6860566,1.1833274,0.7601184,0.3213,1.2516,0.18951711,0.48478934,1.0779399,0.26995447,0.67058545,0.14267175,0.36696088,0.68336254,0.76283497,0.61785454,0.06868537,0.18368393,0.044427004,0.2990955,0.15816621,0.19923486,2.069186,0.4546828,0.24325123,0.9618083,0.39665225,0.8753269,1.540274,0.7565955,0.116012305,1.7531229,0.6139128,0.6742611,all_pothole_images\pothole_images_2_image_120.jpg
1.6378703,1.7566946,1.640936,0.28773656,0.5029422,0.71718603,0.8672957,0.33933702,0.8319506,0.8032757,0.84946936,1.0555438,1.008159,0.76270825,0.9471883,0.20771071,0.3937148,0.5089381,0.850438,0.7165999,0.4983869,1.6959442,1.0976458,1.8209783,0.2524731,1.9040248,0.606954,0.53326994,0.7187267,0.2854503,1.3188598,1.8549275,0.61169213,1.3684807,1.3358309,0.6801198,0.16150331,0.17139505,0.36212552,0.2369128,0.42352194,0.3878844,0.31652164,0.7468638,0.26167887,1.0555077,0.6067122,0.0035909766,2.9647064,0.40804997,0.7392266,0.67446285,0.21032742,0.5562338,1.5633827,0.67201805,2.0566165,0.65489805,0.41802144,0.42934552,0.66437835,0.5202886,1.0824565,0.3871927,1.3666279,1.9320745,0.8087289,0.27891594,0.09046325,0.18451618,0.40410838,1.5554631,0.23045452,0.8944982,0.233195,1.0299042,0.31651533,0.8417021,0.92979026,0.28649482,0.28438744,0.4789288,0.10107179,0.4913741,0.83338624,1.1844579,1.4367461,0.4235202,1.242687,0.6745954,0.32854322,1.3124661,1.195092,1.1271735,0.11844711,0.18255934,1.406866,1.6530522,1.5305717,0.16553548,0.7329484,1.5320833,0.17241806,0.72185904,1.8324769,1.6740545,0.7437356,0.6635044,1.765435,0.80688125,1.0965004,1.5434906,0.53878564,0.8035734,0.38230646,0.7396739,2.664509,0.5598865,1.2379413,1.1777933,1.0073667,0.54079974,2.4645233,1.3379594,0.59642786,0.73154247,1.8691941,0.394699,1.8130409,0.12797838,1.5620245,0.4854076,0.41965708,0.43429938,0.8185008,0.5206309,0.4224395,0.54777956,0.6231885,1.0348217,1.5798477,0.6890041,0.9896247,0.89226454,1.7775621,1.2497884,0.37944737,0.5673327,0.8583618,2.0816014,1.4537798,1.0530145,0.30106148,0.8036317,1.4465092,0.5212006,1.9710615,1.0739527,1.1110762,0.0050496617,1.198672,1.0500069,0.62529474,4.8836894,1.4088602,0.16955625,0.31504244,0.67478675,1.2566528,0.5230223,0.9442647,0.42625874,0.68974286,0.33907583,2.172501,1.3761908,1.4354677,0.25943655,0.57416636,0.6023522,0.24910171,0.91216385,4.8089433,0.897105,3.314788,0.21601622,0.7627785,1.1277303,0.5085849,0.36576042,0.44125372,0.31869116,1.1362208,3.168145,0.364715,0.3737262,0.28483382,0.83980685,0.8121939,2.3937352,0.58492225,0.24341685,1.5236409,0.6036328,2.8183146,1.6303653,1.7339113,0.92883146,0.088112205,1.3612792,0.0,0.31208876,1.0458359,0.3539117,0.22917616,0.3007605,0.78630555,0.46732685,1.1332115,0.032476243,0.30858555,0.6564874,0.58086586,0.8338704,0.75888354,1.1070343,1.6988254,1.2224154,0.012036479,1.6785676,0.072233215,0.64726406,0.561114,0.45340225,0.5855937,0.48884463,0.29545903,0.8919028,0.59111756,2.0830326,0.6505006,0.27545953,0.48860314,0.094039544,0.08469687,0.3068393,2.3139415,0.22180226,1.8171023,0.52486116,1.607034,0.36389115,0.5927247,0.669451,1.7220196,1.0257398,1.1356246,0.05068813,0.52867,0.24097808,0.42770758,0.56649727,1.0353645,1.2491605,1.154232,0.55827165,0.16145027,0.077546306,0.78605586,1.1157254,0.1660421,0.7542047,0.68696684,0.581754,0.6710849,0.7456081,1.6575389,1.5685772,0.49079534,1.7362279,0.4478316,0.1280654,0.36842567,1.8445864,1.0014116,0.20450442,0.01571927,1.8513361,1.3520768,0.31266823,1.676613,0.45598173,0.33896816,1.898766,0.9714223,1.1502146,1.3722855,0.1476193,1.0239885,0.013416399,0.32665002,0.36220035,1.1118901,0.74122876,1.1801264,0.3415859,0.03226075,1.2887981,0.06689192,1.8848227,0.7890752,1.1993825,2.3042707,0.012238936,0.4730711,0.5087922,0.40895844,0.07705652,1.0608149,0.6311121,0.8733165,0.32310718,0.34599334,1.0332676,0.75675935,1.2689047,0.84726185,1.9747673,1.6122215,0.004778077,2.277864,0.6006246,0.39940748,0.48131755,2.0627058,0.7338157,0.87115365,0.7288013,1.1918198,0.46366042,2.3236184,1.1900808,0.1323432,0.050257336,1.8815734,0.4085081,0.08690918,0.6853916,0.12930611,2.1944783,0.75674725,0.08152655,0.24850217,0.35542414,0.6041738,0.18452695,0.56993926,0.64323163,0.14916025,0.53226423,0.24716711,0.619974,1.2980385,1.4688065,0.29872507,0.2972577,1.943958,1.4653816,0.15309888,0.2485543,0.9456113,0.8360035,0.9650271,0.6693522,2.0223744,0.6945987,0.15464804,1.1821905,0.5367546,0.72507894,0.85953206,0.2273929,0.6719241,3.833709,2.0875993,1.1665062,1.2544202,0.7019252,0.06603969,2.4764333,2.2448683,1.0897857,0.5073346,0.048103984,2.0430496,0.9027743,0.5385102,0.7407367,1.6071088,0.17536122,2.4455209,1.1973276,0.42163226,1.0159683,1.3078314,0.35550252,0.3882978,3.254534,0.21386172,2.6782296,0.3844715,1.0553001,1.2563125,0.922854,0.8254126,0.8891193,0.30740368,0.9648169,0.12746684,0.41904724,1.8017006,0.90727806,1.9014684,1.5106213,1.2970337,0.13315259,1.090239,3.3374765,0.61045843,0.16383374,0.045782357,1.6784964,0.17056224,2.4307976,0.2217192,2.4766486,0.65342635,1.3145945,0.39331982,0.5938482,0.16001548,1.9007634,0.45772225,0.14232522,0.0,0.6472238,0.5375606,0.6770865,0.4082749,1.7777666,0.3310261,0.14239146,0.016338626,1.739495,0.79822665,0.84626573,1.4229854,0.54863065,0.5211073,0.20058674,0.57217664,1.270828,2.4262202,0.02286208,0.41187337,0.77782273,0.15745153,0.29835817,1.1206522,2.5695212,3.6076522,1.2373157,1.3866756,0.20362492,0.5228271,0.34316278,0.49762237,1.2433672,0.60564804,0.33017147,0.8331462,4.061914,0.90147895,0.3088114,0.015329685,0.83221954,2.6037538,0.34659132,0.46304506,1.0634702,0.12851542,0.00526649,0.047050547,0.17072551,0.30794328,0.6625776,0.52591354,0.36405137,0.7430782,1.1861147,0.56663036,1.1906313,1.3122112,0.2458076,0.55408406,1.0831692,0.06532908,1.2540232,1.1712214,2.671987,0.263658,0.56565887,all_pothole_images\pothole_images_2_image_121.jpg
0.93228644,0.48826566,1.2730049,2.936548,0.069286704,0.45497808,0.0,1.7987804,1.9481199,0.7274044,0.018245617,1.6776973,0.21826477,1.0317982,1.219252,0.0063090622,0.46981132,1.2045171,0.1366375,1.1473764,0.008201622,0.08196377,0.4734416,1.8870156,0.04407542,0.2773803,0.0,0.1342211,0.31711674,1.1461065,0.33673826,0.055147156,1.5032868,0.021619383,0.7109946,0.48268762,0.33122256,0.69819516,0.65195125,0.22368392,0.31039515,0.36747786,0.15533435,0.3063252,0.77317435,0.21705541,0.40352926,0.062174525,1.5744764,0.07272841,2.7603536,0.5918889,0.7078467,0.0,0.8508307,0.466501,0.05434042,0.60199136,3.812427,0.031046512,1.0079798,0.31295475,1.474013,0.52258515,0.92547995,1.6621525,0.5465364,2.0790546,3.5505342,0.9489022,0.4910433,0.71108025,0.41846097,0.1752287,0.060237575,0.440903,0.009795476,0.444034,1.0647788,0.5558774,0.537573,1.0471077,2.0150695,0.04669447,0.53443116,0.22679941,0.375705,0.147028,0.17571901,0.52288437,0.77846664,2.401745,2.6674743,0.79517066,1.6330836,1.8275098,0.6403101,0.3133952,0.37032634,0.42413107,0.2608122,0.0005409243,0.36241204,2.4963496,2.2208743,1.744582,0.07285095,0.0034721575,0.12991476,0.39911336,0.70997185,0.0074358666,0.04605209,1.1685593,2.4762006,0.048329104,0.3391332,0.12740758,0.2470815,0.17740525,3.5236075,1.6792961,0.3395849,0.8959995,1.9468324,0.0,0.23915498,0.6312879,1.2863505,1.7779862,0.106705606,0.0382491,0.7082059,0.0,0.20638822,0.021219207,0.6800508,0.55045265,0.25896144,0.6912099,0.021076635,0.18385646,0.60214293,0.07670347,0.37560543,0.40838304,0.9169379,0.07084573,0.07030156,1.433435,2.2655149,0.036296047,0.61136687,0.1403696,3.3926911,0.59612304,2.1654565,0.49563617,0.5098415,0.010180288,0.84691525,0.87779045,2.2127857,0.030500075,1.6096188,0.020288311,1.2690941,0.44098982,0.35398334,0.9929444,0.04585932,1.0355948,0.46297303,1.2973711,1.5271537,5.062152,0.0651719,0.13362554,0.4137594,0.41841137,0.0,0.95509934,0.11808724,1.3840736,0.007252993,1.0429214,0.1904813,0.47518608,0.08750278,1.4305488,0.56372845,0.25305215,2.2028332,0.61052233,1.0716763,0.05435524,0.9803792,0.25644884,0.8974111,0.6949886,0.9884937,0.35609168,0.32678813,0.21273023,0.0,0.05122715,0.9522245,0.14780173,0.0578435,2.4622848,0.5374786,0.4005324,0.28259456,0.04979786,0.2249191,0.27225155,0.6670467,0.68599546,0.5752473,0.66141105,0.77731663,3.286243,0.37120017,1.3084679,0.1304738,0.3336427,0.7040993,1.0600497,0.048286118,0.41766632,0.17947859,1.2152156,0.07068051,0.13742566,0.15330149,0.0,2.200885,1.9246869,1.1596837,0.63912123,0.6577627,0.73849016,0.31455645,4.3620753,0.309663,0.14208111,2.5607548,0.67613655,1.1745709,0.020903898,1.2403033,1.1587608,0.5362284,0.001255149,1.7796339,2.3910785,0.21045583,0.22289538,0.22451288,0.33626378,0.7301148,0.23226945,0.082898706,2.0231023,0.021152059,0.60550755,1.0071963,0.1250409,0.6206941,0.22167182,0.22588746,0.90016985,1.3135529,0.29089928,0.2571916,0.34187216,1.430559,1.4376006,0.2681768,0.16256428,0.7417716,0.5256944,0.9941147,1.1918019,0.7534753,0.20513849,0.32364365,0.7112862,2.160739,0.5121156,0.31122208,0.58224845,0.51274616,1.2378006,0.94326645,0.09368674,1.0166363,2.7447062,0.23849641,0.47408706,1.4337686,0.15294477,1.2556018,0.0,0.050472975,0.32650477,0.009260684,2.0644145,0.051274095,0.895453,0.26066163,0.09434762,0.4020694,0.043605868,1.1885381,0.10366675,1.4306579,0.13801356,0.6721378,0.70565665,1.7663063,0.2508871,0.11136565,0.24077873,0.74764234,0.7371741,0.17180808,0.38537243,0.51272553,0.21504453,0.0,0.028181275,1.7482969,0.19917578,0.3197525,1.0221758,0.17383839,0.49814916,0.5704903,0.039782055,0.80117583,0.44711754,0.87016827,0.3486266,2.1926014,0.7505194,0.25136214,0.5639521,0.07330249,0.6121636,0.13294299,2.127125,0.21358842,0.5382009,1.178697,0.17009552,0.4634917,5.56888,0.42137948,0.14795256,3.2780235,3.20353,1.2858243,0.22433491,0.051917177,0.06751834,1.6735471,0.0529432,2.0646262,1.9069144,0.7414958,0.38791454,0.032586325,0.4461084,0.8401064,0.3480427,0.05627365,0.03037326,0.08031316,1.2063477,1.4273888,3.0707614,0.7980988,2.7696974,0.40303555,0.1668262,0.16369791,1.2104996,0.85204226,1.1499689,0.851808,0.55722237,0.629948,0.78771657,0.48857296,0.39619488,2.2796552,3.7560735,1.7921282,0.85581064,0.27125245,1.0374776,0.017861893,0.62279224,1.9315329,0.2006806,1.5752921,1.6913046,0.0,0.4085051,0.010914443,1.1045862,1.1336414,0.06118443,0.37602577,0.54708326,0.32428595,1.0693119,0.24428776,1.1314698,0.038389955,0.32402045,0.07551519,2.6781478,0.656591,0.0,0.2464772,0.48761132,0.4178587,0.6416949,0.09751359,0.22936215,0.2560034,0.58520335,0.0,0.128269,0.18654011,0.02415865,0.0074515664,0.953172,1.0134974,1.1052065,0.016243607,1.6143032,2.3343377,1.0621457,0.41307893,0.10659599,1.9631796,0.4375513,0.9029908,1.170679,0.6756061,0.3284842,0.36256555,0.4579547,0.006684624,1.1596496,0.28254193,1.5377563,3.0075788,0.14921324,2.1041977,0.9583181,0.5007032,1.3207905,1.2941667,1.0992377,0.06340877,0.05460331,0.38505685,0.9254832,0.07631772,0.72943354,0.90593094,0.59513307,0.43591315,0.3804192,0.042894732,0.055698667,0.4786947,0.0,0.26830724,0.037040025,2.0252852,0.31979832,0.68499565,0.022474322,2.0591867,1.4249532,0.54194844,0.02287733,0.10634397,0.047490906,0.21741614,0.0,0.022400936,1.3987988,0.4070708,3.6181676,0.07412332,0.96015453,0.1037215,0.01562864,0.4521218,1.051877,0.315654,0.9550625,0.020658813,1.5952628,0.0008490588,0.055497948,all_pothole_images\pothole_images_2_image_122.jpg
1.1950458,0.8593853,1.5520447,1.5273032,0.44164017,0.6087583,0.18624866,0.72569925,0.92420274,0.34615573,0.01134665,1.4029912,0.119357534,0.058872223,0.9147057,0.024570711,0.38948986,0.08947752,0.057501588,0.43611705,1.6071353,0.5731925,0.035853084,0.2869186,1.7173078,0.070163034,0.25017405,1.806384,0.29620367,0.0870947,1.1593364,0.17225577,0.043096736,0.8543829,0.123800606,0.6642627,0.26293877,1.4888223,0.6392422,1.0441301,0.3724055,0.6133057,0.10776502,0.8181993,0.5611851,0.26420936,0.61385155,0.16266294,0.0472772,0.16531797,0.07068189,0.22910531,1.226536,0.023487108,0.0056625595,0.47467273,0.8560268,0.15375446,0.4212621,0.40886873,0.19561212,0.20116992,0.045846716,0.5871761,0.09504468,2.2514079,0.15675002,0.0,0.2894608,0.09440286,0.9024012,0.5684464,0.9271507,0.15535514,0.040923547,0.102102295,0.6572899,1.7000219,0.011178614,0.00017970106,0.012397036,0.06410323,0.08701373,0.3660248,0.09978044,0.2025751,0.048238203,1.0139707,1.7934047,0.61330247,0.011416193,0.05706788,0.097972915,0.2887206,0.826548,0.00014324604,1.0344061,0.7227947,1.117485,0.06841304,0.38793597,1.0418265,0.01882868,0.40723664,0.2715625,0.120966665,0.21191433,0.21873465,1.0651814,0.08266263,0.027915355,2.0643466,0.3583308,2.1409996,0.2175285,0.7035287,0.32420006,0.13968857,0.23902181,0.02940135,3.0457034,0.94751287,0.23898351,0.96587497,0.12933515,0.24439548,0.06285663,0.58109486,2.567552,0.057836976,0.05338232,0.10674481,0.03092654,0.18838373,0.3382651,0.9353891,0.06974583,0.5963007,0.4658252,0.005922056,0.0,0.8294799,0.14402717,0.472447,0.47531268,1.3518428,0.43665257,0.73699313,0.04723365,0.6136431,1.0022196,0.060844477,0.0,0.036769915,0.70832443,0.6542508,0.091317125,0.32866415,1.6183515,1.2226119,0.95349324,5.155471,0.48238906,0.49005407,0.00024819045,0.52906156,1.1224966,0.03167613,1.5594469,1.4141711,0.0,0.0,0.76481813,0.014545337,0.5262706,0.0015689834,0.9424796,0.090730995,0.104889214,0.16057198,0.018771743,0.9805855,2.4751465,2.26032,1.9083647,1.1256297,0.54613,0.16740361,1.6744285,0.9695481,0.06811891,0.09615295,0.08970042,0.9816208,0.7008217,0.45677832,0.27881423,1.1637927,0.31127432,1.1765045,1.259599,0.48755938,1.24766,0.62323034,2.7277975,0.31770545,0.5077907,0.048309043,1.4946631,0.9920937,0.06487501,0.030545052,0.47747287,0.32219037,0.6152794,0.42247576,0.075381674,0.15374656,0.1843112,0.0,0.75187695,0.58280903,0.3805736,0.45221832,0.0,0.20120895,0.8931166,0.03836936,0.37278855,0.7266323,1.0013572,0.0042325133,0.05934171,0.92667013,0.2458605,0.26576003,1.6442479,0.033255517,0.22607487,0.08269049,0.30973575,0.24594341,0.22756518,0.026297294,0.048013404,0.049887307,0.26939136,0.25197402,0.0734452,3.9625797,0.9944563,0.40363908,0.06316675,0.3837121,0.043393932,0.1545145,0.84900725,0.33109933,0.009673796,1.2141637,0.030729068,0.27951205,0.3065703,0.35827106,0.22785303,0.27680936,0.4095005,0.12080813,1.8324332,0.012171706,0.33381984,0.021744356,0.113192916,0.32003552,1.4056306,0.7601279,0.25866958,0.21268618,0.12897204,1.5997822,0.9079801,0.0,1.4384874,0.017846938,0.6865379,0.49969637,1.5982251,0.3763564,0.078034386,0.5358526,0.021529047,0.008159542,0.17357008,0.60971224,0.25457248,0.219796,0.0,1.6530851,0.50006896,2.39324,0.68813604,0.29322007,0.012417153,0.14483152,2.7331533,0.20005786,0.11404342,0.43793982,0.0070781917,0.0,0.12108817,0.29843217,1.1785039,1.8277713,0.0,0.117160425,0.50879097,1.503623,1.1246942,0.63130975,0.11286612,0.0,0.9682,0.07453279,0.59708685,0.29635885,0.5021216,0.022349572,0.7172213,0.04655139,1.8988848,0.09816753,0.0,0.0575223,0.13611016,0.25698158,1.8068346,0.046662353,0.18653063,0.2763157,0.2320654,0.8309286,3.3398774,1.3669312,1.6918151,0.63210183,0.4109694,1.7832031,0.3604813,0.99955267,0.15576862,0.6602744,0.14968632,0.56701237,0.0337224,0.012925693,0.483608,0.60490274,0.08020899,0.53151894,0.49439254,0.5486444,0.49920353,0.5657588,0.23075536,0.3759843,0.898536,0.001947791,0.06037262,0.06114871,1.7918564,0.3498579,0.15248421,0.002026625,0.45778236,0.72124135,0.1705018,0.12359268,1.0997657,0.70451,0.013648298,0.0,0.7782291,0.2886179,1.7016313,1.9543005,0.52346116,0.007384525,0.0,1.4186747,0.577279,0.34257102,0.014833193,0.8316585,0.35921362,0.18682277,0.9557921,0.12537436,0.0046945354,0.8679915,2.0899332,0.6214869,0.079035416,0.014163952,0.25475514,0.33149123,0.11927129,0.52051157,0.61719936,0.0,0.8119251,0.5322011,0.38871467,0.7198877,0.1137017,0.8365016,1.9969295,0.55263597,0.19871232,1.1023302,1.2995205,0.06205692,0.52164,1.4829508,2.2540078,0.17636947,0.41637254,1.0711452,0.19571927,0.6997875,0.18611908,0.0,0.6660234,0.007273313,0.040163346,1.8160113,0.16913407,0.47704703,1.0923861,0.4730809,0.2925307,0.22237107,0.39980367,0.44824514,0.18401702,0.09555515,0.26330736,0.09619669,0.10503541,0.6957961,1.3790636,0.23452073,0.040853053,0.90574014,0.7392101,0.7165677,0.19989504,0.41696224,0.14712968,1.0465373,0.39433482,0.25991234,1.6548207,0.0054545826,0.3637135,0.15954112,0.02336026,0.15530829,0.11902588,0.45258072,0.37023875,0.23445222,0.046515018,0.0009165484,0.28537902,0.086795166,0.1658851,0.4019256,0.76548254,0.52531254,0.8225258,2.4465325,0.5074451,0.15953054,0.0244466,0.22594951,0.049832206,0.45087737,0.16490598,0.03843109,0.71192026,2.3596268,0.0,0.36944816,0.0,0.10659243,0.32330146,0.015550824,0.10618883,0.00032239244,0.44996813,1.8971286,0.5010823,0.20224535,0.016562011,1.5675824,1.3488555,0.35755098,0.13543074,0.77369857,0.35537034,0.3552155,all_pothole_images\pothole_images_2_image_123.jpg
1.4507381,0.036016993,1.0309688,0.3657243,0.0,0.34804145,0.20936702,0.00096244935,4.2788653,1.2572598,0.32962456,0.046670992,0.0,2.6902814,0.25646445,2.1738646,0.96090746,0.5718868,0.8001928,0.5389125,0.6443882,0.5431058,0.16188385,0.0,1.3073493,0.3352238,0.0109235095,0.6404388,0.48884892,0.027545255,0.0,0.16421212,0.03531838,0.5741012,0.0,0.09967048,0.0,1.2846205,0.8675375,0.056930132,0.0452079,0.07902093,1.2593628,2.6813881,0.69160444,0.6911523,0.00074166735,0.033436004,0.18913732,1.1757466,0.53284895,0.008187762,0.04278018,0.7507314,0.29354674,0.43600348,0.17204255,0.0,2.0850127,0.08415459,0.0,0.28327447,0.13853054,0.4375173,1.0823631,0.08155007,2.2836316,0.7223875,1.6036516,0.16017723,0.0,0.07810938,0.7302994,0.020879382,0.5855076,0.018658925,0.44985923,0.013139822,0.17050973,0.001197826,0.06990253,0.020578953,0.78043276,0.16229497,0.9324978,0.56111306,0.386266,1.3864955,0.01088593,0.3682101,0.1447587,0.26619634,0.13528961,1.6820772,1.3448898,0.0,0.30274156,3.3200707,0.5929437,1.4137096,0.052635036,0.008402229,0.35596406,0.78323597,0.2565651,0.25449994,0.06034093,0.2446958,0.0,0.093404524,0.14150766,0.5170613,0.0035033848,0.0,0.1874742,0.0034650734,0.12978816,0.2289966,1.3879989,1.2862489,1.5861455,0.08665289,0.012148458,4.8403244,1.7814052,0.3157388,0.35213336,0.003951726,0.19962423,0.04790976,0.016078267,0.2612496,0.51901275,0.4750321,0.07778732,0.0,0.6652443,0.8155034,0.14345877,0.036888137,0.05653192,0.0036699346,0.5857421,0.0,0.021487888,0.0,0.08215758,0.7322063,0.6495489,0.4435013,0.15559283,0.12046556,0.34368503,0.70371246,0.56294644,0.23389918,0.008887043,0.056179117,0.8031449,0.01261696,0.22561513,1.7043139,0.11174038,0.02008626,0.060071807,0.88702905,0.36032072,0.0,0.557225,1.2105124,0.34031639,0.10987881,0.48532936,0.10882979,1.1671879,0.8285821,0.38664067,0.0075778356,0.9018889,0.51442903,0.048632573,0.9822834,0.158838,1.725281,0.0,1.4454943,0.2872314,0.364242,1.2308469,0.439523,0.013740354,0.41789058,0.1751121,0.1446336,0.40881994,0.40303084,1.1011367,0.23504339,1.1868731,0.04314308,0.06500509,0.1758997,0.06924226,0.019539546,1.2751371,0.098395266,1.2599378,0.08271333,3.781005,1.8395818,0.0,0.07787431,0.03670424,0.0027909738,0.88985914,2.219518,0.32482606,0.676413,0.12198734,0.3665614,0.0,1.5704001,2.3516085,0.6146567,0.15978396,0.023454992,0.029359182,0.21047516,2.5154164,0.58930117,0.031076789,0.092126116,0.29690638,1.1222941,0.39556682,0.28580654,1.3357525,0.23398389,0.0,0.0,0.112549536,0.37627771,0.03282064,2.8974633,0.01787688,0.15885454,0.807515,0.02648764,1.1028864,1.7720262,0.620852,0.128227,0.018630086,0.1032286,0.32403556,0.3761278,0.14309636,1.4626241,0.1905924,0.21961959,0.4384439,0.015082417,0.1084138,0.38078567,0.06831166,0.03202768,0.098969616,1.5671241,0.5326573,0.8774662,0.17524716,0.066715755,0.22762835,1.1875305,0.729241,0.22431421,0.009186439,0.16842836,0.0,0.080552764,0.6496958,0.4512586,0.51389474,0.0008763764,0.0051762075,0.14439502,0.06380233,0.044085708,0.0,0.037108887,0.0102051115,0.16113493,0.49515462,0.047689475,0.20575951,0.811917,0.26239294,2.7557783,0.0,4.5251737,1.9260786,1.0188843,0.11735711,0.10911456,4.0692987,0.39630157,0.04324535,0.0,0.26951185,0.0,0.0,0.03639136,3.7041576,0.6145896,0.105051816,0.51975095,0.23227613,0.55790603,0.7681025,0.0,1.5380747,0.81735647,0.19732343,0.61620116,0.018540047,0.053055383,0.7547457,0.0,0.0,0.014998807,1.4038244,0.66599363,0.42927745,0.09731715,0.086462036,0.57235134,3.148739,2.1598804,0.92789626,0.569716,0.76825356,0.25503093,1.7059201,1.3583156,0.3640306,0.15410228,0.15524398,0.0134654455,0.0,0.8530581,0.20872004,0.058216523,0.21595344,0.38515675,0.28724834,0.83170086,0.80629414,0.83011967,0.8143225,2.963951,1.7965808,0.17136867,0.0,0.16965587,0.773814,3.5979068,0.8206572,0.0021203791,0.4734392,0.42349657,0.31338632,0.68915325,0.18709947,0.20074475,0.06695227,0.19021778,1.7653321,0.9583233,0.1283713,0.23659696,0.8107259,0.32495564,1.5331789,0.16693722,0.36772734,0.0,0.0,0.76282144,0.8051494,0.48853964,0.035848767,0.000118558986,0.0,0.8445725,0.02157031,0.12292598,1.3312726,0.34161162,1.0952592,0.11561301,1.4108251,0.0060670683,0.20298229,0.6042151,1.017882,0.09685924,0.003714617,0.43825054,0.43624374,0.19915657,0.42461884,0.05288298,0.72183406,1.4275376,0.105846345,0.29656023,0.13964258,0.013442385,1.1303356,0.17685041,0.055853926,0.008520349,0.0,0.08674798,0.0,0.0,0.731852,0.018256236,0.015693353,0.33782047,0.64656293,0.84066355,0.21295255,0.22701524,0.13066736,0.226789,0.36927646,0.2799182,0.03836566,0.32524693,0.067027725,0.044536818,0.6106649,0.071356386,0.43551853,0.0,0.21339658,0.11279041,0.0,0.15910593,1.9927582,2.5369027,0.8170826,0.12911911,0.0541133,0.18732665,0.0,0.2741217,0.0015876452,0.4985606,0.4462425,0.05396127,0.004261063,0.0,2.635039,0.8127142,1.403759,0.3150613,0.17674136,0.35610706,0.75061375,0.48214093,0.00056325376,0.018723456,0.96156245,0.10780779,0.038576856,0.22007799,0.0,0.1616661,0.6394328,0.1293531,0.4066845,0.022469658,0.8837378,0.20274006,0.13966143,0.058037814,0.41965437,0.33651942,3.1131797,1.1338927,0.09098646,0.057808265,0.07073993,0.16263707,0.00253613,0.07883897,0.6754641,0.0,0.50626874,2.8773675,1.2199752,0.098320276,0.91741127,1.7463509,0.44984183,0.013797606,0.7697506,0.019760549,0.051455233,0.30501842,all_pothole_images\pothole_images_2_image_124.jpg
1.9311218,1.8501706,0.49595332,1.609312,0.3223087,0.8238847,1.1280596,0.019777335,0.18183556,0.6453974,0.30199903,0.8220861,0.5192905,1.5058403,0.5069115,0.30704042,0.050689418,0.8850228,0.34606946,0.074549355,0.8945079,1.5487721,0.93893915,1.1006362,0.35487303,0.19685988,0.9658175,1.1401693,0.32670859,0.44078434,0.6380095,0.15775248,1.2354417,0.16247393,0.619643,0.3748319,0.575525,1.172374,0.05848227,0.3018999,0.06316982,0.6779366,0.18909727,2.125373,0.31652838,0.04155802,0.090289176,0.12070396,0.55921626,0.17963755,0.53675693,0.063939765,0.36113563,0.048253875,0.0262347,0.50504476,1.3745176,0.5096722,0.013383342,0.4095359,0.009705248,0.10903296,2.1241424,1.7003404,0.7787979,0.19155222,0.25096866,0.14723071,0.035826314,0.8913926,0.33992422,0.42815143,0.027996246,0.48846194,0.027928824,0.35452092,0.92533296,0.84603614,0.16906421,0.41719797,1.0595059,0.2781202,0.23531622,0.75251794,0.702088,0.5321154,0.0860942,0.0011145172,1.3890833,0.08079627,0.1513791,0.47218692,0.22517456,1.0137981,0.5786979,0.020639015,0.40517962,0.29122192,0.065691486,0.049704593,0.21999209,0.9569094,0.3941546,0.08573611,0.15848309,0.025993682,0.2991473,0.04330414,0.13667895,1.0850626,0.0,0.59039944,2.1875968,0.17702487,0.37016302,1.2986782,2.7220247,0.5062659,0.60541177,0.10793965,1.2560936,0.09109971,2.006144,0.0779662,0.24039786,0.48859623,0.40282747,0.4089507,1.9310377,1.2122928,1.1382525,0.93258417,0.5758743,0.2879624,0.44601563,2.0054243,0.35502166,0.0029976058,0.68037134,0.2884551,1.3943901,0.048743714,0.4956875,2.2209086,0.7625975,0.62200546,0.06246222,0.3997068,1.0224894,0.5189036,0.9955067,0.5374014,0.021577913,0.34561202,0.7188319,0.2310503,0.25487304,0.7173767,1.0283419,0.3023514,1.4098806,0.6133977,1.0580912,1.0787872,0.26547095,0.36073124,1.467031,2.5906382,0.7569957,0.8118218,1.2163235,0.3702503,0.2351328,1.8825191,0.482396,0.5675008,3.0688663,1.0017234,0.34709555,1.2864293,0.25136477,0.07127515,3.3462906,0.05640846,3.3081994,0.72663766,0.79862136,0.036277164,0.019712392,0.35472706,2.5733912,0.1252141,0.020892289,1.6910986,0.4025535,1.0229423,0.07565089,0.21464662,0.6358582,2.2660558,0.10501093,0.07326127,1.966638,1.0527823,0.083626114,2.378102,0.050193135,0.81890696,1.0595093,0.025672287,0.1913803,0.8105829,0.88245034,0.5028611,0.49777365,0.18751726,0.4512484,0.4293621,0.6484432,0.14684005,0.7584567,0.11639382,0.019451197,0.30504265,0.0,0.9528092,0.7982026,0.4277114,1.1268107,0.22695225,0.11196971,0.30414414,0.5638177,0.260407,0.10681847,1.2102406,1.2093079,1.3331001,0.2915529,0.1371873,0.579995,0.23119424,1.8998446,0.40317944,0.15240473,0.21225183,0.5429128,0.29756585,0.6105216,3.4216552,0.8172982,0.11115259,0.14204343,0.4800784,0.06209622,0.625757,2.033652,0.15120648,1.2365173,0.6853761,0.83577335,3.0443614,0.21983555,0.095219076,0.014782283,0.26336676,0.09871604,0.44270128,1.3630847,2.790889,0.06205583,0.4474193,0.14946797,0.44187498,0.21378696,0.7175721,0.3959179,1.151895,2.5574563,0.43675312,1.603966,0.1578303,1.7502525,0.8204218,0.2864238,0.2997643,0.33308315,1.2723889,1.2973871,0.5240538,0.16977896,0.66189784,0.3061218,0.66246873,0.04146257,1.587639,0.049017657,0.08733896,0.84613806,0.9703942,0.36907724,0.76880795,0.0,0.023116985,6.8119326,0.20580766,0.46456414,0.30414465,1.1685306,0.033087928,0.00987286,0.6577272,3.2038624,0.77519286,0.93402964,0.29274544,0.11195184,0.11393495,2.8902762,0.3346367,0.41452208,0.28678906,0.49261898,0.933087,0.06332036,0.07313421,2.1275332,1.8334291,0.2918958,1.1057445,4.584915,0.5931401,0.75812835,1.2165756,0.7685941,0.50456566,0.93373394,0.3946371,0.2923036,0.40831006,0.15685177,0.99051213,1.0811185,0.9109923,0.31515485,0.2776184,0.105827145,0.2236337,1.5981784,0.5395693,0.37513414,0.71737885,0.0,0.0027365189,0.34586048,0.120444596,1.7257214,0.3033947,0.18779169,0.12331557,0.12202169,0.1583748,0.6686856,0.2987065,0.027233101,0.25961447,1.9879447,1.5282938,0.06961368,0.50477153,0.8554569,0.17690292,0.35618466,0.071135454,0.167222,0.44870853,0.19876724,1.1519436,0.1925093,1.1809801,0.02759567,0.39401284,0.59990495,0.8471113,4.1576605,0.14413162,2.6953604,1.1622034,0.0,0.9480629,0.66825277,0.16179223,0.15210174,0.07206089,0.5238493,0.033571605,0.3000994,0.19157365,0.26206568,0.0791341,1.4300513,0.32090876,0.33933172,1.2431846,0.1314439,0.18319193,1.159527,0.11269115,1.0728897,0.5846605,0.011824176,0.07140541,0.326474,0.5582253,0.19161859,0.21441232,0.05066568,1.0643183,0.22975111,0.26893,1.4617652,0.22822161,0.74250424,1.4810475,0.23135935,1.3913184,0.60139614,4.288694,0.33354175,1.3040595,0.408857,0.80483025,0.012780928,0.3978592,0.4335113,1.3281766,0.62189955,0.2542028,0.18647285,0.37994358,0.49780747,0.028726893,0.0096016005,0.11031711,0.17082602,0.40051478,2.6050527,0.024436863,2.1524184,0.4111627,2.1409042,0.6660215,0.15727586,0.53857154,0.9646563,0.07348292,1.5140773,0.0,0.530416,0.634267,2.9651208,1.1768603,0.7517332,0.0,1.2592068,0.18742487,0.022859192,0.87261593,0.0,0.85301137,0.5125412,0.603557,0.6835963,2.101835,0.34747288,0.030517245,0.25105792,0.97337556,0.124471195,0.26928493,0.09579843,2.599274,0.79614794,1.0190846,0.0,0.22090553,0.42576072,0.061000142,0.13322362,0.86698365,0.02990001,0.9789943,0.10147538,0.6495767,0.012155521,0.012582847,0.042558957,0.248274,0.039612245,0.5318359,0.62787557,1.1988809,0.3820048,0.7664246,0.64394975,1.342865,1.267309,0.50104415,0.2187261,1.3850144,0.1789376,0.036977004,all_pothole_images\pothole_images_2_image_125.jpg
0.7407438,2.9066343,2.4443655,1.5542414,0.262324,0.06840811,0.3473608,0.4387126,0.17642403,0.30384445,1.3122665,0.4951449,0.38927847,2.4060407,0.28295964,0.47662482,0.872078,0.256676,1.3811427,0.53894293,0.45461202,1.0742242,0.33012947,2.6063914,1.3060908,0.43069932,0.21482094,1.4769578,0.40022558,0.18052669,1.6907127,0.2490141,0.07255552,0.17487568,1.1962302,1.0800554,1.4403186,2.5740707,0.7208309,0.7050665,0.3934141,0.007317408,0.36007732,1.9860085,0.4960243,0.42722973,0.07083775,0.32960385,0.6751982,0.7589318,0.3473384,1.2866756,1.1399416,0.05772909,0.43472958,0.40315533,0.5415657,0.22674346,0.20066617,0.0932746,0.4402191,0.35186416,0.1345959,2.1169577e-05,0.11201856,1.4454467,0.28265786,0.38113225,0.68864316,0.19915417,0.541129,0.301261,1.3736578,0.6072186,0.9761526,1.1666951,0.37627277,1.321199,0.308583,0.4953482,0.61866146,0.104013726,0.076292194,1.0347073,0.7680913,0.44972813,0.23600197,0.47528854,3.5202255,0.27714312,0.24418803,0.006036477,0.14159396,0.25658584,0.49318817,0.35229632,0.9356271,2.2794209,0.52829766,0.018554999,0.10993418,0.6390406,0.317961,1.2616404,0.5929728,0.8373536,0.58782434,0.2877426,0.2961182,0.63751155,0.16414575,1.6994425,0.30726126,1.1250416,1.3545762,0.20335789,1.2195657,0.2876859,1.2787908,0.5737289,2.2503514,0.068475105,0.24649833,1.7863339,1.0367926,1.3072889,0.81622297,0.18587431,0.25301418,1.175247,0.60519713,0.034256317,0.43943405,0.14546806,1.2723577,0.29246184,0.07586204,0.48717943,0.4560567,0.46857098,0.52049434,0.59109086,0.6151335,0.33125293,0.2611941,0.42085722,0.119500004,0.35539034,0.18825234,1.026667,0.5127926,1.2310277,0.12697297,0.14348389,1.0933018,0.028144943,0.04155034,0.27375588,0.05740598,0.37502593,2.068527,1.1296104,0.44715467,1.1312963,0.0012105439,0.3222649,0.6790421,0.08941875,0.46718878,3.3276298,0.46796086,0.03951214,0.59309286,0.42277035,1.5621073,0.117052235,1.1297654,0.30881855,0.0,1.0597299,0.0,1.7942688,1.8621066,1.7497498,1.0868919,1.8698574,0.42807642,0.16151094,1.3131576,1.010883,0.34069708,0.6830954,0.6401307,1.0950558,0.24357428,0.34539217,0.5766114,0.96511966,0.1923224,0.9064565,0.011210497,1.4631248,0.20788565,0.3912158,0.72059005,0.8401841,0.69486445,0.28374216,0.0714113,0.0,0.4219906,0.63925487,0.64322597,0.9289208,1.3720642,0.30187583,0.11698114,0.5854011,1.2666653,0.0019845648,0.89608926,0.24746533,0.58888686,1.1681182,0.00515948,0.09324576,1.0019399,0.8561471,0.40326774,1.3415163,0.24104398,0.3321624,0.719043,1.2552783,0.281228,1.5298698,1.0641502,0.58612025,0.28128928,0.08762253,0.65645355,0.58955675,0.79659116,0.42540225,0.19879559,0.70583797,0.7833484,0.052419845,0.39657918,2.6123276,0.39686346,0.079061195,0.18123509,0.3411228,0.7001508,0.0,0.7336744,0.34933698,0.7384455,0.8068555,0.5298858,0.10741711,1.4070939,0.19654308,0.74785423,1.03468,1.3679054,0.42499453,2.1176858,0.26629484,0.12652773,0.014216572,0.44902351,1.3520015,0.37431544,3.601525,1.0936737,0.544089,0.4436194,0.8534091,0.12273383,0.27024522,1.8005698,0.44905487,1.2325928,0.49432346,1.0513735,1.0363203,0.32931232,0.0352281,0.47485408,0.51385856,0.0030227248,0.28174984,1.0873331,0.5029086,0.60494804,0.045655083,0.8776134,2.146063,0.71219105,2.0268126,0.1344923,0.83791476,3.703657,0.019953009,0.14907715,0.62274307,0.86742026,0.17452368,0.094145276,0.2700609,4.7619987,0.8571764,0.0,1.3311574,0.35011482,0.20270745,1.6078309,0.41725063,0.78089684,0.20935498,0.5476473,0.021240022,0.1747496,1.4799184,0.5229374,0.108487494,0.9166215,0.6887794,3.3451805,0.34206823,0.21363573,0.035786744,0.45131075,0.38873214,1.445953,1.4044797,1.5733639,0.030561605,0.7738715,0.24731846,0.97787374,0.6710994,1.4821494,0.5698153,0.37808967,0.03907051,0.08720705,0.87399304,0.09947937,0.528817,0.009628431,0.49552402,0.08571835,0.08927282,0.14151497,0.6555287,0.14650483,0.6730861,0.43872902,0.11329353,0.5066738,1.0056849,0.052991953,1.0233018,1.3493521,0.033229582,0.008643792,1.1089766,1.7636338,1.1522279,0.16977707,0.56437814,0.04986361,0.2660603,0.2284181,1.1204892,0.10235621,0.4579071,0.23812136,0.5504348,1.3189732,1.6086254,2.9369175,0.82700276,0.5232122,0.85427725,0.41025978,3.035237,2.6672468,1.2454398,0.7468255,0.06737356,0.29485717,0.738119,0.6230341,0.99584943,0.20926172,0.017674942,1.538236,1.2147702,0.88436896,1.2953496,0.34975496,0.17027742,0.4030551,1.6093777,0.9005031,0.20650129,0.43862045,0.594177,0.7479599,0.88361573,0.0,0.058323383,0.08698623,0.042391878,0.061363697,0.25903103,0.94061565,0.22759542,0.9792921,1.4087342,1.1450279,0.027060892,0.6910591,1.239239,0.0898004,0.4254009,0.59560966,0.009382527,0.61168844,0.7624383,1.5874356,4.618645,1.1042398,0.7742035,0.7253289,0.075270005,0.5263013,0.93090373,0.22771206,0.5830378,0.056380376,0.0,1.6765398,0.80949557,0.8317219,1.7142845,4.393765,1.0082891,2.6749027,0.59117264,0.52828395,1.0916374,1.349926,0.25688627,0.21663122,1.0364969,1.4405941,0.014989781,0.58671546,0.23660521,0.489759,1.3808538,0.62767416,0.02199321,0.8851779,0.36292166,1.2066196,0.26959634,0.086396255,0.48961964,0.32473513,0.4249579,0.49337068,0.986069,1.6578674,0.08805631,0.7606618,1.7410673,0.39772645,0.48333693,0.037041813,1.1323287,0.549307,0.49361232,0.4258335,0.025048973,1.0506864,2.3825517,0.025636585,0.1792667,0.006659193,0.07825326,0.0020269493,0.076466985,0.2538419,0.23600675,0.17182788,3.3667686,0.9941417,0.8859934,0.25977552,0.57907456,0.61160064,0.19688976,0.63921475,0.13487186,0.0,0.29549232,all_pothole_images\pothole_images_2_image_126.jpg
0.85440314,1.8523856,0.7866844,2.3849216,0.18549526,1.0617759,0.08455388,0.21633479,0.75542915,0.6379498,0.7146905,1.4218559,0.021446303,1.7830737,0.719305,1.1852952,1.1791017,0.18813588,0.90795845,1.1615951,1.4630157,1.173161,0.28940746,1.0440816,0.9784569,0.63797385,0.34436417,3.9325054,1.3324772,0.18080808,0.44622394,0.51037085,1.125729,2.3815343,0.19322605,1.638025,0.16944739,1.2008371,0.18266563,0.7926749,0.6396877,0.12530969,0.97246414,3.0697112,0.6924826,1.8211244,0.3658117,0.19032073,0.32732153,1.1329042,1.2150652,0.59559524,0.94230294,0.46225512,0.62106246,1.3341153,0.042141117,0.17786771,0.8784567,0.22088435,1.3666153,0.5395862,1.4451238,0.34756234,0.53401697,0.7284775,0.31820288,1.0251298,0.59709734,0.18000948,0.9540243,0.2308239,0.45191923,0.51243484,0.85509396,0.6563231,0.98585117,1.7422659,0.022951042,0.44832835,0.7364729,0.25162914,0.074483745,1.205015,0.8920976,1.3336432,1.2373811,0.32350984,2.9590702,0.029005095,0.4685948,0.08260032,0.42426392,0.64902383,0.08763314,0.93070793,1.5350754,1.0351692,0.8430965,1.5182486,0.054240294,3.0932355,0.43010813,0.5986641,0.1505656,0.25405118,0.61804444,0.49006784,0.44226688,0.21121085,0.0023822614,2.5361872,0.52457815,0.23442468,0.7209943,1.2465228,1.2983186,0.38194478,0.58590823,1.5814413,1.5237813,0.84400487,0.8564678,1.8642515,0.6373377,0.21532735,2.4996772,2.2178817,0.614297,0.47133282,0.46788055,0.0,0.14924268,0.6555113,1.0512427,1.6109049,1.9160599,1.0020493,1.4580227,0.7751547,0.15411219,0.24069315,0.17168453,0.2785358,0.9372264,1.9185588,0.45370305,0.07475236,0.22725229,0.7558129,2.059559,1.7012817,0.21692994,0.13685696,0.37780094,1.155755,0.47610402,0.2571463,0.72463083,0.5816389,0.38834816,3.8747501,0.0,2.167309,0.016841741,2.2632632,0.91965663,0.4240854,0.39356464,1.3747077,0.5311755,1.3345059,2.197794,0.28488198,0.18874118,1.201151,0.59099567,0.024221197,0.4189253,0.78084284,0.09260864,1.602332,2.0892587,2.2758021,1.0366222,0.2838212,0.067482755,1.4796104,1.0849686,0.30338156,0.7539332,0.6783128,0.43712834,0.3887048,1.1282384,0.8527453,1.2523911,0.087088525,0.22324835,0.6109194,0.88540626,0.42375195,1.2910585,0.59306514,0.8135936,0.22767788,1.4419913,0.1426674,0.082770854,0.15824318,1.1206309,0.07811738,0.55863404,0.06552081,1.1853366,2.8537977,0.4118252,0.15782075,1.8276428,0.5020159,1.4598299,0.07611707,0.77485925,0.20345046,0.103628844,0.67774373,0.5232295,1.5333669,1.1380956,1.4335628,0.31853253,0.22566761,1.8621863,0.09925448,0.9508256,0.030224636,2.6004362,0.1899264,0.060172975,0.8215991,0.63562757,0.28894106,1.1140633,0.069149844,0.44991723,0.041653562,0.24007037,0.8241732,0.4133802,3.24808,1.5205361,1.7835838,0.3216639,0.7890112,0.13481283,0.25307563,0.10374328,0.28329027,0.3535857,3.00355,0.41597474,0.8035983,2.008545,0.04580365,0.06533938,0.28195378,0.20132567,1.8337545,1.413174,0.5572727,0.3820058,0.070251815,0.26993474,0.7988042,0.15829574,0.76839614,0.38044003,1.107869,0.57149154,0.97732407,0.42392135,0.54355234,0.1858371,1.3494778,2.3472528,0.036269385,1.1875795,0.96631914,1.5099835,0.0043376097,0.27494472,0.21374658,0.1394756,0.6851239,1.0493108,0.42151147,1.0560232,0.5891083,0.77322286,2.5443728,0.88132197,0.68460596,0.8267993,1.177156,4.0428267,0.51268965,0.5159761,0.8310484,0.38611555,1.5941719,0.35642728,0.75175,2.3997262,1.2510557,0.37456313,0.9660449,0.016751816,0.9880084,3.2934284,1.3193798,1.2487669,0.2333353,1.554689,1.0426266,1.1668515,2.1689816,0.3510422,0.54514414,0.80701154,1.6273814,1.6659979,0.5199007,0.08446027,0.057101697,0.24524225,0.61155266,1.6848394,0.62915283,0.37985152,1.7605014,0.76949805,0.2946997,0.9462027,1.738871,1.2362303,0.6380928,0.45607072,0.8764533,1.1504638,0.47907934,0.9244554,0.38351327,0.08523264,0.19068134,0.57034284,0.16860531,0.28984097,0.385724,0.6120887,0.56872344,0.0056017507,0.5933835,1.1749887,1.0288761,0.40846646,0.83336395,0.58237886,1.4009714,0.40590876,0.9076858,0.52275366,1.0066401,0.20249145,0.386887,0.029581444,0.25330204,0.8033697,0.02989808,0.27134988,0.46901616,0.4520409,0.7358621,1.0571622,1.748187,1.3251579,1.527586,2.162431,0.8373406,0.0037976746,1.5090669,1.7599828,0.3043923,0.42698696,0.25220793,0.056910783,0.6268558,0.8828082,0.40941423,0.688778,0.013195133,1.8537105,1.6319878,0.7345569,0.61904365,0.44308624,0.9869724,1.5805303,0.4132349,0.39287007,1.2143236,1.2583905,0.2756223,0.7098799,2.6337707,0.0,0.25514537,0.53696746,0.24726978,1.2735267,0.43193918,2.5544448,0.6748732,1.2820833,1.4669046,2.7731898,0.027366929,0.3206553,2.4580739,0.4509056,1.2535977,0.3905715,0.038732775,0.90726674,0.79129195,1.1342051,1.3222634,0.8599528,0.61513805,0.014285768,0.7144523,1.0296302,0.3188285,0.298951,0.23613349,0.039951786,0.63072944,3.0102203,1.2909896,0.584696,1.0130851,1.3444297,0.749643,0.33468008,0.37828982,1.0549117,0.6479681,0.79012764,0.759811,0.86302453,0.14549169,2.183348,0.16914986,0.9138744,1.6500231,0.22000414,0.843378,2.4490948,0.0573776,1.874235,1.0177547,0.70432013,0.36988238,0.24936715,0.05039393,0.18282932,0.07702982,1.5663214,1.2567053,1.3084728,0.292773,1.364992,2.5505435,0.4793221,0.96852607,0.4022634,0.025015363,0.5566797,0.48856297,0.13673528,0.112591304,0.5479885,2.1092803,0.2064473,0.8047859,0.9146572,0.8306516,0.03897739,0.34696108,0.14922842,0.3861322,0.9718291,2.377168,0.117366746,2.1507444,1.872008,1.0179738,0.9237915,0.22991975,0.3290861,0.40736306,0.37063953,0.39023036,all_pothole_images\pothole_images_2_image_127.jpg
0.018798042,1.0420985,0.12533191,0.78867346,0.04001349,0.955373,0.4989592,0.16234261,0.97589874,1.6570132,2.0825853,0.83769846,0.5147003,1.7306936,1.106805,0.6896358,0.33982047,0.27480304,1.6502466,0.74691445,0.35565084,0.18188594,0.9375898,2.3874145,0.54205996,0.3401573,0.10284535,1.3769587,0.58344954,1.691149,0.33499098,0.0,0.25820175,0.562223,0.87195057,0.23837377,0.5066625,0.04877978,0.30190817,0.013195508,0.98747534,0.36171368,0.45492926,0.1863181,2.1011407,0.02522269,0.5968835,0.22468267,0.99793726,0.015085282,1.8100495,1.0100081,0.29080528,1.4790766,0.29327396,1.310342,1.2898688,0.57788134,1.1385514,1.1324455,0.091033645,2.414435,4.2992644,2.428346,1.0144569,0.57278454,2.1292725,0.6769096,1.0004748,0.32471508,1.1642228,1.1172876,0.97991145,0.26256412,0.98385644,0.77721643,0.4929249,0.12586612,0.33004636,0.61886775,0.24128444,0.8350383,0.9898637,4.920292,2.6625106,0.40267122,1.5118606,0.32354724,2.8058207,1.631684,0.28200197,0.7974269,0.41555583,2.1715562,0.024908045,0.59237134,0.14289413,0.3295363,1.756942,0.5301936,0.36130872,0.91256344,0.35774946,1.0448003,1.0128957,0.25407818,1.6812007,0.2642163,0.93982726,0.08055715,1.5745478,1.8644904,0.4069692,0.40419656,0.91793954,0.66254437,0.5091279,0.59663564,0.25495833,0.42064008,1.4356418,1.0720724,1.0873823,0.7211883,2.781831,1.5980792,0.1670554,0.18179858,1.1187726,0.6851973,0.51229477,1.331573,2.2412336,1.1324553,0.5655024,0.26731375,0.26144812,0.31408194,1.5113746,0.8134935,0.34202245,1.4004859,0.34363288,0.5596337,0.25018927,0.41088158,1.5658244,0.10913564,1.3828946,0.068101354,0.66784006,0.37287855,2.4843984,0.29207802,0.28988183,0.14090088,0.2802678,0.48266765,0.19322707,0.3751624,0.9135584,0.13349952,0.5384844,2.1243758,2.1267695,1.6179532,2.406631,1.1958165,0.56322557,1.5085119,0.6449611,0.2611993,1.2719021,0.92035455,1.3444318,0.54292864,0.76071435,0.8379914,0.30674997,1.7713116,0.6179412,1.1138046,0.8927507,0.7005964,1.8945742,0.75914496,1.2277402,0.10833497,0.4508477,1.6167948,0.9097176,2.0731344,0.025267428,1.5352188,0.9885429,0.464788,0.96406746,0.97316194,1.24947,0.6236274,0.80707276,1.1557662,0.8882966,0.5510437,0.28574276,0.16135356,0.20485525,0.61815643,1.8075274,0.812643,0.8790006,0.99452513,1.4701875,0.28532982,0.14772558,0.28035167,0.45382372,0.81392074,1.6233056,0.41343743,0.59799427,0.113654345,0.6214047,0.19773057,0.30386263,0.7972339,2.026915,0.3213422,1.9121935,0.23702417,1.0258317,0.38667646,1.7539304,0.8335337,0.25303018,1.0007012,0.3941089,0.21972181,0.7998261,1.1071372,0.36758086,0.27706152,0.028565077,0.26460016,1.1506231,0.0,0.29621238,0.4830323,1.0104128,3.3355114,1.1826221,0.090735,0.2124863,0.007926344,0.1328109,0.285124,0.16750981,0.25278974,0.37359574,1.5250989,0.9764154,0.0856362,0.18895201,1.507282,0.16303462,0.71656734,0.70944524,0.6934231,0.79271305,0.6442125,0.41340426,0.27541763,0.7973432,0.075673476,0.06009308,1.0201539,0.7367237,0.46272588,0.28335017,0.09911852,0.41520962,3.761783,0.27735493,2.2567549,1.2099286,0.9625815,0.5360275,0.15680882,0.32127565,0.43333325,0.6733526,0.19124839,1.4533392,1.5449393,0.65040475,0.8451583,1.5937282,0.29028654,0.69132006,0.5386135,0.002062588,0.82708347,0.33924985,0.70626146,2.5283694,1.5692714,0.3632869,0.39311242,0.6086702,2.1555037,0.34112206,0.82536787,5.7706504,1.5307779,0.7070475,0.71462095,1.131686,0.5655682,1.4001399,0.2392574,2.1036413,1.0374179,0.43211293,0.3277226,0.33352855,0.55863416,0.20031703,1.4175689,0.7912694,0.44323292,3.869564,0.2324592,0.12742056,0.4795948,0.24613927,0.2042913,0.13608043,0.054213412,2.1554189,0.24491815,2.1075764,1.2002568,0.41882578,0.1761549,0.45016074,0.028500654,2.1792188,0.54974973,0.21537851,0.63863343,0.24262857,0.23844554,0.98659277,0.18181953,1.0086049,0.22719558,1.2364906,1.1770579,0.3772174,0.0013883732,0.123271294,0.43504798,0.83777016,0.33577353,0.040822793,0.32290518,1.2457407,1.1290064,1.5498273,0.5859918,0.2717586,0.26975134,0.2766872,1.615234,0.5855028,2.9548426,0.47691688,0.23538545,0.0457719,2.3433075,0.10770742,1.0096952,0.7133223,1.3706735,1.9436581,0.4299444,2.9856374,3.7702973,1.579801,1.323789,0.3700688,0.47420368,0.07436742,1.4915785,1.1560943,1.8408113,0.029529352,1.2725623,0.9268515,0.3891581,0.31341684,0.25661516,1.2261612,0.16758156,1.0015589,0.28295487,0.7427898,1.1108856,0.0,1.9486791,0.54679424,0.096156806,0.66723716,0.8993567,0.8064363,0.7077034,1.6188364,0.17348607,0.6136034,0.0055680266,0.18844706,0.06299453,2.0970268,1.5294522,0.82700413,0.21152166,0.650174,1.4473798,1.4680824,0.39200413,1.6778661,2.277317,0.058583345,0.96163905,0.13050205,1.5333588,1.113746,1.2395841,1.1279228,2.4796321,0.5693989,0.45341638,0.16238095,0.15003797,0.64517987,2.4666848,2.9090815,0.58554107,0.19560099,0.8248747,1.0766277,0.22626366,1.3315574,0.3154518,0.18157087,2.1331897,2.6743188,0.7861143,0.0909222,0.3183876,0.18420443,0.33150384,1.1963334,0.506163,2.1910422,1.327335,1.0294031,0.12132255,0.35180008,0.74750465,1.034962,0.39046854,0.8071033,0.069869794,0.32259104,0.34611768,2.2286859,0.07290793,0.45356324,0.30202648,0.31797403,1.4210879,1.3069845,0.8438457,0.36791182,1.0732291,0.78416085,0.036479603,0.13332446,0.47623023,0.7910272,2.8056662,0.27203706,0.11706738,0.09270739,0.64725864,0.8699641,0.39221698,0.16633491,0.2979876,0.48202908,2.510234,0.7049339,0.21073827,1.1508845,0.43043953,0.022696912,0.9576262,0.8517378,0.52140814,1.3017468,0.12651442,all_pothole_images\pothole_images_2_image_128.jpg
0.70007896,1.3348161,0.80605406,0.76364785,1.3009516,0.07466395,0.19065458,0.02597042,0.25389418,1.4697242,0.07412734,0.282353,0.15974712,1.1348797,0.18248968,0.6288852,0.33943447,0.34048054,0.15917006,1.3276851,0.14961569,1.6215568,1.359429,0.6347991,0.3643453,0.4193811,0.58709854,1.3967562,0.098313995,0.8744119,0.20542978,0.25010806,0.75665116,0.072544746,0.11431972,0.017334225,0.33248737,0.12120671,0.30805644,0.20147477,0.6905063,0.2065,0.7164886,1.1942081,0.14517081,0.16518646,0.53498125,0.11208464,0.07291575,0.049074586,0.7339551,0.7546566,0.7457399,0.19907783,1.3826997,0.2519245,1.294273,0.3304068,0.4967055,0.65744984,0.2305845,0.6852386,0.4692793,0.4045059,0.2966691,1.0447392,0.7151032,0.05739712,0.9857375,0.77285016,0.39519912,0.9061183,1.6246852,0.18826151,0.1320411,0.82808876,0.3709502,0.97580326,0.7393615,0.20312133,0.35838804,0.07826139,0.017504316,0.8200847,1.0393089,1.1038076,0.53219926,0.54986703,2.5380743,0.12486847,0.532546,0.13222393,1.0052371,0.37873054,0.61481947,0.26838657,1.1525513,1.2608726,0.8565199,1.1919341,0.37035742,1.736492,0.17207098,0.25965184,0.15637341,0.6041757,0.29312432,0.0048324987,0.22768825,1.2045977,0.47589454,1.1318462,0.21896042,0.90673214,0.022700135,1.0197977,2.2675326,0.26534143,1.1882672,1.029233,0.2223189,0.5749477,1.3762082,0.3569031,0.06965593,1.0824325,0.39983803,1.4247844,0.88291353,1.2219236,1.39478,0.35731295,0.75386465,0.29446426,0.20875075,1.4162383,0.18905134,0.25088418,0.6996236,1.111717,1.4837397,0.42485404,0.7645536,0.7430851,0.52613205,0.7637551,0.6644143,0.93723196,0.2689257,2.4339187,0.62696886,1.0582004,0.4977196,0.82508165,1.0940475,0.5753569,0.39078346,1.4560763,0.49870995,0.34427658,1.2962211,1.0156356,0.726983,2.445927,1.0439787,0.3073227,0.74670243,0.651984,0.937261,0.07132751,0.47762376,0.07333339,0.25598505,0.21035983,1.6774914,0.538748,1.1335146,0.032374054,0.37702426,0.5497801,0.66356164,0.7195752,1.9619057,1.1192241,3.5409632,0.31518662,0.39098963,1.2008376,0.10519123,0.282419,0.40885893,0.08756071,0.27171275,2.6023164,0.17915048,0.008715206,0.22612844,0.505155,0.22606936,0.79855937,0.115532406,1.0161318,1.866317,0.28609556,0.78098565,0.88307,0.09540947,1.588084,0.7065807,1.0689632,0.014342329,1.4500678,1.505606,0.7689726,0.1132858,0.31014207,0.727749,0.13209529,1.6639712,0.6542362,0.14889538,0.5048446,0.13086098,0.712204,0.4776314,0.40256336,3.0772412,0.22389428,0.39523634,0.07772323,0.3180746,1.2149432,0.14118762,0.4443357,0.58902514,0.8994609,0.33385277,0.7885907,0.1049289,0.005435524,0.61884385,0.66000265,1.2670801,0.9124554,0.36532447,0.033865705,0.6301577,0.6863688,0.36134404,0.15195948,1.27836,0.30459496,0.122683175,0.8100423,0.7334706,0.19824532,0.16507958,0.48753527,2.412623,0.14947271,0.53829956,1.1549076,1.4856905,0.20232067,0.25925675,2.0659375,0.1276257,0.13654053,2.0457296,0.59516126,0.12755592,0.09961393,0.12287214,1.0219051,0.6233673,1.2013611,0.9725609,0.5914221,0.2456067,1.0793451,0.058531318,1.0280999,0.13784993,1.4440172,0.97603154,0.38999522,0.5359767,1.4510727,0.85011023,0.512644,0.23557147,0.44254786,0.48490176,1.1438004,0.34051982,0.26315302,2.4855487,0.03982077,0.110920906,0.09727079,0.12809081,0.8702635,0.2937986,0.9101443,2.903869,0.06315052,0.08239776,1.1447393,0.45719302,0.25309333,0.98568046,1.7347621,3.881555,0.50032383,0.3989365,1.0993835,0.61660314,0.40182608,0.30088556,0.29472566,0.63735515,1.1050019,0.0,0.6240368,0.45288682,0.8571912,0.53834313,0.9112606,0.36447692,0.6152263,2.051175,0.03192918,0.21907966,1.4568989,1.4751127,0.25508708,0.54035133,0.31225604,0.20264275,0.05877628,0.96573675,0.40903237,0.8454623,0.2550583,0.5228589,0.8542865,0.22613305,0.36736935,0.7940574,0.4824158,0.24965416,0.29742488,0.41814423,0.060937345,0.19180624,0.26405054,0.716492,0.6410688,0.19984871,0.58109355,0.046384316,0.17946526,0.64057946,0.6389062,0.27105635,0.2084879,0.8320831,2.11474,0.22580178,0.11638974,1.2036834,0.70603126,0.9528257,0.029624019,0.97062385,0.40604392,0.09000905,0.39769307,0.37003872,0.87369436,0.15308267,0.70183897,2.0778608,1.3249422,2.1519704,0.48374322,1.1226168,1.598643,0.8687755,2.3571653,1.0282493,0.784189,0.24567686,1.2334815,0.2195368,0.12668267,0.5715058,1.0985438,0.38069803,0.18492629,3.0737116,1.2228335,0.5407069,1.3931136,0.2726523,0.119105086,0.48533154,0.066392116,0.11694144,0.31456983,0.91463155,0.49815142,1.9166636,0.71903723,0.07054263,0.89692265,0.26794362,0.6292775,0.072989196,0.5880722,0.47175407,1.206316,0.6826498,0.51868916,0.35330635,0.86329675,0.4403101,2.0143392,0.9726863,0.30020666,0.20625065,0.24824412,1.1969266,1.5216331,0.4846647,3.2043824,0.13172984,0.35414442,0.013616325,0.35001755,1.3361317,0.5217661,0.07409058,0.38563713,0.30889568,1.0355618,1.5545583,0.47799733,0.35200444,0.566224,0.49623013,0.18825626,0.55327314,0.8260122,0.25862432,1.398141,1.0785593,0.0979992,0.5262568,0.78340894,0.444898,1.3026009,1.8119437,0.85645545,0.7504845,0.5812187,0.16591391,0.22487742,0.85745037,2.0464222,1.8066434,0.3580373,0.15414387,0.50934786,1.7787409,0.34437156,0.15469132,0.16260873,0.53515357,0.6062694,1.5779083,2.5738907,0.44751847,0.5801129,0.0009835646,0.5986045,0.61592066,0.10603177,0.45123875,0.46890092,0.37516752,0.86254025,0.499768,0.18100992,0.924614,0.59415156,0.24982028,0.2925931,0.33663303,0.5981816,0.64839774,1.4146016,0.65980655,1.2841736,0.4683721,0.6065169,0.0036596856,1.8124591,0.664778,2.2466319,0.22693186,0.26309446,all_pothole_images\pothole_images_2_image_129.jpg
0.11799105,0.3352857,0.5071023,2.5098069,0.61082673,0.11939498,2.2343643,0.118977554,2.0583282,0.797431,0.87522125,0.2648302,1.0290871,2.2054017,0.02016744,0.8984448,0.6532493,0.7551567,3.319869,0.0018036955,0.50255865,1.7701131,0.092670344,1.144673,0.8563541,0.08589849,0.33738062,2.0251658,0.5935198,0.035249025,0.15684834,0.40655753,1.6604832,1.2699664,0.07127828,1.423224,0.011444392,0.2704571,0.22724357,0.0048221713,0.6867912,0.0012962244,0.32742023,0.6396968,0.5396068,0.0947406,1.1682383,0.0016643675,0.31583473,1.9357414,0.18161546,0.04993988,0.8290096,0.9532415,0.29065576,2.0957131,0.36018547,0.9303602,1.5037019,0.38006973,1.605162,0.31216344,0.3455197,0.6191785,1.184127,2.3173807,2.6185682,0.019498518,0.3602155,0.18954475,0.19191186,0.0,0.19911668,0.07627616,1.8078976,0.15213852,0.06039617,0.755737,1.4145638,0.0014554157,0.06199599,0.11624188,0.2677503,0.6909292,0.5859409,1.1371238,0.5697677,0.14518274,0.3842444,0.41124362,1.299276,0.20717503,0.031582683,0.8650738,0.9358442,0.19921789,0.44157162,1.9870377,0.026039014,0.65455604,0.022608785,1.1471436,0.011131757,0.34295288,1.7298895,0.41619164,0.28022802,0.2687857,0.0071421633,0.2905283,0.24767406,1.6078314,0.016939547,0.48175073,0.21468836,0.0,1.0459117,0.7980476,2.9403355,2.4498935,2.4528747,0.4094137,0.41359875,1.4996951,0.5261685,1.1701498,0.26419464,0.24886507,0.54460436,0.24056625,0.91039187,0.2733278,0.21484356,1.5187823,0.46255225,0.56468844,0.59698963,0.2976115,0.22002177,0.60829645,0.52535444,1.2357574,0.24944332,0.09110569,0.71339905,0.5847741,0.19918792,0.41982883,0.5358304,0.6080519,0.08947221,0.62262005,0.026098536,0.09422374,1.971021,0.6778044,0.9375774,0.19049491,0.015906371,0.6312416,1.3602318,1.3854563,0.061096318,0.50016403,0.88565296,0.03723275,0.53078324,0.07015523,0.5648916,4.813744,0.4560051,0.028690942,0.0020206287,0.55792093,0.47820333,0.7155918,0.8068995,0.01895157,0.06603049,0.3472241,0.0019408326,1.5875432,1.5683783,0.27879697,1.1468261,2.4024515,0.9729653,0.7555708,1.0490133,1.3969611,0.13345155,2.349003,0.3259688,1.2120081,0.17049198,0.3084471,2.192554,2.1998444,0.4688173,0.28864238,0.053443197,0.7844734,0.77053684,0.22392954,1.5045586,0.46241853,0.5607772,0.09926348,2.4066918,1.0986726,0.4803631,0.0584622,0.07902481,0.45445263,4.032067,2.4245791,0.053158667,1.1468563,2.7869842,0.12291022,0.22743633,0.7876467,0.53320426,1.5938238,0.0,0.0,0.55307215,0.08321139,1.1438664,0.23180072,0.17185345,0.16234896,0.5196543,1.5769902,0.85479593,0.5138063,0.3865649,0.11309406,0.4414992,0.6921278,0.1640246,1.1454597,0.19231951,1.5857844,0.33015105,0.2476799,1.0124872,0.43487003,0.3358788,3.7617004,1.8330837,0.011947653,0.27942786,0.26819283,0.4584346,0.9147479,0.34143057,0.67619044,0.45426917,0.69952196,0.8511972,1.4626225,1.2530707,0.6501727,0.49170843,1.721541,0.3363237,0.2606652,0.6773819,0.6269399,0.06820217,0.17821416,0.37990665,0.11368749,0.015967755,0.7339177,0.4654476,0.28239527,0.678575,0.12193631,0.38589904,1.1721263,0.20270345,0.5751915,0.51582944,1.0778295,0.6263589,0.29005942,1.2644957,0.0,0.2570722,0.3009677,0.3657859,0.7391228,0.7946726,0.044518627,0.25984916,1.612314,0.083133034,1.36722,0.7033379,0.9760474,0.06885299,0.03501672,2.7305493,0.014563519,0.69347364,0.37169638,0.89798534,0.03678656,1.476376,1.1593175,5.472065,2.1462886,0.8528169,0.8288161,0.0059994636,0.2195129,1.325681,0.44410214,2.4893315,0.54857886,0.50232095,0.64720327,0.9967712,0.31976247,0.23040028,0.01326877,0.019813815,0.17774417,2.4300125,0.20287828,0.40670133,0.022120308,0.45807207,0.083273925,0.622795,2.5677204,1.5160357,0.41212285,0.23057197,0.8345751,2.789895,0.502109,0.8628091,0.6394766,0.37986144,0.042544704,0.23491123,0.6449225,0.5656353,0.9509631,0.69520956,1.0074682,0.5630269,0.23535268,0.05616413,1.7708802,2.2551172,0.73543113,1.003927,0.037001655,1.4199262,0.07461694,0.0011040176,1.6371404,0.45825607,0.16977888,0.16466264,1.4890999,1.5301038,0.36847565,2.657242,0.15257359,0.9578264,0.81952673,0.12012211,0.03832283,0.56795305,0.88758117,0.39828122,0.8634791,0.22431506,0.923527,1.4431275,0.8747994,0.14516361,1.085134,0.76770407,0.5246525,1.1532905,0.8089439,1.3901068,2.4606597,0.3616771,0.8157023,1.0329139,1.577718,4.2514105,0.034153387,2.113864,0.3537041,0.21004963,0.102911375,0.23868895,0.4817391,0.5916057,0.08109879,0.08528083,0.0065676756,1.7592957,1.142376,1.9408884,0.04498353,0.06086865,0.0,1.1110419,0.0253106,0.1410911,0.053980205,0.0,0.18555401,0.12765501,1.9793721,1.3135519,0.621646,1.2883263,0.33085954,0.039016653,0.3878303,1.447689,0.7743013,0.5460867,0.041730735,0.25928327,1.3979398,0.8092139,0.90682083,0.14002432,0.4327117,0.40130678,0.87254196,0.88358897,0.38833883,1.7116213,0.28203657,0.8605901,0.2501564,0.59157836,1.5245464,3.419103,0.23042701,0.6063188,1.2288585,1.6122493,0.54225415,0.22288303,0.04998684,0.40368503,3.065572,0.7677961,0.42956826,0.7838339,0.88660395,0.76613384,0.7406465,0.77123624,0.09640659,1.0041702,1.884845,0.12168971,1.3768154,0.0070736436,0.10432082,0.4080589,0.10309283,0.7436109,3.6963384,1.4279888,0.19679883,0.75739425,1.7053024,2.3889318,0.051756207,0.08532178,0.7995575,0.5355732,0.024180517,1.7851533,0.4412763,0.8241705,1.9755788,0.33354944,0.000900937,0.20414498,0.0,0.06285865,0.63333076,0.1113513,0.7287997,1.1838514,4.5078497,1.5677068,0.1547431,1.1984543,1.5952095,0.5042485,1.3096232,1.0185615,0.24161457,0.47466722,0.1595294,all_pothole_images\pothole_images_2_image_13.jpg
0.96362925,0.31149063,0.58865327,0.56658995,0.43783408,0.44049498,0.7098162,1.0879662,2.5819159,0.47495046,0.52857596,1.1800218,0.0,1.5905768,0.23027739,0.7390016,0.00121657,0.1164201,0.11917884,0.3651592,0.45517445,1.7603848,0.31941146,0.64884096,1.4974799,1.1525244,1.367383,4.8826523,0.6172371,0.2601884,0.18649575,0.014390911,2.0882633,0.94256043,0.005685069,1.3687084,0.0,1.0651873,1.6871969,0.40739292,0.6167229,0.90090585,0.76625925,0.6252053,0.11841342,0.58990884,2.0076518,0.027900804,1.8939989,0.94205636,0.5972711,0.5373141,0.1277566,0.10952059,0.3751272,0.20117863,1.1033243,0.0042997994,0.43991756,0.13078645,0.24033156,0.24129048,1.1064965,0.081178546,2.2920127,2.1776593,2.1242118,0.5895384,0.48656502,0.1802124,0.081223264,0.021429304,1.0126817,0.22267355,1.2311007,0.38402984,2.4191887,0.3308716,0.72679675,0.08367186,0.2741608,0.7527265,0.64565647,0.9903056,0.18351646,0.0,0.26616788,0.54933137,0.29489136,0.27575007,0.18271853,0.033965055,0.0,0.42279512,0.025342584,0.09924885,0.46182522,0.2132183,0.1459148,0.35243455,0.00012861831,2.1957226,2.0696166,2.8909914,0.7335682,0.17614345,0.5973133,1.023134,0.03542582,0.46607995,0.48905876,0.0679117,1.557245,0.0612835,0.7246134,0.15555052,1.3539765,0.14922634,1.6400971,0.67424,1.7486316,0.6384005,0.04348496,0.71083426,0.5765776,0.0075691193,0.72117245,0.50820476,0.16430785,0.10370213,0.2592626,0.22627744,0.39777368,0.43746543,0.167264,0.20834513,0.7924123,1.1930017,0.2517574,0.17335421,0.9397162,0.93214726,0.67955,0.0011769545,0.5732945,1.0915821,0.0030874829,1.0730168,1.143006,0.78531605,0.39672863,1.1778834,0.0058903573,0.30048725,0.6646823,0.14447263,0.83468354,0.40797397,0.28373718,0.26373067,0.7219997,0.8257587,0.54823697,0.17389922,0.034412276,0.107406855,2.1429172,0.5575487,0.7674825,2.078886,0.0005833839,0.01763784,0.03348578,0.5754403,0.39694446,0.06944651,0.46913567,0.040724505,0.63662165,0.10705757,0.05902974,0.8042904,2.1630929,0.92034644,0.7805163,1.2728887,0.051189046,1.459891,0.7904222,0.9189052,0.61286193,1.4714694,0.36674905,5.1970673,0.80467683,1.2568941,0.4726928,0.48821083,1.1001765,0.5958978,0.5365207,0.5516979,1.6170197,0.11307424,0.36047223,0.12906814,0.5549237,0.3214108,1.0031117,3.38562,0.23243219,0.14559866,0.28594282,0.08122797,1.3716418,2.1987472,0.028961703,0.35317203,0.22302267,0.124599084,0.5711558,0.51044106,1.5245066,0.16107097,0.090152964,0.06340046,2.4779208,0.65533024,1.3624239,0.5409642,0.05745407,0.123814516,0.0072525768,0.4297409,1.6725024,0.24958937,0.49697235,0.03456905,0.26749855,1.3950723,0.004710093,0.6934039,0.07655414,2.3878183,0.83414227,0.036977883,0.6640466,0.81919646,0.07470239,1.8578837,1.7746243,0.9478142,0.32090762,0.21482043,0.09033697,1.1642717,0.11586792,0.17666137,0.6991771,2.8568568,1.1279742,0.58929557,0.65956676,0.6030327,0.11713417,0.24069583,0.09927114,0.37924108,0.25396028,0.0,0.25058123,0.02599849,0.011690232,0.13153084,0.04066296,0.91482747,0.39247513,1.001061,0.82856435,0.330712,0.32524842,0.28602308,0.3199304,3.0888147,0.27014056,0.4114206,1.8310484,0.15962526,1.7625111,0.0,0.027361859,0.09046212,0.024413453,2.4238577,0.11086014,0.036352642,1.1401476,0.019039208,0.027795343,2.5292199,0.22354348,0.7437439,0.19471349,0.25046363,2.3149734,1.5919734,0.28759098,2.6127257,0.3882244,0.51192623,0.3072819,0.4111613,3.1823628,3.2088776,0.09695517,0.8162459,0.17659034,1.2496091,1.0305157,0.16668816,0.43894997,0.069619335,0.98767525,0.19725357,1.5192227,1.9946892,0.87456465,0.7837004,0.5996687,0.04362816,0.3898683,0.35916945,0.010456293,0.20878293,0.7390381,0.25684696,1.7977369,1.8831083,1.1363115,0.2618759,1.2341342,0.2889628,1.8342749,2.2384357,0.23234555,1.0669718,0.8160434,0.58550745,0.37100476,0.35428968,0.73322827,0.5255771,0.29539177,0.8174317,0.22575316,0.20035161,0.067236744,0.65623206,0.9505618,0.29488748,1.775078,0.058848303,0.4752073,0.14830163,0.10672217,2.205324,1.4961193,1.1788055,0.12977152,0.39409515,0.83029,0.15067467,0.42351073,0.5829204,0.13774891,0.009183496,0.077563666,0.18262723,0.16575244,1.0718575,0.8426595,0.80222535,0.96545184,0.15098013,4.1511574,0.11470475,2.8019128,0.6079906,0.515545,2.581441,1.4556221,0.98758394,0.4955084,4.311538,0.15648882,0.12664571,1.1861731,0.09650486,0.5825955,0.018505005,1.0105677,0.34566388,0.6290914,0.14646351,0.0,0.9069363,0.9470157,0.9430405,0.19639494,0.008111156,0.0031808624,0.7330641,0.70063716,0.19244727,0.2700667,0.6604989,0.8778931,1.0245557,1.0343654,0.09579313,1.2641265,0.7926069,0.07834495,1.5327644,1.2597053,0.27404982,0.331529,0.14662604,0.25513807,0.13706744,0.04930863,0.48260605,0.22828566,0.32800096,0.0752497,2.2474496,1.0713841,0.0172926,0.0204907,0.46803486,0.93508387,0.47996998,0.18117325,0.43248573,1.3390096,0.2249581,0.26876786,0.8589261,0.05353044,0.044893987,1.4309027,1.0898027,1.883847,0.3219336,0.685187,0.59945726,0.93154734,0.60775685,0.65607685,1.5543343,2.3008864,0.0024293724,0.20627585,0.3112969,1.2290436,0.43936238,1.0237628,0.28944483,0.5569178,0.99076027,0.7799457,1.1161686,0.016937224,0.25333405,1.2317216,0.03535374,1.2985525,2.178046,0.98602045,0.037734047,0.6032184,1.0769342,3.8516023,0.73323977,0.16061378,0.15840407,0.93473,1.1843599,0.0021862804,0.07150494,1.7681162,2.096225,1.3479483,0.11349127,0.049115457,0.11741282,0.3915257,0.6475933,0.18779616,0.39924908,0.10709953,3.160128,0.053740717,0.9585893,0.15335724,0.20189102,0.21856016,0.1760755,0.51581395,0.7234764,0.21726705,1.1800035,all_pothole_images\pothole_images_2_image_130.jpg
0.7157588,0.7992241,0.77826536,2.9540455,0.70441204,0.094108336,0.6150265,0.36380678,0.017846368,0.3681753,0.31046543,0.70060855,0.0019175421,0.69063044,0.74144185,0.44961554,0.11481177,0.33773798,0.58001995,0.31986237,0.14562728,1.389183,0.34877005,0.55715257,1.2337017,0.14265054,0.3937023,0.28856245,0.28080344,0.19909784,0.37443456,0.19919503,0.19332474,0.5949324,0.06766832,0.5573271,0.055654358,0.97899234,0.34772903,1.7260365,0.12769626,0.07935024,0.0,0.42072117,0.29756582,0.34240994,0.13040005,0.025296062,0.1131736,1.2615173,0.0017674736,1.0431602,0.9936787,0.48592573,0.14398137,0.14079387,0.877523,0.2542661,0.405192,0.9408326,0.038910743,1.2160788,0.06425261,0.2958145,0.022175634,2.5898645,0.4851841,0.47287855,0.09522255,0.0,0.32873967,0.2540116,0.31205615,0.0882488,0.032612797,0.9194962,0.4199358,0.28467476,0.0,0.010218566,0.30149338,0.6591713,0.5210106,0.89858603,0.011469793,0.34340757,0.016893286,0.5324024,1.960609,0.09997719,0.008150704,0.06459131,0.0,0.11269088,1.076416,0.5128743,0.71195424,0.96851563,0.023303144,0.033239838,0.0,1.2894298,0.73929125,0.6468747,0.24226764,0.11569831,0.009498637,0.5002302,0.3122966,0.1322146,0.0110102985,5.329061,0.38482937,1.6571875,0.30664265,0.06672315,0.15278953,0.48098063,2.5357974,0.72375536,1.42005,0.8419858,0.0,1.6101183,0.15247554,0.52817154,0.069968104,0.00087618036,1.8521454,0.01920691,0.5331956,0.25280997,0.08582636,0.5041013,0.45761365,0.30982903,0.0060604154,0.10722209,0.2420131,0.4261289,0.06523928,0.4542257,0.23896131,0.44124123,0.11909787,0.124541335,0.21325439,0.60504466,0.9371969,0.11781976,0.589029,0.37684065,0.35001743,0.07081211,1.4914083,0.11276903,0.3138945,0.37564203,1.5966672,0.4613476,0.6922759,2.8336985,0.0,0.82439107,0.16622272,0.8736678,1.0532589,0.17728697,1.4876891,1.5449145,0.0,0.04747717,0.12834303,0.18120559,1.1878958,0.01102591,0.9047277,0.00014842648,0.27523676,0.0537118,0.03184022,1.6027579,3.0685954,2.5756187,0.90715927,0.9905576,0.19237505,0.071899936,1.7894095,1.2469693,0.048519313,0.0,0.012657551,1.0817059,1.2274054,0.43334904,0.56510305,2.2401264,0.46082807,1.2157077,0.38229275,2.826103,0.6232444,0.69304967,1.0314541,0.107950896,0.110527545,0.12621593,3.077818,0.2745631,0.050770428,0.016489087,0.29675242,1.4675435,0.17162152,1.0843587,0.21484731,0.1615987,1.0209203,0.0,0.2667787,0.441558,0.46950543,2.2654228,0.13121812,0.19502716,1.65453,0.009867827,0.033501144,0.1719125,1.1927088,0.15277448,0.08673182,0.086330995,0.21248156,0.0,1.1379569,0.30436927,0.055676095,0.031596936,0.41966832,1.4528005,0.009550857,7.588907e-06,0.17261498,0.014634276,0.38936532,0.64929384,0.19522414,5.083197,3.0162394,0.40217042,0.20364463,0.56767243,0.111757606,0.6178726,1.2146444,0.44888306,0.58827955,1.9910817,0.0028317603,0.072660394,0.4075526,1.684084,0.1374364,1.9311687,0.078940384,0.34957466,2.5001113,0.0045621516,0.2598882,0.0,0.14105423,0.024789235,0.8961096,1.4841713,0.022747563,0.35515252,0.023717036,0.27369133,0.489494,0.33822507,1.1521951,0.13283913,0.10297558,0.07510471,0.8135656,0.13029312,0.02762117,0.62367105,0.008633873,0.0007634133,0.3698136,0.8313152,0.06067593,0.39318073,0.093086414,1.5423291,0.65583956,1.0577804,0.6149432,0.5138824,0.05450775,0.94765615,3.3487947,0.090839654,0.0,0.30591363,0.0,0.15380171,0.2042985,0.6179175,2.6293435,1.9860456,0.17971466,1.5767498,0.035401765,1.0475116,2.2525547,0.7040914,0.4106172,0.015152719,0.30026525,0.06911059,0.2820713,0.066521704,0.16747394,0.0008543857,1.1860417,0.36085516,2.4125311,0.60922825,0.069972165,0.117363244,0.037016306,0.33906972,2.922442,0.15030724,0.063981086,0.7432162,0.022417292,1.643336,2.061655,1.5545493,1.7752243,0.9323805,0.052191053,0.49255836,0.56184226,0.0,0.757649,0.26204953,0.10967609,0.3150191,0.2458912,0.19926491,0.0066585825,0.14771736,0.52794415,0.3568506,0.39273164,0.5549986,0.48518467,0.20044817,0.018392142,0.25798738,0.8522256,0.005586184,0.0249928,0.002152423,0.45039088,0.020261416,1.0366923,0.021083457,0.27444434,0.07418108,0.74159986,0.0040475326,0.88271946,0.55449736,0.0049164477,0.017846964,0.17703761,0.91235477,1.3954625,0.49976507,0.9468049,0.009034992,0.022120517,0.25086653,0.31544882,1.0045819,0.22090042,0.6470871,0.007617351,0.07448636,0.053185087,0.18831229,0.2817611,0.5459371,0.52224976,0.32898715,0.2815707,0.109749936,0.042587787,0.4185547,0.9414063,0.62941575,0.4801082,0.024129847,0.5496573,1.2854431,0.01127188,0.49720427,0.0744862,0.068291776,1.518881,0.031671647,0.26133606,1.5962194,2.1435425,0.44261748,1.6442853,1.9362657,2.8548849,0.09292288,1.0441737,0.5872998,0.35114828,0.266679,0.6264263,0.4036563,0.2218269,0.05369943,0.2567901,2.549749,0.89705825,0.08935124,0.9489067,0.8030699,0.015848303,0.517798,1.0252987,0.03647581,0.37598902,0.0,0.6255415,0.23988993,0.004080685,1.2492385,2.756454,0.14586948,0.5097376,0.72877324,1.5751313,1.8725654,1.4943103,0.45429856,0.26848438,1.4983674,0.085684404,0.75558275,0.7885944,0.03698356,0.10578391,0.380545,0.34749806,0.086284555,0.20076708,0.43331835,0.37426466,0.6681039,0.21332055,0.0,0.095409885,0.023117684,0.593565,0.87652135,0.9861916,0.19380747,1.0587107,1.2058264,0.88077575,0.22543077,0.0,0.36661762,0.6227535,0.63244706,0.9955259,0.02040609,0.54914343,3.9117303,0.0,0.2309632,0.0,0.0,0.17228702,0.23034994,0.011464121,0.5376289,0.299244,2.2656305,1.5331931,0.08671835,0.46149608,1.4134661,0.30093995,0.7072037,0.3007558,0.17993775,1.198132,0.07589349,all_pothole_images\pothole_images_2_image_131.jpg
0.0,2.6041875,0.85200816,0.7160592,1.1748669,0.55558145,0.9198897,0.4563491,0.44341028,0.6632569,0.2867745,0.35209438,0.22954962,2.5717573,0.8017091,1.1231405,0.23297921,0.15150999,1.4935511,0.45674017,1.9252856,3.0951548,1.4057447,1.6008013,0.35021615,0.71019053,1.1897868,1.7436328,0.36117873,0.29627594,0.24675518,0.0,0.41852394,0.0014563809,0.5403894,0.44753513,0.3600449,0.65693337,0.19846758,1.2185491,0.112538725,0.025003143,0.49113727,1.7223314,0.34611169,0.13393776,0.23550302,0.024128933,0.4601781,0.11642822,1.4796978,1.0226607,1.121642,0.9176381,0.035557453,0.5019178,2.3347945,0.25650808,0.7291296,0.20631066,0.26548013,0.50943726,1.3210038,0.45319194,0.022731045,2.4097512,2.5463822,0.35145265,0.24407075,0.10226314,0.03414218,0.5738954,0.023263061,0.19491762,0.23226045,1.7565012,0.10750278,1.1800451,0.10288128,0.036845848,0.9649476,0.38322383,0.16489214,2.5356212,1.5856076,0.6871188,0.17828271,0.46273383,3.1091247,0.47564137,0.224413,0.046670366,0.069778256,0.13374798,0.57453483,0.37671596,0.18315883,1.6928463,0.94286484,0.4117784,0.077614956,1.7922808,0.13005398,0.2614735,0.08210618,0.1810709,0.071765356,0.024292892,0.10297284,1.652155,0.22975563,2.89699,0.19979835,0.07382928,0.5767511,0.70611405,1.6065521,0.044890758,1.2969759,1.1438448,0.26456705,1.3896095,0.2800771,0.81763995,0.665388,1.1151668,0.18515335,0.0040178383,0.54803985,0.92228657,0.28776065,0.2761154,0.6690306,0.066391334,0.39760137,0.07350864,0.18213579,0.39688152,1.7596523,0.07885467,0.30284232,0.9661137,0.03414077,1.3806043,0.3673038,0.0,1.1119273,0.10255525,0.06407529,1.5687389,0.74702567,0.24717855,0.054943893,0.00027015008,1.426208,0.33956808,0.34597847,0.5922246,0.32386333,0.4241852,1.831426,1.9101356,0.49018013,0.55739564,0.01629801,0.63218725,1.753068,0.5923159,1.9063714,0.08354232,0.4992572,0.0022352983,0.82532156,0.7937638,0.8379486,0.036627527,1.4236287,0.06389384,0.4451802,0.2047671,0.31968057,2.1513405,3.375259,0.53953934,1.0957114,0.18628585,0.77455455,0.6928463,0.48810336,0.5062943,1.1236595,0.67468137,0.01735477,1.765648,0.81178445,0.0062727034,0.00887438,0.9286597,0.009830337,0.090880975,0.17638087,0.03752485,0.78626156,0.66921544,1.3746506,0.14610162,0.023914063,0.5883153,0.40528888,0.2678882,0.28981,0.5283992,1.6604154,3.5071492,0.6987911,0.4685664,0.7568663,0.036290158,1.3358583,0.050522905,0.42058793,0.07355823,0.87034607,1.4400645,0.0058943834,0.014335657,0.702515,0.42443904,0.20296004,0.6160526,0.13352782,0.5167824,0.06498357,0.007164126,0.6046009,0.16558763,0.15571812,0.57390094,0.0012361611,0.01429542,0.57099277,0.42058057,0.64708006,0.5442865,0.41748452,0.37673014,0.8614887,0.0015323297,0.5909613,4.1520147,3.1734295,0.002925317,0.14833684,0.11626527,0.24788557,0.4285033,1.2505345,0.314635,1.3165588,1.2923508,1.0969573,1.4462047,0.0797364,0.339859,0.95746374,0.5903296,0.0,0.19669469,0.49908987,0.97663224,0.6610257,0.06282398,0.28599113,0.18264233,0.42869088,1.1231928,0.40910283,0.49759832,0.81724733,0.13874456,1.5076818,0.5274895,0.39582384,1.370638,1.350652,0.99291384,1.087736,1.7966489,0.9879267,0.07015501,0.25176054,0.75876564,0.96502644,1.0634922,0.55291337,0.7682016,0.97165406,0.48326188,0.18650019,1.6003077,0.0,1.1182568,0.09722676,0.57981426,4.451423,0.13893712,0.02043954,0.35004565,0.9419568,0.6869655,0.96098024,0.82516867,4.742527,0.8084036,0.033984657,0.53933346,0.09365633,0.5199305,0.6163814,0.123984784,0.085613586,0.38220647,0.3120542,0.30087662,0.30592567,0.5683723,0.6553645,0.43132544,2.13425,0.8532468,2.5792704,0.52746046,0.02640965,0.43499303,0.18395998,1.0306231,1.1078628,1.1189888,0.22022219,0.40543038,0.24326293,2.3124123,1.594749,0.028237566,1.107211,0.28501207,0.047894605,0.017418642,1.0929985,0.6616105,0.77083343,0.53222245,1.3867748,1.5517219,0.00087114086,0.6438091,0.8864551,0.18549047,0.8085607,0.28003317,0.120797515,0.0,0.6678968,0.38448092,0.0,0.7413644,0.9753891,0.7815816,0.15993541,0.12140624,0.5929724,0.5458563,1.0232483,0.5685325,1.513516,0.031153426,0.08143499,0.37891278,0.062556915,1.2918015,0.16491096,0.48006383,0.6307278,0.6249061,2.721231,0.77604735,1.4935162,0.26063403,0.5857377,1.6945282,1.2123741,0.8754769,0.0008551884,0.89171475,0.7813006,0.0,0.5355574,0.40505746,0.23591469,0.643311,1.7121766,0.08341756,0.098542325,2.1380415,0.0,0.00029057675,0.33298174,1.1364517,0.46456057,0.322633,0.45761853,0.46864185,1.1705568,0.25933418,0.10021524,0.2676541,0.7087903,0.18163332,0.24517485,0.751099,1.6874096,0.28339663,0.57564896,2.2212431,1.5992643,1.2874067,1.7068418,2.312826,0.18075764,0.2964382,1.0370177,0.04892749,0.025422024,0.9252045,1.2141968,4.4287434,1.0918784,0.04760881,0.5302308,0.75395554,0.87860733,0.27046502,0.0072234054,0.3081986,1.1883935,0.5557688,2.0430536,0.4109363,0.4227298,1.1628691,0.07638383,0.26364064,0.9331865,0.28310075,0.44188643,0.81464475,1.6840948,0.40620834,0.1662366,0.46852714,0.23584382,0.18605062,0.9033553,0.39193255,0.0909359,1.03413,0.91991717,0.9042128,0.66533697,0.8044874,0.05898387,0.06164958,1.24426,0.18072052,0.0166001,0.03793575,0.005262309,0.33464646,0.18857816,0.45259959,1.9312899,1.2964538,0.07140263,0.35819155,0.024701234,0.1767183,1.8862168,0.35585147,0.8854782,0.13752553,0.6288965,3.2556818,0.3034276,0.17651634,0.06843864,0.085289136,0.48949027,0.03359897,0.04693427,0.024458006,0.73966885,2.7302175,0.25354823,0.63250405,0.15205938,0.51129925,0.0109910425,0.6671826,1.53116,0.35049528,0.7577628,0.49198103,all_pothole_images\pothole_images_2_image_132.jpg
0.46517047,3.517009,0.9386608,2.2526815,0.64029616,0.8826445,0.06478954,0.24104933,0.46883878,0.36608365,0.9508055,0.6106653,0.6199446,1.8065727,0.6521398,1.1993831,0.9876942,0.0001644407,0.5475285,1.8412585,1.7496228,3.204901,0.8331233,1.9775231,1.7315079,0.48421445,0.17682002,2.7516391,0.31795654,1.1419421,1.3429718,0.24604023,0.55144054,0.25785425,1.1525025,0.8519939,0.45957187,1.2717557,0.19980621,1.1249453,0.28850526,0.0,0.27423236,1.0915947,1.3980948,0.96772486,0.253607,0.39331824,0.8506354,0.83961874,0.9583461,0.79027057,0.4484101,0.57797426,0.11026063,2.3505774,2.1073766,0.13712956,0.29043135,0.011299727,0.5233705,0.2086658,0.8219315,0.4705676,0.8632642,1.3943331,1.1792271,0.53311455,1.1623797,0.36547554,0.61632365,0.885488,0.32194436,0.7679409,1.4554496,3.3825653,0.38096103,1.2807306,0.38768417,0.3605356,0.29261208,0.012631627,0.24824932,0.86389595,2.175823,0.28808546,0.5061628,1.3615795,4.2631354,0.33850974,0.4342447,0.3942243,0.8601078,1.7296693,0.5618745,0.06920351,0.27718416,0.14470762,1.694776,1.8765445,0.036259674,2.0871217,0.60235995,0.14722818,1.330061,0.2287921,0.34800047,0.17753254,0.009779824,0.7569618,0.037432987,2.4685771,1.4861397,0.6938095,1.1052287,1.001958,1.4398707,0.910976,0.3032317,0.5739947,2.3523736,1.4300941,0.62278414,1.0275481,0.9935773,0.68667954,1.1996554,0.5832987,0.37059498,0.5260486,1.181895,0.02723387,0.9269677,1.3338354,0.49072692,1.6061021,1.9938492,1.0980164,1.2037472,0.0,0.4665857,1.6120826,0.7534821,0.61341333,1.4651256,0.6208995,0.8087456,0.5269193,0.59529704,1.6904019,0.9351274,0.5210794,1.2668322,0.6381204,0.8516277,0.6344598,0.8242171,1.0129045,0.6848413,2.0960164,1.4306082,0.33236045,0.37579167,3.8312514,0.061501555,1.2966439,1.0147355,0.8136318,5.095576,0.2247576,0.014347474,0.1873715,0.88509244,0.9552857,1.6067541,0.21144372,1.497012,0.1768238,0.12468577,0.8345675,0.9261933,2.1106408,1.725381,0.88952744,2.33607,0.60516644,0.3069051,1.4423463,0.7188523,1.3661476,0.6655912,2.0634272,0.15788849,2.0909634,0.27054244,0.25295824,0.23677205,0.6157608,0.07194227,1.2337421,0.8368952,0.71778136,1.1259521,0.56175387,0.45631105,0.6331198,0.06521954,1.1676877,0.031996127,0.62624055,0.097718604,0.5079308,1.1024039,1.1212724,1.0462893,2.1887252,0.3148607,0.69661695,1.1222445,0.1419892,1.0466255,0.019019306,0.9501829,0.7280332,0.78646517,1.4795487,1.2133707,0.5457992,0.6938597,0.23282789,0.06460617,0.5671374,0.2527332,0.7690108,0.13074537,0.79621744,1.5239289,0.08709508,0.0061662598,0.1513185,1.3349336,0.51035273,0.1794891,0.1245855,0.5973516,0.21181177,1.0536561,0.06648218,0.17174463,1.7515168,0.29731998,0.5638888,1.0148683,0.17804624,0.11681313,0.18210143,0.5269826,0.29317868,0.47507027,2.7761936,0.34237775,1.1496017,1.4105079,0.37334052,0.54015476,0.2060301,0.26020056,1.4698005,1.6435081,0.81618124,0.34895366,0.20939381,0.9057135,0.31764683,0.8121152,1.434663,0.7137353,0.49428293,0.9594781,0.3622217,0.08595836,0.27459747,0.08820844,0.28973716,2.142852,0.4066033,0.6071735,1.038093,0.20697835,0.14128894,0.17915519,0.5465299,0.13204148,1.1202536,0.46724823,0.2413367,1.1340678,1.2393768,1.2228191,0.7609932,0.27555826,0.73159,0.27927226,2.02059,3.1237824,0.35871395,0.36216018,1.4016842,1.5406449,1.8248377,0.31875995,1.0163733,3.9452598,1.825656,0.0045255455,2.0045197,0.481924,1.4303687,0.6905439,0.18621778,0.1833179,0.94667923,0.4231928,0.9169774,1.4044918,1.5301143,0.1032973,0.44036007,0.7676656,1.1329757,2.1552246,0.9251367,0.3149588,0.17806561,0.7059251,0.19297455,0.833418,0.9772186,0.5168865,0.7991544,1.8697964,0.7533239,2.5270672,0.12460624,0.6414139,0.96858704,1.4851485,0.3408891,0.49958104,1.7971659,1.0769397,0.46444592,0.8366481,0.3939536,0.13233669,0.38955364,0.47220775,1.1063178,0.7397744,1.136943,0.52800316,0.22793001,1.1790959,1.2904253,0.09363627,0.8268492,2.259486,0.117451355,0.28307807,0.2660496,1.1270462,0.7981598,0.9786113,0.88115543,0.8146203,0.7817032,0.17776307,0.3582466,0.70660156,0.21376573,0.5109363,0.7797598,0.4441554,1.4917884,3.4827778,2.0494916,1.3141474,0.07134967,1.5099261,2.8433013,0.9090565,1.0913987,0.0026759664,0.94217134,0.6912171,0.0381593,1.3975897,0.6653786,1.1461338,1.181022,3.2611196,0.609978,0.47279963,0.88167447,0.29128164,0.30846277,0.6110128,1.2462214,0.9242572,1.074817,0.29917526,0.21089567,1.194131,0.27209616,7.4185606e-05,0.92357,1.7942072,0.13162072,0.26244587,0.23905565,2.028332,0.4671007,0.83770806,0.47113794,2.6425855,0.2630802,1.3746105,2.1408472,1.0062207,0.7426576,0.6907755,0.43783304,1.5394754,1.3375554,0.45520595,3.636107,0.9012695,0.72852415,0.21025804,0.31858462,3.3792388,0.16781087,0.5290177,0.8597357,0.42150295,0.8250286,2.1577244,1.212662,0.832786,1.2157315,0.247503,0.61017317,2.2062137,1.0396482,1.6713895,1.0321864,0.9831183,0.6024777,0.87891746,1.0922573,0.84076816,0.03677681,1.1080444,0.52280873,0.6865205,0.4915411,0.8044946,0.31322733,0.6025952,0.20392682,2.077703,0.13538343,0.41943973,0.2729937,1.7012591,0.35932097,0.15771468,0.32596603,0.75142366,0.7816978,1.8390765,2.7905781,0.51547724,1.1629604,0.029832069,0.7554539,1.0421679,0.34843373,0.45588517,0.66023344,0.96475226,1.5832677,0.22322798,0.20690061,0.07660707,0.19033778,0.37490782,0.46895757,0.47009772,0.10016056,1.4644439,2.9139123,1.1660535,0.38491058,0.43372297,0.7936188,0.0,1.7452891,0.3659625,0.72723216,1.8317795,0.83950996,all_pothole_images\pothole_images_2_image_133.jpg
0.3972411,0.30775583,1.10949,1.80131,0.3924071,0.20445544,0.43247673,0.35970968,1.3490338,1.3397816,0.24708405,1.1820893,0.294805,2.0067215,0.14376113,1.5862497,0.43198115,0.403027,3.0240746,0.780376,1.3574735,1.4783615,0.30100283,2.0249264,1.3215644,0.5492116,0.07943096,1.3358563,0.30993378,0.13922757,0.26180208,0.330953,1.2801207,1.1291561,0.20247754,1.7473944,0.3565071,1.7160274,0.62478137,1.1175802,0.14672282,0.03774019,0.4152481,1.4041387,0.6112214,0.45149073,0.073307574,0.5142935,1.6292344,1.1003078,0.27427006,0.0962959,0.88982874,0.38139248,0.19021589,1.421988,1.9468064,0.20068,0.60625565,0.66876435,0.08367911,0.1650521,0.26590234,0.43003327,0.33531556,2.1833785,1.035984,0.063597426,1.2768542,0.15990205,0.014272298,0.19869044,1.3556411,0.3216384,0.3980032,1.7263585,0.17603366,0.743228,0.2696473,0.25406453,0.12969004,0.41749167,0.38091627,1.822606,0.60400146,0.55496156,0.07263088,0.42762595,1.4414475,0.75198364,0.50970715,0.03148686,0.03145756,0.517885,0.40221912,0.0067765857,1.9147613,1.7956614,0.4023217,0.059041437,0.47302952,2.249096,1.404835,0.012345006,0.60236263,0.39870247,0.17637272,0.12910339,0.87150025,0.1165833,0.0,4.392878,0.67893225,0.19615863,0.5197419,0.12936696,1.9800496,0.9833937,4.544768,2.8210664,2.1750453,0.68362397,0.54103434,1.3643254,0.70961946,0.69220203,0.33694753,0.93269765,0.8938124,0.044621307,0.71052915,0.0,0.37928092,0.08193338,0.121207796,1.591295,0.361752,0.6885063,1.1127881,0.12868759,0.05611827,2.245166,0.29144007,0.32632604,0.14404249,0.33231747,0.17561902,1.2261815,0.8952899,0.0025623683,0.53518075,0.5710963,0.16505705,0.027666954,1.8558279,1.2287073,0.45469368,0.8944126,0.25264674,0.3074585,2.3564756,1.7640606,0.22170864,1.2725642,0.04417401,1.0099492,0.18548408,0.30249208,1.0583038,2.793398,0.0060085277,0.0040579326,0.11040504,0.53102046,1.107923,0.26527968,0.25656763,0.005266194,0.05393062,0.47657618,0.13692544,1.9196787,1.1305538,2.485529,1.9459814,1.195656,0.7255669,1.005528,1.6401557,1.7700517,0.15310496,1.4619408,0.0,3.0009022,1.4304098,0.795592,0.65342337,2.7672343,0.7421895,0.859282,0.6900985,1.0515828,0.62230027,1.0133712,1.66972,0.031286906,0.10174154,0.17991069,1.4683084,0.1137735,0.24387495,0.012556342,1.4502609,1.2488136,0.98892295,0.47956347,0.36282647,0.29423568,1.1400452,0.16981858,0.12091936,1.5402044,1.3651824,1.5131516,0.018259903,0.09628128,1.9616238,0.9221133,0.38016602,0.9908006,0.13217087,0.008086396,2.301802,0.5257618,1.3467953,0.5858356,1.1801175,0.27478045,0.06684144,0.65161765,0.60393953,1.7309688,0.20555058,0.8622396,0.3113104,0.03530883,1.156579,0.4623853,0.48954505,4.2431407,3.4717815,0.6123251,0.21367817,1.4036598,0.032021005,0.08988422,0.71434486,1.7565542,1.0853988,1.1594784,0.095918715,0.01494679,0.0215117,1.5386268,0.81822854,0.8745993,0.3607896,0.30226135,0.8028522,0.47871366,0.519935,0.19883032,0.0,0.99208295,2.4210844,1.0368536,0.47549224,0.4329485,0.38144892,1.0855312,0.18884817,0.73696303,1.0257258,0.07169331,0.11002998,2.4521422,1.9389738,1.5280594,0.2791122,0.49805832,0.16666383,0.24268535,0.21934478,0.98223525,0.65875787,0.8779499,0.3595422,1.5292282,0.67376024,0.83831775,0.12807375,1.675768,0.32370943,0.46678647,4.270525,0.009359228,1.0596468,0.49816468,0.5787908,0.22600563,1.2752581,1.083107,4.2396555,1.7960426,0.005826132,1.9580956,0.09321617,0.5493773,2.0627923,0.20299685,1.5168017,0.28717196,1.163034,0.17370118,1.3095387,0.14755541,0.20612101,0.71969855,0.4275827,0.63617533,1.7084821,0.8970361,0.026391737,0.24200913,0.30631217,0.1659403,0.9945481,0.29350063,0.07437512,0.020114215,0.28048828,0.8711694,2.4746575,0.43537116,1.5548295,0.11198884,0.0,0.23885174,0.45363796,1.6867416,0.07751234,0.07899715,0.30733004,0.9726036,0.22477683,0.7979554,0.03507004,0.5883835,1.7798336,0.8447759,0.05353546,1.0717047,0.39088368,0.7487702,0.458847,1.1602598,1.8316149,1.0519704,0.098413706,0.6782499,2.0891154,0.23433371,1.4356529,0.08424678,0.7883238,0.15138294,0.1186631,0.36088607,0.37479144,0.9796177,0.38527614,0.01845526,0.612445,1.8424754,3.5112076,0.27537,0.3530621,0.0,0.09520828,1.7280687,1.845629,3.1202254,0.50871694,0.28329584,0.11485132,0.16461489,2.3341596,0.45571136,0.5498384,0.026303858,3.0442667,1.0776209,0.3989404,0.32707354,0.26647243,0.25542876,0.13347405,0.49686205,0.10868231,0.0011757235,0.0,0.40622935,0.15443727,1.5811615,0.006383858,0.3933627,0.71515274,0.27261093,0.52705854,0.7077779,2.6063266,0.3845404,0.39694956,2.4921253,1.4318355,0.39346215,1.6880398,0.5772711,0.15578727,3.1269562,0.17485479,1.6024942,0.054526307,1.0510032,0.59083384,5.009274,1.7588202,0.5947185,0.9824555,0.92057365,0.28772137,0.9172267,0.1909881,0.9516182,0.32831648,0.40238905,0.7567711,1.0203775,0.021517573,2.1040578,1.5264366,0.4343755,0.31123415,2.1698225,0.8078197,3.2843387,0.53746206,0.74830115,0.654202,1.9467446,0.097564206,0.49832636,1.2541713,0.1359272,0.75069714,0.8152111,0.9660182,0.0,0.054549254,0.1638546,0.86896294,1.3521098,0.13587178,0.3657706,1.7904017,0.552728,0.589515,1.5987757,1.2961589,0.013428661,0.97210336,4.85401,0.77679086,0.3508496,0.0,1.3362721,0.6861493,0.2193579,1.457157,0.30981112,0.71378875,1.7784413,0.21766764,0.39381534,0.19068687,0.028411264,1.0776591,0.24306464,0.5439393,0.5369925,0.19151816,5.573105,1.4792312,0.007981981,0.5028102,1.1171772,0.12689388,0.2609309,1.5368775,0.26524827,1.6335008,0.37075263,all_pothole_images\pothole_images_2_image_134.jpg
2.3078609,0.5500177,1.4893824,0.5450678,0.38298458,0.35110658,1.0837706,0.5285927,3.3480458,1.0558339,0.02242187,1.0511079,0.29409546,0.35554886,0.6831729,0.93154657,0.099390395,0.07869427,0.97572386,0.41621614,0.4270783,0.052099578,0.17039502,1.1024103,0.9933389,0.5500232,1.0369498,1.2440293,0.21618919,0.15224214,0.29869822,0.6997369,0.81112427,1.4021288,0.11280678,1.3342794,0.33789968,1.5534742,0.7293945,1.9105463,0.84518164,1.1968019,1.33281,0.8971149,0.09121104,1.6210523,1.5590926,0.20351928,1.0124581,2.0267425,0.51356745,0.6109058,0.6966487,0.13522258,1.0579921,0.031614937,2.494852,0.7735803,0.12131646,1.1448656,0.20242557,0.3129258,0.8064309,0.7207914,1.3278381,0.35392866,0.09179123,0.43463174,0.23730426,0.05282959,0.7276689,0.71288717,0.59071296,0.99033946,0.9208529,0.40950814,2.7137158,1.14578,0.10089296,0.12825333,0.22882515,2.5188022,0.6618655,1.3522656,0.5199027,2.3913023,0.5159763,0.57649463,1.3719691,0.007521934,0.02203626,0.85442007,0.14993763,0.04899558,0.056460653,0.9119339,2.660591,1.8145205,0.34182045,0.5578348,0.02751766,0.22903198,0.64022714,1.0447886,1.2542309,0.5709013,0.0284276,1.9926215,0.3143194,1.6697886,0.11977117,4.01341,0.08797577,0.8681665,0.4695669,0.88862413,2.939156,0.30099195,0.42413655,0.48323408,1.178498,1.5189931,0.46070963,1.6924807,0.43468666,0.026661308,0.6265444,1.5459244,1.1874096,0.007214908,0.16207138,1.3205304,0.47272697,2.5669935,0.4328046,2.2136648,0.20084025,0.41835448,0.10457637,0.90610766,0.18515463,0.63674533,1.2124543,0.9793379,0.54453653,0.14537469,0.03695274,1.5292553,0.4913665,0.35129437,0.3636143,0.10009832,0.8131752,0.9168877,1.7789125,0.337652,0.28157583,0.12864347,0.26161522,1.4397767,0.77127504,0.13779166,0.09968735,0.79909015,0.4041614,0.09409272,0.7542829,0.18848497,0.038149007,2.2386978,0.09163819,1.4816197,0.38485762,0.3656707,0.3903552,0.7426339,0.94320184,0.12907599,0.55932015,0.26660338,0.072330505,0.1193741,1.4445299,2.4800255,1.8681991,0.501003,1.3823981,0.58552915,3.4182568,1.8001413,0.9654237,0.073566675,0.6911429,2.673392,2.9154327,0.7531249,0.70865864,1.904506,1.2818742,0.17780226,0.5802519,2.2256465,0.17225628,6.356318e-05,0.7247998,0.30638653,2.3757486,0.81903416,0.5482967,2.2319167,0.013557247,0.38762116,0.74727917,0.1571687,1.0916235,1.5541384,0.7317793,0.18615262,1.8872088,0.03554153,0.9074061,0.34978688,1.37069,1.9067874,0.24856652,1.0726755,1.3427775,2.4153655,1.7881019,3.05199,1.2239091,0.5347389,1.2032777,1.6981004,0.35727325,0.97245103,2.0897524,0.55136704,0.08370426,0.25586468,1.5377215,1.0571953,0.31884515,1.4312068,0.010817151,0.07779984,3.2080314,0.19973595,0.19907898,1.2364564,1.117257,0.7676453,0.39411092,0.2628056,0.5696132,0.4156705,0.98523813,0.05814481,0.15503304,0.0036324603,1.7573026,0.7673252,0.3414749,0.68876904,0.16974615,1.2939662,0.11636439,1.043729,1.7013382,0.63374007,0.053412743,0.22347821,0.09966839,0.50122285,0.6928305,1.5965267,0.15440564,3.5611787,0.4309999,0.466178,0.24156116,1.549904,2.3953872,0.18291366,0.04298384,0.8283696,1.928672,0.9834071,0.52661216,0.53861237,1.1171494,0.40740818,1.6371028,0.5218455,0.23781943,0.42806423,3.033931,0.0,0.89269704,0.5867133,0.5314974,0.3505123,0.16156012,0.14901155,3.5168538,0.0023373074,0.11007881,0.71635604,0.44221732,0.095494315,0.4206732,0.41713747,1.7867111,1.4236922,1.080898,0.60524166,0.03698258,0.33623388,1.6997375,0.15860973,1.6031117,0.18468864,0.47228995,0.11727248,0.4438509,0.95353603,2.6233392,0.26858318,0.5018525,0.07590817,3.4353433,0.7655411,0.25145397,0.08150984,1.208613,0.29131684,2.479997,0.2743846,0.59495634,0.53142434,0.07685167,0.9429032,0.8004685,2.1802647,1.025591,1.1971155,0.11885784,0.69024,0.88480425,0.58844995,0.8136449,1.2246269,1.3815575,0.068537466,0.14158076,0.6064519,0.60145146,0.18012215,0.08343738,2.281223,1.5610725,0.61603457,1.3515329,0.58052605,0.7195348,2.645791,0.7194832,0.22926947,1.9823664,0.7369981,0.7250057,0.7215966,1.7651224,0.47413898,1.4268162,0.13661143,0.20341323,2.3520918,0.019861752,0.8284359,0.78025705,0.70081735,1.1072891,1.1205449,1.7144439,0.5710454,2.6030862,0.17258948,0.027097384,0.7801761,1.9857804,0.96965855,1.8102448,0.31338495,0.0023762314,0.20263234,0.1197644,0.58052856,0.36716682,0.031052528,1.550814,1.4092999,0.9288708,1.3278687,0.4959989,0.7173091,2.9069965,0.45941877,0.19117403,0.10116649,0.6992733,0.85861015,1.8700455,0.5903837,0.430984,0.8609652,0.96098536,1.4070292,1.921633,0.108196944,0.048551567,0.27409947,0.86179084,3.4181633,1.0756748,0.13470684,1.4676081,0.22191526,1.3521316,0.49360037,0.26153696,2.9218335,0.8032312,1.2230734,0.09453826,2.160896,0.21684152,1.0134752,0.055421416,1.0155944,0.088659145,0.14648564,0.15583776,0.17599633,0.98805803,0.17806162,2.4747195,0.009405172,0.6914561,0.6230264,5.249371,0.9033806,0.41415444,0.38220623,0.49460787,0.80410534,0.6328726,0.29447135,0.48937482,1.8076305,0.6951079,1.6632073,1.4834479,0.53683,0.6016392,1.7228957,1.288354,0.9063701,1.9996232,0.8818806,0.16339067,0.48116878,0.39971256,0.05246326,0.03175049,0.9593432,1.0962023,3.365205,0.56530553,0.07355275,2.3963737,2.1714895,1.6137428,1.308668,0.8167885,1.0682647,1.2782316,0.85625225,0.71752536,2.567939,0.119176924,1.0552611,0.10476155,0.5510261,0.77290934,0.053257283,2.446997,0.67291695,0.14802858,0.9169313,0.09498486,3.0963314,1.7709724,1.5003624,0.5993869,1.3015758,0.96848637,0.11816462,0.29518354,0.27420348,1.6853452,0.15738854,all_pothole_images\pothole_images_2_image_135.jpg
0.21402062,3.4611843,1.3270717,0.6769103,0.3501864,1.5108379,0.9895045,0.1627843,0.64520824,1.1855221,0.72465783,0.06259055,0.49000627,0.122028485,0.38110957,0.8733045,0.8867668,0.056150515,0.5032563,0.04949739,0.100376576,1.8838896,1.1770387,1.8734077,0.18060777,0.82810044,0.13190973,1.4271429,0.3377725,0.5368015,1.0281893,0.7043409,0.68071276,0.65186703,0.51311857,1.1289861,0.15634961,0.3834554,0.04663518,0.82652485,1.4057796,0.06549878,0.1430937,0.25455946,1.5604621,0.193588,0.07294347,0.061370093,0.39889488,0.34575096,0.5341797,0.07452304,0.1037331,0.24135138,0.11647704,0.08800749,2.7888217,0.04905343,1.60306,0.40085092,0.3736988,0.13493422,0.7335164,0.29658931,0.048311494,1.0142622,0.36345246,0.26112148,0.37626562,0.0075654336,0.013063932,0.7357743,1.1918291,0.46853033,0.4509767,1.7378068,0.4911228,0.30732352,0.114067845,0.8161626,0.015943227,0.3163427,0.016111162,2.7684865,0.8746023,0.9053238,0.0247758,0.16098417,4.2659206,0.7773334,0.0015134003,0.23631182,0.33723494,0.67220765,0.76034874,0.0,0.33296895,0.8989407,0.41059116,0.04453564,0.0068334443,1.1383253,0.06798276,0.03573768,0.63028306,0.0034351936,0.071244046,0.2715966,0.17068966,0.468238,0.2375512,4.4795814,0.561004,0.16569029,0.03330717,0.5910879,1.6066841,0.4149361,1.1716661,0.99861735,0.78562534,0.49303502,0.4481781,0.6904058,0.11279119,1.8511195,0.43753377,0.23519243,0.3546653,0.082735606,0.6160239,0.40304697,0.3694233,0.30852047,0.7751015,0.45659003,0.055928394,0.572692,0.3261986,0.24352045,0.10554911,0.6606517,0.047865186,0.5177827,0.059942104,0.001639714,0.039529517,0.1880188,0.15199715,0.39537,0.7262139,0.119882025,0.26913887,0.13155097,2.047389,0.40963948,0.11563242,0.025373125,0.31400657,0.014727452,1.266015,0.40108132,0.29048666,0.68162054,0.27424327,1.3688955,0.8114421,0.2344368,1.4472657,0.22943388,0.08621568,0.08500008,0.29556453,0.611438,1.7515739,0.15964028,1.2845702,0.0027956893,0.13308041,0.5534957,0.27988154,0.92406416,3.0557437,0.98747873,2.3519113,1.0357429,0.33990413,0.9094462,1.2356511,1.091854,0.4094332,0.8076369,0.0,2.076986,0.5310489,0.026614135,0.20523193,1.2957296,0.6032627,1.4599708,0.0934167,0.7335426,0.036507588,0.4974175,0.48486227,0.52800345,0.06015878,0.3087153,0.6792255,0.51926714,0.0019904429,0.58917844,1.780909,0.9919993,0.27401394,1.2466013,0.24871989,0.1508119,1.9515231,0.46716532,0.39494047,0.04070468,0.48941,1.4146265,0.027293043,0.13390416,2.9950716,0.063688956,0.35822132,0.13393073,0.3327625,0.09729464,0.29484576,0.016497063,0.5006913,0.33301213,0.44035953,0.32612756,0.12351898,0.004399753,0.55186915,0.4851082,0.36841786,0.5028554,0.0,0.0026216535,1.4550151,0.0010336494,0.28556788,3.570234,1.4909557,0.23626684,0.91874784,0.016101606,0.22774805,0.0,1.078832,0.8560548,0.7036329,1.4500037,0.21285436,0.0124898655,0.75580037,0.4421068,0.18027669,0.82931095,0.61174446,0.46268705,0.9030549,0.80941325,1.1390897,0.048382085,0.07885332,0.592566,0.68487966,1.0901375,0.997612,0.2302429,0.45744136,0.67577475,0.11175238,0.63942415,0.0022732094,0.74698544,0.7791706,0.09100036,0.15575612,0.52489084,0.32050958,0.20495908,0.8004494,0.8245728,0.33965418,0.96205646,0.3777472,0.082686886,0.7662376,0.09007088,0.9667738,0.32890767,0.03403594,0.6773352,0.06844818,0.37607116,3.4826834,0.072378434,0.22350243,0.8078993,0.6729979,0.011080571,0.19033591,0.38269988,7.362419,0.59571236,0.0004930929,0.4136418,0.17660561,0.43902132,1.3780385,0.5529861,0.3952165,0.032048043,0.0,0.14690226,0.52537215,1.6142223,0.37641594,0.9248548,0.7718651,0.58871555,5.165697,0.91125053,0.0062561114,0.008890827,0.057616875,0.90972805,0.795958,0.06895387,0.056230854,0.27458537,1.2370117,1.4865714,1.7614874,0.007970367,1.0888823,0.67718273,0.29261488,0.101438835,0.03012296,0.095689364,0.5129176,1.4046968,0.39431405,0.79223406,0.36440697,0.3823585,0.21617511,0.11267686,0.25741136,0.23314027,0.03687391,0.0057262047,0.9426727,0.730482,0.035703085,1.217649,0.25104925,0.9506012,0.30491585,0.05071122,0.8987371,1.1357751,0.7775603,0.01374035,1.7006446,0.3194363,0.22516176,0.41844103,0.06374778,0.29376844,0.20150262,0.6172793,0.30876037,2.233525,3.9346762,0.5534928,1.4810351,0.4609094,0.6614001,1.9148389,1.317337,2.7001486,0.01951247,0.39778942,0.01299115,0.559664,0.14027488,0.044497542,1.1153929,0.16085671,0.76210487,0.101650156,0.6954062,0.8370146,0.0013501144,0.2592428,0.5861332,1.4002146,0.019450074,0.18236022,0.013313778,0.23890285,0.38106158,0.3412084,0.020313298,0.0588945,0.8729871,0.090733945,0.54302543,0.003876648,0.40637392,0.5057277,0.6492734,1.0866828,1.7837583,0.6934959,0.90095985,1.7284614,0.4927899,0.6507213,0.7674561,0.39086345,0.24595945,0.266479,0.38669625,5.809027,0.9588878,0.2442311,0.0017579392,0.69383174,0.57540923,0.32033312,0.0077780494,0.1145452,0.14341792,0.0035895468,0.8114688,0.59319174,0.3148349,0.80461234,0.81291944,0.89371437,1.0658795,0.80446064,1.1600264,1.3898209,2.0873244,1.1314976,0.50915015,1.6191214,0.059254963,0.24483499,0.38717082,0.0,0.5155772,1.0196612,1.3616995,0.0,0.57093847,2.3681986,1.6112319,0.1819464,0.3927792,0.10382525,0.7245829,0.0113451965,0.50784475,0.8949377,0.5910728,0.8016315,1.8256129,2.7874923,1.0174018,0.52414966,0.054333597,0.48000786,1.9921958,0.5355013,0.47380498,0.008602454,0.14631209,2.4343762,0.026094519,7.245492e-05,0.3422071,0.03821146,0.60022664,0.456425,0.039291605,0.0706733,0.0,4.8756723,1.0960788,0.37432206,0.117694445,0.31090584,0.0,1.9389167,0.12689024,1.4184489,0.7442238,0.14922911,all_pothole_images\pothole_images_2_image_136.jpg
0.6624362,2.0181093,1.1769279,1.2990918,2.630933,0.80410767,0.375956,1.2369417,0.26006645,0.17573218,2.3892531,0.9823753,0.33076134,1.725925,0.13548787,2.0011792,1.424706,0.530772,1.5740364,0.3646494,0.88055885,1.0931872,0.101492725,2.147898,1.1422318,0.93831825,0.012791826,2.086356,0.19130914,1.6592475,1.404848,0.33731997,2.599706,0.66742706,1.2238579,1.7582657,0.34182653,1.2921132,0.22416714,0.6801141,0.63422215,0.17942235,0.37984052,0.48766288,0.0,1.3147156,0.14706531,0.024923047,0.5592051,1.3206224,0.82001096,0.93640846,2.886564,1.6814402,0.116695404,1.4804313,0.39353794,0.060360495,0.6864133,0.33223304,1.001094,0.36522698,2.9301167,2.5861607,1.7366627,1.682588,0.05255267,0.25049844,1.4799733,1.2941395,2.0423214,1.1322192,0.41562918,3.164215,0.50341856,1.3750501,0.34541333,0.83302826,0.23434642,0.8719903,0.9284722,0.33946234,0.28312954,1.26984,1.6494671,1.9448731,0.012942805,0.52829665,1.7358563,0.21026352,0.551663,0.005731382,0.34650186,0.778375,0.093529165,0.6323337,0.770867,0.9577696,0.18335044,0.67997134,0.49564564,1.5426134,0.47742164,0.43732727,0.16305281,0.25168633,0.7883193,2.0141783,0.201483,0.26183814,0.21772715,1.6274105,1.2791582,0.6615146,0.5520573,2.3627012,2.0048223,0.69195163,0.8586586,2.599806,0.43381685,0.18485159,1.7393053,0.9101724,0.6091148,0.42165548,0.85865706,1.623528,0.8520756,2.382729,2.2548785,0.08037333,0.19885275,0.74706936,0.3138807,2.0380712,0.40498537,0.7795836,2.293127,0.41598395,1.3909622,0.3987653,0.21389766,1.4417634,2.0843103,1.3140134,0.025809813,0.31673288,0.13500473,0.87315595,0.81993115,2.2726855,0.36697966,0.15746436,0.50891346,1.0273846,0.2773733,0.18064019,1.867483,1.8495353,1.0484982,0.95432216,0.18909037,1.5749182,1.3688594,1.9657823,0.250768,1.311464,1.4250565,2.3514984,0.59359473,0.85726684,0.4535499,1.2563509,0.6000053,0.25040552,1.8621905,0.8996979,0.089261696,1.391385,0.009724477,0.92082876,2.1707315,1.727791,1.3068448,0.123641886,0.9651863,0.41612574,1.3419901,0.6889466,0.70677257,1.3316371,0.3790971,1.2982788,1.0693351,0.4399086,0.36159998,0.19996588,0.56585824,2.1885126,1.8019539,0.38762885,1.0646143,1.4046526,3.709611,1.1379594,1.300589,0.4850122,2.6341596,1.1380365,0.85124636,0.79797995,0.97407764,1.743861,1.5956168,0.83636665,1.1731132,0.24491851,1.4078203,0.21122189,1.6516567,2.689056,0.5505255,0.20688327,0.0668144,0.5435111,2.1770475,3.941508,1.0369378,2.3051736,0.35706294,1.2518436,0.7933691,0.73770684,1.4858426,1.448288,0.6169461,0.2575831,0.5364294,0.21672456,0.56805396,0.41324452,0.15729043,0.4150199,1.4725891,0.0,0.55980927,2.3473246,0.9561596,0.88687515,2.6647089,0.05013633,0.5181261,0.2063525,0.7996206,0.277528,1.3480688,0.5867537,1.320493,3.3614118,0.8134628,1.5968969,0.30507952,0.2842737,0.52061766,0.7284621,0.0,1.7850174,0.4338358,3.227003,0.41583395,0.2923363,0.60455376,0.34486473,0.89647764,1.220635,0.39217964,1.6098956,1.3601221,0.6971848,0.058821853,1.357247,0.20556764,0.6124609,1.2538227,0.43091294,0.077664405,0.9922951,0.24404484,0.05227375,0.5886908,0.25715837,0.06954202,1.0676805,1.3279215,1.2931712,0.43571806,2.1989205,0.9617615,0.3999965,0.13147579,0.6750502,0.7002993,0.27721378,1.8347236,0.62475216,0.1688708,0.6792601,0.59114814,0.53608155,1.2490656,1.1862165,2.0508327,2.7524111,0.4652162,0.8728127,0.8170152,1.0162407,0.62763613,0.45462704,0.7558133,0.22781473,1.5583456,0.45752084,2.1050327,0.3983754,0.7029099,0.32570243,0.84215623,0.58012235,1.5923431,1.4263825,0.0071700457,0.5457289,0.39853567,2.83289,0.7755754,0.96098256,0.33078015,0.26451582,1.8352724,1.4563693,1.3131633,0.04339296,0.35865596,0.26599425,0.5384405,0.5014514,2.9862063,1.8150932,0.029547106,0.5429212,0.0657175,0.29846883,0.6985851,0.13356385,1.9669187,1.8560115,1.8204364,1.178944,0.70248413,1.4109327,2.3757186,1.5300376,0.24446177,0.038931947,1.0569412,1.3169955,0.017841348,0.8401911,1.932308,0.11120265,1.1705792,0.7807684,0.7295971,1.9831727,1.5249183,0.9500277,1.1697961,0.37959835,1.1835837,1.0458137,0.61002296,1.1918693,4.7907715,1.3438386,2.6001487,1.3333236,0.32957444,1.1740375,0.35996386,0.6695099,0.16154976,2.2922933,0.5186768,1.3799021,1.788261,0.6739095,0.5449432,0.31429076,3.877056,1.3283881,0.058746386,1.2056538,0.7783326,0.48280925,0.48407394,0.88069063,0.63492113,0.04558966,1.7555499,0.29985744,0.7863002,2.4954865,0.43528903,2.9481237,0.76408625,0.5505405,1.3252546,0.26413015,1.5972134,1.6636045,1.008131,0.52687097,2.3174562,1.3025451,0.75103164,2.2998667,1.0386717,0.527527,0.14346287,0.90734226,0.8470556,1.2790343,0.5186525,1.9883049,0.2656358,1.331002,0.05636567,1.6807792,3.2935617,0.36657816,0.8014385,0.43646052,0.92885745,1.6262008,1.2452619,2.3791842,1.1418972,0.5180066,1.4216853,0.8686819,0.81428075,0.55471885,0.24243537,1.9271878,1.8756915,0.3339277,0.24860606,0.3639145,1.0570207,0.7993574,1.875586,3.0967157,1.9247093,0.7090903,0.39744613,0.30059713,1.2838378,0.6588448,1.6195881,1.4978498,0.3938323,0.2670052,1.232802,1.095803,1.8024807,1.7055137,1.9856284,0.103344515,0.30278987,1.5264724,0.54537976,0.8001069,0.1898822,0.9824239,0.9416295,0.9652096,1.9479749,0.56363153,0.6989198,0.70517474,1.4799455,0.22195934,1.9033679,0.6692768,0.5896363,0.28306252,0.77378017,0.06969545,2.5138798,2.4657204,0.51064074,1.1154666,1.0811732,0.14248702,0.14350143,1.2996475,1.5950644,0.32308978,0.6657524,1.0849888,all_pothole_images\pothole_images_2_image_137.jpg
0.2915551,1.8451122,0.5612949,1.0301733,0.2918541,0.543097,0.013830428,0.0,0.26620686,0.20291425,0.09514071,0.0697205,0.05111458,1.3833506,0.07970118,0.27983245,0.41202825,0.0,0.36353853,0.17448555,0.08774555,2.3333871,0.05350614,0.17953345,0.079417944,0.21748589,0.11380588,1.391507,0.0,0.19673681,0.22672598,0.17148018,0.5483143,0.049407624,0.12986778,0.37228817,0.70316523,0.14557937,0.44490805,0.471452,0.0,0.012986282,0.027539797,1.7621399,0.8450954,0.0086952485,0.3593108,0.0034307372,0.06414315,0.6413708,0.5203338,0.20476477,0.13413295,0.2788306,0.12987195,0.70852214,1.500619,0.08051317,1.1208338,0.13254097,0.03472452,0.012398793,0.53524035,0.039669733,0.1891687,1.1227067,0.7079512,0.45424062,0.6716045,0.074623846,0.16058749,0.78615427,0.5125863,0.18051124,0.030298173,0.79250085,1.1956296,0.76698583,0.09189641,0.14548361,0.3236244,0.53569305,0.21990193,2.1238515,0.77196026,0.4615119,0.004222454,0.312975,2.2324955,0.2787937,0.15538032,0.14040549,0.038094003,0.25391224,0.5336461,0.046009287,1.1305964,0.5522044,0.65863544,0.0074923546,0.0,0.4311538,0.23234259,0.17651239,0.024211822,0.21109569,0.11189346,0.0748547,0.13411489,0.28681192,0.011662732,2.356967,0.21183747,0.11208992,0.07594946,0.19821209,1.9271272,0.05671726,1.7188624,0.23675217,0.5272367,0.26265612,0.035471875,0.10185198,0.22106501,0.81780523,0.31660935,0.20108044,0.52160144,0.074834235,0.64349675,0.0064380825,0.26055455,0.062036656,0.0020694537,0.36794597,0.029930782,0.22290245,0.8770733,0.090517834,0.066685386,0.28215876,0.01996376,0.530381,0.0,0.50442195,0.24749167,0.0031454912,0.36893958,0.51552147,0.12734565,0.1347068,0.0010089099,0.0,1.2909588,0.61049014,0.23464154,0.0,0.6016121,0.41698283,0.9367778,0.335862,0.10313752,1.9217851,0.0,0.025063995,1.1110644,0.0011989737,2.2679307,0.1155238,0.10205429,0.007142512,0.0,0.076656155,0.61328065,0.09120576,0.32250294,0.0,0.858471,0.11324194,0.010557048,1.9272661,1.8509773,0.78678846,0.66085565,0.24749722,0.116916545,0.31193727,0.42482746,0.4090765,0.06512878,0.18768343,0.15955277,1.018325,0.0023823518,0.0,0.15365586,0.50593257,0.170103,0.51141536,0.02236925,0.94055414,0.049063943,0.6571831,0.7084031,0.115630925,0.1737106,0.124992326,0.60409385,0.13931072,0.021407565,0.04783124,0.23441944,1.7334532,0.28214428,0.95680845,0.07768234,0.0,0.6366923,0.4617901,0.61448395,0.0030574598,0.4632246,1.2011207,0.14534625,0.26323575,0.8185743,0.082968526,0.6592617,0.23219295,0.13450094,0.0030048005,0.13013397,0.0,0.02078702,0.034548607,0.7757129,0.19139424,0.0,0.018910486,0.08264908,0.09282146,0.07327477,0.010945481,0.004408661,0.0020497995,0.6044353,0.100100435,0.33934838,2.8355753,2.058045,0.009744105,0.71396136,0.1227891,0.06683961,0.8386776,1.1571405,0.19415958,0.7916283,0.69068736,0.0,0.23935537,0.9603083,0.31259072,0.74373376,0.9083667,0.0151562095,0.71975505,0.5479144,0.0,0.22079454,0.025058487,0.2179759,0.39539656,1.1426136,0.7495196,0.9172782,0.16172536,0.2587571,0.212561,0.31031722,0.39828715,0.0,0.011633313,0.4879794,0.15144889,0.17316191,0.035896514,0.75054026,0.19484426,0.260782,1.3433886,0.06462281,0.4295848,0.023249026,0.08013118,0.43197116,1.9204836,0.43197942,0.40331587,0.09735646,0.1299503,0.008844626,0.2777439,6.2546635,0.015638761,0.005384596,0.83106214,0.06345138,0.0,0.43609098,0.16691399,3.4046884,0.7230355,0.005132515,1.18523,0.7394353,0.32262906,0.9669148,0.46897382,0.024618134,0.14044307,0.059555758,0.075864844,0.30153754,0.76789457,1.0904034,0.0431771,0.5815422,0.1188503,3.2191753,0.7619711,0.0013595278,0.1797354,0.33224308,0.37907106,1.7911754,0.0016119638,0.0030147515,0.07278015,0.52295303,0.91396034,1.5921143,0.063886836,0.83582634,0.683063,0.056693226,0.02016839,0.5580415,0.85310394,0.17250556,0.44945735,0.3766764,0.3824904,0.2002457,0.5562123,0.27672467,1.8739101,0.97139305,0.42886436,0.07842907,0.0033459761,0.36368236,0.17960481,0.053982057,0.17100729,0.505291,0.28483757,0.29699528,0.031966314,0.5165547,0.063477054,0.53517336,0.0,0.38673577,0.07504492,0.041132417,0.04579967,0.3492698,0.08591111,0.0,0.037521966,1.5072904,0.8491057,2.700096,1.9462068,0.6441175,0.012899604,1.3028659,1.4288957,1.4726285,0.5716836,0.51689017,1.1117256,0.0,0.0,0.030084116,0.2660061,0.0316115,0.30474648,2.3466465,0.21887285,0.1343712,0.9434235,0.36595687,0.0949704,0.18269967,0.8128109,0.0117578525,0.14519866,0.4316473,0.24179307,1.1836995,0.08906993,0.12410924,0.025948213,1.174318,0.24323525,0.09191534,0.013937483,0.79841954,0.026181374,0.5879832,1.6793027,1.5183096,0.0,0.14684926,0.22569196,0.047009505,0.29631782,1.1126083,0.0310224,0.25460017,0.76653475,0.24501082,4.014885,0.5608404,0.18300346,0.070096254,0.4630501,0.20782657,0.28709483,0.026285617,1.2369746,1.7025734,0.11183148,1.9132085,0.3399538,0.57876223,0.14146534,0.44545025,0.18382555,1.1140296,0.913083,0.96763945,1.4226171,0.44754308,0.65467644,0.028562974,1.0309263,0.07070185,0.020068083,0.62653947,0.0045372006,0.44376266,0.29176039,0.40372193,0.2405308,0.73462343,0.696593,0.56233555,0.22675203,0.34607187,0.27060685,0.30350265,0.35563245,0.034975022,0.5897281,0.20790198,0.57202816,0.41903087,2.1001587,0.23680648,0.2493735,0.000847735,0.0,0.47054905,0.5519597,0.8694459,0.11908205,1.5247281,0.92347765,0.19161376,0.056250367,0.0,0.053425543,0.13063666,0.02705081,0.0,0.09549927,0.0,4.8366694,0.4774693,0.92684686,0.03397777,1.1346104,0.0,0.53051436,0.29121697,0.8695062,0.053956978,0.54914963,all_pothole_images\pothole_images_2_image_138.jpg
0.97234076,0.39319724,0.0002879311,2.472385,0.3679917,0.052723907,0.15170783,0.0,0.30317974,0.23365968,0.06903764,0.020141372,0.0,0.9521106,0.013122158,0.50709105,0.029182483,1.7051786,0.6299664,0.37043482,0.010259804,0.5455107,0.8867063,0.37351403,1.1857834,0.15467077,1.1641786,1.813592,0.0,0.0023389824,0.028307453,0.24004003,0.09357166,0.97844136,0.16686246,0.84553856,0.7706797,0.4781361,0.029925246,0.12741077,0.0,0.03232769,0.01362508,1.2561029,0.5509298,0.6381148,0.026624966,0.24612212,0.115831695,2.244782,0.6597173,0.146758,0.5678534,0.35421437,0.20555891,0.97369397,0.6579211,0.10885071,0.051526584,0.10992582,0.11613535,0.32926738,0.059835024,0.13281316,1.6618675,0.8116692,0.33687732,0.001891312,0.008311528,0.37130895,0.13416095,0.13871163,0.095811255,0.028305432,0.017653365,0.07082343,0.21005918,0.8156714,0.009511097,0.17191894,0.0,0.20493609,0.03408699,0.9648772,0.01812202,0.008074769,0.011033418,0.107800774,1.5926261,0.23482694,0.37471995,0.044425223,0.022496203,0.2880056,0.1476361,0.0,1.0950017,0.66702867,0.0028758186,0.15663327,0.07451686,1.401845,0.45934322,0.0,0.9688067,0.0036757838,0.38222414,1.4111531,0.036611468,0.76127195,0.0,0.7457345,0.5985812,0.5629669,0.07469925,0.23678802,0.5607274,0.024716722,3.6010034,0.7121677,1.3777478,0.19594827,0.11140186,0.66978246,0.0434087,0.40976092,0.0020883512,1.1420057,0.25332677,0.0056498987,0.45499203,0.1370303,0.0,0.0,0.010112456,0.052677542,0.24625933,0.37369692,0.08026362,0.103534415,0.63012344,0.116369896,0.28423098,0.61477864,0.0,0.9058276,0.07604176,0.311936,0.23047546,0.06656292,0.3087933,0.010697023,0.0,0.009997585,0.6259677,0.78240967,1.2879703,0.0018721411,1.6952316,0.7289964,0.2752366,0.65924996,0.1202483,0.8021492,0.20473807,1.0305129,0.6491803,0.040994555,0.6037255,1.7625982,0.0139294835,0.045581665,0.0,0.024278894,0.29352778,0.0,0.15520473,0.0,1.0515299,0.0,0.0030379884,2.2449965,0.5336064,2.8090801,1.5542976,0.6568977,0.3302545,0.52790046,0.76929015,0.8397606,0.097124115,0.57031363,0.07673203,0.62347823,0.5466716,0.11821868,1.5136099,0.026681038,1.0394931,0.37221977,0.065217815,0.12489613,0.063800275,0.38380337,0.5608538,0.24693404,1.3644801,0.37252814,2.8944664,0.19085856,0.0,0.0,0.3676374,0.3688843,1.4662232,1.6539928,0.47405666,0.021989154,0.071351655,0.11990919,0.7350951,0.22826566,1.1792564,0.0,0.00516435,0.31920362,0.17813304,0.17644691,3.203275,0.7149254,0.041659374,0.0,1.0533943,0.016259365,0.0632565,0.12817955,1.1824247,0.1294622,0.6488821,0.58310956,0.0,0.001731663,0.28544113,0.047467493,0.027722606,0.0041082557,0.34608802,0.21994434,0.079993434,5.6800113,0.6732352,0.0005793581,0.37639546,0.4418461,0.033242825,0.17348295,0.4127644,0.72090304,0.36094263,2.5393825,0.4917042,0.056556217,0.5215755,0.66957986,0.18716526,0.8746173,0.09654045,0.2909053,0.8294281,0.3012791,0.1403502,0.0020528184,0.1376853,0.35838753,0.34663013,0.5542153,1.0552016,1.0321273,0.46939787,0.6176985,0.17356993,0.12639464,0.55229086,0.0,0.09215797,0.22381993,0.18101706,0.3504996,0.34470412,0.32791123,0.13000567,0.040769707,0.42862636,0.31945115,0.032958865,0.5309494,0.0044189333,0.09717054,0.0,2.19413,0.85903895,0.76838326,0.10516833,0.09562006,4.4712567,0.003201682,0.21290232,0.00094843464,0.22378339,0.24005279,0.35844466,0.44643128,1.5555768,2.9300394,0.9282846,0.21352307,0.0,0.98556685,5.294141,0.52058774,0.99073803,0.006639183,0.58416885,0.7711752,1.0191736,0.082809076,0.41264597,0.006851832,0.009567159,0.018221097,1.8217098,0.0,0.3127822,0.031434756,0.3457817,0.041163992,2.2965474,0.12626702,0.13571987,0.88044167,0.3323361,0.41750443,3.0148904,0.7481402,0.30202585,0.029748667,0.0,0.0403064,0.10116698,0.17076811,0.00014297993,0.6526702,0.7667174,0.7185738,0.0,0.19636822,0.0,1.5097771,0.62403166,1.1180139,0.057968218,0.76411873,0.31254357,0.1001305,0.08315384,0.06555675,0.8147818,0.2558503,0.081657544,0.06112164,0.98557794,0.0,0.14597161,0.11645271,0.23685615,0.34701997,0.7682416,0.33915654,0.30902022,0.07763923,1.8308301,0.017535169,0.0327673,1.1660234,1.2849767,0.3000361,1.3520001,0.0,0.03838408,0.4080366,0.4869988,0.030259486,0.38410366,0.0027744388,0.06375807,0.36968806,1.0298601,0.06741495,0.3617489,0.19998436,0.24198622,0.79226154,0.14928384,0.2486745,0.5063653,0.09561798,0.34751305,0.61392826,0.042928442,0.0024788508,0.42262948,0.68096334,0.020273168,0.54845595,0.0,0.13785909,0.8973191,0.73924786,0.37873152,0.015604775,1.1843606,0.30253106,0.3590622,0.6148969,0.4371197,0.08857994,0.13346016,0.8091917,0.09235809,0.60132957,0.22518831,0.34653643,0.7890016,0.11695706,0.33297324,2.2468066,2.0195527,0.07468135,0.0058262195,0.9767881,0.74431276,0.23132521,0.015444586,0.12878266,0.0043998417,0.011711213,0.3576279,0.31519786,0.16381307,0.68306404,2.5241082,1.1714801,0.20592852,0.0019362256,0.097989276,0.18184696,0.14399995,0.01675645,0.016970173,0.947224,3.3495712,0.060524534,1.4027936,0.02695315,0.7383169,0.0033087153,0.20056249,0.016511641,0.15919667,0.7805224,0.52263385,0.59835607,0.1942999,0.38824096,0.51158714,0.25883216,0.40109226,0.7959641,0.32389113,0.108900554,0.00095313846,2.5329995,0.91707593,0.12387263,0.16625427,0.0,0.027797246,0.04423706,1.6065037,0.0,0.3690869,0.706692,0.00055470545,0.0010390689,0.009484129,0.0,0.024681665,0.06072381,0.10424209,0.18080428,0.42932376,5.2193875,0.7428718,1.051111,0.26844603,2.0304117,0.628355,0.0,0.3886713,0.6711565,0.0,0.10398275,all_pothole_images\pothole_images_2_image_139.jpg
1.9556804,0.54822946,0.42690676,1.8630449,0.49225202,0.29313627,0.111735485,0.21988732,0.008748297,0.8437107,0.05567762,1.080353,0.13567914,0.3865442,0.0,0.14468428,0.0043754643,0.8011643,0.1239214,0.12303428,0.15605298,0.56760216,0.45407245,0.41723448,0.8201915,1.1925198,0.9085823,1.5356811,0.057863362,0.18152943,0.2862006,0.2779367,1.0230844,1.0913675,0.14412987,1.8758364,1.322622,0.8452944,0.06254294,0.75581896,0.54340696,1.0621222,0.99623424,0.7170228,0.44251072,1.7971153,0.21621408,0.36779156,0.74998,1.6580281,0.2972166,0.07091971,0.35848108,0.022924427,0.37533382,1.4495345,1.9543442,0.22631362,0.24992321,0.037610013,0.019626549,0.3616732,0.2662119,0.14245364,3.2757227,1.1266776,0.27677915,0.8340363,0.0,1.0673021,0.42640573,0.04676438,0.12603718,0.79306,0.034226757,0.2165513,0.33609816,0.227091,0.09063779,0.7177556,0.02430034,0.06421289,0.42664656,2.0064874,0.93658113,0.14345531,0.07844646,0.08238808,0.7077474,0.19693401,1.2828891,0.58934706,0.10857628,0.39373195,0.08225543,0.09148045,1.0462252,0.22014399,0.4027176,0.020937176,1.2730536,3.9860334,0.32990468,0.12872371,0.5127817,0.03926908,0.22879533,1.4048604,0.30142254,0.38200793,0.076873675,0.15784253,0.28177223,0.017865902,1.623486,0.39966857,1.2536275,0.21968572,2.324502,1.9901272,2.0389326,0.012057763,0.3439373,1.1894633,0.08983984,0.9945229,2.1038902,1.5232179,1.0921869,0.059053887,0.66698766,0.0014962824,0.09801522,0.011895853,0.64141804,0.97239745,0.758785,1.0862348,0.6159682,0.19481234,1.3210523,0.038649455,2.479065,0.25466552,0.12356685,0.7107247,0.04501982,0.31279397,0.4327296,0.031388402,0.6024198,0.8968826,0.50399673,0.049894538,0.99449486,0.32549724,1.9030789,0.18768033,0.32200113,0.17416625,0.1839489,0.45427525,0.50473577,0.20206915,0.037602194,0.2866781,2.0808158,0.15527692,0.98061895,0.7661273,0.6469954,0.69216627,0.032222,0.3317138,0.91581637,0.29440233,0.2189129,0.2726376,0.6790223,0.47483265,0.37703082,0.7668773,1.344287,1.0347463,3.0508435,0.0,0.5209437,0.74144244,0.22782157,2.225074,0.4152554,0.6283002,0.44048473,1.4845212,0.60955995,0.118035376,0.3636457,0.5887418,1.153342,0.0,0.9536106,0.75427663,0.44672903,1.3632009,0.43433663,0.49580243,0.44566143,1.2503622,1.8448361,0.49739265,0.0,0.18588033,0.8276434,0.43690953,0.8472609,0.55918837,1.8030326,0.10769297,0.022520697,0.6999258,0.5291286,0.45207077,0.51380527,0.16174585,0.17143704,0.61170936,0.9272845,0.39552352,2.1903534,0.8587995,0.7533875,0.51480895,0.41834685,0.0,0.34050766,0.0,1.9239964,0.815594,0.06927903,0.5404089,0.5449384,0.16712119,0.41384825,0.8848257,0.13418762,0.46966377,0.487953,0.6965831,0.64189297,6.098847,0.2509346,0.4405884,0.47625497,1.0266159,0.0,0.75538975,1.4001762,0.023453215,0.38503507,3.3076253,0.64001286,0.0113483425,0.838055,1.3623414,0.23757474,1.0221922,0.3720605,1.1559108,1.1280482,0.37638518,0.20163524,0.23677887,0.1304662,0.3570155,1.3638821,0.21738885,0.087995715,0.06080785,0.8392166,0.7715737,2.484161,0.7295053,0.52032095,0.29783753,0.3213348,0.78708875,0.3104972,0.56954265,1.4591677,1.3554583,0.50681627,0.12336335,0.25468767,1.0037268,0.13035277,0.19250657,1.46075,0.270085,0.031387776,1.8841014,0.08145877,1.1085647,1.0860124,0.24689156,4.8614216,1.6905468,0.5019517,0.0068010055,0.17844422,0.8605406,0.22375058,0.5344396,2.9791427,1.494193,0.8639097,0.32753336,0.5093943,1.4697486,4.041215,0.78574216,1.2115692,0.061945714,1.0219493,0.17632033,0.087168515,1.2385342,0.40900436,0.42505753,0.9440107,0.2830387,2.0516763,0.027478358,0.44031274,0.005051738,0.17586124,0.070549145,1.4184932,0.08656257,0.1404704,0.2787167,0.5884954,0.106881775,1.2563311,0.07469001,0.119479686,0.06116861,0.043576058,0.08880642,0.5832242,1.3368303,1.1722343,0.21248432,0.24587837,0.8542661,0.9011752,0.37033564,0.46359295,1.7131217,0.23337422,1.3140963,0.7355292,0.4459785,0.548031,0.32021368,0.1558501,0.34121794,1.0829239,0.16453609,1.0926572,0.9949365,1.1503515,0.32067925,0.82560897,0.37682015,0.49313983,0.97573537,0.5967654,0.6136973,0.069517635,1.3176119,1.4075414,0.011494775,0.6900061,0.16878541,2.0771966,1.068201,2.7735658,0.22808246,0.6052916,0.36004055,0.41214514,0.33021826,0.7144516,0.1516879,0.011662674,0.04467043,0.90521324,0.38066027,0.3114736,0.33092374,0.22384879,0.82909554,0.5454982,0.055733494,1.6249374,0.18412578,0.64333165,0.39348587,0.34699568,0.00635211,0.73707604,0.96503997,0.111044645,0.68562126,0.018696435,0.20430915,1.495082,0.66510135,0.66910475,0.10306524,1.3270148,0.97205615,1.0611746,1.0230256,2.057647,0.23319423,0.5130875,0.574758,0.21986507,0.76053184,0.058290884,0.7392136,0.2301917,0.87339425,0.2900674,1.7486562,1.8227389,0.7249389,0.2039158,0.7445031,0.621624,1.0859445,0.20712745,0.13685547,1.1548088,0.10478033,0.52649313,0.009830312,0.6950358,1.0093185,1.3046561,0.01338602,0.51106954,0.18447915,0.55614084,0.9800902,0.094223894,1.4257183,1.6999562,1.9430809,2.8366144,0.611815,1.3065218,0.28963664,0.22922313,0.09873117,0.6581474,0.0922546,0.49914163,1.1362753,0.4177404,0.56592405,0.15729043,0.16305742,0.37645203,0.10397095,0.41131738,0.84228235,0.99993175,0.023824168,0.2889347,2.4756808,0.99845266,0.5230994,0.32910606,0.47749904,0.6050288,0.230339,0.804732,0.35203198,0.5576493,0.8475177,0.47599348,1.4246602,1.2486763,0.06784749,0.1586903,0.20751925,0.6157476,2.1192968,0.77585155,6.133774,0.07488723,0.032303993,0.33315423,0.35748106,0.4426448,0.0,0.3966133,0.861667,0.2773215,1.1740415,all_pothole_images\pothole_images_2_image_14.jpg
1.1066128,0.2857146,0.11509047,2.0804305,0.7717743,0.41619402,0.25785384,0.0,0.4889935,1.1439338,0.08002662,0.748127,0.71375483,1.0620948,0.02287179,0.54735416,0.73337245,0.26335648,1.0426142,0.048659373,0.5344316,1.5191803,1.1528758,0.912703,0.47254682,0.53776443,0.002765057,1.7929802,0.17705041,0.19886363,0.08529416,0.16162105,0.56922805,1.1379062,0.32388383,2.1657493,0.5320401,0.15631409,0.47499084,0.30027026,0.2123489,0.013706978,0.18375927,0.18518804,0.37210763,1.2790626,0.22574247,0.0015087725,0.9322861,1.9000916,1.2034785,0.061438106,0.32391867,0.6218868,0.2983355,1.3019787,0.16518518,0.19043097,1.9637161,0.14358522,0.27540794,0.22299445,0.16827497,0.5022663,1.405019,0.80645335,0.55570006,0.0,1.0861343,0.15370621,0.19876927,0.09543273,1.014896,1.2024503,0.20880686,0.22170617,0.011353353,1.2755904,0.9367046,0.022705331,0.0034483536,0.2077123,0.5365672,0.5700513,0.67813545,0.19617824,0.00018772436,0.058903206,1.0851991,0.86700284,1.1324687,0.05941677,0.02182057,0.9885629,0.043880392,0.1502786,1.0066836,0.8292904,0.027827922,0.49776107,0.51691586,2.1231766,0.7185374,0.36712232,0.83423334,0.04410777,0.26565135,0.28267315,0.40091848,0.24527942,0.06534723,1.0084046,0.20164186,0.5125707,0.21004365,0.2839714,2.586665,0.36780846,3.274376,1.6409221,1.5114987,0.3383553,0.3804159,1.2227398,0.1325338,1.0876311,0.55667317,3.1731613,0.051261004,0.19082583,0.24445394,0.0,0.31356946,0.053110473,0.007727393,0.7922306,0.3220331,1.527311,0.17371091,0.082680985,0.15656517,0.18144877,0.067313954,0.6453806,0.062351704,0.1820232,0.030336073,1.2310356,0.3825538,0.37370646,0.895233,0.65378875,0.25787392,0.00023105124,0.5173502,1.2553117,0.89677185,0.4540445,1.285342,0.7437455,1.7625526,1.2718898,0.0,0.09529894,0.0916454,1.4480084,1.1036534,0.101996146,1.4421433,0.7104607,0.0,0.13437259,0.001835794,0.10894859,0.97754836,0.32293373,0.17883456,0.0,0.7823898,0.08870736,0.18504396,0.8844903,0.19379266,0.5486174,2.8584049,1.4320934,0.37790114,0.60147333,1.0772749,0.85800964,0.0193673,0.1214835,0.53489554,2.1511204,0.035523154,0.70779634,1.4216735,0.83853877,1.5838946,0.1015965,0.7834924,0.75148964,0.69332135,1.0015928,2.1623695,0.16257955,0.9735911,0.030366525,2.0758045,0.9226991,0.16678712,0.08255977,0.74230283,0.37450454,0.97160167,1.061458,1.299784,0.14408934,0.3983867,0.3797683,0.1699042,1.4026082,1.508744,0.32541776,0.01296419,0.11095407,0.72976327,0.5188222,1.2950052,0.15985751,0.096242525,0.09009905,1.4194728,0.20432994,0.1561173,0.20935078,1.8147458,0.15755326,0.17031658,0.19960187,0.962564,0.422966,0.15033902,0.314417,0.36847216,0.0,0.22278766,1.0839592,1.461764,3.9644551,2.056928,0.53867036,0.46497554,0.7333651,0.5552926,0.9953848,0.3100066,1.6175935,1.0356354,1.7081736,0.42356557,0.062064078,0.2394847,1.0603524,0.20413062,0.26039928,0.17130372,1.0353901,0.06748199,0.8950385,0.024405293,0.116936125,0.010015341,1.5209391,0.9066913,0.6106632,1.4342963,0.4477815,0.6259276,0.63459027,0.18497692,0.2124733,0.38278222,0.38914827,0.1829412,1.0976554,0.7459513,0.09679999,1.1750286,0.38715813,0.35045418,0.14533885,0.42592123,0.9575053,0.14230798,0.050242398,0.9356088,3.7662497,0.31925887,1.6247611,0.25864255,1.0939487,0.050842524,0.6678257,2.560976,0.74950475,0.7374031,0.51742077,0.17273158,0.0763975,1.8750781,0.6439955,4.224136,2.6084008,0.40274262,0.5208948,0.3920376,0.39448577,3.353899,0.24835376,1.8515378,0.12626208,0.04970204,0.45798212,0.50507313,1.0469295,0.38263732,0.55853504,0.49031782,0.34299305,2.7539785,0.5419949,0.14248766,0.15029739,0.025918294,0.24840713,0.039059274,0.066289335,0.3994807,0.39996478,0.8136528,0.22780477,1.8808981,0.18427852,0.15763654,0.81600654,0.03248193,0.17121336,0.6133201,0.7663377,0.44643435,1.6705239,0.35925663,0.46508232,0.14000285,1.1846927,0.23097575,1.1014974,0.7992252,2.3932621,0.5258738,1.3409928,0.6356631,0.43742993,0.2481823,1.1551299,1.4119166,0.9401413,0.7693956,0.43889531,0.8615752,0.12307423,0.55931175,0.08860303,0.44664198,0.74244153,0.82004166,0.8183339,0.28976,1.1736364,1.1251954,0.1469385,0.53131944,0.04039648,3.649391,1.2509401,0.8928984,0.060682002,1.1185099,1.6713185,0.48668122,0.8273884,0.092461936,0.90409553,0.00038396518,0.31010428,1.8327674,0.46999303,0.8739081,0.1791282,3.6560535,0.69399667,1.0637169,0.097948074,0.6086116,0.13664047,0.31177288,0.27433497,0.0,0.12458285,0.25557655,0.030771708,0.88889873,0.0092279,0.115213335,0.45812893,1.667722,0.041205678,0.5098931,0.14518523,0.6685654,0.57723576,0.19229256,1.3001299,1.0187714,0.4369109,2.1046028,1.07043,0.08169106,2.2867002,0.4410084,1.7387992,1.1399336,0.36058667,0.48246866,2.497979,0.8262609,0.81826556,0.034849275,0.7326638,1.3963305,0.43976036,0.5568222,1.0559102,1.6370834,0.109789036,0.99194986,0.11364201,0.599167,1.3088664,1.0798558,0.68253464,1.1462892,1.1460466,0.49508604,1.1666577,0.2088798,0.36900175,0.74875087,2.000242,0.967713,0.880867,2.5417573,0.19912168,0.6719116,0.22338003,0.7646371,0.014760071,0.6133963,0.37175882,1.938693,0.9795085,0.10316932,1.0529451,1.9425752,0.1075552,0.3651421,2.0476649,0.14154142,0.19976617,0.48409286,2.9218783,0.5724392,1.0389436,0.13682215,0.40561828,0.17654921,0.05538906,2.922329,0.17270757,1.3022058,0.5752244,0.095758945,0.14869769,0.68557227,0.47358018,0.043054637,0.12796995,0.08695122,0.28835264,0.36926553,5.654197,0.42471763,0.64183104,0.94713527,0.1531171,0.5383601,0.007078155,0.4854325,0.7284546,0.045559008,0.4842906,all_pothole_images\pothole_images_2_image_140.jpg
1.0724449,1.1673492,0.18297477,3.5070415,0.07587955,0.62536156,0.38067263,1.2125491,0.17563675,1.3147547,0.9315816,1.4552475,0.016663983,0.5188929,1.7396649,0.19347584,0.9590963,0.49678704,1.2055855,0.277345,0.60921234,0.41652966,0.7279445,1.9152203,0.8508866,0.059500273,0.4752115,1.3082907,0.3612259,0.76037204,0.32101506,0.046329785,1.6570314,2.0909264,0.15356846,0.9306516,0.04283413,1.1872346,1.0214785,2.4053614,0.49949217,0.097510725,0.63797206,0.0056255907,0.69345427,0.7477352,1.4009162,0.24875216,0.59528875,0.10861241,1.7328827,0.9326083,2.592868,0.12742144,0.053043813,1.427503,1.7179201,0.52494514,2.4220839,0.18384379,0.020782748,1.0669343,0.23240319,0.17153998,0.39779133,1.609132,0.5421399,0.08972767,0.8071678,0.14955318,0.53940505,0.1739426,1.115078,0.46275756,0.77675766,0.36497918,0.2146795,1.7566316,0.2051796,0.04904742,0.406113,0.7786192,0.117420554,0.7620237,1.077833,0.32349578,0.15632053,0.12733836,2.474516,0.9731458,0.00818633,0.095270485,0.42025632,0.28766444,1.2825044,0.8637968,2.6452436,1.7712281,0.88941854,2.7792656,0.0034448297,5.013603,1.157932,1.5365901,2.095844,0.012582935,0.76504874,0.443838,0.53579164,0.18419942,1.7038478,2.5230553,0.78186035,0.57888013,0.29213828,0.14582814,0.39203686,0.24787271,0.6529504,0.4991964,0.9637686,0.8465104,0.059510425,3.047386,1.4789698,0.43905845,1.2335818,0.72353923,0.91174984,0.09163663,0.57519275,0.0,0.31660333,0.4922144,0.15189314,0.39880434,0.1955719,4.049372,0.32554772,1.2038764,0.00020869325,2.042208,0.09162593,1.9970756,0.35434037,1.5484921,0.5368417,1.9397049,0.93605,0.58350384,1.7669302,0.06908945,0.02384142,1.1864315,0.7470966,0.78577346,1.0896739,0.3107807,0.9306458,1.621345,3.2319503,6.074428,0.06613058,1.0022912,0.903552,0.22035293,1.7662803,0.029428788,3.7944932,1.5266892,0.09573069,0.07204224,0.102003634,0.06318953,0.0869061,0.839847,0.5615232,0.017938511,0.0384484,0.0028384966,1.4649192,0.82931966,0.06937126,3.201219,1.1913097,1.5185481,0.016129253,0.9840437,0.62160504,0.7656305,0.011820591,1.4090191,0.28506082,1.8158296,0.9828958,0.24666344,1.3543962,1.206284,1.7644928,1.3279842,0.74899036,2.6186628,0.4586497,0.18469149,0.56573427,0.22622536,1.39954,0.10455422,1.1451154,2.2623389,0.08107653,0.29012853,0.58054,0.52257,1.6600603,2.7351604,1.0833851,0.31061035,0.79014117,0.22041056,1.7543324,0.23744552,0.20419595,1.5940359,0.0,0.16161066,1.8066716,0.44320196,0.15118232,0.49003592,0.7203874,0.22108415,0.5418654,0.6249642,0.19968449,0.021349614,3.7822957,0.111605115,0.20403515,0.22463675,1.0714642,0.15162145,0.30155307,0.15970758,1.0273211,0.019563362,0.22748055,0.051821917,2.471355,4.1657395,1.815885,0.14378682,0.02921649,0.15298198,0.028284257,0.14594154,1.0243654,0.57348454,0.41894495,3.999866,0.039809134,0.22935583,0.57426625,1.7561703,0.014244749,0.35609335,2.3652081,1.267206,1.4588695,0.017487943,0.8121403,0.0,1.2456977,1.6016322,2.1876953,1.2321004,2.845794,1.9866258,0.5348519,1.0972522,0.68155444,0.19340344,1.2011902,1.9076002,0.47470558,0.81887347,0.6716111,0.14325817,0.20916364,0.0,0.063471556,0.15856539,0.22333713,1.8272539,0.6101634,0.27044523,0.005437684,0.30302787,0.29951298,3.0367095,0.48588562,0.6045674,0.019226054,1.0406438,0.5291551,1.153302,0.18813556,0.4655912,1.5824203,0.45560136,1.6028117,1.8563598,3.0307922,2.626703,0.13132721,0.48271307,0.82299715,2.2482324,0.6438896,0.35160843,2.8380685,0.6767909,0.5114609,0.26826382,1.0663022,1.0838686,0.59113437,0.10783844,1.1094834,0.6687068,1.5364214,1.039382,0.6233557,0.13913879,0.1618142,1.498313,2.183353,3.531357,0.7922318,1.7739031,0.80872715,0.5126205,1.2572483,2.302687,1.1718132,0.18837601,0.95089704,0.24853154,0.72112924,0.23817053,1.0931503,2.1665614,0.39187163,0.33718672,0.0,0.33482906,0.0499953,1.3882926,0.18320519,0.174595,0.9613577,0.5941733,2.0257466,0.30977306,0.04548267,0.8836929,1.7280596,0.59296465,0.9618786,0.57820815,1.6973095,0.18685298,0.35216922,2.1200888,0.59717315,0.49231687,0.32504404,0.087248705,1.4115921,1.513812,0.7704756,0.5732997,1.3427955,0.19699752,0.6350061,1.1551071,0.72859067,0.04731207,0.03602288,3.6777852,1.7476096,1.621898,0.009718245,1.1715443,0.0,0.42333084,2.4026592,0.43117887,1.5807182,0.18791059,0.30438706,1.3676219,1.318107,0.15601063,0.3788621,0.016221995,0.7837462,0.100612044,1.1759773,0.71993816,1.4520439,1.0506898,0.34745765,0.6152351,0.0,1.3126503,2.9570673,0.76844823,1.7165204,0.6503653,4.0343122,0.3804191,5.327266,2.1155775,3.3980033,0.0027705948,3.5062075,0.3004789,2.0753198,1.1032218,0.43247113,0.39706662,0.13156727,0.18322028,0.3581221,1.9688315,0.71611035,0.10255755,1.9998598,0.56889725,0.7587698,1.1276224,0.22126886,0.05996415,0.0013878293,0.020666344,2.6242518,0.36500284,0.44550145,2.4631438,2.517961,0.6449723,0.6967868,0.47156322,2.2441237,1.5876007,0.6598468,0.55276364,0.5850104,1.5885252,0.6649115,0.046089273,0.096834004,0.10179549,0.20265631,1.4442734,0.51782227,0.46117428,0.7829931,0.17475416,0.0880346,0.30185694,1.8818116,0.859313,1.0012945,0.07694457,0.15127425,1.1623085,1.3255254,0.22915576,1.7209442,1.9188871,1.2784268,0.11610391,0.0,0.008203642,1.8346372,0.037060093,0.73653567,0.013082983,1.4954274,3.9234076,0.07754527,0.3548668,0.0,0.41291878,0.32953522,0.07871539,0.42521912,0.024720147,0.947492,2.808138,0.5695038,0.22482148,1.020105,0.9221914,3.0424414,0.3888394,0.05266395,3.5524888,1.1543248,0.6837621,all_pothole_images\pothole_images_2_image_141.jpg
2.7515726,1.2598115,0.06968056,1.7142427,0.519505,1.1096175,0.23103237,0.0,1.0797256,0.47046295,0.32970154,0.11736027,0.3093834,4.532243,0.84333825,0.28713593,0.03043651,0.33400807,1.1417676,0.35289267,1.0099009,1.853828,1.7054204,1.1783345,2.1744554,0.18322437,0.38307032,1.2416562,0.43403515,0.8471945,0.23731504,0.63646644,1.0562419,0.04550578,0.6063476,0.07011431,1.2848657,1.6120852,1.2039728,0.10615035,0.11482138,0.7057447,0.9286252,2.2496228,0.33985367,0.45315886,0.026658092,0.17267452,1.6978773,0.3460716,1.3034166,0.043403935,0.41056162,0.2836241,0.049360678,0.17405224,0.67464757,0.011434961,0.24289364,0.618292,0.17862317,0.029170152,1.7195085,1.6549003,1.1617991,0.07274068,0.70353144,0.0169788,0.10294426,0.355143,1.0629711,0.55585384,0.282548,0.65448713,0.38837206,0.64771307,1.468221,0.7185879,0.29581645,0.026939217,0.7057422,1.1826004,0.40606824,1.5829012,0.33715063,0.52009034,0.124692865,0.003267305,1.9886894,0.0016867917,0.88034505,0.6517991,0.70903397,0.88415504,0.38368815,0.050519202,1.3072206,0.27245024,0.004993603,0.77512795,0.09010751,0.47244254,1.7866155,0.07491679,0.5847645,0.7604821,0.7797109,0.078443736,0.043165576,1.3377854,0.56435573,2.1800714,0.6009513,0.02930427,0.3358182,0.98461074,2.286561,0.7918854,0.9281006,0.993368,0.90857804,0.085876755,2.6377833,0.2614275,0.24327141,0.10772333,0.090891294,0.17177683,0.99125075,2.3583043,1.593619,0.7120154,0.48186523,0.21948016,0.004317731,1.7930422,0.73803234,0.040717527,2.7912405,0.0021499987,0.5356778,0.32814363,0.10374251,2.2410693,0.8042234,0.15740333,0.4765642,0.17081556,0.13078001,0.29761392,0.12477544,0.42853856,0.4338149,0.6832787,1.1480728,2.3047912,0.7754402,0.9646119,1.133377,0.6991595,0.64247966,0.24386387,0.5028519,0.52629685,0.64158195,0.13434274,0.6825556,2.1811798,0.48169178,1.2406307,1.1845702,0.2409459,0.017445477,1.4697617,0.037104037,0.34671745,4.035403,0.16383287,0.25971404,1.3564976,0.000557086,1.4014065,1.1504929,0.7380145,2.6783977,0.912041,1.325407,0.042769026,0.19188553,0.01957115,2.0392797,0.060379066,0.51962596,0.21964051,0.6965383,0.6932031,0.8389715,0.5303688,2.2349386,0.7071393,0.196929,0.12887417,1.2578074,0.9059031,0.53852063,2.3722885,0.2679168,1.1530435,0.642476,0.0006396798,1.0029576,0.7817022,0.88639736,1.7879015,0.9245337,0.18350443,0.6521417,0.15741988,0.6268644,0.47471395,1.1420722,0.17439239,0.6251855,0.44375393,0.0,0.79129636,1.3575776,0.78195417,2.6407247,1.5743225,0.20688415,0.5674498,0.43383935,0.4906512,0.6468972,0.45846665,0.7059035,0.749374,0.2678455,0.13758312,1.3865967,0.13464724,1.2412139,0.22063267,0.08233092,0.0010758546,0.8674254,0.72865623,0.83451945,3.149788,0.059875857,0.072691455,0.06370167,0.44996104,0.032327652,0.40568045,1.800813,1.2877247,0.35064647,2.328711,1.8521677,3.3965771,0.35463884,0.4012546,0.4297971,0.6849079,0.026658522,1.115505,0.7630853,3.2670908,0.0193816,0.08873394,0.8803534,0.045579895,0.02437904,0.74950445,0.7877837,0.41554895,2.1262562,0.1351788,0.11575798,0.76829106,1.198986,0.062120058,0.98913354,0.7243126,0.95080954,1.3057162,1.8726763,0.3708517,0.03316913,0.99989945,0.56216836,0.31919697,0.07241567,1.322944,0.6023355,0.26176354,0.5034373,1.7633499,0.961495,0.5765745,0.0,0.032520697,5.7638607,0.725249,0.42512697,0.5737758,0.3730938,0.050649922,0.22255442,0.5387573,4.0214634,0.97651446,0.0005132517,0.3397255,0.065706566,0.53485686,2.476692,1.4874594,0.08889348,0.49323463,1.1769446,0.7233761,0.6475549,0.015736662,2.033393,1.8501122,0.21682262,1.2892445,3.418031,0.7682209,0.0605152,1.5641912,0.151799,2.4241107,1.5224509,1.3290894,0.32056242,0.27323776,0.29375228,0.9079015,2.231063,0.534893,0.072179265,0.037607223,0.18769416,0.3978034,1.4619523,1.1729436,0.018215986,0.54357207,0.26396638,0.41322696,1.0930314,0.0914774,1.637794,1.3610133,0.30089748,1.0236402,1.2403226,0.26891202,0.13377698,0.24871339,0.7181939,0.068681255,0.44605538,2.7492363,0.4066066,0.11746563,0.6250515,0.25945693,0.9229193,0.44550836,0.63029206,0.7762566,0.09070255,0.9074045,0.6261214,0.5188505,1.1565449,0.025571857,0.6468524,0.57952857,2.8007123,0.35764888,3.8322248,0.6869166,0.34251583,2.6825113,1.256419,0.10623099,0.25957695,0.38248456,0.72090083,0.18349534,0.4645181,1.0039774,0.61780196,0.025926853,2.172746,0.47865704,0.14368303,1.8029394,1.1695455,0.34465435,1.0079968,1.0558082,1.7803538,0.17891951,0.074071825,0.09127783,0.54489195,0.2629433,0.025064297,1.4749771,0.062122032,1.5671613,0.13505137,0.10510564,1.7441536,0.68055856,0.5771515,0.58709973,0.4197368,1.789411,0.1111022,4.339691,0.3250085,0.7117691,0.0018063687,1.4125133,0.13432333,0.77154493,0.4960773,1.0703138,0.238996,1.1024606,0.42690292,0.08474547,1.093208,0.3001455,0.10225277,0.024887538,0.06582894,1.366583,2.7996893,0.08509381,0.36841318,0.47027886,1.5513147,1.224473,0.5774274,1.4076372,0.13619149,0.11039837,1.159522,0.07993251,0.042655647,0.7972267,1.4168804,0.6613572,1.7517651,0.016783642,0.21346042,0.33325106,0.04368275,0.59892726,0.0035914367,0.5532537,0.11262873,0.31356013,0.5980135,0.95563394,1.0644288,0.01791156,1.2843963,0.313413,0.8419086,0.51970005,0.1422869,2.316848,0.29307577,0.23511966,0.43860105,0.23379228,1.0468111,0.14520904,0.73950845,0.46222165,0.6711016,0.51056623,0.3321268,0.4220164,0.0011531194,0.039788786,0.3069552,0.5790568,0.016107189,0.62637484,0.71737,2.467804,0.8126102,0.6675052,0.22227123,0.20689064,0.87749505,0.91645163,0.07288813,0.81385505,0.09492885,0.37835997,all_pothole_images\pothole_images_2_image_142.jpg
0.04819893,0.32888266,0.16171488,0.06279917,0.0034213662,0.044497967,0.10859931,0.11574994,0.17506672,0.476554,0.058697447,0.19829427,0.18007115,0.49762055,0.01906054,0.10641541,0.07771495,0.8642373,0.17008345,0.35492304,0.11258281,0.13082652,0.0027438242,0.792763,0.07810506,0.18130471,0.13911155,0.010848519,0.11096812,0.43153572,0.5594484,0.4811964,0.0064990385,0.5497027,0.44700202,0.0031625032,0.28184223,0.020272048,0.28903475,0.17573696,0.119628906,0.15007693,0.27219445,0.31852847,0.0676917,0.067891404,0.28841466,0.0,0.04205473,0.5592061,0.52827716,0.0014512058,0.4011246,0.0,0.72849715,0.2561792,0.03800565,1.0104039,0.0052271425,0.36219487,0.1814614,0.16798,0.362028,0.110239774,0.35977885,0.012360737,0.30259985,0.03090566,0.2197327,0.18117224,0.0077816467,0.8183309,0.38729343,0.41686472,0.016459396,0.09278985,0.6260631,0.0877443,0.25424755,0.18516383,0.04928864,2.2315688,0.2267397,1.3060977,0.36350748,0.06957077,0.7167293,0.14230703,0.11244795,0.03615806,0.02812787,1.1951699,0.43095914,0.12602788,0.0,0.15006658,0.41496065,0.35610092,0.0,0.036791608,0.75764006,0.01018918,0.019917041,0.17820919,1.1115993,6.703194,0.4450994,0.14354005,0.1012973,0.0,0.5350528,0.0,0.18604271,0.88027596,0.035056487,0.12647167,0.07390232,0.010200709,0.19645052,0.21474329,0.09559654,0.0016482858,0.023548977,0.0018352787,1.2060155,0.020716278,0.4403818,0.0,0.114996284,0.47333717,0.70753133,0.37494767,0.008780719,0.06998192,0.44993058,0.2657877,0.34531987,0.038172655,0.31178373,0.0,0.24627724,0.32532376,0.31909484,0.16816057,0.288935,0.4834206,0.12896998,1.1420847,0.2642067,0.004263378,0.0,0.4361934,0.5988319,0.55981576,1.1438812,0.1507856,0.7482545,0.055998694,0.0,0.14966689,0.23273766,0.4631958,0.044987805,1.0060374,0.02464929,0.31604615,0.75106055,0.033634882,0.16438706,0.4270676,0.2346166,0.09889599,0.32947552,0.049798336,0.19972362,1.4236538,0.18235922,0.11724762,0.03216203,0.05518335,0.19963808,0.24849482,0.0042514484,0.1557642,0.043834962,0.059179597,0.042291563,0.15984496,0.060140785,0.08288702,0.21870157,0.42750207,1.9819955,0.022315191,0.17859404,0.0061609233,0.1522712,0.051311575,0.09767252,0.0076702465,0.009053371,0.11529916,0.80132943,0.016015349,0.19564168,0.15596752,0.09624882,0.3800582,0.0055192825,0.5841214,0.05085136,0.001095214,0.104112566,0.2480195,0.035320517,0.29908648,0.37569454,0.3061844,0.14024471,0.12558584,0.0,0.36375228,0.36650333,0.013470254,0.26079988,0.22589017,0.15543269,0.01705956,1.5602865,0.06964758,0.017295348,0.018890709,0.24865776,0.17959166,0.073386505,0.5976316,0.49970922,0.0,0.15686378,2.1465743,0.50749856,0.1096459,0.017725797,0.25397247,0.48360023,0.1234487,0.5643168,0.036336794,0.009424329,0.37533155,0.10148869,0.5235544,0.12301947,0.21593203,0.0,0.64624375,0.25055563,0.3641036,0.035539888,0.119412616,0.1960232,0.06334351,0.009066582,0.036452495,0.39923462,0.10026285,0.30093244,0.03015088,0.8017668,0.43727493,0.015410892,0.22175632,0.094481565,0.09030307,0.11190301,0.14634177,0.47594583,0.43804315,0.7026375,0.4948981,0.59511596,0.4734927,0.3784887,0.0,0.107876495,0.10333596,0.048094165,0.24128507,0.09102993,0.08009289,0.9163524,0.002647371,0.040111016,0.016284866,0.43963373,0.0843957,0.055059183,0.32364044,0.33967137,0.20609546,2.5631561,0.064456895,0.47074777,0.0,0.39165282,0.021130646,0.11700497,0.066938676,0.0,0.161771,0.05657618,0.0,0.0,0.0,0.25634453,0.0,0.0,0.05200614,0.6915154,0.3804438,0.70224977,0.010328382,0.17304271,0.2797488,0.013423922,0.1960071,0.019298771,0.3632164,0.01612572,0.42915997,0.39638206,0.103313364,0.4309108,0.065144956,0.13824008,0.43589416,1.4540935,0.0679245,0.16694306,0.28149924,0.037946012,0.027514223,0.2252873,0.69747704,0.10034069,0.077112585,0.028900405,0.22084773,0.004681913,0.16320428,0.012584537,0.13370398,0.012907665,0.0,0.66067255,0.34999147,0.15780799,0.1768706,0.068044074,0.008527006,1.6534088,0.10920289,0.36982805,0.0014952205,0.42420512,0.03887579,0.30416077,0.27165508,0.00023373139,0.38500088,0.01607836,0.32311356,0.11880476,0.10347473,0.09768494,0.38512537,0.17226568,0.08380553,0.45416978,0.48879978,0.14229217,0.084890276,0.9262732,0.5154315,0.0,0.08923036,0.370909,0.0386653,0.0030053183,0.18008278,0.8153067,0.0207966,0.20192987,0.09260919,0.12950835,0.08086632,0.01704706,0.12452647,0.91602075,0.0019476381,0.08162851,2.0111556,0.0020138016,0.010632528,0.6135241,0.1850043,0.12695716,0.13949342,0.69083595,0.13706286,0.13787697,0.051259693,0.22463202,0.12407198,0.39589596,0.01919848,0.028655533,0.36550334,0.18605182,0.05748706,0.0028619608,0.0,0.20942074,1.6505264,0.34348208,0.009798579,0.06021104,0.05093486,0.0100963805,0.010028113,0.56464887,0.08108757,0.09854692,0.02258899,0.0148233995,0.08537395,0.13550659,0.15573373,0.48269925,0.03177572,0.03600916,0.17735061,0.38995767,0.23609886,0.043179113,0.49624953,0.23685074,0.13168271,0.24516514,0.3790918,1.3533396,0.31052554,0.24801409,0.3135168,5.728341e-05,0.3692579,0.26905307,0.16499998,0.10804155,0.04719056,0.470455,0.27752453,0.0021214546,0.102789685,0.0056128986,0.1277707,0.095960476,0.39932218,0.11844722,0.11949139,0.005138274,0.6321114,0.21991576,0.00031730768,0.08440467,0.0016472419,0.1919477,0.08571911,0.030736545,1.1055084,0.07922553,0.37304962,0.24617717,0.003456239,1.5221319,0.21888454,0.3474378,0.1995099,0.5550586,0.04168925,0.26552325,0.0,0.61271465,0.06372901,0.08436606,0.0,0.10055287,0.2420446,0.0,0.13359612,0.28941274,0.75336266,0.0,0.10370371,0.036214273,0.43009123,0.16737914,0.0027710458,0.33766377,0.029515363,0.0,0.0038392514,all_pothole_images\pothole_images_2_image_143.jpg
0.20158483,1.8633928,0.24962874,1.7871729,0.74096227,0.02987607,0.5849908,0.50862545,0.17408717,2.0377026,0.5151883,0.13868637,0.5275185,1.5556626,0.08544877,0.22544742,1.1382117,0.009248192,0.43279272,0.5214967,0.3310448,1.8295586,0.24055865,0.6487544,0.7775259,0.85444653,0.27939636,0.91491044,0.21810913,1.47117,0.14002357,0.24093443,1.5982394,0.30593318,0.16903846,0.2018164,0.51098275,0.4395601,0.012749874,0.5015133,0.4603245,1.0131621,0.09189621,0.9669574,0.5391732,0.6048635,0.8970131,0.045008816,0.42027122,0.016535912,0.73109317,0.37599036,1.2067965,1.2270582,0.08929055,0.67927814,1.3938131,0.26168728,0.571658,0.26643628,0.48395133,0.46857548,2.8887541,0.78475136,0.7715432,0.17733024,0.46953183,0.47113216,0.04495619,0.71509534,0.22737111,0.26625875,0.7305705,0.11235564,0.32964602,0.9238933,0.18169898,0.7999856,0.024246326,0.025103506,0.678887,0.5566402,0.4644127,1.1004106,0.27017838,0.6525019,0.33321127,0.2501356,2.671591,0.024209065,0.06395507,0.14887182,0.6985872,0.80961657,0.0,0.14106348,0.5351033,0.43453148,0.56696224,1.7961931,0.0020496182,2.6751006,0.3158715,0.015357253,0.26075897,0.061879236,0.43368608,0.010060727,0.19317394,0.19484992,1.95938,0.32123688,1.0848405,0.2845219,0.5673888,0.7318451,0.627535,0.81139255,0.45241338,0.69497967,0.36074167,0.055601984,1.671625,1.2066096,1.3785677,0.37933278,0.37939578,0.39534748,0.70753604,1.3037913,0.89576364,1.0133456,0.09033716,0.19496046,0.27221656,0.3424795,0.090414844,0.28328648,2.9607353,1.0018419,0.36133337,0.14910424,0.2958386,1.7062309,0.20827046,1.5438752,0.6847792,0.300368,0.42197442,1.5475237,0.49725997,0.7417702,0.5435028,0.15127409,0.71485096,0.46764427,0.3679149,0.46651146,0.29770005,0.6420466,0.6964106,1.0333788,0.3257752,1.7200673,2.051039,0.10913049,0.37063715,1.9759554,1.4590482,0.49461624,0.35297337,0.00735386,0.22775692,0.9954842,0.44937134,0.070054725,1.959758,0.09657497,0.5121602,0.038146358,0.32252985,1.0722233,2.1411064,0.0749862,1.8866696,0.5084897,1.5833979,0.56618446,0.044456173,0.463709,0.97552043,0.06433067,0.0,0.801894,0.035755686,0.4303911,0.025203606,0.08079999,0.18286999,1.2468791,0.10282602,0.4135857,0.6967479,0.06548622,0.20386583,0.6903525,0.19869925,0.4709028,0.54354906,0.25278136,0.057265095,0.43570802,0.587541,4.0024724,0.251181,0.7138692,0.055625558,0.10154871,0.49220377,0.112635046,1.0253344,0.0,0.07578463,0.1597058,0.09842238,0.7613409,1.1802441,0.08551003,0.55588007,0.018347928,0.03600029,0.95430577,0.22715798,0.3485363,0.31537113,0.19681333,1.2175206,0.092432626,0.19514935,0.021717597,0.37161198,0.15075111,0.06001819,0.20273177,0.28812018,0.0,0.40618163,0.09379105,0.6514624,3.2365286,1.5741692,0.025779206,0.06310848,0.70445263,0.052223913,1.6280591,1.243658,0.12469801,2.1375763,3.2757516,0.5279502,1.3879995,1.2265736,0.30100548,0.6213512,0.19147222,0.20022957,0.67545074,0.84831065,1.3744127,0.101303875,0.2926268,0.5153939,0.21493553,0.3522826,0.11415242,0.7857949,2.738557,1.8825023,0.592505,0.23069124,0.38426286,0.047269933,0.89297235,0.31540233,0.35437876,0.44306222,1.6359242,1.7038099,0.05572155,0.18325743,0.007938268,0.6672406,0.14290297,0.8801679,0.6365818,0.3694996,0.75933367,0.07759859,0.07258528,0.29137334,0.08212992,0.23638445,0.08794228,7.248112,0.8565951,0.19844599,0.5869137,0.38270658,0.38516927,0.9135099,1.4895195,1.8710593,0.02765456,0.24197821,0.116263874,0.26892027,1.1334974,1.031132,1.0967158,0.009481943,0.34979996,0.05042572,0.930468,0.7817348,0.55113524,0.8474717,1.102785,0.6496116,2.7707155,1.7681742,0.3219646,1.0287374,0.4733909,1.4796221,0.10326864,2.2478962,1.074044,0.2143612,0.055058215,1.3496121,1.0130929,0.58353186,0.009346795,0.745019,0.02102042,0.57512754,0.8345891,1.3512223,0.5029519,0.73993945,0.39717448,0.27231663,0.10407848,0.030987551,0.08070964,0.55538726,1.8246229,0.1173293,0.31048843,0.86165386,0.00023578743,0.08780225,0.75814223,0.01805935,0.07312288,0.06791127,0.8980448,0.044475954,0.51309377,0.83852345,0.24030071,1.5563045,0.0,0.41370234,1.0756514,0.1171519,0.15562753,1.1343925,0.34572563,0.16907822,0.24004275,0.20034866,0.037555758,2.4210045,1.5536795,1.9917964,1.9629742,1.2664632,0.8885092,0.2956493,0.23813446,0.17586377,1.1848682,0.42980385,0.055903394,0.06487395,1.1592933,0.7376175,0.850779,1.2628536,0.7159532,0.36198336,1.4490471,0.07362279,1.1947212,0.35196573,0.028708879,0.29211646,0.13886656,0.44188517,1.1652409,0.12355329,0.10357726,0.12707627,0.8424757,0.5875294,0.78581023,0.15041618,0.42481613,0.69290245,0.61732316,2.0887718,0.4558158,1.9683622,1.3242645,0.5548091,2.2893791,1.0231478,0.16338918,0.4750486,0.020493288,0.023173096,0.42939532,0.36944848,2.2764926,0.445393,0.7129161,0.32385933,0.5292267,0.59045017,0.5396792,0.12488017,0.08546811,0.77433586,0.8921705,2.1922557,0.14680073,0.41526762,0.27631244,0.21543734,0.29845458,0.15657502,0.16596647,0.6484396,0.6741681,0.9075452,0.23381974,0.3558177,0.028213862,2.1622856,0.9631536,1.4291625,1.193075,1.3687159,0.32031518,0.032045435,0.35845354,1.049219,1.954021,0.22344445,0.1686009,0.8087078,0.4317349,0.09555985,0.19826554,0.10467724,0.064693466,0.34230664,0.6278554,0.49148235,1.3904388,1.0111321,0.7057734,0.0,0.17782347,0.6999095,0.14014708,0.5662707,0.15508357,0.09001244,1.960863,0.80528086,0.23749067,0.41562876,0.023078524,0.35351527,0.08252787,0.22939481,0.2667066,2.1436868,1.7373006,0.46285272,1.8292121,0.34401664,0.26270172,0.18334983,1.0517168,0.13088289,1.7608409,0.6025154,0.19339246,all_pothole_images\pothole_images_2_image_144.jpg
0.67932266,1.6024302,1.2386327,1.7608032,0.9732029,0.8987718,0.7600432,0.0016028576,0.34922594,0.64215165,0.27424914,0.011033418,0.039975855,0.41527367,0.020977285,1.3576314,0.5113088,0.044926696,0.59140927,0.4575035,0.097318664,2.2954042,1.1944325,1.1404619,1.2966336,0.09777881,0.043979563,1.2251191,0.023871917,0.22138801,0.37232196,0.10517146,1.5025821,0.30793276,0.5732559,0.54050446,0.14745711,0.764249,0.03358263,0.94172823,0.13639973,0.20727153,0.5184003,0.069995165,1.1412504,0.35903206,0.8056113,0.039821886,0.4582947,1.7433454,0.011091061,0.14687644,0.45021313,0.46555743,0.049779158,0.45308396,1.0246828,0.0,0.22829679,0.33959112,0.44498712,0.07623807,0.304629,0.6555727,0.50232345,0.84106094,0.10817874,0.5749067,0.68785614,0.3127848,0.23159517,0.08892927,0.61271757,0.026004974,1.4430686,2.274717,0.43756273,0.76170534,0.14990611,0.17658597,0.25832555,0.25399175,0.8638916,0.94767046,0.7440519,1.237329,0.022855291,0.08989153,3.4198103,1.1026931,0.016876156,0.19510971,0.2391348,0.11885521,0.491123,0.4376978,0.70008504,1.9785635,0.3090167,0.34932166,0.15359166,1.2309539,0.4328976,0.0539303,0.01914267,0.0028835675,0.28145972,1.6358943,0.018406495,0.91840774,0.7871704,3.4346557,0.36905852,0.34835452,0.2329457,0.15662777,1.5418887,0.003621304,1.9031619,0.9593282,1.5234693,0.9922618,0.4274267,2.731705,0.021321522,2.2351973,0.11845509,0.75177157,0.028897556,0.62150073,0.18245862,0.066249736,0.4882688,1.206517,0.112564646,0.45001644,0.18168443,0.79925984,0.021785732,0.10491429,0.38280907,1.0643886,0.24364373,0.5255023,0.32582417,0.4782438,0.24313585,0.019172056,0.15400472,1.1604688,1.5848956,0.26164192,0.3209032,0.5894783,1.6671755,0.081375934,0.55373645,0.14901103,1.2599235,0.26655093,0.8033844,0.41127738,0.09900221,0.45274243,0.21849225,0.74060106,0.98605734,0.0,1.4376378,0.24176644,0.09979992,0.0053923177,0.23483457,0.22960389,1.1931539,0.041552942,1.1913934,0.0784872,0.6490695,0.7822991,0.57627434,2.349539,1.2900804,2.9092956,3.163098,0.33095524,0.48884228,0.24010608,1.5609376,1.8811826,0.13936202,1.0243754,0.0,0.57412434,0.21285473,0.3716545,0.9121117,1.4547338,0.5434684,0.7234668,0.14939724,0.62983304,0.3505828,0.06790066,1.8925767,1.1752706,0.34480622,0.32037407,2.012645,0.2180171,0.07372815,0.817548,0.34834436,1.005117,0.5924072,0.6908113,0.27353808,0.0,1.8730431,0.47853616,0.7092555,0.40274888,0.60419047,1.1137131,0.004620724,0.4143606,0.8285104,1.1309471,1.5941743,0.89731425,0.16145207,0.70145065,1.0447364,0.12362312,0.9366221,0.3719822,0.7066051,0.05226072,0.26570117,0.0,1.5666,0.012900994,0.31215367,0.8208148,0.0,0.24503715,1.0308466,0.15976407,0.40094632,3.6787724,0.4721222,0.0033517461,1.0036693,0.13104846,0.42580992,0.21865985,0.9041375,0.18551534,0.46669096,1.7828506,0.08541375,0.25197664,0.6762035,0.32852796,0.025289718,1.413523,0.24933921,0.55693233,0.42642733,0.890291,0.33770347,0.2037053,1.0803728,1.4807755,0.6446816,2.1295013,0.4999949,0.12700158,0.53905535,1.1636307,0.0835285,1.0902258,0.30239558,0.4348109,1.3246431,0.8445393,0.70140225,0.76601464,0.48900557,0.030932892,0.19419561,0.4507794,0.31148002,1.0512344,0.020437066,0.20126645,0.71466714,1.9446456,0.25653157,0.8955659,0.21559705,0.53502333,0.22020228,0.73993105,3.6426315,0.9635025,0.22929884,0.7970086,0.6709712,0.16812308,0.007994161,0.30535093,7.7552786,2.9650025,0.055456217,0.6442093,7.870838e-05,0.4141693,1.9594758,0.0,1.1439737,0.052949093,0.15381789,0.02179959,0.1187451,0.24911673,1.1903965,0.010373505,0.26822752,0.1993595,4.752799,0.3904852,0.001533355,0.21966556,0.11358138,0.59423923,0.4277617,0.17285499,0.3393323,0.16221224,1.153931,0.62663215,2.8645523,0.0022248041,0.0757635,0.42296314,0.22498725,0.00976292,0.3735957,0.5730713,0.078344636,1.6804215,0.9972214,0.103732996,0.6319375,0.17843203,0.51811546,0.7722667,0.27333215,1.3626821,0.16568193,0.51700306,1.1011056,0.0767181,0.08788053,1.2110113,0.2239411,0.78094715,0.20149723,0.8160128,0.5212533,1.068089,0.3453157,0.27362698,1.1124241,0.598744,0.053045884,2.2618961,0.117265075,0.48776308,0.06853366,0.3916322,1.1628551,1.2770436,4.205029,0.8395982,2.6927207,0.017910141,0.9498727,3.364239,1.3639007,2.0671225,0.09718348,0.17051017,0.0,0.49915192,0.544393,0.5597203,0.0011167761,0.6674493,3.031992,0.19268456,0.15969622,0.7353364,0.050140113,0.11833212,0.33256942,0.34260434,0.44099152,0.00158545,0.7178695,0.0097345365,0.77006096,0.036899906,0.10389167,0.7852376,1.1639391,0.29942358,0.47070554,0.9473081,0.16886355,0.5345479,0.899955,0.74853706,0.54088706,0.79224247,0.4113433,1.002305,1.0567975,0.63751405,0.86915284,0.22655106,0.6777947,0.9504983,0.50794256,3.4595432,0.7704486,0.6275535,0.16411014,0.73171085,0.13096507,0.13291842,0.016446974,0.64547706,0.6857473,0.14446016,1.3271033,0.93866765,0.35835952,0.33221373,1.6579515,0.89386296,1.6031064,1.2424672,1.6609795,0.086028,2.9796665,1.0626681,0.035036918,2.0210128,0.4066546,0.78510344,0.36290327,0.102142684,1.3475531,1.3879843,0.29508576,0.10240038,0.67217624,1.7502793,1.0230037,0.040978547,0.019740218,0.32346094,1.4866253,0.122395925,0.10852414,1.1682724,0.5986458,0.3294937,1.2417257,3.0322828,0.6286204,0.18577613,0.1936502,0.87221634,1.2013847,1.5277854,1.2709424,0.023124823,0.33743036,1.3645471,0.43341503,0.009429861,0.2808802,0.054772727,0.0417624,0.011162507,0.11995527,0.23738246,0.17213541,5.2357097,1.610265,0.5431592,1.0404067,0.62279487,0.010448143,0.4535537,0.506649,0.030194992,0.8262886,0.93751097,all_pothole_images\pothole_images_2_image_145.jpg
0.47553208,2.3680673,0.93019754,1.1028193,2.5313244,0.13024625,0.6792776,1.0127745,0.18772382,1.2078466,0.21483088,0.8224159,0.515088,2.4926696,0.3040147,0.3112616,0.8380657,0.150053,0.8149535,0.23462938,0.6743068,1.9310695,1.2896612,1.4238734,0.3506686,1.3692228,0.8420493,2.682832,1.0699581,0.34631112,0.0014874856,0.5245366,2.1725876,1.0366364,0.2878211,0.6582929,0.082751505,0.8878289,0.08839437,1.6935743,0.9428773,1.56771,0.30280572,1.5049517,0.5946995,1.0416056,0.64785373,0.031990908,0.48418722,0.6433221,0.80484414,0.03976058,0.5256745,0.9062386,0.19134168,0.5397012,1.5471222,0.14098115,0.39991677,0.7461042,1.1950572,0.41273716,2.647744,0.17570141,0.55482286,0.5537099,1.0544673,0.1297505,1.5283145,0.982857,0.38183028,0.38110054,0.2308054,0.5155663,0.70848525,1.029973,0.12519826,0.10467354,1.0063818,0.36076406,0.35478896,0.20561235,0.35207435,1.5549288,0.3237998,0.7604144,0.763379,1.9547309,2.4804633,0.6563739,0.0039728987,0.39288005,0.3061983,0.5975471,0.5543717,0.7593368,0.58287644,1.320929,1.0089865,2.0474255,0.14406563,2.1115065,0.124766134,0.31644732,0.40620744,0.8114551,0.6782338,0.96807796,0.18306713,0.40956348,1.3247375,0.28628328,0.6250704,0.8665587,0.6260667,0.84881055,0.6102202,2.0990808,1.5001429,2.3841808,1.2819699,0.06778137,2.2048748,0.72600454,0.4999381,0.3259316,0.15731253,1.3451276,0.6198257,2.3415623,1.1817122,0.18104874,0.36803427,0.1628313,0.20228876,0.3503507,0.22019456,0.28553927,1.1387421,0.11808841,1.1182345,0.53301704,0.2599393,0.8674172,0.7373729,0.26273903,1.1757363,0.057593416,1.8960629,2.383172,0.56891567,1.4963481,0.03672651,1.1737533,0.84858406,0.9718473,1.2102215,1.310825,0.47714907,0.7724732,0.5343572,1.6575334,0.5003545,2.5169528,0.38273293,0.27461866,0.112207875,1.3497972,3.1310043,0.15865764,0.40112194,0.35421234,0.047309447,1.060962,0.28917983,0.0,3.0077477,0.19843607,0.5633167,0.79352087,0.3322914,1.0243703,1.137229,0.49810117,1.4647347,0.6324296,0.853595,1.2532725,0.033844497,0.5357515,0.22835523,0.6016119,0.22223198,1.3684639,0.22337891,0.24045198,0.5268553,0.5151429,0.032992616,0.77113295,0.2554148,0.65212876,2.8686128,0.2041705,1.171034,1.1481595,0.336996,1.3650141,0.36677235,1.1269516,0.22490884,0.6364411,0.45250234,1.8691559,0.9460827,0.05718577,0.19137071,0.113499425,1.1483532,1.7187434,0.7300662,0.63185024,1.0162129,0.050936237,0.060791746,0.56694883,1.8352491,0.35530502,0.28259298,0.12969387,0.63914466,1.1474062,0.37290794,0.7666716,0.3172845,0.5171454,0.32223246,0.33165643,0.0,0.3907513,1.1316069,0.019187791,0.43767577,1.0761741,0.44234046,0.0862525,0.4894532,0.10911263,1.1882455,2.3414857,3.052802,0.025333181,0.06997735,0.51714295,0.0,0.8994834,0.33007836,0.16197199,1.6290104,0.9331262,0.8589946,1.4629931,0.38907102,0.5090257,0.24993888,0.3731594,0.08490734,0.093321465,0.7570235,1.4939015,0.11852678,0.2907466,0.39956278,0.21278381,0.21843193,1.1979505,0.56307876,2.830702,1.672416,1.5671288,0.7236815,0.105837725,0.23549925,1.1056352,1.6918917,0.6959855,0.8489258,0.77998644,0.58305895,0.029449778,0.99757546,0.17196575,1.3576353,0.87800443,0.86257946,0.5491172,0.48314184,1.7987348,0.60721755,0.11123131,0.049372163,0.6076081,0.547598,0.3458451,2.6484864,1.2877767,0.18253067,0.24835005,0.20419146,1.1549479,0.3545326,1.7614766,2.5358906,0.23307107,0.42405906,0.18546794,0.3231174,0.91502565,0.53409874,0.5517816,0.36288184,1.1194928,0.007972923,0.4454904,0.65233785,0.8539729,0.49728844,1.0828874,0.81635314,2.9014149,1.171658,0.31374162,0.39605477,1.1464574,0.23471528,0.17368542,0.8274102,0.46908608,0.41739595,0.21989867,0.8376572,0.69369817,1.0243709,0.08659096,0.60015357,0.067593336,0.16890132,0.41883513,0.7001936,1.8768649,0.83050036,0.44828025,0.2575014,0.33643526,0.46555352,0.16269055,1.0484935,1.6260737,0.41856748,0.2089512,0.19517784,0.012030992,1.4851351,0.37862498,0.5155365,0.091737784,1.4521652,2.5230706,0.024990637,0.42056784,2.4381344,0.4571444,1.6433494,0.34754226,0.72576827,1.090466,0.45294985,1.1722124,0.30299422,0.423075,0.19315602,0.144312,1.8808784,0.1233285,2.6764607,1.3174095,2.2878375,1.9242662,0.38662505,2.6252434,0.19418438,0.30315062,0.082929336,0.5715376,1.025318,0.61306936,0.10475069,1.5404152,1.5833446,2.314848,3.6254694,0.5708357,0.08458708,1.3801758,0.0,0.5232446,0.8977189,0.51376545,0.7732738,0.04474902,0.8284884,0.2914972,0.4680247,1.0209708,0.29861015,1.053658,1.4996843,1.282682,1.2388183,0.49364915,0.63472855,0.35981664,0.60987264,0.68887115,1.2857811,0.8363462,0.8674836,1.5270317,0.3260811,0.7477933,1.2491792,0.25911537,0.5787968,0.33419976,0.64874506,1.5515367,1.2386463,0.07061657,0.23040898,0.2275972,0.4991112,0.8891806,0.33295667,0.25485507,1.0333611,0.49286562,0.6044584,0.22091998,0.6052053,0.28580743,0.10529243,0.7469579,0.41733125,0.33417407,0.52462864,0.25845808,1.3903425,1.712677,2.4765792,0.5501945,0.24301913,1.369817,2.0360646,1.615909,0.35446313,0.45202082,0.07388913,0.5964539,3.9622386,0.80116624,0.55564564,0.74952275,0.7742766,0.23102869,0.35566014,0.2767169,0.3203492,0.20471199,0.97976315,0.051933218,0.9019173,1.4744624,0.4393355,0.96191233,0.08205659,0.17745793,2.1675901,0.358828,0.36126092,0.08320481,0.1762147,1.0598968,0.94070065,0.36104715,0.443374,0.2406743,0.1585948,0.44327652,0.1664562,0.0316538,3.0184064,0.68487674,0.31927246,1.4558152,0.26922467,0.47391897,0.012225394,0.96948093,0.85211587,0.53202355,0.78456646,0.28614143,all_pothole_images\pothole_images_2_image_146.jpg
1.7519002,0.98555934,0.3797088,1.4430785,0.3046024,1.0775045,1.2518091,0.4358747,1.1063478,0.6131777,0.33330166,1.5706763,0.49731562,1.8174495,1.1831907,0.6447726,0.2550835,0.33637536,0.67045146,1.0198125,2.0793865,1.2212241,0.18231915,0.9746601,3.0256858,0.55856246,0.34811485,3.5560691,0.3371103,0.5051262,0.1581447,0.45284417,1.6652628,1.4221077,0.36883092,0.53761184,0.04808849,1.0499929,0.30931666,1.4276004,0.2964007,0.6803653,0.24834134,0.83691055,0.8657972,1.6795285,0.012493368,0.45621735,1.4060467,1.8129777,1.8928229,0.13759162,0.665164,0.8048931,0.39795023,2.0303385,0.8754225,0.46076116,1.3367875,0.12772538,0.03407024,0.4066373,0.7931703,0.5447381,0.10213255,2.443835,0.94194436,0.036353167,0.05817236,0.1346625,0.25809836,1.0181515,0.38104922,1.1214948,0.84582484,0.4662885,0.27932322,2.7078016,0.0011599334,0.36203057,0.28990632,0.27014402,0.5213152,0.32249412,0.6157063,0.8943937,0.7115491,0.9907825,3.1616347,0.11753337,0.8051942,0.1071905,0.36040732,0.6016796,0.7451002,0.0,1.1337463,0.66281563,0.33583146,1.1214899,0.011233014,1.7470847,0.86261636,0.8340213,0.24579465,0.69647324,0.7390277,1.247311,0.28984284,0.5908079,0.3760173,3.2693424,2.10979,0.15579763,0.6283657,0.5041087,1.0223933,0.08117568,0.7929227,0.7980275,2.3120456,0.13808075,0.15426886,0.81675214,1.9721693,1.0088981,4.800726,0.13685814,0.5157843,0.17478955,0.10016252,0.08435285,0.03065119,0.2987026,1.0376581,1.8352784,0.95623505,0.8631819,1.4555527,0.4444842,0.21275002,1.6760936,0.0,0.13541953,0.67787254,1.598258,0.2427153,1.3045452,0.8833439,0.6712116,0.89660114,1.067646,0.0054136296,0.22148053,1.2311054,0.59110534,1.4331285,0.0052929944,0.82161486,1.8216537,1.3271366,0.6783822,0.24777527,0.86305785,0.2005255,2.3971362,0.47663522,0.073835686,1.5113084,0.6970152,0.19369358,0.11260377,0.15140791,0.30286667,0.19659603,0.6861194,0.60670364,0.051977653,0.20926541,0.6812828,0.03459053,1.7843119,1.5799718,0.82366866,1.3985639,0.008362986,0.5949952,1.891681,1.1357248,0.4786349,1.3252182,1.1786344,0.0,1.5931488,0.13582785,0.27182972,1.0450518,0.7941228,0.89187264,0.45701382,0.7173923,1.5931702,0.26385292,1.2345737,0.34509322,0.6322968,0.63842434,0.3244306,0.34728888,0.18240099,0.0922055,0.05472133,0.6770933,0.29835084,0.74977756,2.6015294,0.62581927,0.18602705,0.29400545,1.1678767,2.4194944,0.13165617,1.5782415,1.2643375,0.16897535,0.8477926,2.5401452,0.12052153,0.26349163,1.8247341,0.4913815,1.1310519,0.59516454,0.8730242,1.1103418,0.5461632,1.9764519,0.16965277,0.07133762,0.046098743,0.47509897,0.33855337,0.5950021,0.11188798,0.071558885,0.0063108266,1.1056753,0.18255903,1.6608711,2.8825393,2.4055378,0.6051573,1.6962135,0.53237706,0.6129029,0.73798686,1.0969255,1.4731904,0.09549378,2.9424796,0.14317869,0.11693387,0.5192917,0.5812242,0.79701775,1.7197413,0.38870916,0.97223145,2.2665193,0.082249865,0.9151195,0.039102122,0.31865388,0.57938945,0.6894305,0.29110152,0.19087826,1.0679224,0.6553119,0.12004465,0.011699007,0.9063549,0.5257963,0.5444114,0.41856715,0.48757645,1.701269,0.18530536,1.6649964,0.26097834,0.45604113,0.44082773,0.4971926,1.0087935,0.1357576,0.48570213,0.25895196,1.2870396,0.5560522,1.7305655,0.34871486,0.7324885,0.37409294,0.38048393,3.160783,0.8505226,0.015849208,0.20706901,1.3964328,0.53981876,0.40537095,0.9847443,1.7361609,2.4210489,0.24236356,2.0732362,0.16026063,1.202214,2.7167602,0.07755764,0.17306902,0.47884396,0.31540424,0.5312487,1.8397973,1.0524384,0.35186657,0.04151334,0.84959567,0.41929656,2.0973597,0.31828776,0.24469593,0.106485344,0.076932296,0.415168,3.07544,2.1527853,0.030316932,2.0920556,0.69765216,0.5194862,3.359198,0.97476566,1.1682965,0.33715594,1.3187028,0.42745334,0.19149755,0.5304832,0.72325206,1.0218956,1.1283594,0.83483773,0.8205177,0.013492216,0.36224863,0.6837698,0.3865185,0.7924283,0.35537532,0.09860282,0.6519922,1.3768224,0.23301023,0.5825062,0.43422207,1.1755236,0.38487744,0.51652104,0.50182873,0.7101712,0.53212696,0.3535981,0.68827385,0.42029718,0.0010296782,0.2904639,0.96234363,0.26045796,0.6653165,0.064259596,1.2517451,0.8921647,3.389253,1.0416957,1.0817833,0.0,0.0875605,1.7698203,1.3659775,0.11076247,0.20215645,0.40052238,0.0,0.3834431,0.95100635,0.46495107,0.50788367,0.51320237,1.3124213,1.5114182,0.3885048,1.3242838,0.13214493,0.6710856,1.0172256,0.19918083,0.53338724,1.7041185,0.0801475,0.6839874,0.13814057,4.0608225,0.122451514,0.6257679,1.8153684,1.6917074,2.806331,0.7900337,2.5746384,0.8158213,0.2518995,1.5284816,2.731538,0.07889515,0.41563168,1.1437619,0.71996105,0.3176235,0.8979487,0.31776065,0.15631382,0.6444748,1.3133639,2.5879927,0.7945404,0.95919067,0.5151724,2.2620056,0.83896244,0.48179767,0.043982312,0.3026819,0.78448445,0.012118113,0.57885426,1.5221626,0.051978976,0.94400114,0.32363957,0.40657938,1.5639127,0.6250394,2.1801481,0.80133927,0.97100985,0.43163434,0.43844825,1.8992453,1.5145731,1.0621253,1.1466877,1.1230557,0.5345188,0.99797344,0.35634425,0.15202104,0.02415116,1.7862045,0.3798411,0.84077924,0.439489,0.06812973,1.893094,0.55979085,1.0521113,1.9673427,0.77624434,0.70558524,1.1600344,1.544763,0.57489043,1.0219327,0.92296845,0.017175188,1.079111,0.39232698,0.3442083,0.06301981,0.026035668,1.5571666,0.4545721,0.8295581,0.21141936,0.0,0.051859524,0.33637914,0.3266981,0.15989439,0.31565037,4.0166507,1.149096,1.1758183,1.3135892,1.3902189,0.88110596,0.2956953,0.3456121,0.65550965,0.23956287,0.540212,all_pothole_images\pothole_images_2_image_147.jpg
0.5715703,0.7956244,0.97575164,0.7458768,1.0169923,0.46550563,1.5746434,1.0066801,1.4622936,1.4164764,0.7412723,2.4990623,0.090130314,0.38802,0.6894817,0.7448251,0.27189824,0.0,0.10437572,0.7078069,0.4871731,0.12814885,1.020574,1.8886764,0.64788204,0.6864761,0.082888015,1.4836516,0.36054274,1.1005276,0.5163892,0.0027586739,1.0624171,0.53347814,1.9085261,2.204485,0.5553849,0.9173105,0.51705813,0.36349425,0.4680201,1.4546491,0.29864037,0.37068495,0.29720783,1.5161572,0.9175835,0.0,0.4208332,1.5809331,0.657999,1.5122571,1.0219644,0.36890355,2.3176384,0.14074837,0.065781005,0.7390086,1.0138043,0.47078347,0.4312893,0.40013382,0.6187958,0.5856693,1.3380462,0.83294284,0.5155905,0.19091314,0.69426036,0.5638064,0.5245567,0.9572086,0.11112496,0.45071104,0.71193117,0.7090403,0.22959743,1.0202382,0.46664864,1.6899385,1.7796366,3.7105124,0.18422268,0.89585876,1.6073014,1.2279962,0.14012145,0.8924551,0.34748444,1.0926943,0.29239577,0.6869648,0.640367,1.5562569,0.49506977,2.5670474,0.4655278,1.4574332,0.0016785718,1.2006346,0.3982455,0.6859879,0.10555549,1.3313404,0.9435489,3.9507825,0.72788036,1.1164713,1.2320154,0.08044724,0.4105175,0.34048614,1.51268,0.5656753,0.5410512,0.96465033,1.2883952,0.0,0.0,0.13763574,0.74597853,0.5864799,2.904822,0.5663212,0.73492783,0.31576446,0.33761343,0.7379829,1.3818325,0.3655719,1.9451991,0.6690803,1.9425805,0.0,1.321246,0.15700693,2.500607,0.41067734,0.7898133,0.30245772,0.077607855,0.4188768,0.9592283,0.074995905,0.30932176,1.3994629,1.8853314,1.3373543,0.3063118,0.38684556,1.0030855,0.67293555,0.038621772,0.3838022,2.3310692,2.0552518,1.6279755,0.07630203,1.3904132,0.00046942214,1.139554,0.055766907,0.28619555,0.21987556,0.9622167,0.41636485,0.32076862,1.6690859,0.9146141,1.623433,0.7410272,0.28310052,0.2422596,2.4340785,2.0621572,2.7287495,0.62761897,1.1569394,0.48848474,1.1914804,0.61347884,0.8813487,0.19395635,2.8857107,0.09522179,0.26526353,0.77271,1.4642752,0.45656732,1.8739748,1.3224711,0.5490464,1.5878837,0.6215025,1.232486,0.58964103,1.5905073,0.40935034,0.5650348,0.98776555,1.4256027,1.0899688,0.6659905,0.019526834,1.042454,0.5354566,1.3906628,0.6786112,0.5937861,0.16355547,0.27512893,0.19404489,0.3454117,0.23949645,0.46554658,0.2959784,0.24082205,0.16522484,1.5536221,0.021067023,0.4247018,0.20367965,0.2944215,0.82978475,0.11104644,2.021841,1.0131804,1.3080715,0.536956,0.32905272,0.6439752,0.7507607,0.115716316,0.9176807,1.5533061,0.6430378,1.2510362,0.18635823,1.1745272,1.8246634,0.8185491,0.3086737,0.57671297,0.7690624,0.52358246,1.2404389,0.47138202,0.17701729,2.467904,0.14981468,0.010779746,0.20741415,1.4629949,0.7373984,0.7965257,0.52441883,0.8187884,0.23832975,0.1320315,0.72291857,0.5932807,1.9926076,0.89417094,0.54649055,0.50280184,0.6444618,1.2211921,0.19830768,2.075312,1.0801212,0.116648525,0.44528726,1.4534572,0.025873821,0.7132416,1.0900667,0.13297015,0.8354531,2.2630973,0.40804562,0.09105719,1.1322803,0.83216345,0.5659237,0.47778565,0.19839728,0.9323433,0.84415746,1.4153075,0.0,1.1704719,0.24778001,0.22142455,2.2594972,0.68230855,0.38752723,0.7486412,0.26786292,1.3738204,1.1825874,1.1644052,0.8075301,1.5394654,0.4964204,0.26282376,0.20618571,1.548488,0.31125835,0.6787521,1.2152171,0.5779408,0.006686594,0.17616127,1.8546414,1.9971533,0.77748555,0.04795771,1.395583,0.14275672,0.54234606,2.7126627,1.1129376,0.5331643,1.2845006,0.45107564,1.1127341,1.3272345,1.5509855,0.07831337,0.71899366,0.4625901,0.83745575,0.30535397,0.12108349,0.65698725,2.3109365,0.9958685,1.5527483,0.5931156,0.60181946,1.1550369,0.70036036,1.0295,1.4310513,0.7576898,1.3961179,0.43153203,0.68787694,0.114557505,1.5092353,0.1508151,1.1416105,0.4028967,0.054770436,1.611962,0.27462822,0.56913126,1.9806219,0.2079288,0.049063496,3.773994,0.9547624,0.8477425,1.3359828,0.5928623,0.45749968,0.7234218,2.0267415,0.27988222,0.5996426,0.41148058,0.47774372,0.7746923,0.5641294,0.54521763,0.33289006,0.8398199,0.8901124,0.50738335,0.92138964,1.0739672,0.950366,0.9247255,0.4853501,0.4668204,0.34160045,2.601546,1.0524802,0.3770878,0.40316027,1.1021712,0.051033977,0.3210567,0.2871909,0.08538026,0.75530815,1.8897028,0.47825104,1.2089381,0.35815334,1.7887462,0.45429167,0.0,0.49629906,0.8910885,0.092378296,2.8901277,0.36341572,1.2248623,0.22847499,0.1339264,0.1370628,0.34492052,0.85343057,0.3034879,0.43427345,0.06847969,2.133222,0.10492354,0.33230543,0.24336593,1.2880653,0.38438162,2.2947237,0.031570334,1.5712271,0.089774445,1.8159922,0.77137077,1.6575547,0.0033872759,1.6522489,0.21542066,0.8794749,0.53959554,0.71208376,0.87026227,0.35991877,0.3098714,1.428255,1.1247947,0.25162226,1.0048335,0.52752286,0.600189,0.34239158,1.0929114,0.34999365,0.48182303,0.4671433,0.5505848,0.6058421,1.20973,0.4928114,1.29489,0.51397866,0.6204516,0.050198205,0.09083599,0.16196778,0.4881031,1.3365742,0.685556,0.59540683,0.34941295,1.3231139,0.050706435,0.35176638,0.43754426,0.2574245,0.68464357,0.20199713,0.24875142,0.86744636,0.83015126,0.17762198,1.1466664,1.4536829,1.4954113,1.4024869,0.7963723,2.4319084,1.4698697,0.3738072,1.9269747,0.3035517,0.41037577,0.640547,0.7248749,0.035668682,0.7772013,0.96034575,0.868968,0.039535873,0.35314485,0.22979802,0.08452642,0.18223815,0.31469306,0.9797854,4.19159,0.89051384,0.5521426,1.7191726,0.4848601,0.90775406,1.4137753,1.1682032,0.20870683,1.1726297,0.1574313,0.56491935,all_pothole_images\pothole_images_2_image_148.jpg
0.92337984,1.1277616,0.67571956,1.1431705,0.54381293,0.8859007,0.44015852,1.5320603,0.26529285,0.74340904,0.35267732,1.5878258,0.38830152,0.93616515,0.08988312,0.8036515,0.31944948,1.054193,1.0027999,0.06847465,0.4452537,3.1413822,0.9975367,1.6387519,0.1376782,0.20251897,0.10991878,0.53895736,0.06841427,0.34061366,0.55477256,0.25981855,0.08582059,0.7875123,0.34985608,1.0887308,0.5644493,0.56175673,0.57247853,2.4650888,0.52924967,0.011699521,0.051301863,0.47121876,1.2944628,0.80223143,0.03758426,0.6630819,0.60604614,0.47997418,0.3394275,0.111242905,0.41769338,0.017812017,0.010184471,0.5987476,0.290572,0.20967337,0.43137997,0.40642503,0.3304514,0.0039959624,0.119697005,0.31203657,0.085230164,3.374396,1.8214859,0.8728233,0.97694886,0.35971737,0.0221732,0.4570244,0.25164592,0.2308747,0.23232009,1.5734441,0.06987374,0.098613344,0.0,0.44848648,0.16533355,0.09986467,0.59658945,0.8218221,1.1597513,0.13460393,0.47173107,0.5700763,2.0446796,0.26073822,0.21278273,0.16015936,0.123233706,0.38130763,0.1526085,0.107258,1.1726497,0.45609656,0.37900266,0.0389734,0.043987628,1.0197463,0.42534682,0.5538085,0.66481435,0.7247531,0.005884397,0.1832434,0.6295919,1.4007102,0.0,3.3300204,0.4133328,0.9222328,0.54182863,0.14167792,1.0573279,0.22733408,2.0651488,1.0992299,1.7901057,0.9465562,0.04464271,0.46502852,0.05346019,1.5878888,1.0757931,0.21950859,0.17860705,0.13343346,0.50589156,0.003450257,0.5982354,0.12802981,0.46195424,0.33705202,0.05091404,0.7633659,0.562481,0.28174537,0.5874655,0.7489733,0.06776289,1.3881893,0.4044093,0.70181507,0.20948647,1.0817989,0.45137215,0.25285518,0.44872034,0.4515801,0.0,0.016629772,2.3281004,0.40839666,0.3497783,0.41029307,0.37773362,0.32114494,2.477102,0.7240013,0.0,1.1701255,0.5991547,1.415759,0.10846498,0.38069376,1.2867044,1.1346124,0.060117215,0.0,0.010320548,0.094571985,1.339757,0.1605725,0.17145887,0.0,0.03495403,0.2440707,0.017869765,2.505059,1.4613891,0.44871107,1.6801072,1.094162,0.66144353,0.4470735,1.2230707,1.0533569,0.7793817,0.40228355,0.05277618,2.2642627,0.90625083,0.061957035,0.40970334,1.8674052,0.56050515,0.96992195,0.0650351,1.4007696,0.9576922,1.5509669,1.215245,0.01890272,0.29734507,0.24417834,1.7748063,0.076791316,0.05056747,0.39039358,1.4704584,0.37256575,0.08437023,0.064783774,0.7334157,0.14674352,0.5387702,0.11382006,0.5425342,1.1650934,1.0339662,1.3515965,0.49491462,0.052168608,1.9666663,0.073865436,0.14150232,0.23145196,0.012704794,0.64997953,0.4105259,0.0399753,1.0782579,0.031060666,0.4920131,0.043679476,0.1757507,0.27740827,0.94512516,0.6022161,0.007963112,0.018516134,0.12337146,0.015539841,0.3540398,0.04527404,0.53344,4.089167,2.6003704,0.025377413,0.5429298,0.15723206,0.02504758,0.6705015,1.3075832,0.4347936,1.1197047,1.066302,0.06666105,0.0,0.0907355,1.5260713,0.26306382,1.0147731,0.37382293,0.67357415,0.5564068,0.026847152,1.001563,0.06390409,0.013648292,1.3359692,1.6624995,0.68394,0.33224282,0.3697818,0.34576976,0.63590986,0.20613569,0.30190632,0.1539566,0.24096327,0.08037055,0.5561414,0.4523355,0.04441004,0.5199208,0.50801706,0.18759072,0.23495503,0.08872288,1.3376913,0.14705788,1.0533029,0.3585378,2.6541526,0.5724698,0.5382513,0.019253058,0.32681304,0.1879158,1.0884991,3.3261213,0.04533466,0.22810626,0.568007,0.0,0.47323903,0.5279106,0.7604134,3.2572193,1.0943478,0.041158944,1.0091642,0.0033272163,0.66735846,1.6887481,0.6325562,0.45324022,0.11274253,0.08163745,0.0,0.55933243,0.0599155,0.028444117,0.14867525,1.0809046,0.3226851,2.682302,0.772648,0.18737356,0.0,0.078500316,0.62953883,0.53706264,0.12224303,0.05784696,0.3079019,0.34892696,0.96430975,2.2377424,0.25822455,0.043462247,0.76653063,0.11686625,0.42088282,0.3025449,0.3170995,0.31905282,0.57991624,0.925733,0.7948359,0.27826148,0.58978933,0.2064838,1.9141802,0.75891805,0.7838623,0.0034510165,0.03821441,1.5161932,0.16282967,0.0,0.6344978,2.7552247,0.19519947,0.36872393,0.09029351,1.700014,0.76896346,0.3597125,0.102027714,0.69815505,0.058071643,0.03135707,0.5393628,0.40123317,1.033449,0.41306472,0.0133420825,1.2328254,1.1384408,2.6108906,1.0490215,0.4086876,0.002628979,0.22034189,1.0998087,1.1192508,1.7545482,0.1501221,0.19007881,0.42145744,0.38215956,0.73430663,1.370844,0.10981626,0.32864854,3.5729823,1.5791936,0.18742724,0.8938152,0.28285405,0.309258,0.3520811,1.0204909,0.0,0.009105646,0.4710507,1.1557037,0.25071773,0.92802507,0.0,0.067210674,0.40374565,0.101178974,0.438999,0.12285503,0.81093407,0.4067472,0.82603055,2.0123045,1.134521,0.4120315,0.38703614,0.9563754,0.6449549,0.5880587,0.4637767,0.42775196,0.03473746,1.722013,0.50228673,3.5447116,1.0545155,0.09144031,0.19357678,0.38014975,0.46619338,0.36826795,0.14991371,0.046632882,1.4988241,0.08859593,0.50409985,0.73240733,0.10660338,1.3436726,0.75700265,0.14310169,1.020328,1.0475603,1.0519723,1.641719,1.4111292,0.8545439,1.0238434,1.3754153,0.49191275,0.33662406,1.1398485,0.32649872,0.30418757,0.11794985,0.0051104426,0.0,0.2171262,0.5665253,1.228029,0.77498114,0.00019858032,0.040191412,0.21673425,0.057665117,0.4618058,1.1959151,0.9816821,0.17837778,0.2924122,1.7278672,0.39577758,0.63361025,0.01690504,0.45306984,0.20099464,0.37139374,0.7657497,0.059327036,1.0048925,1.0179242,0.23647222,0.0,0.22191998,0.2741043,0.25045606,0.3676799,0.4039931,1.2553738,0.12768742,4.237078,0.51585126,0.03880436,0.18575007,0.7412095,0.03420098,0.13303925,0.8008028,1.9053808,0.77193475,0.35161692,all_pothole_images\pothole_images_2_image_149.jpg
1.6686616,0.7739268,0.5582909,2.743603,0.4755866,1.0426062,0.95503426,0.9171626,0.024883002,0.46270752,0.0,0.78069735,0.22190484,0.52984416,0.7395684,0.27815428,0.041319013,0.9122889,0.5430835,0.7954807,2.029577,1.3961046,0.102045,1.4282122,2.016496,0.023037028,0.2773412,1.357103,0.17115958,0.5088279,1.2873013,1.290673,1.6860083,0.9859078,0.8960386,0.9065211,0.8324194,1.2960203,0.27340752,1.6474371,0.69308627,0.56000835,0.66398746,1.1044077,0.9726866,1.2534615,1.1827803,0.061380308,0.775995,1.980339,0.45867467,0.41268146,0.80443627,0.18298578,0.21425714,0.58146614,1.5335721,0.6860537,0.47056764,1.327233,0.5092153,0.03737469,0.54442453,1.5109081,0.25346884,2.6104326,0.27283394,0.25932124,0.7081452,0.10743816,0.86042833,0.20276044,0.58485925,1.6739697,0.7572904,2.9924777,0.13802867,0.58642834,0.18414341,0.13897415,1.7594221,0.23607607,0.64704436,0.440474,0.027233243,0.2040768,0.81047875,0.46076265,2.5403094,0.52630407,0.020023273,0.1071427,0.69050205,0.2458335,0.098321624,0.17702644,0.02088535,0.39618155,0.65818024,1.2487768,0.035579562,2.5124755,1.5634798,0.19985086,0.8306931,1.1450008,0.36300725,1.6466074,0.27745646,0.31713325,0.0,2.9422352,3.154034,0.6845808,0.8531721,1.3781887,0.895311,0.3334913,1.9173785,1.9285288,2.775616,0.760576,0.32199612,2.1084478,1.0304164,0.65732306,0.90115184,1.875176,0.99187607,0.11794686,0.71389574,0.0,0.0,0.47652048,0.8310868,0.3898636,1.7008832,1.8292661,0.36460727,0.110925354,0.35880998,2.881871,0.27965748,0.6517093,2.3430097,2.2647455,0.70107675,0.37534285,0.9202704,0.4938141,0.28326714,0.42242953,0.43571645,0.1799017,1.9986525,0.28058535,1.497595,0.38718495,1.7191844,0.7895109,2.2158706,2.4989004,0.08482585,2.4147272,0.027427828,1.4297878,0.9545856,0.03091675,2.1865304,0.78383815,0.036941484,0.0,1.1682171,0.5419206,0.41690102,0.52522045,1.1199495,0.0008381288,0.61125547,0.0,0.13821077,2.9691832,2.2091825,1.853557,0.97479695,0.8534629,0.421396,0.55191594,0.33161154,1.3726875,0.69441193,1.7386318,0.304663,3.548679,0.5286222,1.2335331,0.640495,0.69621485,0.3354208,0.25011384,1.1910696,0.78822315,1.2539709,0.7492527,1.4011241,0.17177473,0.08840091,0.5326685,1.8491682,0.107988656,0.3773206,0.021737015,0.029286632,0.7586589,1.3549285,2.161295,0.54258347,0.32396528,1.4273866,0.13172856,1.7724142,0.60403055,0.650305,0.55819803,0.06131632,1.7049454,0.6820074,0.40527445,0.27061304,0.5362516,0.8448017,0.29652297,1.4943315,0.02618769,0.40131742,0.081549466,1.9697777,0.05664226,0.18723112,0.6873254,0.79239047,0.19638176,0.13591841,0.16245794,0.1062465,0.05405431,0.93389595,0.88672686,0.3872269,2.3460433,1.8348502,1.1810251,0.5252983,0.17270526,0.047391087,0.5262164,0.85817385,0.022515895,0.49057567,3.5591416,0.07965339,0.099923305,0.28117776,0.50817335,0.3956415,2.1056201,0.28794262,0.23195656,0.6814408,1.5957214,0.91476625,0.29766017,0.8892634,0.05549388,0.44501343,0.8511046,0.266509,0.76996416,1.4207225,1.2436812,0.21603782,0.1562784,0.4545175,0.2284518,0.24539106,0.3485656,0.45588967,0.3597543,1.3583561,0.6714468,0.44493204,0.33742172,0.48166445,0.4705084,0.09382483,0.11491016,0.09403138,1.0851915,0.74954784,0.83238626,1.6578802,0.57561,0.46140683,0.4840597,2.4545968,0.8834025,0.03406921,0.19179176,0.2748768,1.785423,0.78399557,1.4967183,1.7502233,2.9459786,0.25345564,2.4962194,0.0,2.2976036,0.83896124,0.57897705,0.8698737,0.4615638,0.94116426,1.321691,0.5845684,0.036800373,0.3761724,0.0023941041,0.31657565,0.31420642,2.0251129,0.14547637,0.0,0.83823353,0.29592457,0.31749642,0.6020551,0.06949215,0.44873932,1.0603639,0.5608572,1.4338615,3.4228234,0.20195952,1.9398291,0.47758165,1.6723409,0.19878444,1.1532035,0.33726808,0.21806839,0.24810095,0.66178113,0.85240173,0.23675267,0.66846657,0.17750557,1.3263235,1.3284605,0.42743245,0.8337731,0.34314016,0.9225178,0.14643183,0.05762891,0.5153306,1.4174806,0.2837157,0.017383657,0.3175325,0.47597227,0.33994743,0.53680146,0.4360667,1.4061261,0.3495747,0.50597906,0.34129772,2.1710453,0.40001944,0.16893746,0.18685642,0.30086848,1.285354,1.4524598,1.9880087,1.6124672,0.0,0.05087759,0.89433193,0.54161817,1.686988,0.24482054,0.25536856,0.24708094,0.70240504,1.5866612,0.64252543,0.64801645,1.1422658,2.1456308,2.4654593,0.7059909,0.27452952,0.08795196,0.16201219,0.39655334,0.65859056,0.9629177,0.38688254,1.235197,0.46159428,0.7074843,1.1558788,0.19742674,0.27157387,1.217907,0.3513549,0.48263502,0.43479896,2.780637,0.67323583,0.8642884,1.7745947,3.794189,0.1363475,1.7678792,0.6332926,0.9874557,0.6321215,0.34876305,0.7566193,1.8967322,0.9698309,0.9303057,2.2784877,1.3765916,1.2671599,0.28770342,1.5075912,1.0663582,0.8458352,0.38681248,0.23364349,0.44103482,0.19101311,0.08120214,1.2598146,0.2640367,0.8723931,0.7342939,0.52274215,0.9816614,1.3472129,1.0273712,0.23343122,1.677451,0.41355845,0.27528468,0.74382347,1.2234652,1.6367648,1.838885,0.28865522,0.14083992,0.16987495,0.52841234,0.23788951,1.7871411,0.85884863,0.64592856,0.5791126,0.2526016,0.0,1.8559474,0.0,0.48447767,1.6788372,0.028341142,0.062359434,0.32687822,2.329768,0.98596907,0.64940137,0.11028005,0.0,0.5137367,0.18858077,0.5435227,0.16597413,0.44562796,0.9476787,0.68540066,0.5687808,0.34256223,0.12035542,0.36882502,0.07990212,0.7442455,0.44769046,1.5027765,2.958176,1.5924832,0.06671205,1.2912427,0.60097927,0.089282826,0.074271776,0.34824237,0.14616081,0.05615994,0.8158946,all_pothole_images\pothole_images_2_image_15.jpg
2.738619,0.089063905,1.432546,1.5111946,0.35281068,1.5687059,0.19687684,0.23501457,0.45681158,0.46404904,0.08718988,0.82825506,0.25560766,1.2925472,2.4380324,0.30784658,0.092722744,0.20438327,0.029884469,1.4677742,0.8658925,2.3513377,0.036161847,0.5947037,2.9147887,0.5221327,0.71322507,1.4218025,0.4394805,0.8151334,0.5367996,0.13497362,2.48144,2.3653412,0.15744738,1.4186535,0.5163353,3.143868,0.13714759,1.1306006,0.31447977,0.5952031,0.5238088,2.1867812,0.1387727,2.0031157,0.3069254,0.30383915,0.93895286,2.1750615,0.9419652,1.7031066,2.0254416,1.6071643,0.22504625,0.89820594,2.221812,0.22105087,0.04933949,0.23834868,0.27387342,3.6972668,0.1575207,0.8213657,0.5874954,3.4011455,0.054313444,1.8670726,0.5578405,1.2930896,1.2176529,0.3211652,2.1975589,3.1197329,1.526492,1.5629008,0.31846812,0.7198588,0.038744416,0.3794951,0.44858098,0.21163064,0.67328805,0.23801148,1.353534,0.17663144,0.64263463,1.656254,2.171387,1.583133,1.2307413,0.11831088,0.22763942,0.2682605,0.8933769,0.8973216,0.20696105,1.3520522,2.9862468,0.35449803,0.14020184,1.6036499,1.4072773,0.05214318,0.38661468,0.24662933,0.73369575,2.2374277,0.08638646,0.5995055,0.35516742,3.3636575,2.1394236,0.17146589,0.7393098,0.4905111,2.168161,0.1929454,2.7580428,1.7560288,3.901273,0.11044159,0.51819444,1.3588955,0.6224571,0.33482888,3.1167262,1.9707823,0.46426263,0.50373226,0.6447373,0.025259743,0.33022973,0.105499,0.09933804,0.961878,0.035980094,2.5047271,0.44767794,0.695502,1.0907147,0.41695932,0.4723117,0.06318184,1.6086696,2.6392095,0.089250915,0.113398276,0.90023226,0.37185583,1.8806249,1.2769797,0.66561663,0.15830624,0.99966943,1.2086694,1.666881,0.11117431,2.7399144,0.07255661,0.1839654,0.027693823,0.0,2.6250713,0.01934385,1.4130744,0.25620896,0.88704413,1.6036128,0.21035105,0.156289,0.97828346,0.24270804,0.23020607,0.99239844,0.5167255,0.73077524,0.42780387,0.40208143,1.0367855,0.025925651,2.348964,2.0809891,1.115378,1.4818376,0.8443431,0.5558245,0.9765885,1.9595582,0.26779613,0.64934385,0.5105286,0.027971363,2.9880946,0.15313336,0.4969515,0.7113084,0.24072729,0.9147064,1.0334581,2.0284483,0.49082285,1.7911949,2.1268334,0.6734862,0.42590165,1.3725028,1.0712683,0.5858585,0.58676547,0.5492258,0.3962729,0.13920431,1.8041892,2.1951468,1.8670563,0.64214665,0.15812054,1.7066152,0.13647756,0.9226662,0.6700222,0.4169257,0.21450366,0.41704196,1.2856053,2.2433782,2.0894997,0.85757196,0.8213888,1.1110986,0.021277228,1.0319957,1.1749462,0.2647502,0.1141723,2.1023746,0.0,0.27061898,0.4649777,1.5347922,0.58259946,0.40414408,0.39395064,0.2901744,1.225281,0.15402542,0.4674931,0.9221436,2.2127597,2.5326548,0.23421308,0.81134146,1.9418342,1.0376278,0.73686856,1.5071987,0.05631109,0.5626931,2.3421652,0.0152992895,1.3146244,1.3794855,0.22228847,1.2348491,0.9947658,0.004677676,1.4608278,0.062484782,1.5376338,0.45951355,0.66774935,0.13513832,0.9893771,0.27201262,0.5855246,2.266976,0.5422406,0.05417197,0.42702502,0.04469377,0.0,0.092183426,0.98119867,1.7748278,0.17599615,1.643146,0.8279867,0.052270606,0.5231188,0.8257453,0.7113696,3.5810845,0.043343946,0.0,0.3657439,1.2782966,2.1430907,0.3380443,0.9950132,1.1039957,0.7452833,1.263699,0.985376,1.9950552,1.2701914,0.62942505,0.37439543,1.8376956,0.6482026,1.0176098,1.4153876,0.6495744,2.1057942,0.42251155,1.1476315,0.054909054,1.665058,2.1903427,0.20771715,0.6582103,0.33312547,0.15648167,1.0725251,0.66556484,1.5947392,1.9129704,0.0,2.7253268,0.62942755,0.059693977,0.02839646,0.25627032,0.8244316,0.08681082,1.0073339,1.6394811,0.59404737,0.5663626,0.7094481,1.0417961,0.21980165,1.8758253,0.06624376,1.7225945,0.7913287,1.3105072,0.26466304,1.1208067,0.99359214,1.0109569,0.95022666,2.0379639,0.3661226,0.6763192,0.7442395,0.38266647,0.21734881,1.1594232,2.1721566,0.35853943,0.74640054,0.2866877,1.5782738,0.5217229,1.5744725,1.6784873,0.0,0.09204844,0.2607886,2.5834439,0.076920904,0.70813453,0.19026025,0.1467299,0.3721094,1.7119199,0.4375179,0.4368163,2.129671,1.0722394,0.08855343,0.5471284,0.3459686,2.1560247,2.0573206,0.8985116,0.08021982,1.3772875,0.6745422,0.56110644,3.115768,0.11760003,0.3755142,0.07388805,0.69350463,1.8482311,0.14014189,1.1084158,0.88131034,3.5026388,1.3893201,1.4161925,0.25907364,0.122256376,0.7794074,0.30883935,0.13359304,0.36948884,0.30028355,4.950886,0.9054464,0.10899824,3.512539,0.22563092,0.048333984,1.9129814,0.55072093,1.1118227,1.4674243,5.8256664,0.27680308,0.6573536,0.689715,2.2743628,0.051119868,0.28523678,1.2168585,0.59755516,2.2722092,0.0072115026,1.9284403,2.130322,0.6438196,0.28904653,2.6490154,1.2200185,0.90311587,0.31685683,1.2570091,0.61218256,1.3160863,0.20838924,2.558756,1.205052,0.023936061,1.1648017,0.6893977,0.27594316,0.8585233,1.6472747,0.8286223,0.1547786,0.27737233,1.2818979,1.6009516,1.4771917,0.52151865,0.71011883,2.017344,2.55947,0.7383505,2.3889196,1.9776102,2.116671,0.18486004,1.6273825,0.033938922,2.3155634,1.4617665,1.424587,0.08812233,0.17493862,0.035930477,0.7630076,0.18818493,0.3347018,3.0170798,0.21003449,0.06320125,1.3282146,3.3970952,1.6617377,0.48102492,0.0048258263,0.36024335,0.27688786,0.46346626,1.1679165,0.03868536,0.4949868,0.09881224,0.14435396,1.1939559,1.4150239,0.39752445,0.032509092,0.42192665,0.5198069,0.83260345,0.32750624,5.684427,0.4194571,0.22967109,4.212425,1.0600958,0.0,0.24895555,0.33370817,1.283486,0.91828334,0.74778825,all_pothole_images\pothole_images_2_image_150.jpg
0.2460054,0.86169076,1.2920579,1.7858081,0.84908587,2.8263392,0.3159542,0.5842735,2.0216007,2.4234982,0.7501828,0.84399563,2.405099,0.7934223,0.80660653,0.19900493,3.314603,0.25331494,0.20636415,1.4142865,0.097547844,1.9726415,0.31596863,1.657315,0.6302097,0.5307019,0.8409663,2.4579217,0.6193702,1.3096589,1.7078365,1.494333,2.0077324,2.7709649,2.8516726,0.53046477,2.1110282,0.6771966,0.8416571,1.0175226,0.9540601,0.81753707,1.0686973,0.7513959,1.6578692,0.28873584,0.60538685,0.24842983,0.82224405,1.647279,0.34173858,0.16552559,0.7422071,0.076102324,0.7023327,2.169199,0.55734384,1.6234535,1.626524,0.1316439,0.94194555,0.0,0.57197577,1.4775677,0.47006825,0.697197,1.4037375,0.6615074,1.8165214,0.8078591,1.037098,1.3765936,0.07378888,1.0973235,1.6709476,0.9598916,0.07983745,1.6557438,0.26305038,0.808601,0.9668272,2.0140605,1.3308088,0.39107004,0.22795762,1.2087275,0.122359,1.7021029,0.8477473,2.5476696,1.3783603,0.30328274,0.27293512,1.7276334,1.1580492,1.055951,0.42111462,1.1776718,0.12425014,0.76399994,0.57990736,1.2757388,1.451576,1.100927,0.6357124,2.8626246,1.8775986,0.92543447,0.6608136,0.23512141,0.6855129,2.2191505,2.0981927,2.1592176,0.07643888,0.50691956,2.6199067,1.2406863,2.110541,0.7587912,2.3638887,0.2664408,2.2872329,0.1394958,1.4073619,0.80251414,1.2637494,0.2709828,0.38068178,0.5278885,3.5310867,0.015561274,0.6164083,2.3825078,2.398339,0.808885,1.595796,0.8268492,0.56930053,0.7363993,2.4879572,0.7214343,0.47277704,0.039805938,0.68487,0.42871055,0.58070123,0.7694968,1.2695999,0.3233185,1.2620173,1.194814,1.9115332,0.89144415,0.71639276,1.6818793,1.6137539,1.897611,1.2358747,0.43899247,3.0067399,0.67625207,1.6772588,0.6426042,0.0628879,0.03624915,1.0486872,0.0,1.2311931,1.2291261,0.80222994,0.74113166,1.0691533,0.037069995,0.6640969,3.093805,0.18144602,0.22367403,0.053045385,1.3478948,3.187141,0.6425917,0.5835051,0.9563667,0.56040794,0.15725614,0.13928963,0.19015013,0.90609324,0.6675828,0.29288813,2.8146398,2.0731566,1.5292369,0.6236748,1.8355908,1.249715,0.18090631,0.42327034,1.0143615,2.2933772,0.2500137,1.1166297,0.5550636,0.603423,2.0696862,0.5190946,0.3226505,0.5246257,0.7623355,0.23959278,1.1891578,0.417656,0.34369162,1.0018841,0.5684542,0.14031857,1.4342002,0.32121867,3.5187814,1.19311,0.90591365,0.47838575,0.28296354,0.0817883,0.24675433,1.681483,0.7531714,1.8320074,0.34408966,0.9340991,0.21822691,3.0309641,1.3315042,0.082333095,0.9409368,3.7761142,0.30228123,0.6998751,0.89769834,0.75818884,0.77191544,1.8446286,0.7029407,0.69471496,1.3250269,0.45551166,0.78961414,0.3913423,0.2073901,1.0594254,0.10083313,0.26769924,0.08396622,1.0667539,0.32661563,0.27264228,1.9751914,1.8665386,0.7734712,0.10310889,0.36068717,1.7654629,1.7175869,0.8229261,0.68005943,0.27979496,0.76498085,2.4111905,0.7783285,1.2281986,0.053621933,1.2792447,0.24083579,0.77647936,0.13774128,3.0269587,0.8093994,1.2123064,0.7325167,0.52443546,1.2663157,0.06518747,1.4423934,0.6782611,0.3242955,0.8736225,0.58794916,0.4607431,1.1460211,1.4408367,1.8483471,0.28867576,0.1331539,1.68183,0.29714715,0.9627185,0.6900365,0.1417176,0.30146453,2.1261144,0.4577768,2.255405,0.92492735,0.6270567,0.50661945,0.8940308,0.30227366,0.7646439,0.09402908,0.0,0.67778456,0.32606116,0.6719427,0.83717066,2.4092355,0.7724297,1.2577835,0.058894414,0.34238526,1.0622859,0.9698321,0.3158317,1.1162423,0.16666281,2.353639,0.825278,2.4798732,1.034141,0.13346787,0.40956363,0.95111036,0.16505128,0.07184647,0.5306962,1.1931295,0.15208893,0.28334928,1.1994692,1.7626681,0.42029026,0.3739549,0.36288047,0.15659723,0.38900605,0.3249848,2.7121646,0.6418319,0.5531061,0.7249175,0.13771017,0.3986883,0.046718437,1.1813552,1.7745281,0.5793093,0.044143412,0.57609624,0.09191434,0.56348026,0.30811936,1.7229046,0.0016811457,0.99787325,1.2796282,0.27988288,0.18983322,2.0182495,0.039451048,0.15063247,1.7918602,0.07841527,2.0902104,0.7475835,0.8668414,0.5392394,0.78200847,0.0124291945,1.6048083,0.9533179,0.16734411,2.3832626,0.25931206,0.8736558,1.236409,0.97402656,0.025063364,0.8305723,0.5949124,1.6348462,1.1300341,0.068647124,0.012051008,0.21263872,0.88390785,4.2136045,2.0165954,1.9895377,0.1375035,2.044195,1.0897546,1.5771201,0.28820166,0.07419382,0.059957318,2.0996099,1.3055191,0.32646567,1.3332851,0.8581945,1.0068824,0.86586,1.0764177,0.4258907,0.19126582,1.2195854,0.058378022,0.2993313,0.34334654,0.82241184,0.6535213,0.0017248725,0.64657384,0.97624654,1.2597624,0.5480882,1.7977285,2.1523068,1.0577409,1.5398479,0.6721231,1.7128202,1.047891,0.42661783,0.28470483,0.8755661,0.17942438,0.77028435,0.79331386,0.5864848,0.6042127,0.35001493,1.502991,1.0032465,1.0957963,0.8426029,1.4378603,0.9078655,1.1123079,3.556308,0.20993616,2.0549695,0.11689342,0.9945898,1.4284683,0.47135085,1.4424103,0.21522443,1.1623511,0.46679097,1.1697904,1.4408193,1.159652,1.4983243,0.51696396,0.1530872,0.014099903,0.010658166,0.35137892,0.60496753,1.5069408,0.19983575,0.22919944,0.40954936,0.810902,0.15811898,0.4509734,1.2535392,0.84910816,1.5272555,0.20399237,2.1824484,0.6906238,0.48207888,1.0898173,0.13281924,0.67669374,1.023114,0.40395805,0.6326815,0.29695243,0.377808,0.36669388,2.5028942,2.1497316,0.08619862,0.08826232,1.3006294,0.340988,0.27915275,0.6670441,1.120364,0.4575059,0.5127507,1.2034383,0.39992803,0.17550531,1.7034578,0.0762872,1.10702,0.28736112,1.5618165,all_pothole_images\pothole_images_2_image_151.jpg
1.2386004,0.3710999,0.015356144,2.9497187,0.086099006,0.32557812,1.2069012,0.047958013,0.110364,1.187857,0.5293102,0.68547904,0.75439364,1.2439363,0.13808583,0.0,0.13136701,0.94381976,0.12770204,0.120927125,2.5544143,0.6804639,0.0,0.21579255,1.7552371,0.81649554,1.1529362,2.4281,0.013245576,0.14482802,0.3631248,0.21276245,0.008092892,2.2267804,0.021587271,2.1494608,0.5210793,0.87771153,1.2137768,0.3110935,0.22279444,0.36792022,0.29624137,1.5408157,0.3690832,0.5527392,1.9292865,1.210611,1.0745605,2.378907,0.79553175,0.49133122,1.2826977,0.48907351,0.49573517,2.0001032,0.6638369,0.7091081,0.05429223,0.3634532,2.3120902,0.26514274,1.4375454,1.0123843,0.33287537,2.1913607,1.7391784,0.70817673,0.42274556,0.5791575,1.955392,0.11380594,0.3371948,0.0,0.082534805,0.0,0.10753428,1.1064025,0.110091165,0.035088085,1.201093,1.2281135,0.250514,0.6027158,0.07566747,0.1551849,0.11160416,0.048852663,1.7699943,1.065746,0.44127825,0.034513216,0.21749309,0.23356861,0.44244796,0.59791434,0.30514768,1.0149523,0.063358836,0.5381859,0.1706154,0.86880195,0.95229477,0.7532532,0.97118807,0.46671167,0.0652456,0.0062696585,0.054548,0.07093876,0.0972267,0.20817822,1.4726082,0.027411854,1.0146866,0.014479437,0.0,0.6924612,0.83823663,1.9214832,1.4874454,0.13453464,0.22658394,0.78590876,0.14083754,1.293765,0.84472966,1.1809118,0.15757541,0.826825,0.27676296,0.04693349,0.1958439,0.08859587,0.95800817,0.5596262,2.4766376,0.3073515,0.46605852,0.47735587,1.067713,0.077045456,1.1299409,0.066307366,0.25138128,1.9291074,0.3472729,0.87542504,0.038133636,0.46348205,0.4888784,3.992072,0.17411715,0.045512,0.21186505,1.4651008,0.31860498,1.5908165,1.9565629,1.0606658,0.42158958,0.46726108,0.502266,0.10400102,0.025052536,1.364734,1.7965044,0.7313659,0.24678257,2.3740695,1.4285352,0.37711248,0.7273433,2.2803895,0.0,1.9239055,0.05927814,0.014468858,0.09838315,0.6649419,0.4882614,1.6907519,0.7269817,0.047600906,0.6141785,0.43901318,0.034029882,0.5313734,0.20811412,2.8747425,0.036338966,0.9363372,0.8390127,0.080010265,0.5562484,1.0429293,1.3845702,0.0,0.5867604,1.173492,0.31286126,0.812514,1.2619345,0.0027735096,0.28408134,0.0017650923,0.91923326,0.0,0.6852817,0.9431872,0.25161183,0.3027851,0.8581022,0.5837831,1.7613187,1.6032997,0.1058242,1.4878179,2.2329082,0.037005108,2.1006184,0.3462059,0.12751883,0.813233,0.0,0.113373965,0.53248286,1.9600031,2.8980026,1.2440481,0.45944765,0.05816436,2.4438303,0.23389773,0.12002183,0.06991915,2.3219035,0.5411415,0.08294719,0.07156073,0.08326629,0.01394577,1.212678,0.4521007,0.0451133,0.045064867,0.15222864,0.49756563,1.0485308,6.7230315,0.3217384,1.8780317,0.1021653,0.20747505,0.49113595,0.5673328,0.514234,0.9296185,0.011177183,4.594811,0.97103804,1.5265462,1.2077924,0.06106431,1.2480782,0.28891888,1.3822044,0.4454936,7.4588947,0.38338062,0.70444095,0.47457862,1.2994151,0.0023601614,0.058211304,1.7176242,0.3355302,0.7655245,0.37377566,0.7869195,1.3058385,0.21145862,0.1307106,0.88197666,1.5043732,0.0,2.3474896,0.82049525,2.3323097,0.10824879,0.053179458,0.38031068,0.22084054,0.034942765,0.9888299,0.07145575,0.3211053,0.15631658,1.1622764,3.191917,0.8288396,0.6357792,0.05876106,0.00034051423,6.60182,0.03516923,0.2638463,0.22186594,0.8339888,1.1108357,1.6031504,1.2543193,0.96978873,0.7630109,1.2739328,1.3376373,0.2340785,0.98254406,2.1638536,0.74654377,0.14312159,0.0,0.7216068,0.38553423,0.03603877,0.45736313,0.60009557,0.15013854,0.5617157,0.24529433,0.8611626,0.79948425,0.0020317766,0.61060035,0.024004225,0.027363133,3.4805932,1.1502242,0.9810797,0.82827467,0.51727456,0.37220055,2.3843172,2.268306,1.4123796,0.9821757,0.1821898,1.6210225,1.5100923,0.016762383,1.715569,0.3220344,0.074755035,0.11183505,0.40533,0.2521193,0.4178588,2.2303793,0.6135433,0.5428327,0.021349914,0.53671676,1.1211905,0.48699102,0.034044955,0.0,1.1144985,0.00089720864,0.1277839,0.7635378,1.836074,0.9793691,2.3571105,0.42473885,0.0244308,0.27329615,0.2720516,0.0,1.0021697,0.12034417,1.2955147,0.11908026,0.5455988,0.46669772,2.7875762,0.6538331,1.7801181,0.43191943,0.08415858,1.240234,0.71810883,0.19234367,0.11054087,0.14670853,0.4255242,0.35778102,0.04180087,0.52669495,1.0062591,0.2460779,0.15258737,1.393528,0.16303535,0.003646152,1.0597491,0.8387335,1.2134221,0.10306247,0.47907913,0.28541654,3.4007013,0.63518995,0.019888444,0.697186,0.6530709,0.33728245,0.008989345,0.68710274,0.7525744,0.27498958,2.4082136,1.3782213,0.108605966,1.0717589,1.1653119,0.20805372,0.25367397,1.2886364,0.08567191,1.8011932,0.035094995,0.0,1.2103517,0.4200071,1.0132366,0.9236991,0.33543777,0.6384465,0.01430238,0.6127531,0.72426075,1.4761438,0.16594404,0.007641081,1.0074607,0.093133226,0.5735525,1.1789448,1.0074618,1.3181748,2.1273563,1.3744564,1.6149707,0.5877519,0.7559827,0.5171298,0.11946357,0.038459092,0.033421967,0.11474435,5.263756,0.05168532,1.1365464,0.70431346,0.24456196,0.55578464,0.09720752,0.0,2.2146358,1.0870609,0.020979313,0.09626606,0.032713667,0.015032355,0.13817516,0.21578792,0.8765295,0.6766313,0.9216387,0.09088623,0.0013100863,1.1397619,0.69089735,0.56478345,0.8274857,0.016598668,0.17662884,0.009748608,0.33922702,0.0012249446,0.7927542,1.892806,0.0072354428,0.9598166,0.12590511,0.5124899,0.17502017,0.53055704,1.6223323,0.14818197,1.4890556,1.7701793,0.010530301,1.398138,1.8107486,2.2041411,1.3317455,0.44175592,0.51939654,0.29401258,0.016027395,0.078579485,all_pothole_images\pothole_images_2_image_152.jpg
0.37267017,1.0910558,0.7961854,1.3633441,0.80293864,1.8945229,1.1100078,0.7782535,0.7435275,0.93437433,0.19949578,0.33060127,0.08059687,2.8167288,0.7297606,0.27141207,0.1774364,0.48211762,1.1299541,0.27682874,0.6090565,1.3276229,0.5545551,0.9281948,1.1035824,1.3414612,0.8961121,2.868663,1.8786212,0.10057978,0.83115834,0.49670938,1.9634085,0.1324411,0.17519705,0.19710383,0.09120246,0.8935721,0.18929528,0.70807457,1.1116749,1.0772018,0.4688719,0.48638946,0.7751415,0.56610096,0.50302714,0.047411066,0.7733892,0.36203587,0.44428766,1.1743431,0.2610142,0.8592895,0.18395175,0.27149963,1.2764587,0.065276206,0.085768476,0.24343136,0.5253117,1.4886762,1.2527682,0.630101,0.5414645,1.1798254,0.51813465,0.16437316,0.030316511,0.20150334,0.38905287,0.8814191,0.34217557,0.082303375,0.27378038,0.5415269,0.29704493,2.9860833,0.13795319,0.05051068,0.264315,0.0764385,0.0625356,0.6377716,0.67081803,0.9951364,0.7943095,0.08754878,3.3016856,0.14160204,0.5869467,0.32641143,0.43579808,0.72649825,0.577839,0.08832151,0.89432675,1.5470507,1.0515687,1.4175615,0.0365438,2.6801336,0.17968512,1.4559962,0.11938369,0.9889112,0.24018282,0.4887097,1.6016291,0.2717713,0.3960781,1.0919896,0.7143734,0.40046003,0.49132952,0.65074617,0.9094338,0.9801288,0.4312128,1.1360161,0.93701786,1.6201203,0.9928678,1.6642895,0.0,0.37878475,0.2622321,1.6442373,0.77053255,1.0312128,0.339929,0.048759177,0.47668752,0.6620589,0.103727706,0.13297673,0.604704,0.9842757,0.51863515,0.82801765,1.3078768,0.7506768,0.24096133,0.5355569,1.1505164,0.70274353,0.061941855,0.09567519,0.7430612,2.3576481,1.6033119,1.1415106,0.048638176,0.70225495,1.5696422,0.13717414,0.30930734,0.80599684,0.5575138,0.27151954,1.5452675,1.0268384,0.42399168,2.0584888,0.42655462,0.39142814,0.7478437,1.580171,2.1432242,0.061920397,0.3781027,0.31396115,0.7943776,0.4563057,0.6763033,0.13399883,1.4094803,0.08265988,0.19315575,0.6418846,0.29352817,2.5027485,2.0789583,1.0281587,0.7372656,0.5919578,0.5237243,1.0241538,0.010871805,0.6072727,0.1061997,1.2205026,0.5826488,2.3515992,0.09895827,0.1311431,0.24542104,0.7129169,0.78336513,0.9373541,0.98521405,0.41369545,1.7267613,0.20810407,1.9008726,0.8421802,0.22040075,1.2615824,1.3491563,0.6802356,0.84823185,0.63817716,0.5533709,1.1335537,1.5979614,1.4368192,0.91108197,0.089460306,1.6055264,0.9589362,1.089972,0.10205803,0.13757563,0.39744303,0.13217826,0.31608677,1.6402725,0.34646225,0.74072146,0.4461019,1.61051,1.5514791,0.11915677,0.8237938,2.0292199,0.6983544,0.19563015,0.33018214,0.15546118,0.65927666,1.1726525,0.022474108,1.6092379,0.48973745,0.18865193,0.029422062,0.53276753,0.014940446,0.62371194,3.6471694,3.2062147,0.013309865,0.15512264,1.2752626,0.3229272,2.3780446,0.38977042,0.22302635,1.5023856,1.3426231,1.1932583,1.4489789,0.2872593,0.5577727,0.09847454,0.16455321,0.9069243,0.6179754,1.0933187,0.40326482,1.2075201,0.46548602,0.6062153,0.60020286,0.6030808,0.3807746,0.62541133,1.4411525,0.8633985,0.8846319,0.9680112,0.032530766,0.18531951,1.8050814,0.53651655,0.46744862,0.74064565,0.8015696,2.303822,0.0,0.5060436,1.7143897,0.19727191,0.8718769,0.2575007,1.3585937,1.3766532,0.7828453,0.6173483,2.2498026,0.26551467,0.12756757,0.9147141,0.32149696,2.8699708,1.1119759,0.28027332,0.82614744,0.78051656,0.5014244,0.2099242,2.224789,2.1469088,0.76042634,0.35207227,0.30971864,0.22553077,1.4276311,1.4437939,1.4223263,0.20645125,1.048462,0.7204006,0.12759784,0.85393614,2.4833162,1.2389717,0.48860148,0.90138483,0.5522459,1.5871325,0.35076514,0.25799382,0.8048916,1.7736503,0.94323885,1.089688,1.0020418,0.2872394,0.16256246,0.7071795,0.3360032,1.7494575,0.3624433,1.6266143,0.98530465,1.2437186,0.68447167,1.1697817,0.95962816,0.5640332,1.3213345,0.26443034,1.1087142,1.3937237,0.4040936,1.6520962,0.4936317,0.49217123,0.12890427,0.59539586,0.13588922,1.2722692,0.91424847,0.72602195,0.5268224,0.6718829,1.4123862,0.6349743,0.29110235,0.73074067,1.0610974,0.24482456,0.02859866,0.4438741,0.10827886,0.29446363,0.5316522,0.9234266,0.56624115,0.38263747,0.16388094,1.0627055,0.71475,2.5795274,0.93623257,1.8120648,0.34953022,0.22468963,2.9441113,2.137152,0.48150802,0.39684388,1.4979652,1.013149,0.18822631,0.71700704,0.25350496,0.44046795,0.62315196,2.316364,0.41048703,0.21681984,1.5456139,0.09390899,0.73464173,0.8134806,0.23206355,1.6867346,0.25594866,0.22075158,1.114138,1.4062036,0.8404717,0.2196883,0.4422769,0.4903778,1.888907,0.23353669,1.4852033,0.71169573,0.42852828,2.0316272,2.6493175,1.5671458,0.7663695,0.81553334,2.0540755,1.8586332,0.95674086,0.43090063,0.36856055,0.33258432,1.0167514,1.9765254,3.0109744,1.4370537,1.1739084,0.8265913,0.23736203,0.8058659,0.10911561,0.1301115,0.020140802,1.3732185,0.49540582,1.6200322,0.5369205,0.21523377,1.0102823,0.36277494,0.12952115,1.2404317,0.21688476,1.9787438,0.40345165,2.075123,0.2404938,2.0252037,0.4768767,0.63301164,0.57527936,1.0642926,1.062679,0.55262613,0.7196238,0.832148,0.34760466,2.1163518,0.4558201,1.2770106,0.94699,1.3610419,0.41713083,0.21347249,0.7027565,0.6688293,0.95140123,1.5815437,0.09254171,1.8808056,1.608468,0.7365975,1.07868,0.2220229,0.6170177,2.373018,0.0473743,0.99978167,0.4165071,0.48664978,1.638882,0.8023385,0.62322146,0.3371034,0.56896126,0.30630764,0.2387921,0.007840979,0.09271022,1.0627171,0.8086487,0.16973272,1.062011,0.3450677,0.032413904,0.090163715,0.44702673,0.2092967,1.295711,0.10015149,0.9344557,all_pothole_images\pothole_images_2_image_153.jpg
1.8896704,0.18400499,0.25883102,1.2668533,1.9821917,0.66730434,2.498091,0.33544084,1.2308023,1.8391882,0.7092355,1.0042533,1.2445785,0.31046548,0.44029063,0.0063254205,0.8096438,1.0408077,0.11007161,0.14793694,0.88077575,0.14056243,3.510903,3.7603161,0.23210649,1.3305712,0.6801664,1.4791695,0.4849771,0.24853498,0.83276117,0.17193586,1.3004025,1.7944145,0.35810718,2.1483502,0.28850612,1.0127751,0.4968755,0.061721087,0.30358028,0.5014749,0.13469508,0.5555247,0.028349288,0.58708876,0.91543406,0.53854764,0.6084529,1.0134877,2.067814,1.0679122,0.38813114,0.309803,0.5873446,0.41669342,1.1399106,0.13189122,1.2932332,0.23781283,0.17872305,0.74072117,0.75998974,0.8636079,3.346572,0.37153187,0.5252378,0.5656849,0.11686532,0.2644361,0.19215797,0.04606114,0.37303105,0.58395416,0.40463006,0.87299144,0.45309684,1.4537264,0.016496174,0.0,0.6827861,0.07047715,1.256459,0.2516595,2.1234007,0.94418883,0.532774,0.7258497,0.26227424,0.07019677,0.544122,0.16154106,0.88062316,0.029852618,0.30811706,1.7114388,0.8695898,0.5342326,1.2650568,0.0,0.0,2.4186728,0.4178443,0.55670774,0.2873381,0.40190613,0.38506398,1.3130524,0.46655974,0.48568007,0.651162,0.4107666,2.164177,1.1279217,0.71603125,0.0981947,1.1816963,0.09738347,1.0587552,2.7035747,0.6282913,0.5815183,1.2138035,1.9076836,0.80620784,0.7759376,1.3001498,0.5373985,1.0966552,0.64877963,0.60147285,0.68034816,0.40122926,0.48267457,0.27779692,2.1384273,0.03354279,0.7472137,0.5175139,0.7113345,1.7204648,0.6714884,0.80754143,1.633255,0.37911853,2.5297601,0.17715847,0.054804996,0.20687783,0.00092603994,2.2962928,1.1448503,0.16735561,0.11363551,1.012898,2.213218,1.1327906,0.3887958,3.108719,0.7912959,1.5186805,1.3321489,0.026553277,0.363037,1.6572604,0.28016147,0.14231233,0.515519,1.6767524,1.085258,0.65190697,0.02824178,0.036399983,0.27417216,1.4451444,2.528801,0.39169794,0.18926863,0.5735257,0.12698288,0.16268806,0.51572466,0.07851934,1.6641474,3.057794,0.29066682,0.0,0.021153795,0.7446346,0.20064421,0.33058283,0.0,0.2706076,1.6447688,0.04657936,0.7179962,2.965377,0.5629978,1.179532,2.093317,0.83080775,1.2897141,0.21135563,0.66962785,0.4956454,0.6925374,0.88156843,0.4727403,2.0328526,4.2011504,0.14594354,0.23212187,0.017400227,0.49858963,1.0624267,0.47575837,1.0522406,0.48217636,1.5612534,0.11641472,1.2621787,0.15752554,1.1078662,0.54336125,0.00096830825,0.0,0.76362765,1.5578573,0.44983563,0.4457789,0.080432825,0.041214358,1.3013974,1.6580673,0.95093906,0.09614744,0.5460978,0.6063044,0.5106067,0.79936576,0.2547577,0.10485271,0.22801647,0.099857874,0.042321187,0.16502053,0.49117956,0.21545196,3.4560485,3.500868,0.669957,1.1406488,0.088455394,0.75340766,0.51137286,0.11045871,0.0058800695,0.24146654,0.0026166418,3.5628707,1.633126,1.7022076,0.4117137,0.007648174,0.2119455,0.10582735,1.8778545,0.2904977,1.4038365,0.17634179,0.32792044,0.1403711,0.5649012,0.21171653,0.20131642,0.5337435,0.6951221,0.27660504,1.5255291,0.41452694,0.12555373,0.36395457,0.58047944,0.8803053,0.17206448,1.4858196,0.6812484,0.0,2.0967696,0.15102911,0.5002871,0.11082049,0.5721221,0.78521234,0.0017284066,0.79859453,1.2936665,0.15298767,0.70442,3.4637074,1.3292588,0.39789456,0.35357565,0.1532062,0.1789462,0.47083604,0.017595874,0.0,0.34863555,1.3736879,0.73084944,0.17390856,0.78987837,2.4126518,1.2105113,0.26103905,0.2317388,0.11325582,1.3499588,1.2598344,0.7583349,0.0,0.74298126,3.0584273,2.1741989,1.6115468,0.40854052,0.38967374,2.8150709,0.008800305,0.16667229,0.19971466,0.0,0.60626507,0.018567039,0.048492327,1.5458075,0.009570914,0.32716236,0.5520181,1.4759334,0.071423136,1.6884522,0.3853979,1.0552121,2.2934966,1.2504975,0.68423724,0.11324256,0.55466783,0.56035215,0.7263876,0.12806717,0.15687175,0.4689915,0.30452207,0.3767302,0.51494604,0.30649272,0.16067502,1.3163625,0.6792532,0.6514974,1.8804287,0.009726497,0.6055279,0.22303857,0.9758598,1.5479678,0.028944535,0.19368109,0.3746886,0.2732005,0.43529922,0.7955455,0.6638312,0.23079093,0.79229325,0.34965,0.87500155,0.06721016,0.58382744,0.63608855,0.2927617,2.2151122,1.4280305,2.3583298,0.026292937,0.009181437,1.0051281,0.83409405,2.791031,0.28688785,1.4164206,0.11644745,0.264258,0.8251875,0.1591205,0.48664364,2.156074,0.7962922,0.741359,0.1665896,0.93760705,0.6007643,0.027784562,2.8264358,0.37779438,0.5296664,0.82752967,0.3748685,0.2961657,0.04646778,1.1206304,0.82329965,0.50396144,1.6188341,1.4255574,3.0372808,0.23548654,2.0766668,1.4236796,0.030376459,1.0383285,3.0480788,0.23555425,1.8846445,3.5916457,1.1740224,1.0485234,0.24296287,0.24495183,0.08405381,0.28588235,0.22234301,0.22378647,0.012876785,1.9529874,0.015297455,0.27698693,1.1270604,0.5810227,0.03468388,0.70750403,0.09869978,0.0041195853,0.36130223,0.097506486,1.046829,2.4331312,1.3704808,0.8555989,0.41981778,0.10425254,0.23893404,0.29938814,1.4310371,0.008996315,0.56856,0.3101291,2.8284802,1.479531,2.925704,0.8224928,0.57084274,0.50607526,0.1982722,0.29182965,2.348853,0.067087315,1.0251127,0.10296696,0.01324209,1.4779629,1.1302437,0.6934828,1.120135,1.0086899,0.09036656,0.034744762,1.5173439,1.069117,0.55986863,1.569474,0.21931489,0.50557506,0.39992025,0.035130195,1.236103,0.18293765,0.48152766,0.65990025,0.42218685,0.022990191,0.47938436,0.4620006,0.074493974,0.8602102,0.78260815,0.5384156,1.2143937,3.3138328,0.31827205,1.6267121,0.48515725,2.1578937,1.0001004,1.7110264,0.0040423013,1.6513317,0.44505453,0.06989587,all_pothole_images\pothole_images_2_image_154.jpg
0.98683476,0.4805828,0.4561161,1.4998461,0.57908106,0.0024428796,1.2413371,3.12075,0.15216331,0.70840186,0.4061957,0.28385878,0.0051213764,2.3510563,0.13691816,0.51119316,0.80667126,1.1781448,0.47975785,0.19655412,0.83353955,0.4340304,0.6401987,1.4849504,1.2174735,1.7271878,1.4771491,1.810081,0.6642729,0.14343554,0.35209355,0.034899935,0.62789494,0.56021374,0.12367303,0.34719303,0.05739118,1.7185875,0.3608916,0.8012177,0.0,1.3640541,1.3204933,0.67573935,0.12883809,0.18358016,0.5107101,0.035421025,0.06131449,0.16738015,0.8436229,0.56728363,0.62840605,0.1405786,0.53148633,0.18542032,1.9513323,0.17129289,1.2655934,0.07383555,0.33224592,0.07163124,0.3913942,0.558142,0.7330761,1.5477598,0.6076911,0.2725626,0.17498922,0.6320315,0.4620156,0.04797483,0.25694388,0.002384933,0.8636664,0.21204193,0.14790672,0.23958094,0.74853855,1.7249522,0.8069029,0.27753916,0.3001159,1.1017127,0.84274256,0.2508242,0.23240174,0.10406653,0.6138995,1.6673342,0.42806727,0.25619403,0.8166328,0.49573725,0.38012835,0.37156436,1.0672258,1.3148557,0.4032869,0.9044194,0.021222347,2.557405,0.28935814,0.7495068,1.2289635,0.10544282,0.37325504,0.029547127,0.6084344,0.63303685,0.060409218,0.41867757,0.23839565,0.19295084,0.6033504,0.29860356,0.41510817,0.29014477,0.4954769,0.7954637,0.5060931,0.3894423,0.61753744,0.5859937,0.5485825,0.16191354,0.51307786,1.256619,0.08866738,0.057478417,0.2213718,0.42735416,0.42750052,0.016239937,0.1752149,1.2366043,0.27432743,1.1026583,0.20476182,0.09752262,1.493709,0.32959923,1.2460648,0.35039717,0.06121418,0.89731014,0.12664719,0.2718235,0.086863294,0.24686562,0.8316669,0.7007409,0.065607525,0.08118018,0.91043836,0.30675104,1.1645076,0.14595464,2.9340951,0.0017939052,1.2878567,0.051534418,0.18353541,0.39234084,1.536106,0.1272123,0.31448686,0.68252295,0.5187264,0.45518836,0.7740675,0.19896077,0.13143566,0.041379627,0.05088494,0.50033396,0.09695066,0.51553094,0.75172776,0.38708994,0.8451801,2.5701048,1.5206295,1.5265932,0.7688958,0.11265871,0.084886976,0.10759695,0.77659994,0.6574108,1.4243044,0.21234971,0.020158732,1.7490679,0.54571474,0.5372223,1.4444662,0.09064148,0.40925705,2.3817704,0.24887742,0.26821908,0.73382694,0.24266157,0.07694115,0.73367923,1.3330095,1.5282892,1.0812774,2.3562257,0.035113946,0.69294775,0.61121184,0.8356625,0.5838781,1.6908824,0.69812685,0.099167354,0.2648027,0.3860465,0.5714619,0.37603468,0.41420263,0.37988147,0.27275783,0.095328994,1.0579615,2.1483338,0.86528325,0.21244185,0.17705657,0.45412016,0.22591715,0.33181578,0.27776518,0.0,1.6492608,0.30238393,0.89469475,1.7586666,0.17360614,0.1108386,0.9270261,0.910683,0.5200874,7.765026e-06,0.12676342,0.2944261,2.9991682,3.3786037,0.8407497,0.64792436,0.78489155,0.723157,0.9214435,0.15616222,0.6897612,0.3379574,0.7375713,3.9058838,1.8798946,1.0059621,0.3185559,0.37545156,0.0048352964,0.08812165,1.2179207,0.32325473,0.78162444,0.11643878,0.209815,0.43264621,0.6095707,0.21719469,0.5734512,0.68540984,0.3518626,0.23376754,1.2017853,0.4900594,0.93951243,0.06728026,0.02862903,0.72005916,1.063054,5.157991e-05,2.3875957,0.7415599,0.93494296,0.0012219957,0.14644752,0.38303852,0.7884669,0.79634994,0.24806094,0.88324267,1.8962449,0.19643797,0.04124969,2.590908,0.0015700575,0.5034192,0.63095844,0.031373914,0.369435,0.7780388,0.40848666,0.05085333,0.75415677,0.34373078,2.436106,0.77809376,1.798343,1.4340991,0.3498708,0.3826785,0.19444749,1.1585428,3.7966192,0.14254795,0.56335014,0.42221314,1.1429405,0.1900333,0.37500483,2.6046875,0.54908174,0.86347,0.44016257,0.2078405,0.119652316,0.015478926,1.3827448,2.0081296,0.3856996,0.59394044,1.847762,2.0514183,1.4518627,1.6543579,1.0514117,0.42390144,0.9627648,0.8850179,0.8449503,0.0025752853,1.3029333,0.052893568,0.024782546,0.15499021,0.39856112,0.3330008,1.6106758,0.73398995,0.6563347,1.8690441,0.44077614,0.45726946,0.052782614,0.42480603,1.8984667,1.7493149,0.17348947,1.693184,0.07328257,0.30333236,0.897094,0.7523201,0.8160863,0.50260425,1.0382705,1.4560777,0.18537372,0.07634397,0.74472415,0.6170184,0.38753855,0.007180696,0.044801682,0.29158166,3.1335225,0.76681596,0.36400607,0.28352374,2.7555914,0.85022944,2.264686,0.5740247,0.3690419,2.3887599,0.24284735,0.035243206,0.31245047,2.259607,0.13071537,0.054468047,1.8048335,0.3599236,2.0564916,0.0113314325,0.21518855,0.4286386,0.09934466,0.20426358,0.2273949,0.01109546,0.5099375,0.41777354,0.042258587,0.38185787,0.44584337,0.32434726,0.059687637,0.055378217,0.069545284,0.17003588,0.6539193,1.3578033,1.2901412,0.002166099,1.8039482,2.6928418,0.87149256,0.64546293,0.5919977,0.47792628,0.520694,0.9357362,0.7436308,1.1597604,0.0,0.049149614,0.18439604,0.4981097,0.1838795,0.5170906,0.28739622,0.1396447,0.5616581,0.045954634,2.0883973,0.7815374,0.14907403,0.019531116,0.68488854,0.20535074,0.40031776,0.8518736,0.43610755,0.23922215,0.5462823,2.2671096,0.45206374,0.030494899,0.028497238,0.96802676,0.1955151,0.0,0.46617115,0.3595581,2.8365207,0.08227847,0.005252976,0.7207221,1.4584055,0.500319,0.34817025,0.057457022,0.17610458,0.5092544,0.21028818,0.43835717,0.09951239,2.1349914,2.0098815,0.0047813863,0.025082568,1.4582812,0.2346435,0.37610844,2.2011855,1.2599393,2.1992838,0.9705606,0.2527851,0.2893825,0.6811653,0.07210971,1.9797798,0.00247711,0.8792816,0.959175,0.02989661,0.05380313,0.012934057,0.11479217,0.21610473,0.15652537,0.7880562,0.6436775,0.5219762,1.8940343,0.641403,1.8351446,0.22112931,0.05853572,0.0,2.710546,0.048133425,3.2051473,0.09367381,0.0545315,all_pothole_images\pothole_images_2_image_155.jpg
0.12349648,1.2054808,0.50551796,2.3144336,0.30373895,0.13571227,0.31948248,0.0,0.89152896,1.6089717,0.65202403,0.26027498,0.038046263,1.4727188,0.0,0.25673744,0.08227298,0.079510085,0.63712907,0.06292009,0.009297305,0.627138,0.4172489,1.7456481,0.34416905,0.3158507,0.060421683,0.9427577,0.0,0.17894308,0.0,0.0752652,0.43904814,0.027766222,0.087395445,0.49129352,0.97324497,0.18575294,0.46866342,0.049534064,0.19020434,1.2441515,0.5894069,0.5609489,0.96713287,0.21791027,0.17987846,0.38024858,0.31992134,0.16855192,0.11750686,0.4843777,0.21617188,0.063739456,0.23034388,0.77349323,1.116219,0.20196344,0.14317092,0.4536139,0.039703086,0.08240074,0.26824403,0.27692682,0.8255802,0.72462183,1.1475255,0.279117,0.003696247,0.813501,0.5093216,0.0,0.28001785,0.010044535,0.21023758,0.59563833,0.1307505,0.19075833,0.023873555,0.2257025,7.348867e-05,0.23950884,1.1093141,1.6888163,0.74701154,0.21509805,0.058970466,0.0,1.093558,0.43811703,0.00016250572,1.0272436,0.011565987,0.022202933,0.15077524,0.2214301,0.7617204,1.656015,0.73196745,0.1979622,0.45003182,0.73557234,0.97168034,0.6674757,1.6034501,0.023011567,0.37058786,0.0,0.58625376,0.8801563,0.34735566,1.5754886,0.09193981,0.10219269,0.66621625,0.67053854,0.042176712,0.22898115,0.736993,0.4495633,0.7490631,0.57567555,0.049303785,1.477113,0.1956964,1.6769226,0.11881533,0.0,0.07483199,0.09578489,0.054511826,0.71614915,0.073354766,0.029613785,0.457997,0.01626594,0.0430782,0.027902972,0.031302392,0.103023335,0.29416162,0.096491896,1.0512664,0.6953308,0.0,0.056157336,0.089945205,0.14048213,0.2748204,0.052179597,0.12003762,0.045587968,0.3683706,0.009287534,1.9427807,0.27203858,0.04692248,0.4160309,0.0135174235,0.5216157,0.33880845,0.265199,0.6743994,0.5138898,0.7163168,0.056808572,0.59372807,0.27173987,0.5969834,2.476306,0.018085206,0.0,0.08995504,0.13377877,0.29368672,0.022768263,0.012288441,0.010304507,0.25307226,0.0652662,0.021920705,2.2545607,0.50958717,0.46147943,1.8725088,0.21525885,0.4952697,0.2084024,0.7232776,0.59981245,0.24774726,0.0,0.50325096,0.3713468,0.8583385,0.014933869,1.6444476,1.7581263,0.70696425,0.4725905,0.18885736,1.2400334,0.0,0.0057154247,1.0136924,0.2900376,0.61917996,0.14515385,1.5908413,1.0477529,0.0,0.19222458,1.0841182,0.90313274,1.3408366,0.8489253,0.4329586,0.9487685,0.5663646,0.5828885,0.3698162,0.13229968,0.16813195,0.37090167,0.00064629153,0.0,2.4156044,0.017039077,2.5955217,0.20145825,0.26561353,0.2256747,0.21165338,0.14553107,0.91642386,0.16888799,1.5345504,0.003940474,0.00868604,0.008669262,0.056291696,0.31025496,0.7945915,0.248386,0.043321464,0.2798019,0.7099257,0.017901186,0.91610044,7.4312043,0.17854846,0.12629507,0.006572078,0.0539585,0.010722478,0.118056916,1.139893,0.75628257,0.23141362,1.9615552,0.14195251,0.25103542,0.76406914,0.54754066,0.15060806,0.633574,0.261635,0.18253863,3.7742696,0.0,1.9621024,0.0011064613,0.2595313,0.058135435,1.0887402,0.24225962,0.0,0.43224084,0.018067144,0.2373375,0.5655751,0.37787795,0.6487881,0.033833083,0.07704571,0.8369433,0.54449666,0.2635979,0.7057546,0.030122887,0.002757786,0.16233899,0.09594895,2.4138477,0.46645385,0.1272918,0.38004386,0.6202209,0.013564433,2.3596835,0.282744,0.48967302,0.0,0.08119655,6.6358542,0.5351406,0.14655116,0.524249,0.1040417,0.037073884,0.010394133,0.40283272,5.775328,1.3580191,0.041946314,0.4148504,0.17151587,0.76500076,3.1176333,0.5642094,0.39639655,0.12609278,0.11342147,0.2301973,0.6879661,0.48064345,1.0328958,0.054271866,0.57273054,0.08414953,3.8535237,0.0,0.0816714,0.16253582,0.00477523,0.058868,2.4696598,0.13557541,0.06342968,0.26362023,0.25925884,0.31891662,1.3154991,0.2697797,0.14903156,0.014835207,0.11377828,0.10969916,0.03977483,0.14059304,0.52751166,0.7681011,0.5023489,0.45176432,0.16734634,0.15355133,0.09656681,0.9122356,1.5174704,0.9444499,0.17731546,0.12196792,0.013911281,0.020976746,0.15891628,0.1446988,0.48071763,0.024974983,1.2462292,1.2442145,0.4720155,0.070047244,0.0,0.754694,1.0564939,0.49450403,0.41470966,0.07107041,0.2273296,0.19180654,0.4751829,0.24052952,1.1451341,0.40632102,2.1306381,0.07389938,1.4507443,0.30500588,0.11464356,1.7439123,0.18958355,0.86619234,0.0002185823,0.5141792,0.08440043,0.6757544,0.89026797,1.9650244,0.8577111,0.00024149011,0.6531294,0.5950724,0.27322057,0.6867702,0.7809425,0.38558617,0.51966715,0.5102749,0.18767802,0.4102457,0.0004648488,0.9133894,0.32279202,0.42614663,0.01543788,0.25343177,0.43505618,0.22618729,0.024183394,0.5521696,0.4217987,0.4883253,2.0590744,0.89278424,0.53260905,0.097209014,0.9958079,0.043014497,0.18237507,0.13538665,0.034452543,1.027157,0.4539527,0.71796197,0.7343946,2.413384,0.5216626,1.1004589,0.81469995,0.08170215,0.21524557,0.12445654,0.01955379,0.0035770813,0.33048907,0.025071796,0.59119314,0.2911838,0.22096159,1.0381427,2.9052005,0.08928003,1.4216616,0.0052771927,1.3782333,1.1439996,0.5107859,0.50078964,0.34584048,1.1809462,1.1993812,0.0,0.10718216,0.09283452,0.9480075,0.051067624,0.0,0.068252146,0.0,1.4609549,0.3860015,0.21605907,0.17781985,0.122062765,0.038715575,0.439694,0.09303663,0.78576314,1.8635575,0.21457261,1.0694076,1.6210238,3.2167585,0.70668846,0.059383396,0.2554524,1.5771936,0.2083614,0.9688007,0.024878642,0.59894675,2.195907,0.10237894,0.012707448,0.020705055,0.1777379,0.91229075,0.02978952,0.6680639,0.34941006,0.47913095,4.7416215,0.060487274,1.1955237,0.2127025,1.3005241,0.3101729,1.184488,0.568869,0.5527069,0.04885833,0.71770525,all_pothole_images\pothole_images_2_image_156.jpg
1.0190485,0.5370502,0.022839658,2.8343678,1.6049298,1.1101665,0.41062903,0.6712741,0.15884618,0.47049293,0.43406296,0.9534557,0.0,3.592707,1.5054377,0.36553338,0.14566447,0.51795,0.59957474,0.15776846,2.320125,1.4160756,1.066719,0.43949726,3.0408194,1.3224258,0.07484166,2.4955976,0.28412336,0.11598252,0.78390706,1.1359802,0.82862043,0.08797626,0.0726092,0.050430037,0.2672047,0.76249665,0.3292308,1.5241425,0.08965928,0.6552378,1.1153463,0.43947017,0.1406536,0.6437671,0.86795974,0.46435142,1.2688476,0.21698682,1.0416713,0.247848,0.8117232,0.21467355,0.11165975,0.84917504,0.6606168,0.29672226,0.0335583,0.13595587,0.49885753,0.16779031,0.1415917,0.12503698,0.14509882,0.9812083,0.12259599,0.061835162,0.0,0.07462318,0.9022254,0.0027490053,0.15861093,1.0822074,0.29851574,1.5956529,0.3843627,2.3684099,0.027612321,0.28879488,0.313682,0.9181316,2.8434956,0.79213035,0.64812905,0.18833557,0.14677611,0.13695392,1.0837995,0.4666551,0.074062884,0.058533367,0.09531341,0.27939764,1.0917424,0.115009636,0.3025979,0.00713621,0.5218845,2.5054898,0.16441031,3.6808248,1.0490494,0.077114314,0.86786306,0.24993683,0.18590125,0.9860709,0.0030106567,1.7580171,0.16730906,0.26464507,3.149453,0.82669884,0.829567,2.2325027,0.4224143,0.68793994,0.82082814,1.0729768,0.39226583,1.9412465,0.53123397,0.33626443,1.1153823,2.4102774,3.2846458,0.60365,0.116569266,0.5162924,0.0,0.20797954,0.09183783,1.5318606,1.1337507,2.5188074,0.72596675,1.0676439,0.37061793,0.04715473,0.36660475,0.2301974,0.5753269,1.0643897,1.3014954,0.2665141,0.01838893,0.9321444,1.6554214,0.073053,0.4554748,0.4721062,0.020798165,0.5648079,1.4989259,2.4451368,1.2286649,1.6009793,0.13200359,2.217916,1.2573539,0.60160697,0.2544784,0.15800875,0.115833804,4.46935,0.5291324,1.4817604,4.8005986,1.0833676,0.23813407,0.0012916701,0.73672074,0.57841045,0.022412287,0.86859065,2.8764532,1.774766,0.76527596,0.799233,0.0020440402,1.4478093,2.3754601,0.45811215,1.1143582,0.22498097,0.67412615,0.23331556,0.24263467,0.25245607,0.5389049,0.0,1.3137345,1.3538429,1.1525296,0.18523896,1.3093731,1.2300189,2.8828523,0.78934836,1.4411412,2.9832783,1.4004674,2.597299,1.5048548,0.7750098,0.24704446,0.2913154,0.7105119,0.66764224,1.8906326,0.0100438865,0.99563473,2.1288803,0.7624531,1.735846,1.1502664,2.6136117,1.4042015,1.0771255,3.811371,0.16836283,1.0856339,0.49112117,0.0014218291,0.14679174,2.0568564,1.0273551,0.9319629,0.3910308,0.27467272,0.6404739,0.5015282,0.1011756,0.33570695,0.4497915,0.38642654,0.47493815,0.8018463,0.0,1.042482,0.07118272,1.5396062,0.023804864,0.13756226,0.46833006,0.24750404,3.1454654,1.6284121,2.685004,0.99151695,0.7800744,0.9424122,0.055766523,0.11088894,0.62859696,1.4381844,0.1797748,0.8426603,3.8395605,0.42600822,1.6961792,0.978257,0.04900686,0.00070634,1.0173753,0.14874607,0.052797977,2.9015899,1.3822805,0.37194428,0.09580517,2.0131662,0.34538287,0.25065643,1.3721563,0.0,0.72294444,0.8870441,0.11282093,0.9286279,0.6247764,0.7218344,0.57574546,0.056631107,0.28065756,0.8262042,0.5793393,0.506469,0.12626584,0.754668,0.88515675,0.06507414,1.1861736,0.23965003,0.86097324,1.426448,0.11939581,0.09598184,2.333381,0.08124446,1.1463462,0.30063412,1.4009765,1.6785539,0.44910857,1.4612719,0.035717834,0.9820437,0.60416853,0.9189783,0.911033,1.7027814,2.7570932,0.04475631,1.1695346,0.012474529,2.3954067,1.6029347,0.30996093,0.5677636,0.031759173,1.0053833,0.82611316,0.6550492,0.9404133,0.26143268,0.34534356,0.32586676,0.13082135,0.74786985,0.4388142,0.03844458,0.10380142,0.034912452,2.0207338,2.476013,0.37457097,0.3210701,1.1304914,0.057757776,0.44529077,4.736403,0.13381779,0.373639,0.22501284,0.35942945,1.0388926,0.6783607,0.4989215,0.6997672,0.20370293,0.7721165,1.0372117,0.07673606,0.24449721,0.7086874,0.06319143,1.0316409,1.0068613,0.074105166,0.034272816,1.6048936,0.9961483,0.33798707,0.8785276,0.62462896,1.6990552,0.33124936,0.04041905,0.45885855,0.2790361,0.1715919,1.5778232,0.08471551,0.16262302,0.17252563,1.1324903,2.5059988,0.96996915,0.8719993,0.6456448,0.74181134,1.8361411,2.7707398,1.88099,2.510855,0.11769816,0.0,2.535828,1.2962929,0.57996124,0.0,1.1580876,0.017253961,0.45720354,1.1909429,0.23399028,0.2024317,0.54769653,2.2031765,0.30051744,0.60676104,1.0747759,0.66430956,0.9754322,0.66671026,0.07617228,3.6165214,0.58720714,0.31277603,0.09301724,1.1911741,0.91863006,0.27772623,1.4054822,1.7061459,0.17072386,1.0124781,0.5717226,2.2420397,0.034666862,1.1689748,0.43240145,3.4940414,1.868838,1.3791195,2.1073446,3.351391,0.41575736,1.442195,0.26257837,0.37916604,0.31627724,1.6631573,1.0373466,0.51912683,1.0722982,0.25459245,0.39248684,2.653218,0.3183747,0.31785545,0.10007513,0.34707403,0.12019068,1.515119,2.8917098,0.6087125,1.1523254,1.1288178,0.35546333,0.57085466,0.34826648,2.3291578,0.37970874,3.1852283,0.3783709,0.45595855,1.7721448,2.624864,0.038700476,0.702028,0.48171705,1.3072095,0.2786994,0.0,0.39921305,0.21749213,0.96477914,0.37164846,0.72403514,0.6976019,0.30999443,2.1444397,0.014358577,2.659848,0.6445939,1.7234147,0.2941808,1.790198,1.5463017,2.2631187,1.1019989,0.40318683,0.43729743,0.8849132,0.20757055,0.09996661,0.15756686,1.3213854,1.6842312,0.15272643,1.2160722,0.07016066,0.50150937,0.33672896,0.56857413,0.17499867,0.87567216,0.53725165,2.8199112,0.91486216,1.2040045,0.5900903,0.15720221,0.9970363,1.542472,0.82563186,1.0919585,0.53489715,0.22015016,all_pothole_images\pothole_images_2_image_157.jpg
0.61667216,0.37993145,0.09119652,1.6781621,0.38353333,0.34287536,0.6984956,0.10118399,0.21614292,0.836836,0.40547243,0.2094339,0.16578038,2.2629395,0.059337795,0.1725546,0.005149285,0.63306993,0.40818638,0.12116605,0.5518071,2.763158,0.5614864,0.8788193,1.3749641,1.0574445,1.2252387,3.6351972,0.90468955,0.45615923,0.6175135,0.1868341,0.7453367,0.5424661,0.30005613,1.275028,0.15607828,1.0871192,0.37633973,0.017297883,0.15080728,0.0,0.11797407,1.4947942,0.62312174,0.1408213,0.5713507,0.0,0.15565732,1.0369735,0.70458275,0.62380564,0.53774935,0.3584365,0.2405783,1.504086,2.337042,0.26382324,0.30215013,0.015499064,0.57386625,1.0325143,1.309908,0.8252308,0.9583458,1.8710953,0.07635895,0.014632397,0.1785767,0.31791532,0.026074585,1.141184,0.45004654,0.012120314,0.25861174,0.10514265,0.06691621,0.43445155,0.048807047,0.2599844,0.0645916,0.30283827,0.2376882,2.4744377,0.5560809,0.5440138,0.29735428,0.1652958,1.4899659,0.4785998,0.36910138,0.14191736,0.0026231834,0.14203085,0.39695638,0.1458769,0.41049793,0.8439604,0.44690812,0.0,0.011611678,3.9590552,0.032373462,0.49403855,0.54786754,0.46722516,0.18502875,0.095874436,0.004567708,0.19356552,0.30905083,1.4594306,0.43888262,0.473119,0.10137029,0.07675418,1.7251861,0.07997545,1.127122,0.781517,2.785788,0.8490074,0.30833745,0.275416,0.29613534,0.2727761,0.5830373,0.70292014,2.6895041,0.17160934,0.6142402,0.0,0.35057297,0.12230642,0.1192955,0.37455449,0.13233492,0.998445,0.27716744,0.5012839,1.8083477,0.14762163,0.49829796,0.5638576,0.12521912,0.6229943,0.3116755,1.3613546,0.14546661,0.0070631197,0.7501456,1.3716539,0.20317656,0.19412218,2.5299335,0.20874879,0.54463756,0.1323316,0.7858651,0.481965,2.9019961,1.1175313,0.005324876,1.8426987,0.04376417,0.041980043,1.8160174,0.21136366,1.262771,1.4930391,0.07908471,0.10989566,0.0,0.4048799,0.60687685,0.30201042,0.2872951,0.019449351,0.21042703,0.5549957,0.26792684,2.6001608,3.2677057,0.3336368,1.5896103,1.495216,0.10751467,1.3465683,0.8494916,0.8873727,0.24386588,0.4398487,0.24716552,2.9256241,0.010152685,0.46985722,0.20559117,0.62872756,0.45733672,0.3488644,0.8225998,0.8487608,2.368621,0.88815284,0.44839898,0.11274705,0.79175854,0.51149917,0.82530224,0.7210973,0.0,0.109962,0.8534801,0.14392626,1.1367723,1.7012827,1.6338884,0.097863235,0.597015,0.6585701,0.49503097,0.0,0.6667879,0.12577978,0.051762693,0.19131391,1.8744615,0.11902215,0.14372095,0.010089715,0.1404983,0.25047815,0.19703276,0.6715345,0.77833164,0.27167705,1.4725251,0.12373247,0.0033243285,0.5532661,0.13826856,0.30974376,0.116926745,0.70634204,0.08179211,0.0,0.5191327,0.51009864,0.41395053,4.2474694,2.6887805,0.0077651846,0.5471031,0.08580575,0.10781962,0.6018975,1.1210725,0.0031805802,0.23314583,1.0927477,0.4344104,0.7890359,0.44655982,0.34476405,0.40184835,1.0680858,0.066897325,1.061479,0.9577928,0.019659514,0.021768356,0.2724978,0.04044413,0.36015332,0.2863081,0.2637645,0.37904078,0.45649353,0.7131567,0.6599686,1.0365213,0.25365588,0.10460412,2.2013206,1.0235099,1.383695,0.6787604,1.0984105,0.78866357,0.104207836,0.30722752,0.028522594,0.2808732,0.39729068,0.04320887,0.13701715,0.5795087,0.16995966,0.41122347,0.98161274,0.312093,0.07009961,0.0015123184,0.16467415,4.7315454,0.20317717,0.03542018,0.08365341,0.0,0.21661991,0.66101533,1.6028713,1.030894,0.6576958,1.2531965,0.039324403,0.02798421,1.3664454,1.0920572,0.15637825,0.28300548,0.0,0.03755223,0.5386438,1.2684692,0.78121716,1.1069106,0.20001903,0.74481636,0.037610285,1.4235672,0.14224707,0.23255214,0.25930735,0.22108378,0.35608548,0.2917612,0.093549386,0.4745463,0.05346803,0.2951397,0.8512268,0.6778964,0.30588487,0.6772831,0.55581844,0.26575476,0.085607715,0.4730061,0.7338171,2.0815785,0.86964655,0.11972588,0.84440196,0.054104637,0.34507778,0.8412499,1.8034568,0.5585622,0.51254743,0.32461974,0.016244644,0.7199031,0.1920246,0.07494014,0.3780631,1.8761646,0.45621166,0.719635,0.5988969,1.4073304,0.20398906,1.0536304,0.09641133,1.1383414,0.7392998,0.1522241,0.009643048,0.5518365,0.7913045,0.13428886,0.0,0.66488427,0.4129025,3.0094523,0.58677864,1.5437542,0.012847252,0.018195972,1.2123954,0.49353388,0.8882173,0.10651374,0.4796453,0.0,0.09377802,0.5321367,0.3782288,0.1743568,0.61316556,1.1044534,1.020436,0.63249516,1.1670675,0.26958483,0.8631435,1.0986887,0.15982328,0.053383466,0.074170575,0.7368919,0.108339675,0.07805689,0.21148129,0.2775025,0.028863585,0.36203158,0.78566337,0.596239,0.029163409,2.2129374,0.041273564,0.36901233,4.007115,2.2191162,0.04849498,1.5351257,0.7892364,0.21368326,0.44834462,0.3622236,0.8004993,0.007957459,0.20884167,0.021594964,4.3763213,0.626873,0.60616386,0.09061321,0.8028153,0.17712411,0.0005801825,0.038988627,0.31775466,0.49251127,0.319178,0.79159474,0.25732985,0.8292502,1.3312858,1.5103468,0.05934541,0.011124127,0.54694426,1.4440053,1.5200619,0.72955173,0.2689045,0.13292173,1.5145053,1.5489829,1.0048052,0.90443677,0.21332553,0.86404866,0.60315645,0.058767654,0.009879296,0.59449214,1.2584224,0.40166923,0.4990731,0.6205751,0.34748816,0.13783039,0.16025649,0.08975753,2.1372678,1.0604743,0.02433785,0.25926515,4.4762726,1.4828768,0.3289456,0.0,0.18429928,0.28103358,0.30400428,0.7920339,0.20802474,0.028293176,0.66138595,0.10081852,0.07004739,0.062274717,0.0,0.0007532673,0.91672516,0.21383059,0.05796689,0.060002994,4.3340316,0.89091396,0.058523282,0.39466354,0.35543635,0.38014975,0.07142777,0.16361585,1.0880584,0.24987249,0.12893386,all_pothole_images\pothole_images_2_image_158.jpg
0.1502654,1.520359,3.3123076,1.7318459,2.4891677,1.8047152,2.436042,0.0090900045,0.27189913,0.22734277,1.0769004,0.19006713,0.10166955,1.1156788,0.089587055,2.1346128,0.42338958,0.06576196,1.1324795,0.38258862,0.20152645,0.12132611,6.1216817,2.415856,1.9887856,0.4447708,1.253331,0.98191017,0.20289055,0.31729582,0.5292877,0.39308143,1.7286731,0.49385455,0.48274463,0.93271685,0.50506014,0.9228269,1.4781705,0.65396506,0.56811976,1.9239912,0.5036065,0.5685613,1.2899581,0.8578408,0.34872425,0.35549432,0.3540493,0.04840091,0.80298907,1.7611407,0.4119199,1.0811443,0.2535004,0.0047510564,0.56785136,0.024469554,1.6008785,0.13212998,0.04951539,0.5186526,1.2324903,0.7253398,0.15027447,0.3259536,1.7553929,0.14444833,0.08266358,0.083930075,0.0676722,0.09010023,0.32013613,0.15257116,0.17110145,2.2548664,0.940162,1.6227837,0.37087223,1.824721,0.30492496,1.0085919,0.118632324,0.14292137,1.3138351,1.2179232,0.17755173,0.03003801,1.6433777,0.7864227,0.63436365,1.2970349,0.9628923,0.3503731,0.071500696,0.12551823,0.6487765,0.9299422,1.625719,0.8886788,0.027677909,0.73757625,0.19956242,1.3255621,0.4964651,1.1447476,0.12078801,0.5488327,0.3329998,2.9440496,0.4425386,1.1392277,0.34281087,0.74935454,1.1182106,2.5611725,1.3882076,0.11522105,1.215997,0.5712595,0.70209503,1.6761612,0.5889015,0.06810577,0.22894327,1.2155477,0.01964535,0.8080285,0.39124033,0.6444202,0.3279527,3.4319217,1.0401949,1.3375465,0.16213213,2.0344229,0.12899508,0.7928417,0.3181329,0.24478066,0.62066835,0.14928678,1.1360918,1.2790238,0.86815554,1.0508446,1.370746,1.2718349,2.460763,0.37388182,0.6368279,1.752352,0.083879106,0.85127777,1.4390311,0.6353652,0.1634657,0.09809698,0.68913674,0.08457015,0.8078367,2.4956293,0.56860274,1.70939,1.6649348,2.5685477,0.547586,0.20619972,1.0173069,0.28954107,0.6477296,0.64346826,2.3221846,0.4102271,1.3709712,0.67101824,1.6165594,0.7757441,0.34386602,0.55535734,0.09589051,0.8256269,1.9809668,1.1912467,1.5873036,0.013879557,0.5156705,1.7226777,1.4422826,0.91834146,2.2488291,0.012051047,0.014920064,2.2984278,1.7195637,0.20424196,2.8262758,0.41028276,0.64907104,1.9624434,0.14449763,0.8709751,1.3282087,0.52113396,0.6078969,1.4726024,0.058062546,0.067371316,2.5952423,0.4047638,0.5835916,0.590452,2.4953237,0.5652374,0.32555458,0.004845447,0.4534498,0.06315807,1.3328837,0.055461112,0.45588127,0.01911193,0.63006467,0.7770941,1.3444954,0.7941566,0.8265381,1.2322643,0.0037807107,0.1262082,0.30256155,2.664124,0.9116438,0.5455043,1.5425285,2.1640334,0.8211929,0.36527443,1.7285964,1.2928113,1.7519735,0.32844302,0.768511,1.1351432,0.0,0.33782208,0.26848772,1.640119,0.6007249,0.47603384,0.37480575,0.017121095,0.5462383,0.24095309,1.1169955,0.1456409,0.2775188,0.1632371,1.6260506,0.60587484,1.8865318,2.6079564,0.06792976,0.4675996,0.0059300126,0.8028248,0.081586584,0.1872095,2.5505695,0.1428041,1.4626648,0.19290943,0.96877676,0.6118122,0.48030815,1.2394034,0.5474297,0.9423242,0.14362843,0.5397101,0.050237034,1.8260483,0.7655828,0.80002093,1.1901567,0.78776735,1.7259806,2.3068836,0.16083561,0.6960955,0.4094654,0.9385061,0.18490826,1.8205353,0.22991498,1.9207532,1.7399539,0.008164007,0.19242644,0.93540627,0.14333986,0.46385887,1.512676,0.28351218,0.8962619,1.1892577,1.2207334,0.29605636,0.17655934,1.2252682,1.4117522,0.10929809,1.5365345,1.8972946,0.01990641,0.27966163,0.029275846,0.797178,0.5487935,0.76275617,0.55376923,0.27975324,0.34435958,0.6362618,0.26146305,0.45687553,0.92493826,1.7880067,0.5007459,0.12392395,1.0386839,0.13604754,1.099308,1.0505922,0.7590378,0.6208731,0.56719136,0.21849498,0.18232957,0.3177066,0.14277312,0.7337581,0.73605174,1.4060547,1.012292,0.4966562,0.21917629,0.032725956,0.009283983,0.70121205,0.075252034,0.1463769,1.709314,0.8436227,1.0064166,0.02689454,2.5133355,0.5385315,0.82895225,0.27386042,0.22704749,1.5962205,0.6751476,1.3122555,0.12852624,1.4767548,0.8152131,4.200663,0.098791935,0.010684963,0.5889361,0.8518879,1.0835983,3.173747,2.217834,0.0380776,0.010185831,1.226294,0.19629702,0.73835963,0.6555797,0.37939647,0.150934,0.4054119,0.5945097,0.05389267,3.9883852,0.25961477,0.39198434,1.1194488,0.3965458,0.37930718,0.021905035,0.42870796,1.0266784,0.8875343,0.2921428,0.041080847,1.4580567,0.028011905,1.2264502,0.99196005,0.07389238,0.93992114,0.21826576,0.33728796,1.4775066,0.34826773,0.2442795,0.81163037,0.006405445,0.83149546,0.6602193,0.27921188,0.07490737,0.21601473,0.37239027,0.2789365,0.04384726,0.46194676,0.016900226,0.83030915,0.19887885,1.3008354,0.20059437,1.5019389,0.06051585,2.4350178,0.2591936,0.13238528,3.178354,0.49748704,0.22696677,0.6715034,0.33837205,0.59097165,2.3324056,1.1471103,0.6720162,0.5820684,0.87920725,0.27882162,0.009745132,0.09801706,0.010181838,0.1822509,0.47312188,0.8369472,0.84305507,1.6725115,0.22765872,0.062508434,0.30332983,0.21690574,0.47672355,1.0329001,2.6961977,0.20981224,1.4604487,0.096603245,0.06632971,2.2657938,0.8835223,0.32660878,0.009626441,1.873872,0.19356394,0.16831902,1.1949592,0.59649986,0.8169548,0.04147773,0.24318154,0.75921273,1.4980204,0.23966224,0.9026058,0.56561065,1.7064756,1.3138313,1.1846644,1.2174044,2.784909,0.026572062,0.68954825,0.9171835,1.5327749,1.7366486,1.7618532,0.5574636,0.41351622,2.0550551,0.060451422,0.0009197902,0.9088628,0.051414985,0.2611424,0.15168676,0.0060603996,1.3827136,1.2161169,0.33250645,1.1469373,1.588803,0.11471085,0.38897237,1.5031536,3.4654963,0.06935625,1.5524114,0.4563177,0.14518586,all_pothole_images\pothole_images_2_image_159.jpg
0.6259781,0.68792784,0.21068113,1.7119343,0.28135964,0.861066,0.39591485,0.044104796,0.07209112,1.538289,0.16310878,1.3384075,0.0076018395,2.1113985,0.19689244,0.350827,0.29107147,0.7170594,0.07380052,0.5791284,2.1166358,1.0912185,0.7939654,0.36083516,1.4931301,1.8971269,0.38929924,2.6452138,0.8016731,0.08934234,0.82297146,0.20708849,0.24928766,0.24667425,0.25183782,1.0750962,0.90315074,1.4532691,0.29555106,0.4418322,0.0034321428,0.057574466,1.0677661,2.4516683,0.33237162,1.183686,0.16651967,0.6864798,0.16995439,0.057118837,1.7127254,0.7740553,1.1200844,0.27868137,0.6357857,2.721337,1.5543271,0.68093294,0.0061526084,0.008903551,0.15406655,1.4378018,0.20874369,0.11367924,1.1068354,1.4158963,0.541704,0.21729234,0.22746234,0.12173164,1.2264006,0.12189892,0.14651418,0.5358482,0.39113173,0.46859506,0.100059934,2.2536569,0.0,0.07993502,0.050085768,0.33214384,0.6693757,1.4654431,2.0237935,0.35588533,0.30549586,0.26263177,1.3260423,0.111378,0.2944636,0.29409483,0.0014341251,0.6197733,0.048763257,0.23864082,0.14359947,0.7878195,1.4949648,0.85297656,0.5040898,3.0032353,0.30187613,0.07016458,0.80336416,0.17590751,0.103398964,0.2480901,0.007065606,0.5860163,0.0,0.22881661,0.49135652,0.44033274,1.5530131,0.0147526795,0.026691644,0.039614167,1.7282186,1.1579546,2.8787773,0.2642751,0.0043199584,0.7488464,1.7345278,0.43305936,4.425245,1.2371094,1.632953,0.120109476,0.53130877,0.5317254,0.066410385,0.06328701,0.9244629,0.010630052,0.5867506,1.9201438,0.3510941,0.4976935,0.68369585,0.62444097,1.1211996,0.09171649,0.0009877678,0.75814146,0.18409637,0.31901148,0.482434,0.32183066,0.97824925,0.95493627,0.059211973,0.107295096,1.2087679,0.38248926,0.78541106,0.12830919,0.6727606,0.83930206,0.4681932,1.2428257,0.30548558,1.2017716,0.10790937,1.6107187,2.4090276,0.055572364,2.2581608,1.7528478,0.025472801,0.099287614,0.37150085,0.46778634,0.40732047,0.08129741,0.39981616,0.34807777,0.6074086,0.39757416,0.23907396,0.6592467,1.174097,0.8635694,0.31415296,0.49671343,0.09702749,1.2371376,0.4854055,0.23185568,0.09580947,0.3069107,0.26026738,1.4557716,0.3599421,0.05847741,0.41842487,0.5054546,0.69138616,0.013620382,0.48609072,0.7239371,0.3589292,0.9667003,0.13093391,0.117827795,1.016499,0.16450568,1.5067663,0.38161993,0.017411062,0.67613614,1.3222216,0.6514075,0.95241296,1.572876,0.9970225,0.41617158,0.18451512,0.28358108,1.5057104,0.098085366,0.75816625,0.02056292,0.45225072,0.57478803,0.9195576,0.06484167,1.111523,0.58802074,0.44077596,0.7950331,0.1884723,0.49048224,0.025634617,0.1496074,2.4151554,1.2298101,0.072049744,0.20825367,0.7204018,0.037550036,0.058668166,1.1174059,0.4064954,0.189043,0.2091394,0.19295463,0.9395223,4.4023314,2.4158943,0.5101788,0.13500467,0.6224936,0.47065455,1.2495542,1.2065583,0.18576092,0.71512717,2.0694444,0.5584831,0.0011365169,0.60296696,0.0030730104,0.26267272,0.22553444,0.33289376,1.0846771,2.8495777,0.26773456,0.19057785,0.003910021,0.7217304,0.0,0.837021,0.09372894,0.049465172,0.09608438,0.3128416,0.57040095,2.2729335,0.052540448,0.6450384,0.583246,0.19092591,0.12846173,1.3845525,1.7713028,1.0604258,0.4225593,0.12189526,0.9267439,0.011020534,0.86762196,0.3116918,1.3505632,1.4526095,0.21879554,0.09802653,3.4272068,0.41028073,0.2461377,1.6087098,0.07308375,4.5631437,0.3301167,0.38462797,0.06985278,0.5798132,0.28011733,0.6790723,0.33593935,0.7365237,0.22007836,0.9498824,1.4911921,0.23265314,2.2209918,1.2495306,0.54926246,0.064690076,0.74189764,0.9615398,0.44756323,0.43779415,1.1135048,0.30263627,0.057040825,1.8268108,0.4501552,0.33418354,0.044418894,0.8287982,0.050012857,0.7864059,0.3090562,1.8470573,1.0877022,0.097751975,1.1811541,0.41450068,0.43466,2.0005116,0.8167351,1.0747514,0.051591482,0.43719116,0.8467255,0.3005099,0.57253087,1.4170537,0.4018098,0.7187113,0.7939334,0.25961238,0.017434757,0.86450565,1.5218178,0.081807815,0.722627,0.40844458,0.5437009,0.32566008,0.8884985,0.66275406,0.041893102,2.464007,0.18235818,0.60559005,0.35806733,0.67579323,0.32397193,0.54341286,0.11885259,0.024318233,0.46741515,0.7423431,0.012723458,0.9037428,0.4133489,0.42909953,0.038199425,0.88026273,1.2351944,0.81461924,2.1212568,1.8012805,0.0,0.21114917,1.3947308,0.57118785,0.00027113143,0.006644208,0.80398244,0.008316713,0.44111115,1.4571049,0.1839044,0.12209057,0.48572415,0.4403964,1.5555547,0.7441597,1.0353084,1.926402,0.5371049,0.5496883,1.5664088,0.8089512,0.25571308,0.97762173,0.38495418,0.022265913,1.4825512,0.0065492084,0.17893156,0.3078225,0.95526844,0.14276719,0.5360163,3.1403604,0.23409504,1.6831176,1.9798825,1.5392784,0.5121254,0.984273,0.25545973,1.2013289,0.5117122,0.50670123,0.28510284,0.070603356,1.1389928,1.0133244,2.255141,1.6314921,0.7014415,0.12970397,0.09692768,0.850731,0.62287503,0.23976068,0.0022388413,0.3369839,0.0063769976,1.0877011,0.2305083,0.19906725,0.5251566,1.9898872,0.37607488,0.59661967,0.37067196,0.86468536,0.891209,0.84335154,0.2675149,0.438049,1.3979487,0.62728393,0.0881219,1.0709937,0.93464226,0.6697213,0.29126084,0.1450302,0.039898165,0.5130943,1.2346104,0.44258615,0.41180685,0.55406797,0.6295081,0.491945,0.013551098,0.21995668,1.8009226,1.0115349,0.84463,0.5686222,1.7487704,0.6247196,0.11105987,0.055919465,0.06505678,1.8541099,0.0,0.3226347,0.004704976,0.44266883,0.3698559,0.07454933,0.5885592,0.0,0.0815285,0.0,0.40288267,0.053288523,0.22108895,0.50348514,4.8881207,0.17188479,0.33336693,0.5046139,0.45235994,0.20495714,0.06677842,0.12088728,0.69858277,0.39028525,0.061356865,all_pothole_images\pothole_images_2_image_16.jpg
0.12586857,1.0722505,0.9917906,1.5725648,0.022278987,0.0,0.3104256,0.067452885,0.5611898,0.5314863,0.639431,0.46671015,0.0065579037,1.4197103,0.052087996,0.42753103,0.85689145,0.10628771,0.6012014,0.11978057,0.7301975,0.6934091,0.5983902,0.64478225,0.8769575,0.31214967,0.3156997,1.5852088,0.12295869,1.2086877,0.0,0.109013766,0.0032426163,0.5589493,0.48266926,0.41374758,0.10348734,0.653944,0.65309495,0.08956928,0.26902476,0.09295734,0.09792694,0.0,0.25576717,0.064948924,0.36763665,0.40212035,1.0291883,0.21358573,0.27975506,0.66444933,1.6976074,0.083889626,0.4042206,1.1388041,0.8321511,0.5897853,0.11182299,0.5812473,0.0,0.22444034,0.2482707,0.07668768,0.114811234,0.24752998,0.3537431,0.08053113,0.02325698,0.15310039,0.63861597,0.0,0.75891507,0.020044379,0.3559175,0.12727031,0.4938397,0.19373775,0.012815325,0.0,0.08318641,0.72866243,1.0613308,2.3379762,0.36750644,0.124830544,0.3353361,0.012672482,1.1109052,0.3519753,0.10008948,0.5644904,1.2316682,0.5876727,1.1266224,0.3816389,0.22766872,1.5542579,0.13717248,0.636123,1.339144,0.7949959,0.62785345,1.0593989,0.90208715,0.06279843,0.047778957,0.3291433,0.029154597,0.73114884,1.2379472,1.9393328,0.75540984,0.27974674,0.19344355,1.0432928,0.06016345,0.16768423,1.3205675,0.42902267,1.6307503,0.009579553,0.0043455837,1.4029653,1.7157842,0.7997379,1.8992876,0.21966648,0.082457006,0.74168885,0.008119457,0.058216214,0.32225847,1.0130932,1.9936135,0.52394104,0.15526803,0.39197424,0.042191528,0.005603973,0.4754658,0.64053494,0.92378855,1.2712934,0.044199627,0.0,0.09663449,0.2925102,1.0526079,0.03343692,0.29627603,0.2286128,0.23636106,0.48028475,1.3931581,0.022547754,0.007904115,0.9261686,0.61947685,1.276374,2.2472441,1.113609,0.02673105,0.04062172,0.74193484,0.5596944,0.20500828,0.049092077,1.9462893,2.9333632,0.0054030456,0.018207002,0.592417,0.0027928231,0.039628465,0.057397746,0.79053384,0.0,0.1492888,0.32033855,0.3014922,1.6525142,0.806037,0.9074041,2.8752863,1.4728817,0.105030835,0.26530722,0.57255584,0.09369965,0.21518111,0.4464189,0.5760172,0.45069873,0.8858004,0.021269048,1.1311496,1.4372717,1.021158,1.165444,0.0482239,1.1423378,0.0072356462,0.09396728,0.7197721,0.99742496,0.1590284,0.28751183,1.2697245,0.9519049,0.0,0.0,1.2901239,0.30843103,1.7904599,0.8404356,0.22092395,0.025489142,0.12231923,0.48358268,0.24510157,0.10453991,1.4543585,0.780051,0.013683567,0.0,1.6418668,0.0052805967,3.5342276,0.047437157,0.53852236,0.009439973,0.23447765,0.7598094,0.3461006,0.47218996,0.029528247,0.00028125718,0.05337056,0.028387127,0.4939287,0.6254866,0.03638464,0.2985361,0.2413664,0.0354064,0.28512675,0.121254615,1.2662612,7.2530427,2.2948287,0.2771497,0.08880787,0.05049839,0.048303135,0.48256734,0.60926783,0.97372544,0.8337058,1.5193096,1.0468785,0.44656715,1.2166135,0.2821086,0.2881628,0.9872166,0.15876597,0.82841337,1.2576864,0.48345947,0.72857845,0.0,0.46897247,0.43660486,0.37664,0.42863107,0.032869387,0.82715815,0.015654296,0.87395555,0.26099253,0.8089769,0.57958627,0.012155559,0.6987715,1.0305645,0.39240676,0.23123513,0.39030913,0.19071695,0.0,0.2285051,0.02792681,3.2441814,0.6490562,1.9129248,0.3366819,0.24445307,0.0022554793,5.5353174,0.008588637,0.39158517,0.0,0.048792507,3.053136,0.29464963,0.8292725,0.06692384,0.95828277,0.0,0.15071915,0.1261678,4.357744,3.828953,0.09822257,0.763614,0.0803561,0.5555303,5.050934,1.2991096,0.8532015,0.0,0.60114473,0.8969626,0.12972687,0.52751577,0.38264033,0.05044221,0.77929157,0.1162447,3.1940775,0.17009124,0.59410805,0.53911895,0.20710477,0.005792175,2.8162074,1.3494172,0.4830272,0.7279166,1.8959035,0.19503716,3.3263931,1.7772677,1.1767384,0.47627616,0.11215297,0.8099061,0.6506091,0.049225323,0.011324088,0.29472622,0.31969357,1.4920939,0.4411456,0.9792966,0.0,0.26050422,0.40340868,1.240825,0.28762317,0.05792286,0.3574889,0.54286486,0.054341182,0.019752426,0.71354777,0.2314649,0.5403137,0.4373588,0.27864358,0.56355613,0.0047730966,0.46173203,0.23141837,0.16654195,0.08432262,0.50253433,1.3080671,1.2011465,0.17272587,0.015730763,0.3835626,0.56769586,3.1833134,0.23533288,0.55022377,1.8653601,0.07166868,2.3870208,0.8663755,0.39116782,0.1309193,1.1054742,0.0,0.93368495,0.17611647,0.91632336,0.08152857,0.07279376,0.34635052,0.66800416,0.71088356,0.37487653,0.3356185,0.0,0.016826496,0.42060867,1.2044575,0.17251049,0.0,0.05306834,0.277363,0.33277598,0.1422959,1.5755911,1.0302956,0.40812597,1.6972824,0.6026881,0.20456378,0.5311957,0.98455375,0.50285196,0.9447851,0.39356527,1.6809312,0.30644155,1.6249264,0.43854627,1.2835424,0.11695879,0.0052850624,0.5374901,0.3623018,1.9784113,1.1217831,2.203209,1.5085306,0.23322675,0.19076425,0.3681038,0.018505072,0.00025626586,0.32059526,0.04354964,0.38216022,0.14700007,0.030949028,2.2027864,2.1161745,0.5726379,2.3437657,0.0112198135,1.0997037,0.84750146,0.96509117,0.051642574,0.0692422,0.96709216,1.0115776,0.14324874,0.05052586,0.0,0.67395884,0.21864676,0.14200014,0.19739482,0.084555894,0.9896416,1.4283977,0.92631716,0.09011208,0.04637432,1.661442,0.14660199,0.6687145,0.2634025,0.9837789,0.20227396,1.8207171,0.10323995,0.5834488,1.6467434,0.31481075,0.18481226,0.14337471,0.0,1.1257964,0.0,0.33417445,3.9372091,0.26975968,0.0043390756,0.0020634236,0.14338851,0.1496204,0.21490315,0.12744826,0.13031591,0.18636917,2.949709,0.74308825,0.9892916,0.19313271,2.1449046,0.78804904,0.5826765,1.0744221,0.12493382,0.2841764,0.009739859,all_pothole_images\pothole_images_2_image_160.jpg
0.6828843,1.3866857,0.5373772,2.996425,0.4523292,1.2040954,0.8421266,0.38226482,0.4966269,0.7429205,1.1620562,0.72302806,0.46055496,3.3331342,0.06277655,1.8436769,0.3071071,0.1964294,1.2148913,0.78078955,0.2850234,0.82367736,3.5904665,2.448617,0.8326148,0.63917804,1.1060613,2.383265,0.40675774,0.01345033,0.76424026,0.14353244,0.36659777,1.0800223,1.1403234,0.1596303,0.45585126,0.30769557,1.1305636,1.4642458,0.0,0.26575765,0.71789175,1.082979,1.2414705,0.77480555,0.02522124,0.21960711,2.0211234,0.22675972,0.4146547,0.4341756,0.40525302,0.13952276,0.25354776,1.3838629,1.874617,0.6122163,0.383013,0.72661954,0.040538594,0.9403085,2.024686,1.9188961,2.235434,0.44130668,1.9322752,0.8808006,0.96241283,0.2054511,3.312959,1.6073656,1.6122334,0.06521849,0.6383312,1.2031639,0.5718715,0.27546105,0.06254491,0.736685,0.027639845,2.8338013,0.5949754,1.5953478,0.9558384,0.4390854,1.4358249,0.7338898,1.1265182,2.1196709,0.18376015,2.9206018,0.5272634,2.0320463,0.066834256,0.48786646,0.11419654,0.68754244,1.868574,0.9334292,0.3221885,1.6055839,0.66655743,0.82301694,1.1708003,0.6018665,2.35813,0.514092,0.41953418,0.5680767,0.45990083,0.6213573,0.9257335,1.7188891,0.38891512,0.39109123,0.08369889,0.72842944,1.674186,0.83365476,1.9839551,1.4337902,0.27196646,0.8810647,3.4741902,2.7915578,0.037302874,0.17010188,0.33774063,1.0988691,0.76637775,0.42083302,0.94508606,2.0583272,0.16341658,0.35875604,1.2841804,1.8889029,1.0704192,0.5540856,0.42531037,2.026883,0.06583997,1.1813774,0.37770844,1.0491651,1.7555819,0.2777479,1.4088262,0.1571875,0.009196804,1.349762,1.3915514,0.17629436,1.1465465,0.4878205,1.6999346,0.51226944,0.15035579,0.60135376,1.8391532,1.3983742,1.1693196,2.51558,5.359268,0.18321942,3.6635535,0.17688763,1.8677434,1.474548,1.1029334,0.19822323,1.3963621,0.760181,1.3880326,0.3905515,0.44409224,1.1825604,0.41064343,0.22522363,1.2544209,1.6808596,0.45671636,0.6459432,0.62579125,0.84792125,1.8207693,0.43548876,0.91790473,1.3833305,0.09565398,3.5434086,0.34604937,0.95910597,0.6817157,1.2482681,0.15428136,0.64069426,0.1338519,0.805837,1.6533366,1.2459489,0.49873695,0.2487214,0.6774896,0.18182926,0.29749262,0.0,2.2378345,0.985503,1.1626472,1.1693059,0.56596076,0.1455175,0.8535699,0.28813517,1.2537692,0.2388545,0.42258537,0.3332535,1.6115202,0.11047844,3.0339034,0.30776703,0.57108253,1.9887203,0.7733444,1.2968671,3.08557,1.0981551,0.8980694,0.38068765,0.6541155,1.0076923,0.0031212398,2.8280845,0.6328906,1.0818436,0.24464056,1.1669308,1.1194743,1.3563695,0.23660761,0.66136867,0.4309508,0.9471171,0.553481,0.22153027,0.65095836,3.8789678,0.6426798,0.06306993,0.35462308,0.66246414,0.23704974,0.15838586,0.8360808,1.0595185,0.2027051,1.8611462,1.2209061,0.3419,0.6706535,0.5737,0.62552005,0.7223926,0.20847784,1.9728659,1.6560099,0.027520252,0.29477605,0.044760372,1.1438004,0.37587053,0.562314,1.2976903,1.9053851,2.7221146,0.18834344,0.14492443,0.75838417,2.3213017,1.1356089,1.6764588,2.0482912,2.059737,2.048757,0.88667905,1.6221762,0.93948364,0.56246334,0.8789536,0.25107908,2.2485557,1.258678,0.49951607,1.4253982,1.7077556,0.7808851,1.4461298,0.4030322,0.9255767,0.023887232,0.16145995,4.956995,0.42856625,1.3290881,0.03314223,0.89775676,1.7694038,0.049592562,0.21798809,3.113546,0.49677703,0.4544847,0.33380118,0.2312973,1.0839326,0.7679513,0.18577929,1.2910279,0.44630423,0.9991679,0.8291499,1.220069,0.5502821,1.2162524,1.0623738,1.2187088,1.2936391,2.073439,0.45813274,0.2635299,0.10026528,0.2586935,0.3809475,0.48521236,0.53153634,2.241729,0.4311667,1.1327063,2.2509642,1.6920649,0.22533658,0.8640257,0.03308419,0.78383666,0.17260294,0.21405266,0.83339924,0.10840143,0.83842856,0.20942068,3.0140698,1.0999422,0.056223873,1.1426572,0.71807027,1.2250569,0.1507555,0.58416677,6.5537844,0.34137344,0.067637,0.2953247,0.23494124,1.5892477,1.0106877,0.53878415,2.8135753,0.59091043,1.8862511,0.28275704,1.383163,0.27316704,0.77510554,0.09514269,0.31450462,1.296726,1.7287018,1.0267051,0.37355158,0.8976942,0.66188455,0.9483832,0.9826275,2.7434044,1.7080951,2.015274,2.296726,1.0682925,0.3516421,1.0602549,0.4154685,0.005184143,1.0710763,0.9224333,0.23488201,0.26810125,0.10113315,0.5554941,2.943905,0.4594467,1.019359,0.11162814,0.397167,0.17782158,2.4000528,0.633207,1.203894,0.38266054,0.6251166,0.11266241,0.3184453,0.6703406,1.2870083,0.853151,1.1271948,1.1677924,1.6421351,0.87531465,0.28264293,1.9365702,2.0413272,2.534932,0.9925866,2.0598102,0.33080742,0.5723379,1.9326228,3.8564618,0.6012493,0.6202716,0.6266414,0.11858508,1.1320708,1.4850336,0.6537527,0.03743859,1.3230039,1.0102495,1.4260658,0.059994914,0.06481241,0.08812257,0.55038375,0.74747777,1.5526311,1.3400581,2.520242,0.95665723,0.36572942,0.8528676,0.7616499,1.2383103,0.67731905,2.2203715,0.37143567,0.813351,0.5758251,0.9455409,0.828639,0.26330033,1.232811,0.7962977,0.24825065,0.89136034,0.60470015,0.89703715,1.2980223,2.5556512,0.17116752,3.0099592,0.015849033,0.68388695,0.9497084,1.0912547,0.06138346,0.17832632,0.32567903,0.23718429,1.4010396,0.38580492,0.27118447,0.39608765,2.1611483,0.21239822,1.12433,0.8641391,0.3901066,2.3815725,1.45146,0.096399784,0.05455926,0.13806237,0.2004893,0.13412519,0.121887274,1.1342516,1.9720865,0.04934891,1.4043825,1.3359505,0.018377878,1.9614617,0.35341537,0.30491582,2.238693,0.27432677,0.5122758,1.9105517,0.4622801,all_pothole_images\pothole_images_2_image_161.jpg
0.5496864,4.06875,1.7926196,0.9860886,1.1876523,1.1283002,0.24339387,1.5192927,1.4063141,2.2340062,0.16482951,0.25663,0.96398145,1.1400421,1.7011769,1.1007153,0.40977788,0.24578151,1.0022972,1.5150361,0.6270935,2.2734642,0.21196234,1.7713401,0.718506,0.95077974,0.6557445,0.63296103,0.8503238,1.112005,0.4928825,0.31328544,1.0920938,0.25511757,0.5371441,0.23870915,0.06857215,0.35290858,0.104497924,0.714317,1.1540014,0.279657,0.7522508,0.5436554,0.8243498,0.24394044,0.9937203,0.20197976,0.9572159,0.108986996,0.40003437,0.28735515,2.4428453,1.2590333,0.098966405,1.3441503,1.6851486,0.46452886,1.4333304,0.6165453,0.9863922,1.8698543,0.95498466,0.122445494,0.0,0.5864876,1.3519715,1.2245816,0.6422882,1.5233848,0.07803409,0.8829173,1.0208337,0.60820246,0.4548333,1.4639766,1.0943016,0.9618186,1.0157284,0.34189534,1.0856588,0.5497926,0.8405515,1.3418131,0.60884815,0.050209925,0.7333675,0.1572796,4.5915246,0.38165605,0.7335557,0.37428072,0.7010194,0.5821674,0.8964806,0.7545605,1.763653,4.306306,0.4358912,2.3327823,0.46778566,2.5194933,0.5955322,0.15585111,0.2567284,0.60609615,0.4829958,0.3155028,0.028930714,1.0645636,1.8181119,3.7572072,0.20174058,0.007889388,0.16383216,1.533356,1.2686177,0.36683813,1.6229721,1.2668403,1.2642938,0.99173564,1.3761435,3.0153477,0.8306258,0.91739714,0.20902173,0.41089723,0.012818922,1.0556142,0.22423986,0.12186439,0.7367379,1.4200277,0.28406987,0.48529497,0.057712574,0.92620575,3.1015813,1.76683,0.4510684,0.8360334,0.31696498,0.8261938,1.3535011,0.13447705,1.5688019,0.54846567,0.18344602,2.864437,0.67716295,0.35905904,0.8549958,0.49795273,1.2895405,0.51343966,0.4830471,1.0100185,0.45255092,1.525002,0.11870875,0.46319672,0.32877377,0.4545323,0.7431798,0.48071647,0.5286909,0.6783433,0.6055372,0.4420598,0.30369648,0.25684965,1.0988057,0.8963956,0.6117292,0.27051073,1.5233049,0.08373516,0.91682523,0.6958338,1.3318753,0.7551455,1.2783002,2.0029461,3.621557,1.3775086,2.297534,1.3226433,1.9711304,1.7018313,0.36808762,0.4686871,0.0,1.888376,1.7444342,0.93620366,0.47512373,0.6107472,0.8798158,1.245218,0.22322032,2.0038319,0.5659296,0.020000571,0.28258455,0.42762315,0.11707078,0.7133222,0.22801457,0.56235194,0.45265722,1.2889588,2.9173625,3.6073437,0.841902,1.2983136,0.6607426,0.09036904,2.0280845,0.005614635,0.81767285,0.16480537,0.43757007,0.54484963,0.7777101,0.34065136,1.1494049,1.2002349,0.50317824,1.3565089,1.1505342,0.71992135,0.79801506,0.57693875,1.1003329,0.1375053,0.8540638,0.06189164,0.6583296,0.0,0.17260668,0.17912565,0.15626775,0.337854,0.13535576,0.020246508,1.0005842,0.02820578,1.3639919,1.4305743,0.5452319,0.0835291,1.144394,0.67525125,0.34757373,0.8830699,2.018773,0.17411391,1.7053044,1.6564457,0.63462687,1.786603,1.3457718,0.78015375,0.31090817,0.6025427,0.37302148,0.79737806,0.8230208,0.5379135,0.3240289,0.13820209,0.2021671,0.94512516,0.7817098,0.5533343,1.8393862,1.4619666,0.43683487,0.58749795,0.08416497,0.6184561,0.77157116,0.48401198,0.886156,0.7324703,1.3460093,2.3109043,1.2229378,0.070725694,2.0163379,1.7444146,1.4662356,0.28795138,0.028315166,0.57326245,1.3986598,0.042539056,1.2994051,0.40442872,0.20967638,0.60533494,0.7115146,0.99757004,4.024667,1.4512544,0.21778339,1.3792486,2.3026662,0.16285454,0.25202182,1.3508861,4.449857,0.11742369,0.032569632,0.8697178,1.2012825,1.4497524,0.54655224,0.39228532,0.4660419,1.1622813,0.13592078,0.62589335,1.8437685,1.185239,0.6388996,1.8412733,1.2838664,1.097044,2.8830602,0.40372723,1.0020458,1.076108,0.69610316,1.6520952,1.8628535,1.83557,0.6622514,1.7089849,1.3939794,1.0932077,1.0274298,0.0028382463,0.8865435,0.10913221,0.15260091,0.0021145558,1.2402502,0.5980114,1.3105454,0.4690593,2.960302,0.48824635,0.386606,1.6362382,0.4769677,0.30073282,1.3224713,0.8607651,0.55661225,0.00030213714,0.8427767,0.08492312,0.20833747,1.2681193,0.1957861,0.9032463,0.42690447,0.23290788,0.80631983,0.58179796,1.2896271,0.7681542,1.1305397,1.2392845,0.42487848,0.13741526,1.4811442,1.2407428,0.6956431,2.147218,1.3104901,0.42041755,4.274628,0.305451,2.2331786,0.31912503,1.3228406,3.021101,2.2589211,1.0826453,0.031336606,0.62707895,0.1664317,0.0025050982,0.71926665,0.6837713,0.8827734,0.121395186,0.9777922,0.5741819,0.53425825,1.2452123,0.099109374,1.1039022,1.1359152,0.4251694,0.7670123,0.110262476,0.9935444,0.9384616,0.3028469,0.12869392,0.94160944,0.3539337,2.6857464,0.26885265,0.43771294,0.83158314,0.8061732,0.17871557,3.1592956,1.131895,1.5207317,2.1464431,3.3494232,1.3616171,2.2280111,0.1624095,0.338307,0.7161896,0.7460875,0.24544208,0.89398605,3.9569085,1.4032265,0.15338802,1.232357,0.87951267,0.906276,0.910066,0.23719308,0.24862903,1.3076793,1.9109894,2.7423139,1.8762428,1.0041788,1.2594767,0.02188063,1.6293606,2.2098408,0.34283784,0.89469534,1.3377957,0.8997557,1.0360745,0.13074172,1.7125406,1.5439478,0.33936843,1.0059083,1.8058356,1.235403,2.0911999,0.5495398,0.6594747,2.0298724,2.3356552,1.0426149,0.526349,1.2619442,0.22490555,0.3278136,0.38280463,0.39946738,0.551061,0.8704759,0.77803457,2.1848779,2.4521334,0.7423852,0.9507806,0.1357882,0.5420575,2.032646,0.28625172,1.0450647,0.01398947,0.66845226,3.4212503,0.3508554,0.36631027,0.24535617,0.57952267,1.1544511,0.26804924,0.60538304,0.027959373,0.9433524,1.7183329,2.2732055,1.6632522,1.8026842,0.51757735,0.8314517,1.4795369,0.9470274,1.723519,1.4443371,0.5348588,all_pothole_images\pothole_images_2_image_162.jpg
1.0735128,1.2705039,0.41314867,1.9989896,1.5732191,0.67433673,1.1211027,0.06943737,1.2151073,0.45874852,0.070911296,0.8424716,0.28912356,1.0633442,0.10520729,0.42268553,1.1126407,0.2638797,2.075902,0.5756955,0.7311542,2.4124327,0.11932508,1.933774,0.65858597,0.16778752,0.15830536,1.3645759,0.9999077,0.41162828,1.3525015,0.18580604,2.284507,0.47993663,0.48212776,2.3072152,0.66113967,2.3100915,1.8575467,0.49648774,0.23417513,0.0,0.11009945,1.8320351,1.8416125,1.1131794,0.20717554,0.08563968,1.6235031,2.4001799,1.3289831,0.06607318,0.030728128,0.5550266,0.56528306,1.3652705,2.161793,0.20203057,1.8029848,0.35507393,0.110587895,0.0,0.2208942,0.008849789,0.56638265,1.2944205,0.40743706,0.35350507,1.1284053,0.20630862,0.0009372023,0.90630984,0.28175,0.12785074,1.124458,0.67080736,0.45684487,0.3519411,0.44363862,0.5528592,0.019604621,0.18305089,0.23515385,1.0622723,1.5620878,0.39532614,0.62570024,1.5242231,3.0587142,0.75232697,0.22309673,0.34719104,0.156887,0.3082854,1.6331044,0.27736732,1.9877865,0.86900437,1.6591077,0.024899613,0.054299355,1.9543217,1.956764,0.4882228,0.64667577,0.46364522,0.22119187,0.3075363,0.2210675,0.2899274,0.0673837,2.4691887,0.84816027,0.84485126,0.4169368,0.7999369,2.863722,0.770278,3.492728,2.3195097,2.3410206,0.69912034,0.0019535301,1.3766598,0.14688486,0.83094954,0.54611415,1.6770779,1.632399,0.03702446,0.59036475,0.005178335,0.16285007,0.34437034,0.0534655,1.9224629,0.0048498427,1.9047804,0.23562816,0.85776687,0.101832755,1.6806706,0.6526602,0.861952,0.010964062,0.17882062,0.037894186,1.1068501,0.6176813,0.50759315,1.0217178,0.0991975,0.20054588,0.03963867,2.032202,0.30572942,1.0011332,0.14949581,2.2748585,0.18770796,2.661472,1.6350491,0.08535963,1.5775207,0.12333654,0.54408437,0.9625092,0.08544755,1.9821575,0.24654314,0.42620042,0.016384276,0.024709892,0.8581487,1.5860975,0.31103596,0.07967139,0.030890046,0.6207003,0.4927924,0.0008320954,1.2858274,0.5232468,2.7002454,1.1275055,1.0671974,0.41209272,1.0962511,1.001522,1.7936565,0.33972752,0.8081523,0.18830834,2.0570047,0.45638725,0.7235164,0.5131659,1.2748212,0.75761944,0.25051025,0.25280693,1.3604366,0.23742142,0.93320394,0.3232198,0.8110991,0.63173956,0.23690087,2.1965747,0.0314116,0.0,0.00342179,0.42837325,1.104981,1.9072026,1.0180613,0.21721585,0.15114777,1.0254303,0.44398692,0.24347818,0.6778742,0.7732623,1.5874901,0.003403355,0.061703224,0.56515104,0.18048519,1.138756,0.0,0.18791342,0.027442094,2.2707987,0.5020894,0.40392777,0.9869341,2.8282764,0.3519381,0.0,0.12260186,0.91628265,0.37611237,0.026732126,0.15483442,0.14912783,0.19055818,0.6166496,0.0,1.9847403,3.406191,1.9843339,0.84694827,0.9605233,1.4663672,0.0060258894,0.5489582,0.98220026,0.337269,0.18404669,1.5248952,0.0061659277,0.036852047,1.5528711,1.5963155,1.2053071,0.46881133,0.04202215,0.5229044,0.36023727,0.4570368,0.08074985,0.13569528,0.0,1.1043237,0.48952386,1.4544913,0.6665581,0.051141016,0.1573552,0.46921653,0.11262091,0.06317254,0.19117795,0.397467,1.1066006,0.8501646,0.9933902,0.15714718,0.5744653,0.14058337,0.49338958,0.22998683,0.29818445,1.6146779,0.08309534,0.13122298,0.3262109,2.3554916,0.59964603,2.1114607,0.16220732,0.66777986,0.051448364,0.5162567,4.060509,0.71468616,0.17850994,0.28548282,0.62673897,0.3178948,1.6868477,0.43501106,2.8563268,2.206874,0.12951076,1.3447272,0.047977086,0.46858802,2.808838,0.01775831,1.972743,0.12682074,0.3854212,0.2074502,0.5132449,2.1252427,0.90347165,0.23091348,0.6295478,0.26001948,1.6273607,0.1909884,0.35265362,0.043684848,0.12021893,0.45264375,0.72202456,0.12595779,0.1779878,0.8106824,0.79014593,0.44372106,2.3222148,0.3649899,3.1188226,1.12501,0.2776814,0.14681262,0.1336091,1.6389827,0.2972922,0.38317645,0.09312073,1.010399,0.20782918,1.073551,0.04350562,0.39382172,1.2191517,1.3783464,0.06399769,0.4856694,0.37817988,0.9483532,0.47619694,1.2679176,1.155353,0.74969876,1.6913729,0.62582487,1.6391563,0.48176938,0.63070595,0.16378692,0.9594216,0.48557693,0.48773855,0.28282383,0.1190965,0.3862658,0.31338677,0.67305094,1.1654993,0.9659175,2.8678713,0.6073602,1.0970794,0.269691,0.72811997,0.9591118,0.71072376,2.0035536,0.8124586,0.43013325,0.005759836,0.18537936,3.3383193,0.13702007,0.14467739,0.41021377,2.017431,1.3898689,0.50587636,0.31842047,0.33340356,0.0,0.403507,0.5546202,0.08878998,0.22710933,0.8364512,0.45469773,0.046526838,2.1780424,0.0,0.21305898,1.6312551,0.022857165,1.6608574,0.09172109,2.4446805,0.85650104,1.2121826,3.7484229,2.932012,0.1326877,1.2859509,1.6140426,0.07092751,2.571211,0.79155535,0.13786641,1.2758093,1.3881813,0.34122226,4.0861826,1.3517823,0.022033794,0.76860017,0.6949002,0.00781378,0.01959995,0.17077017,2.322415,1.3398979,0.24264447,2.4121177,0.48689246,0.05917041,1.2125597,2.1129305,0.6444314,1.7957687,2.3880036,1.4011518,2.4388568,0.40429896,0.88167506,0.50564283,3.2627766,2.1594133,0.62067527,1.1030309,0.25036672,1.4236889,1.5864081,0.5634254,0.19317481,0.28868857,0.40405166,1.2820035,1.0970615,0.06273504,0.71250725,2.184712,0.3820613,0.0,2.0070555,0.13252982,0.66397566,1.634691,3.167727,1.3021961,0.4785107,0.047719594,0.15079993,1.0198623,0.61978686,0.21731736,0.19015881,1.5451932,1.6450177,1.1736635,0.0,0.10543459,0.2599494,0.6977044,0.40531114,0.43454304,0.21300966,0.36356407,5.0521135,0.4898503,0.33161992,1.0110658,2.0701358,0.0113564925,0.6103842,2.0512652,0.25309753,0.45146528,1.1946347,all_pothole_images\pothole_images_2_image_163.jpg
0.59546226,0.24433902,0.12651736,1.1913812,0.82805085,0.15049124,0.89653856,0.32464045,0.7231886,0.66984636,0.2552262,0.8577175,0.0003608885,0.74345636,0.03825886,0.13841452,0.19786425,0.108560115,0.7341607,0.96018046,1.10303,1.3597428,1.2888399,0.6564387,2.1675591,1.7109416,0.6384832,4.2526164,0.24935748,0.02882716,1.2603613,0.1222651,0.59551036,1.1231371,0.026751399,0.2335015,0.036125418,0.35129878,0.9897263,0.03806567,0.0,0.43794802,0.10081172,1.376027,0.61231667,1.7048489,0.0,0.46891356,1.025355,1.1985687,0.9437679,0.123923026,0.110601485,0.021619808,0.0,0.59444153,0.24389835,0.11127071,0.10301226,0.100842535,0.029809372,0.105843715,0.35756135,0.5377669,1.8743843,0.27668843,0.71891505,0.04341466,0.2649355,0.00067669945,0.7692969,0.2179116,0.4480418,0.38649514,0.52646524,0.08570226,0.046311703,0.50226563,0.028496841,0.5408809,0.0,0.06272847,0.8309978,1.005155,0.038676277,0.37320086,0.057915624,0.15264195,0.98309994,1.2053179,0.02533795,0.46209413,0.17639023,1.0264802,0.7012691,0.0,0.72377884,0.20701495,0.06079043,0.93952924,0.3220945,1.8629538,0.20098378,0.019244026,1.2315118,0.10604147,0.17195621,1.0719378,0.0052745035,0.0785303,0.046437994,0.39911303,0.52981436,0.94051546,0.7436847,0.35026821,0.056494404,0.20600085,0.9544984,0.21483475,4.5475974,1.208382,0.03058233,0.79715276,0.399365,0.3253976,2.9671757,0.0,0.70737255,0.04561237,0.03537487,0.11700827,0.0,0.1490694,0.18771909,1.0377975,0.25430825,0.004681198,0.4704867,0.015486218,0.6972047,2.385491,0.95471907,0.26398167,0.8110878,1.3384104,0.0038202864,1.2854174,1.1097034,0.0,0.35601044,0.7566615,0.0030540088,0.092920415,0.9355068,0.7906511,1.6304047,0.18586633,0.9624134,0.32992578,1.2174591,1.2606441,0.21720247,0.07914142,0.40373433,1.4432405,1.5005066,0.0,1.1817318,1.5012255,0.13996992,0.004662402,0.091836594,0.2418736,1.1341407,0.71009886,0.99074256,0.43558374,0.4766379,0.4146084,0.18832013,0.013193125,1.4866389,0.59839654,1.4283668,1.1522467,0.2050014,0.14516531,0.32517615,1.2483147,0.08142133,0.62676454,0.08240917,0.94023615,0.49735937,0.330038,0.5786419,0.17306271,2.2746434,0.3295713,1.1782238,0.5127852,1.661402,0.5992021,0.10538185,0.27097479,0.17750667,0.061734937,3.3716187,0.938365,0.24169171,0.02416882,0.51741725,0.25417548,0.49113807,2.107443,0.29717258,0.041409332,0.45693275,0.9823897,1.3474036,0.9394188,1.8784597,0.6312522,0.044090748,0.058979765,1.7337347,0.38185647,1.4816881,1.4128537,0.82728666,0.016652174,0.3376295,0.034512844,0.46942544,0.17679273,1.7434661,2.5598094,0.30683142,0.5109389,0.22347687,0.21353935,0.110855274,0.79011667,0.80641544,0.020913664,0.47772402,0.24609375,0.07976325,5.30703,1.4842257,0.07727786,0.2687421,0.53962743,0.082759954,1.7862816,0.041999258,0.77072346,0.33726045,2.6315434,0.5971326,0.35937726,0.7500941,0.018519295,0.10222152,0.0059279366,0.32028174,0.26409885,0.6958407,0.15424506,0.39209685,0.035775505,0.105846964,0.79599077,0.15273948,0.49726695,0.04086546,0.35954082,0.31033233,0.36540478,0.89698386,0.9100834,1.1859217,0.5538247,0.4317167,0.8594456,0.9023498,0.5416537,1.14746,0.10916982,0.0002711445,0.7896816,0.15094423,0.88239366,0.017828897,0.91504997,0.35318953,0.6672595,0.5418224,3.311374,0.42366573,0.40991375,0.30922437,0.011227732,2.0022333,0.6300907,0.99742186,0.012255607,0.0008382857,0.54167646,0.39842644,0.05662459,1.4918399,1.5464188,0.6217102,0.05165842,0.9798112,0.40272164,2.8384736,0.17597385,1.3508204,6.985814e-05,0.7191875,1.3555071,0.63781106,0.09369073,0.14256673,0.79130465,1.9088335,0.16468412,0.6253213,0.041626077,0.0014141451,0.2737031,0.16450995,0.0,1.1897633,0.03076865,0.06002446,1.6521446,0.2633882,0.070832916,2.6247435,1.9970678,1.5492636,0.41112596,0.096942395,0.96874875,0.87197524,0.20061785,0.022739537,0.46498513,0.027900817,0.9604478,0.21967398,0.20415306,0.2811022,0.565358,0.45298323,0.60186714,0.77293384,0.55137265,0.010029741,0.58896005,0.29837975,0.54675406,1.593896,1.1020266,0.82723236,0.37207022,0.029087596,0.32691145,0.9229225,0.0324788,1.0532272,0.8061984,0.10409135,0.58788925,0.081302404,0.41688845,1.1450516,0.06836657,0.91171855,0.31234792,2.627894,0.12825052,1.8746834,0.06788644,0.6317108,2.24921,0.89217234,2.325052,0.4855938,1.3708758,0.06076335,0.14061885,1.7359929,0.2583543,0.38636515,0.4647255,0.30443463,1.6536566,0.8160168,0.18352248,0.5301429,0.6766417,0.09849519,1.4304379,0.23388506,0.014729728,0.016753975,0.2983202,0.074393846,1.8947277,0.9587771,0.6466673,1.5707556,0.7321,1.9012537,0.8129478,1.2596221,1.271784,0.26931715,1.4770408,3.2073207,0.09390621,1.2329441,0.25910723,0.0,1.0133845,0.9250201,0.31153136,0.16806586,1.4773668,2.05408,0.31071153,0.35113683,0.37480164,0.0,0.28728744,1.1106007,0.31131452,0.10274675,0.26056266,0.956084,0.027346034,0.40036026,1.3280141,0.020778919,0.2124573,1.0017558,1.3610888,0.53424656,0.026020711,0.2853199,0.21598291,0.44618872,4.8217138e-05,0.008239882,1.1124271,1.6431389,0.31696513,0.88052493,0.06331399,0.32904363,0.21477656,0.8173582,0.12236671,0.27727067,0.036892194,0.039784454,0.23352866,0.0009232238,1.0803957,2.00641,0.24840267,0.15440291,0.67107785,0.48581815,0.0054592555,1.391802,0.40178546,0.5068988,0.83954275,0.703397,0.044875387,0.85982233,0.032863725,0.10273556,0.020729268,0.9239627,1.5271282,0.11930839,0.07249203,0.3252298,0.013484561,0.8676586,0.69036037,0.5914244,0.6005858,0.0018231635,2.3750873,1.6603949,0.0,0.0014087955,0.7455938,0.53687,0.0014118609,0.02363571,1.109774,0.11825257,0.061010726,all_pothole_images\pothole_images_2_image_164.jpg
3.3792791,0.427247,0.18905577,2.173975,0.7213191,1.707837,0.81964797,0.014825148,0.030846233,0.4107567,0.3302701,0.604453,0.16469862,1.5514956,0.083380006,0.17225622,0.7053693,0.0030105612,0.7942417,0.16256355,1.5055364,4.1704607,0.27296394,1.9648353,0.69480723,0.66603506,0.015366627,1.5071087,0.45012793,0.6575358,0.49615064,0.19890188,1.5383898,0.6168669,0.0960576,2.6895254,0.8983892,1.3628733,1.1169087,0.9807743,0.35013542,0.015041672,0.065705895,0.13135199,1.983035,1.4271563,0.058026,0.2802405,0.40114868,2.3726902,1.2015584,0.048840802,0.60709393,0.29559648,0.0,2.6750114,1.1570195,0.4576458,0.3869313,0.29442105,0.0,0.45740512,0.17947851,0.6689229,0.59014064,1.0658357,0.621313,1.94571,0.66120636,0.22405055,0.28958178,0.07840602,1.7116218,0.9213253,0.513538,1.7492696,0.22758643,0.56082386,0.2520668,0.12222276,0.61639434,0.4792218,0.73406273,1.8839104,1.3177704,0.19832174,0.13982779,0.6460034,2.7874293,1.3603493,0.29093987,0.12925573,0.14146319,0.064444326,0.22807553,0.17997228,0.93638396,0.47987092,1.4953173,0.028308848,0.50577617,1.2337422,1.3724873,0.13844115,0.07895774,0.020378457,0.16976815,1.2732383,0.16390756,0.13371976,0.0008652593,3.0227523,3.2739525,0.4744555,1.0833955,1.059979,1.1839129,0.15842292,3.1724896,2.473616,1.6080197,0.37103513,0.003277673,0.40895927,0.127899,0.8768499,1.0552334,1.8545494,0.0602065,0.16523479,0.5118709,0.0021438017,0.0361256,0.16858444,0.23533078,2.2989948,0.09670575,2.0862064,0.34613764,0.86341614,0.18469965,0.35253245,0.02187275,0.9961096,0.18810984,0.26727435,0.54907036,0.6832306,0.8147391,0.0,0.31254813,0.49180666,0.12558475,0.013498272,2.0243316,0.4568858,1.2996391,0.548365,2.491815,0.13615681,0.49956286,0.80252624,0.14521573,0.5688467,0.025057606,0.62304896,0.6253657,0.02951502,1.554248,0.45871493,0.26273298,0.003352698,0.07631645,0.48042786,0.36735144,0.0026979786,0.84015477,0.011184191,0.7482186,0.00065754476,0.12574908,1.0300832,0.4194277,1.7290169,1.7634763,1.5142759,0.9818108,0.31464174,1.6924684,2.3621502,0.19829531,0.22547092,0.0,0.77885926,0.8910681,0.45024413,0.11006241,0.82849157,0.92195976,0.56813717,0.17360772,1.2901446,0.2725254,1.6458819,0.65191686,0.1704532,0.5165542,0.048645023,2.3691297,0.1726442,0.15766016,0.08584793,1.4278846,4.192805,2.0556395,1.1679037,0.21328108,0.042165536,0.6697534,0.28867903,0.74484175,0.62085915,1.016896,1.4871992,0.0072771395,0.1303339,1.003883,0.08180634,2.4462063,0.17911944,0.33215535,0.29407603,1.3723963,0.9715417,0.6896808,0.28411707,2.2162611,0.061895117,0.0027682765,0.008740319,0.3745686,0.41743863,0.058515552,0.029884316,0.03831533,0.089672156,1.4437644,0.55774003,0.82024395,5.096898,3.508881,1.3544608,0.45476067,3.129831,0.031172816,0.5340149,2.9155753,0.28587106,0.26111045,4.948723,0.03209479,0.13667895,0.75582045,0.7094392,1.7563875,0.36481652,0.32464314,0.58506787,0.44087148,0.20039651,1.6890721,0.6498907,0.045676097,1.5886374,1.6970204,0.4224527,0.8450873,0.09729479,0.029939504,0.35753256,0.5907654,0.24965912,0.82488215,0.1880598,0.07827396,0.8402349,1.1506263,0.27923208,0.6099063,0.0731716,0.18705927,0.97775716,0.17774518,1.0808625,0.13695721,0.28994915,0.036280666,1.0602719,0.23381606,1.730001,0.09394891,1.1387947,0.17694493,0.64158297,4.9217477,0.98964983,0.08456886,0.8717575,0.3356009,0.032030616,1.7857027,0.18949941,3.0114944,2.07649,0.33457258,2.2047458,0.031928238,2.2066076,0.76923525,0.031199206,0.098384835,0.04174267,0.38770333,0.32231614,0.16640252,0.2830511,0.87456036,0.04944744,2.441788,0.13290963,3.6032588,0.5636285,0.31187558,0.51995796,0.0,0.27422848,2.2016935,0.109313175,0.07778516,0.27216157,0.61747843,1.1578372,2.7723594,0.050155304,1.3882011,1.3042762,0.35641798,0.014818439,0.7896126,0.6573919,0.3052352,0.35022178,0.2198463,1.6376369,0.97845083,0.79385155,0.054087773,0.32525557,2.2259455,2.4724674,0.33793056,0.7178673,0.43085498,0.46686935,0.0,1.035136,0.9717256,0.033098258,0.022042682,1.0534086,0.9358646,0.0916677,2.5210958,0.111627705,0.6104216,0.553103,1.0346949,0.06741795,1.8062227,1.1119937,0.8796986,0.066783965,0.5666543,1.1293815,3.2552452,0.46214497,1.6830384,0.027354972,1.1518916,1.8095322,0.42855477,2.7069116,0.31074223,0.9687647,0.0,0.041733194,0.654631,0.12522024,0.27971503,0.39046586,1.3702354,1.2263671,1.7724818,0.025559068,0.7348185,0.35804525,0.95310444,0.4564462,0.024844559,0.4002894,1.243739,0.9165544,0.016697694,2.9293225,0.20129287,0.5405324,1.243263,0.2506771,2.275737,0.8978294,3.9947536,1.1006583,0.7546179,0.29014024,3.6992493,0.68405986,1.2123811,0.21079242,0.36343104,1.7295972,0.36507723,0.9258717,0.94520146,0.8931181,0.2700482,3.826818,1.4488963,0.5607252,0.45846143,2.433208,0.4467551,0.31522372,0.17222609,1.0945904,0.98238736,0.18366037,1.5501915,0.36313316,0.12977563,1.2867814,1.6200119,1.1986505,2.926454,0.8380734,1.1403912,1.3650782,0.82884824,0.39228597,0.42081997,1.7963442,2.7683892,1.8145757,2.9183064,0.92072964,2.17293,0.053083364,0.7361131,0.57542014,0.42127648,1.0243273,1.2265764,0.0494376,0.47759584,0.4540537,2.9038208,0.17289346,0.0057893237,1.429646,0.5868566,1.1539626,0.48451862,1.7441453,1.6047469,0.3625847,0.076458275,1.0985128,0.13352089,0.20279834,1.0765523,0.08051689,0.15989916,1.3049896,1.3939031,0.014747744,0.33362383,0.05795947,0.93901217,0.99382627,0.18979378,0.1387107,0.6338062,7.840088,0.87346435,0.0,2.133518,0.8844628,0.059096638,0.63123906,0.28400436,0.5261777,0.4858808,1.3212678,all_pothole_images\pothole_images_2_image_165.jpg
0.18269001,1.98152,0.85374403,1.2988261,0.96231997,0.12697838,0.64899254,0.16921827,0.024825377,1.2400489,0.8355299,0.2655731,0.40913135,1.9026003,0.22574271,0.76100373,0.4000915,1.1721551,0.9718131,0.41922385,0.40925333,1.0442429,0.73673916,2.9255352,0.5642686,0.978729,1.5964259,1.3585622,0.7670093,0.337302,0.7859265,0.8166655,1.1777374,0.19463037,1.2834897,0.71178293,0.5802205,1.0574282,0.31602,0.36093065,0.34313238,0.17969286,0.56427974,0.55935365,0.59259903,1.6051728,0.061463643,0.08495792,0.90435195,1.37571,0.8590345,0.18204607,1.6783898,0.55977166,0.16984068,0.28498113,2.0529702,0.15574522,0.3869568,0.19050258,0.20476523,0.9078271,1.0469736,0.22866473,1.0421543,0.5532443,0.3451228,0.18823402,0.15926342,0.5792847,0.40580705,0.14555727,0.2531188,0.105070725,0.81276554,0.25756207,0.18515626,1.1695777,0.16537985,0.4734173,0.028291095,0.17619325,0.42293003,0.6504978,0.96099246,0.38919148,0.35337904,0.04040772,3.1060872,0.17350991,0.11279393,1.8684546,0.5500062,0.29799715,0.23314281,0.14703794,0.7016037,1.0092447,0.48714516,1.3076448,0.20079574,2.0891054,0.05381481,0.27646607,0.41779444,0.8326003,0.012478746,0.5234062,0.029725075,0.5464513,0.30131096,0.96264446,0.087461025,0.8562421,0.70674384,0.8459702,1.309074,0.08575956,2.3286664,0.7170761,1.0999757,0.973002,0.58625823,1.0053306,0.24453494,0.31539714,0.85990804,1.5178446,0.13148212,2.1736286,0.7005788,0.1090195,0.5879029,0.84357125,0.0039705723,1.310557,0.46923423,0.43729064,1.0451878,0.17878813,1.0400538,0.72024846,1.264335,1.0029637,0.9775409,0.25209653,0.26757187,0.78714275,0.57061416,1.5368694,0.7467768,0.5618849,0.0015667023,0.682439,1.809446,0.2662455,0.8662664,0.39727706,0.99091417,0.62559927,2.285851,1.4741397,0.083194226,0.61367697,0.7693872,0.17592947,2.00561,0.48647556,1.4508187,0.78550315,0.4717217,0.12542549,0.5147855,0.049983326,0.3108826,0.25885034,1.7304039,0.15852745,0.58245367,0.4562981,0.6416314,0.71161723,1.8197435,0.57417244,1.537226,0.653044,1.1305803,0.09159659,0.33245113,1.4413515,0.22209755,1.3715892,0.4775634,1.4457891,0.12623611,0.19729331,0.18655252,0.84321874,1.1279848,0.97639877,0.36949146,0.42970827,0.6523218,0.5426793,0.105519935,1.1464772,0.10613686,0.51756525,1.223244,1.3063669,0.4483873,0.8483101,1.8287765,1.5995998,0.71178925,1.6507492,1.7166059,0.061047796,0.8709952,0.4951724,1.3146116,0.24354903,0.5607502,0.5647733,0.12699327,0.28914997,0.83023643,0.69804776,0.6964483,0.8257071,1.5447247,0.6405394,0.5520014,0.6064136,0.15356092,0.1703397,0.7156579,0.6417704,0.10079375,0.28210464,0.4939255,0.04284382,0.33445042,0.34735507,0.051433902,0.13040242,1.1070209,0.5049566,0.78245246,1.9922544,1.8036644,0.0071642874,0.22710453,0.5340875,0.08576142,0.7746188,1.1620216,0.62744474,1.4748095,2.0675368,0.9118719,0.011044558,0.19778271,1.107339,0.53829426,1.1834573,0.08310258,1.0384829,0.5833914,1.6015183,0.4714028,0.07223777,0.041964687,0.7525796,0.0032186203,1.099249,0.6148747,0.55886644,1.824347,0.6466492,0.2166906,0.13588665,0.30267692,1.6380641,1.9181833,0.34641856,0.41882148,0.90673524,1.3367172,0.60899866,0.39339694,0.7091782,0.12387661,0.45589945,0.6881855,0.93671596,1.7140187,0.38864797,0.14164384,0.91079617,0.0047725984,0.059529256,0.17751586,0.7398501,2.076393,0.80605185,0.0017098851,1.0130048,0.5678119,0.25677204,0.78505605,1.6981506,3.7959569,0.5961424,0.35789835,0.09150493,0.18758824,0.079170585,1.2616329,0.4008559,0.26193786,0.78196716,0.111536324,0.67451614,1.1951813,1.6070737,0.49999726,0.24814707,1.0288444,1.6807009,1.9022951,0.25923938,0.4283951,0.2940052,0.19268014,0.12586765,1.33805,0.2897077,0.17968777,0.04281413,1.3511121,0.54217845,2.436987,0.13510787,0.7535146,0.28279305,0.4862418,0.081913635,1.5353266,0.6924689,0.06741701,0.54786384,0.32213366,0.3142554,0.30237412,0.19380762,0.75210345,0.6825785,0.30219114,0.26570806,1.0981171,1.1355778,0.47769412,1.2378011,0.28316244,0.47467983,1.1444881,0.82329047,0.4818533,1.1367998,1.2187314,1.1296537,0.7215548,0.4172172,0.7752693,1.2271554,0.22902896,0.3980599,0.095118985,1.4603639,0.10489555,0.19470161,1.0211263,1.354702,2.9699726,1.2530129,1.8225645,1.0240577,0.61604536,1.7531236,1.7409312,1.3268495,0.4054385,0.93039525,0.2899911,0.22119907,0.8104504,1.0144908,1.4290255,0.090205655,0.36394984,1.3458899,0.21092266,0.5876486,1.17318,0.122509256,0.43194762,0.59217036,0.7623216,0.16600208,0.090775624,0.39537063,0.8658119,0.55511636,0.2626581,0.20608,1.343074,2.122317,0.36774588,0.71572304,1.0345843,0.7759931,0.65483385,1.7111944,1.5541745,0.55332106,1.0380108,2.1834202,0.6492912,0.9903136,0.30448738,0.4795733,0.17574129,0.9464567,0.4919632,1.9454056,1.1728271,1.4812868,0.16983332,0.22501792,1.4169972,0.86700237,0.036981456,0.56169635,0.67020696,0.5383339,2.010235,0.6809082,1.8423061,0.1271087,1.2281303,1.4101318,1.0640459,0.42941797,0.8558997,0.89724714,1.7399002,1.3021536,0.914732,0.6630115,1.3537508,1.3725505,0.8222271,1.2477281,0.22629516,0.8741911,0.43551552,0.46057642,1.9318757,1.3523403,0.66278327,1.6015859,0.12079574,0.17202379,0.31901193,0.14026915,0.909549,0.64783555,1.1012684,0.15277983,1.7044617,1.6506858,0.53917325,1.1857177,0.033838823,0.5221992,1.8151736,0.12812509,0.91022134,0.035139233,0.6342222,1.3570461,0.3244591,0.44743782,0.27948746,0.13267626,0.11345322,0.3284518,0.045597177,1.1206845,0.654605,2.6230834,0.07700318,1.0387834,0.24663061,0.28426027,0.16591264,0.6058971,0.26998276,0.27567476,0.15435492,0.64579654,all_pothole_images\pothole_images_2_image_166.jpg
1.0494801,2.1536965,2.6018994,1.1123059,0.5577255,0.08471581,1.2359858,0.14356019,0.26705322,1.3329128,0.47021407,0.6005818,0.65893894,1.3703583,0.2777415,4.402021,0.23463328,0.07635459,0.93837076,0.4017839,0.65841705,1.1096833,1.4984217,1.7285204,0.48983565,1.051833,0.39934933,0.41832557,0.04672179,1.1206911,0.15338609,0.01764659,0.030857552,0.15045263,0.3035873,0.19028956,0.15667981,1.9612784,0.8073701,0.048825342,0.44489816,0.5807481,0.25293455,0.10071371,0.20236462,0.7822858,0.49398068,0.13765875,0.06620539,0.0,0.61281115,1.7312373,1.8291092,2.265276,2.9329,0.62710077,0.87519747,0.12522604,1.0906447,0.41278967,0.0719387,0.46392435,0.589387,0.3834384,0.33865362,1.760008,2.6576407,0.2365036,0.38164204,0.717495,0.328899,0.92029154,2.0329707,0.39384326,0.05711936,1.6026378,0.8535506,0.24777162,1.2170651,2.572087,0.73564035,0.46874595,1.1130989,1.0049708,0.65280795,2.0784988,0.61663485,0.7307974,1.9085659,0.5322303,0.19735193,0.3719883,0.07914404,0.793529,1.2117779,0.033881757,0.075201586,3.160561,0.2681007,0.4577343,0.64181244,0.5872539,0.014389851,1.3780681,0.095934376,2.7814374,0.6058185,0.029007796,0.10199786,2.1365132,0.020012647,2.4954543,1.2903597,0.15101917,0.035861228,0.6266747,1.7702926,1.1650378,2.5868726,1.1613944,0.70431274,0.73279244,0.031576823,1.1382786,1.6255063,0.96475166,0.6678709,1.0296689,0.54473954,0.55996704,0.24099548,0.1286547,1.3000083,0.9552204,0.5904228,0.10124051,0.8779203,0.077272035,0.4433687,0.08458693,0.05994247,0.18173145,0.69625944,0.042597216,0.1737681,0.24637689,0.75191784,1.0602717,0.8752287,2.8750908,1.5461645,0.51540756,0.21972446,0.1330116,0.94748,0.08348043,0.088284336,2.669755,0.07797737,0.08336071,1.441742,0.11882301,0.95670664,1.2938225,2.3143897,0.22065096,1.8185807,1.9771098,1.2677889,1.163821,0.8229073,0.25450334,1.2170364,0.2610316,2.7266278,0.81209564,0.1092807,0.04350019,0.054783512,0.11028411,1.0172949,2.014074,1.2849166,0.94126695,0.07917633,0.0061692167,1.7083999,1.9441458,0.14375909,0.29216108,2.2581115,0.044248663,0.05137379,1.2742565,0.0,0.2569664,0.28149697,1.9790014,0.030014502,0.26494434,0.41589954,4.017756,2.565352,0.694413,1.7907808,1.8924258,0.13103342,0.010563414,2.4941201,0.756097,0.690295,0.96203375,1.7718909,1.135729,0.09151663,0.41467813,2.2686589,0.0193942,0.5219271,0.22350554,0.65646493,1.2036667,0.029798493,1.3227429,2.8234208,0.36770114,1.7012206,0.24842021,0.9523024,0.35709357,0.6217536,0.9949212,0.03375595,1.2799766,0.14062431,0.9832471,0.03731135,0.73145455,0.052649014,0.1779188,0.62831616,2.5319004,0.60707885,0.866576,0.56495494,0.27115038,1.2090383,0.8084049,1.2432535,0.4133676,1.4375265,0.6401454,0.49038804,0.030389925,0.92155063,0.27262062,0.06929779,1.5506594,5.8157763,0.46867555,0.37945798,0.21588288,0.45427075,0.7523702,0.8837425,2.810034,0.5362994,1.0271153,7.4775577,0.0,0.46637034,0.43728566,0.34290698,0.5367808,0.60893726,1.0875314,0.51791304,0.13881889,0.24785201,0.6112036,0.122812524,0.31860766,0.24128522,0.12054505,0.64781827,0.73743325,0.16298535,0.35471585,0.47845286,0.2178173,0.9164679,0.9306186,1.3153347,0.911303,1.1640372,0.58644545,3.0517175,0.53306574,0.528548,1.5891614,0.8623811,1.516658,0.6848053,0.91299003,1.3970985,0.01895071,0.79061174,1.5303309,1.9497509,0.25516847,0.9728985,0.031470604,5.0840006,0.54060817,0.0,3.3053195,1.0223013,1.0762976,0.2662841,0.7409216,1.4059012,2.243051,0.80425495,0.078617334,1.2390243,2.0445812,0.0,0.13867366,0.3464707,3.1585567,0.10584256,0.5042005,1.4184189,0.98652494,2.4609673,0.4151486,1.6492748,0.86374867,0.08213038,0.0,0.32157943,2.0436475,1.1778485,0.0058022616,0.35722992,0.4721309,0.29232633,0.018862376,0.23195612,0.21263064,0.024194608,1.5632945,1.451824,1.1839719,0.16074955,0.7633325,0.6521999,1.1636133,0.16822067,1.046454,0.53637844,0.32660323,0.23496278,1.7330599,1.1467118,0.8117724,1.0248444,0.023457626,0.5800762,0.14659232,1.366857,0.19214235,0.19374463,0.027776808,0.5422668,0.0071027423,0.19170055,0.5876584,0.28492424,0.68017614,0.0956475,0.1128754,2.2931771,0.3785841,0.33523968,1.5580947,0.2520062,0.54482627,1.3939586,1.3277855,0.7576636,0.87164414,0.51359147,0.812937,0.3442319,0.32917303,0.18089391,1.1285225,1.0768644,0.493658,2.4682958,1.2298621,0.332236,1.051744,0.82845163,0.63188297,0.5119077,0.91477895,0.86188835,1.2140666,0.0,1.1562765,3.6161876,0.48292089,0.14143932,0.0039527644,0.25616288,0.40436736,0.24019247,0.76877,0.22503605,0.34939137,1.0199989,0.29532743,1.041027,0.055366553,0.9523772,0.29479802,0.3118948,0.6357563,1.0894246,0.19688888,0.5990061,0.39712122,0.42711884,2.9967473,1.8391789,0.27617124,0.78003323,0.09407082,1.4887182,0.38258037,0.25111872,0.4804515,2.1539433,0.06527955,1.2225504,1.5184851,0.6879855,1.0261598,0.8869537,0.23722208,2.2420309,0.20057774,0.051134206,3.853471,0.59694123,0.67155284,0.7845512,1.5861806,0.1495022,1.7475078,0.44452173,0.19180259,1.5580366,1.0490057,0.32973525,0.103970036,0.50781256,0.80701977,1.6246289,0.49090427,0.3949486,0.55818045,0.060037788,0.42253348,0.63649106,0.10573875,0.29341003,0.9943466,2.3363643,0.3495653,0.44218725,0.6279893,0.0003258513,2.4281404,1.009451,0.25642502,0.18236522,0.61652255,0.6961019,3.5738351,0.49248752,0.531386,0.25135416,0.2291304,0.7816699,0.2813238,0.10402471,2.249478,0.41359082,1.0707327,0.36118788,3.8639522,0.3687941,1.0237451,0.35547474,0.24653335,2.1441813,0.38364768,0.17400363,0.46150565,all_pothole_images\pothole_images_2_image_167.jpg
2.3450246,0.28657576,0.12672782,0.9870079,1.278295,0.033198085,0.5213187,0.56549984,0.56594175,0.6457376,0.031569205,0.6106717,0.041901797,0.33313057,0.7436167,0.19334656,0.0637952,0.015204776,0.27929404,0.39108646,0.9132944,2.637318,0.6291407,0.2187893,2.0336995,0.42051804,0.8056176,1.5364863,0.1761446,0.021579053,0.14315388,0.5401617,2.017282,0.25552574,0.33765772,1.5779734,0.0,3.3628545,0.6705168,1.6054356,0.0,0.067266814,0.12909774,1.3195639,0.44837794,0.5810369,0.07190834,0.18947169,0.701972,1.2849634,0.77600735,1.4167129,1.2177533,0.209146,0.21125057,0.91226023,2.262791,0.18986481,0.7415729,0.34601274,0.0055223503,0.42493343,0.17089343,0.5139314,0.382537,2.8395815,0.6842575,0.1451753,1.192235,0.096158884,0.077377684,0.10602759,0.4232843,0.21906233,1.8485537,0.56741774,0.27000552,0.42046738,0.0008095161,0.031907804,0.74054646,0.05910565,0.3716851,1.5818721,1.1617802,0.26623464,0.58232075,0.81154615,1.5818033,0.1353909,0.11111238,0.0053267227,0.038073264,0.043687128,0.4936823,0.4298704,1.1941788,1.2604878,0.3318175,0.37763962,0.04522524,1.9847051,1.3488449,0.08119994,0.29299906,0.007317601,0.71383065,0.7212169,0.030448383,0.0923928,0.23148906,2.330411,0.45507714,0.100875266,0.72394,1.174327,2.5402257,0.083699934,1.0215418,1.9569002,3.1812482,0.12227751,0.10404563,4.0222316,2.0608854,1.4599904,0.34902245,0.82153547,0.46587703,0.061688095,0.84739363,0.001995332,0.024688285,0.17098452,0.07730829,0.7876196,0.0,1.6254526,1.232287,0.5549732,0.12881847,0.40479285,0.14996581,0.7780627,0.037962936,1.4267619,0.36881778,0.9501392,0.044879522,0.0069980407,1.2601423,0.547195,0.027829554,0.0068744253,1.2620296,0.17635532,0.21784061,0.07535766,1.5100235,0.90247357,1.11422,0.7675403,0.032811612,2.3424397,0.10108755,0.39641383,0.120683715,0.10867213,1.5127453,1.0173695,0.15349378,0.0,0.0099838,0.15625541,0.42558104,0.19523178,0.18256055,0.0060721324,0.24708636,0.03427623,0.13266289,2.8062077,1.4362411,2.5486007,0.41610125,0.53586024,0.10729651,1.1285843,1.5084549,0.451931,0.16265881,0.18413185,0.0,1.0303262,0.5372039,1.2350006,1.941412,0.14720084,0.63085276,0.20976138,0.05276654,1.4908173,0.8251067,0.82930225,0.99213016,0.08818545,1.3620839,1.213637,0.64799637,0.31301594,0.0,0.01725746,0.2745178,0.93163484,1.3240043,0.74537694,0.17492186,0.0023883397,0.42217854,0.27969173,0.34804535,0.58103746,0.09103119,1.4755183,0.029614784,0.13719241,1.3035934,0.14510374,0.487713,0.60697186,0.022640506,0.20902976,0.8817767,0.35250628,1.0254487,0.0,2.1728666,0.06692646,0.0,0.20306739,0.11158403,0.16633487,0.017050516,0.41484767,0.2703614,0.0,1.383213,0.36304593,1.1883485,3.9259372,3.7315104,0.8438288,0.68099505,0.17682654,0.25326672,0.3052105,0.7859703,0.0001391209,0.2687776,2.9828055,0.08694027,0.2887659,0.14280774,1.1777725,0.6251726,0.5626193,1.1213588,0.83511275,1.2924972,0.21210562,0.06461316,0.034520887,1.0232048,0.7175207,0.807279,1.2354757,0.404424,0.5524709,0.3059077,0.3072671,1.2847701,0.98990256,0.36267495,0.008772382,0.34586886,0.27141708,1.2208158,0.58728844,1.0777955,0.49783343,0.31795114,0.31177202,0.27627262,0.35831177,0.04197355,0.26996005,0.12615003,1.9024088,0.23293798,0.93371224,0.4624661,1.0368652,0.28344032,0.72922236,3.7896333,0.43824553,0.033716828,0.17004305,0.21526197,0.5042301,1.273484,0.9641661,0.7270035,1.365299,0.008660892,0.66115975,0.092496425,1.5749985,1.3856014,0.115312144,0.31152716,0.5013542,0.5087958,0.014601215,0.62819403,0.2609088,1.4033661,0.38092336,0.3431478,0.08842334,0.8524316,0.68570226,0.027565315,0.33033395,0.06490793,1.7961594,2.1344168,0.77084607,0.08789555,0.47217503,0.60053545,0.21833171,2.1146357,0.11426336,0.8048767,0.03000963,0.021258453,0.0,0.36587137,0.71500534,0.44037327,0.9779488,1.0675184,0.19906995,0.7691401,0.9781878,0.5574957,1.8326763,1.2657737,1.1471708,1.0628976,0.2188944,0.0912424,0.10583658,0.037742034,0.14446223,2.3157182,0.21754195,0.062624775,0.71128106,2.4528916,0.11442444,0.5256416,0.001967038,0.19801554,0.32371557,0.3806699,0.16631153,0.273115,0.11701811,1.2020055,0.0026999507,1.4258629,0.011890096,2.7332532,2.419163,1.2174454,0.0,0.27908394,0.030513803,1.0677758,0.40407282,0.23348439,0.7703486,0.2917778,0.29014117,0.8564528,0.02720787,0.025002131,0.29378846,3.165429,0.19942153,0.50044227,0.560931,0.75075924,0.05201259,1.2559587,0.25680763,0.854897,0.8722822,0.86652195,0.29721743,0.24194533,0.41028887,0.0030992492,0.13320935,0.33680418,0.41828403,0.88482416,0.16907047,3.164661,0.60000646,1.1410983,0.8272518,1.6312788,0.25512892,0.5600771,1.3969971,0.4783512,1.0727236,0.26544547,0.18461007,0.9740809,0.23633279,0.401076,2.8566246,0.92470676,0.9622547,0.41349295,0.5368294,0.09378578,0.61403215,0.21298613,0.8391126,0.6047855,0.1597425,1.754837,0.58529013,0.27551788,0.32820752,0.7590314,0.9170283,0.12192514,0.495789,1.1693376,0.92306376,0.44204998,0.27547348,0.13117029,0.9278499,0.94540465,0.8021089,1.8558536,0.5154731,0.8877702,1.2329153,0.45256275,0.26263437,0.6051783,0.13407257,0.36557332,0.6157285,0.14416377,0.7750697,0.8841287,0.6017357,0.015729815,1.1902797,0.44365606,0.37777156,0.22575915,2.7819183,0.7748353,0.22294305,0.0,0.9993363,0.1746741,0.15602875,0.5709555,0.08137681,0.08103278,0.7781327,0.36771828,1.1991123,0.28095666,0.004435531,0.08664886,0.07973803,0.6140785,0.038223013,1.4668019,5.267993,0.6085419,0.055064116,1.4555461,0.6119938,0.5054123,0.4171519,0.31129855,0.74499947,0.7750343,0.105047144,all_pothole_images\pothole_images_2_image_168.jpg
2.1119242,1.1305616,0.6470706,2.099753,0.8221871,1.3053932,0.94136935,0.067342505,1.4951892,0.65162796,0.06810317,1.5730485,1.7102152,0.762454,0.37729892,0.24212985,0.44198635,1.1429847,0.40439963,0.49044922,0.43485883,2.1156147,1.3747431,1.0857935,0.5641209,1.0081108,0.8094191,2.299826,0.13565926,0.77877337,0.43058768,0.33957684,1.0385281,1.3559079,0.3043262,0.8085073,0.1846399,0.31409523,0.75411946,0.01592052,0.10086229,0.34035134,0.3459759,1.5986211,0.6185656,0.49633628,0.9460277,0.16267423,1.0500702,1.2778248,1.6201106,0.5528373,0.79438025,0.038950667,0.68928766,1.3777298,0.5976636,0.35210404,1.8284186,0.112885,0.069646984,0.24013413,0.6325941,0.94284475,1.3399596,1.4833673,0.47328305,0.9838759,0.20633122,0.93086165,0.95349187,0.22986473,0.75460345,0.81668043,0.8047968,0.70912296,0.13519835,1.7144501,0.015458533,0.1298859,0.6710342,0.28907686,0.29359555,0.05170903,1.9343737,1.3475505,0.51615435,0.24441108,2.54954,0.610415,1.0647482,0.48315132,0.60606694,0.47964543,0.12826502,0.23824497,1.0679802,1.5095139,0.05510979,0.13862646,0.009534086,0.7795897,0.79207337,0.36597368,0.43323025,0.68214023,0.5290087,0.56861347,0.1137466,0.7297018,0.054855287,0.66849375,2.2557108,0.6663186,0.7743912,1.6817328,1.9978083,0.52481216,0.15148957,1.2557248,0.9607644,1.0922226,0.7796172,1.3977088,0.07848158,1.2426548,0.93413013,1.2833084,1.6545756,0.6404868,0.3461589,0.80797344,0.2651662,0.16435248,0.12985207,2.7159262,0.311288,0.7769743,0.23571812,0.7458471,1.7405713,0.072869584,0.41633612,1.1267946,0.6054756,1.33973,0.52723175,1.0832516,0.415687,0.51202744,1.9768479,1.0105876,0.098168276,0.05009837,1.6604861,1.4474931,1.033435,0.38400924,1.3353151,0.700602,2.4466236,0.6407205,0.09444256,1.7857904,1.1578704,0.2623539,0.1734274,0.44537556,3.127578,0.3012485,0.8774417,0.23710881,0.19140391,0.7754196,0.7960832,1.2875223,0.15536232,0.14228916,0.8778783,0.42121255,0.051912084,2.2634704,1.0315379,0.82174385,2.073119,0.29331842,0.67502874,1.831116,0.76383257,0.85188884,0.6630962,0.12152934,0.5878066,2.0562322,0.5516864,0.3923259,0.90579313,1.272833,0.25449494,0.94886446,0.31841382,1.7191286,0.6928875,0.7057789,2.4737537,1.5635967,1.2809918,1.3282175,1.3789489,1.8838339,0.06191756,0.37455407,0.5563475,0.10038942,1.573253,1.4384142,1.8352754,0.528334,0.10185744,0.8485246,0.5878406,0.7344817,0.8423303,0.844664,0.03175307,0.32244018,1.2495131,0.39179122,1.5313498,0.03437489,0.6128521,0.4584113,0.4166552,1.1470577,0.4772176,0.07682992,1.5150863,0.20581004,0.43864956,0.29377562,0.27027217,0.26526397,0.16495863,0.08461997,0.10269353,0.7590246,1.5736828,0.43076923,2.3582275,3.367958,1.1427906,0.37884948,0.996868,0.61926574,0.11011647,0.8485076,0.9424345,0.6879563,0.11232231,1.4592873,0.62546563,0.7329072,0.8291734,0.4348601,0.060930707,0.87484115,0.103850596,1.7627629,1.5946004,0.21446721,0.30632195,0.37482852,0.1013936,2.110901,0.91115165,1.2089362,0.8666208,1.0264819,0.97156686,0.818545,0.24012417,0.2043952,0.106407434,0.25218195,0.45749706,0.45586702,1.2552319,0.11572337,2.0744658,0.3841109,0.44544148,0.40249994,0.32723683,1.3886023,0.29188454,0.6755504,0.9417446,2.1746252,0.7546009,1.1517357,0.21071698,0.14723767,0.06755343,1.0899233,4.0490994,0.5187694,0.12463793,0.63288414,0.12729062,0.9846129,0.9571805,1.0011995,2.295657,1.5972569,0.9738336,0.26387665,0.19823909,0.2870995,2.6460075,0.13742906,0.94818485,0.20654522,0.2616428,0.9405816,0.56817997,0.54204184,1.312739,0.12686749,1.438379,0.6972044,4.269015,0.0088367555,0.7084897,0.0,0.02097268,0.11986251,1.0990701,0.1870083,0.48949936,0.5495468,1.3205385,1.0548413,2.0789204,0.10551014,0.5139234,1.5696113,0.7101258,0.33177707,0.13580455,0.8978293,1.1874311,1.9712795,0.6844976,0.63590556,0.5605298,0.2339119,0.82589364,1.3792344,0.14904709,1.3884314,0.58840966,0.104934774,0.6249777,1.5243286,0.007147823,0.6359271,0.5603693,0.28207904,1.4356605,0.28400144,0.8063929,1.9321697,0.6954959,0.24715419,1.158646,1.0237075,0.59548736,0.20755719,1.4925035,2.2734284,0.8808714,0.44057316,0.22699861,0.77898186,3.5725973,2.5144687,1.1972997,0.10429384,0.05968631,1.1484586,0.7587451,1.3648655,0.31742072,0.75090414,0.08207728,0.37721175,0.40075296,0.93414843,0.31709993,0.671161,2.705059,1.8749558,0.05374975,0.89992124,0.7304792,0.23653698,2.2287774,0.097192906,0.40388402,1.6570023,1.2684026,0.76283413,0.87949866,0.6056907,0.19141719,0.8811244,1.263104,0.3712534,1.1686132,0.07309414,1.0185047,1.4284989,0.3601123,1.7724631,1.4459548,0.48735127,2.4081964,3.6844718,0.6581796,1.1115274,0.37273943,0.6831727,0.07023889,0.71972376,0.49381828,1.5252397,0.6220398,1.5539099,0.1630984,1.2077068,0.430743,0.7086861,0.46826658,0.6676489,0.56273115,0.15848418,0.3785431,0.07585062,0.6658443,1.6950226,0.9741774,0.95193213,1.245415,1.5960883,1.4853817,1.5965506,0.5370201,0.506465,0.48958376,1.4930285,2.0614672,0.54754484,1.9107738,0.7948105,0.6568286,0.24767889,0.0292594,0.00451927,0.181238,0.90672535,1.6603892,0.5189135,0.101667896,1.1825815,1.1572706,0.42879626,0.17245534,1.2079573,0.14317168,0.076954775,0.17443828,2.2756155,1.3786504,1.8109115,0.21901846,0.23973028,0.8169299,0.25224894,2.3470767,0.2173481,0.1825977,0.5853823,0.1895835,1.2020103,0.15616553,0.0,0.05067578,0.27229896,0.11536277,0.22921202,0.6197938,4.2244916,0.45463514,0.83860683,1.6827343,2.3230844,0.777563,1.0237706,0.3586133,2.5047123,0.20808274,1.6838585,all_pothole_images\pothole_images_2_image_169.jpg
1.7963849,0.31849536,0.2304902,1.3556653,0.19462681,0.11455847,0.94714004,0.31479084,0.111160666,0.49457812,0.23729572,1.3874295,0.0,2.467724,0.50872016,0.4741299,0.082171,0.10596753,0.3728956,0.5693879,1.961113,1.9741436,0.11396697,0.81524485,2.7605174,1.3079368,0.105046354,2.9055493,0.16801058,0.013164699,0.13990985,0.22924502,0.91429496,0.10846431,0.265694,0.37273005,0.04143783,1.845564,0.47088662,0.5607566,0.0,0.0043475274,0.33972,0.76037294,0.63302463,2.2413077,0.008212103,0.97605145,0.6184758,0.7895266,0.5463198,0.12598068,0.64507246,0.07006029,0.36975342,1.9979784,1.2707843,0.2589576,0.07035732,0.33016345,0.025828624,0.16706105,0.22836114,0.2817775,0.0,2.159144,0.41699535,0.27622122,0.026395181,0.6499899,0.6296391,0.34429517,0.21618004,0.4442145,0.42156866,1.523069,0.0019432078,0.8361586,0.09186434,0.6562002,0.28559932,0.03552101,0.85404545,1.1713709,0.6382939,0.0,0.60609865,0.82537234,1.3887014,0.4171978,0.015165576,0.412269,0.31799984,0.4414344,1.1246864,0.45168355,0.19317609,0.89916974,0.69049513,1.9090666,0.0037230272,1.8351066,0.6959814,0.97466063,0.7941259,0.01593279,0.4053559,0.9195108,0.008501985,0.44196257,0.0,1.2691666,1.1505796,0.23968528,1.4880521,0.051832743,0.13516432,0.14806741,0.7081805,0.46118218,3.5592558,0.12021167,0.0,1.7890998,1.2942718,1.0032991,3.1030624,0.38920245,0.1300299,0.03820375,0.30181545,0.14091538,0.014697718,0.37897506,0.81039566,0.7329719,1.0911341,1.1865834,0.34632245,0.25648385,0.16011588,0.504235,0.57309985,0.29938355,0.4790863,0.61207616,0.37799942,0.46823353,1.6597656,0.32396024,1.2627481,0.27763736,0.12599511,0.09705562,1.4810152,0.113749005,0.9357921,0.4616106,0.20576352,0.9693214,1.6563904,0.29146075,0.3383071,0.78446746,0.028305821,1.080079,0.17901172,0.34800786,1.9090899,0.80834335,0.00038036765,0.048511494,0.10448441,0.48907766,0.39740312,0.5803038,0.857647,0.09389141,0.058130287,0.44635975,0.04824393,1.828644,0.93798065,1.4583799,0.054090478,0.86603314,0.37821305,0.4530955,0.14579442,0.23637934,0.33445534,0.018467242,0.15854637,1.9779614,0.28723022,0.3971124,0.40260407,0.54506844,0.29859748,0.56006503,0.9857137,1.3418387,0.54109645,1.4160385,1.2909596,0.64336467,1.0943362,0.33248645,0.24220276,0.6888443,0.019326773,0.052301224,1.7441986,1.5090419,1.4273636,1.5288726,0.6294742,0.18920644,0.21551065,0.10072126,1.1751081,0.11288377,1.7260996,0.42594457,0.25154045,0.05625081,1.6823847,0.19246826,0.8641294,0.6594161,0.26925135,0.6084144,0.037211504,0.75905585,0.68066657,0.39047575,1.5606269,0.46130988,0.006189385,0.0690155,0.26965553,0.7353867,0.008339162,0.5454731,0.15031384,0.09924266,0.1925972,0.31797642,1.5792543,2.6063871,4.4519925,0.20107393,0.8021614,0.08584197,0.36077335,0.2976834,1.0181851,0.10518721,1.1544008,2.2796621,0.3769137,0.066298045,0.6501586,0.016862886,0.17949714,0.16030025,0.1396648,0.74007446,2.0519257,1.4981289,0.73742944,0.009853225,0.3220143,0.4444357,1.0046028,0.44816926,0.15370266,0.23236269,0.4938889,0.1958935,0.7662028,0.41127333,1.1241288,0.42764568,0.6049754,0.12469801,0.7386529,0.037491836,0.11151886,0.14073588,0.3054643,0.13852946,0.053187814,1.9422274,0.093889624,0.6000038,0.44985178,0.76025623,0.13162403,4.3022013,0.6324346,1.1088527,0.77912915,0.47466838,1.5889344,0.15283401,0.0356072,0.19569294,0.63966155,0.19255249,0.72389835,0.8936064,0.33615828,1.3311459,0.12590738,1.6302837,0.17038262,1.4144912,1.3599733,0.42156363,0.3227107,0.36504635,0.45813337,1.0076737,0.2877482,0.62272805,0.5656894,0.0,1.2205796,0.5576422,0.48978627,0.22621438,0.8521208,0.22657269,0.16446899,0.5728228,1.3189276,1.9518566,0.09630119,1.1259104,0.41131502,0.14605099,2.176983,0.8914899,0.9967646,0.30958563,0.38491738,0.12124326,0.60829884,0.15228723,0.8473664,0.33399767,0.04354217,0.7315388,0.4633995,0.08167985,0.18194899,0.39366105,0.49562326,0.5407411,1.2420582,0.15582556,0.53784704,0.156895,0.1067717,0.83911216,2.4422777,0.03283293,0.6736464,0.32183507,0.7474225,0.1829616,1.0726086,0.6593655,0.08819829,0.063679636,0.10078451,0.16064711,0.94965446,0.27292892,0.6219845,0.16795215,0.85312283,0.7323311,2.940756,0.5383808,0.15665355,0.0,0.10863034,2.315866,0.25109068,0.44948235,0.020912075,0.84715754,0.0,0.07284525,2.122964,0.10196886,0.83494675,0.41362792,2.1778514,1.3885732,0.26127425,1.4973241,0.100045696,0.19013593,0.44624627,0.2707867,1.6026028,0.3340031,0.01195297,0.5554353,0.045227148,2.952757,0.0950195,0.0933787,1.3820109,0.17727923,0.9356463,1.0319033,2.4564629,0.7259965,0.22704387,2.2667992,2.2251737,0.27764744,1.0903323,0.08044121,1.035593,0.5466919,0.82047814,0.65085244,0.33029574,1.0926716,2.323463,3.411197,1.0210302,1.5445837,0.22516142,0.26800436,0.46122226,0.013980473,0.014159478,0.04973504,0.38923728,0.01354313,0.50859225,0.8433047,0.0054899063,0.74358416,0.66098225,0.14425212,2.1234083,0.6342604,2.1025836,0.9354953,0.6430094,0.4404493,0.28200114,1.4136459,1.4631054,0.5046856,0.7763243,0.6285442,0.31545946,0.41464213,0.8098175,0.51308286,0.6670545,0.5993965,0.44125754,1.0660563,0.15428205,0.007327375,1.2378286,0.0834132,0.049508467,1.3616892,1.1762707,0.22296354,1.7740552,0.29786637,0.34035015,0.7532092,0.32588205,0.15781118,1.6547639,0.43935052,0.37910837,0.06819815,0.2621647,1.0687156,0.7012051,0.10511596,0.15998538,0.21154995,0.011907383,0.19576609,0.7762236,0.4337431,0.35730642,3.744725,0.7458468,0.74998385,0.24949458,1.0432012,0.6309894,0.29016247,0.16331965,0.13339065,0.04082518,0.20653452,all_pothole_images\pothole_images_2_image_17.jpg
0.24603043,0.6556549,0.2984563,0.7294833,0.0025762112,0.08497184,0.5248185,0.33775175,0.21186252,0.032420006,0.034682464,1.598277,1.273513,1.23917,0.015968945,0.19445191,0.20636293,0.391477,0.21072009,1.8179128,0.5295209,0.0,0.0065392144,0.18753394,1.1212155,0.31578365,0.5059626,0.12208174,0.0075526396,0.020145575,0.4587021,0.20455256,0.0,0.33267683,0.73041844,0.5411967,0.31762615,0.24346487,0.17801517,0.049245458,0.64917827,0.47911787,0.047599163,0.09580482,0.000115588104,0.08434136,0.43018422,0.0,0.09457955,0.046572693,0.7115207,1.1689049,1.8003831,0.030201273,0.7211162,0.19075967,0.2820219,1.9701182,0.6214733,0.08228316,0.027148034,0.013772912,0.14358173,0.025828123,0.5539405,0.0018784867,0.23017006,0.25430998,0.6085128,0.11937812,0.15055774,0.7632086,0.15930013,0.19558927,0.08668263,0.0,1.6557736,0.15928437,0.8048406,0.08478661,0.4949052,1.0804592,1.3365932,1.259752,0.55062354,0.0,0.3151573,0.26932737,0.35933536,0.012261212,0.0,0.2846296,0.40566814,0.116148636,0.02156461,0.79170877,0.30387434,0.32433522,0.0,0.35508573,1.4236999,0.1427109,0.15454562,0.36612988,0.36097455,8.180365,0.6403942,0.03652596,0.43047857,0.08006043,0.59150416,0.012643854,0.26842004,2.1243284,0.05628949,0.033225544,0.39304426,0.94613785,0.063884236,0.061814364,0.65965956,0.9542205,0.045903828,0.0054965043,3.5238068,0.056485914,1.2812291,0.06058649,0.16613947,0.09834182,2.388558,0.0,0.0,0.11181218,0.51938134,0.19406237,0.3070605,0.0,0.66241884,0.08429446,0.16513903,0.4318245,0.51981354,0.0,0.25649938,0.016768085,0.17587239,0.56420344,0.05711809,0.2648512,0.0033920847,0.18737413,0.12821384,0.18739435,0.0392711,0.33688024,0.32855174,0.76749027,0.1701141,0.09116869,0.1397872,0.7118647,0.043241188,2.1922674,1.342941,0.2991013,1.9528257,0.0015285296,0.018375255,1.244451,0.1823326,0.3302595,1.0828198,0.0051657446,1.5665143,1.2423736,0.43586755,0.39552832,0.034884762,0.0046882303,1.0694172,0.3711453,0.0,1.0755398,0.009762617,0.27257743,1.4046407,0.3038793,0.0057133823,0.05600764,0.9013733,1.7079997,1.8874362,0.95109826,0.47751337,0.9807856,0.14446397,1.5443221,0.29991892,0.0054973946,0.0,0.15089184,0.753626,0.012358206,0.03537183,0.6106756,0.36962935,0.0,0.0014992947,0.06251485,0.6170339,0.08173657,0.24032697,0.04105506,0.004653214,0.0,0.46860236,0.05869984,0.012703647,0.12186798,0.615018,0.2729316,0.093586415,0.49450636,0.002884695,0.04497959,0.15223725,0.0,0.27014565,0.0,0.10861833,0.41283587,0.8592012,0.18329632,0.12381534,0.42772284,0.356603,0.0,0.12031619,3.2519991,0.3139088,0.59861153,0.0029436338,0.43417338,1.3515419,0.10227473,0.77717775,0.09212212,0.034733772,0.4770574,0.0076969513,0.33326486,0.27486047,0.03040563,0.7919049,0.007096609,0.83422536,0.10722779,1.000773,0.12789872,0.08429063,0.22679831,0.12772422,0.7074085,0.14542927,0.092513524,0.6904168,0.0,0.43661943,0.121961094,0.0965409,0.6810825,0.011728741,0.024354925,0.27450714,1.1238817,0.24170491,0.46735644,1.6235617,0.2017271,1.3921791,0.25071308,0.07542605,0.0043478617,0.52556616,0.31528795,0.14653899,0.39149413,0.58768165,0.45804456,0.9731565,0.010229517,0.06919752,0.2492873,0.94667727,0.36575472,0.31442165,0.07512455,0.100066744,0.42681152,3.5067,0.017919173,1.0921174,0.030949745,0.31715143,0.047786817,0.06747112,0.09099693,0.0,0.7581287,0.0,0.0,0.0,0.0,0.30897468,0.12525694,0.0,0.34327003,1.0037782,0.19198951,1.275452,0.1863798,0.2924552,0.0,0.039736554,1.0213116,0.02623048,0.32073587,0.03534857,0.044205483,0.0,0.043514594,2.138352,0.06291801,0.60549885,0.34131327,0.8143871,0.0,0.0,0.6797961,0.0,0.6748942,0.04281653,1.5596468,0.0,0.4712932,0.15209731,0.4238855,0.09339969,0.5962914,0.16468483,0.50935924,0.005839353,0.013949226,0.78295755,0.29135054,0.052331623,0.7314777,0.0,0.02403397,3.6908216,1.6006935,0.86339366,0.67302024,0.30652514,0.0346993,1.0227535,0.8855703,0.0,0.918192,0.061225843,0.90355545,0.72778,0.33229235,0.5077865,0.83074605,0.20992196,0.00090632105,0.27010852,1.5862147,0.39992747,1.1895825,0.035044596,0.53124475,0.43863645,0.9480502,1.2766819,0.5660685,0.17658214,0.13951723,0.43120322,0.69989735,1.6978693,0.23079047,0.0,0.18280496,0.02306106,1.6772832,0.97119737,1.0433208,0.0,1.5849113,0.0020352127,0.014056043,1.4550065,0.2155086,0.16647352,0.9209031,0.21360086,0.0683423,0.035639256,0.4916919,0.06572421,0.1224439,0.4784934,0.0,1.7844026,0.34454566,0.091393575,1.4363204,0.0,0.03550657,0.17192987,2.1327848,0.22469196,0.27967826,0.43560892,0.097476296,0.008524578,0.5726757,0.2947664,0.7023666,0.049809124,0.08344688,0.02652951,0.0,0.42199382,0.2507613,1.896001,0.0,0.38495526,0.61696297,1.041397,0.68373996,0.0,0.29099795,0.077875845,0.01133268,1.4911861,0.860961,1.3493565,1.1973857,0.2519439,0.13094695,0.34051886,0.12315024,0.16376127,0.04898377,0.7244851,0.52861995,1.2475224,0.34015965,0.04825914,0.0,0.15252605,1.0432271,0.06646459,1.3332856,0.018081468,0.0,0.12958361,0.78356355,0.06022245,0.0018172513,0.06677622,0.0,0.5158447,0.7887101,1.1674837,0.8013248,0.033244837,0.13914435,0.7312203,0.45227998,1.9087211,1.7824012,0.088388614,0.12367824,0.64011425,0.019583058,0.006178025,0.036146987,0.08475208,0.3938843,0.001864125,0.0,0.00926397,0.4470892,0.04213209,0.034149922,1.4372152,0.3529053,0.020141322,0.321182,0.0011394307,0.5503565,0.25867358,0.2619454,0.06818985,0.017690156,0.0,0.051978625,all_pothole_images\pothole_images_2_image_170.jpg
1.117822,0.7452469,1.9247363,0.791044,1.5830867,0.4891625,0.98437536,1.9683012,0.06395761,0.98087704,0.41866088,0.18932739,0.07917582,3.0540407,0.25890347,0.054590944,1.2759278,0.89603883,0.3161735,0.19629633,0.18926501,1.0773277,0.31165642,0.7916039,0.19106919,1.5241343,0.35571575,1.4943832,0.5828514,0.036828026,0.48433092,0.025264839,2.7575827,0.22960971,0.19952354,1.1148856,0.47230217,1.4288937,0.26832566,0.7338875,0.47275075,1.0540544,2.1142874,0.6030361,0.97034204,1.6948754,0.3336879,0.04455246,0.107986934,1.4341894,1.1908488,0.7063221,0.37997288,0.005147557,0.24263227,0.5825237,1.912207,0.01129409,0.32019004,0.8868337,0.34313574,0.4989624,1.2374166,0.24549516,2.429725,0.75800526,0.18145855,0.35772386,0.41398704,0.34764525,0.7410711,0.16586299,0.52620476,0.0040094815,0.83388203,0.04313812,0.3208824,2.0213048,0.5719937,0.1381783,0.94801676,0.36154473,0.15181896,1.278419,0.5395398,0.25919643,0.23348188,0.40254846,1.9507258,0.07410837,0.13713916,1.4487491,0.92161494,0.28405988,0.17013137,0.30726445,0.77991074,0.531063,0.95310146,2.8662417,0.09677834,3.6990316,0.16501461,0.97008187,0.24242769,0.18981692,2.028126,2.053541,0.46071428,0.14103237,0.6159719,0.28769958,1.7393804,0.44624984,0.7073696,1.9042175,1.5188997,0.44307217,1.0260261,1.7420604,0.10577374,0.0026330363,2.981369,1.0956004,0.06821038,0.036490176,0.5540685,1.5314192,1.5483803,1.779412,0.48307335,0.5010897,0.16094401,1.3601522,0.7556297,1.7879549,0.6320396,1.3016062,2.4873166,1.1485937,1.4068332,0.38691685,0.0,3.000005,0.848686,1.7699413,0.24514373,0.4050753,0.1722928,0.5881557,1.1426504,0.3255723,0.064821474,0.7009398,1.6497071,1.5327802,1.1771674,0.43139818,0.48765647,0.7826443,0.73356575,0.58775747,0.18063843,0.23290735,0.5587594,0.1709874,0.07809033,2.9626374,1.4942726,0.1454939,0.7303584,0.04664499,0.18401477,0.102924824,0.22391462,0.047723264,3.4587588,0.7180819,0.13288395,0.467051,0.08889399,2.0865602,1.026902,0.08717907,1.7840694,0.17183973,1.2829325,0.4972009,0.0010760286,0.12237208,0.3438418,0.06118574,0.70436835,0.66167665,0.12338629,0.50081784,1.2771968,0.2161438,0.9264587,1.031474,0.28984427,0.574085,0.7678371,0.29382354,0.93906367,3.32224,0.11767443,2.7297192,0.11196973,0.22494203,0.37642047,0.123191915,0.9415353,1.9539787,2.51433,1.3771465,0.8132139,0.01463449,1.8459992,1.0205497,1.313891,0.11695459,0.89150953,0.51724833,0.012928311,0.4651763,0.7166544,0.38172936,2.0619395,0.39101323,0.9876589,0.76222587,0.19777477,1.602738,0.7762778,1.27325,1.5638549,1.409822,0.0,0.5914106,3.0467937,0.25799325,1.4820472,1.5196192,0.19816668,0.07976655,1.02568,0.92996275,0.5459184,3.2492971,2.6845708,0.0,0.0851862,2.2729301,0.0,1.3542415,0.6485078,0.1093766,1.4181625,2.3286157,1.74761,1.477679,1.0359285,0.17932627,0.11774931,0.8253512,0.09265478,0.24014291,0.27864137,3.8415859,0.004116741,0.0004984956,0.09292348,0.0073938575,0.14867797,0.2031532,0.48799133,1.9680853,2.8444562,0.9614899,0.5765715,0.27668217,0.08599714,0.50243616,0.76629287,0.98626924,0.5705632,1.0925645,2.0573132,1.2297285,0.16961396,0.21673432,1.1680645,0.23182926,0.3611812,1.2733078,0.70675063,1.4520823,0.031292025,1.8521023,0.46611246,0.49347842,0.50633603,0.7514781,2.9064617,1.1188188,0.25397483,0.6264646,0.06785094,0.340632,0.3845773,1.2895118,1.1303538,0.6648611,1.1658174,0.25333747,0.2475803,0.7466032,3.0901382,2.0640736,1.0236876,0.26103953,0.43867868,1.4922577,0.53823227,2.0809228,1.525491,0.42716262,0.7015348,0.7070625,1.2658265,0.2799922,0.27745685,1.1050439,0.69451046,1.5394561,1.2861115,0.46118483,1.4385321,0.05203425,0.32339713,0.062431186,0.97032803,0.2012038,0.46304467,1.0647131,0.4057559,0.0,1.6235446,1.0118654,0.4348511,0.5159724,0.026326155,1.0870134,0.25640646,0.39020175,2.0689712,0.9230052,0.29065385,0.3967311,1.3747689,0.08515571,1.6146932,0.11967397,0.022150425,0.079616584,0.56843936,2.4781184,1.0554812,0.85458857,1.9761981,0.1291718,1.2527136,0.46637306,0.067418106,0.79856646,0.5107025,1.0910542,0.5375859,0.426055,0.24505942,0.08823102,0.23382291,0.9840666,3.3928254,0.67742854,2.3638961,0.4004958,0.5439414,1.768526,0.9462747,1.089216,1.3100739,0.2135849,0.6002247,0.16483322,0.59604883,0.17154416,0.091869734,0.35802814,2.686032,0.045038134,0.31278944,1.7464386,0.82278323,0.18051964,0.45342585,0.43654996,2.1412933,0.14700231,0.41845247,0.43435758,0.044567905,0.8747849,0.572287,0.27383193,0.5137063,2.4160404,0.48050717,0.3376972,0.8939714,0.5142597,0.6544874,0.5673688,0.7029368,1.2902838,0.7380008,4.947596,1.1696088,0.461067,1.3211713,0.16315186,0.10894758,0.944455,0.94402236,0.66111475,0.32491592,2.8711336,0.29409364,0.24510321,0.85897046,0.58932334,0.45974255,0.59447324,1.3293631,0.2729406,2.1755772,0.042319503,0.20290339,0.892902,0.83974504,0.89355344,0.22169663,0.019814286,1.71177,0.013849397,1.3406698,0.4946015,1.3557942,0.4060445,1.1398649,1.6354464,0.3341502,0.6711848,0.8492631,0.13755123,0.015296957,0.7154371,0.708361,0.36430427,0.3991537,0.89881897,1.9019482,0.6416575,0.015775096,0.012019631,1.0704986,0.4754936,1.524531,0.11455609,0.97927326,0.89163005,0.2159364,0.22043374,0.46823242,0.6855349,0.976777,0.403545,0.77342284,0.22595835,0.7075712,0.4465453,0.8520476,2.0485966,1.6205693,0.93432844,0.3785249,0.5082304,0.18502626,0.33552888,2.7452211,3.247513,0.17837682,1.4529212,0.4604425,0.2018565,0.2806407,1.3476058,0.32440522,0.5990793,0.686425,1.1920565,all_pothole_images\pothole_images_2_image_171.jpg
1.3539126,0.9426148,0.37147012,1.4139242,1.0079322,0.12105381,0.37196553,0.0,0.4250661,0.5061214,0.19878572,0.06735598,0.8612736,1.7810147,0.047864642,0.1603658,0.08647528,0.6264005,0.4344859,0.27975067,0.16785534,1.0930995,1.171356,1.8731202,0.4453171,1.5356,1.478955,2.0066319,0.33064264,0.010501493,0.5722762,0.9367048,1.3061558,1.1238377,0.686536,0.85156226,0.52951133,1.4015373,0.04242883,0.26911193,0.29756016,1.6971879,1.0149422,1.3644266,0.3129453,1.8438054,0.11208851,0.025414335,0.68108237,1.2627662,1.2124183,0.3005707,1.1738695,1.3206666,0.056148697,0.6699301,0.3948649,0.060470175,0.85526556,0.40553665,0.16880414,0.77278185,1.5899599,0.979749,1.9419342,0.56625414,0.80410933,0.6036814,0.21702933,0.24934931,0.7992175,0.9624688,0.56728715,0.11736971,0.1354498,0.30883914,0.5912933,0.5849508,0.058259744,0.18632148,0.066016674,0.5947956,0.8624143,0.74723893,0.4508053,0.86215335,0.64382535,0.202681,1.8835721,0.001847387,0.47876272,0.39303005,0.018009566,0.34404197,0.46083212,0.07088598,1.235736,0.7377136,0.9083622,1.7776318,0.045453236,0.5271339,0.5127305,0.49795118,0.019220093,0.5807942,0.393886,2.0647259,0.2623493,0.78863996,0.44027203,1.2490458,0.8305248,0.2956265,0.6459245,0.8708598,1.4966706,0.4474443,1.4841188,1.2802765,0.88475597,0.4605942,1.5832359,0.95060074,0.18936132,0.30686712,1.4255773,1.6695573,0.0983689,1.2874625,1.1371114,0.46433172,0.80083776,0.9743291,0.0,0.7383882,0.72367513,0.4151258,1.8585833,0.94398296,1.009598,0.27327076,0.23391488,1.8434993,0.98015016,0.7816111,0.17515892,0.22965743,0.6757946,1.5303818,0.24800748,0.5538354,0.24452797,0.1441338,0.60479504,0.21097326,1.1258897,0.3580297,0.9678737,0.7100095,0.38664073,0.580387,0.026029011,0.5693677,0.6754484,0.6381778,0.5267751,0.67410386,0.69515276,1.1157416,0.5429055,0.28930235,0.18473065,0.23202619,0.6120548,0.24516779,1.3507,0.09636915,0.45725903,0.34408763,0.21910517,1.8639985,0.81289953,0.915219,0.95990807,0.37616786,0.6164526,0.7368043,0.03390407,0.88228005,1.5688133,0.52328557,0.91554946,0.5730936,0.05963315,0.2208327,2.28773,0.02520869,1.5574862,0.2900639,0.36927927,0.49881786,0.8264023,0.58021253,0.80705196,1.0467992,1.2013137,0.13835627,0.7042339,0.43885925,0.34861937,0.4095881,1.3118277,1.0464463,0.7741542,0.77595925,0.4183963,0.10489213,1.0924311,0.6104932,2.6218536,0.016374946,0.8051877,0.3166837,0.08720389,1.0606788,0.76476115,1.3716344,1.9393466,1.2495459,0.30801848,1.2442995,0.6819632,0.17707811,1.2095029,0.057003345,0.55927384,0.5996447,0.44717482,0.8736207,1.1413214,0.0830599,0.6962734,1.0675669,0.058496516,0.13119273,0.7968502,0.22490197,0.5829586,3.3671217,1.2356943,0.4784387,0.0618344,0.8976913,0.030918019,1.1496241,1.1177679,0.18011115,0.6878798,1.5306181,0.5699638,1.5937929,0.8000438,0.8858244,0.36261553,0.76753515,0.20239787,0.9055542,0.42236164,1.279878,0.47503573,0.009777055,0.004222285,0.6149593,0.36031246,0.5325104,0.94938445,1.8843336,1.5294535,0.503909,0.04362925,0.40849608,0.57364917,0.12538883,0.9168119,0.007242854,1.3212715,1.9148622,2.0723748,0.16888453,0.97793937,0.93633556,0.57866424,0.5219341,0.43265533,0.6504729,1.9236636,0.9262538,0.6284552,1.5586418,0.15758027,0.4222771,0.29714182,0.8416468,4.026722,1.3766096,0.031815413,0.5892217,0.5616883,0.22418626,0.5379257,1.0299149,1.8800403,1.638309,0.4052353,0.9117651,0.07697907,0.26308805,3.610534,1.0718968,0.7143817,0.26295406,0.6470457,0.289179,0.5523156,0.8939257,1.0654316,1.384932,1.1373061,2.71326,2.0538578,0.17201534,0.37075096,1.2061999,1.4340019,0.029765062,3.21072,0.8524464,0.50650465,0.36291057,0.5539498,0.5423989,1.2182558,1.7693506,0.24502146,1.0585226,0.46019036,0.39804083,0.7264379,1.4387252,0.6294455,0.90728277,0.6175335,0.14989683,0.6314303,0.09485319,1.2731122,0.15188417,0.46131733,0.06801207,1.641951,0.34515116,0.5564741,0.4016534,0.0,0.4353897,0.5334875,1.6820211,0.14439452,0.82434237,0.5511086,0.9349579,0.9673178,0.13425136,0.6069136,0.6740963,0.35992256,0.41940755,0.14873265,1.4085317,0.90785104,0.01263177,0.754409,0.8017973,2.6228893,1.3354204,3.0570395,0.16669552,0.96677804,0.9009982,1.5720541,0.38780493,0.5714148,0.8850472,0.35914266,0.43435785,0.08100452,0.54058665,1.3819284,0.22000232,1.8767042,0.26586455,0.10267038,0.7385463,0.52572304,0.19331323,0.9198395,0.99711204,0.79513127,0.021278735,0.45701382,1.3904325,0.7076712,1.456739,0.42215422,0.23741588,1.0456362,2.677423,0.83025247,0.7923887,0.9623302,0.4406722,0.57813793,0.54478574,0.84070694,0.50695044,0.24995632,1.6004168,1.384307,0.42719892,0.1904173,0.5810998,0.16889593,0.32680687,0.5250675,1.421729,1.0863823,2.0432649,0.27029932,0.6920717,1.2644614,0.55903774,0.38758424,1.1020736,1.0242971,0.5260305,1.680546,1.6319569,1.8632731,0.07201467,1.6483572,1.4686531,1.0172132,0.48121306,0.73193204,0.41674837,1.2212173,0.6244365,0.75926447,0.17414437,1.7864764,0.5149593,0.94141066,1.5851513,0.31211993,0.9245736,0.86713254,0.13309814,2.3122075,0.6589508,0.8262325,0.9891505,0.4699576,0.27203438,0.015309567,0.1604078,0.59639066,1.2279015,1.5381634,0.23699868,1.1246313,1.7089036,1.1359922,1.6908963,0.036082268,0.7946539,1.4448694,0.39906672,0.3600632,0.51671785,0.23607954,0.85306156,0.42244554,0.8595867,0.17911619,0.26781932,0.23231731,0.0,0.15643267,0.28025383,1.5239108,2.88485,0.16784613,2.2356684,0.6897108,0.9758757,0.99537736,0.51890355,0.14546989,0.51366633,0.30351448,0.57331747,all_pothole_images\pothole_images_2_image_172.jpg
1.1584798,2.1048298,0.43684402,1.5833669,0.26753658,0.86992097,0.39516544,0.0,0.3534273,0.574969,0.5962641,0.4036497,0.40007493,1.9874135,0.26424426,0.19307654,0.5076983,0.15860407,0.4500228,0.53026164,0.38251042,1.4595455,0.3154761,1.5109087,0.8680494,0.42156592,0.9636556,1.8036588,0.19952379,0.94065386,1.2382276,0.16214243,0.78654253,0.37060788,1.5238186,0.16090204,0.43457723,1.0344836,0.00685468,0.7488295,0.0,0.14795756,0.1746999,1.8595989,0.66091853,0.10246458,0.026318932,0.18927209,0.16572018,0.98567075,0.2649286,0.35037652,1.0120045,0.15998347,0.26571742,1.829743,1.9642825,0.32678354,0.55439955,0.4188854,0.1237327,0.20140025,0.21692196,0.053580396,0.50154036,1.4270767,0.43987277,0.37800145,1.3249674,0.5971932,0.45247617,0.9892037,0.913605,0.38907078,0.26125798,1.2597611,0.164734,0.49984467,0.047056235,0.31250936,0.3841998,0.59756565,0.021372575,1.4751645,0.6256388,0.7350268,0.28594813,0.5105621,3.6484725,0.20575736,0.46592152,0.16782461,0.59215975,1.3141841,0.05856301,0.1732735,0.28652495,0.7665699,1.1493818,0.71746606,0.027327906,1.094661,0.24189314,0.8724538,0.5233918,0.514178,0.50457174,0.09512461,0.028097989,0.62868637,0.058718767,2.1077504,0.34483516,0.6210681,0.68792194,1.2270882,2.0290546,0.07170649,0.37590802,0.330211,1.6130744,0.60841703,0.6870225,0.9917079,0.7320847,0.6112651,0.20070441,0.69177496,0.32565537,0.31907037,1.2472656,0.29866055,0.39975664,0.16899881,0.096799344,0.55662006,0.3423429,0.57578367,0.9166887,0.2797318,0.12047412,1.3705735,0.18555869,0.7945871,0.08807196,0.75646234,0.3911933,0.011383144,0.8530782,0.81135666,0.26004997,0.643866,0.0033817012,0.28306705,0.91579807,0.5055519,0.62024355,0.22844937,0.79682857,1.0069362,1.796478,0.6096694,0.10226627,2.0142708,0.1727562,0.74596155,1.4217005,0.029429134,0.31817234,0.84863365,0.03898886,0.00068340235,0.33050373,1.1762085,0.9215536,0.16366749,0.7376046,0.10973486,0.056239583,0.5635127,0.27469093,2.3446434,1.4539917,1.230143,0.8092355,1.23865,0.048578344,0.1237342,0.54848146,1.3320156,0.84259516,1.2845297,0.35676885,1.5077378,0.0035623407,0.09254323,0.35555896,0.6607262,0.24920098,0.84298486,0.044343464,0.6551507,0.011342676,0.513956,0.95626956,0.61445755,0.7412133,0.33624235,0.28063208,0.0021502215,0.17930934,0.35993513,1.0319809,0.28256118,1.2499056,1.3045514,0.42122653,0.48651344,0.3522118,0.12331983,0.6245299,0.14310852,0.9071864,0.7968216,0.8077213,0.76730275,0.57631195,0.73114747,1.7423565,0.04738649,0.25259182,0.299009,0.5993574,0.6525417,1.4729279,0.5445626,1.5955166,0.1254108,0.017954163,0.0,0.041301083,0.4718322,0.19164558,0.10081182,0.37567165,0.13099493,0.7990123,0.26240382,0.32357422,3.4751663,0.5167867,0.27081126,0.6246361,0.4497921,0.22812597,0.0,0.82078576,1.0674176,0.39055243,1.0936452,0.3264814,0.18938343,0.8693684,0.041915514,0.4658965,0.38902885,1.2585367,0.5684382,0.65877455,0.576043,0.5784077,0.0014952468,0.0071575446,0.14306192,0.5875379,0.6843563,0.6293509,0.11201138,0.6871191,1.1526753,0.8075603,0.1744919,0.9724697,0.23151882,1.3997058,0.39557216,0.47411454,1.209173,0.6136927,0.6430993,0.4201883,0.17901523,0.47539163,0.55454916,0.3917135,0.20637259,1.3324538,0.36947677,0.4866089,1.9016973,0.3068604,1.097316,0.083353624,0.9689853,3.9707174,0.39471042,0.009751928,0.99967307,0.5205391,0.0045274324,1.1294075,0.09597601,2.524779,1.2294543,0.2245593,0.4131357,0.41402185,0.6471386,2.4739654,0.5397946,0.16806641,0.23305766,0.021039639,0.3534561,0.63753694,0.5867337,0.356398,0.5776184,0.8574426,0.49833858,2.6489577,0.36216837,0.35284603,0.38795203,0.760089,0.4104035,1.1241175,0.81577796,0.29839522,0.5185366,1.1016212,0.5345802,0.9435375,0.47108096,0.1864508,0.67457765,0.026865168,0.52366614,0.015146991,0.38295242,0.0,0.8013491,0.723932,0.5526425,0.13419715,0.3065208,0.4618791,0.9089987,0.15277487,1.0965354,0.11821188,0.13042258,0.13742258,0.38895875,0.0,0.38220328,0.48965096,0.09362489,0.15853803,0.2795958,1.4725181,0.7251518,0.39001635,0.05599246,0.7568889,0.6475257,0.005582154,0.45016572,0.62476015,0.24400574,0.57680446,0.41826263,0.1502062,1.6562685,2.2280333,1.7896585,1.0006094,0.63269347,0.2265637,2.5311518,1.7446966,1.1828977,0.10378959,0.048528865,0.029333785,0.22106794,1.4803843,0.13975215,0.39971536,0.056618247,2.5291588,0.7396595,0.6652922,0.8637083,0.235055,0.35720676,0.20658025,0.74012524,0.0059305434,0.45849422,0.16381551,0.5442505,0.409252,0.38471767,0.008881124,0.51076365,0.8839154,0.27910087,0.9319013,0.049654793,1.3691512,0.5024143,1.5677154,1.6773664,1.1086601,0.430195,1.0433253,0.83105886,0.42841682,0.63013726,0.019470336,0.549745,1.8558397,0.4125654,0.043301374,3.138314,0.39564165,0.5872203,0.2857405,0.18349914,1.1468028,0.05780317,0.29315826,0.51686144,0.14830069,0.07630569,1.0502537,0.9461072,0.42145655,0.36552313,1.9184692,0.3034658,1.0679227,0.58837587,0.14185543,0.48229077,0.389806,0.5498643,0.11140831,1.072277,1.7006223,0.09484106,0.2081979,0.2306209,1.219018,0.37177062,0.704276,0.11146041,0.2948752,2.1128097,0.88760024,0.7847384,0.123430505,0.27228597,0.6461011,0.2537922,0.25947988,1.0571184,0.74778736,0.20008415,0.73909307,1.8360019,0.72881585,0.69868654,0.013856085,0.61600286,0.40304914,0.5684925,0.46783322,0.028249506,0.83006793,0.5865739,0.3860356,0.089582756,0.14582145,0.20140901,0.90200305,0.018720238,0.20118077,0.2369296,0.36073193,3.7439363,0.5159529,0.8900849,0.2033605,0.49393627,0.34042802,0.44830835,0.554902,0.52689177,0.041172534,0.12924501,all_pothole_images\pothole_images_2_image_173.jpg
1.1298113,0.3980902,0.23342037,2.5200448,0.7003813,0.09615388,0.5391323,0.90826744,0.56081843,0.17693537,0.7979386,0.7326197,0.1376772,2.452039,0.33967248,0.59207696,0.9200148,0.13489176,1.6674471,0.15967873,0.4730247,0.6329025,0.629544,1.2369738,1.5861558,0.34391123,0.06239451,2.2707458,0.3785713,0.50191534,0.39042726,0.22474495,1.2055881,0.08082216,0.036533155,0.9417852,1.119186,1.3864006,0.33468673,0.4393755,0.117577136,0.075886466,0.23123871,0.8962812,0.4746243,0.8138917,0.018401003,0.7659785,0.52611274,1.2783422,0.110488266,0.24724354,0.5721301,0.18033269,0.568972,1.0487207,2.3196967,0.0147293545,0.17287293,0.09676106,0.08052058,0.16138569,0.5602733,0.31002337,0.9758266,0.25363427,0.6269354,0.1854625,0.48089662,0.23775007,0.91481745,0.04786762,0.86228365,0.07030869,1.3070898,0.41068548,0.100105956,0.3382826,0.49711716,0.2780787,0.19194622,0.64365727,0.32431912,1.3734125,0.14159243,0.44271064,0.0138466535,0.25459126,1.0961049,0.6303137,0.54148185,0.0,0.081210755,0.31833944,0.33367965,0.03158953,0.54176414,1.0577992,0.18029737,0.3573887,0.29334226,1.7434026,0.48362085,0.05557816,1.9671836,0.011967501,0.15802853,0.5376626,0.15061444,0.6176809,0.0,0.6499588,2.1632125,0.9402682,1.0554012,0.091552354,0.57466984,0.026354618,0.74669087,1.1022991,2.6118596,0.29102546,0.17376244,0.6957665,0.16128774,1.07853,0.108585894,0.7485138,1.6260046,0.05395947,0.14119332,0.02059227,0.17609894,0.16536324,0.124749124,1.3059677,0.0,1.1774815,0.005667921,0.0026782185,0.659907,0.019655373,0.58861506,0.023157986,0.008935634,1.3594671,0.0,1.3675605,0.062790774,0.15682296,0.5953221,1.6518449,0.12690817,0.0670959,1.3433367,0.75120753,0.47213992,0.110110536,0.8324493,0.07746482,1.3320937,0.423554,0.39564598,0.32289943,0.43692526,0.16656491,1.7834562,0.042345174,3.287109,1.3009511,0.0,0.06482025,0.0,0.06179754,0.20201372,0.20479651,0.21684021,0.0950967,0.63230485,0.030531809,0.57983905,0.7700549,1.1332504,1.8223355,0.6167977,1.3889338,0.40118945,0.24268411,0.079395294,0.49959657,0.094943754,0.046896033,0.57525605,2.2973094,0.013987054,0.10628591,0.41913852,0.49609694,0.6521277,0.7012713,1.72149,1.2180064,1.219545,0.7062482,0.20575151,0.10910532,0.93626773,0.094784655,1.1727935,0.68965715,0.24938695,0.18443848,0.27195555,0.18075924,2.342726,2.2246413,1.5420662,0.3895741,1.1171255,0.18604691,0.53509545,0.13500078,0.38463047,0.6336592,0.013136426,0.02941372,1.2025795,1.3518698,0.9412105,0.17937924,0.0114224525,0.2859804,1.7143489,0.6140274,0.5863991,0.42617399,2.1069033,0.041174043,0.022133352,0.1846404,0.6086526,0.061541878,0.48952737,0.3466729,0.31413078,0.024181286,0.54984874,0.050153214,1.1811342,3.9058197,0.16998672,0.53936446,0.44692415,0.15821205,0.011418682,0.044213325,1.9247828,0.3052183,0.060073145,2.8045728,0.06115922,0.08617592,1.9071716,0.12625305,0.007084982,0.7081071,2.1266468,0.054866225,3.4848666,0.15820745,0.101174414,0.12301435,0.5542221,0.37921676,0.26323134,0.8870158,0.3769593,0.13281465,0.49705216,0.38594443,0.5538251,0.54456365,0.6509099,2.1085203,0.62631506,0.6065241,0.12299817,0.15467422,0.5810366,0.29398006,0.5865225,0.05507139,0.59601986,0.30530605,0.016159294,0.05005234,0.3227431,0.056740984,0.104541086,2.2306578,0.24336964,0.20465685,0.013403171,0.84608,3.643312,0.18025853,0.20741262,0.44423226,0.6271505,0.067644864,0.815971,0.79588956,3.602572,0.86722213,0.08333476,1.026638,0.0,2.7773356,0.61014843,0.3589655,0.7859333,0.10537966,0.053828113,0.26295286,0.23879278,0.27720538,0.5837118,0.061547846,0.19557503,0.14006105,1.3261862,0.5760506,0.21431132,0.0,0.048707124,0.8134357,1.4715736,0.2654195,0.33132347,0.010377484,1.4842882,0.6342362,0.99936527,0.07974122,0.66237795,0.6480519,1.2288569,0.2240089,0.076569155,0.42575914,0.08641088,0.5660315,0.16972265,0.45061186,0.103990555,0.08723743,0.3299374,1.455676,0.7153357,1.0258496,0.25151384,0.81472653,0.63956195,0.5350572,0.0,0.15799282,1.3191787,0.0,0.95730245,0.18644671,1.873139,0.03908954,0.003371811,0.11731085,0.5782231,0.07268478,1.1904297,0.7856876,0.46476337,0.033441193,0.85418123,0.084068805,1.7599076,0.34233278,2.9236517,1.3514507,0.9375745,0.032980476,0.12312423,1.4747657,0.16146119,0.6920767,0.4606474,0.5072856,0.00092310045,0.31665784,2.7434645,0.27163208,0.21086249,0.29512736,0.4944348,0.6211145,2.0285232,0.9329517,0.70622516,0.44799042,0.2988248,0.23293316,0.07991101,0.113711275,1.5991063,0.43194345,0.3584453,0.23800151,0.35156897,0.14807346,1.298922,0.65026325,0.48798198,0.0,1.6347466,0.8009909,0.55641073,1.2619382,0.7866212,0.0005084438,1.1305776,0.1718572,0.85541165,0.5318199,0.24504109,0.8463566,1.1879483,0.03248836,0.2880651,3.6852431,0.10672172,0.20613028,0.008049601,0.8587741,1.6508636,0.16681947,0.28303844,0.1833395,0.4932714,0.0,0.58270645,0.4551831,0.5497071,0.52458924,2.1635027,0.36468127,0.8208889,0.44021377,0.99587715,0.581635,0.67257977,0.40766773,0.30449092,3.4304605,1.2121743,0.7154463,1.4190499,0.14126632,1.9194765,0.19556268,0.0,0.0,0.54177624,1.3967986,1.8758082,0.06306243,0.0022298787,0.77826184,1.6403419,0.33076406,0.022912974,2.225302,0.31135768,0.1683856,0.44798177,2.2874277,1.7172445,0.42083883,0.24388689,0.107243635,0.1270117,0.37429038,0.8662273,0.23298559,1.315009,1.060229,0.08773659,0.00594696,0.26254314,0.101415925,0.2192577,0.4269023,1.0880374,0.62600654,0.22064698,7.0235615,0.50450027,0.3562493,0.4978521,0.30936792,0.8924355,1.0871215,0.10592363,2.159321,0.023157071,0.67012835,all_pothole_images\pothole_images_2_image_174.jpg
0.39774004,2.3008537,1.052486,1.9350061,0.43325767,0.3560162,0.43060762,0.04220797,0.8531245,0.7941292,0.1182494,1.3770132,0.011228093,1.8775475,0.47171953,0.6460301,0.6043952,0.6415337,2.569668,0.16499749,1.3896586,2.3355503,0.5127478,0.94141495,0.30929387,1.1582946,0.7777831,3.4212556,0.15633583,0.3254855,0.40339115,0.035968065,0.8106062,0.29145688,0.295358,1.8446555,0.937007,2.087564,0.4917228,0.87702537,0.2678851,0.28815362,0.5460289,2.042835,0.80776525,0.8979643,0.2565696,0.42568976,0.39613068,0.7361178,1.7864823,0.38853815,0.37209398,0.71983594,0.33842483,1.2456161,1.4678578,0.20323512,1.2025206,0.250899,1.1117469,1.2148604,1.3559159,0.3546331,0.88711697,1.0877451,0.8596118,0.016626688,0.71152467,0.6715323,0.13516948,0.61934614,0.28306425,0.14318267,0.99005014,0.6025342,1.0135632,1.7694032,0.10753457,0.15512319,0.89567316,0.10763079,0.083370574,2.185626,1.1766129,0.039632533,0.26823682,0.09052932,4.205136,0.34815955,0.20473728,0.20282134,0.25750577,0.4536318,0.2489304,0.027874185,1.1015794,1.6775335,1.4230282,0.8602994,0.2079284,3.4851644,1.138482,0.5350961,0.46212542,0.16113949,0.80026436,0.09938055,0.084741496,0.89777637,0.51753277,2.2613177,0.70527166,0.12411631,1.0341833,0.5865795,2.3860197,0.3860521,2.1906915,0.941315,0.5144563,0.2821717,0.33794427,1.1512324,0.38070977,0.51715124,1.1828084,0.673306,0.6620888,0.22147816,0.2718108,0.111708485,0.25192824,0.14066374,0.033218205,0.16233611,0.3874799,0.62118065,0.544879,0.34778562,0.8657736,0.1138423,0.23996983,0.52625006,0.41972366,0.637953,0.7966043,0.1282136,0.7508014,1.3187556,1.7899755,1.1498334,0.0,0.15405405,1.0388552,0.37657028,1.047346,0.30603796,0.9018475,1.0293367,1.0493734,1.9839505,0.18131764,1.8245718,0.27481094,0.6801873,2.9113805,0.5557112,1.23058,0.68075484,0.18862441,0.17055316,0.21167184,0.5370423,1.1520113,0.18939658,0.14395103,0.19196151,0.25535506,0.26861292,0.07950388,2.9628825,0.98921543,1.5484662,0.75878346,0.73505074,0.114805885,2.4681277,0.049057625,0.76439524,0.55329114,0.773865,0.046134025,1.4893734,0.030183868,0.1377739,1.0844213,0.12968451,1.5918669,0.71131134,0.15598612,0.60377103,0.56472945,0.40152842,0.63946503,0.2103274,0.61956924,1.5889914,0.318418,0.017139656,0.122345075,0.1611607,1.7184902,0.82139975,1.4664342,0.89815724,1.1770861,0.064330906,0.754939,0.37007412,0.8951931,0.0035678786,0.4086703,0.54550904,0.18065938,1.7678192,0.32632926,0.7083909,0.9408229,0.9205191,0.53622764,0.48962638,0.28716266,0.12730484,0.32726213,0.14537804,2.168155,0.37301654,0.00025075357,0.45869064,0.22434969,0.045745675,0.14257763,0.12675011,0.7404346,0.095498666,0.854887,0.19439538,0.61853254,3.1345315,2.6465204,0.080642045,0.6502102,0.4704529,0.17163813,0.7840277,2.0416923,0.48481974,1.2633576,2.3150902,0.8052874,0.4553003,0.96027815,1.2320758,0.7649038,0.4434097,0.11039034,0.643142,0.79420453,0.22824655,0.086143434,0.20064907,0.21490145,0.16615883,0.7436883,0.5996748,0.3043411,0.37265486,1.4083014,0.7334956,0.29105192,0.42554498,0.071956694,1.7113545,1.3342744,0.90700585,1.2093719,0.5663199,1.7157493,0.2889322,0.2681845,0.90564495,0.09896542,0.9648837,0.25181115,0.17136213,0.94781804,0.7052358,1.2471282,1.1560563,0.18880533,0.85000694,0.9870397,1.848379,3.6201034,0.57076627,0.21793404,0.7371384,0.7920757,1.9685432,1.785404,1.6928197,3.3119726,1.2098165,0.7157254,1.6162766,0.6237712,1.2760859,2.7622075,0.18579267,0.032118496,0.31795773,0.3726199,0.051375218,1.2527804,1.7877555,0.33042735,0.002801821,0.768089,0.97407997,1.0245874,0.562865,0.041644532,0.11547688,0.31626764,0.37368977,1.629026,0.99989784,0.033321902,0.6093098,1.1706251,0.5518668,1.4217173,0.474263,1.0748451,0.55905986,0.37103614,0.1413701,0.9514567,1.292892,1.4533707,0.36031953,1.3877487,0.09877066,0.0840389,0.42748073,0.9446724,0.49529025,0.25708264,0.25899547,0.15961632,0.46050847,0.58749896,1.4495388,0.73387176,0.5503744,1.2694014,0.8666634,0.31274644,0.26144165,0.34589824,0.109079495,0.9079444,0.8171222,0.2651674,1.0627496,0.24308263,0.28384992,0.10115383,0.5820354,1.0787617,0.3730034,1.8785658,1.2881017,2.3834023,0.5650692,2.906177,0.25345433,0.96986175,2.5355885,2.9129367,0.03614997,0.06884854,0.7116626,0.15817071,0.21576817,1.2785199,0.05003985,0.47218937,0.32349864,0.5306048,0.3841903,0.028013885,0.5399719,0.7737183,0.0030297844,0.7682854,0.7629204,0.6755292,0.07353595,0.66890013,0.21725374,0.2578198,0.7838014,0.08292984,0.3901228,0.6380721,0.82738245,0.07695266,0.24263223,3.7422833,0.49573523,0.9687981,1.8168992,2.22259,0.24864313,0.1723094,1.1053618,0.43757546,0.3950815,0.10226156,0.06575102,0.18029061,0.7805683,0.94255096,2.3381333,0.5465048,0.61633986,0.21626377,0.5871488,1.5533571,0.26501253,0.29458332,0.20578082,0.29204106,0.13432851,3.1178563,0.68981475,1.2105765,0.44333676,1.0235829,0.4440995,1.0437199,0.7581711,1.5165931,1.1439012,1.9015784,0.62159437,0.3595911,0.39917833,0.29463965,0.12953202,0.75471556,0.23582014,0.5474956,1.8801969,0.31426245,0.27618,0.9995748,0.7592707,1.4031023,1.0980176,0.41755512,0.35278806,0.9254422,0.36303446,0.7463136,0.16108344,0.8491627,0.3482605,0.7360515,2.6603792,0.077093266,0.033936977,0.4239359,0.24857447,1.4891027,0.08193572,0.791287,0.55722857,0.31756747,1.3368933,0.24868101,1.5186723,0.023099061,0.2421024,0.18055452,0.74007523,0.13082872,0.17790282,1.2784287,3.6958704,0.31627998,1.0626856,0.96278864,1.2518555,0.32365647,0.07050581,0.5440635,0.4986827,0.083325095,0.58518195,all_pothole_images\pothole_images_2_image_175.jpg
0.08749349,0.9948233,0.13736275,1.7491509,1.3102871,0.35066497,2.0417995,1.3178278,0.13985077,1.043995,0.6585425,0.43432075,1.2279522,0.70351416,0.3955026,0.15157409,0.06552392,2.1196644,0.917281,1.0519627,0.08690596,0.2103325,0.59018236,1.6756324,0.671447,1.5091403,0.64877486,0.045988385,0.26131728,0.10069397,1.6666882,1.3256917,0.50039583,1.4013911,1.0437626,2.0874033,0.06845246,0.11098405,1.0885042,0.20633668,0.04825952,0.102377765,0.016722547,0.35231003,1.0326896,1.4968408,0.6765371,0.0032642197,2.2582958,1.5218838,0.25213188,0.11708588,0.6118568,0.7848252,0.068924695,1.3612778,1.4157213,2.5663278,1.2217313,0.31786358,0.3088693,0.22173533,1.7301674,0.91255724,0.44083777,1.2609857,0.89664906,0.36997762,1.3473716,0.42849755,0.1737214,2.5358424,0.054822564,0.08602118,0.14340626,0.046023417,0.30650768,0.87166935,0.10123839,0.9346539,0.5374498,0.31237435,1.4449015,0.2631255,1.4044151,0.40799704,1.0733019,0.8174102,0.1751744,0.5593907,0.56765443,0.8152851,0.15355323,0.35075065,0.52928716,1.2874537,0.9315043,0.7697847,0.6564753,1.0352839,1.9896964,0.6947496,0.47241,0.7941575,1.4531075,7.0865316,0.21938457,2.487015,0.13631834,0.013292115,1.3331513,0.31254882,0.03147137,4.419121,1.1806432,0.35545832,1.2266032,0.97931623,2.906753,1.8029928,1.46588,1.4332532,0.7165929,0.58290786,1.1134222,0.14864138,0.94098896,0.3224474,0.9550118,0.073651545,1.8293376,0.41158146,0.28739393,1.6452044,0.090583764,1.6033564,2.367637,0.22039646,1.5275453,0.19095135,0.5131294,1.7289014,0.567053,0.7839429,0.86185133,1.0389073,1.1174612,1.455619,2.104046,0.33715174,0.2696772,1.309023,0.38834247,0.49873725,1.4590111,2.5105636,2.8010762,2.3077865,3.2347462,0.70472616,3.5888479,1.3555808,0.3650344,2.3094366,0.9218654,0.6619457,1.3437145,0.58785677,0.7295563,1.241133,0.5163705,0.8799083,0.057705555,0.105588816,0.81740826,3.9041233,0.3132309,1.1740644,0.16254844,0.26419225,0.5405312,1.2153112,0.18915462,1.5513802,0.0,0.07833825,0.28005293,1.343914,0.09635071,0.31464297,0.17518501,3.0525837,2.2906008,3.8069575,0.2294194,0.6108016,1.5815495,0.39470625,0.73996454,0.4977749,1.0804974,0.366617,1.1035215,0.41490534,0.74309665,0.20643675,1.8077542,0.05121419,1.057409,1.1206641,0.17102292,0.6491263,0.15474567,0.8071306,1.483779,0.2852089,0.57336736,0.26476952,0.06821982,0.0059319357,0.93847466,1.9105992,0.8418872,0.22656037,0.3923817,0.7670839,0.22809236,0.7072704,0.72577477,0.38177606,1.2760661,0.25188878,1.574443,0.07425087,0.5007477,0.22950472,2.4178903,0.30957568,1.0828769,4.1486588,0.6860989,0.06482405,0.055648103,0.35027835,1.0210152,1.1349654,0.2690481,0.5725531,1.0649866,0.86440986,0.9663544,0.22553977,0.6865472,0.025710998,1.0433909,0.091804795,1.1784123,0.9704977,0.15071121,0.8928488,0.058185913,0.23905474,0.124583706,0.9747677,1.0123572,0.019900616,0.54337716,0.5762076,2.2242455,0.48152903,0.7612043,1.1432533,1.0414059,0.044357605,0.9761012,0.6579878,1.4853516,1.0379246,3.0246456,1.4821147,0.7611033,0.20696186,0.119711116,0.58910483,0.24419352,0.46713975,0.97059363,0.66282684,0.3266706,0.23064314,1.0008886,0.36419111,0.048760895,1.3013186,1.5384084,1.0543851,0.47815183,0.39243713,0.5186597,0.046510395,2.6131797,0.0,2.0376108,0.07265956,0.116398655,0.8757816,0.2025775,0.070540294,0.073534325,1.1221865,0.056815527,0.40146947,0.24092054,1.049086,2.4976156,0.00042699778,0.0034699207,1.2692688,0.8029569,0.26519004,3.0946736,0.17759901,0.4693458,0.62228113,0.0607375,0.92765504,0.03229991,1.764164,0.48604274,0.52985567,0.22530617,0.416101,1.1201974,0.046671048,0.36721078,0.892744,0.01064144,0.0397824,0.34548217,1.0018989,0.22369337,0.063158855,1.1130885,0.287938,1.720578,0.30678803,1.1242164,0.4926093,0.2524909,0.2389859,0.8922155,0.06114412,0.49912262,0.2857251,2.2365701,0.59381914,0.6167409,0.9249728,0.13483511,0.6546243,1.4502,1.8157026,2.280355,0.05038673,0.5648067,0.089524664,1.481836,0.23668793,0.42147666,1.6507505,0.24562868,1.0499868,1.6984978,0.096665144,1.1140441,0.4983525,0.6602081,0.25587922,0.7339989,0.8001377,0.34844983,1.2584822,0.0,0.5261073,0.5078934,1.1004142,1.962252,0.66652685,0.8656428,0.2812534,0.69796723,1.4322382,0.6187056,0.19138885,0.1607575,0.89636475,0.3892887,1.5195628,1.8522284,2.5128496,0.69837654,3.9103312,0.16769412,0.0061395406,1.0118173,0.32030475,1.4304293,1.9577994,0.7024745,0.22565043,1.0507317,0.18707088,0.047575403,0.09130678,0.81376547,0.92151004,0.05811157,2.3158536,1.2259742,0.010754285,1.1921465,0.15834565,0.34196317,6.5491233,1.5896214,1.0330576,0.74760056,0.62961334,0.0,0.66050804,1.0559986,0.55001867,0.13816951,0.42508268,0.6043842,0.76997733,0.99747986,0.028421953,1.0510986,1.1570965,0.16027717,1.3405992,0.5574424,0.22098283,0.0037358424,0.047089983,0.0047082654,1.0144948,0.1396092,0.4400085,0.83297586,1.1682297,1.5438868,0.7067566,0.36140668,1.1818993,0.64055276,1.1738586,0.54574555,0.7385417,3.1639478,1.0093477,0.5320198,0.6953586,0.008817005,1.1167587,0.33375794,0.15907064,2.5016153,0.4627521,0.34222108,1.2438422,0.19508739,0.79604185,0.13919564,0.047188506,1.4262655,1.1569444,0.91294783,0.9013794,0.35351446,0.8823449,0.42843074,0.1444024,0.5221621,1.1903034,1.108114,0.058226928,0.8968454,0.5789569,0.08631198,0.5914965,0.46859312,0.025974842,0.32249346,0.15393157,0.5236427,1.1453265,0.018565618,0.90947545,0.6284923,0.23371598,0.4187626,0.96496993,0.18347847,0.43288973,0.62747455,0.850328,0.79625064,0.16955087,0.06722193,0.1520737,all_pothole_images\pothole_images_2_image_176.jpg
0.114335775,0.98008573,1.2879018,1.1885523,0.05795494,0.023668753,1.467291,0.62429136,0.68626654,0.53074265,0.036964804,4.627773,0.18185876,1.1863233,0.22918645,1.2049727,0.22149219,0.84851617,0.1305949,1.8983558,0.087169744,0.14703292,0.051973168,0.39090133,0.6707433,0.18546498,0.28221416,0.21816522,0.078033835,1.2301116,0.6567098,0.9046788,0.4888082,1.7239498,0.2734844,1.2858207,0.08716664,1.0079404,0.22061121,0.28348222,0.27743405,0.8149723,0.79585546,1.0341724,0.7342764,1.6483318,0.5413971,0.38666025,0.5298776,0.14760438,0.66941553,0.7292337,1.2560712,0.31282842,0.3634312,1.0968639,0.76713085,2.6060252,2.1815338,1.3307652,0.1247031,1.0642446,1.1144111,0.021282895,1.604111,0.6389244,0.04214489,1.2200125,1.8472006,0.058447905,0.8592367,1.4569811,0.42761922,0.46197703,0.55099565,0.28938904,0.7895086,0.18553296,0.8514049,3.041738,0.9987232,1.1972516,2.5745647,0.4792869,0.3623633,0.863274,0.36364764,1.1182277,0.07500893,0.1533656,0.005718801,2.653837,0.44845867,1.0548869,0.74766326,1.0893183,2.4531748,2.367577,0.5366936,1.9295946,0.8990629,0.002054168,0.068066224,1.8098634,0.5016651,2.519676,0.36030558,1.3778023,1.2568865,0.47320306,0.033136167,0.61458594,0.003509027,1.7398684,0.13668562,0.15920444,0.12625179,0.12777509,0.5207762,0.051362745,1.1869293,0.55655146,0.9305748,1.6871585,0.2891288,0.16886202,0.2757846,0.60610557,0.02106012,0.452372,2.9755747,0.37913457,1.1495032,1.7213278,1.4132183,0.79212976,1.7084299,0.038985316,0.02309581,1.6578817,0.09502904,1.2509817,0.91037905,0.28668585,0.22661485,1.394034,0.08956,0.8695199,1.2462775,0.20071726,1.6848183,0.08695947,0.32230583,0.24713264,1.9152689,0.025230689,0.72792536,0.8903423,0.37221378,0.1583131,2.1751974,0.25768617,0.20506887,0.72331697,1.1584219,0.32384244,0.8326978,0.43694323,0.38225937,1.6297297,0.2820277,2.9490142,0.19366652,0.35616443,1.0548213,2.50247,0.5890595,0.15449859,1.2980286,0.9197328,0.22634071,0.34358373,0.28951594,2.0496461,0.17238037,0.49906713,0.17849216,0.6336481,0.5352293,1.4748111,1.5846523,0.9080381,0.6339379,0.95458126,0.3380712,0.1426195,0.40835497,1.0848074,0.9759518,0.06984317,0.5682795,1.043147,0.063407086,1.6320579,0.11401784,0.33787656,1.5250692,0.048933562,0.8595084,0.92926216,0.8655335,0.3657945,0.0582024,1.083095,0.1804532,1.4131289,0.16149266,0.16202733,1.0807347,0.15841916,1.7715267,1.6817919,0.14393885,0.59023577,0.76562124,0.24946487,0.31197795,0.15237604,1.5036328,0.87124634,0.39872703,0.4411237,1.4269257,0.25522658,0.343066,0.058359608,1.712432,1.4644403,1.5829424,0.694752,0.53269523,0.47040182,0.617764,2.862891,0.21940324,0.3665155,2.2541685,2.6354878,0.108843215,0.10142649,0.3754896,1.0616767,1.3273804,0.2962247,0.28522477,1.9201604,1.3267896,0.3289607,0.60233825,0.54780704,2.077982,0.7675075,0.8177668,0.51121163,0.010159219,2.1864414,0.97406006,0.5670964,0.6361369,1.8281271,0.0058186017,1.4240189,1.2509326,0.021970058,0.86928076,1.8989642,3.3245955,1.2844185,1.8630784,0.49133104,0.79600406,0.054995317,1.9565592,0.32168135,0.064091,0.00935743,0.38840184,0.90755147,0.37360156,0.5692963,0.21886747,0.05934005,0.621013,0.12856053,1.2306821,0.36797222,2.3820038,0.35078114,0.4870495,1.3403662,1.9130464,0.26998958,1.3518326,0.37904513,0.14935976,0.5261346,0.45670986,2.9649386,0.8481311,0.947274,0.09189339,0.054030124,0.41251886,0.31221446,1.606501,1.5700464,0.24816641,0.6063891,0.9847674,0.8573782,4.567757,0.2615884,0.80604583,0.64904284,1.7178148,1.1150367,0.24355714,1.2241901,0.2848206,1.2594775,0.07419163,0.05724456,2.4685485,0.4131788,0.69939524,1.7563326,0.29013765,0.56640476,0.075462304,0.7407982,0.13163537,0.10203147,1.2427264,3.5485952,0.046856023,1.1067106,0.03779734,0.94434583,0.39592466,0.08684225,0.5232267,3.1293573,0.5088071,0.0,0.124613866,0.8756902,0.3346742,1.6734532,0.122530445,0.26050133,3.2469823,1.5749328,2.234166,0.012465246,0.13636003,0.89055157,0.32307133,0.6569326,1.2062471,1.3220888,0.08809927,0.2713383,0.9155717,0.048114777,0.20702001,0.22422339,0.45491463,1.6536636,0.29494125,0.030848444,0.7726364,2.3729308,0.34088647,1.507443,0.21742335,0.8891861,1.2034215,0.33941314,0.14164971,0.048798114,0.9138515,1.1568929,1.3121597,0.40573898,0.3707357,0.09898165,1.4403162,1.1841216,3.475683,1.2300979,0.9883532,0.9057755,1.5675366,1.3658708,2.1457615,0.29906285,1.6161176,2.6591654,0.04528645,0.0,0.039752062,1.4160511,0.1887714,1.0702614,0.06562244,0.3685845,0.4557999,0.04454591,0.16593876,0.96347415,0.16619734,0.12001976,1.1654912,2.4871078,0.2316292,0.20871124,0.95961076,0.034458008,1.1598121,0.52051085,0.0030607332,0.05739495,0.36503106,0.52503645,0.34929696,0.21523464,0.6316101,0.43546122,0.48415568,0.2723255,0.2759898,0.30512607,0.22571443,1.91718,0.46189296,0.6102071,0.7404265,0.26573893,0.7669726,0.51597315,1.0945648,1.1281108,2.0426261,0.55778515,0.8101746,0.3566379,0.09027804,1.4442765,1.0193024,0.13646439,2.5890968,2.7774718,0.900521,0.56269145,0.48766077,1.8001294,3.3690908,0.6456348,0.3284237,0.46094185,0.5271058,0.92787707,0.71021765,0.036628563,0.10525892,0.1720953,1.7181801,0.8706585,0.5992376,0.54740816,2.020224,0.34645757,1.8579698,0.0,0.5610154,1.1662353,0.6632549,1.556811,2.2434351,0.29598367,0.5954488,0.14502332,0.51996344,0.0016306792,0.29809034,0.4487421,0.44791356,1.5888824,0.09421541,2.86448,0.0022840532,1.7604824,0.05619589,3.0164783,0.6933536,0.5551557,0.36718777,0.7284556,0.011124643,0.70340353,0.11587677,0.4095376,all_pothole_images\pothole_images_2_image_177.jpg
1.4614401,0.5976629,0.024691628,2.0923796,0.7433076,0.555388,0.39659232,0.19629766,0.8435838,0.62702006,0.80779994,1.1656592,0.10226121,0.625922,0.21265866,1.1085176,0.17910977,1.0532368,0.6185048,0.1871008,0.12412003,2.422159,0.47717634,0.7303414,1.037174,0.5813159,0.6054351,3.0172255,0.079472415,0.019407524,1.1119385,0.32290754,0.02031288,0.76772356,0.53091955,1.3454597,0.0,0.854894,1.3794369,0.68666714,0.27950814,0.0,0.21110263,1.1684041,0.14791901,1.2708722,0.19746076,0.6667606,0.0008188892,0.9385962,0.53166795,1.4193158,0.15476283,0.037758406,0.13710265,1.8579357,1.0776403,0.90858305,0.0822826,0.17533016,0.3397712,0.16163038,0.7632399,0.12618932,2.3203216,2.2341604,0.70397735,0.13400696,0.39866325,0.14885266,0.14995486,0.059458446,0.87197834,0.19074547,0.08867219,0.23233098,0.31774384,0.9849005,0.67820615,0.1386218,0.5412975,0.028473036,0.002329365,1.8313987,0.8763577,0.275926,0.051650204,0.08018396,2.0729792,0.14703733,0.6268977,0.01722828,0.44823888,0.0842728,0.0025821428,0.11655021,2.0543284,1.2793849,0.54031825,1.4047693,0.06095164,2.091299,0.18591674,0.8686886,1.1563263,0.12330269,0.60111344,1.0030118,0.2952056,0.011160888,0.0071725072,0.16620114,0.7002086,0.7221036,0.20355548,0.22974046,1.7203295,0.6147422,0.6476303,1.1025535,4.3300147,0.53437865,0.123001896,1.8329252,0.34452656,0.08712753,0.3268851,1.3922241,0.70879567,0.9735635,0.1970852,0.031484846,0.26442635,0.3618393,0.12846744,0.7475966,0.9773861,1.0481876,0.89914656,0.17763864,0.209212,0.20925936,0.36818698,1.1176487,0.7528959,0.81496274,0.19749883,1.8453395,0.41713408,0.23208061,1.0094457,0.9061248,0.059081826,1.1131042,0.8248574,0.3183599,0.66394395,0.0,0.096315846,1.3068615,2.5378056,0.8264728,0.0009729053,1.5419937,0.06911481,0.6216247,0.3961008,0.4999535,1.2482574,1.5088847,0.16668923,0.026127689,0.05725294,0.26487508,0.69261503,0.0977427,0.093161054,0.0520845,0.12930147,0.01915944,0.23020487,2.1341593,0.5757202,1.7600228,1.3975515,1.1053777,0.46540785,1.9985119,1.157126,0.19303705,0.043504983,0.6813286,0.092176855,0.84104407,0.8158932,0.38517165,0.56787884,0.17083335,0.46117097,0.80688274,0.33552963,2.1939852,2.269227,0.49636832,1.3884171,0.70075554,0.23830144,1.0170246,0.3327531,0.31275263,0.093530014,0.0,0.93018353,0.42852074,2.3833807,2.463528,0.22922912,0.27745506,0.34866682,0.051570673,0.64335185,0.63075864,1.6519504,0.32189572,0.13826929,0.60799944,3.4881573,0.14000845,0.8850497,0.52545893,0.18884157,0.79749626,0.4247158,0.04033924,0.69903564,0.2936042,3.465901,0.05156616,0.57602066,0.7671472,0.22480379,0.072958976,0.8912354,0.124321274,0.5724389,0.0,0.18293044,0.41058087,0.04013789,3.6007385,2.6515677,0.26839826,0.2097889,1.6029721,0.26936406,0.03656261,0.4086235,0.32516012,0.17814042,0.73107404,0.5499883,0.07917206,0.6671707,0.4697003,0.24384429,0.3013831,2.266637,0.27293694,0.9331858,0.08094485,0.2544355,0.33128932,0.10424818,0.47734225,1.9232597,1.3972402,0.7039946,0.833865,0.97494954,1.227521,2.585245,0.16408452,1.8649341,1.2487944,0.22542217,1.392618,0.7464069,0.9169425,1.9022309,0.6819172,0.14847155,0.056049634,0.0812963,0.8807963,0.4074138,0.3180114,0.23352833,0.8921675,0.24974734,2.2170553,0.42446843,0.9693843,0.048857562,0.7253162,3.644507,0.42174202,0.35547963,0.32674003,0.10263802,0.9908071,0.18402813,1.4126154,1.2551113,1.5329359,1.1154238,0.466156,0.006417918,1.8365617,2.2310052,0.16046719,1.6033325,0.16756411,1.32854,0.0,0.7142832,0.3824374,0.64863825,0.041756343,0.24853042,0.5718165,2.077687,0.49488953,0.9927038,0.59160054,0.121458136,0.45449632,0.80912334,1.2723264,1.390255,1.0978945,0.18989196,0.0,1.2642757,1.5825186,0.4815145,0.12907702,0.16181612,0.3834732,0.5678142,0.12134379,0.2790612,0.3250701,0.6145738,0.37467068,0.21911532,0.18391374,0.23127882,1.6622545,0.881216,0.29164618,0.41964394,0.33436775,2.4708564,0.6663109,0.14546771,0.055592816,3.5727968,0.24421132,0.55431795,0.28220725,1.9761608,1.0002946,0.35050115,0.11291547,0.03577494,0.0058500473,0.018917536,0.20388661,1.666786,0.0434869,0.4185331,0.49048138,0.17682408,0.01586634,2.8217797,0.4723311,0.8979824,0.13590647,0.0035537097,1.5829881,1.9447713,0.6363174,0.33629486,0.22183058,0.18259327,0.20948893,0.5969892,0.048720524,0.112305306,0.09926354,2.3849363,0.7473422,1.2586133,0.69758946,0.44418633,0.5680487,0.4027194,1.0580612,0.74347633,0.012195091,0.6553701,0.45115817,0.07840784,0.3629105,0.52149016,0.24126793,0.24459758,0.8669908,0.5615161,0.0,2.2348328,0.7369598,0.9556087,1.9579536,1.0702176,0.65950936,1.4313837,0.9172412,0.29316044,1.3049761,0.8838096,0.053467527,1.1724503,1.0833892,0.30051088,3.1323254,0.6521845,0.8654391,0.0027909486,0.40517518,0.58386356,1.0211525,0.27712312,1.3969839,0.4837273,0.016460013,1.6422554,0.15134315,0.035773803,0.20763925,2.6800885,0.16487008,0.45694855,1.3113973,0.6439363,0.91489613,0.0351494,0.2767906,0.3364252,1.0337814,2.0626504,0.19309501,0.4744892,0.104974434,0.7745959,0.6427621,0.26217183,0.019409038,0.5430345,0.08868132,0.8715017,0.2912045,0.47570005,0.6083377,0.37392122,0.0014654394,0.23495284,0.87258565,1.7434387,0.1771342,0.30823395,4.61333,1.5533459,0.20647681,0.022521531,1.327391,0.0239975,0.038180646,0.72966677,0.49105164,0.012161907,1.0334398,0.42432457,0.095458634,1.3629041,0.3796405,0.27826637,0.08238485,0.04961458,0.8018397,0.54615283,2.86675,1.811261,0.17378272,0.8291161,1.0752382,1.1217183,0.0,0.26445875,1.2285212,0.4266936,0.99118656,all_pothole_images\pothole_images_2_image_178.jpg
0.7680958,2.324993,0.1866124,0.56024617,0.48383835,0.58472216,1.1916653,0.8646094,0.53770953,0.20019022,0.9688711,1.92558,0.579192,0.09950832,0.71121037,0.6926374,1.3657243,0.0320876,1.333632,2.4601684,1.2570965,1.6453781,3.4685214,2.8960857,1.1637684,0.46162975,0.060902152,0.37735432,0.0010186989,0.9451781,0.66995806,0.40278026,0.09890671,0.45677876,0.4696493,0.8522192,1.081368,0.20041811,2.2172725,0.62401605,0.040611558,0.058512393,0.27334234,0.16022463,2.2033706,1.4588007,0.93964493,0.038290855,0.67793477,0.96797407,2.048894,0.113008946,0.64024097,1.1918973,0.63748246,0.67412996,0.023627436,0.29407638,3.6319792,1.1547744,0.7249765,0.2754523,2.8028219,0.61133766,0.15666215,1.6747414,2.19116,2.1612113,2.57797,0.4591072,1.1116602,1.3200078,0.7932516,0.3851981,1.221176,0.46215203,0.5640087,0.76306725,1.0503,1.6894579,0.10329474,1.9836001,2.0361612,0.85211366,3.0773666,0.58745563,0.5554174,1.9228106,2.0069747,0.41989595,0.15937649,1.9099988,0.5196523,3.5593398,1.5906861,0.9956978,0.09866747,0.032941602,1.4189509,0.56235516,0.6965137,0.62357163,0.8137851,0.4006754,1.2102292,0.5227323,2.806647,0.45786417,0.4354652,0.8576744,0.8244695,1.2873138,1.865343,2.1968236,1.6696357,0.5019504,0.40226153,0.6339449,1.0149975,0.8920537,0.09770045,2.136585,0.6213901,0.1703238,2.288152,2.2752748,0.12954071,0.042081133,0.014543196,0.03889548,1.4594767,1.5561401,2.411938,0.49103186,0.7700976,1.3531497,0.63271,0.62338954,1.1705048,0.87348986,1.1309955,1.8120201,0.0016840033,0.82312804,0.41984534,0.30633074,0.9527113,0.68829536,3.1761699,1.4361323,0.027149266,2.4775019,1.6385226,0.30331635,1.1140611,1.3196498,1.5405556,1.3283559,0.022779578,0.33150887,0.3566926,0.2689765,1.4882528,0.56526834,2.4003737,0.6395951,1.9201045,0.03991832,1.4518117,0.32768643,1.2638919,0.8659719,1.1839393,0.18224706,0.40940565,0.084815726,0.3494231,2.6341352,1.5558081,0.4953942,2.0873294,1.159635,0.751001,0.15149875,1.7353877,1.3042324,1.9276074,0.55333614,0.45159063,0.5776731,3.58694,1.6136222,0.22422723,1.1905679,0.08819173,1.9780432,0.89037144,0.095000334,0.1343355,1.513226,1.7060432,0.81770104,0.47298688,2.1250842,0.50646085,0.91930544,0.60943574,0.003532533,1.5759697,1.0620232,1.1730667,0.76474684,0.3454226,1.3835212,0.18003781,0.13035657,0.7552493,0.2204354,0.4016168,0.9770335,0.26575673,0.14778017,1.212066,0.34100524,0.534611,0.87120503,1.7441927,0.38108474,0.8436516,0.98602104,1.8858862,2.315067,1.7777783,0.055491406,0.8118535,1.2515904,0.7451698,0.13529131,0.46562085,2.5320928,2.8185945,0.41940713,0.23594305,0.89251333,0.12092705,0.8417698,2.1049273,0.8001028,0.8095902,0.6290433,3.1226344,0.28210858,0.44874957,0.4106014,1.352122,0.8670466,1.1949285,1.5837938,0.23421872,0.90579313,1.4557283,1.8688722,1.1066264,0.14320402,0.37420022,1.4400585,0.2231713,2.1857834,1.3396811,0.062451255,0.09777115,0.10435967,1.535283,1.7191144,0.24723247,0.90294474,1.0762252,0.36381313,0.08193201,0.45793372,0.48013192,3.270502,0.48329267,0.34438732,1.8384577,1.4868104,1.6779252,0.4473871,2.9694867,0.51823616,0.4949873,0.3773723,0.3033416,2.1708078,0.329725,1.1889685,0.79275346,3.0394464,0.70507944,0.9518216,0.03007499,0.3300733,0.36237913,0.3981932,2.5803235,1.038058,0.2202873,2.3618875,1.2790672,2.5003538,1.8052747,0.7854561,4.7690234,2.3659656,0.16346711,0.2558498,0.8147779,0.31606424,0.6759753,0.99806035,0.27226174,2.681106,0.039014027,0.43179443,1.0726964,1.8399607,0.44603148,0.8803689,0.077484205,2.646438,3.1707752,0.605662,2.1147647,0.124097824,0.2324755,0.78448486,0.2809757,0.113244124,0.6144894,0.24132313,3.259442,2.3996494,1.2997174,0.5377044,0.40774044,0.731362,1.632973,0.107440054,0.18845342,0.57196236,0.2100714,0.18422961,1.1101825,2.401576,0.571558,0.18445735,0.44010013,1.1971189,0.9636298,0.043994367,0.611368,2.6079237,0.69816715,0.577677,0.5221675,0.67035407,1.1361603,0.8529784,0.25203577,1.4852957,1.5917274,1.1741318,1.2537994,2.001782,0.8396686,2.0151386,1.1462489,1.5772421,0.82853675,1.6045227,0.12690178,0.9374109,0.14502276,0.7370222,2.5001423,0.97369117,2.8021579,2.933356,6.110083,0.7009459,0.37390283,0.14542171,0.6961081,3.3974533,0.4712595,1.6489458,1.3139056,1.210353,0.82890195,0.32662627,2.3746207,2.3851664,0.37645003,1.5683508,0.7167609,0.15714814,0.6381941,1.1543926,0.9219982,2.9882815,0.54766196,0.033214845,0.8727728,0.74703854,0.18886106,0.5197684,0.6603107,1.1268814,2.1145864,0.2483192,0.06236955,2.575113,2.128379,0.74032414,0.18760626,1.3598807,0.24714442,1.1226833,0.10108624,0.58507,3.2899084,1.0905213,0.5305738,0.75355816,0.34714216,0.41370595,0.1924188,0.072715275,0.030392444,1.5975944,1.6523759,0.427608,1.000061,0.15388748,1.1625345,1.3639905,2.7063694,0.15932381,0.98661226,2.4450433,0.1808766,0.63647306,1.1592262,0.70147246,1.6983227,0.4974774,1.2654477,0.34717864,0.6573803,0.4345742,0.41319355,2.1506345,1.3137742,1.0756922,1.0106226,0.651086,0.2453588,0.13277699,1.0726981,0.49737602,0.83127624,0.72138476,0.8083637,0.08727223,1.4005855,3.1750278,0.91953415,0.20996186,0.56095284,0.33173314,0.6991626,1.644189,0.92582464,0.1263434,0.50274336,1.6021149,0.15686475,1.9084774,0.4386339,0.9350284,1.1868664,3.6609275,0.24886131,0.0859931,0.92456084,1.7241518,1.4671407,0.13653381,0.29195398,1.1784359,0.17558183,1.0476413,0.58472395,1.0456934,1.1941285,0.10368565,0.4224035,3.0619133,0.3589001,0.8835231,2.8927991,0.59934974,all_pothole_images\pothole_images_2_image_179.jpg
2.1848927,0.56771314,0.085250765,2.0627089,0.2858948,0.26948598,1.4822358,0.22099502,0.11905162,1.3543869,0.62751716,0.98415077,1.2543349,0.8520956,0.35409138,0.008298096,0.31127495,1.2250592,0.09899479,0.14806189,2.5013292,0.24098882,0.7598873,1.3455391,1.7674342,1.2766073,1.1790898,2.138073,0.17029917,0.07369919,0.37982222,0.099951565,0.10552169,2.6317284,0.1891317,1.9440964,0.18542844,1.4565283,0.7406465,0.0013260106,0.04124804,0.6709318,0.90217054,1.6922688,0.3670844,0.1973277,1.6100348,0.6322237,0.6719265,1.3590164,0.22160463,0.60509664,0.6929614,0.30188006,0.7794233,1.0036255,0.6819095,0.25108248,0.56088066,0.3794094,1.326482,0.30148906,0.923534,1.2971199,1.042263,2.522549,1.2121528,0.26050067,0.37488455,0.040034994,2.056143,0.008427792,0.6902005,0.009380718,0.4782173,0.06891018,0.41491652,1.5233291,0.0,0.034301106,0.8714127,0.25533637,0.96015227,0.053565565,1.014951,0.116874106,0.0761724,0.17927335,1.8630368,0.6502107,0.7666836,0.0864609,0.4568205,0.4267272,0.49721324,0.600804,0.35798836,1.0963277,0.118345484,0.43536025,0.06045979,1.7802256,0.42355993,1.5550985,0.95107424,0.50779545,0.13893026,0.48315638,0.28637952,0.53792566,0.32355472,0.20115918,1.8524379,1.4030703,1.8661878,0.1131124,0.0053647687,0.23682655,1.5212265,2.297828,1.6991997,0.63236225,0.48004624,0.9260283,0.09605959,0.5060097,0.62941897,1.1894162,0.32037455,1.0983863,0.5286973,0.1425296,0.1880335,0.030126758,0.77201825,0.54498416,1.9414663,0.5599961,0.63372636,0.46315414,0.9759278,0.701485,1.2366986,0.73555285,0.53831565,2.6696746,0.2263597,0.900662,0.0,0.860428,1.2234197,3.5801086,0.016508088,0.26030526,1.2276826,1.8054302,0.56922406,0.84265953,2.3753595,0.5398643,1.9460177,0.79482675,0.69793713,0.24717128,0.20062193,1.0289376,0.54034585,0.325683,0.51704407,1.794975,0.7522993,0.61370856,0.39563635,1.7274898,0.05060513,3.447507,0.1201549,0.015041384,0.36461428,0.3518621,0.599037,1.441455,0.06565573,1.3079065,1.3234438,0.43987218,0.0,0.6862055,0.4733923,0.8133738,0.11727064,0.9378673,0.8462403,1.673499,0.3244503,1.6520388,2.084593,0.67664444,0.5998351,1.0919207,0.85743994,1.2922281,0.1323501,0.10990942,0.0149381915,0.5223597,1.1300846,0.0,0.85548705,2.0719755,0.038483452,0.13903587,0.17241178,0.52722865,1.7363119,1.194178,1.3548117,0.50736094,1.6602241,0.030359024,2.3573163,0.09284179,0.54508156,0.31053555,0.05321646,0.1556435,0.8968153,1.6700335,1.4010626,0.9099842,0.10906627,0.037087552,1.5122055,0.65004456,0.15518597,0.04204518,1.9906064,1.2064768,0.05491015,0.0041605667,0.050283637,0.07294511,0.8106406,1.5081173,0.040497128,0.024489537,0.9451252,0.7755295,2.1348708,5.343024,0.25876456,1.3703218,0.06460573,0.0343397,0.3344202,0.53951615,0.36233005,0.9322886,0.046524905,4.846892,1.190969,1.6913807,0.71756196,0.23182973,0.39274156,0.39797756,1.4240352,0.9408102,4.245141,0.32483435,0.8315527,0.24272858,1.4280701,0.50116175,0.092945285,0.8138834,0.37594062,0.23570482,0.27970305,0.7349574,0.08945808,0.19837157,0.5151774,1.2060183,1.202829,0.7073269,1.4017375,0.057744775,2.5968626,0.015249562,0.063471004,0.5394002,0.16689876,0.36936906,0.60260564,0.13745703,1.274408,0.09480605,0.83412576,4.4766097,0.8611679,0.50906384,0.013590503,0.0,4.1571655,0.1638225,0.11529053,0.06404737,0.27481413,0.11635866,1.1502063,2.0296938,1.1575652,0.9225192,1.4498347,1.0717977,0.5232808,1.2800232,2.5401053,0.41740486,0.6611865,0.0,0.95686585,0.8816316,0.08087881,0.536444,0.51865894,0.12892805,1.2815468,0.09724519,0.83432996,0.6096114,0.0,0.16748428,0.0,0.10808544,2.5625796,0.8063068,1.1910987,0.898283,0.538389,0.4207881,2.1868,1.7250259,1.3252214,0.7161046,0.36322078,1.1153722,0.29292262,0.013186659,1.1888143,1.141369,0.101932876,0.12499707,0.52941036,0.6774201,0.09292219,1.7356797,0.9960157,0.32064596,0.79520565,0.950008,1.0030344,0.86238706,0.0,0.09889791,0.29941177,0.050069228,1.0541415,0.6240872,0.5177976,0.97256917,1.4626117,0.052726477,0.4151694,0.63779974,0.30848294,0.053405635,0.59282357,0.72089386,1.3526517,0.13853766,0.22921012,0.1786438,2.1944966,1.7653351,1.6512853,0.7105945,0.011897738,0.61956346,0.45921153,1.5219458,0.04064649,0.4999333,0.06535994,0.47738662,0.51261455,0.54798067,0.7867142,0.64247596,0.01029289,2.2311864,0.0697571,0.016143028,0.48235008,0.55271184,1.5636033,0.21322429,0.6640038,0.42674536,1.4186906,0.22180007,0.05039934,0.92372596,0.3137646,0.5374746,0.29044417,1.0400867,0.7852506,0.21647815,1.6469963,1.9118048,0.15096594,2.7158685,1.6865723,0.123688936,1.6890849,1.9818915,0.29838875,1.2593676,0.0,0.27469087,0.73034954,0.63346434,1.5809631,0.3732587,0.023454892,1.539987,0.041531198,0.45354766,1.1237997,1.2412171,0.004357731,0.19599567,0.82427776,0.062361646,0.2794764,0.9584614,1.69379,1.9180064,2.2772849,0.76312333,1.4052752,0.27226952,0.8191419,0.07169449,0.7619878,0.081407614,0.04668675,0.7694165,5.2026663,0.53168565,1.5156591,0.83935827,0.21569625,1.0935003,0.027031235,0.0,1.4167231,0.3975563,0.30889323,0.17041849,0.0038167736,0.046336174,0.52770054,0.07692318,1.3490049,1.0193219,0.4464821,0.2566374,0.37051398,0.9455828,0.2962827,0.9132027,0.6115929,0.071907215,0.19086935,0.1906413,1.1805558,0.0,0.3299233,0.89990646,0.06449289,1.1012622,0.15920112,0.6223365,0.10342033,0.55266875,1.2129908,0.54728556,1.8855876,1.7000959,0.07456405,1.2493798,1.2087495,2.288805,1.5535144,0.55713964,0.12091975,0.9902072,0.036907136,0.21760763,all_pothole_images\pothole_images_2_image_18.jpg
0.37196076,0.43777746,0.21782109,0.37727243,0.0,0.22104864,0.25224864,0.071690395,0.58163637,0.3080504,0.7494168,0.08838908,0.05206469,0.17534564,0.37850243,0.075293705,0.07647492,0.8047465,0.75996614,0.2715081,0.12846282,2.683575,0.06476524,0.39692223,0.12473752,0.65261006,0.43786076,2.1913264,0.5112162,0.191799,0.16599523,0.85494035,0.016182505,0.0,0.25384614,0.005557498,0.0,0.6026827,0.113497995,0.52961993,0.00621144,0.24785766,0.15327737,0.7866866,0.40048173,0.75138825,0.07295459,0.2594114,0.028932732,0.22171935,0.90084606,0.12263222,0.27665913,0.6252933,0.43931493,0.13488877,0.57948595,0.13945305,0.6100212,0.69950134,0.39717194,0.8707398,1.9485247,0.21972567,0.42483723,1.033468,0.27483597,0.63314265,0.7653845,0.007835063,0.41101837,0.53462106,0.010040219,0.04320209,0.0033102373,0.5474734,0.10908616,0.258538,0.0094603235,0.046152458,0.35467574,0.05829996,0.04071176,1.2945776,0.1866297,0.6838583,0.3096171,0.022956269,1.6047587,0.35506305,0.1423537,0.90295905,0.021076445,0.077648744,1.1783469,0.04643852,0.041249998,0.7530179,1.2226303,0.8163754,0.2510941,0.28390542,0.05052518,0.8665179,0.5188491,0.0039589424,0.005238808,0.018525654,0.48170432,0.19546814,0.13175328,1.2012848,0.037511885,0.0,0.044434477,0.4263452,0.58648455,0.0,0.06846337,0.008401114,2.5608387,0.9725477,0.32588118,0.8688399,0.05537421,0.4226368,0.12312986,0.36624146,0.76924616,0.039150637,0.25340053,0.36552694,0.118518054,0.26429313,0.4582063,0.112585045,0.07332983,0.2565458,0.364771,0.1445932,0.23725097,0.20214796,0.38960958,0.31228834,0.2418171,0.12968168,0.26781452,0.08616063,0.2530466,0.54375184,0.15236612,0.21270542,0.0148614645,0.07315475,0.4515213,0.018145982,0.0,0.4721704,0.4631128,0.330837,0.0,0.02969505,0.07874207,1.0166223,0.12842026,0.054500986,1.9404948,0.37250152,0.31020457,0.031143991,0.2175587,0.016484562,0.55073935,0.07146159,0.6772134,0.02262153,0.08343995,0.07934017,1.7811005,0.03414041,0.42819077,0.19786069,4.8629575,0.18991286,0.011222998,0.13194573,0.16046321,0.28665695,0.06254091,0.6068435,0.025297914,0.3027621,0.0,1.4955201,0.17273441,0.25915033,0.10101372,0.046386328,0.051811878,0.22720963,0.10269754,0.06388076,3.8711846,0.08007789,1.6970123,0.041758664,0.20166804,0.0849722,0.4817519,0.042577986,0.14364961,0.28782615,0.7301995,0.3171486,0.199244,0.21170956,0.53551406,0.428174,0.5632901,0.61780965,0.15213005,0.52301407,0.3264301,0.121196315,0.44988307,0.73427254,0.14296687,0.0,0.1757774,0.3347616,0.16092026,0.5512396,0.03378107,0.084246345,0.5469785,0.32373494,0.15163027,0.59327406,0.0020856683,0.17356218,0.0045266557,0.12868683,0.03414427,0.0028999716,0.094079636,0.028425936,0.43915552,0.0,0.45435005,2.451655,5.783016,0.30613524,0.59828895,0.24330181,0.57758284,2.832532,0.22697863,0.00757539,0.71552026,0.15651806,0.032002512,0.05624463,1.155892,0.4475905,0.047352478,0.14095859,0.04559384,0.36620697,0.38335153,0.7069783,0.5816608,0.20248565,0.01474339,0.8339285,1.7072332,0.26345047,0.03421978,0.29985464,0.26808694,0.05402955,3.575769,0.23161489,0.033315912,0.91014874,0.61763877,0.0,0.067087375,0.84758276,0.01734989,0.15933453,0.18688463,1.8488296,0.025366096,0.0,0.004536448,0.19815114,0.6349749,1.7716136,0.19963323,1.0668213,0.0054488303,0.9408888,0.00744634,0.4104845,1.8197858,0.55165565,0.12289666,0.47539598,0.18795472,0.25458467,0.58413833,0.032504465,0.70050365,0.17312308,0.08011665,0.041874748,0.3744333,0.65263957,0.8487709,0.7164674,0.0,0.5754768,0.032371573,0.12766623,0.29985133,0.6241794,0.5933297,0.32845002,1.4898657,0.18559939,0.39261022,0.05505594,0.13474792,0.44721043,0.27106115,0.44457912,0.42559844,0.15853016,0.08342092,0.37324262,0.9818517,0.04537093,0.7385914,0.53588265,2.8602328,0.18242462,0.10046841,0.34014094,0.06636095,1.1578382,0.007815257,0.0023524496,0.38100898,0.11607238,0.23760363,0.09700052,0.86729133,0.3728134,0.005044939,0.09971032,0.108052194,0.044450615,0.17186895,0.3166065,0.29622707,0.0,3.6860235,0.10441427,0.27297905,0.016857145,0.30026004,0.07404855,0.60740834,0.32515922,0.6400351,0.03912903,0.024140574,0.0038637423,0.14519083,0.0016262603,0.070064865,0.02010875,2.0300791,0.5539075,3.7345572,0.3203657,0.63106865,0.3244412,0.6756961,3.799005,0.5561753,0.100668445,0.2065321,2.1051717,0.064417966,0.44131342,0.019945253,0.14364077,0.2755812,0.24156475,1.8708949,0.016871877,0.23189808,0.4010426,0.24951896,0.2996708,0.5486188,0.9270897,0.02957998,1.1877581,0.12449735,0.69688135,0.020879427,0.8386661,1.0372229,0.39434743,0.25504234,0.64779335,0.009050674,0.107094035,1.3312769,0.05038516,1.2680417,1.3779975,0.17469233,0.0013284738,0.4256874,0.13573137,0.24162751,0.17367485,0.22025053,0.20277517,0.037993483,0.98590654,0.0,1.6476446,0.60546887,0.45185143,0.8477417,0.0,0.73345524,0.0,0.002502721,0.5288821,0.97910386,0.009771396,1.7428654,0.01697256,0.43727702,0.032960247,0.03979189,0.35899347,0.107062146,0.049178034,0.65912026,0.4475866,1.1037335,0.2441206,0.046027027,0.01576651,0.1179412,0.34468147,0.42848992,0.09603905,0.57485294,1.172965,0.19619729,0.77497584,0.17395759,0.20488301,0.6413552,0.8749678,1.353673,0.6104463,0.0060576177,0.07608995,0.09769416,0.1972258,0.8187623,0.06355826,0.3736183,2.7897887,0.0,0.42961586,0.0,0.37779483,0.35356766,0.16859093,0.32222077,0.011473449,0.012627798,0.81490135,0.13886562,0.578538,0.044386845,0.44790992,0.1740438,0.447203,0.4913773,0.052089468,0.16008687,0.63249874,0.5580448,0.075367495,0.08222192,0.097526394,0.024121376,0.4919562,0.57938015,1.8783994,0.49315184,1.4584599e-06,all_pothole_images\pothole_images_2_image_180.jpg
1.2640667,1.3197031,0.6713151,1.3694714,0.46551782,0.8548702,0.36144358,0.043841142,0.46144637,1.1212549,0.7732803,0.3376379,0.19675814,0.5587955,1.0086262,0.28748152,0.083918534,0.63853806,0.72118,0.23298341,0.77719444,2.3412552,0.8141189,0.4998617,0.3793651,0.27399826,0.13006377,2.9235249,0.04865765,0.28097463,0.6482984,0.064025484,0.1412866,0.9812115,0.6726336,0.7988454,0.44605178,0.39521915,0.31825194,0.40859157,0.19351701,0.03988175,0.77618086,0.8350159,0.5534676,0.2606558,1.335604,0.18005161,0.45406178,0.14676237,0.12128538,0.53307295,0.13022698,0.07688615,0.15259033,1.3169994,1.4858974,0.121103264,0.16644366,0.126477,0.12687969,0.34997243,1.7582399,0.29531106,0.3454666,1.3527396,0.25254112,0.50036275,0.7206016,0.5607844,0.2782901,0.029615454,0.25132388,0.30331045,0.07321698,1.0973929,0.065772854,1.0055441,0.026118075,0.31051186,0.6067958,0.5267194,0.17058216,1.5683453,0.40776858,0.7155449,0.57282317,0.6452069,1.2755946,1.6475413,0.53410846,0.2214537,0.35042074,0.2507511,0.033009026,0.06926555,0.36386412,1.546595,1.1720191,1.0469561,1.3112905,1.713595,0.0812727,0.7369046,0.270493,0.33898968,0.09033096,0.17448503,1.4232421,1.0079283,0.75236464,0.8583184,0.61939293,0.10550063,1.236824,0.23237006,0.7142186,0.37253878,0.69729704,1.4215115,2.266563,0.30826545,0.45206618,0.63436794,0.61252815,0.9704715,0.35328445,1.0818808,0.47992694,0.8063998,0.21649732,0.031609826,0.7132052,0.14723319,0.39433503,0.22712696,0.9206128,1.114797,0.081221975,0.11856168,0.6413675,0.37005678,0.008311813,0.8719579,0.9513438,0.99166137,1.2703776,0.07293371,0.33191234,1.4003578,1.1172825,0.57932717,0.4087848,0.41074905,0.6620348,1.1226865,0.22931622,0.8498964,0.24951795,1.7898232,0.78241676,0.040476043,0.31235585,2.5375218,0.22156927,0.32392985,1.3332158,0.18005493,3.0831242,0.97986364,0.04674119,0.0,0.5060164,1.5044116,0.6708801,0.6165734,0.13932742,0.12083014,1.1843462,0.5690465,0.1883536,2.1448278,0.436608,1.0204334,2.0759723,1.3763748,0.13502307,0.30861303,0.3848627,0.5641096,0.40969974,0.48944628,0.6203937,1.6360186,0.23099576,0.2712104,0.57594246,0.873021,0.2255834,1.2681061,0.23258959,0.12116028,0.11787953,0.2785048,1.7462968,1.3974881,1.2268062,0.09655892,0.21701586,1.2092016,0.23286644,0.53940225,0.7018673,1.6066327,1.3932403,1.0742083,0.9665915,0.23666471,1.1886951,0.31319213,0.7610185,0.32806307,0.32087526,0.05519932,0.38196158,0.28676808,0.7335757,0.298486,2.849906,0.28236914,0.2550298,0.56365967,0.42772347,0.17309462,0.6437126,0.0,1.0913337,0.17043078,0.7492982,0.33289966,0.12906033,0.037351232,0.5278957,0.026209407,0.0,0.36161822,0.015546367,0.1367803,1.7106682,3.479765,0.8888035,0.2546959,1.323146,0.7566055,0.31558588,0.35794464,1.4464086,0.5419487,0.55335146,0.86573696,0.98300093,0.8530567,0.6833392,0.14614089,0.36442032,0.3551029,0.6127921,0.79707766,1.963885,0.102711774,0.7789615,0.23246543,0.04839646,0.609937,1.0907421,0.8009725,0.93402916,0.49866784,1.7338936,0.45410582,0.5381916,0.013021415,0.4148224,0.06408275,0.4825552,0.35850307,1.2446512,0.13911584,0.54174197,0.19073403,0.24243782,0.3519203,0.101503305,0.4487697,0.26715255,0.86046296,2.2579548,1.3085929,0.0,2.5365314,0.7081529,0.42583618,0.09485629,1.106666,3.0147007,0.351045,0.41332334,0.3863214,0.40770152,0.012137426,0.45177755,1.1385447,2.7424471,1.7495342,0.9804708,0.159489,0.24810207,1.7171129,2.391634,0.01840263,0.7496023,0.051159516,0.3980969,0.7498317,0.16105717,0.8126876,0.8559924,1.1506011,0.9722827,0.28836665,1.9936816,0.29897308,0.58816856,0.48832583,0.08644376,0.12540008,0.06414136,0.6478126,1.5981293,0.24749908,0.38223407,0.33020976,2.0962145,0.0,0.37179628,0.24152496,0.18066765,0.040602997,0.4940374,0.45616442,0.6721087,0.5454561,0.53048265,1.3054296,0.13339464,0.0025868586,0.5113361,1.7267249,0.5927535,0.6983003,0.5542986,0.2642779,0.80255944,0.3825906,0.101319976,0.7193164,0.32376507,0.20038664,0.3605486,0.5189683,0.6398104,0.10314671,0.94496393,0.25260866,0.5716203,0.15929548,0.0025000914,0.6090895,2.1343684,0.61844575,0.3946654,0.10456506,1.0338149,0.6471462,2.0708609,2.27893,1.3531873,0.25641778,0.88758326,2.391182,0.9741874,1.2183743,0.3610975,0.2824752,0.292289,0.2783061,0.43731397,0.41969183,0.21931511,1.0164651,1.8445649,0.3527904,0.4051523,0.39258683,0.66319025,0.013915831,0.5626157,1.1997097,0.6468552,0.49250126,1.1161351,0.08632663,0.38726336,0.031850923,0.83908284,0.8778562,1.4876313,1.0698102,0.12261929,0.074623786,0.4200272,0.095336355,1.7222829,0.81099683,1.5837919,1.9575415,0.638143,0.60745263,1.1217172,0.54349524,0.77433586,0.22971873,0.0044942414,1.1866411,0.2082655,2.0923858,1.4701538,1.2569243,0.90543544,0.62821066,0.3303164,0.26466095,0.10820306,1.1123452,0.6695603,0.14485879,0.8449707,0.31642902,0.19404845,2.2782342,0.72290355,0.17467183,1.5314147,0.56843394,1.4604774,0.07575066,1.153303,1.0599046,0.1867161,0.6168038,1.8742031,0.020761104,0.7538203,0.13954976,0.18074179,0.64498377,0.02169288,0.32965654,0.6643183,1.3330374,2.1174543,0.28385836,0.3291482,0.84122974,0.41728237,0.05123079,0.04392038,0.75064474,1.0130413,0.25981328,0.74763715,2.3367474,0.35022327,1.079978,0.6446126,0.37153378,0.8321234,0.091308974,0.97240496,0.06458773,0.4270077,0.101109385,0.35761997,0.08388292,0.10595162,0.8132139,0.2058472,0.1529374,0.43521756,0.038636215,1.071424,3.481338,1.4501487,0.5716731,1.2471478,1.903769,0.050741658,0.4338309,0.11913325,1.9957623,0.52351224,0.4766472,all_pothole_images\pothole_images_2_image_181.jpg
2.0288262,1.5123073,1.6567501,1.1933556,1.4741815,0.83327794,0.31147876,0.11644015,0.24695906,1.4417893,0.83989114,0.28790116,0.94570625,0.08390048,0.3665871,0.49054882,0.77695096,0.20424616,0.87910753,0.2477449,1.3397816,3.5276797,0.68084013,3.3730254,0.35319257,0.2981,0.007756221,1.0144222,0.13951798,0.7106804,0.35358083,0.23525749,1.3984213,1.0490267,0.59315854,1.6236606,1.4143087,2.3992822,0.56882536,2.30475,0.8997767,0.35867634,0.8558042,0.92029697,2.1697237,1.5132996,0.037207145,1.9235222,0.6130348,0.75289637,0.3463453,1.0881807,0.63906264,0.69574165,0.97807574,2.3840468,1.5536245,0.9384723,0.91409785,0.39140686,0.66945374,0.5176269,0.5104447,0.7015996,0.3051834,0.779623,0.9365545,0.9756667,2.6171644,1.1645253,0.3525326,0.65528625,2.1762857,1.5819209,1.1034156,3.9652727,0.50533503,0.13735649,1.0073557,0.18963309,1.7441045,0.640251,1.0324315,1.9365077,1.0782866,0.27393875,0.12117238,0.54614127,4.692977,1.2300605,0.029198712,0.34885913,0.46475798,0.2928742,0.5714895,0.8420125,0.8416801,3.2692945,0.47686565,0.74543494,0.24860223,0.91837335,1.1124046,0.79486364,0.19681226,0.048271198,0.20525655,1.6014552,0.1356541,0.8755043,0.23618826,4.488925,1.6164827,0.7534292,0.49678713,0.5008862,1.8082938,0.4414457,2.2291393,2.2644498,2.9149902,0.34537208,0.055460937,3.5848665,0.21162984,1.6581187,0.33791685,0.49279425,0.25551432,0.40158212,1.2081715,0.027532127,0.049984775,0.87052995,0.58057606,2.7942228,0.40022022,1.4389015,0.7603887,0.74875087,0.14710928,0.5226234,0.28661695,0.942576,0.62722063,0.6706538,1.1229599,0.7063407,0.057401825,1.2132791,0.7753403,0.4922084,0.11843621,0.5322954,2.1158967,0.65956813,1.3921448,0.4362638,1.0886744,1.0038644,0.91119546,0.3370559,0.020591494,0.881217,0.0,0.5635817,0.056211375,0.15230453,1.3839691,0.8540179,0.5078502,0.18739903,0.3717905,1.3065544,1.7665794,0.72879416,0.46554974,0.017249875,0.45664883,0.33219633,0.045462437,2.3004203,0.78356373,4.2116694,0.29663885,1.850074,0.8323649,0.53278875,2.0187938,2.2196407,0.07490666,0.35552418,0.086169355,0.93942165,1.0797312,0.36506373,0.5026173,0.27905515,0.9119373,0.7758245,0.4228363,2.0054412,0.048049122,0.3520664,0.75050986,0.38423422,0.25399682,0.7090938,1.0342376,0.15019028,0.09920096,1.1003262,0.73989743,3.567605,1.397455,0.98286164,0.27680168,0.5561406,2.6607466,0.05551375,0.7948915,0.32355642,0.5369299,2.1399343,0.5099342,0.76633173,1.2940917,0.36032984,1.5860001,0.5691594,0.15244435,1.7131358,1.4270434,0.3123111,0.7523298,0.4968661,0.99044627,0.12663908,0.006749154,0.05621958,0.21308061,0.05854991,0.14568631,0.013894933,0.026999453,0.17699063,0.8876821,0.13122736,0.4102418,0.79523313,0.759095,0.48495373,1.0716583,3.4411542,0.13367914,0.0773145,2.1543124,0.3713225,1.1524938,1.7033681,0.029670624,0.36164334,0.9748379,0.43358922,0.9216817,1.0666981,0.88261336,1.0093216,0.46037257,0.17743848,0.79301965,0.8384061,0.1906709,0.44196656,1.3050147,2.0155983,1.4348227,0.0,0.19778648,0.3412544,0.08118135,0.10516079,0.7392362,0.3956533,0.98341227,0.93617976,1.5947393,0.8993313,0.24486968,0.78185177,0.5296735,1.5048401,0.23199312,0.20767498,0.573861,0.39017138,0.72301733,0.29048407,0.7933661,1.2748194,0.26225725,1.0205877,0.5287929,1.1142594,2.6564384,0.6083378,0.0832491,1.2522902,1.006842,0.8776047,1.0971301,0.7086452,3.9841142,1.4395014,0.16164343,1.9305853,0.706384,3.3857882,0.45716465,0.25305486,1.4774767,0.9773031,0.4239459,0.44959733,0.6985629,1.6266574,1.3889009,0.25706315,1.2209525,0.4372011,1.3676505,0.7435639,0.3007401,0.25081316,0.23419355,1.537764,1.7338396,0.5600662,0.5138804,0.046240028,1.8644936,0.22814411,2.562396,0.0141395405,1.5379689,0.7008469,0.8549258,0.03292583,0.2156998,0.80049646,0.18100722,0.97497153,1.0217355,0.9008601,0.40917158,2.6055858,0.24114572,0.753109,2.2286766,1.2971984,0.40589046,0.2319815,1.5767492,1.0022213,0.14941084,1.3400651,0.45069146,0.025398532,0.059140626,2.0978801,0.80318034,0.53216195,1.7722929,0.22945054,1.4552076,0.23132028,0.9472537,0.6167607,1.4978324,1.1726904,0.1648605,0.10589758,1.8391179,0.95007247,2.6882899,0.8776706,0.9069572,0.14055562,1.5901146,2.6425145,1.58178,1.9527142,0.4549801,0.22735226,0.09917456,0.3465509,1.4383272,0.74911183,0.035882574,0.46999857,1.965672,1.4806963,1.0795344,0.26362756,0.2690303,0.25002256,1.199346,0.7188681,0.9153327,0.23968005,2.7249563,0.4166498,0.58682984,1.8447858,0.46721414,0.62741446,0.83635736,0.66917807,0.76217276,1.3182255,2.7963247,1.3615394,1.6493891,0.4423169,1.9266222,0.046571597,1.1243606,0.5200648,0.33361804,0.90068585,0.4450549,0.07814652,1.4424087,0.3457272,1.4134746,5.186519,1.814509,0.21543868,0.10828082,0.84183735,0.9448652,0.615411,0.09288678,1.9239427,0.43883196,0.23699465,3.3015547,1.2712156,1.0820085,1.6467565,1.898439,0.86833125,2.8990097,1.371133,0.7171266,1.5198257,0.9479909,1.8601781,0.0,0.99469054,0.7075283,1.0884532,2.907778,1.1474276,0.47342765,0.9132702,0.82679695,0.020756565,1.3467724,0.62896955,1.8693885,0.28456628,0.257508,0.7873367,1.6632406,0.55657065,0.0,0.5774215,1.478475,0.797922,1.6221229,3.1602206,0.87296605,0.19956884,0.04986287,0.54951334,0.8895247,1.4395761,0.8948987,0.19805695,1.1243781,1.661267,0.24574466,0.1620482,0.3559227,0.103158034,1.1651943,0.5131462,0.1945942,0.00896213,0.28989658,5.5255837,0.799911,0.5563597,2.589969,1.2006854,0.08779017,1.7317368,0.17171022,1.198556,0.5090671,0.8468517,all_pothole_images\pothole_images_2_image_182.jpg
0.92315626,1.852434,1.1188809,1.9304037,0.7319712,0.5245309,0.27589104,0.044626154,0.7480775,1.2043302,0.020868098,0.2605821,0.4362199,1.2336388,0.010134516,0.40541393,0.35301673,0.18533567,1.1226262,0.14103721,0.17499459,2.7993524,0.13578126,0.86839914,1.7575012,0.2838251,0.0,1.5095516,0.07050514,0.25750738,0.9212566,0.2656111,1.5757499,0.3174582,0.1435908,1.0148976,0.41655332,1.0805752,0.5349035,0.8204573,1.2766001,0.103477515,0.22830647,0.076693736,1.4103125,0.33079278,0.43597627,0.06391451,1.3496931,1.5658917,0.70028543,0.0,0.025359483,0.13298813,0.099895425,0.99374324,0.44689572,0.19250928,0.48875573,0.027643712,0.0,0.080672994,0.22348134,0.4930578,0.21510904,1.769274,1.1651539,0.1353684,2.8703463,0.82145166,0.4163007,0.58256704,0.5516172,0.40215123,1.1529124,1.4845372,0.19436985,0.5618084,0.88916045,0.25050506,0.0,0.40684867,1.032162,0.9818446,1.7278546,0.87843245,0.40237147,0.14016093,2.8429768,0.89516807,0.18112114,0.45832202,0.008943643,2.0919569,0.6454237,0.0,1.1537883,0.5281798,0.23743936,0.0,0.6997716,0.6221387,0.53990287,0.0,0.5139278,0.10851078,0.30026716,0.7141532,0.038364634,0.5139789,0.03381916,3.7367392,0.80369836,0.8813836,0.6800435,0.24637876,2.4266756,0.98827803,2.7347147,1.1169829,2.6534667,0.92909503,0.42045453,1.3729881,0.18592994,1.9561362,0.007778746,2.674754,0.4377073,0.17253833,0.57378924,0.0,0.08298322,0.09455582,0.78312135,1.2393714,0.46619198,0.79019344,0.878992,0.21045357,0.22065957,1.6942155,0.0919906,0.69883394,0.0364429,0.5602443,0.0006163895,0.46642634,0.86991143,0.3184159,0.627077,0.62458915,0.11747276,0.40955758,2.1099355,1.2409598,1.1055044,0.43929073,1.4694318,0.01414498,1.2856706,1.7921236,0.6589738,0.15702403,0.31204692,1.4658561,0.99170697,0.0068833176,1.9780343,1.1922584,0.008873067,0.0034440025,0.0,0.2801694,2.0345333,0.026899401,0.41144404,0.21619333,0.16257575,0.03412786,0.0,0.91207606,1.709821,3.290478,1.8575495,2.6375828,0.40640724,0.17578718,0.499349,1.4383175,0.49367896,1.100334,0.0,2.753886,0.26747403,0.61463755,0.41093,1.559133,0.3683229,1.0696279,0.88093007,0.9227029,0.77973205,1.1962852,3.3212986,0.5391706,0.5778726,0.4002506,3.0918422,0.20551853,0.0065462515,0.1502908,1.2207481,1.1320963,0.8530579,1.9907091,0.12869842,0.14498082,0.97898114,0.5998414,0.36397296,2.7986033,1.0745794,1.5143946,0.03222712,0.012990305,1.992387,0.2344216,0.8420437,0.18104002,0.0903302,0.04958624,1.9718945,0.21967685,1.0794642,0.32505247,2.6509798,0.18540327,0.1797909,0.23304312,0.8633635,0.743749,0.64669186,0.8121056,0.35338196,0.033919167,1.982591,0.5378457,0.20185715,4.8687396,0.7260584,0.84902936,1.1291173,0.56572527,0.045440864,0.21420953,0.8688101,0.4878637,1.3893071,2.2672765,0.006848344,0.00052387174,0.2911464,1.5240366,0.012269438,0.54830724,1.2159606,0.107916765,1.0138209,1.5749705,0.2680193,0.0044594016,0.30376157,0.0035170964,2.433289,1.4837668,0.58403,0.2275741,1.564946,1.6159852,0.105029844,0.57757497,1.4408457,1.298676,0.8950247,1.3775687,0.9054615,0.23827346,0.6557898,0.8228238,0.20475663,1.0082679,0.04077152,2.8359518,0.12482145,0.076387785,0.56766915,2.7086132,0.43424493,1.3808922,0.06356182,0.673762,0.22163136,0.46946084,4.7178063,0.6945781,0.6773289,1.6451429,0.41730452,0.053618032,0.5976782,0.8058759,5.8555694,1.5930501,0.023202434,0.8736544,0.007338204,1.9132388,2.2400243,0.14475156,0.62291217,0.13342574,0.13689476,0.8282022,0.36542907,0.006801207,0.36258844,0.2050993,0.20006129,0.53594005,4.4623127,0.15998761,0.1087563,0.0,0.0,0.4911536,0.50000954,0.38283113,0.14065924,0.18743555,1.0777622,0.9175029,2.960605,0.0,0.76650774,1.1063477,1.2558519,0.013452863,0.7918533,0.19934839,0.40785372,1.4162122,0.16988139,0.59999985,0.54562867,0.24896815,0.12685241,3.4584892,2.290686,1.7082084,0.007939633,0.1922312,1.2000598,0.15252152,0.0059045977,2.227567,1.6127194,0.2802869,0.60904694,0.76076174,2.0381758,0.32733527,0.9142235,0.012195784,0.62813705,0.88334644,0.087331206,0.9601675,0.00086649705,0.64201325,0.6453769,0.80681205,0.31277108,0.83620274,3.8500545,0.44304988,0.4782877,0.11516679,0.17885303,1.5974146,1.1706665,3.3996942,0.5902711,0.7634382,0.0,1.042722,2.4662268,1.296419,0.07650528,0.3882777,4.7327685,0.19319277,0.77097404,0.52552277,0.7027624,0.42211625,0.46036458,0.951003,0.008268576,0.003114327,0.2777267,0.03384248,1.0026146,0.55022156,0.1604037,0.016076205,0.738945,0.39164668,0.8346747,0.23352775,0.9310951,1.0924565,0.27616873,2.7146,0.52029645,0.48909384,0.12998804,1.7462057,0.34215114,2.7623076,0.9346362,0.08643396,0.27891156,0.8034013,1.3864161,5.414541,1.3992736,1.0045735,0.21691163,1.259338,0.51574403,0.10027602,0.11825962,0.12094849,0.6046581,0.008924919,0.20429339,0.40542695,0.4336968,0.49544275,1.32848,1.1024643,2.8282697,1.3235825,1.6915575,1.4786104,1.0816798,0.5653737,0.58150846,3.1787257,0.23266175,0.58489496,2.6086612,0.03024672,1.4075015,0.76758564,0.6676901,0.032169707,1.3240229,0.28644896,1.1208549,1.5433197,0.18159734,1.4900184,2.5848336,0.20445672,0.0026549653,2.719678,0.9059494,0.7393173,0.46671262,2.933894,2.8216584,0.69316053,0.07804553,0.5798982,2.2202892,0.81366235,1.4020799,0.103080064,1.5765004,2.5643144,0.67383957,0.0032578474,0.34712198,0.012836223,0.15861408,0.8620279,0.2873851,1.0333977,0.20100136,5.9452167,2.0947287,0.3370131,0.20435756,0.8654648,0.20185542,0.54357016,0.7583622,0.50102776,0.06044992,0.8358195,all_pothole_images\pothole_images_2_image_183.jpg
1.0300925,1.6030691,0.51546884,1.5633246,1.1282606,0.79943055,1.2996434,0.18751784,0.4538834,1.2200952,0.47377738,0.5607292,0.6107714,1.8723944,1.2291727,0.16173975,1.4563304,0.39181277,1.2548474,0.95255035,0.71238667,1.4305739,2.2959955,2.31243,0.28210807,0.5348638,2.2739131,1.6914192,0.65708566,0.21739048,2.4893327,0.59588635,1.2048069,1.3869996,1.3818794,0.5601349,0.22176641,1.1359774,0.17811567,0.7305031,0.8873165,0.25754154,0.343446,1.5920637,1.2817088,0.7644903,0.28690276,0.41848493,0.6015727,0.6613617,0.23223644,1.0202135,1.5782036,1.8218259,0.6092299,0.7365711,0.24116533,0.17301674,1.3189708,0.49415004,1.56342,2.8064113,1.4967425,0.36139578,2.0007405,0.32789788,0.3825103,0.45704976,1.2117171,0.25607505,1.6013383,0.27265903,0.859887,0.15002473,0.94933116,1.4528023,0.92040217,0.5985984,1.0120859,0.017107636,1.4452338,0.6161278,0.36287463,0.0014208233,1.7626507,0.750826,0.17530032,0.46243745,2.756426,0.01704443,0.27961475,0.97693413,0.5920592,0.8097633,0.61953324,0.4403237,1.5721934,1.1273551,0.17239514,0.38637295,0.0029814483,1.3539836,0.13292977,1.0194229,1.1950499,0.4368987,0.29371896,0.12640566,0.2198016,0.6724819,1.2213085,2.4640315,1.9871114,0.5814667,1.8073672,0.30199882,1.523,0.09427977,1.0200957,2.0240314,1.5989015,1.5196453,1.9857959,3.4902215,0.5191138,0.20554715,0.1911841,0.69568443,0.1583162,0.8880919,1.0139102,0.046667624,0.52446765,1.0740962,0.40716833,1.3903108,0.002717272,1.1328934,0.5995925,1.5672526,0.9477716,0.5492959,0.09603878,1.8949922,0.7811287,1.4079837,0.805231,1.828515,0.430229,0.7047948,0.68980676,1.3740082,0.05845703,0.03389299,1.5374385,0.39156023,0.6825715,0.40128118,0.72645193,1.0216374,1.3822668,2.0385075,0.31033328,1.6804065,0.35834682,1.5709487,0.4063401,0.48815972,0.9399082,0.0568487,0.84635556,0.35831288,0.41470757,0.12524846,0.9031648,1.1144184,0.51710343,0.026543856,1.0879439,0.79682046,1.3292928,0.4896389,1.4140129,0.7717443,0.72701263,1.7665747,0.12348741,0.35992876,0.5413961,0.8565293,1.39392,1.0713809,0.116407976,1.0862575,0.18848146,1.7209048,0.15803172,1.8253924,1.2976465,3.2874675,0.77665895,1.6149257,1.7085766,0.6558357,0.4256698,0.9434138,0.46316558,0.46362343,0.72905636,0.17239583,0.775656,0.3253483,0.6007293,0.6613355,0.8613286,0.84544754,1.6294284,0.35879314,2.8492706,0.7502505,0.69440347,0.081058055,1.7508982,0.013847633,0.4841849,1.5169983,1.5395077,0.5497027,1.009351,0.387418,1.5418177,0.2993443,1.554006,0.0,0.89432204,0.4273957,0.6158803,1.5876884,0.3746618,0.12831205,0.6349847,0.19123153,0.21636333,0.34402457,0.00021640159,0.3459155,0.9291992,1.2419593,0.42561424,3.5848994,0.7642894,0.56105876,1.1326344,0.5290642,0.66213924,2.101204,0.5660066,0.16340248,1.0714357,1.7615994,1.2062846,1.5523657,2.2397532,0.70108235,0.19418426,0.35632992,0.36514962,1.1058086,0.3750427,0.07540556,0.2907484,0.26848367,0.47501063,1.0429859,0.54654676,0.26401573,1.5880402,1.0915732,0.35071313,0.5046471,0.08469939,1.7460489,1.4021337,0.4946068,1.9853415,0.7291352,0.59391725,1.3543748,2.579697,0.034972005,0.662553,0.98123866,0.3334339,0.09809062,0.26255926,0.55535924,1.4044576,0.5555542,0.12413146,1.7853904,0.05436818,0.8326979,0.46942303,0.38019347,2.8501935,1.6343863,0.09099133,0.9290077,0.43432644,0.5179805,1.5577669,2.2514749,1.9811193,0.5922799,0.18934016,0.45197847,0.71816385,0.27284393,1.2762364,1.8007756,2.5748398,0.42578927,0.0070791403,1.2328411,1.0945249,1.2967312,0.32215565,1.6764778,0.7110093,0.77131045,1.4432597,0.44818172,0.79657114,0.0901267,0.5808111,1.265643,0.8990624,1.2465104,0.92456144,0.6244778,1.567205,1.5516118,0.20143041,0.42123085,1.5357714,0.35472527,0.88183266,0.083409764,1.1373056,0.08882265,1.7957755,0.21311024,1.8442914,0.5292776,0.54890424,1.222265,1.0914758,0.099199146,0.5720958,0.1802397,0.6592603,0.5061502,0.07345033,0.5212253,0.32450885,0.00903955,0.94007593,1.8886583,0.5947792,0.6107696,0.62669486,0.7998177,1.0993068,0.11485246,0.38718492,0.78743494,0.97931254,0.49003428,0.51778966,0.729269,1.4616985,0.9937138,0.57729334,0.5219627,1.7465546,1.1028906,2.8761399,1.7014587,1.6998436,2.9849236,1.8356051,0.8367073,0.7438114,0.99365216,0.1304019,0.44954795,0.7600004,0.6288644,1.1730758,0.484811,0.39989373,0.23590718,0.46702397,1.4405876,0.56812716,0.18791504,1.4034783,1.1458818,0.18275414,0.5643325,1.5415481,0.8782126,0.7353433,0.6018435,0.012140072,0.15287535,1.4045157,0.71446556,0.42233825,0.34134424,0.9607629,1.3978591,3.6142309,2.0368235,2.195382,1.0688285,2.3319697,2.1853278,1.2078966,0.3848539,0.12147587,1.2489492,0.60446066,2.370849,1.5525062,1.8349506,0.6688077,1.16066,0.48285273,1.1363825,0.7630456,0.42731538,0.63143766,0.32212785,0.3158892,0.86812544,2.5537891,0.14347026,0.9834766,1.9616828,0.93688285,0.41573465,0.3256863,0.95728177,0.59705114,0.16688533,3.5191483,1.5114559,0.37485954,0.064569786,1.7216583,0.54921263,1.1513631,1.3910102,0.48738346,2.098775,0.5295075,0.009804307,1.0599797,1.4143697,0.51717424,0.4107216,0.767638,1.0177587,0.26168427,0.41968742,1.0239972,0.104730904,1.1096476,0.4011162,1.3188539,2.1333418,0.9226141,1.0940517,0.21616752,0.6377619,0.7307995,0.40027225,0.68995994,0.016857162,0.27733943,1.556057,0.03937178,0.0798852,0.9590396,0.2021918,0.44255885,0.087999836,0.06291682,0.15020297,0.6561488,0.81719995,1.4887166,0.285052,2.14584,0.3353118,0.83162576,0.81900775,0.04159913,1.78712,0.64203453,0.1366803,all_pothole_images\pothole_images_2_image_184.jpg
2.937366,0.9784711,1.1260661,0.34476954,0.87628543,1.5313601,1.3428808,0.56671304,0.24850751,1.5642716,0.08412877,0.46900946,1.1875988,0.10512492,0.46802154,0.054242346,0.6660882,0.25883964,0.5275758,0.31828538,1.0926636,1.4823486,0.6778774,1.6867934,0.4680928,0.017478544,0.07812962,0.14092724,0.003148568,1.4312558,1.0131413,0.01558345,0.7785129,0.29909176,0.5282243,0.8201286,1.5524985,0.28252798,2.0868554,0.20413682,0.06174596,0.11171056,0.06251001,1.5844306,1.2397208,0.23902455,0.8786957,0.14332546,0.90749526,1.3761694,1.6173884,2.0823834,2.6520355,0.0481889,0.584047,1.5816407,1.4692968,0.91813904,0.78988034,1.1099834,0.10392533,0.16970354,0.074534126,0.48057953,0.21712627,1.7094857,0.22409096,0.003973755,0.3264497,0.65205383,0.06506422,1.0441202,0.715546,0.18898796,1.126716,1.0587102,0.39794543,0.7946379,0.028063983,0.3024363,0.14349072,1.3494236,0.3666476,1.3518661,0.8176099,0.1024749,0.7085321,0.6941673,1.9369287,0.52280295,0.58850384,0.91779375,1.1216938,0.32183024,0.7589799,0.16691267,1.3483739,0.33727467,0.16953976,0.027844166,0.08468311,1.381836,0.13276331,0.11307231,1.346125,1.8975085,0.16478351,1.0892432,0.021828631,0.7040708,1.2928766,2.2994533,2.045161,0.25234443,0.31057534,0.84736836,2.5593271,0.2952533,0.27949768,0.81539315,1.0952653,1.0745121,1.3150117,0.56102544,1.4269801,1.2119598,1.8379021,1.7419893,2.9175832,0.26336676,0.123785414,0.017607808,0.01397706,0.5461616,0.24664946,0.77008337,0.36667812,0.5362715,0.9461696,0.5227504,1.3848584,1.0514305,0.15345582,0.6863254,0.3145762,0.60001475,0.61533636,0.55836487,0.45379105,0.89339894,0.99608237,0.17075011,0.014332634,0.51387817,1.3613576,0.6368924,1.6116809,0.20998996,0.6009865,1.3558044,2.1055536,0.8184074,0.06635645,3.3106048,0.660378,0.12963139,1.4478902,0.18879777,1.2843635,0.30460504,0.9227672,0.005053852,0.024779724,0.33731923,1.0746788,0.044017844,0.7898432,0.0026937397,0.13963097,0.5313764,0.07761554,1.8456137,2.3294613,1.8495814,3.1396961,0.49293026,0.46697506,1.2880183,1.09695,0.7690074,0.307703,0.6543692,0.12019181,1.8018103,0.039830465,0.496957,0.34458262,1.1276246,0.79026437,1.1568961,0.055952653,0.7518173,0.83676517,0.09958138,1.236864,0.59404814,0.3904401,0.08763779,0.15191872,0.3834884,0.031666808,0.37730715,0.46936315,0.6410312,1.4138249,1.1223848,0.98560005,0.526733,0.10480638,0.5044493,0.4755839,0.89980304,0.3343796,2.2405317,0.0008750892,0.5654991,0.5277153,0.0,0.32892227,0.0,0.49853936,0.05797771,0.018499168,0.18898088,0.93080527,0.006213601,1.451578,0.06609921,0.18961458,0.04201891,0.10558168,0.50909483,0.8413169,0.36191812,0.34205627,0.6232784,0.44004202,0.6143511,3.8019154,2.0226288,0.033202775,0.0448031,2.6223137,0.25996765,0.57000893,0.39149398,1.0251461,0.9740309,0.1642867,0.65793216,0.037238523,1.0665175,0.91943055,0.28682104,0.5211896,2.0206757,0.1321528,0.98009044,0.9258647,0.9386727,0.6894728,0.10906624,0.19411227,1.0986457,0.5333716,2.2970383,1.6938965,0.91824883,0.96319747,0.4645845,1.1613787,0.2800654,0.4085933,0.07485311,1.0474871,0.6403526,0.39325738,0.43582457,1.0917709,0.23811556,1.7305436,0.011710123,0.3769128,3.4639242,0.37483647,0.027701441,0.893808,0.6925619,0.11376296,1.6127199,0.9099461,0.31573135,0.15365383,0.2904858,2.9922714,0.031097567,0.18677485,0.23510948,0.23558083,0.30070168,0.64418423,1.774592,2.0868504,2.7434115,0.37846857,0.20755687,0.03788381,0.4434068,1.017432,0.40689856,1.2077074,0.51139456,0.013860409,1.3955851,0.23478784,0.30905646,1.5399842,0.1073658,1.0481944,0.5622333,3.608553,0.35236746,0.41038054,0.092330776,0.3643524,0.93565905,0.5253654,0.07277032,0.3068328,0.6165039,0.9905903,1.7090014,0.7115342,0.54724115,1.2505984,1.2982225,0.007815024,0.14967474,0.14211649,0.755816,0.06956607,1.1735939,0.9055594,0.77118784,0.38923517,0.16170485,0.8299023,1.3765371,0.5414777,0.5048263,0.27217194,0.052254044,2.7608275,0.98975223,0.1247057,1.7967678,1.3056064,0.4477769,0.7701585,1.2359337,0.9197103,1.4516891,0.41418356,0.334154,2.3212352,1.0796458,0.7400992,0.10424466,1.0881728,1.2190816,0.07389281,0.3050942,0.74844027,1.1085988,0.29595095,1.9282665,0.8624493,0.5629242,0.06373688,1.0185853,0.39018294,2.0636132,1.2278309,0.20721653,0.19668683,0.114219874,1.0116614,0.862761,0.67758876,0.49255934,2.665093,1.3038925,0.44797203,0.3411931,0.65467256,0.029558502,1.2405118,0.27353752,0.025689397,0.7612359,0.49362615,1.6211245,1.2239169,0.22776091,0.8638535,0.32488078,1.1854559,0.5459358,0.6406442,0.14922895,0.3491128,1.5130671,0.8273703,1.8451881,2.4865367,1.2151837,0.84170437,1.7651141,0.3213506,0.36140192,0.44887695,0.9305283,1.2862588,0.9812097,0.62300926,3.624032,1.9314746,0.27655557,1.6203344,1.1090637,0.066653125,0.19000429,0.03285802,0.98398364,0.10792372,0.37708607,0.9017546,0.89624393,0.17141551,0.7613338,1.6928904,0.2321944,1.1172798,1.1642169,1.3097113,0.90128654,0.048606336,1.0152594,0.064459264,2.17616,2.0608683,0.32378858,2.3217027,0.45927316,0.44490904,0.50580144,0.96419525,0.4763005,1.780194,1.4574803,0.29443443,0.9084072,0.098501995,0.1094003,1.5472035,0.023958288,0.000119077,0.3515637,0.34869206,0.049833745,1.0940263,2.4012659,0.5467696,1.0300087,0.79865146,0.5055273,1.3448992,0.16435051,0.5557689,0.48892483,1.5508591,0.52034944,0.39239487,0.4372251,0.04932506,0.0,0.4457573,0.024335619,1.2020347,1.0518974,0.76761484,2.679241,0.5551215,0.9268032,1.4430127,1.4491578,0.41000292,0.8646787,0.8702793,0.7992488,0.64546245,0.24620539,all_pothole_images\pothole_images_2_image_185.jpg
0.339225,0.021769369,0.4258759,1.2698896,0.72846967,0.008165347,0.8378587,0.20169449,3.3972006,0.62004966,0.050593656,0.15624213,0.280222,0.39082772,0.013690936,0.94413894,0.5322045,0.14497875,3.4213643,0.59271115,0.0,0.2817208,0.5788841,0.060686994,0.11850497,0.14062902,0.080883734,1.3199726,0.025577165,0.020489274,0.16197571,0.39022815,0.20814751,0.20913166,0.0069660963,0.4935829,0.028114649,0.9022642,1.3295443,0.003711233,0.25118527,0.23405956,0.0319271,0.2848947,1.1251978,0.61957014,0.27735907,0.043001562,0.0019390143,0.3065368,0.28559488,0.1036233,0.06645922,0.49181622,1.9366797,0.5592114,0.0,0.47501266,1.0831138,0.06373218,0.1650509,0.13760142,0.0011558846,0.25631508,1.437855,0.32854065,3.6111624,0.056996424,0.20639835,0.15093835,0.3299273,0.0700984,0.01839756,0.115635976,0.07728864,0.0,0.24985601,0.30330732,0.9816616,0.020519784,0.0,0.5718193,0.24355218,0.2179939,0.2977978,0.36571378,1.025221,0.017226517,0.25807023,0.04365943,0.21837077,0.32957223,0.2516275,0.20663899,2.3627653,0.032684132,0.6040957,2.038966,0.0004432829,0.07341491,0.30459797,0.31277132,0.046126522,0.080995716,0.47080594,0.2715504,0.11449967,0.0974662,0.0012202935,0.073624894,0.091944076,0.0028894825,0.63247657,0.39456406,0.036698014,0.22871345,0.24620654,0.87288696,3.4004896,1.1512986,1.9209186,0.0,0.11730814,1.1822582,0.6954123,1.5731753,0.4817262,0.20866212,0.8373123,0.17001739,0.34147948,0.35257727,0.45145243,0.13101864,0.6044689,0.37839422,1.000001,0.07666422,0.092188515,0.27277607,0.26551747,0.07257859,0.19454025,0.0,0.12123818,0.58201885,0.65080273,1.3500133,0.06781494,1.0580342,0.388406,0.5529558,0.09305684,0.18401282,0.122888766,0.2786741,0.19330676,0.027506672,0.025404643,0.015740454,0.08038936,2.3428168,0.0,0.0037697207,0.0055663,0.014182242,0.44320807,0.0017182671,0.16295397,3.1945877,0.08231895,0.09429665,0.0071533504,0.060063064,0.92917335,1.6064799,0.11916782,0.16562667,0.0059317835,0.28103057,0.29265192,0.026378874,0.26765555,2.7032218,0.021952622,1.0941154,0.35618737,1.225343,0.14991924,0.28533146,0.0,0.7497209,0.38991776,0.1768334,0.36338207,0.45201072,1.8707079,0.5508524,0.47228232,0.1468479,0.29264832,0.0008601038,0.70928496,0.12065552,0.7075846,0.34983125,0.31203195,0.013242519,5.369655,1.0273519,0.3495236,0.24889031,0.30018488,0.10790725,1.3549287,0.42161778,0.7145035,0.6444497,0.99032557,0.83169127,0.0074861646,1.3491381,0.26214126,0.5959416,0.017974842,0.0065962854,0.092314154,0.0872128,1.211161,0.050666403,0.018382594,0.25900894,1.5469058,0.2392778,0.38347426,0.7182758,0.061525974,0.58169025,0.029228158,1.2228243,0.014244267,0.23224793,0.004200618,2.7621522,0.15929809,0.0,0.076838635,0.12596798,0.097421944,0.59028554,2.6583588,0.15199697,0.0,0.285559,0.7281583,0.060788188,0.0010306049,0.4998391,0.58439046,0.08931252,0.51363945,0.094413705,0.3774875,0.48207527,0.08152221,0.30914325,1.1957772,0.0030531713,4.7497487,0.0030709666,0.3129683,0.35527778,0.15512244,0.021132868,0.00096602127,0.30635348,0.6106486,0.036843527,0.147243,0.4436604,0.24241537,0.70460635,0.33304432,0.37392974,0.025047233,0.5521353,0.18899359,0.0,0.47824878,0.113558106,0.00031489765,0.8265124,0.06438172,0.34182903,0.38951227,0.65172005,0.2711674,0.21810995,0.56586754,2.6999724,1.4683028,0.4899453,0.48690197,0.0015664112,1.3179634,0.0006474845,1.6139594,0.9455992,0.3941971,0.108224645,0.7402828,0.016809717,4.8420334,0.54176515,0.87874794,1.3193072,0.0,0.9777174,1.0992392,0.05025085,3.2058759,0.06134996,1.0708354,0.27522403,0.39534774,0.3003333,0.014174994,0.017503917,0.194342,0.012712228,0.7656558,0.0,0.5512182,0.3439201,1.3352836,0.052066468,0.9849732,0.6064789,0.06586427,0.0967311,0.28994507,0.06836277,2.4523199,0.7029862,1.1105983,0.80270267,0.018838748,0.48066196,0.10668634,0.98263127,0.0,0.059517838,0.11485018,0.83526254,0.39838073,0.6173371,0.0020912152,2.59827,0.13762578,1.1143968,0.89300716,1.0825613,0.19799715,0.7439359,1.0818323,0.2379759,0.043418523,0.029006435,0.79507166,0.22526766,1.504451,0.17883386,0.4075591,0.018885337,0.08949308,0.09340812,0.045667823,0.33010167,0.25804666,0.07115315,0.17681848,0.5661861,1.673109,0.4525143,0.0025297676,0.12649067,0.3261371,0.46936148,0.18386218,0.9142345,0.012304674,0.03521913,0.1271427,2.0835829,0.009050818,0.5939595,1.4317904,0.17969349,1.5399009,0.18912315,1.0028144,0.089369774,0.8297,0.3416062,1.6766608,0.006405863,0.8197127,0.3175723,0.24742739,0.3696171,0.120125204,0.017185211,2.3105118,0.2088108,0.0036559463,0.531008,0.11913722,0.059619173,0.27895984,0.067877725,0.01041979,0.35121325,0.0,0.08099378,0.25524533,0.030696694,1.053383,0.028234081,0.022836553,0.57441735,0.84621036,0.027858783,0.13113482,0.24306129,0.018659988,0.9868801,1.1585575,0.026274865,0.007672193,0.0,0.47192657,0.13518822,0.15167977,0.24410528,0.5176413,0.06426541,0.37296435,0.69363713,0.0,2.2407155,3.5167196,0.39032647,1.0443809,0.36346462,0.011710716,0.6681116,0.0,0.20168382,0.00547472,1.9517691,0.66877156,0.0794559,0.4416008,0.09055726,0.8914144,0.44362825,0.26176262,0.15756218,0.24813737,0.11055559,0.099187754,0.8855507,0.017723732,0.8171024,1.0108513,0.0010770733,0.6042013,1.3642071,0.0036044808,0.07284758,0.5683975,0.19393206,0.36837366,0.119653404,0.3308622,0.30698544,0.0019844482,0.0,0.20239401,0.62767845,0.9692063,3.2141225,0.46683985,0.0,0.20392056,0.0,0.08907577,0.55749357,0.1084069,0.13292144,0.3714047,2.2735846,0.4587784,0.21388191,0.4071452,2.1661067,1.1937118,0.1481042,1.8102944,0.97498816,0.104653195,0.24532324,all_pothole_images\pothole_images_2_image_186.jpg
0.02765495,0.4377548,0.39762133,2.3242996,1.0260123,0.30097866,1.5842195,0.06293432,1.2769094,0.47868022,0.16063645,0.14664,0.07309492,1.9947276,0.08646308,1.02643,0.14340009,0.6484253,2.4961395,1.039017,0.06573011,1.6851664,0.3634758,0.5783299,1.7286448,0.686229,0.22644113,2.047681,0.33141226,0.536877,0.33184245,0.38635612,1.5095842,0.7900496,0.09834412,1.1353625,0.011152439,0.123953216,1.17095,0.014846691,0.13019994,0.10542165,0.38945776,0.7193423,1.2826393,0.009681311,1.2636675,0.0,0.2608447,1.5428286,0.34100467,0.07035325,1.3623738,0.6862953,0.103309534,0.6623275,0.12861812,0.45468357,1.6476257,0.5093401,1.0314406,0.9059906,0.6563607,0.580739,0.60857886,1.7876259,2.2546082,0.6434387,0.26186126,0.010069177,0.09844473,0.21016172,0.7101438,0.043493796,2.0566308,0.015630106,0.034698553,1.0379615,0.8761559,0.30650398,0.068998836,0.06679606,0.4201409,1.9974407,0.20598567,0.67951995,0.22657986,0.043215934,0.8225421,0.2417752,0.3123857,0.6747923,0.0,0.41980556,1.8531344,0.006997776,0.698849,1.6567111,0.0,0.29071057,0.11253813,0.3920615,0.04049003,0.21100083,0.6032529,0.1408831,0.6576684,0.14088377,0.18990538,0.27716216,0.7182284,1.924221,0.36330476,0.13808672,0.3946546,0.070282914,0.9923094,0.6771117,2.0267527,1.1238672,2.0357444,0.6739973,0.5402371,2.0808187,1.9198126,1.1133116,0.032395344,0.015260365,0.15921977,0.035763666,0.30009848,0.26799163,0.18110944,0.7051063,0.6122898,0.82717896,0.6604124,0.07784097,0.939289,0.77150524,1.1450708,2.8131769,0.20259106,0.55659044,0.40413368,0.22340089,0.0,0.47094133,1.1254374,0.33915815,0.83725435,0.11967915,0.009941945,0.04294889,1.8916761,0.15247734,0.2462581,0.27411768,0.06879601,0.32503018,1.2712078,1.4010277,0.5563287,1.0055472,1.4763844,0.0,0.40982133,0.032103766,0.2064515,3.9451468,0.49197954,0.024407502,0.03639693,0.19971727,1.1197262,0.054530483,0.25406587,0.011741774,0.10753414,0.17855424,0.15201984,1.881355,1.4322011,0.9818889,1.3569725,0.999642,0.38331687,0.07343664,0.45447034,2.7288349,1.1305826,2.7553132,0.017741362,0.81046486,0.13846162,0.3109145,2.29339,1.7697862,1.1320262,0.32893857,0.29920468,0.69490886,0.7000407,0.30107826,1.3569272,0.16020855,0.46371576,0.15857495,3.3897207,1.2677337,0.01872083,0.0224782,0.8511126,1.1642588,2.249435,1.7115002,0.028870054,0.671516,1.0091604,1.520628,0.08902232,0.91469216,0.08966924,2.1854432,0.014666569,0.0,0.69760495,0.1289846,0.8841665,0.09346587,0.100959234,0.13248488,1.32431,0.7259519,2.785549,0.2630428,0.74429256,0.09013689,0.006356773,0.6272661,0.41707727,1.5864837,0.21153611,1.3155262,0.021794071,0.048459724,2.4742823,0.2679028,0.4536825,4.2795334,1.7133477,0.22633654,0.28869316,0.11356835,0.043346405,0.46091086,0.6512645,1.0816088,0.27862337,1.5514137,0.20904735,0.6613455,0.444345,1.4938198,0.2005531,2.8151128,1.3306437,0.0,0.73800313,0.5793383,0.05728951,0.03916328,0.888215,0.85640574,0.26961657,1.5139842,0.13552669,1.2220641,0.733365,0.22487323,0.026069403,1.3421017,0.50973,0.22763786,0.32129773,1.0080521,0.15379672,0.30106062,1.7561957,0.05918939,0.0,0.7632655,0.9759766,0.12772681,0.7582444,0.3040358,0.08438676,2.5573883,0.6661204,1.2102072,0.89896065,1.2067789,0.37101242,0.03441232,4.3840938,0.21142216,0.57089853,1.4947227,1.2178096,0.2031151,0.8267783,0.76024526,4.800753,2.6472468,0.28400135,0.78596646,0.01891477,0.4844076,1.5806407,0.5330396,0.5271062,0.6391417,0.55880165,0.21580839,1.7462952,0.6452042,0.28321952,0.030489843,0.02560203,0.16343898,3.33861,0.13248885,0.7108738,0.5320311,0.63886386,0.24161822,1.5028652,1.7641059,1.130065,0.030740185,0.112428,1.0275849,1.7344469,0.9383086,0.7747017,0.70877516,0.32548806,0.24695556,0.25531936,0.77831066,0.268861,1.003729,0.85439235,0.50383073,0.12939617,0.21581098,0.0,0.86096054,1.1632159,0.2932954,1.3504522,0.29148445,0.7741206,0.08584618,0.037492815,0.33044165,1.125767,0.7209023,0.058891445,2.367568,0.8007895,0.06793185,1.4965187,0.07097775,0.27441257,0.44574103,0.044173524,0.11329878,0.19639298,1.3697575,0.9724798,0.40660864,0.1153138,0.6338852,2.235071,0.51381147,0.8684765,0.2418377,1.1280096,0.95003635,0.81376815,1.9801091,2.1419184,3.220408,0.027061287,0.27138725,0.8489152,1.0816153,1.6094499,0.0027674322,2.8710725,0.12732686,0.033616677,0.6120205,0.14978334,0.002099556,0.2257917,0.45061496,0.029730259,0.07607835,0.54455805,1.1848917,3.704771,0.5321466,0.07351151,0.005432113,1.1065513,0.44222805,0.82404596,0.0090509,0.595806,0.25356624,0.40345407,1.1749375,0.8839209,0.6475341,0.4285837,0.15204509,0.24132119,0.63791144,1.1051008,0.8135723,0.063452855,0.49923885,0.28668427,2.082824,0.9509665,1.6651784,0.60364497,0.9118506,0.07078854,0.46130806,1.2370483,0.58260274,2.2556734,0.21022205,0.7668307,0.8248955,0.004301556,1.2362195,2.901696,0.24322085,1.0061637,0.14073703,1.3758234,1.7314434,0.0723145,0.24214569,0.22901034,2.0827637,0.697786,0.058015943,0.7167595,0.08748312,0.6578818,0.9926107,0.46630368,0.02399482,0.16112927,2.122662,0.62427735,1.4089665,0.17314754,0.25035754,0.3932107,2.3822105,2.0685349,2.238844,0.6760306,0.36868227,0.68016905,0.6726099,2.5206058,0.2606243,0.0,1.3793129,0.46048802,0.3242834,0.6306681,0.09822405,0.72519934,3.327306,0.8792405,0.08184318,0.06688849,0.011345891,1.1998942,0.4848147,0.22457041,0.54500204,0.93255347,5.730482,0.91565067,0.12991755,0.22492824,1.2283162,0.28900257,0.70289207,0.7218857,0.29472792,0.45958918,0.3101874,all_pothole_images\pothole_images_2_image_187.jpg
0.31129074,0.045419343,0.74254155,0.5371458,0.096741535,0.025931254,0.0,0.7256457,1.8002528,0.24169871,0.7041488,0.006239851,0.61097074,1.0522258,0.1710206,0.015543054,0.029334906,0.0,0.07638547,0.33677366,3.2904954,0.24796766,0.08304729,0.51629573,0.4950727,0.016994717,0.170507,0.08559324,0.0,0.94537795,1.0347162,1.2555951,0.55057067,1.8020912,1.494045,0.5908016,0.5502266,0.04482193,1.0986536,0.29945078,0.00042949256,0.033814915,0.5889621,1.4293342,0.98306036,0.08321758,1.6583084,0.01814071,0.20256315,1.2263299,0.4898274,0.20170319,1.4557526,0.0031206082,1.985255,0.82623607,0.2512619,1.2498883,0.49805328,0.08549538,0.31746984,0.9122628,0.08890016,0.539089,0.60477406,0.20944722,0.09342679,0.43134734,0.11053033,0.12307769,0.85234755,0.24230506,0.04417701,1.3518038,0.15685023,0.013373398,1.1198329,1.0028508,0.03061251,0.16816185,0.11347081,2.95204,0.54203296,0.08626963,0.110662654,0.0,0.3307055,0.35891265,0.86336213,0.021471025,0.8444032,0.2994377,0.11296853,0.56892765,0.29799765,0.52133024,1.0938554,0.07027154,0.5180743,1.6714007,0.3471144,0.0,0.18106478,1.1554794,1.2325703,5.3703723,0.00857681,0.013627025,1.5358597,0.8819482,0.48082042,0.20840591,1.715242,0.18939869,0.20804739,0.3891587,0.422035,0.13645086,1.0049957,0.09401353,1.7123584,0.08429735,0.4781617,0.5941173,0.7950008,0.115969345,1.706074,1.2145332,1.309848,0.11578745,0.45765814,0.27118757,0.20396042,0.140197,2.1585248,0.0,0.86132264,0.9853485,0.58085996,0.043697756,1.427063,0.33802992,0.6886001,0.15895855,0.08124409,0.70099854,0.4800629,1.5363894,1.1100115,0.80222166,0.56538785,1.339685,1.7176622,0.26401517,0.25304168,0.57288665,1.1097239,1.9751629,0.03317697,0.08184062,0.57007587,0.10196032,0.023645313,2.0168529,0.0035509116,0.1351428,0.5635594,0.0045607393,0.004052193,2.0492156,0.3126095,0.79670995,0.04422113,0.09686735,0.015323493,0.92975116,0.0056442777,0.5880483,0.027322462,0.30656984,1.1169273,0.5533424,0.7409308,2.091785,0.21453561,1.1698773,0.0,0.22292858,0.69893557,0.17130353,1.4105644,1.8434632,2.3528433,1.4726267,1.0170758,0.29571548,1.1871973,0.19010942,0.20093524,0.061411593,0.9997138,0.024695162,1.1194229,0.8333944,0.7145725,0.43573132,3.1932638,0.07331192,0.026347175,0.4509622,0.044018142,0.77723324,1.1998653,1.3965647,0.056959298,0.1322312,0.5410229,0.052777883,0.06272346,0.0,0.28688407,0.2590533,0.20218168,0.12717128,0.73296213,2.1836917,0.3679638,0.59397507,0.3304595,0.40950614,0.8791229,0.16544326,0.5573467,3.4855876,0.22874172,0.6169418,1.207311,0.25283968,0.03848365,3.2209616,0.56306845,0.6255895,0.23424539,4.2534847,0.605944,0.09213089,0.96725005,0.18562129,0.024820141,0.45091084,0.44962466,0.5460252,0.33812878,0.22100526,0.4590246,1.8935941,0.28863314,0.00837925,0.011950186,0.20353362,1.2302811,0.8974139,0.5566534,0.04337667,1.5478477,1.2929131,0.2548432,0.8024916,1.6380357,0.43195525,0.7253676,0.11794022,1.1952529,1.3085673,0.42209783,0.022061232,0.47282803,0.0,0.29774538,0.21123874,1.5371577,0.6948036,0.0,0.46894202,0.76165164,0.1144743,0.17700927,0.5495529,0.090900555,1.3125703,0.8700211,0.032432847,0.3274324,0.71720946,0.25367475,0.38677418,0.5119542,0.0755814,0.22173183,1.7625318,3.6089432,0.30749527,1.2838795,0.0,0.28284594,0.12796149,0.44512996,0.06393846,0.0,0.105731614,1.1994356,0.87356675,0.0,1.3250831,0.14926766,0.72409004,0.02030679,0.77150995,0.57273,0.9770618,0.1756447,0.5490595,0.94913685,0.55793893,0.06241955,1.3447083,0.6199493,0.033525247,0.8752963,0.012068747,0.13790663,0.054205503,2.0551574,0.010601635,1.4082999,0.060258962,1.3679987,1.688371,0.5161969,0.5011316,0.015515635,0.18622449,0.5090423,1.584554,0.96651673,0.55944794,0.0,0.105979726,1.5897946,0.21270666,0.114858024,0.20226665,0.55469126,0.47499278,0.09935064,0.04891165,0.02581102,0.06536419,0.22902526,1.8278694,1.5609382,0.32180762,0.5245126,0.2034227,0.5759761,0.34029505,0.11961867,0.4937927,0.08807216,0.15979287,0.07454756,0.56357473,0.6689201,0.09413123,0.4095491,0.0,0.071764745,0.0461165,1.3228983,0.208664,1.5798051,1.0446525,0.22143692,0.6273262,0.017391054,0.6636627,0.033767335,0.027147327,0.5515521,1.040419,0.6062462,0.23254992,0.4942285,1.1733772,0.0009442936,0.4165755,0.11428536,0.13765347,0.09086086,0.33121514,0.004170962,1.7342188,1.4659771,0.5753941,0.02469033,1.3223808,1.3439099,0.025383024,2.0626984,0.026674885,0.422277,0.09956889,0.57091,0.12619314,0.5887415,0.90885127,1.3199346,2.2809076,0.096466005,1.9323906,0.2029494,0.55257195,0.06506608,0.7498278,0.12926571,0.7479075,0.8358087,0.00060749694,1.0174838,0.10774483,0.15801987,0.20044762,0.0,0.0,0.5241997,2.0544233,0.7887699,0.11125047,1.4837358,0.7263192,0.9733058,0.52050894,0.7048994,1.3165023,0.19573978,0.7488561,0.02946023,0.22159062,0.4950156,0.68205196,0.07244921,0.21971776,0.036442295,0.0017089472,0.36274052,1.5007797,0.38177714,0.5023764,1.2931882,0.5417184,0.7966704,0.28489104,0.77017885,0.7693237,0.08491345,0.16587666,0.51348937,0.0005931997,1.3871995,1.937668,0.0015274505,0.2505588,0.068278424,0.37568033,0.03253716,0.10343577,0.10499026,1.44284,0.66246146,1.96235,0.4294787,0.38663676,0.32008862,0.098633125,1.135925,0.6396784,0.63833845,0.37627396,0.45953274,0.018546425,0.30935276,0.20039529,0.09363954,0.0,0.03042258,0.051456586,0.35339347,0.44390836,0.09283142,0.9516655,0.03931719,0.5216796,1.2477677,0.72842187,0.9973462,0.7274379,0.42777377,0.2118047,0.73623765,0.43766287,0.037845958,0.0,all_pothole_images\pothole_images_2_image_188.jpg
1.4464033,0.45893598,0.054298583,0.96961135,0.9967795,0.1527248,0.4417752,0.73494095,0.42626572,1.0921788,0.8645936,0.47926754,0.95472765,3.6867914,0.4426524,0.101617195,1.4839716,0.25831494,2.084027,0.4999999,2.0293188,1.3006855,2.0094843,2.2431476,1.9064094,0.93137956,2.195353,1.2573481,0.32221493,1.1307272,1.3222877,0.48200917,0.643328,0.48788476,1.9080567,0.43761882,0.04727939,1.2653733,0.14493388,0.8912657,0.113927744,0.025260031,0.771404,2.0248723,0.54329705,0.8274053,0.23703466,0.54576296,0.63131714,1.0669395,1.4818372,0.25548515,0.94422615,0.6420804,0.6275813,0.8614712,1.0333134,0.0,2.2622323,0.07816392,0.31684893,0.11745117,0.59290695,0.3563264,1.8720398,1.6861684,0.62314916,0.29643705,0.22391614,0.43473643,0.6054294,0.4937315,0.43424162,0.16581598,1.1565963,0.94783175,0.26611593,1.0785227,0.99575096,0.42868105,0.76776433,0.35772884,0.22510335,0.0,1.4330288,1.8026481,0.056909196,0.45903587,2.0868528,0.0780692,0.27203044,0.33317903,1.2065634,0.40785426,0.124162525,0.62781036,0.97218025,1.0077488,0.54904085,1.7823035,0.107663795,4.3555436,0.10047462,0.5850508,1.6947738,0.7346403,0.92619073,1.4094548,0.07895961,0.56536776,1.1843579,0.90435183,1.4781146,0.96326613,0.9085791,0.31895563,0.70750564,0.5086064,0.62055534,1.4010268,1.0788339,1.4065583,0.56771827,1.348345,0.26537055,0.45410374,0.30716705,0.4725697,0.6146573,0.5483719,0.5285118,0.33316436,0.0964174,0.70488244,0.0,2.884223,0.09537576,1.2577026,0.44207242,0.5798708,0.29860243,0.5710442,0.5937477,1.7927592,0.7800691,1.54454,0.09294669,0.96890306,0.4599171,0.40606415,0.632722,0.49530703,0.33805254,0.12673289,2.5948374,0.18356895,1.2620623,0.57308453,0.2978343,0.60403085,2.7693257,2.2834148,0.3998265,1.9532539,0.36367968,0.326854,1.1599824,0.3658651,0.7463849,1.017913,0.32952213,0.01211813,0.65235883,0.26028267,0.40509254,0.9104429,0.69688225,0.19592464,0.51677483,0.20043953,1.6052487,1.3791984,1.7112077,1.1102462,1.0354717,0.46557358,0.07631762,0.350715,2.2076104,0.028504968,1.9317857,0.90643114,0.91229427,1.5797483,0.18592083,1.871747,0.36477867,1.3442204,0.29916346,1.5387797,0.3330451,1.7379162,0.67853886,1.1185849,0.11640219,0.40462455,0.46485955,0.45053408,0.48775735,0.3197515,0.4041628,0.17079851,0.21047588,0.35892704,0.5566038,0.96746886,2.483826,0.27577645,0.5712696,1.494519,0.6347501,0.02864344,0.8832383,0.77357364,0.20381568,0.84215593,1.3100972,0.7040414,0.1829763,1.4006269,0.8411208,1.0068977,0.9504705,0.5572609,1.8042997,0.35863602,1.5392661,1.4027623,0.2655082,0.17704423,0.71443784,0.19550292,0.42418423,0.5850689,1.0114584,0.0022497515,0.8633264,0.7382669,1.2753102,2.5502286,2.8001444,0.2576617,0.56924397,0.21143812,0.6522708,3.3436782,0.9920538,0.46984333,0.41311142,2.3129935,1.3926883,0.7662811,1.3188009,0.3590363,0.31614032,0.4891007,0.5769387,0.85840434,0.21837406,0.1900722,0.12956472,0.05157854,1.202319,1.9675201,0.21075726,0.16980428,1.1957784,0.14161111,0.43472555,1.0599049,1.4403689,0.67697597,0.98391813,2.4413738,1.856774,1.4077967,1.2404418,1.0021021,2.1596794,0.07683849,1.5340996,0.4832781,0.12104271,1.2773169,0.20559026,0.059032,0.8230559,0.33536997,0.0,2.2223291,0.6111641,0.14078392,0.3999232,0.0,2.4064772,0.9779725,0.0,0.7747312,0.62467736,0.14149104,1.878985,2.7525995,0.96159315,1.7693706,0.5110007,0.656538,0.6674751,0.95317334,0.33743036,0.13946255,0.6070873,0.69099176,0.002438926,0.5205404,1.3860453,1.2812947,0.29250488,0.76871175,0.21269286,0.6286287,0.88800174,1.1227071,0.1035817,0.9883036,0.8242167,1.1420912,0.45369586,1.7508054,1.1836898,0.6172589,1.986467,2.0880969,0.28149384,0.9198772,1.5232068,0.3072768,2.021869,0.3954422,0.2962388,0.5323655,0.15287574,0.2772137,1.4474006,1.0328729,0.58767086,0.939982,0.5560558,0.4620736,1.6095988,0.118537605,1.2489932,0.91348934,0.27744552,0.70615727,0.0076016802,0.0,1.0048239,1.4970669,0.8794637,0.5559329,0.51500595,1.4290503,0.6895351,0.37763086,0.90870416,1.3941401,0.58444583,0.0999337,0.028977547,0.45168445,2.473699,1.1047916,0.5567018,0.066907,1.7486254,2.0270116,1.9234731,2.3105476,0.017777031,3.3616133,0.4902639,0.41369113,0.5247458,1.4382888,0.6468263,0.057970636,1.5029739,0.28046885,0.81954074,0.32770836,0.046951868,0.50338763,0.37281615,1.1385468,0.45431843,0.6425859,1.128477,0.9159226,0.21412621,0.7580342,0.6328467,0.47395337,0.042270172,1.5203356,0.1354803,0.45257482,0.37258178,2.5186608,0.84016377,0.021276534,1.4882305,1.6017842,2.7106936,3.1601424,2.30088,0.83541554,3.04686,2.1197174,1.8913913,0.53383434,0.0,2.098352,1.7425839,2.4410918,1.2128713,1.8255961,0.094873436,1.3127809,0.0006204768,0.06669036,1.5641704,0.35474437,0.14498621,0.15338792,0.15841742,0.7439582,1.3813792,0.12493396,1.4434428,0.7817221,0.19244011,0.01827609,0.00605691,0.55594,0.41161782,0.67304915,1.0044408,0.3487442,0.44634616,0.9321277,1.2303774,0.96810395,0.7968837,0.716982,0.1299758,1.9435716,0.41425592,0.14937988,0.7510907,0.3378296,0.69873196,0.9939874,1.5179639,1.6101077,1.8964342,0.05895774,0.1642393,0.9304489,1.020728,0.37911052,2.5497131,1.9086123,0.7656209,1.6266818,0.59772563,0.51445615,0.67004704,0.89378625,1.1608331,0.06954531,0.2445578,1.4753072,0.7798127,0.034154277,0.5880383,0.0066817203,0.8324957,0.06798944,0.6377301,0.23294355,1.2019882,0.68960065,0.47815025,0.22631808,1.5128143,0.0,1.1996197,0.873284,0.06461671,1.4231324,1.1279342,0.7324746,all_pothole_images\pothole_images_2_image_189.jpg
0.1511784,0.76321316,0.554219,0.3468473,0.53882664,0.4855085,0.09743119,1.820812,0.7241443,0.71697515,0.7540691,0.9944631,0.027182586,0.07922508,0.06432063,0.039836444,0.7140232,0.14040717,0.30198014,0.36923537,0.06270621,2.070157,1.6767585,0.7794829,0.006192921,2.4341044,0.34925908,1.139531,0.16962358,0.24338853,0.43466568,0.534644,0.1299508,0.4135759,1.2861346,0.4463698,1.1065116,1.358105,0.4446277,1.3111523,0.13559592,1.2335262,0.947431,0.3175234,0.25660732,0.10747953,0.11893642,0.30433056,0.10712058,0.09754446,1.6616406,1.0958557,0.7936012,0.7161386,1.0164174,1.3258328,1.3569214,0.7450878,2.5931199,0.5949947,0.4020865,1.089023,0.6465876,0.7133996,0.45015147,0.84927535,0.9851365,0.6513344,0.80381477,1.2917941,0.15260036,2.0403004,0.43019032,0.03609262,2.0958097,0.67864555,0.96208113,1.017984,0.86913913,0.3895793,0.74486554,0.62376946,0.28349,1.6472325,0.79849,1.4129211,0.2840873,0.1202332,1.7223295,0.5164285,0.41484788,0.36180317,0.02507871,0.46111342,0.35755202,0.06724084,0.08739278,0.33411604,1.3399404,1.1405445,0.111776784,1.929583,0.35922906,1.0296149,0.31402633,1.152978,0.09446589,0.061086528,0.43859947,0.3430308,0.4085251,1.4455563,0.32320184,0.52653015,0.26050255,0.29279855,0.8882362,0.24825436,0.28540647,0.21593896,0.41279486,1.7497306,1.1686414,0.9848891,1.2821549,0.5484873,0.15614353,1.5676191,1.8822843,0.0055044144,1.3356875,2.2951038,2.402338,0.50711864,2.329784,0.30367726,0.34261346,0.12359862,0.50263405,0.9289658,0.6154257,0.48356226,0.8129734,0.9465948,1.20681,1.4912038,0.7920419,0.27573392,1.5402275,0.9373376,0.12605733,1.3359487,0.023333823,0.027346022,0.39264616,0.35428149,0.066857226,0.13553178,0.46949798,0.16548696,0.98654467,0.0,0.3577065,0.7506124,0.8517858,0.02348853,1.4246274,1.7171739,0.070643604,0.02178796,2.2199113,0.894795,0.29141277,0.14507051,2.0525298,0.52788234,0.42860946,1.0979238,0.6717079,0.97753406,0.35622856,2.962798,2.885888,0.75914,0.5021044,0.47430116,0.0,0.7510107,0.28138122,0.49133688,1.3023876,0.28534794,0.45480448,2.0892487,0.04460829,0.619743,0.08242286,0.3390878,0.041143056,0.6643311,0.047454886,0.35624802,1.2175435,0.07666666,3.7117457,0.19772522,0.29986247,0.69406796,1.4740006,0.38278177,0.9520587,0.94047123,0.70508116,0.9272103,0.35511714,0.6580071,1.331221,0.78444827,1.3886012,0.5106802,1.1139907,0.77304006,0.8108935,0.5006529,0.8193235,0.67599034,2.5952983,0.049636427,1.1858709,0.6320318,1.2511691,1.5233289,0.46078125,0.3957937,1.2488372,0.187277,0.41654742,1.4256339,0.11986633,0.37895867,0.2725259,0.8537186,0.5551687,0.5337369,0.099289425,0.45753136,0.82528156,0.41098675,1.1298164,1.6224692,0.7930156,1.865187,2.3493886,1.2519292,1.3570559,1.1167737,0.64926374,0.0,0.5100108,0.41360086,0.9886717,0.3823301,0.793838,0.30717975,0.38438508,0.8132893,0.17903964,1.2996663,0.49500632,1.1056396,0.35549256,0.52541727,0.3505806,1.8701466,0.9859111,0.2114864,0.5119378,0.2774783,0.04873443,0.52290183,0.92545384,0.27679047,0.00071219803,0.72018075,2.6324859,0.34563196,0.85404515,2.044521,1.2193573,0.72485083,1.0692065,0.4553079,0.44989523,1.1263269,0.47316632,1.7671231,1.1776195,0.9243936,0.68057007,0.59168136,0.0,1.0511487,0.6231616,0.29085702,1.9698405,2.127736,0.3973188,1.3281311,0.07508291,2.127016,0.9641453,0.72902375,2.0861082,0.83748156,0.32072422,0.46609718,1.2383605,1.6707926,0.27114943,1.0969512,0.06273617,2.8742213,0.19280478,0.37766716,2.0216377,2.272111,0.47854364,0.42850378,1.4111966,1.2606705,1.2258259,0.57110125,0.8409336,0.2288336,0.31164628,1.2984573,0.24543987,1.9500983,0.39277872,0.7455267,0.65393937,0.6250764,0.10610707,0.32291418,1.9861176,0.5319528,0.041138064,0.3923568,0.26828116,2.4784992,0.7493873,0.51918054,2.6950276,1.8077918,0.8804244,0.85270244,0.78126764,0.8910876,0.463374,0.22520399,0.012497552,0.28051573,0.085296,1.4592708,0.30268267,0.7539383,2.1302779,0.16417916,0.9443199,0.5982331,1.6814139,2.804864,0.6477764,0.09314745,2.091397,0.6246364,0.11668826,0.31455955,0.019759879,0.87163544,0.25480264,0.248839,1.5841253,2.3392572,3.371232,1.1265609,0.57999736,0.4477757,3.8804657,1.7922431,0.7362115,0.37196165,0.07077663,1.3518149,0.4001283,0.70476514,0.52216136,0.56628394,1.376822,0.8385829,2.9516678,1.4425967,0.05538289,1.0198728,0.24107917,0.39064312,0.7608411,1.266822,0.14243636,1.7090404,0.49642685,0.26858616,0.70386183,0.9435367,0.22670609,0.24706192,0.071619146,1.5583048,0.20504794,0.46462584,0.9211354,1.9138715,1.7074118,1.6575757,0.374683,0.5188973,0.69243354,1.9954582,0.44420946,0.06080353,0.41249457,0.22294535,0.20689169,0.10559973,1.0216278,1.4377227,0.6288349,0.29167482,1.4722506,0.29278374,2.0961726,0.2031737,0.3078036,0.2877973,0.63226837,0.4517581,0.84574497,0.34560114,2.041065,0.33509067,0.1710259,2.4185145,0.44140086,0.68249154,0.021728763,0.5735739,0.96696705,0.37756264,0.12243005,0.14798482,0.19025211,0.42368013,0.5688981,0.14988904,0.7117358,0.8384451,1.3818842,0.08386399,0.5628782,1.2581863,1.5735948,1.8035991,1.7864076,1.5120535,0.2884198,1.4372447,0.32214335,0.34643012,1.0435747,1.4088566,0.3702067,3.275228,1.1879652,0.20773509,0.102544256,1.3647157,2.5562327,0.6652248,0.15825875,0.016507898,1.5654044,2.8053176,0.2228734,0.9328001,0.5481907,0.65830666,1.0551442,0.76833624,0.35427237,0.16969883,0.028553711,0.310818,0.621885,1.4759308,0.9005563,0.12780249,0.2628445,0.3719573,1.1253616,0.68886644,1.1234194,0.63512725,all_pothole_images\pothole_images_2_image_19.jpg
0.13387607,2.211952,0.74792963,0.37332878,0.9291502,0.10463228,0.8083311,0.64096296,0.28531927,0.7096584,0.26890537,1.6105334,0.43708706,2.365041,0.1644996,0.8759533,0.22145738,0.1969609,1.0839322,2.0300114,2.0789227,1.2558905,0.8765763,1.8506582,1.080688,0.5604861,0.685937,1.1160448,0.19043252,0.7680736,0.23745213,0.03973754,0.55314076,1.7181846,1.6064088,0.7123212,0.1419464,2.0902526,0.23687884,0.8140911,0.019966641,0.96378887,0.34875056,0.31339052,0.065352485,0.676565,0.48204345,0.2826302,0.25606,0.56143147,1.8151909,0.12716801,0.53958946,0.6983884,0.7002042,2.8744342,3.2597642,0.7706297,0.70422035,0.14451835,0.27414513,0.1993179,0.5468133,0.33639595,0.77679926,1.7267123,0.6562808,0.3287252,0.20355597,2.8659108,0.67492574,0.683001,1.1752248,0.3494215,0.36027443,1.5851914,0.844628,0.65696204,0.300255,0.23014955,0.2068284,1.319127,0.14767304,0.9490948,3.9412265,0.7404463,0.0394969,1.0866076,2.6265192,1.0480007,0.13911948,0.808636,0.8998582,1.730542,0.33509833,0.51318604,0.43066674,0.20959309,1.1188289,0.937634,0.18098539,2.2543714,0.22089237,0.3948937,0.21506643,2.408643,0.30736965,0.4428266,0.31562498,0.5133607,1.1251543,0.32668966,0.20224603,2.682772,0.88888097,0.3687659,0.858073,1.5453862,2.4280782,2.1990485,1.6927434,0.82594436,1.3376253,0.815518,2.940444,0.5187965,1.5132898,0.27232978,0.6105932,0.47670913,3.4905968,0.8057668,0.25326157,0.57035834,0.3858799,2.9619114,0.52627057,1.2903631,1.354518,0.13858758,0.89370203,2.272325,0.5533685,0.54646987,0.095620394,0.42779338,0.43369317,0.51851934,0.76385784,0.82349944,0.46283302,0.5289925,0.4122871,0.030848576,1.7635343,0.45962006,2.199208,1.3489916,0.12044612,1.1987952,1.6262907,0.4559241,1.6041998,1.5541453,0.12595901,2.8294444,1.077971,0.3482571,2.762597,1.457923,0.26400056,0.01757922,0.13437702,1.0461667,0.6991526,0.21244642,0.25928757,0.29127488,0.14323352,0.4956141,0.2953032,1.8333145,0.70671827,2.2176955,0.75188303,0.59617865,0.43241775,0.14532779,0.295053,1.9654549,1.4138186,0.258328,0.2861262,1.9229051,0.5324514,1.0362345,0.77588385,0.7322198,0.27792153,1.2108246,0.12308954,0.84206074,0.30204633,2.0744119,0.02769843,0.24658713,0.16044724,0.23050512,0.75003636,0.19680959,0.020399287,0.3104096,1.5345975,1.6172618,1.2417787,0.85339564,0.8217271,0.1283085,0.7818541,0.26039326,0.73882043,0.22002341,1.3784416,0.59820974,0.7264034,0.034310713,2.1551173,0.12748538,1.4067423,1.2169471,0.5311791,0.637979,0.7688459,0.14689606,1.0585898,0.39621422,1.266652,0.42215034,0.2770861,0.99138767,0.12099375,0.47685233,0.660964,0.87841505,0.25707033,0.2037285,0.6905149,0.77362216,0.81532335,2.4423275,1.780709,0.7119609,0.6598094,0.3416865,0.5139203,0.24340063,0.18583837,0.16233894,0.9137305,1.6200829,0.24572082,1.1377699,0.88151795,0.08283422,0.3344205,0.323995,0.5452566,0.6562998,1.5289853,0.7973887,0.002625694,0.047274005,0.506231,0.31598306,0.4332484,0.7889971,0.82257295,0.5824058,1.4676094,0.23221171,0.11354219,0.2712284,0.4285038,0.29259303,2.7531862,0.6156884,1.0445573,0.39703763,0.7698453,0.1458198,1.3274084,0.03394446,0.025362309,2.8890026,0.82849073,0.29697952,2.2730055,0.22562681,0.5202653,1.4764371,0.8161326,0.30811578,0.9422344,0.24862812,2.5517576,0.42035413,1.1538535,0.171594,0.38582745,0.06451953,0.8689115,2.12983,1.5420619,2.5091798,0.30295298,1.0996637,0.08149736,1.3964887,1.8805991,0.2482125,1.2101015,0.70284724,0.8933496,1.4613415,0.67166823,1.6667628,0.117711484,1.569127,0.475402,0.57682157,1.0863665,0.24519858,0.014864351,0.09891679,0.81215894,1.4400247,0.26262167,0.35077477,0.33033136,1.207496,1.3477464,1.4881395,2.8339064,0.14763846,0.8114409,0.11467733,0.80751586,0.14495477,0.024333028,1.5417373,0.22628024,0.52033883,1.4006451,0.39715022,0.15697584,0.7804199,0.07350726,3.167975,2.79027,0.67402095,1.7789207,0.6386638,0.39866427,0.63557965,0.37066883,0.54515207,1.4970363,0.13770328,0.3354945,0.5760439,1.5019686,2.5483258,0.99475735,0.17771822,1.1142821,3.6473618,0.38313347,0.5613846,0.46076152,1.1201715,0.14417702,0.05525259,0.08720622,0.7464301,2.0201616,3.3410213,2.643579,1.2672917,0.51321524,0.61722267,0.34827003,0.11404254,0.010432163,0.45642447,0.4226189,0.45463234,0.85638237,0.78669614,1.6329155,1.3080606,0.28657317,1.4406531,0.5144987,0.14498113,1.4046755,0.1534636,0.66703564,1.2702978,0.9182278,0.059751302,0.32285592,0.42772412,0.045138627,1.2598159,0.012065471,0.26593214,1.1790797,0.34367743,0.0,0.13055044,1.177447,1.648481,2.1639085,2.2419457,1.8589233,1.9672956,0.6605612,0.7807391,0.72830665,0.824202,0.17128457,1.4329829,0.77303404,1.5585903,1.1153795,2.0349448,1.2594206,1.017626,0.08342406,1.651447,0.94448256,0.875435,0.47027627,0.72329307,0.096599385,1.9252464,2.5908751,0.96383494,0.23933779,0.06239993,0.5476918,0.9665208,0.40704766,1.4871477,1.3729385,2.0473022,1.2527666,0.3116766,0.48341182,1.2215599,2.6516678,1.1251882,0.3089726,0.7678649,0.63474184,0.044042762,0.025945175,0.41298118,0.58957756,0.9108911,0.86988276,1.5538121,1.0448977,0.05468676,1.2982802,0.39655462,0.48671544,1.1839957,1.0293002,1.6929023,0.93502045,1.7203711,0.7042207,0.4719334,0.20797344,2.454646,1.7948289,0.29731756,0.7719943,0.13554916,0.116852894,0.6388905,1.2726208,0.0,0.18958294,0.0,0.108033985,0.4374638,0.031727638,0.5783792,1.8593376,4.596634,0.7116817,0.27885914,0.18872128,0.25684875,0.051853787,0.6762259,0.77173203,0.34022117,0.45758733,0.6043771,all_pothole_images\pothole_images_2_image_190.jpg
0.48689818,0.6656744,0.9061285,0.6389011,0.00493266,0.14056185,0.10821281,0.029946359,1.4883702,2.047852,0.64571005,0.12876688,0.006309738,0.5846061,0.4208067,0.40798658,1.1965479,0.0,0.99363035,0.046746198,0.7456573,0.22239581,0.66719973,0.86052936,0.770062,0.6654699,1.5243648,0.21221343,0.13794132,0.9297685,0.1099637,0.06651609,0.08661728,0.746751,0.024755677,0.5046865,0.02947795,0.31441846,1.42729,0.18542728,0.3222955,0.024711698,0.97454125,0.03395206,0.26036352,0.87849945,0.19680959,0.0,0.28672737,0.55764604,1.2215345,0.85913676,0.09601944,0.5811421,0.1447707,1.500147,0.07536069,0.17987344,1.850846,0.21603015,0.17362551,0.5989205,0.07294557,0.013082465,2.0620818,0.6559884,3.9407904,0.43201828,0.22359817,0.028718205,0.19462708,0.011054616,1.1097734,0.13473755,0.5644837,0.28231668,1.4863286,0.3656648,0.7313432,0.0058776345,0.05590107,0.72673696,0.121488236,1.5484203,0.13566637,0.08398533,0.14565025,0.46591341,1.7883652,0.108691916,0.087368295,0.3428009,0.011893551,0.05661653,0.05531078,0.14069264,0.4149308,2.183132,0.0,1.1041361,0.0,0.036706448,0.34845808,3.1744435,0.16249575,0.22310953,0.018024407,0.30393282,0.1392075,0.18876816,0.46658057,0.37202138,0.10605306,0.34030196,0.2836427,0.033835046,0.4173823,0.46842512,0.36415228,1.1523588,0.7314515,0.8453238,0.10047621,3.3102074,1.0609378,1.4880277,2.050687,0.010789164,0.097722575,0.25216055,0.2839043,0.8765262,0.18232006,1.0630946,0.08781654,0.49853057,0.23273876,0.22796427,0.5962496,0.010679777,0.51895577,0.6554696,0.70776695,0.1959685,0.19460586,0.0,0.0,0.6007096,0.328576,0.27386472,0.14179944,0.32183394,0.42000884,0.113648824,0.10713994,0.022468217,0.13308159,0.410399,6.595309e-05,0.7463324,1.1669018,0.629938,0.0025790478,0.07275535,0.14111036,0.45190537,0.19649284,1.0580975,0.11348284,3.5619457,0.16953768,0.03250749,0.38979885,0.18543878,0.36203274,0.54029816,0.28691393,0.056962397,0.61950535,0.30328247,0.81598085,0.07491644,0.51425314,1.7932798,0.5746703,0.74996066,0.0,0.06439253,1.2186095,0.75889385,0.012775511,0.14747256,0.40904814,2.1569948,1.0896708,0.91648304,1.3939154,1.6702964,1.5952419,0.51137817,0.058040794,0.31731513,0.06276254,0.14866664,0.41295654,0.03657263,0.33596063,0.19001861,1.2086319,0.9587856,8.2351304e-05,0.06580304,0.037785422,0.017803136,0.937275,0.9006045,0.3049505,0.9758119,0.2004332,0.09093203,0.4677351,1.4049088,1.6733614,0.44617847,0.1362872,0.121285774,1.5710386,0.24262616,2.1547506,1.2002403,0.37227914,0.33974487,0.008915444,1.289948,1.0278215,0.012215753,0.1733684,0.16121772,0.051421992,0.0314607,0.14711724,0.7800061,0.111776575,2.4786158,1.1266134,0.0,1.3000987,0.08821764,1.1364908,3.177659,0.17432289,1.873541,0.003966157,0.14866273,0.21586084,1.3265561,0.45056766,1.8015332,0.31371132,0.71188706,1.6663526,0.91536915,1.7948874,6.394989e-06,0.22969685,0.60027814,0.21372862,0.38619474,0.11477357,0.13587435,0.41976678,0.07729144,0.5054004,1.2277894,0.528413,0.25781047,0.12426856,0.0926186,0.63891554,0.14630672,1.0190762,0.43763435,2.672815,0.3041603,0.154034,0.26094612,0.42467746,1.3113995,1.055814,0.044565544,0.025049865,0.38158992,0.40157393,0.8382518,0.13687472,0.6335502,2.3238297,0.14868757,0.17207533,5.4583077,0.15610611,1.3690709,0.00055797904,0.02668036,1.3896848,1.0186766,0.29257157,1.4532236,0.25729656,0.039153423,0.445592,0.0,6.1793,3.0085032,0.50458854,0.25748584,0.28874743,0.47685567,1.1719642,0.24393645,1.10972,0.24545957,1.0869097,0.0097393785,0.15868446,0.67174536,1.4415952,0.31942958,0.5774138,0.022762734,2.222404,0.42924365,0.12616879,0.09429713,1.621629,0.123388104,1.1011225,0.6054833,0.997337,0.42456397,1.132199,0.07346157,0.41868123,1.618452,0.29607594,0.54562336,0.35878116,0.43982357,0.067505576,0.40256324,0.093247354,0.44883794,0.3937378,0.95569134,0.0853768,1.9188827,0.080232136,0.0,0.16044998,0.5920681,3.294597,1.0415118,1.4123219,0.7002437,0.004911491,0.25249568,1.9011006,0.61275357,0.72481817,0.58212674,0.020787735,0.67466897,0.58304965,0.55391,0.73063785,0.66874266,1.0295228,0.6442695,0.18987232,1.6760249,0.8691588,0.1085954,1.5074683,0.037160777,1.7151355,0.85816485,2.5757103,0.69653535,2.6485665,2.5864441,2.4875307,0.24288988,0.17506751,2.349722,0.12633619,0.27443707,0.4529134,0.92974913,0.8723521,0.0,0.23779958,0.0924696,0.091709115,0.1140976,0.25538018,0.07692088,0.44022992,0.049070086,0.13032626,0.32935923,0.09168109,0.77426255,0.95557874,0.44103816,0.048655704,0.77420664,0.11098996,0.63758624,0.7410873,0.16585219,0.43469918,0.011468572,0.220065,1.0263175,0.22089364,0.20978616,1.8388525,0.014714579,0.51203644,0.0,0.8144123,1.5943015,1.0741808,0.44962937,0.4363163,1.2864062,0.03920378,1.5829757,0.26467946,0.050523613,1.4026377,0.0,1.2592357,0.15722623,0.9737927,0.00034192737,2.2695117,0.35597268,0.45569676,1.4225785,3.1139429,0.45644543,0.6911164,0.22702779,0.015765797,0.52328116,0.017862584,0.68984026,0.007893994,1.2776809,1.2387737,0.2686295,0.14014941,0.09383795,0.97684926,1.7215093,0.28233182,0.038551766,0.0,1.2929214,0.9259257,0.042546563,0.0,0.26589346,0.73773175,0.00895522,0.734009,1.0875828,1.1111937,0.46505478,3.7349782,0.17251633,0.7404144,1.1350871,0.00047855472,0.93171424,0.027769908,0.14772278,0.6304576,0.012153466,0.5262488,5.051902,0.27345592,0.015824368,0.23985496,0.072034255,1.1415346,0.0,0.04442663,0.27742493,0.14088073,3.4511433,0.15799935,0.922245,0.090413444,0.018423617,0.59125715,1.0352638,0.7782972,0.12422922,1.17852,0.49202147,all_pothole_images\pothole_images_2_image_191.jpg
0.6156504,0.62909704,0.22500668,1.6312884,0.0035387967,0.2473382,0.17106952,0.20138763,0.08107544,0.2506418,0.2502427,0.28425506,0.37980402,1.4574794,0.088825315,0.059456624,0.04830597,0.9824693,0.3666573,0.040436085,0.4345211,1.4278249,0.20058456,0.30935615,1.2880315,0.054673675,0.4591098,1.3264126,0.165809,0.17727314,0.87681645,0.42579463,0.43135646,0.8436608,0.64465433,0.29133156,0.0072774547,1.9835206,0.025014449,0.9272662,0.0,0.02945422,0.38054773,4.1236053,0.21859632,0.18588813,0.30570418,0.055040274,0.3422386,0.9230893,0.3637234,0.24801396,0.3739771,0.21870168,0.2599742,0.41180184,1.7719805,0.43065315,0.3423371,0.08991211,0.22196294,0.5452281,0.7022952,0.17309141,0.08623582,1.5162324,0.16581313,0.09591834,0.5310372,0.18850628,0.3294602,0.044378884,0.4069366,0.20883852,0.19052947,0.0044319,0.037171245,0.37171388,0.087510124,0.038466744,0.4051567,0.22012275,0.32160398,0.40362298,0.6387891,0.21611108,0.08190295,0.34033927,1.5653443,0.09288951,0.49036908,0.21549629,0.0,0.17593715,0.16731626,0.13997234,0.3546224,1.1727128,0.15651509,0.009827799,0.0,0.6164719,0.21348134,0.31538054,0.76979357,0.8430538,0.12288332,0.12452126,0.06620713,0.82151234,0.0040393104,1.2989918,0.023546675,0.34357873,0.43638796,0.056402337,2.0458896,0.31517866,3.1123438,0.6506393,2.890861,0.63505924,0.045426287,1.6711137,0.2235349,0.63511705,0.005366662,0.7343104,1.5147417,0.1945988,0.6876306,0.0021248136,0.2808374,0.03649041,0.029423598,0.6328366,0.107458174,0.6537888,0.17844628,0.09245275,0.15445696,0.11642925,0.57614326,1.0437692,0.00084487925,0.40987784,0.14963636,0.47810215,0.8758121,0.6999981,0.32819498,0.102921784,0.006136009,0.0149056595,1.704299,0.3563511,0.84666926,0.2375323,1.0685261,0.37523454,2.409037,1.4219102,0.045018625,1.5867536,0.097478926,0.44078928,0.9094058,0.2356186,0.8596888,1.1672235,0.0,0.32415774,0.030023968,0.52007633,0.450726,0.24392098,0.24564752,0.04773903,0.6494374,0.19513422,0.0,2.017086,2.2836394,0.51646966,0.63873625,1.2630155,0.16264662,0.03549449,0.5868969,0.45155555,0.13158615,0.56742805,0.47984785,3.160987,0.19245078,0.8844593,0.27389094,1.3903855,0.020027079,0.7549017,0.46495578,0.2128102,0.62012583,1.4356941,0.54866564,0.28752753,0.511134,0.18762623,0.13879207,0.17195888,0.0,0.34331492,0.25254107,0.57588655,0.21746257,0.3947983,0.74969566,0.11636144,0.28275895,0.31416026,0.0016039361,0.099171676,0.4491655,0.010906117,0.1497361,0.39779484,0.45849615,0.22029091,0.319185,0.26021174,0.4083674,0.004994892,0.61172515,0.38041726,0.032859508,0.008845166,1.3298367,0.16348949,0.061682988,0.26954576,0.03881117,0.2312274,0.07644484,0.35031477,0.1953037,0.0,0.42373174,0.5759741,0.3662394,3.316979,1.9085923,0.016900247,0.8960959,0.029776173,0.41991127,1.4896725,0.5810135,0.168163,0.6488811,0.21974887,0.24604915,0.21261114,0.51670563,0.5159571,0.4509363,0.77307665,0.0067598214,1.7520168,0.026350664,0.56521964,0.02128226,0.32067275,0.04801757,0.9329356,0.49716952,0.7000039,0.44355243,0.332539,0.58011144,0.17351723,0.8563086,0.09373694,0.5307038,0.009878134,0.95123935,0.35406837,0.38522974,0.43984547,0.29076156,0.22522725,0.15832436,0.08094574,0.11876995,0.7579403,0.1982039,0.1401142,0.26437083,1.3271586,0.159682,0.872443,0.338869,0.607846,0.01075403,0.44034138,5.9284854,0.14109643,0.003159008,0.49885356,0.000522614,0.10289848,0.6686915,1.4711087,1.4859421,0.3224265,0.40917656,0.2613286,0.0485993,0.18919957,3.0707228,0.09096419,0.8744312,0.014186603,0.061832525,0.056416675,0.09238291,0.19265692,1.2099168,0.053312562,0.067810945,0.23967452,2.2694042,0.03642755,0.458702,0.0,0.0028346742,0.14851832,0.25038362,0.16002378,0.24709472,0.037073318,0.00965606,0.5922958,1.4155878,0.51119244,1.2305362,0.16397409,0.017491348,0.080718875,0.5190555,0.51552314,0.57252234,1.5645099,0.30052635,0.022165673,0.08213553,0.22328265,0.095795736,0.5090043,0.33199096,0.62220925,0.3310293,0.10894635,0.57640857,0.0,0.0067614517,0.27801678,1.3855014,0.34305298,0.60280377,0.56274176,1.4462541,0.39740336,0.78140676,0.13596,0.5748305,0.24541767,0.22235465,0.22712491,0.50226116,0.6948634,0.14974403,0.06456942,0.034694437,0.73595273,2.74102,2.4830723,0.5898873,0.0013187522,0.0,0.8905211,0.3113002,0.6076942,0.09300583,0.18177326,0.15615726,0.2713082,0.7153481,1.1662172,0.35554212,0.089011386,3.1300235,0.45814058,0.09966241,0.40969813,0.14822783,0.008619594,0.26272556,0.91281563,0.0010513416,0.07430335,1.1635419,0.99039525,0.37663424,0.5410835,0.08424191,0.008101193,1.1800941,0.09311953,0.086900525,0.02225561,1.2724495,0.03993313,1.5046906,4.972527,0.84473467,0.15284611,1.2583104,1.0630974,0.02018754,0.9679066,0.12133072,1.0376693,0.20793942,0.03893644,0.32934225,2.8816335,0.70241797,0.16605453,0.06656282,0.3271061,0.22476067,0.21703883,0.6399889,0.74997085,0.5714907,0.05129442,0.6929555,0.3581815,0.885186,0.54845285,2.5456746,0.15459125,0.03768746,0.684886,0.9893056,0.26373348,0.41833484,0.2005405,0.24775882,1.2386774,1.8482254,0.5211789,1.4786527,0.12714916,0.2225901,0.13306078,0.044996377,0.010587108,0.6161807,0.7595434,0.5121504,1.0673534,0.11527179,0.1356123,0.022970088,0.01918152,0.3048959,1.6464269,0.312024,0.045261167,0.198915,4.3347325,0.557718,0.16912383,0.050151255,0.09052654,0.28921336,0.16202678,1.1506231,0.006414714,0.6203814,0.74241793,0.008838466,0.10378136,0.110766314,0.024229918,0.0,0.11364681,0.06596031,0.08734293,0.0730799,3.0348756,1.2281257,0.02637155,0.3475698,0.8888795,0.7389512,0.10269191,0.032548554,0.004790888,1.0287249,0.2175585,all_pothole_images\pothole_images_2_image_192.jpg
0.18865955,2.2553298,1.1457616,0.8805117,1.2482224,1.2985455,0.401879,0.2565177,0.59366643,0.71850085,0.19083144,0.4872797,0.9690684,0.9672119,0.39237243,1.572499,0.7604146,0.04990473,0.40032226,0.46987852,0.23080763,2.7179477,0.7335892,2.4876337,0.13078739,0.48170602,0.91949517,1.6855526,0.26054513,2.210389,0.45290852,0.6349908,2.1383474,1.2247972,0.6392482,0.9793898,0.57262874,0.9539815,0.012505777,1.4663864,1.1860257,0.27902874,0.7310397,0.6570352,0.5007209,1.2384602,0.06514413,0.37302768,3.026214,0.05988373,0.94289225,1.0780956,2.966985,0.2324612,0.070735835,0.83130884,1.1060777,0.4223573,0.88310903,1.079889,0.0034874445,0.5579156,2.3030684,0.9801215,0.7365715,1.0970179,0.6656016,0.7766137,0.412924,0.46314487,0.7008792,1.1792066,1.285111,0.70751125,0.35074872,2.6486757,0.15697695,0.89304155,0.044624638,0.13086253,1.744678,1.5614258,0.3047212,2.4120328,0.41867873,0.3618337,0.28944352,0.6756655,4.8844237,1.2464294,0.098712996,0.48792103,1.6786815,1.487619,0.44676632,0.3342729,0.59371996,0.92427367,0.60608816,0.16615397,0.61139965,1.4020907,0.35735577,0.07357511,1.0372883,0.40913987,1.7515663,1.0066682,1.4008298,0.587355,0.1848102,2.858057,0.7044815,0.16874395,1.510604,4.107011,0.7630717,0.7052531,0.50687695,0.90818465,1.2104322,0.16253035,1.1037694,0.9849162,1.1195444,0.8687654,0.26384676,1.3349917,0.3785345,3.2510827,0.76294875,0.93550515,0.25041053,0.38680843,3.1090965,0.24740852,0.63491046,1.7788829,2.8495188,1.7612036,1.1949087,1.1099008,0.38716182,2.5869205,1.7624733,0.9054851,1.2082694,0.27923232,0.38420042,1.5808108,0.11807402,0.555565,0.53892094,0.6741583,1.5509114,1.4012244,1.0863543,0.6502238,0.20132579,0.47261268,1.135812,1.0748634,0.84207726,2.1602597,1.7275954,0.29058692,1.0045071,2.5296905,1.3738755,0.13323435,0.3519491,0.045885004,1.0231117,0.6237102,1.4130102,0.21546707,3.1953683,1.5435354,0.061765105,2.2033741,0.5063816,1.903352,0.8519995,0.2305329,2.9510849,0.7337729,0.36379343,0.9066033,0.0958677,1.8857193,1.1640375,1.2988105,0.15866967,0.59014165,1.1380234,1.0580744,0.0046811695,0.9749204,0.43627763,0.9065323,0.44223017,0.29744044,0.45283043,0.6510976,0.6702322,1.5939143,0.42666137,0.8649915,0.73289436,0.021033645,0.9053765,0.24449974,2.3952606,1.9844289,0.60432965,0.44302228,0.34918135,1.1850296,1.5668769,0.108142704,1.4594057,0.11457323,0.63487154,0.97901136,0.22521903,0.6367751,2.5392745,1.2423835,1.2574136,1.3207796,0.836962,0.123577274,0.28856993,0.47995123,1.1255054,0.56287575,0.7392383,0.19402033,0.7913795,0.9296663,0.56599236,0.8767679,0.7986759,0.8891147,0.09866171,1.4326657,0.66224295,0.24870583,0.4586704,3.7500677,1.7754817,0.07761389,0.46542588,1.2306261,0.64425576,0.15946281,1.8114767,0.5005177,0.9653028,2.1194708,1.2573081,0.6495497,0.9324266,0.35520896,0.4284292,0.9091495,0.24131142,0.55514145,1.6538254,1.4090538,0.32659405,0.017682573,1.3969265,0.7727667,1.0664694,1.9739263,0.7441521,2.3185792,1.219454,1.172643,0.03477136,0.6997216,0.51480335,0.53725594,1.8407353,1.0308342,1.1868865,2.5081155,1.3456072,0.36088753,0.34382415,0.56354743,1.528702,1.4840245,1.8606213,1.0439732,0.6622031,1.1955982,1.20817,0.6019356,0.04367754,1.5019605,0.29868722,1.4445039,3.8125398,0.25754213,0.22881559,0.80690515,2.0145824,0.14680398,0.07444954,0.593106,4.7096777,1.4806368,0.051893108,0.556424,0.73507255,0.4504208,1.6345971,0.88222283,0.054900777,0.19969426,0.95498455,1.598379,0.7880583,0.56237346,1.0939872,1.2177093,1.164129,0.85690635,5.7066545,0.7153969,0.26518476,0.1193545,2.0265357,0.2729585,0.4163493,0.61075324,0.22934729,0.108980305,2.3832133,1.3210373,1.506534,0.117883,1.0443476,0.18179439,0.07518017,0.9747859,1.0598552,0.9464091,0.41608453,1.2402587,0.06082419,2.1232798,0.6281075,0.08093416,0.8938324,1.2526209,0.88096756,0.273843,0.35410655,0.0,0.8251796,1.3281341,0.015984943,0.515885,0.38630918,2.5573256,0.04900845,0.6571044,1.8723015,0.7150924,1.3969082,0.6555462,1.3913683,0.6925067,0.29110274,1.9936014,0.9523141,1.6524234,0.61970925,0.36384916,0.609876,1.317265,4.8048816,1.100746,2.1264312,2.7598624,0.6446043,1.8940971,0.445431,0.8940791,0.51594085,0.26805496,0.99034864,1.0444224,0.20319016,1.673815,0.10632652,0.12585266,1.61765,0.68716216,0.039856233,0.7045149,0.11642283,0.284291,1.0751891,0.47178772,0.8265313,0.07577626,0.18108912,0.56424004,0.11938801,0.5745575,1.2457322,1.3156155,1.3794011,0.93682796,0.02306084,0.38605708,0.47665286,1.1669056,1.3787731,0.8231013,1.2518352,2.964781,0.80900943,3.1562798,0.57999986,1.6909868,1.0711132,0.17167106,0.4727874,0.435738,0.31801865,2.3345797,2.3110652,1.3172276,1.7618349,1.8288717,1.8037926,1.1534795,1.5218568,0.116132595,0.34992775,0.78203595,1.6579785,0.86157674,0.4493836,1.2209884,0.28483593,1.3405344,0.60714,1.5285752,1.1144607,0.2606632,1.2757094,1.5766937,1.209736,0.9864012,0.76813084,1.4759477,0.9970442,1.31377,1.4450045,1.0597792,0.29766133,0.19037484,1.131783,1.7597127,1.4403101,0.7887399,0.9706539,0.09810824,1.4359738,0.7039459,0.49467584,0.36592266,0.951233,0.51470697,0.8892634,2.1743848,0.19904804,1.2274358,0.15750115,1.223217,1.5125368,0.11251469,0.5390522,0.08568291,0.322872,2.1833766,1.060217,0.029512433,0.6364993,0.048330553,0.30984598,0.108496904,1.3660636,1.730333,2.6261263,2.3693666,1.4901944,1.0406313,0.5239183,1.3018317,0.4686894,1.5133929,2.1841104,0.33994222,0.3990245,1.7033101,all_pothole_images\pothole_images_2_image_193.jpg
1.8770602,1.4207047,0.13388667,0.41110262,0.9730851,2.8923514,0.89012223,0.51586133,1.8006569,0.11023583,0.81284714,0.67320263,0.4488452,2.4266503,0.8983623,0.83836037,0.18059288,0.053724103,0.41677707,0.22294044,0.93597364,1.8246543,0.9365085,0.050525017,0.75655234,0.08246795,1.1818993,2.0918245,1.225254,0.29467523,0.49551117,0.7994241,0.72129184,0.06613075,0.14890149,0.34194008,0.36596528,0.2049328,0.07124412,0.17771187,1.0349149,1.2286826,0.23927405,0.5312094,0.4625433,0.041308712,0.043378234,0.06601024,1.746459,0.85871965,0.43573698,1.0371846,1.3987207,2.3157947,0.10890908,1.2428064,0.87366134,0.37778527,1.0645307,0.24927452,0.87425846,0.18868205,2.4987202,1.7161328,2.411677,0.42937884,0.3984338,0.020448864,0.064506985,0.33456343,0.065814584,0.9181657,0.2026576,0.6207582,0.31417912,1.2492843,1.5822735,0.5600393,0.028911093,0.17390792,1.1995888,0.8184919,0.00559694,1.5188457,0.25967744,1.6177675,0.113013476,0.3553312,0.42072475,0.0033342848,1.2203776,0.023999492,0.848225,0.70952153,0.5686234,0.40352046,0.03111901,0.43805912,0.3871432,1.0485916,0.37511346,0.23705822,0.5228073,0.11836564,0.14495063,1.5115231,0.76538956,0.32325548,0.28163898,0.32861367,0.6044542,1.482279,0.7242231,0.2037454,0.0697052,1.8769761,3.258721,0.16644505,0.21022041,0.47002387,0.26223293,0.2021344,3.2808778,0.13380745,0.60673726,0.16358696,0.29151112,0.2718781,2.1208766,1.190737,0.8510537,1.3415768,1.4528902,2.230108,0.21076183,1.9239396,2.1663322,0.61472726,3.3911104,0.1551528,1.385016,0.10707227,0.2050919,0.629143,1.0074699,0.4566576,0.032626644,0.40382594,0.19361185,0.5752041,0.10101529,0.66191685,0.5529424,0.862014,1.3987228,2.0953171,0.40033722,1.8889878,1.0739887,0.8782936,0.9544303,0.054386575,0.055716123,1.8544022,0.24443385,0.31761184,1.50244,3.5053508,1.3503842,0.35106418,0.62836254,0.7902658,0.392147,1.3557546,0.10859051,0.58184546,3.5856946,0.89569575,0.025281338,3.5334783,0.2734811,0.31886184,2.6280477,0.0,1.5441468,0.19051331,0.49174324,0.5682276,0.39399585,0.5577996,3.114127,0.04768953,0.7072923,0.573643,0.03289557,0.19569163,1.0171486,0.02379775,0.8506645,0.42878982,0.067047186,0.16740124,2.3818145,0.59347343,0.42278796,2.111304,0.1092535,1.1718197,1.7556412,0.48170263,1.2936047,0.80283356,0.80899507,2.4980063,0.78387684,1.1690705,0.06762648,0.54604566,1.5428014,1.2944957,0.6545853,1.148573,0.34762475,0.34351093,0.0,2.0149589,1.466853,0.5881146,1.6682856,0.5159596,1.0910248,0.82885194,0.37872085,1.1380858,1.3094373,1.6797436,0.59186405,0.723802,0.16835196,0.67977893,2.0001254,0.036254562,0.56462276,0.45586547,0.43845496,0.0,0.4935863,0.85051614,0.95940274,0.6979159,0.33556396,0.05752726,0.07479724,0.76051587,1.8991954,0.37731045,1.3696798,0.34194076,0.49885166,2.3042967,0.17094557,3.7610738,0.28255296,1.4230168,0.4405751,0.8456715,0.14913368,1.0361228,1.4697107,2.0897954,0.18692039,1.1926463,0.51816565,0.010599265,0.30675963,0.5783328,0.49800444,0.32149133,3.238826,0.15460087,0.44441125,1.7120804,0.008871607,0.30445918,0.5983035,0.40137115,2.8684754,1.0472012,0.40624344,0.6209643,0.659358,0.37381852,0.37720856,1.0665479,0.31575972,2.3629568,1.7688057,0.32159278,1.461593,0.74720466,0.8725623,1.952495,0.2887841,0.8487798,3.3923044,1.2978774,0.8352355,0.59831125,0.7787754,0.49009225,0.48231587,0.100863494,1.4600886,2.740855,0.018049339,1.5803224,1.0872158,0.61661315,0.90561277,0.29964587,0.70211107,0.5752109,0.74026954,0.5635234,1.0385795,1.44505,2.5401404,2.6853302,0.06533627,2.523788,3.2081413,0.47000784,0.057658993,1.6661988,0.9434134,1.599762,2.6417704,1.9749105,1.1601689,0.58463067,0.16016194,0.9404328,1.1548704,0.5212261,0.1121248,0.4786709,0.35308143,0.58827853,0.9500614,1.4973925,0.49643764,0.118921645,0.31026122,0.25862786,1.842301,0.17901474,2.808618,0.26917514,0.7489629,1.1566039,0.24457207,0.31659424,0.9504825,0.6572741,0.8363791,0.5340244,1.7271489,2.4316335,0.028747397,0.26613674,0.7817154,0.8176919,0.5112152,0.17872737,1.8587041,0.5351517,0.5964272,0.103661284,0.885443,0.8290863,0.08567368,1.4212008,0.35481888,0.8080654,2.453677,1.387343,4.1887074,1.0576968,0.72876877,1.000388,0.5160527,0.07709701,0.6873273,0.16720055,1.1867428,0.0,0.1772213,0.79087937,0.6442713,0.014443405,3.598026,0.3976068,0.19905612,0.49632052,0.3596268,0.8572655,0.5168566,0.36372685,0.63681644,0.8606766,0.36984703,0.44885635,1.1526703,0.3752829,0.22936326,0.86919,0.862965,1.5980592,0.29633775,0.22518586,0.2553681,0.31958812,0.08711968,0.6392995,1.2347671,1.2485639,0.51344997,6.091413,0.5242912,0.22475703,0.15622878,1.9060076,0.49739712,0.109539926,0.006122533,1.4927349,0.5884404,0.68712664,0.1905977,1.3064005,1.1453387,0.059285153,0.11561935,0.21814595,0.77289766,3.451003,2.6020792,0.992518,0.32923833,0.35557458,0.8301428,0.27629477,0.0,0.4406574,1.2371259,0.25433412,1.4446034,0.12490529,1.2431455,0.27366045,1.5835917,1.0259498,2.082237,1.7610184,0.22943996,0.14375892,0.30260077,0.11961076,0.62990355,1.128763,1.206844,0.81885606,1.4582558,0.6238973,1.5996299,0.12011844,1.2337636,1.9862998,0.14805853,0.8738139,0.82925266,2.9947767,0.4767876,0.20077838,0.08635158,0.31572735,0.79496974,0.30481702,0.22419365,1.5590152,0.20606473,0.72316414,0.85765725,0.39113966,0.27559432,0.49965858,0.0002731075,0.22946371,0.053588953,0.28230512,2.136985,1.495748,0.12578185,1.1750816,0.56954354,0.51329744,0.51109487,0.6081195,0.035477925,0.85013264,0.43845126,0.12258245,all_pothole_images\pothole_images_2_image_194.jpg
1.7003472,0.4407136,1.1967076,1.2222494,1.7112758,0.93426245,1.5671189,0.042327248,1.0143701,0.9642708,0.3356905,0.5216289,0.766492,0.66857797,0.29092044,0.6796107,0.041766245,0.28675368,1.5362651,0.15147641,0.20418932,3.7496402,0.378553,1.2610168,0.7549927,0.34047395,0.01947831,2.1814268,0.119381174,0.077166185,1.161232,0.37871918,0.8722506,0.19063161,0.063044734,1.2122897,0.43607843,0.68732804,1.8758843,0.4867901,0.3516898,0.19555163,0.10796101,3.6657972,0.9072366,0.41727564,0.17178744,0.14584585,1.2707735,2.1375325,0.55139154,0.0060344385,0.38284975,0.6585363,0.3214934,0.61322427,2.0586643,0.0,0.80960643,0.226584,0.08436899,0.6268356,1.1085654,0.78424007,0.42868307,1.3762313,0.84734046,0.10120124,0.6784752,1.0743127,0.078569785,0.72479355,0.24762475,0.5079982,0.83532584,0.7732608,0.19661315,0.35002723,0.33548158,0.4189315,0.0,0.1714782,1.3570671,1.2161944,1.9320401,0.5715013,0.28811893,0.06782339,2.4010398,0.33902204,0.9484556,0.06176799,0.07916901,0.040683102,0.35317132,0.073931,0.7943817,0.07224468,0.472888,0.30631694,0.026627285,0.33289978,0.34595913,0.08432783,0.2652054,0.21200295,0.14097546,0.57120556,0.6720726,0.21048251,4.2472886e-05,3.2041738,0.95695215,0.029226521,0.26663956,1.3941429,3.2685356,0.9695868,3.819306,0.78863025,0.98023766,1.0740653,0.7409336,0.31614298,0.3702426,1.310695,0.50830454,1.1159972,0.56602025,0.078419514,0.87589496,0.0,0.937351,0.061385922,0.03579231,1.1496894,0.6459,0.5487656,1.0038738,0.6588641,0.17734946,0.1962238,0.013786056,1.2263621,0.0881231,1.6957207,0.24986072,0.027113112,1.8877946,1.4613937,0.46204078,0.96655655,0.03456793,0.29960275,1.7586772,1.045625,0.9603931,0.12057995,1.9602664,0.5659323,0.06160336,1.8359512,0.019268531,2.0159829,0.6748413,1.0337077,0.6278304,0.16230685,1.4270085,0.008643184,0.15383233,0.28734815,0.022937218,0.653466,1.0738899,0.040375847,1.0010021,0.18765227,0.564831,0.1409774,0.0,2.364088,1.9644768,1.4805604,1.646021,1.4397559,0.93118554,0.7161334,0.73710084,1.564065,0.095158115,1.0282862,0.0019128517,1.6618139,0.045629762,0.32448807,1.2479116,1.2445813,0.37660995,0.98249674,0.20744053,0.8561351,1.7165595,1.5809449,2.5829294,0.22534512,1.3865188,0.33690712,0.6897807,0.1876315,0.2025095,0.5551003,1.7583392,1.181341,0.94672775,1.149211,0.04436774,0.33210722,1.402623,0.06922133,0.88377064,1.639178,0.045363348,1.0705549,0.0517904,0.25976056,0.42397898,0.49044883,0.56740767,0.07246091,0.3303064,0.17455731,1.5009158,0.10815294,0.7568202,0.18679404,2.8321152,0.0,0.03756271,0.13039002,0.05316878,0.45180354,0.07532372,0.0,0.12368376,0.045539506,1.4609166,0.1900266,1.3495332,2.722993,1.2878398,0.3592649,0.67239153,0.6283758,0.31235057,0.5636362,1.913052,0.7215101,0.41832554,2.2010767,0.0,0.5246274,1.2318565,1.9406404,1.1220424,0.90377206,0.3536849,0.09296419,0.08095548,0.5090183,0.20114416,0.036237705,0.13186458,0.623276,2.0439675,1.4669073,0.59050345,0.48963067,1.0294822,0.57874125,0.092007905,0.45092905,0.032995697,0.18211748,0.6528783,1.4980663,0.6748741,0.1869559,2.352944,0.1807732,0.2963001,0.047376562,0.17444833,2.2486155,0.44508055,0.005987682,0.122121125,4.690846,0.882484,0.5876961,0.31703877,0.62606937,0.028056338,1.9156216,9.107602,0.61011887,0.87318146,1.2551775,0.2549764,0.5308273,0.46496016,1.9114517,3.9632666,1.252003,0.060220424,0.8710958,0.0,1.1057607,3.128991,0.04146149,0.1336454,0.3515256,0.0051838406,0.36327136,0.34320477,1.5046809,0.8132335,0.12390417,0.29677972,0.32453954,3.0996826,0.8687646,0.0,0.05365426,0.030038564,0.59675205,1.4371864,0.031159552,0.008599158,0.17600532,0.5270744,1.6421175,1.5843711,0.16708027,0.053578172,0.082782246,0.13133188,0.12414405,0.13098608,1.3812594,0.0054732906,0.6775211,0.30690765,0.09657591,0.0662467,0.0,0.02780274,1.9931796,1.51793,1.4854599,0.0,0.5493094,1.230079,0.9779608,0.035594337,0.26926917,0.27926323,0.58518857,0.0656963,0.29562953,1.6010875,0.4542458,0.6187788,0.010927133,0.87346095,1.5658972,0.7350507,0.056199703,0.38099256,0.07802466,0.5629079,0.029841315,0.5383018,0.6085622,4.2373095,1.922018,1.6180128,0.0,0.9041408,1.960433,1.2757794,2.5298386,0.13167782,1.1813583,0.23442818,0.09883822,0.8245742,0.3831762,0.47662398,0.70589244,4.9218407,0.20017998,0.26337445,0.39403895,0.74912196,0.0038029125,0.57330066,0.47851655,0.009791039,0.19445314,0.777082,0.62193954,0.20290619,0.62983066,0.14921361,0.16350448,0.98616415,0.42263487,0.596243,0.07000143,1.9038001,0.6009893,0.73311573,1.9558164,1.4995291,1.1483226,0.9728745,1.985373,0.06174652,1.5127616,0.24959876,0.16411227,0.73083305,0.50823736,0.0591012,3.8296158,0.5862625,0.5267989,0.22798412,1.7450029,0.6547083,0.8125495,0.35416114,1.5680476,0.35920656,0.0,0.6591894,0.32818928,0.13810633,0.29993302,1.6276098,0.9853847,0.580353,2.0213385,1.4895717,1.6117716,1.0721968,1.1323785,0.21941434,0.7746287,1.355766,0.208302,2.5812762,0.25777513,0.68848044,1.6390723,0.1724929,0.110143915,0.7290413,0.3279498,1.1378932,2.5200582,0.076006405,0.34454665,0.9722016,0.70464325,0.905071,1.49809,1.2607449,0.071866624,0.031330727,5.923556,1.070638,0.35760236,0.1663042,0.6671271,0.9374044,0.55620337,2.103772,0.12706132,0.24995595,0.030375568,0.6576908,0.34104988,0.068659544,0.2967558,0.027499903,0.64810693,0.08291528,0.19896033,0.3323109,4.6650357,1.5206712,0.8538272,0.94461405,0.7698817,0.01614405,1.2279986,0.14865647,0.14450495,0.13510023,1.816529,all_pothole_images\pothole_images_2_image_195.jpg
0.27997705,0.5527317,0.7333654,0.81777036,0.6201119,0.21465169,0.6883544,0.6184636,0.453228,1.6410973,0.69315207,0.36097986,0.68370724,0.12913802,0.014828667,0.24849631,0.49307433,0.68493354,1.155659,0.20636946,1.6010213,1.0385652,1.4302757,0.6937331,1.8603157,1.0243021,0.06954003,0.84889627,0.16333532,0.5861011,0.12759888,0.35359347,1.4226984,1.6673943,0.5717937,1.8172013,0.45782283,1.1433008,0.44331312,0.8911254,0.1693139,0.38172397,0.3011046,0.6148817,0.17676674,0.17693292,0.55288404,0.018277396,0.7884739,0.32922974,0.2969824,0.8208436,0.52699864,0.48089287,0.94282496,0.40569407,2.667283,0.062315036,0.23466699,1.1058367,0.050615165,0.08944789,1.1233604,0.82623017,0.4327481,3.4499106,0.9024985,0.7225527,1.5328412,1.0508097,0.31316608,0.79216254,0.21006833,0.4601269,1.0019705,0.15972076,0.75570273,0.34882832,0.067024544,0.8298562,0.009705186,1.3841275,0.26866663,0.8705826,0.53430045,2.320793,0.95241374,0.30990323,1.4228817,0.48412868,0.7709305,0.33074212,0.124618,0.23298155,0.16974548,0.6381227,1.1059825,0.17262678,0.4628277,1.063521,0.111547835,5.5760484,0.4149103,0.0,1.0923878,0.3183944,0.17467059,0.9223974,0.91244876,1.6051661,0.76226306,1.3052988,0.54424274,0.82239795,0.3926143,0.66675806,2.0774753,0.2861048,3.0432372,1.0533946,1.615533,0.92245513,1.77808,0.4783221,0.5859333,0.1574062,0.042925615,1.2115062,2.1038556,0.47050756,1.2053465,0.19035697,0.68266916,0.45431417,0.039323553,1.9729956,0.3320836,0.28945485,1.3765935,0.9601481,1.135127,1.1569978,1.5623443,1.2436453,0.03213089,1.1529411,0.19362527,1.9310184,0.2481577,0.25277576,0.57803625,1.3935269,0.07472809,0.54728055,2.1855443,1.22343,0.55741066,0.933807,0.015271231,0.3037593,2.5745,0.7887892,0.034170594,0.99157566,0.14860986,0.17758055,0.575715,0.28716925,0.11509407,1.9872748,0.5961831,0.12382197,0.15663214,0.36070395,0.107168965,1.051812,0.88030267,0.12071092,0.0005981116,0.65048295,0.07565142,1.0698404,3.215841,2.3028991,2.0013778,0.63626105,0.29991275,0.9264884,1.4950627,0.5622551,1.253859,0.12053563,0.27563477,4.35035,1.0832558,0.5914333,1.3015813,1.0121222,0.20888032,1.6330961,0.43008548,1.7473205,1.541131,0.47429422,1.4820725,0.31128427,0.48979023,0.3563011,1.3790061,0.4871977,0.042556144,0.272413,0.49159437,0.09470634,0.41884834,0.3217494,1.0340027,0.1617188,0.391108,0.3037882,0.63043314,1.4421463,0.6292849,1.0334058,0.13881747,0.65737617,2.0241022,0.69741184,0.056027498,0.8716966,0.33612332,0.4432736,1.0777783,0.058798682,3.8056684,0.31925187,1.5156261,0.05356318,0.03693933,0.10699702,0.5499977,0.77906406,0.15974015,0.7988849,0.27717856,0.097093515,1.2059056,0.69987315,0.27909958,2.5563023,1.6280415,0.026000125,0.48863003,0.26713195,0.26713967,0.73141944,0.6132098,0.35512254,0.6516337,0.94278884,0.38536558,1.9745573,1.1972101,1.5991671,0.15925343,0.8601949,0.30881327,1.0637819,0.58410627,0.3999823,1.2601482,0.0003503888,0.37602034,0.88068086,0.8777983,0.41467696,0.45159686,0.9734174,0.3028295,0.8083107,0.09280406,1.0012283,0.7409046,1.1998355,0.5070827,0.75074875,1.0987884,0.5299243,1.2814728,0.16032502,0.7675402,0.08414463,0.2640631,1.9905971,0.50511295,1.2828192,0.639374,0.18250944,0.27719483,0.729068,0.21526921,0.2967812,0.1358527,0.00037462128,3.3764105,0.9922705,0.5066636,0.29704708,0.0760512,0.3726552,0.6728654,2.2948632,0.9507921,1.5251467,1.8565574,0.03454177,0.3865678,0.84749234,2.3029287,0.59005,1.396035,0.12626551,0.55170995,0.30120292,0.9119597,0.27572343,0.74104744,0.8802272,0.5439773,0.12004103,1.5919553,1.2706157,0.34179983,0.30348483,0.7092187,1.9621658,0.40897876,0.34659404,0.0055788243,0.6339258,0.29506215,0.97727436,0.9722385,0.24980605,0.77899563,0.49331787,0.48801333,0.14391656,0.5014514,0.46935093,0.5201138,0.81677055,1.0128534,0.24694093,0.23490216,0.498819,0.27130154,2.5698502,1.3158966,0.5480231,0.26198074,0.1861413,1.2727543,0.9171197,0.0,1.2386625,0.72093177,1.0269533,1.2594311,0.35520542,1.7166795,0.65856403,1.2184552,0.3262151,1.5884572,1.3167593,0.3219881,0.7094085,0.91598076,0.6981735,1.0650234,0.14625785,0.4280063,0.7833479,2.2025476,1.0807345,2.2423124,0.33562896,0.24394725,0.11698907,0.21645641,1.6441617,0.46918783,0.33503538,0.11425711,0.048013628,0.16955033,1.3149042,1.11441,0.27644107,2.094203,0.34320194,0.32958984,0.39052266,0.67017883,1.1388011,0.9983706,0.10858336,0.07696625,0.0,0.019984022,0.9961376,0.5981692,0.37332115,0.43910348,1.2500201,0.8353477,0.66451234,0.847325,0.027842347,0.90155625,0.41452396,1.6169556,3.1782832,0.7191661,1.24922,1.4996432,0.8805611,0.42060953,0.6857907,0.28481564,1.6598538,0.066401295,2.022119,1.1112894,4.976104,0.3708007,1.5562681,1.2684786,0.6861672,0.11622939,0.25266653,0.16907936,0.0077935127,0.45561478,0.42718178,0.9910297,0.3566927,0.9084123,0.7380147,0.59411895,0.061532058,0.13988405,0.6851871,0.8441844,1.3527404,0.97144246,0.48965314,1.8638113,1.6765757,0.8124173,1.2734183,0.9171609,0.47205028,0.04596324,2.5078034,0.22930624,0.0050262404,0.27504632,0.71114665,0.052944522,0.6269452,0.35655686,1.3965878,0.4899107,0.13918531,0.37917003,1.2745099,1.7346132,0.16914621,0.89729315,3.5071676,0.7913228,0.39678258,0.9775205,0.20138118,1.5769318,1.2116386,0.27742106,0.12785706,0.7402288,2.3920362,0.41706163,0.29692957,1.0621942,0.2284888,1.8992611,0.841607,0.7396424,0.6729133,1.3599666,2.4817467,0.9798204,0.8332563,0.8347596,0.2691288,0.95103765,0.910035,2.0610182,1.1058339,1.9550534,0.12714191,all_pothole_images\pothole_images_2_image_196.jpg
1.5560721,0.6304019,0.38061756,1.1992311,0.10465569,0.16564745,0.17338762,0.044350803,0.026965383,0.509311,0.11911025,0.28587767,0.6772917,1.0265889,0.53365713,0.0985209,0.010147784,0.30761123,1.2073579,0.24467991,1.0871848,2.4236534,0.27750134,0.40399978,1.1182185,1.0701864,1.2225167,2.1276839,0.19401671,0.08657173,0.44101018,0.29948077,1.0516127,0.092710376,0.1989829,0.43809578,0.4089775,1.4662457,0.73598814,0.88763237,0.021990847,0.0570077,0.23751052,4.4677324,0.17670093,0.4638827,0.71325356,0.40473595,0.19910091,0.7123053,0.4537943,0.95970243,0.9075101,0.28620714,0.083263874,1.2478889,2.1732981,0.23104352,0.72953874,0.0,0.08301703,1.8847429,0.5384027,0.031198038,0.92439115,2.1343029,1.6279887,0.19621463,0.70123225,0.9906957,0.5488923,0.14252307,0.32710093,0.7648107,0.24389374,0.14919671,0.81914824,1.387165,0.010514434,0.30368835,0.5011472,0.40384218,0.45961663,2.277403,0.6505942,0.76978993,0.5179054,0.4813807,2.3998559,0.08650635,0.5056296,0.1545111,0.22747417,0.013540854,0.065138236,0.4717294,0.009375893,0.8222135,0.90501326,0.2864759,0.3527339,2.910758,0.17487183,0.22126745,0.0,0.7101395,0.0,0.25048193,0.15642379,1.2131042,0.3865558,1.4722968,0.83895266,0.3116049,0.24624717,0.5220775,2.5932372,0.085130416,2.6037028,1.318372,2.423519,0.06666097,0.1219859,0.5898852,1.0369486,1.4361238,3.3804,0.97754747,1.1570566,0.22463132,0.7418112,0.053142216,0.1475399,0.10428451,0.08063386,1.2586949,0.42855087,0.89255965,0.962084,0.6133072,0.60798323,0.0046977918,0.57246596,0.41826966,0.11079195,1.3366318,0.8692332,0.0036971027,0.43237305,0.4859794,1.700999,0.4511462,0.0049738414,0.10794443,0.59791267,0.5479292,2.1927698,0.66744184,0.102582246,0.3582054,2.5417168,0.826836,0.009173895,1.4140012,0.032976937,0.44252822,2.1492593,0.44421643,1.6631899,0.95641285,0.042569455,0.18039407,0.2942984,0.40032145,0.30002692,0.22561076,0.10551749,0.17288426,0.2702863,0.625275,0.35349864,1.2060378,3.0740294,0.84201735,0.3775237,0.76226246,0.2972186,0.54018337,0.21461163,0.54856694,0.40477276,0.6734892,0.12698817,2.2819197,0.016359333,0.1514882,0.14919335,0.9495273,0.0,0.6115024,0.5429256,1.175547,0.6019614,0.9900422,1.5005832,0.4891193,1.2854997,1.4541845,0.59933716,0.53478134,0.4717301,0.734726,0.33436438,1.0662628,0.6360124,0.9444812,1.4522446,0.10073851,0.44381794,0.0005398522,1.0746166,0.06596001,0.42919102,1.0717323,0.5052389,0.7314507,1.0023713,0.8341243,0.20628671,1.4142916,0.37929368,1.2671361,0.13311736,0.3851812,0.12734668,0.06337806,1.3707936,0.3769202,0.0,0.48479313,0.011724016,0.29672405,0.21965377,0.09854083,0.75401723,0.37588462,0.5661677,0.015674796,0.95630085,1.9973801,2.8759577,0.5383496,0.006584289,0.051796738,0.921221,0.25640187,1.3325318,0.0,0.44806764,0.9538519,0.017015178,0.39683208,0.38862213,0.09666444,0.2269122,1.5851568,0.0049332147,0.97371763,0.42113188,0.007615485,0.15633988,0.22520775,0.5531479,0.3229023,0.24100958,0.08672193,0.25158697,1.0067148,0.689079,0.26455474,1.7009134,0.0479808,0.22359906,0.68178177,0.45882103,0.14335796,0.27599084,0.53754044,1.1096416,0.6817094,0.69887197,1.3088806,0.2185766,0.33652395,0.25444132,0.5296184,0.6684936,0.5503962,0.009692277,1.5933284,0.10906817,0.25731725,0.51621854,2.3751101,6.6430016,0.31174588,0.42569435,0.46266192,0.027044475,0.27143478,0.96077275,0.6917801,2.174251,0.021704428,0.07586441,0.36414683,0.30232692,0.37231526,0.7053769,0.12662868,0.09361656,0.36065564,0.24826783,0.3596836,0.41247407,1.4675782,1.2011352,0.16311328,1.6109841,0.7861753,0.7821284,0.21131922,1.1616989,0.17702632,0.23437864,0.68755215,1.4092577,0.08930998,0.04282917,0.20463862,0.883561,1.6308403,1.6341044,0.6403498,0.52925164,0.1697075,0.079999715,0.113978714,0.84784174,0.24199978,1.4075553,0.38459656,0.7629255,0.91214716,0.14409748,0.04986579,0.0,1.2249733,0.032201543,0.45133364,0.25314724,0.2593847,0.0030573704,0.9335519,0.28913617,0.22730125,1.4804955,0.17458713,0.4984492,0.17460036,0.29302123,0.06951623,0.9509288,0.012456736,1.6880972,0.51367176,0.45561773,0.0,0.5663197,1.0609512,0.48436674,0.20262592,1.9253323,0.5634162,1.5620703,2.558693,1.4131167,0.05535767,0.75920165,1.7539848,2.5494568,1.1638424,0.08053895,1.5190288,0.024464918,0.949231,0.6226528,0.09020588,0.29316393,0.33504903,1.1249713,0.5050818,0.65300804,1.696277,0.21125375,0.4489411,1.1563451,0.76312864,0.20906222,0.8401282,2.2363718,1.1064479,1.767483,1.5115656,0.3718829,0.06505201,1.2179905,0.7197689,0.3941509,0.20385738,4.394747,0.008820658,1.4035738,2.3310947,2.0307286,0.45472884,2.5137339,0.273608,0.2335996,0.017287603,1.4469687,0.20397761,0.0,0.5880058,0.6878144,3.4850295,0.05550583,0.20123497,0.5187418,0.4595504,0.056508724,0.5914177,0.06352285,1.752329,2.0490875,0.042589743,1.7373049,0.70248395,0.4003449,0.91755176,0.4222935,0.40703672,0.72013044,0.032654252,1.0892265,0.9511303,1.3657725,0.8871321,0.7126536,0.69800824,1.0851531,0.28977877,0.46286523,0.46141922,0.121455,0.0910737,0.2663169,1.0323533,0.5179405,0.5457215,0.12340646,0.25370765,0.22714902,0.5109465,0.22243847,0.1719141,0.23224005,1.3005271,0.7354566,0.211254,0.09730438,2.7660623,0.66914964,0.5375939,0.0,0.07634388,0.45303234,0.30454126,0.5310265,0.023367476,0.29585755,0.08303685,0.025048513,1.1133139,0.007910322,0.13794838,0.017790452,0.5406812,0.006974403,1.0612077,0.2461036,3.5572073,0.154451,0.8069603,1.4171525,0.737532,0.013029962,0.7965914,0.19296232,1.0224838,0.26675344,1.2844354,all_pothole_images\pothole_images_2_image_197.jpg
0.021386353,0.23083696,0.8833369,2.5323763,0.14141372,0.0,1.3096298,0.0,2.1410007,1.8270423,0.03531832,0.1909796,0.19032824,1.2292849,0.04244086,0.6503335,0.14124933,0.9861252,2.0295353,1.5344512,0.0010622032,0.59189236,0.42946503,1.5306773,2.340568,1.1065335,0.20342095,0.81366795,0.21801384,0.27837408,0.22153716,0.47372168,0.39710584,2.665451,0.13287365,0.001918477,0.09211293,0.075996935,0.18685779,0.041157182,0.49011284,0.6537931,0.41589954,0.43675777,1.8426079,0.61340815,0.48902565,0.07849099,0.55088156,0.23862574,0.0075834794,0.11604932,0.50149035,0.32905695,0.06651825,0.2556442,1.0678196,0.39819416,0.4200338,2.8383152,0.13117096,1.9419801,0.2440756,0.58249253,1.4917549,1.5063459,1.246694,0.5493046,0.0072070006,0.3874983,0.0,0.0018915323,0.8576345,0.009420175,2.0984974,0.2803614,0.071795076,0.44163492,1.6740257,0.13922156,0.0,1.2440624,0.3085635,1.1401234,0.019480474,0.4380636,0.34751394,0.37933886,1.8495061,0.25611043,0.0671137,2.1743076,0.071923696,0.52100205,1.1265928,0.0,0.71500653,2.3531923,0.05985621,0.01321605,0.06115682,0.42945507,0.042811986,1.1586118,0.98763263,0.08333023,0.9196396,0.009849887,0.059520505,1.4775952,1.2627784,1.0693494,0.67423713,0.0,0.0,0.5122406,0.084093474,0.72228634,2.9172986,0.9618201,2.2368305,1.129218,0.0031361403,1.8552388,1.6020309,0.45656794,0.022101792,0.016648434,0.046535436,0.0,1.3099514,0.56141496,0.34765247,0.05575157,0.43699574,0.86829907,0.108175546,0.042283107,0.16720651,0.6149888,0.18202847,4.120314,1.6735191,0.26342338,0.42632356,0.15366903,0.0,0.90742064,0.47448662,0.26237553,0.48217314,0.124580555,0.20749626,0.008174304,1.9800487,0.02707041,0.028801817,1.0163903,0.024703665,0.50741893,1.0683374,1.4448117,0.089584686,0.6833725,0.49850035,0.6310952,0.7858572,0.0,0.9414126,3.4786236,0.34976786,0.13804556,0.043873087,0.071587466,1.7618399,0.319996,0.40513673,0.041070927,0.53589,0.21257417,0.1292127,0.72094554,0.44817686,2.7002227,0.95328104,2.370407,0.35938036,0.0090282615,0.42676687,2.052299,0.6339691,3.452547,0.02844116,0.59493756,0.27112946,0.3337592,0.84808964,4.606247,0.08093621,1.1227214,0.7211927,0.0013416982,0.018661855,0.034402914,0.23948473,0.056642026,0.37734464,0.52842534,3.3504963,1.0913466,0.29384542,0.24226636,0.09092676,0.36711735,1.3039861,1.9360862,0.00097546086,0.09103244,1.6067622,1.1091275,0.3088714,0.30928242,0.2566349,1.0935568,0.042310093,0.0004337744,1.0262046,0.53831315,3.3734283,0.033274565,0.63204974,0.13743456,1.9461827,0.9231021,2.5106044,0.26936594,0.36215293,0.057917323,0.34378037,0.5108464,0.053155757,0.55370843,0.56529856,0.9772222,0.008356282,0.024190802,1.276811,0.41793087,0.48603392,5.464632,0.6409412,0.04860733,0.14836842,0.1613606,0.0043918667,0.0,0.15420987,1.2845969,0.1950572,1.6905514,1.7827332,0.23742633,1.0443665,0.1094801,0.30044997,1.3326194,0.6234478,0.005540072,1.8941958,0.0020523889,1.7864095,0.15792754,0.57691824,0.055730455,0.283442,1.0824542,0.84034777,1.2807932,0.25065744,0.20211501,0.01154699,0.7423735,1.8659256,0.713375,0.18421854,2.5818353,0.0025504623,0.55498296,1.2759942,0.55339307,0.0034026736,0.29464877,0.4884246,0.3532667,0.69499254,0.43414217,0.7727253,0.9499889,0.033791203,2.6236298,0.2673579,0.80636877,0.07947946,0.040157963,3.9680233,0.040742252,1.259746,0.8994892,1.1251245,0.086168654,0.12993835,0.88750434,5.3447366,1.0580733,0.014748324,1.0215632,0.042089485,0.41849625,2.9402642,3.0158544,2.5819137,0.25300053,0.006706471,0.6184696,2.26784,0.32734743,0.07655714,0.10343549,0.78245705,0.0031206321,3.6550174,0.0013542918,2.1170223,0.32115775,1.5006996,0.0,1.716535,0.6572233,0.00978671,0.039462503,0.050908707,0.4579695,2.5520535,1.2087905,0.7527447,0.14303373,0.48080653,0.2644417,0.2807415,0.62646884,0.0053636003,0.80152845,0.7553804,0.3856349,0.021503288,0.71345013,0.0,1.5870118,1.2129483,0.2647241,0.58730716,0.09206467,0.44585395,0.41129074,0.068693675,1.1792171,0.047738433,0.69802207,1.148819,2.5077798,0.9710325,0.88818234,0.73318785,0.13259833,1.3347851,1.3245871,0.27800968,0.41487774,0.35386312,0.23354629,0.6818611,0.3824392,0.48321727,1.1805247,1.0216082,0.11163896,0.5726329,0.31310317,0.06282285,1.4701751,0.011354542,4.1306148,1.7320572,0.3043555,0.035633005,0.99454063,1.68591,1.3609351,0.71689254,0.0,0.20316508,0.5066238,0.29690212,1.2369283,1.1030436,0.82444304,0.20384224,0.44061422,0.5872879,0.010360487,0.11011238,2.0482318,0.7878299,0.8062152,0.051333908,0.15371175,1.3528699,0.3192757,0.795519,1.1696998,0.37840438,0.07467563,0.51337785,1.8811907,0.45928076,0.012082712,2.36108,0.0030241937,1.2684445,0.7185899,1.1209991,0.25909454,0.2675914,0.4273866,0.004892469,2.0385253,0.37530383,1.1070943,0.7716357,1.1487473,0.21445628,0.2968467,0.5280769,0.34420788,0.09325466,0.01758979,0.76574606,1.0379785,0.12551993,2.1097362,3.2604904,0.0029210248,0.6144028,0.010749805,1.1660448,2.036371,0.12889338,0.11339904,0.11784783,1.3326201,1.7248983,0.00564397,0.35318342,0.4061065,1.4801387,0.044083953,0.15777451,0.042141724,0.20599025,3.096827,0.6559582,0.10130209,0.0,0.59517,0.302582,3.4724073,0.1693826,1.5132523,0.8044667,0.14425938,1.919891,0.46569124,2.724438,0.92606443,0.020803098,1.2117741,0.26902443,0.35886467,1.2112116,0.084944,0.2303994,1.8002396,0.7172568,0.0,0.003451979,0.02581382,1.4268328,0.27851683,0.14702843,0.093025945,0.010499212,4.4014616,2.3498514,0.15546149,0.15294382,4.301038,0.44716153,1.9916883,0.8888081,0.36637783,0.22813855,0.19875662,all_pothole_images\pothole_images_2_image_198.jpg
1.126657,1.2474747,0.8024578,1.3050082,0.06529407,0.34751362,2.2598758,0.27257636,0.4288587,0.81305087,0.44342858,0.35960662,0.36596844,0.07682502,0.2677406,0.6813138,0.07057724,0.6108472,0.8512164,0.3531255,0.5944031,0.5830906,0.2773939,1.2100297,0.2584585,1.5309143,0.9146123,0.3494091,0.091150224,0.6723412,0.2939134,0.9734976,0.42576015,0.29272887,0.5538409,0.56199014,0.18358265,0.5596463,0.12933193,0.18236618,0.44144237,0.40849712,0.95416677,2.6215975,0.35456634,0.675642,0.107723914,0.30065912,0.43098426,0.5254131,1.4472401,1.2221283,1.0805025,1.2007623,0.9748086,2.0918996,1.2339624,0.76783586,0.71698636,0.05097827,0.2611626,0.7384548,0.20665278,0.07814584,1.040119,2.478542,0.8852287,1.5464778,0.4809529,0.1199454,0.3494201,0.24542892,0.036885854,0.46568063,0.44909012,0.5565563,0.5915879,3.2683003,0.16888274,0.27465937,0.29799378,0.3025893,0.035963975,0.37810415,2.591336,1.3621496,0.6487497,0.26650807,1.8478452,0.34167784,0.66032064,0.42560107,0.1964898,0.6477425,0.0038929323,0.5109427,0.09459532,1.2895635,0.6207416,0.40631306,0.35011527,0.8466713,1.0344303,0.24312985,0.46107066,0.30847526,0.7405757,0.59361696,0.15200321,0.40793,0.002296911,0.7334025,1.4874756,0.3317463,0.6055277,1.1822232,2.0566623,0.3279919,3.1685252,1.0974451,0.41513544,0.015495251,0.17142709,1.3277247,0.860968,0.8232928,2.0861347,1.1468132,1.4601531,0.026454054,0.52214426,0.16735108,1.6660181,0.0028021708,0.6165213,0.13963947,0.8951135,0.23563978,0.7035645,0.53050166,0.39835083,0.28780493,2.068615,0.4580649,0.73361576,1.0097561,0.45146093,0.42433625,0.5537655,0.5604099,0.9435141,2.4887574,0.45943132,0.0,1.3144684,0.6136668,0.7106372,0.0,0.4556106,0.46286336,0.051159136,0.27748778,0.063787125,1.4697351,0.16997108,0.698805,0.3680387,0.23181874,1.1897737,1.3254371,0.5285708,0.036984712,0.27764928,0.1379689,0.6421627,0.4893204,0.17775808,0.0,0.93568265,0.32030728,0.45612094,2.0453515,3.0758915,2.439214,1.3313905,0.38179427,0.46906802,1.8802019,0.53341186,0.41621596,0.49536908,0.034078937,0.09496293,1.9851573,0.01768168,0.31234875,2.167082,0.776528,0.026937775,0.9749355,0.2249478,1.2941282,0.29943016,0.35856146,0.8736376,0.28420404,2.2064583,0.33229998,3.0089471,0.41539764,0.0,0.15870148,0.63585234,1.5796478,0.49379063,1.0018605,0.45579875,0.3387151,0.7483201,0.01963955,0.20784941,1.0031236,1.1461108,0.0,0.85322607,0.46416807,0.7322924,0.7109284,0.41198775,1.0338904,0.27739695,0.13762264,0.56760114,0.0,0.4674481,0.08811008,3.3314712,0.62057793,0.004251951,0.17250162,0.106048845,0.87394446,0.0137562165,0.32144934,0.07742917,0.076072164,2.1654158,0.3083606,0.82845736,2.7201407,0.88994,1.4246247,0.86721385,0.19344234,1.5936127,1.9577663,0.37627107,0.4377223,1.1281466,3.4125807,1.167365,0.66474414,0.7398886,0.057387102,1.320252,0.30096516,0.028138919,0.8565611,2.7884614,0.013102028,0.8924502,0.021236712,0.108616866,0.35642716,0.41351435,0.7259285,0.02134227,0.53291523,0.8916845,0.26262134,0.49521843,0.45438758,0.5006592,0.16710612,0.07174941,0.1951956,0.31093284,1.734776,1.8999565,0.11712062,0.3970978,0.97028357,1.2991134,0.30616918,0.34913853,0.78216535,1.063824,0.2868026,0.24551408,1.133407,0.27480918,2.1125736,0.8573352,0.634341,6.953491,0.42218158,0.8054937,0.017165953,0.01392481,1.6865994,0.9181993,1.5931885,0.9758067,0.7198225,0.20287357,2.152308,0.0,0.38388488,2.000046,0.2805632,0.61951053,0.42658895,0.63200897,0.39645073,0.42379844,0.8328954,0.68657273,0.09754416,1.9537772,0.26747504,1.9833484,0.20621549,0.45501232,0.09058101,0.87744546,0.34245375,3.166885,0.45325232,0.045993533,1.058513,0.53534096,1.0891186,0.6911817,0.29760578,1.3218572,0.40459,0.07373795,0.27682596,0.23762643,0.47894746,0.2926312,0.16898951,2.4312966,0.0377902,0.16604483,0.5214929,0.06687298,0.5273994,0.13191263,0.90388376,0.0027726535,0.027988078,0.13738425,0.59695953,0.36886114,0.056012608,1.6606631,0.30129248,0.071315594,0.29807344,0.59286714,0.16974464,0.2867871,0.011777303,0.58581346,0.03486282,1.4270432,0.033385552,1.8731132,1.2639625,1.2428248,0.44570592,0.45182654,0.4034826,1.5571566,2.74776,0.4283389,0.03468961,0.67803454,0.6764507,0.9400314,0.27702776,0.17411768,0.18583663,0.105632864,0.0,1.6185869,0.15227552,0.22604401,0.1834619,0.9229978,0.39979482,0.70131874,1.1375995,0.5730492,0.37395185,1.0923921,0.7311766,0.29188246,0.7818073,0.47128156,1.0306768,0.2302264,1.1774739,0.008558545,0.2459574,0.630832,0.10796399,0.22042663,0.51481044,2.145599,0.9684581,1.7207893,1.8878728,1.5807638,0.039506212,1.0164121,0.89827454,0.18813503,0.18272084,0.0483354,0.2711901,0.88918895,2.492341,0.7164684,3.7309837,1.9489578,0.7243874,0.0073056603,1.0840477,0.6298607,0.49159753,0.063630834,0.14403501,0.8505607,0.0026296838,0.80197674,0.47459617,0.7047463,0.34591165,1.0561891,0.2272194,0.9519221,0.58944404,0.794118,1.0960115,0.2820863,0.15628682,0.21964426,0.77449286,1.4479697,0.37493607,1.9642966,0.63703907,1.1099792,0.061267413,0.44576395,0.104823716,0.26167905,1.8920553,1.2507331,1.0086827,0.22194041,0.26311156,0.3233841,0.987462,0.90850484,0.58845973,0.42051664,0.44681442,0.6326347,2.6474376,1.325841,0.4776456,0.017334504,0.5129211,1.0383246,0.24524555,0.0808253,0.059515573,0.49897406,1.3601432,0.06760187,1.6971959,0.82362425,0.36426574,0.25508323,0.018174885,0.2849112,0.08913008,0.57640755,4.70544,0.7908808,3.0819192,0.43826693,3.5030859,0.41031075,0.2809027,1.3252441,1.3870744,0.026151383,0.20607919,all_pothole_images\pothole_images_2_image_199.jpg
0.20998149,2.0967348,1.7968588,1.2672836,1.7403116,1.4771165,0.25832093,0.018401578,0.19304396,0.86507446,0.024251217,0.5739171,0.41694647,1.333243,0.034405325,0.6041925,1.2760683,0.2967252,0.45846823,0.43692303,0.66959506,1.4313555,0.4528949,0.5978486,0.10528688,0.57025576,0.25331303,3.0793009,0.15250577,0.80068576,0.5065542,0.26172572,2.2139597,0.43698394,0.24384108,0.028030287,0.24886146,0.6061972,0.37246642,0.374633,0.3851854,1.6632375,0.039138205,1.4649158,0.42054442,0.5084122,0.37826186,0.022519786,1.1598735,0.9670336,0.8475077,0.23376437,0.40273604,0.22926502,0.30776176,0.4216137,0.21601056,0.13086995,0.7332042,0.078791834,0.64019406,0.47861525,0.9645953,0.97421575,0.028026808,0.123086944,0.40365335,0.14997132,0.39277396,0.51422846,0.118225835,0.54712206,0.13931134,0.21812822,0.48550534,0.567126,0.14486179,1.2388532,0.14156839,0.11736522,0.12774177,0.111250624,0.15633757,0.9717057,0.20159137,0.44616723,0.48452392,1.0206075,1.808343,0.33648846,0.28266487,0.27408922,0.47369835,1.5398488,0.13420662,1.1326772,1.4599411,0.6920411,0.2611608,1.9388262,0.66432345,1.3350979,0.09296037,0.2092403,0.038745236,0.81316566,0.4188206,0.25502476,0.29906023,0.41849446,1.012342,0.9829354,0.13469934,0.41802755,0.090403,0.6266437,1.7558565,1.5087769,0.021180112,0.96055275,1.7817318,0.25419837,2.183803,1.5754858,0.22098652,0.5368446,0.37706655,2.9939015,2.0706766,0.86567473,0.517242,0.10127564,0.37489465,0.015820622,0.08844067,0.15302715,0.19418475,0.44638768,0.9352482,0.081824146,1.4501858,2.117063,0.037235517,1.1821085,0.9801288,0.9022162,0.27443272,0.07286575,0.99109,1.1364249,0.66382205,0.65305525,0.40922648,0.8745346,1.0936778,0.6923588,0.25576493,0.41779828,0.15074036,0.30548376,1.464345,1.1608942,0.022910327,3.0278761,0.6688271,0.08046958,1.0379145,1.8500836,0.554333,0.121245556,0.3478214,0.17966391,0.22339377,0.4519002,0.4126822,0.0,2.1847973,0.25025055,0.42556205,0.72276354,0.23195578,1.5351869,1.345141,0.19055693,2.4133537,0.5029224,0.8156731,1.1151731,0.004452162,0.35142744,0.33207375,1.3338808,0.018566485,1.7011796,0.08184631,0.053311013,1.1195089,1.5098141,0.05199814,0.76529926,0.1934938,0.22155173,2.502995,0.37997133,2.1042151,2.0687542,0.27235454,1.0711977,0.9081951,0.1611812,0.53279394,0.15377769,1.7873887,0.1087718,0.8716583,0.15686439,0.31451583,0.10108583,1.4374855,0.65508723,0.06184855,0.92337203,0.34044397,0.047133863,0.24977852,0.19312191,1.2357372,0.12169047,1.296866,0.050801523,0.12414536,0.37475413,0.17065862,0.80685276,0.50361705,1.6553901,0.43926522,0.19829184,0.4032725,0.089334376,0.8331053,0.13354342,0.09700893,1.099784,0.04128886,0.0,0.34647852,0.7004016,0.5410791,2.136004,0.24026178,0.017115625,0.56952345,1.2115128,0.10103296,0.8042316,0.48033184,0.051045816,2.5120203,0.24504453,0.34087935,0.66473275,0.23558871,0.18897484,0.4175562,0.7506821,0.0023503404,0.49613875,0.91312456,1.9508845,0.6495948,0.25914317,0.08787192,0.60971934,0.29971611,1.3141787,0.44249848,2.1250522,2.3921137,0.73061484,0.13639824,0.19004066,0.22291622,0.94372123,1.8390801,0.52813315,1.2158723,0.8877036,0.50179714,0.27546284,0.31094068,0.89962065,1.9134102,0.30865276,0.37699232,0.7125996,0.27414605,1.2515681,0.51462334,0.39375892,0.21730144,0.29299533,0.42885557,1.0576133,2.8538492,0.1949441,0.3977941,0.38308161,0.37551922,1.0908632,0.07084157,1.1827397,3.1174402,0.719778,0.10888562,0.015192232,0.9839436,0.2505376,1.8968658,0.7121117,0.5238947,0.026716504,0.0,1.0891722,0.18653576,0.23123239,1.3426299,0.9738148,1.0069032,0.66772026,4.231266,0.1181758,0.672436,0.10725266,0.7941672,0.17717166,0.16317962,0.16375047,0.42644826,0.0759813,0.34670573,0.17301482,1.0321945,0.33466625,0.8060895,0.33093166,0.21725689,1.4266688,1.5763944,1.580278,0.10226456,1.8769201,0.04366881,0.16241303,0.39211717,0.12360659,1.3508608,0.5099267,0.003158888,0.4016512,0.25069553,0.12153117,0.80246454,0.03672111,0.5025285,0.063415654,0.9140272,2.5371306,0.02379502,0.69110614,0.8813444,0.38764876,1.4939092,0.10609638,1.0262591,0.58752185,0.05547214,0.6413843,0.7328929,0.6198557,0.055362806,0.019298846,1.2488877,0.8548699,2.8126938,0.24902125,1.0713171,0.65865123,0.004321358,3.2184634,0.7626036,0.33272454,0.7889132,0.9152461,0.6391626,0.74057066,0.07077617,1.2920128,0.18593122,0.29438278,5.043494,0.786167,0.22000319,0.56483257,0.06670057,0.07531286,0.29642734,0.20586532,0.9201246,0.1817529,0.12733439,0.8148154,0.41515765,1.1397961,0.34985387,0.058966964,0.22246839,0.11650245,0.06430738,0.31686598,0.38249713,0.31722158,0.3972767,1.000518,0.13349943,0.9390936,0.65770346,2.4337208,0.04273646,1.6769954,0.2969797,0.39721322,0.12413147,0.30057663,0.44356772,0.9562992,2.3518283,0.119167335,0.18855493,0.47883567,0.26362053,0.46660995,0.14259301,0.6338822,0.22989139,0.5286331,0.2140901,0.37127215,0.0,0.9408243,0.7744739,0.5380663,0.72243404,0.32424378,0.11313779,0.059050232,0.86380434,0.36260468,0.50774443,0.59136325,0.3996032,0.8301323,0.8570766,0.99704415,0.5716731,0.21891947,0.120218925,0.69176996,0.7049747,0.4044022,0.6568422,0.4342877,0.2561424,0.5634602,0.044336658,0.07756521,0.21429019,0.22125979,0.26370835,0.033224758,0.25849932,2.0578442,0.13138926,0.802174,0.0,0.43916562,0.07061898,0.0077869818,0.4448696,0.07402446,0.17129962,0.27034768,0.228907,0.8066788,1.094248,0.00039794412,0.4843005,0.027343515,0.03193704,0.11717301,0.8217901,0.88314843,0.27681243,2.0855753,0.6969973,0.43670884,0.07428937,0.41111186,0.06771629,0.694569,0.0055119297,0.1439213,all_pothole_images\pothole_images_2_image_2.jpg
0.23104432,0.061899174,0.7438848,1.437736,0.17564614,0.19490156,1.2315841,0.04433076,0.04294486,1.3659055,0.13331285,0.3110534,0.067458145,0.3211286,0.039025646,0.5201608,0.37741637,1.3609545,0.14239867,0.106439196,0.45936957,0.8879916,0.93386793,1.8502046,0.9163188,0.38705978,0.004527668,1.4864708,0.296873,0.010269098,0.06287413,0.025438828,0.50819755,0.780192,0.0999289,1.0908892,0.27084658,0.15938015,0.11792838,0.09623068,0.109780975,0.93856025,0.08302525,0.0052972934,0.710952,0.09340099,0.094643794,0.094750464,0.73012173,0.8119228,0.10234611,0.015609758,0.04295354,0.15831314,0.8164842,0.8132478,1.8309369,0.59602773,0.20262158,0.54626745,0.06426407,0.38154927,0.3189982,0.5428723,0.55133986,0.59835356,0.27320927,0.06877994,0.018955834,0.5021305,0.30845165,0.13995434,0.6092895,0.18449771,0.23675442,0.14373954,0.0071754237,0.22705734,0.0,0.03149061,0.012697548,0.2362396,0.0088227205,1.894506,0.19362481,0.0670059,0.06703865,0.09300944,0.76771885,0.82801855,0.056748606,1.1854024,0.040699042,0.26362497,1.0967652,0.009915341,1.0955223,0.6411482,0.008466704,0.0,0.0984484,3.4791315,0.4083297,0.09017548,1.9863561,0.52879643,0.28523815,0.47558686,0.23866883,0.59286433,0.04119104,0.9383607,0.3502374,1.1614275,0.17018676,0.52350426,0.261874,0.4807319,2.9010732,0.89718026,1.6126597,0.5887925,0.0071819765,1.1185375,0.3074954,0.18164222,0.20097555,0.29902312,0.12163383,0.09610298,0.1562452,0.05940962,0.1410292,0.19954646,0.016384669,0.5377908,0.095447905,0.009175443,0.02736285,0.1237613,0.26433608,0.15274155,0.23906817,0.40398452,0.15024507,0.3018125,0.0043292176,1.3122253,0.0017377,0.034311116,0.12550524,0.26726508,0.051554684,0.043385267,1.1688055,0.6341497,0.81904626,0.74084926,1.293648,0.48106048,2.112311,1.0081776,0.097671695,0.5494172,0.50744396,0.31482926,0.9013038,0.025401061,1.760685,1.023923,0.2065744,0.0070184795,0.022340793,0.0142178675,0.3551269,0.15461972,0.19222748,0.0034888242,0.007491526,0.0666393,0.018048739,0.60188115,0.4375379,1.0467268,1.466316,0.46433833,0.09119617,0.11412132,0.29961255,1.4741939,0.22112948,0.001050291,0.45225158,1.7014194,0.060007494,0.037851855,0.47859475,0.8106349,0.7382714,0.19498742,0.21615534,0.0943596,0.5119223,0.013356296,0.2576229,0.48099077,0.08143989,0.0053880382,2.072826,1.5413567,0.0,0.08469937,0.67414457,0.2752875,0.2599566,0.36950257,0.627112,0.02723923,0.47746333,0.2192734,0.28519273,0.4191335,0.40860677,0.17774439,0.0,0.024907425,1.3889214,0.005117663,1.6826693,0.22462688,0.65889585,0.0,0.84110105,0.37855458,0.5400356,0.13698806,0.14445789,0.08618401,0.017765818,0.58420205,0.533097,0.010561693,0.1584485,0.12674412,0.028303014,0.005980961,0.52816856,0.7093509,0.014363691,4.526538,3.5904577,0.13069032,0.12308623,0.16424783,0.020840641,0.3181331,0.1404685,0.5279823,0.29162195,3.4298842,0.22797565,0.11927967,0.9169637,0.65989274,0.17499773,0.050939865,0.19756383,0.14255637,0.96563953,0.32707748,0.70396435,0.09823805,0.039891053,0.25918794,0.47110912,0.4797237,0.2150599,0.1765169,0.40822965,0.22078486,0.3761456,0.89919436,0.035624485,1.0125229,0.059456293,0.010035564,0.0999694,0.054772027,0.26613563,0.28097743,0.3382167,0.15720654,0.0020510752,2.6314976,0.19478813,0.5325232,0.64662063,0.6798678,0.12839755,1.2707084,0.13459253,0.39224842,0.09264478,0.13524714,0.9007084,0.016373308,0.25816688,0.04927891,0.047370672,0.18666983,0.24650063,0.75467354,1.5819938,1.8720415,0.29211062,0.022031175,0.01617864,0.9890274,4.661521,0.36368343,1.839773,0.027964493,0.17760113,0.16852075,0.024881188,0.92584467,0.23217864,0.2934829,0.37322417,0.053182896,0.3227187,0.12727566,0.043733276,0.03303484,0.22723867,0.014344339,2.117511,0.0067893504,0.0,0.23065181,0.5794457,0.05465166,2.9953556,0.90659875,0.77362245,0.0,0.29230917,0.11341948,0.061610453,0.031494793,0.0,0.37061298,0.0,0.68783396,0.32789218,0.3395821,0.21041813,0.53278303,0.8175077,0.61358196,0.45425266,0.10053578,0.29820505,0.0017793395,0.003298747,0.2893709,0.7396813,0.09609674,0.43600878,0.38639894,0.20436968,0.058252864,0.41493115,0.0,0.46630803,1.3413802,0.552557,0.5415257,0.10743873,0.3260742,0.67478204,0.0,0.37515238,0.15904906,2.6102524,0.004768726,1.5879915,0.5943182,0.213373,0.9397568,0.2570561,0.97507226,0.00051429647,0.6332521,0.0,0.269263,0.52550435,0.24432126,0.56325275,0.10776335,0.004306211,1.3282224,0.3879722,0.0,0.22972079,0.09335072,0.06307559,0.33168924,0.13211696,0.051279306,0.021189725,0.31298092,0.085673444,0.19493498,0.1351433,0.10445905,1.7380062,0.21588887,1.3059886,0.5998629,0.22337964,0.5708533,0.15825059,1.2664028,2.8904035,0.2105699,0.47741154,0.100030676,0.06488532,0.77174985,0.2734112,1.1582435,0.0,0.91926914,0.28997114,1.3256657,1.0530367,1.0623075,0.28295845,0.16388075,0.8804268,0.17860273,0.13725747,0.19595262,0.19414546,0.031488184,0.45761824,0.1553354,0.0,0.4408872,1.7225838,0.46420053,0.73226446,0.026969878,1.0191318,0.79992634,0.67114615,0.03394032,0.3839415,1.3397783,0.46794564,0.21238531,0.64833856,0.027623702,0.92210186,0.14113654,0.041679353,0.0,0.2324612,0.4367684,0.26420653,0.6328314,0.0,0.55472994,0.940048,0.0,0.26872584,0.39018756,0.60073316,0.034350593,0.79032475,0.20425141,1.130864,0.82092243,0.058376096,0.7321332,0.90115124,0.00072212424,0.17971289,0.00995074,0.31835064,1.045965,0.0,0.0,0.06828961,0.23197392,0.44935152,0.16142768,0.0074337013,0.27862814,0.12821697,4.21304,0.013630778,0.0,0.036757417,1.514738,0.0026122534,0.47057638,0.50300026,0.9665818,0.32401478,0.08691357,all_pothole_images\pothole_images_2_image_20.jpg
0.71572953,0.050624624,0.5709418,1.1395726,0.41113573,0.2360356,1.0109422,0.34676647,1.2525392,1.2013531,0.04404537,1.0981817,0.54836756,2.07516,0.42350152,1.121844,0.5617308,0.38320243,1.6132112,1.7565734,0.89528984,1.2574838,0.23427187,1.6445185,1.1416743,0.9863281,0.27605873,0.9298226,0.61667335,0.017625406,0.31742495,0.39920992,1.2870401,1.4324045,0.17407386,1.246677,0.025849637,1.4723754,0.6063744,0.08882949,0.478132,0.0046857945,0.24561507,1.3811244,0.76063865,0.5902211,0.018883081,0.34678704,1.421958,2.085854,0.5258973,0.2506585,1.4712511,0.1598415,0.7173005,1.1287522,2.2123518,0.07120465,0.62929416,1.555456,0.16949172,0.15774325,0.36562195,0.4420343,0.22417822,2.3729267,0.3866584,0.3083555,0.7378842,0.25227076,0.041500587,0.5258888,1.8674337,0.13703254,1.9556679,1.7959911,0.027563496,1.2998115,1.2826223,0.29508618,0.07276771,0.44151577,0.43118578,0.9276222,0.79297644,0.42734432,0.020161185,0.69188637,1.2907897,0.617801,1.3535839,0.22682305,0.021844173,0.34413025,0.68582916,0.0017067711,0.9246198,1.6791949,0.46771106,0.07631678,0.12061766,2.3158078,0.9536704,0.10477644,0.9414846,0.7122409,0.50224197,0.6994148,1.0039707,0.07845132,0.0,3.3657942,0.24693637,0.59479535,0.038953837,0.09185665,2.2343369,0.7945687,3.706485,2.458182,2.0535307,0.89330196,0.71874744,0.8675871,0.7876015,0.46579525,0.2177585,0.7172568,0.7394193,0.0054051084,0.8334776,0.0048603695,0.41963756,0.15039018,0.11432772,1.4446878,0.27453798,0.4445139,0.8790932,0.40211797,0.072217286,2.552522,0.42010844,0.71078646,0.08453679,0.65266037,0.05506937,0.60082483,0.43783087,0.039567508,0.6904704,0.37583318,0.00123446,0.17151864,1.9609483,0.8552274,0.19834518,0.5523347,0.25199774,0.2751396,1.2040863,0.94051427,0.14016357,2.4530022,0.11277025,0.6470984,0.29836977,0.72307587,1.1140417,2.019021,0.016950162,0.085468136,0.15228966,0.41069075,1.8745059,0.16885924,0.50011945,0.089889795,0.38044044,0.36222538,0.5834389,2.2981062,2.0119414,2.5578475,1.2764504,1.1063293,0.53303325,1.321553,2.6142282,1.143726,0.26863596,2.941992,0.0,2.405364,0.18095203,1.7887985,0.86332273,1.804941,0.5286888,0.48121458,0.06719037,0.9899278,0.83829325,1.2409263,1.6708751,0.35478032,0.33159885,0.28887156,1.1148967,0.08373335,0.055379614,0.0035440908,0.49317333,0.9042025,1.12456,1.2328544,0.016356878,0.07495883,1.0450379,0.37043992,0.07514065,0.88760644,0.16451417,1.9566118,0.1748497,0.453327,2.7018263,0.62961125,0.22100495,0.416212,0.40663698,0.01253115,1.7990539,1.211296,2.2519631,0.31432304,1.520777,0.15450191,0.032720245,0.3926907,0.28037822,2.0608015,0.079802625,0.75320345,0.42454383,0.12278755,1.8724558,0.76078594,0.42707998,2.225358,2.806409,0.30956158,0.5959574,1.9698309,0.39585194,0.035246078,0.69208294,1.3907982,0.9885494,1.0686215,0.14959738,0.032115497,0.014757709,1.1119878,0.70614594,0.93298304,0.64067215,0.12936886,0.37322912,0.30030167,0.03379475,0.14229971,0.016852198,0.67048013,2.026586,1.5864595,0.68830156,0.44816944,0.6764341,0.5405351,0.088280864,0.36448765,1.0363806,0.38389423,0.5059109,2.0821042,0.74535096,0.938422,0.437529,0.28176522,0.40934423,0.14300083,0.30580285,0.40684056,0.25627315,0.70363224,0.5278681,1.3045465,0.8624654,0.60164344,0.53164834,1.4440628,0.45900536,0.9153517,4.0552363,0.052436233,0.38495308,0.71530086,1.1788955,0.22321035,1.406131,0.8403694,3.2724009,2.1294184,0.0023100518,1.5687754,0.055865064,0.3391424,1.7750322,0.5531521,1.1767579,1.0336717,1.208553,0.33183014,2.316702,0.35603756,0.1617796,0.8295269,0.09837625,0.45836973,1.3145804,0.3926566,0.03790376,0.09450202,0.81090504,0.3029061,0.55096537,0.5451693,0.3426488,0.06552604,1.1083751,0.2072059,2.052512,0.38488173,1.3180293,0.45896494,0.0,0.21904618,0.35740572,1.662674,0.14958575,0.62799996,0.26481673,0.25019696,0.49864608,0.5142982,0.027611915,0.33598864,1.6031494,0.43250558,0.434371,0.24362269,0.32577333,0.51026684,0.1232675,2.3637571,1.561754,1.0796542,0.069993936,1.0977247,2.7222314,0.24006875,1.6629996,0.022215238,0.47826096,0.14096768,0.17503922,0.04509162,0.20451286,0.8258235,0.43931007,0.21257947,0.13896719,1.6935183,3.193221,0.82661265,0.09036763,0.13127148,0.09596787,0.55032116,0.5985269,3.6520033,1.5107226,0.17037645,0.052145775,0.3387352,1.6263652,0.86953175,0.7689927,0.004894382,3.0549088,1.4743689,0.6142879,0.14879598,0.021563755,0.5817919,0.45302537,0.1664475,0.06889713,0.042196464,0.07672062,1.3157524,0.61984533,0.767729,0.065636255,0.08329277,0.25363183,0.6267858,0.29770347,0.5395897,1.7032619,1.0207543,0.26230425,2.4150138,1.3295972,0.41750515,0.7887226,1.031463,0.2140235,3.4513953,0.21231931,1.0519515,0.5658002,0.73406684,0.51331943,4.001323,1.4164624,1.2331421,0.29134873,0.8108738,0.088217296,0.6002898,0.30539286,0.6198126,0.47690323,0.22212534,0.51304054,1.1962248,0.19763888,1.5107251,1.7194549,0.29527688,0.17668088,2.05378,0.7524687,2.8543296,0.22233437,0.95176727,0.21809547,1.5328549,1.0231375,0.3982703,1.5055671,0.42482165,0.8564037,0.7472374,0.56230325,0.006259075,0.34844804,0.27019697,1.6414907,1.0597641,0.21230927,0.3637821,2.0068657,0.9446542,0.55649716,2.3444848,1.5573864,0.0013491862,0.68660796,4.9685655,0.5783537,0.13978666,0.008606831,1.619955,0.5998413,0.31964675,0.71903664,0.28126097,0.11550215,0.9333594,0.9538954,0.73483664,0.38051173,0.22447488,1.6197674,0.551936,1.3075669,0.6859919,0.23697963,4.4579268,1.5459152,0.18968526,0.60469,0.67641026,0.35875255,0.43983725,0.9885596,0.13153464,0.8135351,1.079213,all_pothole_images\pothole_images_2_image_200.jpg
0.8063179,1.777302,1.4003545,0.5632974,0.85191905,0.6463289,0.27819443,0.26490745,0.48744977,1.8037115,0.40706056,0.65362126,0.13998492,1.7647468,0.20824893,0.23228908,1.2469083,0.17651108,0.09727195,0.26626357,0.8176502,1.4258922,0.057026666,0.5374765,0.7251636,1.1467018,1.3483622,3.5691388,0.38010228,0.050330743,0.0,0.7391299,2.679354,1.3751888,0.12941025,0.15411304,0.50746536,0.97668797,0.072251126,0.27717534,0.5463799,0.77347934,0.07608093,0.73781615,0.2656922,0.67936575,0.49547482,0.71350586,0.9071222,1.0252632,0.57564634,0.21452561,0.5322522,0.37884337,0.33343887,1.0585934,0.9371403,0.3140591,0.7269781,0.5880331,0.65617776,0.55458057,0.61377203,0.5996771,0.5601262,0.47754315,0.33513108,0.7957888,0.30201557,0.27543005,0.35595438,0.09788178,0.7922103,0.104487024,1.0341449,0.9423036,0.47230518,1.6492507,0.56602687,0.0,0.9065998,0.88392484,0.067561485,0.9864035,0.4247864,0.06868559,1.160229,0.22928871,1.6771115,0.34146768,0.03140597,0.6521618,0.5257303,1.2220722,0.13454188,0.8677625,0.94245255,1.4783175,0.7703332,1.7012126,0.1396873,2.1387675,0.3957822,0.36212578,0.035747193,0.12904844,0.18646286,0.13235717,0.25162256,0.6072504,0.78098685,0.5229552,0.011153615,0.5712881,0.53016216,0.7043968,1.0594254,0.5226593,0.059335776,1.338396,1.9151449,0.1216994,1.4064374,2.0645106,0.32703385,0.6468647,0.69699126,1.8278732,1.6141263,0.99243146,1.477027,0.9898006,0.14329265,0.42717245,1.227803,0.019203253,0.37052822,0.42005292,1.116934,0.7914856,1.3009444,0.14260696,0.6005015,0.2468981,0.6480413,1.1075929,0.21561795,0.2863643,0.6857478,0.4662405,1.1987717,1.3064275,0.019351153,0.14496836,0.5837798,0.23216721,0.85057116,0.15616916,0.24409138,0.3893278,1.7333959,0.6765026,0.07765209,1.7478108,0.12540896,0.5786837,0.56034833,1.486943,0.6227686,0.33227655,1.2773159,0.03504885,0.20947845,0.6226514,0.7285197,0.18499471,1.7507911,0.06750255,0.061331067,0.39359742,0.17192626,1.7935687,0.76854473,1.2260015,0.78526,0.96348935,0.3742912,0.97052485,0.62242997,0.11146048,0.24565974,0.044447366,0.35120752,1.3964473,0.21965055,0.57728016,1.0455759,0.085255444,0.09032534,0.5122783,0.09520486,0.5972,0.81646067,0.021421459,1.3551979,1.3341426,0.87460333,0.70935875,0.43077633,0.19950594,0.31964964,0.4631612,0.7856206,0.82710934,1.0923316,0.82431036,0.13017698,0.17786434,1.0310575,0.66821194,1.2230269,0.041804653,0.10227415,0.38456362,0.0,0.16933389,0.50819063,0.5118401,2.3452342,0.47059754,0.06389115,0.4532606,0.17785165,0.54176813,0.6414417,1.2903811,1.4808797,0.10937587,0.09321232,0.010265538,0.42229578,0.19516039,0.983116,0.29541346,0.08558415,0.0,0.14562921,0.1526809,0.9131921,2.6963155,0.40487075,0.59362084,0.6207545,2.3989155,0.074506454,0.95868534,0.41426405,0.04706524,0.8397471,1.7029765,0.48614419,1.2969106,0.8097272,0.42599645,0.56139416,0.20371561,0.29335803,0.7654482,2.13459,1.0624206,0.50160396,0.22506379,0.34871036,0.6990204,0.21990505,0.13460277,0.79804057,1.9321734,1.5652491,0.83161753,0.21490262,0.11329591,0.46495947,1.5428559,0.82093173,0.06282139,1.3340926,0.5666245,1.3780875,0.579231,0.6486806,0.14467642,0.35900903,0.30092567,0.2714627,0.30861127,0.47114593,0.13002764,0.5880333,1.5917741,0.056426413,0.4347023,0.2712658,0.9322134,3.6587775,0.37991184,0.18781467,0.55610365,0.25173286,0.6215045,0.18809167,0.7675753,1.950307,0.30788118,0.12006839,0.29634297,0.09874792,0.45787942,1.3851646,1.2456628,0.00426878,0.17582291,0.4112601,0.7326216,0.9609134,0.66316533,1.8873832,0.812332,1.1322931,1.3792986,1.6383489,0.21308793,0.29767385,0.69027305,0.90383,0.34543228,1.5626142,0.88231266,0.69437814,0.4228475,0.55149037,0.1882753,1.1882181,0.10118825,1.2335728,0.06725544,0.4106339,1.1698171,1.1825966,1.0204569,0.5034749,0.5117789,0.06397706,0.4281968,0.25626028,0.19633709,0.98933613,0.5611741,0.53374606,0.4080162,0.6646937,0.123189054,0.7007946,0.67126715,0.053555034,0.5372455,0.90049475,1.3926173,0.077766985,0.5862788,1.1590365,0.5505856,0.687453,0.36726406,0.6350138,0.19349663,0.06484027,0.016849345,0.4230126,0.571442,0.64849913,0.007217337,0.80225503,0.734923,1.6738125,0.24468695,1.1850297,1.6309804,0.3212351,1.6305274,0.9308637,0.1425084,0.6150785,0.9409635,0.123617224,0.16841011,0.32489672,0.738454,0.13422662,0.582593,1.2015853,0.9008766,0.3928207,1.6665322,0.07755335,0.8585439,0.56126934,0.015154175,1.2656158,0.37923104,0.51877123,1.2705408,0.18190818,1.020625,0.1018322,0.2753023,0.43401328,0.6312557,0.18533073,0.20103481,1.8463075,0.42420796,0.46136552,0.29329932,0.84082186,0.13640526,0.22727932,1.7603859,0.5388114,0.7110369,0.35806736,0.21361175,0.44913438,0.86615807,0.45806456,1.5058433,1.4322379,0.7196452,0.24231157,0.18432006,0.48758087,0.38746005,0.5297859,0.7599079,0.23458152,1.303555,1.6623429,0.35564166,0.2345166,0.21220274,1.2059189,1.2587128,0.6809904,0.23017536,0.43328056,0.103962466,0.45818952,0.255412,0.8648184,0.1895785,2.358174,0.92399454,0.4819967,1.1147752,0.89022934,0.2987941,0.9176838,0.836845,1.5865725,1.1266938,0.18462309,0.25264436,0.3541771,0.39269835,0.17136715,0.41858298,0.06318684,0.66299003,0.5820992,0.8469483,0.13893417,1.0384183,0.15509474,0.45206755,0.019660186,0.05798833,0.3222594,0.056603573,0.13991268,0.1848268,0.51491946,0.5799978,0.188278,1.0168725,0.36967966,0.018083544,0.09098844,0.2831349,0.30338928,0.002887703,1.0335063,1.7635963,0.15739234,2.6996522,0.77234775,0.5438789,0.22539642,0.9572534,0.02408324,0.45597935,0.7685064,0.016098328,all_pothole_images\pothole_images_2_image_201.jpg
0.20629637,3.2746696,1.8664665,1.0144027,0.29791433,0.7843184,0.13893963,0.93962806,1.0061933,1.1471843,1.5919375,0.34381118,0.6112147,0.5587845,0.5671553,0.6941931,0.09569997,0.38539746,0.29613778,1.4237713,0.23788825,0.19173498,0.6704914,1.6337603,0.24396554,0.049395595,0.62356544,0.9076798,0.7459135,0.17401762,1.0956793,0.30157334,0.13113423,1.1880269,0.010474664,0.4765882,1.014433,0.3538972,0.52498263,1.4269136,1.6338613,0.45340744,0.70431423,1.1588897,1.8786494,0.4357008,0.13476071,1.5516853,1.1187702,1.7193301,1.3943996,0.7359775,0.16935545,0.2781459,0.24012125,1.4171104,0.2166591,1.7214941,0.6633065,1.6091071,1.0452274,0.74801606,0.5061645,0.7106216,0.6742188,0.38592124,1.6374569,1.4438039,0.10617514,2.6464262,0.46202296,1.0684422,0.60747844,0.05535975,0.38700017,0.4289486,1.9307137,1.6056256,0.40603077,0.18522932,0.7274323,0.55070627,0.5586559,1.3148757,0.84904104,0.43370718,1.142111,0.48153833,3.1370914,2.268265,0.61062586,0.30722255,1.4419711,1.2734114,1.4849573,1.3587357,1.8304359,2.1833515,0.6815071,0.5362084,0.6388165,1.8589511,0.8358696,1.9958842,0.21992019,0.20536947,1.8225577,0.08510505,0.48344657,1.1511459,2.3097432,0.91651034,0.16179056,2.8178499,1.3605897,0.56509614,1.0315567,0.39653614,0.6807515,1.0631088,1.3145179,1.8884656,0.66199976,0.41356167,0.5145099,1.1764429,0.5613661,0.63694406,0.7292895,0.99893814,0.466748,1.5962859,1.8251271,0.4330066,0.32038343,1.1557499,0.021938136,0.32863748,0.087799594,0.46380883,1.8549421,0.36283097,0.56564975,0.99092185,0.65798825,0.5229284,0.34860966,1.0887023,0.3221029,0.35464406,0.60745895,1.4531475,1.2035599,0.20385592,0.5377745,0.097966805,0.64548546,0.6136592,0.46719846,0.8738733,3.3724775,1.0951971,1.0242021,0.75849617,0.24168253,0.8102775,0.6439607,0.41604617,0.16921166,0.53010267,1.0309333,0.0028786263,0.95098203,0.18383574,0.80607855,2.0488758,0.4333616,0.5687292,0.3809887,1.012945,0.92024845,0.051602315,0.8201941,0.8377744,3.488006,0.56570613,0.39689308,1.1089122,1.1895646,0.9854328,0.47368437,0.9384163,2.77765,1.5094824,1.3105098,0.89400893,0.7478493,1.474668,1.6767665,0.26115054,0.11350295,1.8435234,0.77378744,0.4519604,0.07060439,0.7430373,0.3568383,0.24896395,0.7411835,0.025971057,0.8134521,0.14031526,0.1482266,0.8863376,0.45688668,0.80044836,0.9985583,1.128194,0.8653267,1.243543,1.024654,0.7350345,0.6811778,1.1974399,0.52506834,0.8615645,0.9664473,0.110034846,0.5741928,1.5925224,1.9742347,0.43219686,0.71241945,0.53772354,0.06452346,0.20211367,0.5136772,0.80051905,0.5504713,0.33986127,1.621723,0.43361893,1.1123506,0.19405286,0.50224453,0.75432485,0.050959464,0.07721143,1.0229993,0.91423094,0.05984924,0.11691197,0.19795507,0.3854753,0.9623566,0.46246186,0.40750024,0.37812263,0.32052875,1.0286527,1.3566576,0.23401712,1.4942919,0.049215164,0.031003952,0.5562735,0.6532226,1.0805088,0.52972466,1.174629,2.705045,0.45163321,1.1935543,3.1554077,0.68544346,1.2299303,2.7518065,0.44749916,0.24762402,0.6860613,0.77259624,1.5126973,1.0476371,1.8279368,1.5679604,0.40260142,0.05660121,1.9410478,0.8138391,1.6069,0.53382015,1.8455038,2.212397,0.013650562,0.5345278,0.09305045,1.1243066,0.15257928,1.0666482,0.26861605,0.47299513,0.6147477,0.45448956,1.7140162,0.9367073,1.5459453,0.24897546,0.4100889,0.4781249,0.26496416,0.23749152,1.8274451,2.0238793,0.3078608,0.463934,0.80431247,0.13616666,0.07582184,1.3888764,0.6992266,0.9959325,0.38959393,0.42260975,0.24230528,0.26449972,0.15493327,0.23774758,0.34808528,0.7708342,0.6453009,1.6865906,1.5095909,0.29284024,1.3330269,0.4412621,0.47923473,0.51874274,0.14650247,0.6901121,0.9655121,0.46203154,0.9475963,0.3932137,1.0328131,0.41824123,0.78285474,0.9381605,0.2570854,0.58322805,0.014609469,0.7363066,0.94971675,0.9301075,0.23639293,0.39478004,0.6997925,0.8559922,1.384704,0.69090146,1.3584671,0.61062205,1.1829501,0.66757286,0.48981577,0.44448194,1.7122688,1.3768196,0.5026451,2.2168267,0.08769748,0.92228276,1.4293482,1.6691816,3.0469334,0.5392424,0.9585271,0.08138223,1.8557905,0.2932865,3.9288528,0.7307634,1.0708121,1.6913682,2.543369,0.7301454,0.77377486,1.8481799,0.7474157,1.4160458,0.46486035,0.9657261,0.9264201,0.24543719,0.2398784,1.1987,0.37884745,0.07497522,1.182851,1.5026023,1.1922408,0.37542158,0.32245228,0.47278282,0.6336676,0.22952953,1.6520492,0.92719114,0.09607897,0.32257542,1.4110738,1.2401017,0.734195,1.2346016,0.78849804,1.2403277,0.20780876,1.3921702,0.3450806,0.23045762,1.0692695,0.61642605,1.4071316,1.1383693,0.5394422,0.6513092,1.4478542,0.7305196,2.3709817,0.35889223,0.7760747,0.4952977,0.72830606,0.91459614,0.14632292,1.22618,0.092568256,0.42536035,0.8722856,1.0010557,2.1147878,0.8769033,0.716713,0.91291577,1.5924195,1.294042,0.43262938,1.0969357,0.029138856,2.1700246,1.7854655,0.33065507,1.344866,0.63396114,0.36558422,1.2661529,1.033451,2.1150086,0.34787437,0.99590063,0.918708,1.7535722,0.5674927,0.4996196,0.9932504,0.7691249,0.53504086,0.12266973,0.2791706,0.8745141,0.80920374,0.3912302,0.22023383,1.0881938,1.2554338,0.44053563,0.61033714,0.27619663,0.12710902,0.10640434,2.242734,0.205599,0.5535874,0.8211477,0.9453789,1.1695688,0.12603135,0.3801548,1.115113,0.15166467,0.13465664,0.7841822,1.5916493,0.13931547,1.425082,0.18241763,0.5935476,0.14311692,1.4801806,0.9655343,0.28625628,0.25436166,0.41013926,0.24741706,0.9368966,1.2601137,0.6506406,1.8324201,0.82705283,1.8684661,1.6225744,0.7534918,0.25027516,all_pothole_images\pothole_images_2_image_202.jpg
3.2414129,0.6693551,0.0039155134,1.9242691,0.9578431,0.3239319,0.0,0.4328704,0.05275988,1.383808,0.02709319,0.79482,0.0,1.6732576,0.7452772,0.7362003,0.2709743,0.05534538,0.075954214,0.2737894,1.9072409,0.77772325,0.17066321,0.6312193,2.0512652,0.9729572,0.0,3.2748876,0.40161124,0.24684972,0.44548762,0.57536733,0.2595487,0.976867,0.07903016,0.22507752,0.000695707,0.682163,0.90827143,0.7574201,0.0768637,0.15493077,0.18542121,1.4990916,0.7612442,1.1634966,0.044558484,0.021974381,1.3763708,1.3495936,0.6654996,0.0,0.22140798,0.016480802,0.0025140767,2.2701287,2.7884989,0.42248994,0.0,0.0812012,0.117954016,0.09796711,0.51578784,0.6318308,0.29241604,0.79018795,0.70132554,0.0074830353,0.21524861,0.12507178,1.463441,0.21034174,0.85895306,1.8174089,0.10613761,0.57246065,0.004230259,0.6816589,0.035126604,0.22988024,0.026477698,0.0095854085,0.32557762,1.5088516,0.078081965,0.013792709,0.59360176,0.51954573,2.9780579,0.05661312,0.6537423,0.09244595,0.38285026,1.2686613,0.16803293,0.15870884,0.4973466,0.1591468,0.42491734,1.3907067,0.018770587,2.7415783,0.4605346,0.004723829,0.48674718,0.0010047972,0.32941607,1.2243431,0.042481605,0.5758086,0.033841416,0.27096143,1.093618,1.774129,1.2438004,1.2783257,0.21389437,0.19018243,2.1374757,1.4485705,3.5725038,0.5815481,0.0,0.5100613,1.2659307,1.3919729,2.132753,0.7316845,0.36095762,0.04678561,0.12399756,0.0,0.08917792,0.15366785,0.63309884,0.48218378,0.77862537,1.040494,0.52705336,0.0,0.05096268,0.17792422,0.7522454,0.0020371878,0.12124389,1.6405905,0.0064784386,0.8499243,0.019553814,0.0555123,0.3513542,1.4416262,0.057588298,0.17466809,1.9480792,2.6411524,2.2780685,0.14898156,2.0467126,0.5144207,1.3302182,1.4070938,0.73659766,0.28969577,0.23193935,2.4738975,0.26882824,0.15880175,4.993886,0.7800377,0.0,0.06777273,0.0012027108,0.11196106,0.5662108,0.59975535,0.6887939,0.16896178,0.6417226,0.0,0.019248588,1.1344011,1.3261114,1.6099316,1.013915,0.047900014,0.0,0.26455042,0.8190706,0.55277276,0.014957863,0.15002982,0.8742801,2.2022324,0.75301546,0.28462443,0.51543015,0.033585537,1.0242286,0.5194949,1.7505316,0.7428839,0.8406409,1.2858741,0.18902397,0.1197191,1.3910924,0.13461399,1.0308391,0.30983484,0.08882075,0.012344557,0.5853966,1.5784211,1.4337922,2.6842763,0.15485515,0.0038639596,0.6870657,0.04097422,1.4224722,0.017972669,0.6155518,0.0914917,0.0,0.34431893,2.0194335,1.8321619,0.6894536,0.81961447,0.0035877253,0.047910247,0.9389949,1.0078686,0.11497727,0.0,2.9478464,0.0,0.19067313,1.2307996,0.18798402,0.00081987923,0.10179298,0.0179482,1.0613953,0.0,0.7791157,0.000117131145,0.39401218,5.922481,1.1505499,0.7453434,0.04059912,0.28182665,0.0015426304,0.06724006,0.5863594,0.6446017,0.63106567,5.1645093,0.0,0.12156767,0.9742096,0.07150882,0.21614222,0.19541292,1.134441,0.011641809,0.89353055,0.121477045,0.39587885,0.0,1.73491,0.0,0.6279205,0.5843474,0.26042765,0.57510537,1.1453371,1.0709363,0.8399445,0.32575867,1.2386216,0.8888643,0.096308045,0.18359213,1.0460678,0.18882467,0.41281027,0.10440487,0.20233078,0.06999815,0.16198368,1.3941122,0.07205483,0.9901391,0.16673158,0.59519285,0.28089318,2.0181303,0.068916395,0.3098896,0.042194895,0.6491618,4.452656,0.699414,0.04951017,0.0015788337,0.03765145,0.8573484,0.6049712,1.1665097,1.0570552,1.264019,0.954814,0.110311955,0.0,2.5077913,3.1230443,0.4580421,0.11917243,0.0,1.1476068,0.1727196,0.18475203,0.23433205,0.1864217,0.15281507,0.24679245,0.061042514,0.6687076,0.094275065,0.01020799,0.0,0.003831812,0.3250216,2.3155959,0.04169158,0.28516242,1.7968086,0.7549485,0.039861552,5.0353084,0.2565294,0.52747166,0.003637955,0.2886853,0.25501084,0.06380143,0.155644,0.46347943,0.87360895,0.109908216,0.32210314,0.0549278,0.10737404,0.10054413,1.7290039,0.9521276,2.193763,0.123136826,0.06302776,0.8265333,1.0221626,0.0,0.30010465,1.6448255,0.0048455107,0.06975997,0.039548747,0.89424366,0.07794145,0.05694477,0.0024612157,0.007844676,0.16112176,0.0,0.27530843,0.31352088,0.118714556,0.5133284,0.011723585,0.39463937,0.047223877,3.933731,3.2737176,1.9311974,0.026563823,0.12836151,1.4011296,0.08711133,0.3878197,0.22090857,0.026990226,0.010784042,0.20329218,1.7936504,0.4277719,0.5017613,1.2309223,0.53930557,1.7899219,1.2070119,0.23049988,0.07341814,1.3875881,0.13493264,0.6230626,0.60750437,0.52917373,0.4332436,0.04791621,0.0,0.70170826,0.0,0.7154874,1.0612963,0.56939024,1.5304526,0.15824462,2.6004727,0.17719291,0.52837306,0.77500486,3.4776542,0.044671398,0.77233976,0.042816743,0.671756,1.2839706,0.36999497,0.32931852,1.223143,0.92183733,0.71358657,1.787091,0.23537995,1.2961551,0.0,0.726822,3.9515953,0.06389744,0.25244138,0.098143645,0.5300589,0.007676369,0.62567365,1.273349,0.13382986,0.02809388,1.2811233,0.97929245,0.48858213,0.48682684,0.3825196,0.38025576,0.7036563,0.13495463,0.35729975,1.9124432,3.0302641,0.1320118,1.6162641,0.19934458,2.3185332,0.038067963,0.51417655,0.0,0.5978869,0.7408145,0.037667282,0.05573077,0.06647176,0.42393726,2.7182343,0.3131105,0.8691448,1.2667058,0.10421446,0.16914456,0.46933308,2.8869298,0.40714428,0.5606748,0.1006321,0.034376305,0.06369359,0.4174933,0.12135444,0.006479463,0.44650346,0.49737695,0.04087801,0.26944852,0.22019471,0.2568522,0.13232206,0.31741795,1.192095,0.015517229,0.03910689,7.0009866,0.17522979,0.72709507,0.07269223,1.5590476,0.36166516,0.041201193,0.04301403,2.6807466,0.497382,0.30682224,all_pothole_images\pothole_images_2_image_203.jpg
0.83413494,1.1143392,0.0013149388,1.8294386,0.053760584,1.3909563,0.84098303,0.09615981,0.54902375,0.832791,0.12682085,0.3544531,0.32476372,0.7239708,0.0044099153,1.1662568,0.0,0.14955151,0.24659732,0.11460384,0.015396203,0.34365794,1.0790296,0.36651057,0.28611267,0.0,0.6212292,1.7351578,0.09354276,0.07108122,0.5149911,0.38436958,0.6162294,0.42309698,0.1644614,2.0613396,0.49157035,0.21720733,0.21976899,0.10543985,0.40671134,0.11318137,0.17243537,0.6787608,1.0002433,1.2285469,0.05286424,0.032279316,0.98282427,0.61635226,0.36735782,0.10751705,0.11218805,0.9089468,1.1084218,2.9025373,1.5556052,0.5342017,0.41633645,0.2944058,0.042439714,0.04530123,0.9119678,0.14684287,2.3471339,0.7009934,0.15048622,0.3374827,0.11985294,0.21925278,0.5254662,0.8662123,0.09806808,0.21555692,0.62721556,0.41426137,0.45508558,0.28800923,0.16335124,0.26932064,0.0068950104,0.55775255,0.02355775,1.224327,1.0130131,0.106955685,0.6302487,0.35924566,1.7810943,0.35447708,0.21359973,0.54684454,0.4108287,0.068055406,0.40757415,0.0,0.26624045,0.29612437,1.2135103,0.8933402,0.8872721,4.4685187,1.0374743,0.0,1.8360034,0.14852776,1.2730565,1.5254277,0.3864937,0.07474966,0.15645654,0.05116934,1.8273542,1.2575146,0.01119019,0.6958393,1.0405779,0.35887557,3.2118773,2.1141875,2.0929546,0.18663242,0.036920454,0.5456249,0.18957177,0.10138202,0.99792254,2.0316226,0.104505174,0.028672356,0.53158003,0.061935555,0.021649314,0.19105461,0.18177626,0.29539204,0.78091633,1.5699528,0.03183725,0.30091158,0.04245042,0.109304905,0.46867713,0.12075489,0.23951258,1.0737312,1.1330138,0.3338806,1.1914058,0.85348696,0.17209314,0.09916313,0.16873713,0.22258529,0.22323246,0.45604488,0.9133192,0.022046268,1.2994303,0.6894207,0.00046159988,0.06401124,0.23979555,3.5162244,0.057316683,1.795504,2.6607091,0.12075453,2.8519306,0.16217476,0.14187993,0.10352758,0.0,0.98978806,0.31476983,0.030301126,0.04790092,0.12071438,0.21843427,0.09671901,0.0,1.700113,1.3071936,1.5936291,1.6162705,0.38413876,0.16637474,5.278015,0.06747056,0.925797,0.18890628,0.15834284,0.07283851,0.8577798,0.3188851,0.1160782,1.1322596,0.16655624,0.46339837,0.038323406,0.17965631,0.26635718,0.46412548,0.7728549,0.8387468,0.55944806,0.22849981,0.25084805,2.888812,0.2897839,0.0,0.033005666,0.43640497,0.80011916,1.6011938,2.983655,0.5749248,0.17317289,0.61479115,0.6152178,0.8619429,0.4508461,1.0546997,0.020019084,0.05460627,2.0596457,1.0410038,0.0,3.163381,0.23689902,0.15670153,0.5066147,0.9775327,0.0,0.054102954,1.4394987,2.1807709,0.14644203,0.18198404,0.25134304,0.27800715,0.36570743,0.3434062,0.292429,0.1909602,0.033439882,0.2452501,0.5951656,0.0,2.942217,1.4791338,0.639594,0.18731023,0.87796736,0.0,0.600985,0.22364675,0.049479697,0.79489064,2.7631166,0.857391,0.049414214,0.55498815,0.6941264,0.2638246,0.5738927,0.074514635,0.71567154,2.8459227,0.023698593,0.26636192,0.030775158,0.003492483,0.0,0.7525488,0.5246727,1.8011729,0.46017778,0.07459834,0.14081022,0.3605478,0.06800126,0.06162069,0.47714224,0.0059092413,0.42713994,0.59760237,1.033951,0.55117834,0.16819483,0.5214649,0.105006635,0.01751836,2.069783,0.044543624,0.020146487,0.18324241,0.32199073,0.7140803,0.7637172,1.7086574,0.09500535,0.2833143,0.016675271,3.736679,0.8803257,0.95644456,0.0,0.1912068,0.72566456,0.14225864,0.45369396,3.1340556,3.946557,0.6694427,1.4075369,0.0,1.9135051,2.3118625,0.3742944,3.7631624,0.055618513,0.042765774,1.0348258,1.2706032,0.14948301,0.0041482607,0.10873261,0.11522525,0.109869435,1.3868668,0.006014188,0.0023515343,0.10014162,0.97895026,0.04178699,0.46828702,0.0060921237,0.9445366,0.99934953,0.3522735,0.8035607,2.028585,0.45347786,0.1885332,0.43929788,0.7798628,0.007400835,0.38639355,1.217444,0.6523493,0.11224505,0.76279205,0.7493247,0.39488474,0.1405985,0.0,1.2175654,1.0817683,0.71864253,0.07256514,0.11200878,0.56859994,0.054827143,0.6630272,0.4901301,0.250904,0.18031822,1.3507115,0.22294803,0.7811736,0.22305472,0.18705039,0.6329705,0.7709601,0.20399085,0.5350804,0.110667236,0.59352386,0.15886813,0.044244424,0.104306825,0.0,0.36534107,0.3283159,0.03071116,3.1090264,0.022713859,1.2214743,0.5840441,0.04732382,0.1535924,0.08853949,0.14686033,0.076358125,0.6163846,0.5285634,0.29849508,0.02542158,0.06414512,0.37645012,0.625841,1.4928261,0.0027391752,0.84676856,0.09250828,0.107514866,0.13193324,0.0047035087,0.4186801,0.13548787,0.266407,0.047911428,0.1704585,0.39387193,1.257802,3.0131876,1.1144055,0.025761701,0.19945501,1.1115903,0.85252535,1.5648628,0.38749644,4.079788,0.16839455,1.7867396,0.3992886,0.7590075,0.7216858,0.40793678,0.5092474,1.0499636,0.073040865,0.06836812,1.335291,3.5114772,0.023661774,0.43352205,1.1136255,0.1732276,0.85714984,0.02155011,0.008374581,0.10022072,0.032271028,0.9835699,0.4277581,0.0,0.8248211,0.48056632,0.42777407,1.6021669,0.19653483,0.5615495,0.30154133,0.16712564,0.45808068,1.3266196,1.4080797,1.8099487,0.32235157,0.49620935,0.07051762,0.7664052,0.007858356,0.15326454,0.6610738,0.31926975,1.3417819,1.7635018,0.014597924,2.10793,0.4051252,1.9052541,0.014296723,0.3718531,1.064382,0.41942003,0.1660272,0.5934795,0.722404,2.9373763,0.24803223,0.52362645,0.5711457,0.3237644,0.04545511,0.20184347,1.3583127,0.025172068,0.3199504,0.02254142,0.032490876,0.46299595,0.17232819,0.11213655,0.04799744,0.11366969,0.6421288,0.60743475,4.175147,0.46853918,0.18805167,1.3765152,1.7646608,0.0,0.2529963,2.0933664,0.98854333,0.8123693,0.49212942,all_pothole_images\pothole_images_2_image_204.jpg
0.7467647,4.520002,2.3556695,1.2018276,0.80745137,1.4165161,0.29272363,0.109627984,0.7453344,1.8920802,0.2644578,0.32982066,0.0010179405,2.2282124,1.4823371,1.6849661,0.5923268,0.051212985,1.23236,0.3332942,0.8738498,1.7438488,0.30521595,1.4616436,0.58364624,0.5185994,0.07362153,1.8504804,0.6785592,0.23918234,0.3780066,0.14031819,0.7490578,0.5767151,0.061773892,0.9941534,0.252747,0.24138613,0.13206224,1.6006488,1.8102635,0.0021946044,0.3812538,0.14600082,0.33255196,0.8326832,0.3519529,0.24023515,1.0131929,0.16652103,0.11762439,0.30933106,1.143768,1.532226,0.6353023,0.5115201,1.4260874,0.16567166,0.841394,0.5361006,0.16037782,0.9814265,0.6554992,1.1174214,0.10353435,0.3711591,1.4692914,0.17631868,1.0267386,0.57869476,0.096648626,0.17566015,1.2094064,0.0144579485,0.06906035,3.6632938,0.45183322,0.42295977,0.27521786,0.49576253,0.69991434,0.56863195,0.5891599,0.86812466,0.70331013,0.24040963,0.025655106,0.42918536,4.3869696,0.7169678,0.11013455,0.30705035,0.6985632,0.51439357,1.3083649,0.9278069,2.0316143,3.1961353,1.2143519,0.11677537,0.025970738,2.0365152,0.4794326,0.16344891,0.39102453,0.68907535,0.0,0.20769057,0.65523094,0.60549885,0.66118145,5.1326547,1.1237411,0.114289254,0.3091688,2.7529085,1.6010991,0.28244793,1.3563601,2.008446,0.7943062,0.95877993,0.16252038,0.80943143,0.0664136,1.0794609,0.560991,1.582702,0.04674308,0.28660524,0.8042647,0.20222384,0.13731365,0.40966314,0.56051534,1.575336,0.037618842,0.36199048,1.3067932,0.60235274,0.14739564,0.48213163,0.09145092,1.0014269,0.51862776,0.37514254,0.8691835,1.1738958,0.36832622,1.7223424,1.0859921,0.90546,0.29647657,0.541449,2.5829172,0.5111451,0.38662225,1.1500043,1.3768988,1.5436479,1.4028603,1.245858,0.120988525,0.5314823,0.0058435346,1.7777827,0.5804776,0.6665297,0.3884946,0.43612117,0.23593934,0.0,1.413822,0.7212428,1.5146118,0.24272604,2.1568258,0.061002992,0.22565907,0.3109127,1.1474448,0.88065225,0.59380907,1.8139094,2.333852,0.924641,0.36099106,0.12328208,1.6804789,1.8447454,0.7815191,0.10042229,0.069202445,0.7042854,3.7391663,0.013538418,0.07622722,0.8949642,0.27177864,1.7813936,0.15821831,1.5931826,0.20285016,0.5713085,0.27130648,1.2644452,0.2708316,1.3268386,0.44554153,0.45283958,0.039278064,0.12095903,3.3619792,4.6175723,0.17211297,0.8543567,0.5275164,0.4816072,1.6078167,0.4047083,0.071841456,0.14372534,1.1924838,1.8258644,0.122292325,0.599036,2.3842087,0.75758725,0.014489631,0.15506263,0.6523904,0.27547178,0.72878605,0.33573282,2.4295897,0.1215354,1.0562197,0.014565273,0.40430185,0.06134428,0.64757013,0.6688926,0.04042791,0.2378816,0.17636746,0.025430197,0.6993287,0.22620821,0.1692665,1.9767001,2.4160564,0.32732913,0.10333826,0.23116837,0.0,0.00695467,1.2210075,0.4381175,3.0446284,3.089913,0.20363255,0.23302023,1.8861974,0.9869719,0.051497117,0.5272251,0.71687394,0.120282724,1.4894295,0.52105266,1.691249,0.18747793,0.042418357,0.2526583,1.633547,1.3479677,0.6746324,0.28362775,0.92800367,1.7330207,0.0,2.6246343,0.6733424,0.9063087,1.4860759,0.112744845,0.55412334,1.4302571,0.23163694,0.060178906,0.88671064,1.7916895,0.068182506,0.9007344,0.08020825,0.55464184,1.729621,0.008793846,1.214022,0.61368567,0.0,0.26768455,0.9039322,0.6949838,1.6207181,1.1996012,0.37705255,1.3919995,1.3943071,0.0027539069,0.14881492,1.2377871,4.5739717,0.91769254,0.05962676,0.99218315,1.2817702,1.4836956,0.9751254,0.3181663,0.13535082,0.012169305,0.43168342,0.082479864,1.533502,0.8836886,0.6187623,1.0832943,0.64513683,0.8528057,1.916976,1.2643429,0.02311953,0.30294558,0.49732748,1.1379186,2.321886,0.66520333,0.0008580136,1.1115625,0.8589629,0.80945015,1.6238935,0.042910807,1.1293279,0.42211574,0.17030427,0.079725556,0.81874907,0.15255198,0.24153362,0.8498482,0.71345776,0.42965323,1.3632468,0.4465486,1.4028101,0.7220722,0.90396166,0.7660362,0.11570565,0.0,1.446811,0.21484636,0.05897382,0.6825813,0.027686533,1.3513885,0.73995036,0.44818178,0.5372636,0.7576644,1.6939883,0.14626932,0.6455377,0.21051458,0.063000105,0.69021744,0.43866226,0.877416,0.5874808,0.7150678,2.4081578,1.4041854,3.4786754,0.31500503,2.3492527,0.6816318,2.1727908,3.9062052,1.9115357,0.9078517,0.31123072,0.7215618,0.013793522,0.020319106,0.31733644,0.55880606,0.014082663,0.20114112,1.7836493,0.52075326,0.1585897,0.0939469,0.018658867,0.2072656,1.7649975,0.5631773,0.17628238,0.0,0.116943456,0.055294756,0.30917934,0.15477672,0.4361602,0.5451205,2.4984329,0.57819706,0.79497325,0.14314811,0.39595538,0.78597593,0.4216669,0.7121954,2.581158,1.8496614,0.87737966,0.40881836,1.0381727,1.301884,0.20819932,0.05255434,0.021406835,1.0429314,2.4062405,5.807807,2.1997643,1.2801867,0.09438095,0.88563764,0.88635796,0.04127395,0.009768276,0.73863,1.0305253,1.1314971,2.8325179,2.696338,0.2348414,1.9624077,0.30346975,0.35108277,2.7275138,0.38193047,0.7005324,2.3634465,2.5918982,1.9928782,0.805874,1.02004,0.43826967,1.1571622,1.9071363,1.2694364,0.5370868,2.5307364,0.2771854,0.5961765,1.4475873,1.5490202,1.6506927,0.07136163,0.48073077,0.28390917,3.0341547,0.21168047,0.0055642542,0.14189962,0.7793701,2.8775702,2.5254521,1.5557201,0.5756765,0.28582203,0.07394464,0.0,1.0644995,0.26507595,0.84117454,0.22363219,0.7673768,4.6066365,0.8851504,0.1312216,1.1640769,0.17022447,1.33842,0.79948914,0.36669958,0.0,0.5299505,2.616016,0.61850286,0.92217034,0.3118086,0.3429925,0.3510024,0.5741267,0.5474201,1.8013844,0.60827947,0.23057668,all_pothole_images\pothole_images_2_image_205.jpg
1.3763216,1.5439836,0.871193,0.53925574,0.4932619,1.5170234,1.4212011,0.2875443,1.2661963,0.15799429,0.17782639,0.9933309,1.0039644,1.0867097,0.55126554,0.08803102,0.27956098,0.050841823,0.24326935,0.03702868,0.32124785,1.5200963,0.53822005,0.3425439,1.4942416,0.70493853,1.4217339,1.2556359,0.43932304,0.51686007,0.3123979,0.63733476,2.2162988,0.13222049,0.2742138,0.3474014,1.1086689,0.7318538,0.7976995,1.234712,0.15387274,0.6430499,0.2549046,0.34651214,1.0199215,0.2711413,0.39866084,0.14953233,0.9103884,0.55480725,0.461467,0.3069519,0.39539653,0.30190548,0.05687064,0.26011887,1.157253,0.0,0.53786415,0.17000932,0.57436126,0.041051984,2.0069387,0.98393035,0.12386275,1.0772725,0.32034716,0.13691056,0.586836,0.053785883,0.07796511,1.5826672,0.04978647,0.8562299,0.01991485,1.362055,0.782374,0.31830856,0.01241698,0.488692,1.0736072,0.027999178,0.37368104,0.92404866,0.8061517,0.21316782,0.66297984,0.22965994,1.802115,0.9538267,0.48762715,0.08177473,0.5714402,1.3123546,0.319171,0.10801243,0.65890837,0.31299904,1.5070608,0.47011238,0.32209483,1.1707982,0.00040691483,0.34563267,0.12578502,0.1379942,0.42716038,1.5499786,0.84198105,0.8287997,0.5290439,2.4737272,0.9028421,0.119440146,0.77708167,2.19014,1.6309654,0.438945,0.09266542,1.2651497,1.0683353,0.025823468,2.9535573,0.6402118,0.102713026,0.7469422,0.22586693,0.7933113,1.3915006,0.14739056,0.81777316,0.9811117,0.282317,1.3161235,0.27763325,0.46180102,0.73699975,1.2180064,2.144627,0.26782823,1.476298,0.1986676,0.0,1.6516091,2.4564676,1.0977116,0.45598245,0.3574157,0.024319354,0.7707652,0.23228419,0.70044893,0.26658013,0.4786405,0.36562258,0.6636402,0.11071127,0.61784756,0.883814,0.87099177,0.43682382,0.68826574,0.16697706,0.7891881,0.46853054,0.27303258,0.66102505,3.098104,0.5364569,0.14650239,0.98006797,0.6099938,0.7397398,0.67678046,0.524024,0.06467985,2.969501,0.5260686,0.067905165,1.6290357,0.03877717,2.3627663,2.8390813,0.17716746,2.8012202,0.23999387,1.2316438,0.80817574,0.25827554,0.43790334,1.4574007,0.04355218,0.56575686,2.6576943,0.5184665,0.66495,0.28945524,0.15824261,0.60771483,0.2305113,1.0037718,0.5065134,1.3327918,1.0390762,0.5522115,0.73336184,0.4955279,0.84844947,0.41808072,0.0,0.9754752,1.2921393,1.6860347,1.7540497,0.52689666,0.3178095,0.38152874,0.121693015,1.281583,0.22299609,1.3145683,0.08028113,0.38942593,0.2857437,0.1759777,1.0117122,0.52127874,0.21663636,1.1286048,0.3912791,0.9433315,2.4372954,0.016000293,0.76372296,0.46797097,0.75181276,1.7188225,0.93563104,0.6804625,0.4124053,1.0363321,0.06964358,0.23154852,0.06650036,0.44196224,0.1119267,0.24944451,0.16159289,0.7324309,2.6296644,2.0890043,0.20730433,0.4945502,0.30362076,0.23020409,0.8559897,1.5207021,0.02563585,0.68995553,1.8234121,0.34517127,2.695694,0.31935963,0.41433278,0.16976614,0.79456997,0.057823937,0.26985776,0.6608798,2.529372,0.8111189,1.1126094,0.00078323175,0.64328736,0.4462685,1.6384695,0.6270815,0.6553942,2.9330778,0.5152888,0.16016372,0.17158039,0.093454145,0.80799735,0.4642234,0.066518314,0.56334305,1.3758521,0.24147804,0.25435457,0.70037115,0.36545613,0.29125792,0.5609795,0.35485294,1.0736752,0.52269036,0.55288893,0.8217169,0.44243786,0.1141764,0.96883315,0.22289996,1.041768,4.646032,0.28872076,0.46840137,0.87470454,0.2346181,0.09446732,0.45282838,0.14807625,2.5202138,0.9715703,0.12454669,0.16652444,0.49997106,0.8692893,0.8178829,1.6422151,0.1201448,0.3575536,0.8400508,0.39983794,0.10136751,0.2490169,2.0773256,2.6083047,0.87345564,1.4629918,4.91828,0.49629593,0.005585178,1.1652832,0.4879172,0.25868732,2.499452,0.58413523,0.53956634,0.28528067,0.37364605,0.4263649,1.6817994,0.24618757,0.31410083,0.081698135,0.5900833,0.7992745,1.1057326,1.3556103,0.54208577,0.5175945,0.44738573,0.5741088,1.6420275,0.13979368,1.7869496,0.1796599,0.19225404,0.27805328,0.13420655,0.009589434,0.308112,0.1074992,0.0,0.39015904,1.3875661,1.9232768,0.07667731,0.12306438,1.7120476,0.0481734,0.66463315,0.5108191,0.7955442,0.25282148,0.49286965,0.8405567,0.27892873,1.4996785,0.16209564,0.33590594,0.21843643,1.1368088,3.080464,0.700127,3.462855,0.2542176,0.39977536,1.0975506,2.7616227,0.18983269,0.076549254,0.3181457,0.45402202,1.3402371,0.3065106,0.73432773,0.009770426,0.178334,3.4466536,0.30781785,0.007989388,0.5231598,0.048776492,0.14437196,1.2675191,0.15950212,0.6563842,0.2787046,0.45071706,0.504844,0.624154,1.6687317,0.5535933,0.5966088,0.50906605,0.8477989,0.21026187,0.0574569,1.3620758,0.11366095,0.9495027,0.5876494,1.8699033,0.5270209,0.6562436,2.5197537,0.99481183,0.040638328,0.3316357,1.4981157,0.1569247,0.14070772,0.1977381,2.7281437,2.0424716,0.3672952,0.045733824,0.54934424,1.1087126,0.37487087,0.099179715,0.4443866,0.9052025,1.1839442,0.9468351,0.69383776,2.2518814,0.055738352,0.5639782,0.8200696,0.08513318,0.57828796,0.40842754,0.52889025,1.5193967,0.9919832,0.9604979,1.003446,1.3640468,1.1656756,0.72052974,0.80402935,0.55037385,0.5416689,0.29918224,0.024482714,1.7686263,1.1987866,0.8542164,0.15149546,1.2140388,0.14073262,0.11283029,0.11180738,0.754079,0.835445,0.27901104,0.9999404,0.14413534,2.6679578,0.07762691,0.439388,0.010102435,0.26293352,0.982459,0.5816969,0.10284523,0.73088664,0.08699223,1.5075918,0.12331848,0.16951945,0.34562123,0.34192008,0.1661725,0.042849883,0.19416994,0.15724213,1.0629252,1.9209071,0.23552662,0.25664875,0.4764517,0.5417176,0.72255594,0.71580815,0.39387733,1.4746411,1.1711617,1.0676167,all_pothole_images\pothole_images_2_image_206.jpg
1.2128601,1.3713843,0.23138027,1.7654307,2.258913,1.8496884,0.77912503,0.433163,0.123869784,0.09864048,0.06277311,0.03475775,0.6614553,1.6883856,0.20213777,0.10799478,0.64666337,0.43695855,0.5107917,0.38667664,0.06653368,2.9849865,1.2762641,0.8335271,0.67338234,0.8463619,0.68345267,2.7820246,0.5988431,0.11693618,0.41388664,0.27007872,2.5362792,0.045329157,0.3238124,1.2899439,0.57798684,1.7743065,0.18251045,1.0282346,0.47893205,0.6540851,0.80233383,1.8346655,0.59064436,1.1712023,0.016306985,0.060061973,0.70059687,2.0856497,0.6686654,1.3217679,1.3318304,1.3130951,0.31279564,1.5920732,1.1162745,0.44973707,0.30179432,0.5055272,1.1188804,1.346017,2.2970493,0.40463856,1.373669,1.7734172,0.9818904,0.3569887,0.30497435,1.0164667,0.61172104,0.41318247,0.07363971,0.32690358,0.38316298,1.07367,0.11317733,1.5941333,0.3752386,0.19212049,0.78119266,0.21229428,0.06518992,0.89417034,1.8878584,0.16138922,0.7497672,0.012080915,2.45423,0.26728073,0.25370026,1.7761154,0.58172125,0.36380482,0.0063386043,0.065960415,0.7880547,0.5405554,0.15249887,1.4089199,0.113687165,2.2584083,0.7711556,0.16708833,0.22577633,0.59994924,0.3587342,0.25235575,0.02610336,0.60112935,0.5067312,1.0812638,1.1424911,0.07303833,1.8175858,1.6400884,1.8826097,0.30286714,1.7219636,1.6247127,1.5017661,0.4109605,1.3696187,2.1944058,0.4827592,0.76109785,0.430877,0.8482809,0.49043342,1.5227515,1.7835624,0.23464903,0.31791258,1.141239,0.06275127,0.21506068,0.24378335,0.4806535,1.60023,1.3349011,1.3061638,0.07578524,0.25774154,0.58831626,1.6486589,1.3334988,0.61234486,0.096221335,1.6559803,1.2572454,0.81321746,1.4790468,0.31689745,0.35104895,1.7341975,0.9605579,0.7622565,0.35574785,0.3504591,0.46722576,0.66551995,0.51299363,0.6712777,2.404985,0.94536984,0.0042911973,1.5831479,2.003931,2.372032,0.12603346,1.2566566,0.38725707,0.08164796,0.95122844,1.1980247,0.15890737,1.9028877,0.75322294,0.5460583,0.36620057,0.1576477,2.4363375,2.9997945,0.49230248,0.2902689,0.3898134,0.39928964,0.5057869,0.44018492,0.40545234,1.4042909,0.5567377,0.07496511,1.4159878,0.042446155,0.0044096354,0.22935377,0.28009135,0.3866795,0.33610585,0.14246508,1.4259152,3.3670135,0.545334,0.7855556,0.9519778,0.121557444,0.86047006,0.6766023,0.46320826,1.1248362,0.4595654,2.0171835,1.228571,0.6975226,0.78342086,1.2402998,0.23637423,1.138588,0.6733523,0.90619844,0.4878594,0.04411936,0.41461048,0.17792386,0.5611507,1.4293759,0.13041304,0.9048153,0.54368144,0.5926803,1.6566445,0.45458454,0.73621476,2.008949,0.5196061,0.74836993,0.71780854,0.014893172,0.19632895,1.6596931,0.18615916,0.75775427,0.5648376,0.045763977,0.033053227,0.6954221,0.5231573,0.6408465,1.607177,4.81272,0.0050120996,0.53581774,1.685539,0.22162387,1.9381258,1.5894486,0.3404513,0.7523288,1.1934062,0.72515076,2.6488569,0.5918823,1.588428,0.86169803,0.9322023,0.034575135,0.22115889,2.794516,0.7158369,0.071111694,0.20916,0.075338416,0.7171901,0.05391011,1.3214836,0.5378519,0.9155258,0.84613115,0.417208,1.0511913,0.075657874,0.00074752345,1.5023475,0.83367926,0.042840403,1.2397281,1.0211682,1.8879279,0.4387867,0.8887223,0.6200129,0.82896733,0.18247701,0.373915,0.9095635,0.3106313,0.7979062,0.43060476,0.024501387,0.42459887,0.98805857,0.38894716,1.2254791,3.6651642,0.3149009,0.005038931,2.1165905,0.10075598,0.7632493,0.7494299,2.8152163,1.9817884,0.79504687,0.44747567,0.2968863,0.2441832,0.6337283,1.3425262,1.0352898,0.023383802,0.37542647,0.19024916,0.9813203,1.0114672,1.4168558,1.8142052,0.6442105,1.5335724,0.64455897,2.1690855,0.27365512,1.9227575,1.3003231,1.0435996,1.299848,2.2832427,1.2465792,0.0131731685,0.29424417,0.19853684,0.439232,1.4288043,0.18526581,1.24063,0.0015114325,0.016890252,0.15703209,0.7051421,1.556285,0.34770662,0.942184,0.49303856,0.07878635,0.5712487,0.20551093,0.7266811,0.9308356,0.7948261,0.54929096,0.03926327,0.23726708,0.75782454,0.75775486,0.04659747,0.17293136,1.8903005,1.2981808,0.062267948,0.8659356,1.7701446,1.137087,0.9557322,0.42529914,0.8638652,0.38617745,0.38822922,0.4924654,0.7127053,0.6456681,0.18667036,0.009931636,0.64908725,0.87325376,3.1516469,0.9197619,2.1422858,0.11432979,0.627625,1.83202,1.6743348,0.2782438,0.10949409,1.3599589,0.27279538,0.0,1.3258878,0.7324667,0.5631137,0.7073383,2.7824812,0.6647545,0.16888198,2.3896565,0.7930349,0.5129339,0.5424611,0.78926504,0.7658217,0.87840235,0.7549711,1.8259137,0.32588583,0.60618615,0.04127704,0.29203746,0.5862505,1.6774501,0.12751678,0.8395593,2.8273563,0.67299557,1.1658777,1.3254961,1.9710157,1.3208579,1.841094,2.4505448,0.69639033,1.0655823,0.5443973,1.2612404,0.21933667,0.6242993,0.5418603,2.0370991,1.5622723,0.99478227,0.65691453,0.2835882,1.173105,0.9815194,0.5164455,0.5776478,1.2703277,1.4762392,2.5694442,0.6064623,0.07493788,0.28085452,0.4414798,1.3752838,0.30171296,0.15148194,0.6465297,0.90897477,0.7217533,0.5971037,0.7788198,0.44000387,0.3435304,0.18144813,0.8283965,1.6468319,0.8330831,0.49119356,1.4441438,1.1034263,3.0573602,1.6226237,0.7032407,1.0442522,1.2057917,0.13884668,0.072750226,0.4905809,0.26958266,1.1603014,1.4568057,0.56816834,0.14709707,2.5989485,0.75459325,0.67351437,0.006464732,0.46153888,1.7204285,0.5189511,0.67319906,0.68535423,0.36416364,0.6924202,0.07010911,0.44431654,0.4841018,0.010779776,0.32370448,0.18250002,0.093265265,0.0021256905,0.5680677,2.6039972,0.7615441,1.7165346,1.1682798,0.40347454,0.002422843,0.9184725,0.9584146,0.93666244,0.63286525,0.78926724,all_pothole_images\pothole_images_2_image_207.jpg
0.2913132,0.93446255,1.0090101,1.6487042,0.027718874,0.0,0.22990832,0.044749103,0.53281367,0.5773109,0.86786294,0.5560955,0.011122478,1.6864682,0.057571575,0.36428297,0.7138308,0.1215215,0.45876828,0.04818557,0.5369159,1.0933683,0.6276585,0.85003334,0.8920629,0.23862533,0.41244778,1.7050171,0.13171399,0.9802584,0.0,0.13094378,0.0010829417,0.5563055,0.4579005,0.37061703,0.15659781,0.566652,0.6032299,0.054684024,0.19395389,0.11521458,0.12023482,0.008152494,0.3135671,0.05015425,0.509295,0.2929261,0.87185097,0.25049904,0.24559523,0.46569666,1.3812511,0.090662904,0.20425329,1.029989,0.9289954,0.3146438,0.17997406,0.52955866,0.0,0.1810067,0.4375101,0.08037504,0.22380807,0.1326347,0.29635957,0.06511674,0.07668075,0.16448641,0.75254977,0.0010546895,0.5572012,0.008196006,0.42006245,0.16691367,0.49899432,0.21032381,0.027646111,0.0046593365,0.118032806,0.9563465,1.1609131,2.8822017,0.3529532,0.34172255,0.44151476,0.0127425445,1.1791093,0.3727384,0.097024955,0.5724831,1.2620974,0.6704479,0.9311643,0.4738982,0.14061278,1.4557108,0.17561227,0.7821626,1.6151286,0.6538119,0.48798573,0.67575026,0.7400947,0.027610876,0.052111264,0.642066,0.03764886,0.6117341,1.1375676,1.7303693,0.8292191,0.1217929,0.1735582,1.401376,0.033554733,0.119097084,1.1956079,0.37802938,1.6998479,0.043152347,0.004940614,1.1170545,1.4950731,0.95249206,2.0050354,0.35947052,0.052247804,0.93001646,0.02988527,0.041238166,0.51172495,0.970401,1.92958,0.46881765,0.2881371,0.39271933,0.04246316,2.1396578e-05,0.50266033,0.3888109,0.5835846,1.3677537,0.008723525,0.0,0.11744465,0.35340366,1.0620493,0.019099172,0.2524854,0.34013927,0.39455873,0.3099201,1.5122265,0.011237734,0.052311476,1.0014898,0.5320481,0.78857714,1.7936784,0.91116345,0.0360288,0.23276196,0.7893421,0.65092146,0.22197749,0.059320435,2.0124156,2.5336347,0.009124966,0.015604949,0.4925382,0.006387981,0.19785842,0.049482703,0.6046455,0.0,0.23951823,0.16011798,0.26811817,1.4278748,0.85094714,0.91646725,2.9006085,1.1620318,0.082259335,0.46341962,0.5796529,0.11184332,0.16486432,0.4284745,0.41451135,0.24462739,0.98702365,0.003616865,0.9252242,1.334925,1.3871933,0.83552533,0.061157633,1.1390836,0.010942225,0.07805346,0.82402533,0.93826604,0.31251013,0.30598298,1.4754379,0.6359781,0.0,0.0,1.2604691,0.37322316,2.116039,1.0007501,0.1778724,0.02517832,0.06446441,0.7270461,0.22102465,0.05671681,1.3564568,0.8240492,0.0046861437,0.0,1.7241678,0.0,3.9413214,0.08413506,0.67989236,0.005802265,0.3387357,0.60737914,0.3399466,0.4791597,0.049622033,0.0,0.05707778,0.043653715,0.5334907,0.8453392,0.120911986,0.25296256,0.23892552,0.18427342,0.3175194,0.11697489,1.0591631,7.6018214,2.1140447,0.2529835,0.10910212,0.302288,0.042699944,0.47353896,0.7121784,0.89001364,0.77815664,1.3070604,1.1116968,0.40019202,1.1319395,0.30754727,0.062228236,0.76107955,0.12587981,0.7163091,1.1189281,0.384976,0.587001,0.0,0.57215625,0.39342296,0.3295366,0.34431562,0.06897838,0.59533924,0.03932328,1.0317738,0.5040044,0.8601454,0.6914585,0.02212801,0.5719459,0.94856745,0.259223,0.39177224,0.40106854,0.19547719,0.0,0.20444877,0.029143425,3.0768101,0.8334851,1.9072975,0.35226363,0.35685673,0.0022249587,5.444513,0.014589844,0.39596915,0.0,0.07186528,3.6827621,0.39971384,0.9231271,0.03958362,0.8291818,0.0,0.088666946,0.10443994,4.9183917,3.4073071,0.378863,0.46238637,0.06404257,0.4639379,4.8794065,1.1368299,0.80105954,0.0,0.5591184,0.8960004,0.11857071,0.5358861,0.41041568,0.04901789,0.65614086,0.12461024,3.201736,0.15843803,0.65754074,0.6573926,0.15562604,0.013201131,2.5813653,1.2833114,0.5315558,0.96931154,1.9657772,0.20575301,3.0552554,1.3108741,0.7903351,0.43187588,0.12741613,0.61103183,0.71371335,0.13480139,0.042375125,0.18044913,0.38219795,1.5053711,0.47846013,0.80711365,0.020588595,0.4509195,0.21567683,1.0597463,0.28826198,0.12571684,0.2918646,0.5283428,0.045067955,0.0050734566,0.7662506,0.28018135,0.6136322,0.385762,0.24566421,0.33663234,2.0514944e-05,0.2577423,0.23325169,0.124153264,0.040685963,0.48482248,1.2618515,1.0706127,0.14533018,0.020204252,0.3288077,0.4052449,3.3933268,0.10426402,0.80425197,1.8543869,0.11442353,2.448769,0.8861184,0.3125775,0.07847087,1.1863446,0.0,0.9492237,0.1102619,0.8876298,0.051469572,0.09395966,0.48542738,0.35299543,0.9745787,0.3547421,0.36556205,0.0,0.117562294,0.44608375,1.0773569,0.2494037,0.0,0.07106441,0.2225316,0.40803337,0.23479292,1.6498141,0.83090234,0.654288,1.4885057,0.55778474,0.15533142,0.5178623,1.0005709,0.3780168,1.0710051,0.44524777,1.4960456,0.38607055,1.8202156,0.41802895,1.4334102,0.12654807,0.00024429304,0.54973626,0.33160278,1.8697472,1.0391759,2.1751432,1.3481426,0.18658294,0.09690689,0.39780807,0.020982714,0.0,0.32964098,0.06472765,0.38464534,0.09708552,0.023066198,1.8863939,1.7999694,0.80775994,2.091623,0.06806429,0.9743576,0.8171777,1.4255763,0.055364083,0.057855673,0.9173831,0.8457897,0.2651358,0.07835726,0.0,0.8593134,0.28406003,0.052183818,0.23425178,0.10221964,1.2156923,1.6527672,0.9337082,0.0867139,0.06811309,1.7834659,0.069145754,0.6627101,0.30165428,0.6857006,0.15058947,1.5407101,0.15998645,0.61023635,1.2725357,0.33165765,0.43067515,0.11262024,0.0,1.153856,0.0,0.36537653,3.4323716,0.3685973,0.0059890896,0.07434078,0.116186686,0.17295939,0.19972447,0.07392921,0.20195617,0.1983169,3.3524418,0.8153322,0.76915294,0.20387958,1.7958745,0.5703585,0.5999629,1.204206,0.1774521,0.28146416,0.0010176824,all_pothole_images\pothole_images_2_image_208.jpg
0.011014553,1.1145324,0.09167527,2.7066662,0.7676539,0.06543531,1.0434712,0.06332238,0.14746882,0.7412173,1.1660423,0.86305326,0.19057262,1.9498156,0.0,0.570272,0.39952996,3.3192005,1.2077721,0.2827137,0.3435262,0.65475947,0.65695876,0.644614,0.19543396,0.6309634,0.14492705,0.49724624,0.04946626,0.12604046,0.078992546,0.26406795,0.022593819,0.21263365,0.3858877,1.2896085,1.1675552,0.6020104,1.2989223,0.04922436,0.049317855,0.7733308,0.20425123,0.85791075,0.8084601,0.12457428,0.40759614,0.18090287,0.600043,0.18644813,0.26246855,0.40845668,0.13468973,0.0004397334,0.2903568,1.706393,1.0722408,1.2132113,0.782355,0.3783907,0.83947843,0.7354063,0.3331519,0.37713423,0.8955987,2.9271781,1.3756752,0.9495426,2.4651735,1.18567,0.23521407,0.43321252,0.241878,0.001854371,0.23202346,0.01301551,0.95444006,0.016372358,0.019116847,0.058807604,0.01436689,0.6953894,1.5364751,0.52338916,0.62794924,0.0,0.39531136,0.025311645,0.72999805,0.6217813,0.09538206,1.9618899,0.5785446,0.48145562,0.14328359,0.008333905,1.1526865,1.5071187,0.20031872,0.31643322,0.36750504,1.9882386,1.1899598,0.43317828,1.9513216,1.1932065,0.33124146,0.0,0.26798722,0.98047054,0.45534852,0.16213189,0.22868204,1.1136569,0.6464921,0.15908693,0.0,0.5362529,2.1003726,0.1483835,0.09490852,0.07906091,0.26407635,0.30286995,1.5722281,0.7415179,0.008877132,0.13734047,1.3134513,0.28849944,0.70965946,0.34370944,0.729466,0.18632756,0.1768315,0.4878225,0.0,0.10867888,0.24457604,0.039535213,0.2774348,0.15509984,0.46603355,0.2002409,0.017923297,0.88282555,0.070435725,1.1691688,0.08456412,0.06937332,0.0067404904,1.0770906,0.35532823,0.521258,1.4011439,0.16632979,0.19317159,0.2332222,0.5413585,0.28204566,1.3531125,2.81938,0.11158201,0.52550715,1.883601,0.00590185,1.3437263,0.20695618,0.7620144,2.9225307,1.1402737,0.0039967117,0.0010662123,0.7794291,0.39287955,0.19938585,0.101778105,0.0,0.73729247,0.08912764,0.03966399,2.1523824,0.5813697,0.37116078,0.4420056,1.1359543,1.2984017,0.094729386,0.32576084,1.0196495,0.70531666,0.080151364,1.0678657,0.17445523,0.29512572,0.05828983,0.97962683,0.6513749,0.69863814,0.13651784,0.031527475,0.8854525,0.121757336,0.045409348,0.624839,0.07139129,0.23879574,0.06595333,0.52995884,1.277542,0.066713646,0.266326,1.0452197,0.1969075,0.9797944,0.44161877,1.0513433,0.101769075,0.19484158,0.63247234,1.8224615,1.4098352,0.5407105,0.49659744,0.0,0.0,1.2810742,0.011696572,1.168622,0.15230039,0.10469063,0.4818493,1.44843,0.17268905,0.0764676,0.022073502,1.2404602,0.46773115,0.25630233,0.05367603,0.27452916,0.30062845,0.26824984,0.3180018,0.18375245,0.04132658,0.97133106,0.54029405,0.74460506,6.0332403,1.5700257,0.052523214,0.2576824,0.036884952,0.040143806,1.95332,0.17019121,1.1324773,0.20935212,1.9899213,0.17901766,0.0067425733,0.25561076,0.6558073,0.29213026,0.23835067,2.3002617,0.19895382,3.0401187,0.048201215,0.5008354,0.18888,0.9014024,0.51225936,0.3033411,1.236253,0.022466015,0.6686195,0.62468606,0.28990752,1.0571842,0.12031676,0.6767204,0.0,0.056479786,0.09119152,0.18682241,0.0,0.5620594,0.8007697,0.24768049,0.32292965,0.09931343,1.103256,0.7340374,0.3353256,0.08088484,1.6170713,0.10007882,3.1093283,1.2253993,0.18875414,0.06262564,0.0035462135,4.8339734,0.0071998206,0.14474289,0.100997075,0.29643512,0.48977077,1.1968988,0.97122395,0.53253263,0.10990608,1.2211192,0.33505312,0.15875387,1.3897238,4.982145,0.3663479,0.5156706,0.008134509,0.13451913,0.17658234,0.57727593,0.18418512,0.020795641,0.0033625856,0.71944314,0.07629671,0.33393455,0.10391162,0.8782085,0.3621397,0.038045824,0.09740437,3.663005,0.6876404,0.34795,0.23362066,0.34174135,0.0,1.1350771,1.6124258,1.2247485,0.9739551,0.10107889,0.1426314,0.14818174,0.8800186,0.25025448,0.31852803,0.053647675,0.23046261,0.067882955,0.29708797,0.37423185,3.3519645,0.95363516,0.7637716,0.6986347,2.0884228,0.6607082,0.0,0.040073067,0.009212242,1.4606417,0.0,0.13856456,0.71483266,1.4162551,0.41266218,0.21647047,0.35096556,0.20598465,0.8274758,0.08753621,0.3674828,0.66082186,0.20816647,1.1890582,0.0007162102,0.85477537,0.81435597,0.1958126,0.030070957,0.3247746,0.019918498,0.09831792,0.46097568,0.23648511,0.11799973,0.24583657,0.430783,0.0039638467,0.0,0.8600894,0.16873445,0.9381407,0.24009104,0.7103282,1.9676099,0.77630067,0.49467614,1.5489854,0.29945287,0.29024634,0.948105,0.16896032,0.14150412,0.103353105,1.1728556,0.09688521,0.10332839,0.12916367,0.7060571,0.12942909,0.24417968,1.1415879,0.2925771,0.4531283,0.73929596,0.2162498,2.489455,0.8547442,0.12615895,0.3261572,0.0048938245,0.0594376,0.2763179,0.6274639,0.47387317,0.45878282,0.13771737,0.593564,0.66702706,0.329082,0.10288898,0.33209968,0.036597274,0.6755732,0.3361327,0.023460738,0.0,0.43491504,0.14943269,0.32758003,0.06528331,1.3199483,0.5734339,3.9278848,0.15403035,1.0621312,0.15220892,0.44241893,2.383678,0.028937487,0.03606811,0.0017252457,0.90416783,1.5244446,0.08409154,1.5136292,0.012633564,0.49834263,0.0,0.76909345,0.020943947,0.87051857,0.8831688,0.94617134,2.2086835,0.041041166,0.017671214,0.80796355,0.4171128,0.7266788,1.3711966,0.55397314,0.14292547,0.6461869,0.12915333,0.59894925,0.096556105,0.11272235,0.34616813,1.186953,0.18175608,1.4682477,0.087062925,2.8681326,1.4496346,0.25369403,0.12703423,0.0,0.056926016,0.12685728,0.06366716,0.5452134,0.20807928,0.8110812,2.3444772,0.06228875,0.021819277,0.18132025,1.1759703,1.2660108,0.76359355,0.28679356,0.9515933,0.09493041,0.49524415,all_pothole_images\pothole_images_2_image_209.jpg
0.3002705,2.6442337,0.56965387,1.3729064,0.9407191,0.31308505,0.41043285,0.0077865454,0.09604708,0.7875084,0.57046366,0.4457863,0.523848,2.5094068,0.048578788,0.83022445,1.4143754,0.82225984,1.112167,0.22494796,0.717902,2.0351322,0.9595449,1.4493232,0.0665694,1.08476,0.26913533,0.7116484,0.8714845,1.7796708,0.37798175,0.4816927,0.24416287,0.6003016,2.1386747,0.47765002,2.3232465,0.9880565,0.0858705,0.51096535,0.7028547,0.04478761,0.289159,1.931089,0.32684034,0.64498353,0.7074651,0.39533097,0.21673815,0.06013936,1.5868342,0.46879685,0.8548878,0.8371159,0.13255627,1.5666056,0.61048865,0.14887552,1.5478489,0.23307422,0.80791306,1.5869408,1.1800834,0.27645552,1.2618358,0.28751677,0.77953804,0.53753394,1.19973,0.41673204,0.8792743,0.29101923,0.8475009,0.101920106,0.34461492,1.1941193,0.30462575,0.49361908,0.22512083,0.4595552,1.3940241,0.4073823,0.3734018,2.346908,0.7991295,0.59292847,0.42234364,0.047013447,3.4014764,0.087106496,0.5802054,0.5168673,0.0152327875,0.82654727,0.68191046,0.8053458,0.341861,1.9058728,0.07120841,0.6235055,0.72743195,1.3355994,0.68188286,1.1022716,0.86361986,0.5945058,0.13346608,0.08268926,0.5089225,0.35860878,0.13088831,1.4672744,0.4900413,0.4842344,0.9354416,0.29698032,1.3154166,0.10984683,1.274497,0.7646586,0.3622101,0.6154766,0.29800084,0.40911832,0.11832057,0.7190893,0.56940484,1.7122049,0.51196605,0.96887654,1.1677247,0.45822516,0.2957611,0.14962487,0.9566066,1.0465916,0.13609287,0.53252566,0.7645707,0.6193227,1.145053,0.05156295,1.1520698,1.2749968,0.09386619,0.080365546,0.028511513,0.09470965,0.47067252,1.187212,0.8988579,1.4635919,0.27191013,0.17696929,1.179204,0.5147762,1.3619003,0.8725964,0.54311776,1.1897725,2.569076,0.90538114,0.0,1.1101221,0.45026836,0.17167933,0.75950307,0.56583667,1.3199055,0.7045947,0.4244934,0.410146,0.6387562,0.7965401,0.865665,0.5835502,0.37949237,0.18514279,0.9147821,0.49822634,1.6410497,1.9114575,0.20644769,0.22456506,0.20670299,0.7747205,0.664652,0.30627498,0.4075981,0.5537372,0.031856257,0.7833288,1.3223485,1.0895674,0.015390784,0.07377465,0.72195315,0.71990126,0.766311,0.61401695,0.25250593,1.0037489,0.65334535,0.47291836,2.5565999,0.6874246,0.6763931,0.27679357,0.60650223,0.38250476,0.4673733,0.5332275,1.5639164,1.5720265,1.7853869,0.84012324,1.435658,0.9873061,0.56924015,0.3522033,1.8151779,0.23819341,1.1319718,0.39286867,0.59901714,1.0270243,0.31871298,0.44786435,1.7913811,0.04816564,0.71356255,1.1013962,0.22853361,0.7495703,0.68376213,1.1618907,1.3596611,0.29253435,0.0,0.4114258,0.0420259,0.18082519,0.021990076,0.3796635,0.67037374,0.6838683,1.3179511,0.30748996,1.3694427,4.180291,2.0621662,0.038457036,0.59448457,0.9358735,0.0788379,1.5531937,1.9803942,0.7209084,1.1969085,1.8057939,0.701078,0.43235272,0.75432587,1.5264167,0.90320563,0.8028549,0.09477498,0.9788622,0.53295743,0.82033676,0.82913053,0.56540096,0.09626269,0.18895304,0.3516586,0.82073957,0.68120885,0.33097157,1.1883509,0.9928111,1.183164,1.6150391,0.030876955,0.23206873,1.5407845,0.22297002,0.87894267,0.29486784,0.8118439,0.18351527,0.12586951,0.7903277,0.09500947,0.34092575,0.47291222,0.30376172,1.5307975,2.0329652,0.28767928,1.5348411,0.04960013,0.4700441,0.28133672,0.7972272,4.262176,0.39035898,0.144591,0.37671247,0.5862992,0.4337091,1.5458329,1.2214714,3.4745638,0.093045205,1.3068672,1.3769808,0.6780042,1.4569169,2.4583805,0.16200949,0.30822963,0.109582014,0.008748986,0.062076885,0.13176145,1.7708392,1.0589702,0.42713118,1.632859,0.9704175,1.5142361,0.4108165,0.0065044747,0.044922423,0.19473319,0.044282537,1.3408347,0.21222948,0.5500069,0.41850063,2.0451567,0.4261979,0.27930668,0.43748146,0.20043112,1.0559278,0.8892598,0.33438328,0.32996076,0.89318913,1.1222111,1.2039948,0.075219475,0.75261086,0.4355313,0.2013556,1.5339587,0.97910357,0.008969188,0.7467105,1.2270892,0.4117128,1.5894717,0.3723585,0.5070093,0.4333946,0.92304754,0.041397337,0.742452,0.6076874,0.67524546,0.6355223,1.1360471,1.236387,0.898925,1.1065683,0.26332194,0.025156964,0.1714033,1.4375056,0.9857011,0.29319903,2.0055292,0.30203316,1.9841244,0.58331615,1.7927256,1.7690758,2.203288,1.8928499,0.75821054,0.2089391,1.127257,1.293694,0.027304914,0.26694053,0.9365174,0.8089689,0.45968238,0.13893752,2.602897,0.79219025,0.19793288,0.4936215,0.8133741,0.017421342,0.43165147,0.43258217,0.12117743,0.46959117,1.9628196,0.59824497,0.5028968,0.8110281,1.0209712,0.45043337,0.69196117,1.5322746,0.3292991,0.06322756,0.63803464,0.0939211,0.9155343,1.5749723,0.968497,0.54244286,1.4552059,0.9910295,0.64355826,0.14028168,1.1542525,1.2952685,0.24455935,1.011709,0.69948745,1.7712144,0.42953256,1.028641,0.8198695,0.5689376,1.0395528,0.12937014,1.2295655,0.5371901,1.2142214,0.13002586,2.4422011,1.2381868,1.7140617,0.8665499,0.7213473,1.307066,2.2034605,0.7857039,1.1502776,1.5633546,1.8064562,0.13902976,0.38919836,0.8884064,1.6935964,0.5901617,1.1278216,1.6079813,0.90524495,0.3048273,0.6039421,0.1819623,1.6470003,0.6087637,1.3936956,0.5144889,0.43769512,0.6309494,0.4244278,0.4509995,0.07191496,0.69859016,0.6843875,0.29291755,0.49432877,1.0211569,0.01855986,0.52032644,0.012327433,0.12448986,0.90959865,0.078543134,2.0534952,0.27208304,1.9169655,1.0303575,1.0832939,0.023903914,0.04909377,0.5805702,0.14579952,0.20495859,0.27084213,0.26711652,1.1863003,4.096338,0.15481052,0.9767649,0.9763859,0.5091074,0.23971713,0.85175896,0.62506664,0.3137022,0.0,0.3638794,all_pothole_images\pothole_images_2_image_21.jpg
0.25496635,3.550521,0.7931097,1.1422578,0.13687228,0.49178308,0.3661335,2.8203902,0.7415774,0.019662261,1.0791337,1.9888458,0.76734936,0.31081873,0.65250605,2.0648901,2.5314305,0.51800746,0.8196879,0.06717975,0.308848,0.19027662,1.3958061,2.7288668,0.14152129,0.019245153,0.32990205,1.0771548,0.2740479,1.5030736,0.0,0.23902377,1.3617703,0.25024933,0.35598516,2.9069827,0.5022386,0.16433728,0.4632298,1.9688451,1.6846359,0.93887395,0.13407135,0.062010646,1.929421,0.4274089,0.44509926,0.03082304,1.4452349,0.67384315,2.0376208,1.1731046,0.56255543,0.99476767,0.7461558,2.9316244,0.69279075,0.72160745,3.3972325,1.4614267,1.0771731,0.025499782,0.7168073,0.13132764,1.5398148,1.1856512,1.4272562,1.1435585,3.7693808,0.54112417,0.8781136,1.9937793,0.22674361,0.1856009,0.71523064,0.70568955,0.35502014,0.5036271,0.34544092,0.52259606,0.76415616,1.3970654,0.5274232,2.6554284,0.69493747,0.090271704,0.5508597,0.020688048,3.605488,2.491461,0.66846514,1.5944127,0.6362975,0.7291454,1.0559537,1.3152816,0.13609016,2.404525,0.35072693,0.978904,1.3447946,1.0634468,0.5875503,0.17324089,1.9827929,0.4718446,1.2616874,0.08233619,1.170869,0.17030749,5.8855934,0.5030253,0.35776487,2.1615098,1.0711354,1.6265911,1.4073467,1.2948116,0.7270613,1.4281723,0.4056366,0.09437892,0.4983138,0.20233974,0.9208604,1.8830383,0.024005672,1.7261322,0.1330638,0.020322498,0.21181068,0.19505723,1.8996981,1.2569735,1.4007041,0.49218342,0.19151957,0.54950976,1.3072311,0.45817572,0.054209538,0.12614478,0.6522608,1.0356355,0.19742937,0.556423,1.3614095,0.053071115,1.1895719,1.2543523,0.51005226,1.6238682,0.58189476,0.9904902,0.56978023,0.43876585,1.688728,0.5913939,0.037372813,2.0811813,0.5933421,0.28776237,1.242856,1.32097,1.0137603,0.33415934,0.9876942,0.4023183,0.983276,0.65208024,0.1702973,0.6980897,2.6540434,1.6434793,0.3050388,0.9491098,0.080026284,0.47231993,0.86960965,0.37437874,0.61996895,0.4714035,2.7469034,0.34546524,2.3100913,0.5546684,0.39634117,0.21771002,0.46704677,1.8389955,1.2442731,0.14457485,1.2560498,0.5002196,1.03497,0.40922788,0.17774431,0.19831558,0.32697693,1.4469905,1.0518376,1.5301274,0.10041893,0.9181201,0.064154066,0.42155728,0.7252742,0.18198016,0.04016751,0.084613,0.41894916,0.59222746,1.2456279,2.776931,0.8573107,1.1716928,0.37918988,0.7309097,0.1647862,1.443271,0.16325127,1.5441421,0.25306752,1.2929444,0.09424309,0.7404138,2.759416,0.059775718,0.33598483,1.687368,1.7312583,0.20874642,1.7680882,0.6252258,0.5995865,0.61139363,0.47495472,0.0,0.046956636,0.38288358,1.0654377,0.84339774,0.029887076,0.014410371,1.3643566,0.3913358,1.1395532,0.5285005,1.5718832,2.8560905,1.4945629,1.675269,1.1310185,0.4258296,0.20735614,1.3095018,2.0933902,1.1602747,1.1004772,2.0992186,0.8274073,0.7039317,1.4683324,1.0446137,0.057506427,0.11465667,1.3925494,0.5666179,0.5462823,1.1949328,2.497241,0.2058573,1.0035278,0.6684482,0.494722,1.1839268,0.61692715,0.8914971,0.33840397,0.22595751,1.6242875,1.5923507,0.928022,1.7732818,0.6466857,0.5756016,1.1799918,0.771385,1.9620771,2.2864785,0.97289306,0.17861544,0.0634878,3.085477,0.3285259,2.0692437,0.85946834,1.6602962,1.6399583,1.7415469,0.1251834,0.09026077,0.39999396,0.9585603,2.1515477,2.1918795,0.13691692,1.8701438,0.22711734,0.98883146,0.24808703,0.50855285,4.5553703,2.5907617,0.054521196,0.694237,0.2974578,0.8402934,1.3797717,0.30364805,0.38041258,0.22763954,0.08876282,0.8020094,1.3972663,2.135349,0.17290436,0.23254144,0.4682806,2.9688303,2.1063223,1.7179888,0.2651664,0.07306813,0.11992315,0.22167638,1.5195338,0.11062733,0.49305272,0.5043949,1.4617996,0.47711083,0.5226674,0.8422507,2.0897636,0.5269415,0.29513097,0.08665051,0.7731057,1.2113509,1.2823997,0.2514073,0.11649447,1.8575338,0.08562531,0.29284024,0.7075743,1.4148774,1.2969471,0.5829272,0.6031307,0.5890074,2.6791046,0.31913048,0.71515524,1.3400321,0.7582169,0.41891116,0.54097456,0.15689877,0.6395228,0.41051084,1.2455126,2.2420313,0.7842502,1.1116055,0.1933438,0.53848475,1.3797084,1.602521,0.38628808,2.342878,0.3716686,1.4579178,0.58531,1.2653097,2.4634144,1.1212765,2.14674,0.15924715,0.12160455,0.59393597,0.3240636,0.14419831,1.4432218,0.7837121,0.76934904,1.852528,0.8514977,0.2265966,0.5484385,0.79444,0.767139,0.28852475,0.38440788,0.2752397,1.0326331,0.3095476,0.28731963,2.7803009,0.66572195,0.1560373,0.09497937,0.5419399,1.8265411,0.44187686,1.7481085,0.42060605,0.16727327,0.012082423,0.3239404,1.9943174,1.8686026,0.50498927,2.060465,1.1473653,0.028474871,2.3077605,1.5017198,1.0390489,2.9075353,1.6832952,0.6008903,1.148037,0.7631165,0.35247296,2.6337762,0.5462429,1.0874661,1.8885906,1.0453188,0.8081983,0.7602362,0.23209949,2.2575405,1.8952404,3.9822428,0.31246915,1.1244906,3.726084,0.79585475,0.10889226,2.1591244,0.23546928,3.04287,0.5205325,1.5018744,0.5067853,1.7822869,1.3088427,1.5830193,0.5923756,0.87304014,1.3342133,0.13682845,1.9719195,0.06386405,0.27266783,1.5625947,0.584045,1.5665956,1.540042,1.1851664,0.5077681,2.0938277,0.2726387,0.8869198,0.7125275,0.25697502,0.937905,2.264827,0.63841605,1.6778235,0.7532141,1.0024146,0.0056982455,0.56814104,0.92983174,0.6038866,0.8951511,0.68501395,3.355482,0.21989201,1.4722834,0.10223336,1.6821163,0.5541559,1.538406,1.3838613,1.5035266,1.507567,1.5355866,0.5334334,2.104168,1.0713111,0.2965686,0.99477464,1.9544663,1.2105482,2.8528726,1.7368634,0.46049365,all_pothole_images\pothole_images_2_image_210.jpg
0.41365698,3.725525,0.8990391,0.9102599,0.88340974,0.4187032,0.8486901,2.1287758,0.1522591,1.4244783,0.20718671,0.35860318,0.07669494,1.0811286,0.09846074,0.17058194,1.3432919,0.26694283,0.32010165,0.44622448,0.023223989,2.9128401,0.7597472,2.2320712,0.32782838,0.5753347,0.8501824,1.5925214,0.2234183,0.79203284,0.7340647,0.4964661,0.50474507,0.11645565,0.7538507,0.71188843,0.6445987,1.6651648,0.06375092,2.3172007,0.24498653,0.16486536,1.3245827,0.379876,0.59722525,0.36610833,0.12691854,0.15867251,1.2115313,0.41877052,0.634596,0.8464044,1.1873082,0.37693906,0.2806387,1.1242294,1.4724772,0.23994155,1.5178881,0.4229613,0.0417454,0.6482864,0.94337225,0.29778802,0.021271924,3.0614996,1.7350006,1.2610754,1.4306569,0.9948447,0.05107323,0.17681684,0.25547227,0.11674373,0.84808415,0.9598144,0.31889933,0.28641382,0.14085895,0.47861013,0.17835236,0.5909312,1.10589,1.614552,0.7788902,0.033441562,0.8399158,1.183655,3.7386904,1.107329,0.14014904,0.5071485,0.4402173,0.73789775,1.2507845,0.48559576,0.3696087,2.038079,1.4953289,0.16828722,0.0068467385,0.92292833,0.29900566,0.51431674,0.7053976,0.9500295,0.23795764,0.4605019,0.7728397,0.07810173,0.8488813,2.3895037,0.69921404,0.6409046,0.75483125,1.2783936,0.7747869,0.14654292,0.5568527,1.107549,1.4405113,1.0631583,0.53325766,1.83344,0.20172724,0.597467,0.12786737,0.7255395,0.15928619,0.73131573,0.9703896,0.71015507,0.77624536,0.58893454,1.6336645,0.600927,0.24684456,0.58529496,0.16872095,0.113146506,0.6390417,0.29565853,1.531774,1.6444216,0.2864247,0.72265553,0.17810397,0.0,0.4936662,0.7614363,1.12644,0.16477787,0.37307963,0.42583874,3.5010583,0.0,0.48027042,0.092472866,0.30283675,0.41076905,2.102719,0.29637995,0.23088019,3.3396668,0.120436974,0.2256841,1.2127036,0.5380688,1.1080762,0.321105,0.8200048,0.08913069,1.3566889,0.26256093,3.6524882,1.3594946,0.3605311,0.71071905,0.11160165,0.7728679,0.34494594,2.4074905,1.505773,1.6541952,1.1489135,1.0761644,0.17588452,0.26219696,0.02350864,2.064346,0.6532052,1.1488914,0.6224631,2.1325104,0.8193405,0.0,0.6119556,0.46366087,0.01395515,3.3539078,0.0050179246,0.52297884,0.21806237,1.2185987,0.11316746,1.6710798,0.030764343,0.91725326,0.55368435,0.2911827,0.0016028616,0.26611444,1.7314098,1.7204047,1.122116,0.34381095,0.40632695,0.69673723,1.004188,0.65593743,0.18449664,0.5089691,0.22090091,1.8266816,0.101557456,0.059717685,3.056707,0.3024072,0.34565383,0.38442898,0.83650416,0.009197813,0.54714084,0.0025185829,0.94946736,0.10545312,0.79774815,0.3726591,0.046710856,0.09515953,0.6417249,0.082100876,0.9535648,0.69148844,0.2518229,0.07629887,0.4348965,0.05442877,1.4257934,2.0481617,2.2094893,0.13347116,0.12396142,0.41825196,0.19748035,0.5411784,1.285807,0.3668348,1.673587,0.19670798,0.2827711,0.4151303,0.7598798,0.12993132,0.012855357,1.0357355,0.7406948,0.89179033,0.14508629,0.2107461,0.5846962,0.08076291,0.1876803,0.75465703,2.464714,1.3450239,0.47889584,0.7388885,0.6224777,0.5570769,0.223994,0.25036445,0.3837844,0.40508154,2.9607458,0.4403015,1.3058451,0.3593887,0.6947932,0.023257075,0.5655104,0.86417603,0.44352672,0.85397977,0.2094969,0.43545574,0.90591794,0.08481456,1.1444056,3.6402943,0.036401685,1.276541,0.08715875,0.30731738,1.2731717,0.26442638,0.105280556,1.0488737,1.4615077,0.21399753,0.7464399,1.1871523,3.1977756,1.6395506,0.40921605,0.7078023,0.64780766,2.18199,1.651704,0.8118236,0.36147285,0.31681892,0.048345648,0.044506535,0.42306462,1.9270312,0.7723203,0.11589293,0.751834,0.6994161,1.3297503,1.081091,0.1566358,0.2768738,0.22402544,1.3146929,0.8771317,0.44778404,0.3737516,1.3942804,1.4190843,1.1367507,0.27853626,0.64092225,1.567576,0.056875363,0.1190393,0.05159406,0.0045216363,0.9879813,0.5754481,0.60299045,0.5668524,2.0375707,0.39977306,0.94603604,0.009203659,0.6757617,1.5485318,0.42977563,0.7383813,0.23216566,1.5084107,0.92344713,0.28039947,0.6962942,1.0087737,0.650671,0.29647768,0.9737927,0.27849263,0.80919176,0.34429187,0.4279765,0.619111,0.5914287,0.10704951,0.33495358,0.14987908,2.2128148,0.12056944,0.8940743,1.414973,0.16406383,1.4015465,0.71887183,0.57839507,1.8177848,0.7995507,2.4143648,2.0009758,0.29490224,1.0661272,0.24135497,0.36324823,0.4528992,0.7399656,0.75395536,0.8963935,0.20162182,0.3409867,0.21460268,0.033717718,0.5804725,0.5495766,0.09609769,0.9116186,0.92892367,0.8248127,0.7807218,0.7308717,0.5690885,1.1176158,0.19033584,0.20721602,0.07753469,1.4951518,0.51118445,0.5110888,0.0,0.75373507,0.39240295,2.1446278,1.9495845,2.13796,0.5257766,1.1920193,1.3492004,0.16753857,0.19344066,0.7135839,0.06800084,0.44520193,0.21128593,0.14405803,2.8901656,0.65388644,0.11019304,0.5791317,0.2657228,0.8536735,0.10374587,0.34679067,0.60134304,0.35164553,0.30463645,1.6509842,1.0936327,1.4512508,2.47765,1.4664104,0.23806714,1.0671117,0.33043382,1.0667527,2.0080287,0.2890207,0.8362824,0.48801157,0.90233064,0.27247772,0.18169832,0.2004136,0.28173825,0.31835702,2.6927943,0.63540137,0.23274001,0.54434514,0.3131995,1.1081107,0.1928948,0.18444897,0.2775066,0.9102878,0.2282397,0.040691696,0.5444718,0.88913155,1.5819786,4.6411324,1.3685141,0.7292611,0.66882414,0.04132112,0.3963836,1.7057335,0.3562541,0.7565181,0.036729433,0.5683839,1.9347271,0.41730142,0.049887072,0.07896603,0.2878987,0.54163283,0.5222423,0.21863845,0.7042787,0.48161408,2.7903821,0.6721831,0.81724435,1.010206,0.5558448,0.0,1.4296182,0.61791736,1.6028485,0.2647107,0.50613135,all_pothole_images\pothole_images_2_image_211.jpg
0.749744,0.39308563,0.004566378,1.7385708,0.7531265,0.1554174,0.6922062,0.03838026,0.18373613,0.8393454,0.08617936,0.24794808,0.12773316,0.34417343,0.0,0.55701506,0.14007962,0.80206746,0.08567678,0.01737709,0.6365124,0.7265957,0.7879569,1.127184,1.3213543,0.47250405,0.19302897,1.5522741,0.12136091,0.06242493,0.024292238,0.04912895,0.74932915,0.8759174,0.22183406,1.06725,0.1797349,0.067031346,0.13376074,0.17203735,0.0,0.02202702,0.095727794,0.7480759,0.5820113,0.1807113,0.14518674,0.0,0.78361696,1.5587641,0.07886901,0.26524898,0.13400652,0.03141094,0.46527043,1.3082347,2.0261002,0.4032043,0.44537163,0.10200885,0.007857916,0.697304,0.7035646,0.5101822,1.3493385,1.6852409,0.1444958,0.023898864,0.0022497962,0.08056561,0.1667032,0.0,0.35144874,0.040238675,0.56157506,0.0010407653,0.24457102,0.2393343,0.0,0.0463099,0.06334689,0.027797718,0.50658375,1.0704406,0.73734164,0.08801139,0.17332073,0.5874314,1.3967303,0.18039438,0.22737014,0.24197426,0.08430929,0.0256661,0.13765576,0.6426864,0.23654641,1.0494759,0.48423067,0.025498949,0.04630105,4.1522436,0.50044334,0.20624577,0.7197503,0.61908025,0.63929075,0.650305,0.04344888,0.18370189,0.21578796,0.43985087,0.43072292,1.1662755,0.365255,0.54847366,0.20273885,0.13226016,4.263207,0.7375703,1.2220075,1.0151509,0.03961369,0.6075966,0.24135877,0.38213733,0.05603001,1.0347012,0.43040788,0.17989272,0.19596414,0.14660628,0.09100036,0.34231782,0.0,0.08260974,0.02474576,0.17978808,0.0,0.05714413,0.210148,0.07783095,0.44248584,0.39941475,0.019127425,0.9489148,0.117047444,0.27681252,0.086854376,0.17851438,0.24456291,0.6387536,0.032463238,0.09945377,2.160997,0.7459264,0.8766547,0.131468,2.3516076,0.48905805,2.3076787,0.7611736,0.056891344,1.1281763,0.67015684,0.41584232,0.71490383,0.13294584,2.366923,0.4694987,0.049273062,0.075800605,0.04203353,0.0068198587,0.39842612,0.6027694,0.10520522,0.040314794,0.2195452,0.009506966,0.06871317,2.0887628,0.9360764,0.9821495,0.99730057,0.35367966,0.06379194,0.59651095,0.6116599,0.4929046,0.07198109,0.015419249,0.46745318,2.2212873,0.033654835,0.2916025,0.9029724,0.6463388,0.3868936,0.11906319,0.07311119,0.60921884,0.049141686,0.115911976,0.8234505,0.26219454,0.511774,0.048336286,1.976989,1.1151586,0.0,0.0,0.18575251,0.71031684,0.37442702,1.170461,0.96832305,0.0007261525,0.2132466,0.18012124,0.436126,0.0012742638,0.84544027,0.083210915,0.0,0.33311224,1.5280565,0.0044977926,0.50068057,0.35280827,0.5892003,0.08734393,0.5881516,0.20462312,0.23157488,0.056969218,1.1624389,0.11218914,0.0073722242,0.046360094,0.1948552,0.0,0.0,0.038255118,0.04410243,0.0,0.8066068,0.6427374,0.031880964,3.779363,2.7519073,0.050295256,0.2877749,0.13317953,0.10598606,1.2471364,0.4946586,0.31160435,0.18133001,2.064141,0.43429607,0.025587758,0.29417622,0.7699006,0.04930891,0.12596609,0.0571005,0.3582297,0.37536246,0.0,0.08111188,0.0733537,0.36667746,0.1344349,0.052932657,0.5133923,0.45322362,0.18097433,0.16376899,0.5796209,0.12582527,1.1631598,0.15904185,0.48666546,0.09079491,0.4213252,0.6300198,0.038589016,0.48179913,0.069585495,0.11864667,0.037717756,0.06342229,1.941652,0.0826047,0.4121662,0.4876656,0.80768836,0.03330484,1.3531609,0.7237415,0.007876112,0.0009462735,0.036490373,2.8396459,0.4212676,0.0036512483,0.0771791,0.042264946,0.1466671,0.73834395,1.197994,1.2269975,1.8053966,0.9609029,0.16874443,0.0,1.0543263,3.8055706,0.05703043,0.6353109,0.079956286,0.0005823374,0.21767657,0.17795004,0.37796915,0.11206058,0.021802925,0.22879559,0.024426676,0.061511472,0.02860911,0.014859503,0.00025226825,0.09805489,0.03935642,1.5517299,0.015425882,0.36909553,0.3697867,0.29388124,0.26473507,1.8467679,0.1878877,0.30137947,0.105973504,0.013210882,0.07530382,0.15758993,0.08867262,0.1920287,0.49802577,0.23897065,0.26011103,0.14490756,0.07655976,0.18584093,1.8631119,1.2434435,0.43951076,0.31695652,0.095584884,0.25436783,0.0,0.08893096,0.03243198,0.23195498,0.08804302,0.9741036,0.16908927,0.27758265,0.22668569,0.45262882,0.12089912,0.31018946,0.8342009,0.29139295,0.0022234009,0.093420826,0.9341053,0.46235937,0.0030647698,0.2712371,0.13978814,1.773615,0.73778003,1.6160976,0.0060743093,0.16539608,0.11794485,0.11407179,0.16089316,0.05456941,0.47695494,0.06648758,0.25135818,0.53181493,0.41816667,0.17860177,0.8154864,0.07317346,1.2551963,0.17855231,0.12546983,0.47893316,0.34663698,0.2247625,0.3120138,0.1965704,0.18731868,0.14165053,0.34629583,0.038365588,0.009820563,0.016758882,0.4002154,1.6036049,0.52219784,0.6869507,0.064661965,0.37375072,0.6212873,0.6595325,2.5330412,2.395928,0.21504901,1.6070908,0.49864972,0.55027777,0.5030005,0.645977,0.17211178,0.16206038,0.029942013,0.07124144,1.0121859,0.6210477,1.0730522,0.0,0.058753144,0.7861989,0.16671725,0.096086614,0.12859328,0.71142423,0.022919055,0.41778564,0.24527538,0.52332574,1.2967514,0.67121845,0.55188936,0.4000248,0.20461911,1.0464927,0.7583341,0.6555448,0.025554977,0.4754077,1.0849122,1.319332,0.6167892,1.4082342,0.21136929,1.0430356,0.054890253,0.040233094,0.0,0.26347047,0.13114248,0.18537372,0.6921425,0.081443325,0.21198857,0.79322976,0.33068252,0.37585476,1.2426516,0.21654202,0.06938982,0.48066434,1.5316164,0.7278833,0.31748375,0.1534776,0.12227513,0.9829708,0.08086892,0.9359671,0.0,0.5282223,0.6590566,0.0017704373,0.007435862,0.0748602,0.018572722,0.00093708094,0.0,0.18698306,0.06525765,0.25867093,3.697,0.27128512,0.1080739,0.049788814,1.6717602,0.07483504,0.21379869,0.6722698,0.7292731,0.53550553,0.2440944,all_pothole_images\pothole_images_2_image_212.jpg
1.597479,0.17615859,3.087247,0.9194421,0.097201206,0.0,1.4530504,0.705535,0.27102914,0.98992604,0.35270855,0.8741441,0.6215819,0.23101498,0.3439243,0.77326083,0.20891342,0.9269639,0.63205224,0.1568567,0.73559755,3.7329488,0.010417968,0.12962805,1.4790294,0.008600706,0.6221813,0.81388885,0.0,1.0249547,0.09636817,0.39950553,0.84592795,0.70033324,0.17231086,0.60909396,1.1497861,0.84892106,0.20965798,2.4737139,0.48732087,0.034096513,0.2494807,0.7989268,0.0055134147,1.0976543,0.9060723,0.0030239974,0.6684494,0.900525,1.621778,0.17240216,0.110701405,1.2878069,2.1405854,0.30140436,0.6105505,0.2993326,1.270233,1.1116965,0.47323194,1.9506869,0.4700438,0.5327022,1.3653007,3.8545463,1.1515955,2.0190973,1.1232852,0.3323694,0.2512077,1.3156754,1.2469808,0.6054261,1.0120218,0.4759292,0.71826535,2.3438563,0.80013555,0.4344628,0.9032092,0.066233136,1.1769869,1.3993161,0.95272577,1.9775661,0.09718924,0.96351457,0.962729,0.33978403,1.6194063,0.33720708,0.3365243,0.17921467,0.03906863,0.7817134,0.37576714,0.34330857,3.5018508,1.2301015,0.6892096,2.6769679,0.63843304,0.6076431,0.057359666,1.6971483,0.011386466,0.85216254,0.5824643,1.3924028,0.10572209,4.1622314,0.50247353,0.24911642,0.017144272,1.476591,3.8497214,1.4379965,4.3904104,0.19923636,1.4760462,1.177407,0.1425415,2.805831,0.05635027,0.2916214,0.85647815,0.79060215,0.31756404,0.100848325,0.9879535,1.0137931,0.5252309,0.58815396,1.7956841,0.1436509,0.22147968,0.53925663,0.2187972,1.4968339,0.1360479,0.7508174,2.1093252,0.3665436,0.40170902,1.6034937,0.813455,0.04489096,0.6150695,0.7060532,0.40259838,0.69881797,0.2740578,0.25079066,2.897861,0.20297295,0.5953356,0.2908294,0.32565588,0.069124214,0.7295907,0.30168208,0.46236777,0.94200313,1.1275195,1.8686162,1.7289182,1.6006843,0.27705002,1.016798,0.15730903,0.6579265,2.1687493,0.32725665,1.5012988,0.16820128,0.0,0.012025373,2.463975,0.5203954,0.7734277,1.6774846,1.1622577,2.3198936,0.72827226,0.16902745,0.9991211,1.3164523,1.789538,0.7157802,0.34677753,0.2859602,0.51198375,2.8336966,0.6764679,0.18839034,0.8954974,1.1346835,0.05323013,0.10434978,0.1629508,2.4094274,1.3287699,0.84299296,3.9705436,0.015068043,2.5622747,1.1156623,2.4858775,0.14169747,0.36940867,0.007442703,0.10768774,3.1413486,0.43514353,0.2568428,0.54972357,0.026009379,1.0385274,0.25364232,1.7345613,3.023273,0.64936537,1.1602343,0.7285181,1.4352795,0.80489886,1.1209886,0.5212198,1.2877215,0.7059016,1.6108663,1.0513601,1.1097462,0.83086944,1.11558,0.61465746,1.6462966,0.039684486,0.06720763,0.044823013,0.5073138,0.08974984,1.83043,0.2410609,0.5529173,1.1419708,0.69722116,0.77959883,0.19641922,2.0488973,0.79491043,2.4563944,0.3167534,0.637739,1.5785819,0.8423923,2.0152206,2.7549362,0.038510405,0.68814987,0.002018028,2.6523798,2.5341716,0.40793934,0.9585716,0.04572654,1.1186074,0.77054584,0.23908447,0.5730565,0.47673178,0.11804026,0.43706423,1.2999678,0.7547478,1.2466851,0.8308703,0.4463375,0.29921508,0.19706473,0.61104625,0.37024453,0.0504646,0.31653306,1.1796961,0.26342785,1.2380084,0.10127519,1.310493,0.6839536,1.9630591,0.7383397,0.07912832,0.100143604,1.2588784,2.1841738,3.393544,0.9920265,0.77765304,0.09409906,0.21586193,0.27761254,0.9522834,1.8335677,0.006368319,0.4106893,1.3009591,0.58062637,0.24900292,0.5190597,0.6318377,0.6748149,0.41853908,0.6439954,1.4062761,0.1762009,1.4680814,1.0176874,1.6658586,0.12670599,0.9231335,0.334595,0.3524082,1.2225454,2.2212646,0.10878458,0.0,0.9805565,0.24193664,0.21434218,0.8208432,1.3212252,0.0,2.0527253,0.9162556,1.3344133,0.29553217,0.056593798,0.32472506,1.3471838,0.46286675,1.677389,0.08970769,1.3161364,0.45632115,0.05185984,0.33728844,0.61432594,0.43940717,0.31876832,1.5310823,1.1897699,1.2491674,0.03747076,0.65514654,0.54740727,1.079143,1.9672694,2.9630332,0.0,0.8988971,0.40643135,0.086302765,1.3030844,0.79559207,2.0392592,0.0022723903,1.0615864,0.06937497,1.1185082,0.35549676,1.6673758,0.011408,0.5821517,0.014181935,0.43986055,0.011214107,0.7477004,0.2614084,0.17226774,0.6037661,2.853863,1.4389395,2.2507458,1.6745862,0.19423111,0.0,1.6010972,2.187595,3.6337516,0.6500141,0.8655347,0.6715739,0.11071832,0.645311,1.7915117,0.584008,0.52736646,0.09446529,4.4684224,0.27043313,1.2771865,2.5955286,0.8288015,0.7158906,1.1281532,1.8904035,0.04964611,0.8841978,0.16368358,1.422513,2.1112964,2.0365498,0.12791233,0.8882121,0.17771597,0.53047085,0.46839687,0.09922092,0.3357965,0.07649084,1.2861704,2.025069,0.13780715,0.083184056,0.9084091,0.43744674,0.19929105,1.7234168,0.3942931,0.5624139,0.7508652,0.5349915,2.839942,3.7387495,1.3739294,0.8338234,0.040072378,0.012021383,1.4132752,0.8671795,0.0035555998,0.84884655,2.3600085,0.41939023,2.688722,0.582553,0.17088054,1.7877982,0.0913825,2.0657628,2.2128832,1.4302905,0.44346306,1.8641568,0.33774617,0.663386,0.20750721,0.61531246,0.44163996,0.24451138,0.6224876,0.7021812,3.5896926,1.0206587,1.319516,0.27708948,1.5580877,0.21384306,1.8834783,3.2423503,1.9656268,1.9903957,1.0605055,1.5766057,0.54998153,0.41255888,0.17514275,0.6202814,1.0705109,4.1059875,0.4005844,0.2676537,0.0028341447,0.18263419,1.2734458,0.07962028,1.0287869,0.13193437,2.4633985,1.3916688,0.49271184,0.275237,0.5015951,0.75494397,1.3575974,2.3614414,0.11769957,0.5197873,0.25872713,1.3384326,0.8457962,2.9821844,0.51810354,1.0438209,0.014003885,0.01985152,1.9469538,1.0270615,0.0026254656,0.48611847,all_pothole_images\pothole_images_2_image_213.jpg
0.63465506,2.0156,0.3511312,1.8164188,0.2816235,0.482613,1.618471,0.036097072,0.26924554,0.5749175,0.23399642,1.1246439,0.825848,1.5151929,0.22628042,0.4349746,0.2524907,2.9966507,1.6263092,0.25671226,1.5159272,1.1899933,1.0358205,0.77155966,2.0564096,0.644109,1.7151424,2.8360834,0.2978602,0.2456062,0.7327032,0.077280164,1.0569215,0.16404833,0.7738973,2.5256166,0.122804776,1.0652916,1.1721048,0.18080422,0.0013164055,1.2005169,0.028284585,0.48448998,0.33067843,0.5477447,1.0528818,0.6011197,0.0019616822,0.102350146,0.012307251,0.43690428,0.2958239,0.0642931,0.05057833,1.7790916,0.6346402,0.26520297,0.94781166,0.41225386,0.4357537,0.16092993,0.9339123,0.2427386,1.6036155,1.8337966,0.5693549,0.18524325,0.097188264,1.4477891,0.7230108,0.2410593,0.079247735,0.065628305,0.067072466,0.02936106,0.24623448,0.27687225,0.36023825,0.074286245,0.6156635,0.0,1.5925497,0.72715884,0.28217265,0.008788572,0.07273573,0.025979282,0.9568106,0.107476175,0.11917883,0.5697393,0.099447094,0.31070977,0.4978951,0.0015056145,1.3696021,0.77923596,0.9582287,0.62648857,0.35792,3.3941863,0.82728946,0.1639519,0.62279284,0.32806084,0.1072609,0.46342143,0.24033865,0.3020036,1.3832039,0.5399446,3.2376862,1.0258125,1.1878811,0.33551905,0.15509045,0.24565113,0.33134827,0.8717064,1.2047769,0.2799791,0.56160766,1.0843145,0.34643784,0.79580444,2.73295,0.5179787,1.7696497,0.44562787,1.0869243,0.3527654,0.03618105,0.1980873,0.34699756,2.1115665,1.5723612,0.3012374,0.45144132,0.10376377,2.662369,0.7232255,1.4562659,1.2808502,0.29689872,2.0308287,0.9600291,0.9585704,0.25139493,0.0755518,0.6609739,0.29688656,0.043755278,0.092128575,0.7309402,0.23692213,0.30066437,0.09973171,1.3375872,1.3164953,2.0310526,1.5457468,0.09256793,2.3548694,1.5436753,1.6515353,2.6982079,0.6813476,1.34692,1.5469851,0.8194047,0.3072296,0.03788592,3.0344636,0.2746745,0.3450713,0.41083503,0.66470796,0.16248891,0.35710272,0.20441821,0.90085864,1.3484082,0.25507998,2.6644657,0.11824272,1.0693315,0.9255888,0.12884216,1.3847765,0.73271066,0.5954136,0.23430446,2.3237095,0.43924028,0.082122356,0.36298817,1.7171587,0.08352309,0.6161912,0.26803282,1.1083771,0.23235877,1.240031,0.06663934,0.33108217,1.1075512,0.29392982,1.6341966,0.94521457,0.0,0.96744007,0.61998135,0.0,1.7316076,1.2204427,1.515491,1.1140712,0.39942402,0.31611538,4.2133574,0.023160692,0.9014408,0.11693751,0.0,0.1894393,1.4442518,2.2647567,0.7519905,0.74014467,0.7254975,1.8848966,0.721257,0.510953,0.27633536,0.07921973,0.88559204,0.29273656,0.9724991,0.2849551,0.002834598,0.0760628,0.4862614,0.07547662,0.2731418,1.8301896,0.37841982,0.11269236,1.3924575,6.669463,1.3032714,0.17480388,0.10395295,0.7249968,0.04762069,0.8414824,1.8271667,0.86054677,0.54177445,2.3283427,0.07287874,0.1442425,0.8426578,0.28443095,0.16682673,0.656188,1.2420628,1.3786924,3.7720866,0.09507126,0.2097947,0.6109361,0.06307085,0.5367933,0.6883289,0.567211,0.1706211,1.1609102,0.29486376,0.6685415,0.9265981,0.04592711,0.8879106,1.1180283,0.4784218,0.50717694,0.40049762,0.036023922,3.1747754,0.13228366,0.28576958,0.47293526,0.2997212,1.2220978,0.17279053,0.5676292,0.5536355,0.38686153,0.2805461,2.5493488,0.11529457,0.62985647,0.15086892,0.040994085,3.477351,0.005805111,0.8495168,0.32208633,0.108330555,0.46304563,1.1306182,0.92397094,2.166772,1.4433717,2.282696,2.569528,0.47965854,2.2383838,1.5631207,0.30230713,0.26972833,0.031338513,0.7953985,0.68990433,0.672011,0.16477473,0.0896006,0.035147008,1.4955964,0.516015,3.0356488,0.32872775,0.124041,0.68785053,0.083752505,0.0034702395,0.98532945,0.3268069,1.2007575,0.24691187,0.28448856,0.25700295,1.4893881,0.511958,0.55484706,0.91690624,0.23760428,0.62470496,0.62534165,0.4794145,3.3949099,0.029676076,0.48340535,1.0651016,0.050575547,0.11343687,0.11891647,0.64815646,0.17494598,0.21375027,1.3805746,1.3592613,1.9041605,1.3964803,0.0,0.0014564735,1.6027812,0.0116349,0.54226196,0.44753945,0.3113982,0.10563702,0.52740264,0.25591806,0.29722697,0.34626198,0.014229934,0.74702615,0.8406528,0.1579159,1.0698018,0.14053959,0.2467426,1.9242779,1.3216232,0.16374841,3.3034406,0.08735756,0.18163434,0.6858841,0.8880995,0.45550057,0.037283674,0.40080532,0.08935671,0.34362155,0.8774442,0.2814977,0.12207143,0.957661,0.17497751,2.1287434,0.16636607,0.65744203,2.5019572,0.0082772765,1.2417239,1.3166996,0.08358464,0.4929351,2.1801589,0.5837932,0.22214231,2.608966,1.0445467,1.4444851,1.1446799,1.3403623,1.105882,0.15454224,3.5880163,0.36446652,1.1079309,2.6116002,2.88034,0.17440212,0.46528086,0.9134462,1.1759707,0.10620925,0.70185584,0.19787873,0.067912556,0.51989555,0.85027903,1.3998668,0.04680643,0.3859558,0.032848705,1.6633612,0.6761127,1.1823676,0.17456843,0.0031073173,0.14914317,0.0055939043,0.42351586,2.067459,0.45089915,1.0650154,1.6629046,0.45990923,1.0955473,0.2992339,0.17615198,1.541539,1.0517255,0.17008954,0.29070807,0.1867457,3.1104941,0.18445447,0.32990003,0.6125915,0.5964246,0.2752048,0.0007370358,0.0,0.34961998,1.5426236,1.7799302,0.49123433,0.17711297,0.44695535,0.6746685,0.06691445,0.7837853,1.3027954,1.8095932,0.27223864,0.50719,0.291659,0.24625704,2.5172312,0.0065533835,0.52267957,0.1498139,0.003855928,0.64165103,0.4714777,0.6088616,1.2161646,0.39756396,0.6556755,0.0,0.70941395,0.35298032,0.0,0.59309703,0.07596729,1.1013552,1.470329,0.16635361,0.867114,1.5981483,0.86773896,0.786534,0.15619947,0.59747076,0.21537237,0.054794073,1.2920496,all_pothole_images\pothole_images_2_image_214.jpg
0.06407093,0.71926284,0.1081347,1.7552999,0.42649224,0.0,0.63991934,0.107755676,0.19757366,0.057832114,0.5755103,0.98697925,0.02508073,2.2057505,0.018767897,0.3824866,0.32770273,0.8740113,1.7971611,0.029928561,0.55918217,1.9520011,0.0034649859,0.9770105,0.6784514,0.3537445,0.21278052,1.1873358,0.062728874,0.22817458,0.6460173,0.043146253,0.06482107,0.0,0.2405888,1.3473899,0.16681266,0.85722125,0.30837324,0.8191694,0.025861856,0.0052649104,0.2151898,1.083528,0.8981756,0.055616047,0.22309466,0.1451148,0.45339686,0.55952644,0.5731852,0.111117125,0.32541975,0.10450767,0.4265994,0.88083047,1.5822271,0.5023158,0.38650075,0.122493304,0.33891168,0.0,0.6318868,0.14808717,0.22064963,2.7176282,0.654747,0.12842917,0.53847873,0.556854,0.12150699,0.3114876,0.20794442,0.0,0.24346697,0.29494813,0.06329006,0.4277251,0.0,0.4026577,0.0016949688,0.0723586,0.33669987,2.2790241,0.03679761,0.044126675,0.29878375,0.06661673,1.5466051,0.29044098,0.12317472,0.17364669,0.08718028,0.11451407,0.014744852,0.064490005,0.59715194,1.1134266,0.4613626,0.014416476,0.30609244,2.4000552,0.76282,0.07910629,0.34852242,0.75326365,0.083592445,0.11094967,0.15702955,0.13483097,0.0014587896,1.6561791,0.06721275,0.070799656,0.19022967,0.15091005,1.9066151,0.19418813,2.376951,0.62784266,1.3266184,0.19778986,0.1372876,0.07816785,0.11264964,0.61587024,0.11004849,0.118288904,0.85157293,0.28786522,0.20175873,0.050295386,0.12047345,0.04681452,0.03115248,0.32361934,0.09240084,0.074177325,0.71117336,0.0008016045,0.3678346,0.52392465,0.022340916,0.7699062,0.36739534,0.7172504,0.09230801,0.041622456,0.51854366,0.35128835,0.14379017,0.35504085,0.0,0.092057616,1.1719035,0.0013954311,0.044796083,0.0810867,0.18299645,0.118456125,1.054117,1.0473299,0.09013504,2.403871,0.3058412,0.0,0.59286314,0.18403345,0.052093133,1.9872113,0.0,0.0,0.15207551,0.042527318,0.06893228,0.016497439,0.0636099,0.0,0.08453696,0.07183919,0.010130578,3.2127466,1.2411951,0.12878017,1.8983666,0.5560018,0.45652443,0.36571547,0.44569424,0.6441543,0.42263475,0.08084317,0.04621902,1.316065,0.33257082,0.01854434,0.5482196,0.19127642,0.13889247,0.638862,0.27848738,0.57275325,0.63828945,0.46289018,1.8186904,0.4777226,0.09223553,0.21211378,0.22029638,0.23277213,0.031045694,0.04340886,0.80493456,0.42381454,0.77321506,1.1909949,0.46555832,0.09472117,0.49258658,0.42491564,0.09511841,1.0711652,0.30099845,0.16947187,0.34541687,0.23914185,0.5954791,0.22590348,0.53680944,0.68812716,0.068342574,0.1605924,0.5451379,0.04541041,0.23599492,0.13170406,0.66721886,0.0,0.042367507,0.060790587,0.046226107,0.13167413,0.19695933,0.11282981,0.040795017,0.0,0.53553617,0.2838665,0.03284424,4.518594,3.5093024,0.0028807463,0.5726249,0.54787177,0.015835566,0.60006905,0.94512844,0.3469914,1.0529988,1.1391594,0.268464,0.018658629,0.10880853,0.75523084,0.29280624,0.24193744,0.35166174,0.2832309,0.9315619,0.16649903,0.067717,0.043879207,0.0045457175,0.10468546,0.81499267,0.78595567,0.27740425,0.64844006,0.20978776,0.39788464,1.0578333,0.12684956,0.08102421,0.150728,0.6906436,0.63672054,0.32762304,0.20794709,1.3604254,0.12153738,0.013295432,0.007920124,0.10969666,0.7313532,0.3880958,0.3771679,0.14690796,1.2108204,0.27901363,1.7402091,0.4625658,0.47422945,0.05902044,0.67165226,4.6264496,0.0068346024,0.15632084,0.9979911,0.23415293,0.3706608,0.72330767,0.37472203,2.4714913,0.61001664,0.04931425,1.1693122,0.056435842,0.6165223,3.4913404,0.51368135,0.0,0.0,0.16544603,0.33795258,0.7022182,0.45330563,0.4720402,0.07830266,0.71099406,0.17233534,2.5854638,0.21106409,0.54193354,0.0,0.28583527,0.20358568,1.000805,0.67619485,0.049844507,0.36028773,0.28247577,0.55803204,0.80901986,0.6325849,0.20888351,0.4885398,0.0,0.23962557,0.9877475,0.5717352,0.030302962,0.04162549,0.09978864,0.855657,0.003664895,0.08675253,0.11057629,1.6477516,0.21916288,0.6080447,0.0,0.15976664,0.98461723,0.0,0.06692905,0.008015086,2.2217965,0.42240563,0.0,0.062051605,2.2865849,0.0,0.34529564,0.4245082,0.08235188,0.3979543,0.0,0.0,0.22466564,0.17060249,0.3244749,0.01691887,0.141612,1.0014396,3.8996758,0.36109915,0.4929998,0.0,0.004581816,1.5434963,1.3652,0.20159571,0.0137236845,0.1430945,0.058066003,0.0,0.5119865,0.052706987,0.034189884,0.014535786,3.958525,0.32748,0.08437316,0.7841316,0.3471956,0.12789339,0.13951059,0.66352564,0.12810725,0.0030107219,0.0,0.17846897,0.58578146,0.29512385,0.20312789,0.055174086,0.30046678,0.049361836,0.15918083,0.0,1.5111248,0.37368512,0.11570374,1.9358763,1.0817418,0.29954326,0.050101824,0.52578354,0.06043965,0.34782386,0.25218645,0.032519076,0.11498468,0.27764452,0.6306141,2.515792,0.288624,0.37679225,0.22487652,0.3336683,0.14095831,0.0555347,0.014323847,0.35719645,0.8868422,0.028340133,0.5504639,0.7420505,0.0046789236,0.8711318,1.7067692,0.50239277,0.65799165,0.12000393,0.6012355,1.178809,0.17805554,0.15470786,0.79439133,1.0552016,0.9608554,0.1551823,0.96025366,0.0,0.60982245,0.33431193,0.07529981,0.11759051,0.47400507,0.4421622,0.4890424,1.3907087,0.30878663,0.04653648,0.32400465,0.059581686,0.00021753773,0.83431023,0.35960883,0.014457743,0.4109801,1.9614458,0.25848272,0.26320118,0.07047007,0.12144995,0.38500014,0.09585128,0.9688073,0.096132345,0.7283993,1.5799476,0.18490534,0.03655992,0.0,0.22689435,0.14422818,0.321971,0.02571135,0.14811988,0.35588333,3.0242047,0.53701603,0.060015306,0.0603213,0.84341836,0.222516,0.08485098,0.9194416,0.18739358,0.06588958,0.37529638,all_pothole_images\pothole_images_2_image_215.jpg
1.1261368,1.2779175,0.24614398,2.3706164,0.4906711,0.18699418,0.40618363,0.0,0.1349321,0.34753993,0.36008266,0.07584427,0.14472747,1.0354584,0.37985224,0.4064823,0.048993,0.0,0.33846182,0.5741599,0.38655502,1.6968297,0.70861346,1.0496656,1.0453483,0.58327836,0.14911655,2.2402868,0.033457812,1.1193563,0.9137516,0.15956399,0.1687968,0.22349778,0.24516745,0.72827756,1.1830941,0.30885765,0.7007381,0.14297268,0.0,0.4835799,1.353614,1.2719159,0.6266554,0.54534936,0.33043194,0.5973389,0.38856873,0.29353148,0.55511105,0.8674355,0.28345478,0.41945487,0.014625053,1.413662,2.5762236,0.0056126937,0.15100358,0.13509047,0.017675776,0.47613227,0.9959854,0.64238787,1.1640718,0.37712416,0.3452136,0.0,0.0083408905,0.25200447,0.5476088,0.34037966,0.1347193,0.9187145,0.47836226,0.68753403,0.14535666,0.10513809,0.0,0.27697355,0.3126466,0.8092589,0.43994018,1.1550545,0.59565234,0.7451541,0.33549452,0.034400754,2.3090649,0.15898862,0.16678742,0.0,0.18284187,0.11427794,0.03966462,0.0,0.89771557,0.17785867,0.454733,0.7543859,0.09094526,2.3260937,0.954224,0.19932657,0.36059678,0.0,0.71089524,1.0429815,0.030063065,0.7542751,0.36102018,0.23378202,4.2620645,0.12617826,0.50110215,1.4158938,0.9752912,0.0,0.52998847,0.49525604,0.26084706,0.66429466,0.30606702,0.35334027,1.1655377,0.5554627,1.6526312,0.14479914,0.7356507,0.22898413,0.418858,0.2761602,0.29424888,0.0,0.6742495,1.293144,0.4838935,0.6174093,0.70661634,0.0,0.44864795,0.31078625,0.05817045,0.20362258,0.789307,1.9887538,0.0,0.3619142,0.41904938,0.26220936,0.39503187,1.1659669,0.2852303,0.3415075,0.8240822,0.24497308,0.4383569,0.05175747,0.78157634,1.3094703,0.63199145,0.30368525,0.050556913,0.6698698,0.09382004,0.64519,1.4041934,0.266176,1.9105598,0.26165354,0.27414098,0.35997283,0.47612903,0.18709077,0.28965983,0.7425019,1.703138,0.01833183,0.8492396,0.05361206,0.061312802,0.9177864,1.0047145,0.33161992,2.315388,0.0,0.10339505,0.9139393,0.4600317,0.30296177,0.69595873,0.43898094,0.37692025,2.1872854,0.719037,0.0,0.7380387,0.492283,1.1261728,0.7406352,0.5655437,1.5375416,0.31683457,0.40537307,0.09168378,0.29350868,0.529675,0.4576746,1.413226,0.09513462,0.0,0.14768913,0.26333794,0.3689325,1.4284565,1.7961662,0.33250085,0.17479908,0.1554277,0.23783602,3.5554376,0.0,0.4311492,0.010731894,0.01931509,0.99165356,1.2268404,0.003567247,0.9958512,0.3495253,0.21885587,0.21062753,0.85046333,0.3013424,0.41936758,0.36491147,2.2771213,0.16970381,0.36416703,0.7245781,0.4106668,0.013425008,0.12040102,0.38953388,0.117171146,0.0,1.3731544,0.6524363,0.57740074,4.408408,0.1953913,0.04681518,0.45101017,0.013168583,0.034845438,0.07225323,0.7499805,0.0995426,0.42150903,3.6918204,0.9676723,0.2263276,1.1910207,0.1883255,0.11572336,0.43795767,0.35039964,0.9275074,3.4267135,0.28027987,0.11109627,0.0073241713,0.9515247,0.054071475,0.2451609,1.0788734,0.033833295,0.29326227,0.41838697,1.4987749,0.62709814,0.5052043,0.62968934,0.19573978,0.0772222,0.3246798,0.70832324,0.7693808,1.3475003,0.29315147,0.27482003,0.1659291,0.27310506,0.75148064,0.004927441,0.8397607,0.66378766,0.58135176,0.03693905,0.95501643,0.19439973,0.41732687,0.061008833,0.24199711,8.37067,1.5782018,0.41819406,0.4175709,0.0,1.7345347,0.25844064,0.9867391,2.6020315,0.7708628,0.06643465,2.0456383,0.012106718,2.1678817,1.9725616,0.26367003,0.34654224,0.26782796,0.18313436,0.30631298,0.43380406,0.4366139,0.781993,0.065899454,0.39213243,0.37147614,3.4097486,0.08031314,0.1591084,0.30325395,0.13238573,0.2147105,2.4914794,0.20558135,0.31289008,0.27009404,0.53081506,1.3937135,1.6308767,0.29495072,0.176635,0.1763377,0.54797685,0.027555645,0.5201849,0.3234382,0.64173275,0.020458542,0.19731912,0.3383343,0.44477442,0.0,0.7305056,1.5354356,0.34035486,0.5782344,0.14868246,0.29191995,0.36005187,0.72081363,0.32246828,0.0017130941,0.4301138,0.6390473,0.6568251,0.018962407,0.6509773,0.2559455,0.16366945,0.24553837,0.46091703,0.5094302,0.12621708,0.21871899,0.8439845,0.50408524,0.438511,0.074673824,0.517209,0.3685734,4.073473,1.722745,1.9911368,0.052180313,0.16260111,0.58712876,0.8248294,0.18246602,0.074599355,0.04229568,0.2303088,0.48869646,0.07409643,0.0,0.14507322,0.54951,0.84745306,1.1321391,0.5574354,1.5432094,0.9387217,0.5558683,0.44281605,0.46433532,1.317399,1.1970153,0.19919677,0.07626402,0.0,0.44264007,0.037631582,0.5763278,0.3648458,1.0431622,1.47763,0.0,1.1077231,0.13586009,1.0477922,0.87168884,1.799472,0.69061774,1.6899003,1.6050054,1.3781788,0.042779088,0.78325623,0.25589603,0.19494848,0.9022128,0.0,2.722965,0.15402214,0.74511296,0.0021604428,1.3278824,0.9629159,0.4943529,0.16584632,0.67534685,0.2280765,0.1083944,1.2147003,0.30210865,0.6555488,0.09841936,1.3112068,0.251888,1.0696591,0.31778234,0.708237,0.66185385,0.84382486,0.42238212,0.012713578,0.16395259,2.767561,0.21342972,0.9401291,0.0,1.4192455,0.12842305,0.014627025,0.012164148,0.49883246,0.86580974,0.29867095,0.04093748,0.54781026,0.5466342,0.58414894,0.39009807,0.6632282,0.35832813,0.057169106,0.7786697,0.0,2.4292858,2.279483,0.990823,0.35486946,0.025490118,0.7053391,0.14150673,0.045370642,0.35496125,0.48120612,1.6405463,0.041211978,0.41662973,0.0011202378,0.25858802,0.38104832,0.12445822,0.022093195,0.026719255,1.299612,4.1979327,0.41992366,0.72623503,0.67514646,1.9600288,0.6434569,0.23787087,0.5888004,0.28202957,0.2319263,0.2728093,all_pothole_images\pothole_images_2_image_216.jpg
0.39784092,1.3032534,0.06998171,1.4866486,0.55229694,0.30162486,0.779728,0.40031388,0.2554902,0.90298146,0.71954453,0.67944264,0.22897193,1.2028596,0.0,0.5021301,0.5209352,0.34285456,2.3495111,0.111075155,1.4944929,0.44389215,0.59454733,1.2195681,0.5163465,0.44018257,0.39892897,1.6941665,0.0031567086,0.73247045,0.91138333,0.13583905,0.452091,0.6879402,0.32444564,2.6198566,1.1713325,0.675583,1.74064,0.8481489,0.07922281,0.17762153,0.025892662,0.108554,0.8271609,1.1647861,0.09587359,0.36065292,0.42157695,1.1813627,1.000583,0.48935068,0.34925103,0.0010786147,0.0020232631,2.8279667,0.4968219,0.593556,1.0654485,0.19653985,0.8322113,0.45765164,0.10560849,0.23017243,1.7121009,1.5642086,0.64211994,0.4923875,0.6362925,0.9456343,0.57798845,0.41645753,0.14982438,0.64022076,0.038443655,0.2876878,0.12652962,0.18233605,0.10663355,0.37694997,0.034499824,0.9131719,0.6854388,3.063294,0.2395843,0.70426697,0.53278106,0.09623667,1.0378186,0.34144345,1.3093582,2.009619,0.18067534,0.5904964,0.37240818,0.27411652,0.46756363,2.0974858,0.23876467,0.67570347,1.3385414,2.4855518,0.15223452,0.0,1.5580844,0.047627166,0.38567504,0.15701567,1.6639893,0.4604228,0.2909137,0.0076355482,0.9666891,0.52646875,0.43553278,0.63130456,0.7854946,0.29006413,1.3753679,1.0727957,2.0724528,0.54177773,0.252865,1.0898327,1.4859228,1.7113601,1.6918737,1.5801786,0.9367467,0.4437872,1.2745401,0.06775002,0.15292817,0.84972066,0.47204325,0.6274727,0.37789705,0.6523034,0.7336326,0.45162013,1.5924288,1.2762264,0.0570834,0.9742921,0.18344809,0.7405,0.6629917,0.57355636,1.8587743,0.11223117,0.4700838,0.7403547,0.44917443,0.0,0.47625452,0.42941055,0.8486402,0.24549882,0.7412257,0.52370584,2.0184216,1.2562342,0.10142784,1.6928606,2.7450724,0.82548046,2.7034953,0.055479515,1.1851805,2.5614095,1.3788449,0.34449583,0.0118646305,0.5618338,0.97391695,0.0,0.16835335,0.35928553,0.36039862,0.32880414,0.0020293677,0.8437434,1.573756,0.5140951,3.610995,0.7402318,1.0994656,0.93597907,0.09975173,0.58285123,0.8828097,2.5056655,0.6369372,0.79297155,0.8689603,0.15437491,1.2129209,1.5431216,0.49566263,0.24943063,0.18756351,0.6797509,0.36129418,1.1893537,2.1849399,0.17643873,2.5558767,0.4047422,3.6739495,0.17811295,0.107649386,0.6554203,1.2552372,0.20246316,2.5562773,1.5146832,0.7117917,0.39512193,0.029922755,0.6122506,0.43708807,1.3853284,0.6572487,0.028590966,0.086806685,0.13256353,0.18278535,0.32180652,3.8011749,0.8329569,0.022090197,1.1964134,1.3361303,0.9994025,0.5507717,0.2689425,2.1259577,0.118036255,0.48932576,0.9892644,0.41048434,0.69520974,0.8223593,0.61046225,1.8662875,1.0536565,0.70723724,0.03089835,0.8173264,7.3984666,0.6615202,0.37092984,0.41456962,0.92046076,0.014779799,0.10344298,0.5843365,1.4967648,0.107093096,1.667321,0.25717726,0.051666092,0.09353447,0.4289075,0.30608833,0.07323456,1.2965481,0.6946641,2.0677865,0.07966545,0.029489323,0.19860442,1.0782788,0.38176048,1.1508634,0.1688944,0.28031108,0.794566,0.38600674,1.2314366,2.7002807,0.3318,1.1478083,0.015715899,0.17865233,2.1272984,0.20916729,0.5483843,2.3822927,1.1064619,0.21811931,0.4917271,0.0,1.701703,0.6767557,0.32110855,0.36998582,0.8322793,0.73278254,2.4370854,0.9516137,1.0279895,1.7168797,0.038898237,4.4428387,0.021093901,0.50912714,0.21905194,0.15770563,0.67720187,0.4208777,0.5710132,2.7433636,2.883886,0.6095503,0.7767846,0.020967867,1.7328513,2.8352265,0.45300585,0.22858109,0.06417542,1.4627178,1.3033129,0.4544754,0.64588046,0.18626079,0.016055709,1.2630605,0.025697807,5.0673637,0.2769831,0.71036786,0.024980327,0.15407455,0.046657804,0.55526054,0.39374012,0.24214773,1.1959323,0.66893363,0.41288725,0.7322891,0.6526883,0.2982759,1.3496257,0.021298865,0.33635756,1.2456056,1.4464597,0.184035,0.41487315,0.340943,1.2460506,0.35887545,0.49819577,0.62238103,2.503208,1.0191901,1.7541466,1.1552248,1.984502,2.74891,0.21431811,0.82398415,0.02594701,2.207788,0.20298854,0.13949585,0.835036,1.2423693,0.038322832,0.20623724,0.042787638,1.0182632,0.28836676,0.106697656,0.029027259,1.1988661,0.40254351,1.7664042,0.018756842,0.49356303,1.1950736,1.9562736,0.3896806,0.7569359,0.2570903,0.47997594,1.2529649,0.8537242,0.3453008,0.17693573,0.17130369,0.04149383,0.21108215,0.659611,1.2050133,0.03789214,0.27935275,1.7747294,2.0285165,0.84276026,0.7248322,1.0683901,0.0,0.83949447,0.39005464,0.211715,0.06527489,1.2732278,1.0506335,0.08573804,0.94029844,0.0588214,2.0260804,0.50485873,0.99307936,0.9228361,0.050231487,1.3642681,1.1611811,1.2135433,1.337877,1.4618673,0.9423772,1.3235078,0.124680564,1.0208721,0.9488799,1.4111948,0.8238773,0.5327377,1.360695,1.0981354,1.167498,0.079689346,0.3236255,0.82838184,1.3491467,0.27257517,1.8992691,0.8667598,0.050484706,0.11701441,0.2017603,0.2918499,0.80082124,0.037471898,3.207862,2.0093455,0.13746817,0.24984665,0.073659696,0.19559348,1.8751653,0.01148787,0.30365053,0.6129032,1.175852,1.5877261,0.7867168,1.0662344,0.01987653,0.55852383,0.0,0.7522438,0.0,0.66235083,1.0382618,1.8009874,1.2396382,0.4035688,0.2625907,1.4594061,0.63799953,1.7461187,0.7158339,0.66360164,0.32276982,0.056479763,1.0847635,0.024832537,0.104503505,0.19302626,1.0185983,0.88064104,0.00056003366,0.41715893,0.4805051,0.569641,1.029469,0.17272761,0.50130904,0.023771118,0.43963274,0.5502796,0.26061377,0.5500107,0.44296628,0.7688485,4.2227106,0.56199247,0.37282827,0.7206467,1.264326,0.47119412,0.01234793,1.3733739,0.010966774,0.78044116,0.7581701,all_pothole_images\pothole_images_2_image_217.jpg
0.46704677,0.96127206,1.1025674,2.183803,1.644133,0.13380179,0.77824557,0.73953867,1.1104964,0.62932676,0.115879364,1.2084936,0.2842036,1.3135235,0.29219124,0.08874608,0.06784107,2.3893332,0.7256059,0.07178088,0.73906875,2.3177464,0.4829547,0.5758519,0.9311089,1.6547786,1.7074823,1.2132874,0.13661219,0.92699057,1.4719834,0.33853906,1.1172103,0.8624391,0.8089417,1.2732855,4.157468,1.1878326,1.4152436,0.20665869,0.33853924,1.1869886,0.8213481,1.1334804,0.6082817,1.0453783,0.47499338,0.29814166,1.549319,0.29899716,2.4307425,0.3249701,0.8440178,0.10282811,0.08012867,0.17584892,0.10893508,0.07768829,0.006817176,0.42514744,0.52037275,1.5797267,0.055680204,0.0,1.2952479,0.42827034,2.2712367,1.2581726,1.077352,0.11967457,0.35102516,0.5159694,0.84335095,0.3047278,0.00040828885,0.02009143,0.17688572,1.0830196,0.13758188,0.041934606,0.5064477,0.13099192,1.9573337,0.36007565,1.5984322,0.21977253,0.036510758,0.15765202,2.5171838,0.110818066,2.8655245,0.54745454,0.1707992,0.71898866,0.63134074,0.3338749,1.9867002,1.1575735,0.9453447,1.0190161,0.59489024,0.46961403,1.4380816,0.24577236,0.14773059,0.78266793,0.0,0.6168552,1.6864024,3.736675,0.7517477,3.0176802,1.7152294,0.5779748,1.1110662,0.63506645,1.4385946,0.25331423,1.8341976,0.09994558,0.4775822,0.8915159,1.8343283,0.54602945,0.28146395,0.2193612,1.0670613,0.8558401,0.5014792,0.4189479,0.14641002,1.0124475,0.5527212,0.5886068,0.43853736,0.19016078,0.23703793,0.13745363,0.30487874,0.42026827,0.90906197,0.0838249,0.05853925,1.0010087,0.96162844,0.5794613,0.6594761,0.4358044,0.30000615,0.1601934,0.118902415,1.3342725,1.4675664,0.052075345,0.92758155,0.35916132,1.0298203,1.6961708,0.6103277,0.5297596,0.740997,0.23389146,0.38298154,2.0207593,1.3042612,0.12672734,0.9803544,0.19281158,0.5959124,0.53035605,0.53753674,0.6773118,4.200805,0.06614189,2.182432,0.46816128,0.11643048,0.06717794,0.73722047,0.35800424,0.73838705,0.6901326,0.11080286,1.5737795,0.7789867,0.26584294,1.032099,0.8861912,0.03132279,0.97100705,0.44651598,0.16727681,3.3042364,1.3930793,0.30217436,0.030910065,1.8404502,0.8532573,4.1317096,0.070129156,0.049375612,3.0085735,0.75296,0.57741606,0.61585104,0.3978127,1.8647357,0.14821343,2.2971735,0.90742093,0.80289483,0.112926215,1.2914461,1.0936005,0.4780805,0.081847645,1.7959969,0.56778675,0.11338226,1.64793,1.0266128,1.11457,0.9596534,1.22747,1.4630603,1.9192959,0.11082888,0.84536994,0.051898766,0.97559714,0.8245918,2.260231,0.7551057,0.7422804,0.1302474,0.33833617,1.1009202,1.9378403,0.0,0.93963325,0.37561607,0.0,0.26877913,1.2050462,0.19273539,0.59452236,0.69543505,0.2013049,0.27785674,0.81254345,0.20328724,0.30309302,0.5113196,0.28657374,2.396567,0.9976706,1.4393992,0.03573911,0.74422103,0.28088495,1.2698706,0.29314035,0.4312868,0.66482717,0.11363439,2.586591,1.2907276,0.94968855,0.22461182,0.6124075,0.35224012,0.0,0.3817812,0.73439896,0.61153626,0.9731474,0.5555355,0.30058223,0.13112095,1.536201,0.016586484,0.36225778,0.036238797,0.13197681,0.18767472,0.044076577,0.6305189,0.9141142,1.9247036,0.47879174,2.1548078,1.6508558,2.783967,0.036825683,0.051606867,0.91360956,6.324848,0.73196083,0.115168855,0.76822615,0.34751013,0.90316886,0.29644075,1.4573582,0.0,0.19687976,1.1544904,0.7799325,1.8863704,0.036232986,0.37495887,1.6273332,1.5553098,0.04598864,0.25103813,2.7313166,0.04657609,1.4652171,0.94610965,0.9463237,0.55128866,2.1104925,0.8643302,0.09924719,0.27604005,0.33763593,0.0,1.468474,1.0353212,0.45351633,0.9343889,0.22643143,0.038192492,1.0806915,0.27753052,0.31935605,1.0933369,0.41057795,1.0594879,0.56063396,0.4357763,1.951567,0.23178892,0.2972786,0.37261122,0.99427044,0.58458513,0.4616135,0.19998063,1.1217313,1.3789545,1.9223305,1.3320496,0.18043378,1.478316,0.49180135,3.9768856,0.035697084,1.0790228,0.31763396,0.9626864,0.71697,0.2131266,0.31841397,1.8357576,0.35379946,2.6719568,0.45191184,1.898723,0.49980566,0.30116048,0.46323308,1.3768011,0.18313178,0.04398109,0.021853646,0.83174527,3.1730158,0.06514719,1.2307935,1.9445732,0.32566106,3.0275893,2.6357586,0.20493707,0.66312444,0.9445143,0.12104499,0.2744104,1.2428708,3.129607,0.56375575,0.16660687,0.14469232,2.8513043,0.10410087,0.35948783,0.5617184,2.431129,1.301169,0.25455543,0.19029307,1.1357667,0.38371778,5.0128922,0.3702824,0.96107304,2.690193,0.0,0.994119,0.7271652,0.49993578,3.2167358,0.6688414,0.67401963,0.19849382,1.1375622,1.2538203,1.1470512,1.3700324,0.5897676,0.0093357945,1.5745217,1.0390805,0.23910792,1.2382886,1.2677561,1.2841198,2.003221,0.4035839,0.013605334,1.1924441,0.41209808,0.2230332,3.3812454,2.6930928,3.200024,1.5421592,0.13969935,0.9746316,1.6213908,1.1267356,0.9494216,0.51212704,0.07327441,0.24670668,1.6443894,0.1266612,1.0125407,0.91185987,1.2991614,2.086625,0.8029953,1.1432897,0.2357826,1.5238787,3.4376395,0.9728427,0.43866557,0.29648602,0.16332957,2.6335542,1.3399396,0.938303,0.47539812,3.1168375,0.27729294,0.5648159,1.0263814,0.31633788,0.14964336,0.9168008,0.050879784,0.76898706,0.09057763,0.0,3.0853791,0.13335109,0.59053797,3.4730108,0.5521151,1.4406027,0.31452584,1.5373935,0.19645335,0.67793864,2.4871058,0.5776596,1.5447332,0.07686392,0.41574126,0.3268678,0.6418402,0.320322,0.42801386,0.3394955,0.9644354,2.0419347,0.1832299,0.07520776,0.15743388,2.302138,0.41417646,2.9747064,0.34652093,0.001122294,0.17503786,0.29868984,2.2109363,1.1544245,0.42747197,0.3063162,all_pothole_images\pothole_images_2_image_218.jpg
1.1919038,2.1030023,1.2773545,0.6252431,0.5760744,0.35012907,1.5763501,0.6789905,1.8076863,0.3276797,0.87628007,0.37567177,1.1152933,2.9550579,0.76734066,0.3457455,0.225067,0.8380328,0.39760748,0.13418366,0.95183134,1.1065063,0.35960242,1.1444066,1.6305194,3.2844167,1.9689159,1.1547437,1.8316861,0.040386073,0.05994428,0.7663433,1.5054561,0.16045636,0.31086895,0.28497824,0.2878899,0.6193554,0.26129952,0.45104015,0.43393648,1.2228317,1.0975174,0.2748762,2.3881502,2.1860292,0.5315142,0.2823815,1.0911206,0.05915064,0.814187,0.9306834,0.6341523,0.29219207,0.0619971,0.53740346,2.8402386,0.006161851,0.38652563,3.4674475,0.011141179,0.260284,2.3336074,1.357475,1.4324002,1.3466532,0.1349102,0.0,0.09466878,0.05269963,0.27297077,1.031694,0.15354502,0.40080392,0.1699968,0.428388,0.51961774,0.7867083,0.26836824,0.6976763,0.9073776,0.0,1.6685106,1.7406536,0.48551208,3.7548435,0.45680037,0.3084216,2.3681388,0.9344544,0.26602668,0.5806522,0.73774004,0.6019405,2.8827147,1.6646281,0.7096006,1.1087077,0.4102763,0.9062113,0.3773004,0.94230384,2.0041068,1.5821788,0.6345796,0.4403393,1.1087598,4.5547767,0.6766327,0.9857446,0.2753191,4.4845085,1.023026,0.5193245,0.11053719,0.42058647,1.1904169,0.36669034,0.8911406,1.0799637,0.59788823,0.35853615,2.5988567,0.017524123,0.02020938,0.013181311,0.14892152,0.049525183,1.7912071,0.14068574,0.95807755,2.0699954,0.66792387,2.7095437,0.09417914,1.0690966,0.13795169,0.24715789,1.2852747,0.008787305,0.65123755,0.44365457,0.020047009,1.1269822,1.2587565,0.38979217,0.08035734,0.07813725,0.45902216,0.40705252,0.7885737,0.13169722,0.0719952,0.0053681345,1.3685007,0.8509422,0.58273774,0.4680298,1.5897809,0.1802118,1.0859234,0.87293273,0.32998446,0.30872974,0.45847562,0.4287722,0.41490397,1.8578721,1.5579566,0.10839695,1.0914305,1.9961544,0.6529318,0.50663257,1.6702307,1.2546983,5.408627,2.3514419,0.23483871,2.2906976,0.26846159,1.3751491,2.8883047,0.6873792,0.9239647,0.07793075,2.084781,0.40573007,0.010881319,0.16028711,0.59702605,0.0074456003,0.09516713,2.065555,1.1088796,0.29437834,0.92831326,0.14831714,1.8560272,0.9154602,0.23525928,0.25744224,0.45142365,1.5441477,0.49629936,2.6151836,0.50598025,0.8802234,1.0127962,0.53247744,0.6512201,1.6663603,3.1318521,2.8421042,0.6377095,0.8828042,1.903652,0.37011847,2.8773427,0.0,2.3318577,0.35040033,1.3206664,1.4626322,0.10852581,0.35536122,2.3458698,2.3096073,1.1924435,3.7831783,1.4160184,0.48721454,1.3820287,1.3420979,1.6999844,1.9142349,2.217197,1.1935737,0.15040123,0.66688615,1.0034859,0.8934606,2.174444,0.27077273,0.55493355,0.057395782,2.293337,0.7525561,0.8787113,3.1363738,3.3690066,0.036980197,0.18160675,0.1849902,0.0980481,0.05121718,2.3192165,0.35300878,0.8695919,1.3753612,0.3060052,1.5503082,0.31471103,1.2637596,0.12253721,0.7990886,0.42444834,1.1610898,1.3218406,2.624505,0.17389902,0.275015,0.82313865,0.044902373,0.20161872,2.2249885,0.39543727,2.1458247,2.478308,0.90839654,0.23554112,1.5149909,0.0,0.071735494,0.7636218,0.35185575,2.7205565,0.33125547,1.3461308,0.19500475,1.0152048,0.92390627,0.30972818,0.9273121,0.44835955,0.20091484,1.2683425,0.18002062,1.2790644,1.8749295,0.028234841,0.22591484,0.44520378,1.2998047,4.126094,1.1035883,0.0016875103,0.14925146,0.52713454,0.15497172,0.0856943,0.9365847,2.4114408,1.6828797,0.08830777,1.719611,0.3713178,0.8337194,2.1551182,1.77901,0.01466551,0.5564248,0.91891074,0.28758544,1.9221344,0.8498018,1.1028218,4.174918,0.17027524,0.81614137,3.6069646,0.7715678,0.0,1.0155357,0.01053383,1.9027662,2.3190484,0.3640019,2.6200485,0.81032395,0.32314694,0.8173892,0.79321855,0.8153792,1.7029215,0.22016655,0.2684128,0.32888275,0.46642387,1.5111421,0.57602817,0.7036401,0.5552944,0.8674001,2.9555764,0.13984527,2.7943358,0.109026335,0.2575091,0.04158709,0.940787,0.3847791,1.0399837,0.3231381,0.0,0.48475507,0.53856415,1.8110493,0.6624642,1.1396047,1.6141083,0.090518095,0.25554994,0.6791176,0.16781464,0.07054282,0.152028,2.9137006,0.098625265,2.070451,0.099748164,0.077189356,0.3051834,1.4108678,4.4375567,0.005484126,3.4351523,1.3507702,0.0,2.8120463,0.15845369,0.40642133,0.074944,0.20419464,1.1088749,1.5602541,0.80591816,1.4468212,1.0588745,0.09221039,2.6716452,0.4684539,0.08862722,0.6927132,0.020567149,0.041845325,1.1784296,1.653853,0.9367031,0.8156307,0.07884163,0.903539,0.459183,0.81111866,0.24019021,0.38984323,0.5549862,2.3637307,0.65133286,0.95519185,0.89477396,1.0337346,0.37047398,2.8550708,0.90575296,0.07655036,0.16212372,5.5529375,2.7295818,0.03323555,0.95052785,1.8622124,0.28961062,0.6290392,0.7260501,2.083902,1.7069987,1.8730212,1.1665121,1.034617,1.4623415,0.1531421,0.037997417,0.036939755,0.11572482,1.3262569,1.9364238,3.1104,0.61159027,0.072236106,2.5163827,0.29243717,0.023014097,0.36595306,2.6674666,0.3780819,1.2324888,0.071966864,0.021515258,0.79728085,1.0419481,4.987234,0.8074654,0.25405467,1.1993362,0.111074336,1.2696368,0.32244876,0.0052461405,0.26614332,0.8287819,0.6907,0.14643694,0.08467233,0.24539453,0.21914476,2.6276767,1.6965134,2.311936,0.19782178,1.2416784,3.0086446,0.17511234,0.5239437,0.046131484,0.60513866,1.8330015,1.9351629,0.32344022,0.16554166,0.47360584,1.5189366,0.002943082,0.52894783,0.3143844,0.1053395,0.4170571,0.76109785,0.013111495,0.82719654,0.502742,1.6979927,0.17215642,1.7518768,0.01613386,0.25264332,0.056157622,0.61205566,0.023436284,0.38192794,2.190852,0.6376096,all_pothole_images\pothole_images_2_image_219.jpg
0.1654306,0.8726215,0.36893404,0.35198677,0.21992375,0.07113578,0.03173223,1.1400906,0.33169368,1.3382176,0.0,4.0828195,0.37785745,0.37742785,0.26597974,0.2020155,1.9092348,0.36960492,0.052942235,1.039907,0.33726683,1.4005699,0.0050216215,0.71590674,0.9300329,0.09646136,0.051070854,0.43201527,0.12127731,1.7986267,0.97521615,0.7403222,0.9430759,1.2823961,0.90601075,0.041673202,0.13231753,1.095933,0.11455578,0.12255413,0.14496566,0.6989121,0.87274945,0.3243743,0.21554302,1.4027737,0.37050462,0.10854512,0.22036707,0.27683613,1.136647,1.009188,0.38207188,0.822682,0.2712422,1.3551805,0.79508466,2.346206,1.8869057,0.21985233,0.29797712,1.5189811,0.8285386,0.04021162,0.9529191,0.9104508,0.23619312,0.7365701,2.432497,0.41323325,0.67741966,0.40198418,0.35936838,0.308636,0.376298,0.42014328,0.29714,0.34729034,0.43818983,1.0678172,0.76636255,0.714756,1.9690075,1.5027539,0.6560194,0.79600877,0.25768825,0.8021847,1.1966748,0.7804423,0.32384837,1.6101544,1.3965067,0.49889377,0.036373537,2.0445886,0.29291564,1.4827634,0.09790835,0.96685714,2.7996154,0.02956041,0.0142503735,2.539798,0.08223694,5.111687,0.89453876,2.0683591,0.47170162,0.20989259,0.15481041,0.43435872,0.0,2.3301606,0.26439232,0.1872626,0.67303807,0.52168083,0.0081247855,0.74423105,1.5751513,0.8644746,1.0787503,2.4567041,2.6537235,0.014925259,0.4616029,0.17593914,0.21540324,0.6324233,2.8768055,0.19164494,1.9070259,0.84419465,1.3386878,1.0679698,2.1952431,0.05134592,0.2204307,0.44931966,0.004956095,0.8820408,0.41075444,0.21618964,0.14288838,0.6720836,0.18742423,0.91992784,5.7251476e-05,0.12185885,3.2146401,0.015520038,0.24753496,0.9251475,2.181074,0.03476796,1.2047902,3.069321,1.6142522,0.14894882,1.3210121,0.81986123,0.12876436,1.4299085,1.403774,0.06116396,0.67563146,0.38615677,0.67123806,0.6907608,0.13998596,2.5346346,0.62598723,4.7296147e-05,3.555119,2.9961343,0.6323028,0.05223618,0.03888803,0.7534828,0.17246951,0.4894186,0.0667465,1.9819112,0.85386664,0.06307848,0.113778345,0.13522607,0.98716867,1.4787859,0.79092795,0.5689409,0.99461555,0.5788718,0.96070784,0.0,0.6497159,0.6052125,0.3103143,0.3096137,0.7279646,0.18864264,0.024458077,0.5391998,0.09929026,0.7171704,0.5350875,0.085165314,0.3308045,0.40648225,0.29942903,0.42429277,0.41608474,0.71641463,0.15300025,0.7930018,0.13982636,0.005695262,0.33707404,0.15253028,1.2033986,0.9991247,0.0,0.85232013,0.40568358,0.22506891,0.70701927,1.3104864,0.30774987,0.66481155,0.0,0.063948534,0.70683014,0.7500744,0.098926604,0.22160016,1.2697077,0.3917247,2.1758304,1.6786271,0.88532794,0.6900277,0.7892714,1.5197688,0.31860813,0.5679017,0.95117515,1.4686401,0.8573907,0.23170398,0.20407842,0.9052696,1.7137067,0.3196757,1.0218192,1.055576,0.0,0.89856803,0.6110637,0.12917668,0.19381398,0.43790123,0.59015644,0.911519,0.60191035,1.9899354,1.4503237,0.6434861,0.7758316,1.3466301,0.030037768,1.0038587,2.0514333,0.00067711156,1.0930785,0.67383456,1.3118165,1.6216199,3.063654,0.4073529,1.5101521,0.39037314,1.5640355,0.9078949,0.0049085277,0.8399362,0.3350188,0.10968842,0.18454288,0.28494683,0.65449095,0.24254578,0.9001918,0.86478335,1.7254106,0.92680186,1.6376264,0.84730655,0.27543092,0.31456023,1.7413437,0.8047916,0.7172396,1.0965704,0.074654214,0.33187458,0.21461946,2.2670107,0.42375237,0.85942054,0.031622756,0.14397992,0.26407757,0.1572017,0.5603714,0.5914835,0.55055547,0.7119258,0.28482044,0.95330536,3.6028743,0.03269515,0.90609,0.08750064,0.32533738,0.9502534,0.13087733,0.8781108,0.09104569,1.0611705,0.094280496,0.91577303,1.057304,0.10745865,1.425722,0.4503628,0.007516283,0.13711925,0.17171161,0.22096093,0.03936164,0.026662402,0.5964956,1.4159231,0.42719337,0.24692492,0.096171886,1.658833,0.32499602,1.3577077,0.13182919,3.4506857,0.07548264,0.0,0.4472414,0.92960215,0.2663019,1.8507217,0.8689349,0.41806468,2.7551577,1.2095146,0.8493976,0.023152847,0.46087265,1.3810833,1.8325634,0.5407802,0.12528184,0.76267725,0.2394596,1.0552381,0.73688483,0.31655356,0.18383944,0.37203133,0.56982774,0.7876892,0.4711387,0.8494259,0.15655734,1.179744,0.042532522,0.57560223,0.7593029,0.122410014,0.011253168,0.95781136,0.1320268,0.7794749,0.03612482,0.62655944,0.29754454,0.07596515,0.944702,0.48402435,1.4858854,3.7562735,1.1660024,0.65177006,0.65843356,0.24806622,0.20981951,0.77125216,1.9710478,0.7187483,1.6661522,0.98022693,0.26832077,0.065671735,0.33106235,1.1702415,1.1783515,1.0646245,0.13507292,0.1937066,0.90585124,0.11777695,0.04497752,0.7988399,0.16182695,0.0128838755,0.7472772,2.5337882,0.28274202,0.00077987986,0.777667,0.17954217,0.6065113,0.5157503,0.0,1.3323524,0.07274517,1.260452,0.021015013,0.6632683,0.09720238,1.1435121,0.0076642404,0.62510526,0.043583363,1.0187899,0.68692327,2.1193495,0.77516365,0.0046717324,0.41192785,0.044947993,1.8316973,0.5910954,1.0698296,0.04773891,0.9268441,0.13765831,0.473835,0.6921553,0.004100007,0.48767275,1.6261132,0.023218347,0.57343984,0.5814908,1.4851272,0.196004,0.28145763,2.2559865,2.502098,0.41836616,0.952485,0.072535336,1.2560823,0.44414425,0.09533622,0.014450698,0.1063454,0.3974336,1.3429568,0.46368742,0.07986898,1.302967,1.0055549,0.5242147,0.348769,0.2763833,0.59079725,1.1782236,0.4357136,0.96143126,0.92342937,0.98978156,0.23482704,0.28336325,0.56075186,0.6033224,0.19650683,0.7155875,0.4918226,1.8095301,0.11942133,1.0061518,0.34193677,1.8963665,0.0053533437,0.82102185,0.5841297,0.83904046,0.3560089,0.29877,0.0,0.15930131,0.3227047,1.2198321,all_pothole_images\pothole_images_2_image_22.jpg
1.0824635,0.9740528,0.31372547,1.7327276,0.63545585,0.4314494,0.26220524,0.08727485,0.1423858,0.33630517,0.08279127,0.21792524,0.027235555,3.2796073,0.11305474,0.0105016865,0.40253893,0.2016416,0.34456113,0.70041734,1.0446286,0.7905165,0.41748968,1.5233244,1.1021065,0.3624249,0.5948945,3.3184826,0.15757146,0.14368938,0.6432114,0.29458675,0.98105353,1.0446706,0.13061401,1.2352066,1.1336491,1.0663661,0.048282057,1.2712886,0.0,0.49992207,1.2081667,1.8287151,0.44792598,1.147474,0.3495681,0.66706353,1.0439345,1.6240911,0.7108251,0.17924127,0.5581088,0.057607904,0.1145848,0.8639081,2.0411863,0.35442084,0.512469,0.12222215,0.13837264,0.33259326,0.29157802,0.19773243,1.0399059,0.9521353,0.8820231,0.8387465,0.09473313,0.89370835,1.1074113,0.019530308,0.723708,0.33599788,0.66806763,0.15777174,0.25385416,1.9501908,0.23938182,0.9611905,0.010826327,0.60621375,0.82825154,1.1631372,1.1684122,0.61899817,0.25368163,0.75397414,2.4131525,1.0240396,0.58663213,0.33130965,0.06126544,0.020117074,0.21567589,0.6617134,0.12462104,0.4343449,0.8818015,0.0975091,0.01851087,2.343658,0.42296422,0.3095508,0.36055648,0.18476428,0.056184158,1.9658903,0.02786012,1.196256,0.114577,0.3267217,0.8188878,0.7193789,2.153578,0.19488871,1.6693968,0.09990353,1.0089538,0.55835164,2.0467722,0.18642928,0.10017252,0.7021068,0.1404445,1.7202572,3.2606986,0.8673771,0.53695905,0.68961924,0.4910851,0.103159554,0.35027912,0.51171154,0.7751193,2.3553088,0.7733316,2.1056232,0.07349838,0.3805218,0.9324115,0.5309827,0.11089498,0.48676684,0.17091039,0.86972463,0.044578493,0.27878293,0.2916187,0.17964947,2.163379,0.6962416,0.5561576,0.017175198,0.5413114,0.47105193,0.6848674,0.48162627,0.45753384,0.19131954,0.845682,0.4861691,0.123680525,2.5019522,0.9801777,0.9732076,3.0180972,0.015516743,1.2021548,1.2042409,0.4969378,0.4502985,0.07368642,0.24068956,0.76509506,0.40421677,0.55676293,0.45540243,0.09042245,0.01749835,0.0,1.1500987,1.2796376,1.8274045,0.76106524,0.38700655,0.588993,0.37657762,0.33082062,0.7105554,1.3223389,0.23922749,0.59436005,1.2792817,0.73628545,0.30420053,0.7549149,1.4748704,0.27834013,0.44879273,0.58231306,0.43040097,0.027479907,0.29701215,0.09135875,0.7374307,2.4126165,0.475081,1.0157658,0.13874069,0.24838835,0.7278146,1.278454,0.91444784,0.77655727,1.5268986,1.0477651,0.44780636,0.4524175,0.22525929,0.95081764,0.0061318567,0.20199779,0.7460888,0.10542177,0.29273966,0.8372633,0.8751344,2.320409,1.1601964,0.43530872,0.39807937,0.42640775,0.47589105,0.26682758,0.056377888,2.2832396,0.1646948,0.11069146,0.038535457,0.5829341,0.22527176,1.1217244,1.0675436,0.12431968,0.120142564,0.044160873,0.23987517,0.791876,3.5852733,1.1392477,0.37524158,0.09994174,0.9081693,1.265772,0.4820351,1.172577,0.045731418,0.32516474,2.8600364,0.058655426,0.49234995,1.0089915,0.04169609,0.45334408,0.49471182,0.049106665,1.177961,2.3889995,0.06734485,0.64712983,0.0,0.45261356,1.1966519,0.05596994,0.5456632,0.22549835,0.83977896,0.6327115,0.47833204,0.7867832,0.07689295,0.3326307,1.796097,0.93347865,0.3967151,1.426134,0.12232459,0.8369772,0.18245551,0.378498,0.26069877,0.16926226,1.009699,0.16218552,0.31520456,0.5015635,0.21018663,0.13456099,2.4586515,0.24806608,0.54730505,0.06269664,1.9734997,5.7631173,0.4132958,0.030323062,0.34029895,0.7050888,0.55834,0.26825383,1.2991751,3.8799882,0.5107621,0.61531645,0.90722406,0.027331252,0.04935076,2.1425664,0.022181416,1.4540309,0.19377062,0.83289474,0.56721544,0.019898774,1.9282826,0.55352473,0.1708343,1.4257196,0.40580368,2.4174273,0.39192504,0.3722552,0.21958202,0.0065617175,0.054928597,0.7968634,0.072928466,0.47827482,0.06811417,1.2440643,0.8642009,1.1141747,0.29466143,0.45646137,0.15837364,0.75912195,0.3980388,0.30069757,0.34382847,0.3694742,0.2994568,0.37303433,0.96278846,0.1050275,0.008954175,0.20264544,0.6813239,0.1322541,0.96801925,0.2794052,2.279341,0.4846708,0.8880016,0.0070167193,0.33770415,1.3467768,0.263612,0.2846904,0.5134454,0.6193114,0.19051197,0.4272583,0.6191378,0.39612025,0.90236413,1.3011873,0.10955437,0.5730471,0.670389,1.3778292,0.01241585,1.0424993,1.8114929,2.0170908,1.8483613,2.359114,0.16946122,0.3074812,1.4963852,1.0853089,1.3065685,0.22730567,0.098986834,0.008901083,0.48203424,1.5388137,0.5948352,0.21997327,0.35632628,0.14933155,0.9176455,1.0294832,1.585253,0.96669173,0.11990619,0.9799675,0.7109676,0.6566003,0.44338992,1.3429892,1.0843434,1.1034024,1.4512422,0.21398477,0.13643311,0.56475055,1.3189377,1.1213175,0.1065911,2.5381722,1.1028111,1.7632054,1.8383611,2.176504,0.40845495,1.7662537,0.37008044,1.3478767,1.2707973,0.7414381,0.30767694,0.32419312,1.1592804,0.93387026,2.961381,0.2478796,1.588723,0.111652926,1.7981857,0.111693926,0.33987007,0.027727835,0.2775696,0.17735831,0.009424582,2.0562959,0.85179406,1.4293666,0.61957484,2.5733707,0.5401454,0.37258723,0.5529422,1.4242197,1.4956431,1.941142,0.6547671,1.2326537,0.7547188,2.5499268,0.010484788,0.24672158,0.7269624,0.027761007,0.44636285,0.44963253,0.0840522,0.90724146,1.0890739,1.0991707,0.69431007,0.0016842064,0.5734663,0.27180576,0.23718281,0.016620152,1.4994173,0.26957995,0.7393715,0.6871966,1.8527715,1.6327542,0.5629934,0.25055748,0.6953473,1.0251757,0.13439603,0.20677052,0.31769884,0.6724036,0.42349648,0.56522775,0.41769442,0.20753774,0.012967017,0.056517165,0.12865417,0.16905493,0.40335253,0.40463808,5.258712,0.6089864,0.96028215,0.5603545,0.70436513,0.07505471,0.53089774,0.11515088,0.085768476,0.4519046,0.8849864,all_pothole_images\pothole_images_2_image_220.jpg
0.37258124,3.007349,2.5716236,0.64176893,0.42408416,0.71958655,0.23115839,0.10747773,0.31129652,0.5815301,0.28203988,0.36774728,0.43197194,0.21476106,0.319568,1.5233537,0.76238763,0.2921214,0.59640294,0.011326573,0.42327374,2.2321231,1.1774738,2.1797159,0.27323622,0.19776708,0.3331066,0.81340086,0.34216613,0.9908344,1.1945182,0.38196367,1.9254265,0.3521265,0.42493096,0.5831897,0.14049198,0.17106305,0.16981156,0.35008696,1.0338781,0.1746096,0.03877263,0.39014435,1.5666728,0.11965171,0.24772145,0.26985902,0.16991152,0.23863465,1.2680463,0.026584212,1.3914826,0.03249339,0.080095336,0.29514,0.5366714,0.21184237,1.0922225,0.8060171,0.0024508848,0.56210124,1.5039862,0.68689764,0.31465542,0.7314597,0.7303808,0.16715237,0.68926424,0.27383232,0.13134392,1.2924188,0.82681143,0.19885723,0.025247049,1.8175629,0.25868097,0.706205,0.05495286,0.60967886,0.27425995,0.10080369,0.4126165,1.0410265,1.1518272,0.47814816,0.018636258,0.023989849,4.518273,0.6662188,0.0,0.41256517,0.6320455,0.74131507,0.08562133,0.4518697,0.41541836,1.0824081,0.31910837,0.0764824,0.16034135,0.26552886,0.19027472,0.042003814,0.3047494,0.119484745,0.31279385,0.056314897,0.3903978,0.64032185,0.08419418,3.9602928,0.11447913,0.14455521,0.022589074,2.0705512,1.0298945,1.3129095,0.30178693,0.44138733,0.5943953,0.57454234,1.114104,0.5629856,0.0,1.772675,0.0029843438,0.9419241,0.7212274,0.46795154,0.52672076,0.48100576,0.47999343,0.29736078,0.44109356,0.24193834,0.20255555,0.03174498,1.1803068,1.0276,0.046237525,0.74519295,0.0,2.5596309,0.16642171,0.24756604,0.73651105,0.09770722,0.09068451,1.7393672,0.11754443,0.008141615,0.1776696,0.20087664,0.9076541,0.5839672,0.21229702,0.2121343,0.31644565,0.1422575,0.5457575,1.6548795,0.17813234,1.6396238,0.7657933,0.5272006,0.8646536,0.91213936,0.3383399,0.462912,0.101475574,0.0005729913,0.10766837,0.15847939,1.8406465,0.019657115,2.4885187,0.0035728447,0.14388801,0.57684255,0.33481202,0.32820666,1.5217795,1.2958786,3.8742332,0.27882874,0.53234327,0.12049818,0.27382886,1.1642432,0.52256155,0.6324394,0.25427115,0.4868125,1.3190821,0.005565363,0.16323732,1.337577,1.1437082,0.75902826,0.05176351,0.58071136,0.12514518,0.101266295,1.3864193,1.9195442,0.54131126,1.2951773,1.958716,0.25165588,0.041470353,0.07033072,1.4999682,0.8582866,0.15926166,0.6256732,0.2167712,0.38141975,1.0925575,0.22229527,1.8461041,0.068022445,0.34373388,1.7217041,0.31206667,0.28306794,1.2055032,0.33531868,2.048294,0.1455979,0.017455852,0.3150913,0.40646124,0.023911325,0.17521963,0.2028054,0.6228749,0.51753396,0.20737645,0.026272949,0.13169831,0.35492122,0.7102082,0.004451599,0.036880244,0.2382424,0.9711266,0.07987284,0.3530379,3.8276596,1.1953584,0.102635615,0.38276133,0.41784644,0.01146363,0.010680115,1.1350645,0.3852981,1.1926931,1.1832484,0.5599528,0.15606375,0.05989754,1.245013,0.07425198,0.88609934,0.38881484,0.38963154,0.23568848,2.606667,0.12556349,0.040086206,0.05060462,0.1003427,1.0630395,0.8540119,0.99987096,0.9532514,1.7531651,0.75788504,0.20278291,0.90132326,0.54602265,0.5938887,0.7029447,0.5135956,0.009619628,1.2082516,0.33588365,0.30814084,0.16530718,0.38711032,0.83842295,1.0100625,0.4601385,0.4627981,1.0016828,0.9750982,0.85627466,0.53032255,0.18023579,0.87152237,0.66038495,1.2352115,3.6339896,0.36980987,0.02915793,0.41544256,1.3080134,0.14696491,0.0,0.27480948,6.897403,0.87074214,0.24130933,0.010626553,1.1663159,0.0140926065,2.448619,0.71225,0.8482967,0.710703,0.2505536,0.38108888,0.3990242,0.44979241,0.2901224,0.06915191,1.0654497,0.80067116,6.733037,0.477251,0.17207457,0.2273697,0.10550309,0.18509907,0.5205289,0.19449204,0.18663536,0.47516403,1.6497498,0.98506707,1.6699134,0.33210593,0.62415934,1.0169053,0.31175855,0.2588479,1.1624253,0.29074457,0.09726736,1.1126345,0.05311038,0.16221556,0.06345674,0.23025665,0.75802493,0.7122583,0.05685854,0.13392496,0.15360186,0.649422,0.7405332,0.12684253,0.14833207,0.8415043,0.15733522,1.8088162,0.77846247,0.38051125,0.67479414,0.28076714,0.74137723,0.5126705,0.72572696,0.5943701,0.28001013,0.9802623,0.0962724,0.5922269,0.32265252,0.56424236,0.48165143,3.0506403,2.9512136,0.14189303,1.6820788,1.2534568,0.11611685,2.3532917,1.552823,1.4744426,0.0794631,0.10956114,0.08622651,0.13588285,0.0059080403,0.22791414,0.42870045,0.1944507,2.4957993,0.06752275,0.33811277,0.24819311,0.62613446,0.01722495,0.9980821,0.63982594,0.2897061,0.13872974,0.038701016,0.39879397,0.15936778,0.6624804,0.08553446,0.07076051,0.38141814,0.69479275,0.031644106,0.30347303,0.27296194,0.8059083,0.51801944,0.75102115,1.0667777,0.82482535,0.46166256,2.6281788,1.1636503,0.8440575,0.7533155,0.34091175,0.0021582004,0.5653522,0.27547058,2.6669292,1.1689112,1.597911,0.0441161,1.7050228,0.5564069,0.123193234,0.09965859,0.38178724,0.15216999,0.48861125,1.471338,0.57509685,0.65775144,0.5317092,0.79373854,0.64391124,1.137987,0.478426,0.26333445,0.93336016,1.256571,1.3533055,0.46654624,0.56264645,0.22268958,1.4492773,0.5796183,0.74519676,0.22803408,1.1657847,0.59387076,0.5040288,0.4531381,0.5232559,1.3637563,0.57945645,0.63874495,0.104756966,0.122264944,0.14958037,0.034599062,0.0111776125,0.046061568,0.40881962,1.2089772,1.9839789,0.28782976,0.17670994,0.0,0.3643883,1.4513817,0.20693728,0.7444576,0.0,0.475838,2.27235,0.06639528,0.61038876,0.5498691,0.020493101,0.46420026,0.0029826157,0.076981336,0.018314805,1.336792,1.8658696,0.4210364,0.33476818,0.09356664,1.1209819,0.34731627,1.5102073,0.7919223,1.4506886,0.021194028,0.62150663,all_pothole_images\pothole_images_2_image_221.jpg
0.86503005,1.6567115,0.29169264,2.227693,0.16910231,0.3022478,1.0618362,0.35856035,0.41075745,0.6346261,0.5430136,1.3362352,0.9287556,2.092523,0.35494697,0.56718004,0.4880566,2.2152832,0.9969157,0.23237932,1.3375515,0.9802817,0.96808904,0.17203763,2.0449898,0.27787018,0.81245935,2.7636843,0.3731278,0.23146582,1.1710052,0.07697166,0.62792915,0.0054401495,0.5028137,2.1724126,0.04117348,1.020254,1.0042756,0.3180421,0.006278112,1.4412333,0.09542558,0.4530188,0.25461605,0.22989334,0.6369828,0.84112686,0.014547468,0.10017354,0.10343133,0.21970901,0.71248376,0.2113191,0.050362363,2.5006518,0.53747565,0.019489923,0.5815671,0.39916041,0.90924317,0.27721053,0.9629128,0.3058182,1.2648033,2.4399762,0.2081763,0.2235453,0.04697644,2.0637805,0.5388766,0.066297494,0.19098517,0.099201664,0.018830808,0.025709774,0.5761648,0.2781943,0.24246019,0.25451607,0.5876715,0.01775289,1.8757442,0.727558,0.193209,0.054314982,0.15581483,0.014891772,0.642454,0.022043863,0.13227388,0.6351551,0.115316056,0.24376374,0.45644724,0.34599856,1.1842746,0.7199249,0.56276065,0.49329376,0.37587243,2.9432843,0.6724055,0.29451802,0.7871989,0.044949476,0.1422287,0.7923816,0.2505961,0.198463,2.1250641,0.44549796,3.2635558,0.3972055,0.89346516,0.12827638,0.059017584,0.06762359,0.28821307,0.56990826,1.6576273,0.007593179,1.2099633,1.7626536,0.78023356,0.80353093,3.9555068,0.7901527,1.6766475,0.36850712,0.8291781,0.45390612,0.0,0.19795011,0.7016251,1.7591931,2.5711288,0.03687902,0.5333671,0.2454871,2.6365652,0.131363,1.1649678,0.80011916,0.115758404,2.9006784,0.0075819343,0.4188294,0.2897714,0.06254628,1.2278006,1.4801048,0.04350729,0.06566429,0.26630476,0.04622922,0.8099242,0.09126381,0.9892708,0.43557364,0.8141928,1.3900129,0.09060196,1.9186716,1.1900172,2.035237,2.3903513,1.510938,1.9017563,1.9637417,0.72301364,0.3143011,0.013850098,2.389726,0.40173626,0.24279763,0.62997395,0.7457244,0.28125712,0.5790945,0.06501711,0.6948298,1.6217436,0.10340093,3.035967,0.037718516,0.8287278,1.055297,0.051415194,1.1594336,1.2605305,0.45397443,0.09084855,1.9230745,1.2129542,0.027774032,0.40001148,1.528718,0.0930852,1.4574811,0.2937407,0.63444173,0.45638028,1.7050229,0.20582035,0.045509282,0.986143,0.5377256,1.3879558,0.9944868,0.0,1.2805364,0.63011116,0.056570567,1.8832805,1.4358025,0.7386308,0.8085527,0.654978,0.45113564,4.021474,0.280038,0.47270516,0.1092105,0.015743453,0.15366665,1.8690817,1.5381815,1.0960083,0.94138414,0.3561388,2.2082186,0.38386422,0.16990654,0.2523617,0.033517305,0.590763,0.50145644,1.2391028,0.33154374,0.03939106,0.01635568,1.2758775,0.12391333,0.9477877,1.8839896,0.26915887,0.31773412,1.1777959,7.2821693,1.5800735,0.4297937,0.0977063,0.28770387,0.024666626,0.33851618,1.3797055,0.5527886,0.7545306,2.878918,0.14279403,0.14102207,1.4643645,0.073377505,0.112585716,0.6941806,1.0760107,1.221009,4.223946,0.8733929,0.32367107,1.1610626,0.2892439,0.06871049,0.7898446,0.6722552,0.06653873,0.55473894,0.53482246,0.79825795,1.2773004,0.041149814,0.5792114,1.1272043,0.48518425,0.49215946,0.4399294,0.07459567,3.752209,0.14240184,0.0061446927,0.6168588,0.22443593,0.9543245,0.24983902,0.73331153,0.17310269,0.5778207,0.28040096,2.2738752,0.14672859,0.45135662,1.2532102,0.033572618,4.120382,0.010336218,2.0105228,0.09604757,0.08941515,0.9368686,0.6676175,0.68100893,2.1275704,1.2400221,1.9632934,2.3368208,0.35358152,2.2754734,2.9239008,0.5620411,0.080348104,0.020643886,0.81726885,1.2986426,0.9086943,0.0889979,0.14648068,0.0065753143,1.3227559,0.21956323,3.1184075,0.30478433,0.1886286,0.7484548,0.03779957,0.0,1.9921161,0.4087575,1.0031246,0.10710913,0.16365315,0.14104865,1.2680492,1.0439937,0.6806069,1.4256696,0.45112535,0.37577695,1.1762319,0.5734785,3.0175774,0.14628652,0.2663019,1.045793,0.2909852,0.06658231,0.16044983,1.3892341,0.017946295,0.104996994,1.3767923,0.9838064,2.1689863,1.6755232,0.005897508,0.0015644949,1.0851704,0.008431737,0.15124072,0.80902267,0.1829885,0.036570888,0.3504458,0.1177388,0.08152134,0.35212776,0.03311176,0.85480815,0.7927476,0.33812004,1.345481,0.28600737,0.23753065,1.2186013,1.5864193,0.33426058,3.1832125,0.13699959,0.201799,0.6158986,0.77786523,0.2982011,0.086694635,0.15646169,0.0977233,1.1031903,0.18930945,0.556216,0.013361343,0.99611676,0.3590769,0.89004606,0.75184566,0.67847115,2.3131561,0.012759739,1.1269755,1.057464,0.15695882,0.4879717,2.8379989,0.6255225,0.09073331,2.9071941,0.81020963,1.0738654,0.63629717,1.1493479,1.3497128,0.73629946,3.9620588,0.08292109,0.8242899,0.8758316,1.9025334,0.13032268,0.39705256,1.809929,1.3780396,0.16060759,0.6199905,0.44202545,0.0031077994,0.38078472,0.11137174,1.0447203,0.086229496,0.81299543,0.18416145,1.5589763,0.38694596,2.0411682,0.2680413,0.087146156,0.11743069,0.011266511,0.45175365,1.9437754,0.50288516,1.729054,2.0286844,0.13805316,0.87147754,0.17697798,0.19110358,0.8889562,1.4732134,0.15447602,0.2000278,0.105357535,2.728895,0.06007102,0.25932807,0.22375755,0.41150168,0.45977306,0.0013270694,0.0,0.13074172,1.6199918,2.0004263,0.7779518,0.0869867,0.73395956,0.26756367,0.016778069,0.91021353,0.8587642,1.0357366,0.07251037,0.13692531,0.40136972,1.0239176,1.8011343,0.0,0.49224463,0.20574217,0.011064812,0.4739778,0.26133832,0.14266561,1.3665135,0.21168794,0.9053101,0.0006914461,0.47086924,0.10621602,0.027154015,0.33878955,0.39168626,1.0315195,1.5783082,0.14594641,1.3655987,1.9210134,1.2669387,1.2243147,0.44920617,0.3819032,0.19588286,0.060750857,0.5875886,all_pothole_images\pothole_images_2_image_222.jpg
0.5364004,0.68499076,0.5423111,1.0315926,0.7658148,0.51860887,0.32514215,0.51644945,1.3303066,2.627069,0.51401216,0.12301132,0.28385195,1.3522223,0.034435008,1.0976588,0.4963339,0.7415566,0.10337888,0.94030607,0.43329284,0.98847926,0.4263256,2.351022,1.376505,0.9323165,0.37803915,1.8094958,0.45779434,1.2475802,0.30752066,0.3032974,0.9189911,0.60902065,0.7387742,0.77552843,0.55171496,0.6234382,0.274703,0.04429859,0.05426712,0.5086419,0.3387107,0.09418396,1.8678218,0.58600175,0.08685634,0.15767029,3.0711029,0.0988157,1.1942178,0.29781538,2.1313362,0.20276484,0.21192099,1.2234316,1.0622212,0.09962595,0.047589332,2.8386397,0.23769464,0.5477461,2.328058,0.64811426,0.985503,0.9942089,0.4394207,0.17861038,0.12207061,0.2158632,0.4695931,0.6498613,0.0,0.327307,1.1062709,0.5636682,0.21955633,1.5971615,0.009705999,0.37250075,0.39518178,0.69884145,0.6767005,1.5884832,0.28104454,0.441591,0.29152173,0.20891516,2.3940277,0.49003282,0.3883557,1.7248538,1.0103917,0.843196,1.3243022,0.18063997,0.87037057,0.8001315,0.36841318,0.9388804,0.10371294,1.6929812,0.14888065,0.622358,1.9409317,0.12248251,0.65621567,0.8838786,0.06705813,1.0045415,1.159053,0.78388125,1.7596654,0.3837966,0.16910478,1.0896865,1.1794704,0.057624124,0.65491456,0.78023124,2.0312567,0.47914016,0.81193465,1.0971636,0.68157244,0.64901304,0.47964838,0.6654332,0.57569593,0.608566,0.6260347,0.3527283,0.4020834,1.2488494,1.1493149,0.48246658,0.24669406,1.1297709,2.896178,0.18495196,0.505527,0.1727013,0.94085544,3.4177108,0.40566984,0.12589021,0.77192765,0.0,0.2768607,0.41176248,0.22947133,0.110952005,0.61880684,0.07002692,1.3570781,0.7986623,0.33844265,0.4163943,0.090487,1.457782,1.23766,0.115050875,0.7602637,2.587941,1.1974833,0.37759545,0.4553302,2.5009954,1.4075472,1.0001075,1.4808443,0.062166046,1.0743523,0.6290952,0.7525275,0.21057823,3.4207597,0.30094916,0.14293575,0.9628204,0.8914958,2.147372,1.661532,0.73787904,2.9548812,1.2547625,2.6512232,0.5408434,0.13831307,0.89566195,0.6409534,1.823268,0.34151673,0.54796755,0.5004931,1.234821,1.5899813,1.6107228,0.9345276,0.72969675,0.2564923,1.2704871,0.50958854,0.46763283,1.1289188,1.2764003,0.3173693,0.51892036,0.7736384,0.2162069,0.21568471,0.05594189,1.3329109,1.9114406,1.4568014,0.302144,0.25696087,1.0207651,1.4776082,0.5507325,0.82313246,0.42730343,0.79201686,0.29956266,0.0,1.2955816,1.1884915,0.17369702,1.9336451,0.21602573,0.38535634,0.5912094,0.037517145,1.5965881,0.7483401,0.74867666,0.30384624,0.5556808,0.27453846,0.19072165,0.5212504,0.044337437,0.43686137,0.6194599,0.4507913,0.15737607,0.83975405,0.88315594,0.2853381,2.6326673,2.482026,0.30545825,0.06495059,0.29467785,0.6994566,0.24163908,1.3515098,0.604382,1.2998934,2.3349447,1.5911756,0.87377316,0.4903851,0.2332383,0.29625297,0.1319799,0.1161694,0.10561883,0.33253402,1.7302766,0.5308651,0.045205362,2.8021276,0.30477092,0.78812855,1.203679,0.170959,1.1097513,1.6996453,0.14405605,0.13040423,0.9844723,0.88824725,0.26546115,1.6407231,0.33671713,0.7625219,3.2987716,2.1208265,0.74326354,0.33733547,0.690037,0.18129985,1.1722393,2.0002155,2.2536187,0.77780914,0.71352917,0.5204432,1.7456948,0.35621902,0.9408306,0.037903074,0.5690198,2.990608,0.19009463,0.48493233,0.31175458,2.2977052,0.20161319,0.006181673,0.24667892,4.478144,3.2768385,0.40111417,0.38772988,0.316365,0.38928768,1.5752946,0.9950171,0.34535202,0.84837556,1.169137,0.4500236,2.473452,0.90611696,1.279445,1.1829244,0.30219617,1.2226454,2.6016107,0.58536655,0.108586386,0.3850437,1.6085708,0.0827838,0.7037511,0.60282415,1.11799,0.5289344,1.332388,1.0915602,2.2648509,0.77164567,0.6522477,0.066543244,0.34770584,1.1938553,0.9761818,0.58691543,0.16384229,0.30018684,0.09887644,0.8399476,2.1181562,0.111051194,1.4447461,0.6674146,1.4249605,0.85396457,1.604673,0.033159595,0.35317808,0.62624645,0.039396312,0.29306158,0.5379483,0.79239154,0.3573462,1.5077692,0.6415376,0.11539574,0.26086354,0.6343006,0.18818678,0.32834843,0.13324283,0.18537802,0.4903014,0.8021533,0.818746,0.21503837,0.15398407,0.39244142,3.2645767,0.97258043,2.7932327,4.379899,0.21409601,1.5349061,0.7783846,0.45532995,0.6221386,0.325083,0.76432544,1.9697965,0.16277218,1.823548,0.4570245,0.059265155,2.5370255,0.8861558,0.44539294,1.0891368,0.50287014,0.60318685,0.55085623,0.58199334,1.8950195,0.6592853,0.49972224,0.15428364,0.26890364,0.3381489,0.66312176,1.0364652,1.4918733,2.3564038,0.41152412,0.72563946,0.39867848,0.10069308,0.6026505,0.24046078,1.2529302,0.9955821,0.4038762,3.222843,2.4114354,1.088397,1.3512635,0.048960943,0.27660838,0.1876624,0.7861851,2.4740043,3.5773675,1.9274262,2.0061018,0.65266925,1.3597274,1.4937657,1.1832856,0.12548669,0.16730997,2.4174228,2.7437053,1.090718,0.27764532,0.18972419,0.5209143,0.28086168,0.8024821,1.1290929,2.1293392,0.2507319,0.9472044,0.4008189,0.1545126,1.2243685,0.99013,0.4964786,1.0645943,0.45887655,2.0047226,1.296169,0.09197,0.0122076925,0.12375139,1.1591415,0.63529867,0.25891766,0.32544008,0.9464422,0.7239629,0.40071717,2.0187187,0.31304562,1.0357819,0.38307133,0.5604934,1.74274,0.9366965,0.76072955,0.10959159,0.6554616,1.0165843,0.29401502,0.5226987,0.15533689,0.1246688,0.6110621,0.3972308,0.17078914,0.07966588,0.044693395,0.20029141,0.25290823,1.197153,0.20414981,0.9029927,2.7285678,0.38024545,1.7174876,0.9981818,0.5725484,0.008243352,0.34628913,1.6398877,0.58460426,0.4806791,0.8250259,all_pothole_images\pothole_images_2_image_223.jpg
0.68486303,0.765095,0.97593117,0.55637676,0.16957915,0.09988319,0.18560068,0.26866814,0.88551235,2.3756685,0.05410061,0.32247892,0.12242338,0.9345759,0.36354613,0.5834139,0.10369949,0.059471514,0.27376014,0.20303982,0.40587,1.7577617,0.5232846,1.0195171,1.8400121,1.1959684,0.32478505,1.3489445,0.21895415,1.6843915,0.68829435,0.8352026,0.61282086,1.038963,0.39691776,0.09107307,0.6561091,0.5854009,0.78091276,0.28309882,0.436185,0.46135205,0.41042596,0.19801897,0.6481026,0.16992311,0.16346939,0.38366652,0.29515815,0.86095434,0.5267063,0.00015533308,1.2910339,0.29557788,0.49582896,0.4868289,0.4834116,0.35207775,0.32936165,0.608763,0.7571106,0.6165453,0.6518891,0.68622726,0.28271413,0.7748624,0.62697047,0.4135355,0.4314906,0.25208944,1.6777117,0.0952923,1.0000275,0.09414215,0.8427778,0.7475907,0.7231652,0.69312257,1.7996242,0.121684425,0.1487525,2.2584932,0.8908333,2.1401854,0.06673162,0.26164106,1.2577051,0.50057065,2.6154187,0.0671038,0.4584557,0.98032224,1.1943448,0.21672614,0.19763732,0.24484806,1.3841375,0.76907057,0.80567217,0.8219229,0.4271129,2.591915,0.623953,0.36357552,0.10641262,0.57686263,0.35407537,0.9268283,0.36451432,1.4482704,1.6855079,0.4932464,0.3101226,0.40747643,0.51156175,0.8451206,2.2133994,0.050791368,0.82098705,0.56475186,2.136565,0.42129922,1.7679067,1.8253033,1.2272955,0.71648365,1.628739,2.4286056,0.17738494,1.1957619,0.5150482,0.32045007,0.2151574,0.18978351,1.0242718,0.37712994,0.24635464,0.8620141,1.0328486,0.977766,0.40825316,0.2534781,0.12845626,1.3940564,0.20438357,1.0386109,0.8499612,0.58318573,1.1783007,1.2541181,1.077271,1.9413557,0.83812976,0.51036876,0.5385655,0.867492,0.16011266,0.15452658,0.6344778,0.70455116,1.4378455,0.28820175,0.017277578,1.2954485,1.0035341,0.56817317,1.1762469,0.1343939,0.46136555,0.865699,0.5549741,0.14260224,0.35137433,0.17744835,0.47170198,0.15115012,0.79016143,0.08184882,0.8097874,0.41926104,0.14682886,1.7700186,0.9526345,1.5462914,3.0029972,0.7560618,0.45881233,0.36519027,0.19043773,0.6732667,0.647569,0.25083145,0.69152284,1.0142801,0.08317005,0.45260125,1.082991,0.64403945,0.53654927,0.41149756,0.79664975,0.79703957,0.5120982,0.8379985,1.6873748,1.271781,0.9269644,0.7763974,0.7634183,0.74189925,0.8114103,0.6922548,0.8085943,0.7833637,0.7410057,0.45346907,0.3823144,0.06782013,1.1958953,0.26250196,1.306013,0.65501237,0.2589719,0.47624117,0.08374896,0.67959625,1.447771,0.41345075,3.527219,0.07507313,0.5659253,0.7694121,0.034567475,0.48622426,0.70348895,0.34756142,1.2061465,0.21683104,0.15850458,0.22187878,0.27363643,0.017132249,0.37105817,0.9529593,0.004703761,0.09587947,0.29089284,0.36677352,0.45887673,2.8589191,0.44390512,1.4159354,0.7549512,0.880497,0.41847932,0.18171643,1.047602,0.0382634,0.68108827,0.1459391,0.49398607,0.8962943,0.39954752,0.032547798,0.89355606,0.59996337,0.06186772,1.3806413,1.264747,0.9564825,0.094295956,0.011025693,0.7165281,0.5594585,0.23646933,0.78688186,0.96724063,0.9878183,1.0274293,0.92156786,0.3023647,0.16410244,0.2739505,0.3815993,1.1189916,0.2977168,0.5847007,0.7754708,1.4999366,0.38470018,0.5614648,0.26388478,0.023056034,0.9245809,0.11994251,1.0197666,0.3468188,0.20717421,0.21867646,1.8876944,0.23207742,0.4625513,0.27128974,0.44240713,4.4117074,0.25281033,0.38110864,0.33100694,0.34876788,0.029859927,0.087315194,1.6749405,3.57004,1.4595925,0.0,0.06817489,0.3052675,0.67458016,2.1413968,0.24008353,0.3692658,0.56104547,0.43635184,0.8571609,1.0349023,0.5643623,2.3992727,0.18586326,0.5857118,0.8649108,4.3550334,0.26150703,1.5990734,0.7771437,0.33012253,0.15662813,1.1728083,1.5342852,0.44346714,0.3953918,1.6329873,0.18736576,1.3271968,0.2607242,0.6949018,0.7059207,0.021234741,0.10250211,1.354149,0.94668657,0.007872106,1.3744634,0.50444615,0.3133664,0.5822075,0.2987138,0.2709322,1.0235932,0.8581259,2.568941,0.013824225,0.65742147,0.6372478,0.4947801,0.3487056,0.9889861,0.4317902,1.4919916,0.07043093,0.36232802,0.9829197,0.1633622,0.44739315,0.3853311,0.64713526,1.0231422,0.09901235,0.8708337,1.194311,0.691166,0.3170929,0.024390364,0.99989116,0.42748165,2.7007184,1.2018267,0.85942435,0.99550134,0.17590722,3.9690351,1.1021831,0.12362463,1.0222888,0.20129694,0.41667968,0.97883654,0.023431215,0.8246745,0.04625688,0.32722765,2.5291214,1.0457422,0.6998823,0.7826043,0.07635355,0.30877826,0.62966764,0.12239578,0.73130125,0.60147583,0.21333379,0.25533667,0.9171766,0.27055523,0.29612905,2.631061,0.6844495,0.85213053,0.41223902,0.62679416,0.13785273,0.30706757,1.9707466,0.42886606,0.027301148,0.8803334,0.6923414,0.67384315,0.35041037,0.74216574,1.0175858,0.2513644,0.31643257,0.052443717,0.51983666,2.082142,0.9699199,0.6817257,0.35346082,0.1650526,0.082462795,0.31670853,0.037678998,0.8061369,0.09587085,0.6445415,1.7709255,1.6623327,0.35944536,0.39921105,0.6338362,1.6177269,1.6082375,0.6891188,0.25711432,0.14503042,0.44320086,0.44252044,0.15245587,0.26735038,1.7052429,0.018035436,0.460132,0.8756954,1.2700989,0.13164057,1.1496046,0.34012341,1.8422861,2.073569,1.2982892,0.3664607,0.6922407,0.3317977,0.5735312,0.40249816,0.0034349437,0.41319942,1.3981569,0.2994533,0.23919623,0.8000222,0.81048226,1.0059676,0.37022418,0.1521745,1.7946095,0.05442697,0.18002391,0.050086185,0.47449738,0.6772153,0.17819546,0.49936435,0.0,0.58591217,0.16417123,0.12532248,0.42987302,0.13197939,0.23899175,2.1184194,1.4252008,2.0373821,1.3479457,1.1965449,0.58836013,0.6267321,0.94093025,0.4647323,0.015064422,0.19001168,all_pothole_images\pothole_images_2_image_224.jpg
1.9078176,1.0719697,0.21517514,0.906941,1.2333266,1.4092249,0.7745207,0.0,0.89333725,0.32785875,0.20835066,0.7826928,0.4378605,3.2731252,0.1651711,0.008107868,0.09809367,0.5856666,1.3821083,0.77021915,1.5196311,2.6697886,1.1796861,1.3713005,0.9022754,0.115297586,1.2184873,2.0561507,0.3061738,0.16081247,1.0971127,1.2036098,1.3093121,0.36713386,1.3950526,0.034697827,0.100675695,0.833352,0.4857356,0.29014516,0.08884384,0.2445208,0.095102504,0.8797759,0.69279253,0.5637913,0.07148231,0.050964657,1.4777231,0.96479315,0.81338376,0.2946725,1.2211607,0.31668824,0.5639145,0.15921716,1.114928,0.4437888,0.291064,0.18121739,0.2782744,0.52834505,1.9462435,0.87801623,1.1653955,0.65179557,0.5058874,0.08686363,0.522265,0.23489074,0.028976243,0.47581753,0.92402714,0.721846,0.4973248,0.95745,1.2919116,1.4806275,0.0085667465,0.07626006,1.3719821,0.44598418,0.45374048,0.95233583,0.94535935,0.36576602,0.12827994,0.07164742,1.8221309,0.073264934,0.6758253,0.21059757,1.0057181,1.133756,0.42692247,0.45764598,0.16866004,0.70070034,0.88147944,1.2847419,0.4732805,0.9301535,1.1522915,0.8362341,0.1167581,1.4942256,0.5779623,0.739294,0.03567123,0.19482279,1.2294291,1.0633005,1.4937466,0.5151494,0.034772307,2.6176763,2.6248598,0.55967426,0.73681206,0.37983552,1.8921012,0.48275268,2.103929,1.2635856,0.60530365,0.8352026,0.2087536,0.21959801,1.9701886,1.8208268,1.5483143,0.89407456,0.1272953,1.6258168,0.3307626,2.5529485,0.6565428,0.33781764,1.951296,0.3018058,1.4172145,2.132974,0.17531994,1.3018109,2.0440733,0.46442088,0.1907195,1.3669258,0.16919269,0.7985664,1.0984039,0.35992855,0.4072769,1.053028,1.4254646,1.2933292,0.20363644,0.61731374,1.0123672,0.08508476,0.9751296,0.49096966,0.021725021,1.2478651,1.0115277,0.48267353,1.2325075,4.4680705,1.1121846,1.0051233,1.3155583,0.08872631,0.41794384,0.77620524,0.7692561,0.5758472,3.0921237,1.1899493,0.5934162,2.1446865,0.5236515,1.0719472,2.2163227,0.96675265,1.1115674,1.3092954,0.32275447,0.12543054,0.7228575,0.46497056,3.2007315,1.5622108,0.031771746,1.4025044,0.2514066,0.20896187,0.0003356153,0.95043164,0.46228874,1.7887815,0.5074187,0.35129526,2.3032222,0.6053909,0.9700239,1.9707408,0.0,0.50722843,1.1871482,0.1465569,1.8686663,0.54595995,0.12890029,1.6854484,0.6403186,0.31132773,1.1497685,0.14149033,0.99162817,0.39571387,0.67183,0.9551893,0.19314712,0.19410956,0.037263393,0.108937845,1.7630216,0.10030635,1.214267,0.3522916,1.0915555,0.86550266,0.301859,0.88401896,0.4477075,1.1741295,0.6980284,1.2929616,0.087854974,0.108483024,0.28319326,0.5345475,0.7018944,0.82606107,0.16023317,0.20936435,0.20085299,0.2537504,0.5382187,1.6884162,1.6108028,0.29171187,0.2535298,0.46045348,1.0283709,1.0507371,0.3560742,0.9777667,0.22002141,1.0210893,1.043263,2.8129284,0.5857239,0.6142889,0.15545586,0.8167705,0.70600253,0.35529575,0.63998425,2.294906,0.10372003,0.55859226,0.484165,0.09681111,0.046118118,0.3201762,0.22377536,1.1806885,3.1064901,0.58886707,0.42638943,0.13874492,1.8290482,0.5920444,0.6336855,1.1605457,0.23592082,0.73079073,0.6229287,0.51300323,1.594069,0.85879135,0.24786651,0.5623042,0.4403467,2.036596,0.37967288,0.66468006,0.3485162,0.9632886,0.38908353,1.1899161,0.10845326,1.4460449,3.9157596,0.39409983,1.3588033,1.1890978,0.846266,0.34614894,0.8297362,0.3929482,2.8368032,0.46938834,0.1711223,1.1386579,0.5059422,0.43979684,0.25696322,0.43083462,0.95066094,0.5302081,0.97431666,0.89581144,0.77909094,0.374131,1.1418577,1.8999908,0.16765562,0.9774503,2.8903391,0.63766897,0.36805287,1.0994757,0.76475257,2.874263,0.7162094,1.3262435,0.21744774,0.042115822,0.33918947,1.2747159,0.8855386,0.27983677,0.94252914,0.16824405,0.08528697,0.49283066,0.2775135,2.504577,0.08300471,0.19729583,0.08712862,0.6591254,0.9932244,0.1776773,1.8151126,0.91643536,0.37473902,0.28561923,0.22356878,0.8827541,0.15183075,0.16336957,0.18950859,0.60871726,0.70399475,2.399627,0.02266513,1.0259805,0.69615334,0.3322553,0.460044,0.19624165,0.80536944,1.2428215,0.12327933,0.5374461,1.0231787,0.80294657,0.106307045,0.7801703,0.5998713,0.50107855,3.598336,0.17369552,2.4836278,1.0381576,0.9552705,2.0452793,0.9614399,0.8905412,0.42997888,0.07420878,0.9262233,0.011014554,1.0478101,0.6224024,0.24555679,0.06168515,1.8626283,0.66220677,0.58548594,1.3973155,0.2447781,0.28357446,0.7737259,0.6580639,0.56784445,0.29946074,0.0722756,0.065209016,0.15056229,0.6166916,0.41116327,2.6170673,0.1496987,0.94413567,0.26317772,0.5570798,1.43082,0.15481961,2.1444583,1.7442085,0.81045735,1.9853892,1.1468006,4.0640593,0.19496392,1.2580547,0.15322697,1.6592946,0.061513018,0.071694784,0.23889112,2.4759483,0.6507155,0.2859345,0.56536674,0.57351583,0.6936069,0.14293993,0.03475949,1.1012529,0.6488916,1.2534018,2.5184522,1.9157122,1.4147528,1.3991573,1.2930907,0.3326021,0.6059541,0.3945465,0.19211282,0.17523791,1.8048233,0.4769172,0.23677695,0.19054724,1.3050084,0.6154288,0.19456746,0.330145,1.7841681,0.09866729,0.16826084,0.3442185,1.638307,0.9120575,1.0814766,0.48773682,1.6328013,0.8021472,1.5331753,0.17446728,0.83812666,1.2408472,0.86586666,0.09364023,1.2215515,3.1926136,0.13223882,0.5033922,0.25132298,0.642594,0.5342445,0.45130786,0.4597086,0.053168606,0.25198203,1.2886016,0.88909006,0.20180556,0.0,0.0,0.9309002,0.1315435,0.7323135,0.26835117,0.7068189,1.4574493,1.1713262,0.3704345,0.96199906,0.1252235,0.58929116,0.56590444,0.19724709,0.94388264,0.8357046,0.7720324,all_pothole_images\pothole_images_2_image_225.jpg
1.5683092,0.5060972,0.021447804,3.7713323,2.74625,0.21795298,0.82217544,0.52667063,0.14590392,1.2500371,0.760725,0.7853389,0.2846185,2.2808626,0.02705153,0.050099466,0.39879832,1.3092997,2.377259,0.12378699,0.7909667,0.7962255,0.65307313,0.42994058,1.6183336,0.13597275,0.6092427,1.8511018,0.119857185,0.14932434,0.333981,0.22530997,0.054962087,0.25324446,0.8357659,3.0877056,0.74305785,0.3530403,1.2529782,0.23390977,0.111159354,0.34661222,0.14792426,0.9702156,0.25442728,0.33066928,0.7466608,0.28711978,0.59855986,1.1795865,0.8356298,0.72037,0.3263105,0.29312024,0.6932852,1.2527615,2.4985282,1.1343445,0.4086762,0.33484995,0.4892355,0.31896544,0.2394861,0.84097064,1.6558366,1.3321215,0.8252892,0.007950814,0.44855183,0.63728154,0.2730545,0.055396836,0.9447457,1.1859248,0.63572186,0.18746842,0.421856,0.6767571,0.77885056,0.93835014,0.0,0.6702952,0.071132205,2.3441536,0.051227257,0.5505417,0.3936704,0.45275298,0.28615713,0.24540783,0.1199566,0.010610271,1.302138,0.33240083,0.011134853,0.02551901,0.16706717,0.7759754,0.0797562,0.9342533,1.9007723,2.500464,0.40285033,0.0034508875,0.51447076,0.13834758,0.19856033,0.5525653,0.44607684,0.2319242,0.14106336,1.0825064,1.5313344,0.2161488,1.2255063,0.6370782,0.09999435,0.59798604,2.2876973,0.96070266,2.365074,0.31543976,1.2311827,0.7506829,1.2849565,1.7997178,1.5267539,1.2765149,0.23091322,1.8954842,0.450552,0.29378203,0.519918,0.22556044,1.5271243,1.0542163,1.3376169,0.63135946,0.19372295,0.10390868,1.308629,0.40367585,0.5048457,0.74254507,0.46620622,1.9734708,0.4213502,0.64882857,0.12684034,0.033497166,0.674206,1.3245264,0.6506817,0.43094596,1.841903,1.6703659,1.2190665,1.30258,0.68880004,1.5044094,0.71289223,1.0898889,0.7240794,1.2797629,1.3465875,1.9177946,1.1272267,0.3341113,0.7886519,3.4958663,0.4107225,0.06081305,0.38667354,1.8592392,0.1953467,0.22717561,0.53612834,0.030390384,0.32698962,0.019442426,0.12370882,2.1576548,0.20724526,0.855042,1.0629046,0.83470666,0.18548977,0.5654818,0.55586255,0.91968954,0.55578786,0.2325309,0.16890061,0.17249191,1.7161053,1.1900132,1.3696167,0.16516745,0.72732574,3.1585531,1.1272193,0.5826767,0.41919485,0.08098528,0.12455671,0.1669176,0.3049936,1.0437964,1.2003553,1.2454269,0.14384797,0.16137685,1.4083236,1.0271358,3.4548974,2.0220115,0.099355325,0.75401866,1.1135473,0.3403634,1.4910328,0.3652264,1.0683844,0.54597145,0.03057457,0.5380681,1.3981279,0.43762615,3.1745698,0.2987548,0.18443242,0.13939606,1.7835718,0.11857927,1.5727799,0.0853521,1.5879216,0.36936444,0.910742,0.32176098,0.27337995,0.37199214,1.0274744,0.6733167,0.5341453,0.015972285,0.6281119,0.46013048,0.21587218,6.55137,0.19294186,0.4842893,0.08171866,0.67838234,0.17568411,0.16922271,0.5831,2.0748804,1.4439025,3.4647715,1.946714,0.89425033,1.6492596,0.17833576,0.10915062,0.20077705,3.259642,0.12662013,3.9578881,0.036377586,1.1553726,0.8585297,1.5415883,0.07649185,0.12858118,1.8196297,0.20422035,0.57650256,0.75705034,1.6698927,2.073388,0.4305312,2.517195,0.17788902,0.01312759,2.4633617,1.1207839,0.5836846,1.3894348,1.3783296,0.0,0.086830996,0.08931208,1.2579912,0.50568,2.308442,0.42335752,0.3366691,0.16501993,2.8460348,2.2804437,0.030270085,0.25155336,0.13244998,5.326145,0.15759881,2.2002246,0.64313036,0.59471637,0.40745303,1.1967257,0.31683046,1.4740244,0.41136682,2.7009826,0.12667865,0.17815897,1.7267421,4.6609344,0.51016307,0.14766985,0.037427165,0.6185722,2.7080426,0.3388633,1.297189,0.13908096,0.20818636,0.8212513,0.059899297,1.1940353,0.99534863,1.5366206,0.9978413,0.060255304,0.22598262,2.6356866,0.117017426,0.800651,1.1195033,0.38217875,0.060741257,2.3111022,1.5062573,0.3390787,1.955764,0.03451736,0.63169664,1.3926184,0.11207426,0.25556156,0.040450852,0.0259303,2.1328638,0.5055879,0.04990236,0.6230002,2.6646748,2.2459447,1.7904329,0.013470214,3.0650923,1.7678584,0.8777925,0.3099285,0.0,1.2973406,0.8218651,0.0009841319,0.45111147,2.6487095,0.38008195,0.63607407,0.114120014,0.018941361,0.36974055,1.1266396,0.01736361,2.19771,0.2906475,1.3095827,0.43167037,0.40656412,0.8385821,2.0836153,1.001295,2.0538812,0.3531171,0.36569583,1.0261424,1.8907994,0.87343675,0.43008134,0.3579743,0.61683446,0.5993762,0.64999807,0.28183305,0.883354,1.0892404,0.7511905,1.1222621,0.7996165,0.93820536,0.87057865,0.20913497,2.4351108,0.9386533,1.0079066,0.077099584,1.3750088,0.09078846,0.14317448,0.498013,0.40389997,0.26558822,0.03849492,0.7074054,2.1487343,0.0065751364,2.2197256,1.3599254,0.14255984,0.12241929,0.7649788,1.8889177,1.0572002,0.85279274,0.70095927,1.2505723,1.0954409,0.8623369,1.3856394,1.2566496,1.7715279,1.6127656,0.24818693,0.2686372,0.05347926,0.6623741,0.531994,0.86767465,0.028319847,0.23067707,0.23743193,0.14346242,1.0683967,0.7589384,0.537782,1.5629925,4.045073,0.74935025,1.1081117,0.0,0.9762361,0.8210002,0.29210722,0.32387027,0.6344551,1.0772462,4.2271285,0.04589789,2.170934,0.14092286,0.95510066,0.06442782,0.8995884,0.29294032,0.78133833,2.0005288,0.9960626,1.2837846,4.4414865e-05,2.221352,1.7648221,0.34700876,0.87708485,0.73877966,0.4487007,0.1154539,0.012262381,2.0628874,1.4486059,1.0403961,0.5174316,0.42171434,0.29992917,0.0,1.8940161,0.31872028,0.5616456,1.4173518,0.8748997,0.07485386,0.7324653,0.66446185,0.2329211,1.0484853,0.5395015,0.683836,2.014623,4.197478,0.7291697,0.42181593,0.34547743,1.0071297,1.2725927,1.0957779,0.008386268,0.51799864,0.03796782,0.18883815,all_pothole_images\pothole_images_2_image_226.jpg
0.35315245,1.4114467,0.8211381,0.7299546,0.90235275,0.41695976,0.07620424,0.00424618,3.1857548,1.1860873,0.75291556,0.11297107,0.30950296,0.45601746,0.41757244,0.4331591,0.66033906,0.0,0.0037574999,0.1978444,0.0035319175,1.3719453,0.062288225,0.22147326,0.0,0.7355093,0.019979898,0.513284,0.06564434,0.12538522,0.05430473,0.07630781,0.60307604,0.1310364,0.22025098,0.52614826,0.026655367,0.036781978,0.263304,0.024397796,0.16507904,0.08683282,0.22476229,0.6261468,0.6623773,0.06770178,0.71352476,0.21298416,0.061249673,0.885393,0.65857834,0.1951626,0.40159148,0.8308066,0.001431297,1.967177,0.21142499,0.3142826,0.31816477,0.28362837,0.59758884,0.2097975,0.6549531,0.20999262,0.37149012,0.22293063,1.8637253,0.3948376,0.043957327,0.9506079,0.16592118,0.0,0.37536243,0.30204168,0.15482126,0.22553974,2.2250705,1.2331003,0.06416939,0.078139566,0.040007662,0.8877524,0.33253142,2.1877775,0.006392386,0.12748012,0.10657836,0.0,0.746326,0.053442977,0.0,0.42071095,0.005844294,0.100768805,0.088858284,0.0056899292,1.0819441,1.4386624,0.0,0.1565929,0.66382223,0.062932506,0.23077755,1.1562821,0.10538163,0.0109708365,0.2540064,0.00064610527,0.0,0.82497615,0.9598803,0.48030388,0.38475785,0.02299981,0.32123455,0.14412561,0.20320216,0.5087154,0.77588207,0.14950535,1.335496,0.24909954,0.047504026,2.948162,1.9619006,1.1652931,0.59530103,0.16434968,0.0,0.11723166,0.48661593,0.11061353,0.02247896,1.1464498,0.00032175545,0.4646907,0.21102504,0.014382784,0.46642628,0.4695539,0.5488941,0.024787426,0.94246525,0.8200574,0.012782442,0.004091877,0.025547532,0.57609016,0.25087488,0.22733489,0.9925002,0.0956796,0.50577956,0.49478787,0.14932078,0.17742571,0.10942274,0.41511402,0.0007493438,1.1647745,0.4786799,0.56523645,0.048996497,0.21829118,0.7157444,0.050281078,0.7360933,0.31800848,0.19437759,3.7344596,0.52447456,0.0035316667,0.084016904,1.1459377,0.4946426,0.13709728,0.7495916,0.28488812,0.6352599,0.0,0.0024514766,0.23876104,1.1014292,1.0434846,0.07995368,0.47994488,0.6647468,0.016145514,0.56490856,1.3632152,0.0062136073,0.103614435,0.47764328,0.053537942,0.9048682,0.0,1.2193996,1.2356713,0.7787614,0.32816875,0.0,0.5629955,0.0008069468,0.06378369,1.4783602,0.12992308,0.12485047,0.18189076,0.07351496,1.3730154,0.0,0.12379551,0.52537066,0.60483295,0.73485935,0.13105705,0.0,0.8162327,0.048296984,0.14765602,0.029849451,0.4620879,0.34766433,0.67906934,0.024983767,0.111797825,1.7500783,0.1537972,1.7715902,0.4424565,0.0,0.0,0.029496688,0.09334202,1.3930336,0.0,0.80316067,0.0135900555,0.0642072,0.022210235,0.04887373,0.23890845,0.10914995,0.5448768,0.010345678,0.001242319,0.76486266,0.19038317,0.20678414,3.8532526,0.25300917,0.14325494,0.030744577,0.015548628,0.5491927,0.95199037,0.9738622,0.35643378,0.5726159,0.6083363,0.2203448,0.91736066,0.9554267,0.20277761,0.11282724,0.7069895,0.2344208,0.190987,0.7252071,0.0,0.4455385,0.115337975,0.21513134,0.5211993,0.1396143,2.0455832,0.016811159,0.2930569,1.0230027,0.43654382,1.5913646,0.35035327,1.1472262,0.05272834,0.0047147977,0.11366769,0.37470502,0.5720024,0.9002849,0.5329741,0.08674364,0.8759512,0.43483686,0.4078668,0.6235927,0.46930897,0.06807743,0.67791075,0.15359026,2.8256848,0.06424388,1.2815543,0.41842842,0.9518747,4.3075414,0.0,0.33157843,1.9703355,0.60389566,0.26556474,0.2018598,0.41891533,5.73146,1.4987177,0.82401973,1.279698,0.26691616,0.3228751,1.2655613,0.2875152,0.33916515,0.051889867,1.2181534,0.34862432,0.28973475,0.33152428,1.8244853,0.059605382,0.0078080487,0.5046784,4.241116,0.2245584,0.90619266,0.5021923,0.032380596,0.05010901,2.412043,0.26327914,0.8260992,0.19754606,0.8931959,0.6342637,0.3169648,0.8042631,0.6064402,0.06135524,0.15869184,0.15058883,0.75641364,0.05982357,0.3697958,0.27642635,0.6892062,0.15340929,0.6130725,0.95810044,0.21849613,0.21856901,0.6497232,0.34756258,0.99342626,0.15570031,1.3023328,0.18820433,0.07715393,0.3313394,0.59228677,0.73424506,0.23341233,0.4747684,0.30449823,0.020500068,1.066618,0.84613097,0.040283654,0.43589315,1.1149243,0.40833718,0.86037713,0.61067975,0.3265837,0.19054931,2.4379475,0.04398233,1.3229955,0.87755865,2.110028,0.41072658,1.3215891,1.150769,1.6694176,0.0,0.58697736,0.25577417,0.0,0.16690686,0.08465856,0.6060971,0.4906297,0.1620206,1.177614,0.0,0.37351882,0.012584834,0.57666427,0.25879177,0.466414,0.024774011,0.30920655,0.094147585,0.31668752,1.1456118,1.9851366,0.012472333,0.1560649,0.06900589,0.83883446,0.009705807,0.10665211,0.024584195,0.06128916,0.26247543,1.1865109,0.09528804,0.6434524,1.3014783,0.60006577,0.0,0.011091566,0.65637445,1.6258647,0.7246671,0.60548437,0.38679224,0.10243419,1.8924024,1.3496927,1.5031542,0.44445878,0.33052218,0.048542313,0.31338713,0.8929713,0.75467664,0.9749692,0.60225713,3.5604758,0.14541517,0.0,0.5175822,3.7605205,0.113399826,1.7753621,0.32521504,0.83435494,0.67242277,0.301855,0.32309785,0.06159273,1.9307983,0.5579636,0.028263811,0.61508566,0.03279703,1.0550141,0.36779112,0.4158083,0.0747893,0.10699728,1.5639224,0.009030557,0.9039552,0.0,0.11987904,0.2987028,0.021467926,0.7934916,0.015886726,1.9033995,0.42232183,0.9354447,0.2541935,0.7497122,0.7595996,0.0,1.2884629,0.20595804,1.1490191,0.114248894,0.052298926,1.1661677,3.250525,0.4519992,0.123044364,0.2124827,0.077260174,0.29950744,0.15279783,0.009680833,0.008672851,0.25896478,4.8104177,0.09810173,1.8393981,0.07563728,0.43073747,0.5528198,0.019420989,0.23282441,0.16709515,0.59750336,0.0,all_pothole_images\pothole_images_2_image_227.jpg
0.6309174,2.09511,0.12146095,1.9324751,0.23891224,0.53110325,0.3671566,0.3275584,0.12996097,0.7953222,0.03013259,1.8488606,0.20507343,0.5607376,0.053522673,0.41763157,2.067843,0.98169005,0.48622507,1.1093439,0.13348241,2.26245,0.6685878,0.5863371,1.060842,0.37355423,0.8635375,0.69752514,0.06064792,1.1142536,0.64599377,0.7422504,1.0402852,1.6032761,1.539329,1.2899671,0.21821068,0.7619481,0.7038926,0.08120872,0.26282287,0.26721045,0.2643547,0.07519284,0.34979442,0.13516241,0.09594791,0.17098778,0.61217207,0.8398187,0.22496375,0.19941808,0.31528318,0.49579722,0.39267737,2.5195408,0.16674516,0.6728681,0.4845576,1.8439156,0.73156786,1.1709853,0.26670125,0.7351797,0.70394516,0.48808402,1.0412542,0.30202082,0.24196911,0.7882022,0.81137085,1.2508934,0.11632071,0.0007107048,0.1725312,0.19914284,1.6469458,0.5853357,0.15664396,0.17433205,0.32216203,0.003367722,0.3600179,1.2080599,0.81883013,0.9099266,0.24238232,0.1592789,1.5507368,1.1168004,0.19635807,1.7826164,0.1273674,0.8010539,1.0868827,0.023584815,1.7536639,0.76883185,0.5174477,0.26503438,0.5087741,0.21230689,0.25901806,0.4973025,0.6713065,0.42271695,0.4503891,0.8608765,0.3163659,0.8706308,0.02327942,3.2611568,0.9670944,0.6480185,0.010560294,0.13674684,1.1408656,0.65756863,1.9253204,1.4140046,2.1969738,0.10310836,0.43038422,0.06802481,0.5187992,0.67456967,0.54478604,0.049114257,0.05347787,0.03399173,5.231026,0.6968298,0.3441287,0.5011596,1.2907833,0.8111956,0.10306105,0.0,0.6138905,0.46651122,0.15187259,1.0305501,0.7289841,0.70453286,0.0,0.24720988,0.1820335,0.4730216,0.40124685,0.8177587,0.51357824,0.21000515,0.5536562,0.05083786,0.5416116,1.338261,0.8525299,0.6950705,1.0282304,0.491746,0.38741127,0.7375191,0.2883295,2.1047833,0.5231796,0.7375079,0.6131785,0.29360464,0.7220135,0.06821335,0.4408078,1.26541,0.7473892,0.03926644,1.0777519,0.022093177,1.8448657,0.083285615,0.46169752,0.43224996,0.32660523,1.5742983,1.2056584,3.652946,2.098129,0.2817509,0.82136685,1.2555462,0.45358342,0.77228457,0.293337,0.8150013,0.023065627,1.8129458,0.079532556,0.08677752,0.8367276,1.6735755,0.36240375,0.0779174,0.25959185,0.92427015,0.81902623,1.033512,1.7309602,1.070955,1.4630926,0.6889713,2.716612,1.2229211,0.0016961918,0.033273153,1.6474508,0.4675423,1.4086045,0.055853337,0.16069888,0.15638262,0.15652755,0.40008086,0.37225437,1.052068,1.0674459,0.83203936,0.013540953,0.4162972,0.8353259,0.0,1.9213141,0.450063,0.40272477,0.15107983,0.7604231,0.708603,0.038688693,1.0452994,1.1906081,1.170457,0.046003316,0.67996776,0.32015163,0.56035113,1.3099022,0.21656312,0.13028419,0.23580481,1.4345484,0.46497872,0.12909584,4.0449653,0.7838019,0.814805,0.55804724,0.9612176,0.78027576,0.6075353,0.94021463,2.269571,0.23719953,1.5646873,0.13277632,0.115970336,0.73805135,2.1522868,0.42723364,0.35300344,0.52427137,0.4615648,1.8021963,0.37657154,0.14381279,0.13982804,0.22893476,1.1726676,0.29353353,1.378038,0.96248907,0.8261637,0.9734936,0.4471205,0.3216115,0.5255534,0.84240395,0.040472437,0.49574533,0.057123367,1.0076385,0.0,0.827343,0.47449216,0.42329627,0.6151685,0.16712141,0.42472994,1.2070227,1.6878794,0.35268557,1.8659838,0.82377887,0.23559876,0.21072027,0.8172275,0.27797082,1.1121914,3.0538335,0.69056934,0.04131948,0.8353303,0.29499912,0.0913259,0.119501606,0.29849076,5.2293,1.3413804,0.05008145,0.24335448,0.007724292,0.4707819,2.437544,1.5508019,1.074988,0.47533292,0.83649737,1.2606918,0.6680299,0.107414566,0.6479483,0.25409353,0.42582488,0.3659658,3.1287293,0.8005605,0.19244327,0.19325049,0.023849443,0.20809901,0.89066774,0.47147793,0.0,0.15991578,1.7220757,0.6108769,1.1975746,0.287238,0.16444226,0.43830103,0.5098353,0.26929364,0.07313054,2.0493865,0.063200265,0.40178365,0.61635906,0.45704302,0.86069655,0.1831172,0.4363485,0.8675729,0.5427366,0.6164263,0.193667,1.5876614,0.6032982,0.0017491591,0.19313636,0.45851085,2.126417,0.5284072,0.33413708,0.86704916,1.180227,0.30175823,1.7520682,0.05647801,0.13171819,0.3580698,0.55340534,0.25350618,1.449403,0.6251845,0.7717796,0.031662643,0.15971911,0.51397616,3.112667,0.32111612,2.2585895,0.6158409,0.724133,1.7889634,1.5464442,1.0148896,0.23760739,0.3761057,0.9537329,1.1388109,0.18978372,1.1998305,1.8835701,0.4015995,2.6762795,0.063716486,1.0409068,0.073565654,0.33838186,0.7672796,1.3214519,1.6016772,0.06708848,0.69853395,0.74512213,0.58855385,1.4403213,1.6352171,0.13714619,0.3683009,1.0215354,0.41534004,0.17626685,0.21308322,1.6136085,0.2643579,1.7373177,0.6076602,0.40289295,0.46706676,0.9399018,0.6694756,0.5185002,1.0518376,0.47061852,0.986416,0.94423175,0.86009634,0.18282324,3.016437,2.155753,0.5773751,0.07914219,0.40814552,0.01988357,0.38038322,0.05854017,0.36054215,0.22331995,0.5927821,0.39228743,0.26529974,0.07816569,0.24040999,0.38535136,1.7991498,0.5862534,1.8485001,0.33142298,1.8084346,1.166778,1.4189873,1.6468152,0.31688613,0.55744,1.5871435,1.4914535,1.3939683,0.39300823,0.49737835,0.017025923,0.38412,0.046104033,0.40592816,0.23528124,1.0547647,0.37992433,0.3709196,0.18348877,0.223131,1.4296621,1.1387788,1.1851418,1.6398935,0.21293877,2.0200207,0.7669345,0.36095855,0.100163236,0.73795986,0.50132847,0.41173515,1.9699419,0.0036135498,0.4292663,1.7349935,0.16901673,0.06291703,0.06254145,0.034139987,0.16660915,1.934363,0.22799323,0.6248014,0.09504526,3.097059,0.41013604,1.3287668,0.17674592,0.73279834,0.4218672,0.14987391,1.114289,0.34540015,0.33480695,0.37484702,all_pothole_images\pothole_images_2_image_228.jpg
1.5185142,0.23521976,0.4712137,0.22954409,0.3797343,0.22086135,0.15767348,0.0098204315,1.4666997,0.2715977,0.62787133,1.039247,1.0105993,0.20649952,0.15338522,0.04615615,0.34570968,0.6430864,0.7230126,0.48305058,0.9705594,0.01988885,0.11748962,0.7704203,0.82365465,0.73815125,0.7787145,0.073005065,1.0407779,0.9987097,1.2973813,1.2072555,0.19504012,0.66002184,0.6389854,0.0,0.64997286,1.5313442,1.2395151,0.15111712,0.09736797,0.020252826,0.540834,0.08495503,1.3258318,0.91078705,0.63061625,0.0044375337,1.2438377,0.42757952,0.10888141,0.065195926,1.2670864,1.1488571,3.113448,0.060621943,0.062528074,0.32259655,0.014511081,1.2200282,0.057367295,0.66004723,0.9795409,1.0264415,0.51582855,0.39400405,0.053883716,0.2841167,0.78448796,0.14163628,2.3758652,0.49604127,0.34569398,0.6325353,0.01194681,0.24298415,1.3791013,0.6475461,0.15465336,0.2198018,0.8263377,2.9801285,1.0148689,0.5071978,0.050239276,1.0727881,0.0050250445,0.20908028,0.1002494,1.4301773,0.06542624,0.95199615,0.3122528,0.098383434,0.7329229,0.8921901,0.67066544,0.785093,0.1456012,0.30131143,0.543418,0.27772877,2.4761262,1.8668184,1.3814694,5.7938,0.7335177,2.2424033,1.5398152,0.3360198,0.0117207505,2.6374443,1.4074445,0.030251317,0.29859948,0.6659088,0.1110109,1.3397768,0.14584893,1.3312969,0.44435057,0.0015555955,1.0430971,0.013508723,0.14765273,0.0050094714,0.05524934,0.26399085,1.3719922,0.6766489,1.4388554,0.71846676,0.7692185,0.77017474,0.26204836,1.9473009,0.44932416,0.41965348,0.015385306,0.5639533,0.041044205,0.48662645,0.23267686,0.06577535,1.8731947,1.3999329,0.02376334,0.7521111,0.16818798,0.35118178,0.22947884,0.91951483,0.32388481,0.1586146,0.11128524,0.33217204,0.23056053,0.35543773,1.4457512,0.08164385,0.5907716,0.5383874,0.9193967,0.94233656,0.058864597,0.42209756,0.21793762,0.6307724,0.48821533,0.17725393,1.7168193,1.4719406,0.82314885,0.64224416,0.05641834,0.9218186,0.13888167,0.9208972,0.25053626,1.9900595,0.03366179,0.0012810484,0.5875666,0.59040946,0.02098971,0.024739983,0.3274975,0.25229588,0.6308286,1.1040761,0.68346757,0.3686643,1.1715391,0.66423887,0.8198026,0.18511277,0.49547973,0.1129169,0.30018517,0.7372641,1.8613544,0.038943686,0.11616868,0.381793,0.34647572,2.091858,0.5555348,0.014092192,0.3410501,1.2819278,1.5783741,1.9800481,0.617463,1.1537267,1.0019094,0.1908913,0.6410412,0.7586828,0.7091916,0.022787962,1.0366669,0.3035941,0.5084617,0.01083312,0.020529082,0.9140292,0.2316826,1.6509773,0.45147544,0.98938674,1.1283464,0.6100287,3.6756458,2.0713012,0.020016735,1.5274004,1.8226635,0.8704631,0.62724674,1.7287523,1.3247154,0.5706577,1.7740061,0.0031606674,0.0,0.008210115,0.24562997,1.1313789,0.03756242,0.1195776,0.70010734,0.8129168,0.012354887,2.432432,1.0973845,0.18598874,0.12660755,1.30892,0.0,0.16916618,0.64599085,0.503768,0.0,0.079618365,0.41030756,0.31041366,0.22686177,0.7667189,1.1089233,1.1313411,0.3748577,0.3759421,1.5378222,0.009506687,0.28869933,0.3781511,0.23475266,0.6176791,0.78440243,0.15808205,0.034464087,0.44937748,0.19245104,0.3161092,0.077950604,0.22406992,1.3990276,1.3890169,0.065089144,0.990963,0.6913677,0.019827299,0.06240039,0.0,0.8123566,1.4072342,0.35604653,0.64047295,0.19451776,0.023077538,2.5948663,0.14316066,0.015936686,0.06945476,0.4634448,0.0013734128,0.22670956,0.4494924,1.2148954,0.05634721,0.022958457,0.059812736,0.03169686,0.25130868,0.68282247,0.534878,0.1574985,0.592157,0.05664181,0.60755235,0.2971661,0.07027964,0.39368477,0.17735368,0.44583577,0.47596553,1.9610852,0.7925914,0.0046730773,0.110158294,0.96712923,0.24092111,0.49513125,0.44742194,0.63338554,0.18216999,2.2034297,0.1860638,1.7850444,0.3533793,0.103961065,0.88727725,0.029926952,1.6312494,1.1186337,0.0643381,0.013716442,2.0775537,0.085211374,2.3606856,0.0,0.27363947,0.19873601,1.0668802,0.49968585,0.282434,1.3098998,0.645521,0.0031844333,0.591661,1.4042879,1.768883,0.1620715,0.13209297,1.1159934,0.45809254,0.2892972,0.49785134,0.001738453,0.17816551,0.13539346,0.002429282,0.25411567,0.35477307,0.09170946,0.031116037,0.28218284,0.36222932,1.0957114,0.3247015,0.05910856,0.023212774,0.1100664,0.6351019,0.2543886,0.004723054,0.30919722,0.49000952,0.0028630816,0.50859576,0.072344415,0.100203164,0.09033882,0.35633963,0.80488074,0.57479525,0.7362069,0.060511436,0.105248325,0.10609417,0.36035872,0.18925406,0.05228462,0.2421781,0.45108306,0.90874565,0.20602973,0.11804064,1.1002381,0.20784634,0.41475657,0.0020197264,0.62572914,0.5652981,0.52842057,1.1910911,1.7016947,2.5157979,0.803639,2.424631,0.31939542,0.005822122,0.01597137,0.56253606,0.5459264,0.025773693,0.9965359,0.42975825,0.23706427,0.98556226,0.20592067,2.1273038,0.016473368,0.13465689,0.19167769,0.1945612,0.06390587,0.9483369,3.7562983,0.58950377,0.021069776,0.17000844,0.007411766,0.33396003,0.109531306,0.1047572,0.06375763,0.86326844,1.3712829,0.49595615,0.37332383,0.13802293,0.23679459,0.4415802,0.4530979,0.75119126,0.2950264,0.5312961,0.18694629,0.045316227,0.21461393,0.53477055,0.4932974,0.2706419,0.014355132,0.06160934,0.32773978,0.29150152,1.0743791,1.1079915,0.81320804,0.17277738,0.068976015,0.40344775,0.10160492,0.12246589,1.4619055,1.701559,1.9697227,1.0570135,0.045116235,0.9792567,0.59601974,0.62376416,1.7917424,0.0,0.7238148,0.97964585,1.0759721,0.34717324,0.5144012,0.015449871,0.30967,0.18821217,0.0,0.0046177427,0.3045438,0.8114624,0.22874844,0.42785054,0.025126524,0.20662084,0.66728675,0.3717463,0.12992467,0.7121646,0.3353536,0.49496615,0.11026929,0.019617029,0.109509215,0.021584561,all_pothole_images\pothole_images_2_image_229.jpg
0.5135559,3.0148308,0.69299376,1.6598048,0.9436413,1.7888967,0.10547909,0.7821471,1.4009231,2.0029488,0.46951675,0.5589396,0.40608475,1.4118772,1.3906647,0.8978039,0.58724785,0.002928489,0.9285182,1.3716686,0.26504257,2.0421016,1.2065879,2.5074954,0.33513385,0.30336976,0.062889576,0.6726345,1.0838068,1.9282131,0.98321253,0.20289402,2.819612,0.2846069,1.4797357,0.82314026,0.0,0.20536937,0.23064095,0.8413796,1.6177278,0.18580005,0.9540467,1.0184773,0.17053694,1.1972148,0.7768593,0.9814677,1.0631942,0.39766437,2.1030114,0.7732459,1.2956285,0.33249897,1.7483213,1.6331301,0.66969585,0.21598762,1.1292111,0.894989,2.3191986,1.3581032,2.1615226,0.45931935,0.6842168,0.32807198,2.2382805,0.8683179,0.26158246,0.9262395,0.058920752,0.62848014,0.31956202,0.28412986,1.5055894,3.2793493,0.95050436,0.3701762,1.0026927,0.32490492,0.70208335,0.28849316,0.5677329,0.9191868,0.66277313,0.27878386,0.79544216,0.28605345,4.7283463,0.04732182,0.21547803,1.2553961,0.6085544,1.4862561,1.0173142,1.1618227,0.9473559,4.002201,0.89423335,2.477955,0.6781282,3.3657267,0.6663773,0.21758679,1.2492808,0.70673305,0.148755,0.40286893,0.8292769,0.16360289,2.8483672,3.4881716,0.5522736,0.65709734,0.019582683,0.550084,3.052392,0.14163554,2.0198128,2.1010187,1.7102113,1.9821917,0.6931353,3.6135004,0.057952326,0.5917433,0.80350757,1.7833817,0.3656737,1.2505025,1.441121,0.03420874,0.18155025,2.314478,0.11630521,1.0713562,0.24475746,0.5019407,1.0366602,2.7468002,1.9432846,0.19276607,0.12082698,0.82890576,1.0798093,0.21597935,0.30130228,0.042177882,0.080447964,3.204837,1.6260935,1.5550057,0.03144849,1.3393542,0.81748486,0.07985476,1.556739,0.8576587,0.10860052,1.1223905,0.67711484,0.087996766,0.25549233,1.1071825,0.22063398,0.34544525,0.9521517,0.63659704,1.3839036,0.71161294,1.2118742,0.053844675,1.0696243,0.8456107,1.323467,2.097293,1.1711568,0.19106363,0.9577517,0.080218315,1.0302962,0.2986475,1.6623906,1.7572317,3.1358817,0.73260635,0.49997202,1.7233887,2.2461765,1.4302073,0.31176084,0.074162394,1.459609,2.759101,0.39095446,1.106766,0.15998116,0.6048316,1.5223755,1.2330283,0.5177003,1.3123007,1.0800697,0.525037,1.023218,0.6269134,0.02461296,0.4077228,0.11961582,0.20536341,1.8686566,0.4972983,1.3163347,3.355236,0.5845922,1.121331,0.9904069,0.82655066,3.6324627,0.25778785,0.4874273,0.46239293,0.32157162,2.019473,0.5639365,0.7302244,1.6901629,1.0525408,0.080472626,0.58375496,0.8234909,0.98123574,1.5786949,0.14452212,1.1650211,0.13135168,0.5497183,0.230829,0.5343468,0.023746103,0.0552922,0.25655216,0.2626009,0.43428218,0.8399398,0.8090814,0.79713607,0.061275613,1.521056,0.5912877,1.9169917,0.43335286,1.4892801,1.2729369,0.63806164,1.7276497,1.2659782,0.210844,1.4424376,1.2216811,1.6147339,1.6497504,2.7724175,1.3417492,0.005057178,0.76445174,0.046434183,0.8576597,0.8606522,0.8916889,0.100001335,1.0287848,0.20681968,1.1775976,1.11554,1.2484145,4.036934,1.011756,0.3342265,1.2462659,0.6561753,0.486782,0.24436277,3.7703795,2.4165087,0.47579625,0.25097516,1.2025692,1.0589337,0.06512641,1.6444567,1.3053219,0.39435288,1.022864,0.09694708,0.09717261,0.5457228,0.05781446,1.2079871,0.03885686,0.2495932,1.2734364,0.72012126,1.0141238,0.90572023,0.8527237,0.05198819,1.5314949,0.56429225,1.9637288,0.17722493,2.0838697,3.832971,0.35934123,0.54524356,1.9252858,0.09776398,1.1886743,0.098044366,0.37580886,1.6076243,0.57656884,0.09258077,0.3883023,2.4161854,0.031039914,0.85757077,0.5355615,0.4022623,0.70133036,1.1179937,0.68272936,0.3650086,0.379855,0.8055703,2.18526,0.2333223,0.7054299,0.64880663,1.0541372,2.464299,1.1377476,1.2657541,0.14996366,1.6470383,0.6571496,0.28949857,0.0,1.2230476,0.9871063,2.321511,0.6438894,1.5315934,0.36421978,1.0668211,0.27398035,0.119114086,0.88444847,1.4628438,0.14611056,0.78687364,0.09711028,3.188464,0.7878438,0.27999473,0.29729393,1.6659201,1.4862087,1.2127924,0.27560297,0.48157907,0.74507296,2.0477102,0.6773672,1.4065579,0.42778778,0.17986457,0.52610815,0.3473048,1.0707856,0.108663194,2.3980267,0.80252993,1.1351566,2.390335,0.8984457,3.7452214,1.7838736,1.5434847,2.0483475,1.4814272,0.7192192,0.18653171,0.662881,0.26979038,0.26262307,0.8164407,1.3698568,1.3531102,0.36731184,0.8470328,0.20162442,0.09263421,0.5378664,0.4137125,1.3689424,2.3803184,0.20539214,0.39853597,0.6592542,1.7324315,0.6493974,1.69401,0.7299488,1.0381749,0.7743577,2.8778996,0.3584982,0.108738676,0.60565245,1.6111792,0.96015346,1.8308629,0.5975012,1.9079036,1.0740271,3.4065394,2.1518686,2.073188,0.7769901,0.4915446,0.83058614,0.7597682,0.5148847,0.34052828,2.6755009,1.0374916,1.2242167,0.47547823,0.29980332,1.040961,0.44744852,0.05847418,0.86642367,0.1092883,0.8682036,3.0907423,1.7099972,0.8863508,1.8216546,0.19956917,1.7020352,0.86587304,2.0747597,0.50020987,1.568341,1.2266484,1.6228068,0.93841124,1.5152141,1.3826957,0.875523,1.852326,0.5884016,0.8019809,2.5258806,0.65377635,0.6974912,3.3611817,1.2656622,2.1593316,0.14146154,0.5133018,0.23726751,1.5900159,0.3175785,0.08407036,0.5062667,1.0923905,0.50728273,2.8111923,1.1200664,0.32855558,0.8399912,0.12742662,0.008592632,3.9098167,0.43311614,1.3884783,0.41667822,0.3498749,1.7385412,0.16227265,0.06054642,1.2470944,0.548453,1.4531555,1.4933739,1.5393225,0.06392599,0.23445901,2.081206,1.3049942,1.6363227,3.6162007,0.66325516,0.15467232,1.0725495,0.925619,3.357114,0.60533756,1.3346596,all_pothole_images\pothole_images_2_image_23.jpg
0.6940394,2.3637652,1.0762799,1.9327288,0.35363895,0.34993082,0.6359572,0.050805032,0.5679593,0.60406363,0.6729095,0.24513139,0.87399495,1.7761043,0.83163744,0.41584626,0.8790447,0.074955426,0.23038152,0.31966516,1.4436666,1.632476,0.35377225,1.2659907,1.1242357,0.961585,0.5775988,2.7011294,0.21691489,0.98192835,1.7678738,0.44607127,0.13381474,1.7201146,1.7050182,1.1359468,1.3736843,1.0770371,0.844559,0.8510956,0.21125783,0.06619946,0.95154303,0.90076345,0.95016724,0.95584434,0.11354269,0.3883067,0.95661074,0.28750336,1.299052,0.36544776,1.5681027,0.21491922,0.065868735,1.1536239,0.3656964,0.071332976,1.5293453,0.14292789,0.06493021,0.40280095,0.6677358,0.5729765,0.804553,1.3425499,1.0189106,0.46942884,0.7048365,0.08088854,0.95310616,0.86781794,1.0497856,0.40623134,0.6294475,1.1792766,0.15770578,1.176117,0.23454115,0.5114149,0.9051137,1.3869824,0.375413,0.3749827,0.78985643,0.6899931,0.023076758,0.52381337,3.6022985,0.73355114,0.5741663,0.069106765,0.2847077,1.5297048,0.8276761,0.09165967,1.0681195,0.5839481,0.8220103,1.0768442,0.09574087,0.5147246,0.0133279655,2.0093412,1.4616282,0.22780626,0.67527014,0.8256048,0.3407416,0.21988872,0.0,2.3210979,0.7917079,0.500421,0.81176555,0.36412227,1.8387432,0.44862798,0.4302972,1.3452082,0.8852763,0.34412822,1.1057817,0.19673692,0.72178155,1.0708146,2.013925,1.6372076,1.0251826,0.84189135,0.73931485,0.00068670936,0.0,0.019520784,1.3547691,1.3929831,1.7682741,1.2085681,1.0665344,0.30972898,0.6632639,0.8039271,0.036026817,1.1492213,0.34736526,0.7509438,0.41712683,1.0857229,0.8096251,1.0051192,0.91785514,1.494339,0.2102498,0.41908205,1.3639791,0.8092408,0.5384219,0.11015541,1.2401578,0.69667333,1.0521029,0.61179703,0.7213981,0.4757299,0.13588417,1.8598071,0.16821946,0.1824215,1.3251528,0.53949296,0.07164316,0.64100426,0.24353279,0.37112123,0.6725546,0.30702737,1.4210364,0.112779655,0.008579775,0.46023324,0.41683152,2.8400416,0.6446448,1.0246261,1.5034033,1.85368,0.00723365,0.58783287,0.63194776,0.2943442,0.6500581,0.9177878,0.68805414,0.45940623,1.1362519,0.21771662,1.1562246,0.3583917,1.5234334,2.3731565,1.6874688,1.071038,0.19799645,0.9184243,1.9489173,0.7445876,1.7772213,0.52504736,0.26769,0.04596563,0.14832471,0.13599591,2.555256,0.6129058,1.3664055,2.1723597,0.8461353,0.36527562,0.8166958,0.1755171,4.53154,0.08109652,1.2141026,0.7019603,0.6370842,0.6350254,1.749972,0.12958726,0.43878478,0.7942785,0.38228047,0.3052876,0.547358,0.8198313,1.4311697,0.26283333,1.6819072,0.15667495,0.49226254,0.89871544,0.6916077,0.67922,0.7438859,0.8609594,0.05121642,0.10930736,1.4549094,0.5040848,0.8577241,4.278193,0.5714443,0.6150447,0.59315836,1.4246742,0.27102572,0.0067741484,0.8286238,1.2776988,0.7899399,3.9227238,0.26522762,1.6278979,0.684709,0.35226384,0.875142,0.27824062,0.41809222,0.9748849,3.737527,1.5008258,2.0479798,0.08185587,0.5712232,0.67585176,0.90934384,0.7512134,1.1893706,0.8358344,0.8186814,1.6859281,0.0,0.54270685,0.42841104,0.36195377,1.8628379,1.6115226,0.50377524,0.65023524,1.1857215,0.2062877,0.5264666,0.006895826,0.19247437,0.78028435,0.8172056,0.5885025,0.6392485,0.79856604,0.7294194,2.7914667,0.16666248,0.5402827,0.0842577,0.3192477,2.5788584,0.33411974,1.0208732,0.4545241,1.0434722,0.06806787,0.82431895,1.2388997,3.216856,0.6268242,0.21504137,1.0810177,0.39599636,0.92374367,1.6126426,1.8551621,0.10547893,0.06291972,0.67615396,0.98922276,0.22781208,1.7144116,0.76132137,1.3873475,1.5270884,0.35276958,3.3720744,0.34163034,0.47147757,0.60074437,0.13406326,0.35871953,2.4274845,1.0049739,1.0169158,0.75734836,2.070011,0.5109512,2.008369,1.1866798,0.7021901,0.3409597,0.46686146,1.8453941,1.2134337,0.36971897,1.1163031,1.1618775,0.3365601,0.85002744,0.18062218,0.010407281,1.2862024,0.36635855,0.78887546,1.3837408,0.031169554,0.0,0.7544493,1.4438514,0.1192177,0.2685768,1.4370383,0.6213873,0.06955839,0.55548096,1.3365204,0.980647,0.4245391,0.22669181,0.7442991,0.42385244,0.0834154,0.11402029,0.3348355,0.7107368,2.3983777,0.30083984,0.31130326,1.2424214,3.8767767,0.9875421,0.33604258,0.49477336,0.63010824,3.568152,0.88301754,1.2442818,0.69277626,0.3778206,0.0991891,1.4952937,0.87680084,0.25572768,0.29939783,0.13852493,3.080315,1.0588194,0.5793257,0.24243282,1.3144765,0.67449343,1.5966465,0.2641577,0.29580146,0.12248214,0.2607667,0.52048546,0.8696233,2.1061254,0.10318748,0.08069396,0.48586825,0.5258107,0.7105759,0.108164296,1.3742234,1.076038,0.14326154,1.6875694,0.46840972,0.5266622,0.6175889,2.1528554,1.1645304,1.2725928,0.15504909,0.13175076,0.84317845,0.23816973,1.4824549,3.7928674,0.62316334,2.1014016,0.080389425,1.2482231,1.2542166,0.043571766,0.53312975,0.4232903,0.5775548,0.058707505,0.27959204,1.4286118,0.77250296,0.13057558,1.0206751,1.32402,1.3541876,0.46613172,1.2483726,1.1108569,0.83586484,0.53226316,0.6961999,1.1616466,1.0408666,0.18547827,1.4170448,0.3219481,1.6585304,0.3615078,0.7986844,0.1716374,1.4783452,2.6751907,1.5183986,0.35623676,0.6346152,0.2140502,0.13867617,0.31185904,0.61104184,1.7577984,1.571579,0.7511783,0.30781052,2.2940598,0.41762152,0.3336993,0.08509367,0.0,0.60095376,0.2260505,0.76844114,0.23591185,0.9057816,2.0573833,0.0044929367,0.4541046,0.24052392,0.32872868,0.14062434,0.0067283115,0.19166839,0.017118657,0.39428413,3.0125864,1.2324415,0.54447365,0.7864368,0.5623088,1.5317241,0.3400648,0.53624433,1.4295218,0.0063596484,0.32828867,all_pothole_images\pothole_images_2_image_230.jpg
0.22328348,3.1563997,1.8485631,1.5539165,2.357531,0.12921987,0.2668837,0.6320176,0.05696825,0.8457629,1.1817718,1.1035798,0.20289984,2.2017088,0.031042082,0.30145591,1.000732,0.35839647,0.5072089,0.5574923,0.69776267,2.4183342,2.3362665,1.8705574,0.45775962,1.0893682,0.08189094,0.68102777,0.0,0.45639756,0.3484596,0.37698877,0.42553622,0.3417126,2.2880945,1.1557995,2.5133722,0.8548098,0.102623284,0.53265536,0.26521325,1.1584737,0.41713077,0.29604867,0.16465095,0.38312986,0.26930636,0.050393548,0.7330839,0.35566896,1.1536049,0.90936464,0.6361247,1.2620219,0.7394783,1.0008829,1.5644386,0.08611859,1.192751,0.3802531,1.3223089,0.41786298,0.19477299,0.3325619,1.6318395,1.1817845,0.9476245,0.37752494,0.46217048,0.74324983,0.098356664,0.34368607,0.66378176,0.6186666,0.7762335,1.3494905,1.1961249,1.002735,0.17459609,0.73340994,0.3947699,0.24102199,0.24674998,1.1187043,0.8991575,1.534536,0.07230982,1.264276,1.3802283,0.18945199,0.3389126,0.40334284,0.05024327,0.99220645,0.16931814,0.3643508,0.7725437,0.8981952,0.27496937,0.14388111,0.4227861,1.5010747,1.1486666,0.43886557,0.8027138,0.8406095,0.017572647,0.22995715,0.14873827,0.93963885,0.2639745,4.01827,0.0325461,1.5461198,1.2482393,0.5494158,0.64568377,0.6232517,1.3374631,1.0954064,0.40036342,1.2831845,1.2657125,0.43194494,1.5881761,0.35085288,1.0123029,0.44914728,0.07498272,0.07757165,1.2592082,0.96423215,1.5432185,0.49062732,1.0084897,0.76917356,0.07079585,0.004008168,0.11980197,0.0,1.072379,0.6335063,1.00759,2.0393922,0.027932052,0.20103301,0.15887149,0.013893433,0.44377038,0.37708527,0.4052086,1.2627833,0.13050525,0.30366653,2.0602765,0.28146136,0.26035497,0.2527619,0.4849245,0.013630716,2.1033282,0.13863964,0.4408764,1.6673256,0.21786234,1.3071976,0.72265,0.8062814,0.84680766,1.0817149,0.6610517,0.3813362,1.0184062,0.19533768,0.4556369,0.11326633,0.44134986,0.0,0.09770064,0.27123946,0.6769115,1.5001868,1.5277671,0.38886508,1.1982434,0.013247852,0.17481488,0.61650616,1.448612,1.2376784,2.0916126,0.1687085,0.49883887,0.72364783,0.23699774,0.30042753,1.233422,0.6468293,0.70991766,0.83682,0.6328831,0.55256474,0.059876777,0.019409548,1.139209,0.3182246,0.1255694,0.24186403,0.76489294,1.4250618,0.20303652,0.3261022,1.7245901,4.025548,0.5740613,0.42076054,0.7829031,0.21247031,0.2532126,0.6525811,0.8545639,0.27266803,0.6710359,2.429718,1.0241444,0.07706682,2.9006402,0.3980847,0.31846192,0.25420085,0.067980096,0.56224203,1.1622533,0.17771456,1.0342075,0.4527612,0.0,0.4679568,0.03090454,0.3393325,0.29441732,0.7526222,0.74980736,0.07554022,0.20205939,0.31333038,0.60176355,0.40807,0.49137652,3.0748045,1.3310064,0.9969773,0.026239032,0.2585599,0.087531134,2.0397108,0.3435749,1.6121941,0.83453536,1.5792912,1.8408899,0.033540796,0.17841783,0.92584544,0.25264502,2.3623774,0.29524356,2.0829287,1.5260749,0.30940744,1.2210543,0.15625235,0.15566765,0.7839099,0.35477704,0.44659558,1.3096905,0.17511,1.5626559,0.6319495,0.17706753,1.1142582,0.504496,0.115201645,0.25195107,0.025581328,0.22216041,1.9152066,0.6295267,0.45333114,0.59678954,0.2812233,0.12580742,0.70901626,0.87554574,1.1521325,3.3564436,1.1716701,0.6400042,0.7241759,0.012070203,0.0,0.05864776,0.6644514,1.446743,0.25350347,0.3993745,0.4594,0.5573786,0.38499454,2.1124585,0.23018368,3.3243675,1.4350302,0.22385597,0.7006551,0.056746792,0.31098458,2.4952273,0.9564963,0.50913095,0.044655304,0.4485933,0.09874059,1.6424271,1.0092704,0.08211059,0.9789247,1.9456977,0.3219842,0.21759601,0.93947047,0.356768,0.68443435,1.0757142,0.55964255,1.8842586,0.62520224,0.7760771,0.0064471494,1.8377005,0.85929555,0.89431864,0.325534,0.35270125,1.3723874,0.28211302,0.0730091,0.31839296,0.31749997,0.25239515,0.1154414,2.3254447,1.0746615,0.11054253,1.0758624,0.9970824,1.8378522,0.5249026,0.45834342,0.95150787,0.5561137,0.3665123,0.40573496,0.4399082,0.70099306,0.7667888,0.5185509,0.23098311,0.4565341,0.5105111,1.1913973,0.78860193,0.48298734,1.5240331,0.46160296,0.46279126,0.962471,0.18535626,0.75964975,1.5775554,0.14295839,0.12337651,0.7744167,2.0071924,0.75744253,3.193427,1.9834884,3.2010694,1.4120919,0.7633281,1.7033182,1.0877794,3.0203545,0.344984,1.0232401,0.47702003,1.289505,0.16905467,0.15569173,1.4400711,0.4827875,0.053288586,1.9572339,0.08838645,0.7700003,0.41563046,1.6361163,0.16506986,0.23967382,0.0,0.446369,1.9019768,0.27398172,0.0006479222,0.14517942,0.24450454,0.7944845,0.3461548,0.16143681,0.6373957,0.63972026,0.8026344,0.7156341,1.6285945,1.4688721,0.08416161,1.2166966,0.3672737,0.104601525,0.21317354,1.4270493,0.43006927,0.09733065,1.2669,2.183561,0.62475437,0.51740175,1.2247554,0.41503054,1.3668447,0.24683127,0.13810323,0.42754814,1.7855735,0.03435581,1.1539388,0.41259068,0.55996263,0.9754537,0.1062933,0.9659059,1.7183504,0.23107725,0.4370658,1.6245453,2.7288191,0.5936338,0.6531591,0.25555715,0.70270497,0.43945852,1.4499547,0.027878074,0.39922348,0.9090739,0.18195288,0.04532473,0.04498596,1.504732,0.82295674,1.353983,0.21123695,0.8818535,0.57037896,0.02416969,0.8734956,0.6247376,0.24699882,0.21702069,3.5702245,1.7545443,2.181523,1.0761782,0.39186823,0.6585632,0.77134705,1.4437226,2.430397,0.006447694,0.31885073,1.8874711,1.028836,0.012227054,0.06337229,0.32118765,1.857403,0.5673425,0.26177654,0.76857156,0.9582459,3.606436,0.1106993,0.3040615,0.03925162,0.035623442,0.064305745,1.2492821,0.79754263,0.69218755,1.564346,0.0,all_pothole_images\pothole_images_2_image_231.jpg
0.1876468,0.12043583,0.95919454,1.3591863,0.5884502,0.39711598,0.18715562,0.012562335,0.2710712,0.40943736,1.1460603,0.6542697,0.012930258,1.0814956,0.03900885,0.64070207,0.038529333,0.6735326,2.3436239,0.10196852,0.19928025,1.3003212,0.5154304,1.8382075,0.9581637,0.772973,0.5121275,2.2552047,0.13282482,0.042818483,0.0071771387,0.55619836,0.7861605,0.14413486,0.17115274,0.7426931,1.8851141,0.43353808,0.52009684,0.23573233,0.19285521,0.9010864,0.93814296,0.31558093,0.7303203,0.13280721,0.10060985,0.4128938,1.3948635,0.33547872,1.0697466,0.41733366,0.30317134,1.0894792,1.2369096,0.89827156,0.35388088,0.0039413115,1.1290965,1.275328,0.24367093,0.29339507,1.4747276,0.08684773,2.1377058,1.3652935,1.1201553,0.025487792,1.0882121,0.35215342,0.86887103,0.9095057,0.11955915,0.9201979,0.31796408,1.2277285,0.43429387,0.94603974,0.27254534,0.48374876,0.26289868,0.056094967,0.40518776,1.0851048,0.29145807,0.4134555,0.8779819,0.07810255,2.3981242,1.2489964,0.47539005,0.7147023,0.0072180224,0.06814828,0.31708083,0.065237455,0.8500319,1.154679,0.13004425,0.3012287,0.006074825,3.3019428,0.65699184,1.4506649,0.2120142,0.17260529,0.6207898,0.14728206,0.9915843,1.689771,0.17953809,1.3606409,0.12834239,0.03441803,0.11745583,0.66205484,2.5272968,0.11491515,2.2267337,0.9484365,0.08803197,0.44649008,0.35946,1.2307568,0.18822701,1.8761817,0.19002059,0.31853515,0.22981921,0.07394774,0.11758744,0.10147423,1.2977992,0.08951136,0.08767325,0.33053276,0.32776695,0.024252115,0.18477066,0.7508024,0.3436115,0.13943878,0.8408415,0.46507066,0.47490454,1.3646494,0.6932866,0.59486175,0.6205957,1.9444641,0.7468358,1.4142064,0.0035316402,0.213421,0.8958168,1.2969605,0.24311964,0.095726915,0.24623995,0.7550012,0.71044236,0.7015724,0.12239954,1.1020325,0.62376845,0.044197895,0.29900572,0.7311085,0.39987642,1.7181729,0.44522455,0.50013465,0.51901513,0.7806947,1.1184835,0.39709705,0.22998117,0.00078762753,0.4855394,0.9636361,0.26665953,2.6053889,0.94867426,1.1478516,1.1943389,0.82922906,0.5566332,1.0467862,0.6866611,0.5147018,0.008024747,0.072824955,0.5193382,1.0791928,0.31631154,0.060452834,1.0218073,0.2528249,1.3660822,0.3193448,0.60541165,0.9499392,0.47060716,0.12762676,4.1099,0.28222153,0.28993353,0.34465498,1.3627957,0.49068776,0.74281883,0.11345723,0.52747244,0.722766,1.1081841,0.7654171,1.5677795,0.33751118,2.3267202,0.6914566,1.6876012,0.9910183,0.4052122,0.8014349,0.18091679,0.5432497,0.16002364,1.8506243,1.1189445,0.9605339,0.034278437,0.5937465,0.9623502,0.6185639,1.2742937,0.5292234,0.50456715,1.1395735,0.71203595,0.029048081,0.43024158,0.1261152,0.3281118,0.056458626,0.16172574,0.14193112,0.16714627,0.17224777,0.63205206,2.9391856,0.09988932,0.12766592,1.0513304,0.43783048,0.37771472,0.6297752,0.20687817,1.8628312,1.5681846,2.2137017,0.70786375,0.19941106,0.44206166,0.69031775,0.36518082,0.8175349,0.012167522,0.45884186,1.4686875,0.30001172,1.1085974,0.23439512,0.30626145,0.6218591,0.49131235,0.674381,0.6929441,0.40150413,0.042932414,0.36059797,0.03810053,0.2647792,0.16517477,0.3485422,0.32882017,0.53991723,1.064381,0.70617044,1.6201698,0.06528646,0.11384873,1.0249374,0.120473675,1.4450989,0.38554576,0.94181347,1.8781414,0.40063763,0.39790198,1.7220135,0.036599603,0.8605779,0.51476705,0.4715111,3.1111572,1.0998334,0.27668437,0.44927078,0.56340784,0.9629057,1.3562787,0.6011013,3.0026183,2.4218478,0.15506767,0.5789538,0.5023385,0.6820064,2.081306,0.3982549,0.24968968,1.027323,0.50132835,0.35791588,2.8162186,2.384242,0.21570256,0.06911368,1.0539329,0.034316137,0.7642495,0.26428157,0.4127604,0.17636661,0.13694961,0.25008228,1.172182,0.3710338,0.36169222,0.09658118,0.6300599,0.045205105,2.235242,0.006447524,1.1246455,0.86815464,0.12491166,0.46089578,1.132061,0.35265756,0.06206107,0.7804271,0.46672758,1.0813587,0.77777314,0.49783814,0.7179322,1.3716863,1.0726649,0.73822176,0.036719386,0.38620034,0.88116187,0.38833165,1.7158773,1.0909467,0.59481007,1.4376924,0.29818496,0.095385656,0.6113614,0.24962255,0.09139913,0.44704592,0.7335696,0.03516677,0.08684839,0.4975881,0.2431742,0.034232084,0.75928587,0.004733274,2.5383544,0.5934211,2.701815,0.42607808,0.7227453,0.09342275,0.1804094,3.6167939,1.8554373,0.07354113,0.32342428,0.21731074,0.9052186,0.14580528,1.957386,0.08205856,0.25663504,0.0005264621,3.594161,2.6751037,0.0,0.2898843,1.0297356,0.0036848986,0.7291244,0.37097803,0.3365433,0.8756797,0.0776206,0.5704835,0.35201293,0.3915589,0.05851471,1.5574551,0.6297409,1.4272065,0.26251036,1.0046933,0.9416163,1.1028045,0.9988523,0.88345057,1.2504053,0.030758837,0.22520705,0.38543156,0.59474456,0.3483388,0.9180705,0.1201131,0.7245759,1.4830372,1.3676579,3.0204031,1.2326206,1.0018991,0.35678476,0.30043593,1.1067272,0.8661162,0.5676956,0.24611966,1.2802877,0.10048036,1.9775635,0.8073924,0.37246302,1.9707655,0.681254,0.37100348,2.0638938,1.1599294,0.16665556,1.4692686,0.8340562,0.57179624,0.34699515,0.570375,1.6754534,0.17722559,2.2924392,0.5073727,0.2582037,1.1927975,0.25462663,0.014347439,0.78783774,0.5388488,2.1176965,1.022509,0.43348035,0.30820608,0.21689028,0.3047792,0.8316476,0.44483036,1.060275,0.020010952,0.0473867,2.5258708,0.6142456,0.16885,0.75750303,0.43010375,0.87145156,0.36139897,0.8221289,0.247374,2.8421204,2.1470158,0.14625253,0.07676071,0.007241059,0.31431624,0.64818215,0.03831752,0.1922675,0.24855807,0.08390002,2.6730359,0.12489507,1.8978155,0.83157843,0.87382764,0.1723299,0.24028257,2.0526175,0.5759389,0.0570609,0.9007661,all_pothole_images\pothole_images_2_image_232.jpg
2.0337458,1.1278154,0.06634447,0.36937752,0.6069385,1.9435277,0.74840194,0.78887826,1.6688163,0.79135114,0.11596931,1.0624874,0.40684548,2.6585824,0.37540066,0.0805734,0.105086364,0.31859508,0.47202775,0.011904762,1.3325671,2.64793,1.3539933,0.43706793,0.57148534,0.13724782,2.5963585,1.7468889,1.9475287,0.124594994,0.108407505,1.3457358,0.014458072,0.24260773,0.6587514,0.60355234,0.7930237,0.23105103,0.6767373,1.8948977,0.20292585,1.1168255,0.35343707,0.17645393,0.4084444,0.3642895,0.08359599,0.113047406,0.93215346,0.22642855,0.3471424,0.0663647,0.11649373,0.20985393,0.01246467,0.5195499,0.61403084,0.0374454,0.23189107,1.0191967,0.32719508,0.20508361,2.0142403,0.70833486,1.8013785,0.87909585,0.85138637,0.11040965,0.1761635,0.6569418,0.04664116,0.50842357,0.19133359,0.15375774,0.039382514,0.20086372,1.5913275,0.57648367,0.49504274,0.21682821,0.44259214,0.013188406,0.062923476,1.7862663,0.3593014,1.2279294,0.04074909,0.031917594,0.5748955,0.0014303398,0.55142826,1.0740981,0.5797521,0.69348395,1.5248886,0.13338515,0.3710675,0.2590755,0.37085527,0.89329654,0.74888563,0.7241821,0.52607536,0.396481,0.24683893,0.19675702,0.47040904,0.5131309,0.08343379,0.58836395,0.5483726,1.7627319,0.4787589,0.16538729,0.08049419,0.82681054,2.0637999,0.12378061,0.3911563,0.3414982,0.7219912,0.23801951,3.8831668,0.57628596,0.013606657,0.09626761,0.11019394,0.09789445,2.007937,1.9039339,1.9024898,0.8168151,0.839085,1.5506353,0.1992914,2.2543566,0.5896288,0.01433464,2.243218,0.015057381,1.5473192,0.3689926,0.1022805,1.8514323,1.2360331,0.20794454,0.4418436,0.47876734,0.12376059,0.37014455,0.1625168,0.2203124,0.13639651,0.20955597,0.82613564,1.727797,0.90060705,1.8595445,1.9275045,0.8437391,1.2818819,0.36825085,0.40436444,0.66381925,0.2869853,0.35489547,1.3273773,3.377332,1.610874,0.090550184,1.2158787,0.40281132,0.21561816,1.1791999,0.23282829,0.38251573,3.8927584,1.2712092,0.6373869,3.1178327,0.5615222,0.5589334,1.3522321,0.11247934,3.532421,0.35246775,0.82540673,0.5727619,0.34107068,0.24617638,2.0944793,0.06730037,0.09603747,0.3897967,0.08553835,0.2766026,0.22514942,0.55020255,1.7770693,0.77279264,0.05775164,0.1880838,1.974113,1.3392692,0.4695183,1.6606797,0.32781214,0.21908677,2.2898881,0.53844094,1.2597404,0.9920554,0.7284663,1.735553,0.7321366,0.1637309,1.3043239,0.14731933,0.51222706,1.1383835,1.1589612,0.40229392,1.1408149,0.030329539,0.0,0.33528268,1.3322234,0.0042226035,2.9858322,0.53966326,0.3525519,1.1460253,0.334453,0.54560214,0.36688006,0.8133497,0.41620043,1.8024422,0.16750413,0.65176606,1.6023662,0.14714363,1.167844,0.0032101467,0.066401646,0.45469922,0.40412503,0.31191462,0.7205116,3.6729476,0.7760984,0.30024317,0.29907212,0.17168963,0.049174946,1.0376827,1.7006406,0.54322916,0.051298093,2.477151,1.4618564,2.9863038,0.36709213,1.2679361,0.2339053,0.83538437,0.04849294,0.15881296,0.934089,3.0734842,0.17737381,0.3853176,0.061123174,0.5346823,0.1966449,0.7590808,1.1076217,0.5159931,3.1908753,0.49376732,0.9053402,0.573152,0.32052296,0.09356798,0.486636,0.32055828,2.1462803,0.4688056,0.6605634,0.6036451,0.225308,0.6652088,0.55025935,0.7545281,0.32271498,1.3117366,0.9167421,0.21125308,0.88128597,1.6830914,0.33239254,1.3429297,0.017502388,0.38611487,3.8376338,0.47667718,0.9592304,0.8645877,0.3686036,0.013526837,0.19967613,0.92409796,2.468094,2.2117643,0.21999067,0.9018934,0.45647964,0.41324183,0.8306939,0.8942938,0.2636903,0.2804867,1.0065528,1.8694336,0.46882674,0.15357885,1.8898872,2.4663858,0.37529597,2.0143497,3.7974348,0.69915706,0.0072636968,1.5117626,0.34439167,1.2705116,1.0441592,0.64691377,0.13928495,0.43723083,0.11528726,0.89651006,2.1160374,1.1806808,0.28790113,0.39165196,0.34458673,0.86846733,0.6397087,1.7725703,0.5653014,0.597719,0.13477525,0.08130775,1.714121,0.88805634,2.5797443,0.17109889,0.5703318,0.29916337,1.0462449,0.5232909,0.24917859,0.0068892166,0.10334485,0.31869978,1.8860822,2.5318744,1.1595547,0.058222853,1.2154874,0.13050352,0.63416564,0.84641796,0.6795383,0.9113432,0.1675225,0.2779544,0.9526892,0.56518763,0.09165548,0.2661144,0.7782942,0.54145724,2.905322,1.12371,3.271375,0.658368,0.45872894,2.0805504,0.9982975,0.128714,0.0334041,0.13301286,0.9618854,0.014937835,0.18265882,0.8884828,0.6705023,0.57616174,3.456283,0.20619856,0.1835904,1.3196454,1.6441479,0.008417186,1.4862404,0.67026955,0.35843652,0.3515179,0.1538839,0.4429202,1.4157135,1.0521961,0.22850525,1.761949,0.5060301,2.4153118,0.15156716,0.6415263,1.5651821,0.0,1.0800531,1.0631219,1.5881037,0.98926544,0.5237199,4.445235,1.0715592,0.18339048,0.25689468,2.6733642,0.23711264,0.41263062,0.4083173,0.81989855,0.27745193,0.77060246,0.54145163,0.43108863,0.45847845,0.15314338,0.018895034,0.075012855,0.045320455,1.0016928,2.5921261,0.016373407,1.560382,0.36871326,0.17053969,1.5432248,0.212078,1.1113063,0.7091667,0.17680892,1.5335207,0.005701312,0.15957212,0.75887513,1.9674449,0.8977126,0.9369322,0.43976676,0.5857471,0.049212128,0.034490637,0.6157028,0.11676201,0.2424492,0.2952028,0.48882154,1.5544978,0.99764,1.2056348,0.017814068,1.8455409,0.67890584,0.89065754,0.21478762,0.6314189,2.6139972,0.22250378,0.64144707,0.06319196,0.09834381,0.34073338,0.13042192,0.45147768,0.90218335,0.039084133,1.0464278,0.7047228,0.269434,0.0,0.041793507,0.12731121,0.33536243,0.04106664,0.49047178,0.33118266,0.7472707,0.2648181,0.9465928,0.10097515,1.0321363,0.37871537,0.19848102,0.23212487,1.0217065,0.65854263,0.08637924,all_pothole_images\pothole_images_2_image_233.jpg
0.8881194,2.2961378,2.416774,0.35849455,0.03307422,0.061180755,0.24109633,0.2030523,0.53261054,3.3281589,0.11672875,0.36388224,0.17616339,0.30289298,1.4492611,0.36127612,0.39178294,0.03034137,0.2784802,0.7887618,0.21123087,1.753266,0.027879937,0.41762534,0.35028118,0.14027475,0.50118214,0.8820422,0.027902875,0.4751268,1.1559354,0.19361363,0.12687527,6.6761513,1.6548166,0.31603432,0.13014361,1.0386858,1.8882132,1.89442,0.31299907,0.023360869,0.21245174,0.6218855,1.7155961,0.8308862,2.1352947,0.10182187,1.0340719,0.91655946,0.7611567,0.76002985,0.13921472,0.0834583,0.9033865,0.7659864,1.51099,0.20792416,0.28494325,0.27000087,0.05894064,1.0305578,1.0652446,0.058623314,0.21014662,0.4587361,0.43143517,0.11144263,1.0552398,0.07482327,0.2693627,0.63186663,0.37442672,0.08575681,0.5468554,0.06174016,0.5228888,1.2772229,0.26471967,0.15500577,0.6633804,0.36436743,1.5671178,0.3537016,1.7081863,1.1543679,0.09318304,1.8806694,3.453086,1.2636508,0.4638128,0.29965648,1.7048813,2.0375175,0.3985984,0.36130816,1.6204386,1.616302,3.3920877,2.5883212,0.04998948,0.7935629,0.023311172,1.1608735,1.3721179,1.8344632,0.19935468,0.45652464,3.0520406,0.22442105,0.08616641,1.6929187,0.13593106,0.9548783,0.025208745,0.6485662,0.52849096,2.1653595,0.0612674,0.2778416,3.0176456,0.48396504,0.74114734,0.9701213,1.3123333,0.05504011,0.09252478,0.7816846,0.91635704,0.08262656,3.0620048,0.25780314,0.3675497,0.22107533,1.054132,0.0012985071,0.5189364,1.1612382,1.7084805,0.096577674,0.08487095,2.4027903,1.4652843,3.3914104,0.063777916,0.16162653,1.3233156,1.0808835,0.78084093,2.129867,0.15762967,0.46090922,0.46463177,1.2093543,1.4451177,0.24271545,0.8333445,0.80630493,1.9060364,0.16494668,0.22004738,1.7725515,0.9843563,5.4403224,0.28287435,1.8370417,0.6446059,0.06237267,0.8948175,0.4797835,1.0146655,0.32974488,0.40397328,0.25713924,2.1295261,0.44657174,0.41222146,0.11619177,0.2139825,1.227318,0.7348558,0.9007363,1.5697999,5.1509857,0.9546897,0.51548576,0.43378657,2.0664632,0.25888523,0.50372374,0.17020056,3.7720277,1.4788097,3.2742853,0.4452072,0.16073762,1.5871503,0.46221152,0.014575634,0.20538603,0.65922076,0.022785889,1.2400163,0.37420747,0.25757024,0.470877,0.85962474,0.21723899,1.9624118,0.25271216,0.0,2.0979073,0.57139176,0.5571489,0.08455516,0.03152007,0.053456362,0.0021605617,1.0775013,0.34849054,1.6220195,1.0381696,0.5902711,0.50325954,1.0811944,0.8673096,0.6499056,0.1711857,0.31249583,0.058774933,0.30575034,0.481072,1.2509208,0.49806207,0.017316094,0.35393178,3.3372948,0.113956004,0.65634006,2.471514,0.011591287,0.16456242,0.6442832,0.9789364,0.6659238,0.0020081014,0.21236089,0.39269537,0.095412664,0.071740575,0.60162383,0.43129745,0.31435755,0.75067353,0.22180389,0.17900868,0.7688545,1.2311943,0.01588511,0.31826368,0.9947374,1.2323068,1.6691717,1.1512209,0.002073021,0.5019764,1.7017996,2.1186445,0.72384983,0.5321873,0.10672178,0.07242013,1.172341,0.023175145,1.931691,0.28243858,1.0384413,0.003546955,1.8381505,0.37077284,0.25312802,0.020516952,0.44519517,0.6431978,0.69880813,0.6715619,0.11461526,0.2956322,0.0099477265,0.31889856,0.13899994,1.5198342,0.009739383,0.73137915,0.36995053,0.1460221,1.9049389,0.11370288,0.4926147,0.48102698,0.39127633,0.09831591,0.17420991,0.81942093,0.24950992,0.0,0.9517331,0.76596504,0.93156004,0.14375769,1.5865712,1.8929785,2.6974165,1.5085154,1.9569622,0.14655538,0.067779295,2.013077,0.827972,0.42639482,1.2846252,1.3898076,1.4870054,0.36949515,0.03684929,0.40837887,0.008620411,0.54341406,0.6173692,0.07212213,1.2011553,0.1455188,0.71483237,0.14594942,0.8525307,0.9748123,0.07189836,0.78417844,1.5170316,0.86315715,2.1762493,0.7898633,0.91035897,1.281647,1.9279978,0.35376233,0.4505888,0.060407806,0.0564782,3.5056682,0.5246723,0.01410984,0.8555668,0.11590803,1.0080404,0.27269843,0.14386699,0.18896124,0.15982562,0.32218608,0.12114069,0.18984422,1.2794702,0.0909595,0.15879826,0.19088939,1.105036,0.5127706,0.35750532,0.39563432,2.3106906,0.23675242,2.6281881,0.007107536,0.5527855,0.18074757,0.099513344,0.21397394,1.4418306,0.032809436,0.7276952,0.18955573,0.8584873,0.10945842,0.45355263,0.06689841,1.0424023,0.28437784,0.36575112,3.7605767,0.7142776,1.2963171,0.31966293,0.32026145,0.44159457,2.4982088,0.5919683,0.62235516,1.9070883,0.2918261,2.9248605,0.22356923,2.2312376,0.12141992,0.049193453,0.8736639,3.917576,0.26484102,0.39240742,0.32595482,1.2581952,2.115575,1.3970011,0.86186963,0.11531919,0.51485497,0.08212579,2.3584232,0.0033732115,0.04051726,0.9323016,0.23700947,0.53423244,1.0161006,0.47878942,0.29910168,1.4808323,0.86259484,0.4182559,2.3369105,0.057691302,0.2191472,1.0845728,0.053611573,0.21575359,3.8495784,1.1006327,0.10925962,0.27327633,0.10052081,0.22438979,0.34610352,0.13725998,0.5086873,0.0,0.07876998,0.23867062,0.22277437,0.66090566,0.93593293,0.11096531,0.02263091,0.7298297,2.0162327,0.07510009,2.3247852,0.28806075,0.93067586,0.10507645,0.07797636,0.019137789,0.44682726,0.062178764,0.060501,0.04482906,0.28342298,0.3139424,0.063536,0.91993153,1.1838342,2.6946037,0.5094263,0.1308357,0.23676112,1.0144292,0.41268364,0.4292665,0.7028715,0.44390643,1.0383211,0.8988845,2.8567753,1.2707219,0.120527446,0.005885449,0.252839,0.68815774,0.035664476,0.20281355,0.017775204,0.7115064,1.0752825,0.36390388,0.124899484,0.08282162,0.10476638,0.7178289,1.4545257,0.22348715,0.091726944,0.11540798,0.1218534,1.7512661,1.2536824,0.5476014,1.3829604,0.0,0.21138424,0.43300098,0.8348169,0.82235616,0.23038918,all_pothole_images\pothole_images_2_image_234.jpg
1.3959987,0.24204129,0.042601544,1.0310526,0.18435319,0.65346855,0.27512562,0.0,0.79362017,1.3767564,0.710732,0.52140844,0.0,1.801962,0.4292597,0.49263614,0.03649165,0.0,0.018861795,0.050327063,4.576975,1.2762088,1.6800342,0.0928823,1.8656937,0.22582778,0.30578268,3.1558487,0.62256795,0.10735712,0.37882307,0.91365844,0.0,1.4800482,0.11451731,0.4240246,0.10240413,0.3727782,0.58486354,0.32995644,0.010394826,0.015379073,0.42058575,1.0519903,0.6960337,1.352599,0.0076445285,2.183352,0.5925866,0.5424454,1.0748844,0.60765326,2.7958448,0.15020011,0.14786333,1.4989963,0.19630097,0.39824986,0.53459036,0.10126451,0.23371118,0.5919272,0.07881398,0.40911794,0.42045054,0.38920352,0.8246662,0.44692826,0.41903508,0.0007658269,1.783712,0.07957594,0.61425686,0.7762894,0.46004313,0.18410428,0.2677112,0.40683612,0.0007733812,0.00979565,0.088652045,0.44944647,1.1383667,1.162819,1.0537446,0.008197331,0.70332724,0.41388154,1.487875,0.4413613,0.4806136,0.14186235,0.08339177,0.39591902,0.76993436,1.1886309,1.7670667,1.0242426,0.62926453,1.0321572,0.67804873,1.3749924,0.41497192,0.0,2.0386562,0.0,0.24763185,1.4200785,0.018325219,1.0904816,0.14248674,1.7928234,0.74352276,0.50304526,0.5389981,0.12871128,0.12813471,0.04976727,1.2567607,1.0800037,3.0078049,0.49767095,0.00054584397,1.5051546,1.7655375,1.1314155,3.629561,0.38471687,0.0010576799,0.542363,0.0011956556,0.03128568,0.0,0.36288846,0.90414464,0.642917,1.3371638,1.050253,1.417946,0.117544815,0.9721203,1.0867498,0.05797409,0.43643814,0.085908264,0.523692,0.005764286,0.33780685,1.0993887,0.0868099,1.1657254,0.83707565,0.022155317,0.27374062,0.50815076,1.4914973,0.82192975,0.7793828,1.3231802,2.3135147,1.2896307,0.5667054,0.30186227,0.20091388,0.27424645,3.9837117,0.49957836,0.31861144,0.9539326,2.2509794,0.0808588,0.0,0.8948442,0.050713815,0.0,0.16555272,0.6608445,0.27237287,0.95491755,0.53922176,0.0,1.1835117,0.27539355,0.80989695,3.616795,1.702832,0.4104854,0.58518744,0.5877927,0.51038086,0.11646488,0.13128656,1.0279154,0.9280543,0.21092792,1.175876,2.205123,0.016879488,2.0796402,0.1866235,0.6085187,0.49721408,0.21960354,0.6192991,0.35569093,0.014501296,1.6796317,0.0287629,0.5783235,0.23232432,0.1265773,0.08825509,0.13011412,0.13113867,1.4156251,5.7378364,0.028098242,0.07619875,0.5037259,0.09116807,2.5694396,0.0,1.0644866,0.15186258,0.0,1.215254,0.2977295,0.29062378,3.126446,1.8325888,0.11443192,0.009017966,0.45517987,0.993122,0.0606158,0.14533463,0.88007647,0.015669672,0.062345054,0.26630044,0.27321208,0.06726225,0.24322163,0.22361977,0.16872479,0.42485866,0.9370965,0.5427377,0.09553723,5.966325,0.09480125,1.494651,0.058731165,1.0109034,1.2371416,0.51508826,0.27188516,0.29261276,0.013754771,2.5454159,0.18873121,1.3182527,0.88283795,0.0035901903,0.93695045,0.37996805,0.05857762,1.0612772,1.1611223,1.053608,1.0607306,0.049005818,1.3070363,1.170894,0.22278693,0.14125052,0.025976993,0.52833354,0.07456426,0.2080652,0.4022342,1.2696469,0.7852674,0.56624335,0.5442007,0.0067387586,1.5481946,0.60182697,0.6993959,0.009350925,0.1332653,0.0002676732,0.06181213,0.5717583,0.09146873,1.3446243,0.45347023,0.07873006,0.0074569406,4.7061806,1.1570585,0.73800075,0.00827586,0.010521307,3.6337895,0.7510964,0.26110595,0.0,0.20354725,0.66301507,0.031749643,0.18731144,1.212794,3.1435485,0.13899675,0.08865599,0.29004234,0.8670503,4.5441775,1.2003034,0.07376865,0.3421393,1.3732718,1.9963056,0.42850018,1.984771,0.8476318,0.24978682,0.0813186,0.013818933,2.1735835,0.3667486,0.3738123,0.08115888,0.0036620735,0.57932186,1.6399853,0.36141765,0.28792146,1.785982,0.10754742,0.097218454,4.0676293,2.667337,0.85071933,0.53135,0.5992233,0.44195905,0.71712136,0.008698737,0.8369575,0.3292298,0.045376256,0.9487942,0.031777035,0.011873865,0.39877966,0.10463545,0.81000006,2.785812,1.147041,0.0,1.5985366,0.38840488,0.9774456,1.1889018,0.86895424,0.55035657,0.38621947,0.64338005,0.07492917,0.1096594,0.89430577,0.5144886,0.055073615,0.5263585,0.57383484,0.23687726,1.315984,0.6092876,1.2372733,0.026699783,0.003872811,1.516306,2.3727615,1.3409312,0.9990436,0.09259213,0.95669717,1.7134072,0.7751751,0.68520886,0.14871481,0.15142006,0.07892937,1.2796618,0.25414008,0.55504787,1.0537765,0.8733076,0.5674094,2.3564923,0.8190529,0.31072366,1.0202478,1.2418139,0.58954906,0.36311036,2.155762,0.078367345,0.93833876,0.49807084,0.008168699,1.5402888,0.11252511,0.47408295,1.2153041,0.17296565,0.92106587,1.3265356,1.4198982,0.2818744,0.65561444,0.91296244,1.7709453,0.020675002,0.6698934,0.81257313,0.54883957,0.55833775,0.42565662,0.10099158,0.7365128,1.0071206,2.3711317,1.632517,0.7847849,1.5882983,0.045228712,0.4187362,1.5311861,0.0105527,0.0,0.21237224,0.024078261,0.03621732,1.0310882,0.84281933,0.0784124,0.7108529,1.2238826,1.0974591,0.9391429,0.12769133,1.7812215,0.404534,0.7719236,0.039927457,0.5534567,1.8528184,4.5089393,0.037049536,1.8708954,1.2884275,0.25921625,0.5199473,0.033298984,0.0042471536,1.7642627,1.1580774,0.1391355,0.0012650501,0.0,0.55828416,1.6578616,0.11384769,0.33160725,1.3110778,0.23760569,0.2665741,0.4362687,1.5090619,0.18106374,0.3899378,0.17888199,0.033847664,0.064657874,0.14626834,0.0019652294,0.0,0.37397462,1.3767476,0.05434014,0.60785764,0.0012995856,0.24156924,0.10361371,0.18204466,0.04102473,0.5766625,0.19951276,3.1300075,2.035586,0.9619546,0.22560394,2.102486,1.1833801,0.0,0.07555741,0.12873,0.16409492,0.18593858,all_pothole_images\pothole_images_2_image_235.jpg
0.64030004,2.761733,0.577422,1.2453274,1.4731493,0.88000935,0.09070677,0.149703,1.4890233,0.40703964,1.2630274,1.0888724,0.56989676,4.4563837,0.7429596,0.8440989,1.3103791,0.5364132,0.45671704,0.5798564,0.57366955,2.1178815,0.9369324,0.98459756,0.7488704,0.25476104,0.27415666,0.6519435,0.13451335,1.6999563,0.62210995,0.2531265,0.5797025,0.08633562,0.3979127,0.56423384,0.71164405,0.4115125,0.74486274,0.10291167,0.4811722,1.0100809,0.65677005,0.74812376,3.4251254,0.26875773,0.12955941,0.0,2.266217,0.113898166,0.8872511,0.2396089,0.12470125,0.597775,0.13294877,1.2280769,2.1334713,0.0023299325,0.70394605,1.3895587,1.0911185,1.0054854,2.274114,0.90542436,0.6781456,0.13973816,1.3680562,0.6441556,4.4410496,0.2869482,1.137986,2.51322,0.55447876,1.1577268,1.2830784,0.82789296,0.589516,0.3092192,0.4487623,0.067869835,0.54011065,1.5525533,0.7686364,1.9764305,1.3332332,0.14030592,1.5610471,0.6456317,3.6805968,0.90130955,1.1518836,2.1981869,0.19308068,3.591633,0.2691525,0.5944711,0.46167886,1.2838683,0.03921139,1.8535064,0.16419356,0.9961849,0.18251316,0.55410296,0.5036941,0.69737226,1.0989585,0.021153029,1.0067341,0.24886061,1.718657,1.5520356,0.31938684,0.31961942,0.70885015,0.39602396,1.8295968,0.48239458,1.4075938,0.37810582,0.72090787,1.6889321,1.8820897,1.1478301,1.4775696,2.1169376,0.16576368,0.25446677,0.9711803,0.24565837,0.409435,0.12437941,2.696922,1.7610627,0.6036996,0.16927072,0.6239695,0.29503047,3.6273694,0.78638464,0.87409616,1.5774156,0.13038594,2.7804987,0.1876849,0.41363046,1.0073427,0.026995007,0.46738377,0.90157306,0.023036163,0.48821145,0.868645,0.49522662,0.694879,2.1383111,0.21230139,1.4319779,0.40051445,0.3135607,0.957383,0.07663445,1.0845912,3.5908122,2.956026,0.027398143,0.98140574,0.7194156,1.3647071,0.65286034,1.793592,0.6794287,0.2930148,0.33529335,1.2756792,0.32750073,1.8805223,0.024787815,0.7600207,0.167584,0.035617232,1.3089467,0.2882561,0.056150276,1.6572741,0.7048315,2.5952778,0.5187613,0.39889884,0.87503546,2.1454947,3.8495824,0.20234664,1.5842372,0.20497459,1.7280753,0.3020847,0.55678076,1.4244018,0.27124676,0.7191575,0.87876064,0.75051755,0.39312357,0.94417804,0.32897237,0.016880173,0.02337371,1.6113845,0.17963755,0.9135923,0.49678352,0.75208133,1.5872127,1.4622335,0.74451506,0.25388628,0.033100348,0.83330667,1.2797757,1.2360388,0.39106324,0.24350186,0.36658978,0.18598889,1.7075394,1.0425628,0.06611301,1.1263494,0.11125957,0.05708108,0.5385185,0.6234666,1.1421964,1.2211186,1.6595023,0.15498596,0.28930363,0.14076248,0.72920215,0.69383645,1.1755111,0.12102342,0.25259766,0.68525726,0.15113823,1.6180521,0.10388467,0.027242906,2.9994755,0.996987,0.0412132,1.1214396,0.3508694,0.10555595,0.47762477,0.39771375,1.8267937,1.9563327,2.1944115,1.012543,1.4683281,0.60401744,1.4870796,0.97264844,0.33405825,0.068617605,1.6751385,0.622115,1.0477104,0.07948848,0.8038724,0.88374746,0.08162662,0.14572287,1.0783838,0.97314763,1.0783503,1.1232795,0.025342746,0.115859576,1.8327307,0.99581784,0.9101344,0.16016757,0.27184817,1.2858889,1.2167481,2.4071014,0.33271343,0.5172484,1.2525693,0.015909016,1.4836621,1.3624277,1.6971792,1.8362571,1.086004,0.5619773,0.39843875,0.122203015,0.24929315,0.0072098337,1.3437456,6.4416895,0.86468935,0.50741446,1.1576092,0.44532064,0.42781964,0.2647336,0.5189317,5.464476,1.4609804,0.2573322,0.36016998,0.58948207,0.40621978,1.274765,0.58133554,0.08490403,2.6790085,0.24829674,1.1333292,0.5803299,1.6936707,0.57518125,2.632309,0.67326605,1.733242,3.2913468,0.27834758,0.3894705,0.10824414,0.5685967,0.105812736,1.6877222,1.7104309,1.727287,0.00714688,0.15099624,0.8217574,1.154699,0.00086212886,0.53713864,0.36175886,1.3244405,0.061337918,0.5900284,0.78550726,0.27551007,0.24741709,0.1830521,1.7775233,2.6728435,0.38131052,0.890307,1.1411018,0.7673504,0.10165695,0.4311644,1.5262449,0.45511284,0.41832128,0.058800604,1.7242442,0.17421712,0.359799,0.0062305825,1.8454281,0.5619606,0.36065143,0.6937165,1.1618379,0.7577409,1.1538497,0.24085996,0.32040215,0.45618477,4.0878296,0.14614597,0.66542643,0.23463692,0.6130361,3.6495426,0.24246807,2.2989204,1.5261786,2.0128214,2.3552139,0.76075166,0.32877553,0.69633543,0.0053872457,0.39185187,0.590078,0.532142,3.3289015,0.010582279,0.23568687,2.4714153,0.5307532,0.5849034,1.5633647,0.11514693,0.23049663,0.77240354,1.8721173,0.82898295,0.69062257,0.046735052,1.044163,0.34964535,0.7929299,0.06525395,0.63137466,0.18065515,0.8724384,0.15508905,0.6588191,0.22156869,0.5724213,1.2325621,1.0880352,0.672167,0.58707094,0.10153854,3.1843948,0.4957101,1.6466637,2.293842,1.658335,0.26971173,0.7803402,0.69393575,1.7033902,0.9450174,0.3376236,0.44831696,1.4154373,0.8638293,1.0831249,0.18325487,0.20429578,0.5463302,2.2415204,4.17429,0.62778467,1.4037933,1.9877434,0.94984573,0.47074714,1.5014585,0.16458285,0.9224145,0.0440704,2.910766,0.027048558,0.89910775,0.4346143,0.67845494,0.44745168,1.966795,0.49618062,1.0133651,0.31179053,0.72615844,0.09490892,0.6297826,0.2383036,1.5097016,1.1817379,0.19668314,2.1073854,0.8606049,0.49443567,2.5595844,0.6993558,0.05209459,0.1872681,0.31666857,2.7090292,0.6017538,0.78580296,0.0074445987,0.855465,1.0954627,0.43041193,0.14084035,0.075450286,0.4600913,1.5713778,0.4423017,0.20550062,0.01502239,0.47438264,1.5622138,0.40979984,1.0134808,1.1085387,0.3773145,2.483452,0.61312145,0.5589857,1.3412855,0.13795419,0.10902323,0.6688993,0.3756628,0.607394,1.8482208,0.8035155,all_pothole_images\pothole_images_2_image_236.jpg
2.1656659,0.5868064,0.09249003,1.8537737,2.1974099,0.23954235,0.94579273,0.36974517,0.54662687,0.65064895,1.1462505,0.5833586,0.9022299,2.6860354,1.306308,0.23070613,1.9410462,0.79140395,1.7630455,2.131961,2.037777,0.7803305,2.2136962,1.9230187,0.9846083,0.24343131,2.163382,1.2451456,0.37295952,1.3733369,0.89647025,0.08398229,0.75005525,0.6761101,1.6331122,0.0,0.3944802,0.7907763,0.744958,0.23199584,0.6900635,0.16868387,0.71731704,0.88384384,0.85471785,1.041859,0.44025046,1.3533067,1.1412861,2.0307677,1.5411563,0.8282288,1.5368805,0.1676237,0.5765972,0.59343165,0.15508507,0.17871262,2.8444905,0.47937998,0.67394364,0.6189224,0.65698653,0.62407386,2.8684037,0.5558114,2.6174521,0.042936247,0.18706617,0.55460215,1.1457008,1.0128062,0.60072106,0.19595446,0.81046206,1.5704229,0.73651046,0.35076118,1.3214005,0.16258317,1.9939027,0.25254214,0.3432988,0.21554568,0.9194683,1.3675082,0.47214413,0.25732008,1.3753674,0.10006906,0.51142377,0.3999377,2.761377,0.57459354,0.2940291,1.1109445,1.2744895,2.4783258,0.17218375,2.421763,0.041670155,1.5930889,0.6112303,0.884724,1.1735908,0.9852143,0.15716735,0.6769003,0.0027722588,0.9161757,0.7149603,2.2676249,2.312568,0.6433577,1.1736453,1.1443269,0.95788383,0.1177684,0.15405266,1.9177215,0.6353541,0.80092937,0.3598524,1.8218294,0.18307962,0.69523543,0.1604524,0.5151383,0.77344,0.97718656,0.62015444,0.4046011,0.022664877,1.9058342,0.20077315,2.2173524,0.2699163,0.7332522,1.1744218,0.90557355,0.2979595,1.1913561,1.0443082,1.7523745,0.6290434,2.0489123,0.6009604,3.066426,0.041012604,0.20096311,0.6501887,0.37080553,0.26957557,0.52169555,2.916456,1.9086418,1.4196584,0.07468618,1.0863527,1.1669661,2.485112,1.2220021,0.67098826,0.94383764,1.0412056,1.2358438,0.49640357,0.4264815,2.2122207,1.1439661,0.04643237,0.093926765,0.52522695,0.1306156,0.36045754,2.2457595,1.3008573,0.174285,0.57305205,0.21150152,1.5514224,0.35508746,0.22886935,1.9461707,1.0106324,0.08121622,0.2936964,0.2204339,2.8327332,0.109247245,1.1343919,0.28220212,1.0833974,1.118002,0.43715706,1.4272227,1.2193388,0.40522298,2.7631361,2.899238,0.5793727,2.1665847,0.43105915,0.42552936,0.32657126,0.15973152,0.67972535,1.0720942,0.5700931,0.45352778,0.8271957,0.1514792,0.058501992,0.2882445,0.48864827,2.0153697,3.2683048,0.18222338,1.1081053,2.3757186,0.48761114,0.009865954,2.6943862,1.4979217,0.70169425,0.47692686,1.8931476,1.929857,0.37627158,2.0635645,0.3245866,0.88031936,2.9413018,0.33351594,2.1372523,0.03674634,1.4386873,0.7754135,2.1017275,1.1923579,0.8242008,0.112779945,0.011768104,0.5846573,1.0420244,0.25960958,1.342835,1.2871425,1.741615,2.6254678,0.49184018,0.115206495,0.51816523,0.37384185,1.330373,2.088896,0.19872351,0.9746641,0.5012701,3.3639612,1.4798504,0.6476023,1.8478485,0.32370076,0.024761377,0.68855655,0.6455771,0.42169765,0.5236034,0.13404872,0.5929138,0.023295518,0.8273382,1.5674145,0.04507345,0.9739143,0.9262933,1.0997434,0.86982226,0.8410711,0.3070296,2.3904316,0.35008705,1.3992647,1.208008,1.9914846,1.561754,1.267863,2.2940302,0.16770585,1.0555443,1.0021253,0.66169155,2.3180492,0.23425691,0.13751465,1.2071459,0.011493262,0.15458582,2.062947,0.4455263,0.019710345,0.18677947,0.000764155,1.3109156,0.82132316,0.0,0.12037376,0.23264988,0.5412432,2.5370853,0.95189947,0.3476622,2.7163491,0.41333264,0.94016874,2.0535562,0.3185095,0.42964163,0.10141468,2.2845979,0.4820577,0.4626337,0.6264959,1.0550064,0.15517443,0.14353378,1.6021465,0.20505002,0.7637978,0.2903632,0.85546905,0.59735835,1.2292322,0.13041152,1.0518605,0.9004858,2.4598067,1.8288859,1.8847531,1.2800214,1.6381416,0.8461208,0.30407107,0.51607776,0.41482294,1.1527718,0.19890009,0.19243205,0.056393526,0.20030646,1.7256559,1.6468564,1.0474195,1.1413654,0.71899724,0.66876096,0.07952715,1.4318085,0.73594135,0.8675058,0.42522538,0.34819123,1.368661,0.0018888261,0.15726662,0.70150924,2.2250538,0.41098365,0.5118311,0.021018468,2.0820863,0.3631759,0.44720212,0.8085058,0.7259908,0.3848957,0.22665145,0.11271417,1.8131498,3.2182145,1.5744921,0.14966609,0.56830883,1.6213963,1.7834042,2.0476537,1.0077343,0.34053916,3.4083254,1.548751,0.91027707,0.044539783,1.1770321,0.45701572,0.053622313,1.5073986,0.26156297,0.9347525,0.26768267,0.07018998,1.1921407,0.28454944,0.78039885,1.1285723,0.7942363,2.2107716,0.29617542,0.4071315,1.494397,0.41424304,1.3026534,0.36188772,1.0105003,0.10205226,0.39768735,1.7265815,1.6134579,1.6721259,0.8509594,1.4569439,3.5476704,2.3477206,2.5658305,1.9447725,0.59557354,2.8495188,2.111439,2.5204034,0.3726104,0.16817127,1.3846532,0.9976642,0.64163387,3.181875,1.4872152,0.063947804,1.8892207,0.064263456,0.2220898,2.569934,0.74437135,0.6707141,0.22101377,0.056172226,0.9564154,1.3845657,0.33354092,0.5857223,1.4405863,0.18170834,0.6778644,0.008630886,0.21482372,0.09002986,0.12168586,0.6312426,0.4480522,0.48548484,0.21175572,2.010477,0.661516,2.040356,1.3564676,0.06270184,1.1165094,0.6896689,0.031086536,0.24860516,1.0263028,0.49515408,0.36460334,0.19767372,1.2104988,2.833496,0.9447172,0.2664701,0.3588534,0.42938232,1.852348,1.6905742,1.5165467,1.8158871,1.6709871,0.582565,0.15031156,0.2612384,1.1499677,0.80835223,0.0,0.17813602,2.0078862,0.844554,0.2176672,0.9403666,0.0,0.7941648,0.12534507,1.0542877,1.129424,0.15558271,2.3662262,0.78968924,1.2831684,1.4295046,0.058292534,1.6569566,1.2003659,0.011067514,3.3629603,0.2613872,0.7632864,all_pothole_images\pothole_images_2_image_237.jpg
0.09808426,0.52913696,0.12900354,2.1142902,0.4042205,1.2478477,0.504574,0.04550851,0.27253926,0.26498458,0.24319589,0.23424597,0.1998129,0.37983528,0.04550849,0.48618144,0.17733726,0.2360549,0.6313854,0.0023569614,0.78075624,2.3006616,0.8918961,0.15332782,1.0864496,0.22528741,0.06749816,2.0668283,0.35053983,0.2083656,0.50336176,0.54899323,1.2173749,0.38214368,0.4731968,1.7084213,0.3200842,1.1022745,0.2161819,1.1087892,0.14177017,0.0071276827,0.33802631,0.6563897,1.0579581,0.18789619,0.37734723,0.119365886,0.8535137,1.764147,1.1636258,0.00073766697,0.00056041306,0.88469696,0.075099416,0.9469022,0.98683256,0.03942174,0.637434,0.19245392,0.37693584,0.17608689,0.8883721,0.1528174,0.19912131,1.9583826,1.3141644,0.123283245,1.8071657,0.014793948,0.22932309,0.061290253,0.58687717,0.0563284,1.1952436,0.3853744,0.20750894,0.6865147,0.16144648,0.1486122,0.00047854622,0.33887786,0.61208224,1.4859675,0.672241,0.15272385,0.22868425,0.5554058,1.4010702,0.5498793,0.06341689,0.25946605,0.00964444,0.68879575,1.0339502,0.05195929,0.075359195,0.11580593,0.98931646,0.2748605,0.24020934,2.3347905,0.7449451,0.0010534908,0.12108645,0.048749547,0.58824927,0.40619066,0.16063909,0.29102033,0.03003995,1.7695436,0.15983137,0.10291247,0.89703774,0.0905092,1.4675158,0.34382927,4.5042424,1.3111136,1.7897918,0.15389715,0.033052307,1.0266473,0.42060745,1.7451792,0.034469776,0.85461044,0.4195615,0.10725912,0.60427344,0.0,0.1569706,0.0035296544,0.04821704,0.8675876,0.26935652,1.4143658,0.71549475,0.054833863,0.060410615,0.6176528,0.14372644,0.6998123,0.0021036444,0.62126756,0.12229238,0.0054133045,1.0906541,0.82088065,0.3054212,0.07541038,0.6661138,0.19655967,1.6512303,0.9836389,1.3322455,0.07739611,0.31623322,0.6228288,0.2614872,0.58659786,0.17837645,1.3339556,0.017124437,0.6932778,1.2647656,0.05781821,3.1897595,1.101336,0.0,0.0011475009,0.0,0.006199507,0.5509342,0.05840126,0.0,0.024884501,0.63981426,0.24817272,0.085613094,3.3034754,1.515176,0.40182078,0.710078,2.4872324,0.14258315,0.5953108,0.4033762,0.90698457,0.09891358,0.038101487,0.0005028918,0.6736687,0.58601,0.05609195,1.4167407,0.22844304,0.6905643,0.11637409,0.65964365,0.37420595,0.09457979,1.7483327,2.1708374,0.4374563,0.33230975,0.5133903,1.3534784,0.31004184,0.0,0.063270584,0.84547985,1.7415628,1.2517084,1.7463595,0.25452968,0.08300547,0.36875305,0.85498273,0.059933618,1.1011828,0.63740295,0.85405743,0.006921621,0.15820557,0.91286576,0.29149422,2.6214306,0.7953357,0.0,0.0,0.34587654,0.056301214,0.72968704,0.22810812,1.7617093,0.0020804394,0.10314234,0.44250602,1.249654,0.28896192,0.031218925,0.04903106,0.3344785,0.06889844,0.6787769,0.095384404,0.00015096791,4.0162983,2.4136264,0.29079875,0.5388482,0.29669777,0.00790284,0.73882294,0.9271478,0.3966483,0.22666432,2.5514145,0.04369292,0.5758383,0.74287194,1.3785634,0.46611318,0.27659145,0.14764102,0.105002984,0.44634673,0.2526235,0.1853281,0.052699585,0.380459,0.005060749,1.0877438,0.28367352,0.75804573,0.12810907,0.8451998,0.16035691,0.40480477,0.13870782,0.25461444,0.5067089,0.79307157,0.49278378,1.2242393,0.16685584,1.0428835,0.49488443,0.04836232,0.25190446,0.0023481583,1.167574,0.34208745,0.19982852,0.11194391,2.5960755,0.6973822,1.7624066,0.28222835,1.0366647,0.5205595,0.14078325,4.8223863,0.6767601,0.73341244,0.41163933,0.20123246,0.4038799,0.5125379,0.40366223,3.0218923,2.2158186,0.4837461,0.16239083,0.14569558,0.60014063,2.2798946,0.41188142,0.19974327,0.0,0.3104192,0.5241192,0.7708415,1.0201513,0.53793555,0.014320264,0.22323667,0.11262783,2.21242,0.67128193,0.08897856,0.0,0.21751909,0.2548802,0.22495106,0.052831843,0.16693288,0.6026828,0.689108,0.28445575,4.0571856,0.10187624,0.89500844,0.55087173,0.33042684,0.2316397,0.68715805,0.58268684,0.90940636,0.8825291,0.4499948,0.4915111,0.02223556,0.119357474,0.014013296,2.8612142,1.158141,1.0266823,0.0,0.110824175,0.2628832,0.035987876,0.10895746,0.1919062,1.0640315,0.23157592,0.029632162,0.0049836584,0.6274952,0.054050814,0.91989285,0.07637236,0.32613465,0.160515,0.0,0.31787586,0.7348028,0.0063113337,0.42785656,0.06029359,0.28746903,0.22423281,3.0767019,1.6808016,1.3038203,0.007269427,1.2485683,0.89881647,0.77506804,0.52280855,0.26922357,0.65270716,0.0071944944,0.35469592,0.7608186,0.07413266,0.17037031,0.5475375,2.817273,0.01608441,0.10512928,0.069958575,0.77939683,0.061555136,0.41348457,1.4398875,0.3797397,0.073911905,0.6472913,0.052384097,0.07176154,0.05262325,0.12372772,0.009854619,0.4874848,0.17026491,0.32667953,0.20695537,1.7974871,0.031861655,0.90197486,0.9386417,1.4458244,0.01568138,0.20212047,0.51553136,0.48878905,0.508661,1.0654367,0.23781733,0.37592658,0.11867266,1.1179178,2.811144,1.7776637,0.8939274,0.235199,0.9182267,0.35298926,0.49320453,0.31443328,0.34155592,1.312554,0.008623081,1.0844301,0.21869488,0.008585978,0.5417841,0.49761572,0.22947249,0.7034666,0.6522072,1.5821928,0.629137,0.5759402,0.75007707,1.4587871,2.3213847,0.26756728,0.061428044,0.9470976,0.115262106,0.43051735,0.8100641,0.014405904,0.034085035,0.25108847,0.40892866,0.17199144,0.7461439,0.45446244,0.40589502,0.3178453,0.0,0.48811886,1.3373965,0.3756723,0.10454475,0.15419823,2.4071057,0.42325073,0.019952603,0.11933814,0.09205455,0.8700972,0.31172898,2.2455149,0.007929396,1.590472,0.70634776,0.7098565,0.21365644,0.25850496,0.01768504,0.0887644,0.18758917,0.0,0.66542286,0.08453663,6.0803437,0.9922792,0.057558108,0.30652255,1.22313,0.077295735,0.0,1.7043601,0.5476966,0.05263958,0.29350308,all_pothole_images\pothole_images_2_image_238.jpg
0.116704226,1.9916148,0.8566089,1.9442683,1.1349686,0.8525945,0.32800922,0.34167385,0.2803911,0.5438649,0.14489526,0.6478531,0.071978025,1.3359914,0.07049902,0.19950964,0.2605685,0.05875688,1.4339925,0.7797358,0.22196154,1.4347979,0.6329429,0.60703456,0.32977235,0.39583912,0.12498808,2.2893276,0.323983,0.5677157,0.681116,0.8052939,1.5239269,0.11482515,0.89307487,0.92469573,0.15015134,0.6839482,0.3756807,0.71634626,0.7257793,1.3309535,0.12043802,0.6536184,0.38658556,0.10032037,0.8528806,0.0,0.4785328,0.8454161,0.49456576,0.25963107,0.56547797,0.2789564,0.3931325,1.1222084,1.0756547,0.25367802,0.4270685,0.33739552,0.20065264,0.13490775,0.5949188,0.27141336,0.504609,0.6940754,1.2233622,0.107789375,1.6867994,1.0626013,0.08116485,0.80436593,0.2494968,0.16356945,1.0543207,1.1299872,0.5790147,1.0829818,0.07951566,0.44115222,0.2524276,0.56043875,0.0,2.8222275,0.55743027,0.81573254,0.53215307,0.06479513,2.524029,0.80288833,0.21873592,0.20382017,0.09871699,0.29560998,0.11219166,0.026303815,0.8182018,0.789216,0.1520174,0.48079532,0.7632884,0.6835455,0.3744754,0.03765226,0.30341494,0.5351687,1.0946131,0.1061422,0.32428274,0.35137907,0.49230346,1.8359019,0.66088593,0.54608166,0.28127307,0.6708309,2.7572114,1.093075,1.1790146,1.1616985,1.0747606,0.49445146,2.5267806,0.44077456,0.17824677,1.0815643,0.15894032,2.02669,1.5094078,0.9238317,1.0154912,0.10913806,0.57968575,0.33886427,0.4781117,1.265947,0.0966673,0.4379067,1.541266,0.3292764,1.291278,1.5121671,0.016978385,1.0500662,0.3113363,0.1050508,0.038138747,0.21591093,0.9370922,1.4602783,0.856163,0.76427037,0.0017953453,0.7842916,1.2084265,0.5827059,1.1539152,0.27552712,0.0009241639,0.2906147,1.825174,1.2438761,0.24543898,2.0742466,0.012937452,0.098262355,0.1897899,1.235024,0.87944525,0.577583,0.21845518,0.0,0.14374442,0.6886567,0.21086796,0.0,2.5926936,0.35870174,0.26567915,0.25458896,0.055584732,1.5305675,1.4376115,0.54147685,2.2542114,0.93980306,0.45623302,0.31658646,0.054554645,0.7956144,0.7482855,1.5492289,0.10774711,2.0494268,0.23157302,0.007872418,0.227472,0.3882145,0.63495505,0.97436243,0.16807228,0.64540434,2.148122,0.9041983,3.8475626,1.3474108,0.007890742,1.1413175,0.32137397,0.63089204,0.22540355,0.07605206,2.0414197,0.3603143,0.95346916,0.5699207,0.07487488,0.36091933,1.1982398,0.59308285,0.35883,2.5086815,0.49825376,0.6075074,0.072394334,0.060231026,0.34393442,0.27391508,1.0668514,0.023918519,0.11896516,0.27265346,0.85940707,0.5663666,1.7842093,0.9782352,0.5008004,0.23782898,0.17899662,0.13299443,1.0365379,0.26304522,0.6683344,0.3424373,0.03365176,0.002700481,1.8236971,0.5520707,0.6886584,2.4865105,0.8875527,0.28813475,0.6338008,1.4109089,0.0,0.41199714,1.2766851,0.27206996,0.69106865,0.4478049,0.31671262,0.9772222,0.19395164,0.80181944,0.15454164,0.6251674,0.36523163,0.42187405,1.5684583,1.8642008,0.07263944,0.040206976,0.013208632,0.3764438,0.6007949,2.5515013,0.10886663,1.0143554,1.6238238,0.9221822,0.30650365,0.31508374,0.7416797,0.6827197,1.2508082,0.68088096,0.9053678,0.6430819,1.3877397,0.57499814,0.32893792,0.025428845,0.42105332,0.72665435,0.15567891,0.6838779,0.30276206,0.3282985,0.27561,0.21315216,0.31439108,0.21510226,0.46771604,1.084549,3.6679437,0.67407227,0.37295866,1.5347224,0.1521027,0.31768447,0.20057514,1.1351557,3.476162,0.79266727,0.16606091,0.50081027,0.013696361,1.356714,0.934037,0.24031264,0.28008822,0.27248165,0.0,0.7945407,1.0221289,0.67166466,1.2996256,0.61705977,1.043989,0.08986107,3.9211519,0.7693469,0.3025504,0.6790503,0.3463056,0.26107267,0.6254184,0.51092637,0.065752976,0.24659069,0.27951983,0.87336975,0.5841387,0.06152251,1.0198435,0.9604714,0.07951717,0.84853655,1.0228974,1.1277578,0.48422185,0.71144533,0.052512493,0.20980883,0.03352244,0.065060176,0.54486656,0.8263149,0.29164785,0.95390636,0.5945905,0.17384566,1.6815809,0.13425836,0.25072727,0.31843165,1.1744976,2.0528772,0.03923534,0.8684302,1.1624861,0.3342265,0.88460904,0.11952486,1.3481766,1.53774,0.3712741,0.46482357,0.3749343,0.5252548,0.20948687,0.018096361,1.3493068,0.3476982,4.103574,0.34078902,1.8051474,0.018437982,0.2007869,3.53143,1.4439366,1.7235051,0.79521066,1.5443728,0.6910194,0.97467893,0.23095812,0.6572507,0.4871309,0.1832865,6.19479,0.0985013,0.26652762,1.1442438,0.036391784,0.007993704,0.87197626,0.026878621,0.7572917,0.14740422,0.17859913,0.24605039,1.9612267,0.73763645,0.9196649,0.26841494,0.6025559,0.6637718,0.060614675,0.47127664,1.2355572,0.21825475,0.18275747,0.7033862,0.4959449,1.883167,0.6835514,1.2685374,0.1658075,1.0328014,0.0892398,0.60052156,0.15491295,0.996241,0.7979037,3.1039546,0.93813586,0.20305368,0.12478877,0.7909974,0.0018887689,0.3332895,0.54007584,0.54760355,0.05268928,0.8475055,0.6012429,0.5628531,0.30353716,0.48511314,0.78128517,0.36914074,1.4134588,0.65596884,0.76503223,0.7463435,1.0557802,0.5275183,0.5739626,1.0033281,0.2417237,0.7333813,1.0909343,0.58476925,0.29865557,1.3320502,0.10779622,0.101966426,1.6073207,0.7814726,1.2286332,1.0053557,0.719663,0.9552425,1.097986,0.09455656,0.17915073,0.74106926,1.2039794,0.22312084,0.11797286,2.889545,0.42610136,0.29458064,0.043482766,0.0027836158,1.2470953,0.16676003,1.7614853,0.12981412,0.19074811,1.158401,0.26407075,0.03070698,0.08043864,0.2721396,0.7702097,0.48576328,0.0010449515,0.14334005,0.627518,2.8634896,0.73955226,0.79719263,0.4002968,0.13343287,0.74740535,0.61887914,0.5296353,0.17052557,0.121688664,0.45988914,all_pothole_images\pothole_images_2_image_239.jpg
1.6575096,0.027062863,0.8021754,2.7779777,1.3333471,0.6013822,0.67197365,0.19548646,0.21579571,0.049315657,0.162972,0.2604023,0.15811051,1.5602996,0.46643004,1.5293236,0.08848818,0.3709484,1.5183278,0.2202337,0.7879527,1.1318489,0.9555516,0.11343543,2.2488253,0.34030938,0.8084578,1.8888185,0.6387042,0.12853399,0.3421545,1.1406955,2.0321524,0.09708671,0.24801369,2.6208565,0.0,3.0210676,0.24133593,1.5342723,1.8151351,0.54549664,0.049459487,0.5211551,0.007436733,0.930072,0.47102284,0.045356583,0.93261826,1.7177289,0.32772171,0.394852,1.0561259,2.0368242,0.3454495,1.2067809,1.7139741,0.2035648,0.38030654,0.22986966,0.19489637,0.8222868,0.25452766,0.277926,0.1379726,3.3620324,0.060728177,0.2365853,2.1769216,0.20692657,0.25431314,0.47185874,0.55779046,0.23569149,0.12837452,0.9010409,0.19078052,1.1702101,0.044382542,0.47471532,0.0706935,0.0,0.06312476,0.2204661,1.3685583,0.6485937,0.12411684,0.29265964,0.88932407,1.1675376,1.4359686,0.012888218,0.0,0.2088018,0.9073105,0.22002915,0.075540185,1.4658571,0.7358432,1.396158,0.42790392,3.2690575,0.86233044,0.12298047,0.23561057,0.25737333,0.31274423,1.1079019,0.0,0.49101803,0.0712048,4.6063466,0.95055413,0.33367577,0.4545295,0.22735909,3.3600988,0.108834304,4.4262714,1.2411468,3.272143,0.50030756,0.05643764,2.0628037,0.3745989,0.3924857,0.9713044,1.9424927,0.33990368,0.035321064,0.6241149,0.0,0.15707268,0.59290236,0.074260995,1.4404808,1.7246584,1.6527392,0.29122394,0.00070623396,0.42804983,1.1681987,0.611531,0.20076732,0.12421803,0.35991913,0.0887729,0.17494172,0.94954836,0.13999899,1.121605,0.7858961,0.095453516,0.38278592,1.7983996,0.9591731,0.5822749,0.93779,0.88288003,0.5084168,1.1112263,1.6995659,0.0,2.745018,0.0,0.9227189,0.22812647,0.013327229,2.426538,2.7217183,0.05335144,0.16987,0.023253037,0.38140532,0.51707894,0.02202388,0.16620527,0.036835305,0.12712607,0.37088895,0.0,1.9421748,2.9515817,2.5610433,1.7032158,1.8238955,0.35703218,3.2856364,2.5689402,0.5116419,0.58191806,1.0731579,0.03422362,2.9566252,0.34018928,0.30858457,1.5662175,1.0609753,0.6799993,0.082021326,0.59546864,0.9671509,1.8990872,1.0829579,3.0916398,0.30294663,0.83408,0.55792624,2.0996723,0.26728937,0.033658925,0.00038510194,0.88315696,0.24016899,3.141812,1.0240855,0.6512967,0.37676868,0.18770352,0.058996756,0.19791819,2.5052257,0.8944683,0.5872817,0.014909729,0.7011535,0.7810341,0.9090294,0.7508419,0.7234807,0.050214924,0.15304622,0.89548194,1.0786513,1.3794267,1.1709615,1.5370667,0.003641998,0.1106138,0.47794202,1.3001108,0.49518666,0.103276536,0.53307855,0.14435717,0.4568071,0.18689176,0.11677606,0.23071519,3.2177553,1.5413105,0.22458313,0.8353124,1.0349976,1.1646125,0.269154,1.1385579,0.2539998,0.18792826,1.2711039,0.22839028,0.9632847,0.40971175,2.5340893,0.99291086,1.6383026,0.0032857948,0.30371812,0.37651965,0.83709383,0.2894581,0.70670956,0.003384391,0.1651148,2.5224006,0.6410077,0.49767965,0.9709432,0.53274155,0.52960587,0.07837222,0.52232444,0.44053555,0.52617544,0.2123421,1.2419555,3.1110535,0.45871285,0.17788619,0.33060455,1.008956,0.10646421,0.34435567,0.8699992,0.23316386,0.20564683,0.42808282,0.3797507,0.2365029,1.3078624,0.19375178,1.370698,1.2224219,0.5522686,2.7985508,1.3397228,0.2702579,0.16024558,0.95610327,0.31795385,1.4420204,0.3039369,2.465333,4.5095415,0.7373295,1.5588757,0.022466186,1.033947,2.4716973,0.05701391,1.1039187,0.10047708,1.1919892,0.43859538,1.6784272,0.3663925,1.0086522,0.0,0.45298973,0.036179367,1.5537428,1.2867403,0.016054083,0.19485228,0.44045058,1.0926936,0.0388852,1.4533355,0.2514032,0.47602162,0.1884422,0.43580315,3.9323967,0.20374937,0.82836443,0.6813939,0.21230628,0.074723236,0.1141582,1.2240306,0.64680123,1.1536732,0.3368327,0.85883796,0.4240045,0.34099293,0.07718897,0.7806692,0.98459905,2.1114702,0.7571928,0.9295377,0.816106,0.84042674,0.7311597,1.3663509,2.1624596,0.18911007,0.27575135,1.076757,2.320634,0.30508742,1.537323,0.5024834,0.46909657,0.050084703,0.18935442,0.22431707,0.2981746,1.0240129,0.34502327,0.6666202,0.06457883,0.7115149,1.874199,0.24501407,2.1724977,0.040909193,0.29096812,1.1678188,0.5125138,1.5420909,0.17742145,0.11948139,0.04656216,0.3795379,1.8385231,0.042420838,0.91660917,0.45573258,3.24792,0.8408268,0.28934503,0.11874267,0.33033168,0.16634147,0.0961051,0.2558116,0.55446965,0.0,0.90950453,0.18377921,0.49873358,1.7664511,0.02916322,0.10121228,0.5702962,0.38122985,1.0586226,0.7436695,3.784537,0.034050133,0.80386794,1.7861207,0.73537165,0.016149856,0.27563655,0.11652226,0.42749825,1.099405,0.09236622,0.9786835,0.8321061,0.59743035,0.15581179,4.9950824,1.8196406,2.654993,0.7746445,1.4334544,0.21216547,0.11567301,0.12929444,0.06499965,0.16735551,0.0077434876,0.22839046,0.14830662,0.1512277,1.034462,0.88198525,0.3589437,0.07517477,1.823429,1.7147926,1.6506217,0.40664715,0.07506035,0.64850295,1.7375072,1.6087736,0.18520509,1.3953664,0.45893422,0.36615172,2.5821996,0.28154442,0.048794337,0.19454832,0.14011797,0.48347446,0.9324694,0.54993343,0.29033226,0.5460184,0.13291256,0.28197864,3.067225,1.3963695,0.17063351,0.14249684,5.693288,0.7404122,1.187614,0.0,1.0557756,0.33702675,0.06210361,1.1393627,0.23904455,0.04084079,1.2581693,0.93136,0.27846983,0.30809653,0.012141328,0.22532363,0.33084413,0.82169855,0.23627162,0.32097384,4.086679,1.6756582,0.40270722,1.346097,1.1953726,0.52996916,0.70561635,1.7776521,0.48082694,0.35450503,0.92772114,all_pothole_images\pothole_images_2_image_24.jpg
0.12834196,3.4139507,0.40923342,0.47419286,0.051829625,2.0411417,0.051264938,0.1065004,0.46513957,0.19616088,0.40492636,0.020504251,0.91414607,1.8228725,0.16033752,1.0197033,0.7056794,0.72865707,0.1650762,0.15122075,0.10134,1.1463517,0.43613613,0.99706066,0.13635574,0.9492888,0.65960056,2.1466994,0.19807613,0.5019702,0.7052774,0.49266207,1.1930976,0.4403425,0.35235214,0.11310483,2.1950412,0.23148647,0.10871978,0.5750325,0.9018812,0.3472868,0.6105563,0.2587535,2.1336658,0.18605259,1.2288274,0.0044571874,2.674733,1.2850735,0.57442296,0.803372,1.0934631,0.5570772,0.17758466,0.17858246,1.3433309,0.73758143,2.6874557,0.20679356,1.4570025,0.537299,1.9803718,0.57707775,0.16092074,1.0694042,2.2490077,0.98538446,0.52752084,0.97712153,0.81370527,0.8572811,0.16068798,0.344868,0.36373112,0.1662612,0.19931756,1.2009913,0.49106434,0.5382935,2.0980432,1.7507133,0.90350354,1.6437172,1.7972798,0.21879813,0.3067143,0.49712908,2.0134697,1.4692934,0.73705703,0.32507336,3.2555223,1.5745405,2.3632388,2.6562026,1.7093661,2.1247518,0.0024688984,0.11512551,0.549201,0.22730614,0.53272194,0.7328525,0.98533076,0.91084266,2.6397574,0.051585786,0.6403611,0.15596932,1.5518235,1.5929698,0.3634949,0.8434761,2.4812245,1.0104936,0.34180173,1.3752483,0.6979395,0.34875464,0.7755429,0.45850006,1.7129563,0.8270153,0.20315672,0.86655986,0.23482653,0.48132032,0.22247209,0.48703548,0.5873558,0.21109168,0.16627452,1.8760216,0.35856313,0.5037465,0.2597581,0.5354841,1.8593049,0.034349836,0.9753512,0.6618713,0.0,0.2559977,0.72966826,0.11997188,0.40093008,0.15137653,0.1220981,0.63689846,0.06576115,0.15044266,1.625042,0.56769866,0.2083415,1.8545256,1.3887612,0.9783886,0.59588414,0.7503677,0.7557945,3.9699564,0.7616896,3.525811,0.07725507,0.93238235,3.5215914,0.90528035,0.65214396,0.034018368,0.4430476,1.2837276,0.7374191,0.18192393,0.50101453,1.3541498,0.76077104,3.5517812,0.39188212,2.5253067,0.04649614,0.46443382,1.580172,1.6500567,1.2648991,0.15765396,1.2252182,0.038817182,0.04522442,0.9085036,0.67911404,0.24977012,0.7134013,1.4220705,0.7070725,0.21229067,0.91990954,0.5465956,0.064061925,1.0090586,0.25657028,1.0250877,1.8803128,0.3243266,2.1248636,1.005418,0.87491536,1.1804646,0.4068475,0.92845494,1.5231726,0.49337712,0.81165314,0.80108374,0.19518542,0.5241447,1.4811307,0.33716977,0.45353904,0.49931452,0.77203244,1.3014648,0.8621234,0.81546277,0.15928353,0.5621373,2.2485158,2.7247813,0.9778529,2.17429,1.2959281,0.1530152,0.2999396,0.0,1.2559266,1.186959,0.9140102,0.46209025,0.8993811,2.9956136,0.16574141,0.9687406,0.38874084,0.19478042,0.25152412,0.450438,0.7259929,0.20565522,0.17230944,0.76163286,1.0605438,0.29375926,0.24286461,0.45815027,1.0952982,2.6611261,1.1659713,0.20220542,0.34106204,0.45156446,0.0,1.2474173,0.08128139,0.7195527,0.12273481,0.16355863,0.017540956,0.258173,0.43744004,0.39343354,1.1646438,0.056507148,0.9470417,0.113524,0.36335424,2.4186046,2.4421957,0.38499412,3.2167034,0.44561335,0.7359874,0.9492985,0.33482945,2.2075195,1.9871329,0.5553693,1.6134604,0.70071876,0.72321784,1.270168,1.2200861,1.1495185,0.21821748,0.53487706,0.16018441,0.23854011,0.66007316,2.172068,2.7903056,0.50580406,0.35428596,1.3116277,1.3026336,2.9520612,2.6475463,0.17626186,1.4556539,2.7269382,0.21833633,1.4321799,0.45515183,0.12724538,3.471139,0.255165,1.0754412,0.61124015,1.5539637,0.90980786,0.7947895,0.8183731,0.76249504,0.28260052,0.880243,1.3558067,1.0066493,0.8298407,1.3975029,2.0785484,0.20189312,0.2968684,2.7068982,0.7123019,0.02873576,0.0018161869,0.5524129,0.55071664,0.9585391,0.93655765,0.3477209,0.12342241,0.78725106,1.8539457,0.16302201,0.91909534,0.30390617,0.12391931,1.7416873,0.3775746,0.21463369,1.4513069,0.11618151,1.4613471,0.85422397,0.10274617,1.4869229,0.09290153,1.2696015,1.0372398,0.40560383,0.11017248,0.043346133,0.9231351,1.502952,0.60715,0.11004299,1.4535476,0.6683323,2.7062204,0.12570581,0.124833316,0.48298803,0.06985464,0.49754283,3.7980444,0.49863547,0.72785854,0.95295,0.65457064,0.4803421,1.0363903,2.2409163,1.0954065,1.1067923,1.320548,0.42094803,0.27637827,1.7985628,0.39865717,1.7437898,1.3250418,1.7015927,1.6653045,4.001762,0.505635,0.737557,0.24185601,0.0070641665,0.75773346,0.15516245,0.38032818,0.6515436,0.88876265,0.38057536,0.18905412,0.52300614,0.1674509,0.5564754,1.1066698,1.0653666,2.2634573,0.5745901,0.8605574,1.0159174,0.108251415,0.90322936,1.020584,0.43541506,0.26256916,0.116660155,0.16862628,0.009597684,0.18239285,0.9659989,0.898909,0.8063093,0.68767035,0.59405345,1.3853928,0.004234784,1.007906,2.977179,1.9215515,0.342725,0.09046362,0.9066819,0.09111204,0.832832,0.012979028,0.16731867,2.586626,0.18808563,0.12014664,0.4486969,1.7898616,0.15957372,1.8649486,0.5156145,2.8499246,2.982289,1.1237365,0.9632839,0.14256653,0.7126267,0.0023476253,0.85834426,0.46695888,1.2275683,0.6744316,0.25506023,0.0,0.1549749,0.01782617,1.0841781,3.0200179,0.036913145,0.7177798,0.26864687,0.3153212,1.1299471,0.00027660216,1.0397931,1.1317654,0.0,0.4331353,0.5705442,0.32570204,1.0376561,0.19903733,0.3638368,0.89379007,0.9124256,0.7644829,0.72072446,0.068227954,0.18052135,1.0785341,0.21116902,0.9412192,0.8227629,0.4502602,0.57743984,0.9632363,0.61991173,1.0512761,0.05771195,0.25218496,0.24795602,0.18895754,1.7967865,2.5096424,0.04349647,0.25793883,0.6004672,2.1769552,0.8607453,0.6106604,1.1934074,0.82198626,0.32032475,0.7271104,0.8402881,0.2379247,all_pothole_images\pothole_images_2_image_240.jpg
0.7208436,1.3447405,0.51591855,1.2846953,0.7274696,0.23459944,0.6950816,0.0,0.7370023,0.55537087,0.19009088,0.47979513,1.1643754,0.5492738,0.07075492,0.52837044,0.020920904,0.95867085,0.75301313,0.13085772,0.66392577,2.577882,0.40298414,1.1735709,1.4715906,1.1079609,0.27491724,0.7583871,0.00023183713,0.9240551,1.2766999,0.6311142,1.2962753,0.12538245,0.29373774,1.4783511,0.14809974,1.913487,0.59083074,0.46875694,0.018857356,0.04454898,0.13911015,1.8522611,0.4410197,0.3480197,0.0,0.026756184,1.4324918,2.1400888,0.45512047,0.17949405,0.91553044,0.14082076,0.101630434,2.1984253,1.6442053,0.5537834,0.92350775,0.08581909,0.14694203,0.3439405,0.22962704,0.41526076,0.812054,3.9789267,0.106903866,0.14063498,0.72299784,0.17434573,0.11817141,0.43192014,0.742261,0.20952271,0.54199827,0.2389877,0.1851354,0.25542602,0.38273537,0.17429274,0.37971637,0.1401355,0.4688516,1.509496,1.3225098,0.77996856,0.28353515,0.44101372,1.8149005,0.024934882,0.35647348,0.31001678,0.21057881,0.19503386,0.11357819,0.19255981,1.385891,0.6932547,0.587297,0.3097322,0.4097982,1.6254593,0.67622155,0.023391465,0.07842374,0.8085892,0.3543656,0.086079836,0.008342481,0.48828354,0.05498238,3.055229,0.32195738,0.10738754,0.28366077,0.44325286,3.4730148,0.65127826,4.685925,1.2889137,1.3069593,0.50130326,0.70075536,0.8140293,0.46149164,0.60132134,0.5111426,1.459498,1.8993542,0.07369018,1.1001343,0.018341538,0.06443656,0.0,0.0,1.0774027,0.21326798,0.16242303,1.0532439,0.23036537,0.19866818,0.5962715,0.004371997,0.774256,0.12399455,0.5112267,0.38907248,0.046800755,1.0811113,0.1887315,0.33094063,0.8091256,0.0069015,0.23167843,2.4622054,1.0865097,0.5926403,0.70799255,1.284157,0.08062361,2.2649064,1.5117692,0.09696452,3.599807,1.1093246,0.2913255,0.31969517,0.8070565,0.65397716,1.0684773,0.18176742,0.0,0.14942195,0.26792818,1.0776026,0.00034414878,0.24724038,0.05910338,0.53922445,0.21448182,0.027597733,3.2323241,2.5606978,1.258465,1.8012071,0.6701015,0.5398529,1.4904022,0.6409644,0.6607714,1.0714802,0.45159772,0.40553284,1.8126299,0.045184895,0.6821603,0.81270397,1.372943,0.22027148,0.6241664,0.005011476,1.0830346,0.90093476,0.74592185,2.8235059,0.7106937,0.5258994,0.9861962,0.793393,0.41116196,0.05572245,0.0,1.2125808,0.37928155,0.848644,1.6764914,0.086449586,0.64456546,1.2129676,0.09065946,0.28471768,0.49727178,0.76347786,0.49487457,0.094426,0.8149227,1.9992543,0.0419103,0.71678853,0.22113957,0.22939129,0.13637869,2.0595102,0.3996366,0.8752595,0.3006757,1.3917828,0.24197099,0.092215836,0.14010595,0.042118285,0.4555611,0.0987403,0.12046038,0.2279856,0.016618632,1.4404186,0.9906788,0.6019209,3.4555166,1.2829264,0.14868346,1.5316445,0.37753567,0.20229976,0.24401712,1.1013628,0.6782036,0.03788564,0.9981553,0.20631531,0.20236029,0.5506097,1.883276,2.051411,1.9146522,0.21623398,0.2850753,0.40741414,1.020371,0.22412834,0.5498415,0.040551525,0.60477346,0.98587036,1.5152736,0.8390344,0.17220162,0.47353646,1.2951553,0.7006066,0.81050885,0.056743264,0.012484926,0.5791377,0.51702285,0.5520795,0.7666181,0.99922407,0.53129935,0.19537205,0.15957324,0.9222652,0.6280925,0.045520533,0.024736373,0.20054568,1.2626991,1.0205934,0.08001008,0.4410516,0.6406812,0.2882928,0.33243755,5.048171,0.44388944,0.13973548,0.6429294,0.3036062,0.8633558,1.729706,1.4245129,2.635791,1.218688,0.16397367,0.15853591,0.12210403,0.15072806,3.6243927,0.44387183,0.086190574,0.03395986,0.031163132,0.14709632,1.0886873,0.020072686,0.7561357,0.3219578,0.24760567,0.0026471948,3.021146,1.0313537,0.31932884,0.2751715,0.2625588,0.4304643,0.92733186,0.037670143,0.017974388,0.10717659,0.29545778,0.68733525,1.2153857,0.25927567,1.039152,0.57689667,0.0016293258,0.11685102,0.3526672,1.1533873,0.39815995,0.86095786,0.19645382,0.23323306,0.07238189,0.59367293,0.41579655,2.2998087,1.4822237,0.9536291,0.082612745,0.85130954,0.18508558,0.15200958,0.14111897,0.19178915,1.9555293,0.7157762,0.2864154,0.38364327,3.186605,0.26204875,1.0208687,0.15100618,0.61571777,0.6273255,0.010795746,0.116728604,0.73534447,0.2642545,1.0532142,0.029407239,0.26026767,3.1613138,2.9422302,1.1931413,1.041887,0.18665735,0.22635251,0.93661207,1.0055138,2.469513,0.50208056,0.3016733,0.4142394,0.28773344,0.9548421,0.10733418,0.7073967,0.53555804,4.4937906,0.19273715,0.24066105,0.90719414,1.0851879,0.08016111,0.3491862,2.677686,0.014654841,0.11342112,0.80705655,0.9307589,0.29230434,0.7098731,0.04267028,0.06070886,0.5406028,0.027467303,0.4375102,0.023774832,3.025755,0.14888702,0.34350374,2.1092463,1.3935935,0.20217453,0.12784089,1.3745887,0.029321484,0.96681315,0.1514225,0.3416147,0.44962987,0.46263292,0.455251,3.3465977,1.0057371,1.5652318,0.38399372,1.0833967,0.19876762,0.24142216,0.15619604,0.90991455,0.07184245,0.1944238,0.48289216,0.8249029,0.10295054,0.6026882,1.0836924,0.65472764,0.02615809,1.0530591,1.5055221,1.642028,1.2948633,0.7874184,0.079189785,1.5670776,1.4202341,0.29426906,2.4450788,0.031335384,0.64977634,0.5133458,0.47758195,0.0153113445,0.5789198,0.92757976,0.4772684,2.122511,0.55179876,0.85471547,1.125315,0.46326122,0.53447425,1.4597588,0.13378893,0.012181534,0.110708684,5.360604,0.7593354,0.12589733,0.0025521168,0.20121525,0.46976742,0.0010183959,1.1140378,0.03545683,0.16600375,0.09946011,0.32775488,0.6115171,0.05235921,0.05676996,0.35467634,0.5581727,0.10882524,0.31957805,0.20907989,4.9755025,0.99474394,0.012541489,0.13210131,1.6635025,0.030312635,1.5305188,0.5972315,0.0,0.5104563,0.13945058,all_pothole_images\pothole_images_2_image_241.jpg
0.63594425,0.31878668,0.12402978,2.366978,0.16649665,0.021139292,0.7195882,0.0,0.002981087,0.34631324,0.37263292,0.5211984,1.3338542,1.2673522,0.5566481,0.29445103,0.5660283,1.8764498,1.6920242,0.25465727,0.4647293,0.2926478,0.122766875,1.1352673,1.1947435,1.1241192,0.14287229,0.38145524,0.0,1.0547708,0.7389419,0.046748817,0.87722653,0.87297374,0.8796787,1.1627923,0.41160557,2.1399753,0.7646332,0.7150572,0.12648524,0.23966677,0.32622328,0.07174323,0.35784593,0.37082937,1.0506387,0.10004713,0.22318287,0.6305407,2.183431,0.6631005,1.4879909,1.5423366,0.44211605,0.5015987,0.55116886,0.31790578,1.0996634,0.06917365,0.6769193,0.1948542,0.36784354,0.027265795,0.31355652,0.78143924,0.11154276,0.07624607,0.8859284,0.92276776,0.90260375,0.15689284,0.22734588,0.6224884,1.2638104,0.73235327,0.10660981,0.45245093,0.37277532,1.1534415,0.39091453,0.8691139,0.3168976,0.59935814,1.006838,0.09020014,0.11041365,0.12829085,0.22046499,0.38963303,1.3321407,0.35804597,2.973701,0.003260984,2.0860295,1.3125668,0.3771806,1.0720729,0.685197,1.8381011,1.5788007,2.337742,0.46638545,0.2814782,0.8411201,0.28813085,0.36546248,0.7666336,0.06537562,0.19562699,2.491431,0.1746493,0.588743,2.1207716,1.9280436,1.3288001,0.34017453,0.056988277,6.6607513,0.4474221,0.65326995,0.02516247,0.42154622,0.91386724,1.4661293,0.15157571,1.2836965,0.5484127,0.1364202,0.42880604,0.6499098,0.12331222,0.15034501,1.3703283,0.24847655,0.19771233,0.15731378,0.25210536,1.0022545,0.010705485,1.2827864,0.0026892407,0.46196276,1.4603362,0.33172327,0.746637,0.2928119,0.76939374,0.81463015,1.0407081,0.272904,0.51241225,0.019275744,0.57232976,1.0078869,0.9250161,0.94115025,1.218341,1.1937501,0.56599116,0.8025872,1.9466646,0.38975847,0.7945883,0.5934896,0.15253887,0.51079845,0.6109886,1.3672454,2.7294443,0.06643079,0.44711977,0.2067804,0.25986734,0.12536062,1.540832,0.9759571,0.4968099,0.27088127,0.13896959,0.48994967,2.6216884,0.27019638,0.8431879,0.38463807,0.12304948,0.544959,1.1473533,0.5968586,0.06546807,0.6132353,0.09675935,0.299164,1.4672568,0.0059818723,0.025879726,1.0207195,0.114835076,0.40600133,1.0822232,0.396181,0.25613123,0.11696284,0.5708888,0.0083196,0.8561778,0.7473549,0.5165302,1.4175967,1.5815898,0.122038946,0.5452292,1.2626226,1.0850248,3.5126274,1.1051055,1.1330353,0.14761248,0.03537826,0.5160928,0.2277138,0.49863943,0.8724793,1.0396144,0.089958206,0.35575625,0.8170764,0.33800685,0.5577144,0.2662426,0.046980787,0.17107311,0.7898196,0.24879552,0.257703,0.08906152,0.46097323,0.16147669,0.9122692,1.2296611,0.60022354,0.39581198,0.36072293,0.39226967,0.10761752,0.057184957,0.6547497,0.27742013,0.097206816,1.1049953,3.7732275,0.04995049,0.18418498,0.30688545,0.53001297,1.1111438,0.61081356,0.11866437,1.8795041,2.1711042,0.88879675,0.8469702,0.59845984,0.99369514,0.20415185,0.11088852,2.6316981,0.092787854,0.34964564,1.6393168,0.4949195,0.22305737,0.16401532,0.21425836,0.03915836,0.6248574,0.7997088,0.50940245,1.4657506,0.7430276,0.47956556,0.04950958,1.0671448,0.41596812,0.38001442,0.6776047,0.76589566,0.87200224,0.8219366,1.6718762,0.34489286,1.6683854,0.08444843,1.0907466,0.5656303,0.5341558,0.29796946,0.9348791,0.13627505,2.2721446,0.286768,0.2181677,3.2192473,0.21548226,0.960384,0.7244741,1.4351366,0.4655567,0.7220312,0.06757255,0.8743488,0.8680492,1.6081452,2.7494295,0.90158373,0.72754186,0.108210325,1.2071614,3.8297732,0.19515853,0.1079885,0.060813826,0.70424736,1.3262982,0.22428535,3.4744563,0.26664037,0.58860713,0.1227171,0.003044593,0.22936034,0.07341827,0.24864452,0.38052514,1.298689,0.17592025,1.450895,1.9293988,0.7781881,0.17487723,0.6291569,0.015143885,0.44123212,1.7418854,0.88654274,0.21594371,1.0916295,0.23348881,0.4261601,2.731366,0.11347601,0.3447978,0.8711906,0.061790593,0.8489952,0.78569716,0.27583197,2.9152377,1.3653997,1.0335202,1.1189331,0.40963572,0.67736346,0.8549207,0.3708123,0.45237517,0.72727865,0.34780487,1.1124322,1.0135815,1.2453666,0.010392432,0.65849864,0.6045999,0.29842478,0.1744643,0.22480334,0.13893461,1.3288239,2.544364,0.92935723,0.0280799,0.5253646,0.18343645,1.7126787,0.6555624,0.92056656,0.24073853,1.0669707,1.8204865,0.047037985,0.2735478,0.27534318,0.96729773,0.37197495,0.40996227,0.19075714,1.4396019,0.91524893,1.1137013,0.5137645,1.9373807,1.9976252,0.058903266,0.19011544,0.5778224,0.5364194,0.0,0.92979133,0.011518281,0.14247923,0.36231652,0.17111011,0.72802997,0.62019944,1.4352455,0.679227,0.23612082,0.54277366,0.15060705,1.6116985,1.0639505,0.2309898,0.16650574,2.9682348,0.79883754,0.0015952942,0.62966156,0.10923328,0.12086508,1.1108207,0.06447946,1.7959691,0.26684952,0.8763609,0.04620717,0.9657918,0.8879781,0.37878698,0.43135867,0.08963369,0.095837004,0.25727943,1.6654271,0.3617732,0.19379027,0.39224166,0.17915379,3.2535923,0.51184714,2.9709055,0.12316517,0.32758877,0.42729726,0.41964266,0.04626006,0.4475783,0.049326953,1.5808195,1.0014012,1.0829922,0.7937035,0.57577693,0.89843935,0.31279707,0.7985949,0.07132914,0.142903,1.3840382,0.4121587,0.15320396,2.3780072,0.33104655,0.17798972,2.1354547,0.40596083,0.58847237,1.8632258,0.034388453,0.27400234,0.9405478,0.5839232,0.5093263,0.14857362,0.028313002,1.4448171,0.3447739,0.5973672,0.5305267,0.3745377,0.36069578,1.1822923,0.38860536,0.123206995,0.56498563,0.36638698,0.37198365,0.33414412,1.0212916,0.26622546,1.9423002,1.0632873,0.43890637,0.26053184,0.029372878,0.35790715,1.207578,0.23939033,0.084770404,1.5032761,0.0,0.5395271,all_pothole_images\pothole_images_2_image_242.jpg
0.75383186,1.3166186,0.3198207,0.5791471,0.4829922,0.36570424,0.029197054,0.0833382,0.7829799,0.15168113,0.44786364,1.1562209,1.6025113,1.9506594,0.2081847,0.18913513,0.3129621,0.4981603,1.0167208,0.7234467,1.2528225,1.7718058,0.7845522,1.1765093,0.36564255,0.17796539,0.72251636,1.182698,0.23204927,0.254208,1.2061205,0.016807448,0.56551355,0.21756911,0.89451957,0.31690422,1.2344273,2.6713855,1.3085372,0.1681228,0.3674961,0.03538227,0.47895235,0.96678954,0.6346154,0.00080868084,0.5724346,0.63068235,0.09642682,0.25064218,0.6820568,0.019335246,2.0939202,0.8066691,0.04056542,0.37228397,0.17722334,0.24365586,0.574231,0.06759585,0.034826625,0.16236112,0.58508545,0.29293498,0.90422446,0.9069693,0.2218251,1.6238711,0.35318962,0.25664476,0.3427773,1.535986,0.31310365,0.44817328,0.4692876,0.2859747,0.55907923,0.69354916,0.04210256,0.1674036,0.22039573,0.6107069,0.21112615,1.697252,1.0962445,0.049427677,0.37038347,0.8490672,2.9348216,0.1564052,0.6404444,0.9116736,0.020189349,0.5581413,0.16241734,0.8098949,1.2781866,0.6923229,0.43896008,0.6526323,0.41031647,1.4680223,0.5016593,0.6201846,0.06783107,0.59953696,0.64556235,0.106157556,0.04741771,1.4589572,0.5338385,0.78825873,0.3089028,0.80942494,0.29429248,0.95905393,1.6443995,0.5264019,1.4226685,0.10949313,0.8650508,1.2899697,0.26094267,0.17446883,0.07431325,0.685909,0.14011215,0.04269424,0.4389846,1.3633331,0.6728518,0.14457752,0.12955086,0.045806702,0.07488333,0.61804324,0.13091977,0.23699476,1.9744987,0.59295803,0.9153334,1.3185176,0.04271473,3.5070162,0.9993208,0.44495353,1.0376788,0.88451415,0.5120763,0.3740252,0.091504544,0.5818199,0.40417066,0.19659711,0.7384242,1.388318,0.104504794,0.03016368,0.7636457,1.2479571,1.6630025,1.2263018,0.20597719,1.4796977,0.36360082,0.2842728,0.81902796,1.2001352,0.31991643,2.1605961,0.01595116,0.011604957,1.7205061,0.5736258,0.48181808,0.045227353,1.1740505,0.24681476,0.15130387,0.691585,1.7994817,1.640089,0.16882394,0.69438964,1.429333,0.6520968,0.1681313,0.579142,0.660484,0.09622313,0.22135718,0.9271823,0.71184653,0.34764472,0.20431906,0.036703628,0.3830355,0.3574805,1.8058014,0.1468069,0.53069884,0.52443945,1.159362,0.4146937,1.2014395,1.4717454,0.69012296,0.1591029,0.30754828,0.23876272,0.54893446,0.017283931,0.47765622,0.31434676,0.7594577,0.27092406,0.53397197,1.260778,0.5061181,0.11536704,1.4578446,0.53888047,1.2105608,0.5776381,0.101188034,0.9742664,0.95177037,0.31122118,2.018812,0.8484324,0.3735131,0.44701642,0.5764863,1.1467735,0.1990976,0.46726018,0.5044187,2.0190363,0.40548,0.12434533,0.31405544,0.2708995,0.15650292,0.1938812,0.38016173,0.52857697,1.1709714,0.20301269,0.20521381,2.9633896,1.1014415,0.2631679,0.3963706,0.41205066,0.057942763,1.0495244,1.0864092,1.4698259,0.4155992,0.41240293,2.7663178,1.2710863,0.3253887,0.18631102,0.55851984,0.21270598,0.18363813,0.5955874,0.788,2.2086885,0.17162062,0.026691359,0.003779537,0.030079687,0.40829444,0.6933269,1.3040537,1.0015594,0.64756554,1.0701133,0.48295188,0.061552957,1.7700257,0.00067568826,1.2591372,0.21596721,0.52352655,2.697755,1.8910904,0.10656446,0.1462368,0.16798311,0.9288585,0.24095866,0.5612535,0.6089902,1.0827072,1.0002702,0.4587834,1.5220696,0.70143545,0.8612308,0.21973422,0.20863323,3.9147952,0.10878357,0.15007254,1.0589347,1.4202316,0.015511539,0.28778934,1.0267284,2.7168012,1.2548723,0.028221592,0.22740154,0.9257817,0.38199693,2.1953306,0.3544619,0.258063,0.09574291,0.07305968,0.41601226,1.1514167,0.35286787,0.64300674,1.0605909,1.2543044,0.7884903,2.57159,0.15355721,0.13631651,0.67840624,0.9548433,0.33086675,1.2119049,1.7146282,0.61283445,0.13724981,0.3628149,0.5397832,1.6598628,0.6558445,0.30083105,1.1326146,0.6978689,0.029649505,1.061575,0.33987606,0.13412958,1.5796727,0.21671773,0.10259476,0.69152075,0.28195083,1.3813537,0.42187807,0.30743262,0.49233046,0.28425446,0.57192904,0.0,0.15425384,0.39278337,0.3724138,1.41041,1.4045328,0.43562472,0.008265161,0.47675213,1.2344749,0.4011424,1.0037205,1.0802811,1.1634644,0.34957266,1.5022578,0.7807662,1.3238791,0.6316557,0.29808283,0.68937147,0.915979,2.4131663,0.5914987,1.990404,0.15377139,0.40129894,2.0171456,1.3769863,0.73831666,0.25933507,0.7372476,0.23322856,0.30322152,0.67383015,0.3840608,0.1100419,0.041115895,3.30069,0.44385934,0.9507196,1.0932131,1.192214,0.097295396,0.33397967,1.0565754,0.6235047,0.049759164,0.16811772,0.06394043,1.0481896,1.317414,0.18087064,0.3534462,0.16397637,2.8542275,0.11539231,1.2579528,0.56618917,0.022788242,0.34821856,0.18122217,0.10855077,1.4123963,0.18138084,1.5857794,0.115552306,0.809515,0.2506514,0.28178653,1.8035569,0.136738,1.6624727,1.2150569,0.24086396,0.6779801,0.44996655,0.5192915,2.2558177,0.8150203,0.27708456,0.77350223,0.69312614,0.6098808,3.4192066,0.2708239,0.117552705,1.9333116,1.7280436,1.4928533,1.9330821,0.9068792,0.42309114,0.23084863,0.9717418,0.38507998,0.18170205,0.12118589,0.802683,0.9681826,0.30086732,0.08525124,0.32255334,1.0553498,0.17750132,0.5513996,1.1464609,0.82794374,0.14355968,1.241581,1.5848315,0.40910813,0.22264844,0.030499069,0.20888583,0.14845513,1.0568923,0.37664342,0.10986752,1.3591527,0.19878484,0.8256374,0.61901855,0.50390893,1.3088775,0.048562516,1.5846268,0.09445792,0.4383625,0.8761417,0.099283226,0.91686577,0.029426737,0.31591058,1.1116004,0.11676539,0.034304988,0.068161726,0.9352894,2.3202055,0.2892113,1.0725908,0.23297983,0.61220956,1.2754483,0.025604783,0.95403427,0.06365254,0.034597393,0.122499295,all_pothole_images\pothole_images_2_image_243.jpg
2.5148985,2.021527,2.6258667,0.25596797,1.718763,2.0346892,0.7509537,1.9362528,0.75081444,0.84073853,1.9046637,1.2224655,0.24464628,0.25259063,0.3481594,0.1441585,1.1836941,0.5877637,0.95360595,0.37916,0.22821032,0.5360519,0.6786108,0.32855427,1.5637354,1.9220151,1.3150743,1.636184,1.2174028,0.32265997,0.03324264,0.3157645,2.29975,0.6636036,0.54487324,0.6449535,0.8424575,1.6235694,0.9645272,0.33006912,2.167372,2.1525655,0.49363405,0.26682213,1.1727356,1.937897,0.12697504,0.09807089,0.32262892,0.7712206,0.015031069,0.12196418,0.16487165,0.8179699,1.3714942,1.1691904,0.5947663,0.037162073,0.33238462,0.520171,0.38320133,0.17169303,2.0764968,0.36678988,0.71065366,0.46201572,0.6920311,0.19458319,0.4619811,0.4139021,0.92072725,0.2184296,0.50914454,0.9597954,0.13582096,0.20872837,0.7098088,1.5592629,0.8723474,0.5147953,0.6108069,1.2336874,1.1043744,0.9662004,0.094535924,2.605775,0.95105475,0.17806679,0.33311397,0.7910294,1.0543041,0.036327917,0.37821513,0.28915882,0.12769914,0.05814783,1.5713482,0.19294499,0.15188095,3.0562766,1.0567865,2.639,1.3660574,0.9014403,0.23481874,1.2097965,1.189691,3.2705674,0.823687,0.96620643,1.5514058,1.706193,1.9579841,1.2706708,0.109295845,0.86613214,2.5722995,0.3634402,0.70357496,1.1223519,0.9343397,0.369017,2.6034646,1.3114384,0.08214417,0.13060814,0.8414465,1.2630371,1.952608,1.5973231,1.0489503,1.4376721,2.1116204,1.7522444,0.6877094,1.8369186,0.47563717,0.78443325,1.1010126,0.71224743,1.740722,0.013006596,0.05856256,0.07106185,2.3211284,2.1704397,0.341139,0.7679431,0.86686313,0.22883302,1.9114747,1.8597822,0.0960907,0.16033177,1.0414494,0.15464641,1.182538,0.19012688,0.51598316,0.79946786,0.46637243,0.35059828,0.6911469,0.8937792,1.2588396,0.849362,1.4961487,0.9655413,0.37862957,0.9554373,0.8150597,1.2977026,1.0431598,1.819889,0.48639113,0.52572453,4.092967,2.266836,0.47786322,0.9784587,0.11248884,0.5112007,2.7633839,1.1779615,2.627078,0.05974319,0.46023908,0.44266206,0.36374032,0.33890057,0.31293142,0.118941285,0.84328943,3.1636188,0.49450424,0.7513339,1.0317149,0.5778432,1.5187452,2.2299924,0.7613765,0.49749014,1.2786293,1.2061055,0.99744,2.0831285,0.051710024,0.8513582,0.5889886,0.95587236,0.93125,2.5335073,2.130406,0.31659874,1.0319088,1.1695691,1.0424789,0.32875302,0.98837286,0.75441027,0.15457754,1.0456963,0.1437523,0.5042624,0.24542102,0.32637158,2.3440442,0.29154506,1.8443052,2.4388437,0.90393984,0.605928,0.5248583,1.0024321,2.7666533,0.9038048,1.3333488,1.9025769,0.5684863,1.13069,2.782604,2.3162007,1.2260865,0.16615804,0.15720217,0.30710602,1.2572637,1.3665507,1.6076088,0.59337765,0.8120501,0.11754294,0.7367398,1.3728395,0.14301482,1.137821,1.3945526,0.2012792,2.3560002,0.92274255,1.2279302,3.0333252,1.9200602,1.5692179,0.22097397,2.5558167,0.2699729,1.1947277,1.3025126,1.3657242,0.44527543,0.45014104,0.72315854,0.03400529,0.050279178,0.6084944,1.0849873,0.88838917,0.508704,1.8372414,0.6172673,1.8799998,0.049745705,1.9169348,1.6569842,0.629784,2.3114407,0.55371386,1.6821132,0.8191916,1.7265139,0.64920676,0.64664125,2.305257,0.281944,2.0593314,0.22209105,0.13676034,0.22393964,0.30217722,0.8489174,0.23440757,1.6032134,0.75997937,2.4084985,2.1065786,0.17836994,1.8528067,0.1764995,1.2425392,0.25415295,2.6297576,1.2309613,0.56977385,0.5095441,0.5443843,0.5898009,2.0326343,0.43885615,2.0540864,0.08719654,0.49132046,1.2638158,0.23241892,0.94095093,0.6072148,2.1550744,1.9321387,0.12687145,0.24671294,2.4108238,1.9606955,0.11151985,1.2217622,0.32184622,4.943719,0.22692345,0.7515753,2.0937083,0.6931944,0.17302285,0.9426511,0.2622748,0.91710335,1.6000867,0.2685858,1.1548482,0.25987953,0.7745265,1.1165804,0.61558425,0.48401648,0.0599121,0.3434291,1.6927007,0.041219186,1.416256,0.5106772,1.0793731,0.0500523,0.74348664,2.1264002,3.1396875,0.3898054,0.7376026,0.75063914,0.29572773,4.936941,0.3393224,1.4724548,2.7695334,0.29471815,0.7568339,1.1384463,0.25790852,1.035259,1.1401502,1.0891725,1.0470145,0.86210865,0.37654826,0.44224134,0.37777644,1.2073187,2.6026657,0.66326964,2.3081114,2.307471,0.12532717,1.6443945,0.8802181,0.16473046,0.28819633,0.0556847,0.7273324,1.3764722,0.5260433,0.051260885,1.9755943,0.22717714,0.988204,1.21933,0.044969313,1.1092203,0.4575717,0.5625541,0.44426104,1.3114527,2.528659,0.73771995,0.32629925,1.109778,0.296598,3.0199878,0.42227235,0.27621025,0.44997585,1.4273298,0.73675364,0.8278263,0.9169101,2.1289499,2.0832725,0.68723845,0.11085406,0.23726864,0.5611924,5.307317,1.0878055,0.14004795,0.17954135,1.7713056,0.30170774,1.084811,1.3653183,1.1448532,0.65261734,1.8844534,0.21720847,0.9152472,1.5659603,1.2420619,0.38926682,0.078686684,0.8202966,0.89263594,1.8837938,1.0433905,0.27779076,1.2048454,0.4277619,1.0835168,0.45493382,0.8746229,1.3130844,0.089670345,1.2896596,0.3485785,1.5733979,0.5818112,1.2148511,3.1992157,0.5822459,0.7266933,0.65303475,1.0093691,1.5106009,0.5644461,1.1406616,0.40099502,1.1689595,0.5484948,1.3079463,0.52882135,0.9910068,0.16839696,1.6882797,0.31641746,2.7037885,0.30657378,0.1946907,1.4197403,0.18477747,0.71166915,1.1316983,0.36168212,1.8059758,2.1728692,0.5559294,0.48615855,0.69421077,0.73219347,0.668303,2.5878658,2.253308,1.6589627,0.1469409,1.1132025,0.6385183,1.2120858,1.0227488,1.0303886,0.11923418,1.9765899,1.203658,0.3880173,0.49313775,0.67900884,0.27069446,0.6637411,0.0333434,1.0934929,all_pothole_images\pothole_images_2_image_244.jpg
1.367104,0.4504968,0.049374595,1.1837627,0.15092742,0.11329715,0.6867636,0.5062101,0.48173046,0.07382135,0.54539156,1.5077957,0.022637,2.5591958,0.7584952,0.33706295,0.17276919,0.16425133,0.5224459,0.5804814,2.4486349,1.6353663,0.12461135,1.335192,2.5407333,1.4811538,0.053521074,2.8413527,0.10433065,0.040104467,0.10079356,0.3089629,1.3095136,0.5706771,0.20010076,0.3130348,0.00018311678,1.364564,0.5664173,0.6805586,0.0,0.24549691,0.4460285,1.1620648,1.0977296,2.4098332,0.0074282456,0.74182016,1.2336718,0.9066242,1.123475,0.025932768,1.3506659,0.169863,0.613711,2.4667227,1.1274155,0.49428725,0.072229296,0.40229163,0.067658484,0.4018584,0.58352894,0.2593383,0.0300888,2.6100667,0.5627896,0.57465214,0.010215179,0.5380013,0.4431265,0.2284691,0.3236704,1.0099626,0.75763243,0.5974042,0.07078741,1.4638927,0.031014008,0.5774609,0.17706361,0.08179121,0.75474787,0.42528322,0.9099457,0.0,0.48547277,0.44279665,1.7531053,0.16485757,0.12380709,0.7718236,0.26915365,0.64940983,1.3030889,1.1961371,0.1814518,0.62241983,0.7576848,1.5157237,0.017417544,3.0145745,0.5660017,0.784034,1.1166708,0.19933265,0.57518804,0.98265797,0.003932446,0.961333,0.088142835,1.1102842,1.4790069,0.28377956,1.4889086,0.17173667,0.23238128,0.048659485,1.0032712,0.5800757,3.9333706,0.15152887,0.0,1.5273247,1.0181231,1.1899984,4.005439,0.28143364,0.30657718,0.0644564,0.3246515,0.12557882,0.013424496,0.10376735,0.7499963,0.7772538,1.5382854,1.6928972,0.4633117,0.25174096,0.4607589,0.13740724,0.2579026,0.21854731,0.08900449,0.29770175,0.410566,1.0593187,1.4139608,0.30009604,1.2556555,0.72643965,0.0648146,0.10779248,1.334048,0.35016787,1.085204,0.9310804,0.3889006,1.5168587,1.8360399,0.6088652,0.3737183,0.7575503,0.03761309,1.0910131,0.11866158,0.3926602,2.1343052,1.2338724,0.15499035,0.062264238,0.13905202,0.119158156,0.09050773,0.9678002,0.3794922,0.11800828,0.013530609,0.89096373,0.017808732,2.6586967,1.3279998,0.9153705,0.116759606,0.6644623,0.8152128,0.60571563,0.6927931,0.3083562,0.58661914,0.021322984,0.5157427,1.403475,0.29982758,0.31451726,0.59845734,0.12550832,0.2387148,0.4331078,1.1813899,1.28126,0.8351253,1.8238587,1.2566237,0.5342725,1.4357992,0.21835083,0.14455853,0.4287426,0.018921888,0.2620792,1.7993965,1.0925419,0.43632895,1.8117626,0.86654145,0.10918364,0.059770174,0.120339885,0.91424257,0.16984253,2.055932,0.26309782,0.49917844,0.5015075,1.8745074,0.9248112,0.51407343,0.95713276,0.563976,0.6012289,0.023551429,0.82315755,1.2894593,0.44432583,2.5476577,0.7709484,0.016542055,0.15440638,0.5679118,0.73150563,0.030116051,1.0790507,0.10254301,0.18995142,0.052840874,0.52712536,1.4274905,2.446127,4.20598,0.07955355,0.90865916,0.3810351,0.624175,0.22641322,0.49937692,0.31222215,1.234439,2.0138075,0.26987824,0.059254125,0.72735846,0.083800316,0.3024763,0.357265,0.011594002,1.0443754,1.731916,1.2273704,0.83183324,0.079888836,0.96221185,0.65624696,0.90093434,0.33668202,0.48098356,0.88539386,0.61305404,0.19513445,0.955853,0.19755058,0.8581358,0.543987,1.0799693,0.10334166,1.0206125,0.025464917,0.35174793,0.10863756,0.42441434,0.08725736,0.024197122,2.294932,0.4178234,0.8942559,0.6126086,0.60200906,0.1413117,3.649054,0.81909317,0.53427035,0.66416216,0.32430047,1.1068349,0.27616158,0.0706958,0.30265114,0.68958616,0.28272384,1.1872988,1.1891664,0.06866701,1.6161726,0.19261406,0.97338533,0.089303054,1.232708,1.3194342,0.27649066,0.66858494,0.33430415,0.7444637,1.038441,0.65266037,1.0214081,0.4225983,0.0005245288,1.0084671,0.50279045,0.19618747,0.030324113,1.2908983,0.055245083,0.32530168,1.0033602,1.6330893,2.2794843,0.15130863,1.8672314,0.36485255,0.20601495,2.0092847,1.0792544,0.6955762,0.045673475,0.18093891,0.26488048,1.1557479,0.0282659,1.5773399,0.6186986,0.061403126,0.7948124,0.12837858,0.18734775,0.4334161,0.17271163,0.39256853,0.4908725,1.1184928,0.32223603,0.31489122,0.59517694,0.09768165,0.48705795,1.9633378,0.2277404,0.7739826,0.16606873,1.2958195,0.5752343,1.5400646,1.2371985,0.02787351,0.19902319,0.16844103,0.08305246,0.68484014,0.1537639,0.67201793,0.060812276,0.7269101,1.0476283,2.5247867,0.46992078,0.234277,0.0,0.030007454,2.4264388,0.77933913,0.15825331,0.0,1.1506678,0.003189273,0.17734617,2.3261118,0.16164969,0.33891705,0.19217296,2.0766218,1.8736743,0.40939018,1.0873693,0.22266866,0.16468367,0.77045083,0.072640836,1.8886446,0.4784167,0.29890063,0.69164526,0.45369074,2.7580755,0.08503391,0.41120866,1.3514827,0.3957881,1.0959167,1.30866,2.5073369,1.1918151,0.38037583,1.9204469,1.8121951,0.63037395,1.2534052,0.004001133,1.6512697,0.93038917,0.24461098,0.5741413,0.053375944,1.6694888,2.2965286,3.3021526,0.85937387,1.378999,0.2524182,0.4811367,0.614986,0.07212219,0.06875228,0.07377921,0.406003,0.06011317,0.31610364,2.0093732,0.027242867,0.96776825,0.5346722,0.10719107,2.132187,0.49731636,2.3465362,0.7598674,0.51171386,0.23470174,0.5667765,2.0883088,1.7937703,0.4147961,0.84472096,0.67203,0.2847917,0.22504206,1.6444374,0.39448512,0.4478825,0.80974233,0.36196345,0.9487542,0.20099795,0.21647017,1.3008604,0.13070405,0.23716612,1.5893193,1.4763427,0.43925554,1.0546906,0.31339052,0.42937037,0.3352444,0.69543666,0.13533708,1.2061291,0.13480441,0.3452253,0.123826995,0.080954075,0.8779437,0.0947323,0.27807522,0.26517397,0.26548776,0.08867605,0.2316601,1.2223549,0.48879856,0.5700602,3.6783752,1.0105678,0.83632505,0.4289014,1.3714802,0.78353024,0.23220193,0.23257503,0.11508772,0.5399658,0.17388321,all_pothole_images\pothole_images_2_image_245.jpg
3.1268504,1.7958187,0.6729769,0.124136016,1.3450373,2.1773787,0.13613814,0.54524106,0.9649507,1.0953958,0.11081738,0.30379757,0.13672964,1.8692622,1.2499554,0.5742289,0.2697904,1.0098159,0.014561661,1.7495624,1.4287436,3.331354,0.27396277,0.33339047,0.54045993,0.5355055,1.2439964,1.0383941,0.77949905,1.0013169,0.1502077,0.1290805,1.2096727,0.12866133,0.45083547,0.08932317,0.52284163,0.40207735,0.18243563,0.43459183,0.44054747,1.1201433,0.2110686,0.69481534,1.3079251,0.15689777,0.006814886,0.026692135,0.8737573,0.118933305,2.207499,0.94905335,0.53859913,0.72722703,0.048089683,0.46984118,0.2729614,0.06811016,0.0,0.68083304,0.35707194,0.7953163,3.177051,0.9490906,1.2302823,0.63663006,0.30362993,0.051297575,0.3060257,0.14318675,0.099470176,0.7564823,0.05714692,1.1637369,0.0,0.62778676,1.5163323,1.5528454,0.103592776,0.02605271,1.7974647,0.6383495,0.022211784,0.7501451,0.12697864,0.565058,0.3259988,0.12715338,1.6816269,0.023727827,0.61362404,0.3340356,0.39248785,1.9590313,0.9475203,0.0047377017,0.794365,0.07435356,0.20161214,0.30827114,0.057190407,0.70347327,0.38181984,0.16999036,0.012465831,1.1503636,0.2830232,0.0898965,0.11300943,0.63830566,0.362263,0.9410927,2.2419207,0.006189789,0.1345101,2.2911222,4.1911454,0.964583,0.12808943,0.44082555,0.21866052,0.9803809,2.6157107,0.5654636,0.18121636,0.056511432,0.07430798,1.8349763,1.8492752,1.1093813,1.8471913,0.70283973,1.5779123,0.20067485,0.26197433,2.6424215,1.0473745,0.14240186,4.9520807,0.7278419,1.416771,0.06922821,0.36854112,3.9259973,1.0403407,0.27998185,0.7164602,0.08347301,0.31315884,1.8366805,0.30318397,0.3852408,0.9227913,0.93775743,1.1060504,1.9172406,0.6670459,0.49876153,0.15730569,0.7019491,1.1399298,0.041241188,0.21804921,2.617379,0.013319779,0.18057722,1.0713266,3.4393024,0.4119614,0.032572012,0.85308886,0.05765373,0.57842964,1.5413358,0.05796702,0.33654115,4.237536,0.2379316,0.18056256,1.9925222,0.1008542,0.10114413,2.6442251,0.017884377,2.6767166,0.23545097,1.898982,0.34368795,0.09673879,0.02448803,2.061257,0.028543307,0.5916437,0.36715904,0.7614746,0.5595406,0.26178867,0.090229325,0.6059805,1.1293843,0.043566894,0.8170165,0.7474559,1.3839114,0.7359571,2.6473331,0.13821597,1.2955477,0.50477403,0.4358137,0.046742845,0.03243724,1.4835943,3.380587,0.4532152,0.48477027,0.13852637,0.19133656,0.783947,0.18539277,0.43882668,0.8702398,0.83302873,0.32559243,0.00024275594,1.2598628,1.7633231,0.3766454,1.4470685,0.48715532,0.6689629,0.45037383,0.04952121,0.5957789,0.18419564,0.61631316,1.0337458,0.17271513,0.34341735,0.32792193,1.2313713,0.14050628,0.40610105,0.09274944,0.006863786,0.11835715,1.6621505,0.72401696,0.007544728,0.3724026,1.063095,0.1116464,0.88089937,1.306535,0.09438958,0.46507612,0.9554929,0.37978426,0.9147934,0.44366804,1.256944,3.6771264,0.7956689,0.2014955,0.5883783,0.2983509,0.07841996,0.37424055,1.3241023,2.8789616,0.017401274,0.4037987,0.6063174,0.20315333,0.50147945,0.313488,0.2544261,1.2114211,4.195608,0.034058355,0.2655654,0.9278159,0.5012289,0.22106668,2.4256651,0.13884374,0.801195,2.007722,1.81444,1.9180255,0.10766579,0.8773155,0.74007756,0.14189617,0.03824045,1.8929448,1.4947628,0.9150782,0.36605352,0.07491436,0.60810554,0.74599004,0.0012850116,1.1562611,4.6481323,0.20654188,0.07837489,1.608282,0.98798764,0.26565805,0.56550413,0.7311908,2.6105473,1.5037956,0.33480775,0.23611845,0.82519376,0.4076378,0.4921301,0.63076603,0.024264952,0.25854456,0.8705726,1.6785096,1.1368983,0.3162049,3.229992,1.9532008,0.4259138,2.4314497,6.622479,1.091938,0.06959251,1.5273758,0.41765735,0.97818565,2.1758938,1.0518703,1.0725042,0.07775619,0.07243631,1.5696526,0.97420526,0.109724216,0.44651306,0.07549004,0.0033734709,0.29520944,2.3160725,0.9635255,0.25098956,0.3368558,0.105993435,0.2946438,1.7006751,0.12906967,1.5109993,0.9016909,0.0053847875,1.7626287,0.9577716,0.28089687,0.035668537,0.43716484,0.636906,0.9256808,0.47949022,2.679533,0.18525246,0.24508809,0.9375723,0.5543012,1.3531159,0.071862616,0.6912117,0.17653643,0.026754571,1.1045355,1.3570104,1.1422464,0.05798319,0.7507948,0.07532879,1.2694465,3.1582556,0.41581982,3.1497145,0.97856385,0.35628855,1.1140976,0.2384862,0.011518028,0.28588754,0.0025239252,1.5394115,0.21626869,0.0,0.91316944,0.15176971,0.016685084,3.7825167,0.2338256,0.23295927,0.78050596,0.5450311,0.08150638,0.6504089,0.18435766,1.4484457,0.9697327,0.5383604,0.69038683,0.50871617,0.45179564,0.53967303,0.18358634,0.06066409,0.9066484,0.050755437,0.09523675,0.54410857,0.6273801,0.6746074,0.020889474,0.7644046,0.8770897,0.059255607,8.318249,0.84979653,0.2553508,0.14354104,0.65616155,0.11765278,0.12047238,0.1508111,1.4947276,0.37499416,0.7043237,0.10107844,0.99903935,0.7623548,0.081986405,0.3319789,0.25078177,0.50676936,5.10155,4.726759,1.0756243,0.3736246,0.07338633,0.041482974,0.18934985,0.3118917,0.8647129,0.5271516,0.00989076,1.0166862,0.00072575524,0.63095105,0.04325092,2.1989634,1.7370888,1.6764375,0.26371953,0.20533736,0.0045220978,0.010522117,0.18489057,0.047332566,0.68145686,0.23283483,1.462435,1.4557561,0.47773275,0.788209,0.08198841,1.0181332,1.0660311,0.66968393,0.98646206,0.076311246,1.7391812,0.022993255,0.6999663,0.048365768,0.04960453,0.83070403,0.7497504,0.13272354,0.70301217,0.8572281,0.25111723,0.33466953,1.211619,0.51011556,0.09641751,0.0125487605,0.45150656,0.0,0.29460663,0.4583833,1.1532552,0.4107525,1.0817701,0.46267882,0.39035124,0.22227556,0.44421315,0.25597996,1.3982531,0.014547574,0.20161921,all_pothole_images\pothole_images_2_image_246.jpg
0.609221,1.3346897,0.038820185,1.3433982,0.023543583,0.07791265,0.34748134,1.9780973,0.47690558,0.21639341,0.37380716,0.620151,0.0098942965,1.8986131,0.050794393,0.28446323,0.48009816,0.3565347,1.5629003,0.080325365,0.51948637,0.7610743,0.1832437,0.5625629,0.03378647,0.24919322,0.012489117,1.2597615,0.2902808,0.25557822,0.043718692,0.097311154,0.28587946,0.03870854,0.0,0.45462683,0.470861,0.8683629,0.56939465,2.696041,0.08887892,0.012448021,0.23866965,1.3036319,0.7070451,0.46123663,0.0,0.19631006,0.51909137,0.08513203,0.006920948,0.09615249,1.0194983,0.017158905,0.017129611,1.2023807,1.4641873,0.044476196,0.0,0.06226356,0.0,0.053700637,0.38723207,0.23101553,0.08568055,1.442655,0.8940227,0.122735195,0.3544177,0.33867225,0.43555722,0.24528189,0.09774566,0.007914137,0.05316592,0.056705553,0.0009021168,0.2670363,0.2517119,0.08825919,0.043844596,0.48873845,0.47526145,1.8965993,0.3191359,0.21709204,0.2987619,0.052062996,1.3998235,0.16809884,0.0,0.18912728,0.0052715717,0.023423666,0.07594431,0.00639098,0.32343242,1.2101046,0.07724796,0.037377752,0.26059937,1.7829704,0.2654198,0.0,1.1478467,0.025420412,0.07786859,0.0,0.0012026647,0.16625461,0.04414297,0.24723968,1.1365846,0.2817281,0.47583494,0.2982465,0.0147332875,0.016904302,1.2938796,1.4284756,1.7103411,0.12620379,0.012944191,1.2900304,0.1851625,1.4604634,0.13884252,0.16316265,1.0279682,0.011390496,0.014049101,0.05939503,0.0027424414,0.3675191,0.44254124,0.48624542,0.0,0.7380735,0.0756191,0.01889255,0.2625476,0.0,0.63373435,0.1203427,0.02399799,0.7868914,0.07721401,1.0761307,0.09669593,0.22586508,0.77309525,0.30731407,0.012122672,0.045657866,1.3054466,0.045174647,0.17446819,0.0,0.6591321,0.38491744,1.1042683,1.3983384,0.07198104,0.20438461,0.68309253,0.0,1.6284267,0.046765484,2.564042,2.2939627,0.058281954,0.00426217,0.0017342331,0.067756556,0.5989068,0.20529729,0.03560345,0.0,0.06649496,0.0,0.16283637,0.28832403,2.2877269,1.3725525,0.1288453,1.0588557,0.26800242,0.15925999,0.059157282,0.38372397,0.024090314,0.046883438,0.023431081,1.4498305,0.23666248,0.0,0.040316943,0.06146715,0.1105101,0.4546765,0.101365946,0.7721556,0.9337406,0.38061166,0.34433988,0.01242796,0.6517343,0.08248543,1.5667629,0.6200538,0.0,0.18497175,0.78663456,1.3081808,1.2896085,0.68501794,1.7138659,0.2531661,0.15124708,0.11633931,0.05078484,0.5446257,0.43201587,0.43343827,0.014074791,0.0,0.9312837,0.0024323226,0.72910815,0.15631625,0.010105188,0.40667483,0.17003778,0.05117425,0.035952613,0.048977315,1.767021,0.05559133,0.0,0.06427413,0.10448672,0.29793838,0.0007988238,0.06037411,0.43345305,0.010486272,0.25209445,0.001031611,0.3356577,4.465497,1.2260295,0.0,0.045916528,0.32410225,0.037094623,0.1324585,1.6882819,0.00011246289,0.13178888,2.0588958,0.0,0.15696259,0.77124697,0.02884395,0.03954792,0.4184868,1.4101841,0.17808628,3.49532,0.015226938,0.34573388,0.02770718,0.8677964,0.072665244,0.11360834,0.41437194,0.14779507,0.35091734,0.10432702,0.20050426,2.0240135,0.21415071,0.55104166,0.3178011,0.1951499,0.101777405,0.013051671,0.037302665,0.7819548,0.02661463,0.36821288,0.03709021,0.0155049125,0.39776495,0.056961164,0.7264611,0.028483806,0.48433778,0.11759651,3.1610508,0.2238704,0.36107737,0.0,1.0346987,6.0727997,0.0051461,0.037145313,0.15495649,0.010477848,0.031085677,1.1563859,0.46102807,2.6522932,0.18861283,0.174869,0.8078114,0.028817376,2.3374393,0.40212783,0.123791456,0.39398617,0.0,0.14974117,0.0066186236,0.058197435,0.051305722,0.6551679,0.0,0.24561942,0.08559316,1.1392095,0.0024096775,0.15703125,0.0035901123,0.010615215,1.1134577,2.5681016,0.25628978,0.07481098,0.0,0.89543456,0.54941285,1.3438324,0.017865254,0.71535563,0.14484783,0.18448393,0.09330677,0.77749443,0.3787522,0.07295276,0.1189957,0.26681557,0.9148027,0.0008032105,0.52596664,0.0266538,1.2678425,0.058191553,0.18014261,0.033180337,0.49456578,0.7649363,0.15945126,0.36937603,0.00601219,1.7043238,0.0071843723,0.37660295,0.10243329,2.1881545,0.031088918,0.053153746,0.030416075,0.62693655,0.11834088,0.9533285,0.0,0.41132098,0.25046608,0.4002419,0.0,1.9164201,0.6959475,0.856558,1.2755766,0.4771833,0.040976547,0.26859003,0.40401703,0.029032571,0.19177966,0.19689251,0.24373229,0.023405805,0.022590375,1.448183,0.48217154,0.27358857,0.19489981,1.1339686,0.33799082,0.9692801,0.95573,0.87608594,0.016029194,0.19374587,0.32025173,0.27674013,0.1311679,0.5757894,0.5288044,0.1524941,0.17649317,0.0063787526,0.09062904,0.42562085,0.38909277,0.046564236,0.0,1.5521642,0.3247416,1.3020959,0.816275,0.81808114,0.0016341744,0.8959735,0.043758083,0.6847067,0.024184022,0.8149979,0.2545687,0.22347392,0.09495368,0.05717077,3.595024,0.06343441,0.06484462,0.45655233,0.36594608,0.5260916,0.14169788,0.3050959,0.0,1.0733957,0.0,1.6054158,0.15237252,0.36569968,0.5984527,1.9335452,0.1074707,0.9860292,0.010959848,0.7155221,1.0780382,0.34602675,0.20802213,0.18871213,2.145417,0.6393638,0.1761247,0.9761813,0.0023082416,1.0598769,0.0073549263,0.0,0.0020092276,0.046237573,0.722137,1.5176073,0.06758416,0.20053813,0.08383845,1.1140246,0.37453642,0.0,1.4370079,0.37316972,0.41706792,0.83892787,0.65909916,0.579599,0.1710546,0.0054375352,0.057117842,0.072143205,0.017810203,0.17294852,0.096268855,1.3221096,2.7693064,0.042512838,0.10844518,0.0,0.12604918,0.001085019,0.7592288,0.09397079,0.2043555,0.16693635,5.3543763,0.09168219,0.1114976,0.31207973,0.7567699,0.78028667,1.3148723,0.09250744,2.842022,0.48378602,0.11065664,all_pothole_images\pothole_images_2_image_247.jpg
0.6141814,3.1507182,1.3694972,0.53860015,0.95048887,0.7380366,0.2136307,3.4571457,0.7460516,2.0344563,1.4186021,0.4328597,0.46033812,0.9839153,1.0981824,1.1868201,2.236163,0.30051473,0.3395545,0.39854896,0.43510795,2.0008867,0.68459046,3.0505924,0.097854525,0.5588278,1.2445887,0.35112575,0.28061274,1.9883815,0.70808595,0.7354263,1.1359291,0.56803024,2.7851212,1.9903424,1.2865709,0.093743786,0.0,0.021760222,0.65087944,0.069961086,0.6518819,1.3858685,0.21205197,0.24193783,0.4748588,0.41918588,0.86526394,0.025867552,1.0775454,0.90860873,1.015071,1.0834364,1.231615,0.58310544,2.781777,0.21406732,1.9996369,1.3254131,0.53073066,1.722831,0.3255637,1.6051128,0.48059818,2.3334591,2.0097778,1.1987951,0.776397,1.327946,0.35972765,2.1339273,0.54443634,0.25814497,1.9714717,1.1360443,1.640539,0.56695104,0.095543206,1.3866898,1.7206835,2.7184114,0.07248277,1.5467682,2.0916224,1.4712117,0.3047669,1.565612,0.9868807,0.5131448,0.38987362,0.46158388,0.72568464,0.44068623,0.9085907,0.6906185,0.46429762,1.0489529,1.7425431,0.885298,0.37423787,1.0638593,1.3835888,0.30844727,0.44824007,1.3712598,0.02527811,0.540374,0.2879412,0.28504887,0.27380085,1.687934,1.1555349,0.0771849,1.1442474,0.89445245,0.8299304,0.44435385,0.90782,0.71781373,0.42044553,2.0678797,1.3693905,0.27790183,0.5291316,0.18715245,0.61373794,1.2478931,0.98306435,0.5458627,2.463211,2.5111258,3.212435,0.45298746,1.5475861,1.1133584,0.16962,0.0044208686,1.1605479,1.4037335,0.8686488,2.7426345,2.8721101,1.4443359,1.3747617,0.4779586,1.4800582,0.005525889,2.5558841,1.2526138,0.07280456,2.3445687,0.7750463,0.9573762,0.8825956,0.32181174,0.06334931,0.13634561,0.47237802,0.6364601,1.165594,0.05489002,0.1823696,2.1837249,0.8467569,1.1431562,0.4280102,2.2005987,0.40804762,0.01406041,1.1634909,1.5602357,1.0029308,0.39833567,1.072344,0.40819767,1.1208113,0.35294354,0.807796,0.84959906,1.4427412,2.2819757,2.6935546,2.8692932,1.3992875,0.8341617,0.10279386,0.090003364,0.56117094,0.5823554,2.9533336,1.0062243,0.51441485,1.6822674,0.60635126,0.7806842,0.25390762,0.8157213,0.30508944,2.6266336,0.13824587,1.3657526,0.5129037,0.8553035,0.45181778,2.1932697,0.8602628,0.785873,1.4060584,0.22463048,0.11547912,0.28797,1.7154827,2.3867972,0.34077224,0.0085019255,0.59965485,0.624138,0.7208772,1.0013962,1.5208198,0.9098459,0.42432037,0.808386,1.4604015,0.7457083,3.875946,0.031595603,1.0402268,1.8760216,0.8828007,0.43559802,1.6433308,0.6728587,1.9580444,0.16773811,0.6716514,0.28331187,0.14994049,0.42267475,0.46229938,1.715878,1.1308781,0.59419686,0.4833977,0.008147674,1.3230327,0.18563913,1.5759233,1.3533345,1.3526496,1.0204543,0.3944646,0.38409588,0.14941412,1.4670018,1.4786211,0.7428147,1.2064567,0.597915,1.426246,0.4776796,1.4699867,0.59377563,0.6769619,0.9321611,1.1571584,2.2296014,0.5211255,0.4734974,0.20982076,0.0047368566,0.42575532,0.7070727,0.9082883,0.4904959,1.821049,1.3999187,1.8631648,0.96943164,0.08746103,0.99841666,0.95859194,0.5843764,1.5225583,0.5514116,0.37949932,1.9608364,0.48127544,0.32480946,0.24988705,0.77253735,0.69804287,0.77791625,0.6167745,1.3680165,3.0197573,0.07421121,1.170802,2.971499,0.014051481,0.31780574,0.66984105,0.26806414,3.4871297,0.470332,0.004332255,0.9031891,0.9356774,0.05438795,0.4275236,0.33747992,1.0907124,1.1447669,0.14914274,1.0416707,0.5500749,1.1495534,1.6122802,0.67031306,0.7107321,0.7866161,0.8197319,0.18006039,0.83081865,1.5802028,1.060042,1.8108745,1.0326213,0.38186637,1.054019,0.7473161,0.30079877,0.8841279,2.5265913,0.4849953,1.6159033,0.35743415,0.39229318,2.0605707,1.9934134,1.9163581,0.17281643,0.6075621,1.7458019,0.72662807,1.1237621,1.1461594,0.9297669,0.5615368,0.82547605,0.36091682,3.3565311,1.1246693,1.915766,2.4003246,1.0857438,0.54035366,0.19483648,0.30012184,0.41756675,0.16948333,0.26477125,1.5872493,0.15905268,0.20779903,1.8077523,0.9180067,1.2738125,0.59000766,1.3136522,1.1351738,0.54955345,0.25811553,1.1389425,0.31024545,0.037118927,0.78708017,0.19106568,2.1770313,0.89064306,2.3102643,0.62439877,0.341163,3.072253,2.2487211,2.2348156,3.6123679,4.0191984,0.7710881,1.5998464,0.5526171,0.54284453,1.4261436,1.8197196,2.3244004,0.31722823,1.1214255,0.2847566,0.17833109,0.66431785,0.27023843,0.07256623,0.7763664,0.25723016,0.7522217,0.8806525,1.4210566,0.4025817,0.40312257,0.21179742,0.06339413,1.4523046,0.8990667,0.18318132,0.47840348,0.677756,1.5676306,1.1222761,0.073167056,0.010734715,1.1381075,1.5753236,1.3331147,0.20814669,2.1764755,1.2945604,1.2460674,1.6611176,0.45973137,0.39862886,1.0887798,0.6539496,1.9583895,1.302825,1.2687924,0.6547844,2.780846,0.5525991,1.1460494,1.4480968,0.8410162,1.3700975,0.30653745,0.26210526,0.8216298,1.0299461,0.2324023,1.8420174,1.5954922,0.47973704,0.33143082,1.3966085,0.8277194,0.93640196,0.17334543,1.5198216,0.609459,0.16591215,0.30143642,2.300873,0.8838833,0.7085867,0.82765895,0.7791512,1.4767683,1.1770777,0.065127976,0.13629928,2.1724477,2.0331094,1.034573,0.6736226,0.50567156,0.5341311,0.53196794,3.3120608,0.37442732,2.6191456,0.5548546,4.207379,1.534781,1.836822,1.8285332,0.11160416,0.74258953,1.4485581,1.349878,1.1125014,0.16050185,0.20940642,1.8366319,0.113881014,0.53022707,0.42734933,0.41666743,2.2835407,0.4010127,0.33838388,0.6491076,1.0870097,2.1656063,0.9851781,0.6034547,0.20378812,0.29857966,0.089993775,1.1136944,0.39350796,0.9246889,0.8630496,0.06629303,all_pothole_images\pothole_images_2_image_248.jpg
0.6551455,0.44872227,0.1839585,2.0283573,0.23070444,0.51395625,1.2509217,0.44479388,0.41507113,1.1188327,0.09669886,0.72752404,0.025828013,0.5146716,0.07524123,0.04471009,0.08052434,0.60445726,2.921974,0.1468538,2.2899637,4.2536993,0.06344512,0.026466014,0.5050064,1.0507389,2.1820824,3.1429567,0.56258506,0.61230254,0.36956564,0.7269747,0.48151442,0.120106906,0.67237526,1.0299265,1.5457379,2.2579112,0.033643562,0.9330153,0.026295114,0.26421565,0.29734686,0.82780236,0.2997077,0.7256038,0.054688424,0.33785716,0.11035904,1.2724046,1.247186,0.9655693,0.60963434,0.23480397,0.32961044,1.7026985,0.65369654,0.68048733,1.1107966,0.17820549,1.4386023,2.3562825,0.17052831,0.051159658,0.54762864,1.4371929,0.48734105,0.11548548,1.488531,0.34671205,0.59272444,1.6148208,0.18577546,0.18625621,0.43657315,0.24121708,0.4562057,0.764438,0.17985392,0.19670178,0.3283179,0.028675752,0.025542343,3.552335,1.0621456,0.07644507,1.0604473,0.0031672558,1.7468619,0.14358413,0.008567488,0.3648266,0.02441265,0.68663925,0.36684793,0.059464343,0.47746456,0.5898272,1.1673528,0.69913137,0.083956145,1.707147,1.275369,1.5358531,0.26124257,0.016249234,0.3019557,0.30977738,0.17983407,0.0030586654,0.023109112,2.3618152,1.1103601,0.0,1.135352,0.0021220464,1.3019174,0.2793868,1.4136072,0.5555808,1.0298886,0.6224369,0.08996779,2.6330416,0.33706412,0.23588423,0.555346,0.97251534,2.402347,0.67377645,0.67932665,0.08707823,0.18021517,0.028253311,0.03382411,0.08224612,0.16520722,2.0020714,0.4217558,0.20105128,0.33076453,0.4139781,0.2148483,0.007206779,0.25302407,0.55375606,0.6265386,0.23669901,1.2266004,0.1207088,0.9085174,0.38982788,0.0,0.17821658,0.8734381,0.45673674,1.2565181,0.2674655,0.84009206,0.009872711,0.6626558,3.759669,0.04151375,0.6395908,0.3860708,2.0322032,4.9836645,0.401365,1.2299296,0.3346891,0.07310417,0.031109337,0.09091487,0.3586874,0.073060036,0.0,0.08600671,0.1425651,1.9960757,0.18353882,1.1927935,0.30143616,0.581671,0.73151535,1.4667063,0.7240418,0.0013861564,2.0467563,0.17270552,0.51928914,0.27684018,0.7265058,0.0013542231,1.2591234,0.0,0.0634277,0.039869126,0.3239198,0.9460824,0.12759064,0.37259427,0.2173333,1.7796241,0.56048995,0.49951795,0.038149863,0.27780288,1.2997062,1.1061623,0.96177983,0.08720167,0.10984945,0.8983172,0.32801905,1.204487,2.2302825,1.419904,0.3126974,0.577103,0.39659378,1.7599708,0.4409411,0.88894933,0.32480636,0.835017,0.9402461,0.3193702,0.0,0.60930705,0.85016435,1.973641,0.70106536,0.11498886,0.17017648,0.10568911,0.03996432,0.92593116,1.4118702,0.00855724,0.80743295,0.5234272,0.24372807,0.048670564,0.30309358,0.574069,0.6681815,0.20465177,0.03100435,1.4857647,4.775537,4.7376237,0.0,0.69561595,0.8185814,0.009476169,1.7069278,0.87619895,1.0244534,0.5327464,0.96901995,1.1072977,0.0030314475,0.27254677,0.5652795,0.09583792,0.042311173,0.29952604,0.30578905,0.42384845,0.2497478,0.3564695,0.6668046,0.0,0.033212017,1.3725296,0.43322316,0.23237298,0.032499533,0.79368514,0.69624656,3.4263082,0.060088523,0.12778275,2.3597524,1.6902004,0.3292285,2.2665596,0.9493732,1.5109661,1.0895368,0.021072598,0.6614658,0.293987,0.82946557,0.09846792,0.7949173,0.24627657,1.8550754,0.06339446,2.0162559,0.4006185,3.0054681,0.25687483,0.5529304,1.7279572,1.3690898,0.18528214,0.5852315,0.04017748,0.50305533,4.31727,0.38567176,0.8184664,0.50494075,0.22261387,0.40989062,0.63835907,2.2958665,2.734265,0.051385947,0.0,0.8484257,0.4578268,0.40101016,0.23134124,1.15492,0.5787562,0.022104302,2.144467,1.1696912,0.5781761,0.8993647,0.7144895,0.85770625,0.2418992,0.431715,1.7208472,3.3859227,0.0,1.3873574,1.2120267,0.3186554,0.8924156,1.4016283,1.5112962,0.07942952,0.3142723,1.2821696,0.71058047,0.8418137,1.0801724,0.55669576,1.8164217,0.20425904,0.100269586,0.22809125,0.023549493,1.9285289,0.15051183,0.20135772,0.14086026,0.54596347,0.12328848,0.9441061,0.12975273,0.033781216,2.8665116,0.24951655,0.010734208,0.016647816,0.38453135,0.18137394,0.19294113,0.5620795,0.720416,0.088679485,0.80636454,0.25158924,0.015575323,0.8398001,0.9156141,0.0,1.8838223,0.0931787,2.3648152,0.27904528,1.717562,0.083901495,1.378422,2.388802,1.9411138,0.030147992,0.06355939,2.4163368,0.13495922,0.0001703632,1.6175652,0.0,0.3165194,0.13516422,0.33457544,0.0043167905,0.1948047,0.7359657,0.45126355,0.0,0.0,1.7673402,0.23843285,0.13172783,1.0338048,0.033201095,0.002612756,0.270581,0.513383,0.13183789,0.80481386,1.0498798,0.20284565,0.7397182,4.547289,0.8951702,3.8514955,2.7841434,1.8840642,0.18800843,0.44521347,0.4838603,0.0,0.39825466,0.09384427,0.19288616,0.04279862,0.58936334,1.1621637,0.7827863,1.1716552,0.093536235,0.38840172,0.0117101325,0.06402728,0.5497339,0.17143409,0.7673444,0.2724728,0.0042502563,1.9217803,0.15221809,0.06572677,0.1333063,0.3268051,0.76711005,0.037405428,0.93095815,1.1556449,0.84049994,0.99048877,0.94304717,0.3943747,0.05799528,0.112009905,0.13157299,0.12540631,0.010189497,0.16329443,1.8706578,0.53090924,0.5086021,0.10404396,0.44560793,0.02286148,1.9073839,1.0770397,0.23569591,0.32345867,0.04192826,0.11577714,0.3991021,0.27877635,0.8347269,0.7229366,2.8805857,0.15554358,0.036127083,0.088044025,0.9591878,2.1388686,0.32469028,1.1470855,0.21065441,0.46780652,0.93966436,0.6907191,1.3134155,0.0,0.34628925,0.08350563,0.8477374,0.26167455,0.2922669,0.2978987,2.788601,0.30344862,0.44710198,1.1076618,0.4094534,1.39185,0.0035701427,0.7960691,1.7540606,0.38266867,0.13199255,all_pothole_images\pothole_images_2_image_249.jpg
0.4511007,1.7499421,0.88432497,1.523985,0.08282623,0.03689998,0.9686011,0.47826335,0.561427,0.36545154,0.43172622,1.7750742,0.68562007,0.5532102,0.581706,0.369516,0.093944006,0.7477849,0.20928487,2.2390537,0.03321479,1.6250913,0.14259942,0.5804901,0.41810408,0.7153071,0.0,0.31826496,0.24412392,0.6237796,2.0174718,0.32025513,0.33587575,0.7904054,0.9297138,0.9763448,0.3001118,0.77617365,0.14326578,0.00085749815,0.7186005,1.5881593,1.0277034,0.8628484,1.2722692,1.5858284,0.8540462,0.010184774,0.83146715,0.5993531,1.2815758,0.36844715,0.4601565,0.7367454,0.6880489,0.41781974,0.44241998,1.3068516,2.1925604,2.0681741,0.3465261,1.709688,1.1749475,0.36662728,0.57438916,0.90518737,0.09030537,0.7353159,1.3288436,0.97290826,0.879454,2.2307954,0.38374016,0.7198464,1.6002487,0.6296866,0.8669114,0.36414993,0.933926,2.202608,0.9114039,1.0729568,1.8537527,1.0911199,0.11758627,0.6666288,0.06561371,0.7908974,1.93932,0.26016366,0.38779435,2.5136354,0.57408535,1.0128983,0.42554426,0.52896816,1.080332,1.5739758,1.0794293,0.8461612,1.5265864,0.3061399,0.2865761,2.658792,1.4914688,2.716423,1.5935234,1.2087308,1.4439046,0.25611752,0.5029941,1.2500315,0.18053484,0.97362304,0.509575,1.0485001,0.4991272,0.39050853,0.10723963,0.28572172,1.0627265,1.1348213,1.3269782,1.766412,1.1407025,0.8914177,0.27914837,0.41264662,0.6387386,0.008604121,0.3628213,0.33689645,0.717271,0.7664828,0.5397298,0.22670662,1.1256611,0.033637106,0.25706276,0.7809561,0.6374079,0.51317084,0.4479603,0.28946805,0.82031137,0.7201095,0.17094955,0.7975935,1.1475664,1.027332,2.1485012,0.03943003,0.9487102,1.5078137,1.7306882,0.0040584896,0.7245863,0.06106461,0.4965573,0.33115616,1.9792349,0.005696827,0.5977293,0.65853584,1.0807499,0.11524314,0.9309165,0.111014046,0.14991078,1.4739426,1.0754324,2.3562717,0.6294202,0.14470445,2.6785433,2.2151084,0.2874038,0.2761631,1.2570719,0.68541247,0.3507103,0.3360939,1.3725165,1.9720143,0.058591444,0.2084136,1.8858243,0.29592505,0.2048872,0.8325295,0.34802935,1.0881189,1.1074514,1.0658472,0.37476507,0.033581447,0.8701972,1.9543571,1.5642864,0.51256716,1.8727343,1.5705243,0.3264223,0.87388456,0.10473523,0.101906635,1.3295113,0.14306535,0.089047916,1.0801418,0.7104443,0.9497173,1.4546053,0.40448004,0.32213482,0.8451745,0.96075284,0.80923146,1.9259565,0.739231,1.5332222,2.068506,0.013534205,0.7711007,0.28217712,0.23251,2.275581,0.00978268,0.12721948,1.1384742,1.9007382,0.33084875,1.1533482,0.4280721,0.30964115,0.12306466,1.0228573,0.41475525,1.4554816,1.515701,0.66854256,0.4363667,0.69437206,1.5628016,0.11216438,0.4883202,1.1563395,1.2804892,1.0323886,0.6915199,0.13406833,0.28616974,0.21179578,0.25886515,1.9464351,0.91266114,1.8362231,0.21151608,1.9507396,0.77529687,0.5037244,0.13969567,0.90149486,0.48271725,0.7158353,1.7931001,0.5642826,0.5757451,0.375409,1.4542457,1.5698864,2.3367863,0.40112287,0.31635642,1.003948,0.938162,2.439397,2.4641004,0.45682555,0.43911415,0.17708664,0.039333347,1.5130872,0.66803944,0.10467343,0.057886973,0.0,0.57151085,0.104289055,0.37718078,1.094481,0.6921918,0.5172277,0.17687957,0.9569822,0.08800888,0.77492785,1.8156617,0.3739751,0.6512915,1.6809441,0.95098805,2.7409444,1.2534543,0.84820765,0.15560114,1.0186279,3.916389,0.28795248,1.8419099,0.09473997,1.0060658,1.4858948,0.7096354,0.9853916,0.75405073,0.82689434,0.32128155,1.4156474,0.61086416,4.1716866,0.015409296,0.11180852,0.18327719,0.59661597,1.7888334,0.2553354,0.57663214,0.31738332,2.205501,0.55972993,0.33656287,1.924543,0.39549643,0.28051633,1.1993583,0.50927746,0.6256597,0.24320157,0.7675139,1.5673862,0.08358382,0.07426389,1.2350141,1.0437571,0.80124414,0.54073113,0.5378189,0.80947125,0.4465336,0.47506955,4.0838013,0.455643,0.17436384,0.87694514,1.1071992,0.18572022,0.6132733,0.53412855,0.57724303,1.9358293,0.13616723,0.66230184,0.6373892,0.5020328,1.1737344,0.5558027,1.3228841,0.8705819,2.3889358,0.38386047,1.9205132,0.8188395,0.60243666,2.0310853,0.5014306,1.6310257,0.88296056,0.8211129,1.3824371,0.7222329,2.2916656,0.32493836,4.7496734,0.71127707,0.021315927,0.1942696,0.045749012,0.8748756,0.4276064,0.72814876,3.505066,0.7297119,0.3261673,0.15653409,1.0189061,0.9525665,1.4548495,2.5684876,0.56688064,1.3640479,0.84324473,1.7591264,0.5196208,0.6585358,1.4522191,1.2686751,1.4392148,0.11535032,0.6677101,0.34240615,1.464469,0.39281747,0.6237754,0.44312695,0.8990775,0.61653423,0.15733829,0.28500658,2.1954436,0.046818312,1.7694026,0.7960458,4.149165,0.33649552,0.006398584,0.8363825,0.32136026,1.0237744,0.3890067,0.104939796,0.11363512,0.32432395,0.49958614,0.08391063,1.5964432,0.7194125,0.92312723,2.7167308,0.40653735,1.1586752,0.1448634,0.95385194,2.428255,0.6823764,0.35166043,0.61649376,0.21758804,1.9933408,1.0005536,2.6350296,0.45426846,1.8103964,0.377815,1.6344458,0.32943892,0.6799486,2.2070296,0.09463307,0.39979643,0.6329512,0.23165615,0.86589533,0.51503557,1.6912522,0.80363756,1.0120727,0.3040223,0.13857363,4.4561243,2.0266626,0.97432363,1.0666431,0.5585826,0.19088094,0.588214,0.88013595,0.9474323,1.2628993,1.1137826,1.9970857,0.67840123,2.6748133,0.45336688,1.3459728,0.3346087,1.4102811,2.024213,2.2128756,0.099739596,0.81256205,0.17846552,0.35847348,0.84797823,0.38727957,0.07515761,0.44274482,1.8405505,0.013572808,1.2890487,0.18136482,0.621445,0.24245176,3.128888,1.6571035,1.1530495,1.1349584,2.468965,0.025253499,0.14768855,0.8772607,0.98200357,all_pothole_images\pothole_images_2_image_25.jpg
0.301569,1.3949224,0.17788222,1.6620895,2.1930888,1.7744825,1.022466,0.14361861,0.062362242,1.3121157,0.21218202,0.61861676,0.396629,0.70922506,0.002567113,0.07106428,0.54083925,0.45453432,1.2322339,0.0018905456,0.2003688,3.3688998,0.5760328,1.9611436,1.0073948,1.1817387,1.1085836,4.5003734,0.42927557,0.05980875,0.3179877,0.20191644,2.0812542,0.013568843,1.3528966,1.8379247,0.41873133,1.6514236,0.3587391,1.6261907,0.24308087,0.12581351,0.14531663,0.4899383,0.46125114,0.06623315,0.3335999,0.0481432,0.9379939,0.6087683,0.8393608,0.16363773,0.21862069,0.45819768,0.07948055,1.2879816,1.3785187,0.23790371,0.16328482,0.23344989,0.8135972,1.4003328,1.287438,0.037438057,0.3042229,2.8149378,1.3254213,0.40209824,0.2566381,0.5712289,0.49288702,0.096949145,0.35092124,0.7915645,0.7048206,1.4359189,0.079169594,0.66468835,0.31449637,0.56155455,0.05672449,0.15074958,0.22692594,3.2363753,1.3954046,0.6105116,0.95954055,0.029490504,3.8521748,0.38609448,0.41907874,0.5310146,0.01018907,0.34486696,0.5110335,0.024333794,0.10270998,0.39248344,1.2084796,0.2590477,0.039438948,4.153057,0.8736296,0.09105569,0.023711525,0.023580449,0.32385266,0.055036426,0.053920697,0.12957047,0.53641653,2.0813923,1.0440711,0.022401975,0.812125,1.8508682,2.6102335,0.27945557,1.8944774,1.2567608,1.6754996,0.2806594,1.2088103,0.941648,0.2705753,2.604379,0.2396135,2.8201456,0.80541295,0.9970894,1.2935841,0.0,0.1717038,0.26869598,0.26871547,1.5690961,0.17202768,1.2384933,0.5317777,0.80969393,0.99822325,0.41707003,0.029988108,0.31226826,0.231584,1.0860325,0.30370167,0.13438863,0.6554526,0.9229805,0.9528347,0.9317736,0.0027754623,0.17967905,0.7941203,0.7354584,0.9763446,0.104686715,0.9523469,0.19715226,0.74922013,1.8853486,0.18379872,0.695248,0.31477445,0.08251858,2.1658354,0.47640756,2.2846866,0.80623937,0.18158442,0.03694261,0.03747948,2.9009643,0.86584437,0.11815127,0.43290475,0.7473209,0.27556303,0.27711493,0.41349503,1.6467165,1.4633107,0.79695135,1.7458577,0.61507654,0.1483824,0.43140948,0.099254765,0.9390781,0.57629454,1.1452287,0.0,1.059965,0.09006287,0.08239445,0.5775768,0.5771498,0.51339686,1.2610086,0.22417103,0.3440223,0.49868998,1.853981,1.4277145,0.80761516,0.18558116,0.18799143,0.91082674,0.59831554,0.68053484,0.18114276,1.757297,1.3572919,1.6265103,0.7889728,0.6079812,0.64717054,1.4819077,0.56899315,0.6902527,0.19085304,0.014696046,0.24759701,0.16687572,0.26916963,0.5302519,0.8192897,1.7838622,0.017026246,0.13313222,0.44090486,1.4139172,0.4977003,1.3358451,0.1184168,1.578621,0.010104269,0.020243566,0.024765901,0.13968536,0.007202717,0.3356629,0.16721897,0.10909907,0.0042379457,0.5257189,0.4147271,0.6406892,5.020834,1.9588251,0.37631652,0.398693,1.3456863,0.12711118,0.03865732,1.3214852,0.11993774,0.61352944,3.9045575,0.14371948,1.7899039,0.53437376,0.756206,0.00534546,0.74082637,2.1707904,0.01305285,1.3542175,0.35936862,0.6650174,0.5574578,0.10023153,0.27231205,1.3124243,0.72650707,0.2198692,0.18899778,0.6884108,0.8508981,1.5958476,0.06891559,0.2963384,1.5455521,1.6634789,1.3983266,1.343447,0.13270989,2.322651,0.54724675,0.34289733,0.78518724,0.07125768,1.3579224,0.6003508,0.13962542,0.37026915,0.6226846,0.22907393,1.3799874,0.0033064678,0.8508947,0.26617616,0.75631,4.1384025,0.669262,0.7984647,0.18053792,1.3103064,0.5555298,1.3643622,0.39454615,4.6723027,1.2282466,1.3421652,0.40185535,0.03732129,1.7521291,2.4334314,0.0033750767,0.16753116,0.02679228,0.00088973454,0.6330775,1.5383857,2.229139,0.9181486,0.08110378,0.82462114,0.13857506,3.6168106,0.5558015,0.0,0.25504255,0.0,1.4710045,1.3907492,0.09913169,0.2725922,0.51111746,0.047782183,0.59584135,2.3396137,0.27323738,0.4495651,0.17529604,0.57875645,0.14635028,0.06984196,1.0705346,0.6658536,0.95116603,0.017781163,0.9908152,0.16527615,0.092790075,0.22937615,1.739035,1.9852313,1.4518199,0.10492669,0.056067172,0.79871583,0.6202577,0.027249902,0.15342622,0.5643262,1.1155347,0.11207433,0.44585824,2.0881658,0.13731869,0.8510097,0.10172327,1.0426906,0.771698,0.08671484,0.1174656,0.34725204,0.14627333,0.46684182,0.0,3.0340283,0.29297116,4.4987564,1.3277203,2.3526196,0.03777522,0.61238366,3.0184102,1.6488647,0.20367725,0.050998423,0.52132183,0.043817554,0.06328301,0.85528934,0.22201973,0.557944,0.42242557,1.9205582,0.2143717,0.36061928,0.16740642,0.6883433,0.0,0.21515764,0.08331735,0.16693652,0.024089718,0.7766579,0.14894421,0.1196001,0.4630338,0.4172252,0.107706845,0.3719431,1.2599229,0.8372612,0.1351883,3.868334,0.47767913,1.8625585,0.9117424,2.2104392,1.9792914,0.8679806,1.6477386,0.633146,1.7283505,0.63921124,0.076000884,0.45999175,0.20656414,0.48507932,2.5560157,0.7625937,0.8429948,0.71442336,0.19238111,0.71693784,0.05748365,0.40022302,0.3458367,0.2825857,0.35797182,2.6564221,0.82987237,0.4000289,1.690482,1.0161169,0.4998663,1.6089222,0.85376483,1.503378,1.656871,1.0022314,0.5503704,0.16899224,0.680186,1.205496,0.20717916,0.6045175,0.34881285,0.732233,0.6450158,0.4344197,0.4618322,2.6824217,0.669012,0.5982441,1.076125,0.17503352,2.1058264,1.5315211,0.019687166,0.23775075,1.631803,2.1135538,0.046128135,0.20500553,2.68066,0.91987383,0.37745085,0.0017374039,0.09997473,1.1964468,0.0,0.572783,0.07045475,0.710874,2.0060942,0.16146071,0.009241074,0.00653857,0.42145988,0.025958532,0.71400017,0.049243245,0.0,1.1277375,5.7244,0.279014,0.27946156,1.5776314,0.2697766,0.30823553,1.0594777,0.1776444,0.7754573,0.33528078,0.33073884,all_pothole_images\pothole_images_2_image_250.jpg
2.1729872,2.7129414,1.2119203,1.1747613,0.6730264,0.76730096,0.09615383,0.38009325,2.0595696,1.5954857,0.6021529,0.82323503,0.21722081,0.3665271,0.6955117,0.22603187,1.239501,0.5309257,1.4731488,0.3154084,1.3985854,3.1184356,0.66525805,2.4812655,1.8989967,0.15226358,0.45646924,1.7987025,0.87243325,1.8661252,1.1457082,0.02706604,1.2511357,0.7516218,0.30434817,0.46644092,0.04843793,0.8900378,0.66732776,2.5568135,1.4947492,0.89586484,0.409026,0.34447595,0.6990598,1.0239272,1.4695617,0.5019125,0.7907669,1.2562824,0.8579848,0.005300582,2.0508242,0.10959932,1.4109443,0.2746304,1.221727,0.11729925,0.36541963,0.5297678,1.6824768,0.95864165,0.37007827,0.15419532,0.068831615,0.90796787,0.83620036,1.2729168,0.6457752,0.5926371,1.0392084,0.41190967,1.8980817,1.2421286,1.3590496,3.6288283,1.1685864,0.414886,0.41473243,0.036457587,0.03133938,0.48498046,1.5886822,1.2157912,1.023875,0.31108728,0.36744034,0.043376166,4.717133,1.197165,0.0,0.6735106,0.036983952,0.23751892,0.933122,1.4718344,1.5142703,3.1477456,0.387257,1.7515473,0.49901253,0.99084383,2.5195713,0.41251886,0.2767192,0.21945223,0.008956616,0.95654917,0.23501141,1.5427527,1.4297874,6.2999244,1.1015174,0.09062063,0.16224045,0.3362174,0.9514474,0.94587606,1.6597669,0.7550235,3.311476,1.2434868,0.23197785,3.5934398,0.38741443,0.867372,1.04847,0.20981076,0.57525134,0.9672431,0.17532653,0.0,0.09775831,1.7750423,0.13471694,1.2271736,0.22704467,0.3798231,1.2785519,1.2205322,0.33658832,1.4680898,0.64265996,0.1880567,1.585569,0.14472193,0.33502772,1.6468904,0.01961127,1.8563151,1.2969031,0.28374052,0.2705367,0.95925665,2.0824287,0.06620418,0.4535422,1.594038,0.024309717,0.70122945,0.31062168,0.9891564,0.042312846,0.059298754,0.0997505,0.058665566,0.12236021,0.14045715,1.0023482,0.8940175,0.5087756,0.009007879,1.1973974,0.3552355,1.2949883,0.8450793,1.6072714,0.022347093,1.9207268,0.09480403,2.0569391,0.38231993,1.1288538,3.549123,3.9522915,1.8844635,1.0512815,0.7092019,3.0299096,2.830577,0.0,0.8595417,0.2316191,2.572468,1.8389827,1.295346,0.07092171,1.4624839,2.0832667,2.2511222,0.5056087,2.7505503,0.4177179,0.80813193,0.56325847,0.6418574,0.37212846,0.07591257,0.40224245,0.43668664,1.2129257,1.4491974,3.042994,3.4505951,1.1716187,1.5771154,1.7642518,0.14326714,2.0257814,0.08265975,0.09468254,0.06364475,0.47737035,1.9697894,0.0,0.025200387,0.9342027,0.47119358,0.6203803,1.4624553,1.17826,0.93825746,1.1616176,0.8371075,0.3166562,0.21591008,0.15697522,0.4227256,0.38728768,0.0,0.44347364,1.7822222,0.1791749,0.1972645,0.007842874,0.008810321,1.9837795,0.34406364,0.89491385,1.5761865,0.83744633,0.42641628,0.7789749,1.0352081,0.110829,0.33213982,1.4881129,0.07895543,2.0982013,1.7664161,0.03560232,0.42602348,1.0864276,0.5280073,0.039728854,1.4000067,0.33604854,1.0357711,0.03367956,0.6858204,0.6471605,0.7348432,0.02410587,2.6864007,2.0578613,1.4465479,1.5469581,0.4281287,0.04071702,1.0783839,0.061490886,0.5084646,1.351465,1.2391722,1.4944735,0.2844197,2.1625164,0.77606606,0.33802468,0.09604995,0.8229865,1.3434399,0.3589471,0.1121152,0.020633006,0.3373196,0.15682364,0.14771858,0.5491886,0.8861901,0.16069819,1.8718415,0.44972688,1.4769313,1.7586193,1.0086087,0.65646344,1.8770351,2.4178817,0.29832998,0.070818216,1.1859316,4.7164574,0.6992872,0.0,0.42668658,0.43745834,1.4295207,0.2986094,0.006243698,0.7426931,0.52335185,0.6248672,0.25927657,0.97636515,1.0934862,0.9458439,0.18716007,0.6808779,0.62546515,3.379068,0.45485973,0.33702433,0.39514604,0.14179224,1.0306222,1.7526592,1.110409,0.45859694,1.7507102,1.3899965,1.5515825,2.7294638,0.11220562,1.423461,0.5142759,0.4959487,0.046876624,0.917734,1.4063923,0.7194405,1.6369681,0.20730111,0.9896034,1.0579131,1.2215004,0.119351245,0.21046089,1.264262,1.4031633,0.5228116,0.0,0.8294511,0.7105652,0.18934575,1.7731527,0.7469544,0.2789412,0.02612641,1.3425367,1.733359,0.9532703,0.7718257,0.56780785,2.20122,0.7082807,0.17739818,0.7277161,0.75283664,3.2990441,0.15970694,0.4406585,1.3249645,1.1877738,5.4979744,0.14825778,1.0993779,0.4571427,0.31673416,4.3794093,2.6513402,1.9790254,0.29727495,0.8802504,0.038959663,0.06457682,0.9738683,1.260656,0.82653534,0.06715222,1.0753222,0.53578943,0.7426199,0.3356161,0.0,0.25740698,0.6692899,0.002921637,0.4372589,0.0,0.22144504,0.49351704,1.3729174,1.7468436,0.26757374,1.3391578,5.3064075,0.02449771,2.6089408,3.22521,1.8049372,0.28541145,1.9356418,0.3969822,2.1818562,0.12219927,2.9979007,0.901528,1.2427838,2.1820753,0.03225372,1.2613351,1.0095382,0.43408474,0.2379925,5.486549,1.2689476,0.85559446,0.5567637,0.33977914,0.8542125,0.18721078,0.013475648,1.0146028,0.6352179,0.20670885,1.8095026,1.3952317,3.0120564,2.0518112,1.7330693,1.385371,1.2934511,1.6420568,0.68899083,2.3598683,0.16476569,1.6923227,0.021992391,2.5596976,2.4531326,0.6357423,0.5504483,0.64404327,2.2301197,2.816661,0.2811192,0.28029367,2.3911,1.7385676,1.6120384,0.044082798,0.115624234,0.25359014,1.6000911,0.91979295,0.015816247,0.2662813,1.3973521,0.25252935,3.3260305,2.0477962,0.69316363,0.27802557,0.0,0.19045864,2.5126178,0.37639213,0.8982733,0.13156816,0.8077155,3.3866038,0.14356767,0.20465668,0.30538052,0.056223784,1.9782791,0.82364523,1.136844,0.0,0.0,3.016067,2.3355248,0.11366034,2.1409688,1.019538,0.7012248,1.484099,0.9554381,1.6638663,1.3042775,1.0847484,all_pothole_images\pothole_images_2_image_251.jpg
0.79236615,1.6935694,1.0130047,2.4870887,1.2792203,0.16526489,0.17732036,0.0,0.71552867,0.35908434,0.22639136,0.6029137,0.045622878,0.9681225,0.46747825,1.4342654,0.1350576,9.525306e-05,0.0439641,0.032337807,0.13740085,1.4204367,1.0909241,1.1975023,0.40293103,0.46152028,0.029607179,1.9023795,0.11169432,1.0381842,1.9797267,0.041567307,0.98500836,0.52247286,0.7099533,0.16551884,0.94178694,0.27556756,0.31013694,0.7212141,0.06323932,0.60576135,0.57625055,0.7236535,0.87966526,0.038079612,0.25087762,0.45188898,0.21698095,0.11520043,0.4290407,0.8386294,0.23632704,0.1634785,0.004535541,0.49401525,1.1140156,0.08764203,0.08047185,0.14052607,0.0,0.2967884,0.37034816,0.45366862,0.54648715,0.29391676,0.43702945,0.04679046,0.10365046,0.011295324,0.20008507,0.016573949,0.36599928,0.2628657,0.0064327265,1.7605304,0.34107172,0.37610707,0.0017985951,0.6733467,0.62471956,0.41952863,0.09229197,1.5449358,0.2904809,0.80415636,0.089802876,0.19641006,3.932929,0.5391221,0.12008548,6.004727e-05,0.046853993,0.07831069,0.3084145,0.14212629,0.23916115,0.8929403,0.060555205,0.44459978,0.4436208,0.908247,0.674278,0.78276277,1.3205315,0.0,0.09643424,0.12388348,0.35047993,1.713881,0.027888838,2.4739127,0.7120172,0.7380578,0.61468405,0.9937574,1.9034249,0.05083269,1.2161763,0.72914875,1.1443377,0.52446413,0.1950016,0.5058319,0.81428427,1.1061536,0.68851095,0.55397284,0.42442885,0.40058073,0.24249879,0.045875907,0.15862769,0.0,0.24805091,0.2734677,0.08967903,0.28071734,0.017688707,0.0011974892,0.14288522,0.74217504,0.15891594,1.5702221,0.39927956,0.7870997,0.25607654,1.2767379,0.21938092,0.5284337,1.2143306,0.4197441,0.5987155,0.45743626,0.8992386,0.57972217,0.34904036,0.08577402,0.89767313,0.5309145,1.0689764,0.47314012,0.06727339,0.45554453,0.3928414,0.5758039,1.2924843,0.004064201,1.294332,0.632327,0.0,0.4694504,0.2660218,0.066307776,0.7879683,0.42616984,1.0012851,0.0,0.00923368,0.097527355,0.027693344,1.50383,0.4690856,1.2847352,1.0048585,0.14867522,0.23855531,0.21155913,0.68192476,0.61958325,0.5240004,0.43018508,0.34694296,1.8110673,0.8834686,0.16279553,0.17996368,1.913937,0.6223618,0.4182333,0.85276157,0.21669756,0.0015704388,0.07508498,0.10843089,0.21593577,0.784743,0.050515354,1.8491292,0.051453657,0.39410883,0.37034747,0.55736756,1.274019,0.7477288,1.7609087,0.33204547,0.0,1.7922292,0.0531048,2.3488283,0.0,0.14766674,1.4910444,0.4444105,0.27091083,1.3406104,1.0407761,0.88032824,0.3746838,0.2226147,0.450647,0.37611693,0.0750369,0.43697184,0.10083656,1.8670915,0.0,0.8727476,0.18878633,0.5334012,0.017940035,0.5203848,0.49827325,0.116089605,0.038721215,0.5189384,0.061429907,0.6685594,3.303092,0.52122945,0.19054985,0.16898252,0.029850114,0.45921522,0.0,1.3467056,0.042726975,0.6324796,2.9219594,0.5030841,0.529642,0.89153725,0.008333112,0.5162733,2.0942814,0.33045647,0.16289473,3.8135667,0.14267193,0.74814457,0.0,0.12536171,0.47343194,0.14075102,1.6689733,0.0014952141,0.6561379,0.8772976,0.61821735,0.14732033,0.26319772,0.772919,0.74263966,0.3246756,0.6331648,0.39949217,0.9519063,0.45250958,0.028138194,0.13584669,0.7617239,0.34290788,1.2312607,0.12712315,0.35955587,1.14244,0.3463016,0.055773538,0.67029136,0.13241783,0.27740228,0.06909963,1.5753787,3.7235985,0.23296702,0.2471577,0.59011567,0.46265316,0.18567388,0.4156639,1.1816721,5.886816,1.5505806,0.15686932,1.6819615,0.012578702,1.1623865,0.8677061,0.20969458,0.9103447,0.5182427,0.27973774,0.48464164,0.27828863,0.108310685,0.99147034,0.77852386,1.0052024,0.42012638,4.5283484,0.09720291,0.0,0.10156495,0.07729449,0.17671561,1.4820409,0.41167352,0.6898675,0.057139747,0.6312817,0.8190694,2.2447379,0.08896432,0.4423757,0.1196408,0.28032053,0.048225068,0.29364565,0.21308604,0.039496213,1.0080973,0.43565565,0.30252594,0.15408766,0.029499944,0.3364526,0.0342527,0.27318776,1.1100245,0.21453352,0.2995596,1.1748345,0.34984615,0.076109156,0.65558934,0.6405162,0.053762775,0.48477647,0.5088287,0.23863186,0.5287359,0.11421599,0.058685105,0.80229366,0.2409253,0.5007114,1.149283,0.08842363,0.25942224,0.34971222,0.08035593,1.5535586,1.3300691,2.7461185,0.9225373,2.0332365,0.07694597,0.04163506,1.6747707,0.5114089,2.101142,0.086829275,0.034374338,0.002504994,0.7944813,1.0513076,0.28138924,0.004214487,0.0006437891,0.9378014,0.7192051,1.0267358,1.421141,1.0558289,0.50261635,0.44505882,0.15814921,0.08667391,0.10217696,0.6752584,0.21879223,0.7701488,0.29865083,0.039828945,0.23352534,0.44962528,0.5297695,0.67136157,0.12050524,1.2821851,0.13686186,0.932321,1.9397334,0.7329893,0.4364586,0.90935475,0.6601547,0.4493553,0.8334796,0.49331874,0.36858577,0.35443243,0.35783416,0.10742133,3.8377984,0.6334386,0.22114325,0.3344151,1.0029192,0.9003087,0.21034504,0.13899481,0.15555216,0.112523064,0.0049502333,2.4652903,1.3798869,0.19888654,0.42838964,3.009887,0.30927452,1.8630596,0.5783826,0.50199586,0.56405497,2.8727484,0.587715,0.12408893,1.2553871,0.7628016,0.108164355,0.3239731,0.01826212,0.72984964,0.5085349,0.091927335,0.0687352,0.43061617,1.584507,1.2845994,0.010742001,0.060736403,0.6711266,0.29115304,0.10970606,0.3424717,1.1527957,0.27246657,1.0136923,0.84473825,2.078167,1.9170232,0.8919048,0.024792865,0.7423851,1.3751904,0.649651,0.8420471,0.29368395,0.24791858,2.481669,0.07838048,0.0,0.0075016823,0.035856165,0.27848893,0.16892935,0.0044589615,0.18303156,0.004684786,5.3545227,0.5667035,0.6818114,0.32522365,0.84714895,0.047734704,0.54724854,0.48983857,1.2322729,0.11555152,0.28573442,all_pothole_images\pothole_images_2_image_252.jpg
0.10773544,1.6261739,1.1266629,0.84697497,0.8904727,0.087528355,0.7681816,1.0902643,0.7066185,1.5771747,0.9586951,0.4033859,0.28893447,3.1142662,0.19346754,1.4205312,0.71919996,0.16825716,1.3683671,0.25332716,0.37171173,0.51635104,0.7202271,1.6991562,0.86092514,0.65000266,0.47638163,0.444045,0.0,0.8087139,1.0259916,0.57376826,1.2063848,0.03720591,1.4397082,1.2370222,1.0065504,0.6036031,0.057961565,1.2948793,0.2588782,0.6807483,0.46988308,0.5054486,0.077803954,0.23308684,0.0,0.09794917,0.6908954,0.32279944,1.8400401,1.0092344,1.1830413,1.0355729,1.9487145,1.8844922,2.7782362,0.27534652,0.6312717,0.29496604,0.3308624,0.5232243,0.5069201,1.0897181,1.375177,1.8617716,0.42425582,0.04704774,0.24090016,0.45417747,0.13043253,0.7207251,0.10604414,0.3020809,0.7038811,2.4141626,0.4092756,0.91376644,0.34252632,1.0869201,0.55874145,0.53487605,0.37079966,1.3114568,0.36928323,0.9030697,1.3897457,1.3430437,2.130549,0.13013579,0.10482772,0.49052608,0.42500016,1.0937119,0.047094073,0.35589924,1.3008075,3.1481845,0.7500398,0.8082436,0.25083235,2.2494922,0.6346513,0.5165006,1.6151848,1.6249006,0.41395167,0.69405615,0.2414231,0.21037425,0.6035479,2.83663,0.41140786,1.1627413,0.20022757,0.95415497,1.8757203,0.31287095,2.8737662,2.1133873,0.45480806,1.8201002,0.36550224,1.0579269,1.7012459,0.0673406,1.831394,0.42125276,0.44093895,0.9482667,1.4638454,0.33860502,0.11053635,0.6651058,1.4713761,0.67020196,0.81828177,0.09044239,0.46750644,0.45518002,0.16256215,0.27158865,1.0347782,1.6026821,0.0058116047,0.26350632,1.0160329,0.46389377,0.5329514,0.8404676,0.763421,0.5992175,0.18473022,0.24703299,3.5766687,0.53492683,1.3402523,0.84168243,0.014871965,0.7438431,2.0009422,0.00014829122,0.15847501,2.3517094,0.18684101,0.7422471,0.48033094,0.9632381,0.9996918,1.0168447,0.7056555,0.17300749,0.08675041,0.092095986,1.156765,0.21870258,0.1768219,0.40898228,0.28539702,0.08365477,0.0873093,3.5625634,2.110196,2.083177,0.48812318,0.012556065,0.29743984,2.1064663,1.423645,0.59224045,1.4690399,0.10993192,0.44275868,1.7600014,0.1252629,0.24836263,1.6343879,1.0195991,0.5567923,1.1654013,0.13297549,0.91625756,0.216318,0.6542608,0.70495355,0.16694596,0.45625895,0.92744267,1.34472,0.60455817,0.045519147,0.20832832,0.6447021,3.3784359,0.71581066,1.8046769,1.0732627,0.12391211,0.8348261,0.55911434,1.1617113,0.41304937,1.2478263,3.1656504,1.1263397,0.5111402,2.93167,0.5417721,0.047682814,0.69180423,0.050262116,1.0378011,0.20946237,0.32187682,0.16424128,1.1221645,0.28704375,0.5468716,0.0036817763,0.1480221,0.578849,1.0600526,0.6147711,0.58185786,0.55628127,0.9406083,1.0370699,0.29552096,0.15843207,1.842528,5.110387,1.0524681,0.41482943,0.49666956,0.5199308,1.1952654,0.20928946,0.59563047,0.9213555,1.4793309,2.1497285,0.3389491,0.9168111,0.090236485,0.6100216,1.4730418,0.31113222,0.8749364,0.5685738,0.05948956,0.42399892,0.41235355,0.05975086,0.18525009,0.49879664,0.57803625,2.0524602,1.225564,1.1606581,0.07944729,0.038082156,0.8671016,0.7287614,0.3107072,1.5643344,0.58096987,0.65403277,1.3176781,0.95337206,0.002910311,0.45337996,0.76813054,0.17488982,2.2755737,1.0478201,0.9364034,1.628332,0.1726358,1.1352454,0.8961222,0.2664281,0.04321834,0.22440596,0.5212527,0.71753013,0.5668742,0.38221398,0.179872,0.47220638,0.34408373,1.5021958,0.25868237,3.7826295,1.9541663,0.1055451,1.9839607,0.16826645,0.9558347,1.512757,0.19100973,1.9090918,0.45584583,0.3529401,0.6423978,1.3435777,0.42929503,0.13528311,0.39752564,0.505377,0.8393337,0.012052492,0.82776463,0.006947796,0.06793768,2.5411332,1.4355565,1.5651191,0.985099,0.0990516,1.079126,1.471841,0.68973273,1.0818529,0.37757573,0.50959015,0.46837682,0.043169647,0.001014138,0.97256356,0.9874224,0.75319403,0.37630603,3.4272099,0.62352026,0.06698574,0.46365106,0.31424072,1.9471573,1.0629349,0.471539,1.3175814,0.090558015,1.4616348,1.1322308,0.29198375,1.067042,1.1383748,0.7950647,0.44611335,0.9229122,1.8182918,0.53875196,0.23646052,0.13936006,1.8907944,0.14117676,0.27549717,0.43427634,0.06567591,2.015795,0.8615687,0.056674246,0.40749085,0.47066537,1.1767497,1.2452077,2.7867656,3.111198,2.1639156,0.94854313,1.1966909,0.6594681,1.4163327,0.6716841,0.08074341,0.6742038,0.3385454,1.7759137,0.8062982,0.37585652,1.7297462,0.5064652,0.27542642,2.2268448,0.23087111,0.74943495,0.7467003,0.65951025,0.5219336,0.52170587,0.031605687,0.048854962,2.460789,0.616696,0.0,0.45494646,0.8068353,0.80359787,0.0,0.046319254,0.062504604,0.5995444,1.3846178,1.0327394,2.142871,0.60359126,0.6418036,1.6991975,1.4941331,0.76784223,1.0103315,0.5495555,0.3913277,0.7325321,0.83879155,4.071108,0.507411,0.43542284,0.6779343,0.18000008,1.0858016,0.095504194,0.15876232,0.34537712,1.3695513,0.58550406,2.106014,2.417583,1.9538658,0.979655,1.2237829,0.8617987,1.4056053,0.30811375,0.50808465,1.7512239,1.0737425,1.0090455,1.5588609,1.6237534,0.33778614,0.15584806,0.4991954,0.65740365,0.24447413,1.385244,1.0051968,0.8505164,0.024427649,0.16920696,0.6138652,0.1212215,1.2489539,0.89846444,0.5808644,0.11650993,0.18780148,1.312395,0.54022884,0.29478866,5.8455796,1.3132324,1.6630769,0.38785958,0.42675224,1.609838,2.4311054,0.8100328,2.3469954,0.32876274,0.91898906,2.1354063,0.45701942,0.17478764,0.04701301,0.0,0.8584069,0.128148,0.54268044,0.89057094,0.08975659,4.5809298,0.7066325,1.1370591,0.08261335,0.13408664,0.026036114,1.8966588,1.2783626,1.3631386,1.4110245,0.011742415,all_pothole_images\pothole_images_2_image_253.jpg
0.37212193,1.23106,0.9270681,2.3036203,0.21285427,1.0316281,0.12605108,1.1263222,0.68489206,0.77593803,0.40786582,0.94336265,0.7407326,1.2418647,0.13967825,0.32357496,0.5880407,0.06981618,1.2724912,0.056127395,1.4402603,1.4707956,0.8294641,1.8477054,0.3805082,0.039146286,0.03576255,0.2292483,0.12127744,1.0889516,0.0061814096,0.124913886,0.97061574,0.19632615,0.7673997,0.78091973,1.3516037,0.07207,0.9047479,0.94661397,0.8912908,1.9686925,1.1071726,0.4116576,0.33170268,0.43830714,0.13672926,0.05499827,0.12410244,0.4503465,4.0645432,0.36045432,0.7396321,0.80701894,1.3947939,3.3513582,0.42795816,0.0640337,2.3302855,0.894611,3.0026712,0.9030781,0.0589977,0.3993241,0.64632225,0.06255094,1.3023201,0.0011689663,1.5636678,1.4054444,0.63677734,0.13007137,0.2743116,1.0646964,0.3173755,1.5613658,0.36804104,0.62673235,0.10038119,0.1277714,0.23567946,0.5965528,0.1899277,0.6400452,1.7109708,1.3138859,0.4688537,0.21102238,2.4938471,0.61034703,0.056090456,1.567203,0.110642284,0.85970336,0.24922405,0.15358575,1.7521075,1.7304407,0.4531116,1.6589872,0.068552315,1.3766866,1.2497553,2.0695333,2.0532165,0.076567136,0.026033444,0.8669702,0.10107353,0.54367685,0.9004591,1.5335337,0.9946348,0.44710952,0.26984838,0.4471624,2.5581958,0.75122255,1.8208634,0.9320464,0.8061865,0.28795782,0.43332484,1.7331371,1.3332028,2.1373413,1.6802871,2.1747847,2.1797316,0.54682434,0.108123384,1.2118179,0.18499064,3.7481098,0.15669283,1.3404399,0.03924376,0.31778997,0.18381494,1.211457,1.3774543,0.06270339,1.4071386,0.7874592,0.02504066,0.4062981,0.89976436,2.2532113,0.8707091,2.7541952,0.63732725,0.7358382,0.061588705,0.98446935,0.37652424,0.06579022,1.2445371,0.5388179,0.11617852,1.4789947,0.15632918,1.397256,0.5774644,0.08896367,2.0222843,1.3256345,0.7859427,0.6609592,2.1612546,1.0631894,0.20513842,0.07921055,0.1455647,0.8382876,0.38370275,0.43151194,0.8433271,0.100519255,1.8756546,0.34941164,0.5832574,0.85711163,0.422281,0.8895678,2.953349,0.010380909,0.3605367,3.6655684,0.8008326,0.41498658,0.035091694,1.2191187,1.7017392,1.203033,0.21322685,0.104123816,1.8622999,0.4634474,2.3006022,1.3685548,0.11673365,2.0595012,1.3293062,0.08958861,1.8602995,0.7536263,0.16214363,0.74290085,1.3382198,0.5236744,0.14996877,0.47309804,0.23359826,3.3636043,2.5094497,1.4021355,0.29490113,1.4472673,0.17718557,0.3511032,0.19788088,0.38238144,0.71153057,0.56349444,0.41797504,0.87005895,0.74005497,0.15306912,0.918142,0.19140193,0.12885861,1.7468978,0.45325166,0.46750945,0.19019708,0.107280284,0.5717131,0.6613826,0.16010544,0.11391201,0.6394771,0.21250919,0.2949607,1.4613959,0.74817085,0.4732996,0.22186287,0.6218812,1.7217113,2.2514613,1.1426281,0.27996793,0.5138283,0.22925796,0.11004203,1.8549986,0.71064806,0.32442886,1.3902357,2.1753771,0.2368215,0.6941458,0.7563,0.66355795,0.52326006,0.65666866,0.20746487,0.18520339,2.1368823,0.19495423,1.6977178,0.8195648,0.06518973,1.0359849,0.1752133,0.6847818,0.8550667,2.0940661,0.25322443,0.5958448,0.49112493,2.1729646,0.29607302,0.8584138,2.3480499,0.69669694,1.2745461,0.5754031,1.0987096,0.29006514,0.3567739,0.98617333,0.4339405,1.5003891,0.13028423,0.1956981,1.343977,0.86595136,0.8661273,0.234111,0.19695386,0.7436489,1.3159169,0.24903579,0.6807071,2.7422037,0.4245943,0.34061995,0.31246877,1.0771896,2.2909882,0.5808649,3.717031,0.53207725,0.92390907,2.799132,0.038468245,0.9594397,1.2415397,0.008686045,2.3675318,2.142723,0.11703857,0.21189371,0.86481845,1.2464088,0.06592407,0.029145142,0.46836495,0.7427041,1.6929215,0.004461166,0.26240823,0.34196326,0.5103119,0.3896277,1.0572066,1.6210444,0.0,0.81058186,0.37115076,0.87718326,0.7708107,0.29159823,0.49587128,0.4772605,1.4141133,0.2876055,0.36470312,1.1193005,1.91064,1.1281434,1.9597806,0.53027445,2.493633,0.2222451,1.6255229,1.0963954,0.24811962,0.8958362,1.020582,0.20718123,3.04981,1.0112289,0.29844198,0.8178907,1.2558715,0.9359322,1.3429408,0.9629878,0.8779181,1.1549374,0.24774107,0.8836833,2.250771,0.33338496,0.76004183,2.6808372,0.31177288,0.9366565,0.38632104,1.1004704,1.9400141,0.5787051,2.3697746,0.6236053,0.76872647,0.46898714,1.9054993,1.8457608,0.308363,0.25536957,0.1393613,0.8703937,0.69840026,1.5768831,0.13885872,2.274688,2.1694634,0.19341592,1.555416,0.61212134,0.0138701275,0.07878031,0.26444215,1.034838,0.13774379,0.04945617,0.91878927,0.01978694,0.5563686,0.32502472,0.22533967,0.2096407,0.016845675,2.234231,1.5799159,0.32181868,1.2091972,1.2601084,0.113031454,1.1728686,2.5530455,0.90893996,1.4077531,0.09447743,1.0760007,3.502509,3.9431157,0.11073165,0.37634876,1.6320276,1.3547767,1.5252858,0.6653476,1.5376561,0.41519997,0.4034127,0.38876355,0.30295888,0.40423763,1.1329783,0.020186307,0.4591714,0.3554721,0.16452263,1.9963626,0.34063777,0.806736,1.5371145,0.9284465,0.26388872,1.2625765,1.5572323,0.907208,0.34802482,1.1533179,0.19972986,0.7234595,1.6899829,0.6569019,1.8997102,1.3380799,0.032421626,0.16939248,1.2939148,0.58501565,1.3205278,2.9864364,1.6387239,2.7571168,0.8323943,0.035033256,0.38135394,1.7947288,0.12679933,0.8757024,0.50682724,0.9920945,0.24866672,1.622676,1.7717888,2.5063374,0.4210485,0.19740626,0.15973398,4.529814,0.04209583,0.68366814,1.252649,0.987534,3.6685648,0.0036179374,1.0979255,0.9264031,0.6735777,1.2126278,1.0048484,0.59013885,0.56949383,0.33351204,3.2245984,1.5166423,1.5823117,1.4590087,0.091174506,1.2205001,1.5361997,0.94358623,0.9596162,0.8848994,0.21530126,all_pothole_images\pothole_images_2_image_254.jpg
0.68127745,2.7069957,1.593836,1.030154,1.394458,0.50186926,0.52105564,0.20336737,0.6487543,0.9510756,0.31648377,0.5106238,1.1551071,0.88285995,0.24237375,0.8110232,1.0185665,0.17420396,0.5417886,1.1075108,0.0066728066,1.7904688,1.5449866,2.8568413,0.1933686,1.1936337,0.13392736,1.6426932,0.23291461,0.6712807,1.7910304,0.64305204,1.1888974,1.4695047,2.259634,0.9123056,0.60474837,0.9905585,1.2091986,0.33368048,0.4272604,0.51472837,0.47186083,0.6182553,2.242897,0.26082337,0.5079455,0.22365533,1.2328618,0.8680864,1.8884752,1.7175232,0.6078168,0.9241749,0.52645385,0.21514665,1.3884327,0.0719784,1.8071004,0.42005202,0.54261506,0.11708168,1.8717321,0.16902865,1.0105566,1.4875017,1.8245168,0.17933223,1.436705,0.953297,1.132313,2.298304,0.12952222,0.13903818,0.9358684,1.1094751,0.6860022,0.3993224,0.041408014,1.4454463,0.46121833,0.9123169,0.87861896,1.0451827,1.7764958,0.21245034,0.13274564,0.5168089,2.0280213,1.01496,0.16839533,1.5765387,1.0035621,1.342114,0.4020748,0.6006946,0.88431674,2.240103,1.0622172,1.2472994,0.4472494,0.6564401,1.2946398,0.62050414,0.84295255,1.6195959,1.0724397,0.6327311,0.3276696,0.840302,1.3474342,2.3159544,0.39306608,1.55975,0.84963715,1.0537595,0.17322984,0.9790126,1.1855738,1.3791405,1.4924291,1.2686177,0.9293859,0.21222848,2.0074284,0.3734275,0.96359026,0.8735577,0.3825182,0.889247,2.5242949,0.17208208,0.13550377,1.3162549,0.15142263,0.7359315,0.28338727,0.08774727,1.798882,0.49287516,1.1748205,0.8643663,0.28669152,1.8058304,0.47245193,0.3545597,0.28880814,0.1551618,1.3260106,2.0394368,0.6078445,0.9318958,0.40013942,0.496896,0.9724017,0.21931574,1.5163511,1.3891648,0.4916792,1.0142921,1.0572444,0.79339707,1.0567228,3.5704908,1.3578035,0.51761067,0.82476246,0.60981864,1.2011917,0.38690075,0.2849897,0.072137356,0.19427137,0.15914352,0.71634275,0.6340633,0.99852204,1.0888484,0.029526044,0.81035596,0.9409228,1.5969764,0.77434224,2.841615,1.3769312,1.191376,2.3717055,0.54306805,1.0235435,0.71376956,0.5777429,1.5156051,0.8487204,2.5170188,0.9396881,0.9272386,1.4129556,0.8004701,0.78582853,2.2073975,0.8124331,0.7864667,0.25978947,0.34560093,0.7964124,0.7766032,1.0242873,0.05017047,0.28488943,1.0507838,0.33070302,0.441965,1.7603563,0.43443158,1.1546645,0.1611194,1.3697495,0.07353408,0.31628686,0.485256,0.7672949,0.06991523,0.6567627,0.8541319,0.6083352,0.4661072,0.80166715,0.46347415,0.7578238,0.54058015,0.46413243,0.71533656,1.5125421,0.15257354,1.6547018,0.26825038,0.43553594,0.029608464,0.6668194,0.53832775,0.7931155,0.60996157,0.23060203,0.45460275,0.17245999,0.030298678,1.5238502,0.96661377,0.4134089,1.0637664,1.3894439,0.1405761,0.36729896,0.046591185,0.36421412,0.051218364,0.93825006,0.5995229,0.52970594,0.61114085,0.44643927,1.2452329,1.1684726,0.8255271,0.023169512,0.49628183,0.3576199,1.1149255,0.992519,0.30045804,0.2748943,0.022638543,0.122974254,0.62973964,0.9696656,1.699287,1.293239,0.7319992,1.2811688,0.9811258,0.08012953,1.1605623,0.8717136,0.76957476,2.4255843,0.9477732,0.3034086,1.1317811,1.7038361,0.4592559,0.32401034,0.064308606,0.0,1.6498251,0.8452718,0.7005961,1.9576454,0.48906276,0.7263436,0.7195936,0.3460878,0.093472466,0.6195138,1.1588011,1.7637103,0.28875807,0.42905673,1.2110798,0.53982246,0.5765037,0.10858162,0.68115145,3.8941498,1.0773615,1.4542172,0.18132968,0.39791197,0.44291398,1.0509969,0.60207516,1.4016293,0.23684715,0.54624003,1.030715,1.3795418,0.6581723,0.90571725,1.4918765,0.45015463,0.7868427,2.7862105,0.6393427,0.15249942,0.049169168,0.97189295,0.9362573,0.3900279,0.07265884,0.91169214,0.33647245,1.6166276,0.95054346,0.9014809,0.35283294,0.3137909,0.745812,0.63616496,0.2455844,0.5863094,0.7441269,0.106703416,0.55420417,0.24815173,0.90953904,1.2607869,0.5855773,1.7438159,0.79378694,0.5007681,0.5444538,0.95892465,1.1276261,1.1516482,0.29678553,0.5169741,0.7149306,1.3693284,1.4080474,0.24634527,2.309897,1.0011675,0.62651145,1.1288865,0.7691555,0.7950637,2.3910208,0.43640602,0.4162144,0.46568912,1.4980772,0.7359989,1.7702608,0.32162428,0.9102282,2.4489079,0.46054956,3.0361693,1.9379908,0.50737935,2.797619,2.555175,0.5239531,0.36868477,1.0343459,0.38652638,1.4196177,0.87633264,1.3819189,0.93237495,0.35528633,2.8029408,1.348521,0.19387248,0.11772163,0.3237116,0.6334606,1.8752006,0.20180237,0.051668923,0.6070405,0.1144366,0.33102804,1.2872586,0.5599498,0.431608,0.3674546,1.1613656,0.2794345,0.26138812,0.2323584,0.2441563,0.7770503,1.1790115,1.6079108,0.42787784,0.60023683,0.7978962,1.5959444,0.5983511,0.81656396,0.9032306,2.2795923,0.54700166,0.7313386,0.39759573,1.5064937,1.246994,1.0185633,0.6063289,0.88144314,0.32095182,0.37921232,0.8909335,0.26199037,0.115740836,0.8301647,0.69947684,0.25621328,2.2025502,0.5519589,1.3176836,1.1236151,1.6123476,0.773863,1.1228409,1.2228988,0.15391143,1.1290013,0.17593256,0.1268793,1.5232086,0.5342838,0.898835,1.4556389,0.3859013,1.108322,0.2056509,0.42312014,0.95768774,0.89780635,0.9015476,0.6139124,0.40723687,0.44219863,0.33176807,0.08810429,0.63565236,0.20365728,1.531575,0.09414363,0.7118974,1.3691401,0.62330776,0.3600449,0.17633103,1.0161669,1.4124147,0.62818855,0.1674021,0.06955541,1.2183515,1.445491,0.7939469,0.02303228,0.3410354,0.16041543,1.3302904,1.8575541,0.19625176,0.67143,0.54379654,1.2595043,0.63730186,0.61578816,0.57110435,0.4969218,0.2722043,1.2566843,0.5140167,0.5005001,0.20977694,0.37847963,all_pothole_images\pothole_images_2_image_255.jpg
0.61319387,1.9700986,0.26531187,1.0581115,0.8241036,0.26983482,0.6640939,2.3278413,0.39593205,0.44267356,0.9027386,0.6257515,0.30063242,2.9039102,0.17862277,0.78272706,0.71158195,0.54906696,1.0756828,0.12924267,0.714017,1.461571,0.009771991,0.2957397,0.50881076,0.15008843,0.41124055,0.3864111,0.22334163,0.47076836,1.3604304,0.40541536,2.0759118,0.0,1.4317816,1.219582,1.3522404,0.30752715,1.6620127,1.9759072,0.28916836,0.25838634,0.35487357,2.5150025,1.0246146,0.845187,0.78585964,0.015163546,0.5203953,0.3666185,1.5151871,0.0,0.9089567,0.36977392,1.0842277,2.6876755,2.7641284,0.0,0.54890394,2.96836,0.8567923,0.2969125,1.5026344,0.37601426,0.27348784,1.184068,1.0438217,0.22183402,1.3291411,1.0564911,0.1749178,2.8662314,0.46819553,0.32743117,0.8974276,0.7695568,0.5261537,0.51248205,0.012342574,0.029278135,0.48431048,1.66921,0.15115052,0.8315178,0.16721815,0.03343187,0.33752695,0.47517994,2.0572178,0.09406494,0.01494988,1.1666857,0.22784306,0.6371273,1.4416856,0.43951446,0.75810903,0.0867166,0.67984617,0.69856757,0.13052711,2.3680742,1.3569392,0.7870159,2.0064926,2.4889011,0.13866203,0.88119894,0.6761999,0.28165936,1.8495883,1.4171354,1.2675073,0.34754848,0.14437608,1.2792288,1.4245377,1.1033963,3.052808,2.004064,0.4186234,0.6460345,0.07253468,0.8114213,0.8213758,0.048359852,0.5678719,0.35254273,1.5630072,0.03219219,1.5339092,0.6727709,0.32658774,0.5738143,0.6219429,1.3280932,0.09614694,1.0403885,0.8366029,0.8605746,0.9656269,0.9193716,1.0617212,0.70146644,0.6086454,2.2354655,1.8167218,0.6296389,0.77594835,1.3011659,0.0035069715,0.7135086,0.042041957,0.33367747,0.76429856,0.3102697,1.2196982,0.10894636,1.0727699,0.48301026,0.26327917,0.36034265,0.2636582,3.1589828,0.10207039,0.5417429,1.3454247,1.3257673,0.88826853,0.4686617,0.47233996,0.023829443,0.2240158,1.3781953,0.3644168,0.09291409,0.42058405,0.2874224,0.33899796,0.21992087,0.014673929,2.2190728,2.4336221,0.60649395,0.5610922,1.660935,0.13239476,2.092324,0.61819154,0.11905448,0.72599155,0.60893047,1.6897649,2.7674005,0.27479088,0.23294179,0.08810212,0.016327523,0.90833163,0.9603097,0.5078168,0.64624393,0.14680833,1.5148524,0.48079777,0.22932437,0.9488309,0.27307844,0.21559665,1.4365957,0.04861773,0.5626879,0.61938244,2.1932375,1.9122436,0.9801716,0.3539105,0.78903073,1.5942516,0.4194939,0.5617227,1.303377,0.2829234,0.49308795,0.39549094,1.9783506,0.825738,0.3320637,0.12772709,1.8551128,1.3368014,1.0696793,0.21604986,0.09227585,0.05472962,0.28519225,0.76144594,0.53247136,0.0060125855,0.12315189,0.49210146,0.3835059,0.59337234,0.43683577,0.2504947,0.834693,0.81852084,0.26823857,0.49750602,1.1303514,2.4813044,0.11234786,0.65226555,0.03772686,0.01077674,1.1065568,2.0622663,0.95813096,0.4920647,1.5041666,0.89038354,0.12501363,2.3932028,1.3072299,1.5846515,0.7392052,0.13117555,2.3494465,1.0281763,0.07844843,0.29897955,1.7881502,0.3547618,0.049754284,0.075386204,0.07900127,1.3014256,1.1907481,0.19019356,0.633207,0.32165977,0.0,0.16337718,0.73631567,1.6213405,0.7280999,0.17855647,0.80680794,2.6821003,0.0,1.6970283,0.19688684,0.788137,1.6322083,0.09095955,0.054770347,0.4623585,0.3029567,0.605971,0.8150656,1.2234577,0.23913029,0.50623226,0.42717922,2.5594146,0.27821317,0.2859502,0.14810443,0.08336227,0.9654593,0.48506486,1.0388374,0.12645583,0.44454053,1.018599,1.3963671,0.05487229,0.7746258,0.37898597,1.173126,0.01688526,0.32963982,0.06640953,0.85072637,2.5149598,1.1606903,0.112471424,0.32086563,0.8474607,0.41788006,0.4258421,1.1625533,0.3957159,0.020401401,1.1634072,0.91661566,1.8355286,0.1787795,0.44377682,0.28417057,0.5375216,2.046439,0.92445654,1.5082123,1.5776821,0.2550574,0.07013729,0.6597313,0.590926,1.7219465,1.7962848,0.19312096,1.7438611,0.78348327,0.10119436,0.26896954,0.09433642,0.97069216,1.1831632,0.0091970125,0.26481858,0.0,1.1954566,0.54002976,0.5272729,0.094728306,0.27240086,0.4354933,1.1544182,0.49828523,0.9190155,0.83582723,0.45421016,1.1320244,0.62307996,0.19299218,0.27936265,0.44454005,1.4308445,0.67551255,0.150905,0.6874222,1.3580091,1.0746329,0.77631074,0.8990757,1.9635626,1.7371898,1.1096036,0.5257685,0.23686656,0.08132892,0.021569375,0.3213823,0.74100876,0.43943754,1.615642,0.39488727,1.1618154,0.039379742,0.21885672,1.1098541,0.19793122,0.63018036,0.6792648,0.14865792,0.24848703,0.84539986,0.10598726,1.203421,1.7357424,0.8833964,0.027361803,1.626682,0.6026066,2.4303834,1.1058675,1.0438318,1.1152722,0.085709356,1.9750799,1.3352503,1.9686925,1.5254797,2.8076375,1.8599238,0.4629977,1.9257224,2.4976237,0.012720777,0.06401425,0.15863796,0.4492319,0.15967667,0.31771734,2.5759625,0.5998968,0.009964771,0.34647065,1.3641552,0.577242,1.3119453,0.2443243,0.23902997,0.27581447,1.6343782,1.5038028,0.79432184,0.12068803,0.8450868,0.6751146,0.33761397,1.409923,1.9760474,0.16660422,1.322606,1.1526514,1.4998268,1.1538196,1.0301663,1.1151735,1.500402,0.74727756,1.1730256,0.8310149,0.751476,0.3361379,0.720841,0.4694877,1.8970989,0.5292585,0.9894993,0.99607533,0.016491536,0.89373296,0.2900448,0.937867,1.12641,0.99743384,0.21701147,1.2518535,0.8235746,0.23360884,1.1962761,0.4299141,0.42862448,0.93233895,0.45967957,0.91148263,0.60422724,1.0169965,0.40007582,0.02966917,0.23880543,0.43715852,0.6464999,0.55543953,1.5703788,0.44745412,0.33666113,0.45447847,1.7785289,0.10582965,1.0188624,0.7884148,0.8363963,0.30699742,0.23487803,2.963205,1.9465632,0.5714813,1.1534792,all_pothole_images\pothole_images_2_image_256.jpg
1.1777883,3.2954898,1.1756742,0.9068994,0.4870644,1.003105,0.17075385,0.36145145,0.7829761,0.34374735,0.45444533,0.28862044,0.24630173,0.35334155,0.031373125,0.5434032,0.24987961,0.20231463,0.012352396,0.11170543,0.19214498,1.2176478,0.3559805,1.6229347,0.23994252,1.1416626,0.29031783,1.7295324,0.27398095,0.85932386,0.67444545,0.3419999,0.70423645,0.063239336,0.5101701,1.1675524,0.31755865,0.5003615,0.7995112,0.15886438,0.24861342,0.51285094,0.22426352,0.37750357,1.6534904,0.47885302,0.1999964,0.25759742,0.798863,0.98533475,0.019111827,0.12313276,0.2775578,0.05163096,0.27490607,0.8039513,3.0344262,0.0534191,1.6404946,0.76894796,0.3734584,0.0072528627,0.7998587,1.13281,0.11448453,0.5053511,0.25768927,0.19039567,1.219165,0.6818629,0.6037853,1.1479502,0.5736643,0.15663247,1.1263686,0.34305197,0.62327206,0.3592878,0.49337152,1.2086308,0.6810866,0.054796174,0.077127054,2.4202733,0.60228044,0.067657925,0.7176193,0.30869606,4.5775795,0.37589148,0.3681912,0.42477623,0.22248785,0.49133918,0.23061316,0.05238239,0.23097147,0.9566278,0.5140122,0.57366085,0.0,1.4770288,0.16545568,0.9256547,0.29575405,0.22635984,0.28845522,0.96015257,0.24491788,0.5425453,1.1358764,0.42789724,0.18313268,0.6998962,0.44263324,1.3838594,1.2236075,0.24373999,1.0973258,0.44527373,0.69617057,0.38769042,1.1114393,0.5311959,0.021920778,0.9168662,0.14195189,0.7307423,1.2038003,0.32066923,0.33999074,0.29490992,0.40482447,0.100883625,0.27369332,0.06544799,0.13901296,0.48620492,1.8564792,0.40937227,0.47405013,0.66290545,0.22554125,0.77984726,0.29006845,0.89661765,0.19250546,0.1814695,0.46737587,1.6938579,0.35894144,0.87111646,0.057169635,0.15730536,0.9792413,0.5852937,0.22077912,0.75427604,1.0127263,0.5082138,0.56701565,0.71705455,0.17804769,1.2843004,0.13242702,0.25413835,0.92912585,0.28183523,0.96450245,0.00090728985,1.0306884,0.46927175,0.81494015,0.31864145,1.4447545,0.0042501367,1.4984754,0.10536225,0.07596547,0.38003483,0.038865756,1.2510076,2.9753683,0.81669664,2.5257084,0.18815891,0.8842265,0.18214813,0.8534832,1.169639,0.6042208,0.95622873,0.38281417,2.1458063,0.15251863,0.14990307,0.08793385,0.030999064,0.001849246,0.49332523,0.10369863,0.48864275,0.13676961,0.53524864,1.1627958,1.5205915,0.111608796,0.44314232,0.72690415,0.018715905,0.81747246,0.42938596,1.3793459,0.6726342,1.1254456,0.7395659,0.3956115,0.13311967,1.5497661,0.19980659,1.2191112,0.19420324,0.008221273,1.4806991,0.0,0.26553437,1.3569427,0.17095527,1.1335231,0.23043768,0.58563715,0.5768314,0.15161613,0.1451066,0.61576194,0.24519706,2.5383112,0.2682849,0.06729386,0.039321866,0.6775846,0.022133764,0.46501204,0.01461022,0.2787293,0.22138587,0.9297163,0.13430902,0.4750438,3.1211743,0.36872602,0.0018218136,0.18188712,0.54835236,0.065629326,0.122960925,1.5262909,0.4685438,1.1945776,1.2765701,0.077160455,0.44488513,0.6015697,0.06215063,0.4310017,0.8370607,0.009878715,0.35848764,0.029490974,1.1305867,0.9086584,0.0033504541,0.02160205,0.69853145,0.45178163,1.4932116,0.4708013,0.63750255,0.08592737,0.8002698,0.18809618,0.02839843,0.018069671,0.60328865,0.48208395,0.067344055,0.3252475,0.73201394,0.8220917,0.5817824,0.10511399,0.40877074,0.0026471468,1.7368566,0.8195252,0.32486102,0.44464824,0.41555265,0.7055467,1.3554553,0.012364509,0.60295206,0.0338813,0.788724,5.85834,0.8738665,0.0,1.6685697,0.40029067,0.30685967,0.18788218,0.38568792,3.487533,0.64030427,0.0545842,0.2652983,0.90080494,0.8169713,1.4197334,0.45951253,0.173156,0.92090046,0.020129208,0.2029459,0.67999375,1.3728884,1.7183585,0.8891036,1.101033,1.5060838,2.7819426,0.36069706,0.09479785,0.8758306,0.13242556,0.014934396,0.9342817,0.20567665,0.4833589,0.5528541,0.6812884,0.1950453,0.7778807,0.106629685,1.4473389,0.30076078,0.03746367,0.0,0.8681699,0.65112567,0.008917805,0.48637393,0.117257886,0.46116537,0.39519414,0.18631235,1.3127667,0.42176136,0.484417,0.42162696,0.11293448,0.12029337,0.40801114,0.57436275,0.03013331,0.3925307,0.8684523,1.1273417,0.3080864,0.18926477,0.8873286,0.67090935,0.61629295,0.17204478,1.0613998,1.3756732,0.24947318,0.09041965,0.19742428,0.26903135,0.0085176155,0.26162237,0.359446,0.7135371,3.7764182,0.47541925,1.7736502,0.13967834,0.28661713,1.1422876,1.1255584,1.0024441,0.32353175,0.067822985,0.21183603,0.7447851,0.5975534,0.8051059,0.03827416,0.16483532,1.2475944,1.3839926,0.43953925,0.83615243,0.13650768,0.0022670864,0.21909885,1.0503383,0.16702467,0.6434617,0.20303532,0.9562535,0.8256475,0.26398835,0.0024272809,0.6192323,0.27180785,0.71676105,0.14384896,0.014297213,0.5511504,0.59009707,0.48918104,2.0086977,0.73955315,0.7370476,0.4932726,0.9880354,0.23916005,0.1888025,1.0282313,0.11465535,0.3766764,0.44287154,0.73768693,4.152492,1.0115547,0.56575936,0.07176061,0.32448417,0.40983117,0.40473267,0.066825025,0.48372504,0.007559983,0.28099146,1.3343185,1.0080454,0.9010447,0.24874528,1.0865374,0.9452624,0.8764898,0.29202652,0.22928908,0.6823354,1.8253719,0.23752794,0.0,1.0344578,1.9733437,0.0036569482,0.824132,1.1153315,1.0243107,1.3474121,0.21061029,0.019007452,0.8774764,0.9193329,1.8474195,0.4894562,0.5822793,0.3457401,0.17321455,0.51925534,0.09915679,0.41658103,0.5949392,0.4453804,1.4563183,3.4803333,0.21417817,0.17108227,0.0048763393,0.113946974,1.242206,0.3486795,0.085306026,0.031047743,0.4806284,1.6107439,0.30550325,0.12608285,0.17547473,0.22640426,0.20633383,0.20509462,0.05527543,0.03993336,0.021859748,3.6242325,0.03752864,0.8126885,0.3033252,0.25623426,0.28322768,0.8050891,0.5382059,0.25860542,0.8699177,0.7853841,all_pothole_images\pothole_images_2_image_257.jpg
1.3191301,2.1449475,1.3906012,1.3726792,1.3380276,1.7576946,0.5650898,0.20844416,0.5934655,0.44259885,0.987049,0.051681377,0.31754372,2.6199121,0.7255341,0.7191932,0.339012,0.1512178,1.1452731,0.45310315,0.8038084,1.2389964,0.32763144,0.8476402,2.1531966,0.46250102,0.28603047,1.6200186,0.569009,1.3025348,0.026989745,0.28885782,1.2518773,0.2866872,0.058578443,1.236313,0.599032,0.583586,0.64287144,0.12724109,0.7012416,0.23572604,0.292251,0.6027583,1.4872706,0.25012773,0.31824175,0.27758336,0.9961951,1.0937659,0.57551104,0.66422576,0.42760938,1.7348746,0.08617758,0.520177,0.895268,0.033968627,0.5159919,0.7681002,1.5274773,0.5468361,0.93452287,1.2307292,0.54855275,0.3045318,0.8849641,0.37665924,0.7321489,0.0420572,0.093806304,0.4503816,0.3364315,0.63130444,0.8917207,1.6743236,0.84332967,1.2897478,1.0735215,0.32520613,1.2199956,1.2826973,0.34489048,1.1331059,0.46221626,0.6057567,0.27927384,0.7372791,2.3655863,0.33995464,0.70836145,0.4953381,0.4613134,1.0249338,0.5895191,0.21518393,0.46113968,1.5913285,0.0927935,1.5562099,0.13743548,1.9333687,0.6837164,0.55373406,0.6205613,0.06623638,0.06582022,0.32238826,0.0,1.6413112,0.8812002,2.0183718,0.605603,0.073809065,0.82107353,1.2848908,1.9420023,0.57294333,2.0903187,0.38479728,1.467017,0.96500576,1.2746307,1.2740695,0.6478633,1.2006898,0.09723794,0.22653295,0.07517053,1.2938567,0.30615765,0.09439139,0.10190364,0.80018115,0.14116481,0.1434752,0.8939641,0.23041378,2.4747431,0.2055754,0.88442874,0.7724483,0.14062376,0.73755825,1.4294467,0.26841798,0.84950614,0.40462676,0.45034727,0.8627013,0.26387423,1.1947942,1.3231325,0.31685,1.5518252,0.9976096,0.4740539,1.4851725,0.6488202,0.39295438,0.45943305,0.43591893,0.48392442,0.6060502,0.124774024,0.07399074,1.3470074,0.6231739,1.049607,1.9905549,0.9870403,0.00074727956,0.859697,1.6393924,0.6867089,0.1180386,2.2725382,0.005939053,0.2987813,0.39095688,0.69072473,1.3536286,1.1648961,0.70717776,0.7195161,1.4319866,1.0234433,0.85496527,0.7561977,0.4944269,0.9748205,0.9719722,0.24598733,0.73514134,0.1390196,0.38801652,0.66499716,1.0447968,0.94818246,0.17815438,0.41440415,0.47301576,0.25822413,0.07368879,0.18867862,1.2185699,0.21383744,0.33289453,0.6232203,0.37040672,1.0961407,0.6906265,1.2089477,2.1562438,1.2639893,0.59714276,0.6049373,0.191612,1.0464321,0.06723421,0.5955984,0.18232225,0.731989,0.9513962,0.06697204,0.5141724,0.6502019,0.54184234,1.2308278,0.3303713,0.16605632,0.23403531,0.21524289,0.7682432,1.1090243,0.20330037,0.406593,0.68871444,0.2637856,0.33229002,1.3795738,0.09807427,0.107196026,0.6577129,0.016655982,0.0,0.43344867,0.32536682,0.2795703,1.5691017,0.7195138,0.070252486,0.19304329,0.08342826,0.32401013,0.8299075,1.033266,0.746557,1.3418667,1.816037,1.7253774,2.6593094,0.48460624,0.38470533,0.39142233,0.85156435,0.42694658,0.67451274,1.9164197,1.2930608,1.2205772,0.5813402,0.30789226,0.08139304,0.053791016,1.2460947,0.8754746,0.48397148,1.1595055,0.6400278,0.049038164,0.8242997,0.6829857,0.65645957,0.7656333,0.008990897,0.4324562,1.8567232,1.4057577,0.24006203,0.062294357,1.3233975,0.7207157,0.048019137,0.41921392,0.41119945,0.673785,0.34675285,0.43178985,1.3477874,0.23068097,0.7817269,0.12603882,0.5930285,3.7594645,0.7766247,0.049767297,0.72569275,0.82647943,0.42650467,0.44361618,0.46462506,3.7691555,0.6624609,0.15830465,0.42083842,0.33100605,0.89157337,1.4551712,0.73486453,0.4071909,0.45205718,0.70251995,0.8978651,0.7628442,0.4813794,2.5388553,1.7704692,0.9560437,0.61975807,1.8090405,0.9343889,0.005865722,0.7032497,1.1229839,0.7548732,1.3462079,0.45667002,0.6471616,0.3573025,0.621145,0.61909175,1.8201934,0.06369747,0.7389081,0.16067934,0.79405904,0.005709748,0.5696365,0.16168544,0.067997634,0.21658446,0.35702667,1.0998824,1.098369,0.6158368,2.067645,1.6459811,0.9857234,0.61150813,0.794839,0.31477118,0.5862916,0.9480766,0.0529961,0.51177377,0.35232723,1.9626333,0.33990684,0.008248801,1.3802689,0.19002673,2.0168517,0.69066954,1.667614,0.5102722,0.2650105,1.2998364,0.769115,0.6275802,0.35673207,0.042484287,1.0634003,0.7885496,2.0446575,0.78634673,3.0750682,0.8676453,0.9264288,1.2433649,1.8863478,0.82499164,0.14587238,0.5122581,0.16349286,0.231768,0.14868674,1.2129163,0.73616415,0.5014489,1.8792564,0.61874413,0.36375722,1.5677208,0.7832881,0.20396158,0.5022484,0.8850689,1.2571074,0.5101295,0.7563891,0.5344014,0.4010444,0.5531245,0.024596253,0.24275109,0.44239414,0.21300699,0.088177666,0.18371919,1.3342663,0.25182348,0.30124465,0.38050312,1.1476669,2.0211065,0.937126,1.7179229,0.4339134,0.4114097,0.7240257,1.3636123,0.55882853,0.38037413,0.7278095,2.8801641,1.9691632,1.1683357,0.10597967,0.39410567,1.2000178,0.32816243,0.064329,0.11476752,0.64378077,1.2858545,3.0376263,0.4949946,0.14344278,1.7718002,1.9704938,1.5443549,1.3220679,0.71380144,0.9894797,0.6259047,1.2004489,0.67596114,0.10365723,0.87385166,0.82465905,0.5256977,1.9195493,0.7072505,0.6645104,1.3198242,0.59864306,0.5414784,0.82314783,1.0503532,0.20285074,0.25197724,0.15184367,0.41462243,0.07785447,0.15898669,0.08924335,0.6129181,0.29360324,0.47665724,0.49825442,1.809307,0.12256924,0.18314338,0.15874405,0.23970136,1.0542532,0.25878167,1.0141155,0.06678661,0.3078119,1.7714783,0.75421375,0.1840064,0.29842463,0.2699832,0.46497467,0.037113696,0.34150827,0.11003231,1.0343004,3.2610707,0.06196787,1.223315,0.1365294,0.2326832,0.13961369,0.7486773,0.17900163,0.97458696,0.3955516,0.25281912,all_pothole_images\pothole_images_2_image_258.jpg
2.813271,0.13561086,0.22675546,0.44451922,1.2357107,0.4868958,1.3147238,0.894774,0.38586718,0.23066598,0.043841094,0.103022926,1.0598769,0.25416073,0.39637157,0.20920207,0.3380726,0.5235685,0.37098798,0.015411031,0.8627773,1.3005533,1.214108,0.8969259,0.896605,0.22870943,1.0928319,1.1485224,0.42368257,0.3233518,0.014941029,0.30749053,1.3475827,1.4249659,0.1206974,1.7446035,0.48028937,1.4164073,0.7817134,1.4227226,0.015495446,0.098794535,0.09806045,0.40716603,0.4493616,0.7821733,0.30596188,0.09093994,0.93171984,4.1719193,1.2890935,1.3220042,0.8195097,0.47742617,0.3985246,0.4374645,2.857843,0.13462047,0.3333667,0.48073342,0.027410766,0.6742893,0.29138735,0.7663717,1.4760991,1.6082505,0.34543535,0.36777383,0.4259784,0.43456462,0.22911078,0.0067496407,0.59489566,0.78080595,1.3422543,0.20003754,0.08331748,0.37196988,0.0,0.017126435,0.1927359,0.0,0.14040777,0.2959547,1.8102113,0.2786045,0.5955945,1.9327705,1.1614847,0.44731513,0.91380435,0.31909376,0.5439824,0.15287273,0.6690269,0.5553398,0.6577835,1.6389989,1.225524,0.29510224,0.058304932,3.4042308,0.6351466,0.055435535,0.001651863,0.19905733,0.17938988,1.2032299,0.025717977,0.5947069,0.6549499,0.6444831,1.7619294,1.7242168,0.70336133,1.1587702,1.8063291,0.0,5.0133467,1.9430437,0.4421078,1.2916201,0.6676046,1.133141,0.36561358,1.4335079,0.0,2.1971023,0.64881194,0.0074972096,0.07052127,0.1635957,0.15243766,0.33336973,0.0,0.012208472,0.0,1.6091788,0.021185819,0.45015782,1.7054231,0.41833255,0.25074387,0.4194177,0.23640862,1.6800777,0.060868397,0.2830167,0.17170069,0.6116751,1.7586896,1.0759444,0.12825121,0.0,1.3403958,1.2340897,1.0101473,0.19582972,4.5454144,0.3528342,1.3132355,0.177535,0.060490534,0.97696257,0.2322501,0.45279709,1.0038807,0.11875366,2.436647,0.097167425,0.19647415,0.20727602,0.0,0.035487086,1.3509425,0.73419905,0.33129263,0.15735708,0.09671224,0.055662192,0.1672264,1.2790198,1.1090206,2.3290925,2.3538895,0.37139794,0.049965594,0.3876058,1.2778146,0.47291034,0.038576946,0.12365791,0.26879722,2.004733,0.0,0.81556576,1.313401,0.24241228,0.3019623,0.5708052,0.49798083,0.99612314,0.0024520599,0.5547634,1.0290909,1.1878082,1.2963576,0.97702825,2.5038426,1.9831464,0.0018488746,0.0,0.0,1.8163564,1.2047169,0.9302936,1.2455658,0.06376418,0.031359207,0.10470598,0.38898826,0.2152069,0.4609309,0.17853464,0.09666427,0.93211704,0.3974118,1.1383543,0.9245543,0.57708174,0.67628735,0.0,0.30521366,1.5058982,0.2593975,0.15240476,1.5335273,0.0974891,0.0022875697,0.17915702,0.5102414,0.03488199,0.05684572,0.4717005,0.07005821,0.16840626,0.21491966,0.58851516,0.90453494,2.995461,2.0409708,0.73367345,1.0188252,0.037213758,0.640878,0.20037286,0.9774387,0.061975386,0.3323401,2.1505134,0.3223292,0.04514446,0.70286435,0.8453882,0.9618197,0.24452086,0.09534265,1.1828685,0.07931119,0.059630107,0.3326931,0.051751096,0.06747529,0.19454806,0.37692645,0.5826356,0.563241,0.4973217,0.35760352,0.4664425,0.09311362,0.7190555,0.3441797,0.5292198,0.52140385,0.6338064,0.44344676,0.026182389,0.22881687,0.36640322,1.4184293,0.22652476,0.9825829,1.1435094,0.01833834,0.044546526,1.2336998,0.62643075,0.4365915,1.3635104,0.9191354,0.6699586,0.041655675,0.15200077,1.9993218,1.0008692,0.011671155,0.013506395,0.053589337,0.19507334,1.2037572,1.2745135,1.4188843,3.1265461,0.76885223,0.58052063,0.11354014,1.3251218,2.8635573,0.08905101,1.1156331,0.0,0.20727603,1.7309026,0.844759,2.1579685,0.3614833,0.008105919,1.7061032,0.0,0.32235423,0.34099808,0.0,0.0,0.05627741,0.22809201,1.1804852,0.073905535,0.43050295,0.35362893,0.3561627,0.17741656,1.4809129,0.04629784,1.021315,1.0605383,0.060732316,0.0,0.46877432,0.40180188,0.43221384,1.927559,0.0585265,0.3612088,0.6649204,0.64946836,0.6794935,1.2145433,0.91827935,2.2801385,0.16542727,0.381462,0.012487027,0.19939232,0.45642808,1.0148286,0.23472275,0.14870656,1.0554659,0.08296691,1.4663377,0.0,0.5493363,0.23041312,0.53686666,1.1257921,1.2795826,0.56146663,0.26917514,0.30671147,0.1419175,0.014663996,0.6188616,0.29188517,2.6125686,3.1539524,1.3830777,0.0,0.4487169,0.32204515,0.5823402,1.1462672,1.2699256,0.110995,0.06699478,0.17050965,0.43883774,0.10670546,0.07352851,2.4407134,0.36149028,1.9421729,0.4692487,0.088801,0.57249045,0.04383663,0.9269766,0.019146422,0.16184379,0.37614596,1.5893978,0.71631956,0.18738966,0.2227248,0.4767211,0.68998855,1.6934628,0.17945106,1.3309224,0.04568112,1.3416041,1.0109863,0.4687556,2.0380228,3.778107,0.35881066,1.5421585,1.0904045,0.7274025,1.5872668,0.7981248,0.09384846,1.1656238,0.004840533,0.14658433,2.4655972,0.77841955,0.13658449,0.0,1.3310643,0.12790169,0.1669505,0.06284585,1.8339783,1.2010678,0.009404479,0.9775033,0.39192003,0.52283335,1.5136924,0.99776816,0.72772443,0.42623994,0.1656097,0.56447595,1.1715571,0.57336104,0.017392611,0.9623154,2.9838212,2.2188478,0.9954227,2.3524225,0.31412753,1.0904467,0.29916623,0.36082834,0.06621737,1.8922925,0.47310793,0.52149785,0.32973167,0.07638209,0.27182502,0.81919307,0.38560766,0.0050710514,1.6067221,0.0,0.58856547,0.93865913,2.7881737,0.28957576,0.4058405,0.2807039,0.03580173,0.24208389,0.20746328,0.42471874,0.527006,0.46415251,0.54146653,0.13361011,0.017343463,1.0041124,0.019427888,0.020724531,0.04156621,0.75577545,0.06403878,0.7636856,4.7465777,0.25008658,0.0380284,1.1448282,1.3287812,0.040861644,0.15151192,0.9299128,1.275027,2.0181165,0.31650802,all_pothole_images\pothole_images_2_image_259.jpg
1.2147427,1.6326876,0.3272676,1.7422086,1.291086,0.2999934,0.8361713,1.377831,0.4374047,1.1262349,0.74189836,3.2142816,0.3431585,0.28289095,0.7943218,0.4981814,1.7688657,0.26443097,0.13165843,0.5821032,0.75023353,1.6953652,2.423808,1.5881301,0.51901877,0.668176,0.49005368,2.2410595,0.12220428,0.11956579,2.3765593,1.5327313,0.63983697,2.1319737,1.9344091,0.55888,0.6247597,1.6031525,0.44536602,1.1483374,0.66817856,0.27768737,1.1891629,0.12156303,0.26969564,0.6856244,0.12313889,1.1428138,0.5566883,0.08216632,0.9240334,1.1898081,0.73911315,0.970963,0.618531,0.8932308,0.5385435,0.4588636,2.4151518,0.60058606,0.23713964,0.3854047,1.8056252,1.6210161,1.4678893,1.8015941,0.53252184,0.21120888,0.6666917,0.14047708,0.47366798,0.29929543,1.2099524,1.3550665,1.7500178,1.4404277,0.52733994,1.0178688,0.38715133,0.6011062,2.2114534,0.9531808,2.1706486,0.883233,0.8138683,2.398288,0.46631527,0.699346,1.630472,1.0184063,0.48167473,0.112866536,0.24073265,0.4207564,1.362357,0.3031155,0.84094906,0.8071711,0.4731003,0.9095015,0.25781226,0.86184084,0.86570054,0.68219656,0.34233692,0.5199156,1.3657415,0.56679934,0.26004004,1.5423024,1.2549862,0.91557986,2.9783828,0.9770359,0.6546746,1.0198014,1.1056297,0.38087615,0.60755146,1.2193861,0.6856687,1.4866612,0.9981079,0.81166357,0.79041404,0.33469477,0.5409205,0.57559156,0.500962,0.16925311,2.6248872,0.2809478,0.3147974,0.6684319,0.62377214,1.401426,0.6088435,0.2255451,0.5435547,0.5734246,0.5940111,0.13959461,0.0796418,1.8685716,0.59067285,1.1973861,1.4742541,0.96131796,0.0,1.7015126,1.8296725,0.9384706,0.5032033,0.84252423,1.6851094,0.5230019,1.4530503,0.17225984,1.070869,0.914642,2.5336487,0.108859345,0.8526281,1.0517287,0.35815078,1.4602215,0.33682892,2.3953876,2.3922591,0.5102877,0.64935184,0.36468518,0.99931896,1.0028398,1.0656306,1.6863513,1.5251449,0.789578,1.2975924,0.97698116,0.3582192,2.0574198,0.3448052,1.3693155,1.4464041,0.9261132,0.1345011,0.35187516,0.5379955,0.35984242,3.32979,1.0300986,1.0829828,0.8273062,0.19342017,0.54307896,0.6926934,1.0390748,2.4776552,2.615974,0.9558722,1.3892194,0.090102546,1.1487627,0.07991642,2.067617,0.9505511,0.86944467,1.4615089,0.4697675,0.88646555,0.24187128,0.43991002,1.7370318,0.18043044,0.18730478,0.77241474,0.5076706,2.8101776,1.7292485,0.66432524,0.06361512,0.10999204,1.534199,0.1703265,1.3063636,2.8231156,2.022583,1.3954927,0.6509123,0.71548945,0.27101782,0.49176484,0.32396463,1.2418894,0.13002264,1.2450976,2.2465396,2.0026925,0.09435969,0.5004843,0.02692448,2.166355,0.41237938,0.26383796,0.21763588,1.066677,0.7524504,1.04256,1.1643916,2.362004,1.180069,1.5490013,0.14096937,1.632716,1.123535,1.0766103,0.10577073,1.0030503,2.2792575,0.26608643,0.7309667,0.68334997,0.7633968,0.6873846,2.0799503,0.79682106,1.1360537,0.80063957,0.69773644,0.18045257,0.747281,2.011054,2.3070111,0.4779077,0.83080876,2.070589,1.3541541,1.8355342,0.5124548,0.08543869,0.78454214,1.2185037,0.27592546,1.3200047,0.666969,0.5211862,0.13389249,1.8804343,0.00150877,2.252416,1.4531174,0.5080596,0.93751,0.47272047,3.469143,1.8678423,0.9411904,0.250325,0.22695684,0.8589644,0.13992994,0.16615885,1.2101375,0.46315306,0.6328915,0.13828953,1.363034,2.2301722,1.3658808,1.2037119,3.0758333,2.8965964,2.4472463,1.6692644,2.0367172,0.4308469,0.8019146,0.19826649,0.7404429,0.83168197,0.9040456,1.0454291,1.8403744,1.9575981,0.7483625,0.38634682,0.9480832,0.050123915,0.539891,1.1340925,1.7538925,0.34710976,1.3506052,0.3596964,1.6676277,0.35282558,2.199526,0.44201908,0.45067647,0.6845858,1.6091629,1.5160677,0.5209524,1.8436612,1.4177531,1.1805694,0.6639987,1.0589677,0.59364647,0.96284795,1.1131252,0.15989867,0.06139364,1.6807188,0.45039028,0.9440585,0.13024704,2.615844,0.30496755,0.36497933,1.2995427,1.2904938,1.9109983,0.1396766,0.10756356,1.4075068,2.1455069,0.50926423,1.2277709,1.2153363,0.8339122,0.69101983,0.3789163,0.5901276,0.17929764,0.41489995,0.8933704,1.4209669,1.0502375,1.050633,0.8739635,0.8509514,1.4241242,4.152466,2.7191498,1.2975193,0.66199833,1.6508942,1.6989805,0.5239624,2.5938125,1.2198822,0.34918508,2.090058,0.78319174,0.5579524,1.1133751,1.6912664,0.67561466,1.9924891,1.3051409,0.69301355,0.7191933,1.0948666,0.9869578,2.2426069,1.1710345,0.7842293,0.35988668,1.976854,0.36702192,0.8305837,1.2404772,0.68705153,0.77654576,0.476413,0.9103667,1.2066633,0.2722306,0.41653264,0.58941716,1.1621317,0.927835,0.9678645,0.38915074,0.6090073,2.3086104,2.030214,1.4210292,0.29903686,1.1601444,0.6763517,1.107445,1.8995363,1.0762801,0.16670103,0.7884847,0.011678785,2.135466,3.519338,0.4009762,0.3346385,1.6972317,0.8612608,1.1071371,2.6870303,1.4079406,2.2867167,1.6505183,0.8083392,0.57804775,1.281427,1.9514618,0.46124372,0.42061296,2.1130345,1.5171102,0.46880406,0.16518672,1.4830403,1.0028845,0.9345546,0.4652466,1.7603068,1.6172554,0.807764,0.55262893,0.80047864,1.4398286,1.7921525,0.6839608,0.8047234,3.4114058,2.328346,0.6742972,1.1344899,0.5336523,0.70051765,1.8194982,2.5852654,0.91037595,0.72097373,1.519444,1.6424507,0.115261525,0.581765,0.94819593,0.30945963,0.27549604,0.939615,0.8990674,0.039612297,0.35468775,1.0544641,0.85322136,0.050477464,0.54423004,0.18817803,0.6783592,1.9689795,1.4164562,1.665701,1.4931073,1.9213306,0.39298213,0.026099062,0.7746962,0.8223693,0.84937805,0.5712118,0.8159977,all_pothole_images\pothole_images_2_image_26.jpg
0.8851866,0.2455521,0.1694982,1.3245616,1.1169037,0.09978644,0.0,0.0488057,0.80666554,0.2723475,0.058240462,0.8319454,0.6592911,0.7788984,0.40872195,0.24137586,0.5495681,0.078512795,0.6175932,0.035054818,1.0927601,2.1237876,0.026414143,0.23391715,1.4584142,0.43083793,0.26628432,2.5449488,0.022265906,0.5051919,0.80040866,0.39997175,0.40953928,0.55200464,0.7058225,1.4681221,0.334197,0.5504202,0.8551252,0.79850596,0.0,0.0,0.3725529,2.6101856,0.38394192,0.44287732,0.10845316,0.20966086,0.7016343,1.703507,0.70399076,0.26408622,0.13544187,0.2630097,0.0038147392,2.7609367,1.1240653,0.10401879,0.24701636,0.13055411,0.0,0.23883548,0.6849065,0.2614207,1.1217631,1.4089336,0.42184198,0.07296074,1.0631074,0.22510205,0.15154609,0.53667885,0.23086454,0.4078385,0.119658895,0.14507186,0.1519504,1.0258487,0.32280323,0.25416192,0.22985041,0.05171182,0.015531433,0.8245862,0.91403794,0.26955485,0.33913618,0.3561206,2.641977,0.26685596,1.0405736,0.13506772,0.24126938,0.39087442,0.0,0.0037651495,0.46039662,0.3546652,1.082483,1.2311085,0.06383468,2.6028109,0.62587005,0.04362803,0.13430321,0.21476527,0.8263157,0.122185946,0.13098662,0.40776813,0.0,1.9948329,0.8119291,0.12563205,0.37027046,0.9204514,3.275695,0.5337917,1.6681857,1.2076513,1.8165501,0.012872796,0.23637226,0.96764886,0.7931592,0.2877589,0.49600577,1.3195283,1.7548457,0.005698377,0.19524784,0.0,0.48424864,0.22248326,0.1655563,0.58868647,0.36375305,0.61172765,0.90878356,0.042561743,0.7780493,0.091041625,0.012977013,0.8114378,0.17050743,0.8836514,0.52010065,0.24735318,0.6352048,0.2523901,0.55851173,0.26022705,0.12161825,0.00897673,1.0832291,0.7441456,0.70309275,0.03505448,1.6562612,1.5178564,1.0606021,0.64572525,0.04066435,2.6254368,0.09661465,0.3782739,0.4266721,0.072430655,2.1343622,0.54455894,0.016900454,0.040178683,0.03210602,0.056146678,1.1432872,0.0,0.39103255,0.07026508,0.13908668,0.40471712,0.08151994,2.9261506,1.5898182,1.3745805,2.7936902,1.1356803,0.6532644,0.9271048,1.5624797,0.4814309,0.73036623,0.66640115,0.05652647,2.0968165,0.17195508,0.41358137,0.73539376,0.13859427,0.10253687,0.063849814,0.5751631,0.9612098,1.2131416,1.5691723,1.8805964,1.1368357,0.62003404,1.1358199,0.57498384,0.23075125,0.0043055154,0.049376525,0.13116542,0.49706593,1.6701782,1.2794468,0.090627424,0.0039784857,0.73089015,0.009833525,0.79951507,0.8254592,0.6356733,0.20908076,0.19669904,0.62925273,0.2616069,0.6136809,1.3144056,0.15135501,0.09283261,0.07234569,0.7147527,0.7909495,0.124529205,0.21094227,3.4064748,0.04202471,0.085020326,0.2739797,0.027239775,0.17669813,0.082980424,0.050907455,0.73416376,0.008687224,0.27049768,0.14568107,0.31394115,3.6576908,0.72623986,0.4876747,1.2667303,0.85335475,0.2822337,0.34923694,0.42748532,0.27798557,0.19101639,1.4356989,0.0722812,0.018332554,0.51392746,0.83089525,0.95298475,0.4860835,0.37280795,1.0489913,0.4081439,0.34691635,0.0032304986,0.06278607,0.25092646,0.16782157,0.9938562,0.76941705,0.22206685,0.84142965,0.3380544,0.30352163,0.4231568,0.21442175,0.84914196,0.03427529,0.09678259,0.9732975,1.2505981,0.18340358,1.1930192,0.16006954,0.23131743,0.060963396,0.22475798,1.699787,0.09864566,0.03551684,0.3259789,2.3046486,0.72665507,1.1729988,0.30725038,1.1894022,0.008237024,1.0516852,5.0930133,0.28563538,0.17121142,0.25108513,0.22430734,0.8940856,1.1092685,1.1139959,2.2914357,3.1604843,0.26190302,1.5026118,0.17091618,0.72136456,3.7499077,0.35651162,0.38237587,0.13656662,0.28592727,0.50612444,0.74801844,0.8732638,0.3459614,0.025447937,0.54435205,0.13488318,2.5898216,0.27911362,0.20904219,0.036166485,0.3248579,0.40142104,0.1648866,0.39758083,0.39989585,0.9733651,0.32382473,0.115634724,1.8164713,0.29118067,0.792262,0.48586196,0.0,0.08967576,0.7214742,0.77439916,0.57966536,0.3234637,0.47355938,0.1668145,0.13351735,0.022525111,0.0772054,0.8762212,0.38079593,2.0716856,0.012389692,0.1917915,0.60396147,0.68534213,0.13630164,0.017926887,2.5992117,0.73848444,0.24514914,0.037708256,1.7076559,0.069178104,0.14181744,0.005809827,0.04244214,0.032329142,0.04350969,0.29310036,0.89267653,0.61365175,0.8673765,0.11467311,0.20821224,0.6158555,3.6587884,1.4641937,0.65234435,0.005054678,0.017744187,1.1446768,0.88398725,0.33122253,0.3091032,0.14490457,0.2961285,0.034747813,1.5028362,0.41491663,0.019291813,0.40801615,3.7954955,0.784717,0.041013133,0.2078385,0.467415,0.036781713,0.38359395,0.5272312,0.32452658,0.16479796,0.40715295,0.30991316,0.55713737,0.29518482,0.2562342,1.1131579,1.307344,0.11678057,0.4254225,0.0,2.5128667,0.47363657,0.4909101,2.009195,2.1902883,0.043482255,1.1113764,1.2377528,0.17246926,1.2785004,0.05128454,0.1507567,0.9807323,1.6075009,0.4598933,2.852335,0.47366175,0.50958735,0.3553449,0.6793772,0.79077315,0.30900052,0.3362063,0.5529939,0.95529735,0.055042826,0.35206696,0.36633697,0.03883157,0.6940445,0.88616467,0.3420449,0.38798562,0.7625248,0.27697718,1.0715036,0.041409507,0.28440168,0.40938988,0.53684306,1.830037,0.29556033,1.7982072,0.0,1.1363661,0.38896587,0.45085084,0.039166935,0.2973001,0.19826935,1.0080734,1.1877503,0.0004770708,0.3614711,1.0615518,0.047234077,0.46065533,1.2034485,0.76119804,0.014594024,0.04443406,4.5663924,0.5795717,0.4165029,0.15676221,0.14629695,0.12287884,0.06727974,0.4529745,0.13461843,0.6632835,0.77861136,0.123519056,0.41002148,0.01650615,0.040002204,0.026949335,0.24621488,0.3052082,0.15516452,0.4858591,4.0212216,1.2534711,0.74265754,1.2205045,1.6439984,0.101728804,0.0069670784,1.0086402,0.054044947,0.34737694,0.6341317,all_pothole_images\pothole_images_2_image_260.jpg
0.6434618,1.8594856,0.7973902,2.3326702,2.006345,0.9785919,0.055423513,0.012943997,0.53941816,0.76513237,0.12158478,0.5643514,0.38871464,0.182566,0.75568855,0.44995606,0.06677632,0.2514974,0.10489028,0.5407318,1.3752158,1.3333269,0.4552937,0.716861,1.7111847,0.66810375,1.0930203,2.1017253,0.2800324,0.27054912,0.38197938,0.31271634,1.1043686,0.33313045,0.42985243,1.581262,0.88991857,2.009702,0.0761172,0.5044853,0.059206773,0.051301245,0.106863596,4.076673,0.68224746,0.08985101,0.11971808,0.526886,0.53783226,0.7767104,0.47982788,1.6884289,0.27810565,0.47872043,0.30930915,1.7635775,3.3344991,0.14824007,0.29683828,0.3704176,0.0036975138,0.60246074,0.9835554,0.26251507,0.042187348,1.1511441,0.28330004,0.9207167,0.2652223,0.53885984,0.9788801,0.85803944,0.63066906,0.4540525,0.6683759,0.87455684,0.25268182,1.1847053,0.0,0.6027386,1.7251064,0.0022712827,0.087739736,0.46982324,1.3526516,0.26180005,0.26841733,0.15474609,5.388801,0.127898,0.45156884,0.19608073,0.2563345,0.39823115,0.45319432,0.13561656,0.42853615,2.259915,1.1320311,0.6553785,0.0,3.0211773,0.46005613,0.6038877,0.27901208,0.08277544,0.2397196,0.18483749,0.0936248,0.6133911,0.052591357,1.4073025,0.20392264,1.3118817,0.42187858,1.0476369,1.6108328,0.058594067,1.7384199,0.93345946,2.3784392,0.869886,0.07725601,1.3443279,0.63549876,0.6827432,0.20637321,1.3873552,1.0168505,0.43457147,0.76882553,0.10186018,1.0221623,0.47289816,0.4738047,0.81490386,0.19227406,0.5840796,1.3077607,0.31347016,0.51480407,0.17831977,0.010871224,0.58225566,0.6584024,1.3484554,0.8678363,0.35917157,0.0012215407,1.5705302,0.9232125,0.6416363,0.08860796,0.0012156079,1.3255055,0.6409609,0.78977686,0.1641873,1.8976164,1.1500771,1.2098701,0.81214577,0.26831272,2.1738396,0.050133713,0.010253589,0.7253365,0.24372774,0.89396137,0.19899479,0.75667214,0.5880642,0.21594654,0.50057936,0.5111082,0.041275963,1.0559746,0.120072626,0.37058392,0.20849541,0.09592853,1.7366502,3.4607356,2.6481953,1.3815161,1.0035459,1.0835915,0.22171283,1.8035141,0.09285476,0.3691192,0.52711385,0.10673105,1.6366035,0.32392302,0.80076444,0.41624555,0.03183906,0.11992598,0.691119,0.6393405,0.19975834,0.27927604,0.9239683,1.1323658,1.0575995,0.06379612,0.56421304,0.5933777,0.0648909,0.3821023,0.577499,1.0555528,1.423545,1.5248984,1.251783,0.3141829,0.07467352,1.01156,0.011717368,2.1800225,0.030485857,0.2648789,0.04534117,0.15503784,0.63792837,0.4373791,0.23362964,0.3998822,1.0424255,0.16991763,0.5453825,0.57065254,0.027873589,0.48712248,0.3748635,2.1678355,0.17477469,0.032914735,0.10763163,0.15329762,0.01499585,0.03238655,0.0012520647,0.18973744,0.12038096,0.3999025,0.0,0.35667744,2.731074,0.93289363,0.30188116,0.6972179,0.72950387,1.0807475,0.58265936,1.1724159,0.016572364,0.4063713,1.4086778,0.4689165,1.036907,0.68411493,0.46010324,0.49234357,0.449734,0.001017712,0.41823432,1.586224,0.061016407,0.25143024,0.16834201,0.22939214,0.19168726,0.45421997,0.7564154,0.54810125,0.22542489,0.110941745,0.8252721,0.5485115,0.124403894,0.6759173,0.04620546,0.95037997,1.0197768,2.436558,1.0070293,0.90388143,0.007890545,0.55514914,0.82677317,0.06419768,1.360572,0.4923834,0.48941514,0.42898858,0.018098976,0.052443203,0.92323667,0.24319088,0.6779505,0.12206085,0.8683631,7.139773,0.67099434,0.0,0.7303785,0.70975024,0.8135379,0.34866464,1.130201,2.6372461,0.99865884,0.30441588,0.96742123,0.7071648,1.1171261,1.0537561,0.07261463,0.18747047,0.7171593,0.35338965,0.17361605,0.81964296,0.7006143,1.2802693,0.750392,0.8558144,0.847373,1.7479892,0.56233925,0.3843608,0.014262643,0.5074003,0.6899987,1.3290814,0.5817842,0.39695743,0.6285374,1.049117,0.7982841,1.8474859,0.101139575,1.3049129,0.005259154,0.08145345,0.005526191,0.6865699,0.28651524,0.67279255,1.0089785,0.61002016,0.16717593,0.4110225,0.026956076,0.2368865,0.95449704,0.42930758,0.46608403,0.029617012,0.021157902,0.7201848,1.3347224,0.25953338,0.33523992,0.48790574,0.116593905,0.2628219,0.13447236,0.46662623,0.51794225,0.51950026,0.22815515,1.0776762,1.3883892,0.33090696,0.062320795,0.30187532,0.29083717,0.037616093,0.17057772,0.2056268,0.81315863,2.57271,2.125544,1.857542,0.7202449,0.5902457,0.9963974,1.3534291,0.004148101,0.2444957,0.08124243,0.11632873,0.030378588,1.0504407,0.12344914,0.31053576,0.6453909,0.77749,1.6592011,0.019767502,1.0382036,0.2613405,0.21476027,0.027922377,1.0017033,0.4355545,0.86750436,1.2944742,0.8565687,0.34245262,0.51876837,0.0034827709,0.6039533,0.757751,1.266201,0.3108341,0.018813604,3.0927377,0.4411309,1.443014,4.3073635,2.7811248,0.14602488,1.2406448,1.9845166,0.012041125,0.5016068,1.8441356,0.095233075,0.6911308,0.366942,0.43641484,3.6416016,1.3399833,0.44640353,0.18044148,0.5729302,0.7450299,0.2649998,0.0071867923,0.5508851,0.10400402,1.1469945,3.2794518,0.41547292,0.6377711,1.684425,1.6018636,0.48679596,0.3750267,0.15162712,0.4020268,1.1138333,0.6713459,0.43041575,0.3488523,1.6629094,1.7856102,0.23052198,1.3513154,0.47351876,0.80589765,0.16449079,0.1493753,0.10583386,0.42104927,0.7535333,1.3462632,0.2597872,0.5123766,0.26621157,0.45131698,0.36896646,0.27049077,0.88104075,0.818231,0.2122182,0.58052355,3.383959,0.14580472,0.23387258,0.0013478015,0.0,0.5146095,0.31973973,0.053189836,0.13595371,0.0075705154,2.14407,0.093952596,0.2607234,0.010313731,0.0010395552,0.22790651,0.0,0.22279972,0.022381632,0.1038967,2.9925604,0.54404813,0.6705114,1.9492729,0.46927312,0.13709386,0.6409195,0.9808961,0.3418925,0.5680383,0.5114637,all_pothole_images\pothole_images_2_image_261.jpg
1.9814308,0.6753031,0.14036809,0.75604635,0.1120656,0.7254181,0.51570153,1.2096423,2.0092936,0.1343951,0.9198606,0.75102115,0.059160035,0.47875983,0.090237655,0.8869965,0.04887267,0.50646925,0.3113993,0.079256415,0.0003518896,0.15468396,0.23946927,1.0154368,0.048385434,0.068925574,0.029960435,0.061263658,0.41595674,0.068158686,1.025447,0.0020329633,0.82827514,0.6756867,0.25757444,0.0,0.40476662,0.0,2.7380962,1.6623074,0.39635012,0.4590232,0.29663655,0.011991469,1.8948306,0.17130902,0.015740879,0.052054632,1.5195141,0.9887091,0.8338928,0.3964206,0.08875759,0.7103017,2.1654835,0.10788492,0.09643423,0.55936277,0.32874534,1.5001818,0.022119459,0.53155315,0.69439477,0.19417816,0.20739469,0.69709253,0.7718845,0.48589304,3.5299206,0.08110815,2.2499895,2.6082022,0.2945905,0.115835324,0.33687824,0.5165285,0.0071678758,0.2189497,0.032240793,1.2442336,0.42310873,3.3799665,0.71092457,1.7077583,0.35037428,0.47897664,0.28413767,0.23345324,0.34812284,2.1538026,0.46230802,2.3164623,1.41854,0.40560296,0.69043607,0.5351611,1.2928513,0.5984078,0.91839427,0.035182625,0.19324595,0.005074782,0.99278855,1.6202787,1.6967437,4.6627116,0.4471164,0.692228,1.4652346,0.5832247,0.4564219,0.9283047,0.25518206,0.34335047,0.56488985,0.57538056,0.64959824,0.46156293,0.05215232,0.10347411,0.30130258,1.1041129,0.0,0.2342412,1.3854874,0.22020538,0.67832935,0.30372402,0.91278976,0.6163353,0.15880384,2.04574,0.12602799,1.4439896,0.5921963,0.25060257,0.13608836,1.106623,0.053216863,2.0634103,0.0,1.4819105,0.13376686,0.43796834,2.062776,2.8138125,0.73705727,1.8248655,0.82170695,0.1763967,0.059673443,0.93221426,0.6719788,0.5926508,1.0502238,0.14357989,0.3749272,0.07597313,0.26061586,0.32193556,1.364118,0.35580012,1.3763527,1.6541144,4.3360143,0.0,1.3811142,0.31224912,0.115153246,0.24381398,2.0033236,0.4720244,0.54688513,0.2810431,2.4322891,1.566677,0.1188089,0.7088707,0.15858321,0.055693883,0.50605136,0.15123826,0.13266546,0.064511396,0.22286771,0.13882402,1.007495,0.78625673,0.90681815,0.6955714,0.16063057,2.9601564,1.9887819,0.9911045,0.11283538,0.08363019,0.05137497,0.64795154,1.466125,0.001642941,0.84432197,0.084169015,0.026746903,1.1132765,0.009766407,1.4511049,0.7751952,0.0027320588,0.18966086,0.020129254,1.8350265,0.41795263,0.5883695,0.55685484,0.2268446,0.17024761,0.32190037,1.4242446,0.3410608,0.5716576,0.0070300484,2.109339,1.303746,0.575321,0.84849167,1.2004931,0.35083324,0.0,0.62777716,0.0042268466,0.18490203,0.351039,0.06508993,1.1040816,0.0060068923,1.2591755,1.1576021,0.3892714,1.2547476,0.26018578,0.24957944,0.35506007,0.56445855,0.17630789,0.37052044,0.32843146,0.5273532,0.1390108,0.8065628,0.042227767,0.019704645,0.22319569,2.1835768,0.64700776,1.0040048,0.38830516,1.213319,0.59663785,0.25906986,0.45006064,0.17158209,0.6265097,3.9766479,0.20990957,1.0666809,1.2343248,0.635104,0.24370648,0.3192976,0.18977943,1.3896812,0.93684095,2.3019483,0.07892024,0.0065278043,0.025931552,0.42994672,1.9411573,0.12707761,0.005005403,0.13581988,0.8669368,0.5674844,0.32138002,0.29866257,0.016121136,0.016347857,1.542802,1.2068435,0.16600634,0.49580258,2.0397403,0.18424086,0.12277373,1.2585498,0.07067392,0.25250322,3.1706097,0.47461483,0.17213553,2.3634145,0.41548628,0.51234484,0.69337654,0.16677412,0.029840276,0.040120155,0.35590315,1.4582407,0.3879498,0.018806037,0.0,0.065000564,0.0023976834,0.0,0.084532075,0.3166956,0.02388174,0.19741766,0.92814434,1.7765205,1.0551947,0.07285879,0.037890248,1.296721,1.2138836,0.78832793,1.2005605,0.05800147,3.416864,0.5010305,0.90980965,0.19125709,0.017345367,1.3360988,0.86931735,1.567318,0.045441013,0.43279105,0.09285314,0.4437856,0.15222587,0.22534321,0.040188503,2.0158143,0.22309875,0.54870373,1.2336141,0.0990237,1.975825,0.0078095077,0.9801072,0.13934025,0.7714445,4.7639127,0.13320029,1.8381815,1.2752347,0.11508363,0.0,0.69233954,1.3737595,0.09547302,0.3925898,1.3073255,0.8705313,0.9901268,0.8215371,1.278298,1.8795635,0.864292,0.012504534,0.0,0.6182443,0.18511374,0.0,0.6358472,0.9307659,0.40199578,1.376004,0.044045303,0.42544752,1.3287389,2.0152593,0.14720412,0.10261027,0.36665425,0.7881753,0.2847905,0.29641095,0.55370903,0.1426685,0.08043327,0.23226632,0.34830657,3.28838,0.32889268,1.8341888,1.8448715,0.0590193,0.38639084,1.4900326,0.049071856,0.41535816,1.6908729,0.9237783,0.053610984,0.6184654,0.124427,1.9162412,0.0012296909,0.8118304,0.35464382,2.159904,0.08280256,0.28720933,0.16136341,0.51448864,0.91390395,0.80172884,0.1130017,0.20243049,1.05216,1.4431906,0.017721623,0.013400715,1.6053345,0.5404649,0.01647578,1.7677981,0.9128617,0.8677011,0.78337336,0.0,0.08593861,1.1209912,0.5843131,0.15498047,1.4351588,0.99364096,0.09220168,1.945017,0.30309173,1.2301462,0.077578865,0.09382099,1.0858504,0.059331298,1.4502635,2.1819148,0.27348736,0.13069695,1.477596,0.6971838,1.0082121,0.5969552,0.15110861,1.6659665,0.33566138,0.13745135,0.031286754,3.026713,0.002704689,0.31793696,0.82335615,0.3925852,0.9722879,0.056538854,0.077373676,0.6114406,0.3647183,0.67993814,0.4756939,0.2051197,0.13767923,0.34371036,0.8255616,0.07416501,0.009430458,1.8537959,0.31966472,0.18970598,0.47485134,0.03459423,2.0595057,0.4095444,0.13858992,0.19813064,1.343192,0.4654016,0.8761216,0.3640952,0.100854345,0.10287385,0.6059217,0.06767087,0.67686003,0.9059929,0.52627975,1.669479,0.057800323,0.31632617,0.074757315,0.40353397,0.3483219,0.22952422,0.842338,1.8390712,0.71730953,0.5323968,1.3857235,2.406909,all_pothole_images\pothole_images_2_image_262.jpg
0.9021145,3.1606345,2.8640132,2.2472606,0.40365916,0.82761025,0.8928177,1.976827,0.45068032,0.6800434,0.8670749,0.18070838,0.0,1.3619587,0.36767113,1.2812393,0.42226493,0.67192286,0.3293189,0.19591941,0.4649932,1.4825583,0.33102545,2.396706,0.024651574,0.51611465,0.20090067,0.86697555,0.27490106,1.2890414,1.0045389,0.86202556,0.5290505,3.7344606,0.57492423,0.58823407,0.5212502,0.26923814,0.9399025,1.1066767,0.6581952,0.12581529,0.57175034,0.08397889,1.2070025,1.104826,1.1280621,0.12050463,1.7349694,1.0585808,0.6167707,0.7159289,1.9253577,0.19036245,0.37398174,1.2301602,1.3124877,0.4084029,0.4284724,0.49706605,0.23357984,0.71909416,0.40488374,1.0509378,0.9430655,0.36682346,1.9467387,0.3802976,0.7450409,0.6156897,0.45574877,1.3457755,0.19545084,0.22772773,0.807395,2.0979202,0.22860028,0.9827857,0.24543141,0.6899593,1.4648485,1.4485632,0.45106077,0.51190317,0.98931384,1.1565948,0.057890765,0.57594675,3.011914,1.0789431,0.8519995,0.7710955,0.35592335,1.4431292,0.60694754,0.21161254,1.371657,1.5870631,0.4527668,1.4507637,0.28826332,0.10479245,0.090851545,0.39830577,2.9396782,0.44158968,0.05367357,0.35181192,0.9103758,0.89492905,0.17200102,1.5608119,0.93832403,0.6090583,0.0062444825,0.70731944,0.643915,0.08045097,0.97943556,0.3792617,1.2804354,0.47628772,0.75548995,0.22203137,0.0084294,0.6829499,1.0708861,1.9634585,0.5620922,0.94971454,3.550028,0.32210687,0.16284546,1.3990626,3.6040854,0.03946502,0.39869782,2.3733642,2.2924976,0.36164925,2.3120723,3.2076824,1.6379188,2.147443,0.6419235,1.6642036,0.20054086,0.14731938,0.59676,1.1302689,0.560799,1.8004737,0.3831913,0.7332424,1.0005283,1.1208968,0.7569924,1.0076662,1.8965482,0.80990726,0.5116037,0.6511732,0.82914543,3.1250553,1.6982656,1.9161983,0.048425976,0.5863474,1.6090852,0.33188084,1.0025705,0.08394588,1.0211197,0.012622835,2.4214144,0.009790475,1.8306875,0.2683927,0.32530692,0.6136366,0.96688724,0.9870116,1.9457675,2.7728567,2.912333,0.2664382,1.9717464,0.3917778,0.46012565,0.49697757,0.1413176,2.4907625,0.74092287,1.9160794,0.48505977,0.5958704,0.7081094,1.9811574,0.5807963,1.5205094,0.5111244,1.0311068,1.0362368,0.46795288,1.1150848,0.95688665,1.3741181,1.2151254,2.2219162,0.6911504,0.4500288,0.2247832,2.7489414,1.7349997,0.5756479,0.08071925,0.14740874,1.0409802,0.90366906,0.06996489,0.0972286,0.9614248,1.4885697,0.7521616,0.9383224,0.40904367,0.7655566,0.120659985,0.5226803,0.166248,0.4778408,2.2397797,0.25377056,0.94242686,1.0380138,0.28556177,1.7141001,0.5399794,0.9458657,0.7882563,0.2535153,0.34580716,1.377856,0.15711428,1.0595206,0.5497915,0.26649454,0.4268649,1.3871171,2.2923138,0.58245695,1.2010449,0.23176143,0.60335565,1.0963889,0.038298897,2.2432952,0.4024484,0.51307106,1.2978475,0.6053767,0.29656824,1.241865,1.6016662,0.652926,0.48688787,0.42721188,0.21644631,1.7794104,0.76415795,1.0180178,0.0804571,1.8608822,1.2601752,1.2676097,1.9471593,1.3200549,0.53041893,0.14327653,1.8018973,0.1437845,0.6426707,0.56930304,1.4278386,1.671737,0.2535332,0.07533854,2.9141371,0.5164848,0.26250085,0.38832504,0.8890641,0.11252789,0.55018663,2.3464196,0.26420936,1.7759025,0.16814555,0.38917464,0.104308456,0.16407518,0.41670954,0.5218938,0.9194024,1.1703371,0.044859428,0.8572268,0.5049532,1.2949109,0.2384505,0.18012296,1.2512934,4.7020717,0.38042238,0.011340971,0.8464616,0.108108155,0.923479,0.3291133,0.37988776,0.72694266,0.3741121,1.1451186,0.49624586,0.16867751,0.5001339,0.24945045,0.9743853,2.0790715,0.0016247052,3.239001,0.98540103,0.5882478,0.021864949,3.0798066,0.3069737,1.0701728,1.6527486,1.9403098,1.0668973,2.9721081,1.0795492,0.47182176,1.4602047,0.33447894,1.1760768,0.9988808,1.4575192,0.093985505,0.43036595,0.15258092,0.34531718,0.14152446,1.0246284,1.7017189,0.031256773,0.7186173,1.0127168,0.6540733,0.5807583,0.252264,0.26136255,1.5363256,2.6672406,1.054011,0.12317865,2.5613232,0.61147517,0.29666656,1.2920527,1.0648335,0.49404106,2.0443804,0.0012913333,1.0770174,0.9676112,0.24283868,0.1312411,0.5950053,0.8219203,1.0186784,0.30092987,0.69798285,2.2426746,2.9440463,1.4219538,2.1607935,3.2925072,0.41278413,3.8897884,1.4875089,1.9279956,0.35382017,0.8098525,1.3012899,2.0616019,0.18749887,2.2816823,1.7381649,0.588573,2.7291214,0.5766891,0.9276846,0.29671177,0.31580734,1.2292324,1.181633,0.48215708,0.06217789,0.3665178,1.2469332,0.8030243,1.0285196,2.0588648,0.041647542,0.39429417,0.50176555,0.07859675,0.008471109,0.16407295,0.94089353,1.2849219,1.4812557,1.255654,0.23801875,1.0945451,0.96866864,1.1253725,1.7141385,2.325663,0.31859758,0.5220208,0.455196,0.9530327,0.7037062,2.4800673,2.8354766,0.8765598,2.0383556,0.8358612,0.7796758,1.9254477,1.1008139,0.53243846,0.016604008,1.5035998,0.831561,1.0499836,0.5209422,0.15096283,0.14439197,0.76384205,0.7102397,2.349858,0.6507281,2.0721192,1.9614391,0.8153783,1.1212116,0.73144203,0.4789747,1.0958587,0.8037047,1.6900575,2.8986523,0.55037516,0.062415734,0.08148024,1.2974001,1.3438975,1.233447,0.6672888,0.2803731,0.023001222,1.7925886,0.22963671,1.0555438,0.1991935,0.48183063,0.33162743,0.43456742,2.6332552,0.6768127,0.23441322,0.15497622,0.6636543,1.8830516,0.5803638,0.57144547,0.017694172,0.48162872,0.43474975,0.2803967,0.22289883,0.2329667,0.06155053,0.36882353,1.2471339,2.5007064,0.8371613,0.36361146,1.2197542,0.96159106,1.4472826,0.18979652,0.6839374,0.0,1.9733338,2.1407664,3.2665436,0.31360626,1.216399,all_pothole_images\pothole_images_2_image_263.jpg
1.4121844,0.7652576,1.3964418,1.965185,0.97070974,1.7294236,0.573763,0.061865553,2.1221912,3.2554448,0.014050291,1.7145118,0.34048122,0.22216357,0.57660985,2.0201836,0.5128177,0.113360405,0.32027093,0.2924222,0.24782647,1.6072875,0.32254013,0.3849217,1.3437684,0.6719613,0.12824926,3.3247502,0.6411879,1.5084567,0.48095104,0.9251413,0.9728461,1.4793533,0.26942623,2.0488436,0.21816777,0.2439799,0.1943749,0.5583222,1.4351003,0.09874625,0.23838952,0.660079,0.95110726,0.021926612,0.23752609,0.4549844,1.3610598,1.920487,0.3345537,0.1132772,0.39197022,0.62892944,0.58230275,1.980741,0.70601666,0.56505126,1.0029871,0.0050412226,0.0,0.322528,0.18180859,0.52846843,0.04287269,1.7540315,0.39748728,0.5250341,0.27200526,0.20770341,0.60911095,0.19099873,1.0654889,2.6487436,0.76042426,0.40067014,0.0074752416,3.0729558,0.16826057,0.1515994,0.09005626,0.23125629,1.6567962,0.51707846,2.6930714,0.8780205,0.3829101,0.1450777,1.8968705,1.603528,0.09428026,0.028961772,0.003426864,0.1981265,0.7636368,0.03572239,1.0145595,1.5291047,0.115209036,0.6983353,0.026839372,0.73700494,1.0065156,0.22893244,0.24593227,0.16558884,0.21277927,0.45163733,1.6155899,0.36143976,0.48847455,2.462087,0.35416448,0.3317645,0.30801505,0.56847084,1.8022311,0.88095015,1.4119152,2.6887262,2.0943313,0.30671912,0.18166228,1.0908338,0.5619938,1.3002378,1.7691814,2.2624469,1.1650409,0.19993111,0.10958148,0.019500144,0.74120843,0.07187845,0.038005494,1.6530955,0.060834747,2.121324,0.7881368,0.2000011,0.4331619,0.20050052,0.4203371,0.23480232,0.26733822,1.9877672,0.0052938983,0.49652943,0.1910291,1.3526174,2.4500773,1.2992272,1.419279,0.19278897,1.8004233,1.5610205,0.13082322,0.27385926,1.310086,0.29838738,0.37834358,0.9478185,0.12043637,2.4338973,0.25384778,0.50916964,0.10955904,0.03137767,2.1406875,0.2711917,0.2591938,0.016718768,0.025211163,0.33881468,0.87054676,0.96730834,0.6185046,0.0,1.3657023,0.7940131,0.02751948,2.7872052,2.4435933,2.209631,2.7080123,1.0308014,0.3024227,2.7411673,1.9354185,1.35704,0.6518668,0.3565845,0.33978695,1.4256269,0.7254782,0.2570327,2.25858,1.2592052,0.28739065,1.3277309,0.61623794,0.6950297,0.69915545,1.4036809,3.8532104,1.1483723,0.9115034,1.9676632,1.9271393,0.9375082,0.0,0.35711816,1.5371256,0.23757541,1.6255434,2.7950218,0.13617654,0.18284759,0.90733415,0.6113455,0.5987537,1.0202768,0.18915589,0.866392,0.02460507,1.1807902,2.701718,0.6832063,0.84960306,0.049241647,0.028471502,0.0013427382,0.29392424,0.17936605,0.9301739,0.13745941,3.15277,0.07781353,0.07805558,0.16308777,1.1960943,1.3753786,0.13407819,0.77149075,0.2095194,0.12434042,1.1959841,0.22317176,0.2759381,3.8109741,1.101653,1.416097,0.9422809,0.72573864,1.0406363,0.48977947,1.195156,1.6707832,1.5649165,1.9630435,0.11037157,0.11928746,1.0601134,0.6876324,0.9908602,0.4462466,0.48395717,1.2301687,1.0533458,0.34787092,0.66401273,0.002401282,0.017180433,1.8105799,2.3129168,0.79624844,0.23446687,0.80369395,0.71812487,1.345163,0.10242127,0.52507573,0.3324303,1.149591,0.25616723,0.90644026,0.95260215,0.055342983,1.2725238,1.2470243,0.67643565,0.6884904,0.043043233,1.4397416,0.11877461,1.9941198,0.6392618,1.7343534,1.2493148,0.5475904,0.33834788,0.48688245,0.9514184,1.5044303,5.0699553,0.70557815,2.2764275,0.90727013,0.46549842,0.25109816,1.854509,1.8190463,3.9980662,2.7477367,0.33722532,1.3546118,0.18184014,0.7037118,2.520727,0.65201634,0.856702,0.005738169,0.74747926,0.87509465,0.8605307,1.4238311,0.9481069,0.090362206,1.262509,0.5611061,3.8374965,0.11179077,0.97849417,0.46249837,0.06077781,0.065381,0.66153,0.1581299,0.008107334,0.123847276,1.8371753,0.28099892,2.1623943,0.07686669,0.46861678,1.8215886,0.22754358,0.30480504,0.15183899,1.0110714,1.3249804,1.2260604,0.7125997,0.48778558,0.39916274,0.033662878,0.22484931,0.7209887,0.32415724,2.8998547,0.10626199,1.1580667,1.3434815,1.4417944,0.8568901,1.9095266,0.5684355,0.22167797,0.06335558,0.13159065,1.4737203,1.8997747,0.8343386,0.036356967,0.60438925,0.16056384,0.23714676,0.17187992,1.0284642,0.43574348,0.48807493,0.10666133,0.07299382,0.6342078,4.461672,3.5377715,0.81845933,0.018335607,0.113351956,1.6113589,0.73623985,1.4391342,0.7541642,0.75754607,0.0028384568,0.14533147,0.75037944,0.5680071,0.009036181,0.18761627,3.801208,1.1902372,0.337584,0.022263337,0.029977636,0.16031303,1.0702636,0.097306155,0.07751058,0.17988348,1.5921677,0.43492016,0.4504983,0.54462963,0.0,0.47584006,0.94268125,0.24909315,1.1344727,0.31861967,0.568198,1.871425,0.5607171,0.6072118,2.5133462,0.62297875,0.577845,1.021605,0.33439472,3.4375956,0.5006508,0.27642834,1.2441728,1.6545637,0.61413455,4.8243384,1.5584737,1.4795077,0.027192404,1.5607692,0.08402049,1.0567764,0.9988243,0.7513459,0.38448212,0.065122746,0.07527217,0.6551489,0.16073395,0.84655386,1.1527951,0.47360867,0.9642029,2.0256927,0.9656139,2.599746,0.13672061,1.6608824,2.378321,2.9730072,1.2308974,0.49555892,2.7341328,0.09576409,0.40376747,0.39837158,0.48067793,0.012793228,1.2969888,1.1828803,2.1289499,0.59464675,0.46326032,0.44870266,1.2383792,0.6503108,0.066633046,3.0535731,0.48946926,0.08893707,0.07747931,3.275341,0.6944873,1.8155271,0.088783644,0.16912504,0.66680455,0.31034026,1.6520821,0.15999413,0.32862788,1.6298307,0.7465365,1.6089854,1.2826858,1.6294154,0.24735197,0.032455135,0.40121666,0.27090275,1.1134735,6.154142,1.2837969,0.70177084,1.748067,1.7388109,0.1319479,0.59770036,0.2362343,1.3561789,0.17186883,0.8791304,all_pothole_images\pothole_images_2_image_264.jpg
1.3955805,2.4846017,2.0999143,0.057805944,0.3981363,0.007862448,0.8205053,0.83328533,0.26374695,2.7682395,1.1000097,3.2858033,0.72643,1.6435857,0.3087303,2.392177,0.14154893,0.18936001,0.061087236,2.0028434,0.328165,0.8963,0.5174405,0.46677095,1.0165259,1.0949538,0.49419215,0.5030274,0.29298288,0.46338034,1.0962659,0.7860574,0.41471127,0.56405574,0.9178249,0.7288242,0.2512706,0.7569043,2.307094,0.36318272,0.7544283,1.5606811,1.7191838,2.7842162,0.7112389,1.743893,1.1212367,0.38999423,0.06396441,0.48838836,1.6315945,0.45413572,0.95809966,0.10487112,0.24202463,0.28998503,1.0080571,2.2281706,0.4696148,0.9476353,0.22628902,0.89685553,0.9816353,0.40790674,0.076275155,0.7216568,0.27060455,0.7282319,0.09295176,0.62703514,0.32115158,1.7230159,0.2105111,0.75315,1.0477289,0.52571195,0.35034373,1.5282837,0.6004761,2.7996614,0.5246136,0.93115216,0.76998556,1.5451638,0.04846063,0.958528,0.15231438,0.5145066,0.95012665,0.88453776,0.8970513,2.3445575,1.9669942,1.1951507,0.17300338,0.15256755,1.5786532,1.6024063,0.94592464,2.6316948,0.34214967,0.14927435,0.13770497,2.1736994,1.8396927,3.7114532,0.39767626,0.40051225,1.3785391,0.6650724,0.094825014,1.5248415,0.0279627,0.475771,0.04379587,0.90640426,0.2033584,0.54855084,0.032664657,1.106917,1.4741384,0.78885293,0.41253218,0.3954631,1.4705614,0.6092046,0.34337848,0.10521361,0.52417654,0.17560847,1.2019067,0.62019217,0.2718024,0.7804312,1.3940971,0.65932626,1.1857387,0.09147292,0.02195929,0.71967363,0.18374266,0.16716743,1.2458036,0.18594423,0.41735536,0.7095256,0.20028554,2.0141478,1.6667491,0.5186776,2.519206,0.9415953,0.33577096,1.4528606,1.9558238,0.15672189,0.7691187,1.2317363,0.19924693,0.15184759,2.0437593,0.2500437,0.22187777,1.015822,0.058433197,0.14129734,0.3719544,0.0077553196,0.052345656,1.393901,0.5669146,1.889231,0.4208517,0.06353942,1.0704483,2.6169994,0.0017820231,0.11216087,0.031072807,0.54263103,0.4493832,0.0,1.0961695,1.9757802,0.0051642084,0.3995161,0.7319291,1.4153941,0.25192434,0.06968962,0.810539,0.97667885,1.4324415,1.0414572,1.123142,0.01606282,1.1357543,1.4130825,1.0931877,1.258091,0.5664963,2.7361348,0.071809515,4.4404116,0.012472282,0.90318805,2.999703,0.2667001,0.72993076,0.33810416,0.17964473,1.3307654,2.3461313,0.7025988,0.7544725,1.0400356,1.0176132,0.14853054,1.4029828,0.35314777,1.9055203,1.4266317,0.531766,0.22817434,1.2629923,0.089105256,1.2749298,0.09781521,1.1187941,0.2954451,1.0945338,1.3718897,1.0457733,0.20682979,0.5232946,0.27011153,1.9428734,1.4397173,0.77964586,1.9193838,0.18718258,1.4112495,1.2818202,2.3791366,0.1585389,1.3211125,1.2189006,2.3075194,0.36430055,0.005856835,0.2234908,0.7231308,1.0915337,0.5585546,0.72515815,0.05639409,0.80636656,0.64244485,2.3541868,0.738381,0.65783244,1.481,2.255635,0.9772773,0.31900018,3.066598,0.014327937,1.5767894,0.44174376,0.4100708,0.44314358,1.4990636,0.43947023,0.7120294,0.25806332,0.4137884,1.5245817,0.8492243,0.9858757,0.1136675,0.3321372,0.06877266,0.4178789,0.70823497,0.16742757,0.0,0.22017539,0.30366027,0.09871451,0.16964424,0.729953,1.3619142,0.21997517,0.6278259,0.4803785,0.27780876,3.4702215,0.61371434,1.5836294,0.8373418,2.3916976,0.106813684,1.1474651,0.651473,0.58098465,0.07554595,0.56793886,2.8217778,0.65297794,0.7160238,0.19616829,0.86977595,1.4399343,0.5420574,0.7688764,0.82721037,0.35805947,0.44281843,0.65793383,0.93536437,4.229925,1.4508339,0.39367527,0.115174614,0.22373575,1.6765021,0.5039416,1.1162428,1.0280825,4.189486,0.00229481,0.17870009,0.9713337,0.87072474,0.24800964,1.4824748,0.62418795,0.66130817,0.097597234,0.72106636,0.320148,0.3404415,0.23753664,1.9744136,0.10721192,0.21111357,0.36927795,0.9119337,0.014018504,0.09302592,0.41174367,2.4394357,0.42228177,0.22471252,1.0316035,0.7298605,1.0097419,0.4677624,0.082961336,0.6686776,1.8019894,0.05686956,1.0191547,0.7179738,1.2463262,2.2760134,0.103414595,1.554704,1.3256942,1.1325628,0.33645323,0.9650773,1.2875081,1.2581608,1.0550733,0.024496868,1.6358312,0.6779,0.93622655,1.0510553,0.5846355,2.9840996,0.043432817,3.3138738,0.30253085,0.21143633,0.54997164,0.24090621,0.2006252,0.0032089166,1.5086917,2.309795,1.673636,1.2128133,0.10930685,1.0699862,1.4630208,4.2160716,6.4016604,0.04504905,0.51132876,1.0566456,1.0532941,0.79027337,0.47985622,1.7760717,1.6085767,0.82747686,0.26671064,0.37431377,0.2673833,1.4885526,1.0074103,1.268964,0.4097321,0.3140861,0.79669625,0.6536944,0.034609396,0.3193093,0.0027089946,0.5588767,0.92882895,2.4173732,0.2252726,0.13213918,0.41158918,0.05114198,0.113022685,0.16781344,0.27171504,0.08157419,0.2859792,1.0236032,0.117796525,2.3563359,1.4150915,0.2841675,0.3656188,0.53619003,1.3599203,0.74784243,0.31881878,0.87963665,0.45324972,0.44621715,0.64736056,2.1033428,0.9413704,0.26632315,2.27447,0.2867253,3.2176943,0.34079105,1.5045869,3.0036635,0.0,1.70071,1.2153829,0.15330987,0.13482018,0.30776417,0.66244876,0.5451562,0.70909953,1.6249349,0.8923405,0.8833802,0.26849478,1.6463197,1.1128463,0.9301136,0.43740302,0.17731406,1.4103669,1.2777791,0.5118895,1.119016,1.9950227,1.0352275,2.969982,0.3920597,4.576112,0.028308498,2.1155553,0.16405852,0.58195245,2.0452535,1.4385897,0.36692178,0.22703774,0.34462655,0.2881778,0.6360723,0.13805932,0.47730878,0.16855177,0.9284839,0.05343405,0.2871335,0.24227169,1.5346227,0.0,4.4629745,0.95371103,0.8174136,1.1303146,0.2827519,0.14120571,0.5236314,0.063396774,0.19405602,all_pothole_images\pothole_images_2_image_265.jpg
1.4694793,1.1249802,0.3864816,2.2407792,0.24883881,0.6607995,0.6005582,0.16109227,0.31455117,0.09435926,0.23715301,0.31905633,0.53173095,0.7948907,0.4038252,0.40792647,0.11678519,0.48043978,0.28716955,0.099676594,0.71949655,1.1823766,0.4710676,0.45182574,0.9996531,0.44684264,0.5980945,1.8679286,0.3546638,0.07473876,0.600594,0.5835476,0.04181307,0.5672216,1.1811581,0.7611827,0.6381079,0.52400905,0.62253505,1.6173627,0.051422887,0.3156529,0.1737292,0.9074708,1.5761464,0.6914149,0.03974406,0.058999762,0.28444278,0.9295558,0.4928566,0.11075695,1.0693982,0.7022168,0.015772315,0.8499846,0.37025964,0.16252966,0.43317607,0.17404585,0.6665598,0.95880187,0.010266019,0.9343704,1.3798513,1.0906013,0.6641755,0.3086318,0.3852129,0.46069732,1.8240515,0.5863178,0.9061863,0.31083304,0.27272767,1.3832822,0.36455956,1.615882,0.06844824,0.26804587,0.4683654,0.08836015,0.15342963,0.38208154,1.8057185,0.81323016,0.007355027,0.18855028,4.7976894,0.3987456,0.32694057,0.48418355,0.5644845,0.3228942,0.96854895,0.2366828,1.2889302,0.8495673,0.18827732,0.15599601,0.10222459,1.115081,0.41175875,0.4843996,0.2686075,0.0019177969,0.5432937,0.99859095,0.08176854,0.31327394,0.6947423,1.9378893,1.5253575,0.7100022,0.418135,0.88257325,0.5532418,0.004962597,2.663002,0.28497595,0.07652412,0.53198767,0.4236861,0.83584744,0.3241929,0.9694304,0.7965895,0.718688,0.41896072,1.2627064,0.38478243,0.0016877742,0.49627346,0.15655832,0.22081257,1.1166966,0.22298408,0.8454109,1.2024249,0.71603525,0.33339113,0.5253269,0.1397108,1.071891,0.40009314,1.7885193,0.083438136,0.6542427,0.14569266,1.2491,0.3842734,1.2451566,0.00697183,0.0057445145,0.3511701,0.9104576,0.8895679,0.19932139,1.4679204,0.5465843,1.2213005,3.9050167,0.014909149,0.86336285,0.34399146,0.5312734,0.87645376,0.0013846776,2.576688,1.1857841,0.21820933,0.033465046,0.20402126,0.038696956,0.5288883,0.00050835655,1.1786926,0.10393378,0.22939292,0.32639447,0.28087223,0.83132714,1.4784713,1.9914379,1.6508867,0.9732043,0.15144572,0.9847291,1.3530377,0.22748467,0.046114,1.0306011,0.00036359354,1.1884874,0.28359464,0.66617924,0.914782,0.18306403,1.235616,0.6200373,0.33671322,0.4219495,0.35915962,0.6643283,1.2288015,0.96782917,0.57145226,0.1600261,1.9708331,0.9462205,0.690036,0.54138184,0.9422937,1.6537935,1.4689051,1.7426654,1.440002,0.23206402,0.5647841,0.31549573,1.6220975,0.37180114,0.7295474,0.68930703,0.024592876,0.41157797,0.22072136,1.2938032,0.88079387,1.2587593,0.58934015,0.672334,0.422767,0.87247574,0.29272908,0.07189811,1.4123149,0.39093745,0.31156582,0.48395842,0.7846827,0.07826485,0.73342067,0.022099877,0.14800024,0.34159413,0.5850498,0.24736169,0.39174113,4.7952476,0.7055739,0.17736167,0.026907083,0.3875008,0.019144228,0.18038765,1.2848957,0.36265936,0.60047853,3.85491,0.03044796,1.2920039,0.9141645,0.45357388,0.6081957,1.1513981,0.012582947,0.93683344,1.6317303,0.14357497,0.9704456,0.05659482,0.23332977,0.45071563,1.2269502,1.5274167,1.0280914,1.3904328,0.5577915,1.052366,0.034108203,0.020957982,0.2770714,0.3195392,0.81658155,0.14915831,0.49393174,1.0474439,1.1781967,0.2540423,0.039039403,2.230286,0.19001134,0.35711458,0.46728662,0.4252744,0.30006897,0.9014693,0.4189448,1.8493087,0.86868846,0.65329164,0.12378451,0.8964733,5.012955,0.89605916,0.008332528,0.5116769,0.5331145,0.10950388,0.22268295,0.037554428,3.6913853,1.553087,0.0,1.0127006,0.18346262,1.2020757,1.3297614,0.59437996,0.40650013,0.033851717,0.50582427,0.3917797,0.8618838,1.1229469,0.7950789,1.0976225,1.8162804,1.1793885,3.940968,0.18017535,0.004132157,0.0,0.62354976,0.47997057,4.3334312,0.09327327,0.7622411,0.33552107,1.1241695,0.7080231,2.3420663,1.3006815,0.60234714,0.6211843,0.33737797,0.7279756,0.64613444,1.1822582,0.22558776,2.1053696,0.40813497,0.13412647,0.16009955,0.12813532,0.41546187,0.5250346,0.3361979,1.2362962,0.4496629,0.20463207,0.15735865,1.1650285,0.0,0.4142624,0.25437266,0.84157103,0.229621,0.14403664,0.41659304,0.28631762,0.65346783,0.013078236,0.09092603,0.51300293,0.71210307,0.13626835,0.8308375,0.5583969,0.83664733,0.03040321,0.79224205,1.1310735,1.7676728,1.5031651,1.6828521,0.17626022,0.5247027,2.2150161,1.9016477,1.4642047,0.02603415,0.45891508,0.0,0.13258272,0.49764383,0.23130167,0.24180435,0.9277834,0.8801746,1.226591,0.26428673,0.95382977,0.6184169,0.4074613,0.35001272,0.57135946,0.37817305,0.22584619,1.4894836,0.4927625,0.2877147,0.53076744,0.042681858,1.2547567,1.0868278,0.29107848,0.506345,0.4641702,2.637628,0.373169,1.6107228,0.37856662,2.2349582,0.6069906,0.8507279,1.7717918,0.21248648,0.5943929,1.0600247,0.0,0.14740302,0.19016527,0.47996667,3.273806,1.1918573,0.77916014,0.4232856,0.4590105,1.0704681,0.5764601,0.00025211423,0.06935026,0.117652655,0.17274338,2.110625,1.7686965,1.661675,1.5632868,1.3841438,1.3580308,1.2326891,0.5544961,1.27971,0.25932658,1.4857261,0.96808726,0.49852392,0.59383166,1.1707058,0.17197093,0.5693587,0.48132214,0.63103753,0.56458366,0.36460257,0.56877005,1.2538922,0.631306,0.573576,0.09623977,0.5160461,0.14731847,0.6558902,0.0033431444,0.85911304,0.43746063,0.58182806,0.18704619,0.18333596,2.6780312,0.73277974,0.23124053,0.037179198,0.021776821,0.516393,1.0117111,0.4933902,0.0,0.22239363,2.541939,0.018888088,0.16188477,0.0,0.08593744,0.0,0.25350168,0.14840657,0.42774728,0.76309,3.5353928,0.21930335,1.08458,0.5786288,1.0829438,1.1732363,0.094532266,1.1962306,2.139539,0.34616515,1.5830984,all_pothole_images\pothole_images_2_image_266.jpg
0.5054022,0.35870528,1.5824501e-06,4.191778,0.96557194,0.0013068398,1.2946686,0.10962199,0.7322869,2.6311588,0.51475906,1.497674,0.006811542,2.0395987,0.6813677,0.11850507,0.19448487,0.5490619,2.4777966,1.3547248,1.3966401,0.052110855,0.585377,1.3300929,2.460063,1.7092985,1.5837532,1.3958732,0.0017009124,0.6021015,0.14490686,0.0151642,0.6280139,1.1355603,0.13758664,1.0930704,0.6619401,1.3388603,0.52724874,0.16100402,0.34575975,0.8992328,1.41835,0.45237035,0.52316886,0.4310977,0.20492491,0.4315222,0.14566427,0.0005208676,0.4850013,0.5641445,0.045402884,0.012538268,0.12134222,2.320165,1.4373392,0.9266961,1.4504807,0.02987092,0.43217048,1.2193319,0.0,0.53116184,2.341019,1.1996307,0.004080501,0.05910704,1.4212123,0.5343765,1.3203716,0.19503729,0.2880336,0.3030077,1.0854554,0.38321015,0.95097023,1.2112896,0.5811225,0.03275976,0.5078656,0.6542787,0.31271955,1.072077,0.53913915,0.22562583,0.5012518,0.23605223,3.128423,0.16687953,0.13793637,0.6932466,0.26073048,0.8524384,1.2188972,0.31226844,2.1788938,0.016335288,1.1510981,2.441442,0.0,3.2872999,1.1090716,0.88981307,2.1242974,0.013143198,1.5831034,1.1023813,0.1316684,0.038912248,0.055613663,1.9497895,1.2589808,0.8256476,0.921042,0.02931982,0.033431295,0.5474213,0.2899665,0.050699312,0.28151956,0.19216876,0.6065735,2.0408883,1.2748073,0.0,1.1069229,0.2483972,1.2681785,0.33086002,0.9881254,0.012802677,0.4329254,0.35513458,0.35408735,0.43457568,0.24198736,1.2326827,0.3999404,0.6092672,0.18182506,2.1604836,1.0757115,0.71711016,0.055870265,0.4898073,0.105905846,1.0521023,0.45196655,0.006937764,1.5555258,0.019323528,0.00039637217,0.6569251,1.7948105,1.7274618,0.2731634,0.0,1.1506029,0.600547,2.4882467,4.5330772,0.24720497,1.9673386,2.8394601,2.3379548,1.0764358,0.49345696,2.1632035,2.126996,0.07785819,0.22300762,0.0,0.032666057,0.16685288,0.44197667,0.88584757,0.005191584,0.033011068,0.02501771,0.1047966,2.5019186,0.0,3.0107715,2.561563,1.9579433,0.20863006,1.2660958,0.38941666,1.4449855,0.56884825,0.18092574,0.17284787,1.0917703,0.117126,0.1217172,2.7973921,1.599048,1.3747588,0.7806352,1.1433759,0.36549875,0.0,0.10910279,0.0,0.03300007,0.770796,1.2127075,1.035997,1.0194701,0.0037538055,0.16942267,0.9348247,0.2830967,2.466601,3.5102196,0.31840083,0.16853943,0.25053322,0.78306204,3.212363,0.22047153,0.6582726,0.69459,0.07419212,0.3684496,1.1825235,0.69216305,0.6480439,1.0506755,1.4289169,0.13137566,1.2253178,0.3383672,0.36601564,0.1110063,3.4173717,0.22772303,0.711013,0.31937277,0.8879247,0.21456034,0.9186753,0.21474122,0.93804383,0.005789614,0.65601194,0.4149615,2.2531214,6.7252297,0.47425795,0.9149556,0.033566203,1.2351652,0.13595845,0.8732527,0.51404226,2.1420639,0.25801906,3.7883306,0.56157273,0.37325808,0.28010634,0.3561042,0.0,0.74753135,2.6826146,0.08359302,1.5706061,0.037055444,0.61740005,0.0075260047,1.3130265,0.037918918,1.2226415,0.683594,1.0326798,1.1838688,1.1414664,1.6063807,0.03761255,0.3121314,2.0639846,0.42828372,0.25149798,2.0040722,0.9162192,0.11631254,1.7911799,0.74492645,0.0065381676,0.39251575,0.46109173,0.9773195,0.8169244,0.95381147,0.06743984,0.16868378,0.013028619,4.478846,1.3776894,0.31865552,0.18546519,0.011381154,0.38994816,0.87013686,0.70427954,0.035473898,0.41044718,0.5297378,2.654544,1.1101755,0.423171,1.2001818,0.9097575,1.2834197,0.006339664,2.1714017,4.127497,0.6643535,1.1880777,0.06571892,0.2032003,1.1478136,0.9323068,0.23803765,0.045504987,0.0030538265,0.1950496,0.5493703,0.70572466,0.39069742,0.009334673,1.1242937,0.9201252,0.24413086,3.713666,2.7055595,0.61743504,1.3019382,1.3625693,0.25105283,0.39880398,4.6180115,1.4479983,0.80910957,0.8036799,1.6807771,0.07591601,1.0001901,1.4606357,0.5350794,2.5049977,0.21888398,0.0,0.8995049,0.014765744,4.1778207,0.85561854,0.90817803,1.4500927,0.7923047,0.85479975,1.658081,0.015093526,0.36060205,0.9087091,0.0032111658,0.26552504,0.2152017,1.3514783,0.04342199,0.012232236,0.20501989,0.10983494,0.7866075,0.59536487,0.1821298,0.8923242,1.2431055,2.5055065,0.27281517,0.37332168,0.20700392,0.26334786,0.8249121,1.2446736,0.09790489,0.078054175,2.5109608,2.0427651,0.3908912,0.45835483,0.6852308,0.02940601,0.010857189,4.570185,0.78437865,0.5846702,0.42059574,0.11991908,2.5259752,0.307842,0.35123855,1.0810182,0.11333466,1.0483633,1.6652925,0.8066087,0.018550983,0.19547828,0.12121904,0.008356149,1.1511087,0.024286738,0.7377271,3.5891316,0.12698242,1.7508348,0.5081178,2.8082287,0.65352297,2.7847037,1.7697881,2.6306937,0.04409342,1.60096,0.22065645,0.828458,0.5557809,0.02555377,0.09889448,0.63670886,0.47749,1.7945945,0.47285652,0.11371929,0.3999081,1.08557,0.034182824,1.257346,0.24535476,0.10910791,0.0,0.0012811866,0.0,0.6018439,0.21245275,1.9256673,1.8765885,2.8877263,0.6468484,0.14308102,0.5609929,1.0465323,1.3483301,0.20593618,0.0,0.45645484,1.0747823,1.69972,0.18459556,1.2698674,0.1858445,0.57351935,0.38273463,0.028102485,0.57828295,0.45537773,1.5958209,0.2044557,0.4440886,0.07121594,0.96758,1.5333828,0.27672893,1.2150058,1.7157738,0.70012665,0.23111172,3.6687336,1.4163475,1.4991024,0.90271175,0.1198085,0.27161157,0.71677107,0.9124161,1.8909223,0.075952515,0.47904643,3.0688033,1.2652999,0.14760236,0.0,0.58596253,0.93290645,0.41680923,0.1917257,0.6274059,2.9202719,2.9355867,0.8775876,0.4576023,0.3712937,1.3492316,2.088239,1.0256205,0.014696682,0.8469341,0.103925265,0.2412323,all_pothole_images\pothole_images_2_image_267.jpg
0.16834897,2.2817264,0.5400088,0.021975854,2.0184789,2.6259441,0.5028063,0.1685765,0.4513626,0.510984,1.5593112,0.5037737,0.14597072,0.84908307,0.34165597,0.99503505,2.1033163,0.2382025,1.0739754,2.4059947,0.34863466,2.7808776,0.5356786,1.971452,0.8441557,0.95502394,0.0896706,1.228763,0.65257883,0.90016603,0.38607064,0.028803531,0.5984567,0.020573348,0.7653114,0.954768,0.3893715,1.7435402,0.14381646,0.15851113,0.103916354,0.3828659,0.0,0.2765616,2.0805683,0.18036559,0.5396477,0.28933778,0.12552111,0.18217261,2.5090683,2.6461897,0.9038212,3.5895243,0.37885886,1.3459572,1.667498,0.7734884,1.1222411,0.075735554,0.49918193,0.2025526,0.53161234,0.28672785,0.32805437,0.8203179,1.0568593,0.9197362,3.4313715,0.16668914,0.042160798,1.2240663,1.6200378,0.3572467,1.7860764,5.5313277,0.08947389,1.2738042,1.3537152,0.15304035,1.6689861,1.1284149,0.20132719,0.27262118,2.4515991,0.5226282,0.00035757298,1.3068771,3.2933369,2.5160403,1.9213624,0.30714706,0.6246219,3.8565512,0.07608371,0.12720174,0.2596773,1.5360402,0.4819235,0.67639804,0.42107293,0.5727887,0.09772021,0.7552784,0.27136368,1.7981212,0.017802544,0.07159772,0.12003031,0.27029446,1.3162017,0.5651814,1.434579,0.8882856,0.5803674,2.6701486,2.394321,0.9341312,0.15560302,0.5262579,0.4346958,4.8277025,0.59535813,0.47792283,0.2140982,0.6479307,0.38283944,0.2801092,0.66357875,0.18934697,1.5207307,1.2069647,1.6739377,0.12541126,0.4750817,1.084215,1.3120185,0.2826232,2.5330534,0.0,0.34753203,5.6717234,0.4199668,0.82386804,1.7877022,0.43004104,2.2581751,0.0,1.077802,3.1186843,0.04382029,0.9790871,1.0592476,0.15345643,1.5724882,1.4225556,1.1789012,3.2895813,0.80322397,0.21882331,1.1284258,0.09564757,0.29288486,2.986527,0.1832287,0.2700151,1.1720835,0.39496207,2.1606576,0.1203312,1.3182216,1.1173937,1.5683544,0.73735386,1.672559,0.028862122,0.55182225,0.01684746,1.0869408,0.3608481,1.2838343,0.04445256,1.1507444,0.5372572,1.5449988,1.0895226,0.8712777,1.0044833,0.13872239,0.041177027,1.6795206,3.0386894,0.3151201,1.5934634,1.0707207,0.0,0.18833484,0.45210862,0.0,3.3837047,0.19754612,0.058575727,0.74103963,0.4236269,1.2663763,1.6216922,0.52342534,0.10700509,0.50514174,0.83918345,0.35259908,2.0702693,1.8673902,2.5618854,0.3584269,0.44598752,0.13240562,0.117074944,0.42730945,0.3175265,0.25859892,1.3950105,0.22097532,0.12336612,0.5993103,0.19455555,0.5825744,0.0020927035,0.116195686,0.08852143,0.33539465,1.7021872,0.37651762,0.7751004,0.20358601,1.7822337,0.012129172,0.017901765,0.33064595,0.036587045,0.03385741,0.5823454,1.7886508,0.9041009,0.6997742,0.5170957,0.8932658,0.017303744,0.7948026,0.17910035,1.0813646,0.41808808,2.7596467,0.8145635,0.13808806,0.75749284,0.23314409,0.9135759,2.3499055,0.22791013,1.0894368,4.3816705,0.6988167,0.564719,1.1233945,0.2605364,1.2396551,0.42910007,2.0028162,0.6919694,1.4979192,0.5488957,0.36027834,0.8662244,0.557808,0.5522861,1.3770167,0.18056606,0.7676033,0.21737394,0.06794472,0.63332707,0.33993518,0.5595003,2.4856207,0.43729904,1.6509128,2.869576,0.6606542,0.6298869,0.21772785,1.1657523,0.24677032,1.0609477,1.2104129,0.34543687,1.9408631,1.4647431,0.41694263,1.0978304,0.33633968,1.78835,0.6812688,0.68928695,2.297977,0.038349483,0.6793834,0.30944854,0.6555333,0.054937795,1.2328027,0.5450543,2.827629,0.36451206,0.1675828,1.0186509,0.4220005,1.0133692,0.058837082,1.2287592,0.3836504,3.5855877,0.5131883,0.7549604,0.6070558,2.1594431,0.038331322,2.1176424,1.4725807,2.5389872,4.0638804,0.43723592,2.1181762,0.22988926,1.974614,1.0029784,0.7554587,0.212296,0.27832997,0.16856724,1.1035753,2.584488,1.9342268,0.04197382,2.6626418,0.91832215,1.6464808,0.30009657,0.322962,0.63231504,0.0,0.66154885,0.27902564,0.41927364,1.9263785,0.07795639,1.2955248,2.1571033,0.8091314,0.23269606,0.66929907,0.5601802,0.5591978,3.6609604,0.9394426,0.26552382,0.5347698,0.07468382,0.01848162,0.037295043,2.621452,1.439982,2.003692,1.7885984,3.0031676,0.23496534,0.26885527,0.113933824,0.6045639,0.53654504,0.13938224,0.078554794,0.20298013,2.1989746,2.6198742,1.9763271,0.29750067,1.3535868,2.659835,1.8328279,0.6469584,0.33398047,0.049708147,0.04517214,1.2851927,0.5328192,2.2844384,1.8200085,0.5152954,0.90222865,5.587037,1.2066761,0.02587821,0.6311313,0.08666938,0.18244974,0.058211368,1.2579548,1.0960531,1.880216,0.7649732,1.4723632,0.4110366,2.256362,0.07934687,2.4287107,0.56392103,0.7354646,0.016360266,0.542499,0.27124423,0.678342,1.6660122,0.44275784,0.7417979,0.77147245,0.017007736,4.368121,0.07238926,0.39215222,1.6599544,1.2031993,0.3983064,1.0725708,0.27220303,1.6768988,0.6765175,0.2848957,1.1272274,1.9096698,2.0199773,0.17199065,0.026129717,1.7250793,0.34478605,2.6145947,3.98029,0.2749531,0.09625076,2.201179,0.5423791,0.4407886,1.3633354,0.9163656,0.695625,0.11928409,0.52593285,0.04786082,0.2073732,0.17456259,1.1681547,0.34187317,0.3096278,1.9923388,2.9705646,0.01612366,1.3098674,0.437713,1.6201885,0.14944606,3.0171015,0.31830555,0.7480827,0.016859995,1.5871928,0.4416963,0.116983116,0.2607305,0.96853703,0.35850614,0.943847,2.0726821,1.3577017,0.3425528,0.14791988,0.08628923,1.1503352,0.026522111,0.916063,0.016188474,1.4253985,0.18395273,0.03216056,0.05596832,0.67981905,0.1294627,0.13657488,0.0045127845,0.4754247,0.27581054,2.5478814,2.0066776,0.839372,0.07074402,0.40884826,1.2690526,0.0072356546,3.2329545,0.3000457,0.2559989,0.5166063,0.26605743,all_pothole_images\pothole_images_2_image_268.jpg
0.07093552,0.96872437,0.51687276,1.9870169,0.7426972,0.040589415,0.29366842,0.3260433,0.5521354,0.128507,0.28215334,0.20863089,0.030024698,1.3562893,0.010372495,0.12652577,0.039976984,1.677176,0.70796555,0.20322856,0.032026645,0.29348692,0.16306041,0.3626259,0.38432455,1.1355891,0.5206041,1.4611888,0.0,0.14412664,0.0630668,0.5982015,0.171694,0.23481528,0.010954261,1.4092017,0.25576225,0.12593982,0.28600633,0.41336447,0.096385606,0.13389096,0.061522152,2.0817275,0.71136326,0.21970794,0.23919354,0.0900745,1.7366127,1.1382408,0.31278273,0.14652993,0.23828211,0.11140481,0.1017189,0.54397315,2.2116232,0.26285264,2.2675548,0.21665668,0.15929596,0.14607179,0.45832965,0.12194252,0.3500704,0.83179224,0.1532496,0.9980518,0.034821745,0.584828,0.049267214,0.20872831,0.18460102,0.08743066,0.354494,0.26737905,0.24711037,0.13829759,0.008265384,0.32146543,0.0950581,0.20414896,1.9843508,1.0752761,0.08438625,0.31630948,0.71915084,0.006385518,0.69535357,0.105103575,0.15232575,0.80369264,0.28589314,0.0068285647,0.08295518,0.58356565,0.4239759,1.1593695,0.19772206,0.037274856,0.13066582,1.0856322,1.3306586,0.05002412,1.0134614,0.09328134,0.014251662,0.48515022,0.103155404,0.5985119,0.024413,1.3740524,0.25766543,0.11041257,1.3813052,0.01402439,0.747314,0.08099044,0.99603844,0.22792615,1.0186144,0.22484705,0.07961181,1.1740389,0.302631,1.0143927,0.4363234,0.09455872,1.6607401,0.0,0.06835984,0.09743601,0.17160773,0.22103456,0.10109917,0.24130712,0.019290294,0.13243791,0.19909494,0.58334625,0.2869902,0.021366468,1.0717968,0.32529354,0.19482735,0.123127796,0.011330105,0.4890646,0.8769491,0.13096702,0.92872244,0.05851139,0.056038506,0.1253472,2.1903481,0.10424304,0.37631786,0.07079023,0.124050096,0.32545283,0.53436434,1.566709,0.013866235,1.3964673,0.29506662,0.0028213148,2.111822,0.16696595,0.54603064,1.5254934,0.0864724,0.31915942,0.1440761,0.22361922,0.339844,0.16743217,0.20198621,0.01315368,1.6714841,0.003971789,0.0,1.684507,2.5219343,0.20116903,0.6965923,1.031424,0.7960994,0.12957455,0.2072574,1.590169,0.0216016,0.047394294,0.16253822,0.8077701,0.4980552,0.00694656,2.0603895,0.51327777,0.08558491,0.046372164,0.034709755,1.5427316,0.072275095,0.08356892,0.460974,0.19279093,0.31432974,0.5051869,1.1117417,0.0,0.078022316,0.104120776,0.5388229,0.18110123,1.242177,1.7952678,0.78969926,0.16231766,0.34061578,0.7204543,0.52438074,0.2794253,0.18800172,1.339047,0.04481995,0.18748604,0.44264627,0.99176306,1.5751914,0.92299205,0.038629685,0.043215357,0.3957886,0.0,0.89188755,0.025547499,2.3247144,0.18211994,0.099280566,0.07843475,0.027110834,0.43269444,0.16668315,0.16492917,0.14305896,0.13777179,2.0251596,0.24048597,0.9135029,5.0756927,0.5969692,0.10613259,0.12124756,0.023138674,0.31087276,2.1277637,0.7310507,0.13378562,0.09242369,0.63784534,0.0,0.057010826,0.14650628,1.26926,0.22591472,0.5781381,0.6193218,0.5768582,2.0437167,0.0024847004,0.18877171,0.0,0.34949255,0.5389751,1.0002553,1.188976,0.0039303997,0.47468045,0.17813106,0.12714979,2.2696247,0.9000917,0.71810836,0.06731393,0.13548896,0.1107489,0.4204469,0.0029638617,2.1723855,0.21912721,0.2979893,0.44491667,0.2875815,0.46276543,0.0382364,0.027121237,0.021158392,0.93292195,0.49249426,1.2971424,0.09506777,0.3991838,0.23758958,0.29299578,7.790961,0.68679434,0.043839883,0.20765355,0.3199882,0.7818372,0.07763735,1.0881027,2.046036,1.2507026,0.46141556,0.9637564,0.2528997,0.37443608,4.4022326,0.30573672,0.080234304,0.14461698,0.030212343,0.11018736,0.50992095,0.6112671,1.5938858,0.0,0.0947953,0.03729009,2.6816204,0.07627179,0.31649253,0.08583762,0.0034727945,0.15639807,1.633178,0.06900628,0.056770887,0.47494867,0.33838537,0.69320613,0.27487484,0.6549508,1.0947262,0.3196667,0.034217443,0.008970262,0.37808976,0.23848638,0.7578077,0.25022772,0.44903493,0.23253931,0.04971856,0.17731152,0.19846764,0.85600084,0.6111612,0.19563322,0.26849884,0.78521794,1.4082748,0.12141232,0.27528605,0.2846304,1.0983304,0.061556727,0.120701775,0.20632705,0.3202755,0.10968723,0.68191886,0.29036513,0.77172965,0.6644939,0.69485664,0.13790053,0.028794792,0.010622141,1.0900853,0.028389068,0.39282793,0.46746054,1.9664298,0.17231096,1.0032327,0.0,0.0067320988,0.028346715,0.91522527,0.9802565,1.7647122,0.30547982,0.041891214,0.07506766,0.45098993,0.7280935,0.18367255,0.36952978,0.39676553,0.46043923,0.14042798,0.96074325,0.274735,0.038064502,0.27824655,2.1921947,0.06373629,0.08004857,0.31494266,1.7047135,0.2657983,0.016485132,0.40544415,0.08877788,1.0049055,0.09946247,0.78516245,0.0026118576,1.4948599,0.29010773,1.4472351,2.915567,1.4790924,0.1708315,1.476109,0.07125398,0.029175738,0.20794259,0.28430367,0.5249512,0.06264324,0.27495685,0.6620119,2.5064828,0.18346125,0.016330063,0.26468435,0.77133054,0.0,0.6564827,0.29458812,0.03851386,0.21110748,0.032851905,0.2868149,0.12217801,0.2865078,0.86135584,4.0785713,0.084820144,0.0810574,0.11185352,0.26289886,0.9126244,0.43078625,0.54532087,0.106700875,1.1505911,2.4374657,0.0,1.3121574,0.07602106,0.11046316,0.4542997,0.03051116,0.2820936,0.27655423,0.74851096,0.69336957,1.6859454,0.28137106,0.08000471,0.18757495,1.2206883,0.36726907,0.5418375,0.21785331,0.0064635472,0.24179396,1.1407505,0.6424978,0.21122935,0.033144604,0.12312907,1.2386211,0.54130685,0.8354684,0.32545197,0.27153844,1.5686309,0.7843307,0.24653527,0.017978398,0.0,0.06443791,0.088436544,0.19263321,0.89132845,0.4205356,3.2491448,0.57895416,0.7033531,0.41433313,1.168013,0.4806187,0.4845649,0.08909091,0.001193434,0.7306114,0.30296978,all_pothole_images\pothole_images_2_image_269.jpg
0.7025048,2.2273557,0.20981178,0.82484245,0.40135172,1.1217871,0.39241052,0.05880592,0.66143465,0.007778697,0.9564681,0.6750993,0.19494107,0.5166753,0.05489307,0.7623946,0.31819338,0.1927133,0.88555515,0.41615894,0.0,2.0925531,1.847713,1.8790666,0.6208402,0.062281914,0.013379162,0.2491518,0.23505233,0.89741063,0.6679616,0.15110917,0.1527289,0.1782095,1.2416235,0.66219586,0.30447933,0.6533821,1.8904378,0.31830403,1.1305448,0.1988566,0.07166164,0.2614012,4.1036,0.48458177,0.3253454,0.0,1.1131029,0.31309274,0.9819686,0.8547223,0.6314133,1.7046144,0.5421201,1.2463117,0.30502856,0.29152438,1.2289214,1.479188,0.44414398,0.3702976,2.159145,0.46236917,0.1951122,0.50703555,2.5471637,0.20823658,1.7347608,0.72438467,0.717223,2.0114238,0.36770505,0.067303136,1.6009065,1.1203443,0.47170702,0.2567836,0.33611736,0.33900037,0.65831566,0.32821903,0.46963423,1.6329277,0.9333441,0.118338235,0.61960465,0.11496284,5.3882165,0.49807793,0.73761797,1.4923886,0.50919497,1.6027222,0.8035157,0.068347685,0.86249167,1.6188477,0.09642745,1.3202822,0.49232304,0.86912817,0.32538158,0.2956284,0.62919736,0.5413622,1.6961834,0.06972481,0.2640024,0.21971741,2.1923196,2.6579072,0.17551582,0.8387078,0.29813063,0.91978467,0.49762815,0.31920704,0.33748272,0.22130321,0.69079626,0.349676,1.0513613,0.5843441,0.27370673,2.6478813,0.026393965,0.729342,0.19323318,0.5606021,0.75079674,0.5066547,1.2241889,0.18696375,0.5273016,0.12399979,0.29360464,0.002017274,1.7010002,0.7246252,0.80751145,1.3582749,0.0055360557,0.61676645,0.56770766,0.058297116,0.62451315,0.2802694,0.6296154,2.3620982,0.12830357,1.8469459,0.49380556,0.01436433,0.19509448,0.2135051,0.45373082,1.7075695,0.5565242,0.06503408,0.19329868,0.56639755,0.66914165,1.2045808,0.3093384,0.37483728,0.5498353,0.28469682,0.77222735,0.13553923,0.9918094,0.74983364,0.53346336,0.0049016075,1.4499599,0.024745665,0.45422587,0.10097443,0.33084685,0.6910387,0.096560515,1.1301249,1.1075962,0.517884,3.0790236,0.8867547,0.9927525,0.09423553,0.1551932,1.3556427,1.1026214,1.4675165,0.44534135,1.4375211,0.36267775,0.2438062,0.7784186,0.68071806,0.7560026,0.47046494,1.0657836,0.1042092,0.5933282,0.3476265,1.2589122,1.2155726,0.0014034188,0.3951576,0.8612839,0.34774512,0.63545686,0.36181003,0.983724,1.2442108,0.34845534,0.2624841,0.008883448,0.024171844,0.59728175,0.40562835,0.46656108,0.43808508,0.15272185,0.6667859,0.17554495,0.011436605,2.260121,0.0,0.4293904,0.1325983,0.0079520745,0.46327853,1.1476063,0.44100723,1.4913977,0.8554746,0.37460893,0.003371858,0.079584576,0.09622348,1.2640736,0.84775746,0.26481956,0.015054445,0.14683773,0.18309104,0.2689849,0.28876984,0.1510212,1.9376175,0.2150137,1.1208526,0.7322849,0.1336331,0.11340514,0.031999674,0.6669385,1.0498625,0.42785066,1.1522791,1.2675143,0.92285585,1.7962826,0.1662634,0.15775941,0.22388975,0.97372437,0.5905773,0.48616186,0.8680855,0.5959119,0.065208256,0.087668546,2.1524463,0.4689106,2.352052,1.5188986,0.21185157,0.43308818,0.29162994,0.0,0.84053177,0.6793865,1.5021428,1.5514675,0.17734802,0.0,1.715298,1.6292412,0.60813046,0.25961113,0.69018996,0.091165505,2.1251876,1.0466863,0.5443429,0.65270996,0.45725015,0.8771422,0.38486806,0.24390621,0.24326576,0.19127467,1.5358806,2.8866155,0.8458962,0.7065109,1.7256447,0.42679572,0.63167703,0.044677183,0.9252848,5.739315,0.7515542,0.17260233,0.015567979,0.29340062,0.7565987,0.44807446,1.2154301,0.23594299,1.3725709,0.0,0.007416443,1.6690537,1.0592161,0.09863228,0.5934779,0.6772578,1.2293173,3.0546908,0.43179125,1.2773972,0.0,0.05700132,0.36135024,0.8736304,0.008627476,0.31514746,0.20305979,0.20871532,0.1461477,0.175008,0.13985603,0.8991285,1.4009867,0.52035433,0.11594576,0.26362902,1.8929921,0.22090401,1.1081595,0.31001842,1.0086436,1.7583809,0.42968997,0.3096204,0.9614407,0.7815394,0.32995668,0.4440077,0.25277117,0.46685046,0.14894533,0.06241661,1.7337699,0.17347784,0.6645672,0.72595185,1.2040237,2.2047305,0.34810624,0.5676444,0.5203721,0.3554817,1.3739196,0.052997254,0.44040364,0.02878911,2.9575045,0.24077353,0.936307,0.36895415,1.0764955,3.1801407,0.3984706,1.5999361,0.37359917,2.4675887,1.9558074,0.5360266,0.8025047,0.11863702,0.05551652,1.1065071,0.68172467,0.44830835,1.5884547,0.14171906,0.77555877,4.339736,1.3014871,0.31476015,1.381855,0.22057575,0.22974499,1.6020757,0.5630743,0.06820093,1.2048255,0.20114972,0.4590809,0.666282,0.9579797,0.0,0.0993755,1.0886302,0.16176732,0.62082464,0.42749512,0.31486407,1.6087292,0.5407582,0.27547896,0.86580867,0.5577277,0.09754767,2.2137542,0.40617627,0.66683334,2.3620157,0.13207823,0.007408981,0.30882153,1.1562358,1.5392809,0.8832291,0.100288644,1.099297,0.87892276,0.16905169,0.15919088,0.8854966,0.70501834,0.3092704,0.59875375,1.6361425,0.16557528,1.3118445,2.6413748,0.16459955,0.19105981,2.9677148,0.6137937,1.2760173,0.58817255,1.3877016,0.3087715,1.0580062,0.66676813,0.364002,0.13858847,1.6298649,0.88275105,0.16978906,0.316885,0.19527142,0.0045929793,2.164134,0.24280436,2.4754033,0.27225444,0.18714473,0.11646624,0.75914544,1.1914355,0.8884426,0.22339067,1.1322283,0.31755626,0.022737714,1.8887738,0.906285,0.87650514,0.3482577,0.26125556,0.70127094,0.7370509,0.122005224,0.015063334,1.10907,3.603754,0.17189567,0.37188902,0.12729228,0.5925851,1.104014,0.29475576,0.81629854,0.47529152,0.31258258,1.621508,0.3793225,0.098003015,1.102853,0.44821414,0.117928095,3.5108593,0.9008537,0.94933397,0.6800171,1.1728903,all_pothole_images\pothole_images_2_image_27.jpg
2.7486715,0.6703697,0.6828012,0.52288264,0.5561268,0.3422364,0.19548887,0.0,1.0840878,1.9424694,0.83215386,1.6713096,0.0006908546,3.044524,0.93370795,0.24482538,0.16745815,0.025693402,0.004715179,0.8688881,2.8869784,1.4365908,1.1789418,0.5098629,1.5484198,0.3900892,1.2616707,4.0629888,0.11393356,0.0,0.11102543,0.40860447,0.002347823,0.6018083,0.09614957,1.0740268,0.16737239,1.5034562,1.1146125,0.16551489,0.0,0.15844259,0.17403956,1.0735773,0.3582965,2.1243649,0.18112224,0.5978513,1.1772865,0.1545314,1.2039839,0.94945854,2.8061717,0.19054666,0.08800886,0.8818831,0.30293623,0.09757163,0.5886572,0.06265749,0.63599813,0.017270327,0.0,0.35308322,0.40233916,1.5379666,1.5614334,1.5040264,0.04558367,0.0,0.6753043,0.46460775,0.28879133,0.5909433,0.45726028,0.24157557,0.7947554,0.31814072,0.0014836867,0.030813543,0.7518609,0.3320834,1.2551534,1.0067207,0.96286494,0.0,0.8865413,0.18728313,0.6782369,0.25947016,0.21655935,0.0009161949,0.16140361,0.22716144,0.40175927,1.4434896,2.1461165,1.4446408,0.11340801,2.0374117,0.05363817,1.8091081,0.22668384,0.19884865,1.1345185,0.0720503,0.28203544,0.7421682,0.0035558627,0.6515426,0.3123306,0.8819754,0.47592002,0.11268454,0.5380992,0.10150275,0.0006383404,0.0,0.60239494,0.4523925,2.9742923,0.07722691,0.064287335,0.4742187,2.2430055,1.475625,6.3477583,0.12818478,0.0374112,0.2596929,0.42602894,0.021185536,0.0,0.39507574,0.9152736,0.7959263,1.2673992,0.50860214,2.589908,0.05639039,0.28468338,0.86739045,0.04077543,0.23409979,1.0284153,1.3832804,0.08038454,0.33103365,2.7475352,0.06405839,1.5711077,1.0793446,0.12495548,0.24181773,0.16122825,0.41775537,1.4036988,0.28284484,0.6302618,1.7799262,0.7377567,0.4721126,0.099388726,0.871618,0.1318842,2.6706948,0.25805518,0.54826444,0.24223159,1.4646865,0.27596352,0.082260445,0.88209647,0.30866075,0.0069906875,0.3536512,1.116989,0.40886283,0.81583744,0.36650774,0.16231896,1.2492862,0.22505407,0.7970429,1.7572908,1.413732,0.14902039,0.981195,1.8388612,0.1925073,0.6211062,0.47568768,1.0338069,0.8319545,0.4246332,0.954081,1.8142614,0.019653583,2.4974353,0.31707332,0.23059797,1.0287869,0.20592539,0.7215127,0.18471844,0.096813105,1.3896817,0.118938744,0.62011594,0.90414274,0.23818648,0.15524969,0.3571771,0.15596847,1.7378347,3.0655124,0.099688135,0.0,0.087359905,0.10135184,3.7730026,0.0,1.5644064,0.22376324,0.0,0.5933719,1.0723683,0.00650655,1.2625058,1.4780637,0.0,0.025123445,0.16991891,0.97558373,0.23243102,0.027310744,1.4224885,0.00083597755,0.022662777,0.17869805,0.4422848,0.5674085,0.0005278967,0.760077,0.40228435,0.020952424,0.39303643,0.024624685,0.25326893,3.8559515,1.0271573,1.0986379,0.11783029,1.3462007,1.0511143,0.78537977,0.32832754,0.36952135,0.046769872,3.3033977,0.8281513,1.2351952,0.57624674,0.0,0.12592502,0.6384863,0.50952166,0.92962456,1.8974142,0.013592758,0.42191008,0.20045987,0.19146958,0.7247347,0.024883056,0.15350622,0.0,0.73010916,0.2762626,0.52399814,0.17144892,0.40900755,1.946031,0.09030738,0.5395573,0.06906982,2.6599233,0.30536476,1.2177728,0.0038306408,0.16225325,0.110589825,0.25722623,0.13397644,0.03392237,2.2113006,1.1059177,0.0014268587,0.065507345,4.45791,1.7413,1.0402455,0.57299525,0.5479607,3.2677612,0.19563392,0.14578529,0.10137063,0.37862626,0.32178986,0.1468378,0.07049069,0.89949876,1.8381985,0.35085312,0.29950958,0.22237332,1.96789,3.0491467,0.85238683,0.3321573,0.43354344,1.6321858,1.6539861,0.019445684,1.2241712,1.1658514,0.2920818,1.7903088,0.5703117,0.512589,0.18180898,0.30604184,0.23193532,0.3778168,0.5028199,3.16297,1.9079254,0.25465462,2.0726595,0.0858381,0.19287293,2.4923,1.6878349,0.5327225,0.5472564,0.17275496,0.70093465,0.34302622,0.028351482,0.36691245,0.39910832,0.14033583,0.71305627,1.4447374,0.0,0.058053404,0.40519592,0.009387127,1.5217425,2.118042,0.090051025,1.2371424,0.57112294,0.6285728,1.4587318,0.08211693,0.89007443,0.2561056,0.5568949,0.10994152,0.20444624,1.9529127,0.49133262,0.027349606,0.20099466,0.11846393,0.009607641,0.5454568,0.7456083,1.7981639,0.15566729,0.7057481,0.7785061,1.3375776,0.71542126,1.780822,0.0,0.4098701,0.8284172,1.5325279,0.35151646,0.6509978,0.2880081,0.08908667,0.55941045,0.4980507,0.41807443,1.289594,0.6026708,0.5747471,2.1563528,0.24456845,1.1338947,1.5926825,1.2230825,2.0321867,0.498239,2.5623252,0.5803504,0.575367,0.37169063,0.1363535,3.4335587,0.14682755,0.32340968,0.320281,0.49438363,2.3342726,0.66659296,2.2008238,0.07552377,0.021324022,0.4389443,2.2896621,0.07700476,0.67537487,0.5085332,0.2699392,0.43185234,0.44472635,0.08608376,0.6765227,1.1960144,2.4480443,0.8665114,0.38491082,0.604431,0.0046470333,0.44739485,0.95760626,0.026428862,0.021862945,0.21328455,0.0,0.010983143,1.4175792,0.329022,0.09158085,0.5946026,1.4591444,0.86992973,1.4308777,0.0052906205,0.48764706,0.19164862,0.38825956,0.021521293,0.62032443,0.42700493,3.8141022,0.04692587,1.6009619,1.024275,0.01012482,0.46564204,0.42675525,0.106324896,1.855712,0.32666913,0.07231469,0.34883276,0.0,0.7768963,0.9510933,0.02309194,0.45995274,2.2350812,0.442007,0.30586222,0.75315106,0.42317173,0.18345541,0.7963089,0.6414038,0.12288441,0.3834285,0.30157563,0.03657023,0.018012304,0.09696713,0.48848495,0.21963319,0.6840556,0.0015678235,0.22064841,0.08678608,0.39936373,0.3284357,1.1947845,0.63926387,2.6092064,0.63658255,1.3982489,0.4961547,0.9920723,1.3741568,0.0,0.04121318,0.10988786,0.1804346,0.07407867,all_pothole_images\pothole_images_2_image_270.jpg
2.1688251,0.9908758,0.2657463,2.082845,0.57936555,0.3099158,0.049217995,0.011881911,0.5966863,0.33602187,0.4558082,0.65409505,0.22153184,1.6557395,0.6892063,0.13040136,0.19741389,0.06953836,0.9387599,0.15505734,1.4981334,0.9237287,0.24104449,0.69862056,2.535644,1.0382165,0.36564294,3.5017254,0.23264153,0.011101728,1.1565282,0.0,0.2363781,0.42590746,0.8087398,0.73368156,0.24258642,1.7031878,0.4877891,0.1561269,0.036018234,0.013043293,0.73422325,1.2070487,0.6381612,0.6109348,0.02228032,0.4073391,0.53421843,0.4994825,0.036151566,0.5863209,0.13543576,0.15020914,0.03937473,1.9017118,0.5037639,0.04480035,0.32712328,0.032328635,0.26965955,0.37817383,0.46516153,0.1682125,1.7245704,1.3134977,0.33793405,0.0,1.3496716,0.12104705,0.7163613,0.005253425,0.7682412,1.496896,0.07974336,0.89936393,0.03443771,0.44672832,0.0029693672,0.25672147,0.16180448,0.53619856,0.46863422,0.4220632,0.44947153,0.60283923,0.11849115,0.13851382,2.915131,0.5455776,0.49304637,0.0662508,0.055820487,0.6744131,0.18100668,0.01916152,1.1483523,0.28709587,0.63448423,0.8337555,0.08650457,2.0704181,0.18985666,1.1196151,0.26297727,0.13014358,1.5263246,1.1488737,0.07476536,0.51395833,0.09866763,0.774551,1.4705416,0.63282615,1.228109,0.742282,1.1401676,0.23893487,0.3251909,0.97855264,2.705369,0.017374154,0.07597974,0.5804253,1.1920841,0.49470952,1.3822296,1.4176869,1.595886,0.39090136,0.041435756,0.0,0.020789193,0.10679986,0.2947071,0.914073,0.45780754,1.9166074,0.5620215,0.0058253114,0.06741215,1.0992538,0.14197704,0.5589588,0.34506002,1.4056101,0.06716283,0.27561492,0.21036004,0.19243072,0.73215216,0.16180614,1.48410645e-05,0.44323853,1.0538561,0.96485907,0.3264703,0.044447277,1.3974986,1.8208,1.086049,2.6748347,0.069532625,1.8981417,0.2633299,1.7911792,1.4259633,0.0572102,0.8970322,2.1850696,0.27019823,0.038304143,0.32016423,0.3093554,0.37113968,0.21930735,0.94454306,0.15333286,0.12904976,0.61593455,0.059940346,1.7519926,0.96005756,1.6071867,1.76517,0.8909081,0.062543355,0.5114413,1.0917135,0.34403548,0.268435,0.6412615,0.18136927,0.7241219,0.38515893,1.1273851,0.8849638,0.7248909,1.1291931,1.2550914,0.21175933,0.38271713,0.18048422,0.9869324,1.4356416,0.24040881,0.80021363,0.08194393,0.86269206,0.3965243,0.02125426,0.02164701,0.29922682,0.0,1.888669,1.2354311,0.4987243,0.23251677,0.015776835,0.19964336,1.5175706,0.2525634,0.87441593,0.049771283,0.04046472,0.62010366,1.0837549,0.8823084,0.91351944,0.8669905,0.12622409,0.041768443,0.27983022,1.2293128,0.5857933,0.32037252,3.1231678,0.043170534,0.48225072,0.25678295,0.16431162,0.038669858,0.31146464,0.22582138,0.29894078,0.0,0.27469808,0.87880635,0.7727555,4.628964,0.24693064,0.020351581,0.3911704,0.75449055,0.24463183,0.0068088244,0.23072843,0.94632846,0.4233742,3.3505242,1.130633,0.18147475,0.438731,0.00020372526,0.3909694,0.2742123,0.9367658,0.34756806,0.16901928,0.19929352,0.50945866,0.0,0.17321755,0.0816706,0.059359487,0.5934409,0.15329647,0.6755224,0.0706763,1.0650156,0.19502214,0.110549204,2.0830529,0.08668151,0.96572256,0.9393771,1.7996297,0.1898536,0.1285398,0.0,0.065113,0.6306791,0.25286475,1.4756656,0.27528876,0.16143228,0.5868768,0.4595433,0.11107255,4.0154266,1.0747894,1.1630378,0.0,0.3592058,2.5595129,0.8664141,0.0,0.3920882,0.23456563,0.061910447,0.9201587,0.6497305,2.244247,2.5712702,0.068679854,0.7282604,0.11119046,1.260364,1.7455612,0.12096402,0.48327908,0.07690955,1.0041717,0.026605602,1.1195165,0.57332915,0.07077471,0.08546985,0.40355295,0.14181753,2.2966685,0.49949855,0.002755174,0.044270866,0.20492125,0.014560191,1.0100683,1.1180809,1.0190396,0.569438,0.33854294,0.26757908,2.6152039,1.0054219,0.5837158,0.39622676,0.4224788,1.1026495,0.2629231,0.39040583,0.11242224,0.6351578,0.011230228,0.64295256,0.22918923,0.15722887,0.24711707,1.698895,0.41344008,1.1684954,0.4822675,0.8079825,1.3983603,0.9877183,0.09926406,0.5683854,1.9567703,0.40869793,0.114345305,0.9174029,1.4405744,0.30756414,0.118595675,0.5348198,0.49895635,0.22606249,0.21866107,0.2954074,0.17725153,0.24618143,1.6891567,0.0,1.2705925,1.4450389,1.6724274,2.5957503,1.1544405,0.40098602,0.035844,2.2865398,1.883194,0.7123249,0.05163761,0.088901356,0.45085722,0.3160984,2.832459,0.18165043,0.12146371,0.025012862,2.2218406,0.5916341,0.2255843,0.23574273,1.7486849,0.17493033,0.28936252,0.3254629,0.6755019,0.16460161,0.758124,0.103119574,0.009965481,1.3292342,0.0,0.33918026,0.35238,0.1751468,0.9855352,0.34080932,3.0609882,0.17481717,1.122473,0.8195323,2.1218357,0.37100494,0.6669053,0.09892518,0.9011033,0.8228257,0.36490098,0.17953297,1.2410367,1.9039079,0.552791,2.6268716,0.7629408,1.9555935,0.17477861,0.22597861,1.2794725,0.00016671469,0.15682621,0.1429348,0.0,0.009061324,0.91507924,1.1815966,0.4519224,1.6497347,3.5189,0.37437984,0.6132615,0.36327362,0.60345596,0.24421763,0.7239957,0.0836257,0.31858402,0.53908545,1.039056,0.25201592,1.337279,0.13366506,0.57350796,0.6036468,0.7369213,0.111437194,0.765783,0.3470968,0.26719707,0.61920625,0.035768885,0.2095746,1.418649,0.07848897,1.4158779,1.604978,1.050361,0.07988215,0.6201221,3.423618,0.44878963,1.0626395,0.5327115,0.08991191,0.09387974,0.08059115,0.2750548,0.070324674,1.025368,1.3288938,0.0018548821,0.023322433,0.3240381,0.018294485,0.081232145,0.04367503,0.3525092,0.22491463,0.674184,5.1356697,0.33457807,0.4111766,0.81446534,0.8172741,1.414137,0.57598406,0.06262926,0.24564397,1.4884351,0.5117768,all_pothole_images\pothole_images_2_image_271.jpg
0.63673973,1.6438184,0.34859568,1.2623819,0.026604116,0.15275992,1.3061799,0.63189554,2.168835,0.92649484,0.5021572,1.6171052,0.12093916,0.016150597,0.12999457,0.0,0.49467915,0.3442494,0.7189141,1.6898062,0.12798609,0.28527322,0.00618966,0.20911773,0.4222793,1.5074092,0.31606817,0.8361403,0.1703832,0.050202727,0.57186043,0.35283184,0.4223465,1.8630358,2.54552,1.6051188,0.026065635,0.9817923,0.9974285,1.4184892,0.24602906,0.110994846,1.6086961,0.42223722,1.0091344,1.0606974,0.8176562,0.0,1.129997,0.98251,0.48538557,0.35314777,0.51336735,0.79859906,0.20439264,1.5384532,0.6180655,1.6543448,1.7299668,0.6543386,0.56289923,0.008810841,0.3243979,0.7483035,0.23353249,1.3515753,1.5425141,0.7902543,4.251434,0.56332684,1.0550015,1.8716133,0.1330383,0.1369536,0.07180957,0.28750202,0.7461004,0.4993307,0.0,1.838689,1.0078361,1.2550377,0.8318888,0.43432063,0.42692387,0.4094259,0.63618356,0.40132287,0.16797976,0.13972501,0.15978636,0.2598367,0.16284382,0.82717764,0.22832344,0.7307602,0.8323648,1.8267289,0.11327808,2.054073,0.5276882,0.9799783,0.7970142,1.738491,0.5030349,4.2661986,0.43956998,1.6612331,0.87327397,0.034130063,0.88338715,1.8093181,0.030546606,1.1530938,0.806861,0.39316642,1.6009573,0.8181909,1.0140703,0.23365079,0.5335898,0.7305634,1.7940166,1.5146089,0.3982005,0.16197576,0.69965935,0.80816174,0.7588512,0.5802818,3.7932794,0.5811727,0.47332233,1.0764295,0.5318138,0.57275337,1.7319669,0.14293002,0.56818134,1.1700723,1.3705858,0.8692057,0.50506145,0.007105132,0.42017332,0.19354562,0.10100417,0.19277649,0.17315836,0.88415587,1.0813906,0.13434741,0.19946079,0.33789855,3.5370586,0.56903684,1.9475822,0.25918773,1.176833,0.35840008,1.0952098,0.92327553,0.105604455,0.64046615,0.15037826,0.014401587,2.3981388,0.17864954,0.66583437,1.4702587,1.0290987,1.0192213,0.36858812,1.7984561,1.8262488,4.0608683,0.03622476,0.16724454,1.3294189,2.8235734,0.21386304,0.1667082,0.8218919,3.498015,0.2785313,1.5323228,0.099403456,0.8023216,1.1824383,2.1391542,0.21656476,0.28590253,0.89822745,1.8729061,2.14591,0.447033,0.7224393,0.17548874,0.6403423,0.41199982,1.1672913,0.13848844,0.014539801,0.0,0.053101197,0.72302,0.7596317,0.002999282,1.1542284,0.8902904,0.072361365,0.80007946,0.7734163,0.3744826,1.3197744,1.4391506,0.27196214,0.09478927,1.0636393,1.7126502e-05,0.81264573,1.3152117,0.05075663,0.48870692,0.34452364,1.4891701,1.3574907,1.4564025,0.026582172,0.9232992,0.5134364,0.047867775,1.4907593,0.8295436,0.3737807,0.096099064,1.6775032,5.3727294e-05,0.38586682,0.53602916,0.094492435,0.058209136,0.0019362819,1.1673052,0.4191148,0.5803169,0.4517029,0.18609507,1.3097299,0.7792456,0.39612496,0.52040833,0.33676255,0.13225262,0.900508,1.6803868,1.5410696,0.0901929,0.33049408,0.8653237,0.683296,0.632428,1.7694016,0.23500545,0.009917429,0.9815418,1.3321215,0.8111117,1.4673866,0.89665467,0.0054210434,0.19665256,0.05443569,0.21801314,2.039678,0.49733815,1.2683586,1.3911247,1.8722178,0.2727942,0.5801734,0.12043264,1.2410643,1.2656031,0.0009038743,0.081736766,0.5546885,0.82606286,1.3388886,0.009205899,1.804836,0.9362573,0.089206696,0.54240376,0.83037114,0.25398037,1.0473658,0.2826616,0.41312802,0.2602409,0.8262936,0.40436718,1.410819,0.015061242,0.41261584,0.6463956,0.019942772,0.34896943,0.010115003,0.3761443,0.036133654,0.09893388,1.0190744,0.975469,1.9393154,1.6313744,0.19579525,2.0483687,0.97356975,0.47133675,4.0711107,0.010968178,0.6049525,0.002555179,0.042216532,1.8709185,0.36861965,1.0564984,0.8053305,1.0633913,0.6548635,0.7816785,1.5222509,0.07721871,0.5745242,3.197326,0.0533113,0.041783404,0.3057882,0.86788505,0.20588252,0.39357606,1.1446942,1.5881137,1.3451182,1.4933093,0.43364328,1.1139855,0.010715918,1.2348483,0.17172314,0.8533718,0.12041917,0.13794953,0.55677104,0.19630922,0.32611158,2.0553823,0.073918775,0.05780875,2.8674223,0.8185105,1.9895371,0.2968468,1.0808481,0.8294894,0.61494386,1.0634816,0.95713174,2.341319,0.6097478,3.3146944,2.6787455,0.0038689128,0.88235855,0.31282124,0.26472926,0.0027428353,0.10519824,0.9174825,0.7431649,2.333067,0.821945,1.735192,0.35847428,0.3358667,2.9760365,0.18291683,0.55270183,0.4317806,0.19210519,0.0,0.028482564,0.75628185,0.24366756,0.1278994,2.8964448,0.55018514,1.6094244,1.1370406,0.36771926,1.3217148,0.052351214,0.19059819,0.98660076,1.319787,1.9404131,0.66893363,0.09485303,0.055049825,0.24225448,0.6239047,0.40876833,2.2006657,0.03725478,0.83820367,0.22831224,0.86171454,0.18927626,0.064168796,0.29088995,0.0748476,1.4751202,2.994581,1.0256764,1.1755536,1.0616169,1.379596,0.05471565,0.060188156,0.010260725,0.48808217,0.29755786,0.9406534,0.16234991,0.16441469,0.25845686,0.06037012,0.93241644,0.88045716,0.2437237,0.0061188447,0.7107647,0.2606107,0.89025354,0.0,0.6707832,0.14572522,0.7823479,1.2048094,1.2019813,1.1998016,1.020231,0.8142212,0.7359817,0.20435642,0.19291277,1.8206922,0.4311037,0.23597546,2.1858358,0.23487554,0.1393347,0.7551057,0.00843509,1.8278457,0.16904819,0.3493935,2.0606859,0.19700657,0.015140297,0.7453585,0.5006803,0.6631864,0.1678432,0.0,0.58863956,2.6574006,1.2302408,1.5688869,1.1646882,1.4942873,0.33161563,1.2684964,0.5895356,0.14558649,1.1163108,1.9686582,0.70615166,0.5800766,1.2272038,0.55421764,1.7863755,0.01734964,0.0031011943,0.009018171,0.24718681,3.5073965,0.53399223,1.1215161,1.3792181,1.1692237,0.15457109,0.4781892,0.0,1.5937718,0.18796778,0.08392846,0.23490536,0.95073116,0.006172771,1.5678273,all_pothole_images\pothole_images_2_image_272.jpg
1.477153,0.08634097,0.20360339,1.3976309,0.2518671,1.1513066,1.1644176,0.0,0.1729205,0.7856914,0.0,0.06996469,0.35943633,0.036689956,0.09795403,0.90523404,0.052865967,1.3938593,0.21558386,0.21226002,0.30012453,2.1672463,0.731388,0.69983834,0.7164337,0.1669108,0.06182186,1.4678773,0.0,0.007858771,0.032617163,0.08641317,1.0762787,0.7353058,0.20060344,1.5558981,0.2678288,0.095895015,0.62003285,0.16224056,0.28284115,0.011419587,0.11052168,0.7743142,0.574963,1.1399552,0.40782726,0.01165426,1.5467303,1.649634,1.0828434,0.15190591,0.022315351,0.26621103,0.87040055,1.7397269,1.1357433,0.15976612,0.4472899,0.0091415495,0.0,0.7082588,0.52983904,0.6995089,0.37702706,1.398902,0.11783538,0.118007794,0.29325747,0.11918247,0.123966075,0.22152694,0.7158679,0.27117443,0.45150584,0.0013486232,0.028915973,1.0094042,0.6540858,0.1784887,0.029331978,0.07466713,0.9935682,0.0,1.5339309,0.07181291,0.1809109,0.06194968,1.8247138,0.1812729,0.8530035,0.16923255,0.0,0.015471512,0.2515099,0.0,0.8630919,0.34574312,0.4782302,0.69766575,0.032882236,5.1976438,0.14578357,0.0,0.87870175,0.7084573,0.2678184,0.33334368,0.30349267,1.1959714,0.0,0.8715033,0.39001775,0.7622408,0.112409785,0.5335845,1.3576152,0.8749982,5.124777,2.2874782,1.0409346,0.406351,0.1066975,1.0252888,0.10058629,1.1617696,0.25578174,2.2684104,0.2465285,0.012672426,0.3476994,0.014611199,0.023056619,0.07725536,0.011687048,0.20397481,0.2491265,1.6773074,0.06967639,0.5992075,0.517634,0.0,0.4633475,0.7671327,0.0,0.72712284,0.03721416,1.3840792,0.6710467,1.1697108,0.047859844,0.38416657,0.5521283,0.0,1.5084159,0.6754756,1.0443181,0.09710569,1.8664236,0.16100632,1.3094591,1.2365233,0.0043307766,0.17994036,0.0452962,0.7483791,0.37876767,0.037592053,1.7337453,0.62121356,0.070266195,0.11679756,0.06667293,0.29155043,1.3637321,0.15919033,0.109647304,0.0,0.09491545,0.034735285,0.208055,2.7015464,1.520548,0.4136569,1.6341127,0.116391785,0.25168833,1.2498429,0.45686227,0.99390924,0.1875462,0.56806487,0.32325387,0.53045857,0.18066412,0.22721344,1.64592,0.30600438,0.32970122,0.19503768,0.11397905,0.40489808,0.57981336,1.8090675,1.215466,0.72251564,0.46896338,0.39694142,1.9478054,0.32712454,0.0042431853,0.0,0.25077873,1.2372639,0.25534436,0.77913535,0.76874286,0.106573716,0.0041572014,0.70184296,0.37001166,0.14495437,0.6373281,0.009596268,0.0,0.528679,2.2578976,0.05044147,0.30361778,0.016522534,0.2428303,0.01624482,1.4024806,0.01140099,0.075123005,0.03427325,3.6099265,0.12709786,0.12541395,0.33649713,0.27676612,0.2586965,0.015350449,0.18421653,0.0,0.004397899,0.2702388,0.21604647,0.0027205043,3.262641,2.9574263,0.2021962,0.9440519,0.509507,0.027061721,1.4463099,0.3399233,0.2849635,1.6621274,1.0964956,0.0,0.014280369,0.29816914,2.5083184,0.008552054,0.26162338,0.5541412,0.80190045,0.58592,0.74718934,0.35131493,0.0,0.06636035,0.9897688,0.92939866,0.2783217,1.0014778,0.27332738,0.95488876,0.51666534,0.018829346,0.06960942,0.1192671,0.054375086,0.02522398,0.5319212,0.065673694,0.07101284,1.0396552,0.28969586,0.6687988,0.1546032,0.20030591,2.2286408,0.03344473,0.072305106,0.43719375,3.3759043,0.75269485,0.37362033,0.18187226,0.55093104,0.010076746,1.2361732,4.1688814,0.6242848,0.14362527,0.7541854,0.22211193,0.4510093,0.6963072,1.7070909,2.1675923,1.9269956,0.26364425,0.448781,0.0,1.0892202,4.5412674,0.20248249,1.0232892,0.06115532,0.24572614,0.14959045,0.43957967,0.27621007,0.013360157,0.16694719,0.027257783,0.33996004,1.4500759,0.0,0.13997895,0.001874531,0.011681335,0.007844867,0.78724825,0.0,0.010007329,0.98324406,0.7967601,0.026410485,3.3984303,0.021549184,0.48648086,0.01623777,0.046792906,0.0,0.48210454,0.57806885,0.38663322,1.1621827,0.41832414,0.13372576,0.1333209,0.07683724,0.18165214,1.6835958,0.72497725,0.65916926,0.19098711,0.03129906,0.21330816,0.00827166,0.7574676,0.56912345,0.9326219,0.260864,0.44487512,0.06860113,1.7380564,0.139538,0.76726073,0.0308619,0.6440297,0.06526284,0.047887538,0.31300756,0.37456018,0.36930108,0.059876606,0.016112741,0.061992813,0.620222,2.790453,0.61493915,0.6492653,0.0016343879,0.73700684,0.047886595,0.1101785,0.8461413,0.015697759,0.082677804,0.00088116375,0.029206261,0.24886885,0.06877576,0.11521613,0.3656005,1.9685783,1.6373875,1.1769115,0.00524018,0.6884333,0.017683191,0.031775903,0.7598484,0.0064762454,0.19970083,0.06323256,0.17275009,0.09233116,0.04825916,0.0,0.07648822,1.4001948,0.14739758,0.53045154,0.061134726,0.7168856,0.5311742,0.31266764,2.971573,1.5962546,0.0712726,0.21220073,1.0835493,0.12008332,2.0950947,0.27174768,0.3091175,0.5572424,0.11304351,0.5327387,2.9025626,1.670093,0.57611704,0.08394667,0.23209758,0.43137524,0.68732804,0.27320904,0.27631897,1.040308,0.13858397,0.33298633,0.061657105,0.001732629,0.33217067,0.40072435,0.51674336,0.1498803,1.221385,0.47662187,0.6651843,0.6897231,0.19178244,0.97605115,1.5103638,0.7260793,0.62744266,2.4899974,0.1382132,1.2194991,0.11394045,0.804211,0.06497585,0.3673372,0.08507307,1.473531,1.194651,0.5173307,0.21714407,1.2801294,0.15287612,0.06889051,1.8535768,0.19878381,0.09577295,0.1462666,4.4533815,1.1327745,0.046896636,0.24194005,0.04516513,1.8421559,0.13788818,0.32629165,0.08554382,0.5939382,1.2444534,0.1049018,0.2937069,0.45014006,0.19912182,0.014655857,0.00930468,0.051116742,0.32931763,0.5567136,4.297244,0.38373387,0.02010366,0.88589567,1.1929404,0.025661616,0.06658041,1.5009507,0.47602835,0.19001928,0.81459326,all_pothole_images\pothole_images_2_image_273.jpg
0.37768778,1.3412575,0.97230077,1.0533574,0.6559693,0.22809629,0.81048495,1.6334513,0.08284225,1.9398657,0.12812811,0.09449185,0.06966057,1.7071835,0.1669643,0.08264084,0.510567,0.65452325,0.32545123,0.5381551,0.6875156,2.1814332,0.8548086,0.7436592,1.1770914,0.27687022,0.2728465,1.1011001,0.039178368,1.6919197,0.5536883,0.7523885,0.06810685,0.8994388,0.79978895,0.2420242,0.0,0.7819431,0.24652086,2.393257,0.1346042,0.5714794,0.15949105,0.44855946,0.35303986,0.67651623,0.17173418,0.127428,0.24156879,0.1099451,0.24149361,1.190646,1.4364853,0.57703876,0.020178568,0.43159714,0.5684838,0.6008107,0.50637406,0.25157362,0.11133121,1.4087231,1.6143557,0.4283768,0.024261896,2.2831419,0.16243583,1.0827266,0.23260577,0.6007375,0.63688123,0.023203027,0.7414542,0.101577125,0.69445115,1.3027914,0.42137495,0.5705674,0.3903269,0.3885039,0.4394055,0.33479258,0.64393866,0.35321966,0.1620387,1.2202221,0.008894638,0.26522946,2.123812,0.023763109,0.0985486,1.0307741,0.47525257,0.20473196,0.5729094,0.09638335,1.2912499,0.28304815,0.030324074,0.29476148,0.04061505,0.3328036,0.09527519,0.80043906,2.0232255,0.1925324,0.029819123,0.16635382,0.014193984,0.471026,0.44351068,1.6980958,0.23603547,0.21959192,0.36250812,1.3984377,0.6758792,0.07704363,0.325936,0.70353144,1.132481,1.6943768,0.6170208,1.5368334,1.2360815,0.54329526,0.031086305,0.18028593,0.19005057,0.35606107,0.6558558,1.3551402,0.75735104,0.48849082,1.801686,1.0092587,0.2298473,0.5552356,0.3640885,0.20753361,0.7847825,1.424667,1.2909163,1.5918823,0.90231997,1.2177551,0.8468539,2.4977717,0.65167046,1.1011816,0.5547049,0.30995953,0.08830894,0.23831216,1.2796292,0.26508394,0.015001172,0.4054703,0.8313185,0.49167082,0.69676095,0.11437274,0.15246677,1.0219489,2.7894535,0.53272957,1.2186861,0.38662368,0.28687674,0.03521378,1.2925016,0.15697792,0.12446624,0.14643084,1.2309319,0.44471082,1.1827463,0.1040777,0.33725294,0.26121932,0.0,1.3708483,2.9751112,2.3238592,0.51899153,0.2087152,0.7575769,0.023426672,0.08116186,0.5788919,1.134515,0.9892172,0.025221119,1.2115002,0.22099024,0.07657105,1.63732,1.7808325,0.42277402,0.80151975,0.62442684,0.43403268,2.9943862,0.07481173,1.014992,0.5768831,0.1666066,0.8411822,0.8796111,2.2521524,0.72150576,0.34168375,0.7014155,3.4101064,0.3942248,0.5452042,0.27686992,0.45033768,2.1679432,0.46977517,0.41930613,0.48434132,0.07441162,1.3720794,0.720711,0.004196906,0.95714754,0.2958316,0.72861,0.0423773,0.43775666,1.4872215,0.8163658,0.48848063,1.1475115,0.37843412,0.12078789,0.45399126,0.3136053,0.72544646,0.08244884,1.1500299,1.4348356,0.71518147,0.18996431,0.2458453,1.7563342,0.14672379,0.7001763,2.4960744,3.0381215,0.3285307,1.3630251,0.27796862,0.50164384,2.243726,0.34946647,0.63302827,0.6332587,3.8161738,0.297343,1.075479,0.87322664,0.46767822,0.51518804,1.6039104,0.26657668,0.43104035,3.0471458,1.2674042,1.053192,0.07320657,1.2922498,3.9106832,0.021764707,0.4743761,0.72114486,0.3309897,0.19125398,0.7894306,0.99289304,0.7135814,0.36890736,0.58342886,1.2159528,0.6083472,0.083479345,1.6703044,0.25621876,0.016472591,0.07390738,0.30427974,0.90711427,0.5998445,1.9117526,0.23865828,0.80183154,1.2039123,0.06117516,0.9172933,0.054590452,0.007791485,0.16121711,0.6144038,0.94134116,0.013498289,1.0458215,1.0066414,0.37271094,0.22251205,1.7373312,1.6234907,1.0559636,0.18099718,0.056539062,0.38719296,0.009199585,0.12368603,0.5124491,0.57590634,0.82447875,0.5358878,0.0390933,0.285554,0.29099318,0.7133008,0.19250523,0.030209782,1.3893175,1.1537701,0.7601276,0.16393416,2.653984,0.6049453,0.47671336,0.9325582,2.5310915,0.79932415,0.099078976,0.06510167,1.8363881,1.5988013,0.6182882,0.20405917,0.61956006,0.06318774,0.0,0.011537945,0.63721794,0.5930857,0.076781735,0.61018527,1.867387,0.54866886,0.09511862,0.23402222,0.7393492,0.48904258,0.47710487,1.0002315,0.101033896,0.035638306,1.5168676,1.441968,0.0,0.36855817,1.5567172,0.07077387,0.27273345,1.220992,1.3171515,0.9945367,0.5906414,0.4749251,1.6741704,0.08613603,0.56359506,1.4974738,0.6426905,0.32536176,1.5638827,0.2093119,0.49733755,2.0739756,3.1542077,0.8475759,0.09395103,0.77274936,1.837171,3.5758042,0.14795035,1.865421,2.0081336,0.7201488,0.36780152,0.4140526,0.41010964,1.5978124,1.3290616,0.0,1.2497249,1.5830778,0.010365778,0.85679793,0.07524144,0.5085721,0.31327912,0.58670294,0.16990623,0.09091263,0.4746352,1.7371013,2.1789334,0.25517198,0.5124873,0.7583516,0.8152195,0.610681,0.25833502,0.0,0.0905584,0.48380643,1.7071162,1.2964658,1.5358961,0.7710182,0.49784973,0.96827585,0.31605637,1.0174199,0.4956403,0.8587274,0.10802473,0.09584374,0.013907037,2.7331574,0.03327719,0.06923935,1.7876645,0.31144732,1.697421,0.29238987,0.016867695,0.20240219,1.6131786,0.036075953,1.179401,0.2747835,0.2215031,0.8748595,0.68087035,0.19146042,0.20564795,0.0015601682,0.57792103,1.3500528,2.5269907,0.24070692,0.105675735,0.655639,1.0428952,0.48381093,0.5160302,0.07801403,1.1451008,0.23647232,1.5030533,0.015809035,0.45543358,2.2036474,0.5836667,0.74428874,0.56250274,0.13787587,0.807428,1.1150181,0.6151045,0.013613829,0.9626947,0.9761939,3.5950048,0.7829849,0.8069874,0.5613557,0.0,0.91409206,0.90560925,0.3477252,0.67678124,0.00174006,0.5327767,2.8584383,0.32785928,0.018509628,0.77769375,0.004640893,0.024936091,0.07022008,0.84040606,0.63391924,0.18316282,2.7695026,0.664217,0.7693718,0.5485459,0.8443393,0.04316253,2.403391,0.4018093,1.1465358,0.86471546,0.0,all_pothole_images\pothole_images_2_image_274.jpg
0.90644175,2.485912,1.1386131,0.8936563,1.1255625,0.50716394,1.1639313,0.16652663,2.0297368,1.070266,0.7530109,0.12541077,0.2674394,1.029971,0.5943102,0.5777642,0.23202957,0.35180485,0.50950605,0.420347,1.0977616,2.0426743,0.5800513,0.74695456,0.18020591,1.2059525,0.7358458,0.9658499,0.14074202,0.37534142,1.266633,0.007483153,1.8765032,0.14072993,0.23187944,1.1029446,0.4750083,1.0387545,0.37169218,0.4786263,0.7227364,0.30614153,0.56652176,1.5218365,0.21562502,0.3664443,0.8378365,0.29799294,0.49035457,0.09241657,0.702071,1.6095784,0.9720256,0.45624745,0.630282,0.11728347,1.3788648,0.060517114,1.0100507,0.3646678,0.4030187,0.45728138,1.9879539,0.6727374,0.18944074,1.0874078,1.5743716,0.3820926,0.13297829,0.9829592,0.018621882,1.2801148,0.5884996,0.010916532,0.28441295,1.4324633,1.0518804,0.4686717,0.47929412,0.08331867,0.53535867,0.4411227,0.12952241,1.4905097,0.07034529,0.30895215,0.23442568,0.49053726,3.2652497,0.48409873,0.08349225,0.36701334,0.35225427,0.26444754,0.29559615,0.2357351,0.9393721,2.013707,1.4032739,1.3842214,0.07941608,3.1423118,0.10188932,0.48062783,0.087937735,0.34546235,0.40934858,0.15012604,0.57436347,1.0652065,1.2117207,2.7897158,0.26437804,0.20063548,0.35801843,1.4367087,1.5588366,0.90371794,1.6352037,1.287429,1.5384823,0.7208158,1.5146492,1.9832829,0.43756524,0.71331763,0.23794977,0.76997095,1.0390619,0.644208,0.16737983,0.66543376,0.14609747,0.12460175,0.20158075,0.2754321,0.3888967,0.20518139,2.0076766,0.3088695,0.9576398,0.41957527,0.11783166,2.1621575,1.7790325,0.81615126,0.97559744,1.0071949,0.7609779,0.944147,0.6860479,1.3231636,0.05986449,1.0652667,0.8056614,0.04763046,0.077260956,0.52191097,0.39509037,0.76763314,0.8872373,1.0319412,0.107859366,0.3306366,0.072611116,0.0137492465,0.24276562,0.8043409,0.036814526,0.25516748,1.1193162,0.09547454,0.42365932,0.51875645,0.7984513,0.20941423,2.696444,0.08367605,0.017787937,0.083998404,1.1063803,1.5542107,1.5820546,0.62078375,1.7736183,0.2015531,1.0989645,0.16274993,0.39199913,0.9855685,0.5966944,0.24571034,0.5369035,0.4593146,0.2896614,0.24413563,0.69659096,0.44764242,0.5392545,0.63401055,0.011661861,0.19869381,1.2428122,0.07714136,1.5343024,0.7713212,0.6536044,1.2653912,0.5005527,0.18736626,0.13039702,0.3744958,1.6664531,1.3444483,0.2102563,0.49068147,0.40505818,0.56504446,1.2188712,0.31299636,1.526864,0.068093665,1.0999798,0.6572205,0.043205917,0.5078695,2.2455385,0.47460213,0.012336867,0.80903447,0.1918031,0.8922202,0.44793794,0.50486195,0.28505206,0.09300284,0.34532923,1.0548553,0.02125307,0.0060955053,0.84846604,0.083529614,0.12937587,1.4020886,0.01687844,0.01763786,1.0673795,0.21751331,0.97854644,2.2592523,3.2375894,0.14937057,0.13467889,0.36997128,0.06885848,0.87553304,0.62063277,0.18728283,1.7025396,0.5599734,2.1868143,1.6792468,0.28834635,0.6224766,0.114822514,0.6503775,0.029926494,0.8776628,0.90219724,2.8670564,0.22899394,0.16388704,0.05544595,0.16651188,0.45138517,1.1443064,1.2967583,1.7545596,2.019562,1.6987454,0.49299642,0.77144355,1.0489926,0.19205381,0.9573472,0.3016795,0.22717196,4.178067,1.4482343,0.07312051,0.04641056,0.17286634,1.4205507,0.620545,0.8265236,0.42317176,0.107183166,0.6368188,0.43315458,0.5791649,0.15262261,0.3977267,0.22368151,0.08427744,3.2972026,0.34200794,0.009311652,0.36236668,0.24200067,1.5044774,0.0059274067,1.6244949,2.2412853,0.19241771,0.009905242,0.168347,0.55794656,1.1832434,1.4801422,0.588778,0.6135026,0.20869568,0.12157034,0.35182828,0.72071606,0.1065123,1.9750824,0.89480674,0.74004084,2.2341642,2.0149157,0.17024176,0.3631036,1.6213229,1.3700546,0.315445,1.179544,0.485999,0.4209495,0.44415963,0.541961,0.7366461,1.3613154,0.17609923,1.0511122,0.11816036,0.05134812,0.011947895,2.164696,0.91216105,0.7146945,1.1274155,0.34801915,0.43174127,0.16043031,0.12255825,2.0205889,0.4459533,0.16178939,0.0690918,0.63160557,0.040310193,0.85770416,0.15235595,0.16494392,0.32790187,1.1830485,2.6456685,0.15709849,0.52999413,1.2109746,0.88238937,1.3144197,0.5497758,2.2777498,0.8512671,0.42473656,0.7335635,0.77366406,1.0921204,0.07005564,0.25816357,1.0060452,0.6639538,3.0093484,0.6138514,2.634403,0.17771685,0.043977283,0.9479886,1.1277468,0.6172268,0.09737803,0.16078974,0.25035062,0.5321857,0.056454707,0.7307238,0.113501534,0.41867894,0.99479395,0.2798769,0.091187045,1.8335054,0.091060795,0.09014276,0.6797132,0.3179239,0.72994393,0.22172008,0.08965268,0.46708038,0.74851555,1.8055035,0.6151829,0.23673822,0.47857207,0.898557,0.25846484,0.32839036,0.40220353,0.11909059,0.49596804,2.7266877,0.52357763,1.1630273,0.7183146,1.8313284,0.0172103,0.47682002,0.24178283,0.44317836,0.34427968,0.23581749,0.45960248,2.6703002,0.3698699,0.72327125,0.079547845,0.89339685,0.43055165,0.7915355,0.09795948,0.2780468,0.90236014,0.495453,1.3546276,0.16274245,0.60616845,0.97195446,1.4203994,0.9138222,0.2089138,0.24306507,0.9426098,0.17580146,0.84362096,0.5887061,0.1106631,0.43149865,0.6934154,1.5460896,0.8279316,0.24224867,0.4491528,0.612642,0.48543614,0.11468786,1.0332655,1.1703792,0.22169316,0.7849108,1.4598037,0.5126509,0.05352226,0.53878033,0.033820912,0.061752502,1.1357104,0.311978,1.4808407,1.9945666,0.10136488,1.3007804,0.117367014,0.21063425,3.7485065,1.0363023,0.045547824,0.39041302,0.261432,3.0891879,0.2988176,0.79882,0.30531156,0.005475816,0.7141185,0.030635862,0.26794285,0.07024938,1.4148681,1.0820215,0.31566685,0.80201674,0.38418797,0.9947848,1.682425,0.8990482,1.0593864,0.36714476,0.44272792,0.0018848449,all_pothole_images\pothole_images_2_image_275.jpg
0.12909313,2.048059,1.3499879,1.5582231,0.4283683,0.47521147,0.66497093,0.024457883,0.41182008,0.96404636,0.4202965,0.33643308,0.22165574,0.1971105,0.0,1.13279,0.13540219,0.077436954,0.34313548,0.48719865,0.0,1.8701681,0.4527271,0.48171067,0.87919647,0.13019535,0.15483731,1.2548381,0.20932096,0.33056137,0.07021713,0.0,0.25432467,0.22386616,0.8970182,0.6081432,0.9024536,0.8492262,0.569023,0.7526307,0.15008986,0.043807987,0.79399467,0.88921416,0.9183454,1.0135438,0.83852917,0.5086834,0.11343585,1.0456144,0.1500052,1.3706111,0.54450685,0.60640854,0.35582024,1.5388501,1.7603736,0.65146965,0.45953992,0.078562714,0.039500777,0.34441522,0.50806457,0.012998104,1.248331,1.63248,0.36297575,0.03599246,0.7699801,0.44048473,1.214348,0.0759978,0.80849624,0.25178432,1.1201556,1.4695503,0.29874662,0.7541619,0.0075681875,1.2401412,0.3398482,0.2916545,0.0777998,2.763205,1.3458862,0.99059993,0.32161495,0.43937466,4.249548,0.907249,0.092053264,0.46999523,0.12820344,0.248371,0.23681466,0.45372155,0.840626,2.9472058,0.720857,0.33826807,0.63524294,1.9677277,0.46876213,0.17942707,0.10295625,0.28324068,1.146758,0.06718848,0.05212728,0.08294374,0.54077476,0.49316767,0.17719689,0.31468815,0.3866792,0.6068389,0.98517007,0.16505884,1.5307081,0.1585151,0.9201936,0.113717586,0.14411435,0.653744,0.3093118,2.2565677,1.2304362,0.82367563,0.18875265,1.2979228,1.071415,0.18831669,0.47874773,0.034805715,0.32022944,0.79799575,0.2273927,0.8357606,1.347321,0.4351881,0.76208913,1.4586164,0.23064563,0.37154707,0.31693676,0.43790936,0.24006088,0.06278249,0.0327116,2.8091216,1.0799209,1.0452596,0.56383944,0.30640352,0.8849803,0.3204575,0.77526146,0.013562538,0.49717635,1.2077322,1.2219104,1.0045996,0.5749658,1.2699032,0.1315881,0.033925604,2.6567402,0.0,0.83973444,1.3762457,0.48260447,0.01037091,0.04783474,0.4627592,1.0938406,0.035164814,0.5112709,0.49554405,0.1408172,0.89453125,0.28554744,0.60788596,0.40753117,1.4715149,2.3787189,0.8120354,0.45899442,0.684194,0.076098785,1.64061,0.019446667,1.142004,0.29408285,1.8286886,0.08910841,0.6820171,0.17415854,0.93222815,0.53919286,0.5465035,0.8146937,0.1064206,0.033541694,0.3468543,0.2813039,1.6417471,0.4273041,0.1476289,1.0110068,0.30455947,0.25473708,1.1324346,0.70094717,0.9255432,1.5457371,0.7850367,0.46290645,0.0,0.702889,1.1443335,0.8458336,0.35724893,0.11508352,0.6324756,0.5717266,0.96020406,0.12432577,1.2255992,3.5007005,0.7712959,0.082753316,0.681448,0.8845839,0.21873917,0.16137157,0.34797654,1.883127,0.048015594,0.07884798,0.098401986,0.82276803,0.16956,0.28498992,0.2924577,0.619234,0.0023760085,0.10269977,0.70842135,0.29436794,3.7265177,0.1740885,0.0032760694,0.4898002,0.5963246,0.38911685,0.05766812,1.3829571,0.09377264,1.125355,1.8798708,0.16139844,0.074118264,1.1517551,0.028443582,0.51142395,0.33299807,0.65140826,0.64319634,1.0955569,0.21500804,0.6586493,0.39134037,0.07848346,0.76310116,0.27853534,2.7294598,1.2358493,0.02683094,0.24704088,1.2527289,0.67237633,0.3968848,0.342046,0.5743159,1.1847384,0.70651394,0.7795178,0.3153202,0.5258803,0.42210758,0.2430953,0.57329834,0.10308894,1.1461947,1.0304682,0.48066443,0.3079278,0.47651997,0.7293622,2.54317,0.39786497,0.29743284,0.32674423,0.38753042,4.3471017,0.17981206,0.15656993,0.0909294,1.1089256,0.5272693,0.07513606,0.06911264,5.608685,0.8925355,0.8242216,0.391539,0.18811138,0.5859959,1.7691021,0.14104486,0.98891664,0.08637578,0.057180032,0.19889617,0.59557456,1.350328,1.0028855,0.104480974,0.833575,0.02279317,4.767007,0.23482059,0.695115,0.0,0.7047798,0.04980714,0.45035556,0.18274225,0.6113994,0.5624132,0.37062293,0.36610833,1.3346909,0.51616895,0.4571748,0.3029341,0.063518636,0.058959372,0.46752766,0.7179624,0.006534809,0.5632982,0.054517083,0.30635482,0.004251321,0.029047184,0.20998655,2.6109502,0.3929201,1.0645646,0.12767242,0.26140484,1.910523,0.40041173,0.22112356,0.45283347,0.5573856,0.24872966,0.3742545,0.28458014,2.0577383,0.39103705,0.4545063,0.2732514,0.99172115,1.85588,0.13025807,0.8901965,0.17308536,0.010989903,0.058519315,0.0005736406,2.3914816,0.9489932,2.4262507,2.5046244,2.1909661,0.01739141,0.108894505,3.526478,1.6284506,1.3146328,0.6803838,0.25550744,0.09733643,0.0,0.8937477,0.58801633,0.3196601,0.4862002,2.382843,0.59697354,0.004121186,0.7754744,1.5082234,0.110237375,0.8304699,0.2929293,0.5414762,0.054997303,1.2103862,0.22933777,0.53836894,0.26238224,0.008976509,0.30278873,1.8822757,0.2920461,0.30924073,0.08058839,1.0570806,0.25663438,0.9430159,0.3375659,1.0635691,0.7059508,0.5068894,0.67530495,0.8734213,0.4270413,2.3703034,0.0,0.74507433,0.8811066,1.0792079,3.0894585,0.9572619,0.24820264,0.27919894,0.0796682,0.5065526,0.2384875,0.1157365,0.85064834,0.37621477,0.021242125,3.6624222,1.8839935,0.29282963,1.9205501,2.7926524,0.5473313,2.1504707,0.57527006,1.1022512,1.3452698,0.024079902,1.371334,0.060851898,2.094513,2.4007356,0.062302127,0.42639345,0.22900449,0.28374314,1.3471665,0.23955117,0.19502296,1.1290786,0.9398014,1.1754678,0.22311181,0.22224025,0.34170538,0.5504542,0.56458855,0.31408706,0.74224156,0.88699496,0.74060166,1.2791115,1.8722092,0.3850865,0.0392441,0.0016225402,0.0025042135,0.1890946,0.39165008,0.15472452,0.14553267,1.4191507,1.1884512,0.75208235,0.02572329,0.1908132,0.507972,0.0022875112,0.11829216,0.5041486,0.03045554,0.2594671,6.7698145,0.4061826,0.55768013,0.74257416,0.90940714,0.068977036,0.630185,0.92004114,0.44204438,0.1488851,1.0014057,all_pothole_images\pothole_images_2_image_276.jpg
0.7007717,2.846489,1.0332979,3.2854426,0.61228025,0.5765693,0.582063,0.24460539,0.45859852,1.2208594,0.29324433,0.8223775,0.1184564,0.45054263,0.4096218,0.46205866,1.5920177,0.07777538,0.8153589,0.14150755,0.60441643,1.5165198,0.8134983,2.460026,0.97512853,0.23737714,0.1286847,0.5896437,0.32656613,0.8132928,0.5408598,0.016838606,0.5445245,1.0982009,0.3467404,1.4037467,2.1028237,0.07678165,0.84558153,1.8770926,0.58289677,0.29257232,0.11145091,0.037499446,2.323599,0.24428153,0.2115177,0.5620462,0.5670231,0.14032093,0.60658646,0.41304803,0.4518934,0.85256565,0.0,0.9596222,0.37336874,0.43597496,0.8154233,0.59679234,0.09928271,0.48389134,0.24037425,0.81743085,0.14985107,0.56017095,2.324417,0.3974742,0.52486265,0.10196664,0.4366145,0.16788034,0.7200124,1.2585014,0.30424574,2.8096588,0.75736105,0.74467915,0.08520414,0.62226987,0.55516857,0.7730464,0.43046546,1.2231342,0.8134384,1.2430314,0.042782124,0.45959488,2.5957394,1.8211222,0.21859647,0.37468088,0.1571982,1.5172844,0.29359308,0.0875919,0.88811874,0.7077566,0.18788956,0.45548582,0.366944,0.50915205,1.1501172,1.5988379,1.0103971,0.0,0.25598606,0.57041395,0.114472926,0.92395467,0.44032332,3.2291842,2.690663,0.5071097,0.44873753,0.19863074,1.288263,0.55438435,1.6562634,0.8844391,1.2961649,1.0203389,0.1547066,0.31382743,0.47710106,1.0628474,1.2512565,0.35442427,0.44262937,0.00959995,0.6502285,0.25990763,0.14948648,0.5489404,1.1974102,1.8454053,0.031170709,1.0825617,0.31172326,0.0014007881,0.38104793,1.2833899,0.29599944,0.22479492,0.46251148,0.50059104,0.47384688,0.4881516,0.9588939,0.27506584,0.48301196,0.45632768,1.3274803,0.15638703,1.2496655,0.05197943,0.9753256,0.79850817,0.56637996,0.4522586,1.770125,0.29500666,0.18166374,0.024056386,0.5857468,1.4641731,0.48801807,0.007869658,2.2248669,0.26330543,0.09711178,0.0,1.0911794,0.020548495,1.7420888,0.2057593,0.97552633,0.030961467,0.994384,0.28329387,0.9384339,0.3598795,1.0168108,1.8521161,2.6429093,0.2765897,0.18076223,1.0877655,0.13536558,1.0787888,0.3095865,1.1919653,0.08414434,2.4933002,1.0921283,0.11226103,0.19600973,2.2552369,2.8256927,0.91287595,0.36684462,1.810758,0.094517685,0.39559236,1.1332703,0.40960887,0.17561519,0.22534537,2.3163545,0.53436947,0.10555636,0.20185336,1.0726609,2.0843692,1.2898737,1.1105173,1.0479364,0.3364248,0.55908376,0.9970047,0.90380126,0.18180497,1.5044795,2.076948,0.7066162,0.9179932,0.59884655,0.49324447,1.1439898,0.08394669,0.12804744,0.22779246,0.7207921,0.4612857,0.66059065,0.14134714,0.67271274,0.67602086,0.571049,0.4885935,1.5721486,0.10108387,0.5603876,0.13077788,0.14059377,0.07472716,0.34443656,0.000705812,1.3002509,3.5487995,0.027974289,0.73684907,1.0873393,0.055355474,0.17659609,0.15217227,1.527377,0.59717125,0.9892515,2.6147377,0.28928924,0.039178897,0.82017726,0.5849037,0.20139785,1.9365178,0.8770861,0.39680415,0.8617203,0.32106036,1.989231,0.0,0.26033986,0.4465298,0.705922,1.2448199,1.27838,0.61198187,0.2120317,1.4115571,0.10980355,0.9960601,0.7639417,0.1556215,0.5429225,0.63821495,0.9495942,0.7973577,0.29834262,0.6033338,0.5827283,0.79466105,1.1535017,0.82221717,0.49884734,0.9454282,2.2854786,1.0799952,0.24228248,1.4113085,0.12434184,0.5451127,1.174377,1.9486309,1.0822626,0.5842913,1.3582364,0.7768701,1.0102834,0.14996797,0.45547065,1.0017152,6.3601236,1.5646975,0.20107448,1.9599525,0.2036212,2.3216374,0.5024892,0.4756743,1.5828415,0.9650889,0.98993415,0.12673962,0.7492797,1.1688,0.27179703,0.8161141,0.94192994,0.31891027,3.799829,0.6607277,0.07435101,0.051359557,0.20571595,0.23632324,0.64066684,0.17720285,0.15189661,0.743889,0.7428037,1.5479083,1.6033459,0.11544712,0.3194541,0.13201737,2.4452727,0.34156817,0.07943969,0.50635684,0.68711776,0.63678294,0.6055142,1.1776943,0.94839734,0.30723998,1.0046233,1.0493431,0.69699025,0.87565005,0.37680843,0.28068903,1.3326087,0.9130872,0.260075,1.0567614,0.6334048,0.44817093,1.3757856,0.22220945,0.33142266,0.7348117,1.2043012,0.5212612,1.7939657,0.47238696,1.1291887,2.2008722,0.14708512,1.952887,1.0759212,0.658987,1.7899272,1.6690812,2.769351,0.7508032,1.9868104,0.3647278,1.9481,2.1992376,1.0749054,1.5815275,0.6365536,0.52582484,0.17409797,0.9033505,0.6525692,0.82352394,1.306707,0.6047306,1.4542277,0.36791143,1.1261059,0.16320466,0.15742351,0.058032364,0.9009115,0.8419381,0.26781246,0.07760961,0.3424423,0.42817435,1.3793874,0.23305169,0.0057656965,0.53498584,3.067455,0.2749333,0.8534524,1.7687892,0.28161672,1.491432,1.8480422,0.3215194,1.6355568,0.9586589,0.9420459,1.0923276,1.9120773,0.43062174,0.5364451,1.0900519,0.3799207,0.43092105,0.7359144,3.4423008,2.8921576,0.20233275,0.7667496,2.0990636,0.90118456,0.75759107,0.0,0.4818258,1.4035008,0.33851922,2.1169157,0.30127728,0.3598957,1.4153535,1.4161652,0.7034437,1.602236,1.2013662,1.5392249,1.03733,1.8451936,0.07012453,0.68155175,2.0163853,0.2950971,1.0075612,1.06533,0.49198475,1.4747063,0.7831551,0.7383541,0.16560866,0.7131846,1.5188682,1.126564,0.07246976,0.9603656,0.33937922,1.5321487,0.09159937,1.0215919,0.38345903,0.9063259,1.7646507,2.767681,0.8316887,1.2500409,0.64816576,0.0,0.8128231,1.3354402,0.14636464,1.4996222,0.050799172,1.0140599,2.0621998,0.20157148,0.14798643,0.48213926,0.0,0.66070944,0.5984291,0.34584433,0.17991962,0.25281897,6.5133286,0.7205326,0.6905724,0.14097871,0.5528109,0.0069243857,1.6561806,0.8325395,2.2530487,0.6916026,0.7569594,all_pothole_images\pothole_images_2_image_277.jpg
0.11271585,2.524647,0.7721179,1.9042186,0.21955009,0.109265156,0.1882816,0.34447223,0.43824005,0.86166817,0.8938695,0.39145917,0.098943844,1.0117931,0.67689264,0.16189614,0.8466571,0.25316113,0.8468461,0.00412306,0.1405125,1.2088348,0.19613235,0.6312149,0.22395411,0.20745908,0.27423623,0.9806967,0.089404166,0.9310739,0.60036796,0.10876051,0.3197949,0.5527217,0.019968593,1.4683486,0.15659581,0.35114732,0.08159254,1.2020607,0.45465162,0.65738153,0.44342017,0.32092437,1.7679591,0.30670592,0.14712362,0.13250583,2.520962,1.2208481,0.28669778,0.555303,0.19312471,0.51892483,0.19372001,1.4742671,0.5314603,0.3379358,1.2159411,0.23559973,0.10448631,0.2972991,0.32449627,1.2137637,0.34492445,0.731245,0.6266644,0.17727984,0.7233396,0.35908875,0.46595374,0.36788052,1.0050567,0.30996633,0.36012325,1.0392414,0.12884971,0.5158445,0.0019896436,0.21644604,0.3241645,0.1653939,1.2259076,0.48116565,0.982188,0.53693324,0.28281587,0.070683874,2.9980469,1.7172365,0.0,1.4367388,0.81134653,0.6728621,0.6152987,0.67161965,0.9158573,1.3222597,0.66512203,0.14101355,0.34137258,0.58809716,0.6898441,1.402361,0.908447,0.0006629355,0.59547055,0.13175964,1.0000341,0.82845944,0.12793063,3.3354971,0.08382364,0.33200607,0.656522,0.18820408,1.0741556,0.21230265,1.1548201,0.0949319,0.99878925,0.3395406,0.0,1.4105252,0.47035295,1.4671371,1.2175626,0.33029735,0.44393465,0.6783712,0.592773,0.019803684,0.30069187,0.28890955,1.2727295,0.10302865,0.38276166,0.78497845,0.3617851,0.016204253,0.14683378,0.21065861,0.24775861,0.32942292,0.31878433,0.89620954,0.46292105,0.4169692,0.517218,0.6230067,1.0223411,0.17183445,0.16143341,0.44646466,1.709465,0.439261,0.40869802,0.43114954,0.20937215,0.7294953,1.237766,2.5380542,0.27009138,1.0585726,0.66461873,0.84208435,2.2540777,0.4111874,0.3759644,0.90314513,0.22559318,0.47083226,0.12563425,0.14112909,1.6893464,0.0004963639,0.98897284,0.003679514,0.36969453,0.25914362,0.042551722,1.0475621,0.68639326,0.20717385,3.7469108,0.6691511,0.3276219,0.63064104,1.0416249,3.554343,0.3882714,0.65602875,0.5261629,1.1221606,0.8650055,0.23362942,1.6959035,1.6170475,0.20215848,0.8908407,0.19474545,0.27972934,0.19062965,0.11608055,0.67586267,0.65193874,0.41847965,0.95361453,1.603179,1.1669708,0.085414946,0.6565969,2.0643232,0.12811159,0.4199973,1.4253027,0.0,0.0591562,0.37965703,0.22992474,0.30982393,0.514166,0.25723603,0.37393788,0.0,0.1571475,0.41045535,0.7561428,0.68454695,0.87979686,0.21349818,0.01899671,0.4326891,0.26618207,0.3123458,0.73045206,0.99491286,0.38593787,0.2892737,0.0077801757,0.97385484,0.3030523,0.20419206,0.5499225,0.043844182,0.0023697682,0.3975412,0.53683114,1.0302927,5.0422735,1.0320802,0.68035126,0.40441877,0.032656845,0.2518311,0.22890799,1.0398703,0.5226775,0.8557702,1.6798779,0.04217146,0.0019202629,1.1006508,1.0342864,0.98852396,0.41777343,0.39927253,1.3033953,0.78580123,0.2594729,0.62897885,0.2568609,0.64855486,1.3568738,1.4499418,1.7876859,0.15745315,0.24837166,0.33086905,0.36338845,0.23629121,0.4600256,0.2770806,0.8289732,0.81351787,0.8534921,1.0774662,0.48652083,0.1204253,0.46473047,0.22314978,0.79715556,0.040081047,2.3367572,0.7419067,0.39749607,0.29626793,1.9438759,0.15317732,0.81188136,0.16135038,0.84816724,0.0005843124,1.14415,2.5514936,1.0659628,0.07978276,0.30369064,0.73230004,0.8040142,0.0,1.3179975,5.0384045,1.8907433,0.056400813,0.8857931,0.7931703,0.10207667,3.3855205,0.20808935,1.0636282,0.3828827,0.8724877,0.1073081,0.19864458,1.1145467,0.34160924,0.56770664,1.3555803,0.072205015,5.0283914,0.70569026,0.39065355,0.036113866,0.28261983,0.0047631944,1.1751782,0.28217837,0.35349748,0.53294253,0.63896316,0.31701767,1.1673769,1.6293663,0.80574036,0.7416373,0.17408484,0.34183642,0.017437903,1.8286449,0.6047756,0.9041324,0.04943941,0.3559466,0.23637882,0.2421034,0.042914048,1.3910855,0.62075865,0.4268695,0.15291122,1.4759904,0.74602544,0.44578272,0.081490375,1.2196406,0.7511653,0.35279882,0.01439847,0.53287464,0.31346753,0.5212512,0.21310027,0.5396965,1.0827427,1.504173,0.25309253,0.53598434,0.13954034,0.45792535,0.35004848,0.18400905,0.85603136,1.1687485,2.7961223,1.0023012,1.0614065,1.9462812,0.081826545,3.232438,1.5478123,1.1012497,0.13923673,0.5232538,0.34296763,0.84772676,0.81218195,1.9301983,1.2969209,0.5405705,1.1753494,0.065916754,0.014313258,0.1553161,0.52009237,0.12111017,0.21966925,0.942328,0.31403536,0.02889423,0.14518589,1.1661469,0.3659617,0.23117529,0.02004493,0.1852053,2.8881123,0.15470323,0.27254435,1.1330917,1.0382098,0.052461013,1.6751534,1.6614622,1.2991905,0.24440432,1.302175,0.38174683,0.48856276,1.1454403,0.33304155,0.60732603,0.33866647,1.1454546,0.3670395,2.9230795,1.0883514,0.62609386,0.09462295,0.72213084,0.23988304,0.6664081,0.3958319,0.031824246,0.18902108,0.058848705,1.6168184,0.48669428,0.44574246,1.5235084,2.3737116,0.3298452,0.20797993,1.5710734,1.4867396,2.0893512,0.38985625,1.513623,0.99871916,0.41876492,0.2150787,0.0,0.5668674,0.10865537,1.4232894,1.4925717,0.31851706,0.020936357,0.41958892,0.51848143,1.5669817,0.27837178,0.53775126,0.13668367,0.52389234,1.0753862,0.0053389748,0.5539553,0.1323929,0.45733377,0.1445047,2.3284676,0.84302205,0.39844936,0.11986829,0.20419629,1.2384874,0.03504155,0.8243413,0.14988723,0.41346705,2.387635,0.4967611,0.02834832,0.03464224,0.32065713,0.0016958354,0.26437542,0.6178416,0.5684147,0.24198729,3.1819694,1.214976,0.24275947,0.97469866,1.547929,0.17056084,1.744646,1.4002383,0.48669225,0.30057222,1.5017389,all_pothole_images\pothole_images_2_image_278.jpg
0.46761507,1.0830683,0.1486563,1.9387599,2.0241947,0.40580395,1.024522,0.00041594522,0.78957504,0.6889891,0.24821785,1.105308,0.47413304,2.8488863,0.9308907,0.018728757,0.5294147,1.4849561,1.4708745,0.60781914,0.2475607,0.9953627,1.9068128,3.1305623,0.651114,0.39622638,1.205987,1.3270762,0.6487148,0.6572267,0.8654987,0.07802705,0.8382562,1.3519938,1.7101595,0.56671906,0.5405543,1.6844482,0.3484928,0.2859796,0.37121674,0.04973851,0.7111701,3.1904626,0.673645,0.5960747,0.5701468,0.28791448,0.77902603,1.2404158,0.95461655,1.279027,0.6497353,0.5659026,0.3856071,0.58982354,0.4365588,0.13879474,2.6280408,0.14159095,0.8972321,1.8630698,2.1197238,0.32937676,2.0518553,1.1157914,1.1601572,0.26962095,0.2435372,0.21088572,0.9477387,0.19134587,0.8583642,0.0197546,1.4331499,1.088031,0.82501006,1.3646833,0.29941493,0.3268451,0.917436,0.28436667,0.36498123,0.45756924,1.7082189,1.0517364,0.14524227,0.46463558,2.4494371,0.10607956,0.66906625,0.09799416,1.6258429,0.013331038,0.008299394,0.48498827,2.7467315,1.1692182,0.848818,0.64186007,0.035698548,2.6473424,0.20785487,0.7331865,1.4641699,0.8374659,1.1538762,0.48364022,0.27969727,0.5540977,0.38313326,1.3562223,1.279113,0.5430506,1.8077698,1.321989,1.266559,0.22456488,0.89265305,1.6011072,0.6108602,1.0722847,1.7215623,2.2073698,0.5950821,0.31587896,0.07797513,1.219025,1.5900402,1.6288106,1.0747753,0.21168455,1.1277772,0.1040078,0.0,2.455871,0.00046395266,1.0765177,0.91639864,0.704275,0.37853372,0.65022707,0.6202762,2.042603,0.7616354,2.151307,0.11855631,1.7315395,0.4679332,0.7733811,0.6792228,1.9019643,0.1259797,0.031720035,1.6342613,1.6023545,0.9049374,0.23943752,1.6310369,1.5070602,1.9562893,4.3304224,0.15917467,1.5190008,0.59583676,1.434643,0.4304987,0.7684359,1.5348713,0.5041168,0.8814248,0.5323944,0.32940716,0.19821702,0.3245438,0.8129166,1.1230251,0.3635815,0.30175957,0.6611016,0.05917734,2.111745,1.0853493,1.5675855,1.4886533,0.783134,0.70017654,0.47077173,1.199028,1.1139282,1.1427487,1.4797999,0.28779647,1.3185323,0.8239777,1.7073171,1.0104998,0.66456836,1.3372213,1.7873251,0.71678376,0.6733297,1.5345898,0.33406344,0.70668256,0.6006647,0.8091344,0.83092445,0.18205874,0.42040485,1.219747,0.2029519,0.7878316,0.23126002,1.4519355,0.5053463,1.4345627,0.27187425,2.1918747,0.1765299,0.28783885,0.2162097,2.373171,0.35813853,0.3522966,0.44123948,1.8967206,0.64749867,0.18262528,0.40574902,0.5956426,0.15793996,2.2359455,0.22363709,1.0996741,0.17117637,1.9142771,0.88354427,0.9891206,0.73806643,1.562726,0.23705098,0.2982099,1.0604656,0.42834067,0.122335576,1.6077197,1.1425809,1.069923,3.4606535,1.7220223,0.45972115,0.6216616,1.3401805,0.9465584,3.2007387,0.4511914,0.7284061,0.290829,2.8705487,1.2462136,1.5603995,1.4384941,0.58663017,0.05130793,0.48621234,0.3896281,0.93341017,0.7775318,0.53099906,0.13659778,0.24183168,0.37155285,1.0930434,0.124839306,1.208039,0.44883958,1.5222653,1.2913605,1.4415423,0.10741762,1.1726636,0.6233224,0.94120866,1.3640803,1.945626,0.9266493,1.2373638,3.8853734,0.029501764,0.5533021,0.051800005,1.0518274,1.5803179,0.817346,0.6611112,0.71990764,1.993775,0.19226576,1.5695184,0.72353435,1.0047836,0.18920009,0.15160248,3.6373808,0.7939319,0.0079215625,0.8273441,0.3371328,1.1257197,2.002086,2.1168847,0.4660413,1.3309195,0.5293106,0.5027775,0.5025376,0.88153976,2.7653458,0.42670143,1.7763962,0.5033224,0.36276892,0.8242137,0.753727,0.7407084,1.1383761,0.81329,0.644681,0.81518084,1.4183902,0.056983437,0.3635434,0.48925763,0.2398131,1.3641354,2.4580355,0.94975895,1.2869468,0.3141498,1.6474587,1.3380414,0.20098269,1.1584758,2.198351,0.4551632,0.22552028,0.6218263,0.052174956,1.8721802,0.39755553,0.5552843,2.4149206,0.15422684,0.38031378,0.12143351,0.89645666,0.34275913,0.6629374,0.23310874,0.78696275,0.820015,0.30131367,0.58429325,0.0038244405,0.11127674,1.2722753,3.6324944,0.6162192,0.7202825,1.06401,1.3240448,0.9730034,0.56141543,0.6810341,1.6883507,1.0949025,0.06665107,0.5440367,1.5585213,1.7779348,0.32094666,0.8100332,0.81895965,2.3706863,1.6240695,1.6052887,0.5569137,0.5069758,1.9326217,1.6223867,0.5893224,0.28919983,0.9005814,1.1014521,0.2078272,1.0062169,0.5034294,1.3542156,0.029857708,1.2484225,0.90768695,0.08129134,1.8157345,0.4612156,0.5703374,1.6636187,0.21185699,0.41066203,1.1877632,0.41820315,0.5660909,0.42979577,0.63557464,0.03633731,0.44635537,0.45913917,0.8504565,0.37099963,0.07909455,1.6290685,2.1613615,1.4437902,1.9677573,1.6309679,1.9432648,2.6860595,3.230314,0.7256275,0.8834892,0.00074888044,0.8505062,0.20915094,1.5733622,0.9570498,0.8844476,0.54217994,1.2450297,0.19469789,0.67018205,0.9077245,0.99613905,1.0017772,0.70454794,0.22466993,0.348819,2.1264431,0.49331337,0.77693033,0.90105665,1.1062016,0.928004,0.09489623,0.76256794,0.40073782,0.15624644,2.0721412,0.43130445,0.18668312,0.34300917,1.6800447,0.6398555,2.495912,1.0110221,0.107823886,0.99845505,1.7245648,0.0015532066,1.0078044,0.48566958,1.2850262,1.5009364,0.059277553,0.6567361,1.0761548,1.0951118,1.6055366,0.27099988,1.6569939,0.3326374,1.3985895,2.6502342,0.79863846,1.4533828,0.26125348,0.30192223,1.0372432,0.38434917,1.765469,0.10559818,0.69417644,1.2972605,0.040893115,0.27061757,1.2266759,0.35851115,0.16149367,0.13905537,0.2078696,0.37278244,1.5635631,2.718853,1.0847999,0.40249577,1.5914999,0.5220457,1.9341131,0.90810347,0.0579398,1.2990055,0.5176983,1.1873649,all_pothole_images\pothole_images_2_image_279.jpg
0.5144497,0.69543254,0.0,2.2924337,1.1332083,0.1345861,0.63375586,0.039669137,0.5281277,0.6909025,0.45007643,0.029819047,0.27772996,2.8147688,1.2398221,0.23473932,0.29501793,0.89317805,3.3566284,0.13735951,1.377393,0.15623327,0.40346012,0.50482345,2.8996313,0.050896324,0.8157157,0.86730057,0.22200504,0.36291224,0.4914362,0.14722238,0.91533595,0.22705933,0.21993333,0.8899504,0.2426585,1.5298733,1.3425549,0.37874618,0.07810912,0.20301363,0.33048543,2.42017,0.73105776,0.30936947,0.03359523,0.33838806,0.37386233,1.7410645,1.19968,0.20141503,0.09731708,0.015021871,0.122792765,1.8507046,0.44924787,0.69204915,0.3517925,1.1915594,0.5711054,0.98296684,0.038094033,0.46900788,0.4315401,1.0891464,0.27517188,0.07646797,0.15097344,0.028547242,0.26995388,0.119581394,0.56092715,0.6212797,1.4175738,1.334549,0.28575507,1.8406565,0.15385315,0.7545772,0.116136976,0.020939505,0.103231,1.418819,0.7192686,0.0,0.07204091,0.17595802,2.939326,0.06915809,0.6896909,0.53119,0.19184153,0.08027621,0.25711292,0.0,1.1934636,0.008276158,0.22475441,1.665134,0.0022208723,2.7913773,1.452552,0.10141277,2.333186,0.04148214,0.4237393,0.10931416,0.15314746,0.3532068,0.0,2.4740827,0.7619241,0.038585518,0.094422944,0.770932,0.37932882,0.041130614,3.0410557,0.44326642,1.7390777,0.059528653,0.05921924,1.2850039,1.0036378,0.020545542,0.723602,1.0835395,0.711333,0.39665288,0.51189756,0.3055849,0.0,0.79023904,0.7311051,0.90650564,0.49415618,0.23048604,0.22609602,0.4564664,0.3394362,0.32077032,0.9347578,0.045424636,0.5247492,0.9270379,0.0018675905,1.3106339,0.48516887,0.057019588,0.33128715,1.2303764,0.0015816115,0.87847185,1.0200698,1.3711599,0.0852853,0.0,0.5763031,0.47592333,1.2038054,2.5588171,0.07225901,1.6040621,1.3657542,0.7644156,0.21507634,0.44224465,1.117454,1.6917348,0.13146828,0.48329186,0.34316498,0.15618365,0.2721721,0.049744353,0.7772683,0.05156306,0.1841179,0.41365954,0.0064558913,2.5861034,0.17768496,1.5802513,2.0590315,0.45906118,0.19462071,0.9878124,0.071950614,1.1231976,0.14936852,0.1618611,0.10176176,0.9387815,0.5310698,0.575539,2.1013663,0.5084532,0.95756435,0.25165626,0.22307797,0.37321845,0.37292796,0.3299083,0.0,0.14043237,0.43021676,0.5702624,1.1679761,0.39974338,0.18436517,0.0101292245,0.34243494,0.14029092,2.1370022,2.3721213,0.21747711,0.25129578,0.6608738,0.30886292,0.7498768,0.094209574,0.9153745,0.7886477,0.13861607,1.0252264,0.9272505,0.30968893,0.7167833,0.74659014,0.32948267,0.31994382,0.73568964,0.97451884,0.25601625,0.5315577,2.9930058,0.2187732,0.104548454,0.15092729,0.29061055,0.99028176,0.2293046,1.0043474,0.9490278,0.01085533,0.64255875,1.0947634,0.97067386,4.2521205,1.4542792,0.5842285,0.079879954,0.008986056,0.46826553,0.8693812,0.34088522,1.623732,0.42043424,4.087319,0.6558762,0.1557758,1.2443615,1.1232293,0.4656035,0.34704766,0.9656848,0.5560588,0.121515796,1.1473007,0.54458565,0.0,1.1178706,0.842183,1.0718106,1.5254142,0.061675046,0.32346788,0.5090702,0.007373958,0.0,1.2249894,0.72290754,0.1691801,0.08397926,1.2414975,0.566689,0.4335472,0.6967168,0.14251658,0.062089544,0.07735845,0.71813256,0.4393948,0.0071606794,0.89903975,0.36382192,0.73501074,0.0,1.4158332,1.3260131,0.3439662,0.26130873,0.32924536,1.9484113,0.60371,0.868304,0.0524897,1.0429012,0.830713,1.3105395,0.38387325,1.3388649,2.853216,0.46568176,2.5010557,0.08053646,1.2329838,4.452719,0.3213078,0.19502749,0.7515483,1.0528792,0.06868193,0.440589,0.04237769,0.26728165,0.014217186,0.111112654,0.5110662,1.4445444,0.9049072,0.36306626,0.6635795,0.43693355,0.048654236,2.0937982,0.53824943,0.5085979,1.3819622,0.2622087,0.14224532,0.52252,3.4607291,1.9269605,0.083899245,0.16541475,0.9630425,0.6830522,0.9501956,0.45294103,0.20288429,0.28642073,0.3941821,0.027404543,0.0946174,0.0141896885,0.14225644,0.9741886,1.7425412,0.38335893,1.3625394,0.6791518,0.79045385,0.2197449,0.3126138,0.97721505,0.042839512,0.15575959,0.6103121,0.2959104,0.67560613,0.71665174,0.13376135,0.011844941,0.1926975,0.9786229,0.12573794,0.3425827,0.8109698,2.667499,0.7104208,0.15394431,0.5605029,0.98745894,0.6390995,0.5661769,0.1003461,0.2856893,2.4323964,0.978831,0.24906357,0.12128172,0.18301524,0.07903333,0.0,1.5200608,0.47651514,1.3386832,0.0,0.627041,1.4400698,0.36567554,0.12281813,0.6203719,0.12379644,0.13844554,0.40296847,0.45333168,0.0,0.7461174,0.63074136,0.015796376,0.42035156,0.037613634,0.8435453,2.3661423,0.047209222,0.623008,0.20234956,3.772634,1.3419566,0.935167,1.0351132,1.8774879,0.29647613,0.49096984,0.5021029,0.39755338,1.4006156,0.22266178,0.6266661,0.70614254,0.55639195,1.0868069,2.264215,0.7856898,0.34080788,0.010988933,0.054061666,2.123613,0.27014065,0.83411723,0.056007415,0.001961716,0.046125293,0.9283924,1.318015,0.02389847,1.1076939,2.5152192,0.15549831,0.64015716,1.5386049,1.2537216,1.1247346,1.0345846,0.007776428,0.3397142,2.797374,1.049882,0.26961458,1.2565267,0.11571546,0.75070375,0.6815169,1.9270414,0.004979442,0.009362253,0.8965701,0.6324333,0.47834957,0.09124916,0.61754507,2.577575,0.50471723,0.54067874,0.77638346,0.81140864,0.5252061,1.138254,1.3197535,0.85480803,0.15914834,0.7190206,0.32971597,1.1511512,0.3796017,1.1552094,0.047878806,0.5564473,2.4372287,0.22450708,0.3021376,0.0072527975,0.075647265,0.42762464,0.20988713,0.49141324,0.025255786,1.2074873,3.3663304,0.55461186,0.58716416,1.524614,0.8579313,0.9768751,1.6338946,0.08589538,0.059716955,0.2532449,0.984624,all_pothole_images\pothole_images_2_image_28.jpg
1.7756195,0.911277,0.10633558,1.6764311,1.9533757,0.033935416,0.0066144923,0.0050220964,0.70009303,0.7933013,0.16199586,0.32702434,0.5508879,2.5729349,1.2399157,0.34326452,0.07427074,0.18586498,0.30532712,0.86691296,1.2875168,2.765283,1.1301849,2.360068,0.16783139,0.34549698,0.24780795,0.9079845,0.42117557,0.6810883,2.5854583,0.09207709,0.35945845,0.40172195,2.5253706,0.2865305,1.56898,1.7489705,0.31427026,0.26815927,0.2895345,0.04161381,0.6360097,2.099823,0.88719594,0.7379555,0.15384145,0.35113755,0.19064496,1.3120836,2.6633894,0.06266624,1.9137927,0.26794094,0.21156828,0.8331502,0.61180836,0.18311602,0.44175392,0.49554902,0.44196615,0.78793705,0.49570853,0.5814173,1.1763575,0.43584633,0.72346187,0.64497906,1.245502,1.1857803,0.64699584,1.8381534,0.40767062,0.36270186,0.8014927,1.9633801,0.63075876,0.96644443,0.49613604,0.3945852,0.46103382,0.34387425,0.0696066,1.0672088,1.359533,0.2594137,0.4241565,0.77971023,2.4673944,0.02211927,1.6634936,1.2994597,0.6782426,1.3760796,1.088081,0.6803009,0.06996633,0.41270986,0.29335898,0.9557578,0.12667799,1.5452665,0.27380377,0.45248196,0.04264741,1.8332939,0.648904,0.16767143,0.21452148,0.9959578,0.18771286,1.7818583,0.3771431,1.6157013,0.9047143,0.75448996,1.3017433,0.25429094,0.82527316,0.9745065,1.3235967,2.9271326,0.44568574,0.47503287,0.45273522,0.63262886,0.19819593,0.69718754,0.904158,1.9167538,1.8256547,0.88602126,1.6391913,0.37332115,0.396743,0.7462884,0.36671096,0.8812615,1.0020494,0.09918698,1.1920446,1.074276,0.5019767,3.3956335,1.0777963,1.8726436,0.56050926,0.047503144,0.06327143,0.5085392,0.11819672,0.51210946,0.9569138,0.08218744,1.8491002,0.34384963,1.253307,0.4504736,0.20055377,0.20710006,2.8049042,0.18181816,0.5323882,2.140053,0.43018392,0.4353812,0.55185264,0.38519558,1.5156068,0.7673588,1.5168082,0.7407946,0.3338756,0.5980635,0.8543209,1.2937287,1.1368744,0.025907869,1.3332286,0.41058895,0.23587573,1.9662498,0.16924605,0.58480895,0.48921615,0.38691843,0.61405474,0.9098485,0.7868356,0.20717542,1.1053951,0.7062949,0.70881295,1.5142975,0.008745713,0.789595,0.19176814,0.4086909,0.86395043,0.28623936,0.33519402,1.4603671,0.7482346,1.2625219,1.7912828,0.33916873,0.6982157,0.6221714,0.39160392,0.42406827,0.13537864,0.33022422,1.0081253,0.5435079,0.85390204,0.09078921,0.6382492,0.3139588,1.3300282,0.31288198,1.0395126,0.30814853,0.71628135,0.24670057,0.3224055,0.8862787,0.9085008,0.61344993,0.9355597,0.69741833,0.25498757,2.0200043,0.26049656,1.4778581,0.27911758,0.122519545,0.7215333,1.7694504,0.12694144,0.07330559,0.079880185,0.004636573,0.84742004,0.88608336,0.49893296,0.52241474,0.38765997,0.31224477,0.5126923,2.701715,0.7189062,0.010987775,1.2446679,0.49150357,0.42061198,0.5399134,0.5274148,1.1497052,0.39296848,0.6390544,1.6189693,1.6061956,1.7843472,0.8515517,0.22207715,1.1260976,0.22495665,1.6438054,1.1045483,1.2183865,0.28304926,1.057287,0.51291335,0.3923185,0.60103095,1.3999331,1.8339956,0.7441186,1.7521394,0.40712845,0.48934725,0.021782592,0.63600284,0.1106378,1.6519182,0.33977547,0.23291405,1.8014468,1.2234972,0.13421848,0.25074187,1.3195004,0.29948762,0.14899121,0.39647603,0.01750705,2.6986601,1.4079328,0.2748037,1.2922252,0.66776586,0.12776858,0.22539788,0.39295214,2.5165393,0.118105456,0.48919743,0.9292928,0.4864966,0.22293214,0.5639486,0.51878023,2.0926666,0.95411265,0.6213685,1.3023916,0.023231307,0.2372153,0.17983513,1.468428,0.9294066,0.11335464,0.24122088,2.1260102,0.55716586,0.89982885,0.35157487,1.969892,1.0659021,1.0508605,1.424051,0.64793265,0.7185497,0.07917469,1.5860204,0.34390008,0.5639442,0.28212598,0.78345054,0.47344744,1.27472,0.91185516,1.1078397,0.79097223,0.1702404,0.6993912,0.29237074,0.21199344,0.11920163,0.8960272,0.19535789,1.2223411,0.27004275,0.6529312,1.214717,0.67248327,0.43197995,1.6900871,0.9990463,0.88157684,0.57089055,0.68826807,0.56258327,0.25830367,0.10381927,0.11040898,2.3365467,0.44330016,1.305518,1.5182424,2.2514203,2.451631,0.64143777,0.50172806,0.3012568,0.40759635,0.09251833,0.25943956,0.36151943,3.4252844,0.33074507,1.3849617,0.8913007,2.3945863,2.8787854,3.6747806,1.4229515,0.119381465,0.8365131,1.6699201,1.2962961,0.41240683,0.42596397,0.703236,0.54347765,0.16323084,0.93658155,1.0526487,1.604973,0.76022315,3.5175786,0.9013729,0.09643539,1.4151645,0.45374376,0.05876433,2.0064974,0.30466446,0.35278437,0.86192685,1.204449,1.0654962,1.7961813,1.4236649,0.13278186,0.14405182,0.07542356,1.040218,0.049890365,0.5768902,0.46781883,0.7697212,0.51663554,2.19248,0.52628297,1.4876478,0.46009067,3.5164893,1.4079119,2.8154035,0.4483135,0.21179402,0.4501442,0.8174022,1.6449164,2.5873091,0.38473946,2.1593826,0.23863757,0.3393882,2.598067,0.50280416,0.5055267,1.3929985,1.400887,1.8497759,1.934484,0.091751575,2.6995864,1.4707031,0.19238538,0.84873074,1.3670594,1.1673371,0.7066561,0.09893262,1.6701407,0.90125865,0.3097533,1.7513368,1.0489349,1.5547856,1.5417228,0.190729,0.19461799,0.40654033,1.3501208,1.0802832,0.90078926,1.593627,0.36105677,0.7217103,1.5601375,0.95128405,0.40389857,0.52114135,0.0994192,0.27840018,0.326283,0.27149352,0.48312446,3.8711293,0.17050147,1.5541303,0.4262463,0.3785158,1.2313544,0.49426174,1.167518,0.011918427,1.3076203,1.0679036,0.28367004,0.01607032,0.046380978,0.35297078,0.18360083,1.0493098,0.2692724,0.27224332,0.4275415,2.8649142,0.63145936,0.702471,0.13344091,0.15817536,0.42656365,0.61026365,0.8675406,1.0359429,0.12221683,0.36629307,all_pothole_images\pothole_images_2_image_280.jpg
0.19077666,2.1928604,1.3190435,0.7516193,0.8753147,0.7010824,1.6213995,0.37687764,0.7007464,0.18098094,0.7184508,1.0444269,1.3834767,1.3249224,0.33051735,0.5126111,4.667176,0.7553506,1.3078178,0.8840091,1.2124465,0.18490113,1.2339317,3.805043,1.3688138,0.033281744,0.40402582,0.4323718,0.15508646,0.66786206,2.8545456,2.6858652,2.4141443,1.9800853,1.766883,0.4529957,1.7274404,2.5741127,0.021372892,1.738049,0.049284652,1.9209291,0.3970103,1.2892598,0.118228726,2.4061897,0.36691952,1.2060171,0.049189687,0.1763965,0.983786,0.1368342,1.5451492,0.6200974,1.8993993,0.2338601,0.68858594,0.17792672,0.15387985,1.2530402,0.7321585,0.19506542,4.265659,0.64776975,1.0838629,2.299512,2.0383365,0.63381183,1.2676479,1.7589515,1.2382164,0.25295782,0.16666809,1.4827918,0.22603025,0.20447263,1.4740648,0.6607708,0.52737224,1.1976541,0.7716382,0.4028652,0.8341547,0.8320474,0.832458,2.470074,1.4161174,0.9450573,2.423882,0.22064476,0.8553631,0.85063845,1.0371004,0.6723407,0.002374185,1.2640668,0.84582424,1.4595617,1.5776649,0.56847274,0.28958234,1.2796242,1.7476822,0.5779912,0.799928,1.2215683,1.4489443,1.371314,0.007406019,1.3487498,0.58056074,3.2090855,3.749,0.38341534,0.28042448,3.6767735,2.1557364,0.47234118,0.80066836,1.0196751,1.9680127,0.33939952,2.73225,0.52781296,0.5021193,0.5540437,0.2323905,0.87907726,0.5194015,1.0276634,3.8983343,2.9368052,0.3944822,1.6645757,0.40025976,6.151323,0.0710593,0.62330055,1.0747573,0.12893055,0.93420255,0.12985443,0.6853897,1.126773,1.077682,1.1605984,0.05980622,0.26694334,1.8388461,0.22986743,0.34473303,0.95164675,0.1339096,0.33839402,0.7945402,0.15799326,0.09339394,0.35517615,0.9962311,0.12227453,0.94196886,0.6094633,1.0382253,3.3812242,0.00057315064,2.130627,0.18550728,0.5375886,1.2992485,0.17057171,1.8949485,0.8982374,0.4936216,0.15164965,0.6534101,0.65213984,2.9659162,1.6640167,0.34538555,0.3622722,0.12104637,0.41626614,1.107274,0.8609166,2.2199504,0.019024065,1.8222135,0.42553866,0.85734105,0.72261125,2.8118513,1.0828876,0.30399355,2.0743012,2.3934608,0.61453116,0.7417965,0.12166663,0.33227524,1.6405398,0.37852433,0.26453382,0.14962104,1.6095195,0.7678615,1.379793,2.6292531,0.52212715,1.1883099,0.18125257,0.7911866,0.08101323,0.4619896,1.6656764,0.96097827,0.2124072,0.47569647,0.68825316,1.1243538,0.31250277,2.1206675,0.45782834,2.121158,0.4588373,0.48641548,0.954465,1.8603892,1.3203617,1.3775651,1.0890015,0.14267796,1.4930694,0.51547927,0.44863588,0.13068363,1.7049253,0.9375802,1.254778,0.75627214,0.5184217,0.97942466,0.16514158,3.0556693,0.0074065314,0.33135897,0.87115884,1.4975317,0.40084624,0.012961649,0.08376271,2.2965295,1.1944164,0.87087464,0.7425801,0.6301432,0.04488342,0.89195794,0.7922465,1.2793915,1.2155186,0.8897044,0.65018904,0.9190171,0.4591336,0.05854258,0.6607471,0.32893565,1.0759981,2.1014698,4.6485133,0.39511126,0.22340977,1.8857363,0.26902372,0.7939349,1.1079128,2.181135,3.774283,1.7193855,0.33501568,1.3779292,1.258643,1.312677,2.0207644,2.7609365,0.16441154,0.7318444,0.42812613,0.20893978,0.013845446,1.045294,0.25075027,1.4151947,0.112052426,3.0193973,0.50745136,0.71852934,0.10326249,0.14732859,0.21435182,1.3952843,0.80059844,0.7549689,1.3830756,0.29746825,0.55983055,1.0894114,1.5445161,1.6405482,0.5467092,0.6927346,1.4468434,2.8835719,0.05931934,0.010829889,0.9782491,0.26062432,1.4631076,0.8441777,2.2605686,0.88566625,1.4159384,0.78901166,1.1781139,0.74805254,0.46401247,0.72890073,1.130488,0.40415904,0.9752384,0.5194069,1.4106913,0.7442788,0.75997925,0.2035127,1.7693799,0.0,0.28178072,0.6141821,0.6040174,0.99415004,2.0588298,0.24459435,0.4198567,0.3373895,0.29463246,0.5703706,0.42668277,1.4291749,0.658677,0.0021438214,0.30285516,0.40435997,0.12341116,0.2678425,0.061748557,0.4496726,0.11247216,0.20616831,0.052801814,0.76068366,1.9438881,0.52041763,0.58654684,0.0,0.48012125,0.4573288,1.4455744,0.03873136,0.4844417,0.9234224,0.12209091,0.87094116,0.48653316,1.4288757,2.0797825,0.5397631,3.469049,0.28323254,0.42391843,2.617365,0.109721184,0.037383888,0.5101786,1.5004976,0.5813418,2.9361367,3.5818548,0.3056827,0.061237864,0.097566016,0.3777648,0.0,0.48215407,1.3666551,4.934791,0.82819754,0.18697557,0.31740144,0.39992923,0.4711053,0.14017686,0.12736946,1.5167633,1.7350408,0.54156023,1.4290161,0.8168889,1.7190007,0.1801545,0.5598167,0.014963844,2.2634609,1.2229161,0.82459307,1.7219845,0.7514099,2.4540133,0.27894852,0.051966358,0.15942226,2.948089,0.41178575,0.42104924,1.016885,1.8949193,1.6711996,2.7613418,0.7378362,0.38587624,0.39277062,0.2777451,0.6153212,0.4073851,0.43414026,0.9941439,0.30757743,1.3410996,0.08169908,2.276684,2.1037338,1.2448335,0.36301756,0.7920683,0.01737014,1.0790684,1.7826202,0.44688344,1.5194849,0.4328756,0.12907977,4.8816757,0.12918697,0.0050567,0.4502264,0.30624622,1.2558875,0.63598186,2.064031,0.30490053,1.0990666,2.6709647,0.8386292,1.5595164,0.92747355,0.16976039,1.2286928,0.35023847,0.060423993,1.2720072,0.48559165,1.3277824,0.48754144,0.976927,1.1998026,2.1442208,0.514757,1.3733791,2.047874,1.0094973,2.5501008,0.032053825,0.23062947,0.83818233,1.2912881,0.99806887,2.3226707,0.84758836,0.8597422,1.7699149,0.6560365,0.118080914,0.27067605,0.3597912,2.4729023,0.033499327,0.8046912,0.10276635,0.00992606,1.5358322,2.9311008,0.19838807,0.7111217,2.2957876,0.36980703,0.36165798,0.6288686,2.9424636,1.4735965,0.4611036,0.29958484,1.0766932,all_pothole_images\pothole_images_2_image_281.jpg
0.08491164,0.10643581,0.059903447,1.3974575,0.37861258,0.03160218,0.20328343,0.0,0.9659135,0.34461007,0.17117433,0.013882705,0.0,1.8429048,0.0,0.677254,0.0,0.6405269,0.16980807,0.012968048,0.6022968,0.423877,0.3092457,0.095369704,1.3353984,0.67334396,0.25164762,2.1798508,0.23485225,0.014838665,0.20438811,0.0,0.13637014,0.14833908,0.066310756,0.25843427,0.115293615,0.3539092,0.18846463,0.39329213,0.0,0.13806956,0.17789106,1.6318951,0.5809634,0.15476449,0.046517722,0.0040796697,0.41850904,0.8425341,0.0,0.1467309,0.1647367,0.2417085,0.51742923,0.6668715,1.7192235,0.017502155,0.0,0.0069299107,0.0,0.13348316,0.49705228,0.83318216,0.03675375,1.3701329,0.53069174,0.017654851,0.045061506,0.12655541,0.1698815,0.5467655,0.11127921,0.09422312,0.16729729,0.03386601,0.052671146,0.10830553,0.0,0.016124573,0.07821947,0.08363336,0.5526611,1.4323677,0.0066793878,0.0,0.14495477,0.20253532,1.2989151,0.16707064,0.31546178,0.0,0.11467151,0.103654996,0.5213475,0.1716347,0.33467686,1.5735235,0.36272213,0.028097473,0.11073173,2.9163992,0.13965319,0.00036105452,0.090074226,0.034125652,0.44009686,0.2001069,0.042647623,0.45830238,0.023112936,0.41327208,0.13901637,0.26650238,0.1746493,0.3689279,0.046948686,0.0024646223,4.2521443,0.34908357,1.080767,0.08758161,0.0,0.42140648,0.6184118,0.21418053,0.0,0.00020526172,0.12989609,0.0,0.006484931,0.20270942,0.13496876,0.12234249,0.045085803,0.16801277,0.0023433024,0.015534512,0.25224888,0.1297751,0.0,0.00087909837,0.08093847,0.1500424,0.14453387,0.6137229,0.0,0.051564194,0.20806079,0.5404882,0.02826021,0.46009895,0.0,0.2580322,1.0741761,0.27603248,0.22177951,0.2121534,1.3610939,0.5681516,1.0193495,1.1061934,0.0,0.3196713,0.6372437,0.0,1.0367713,0.10403196,0.94816875,1.5750616,0.0,0.007190657,0.026740523,0.10204425,0.17140684,0.007343318,0.23870106,0.0571465,0.10015113,0.02320754,0.0,2.4107776,1.6643578,0.2561483,0.2417683,0.8942731,0.23716477,0.28738886,1.2603393,0.47574335,0.075541414,0.012208346,0.00087179476,0.75214815,0.5492765,0.009014016,0.7281019,0.0006236307,0.22843081,0.075611815,0.021068322,0.3407831,0.09310183,0.46244818,0.87872136,0.0,0.22284539,0.15560831,1.9221076,0.022933692,0.0,0.010144919,0.4218745,0.20854829,0.3655566,0.29039904,0.051428586,0.0,0.12811947,0.25486347,0.7376485,0.08202268,0.39834237,0.04038216,0.0071047726,0.08663266,0.7577253,0.11276418,0.985833,0.3495525,0.17315988,0.06867285,0.37659127,0.17812926,0.35429496,0.0057946444,1.220258,0.0,0.08459631,0.07467985,0.41997188,0.16003036,0.012341915,0.018931974,0.11418134,0.0,0.19959489,0.009855603,0.021774039,4.423661,3.312621,0.011744409,0.042283367,0.24898279,0.0,0.4485667,0.31573817,0.12817907,0.45534772,1.3285706,0.0,0.10473137,0.42293897,0.8228316,0.056802005,0.04389425,0.17953163,0.085205905,0.7341947,0.0,0.013930063,0.0,0.1298636,0.010465699,0.39224547,0.67051566,0.0030324392,0.072784305,0.0047381464,0.29521206,0.9393187,0.42426002,0.070658416,0.15554193,0.1377793,0.41377693,0.444543,0.31861869,0.09250572,0.013429158,0.0,0.15137176,0.011767922,0.8235517,0.0077351476,0.26832294,0.012847389,0.689397,0.0,1.296109,0.29463512,0.03914984,0.014825377,0.11223663,5.376783,0.28371543,0.07625752,0.019485267,0.014126783,0.35678473,0.011239581,0.8432377,1.2341204,2.013772,0.37799346,0.03605585,0.0007925751,1.3008007,4.067126,0.06270049,0.01871527,0.036706455,0.03706712,0.012319434,0.094005175,0.13187097,0.5516064,0.0042463387,0.00087354257,0.004307092,0.54068077,0.11806469,0.0,0.026716737,0.011104402,0.0010589877,2.8472743,0.6214144,0.119633645,0.28912058,0.029458435,0.21367778,2.7895691,0.42506573,0.5556779,0.020232463,0.06841013,0.11173547,0.11397231,0.25160825,0.07746367,0.23365977,0.012692622,0.051372565,0.2903461,0.0027193634,0.22690913,1.1557963,0.41159853,0.1993733,0.011568878,0.044758085,0.26927125,0.035670556,0.007823343,0.00049467816,0.004064827,0.080238655,0.06751034,0.07783567,0.23372588,0.034701407,0.49553803,0.027927259,0.013553707,0.3276753,0.003106493,0.009465742,0.007230257,0.249268,0.28057528,0.0,0.016152656,0.034876876,2.5769908,0.20392014,1.3011262,0.0,0.10230103,0.46191576,0.23193207,0.0,0.052796252,0.41128352,0.0074251364,0.0024514277,0.019410659,0.027588233,0.0034070194,0.56127983,0.30674577,0.03608406,0.11762353,0.080648184,0.28680012,0.022313312,0.0022079034,0.7974061,0.21069878,0.027622942,0.010397578,0.104374185,0.0,0.19719149,0.02272571,0.56141996,0.4164491,0.5799022,0.47354078,0.0092632985,0.81612223,0.14409891,0.42557555,1.8210069,0.7158221,0.3321109,0.20693251,0.06525548,0.017371845,0.13218355,0.5961387,0.05671947,0.07432143,0.11955412,0.12829621,1.6842673,0.35775134,0.16324401,0.014832398,0.105714865,0.55902934,0.004302887,0.04473105,0.006562786,0.306541,0.0008761736,0.20725442,0.19931109,0.048023596,0.21188743,1.6639572,0.3700267,0.048944797,0.0,0.267887,0.18466124,0.5367848,0.00040694527,0.03765671,0.89658976,0.69312793,0.008097712,0.7110864,0.002676094,0.30057567,0.22885396,0.0,0.0,0.111345224,0.17267914,0.083015755,0.54403394,0.4171374,0.0,0.63866407,0.069647335,0.21230094,0.7429171,0.15564364,0.055058338,0.12668139,1.3707196,0.34974942,0.05587306,0.0056869593,0.08396532,0.037512973,0.18511112,0.1559753,0.05488514,0.14195153,1.4638383,0.09843054,0.008354668,0.0,0.0,0.05394982,0.0,0.013012788,0.0,0.02732464,2.4794147,0.32713947,0.014152158,0.027213868,1.824324,0.22189392,0.10386655,0.5953095,0.41454458,0.4746179,0.02717132,all_pothole_images\pothole_images_2_image_282.jpg
0.16197479,1.4955859,0.18799143,1.9701762,2.4821064,1.7166427,0.844679,0.10464481,0.14874305,1.3852757,0.17499198,0.734479,0.47052035,0.49688798,0.0016742047,0.0415415,0.5445602,0.47999498,0.81391585,0.021909898,0.17327562,3.1576571,0.581406,1.7751234,0.8575362,1.4990082,1.0257219,4.2383165,0.3406413,0.1919929,0.29569682,0.20323063,1.8373301,0.058960535,1.864508,1.5837234,0.86618507,1.6996074,0.2196869,1.4326193,0.3991048,0.11102525,0.27622455,0.69076675,0.42841503,0.06948267,0.36059475,0.1262434,1.0891166,0.48739147,0.82529616,0.10940342,0.07304059,0.4717287,0.0891002,1.4483663,1.5823227,0.41013747,0.12586015,0.21424255,0.66771114,1.3726491,1.4276372,0.035111316,0.36804587,2.6961603,1.2144223,0.22944692,0.14677826,0.40813485,0.66286427,0.120258525,0.4393168,0.8413715,0.49638295,1.5625697,0.099009335,0.6478368,0.19256042,0.6215268,0.15016957,0.3568953,0.20391938,3.0445101,1.1646619,0.6722644,1.1268048,0.024811793,4.055483,0.34176168,0.29554054,0.3443837,0.061001293,0.3380543,0.46766233,0.026804209,0.06509051,0.19586518,1.5939265,0.56799126,0.029150434,4.3146014,0.92293674,0.18967013,0.06241006,0.115185596,0.64296407,0.052754246,0.15118052,0.13400792,0.50164425,2.1710215,0.9208922,0.01839207,0.9388865,1.5841664,2.615968,0.4938665,1.7881526,1.1717808,1.2875623,0.1369957,1.0867237,0.67506766,0.32934397,2.1306455,0.20545085,2.943967,0.84641314,0.9323891,1.1407233,0.0,0.23625827,0.18097177,0.39812306,1.6191175,0.23205689,1.4321884,0.5240616,0.60631686,1.0524868,0.08569041,0.0027451692,0.2865518,0.12071245,0.79351616,0.2714796,0.21221551,0.38784924,0.6414971,1.1391217,0.6331602,0.051546216,0.05128857,0.7662918,1.0068072,1.008378,0.13571073,0.9249553,0.1976684,0.82257295,1.8369884,0.12387799,0.47893488,0.47962368,0.13670075,1.9907911,0.400245,2.4792993,0.8648116,0.23668145,0.044461828,0.04916947,2.6022632,0.88426256,0.17017603,0.48496532,0.6626903,0.35580078,0.36730286,0.31140208,1.4670992,1.479149,0.6930774,1.8941422,0.7749687,0.11536199,0.369873,0.121584006,0.7947919,0.56638354,0.9769242,0.0,0.9754852,0.09431082,0.092925034,0.7865284,0.5617837,0.64005166,1.0125321,0.32306144,0.25928918,0.33479095,1.7369492,1.2732525,0.8367153,0.08370413,0.17819439,1.0662243,0.68852544,0.57802427,0.27891606,1.7227448,1.7082094,1.5735679,0.92060834,0.3666901,0.42245865,1.562159,0.70013505,0.9949847,0.13957544,0.026450662,0.3073831,0.15410419,0.3898949,0.5309983,0.7891567,1.583877,0.033390034,0.1346788,0.47712636,1.4995341,0.3914611,1.3693033,0.12732865,2.0839102,0.021058682,0.056954827,0.100871846,0.20950362,0.0040727616,0.24772215,0.09917158,0.049138077,0.0,0.62963814,0.34224206,0.9571377,4.885018,2.0493045,0.5700503,0.38987145,1.7963054,0.052349497,0.05718197,0.85215455,0.1917876,0.42815393,3.8114443,0.22851545,1.8895992,0.42726812,0.74137837,0.007554115,0.71022403,1.7744672,0.00459137,1.3091253,0.3308005,0.6441003,0.36247727,0.080322236,0.12924668,1.1094912,0.56473935,0.3312555,0.18742454,0.7333416,0.8827482,1.4225868,0.16417585,0.107848726,1.3433102,1.4883267,1.5994095,1.8501322,0.11684397,2.240221,0.40092692,0.49994522,0.5651994,0.06065372,2.0171075,0.6524094,0.123264864,0.46219257,0.6601075,0.1293935,1.3128842,0.002779467,0.54938,0.22861552,0.8425372,3.9307194,0.69407153,0.93143314,0.2653159,1.1086124,0.7254766,1.5781423,0.3061901,4.797172,1.1804997,1.208458,0.45646527,0.021213723,1.3929439,2.6728833,0.058426924,0.18149504,0.02952285,0.042451195,0.3422651,1.2934142,2.3249028,0.8807046,0.09858321,0.82334596,0.13039927,3.1882207,0.38878584,0.008733024,0.29638374,0.0,1.562295,1.3285267,0.13701412,0.335422,0.782466,0.1870318,0.68871087,2.4501429,0.21854204,0.5278734,0.11651539,0.6126317,0.119219095,0.052279457,1.0818967,0.821124,0.8764549,0.026096996,0.91474944,0.14072455,0.012164887,0.23647991,1.9151698,1.3382406,1.558898,0.10056046,0.022348387,0.709915,0.82015026,0.058178466,0.10024862,0.5001086,1.2849166,0.24140759,0.6084021,1.9672023,0.19346869,0.52510643,0.05278457,0.9420901,0.32028326,0.013516744,0.090216964,0.3484111,0.13802321,0.3463612,0.0,2.9575655,0.32864368,4.055764,1.6344802,2.3913088,0.23629157,0.73734236,2.8690138,1.5330958,0.318546,0.06481272,0.4097925,0.090562604,0.030545147,0.97240144,0.08074756,0.5238553,0.4822656,1.5377147,0.15998381,0.21708795,0.24629067,0.7395063,0.0,0.4459791,0.18637682,0.29310456,0.00036645264,0.37758762,0.16688462,0.026529307,0.56524277,0.21939342,0.19303373,0.53126293,1.4163013,0.9559269,0.13951218,3.5333917,0.66062504,1.9435626,0.8470703,2.1948,1.9054372,0.7359263,1.6395469,0.72552824,1.7374477,0.6660001,0.06584215,0.23379968,0.14687394,0.6957063,2.4680793,0.59889364,0.78690976,1.1523753,0.17031762,0.5647296,0.06546277,0.5431872,0.28885227,0.4714688,0.11523069,2.621504,0.7153047,0.23533984,1.4889909,0.66460526,0.6546917,1.8027577,0.5842248,1.4650431,1.5868616,1.3178838,0.6053786,0.26538846,0.68159,0.966697,0.2327506,0.8422146,0.19628042,0.7631221,0.5017372,0.47545165,0.4228804,3.0294418,0.70797914,0.5645476,0.84898627,0.2101043,1.7278126,1.4026968,0.014700239,0.27798352,1.4892628,2.291036,0.027912142,0.29217657,2.6127841,0.76276654,0.30879647,0.018137982,0.015222074,1.5317932,0.021711446,0.68307245,0.03710398,0.8066706,2.2670746,0.11530846,0.0015210895,0.010860012,0.38541323,0.028402004,0.77599746,0.0238151,0.0,0.9592056,6.042935,0.35855725,0.468045,1.6158378,0.5279161,0.21701041,0.87683386,0.2539107,0.7298314,0.21453065,0.21328439,all_pothole_images\pothole_images_2_image_283.jpg
0.8378646,4.0468345,2.363536,0.5514237,0.47995925,0.46281898,1.0232333,0.0,0.39370096,0.71383166,0.22089782,0.14764985,0.17792004,0.12484671,0.1524573,1.0761654,1.0870299,0.0053466763,0.034708083,0.45920876,0.16640308,2.2430098,0.6865984,1.8531367,0.3072432,1.3094738,0.29385138,1.1419991,0.0,0.7751671,1.0135189,0.06620513,0.5912787,1.0559151,1.0827482,0.103422545,1.9614015,0.72305346,0.56396866,0.27136138,0.10521149,0.040101547,0.23617467,0.64928484,2.356462,0.09277262,0.0056700567,0.13246158,0.082984105,0.61397785,0.56940013,0.07550309,0.3209368,0.9882834,0.014683128,1.082464,0.36051396,0.023309283,0.23236378,0.0,0.002280843,1.1218541,0.75962627,0.4940726,0.09424744,0.1417851,1.3277187,1.052309,0.65865475,0.47321162,0.5970494,0.18896858,0.93660516,0.92334497,0.48563626,1.5314013,0.5219084,0.5506277,0.06304066,0.2644926,0.17569298,0.17580287,0.32565236,1.4140851,1.4257874,0.62377256,0.032987144,0.4953169,4.7941017,0.56420165,0.16359366,0.2876893,0.79871213,0.41566965,0.50569236,0.27659342,1.1423284,1.7124242,0.3123341,0.16170509,0.0053422647,0.08011502,0.5730029,1.3745214,0.13298303,0.043204978,0.5502437,0.43990287,0.10074771,0.9638691,0.0068442104,1.7226503,0.87857103,0.5568906,0.07372973,0.98680246,1.444328,0.03163056,1.6712093,0.30127236,0.20893078,0.5289894,0.20772178,0.1512369,0.059059534,1.2956866,0.23230995,0.72098655,0.2824981,0.3819518,1.0679669,0.1748249,0.42179707,0.17687581,0.12777637,0.55603594,0.0,0.06016099,0.106301114,0.18618806,0.37583548,0.3910719,0.1681298,0.51942694,0.49004483,0.81531554,0.0,0.6491078,0.3452233,1.2392783,1.226496,0.9229464,0.2873854,0.008182602,0.67608714,0.6919023,1.1159679,0.0,1.7706368,0.2428908,0.39446783,0.3436354,0.4349692,0.4632956,0.22275762,0.08056669,1.8311961,0.11618869,0.41776696,0.0,0.50479,0.27746898,0.24388963,0.1790828,1.329559,0.09598614,0.754297,0.12103793,0.16685292,0.28920168,0.88382083,0.2209547,0.30388325,2.5326767,2.176243,0.1983974,0.22657645,0.48745167,1.0869616,0.7963607,0.11078194,1.1306903,0.30869448,1.4442157,0.14664997,0.07006688,0.35853004,0.6893379,0.26557857,1.3092476,0.40009245,0.74528587,0.07522504,0.14861716,0.17419846,1.2390447,0.9251061,0.11191435,2.3612695,0.199298,0.21970221,0.2491697,0.4732088,1.1606127,0.43759823,0.3576466,0.25398812,0.009189846,0.82269067,0.21827468,1.2986561,0.10121289,0.16413067,0.16561255,0.6520785,0.3843281,0.6004824,0.26617777,1.370572,0.12950642,0.0038909067,0.12216193,1.0800298,0.2832455,0.34422928,0.73538065,1.3443433,0.1595066,0.019887438,0.051732212,0.62436026,0.42673555,0.2704827,0.059963726,0.09138546,0.0,1.1535138,0.07487004,0.19633254,2.1663783,0.031662736,0.21310292,1.3984172,0.38042146,0.123437256,0.022178562,1.1615336,0.12949237,1.2999012,1.4198046,0.16609646,0.1579536,2.4452457,0.64634484,0.34314492,0.20577994,0.6491251,0.4776355,0.76159996,0.07824038,0.4736014,0.09267077,0.11361158,0.6074018,0.12172216,1.5971955,1.3094052,0.09098203,0.08803857,0.5992218,0.0,0.1230611,0.32691777,1.1140753,1.2513847,0.09700092,0.027592396,0.7120219,0.38833407,0.31139284,0.7373591,1.7963923,0.35201326,0.6830991,0.15721127,0.020240491,1.0317028,0.21762042,0.7041945,0.19702639,0.06845676,0.78687906,0.12591088,1.2364763,3.9973032,0.4163254,0.021813354,0.44575772,1.5152067,0.107777834,0.07158907,0.5722675,6.7248554,1.5010849,0.008982891,1.0683234,0.42589483,0.83120614,1.2837092,0.15209989,1.1485714,0.2702957,0.016281907,0.01569128,0.6067034,0.91115874,1.4324749,0.55789804,0.634923,0.38923863,4.3448076,0.014015478,0.14096905,0.3727574,0.66631675,0.45917,1.2978559,0.046953876,0.3710274,0.15432176,1.3409492,0.60572845,0.6655831,0.04283784,0.9572635,0.21375056,0.72245765,0.081367075,0.109916925,0.23933394,0.0048955046,1.2751231,0.6107545,0.0009338921,0.5793888,0.8757195,0.6393527,0.5007382,0.06903312,1.045616,0.13998596,0.17461541,0.060105473,0.07310291,0.31312642,1.5434251,0.015330796,0.19016634,0.51732415,0.44066086,0.10567366,0.23703034,0.45647565,0.07192208,0.041628726,0.4423275,0.54558897,0.4347752,0.03717439,0.50335866,0.79407144,0.9515588,2.1979916,0.64997506,3.1804569,0.62304115,1.4795908,0.6152464,1.4096763,3.3088727,1.766951,0.4052942,0.55432916,0.43777636,0.15821847,0.18173252,0.7860855,0.634263,0.4568212,0.299714,0.54776233,0.22653943,0.37851396,1.0002363,0.22723526,0.35697585,0.59004754,0.344623,0.17080599,0.66494906,0.41798693,0.5281476,0.1812223,1.0293121,0.005169044,0.3507408,0.61484355,0.56787694,0.45532945,0.199342,0.17479308,0.3250698,0.9163253,1.9986326,0.78753334,0.49341613,0.65148705,1.63219,0.12288879,0.58386385,0.8604216,0.0,0.58623886,0.39356348,0.71168756,2.9006536,0.61772597,0.0070565986,0.09069242,0.79897434,0.3589229,0.034251332,0.2575406,1.0667833,0.6674347,0.11383071,3.5334418,0.91284436,0.5779211,0.368578,1.5543615,1.4726425,3.4597373,0.43470243,0.18907624,0.5082919,1.2958945,0.24403486,0.15978752,0.7659514,0.6509975,0.25129712,0.73513764,0.31781435,1.0754741,0.46641362,0.7410198,0.0063436017,1.2193846,0.2756013,1.7504555,0.092705384,0.14291452,0.7884087,1.2611548,0.67332447,0.08708354,0.18140216,0.5265712,1.3700281,0.28294528,2.403623,0.37745443,0.15315706,0.05812238,0.10300236,0.37731147,1.9407218,0.19556803,0.15704526,0.813651,1.771449,0.18392228,0.05505933,0.464995,0.0727516,0.14754482,0.61344767,0.4437671,0.1658707,0.02113465,4.111046,0.03017656,1.3863194,0.67018443,1.073016,0.026660793,0.8571729,0.56222504,0.9289381,0.030549359,0.5849397,all_pothole_images\pothole_images_2_image_284.jpg
0.68073934,0.52735627,2.1033783,0.5693214,0.14358005,0.11169567,0.28408524,0.20376046,3.676577,0.5084574,0.82177836,0.06399823,0.07166761,1.8013169,0.0025166853,1.4868886,0.3549399,0.67310786,1.1982411,1.4113193,0.38705412,0.1537297,0.06315209,1.3355374,0.1373334,0.514665,0.049370833,2.6556275,0.40652198,0.23103215,0.09150162,0.022600595,1.3133707,1.5016624,0.34581783,0.7714267,0.04441945,0.3895312,1.6635723,0.06768901,0.27013567,0.05061785,0.67937875,1.3751414,0.807384,0.87282234,0.6760295,0.04446086,0.039689586,1.4337875,1.2108747,0.092848815,0.14412726,0.063118,0.16752379,0.30503836,0.17902975,0.19964646,1.0529917,0.024803944,0.103537224,0.011633126,0.40895233,0.19151405,1.9787817,0.38411686,2.0264332,0.08114066,0.1986823,0.23639204,0.14001127,0.6784945,0.15249294,0.088842526,1.302081,0.099604286,1.2493114,0.22746533,0.5762722,0.04335087,0.2765648,0.7456704,0.11140941,1.145466,0.22050445,0.14966615,0.635198,0.43577695,0.47980362,0.14209114,0.10593804,0.6608734,0.17544298,0.52338165,0.8097041,0.021473587,0.29982933,2.3439448,0.061076682,1.1324508,0.18405166,0.12182118,0.42403513,0.20237911,0.8544314,0.8554981,0.2976078,0.0,0.19208112,0.89118534,0.08534007,0.2689867,0.0,0.98633784,0.5992673,0.2426475,0.7523703,0.07762915,0.8848653,0.30613944,1.1412221,0.14440742,0.078437425,1.1579808,0.4317679,0.5539601,0.23491825,0.0952207,0.080569595,0.0,0.744773,0.5742279,0.0,0.9034875,0.7222863,0.36717027,0.3711807,0.7340235,0.17054057,0.25695255,0.32054657,0.27687025,1.1635442,0.43720505,0.3969153,0.19316801,0.0005531777,1.7376844,0.54710424,0.9215903,0.9735425,0.3889185,0.4108103,0.5755574,1.0754626,0.16865492,0.805979,0.008163739,0.02671397,0.516951,0.94450814,1.5992484,0.25245205,0.7950179,0.02691924,0.06922882,0.34126806,0.0,0.093587786,2.86215,0.1620779,0.018348208,0.12062906,0.9149746,0.029760413,1.3229672,0.1366887,0.00567091,0.38643938,0.024664395,0.0,0.31480783,0.53682476,1.9108386,0.07239453,1.4400779,0.07149109,0.70251334,0.59501356,0.47011557,0.2328997,0.7367862,0.8795935,0.51326823,0.3004946,0.60008264,1.1527506,0.79499424,2.045547,0.0,0.04692277,0.3378788,0.036292907,0.05725486,1.4716991,0.77411276,0.31438458,0.2853295,1.0475204,1.0065459,0.12325079,0.105009876,0.03526364,0.067260675,0.77774405,1.1410786,0.39926222,0.7880313,0.2142991,0.2955355,0.0009289247,0.7190824,1.4904714,1.437323,0.0,0.0016439405,0.22326009,0.27345568,3.4185314,0.20051613,0.09569038,0.26395458,0.5873058,0.2654535,0.8388032,0.06669985,1.8954225,0.20241378,0.018666057,0.47756076,0.17540896,0.65543705,0.15760338,2.526278,0.368754,0.4067925,1.9587609,0.29111728,0.3980595,1.65836,0.31719083,0.5718446,0.0,0.3085841,0.15903905,0.3135816,0.64171517,0.06692615,0.0027547558,0.13131246,0.69878465,0.1752265,0.8655778,0.4505411,0.0,0.062890895,0.14198062,0.62070084,1.2669976,0.1548309,0.024015073,0.0,0.410547,0.77233696,0.06912554,0.38570955,0.25764123,0.11864316,0.5884636,0.21098037,0.14342901,1.0992367,0.6724626,0.24007824,0.55705774,0.3128971,0.31231272,0.16323705,0.0338309,0.08936181,0.3774794,0.81943744,0.06792987,0.4775924,0.017646015,0.3005561,0.9589198,0.26466408,0.28043884,2.2683122,1.3312929,0.4681454,0.26492065,0.15496673,2.4116206,0.027172176,0.053536277,0.70897645,0.100107014,0.21872655,0.6646021,0.09203192,3.6635346,1.7597657,0.2552764,0.35767063,0.06493013,0.31825796,1.280829,0.0064752144,1.0578668,0.25313625,0.04362534,0.19541687,1.0140345,0.5642688,0.73787487,0.03565099,0.12691344,0.1119025,1.0050329,0.008436937,0.026742248,0.091235444,0.553848,0.41097507,1.655576,1.8576741,0.21078537,0.3989714,1.1423371,0.21427232,1.0044912,0.86392903,0.20223777,0.2792242,0.7808254,0.013886434,0.0,0.20929877,0.12119351,0.2710739,0.14593372,0.623334,0.668537,0.5846495,0.21499953,1.5734609,0.72041506,1.6977857,1.585144,0.28906626,0.6864795,0.22555284,0.68944716,1.7014602,0.23117943,0.4093023,0.21143335,0.1310622,0.21666227,0.08718244,1.1453897,0.3002106,0.3993967,0.40475363,0.17038268,0.22952071,0.0,0.056479756,0.32780844,0.7735647,0.58140165,0.9610034,0.10911017,0.0,1.6451429,0.21882623,0.48279828,0.20551202,0.80277866,0.45868257,0.058135714,3.541966,0.017235301,0.27165604,1.1566902,0.31600752,1.396955,0.010148306,1.1565126,1.2650411,0.6809822,0.47206733,0.62877685,0.29239568,0.85267794,0.8989643,0.3052146,1.014303,0.15110362,0.85428107,1.5628768,0.83793396,0.0,0.20691748,0.09966087,0.24754734,0.67768836,0.0862394,0.058855746,0.6552884,0.003159084,0.89648193,0.31406644,0.020913895,1.0490499,0.112834714,0.0,0.07216593,0.5643215,0.29464677,0.36348677,0.2991889,0.014281973,0.59072834,0.055626076,0.04045317,0.6240641,0.39968273,0.22364779,0.16991465,0.85714144,0.0,0.24527526,0.31808114,0.7315341,0.50447196,0.00058409653,0.2682073,3.255112,0.4886579,1.0067713,0.18525532,0.24115539,0.17494766,0.0,0.9121362,0.028791094,0.9846377,0.75778025,0.49315378,0.3596338,0.0,0.9902146,0.40654653,0.38819942,0.03195288,0.7511481,1.1893542,0.14251973,0.43468124,0.0,0.24546391,0.11126035,0.051348068,0.29439026,1.4685223,0.50826937,0.5231876,0.90481263,0.0,1.2364303,0.10804491,0.81529766,0.4187059,0.48705354,0.27823222,0.5100236,0.32518172,1.0464778,1.6022538,0.09202887,0.060707845,0.0012547617,0.014705157,0.006611262,0.95153034,0.08450409,0.37174022,0.7582187,3.4097009,0.66335803,0.3460202,0.03509153,0.79974693,0.18264797,0.0,0.5121843,0.61447847,0.34380254,0.15499921,all_pothole_images\pothole_images_2_image_285.jpg
1.3436874,1.2157989,1.2585378,1.9406916,0.013874353,0.04706469,1.0460922,0.30936998,1.3920935,0.46570083,1.0974121,0.82290626,0.7579855,0.72532386,0.67548394,0.23842846,0.9094382,1.3808893,1.2903242,0.9582479,0.19466555,0.40932637,0.6631616,0.7645,0.16206269,1.0260316,0.773288,1.1598059,0.4707676,0.0,0.41381213,1.3593552,1.0871261,0.726813,1.2467006,1.1322194,0.29888415,1.1504554,1.0577189,0.21347205,0.73015314,0.9200233,0.30204323,0.80429995,2.2908826,0.12979017,1.466387,0.42018828,0.35861632,0.3561928,0.14500481,0.0,1.1907617,0.52351254,0.27924222,1.3836735,0.55402344,0.06944304,1.5103015,1.229237,0.60094947,0.768303,1.3086869,1.1794486,0.2457364,1.3147745,0.17742227,1.497935,0.19050154,0.12431826,0.48889098,0.69791573,0.39480072,0.8287178,0.05683211,0.049158927,0.68976593,0.78033257,0.0010329293,0.28410512,0.6162008,0.017189922,0.9472214,0.7882807,0.040085148,0.43476835,0.10454232,0.0,0.3370215,0.074164025,0.169177,0.7062506,0.308903,0.042410746,1.0207343,0.55556375,1.7462149,1.2433236,0.012184405,0.5461544,0.05439639,1.6680989,1.5351562,0.41038808,1.0092812,0.15321735,0.061007835,1.2511258,0.23756342,0.2957062,0.103497855,3.066491,1.4419979,0.66203105,0.6169684,0.038166415,0.027492765,0.24851148,3.9665227,0.44813934,1.6660868,0.07079537,0.4671348,0.723377,0.39122805,0.18339871,1.7272687,0.053356297,0.89377344,0.11900919,0.8252908,0.14329362,0.22773688,1.268682,0.0154358875,0.2699291,0.15310338,0.16397451,1.034847,0.6535244,0.98898345,0.16414134,0.17283905,0.5696019,0.95764095,1.4686345,0.54363155,0.7484442,1.043149,0.06803777,0.12688689,0.6522187,0.015255444,0.20969225,1.4515182,0.12511015,1.1805815,0.09414914,0.8433122,1.0438888,1.5070989,0.7534561,0.0008459605,1.1957333,2.1305187,0.24129824,0.27651042,0.5307955,1.6759074,1.7802211,0.4049187,2.1019723,0.39021823,0.81561357,0.23526542,0.5282353,0.66261804,0.027308969,0.04086475,1.0368506,0.21881819,1.7293565,0.8237084,0.9395034,0.28226322,0.9564667,0.34409425,0.82866955,0.5551954,0.37425894,0.057401918,0.04990823,0.3125367,1.3937291,0.843374,0.28035355,1.8399141,0.9422419,1.6875908,1.0020481,0.1398518,2.7017007,0.07386821,0.09607309,0.6189364,0.84006715,2.840569,0.0,1.7050482,1.3937026,0.08938522,0.77511847,0.33500516,0.9792207,1.8722011,2.009208,0.5658028,0.18643565,0.700976,0.56617093,3.2255976,0.5962719,1.253266,1.3753848,0.0011842407,0.40739927,2.3689702,1.107001,0.38302815,2.7674897,0.7160979,0.55055016,0.84578097,0.51693237,0.92717844,0.06793751,0.8728317,0.2771651,1.0426213,1.7350118,0.049232896,0.47349352,0.8372837,0.18545695,0.05625597,0.15665476,2.5457218,0.49661335,0.76599455,3.1168895,3.1567924,0.40313572,0.1900349,0.15373792,0.4056623,0.8228578,1.4421743,1.0542542,0.9744735,2.9478784,0.110186525,0.30442744,0.77501535,1.4873729,0.297079,2.3379421,0.913292,1.5454067,2.0049155,0.010208426,0.66355217,0.27517563,0.045326956,0.35076368,1.1630365,0.6068419,0.29040283,2.838887,0.35193965,0.3429016,0.025973637,0.6771395,0.9651769,0.25184077,0.0076414933,0.057685763,0.5009654,0.042786777,1.7594767,0.07525194,1.8653104,0.28869134,0.7667812,0.4045309,0.24545918,0.51672816,0.088210784,0.6443858,0.22653182,0.95889026,0.77920264,0.2917456,0.5995964,0.7937483,3.865727,0.26042497,0.64909285,0.070175834,0.13111117,0.30361867,0.60742825,1.7825091,2.0518005,1.8220955,0.5132705,3.1103292,0.011220124,2.3325589,2.1541095,2.0816693,0.78534913,0.05479683,1.1651902,0.24477594,1.2108859,0.0757413,0.3902793,0.20539863,0.7733579,0.4528082,1.8019903,0.015241696,0.24211493,0.22168486,0.11502248,0.35243663,2.6055963,0.85914075,1.0405304,0.21677034,0.2676525,0.6080842,1.6981559,0.450995,1.4395285,0.89153165,0.41209546,0.38564712,0.32593384,0.6233284,1.5300326,0.7381288,0.6494072,0.8582167,0.25342155,0.10517959,0.20148696,0.23904726,0.38600546,0.0056410017,0.37695903,0.87663233,1.7990503,0.35609275,0.1412147,0.40704784,0.78501016,0.027276905,1.0472312,0.34932995,0.32475382,0.50120044,0.43749642,0.31907725,0.3363069,0.04141492,0.23317795,0.96453834,0.62004584,0.49898952,0.89314437,0.04017908,0.3324356,1.7134743,1.0039366,0.7429716,1.4645566,0.13271663,0.20293987,0.55214906,1.2783967,0.32224795,1.526085,0.1462886,0.049248353,0.017556773,0.81088287,1.0508729,0.47175884,0.30977166,0.49796185,1.707338,0.7144246,0.44516215,1.7064604,0.54600537,1.3586687,1.0277598,0.061508458,0.046965543,0.91542816,2.3340015,0.993706,1.7232208,0.08309007,0.96906346,1.2659888,1.7233518,2.1983123,0.91637784,0.52537537,0.34009767,1.207024,0.8895844,2.1496441,0.004888432,0.10218595,0.228073,1.680165,0.085587546,0.68517214,0.46386662,0.3458814,0.062167313,0.6018815,1.4345179,0.6414631,3.1823022,0.64750427,1.3618151,0.7573764,0.20806612,0.2920989,0.001319855,0.2961488,0.014187769,1.1018124,0.7073744,0.07942532,2.1774292,2.4147587,1.1416165,0.91964275,1.3114555,0.9701049,0.16084895,0.9414656,0.118599266,0.18090136,1.6848116,1.3351313,0.44954503,0.7491891,0.28884146,0.56732,0.44843438,0.4745913,0.009992226,0.052569628,2.1672404,0.277646,0.28375536,0.45973048,0.2581063,0.3107632,0.559594,2.9961927,1.5271612,1.5381764,0.8459164,0.24109715,0.4132825,0.5925153,0.87256575,0.032867905,0.55075556,0.56345034,0.71470284,0.39706576,0.005102183,0.14012204,1.2915748,0.13700789,0.61469406,0.0,0.0,0.7873446,0.94197327,0.083496444,0.4123975,0.2625639,4.0601397,0.4953147,1.8737503,0.49681222,3.1147785,0.7678085,0.10891136,0.08979298,0.6752102,0.35679883,0.45800063,all_pothole_images\pothole_images_2_image_286.jpg
1.0225451,1.2488629,0.6432712,2.4076662,0.0,0.39691186,0.13364506,0.21610604,1.0694946,1.117738,0.58125204,0.10336565,0.6583397,0.5613537,0.0046629654,0.7164002,0.0071793348,0.33500686,0.0040873284,0.12913314,0.45124194,0.7160574,1.2146544,1.0837206,1.1384668,0.22712901,0.57830167,1.5122353,1.4165692,2.2013,0.27840418,0.643319,0.5524881,0.3560495,0.37373772,0.81939465,1.3293991,0.2983464,0.21440615,0.13632677,0.16510947,0.29635364,0.1628104,0.021558098,0.2515815,0.069313265,0.08503641,0.37284282,1.3771814,0.05194865,0.027227601,0.09777395,1.3668678,0.11475994,0.10889305,0.86165094,1.6160935,0.28094372,0.06630481,2.6105487,0.49482885,0.8526086,1.4471931,1.5257512,0.72722214,0.4437529,0.14163229,0.8291966,0.53462225,0.11876392,2.7237163,0.83140945,0.59511906,1.3484054,0.95357317,3.175808,0.5874149,0.091694795,0.023305463,0.31855613,1.2773305,0.45649022,0.25644633,2.6236765,0.47696933,0.8364323,0.62569064,6.925513e-05,1.5070177,1.2519935,0.032082174,1.0751435,1.2934548,0.99530005,0.026036559,0.0,0.3402298,0.648008,0.319108,0.19149466,0.24335152,1.0532427,0.20640767,0.47837082,3.4929304,0.0042798165,1.4183645,0.41985828,1.2358644,1.9128519,0.27372405,0.87960875,1.5526612,0.48383915,1.641326,0.41533503,0.017512115,0.47909534,0.81472194,0.09955632,0.54644215,0.0008315549,0.027669143,0.5325969,0.75125855,0.61067736,0.10520705,0.07325256,1.0415068,1.7359451,0.9685281,0.706211,0.037079033,0.82987475,2.743677,0.17767155,0.44812626,2.6688874,0.7697871,0.52772087,0.4035135,0.39067033,0.64102024,1.3352114,0.35678336,1.5653107,0.38822153,0.35017335,0.2026764,0.059427977,0.13418826,0.21600762,0.76204556,0.5876044,0.46555218,1.5348487,0.6040468,0.18064907,0.09016008,0.47622594,1.1297413,1.0461457,0.28499642,2.6415792,1.820921,0.9404175,1.124611,1.3789247,0.93683386,1.1424131,0.65031904,0.23574837,1.3503901,1.0974728,1.0052637,0.013178734,3.4262626,0.752961,0.77280885,0.79851717,0.72319984,0.2890804,1.1031429,0.08502926,2.192628,0.6113125,1.304751,0.74154955,0.4618823,0.46332517,0.024841582,1.8474666,0.46249968,1.2372148,0.38841954,1.2659416,0.0698419,1.0114478,0.29448435,0.3984661,0.057191674,1.2544429,0.1612346,0.5146034,1.1700597,0.27833778,1.0460621,0.09297114,1.8158712,0.25859705,0.8272118,0.05137464,0.73132396,0.19428602,0.624168,1.2424349,0.27253753,1.1070683,1.3853719,0.0038167827,1.5355467,0.27309826,1.5559807,0.287261,0.007920347,0.11277674,1.1611367,0.19165,2.8694134,0.7513797,0.56769943,0.045522533,0.049025636,1.0389138,0.33198395,0.93661714,0.91314787,0.09547712,0.4118892,1.8337027,0.13766454,0.37027842,0.67505336,0.4304331,0.2839949,0.6377946,0.75001246,2.0558534,0.5220619,5.171638,0.45455799,0.09108528,0.17704596,0.2282099,0.13072045,0.042280387,1.9251659,0.20364748,0.14851575,1.6228986,0.6962987,0.40519658,1.037231,0.1558368,0.36058176,0.3196588,0.11250499,0.56863874,0.6561156,0.29278043,0.6006935,0.21880242,2.1821432,0.33134967,0.48653197,0.5413866,0.29933465,1.1312902,0.021381283,0.5774578,0.27657324,0.23245762,0.28121313,0.55547726,1.0828221,0.053062946,1.4456728,1.848457,1.3967602,0.93827873,0.08223614,0.44855905,0.15425408,0.76515085,1.1788102,0.40016276,0.15214503,0.71682036,0.15367827,1.2457628,0.62382835,1.0234728,0.0013232,1.1414195,3.1983898,0.667303,1.0168512,0.45058447,0.98266506,0.47445908,0.011010718,0.15966994,3.5407963,1.4003165,0.03847894,1.1639363,0.084531195,0.10275912,2.11126,1.3251411,0.11074171,0.23849843,2.0888693,0.4263034,0.5132056,0.1727788,1.2982205,0.07615112,0.6321917,0.29730725,2.9078636,0.10426994,0.2004322,0.33645836,0.97650194,0.06454036,0.8340956,0.7392955,0.9803725,0.026691478,3.839383,2.6701987,1.9841967,0.5879998,0.06250388,0.0111143235,0.2273433,1.415055,0.6170649,0.52161103,0.3041266,0.34202817,0.0,1.0890253,1.4505571,0.14952908,0.05027166,0.21320572,1.1709999,0.22411002,0.5939596,0.06609097,0.0042739445,0.34687975,0.022837365,0.6644156,0.6061127,0.17166153,0.18481629,1.9267995,0.46176124,0.07370176,0.4373767,1.2053372,0.090546705,0.58097535,0.07108583,0.27683124,2.398022,1.256429,0.72795725,0.13552812,0.29090813,0.37021184,1.8595343,0.56294227,1.7685335,4.4192,0.06782857,0.6944436,0.17267394,0.13593301,0.09724294,0.11011282,1.0648285,2.2739015,0.14681648,1.0532559,0.56588054,0.50396883,0.81004876,2.3203986,1.5585803,0.48413894,0.63861346,1.504245,0.15842688,0.7183584,0.5909889,0.22836481,0.59861135,0.21324682,0.36376897,0.77918786,0.18184529,0.8638103,0.6340857,0.38367817,0.32651514,0.73228097,0.8062696,0.7764,1.1213354,1.034582,0.9708059,1.4177984,0.31502476,0.26428506,0.7604314,2.4188952,0.81018704,0.057283305,1.4617577,0.46130967,0.41578752,2.2563658,1.8161603,0.7806943,0.94230896,0.06583596,0.47502843,2.430588,2.6764622,0.12680213,0.0074299662,0.40721735,0.22021084,0.3928618,0.3517819,0.07160773,1.2246867,0.38250038,0.9336806,3.5190535,0.46021312,1.4195256,1.0486243,0.66170865,0.7285917,0.035301767,0.976766,0.124472305,0.3805048,0.3334208,1.8090342,0.16172981,0.21912196,0.29609534,0.37372914,1.3232589,1.1617713,0.21256803,2.2184963,0.03631525,0.7112676,0.41384754,1.4891566,0.5278866,0.10925576,0.18267754,0.05832056,0.94362575,1.0508884,0.40528503,0.5588604,0.25317335,0.34059078,1.4362024,0.2903867,0.074352294,0.86634433,0.80129737,0.5810081,0.014055693,0.022932827,0.058479868,0.052558612,0.020926943,2.3668501,0.3526331,0.27939138,1.1799867,0.5279678,0.5190339,0.35520357,1.9109045,0.07222226,0.62755483,2.292912,0.23127985,1.6208985,1.3316784,all_pothole_images\pothole_images_2_image_287.jpg
1.7147441,1.7797022,1.3861747,1.5078636,0.63087064,0.45925677,0.5388252,0.9390858,2.2276082,1.7939719,0.6890799,0.09359283,0.08488745,3.9539387,0.20190993,0.5874746,0.23045777,0.5316547,0.31117624,0.27719897,0.5618675,2.8976347,0.38430762,1.4766237,0.26965293,0.89132166,0.6624818,1.5534043,0.3878821,0.49885958,0.82055926,0.65336084,0.8511916,0.2105723,0.25023946,0.7017981,1.7767637,1.0472487,0.20593409,0.4083462,0.8968255,1.2048883,0.39558074,1.4055529,0.8252108,0.31455106,0.7275355,0.1645825,1.8889141,0.5720317,0.68166935,1.6922661,2.0749369,0.40498838,1.5632237,1.3045769,1.8789625,0.54363185,0.24489893,3.5258608,0.49556482,1.4644159,1.5264304,0.5002625,0.32189745,0.7977332,2.0472934,0.29074606,0.37522575,0.65026426,0.7613844,1.7310656,0.5438701,0.15228233,0.6088116,1.7361219,0.8488386,0.5002855,0.985846,0.15129167,0.9058358,1.5586268,0.012120254,2.691904,0.71781194,0.45678675,1.5066024,0.24220192,3.591603,1.3631457,0.13189074,0.79277784,1.0652131,0.6644543,0.6789116,0.08527394,0.98394585,0.8991545,0.8751979,1.5194616,0.3572749,2.782587,0.03792456,1.03251,2.30283,0.5406363,0.21682943,0.2152976,0.43979606,0.95869,0.81181467,1.7483857,0.01540967,0.602519,0.08489943,0.794474,1.1592954,0.4535078,0.5702066,0.39161554,1.1253337,0.4507211,0.7725106,0.743054,0.45714664,0.18855505,0.7508649,0.94721097,0.8378523,0.63459635,1.565749,1.1175183,0.3011903,1.0887618,3.409501,0.20649312,0.67401326,1.2452054,2.0109406,1.7443701,1.5948004,0.97170424,1.1446282,1.3925928,0.38980427,1.2762436,1.078204,0.07069458,1.1003946,1.0426513,0.18650965,0.35099545,0.13275352,0.54224336,1.3600895,1.2576998,1.8012127,1.179995,0.9183108,1.2630663,0.9078555,0.10850445,0.5314669,3.5376263,1.533479,1.4793199,0.66059065,2.20146,0.8161714,0.23082921,1.659578,0.11033835,0.5925749,0.3247545,1.6862012,0.0,1.0089692,0.050090294,0.21281181,0.5594038,0.26893073,2.3384352,1.7094991,2.9994419,2.0420911,1.0309201,2.5305064,1.3500673,0.49234295,0.60142195,0.4653764,1.0528108,0.35240212,1.3011925,0.26014048,0.41466567,0.528152,1.2419604,0.60370237,1.5515981,0.22774965,0.86804366,1.4757174,0.036361746,1.7279251,0.74927735,0.6360897,0.74114335,0.31161204,0.67101294,0.62224585,0.09065992,1.7182602,1.4179567,1.3407836,0.5341453,0.026777491,0.21284454,3.3010345,0.30938315,1.091574,0.005097207,0.53278744,0.23027445,0.27413636,0.16663966,2.744734,0.14811727,0.64451504,0.20337108,0.61701787,0.61700755,0.751537,1.210689,0.77743226,0.69487613,0.3225279,0.32449755,0.063966,0.26573375,0.46163356,0.116298206,1.3190719,0.568825,0.90622395,0.1415432,1.0422871,0.99505424,1.542269,3.186127,1.3263476,1.6315528,0.12149182,2.1092377,0.99740165,1.0271649,0.8753312,0.1644776,0.62658256,1.3301648,1.1472389,0.7878731,2.5319085,0.68528354,1.0724331,0.9213603,0.23011388,0.18011144,1.3572937,1.3231931,0.7846156,0.18458936,2.2264276,0.4003135,0.071009316,0.22998947,1.3862488,2.6174896,1.0261924,0.26258048,0.37294644,0.5760489,0.57684946,1.9347285,0.69023716,0.7611131,1.4036038,3.1189787,2.1351173,0.11236236,1.1578304,0.20942965,0.25529382,2.4465828,2.787777,0.18073413,1.3807684,0.5229109,1.0142043,0.52362704,0.077966176,0.038972817,0.48672757,1.080814,1.9935944,0.27691504,0.40510723,1.3040631,0.96870434,0.38909802,1.4035748,0.82757926,3.9254124,1.6612004,0.59018856,0.7942337,0.089578055,1.1306407,1.3995564,1.6791587,1.6754638,0.39354122,0.80606526,0.6543821,1.2246314,0.8782406,1.2835662,0.07206985,0.4421397,2.3245437,0.8978477,0.21689749,0.2671691,1.8929921,2.8670871,0.5659182,0.49587423,0.5569758,1.5123197,0.03566858,2.056241,1.1206778,0.8015021,0.6665614,2.8694663,0.058962606,0.09629617,1.3380345,0.66735464,2.1005461,0.42216504,0.7150826,0.09260721,1.2531024,1.370948,0.18030974,0.21999507,1.3099586,1.2515746,0.57938343,0.6916661,0.29025143,0.9410663,0.9239449,0.06386304,0.60140604,0.92488486,1.8245606,0.003457286,2.567522,1.2836025,0.2353211,1.0218772,0.88212866,0.61785275,0.53866285,0.1588579,0.728039,1.1125659,0.7738551,1.0546612,0.39678487,0.53998923,1.8155733,1.9651785,0.94452345,3.6021142,4.514026,0.6943996,2.9359815,1.8813227,0.4303134,0.20293592,0.048478555,2.3299315,2.437996,0.5186935,2.0766194,0.9814207,0.087356724,1.3715713,0.16105452,0.6535849,1.4557062,0.09092767,0.9160902,0.72579247,1.3661201,0.13070606,1.1977932,0.44504002,1.3109208,1.141399,2.2412837,0.14014272,0.10015462,0.76308376,2.237868,0.14339085,0.15168336,0.48151007,1.223672,1.7980407,1.7215357,0.72507536,1.0224903,0.75958,1.4420927,0.92595863,1.6576157,0.32487965,0.30954087,0.4091167,1.2628403,0.93521,2.8669205,1.6833117,0.36624545,1.9350277,0.18350181,0.24938516,1.7876914,0.93612224,0.16051619,0.6392418,0.5353809,1.9380128,0.27788624,0.764371,0.36633834,0.4550059,0.67090297,1.190568,0.91028595,0.26109624,0.4496393,2.4152937,0.3370405,1.0533515,0.1915484,1.251915,0.51485986,0.55942065,0.7045355,1.7999461,0.5979546,0.19829251,0.33328995,1.6353741,2.154312,2.0567415,1.535051,0.26163658,0.5918128,0.27221468,0.430193,1.2916882,1.0473068,1.2792965,1.0740831,0.9121802,1.9254934,1.470624,1.5696102,0.6130316,0.12207559,1.7566123,0.4612364,0.3698769,0.29254553,0.20651388,1.3975065,0.757988,0.6018697,0.0,0.24903604,0.21718778,1.4044616,0.7555322,1.2297466,0.5896558,0.9317858,0.77786356,3.1886153,1.153542,0.6596766,0.02725331,2.5224984,1.5566025,0.35239124,0.78942233,0.22715564,all_pothole_images\pothole_images_2_image_288.jpg
1.2676215,1.3639196,0.97265524,1.1146761,0.4732518,0.05107888,0.041467045,1.1430357,1.0197629,0.88164926,0.4106134,0.96099585,0.66790164,0.49504873,0.8068508,0.20182522,0.20470661,0.106042065,0.67233163,0.24785744,0.39589196,1.8484193,0.34254703,0.38644803,0.3573857,0.4974873,0.4941161,1.486117,0.09462261,0.9913496,0.6882951,0.5577494,0.93611485,0.7882818,0.9272794,1.313973,1.1699235,0.54996115,1.332133,0.7590187,0.72468907,0.32706887,0.36073127,1.0123572,0.5856528,0.5580913,0.6523055,0.04300526,0.7044879,0.7239765,0.576056,0.27057457,0.10434092,0.096414566,0.19739947,0.2117807,0.87003636,0.000120491015,1.5587133,1.199894,0.85218453,1.1174128,0.06717614,0.3254333,0.5980636,0.7202131,0.25359783,0.28611645,0.51076335,0.40066212,0.24197403,0.53876626,0.21596077,0.5483291,0.7056461,0.16863239,0.80953777,0.37314752,0.48943052,0.563911,0.5578046,0.55838835,0.073142245,2.2341237,0.4459437,0.4363953,0.14688557,0.049477592,1.8460116,0.548712,0.15383819,1.2954658,0.43549868,0.13395427,0.4748184,0.7507676,1.0699152,0.42089722,0.8606621,0.49055552,0.5909426,0.8448382,0.54979396,0.9085232,0.23482765,0.5354533,0.11426427,0.09663073,0.35963568,0.43478096,0.095862925,1.7149171,0.30672994,0.344067,0.66181666,0.4113323,1.9037783,0.105880655,0.8328624,0.36222604,0.25364786,0.5016739,0.47683302,0.5222055,0.6600807,1.1277087,0.25918984,1.3632736,1.9244024,0.65477043,0.5604459,0.718615,1.0283223,0.020281823,0.73409003,0.47078174,0.07206934,0.35349172,1.0464419,0.2901929,0.5355477,0.18888035,0.28311834,0.89808756,0.563726,0.68084717,1.1542763,0.3770709,0.48984683,0.6843352,0.5154753,1.0946409,0.08256057,0.13867432,0.6360208,0.11705076,0.69442934,0.09487414,0.9721093,0.5287227,0.9047659,0.6673787,0.099836,2.3349283,1.1433153,0.760641,0.30608535,0.76082397,0.5575607,0.5332054,0.038641334,0.7399364,0.012432404,0.31472322,0.16023445,0.009135184,0.24087079,0.0038217981,0.48252034,0.48632538,0.063641734,1.3479412,0.8766098,1.7534279,3.5320172,0.9842289,0.38385546,1.0632559,0.5730262,1.1022453,0.061718423,0.35097453,0.32350433,2.5315328,0.35737386,1.0178759,1.019539,1.6268198,1.0431694,0.7614172,0.31224403,1.2092023,0.1115552,0.4660192,1.8915342,0.6443685,0.43944156,0.63366127,1.22683,0.53717256,0.00811048,0.19128211,0.9038204,0.44121894,0.81383723,0.58886576,0.0075040082,0.16549775,0.7401072,0.2171226,0.9690998,0.361076,0.5390695,0.09944577,0.20926405,0.9725071,0.40495396,0.15841576,1.8080341,0.25629056,0.41683215,0.6549445,0.048763204,0.72014004,0.14506732,0.077711724,1.1921145,0.33556408,0.089861535,0.75145125,0.2781163,0.0953257,0.08176479,0.4741593,0.10645078,0.0065538357,0.74431306,0.03756491,2.6251225,3.424156,0.1598117,0.89569455,0.47772384,0.5551487,0.4315495,0.19240011,1.351123,0.646213,0.2095471,1.4936635,1.6974151,0.2427043,0.8007099,1.1184285,0.9764652,0.18633558,0.40254784,1.8953929,0.8259276,0.24889039,0.8893344,0.06425891,0.012630806,1.8643901,1.1540014,0.5676116,0.4606485,1.520534,0.24684222,0.3087175,0.8457324,0.4059814,0.7171296,0.31917775,0.96685064,0.2715828,0.7436344,0.30068505,1.3925197,0.45992115,0.01508784,0.013176884,0.56970865,0.7743243,0.04209605,0.0076750447,1.2003529,0.45183665,0.36751103,0.34433994,0.21279389,0.32246113,0.28111222,0.6405411,4.1120644,0.95402104,0.32764822,0.14022057,0.031140944,0.40259376,0.55670106,0.79729295,4.036212,0.8416154,0.021882772,0.7959097,0.33204815,0.35807893,2.6840794,0.6109578,1.0358909,0.4095824,0.021069186,0.6739075,0.29613283,1.563815,0.80283636,0.48849744,1.0683608,0.57680285,4.6474805,0.66543424,0.07765063,0.012510141,0.12599011,0.14193352,0.60495657,0.67182046,0.29620773,0.39829332,0.50187933,0.44475162,0.9615363,0.32812443,0.60433185,0.53091806,0.0,0.71693367,0.6026309,0.9919651,0.46295625,0.24037437,1.1836311,1.1709019,0.25859392,0.920856,0.46215603,0.5989532,0.110438325,2.0734842,0.2350885,0.61942506,0.22610438,0.39785537,0.53868353,0.53577524,2.3383574,0.15955247,1.2845955,0.017700015,0.9648238,0.17180659,0.04579438,1.0125165,0.9152614,0.7617135,0.4851403,0.70736194,0.21525253,0.97317564,1.1050316,0.037966315,1.4177516,1.1558263,4.3349323,0.25701648,1.2930554,0.15940274,0.645431,4.014652,0.61928624,1.0206316,0.26251116,0.18846714,0.98364973,0.5984746,1.8418483,0.55859804,0.7141708,0.1387753,3.7137132,1.1295849,0.26646087,0.2861429,0.35847577,0.09328322,0.7129665,0.41181248,0.002632472,0.03360106,0.83197075,0.5213297,0.72852206,1.0239238,0.04496875,0.33649802,0.39753425,0.5757932,0.40109417,0.1283926,1.3815279,0.76489514,1.0405021,2.349606,0.9345854,0.025416616,1.2120582,1.3954388,1.5756078,0.8397393,0.17074317,1.4636067,1.1049527,0.4844507,0.5693077,2.1487179,0.9167198,0.40170175,1.0976372,0.26644695,0.98351955,1.1694176,0.32033074,0.5117959,0.18373764,0.056695797,0.73923147,0.087085545,0.4001116,1.0052642,1.0241435,0.91595644,0.6035161,1.4380031,0.9461726,1.4719642,0.3755454,0.65169764,0.32029158,1.3881652,1.6800615,0.40558225,0.89230907,0.014734501,0.04668564,0.11481851,0.043455727,0.111846,0.6817642,1.8356382,1.113236,1.5258677,0.6955664,0.020040287,0.17837687,0.7315761,1.397048,1.1632664,0.5918431,0.08596837,0.23091196,3.3903039,0.92988,1.0950131,0.0002080792,0.0027438027,1.2274705,0.23563848,1.2484624,0.40120292,1.375797,1.2379898,0.18741284,1.1174103,0.0,0.32649636,0.22723621,0.32415673,0.049609803,0.0070440774,0.74455273,3.000618,0.36796796,0.18924464,0.8928665,0.41058466,0.07764887,1.1759639,0.62675434,0.95780677,1.0676389,0.8626209,all_pothole_images\pothole_images_2_image_289.jpg
0.13348944,0.20456156,0.3815509,0.0567441,0.0001501457,0.028186347,0.42363483,0.6483675,0.8558904,1.2851671,0.7555612,0.5198803,0.76476496,1.425959,0.21052164,0.48507056,0.8748984,0.18605539,0.005240164,0.54890615,0.1527797,0.079243794,0.008448468,0.682132,1.1191375,0.792925,0.53638285,0.24759051,0.28290454,0.0,0.03243738,0.2759949,1.0766357,1.6426686,0.85599786,0.42702094,0.26243767,0.97643167,0.18533248,0.21522623,0.99174094,0.67886895,1.409612,0.0649675,0.5329952,0.7031249,0.06995887,0.0,2.1818197,0.2262748,0.062904134,0.4975169,0.35955644,0.2773005,1.1757486,0.7050133,1.1398653,0.8338679,1.1809932,0.75457084,0.06364767,0.0,0.5005943,1.4436876,0.68141234,0.3005806,0.05389621,0.18304688,0.5543285,0.49135366,1.0079474,1.5230632,0.10642113,0.7026096,0.29722956,0.020644234,0.6138813,0.35909045,0.37988293,0.25194645,0.2598651,1.1869293,0.66330606,1.2612519,0.18355595,0.26806092,0.9367311,0.4943739,0.88790846,1.1416116,0.0,0.919025,0.71156824,1.0545149,0.06995762,0.4136101,0.4340739,0.8986793,0.30844632,0.062382516,0.69724804,0.44803086,0.73322153,1.1876676,1.049467,5.772529,1.7716283,1.2202611,0.042917397,0.13721237,0.6029214,0.05879612,0.18716955,1.5762284,0.1913746,0.05893492,0.38246402,0.58698153,0.48503315,0.21621539,2.6250186,0.022440882,0.18324572,0.61661094,1.4297059,0.04940267,0.11410217,0.08551955,0.2809483,0.25725612,2.1493564,1.0112745,0.0013495239,0.3365182,0.36126128,0.087936975,0.5593447,0.021767102,0.9907832,0.6240267,0.0073867696,1.0499254,0.9189542,0.009817942,0.057779413,0.05114392,0.445148,0.5218786,0.13929535,0.5955732,3.9253533e-05,0.4798719,0.2340972,1.5346524,0.99482477,0.40469164,0.6345375,0.02481049,0.07255253,0.25083458,0.38834396,0.3654768,0.7270447,2.6582062,0.33159703,0.095771596,0.72275543,0.72958946,0.0734787,0.7394799,0.3245039,1.3173325,0.8661166,0.22854075,0.53433615,1.278142,0.8716732,0.038993903,0.0,0.4333613,0.9272148,0.46993196,0.23799156,1.2055341,0.18908305,0.67280453,0.116615556,3.2301672,0.07172977,0.48642606,0.6577068,2.3144927,2.6246326,1.2352188,0.5635466,1.659222,0.6039509,0.062916994,0.30356222,0.0,0.42635858,0.0694166,0.18210769,0.044865765,0.20041314,0.37268472,1.0791272,0.08977249,0.003201682,0.102927916,0.13229778,0.050267734,0.12956043,0.22887872,0.4305619,0.4280979,0.10404949,0.24277103,0.24476181,0.17793006,0.2773511,0.018335612,1.033481,0.70651275,0.23713621,0.2971348,0.53233236,0.007451221,0.9140672,1.3871263,0.44386747,0.0010301793,0.29136595,0.62735367,0.008925172,1.0051022,1.3023585,0.05531453,0.28237185,1.1467896,0.78840214,0.75687665,1.2648838,1.6853589,1.327917,0.026862543,1.929709,0.35645056,0.07568338,0.20220499,0.33117995,0.39788795,0.3965873,0.23805448,0.1701319,0.12990028,0.32805318,0.08166866,0.28055456,0.39153358,0.5302281,0.85831225,1.208395,0.5010641,0.46278918,0.15904582,0.3544661,0.19709207,1.6469795,0.08611813,0.9220986,0.017069586,0.6110645,0.19199355,0.09351776,1.0440633,0.7301223,0.86098105,1.0742539,0.07071421,1.0195713,0.9825835,0.85317296,0.4698494,0.36604944,0.48345813,0.34105924,0.3379399,0.73446995,0.26368323,0.4561385,0.1630412,0.20730098,0.45482758,2.244139,0.03469283,0.32729053,0.0380527,0.16907021,0.12706356,4.2245965,0.45912674,0.40485513,0.007434841,0.18813871,0.6308624,0.004508351,0.064292975,0.48183268,0.92934906,0.010551401,0.43441033,0.014668812,0.11968699,0.12689684,0.24054877,0.0,0.2870355,0.84738046,1.6391535,2.7902124,0.42378289,0.44267446,0.5188821,0.22279374,0.22542883,0.0035558313,0.872643,0.39765802,0.60747606,0.21642147,0.11541483,0.2380014,0.72667193,1.0078453,0.8577144,0.59413,0.42418483,0.73367447,0.0549031,0.58999044,0.71723336,0.1414869,0.7334642,0.0018247364,0.29771623,0.48088562,0.2002275,0.0061528245,0.08073182,0.040432695,0.655992,0.07274307,0.52335125,2.4143035,0.35602525,0.25822353,0.08692347,0.37448502,0.0,1.9889663,0.25360537,0.5192417,0.18987975,0.19378956,0.23393863,0.48634288,0.8377476,0.67536694,1.3704964,0.28043172,0.41050714,1.1220275,0.13650507,0.18353394,0.62366325,0.42677566,0.169314,0.5946378,0.97392863,0.22033231,0.7405618,0.0435681,0.6606052,0.39747638,0.26234803,1.2251143,1.1232198,0.049260218,0.5492663,0.4765365,0.19193244,0.36423,0.08356091,0.0,3.2386742,0.0665432,1.8944637,2.4630797,0.32971075,0.18018006,1.1681584,0.40834108,0.03325741,0.44619042,1.7202123,0.30125588,0.5749287,0.14324947,0.22389889,0.01167896,0.37163347,0.80802035,0.4122087,0.41029248,0.5497846,0.44609022,1.8098869,0.12302198,0.7475157,0.27278364,0.038580038,1.3185506,1.5334016,0.41409332,0.043903086,1.1378412,0.023136888,0.2521644,0.27140737,0.1832322,0.4602772,0.29294288,0.2935205,0.0,0.7320843,0.8031401,1.162054,0.36296728,0.10245053,0.5636988,0.673861,0.5070792,0.51750594,0.0,0.40893117,0.08028218,0.294126,1.2179927,0.113270454,0.6824875,2.3458805,0.12043775,0.56639457,0.4708147,0.042619824,0.06622177,0.7484481,0.74138063,0.12817481,0.79353136,0.59479356,0.0029415837,0.08336002,0.05948992,0.51604056,0.397766,0.5557297,0.13582508,0.08635328,0.4396651,0.83691174,0.19670601,0.14919105,0.39421067,0.062694706,0.23989251,0.22767264,0.37205306,0.82645553,0.3687107,0.019232998,2.4028742,0.9554398,2.3508139,0.5163108,0.163284,0.82217187,0.35828984,0.75296485,0.021061722,0.0003982989,0.096664526,0.21120952,0.14423433,0.0,0.0,1.4219944,0.26003665,1.0330395,0.52097636,0.8767873,0.2470229,0.053659406,0.18179566,1.1253971,0.10012611,0.50218284,1.3121146,0.5658387,0.14668708,0.5529921,all_pothole_images\pothole_images_2_image_29.jpg
1.0143588,2.170793,1.6057237,0.65982145,1.1407958,0.002154275,0.45082232,1.6803288,1.7370353,0.10678213,1.2695551,0.6590183,0.4368923,0.46414772,0.0,0.13785708,0.08178708,0.65960974,0.6901075,0.794631,0.0036843428,1.435691,0.044531077,1.2618202,0.0,1.8165203,0.055135954,0.94336843,0.18286301,0.30057126,0.5874004,0.14258206,0.55255985,0.0,0.18310238,0.21528763,1.4910579,0.19436309,1.6757896,2.75033,0.85901827,0.20009282,0.01574323,0.3537646,1.7800884,0.35305244,1.6053759,0.28375238,0.50505024,0.573093,0.25313744,1.2507403,0.117757134,0.69442314,0.6705816,1.2108314,0.95021194,0.4252638,0.39301074,1.025101,0.35664955,1.570717,1.1964155,0.9885122,0.029412113,4.312811,0.80857956,0.011031279,0.4493397,0.9757446,0.398788,1.7069927,0.0,0.0071740136,0.19219342,0.4454671,0.72263986,0.14153506,0.0,0.015373445,0.60683733,0.10570785,0.09806792,1.1504347,0.3840589,0.0027626567,0.1445884,0.3005779,1.004589,1.4973089,0.21145843,0.2754028,0.23204955,0.23781517,2.5228806,0.37239417,0.36835536,1.418775,1.3532066,0.30227906,1.7888308,0.25092426,1.79321,1.7463344,0.7986909,0.7431217,0.06231595,0.77644867,0.9675228,1.2491182,0.3512087,2.3786538,1.4073318,0.0,0.31428108,0.28013796,0.26141214,0.8516819,0.096626565,0.09283658,0.4483465,0.32304248,0.99273074,0.0854934,0.26534882,0.19693902,0.2489223,0.10612435,1.7073133,0.015380857,1.0764785,0.40104395,0.36799052,1.082958,1.9215319,0.75227803,0.3019993,0.4147878,0.5423587,0.2960223,0.2118304,1.2350117,0.41142705,0.16466273,2.1925015,2.326655,1.1030781,0.50876516,1.0599203,3.0371194,0.22658522,0.5351778,0.1872361,0.0064099017,0.35998905,0.6573024,0.44999638,0.17581896,0.60388803,0.90438324,1.3940777,0.16677013,1.4014139,1.3493263,0.46914983,0.26841936,1.0182801,1.7049094,1.0769557,0.05387922,1.359956,0.028640687,0.07483878,1.9846377,0.74805427,0.5183929,0.27212727,0.64331764,2.8555815,0.28895468,0.012684039,0.059832096,2.1609886,0.8577429,0.013030205,0.0,0.86186165,1.3011402,0.7505904,0.33489984,0.08690723,1.6343337,1.3546982,2.2130706,0.8951051,0.15589494,0.035126925,1.4335365,1.0409138,0.2473233,0.3912789,0.0023154372,0.39165834,0.36134323,2.9325573,3.877952,0.21760535,0.024973236,0.5356544,0.5983419,1.6256522,0.011625254,1.6543291,2.3086016,1.9791379,0.03699044,0.40159786,0.5459238,1.4576896,0.060074847,0.3669429,0.3871373,0.49990863,1.2929242,0.12631577,0.837847,0.6226566,0.061042536,0.10557611,0.019172246,0.60426605,0.7421894,1.5279709,0.042309973,0.23921384,0.55082905,0.5332756,0.84096277,1.1853367,0.22910662,0.35778466,0.6982825,0.14026609,0.006771583,1.4020078,1.8011218,0.9694225,0.0,1.0489101,1.5786954,1.2851938,0.1175557,0.9015562,1.1827517,0.4482449,0.4504923,2.417031,0.04524147,0.035690457,0.04627104,0.0,0.1831711,2.2932773,0.270732,1.1051656,0.19323267,0.23174143,1.1552271,0.44803593,2.0378366,0.63791436,0.46385238,0.029284704,0.28527203,0.8588774,0.24189135,0.18510388,0.48144633,0.88595617,0.00898513,1.8419317,0.22619745,0.011400863,0.34472954,0.7027683,0.7613089,0.037300117,1.4218897,0.5787362,0.15530185,0.66622853,1.7893944,0.12936376,0.51031303,0.68444884,0.073299676,1.5797119,3.8197606,0.80814993,0.34581184,0.18459766,0.1069406,0.5036642,2.7386265,0.49705824,0.07486082,0.6410349,0.2505427,2.1030028,0.93554497,0.49113315,0.0,1.8356055,0.15230855,0.7636196,0.33799043,0.16308556,1.3195633,0.20062524,1.8098773,0.10518161,0.97107685,0.0,0.19538327,0.81825244,0.63453674,1.8414745,0.07980903,0.65334904,0.62337625,1.2005886,0.36461428,0.06489772,0.41433138,0.34126428,0.2886709,1.0512451,0.10406078,0.058190495,0.41032067,1.4307114,0.42336717,0.40922305,0.26876065,4.2345943,0.4073643,0.24117851,0.2848482,0.032126363,1.2669479,0.51222813,0.21249682,1.3220887,1.9291319,0.44718403,0.5614504,0.22847545,0.46129164,0.5274705,0.335559,0.037879482,0.48622194,0.761277,0.78450394,0.55010235,0.80398667,2.0518053,0.2743045,0.69954175,0.6920447,0.9419106,0.7169315,1.3537923,0.3289109,0.16740951,0.88683677,0.18251514,0.9665846,0.04844276,0.6686155,0.0,0.9765297,1.5165249,0.6971955,1.6328589,0.16639867,1.3444537,0.8121479,0.73923045,0.60158867,0.2710383,2.1397989,0.27014127,1.7277545,0.63319343,1.9393023,0.9697608,0.12725158,0.7621842,0.27702644,2.594276,0.045762572,0.016626112,0.31064826,0.41772464,0.28149632,0.06788393,0.8686761,0.105490595,0.9174309,0.71337,0.0073705097,1.2937202,0.89126396,0.55940604,0.3170615,1.8076365,0.8059036,0.09785218,1.7105983,0.91228944,0.929934,0.1137381,0.9888374,0.073825866,1.0413471,0.022362672,0.68122405,0.72451454,0.053062834,0.20061322,0.053101175,0.0022373807,0.71358377,0.08435878,1.3417144,0.40202868,0.6425677,4.4227557,1.129613,0.0,0.45454642,0.048032936,2.0098014,0.3073855,0.097445466,0.71471316,0.05346493,1.0157759,0.41439354,0.21280704,0.10580656,2.063887,0.5215581,0.59447646,0.32654095,2.0527594,1.936293,0.212398,0.1667318,0.0,0.12654534,0.740869,0.3987116,0.09608694,1.2685375,0.23564607,1.1292512,0.16360225,0.04420483,0.6111539,1.3173586,0.287247,0.52515674,0.0,0.08217311,0.30396718,0.04798427,0.9048071,1.4014854,0.18161291,1.0392457,0.09589266,0.41535547,1.125921,0.46980953,0.8043663,0.61334544,0.64180535,0.09446351,1.9610044,2.4536667,0.2896933,0.0,0.13261288,0.66771966,0.8320453,1.2220728,0.03358499,1.5296205,0.15691502,0.00047177562,0.25717697,0.039289508,0.008592633,0.2604428,0.25265163,2.172142,0.8393604,0.7120061,1.8785158,0.31599426,all_pothole_images\pothole_images_2_image_290.jpg
0.92277557,2.4064796,0.1663477,0.5748721,0.7201192,0.2275595,0.8268543,0.16019474,1.050792,0.96017635,1.0796738,0.656472,0.88538283,0.08420569,0.807656,0.47358626,1.8749641,0.21705389,0.85483295,1.6145825,0.4671215,2.674614,1.2895536,1.6290462,0.46000162,0.8029887,0.48511797,0.5101879,0.05585132,1.3380259,1.9392166,0.14042923,0.24288905,0.17269747,0.85289216,0.36885324,0.14650322,1.0457927,0.5347909,0.61453825,0.35814342,0.036223575,0.047261406,0.9693933,2.324314,0.8589205,1.4375997,0.024566786,0.57324165,0.15149723,4.061544,0.72338134,1.3273206,0.9126719,0.45312378,1.597279,0.6491967,1.6629645,1.1691844,1.5828577,0.0055392534,0.61889,1.4862128,0.4402169,1.4450203,2.3241322,2.3456347,2.3499815,1.9082733,0.48407885,0.41933402,2.481135,0.39091575,0.4549706,0.66184086,1.8405645,0.7599897,0.4132449,0.07613646,1.173406,0.29507264,2.0474167,0.016172417,0.6978316,1.6359961,0.28400177,1.1189332,1.0628753,3.5083652,0.33779657,0.58219683,0.46999732,1.0396972,2.6846268,0.7955825,1.590286,0.37088802,0.18918492,0.041260798,1.5201677,0.5864474,1.1206828,0.49097925,0.083720855,1.5840802,2.026216,1.0625243,0.17613624,0.5477452,0.68090487,1.160589,2.4966166,1.1736518,0.6531628,0.11817948,0.85284483,2.543956,0.6977583,0.7081898,0.36833045,1.4443128,2.187369,1.312528,0.5056327,0.59911674,1.2421225,0.014899486,0.54005903,0.4783313,0.102773614,1.5699906,0.008362048,1.7803098,0.54873294,1.2961159,0.46543947,0.729173,0.6614406,2.808881,0.5712496,0.5499947,1.8983622,0.34179386,2.32082,0.034234032,0.7162069,1.6610359,0.16445665,2.0666645,1.528317,0.12159112,0.8079692,1.2933282,0.21257626,1.1075668,0.5318899,0.794288,2.1886961,0.0109986365,0.33027306,1.2556529,0.01948375,0.05916199,3.4460108,0.39238682,0.018175954,0.20801115,0.49873087,1.3302461,0.0078469245,2.18985,0.7602659,0.7527349,0.014762681,0.93434685,0.08260527,0.5246705,0.30868393,0.102322705,0.19191444,1.7226367,0.7165706,2.5713065,1.2554963,0.82341933,0.89885956,3.104811,0.9371816,0.037189912,1.5223742,2.019993,1.8587942,0.6487437,1.1363971,0.18321858,0.15987837,0.29103702,0.13161075,0.13291866,0.72178507,1.2528669,0.48907003,2.275218,1.1324251,1.6491746,0.93867177,0.20838928,0.13913554,0.38499147,0.93507135,0.60048366,0.6121546,0.53213453,0.9373655,0.32956406,0.26437935,0.97533023,0.23597606,2.0515928,0.23450835,0.49246496,0.5652274,1.3896277,0.76849365,1.4412302,1.8578858,1.2120031,0.2969891,0.12604977,0.59483165,0.49528003,0.58764166,2.577831,0.7389594,1.8818635,0.5121434,0.25590196,0.10496306,0.3316862,0.65260106,0.40191072,0.36968866,0.41930553,0.6156198,0.7647148,0.520754,1.8157125,0.11892465,0.3304641,0.855879,1.8510007,1.3106145,1.2484936,0.1377122,1.4414054,0.79761094,0.04650668,0.7689585,0.55068296,0.781424,2.2290819,1.3580003,0.20030022,0.8635971,1.5899122,1.016969,0.17296582,1.3863454,1.0748202,1.0802342,0.37343448,0.27182394,0.45002738,1.0541425,0.26574993,0.6262301,2.4738991,1.4247717,0.3856285,0.26930204,0.24244271,1.0410594,0.92093635,1.0648971,0.95680064,0.29720306,0.24238399,1.4701637,1.4119514,1.1037989,1.2584002,0.6135138,1.5498098,1.5072843,0.45540905,0.9972291,2.1928036,2.0937932,1.1380241,1.1123552,0.033148453,0.8907195,0.82482755,0.28594226,3.445578,0.04315027,0.0004581362,1.0922624,0.5996877,1.8546522,0.9100871,0.36656508,2.1497226,0.7750234,1.242828,0.124007195,1.0155815,0.46581286,0.34096736,0.38128707,1.5938921,2.5972106,0.16293354,0.97531027,2.1006777,1.1186517,0.10302623,0.7125509,0.837995,2.1416442,2.7736664,0.9193993,2.3292327,0.5513524,1.0955225,0.6543701,1.0976244,0.21417099,1.2690274,0.31315872,1.6343039,1.2160199,1.4351867,0.29962197,1.6916459,0.75000125,0.005556359,0.00074516324,1.6490505,0.46081263,0.041038785,0.64453316,0.7325794,0.7988056,1.5444738,0.84288335,0.3366804,1.310052,0.58360183,0.20018904,0.32106486,0.6630288,0.4866551,1.8272849,0.4866701,0.11217315,1.644695,0.38901958,0.8323646,0.6936601,1.4730258,1.0783596,2.1211283,0.2706304,1.2431564,0.20860142,0.7702747,0.11566524,1.2048608,1.8645117,0.6261604,2.7649744,0.11618497,1.5413046,1.5427328,0.98123664,2.0524316,1.6916966,2.1920812,1.4632663,0.7414974,0.2571413,0.307743,0.67474896,0.8767505,0.49070287,1.6545275,1.7510915,0.43785056,0.17861602,4.052266,1.6331728,0.7238184,1.406557,0.2744424,0.41840184,1.2706153,1.557718,0.10086811,2.7751415,0.42133757,0.69492346,0.6789247,1.1237496,3.3055443e-05,0.25012556,1.0451568,1.4798372,0.33131504,0.24598259,0.27406392,1.5689887,0.97237563,0.7640574,1.1573119,0.35949293,0.22716017,1.9843462,0.0,1.152981,1.0393635,0.98797715,0.3965987,0.57048047,0.17555836,1.4040751,1.9363496,0.54329395,1.4074299,2.478039,1.1106409,0.4419824,0.36838827,0.3109977,0.9287327,2.9463377,2.0572314,0.31208405,0.626918,1.093814,0.5464763,0.32954946,0.94064015,0.2109698,0.55682755,0.16608919,0.98274803,0.24197097,0.2672991,0.47587553,0.7329112,0.7978167,2.0228999,0.73922914,0.4759186,0.2521219,1.6709794,0.42077437,0.6306675,0.11453091,0.8521233,0.4502367,2.1339862,0.07443657,0.09012222,1.9884051,0.7614528,0.2088737,0.06452375,0.03866381,1.0859908,1.4035894,1.5549911,0.6035582,0.5176569,0.02722689,0.4154684,0.09934357,0.4164045,0.0062655355,0.1548032,1.33114,0.0521127,1.0771089,1.2180419,0.0794974,1.4145682,0.3753512,0.90902877,0.18014324,0.532924,1.155173,0.2064156,1.2867386,1.14213,0.72064704,0.07812186,0.78114736,0.49857104,1.2669735,0.43740913,0.89069504,all_pothole_images\pothole_images_2_image_291.jpg
0.27383536,0.8173297,0.0,1.486077,0.0035514177,0.40177566,0.0,0.24435973,1.2596211,0.37325752,0.93609864,1.7045293,0.7031311,0.7165502,0.19591643,0.41795972,0.051058315,1.1766777,0.013651253,0.30219725,0.3219761,0.15838693,0.0,1.4958638,0.11794518,1.0579648,0.06891266,0.31711805,0.09005026,1.3087112,0.28752136,0.4297792,0.4247157,1.8300405,1.1824272,0.0,0.011229293,0.03570863,0.47294,0.012587739,0.19508033,0.14510998,1.4857643,0.0,0.48787183,0.95099103,1.4895133,0.0,2.5880299,1.2718517,0.3297717,0.31664854,0.37429452,0.26174518,2.8087564,1.1830343,0.43335104,1.8595983,2.5964599,0.5203122,0.20464344,0.54760665,1.0261558,1.8265367,1.2954665,0.03270093,0.14283773,0.28649053,1.7445205,0.5656415,0.36632824,1.204497,0.35116595,0.18000692,0.9130244,0.44451553,0.8485237,1.0045239,0.07626206,0.0,1.7853363,4.543766,2.742259,0.0023238042,0.006560552,0.8634108,0.2556401,1.4784735,0.5130684,0.6682407,0.5613536,0.7588857,0.98676485,0.38253188,1.2937194,1.6314008,1.9220409,0.5292674,0.25718912,0.40266716,0.032713983,0.013693047,0.09086358,1.7541636,0.30313596,5.5962563,0.12907213,3.6985137,0.42626408,0.065803476,0.002735656,2.031363,0.27279773,0.2906831,0.0,0.014322311,0.11431117,0.57119125,0.37584865,0.40221328,1.1730038,0.024005082,1.6865089,0.120840244,0.06730472,0.0,0.10982772,0.0,1.0755391,0.31731334,1.9966829,0.32742068,0.38208964,1.2980582,0.50367224,0.16936706,1.0234528,0.31465468,1.4166862,0.07938788,0.7142477,0.85067403,1.1311071,0.47050148,0.6147284,0.2863004,0.095587455,1.0957812,0.0,0.6533054,0.4947003,0.09613395,0.96029335,0.3283417,0.08436074,1.689356,0.7794495,1.6071478,2.9960546,0.1264935,0.3565606,0.45747745,0.45836833,0.034992594,1.2476699,0.31587595,0.49149844,1.395446,0.8281306,0.63013184,0.8130893,1.8166791,1.2143,0.20092216,1.0760171,1.5904095,1.4997253,0.2844667,0.07053919,3.413974,0.6560491,0.9544329,0.8729653,2.3951907,0.0,0.0075886706,0.49228367,0.11520039,1.3067257,0.6540459,0.24076399,1.6238104,1.6846201,0.55705994,0.5479934,0.10210067,0.85747886,0.05981609,0.029910328,0.04060993,0.73644423,0.041539516,1.0703756,0.07966491,0.08065096,0.22813238,2.7552478,0.31000423,1.4186107,0.105278336,0.3415102,0.10864141,0.011935116,0.6449308,0.6710266,0.041045744,0.06427901,1.4329401,1.1854932,0.5957965,0.15156026,0.7623193,0.4906276,0.5337994,0.0,0.5317071,0.27039284,1.7166293,0.14238115,1.0881711,2.0860672,0.5682932,2.1449955,0.73875535,1.0444833,1.3720413,0.7390336,1.6369091,1.8320434,1.4470617,0.69473237,0.2759869,2.3665044,0.12781794,0.18345292,0.12863743,0.07008312,0.46347356,0.6970137,0.08489781,0.18352719,0.021556282,0.69468695,0.18351673,1.6846637,0.28062558,0.617911,0.51663077,0.030259231,0.2876419,0.0896594,1.6597663,0.13805282,1.1609454,1.3915375,0.6970212,0.26842073,0.71502745,1.2813921,2.9980612,0.5719,0.06948388,1.3405777,0.049011044,0.049990106,0.3769668,0.9561523,0.0,1.4307368,0.261196,0.12247138,0.7207995,0.0,1.0799567,0.04211036,0.34055862,0.19472978,0.36855277,0.0027182251,0.1659289,0.3363822,1.0854819,0.18176287,1.298625,0.07557522,0.49772075,0.4413436,0.4116052,0.9506201,0.10667749,1.589503,0.07842379,0.0125996,0.5179998,0.55072445,0.07618135,0.053475834,0.3699544,0.7168358,0.15930647,0.05274956,0.4403309,0.0,0.009534023,0.2301864,0.5951963,0.0077588866,0.14490248,0.7347482,0.32928225,0.17777143,0.42470706,0.8362534,1.616468,0.14985356,0.52682227,0.098124675,1.2993265,0.23346262,0.14299685,0.7593569,0.036825117,0.0,0.2542994,0.0011672031,0.0,3.2368917,0.18479417,0.30782494,0.11165552,0.28524563,0.0,1.9477221,1.6967978,0.5425093,1.662128,1.1213318,1.1949264,0.2261214,1.5319766,0.27825153,0.32263488,0.1537849,0.01897333,2.1631124,0.1622378,1.4208401,0.21389942,0.8127614,0.0028868124,0.5148376,1.4861671,1.2401932,0.061223563,0.995162,1.4734253,0.8300053,0.6817236,0.18482281,0.52418023,0.11189658,0.16703516,0.07105199,0.20822488,0.43697402,0.0,0.18142541,0.06909307,1.7505406,0.6473428,0.0,0.8954662,0.15220012,0.2776146,0.6191582,0.06805166,0.112592444,0.86586684,0.013218894,0.8637248,1.2657613,1.7232819,0.21773513,0.28849107,0.87227744,1.2935582,0.093371645,1.5399203,0.6844261,1.4540402,0.3873037,0.1111807,1.2848812,0.061802063,0.0,1.5370486,0.9561577,1.3436962,0.932679,0.11965174,0.6072759,0.13211115,0.13807636,2.2023509,1.2565503,1.2928579,0.12557684,0.66713023,0.5607669,0.555105,0.20826633,0.035422202,0.04559632,0.39523026,0.04574674,0.0,0.086779356,0.59052896,0.5406854,0.2255718,0.89559126,1.8762485,0.11503478,0.40841946,0.17437269,0.48984045,1.041541,0.810341,0.6840297,0.39423373,0.0,0.25283557,0.030584455,1.7005175,0.29812172,1.5551083,0.0,1.6007242,2.2470372,0.11692855,0.25034672,1.1678036,0.4944405,0.57218313,0.47231507,1.0345229,1.531592,0.21152313,0.054725267,0.1290191,0.36714768,0.99584323,0.26722258,0.9372124,0.3319428,0.07708458,0.10120936,0.5809581,2.9562755,0.25341108,0.34752068,0.87867314,0.011830435,0.0,0.4828659,0.0,0.66490436,0.5767169,0.35709843,0.5786528,0.023341428,2.0169754,0.43175483,0.012188284,1.2592765,0.052663572,0.71651924,1.2334155,0.34982622,0.009604074,1.0539513,0.5107268,0.3925044,0.0,0.10112928,0.06442622,0.55851895,0.9188005,0.61213475,0.9740191,0.072062165,0.28440914,1.2874981,1.2671096,0.06838464,0.6435922,0.9037403,0.112394445,0.1335817,0.3904769,0.03648392,0.031383317,all_pothole_images\pothole_images_2_image_292.jpg
0.60584706,1.2296655,0.39413306,0.76960146,0.88567615,0.52509534,0.3115369,0.057438254,0.39477745,2.443343,0.10047599,0.40508473,0.068925224,3.7839487,0.8776089,0.23553194,0.038145665,0.036000177,1.0051692,0.42170563,0.8130672,4.6238565,1.2751716,1.5960431,0.38730687,0.12503538,0.4406675,4.115063,1.0914227,0.124088444,1.6546795,0.19855908,0.54331106,0.18898214,0.87467533,1.0013363,0.87704194,1.2258321,0.4319119,0.58790207,0.4069724,0.16021597,0.27245557,1.823969,0.17156544,0.63946867,0.0865656,0.30354974,0.46771595,0.28323814,1.4967993,0.19257884,0.9630199,0.641465,0.0,0.5041965,1.321923,0.0027069235,0.07440376,0.5487553,0.8262932,1.9975657,0.5510067,0.12946236,0.6240347,0.2464663,0.5681427,0.40374297,0.20864984,0.27720788,0.45313442,0.59427434,0.10827651,0.07288257,0.4851765,1.1193545,0.2670665,1.0829648,0.5720213,0.02600301,0.8841246,0.7263085,0.2942517,3.3122127,0.79944736,0.36863708,0.15003544,0.0,3.7032146,0.14486167,0.041431464,0.7863391,0.0,0.42016095,0.62944627,0.052564733,2.0954998,0.59408987,1.3294815,0.6532988,0.0689002,2.4203556,0.10100945,0.076999344,0.27740037,0.24856974,0.6289176,0.5108397,0.080911994,0.67728937,0.99731815,2.4572463,1.1517122,0.3099445,0.8028272,0.57883936,1.5537685,0.022551708,1.5107126,1.6831899,1.8213904,1.4083216,0.7528644,0.86230934,0.37944272,0.9344946,0.9796843,0.42563757,0.5903143,1.578462,1.2550236,0.061283097,0.5519488,0.55323523,0.43264404,0.11821,0.022150181,0.68921286,1.1947826,1.6719707,0.20948584,0.1591643,0.007358372,1.5503118,0.5215268,0.5501049,1.7146189,1.385874,0.22254848,0.17998275,0.47644934,1.4923329,0.31298274,0.47765008,1.4504664,0.39177185,1.0177912,0.25126377,0.75287235,0.44839507,3.0114415,0.8138777,0.42522207,1.7707262,0.0,0.91296166,2.1527765,0.47920915,1.5081171,0.33225706,0.18893012,0.0007774843,0.3700594,1.6610188,1.2519722,0.20501395,2.0142813,0.58975106,0.18553145,0.25534934,1.093211,0.7802911,1.091117,0.653564,1.1860979,1.2189972,0.30297887,0.20781077,0.025135413,0.54302484,0.5732899,0.83422214,0.60959613,1.6705962,0.18518922,0.06640219,0.1548412,0.44041535,1.0196385,1.0582486,0.34384918,1.5908829,3.6807718,0.69284105,0.5524082,0.0057014707,0.21066788,0.2438486,0.16732231,0.04381291,0.11039995,0.41004878,1.9393473,1.830566,0.5916394,0.7086054,0.023920624,0.34224805,2.013751,0.48148188,1.1761901,0.028368557,0.167995,0.8434437,0.09070714,0.22397673,1.6673315,0.14975415,0.301251,0.32031974,1.3770555,0.5166809,0.6072196,0.21565284,0.5526542,0.11045621,1.440537,1.0746413,0.0,0.15548389,0.029875442,0.047901336,0.1722245,0.78692,0.28778285,0.11083204,0.38159397,0.01220048,0.66076225,3.2796187,4.2650113,0.049572412,0.42110318,0.04784739,0.46247458,0.4818306,1.9457952,0.19700797,1.0050285,0.5980062,0.47467336,0.841104,1.3260088,0.66739076,0.079969615,0.5165461,0.36299732,0.049902175,0.5794317,0.17400052,0.028288115,0.42115536,0.293761,0.4784217,0.6777085,0.7484378,0.6174845,1.0357856,0.22805363,0.8662169,0.20769885,0.61258185,0.77519697,3.0043705,2.7157993,0.21225812,0.3997925,2.570907,1.7012814,0.023786584,0.32266802,1.3969886,0.40438136,0.036483336,0.014098098,0.31512144,0.9540663,0.37894425,0.60767984,0.35568804,0.006700805,0.54593205,0.39841595,1.0649947,3.718135,0.86711454,0.06612498,1.2148347,0.6477049,0.059895698,0.4089554,1.1080337,3.4688818,1.1322247,0.10100045,0.92693156,0.1113809,0.77974707,0.040944338,0.2529524,0.24617922,0.5059232,0.046065632,0.56630486,0.56184393,0.98683554,1.2856888,0.8805715,1.5221199,0.7887752,1.4971534,1.7082746,0.019849487,0.9092253,1.0409353,0.57870257,1.1123285,1.5723437,0.28662434,0.4875338,0.64177996,1.5968565,0.55223036,0.11589588,1.0617375,0.4413063,0.23907751,0.2354669,1.2568618,1.6488833,0.6801,0.4537365,0.5489939,0.22386993,0.7911456,0.4451786,0.3934962,0.43861458,0.85417175,0.07395884,0.30533484,0.13553044,0.41839194,0.26326406,0.40631133,0.15667713,1.5230541,2.0409112,0.5561645,0.36303613,1.1300622,0.44052023,0.43160793,0.4367,0.038686108,0.60485077,0.0,0.33660647,0.004640748,1.9635072,0.042823225,0.77134097,3.2788966,1.1166235,4.4129314,0.27935997,1.4893221,0.055603076,1.3609183,4.298664,1.9276556,1.1981951,0.0055531245,1.7266469,0.07355756,0.0046633175,0.5522984,0.1582201,0.48850083,0.26798093,2.6237588,0.46952632,1.2669114,1.2401263,0.085254885,0.26602933,1.2785337,0.34757122,0.14262927,0.0671235,1.274897,0.3657751,0.78147274,1.0371187,1.4217916,0.14720292,0.64347225,1.6724972,0.20198098,0.6934232,1.3204974,0.2073205,1.050379,1.8907428,1.9090965,0.83838576,0.60019934,2.358178,1.439682,2.1440248,0.37564784,0.55417925,0.0059955535,0.55587673,1.374952,3.5939538,0.671173,0.5137821,0.10763569,0.011610977,2.1938365,0.68441427,0.024187807,0.8111333,0.47834682,0.30495748,4.192478,0.70197177,1.4992375,1.6461645,0.12875855,1.1324477,1.0620164,1.039738,0.5937124,0.33003733,3.3971624,0.7031166,0.12000451,0.75057405,0.20673266,1.1792899,0.8480342,0.051678218,0.5074206,1.4195437,0.6135218,0.39465827,1.8251843,1.8697459,0.7106098,0.018304562,0.6316571,0.54363,1.0515441,0.32031795,0.27847192,0.58604,0.9262905,0.7858007,0.66656667,2.8656416,0.6393556,0.6177374,0.14185418,0.0022912943,0.94619966,0.08033115,0.095091924,0.14601138,0.37758005,2.207467,0.075280614,0.24020319,0.0,0.17914633,0.24886793,0.777758,0.23182832,0.0,0.5976078,2.2555552,0.5708996,0.8717169,0.12419992,0.020315034,0.13651226,0.98043346,0.3934274,0.9580816,0.46356967,0.7050116,all_pothole_images\pothole_images_2_image_293.jpg
0.9002405,2.71066,0.8798748,1.9679881,1.2351278,0.17568673,0.9324126,1.6087929,1.3095598,0.28422564,0.05300367,0.30127412,0.15095189,0.5242373,0.31725857,0.50171846,0.5266335,0.28327304,0.63179827,0.5572244,0.3695282,1.6302737,0.97331035,0.6530374,1.3659242,1.1690111,0.27644998,3.0380912,0.120282635,0.84544784,0.7040101,0.322568,0.09399563,0.9775873,0.47699514,0.72432226,0.26714572,1.4458175,0.06851177,2.9183536,0.3001253,0.08627251,0.17533946,0.24740264,0.84784836,1.0309714,0.0,0.34771892,0.5639631,0.804211,0.5022044,0.41829324,0.26420626,0.16089031,0.22266932,2.11775,0.8680728,0.49733898,0.90766674,0.013265371,0.31129342,0.01414966,0.22642271,1.0447338,0.12754987,2.0071595,0.5997109,0.39898404,0.3549315,0.25438753,0.30695927,0.5429573,0.2960567,0.09778145,0.8017876,1.4734634,0.32203788,0.72872466,0.0960024,0.12908709,0.48917404,0.79078984,0.090632096,0.3012182,1.0299935,1.0945085,0.36907774,0.2966691,3.8327935,0.32170588,0.4593832,0.27601245,0.08952816,1.515034,0.48522052,0.013463451,1.1766832,0.79994226,0.13132791,2.1903048,0.05240051,2.4659743,0.6593041,0.25346267,0.47016507,0.0053832987,0.8948704,0.49611345,0.13257654,1.5816857,0.14523247,2.1537845,0.22905442,0.53391606,0.7588575,0.8657476,1.1101224,0.73086077,0.66647977,0.9942637,1.3544054,0.78724456,0.33623746,1.8301603,0.2314985,0.84183687,0.11613487,0.9190526,0.1618133,0.40340197,1.0496141,0.5718942,0.17264329,0.17997424,0.6650998,1.7344011,0.8125182,0.46171585,1.3290162,0.43781108,0.18079105,0.31120506,0.3195018,1.0227431,0.6726134,1.2902128,0.18832138,0.8093112,0.06915351,1.1150053,0.3803705,0.16460313,0.3778736,0.10346674,1.5232152,0.9581677,1.2810009,0.47514713,0.5250139,1.3720548,1.0252708,0.57126427,0.4138138,0.328734,0.09689053,0.43284622,0.3630899,0.4074749,3.253778,1.2503415,0.56189793,0.15656452,0.05194146,0.067393966,1.6228648,0.14866889,1.1891747,0.08008268,0.31515852,0.024718752,0.077777624,2.7390964,1.3243068,2.0556264,1.506167,0.8324725,0.6806628,0.7898553,0.87779856,1.7414572,1.6181439,0.605057,0.19756432,1.4029521,1.4491572,0.01212544,1.4821708,0.6635742,0.20369183,0.85351974,0.29855,0.8934994,0.06884002,0.5064685,0.768001,0.81663775,0.27955788,0.9688473,1.8245531,0.21688935,0.10703873,0.014970331,1.5839157,1.7185986,0.70625645,1.2117943,0.43329403,0.09799739,0.20166883,1.092607,0.8296599,0.096866235,0.3675644,1.6384778,0.1752781,0.7716443,1.3987423,0.3073172,2.0717754,0.71188825,0.014036352,1.1137049,0.6690303,0.46220565,1.5652213,0.35633612,2.3622978,0.22981846,0.2894133,0.12824693,1.3314283,0.1793557,0.68712145,0.045219302,0.2941634,0.038491305,1.4733552,0.29778823,0.61586046,2.7034001,1.2626994,0.3631155,0.5158971,1.7216839,0.33812827,0.23231529,1.2704787,0.11022944,0.34490153,2.200446,0.42519486,0.788046,0.7454811,0.6131748,0.418702,0.6177984,0.4828937,0.06908357,1.7812979,1.22184,0.40459454,0.0,0.51739204,0.6861163,1.1764873,1.3431276,0.4503904,0.98163027,0.28964812,0.88109535,0.122136794,0.93302447,0.109698564,0.839354,1.616406,1.0778477,0.25198895,1.3834865,1.3602519,0.22218665,0.47737172,0.7023649,0.07336192,1.0970086,0.13766551,0.095721565,0.67735904,0.6516375,0.88098526,1.2302002,0.18835342,0.32537752,0.18167809,0.9155032,1.7230165,0.20111664,0.027452143,0.36294854,0.5849084,1.4779015,0.31230316,1.5649643,2.083934,2.241543,0.29649797,0.54254717,0.21638349,1.2213647,2.078947,0.5062961,0.6489092,0.15339419,0.40986907,0.4024646,0.26984665,1.0185273,0.38585842,0.99112636,0.52776396,0.86608034,2.62321,0.1648564,0.10691647,0.34889835,0.6059369,0.3691204,1.551025,0.79944897,0.22869785,0.9267492,0.9628838,1.0452359,3.2315655,0.32681265,1.1781863,0.086376615,0.61298037,0.5223322,0.408917,1.2017872,0.10170636,0.85075384,0.7066498,0.27064678,0.2600854,0.25967577,0.5922308,1.6477484,1.5026017,0.952914,0.7025977,0.19843397,0.68842936,0.5355143,0.17384408,0.58238435,0.67706525,0.26708186,0.2446082,0.88273025,1.6709585,0.46414107,1.072898,0.2165843,1.2051935,1.0622512,0.051353347,0.48132554,0.72846866,0.6105715,0.68514323,0.29519615,0.41510433,0.91989547,3.3621557,1.8067237,1.1655941,1.7990638,0.08532448,1.9080932,1.3214722,0.6421936,0.28656927,0.55658317,0.43296793,0.15490568,0.73315597,0.59849954,0.36820525,0.17527457,1.6455145,0.831069,0.023552157,0.91469914,0.32722738,0.6132264,0.096121274,0.39425883,1.024011,0.052808844,0.77427405,0.30100006,1.0304955,0.6776861,0.0,0.23926395,1.3501384,0.45920312,0.87253076,0.10626602,1.2513679,0.833166,1.019994,0.7375219,2.0005505,1.2745185,1.5644746,1.4525895,1.0829448,1.2063242,0.26046646,0.2641847,0.08130949,1.0304252,1.4660405,2.7136974,1.1371262,1.2691197,1.2068686,0.89769083,1.1677244,0.29782608,0.41009885,0.38766152,0.53868127,0.4179402,0.9315628,0.3168698,0.32138848,0.8532683,1.1624798,0.6172709,0.64207345,0.07472322,1.17095,1.2344213,0.5242992,0.26344532,0.15586391,1.7408737,1.1880083,0.33118773,1.5405021,0.23906119,0.99117416,0.697491,0.75463617,0.15641946,1.5206952,0.7448679,0.8478318,0.62059426,1.1490631,0.7096643,0.27040508,0.43124643,0.07385503,0.30083707,1.4512262,1.1437078,1.5834643,2.5546534,0.645067,0.19301555,0.12852626,0.28511244,0.86037046,1.0930299,0.5117721,0.21815677,0.27674934,3.2705598,0.0,0.5070312,0.33377895,0.1167433,0.38302296,0.26313064,0.01657927,0.32726946,1.6197939,3.2826002,0.42647743,0.5276211,0.9187462,1.9142054,0.7024748,0.8419149,0.4355629,1.850783,0.15086386,0.51925033,all_pothole_images\pothole_images_2_image_294.jpg
0.7074082,1.8145428,0.3106683,2.5899346,0.9255966,0.4574672,0.66856694,0.1533289,0.42541772,0.36621577,0.5422043,0.0986931,0.15373671,2.5250819,0.69785345,0.7708385,0.3218539,0.6771594,1.3417147,2.1673603,0.66635716,1.3385178,1.0255213,1.0207839,1.5075966,0.1575909,0.48766753,2.247759,0.41124538,0.58090615,0.51391673,0.4319915,1.1278107,2.1307871,0.15981433,0.190507,0.3287991,0.40672904,0.26050812,1.4762825,0.15599751,0.17595173,0.6230462,0.16027285,0.27883786,1.4946834,0.30766052,0.03346545,0.44656315,0.59313315,0.20365106,0.1569038,0.65591586,0.48856965,0.21544208,0.2504561,1.7382896,0.019175677,1.2089528,0.55025685,0.18988165,0.48161882,0.37439767,0.89068276,1.1166663,0.6715348,0.5596733,0.6100027,0.3604463,0.9690866,0.8341172,0.27609226,0.7453411,0.15502346,0.61877716,0.6324133,0.4122308,0.52679396,0.71225566,0.22927876,0.0933766,0.845378,0.37872097,0.21378882,1.1362243,0.5171,0.37944734,0.024562286,3.073753,0.41459858,0.3700616,0.8598614,1.0003312,0.8389416,1.0835899,0.01862186,2.1443052,0.7458586,0.8610435,2.2444134,0.02093737,3.0390904,0.5291354,0.4074117,1.5288173,0.30070212,0.99257207,1.2321328,0.026007049,1.2612327,0.8424376,1.9537,0.39958742,0.12402658,0.2133015,0.889934,0.7880084,0.10124815,0.5604962,0.6500157,1.3220273,0.05726953,0.27695772,1.383733,0.6895694,0.21171354,1.8724891,0.77038455,0.16854472,0.35395736,0.6013637,0.04817109,0.7277805,1.3368278,0.19800237,2.951184,0.22141352,1.3146393,0.1588035,0.98852164,0.55254334,0.63023967,0.55353373,0.49740604,0.88947374,0.28055456,0.5894188,1.164199,0.4634938,0.66320026,0.23286383,0.15545812,0.66690874,1.2864807,0.35431468,0.35729778,0.41628486,0.044281155,0.43554586,1.6868681,1.3554343,2.3827205,0.027738264,1.0325376,0.5427216,0.3822884,1.5333666,0.06147453,1.263722,0.77518755,0.7974872,0.57799846,0.18074028,0.0,0.7732913,0.049367037,1.0688547,0.039993938,0.3475834,0.1840106,0.7751575,0.8746687,0.44967544,2.0782628,1.7885172,0.9837097,0.05708115,0.37123775,0.5820363,0.7888423,0.7075642,0.6248593,0.23217453,1.962957,0.21727762,0.22977409,0.73715615,1.2265972,0.19550765,0.8299843,0.89896935,1.6055984,0.8904799,0.6036799,0.1386453,1.0458009,0.8832568,0.2540866,0.040134136,1.290775,0.25537458,0.8007244,1.8871243,0.79562616,1.1443671,0.5254766,2.4987772,0.13029371,1.3074442,1.2485065,0.6475404,0.30067602,0.45338228,0.7531777,0.028649475,0.45325157,2.0682554,1.5763774,1.5021499,0.3664767,0.8987732,0.7746015,1.5019273,0.28166723,0.38247064,0.20643853,1.3918355,0.20989609,0.76356083,0.4065673,1.6650138,0.035794303,0.39667043,0.46452275,0.09453206,0.036486384,0.6816933,1.1432803,1.44395,1.4450003,1.9480032,0.051849596,0.047891933,0.77023274,0.21475834,0.32269758,0.81412953,0.13120829,0.2817885,3.3178217,0.5329194,0.2676656,1.0981972,0.28219104,0.66707563,2.2735054,0.7959735,0.9544746,1.1901894,0.5069293,0.6030221,0.01837431,0.74725145,2.1718755,0.749154,0.6960455,4.098006,1.2917142,0.0063419044,2.3260844,0.013196777,0.68225044,0.46995577,0.7523618,0.895469,0.7119827,0.14927094,0.56556803,0.09554633,0.17557876,0.78431267,0.34472215,0.4674347,1.3283997,0.26169628,0.30448437,0.5340628,0.45501962,0.19927393,0.6761976,0.116525955,0.32201886,0.46424985,0.460451,0.3725446,0.20274016,0.04574851,0.9308486,1.4913622,0.9154842,1.5048865,1.4138271,1.7893902,1.7305855,0.10824166,0.9281588,0.22120331,0.50817907,0.9444385,0.19206378,1.4645398,0.34440035,0.05135483,0.51446784,1.9822325,1.1268989,0.22435893,0.020818958,0.20057347,1.4090385,1.3231356,0.14207071,0.6775048,0.71009636,0.73812085,0.025790691,1.6817613,2.0146995,0.19539058,0.5056405,0.39792776,0.80429125,1.0167514,0.74330187,0.88772744,0.029693484,0.5557984,0.6036392,0.50541264,1.6524756,0.22904734,1.5009843,1.1332476,0.78701794,0.28243852,1.3333547,0.12511909,0.27528894,1.4444388,1.1240894,1.154938,0.09730611,0.7907942,0.6406376,0.060547102,0.23439874,0.53656876,0.187417,0.018464854,0.8672637,2.8504124,0.36922333,0.59839094,0.8727397,0.79693687,1.0463511,0.3757904,0.98679215,0.3752692,0.5877025,1.5019714,0.27207416,0.3383373,0.51820815,2.2857535,1.5706005,0.7728972,0.4529099,0.48046827,4.2391863,0.5212029,1.0567124,0.083259836,0.21109402,0.106739536,0.069004364,1.3219442,0.23778887,1.747953,0.10236302,0.6818893,1.9731562,0.41571775,1.5089077,0.18501866,0.09366549,0.43097883,0.1708319,0.078445196,0.00052934955,0.08659189,1.0537618,0.48218364,1.154162,0.059422337,1.617507,3.6891928,0.9587871,2.930664,0.6888166,1.22653,0.071006395,2.265166,0.8781577,2.0708456,0.057999976,3.8547816,0.1279358,0.91489923,1.0131533,0.6529106,1.4974988,0.95484644,0.9027261,0.6800769,3.762694,1.2557596,0.10734129,0.6418657,0.30551407,1.0332891,1.199872,0.3864917,0.44227478,0.0,0.012099978,1.0163422,0.8797049,3.0115767,0.9220183,1.1736528,0.3188032,0.10516972,0.85765326,1.1092758,1.1345081,0.4521229,1.0277671,0.26257768,1.2021112,1.1964985,1.3864647,0.22062418,0.5190147,0.38234022,0.9023147,1.3852984,0.11977809,1.9432172,1.4802269,1.9854742,0.09202808,0.4059693,0.12363914,0.56099576,1.11883,0.06765252,0.7706912,1.2592765,1.3699973,2.769923,2.0004153,0.9073611,0.7530988,0.0052326308,0.24132992,1.5716835,0.60651296,1.8709452,0.38783932,0.2879963,1.6703564,0.60419804,0.0,0.46102566,0.21485029,0.4326813,0.392459,0.3452322,0.48030603,0.23917434,2.179694,1.108948,0.6888296,1.936025,0.39879373,0.67009085,0.50812703,0.30651695,1.2566615,1.2232043,1.680971,all_pothole_images\pothole_images_2_image_295.jpg
0.58215284,2.5554101,0.648771,0.8842162,0.41480318,1.427962,0.6980245,1.2917022,1.2684524,0.09820815,1.2857367,1.4063543,0.22155316,0.277883,1.1128489,0.9185439,0.05425632,0.2289595,0.021196127,0.00071065064,0.61269504,0.9654227,0.3157171,1.3640378,0.120084666,0.14599138,0.04999075,0.06345473,0.5338563,3.308724,1.342466,0.72386295,0.52253634,0.2539892,0.50815976,0.71691483,2.4232955,0.15094103,1.2176032,0.5870417,0.9460006,0.40869522,0.9052125,1.0184354,2.3276463,0.45541596,0.1441237,0.5768325,2.3350224,0.13072845,1.2910894,0.04056142,1.051624,0.060784493,0.43841353,1.0174507,1.1391912,0.3155323,0.53553134,1.2974802,0.17820841,0.23833889,1.7372177,0.14463542,0.44001535,1.1431066,3.3229797,0.9098814,0.5006176,0.114961185,2.774095,0.236994,1.156998,0.31372046,0.7444275,1.3740618,0.022924058,0.3818929,0.43757322,1.7630484,1.3108269,3.1012871,1.0002118,2.3105304,1.1411227,0.43523234,0.6851621,0.54635334,3.9268835,2.232175,0.28599977,2.2207983,0.050583716,0.9433894,1.8763914,1.2123451,0.8232338,1.2604144,1.0469321,0.238477,0.3415568,0.3816278,0.4938939,0.10174294,1.9285988,0.91084546,1.8391749,0.042178378,2.5848136,0.8803201,1.4281155,2.0231752,0.20556161,1.006847,2.2965474,0.94321287,0.4143966,0.9291286,1.7170864,0.35330674,1.0197979,0.78391075,1.0281018,0.30616778,0.28117666,1.8302416,1.0460918,0.314982,1.116408,0.5389086,0.048453666,0.8655354,0.50678366,0.6134954,0.5621633,0.29837263,0.265543,1.2227464,1.7902803,0.27645114,0.48419508,0.46666032,0.5743617,0.45689455,0.9169337,1.2849696,0.30905825,0.6781319,0.7068392,0.8181245,0.19750743,1.968949,1.5555593,0.33848816,1.3284588,0.28642002,0.47060305,1.6201019,0.3572813,0.17470832,0.8450455,0.0373939,1.531809,3.0379102,2.3186665,0.14307137,0.1548328,0.23917283,0.30928373,0.6998408,0.38890624,0.39567775,1.2633255,0.22763811,1.877115,0.9964327,0.5881696,0.8567562,0.26316246,0.37497374,0.0059573827,0.7393947,1.8428627,0.67346203,1.5665758,0.9787821,2.309133,0.6751855,0.40065226,3.01683,0.37529346,0.06340369,2.1004133,1.719723,1.6099494,0.98782784,0.9665737,0.07233917,0.46307233,0.4338631,0.4318052,1.0072125,0.013918579,1.0762538,0.77139014,0.51255345,1.4309715,0.41883036,0.5390455,0.28023356,0.20310725,1.5858135,1.6441185,2.0171063,1.0363388,1.1665677,0.19298957,0.566069,0.58682215,0.95691866,1.9800344,1.7809845,0.151613,0.8035749,1.4230802,0.5924204,1.6601939,1.4342464,1.0027953,1.1723185,0.88998336,1.1019856,0.120677836,0.58930993,0.23027793,0.48855442,1.2715499,1.2562413,0.055477712,0.59933823,0.79740804,0.41415942,0.8249907,1.0969652,0.17978625,1.1654058,1.024872,0.050644573,0.9326453,1.762577,0.09162064,1.7202495,0.44514218,0.28104877,0.8167936,0.23266329,2.6649377,1.6102922,0.5068541,0.84120333,0.23806493,1.5801123,0.9688538,2.115101,0.32404438,1.1977457,0.2477192,1.3373307,1.2918549,0.054657776,2.2463307,0.2795181,2.3032453,0.76990265,1.2670499,2.117444,1.5161119,0.6791736,0.14745454,0.035066176,0.0105969,0.09235551,1.025261,0.5433148,0.4001928,0.26055306,2.0701613,1.2805146,1.6480994,0.28464055,0.075714454,0.46279418,0.06764226,1.960429,2.3740084,1.2618856,1.0745195,0.026905468,1.6475521,1.0392894,0.4366331,0.14378515,0.78005445,0.8829298,2.4579086,0.67545265,1.6703615,1.6454839,0.367939,0.5029491,0.15057312,0.19643319,2.547406,0.4589452,0.22902307,0.6700994,0.3924965,0.7411377,0.3746979,0.29094315,0.23946863,0.7699004,0.7172025,0.0,0.8998721,1.6471326,1.1560544,1.8058081,0.8123857,1.0736831,2.391598,0.77272034,0.48877326,0.005036925,0.12413918,0.2144098,1.6518875,0.036203384,1.0765619,0.010391425,0.82994366,1.9972347,0.7837062,0.92622423,0.82793504,0.45227987,0.09917948,0.49416345,0.16242354,1.3686966,1.3842453,0.47317418,0.34068137,1.3182983,0.64091265,0.008021817,0.75778145,0.27983147,0.089704275,0.9286804,0.16155516,1.2920517,0.9217032,0.2914964,0.6951289,0.9067258,0.6007062,0.0026839927,0.6949886,0.96519166,0.5740418,0.53003806,0.872287,1.1075695,0.50367457,0.53727925,0.06738139,0.45859098,1.7073888,2.5636117,0.6222001,0.31856295,2.6213434,2.4443321,0.024882633,0.4641432,1.4572663,0.25474364,1.2639138,1.1164322,1.8534424,0.80983,0.2184975,0.06441794,0.81729925,0.10465563,0.7537465,1.9158875,0.8655249,0.006338635,0.30037796,1.3677481,0.2803328,0.041493762,2.8720417,0.25508606,2.043937,1.4323347,0.5808358,1.7896047,0.541418,0.63728637,1.1444582,0.4143547,0.3781821,1.5207149,0.33265248,0.550619,0.28990057,0.16493285,0.14144476,1.3016089,0.3524873,0.44260654,1.6034788,1.6649396,0.08718654,1.0227306,1.2014174,0.9892347,0.7568107,0.17081288,0.15321365,0.57144123,0.55158013,2.1052744,2.1948092,0.49913007,1.0203798,1.7015489,0.8315634,0.5627461,0.18881798,0.00038129216,0.21054237,0.4824061,1.0597311,0.54570323,0.66777784,0.7669483,0.68263304,0.09905937,1.6570828,0.2175995,0.89686966,1.6393888,1.0927428,1.1876401,1.7952638,0.76720655,0.99662375,0.2894151,0.588309,1.0999146,0.23480578,0.2801258,0.15836522,0.23203547,1.2069029,1.6519206,0.9474158,0.32220966,0.20022586,1.033296,0.32712355,0.69693154,0.74964637,0.2551457,0.23445345,0.5958599,0.5470142,0.7878656,0.515494,0.8014084,0.41274005,0.66278744,2.6132455,0.7816607,0.20999749,0.25870892,1.0373069,1.0063001,0.20215347,0.51124626,0.14482348,0.4252072,0.7919814,0.6694289,0.5119331,1.9056096,0.18847129,3.1259506,0.90460294,0.6089865,1.9852089,0.49746105,0.007208259,1.5289125,1.1691518,0.8113506,0.972562,1.0974689,all_pothole_images\pothole_images_2_image_296.jpg
0.014172637,1.5774467,1.879676,0.3474863,0.54261243,0.5680851,0.34423485,3.655232,0.32459012,0.87286544,1.1778237,0.093680166,0.6576946,0.94650877,1.0858814,1.5842184,0.03965895,0.16036388,0.15691337,0.3289049,0.18056203,1.2997988,0.938587,2.353601,0.2285777,0.58521765,0.3929908,1.7479964,0.623809,0.78931457,1.486896,0.4560776,0.2406661,0.1903828,0.15629525,0.8468293,1.8409283,0.711993,0.28530005,2.9830098,0.863834,0.30857107,0.295519,0.3619278,1.2726678,0.21848355,0.21431117,0.1558747,0.23522918,0.16734727,0.71507525,1.5210226,1.5013541,0.7678663,0.6105097,0.4824453,2.575759,0.06938292,0.51513565,0.9342164,0.9260548,0.094831355,1.5147889,0.84880805,0.11200352,0.8006605,0.2048543,0.030590447,0.6292019,0.46756345,1.12365,1.3912691,0.5999394,1.2409189,0.6444856,1.7519329,0.06668348,0.8569464,1.0169901,0.38798207,1.3880082,1.846434,0.078238234,0.645026,1.7683005,0.48791638,0.56163955,0.38939118,3.8309855,0.575984,0.4531587,0.41832694,0.41162267,0.7447737,1.0513544,0.00631461,1.0888262,1.5435125,0.5855769,0.758694,0.9072975,1.5931953,0.38395682,0.8454121,0.891339,0.75726473,0.43250406,0.07614478,0.9899312,1.629888,0.6833909,0.4375316,0.36620945,0.7674859,0.5225334,0.9461081,1.3927213,0.078693606,0.4782461,0.5528892,0.6024433,1.135021,0.8143745,1.0132009,0.1443888,0.69508624,0.86978614,0.69797933,0.31646526,0.1362234,1.5343934,0.42941493,0.4049018,0.79795355,0.1363553,0.6671524,0.6965981,0.6618154,1.8308337,0.59635055,0.24752104,0.18325426,0.13877751,1.4120376,1.9935956,1.6036342,0.3690064,0.2641372,0.52608854,2.958318,0.21742423,0.79946023,0.6335022,0.7231337,0.56201994,0.4738177,0.81756747,0.9830333,0.6912023,0.9784743,0.7615311,0.5493739,0.1644587,3.5355194,0.060727935,0.6165184,1.6156296,0.7911281,0.7581993,0.03104714,0.2953111,0.8261592,1.1738642,0.44612938,1.4686681,0.32153684,0.58102715,0.0289735,1.6786214,0.25997448,0.53670156,0.0021525207,3.0759883,1.316078,1.3351254,0.1867606,0.24301882,0.8702101,0.21807374,1.1159151,0.30397284,0.1624302,0.73267984,2.618579,0.38093495,0.10946844,0.21504217,0.17137682,0.32006693,1.9895816,0.6704206,1.0288805,0.76489943,0.84702456,0.2134582,0.648079,0.745853,0.23486824,0.06776496,1.4920243,0.5075935,1.5769614,1.6835139,2.113844,0.53839904,1.5378975,0.34078503,0.32940978,1.4353932,0.2655012,1.3855282,1.3001438,0.08008125,0.7056363,0.05202607,0.89759606,1.9969686,0.056976978,0.16468734,1.4656428,0.701218,0.9719687,0.23971093,0.3491123,0.54305565,0.14272377,1.634836,1.0750366,0.38237324,0.5926797,0.43037075,0.046629675,1.5448121,0.34688777,0.25853983,0.25926614,1.1128774,0.4227232,1.1024114,0.6986092,1.5486329,0.35267136,0.53479666,0.8490758,0.651513,1.2972146,1.8543439,0.19999386,0.93641716,0.75436664,0.29043552,2.0020866,0.2510486,0.6146062,0.66181165,0.7577065,0.5030489,0.8162723,1.0465367,1.2661822,0.15940204,0.7519709,0.23485295,0.35313544,0.6526611,1.7278857,2.4506142,1.2692784,0.38694116,0.57107973,0.8098196,0.05411328,0.7492976,2.4368773,1.050724,0.2172028,0.088131085,2.3682017,1.6173892,0.14874597,0.94761795,1.0151736,0.044074822,1.6717618,0.19165494,0.5874681,1.3393396,0.22794275,1.3741308,0.09318217,0.11674729,0.027266115,1.8930955,0.5626697,2.285089,0.095251985,0.7302696,1.3774334,1.1647365,0.67825085,0.75251395,1.7591269,4.2702007,0.88645077,0.49293703,1.0125722,0.5465433,1.0544629,0.08635371,0.5142402,0.15934801,1.8095257,0.40566537,0.12322217,1.3689376,1.1292808,0.7535259,0.92929876,0.35424805,1.0275601,2.5013645,0.32917443,0.20838778,0.19212605,0.8111141,0.7738422,0.93761396,0.60086477,0.7433305,0.25976926,2.063571,1.0157928,0.7869261,0.8301778,1.6123669,0.0817045,0.5198596,0.37257868,0.7626064,1.4618769,0.3099281,0.4578676,0.18187414,0.5844048,0.52142,0.068639494,0.074554734,0.24820709,0.5328067,0.047396284,0.35244384,0.37265462,1.5351095,1.8435849,0.5622524,0.47793034,0.74168754,1.1001114,0.004827858,0.06332084,0.69143647,0.45713708,0.70184463,0.5617778,0.78082895,0.8059268,0.48204607,0.46874875,0.7551364,0.45235717,0.29901117,0.15487644,0.7974974,1.7008573,1.7963365,1.306949,1.9692872,0.6819316,0.60547215,2.496202,1.5189857,0.51855063,0.6462576,0.12483476,0.9056648,0.30523497,0.73717064,0.640522,0.75888044,0.32928512,1.2912345,1.0169481,0.66083395,0.33157748,0.3427569,0.064048074,0.4185671,0.88636965,0.9073034,0.80243033,0.7921041,1.3075597,0.29765242,0.1555401,0.026486272,0.9565252,0.6668551,1.6070846,0.033696197,0.42269313,0.5866499,1.7163879,1.4219625,1.0019429,1.8127162,0.9265527,0.21770757,1.1898819,1.5374259,0.94574785,0.4133227,0.42926934,0.47826946,0.97780126,0.9199163,2.632115,1.3553718,0.36809745,0.25847027,1.4813275,1.7973737,1.3399898,0.7000224,0.25746015,0.11139372,1.5850052,2.7898777,0.9729446,1.3250315,0.601385,0.32550403,0.54549205,2.1429963,0.48310402,0.27703637,0.757349,0.961473,1.1279756,0.5259169,0.6641859,0.72641987,0.061943434,1.1369954,1.1945521,0.62503874,1.1492743,0.63685477,0.55500627,1.3519053,2.5773523,2.6661441,1.2206094,1.2268064,0.65638757,0.6031095,0.52225065,0.035995256,0.23435226,1.3448249,0.8452592,1.0238236,0.9772902,0.6155334,0.33460963,0.1561243,0.6388435,2.0704567,0.18868123,0.32795364,0.80146307,0.51313895,0.44982648,0.1201825,0.31243172,0.043869417,0.58806515,0.53243566,0.411371,0.20739208,0.6105894,0.6964367,1.1780733,0.14446537,1.9021721,0.8297827,0.37833518,0.025362264,1.684663,0.19470108,1.9591081,0.52057683,0.0,all_pothole_images\pothole_images_2_image_297.jpg
0.0923157,0.8930056,0.0,3.0670965,0.14501075,0.5589382,1.4034067,1.2059362,0.23071426,0.22406258,0.92794985,0.5939909,0.4981787,0.2737052,0.04312276,0.33492965,0.6027525,1.9010477,0.8104401,0.2226905,1.1980817,1.2569807,0.09848711,0.16290882,1.1040419,0.06062779,1.1827942,1.364979,1.9210014,0.3439029,0.054048527,0.49778977,1.7038524,0.07334432,0.12001697,1.1521281,0.28265616,0.03655976,0.0592468,1.2616782,0.10292522,0.8995692,0.22936848,1.0221239,1.1464789,0.2632411,0.15442397,0.029494314,0.069959655,0.26682654,0.71788037,0.5965216,0.36920235,0.6125845,0.052228864,1.4403342,0.7582919,0.43288663,1.6393715,1.3773628,0.2557744,0.7636618,0.20770475,1.2006699,0.7350031,2.5642188,0.49714133,0.5347717,1.0774981,0.22544295,0.51991963,0.6940547,0.000651036,0.32196096,0.032193102,0.11146428,0.092643976,0.15774907,0.0,0.15377288,0.34225628,0.680614,0.24339448,1.533465,0.40152383,0.005166656,0.80850506,0.13485664,0.8090434,0.36690193,0.07896696,0.18808267,0.102718964,0.8228491,0.59915596,0.14563173,0.41735256,0.31602877,0.41137075,0.12805805,0.4768449,3.470195,1.1260738,0.16953222,0.4689274,0.0016291013,0.13234766,0.7608402,0.19307953,0.054007944,0.16682157,0.7693625,2.027447,0.069600284,0.8197742,0.4254427,0.015316658,0.20894463,2.4919107,0.056541238,0.30678895,0.039376345,0.40254593,1.0162243,0.9398509,0.05189246,0.5125252,0.46191883,1.9551418,0.0,0.049537443,0.9607911,0.62336695,0.19802216,0.0,0.06606176,0.0032994023,1.1027321,0.98380435,0.29697055,0.414336,2.2411609,0.173915,0.0042105713,0.7013065,1.7665125,0.0064832466,0.018910017,0.24022162,0.2503165,0.19146158,0.8614128,0.0,0.02937778,1.0887837,0.70462966,1.1596768,0.023348453,1.984033,0.5712687,1.068727,4.3127723,0.30156994,1.1109687,0.19863822,0.16622305,2.193555,0.0046090954,2.7272034,1.3665568,0.014342584,0.46614483,0.08805158,0.73080534,0.090854265,0.0,0.0954026,0.1420232,1.5166442,0.04409183,0.5102152,0.31852487,2.5431583,1.5450858,1.1509778,0.27436993,0.19668207,0.75478315,0.13684112,0.18678997,0.0,0.80626625,0.0,0.9382735,0.3041011,0.36239803,0.55042326,0.012549921,0.6843643,0.6034214,0.4471707,1.3453645,0.21117416,0.4929098,0.21759029,0.027072988,1.019432,0.06398499,1.6791036,1.3087331,0.16172928,0.5370867,0.43888694,1.2854917,1.648704,1.4715601,1.5474917,0.064571254,0.027706824,0.97842836,0.5306278,1.0120982,0.8802392,0.23545891,0.0061326823,0.29008815,1.10841,0.5525764,0.23875052,1.5289283,0.9550437,0.95464915,0.26913646,0.20609081,0.25310907,0.010502176,1.6699834,0.23952319,0.07475414,0.9333451,0.22481428,0.09581858,0.41693997,0.0,0.51081944,0.0031613389,1.047088,0.36730704,2.444444,4.876293,3.4178846,0.06517248,0.1257385,0.0036949296,0.0136956135,2.2776296,0.2583655,0.5411851,0.025919525,2.866685,0.022481123,0.020447018,0.4446902,1.3141226,0.35090706,0.018330213,1.742971,1.0810839,0.4938556,0.022100005,1.1948498,0.0,0.40124086,0.6229117,1.3227565,0.4953181,0.17229627,0.5745923,0.07029413,0.30839822,2.316427,1.0280883,0.27142242,0.2933597,0.06914012,0.25940543,0.22310233,0.049109563,2.3783603,0.31850326,0.049959444,0.22628199,0.42276075,0.7827581,0.0,0.26180932,0.0,1.5027758,0.5015608,3.616559,1.4202089,1.8531771,0.5245238,0.005226159,3.1675034,0.2110173,0.28634062,0.111248575,0.17439379,0.09022779,1.0049839,0.7777149,0.24631727,1.3575771,0.07371114,1.8345009,0.099372424,2.469905,2.4683933,0.36682284,0.352002,0.16130029,0.59672475,0.22679031,1.3916763,0.18822964,0.3741446,0.09121626,0.54976964,0.49423778,1.444836,0.21923353,0.41919944,0.16582687,0.038788777,0.0060075945,3.025935,1.1266059,0.1841361,0.508021,0.06331657,0.51594555,0.44121176,2.4671102,0.6939141,0.3022531,1.3203933,1.7436997,0.6012642,0.020232778,0.92525685,1.4918083,0.3305952,0.6543725,0.16882783,0.48192316,0.54493177,1.2845564,0.5468694,0.14310111,0.2276612,0.33599076,0.6419763,0.23628472,0.079275645,0.0342575,1.179191,0.4143345,0.74121994,0.6291421,0.67190504,0.3666024,0.036377456,0.13626508,0.08782153,0.05729185,0.68722355,0.09593939,0.97019565,0.53273565,1.0013374,0.049375903,0.028397249,0.08593573,0.10226361,0.88537496,1.1572332,0.0012776101,0.29938516,0.8355082,0.076882996,0.0,0.028754348,0.3701013,0.274592,0.0755702,1.6233416,0.10435454,0.22240159,0.48538303,0.24159534,1.0459281,0.38455173,0.11815408,0.4022113,0.26973796,0.0031810505,1.3610064,0.13788247,0.049361013,0.1492292,1.3983815,0.019402092,0.604879,0.0013698704,0.7988429,2.3202503,0.28678066,1.2466955,0.25787008,1.8465161,0.606471,2.7227297,1.5647222,4.102549,1.0446075,1.6267269,0.42205024,1.0347403,0.23062524,1.1397951,0.44256368,0.077381626,0.21200167,0.20609477,1.1440604,0.61459196,0.12915368,0.12780306,0.46594405,0.6904631,0.74331677,0.32341158,0.011394315,0.3173105,0.31227997,0.70032936,0.96876377,0.04223334,0.9938329,1.1388532,0.5138564,0.37619466,0.082841285,1.7717334,0.77484614,0.24348025,0.0007241394,0.16145588,0.7175805,0.9043451,0.47296473,0.6864611,0.14062102,0.5785267,0.00040025875,0.22564286,0.0,0.034477387,1.5055758,0.17557764,0.8641487,0.9475164,0.1270978,1.4911144,0.033668287,0.8051431,1.5164639,0.08448152,0.7402809,0.5495815,0.19146942,0.20311406,0.48147652,0.0105074085,0.018183015,1.1997579,0.010026483,0.32177868,0.0,0.5376766,1.2527918,0.4457934,0.427586,0.011457387,0.016084677,0.17600542,0.19334628,0.15549695,0.27951717,1.0893763,2.4188714,0.41210824,0.17931502,0.34104654,1.6793022,0.45974672,0.7114961,0.12499433,1.2353052,0.71113193,0.23910749,all_pothole_images\pothole_images_2_image_298.jpg
0.08966002,0.6470088,0.8783895,1.8551769,0.85840124,0.002788236,0.64634144,0.03276116,1.6337501,0.50267464,1.075946,0.36711818,1.3563051,0.0065010316,2.1461613,0.075614475,3.1624198,0.4287469,0.0,1.1523632,0.08011735,0.62932265,0.0,0.2647817,0.19329898,0.31379017,0.17068668,0.20585474,0.21006967,0.13015535,1.012317,1.1684164,0.2269762,3.7499878,2.8113678,0.28919047,0.567444,0.123862475,0.20334372,0.58707273,0.55272555,0.20059308,0.11752491,0.5058637,0.07743556,0.6751368,0.036813192,0.059962694,0.16998214,0.46678582,0.07264063,0.2697125,0.23887166,0.40630192,0.82843083,0.605124,0.9227883,0.70555365,0.116375506,0.8503316,0.06430732,0.17389424,0.31655928,1.5549098,0.63877434,0.3054675,1.9340415,1.2692413,0.7550883,0.8692223,1.031335,1.6194586,0.037875205,0.23600307,0.37549087,0.7265216,0.1663369,0.12692827,0.44605052,0.11081951,1.4041991,0.41195908,0.5944821,0.6816443,0.7112221,0.2031795,0.7356746,0.70935833,1.142999,0.033779737,0.395022,0.20705302,0.1659062,0.65497476,0.6438815,0.1666951,0.25541544,1.153389,1.2214984,0.062083434,0.85147476,0.13228036,1.0027927,1.2550061,0.4284799,1.7627994,0.37042344,0.09414546,0.026703391,0.009980956,0.311103,0.3372217,1.0313874,1.0355246,0.0,0.033682216,0.64705896,0.2937065,0.13561772,0.8626265,0.6584709,0.73985624,0.3352491,0.2879409,1.1748031,0.3064079,0.11150138,0.6571445,0.7718753,0.54299927,6.1774964,1.5319537,0.024359839,0.0076029426,2.7467182,0.10291969,0.44943088,0.0,0.5719518,0.31193954,0.5762392,0.90485084,1.7979819,0.74882174,0.55517614,0.2924333,0.0,0.70754087,0.32360122,0.111848935,0.79710627,0.53294533,0.057297222,0.100726515,0.6118908,0.28349462,1.7923325,0.5786664,2.8274505,0.32967407,0.7921155,1.1199672,0.043077625,0.6089364,0.37201574,1.5085055,0.39522582,0.7180715,1.3636088,0.6457444,0.4872892,0.21730869,0.7024616,0.14551671,0.9474191,2.6720977,0.6323927,0.021157658,0.11173102,0.86841893,0.06416363,0.25264105,0.42439193,3.3171997,0.17410456,0.86511356,0.9343573,0.076034,1.5586417,0.5567498,0.18650788,0.9096502,1.1570123,0.71185637,0.14498961,0.4189821,0.5347664,0.13158648,0.35191268,0.19765009,1.1762954,0.001149758,0.08618069,2.3499238,0.97445047,0.6858201,0.44524446,0.5161232,1.7720648,0.30872688,0.04541569,0.10685493,0.15988712,0.23815307,0.94269574,0.41725913,0.5225634,0.35315487,1.0461705,0.28592205,2.3116846,0.3561065,0.3271399,0.18485959,0.032821115,0.29288927,0.9282773,0.8600266,0.072784364,0.56002843,0.06995064,0.0031376109,0.29250708,1.6447521,0.014528883,1.8107783,0.7570998,0.11259622,0.14353809,0.39832383,0.97137636,0.35618517,0.53288525,0.21180275,0.05560871,1.5452094,2.3039355,0.03685061,0.17892426,1.0389472,0.5694342,0.74893326,0.21940148,2.367087,0.7226714,0.13038895,0.6795064,0.67588484,0.12264781,0.1318888,0.16814728,0.13381581,2.0627797,0.08227806,0.5941804,0.62068164,0.78269255,0.7478193,0.41871226,1.0015492,0.21450661,0.094459705,0.74514145,0.56634116,0.5533095,0.7388441,0.42285398,0.26010314,1.3181286,0.19989662,1.1483489,0.58832455,0.2956478,1.0750768,0.01580462,0.40818802,0.071018815,0.039232977,1.7127029,0.4011489,1.3333242,0.55263066,0.009415635,0.07110684,0.4463012,0.031222632,0.27908617,0.14715673,0.49138454,0.1711435,0.83094496,0.2253981,0.33165616,0.107359126,0.06670523,0.009162796,0.05242045,0.46332735,0.038416494,0.7977127,0.47068667,0.0,1.6724855,0.31052637,0.069118515,0.8932893,0.13072807,1.1678544,0.75931036,1.0330863,0.868242,0.18655485,0.6035394,1.4474835,0.23693056,0.06283599,0.06007029,0.085250914,0.48205853,0.06473484,0.020896299,0.5340259,0.023259172,0.06867137,0.66393465,1.1355186,0.23941238,0.04806045,0.9836716,1.1407689,0.83229375,0.15230766,0.3815155,0.5082204,0.08529839,0.006360344,0.74759024,1.5183998,0.9870812,0.0016026543,0.36324334,0.86599195,0.09236224,0.11120787,1.0503536,0.4794636,0.46907067,0.0034746712,0.07947692,0.11193377,0.32843888,0.010452836,0.7633262,0.37229392,0.4386962,0.15536752,0.5236643,1.3288577,0.16051246,0.18482769,0.36721513,0.21493356,1.6209964,0.0004208205,1.2537881,0.550394,0.9071834,0.3215721,0.6318684,0.66752154,0.3569241,0.08121777,0.8215961,0.26417893,0.6089635,0.18631318,0.49113798,1.1987408,0.7007343,0.8085501,0.5163938,0.18585192,0.009444095,0.05643328,0.58561146,2.0022135,1.2455593,0.82987064,0.29263952,0.6568236,0.030213676,0.14564502,0.04254996,0.7175246,0.08717483,1.3063548,2.2283175,0.2889736,0.07565887,1.7416357,0.65798837,1.2368847,1.923489,2.1537879,0.5245656,0.60097504,0.19654296,0.2005264,0.32441342,0.12415842,0.064438924,0.7238921,0.34147558,1.1434381,0.8773255,0.1513682,2.308075,0.74323803,0.07514696,0.5060872,1.482901,0.13475439,0.14551474,0.06842382,0.12749158,0.7970152,0.6707922,0.23678534,0.013766376,0.018765647,0.18811515,0.26518896,0.7139936,0.46573338,0.38896132,0.09958865,0.3345254,0.65657026,0.9004616,0.18793152,0.2263576,1.0115585,0.9101345,0.14666633,0.5842298,0.70547515,0.070679046,0.35441184,1.778125,0.10176745,0.39636293,0.3935606,0.31830698,0.66751146,1.4929107,0.41953903,0.6054107,0.29365513,0.9119942,1.065533,0.25282827,0.07895924,0.17082444,0.5961947,0.25598305,0.14183454,0.07480697,1.2531174,1.0949473,2.5019026,0.1606825,1.1273513,0.105911076,1.1702678,1.3427689,0.6845932,0.2158406,1.74867,0.35797366,0.17096564,0.63689065,0.8775498,0.9405231,0.45858237,0.0,0.5108314,0.039004058,2.6630855,0.036995403,1.0398113,0.21911317,0.047653127,0.049254674,0.090523556,0.04171637,1.7630605,0.5321625,0.026852628,1.9573174,0.27581793,0.22935392,0.42567152,all_pothole_images\pothole_images_2_image_299.jpg
0.7588893,0.6906963,0.34097937,1.0089746,0.3431586,0.24159358,0.5229164,1.059996,0.11088052,0.99606055,0.077883825,0.28694412,0.9621878,0.7538653,0.0,0.51712984,0.189227,0.8536709,0.47023636,0.23501384,0.70666844,1.3213412,0.22671127,0.8948649,0.59471357,0.44467047,1.0231738,0.7316267,0.028246831,0.028566107,0.17559955,0.39952102,0.7688473,0.7366303,0.24268967,0.9655808,0.36797503,2.2038403,0.0,1.0079548,0.08802006,0.0,0.19414115,1.3075154,0.09035387,0.8599598,0.5417575,0.0,0.9619715,0.9923155,1.3371854,0.24950302,0.53002274,0.3696587,0.27515715,1.9544711,1.964769,0.5889869,1.0021029,0.0,0.355945,0.50745946,0.4430153,0.05857483,0.4830183,3.6097455,0.94648504,0.0405997,2.440319,0.24045172,0.2379382,0.4912754,0.042988673,1.2455101,0.56969684,0.0,0.36680487,0.34889928,0.010432002,0.0080675185,0.03209717,0.0023827218,1.4297262,1.8110282,1.5219032,0.40393937,0.1154656,0.19479504,0.7716108,0.82984084,0.35862815,0.02443119,0.007818373,0.57066613,0.13017611,0.7673871,0.58793896,1.4569439,0.867346,0.21963347,0.0683274,2.6705692,0.48983654,0.30009085,0.26272738,0.726329,0.1352755,0.6119402,0.01122334,0.3170234,0.061202627,1.95515,0.08099275,0.58146864,0.20025782,0.022231732,2.8540525,0.44847202,4.26905,0.65148646,1.7137105,0.8135451,0.8205248,3.0553339,0.6721973,1.5759327,0.17533337,1.8964922,1.1504114,0.31248844,1.2473022,0.002692175,0.091794774,1.1048766,0.17028512,0.60244834,0.41550818,1.2849294,0.54702455,0.22318661,0.9442159,0.055541556,0.79405797,0.4041922,0.0176609,0.46943542,0.3724901,0.17865856,0.84659207,0.35301423,0.1321242,0.463028,0.33295953,0.053838942,1.3506846,1.1450037,1.533151,0.73628765,0.94074214,0.2814836,2.1741679,1.7666256,0.016588742,1.1900665,0.09125865,0.47070467,1.7312613,0.425788,0.8807944,1.0471196,0.010823155,0.40294144,0.10016371,0.34568116,0.60113466,0.59042495,0.12853472,0.07038478,0.2329692,0.13447462,0.41893354,3.716349,2.7004569,1.8365092,1.2612675,0.69605035,0.4250116,1.1259104,0.98695236,0.17152083,0.0860852,0.21203671,0.21667261,2.0964534,0.13180323,0.5885563,0.6782344,0.71122724,0.29372674,0.33824414,0.048972975,0.9571576,1.2618667,0.24437238,2.8864198,0.12562591,2.0836642,0.125983,0.9196623,1.0992012,0.16783863,0.09799923,0.88087016,0.542566,0.3239085,0.795719,1.1529875,0.25812826,0.075980894,0.03155314,0.1419374,1.2863812,1.2071594,0.2863023,0.059746996,0.46296683,0.75991476,1.3693779,0.4450304,0.2579183,0.012707222,0.18798183,0.7748478,0.3879603,0.03981929,0.0037708427,2.0248404,0.111262076,0.00014737781,0.21600075,0.30724123,0.10383117,0.18719082,1.2696059,0.36754256,0.10778548,0.44653046,0.15017241,0.3078019,2.6743248,2.5499103,0.3804263,0.32857266,0.0005794874,0.43401602,0.8901946,0.69001245,0.07152315,0.6200271,0.95321184,0.6252393,0.53504235,0.17368552,2.0148141,0.6271562,0.58882546,0.2871763,0.6093415,0.3340575,0.81824243,0.39358425,0.22908491,0.017776938,0.1793817,0.5918102,0.53841066,1.3239111,1.2836603,0.18700853,0.23690933,1.2305181,0.30100095,0.30554026,0.07586724,1.1590044,0.6841157,1.6861188,0.37234816,0.36346298,0.7333545,0.2744699,0.0,0.69077885,0.35620233,0.41589406,0.14520442,0.45216343,1.6794511,0.34046406,1.2369432,0.3603553,0.34466165,0.08835059,0.33990532,3.529787,0.7657619,0.09399786,0.24696244,0.026031617,0.13548611,1.5820717,1.0210795,3.7395837,1.2592828,0.21293946,0.22574516,0.009917408,0.40118185,2.0826235,0.00046271205,0.7825842,0.0,0.57589024,0.2224644,0.62187994,0.7678492,0.58814275,0.104507655,0.22996886,0.031088874,1.372583,0.5238141,0.0,0.003931736,0.052217394,0.6164131,0.39752242,0.010204931,0.7293699,0.29887477,0.1898734,0.4094747,2.0085795,0.050669037,0.20944643,0.3894661,0.06619417,0.04739212,0.04567123,0.6713057,1.153612,1.1275871,0.3372036,0.06605439,0.0,0.57309633,0.21383499,2.550446,0.80974764,1.2018167,0.66117996,0.16102013,0.34981412,0.07093058,0.024348425,1.3139119,2.1561193,0.18616368,0.6016802,0.24975942,1.9188911,0.5373117,0.77977407,0.18784535,1.3419186,0.68689454,0.10065895,0.025432643,0.80380106,0.9555807,0.69794726,0.017630395,0.6627261,0.32804248,2.2357783,1.9719845,1.348516,0.031044152,0.50621283,0.32360756,0.20217444,0.31251708,0.0065476904,0.17285348,0.10131013,0.12413099,0.94444203,1.2224844,0.98605067,0.23459087,3.6585534,0.5871497,1.2449163,0.6596486,0.3930149,0.092755444,0.14456268,0.5743658,0.0,0.13599223,0.8426108,0.26320326,0.17758346,0.26861435,0.0019180909,0.0659241,0.14442343,0.35626766,0.78757024,0.39530042,1.6691719,0.24572192,1.3870718,2.7215426,0.8243866,0.032125935,1.170132,0.51974416,0.00021565569,1.22095,0.36644515,1.1301067,1.8511888,0.1980954,0.38746807,1.6713701,0.31687626,0.68772197,0.25355995,0.89411914,0.42113596,0.43773428,0.51278585,0.60088956,0.6275889,0.24278605,0.62947696,0.29428568,0.8061404,0.28618616,0.56381416,1.2579728,0.26398736,0.91922045,0.49600387,0.9918457,0.078274466,0.22351412,0.8642825,1.2391781,0.54588914,0.6973077,1.1389285,0.51197606,0.54892176,0.7544933,0.16315825,0.05281724,3.0209649,0.1585046,0.074970976,1.2887563,0.2834441,0.6399143,0.22744331,0.0280908,0.09335955,2.2750752,0.032781344,0.039220866,0.23294443,4.744727,0.6327668,0.19847222,0.0,0.31502017,0.99109447,0.092247754,2.118722,0.2574817,0.484904,0.059379086,0.060944594,0.35907596,0.3686507,0.010443614,0.034370914,0.32471278,0.6684156,0.053083185,0.51759744,3.645223,1.3879117,0.62145126,0.6360594,0.15627457,0.16180846,0.12230392,0.70707107,0.13209178,0.6064106,0.114883706,all_pothole_images\pothole_images_2_image_3.jpg
1.5919151,0.39648655,0.0022498842,2.5364068,1.0926753,0.34544247,0.90820646,0.54436404,1.7646374,1.5054424,1.1624646,0.8782232,0.5145064,2.5269248,0.56680983,1.6803668,1.1633722,0.6241338,2.8914478,0.8235576,1.1989648,0.97090614,0.0043581435,0.54421484,0.74827325,1.1520214,0.22043683,4.197772,0.41874975,0.3144423,0.01374977,0.91086006,0.12343091,2.3475032,0.0064123003,1.6356446,0.03213805,0.32896328,1.5323011,0.236295,0.0,0.018677656,0.49532863,1.6607211,0.5440987,0.574139,0.86934483,0.12848704,0.592921,1.2762759,1.560172,0.056105204,0.3665135,0.1441949,0.36179253,1.8742896,1.807818,0.24657749,0.456958,0.13580516,1.2412208,0.71643686,0.53726524,0.17370276,0.74160796,2.1247416,1.1172558,0.7728837,0.37408948,0.1514278,0.87709576,0.039932154,1.2052184,0.29355583,2.058409,0.18221581,0.45848635,0.9090286,0.5566285,1.1019248,0.029142205,0.75581825,0.0,0.30737576,0.3340489,0.17970608,0.094636604,0.7097024,1.8182572,0.55046344,1.3056241,0.22116788,0.27972162,0.6374377,0.47689864,0.020709248,0.5476311,2.331691,0.41416836,1.6226233,0.0,3.061519,1.0213419,0.23720399,1.3695385,0.22084455,0.069329865,0.0579362,0.043011285,0.50021553,0.044483125,0.3873061,1.7372022,1.589419,1.1319436,0.44878265,0.110236205,0.31485632,1.7435224,2.4351475,3.0830748,0.40221697,0.004984522,0.6787802,1.4642689,0.7940255,1.8307389,2.1628253,1.0262817,0.057709187,0.120999016,0.2292118,0.049237937,0.9177861,0.6881302,0.459036,0.5862372,1.6730363,0.112007,0.61198896,0.043351285,0.04456306,0.19916804,0.32002568,1.425136,1.6326061,0.0011236699,2.302426,0.7433211,0.18580218,1.1144038,3.4397483,0.7743615,0.013838873,2.1683867,0.9032552,0.59301394,0.048620116,0.56797695,0.42404243,1.867916,0.44272628,0.08360431,0.7735667,0.27192017,1.8552403,0.20494439,0.21283016,1.2202058,3.912486,0.21498664,0.037919912,0.3575894,0.22728853,0.04473911,0.13159667,0.56194496,0.06861796,0.1318421,0.0,0.58237207,1.8872739,0.87431216,1.5418788,0.7168434,0.48253623,0.5984141,0.9102293,1.3822289,1.1326797,0.39336613,0.10805918,0.70614755,1.381432,0.13907759,1.1955919,3.3098137,0.0,0.9395389,0.12661822,0.3684728,2.711889,0.28607795,0.4870477,0.0093807755,0.17802477,1.9369553,0.027510868,0.18137583,0.9909241,0.13605298,3.1145762e-05,1.0676519,0.88319224,3.701853,4.454688,0.254668,0.5117729,1.1395118,0.28856736,0.36190632,0.49162215,1.378789,0.8164464,0.06535036,0.03969784,2.5490713,1.4668957,1.4105885,0.4778085,0.0,0.11698593,1.7730454,0.48828483,0.07285349,0.12788999,2.844856,0.38387913,0.039250407,0.045752402,0.17207193,0.33791202,0.3807465,0.6330216,0.11161944,0.0,1.2698401,0.30461672,0.5835861,3.541508,2.2740717,0.69760776,0.3345127,0.537029,1.2316332,0.8310944,0.7259884,1.6380684,0.0,4.3111253,0.77716064,0.07622705,2.466738,0.1961661,0.03388701,0.12173734,1.5227128,0.16350539,3.5938218,0.046336506,0.7189645,0.28971243,1.183666,0.41511518,0.029160066,1.0925692,0.23601052,0.6779145,0.8201956,2.6366072,0.041515242,0.4324807,1.486818,0.19660349,0.30435115,0.0,0.48638457,0.3162925,1.3660365,0.28070554,0.65870214,0.13693376,0.6686297,0.7577813,0.76080424,0.13008612,0.1359084,0.13884875,0.55094665,3.468208,0.33411935,0.34370294,0.17293018,0.9569624,5.910794,0.14192578,1.547637,0.6906304,1.3223357,0.054704685,1.4445442,2.3595564,1.2090033,0.7095393,0.11664249,1.0262624,0.0,1.3755814,4.1082764,0.2746819,0.8744759,0.029314833,1.0208931,0.05542464,1.0189328,2.3040776,0.25265405,0.05567999,0.4284761,0.020947043,0.73317933,0.017617006,0.50801265,0.084904395,0.04184105,0.20772152,3.2050383,1.4246203,1.0429931,2.7128704,0.5711224,0.09158063,2.4282625,1.2709445,0.8633962,0.33887443,0.60737514,0.38584614,0.036636017,0.2532085,0.7580204,0.43389875,0.5887459,0.47573063,0.63489115,0.29087666,0.03834381,1.3716809,0.76995265,1.7467912,0.55726767,1.2159842,0.36468646,0.82106,0.0,0.63269377,1.1981897,0.003446592,0.11067035,0.06667372,2.8822336,0.0062952684,1.4015032,0.06890946,0.014291832,0.3481742,0.1444077,0.08970713,0.83365935,0.14599344,1.6511598,0.36804414,0.14879581,0.058617737,3.6027713,2.5763204,0.95569736,0.08503119,0.6771936,1.6422236,0.8580725,0.052045956,1.8161486,0.21370173,0.032597564,0.06773059,1.2347374,0.5483298,1.9344974,0.0,1.4097453,1.8173485,1.5393083,0.45786095,0.11343842,1.0855526,0.56922257,0.53346306,0.52442247,0.31673527,1.8085853,1.5029882,0.5211017,0.5575032,0.0,1.0585268,0.6149236,0.23866472,0.6219228,0.73836666,1.69388,1.6666088,0.5244939,0.48627082,3.2632563,0.3362074,1.9432597,0.062374443,0.585863,0.8619505,0.38440162,0.80773497,1.768559,0.6201431,1.3897547,3.2655222,0.78698134,0.6530899,0.00091980165,0.33617756,2.127042,1.1114613,0.5228161,0.20626828,0.33777478,0.009023933,2.1535954,1.0988286,0.13688532,1.0167937,2.5033855,0.6228031,0.9239975,0.5758125,1.3100021,2.3592453,0.2570568,0.41521925,0.31333336,2.6189787,4.620858,0.120798595,0.76532197,0.010297856,1.7660544,0.18257576,0.6583193,0.0,1.5165895,3.682941,0.8561392,0.30405435,0.061392307,0.03066506,0.85643286,1.473528,0.35590175,2.7551947,0.71105987,0.19860746,0.94564444,3.239028,0.4885163,0.27932686,0.0065372703,0.0024982067,0.3700282,0.15549625,1.3244879,0.0,0.41554186,1.2876898,0.14123099,0.11350196,0.26415,0.030953664,0.1398129,0.35732767,0.3535467,0.065414816,0.41059202,6.9902954,0.15235642,2.27387,0.9597693,1.0293381,0.2828463,0.8515373,0.015888505,1.1586276,0.2528273,0.36102363,all_pothole_images\pothole_images_2_image_30.jpg
1.0648645,0.27799731,0.1354097,2.6158094,0.6310362,0.4199663,1.5703776,0.013783006,0.42534465,0.90710276,1.0187738,0.63245213,0.07077174,1.2460269,0.009390619,0.37960497,0.12835616,2.322818,1.4816314,0.21253757,0.8410301,0.07324209,1.1429023,1.9440532,1.1648625,0.04221508,0.00039139867,1.326767,0.057834994,0.012628952,0.03584156,0.2582287,0.070831716,0.7212167,0.21121378,1.9274999,0.21675704,0.28385875,0.6194928,0.2777792,0.0,0.5145714,0.5597888,0.9117313,0.36408606,0.6923549,1.086712,0.8927056,1.187079,0.7952767,0.6757523,1.161879,0.025610108,0.0075617717,1.0365033,0.77275604,1.349073,0.7362059,0.24139225,0.59224945,0.0037629039,0.26515996,0.08675389,0.1658403,1.5029558,1.1779683,1.1710919,0.07906308,0.54477084,0.007911871,0.11799298,0.17224997,0.705443,0.0,0.06206906,0.0,0.0065962556,0.59867996,0.06706737,0.0,0.008748533,1.2632339,0.22848028,0.17240177,0.38497066,0.0009838179,0.035960745,0.056406338,1.2539225,0.06039844,0.29028723,0.7242915,0.00052553497,0.04805219,0.51257956,0.0057266485,1.2223644,2.4297152,1.1893753,0.3097552,0.08595295,2.849613,0.92735094,0.057266038,1.242668,0.73910177,0.61245984,0.52012414,0.34801698,1.5909055,0.016446227,0.2545151,0.4176771,2.3159587,0.43100107,0.4288304,0.258971,0.1696862,3.047288,1.5051011,0.7423004,1.104712,0.13291372,1.1319422,0.18131913,0.61123854,0.017273454,1.2272865,0.16027407,0.030394087,0.23743649,0.5615092,0.24900103,0.3082412,0.06566092,0.63469666,0.008049219,0.07930843,0.17684777,0.0,0.82015914,0.037602335,0.11832927,0.49380624,0.07965502,0.2727046,0.06538135,1.6860087,0.05472869,0.34456158,0.21457933,0.782121,0.11375252,0.010807143,1.3429297,1.6772319,0.7207515,0.75154346,1.6386995,0.42849505,1.0896369,1.5836992,0.073905855,0.16757837,0.882465,0.18089175,0.106198095,0.024625491,1.1651804,2.293328,0.28704935,0.0037063074,0.103061594,0.16847187,0.46552673,0.3583543,0.032593414,0.0064806063,0.07697348,0.039637547,0.23957151,2.562348,0.5649238,2.480524,0.12680225,0.5175099,0.37933508,0.53160894,0.5057776,1.0256824,0.34196675,0.3229724,0.58693886,0.111841984,1.2616923,0.4228802,1.1321417,0.25871825,1.1560303,0.103515215,0.6792844,0.20093966,0.15166153,0.0,0.6775839,0.6092923,0.81528676,0.46399462,1.0759484,0.94215626,0.0,0.092536226,0.7910773,1.7210191,2.0760581,1.430361,0.6631409,0.29503712,0.12207252,0.33225048,0.12947273,0.4602715,0.15372892,0.042523254,0.004898551,0.087777235,0.56936634,0.30020982,1.9063082,0.46148774,0.63746274,0.06800131,2.0657241,0.6145639,1.3019986,0.3874776,1.126025,0.11262156,0.651784,0.07004582,0.52098054,0.02551969,0.6752401,0.055877786,0.119674794,6.7801244e-05,0.94871175,0.14249587,0.40497732,5.2326384,1.2442033,0.32892406,0.002084953,2.1982377,0.0,0.48954788,0.13473827,0.974941,0.5125282,2.3144631,0.9966085,0.1688117,0.41484964,0.6701902,0.034381043,0.011768606,2.2059057,0.1421215,4.039919,0.12725955,0.8449713,0.039970733,0.8289927,0.5520229,0.16601686,0.89134294,0.012128187,0.098984554,0.49479014,1.0336066,0.4297262,0.36630434,0.97521657,0.21931198,0.0,1.124319,0.087957986,0.87006235,0.34832808,0.20809582,0.24899039,0.05595924,0.0013070748,1.7413983,0.3725818,1.1570376,0.94072396,0.038468096,1.0217173,3.4127564,0.80355793,0.28150162,0.040397823,0.14089751,3.8921993,0.13662046,0.034199055,0.016534228,0.06786524,0.78200793,0.28659806,0.723748,0.29808018,1.0672023,1.5844587,0.0713283,0.0,1.4905721,5.4402833,0.47428137,1.0778005,0.0,0.9910525,0.029647753,0.5611602,0.8026439,0.03900671,0.15150942,0.22070333,0.015833605,0.13257878,0.060848188,1.288096,0.0115972515,0.008238018,0.005981039,3.1756983,0.3901286,0.576216,0.394933,0.16517012,0.038922776,2.894991,2.1252823,0.33677426,0.06424519,0.24290302,0.24014132,0.0,0.083147965,0.04448822,0.2086248,0.017772041,0.08449254,0.008273205,0.07181683,0.8869093,1.083213,0.6468685,1.4625561,0.51768255,0.56822634,0.98863095,0.04104077,0.0,0.1438638,0.07686028,0.0,1.0839106,0.694621,0.69774985,0.10774908,0.5436757,0.0,0.49565828,0.03669602,0.60063803,0.12617889,0.7479218,0.13986517,1.7470351,0.04938326,0.013810461,0.75354576,0.49203292,0.019659456,1.1028899,0.14715128,0.42964426,1.2741174,0.8157097,0.19777235,3.4749213e-05,0.07514789,0.0011732817,0.105941005,0.60326934,0.04475932,0.24204156,0.3096361,0.05631829,2.3430126,0.56640005,0.21058509,0.5835446,0.1335828,1.0239251,0.45137522,1.363179,0.44831276,0.11865362,0.14602135,0.13555518,1.0923351,0.0,0.32446656,1.0068957,0.83813846,1.269578,0.02644826,0.98001546,1.2615138,0.24029496,2.1964924,1.3126028,0.20424941,0.25893268,0.35651034,0.40415993,1.1305702,0.1849622,0.398743,0.19991687,0.95228714,1.8795731,0.7467578,0.49891755,0.24089447,0.76756656,0.24904254,0.30339432,0.08750656,0.0678511,0.30433083,0.19955859,0.041855447,0.21920577,0.05402748,0.043582294,0.8916737,3.1914573,0.76472574,0.8546825,0.09863561,0.7691531,0.5644129,0.1581405,0.019243194,0.008614226,1.2900447,2.7805026,0.73734677,1.6553082,0.09231583,1.0069115,0.0,0.127161,0.059324775,0.5492987,0.70649934,0.3719294,0.49881113,0.006729396,1.0740975,1.2706088,0.024528606,0.5368299,0.85288274,0.5499194,0.21198244,0.6031642,1.0867642,0.7494868,0.024374612,0.5730263,0.101827875,0.3322718,0.022539623,1.0916317,0.019254744,0.20006017,1.7305049,0.05577152,0.0405258,0.11879621,0.073005974,0.6975731,0.76154417,0.09974855,0.0033883716,1.2685883,2.8355362,0.21796481,0.045210175,0.17174575,1.9705049,0.6439587,0.4693646,0.65298057,1.762756,0.0034266387,0.061319217,all_pothole_images\pothole_images_2_image_300.jpg
0.8734455,1.6544684,0.7655994,1.3342382,1.151874,0.14049593,0.625976,0.13771118,0.89411455,0.9967164,0.2677577,0.37097654,0.7501775,0.080417775,0.9991866,0.4064767,0.3226966,0.46891955,0.6980728,0.27196032,0.2606341,1.7222714,0.4539728,0.46099895,1.3107728,1.5063558,0.23910436,2.7175648,0.24338166,1.1726238,0.68772715,0.307544,0.58651423,1.0942224,0.28302142,0.7391421,0.15664025,0.5778293,0.27262065,1.9270614,0.33173695,0.35007992,0.17091379,0.80472845,0.8895527,0.4879496,0.18861634,0.2535434,0.89301,0.77427775,0.6165731,0.37956423,0.5935978,0.59533435,0.27952567,1.3021266,0.08869562,0.08153774,1.060893,0.4064297,0.10387622,0.08251808,0.87872404,1.3612778,0.49835882,1.4110911,0.34167084,1.090112,0.72568446,0.8794988,0.64287794,0.5768512,0.7762834,0.18665831,0.17497216,1.0581148,0.52467525,0.087667,0.14767216,0.1794362,1.1955127,0.29320982,0.025731781,0.7942899,0.31692708,0.6095571,0.23235963,0.37634683,4.2008643,0.33080027,0.6157139,0.5917679,0.21611242,0.2950513,0.67558414,0.3055822,0.87493134,0.7988228,0.0857572,1.3354756,0.10766107,1.8312455,0.29620603,0.23848103,0.18523708,0.08078146,0.6666733,0.17250378,0.25225174,1.0076041,1.1909919,1.2942548,0.2044473,0.0564988,0.3492979,0.9087563,1.2362002,1.04796,0.5340782,1.487087,1.7689382,0.5099191,0.16940902,1.1479636,0.05587336,1.0527912,0.052898813,0.63511926,0.36390674,0.60909843,1.0125246,0.33067498,0.07056398,0.188583,0.42985663,0.8489732,0.34468305,0.09362664,1.1137625,0.60803616,0.44546783,0.1299331,0.41327316,1.3802713,0.8293323,1.3767986,0.4910651,0.4919916,0.23821007,1.7734269,1.1208925,0.79735655,0.5568864,0.37861136,1.3005413,1.0351542,0.84666973,0.46897078,1.1394988,1.3131853,0.9291462,0.64303714,0.09408306,0.48810482,0.35249102,0.10889424,0.09368739,0.26124972,1.5688118,1.3761739,0.88927037,0.24907723,0.25408354,0.06866073,1.299587,0.4537625,0.9947343,0.29739627,0.58887076,0.72497356,0.25121057,2.6219454,0.8486638,1.0324731,1.1942797,0.64302087,0.7951753,0.34092537,0.7394996,2.8452647,0.80479413,0.36427853,0.5347041,0.81644565,0.40918332,0.18438727,0.9938836,0.0967262,0.3465232,0.6640301,0.6408616,0.34359163,0.5863364,0.51181424,0.31199396,0.6567411,0.67967767,0.69525987,1.3632191,0.00025382213,0.34124312,0.12940769,1.5025027,1.4950892,0.45121095,0.56010866,0.97885007,0.060913123,1.3937187,1.3391215,1.354187,0.15689702,0.24521516,1.2058142,0.24714422,0.9631256,0.53763527,1.8474756,1.2177881,0.8729692,0.16310668,0.7712101,1.5796932,0.8853974,1.9966015,0.1463927,1.6108093,0.14093666,0.3245029,0.0,1.5263307,0.0451539,0.34913817,0.10041982,0.34222424,0.005919199,0.78019184,0.2048085,0.51253176,2.6467447,1.2685729,0.21933837,0.82576096,0.9480596,0.049976654,0.3266887,1.0238086,0.42356905,0.45972916,2.0779092,0.428608,0.6741357,1.036701,0.680337,0.29032674,2.227639,1.1241986,0.32966107,0.76739997,0.98981047,0.6860033,0.0680369,0.5598554,0.8453117,0.6929162,1.6833417,0.4913251,0.5829359,0.70018095,1.072104,0.08834034,0.6046056,0.4772651,0.76511955,1.5138575,0.8466737,0.45751074,1.720097,1.5291377,0.12752189,0.1715118,1.0843937,0.22306405,0.87560934,0.60614544,0.104349494,1.08304,1.6991366,0.71389264,0.49084947,0.43314648,0.104304925,0.25156105,0.45511004,1.8647149,0.31001446,0.101872995,0.83419263,0.78771085,1.1593337,0.288669,2.1123056,2.7277825,2.223956,1.0499165,0.48072457,0.43142107,0.800718,2.6380312,0.4189569,0.78669214,0.08277661,0.33926716,0.5754012,0.4181045,0.8636664,0.513042,0.5781955,1.3009942,0.74859744,2.8152165,0.21124566,0.21432446,0.6148217,0.5908105,0.5579736,0.8066811,0.54003495,0.39745525,0.27324286,1.2482573,0.0372147,1.6890535,0.22141841,0.74144995,0.25176257,0.47105604,0.6943007,0.73824525,0.6068639,0.1415666,0.99852705,0.25434047,0.15174912,0.43867126,0.2961404,0.8091605,1.4000409,0.806041,0.4685081,0.16928653,0.1526122,0.63314945,0.12721631,0.011785628,0.016143925,0.49237034,0.7230818,0.47335464,0.71661717,1.7889512,0.6246518,1.6114794,0.10330598,0.46748486,0.8798322,0.1923215,0.544761,0.52749336,0.20974027,1.2514797,0.17250851,0.99549127,1.4515742,3.5317466,2.4752607,1.943387,1.0815684,0.5761782,2.6340652,2.0844812,0.33710054,0.46398634,0.438572,0.68021345,0.023774456,0.9334433,0.7039068,0.3354524,0.3271813,2.9908385,0.19171686,0.13587776,0.5920295,0.7636191,0.43251014,0.2929044,0.5262358,0.63448864,0.028254794,0.9255547,0.33388364,0.4278748,0.31681168,0.15881658,0.47696623,1.233035,0.47124246,0.5797185,0.35634065,0.78641456,0.5823789,0.6031995,0.39630562,1.5768847,0.9677504,0.24622758,1.2690536,1.5879028,0.874616,0.30725822,0.1373343,0.40937918,1.5193,1.2427465,2.3758545,0.98291916,1.5911603,1.2609718,0.6231105,1.6972152,0.008537594,0.36833134,0.9162227,1.0158497,0.29106608,1.534421,1.112799,0.8783611,0.38866594,1.431246,1.0984389,0.69727945,0.3662384,1.224652,0.93300456,0.56236476,0.3379274,0.40589616,1.6359738,1.2056252,0.26597202,1.4055773,0.32919055,0.85506564,0.49885604,0.5010239,0.38991928,1.318799,1.746269,1.4578168,0.5067463,0.56833404,0.5757587,0.84870225,0.4068103,0.059351433,0.365881,1.2379646,0.4938263,0.62847465,2.655685,0.07979984,1.0338817,0.3369993,0.004168484,0.63017225,1.1991969,0.4919673,0.06674601,1.1025034,2.41555,0.051449705,0.49475506,0.6170061,0.054840222,0.0007562554,0.18081321,0.23666175,0.37060985,0.63001317,3.3826394,0.16392264,1.0189301,1.0731586,1.4582217,0.5422028,0.89502466,0.33151257,1.5096341,0.190117,0.43436727,all_pothole_images\pothole_images_2_image_301.jpg
0.12273911,0.6512529,0.031842668,2.694783,1.8533338,0.076359525,0.5978968,0.12311581,0.06892168,1.4803971,0.6539325,0.6931341,0.036081966,2.3027842,0.06658676,0.22321676,1.0067563,0.3925792,0.8541669,0.029500915,1.4331797,0.37383294,0.016925048,0.99469334,2.472347,0.49475232,1.2264304,3.3999116,0.57530373,0.017194763,0.26850647,0.060372464,1.0406117,0.5487668,0.26393402,1.7095444,0.780573,2.017532,0.93249744,0.4766095,0.0828296,0.46770558,0.48381314,0.599236,1.4617541,0.45801547,0.18648016,0.059046958,1.6193005,1.5526277,0.6958439,0.01383815,0.39376667,0.34792927,0.020953236,1.8256079,2.3091447,0.25702313,0.026389854,0.9385691,0.89789283,0.10484611,0.3905054,0.19380304,1.6937765,1.482925,1.0507019,0.05826748,0.19366916,0.86158496,0.31836298,0.2713062,0.43239835,0.050745632,1.161935,0.10525785,0.021078233,1.6049166,0.0586379,0.32241666,0.0,0.22224878,0.12728024,2.3755126,0.91332614,0.06823331,0.10723731,0.13221036,1.952528,0.05666285,0.3969771,1.5701029,0.017279927,0.24051622,0.16604258,0.0005745555,0.8867214,0.6629494,0.41655174,0.87742573,0.41452914,3.4325724,0.46127617,0.26489404,0.34331807,0.00061919226,1.8363563,0.32744262,0.08267025,0.292503,0.2876808,0.6327953,0.43499985,0.61916417,1.2284372,0.28219852,1.0335811,0.16742517,2.6027973,1.7736651,2.6601527,0.68427515,0.25185356,1.358585,1.8330576,1.3810753,0.9007851,0.28143173,1.6848732,0.43222722,0.41105404,0.012688673,0.059785105,0.39713013,0.3266753,0.84696704,0.42734495,0.22273053,0.060405146,0.0006451998,0.68611425,0.9817386,0.20916386,0.19104774,0.42690215,0.99488515,0.093776844,0.7759089,0.52432716,0.086940125,0.08339673,1.0676805,0.09964015,0.25529683,1.0772208,0.7547035,0.38959083,0.05713714,1.0731515,1.1366938,1.7053279,1.0777525,2.459673,0.691561,0.9128723,0.87536913,1.3013843,0.06724415,0.93665063,2.2784276,0.14277497,0.07656622,0.40142795,0.20151968,0.07165143,0.264044,0.6372416,0.15772687,0.085519284,0.18244587,0.21581307,1.9493843,1.1798073,0.6511636,1.7495484,0.21871747,0.5828324,1.0100753,0.28221884,0.96103215,0.009233153,0.25239307,0.34640238,1.0988821,0.31325167,0.2794437,0.3218687,0.33352247,0.66071826,0.5864619,0.6766001,0.6346502,0.43897903,0.3837295,0.35679832,0.0048397034,0.16675816,0.08308971,0.91677934,1.0805701,0.0089399535,0.003625906,2.2925465,0.11415978,2.4821062,2.6304743,1.1779231,0.09105276,0.089801244,0.8660174,0.8151993,0.48207948,1.1660825,0.29642406,0.0,0.07638747,1.0344006,1.4788435,0.4401407,1.4164296,0.12648636,0.035927426,0.8614452,0.5066009,0.35151908,0.008375529,1.856586,0.4921917,0.082050785,0.48912665,0.988599,0.010191869,0.6708329,0.29268694,0.9895493,0.0028586234,0.568811,0.2956168,0.11093955,5.9442067,0.4781936,0.6129861,0.25505203,0.024989303,0.003449575,0.4463514,0.37317353,1.1769667,0.17395814,3.1682744,1.1031104,0.48643196,0.3520739,0.1531545,0.775629,0.37841547,0.8655665,0.18785293,1.2046522,0.27788275,1.1498361,0.10833913,0.9332344,0.49971008,0.5531672,1.0357085,0.3322095,0.3173687,0.10411426,0.43740445,0.91836655,0.30297536,0.648451,0.1347232,0.9777894,0.9685103,1.0104725,0.58470213,1.8015513,0.6111908,0.17956781,0.0016254362,0.121315554,1.6768847,0.2658342,0.6979984,0.71223676,0.48014423,0.13402566,2.9336398,0.527353,0.39965096,0.20814405,0.0,4.4716473,0.7209997,0.25990626,0.22534612,0.049185567,0.7090806,0.56325066,1.5911214,1.7367738,1.8422521,0.7605515,0.5658559,0.021471335,0.9003498,2.3586748,0.24254368,0.06942699,0.08147257,0.34878355,1.7960883,2.3262513,0.7323501,0.377673,0.23523891,0.7211885,0.08366903,1.6282004,0.35097948,0.023819568,0.051858306,0.6199691,0.06980969,1.682098,1.1088787,1.321119,0.75687516,0.07893006,0.120168194,2.3251102,1.2330853,0.8211117,0.116466634,0.4057424,0.90297854,0.58750904,0.22609225,0.815876,1.2154461,0.3279526,0.24264838,0.07603991,0.08207706,0.2156024,0.8253433,2.8695621,0.40082183,0.03881799,0.046824727,1.1140779,0.35750985,0.070983164,0.1463742,1.9805132,0.991761,0.8091227,0.041749388,1.2137172,0.26956,0.29010624,1.2802371,0.12351834,0.960443,0.6639481,0.28393155,0.20653841,0.7909973,0.7354225,0.0031853109,0.68770826,0.67392075,2.1525953,0.37626973,1.264011,0.000587607,0.01865777,1.9409478,0.9166318,0.30472785,0.02779946,0.38170043,0.42513916,0.07424356,1.1993393,0.06810288,0.5781791,0.21467929,0.4944054,1.5624511,0.1831758,0.180706,0.3116819,0.44217455,0.2888174,0.18726842,0.9179589,0.074027665,0.11947845,0.043422148,0.0,0.91666275,0.01702375,0.68789476,1.3567741,0.29716533,0.69721997,0.27986547,3.4258325,0.5975941,0.3235324,1.2012898,2.5012176,0.15166159,0.648135,0.54623413,0.17066348,0.7799192,0.43183634,1.252416,1.42076,0.50668055,1.9701194,1.2582902,0.93908924,0.109720714,0.0038013195,0.40845925,1.8631096,0.46057606,0.4456372,0.2123084,0.35185158,0.17072342,1.3849663,0.1141665,0.3132239,1.266935,2.0417886,0.46060568,0.21643311,0.22663867,1.4115603,1.1100026,0.65251017,0.11139279,0.688519,0.72559124,1.9275421,0.5918909,1.0943011,0.023914665,0.50937146,0.3958359,0.5998125,0.002577872,0.6544197,0.7928384,0.087712936,0.44065922,0.3439509,0.11698071,1.5707755,0.09363191,0.5889604,0.65380704,0.8687162,0.2491965,0.17594601,1.5643079,0.99496186,0.4364431,1.0442792,0.28075305,0.7005775,0.005477289,0.14112796,0.1508884,0.5359217,2.1530962,0.20509961,0.13514017,0.10538041,0.3850226,0.5668997,0.56456196,1.414906,0.28229278,0.1951539,3.9496267,0.5453614,0.59224933,0.23289461,0.31909513,0.45760936,1.1348052,0.40423185,0.33423734,0.7203978,0.08544257,all_pothole_images\pothole_images_2_image_302.jpg
0.24240929,1.6396604,0.8260395,1.6620483,1.0810524,0.21283615,0.64745945,1.2531703,0.0027370313,1.7923914,0.19141267,0.6900813,0.1695235,2.7297928,0.04112913,0.1755765,1.2489463,0.36492905,2.462685,1.4104321,1.598582,1.319416,0.073314875,1.2073017,0.9328314,0.18377267,0.12876357,1.5822352,0.38308793,0.6163775,0.62761813,0.259029,0.87999,0.1147776,0.19100691,2.0568206,1.4915726,1.5991085,0.43366817,1.1271446,0.33033362,0.40117598,0.24269873,0.8397302,0.5639771,0.8534399,0.21355113,0.03544464,0.9470452,1.3674097,1.6431999,0.67680466,0.6273745,0.8252399,1.6608568,1.4570154,1.7209228,0.7259077,0.25851217,0.72168094,1.8100007,0.8520203,1.8643551,0.28872165,0.24819279,1.2448065,0.42718992,0.60354954,1.7248058,0.29936573,1.0256945,0.43670166,0.5903166,0.21479602,1.5280609,0.056705434,0.20450561,1.0175099,0.06477958,0.07195525,0.32323384,0.75875443,0.25699416,1.9138727,1.4265081,0.43445548,0.53043604,0.36772892,2.7300985,0.56869185,0.30455855,0.21491751,0.5051586,1.9174848,0.42598388,0.026788445,1.1228832,1.0463582,1.1989523,1.7095281,0.13807277,3.5988986,0.28633803,0.9928969,0.40798467,0.7882086,0.26320693,0.14263757,0.43204364,0.57955724,0.29434675,1.0692565,0.35893553,0.58094317,1.2738167,0.054559104,1.6066157,0.58045924,2.2739189,1.5616025,1.2504338,2.0867386,1.2963586,2.029163,1.371135,0.7110404,1.5039268,1.1740292,0.8752781,0.9183133,1.5743535,0.19067717,0.6823912,1.1331685,0.87698674,1.0183622,0.01577533,0.98030734,1.0320774,0.7193426,0.8945906,1.3703537,0.772318,1.0375118,0.16621597,0.36475295,1.0559902,0.2963879,0.6318321,0.9985062,0.10947633,1.0841956,0.4778448,0.075066134,1.3330162,0.61972755,0.33589685,0.2640782,0.35498047,1.5829107,3.4767137,1.346999,0.8720379,1.0305427,0.8391632,0.42010692,0.7636742,1.1388165,1.9986762,1.539711,0.71134955,0.16713504,0.86648417,0.65066326,0.20773649,0.062094036,0.65117115,0.023112966,0.2274435,0.17527628,0.76229155,2.83872,1.4116808,0.82622105,0.79768914,1.4692364,0.71226376,1.011457,0.77344185,0.78722686,0.17816009,0.8653966,0.8688015,1.5615041,0.031118305,0.71349216,0.4387805,0.57874525,0.38744086,1.1397382,0.8483761,0.6811699,1.489439,0.5421675,1.1171016,0.38294113,0.63785225,0.11617163,0.041372016,0.5638957,0.3528056,0.5468656,1.5460526,1.7082008,2.0538137,0.51432246,0.5810867,0.089634076,0.6966453,0.771977,0.6038053,0.17655407,1.1804278,0.020306926,0.07488014,0.26308167,0.65114224,0.36495718,0.4166386,0.4653955,1.1304015,0.46482396,0.71320987,0.6017944,0.5871083,0.46691298,0.63781124,0.6918762,0.06442853,0.005237476,0.11647415,0.21690483,0.10921762,1.5393535,0.09324078,0.07178692,0.43909073,0.1715683,0.32136256,3.6793807,2.0076215,0.13783085,0.8775776,0.42255536,0.12110598,2.0688164,0.5349773,0.637501,1.8178723,1.3443111,0.92651165,1.041062,1.0506045,0.1600324,0.44508517,0.85476977,0.42179182,0.6576802,0.3523387,1.6264963,0.58972204,0.50125456,0.9000212,0.581088,0.05814019,0.17524028,1.1091872,1.715275,0.4388919,0.3450155,0.4082222,0.4375012,0.44556046,0.24454118,1.2120262,0.21422067,1.1185212,1.3914965,0.6308873,0.07840367,0.54801404,0.073100835,0.0,0.43164474,0.96907437,1.1828665,1.7508682,0.84945655,0.17758743,2.0757327,0.08515487,0.023925968,0.104449406,0.16937014,1.3514149,0.57187897,0.44380468,0.7041204,0.41940954,0.11205541,2.7781994,1.159053,2.1757114,1.7497864,0.4158379,0.6476111,0.0029466073,0.5655775,1.4492358,0.55576324,0.4037009,0.61538106,0.3795686,0.8569037,1.7687384,0.42236748,0.27647868,0.4705287,1.2752138,1.6912166,0.4445786,1.1201799,0.54562783,0.21187389,0.81757885,0.5080417,1.3882166,0.91175675,0.66005677,0.52961713,0.8584385,0.30833128,1.5761477,0.22841656,2.4014688,1.1952192,0.08289733,0.3221742,1.1891298,1.4685613,1.1096928,0.7180489,0.1397008,1.0865908,0.215054,0.6012421,0.94107544,1.4584438,1.5121162,1.5538158,0.44934073,0.22296222,1.0194097,1.1913033,0.051819123,0.10505587,0.6909776,0.33509424,0.48737794,0.8195519,1.3851359,0.5730784,0.81528527,0.8472797,0.5365693,0.3137729,0.5614251,0.3572823,1.1720891,1.1731105,0.3730306,0.064699255,0.4618381,1.0311846,2.8409119,1.0308863,1.3925109,0.963617,1.1031164,3.0838912,0.93595046,0.12715377,0.6809032,1.7687266,0.058681034,0.5504633,0.9170709,0.90748096,0.52246827,0.41268057,1.7272543,0.86021554,0.80107045,1.2959417,0.4587639,0.17700014,0.7018831,0.31111974,0.4856509,0.04869147,0.6720056,0.6029559,0.1722479,0.6888154,0.036670763,0.15415205,2.0378957,0.62175196,0.52134943,0.6606917,1.163278,1.0703956,1.6142025,1.5808622,1.7642106,0.2727758,0.49321163,1.289918,0.49725464,1.0973161,0.4915481,0.30009264,0.6060258,0.4349153,2.4346282,2.5212893,0.6078492,0.28585622,1.2377098,0.3679727,0.850871,0.22340408,0.54305136,0.19169942,0.82256544,1.0751388,2.7234397,0.45539746,1.0360582,1.6560969,0.22309718,1.104095,1.659111,0.17868716,0.5551647,1.5922643,1.3205988,0.59216267,0.98772115,0.8717466,0.5030159,0.58232385,1.3712271,0.45553854,1.7397411,0.9912425,0.67284125,0.13769849,0.6562203,1.3954338,0.89258325,0.90434086,0.6011264,0.6485546,0.9064904,0.5699052,0.41277015,1.3275473,0.7961969,0.30991122,1.1782768,1.0986015,1.3792849,0.5053531,0.8824459,0.14392954,0.4592006,0.12101095,0.6789669,0.0674972,0.97843504,3.2518427,0.52381265,0.40548223,0.37225774,0.47026396,0.79197943,0.55693495,0.6855414,0.05974008,0.615985,2.4966476,0.88142663,1.267712,0.61478776,0.06262036,0.1902551,0.68236005,0.905258,0.10665539,0.38243142,0.027872192,all_pothole_images\pothole_images_2_image_303.jpg
0.06435045,2.1090717,0.51707536,0.038328726,1.4021226,0.7293017,0.24087976,0.31674996,0.16872376,1.3728129,1.5907214,0.052234046,0.4119488,0.9471429,0.20449015,1.6936551,3.4625807,0.44760847,0.4430088,2.5976636,1.0921397,0.4064733,0.87605727,1.5959864,0.77278006,0.652787,0.35856798,1.954711,0.03455355,0.88737893,1.6191957,0.46705616,0.801989,1.3203969,0.2856657,0.39354926,0.48297483,0.023862176,0.53008384,0.382754,2.4568753,1.5010636,0.00928492,0.52228653,3.6639454,0.039856322,1.319254,0.19094945,1.7513251,1.05987,1.142676,0.9465499,0.26172745,0.9128796,1.8898542,0.16430525,0.25008854,0.013465508,1.9715573,3.862915,0.8477342,0.75923365,0.965197,0.9389011,1.0151404,1.0127616,1.5219402,0.5500594,1.0435665,1.244911,0.11816552,2.704576,0.99847424,0.45235878,1.0286803,0.058409553,1.0805441,0.64302444,2.2367535,0.07956905,1.2758077,0.47904313,0.8917189,3.4609654,0.10788797,0.24182709,0.3442363,0.3322785,2.7552786,1.5315557,1.0118791,0.45351556,1.9893057,2.8928084,0.8430112,0.86512274,0.22401431,3.3837137,0.74179924,0.8720212,0.5061901,2.034294,0.87927896,0.5643607,0.94191206,1.5873944,2.2974243,0.18391451,1.0263246,0.052103724,3.1581295,0.8786758,0.7456029,1.0376611,0.16235703,1.6404694,0.44397175,0.77496463,1.5776769,1.0590684,1.8693508,1.6695368,1.8767956,0.13497101,2.787365,0.31625214,0.041996095,1.2813737,0.72442156,0.38086474,1.5437359,0.438282,2.307767,0.97611284,0.41782928,1.903885,0.1853561,0.331694,1.6701788,0.51934516,1.183604,1.945684,0.5659151,1.2054912,1.258974,0.57851017,0.4288128,0.31836236,3.226337,1.9316179,0.29392242,3.1025403,0.5163282,0.08727856,0.66875637,0.048715606,0.6253867,1.1169542,0.37106112,0.2949534,1.9904554,1.8157654,1.1247464,4.6761217,0.2942244,0.47571233,0.53281987,0.33145294,0.7790345,0.5176362,1.5320615,0.8840234,0.8212057,0.5177423,0.06542626,0.43497473,0.8123343,0.13194248,0.8832029,0.8164794,0.8162267,0.6543269,1.7692955,1.043741,2.8487604,0.02570068,0.8441889,1.3157634,0.95302725,0.76947534,2.358724,4.0082893,2.4889207,1.1952025,0.15838677,0.8463369,2.096323,0.6608198,1.7237022,0.43031177,0.10029545,1.8318899,0.79094523,0.11453239,1.5887218,1.0693268,0.0,0.6295775,0.3220495,0.41590422,0.65029997,0.37469268,1.935009,1.0772594,1.059728,0.3287224,1.2738744,0.4695388,0.4275391,1.2036344,1.7348453,1.0654385,1.280981,1.118047,1.8262883,0.25810507,1.6233373,0.38546756,0.010123176,0.08130539,1.2214987,0.56057864,4.1612563,0.56611013,0.68353957,2.5028594,0.1049517,0.451666,0.02313371,1.933605,2.4054894,0.41304195,0.25239885,0.51821744,0.03786518,0.4968239,1.5868955,0.22017196,0.55027074,0.08755147,0.48318267,0.44825184,1.5560253,0.60121244,0.28332585,0.6141151,0.42450517,2.037147,0.40486106,0.30933902,0.7869349,0.53756213,0.34984386,0.5521555,0.08652926,0.45399505,0.16608845,1.3552705,0.093131416,2.3772743,2.0723035,0.90903956,2.3768182,1.3136506,0.45353955,1.684172,2.1275294,1.9930183,0.5096162,0.17397429,1.8149588,1.3084358,1.6971301,1.1118351,1.334552,0.67501557,0.38780618,1.9655117,1.0670245,0.47848338,0.71341556,1.318958,0.6787095,0.51014584,0.18413094,0.7831839,1.1637975,1.4804775,0.41363835,0.021831172,0.6620397,0.16903657,1.2166635,0.9119938,0.7451678,0.027334556,0.88918537,2.1209288,0.7377776,0.3087965,1.2634891,0.12968601,3.8491511,0.16155474,0.5447854,0.192559,1.5455579,1.2707316,0.2449776,0.94240534,0.943587,0.8703126,0.53092635,1.0911608,1.5993409,1.0309497,0.061325114,1.5499793,1.4966254,1.1799487,1.6130147,1.3071642,1.029118,2.5675104,1.2165686,0.0,0.35007912,0.01524315,1.0566341,0.35463312,0.7008263,1.137549,0.0,0.3167682,1.6478832,0.24748689,1.3801665,0.41866416,0.48364842,0.7097819,0.6031944,0.71732485,0.87890804,0.64267266,0.28345475,1.899436,0.2793776,0.23963542,0.43589002,0.6572267,0.026307436,0.64298046,0.24518447,0.056334883,0.057567284,2.1379843,1.5032965,4.0474916,0.13495639,0.13855566,0.9084091,1.683779,0.3101341,2.4931395,1.3861018,1.8160187,0.6125828,1.0946822,0.3976582,1.6161371,0.4944886,0.44272515,0.009239021,1.0625066,0.2800537,0.18879254,2.1465995,2.4826784,1.035134,0.1950363,0.6983455,1.560947,3.61573,0.48507658,0.21834071,1.4476651,1.4164308,0.93391085,0.35624442,0.22446005,2.1730957,1.2472539,0.575091,0.6948175,0.358531,0.06687264,0.6659478,0.47728914,0.107866354,2.6604593,0.4257846,1.4477931,2.2018657,0.4881619,0.9157487,0.38056743,1.2832181,0.39621085,1.3219253,0.48828685,0.33746374,1.1617087,0.13520387,0.53927547,1.3305514,0.20798765,0.17914951,2.6614532,0.007420189,0.80096143,4.7056975,0.2534493,1.4412893,0.14896986,0.5485452,0.34524348,0.68767416,1.1921554,0.67411774,2.0567398,0.57881784,1.0891806,0.1655099,2.269016,0.25865075,2.0219023,1.82485,1.3564081,0.7868195,1.035558,0.57896173,0.5234123,2.0905602,0.45374286,3.0239975,1.0911483,0.26550773,0.28822097,0.35894775,0.96344936,1.3310552,0.46721348,1.446378,1.1091726,1.3835349,0.5456269,1.8212197,0.35665515,0.6876472,0.5220832,3.7813776,1.9374685,0.46569014,0.75427204,1.9123952,2.1914759,0.2367899,0.26273885,0.5809911,1.0688957,0.9945535,1.0903307,1.6503016,0.5168614,0.090843104,0.1496655,0.34403494,0.660921,0.6295229,0.28929704,0.81748337,0.65379626,0.9741863,0.71099854,0.004597015,0.9865531,2.770446,0.9467485,0.392931,1.3903606,0.32806963,0.19193181,0.2892358,1.4779073,0.6473764,0.0038025836,0.08018372,2.308535,1.9843374,0.6041747,0.2719261,0.81649196,all_pothole_images\pothole_images_2_image_304.jpg
0.6907535,0.21573651,0.01062987,2.2827954,0.06626068,0.23282205,1.1217222,0.20143804,0.0037376357,0.40043032,0.28138736,0.19662552,0.029830743,2.5882263,0.017366884,0.1622487,0.009589549,1.4357477,0.7969768,0.02557591,1.6891437,0.099449836,0.15589137,0.42143974,1.6530752,1.2510037,1.0735054,2.2892723,0.08439558,0.0033923697,0.3347275,1.116891,0.0,1.263612,0.5722498,1.380536,0.3267635,0.6470483,1.3699235,0.05232884,0.06344191,0.5751237,1.1807175,0.24545926,1.3687385,0.94045395,0.27522928,0.14554265,2.136237,0.49448034,1.7010942,0.103252195,0.74076647,0.41039804,0.16028918,1.2116151,0.42715445,0.4294346,0.7968841,1.1129577,1.0957826,0.5544244,0.007733892,0.315162,2.125719,1.6255943,0.45291716,0.93770003,1.0566108,0.004164861,0.6191412,0.81751823,0.3400468,0.21964756,1.8359146,0.18745025,0.6412,1.4584951,0.53637874,0.4979195,0.0,0.624166,0.89960796,1.53932,0.04734961,0.005787946,0.32854795,0.017120445,2.199581,0.90288264,0.18049997,0.7352247,0.48970217,0.5773206,0.6038384,0.0,1.3665141,0.56005245,1.1227925,1.167522,0.31424215,1.6358411,0.66509473,0.34230018,1.4992828,0.0047736843,1.3181418,2.2075765,0.111669496,0.38068086,0.70654714,0.44896513,0.34446195,0.524439,0.75869936,0.1601171,0.022754861,0.25398386,1.771194,1.5212512,0.30287465,0.03597579,0.542653,1.1433903,2.342448,0.44909316,0.991106,0.002288993,0.5061841,0.70487374,0.069240525,0.4219319,0.41431645,0.004192962,0.90640163,0.9901766,0.5624031,1.210923,1.381759,0.0,0.2105832,3.1993463,1.2389503,0.8383113,0.0524588,0.56581014,0.06798955,0.013902608,0.6951548,0.041369293,0.12665483,0.5570015,0.25240374,0.17618848,1.1998378,1.178775,0.81052524,0.2572637,0.87518233,0.78634197,0.73020184,1.5680339,0.32494318,0.9161665,1.0430909,1.1223831,0.50112176,0.025385525,1.0285939,2.5811837,0.105400465,0.0012129588,0.08557711,0.07230278,0.30625057,0.17487171,0.36371183,0.030296288,0.7736242,0.14312235,1.1414627,4.0310163,0.43261516,2.1985788,3.3545637,0.6319113,0.6669903,0.78775316,0.1222604,0.6272735,0.11215375,2.6915052,0.2356304,0.33849117,0.36775798,0.54860103,2.9691885,1.046018,2.6372492,0.87836975,1.0698272,0.16016461,0.0023006771,1.3546566,0.24719602,0.09520629,0.31731388,0.19024178,2.2522795,0.39181837,0.0,0.0034744304,0.43923315,0.14951967,3.0095274,3.5695183,0.034719903,0.0,0.2725907,0.9843527,0.9530258,0.09352865,1.1621512,0.0970342,0.0,0.31253815,0.66604984,0.037181683,3.2200224,0.9015845,1.409278,0.0,1.389414,0.3973858,1.1157854,0.6772307,1.5696365,0.0,0.35385934,1.954818,0.6184327,0.20278609,0.04586504,0.41908276,0.6109361,0.016722044,2.057407,1.7656555,0.6676462,7.876044,0.43125635,0.9095714,0.13028297,0.48165005,0.11986201,0.33064154,0.829949,1.4362555,1.0718473,4.974927,1.6360352,0.91888815,0.6917231,0.11753429,0.80235624,0.16061883,2.2392256,0.09305619,0.7050192,1.496691,1.103852,7.60599e-05,1.6632556,0.8315283,1.0893452,0.4230759,0.0,0.047025423,0.6596799,0.420748,0.57001936,0.39962745,0.19469123,0.24633808,0.018888246,1.2958897,0.27961263,2.0181966,2.6243103,1.4604545,0.1553962,0.54183304,0.041361827,0.06305521,0.12503777,1.2909107,0.071940936,0.05697143,0.30793157,3.9847963,1.8742214,1.0082179,0.2768386,0.0,5.2088594,1.8275223,0.52174336,0.0,1.1398605,0.34955674,0.25642037,0.028152883,1.8163594,4.09204,0.9199322,0.53211904,0.07352796,1.8708956,6.197006,2.3517613,0.11472388,0.029784046,0.96227014,1.3124794,1.5225624,1.5530001,0.6629735,0.061485466,0.6087259,0.67548275,2.8454962,0.4725942,0.0,0.5915276,1.5998701,0.26625574,3.6420667,0.9553874,0.47865385,1.3069986,0.33813834,0.0,3.6818564,2.5449655,1.3905368,0.4456808,1.552615,1.1649427,0.60079443,0.39718202,0.0020285193,0.6064918,0.5300149,0.4155262,0.017715577,2.1528518,0.124552295,0.7749113,0.9618223,2.817078,1.5702908,0.16657066,0.09447519,0.14521697,0.23767748,0.010272325,0.10082751,1.015505,0.13462031,0.47823194,0.09264609,0.52598554,0.15633065,0.052936304,0.14653218,0.86716616,0.044283774,0.15838829,2.2602184,0.0738104,2.5836616,0.23463866,0.46197882,0.69439983,2.209412,0.18820845,2.0024698,0.66623634,0.3209728,2.076744,1.6267644,1.0993614,0.21211842,1.0420321,0.041028976,0.54138124,0.7907328,0.23285283,0.38611305,0.14725342,0.30403203,0.87497467,1.8633469,0.15665668,0.7414505,0.009300716,0.0037520977,0.77094656,1.6040366,0.3086542,0.060176287,0.0,0.0,1.081109,0.76355296,1.1613942,0.060804345,1.9784125,1.5136632,0.24249843,3.2159088,0.3975726,0.6378985,0.11152628,1.2856394,0.4130422,0.12519832,0.3847832,1.1515558,1.2264618,0.43380728,0.85330784,1.4146893,0.15995082,2.190926,0.51511633,0.89503384,0.90667087,1.3385147,0.056187812,0.7981478,1.7391201,0.34858778,0.14146836,0.023333091,0.055502754,0.6623309,0.8593534,0.28178403,0.9232011,1.3123387,0.55243844,1.0728667,0.19488506,0.9262103,0.1127122,0.81489396,0.31004667,0.18783149,0.7701933,2.8478537,0.30474007,0.54517007,0.0863894,0.74328434,0.4924083,0.0,0.013638044,1.4036742,0.40100542,0.65308815,0.90149486,0.19073252,0.62770313,1.7790178,0.010531172,2.0315819,0.86095357,0.040109523,0.022277653,0.008918012,0.5309817,2.5012777,0.18721682,0.15433602,0.2880612,0.016066793,0.014463814,1.9687998,0.0,0.09526056,1.8146753,0.95926774,0.26839843,0.008345326,0.1107169,0.3000539,0.4905765,0.09727224,1.2787603,0.8021665,3.4766865,1.3885759,0.4324214,0.1631463,0.9036781,0.8699257,0.30087838,1.0200263,0.19368029,0.022220425,0.45530534,all_pothole_images\pothole_images_2_image_305.jpg
0.24066718,1.7645915,0.35955048,0.24196398,0.063962124,0.14630622,0.91252404,0.52222073,1.2696632,0.07834732,0.83979017,0.9087921,0.7777112,0.19363937,0.028686445,0.0827557,2.396516,0.19480012,0.09415965,0.29585043,0.12565944,4.1610284,0.37332758,1.6205658,0.4087906,0.5064616,0.020337394,0.6999896,0.6671624,2.259527,0.97631943,0.037702844,0.32815808,0.18188433,1.3111582,0.782103,0.8402202,1.3675901,1.3708694,0.4209551,0.85673714,0.2023714,0.21517521,0.3515761,0.6003255,0.17086363,0.029380003,0.021533681,0.29637071,0.05139144,1.4200281,0.26507375,0.26017874,1.5424378,0.70139384,1.0893661,0.67167217,0.31463045,0.7990616,0.89685243,0.18873557,1.7306372,1.6988167,0.17358132,0.6786757,0.88351065,2.7180045,0.64661837,1.6800109,1.3885661,0.04794583,1.6831381,0.0,0.22209938,0.6526915,1.374013,0.86297834,1.221303,0.19351317,0.5993014,0.762451,0.30387324,0.14887238,1.941005,0.28576332,0.7652817,1.6126659,0.11013483,3.50183,0.95953023,1.4361811,0.18225537,0.61362964,1.4285483,0.39376247,0.16879988,1.149635,0.94748545,0.3998972,1.1118896,0.5619647,0.21479258,0.6830717,1.1019503,0.18237324,1.3133175,0.020540088,0.22632417,0.18747863,1.2651289,0.8873273,3.2769575,1.1073725,0.6352036,0.04370766,0.015342633,4.527197,1.1349567,1.3859525,0.5286512,1.4149765,1.6326865,1.3656424,0.0065163383,0.029819062,0.77232105,0.23837095,0.31680045,0.67488706,0.37682906,2.2596762,0.5984376,2.483158,1.3131508,1.9600294,0.56727195,0.23348512,0.36301857,1.5838109,1.3113883,0.5694489,0.67033845,0.85752136,0.72859883,0.04884084,0.5909826,0.5714195,0.112875335,1.8619019,1.2490948,0.42095962,1.0104856,0.028436339,0.9703034,1.4027461,0.39331642,0.37604287,0.5763061,0.20205359,0.22105849,0.8542244,0.29424664,0.4892374,2.0077095,0.31100997,0.016948152,0.8779855,0.3992708,1.0067616,0.17947178,0.049134072,0.24114542,0.91448957,0.039125606,0.52757055,0.50569445,0.49585298,0.058942497,0.39824805,0.60003644,0.14211898,0.17012459,1.1341834,1.4076834,2.1210341,0.08454636,0.74912703,0.9261798,0.47805458,1.8408562,0.072384946,0.6500956,0.43799725,3.391548,0.20117317,0.3267578,0.11841293,0.7659429,0.4020165,1.5784849,0.07701064,0.65814996,0.76451266,0.1675513,3.8683116,0.7413654,0.2104817,0.29861444,2.4046223,0.61903363,1.0733926,0.2989821,2.2475915,0.95438015,0.3466872,0.15336153,0.2937036,0.19830318,2.7406373,0.26745012,1.7362599,0.40701407,0.35190332,0.1773878,1.5923153,0.3571212,3.1090991,0.03349864,1.3599026,0.053008895,0.14741123,1.4130127,0.5245971,1.9308269,0.18158941,2.4658022,0.13649462,0.001293099,0.25641522,0.12952502,0.046373874,0.39423782,0.14154504,0.080933265,0.6299607,0.34360313,2.4718595,0.3043865,1.391177,1.6796137,1.756514,1.3062629,0.5798656,1.8043184,0.83887047,0.004937047,0.77577746,0.7446167,0.92850494,0.05109643,0.6106143,1.0247141,0.8520874,0.38263315,0.23699684,0.08410209,0.30917543,0.5072247,2.6118865,1.009788,1.6336585,0.13476524,0.012709742,0.58987767,0.04895572,0.8876942,1.1954411,1.4239464,0.08166488,0.15397333,0.06785577,0.052411016,0.22783121,2.0213125,2.2612875,0.3092538,0.6403425,0.69331443,1.6264228,0.27417317,0.9184531,0.10759759,0.07409275,1.1361943,1.4154121,0.5484574,0.75666106,0.8707932,0.3662518,0.1381063,0.036649495,0.2447077,0.13141568,0.6777537,2.8213694,0.08794814,0.0066199163,0.36770698,0.17702658,0.2596639,0.1162688,0.19622701,2.322049,0.6189463,0.065009005,0.4071893,0.32247838,0.68909436,0.35886782,0.9828876,0.035226732,1.116865,0.07233702,0.6110353,0.6096492,1.1378107,0.70464504,0.20115699,1.8980358,0.61102146,2.073612,0.07699555,0.31150335,0.09608686,1.2079754,0.33658662,0.61494863,0.5731456,0.42887807,0.062305994,1.8881125,1.0785105,1.1451764,0.20803104,1.1129397,0.856757,0.06911235,0.38698858,0.63654196,0.72570425,0.1844663,0.92721885,0.0055230954,1.8309475,0.25238943,0.12992632,0.21564417,0.18802173,1.1846597,0.9046017,0.016317986,0.049493827,0.110582955,0.86008006,0.49438223,0.68135244,1.511066,0.40678456,0.12533186,0.043089435,2.7392526,0.3971292,1.3179154,0.21221688,3.1105623,1.330752,0.09223796,0.06767148,0.502882,0.65780216,0.3065088,0.96414727,1.036103,1.2946799,4.576548,0.10581676,0.5517251,1.4791903,0.76457316,4.531666,0.6941839,0.10482286,0.0060693948,0.678665,0.99613786,3.348315,1.4838151,1.9119108,0.8688339,0.532443,5.641589,1.0801468,0.0028179223,0.609295,0.40653864,0.6256127,1.0995805,1.0614966,0.01372649,1.3026439,0.07802942,0.5671321,1.4858345,3.7071283,0.1448015,0.0064449315,0.009087627,0.7354378,0.23303814,2.1734152,0.096974954,1.1127485,0.96886754,2.107035,0.015280348,1.0218532,0.008494956,2.9984508,0.25711027,0.2046856,0.41736338,0.40144226,0.2960653,0.19743654,0.09742347,4.0465293,0.1428338,0.21663103,0.8298581,0.431924,0.49618942,0.7960686,0.050510395,0.3023382,0.49238586,0.222079,2.356865,0.020638777,0.48525384,0.023017868,0.02051581,5.5169535,2.1884003,0.6078645,0.2569296,0.20907117,0.7780264,0.012245172,0.11771791,0.30852214,0.47328472,0.062119484,0.4827343,0.8258787,2.755718,0.5140122,0.106228545,0.14732906,1.8565111,0.62521106,1.9297037,0.92524874,1.3301401,1.2828608,0.4583471,0.47951114,0.06927744,0.5810813,1.3681846,0.12822688,0.53802675,3.7406092,0.0637433,1.1864474,0.12364856,0.29875457,1.2657741,0.6726777,0.82799745,0.19027959,0.9104457,1.5218997,0.027747288,0.10751687,0.023146728,0.050006546,0.22236243,2.400078,0.2503502,0.15608267,0.4353812,0.7028131,0.1521926,0.9331782,0.12421991,1.0280901,0.15491365,1.9018354,1.5129793,0.12602162,0.11710192,1.5606695,all_pothole_images\pothole_images_2_image_306.jpg
0.52125424,0.36245236,0.0,3.297688,1.1097404,0.2585364,0.081480294,0.015196905,0.054350637,0.99578154,0.3628378,0.839623,0.0,1.5302182,0.0,0.21117067,0.5136161,0.9224653,1.1195385,0.10482753,1.15718,0.094823755,0.21373463,0.61234534,2.6622548,0.31302336,0.327209,2.2065225,0.038617533,0.020109534,0.5045629,0.22084256,0.2550166,0.8852048,0.11534064,1.3382711,1.2867601,1.1217072,0.20682235,0.32567346,0.007044127,0.0,0.39778545,1.763553,0.7215521,0.10052878,0.09346165,0.41948676,0.2076968,1.6974418,0.24555492,0.01605972,0.03203373,0.0024091739,0.32583284,1.0824269,1.1608443,0.43272045,0.037703194,0.0004267595,0.18604527,0.25044543,0.1276418,0.22925201,1.3483227,1.0134513,0.9077715,0.0062405732,0.20355232,0.024185594,0.24119143,0.0560189,0.90281755,0.0005189685,0.87341726,0.1114908,0.02281218,1.6362948,0.03750034,0.06642094,0.0,0.66952467,0.1781495,1.806804,0.43746382,0.0392078,0.028952038,0.011752476,2.3913512,0.14211327,0.1899554,0.32943958,0.14774652,0.19274136,0.39566365,0.011985125,0.5525777,0.39535305,0.73155886,0.15309401,0.08489936,1.9486146,0.84777963,0.009019819,0.92552996,0.06876122,0.6369576,0.00036138203,0.058127753,0.47960213,0.0,1.2269857,0.2906268,0.4284299,1.6412908,0.34752607,0.16966687,0.06279901,2.7583346,0.68371004,1.9039197,0.14343135,0.011380849,1.2888527,0.4606413,0.51764697,0.013292305,1.6208211,1.1503817,0.054402098,0.17257749,0.0043802178,0.50409883,0.037303913,0.40016174,1.0451738,0.17561121,0.1577502,0.19117892,0.013340268,0.10520484,0.21311086,0.093543924,0.20684986,0.0030744593,0.17819649,0.061626162,0.40389532,0.19921406,0.029470516,0.62301457,0.6263823,0.1467471,0.302463,1.2496542,1.0783576,0.21328416,0.046752356,0.9489487,0.18867175,0.6638388,1.9635369,0.3277738,1.3461347,0.19855595,0.51926357,1.1498059,0.2006031,0.68806666,2.9974663,0.0,0.0053312485,0.0,0.38038674,0.07301578,0.05483092,0.40323955,0.3640952,0.0032030814,0.046480186,0.0,1.7213019,0.71874905,2.7381961,0.8313833,1.9394599,0.33652234,0.29185975,0.47967774,1.0772376,0.12599668,0.18059596,0.35498777,0.22215813,1.3262594,0.3048875,2.1901956,0.15140371,0.9062243,0.028465612,0.03822011,0.15412216,0.04118635,0.52309275,0.42236644,0.19692118,0.7385099,0.5325221,1.5190592,0.998239,0.0,0.0,0.42796636,0.32301533,1.9258573,0.9884658,0.061526686,0.39044812,1.4042639,0.52146226,1.3863198,0.8666101,0.30725384,0.10770433,0.06509895,0.22149393,0.016693309,1.4426777,3.2029424,0.9,0.20773436,0.15106435,1.8571478,0.23117569,0.010565683,0.41604075,2.6033165,0.33945018,0.4507458,0.23045155,0.29257444,0.11454936,0.2666757,0.38918996,0.021989593,0.008434096,1.4602141,0.1703008,0.045165833,5.9731855,0.2007353,1.2343876,0.020736624,0.81709415,0.003516258,0.11657065,0.3812813,0.98395705,0.08689767,3.0534375,0.26970482,0.20037596,1.0707121,0.24238995,0.3591642,0.0022990147,1.794669,0.16656119,2.419735,0.12553236,0.22424679,0.023024416,0.88698435,0.009427503,1.1727535,0.44792685,0.004404313,0.11764215,0.2377468,0.48650393,0.8982285,0.1245137,1.6678599,0.0009803382,0.57241344,1.1053994,1.0103549,0.23837407,0.6457374,0.16150522,0.0,0.61477464,0.121781655,0.771445,0.26966488,0.21581684,0.059876353,0.25602853,0.2891016,3.1438816,1.5420458,0.71964467,0.007040489,0.08379953,5.0772805,0.006804942,0.62122416,0.2557155,0.37896314,0.3006515,0.50230616,0.012349198,1.7676715,1.3951871,0.6165074,0.62245417,0.0036509791,0.7540988,4.0756536,0.31725347,0.30752182,0.5813138,0.56481296,0.9660408,0.28544557,0.021047855,0.42858347,0.06592118,0.19300608,0.48360574,1.9862814,0.5715107,0.21622291,0.0417405,0.004476773,0.0,2.6584873,0.23447718,0.27731174,0.07600503,0.46888542,0.7043425,2.0760984,1.7633321,1.0120637,0.0,2.440838e-05,0.54872245,0.0509027,0.19399618,0.051868744,0.7148834,0.26891103,0.5098214,0.13521074,0.22783619,0.11936647,0.985874,1.0261588,1.3258679,0.0024646774,1.6633291,0.5804758,0.68235546,0.047447894,0.02557181,1.6528901,0.021865841,0.107472844,0.7010816,0.4169728,0.0032356004,0.45820338,0.05470798,0.0043184627,0.12780452,0.34004948,0.28865892,0.27167624,0.11618881,1.4849937,0.0,0.88326925,0.9181375,1.145345,0.19770513,0.6867777,0.015555601,0.27736625,1.434307,2.1047666,0.70371324,0.75425565,0.23933277,0.00014104102,0.16895786,1.6024568,0.039548714,0.43905595,0.0,0.055010084,1.0735587,0.4528753,0.01047705,2.0799205,0.41515836,0.54449576,0.26384664,0.40380433,0.22448523,0.530503,0.17004853,0.004117446,0.22240537,0.031274207,0.16552345,0.13654257,0.9168239,0.43321654,0.0,2.4903197,0.77705216,0.526709,0.664448,0.62432224,0.09963886,1.1323309,0.062475625,0.011976761,1.5109284,0.16466212,0.06916804,0.5470495,0.17117949,0.37591514,0.89337593,0.47972098,0.6595982,0.0,0.17366596,0.71531475,0.35578194,0.15830731,0.009011397,0.0,0.14142996,0.63336354,0.45211875,0.03431035,1.0687009,3.7766125,0.30201405,0.4579847,0.481432,0.7750295,1.1015875,0.05097607,0.6377543,0.0,0.31462312,1.2455328,0.06957669,0.7678095,0.0,0.119527794,0.08187507,0.34151867,0.015425126,0.044676922,0.16443615,0.40559807,0.7337703,0.015615179,0.8215959,0.9728832,0.19344784,0.44580594,0.7043727,0.9723229,0.39607263,0.024064329,1.331334,0.32489786,0.198566,0.44502848,0.22956899,0.33596763,0.0,1.5951235,0.019060131,0.7460152,1.4595119,0.0,0.026174713,0.0021528942,0.10455581,0.0781369,0.5025062,0.0853189,0.31829914,1.0519185,4.9292417,0.75596803,0.0,0.6038583,1.6764731,0.40612465,0.038987525,0.21576712,0.23638315,0.15629165,0.27501887,all_pothole_images\pothole_images_2_image_307.jpg
1.5641959,1.6206036,1.0169182,1.306999,1.0939236,1.6017016,1.474387,0.84617716,1.8191997,0.67447215,0.06290015,0.9405847,0.60455865,0.9242084,0.29382706,0.28995773,0.6643614,0.10700414,0.3314732,0.0033168145,0.31432623,1.3362312,0.22135583,0.6412495,1.9519432,0.8268139,1.0290662,1.8835969,0.21423736,0.12233156,0.36894265,0.5541107,3.9431825,0.089093685,0.09352419,0.9034269,1.5852215,0.7150045,1.1274729,0.966344,0.053216908,1.437503,0.12684539,0.5536205,0.740137,0.5405009,0.05030886,0.13371871,0.77723724,0.14865603,0.53477,0.11952213,0.244375,0.1751948,0.08271292,0.20762856,2.06885,0.0,0.28516647,0.13194315,0.31760612,0.0,2.3887186,0.63909376,0.103643626,1.0040479,0.9795741,0.09935945,0.21789433,0.10746043,0.04919264,1.712828,0.05706391,0.48589775,0.0,1.287308,0.5183655,0.1288202,0.007012851,0.7805757,0.62159663,0.019484129,0.27228165,1.8905284,1.156091,0.38159207,0.28446257,0.061503228,2.1879807,0.70722336,0.8192987,0.0,0.9319945,1.5282583,0.3956506,0.1125621,0.9588062,0.5686335,1.3895884,0.6922252,0.286163,1.0563214,0.27806592,0.70214516,0.08676279,0.11591296,0.6553549,1.034836,0.9654359,0.73822564,0.81246144,3.305867,1.3583441,0.017756438,0.2567111,2.62019,2.6306903,0.3046506,0.26591513,1.4851068,1.2732482,0.025208477,3.229408,0.3220474,0.14843751,0.6155665,0.29985178,1.0729237,2.5673077,0.29468694,0.28864524,1.1015397,0.36112177,0.793838,0.08199275,0.47378275,0.13030766,0.68829435,1.9827764,0.12023974,1.6922327,0.22765878,0.0,1.1685114,2.6253064,1.403235,0.439827,0.50049996,0.40606588,0.4377457,0.09811352,0.795985,0.21085888,1.1702192,1.1501238,0.17315334,0.8807063,1.0939806,1.0407432,1.3882697,0.72829586,0.80124474,0.09835615,0.18513528,0.24997813,0.09345692,0.5026692,4.246613,0.7606548,0.046939436,0.6495123,0.30413944,1.186732,0.72838265,0.28258666,0.10802197,3.8184876,0.60738754,0.044563327,2.043197,0.085827745,2.0599785,2.3557317,0.011033906,3.846286,0.26970547,2.030637,0.55266225,0.015275095,0.30285877,1.7897122,0.08000482,0.4216384,2.3470244,0.5898436,0.8203507,0.15006655,0.37523344,1.1596292,0.06402139,0.3617099,0.36414984,1.2083155,1.685864,0.46097922,1.790704,0.1307102,1.1874008,0.926649,0.079500385,1.1660879,0.58996683,2.546559,1.5869259,0.46351802,0.24096231,0.17846839,0.12539303,0.8678699,0.4573756,1.1371261,0.52344686,0.8596691,0.5210855,0.00798676,0.44903165,0.75847834,0.012253488,0.81059194,0.32519358,0.5893876,2.1883771,0.0035639082,1.1120725,0.6655396,2.2390766,1.6550069,0.9187612,0.06468606,0.15806207,1.642385,0.23113263,0.21924612,0.7211783,0.0187949,0.019760508,0.56284446,0.51930934,0.4428144,2.4938705,1.7234915,0.1439296,0.35691646,0.14171027,0.23934868,0.78951955,2.9437442,0.29182044,1.1449082,0.9323106,1.3172644,2.1003392,0.49175638,0.77417475,0.35327113,0.5976171,0.016936956,0.42632604,0.33091646,2.5319238,0.58244854,1.4609169,0.10053091,0.30747437,0.7319138,1.4967852,0.74173063,0.8120154,2.5750654,0.935142,0.1627271,0.45730084,0.009987269,1.2380092,0.30209473,0.18484715,1.8134252,1.568899,0.70264506,0.2662361,0.40738082,0.05327257,0.384004,0.76266503,0.22745854,1.8629218,0.5883901,0.51278377,0.48378602,0.4083684,0.0,0.94176465,0.19867171,0.80022085,5.781631,0.34816808,0.47380665,1.2980956,0.06205578,0.15801306,0.38251308,0.27621883,4.1668987,0.86102146,0.016773123,0.33938444,1.1607773,0.8976586,0.7263088,0.34065124,0.0086692255,0.13831133,0.22403732,0.20238096,0.84460217,0.07838499,3.4467642,2.9419072,0.18643495,1.1258513,5.146588,1.0943482,0.030987414,1.9014595,1.1589905,0.20480399,2.744717,1.0711612,0.096858084,0.1686275,0.25702494,0.3229071,2.1254137,0.12358027,0.05813998,0.5711484,0.13908488,0.8414058,2.045352,1.9993863,0.5683063,1.181151,0.57783747,0.40677768,0.8466741,0.19861735,3.1895206,0.18629418,0.23278964,0.25193918,0.71033883,0.0,0.20371503,0.031910714,0.024349859,0.84974325,2.064643,2.0793502,0.08024789,0.011318067,1.6799984,0.1493608,1.0931994,0.22850336,0.997176,0.23083436,0.54109555,1.0883749,0.10693707,0.789474,0.008988396,0.16563345,0.6479342,0.514882,4.1318846,0.77692395,3.6279283,0.49373206,0.15207344,0.81866,2.4898698,0.3311325,0.33324993,0.90193623,0.7460376,0.5364576,0.35768253,0.92200774,0.0012082945,0.057383936,4.0573034,0.27195048,0.07996332,1.1293571,0.3556065,0.13143933,0.9070165,0.27067852,0.60863185,0.33493748,0.015942836,0.24590553,0.50839144,2.1842632,0.20471102,0.18974806,0.56183445,1.1224729,0.68733585,0.26316044,0.6341246,0.74984485,0.6161781,0.7480497,0.9747612,0.9626074,0.9284814,3.7658656,0.5466339,0.04088639,0.4938308,2.6816745,0.19055681,0.22059537,0.2644329,1.7975866,2.148219,0.52772874,0.029850272,0.3112853,0.92882395,0.21025424,0.10856924,0.02094495,1.1343157,1.3769594,1.1520201,0.4628271,2.7366965,0.28679174,0.38198015,0.8437364,0.034417648,0.2996397,1.0646392,0.40236017,1.2220331,0.72696877,1.2056111,0.8145328,0.8930029,3.0446155,0.9073327,1.2840823,0.2995066,0.031824484,0.4031203,0.083193466,1.8667529,0.23655179,0.39634922,0.53080255,0.7927666,0.9077478,0.13336244,0.077283196,0.9928,1.0947653,0.65434253,0.1251514,0.18360388,2.5871165,0.23239318,0.53913313,0.022843005,0.51652676,1.4939709,0.5897707,0.3159964,1.0841632,0.023176948,1.8252996,1.0256487,0.15778036,0.8685103,0.6330344,0.09369664,0.27663028,0.2644096,0.10027301,1.0158443,1.3922898,0.25227737,0.4013184,0.4885503,0.3165543,1.5102521,1.0304074,0.27135465,1.1673416,2.2696764,0.7974674,all_pothole_images\pothole_images_2_image_308.jpg
0.66633654,1.9941287,0.8539385,0.22797559,0.96748686,0.89556897,0.4434885,0.12650728,0.51067096,0.9337334,0.8712627,0.30906808,0.472093,0.8854708,0.54751277,1.2464327,0.18186067,0.73722285,0.24769281,0.30354896,0.44260946,2.5898259,1.4989381,2.831711,0.29500556,0.73885214,0.49028894,1.7989748,0.12559555,0.3048989,0.63327545,0.20840512,0.6526688,0.4065164,0.41466093,0.009237055,1.1425188,0.32937765,0.21438117,0.61162907,1.0798478,0.19350551,0.22973864,0.20699541,0.64611965,0.50814927,0.40152073,0.83949155,0.2609696,0.075121894,1.1110878,0.49217534,2.1526382,0.6693621,1.1874766,0.334152,0.48229083,0.26760665,0.1205701,0.6382834,1.2836046,0.5552373,1.6150614,0.86207974,0.21854015,0.91166794,0.8863417,0.6199538,1.1264844,0.45779604,0.71466196,2.2403152,0.3417378,0.21081816,0.96482754,2.1039426,0.72980154,1.0716954,1.011201,0.75372803,0.62602276,0.1508249,0.24405615,1.8167522,0.7976236,0.43222874,0.35316557,1.3054781,4.4690843,0.4540332,0.8041318,0.53263324,0.7321442,0.40119657,0.38570598,0.43637875,0.6482047,1.8273536,2.3423176,0.5109335,0.77018964,2.271707,0.07190966,0.69952273,0.18323316,0.43110415,0.24806045,0.12274012,0.13301533,0.9249813,1.0996107,0.9717424,0.4656753,0.16869545,0.17630376,2.213443,1.8636711,0.08940783,1.540232,0.10943041,0.19913927,0.29149422,2.2919805,0.5692395,0.2460544,0.6256731,0.6082297,0.6930593,0.07670193,1.8515373,0.99575835,0.5771935,0.38525814,0.19701083,0.8147416,0.5771696,0.59145236,0.7279158,3.0595927,1.0464386,2.2672923,1.3835477,0.42483565,1.6798403,2.641271,0.71181244,0.9615064,0.07570298,0.268552,2.8091748,0.4919832,1.350003,0.46930465,1.4122707,0.36361763,0.18222074,0.60718566,0.4334867,0.7984991,1.2141982,0.52911025,1.045746,0.1057973,0.7474978,1.5711708,1.6016679,0.72338104,1.5118237,0.99909115,0.14722665,0.20954452,0.0027440726,0.6569916,0.27813643,1.2095196,0.032848608,2.392731,0.6089295,1.0743151,1.6983228,1.220231,1.4128203,1.8464489,1.4496771,2.9836328,1.002435,1.8041276,1.0512418,0.052924506,0.5358093,0.24442174,0.3753885,0.18679774,1.4027982,0.8369045,0.103560604,0.48085815,0.5388909,0.42589366,1.3747219,0.5774793,0.32743567,2.2401814,0.08968363,1.5224413,1.0353367,0.39743593,0.64238507,0.17133811,0.5946522,0.97540873,0.97070223,1.7374015,1.233794,0.21140617,0.08362112,0.44384548,0.39261338,1.440562,0.22938558,1.2084737,1.1030775,1.2889856,0.20123905,0.33144122,0.50337994,1.9681801,0.6981183,0.43876228,0.13014793,0.4907165,2.6077707,0.48197016,0.7593699,0.7756423,0.865803,0.36009526,0.7070504,0.22439873,0.27540573,0.089993864,0.15871643,0.48369884,0.30656445,0.20834798,0.17790097,0.34774244,0.2395719,0.16682698,0.46749783,2.3557448,0.03381451,0.5838535,0.33363774,1.1544046,0.38663366,0.7482547,1.4500637,1.2772425,0.19533794,1.8447481,1.4127667,0.32322687,0.39966366,0.61990166,0.35091949,0.13755454,0.071527116,0.7984309,3.1378322,0.40749514,0.84456307,0.1671865,0.052112397,1.2913566,1.5443168,1.8327882,1.5798615,1.0775138,0.72293204,0.32201958,0.76651436,0.5960925,1.4866339,1.6200169,0.529655,0.14488178,2.421592,0.9898806,0.58841866,0.15470673,1.2861143,0.82351434,0.9493503,0.44142112,0.632427,0.6362642,0.4786474,0.39986515,0.29261023,0.206456,0.49690643,1.252978,0.6710638,1.2746655,0.16213709,0.8650279,1.7412452,1.0638989,0.49160653,0.11755544,0.85210747,4.41004,0.45148492,0.016963331,0.63958675,1.1049821,1.0588583,0.89783,0.09402199,0.3404684,0.9642166,0.021209069,0.593418,1.1367414,0.7862806,0.3877789,0.029653972,0.78860384,1.0614638,2.7789047,0.3677716,0.20444974,1.0510831,1.3696269,1.2236762,0.7173592,1.2964199,0.6551839,0.27692375,2.40421,0.4886076,0.7407532,0.0051139263,1.3696787,1.2044604,0.44741142,0.10582876,1.3987864,1.6010885,0.045749016,0.3130196,1.0265175,0.25901,0.7572432,1.0133183,2.1624904,0.7486611,0.08132823,0.15898126,0.15552647,0.28895575,1.2499689,0.62835383,0.94784266,0.21118335,1.38162,3.2349284,0.0,0.20163287,2.2436426,0.74186766,0.49954522,0.55640894,1.1619669,1.4956291,0.24753854,0.42105103,0.40584335,0.18569517,0.17908369,0.97435963,2.0170557,2.3983493,4.000846,0.09719344,2.5613656,1.8055208,1.3361824,2.7289553,2.2099197,0.931161,0.29556656,0.27539366,1.1014553,0.7840645,0.5252432,0.40113515,0.3293489,1.2912105,3.380226,0.54632264,0.5519188,1.3830955,0.024427796,0.054489393,1.3799794,0.4599504,0.070618115,0.93103534,0.26131597,0.34393698,0.9134026,1.7151887,0.31967446,1.0429702,0.51130605,1.5394421,0.40680954,0.45788237,0.35592008,1.7446619,0.026729314,0.31407088,0.11133367,1.0899273,0.21461283,3.653172,0.7408676,0.50785625,0.78466225,0.022195332,0.6586297,0.1915869,1.2990893,1.5368851,1.0219359,0.8521286,0.26133814,0.5480439,2.1644104,0.9742274,0.50909394,0.5390135,0.9203136,0.7423961,2.5058126,1.441243,0.6461771,0.6516621,0.07389479,0.7046038,1.6305575,0.7145889,0.49958968,0.28268966,2.0653238,1.1519381,0.57118535,0.53950685,0.8739421,1.6652609,1.8874843,1.5804536,0.22101894,0.7535279,0.23973365,0.35274673,2.749176,2.0111604,3.2662091,1.4671881,1.3192984,0.4706144,1.3910649,0.7899435,0.8602008,0.14187862,2.1803505,0.528998,0.672214,2.1127353,0.15298179,0.8427353,0.021897467,0.9390446,2.9076703,0.5896634,0.61685,0.06720274,1.137793,0.54982233,0.6328153,0.9361497,0.8764115,0.6457449,0.69210815,0.4871136,0.6295937,0.007507616,1.2723681,0.8303915,0.59384644,1.5357155,0.33674052,0.8449682,0.16064535,1.401142,1.1872188,2.1547253,0.049952712,0.17124005,all_pothole_images\pothole_images_2_image_309.jpg
0.067722835,1.8208933,0.58156186,2.51544,0.9269132,1.0806887,1.0472264,0.1698144,0.2908137,1.0751872,0.13463245,0.26022908,0.38958514,1.3092057,0.0,0.041756913,0.22687371,0.12646434,0.4473786,0.2378726,0.0,1.3646053,0.8432391,1.4288573,0.18565738,0.60801566,0.43503106,1.2666856,0.1736893,0.37641212,1.7378095,0.7245154,0.42247802,0.019547375,0.349713,0.6887031,0.61612934,0.34762523,0.46127078,1.3333936,0.0,0.41801947,0.13630475,0.29383048,1.4034469,0.04717965,0.32021606,0.036214568,0.07671288,0.023909533,0.23707822,0.051471666,0.49949005,0.22362763,0.019500097,0.8382129,1.9191645,0.41856104,0.14247169,0.16027632,0.22323218,0.1949695,0.9780657,0.42863455,0.2312726,1.3117168,0.4451865,1.229216,0.20357284,0.54576063,0.4322182,0.30143866,0.61189497,0.02662292,0.031794798,0.9256255,0.16338924,0.97653645,0.06414011,0.3141082,0.00017661099,0.70511097,0.45144337,0.5649844,0.19068192,0.9430153,0.51032287,0.035792414,3.799757,0.29891866,0.23629628,0.57304245,0.1607031,0.41975492,0.15872014,0.0,0.2660632,0.083905354,0.43154323,0.10695852,0.0131936995,1.8562553,0.30215085,0.34887117,0.47196603,0.038053658,0.4940106,0.41142184,0.035320096,0.7808657,0.44609624,1.8182772,0.85434926,0.17662703,0.48690498,0.63773066,1.1673138,0.1465002,0.15801331,0.2622128,0.49231642,0.7060616,0.16647787,0.116585,0.13568205,1.1808853,0.4089454,0.030741692,1.586527,0.5645951,1.3231828,1.319077,0.40242308,0.56924343,0.16128364,0.8034458,0.0032103301,1.1020895,0.9831274,0.4448373,0.929815,2.6656244,0.15019682,0.71707714,0.44505072,1.0050068,0.107564636,0.445628,0.8571651,0.13529377,0.2204862,0.4456281,0.4201788,0.00994155,0.89470536,0.7952884,0.089416675,0.37962562,0.32389984,0.15352361,0.94024515,1.0050311,0.086872324,1.307657,2.8397496,0.04826684,2.113932,0.13490002,1.1256438,0.11400396,0.82758015,0.24519494,0.07324808,0.65282005,1.5955247,0.027652647,1.0319188,0.33889094,0.5010648,0.32746652,0.16837329,0.36171988,2.790261,0.35535216,3.9238842,0.2517113,0.9580765,0.0263426,0.22775416,0.7583123,0.8854252,1.7799016,0.021939317,2.744288,0.27620277,0.11630017,0.0057709664,1.5340879,0.15898809,1.022971,0.2816362,0.5754425,0.7950584,0.5481031,0.0591867,0.94650114,0.5459856,0.17505284,2.028398,0.28375787,0.5668311,0.6298679,1.280592,0.5601954,0.56318814,0.6120942,0.17724288,0.17239515,0.5345768,0.13005285,1.1941106,0.13913326,0.045992993,0.37388992,0.10332435,0.065163516,0.70800185,0.16270009,1.8986614,0.11715234,0.28622428,0.88933027,0.28262204,0.5595905,0.2716011,0.057475686,1.8447186,0.29120585,0.5012892,0.16787669,0.503261,0.31353334,1.4569384,0.09652435,0.020313136,0.3637774,0.5593134,0.37411335,0.50324076,5.3406587,0.87764436,0.23783948,0.99177593,0.2082125,0.34948182,0.22264877,0.78607064,0.07934973,0.3432663,2.4905064,0.100328796,0.59803236,0.64696103,0.23845704,0.36157772,0.71359485,0.80109465,0.35408172,1.8832419,0.19989543,0.079261795,0.0,0.8334147,0.6061026,0.82906073,0.6245584,0.33648533,1.0394017,0.10679856,1.0888793,0.36056647,0.18913215,0.25335747,1.5560673,0.67526025,1.1490979,0.1900722,0.5901121,1.7198318,0.4454862,0.33759728,0.32604417,0.13771597,1.5076641,0.47315115,0.12235909,0.48531413,0.6808772,0.23121841,0.5618581,0.06865849,0.09914514,0.0,0.8909089,6.700181,0.42239028,0.00033913826,0.59100896,0.65812325,0.08457865,0.17542382,1.5983777,4.919766,0.8219039,0.018427046,0.6065886,0.002731341,0.58140755,1.0213834,0.2919572,0.010539577,0.63146704,0.02238951,0.6771007,0.3338359,0.28050205,1.0214667,0.12246426,0.73386395,0.29234478,6.7288594,0.1811351,0.3994755,0.03423841,0.18394715,0.17486477,1.5092632,0.20461713,0.4373698,0.13329223,0.5862931,1.6485338,0.91611695,0.28881365,0.4995659,0.23196736,0.28827542,0.17537683,0.098875046,0.7453701,0.3591465,0.66696596,0.27078658,0.23354238,0.0005332558,0.059260547,0.27573693,0.67728794,0.6480683,0.31881833,0.0,0.9865878,1.1396399,0.3944825,0.0,0.079560034,1.2241493,0.26011685,0.26135564,0.91568655,1.2751673,0.17635056,0.5518407,0.40671176,0.72714573,0.990857,0.58568305,1.2219906,0.40898594,0.5254225,0.24785706,0.2316747,0.19464761,1.4038562,3.8479426,0.46497968,1.7752056,0.48729852,0.2509237,1.4165888,0.20047711,1.2055427,0.052070733,0.16040969,0.117268756,0.03325212,0.29227987,0.6132253,0.23089899,0.07293195,0.60812587,1.045184,0.12060262,1.2132502,0.24393308,0.2858161,0.16208158,0.5593433,0.12568742,0.20705566,0.17970222,0.44799742,0.5928397,0.5726413,0.09997903,0.35702538,0.7577622,1.8156943,0.06313821,0.0833823,0.95063704,0.5036229,2.6575453,1.6578892,1.5730919,1.5126176,0.7388401,1.104778,0.31982312,0.5477173,0.92609686,0.86001384,0.15375236,0.50364375,0.010469235,2.3194928,0.2296706,0.54297036,0.66615486,1.312529,0.541485,0.32719973,0.12686533,0.0,0.060697522,0.19913183,1.5723076,0.28201014,0.59919316,1.1436509,1.3274149,0.02152452,0.4346888,0.40969712,0.87560236,0.8857563,1.4647406,0.037159957,0.22850937,0.56864697,1.6267357,0.032499734,0.26204464,0.19202839,1.0588999,0.08215982,0.16610463,0.20583919,0.39369506,2.4775884,0.68951833,0.5087364,0.4577671,0.3815255,0.83353305,0.19346397,1.0556803,0.41297483,1.0410544,0.17055877,0.34705392,1.5663389,1.6201,0.3516782,0.10831021,0.7422761,1.301117,0.06434457,0.14453135,0.0031976243,0.0058394284,2.1111283,0.010362442,0.0069733113,0.014450293,0.060103677,0.07337722,0.084683,0.35809052,0.9707345,0.37924185,3.3182359,1.0173788,0.42919883,0.10039647,1.4198498,0.06430796,2.057255,0.1126318,0.49182567,0.6927343,0.5218826,all_pothole_images\pothole_images_2_image_31.jpg
1.8312359,0.47011748,0.1833421,0.7844392,0.93193114,0.5079372,0.2597927,0.31944138,0.76777196,0.9558074,0.57157034,1.0531546,0.5806378,0.88301164,0.6830613,0.3489331,0.6625117,0.0003370854,0.54621005,0.54199433,1.5535945,0.7324942,0.841862,1.8175081,2.0869648,0.49939352,0.020001069,2.1824539,0.04787556,0.54919416,1.0045171,0.9512634,0.5800828,2.290344,0.915325,1.1286254,0.21107842,1.4912838,0.21960118,1.2844545,0.14148724,0.18991973,0.21809235,0.62892514,0.9857087,1.1654282,0.00023745428,0.44268003,2.2965531,0.439984,0.74476635,0.25450686,1.0873668,0.14435254,0.13851424,0.9125117,1.5443712,0.3013768,0.19110559,0.6363464,0.054898404,0.0046791425,0.061951995,0.3584133,0.8418078,1.2897054,0.3833957,0.10964783,2.1116564,0.021855617,0.13365199,0.84561324,1.085311,1.3680317,0.14137982,0.63232917,0.36754903,0.7139357,0.017522315,0.2031909,0.041221987,0.57709414,0.55465025,0.6887271,0.66131794,1.1223259,0.06839696,0.9784101,1.7288208,0.6197786,0.28416035,0.18606004,0.30398512,1.2420505,0.12292838,0.052315824,1.1427494,0.86865854,0.24116418,0.37704492,0.059245683,0.6110594,0.13724165,1.1440942,0.63546455,0.25127068,0.032540042,0.69300574,0.010599836,1.1595695,0.06816409,1.9127238,0.686859,2.5529883,0.7990444,0.63915586,1.4195379,0.23629983,1.3132153,1.3169892,3.2325613,0.91063255,0.71225435,1.7205913,0.97909653,1.1467307,2.5584188,0.789168,0.72996986,0.30391288,0.42922065,0.27086478,0.32898384,0.18632914,1.3110071,2.2132876,0.46842808,2.4149606,0.8303915,0.05298197,0.19589551,0.49363682,0.02315187,1.8099583,0.1457839,0.5329882,0.026969647,0.9792927,2.318063,0.03980486,1.99493,0.36955172,0.44720832,0.04368959,1.7990587,1.0020889,1.1092056,0.16642006,0.04559113,0.22967154,2.6139467,2.0199244,0.0,1.2655834,0.12930706,2.2980719,0.035061516,0.06610686,2.6731896,0.58411586,0.5889404,0.06444738,0.38421464,0.026840309,0.38287196,0.1403915,0.7707129,0.0040478017,0.35919163,1.0126638,0.0,1.9376227,1.8501589,1.9814314,3.485907,0.8998707,0.9809533,0.8807415,1.060145,1.4612015,0.46034843,0.04344673,0.17101462,1.7280865,0.608901,0.4636404,0.30792686,1.4376808,0.27392694,0.1040242,0.6167185,1.098259,0.13651282,1.0961488,1.4392991,0.71545357,0.8587184,0.18246856,0.48365492,0.2565039,0.025549557,0.16279715,0.2873087,0.22715613,1.0833182,1.4301245,0.31282264,0.039729,0.2730717,0.049603455,0.6407894,0.19163987,2.5544333,0.9769801,0.0015066207,0.030259712,1.6992265,0.03984893,0.40607414,0.71913797,0.010044457,0.22533183,0.11672883,0.91404366,0.56461334,0.44098505,2.392461,0.3023964,0.3127626,0.20935477,1.026936,0.5293404,0.2444806,0.51556814,0.10885034,0.40377325,0.67984754,0.21119483,0.7374757,4.663061,0.083320715,0.76520705,0.9902759,0.21673736,0.29546368,0.06983903,0.57167286,1.3175974,0.032911364,1.1268955,0.43109503,0.12727101,0.414474,0.38642251,0.46119016,0.6430064,0.22128436,0.52850723,0.6309373,0.33225477,0.9368005,0.025338436,0.19646208,1.0850176,1.3163763,0.7574235,0.5413422,1.5216768,0.8198158,0.8211819,0.029436164,0.124204546,2.4673727,0.005962682,0.9591846,0.19476102,1.0399803,0.6337138,0.591403,0.61827976,0.6959831,0.036415607,1.0698034,1.0195675,0.6117053,1.328953,1.061175,0.78494793,0.4824294,2.3836393,0.25767434,1.5228949,0.015417441,1.2529058,4.1788187,0.6572258,0.66002053,0.65504766,0.05526331,0.014121387,0.24091561,0.27353504,4.020241,1.6185684,0.20168129,0.17322484,0.11125651,0.8009171,1.6994036,0.54888827,2.9962974,0.048095006,1.7697084,0.8221612,1.6448314,0.07423175,0.9468018,0.3607561,0.9383498,0.18034172,4.335938,0.27887806,0.11896764,0.0,0.42006752,1.3262889,0.5954433,0.74378914,0.23697685,1.1411912,1.4254826,0.49725744,2.5702507,0.56204075,0.61236006,0.9111084,0.24372381,0.72826093,0.31601217,0.09167452,0.35436785,1.9953631,0.3611246,0.8453235,0.08812244,0.25934348,0.05722369,1.388134,0.47856444,1.2393879,0.367023,0.8902018,1.5183662,0.7959333,0.07125094,1.4163296,1.1905004,0.47732127,0.118953615,0.007546615,1.3772147,0.99683136,0.5740562,0.068265215,0.5594607,0.23184153,0.416377,0.62019944,0.4644502,0.34380355,1.2041128,0.040788516,0.083759815,0.83364636,1.8978513,2.004922,1.0723419,0.16902132,0.061366294,1.7402054,1.5713106,1.6137667,0.4902971,0.0,0.31291753,0.6802505,1.6535581,0.45579794,1.0937477,0.15922543,4.242281,1.5213392,1.034581,1.0318315,0.13837478,0.49635437,0.21250409,1.6547146,0.35266906,0.39060548,0.5276106,1.1253753,0.9456457,2.3306441,0.0,0.43781763,0.56057113,0.033119846,0.43818605,0.64277977,1.3454287,0.5063008,2.4808517,3.3536026,1.19303,0.18571186,0.6777842,1.0145826,0.17131668,0.4490893,1.1879059,1.280309,0.7822836,1.447795,1.6085693,3.7862794,0.8417419,0.64004886,0.079824135,1.7886832,0.08797573,0.12085067,0.0,0.42802775,0.21412152,0.201742,1.1266648,0.6356908,0.025382567,1.7280548,2.4046178,0.79697657,1.1731198,1.4866853,1.4110612,0.63781554,1.1726317,0.49974945,1.25054,2.6165516,1.717768,0.17014165,1.9551733,0.29179955,0.14351037,0.16902117,1.7074444,0.035508983,0.5183764,0.70998865,0.5796575,0.5157646,0.6161508,0.26899824,1.0526274,0.28290206,0.7342576,2.0804312,1.1171664,0.18172823,1.246273,3.6642954,0.61862266,0.96278006,0.17186305,0.3573592,0.57517624,0.82782084,1.4459617,0.06854239,0.9351077,0.5797166,0.23592131,0.00757413,0.25793996,0.2088173,0.1942783,0.4423453,0.97841245,0.7748353,0.3375258,5.144707,0.8892688,0.41272697,0.18952885,0.49327832,0.5966055,0.033111237,0.19566187,1.0393076,0.76541024,0.9820501,all_pothole_images\pothole_images_2_image_310.jpg
0.7066378,1.7504721,0.09300467,2.0775647,0.5457622,0.13804814,0.20597415,0.024950618,0.12870447,0.52330863,0.19181782,0.9280302,0.18440725,1.412439,0.0031852645,0.09035028,0.24865296,0.19284022,0.927693,0.116135515,0.7605917,3.3866448,0.11094466,0.751492,1.606468,1.9502019,0.49259394,3.475231,0.4107467,0.5430359,0.91777,0.50930655,0.5401133,0.5576999,1.3830594,0.57839036,0.2955911,2.254028,0.24109237,0.3524665,0.0019236255,0.079730175,0.11328244,1.3494048,1.5682503,0.2585084,0.100095,0.09018148,0.36605555,0.73859686,0.64493257,0.0,0.76416075,0.10747401,0.2147355,3.0143533,1.1563885,0.25834012,0.35935357,0.24305747,0.63832057,0.5447282,0.683645,0.0,0.5574769,0.35832143,1.1918032,0.5170949,0.73185295,1.1125805,1.1983986,0.21559252,0.08031576,0.5816861,0.28481552,0.7809291,0.5384832,0.30399424,0.14659156,0.13423346,0.10726695,0.9147942,0.0,3.0588286,0.62638015,0.24103078,0.5799818,0.29734796,2.849735,0.44457301,0.020443704,1.3605812,0.0034565383,0.49317527,0.17726529,0.5732817,0.5774629,0.28838444,0.9232693,0.7848369,0.35531056,0.97066545,0.4712391,0.15146637,0.04699342,0.41360056,0.52607715,0.03169069,0.016464582,0.023453997,0.024566073,0.95161414,1.0671811,0.12484554,1.8057853,0.086615175,0.9150912,0.2341657,0.9839451,0.3505905,3.297971,0.2617504,0.122197345,1.7447516,0.49209118,1.317328,1.1196938,0.50589347,0.9725547,0.6921352,0.94534063,0.009791027,0.3589933,0.15218271,0.58252096,0.13333248,0.3833299,1.3132174,1.5326422,0.6756152,1.1415675,0.12502064,0.00021918713,0.9347883,0.07824854,0.7325171,0.17740554,0.032185644,0.28970996,0.43626344,0.8706236,1.0613259,0.0,0.25921822,1.0096205,0.13906959,1.2178711,0.034418,0.4808079,0.82962245,1.0526348,0.94860345,0.3146263,2.230245,0.072802365,0.26148242,0.5857756,0.07967527,2.788981,0.5906577,0.3026458,0.163075,0.06339146,0.17167518,0.09711759,0.019727137,0.5606837,0.026062766,0.29976082,0.1992278,0.06395015,0.9817661,1.0122932,0.91832286,1.5413543,1.425136,0.3043329,0.02857265,0.10448678,1.0028859,0.6025743,0.7031995,0.17302209,0.779747,0.012388782,0.703286,0.25798786,0.08666692,0.22738846,0.7538461,0.30601543,1.3428732,1.4173118,1.2491708,2.5300138,0.47351792,0.15251051,0.3876324,0.50850904,0.09628519,0.13406879,0.21105653,1.7543529,0.02684544,1.1548277,1.6335393,0.694836,0.11826663,0.12555948,0.44698668,0.8280797,0.30640465,0.49941438,0.09701158,0.0128276395,0.29239744,0.32682487,0.05559474,1.6140672,1.4139512,0.027018389,0.15901817,0.577961,0.37839955,0.7630684,0.31932077,1.3404776,0.07495956,0.00095193525,0.16681896,0.400552,0.0038125108,0.09804396,0.1952422,0.07732045,0.290938,0.7289264,0.22619823,0.9176324,5.5629845,1.3647794,0.002706924,0.66068876,0.63789916,0.20691358,0.29199728,2.1702259,0.07606125,1.2354223,0.9746886,0.19213228,0.44762263,0.46782574,0.37975988,0.18328698,0.33607286,0.083423845,1.2287529,0.8526123,0.11116451,0.0,0.0,0.022067945,0.43343377,1.1385436,1.5399288,0.27319863,0.44431677,0.23384212,0.45888323,1.8667951,0.31601664,0.31476146,1.0246713,1.5473819,0.18032414,1.1760024,0.21591805,1.3864154,0.1819102,0.009239836,0.091914825,0.0,1.464815,0.5079696,0.010594043,0.20824783,0.94522524,0.049247175,1.7289377,0.4230346,0.60072273,0.07111038,0.29263526,4.635726,1.2636343,0.010532474,0.6822228,0.043506768,0.31273746,0.028722066,0.6271322,2.298864,0.72238296,0.15411188,1.0498787,0.20646803,0.8341961,1.2470264,0.013903654,0.32510594,0.0017350264,0.121945046,0.24415947,0.8613374,1.0452819,1.3690556,0.93979454,0.7811788,0.36457488,2.5688531,0.0564986,0.77283967,0.0071657584,0.09163502,0.34520113,0.7608018,0.72172886,0.039174993,0.3311541,0.5565685,0.5976703,1.6265544,0.5062982,0.73883367,0.01745567,0.38907522,0.58085775,0.54180557,1.1707811,1.951063,1.212336,0.0,0.5161831,0.17732768,0.20359269,0.6769415,1.8485309,0.764208,0.74179405,0.0349051,0.0,0.52820826,0.20329888,0.1071358,0.22006245,2.8240218,1.5891556,0.0784478,0.96182,0.64646643,0.42995197,0.15040362,0.8149129,0.0039578783,1.1896873,0.13056326,0.5800101,0.14643593,0.85315657,0.03051965,0.016066937,1.3497956,0.827152,4.9499316,1.5304176,1.6173965,0.14770938,0.010118019,3.895616,2.0217626,0.008904448,0.09895989,0.71437514,0.09488808,0.023049071,0.8162621,0.20389007,0.2925052,0.24012409,2.723242,0.5869758,0.27981114,0.6106231,0.21021675,0.23677821,0.25404152,1.3969373,0.47191966,0.05808077,0.6258397,0.65431976,1.0349202,0.77557373,0.1930804,0.32087955,0.89355624,0.1413839,0.123259544,1.5797049,2.408551,0.10961867,1.6977158,1.3681027,1.5132756,0.55165666,0.51801586,0.61532295,0.18075304,0.87070477,1.1956476,0.11127704,0.0051189167,0.9125379,0.50201064,2.6977184,1.2933174,0.8088791,0.38623962,0.06789541,0.27102634,0.37675214,0.2512718,0.9190161,0.12813021,0.38217255,1.7978089,0.38422304,0.86786354,1.2153054,0.90096265,0.4063452,1.0100406,0.08406369,1.8692614,0.019192059,0.91362137,0.26097342,0.66243804,1.1057457,1.121186,0.17900029,0.49929187,0.37435013,0.79401815,0.44014117,0.020360261,0.1134158,1.3136754,1.1288177,0.432171,0.58513784,0.28752592,0.13009705,0.42660904,0.038132574,0.37415317,0.6010674,2.1791263,0.00547917,0.016092062,2.248143,0.37449956,0.6451695,0.007755769,0.033098925,0.97369087,0.4533629,0.27247378,0.0033899532,0.24464564,0.41082856,0.15788983,0.10782373,0.0006162743,0.07351994,0.0006846766,0.14773165,0.36524087,0.3651773,0.09970139,4.9572744,0.8613124,0.10033181,1.136851,0.52630395,0.3286534,0.60758334,0.3365156,0.1510237,0.22943696,0.27852216,all_pothole_images\pothole_images_2_image_311.jpg
0.50796753,0.33402112,0.053945433,2.1087468,0.984116,0.10639118,1.4725087,0.13018122,0.9634762,0.42908865,1.4510037,0.6951012,2.0638359,3.2520926,0.9285543,0.96946746,0.116827816,1.7524928,1.15922,1.3806541,0.3195758,0.51953363,0.41366544,0.40346527,1.1280487,0.8130112,0.15419047,1.8145885,1.2521528,0.4571951,0.31027457,0.91425806,0.42284462,0.38118273,0.04234136,1.162803,0.009656434,1.3410339,0.55893755,0.037320673,0.1780725,0.34843752,1.3024846,2.1042328,0.6333631,0.3232879,1.0523516,0.074092895,0.60108256,0.04583488,0.9608466,0.4405688,0.5881441,1.1455076,0.8130732,2.5786262,1.1158208,0.4832917,1.008909,0.74925244,1.1468341,0.95180416,1.9076419,0.32817447,0.8604846,1.9585032,1.1727928,0.9814029,0.202964,1.4154215,1.4565604,0.52077943,0.46332297,0.60359836,0.37403175,0.118887715,0.41038182,0.7167407,1.1551741,1.2305112,0.002126372,0.03528916,0.8001737,0.8373595,1.0036852,0.5326211,1.2733054,0.0012780201,0.88952684,0.5107453,0.6151039,1.3715374,0.7242363,0.7547257,0.8427757,0.31516492,0.5532494,1.4936209,0.13020486,1.5777918,0.6557463,2.2545755,0.46635008,0.54217744,2.1635058,0.14579667,0.83841854,0.012734517,0.19055462,0.34707507,1.9168371,0.92722756,0.64652383,0.42544103,0.39202422,0.7996886,0.016669005,1.0117157,2.723618,1.6071637,2.586299,0.4695712,1.2939025,1.2250782,1.9890089,1.4137031,1.8357189,0.3220532,0.040078953,0.7562432,0.733962,0.5266929,1.3417208,1.3693779,0.15968488,0.537298,1.1078681,0.5536631,0.6396802,0.6153485,1.602737,0.61146057,0.9802905,0.6832588,0.23890921,1.3683976,0.0,2.0837934,0.67945594,1.19689,0.4899389,1.4786792,1.1268281,1.0289514,1.8669446,0.43292078,0.56755894,1.1668944,0.53107363,0.5056057,2.0453525,3.1656253,0.15530421,0.6192046,0.58467966,0.50587565,0.26291972,0.30621162,0.93704206,3.713978,1.0085534,0.37508333,0.043603405,1.4501125,0.67662406,0.8983132,0.6380801,0.20291196,0.44766733,0.2858603,0.6972773,1.2365332,2.01917,0.48473373,0.30418158,1.0432466,2.1116104,0.88405377,1.2091448,2.0517886,0.497943,0.9803094,0.13426495,0.9375654,0.08203946,0.08956407,3.005773,0.56861556,0.49742603,0.84080976,0.5096464,2.2965178,2.1273315,0.8013462,0.5961882,0.19777237,0.2513726,0.2055123,0.8048183,1.3347968,0.3395613,0.10106163,1.0900018,0.048599564,4.191708,2.6424298,1.8060832,1.556862,1.7629508,0.34951636,1.6814961,0.5357954,1.2146031,0.5864092,0.002280594,0.23347515,3.269747,2.2332458,0.52063316,0.5720393,0.3338071,0.11513592,1.4916672,0.3282398,0.28013963,0.11465468,1.452098,0.5074588,0.21046108,0.58155376,0.9342571,0.5066663,0.16325176,2.512762,0.034686208,0.026430069,0.9823162,0.318954,0.7224856,3.7498336,3.1140995,0.034805153,0.66178894,0.18702027,0.59693134,1.91845,0.38621414,0.108006604,1.1411645,1.7563787,0.83342296,1.0211827,1.1104991,0.8010114,0.119206235,0.8148433,2.2511039,0.23605432,0.93861794,0.061710645,0.34180528,0.92536193,0.73748267,0.07225384,1.1945467,1.8317089,0.26965982,1.3242368,1.8100942,1.0652812,1.3158772,0.8676863,0.9865145,1.0859249,0.36477596,1.4314284,0.8857079,0.45603397,2.5982208,0.5014842,0.094847776,0.70197815,0.6549358,1.0038794,1.1939563,0.32542914,0.023501575,0.51760876,0.029332062,2.0680454,0.43500176,0.40118784,0.7238467,0.19093761,4.083386,0.1300335,1.0452524,1.0459802,1.3778808,1.4799186,1.9380422,0.9062251,2.596638,1.1847552,1.7407854,2.7669935,0.972356,0.9738907,3.366556,0.3398093,1.7726955,0.32583073,0.76469064,1.036035,1.0281754,0.48443836,0.8328988,0.05483615,0.87064606,0.22604182,0.6789312,0.06706008,1.0349106,0.759628,0.31003365,0.22245617,2.4150512,1.9864888,1.2830336,0.8626221,1.0536655,0.42721862,0.9653264,1.778467,1.1199354,0.32049376,0.67336005,0.264112,0.6068245,0.3672638,0.5224957,1.1737125,1.0790006,0.2515482,0.13316008,0.4219375,0.051138245,2.083397,0.85823774,0.62415767,0.4114348,0.38737604,1.4066885,0.30350843,0.2921251,0.2925442,2.0184581,1.153904,1.2383205,1.3282162,2.0763357,0.14077547,1.4515495,1.3520772,0.5084443,1.6236308,0.057708155,0.35867286,0.6854511,0.21873446,0.41900206,0.23668113,0.6774457,0.7095584,1.8439567,0.7026774,1.5531948,0.2950213,0.23759723,2.0907128,0.28612584,0.19467656,0.30888322,0.5041102,0.022853598,0.004879487,1.1362722,0.5920461,1.1093335,0.46589753,1.2204417,0.7829759,1.3445115,1.2177091,1.9655418,0.8347052,0.94896686,0.70297974,0.49525124,0.0,0.5929602,0.8482288,1.0038251,0.87438965,1.1989623,0.19902548,0.110039085,0.6834175,0.98287636,0.031025514,0.94120026,0.8403482,0.25469348,2.8124104,1.8482575,0.13655128,0.5906873,0.002243273,0.22124083,0.4577284,1.5467364,0.38513368,1.3021129,0.99060774,0.5054602,2.6559718,0.35449016,0.9024671,0.01602796,0.032362863,1.3953726,0.9331658,0.1436999,0.042679597,0.50551564,0.16610414,1.3263444,1.303049,0.4894622,0.23926984,3.978399,1.1115037,0.3642797,1.0887405,1.7549552,1.3310069,0.22815765,0.25982112,0.14356042,2.848397,2.5208771,0.09455988,2.0118647,0.92840046,1.5207253,0.5519265,2.1473746,0.32463232,1.6578242,1.2462946,0.43840295,1.2027274,0.14285967,1.2470168,0.94174206,1.1127652,0.85752463,2.0902069,1.7165929,0.26239914,1.1444561,1.6286343,1.7617937,2.1303656,0.0,0.93652076,1.375949,0.265707,0.43100217,1.1397955,1.1281832,2.4960175,0.2644259,0.2972131,0.4856194,0.41409153,0.16356571,0.043713346,1.0349885,0.3463669,0.61019826,3.7446082,0.43062046,0.8696519,1.3673626,0.39839464,1.3332933,0.38202986,0.39517,0.36321008,0.054518797,1.0802029,all_pothole_images\pothole_images_2_image_312.jpg
0.33843258,1.9228501,0.39636835,0.37457314,0.50768757,0.0064275335,1.4490007,0.15706453,0.26738954,1.1563742,0.48591527,0.16910803,0.12181286,1.719719,0.002355725,0.11520917,1.3356646,0.73128724,0.91998756,1.1760154,1.0623722,0.10326317,0.3284809,2.6038594,1.1809082,1.0301838,0.4231882,1.7452627,0.018499743,0.25338674,0.5345587,0.9154678,0.044161946,4.231932,1.8103615,1.7465106,0.1045368,0.70914394,0.92584157,0.4794569,0.13036838,0.481978,0.43877175,0.59833777,0.33713192,1.5135099,0.124378525,0.028378736,1.579644,0.9401358,1.8421786,0.44495714,1.3234415,0.112876445,0.32828286,1.8865225,0.71206355,1.5936007,0.1101144,0.52768797,0.66072434,0.095720544,0.30992866,0.829652,1.1822317,0.4627666,0.68856514,0.13050053,0.9541802,0.67462116,0.84406,0.65592504,0.039963912,0.081556395,0.36650956,0.59153163,0.51750034,1.5717659,0.16586778,2.1632671,0.16138585,0.63385445,0.1784703,0.57346714,0.6343864,0.25750777,0.58947116,1.2991053,2.0665998,0.5153474,0.55701834,1.2554481,1.077056,0.61645275,0.18301894,0.8691982,1.7778579,2.4242349,0.39594975,0.60991055,0.4232875,1.3862348,0.40539053,0.21758552,0.6679667,2.3592722,1.8499151,0.02358471,0.0571741,0.64163315,0.80362105,0.49412137,0.50159943,2.7770753,0.30819067,0.3740158,1.0035715,0.7007487,1.4132917,1.6213995,1.7950859,0.11180465,0.2357096,0.6068982,1.876882,0.90891623,0.851683,0.29497203,0.006982504,0.5030093,2.8110533,0.45018113,2.5097346e-05,0.10611744,2.1072114,0.20967795,0.8119955,0.7032011,0.32643563,0.4893265,0.27539676,1.0244839,1.2020519,1.606897,0.11951689,0.48066103,1.3496195,0.968376,0.30944073,0.38210437,0.18658575,1.0800878,0.8880718,0.4271413,3.0747612,1.9528979,1.6114258,0.5584683,1.1336089,2.1943567,0.48769674,0.79295856,1.8286247,3.4465141,0.6877319,1.0720215,0.29989514,0.14179635,0.9099515,2.1779702,0.91187596,0.15576105,0.38333374,0.282392,0.4820075,1.8167064,0.3192564,0.30554968,0.0,0.31049633,0.5983032,3.42723,1.1249791,3.9721215,1.0987967,1.0952427,0.55266196,0.9837767,0.8097349,0.5939575,0.088660024,1.5760545,0.66427547,0.3993345,1.5473458,0.8669449,1.3977677,0.26432827,0.17245063,0.7164963,1.3152748,0.62041366,0.7641353,1.5517416,1.4136934,1.5921205,0.9802941,0.58181584,0.6347935,0.06690752,0.094192155,0.17300417,1.6308341,0.8380982,0.85151327,0.29113674,0.72342765,0.017633673,0.60253453,0.90250707,0.80728894,0.81356794,1.6860377,0.392952,0.13888633,0.025471793,1.2611794,0.34826544,2.3233798,1.1540651,0.32920828,0.00971771,1.0424641,1.9481767,0.097870484,0.2136884,2.303103,0.46068135,0.5873495,0.47360256,0.74163485,0.7205299,0.17058143,1.014166,0.5758517,0.3590523,1.6575367,0.73803115,0.032762267,2.8028476,0.7758372,0.20147873,0.025597278,0.10612104,0.8737003,0.94293696,0.40922904,0.4183098,0.68736213,2.8046315,1.6403842,0.36951855,1.616391,0.0009158515,0.4959109,0.030478137,1.2204783,0.053843204,4.049789,0.6945484,0.34631282,0.0,1.2920758,0.8446374,0.0,1.0671024,0.410521,0.7919222,1.1556056,0.97889465,1.0049547,0.51998174,1.2146544,0.08444741,0.7479233,0.8546921,0.56925046,0.15627708,1.032679,0.2601628,1.049071,0.56404996,0.09368448,0.6294854,1.4278356,0.17149194,0.7308958,0.11378353,0.7781368,2.356414,2.406995,1.2061698,0.88894534,0.04748954,1.825956,0.07888537,0.018292548,0.19206698,0.18237187,0.98848397,0.07371326,1.1171869,1.2611138,3.228227,0.8959969,0.41425106,0.27978885,0.26167583,1.8829887,0.45648655,1.9277425,0.0,0.76235414,2.4837415,1.212119,0.46423167,0.2940354,0.1398181,0.25676095,0.06912786,0.59606755,0.14252725,0.02724408,0.0008613158,0.882817,1.0888638,0.49858984,0.35967928,0.18074952,2.0206628,0.5194191,0.06604,1.1600307,0.44910827,0.30947268,0.1095378,0.08964667,0.17657807,1.2003789,0.83023834,0.10070173,0.3330316,1.0695047,0.5611681,0.38968927,1.3975934,1.2966219,1.2019972,1.8503411,1.4103618,0.24858293,0.51862407,0.56279844,0.3454065,0.0,0.0,1.3639457,0.9309555,0.16205922,0.49505988,1.2664857,0.6550609,2.611396,0.37919265,0.24892364,1.0730673,0.690484,0.43910056,1.8798432,0.23068316,1.8101486,0.38265947,0.045903727,2.0297973,0.8048683,0.21163702,0.9063823,0.2315243,0.2568341,2.594263,0.95723194,0.20189336,0.0,0.10990693,0.68340325,0.9235368,0.8703369,0.5940394,1.6542729,0.40939865,1.0485922,3.1620615,0.4384279,0.17954999,0.06649374,0.5599201,1.6578823,1.1190844,1.2534492,0.5768715,0.37742493,0.2165303,0.42396042,1.5869987,0.06399749,0.8494256,0.19890781,0.7315908,0.09530984,0.07204965,1.5882142,1.077355,1.1461537,1.5896977,2.9859447,0.47219512,1.5538921,0.37952557,0.3176284,0.57680726,0.9272182,0.92123187,1.700822,0.99849015,2.2807364,2.2505822,1.4915961,0.19616501,0.14446244,0.33457258,2.4863224,0.5852605,0.2201352,0.20149408,0.0040392396,0.09484924,0.73346764,0.50353646,1.2547753,1.6862911,1.2640202,1.0121284,0.110949926,0.08784836,0.8225872,1.4357128,0.25520396,0.44385955,0.08828333,0.22861075,1.6923351,0.69909906,0.5132193,0.20348698,0.0077538122,0.20516789,0.45381686,0.40395176,0.5135816,0.483738,0.18156461,0.53808945,0.2141289,0.052901637,1.3748231,0.35319713,1.7682507,0.75572234,1.258118,0.68530864,1.216508,1.5587388,0.7402289,0.22633155,1.2874432,0.7653117,0.44411817,0.2014449,0.7619263,0.100513205,0.112768754,0.9407148,0.16748612,0.59555227,0.54481274,0.11841867,0.0851479,1.0895107,1.2494712,1.0482279,0.30380228,2.2912903,0.9744357,0.4864709,0.78796804,0.9300619,0.69865674,0.52977127,0.36442128,0.6142797,0.069447346,0.06343454,all_pothole_images\pothole_images_2_image_313.jpg
0.35650346,3.0829508,2.263119,1.7032954,3.0961254,0.76708347,1.7584952,2.4081645,0.10596313,2.230136,1.1004043,1.7662659,0.4832783,2.5449479,0.5198072,0.20996961,1.2400957,0.41052806,1.1669552,1.7391335,0.43355832,2.1691587,0.22672698,0.8014516,0.5578074,0.29486814,0.35543403,1.4743398,0.0042625503,0.07080886,0.39970753,0.5348762,0.32541746,0.8739152,1.5922834,0.13992742,1.7315751,0.5270464,0.0031075727,1.5538127,0.03506719,0.86306125,0.20955424,1.8814994,0.020104472,0.4441073,0.50054914,0.0,1.4033343,1.6824074,0.88363427,1.8158122,0.5948771,0.79233056,0.41924706,2.8569372,2.6323938,0.70179296,0.7323632,0.17396633,0.72285444,0.46011454,0.4978155,0.094884455,1.0388579,1.5773668,0.9453991,0.0,0.057702303,0.71916336,0.026108323,0.13308245,0.108044185,0.13116184,0.9535103,2.0412226,0.14933665,0.20916097,0.20821412,0.6156898,1.7599657,0.7426155,0.3472041,0.67031413,0.90597683,2.3569477,0.42768943,0.3521013,0.99849373,0.11475333,1.3500979,1.421547,1.533714,3.3056564,0.13030373,0.35697547,0.79141045,2.2156515,0.97670466,0.39440286,1.4744265,0.75029725,0.38294157,0.9281521,0.27614418,1.0708243,0.44240087,0.18316834,0.16183071,0.4943217,0.10592381,1.8508917,0.5336056,0.671912,0.512951,0.86490214,1.7159976,0.28101224,0.6538902,1.0237404,1.8995816,3.4397812,0.3194382,1.5677053,1.8101442,0.37298787,0.85484594,0.5098922,0.38487905,0.34607202,2.0682638,0.74269944,1.0292296,1.4279171,2.6613598,1.4047508,0.94270325,0.054996014,0.6313919,0.86236227,1.672079,0.24362777,0.7673368,0.811225,0.091901936,0.14922005,2.9653323,1.1611979,0.3877007,0.85573965,0.85918516,0.13261119,0.26368135,0.031990614,1.4393463,0.8185385,1.5206518,1.1045868,1.1629428,0.7250928,2.0408783,0.09296446,1.2893358,1.426234,1.0748093,1.4928937,1.1127524,1.3006771,1.3955157,0.052839182,1.0923766,0.15540618,0.54911375,0.34540448,2.4701948,0.15983854,0.14863004,0.3730126,0.3638906,0.36326143,0.016943708,2.2393427,2.3861647,2.4642358,0.67252225,0.24579297,0.997498,0.44310728,0.1163533,0.41134128,2.8442729,0.10741952,0.027756138,1.62655,0.5593639,0.39443633,0.5838706,2.3073912,0.50864506,0.599323,0.1630858,1.3682693,0.34488046,0.12884177,1.220153,0.43451348,0.64111215,1.7725801,2.1039152,0.4883029,0.20563935,0.09687282,0.77017784,3.9484918,1.0354395,0.5673984,1.2709279,0.010120344,0.65646446,0.43047425,0.09236563,0.5316085,1.2496414,1.7098049,1.0867932,0.36813214,1.1114527,0.011826147,0.4075189,0.093778424,0.265884,3.0457108,0.29805705,1.0805554,0.28934288,0.8824048,0.13072206,0.5540971,0.13416333,0.53223044,0.041209746,0.16074882,1.4320562,0.07896984,1.227883,1.2255983,1.5917526,0.2359029,0.5919033,0.7455433,1.553952,0.39072227,1.1102325,0.84570193,1.4827224,0.7972099,0.60620916,0.5609334,0.17155635,1.4891948,1.8386801,0.3021036,0.78275657,0.4866102,0.37523946,0.71084464,0.24622373,0.79746294,0.9278311,0.3769372,1.1460342,1.2158419,0.14831646,0.5579823,0.2080697,0.804488,0.5265078,0.22062998,1.2134396,0.39497218,0.49046734,1.2157302,0.9929137,0.4869614,1.357608,0.4612643,0.8959981,2.0093637,1.201113,0.7851322,0.98208755,0.14530274,0.31999102,1.6608908,0.86844236,0.64847904,3.0090961,1.2767323,1.2477869,0.17990528,0.025662623,0.2127296,0.1681323,1.6753662,1.3372636,0.1648051,0.667449,0.23858087,0.5965234,0.42527452,2.4522052,0.50131005,4.9627666,1.0153238,0.25433373,0.49994025,0.18591642,0.47307047,1.5636151,0.59518594,1.0718896,0.9283475,0.025537895,1.009491,0.17394201,0.37828535,0.0046610744,0.3957651,0.99491835,0.89730644,0.28062877,1.5577817,1.0311006,1.1066691,0.58027273,0.5473643,2.0888655,0.9663501,0.6492269,0.56343544,0.8625413,0.76216936,1.011823,0.71131057,1.4843992,0.27810213,0.36574212,0.31204847,0.07068642,0.39551777,0.6004194,0.05862104,4.039878,0.90631306,0.081432804,0.69989824,1.1669779,0.5374713,1.038236,1.0641766,1.4995643,0.32807913,0.46151862,1.6344734,0.5723724,0.6413685,1.46368,0.04840961,0.8383558,0.71024257,0.7639675,0.75820893,0.8481305,0.0,1.8180014,0.2053139,0.019615915,0.39174542,0.7739317,0.94024277,1.1861243,0.4115153,1.023572,1.9781271,1.6405843,1.5727473,1.7075968,2.0180924,3.0142336,1.4272685,2.2504134,1.6639417,0.6985836,1.4900508,0.33597463,0.66441715,0.63786936,2.5599189,0.7239279,0.5298847,2.9241507,0.04351953,0.3566703,2.4956124,0.49308664,0.33589223,1.1592481,1.1207616,0.3078071,1.965891,0.51661503,1.1109539,0.58905363,0.8372355,0.07756431,1.2779083,0.9020616,0.8563309,0.15852284,0.1923991,0.53601,2.2462003,1.8340302,0.7466527,1.2298295,0.33218807,2.4242282,2.399563,1.1226573,0.5213113,0.25169316,0.48536316,0.13185164,0.12563778,0.6984093,1.0599045,0.28495237,0.22705786,1.4430542,0.9093829,0.7510025,0.74985147,0.4228957,0.59380805,1.0636665,0.8658405,2.219281,0.11227889,0.20485033,0.31742933,0.057863515,0.8343211,1.051857,0.19066115,0.13752742,0.90293485,2.7825665,0.5235736,0.27881047,0.05302503,0.51914823,1.111946,0.8107752,0.5224244,1.4149884,1.4768016,0.5064067,0.31876084,0.505933,1.496858,1.4313337,1.1442313,0.6253868,0.6902085,1.3899212,0.4566628,0.15988718,0.13537364,0.039768953,0.32361633,2.0571954,2.1377094,1.3236455,0.013965833,0.15294272,0.74684095,1.5854987,0.5908313,2.1736414,0.0046333657,0.5672498,2.6244833,0.86075014,0.07009293,0.5245609,0.49619713,0.2093071,1.3150305,0.65962267,0.16674773,0.52938753,2.0113375,0.65424484,1.7792,0.7167843,0.3821667,0.033655677,0.3638748,0.15919748,0.8008616,1.0773745,0.16493806,all_pothole_images\pothole_images_2_image_314.jpg
0.85571134,0.8180883,0.98651665,1.3355705,2.3712718,0.008149738,0.38637888,3.7733872,0.8106141,0.6591884,0.17068519,0.83028895,0.37871146,1.5642918,0.7092527,0.10881619,0.54404956,0.2666137,0.3859949,0.44442958,0.11817973,2.8539279,0.34595856,0.9867552,0.9447202,1.1485147,0.34310398,4.3002586,0.5835366,0.30177414,0.60248184,1.123624,1.5324275,0.1832151,1.6035097,0.92878556,1.2491193,0.71406054,0.16164285,4.260337,0.67692524,0.17233245,0.22031558,0.92323565,0.27859017,0.9335657,0.10790887,0.0,1.0950383,0.67302,0.7202808,0.12900609,0.26526082,0.055380106,0.10491992,0.010396017,0.89370394,0.04606491,0.20154375,0.5844219,1.49906,1.1897327,1.2616626,0.6740299,0.70827293,1.5255861,0.74121994,0.10367861,0.17179683,0.58737516,0.28864616,1.2999799,0.0049796146,0.093358584,0.27728206,0.3274387,0.06384094,1.1382637,0.5988999,0.23132667,0.03268991,0.86019117,0.0,2.3438802,0.11659413,1.8062536,1.1557772,0.062321804,2.3846548,0.65843046,0.28256115,0.53040946,0.070402674,0.117364,0.287348,0.08721861,0.5791641,0.37151414,0.70041245,2.4824631,0.85054183,1.0177943,0.64746875,0.35808566,0.24818023,0.08341625,1.2092878,0.38427538,0.54443926,1.220834,2.4275627,1.1530544,0.12068059,0.3359773,0.513474,1.3971455,0.9185968,0.8409742,1.0445527,0.91836935,1.7241775,0.18190646,1.0718126,0.17417173,0.34571028,1.109128,0.57507485,2.0736263,0.4021414,0.72042984,1.9349029,0.0975558,0.45849717,0.47678065,0.09208663,0.21854669,0.23836981,0.17755848,0.22691609,0.524083,0.4317162,0.054655593,0.13688625,2.313132,0.6886238,0.7793305,0.5734264,0.029040677,0.859914,1.4158689,0.3509498,1.2384204,0.056648184,1.4355364,0.36943832,0.040938187,0.81342566,0.5763602,0.53313166,1.0218388,0.33269715,0.2481542,0.90844727,2.5388796,0.560569,0.37786996,0.4701446,0.6979408,1.7539679,0.31492093,0.073272556,0.20839281,0.72686625,1.3948,0.6174179,0.04661409,0.85270315,0.01107901,0.16702473,0.0077067893,0.011429982,0.7093814,1.0985001,0.44126612,0.21604055,0.9099001,0.04590551,0.021744458,0.07943142,0.3316591,0.7592258,0.6022705,0.6721233,2.0030577,0.21685782,0.4255479,0.24229905,0.5934432,0.39741024,0.27615952,0.42273694,0.77754843,2.3005395,0.54469585,0.9947192,0.9958044,0.48721734,0.6099717,0.47014058,1.4851451,0.42894647,0.06554796,1.696134,1.5807325,0.041903067,0.17727317,0.49270353,0.22805075,1.3057128,1.3419795,2.0302541,1.1637657,0.16428491,0.5511276,0.24852577,0.7701017,0.98858327,0.32137352,0.3597335,0.072275676,0.39585775,0.90143114,0.40757313,0.47471836,0.64890844,0.51378965,0.5339911,0.66912186,0.040614095,0.51098454,1.0519025,0.006328725,0.43996778,0.30236673,0.11045993,0.0036308523,0.42557946,0.5523214,0.39745957,0.8317853,3.2345753,0.0,0.09246194,0.8280101,0.13480997,0.2358469,2.4262214,0.3242159,0.82933056,1.361689,1.5300069,0.8119935,0.96094877,0.37982592,0.02194823,0.671655,0.1486803,0.45473745,0.7600976,1.1033841,0.22549617,0.2522049,0.3547444,0.37933844,0.33278826,1.2158899,0.3140937,2.0929298,1.4795198,0.5212537,1.6632869,0.19513318,0.25096688,1.4091336,0.51611066,0.41077664,1.1181159,1.5636456,1.5974597,0.41205,1.0698541,0.17136626,0.17709227,0.58734715,0.13347355,2.2143776,0.6046908,1.1266899,0.18065295,0.21563743,0.29176036,0.23420785,0.056760922,2.2106128,0.47102842,0.043563034,0.21974865,0.23423253,0.5423944,0.6702825,0.7630933,1.2866617,1.9630796,0.117329985,0.10701467,0.29856977,0.057999007,0.5315312,1.2713369,0.35306904,0.06595521,0.8429556,0.0,0.07738506,0.77846354,2.0126061,0.92747504,0.27447483,0.45212024,1.4275126,0.4511638,0.40623602,0.08314506,1.316236,0.37785548,0.4915901,1.1104888,1.0249753,0.13400006,0.23787184,0.027431324,0.23390602,1.92976,0.8149929,0.60239124,0.0,0.14601798,1.4362409,1.6536305,2.3138676,0.55949193,0.23701073,0.19267145,0.65552115,0.046034623,0.13418348,0.1963712,0.15617166,0.428991,0.51544785,0.11493745,0.19799757,0.368039,0.12648296,0.8460198,0.12568767,1.82458,2.3996086,0.0038494577,0.8616394,2.4036467,0.7396111,0.302234,0.69224167,0.19898511,1.3517679,0.29864207,0.38767666,0.27524808,0.3523443,0.30567586,0.116163015,3.4225113,0.41538867,3.1494465,0.84514546,2.0993998,0.1287761,0.19760057,3.2936044,0.8482519,0.8724942,0.11312033,1.0859143,0.7598704,1.5919278,0.80718815,0.4800921,0.5400492,0.5237965,3.9155114,0.27183157,0.024284843,1.5212234,0.26027742,0.44432288,0.65982395,0.06620012,0.6650368,0.10498584,0.29800606,0.33941653,1.5992004,0.9213132,0.9166392,0.91760546,0.61818904,0.23674972,0.68184185,0.42725682,1.1968647,0.12272317,0.18305437,0.25739858,0.76304233,0.90209526,0.64950824,1.7228329,2.0628154,1.5789165,0.30690166,0.25683466,0.347929,0.3371286,0.9221566,1.4979024,0.46936548,1.1208478,0.26399577,0.054463014,1.5292264,0.22582458,0.44533122,0.38331828,0.22284825,0.18634185,2.415949,0.35180897,1.3212775,0.2330379,0.6557593,1.0873898,0.8746654,0.07157197,1.2764144,0.18281874,0.87058645,0.1428256,0.9236932,0.3611424,1.1094356,0.5404939,0.16351524,0.3367986,0.71015304,0.62165046,0.5456478,0.48314503,2.2040043,0.53179014,0.95986253,2.593574,0.47816303,0.8200915,0.08869076,0.5921032,0.25779647,0.90216625,4.2724977,0.0143231535,1.3962086,1.8578376,0.7563948,2.9080648,0.1502903,0.29440594,1.4080555,0.106325984,0.43155318,0.69807035,0.49285856,0.63043416,0.31159437,0.47832152,0.119992174,0.54898834,0.0077642268,0.764831,0.24971516,0.08811939,0.40782183,1.2832502,0.5035385,0.3432001,1.111988,0.05259344,0.6912336,0.8804409,0.19740845,1.9183446,1.0613352,0.42990258,all_pothole_images\pothole_images_2_image_315.jpg
0.06267867,1.1373796,0.2974113,1.1200012,0.8287487,0.057212964,0.041352756,0.055411473,0.22579107,0.56995016,1.6494747,0.8890148,0.7965373,0.2944903,0.03519261,0.067137174,0.15071909,0.0,0.42016068,0.02038979,0.33132362,1.8908968,0.61697006,1.4927851,0.08490996,1.7562461,0.107181944,0.7344089,0.03448946,0.4189696,0.60037535,0.2553682,1.0091791,0.55864304,1.209139,2.2123516,0.8399739,1.5383033,0.24194257,0.28328675,0.55998766,0.5454739,0.40939206,0.46407816,1.1513002,0.078192465,0.31190813,0.44651976,0.06757383,0.13079475,0.6967739,1.72864,0.6252265,0.3551811,0.048928346,1.6427281,1.7540772,0.17711756,0.2571461,0.045484446,0.18014358,0.06577165,1.2882886,0.4092667,0.82906926,2.410234,0.271666,0.17781451,0.15691103,1.0285527,0.39799336,0.056696296,0.12462791,0.23041715,0.120584376,0.36470342,0.099956475,0.18017504,0.029391222,1.2465014,0.17166808,0.1120893,0.28102157,2.8010528,0.61606455,0.98605335,0.096671104,0.16030188,2.3924143,0.42010567,0.105107665,0.34226742,0.011574113,0.09194222,0.20482296,0.1882766,1.1726097,0.92271656,0.8723866,0.99231017,0.4463434,1.5873988,0.5389307,0.24374603,0.35502017,0.016419685,0.6339052,0.12311768,1.0345265,0.28452817,0.22919771,1.0579004,0.17447475,0.035380367,0.8860732,1.3737814,2.2653236,1.0469244,1.2782122,0.45670182,1.3840693,0.032251634,1.39354,0.49763852,0.13048337,1.288091,0.59141284,0.71058553,1.0112432,1.3338511,1.0235356,0.020301709,0.4020296,0.0042467974,0.10831934,0.2135512,0.21457805,0.5589306,0.7864807,0.39181384,1.709505,0.574486,0.2300585,2.3685973,0.17126174,0.15207203,0.058609873,0.21685,0.33555532,1.2159128,0.50866807,0.8970472,0.013726538,0.105005845,0.6695915,0.105308354,0.35623324,0.19762236,0.092363715,1.906037,1.9409454,0.14445575,0.014235053,1.8016217,0.3490834,0.00068491773,0.06905608,0.1920253,0.20710482,1.3900336,0.0,0.21250734,0.010702049,0.43008786,0.17639096,0.0,0.19636387,0.020892154,0.5842314,0.53912693,0.025121704,2.062322,1.785164,0.9388135,3.1989958,1.0655352,0.37133095,0.42921612,0.14965829,0.5983982,0.26515287,0.03445747,0.116222925,1.6374788,0.06279724,0.53494376,1.1541128,0.38341272,0.8087006,0.9167956,0.5266164,0.5414454,0.20685507,0.91931546,2.0512643,1.0408624,0.63685906,0.33480027,0.866595,0.08106119,0.2148142,0.96175367,0.98769337,1.2923887,1.19825,0.33239204,0.2625126,0.1705796,1.1620938,0.12833706,0.43112355,1.2508516,0.11010823,0.7770778,0.005482076,0.14815167,1.620221,1.1774415,1.6198931,0.22346479,0.029861221,0.63076323,0.123999186,0.012545328,1.5900449,0.08240081,1.7148213,0.0,0.021203283,0.092513576,0.3268269,0.029307056,0.8208537,0.09609207,0.046384126,0.07430697,0.15274392,0.69374955,1.2268127,4.4568043,1.3653984,0.19989017,0.21512586,0.72861665,0.44199908,0.018028023,2.147346,0.15475696,0.26313424,2.3820667,0.30308264,0.98020315,0.25861192,0.42126796,0.87539315,0.868648,0.15127797,0.9197112,0.95865333,1.1273508,0.086834274,0.031818956,0.0912298,1.0989183,2.1388867,0.68371964,0.9551357,0.80173326,0.5264857,0.55129206,0.9114263,0.30887353,0.5700777,0.15267538,0.44305143,0.6466549,0.4296004,0.32272908,1.1236259,0.2785116,0.6405258,0.0013353811,0.009788123,3.2821875,0.65115625,0.49901214,0.6427646,0.35455188,0.2590578,1.1805111,0.19146544,0.76266026,0.63425076,0.57344705,5.886115,0.35843727,0.3616013,0.7180262,0.19337903,0.067474,0.346851,1.4791689,5.037154,2.639623,0.5835595,1.200546,0.28797626,1.2522304,1.9889266,0.35012883,0.46680474,0.26454338,0.09403035,0.34204203,0.2882623,0.8569703,2.1664045,0.2438808,0.36634138,0.10069129,5.5193458,0.16772562,0.3855495,0.5463314,0.0061829826,0.47060308,0.59799916,1.1340902,0.31759405,0.12302295,0.35609117,0.8795579,1.7659144,0.1326992,0.17707682,0.41830578,0.7349823,0.0040325937,0.76190495,0.52765054,0.6549254,0.79041874,0.43540525,0.8124876,0.018600713,0.0,0.54078555,1.3477234,0.7458586,1.054554,0.13516994,0.0013908065,2.135653,0.1465701,0.06947469,0.09157478,1.9988123,0.8346508,0.556606,0.68274033,1.5079247,0.03757819,0.414414,0.37842846,1.7875526,1.7245308,0.35362306,0.28787363,0.42030376,0.5037563,0.013982813,0.14167848,0.55558854,0.48368213,4.2459683,1.1315644,2.638492,0.11581265,0.05679996,0.66479844,0.63001883,0.8310313,0.25920603,0.0932354,0.19805768,0.45674032,0.6391233,0.927161,0.47108233,0.016837647,3.6263764,0.33794597,0.06928548,0.33862063,1.3564495,0.0,0.53647333,0.21772009,0.06966437,0.08770069,0.2894252,0.9037916,1.1132057,1.0639746,0.069893256,0.48022455,0.34371215,1.1081278,0.022180615,0.058561817,1.032962,0.16130072,1.0804234,0.7832853,0.90145904,0.6195071,0.43642774,1.0770352,0.64729977,0.18749793,0.6169031,0.5330214,0.3467143,1.7593857,0.33070314,2.9163003,0.10117507,2.0072632,1.4056453,0.3155045,0.57455015,0.35846063,0.07228687,0.5426477,0.24157473,0.08943021,1.4753809,1.1929977,0.106128454,0.97064567,1.6774027,0.0810027,1.360408,0.5129815,1.1844493,1.1357259,0.21556565,0.58813167,0.43785584,0.9156352,1.4767829,0.06430944,1.4611115,0.35841444,0.5782984,0.41315967,0.0009802348,0.007311716,0.6001446,1.3574963,1.1346298,0.61838245,0.6324709,0.9000773,0.14645089,0.18363725,0.11510901,1.3763058,3.2443311,0.17912503,0.74370736,2.755178,1.1191405,1.2145878,0.0949868,1.068158,1.3222628,0.112435855,1.4015887,0.062362853,0.17513603,1.3974082,0.47154096,0.0,0.25615716,0.16759795,0.16408172,0.08649416,0.28512752,0.1948587,0.9797845,6.130304,0.48436984,0.23637767,1.2701261,0.8921268,0.006589835,0.6525655,0.2194211,0.48339897,0.587537,0.41282427,all_pothole_images\pothole_images_2_image_316.jpg
0.91138977,1.298552,1.1214134,1.9330425,0.2866365,0.36166584,0.6419593,0.2800724,0.19031306,1.0355977,0.041541193,1.0286423,0.8918602,1.3887569,0.6277161,0.110564075,0.6569514,0.48740923,0.67755747,1.606856,0.7595549,2.6306398,0.6564661,0.2598259,2.21066,0.5134178,1.6098409,0.93831104,0.37256852,0.22136189,0.6987399,0.20709115,0.08710896,1.6795352,1.6315923,0.8686025,0.23971367,0.96101034,0.41922182,1.4226862,0.057163987,0.26545158,0.22459252,1.6944555,0.6539473,0.01639104,1.0164113,0.010697782,0.14474238,1.0413622,0.43904027,2.9687219,0.4737847,0.38011912,0.045515653,0.6796234,0.16807595,0.89976156,0.3458903,0.16031022,0.124245994,1.7424423,0.044121638,0.22143379,0.64016074,1.7523631,0.37819704,0.3706852,1.5914817,0.16859871,0.23505287,0.5216601,0.43373388,0.08265104,0.3375149,0.9860978,0.81904507,1.6003267,0.030578487,0.7237501,0.29936644,0.042225003,0.4756681,1.9962479,0.847636,1.2562501,0.10822833,0.37424713,2.1492639,0.2315349,0.035462577,0.3481097,0.3875967,1.1890818,0.34009278,0.20845592,0.43005776,1.9586784,0.4454583,0.27291685,0.8867719,0.36436123,0.031948708,0.972167,0.03888719,0.46709484,0.10673415,0.519613,0.0,0.2027976,0.31062844,2.2795742,1.5052406,0.8637969,0.19463307,0.15383424,1.7330813,0.2257356,1.9689454,0.69420934,1.0960308,0.74243903,0.4744202,1.1235713,1.560554,0.7872208,1.6721087,0.88113135,0.5865042,0.35214442,3.1624637,0.0,0.25173897,0.19958267,0.18421917,1.9007407,0.82645494,0.3032402,0.8434878,0.046159558,1.0525678,1.9285295,2.1554275,1.2489717,0.04705331,0.0,0.84057164,0.4202535,0.21327701,0.8007524,1.444132,1.0485569,0.6744757,0.19274591,1.1009507,0.13217174,1.0401809,0.99082136,0.40949178,0.067006946,0.5974614,0.62835896,0.12905475,2.1855156,0.14734672,1.6176388,1.4166708,0.02003542,1.2768315,1.0253407,0.0,0.03299222,1.4066403,0.30811125,0.30002,0.10759348,0.47571492,0.0073745856,0.6132615,0.7395849,1.7202475,1.7322973,2.4441242,2.0418978,3.2257843,0.1403943,0.61469597,0.34389183,0.93302524,0.615869,1.002551,2.1336515,0.0,2.954187,0.043517083,0.093900554,0.15969114,2.4159093,0.96518314,0.5603765,0.6979414,0.028577581,0.4791202,0.53085124,0.4679903,0.8745177,0.575558,0.83590066,1.7157168,0.80284905,0.13706224,0.43574333,0.07080067,1.0209049,0.6228793,0.6500564,0.1181038,0.20738666,0.4247283,0.5018003,1.4427596,0.3947374,1.0283465,1.1536616,1.2918373,0.08747063,2.2014663,0.0034081812,0.38870397,0.12868369,0.8895758,0.068594486,0.4100495,0.015830094,0.3908865,0.1259359,0.017947199,0.047535162,0.07914979,0.12484653,0.20335065,0.07920462,0.55753005,0.19095536,0.060365874,0.06889602,1.6678994,0.10664337,0.494412,3.905098,1.5463446,0.72152084,1.1740977,0.67715716,0.6408189,0.95693207,1.1541028,0.7570902,0.26267692,1.2915214,0.43259773,1.1368897,0.94927204,0.25370952,0.4719286,0.5719251,0.39541283,0.8646561,1.3368089,0.30278662,0.5004555,0.39779815,0.14256382,0.73904985,0.3012053,0.6969215,0.8755272,0.44013977,1.704917,0.5170837,0.8536347,0.37781042,1.4568701,0.4193959,2.0139675,0.931909,0.5399912,0.24094157,1.7737066,1.7242235,0.5794296,0.6168175,1.1646295,0.2564172,0.08841861,2.47422,1.194389,1.4031743,0.07965789,1.1598872,0.1667038,2.3158529,0.22847494,0.24408692,2.5981822,0.070630774,1.0855976,0.3259273,0.21429326,0.011139827,1.485666,0.4663661,5.0160227,1.5504242,1.381275,1.6550695,0.13447002,0.7061034,2.3521814,0.50145894,0.21193351,0.40286,0.09461994,1.8402005,0.21041206,0.09129994,0.5803161,0.25301042,2.2556431,0.1479618,4.1567407,1.2542918,0.4993917,0.84641033,0.52520543,0.38131657,0.8914819,0.9144961,0.011680982,0.4021394,0.8477075,0.8511754,0.64217335,0.2519863,0.92074186,1.9748411,0.59529644,0.5332579,0.13139533,0.3987912,0.44418508,0.087823965,2.7092686,0.4396532,0.33658552,0.36655086,0.13377756,0.9806077,0.017852774,1.6501801,0.48992622,0.5879331,0.4870491,0.9236749,0.17865708,0.5389566,1.6374155,0.29518104,0.052511156,0.3123922,1.2854198,0.44317812,0.7292041,0.010109967,0.6661313,0.3380642,0.0024503781,0.7702376,1.0610723,0.35134965,1.1447713,0.47156888,0.27554867,1.4092616,2.0210793,2.0669675,1.9926138,0.15393499,0.57731014,1.5679797,2.3270764,2.248918,0.5496575,0.54988056,0.44235867,0.41048858,0.71910805,0.40456772,0.18462227,1.1493921,2.6580355,0.21283114,0.7765903,1.0307757,0.89836484,0.77356905,1.1578381,0.76531106,0.2790887,0.38943356,1.9445401,0.48760006,0.873807,2.4526799,0.26051715,0.03237787,0.5594844,0.08936235,0.32149288,0.25513354,2.8184512,0.088201135,2.6454568,1.087962,0.7860197,0.39518526,0.6093456,1.8920755,0.42976013,0.55242014,0.08706332,0.8207652,1.019934,0.41207278,0.053350978,2.499455,0.4737375,0.5962669,0.32804283,0.34795475,0.05926892,0.26630297,0.12835996,0.3285281,0.42226058,0.024325995,0.820769,0.29884738,0.024624841,0.7227786,1.4081178,2.1592395,1.5834231,0.6119407,0.98625445,0.377785,1.568517,0.34129637,0.2272637,0.8205552,0.99392074,0.8198767,0.16957985,0.13880412,0.34816104,0.31492415,0.1377002,0.016870843,0.42489827,2.3745213,0.7565998,0.702477,0.20295855,0.084893204,0.45108286,0.00057854987,0.21940728,1.3862152,0.25866318,0.41503167,0.5308576,1.2041339,1.1527202,1.2832845,0.011522021,0.99644065,0.1926741,0.31772438,1.311278,0.040819313,1.3460903,0.7085056,0.15853657,1.7522966,0.34873003,0.055979196,0.24294251,0.72271246,0.33182454,0.7325593,0.697377,4.7192373,0.79676336,0.97610736,1.1543366,0.76808786,0.6644494,1.1059475,0.41850653,2.2492177,0.33572313,0.93623286,all_pothole_images\pothole_images_2_image_317.jpg
0.94128925,2.5361993,1.2603992,2.8708947,1.2530134,0.3701758,0.13036288,0.23986964,0.3061065,2.1478076,0.27445757,0.64786154,0.15337534,1.1377875,0.0017453964,1.3749857,1.049796,0.06996561,0.75763637,0.9095241,0.6584548,0.2573588,0.38368967,1.5388916,0.27799052,0.4274693,0.2471315,2.668722,0.4350927,0.2929016,0.99417377,1.3021749,0.5739475,1.2670895,1.1205243,0.66936874,0.010359772,0.34234172,0.42212817,1.4760523,0.6336292,0.13020368,1.1392868,0.06523926,0.91200817,0.8506499,0.014501612,0.20033136,1.0953221,0.1282258,0.23152786,0.588619,0.9441506,0.24103092,1.1612787,1.6332434,0.8834191,0.19152151,4.3440695,0.037948154,0.46353352,0.19569924,0.100193,0.43949392,1.2443655,0.5587258,0.3125089,0.017024798,1.0847876,0.25464094,1.5527471,1.2833239,2.3125176,0.5016922,0.63344985,2.0707915,0.01682109,1.9900019,0.11708419,0.10150261,0.42681426,0.12991221,0.9948612,0.53867745,0.6701165,0.5286334,0.12364903,0.01164897,3.448026,0.072033346,0.10371599,0.12233966,0.3708117,0.6300344,0.3560411,0.08051528,2.0597525,1.8357569,1.3688725,2.7367392,0.062856846,2.924347,0.6402295,0.7020732,2.1042066,0.6626107,0.79858726,0.032845274,0.68650514,0.07854053,0.67777205,1.512638,1.1369435,0.15615596,0.30183548,0.18369289,0.69262785,0.7031774,1.5654461,0.90398574,1.1619096,0.22235656,0.214972,1.8241115,1.1699528,0.6190851,1.0142112,2.857909,0.5633166,1.0331194,0.73958665,0.0,0.32934964,1.5193843,0.82302153,1.4389033,0.6854156,0.3479105,0.15294239,1.0085973,0.0012775068,0.26852727,1.2385361,0.58890134,0.5183681,1.0762587,0.09091956,1.8264499,0.6302393,1.6483922,1.0856799,0.39732754,0.087527595,0.77398705,0.26828542,0.7922808,0.84449315,0.054968625,0.999992,1.3859748,2.5787125,4.4898214,0.7076064,0.50867724,0.90527356,0.9566471,1.5736071,0.03152582,2.8431432,0.6693358,0.6294149,0.034413427,0.46911037,0.010025839,0.58467823,0.47670165,0.66915315,0.31603926,0.5965212,0.12631954,0.99504524,0.41581896,0.69489175,2.2449691,1.881275,0.5740949,0.18125,0.31639588,0.6144928,0.97022027,0.42525867,0.8415067,0.2891363,2.5083683,0.29683533,1.2697011,1.1817487,0.35239977,1.7811818,1.9520961,0.60200065,0.5273782,0.787041,0.58429193,0.10974512,0.65352994,0.74134034,0.07306925,1.3119389,0.44021657,0.28592914,0.24831247,1.7588873,0.99918425,1.1691301,1.9851998,1.149319,0.3314575,1.1598655,0.5002229,1.5296026,0.01743579,0.4498473,0.38088697,0.0072593093,0.7664094,1.2486604,1.028412,0.055950217,0.6948295,0.44616562,0.018462287,2.1702716,0.69966394,0.66208786,0.16512845,1.7586663,0.0,0.7211204,0.2462447,0.53648967,0.25803086,1.793745,0.272564,1.265433,0.13199078,1.1923184,0.53447753,1.2340642,2.8574579,1.4774618,0.73640287,0.23989736,0.5605737,0.68657696,1.0029422,1.4106771,0.30672732,0.34353948,4.6552,0.0,0.12898962,1.6573222,0.28375688,0.07386299,0.23460276,0.263554,0.05541419,0.65152913,0.36351198,0.3559594,0.039966956,0.09253681,2.6158726,2.0800333,0.7592015,1.9244789,0.18714347,1.1451137,2.8563225,0.5304014,0.2968364,0.15305133,2.7103677,1.5484219,0.98905706,0.3296409,0.6218693,0.72863746,0.05645186,0.64883167,0.32616553,0.030003207,1.5894091,0.23495771,0.473789,0.34666607,0.19102478,0.45711204,1.2138048,0.2471289,0.4051283,0.37065893,0.10660582,0.24156094,1.5788581,0.065552615,0.80230737,1.9338051,0.947052,2.2453094,1.7677699,2.517569,1.997335,0.31923273,0.6488183,0.3082771,1.4646937,0.49759907,0.5686452,1.5559552,0.10619114,0.39504236,0.14269216,0.59373075,1.4156398,0.14369726,0.3299492,0.9436992,0.24508432,1.7173655,0.8006755,0.7544814,0.4167183,0.795266,0.0936916,1.80083,2.0551252,1.4393753,0.11941263,2.1124575,0.10153027,0.81539464,2.0135798,1.9011841,0.12394969,0.42972812,0.33462578,0.56538945,0.1100518,0.010313527,0.3637015,0.2239642,0.60947645,0.0973693,0.605667,0.6987904,0.16969669,1.5376533,0.75101,0.45627803,0.33674014,2.9292157,1.6490805,0.12179054,0.36335668,0.92104167,0.165489,0.13537982,0.94371295,0.5879759,0.26809856,0.22344078,0.08629258,0.31476203,0.57109207,0.27363464,0.052120663,0.23580039,0.796829,1.596211,1.2435274,0.27813748,0.36589706,2.1135304,1.1764231,0.554096,1.5915804,0.41419303,4.7178082,2.332893,1.9786016,0.04010242,0.8731879,0.084605135,0.16416658,2.0766392,0.57673836,1.0980283,0.104709275,0.09563621,1.9153357,0.44456598,0.0351023,0.53444546,0.74935305,0.32107586,0.051960446,0.28138956,0.0055533573,1.6501157,0.45805925,0.12245067,0.18887866,0.0,0.44501737,0.9962683,0.20014954,0.6909632,0.19805484,2.560044,1.3690282,1.6336281,0.07282248,3.3090823,0.050314378,2.990101,0.6613732,1.4087455,2.0526483,0.06508851,0.71760947,0.37297884,0.3807597,0.63604033,2.959844,1.1215398,1.0963025,1.230705,0.24750094,2.087555,0.91306037,0.12030206,0.077449255,0.0,0.0,1.8640993,0.9502935,0.8012238,2.4034307,0.8542282,0.64361316,0.072069906,0.934034,1.5513887,2.5436695,0.51009965,1.4026212,0.36053622,1.5603073,1.6729051,0.13299187,0.40916535,0.0,0.5747479,1.816772,0.05724122,0.2031269,2.2068994,0.7670067,1.0114468,0.57471055,0.22012615,0.76917076,1.5511048,0.0059833606,0.60838395,0.06490089,1.113768,0.07742597,2.3332148,2.152803,0.8690448,0.27912548,0.20652762,0.03871789,0.7875749,0.19312587,0.06434842,0.03734522,0.17177333,4.313552,0.72672987,0.19768432,0.096090235,0.47053158,0.16279146,0.20315331,0.63496983,0.30751204,0.14080362,3.7427654,0.31869876,0.66615963,1.285656,0.19069724,1.5040923,0.6397214,0.09905669,2.6927536,0.6880686,0.638747,all_pothole_images\pothole_images_2_image_318.jpg
0.032727554,0.6952368,0.0047109034,2.1571565,0.28371957,0.24879552,0.09777197,0.0055196285,0.047455404,0.7093494,0.8365656,0.1775341,0.0,1.6783148,0.0015381495,0.0016502306,0.39504042,0.8030401,1.3308753,0.07331481,1.0885302,0.60897857,0.2622582,0.44831675,1.1968522,0.32124582,0.51955193,1.6660969,0.84273964,0.11241621,0.17839879,0.35442165,0.26657754,0.04475224,0.0,1.7255292,0.56353205,0.47845104,0.38180307,0.6196249,0.061829608,0.0,0.06406609,1.0395181,0.16600884,0.5909792,0.030538281,0.108031034,0.13867906,0.8518957,0.9872041,0.045809276,0.022962255,0.003342536,1.3136073,1.3154054,3.1153567,0.81628025,0.017529368,0.0,0.0028244143,0.6229645,0.16649991,0.07777164,0.9406538,1.5901202,0.07620436,0.12297075,0.36365592,0.0748814,0.20914482,0.16805205,0.68432844,0.5944233,0.84026414,0.036620624,0.012928113,0.9422458,0.01657049,0.37883914,0.0,0.19265202,0.8078459,2.945865,0.17102662,0.22158848,0.05917197,0.4275765,1.5928167,0.27789876,0.46190658,0.23803532,0.31593782,0.6222194,0.20985329,0.045825526,0.3376455,0.13608086,0.98878026,0.51515615,0.14903714,4.74352,0.37119457,0.0,1.5238856,0.024429789,0.1063708,0.1926348,0.008657342,1.0754339,0.20081311,0.90996003,0.3369566,0.68508416,0.08870338,0.3891178,1.1756263,0.6927663,2.600604,0.05296801,2.7381482,0.13810338,0.01297437,0.24183924,0.42650476,1.2639416,0.13776875,0.30047402,2.4215286,0.15012081,0.82793146,0.042912405,0.0,0.29535794,0.19717146,0.12870148,0.0822927,0.90892154,0.08446128,0.06798903,0.25543255,0.6979625,2.1039875,0.25203303,0.0,0.42877254,0.1300221,0.6227282,0.42292193,0.0045511406,0.13343161,0.340995,0.0932334,0.20974112,1.8304125,0.47187313,0.20305233,0.32063928,0.51653814,1.4654049,2.0606363,2.0502114,0.46876198,0.9902817,0.08636799,0.42179254,1.9062079,0.48805022,1.6296881,2.129789,0.10363569,0.16707861,0.26603228,0.54705286,0.17752288,0.023113508,0.1590118,0.029613093,0.08508501,0.2321434,0.048615135,2.511537,2.0228896,1.4549273,3.1980488,1.0237855,0.6214453,0.6715421,0.9513978,0.4172955,0.0,0.52206975,0.47101825,1.2127483,0.14921124,0.13390383,0.4414598,0.47100338,0.084967226,0.4822654,0.12763552,1.064551,0.038413268,0.8731479,0.0,0.08541788,0.22599788,0.8570513,1.2522345,0.18164669,0.0,0.0655336,1.2696114,0.19906133,1.07668,0.8754311,1.5442075,0.4362718,0.4069568,0.31118736,0.10700897,0.00096996763,0.3919174,0.2261968,0.009111273,0.0,1.8982458,0.015409912,2.2979298,0.08418727,0.146642,0.00084550463,0.48305982,0.3918596,0.006481846,0.20941074,2.0547426,0.09307365,0.057055984,0.025926141,0.45327803,0.073184304,0.24377693,0.20722091,0.44396272,0.005331173,0.5614281,0.35341,0.10450793,6.374047,1.442455,0.17008139,0.05972254,0.42077497,0.0,0.019268494,0.35814342,0.15791152,0.13961422,1.0763351,0.615861,0.14527741,0.99210495,0.2013882,0.24654765,0.46980903,1.320315,0.7655945,1.4162216,0.30920595,0.047359753,0.07295037,0.97495204,0.07331458,0.16044374,0.4068558,0.082023814,0.16608123,0.2751616,0.25392815,1.1787459,0.37140274,0.62127316,0.03328891,0.17766634,0.23655488,0.69929963,0.062921524,0.16888742,1.2022461,0.17654295,0.21756122,0.032056447,1.5136055,0.33075935,0.46005833,0.31211323,0.0,0.06546101,3.58253,0.5026013,0.42200845,0.0,0.029406592,3.7276149,0.1942016,0.0331152,0.0675374,0.7961345,0.050622795,0.68079704,0.7112377,2.4332569,2.283172,0.9457352,0.27586696,0.008734551,1.2764791,4.2314067,0.14895286,0.08988522,0.022140205,0.1104479,1.6387107,0.020239407,0.20005642,0.28657305,0.033369713,0.1494779,0.044037342,2.1628728,0.8902239,0.8526627,0.005971146,0.19421051,0.015127879,1.028027,0.0,0.39591822,1.3719269,0.80723685,0.2616608,1.9993873,1.3927011,1.4771023,0.59243196,0.10518576,0.42457503,1.2171938,0.06389695,0.33410442,0.22775206,0.0043950863,1.1316963,0.0731895,0.375949,0.40045846,1.3073298,1.1327565,0.97872245,0.0035633328,0.163519,1.1533912,0.5186458,0.074183226,0.027649524,1.5762067,0.02435094,0.81654257,0.053484604,1.743863,0.0,0.54888314,0.3722053,0.4458011,0.522118,0.46376488,0.047415275,1.2775555,0.38792208,0.012116469,0.0,0.8519717,0.60492104,1.4500037,0.37115875,0.2255888,0.024061449,0.0,0.97241575,0.47517172,0.0912033,0.090195656,0.21793076,0.42112303,0.029758327,1.1234943,0.32598993,0.06501536,0.3954056,0.55343294,0.9254105,0.59251106,0.35943183,1.5217476,0.0043662456,0.29661536,0.43376976,0.21888557,0.047202013,0.17585446,0.2589525,0.04245601,0.38330027,0.0,0.0,0.9972683,0.59054714,0.53516805,0.0,1.8594556,0.34043303,0.8142256,1.9951261,1.4846876,0.024843432,1.6429443,0.060210656,1.0492704,1.0046365,1.3526994,0.23933592,1.3529309,0.5655661,1.2500242,3.4738092,0.85472053,0.6505522,0.24023764,0.11923339,0.9305815,0.05001801,0.011473751,0.11311904,0.0,0.28537577,1.1061157,0.81952983,0.014688004,1.0256658,2.52153,0.062023345,0.58533883,0.039139163,1.5068876,2.412774,0.011436865,0.061868418,0.209064,2.022089,0.9561539,0.115298085,1.224677,0.039815467,1.4360027,0.13391207,0.06517404,0.45785454,0.023181895,0.91033745,0.82581794,0.84535456,0.4581902,0.35616544,1.488663,0.4082876,0.05678304,1.1862093,0.34277916,0.36194655,0.8347352,2.262558,0.84792316,0.029858828,0.10179385,0.054329325,0.275317,0.010620671,0.69875664,0.0020431979,0.4668467,2.4075224,0.0,0.03943733,0.0,0.39400107,0.18710397,0.22901022,0.52169865,0.38300034,0.63068044,4.146655,1.031119,0.05826621,0.039041247,1.0014292,0.8281622,0.64679176,0.26917386,0.22274029,1.8658215,0.02147348,all_pothole_images\pothole_images_2_image_319.jpg
0.807439,0.7033864,1.2767631,0.0042551802,0.021260941,0.040493876,2.8050363,0.8854712,0.28424212,2.5013936,0.55176157,3.796984,0.31671858,1.1122589,1.3307087,2.9741142,0.0037373626,0.18472141,0.24959733,0.80424154,0.38194776,0.16490969,0.038126744,2.376831,2.514718,0.41934103,0.17975032,0.6024607,0.41642755,0.66055,1.0515409,0.64167696,1.1888535,0.3144827,0.45921168,0.45593837,0.0,0.37864295,0.10619513,0.66968644,0.6752084,0.61599106,0.6513069,1.5122718,0.39603144,3.2906015,0.80632985,1.3484634,0.014857641,0.34493726,1.061328,0.92473614,0.7990388,0.005945272,0.98677444,0.3877649,1.4373349,4.0840116,0.17064087,0.5312276,0.031292643,0.74818206,0.21352623,1.0427045,0.37550026,0.45603403,0.36301526,0.19120805,0.091581345,0.31485403,1.0056398,1.9568026,0.24680258,0.3807846,0.8088633,0.9541607,0.008220793,0.30263907,0.588029,3.7010317,0.9505018,0.91186935,0.75885445,1.8622223,0.7792679,1.5020536,0.36653525,0.47088155,0.8122379,1.0878727,0.0023696278,3.2264876,1.0046489,0.15025268,0.322078,0.73339385,1.4904995,2.2746673,1.4855052,1.388561,0.41648814,0.0,0.14131118,2.6680398,3.3981414,2.8834777,1.0222882,0.49715006,0.24388428,0.2514773,0.2622796,0.69375545,0.011572394,1.0146841,0.013332588,1.5400609,0.19693033,0.9752752,0.07649486,0.17489998,3.0235682,1.9911032,0.27558956,0.8725065,0.1120948,0.6122014,1.2766889,0.265645,0.3083394,0.11362553,1.6957364,1.6135294,0.24136049,1.0521241,0.72706133,0.6464769,1.1862116,0.08556021,0.0016649909,0.8486887,0.003075995,0.90689784,1.4770777,0.98293585,0.4949167,0.7166462,0.1818331,2.1828866,1.6171651,0.40644866,2.222027,0.4416868,0.120751746,1.8237058,1.8755274,0.057175923,0.47686172,0.39942536,0.7317643,0.016436664,2.0574226,0.005162337,0.33991817,1.400081,0.0,0.13208397,0.08268754,0.17147045,0.06780512,0.7246447,0.123260535,1.7373881,0.09833967,0.13933118,1.4326605,2.0655944,0.20220885,0.20969293,0.0,0.32308096,0.09278413,0.003998824,0.711879,2.0597973,0.0,0.31711125,0.7402339,0.73025054,0.2552654,0.28331298,1.288874,0.37997353,0.622033,0.6108424,0.035801798,0.096262395,0.043848496,0.24778186,0.2952512,0.6106243,1.4774251,1.4597392,0.017027067,3.192735,0.0,0.6674174,3.1276443,0.36098456,0.35014328,0.29968014,0.02977091,1.1292602,1.1354749,0.5441015,0.004943292,3.3330255,1.0295552,0.6996565,1.0375953,0.41394988,1.4431518,1.3302624,0.76186454,0.2101303,1.2806634,0.0,1.1888607,0.018157108,0.7652311,1.1155792,1.1798993,0.3795855,0.68913215,0.108885,0.03179085,0.37860614,2.5010552,0.5261092,0.5377953,1.1384751,0.3656737,0.8842724,1.7515645,1.908684,0.11434897,0.86883545,0.04314237,1.8718407,0.24676825,0.06547449,0.093129665,0.94840956,2.131458,0.42717826,0.015647108,0.037249945,1.3522496,0.47566026,0.83282125,0.12866296,0.7429794,0.6356834,1.1076801,0.93574584,0.12138932,2.2346556,0.50618565,1.6305181,0.52206534,2.3819401,0.77582604,1.7002274,0.48957124,0.29743662,0.24253674,0.37735766,1.0799835,0.93544793,2.6450474,0.13015896,0.68744224,0.1277372,0.86304504,1.0497726,0.1703605,0.0,0.39510414,0.6364389,0.058575634,0.0,0.21669306,0.13024932,0.12865537,0.6848012,0.4596089,0.22843066,2.4291127,0.14725572,0.9606566,1.2664433,2.3051808,0.045094986,0.94410896,1.1840513,0.27100065,0.048036244,0.564447,2.3582249,1.1125994,0.27801204,0.04847049,0.4058798,1.0725139,0.17234965,0.6521289,1.1457072,0.16044867,0.096644565,0.39466354,1.1410588,7.121707,0.15403588,1.4237723,0.2726417,0.113562755,1.7455251,0.5201414,1.1527896,1.540011,1.7559688,0.07776578,0.023355976,2.063061,0.02870107,0.81811637,0.3599504,0.17175226,0.3008634,0.22989024,0.6134193,0.53805166,0.0,0.21130857,2.3249326,0.10345804,0.21538228,1.1021013,1.5337033,0.05161961,0.056571666,0.5548686,2.9588463,0.49634227,0.0,0.29711753,0.82419693,0.9796006,0.84264016,0.03602191,0.041247535,2.2477496,0.00061522546,1.5867404,0.0,0.7268281,1.8740174,0.0057466305,1.5417924,2.6216738,1.3137417,0.0041754614,0.6419469,1.1594485,1.0450736,1.0674889,0.36223888,1.2859138,0.89679104,1.8632163,0.63712746,0.9524679,2.503507,0.005599376,3.289264,0.14239758,0.12643133,0.48456994,0.6018407,0.0,0.17949542,0.978949,2.3931746,0.0,0.8851698,0.0,0.76872593,1.7314117,1.9528124,3.8446176,0.70158565,0.25152692,0.28816247,2.3951297,2.108954,0.8589382,1.5205746,2.151947,0.55826414,0.29468605,0.56928617,0.13832957,0.5584203,1.0560918,2.0913823,0.82651776,1.1204343,0.3925232,0.0099415975,0.1902984,0.11640233,0.11769085,0.5311377,1.0287075,3.4302697,0.24936171,0.031054044,0.87006986,0.017403802,0.34490055,1.0746218,0.8709374,0.24371085,0.03236908,1.1719058,0.19014047,1.9828442,1.4256581,0.53693974,0.49331564,0.14841247,0.96835965,0.14807288,0.16112661,0.7894661,1.1325661,0.5472128,0.4687285,1.1654577,0.69138503,0.21321252,3.4874802,0.49477336,3.9718957,0.25426635,1.2556012,1.6827078,0.13083467,2.0150821,1.458607,0.0,0.055414587,0.7153391,0.4477768,0.65299934,0.49097544,0.8621071,2.4624934,0.67735547,0.11373794,1.339003,0.7558846,0.4773041,0.4529092,0.18781136,1.3662395,1.4535137,0.09621903,1.8025409,0.91004086,0.38995236,5.39407,0.12470412,6.422946,0.35250568,1.8657801,0.43900314,0.66198283,1.785875,1.2643206,0.5057734,0.26646724,0.2419101,0.6350082,0.07029507,0.022444552,0.7733402,0.30085468,1.4068086,0.091935575,1.0133239,0.008233016,2.357171,0.0038691694,2.7936294,0.19536473,0.9068332,1.749074,0.71197027,0.0027031193,0.38495952,0.061160985,0.34052938,all_pothole_images\pothole_images_2_image_32.jpg
0.40532154,0.039732903,0.0,1.4266279,0.11072219,0.0,0.053345732,0.30777332,0.41465804,0.20990734,0.22105865,0.055771858,0.0,2.9365785,0.0056178058,0.43466395,0.015719036,0.4824717,0.39448032,0.0,0.90343505,0.10527412,0.04985306,0.078542486,1.2150065,0.4714719,0.3639326,2.0634522,0.20776013,0.0,0.13872115,0.0023542738,0.40825516,0.035604056,0.00010362131,0.6745449,0.0,0.23491237,0.19048099,0.06690368,0.0,0.05433186,0.49319282,1.5354363,0.10572448,0.0016993658,0.0,0.0019637677,0.46003193,0.8698671,0.050684333,0.00033488564,0.03845523,0.07711499,0.079919666,0.8165132,2.067553,0.0,0.001162872,0.16518636,0.0316054,0.0775795,0.05488488,0.4217908,0.11223292,0.5316886,0.36888084,0.0,0.14360084,0.09305802,0.21001437,0.046883415,0.16459087,0.025526572,0.40770522,0.0,0.0133520905,0.113443136,0.0,0.040530313,0.0,0.067964144,0.46570656,1.4609247,0.08872497,0.0,0.0,0.1315834,0.8831001,0.14635786,0.3498329,0.0,0.025854686,0.19174615,0.48014325,0.013166588,0.09000467,0.62554806,0.33684292,0.04117175,0.022300705,1.6551226,0.20365356,0.016766457,0.68257904,0.08262034,0.6373281,0.128593,0.0,0.3236702,0.0,0.033735737,0.083161235,0.110370666,0.05130946,0.2268892,0.042981386,0.0,3.6532166,0.21645586,0.32170346,0.033816606,0.049879804,0.20758547,0.48061174,0.08344825,0.013560965,0.004029669,0.04639511,0.0,0.0,0.04835472,0.065087736,0.098704636,0.007830879,0.0056537664,0.013063833,0.12703487,0.05765763,0.0,0.0,0.0,0.12551284,8.447652e-05,0.0,0.26750818,0.0015835962,0.0,0.038429618,0.0737871,0.028146116,0.071516424,0.0,0.37678173,0.91347206,0.42756003,0.0927812,0.037930723,1.3518044,0.39488056,0.20636612,1.642183,0.23143303,0.15355472,0.772725,0.017320754,0.729313,0.0,1.409674,1.364384,0.0042612054,0.06100316,0.0053478405,0.03449575,0.030965706,0.0,0.12073098,0.08931738,0.008591581,0.0013006784,0.012664065,2.5708296,0.853591,0.57002777,0.22838314,0.91220886,0.010615416,0.093930535,0.27583477,0.15345684,0.0,0.0,0.0589288,0.04779934,0.31564802,0.21006496,0.4089039,0.0024496142,0.65660864,0.011966681,0.07018455,0.0047975527,0.01884778,0.15668312,0.20390406,0.010453845,0.24561657,0.08250306,0.6936012,0.9284538,0.0,0.013889898,0.75668037,0.312162,0.23209326,0.96345085,0.009807924,0.024196753,0.0662503,0.035299137,0.33738512,0.009836201,0.078250185,0.021338835,0.0,0.0,0.6843263,0.10298454,0.9845981,0.5343759,0.041769795,0.0,0.2618958,0.5171411,0.021638,0.015727732,1.8965105,0.0,0.06954932,0.046363957,0.16171205,0.13233568,0.010330117,0.26970518,0.12938343,0.0,0.4494639,0.040595997,0.0,5.0271044,1.5923648,0.0,0.0,0.09710637,0.0060068117,0.1784906,0.5932726,0.4276797,0.034112856,3.0905075,0.005071612,0.03766255,0.27125916,0.3030654,0.09459382,0.058197167,0.8228071,0.042952966,0.64280015,0.0026528547,0.13238014,0.0,0.98236626,0.0,0.13817704,0.8598035,0.0,0.021421233,0.0,0.09010723,0.41752982,0.2837058,0.16999082,0.15758891,0.02211879,0.17327394,0.5551945,0.0021756983,0.03889399,0.0,0.00063376024,0.0016016607,0.08453224,0.506898,0.080995336,0.2200718,0.018312862,0.28414088,0.00042841994,2.2380018,0.6874879,0.21722102,0.006680301,0.08335101,4.184304,0.037197247,0.0,0.0,0.10255325,0.009082606,0.091389984,0.39916626,0.6967913,1.8157321,0.0037682105,0.12737243,0.0,1.2113409,4.679947,0.09123046,0.00030620003,0.0,0.13988823,0.07625901,0.048080962,0.11699465,0.57467496,0.014918468,0.0,0.027515562,0.49108878,0.122620836,0.01085711,0.011679846,0.0,0.020923264,3.7408528,0.6588555,0.11776379,0.09142844,0.1847234,0.07537836,2.7719574,1.5019155,0.28471917,0.009286257,0.0021756634,0.40668482,0.09648665,0.030797238,0.21545433,0.22276491,0.085861206,0.28326854,0.2526235,0.031564593,0.05946559,0.5272258,0.5924132,0.38796225,0.25264618,0.1507143,0.09415201,0.0057990956,0.0,0.03265065,0.069771424,0.03780751,0.00433121,0.026054127,0.55023474,0.0,0.23077968,0.0,0.0,0.20240799,0.10435497,0.0,0.07613059,0.04212596,0.9421718,0.0,0.009205228,0.043419868,1.7344128,0.14824684,0.9309594,0.0,0.0,0.63277996,0.12589264,0.0,0.0,0.5865088,0.011000801,0.01961245,0.4925817,0.011069117,0.21965978,0.16331513,0.09454277,0.061341763,0.56593883,0.0,0.3342415,0.007802648,0.022691993,0.25097102,0.31301388,0.056089737,0.03790666,0.014383668,0.0,0.043940563,0.0014200899,0.20309973,0.34979475,0.31532362,0.57514495,0.004926291,0.669037,0.17535439,0.05979921,0.503614,0.54004526,0.2505061,0.13741018,0.0012125794,0.05690017,0.23125315,0.07273667,0.0558094,0.33783594,0.050421193,0.13693886,0.20724802,0.06965702,0.0932522,0.0,0.20707597,0.7518169,0.038402945,0.07646111,0.06510927,0.19311288,0.11110719,0.10114384,0.53808016,0.0140615,0.0042920685,2.9376302,0.37107423,0.33305728,0.0,0.19404891,0.1481874,0.35358304,0.0,0.11483342,0.34198928,1.0118092,0.09940233,0.61464345,0.0,0.6388649,0.0045623267,0.048532914,0.0,0.028048415,0.0014443691,0.10417612,0.26551428,0.0,0.09994955,1.3251963,0.008949746,0.42420724,0.8772813,0.099762514,0.0,0.052886747,0.56373304,0.9874513,0.038433682,0.34865686,0.0035482242,0.17861812,0.015470287,0.6469615,0.0,0.5422516,0.5267987,0.0,0.019953411,0.001182505,0.0,0.0,0.06827279,0.100398585,0.00996955,0.03114219,3.427243,0.21571364,0.039184257,0.10184243,0.92030644,0.23832846,0.4157219,0.020682307,0.18328872,0.17661308,0.07826436,all_pothole_images\pothole_images_2_image_320.jpg
0.87858886,1.4066027,0.32478362,0.46731594,0.6252853,0.63790774,0.041326843,0.0,0.9951922,0.09762366,0.324883,1.6189663,1.1829448,0.06508793,0.35983893,0.030913265,0.97584486,0.07934301,0.27207887,0.2785359,0.17888603,1.1595191,0.10359479,0.9996015,0.016818257,0.9755266,0.10923555,0.66526866,0.056631684,0.4811416,0.26303127,0.04814946,1.2075875,1.3453938,0.34333053,0.08632876,0.7998838,1.020982,1.2060426,0.15651236,0.0,2.9048505,0.14303678,0.74372137,0.42037928,0.19121471,1.0021739,0.4823268,0.51391715,0.29326597,0.74179125,0.98901016,0.1478627,0.0,0.84991074,0.2804795,0.72016877,0.121283285,0.69101137,0.21585846,0.13771817,0.28359935,0.54912317,0.9874848,0.38238168,0.37355158,1.0397456,0.27595145,0.09809378,0.18534487,0.16885684,0.11295818,0.26069626,0.45944726,0.3352964,0.17124951,0.2195319,0.6754824,0.19180071,0.34131068,0.12933782,0.1732195,0.6266264,2.0422297,0.24695708,0.6231159,0.04343699,0.086197406,0.9382195,0.14851446,0.31997305,1.6288788,0.7607707,0.3620238,0.5945719,0.32860386,0.46743533,1.0619698,0.55033654,0.01980731,0.25260365,0.32663625,0.42817447,2.6305492,1.697172,0.073165014,0.20589854,0.21552572,0.10177235,1.8348756,0.63320374,0.42001078,1.1714666,0.037457123,0.32921124,0.49256903,1.4462459,0.009638518,0.15485907,0.06843034,0.112478,0.105233796,0.43224567,2.0022473,0.9870593,0.06749902,0.098179676,0.22654127,3.009917,0.56819975,0.16555291,0.24814276,0.0,0.0,0.018494362,0.15531962,0.26990974,0.0116119785,0.009263763,0.07581485,2.5383472,0.4176266,0.3934769,0.48537782,0.38389733,0.35659093,0.025818206,0.4081738,0.11991123,0.4591235,0.81009936,0.15865304,0.84722495,0.0016154796,0.09209287,0.045198265,0.12416201,0.045214828,0.009734441,0.3952512,0.7247231,0.4525686,0.20851775,0.2828281,2.4537292,0.0,0.40130144,0.014853632,0.32992578,0.9270376,0.07891871,0.05069234,0.0,0.0025478646,1.1432256,0.4734686,1.1136055,0.0,0.5292972,0.8934388,0.052143876,0.3396509,2.2422915,0.23909086,2.5819783,0.65263313,0.47040227,0.34639287,0.013384729,0.61302763,0.12751944,0.02795568,1.1421382,2.8126976,0.03374422,0.0,0.7751923,2.2227323,0.5696111,0.0,0.7302082,0.51689035,0.33233654,0.07446138,0.38620695,1.6283332,2.1503594,0.27928123,0.27243137,2.2515922,0.057588868,0.41663367,0.044392336,0.6827889,1.0550829,0.86379194,0.34288126,0.46061775,0.11835166,0.019273527,0.6795408,0.19682954,0.81186473,0.22759916,0.71798885,0.040800072,1.5677313,1.301967,0.8942491,0.05998765,0.14247343,0.19687767,0.21019612,0.62215203,0.9436068,0.09655067,0.8785732,0.31862006,0.5734657,0.28860593,0.5453093,0.0,0.5345403,0.5047162,0.092247464,0.14446153,1.3257772,0.20664439,3.5182786,1.613171,0.95526034,0.18920489,0.4468712,0.006672788,1.2149075,0.060355254,0.82894367,0.0126180155,0.28421414,1.3997815,0.25516638,0.23373897,0.09425974,0.33090767,0.16596963,0.2615039,0.08148173,0.1495434,1.0742152,1.4012725,1.133161,0.09373319,0.85509473,0.47349656,0.8592818,1.5482336,0.4764771,0.8176676,0.74148446,0.0,0.3206478,0.32116896,0.03533884,0.5097383,1.2376759,0.14527212,0.13814895,0.12534435,0.8366924,0.0,0.69011647,0.71508354,0.8109139,1.2805245,0.46790951,0.062216736,0.7498353,0.621039,0.43630078,0.63359386,0.0,0.5994926,0.26190808,0.13304353,1.5335842,1.0011252,0.12566833,0.62774247,0.35386315,0.010851293,0.17043778,0.48298594,4.7462606,0.932514,0.44539922,0.92638904,0.47458148,0.8808861,3.1063306,0.2950235,0.91648066,0.49277028,0.083368406,0.17765579,1.1897883,1.1567695,1.7702907,0.026454419,1.201373,0.23585424,6.636427,0.8029601,0.101112716,0.6625817,0.001899421,0.30504954,0.8686966,0.34130082,0.9919419,0.47528613,0.7301332,0.32554471,0.33474767,0.841828,0.34572396,0.0,0.3300228,0.46004868,0.11002593,0.47633213,0.042292934,1.5563926,0.49726287,0.47574195,1.2448895,0.33926517,1.5237553,0.55332273,0.0,0.5504544,1.8917415,0.44636488,1.2728343,0.651861,0.0,0.2136607,0.8031693,0.88864475,0.6862748,0.6478061,0.6880695,0.43957844,0.07054109,0.6972287,1.9264121,0.33143982,2.4064078,3.0210135,0.47149062,1.1315787,1.0792118,0.51664644,0.6123884,1.7078284,2.6388183,0.0,0.53093195,1.2372596,0.024202984,0.32915905,0.20971616,0.6260107,0.07019221,0.0670662,0.3506794,0.046196897,1.1472933,0.2729164,1.9068228,0.82725334,1.4613215,1.0112758,0.45137218,0.6313625,0.097579114,0.4267783,0.70430803,0.52120113,0.30783266,1.3108227,0.20062253,1.1083239,1.1212175,0.3857477,1.0504609,0.38448098,1.7558174,1.0417877,1.3516984,0.27227625,0.10082163,0.25072858,0.5178491,1.5961016,0.11980624,0.2231525,1.2386421,0.5809889,0.7302626,0.18133754,0.021093447,1.665187,0.13841547,0.0044860356,0.0,1.169245,0.283536,0.8027482,1.9456915,0.92398226,0.6159412,0.11161611,0.24172051,0.15913205,0.506102,0.0032397741,0.21291168,0.75937,0.01493939,0.432264,2.221081,0.1325192,0.052470334,0.084590256,1.2048975,1.1117774,0.52041143,0.026859205,0.24065691,0.15792695,1.104625,1.0219458,0.94458824,0.13990688,0.8078688,0.30131117,0.004802726,0.18957388,1.0548403,0.1984894,1.1366673,0.33599195,0.34954798,0.23619202,0.2381868,0.14663708,0.19120212,0.5367648,0.23667605,0.52713275,0.0,0.4123365,1.7996618,1.438729,0.009685607,0.42982233,3.4118896,0.028836126,0.7964241,0.0,0.26080352,0.14538883,0.7808911,0.420203,0.26336384,0.07477056,0.5424144,0.21384338,0.97036797,0.29590335,0.32760143,4.55794,0.42841038,2.6234548,0.44182375,2.7935908,0.46784988,1.9890796,0.39209557,0.8850942,0.16412647,0.5453635,all_pothole_images\pothole_images_2_image_321.jpg
2.972052,0.6353869,0.25981474,0.8699703,0.7832917,0.10096237,0.6772804,0.52278006,0.51954854,0.4925766,0.096505515,0.81189245,0.09798633,0.05040355,0.28893432,0.2689099,0.13483542,0.004348342,0.16205378,0.24985527,1.2540839,3.017898,0.62456065,0.4317625,1.7981906,0.21254243,0.49292508,1.6258078,0.1865791,0.095300876,0.12550159,0.22630411,1.9150683,0.5394137,0.2764676,0.9577438,0.0,3.2333672,0.49902195,1.9804424,0.0,0.019281672,0.06221242,0.9360731,0.46310306,0.5185269,0.057616115,0.33978823,0.28281525,1.8304983,0.48380885,1.8303936,0.65568995,0.31525502,0.10441982,1.2369776,1.7375128,0.05852918,0.54379815,0.31744733,0.0,0.19739783,0.31764102,0.50256056,0.38263097,2.5720665,0.57587284,0.15044601,1.1643523,0.102663845,0.7295841,0.12675774,0.31173784,0.3554482,0.9601845,0.839631,0.034745976,0.18926087,0.008555493,0.017754631,0.6639471,0.17026332,0.43287396,1.5220242,0.9303445,0.14464836,0.15522228,0.74203414,1.493216,0.47532037,0.10921049,0.0049357987,0.080097035,0.10428128,0.42008293,0.41523108,1.2485967,1.8030437,0.5695354,0.798629,0.06876466,1.2864571,1.51079,0.21485247,0.0965266,0.034822837,0.5638804,1.0238839,0.10542585,0.42968634,0.030352632,2.3041532,0.77566135,0.541226,0.9538514,1.1757187,2.5657685,0.06853645,1.1389014,2.5246727,3.1542504,0.09335589,0.051418614,3.9860284,1.1583724,1.7435966,0.11929181,1.4263283,0.72167575,0.09776542,0.47859034,0.03466242,0.10547086,0.14436094,0.03137085,0.9200702,0.002369993,1.4887736,1.0168438,0.77966744,0.405429,0.25164875,0.0,0.5254131,0.2070816,1.3021492,0.09576482,1.4208925,0.0016103358,0.3914515,1.2289089,0.5890391,0.0,0.023988504,0.69486296,0.35041,0.42103973,0.15317637,1.1211486,0.4633737,1.0476805,0.68283874,0.0,1.7296867,0.034446567,0.41955668,0.0111583285,0.25915864,1.0190424,0.6676095,0.002967519,0.025296371,0.01995374,0.074122876,0.9253597,0.07544431,0.312626,0.057551783,0.09746674,0.00016964543,0.16422318,2.086999,1.4423993,2.6212213,0.56151885,0.82632214,0.10519607,0.5561186,1.8383608,0.45307213,0.06458955,0.12402176,0.0,1.1040828,0.24778113,1.287198,1.4376917,0.062130105,0.27648866,0.34673372,0.059439346,1.9091873,0.6049037,0.97290826,1.2346407,0.5621428,1.2232846,1.001273,1.0408611,0.099044174,0.006128221,0.34476843,0.42607713,0.39931342,1.4578987,0.4230894,0.26286,0.15116408,0.76595736,0.028625902,0.054886665,0.7884207,0.07423697,1.1762245,0.06972953,0.57628715,1.3795393,0.2106918,0.9307175,0.3858553,0.2757717,0.1274256,0.23384015,0.25728303,0.5721081,0.014821161,1.5513221,0.0046486813,0.0,0.29015473,0.3001337,0.20968208,0.0035046567,0.1272552,0.30180314,0.0,0.5849946,0.54751915,1.3315856,3.4473534,3.8162081,0.4713307,0.26391396,0.038926546,0.2307841,0.14751253,0.95061415,0.0019705263,0.4885383,1.7811345,0.07355218,0.037012566,0.43520486,0.40504393,0.9258848,0.2790541,0.59260696,0.7092556,1.0965898,0.133707,0.01887944,0.043705706,0.65513104,1.3759884,1.3627831,1.32394,0.21533032,0.27090096,0.041777056,0.6988645,1.2636448,0.6470886,0.83434945,0.0077084387,0.9094548,0.12685202,0.9311407,0.051228274,0.49751234,0.5459287,0.17382218,0.36803162,0.39281672,0.9564627,0.018721672,0.3130604,0.35082945,1.5208721,0.30252343,0.6252268,0.5614352,1.4250948,0.16668837,0.5012101,3.7747035,0.5966779,0.00348532,0.15996376,0.036994014,0.20461167,1.3560481,0.67057985,1.2048098,1.6084601,0.0,0.63321733,0.35969263,1.6141024,1.4016418,0.0489695,0.47489414,0.2918501,0.35890773,0.004431741,0.39902294,0.27211162,1.7093956,0.29163596,0.8275918,0.1706061,1.2026304,0.4775055,0.042452652,0.29009792,0.09592804,1.3691067,1.8721712,0.88607115,0.074769415,0.2876748,0.6563736,0.3679903,1.9467598,0.12477078,0.5112886,0.045339096,0.14493208,0.0020134363,0.38130173,0.40692052,0.51739347,1.3983983,0.565668,0.48603812,1.1572692,0.3469331,0.4969378,1.6256528,1.5239376,1.5110923,0.84553427,0.18282287,0.33923784,0.25639823,0.09183825,0.07545936,2.2829375,0.10542921,0.11470734,0.8138148,1.58446,0.0,0.5727773,0.14964733,0.10351955,0.11219013,0.313492,0.25658008,0.24262215,0.5699858,0.5280668,0.031811062,0.88428986,0.0037362787,3.8351333,1.8857926,0.92192715,0.0,0.25895503,0.58107245,1.004093,0.29129833,0.6851763,0.49726897,0.16087945,0.025975036,0.14475855,0.10119019,0.12660797,0.45632565,3.6891506,0.2987981,0.45358393,0.3615704,0.5339229,0.07366347,1.1388851,0.51012725,0.64117646,0.30690148,0.92173207,0.65359986,0.26373506,0.5338308,0.5234822,0.10304753,0.7265513,0.23043951,0.8820372,0.26008326,2.5111744,0.9652786,1.5238426,0.9041845,1.4105074,0.09588679,0.7591521,1.3418027,0.2372569,1.0393181,0.88180196,0.022873322,0.6662052,0.2623768,0.3350314,3.5198812,0.8093104,0.4208107,0.21945778,0.47684884,0.019911366,0.9101968,0.58690006,1.7870557,0.6600639,0.040483147,1.6159087,1.2365644,0.032925237,0.22955813,1.1229995,0.7609362,0.2192497,0.44934967,0.98458517,1.2335104,0.3664814,0.47991917,0.20063213,1.6539323,0.6759683,1.3505473,1.1051687,0.59612703,0.8658254,1.3277498,0.2405398,0.26331767,0.3888771,0.5308031,0.572991,0.40594164,0.13867769,0.7030431,0.6078154,0.22868592,0.01925416,0.94139445,0.079853944,0.79693973,0.3823746,2.77489,0.20886822,0.026750581,0.0065864846,0.98058957,0.027206982,0.24475572,0.62177163,0.10519455,0.51650465,0.78590953,0.14101674,0.6075303,0.35513008,0.014295687,0.095063284,0.11441553,0.35552475,0.18519385,1.5226499,5.032033,0.5160333,0.08754781,1.7282254,0.59678566,0.881579,0.22759885,0.35780543,0.9298595,1.1577013,0.08995085,all_pothole_images\pothole_images_2_image_322.jpg
1.0864701,0.6591597,0.19581617,3.8875725,0.69961345,1.3382115,0.7982784,0.0530115,0.40491048,0.604836,0.6552488,0.9760692,0.012356766,1.1647273,0.6285377,0.005616052,0.30559966,0.5991682,1.3392564,0.21484993,0.694126,1.0416031,0.6105532,1.1404111,1.0288017,0.37257665,0.33839116,2.121792,0.8490496,0.37336734,1.4843017,0.21752441,1.4324149,1.9337435,0.25350022,1.8320161,0.47882313,1.6153094,0.413138,0.96949035,0.26229635,0.011451317,0.54337794,0.6429901,1.0619127,0.11449564,0.5088505,0.10234919,0.14757752,1.6208568,0.5177373,1.1644607,0.22156653,0.06751773,0.23984373,1.5662854,1.5336105,0.79247797,0.46228057,0.20624341,1.0312656,0.44817576,0.0051079034,0.55232227,1.1924378,1.8950431,1.0133024,0.07603372,0.9009974,0.21682341,1.570494,0.44182518,0.76333654,0.16363527,1.7065607,0.8813544,0.10216116,2.0618749,1.1920757,0.12437873,0.8281396,0.48900604,0.013589929,0.46705273,1.553805,0.20819566,0.53226274,0.08221289,2.3905663,1.4298828,0.457374,0.1923629,0.397183,0.45868334,0.5681646,0.047098067,1.8664227,0.32619438,1.2558292,1.5205933,0.1314377,4.279226,0.3781817,2.4488404,2.199891,0.054270346,0.22400285,1.2989713,0.96365494,0.13504928,0.19948064,0.8930892,0.40978947,0.87149,1.1390027,0.20428784,1.6787717,0.34799615,1.0767082,1.1841439,1.6208365,0.40125275,0.07237816,1.702347,0.144003,0.12993516,0.9690006,2.5016277,3.0153346,0.8099521,0.9908881,0.0077378373,0.3219266,0.38424397,0.046331853,3.3755476,0.116394885,3.2615786,0.50449073,0.8960777,0.015164759,1.5704107,0.036344107,0.993013,0.8113523,1.5777828,0.7366199,2.0140116,0.692318,0.17236537,0.76864785,0.65682906,0.3660472,0.8413335,0.44422334,0.67232996,0.51683855,0.022868613,0.4040914,1.7517325,3.2222981,3.083356,0.2532899,1.8478527,0.56333005,0.87982625,0.3681633,0.3654225,2.2035282,0.48991984,1.6247823,0.2708934,0.15554687,0.0031742854,0.26256713,0.29836443,0.39332446,0.07926171,0.53927505,0.12970491,0.45736897,2.6819382,0.31806034,2.54908,2.1845124,0.6467431,0.10874803,0.98403805,0.62451816,1.2069358,0.0010465656,0.69441056,0.1357416,3.7585492,0.33602345,0.5750803,1.5080802,1.5060557,0.8896795,0.1616663,0.40238792,1.7756375,1.1394035,1.5545199,0.36486527,0.37893957,1.6462439,0.68087274,0.66872156,0.2602201,0.27834606,0.06862234,0.75041837,0.5270221,2.2460678,2.3071392,2.1564922,0.074586906,1.1730752,2.0587249,0.22963092,0.7582749,1.1705219,0.4053623,0.3520377,0.33040383,1.8335971,0.226882,0.62358487,0.11579515,0.6186823,0.7444621,0.7185189,0.23934767,0.44784218,0.119295634,4.914189,0.1811446,0.38047895,0.26005107,1.2388288,0.08122182,0.74184555,0.55066204,0.14109951,0.08653495,0.51464987,0.68855566,2.7809806,2.7916975,2.3281984,0.17479089,0.47966042,0.6035885,0.0071340255,0.646442,1.0893021,0.05965009,0.30804813,3.425892,0.6875138,0.12905261,1.3726277,0.2720668,1.5232407,0.24625991,1.2505172,1.1463653,0.34225234,0.9342349,0.117312975,0.096708104,0.20660922,0.780298,2.361314,0.19323009,2.8742971,0.5315506,1.3456564,1.096276,0.53796303,0.07162615,1.0089763,1.4789306,0.80889213,1.3531789,0.80080974,0.87498814,1.5737628,0.59109545,0.44897097,1.0860254,0.18290247,1.5666755,0.15828758,0.49652958,0.43650162,0.54799485,0.44018483,0.6688948,0.23264569,1.0549729,0.5304326,0.21014181,1.7589478,0.59529567,0.91591495,0.5893108,0.14544314,0.48400247,1.4879835,2.3784819,0.6980886,2.1349936,0.41368687,0.28174558,0.113967195,1.3319082,1.0152496,0.39355814,3.3194182,0.6001905,0.4939401,0.28304338,0.7168852,0.85006076,0.7773112,0.31962815,0.6086497,0.74354553,2.069397,0.79701614,1.342831,0.28942916,0.059741806,0.71245825,0.91360843,2.2137768,1.0313827,1.234141,0.8023697,0.30826464,0.42878422,0.78957343,1.9588909,0.06871854,1.6427014,0.5524573,0.6183591,0.5939157,0.5388424,1.5913631,2.0209217,1.3203666,0.59893185,1.1438527,0.49660218,1.8435878,2.2152135,1.2783028,0.49903977,0.87077874,1.6127197,0.84052545,0.012945743,0.20080557,2.5441344,0.90920895,0.7344739,1.6075847,2.7742746,0.59430474,0.2565387,0.4891049,0.29382998,0.33656353,0.29584685,0.103850365,0.71399254,2.5404048,0.74232686,0.35661405,0.75999576,0.49056676,1.2358556,3.74926,0.5648397,0.004788842,0.26711234,3.0984774,2.1958516,1.4595889,0.0,0.065138005,0.78207856,0.17499697,4.255394,0.032877855,0.53179234,0.13338786,2.147121,0.3581182,1.4155849,0.26484883,0.73428416,0.75895804,0.8037544,0.18602742,0.19185328,0.0033526635,0.94420886,1.3572545,1.0540808,0.58887583,0.060248654,0.5823815,2.6947,1.0627319,2.0755625,0.2635427,3.069339,0.951525,3.3128572,3.8142276,2.3993309,0.12809952,3.991263,1.0703928,1.4318583,1.9240968,0.16981095,0.546379,0.28936478,0.29460645,0.85856754,3.2192569,0.9436358,0.9400898,0.85287476,0.5929303,0.03871091,0.75152874,0.4576691,0.1702317,0.15461774,0.0,0.6672343,0.5213933,2.4441462,1.4706072,2.4913855,0.19430177,0.12220437,2.25054,1.6652596,0.75808483,0.4406095,1.3826936,0.9348775,1.3916261,2.0772889,1.3743165,0.3326363,0.68630296,0.5928619,0.24853195,0.26915345,0.31260842,0.60780054,2.2404637,1.7740697,0.04625699,0.8395846,1.6896851,1.081799,0.13078193,0.6729843,3.2408278,0.9705722,0.8382188,1.085558,3.6944423,1.6111709,0.62494475,0.0,0.32424873,2.0072637,0.31772387,2.577452,0.30350912,0.62161994,2.276111,0.10296732,0.21553232,0.9587686,0.77480423,0.3451307,0.19992726,0.818969,0.4208358,0.36374745,4.8572273,1.2914058,0.31147167,1.9294907,0.6980561,1.5313642,0.19726373,0.23879085,1.759627,0.9563195,1.5924667,all_pothole_images\pothole_images_2_image_323.jpg
0.0,4.32784,2.12075,0.37782645,0.9611417,1.9425559,0.1394488,0.3492314,1.5278018,0.55401546,0.32607764,0.20678057,0.0834393,0.6888079,0.73529303,1.6047227,0.63321733,0.4027723,0.45549828,0.49497256,0.029406177,1.1732879,1.3335562,0.81867826,0.20295541,0.5849671,0.39741594,2.2813659,0.34989873,0.39111945,0.2851293,0.0450145,1.348689,0.5270599,0.20030205,0.670601,0.31964228,0.22954318,0.17829598,0.0028819386,1.3927975,0.7265496,0.1407114,0.60136956,1.2842182,0.8454158,0.26211938,0.0,2.5609684,1.2169195,0.4695545,0.7294607,1.1060681,0.4871524,1.8387146,1.1628537,0.45474145,0.9063095,1.1877041,0.88099325,1.1889144,0.63305914,1.0014095,0.1839856,0.12943825,0.5595572,1.2460043,0.06747717,0.16554749,0.7649252,0.8017994,0.7084456,0.80022687,0.07968403,1.8462397,0.07752262,0.11075561,0.91547906,0.36397707,0.38543376,2.0292404,1.7559038,0.95584387,2.5795608,0.38265967,0.20954783,0.6934719,0.34289005,2.7153018,1.8014663,0.7490866,1.7429553,1.1032532,0.48377755,1.3881006,0.57287693,0.75898755,5.0473304,0.17121233,0.031973477,0.46102402,0.9191622,1.1649172,0.26037565,0.28911456,0.63440734,3.1328032,0.08303745,0.4971783,0.2802143,1.1308484,1.502119,0.27378175,1.2166529,0.005522701,2.7489772,0.51378566,0.65906477,0.5797358,0.09824087,0.85549045,0.08919494,0.40979657,0.3388639,0.75985694,2.9198685,0.4958911,1.6856314,0.12101844,0.24230301,0.32017913,0.22724494,0.3019912,0.8406386,1.1071285,0.056669537,0.10501013,0.020349415,0.58023286,0.22370923,1.2187312,0.09010429,0.17751092,0.8501241,1.2399205,0.13995755,0.51674,0.018444868,0.57174194,2.7579408,0.4104664,1.7716823,0.1977273,1.9698411,0.15477708,0.3305896,0.61434346,0.30370882,0.3421868,0.2561042,0.6833429,0.7252435,0.5292693,3.3493962,0.10592071,0.21097744,1.344277,0.20403367,0.2928382,0.9747579,1.385675,0.37474674,1.144187,0.016889324,0.38841787,0.14304104,0.8681067,0.7567117,0.5798396,1.3409401,0.060770344,0.057952784,1.5254985,0.9630578,2.5954192,1.0711074,0.69606435,0.46917224,0.30073285,0.62909734,0.8398848,0.3034172,1.2273179,0.71324086,0.11504018,0.17969532,0.82773775,0.7724346,1.6222211,0.5765895,0.32650915,0.6101898,0.59399253,0.08644448,1.6790642,1.3941334,0.0,1.4255638,0.41949406,0.6038319,1.1719314,0.4083897,0.8639511,0.5857779,0.5861637,0.4701959,0.11462826,0.09437088,0.40138626,3.0377853,1.2321376,0.508,0.03831789,0.94560003,0.2949529,0.158261,2.5317185,0.20728411,0.26780224,0.41993076,0.5401012,0.1000097,0.3296295,0.083948575,0.5547049,0.1136922,0.0859954,0.14647125,0.12021059,0.4703341,0.72109175,0.5847585,0.20048402,0.15729275,0.25197917,0.090287246,0.3178818,0.08367948,0.81167984,0.5784121,0.88883334,0.1150769,0.38566253,0.6404537,0.09799105,1.0483093,1.1803597,0.68029,1.189996,0.023423823,0.6370439,0.2909687,0.71936625,1.0455357,0.0,0.3204031,0.10900343,0.29392508,0.707347,0.4558864,0.5572795,0.070055075,0.46486306,0.34876066,0.3930701,3.9208496,1.3056504,0.2110325,0.4021501,0.91033894,0.04632178,1.4904175,0.32667977,1.1115847,1.71508,0.38546923,0.3900425,1.5736339,0.44335487,0.12617628,0.27103576,1.5337919,0.20662008,1.3011681,0.55060345,0.684153,0.9832228,1.5163418,1.3511848,0.3679727,0.26290148,0.20187773,0.24894099,0.43020663,1.7586488,0.531743,0.20309658,0.5207994,0.61430025,1.4522396,0.1877368,1.2495135,6.600065,1.2503371,0.46387714,0.69103557,0.53621787,0.27638054,1.2185475,0.29027277,0.44762713,0.4315644,0.027133767,0.1392691,0.6734904,0.93811643,0.2207744,0.3701958,0.09152934,0.69348675,3.1583061,0.9811701,0.15577228,0.2893062,0.061510075,0.03598719,0.4664177,0.33558178,0.15755259,0.95238394,0.25686803,0.5009461,0.39145392,0.14469649,1.0875345,0.16431452,0.1099914,0.39583486,0.33105445,0.6983597,0.8079718,1.0613736,0.8039033,0.36102057,1.0939633,0.4002552,0.55157137,1.1980969,0.22324091,0.12610745,0.024628373,0.11496145,2.0892699,0.08866777,0.5013191,1.256503,0.3213408,3.8384988,0.45882866,0.28989294,0.22104822,0.65854424,0.71326303,2.710646,0.25019363,0.8087367,0.32342786,1.2393917,0.19823122,1.6295695,0.35241222,0.4614313,1.0932822,0.7139446,2.3673544,1.2341177,2.7702243,0.7555936,1.3262924,2.0592763,1.3990346,0.19370799,0.55846465,0.38962162,0.9520544,0.2030547,0.1731128,0.2525569,0.2331662,0.21238886,3.3817637,0.03621295,0.049766675,0.16993299,0.06594389,0.118554294,0.7280338,0.030666346,0.9398016,0.20818707,0.121374905,0.493047,1.5671048,0.08147293,0.06682508,0.39719442,1.254511,0.05067291,0.8261125,0.11667771,0.0,0.17917083,0.5171544,0.233121,0.789331,0.5699364,0.12964001,1.5151252,0.41839796,0.50516915,3.1910636,0.74724185,0.27105418,0.010821072,0.8035584,0.37873724,1.1122397,0.23452742,0.51009685,0.735764,0.598837,0.6982135,0.8370965,0.71269363,0.35233745,0.40737602,2.1130886,0.20138896,0.81273675,2.990445,0.9933154,0.42302197,0.4717834,0.025478652,1.5776293,0.42592442,0.31639212,0.1529325,0.65494615,0.5686823,0.0060950876,0.052207924,1.2741661,1.5516664,0.0898201,1.7477448,0.21928331,0.005178071,1.3510487,0.4110227,1.6096474,0.840446,0.56281704,0.08803055,1.9425628,0.0,0.85807455,0.081361815,0.4547435,0.33765036,0.949393,1.5718832,1.1076477,0.41716754,0.14931405,0.0029028787,0.7242457,0.48584294,0.5714022,0.045388892,0.4569172,1.3754926,0.17369239,0.89541554,0.072505735,0.728904,0.22654572,0.14172551,1.3584516,0.27466246,0.14447431,1.5739126,0.7739996,0.7328672,0.9145931,0.20910174,0.47585452,1.1803908,1.393619,1.1855434,0.34877604,0.2791283,all_pothole_images\pothole_images_2_image_324.jpg
0.42816684,2.6268334,0.2089082,2.3089895,2.0092776,0.66136146,1.058527e-05,0.23515356,0.51253384,1.81941,0.6441442,0.10722826,0.18330099,3.895696,0.24427184,1.0340582,0.07752231,0.10278127,0.14663067,1.0839089,0.9321786,3.0211549,1.6323959,2.4206562,0.15276346,0.018384159,0.21173611,1.3178833,0.024907617,1.9738103,2.6809576,0.6838593,0.18727832,0.12280418,0.93541956,0.20025586,1.0251323,0.38827756,0.10491929,0.12868705,0.3949823,0.3461443,0.18524669,1.4363087,4.065721,0.11530212,0.7627182,0.37147948,1.9584781,0.42109865,2.1762514,1.8054312,3.0041528,1.384701,1.3725609,0.8236135,2.5706444,0.118099324,1.9263005,0.12938787,0.44769007,1.0663459,1.3950323,0.66258377,0.16342063,1.2070811,0.6259911,0.25260192,6.879196,2.617922,1.187912,2.275158,0.46404132,0.18311909,0.20905806,1.7589809,0.6587585,0.11852414,0.08389103,0.33154765,0.03197068,1.6698499,1.2074125,2.5878994,1.8710974,0.01753263,1.3575695,1.1805025,3.067254,0.8158245,1.2496406,1.0240138,2.5309384,3.3563764,1.119136,2.0879176,0.55097455,0.99144495,1.0728912,0.42333907,0.67875904,0.92311585,0.27572,0.19402866,0.59563357,0.55939513,0.8305193,0.0731897,0.09501811,1.1140742,0.85335416,2.4265335,0.47626445,0.8988627,0.75697047,1.762057,2.2251446,0.14321554,0.7652837,0.15969016,1.6640434,2.1684163,1.5187415,1.0143753,1.6153088,1.9531302,0.23067853,0.5123724,0.89785236,2.2284913,1.068243,0.0123662,1.7935075,1.1239144,1.1405199,0.64112407,1.4839485,0.2736003,2.4266274,0.63010025,2.0125225,0.4334662,0.07864618,0.9356188,1.6106844,0.8557376,1.6242764,0.2208073,2.5367463,0.6430768,0.08341314,1.0289462,1.0469875,0.8350267,0.45153123,0.51895756,1.1800799,1.3101338,0.39270416,0.45075864,1.5875448,1.2212386,0.111524366,2.6530633,0.83852446,1.6455462,2.237034,0.6900656,1.1450796,0.4083145,1.5044745,0.49551004,0.18508576,0.037807498,1.6149703,0.17545435,1.143323,0.6683955,1.3686575,0.62784535,0.4898731,2.6285474,1.2359388,0.255274,3.1213205,1.4815277,2.029118,0.96671623,0.25250107,1.7491293,2.1165464,0.8331429,0.0021500736,2.037128,0.16524674,0.7319566,0.23173518,1.1356212,0.46514946,2.0348728,1.3280385,0.67480975,2.5291085,0.1430175,1.0227978,0.2086614,0.1754747,0.15801884,1.1057472,0.21984032,1.1792994,1.3800421,3.3988714,0.84280765,0.37556,0.28180444,1.0980452,0.20682438,0.30501142,0.34888437,0.1313037,1.5244784,0.863774,0.15252838,0.36216393,0.24536806,1.7651372,0.06294765,1.3651245,0.039304715,0.09926873,0.043593813,1.0035282,0.9673105,0.2384366,0.15358283,0.84477603,0.96589035,0.33084363,0.090611815,0.5880879,0.7360688,0.76128745,0.8554373,0.505013,0.8771829,0.51511973,0.35836986,0.21789165,3.3129048,0.8048847,0.032207612,0.755545,0.011726167,0.3117435,0.44511992,1.1484166,1.4040492,0.8441218,0.81083584,1.8710327,1.5107952,0.83928007,1.1004213,1.0459656,1.1518596,0.34786522,1.2013541,0.80440116,0.37437865,0.15117969,0.17019676,0.8222102,0.032314498,0.49825352,2.5344203,2.1577275,1.1079152,0.41151854,0.83057535,0.7188037,1.2657449,0.5706638,0.8734703,3.5157118,0.8852313,0.8354907,2.9138072,0.68656695,1.0019386,0.019137867,0.14964122,0.70782954,2.0822752,1.6669594,0.1793331,1.4578128,0.62884015,1.4828488,1.6828635,0.013773469,0.46028265,0.04246505,1.7041358,7.598873,1.4182532,1.1378464,1.357193,0.33900037,1.4757606,0.33233923,0.61362183,4.6736517,0.3617022,1.1809765,0.3705983,1.1722754,0.1534728,2.212995,0.11165308,1.0620515,0.24781017,0.00081579,1.5573721,1.2448106,1.3206449,0.71126044,0.8125192,0.12601711,0.73043823,2.4706833,0.3046322,0.45948157,0.27087352,1.0226452,0.8396069,0.80255634,0.15537983,2.609352,0.66041934,3.0666556,1.7636583,1.1973559,0.26076376,0.33364502,2.5741374,0.54579306,0.0,0.7138281,1.4637407,0.48861957,0.3578275,0.36087507,1.1395665,1.5986099,0.67611784,0.8151821,3.8153453,1.0695304,0.32231236,0.018461024,0.573499,1.0422368,0.6823874,0.4858953,0.51001567,2.7146015,1.5868449,0.10194455,2.5111477,1.4840512,2.3731425,0.8202904,0.6799282,0.7804002,2.831596,0.52900594,0.087417796,0.18486539,1.991589,0.62673235,2.0932357,0.96415734,0.8169685,4.172517,0.35589996,2.80104,2.8541322,2.6049266,1.6252776,1.8559644,0.14681199,0.19927314,0.70114744,1.6477897,0.31406784,0.26122048,2.9957654,1.0273,0.062391505,2.4847767,0.59025013,0.68871844,0.6002936,0.040350832,0.38405234,1.3433467,0.60857856,0.349637,0.23784196,0.61075366,0.051101364,1.3683044,0.11750056,0.1324526,0.07897522,0.6419184,0.7869677,0.084821835,0.1698698,0.63916713,1.0231508,1.6394267,1.5521965,0.536084,2.181965,0.57140744,2.9576247,0.3209541,1.8324468,0.65832365,2.0583243,1.5448519,0.89040047,0.71548235,1.4223225,1.2586548,0.39656174,0.28035596,3.1260715,2.1786513,0.5033302,1.2542987,1.4972038,0.5491638,2.1682737,2.9234297,0.36895978,2.0685527,2.4671767,2.145656,0.4523141,1.0479046,0.016189607,1.7923759,0.59622204,1.1282692,0.90337247,0.2877292,0.21602468,0.8973555,0.6004191,2.392319,0.56363356,0.48381922,0.3127406,0.8540131,0.32159117,1.3747783,1.2800581,0.47296023,2.243306,0.4777776,0.12767982,1.3246076,1.1428201,1.7539619,0.037803363,0.05260827,0.0,0.08733477,4.0619965,1.2069442,0.024238681,0.3927152,2.6309025,2.0836575,0.20962937,1.8383545,0.1680244,2.042024,1.1609206,0.23673645,0.072090976,1.2288446,0.35352367,0.71772534,0.08849523,0.643337,0.852904,0.7911874,2.7371361,0.86399263,0.9997771,1.1266863,0.64667517,0.2326409,2.9381988,0.52908796,1.0461413,0.7115979,0.18139465,all_pothole_images\pothole_images_2_image_325.jpg
0.31293577,1.2077618,3.3257458,1.39813,0.3675968,0.27132797,0.12295638,0.96519077,0.38370746,1.0578887,0.92164624,0.85185045,0.4498689,1.3866925,0.81649274,1.167552,0.07771453,0.84127027,0.08527932,0.22749427,0.623248,0.10289456,0.4453395,1.677141,0.10944041,0.030142665,0.7780614,0.78042096,0.1428806,0.08842902,1.5692807,0.1775772,0.23239283,1.2714115,2.1305418,0.012270847,0.111934796,2.176864,0.1964737,0.50306606,1.1100655,0.020525655,0.34794462,0.64758897,1.2984215,2.8803794,0.07645122,0.025603851,2.183693,0.18407282,0.42413965,0.5980926,1.2815176,0.0,1.6224879,1.0551974,0.5851212,0.9180642,1.0756531,0.33829296,0.5787577,0.03952581,0.5878617,0.2894923,0.8474463,0.22078428,0.11861655,0.4932958,0.79933906,0.59849834,2.849644,0.90846515,0.28282213,0.6149207,0.28370813,0.024968896,1.0444589,2.885319,0.088051476,0.1953185,0.20430677,1.8781998,2.0253472,0.19982961,0.6487202,1.3018013,0.116875455,0.5589276,0.81406236,0.2948774,0.15316038,0.15977436,0.48185754,0.25171527,1.6604106,1.4540904,2.3929973,0.8540652,0.08358498,0.65398085,0.2907831,0.16497593,0.78220975,1.4545188,2.0831647,6.001508,0.34634238,0.26929563,0.10816034,0.034093734,0.024948036,0.00114063,0.5369062,0.5893207,0.0699467,0.40473187,0.048942063,1.8590648,0.08964309,0.6708399,6.746621,0.16378531,0.5268745,0.48380762,0.42707,0.4255913,2.0747254,0.0,0.3326781,0.116514966,2.5227387,0.13554297,0.45127502,0.13841966,0.0958395,0.12053005,3.2644594,0.04866628,1.8745508,0.0751676,0.21238302,0.7992079,2.1599112,0.63456804,0.28916,0.8218438,0.10088647,1.1076621,0.70885736,0.84152126,0.013120865,1.3582541,0.1818535,0.5469945,0.054463014,0.50762075,0.33096173,0.10834137,1.0764793,1.5690781,0.6520173,1.1380957,2.0487816,4.5589914,0.30572587,4.0162287,0.2065829,0.063286945,0.04824601,0.62094605,0.3302223,0.49636626,0.8061911,0.9966508,0.21231677,1.0726999,0.08712371,0.6431623,0.5220071,1.5808617,0.3371886,0.2597546,0.6239929,1.8738266,0.44522864,0.29826134,0.031404078,0.25945333,0.8939629,0.48812515,0.014816265,2.4123907,2.5704083,1.3297325,0.8076014,0.8632381,0.9832517,0.179741,0.33281294,0.051445264,0.24991654,0.23458773,0.08193471,1.2024684,0.57162905,0.64513266,1.1666572,0.021156175,0.11676232,0.13914822,0.5964646,0.7851678,0.023488102,0.40258333,0.00094758306,1.0738053,0.03451886,0.33240414,0.013337933,0.11579387,0.6757389,0.95382464,0.75423443,0.41560557,0.23449951,0.21488714,0.10988231,0.0,0.0,1.8163757,0.3382376,0.038861237,1.5091755,0.8640073,0.14016636,0.47493976,1.6298839,0.22281224,0.3179261,3.2252498,0.6142418,1.415607,1.9979352,1.9293147,1.0114461,0.044897936,0.009314065,0.0231916,0.086880416,0.13068199,0.36086336,0.02575741,0.1125454,0.26528883,0.3681487,1.1744367,0.15233478,0.9266725,0.16045718,0.018285004,0.15767905,4.011092,0.34725407,0.08056481,0.4859,2.653928,0.21387707,0.5786852,0.9710696,2.2209044,0.3604065,0.7893254,0.4129922,2.214261,0.30976465,0.2246003,0.3835832,0.0,1.2844346,0.52777994,0.45562494,0.29509798,0.3334088,0.095825076,1.0865673,0.031075403,0.48227698,1.6431637,0.3293162,0.034585763,0.2980233,0.0,0.26527256,0.8520084,1.6513984,0.032290515,0.44741797,0.25120735,0.39926827,0.50579256,4.759385,0.4042935,0.04652661,0.026650313,0.3991107,0.058980625,0.18624547,0.12680028,0.6646127,0.49851483,0.03979824,1.3324323,0.0052563953,7.2595394e-05,1.7769214,0.05824039,0.0046991496,1.6351875,0.12025832,2.5876122,0.76117533,0.783878,3.0354197,0.97925645,0.076062314,0.29981688,0.13546653,2.8376203,0.42557144,0.24562925,0.08711756,0.023962827,0.16054939,0.0111604985,2.5239773,1.5573552,0.14289708,0.3871377,2.4271321,0.29309303,0.037223246,0.6654366,0.654134,1.9246376,0.1634926,0.99487865,0.04490721,0.5031656,0.066608146,0.5586939,0.067628175,0.5380982,0.012955145,0.5364737,0.5896696,0.0013859591,0.78858465,0.20793973,0.5389985,0.011495705,0.61344516,0.26049665,1.0342363,0.048245594,1.2338711,0.64462024,0.5265948,1.0345957,0.41414785,2.645096,0.25699443,1.197191,0.44722715,0.5021296,0.017361231,0.032182675,1.1742488,0.05071068,0.8207113,0.7131628,0.04704284,0.580307,0.25287074,1.12111,0.009191166,0.45834133,0.11378158,0.5538323,0.03430775,0.14777091,0.38720557,0.3665173,0.099174865,1.6761922,0.24291919,3.639631,0.039665807,2.3717787,1.6358745,1.0123479,0.018393897,1.7082283,0.65185827,0.2838407,0.08658508,3.5510764,0.6223322,0.18949209,1.4165192,0.20690559,0.03239492,0.07206761,0.47702822,0.96007204,0.116732575,0.3416447,0.019007515,0.5940251,0.07089517,0.31829673,0.111232325,0.13560435,0.6967138,0.06974923,1.6721674,0.07428591,1.0095804,0.11794597,1.1026285,1.4588305,0.039287176,0.4009994,0.21386419,0.22619319,0.26842523,0.7213899,2.532549,2.1071148,0.049215592,0.5987494,2.7503998,0.083029725,0.12411561,1.3922521,0.0035636371,0.84683913,0.14268014,0.2846066,0.82286257,0.99384946,0.69292504,1.3401725,0.17503777,0.539475,0.024734968,0.99256855,0.10844219,0.32625213,0.9391651,0.6965552,0.97500694,0.25825536,0.0022978766,0.8701293,0.07273723,1.0698091,0.9221959,0.3206623,0.7542547,0.027079305,0.024406578,0.9954019,0.15468957,0.068768576,0.37477538,0.006733664,0.01751078,1.809136,1.2567443,0.23238248,0.44192708,0.6199011,0.48527992,0.07352947,1.794215,0.25498745,0.2024606,0.86365587,0.1936395,0.44596964,0.076587275,0.0,0.13670558,1.4573488,0.631721,0.0057686823,0.14327836,0.6908823,0.9162906,0.21155307,0.06646218,0.42159334,0.64540607,0.07809987,0.41103125,0.011873739,0.014748017,0.000973622,0.2198604,0.7427112,0.6785398,0.03311564,all_pothole_images\pothole_images_2_image_326.jpg
0.13738486,1.1124992,1.8951508,1.06146,2.3967645,0.072131455,0.7097034,3.4853172,0.45030797,0.73862594,1.3555902,0.52354246,1.3752813,0.85467696,0.47330642,0.35522935,1.8673366,0.6540058,0.31749147,0.7604258,0.27456442,1.7541027,0.692003,2.936132,0.23573495,0.20748764,0.58690834,0.42682064,0.11546876,0.23879203,3.033168,0.6282476,0.22414476,1.2930268,2.0148113,0.87908983,1.3810831,1.7898276,0.2757756,2.489805,0.55033326,0.30951822,0.026802963,0.4400063,1.2680216,0.23450647,0.6107872,0.2475134,1.3223144,0.7043059,2.0740197,0.18670043,1.3479718,1.6127086,0.6125285,0.3352897,0.6655893,0.023508193,0.68688,0.5932525,0.81192636,0.4265937,1.1656402,0.29618216,0.5711802,1.9958243,1.0677284,0.658195,1.3938487,0.34672832,0.19930294,2.4438853,0.1790877,0.051807392,1.4350063,1.868649,1.0618521,0.854533,0.67528963,0.5824558,0.7312558,1.0142967,0.2160546,0.49604982,2.1263506,1.9633317,0.84429353,0.31941545,3.3105376,0.17179357,0.5044708,0.3790093,0.51005256,1.3048229,0.77538764,1.2669176,0.37743744,1.6336993,1.806911,0.4278891,0.32692543,0.5308138,0.5814495,1.4116812,0.4538659,1.0976642,0.37092435,0.42058033,0.089341976,0.6582386,0.06341647,2.7861838,0.89895314,0.890272,0.075379655,1.1765251,2.5576072,0.91706955,0.5852236,0.2774813,1.0237002,2.7801719,0.6477155,0.0,0.05187285,0.6070667,0.19069055,0.63266975,0.25446412,0.68379396,4.0359683,0.69860107,1.3154365,2.1464832,1.0519073,1.1694572,1.431043,0.51066995,0.6195191,0.023815071,0.5573006,0.6070586,0.0394535,3.7099123,0.6775187,0.15571992,0.97757035,0.1400132,1.2509501,1.6084319,0.80325526,0.50403106,0.834035,0.5064188,1.2951428,0.22732718,0.45157883,0.8828804,1.6831774,0.932443,2.9186397,0.40765706,0.11122088,1.7484101,0.34173265,2.9663186,0.87666553,1.1492711,1.4031641,0.013280336,0.69304866,0.79638875,0.8091044,0.47348395,1.2761655,0.4092769,0.6155062,0.061236255,1.4298702,1.5660497,1.2842582,1.6580786,2.478159,1.2140098,1.253817,0.5331628,1.2950178,0.35498708,1.6584737,0.9252426,1.7694882,0.67374825,0.25120977,1.787815,0.49166852,0.104314305,0.41141984,0.5494759,0.006445338,1.709614,0.66200393,0.3844153,2.121505,0.67115766,3.1382048,1.0530769,0.2998083,0.35387948,0.39669153,2.2597837,0.17695206,1.2051446,1.5539418,2.1732905,0.3859013,0.61909175,1.360061,0.31313977,1.2417655,0.27914,2.1387472,1.9277008,1.0102445,1.5850309,0.28413224,0.6420586,1.1771475,0.4640861,0.7137853,0.46488196,0.26688883,1.5849503,1.3795539,0.9366941,0.31099343,0.78421783,0.25190765,0.66762316,0.2541471,0.2033371,0.716255,0.0580953,1.7211584,0.043766428,0.09348445,1.2930022,1.0502032,0.09226541,0.3507055,0.4766592,1.497077,1.0519416,0.67382365,1.3730377,0.92800534,0.43922544,0.71280557,1.9245911,0.48893145,0.27859128,1.3768995,1.4986862,0.74294543,0.8769299,0.06497537,0.8655107,0.4871149,0.95497334,0.73185116,1.3872874,0.46050447,1.2092003,0.46127543,1.1986808,1.8218689,1.2303753,3.244551,1.6938258,1.4578788,1.1058613,0.53534335,0.3726796,0.40560454,0.20128913,2.0945516,0.8062945,1.80775,2.2973776,2.4375365,0.113338545,0.9100484,0.2929896,0.17116001,0.7350662,0.89266765,0.1357476,1.5844365,0.989579,0.66758054,0.12870573,0.057009954,0.103403166,0.87992,0.5872257,0.5614326,0.011142033,1.4099823,1.3087524,1.9446728,0.2578696,1.6595262,0.75636834,3.876298,1.5655668,0.9560392,0.40548453,0.19309768,0.14612675,0.9469752,0.30349922,0.2044691,2.6239822,0.14108714,0.81897,1.0565618,1.9916565,0.13142002,0.992963,0.23544607,0.9719409,1.4586713,2.4576027,0.33363748,0.5471874,1.0817657,1.5877459,0.33594525,0.32170352,1.3404413,1.2498413,1.222986,1.2903669,2.06622,0.6123433,0.49515814,0.8090384,0.67433685,0.6062579,0.71147716,0.73758274,0.26687104,2.223199,2.235541,0.33261776,0.49640277,0.14071852,1.1717582,0.32763475,0.87048227,1.3624461,0.06086054,1.0857452,0.4214315,2.1155672,0.2812702,0.26219,1.697746,0.5868521,0.4851233,0.40673572,2.2478907,3.1117294,0.15049821,0.3172398,0.5641924,0.6139396,0.38790956,0.9110192,0.24729694,0.73487884,0.75636727,0.49944484,2.049538,1.5575544,2.1020832,1.1587026,1.22209,0.42451426,1.7331249,3.043901,1.4521858,0.6035784,0.020877283,0.70212144,1.956629,1.8722206,0.7326803,1.1967531,0.6768336,1.1003351,5.0862927,0.26942703,0.896111,1.2991946,0.009635702,0.23554045,2.6909037,1.0855387,0.803755,1.8294528,0.3683422,0.5031143,3.6580565,1.4209877,0.19936575,1.1664102,0.50351274,1.25836,0.46988225,0.26030695,0.6737305,1.3890846,0.3010861,0.42305988,0.16502172,0.20798138,0.6151411,4.0376806,2.315559,0.78943515,0.061085995,0.4383249,1.8873388,0.14411038,1.2917243,1.6818687,0.23615132,0.8946399,0.6066231,0.34261632,4.1509566,0.4369169,0.072013326,0.59180903,0.9192215,1.5277526,1.0347086,0.12907682,1.4549886,1.239551,0.10821457,0.40705895,1.8473608,0.40299925,0.55356044,0.43081424,1.0623204,0.35794264,0.14850025,0.17804325,0.47523537,0.36689368,1.1323841,0.20658283,0.8982023,1.437674,1.4551383,0.2087334,0.54020673,1.4953921,2.258263,1.6105917,2.072821,0.40741566,0.5104632,1.2516415,0.16081893,0.18626386,0.86151123,0.05832461,2.0691967,3.2662609,0.62849003,0.6636851,0.021783903,2.276036,1.9422457,0.2776859,2.0249364,0.09033242,1.2382774,1.2910426,0.505254,0.33134043,0.62545425,0.19836447,0.46648306,0.45522618,0.1909124,0.15553376,0.5360232,0.3466559,1.1012144,1.3168534,0.51438755,0.5920471,0.05458896,1.5083227,1.1919397,1.1167291,1.7070823,0.49424464,all_pothole_images\pothole_images_2_image_327.jpg
0.9145783,1.2784007,0.8727839,1.0232899,1.0832791,0.31637985,0.18251464,1.729684,1.5402813,0.7797654,0.7762828,0.07833387,0.80281514,0.42099142,1.0895019,0.028107155,0.08525667,1.6831213,0.113653414,0.095978715,0.40254128,0.8293631,0.34857926,1.9215302,0.26837027,0.7648825,0.97454333,1.029895,0.6950356,0.8882109,1.0218061,1.9618452,0.6554307,0.13199909,0.29411784,0.6139852,3.8761275,0.9080795,2.4575322,1.4363974,0.8545693,1.4922692,0.75987583,0.82861555,0.625124,0.09878242,0.40741655,0.77923846,0.21995386,0.005697438,2.135789,0.7583361,0.55808383,0.25708777,0.33257666,0.30671978,1.4601192,0.089912765,0.18238567,1.7409627,0.35683167,0.027765604,0.004361904,0.29953936,1.3314159,1.3714081,1.7675909,0.49123377,0.6222699,0.006624541,0.9426555,0.8961589,1.6012872,1.2329338,0.23225196,0.5211991,0.24974452,0.9903665,0.15343298,0.5462912,0.4114611,2.0007195,0.9528075,0.78259593,0.80172634,1.3687638,0.8973972,0.40519816,2.4000473,0.041160222,1.9075295,0.043990586,0.0066804173,0.47495347,0.08361457,0.30205557,3.2244751,0.5734067,2.6054947,0.38410658,0.3676135,1.8298225,1.7892565,0.3247877,0.69836736,0.37547302,0.29288092,0.5657023,1.083123,4.691488,1.544723,1.4271346,2.1897092,0.38003135,0.47411606,0.44403055,3.1122797,0.04074906,2.3020887,0.2765492,0.43560794,0.20066677,1.7607493,0.18471378,0.24573654,0.0020240827,1.797936,0.38649246,0.5405062,0.64095676,0.11137325,2.1817927,0.15378986,1.5126303,0.36285526,0.43285447,0.7710646,1.3010055,0.7525289,0.2528944,0.892378,0.25030926,1.1779644,0.71596295,1.083519,0.9016554,0.18708071,1.105886,0.30754712,0.17048155,0.13217437,1.0197029,2.1788359,0.45918217,4.0481772,0.06846434,0.6960689,0.92035484,1.1463583,1.7844276,1.7219062,0.059006028,0.5824104,1.9324936,0.37209624,0.2635198,0.6313984,0.15814717,0.93924296,0.16598201,1.3139088,0.16285796,2.5197482,0.052911904,2.8037987,0.8687993,0.9647698,0.0,0.15862173,0.30119514,0.6412998,0.7211698,0.43349814,0.6941256,1.904451,0.6477845,0.47372416,1.1740501,0.2851759,0.730234,0.6097941,0.018821986,2.3443775,0.86790276,1.4344717,0.09896814,0.4062246,0.0795689,2.2421997,0.18113832,0.11686691,3.6144109,0.14860232,0.43343276,0.30365032,0.2789819,1.2355484,0.22509073,1.0786493,0.8749209,0.20937762,0.8139006,2.717006,2.529904,0.4636706,0.5080175,1.1025616,0.9011964,0.28510708,0.9590527,2.8234134,2.4712224,0.7578741,0.97047305,0.6553441,1.6433812,1.0305877,0.8367412,0.1285355,0.8343903,0.33607477,2.4051986,0.28828052,0.39642614,0.042290732,0.43715197,0.26096648,0.73905057,0.013502232,0.274434,1.7458502,0.2129495,0.8654137,0.23643625,0.53740984,0.3679531,0.6336169,0.5321894,0.07664734,0.04094212,0.3364215,1.3162968,0.4807264,0.34210485,1.399237,0.18367903,1.3402904,0.17473786,0.556011,0.49998206,0.5520069,0.18067418,1.0501262,0.24663457,0.3361622,2.6430776,0.87252945,1.1830487,0.20186044,0.19834471,1.2846985,0.0100018615,0.37798285,0.5857295,0.37328193,1.1938679,1.657591,0.5376172,0.02065693,0.4609113,0.019151688,0.17324074,0.8851106,0.5459354,0.20690234,0.45414892,0.8543256,1.232067,1.187177,0.75832254,1.3421448,0.4375241,1.1493418,0.16480348,0.1302155,0.26401624,4.833232,0.15144686,0.26338455,0.6133934,0.13745959,1.2050025,0.15863666,3.0576582,0.053385384,0.3405728,0.92301106,0.60479516,1.7441388,0.18524805,0.5596673,1.0837861,0.995577,0.06776382,0.20415391,4.704808,0.4156421,2.3202255,0.12470517,1.044715,0.4239698,2.5273778,0.74057525,0.13729618,0.26699746,1.4065735,0.41121572,1.8852456,1.055293,0.5610918,1.1807618,0.05267795,0.23990548,0.8874256,2.4759767,0.2873873,1.3477255,0.41129315,2.1504061,0.71752,0.5932957,1.4077679,0.46208462,0.25535774,0.1695426,0.39775893,1.9295075,1.0928115,0.6043339,0.5007404,0.9917597,0.65999854,1.3085144,0.1680552,1.5705531,0.42085883,2.287095,0.0,0.3092149,0.09384273,0.08499198,0.77447623,0.5675546,0.5539174,2.0865278,0.12065714,1.5484213,0.10293042,1.6024207,0.075114705,0.43245193,1.0004755,0.9496999,0.40642872,0.39286578,0.5904199,1.0831418,1.0128384,0.38738853,0.7034842,0.53006184,0.31788945,1.840498,2.0662162,0.052893437,0.45962578,0.52539873,0.04016808,0.019914754,1.3403454,2.6741824,0.73998624,0.02965025,0.2153394,2.0502114,0.5102275,0.29818013,0.372684,0.46682957,0.50748336,0.85693854,1.4731623,0.9996951,0.61809057,4.3937316,0.16172351,0.36034524,2.1618943,0.40478584,1.8672045,1.0239333,0.5593575,3.6962717,1.8015877,0.027648823,1.1434003,0.15795974,0.37958577,0.6269784,0.2706431,1.2681835,1.1764572,1.0006982,0.061517328,1.4143374,0.25356662,2.5817683,1.514646,3.771503,0.08931463,0.18386498,0.55931854,0.81697935,1.7586751,3.6562326,3.411263,2.647672,1.1092082,0.3887305,0.44927529,1.898288,0.9086782,0.039043475,0.5077806,0.009290101,0.08259453,3.7971203,0.23834088,0.75568014,0.33785373,0.6873864,1.0333849,1.6167588,2.8390813,0.948124,3.0465372,2.8126154,0.6947907,0.6819136,0.5573202,0.5527978,1.3141648,1.5172225,1.4470296,0.6597066,1.9833934,0.82972884,0.17214444,0.46396598,1.3674511,0.46601218,0.25739384,0.82195234,1.8056109,0.26120585,0.20101523,0.5279503,0.37182647,0.33997345,3.5660088,1.6193833,0.7340135,0.22865902,0.7900722,1.129986,1.5608268,1.5825245,0.8109023,1.7860353,1.4431987,1.2389778,0.18112357,0.83464366,0.73191196,0.34812436,0.6490825,1.1279821,1.8266574,0.13881797,0.040890295,0.6097081,2.148671,0.18680051,0.83357316,0.020612653,0.20989145,0.029159127,0.53427505,2.6993747,1.2432193,1.0725662,0.38305998,all_pothole_images\pothole_images_2_image_328.jpg
0.1306878,1.7657981,1.4240445,0.98726654,0.17007563,0.55527425,0.34566885,0.0,0.87245005,0.58289486,0.059015565,0.04143246,0.010694672,0.02540224,0.08045876,0.059365798,0.0013178309,0.002407044,0.16706473,0.01855903,0.07500694,1.6221712,1.3085632,1.7875696,0.97779804,0.11329853,0.0,0.24295644,0.0,0.20818749,0.8452157,0.044953726,0.21937862,0.33246806,0.06850337,0.13546374,1.5623947,0.3266865,0.9933753,0.19379649,0.11434679,1.1942079,0.23648313,0.019813672,1.0980022,0.22807884,0.17860173,0.26502892,0.0,0.06290367,0.3382063,0.0022714057,0.26433706,0.5386887,0.25285625,0.085950956,1.0263013,0.11754873,0.053872604,0.040666595,0.0015943957,0.11356224,0.93406737,0.17405726,0.5822016,0.24318711,0.88386303,0.14996135,0.001516364,0.23848988,0.016756682,0.009388578,0.032049567,0.0,0.0,0.65276855,0.37774187,0.22346668,0.0,0.029899282,0.0,0.24541,0.08048291,2.470697,0.936615,0.27902842,0.057037227,0.0,0.37237945,1.4732615,0.0,0.05599365,0.23011494,0.042407468,0.23162372,0.0,0.8932004,0.19524442,0.20762357,0.059125908,0.9447275,2.0731606,1.0612243,0.0,0.4598911,0.5396366,0.0013819442,0.12321919,0.056817092,1.2013046,0.011003347,0.4977665,1.0169336,0.16415608,0.45387015,1.0310515,0.6745941,0.049909685,0.56043434,0.12834132,1.1921709,0.086749285,0.26479375,1.7865361,0.11289597,1.146504,0.45282057,0.7067561,0.60805595,0.18079804,0.07640283,0.004415607,0.17469387,0.10832924,0.58338094,0.176799,0.13958015,0.0,0.2051198,0.0029349301,0.4540346,0.2691366,0.86863005,0.7212489,0.012137352,0.038590387,0.66032994,0.2909795,0.273832,0.009485066,0.17253974,0.1966022,0.36642712,0.18933512,1.0667552,0.093469344,0.5834896,0.56875265,0.09379107,0.03538899,0.40299875,0.61860263,0.04161214,1.0030457,0.1982024,0.108729795,2.3648608,0.02508042,1.3151256,1.8534663,0.22097342,0.011864096,0.0,0.11864234,0.79686284,0.07267418,0.33220333,0.014994941,0.25924122,0.027854722,0.0034507385,0.0124874115,0.7553267,0.66161585,2.7057343,0.68380135,0.92540944,0.31087518,0.5906059,1.4224727,0.49363086,0.09430126,0.24660142,0.9712549,0.9837531,0.0,1.4989835,0.42986545,0.370474,0.21393014,0.110734895,0.1549071,0.029630104,0.9906825,1.3268651,1.2233303,0.08935358,0.038337577,4.79118,0.95919305,0.0,0.24220158,0.7501958,1.2698536,0.67271394,0.0128322765,0.3830332,0.15259103,0.21458127,0.2799507,0.42088026,0.73900247,0.248358,0.15733919,0.0074686566,0.23955704,1.1991061,0.02367258,2.9868343,0.0655295,0.018950203,0.3165596,0.39211366,0.02102977,1.8374232,0.0,1.0139948,0.027909381,0.7043124,0.3816326,0.51266944,0.054515973,0.45483717,0.23346552,0.06267673,0.0228609,0.6097026,0.6281009,0.000899471,2.9917016,0.49183857,0.7032713,0.0,0.47192568,0.0,0.0,0.13426603,0.10509494,0.093518905,0.60376114,0.1669538,0.43306845,0.37058163,0.6877579,0.13719676,0.2807129,0.12976044,0.0053640176,5.371355,0.0300824,0.4569383,0.061757855,0.01797132,0.14101887,0.47028506,0.5300514,0.006668789,0.112229936,0.71465755,0.18457787,0.7564301,0.4738162,0.2958468,0.028812632,0.010390746,0.075061545,0.10772653,0.75190187,0.27784178,0.23105274,0.10390225,0.1504244,0.12733649,0.5339832,0.077536635,0.60100186,0.6769664,0.55464345,0.2006035,1.6474329,0.23336916,0.49243528,0.04039008,0.06993177,5.669578,0.34555933,0.92918473,0.07799226,0.19157602,0.012459545,0.0,0.09833914,6.467148,1.7899517,0.2480097,0.5302868,0.10232659,1.3772049,0.3197116,0.5042204,0.82421935,0.0,0.40855974,0.09102911,0.45815912,0.26499876,1.7394325,0.04779155,0.046262935,0.0004026709,4.978866,0.01847889,0.017195188,0.114075854,0.320851,0.062234677,1.1442077,0.0013778153,0.21920122,0.0025766448,0.20564677,0.39137924,3.202214,0.011851682,0.71016884,0.14061491,0.02661316,0.24749632,0.6135844,0.7077204,0.0,0.035322912,0.10709858,0.53685796,1.1065383,0.3936418,0.06110343,1.6508107,0.051510323,0.11376963,0.44108978,0.15194665,0.008001968,0.38745645,0.4257108,0.057101093,0.30038208,0.0770364,0.6104908,0.001196127,0.24829657,0.052128192,0.120747484,0.01799124,1.1153709,0.03654848,1.0240389,0.754388,0.74644935,0.2987497,0.2667772,0.0074832696,1.70385,0.32515934,2.2444713,0.0017472518,2.2578394,0.17964117,0.21858712,0.19665785,0.102064624,0.21868546,0.0,0.67625254,0.00036400746,0.6888374,0.45550224,0.45603502,0.01693117,0.14498743,0.65631187,0.42324665,0.4237318,0.130575,1.4754372,0.20948876,0.38117638,0.21313563,0.09867228,0.048192658,0.10973678,0.015278003,0.27328295,0.19980302,0.00067253807,0.12458013,0.42850003,0.974889,0.051095262,0.14555418,0.0076586357,0.3980143,0.5540365,0.062715165,0.55434513,0.64712065,1.0414933,0.33406714,0.4916986,0.0553656,0.2678089,0.40180463,0.0,0.049328238,0.026245384,1.6725023,1.5458822,0.6782553,1.4737056,0.7615401,0.2684448,0.7591362,0.24952294,0.06471948,0.18145098,0.10287479,1.3006355,0.25262722,0.0,0.97992384,0.96889627,0.32198364,1.5813802,0.14440165,0.03069065,0.8876774,0.23911387,0.0,0.024827855,0.19696943,0.12665723,0.049069747,0.18146126,0.023098653,0.38106912,0.40174675,0.0,0.0038275863,0.0,1.1362617,1.2683138,0.08033295,0.18619989,0.13793366,0.30334485,0.0,0.77070475,0.65410036,0.3881938,0.66637325,0.5216077,1.0345495,2.7702062,0.4374976,0.32701826,0.36538446,0.8427591,0.0,0.069890305,0.24020377,0.62953794,2.2499893,0.03468424,0.36197704,0.012046972,0.0,1.7067856,0.06690888,0.0,0.0,0.039651528,3.9674733,0.25365567,0.021867462,0.0,1.6043609,0.040795434,0.061387304,1.1479783,0.3349947,0.5136224,0.053075742,all_pothole_images\pothole_images_2_image_329.jpg
2.0256345,0.19035769,0.16826987,2.5630925,0.8431473,2.414287,1.8555158,0.116798565,0.43878952,1.5911229,1.01898,1.0345738,0.056063097,0.5370712,0.4217463,0.8942803,0.26670063,0.7390948,0.3664392,0.5025623,1.2342254,4.052017,2.2025714,1.7828915,0.04062514,1.1636955,0.1632063,1.6678982,0.17107391,1.2077695,0.67018634,0.21268539,2.0425408,0.46400887,0.30149525,1.3854376,0.118449,0.06543108,0.7981768,0.0007093395,0.1058044,0.95641845,0.23068711,1.3120012,0.3303476,0.031202136,1.7583553,0.011104861,0.73959637,1.9157071,1.6179186,0.9466124,2.4905248,0.0705259,1.3085978,1.7015564,2.7873678,0.82580197,0.5335333,0.7779667,0.89997345,0.88688684,1.8262861,1.3867829,1.3965678,1.0790325,0.21167214,0.21821648,0.50608736,2.3148592,0.003139972,0.99628663,0.4459952,1.094858,1.3959053,0.6921217,0.2558546,0.6300433,0.21570568,0.8209745,0.52702904,0.38832703,0.1595216,2.0707643,1.8202038,0.80565834,0.75887054,0.70139986,0.9545907,1.061548,0.5090576,0.8094688,1.5040436,0.19609626,0.49767303,0.33928645,0.43250725,0.7306927,0.40721956,0.36249268,0.028590644,1.8770037,0.21813002,0.12375422,0.9706867,1.4854294,0.17815636,0.053435534,0.19181705,0.4418569,0.42464897,1.3942578,1.3153555,0.69153017,0.902839,0.9789081,1.276232,0.35246933,1.1086805,0.72612464,2.093244,1.8497838,1.8332821,0.45022613,0.23225178,0.5371056,0.9346042,0.5295729,1.5693558,0.0656862,0.42961445,0.4281279,0.70919186,0.72231746,0.20785233,0.34237054,0.019983768,0.31482098,0.1791797,1.0411994,3.835411,1.8123153,0.9911159,1.0241002,0.28322336,1.9844896,0.63117874,0.70780057,0.14958334,0.34623656,0.5018394,0.7072296,0.051926777,0.952177,3.4918985,1.4623263,1.8726386,0.13658236,2.0692015,1.243057,2.738985,0.033388708,0.34346396,4.116197,0.7659027,0.015057633,0.4357942,1.1124424,2.5462098,0.056287028,0.42368048,0.58694303,0.0,0.39903897,0.6449421,1.0694724,0.23787676,0.014950273,1.1327326,0.10354647,1.3496543,1.3059627,0.6955744,0.9493961,1.6204722,0.66272795,1.0065831,1.6932625,1.3210266,0.9501509,0.08033997,0.19033845,0.30192298,2.7861726,0.06452861,0.22788711,0.6540809,0.21416163,0.31006354,2.6434205,0.1437312,1.885302,2.4674304,0.07676607,2.096173,0.098832965,1.0027493,0.6082595,0.67758304,2.4882762,0.0,0.09358221,1.6398535,1.2512225,1.2745126,2.221445,0.8546209,0.0,1.1729151,2.0780635,0.4689014,0.45296165,0.5506328,0.6491919,0.14212424,0.6843087,4.6689672,0.40325794,0.48955604,0.055408783,0.31370753,0.17505877,0.35651046,0.37691334,1.5373441,0.44840372,1.2073557,0.26837835,0.09027996,0.44204372,0.066571176,0.010768201,0.2408091,0.052156486,0.09340294,0.08270668,1.2700068,0.44659618,1.8893,2.6998975,0.9210214,0.024584336,2.0830734,0.13463107,0.5661732,0.3959064,0.32744402,0.49193668,0.55198824,1.955605,0.2016244,0.6565361,0.46314284,2.3053162,0.0564357,1.8307468,0.34634912,0.306828,0.6779116,0.09038331,1.4232173,0.19049537,0.50840986,0.27418777,0.062334828,0.59423435,1.022425,2.0901701,2.3179529,0.22929925,0.6654911,0.5910281,0.18447703,1.2775518,0.22904925,0.5493135,1.4152498,0.007604995,0.4543133,0.06519398,1.350136,0.008849651,0.23260626,2.4793684,0.46139628,0.14575325,0.40418178,0.55329615,1.1852975,0.50559026,0.6985097,0.19985105,0.20609443,0.15603602,1.5971713,0.09133296,0.25372598,0.86345154,0.0009772582,0.5064092,1.1543851,2.4405763,0.49509802,2.3522139,0.67875594,0.06465215,0.17922027,0.5929512,0.44760668,0.87580276,1.3694819,0.21621571,0.424219,0.79007286,1.3975258,1.2929887,1.051329,0.6471103,1.0096774,0.31520835,0.87079567,0.10457099,1.4755738,0.046814274,0.75203407,0.14906795,0.12715402,0.26543912,0.314257,0.24711429,1.0469319,1.0575343,0.7348842,0.15310714,0.67351127,2.021475,0.65884197,0.26565334,0.37570998,0.1399505,1.626377,2.0029688,0.75146216,1.5063759,0.5488989,0.85802186,1.0523963,2.305661,1.5554113,1.3314162,0.17174232,0.04852977,1.499481,1.8503286,0.060944192,0.5727721,2.1780317,0.46630263,0.6088241,0.25203985,1.13836,1.0899531,0.35516247,0.011256113,3.3154633,0.7699788,0.6397374,0.12061108,2.0244195,0.40406144,0.5268398,0.07557951,0.14451456,0.81827855,1.7291356,1.951458,2.8360102,0.016133761,0.023801265,0.8341393,0.6470899,1.6542115,0.9605492,3.2875645,0.21162213,0.4491057,1.8073916,1.4846222,0.6004576,1.5754653,1.4961131,1.386678,0.69962436,1.2867222,0.093832344,0.27092126,3.2739491,0.07833276,0.0021339396,0.88915443,0.19230568,1.2034179,1.1887659,0.19417186,0.5301078,0.1742107,1.727052,1.8520753,1.6350636,0.0648086,0.58333707,1.3852757,0.90144914,1.3211921,2.7790704,1.1983578,0.9524363,1.6069158,1.0380533,0.65794384,0.19551659,0.5710978,0.79138297,1.307923,0.018780462,3.4675212,0.6637607,1.9410006,0.15374552,2.2834182,1.0681456,0.36857492,0.032090712,0.47640437,1.5034319,0.49127305,0.7562923,0.2224652,0.068555325,1.2912297,1.327514,1.4227494,0.736318,0.22443037,0.54131746,1.3489065,0.085756816,0.17546208,0.74904466,2.2541351,2.1607294,0.2805409,2.4416375,0.80374956,2.4200444,0.17445344,0.043141387,0.10011266,0.49916542,2.3532228,1.245728,1.1835836,0.18874991,1.705104,1.7794474,0.64381886,0.70093435,2.7256186,0.08611272,0.18790317,0.77423626,3.2980452,2.7582185,0.26118946,0.19328952,0.12269869,1.9192638,0.21162933,0.49754214,0.0966269,0.08603925,0.2193824,1.2941859,0.13798326,0.077638745,0.008936824,0.59301025,0.6499294,0.5559835,0.09790719,0.47073787,5.590156,1.2121952,1.9397247,0.47455922,1.190627,0.023216395,1.4877828,0.41545197,2.4027665,0.15829642,0.07863563,all_pothole_images\pothole_images_2_image_33.jpg
0.77012914,0.93476796,0.68987375,2.3286493,2.7710316,0.75561833,1.2313492,0.355446,0.10238204,0.53001404,0.3681219,0.6922508,0.60765237,1.6159083,1.0460286,0.118735015,0.6295051,1.0056642,0.6126233,0.30991942,0.1211884,1.7440453,2.0594146,1.6954635,0.16262278,0.5510708,1.6693915,1.1679358,0.639471,0.40984058,2.215012,0.5216665,1.8816795,0.8031854,1.0683864,1.4629221,0.13897085,0.85816115,0.42692122,0.4257782,0.31433752,0.91091317,0.15698412,1.4098979,0.97852916,1.0290378,0.4331073,0.24853131,0.07254524,0.43264684,0.15141538,1.723601,1.0112579,1.8153067,0.6142827,0.35057995,0.54693776,0.04964445,1.4179364,0.18826084,2.273917,2.4276192,2.1084585,0.9998343,3.030397,0.5088175,0.46095964,0.15630266,0.4588693,0.42858467,0.56156224,0.21740945,0.2655073,0.0,0.84992063,2.4930258,1.2728367,0.74333626,0.37700373,0.019182237,0.9086238,0.68817365,0.58578116,0.011354721,0.97296524,0.83193153,0.006759275,0.47094375,2.0572503,0.06686007,0.38223782,0.88697815,0.6359555,0.36481124,0.2545345,0.20824233,1.2984792,1.266793,0.10984948,1.9292979,0.022958923,0.71584773,0.028966503,1.1695621,0.3492185,0.818299,0.54162496,0.48742524,0.44620255,0.66601723,1.9543506,1.1127299,1.9060264,1.2324927,1.3840929,1.0517209,0.78290534,0.045284867,0.60371244,1.6246806,0.4408921,1.3016304,1.7550727,3.158538,0.32262355,0.262099,0.3880444,0.05729676,0.66450477,1.8096656,1.609983,0.2915292,0.055533115,2.4613974,0.08714156,1.1867269,0.4291498,0.8440203,1.2020006,0.11218781,0.61501896,0.11400542,0.17013092,2.7677512,2.0669718,1.8051611,0.176948,1.1094376,0.7304161,1.4917624,1.7397428,1.0171578,0.11224184,0.020052884,2.0862267,0.060063303,1.596051,0.98217195,2.1926181,1.3449025,2.1151106,3.701576,0.2747258,1.2443519,0.613254,0.5513325,0.68877447,1.9591761,1.4334732,0.38926563,0.802841,1.0617808,0.40296325,0.55059993,1.4232897,0.8725215,2.3370645,0.24712385,1.2160411,0.39398694,0.28278908,0.5394824,1.2197863,0.4843113,0.077016175,0.62338,0.7781188,0.24259377,0.71235543,1.1660707,1.1549642,0.40769336,0.27666062,1.7785717,0.015257285,0.43156415,0.5588131,2.6620386,0.2930551,2.3693542,0.19628692,0.85903496,1.838473,0.6788638,0.65072954,0.9684738,0.7288967,0.7653057,2.264358,0.82912016,0.61787367,0.23519614,0.8085926,0.9230413,1.367263,0.78685683,1.1365547,0.4375971,2.9743361,0.16088523,0.7164034,0.14215875,1.2283467,0.009591174,0.2521474,0.6127534,0.48038647,0.12332804,0.20820695,0.40096122,0.6819738,1.3545783,0.53645843,0.5638321,1.597725,1.016187,0.16193725,2.5264952,0.7635163,0.038160443,1.744534,0.010922421,0.81446356,1.0259013,0.031283993,0.06880412,0.99900216,2.1543882,0.6153778,3.0085468,1.929556,0.0006110524,0.13619156,1.6383018,0.37167543,2.3173318,0.9837845,0.3919243,0.8751237,1.9161545,0.9587187,3.177664,0.9491933,0.4642638,0.03262148,1.5922582,0.0147709055,0.8916866,0.6066144,0.62581885,0.47968423,0.83572525,0.9052289,0.3136415,0.109017216,1.2847234,1.2361251,0.9984754,1.3933372,1.693692,0.33000168,0.13086548,1.016602,0.96205384,0.81468713,1.2397331,0.42809218,1.2030461,1.834467,0.32721663,0.59742206,0.9709438,0.38182473,0.56271285,0.14312026,1.587679,0.3370686,1.5013156,0.21026003,2.4108808,0.41975075,0.6268746,0.29858187,0.22610779,1.5019356,1.2330008,0.54973054,1.4844891,0.03427446,0.47708377,0.6157348,1.1883649,0.6991046,1.0892594,0.663599,0.3439704,0.25492162,0.6821834,0.15746847,1.7332315,0.898332,0.4303461,0.23130743,0.94968295,1.4332197,0.96405673,1.437326,1.4647888,0.56460416,0.9320341,1.4175436,0.08179391,0.37354955,0.43073183,1.6653188,1.4313488,1.826753,0.61638284,0.5826351,0.04206195,0.8859645,0.53737664,1.4145515,0.9604047,1.1142528,0.2256629,0.25210294,0.35258126,1.4130641,0.71963704,0.82681644,1.4058813,0.20892446,0.15090783,1.0445502,0.8570084,1.3477272,0.0,1.011102,0.130265,0.6848213,0.6315925,1.2104726,0.8521117,0.22078007,0.1278604,1.1189017,2.5912335,0.30105683,2.2302494,1.1898007,0.46135244,1.6691966,0.29714498,1.1796888,0.66066414,1.6561536,0.54249394,1.6966499,0.5201969,0.44933707,0.10595914,0.14461364,1.3486639,1.3899539,1.6138302,2.57406,0.62329745,0.4437705,1.1450946,1.2911694,0.82768613,1.3609054,1.4001193,1.0426075,0.40915793,0.5472559,1.0448272,0.8733285,1.7507663,1.1764127,0.80868024,0.103390835,2.3503993,0.47964883,1.0985699,2.0258582,1.1306351,1.5085748,0.891017,0.80429333,1.2133157,0.13576205,0.7735106,0.033558026,0.7699277,0.9545939,0.40980116,0.19266771,0.55905443,1.2849865,0.21992235,1.7829056,1.5838869,1.5388554,2.1112614,1.6673136,3.3005366,0.36944565,0.66701776,0.5372696,0.6512712,0.15228571,0.94718707,0.62098956,1.0989741,1.4475993,1.8163493,0.09157737,0.40575922,0.9361379,1.0703707,0.33797142,1.4220039,0.42852268,0.8765162,1.2137885,0.13645157,0.91907984,1.2008123,0.7741946,0.51290095,0.041587275,0.7404748,0.26170033,0.06377479,1.6958338,0.5541192,0.057919655,0.022151185,0.8854398,0.7554822,1.5894059,1.133846,0.9465289,0.4009248,0.088097416,0.7711057,1.5198731,1.0315932,1.141485,0.747034,1.6913897,0.4201308,0.24054132,0.7228767,1.0732782,0.10295219,1.5045644,0.32842067,0.9484563,1.7547549,0.68524456,1.0948291,0.0,1.0647818,0.6580582,0.9248328,1.7826116,0.12630747,0.426207,1.8371422,0.34892228,0.31168833,0.6412717,0.28343078,0.59254265,0.38084376,0.08634537,0.11366142,1.0192469,0.42432648,0.8788656,1.2359669,1.7270794,1.0369401,1.0600013,1.9489814,0.0259086,1.5132011,0.51941025,0.5465182,all_pothole_images\pothole_images_2_image_330.jpg
0.0,1.1694348,0.08672518,3.031114,0.24229705,0.0058912355,1.057198,1.9276329,0.79354906,0.11576932,0.4383525,1.0321723,0.14009838,1.2115797,0.2030509,0.4340045,0.25030586,1.2802309,1.1885811,0.0014894356,1.7241915,0.20503359,0.0028336626,0.0054420177,0.59177923,0.7023018,1.1873441,0.06833979,0.0,0.6583601,0.015291891,0.5206422,0.13872181,0.7276963,0.028496115,1.4573544,0.5149793,0.009606649,0.07828515,1.1850178,0.04306328,0.38805693,0.05582373,0.80707777,0.91715217,0.9267566,0.17594919,0.0,0.2545043,0.60839164,0.73010623,0.29340228,1.9554337,0.24847756,0.0326391,1.6126887,0.41400832,1.6279399,2.2507799,0.0031629587,0.026943764,0.4657788,0.00219761,0.34127814,0.3127224,3.1572585,1.2012794,1.3007925,0.23258245,0.03595387,0.3965017,0.12965661,0.15379524,0.34097537,0.047454275,0.030633982,0.37522754,0.86043787,0.03208111,0.19326109,0.002614475,1.3035141,1.0539747,0.7115492,0.057518117,0.06462219,0.16805537,0.11727012,1.9106258,0.009891567,0.052153405,0.16021241,0.042906284,0.029156236,0.66708344,0.028559554,0.9332915,0.6684292,0.037420947,0.00052938657,0.015851846,2.167141,0.9160155,0.75211906,0.8291357,0.022568917,0.18663566,0.86323863,0.065425776,0.02962995,0.54124045,1.95356,0.13906042,0.21830429,1.2977803,0.050771207,0.024368238,0.32672843,1.7463737,0.026435073,0.21192923,0.093889184,0.114657864,2.1446126,0.8157205,0.35839367,0.29206222,0.1166702,2.3684764,0.0,0.0,1.1549054,0.0974239,0.19451505,0.2727068,0.03536911,0.0012751028,0.8999027,0.49079093,0.036983777,0.015503014,1.1050684,0.70041436,0.49072155,0.16783075,0.5970035,0.049515743,0.4184248,0.9702346,0.02265172,0.64246136,0.18317416,0.015489738,0.0,0.7315176,0.60683554,0.1175562,0.0046016816,0.28559855,0.83129996,0.58196247,4.8995523,0.02514531,0.77620125,0.45568645,0.6100325,3.1784937,0.17185701,0.1509565,2.2436507,0.09421482,0.0043089846,0.38651034,0.0,0.67157835,0.10782814,0.06053729,0.074253604,0.388258,0.0,0.2797306,1.0367112,2.7554162,1.1596068,0.45941818,0.7979007,0.42553267,0.1923926,0.9649131,1.3753275,0.58263034,0.28988448,0.04477457,0.12487016,0.3000532,0.10328776,1.4004395,1.055682,1.0768197,1.0262082,0.3129514,1.605077,0.22908592,0.2693595,0.6844655,0.025466513,1.0214484,0.062434092,1.256126,0.25811842,0.012523872,0.0028402382,0.3716871,0.71967965,1.0133215,1.950175,0.4547566,0.16915296,0.2980151,0.42547926,0.86451125,1.4699111,0.64339775,0.4632028,0.03940102,0.4678622,1.1186632,0.00045365177,0.36038315,0.8062996,1.50678,0.80852187,0.090913504,0.05512115,0.09176044,0.0,1.8313773,0.7594765,0.009342018,0.5080013,0.52519184,0.63943213,0.0013937518,0.38547724,0.7010381,0.5358646,0.5556294,1.4464093,2.184858,8.338828,2.3673122,0.16766454,0.061821714,0.061490826,0.0,2.4677205,1.4754875,0.031159269,0.6835798,2.9314852,0.00514771,0.024279516,0.39438292,0.5402345,0.49080953,0.12162504,0.39110798,1.049308,0.68502355,0.01311007,0.9406571,0.00040910952,0.12125445,0.28338978,0.5365926,1.070483,0.026989814,0.0,0.0706789,0.2522544,2.3542726,0.49678665,0.53655714,0.0022046664,0.003574933,0.13669655,0.3199799,0.49512023,0.97997206,0.46429202,0.039398756,0.06996283,0.32392934,0.6837926,0.057206,0.058022674,0.00040395424,1.547997,0.08368528,4.743636,0.6309748,0.49964297,0.37749645,0.0,4.190404,0.94178396,0.02186487,0.0,0.33476806,0.1386377,0.7290072,0.72159725,1.3147814,2.1121655,0.1463852,1.0852675,0.6900397,1.133922,5.498505,0.31414083,0.09145574,0.0010968035,0.12418793,0.07193791,0.000119895274,0.13056923,0.7146088,0.16342197,1.0673637,0.1288057,1.6561058,0.11020234,1.4909745,0.09301648,0.011815367,0.18848243,3.4073753,1.0270001,0.065446705,2.233814,0.72500944,1.0568472,0.30990016,3.5082207,0.8475582,0.09868038,0.3069364,1.1638384,0.29824343,0.06969211,0.08985256,0.18125899,0.4846527,0.31055552,0.0,0.44443536,0.524131,0.11329074,0.07105138,0.77096665,0.1972131,0.64887494,1.0204343,0.07611813,0.01568719,0.0,1.6851351,0.015273588,0.03530968,0.6604592,0.115913935,0.025527457,1.1132463,0.9377786,0.15565011,0.671402,0.40387344,0.07748607,0.78496534,0.94282436,1.3237946,0.043960817,0.3700887,0.3415556,0.075288504,0.7724905,0.9904303,0.21940549,0.103713684,1.091655,0.959057,0.05281118,0.44317308,0.7197726,0.03769768,0.013610889,0.38869882,0.12631397,1.2179372,0.10201497,0.023164434,0.06596428,0.074319206,0.2607809,0.5135524,0.26136044,0.11153398,0.6961386,0.31729245,0.02302368,0.52000105,1.5443778,0.06959344,0.15231209,0.007583638,0.23086983,1.5440496,0.58381253,0.24769792,0.5603269,1.4279429,0.25741047,3.710342,2.5554106,1.3097737,1.0221782,0.43754235,0.0,0.09909213,0.07748818,1.3422734,0.5890364,0.91976637,0.14698172,0.44327247,0.79331434,0.4621954,0.30757642,0.7452378,0.53782916,0.084192365,0.18786718,0.5585884,0.033728905,0.0023932923,0.046654455,1.4939414,0.11897519,0.04674037,0.35539252,3.1264322,0.24783681,0.21640828,0.0,1.7295945,1.2098264,0.9668277,0.077463046,0.11570191,1.7411499,1.5966032,0.028196981,0.2089194,0.0,0.10625183,0.8625191,0.3646628,0.0013646798,0.0719545,0.76101315,0.088733286,1.7049984,0.67516696,0.08840485,0.4880148,0.13894294,0.05838493,0.38438916,0.43603075,0.30655175,1.3022908,0.42210594,0.65882415,0.60760486,0.0,0.019352542,0.6136687,0.6158997,1.0076077,0.1249784,0.01434902,4.2812743,0.095023006,0.04352036,0.0,0.0,0.25564635,0.0064718663,0.021116242,1.1326641,1.1391301,1.8304191,0.16974546,0.07712681,0.35420993,0.6254588,2.237926,0.016933464,0.29908198,1.0534831,0.4058505,0.0074636703,all_pothole_images\pothole_images_2_image_331.jpg
0.012695784,1.3852668,0.89809316,1.0632423,1.204688,0.88800716,2.2817073,1.3384427,0.38210085,0.014593343,1.199028,0.6323241,0.59067243,2.3349156,0.8793878,0.9237918,0.023604585,0.179495,2.498205,0.57344157,1.1543418,2.6048613,0.14535394,1.117425,0.7255104,0.577829,0.8077109,2.4599533,0.5495046,1.0359634,0.2177308,0.069803104,0.4660373,0.08833678,0.0,0.93099755,0.7166747,1.5918306,0.0877389,1.074298,0.3410282,0.0,0.28414652,1.113762,1.3114705,0.3462842,1.4869097,0.0037502523,0.7862107,0.6975544,0.57312506,0.64979184,0.36895853,1.9091095,0.14914532,0.44287172,3.417435,0.08367412,1.0544628,0.2512228,0.06449832,0.61174107,3.3017304,0.2958051,0.77149606,3.382125,1.1779205,1.1220005,0.26848322,0.57889265,0.17025243,0.86368155,0.08611051,0.36985147,0.3064308,0.72714573,0.4951514,1.1524248,0.055172272,1.9396683,0.42042822,1.2054781,0.033826787,1.67677,0.82191265,0.5147325,0.05584663,1.6307817,2.7078893,0.28739372,0.06750594,0.7210252,0.14679028,0.35659567,0.9703954,1.00271,0.08216569,1.4042919,2.0621693,0.9493113,0.013594799,2.0038304,0.00010232438,0.0075656795,0.026712937,0.6072263,0.311933,0.048694856,0.4165912,0.18889874,1.3316909,2.0287032,0.24652971,0.17932685,1.2292867,2.1506224,1.9841336,0.61949027,1.183929,0.34925616,0.93217856,1.187493,1.3160621,0.63277924,0.11261465,0.45742765,0.14883302,0.064857855,0.7487992,0.52465373,0.42301688,0.6325389,0.6354631,0.19053882,0.4033514,0.5482751,0.16799708,1.9566469,3.7529483,1.2570875,0.52676857,1.8480024,0.33397067,0.6612822,0.45051143,0.33343104,1.1655438,0.0108931465,1.2179949,1.7003053,0.31738326,0.42502898,0.33135378,0.0,2.2692683,0.54104304,0.2540734,0.6492761,0.5805328,2.0476983,1.124458,0.20973885,0.35044378,2.4651942,0.38782108,0.8865998,1.3281261,1.1990652,1.467595,0.19089171,0.18790455,0.06327993,0.7657528,0.6079374,0.19836079,0.06669434,1.1833923,1.0492938,0.25832674,1.9945538,0.0052317423,2.061355,1.5890485,0.17595065,0.8322047,0.7707508,1.9106685,0.70380306,0.0010963324,2.0589874,1.092943,1.1255239,0.0753966,2.850306,0.386566,0.24535403,0.12724939,1.1924114,0.1973164,1.2852846,0.90670216,0.12741594,0.4112044,1.3614529,0.35165763,0.8067858,0.59650445,0.15829214,0.1891569,0.38321337,0.35994217,0.8512136,1.328038,1.1490642,1.2224102,0.64899474,0.24262615,0.27758828,0.5269021,0.594572,0.94860953,0.18942979,0.71638536,0.6124492,0.52577823,0.9009235,1.2590389,1.1647127,0.68361354,0.46278536,1.3783965,0.18093465,0.7558779,0.10913272,1.6643149,0.08106098,0.6714374,0.6918299,0.03139578,0.20961156,0.41590807,0.026116356,0.003487719,0.64860225,0.39784706,0.03975864,0.7783593,0.96195763,1.8591199,2.4334233,3.0342941,0.008781391,1.27198,0.059944708,0.3692525,1.5737352,2.1340292,0.6030152,1.3741112,1.4319911,1.0642313,2.203923,1.500583,0.51093936,0.6549738,0.22710142,0.22297369,1.9735545,0.9271474,0.8239154,0.70181626,0.5024261,0.22680901,0.09544132,0.53071547,0.81318724,0.7027421,1.277764,1.0487676,0.2751682,0.35097465,1.4624299,0.085286155,0.04931495,1.0417804,0.7970274,1.0294284,1.3874706,1.8274324,0.70976317,0.1548661,0.26391155,0.42284176,1.8217132,0.7784003,0.24287269,1.1074839,2.3524752,0.79987776,1.9898139,0.0005308255,0.3151094,0.7775571,0.39068183,4.4263587,0.85205305,0.23205698,0.26682183,0.7713605,0.36211908,0.7227001,1.6579597,1.5932511,1.2884468,0.25655723,0.21207061,0.71390516,1.1181726,2.703423,0.38399062,0.11775918,1.0025457,0.18110345,1.1825594,0.5958021,1.9879935,1.2322124,0.7193415,0.66661716,0.7334269,2.271141,0.67150676,1.0018198,0.18623957,0.7022686,0.9378296,1.3974514,0.9918209,0.7016952,0.7038018,0.3242468,2.0060914,1.1195711,0.2174104,1.55441,0.24849749,0.2346501,0.10851394,0.6756193,0.5382713,0.63970035,0.10116752,1.2389745,1.151202,0.11312333,0.34176767,0.64297557,0.8284325,1.4254318,0.25065398,0.06669697,0.20731802,0.85795885,0.6364962,0.021713398,0.3389964,0.5133944,0.6496229,0.029585056,0.07836781,1.1975899,0.6559199,1.4664928,1.4744736,1.1674173,3.3883262,0.72917235,0.4829808,0.42979556,0.115396924,0.08063567,0.17953543,1.3865496,0.63405895,3.9332616,2.1571472,3.354228,0.2503485,0.9208308,1.5372798,1.1061225,0.3961337,0.51698446,1.178075,0.99408656,0.11979478,1.1406605,0.3910722,1.451498,0.40114114,2.4529586,0.18712872,0.3634088,0.8484787,0.092670105,0.0,0.507986,0.11711042,0.5522919,0.48071864,0.061956633,0.3443148,1.0920615,0.76021963,0.8089407,0.077573806,1.0695213,0.87779766,0.17545249,0.4594797,1.2964357,0.3100587,2.2104099,1.6891816,1.3780757,2.853341,0.7856962,1.051746,0.40404522,0.6090907,0.5918359,0.7901266,0.04304944,0.47745055,0.8509018,1.9672421,0.8004632,0.10438536,1.0945258,1.6631752,0.90721166,0.25544095,0.10245751,0.9167392,1.3970175,2.843465,2.7971833,0.74093115,0.16600394,1.42633,0.25554118,0.51043093,1.2310588,0.21202196,1.8219504,0.6804101,2.3719993,1.480751,0.46833092,0.49645633,1.5009395,0.7367187,0.50647444,2.0889378,0.16645046,1.6715887,0.6868568,1.056398,0.40706778,0.73163307,1.3705735,1.6993293,1.1217407,0.09708276,0.12046599,0.40847492,0.74859804,1.2950717,0.86937666,0.07184321,1.1210355,2.4333148,0.93725663,0.57623774,0.016212447,0.28842714,1.3820293,0.3772035,1.9215237,0.17078598,1.1837747,0.7726088,0.66439754,0.0,0.48998353,0.85541993,0.2326731,0.1774371,0.39729363,0.82419926,1.8310275,2.6463869,0.071906194,0.5799492,0.65970594,0.20900913,0.0068663675,1.2146469,0.53874254,1.5953542,0.20687938,0.7890781,all_pothole_images\pothole_images_2_image_332.jpg
2.4506578,0.15438618,1.3475938,2.1466577,0.97563386,0.15372984,0.6839149,0.009512514,1.7393708,2.5434723,0.19835535,0.19525193,0.0054215547,1.6411179,0.045244247,0.73363525,0.92132425,1.0061568,1.8028259,2.0795557,1.5939244,0.29591814,0.04649717,0.96412545,0.99645674,0.3979911,0.049319122,2.498153,0.34089318,0.6215125,0.5180458,1.328568,0.016031248,1.898477,0.06991682,3.0611317,0.19009405,0.82347006,0.797413,0.014875241,0.74268293,0.6525729,0.5671174,2.173499,0.29181167,1.4736253,0.51667273,0.63204986,0.14959538,3.1850195,1.5284883,0.07385566,0.43509704,0.42375928,0.8751884,0.78926533,0.63741326,0.8351164,0.51747966,2.043681,1.8265885,1.6066254,0.039960917,0.67232984,1.0619639,0.38858646,1.9099362,1.871254,0.28570804,0.5644492,0.83700794,1.0467409,1.3701978,0.7077768,2.5736592,0.8283394,0.7155047,2.6233888,2.6872506,0.0,0.031353164,0.8992615,0.0059625176,1.0863143,0.9537804,0.90543896,0.07556651,0.4396553,1.2157687,0.26055583,1.0431577,0.8577479,0.55714387,1.0954789,1.5532196,0.15602323,0.3858638,3.7349641,1.9833224,1.4772927,1.2411957,1.5495406,0.08216505,0.10248702,0.16839848,0.223718,0.32272163,1.2031953,0.1304589,0.52762926,0.0064128917,1.5714539,0.49660033,1.5607103,0.31133285,0.020806083,0.5764387,0.20631117,4.048527,1.6565741,2.6639678,0.80559605,0.05304938,2.837908,2.304951,0.83553886,0.88968486,0.992066,0.0064090975,0.92398757,0.0018849487,0.13349272,1.3565649,0.18232206,1.8392725,1.5404986,1.2710668,1.2421088,0.039704368,0.131654,0.23973577,0.028796256,1.9992938,0.012671086,0.8004758,0.64625376,0.9116231,0.077851035,0.07513104,0.44174144,1.0632186,2.8190126,0.17293552,0.13457961,1.1781343,0.9250931,0.39083752,0.09929866,0.85065144,1.7296048,0.13245317,0.56613266,0.25665995,0.16757853,0.2539983,1.9505821,0.19086738,0.065619655,1.273534,5.8243814,0.013039599,0.685984,0.45301813,0.50110805,0.033214677,0.7742386,0.34360066,0.037570193,0.52346885,0.09384325,0.6707018,0.9535802,0.33362085,5.096347,0.62709004,1.8870862,0.8915549,0.24642837,2.5264606,0.07959958,0.00093855103,1.3975044,0.27347997,0.2747318,0.55005807,3.2201936,3.1645744,0.40051463,2.0762322,0.302828,1.9039131,1.0722148,0.706715,0.71573406,0.6685873,0.030077826,1.3586011,0.026423503,3.0549796,2.3701966,0.4623491,0.28043783,1.4932398,0.79982185,3.158202,2.2821648,0.99525356,0.017415646,2.0713449,0.43209067,0.37633654,0.6090431,0.72031635,0.6085754,0.17443202,0.023182068,0.16557655,2.9886935,2.84179,1.7221617,1.4780139,0.05766691,2.6636822,2.5823305,0.93490475,0.45754826,0.5371288,0.6389479,0.091153815,1.5352496,0.8845238,0.03003741,0.1095928,2.6947072,0.0,0.0,1.6366829,0.08074746,1.261717,3.1558166,1.071279,1.6392657,0.0,2.5236692,1.4291059,0.07307278,0.4752557,0.49708432,0.15538165,2.4631224,1.3903509,0.39937964,1.4905183,0.13766956,0.123189084,0.2251301,0.37652245,0.52697676,2.0389926,0.17370735,0.49761322,0.19377965,1.4678874,0.32823464,1.5855439,1.5419847,1.1445652,1.4779146,0.04591268,0.6856092,0.4636093,1.2630932,1.8595657,0.32394522,0.025177268,2.0293317,0.11858958,1.062067,1.1158984,0.89545417,0.4439254,0.54752845,0.02169042,0.22257008,1.2749325,0.95908034,0.6161794,0.13811125,0.41822255,3.112705,0.35808855,0.067312844,0.9510101,0.0,3.7786665,0.21955667,0.35288763,0.70739734,0.53794515,1.2063488,1.7415408,0.0,2.3450105,2.6053455,0.67517555,2.3482952,0.0,1.5050945,3.2587652,0.3394347,0.8446719,0.028499072,1.7466152,1.4049977,0.79161924,1.9525702,0.27994004,0.0013607648,1.2300731,0.45730764,0.96439576,0.0524564,0.17936985,0.24009809,1.6296262,0.7470844,2.0171335,0.5346636,0.8743579,0.35369802,1.5377997,0.0008591377,4.439461,1.2587,1.0164598,0.5735669,0.2992389,0.46402732,0.50827056,0.99840266,0.07081496,0.5710714,0.095237866,1.0037433,0.3118678,0.52904916,0.5203169,0.24755734,1.8856401,2.9903514,0.25842014,1.1452063,1.1469573,0.93238205,0.1837306,0.56155866,1.2875602,0.20590377,0.49579868,0.23586355,1.8938761,1.0291127,1.3421514,0.91504526,0.24443041,0.15772247,1.2668463,0.36856857,1.8742819,0.96998,0.7236984,1.4817734,0.07619864,0.883808,2.0452778,1.0752751,2.0207295,0.110432096,0.5854159,3.095558,1.4020629,0.47845984,0.2063241,0.022889163,0.36918515,0.5847787,1.3728843,0.040363718,1.19886,0.09341549,1.1558512,2.899108,1.2451702,1.1322341,0.30165988,1.5254638,1.9567802,0.18239291,0.9998389,0.3792122,1.2530173,0.048207592,1.8061721,2.8122227,0.022609014,0.7337131,1.4136233,0.029162852,1.5325085,1.8714106,0.70369476,2.0933056,0.0,0.12065844,0.3004022,0.19882476,0.7498291,0.18330328,0.021775484,1.7255772,0.26937133,0.33019638,1.1264714,1.0813253,1.060043,1.9695771,1.2521755,0.8289373,0.030471528,0.21855882,2.6334748,0.51608807,0.014962077,0.48888373,0.2535649,0.0,0.03064719,1.4382238,0.004391177,1.8032295,2.930394,2.8355188,1.3442843,0.1535588,0.4806041,0.6857494,0.06914958,0.2112666,0.0,1.9046718,4.6281123,0.21596904,1.5677937,0.17451605,4.246621,0.011122927,0.08522276,0.00031364308,3.2110667,1.685289,1.0629684,0.35438195,0.0,0.5294451,1.4175191,0.06833348,1.8807696,1.5888461,1.3276781,0.18649645,0.51022714,1.3497654,0.53374934,0.9581624,0.00042536916,0.0031361433,0.12845328,0.48456326,0.9327661,0.0,0.8134824,1.0486339,0.5692831,0.0139638325,0.054841105,0.6872308,0.3970266,2.2990713,1.5075942,0.031768307,1.0316696,3.6529496,0.65130347,1.4905461,2.097644,2.862304,1.0784047,0.4201618,1.0936872,0.9116352,0.0,0.055888105,all_pothole_images\pothole_images_2_image_333.jpg
2.3416963,1.0876395,0.33710682,0.6533999,0.66260463,1.0530252,0.42174175,0.011847041,0.6077428,0.26837474,0.56031924,0.45932278,0.4349161,3.6663644,0.6309173,0.20646991,0.46672368,0.6439915,0.803982,0.758812,0.8771884,1.7379428,1.6279483,1.8534268,1.8635123,0.59513044,0.39925945,0.961566,0.25367302,0.7959835,0.15460962,0.40260398,0.95049393,0.18624671,0.73267174,0.37598738,1.4591941,2.0115695,0.849911,0.13954857,0.2955493,1.0815297,0.34462637,2.0231056,0.7107786,0.87073845,0.06510996,0.37743407,1.7550914,0.611626,1.2716111,0.4341226,0.46917233,0.5215423,0.05374295,0.16387379,1.4543372,0.036927592,0.45316306,0.65032285,0.13640106,0.0015519178,2.3067093,1.3810903,0.8861543,0.21621293,0.6342342,0.16446172,0.07163832,0.38841784,0.9857903,0.5954049,0.1928034,0.7001729,0.5513398,0.37761357,0.9901215,0.927719,0.32766286,0.31010574,1.0572728,0.7089101,0.55580544,2.3805985,0.2527037,1.4771221,0.029219,0.005358659,1.4107214,0.18536073,0.7885943,0.8643294,1.0320586,1.067396,0.5279792,0.2153075,1.2309849,0.6677478,0.066903405,0.52863926,0.28286093,0.73533255,1.7339108,0.19654098,0.64359194,0.6993914,0.8044793,0.398902,0.19576259,1.4192551,0.32666504,1.7764456,1.0389677,0.012279148,0.45632336,0.6739786,2.1614425,0.6800336,1.2070425,0.9858445,1.1921638,0.49735883,2.7999914,0.32873347,0.05187602,0.1492066,0.29900387,0.11465925,1.7325492,2.684325,2.2747643,0.8073947,0.89584225,0.31712538,0.077065766,2.2703445,0.37075558,7.3977426e-05,2.9385622,0.049500864,1.0707221,0.24651243,0.16735955,2.561695,1.0139635,0.23186223,0.3480369,0.1338899,0.25573838,0.6972122,0.43754467,0.49995375,0.2959745,0.31154677,1.0655524,1.4543525,0.73235583,1.3502128,0.9017815,1.2745962,1.0488832,0.27280873,0.83758724,0.70713097,0.602826,0.05775726,0.8497125,2.237422,0.8224308,1.0122975,1.2554499,0.5172601,0.053315353,1.4108775,0.06356288,0.65079117,4.432953,0.2955592,0.543993,1.4793233,0.07624903,1.7229767,1.5968375,0.56709725,2.5745666,0.973078,1.6490115,0.13209333,0.027389718,0.25761923,1.2204766,0.26992658,0.6749185,0.52051383,0.80872047,0.97746974,1.0661315,0.20894572,1.2075849,1.0555485,0.22464958,0.6720836,1.111518,1.3568207,0.30959827,2.945699,0.26818773,1.5749857,0.99325,0.033269223,0.52904457,1.017397,1.2530576,1.6715777,1.0656385,0.31999674,0.789826,0.094529636,0.9528873,0.11624112,0.69820404,0.19188668,1.0739372,0.5919575,0.0,0.2990071,1.6976898,0.79324424,2.7950692,1.7751849,0.2323557,0.7715284,0.5850936,0.45735493,0.74872434,0.36313632,0.9572183,1.479097,0.15007073,0.3798513,1.2768015,0.22642349,2.0816593,0.29585195,0.11694905,0.01672383,1.6098303,0.6359068,0.54402107,1.8185133,0.295822,0.06742246,0.16910763,0.76604724,0.17376381,1.0044475,2.281207,0.91590506,0.48363322,1.1646978,1.9091016,3.4577863,0.3779363,0.40984103,0.4679127,0.6275118,0.11353186,0.8234876,0.77180517,3.8029523,0.028213227,0.14007112,0.26881394,0.08585154,0.044472363,1.0862817,0.82584894,0.4984819,2.4365268,0.033021193,0.56976223,0.6409066,0.82847327,0.14113164,1.4892138,0.25024453,2.2057295,0.9800241,2.6687882,0.13640781,0.023377387,0.9609184,0.5874977,0.7323988,0.16873865,1.6699517,0.6988183,0.2545905,0.69610757,0.7487715,0.836113,0.4585366,0.10699181,0.0022306412,5.707785,0.59004056,0.88922405,0.49127072,0.7310229,0.16926926,0.1485433,1.0886085,4.058069,1.8230723,0.047399256,0.25736356,0.2844893,1.3413521,1.8769002,2.0852048,0.047756758,0.5563147,0.59669644,0.71733075,0.5135616,0.17097454,2.108304,2.2557163,0.61800283,1.2760999,3.6122367,1.4038444,0.06321488,1.8053168,0.06349681,3.1120143,0.5960395,1.1025614,0.45291278,0.37501448,0.25007296,0.78493,1.3777701,0.58293724,0.24313399,0.071094766,0.33227786,0.15569435,1.3289279,0.8829069,0.028344344,1.0205725,0.5210452,0.18834394,1.4920657,0.17320053,1.5036755,1.3513637,0.21029665,0.46150655,1.4123108,0.50910825,0.7213263,0.2170491,0.7873907,0.09336027,0.44443023,2.4269006,0.80699986,0.31845897,0.57036674,0.40699577,0.77174175,0.44469136,0.92200404,1.0666102,0.1868559,1.2565274,0.63525987,0.6894066,0.9191516,0.044448312,0.5042901,0.6674647,3.2142367,0.14323269,3.173566,0.4270663,0.17539755,1.2921592,0.7732667,0.38098806,0.5130497,0.41566762,1.0414782,0.17438692,0.24592249,1.2405534,0.67281246,0.09734642,1.8555814,0.1710981,0.19370188,1.7362157,1.4940717,0.46356082,0.79153675,1.3563415,1.2589042,0.16473632,0.022221223,0.1553903,0.5606947,0.36896825,0.5835007,1.2671974,0.36395344,2.8713074,0.079434946,0.07845851,1.4348493,1.0512117,0.6585564,1.0630752,0.38279527,1.1775444,0.33748454,5.410582,0.37590143,0.77422595,0.11347424,1.381978,0.34234548,1.0185032,0.6245819,0.68683445,0.39669067,0.6813478,0.45454496,0.20716126,1.1949713,0.49905005,0.11805805,0.036891785,0.3275854,1.1722844,3.2283244,0.27788585,0.11556168,0.40236282,0.9820629,0.54898727,0.2952592,1.4374453,0.22636364,0.18789618,0.8428568,0.0,0.014023296,0.7677905,1.6243621,1.0768394,1.808481,0.07714461,0.2537608,0.3617493,0.14749928,0.21524604,0.17879017,0.29839113,0.28226668,1.1533138,0.9519019,0.72710186,0.63434434,0.19151282,0.95750237,0.64501834,1.691651,0.43160534,0.1386116,1.823202,0.27508008,0.33148357,0.7331674,0.39074168,1.4679403,0.42067018,0.6728842,0.43223295,0.2233491,0.28940308,0.67272276,0.59593844,0.012133576,0.09555648,0.5329,0.62124413,0.050567564,1.3642155,0.441388,2.5454965,0.80115366,0.93932986,0.28755856,0.2810948,0.5627316,0.9740018,0.10366959,0.36412492,0.0017051414,0.6531495,all_pothole_images\pothole_images_2_image_334.jpg
0.6833093,1.1513689,1.3183198,2.0277438,0.7025693,1.2828082,0.40215534,0.09180979,0.52633274,0.99295616,0.006832668,0.60074127,0.07061335,0.23167872,0.31468865,0.16357577,0.44637057,0.101844475,0.8065058,0.3198991,0.21872246,3.765146,0.88975,1.0083628,1.135406,0.43000525,0.5712711,2.8464377,0.34484318,0.001865745,0.8132704,0.19084829,1.1281,0.5438545,0.24052012,1.6137229,0.3524071,2.0493984,1.0115412,0.7946027,0.008389037,0.0,0.5078265,0.95345104,1.7251114,0.01480704,0.045088246,0.33369285,0.38901976,1.5317096,0.2383201,0.46241075,0.18685964,0.6159824,0.054236516,1.3333862,1.4252876,0.26570618,0.78982073,0.4156148,0.29140726,0.9406569,0.3410581,0.1762474,0.114534184,2.0368273,1.1498355,0.298587,1.3992862,0.42436644,0.052559968,0.2639689,0.6448354,0.004968568,1.2217315,0.8937717,0.57301587,0.7716123,0.38873458,0.47063535,0.11646062,0.07665486,0.39017043,2.781043,1.5772178,0.61348253,0.58110297,0.52106065,3.426745,0.9711712,0.18354784,0.12818752,0.115228556,0.09815473,0.89097905,0.18166542,0.83891684,1.1587079,0.9794645,0.12001788,0.2823529,1.9416105,0.46423885,0.7067151,0.3505168,0.10500916,0.17376642,0.16511326,0.11151219,0.20723523,0.12998427,3.85927,0.23013975,0.3093719,0.04352036,0.25116476,3.056869,0.23001651,2.6971679,1.1117011,2.3336043,0.346417,0.14106385,1.5244735,0.54992014,0.962641,0.47480103,1.4643549,0.8853423,0.11093397,0.9048234,0.021807091,0.89073867,0.2657942,0.3886036,1.0371361,0.29882944,0.23055862,0.5221004,0.48346487,0.22810984,0.32443455,0.13447754,0.8331375,0.18940566,0.81937957,0.64882547,0.11933899,0.24377258,0.57615995,0.68445677,0.71778536,0.042153172,0.22695252,1.9008515,0.055521205,0.15052406,0.33353806,1.3955277,0.18833183,1.2350602,0.7826511,0.00036283932,1.6536413,0.014552943,0.23342812,3.3908217,0.042853583,1.7406139,0.25491568,0.1769726,0.018424446,0.031721707,0.46579242,1.358142,0.123451315,0.523071,0.0,0.15970968,0.26452887,0.099808946,1.5839071,0.16661552,2.0305107,1.2074722,0.87148875,0.6722888,0.3081655,0.6026459,2.1800725,0.052551765,0.5403016,0.014224762,1.8537651,0.19315854,0.42089173,0.515516,1.2588434,0.49055117,0.52891296,0.1948691,1.0429918,0.16029364,0.14587773,0.7000403,0.091482125,0.49467537,0.29135093,1.2842681,0.14994992,0.087354675,0.08947501,0.6318541,0.23155273,0.46699396,1.2957702,0.15620466,0.054516196,2.6575618,0.39012375,0.7260328,0.054600943,0.24068353,1.9349321,0.2735729,0.10031386,0.7388955,0.41086304,1.3807974,0.08601603,0.56192446,0.015061372,1.9586229,0.17217667,0.3147115,0.09357409,0.7257233,0.03141148,0.0,0.025582174,0.13306184,0.16740645,0.37602264,0.07771212,0.045855615,0.0,0.3564354,0.21744245,0.6392934,3.2659214,2.065561,0.34767213,0.43497765,0.71459085,0.206936,0.020928776,0.55256635,0.120751046,0.35836926,1.5289975,0.38100472,0.0,0.11545183,0.33332115,0.22365385,1.2473266,1.3069866,0.44725043,0.57968557,0.2862683,0.23585403,0.49077088,0.21982887,0.70542115,1.2127578,1.4660201,0.038204532,0.1476402,0.57032835,0.62222403,0.30037004,0.08371631,0.36950612,1.9586635,1.8380322,1.0926048,0.9448756,0.4542339,1.5657977,0.64602244,0.02160805,0.49782237,0.11009347,0.9371626,0.07145605,0.18899673,0.43133622,1.6430202,0.6008731,0.8422457,0.11806168,0.31818593,0.19575296,0.8985993,3.0075047,0.40537128,0.18119442,0.33400792,0.8685791,0.17005344,0.4417486,0.18388768,5.025205,1.8104357,0.03871702,0.95541924,0.18239495,0.47825217,2.0871131,0.33410954,0.35690984,0.1091948,0.15451188,0.113252036,0.08946894,1.6442215,0.7748667,0.109251186,0.9123432,0.29156736,3.3350358,0.89043134,0.2407495,0.53079224,0.115421,0.52158797,0.15724996,0.4102091,0.32852343,0.0,0.31387597,0.27765036,2.5273254,0.14199167,2.1968622,0.6169527,0.032905005,0.008430155,0.14815113,1.7382051,0.7399186,0.64291364,0.24323452,0.5352963,0.23647922,0.7613284,0.22020999,1.3127056,1.5751069,0.548983,0.0,0.28452778,0.6246994,0.084200285,0.08592875,1.4097452,1.354746,0.19317614,0.4827917,0.49748424,0.6454028,0.23731315,0.9498099,0.009897539,0.69582456,0.5197743,0.37605533,0.60747975,0.03426088,0.549674,0.19954684,0.08046721,2.5962017,1.1658667,4.422427,0.5001004,1.4483929,0.016048405,0.40295094,2.661325,1.1335336,2.206518,0.25790632,0.5118552,0.09777031,0.0,1.1771663,0.30804136,0.016124459,0.823797,3.153237,0.0047916025,0.5465812,0.5566484,0.75905454,0.02518456,0.545651,0.35527235,0.046538897,0.060761508,0.86129236,0.0003959495,0.2555187,0.4916982,0.83744437,0.0,1.2918688,0.21517248,1.0714513,0.010768091,1.822288,0.7221996,0.15680356,2.998879,1.0149732,0.09569045,0.40372753,1.8645374,0.19984105,1.835929,0.7339163,0.030517349,0.9649997,0.49826902,0.7787161,3.682818,1.3600465,0.37289315,0.26460546,0.16767585,0.050256886,0.1882186,0.19740114,1.4605906,0.8641373,0.024571057,2.4472816,0.6960724,0.9949059,1.2452146,1.5072271,1.0252402,0.958692,1.2524464,0.8742789,1.2091947,0.87245846,2.0833158,0.3372772,1.128653,0.4806201,0.57340515,0.5318945,0.029475836,0.36594066,1.9464691,0.21219248,0.16008708,0.9319246,0.47788373,0.7600055,0.4502893,0.0018537892,0.5448509,1.1042694,0.43867275,0.050481714,2.014609,0.6562897,0.45839748,1.0905478,3.821087,1.1024848,0.744941,0.19102731,0.099211566,0.508468,0.7777434,0.470979,0.22060798,1.2811214,1.6432543,0.45173585,0.14301096,0.0045390674,0.032028016,0.0005142173,0.80396336,0.23946518,0.15697907,0.084455326,4.208701,1.3932337,0.38132697,1.3681469,0.81252646,0.047747184,0.90808994,0.7526078,0.35002148,0.15258966,0.7452386,all_pothole_images\pothole_images_2_image_335.jpg
0.34143937,0.63831633,0.13809237,2.6053445,0.33891237,0.122482315,0.3820484,2.0779047,0.2369112,2.0278168,0.44754285,0.545346,0.25705513,1.4882945,0.00088007405,0.86902785,0.10093856,0.8659845,0.8335984,0.2134528,1.6884872,0.4067308,0.059383,0.39925376,1.4624767,3.0205712,0.50270844,1.9485607,0.4027322,0.1048573,0.08815272,0.15892841,0.0083561335,2.1981022,0.50941896,2.0385766,0.22820534,0.54706484,0.14194581,1.3360288,0.0011820071,0.024462545,1.0448866,1.2740765,1.7029973,0.03895885,0.0103426855,0.0,2.9408898,0.40248373,0.60464156,0.7679545,0.44065017,0.15476984,0.30648145,2.0632083,1.1499203,1.3139772,0.6634688,1.7096757,1.512504,0.5630283,0.58272386,1.0028651,2.1954548,2.5525925,0.18657705,0.35825476,0.17744511,0.0071815043,1.1576777,0.32362452,0.9516391,0.081185356,0.74997395,0.50918794,0.028367734,1.612035,1.3073531,0.8314728,0.6096247,1.5173414,0.8541413,1.4264425,0.2855576,0.43902415,1.7925122,0.010766983,1.6542846,1.0366914,0.09793406,0.21865287,3.125828,2.0308084,0.3948249,0.36670053,0.53684574,0.495386,0.9413737,1.1476129,0.27543154,4.9608254,0.6044754,1.1576588,1.9296678,0.2540316,1.2187128,1.6444285,0.48672447,0.02513129,0.64957225,0.05537173,1.5777211,1.3403363,1.0359279,0.25984776,0.17560835,0.7024077,3.9828465,2.37936,1.2171177,0.046265315,0.1166236,1.0092442,2.1596766,0.11939119,1.5263118,1.4154688,1.7245383,0.94000006,0.33260667,0.0,0.46264374,0.4185482,1.7378962,0.059324294,0.8396192,1.8964641,0.9892391,0.24550667,0.1087975,0.39550847,1.4504715,1.6148367,0.1605955,1.392541,1.0746579,1.1126146,0.2471652,0.9024333,0.7212095,1.5306057,0.8024706,0.28230748,1.8500528,1.1741351,0.82822174,0.23298588,0.74903697,0.23008537,1.361705,2.1443543,0.53496045,1.6259309,0.42902958,0.39550394,1.5068979,0.27190608,2.0773714,2.7365267,0.51127344,0.16893348,1.775144,0.3273677,0.704418,0.18709055,0.7398962,0.2844248,0.1413763,0.37473592,2.6314118,2.457354,2.0191648,1.7510177,1.2680831,0.7933731,0.63464975,1.3508556,1.2420697,0.4370761,0.0069539645,2.871429,0.0,0.9017075,0.7499129,2.3541777,1.5446467,0.98377085,0.39696914,0.119174615,1.2252674,1.033868,0.28317577,0.07374159,0.11332859,0.03725903,0.6616809,0.12020094,1.5550269,0.4223778,0.33755803,0.068070725,0.73638844,1.1345285,2.431587,0.8962479,0.64421004,0.17523186,1.2325411,0.87181336,0.11451627,0.08763836,0.7922329,0.6824883,0.12612128,0.8600178,0.9032145,0.311754,0.4649379,0.70868695,1.9926016,0.1737409,0.41192198,0.96527725,0.03179495,0.6890394,1.4631685,0.92750055,0.044045053,0.51403034,0.07564929,0.5834045,0.76348597,0.27895507,0.6948906,0.18033482,0.54594356,0.82616675,0.8643466,4.997818,3.2163172,0.26849052,0.4391879,1.1188831,0.42513746,0.9654491,0.74682367,0.16640119,1.2664291,3.7140458,2.278275,0.38140965,0.5425214,0.0684116,2.0880518,0.14702515,1.4947131,0.000894439,1.1182792,0.14844544,0.6619832,0.06977497,2.8404317,0.30224434,0.52428824,0.35693443,0.16176586,0.84291184,0.121884264,1.6004496,1.5190008,1.2659185,0.61563027,0.45260534,2.6279275,0.6307895,0.8773973,2.7964594,2.5032425,2.0059707,0.0,0.48342997,0.22324981,1.1724603,2.0970285,1.1666518,0.033854496,1.0445117,0.2693934,3.0927522,1.6960808,1.1845436,0.991463,0.041731864,4.0586166,1.1584486,0.45680696,0.0,1.6772752,0.31071055,0.75547296,0.70533884,2.2686152,0.47578093,0.73900944,0.6754428,0.13260177,0.66098607,1.948347,0.5429013,0.40862498,0.27491447,1.1829388,0.89935166,1.0465589,0.24030636,0.0,1.2799296,0.7942623,1.4628394,1.2200235,1.0798181,0.10375911,0.6952685,1.7501818,0.27218628,1.9054781,2.4765913,0.898622,0.7586757,4.613604,0.93150926,1.834186,2.1173737,1.5495758,1.1971855,1.3017987,1.1289662,0.57403874,0.4573442,0.19231777,0.21182117,1.4962763,1.004967,0.671749,1.203947,0.1570539,2.381958,2.8231866,0.9952048,1.2184668,0.3634803,0.29837537,1.5141934,0.014997209,0.63030267,1.400109,0.67285365,0.7177852,1.4098369,1.0421025,0.0,0.3374728,0.19926842,0.114023626,0.15975122,0.27431008,0.0,0.89326084,1.403709,1.6061467,0.31721842,0.36932486,0.667269,0.98164433,2.632756,1.4151322,5.7318,0.30702868,1.0122741,0.64645165,0.33408666,0.6683103,0.2939973,0.27534923,0.50042516,1.0501362,0.631525,1.0508351,0.5276338,0.46317422,0.79660785,0.58083504,0.24833651,0.8321231,1.556105,0.28692245,0.7263372,1.2364672,0.0053988406,0.68744814,0.014196414,0.0,0.9780381,0.457166,1.2857572,1.4737953,1.544122,0.49476185,0.7868249,2.156075,0.38536483,2.0694013,1.786027,1.6886297,0.20415895,0.5842791,0.67609864,1.2161686,0.751118,1.1300733,0.51908314,1.2888459,0.21914765,1.3534749,1.1196721,2.6190634,0.9072281,1.3000231,0.5605882,1.3148831,1.344194,0.93827504,0.19653453,0.5432887,0.44062018,0.5212136,0.78109807,0.108801015,0.9559678,0.45618153,1.4135604,0.24658887,0.9924413,0.98797214,0.9322964,0.7377355,0.3063843,0.86953074,0.56683797,0.67840356,0.24398361,0.09824347,0.5542156,2.4223552,0.8038906,0.29554677,0.12240817,0.30247334,1.5868964,0.011566681,0.1565775,0.49682873,0.15054126,2.1624117,0.002547615,2.6647618,1.0065061,0.62692994,0.40530166,0.65658146,1.0922552,1.7381635,0.0,0.22163393,0.26252148,0.48672026,0.0131345745,0.56828296,0.0,0.67452544,1.891376,1.127608,0.15697277,0.25861862,0.13277622,0.09240193,0.82328,2.587374,1.1433753,2.4630291,2.4368284,1.355209,0.23128365,1.8221428,0.9596906,0.20337524,1.2244878,1.9042374,1.0579431,1.3275406,1.5910286,all_pothole_images\pothole_images_2_image_336.jpg
1.1596906,1.4905514,0.54119295,2.0027099,1.8032765,0.41850135,0.8785432,0.8841185,0.45884323,0.6810994,1.1175343,1.0215926,0.13462545,2.4165664,1.0974778,0.4684789,0.5988686,0.025079688,1.0893804,0.84639287,1.4527533,0.6652903,0.823255,1.4939497,1.4610317,0.50761324,1.9072629,2.027927,0.4402972,0.6714577,2.6477761,0.32858875,1.220891,0.18002339,0.6761902,1.2900205,0.769043,3.1197238,0.5259389,2.5290284,0.19135424,1.8069388,0.6110106,0.22490071,0.951393,0.44723627,0.15833616,0.52859473,0.15489845,0.3363529,1.7615558,0.5063182,1.3333963,0.55876434,1.232241,1.041365,2.0508077,0.21518594,0.59556097,0.72677875,0.9517859,0.4710371,1.535971,0.981495,0.5340162,0.6283097,0.76268417,0.53465474,0.2223994,0.052642092,1.450943,0.25872698,1.0566535,3.2923608,0.21363115,1.9699224,0.35108036,0.10669899,0.10346027,0.09562541,0.21198677,1.1031003,0.9247405,1.1464202,1.8521754,0.9314026,0.31046563,0.056452252,2.1963563,0.20677961,0.48355666,0.5633276,0.6655757,1.4409751,0.5841322,0.08082986,0.6961072,0.4156112,0.28867033,0.65399003,0.26779705,1.6258229,1.2359829,2.0129042,0.7981281,0.41938144,0.059681356,0.5459137,0.32993662,0.36730123,0.007717796,0.7333206,1.015095,0.0,3.1687064,1.6986297,2.281238,0.44458318,1.0615215,0.76473325,3.4374158,1.5405612,0.59383494,1.3835567,1.4820251,0.27654403,1.7026387,0.90442824,0.2995663,0.41146904,0.8716873,0.26008466,0.5663495,1.67148,1.1052628,0.679261,0.7970444,1.7550596,0.2533956,0.32733813,0.22368082,1.248456,0.53853416,1.5937566,0.19405034,2.6711364,2.6360555,1.8844042,0.8574442,1.4477894,1.0861007,0.8072144,0.19354378,0.2824984,0.99012256,1.897043,0.22547302,0.022862354,0.061447866,1.4770361,2.1406727,1.393091,0.17584927,1.3932613,0.3566337,1.3268635,0.5411735,1.8547999,0.81624025,0.51304156,1.1374279,0.93245447,1.0535501,1.6023268,0.40384656,0.034134354,0.7483293,0.03764801,0.32263577,0.05080066,0.055309918,2.79985,1.0533417,1.026684,0.29459506,0.37937114,0.82061565,3.1695077,0.80060685,0.8486746,1.570099,1.7659074,0.051336717,0.7822021,0.44337556,2.2125397,0.12418809,0.36191943,0.9214739,0.6593922,1.1586192,0.5745401,0.5790149,0.5279273,0.887943,0.4471154,0.72553074,0.46716133,0.546037,0.6301669,1.1899154,0.34674305,0.4572931,1.310687,1.9611199,0.6371726,1.4586929,0.067723,2.569508,0.47874746,3.0113823,0.041834198,1.0232226,0.55865645,1.215113,2.409975,1.752088,1.292303,1.1366266,0.33987427,0.27217624,0.71259475,1.5115567,0.8538084,0.15807132,0.38937128,0.11570009,0.7513481,0.8176385,0.056250542,0.47668317,8.722888e-05,0.52535945,0.96910274,0.4672507,0.82321143,0.29938874,0.54676694,0.70373255,2.822501,2.6646557,0.8342912,1.0213902,0.42699283,0.64848584,0.13782047,0.52331,1.110494,1.3742892,4.0134234,1.2937063,0.75496316,0.35860193,0.117483936,0.9001231,0.68106496,0.74115396,0.8148036,2.5745993,0.3295021,0.75559545,0.5210198,0.5567108,0.7678368,0.7636854,0.3766063,0.9388388,2.226958,1.3447934,0.81711185,0.1795495,0.18301232,2.1653745,0.0888212,0.79631656,0.42579263,0.5658044,1.6956002,1.0853492,0.20769775,0.6501163,0.3391468,0.0,1.2578541,1.4492159,0.65656203,3.4589868,1.025974,0.038332943,1.4106137,0.3228127,0.12056492,0.61002433,0.2586941,0.5903027,0.4068759,1.02361,0.22687976,0.45106825,0.012048139,1.7256991,1.3210735,0.98983765,1.7975765,0.54011244,0.65281343,0.547453,0.89094293,1.0475188,1.9205275,1.7897172,2.1125135,3.5555677,2.2840724,0.92876714,1.1549495,0.21632744,1.2054012,1.3700414,3.069739,0.434032,0.10075429,0.7778489,0.6975792,0.22299547,0.6552883,1.1701105,1.3689654,0.29837787,0.292132,0.6612916,0.9707779,1.4663931,0.4341618,1.1322316,0.018839564,0.096253395,0.35734752,0.347383,0.6989746,0.42254186,1.4019854,1.3373535,1.6620866,0.79960966,0.05643524,1.6966493,1.8167136,1.7313813,0.42048368,0.3131534,1.1887951,0.06652072,3.2597594,0.04202955,1.2339065,1.006079,0.871326,0.21111079,0.20510311,2.450334,0.5913805,0.44919592,1.624923,0.6071496,0.38899836,0.3024877,2.0667279,0.42836654,0.43389764,1.9009066,0.018908042,0.3234294,0.4844948,1.295147,2.4643605,2.846348,0.232527,1.3141268,2.1053028,0.5620075,0.39912447,0.0052246656,0.011416321,1.8709316,0.64924735,1.974852,0.5170891,0.47855318,0.15722777,2.3076935,0.54575336,0.61110723,0.8287199,1.2793666,0.3047276,0.9761158,1.0720282,1.5860089,0.8505699,0.899048,0.49578762,0.65333277,0.4307138,0.028875422,0.5645861,0.7296543,1.5772227,0.6116309,2.9946098,0.09493249,1.6376355,1.6675786,0.9913452,2.5471847,0.6234097,0.56302774,2.162124,3.336973,1.7405977,1.021344,0.61123186,0.8738806,0.98356766,2.2023993,2.3877995,0.5934533,1.4686596,0.3702538,2.3340962,1.2736905,0.605759,0.21565017,0.7408235,0.012875829,0.23875166,2.92504,1.8484508,0.1470584,1.7229367,1.8523684,1.3684639,0.415736,0.70751554,0.40442932,0.30621925,1.8973029,0.934184,0.46773732,0.683117,1.5684407,0.39952093,1.5896326,0.50735587,0.85589284,1.1733497,0.17054148,0.3078279,1.5016872,2.1229992,1.8439729,0.462573,0.19165993,2.2265928,0.31200042,0.061281763,1.9937475,2.427742,0.7081332,0.9670006,2.04553,1.998762,1.3353566,1.298516,0.5654986,0.8221299,2.0447686,0.019025126,0.9391474,0.13371894,0.43863174,1.9954861,0.09969306,0.10049588,1.9020361,0.41718775,0.013082881,0.03709573,0.30492455,0.019872438,2.2236388,3.09635,0.86793786,0.9461698,0.7840234,0.012791249,0.6609869,0.82296956,0.7697732,0.6299995,1.0610248,0.28516123,all_pothole_images\pothole_images_2_image_337.jpg
0.8853546,0.77190274,0.45137247,2.17185,0.788676,0.05481566,0.17903577,0.0,0.24927384,0.84374017,0.44415888,0.84110516,0.0,1.6475048,0.04729022,1.4638954,0.030146949,0.123257905,0.21845417,0.113362744,0.70032096,1.0798624,0.92061234,0.99892837,1.3377076,0.4132503,0.0,1.0121504,0.019016873,0.5698207,1.3094738,0.34951425,0.7355698,0.29652357,0.1596815,0.56967247,0.18796636,0.34592453,0.4980189,0.3557064,0.061810758,0.8562531,0.56347615,0.68348885,0.7899537,0.0,0.34419736,0.5529222,0.040847637,0.053300906,0.28973773,1.0832679,0.3375794,0.099562556,0.06146892,0.7262614,0.9419525,0.09045382,0.2381168,0.039721895,0.08759562,0.1692449,0.21416876,0.27625677,0.46569318,0.58253914,0.28239086,0.0025962803,0.0015302475,0.068015814,0.3948398,0.09235302,0.41793075,0.4668686,0.06705717,1.2170135,0.00043371532,0.45832565,0.017772721,0.6652519,0.14502707,0.43921676,0.06570037,1.7400447,0.04319102,0.047238182,0.009078078,0.043302428,2.5067613,0.51080114,0.47869813,0.09595642,0.004122687,0.17497821,0.15423223,0.14142448,0.21558882,1.491984,0.1262321,0.8872073,0.45843154,1.1211092,0.3892133,0.6369914,1.3398992,0.0,0.007675333,0.6958913,0.37799096,1.4783518,0.024904897,0.4911916,0.7265016,0.85529506,0.6428084,0.3517157,0.37664464,0.009224739,2.0625975,0.9848146,2.2079437,0.2946923,0.0699368,1.9164727,1.1332741,0.90747637,0.94229263,0.68876773,0.22816882,0.22874852,0.016633954,0.0,0.003595267,0.0031079303,0.11030421,0.049587496,0.8304109,0.3853227,0.1840985,0.03795193,0.5110078,0.37945902,0.43850714,1.7572263,0.15571415,0.34335777,0.10563609,0.9261528,0.11184677,0.9220175,1.2219604,0.35576636,0.35039496,0.6005169,0.91479117,0.7983867,0.61595607,0.37692195,0.35784966,0.3996731,0.93949175,0.27091122,0.0067206244,0.52580994,1.0556734,0.55635715,0.5894359,0.046116274,1.7042869,1.7026072,0.0,0.33529985,0.39216766,0.19423379,0.27882004,0.33414719,0.4275318,0.06191451,0.44612807,0.03607941,0.101619676,1.9993751,0.7529547,1.1258509,1.4912564,0.3313361,0.049986854,0.47233903,0.2436949,0.5560144,0.5007229,0.33353728,0.41713017,1.1158798,0.95623,0.12106947,0.8469321,1.4581666,0.76181775,0.46069413,0.96699166,0.13132027,0.13177864,0.113792844,0.26076394,0.6028288,1.0796984,0.021392945,1.9880698,0.11378008,0.0,0.2223318,0.13081835,1.028828,1.6827784,2.9101684,0.34924254,0.1604716,0.9078826,0.0005465196,1.9443657,0.0,0.21574172,0.7386322,0.5253027,0.41624513,1.5947729,0.058740128,1.0184511,0.55646366,0.42956534,0.08954488,0.041717228,0.090332136,0.5464667,0.043813933,2.0289502,0.051773585,1.1792818,0.57320267,0.109603025,0.07775422,0.598974,0.81229186,0.062549144,0.02914577,0.3190013,0.041275755,0.37930247,3.8020213,0.5367566,0.3035093,0.10986314,0.41482586,0.44231302,0.050082706,1.2458847,0.44325718,0.75330055,2.6011596,1.0801588,1.1004171,1.0401809,0.10500483,0.2837392,1.4181327,0.7843028,0.072751984,2.88472,0.12213774,0.41673037,0.0,0.4185689,0.059111644,0.5163999,0.50362813,0.0,0.12373606,0.973474,0.3259243,0.46396187,0.15578043,0.848362,0.73068845,0.06012682,0.5101931,0.31776375,0.842493,0.59963405,0.03272432,0.2175665,0.34404707,0.48065636,0.5371956,0.098029435,1.2157545,0.51028615,0.1501045,0.04483986,1.6010969,0.13204075,0.5935782,0.17160402,0.7781973,4.275178,0.32650572,0.70099664,0.16196391,0.35451955,0.13266577,0.8887169,1.2601364,4.5626197,1.6552186,0.6156006,0.96438557,0.06273672,2.1363661,1.8941531,0.26868,1.099695,0.057303827,0.77279896,0.95318335,0.19314285,0.45414886,1.0813471,0.5065143,0.5899623,0.5351453,3.5855227,0.12415948,0.0010467775,0.1872539,0.18950787,0.07865476,1.492214,0.90649885,0.9888884,0.045696035,0.5892821,0.4814049,2.1651647,0.04338847,0.39709365,0.050367523,0.10535458,0.15311609,0.25759962,0.12822618,0.029999996,1.0207562,0.4134564,0.6687765,0.26033145,0.01805952,0.29569918,0.89949405,0.25813076,1.502768,0.42954624,0.4543689,1.063104,0.70553035,0.21287474,0.095918946,0.11423737,0.06217488,0.4770204,0.07585736,0.24655879,0.21700384,0.2982041,0.013241693,0.5094157,0.017166762,0.53903425,1.313734,0.8077868,0.020277372,1.0015354,0.025386894,0.39207917,0.6243476,2.455295,0.40794277,1.725102,0.3741849,0.02160772,0.86248666,0.48229218,0.45903754,0.16874628,0.06785744,0.076020055,0.76172763,0.7822541,1.101557,0.09261892,0.014140515,0.3131874,0.8581165,1.5799173,1.0565099,1.335157,0.4452482,0.4092147,0.3808831,0.3811492,0.073897764,0.8805373,0.1196689,0.10728319,0.10249796,0.11616095,0.37731886,0.30567852,0.70319706,0.1838759,0.17921454,1.5257325,0.3929732,1.4301747,0.64120585,1.0984031,0.81213456,0.6398744,0.72342485,0.4184149,0.31628036,0.07134766,0.36513978,0.35984236,0.17633648,0.078134455,3.1930475,0.5868712,0.9771226,0.02921778,0.9893883,0.57806367,0.43750817,0.2394333,0.24217796,0.14024222,0.0,0.7058189,1.3624626,0.013571495,0.8968615,3.0204532,0.053684894,2.1101708,0.18082206,0.54794323,0.17090715,1.6182429,0.024525564,0.11187224,1.5538536,1.2759931,0.44928786,0.35649228,0.050229825,0.72581565,0.43952954,0.0,0.0,0.15397787,1.7484192,0.500981,0.03844212,0.059188724,0.6606568,0.0068595917,0.0,0.417685,0.99534255,0.090075254,0.108828455,0.2704802,1.4047813,2.0410492,0.5091265,0.113408774,0.8737366,0.546758,0.21162859,0.78815156,0.0,0.20954406,1.7328491,0.222846,0.0,0.013647772,0.025737125,0.38048646,0.03245413,0.01202885,0.27087638,0.18026781,5.567229,0.14086513,1.0825946,0.13300589,1.0314119,0.13065937,0.5177275,0.5444707,1.303739,0.0012213746,0.0869987,all_pothole_images\pothole_images_2_image_338.jpg
1.1803706,0.25146207,0.38756275,0.6703556,1.0649343,0.7048623,1.1097202,3.1696844,1.1391379,1.1601628,0.9047286,0.29974058,0.053806964,2.3962977,0.091925584,1.6740469,0.12567975,1.6055018,0.14099476,1.0855395,1.3280402,1.1286681,0.75030905,0.61815083,0.48605755,1.2564731,1.6145985,3.178595,0.37602845,0.74699837,0.039225787,0.14485823,0.14795026,0.15330455,0.06520432,0.7939073,0.8036367,0.8997115,0.016934138,2.80642,0.009741455,0.33699843,0.6609291,0.70104903,1.0710719,1.2631607,0.30577698,0.2676901,0.5432486,0.835879,3.3428164,0.5602876,1.2116152,0.23910785,0.71627474,0.8908695,2.0879667,0.33455178,0.18092507,0.37512556,0.8880411,0.54082596,2.1715813,1.5089595,1.5584134,1.3145909,1.0345992,0.32566392,0.44851977,0.8785983,0.48806202,1.031268,0.054145325,0.7275752,0.51904106,0.61675817,0.26911226,1.3038403,0.08046106,0.82760686,0.15920682,0.03140492,0.015616886,2.3567967,1.1081986,0.8054126,1.7511939,0.027169356,2.1749094,0.5730937,0.31938043,2.321925,0.6441613,1.1767489,0.6769755,0.1817001,0.34442392,1.1128839,0.96338284,1.4690502,0.20120242,1.920046,0.21997981,0.5636363,0.43063983,0.04656666,0.7192637,0.6030168,0.1346072,0.41676965,0.9500049,0.04751723,0.5139316,0.25721055,0.92704093,0.30643874,1.1629134,0.22224753,0.57022405,0.5202203,0.6981148,0.854256,0.19769433,1.5069944,0.60307693,0.35620454,0.058706254,1.0861593,1.6346965,1.4945766,1.0742309,0.7497338,0.9514693,1.1107327,1.3381385,1.1591848,1.0791649,1.0918401,2.3373275,0.72810143,0.9646821,0.37892827,0.5690919,2.336001,0.16474466,1.0258499,1.0615805,0.13755125,0.42384252,1.569453,1.1805173,0.11043657,0.2984639,0.7200105,1.2216424,0.34130946,1.0248787,0.4252588,0.31832045,0.6378592,0.57787675,0.60628605,1.6438514,1.7099919,0.5115357,0.050767347,1.1261575,2.3614283,2.593979,1.3940262,0.54343444,0.18277413,0.15360565,0.87381274,0.30218506,0.18200806,2.0184207,0.98110723,0.47400233,0.03314936,0.44535643,0.89461553,2.295006,0.48546124,1.4354138,0.31960618,1.8794475,0.9554918,0.42560703,0.56850964,1.0644231,0.5671033,0.2712764,0.64698875,0.19815086,0.75139594,0.3585331,0.20581989,0.60895497,0.4132153,0.5615415,1.1674573,1.4443839,0.7722103,0.20098655,0.5342567,0.23007324,1.8521746,1.0785449,0.78931004,0.23252489,0.9620073,2.1921334,1.353596,0.51634175,2.1836948,1.6367663,0.26725227,1.1828996,1.3015536,0.37861887,0.18140316,0.66964394,0.42326003,0.0,0.6152895,0.7016373,0.7515239,1.9174879,0.52456254,0.22776179,1.6025159,0.2038383,0.8293481,0.0974357,0.9979943,1.942805,0.9761149,0.4071242,0.5331731,1.3348688,0.099967815,1.1499201,0.84137714,0.7107008,0.44661313,1.0048115,0.3079253,0.41547376,1.8129916,2.7735078,0.0140042985,0.3336627,1.0877061,0.23876885,0.8396734,0.891551,0.63640076,1.2314702,1.5974188,1.9405203,1.0003215,1.4322073,0.4149309,0.77663124,0.61149114,0.38758162,0.42500108,0.6890934,1.4439286,0.08168257,0.5416952,0.9148181,0.9246618,0.16172984,0.6533497,0.6263531,1.4417307,2.2772644,0.16864553,2.3483338,0.33951634,0.09716436,0.901664,1.4492443,0.083598845,0.8160754,0.9142948,2.7823393,0.6219535,0.16689421,0.81335074,0.4465924,0.9495074,0.2736432,0.5817193,0.2495937,0.28544477,0.3475329,0.5752069,0.10120448,0.24471392,0.3163961,0.8015275,2.2350764,0.4386728,0.50034356,0.93758595,0.97846407,1.2471689,0.3754091,0.061068345,2.3162081,1.6856786,0.36723125,0.09995963,0.37247887,0.14718698,1.0469294,0.46496487,0.44816342,0.78881615,0.09650939,0.8301558,1.7805241,1.5179917,0.92749256,0.53297573,0.737506,2.5193188,0.607402,0.42270613,0.018483924,0.537348,0.53986686,1.0478743,1.3961339,1.2522681,1.0879941,0.6246419,0.35346276,0.4395144,2.2762413,0.12048656,0.8169795,0.09613524,0.79362816,0.46176445,1.3562706,0.4368289,0.7716316,1.0611379,0.35696426,1.1517723,0.57388014,0.2939413,0.9809429,0.5801201,0.25840253,0.813023,1.2113101,0.25126773,0.03750982,0.6573403,0.4947518,0.23984635,1.2616874,0.51630014,0.70182097,0.57274055,1.1589622,0.33919388,0.12421967,1.0959736,0.39690414,0.8869609,0.21885669,0.34517786,0.95527256,1.191731,0.14630395,0.3049345,0.6659665,0.63101417,2.6940281,1.6371238,2.9252841,1.465084,0.424669,2.2713282,0.8076435,0.27151513,0.7459195,0.90356964,0.79549015,0.7478364,0.2616409,0.9055853,0.5220302,0.5287772,1.694458,0.33737022,0.084983386,2.4015248,0.5178048,0.113723055,0.3818437,0.3448848,0.9998711,1.6578228,0.5240893,0.33806443,1.8251127,0.8491238,0.33702067,0.11088766,0.6918557,1.7471777,0.32635522,0.5321219,2.3244143,0.34572616,1.7574786,1.3385103,1.8714409,0.2122571,0.80224204,2.659704,1.4816358,1.9840353,1.3346233,0.50510114,0.7278742,0.82521707,0.7526128,1.6962456,0.30133802,0.9016588,0.3293529,0.04713811,1.0070294,0.7331783,0.15259933,0.25881702,0.83918107,2.0273843,2.6729543,0.6923855,0.7100393,0.16016772,0.7759545,0.112780154,1.0164384,0.24724326,1.2142107,0.51362085,0.3618578,0.7630123,0.81315017,0.24093533,1.2767605,0.3860483,0.7335166,0.2676287,0.5470258,0.078995794,0.1384821,0.44573054,1.0037798,0.89446616,0.7880893,1.5191096,1.1922569,0.7031504,0.23111993,1.3474591,0.039630737,1.2472224,0.44447953,0.7190803,1.211884,1.2647834,0.2509801,1.1936469,0.05236635,0.8484719,1.2236241,0.3335269,0.7037151,0.37211648,0.051013898,0.5974289,0.48280334,0.78028286,0.051168304,0.09189931,0.20139803,0.27543727,0.17900702,1.022084,0.25160816,1.292873,0.2446029,1.2814642,1.4397229,0.100149125,0.26737207,0.33282027,0.325679,1.6489695,1.8386271,0.8952675,all_pothole_images\pothole_images_2_image_339.jpg
0.18853506,0.17189811,0.0018858027,1.1741246,0.15408373,0.0011087062,0.13914439,0.23156399,0.021906514,0.23519418,0.0590937,0.042874932,0.0070326556,0.80268645,0.01851426,0.16648169,0.14348218,0.6857915,0.32060552,0.2678366,0.7961796,0.95449436,0.034895595,0.058178633,0.2354757,0.9110176,0.51696426,1.7223641,0.13716933,0.0065825414,0.03674808,0.00086022326,0.113131285,0.00038150742,0.025823351,0.36096337,0.19020545,0.43105876,0.47601566,0.4392321,0.0,0.018213175,0.11822367,1.4421686,0.18258715,0.017406676,0.0,0.0,0.0573733,0.15882042,0.03649358,0.0063021877,0.111194745,0.003925036,0.053251345,0.2445014,2.9714344,0.17641832,0.11016341,0.026621822,0.0039427443,0.103132665,0.07387337,0.3081258,0.09832245,1.2717866,0.35171154,0.0,0.06545714,0.2297516,0.10379703,0.23061983,0.14637247,0.076932535,0.1489448,0.0021216054,0.0,0.17184466,0.021879729,0.09596845,0.055472303,0.013402222,0.04297077,3.5607598,0.003476479,0.0,0.07147266,0.2501895,0.64082026,0.018187582,0.046263073,0.016344396,0.08229421,0.07634385,0.1339228,0.00018470129,0.08825236,0.26552004,0.6993755,0.0,0.048650295,1.7481875,0.17782974,0.0,0.16087048,0.09443703,0.29431695,0.07440249,0.0021733316,0.2556433,0.0,0.34230146,0.37447667,0.075643316,0.08526644,0.30067226,0.0986552,0.0006531214,2.756233,0.027379239,0.71414983,0.02491368,0.03518113,0.097906366,0.44865623,0.2848773,0.00074179895,0.024511412,0.7692439,0.04501947,0.12358523,0.00556719,0.010717431,0.09339442,0.08826075,5.888261e-05,0.010947555,0.23433596,0.32020956,0.038162414,0.19582354,0.049942628,0.08600858,0.104505956,0.015077437,0.2684633,0.003897634,0.054983497,0.12171628,0.0018890073,0.14912298,0.25623053,0.0,0.08906362,0.94901663,0.5305011,0.29785603,0.05721595,0.36122844,0.012046783,0.68706644,1.3263279,0.27531245,1.313438,0.44495174,0.03144415,0.6406224,0.26390895,1.2684019,0.35077468,0.0,0.0041594235,0.0066422997,0.015364859,0.00071558007,0.0,0.11525583,0.0682209,0.022903867,0.029490368,0.15248144,1.4818751,1.122205,0.26054415,0.5523526,0.39725447,0.0044970876,0.07642811,0.022906767,0.5420155,0.0,0.006173827,0.030029342,0.5420733,0.0,0.0017473451,0.18163364,0.0,0.35920468,0.15330146,0.11592462,0.07575257,0.085689686,0.45889995,0.22071199,0.0,0.36597893,0.07139613,0.64328855,0.25958455,0.0,0.023162803,1.1848593,0.57249343,0.20354201,0.2856685,0.2333482,0.050786193,0.03606546,0.007602792,0.055080738,0.038304057,0.09950531,0.007321491,0.0,0.021731244,1.5374019,0.038938336,0.77217,0.31438777,0.0,0.012351099,0.23520851,0.004285934,0.041017614,0.0042433445,1.6120877,0.0,0.0,0.31330425,0.07666855,0.14199299,0.22260986,0.12683812,0.16498397,0.0,0.97925365,0.17232692,0.0063249883,5.0584855,2.7287316,0.0,0.14720751,0.19789049,0.07197083,0.057367995,0.91616803,0.16692036,0.0698346,1.8609965,0.0,0.032214187,0.18155365,0.12630892,0.2031319,0.02834244,0.19200817,0.012383441,0.35623372,0.0,0.034713984,0.0039432663,0.09498884,0.0,0.45913774,0.483044,0.003910595,0.007821328,0.013875898,0.42527473,2.0797546,0.12332383,0.017694643,0.013342294,0.13525449,0.11468335,0.05112828,0.0,0.3224764,0.011802737,0.0006082823,0.0,0.19393516,0.23503439,0.027417934,0.63255864,0.0,0.58346295,0.03063195,1.0183657,0.5551068,0.2638734,0.0,0.029786635,5.290371,0.06937596,0.0,0.0,0.020513996,0.07540314,0.35182324,0.25774094,0.80386895,0.27468228,0.0026999924,0.12134703,0.0,1.3028324,3.6008966,0.12752415,0.0,0.0,0.03170482,0.02502485,0.11531474,0.16809244,1.0011117,0.052075498,0.026614618,0.0,0.9079627,0.29486918,0.0,0.0047852923,0.014658316,0.05276078,2.8694525,0.22441326,0.013188604,0.14292248,0.029032273,0.27160913,1.4430828,1.3742754,0.16035868,0.025531717,0.0,0.24231352,0.20851348,0.32258353,0.15141296,0.18427175,0.21619835,0.517736,0.1148944,0.03080705,0.075258866,1.1157218,0.3409209,0.13955496,0.00063008466,0.04949257,0.003819791,0.0,0.0,0.0,1.1495258,0.09273061,7.384399e-05,0.0,0.87048805,0.0,0.1308593,0.0,0.05476178,0.31578922,0.48735905,0.0,0.28870797,0.100004636,0.45744336,0.0,0.11120677,0.021232137,2.3646204,0.3677885,0.81356305,0.008395544,0.008926583,0.18623775,0.24249053,0.0046417383,0.0,0.5372363,0.03235548,0.003225186,0.52698064,0.013114896,0.008316343,0.36752045,0.48954958,0.2578806,0.22273919,0.28030738,0.027501186,0.0014820399,0.13314141,0.47674966,0.081866495,0.0045160833,0.14560291,0.06241448,0.0,0.26307824,0.0,0.15269448,0.32647544,0.12737764,0.3481165,0.00011925895,1.2944971,0.0,0.100565344,0.49242175,0.74762887,0.27244586,0.2774429,0.0066086184,0.06265074,0.23935026,0.3206674,0.0026001395,0.09666031,0.014599873,0.0035808992,1.9174854,0.0012253524,0.07941437,0.10073259,0.12261117,0.45673728,0.014964199,0.057828322,0.115447365,0.14268112,0.10468065,0.31314343,0.9106243,0.11955257,0.008271934,1.3103532,0.47271937,0.11123172,0.036873005,0.5864992,0.426583,0.030280726,0.00986342,0.11151708,0.30916154,1.3446972,0.017068842,0.2425424,0.0,0.81000173,0.0024810478,0.0,0.0,0.10273975,0.12863515,0.024328453,0.2822514,0.12415277,0.0,0.4284254,0.14915574,0.013291335,0.7801191,0.0,0.10381343,0.07528533,0.9591623,0.35944468,0.000325611,0.00647739,0.014211253,0.073190875,0.016903536,0.49862918,0.0,0.15130863,0.33849475,0.0,0.006902892,0.0,0.0,0.0,0.20850465,0.108011246,0.0008070171,0.05321869,4.591434,0.26578918,0.048247296,0.0,1.1139561,0.109928705,0.06554508,0.06683125,0.43645024,0.5366465,0.0,all_pothole_images\pothole_images_2_image_34.jpg
0.84312445,1.7971135,1.3309175,1.3072811,1.2132086,0.50463724,0.79348665,0.0,0.360544,1.360059,0.60326654,0.0,0.0736293,0.8565311,0.3023828,0.54751855,0.13880156,1.1170015,0.7431493,0.3435274,0.5133125,1.3070344,0.95152843,3.1162975,0.98359364,0.21529466,0.15330343,1.1715065,0.020308275,0.47844297,1.0731419,0.14265206,0.36701086,0.7794011,0.344437,0.8349704,0.64112633,0.45613456,0.45626706,0.5534389,0.20655313,0.087280475,0.051762406,0.2162229,1.1882905,0.27884868,0.19732973,0.21256097,1.8236252,0.41942927,0.009731552,0.22095731,0.12810448,0.071059875,0.1009929,0.38863745,1.7197115,0.2104573,0.2655154,0.20874396,0.054884512,0.44799018,0.43727967,0.13345312,0.031932797,0.2604089,0.063930444,0.3810629,0.28956896,0.3720946,0.0,0.15267435,1.2743664,0.202579,0.29418963,1.3529884,0.7101715,0.24542628,0.040641245,0.6930899,0.0013894244,0.29225194,1.156704,0.81999594,1.1195347,0.834724,0.04512895,0.2598204,4.047807,0.78966403,0.20538566,0.24888134,0.22804318,0.028057283,0.2662856,0.08115473,1.1347239,1.5043286,0.31885707,0.09033774,0.14540333,1.4753234,0.2361941,0.382562,0.31192926,0.48817062,0.163574,0.25264943,0.56177706,1.7319232,0.47322822,3.2877944,0.3193678,1.9168518,0.13121188,1.0421721,0.95751595,0.12680157,2.0201623,0.841047,1.0583513,1.9048866,0.40339038,1.244749,0.7351065,1.8982389,0.09078234,0.64219457,0.036271352,0.42841035,0.27179223,0.04565596,0.17208514,0.20787321,0.18137994,0.20659268,0.051671028,0.3941919,0.0352619,0.017628152,0.4008713,0.6690804,0.07594169,0.5820468,0.03466971,0.1490885,0.045122337,0.9454992,0.37609857,0.38038227,1.0696001,0.17916761,0.101369716,0.068027794,1.9532125,0.43115717,0.38163,0.9583657,1.0666618,0.08230346,2.9670298,1.9717464,0.26601505,0.5332879,0.5911826,1.3134165,0.90465873,0.01970703,1.744836,0.65744686,0.13123095,0.042019572,0.11243324,0.19687735,1.8942424,0.0659897,0.4488062,0.015069049,0.0,0.13799548,0.006427177,1.3872012,0.97533584,2.9241352,1.7342964,0.78474283,0.3693366,0.14633428,1.3426218,1.7937223,0.33798674,0.5049196,0.04087053,1.7809368,0.5442386,0.13048433,0.4721706,2.4299927,0.27696276,0.4386771,0.32276765,0.33473742,0.24294028,0.15195821,0.73344016,0.36630148,0.37102145,0.08997803,0.9211135,0.40350723,0.26658672,0.3858888,0.94995123,0.79067004,0.3197905,0.4848253,0.6259226,0.032332804,0.5464204,0.1141718,0.28953737,0.03966779,0.42129028,0.90000737,0.16546936,0.0037272424,0.6367037,0.16465698,0.7965421,0.26349303,0.053178746,0.21252994,1.0260161,0.4949307,0.36518204,0.3764341,1.4430003,0.10210069,0.18840793,0.030874753,1.1034278,0.2990464,0.14527951,0.2827065,0.007819976,0.08193001,1.0591553,0.031610068,0.2566859,4.6763916,0.19815318,0.11432625,0.7536822,0.31626928,0.5350802,0.2131979,0.3161799,0.7715837,0.24810973,1.0923839,0.31645846,0.012537523,0.8520941,0.3242092,0.07803317,0.53378224,0.83224005,0.1467033,1.3590394,0.11337798,0.7959396,0.0,0.1551175,1.0731384,0.8813853,1.5594068,0.36124894,0.16478412,0.24649075,1.0132791,0.04630558,0.032609787,1.0684825,0.024922298,0.37916404,0.7045723,0.127613,0.3680888,0.08155092,0.32595664,0.41580182,1.0509944,0.28869465,1.6818691,0.1515461,0.26248258,1.3647848,0.8100334,0.09339594,1.5421361,0.18773668,0.5038591,0.009287012,1.6521598,2.5541477,0.8498492,0.0,0.91876847,0.3586197,0.09798718,0.3045828,0.6308739,4.72866,0.86439115,0.0192023,0.059688397,0.0057196943,0.5657215,2.4305,0.0403322,1.0782443,0.09090083,0.163516,0.109685354,0.27252406,0.8573456,0.068289176,0.77785677,0.49193984,0.23604134,2.3895516,0.0022539415,0.07949359,0.0,0.020469818,0.42559478,1.4040954,0.0,0.10376181,0.25593123,1.1923336,0.4236501,1.5159441,0.0573151,0.722386,0.10066949,0.2219651,0.001847072,0.014131008,0.15433209,0.057697397,0.8536629,0.22049649,0.0076876194,0.2869412,0.5003887,0.6668888,0.50248754,0.85881805,1.0794466,0.18587698,0.86837804,0.44889417,0.407629,0.027040325,1.2070012,0.32775533,0.1449001,0.9708856,0.3104887,0.8916502,0.29225928,0.4069027,0.05746834,1.1451225,0.68202674,0.66124344,0.34676063,0.005245779,0.35828924,0.3668269,0.100572236,1.1013604,1.3381678,2.5501263,0.41092202,1.484535,0.107195705,0.416406,2.1403053,1.2367961,2.1116033,0.34477308,0.5463423,0.013111059,0.16842028,0.48221174,0.38822174,0.17163973,0.35113665,0.19935527,1.8856611,0.54058003,0.80178833,0.29519117,0.01560481,0.114657335,0.7913536,0.203581,0.1873666,0.18646605,0.3100584,0.20195779,0.6484852,0.0017949862,0.1966561,1.350748,0.07478124,0.4269933,0.1412847,0.5937149,0.21656787,1.4607092,2.2457075,2.139267,0.5275763,1.2886521,0.7604096,0.040992472,0.7101069,0.5329094,0.42904007,0.2931025,0.30506274,0.7696233,4.0234337,0.38502806,0.20763254,0.14039676,0.690457,0.2566605,0.16572061,0.02971484,0.24294844,0.3922544,0.060272317,1.2234021,0.29471144,0.32308906,1.2955431,1.5891155,1.0156242,1.2420112,0.81707054,0.89096147,1.8873991,2.509305,0.72726655,0.34422392,1.2093066,0.5464812,0.0648169,1.2908261,0.22543074,0.6606802,0.71909267,0.06784415,0.021528272,0.6727266,0.47068,1.3174181,0.31260717,0.01234258,0.44587815,1.1506869,0.72031134,0.041869808,0.40595898,0.17487533,0.5517133,1.4355805,2.6292295,0.3658627,0.54300976,0.008729018,1.0767634,1.2839106,0.5961763,0.24265583,0.03337042,0.33377627,2.800188,0.14032812,0.0,0.10753884,0.15883194,0.38798654,0.017698308,0.26572523,0.05811763,0.20794825,3.031125,0.506602,0.18035942,0.20960878,0.29924175,0.24235898,1.8096067,0.18426934,0.63810843,0.64270574,0.7338583,all_pothole_images\pothole_images_2_image_340.jpg
0.80060965,0.17474158,0.027001753,2.0417414,0.5039257,0.25782844,0.48407266,0.04936819,0.062748216,0.7736629,0.30577475,0.4420241,2.4038117,2.5781825,0.20184937,0.88207555,0.69638246,1.810054,0.8175441,0.15988731,1.8541428,0.1704752,0.28893918,0.85041696,0.5655271,0.11133806,0.75187963,1.1368862,2.928177,0.7061596,1.4594545,3.22919,0.3012953,0.8517231,0.13820909,1.1584535,0.19298057,1.5659952,0.44872084,0.0006389422,0.22255185,0.31032357,0.39943096,1.4830735,0.04752083,0.4566265,1.397761,0.04466498,0.5749021,0.11785962,1.4917691,0.18286052,0.9729772,0.4348511,0.6686579,0.22550368,2.0968647,0.027553396,0.32460073,0.62379915,0.92720807,0.31540447,0.14830369,0.2877705,1.7300646,1.1565691,1.0144081,0.008487377,0.37043458,0.13153447,1.4370977,0.20129943,0.12638904,2.0220869,0.5490256,0.013739481,0.43072072,0.33388767,0.56588167,0.3609575,0.049987897,0.018993108,1.332244,0.48332012,0.79535633,0.06708483,0.93577147,0.5240682,0.67714286,0.045153823,0.8778947,0.24306479,0.0,0.078139365,0.1453646,1.4730676,0.12764508,1.9590544,0.019448329,1.1349972,1.663552,2.4522035,0.2299485,0.31768775,1.1103042,0.29213282,0.34406108,0.10801805,0.50981003,0.7208014,0.5150905,0.41951892,1.5659279,0.51596534,0.4818605,0.44946244,0.115331,1.1397457,1.7801756,1.5337842,1.8332964,0.99046123,0.021330722,0.6955339,0.02340335,1.0700282,0.9072999,2.0314913,0.39974532,0.84126306,0.526903,0.0,0.20363858,0.19993202,0.4091824,0.89316905,1.5778656,0.94715613,0.025614724,0.009169703,0.51929116,2.371576,1.9515318,1.3625361,0.9099842,1.118999,0.0,0.13595578,0.13236003,0.08094918,0.81986487,0.49949062,0.92944527,0.3545353,0.6704842,1.4710251,0.6409378,2.585224,2.0014458,2.802061,2.8704405,0.6807961,0.19443114,1.1774491,0.2101517,1.9490412,0.5048476,0.20381059,1.5719286,2.633466,0.02584335,0.7569472,1.005298,0.6527909,0.038664497,1.9259524,0.33826753,0.08323613,1.7757957,0.7280993,0.02171057,0.91390306,0.45135057,0.75263697,1.598611,0.122910544,0.17289607,0.117952675,0.8616445,1.3123777,0.14085943,0.61975807,1.5044363,2.5927732,0.7314098,0.896028,1.0938509,0.89560574,0.12928368,0.75974226,1.0915579,1.7668024,0.48409715,0.7793154,0.1594432,0.13712847,1.7437621,0.15687484,1.2279329,2.1689868,0.22641025,0.2837195,0.4850127,0.45895112,1.982721,2.5684073,1.7143688,1.6972424,1.0853714,0.011172298,2.3572612,0.00025242573,0.85238457,0.1384289,0.0,0.2008454,2.2859855,2.748556,2.0415723,0.3326312,0.2640654,0.027169261,0.23986177,1.5215313,0.036812805,0.4921342,1.3953426,0.9931645,0.24182613,0.4710138,0.2373312,0.006710039,1.2003448,0.9261026,0.3134364,1.3538139,0.85641783,0.71963376,0.6648871,4.518482,1.0974779,0.48681152,0.04058622,0.039032258,1.4988054,0.86495817,0.19964404,0.07629264,0.23427282,3.8172288,1.6194966,1.1032282,1.182972,0.06722235,1.1177652,0.3900935,0.2352789,0.4193002,0.2209137,1.0989192,0.6796514,1.346798,1.4412996,0.40057412,0.46743727,0.57430214,0.99203163,0.79082423,1.6056876,0.07142094,1.3568206,0.2917389,0.533063,1.2541404,0.33081993,1.5872868,2.1942453,0.013248438,2.4747167,1.0434849,0.19441254,0.15343912,0.039283123,0.24193549,0.73165876,1.8122134,0.8718794,0.09287517,1.0433514,2.7867076,1.002063,0.16067213,0.32858944,0.0017088098,2.7033753,0.08393146,0.8012106,0.001108411,0.84185797,0.10686888,2.127422,0.98736167,0.62676626,1.788881,1.9168408,0.73627406,0.83093745,0.97714317,3.1440673,0.07411004,1.1568985,0.0,0.6035109,1.405208,0.10075959,1.1510538,0.3074111,0.0,0.09335846,0.0022757708,0.32247588,1.1122364,0.6006654,0.009333503,0.82178485,0.0010719127,1.1916329,1.0183558,1.2531809,0.8595933,0.10916081,0.39415625,1.6240916,2.2003675,0.054471973,1.3690839,0.62898487,1.7160448,1.5049968,0.012578735,0.3074511,1.1992408,0.008439045,1.0865057,0.036757063,0.987442,0.28850484,0.43246377,1.7313427,0.8185674,1.4366741,0.6576867,2.4380527,0.514622,0.12357608,0.27451894,0.3444569,0.019067591,1.3581957,0.32700986,1.0689164,1.045868,1.6451406,1.1405642,0.37767696,1.3158877,0.39860612,0.0033202562,0.4921061,1.3899109,1.283351,1.0316828,0.014864929,0.5570793,0.9433835,1.9302378,1.0542134,0.11195495,0.121815465,0.044993944,0.0895532,0.8685533,0.20466655,0.5240777,1.2012054,1.314942,1.5610158,0.31937757,0.41219306,0.20462042,0.26383469,2.3087022,0.15998095,0.10703183,0.3342353,0.08705204,1.5576203,0.13672963,1.5004387,0.42697683,1.7515526,0.20897686,0.3912143,1.4530829,0.7429199,0.432565,0.48317453,0.74021024,0.4239211,0.6250698,1.5098065,1.0089184,0.11126388,1.3213488,2.6900241,0.9253518,3.4657812,0.14696461,1.806365,1.107276,0.041206453,0.3371104,0.582665,1.8615906,0.54705256,1.6467699,0.0,1.1769897,0.0,0.8671458,2.0044577,0.6815954,0.04460178,0.10931806,0.72656476,0.014831797,0.1847155,0.6736769,1.4612479,1.6435283,1.2923875,0.04788476,0.77236384,0.1559636,1.7844317,0.54133254,0.623676,0.10464374,0.999184,1.8423462,5.417887,0.4323816,1.635668,1.1640851,0.3863421,0.15387134,0.012503715,0.15336373,1.4688529,0.6931931,0.07785569,0.011030797,0.0,1.5465664,0.18744405,0.10454164,0.9135161,2.1599817,0.9092113,0.024061806,0.42262793,0.45180574,0.25982195,3.1347482,0.34962583,0.025568096,0.027274039,0.13814382,0.63392484,0.756511,0.024190981,0.03487613,1.7581687,0.0134847425,0.08415651,0.9603567,0.030863691,0.032864146,1.879264,1.7027131,1.6328278,2.4814563,0.122388534,1.0488747,0.7744464,1.8287547,0.88950765,0.9319823,0.0,0.5051852,0.3667047,2.149828,all_pothole_images\pothole_images_2_image_341.jpg
1.2405125,0.57720745,0.40702608,2.503609,0.65440315,0.23207735,0.9654189,0.00010122,0.85624397,0.407448,0.25577152,0.37621516,0.20441858,0.8773878,0.09294952,0.35964864,0.09691929,0.44173807,0.43614405,0.41797918,0.69990087,0.48934236,1.4931602,1.8857166,0.5525796,0.23934005,0.027670363,2.6037948,0.032566644,0.054701112,0.4052759,0.18051106,0.598831,1.9566855,0.76700574,1.3428594,0.66379684,1.2176181,0.037495714,0.004802808,0.14335495,0.1660969,0.44172707,0.8272566,0.06588538,1.1553153,0.28532693,0.22566141,0.10865008,0.617511,1.8376579,0.5384188,0.41422716,0.019870402,1.2243993,0.9084071,0.5179677,0.90072536,0.90955836,0.2666732,0.38483137,0.70843476,0.23595254,0.06600262,1.9641557,0.5964408,1.176028,0.21887952,0.06441641,0.15553296,1.0111852,0.0021306777,0.13304378,0.029991101,0.8527784,0.0026170253,0.47071952,1.8092097,0.121637225,0.24922492,0.133664,1.3783085,0.01827456,0.9508863,0.63677603,0.39935246,0.0,0.111146435,0.8119034,0.4233975,0.52169985,0.37660056,0.014398406,0.13568261,1.1016631,0.34891814,0.46118093,1.22587,0.06517171,0.5888428,0.08634107,2.7184734,0.20741552,0.5796556,2.2181761,0.47321728,0.54535484,0.6325151,0.029248195,1.5000969,0.00042107477,0.113439515,0.10473975,1.6112022,0.80789065,0.2786862,0.25206035,0.4167531,2.6448662,0.5777928,1.3539301,0.27151132,0.3419974,0.50934786,0.5086155,0.8832693,1.0524552,0.82065785,0.07586039,0.21571442,0.6405368,0.08355323,0.27826497,0.13224728,0.15269502,1.3197796,0.86345595,0.09547761,0.050736323,0.2917347,0.9133797,0.035674416,1.4185576,1.4403574,0.07465198,0.2135202,0.045497693,0.07041949,0.25972593,0.55127233,0.27620783,1.1632478,0.38129643,0.30608326,1.368591,0.3322904,1.6652994,0.2672493,0.63950866,0.648046,1.986864,0.62261045,0.16275348,0.23182152,0.33921906,0.43161955,0.5895037,0.14633664,1.2791268,2.9940684,0.2749966,0.16068159,0.021493902,0.20848449,0.06694091,0.9117028,0.4442739,0.094822474,0.11924222,0.00988124,0.00055704406,0.96435994,0.33787605,1.902906,0.9608458,1.443234,0.5026223,0.42325127,1.0561447,0.5308257,0.40755862,0.23270272,1.6943783,1.9592693,1.2819595,0.54501456,2.3072546,0.8352695,1.5559204,0.08567347,0.8687192,0.33661506,0.5277757,0.09380609,0.08712966,0.94984776,0.80797863,0.032812938,1.6525488,1.1803682,0.030319115,0.39026144,0.21740088,0.43269986,1.3220744,0.88019156,1.134049,0.1809386,0.37118834,0.11546193,2.0214634,0.1407453,0.69787395,0.45449144,0.0040099174,0.11275322,0.4950299,0.31695616,1.5764173,0.410857,0.06696724,0.08366526,1.0343935,0.14580217,0.8272172,0.018129714,0.6176618,0.41776255,0.26807877,1.3132045,0.9523336,0.554963,0.25977138,0.828273,0.1367955,0.0,0.7609485,0.7257986,0.8162273,3.19785,1.9549143,0.89031947,0.0,0.4612935,0.4647181,0.34711793,0.052136026,0.032025393,0.46239346,2.0194876,1.0303751,1.8524615,0.1856163,0.3356348,0.0,0.4528297,0.5737674,0.5000357,1.6050433,0.84475,0.782421,0.10989529,0.18711497,0.19221286,0.0,0.6962942,1.6035978,0.65812886,1.0266672,0.3561725,0.014569118,1.0800295,0.8002766,1.1047108,0.1194966,0.18334231,0.5029581,2.130075,0.5291744,0.15805724,0.07292815,0.4738063,0.06535866,0.8184314,0.6709034,0.28562447,0.5416489,0.03679711,0.06523834,3.3431222,0.7300123,0.05402239,1.0063921,0.17299978,1.0705492,0.19125812,1.0020437,0.6710941,0.6996358,0.8224183,1.5798103,0.33828267,2.8213286,1.9921856,1.0632373,0.29542762,0.0032516867,0.81606966,3.8216877,0.3762717,2.082169,0.26949412,0.955934,0.16534019,0.5470123,1.7331543,0.15643965,0.2610301,0.21547444,0.57746375,0.4417777,0.0038560878,0.72673035,0.28058484,1.1009345,0.013511847,1.0750012,0.42807505,1.4934437,0.5555569,0.39931214,0.09527327,2.873929,1.2172359,0.53795975,0.60359687,0.11663746,0.74913687,0.7116362,0.16733475,0.22010523,0.57168907,0.01619488,0.35538468,0.21974306,0.40760094,0.20985022,0.98017657,0.03834676,1.2399122,1.7699455,0.4620454,0.9106871,0.65024215,0.043369293,0.0,0.92255867,0.75696385,1.3210174,0.44015324,1.1116481,0.21881135,1.04501,1.5769207,0.63521826,0.5001772,0.7174989,0.62744063,0.7869576,1.324732,1.661679,0.13979049,0.59380686,1.2696737,1.4376903,0.42434877,2.7532856,0.20809904,0.11902861,1.9482226,0.015370959,0.4961178,0.0,1.5075359,0.04782315,0.5583175,1.661596,0.49844944,0.9286369,0.28097787,0.6465172,1.0984986,0.8425062,0.113226146,0.45614678,0.7733773,2.472617,0.0054710493,0.102778435,0.4975455,0.14982033,0.27624872,0.9581333,0.565552,0.0,0.04984436,0.7749763,0.792556,1.1120797,0.14290944,0.44904506,0.9574457,0.13449499,1.8144248,1.3845383,0.6204671,1.7970269,0.26023751,0.8081497,0.80506647,0.05172124,0.65815264,0.72186637,0.5588935,0.6633746,0.2490286,2.243223,1.2303979,0.83809775,0.25123405,1.5692846,0.05655694,0.13193448,0.15937833,0.47309136,0.0,0.53221625,0.022130212,0.61478573,1.2803515,2.6230135,0.32911527,1.5596381,0.17682707,0.6714391,0.15413924,0.07163292,0.051780242,0.3368861,1.3587697,1.848782,0.4162801,0.9961772,0.4340343,0.52556825,0.18998393,0.1637794,0.39398402,0.40658188,0.39787385,0.4889492,0.892846,0.024304837,0.56361413,0.57593906,0.024644049,0.5139558,1.6864315,0.8026401,0.00732011,0.570825,0.8939924,2.9074564,0.33768705,0.11979555,0.038103875,0.12139916,0.23187093,0.9566331,0.025456782,0.380156,0.65511423,0.023107031,0.93694687,0.13868137,0.0,0.12509298,0.23215854,0.006071355,0.29237467,1.4800035,3.1962254,0.254002,0.66033995,0.06538014,1.125782,0.99467224,0.0915535,0.49029002,0.26088157,0.037864916,0.051040735,all_pothole_images\pothole_images_2_image_342.jpg
0.48898023,1.444797,0.30412802,1.8397355,1.0229508,0.4713274,0.9222098,0.3156501,1.3541924,1.6039664,1.5427358,1.3784317,0.3630084,1.8820384,0.13646647,0.87376183,0.36387798,1.1084982,1.6666222,0.23958747,0.6957391,0.14142251,0.3150463,0.39738458,0.1921182,1.2906475,0.0,1.6329491,0.10685108,0.5621446,0.345111,0.4532154,0.5028716,0.8816635,0.040175606,2.7955022,0.24128318,1.3081192,1.1762491,0.12277179,1.1120198,1.2042115,0.22639033,2.1584864,0.7914321,0.21552101,0.6041143,0.22939983,0.24822524,1.698676,0.50678754,0.5284029,0.2492479,0.10744816,0.71775985,1.9960766,0.35813108,2.07111,1.7748394,0.31990853,2.0428095,0.61833066,0.5748742,0.23891507,0.3155308,1.6426504,0.7597839,0.8667685,0.035563882,2.004742,0.31275976,0.11849378,0.20703188,0.97632146,0.35139045,0.25800946,0.40873387,1.2174271,0.34494695,0.22780535,1.6239616,0.54872763,0.33882546,1.9001539,0.44909146,0.374787,0.057563145,0.0,1.19162,1.5539296,0.770114,2.0884926,0.44950998,1.2846061,1.3051891,1.3387853,0.2508868,2.4339416,0.5539836,0.023643272,0.52086973,0.78466547,0.0052695554,0.83630913,2.5347056,0.20419276,1.2499179,0.14837,1.4960283,0.07078845,0.86697817,1.1375637,0.4649277,0.3207805,1.5926994,1.4155436,0.17962082,1.328654,1.6282787,2.147872,2.0051284,0.0025901946,0.18935692,1.2732252,1.4184203,0.9677879,0.68488014,0.82068765,0.594769,1.02838,0.5661786,0.04897172,1.1433866,0.25536206,0.53934747,0.86265653,0.84552574,1.2453167,0.0981446,0.2985281,0.6954504,0.016573973,0.40419558,0.31734285,0.4746554,0.51163083,1.6599838,0.37208334,0.19782998,0.4442419,0.5917939,2.288801,0.6262111,1.0078626,0.109127045,1.3507818,0.5003099,0.08226193,1.0944875,0.9266474,1.069339,0.5789152,0.7016928,0.6387575,1.7907736,0.6478648,0.08227295,0.5244424,1.4983639,2.5809186,0.7441013,0.48894542,0.01286876,2.564624,0.42627823,0.32934368,0.20939884,0.48357347,0.44003117,0.5011312,0.028010007,2.1927187,1.1983479,1.8252685,0.9543549,1.5922608,2.0949106,1.9795939,1.1220412,1.1205901,0.09715049,0.5754661,0.8631847,0.6609404,0.91795397,0.061666615,3.425977,1.2726789,1.1829424,0.06784307,0.016672404,1.1118833,0.13003515,0.4446264,0.84397393,0.36828908,1.5894086,1.1915517,0.8498205,0.9828553,0.0032659285,0.0054429825,0.84643894,0.3751291,3.8265448,0.5593059,0.11654143,0.5980825,1.2754827,0.319146,0.8971387,0.5649264,1.0508822,0.74783385,0.1841079,0.016330156,0.962205,1.1531223,0.78168565,0.2385526,0.10251901,0.9125318,1.3593905,0.77358586,0.4532574,0.19034535,1.4517593,0.78545034,0.17969297,1.7854701,0.60239166,0.37652463,0.03731405,0.5570936,0.519603,0.94456714,0.4262081,0.00754305,1.6266873,4.320942,1.426375,0.47006738,0.38041592,0.9756747,2.1966665,0.8118247,1.8510357,2.8254974,0.23011348,1.4737147,0.29101962,0.08766808,0.29654053,0.85039824,0.28501847,0.21843173,1.4001584,0.16734421,1.5345424,0.31117043,1.3106834,0.23015115,1.3143793,0.16012254,3.5764916,0.53508794,0.00083583326,0.20510213,0.33606797,1.0563956,1.8559355,1.0028809,1.2992498,0.27012128,0.33283532,1.5287081,1.1823366,0.22386281,1.7765948,1.1306965,0.10380695,0.46550068,0.16205542,1.68228,2.7568126,0.10146796,0.2733544,1.0626181,0.58549106,1.9311842,1.2985306,2.0556095,1.3703523,0.33842686,3.4683528,0.35984516,1.7894121,0.3663901,0.7595641,0.3845691,2.1383798,0.633552,3.7116694,2.3591971,1.6268448,1.6395706,0.382635,1.4642498,3.9478166,0.33819485,1.4103502,0.06617576,0.6804205,0.9424028,0.03228439,0.5699469,0.2612395,0.0016212132,0.4536223,0.8063991,2.068436,1.1822298,1.361225,1.2746834,0.16478315,0.5157178,1.1673628,1.9596026,0.7184141,0.8042619,1.027495,0.7433693,1.1441277,1.3063748,0.6678624,0.67462796,0.2789817,0.21764241,0.01769756,1.6759578,1.651354,1.1842152,1.4836996,0.22794808,0.25869748,0.434955,0.21886514,1.8113054,1.3397187,2.340274,0.7361154,1.0898981,1.0870595,2.299171,0.0066054226,1.2010367,0.82404745,0.18431614,0.7424919,0.66169035,1.1937486,0.47589627,1.3448305,0.8033602,0.44714248,0.5559557,0.17675053,0.96314317,0.7235401,0.37097666,2.3510542,0.4331004,0.8497853,0.3822294,1.502586,0.25771448,1.5212642,0.08705638,0.95660233,0.6084666,1.0353914,0.35366455,0.07034063,1.233512,0.057729997,0.28297505,0.5941077,0.4229382,1.8992862,0.29599702,0.7330902,0.2815167,1.0819584,0.05248288,0.8867786,0.32525367,0.6987193,0.12279133,0.05457206,0.0614033,1.5961727,0.13760217,0.1706121,0.18293299,0.9904864,1.9956405,0.59519106,0.8783334,0.26453424,0.20185839,0.5766971,1.2243842,0.31353322,0.39859796,1.5611039,0.6484606,0.860095,0.17402159,0.2694111,1.3003509,0.3358445,0.14788632,0.20572318,0.41265872,0.33072984,1.0834678,0.48390192,1.4959153,1.2642614,0.7652001,0.8185947,2.8175406,1.0079358,0.35123637,0.21587579,0.03717437,0.17016274,0.36640424,0.12854096,1.1482872,2.8815727,0.19397031,1.5360321,2.7032144,1.1822369,1.6325852,0.5730358,0.81592125,0.4459245,1.5000728,0.7134667,0.36292964,1.0131705,0.100856,0.6770211,0.33706704,0.11763197,0.0,0.58605814,1.4203849,1.2542839,1.8906807,0.21494713,0.070141375,0.7383779,0.085992366,2.1192546,1.440403,2.0868611,0.4147109,0.06425128,0.81819004,1.0462445,1.109698,0.7836998,0.46166605,0.40782422,0.300712,2.1706874,0.052131653,0.23332457,0.9265591,0.43635863,0.69081205,0.23266356,0.8038663,0.13411242,0.1196854,1.2098566,0.15041354,2.0487165,4.1801186,1.3691707,1.1691678,1.7358125,1.1556913,1.0283097,0.730834,0.9991039,0.7500095,0.0,1.2522789,all_pothole_images\pothole_images_2_image_343.jpg
0.35110614,0.3987215,0.4416202,1.3783675,0.08951764,0.04237949,0.44489828,0.5778013,0.30079395,0.40249422,0.026215725,0.2916662,0.075265646,1.1016765,0.11562044,0.12112596,0.018843597,0.9060426,0.60342085,0.25678772,0.43950012,2.812074,0.058033425,0.013365845,1.2118446,0.3404307,0.4915969,1.1942647,0.099516295,0.13058642,0.16667317,0.1090539,0.47560543,0.2919082,0.2926813,0.74781626,0.111699276,1.5669713,0.08088808,1.2539426,0.0,0.021558644,0.17141756,1.9936541,0.5629561,0.029680291,0.044993836,0.0016183894,0.34096223,0.7174507,0.19765997,0.40096828,0.26983878,0.29241985,0.12166144,0.62605196,1.9366361,0.36560962,0.7217908,0.009097267,0.0753413,0.20678924,0.4591416,0.087322496,0.23968016,3.242048,0.64459944,0.12461536,1.7345078,0.1784247,0.48899212,0.1491855,0.014224919,0.12571397,0.14688365,0.011537612,0.06943223,0.03002882,0.06266123,0.15462707,0.0788313,0.013024235,0.2186376,1.5094517,0.39974314,0.046714563,0.24528053,0.32980213,1.7171745,0.3873273,0.11845376,0.0,0.014976841,0.26961944,0.055516805,0.27532393,0.31581056,0.43879613,0.67523855,0.07400821,0.29354113,2.1919656,0.41230556,0.022917932,0.048252884,0.6033623,0.11666007,0.1331156,0.033764668,0.09423138,0.00037351553,0.9202398,0.18913735,0.027662996,0.41297358,0.17174481,1.4954818,0.32474256,1.9010236,0.5527721,2.926049,0.33401847,0.054079104,1.2399374,0.33721724,0.5988943,0.044150844,0.24303801,0.41007435,0.026873296,0.39179236,0.00038518556,0.644363,0.013508925,0.75620884,0.23989521,0.21007915,0.543252,0.2972515,0.15509112,0.22413878,1.503683,0.2433683,0.644677,0.004099975,0.4057279,0.15818098,0.14596611,0.43376097,0.62770146,0.43300658,0.37709853,0.32780603,0.06185803,1.1114699,0.23753428,0.38284975,0.53875744,0.4983084,0.0068920166,0.31634107,0.7524129,0.051872067,1.3160921,0.015206576,0.018885782,0.6894455,0.2614002,0.85199785,0.50586057,0.012133314,0.019567847,0.12708598,0.052060053,0.5602856,0.031019835,0.048877444,0.0048955013,0.27034578,0.0418933,0.24925926,2.6125104,2.186238,0.9861201,0.34878737,0.6335796,0.074924245,0.03241312,0.16122818,0.25341484,0.23881584,0.6957838,0.021448012,1.6420122,0.41277927,0.41368538,0.28707266,0.057030883,0.045348946,0.40396383,0.43078208,0.046143755,0.9502526,0.7247809,1.6062002,0.11431107,0.35391128,0.44134152,0.66552585,0.030014781,0.0012606087,0.0,0.49152076,1.0055707,0.28470293,0.31924018,0.09153631,0.34779528,0.49407628,0.17744924,0.0076760375,1.5031582,0.028384272,0.17375204,0.011631486,0.3578872,0.54359025,0.14086157,0.3981302,0.21411075,0.22255975,0.03391304,0.6764648,0.11112773,0.14411391,0.02034809,1.1039882,0.024193209,0.016794937,0.2979187,0.10717507,0.013093631,0.026996756,0.14612672,0.09858275,0.0,0.2172132,0.07734922,0.015672583,2.8261127,3.0293584,0.33792332,0.18613815,0.041366518,0.1761535,0.47857407,0.6400692,0.3081749,0.4110868,0.99346596,0.046612065,0.0040987767,0.35791653,0.75912553,0.4917763,0.15350522,0.65791446,0.4362328,0.71206355,0.3397882,0.3348215,0.005460805,0.07937043,0.3463859,0.71156496,0.41734046,0.6243498,0.057403997,0.43678123,0.3129874,1.3664261,0.03803368,0.08883575,0.12584515,0.34694085,0.03327572,0.52303517,0.18192424,0.65323645,0.29329965,0.0032239368,0.05372668,0.067974,0.1415266,0.12599659,0.06142184,0.10272701,1.73667,0.27098954,1.24652,0.17178212,0.3928471,0.0,0.6683027,5.105487,0.35602963,0.0,0.4508023,0.11670803,0.09774107,0.5299078,0.19553559,0.8359346,0.46349669,0.021625664,0.18118419,0.038309075,0.46526927,2.1561909,0.0,0.37567195,0.0066971267,0.10417189,0.044572033,0.086763,1.4242946,0.65723354,0.025013544,0.21753556,0.05278624,0.55329967,0.26337788,0.23198886,0.024910267,0.0046379324,0.42416894,1.1378952,0.15228836,0.3560317,0.0012842215,0.11784456,0.63126093,1.5257245,0.013093698,0.3573548,0.6138913,0.0016872322,0.011503471,0.3163632,0.54179347,0.48650804,0.2243525,0.1243709,1.2382656,0.1925953,0.4851913,0.45549968,1.7420154,0.57918936,0.6413006,0.0018312074,0.0032015813,0.0036975406,0.029454688,0.07491359,0.01663897,1.9720756,0.15313524,0.0043178857,0.10682726,2.7849624,0.080023766,0.41757253,0.0,0.14244509,0.075740226,0.076232724,0.0,0.02920178,0.023156457,0.21789965,0.0021013697,0.3692321,0.24552085,3.851328,1.2839628,0.7236161,0.0,0.16647278,1.1434346,0.49383256,0.42943066,0.053545322,0.122270934,0.15063497,0.08271599,0.7741715,0.12164028,0.0,0.58681625,3.3035252,0.0,0.14647515,0.17182152,0.023314795,0.014654213,0.07364893,1.1398695,0.008902803,0.18167889,0.23226345,0.10512432,0.2733703,0.71535325,0.17774095,0.060274366,0.1971887,0.43850848,0.102500975,0.006779456,1.6404256,0.03511627,1.3759122,2.2583709,0.9282201,0.20281546,0.647816,0.76492804,0.067057304,1.1737605,0.40911084,0.21120834,0.24898914,0.25720748,0.5203453,3.806077,0.38146776,0.36061922,0.12891224,0.0,0.1116917,0.38148174,0.1904758,0.36824688,1.5311611,0.14517678,1.2734228,0.49749643,0.04554177,0.5717436,0.3218826,0.04967597,0.4495549,0.25753063,0.6710037,0.56596255,0.18874651,0.29245102,0.3292721,0.37688395,0.7356815,0.050274182,0.2936801,0.0,0.11826488,0.25920206,0.0,0.0,0.19671407,0.28049704,1.1680025,1.2996377,0.0846752,0.13546097,0.12947485,0.01162462,0.175783,1.3504895,0.028794661,0.0,0.20592926,2.6006787,0.7102895,0.06961462,0.19849917,0.3135081,0.12217315,0.014901169,1.0083381,0.042315483,0.9820961,1.0855001,0.10341821,0.23829778,0.018728208,0.0050647054,0.09931864,0.05261361,0.005248596,0.0019404109,0.09210202,3.1106465,0.35726756,0.044010073,0.27530292,0.63181925,0.0,0.107085936,0.33268067,0.036171373,0.3068418,0.39459234,all_pothole_images\pothole_images_2_image_344.jpg
0.22887236,1.9838138,1.1434221,1.6729784,0.85640156,0.29946715,0.43430963,0.0180016,0.07884744,0.5601135,0.82782894,0.2717711,0.1359072,1.5431297,0.16657697,0.86975455,0.6482717,0.041937545,0.40410176,0.037608184,0.8062636,1.090409,0.30872253,1.0493329,1.0830591,0.71884465,0.7661273,1.9523854,0.5169754,0.09379523,0.40238255,0.11904746,0.07074435,0.34959283,0.30442315,0.54967237,0.24584907,1.076127,0.96780014,1.1001699,0.24037291,0.108714014,0.43933532,0.58972865,1.5869187,0.5690018,0.009346416,0.06845881,0.9890082,0.49725565,0.18214871,0.067868866,0.4574309,0.20206326,0.01873026,1.1602851,1.350906,0.27778316,0.38069066,0.118528366,0.35021552,0.24464992,0.046873655,0.10760959,0.33111858,0.609546,0.6735251,0.50132567,0.20230281,0.41788372,0.29038388,0.6492248,0.7631962,0.15362556,0.37747234,0.87430054,0.21056843,0.8119708,0.016146982,0.49358723,0.118445314,0.01044337,0.34085768,2.3945985,1.0893883,0.5512533,0.05826976,0.14202635,2.4478593,0.7837908,0.18686213,0.4742518,0.0100202,0.25712755,0.15412518,0.07171396,0.8572775,1.1550424,0.32689032,0.6858931,0.15267654,1.4726645,0.0012274103,0.6795627,0.023789007,0.1321769,0.7249257,0.18219273,0.15097545,0.38360518,0.15570033,1.3595507,0.041628633,0.8438577,0.49653286,0.29129598,0.50983304,0.064624816,1.7843055,0.72951376,0.9171084,0.6811038,0.08112304,0.73108983,0.46105412,1.8486753,0.83726734,0.19950543,0.1873265,0.42912346,0.0,0.05681869,0.27202377,0.096063875,0.17226171,0.2132681,0.37185085,0.109160215,0.32590637,0.00465528,0.28530487,0.35207665,0.04202598,0.19327728,0.15046689,0.49796072,0.023539258,0.24335143,0.2946846,0.86549383,0.517733,1.2944291,0.0054321554,0.18500827,1.1587259,0.2890268,0.31417748,0.17213118,0.7698619,0.26918682,1.3190787,1.1251192,0.7506514,0.16546449,0.4021323,0.22154638,0.6733509,0.08031118,1.123136,0.89721847,0.024812812,0.16440044,0.10056876,0.1478058,0.63691336,0.20669837,0.8867674,0.20545854,0.24459025,0.38264415,0.10737174,1.2254531,1.1953526,0.43107286,1.3933655,0.45638213,0.099345304,0.44970727,0.8271728,0.85369515,0.061949395,0.39170837,0.13143633,0.628973,0.27310655,0.01403057,0.11369651,0.93060005,0.5449268,0.6883693,0.31496802,0.7085777,0.15240017,0.5764207,1.0026714,0.23904891,0.06026946,0.06290427,0.98677075,0.22961505,0.27262974,0.36057606,1.5275524,0.6415586,0.8853238,0.80408335,0.9799408,0.040627133,0.52680755,0.4808851,0.7541644,0.017144904,0.8223102,0.64630544,0.1641695,0.12445508,0.60280377,0.31259486,0.52418244,0.97423124,0.20507526,0.38339123,0.12059194,0.3074202,0.23726575,0.44170156,0.896228,0.2108062,0.12949936,0.14250833,0.6536396,0.0607702,0.21102613,0.3931132,0.014878955,0.0003029491,0.5152959,0.07106302,0.053324733,4.5472193,0.24502723,0.10467746,0.5937013,0.14152032,0.08586885,0.02723926,1.2481409,0.5667623,1.1796188,2.0716212,0.9491318,0.21259056,0.69969255,0.3489512,0.69642,0.68962985,0.24673185,0.5497331,0.60880667,0.019908646,0.71231574,0.056667045,0.26713958,0.48520356,0.7084504,1.1450009,0.11381204,0.06655528,0.007093008,0.30569714,0.4257551,0.16474119,0.24189539,0.17965235,0.7967181,0.57741547,0.25504646,0.43218884,0.6340128,0.23142867,0.62476623,0.5978747,0.14433178,0.7836943,0.13916066,1.093637,0.8109441,0.85490465,0.66536593,1.7850589,0.046902638,0.22529033,0.034939356,0.9799259,3.8668015,0.6842585,0.024719032,0.98410267,0.26568896,0.69502383,0.13549998,0.482462,4.367886,0.50671285,0.13884185,0.69868964,0.14901675,0.8618375,1.5535481,0.38500533,0.32302263,0.06049958,0.13315304,0.37306824,1.0114686,0.98006845,0.5912895,0.606629,1.239536,0.61413574,2.4453645,0.16569386,0.061857503,0.0,0.59718496,0.10172764,2.2186959,0.4879387,0.2698321,0.22237512,0.41195175,0.025748204,1.9605658,0.50803757,0.65521455,0.558286,0.05002627,0.20181157,0.44736487,0.17601219,0.15691632,1.298716,0.22129188,0.44513226,0.30511492,0.13488632,0.7716584,0.22345804,0.61764586,0.7669103,0.028677544,0.0,0.64055234,0.29909074,0.15885834,0.5827648,0.70056087,0.6753023,0.69002503,0.018089812,1.0953337,0.4097142,0.36230433,0.3392794,0.95516205,0.5607559,0.25716487,0.32162187,0.13284956,0.49058315,0.20285678,0.35485753,1.1510923,1.0519356,2.9577107,0.42353743,0.94285923,0.077917606,0.69958025,2.585734,0.8229423,0.71382993,0.27340046,0.44458085,0.048604205,0.05441226,0.33395913,0.46421248,0.29384053,0.03187248,1.2282572,0.9814811,0.12399945,1.1102337,0.57623553,0.6273319,0.16582642,0.43594164,0.6428417,0.0,0.25344583,0.1822833,0.21048181,0.7554882,0.0,0.19306718,0.6058643,0.07263785,0.3700306,0.11561149,1.591974,0.18466996,0.17700343,0.6123763,1.081518,0.16488984,0.6095261,0.57672286,0.12073412,0.47712287,0.95342076,0.42646953,0.5508211,0.6270464,0.6557005,2.9803936,1.4495686,0.1536681,0.16337737,0.32672304,0.8813872,0.34894842,0.23285252,0.8967242,1.0116076,0.13480477,1.2285291,0.95652914,0.313006,1.4558034,1.2976478,0.5063808,1.7644731,0.2194629,1.0205954,0.820409,0.98094827,0.6478096,0.45291424,0.8806324,0.5000582,0.2857991,0.71241415,0.14680506,0.20951107,0.63589364,0.64180905,0.06406766,0.6771103,0.1989653,0.39743555,0.14575979,0.2927288,0.05671042,0.881589,0.17160882,0.36168614,0.100769274,0.7542656,0.09606053,0.8642681,1.6194415,0.9493106,0.23990567,0.36419746,0.11868313,0.60500103,0.21482539,0.06451282,0.029947206,0.7721642,2.2716897,0.011208451,0.02261958,0.0047416007,0.3442063,0.03406762,0.2835758,0.6426123,0.044375185,0.024369178,3.4078836,0.13728793,0.6549037,0.3715044,0.4710507,0.35471508,0.60033226,0.5317468,0.91664934,0.22079939,0.4119124,all_pothole_images\pothole_images_2_image_345.jpg
0.08966078,1.3243189,0.0,1.9486009,1.4921954,0.057256736,0.21119808,0.6778854,0.076914065,1.2464662,0.5434929,1.6958699,0.36955845,2.7975066,0.0,0.0,0.70649844,1.4588552,2.0842395,1.6618965,0.22444549,0.5888983,0.2784933,0.5966677,1.9010396,1.7463644,0.5531347,2.2900171,0.042075116,0.48090222,0.42682508,0.7329428,0.44256848,0.13316509,0.6753325,0.97995305,0.4865916,2.1195133,0.70845324,0.08176753,0.08363488,0.4047263,0.26882163,1.5190653,0.80775577,0.22384822,1.0068812,0.18415694,1.6890099,1.5868813,1.0969193,0.32445526,0.14211075,0.26029977,0.050019924,1.796278,0.5887138,0.80679584,0.94322,0.54999894,2.1183019,0.1581375,0.7109926,0.24400057,1.5678803,1.470105,0.08932292,0.108278126,0.09293771,0.46144068,0.96454823,0.050254423,0.6173844,0.10461071,0.21075067,0.0023692052,0.04518148,1.0468948,0.45803756,0.3905136,0.41834706,1.5865039,1.2801312,1.3671725,0.0839816,0.0051217168,0.80970615,0.13839398,0.3442958,0.00454367,0.39120296,1.1196744,1.0013231,0.5284287,0.11268003,0.32012963,0.34914112,1.5589749,0.521307,0.8003156,1.0734255,2.9825943,2.2068262,0.059152603,1.2598985,0.25809163,0.54078263,0.6940855,0.5281625,0.03290896,0.32436645,0.4076647,0.8820938,1.0590934,1.9252748,1.1341869,0.11646892,0.05082153,1.5738887,0.36766002,2.9906945,0.025970558,0.49705905,2.273798,2.5039184,0.7498734,2.331942,0.56947047,1.5200162,0.16413735,0.4492443,0.3624387,0.75292003,0.101121426,0.52923787,0.0042616017,1.2643117,0.33007246,1.2429918,0.17251538,2.0716724,0.052500922,0.33765364,0.48797902,0.2705619,0.9215753,0.87024075,1.1825861,0.88034266,0.05445732,0.21912174,1.5933946,0.043452088,0.25937447,1.3024522,0.88180447,2.4169965,0.26517695,0.393321,0.45576605,1.5774225,1.7598457,0.55667096,2.1975067,0.4166018,0.10236706,1.4378878,0.26483718,0.26932308,4.1807933,0.02136643,0.0011099384,0.33972567,0.25264433,0.116730005,0.058740925,0.57929075,0.75730956,1.2400957,0.54335225,0.50691533,1.3531816,0.996352,0.68031776,0.38232425,3.1899598,0.5564304,1.5683961,0.16867848,0.841185,0.24632628,0.7096019,0.30975348,1.9136965,0.44316515,1.4178401,2.503577,0.05440582,0.7827298,0.005687967,0.6107567,0.5595334,0.32297942,0.059182998,0.054477524,0.9205082,0.010366698,0.08394236,0.9817361,0.7557416,0.0117437,0.6423442,0.86944693,0.29665446,2.9005954,0.88918304,0.50997627,0.30475786,0.37888107,1.033198,1.4125681,0.931511,0.61126506,0.5791643,0.0,0.08530817,1.5316325,1.3934989,0.76736534,1.0888468,0.1648391,0.21923308,0.8455671,0.5425866,0.0148685705,0.014125435,1.2777812,0.7314149,0.16531244,1.4094677,0.5455124,0.37341723,0.367771,1.1929576,0.5375767,0.20459902,0.58016616,0.2682171,0.37395653,2.496899,3.665863,0.2600869,0.2728578,1.4742316,0.36926854,2.0937858,0.116947465,1.0534643,0.2780423,1.7973309,1.8139553,0.098405406,0.1721516,0.44512144,0.039246336,0.3816552,1.5964035,0.63690645,3.6617954,0.01662454,0.04470507,0.17705335,0.40685084,0.1291919,0.39648607,1.0286437,0.3599365,0.45777395,0.14350477,0.26653317,1.1553174,0.9083202,0.8072172,0.38278645,0.022328373,0.98475724,1.8944937,1.1408526,2.9772482,0.6801585,0.0,0.0,0.13066588,1.5812978,0.24198423,0.38711727,0.5537971,0.58599365,0.3580043,1.2010924,0.72587687,0.46003863,0.7380123,0.38377348,4.5881476,0.14526048,0.97744995,1.0231217,0.1552782,0.5601733,1.4141288,1.5274664,1.2563235,0.6705371,1.4534669,1.0892069,0.08801811,0.7943437,3.3395684,0.11584441,0.11072678,0.271606,0.764153,1.6709195,1.5087806,0.44773257,0.57563907,0.0,0.6779321,0.05074648,1.0748562,0.40819758,1.2023938,0.33725995,0.31136855,0.05328486,1.2972193,1.3798631,1.3895378,0.66340846,1.1248316,0.17513904,0.7429975,1.3070831,1.2543398,0.504016,0.07377897,0.6913746,0.9448286,0.57633877,1.5139699,0.20397615,0.5748048,0.9458185,0.18424353,0.2526501,0.13001347,3.1363862,0.61052525,0.6299039,1.2136309,3.1312706,0.39413452,0.273666,0.055938613,0.33644587,2.249353,0.9576075,0.0023623435,0.58596444,2.0210443,0.27492294,0.45119885,0.32416862,0.59214383,0.5152491,0.2604433,0.4845097,1.1242571,0.5284221,2.6795094,0.037556384,0.8355677,0.5881445,2.1120343,0.0,1.8704861,0.037720263,0.1635558,1.5045676,0.846701,0.15294027,1.3086706,0.9790457,0.18173389,0.2550018,2.1004696,0.14210247,0.10498975,0.01528569,1.6834762,0.68307275,0.75447214,1.0204589,0.07606502,0.8447401,0.7810692,2.1158772,0.8306072,0.049877856,0.21467815,0.26093522,0.090071134,0.60888,0.15638077,2.5919592,0.29485506,0.97740334,0.8765534,0.31531888,3.4218254,1.0516489,0.88200516,0.7270165,2.6759825,0.5707262,1.4614733,0.67290264,0.119800866,0.04764022,0.65321326,1.8914704,0.00073486054,0.11071246,1.2021549,0.8387653,0.71233803,0.1149332,0.109377995,0.036987357,1.4042051,0.23442529,1.1673101,0.032304697,0.5423052,0.00032864374,0.7274677,0.42313778,0.017838798,2.108054,2.651913,0.4711861,0.15042554,0.013560221,0.27122036,0.427581,0.3829885,0.021500252,0.093082316,0.38663653,2.223222,0.3083824,0.67801523,0.04548065,0.31228262,0.58695537,0.74534386,0.081095435,0.4101235,1.5688237,0.43615395,2.5108328,0.87502617,0.5577167,1.5631939,0.074915774,1.254798,1.8475673,0.51592255,0.23691937,0.45486188,1.4718541,0.5239123,0.0033214681,0.04309575,0.18812126,1.187825,0.10691261,1.0781345,0.0,1.0982774,0.74745995,2.7693033,0.19404903,0.008432861,0.021378662,0.8089514,0.8434848,0.79231703,0.55750453,0.64882886,3.1342392,0.25175962,0.48420936,0.8963286,1.0257471,0.43115577,0.3597302,0.2192271,0.102991514,0.22221489,0.04843771,all_pothole_images\pothole_images_2_image_346.jpg
0.016501863,2.2258494,0.80581796,1.142023,0.07609993,0.20578226,0.26213086,0.55529374,0.86828196,3.8759832,0.68288374,1.2822672,0.28766513,1.8609828,0.011910081,1.4913458,0.46462852,0.9528863,0.5719956,0.660219,0.3092465,2.122216,1.8797839,2.32427,0.019765284,0.5021438,0.035754513,0.13623722,1.6761247,1.486869,0.14648329,0.3054348,0.1614549,0.2618609,1.6464169,2.5121708,1.9390099,1.3921953,1.2874066,0.5891536,0.038719222,0.47811934,0.14539824,1.9239433,0.2518689,0.09686968,0.8076321,0.4867848,0.18499114,0.022079205,0.95081216,1.2217119,1.3579859,1.3617024,0.0713317,0.61681575,3.0366898,0.74672365,1.0378139,0.8319313,0.05331831,0.5304137,1.5137218,0.67908186,0.05938484,0.83605856,2.3030937,0.39425296,0.61644334,0.78009343,0.35833997,0.54485714,0.29916474,0.0,1.1045886,0.70906764,1.0455327,0.5873425,0.0,4.8179274,0.04613331,0.42677453,0.22331089,2.1315737,1.1685618,1.531127,0.75564605,0.98198354,1.4938219,0.99506843,0.6973972,0.08379526,0.020600172,2.5566275,0.6118867,1.3471359,0.7555064,1.124138,1.6842802,0.6066287,1.4837266,1.0094075,0.018773297,0.2821712,0.52999145,0.9204614,0.33579934,0.043836966,1.3847224,1.0288212,1.6614884,2.883608,0.04226232,0.5161589,0.75101686,0.09096732,1.1267194,0.25394344,0.87799865,0.16149391,1.6600837,2.112928,1.2111593,0.20165978,1.2734851,0.2541677,0.16029501,0.41684914,0.6961412,0.39917818,0.42808342,0.89407337,1.0510188,0.17962871,0.2922439,0.5992266,0.051632583,0.20923075,0.5145943,0.4400348,0.110773414,0.7353523,1.1000661,0.37824115,0.0,0.17035647,0.73899794,1.1003786,1.9126518,0.55385774,0.31223613,0.23095642,0.26431537,0.078702815,3.0066369,0.88520235,0.025730988,1.5797675,0.50277734,0.15883376,1.9525205,0.44472837,0.21582484,2.3790054,0.29773,0.5763084,0.5100972,0.5426535,0.47755393,0.5200859,0.32482722,0.1127768,0.49380752,1.0155847,2.2742953,0.84493566,0.1651192,0.010341729,0.016251508,0.32349893,1.0578481,2.381671,1.0931554,1.7712969,0.46254602,0.61060065,0.033711914,1.6192845,0.40843022,2.7500732,1.7272304,0.5732714,0.9138345,1.4734917,2.1913364,0.19639641,0.3033523,1.2590996,1.3878893,0.8073626,0.339236,1.4696039,0.47002405,0.06986679,0.49991408,0.06522705,1.2260376,0.07027393,1.0143521,0.5874074,0.0,0.34417626,2.8774762,1.1107643,0.05886728,0.09834665,0.45227966,1.5575645,0.51336247,0.9289993,0.35384566,0.6878998,0.08572328,0.92473996,1.2753494,0.0089505,1.6099727,0.17228098,1.1348932,0.012124699,0.12072618,0.16819432,0.37394556,1.6561722,1.3804387,1.2063583,1.0266886,0.13118197,0.04281879,0.45199972,0.068098255,0.31858575,0.46080545,0.8429749,2.4464645,0.061957512,1.7349782,0.0690564,2.0470188,4.341163,0.70075846,2.0596213,0.14007235,0.09149562,0.13159455,0.28760517,4.867226,0.9682282,0.04354298,1.118471,0.32798213,0.42725947,0.21223226,1.5125147,0.23681712,1.9664699,0.49529922,0.89416003,1.3131034,0.26836002,1.4401373,0.79719555,0.06801238,0.875368,0.14601465,0.88070303,0.07192466,0.48328304,0.18784434,0.7861949,0.15314835,0.66524327,0.13675722,0.4791891,1.2341349,0.076398164,1.044549,0.89180607,0.0011292042,0.0016248564,0.39974383,0.041235704,0.0781574,1.620827,6.274386,1.5278529,0.50017,0.942478,1.7728015,0.45277485,0.065903276,0.06061839,0.39576495,0.34305078,4.895759,0.7368586,0.22653638,0.11133041,0.41108206,0.15016377,0.7635479,0.18207441,2.340561,0.2513242,2.003959,0.6459549,0.5801445,0.03029659,1.0587072,0.050152894,1.1302255,0.37884545,0.10230436,0.04742511,0.07584977,0.46712175,1.1355239,0.29991698,1.0959226,1.228622,1.1748111,0.895029,1.8367025,0.0,0.0742526,0.67300904,1.30362,0.07636684,0.008448262,0.025307434,1.5164486,3.2856693,0.8074322,0.5733725,0.5146662,1.0279841,0.035251252,0.43717358,0.0029462995,0.2715063,0.19998893,0.086473726,0.6148158,0.6186826,0.8440534,0.7891778,0.718895,1.3660717,1.0735338,0.19769269,1.3624948,0.1418783,0.13462755,0.26447633,0.02811638,0.5171323,0.21215974,0.01631969,0.61043864,0.5500179,1.4018275,0.34216282,0.95568323,0.24523892,2.341044,2.029437,0.24175403,0.044767477,0.7957416,0.35807005,1.5465732,0.6346988,0.0686266,1.3521565,0.74575794,1.7018282,2.7504988,2.860879,0.3777143,1.3708851,1.2609279,0.21605492,0.34348714,1.6884313,0.26139587,3.2416418,0.6001327,2.236763,2.5267246,0.31287497,2.7734299,2.0573747,0.041063022,0.924767,0.37276116,0.015419047,1.1956818,0.9957292,0.01805207,1.0971278,0.11725633,0.1371122,1.1519302,3.3233862,0.0,0.1016624,0.10955615,1.3997178,0.3532248,0.017162744,0.08136215,0.1557656,2.2472963,2.3008056,0.6224519,1.2824416,0.48550504,0.6492149,0.34137413,0.4809975,0.68305814,1.7204943,0.04745655,1.1410565,0.08168748,2.8161166,0.46702823,0.68710005,4.3339486,1.9049689,1.8398649,0.046387866,0.52382237,0.053034354,0.36129665,0.1863724,1.5629491,0.0021725176,0.19954866,0.10115288,0.4129559,3.7930741,0.8892723,0.049193222,0.93105125,4.412788,1.0068277,0.7884932,1.0271494,0.36036026,0.2113466,0.21164957,0.17296714,0.12628594,1.8646919,1.2756743,0.007282775,0.0004258925,0.03863886,0.40046355,0.2722424,0.36929548,0.94543433,0.43851197,0.00069550186,0.064557895,0.89065844,0.23387422,1.5406774,0.36110726,0.85056585,1.327978,1.0035774,1.0522876,0.81342727,0.64479834,0.3596796,0.27434644,1.019932,0.17270777,0.45781645,0.78085214,0.08140096,0.0037307644,0.014778507,0.16051306,0.6137781,1.1139098,0.21860786,0.3459262,1.7995646,2.4315994,0.12970506,0.3837434,0.3145282,0.57010627,0.047919594,0.8783058,0.32932854,1.4532844,0.5801984,0.34566957,all_pothole_images\pothole_images_2_image_347.jpg
1.0148377,1.4948192,0.48189723,1.744994,0.22525571,0.22787592,0.97468543,0.9072482,0.45623174,0.7893879,0.9108377,1.3687607,0.80992293,2.913677,0.7289627,0.9219206,0.6735324,0.24868807,0.16078174,0.98046297,1.8594514,0.48467845,1.2875618,1.3119026,0.7459799,0.39481547,0.32556638,0.2196826,0.91391397,1.1847502,0.7368793,0.3511832,1.3860018,0.496309,0.1764438,0.93890595,0.66253316,0.18345925,0.6791664,0.8632836,1.3269917,1.1308357,1.6803473,0.3473151,0.5986114,1.9056387,0.5740978,0.55923,2.1479266,1.3599879,0.66856265,0.23879385,1.5898199,0.22162324,0.7807259,2.457264,0.25172415,0.946357,0.02275092,2.5784898,0.30376443,0.8394252,1.0005741,2.6650667,1.3370198,0.26378796,0.92904854,0.34165284,0.06363451,0.714447,1.9493679,1.268858,0.4758085,1.4645756,0.47472504,2.4177947,0.6400326,0.26509959,0.49491426,0.31118047,1.3164841,0.3535617,0.46556073,1.4439173,0.71589357,0.32687572,0.1464153,0.3494321,1.593269,2.162998,0.55767053,0.5180506,1.121348,1.8132621,0.3316821,0.80321866,0.029392306,0.22852683,0.20973428,0.4524122,0.94887626,1.4181976,1.2255465,0.9266135,3.2821054,0.16200918,1.5982661,1.6363364,0.3928271,1.3568203,0.18641469,0.3817355,1.7089086,0.84381384,0.545598,0.6631447,0.72938305,0.17507377,1.4693166,1.6232362,1.6600628,0.12834166,0.5517455,1.0719584,0.4305313,0.14020261,0.60154676,0.6023425,1.0214251,0.060087685,0.56145203,0.6193026,0.434585,1.3108912,1.6686276,1.1088678,0.08106723,2.030366,0.5864203,0.43931222,0.8362511,0.9310949,0.256576,1.4833635,0.71373016,1.5095397,0.72552896,0.030836424,0.2430361,1.05705,0.069094725,0.9580564,0.26756138,0.3776758,0.65550566,1.79994,1.5416144,0.24821188,0.22349237,1.8673322,0.6171338,0.8250265,0.26702282,1.738189,1.095239,1.0953319,0.37864268,1.5847311,2.8906374,0.25509295,1.3287919,0.22772014,0.62675667,0.8506237,0.7816892,0.6159823,3.367685,1.5447588,1.5938559,1.352098,1.1958369,2.138407,1.2779378,0.9835523,1.7906125,0.47890735,1.0273083,1.2520338,0.63812155,1.3223581,0.68006927,1.7357066,0.20106725,1.9876437,1.4235058,1.3858275,0.5975352,1.3250847,1.5954157,0.008861437,0.7142503,2.155431,2.2490952,0.21604063,1.532596,0.4049832,0.5979998,2.2738845,2.0787938,0.90729356,0.44214836,0.14881887,0.15808927,0.6795729,1.7623624,0.14465857,1.0633904,0.49279916,1.9568548,0.42620423,0.54455185,0.17526978,1.3077781,1.1580561,0.9228429,2.31984,0.55634654,1.0542004,1.7461001,1.3564905,1.4909582,0.52133334,0.09089565,1.6170886,0.10987129,0.5539332,0.007026611,0.7129036,0.63481736,0.5237915,1.4370667,0.59023094,0.589342,1.0479579,1.9865354,0.33792153,0.2859193,1.2488647,0.89990324,2.8195589,1.0678624,0.0,1.0577267,0.6759746,1.4219487,0.30370864,0.8452782,0.57372755,1.010042,2.5472574,0.84210765,0.4489239,0.37557587,0.7435848,0.11193212,0.5140134,0.08950866,0.6875137,0.7793355,0.81508917,0.37028784,0.059434343,2.2758355,0.32448798,0.4734132,2.4032173,0.36368766,1.8894874,0.335909,1.0160482,0.69677824,0.94105697,1.4055659,0.19421098,0.92121124,0.49184158,1.1245364,1.995338,1.1560522,0.17421578,1.2861261,1.6078267,1.2315983,1.1245363,1.5505302,0.28497553,1.3395997,0.549392,0.8513062,1.4817512,0.022532955,1.8677317,0.48767185,2.4390066,1.264311,0.80471396,0.8730787,0.2830631,1.7227058,0.557492,0.26365185,0.49081483,3.439265,2.8235323,0.15959285,2.0291631,0.32794166,1.4007345,1.3946507,2.5937052,0.8852563,0.7243543,1.5976018,0.64008343,0.76875037,0.36674017,0.55220574,1.777264,0.7453839,0.23519166,1.9370267,0.299945,0.49451485,2.067004,2.6331024,0.5902474,0.054325774,1.6503285,0.7624004,1.0645382,3.357785,2.3089402,1.0395464,1.2567862,0.39113972,0.093789645,0.91898876,0.6400562,0.8702377,1.4576265,0.72293574,0.5274086,0.079405546,1.1722988,1.0418454,0.6835696,1.9052105,0.9693029,1.0341082,0.3444073,0.9522051,0.3830915,0.57972527,1.201526,0.036698516,0.82900065,1.4047116,1.1074985,0.23927341,2.1888092,0.37401292,0.8461198,0.82565033,1.2724737,0.32468393,0.87644625,1.3163947,1.2519511,0.8877771,3.4181237,0.8970876,0.6072231,0.91877794,0.42979828,2.108485,0.47646904,2.67358,4.143071,0.8129964,2.2736757,0.1274835,0.3788409,0.11419914,0.3910243,0.8509921,1.0215033,0.7917066,1.4761118,2.6407585,0.8368808,1.513222,1.6172476,2.1970494,0.2494196,0.59018636,0.49795258,0.3723161,0.5070514,1.4042296,0.19838373,1.7942063,0.9336526,1.6037267,0.87111366,0.85800666,1.7083287,2.8933945,0.80575716,0.88918006,1.9351667,0.29340065,2.8572023,0.8014126,0.36825827,1.4548773,0.64790785,0.77617794,1.7804738,1.3931338,1.4254819,1.0052139,0.475829,0.12617691,0.7664896,0.8129846,2.2989323,3.2716668,1.0892469,1.2749649,1.3827342,1.4734502,1.850542,1.6292624,0.10007618,1.1241598,0.5420697,0.8787206,1.6406567,0.11842637,0.65478945,0.47371864,0.34814402,0.19802277,2.3578331,0.55900526,0.1404369,3.3925042,1.2410401,0.5978079,0.9428061,0.80871814,1.4709815,1.8871176,3.6966045,1.5544857,0.84800375,0.19150017,1.0162573,1.5710306,1.3003086,1.0239234,0.04190458,0.21887133,1.1363301,2.0941372,0.0050282017,1.9078914,0.9359037,0.054654125,0.3422235,0.98129684,1.0731436,0.68939054,2.0522037,0.52145857,0.33428043,0.68772966,0.42979398,0.43744597,0.52453536,0.80662215,1.4426786,0.36296222,0.1600794,0.24412216,0.061471075,0.18778893,0.25760627,2.6822696,1.0541073,2.0286536,1.3816314,0.9517287,0.74980354,0.5176926,0.90662086,0.038627803,1.0177643,2.5775094,1.3224131,0.17573862,1.6656889,all_pothole_images\pothole_images_2_image_348.jpg
0.114773884,1.5219985,0.5667616,1.5077271,2.4807017,0.97346294,0.57161087,0.12775464,0.3401131,0.35107216,0.9894608,0.17166182,0.97454846,4.59399,0.080779344,0.44788122,0.36775348,0.9730367,0.15546052,1.4711477,0.378905,3.5045555,1.7528174,1.4570287,0.5607341,1.3443732,0.20265105,3.5431542,0.4246745,0.11408879,0.55256015,0.29859018,1.2352277,0.4306191,1.0903686,0.23116384,0.25755894,1.2621093,0.06303014,0.544938,0.112025656,1.2064447,0.16334355,0.10492213,1.444963,0.6418834,0.48971742,0.013764121,0.0907446,0.3403984,2.4048772,1.4421626,1.4495815,1.546065,0.27578416,0.054741498,2.818918,0.82119477,0.16297446,0.22676569,0.41868383,0.95335007,1.7342527,0.91073126,1.0989274,0.85220987,0.15122063,1.1580542,0.993406,0.50027615,0.18923238,0.6250667,1.7235891,0.15213323,0.033012602,3.6514835,0.050688826,0.30531448,0.042832285,0.046847317,0.040036533,1.2764043,0.002693362,0.47179037,2.199892,0.17922544,0.53088564,0.300706,2.55354,0.13602479,0.059374895,2.1314397,1.4217784,3.1621666,0.65814924,0.024858363,0.23362587,0.40972486,2.5764902,1.414302,1.7679623,1.2576647,1.1428902,0.26029518,0.67589855,0.16317707,0.5400235,0.20450167,0.40032965,0.42460865,2.361386,1.5897092,1.0287304,1.0628364,0.26369208,1.9253721,2.2327774,1.527737,1.387239,0.7551768,1.3464243,1.4258189,1.1694579,0.35960433,1.7181976,0.52042925,0.15691707,0.8738783,0.6876915,0.3497162,1.83496,0.05460929,0.918703,1.780172,0.04320964,1.3110539,1.514105,0.79593176,1.9768611,0.1428833,0.29262635,4.2533283,1.1521862,2.0924108,0.7539882,0.61928385,3.1197288,0.677418,0.8126897,1.3586314,0.004884536,0.005435966,0.49568298,0.7747676,1.0838841,0.21938878,0.133059,1.3468992,0.057879813,0.64303386,1.7715715,0.85471296,0.38212386,2.27998,0.87514555,0.85224414,4.6561255,0.88389647,4.756875,0.0533221,1.1564715,0.13741437,2.4534307,0.6622143,1.9937637,1.1327773,0.84664637,0.37333503,1.9446905,0.049686577,0.4959722,0.40957126,1.4414225,0.63616914,0.009710695,1.20894,0.4368472,1.1216855,0.06054851,0.10325643,2.127252,5.7960753,0.06365501,3.9298723,0.3086286,0.13909975,0.046803318,1.1854022,0.0,1.7794576,0.09852003,0.6472783,2.7995808,0.59787685,0.0,0.47701612,0.08388899,0.07771181,0.88611186,1.6481485,1.1240261,0.8111127,2.08904,2.4590056,0.45858002,0.5019791,0.35230014,0.6864579,1.0005853,1.0146607,0.3399904,0.39747012,0.54386955,0.51819754,0.60361046,0.13686629,0.6867783,0.08004282,1.7833117,0.27630275,0.7129535,0.985627,0.2872559,0.84430707,0.63392407,1.0560691,0.23664883,0.6532491,0.21369097,0.2845716,0.5507864,0.38275793,1.9026649,1.386011,0.49109486,0.60766375,0.28832224,0.5708799,0.55982506,0.9029511,4.9065895,0.022804093,0.709133,0.7725947,0.17043237,0.03971119,1.9726837,0.41349703,1.5274676,1.241418,0.8027149,2.8211071,1.2058371,0.53046125,0.1729406,0.12912957,0.73955595,1.1964889,1.6083685,0.50107026,0.4143284,0.7847379,0.3032147,0.020540738,0.57908535,0.44516823,1.5405605,1.9096223,0.26882985,0.43477595,0.27943334,0.39143243,0.2845448,3.43278,4.419857,1.525374,0.95428723,1.2645752,0.374594,0.96773,0.07823944,1.2331454,0.27127168,2.0433254,1.5729581,0.1338391,2.143794,0.71277416,0.17440796,0.53586656,0.11887501,0.59706414,1.4664911,0.57717264,1.7411789,0.0203879,0.36989954,0.23339476,2.2020533,0.20623058,0.6093659,2.536391,1.7205755,1.5875325,1.1818126,1.6517047,0.2503084,1.4952403,0.22459252,0.6080896,0.14835824,1.7307969,0.061645508,2.2254698,0.42979252,1.3714409,0.5243093,1.9653444,1.929324,2.915789,2.3673568,0.1029034,1.3208019,1.8997056,0.57912016,0.67624134,1.5179845,2.2432609,1.1550623,0.77306736,2.227415,3.4485352,2.979775,0.18025017,1.8954265,0.069054246,2.0243635,0.108172625,0.7142312,1.3620932,0.20011134,0.29251334,0.59998256,0.9382402,0.62385565,0.076984756,0.5315535,0.7391337,3.3956532,0.19338654,0.8722061,0.2868108,0.24765186,2.968951,0.122204825,0.02101339,1.8791066,0.01715236,0.3015148,1.9319545,1.5573385,1.6775795,1.5377561,0.5341208,0.10725508,0.8882759,0.42669195,0.4345342,0.974647,1.0790845,0.15303582,0.19598371,0.81640536,2.6985621,1.8109344,0.38571423,1.5403738,1.4872807,1.012992,2.4165385,0.36627176,0.67262423,0.33642083,1.0547674,0.46080932,0.11873213,0.9248539,1.1273882,2.5882125,1.0203624,0.73412484,1.3850894,0.28159207,1.0788002,0.15555643,0.47397232,0.030359847,1.4082494,0.8273245,0.06234608,0.433343,0.8550118,0.35080224,2.283202,0.33934447,1.8303823,0.28284854,2.5357213,0.7807715,0.9324747,1.5429039,0.19245403,2.7012024,1.2911407,0.9480516,1.1528621,0.52753794,3.7657332,2.6378722,0.6166726,0.06472081,1.8425264,0.31795678,1.1999135,0.4238461,1.6483274,0.41274667,0.60179645,1.5139639,1.0344409,3.5042708,0.51759756,0.022077672,0.68312424,0.072382525,2.6628983,3.608701,1.4819107,1.0772688,1.7707843,1.2991254,0.9182077,0.7578169,0.4301715,1.025415,0.31790343,0.6624182,0.08184838,0.31712723,0.0075437236,0.70395285,2.1460714,0.0,0.4455493,1.1404933,0.28515625,1.6661158,0.36689115,2.122507,1.6913688,1.1667821,1.4990555,1.5310547,0.4402918,0.70554286,0.08225283,1.0471069,0.33513913,1.9812737,0.34344319,1.0376083,1.4110484,0.7167211,1.4349042,0.06604072,1.3056992,1.3760581,0.18023312,1.4723018,0.32520792,0.7135969,0.45493406,0.02451556,0.060335625,0.2888283,0.003972718,0.15527064,0.32539538,0.528285,0.20186038,2.3037302,0.72406805,0.6908742,0.39282915,0.7562947,0.8779335,0.13987604,3.666187,0.017935302,3.059893,1.6607821,0.7277416,all_pothole_images\pothole_images_2_image_349.jpg
0.4282682,0.8740008,0.45602506,2.2603931,1.155708,1.0166295,0.73844814,0.16383778,0.5117791,0.35510087,0.38567033,0.38204715,0.63014966,3.9272616,0.33152774,2.9046113,0.0016716408,0.30991477,1.7467648,0.38845226,1.1899565,0.34919778,1.5058295,0.8187412,2.5383835,0.1638229,0.38714638,1.3236061,0.02605824,0.58115715,0.7973147,0.08272432,0.1479715,1.3950211,0.1768924,0.08123697,1.3405128,0.21483721,2.790662,0.69768906,0.2748128,0.022574993,1.1127594,2.0165856,0.18446173,1.2980969,0.73558486,0.064198196,0.20738232,0.0029199799,0.07259307,0.20025691,0.082331814,0.91465837,0.21916005,0.85099596,0.56887203,1.3082479,0.9591507,0.31085008,0.82346916,3.1741447,2.8138041,0.79321754,1.1107928,0.40317956,1.616063,0.48771292,0.20804681,0.35858262,2.1378582,0.29121342,1.6193411,0.28869835,0.6986776,0.14510669,1.5722557,0.3620463,0.009858861,0.62285113,0.4921365,2.3322988,2.2507837,3.3896265,0.09980959,0.63778985,1.0793884,0.68223304,1.2309308,0.69049466,0.70578164,3.3933294,0.86518097,1.0424608,0.26936787,0.37592456,0.5821869,0.03803405,0.0036398277,1.0010996,0.68122715,1.0622574,0.26480848,0.30076414,0.43578556,0.97710305,0.8721232,0.06770431,0.55767345,0.9781294,0.39420196,0.09802111,0.38543263,0.16082479,1.3468124,0.110021256,1.0430492,0.6772306,1.8451676,0.2287131,0.57195896,0.8101884,0.30397063,0.49552009,2.5008588,1.3067826,0.5659294,0.114700586,0.12032005,0.57577115,0.7517004,0.52873963,1.4154928,1.939763,0.4407624,0.58720165,0.73494655,0.80230296,2.2678735,0.9427986,0.082598664,2.2221773,0.1509724,0.23124431,0.97931266,0.83141327,1.5511807,0.021414574,1.0114142,1.014859,0.17457673,0.37895715,3.382716,0.4459503,0.09396395,0.24251436,0.3291769,0.8545238,0.2946064,1.0177335,0.75516623,2.3023822,0.7758043,0.96580267,4.7090693,0.43137825,1.65559,1.028065,0.7521647,2.066341,1.5817072,0.1262703,0.36066067,1.3004609,2.007017,0.020003708,0.8744114,0.9275617,1.043888,0.08190733,0.0,2.7288868,0.04140741,1.0915236,1.3569394,1.7697619,3.7160993,0.012447961,0.3109839,1.313201,0.4645891,1.3200864,0.006161227,0.16463797,1.5634227,0.5211457,1.3809494,2.3138871,1.5308925,0.06968058,0.74846035,1.2713128,0.3725365,0.4138715,1.1429359,0.44845003,0.20719665,0.7389324,2.789727,0.4466409,0.06568022,0.137955,0.3125328,1.0623891,1.5755036,0.07474345,0.02125769,0.32123443,1.2928631,0.29850283,1.5075954,0.303184,0.6089105,0.11530127,0.0023681864,2.4130833,0.06403103,0.6144886,4.9374895,1.009948,0.5503813,2.3979526,0.66991657,1.5392534,0.006566976,0.944075,0.8548094,0.13336283,0.18849398,2.217752,0.13639808,0.43598774,0.26394245,0.4019122,1.6529124,0.03142969,0.8123276,0.48922783,0.41547826,4.05881,0.2499968,0.12155066,0.43287542,0.40024942,0.18927272,1.55371,0.83159775,1.704271,0.37727278,1.7456625,1.5381297,0.9971726,0.27419955,0.6233623,1.3118725,0.04240128,1.6479213,0.95032126,0.59650475,0.5807552,0.04459748,0.5686452,2.867497,1.0959247,0.022386624,0.7576609,0.61896634,1.1869545,1.8824824,0.045202497,1.6557704,2.8820145,1.3826497,0.24091475,0.041711662,1.4351751,0.6213387,1.0859644,1.6234607,1.3329524,0.0880821,0.5316523,1.2797459,0.24261408,1.960881,1.0482457,0.9619787,2.3766205,0.23356974,2.1464355,1.1784179,1.1186222,0.61793476,0.54229975,6.1285005,1.0384873,2.497048,0.17420661,0.66372275,1.6892843,0.03517856,0.7724459,2.8646688,0.87440264,0.9938875,0.06043252,0.39834702,0.32420376,4.387598,0.7808007,0.53102994,0.5788106,0.50925803,0.3969085,1.0945642,0.08194362,0.66921765,0.18486787,0.26616022,0.6206901,1.9743088,0.5169299,1.0485847,0.033674825,0.6178581,0.10976239,1.0301573,0.08622506,0.3999034,1.3143712,0.19958743,1.968801,1.8837423,1.0229306,0.5223359,0.06570333,0.39013076,0.32867467,0.8573093,1.325507,0.10063538,0.4955312,0.46619383,0.0150793055,1.2725781,0.43682152,0.7233999,2.7182019,0.9251776,2.1854808,1.3820597,2.515271,0.2341625,0.426116,0.22649436,0.80454165,0.9997158,0.13892722,0.59686774,1.1116081,0.014364074,0.020561948,0.30067715,2.288245,0.012593242,1.3363551,0.4841511,0.49811342,1.716085,3.931293,1.9369214,0.14565617,1.3813239,0.21884158,2.0645154,0.43987685,2.7385721,0.50839424,3.2317376,2.3693535,0.920196,0.044966545,0.81468326,0.6966653,0.10589758,0.5578635,0.1371883,0.7685184,1.1841133,0.4675648,0.4907958,0.5367734,0.4237422,0.31165498,0.985619,0.058459155,0.07214119,0.8797532,0.6207243,0.10026723,0.6337776,0.024203414,0.20332141,0.1705578,1.3430458,1.5594366,1.2159706,1.32352,0.16535215,0.68301326,0.057777807,0.3635278,0.12941983,1.1550267,1.2820089,1.6280154,1.235576,0.020044409,0.8333553,0.9109845,2.3406742,0.8982388,0.53183043,0.18060455,0.7258658,0.0,0.40508464,0.42252606,0.68355536,1.5156841,1.1214436,3.9085069,1.414186,0.3755201,0.7343451,1.3691326,1.1299493,0.015939267,0.87476796,0.67102563,0.7480221,0.0014060338,1.4921788,1.6316612,0.49501687,1.8340467,2.313575,0.8264079,0.35510463,0.38090134,0.7341388,0.32181308,0.77851593,0.48129886,0.08005183,1.3058659,0.8833565,0.9404661,1.3389587,0.41513062,0.20858751,0.79971,0.18054876,0.047393546,0.7572577,1.0175455,3.9679484,0.1834122,0.18301469,0.07057474,0.28517473,0.39745408,0.50696397,0.37317097,0.49939108,1.6988873,0.53019255,0.65600467,0.9681352,1.7243176,0.94214326,1.4028145,0.40119898,1.0900058,0.036619127,0.053361923,0.5900792,0.000774777,0.23331,0.7576248,0.16001004,1.3017024,2.7195275,0.35203224,1.7468003,1.2595516,0.7355459,0.4751809,0.17501114,0.04663724,0.5664496,1.2139074,all_pothole_images\pothole_images_2_image_35.jpg
0.7010765,0.18442617,0.0292334,0.3494567,0.10467825,0.16896345,0.41112244,1.3941987,1.02144,0.55425954,0.35697812,1.8792984,0.20960115,0.8073596,0.47231665,1.6393057,0.8508185,0.7329998,0.8240517,0.6000669,0.6188891,1.0892348,0.097151674,0.032214943,1.6118009,1.1013483,0.25608194,1.6429894,1.2661312,0.71062064,1.5386683,0.13915168,0.89498425,0.5447673,0.27383375,0.0039664484,0.25504848,0.9950662,2.184813,0.5056473,0.96908927,0.8645971,2.1882682,0.34588647,0.66182107,0.648854,0.25557575,0.051477738,1.2067899,0.042571712,0.20729217,0.9027293,0.4181553,1.6106954,1.1840286,1.1328801,0.67556286,1.0692328,0.15888882,1.5670244,0.43281624,1.7589484,0.0838827,0.03432845,0.7805899,0.64589065,0.118651025,1.2550125,0.77940214,0.35737956,0.9565595,1.8103117,0.5560951,0.05045752,0.72627145,0.14236958,0.79808694,0.040518638,0.32728645,1.5494123,0.40048015,1.3328222,0.73059875,0.8651012,0.75510937,0.09887633,0.4429322,0.8670956,0.53223705,3.1194625,0.43470982,0.6717448,1.1032292,0.010302181,0.8908369,0.16344982,0.5006213,0.3148609,0.16317132,0.11971412,1.7901243,0.9470562,0.7370544,1.6106379,0.93738693,4.619769,1.2551916,2.0589592,0.9497804,0.9423958,0.18153855,0.8488191,0.03616678,0.6323233,1.0116524,0.2801117,0.5201107,1.3038149,0.9903664,0.7756687,0.6664712,0.011672888,0.60709006,0.029910883,1.7882944,0.276499,0.73846215,0.13114107,0.5602911,0.266723,0.7546985,0.7543338,1.3890138,0.22236127,2.1106548,0.74578124,0.7965114,0.90846086,0.009088647,0.7777652,0.036012035,0.23771325,0.10230837,0.13693625,0.93657774,0.15981884,0.4636272,0.485561,0.35586807,0.09931492,1.6688955,0.19146971,0.55534244,0.64391595,0.45669517,0.63324916,0.60457265,0.70373315,0.07731797,0.8847176,1.8209013,1.4643221,1.0146749,0.9650136,1.4136057,0.02904424,0.9195541,0.80325264,1.0551971,0.88315105,0.5363256,1.807455,0.97982633,0.7536473,1.0593554,0.8788438,0.14761484,0.50359046,1.2061639,0.8830297,1.0485862,0.9480734,0.02683576,1.1215103,0.059401836,0.1474744,1.968114,1.5466732,0.3142259,0.41827026,0.17781621,1.3422292,0.71644616,1.9280645,0.2539324,0.3499237,0.5981829,1.2596829,1.0799086,0.24013056,0.7543811,0.093315154,0.38854373,0.39759248,0.38803425,1.4011497,0.09172792,0.3683768,0.1497878,0.054633316,1.1361254,0.054439068,0.7726682,0.2628289,1.8918275,0.34670332,0.21787767,1.0621983,1.1266915,1.108103,0.14810576,0.2729395,0.043990396,0.81568235,0.37365943,1.0254282,0.21372607,0.07920232,0.34526676,0.3267151,1.3906109,0.2718309,0.3471752,0.9081487,0.27884367,1.3996152,1.3399029,0.2328412,1.9517946,0.8743052,0.6466949,0.24684261,0.8609236,0.41501454,0.82141656,0.53243667,0.88244563,0.13661373,0.9195977,0.10055709,0.3200917,0.049380478,1.7802526,0.4071491,1.5469983,0.42350098,0.39434752,0.29709047,0.48932344,0.8212358,0.25677776,0.12408217,0.79983926,1.3984016,2.433086,0.21723613,0.41436097,0.027301753,1.2367665,1.2766123,0.28848913,1.2530113,2.0158675,0.0044571687,0.1741157,0.54853743,0.15115999,1.3663887,0.10160842,0.00525449,0.22043064,0.34538093,0.40823087,0.5079102,0.008511646,0.054375317,0.8967728,1.1220317,0.013387483,0.0,1.2925392,0.4898395,0.55084234,0.17128204,1.2382677,0.5550882,0.0046617757,0.4705335,0.039534792,0.05183139,2.4506571,0.94921243,1.0735122,0.8340019,0.5907457,0.4051318,0.033839915,0.22661847,1.0152231,0.8895485,0.2232028,0.30170456,0.026693583,0.29977146,0.54237187,1.1444765,0.28755048,0.55090386,0.5243349,0.21945797,0.95610857,0.5297209,0.8102473,0.05322078,1.8070222,2.111502,0.11582314,0.46569455,0.0267494,0.9815176,0.37397403,0.0873004,1.1452929,0.8313988,1.8833265,0.07481084,0.7884682,1.1287862,0.12352032,0.7289191,0.97258425,0.12548663,1.1794393,0.18057318,1.9651843,0.21334934,0.9391559,1.9419373,0.10406716,1.7560487,0.23667133,0.73971075,0.22139023,1.7849087,2.061086,0.03303403,0.7614415,0.04806438,1.0097922,0.30582798,2.7337983,1.7948182,0.012041634,1.519193,1.2948514,0.4048104,0.94327307,0.36953408,0.12224429,0.6556443,0.23386632,0.02698061,0.080484405,0.5721329,0.31556708,0.4201843,0.94964164,1.6897178,0.7179827,0.6704436,0.26011106,0.94744194,0.0050215675,1.362237,1.597393,0.08194479,0.5555117,0.77064514,0.077774376,0.5799186,0.04279164,0.016211307,0.614514,0.21030465,0.13119674,2.1282175,1.4533454,0.061965615,2.1793418,0.22432207,0.23258014,0.85270315,1.2509936,1.2515483,1.5323812,1.1662046,0.12328673,0.3559376,0.4687419,0.74518037,0.6692634,0.48631495,0.31875077,0.82860523,0.13115835,0.6386623,1.9714997,1.1374191,0.9659862,1.9763093,0.41927427,0.01959047,0.36119854,2.1987956,0.1375498,0.0,0.24360979,0.09027444,0.54504174,1.2282296,1.2904553,1.1695297,0.1944584,0.15489528,0.28355145,1.5295659,1.6645894,0.9989147,6.5697184,0.9852357,0.050107542,0.764649,0.58338124,2.5986266,0.42951185,0.916177,0.7900388,0.7189662,1.7425586,0.6432532,0.5301824,0.8970785,0.77622753,0.38202745,1.2344812,1.0589031,0.5452616,0.71451724,0.6067831,0.8081867,0.46466804,0.79723513,0.010396703,0.5647055,0.53082055,4.009748,0.9208332,0.62469697,0.009126242,0.31615347,1.1086209,0.8239833,0.032436423,0.4428676,0.13796212,0.042478226,1.9438046,1.0377321,0.1798272,2.4277577,0.099225394,2.3442993,1.0904491,0.22669773,0.96755064,0.058707617,0.991415,0.15057845,0.46396238,0.12037838,0.35329184,0.6934487,0.04460511,0.4407697,0.23651475,0.4780452,0.051804416,1.5944849,0.38622034,1.6482861,0.03874462,0.08599844,1.4188575,0.060911074,0.11931666,0.9084025,0.048980124,1.7653145,0.986778,0.1439107,1.256725,0.9985163,all_pothole_images\pothole_images_2_image_350.jpg
0.3108475,0.28479427,0.64407504,1.2595763,1.5335546,0.1368228,1.645813,0.027950425,1.0737088,1.9289192,0.79095775,0.50561297,0.1167305,1.49342,0.18965437,0.6786832,0.022972306,0.70243144,2.5353026,0.8381911,0.65979826,1.1710863,0.2537975,1.7747992,0.67436105,2.5573668,1.9208179,2.1938188,0.06320817,0.06335385,0.07773491,1.0739257,2.0615745,0.5772055,0.6410451,1.6786368,0.35880163,0.8407398,0.047377825,0.07392537,0.5205607,0.70747405,0.9524768,3.4498928,0.40834007,0.7820051,0.9693212,0.009281649,1.3635876,0.6424886,0.9746026,0.6956006,0.9434068,1.201439,0.29696244,1.3223752,1.6889726,0.12275079,1.3186408,0.0020552855,1.5927042,0.27106825,1.8238189,0.46950334,0.9459137,2.072525,2.2408001,1.1654192,0.13781394,1.2142372,0.028773597,0.17272212,0.21287271,0.29739606,0.9690349,1.1222537,2.0678098,0.18403497,0.07577543,0.32997996,0.18251762,0.19834572,0.99513006,0.6509431,0.51137054,0.370526,0.013291222,0.09269559,1.5580876,0.10530613,0.45706853,0.20772758,0.0,0.0,0.0,0.123541676,1.1320822,3.276602,0.07461435,0.15911561,0.0,2.746438,1.3484432,0.10356806,0.37403682,0.3829552,0.17613932,0.3137556,0.76303774,0.4243753,0.63978255,1.2064285,0.08881324,0.43083915,1.047518,0.03494084,1.1054113,0.14755553,2.8921225,1.40154,3.3000388,1.8529994,0.22579053,3.687544,0.9820069,0.67473507,0.43155533,0.3448174,0.11763745,0.11373559,0.8025615,0.18615806,0.71744394,0.72712564,0.15660818,0.03198594,0.077219576,0.101697505,0.49984524,0.049206212,0.5996873,0.02871816,2.52866,1.7894253,0.51563764,0.65684235,0.1591198,0.0047968053,1.5185552,0.9633291,0.7527641,0.22440599,0.0006227604,0.0052231,3.3274932,0.4223297,2.3015213,0.36372367,0.05877021,1.579074,2.6731582,0.2983933,0.04823909,1.4811656,0.43277273,0.07432035,0.97394675,1.0528877,0.19231345,4.5791006,0.11682561,0.32883748,0.22648811,1.1096387,0.0077962945,0.36432132,0.41144726,0.08506072,1.1408429,0.06750418,0.1576002,3.0591252,2.8067539,2.1511838,0.11020099,2.2890904,1.2182386,0.040168308,1.5006667,2.2681649,0.25434956,0.12555596,0.7449445,1.2473089,0.91892177,1.5675904,1.8025514,0.6537062,0.30152828,0.5405672,0.0047074845,2.0377243,1.178625,0.35951146,0.998094,0.23834251,0.6712632,1.3569912,1.0678886,0.13345754,0.0,0.41894802,0.5696958,0.84623384,0.675795,1.6390063,1.3314552,0.66529644,1.50298,0.41455466,0.24926282,0.6048909,2.1251223,0.5308785,0.0647293,0.4015764,1.7336752,0.9591298,0.7190181,3.2047312,0.19485283,0.53506297,0.28975087,0.17609252,2.5540721,0.0,0.89306885,0.03822755,0.004548631,0.002856738,0.27227938,0.3547669,0.08542777,2.3003192,0.22042155,0.43184826,3.404409,0.19318311,0.46519524,4.1276364,3.461308,0.8615959,0.17471625,0.4701221,0.612345,4.378493,0.7771428,0.2702894,0.9473392,1.078669,0.39818284,0.25366187,1.07665,1.3111538,0.16900471,1.2230953,0.035814952,0.61593306,0.37559572,0.07809191,0.0758886,0.16775446,0.30480015,0.5446861,0.41655883,1.4161206,0.37727806,0.16953461,0.8567473,0.33889037,0.11002318,0.6254892,1.9565862,0.035213582,0.47080657,0.20409666,0.98825365,1.0479802,3.5292542,0.0011578433,0.36993006,0.9436878,0.37524134,0.8103175,0.022605529,0.647636,0.548126,0.87238145,0.3782608,2.0919712,0.11397177,0.8410317,0.6667358,0.032893565,5.1238227,0.6287053,0.18730545,0.80844194,0.09853178,0.8136706,0.7008471,1.1706692,3.5616987,2.1712549,0.27813026,0.5073237,0.7118426,1.0249989,2.785027,0.40830803,0.4963321,0.05158299,0.29164484,0.09382164,1.7320431,0.061422765,1.490735,0.048678756,0.32761547,0.13079843,1.0019343,0.13257645,0.016539825,0.032187816,0.9949677,1.7057496,1.8065599,0.5361582,0.43199247,0.16149445,0.7275586,0.74387413,1.4157811,0.06985827,0.39297912,0.12790428,0.2287015,0.11724782,0.2650495,0.24227364,1.6038,1.1399521,1.9743246,0.050470926,0.039269693,0.75766706,0.51727843,0.61682665,0.8915401,0.05552059,1.3648915,0.23808584,0.36935398,0.06276001,0.2914157,0.69468844,0.6734086,0.08091664,0.79961663,0.80576533,1.0163529,0.7865089,1.5449221,0.74623245,1.4994031,0.83914745,0.6505998,0.0006805,0.44931877,1.2387172,1.3465796,0.077079006,0.836687,0.667617,1.5109605,2.2135832,3.0937824,0.16751191,1.1266972,0.15888666,4.500056,0.088096,1.9900154,1.1138524,0.26971692,0.26460004,1.4745601,1.5164069,1.0860562,0.0,1.4950253,0.48578957,0.14047039,1.4119568,0.14240812,0.50100285,0.3532655,1.9268341,0.17966035,0.47806984,0.8334249,1.3682721,1.0176195,0.60193807,0.15273377,0.504923,0.57832855,0.19854058,0.39529714,0.15478376,0.937123,0.10868734,2.6630797,2.5223548,2.2818272,0.16810277,2.5512307,0.36535215,0.05211143,0.10317313,0.38715407,1.5330664,0.6457764,1.9565986,1.8123941,2.290442,0.5478824,0.9075218,0.061092082,0.0,0.31669867,0.11854328,0.21760048,0.016882734,2.2859058,0.008797923,2.49255,0.30710757,0.7083474,0.74101335,1.9786918,0.27581957,0.27646664,1.2081896,0.4599803,0.51636636,0.6909383,0.6501979,0.11893976,1.0599333,2.345509,0.35039634,2.1264386,0.59302706,0.378011,1.1563624,0.045253184,0.05663119,0.71505797,1.9285729,0.3403337,0.8584649,0.3113927,0.28123677,0.1109073,0.54211426,0.2489842,1.2295694,2.1801412,0.25859854,1.5400115,2.352662,0.58941114,2.1067197,0.0,0.49391407,1.323923,2.5379038,1.0604962,0.48194027,0.07840058,1.8545473,1.7688601,0.73257244,0.20492542,0.0,1.4271065,0.054468967,0.4208701,1.1608477,0.18922198,3.2087164,0.40729764,0.64002746,0.77516764,0.1595627,0.088892244,0.04995129,0.4639111,0.25140658,0.3584175,0.59060156,all_pothole_images\pothole_images_2_image_351.jpg
0.11963426,0.23227644,0.20302778,1.4990225,1.1304443,1.1448278,0.42896035,0.04980318,0.13004747,0.6055911,0.2364468,0.72264844,0.009974062,1.5552365,0.27403146,0.46626756,0.02024167,0.78724706,0.58783793,0.18283354,2.3751209,0.6812632,0.8508764,0.8688975,3.1945057,0.33398488,0.23858307,4.0100837,2.1176314,0.95229185,0.43319327,0.28555423,0.24492124,0.93789655,0.8778577,2.5522938,0.63993275,1.3597922,0.6311639,0.4096601,0.1788058,0.0,0.40562648,1.3761029,0.78069746,0.72749835,0.104173794,0.2653207,1.5390291,1.5177482,2.5271118,0.35648897,1.2203825,0.27566218,0.31617838,1.1321963,1.3974036,0.6493648,0.058868203,0.2293463,0.53738946,0.81400996,1.1305544,1.0001588,0.4812808,1.3415415,0.67213374,0.24632846,0.008438482,0.08104737,1.4227673,0.24439932,0.71642834,1.1521062,1.8852186,0.3008601,0.38743243,1.4532406,0.00030463428,1.067066,0.0,1.1852144,1.4534812,1.6988703,1.1375203,0.9473318,0.6005459,0.1623457,0.7476087,0.722409,0.612531,0.11022007,0.3795925,0.1294892,0.3869813,0.8290757,1.1905,0.86910355,0.49159408,0.7031629,0.822118,3.3642852,0.7796375,0.10813711,0.53988147,0.011126562,0.21101773,0.5491561,0.7834043,0.30553722,0.4283454,1.4893559,0.43495217,0.5420968,1.4534893,0.2484135,0.5220498,0.0,3.7574503,1.5934552,1.922243,0.4850949,0.001051598,0.95037365,2.4673824,0.36028212,1.4800626,0.29177544,1.1019243,0.25311613,0.03807742,0.24370867,0.121715546,0.0026607623,0.07745234,0.77417296,1.0991747,1.8879945,1.2179027,0.008209115,0.31044352,0.93698806,0.227999,0.66852164,0.08634534,1.021612,1.6037366,0.28137788,0.06879211,0.3597494,0.596485,0.6161262,0.2237085,0.082015134,0.45577076,0.76969016,0.21543159,0.35776344,0.68030536,1.7500286,1.771244,0.38431594,0.78520554,1.8048463,0.28160352,1.2321451,2.4681458,0.05566435,2.1675293,2.745199,0.013168814,0.33553824,0.13631785,0.43990976,0.037237998,0.3522039,0.81456304,0.00010642226,0.847974,0.4264817,0.16709645,2.3560073,1.8996017,0.6380096,3.285473,0.46720657,0.6130245,1.4303607,1.0004599,0.19363315,0.08409412,0.19890259,0.56755006,1.6980824,1.1011933,0.870732,1.9653307,0.24246095,1.7348757,0.7848358,0.33297303,1.3083023,0.43213364,2.0114393,0.5726933,0.03671344,0.6841049,0.5820423,1.2864617,1.6491107,0.020923886,0.14284295,0.67736334,0.23110953,2.1843019,1.5002363,1.1039721,0.016613558,1.4354815,0.8387121,1.0584145,0.29200748,0.7489515,0.2784363,0.346994,0.31446385,0.9927829,1.3892273,2.479004,1.6699713,0.038093906,0.03072665,0.56643456,0.17254856,0.28585505,0.33693388,0.4596788,0.15423955,0.088893004,0.8461419,0.19215447,0.3567257,0.49086806,0.5266771,0.0007310799,0.363503,0.05081106,1.0519884,0.21114795,3.854242,1.7840884,0.22010994,0.42806375,0.13221374,0.090782024,1.346388,0.15170175,0.30260614,1.3510255,2.4866922,0.46070176,0.5824359,0.68770176,0.06392657,0.71614313,0.5055242,0.016791765,0.6810751,1.4877619,0.434117,0.26650545,0.11022039,0.3131061,0.29169586,0.2188378,0.13066846,0.5636811,1.3548003,0.21472743,1.0926831,0.49572664,0.098045096,0.09774054,1.29063,1.4441696,0.6153082,1.2221993,0.7328403,0.95573145,0.061075546,0.7886698,0.92454046,0.23697999,1.5104007,0.38057753,0.80422676,0.32169113,0.04723268,0.3807617,3.0085862,0.46780944,0.17941865,0.16665944,0.2645195,3.6197412,0.056447238,0.53069556,0.2353584,0.5055605,0.2295104,0.16222484,1.5786043,1.1916044,3.916596,0.7713576,1.6869774,0.5455524,0.19578083,3.176159,0.2719116,0.15097459,0.33568355,2.2303476,2.4853117,0.68138075,1.2710583,0.34298924,0.6949554,0.9319799,0.115421124,1.6439047,0.7684515,0.037465196,0.00031600049,0.7295622,0.05218301,1.0615051,1.1242197,0.66443044,0.55608594,0.070197135,0.45354047,3.2430491,1.1346822,0.9322823,0.050877165,0.3934208,1.700654,2.0027792,0.66597795,0.72318155,0.74412864,1.3168982,0.5896964,0.05554897,0.5636889,0.22955427,1.0652803,1.7988292,1.5588366,0.12935556,0.68953407,0.6961349,0.19681212,1.9082184,0.078389615,0.9576889,0.71747243,0.55793023,0.026448244,0.15156664,0.5073395,0.28417784,1.1196095,0.11988186,0.58623534,0.034838244,0.728699,1.052668,0.5132806,1.0289624,0.0018238113,0.2196876,1.8688595,2.2153823,1.9482545,1.2281827,0.021275101,0.18499167,1.9901776,1.1635756,0.022946635,0.02622889,1.4001919,0.65567243,0.37514317,0.23936158,0.17905548,0.37348327,1.0059447,0.3460951,1.6942677,0.07811194,0.2864704,0.85743535,0.1141839,0.16889544,1.0445471,0.66494304,0.030001378,0.22191939,0.102339044,0.05586091,1.5791346,0.091738604,0.6817658,1.0348597,0.3534858,0.3445916,0.8906004,1.4791555,1.2292976,0.6626257,0.4638003,1.9275849,0.54895794,0.07324971,1.2596534,0.65134126,0.6109122,0.8930205,0.9847316,0.29477265,0.9314959,3.3486428,1.9470944,1.3287356,1.3214871,0.10900297,1.2639277,1.194328,0.6605465,0.070564434,0.3317519,0.035637278,0.70114696,0.9721077,0.6089178,0.018442208,1.1489404,1.7082342,0.80819064,0.5983544,0.13623671,1.1969024,0.8542178,0.090490095,0.22158699,0.9365496,1.2748657,1.8728065,0.24673137,1.0761684,0.05501414,0.05089393,0.15100746,0.77326494,0.0,0.73840773,0.7209244,0.32409388,0.49906278,0.37836108,0.019711927,0.33755252,0.09300357,1.745519,1.4235017,0.17986847,0.1802126,0.34451178,1.134005,0.057975914,0.7197745,0.09092093,0.022322427,0.153435,0.0,0.40681553,0.0,0.75188804,0.08999075,0.08444206,0.04265148,0.20347553,0.7202729,0.0054691774,0.12003042,1.0461131,0.17405516,0.62602466,4.524311,0.68104404,0.10391935,0.49024716,0.404939,0.78218216,0.02604057,0.6988178,0.9846143,0.47290903,0.5712763,all_pothole_images\pothole_images_2_image_352.jpg
4.610681,5.032127,3.721803,1.1263239,0.51074064,1.5345883,0.93048126,1.4977444,2.313012,0.28720143,0.54946595,1.6163927,0.8044122,0.70410424,0.526864,0.8396217,1.0117593,1.0330086,0.34522292,0.5686222,0.6437065,0.008087823,1.8199754,1.647495,0.0188025,1.4684197,0.59188426,1.1520739,0.9605373,0.14477491,1.5995135,0.4779569,3.1367288,1.7530096,0.28518602,0.020459557,0.47079226,1.295949,3.8044608,0.5413755,0.0011310466,0.35369214,0.8840562,0.15867603,1.5773908,0.83405334,0.18394554,0.62916356,2.5759811,1.2100605,0.25413436,0.5211286,0.92255896,0.005614705,1.5267888,0.8356894,0.86754215,0.32709455,2.5777953,0.5891911,0.90987325,0.54345816,0.17246452,2.4622772,0.7635948,0.14195102,0.28235224,0.85874254,1.2293978,0.26772845,0.57267135,1.1431565,0.7245234,0.09851643,1.9110392,0.653433,0.4697778,0.7912856,1.1247599,0.45528784,2.722742,0.96397924,0.094123624,0.03778545,0.7507086,0.53058946,0.25613776,0.8099481,2.2216985,1.8314506,1.2829857,2.2410777,2.4785242,1.4277862,1.1245382,0.6355427,1.4186691,0.39240676,0.66439474,0.6742655,0.0,1.1452563,0.5976247,1.9153551,1.3727281,0.81663257,0.2518829,2.154366,0.026183331,4.244835,0.42553985,1.7243378,1.6558263,2.2012174,0.004272505,1.1373866,0.67428344,0.2465684,0.039669488,0.17523247,0.65173644,0.30077794,0.10060628,0.14764635,0.007968929,0.4808351,1.1009198,1.4361818,2.4645371,1.5510836,0.30935782,0.4027588,0.22113001,2.8460479,0.8868539,0.38366216,0.028486976,0.4017573,0.43840542,0.1416089,2.9736812,1.5365809,0.7419798,1.7602084,1.1118983,0.27943277,0.65783143,1.1433231,2.960617,0.84673387,1.6890157,1.2104405,0.16065837,1.335998,0.66738063,0.17792994,0.12643789,2.4868348,0.6814375,0.26950866,0.51511127,4.1385274,0.15696827,1.0014151,0.05360154,0.15590082,1.2023525,0.50517327,0.84439,0.24401067,3.6674573,0.6526026,0.5317404,0.57742167,2.0161476,0.113880314,2.885363,0.29267183,0.5749764,0.07393025,0.2810067,0.910547,0.69853246,0.11228412,1.2069346,0.22111604,0.36597663,0.17678891,0.8156137,1.4040184,0.5788833,0.8452197,0.52970475,0.13854471,0.15826578,0.4770987,0.38744664,1.5988598,1.1326803,0.33870977,0.023839189,0.44667765,1.6953489,0.0068385103,0.22131671,3.7138278,1.4152838,1.535718,2.6001632,0.494134,0.71752316,0.4694003,0.7095759,0.6029764,0.8563886,0.39497566,0.1993811,0.12411639,1.2735147,1.2820197,0.59770364,0.33731103,0.5529797,1.9965593,0.011209465,2.3424096,1.7381518,1.127385,0.25866482,0.10023684,7.6922193,0.58894396,0.45310134,0.3378371,1.33664,0.6682742,1.2813177,3.1731284,0.635354,0.1578584,0.30299976,0.01604182,2.602,0.78203213,0.029966444,0.09045562,1.0036302,1.6934026,1.3060639,1.1069242,0.28288126,0.23822364,0.012661669,0.29414737,0.09564348,0.123695955,0.8433513,0.57974625,5.513339,1.0147173,1.0187602,1.2417169,0.2109063,0.1039176,0.08972929,1.2754133,0.3110262,0.7422452,0.2574104,0.5105457,1.5257367,0.128265,0.6236804,0.22821131,1.3539912,2.8915782,0.19113883,0.065673806,0.23182312,1.3538254,0.12791637,0.7236336,0.4456843,2.084583,2.396089,0.46077824,0.10889854,0.5907132,0.6976681,0.46056607,0.4709537,2.319003,1.5949864,0.053865273,0.051510323,0.52360594,0.7610976,0.716828,1.6168443,0.39837635,0.30361813,0.6993955,0.00765593,0.5916711,0.5706607,0.8266885,0.3403382,0.45459637,1.1242592,0.4115678,0.35466048,1.4183987,1.9062907,0.36700445,0.36006597,0.07191194,0.19789171,0.40924096,0.6597303,4.099056,0.09489608,1.3300918,1.0734601,0.36014825,0.3976336,0.6313562,1.6063503,0.642861,2.1056707,0.67278403,2.7924907,0.838753,0.91926914,0.9200925,1.080249,0.00035768413,1.0396608,0.03758022,0.35129407,0.21720225,1.289843,0.027959349,1.5989566,0.7399145,2.937473,0.22122632,0.96904016,0.027621083,0.7605287,0.08534701,0.5201897,0.6460799,0.12402685,1.1972687,4.6296024,0.3100369,3.1287138,1.2498043,0.7555889,0.22853588,0.010960317,0.7912271,0.99674207,0.18825488,1.0109227,0.5696499,3.5636551,3.3257265,1.9609938,1.1932079,3.2685983,0.6171825,1.2331294,0.89608186,2.646396,0.5753294,0.46256778,2.3747435,0.03344606,1.2710423,0.34878373,1.1850103,0.74873275,0.4853077,1.7649698,0.29798362,1.5716599,1.712809,0.1907143,0.33762455,2.2684,3.6571126,0.5025279,0.15282612,0.641075,0.7731314,0.0,2.182642,0.13549687,2.2455251,0.15804513,0.24423847,2.8435352,0.4168704,0.25162423,3.4246747,2.1191974,0.2940849,1.9423839,1.052244,0.26443017,0.7381407,0.21569337,1.6068293,2.4062006,0.5969998,0.7203852,1.6093566,3.6435375,2.2311594,0.45062083,1.7239385,0.10795989,0.29260927,0.07583195,1.0315332,0.2487345,0.61721885,0.17772004,1.6856563,1.3490908,2.2092075,0.60899925,0.18895076,1.536836,0.6380321,1.3977779,0.4025348,0.25894102,0.38285834,0.18645477,0.71302,0.0,0.517203,0.22377303,0.7090559,1.0837048,1.4699684,0.99251175,0.5480456,0.45783427,1.1206551,0.65954626,1.1579123,1.3639424,0.70947015,2.7858968,1.0699226,1.8823229,2.3322423,0.39916044,2.060217,0.51469725,0.33154017,3.112653,3.700364,0.007041026,0.8211338,3.1742814,1.255576,0.22098653,0.17778984,0.17394179,2.366219,2.7760203,0.4094056,0.039431196,0.15464665,0.05579617,0.20112763,0.75762886,2.9944105,0.117963284,0.15621957,2.5651226,0.38635308,1.7797242,0.8119971,0.09207064,0.042869255,2.330398,2.057769,0.7159332,0.48554692,1.7513613,0.21174647,0.9941463,2.5195394,0.96545815,0.032332316,0.20957291,0.11107648,0.4450278,0.23039165,0.32241082,0.10424183,1.6901286,1.0972617,0.6806058,0.89874613,2.6953669,0.6760112,all_pothole_images\pothole_images_2_image_353.jpg
1.7863053,0.6112198,0.09802189,2.2248282,0.59809554,0.68571687,0.47713196,0.04107552,0.16026159,0.62160146,0.26344407,1.1742603,1.587464,0.98041016,0.29701754,0.0,0.41207045,1.6269429,0.48925197,0.017197568,2.1584754,0.1517897,1.2363081,1.561489,1.614142,0.13416106,0.5979394,1.4940368,0.12580273,0.51828283,0.107591815,0.057071056,0.06456665,2.2128677,0.20426859,1.4083542,0.5488209,0.52131814,1.6025808,0.008518484,0.0,0.2734698,0.38566107,1.2477895,0.25825056,0.08903371,1.1896906,1.3318151,0.048158266,1.0432041,0.7440086,0.6055794,0.62916386,0.12845503,0.5411143,0.5533943,0.229817,0.27975792,1.2107403,0.25747618,0.3281516,0.105617784,0.20422658,1.2822791,1.7625748,1.0388905,1.2800671,0.4613256,0.051693615,0.16214432,1.4112698,0.13921438,1.0293934,0.20264238,0.29272598,0.017281968,0.7312841,1.0108322,0.014572275,0.010095581,1.0550046,1.0759356,0.6024437,0.17244321,0.83373195,0.042244423,0.05344452,0.225916,0.36725864,0.5822604,0.9016065,0.12400983,0.8639755,0.14848137,0.7376755,0.3039409,0.98148733,1.0947924,0.35358682,0.54636514,0.14934592,0.40742633,0.78404653,0.4577069,0.82448053,0.68208414,0.033132605,1.3079895,0.2105953,1.3995681,0.39009032,0.07351366,3.4225721,1.5896873,1.2913051,0.37835404,0.011589887,0.19352578,0.5220137,1.3599828,0.6994716,0.22593081,0.49790022,1.065796,0.1743623,0.31035167,1.2113464,1.8004589,0.34051245,0.4158446,0.30634007,0.58740497,0.16389802,0.032294326,0.9785347,1.5386438,1.4564261,0.6837167,0.86413276,0.07231153,0.9838795,0.52944577,1.5611748,0.8548302,0.25517538,1.974232,0.887663,1.890511,0.011422449,0.095171146,1.3663987,2.3994129,0.0048609176,0.0,0.45048344,2.6756697,0.31342965,0.52647865,2.2050822,0.50865924,1.5304643,0.22853574,0.10787263,0.32626435,0.561561,1.1041855,0.47950625,0.075988136,0.2012541,2.569533,0.42842972,0.9705962,0.7029397,0.9225492,0.015296771,2.166091,0.09696862,0.013291387,0.4944844,0.3022272,0.22138335,1.0983429,0.028682785,2.3189905,1.6877469,0.7611567,0.08770752,0.51360846,0.9606225,0.32728526,0.09028744,0.9102923,0.91551703,1.0283076,0.8915274,0.6262002,2.7239003,0.6776785,0.82260776,1.378498,0.3410483,1.1749061,0.022487221,0.03873317,0.06920885,0.49700361,2.7390943,0.001809069,1.84929,2.1027398,0.0008606023,0.722804,0.14434566,0.2738572,2.7211123,0.77781826,1.4612292,0.59766287,1.4200975,0.0,1.9019151,0.1192928,0.3809883,0.38079342,0.04302433,0.0658081,1.2686036,1.999009,3.2910304,0.8030928,0.29469186,0.071003,0.9211407,0.4330097,0.17864579,0.17676336,0.48618028,0.997685,0.9791979,0.36936352,0.0,0.0040928125,1.4558456,0.51717186,0.40010247,0.029166883,0.84328103,0.2586937,2.6785913,4.793936,0.07355497,1.7299993,0.06498583,0.042665005,0.6009505,0.7704726,0.602368,1.4122733,0.041989107,4.052862,0.4431752,1.7209022,0.8608536,0.30876935,0.22151458,0.3392946,1.2840953,0.5865555,5.478191,0.1659556,0.79170114,0.23810902,0.22614384,1.1206845,0.065720454,0.9712135,0.32903567,0.41828692,0.08542205,1.8396292,0.029872255,0.0030717447,0.44757995,0.13581854,0.78064114,0.7805416,0.9357123,0.019270284,2.4866939,0.0026010626,0.07401241,0.44101962,0.3561861,1.1006043,0.18564758,1.3673843,1.1561599,0.017190658,1.4666928,3.656064,0.88353103,0.4441695,0.00029254862,0.0,4.2434793,0.017920787,0.6390904,0.00054706505,0.26699603,0.0,1.4946988,0.55048203,1.3585324,1.2417744,1.2555285,1.501029,0.21350354,1.6206163,2.9737704,0.4233434,0.6690213,0.0,1.5426668,0.5686141,0.09158685,0.22022632,0.5471771,0.0491218,1.2208077,0.045559313,1.2180555,0.91968995,0.2885379,0.49499893,0.0,0.0,3.0386043,0.32027632,0.69613975,0.25661084,0.5751415,0.5520369,1.848086,0.9895969,1.5981171,1.4663743,0.64083153,1.0063977,0.27899057,0.008526804,0.74264944,1.0234487,0.43688482,0.37380424,0.87291116,0.95947903,0.17802843,1.6967723,0.72014576,1.6196011,0.8314187,1.525386,0.8828601,1.4456367,0.0,0.02708885,0.014794894,0.008613352,0.8875748,0.8846248,0.060998574,1.1332711,0.21944836,0.10004406,0.3464669,0.2268412,0.21516126,0.4634985,1.9729902,0.9671237,2.6200736,0.24438052,0.40048352,0.4582043,1.6263461,1.4174241,1.1217248,0.0711058,0.6780485,0.067225434,1.5627578,0.996428,0.64814967,0.2763212,0.017706085,0.80504006,0.27638966,0.4690215,0.37420616,0.3413894,0.029677633,2.9565995,0.12895392,0.008733958,1.0154729,0.032381024,2.1030064,0.3478861,0.5739187,0.40179297,2.1854038,0.42868975,0.21615413,1.3975807,0.6266618,1.9683434,0.2456315,1.4788128,1.4890096,0.005472466,1.6364774,2.467478,0.20954666,1.5175582,1.29211,0.45382705,1.1828351,1.4039378,1.5629071,0.964175,0.036129586,0.19483346,0.49458212,0.35684508,1.2661564,0.58297247,0.10810773,0.3683389,0.0342012,0.9174795,1.0389904,1.600991,0.17671305,0.5380705,0.22483458,0.090431325,0.2934971,0.9317801,0.9039358,1.2547381,2.7211373,1.6015351,1.467264,0.1511411,0.0,0.3732388,1.424312,0.0,0.00080597156,0.5824001,5.1155066,0.30381945,1.4556061,0.51635104,0.545651,0.6213002,0.0,0.011025902,1.3417872,1.5897003,1.1143938,0.17150536,0.007348013,0.030639052,0.9685818,0.07954144,1.6217219,0.71342605,0.005094708,0.41099906,0.3320205,0.5634766,0.4410043,1.5915879,0.31270343,0.14548185,0.0194198,0.044654164,1.3176597,0.005739378,0.12860784,1.1389654,0.25042972,0.42410472,0.053091485,0.60227096,0.2930011,0.23160124,0.1966879,0.38471004,1.6613073,2.5963268,0.105141744,1.8887813,1.8113726,2.3042235,1.5905986,0.06751549,0.124170445,1.7232097,0.077469744,0.085439414,all_pothole_images\pothole_images_2_image_354.jpg
0.14486852,1.570893,2.5538194,0.8088483,0.84554344,0.56907403,1.0276054,0.9796177,0.37572494,1.9091408,0.39279923,2.7387898,2.737479,1.3869859,0.24156758,0.40574428,1.4754364,0.42189166,0.89049387,1.0636244,1.637546,2.942959,0.07302041,0.5136932,0.7798366,0.5670504,1.5149685,0.2450872,0.31983948,0.12402811,0.9119021,1.4586177,0.056692667,2.0733142,1.4473939,0.8078406,3.2852113,1.5389063,2.0577052,0.27565962,0.38867038,0.092895776,1.09742,3.5072563,0.9259701,0.8028984,0.18981224,0.21110232,0.18332227,1.439473,1.4822687,0.12667774,0.061978914,0.5799798,0.04540811,1.5852903,0.49610126,0.20595476,0.2510931,0.7868004,0.44845623,1.4386939,0.51399827,0.019973734,0.25160223,0.1262033,3.0899913,0.9750262,0.09177505,0.3622909,0.23404492,1.0738873,0.12691967,0.30041516,0.6778244,0.44625074,1.3346697,0.28669688,1.5285224,0.15422975,1.1867108,0.24252027,0.038788684,0.38148856,0.739444,1.1826179,0.098475516,0.8956829,1.7061982,0.4683186,1.0867201,0.74331445,1.4214094,1.0244538,1.5628251,0.0078106998,2.0131853,0.9067854,1.1560835,0.8097408,0.56216264,1.43708,0.8005993,0.9501783,0.0046667876,0.357614,0.007246654,0.13171533,0.13325796,0.9659681,0.21416345,2.3924038,0.3935264,0.86174804,0.17124322,0.34285226,0.84762424,0.32321298,2.5302603,1.1558208,0.25827667,0.26060417,0.84863245,0.15736185,0.25814152,0.28390887,0.8172323,0.13825972,2.3868287,0.42513427,1.2582906,2.2662468,0.93292886,0.6342199,1.4297948,1.4914746,0.033150584,0.20419897,0.15739265,0.9081618,3.145669,0.52041787,0.50283813,1.2209699,0.6802971,0.567006,0.25513792,0.05848085,0.44425955,0.47952542,0.7323683,0.83120334,0.1028618,0.012156033,0.47715792,0.07609428,0.17699778,0.37519398,0.41527665,0.92258215,0.95314664,0.19484209,0.25630865,0.7450344,0.05150424,0.6975716,0.84224296,0.52269894,0.65620095,0.18363088,0.3631234,0.0,2.373152,0.62433714,1.3883725,0.25333905,0.26592442,0.15323679,0.2506088,2.4920979,2.4059508,0.12746133,0.98167294,0.91453654,1.3825054,0.5012731,0.4982919,0.15810114,0.6369883,0.14618276,0.22554843,0.7435133,0.238572,0.92266726,0.25502384,1.0406444,0.1024556,1.0748653,1.5756996,0.39152992,0.01470587,0.7830991,0.9344602,2.264031,0.6612209,0.90816635,0.08325061,0.40819985,1.730493,0.2225748,0.1833992,0.66204154,0.5648306,3.3325207,1.0451856,0.42282134,1.0675156,0.094540946,1.0764607,0.8372734,1.2958046,1.1019541,0.9700537,0.448256,0.19195366,0.67541885,0.5969462,0.053187534,1.0888809,0.340803,0.5218305,1.2818301,0.8661377,0.23658466,0.2561886,0.13301684,0.08185543,1.2873327,0.0012841321,0.21995139,0.29980558,0.3400936,0.8209277,0.06667832,0.0894521,0.5981031,0.8147287,0.2617407,0.27501225,1.4041733,0.7604775,0.9579217,0.66207415,0.23152222,0.023543429,1.2728182,1.2104366,0.6548716,0.76693857,1.0048097,0.5971635,1.1070169,3.1844776,0.029414693,0.3295108,0.9947701,0.23591623,0.83041584,0.27448463,0.915463,0.124153115,0.37839666,0.22789967,0.6624801,0.508574,0.24081461,3.6322362,0.054206274,0.93084013,0.7616507,0.6024129,0.45790628,0.07777189,0.14630026,1.6858321,0.37788594,0.6847799,0.34886163,0.91175103,0.80873805,2.3829782,1.6281084,1.1069602,0.14244625,0.13592999,0.039790977,3.3345473,0.7584976,0.6646519,0.9377695,0.28689897,0.42597735,0.08575191,1.9168483,1.1205419,0.73075455,1.2849448,2.0790644,2.3559594,0.16159755,0.29586455,1.1647644,5.935806,0.3538586,0.5608061,1.0749671,0.70495963,0.08574664,0.4584119,0.22174992,0.2243203,0.6712151,0.08814319,0.8279585,0.5952088,0.50481856,0.44454256,0.6443383,1.1953883,0.26159504,0.42339775,1.64033,0.29748896,0.55731505,0.2875124,0.86038655,0.12275912,0.36614266,0.034306075,0.89622074,2.0328264,0.5029696,0.6565765,0.22925532,1.5156412,0.25629315,1.7611885,0.10628828,0.37282708,0.2589103,0.9128306,0.9654407,0.63439673,0.6466123,0.42846158,0.9169933,0.91575223,0.5970235,0.44052723,0.4607439,0.1313432,0.20473588,0.37217897,0.44020423,0.94599164,0.10427746,0.41726318,0.8624258,3.4511113,0.37684417,0.75187314,0.5111402,1.7403053,0.36306128,0.078945674,0.43213445,0.02796588,3.6872835,0.39221916,0.35485294,0.7322152,0.6607231,3.948191,0.99466336,0.7741298,0.88478214,1.8159232,0.8620901,2.3596148,2.2633057,0.6374051,0.25572318,0.59148735,0.6426405,0.4840379,0.33168566,0.4672324,0.0052384697,1.729467,0.28680524,1.039317,0.089691825,1.2729743,0.611517,0.43067503,1.2514257,1.0148208,0.8665617,0.0040127556,0.2786614,1.3611366,1.7398583,0.83934796,2.2044199,0.7370937,0.09142621,0.17471246,0.39537063,0.15193614,1.8511822,0.26992413,1.9197164,0.75540274,1.2430322,0.8174142,0.43246412,0.7534389,3.5806136,0.50786626,0.2604047,0.24100074,0.28595373,2.5855663,0.095549434,2.076435,0.15056725,0.5391289,0.23581645,0.5531719,0.34396163,0.59913415,0.17396027,0.05342218,0.72506,1.3943727,0.23013274,2.7423706,0.010377602,0.35749668,0.13830823,0.41245744,0.66347593,2.0255432,1.5498734,0.62302625,0.41563684,3.2829633,1.7007891,1.2953902,0.18851344,1.2353529,2.5341532,0.9569019,0.12582478,0.5632251,1.1609399,0.054065596,0.058499847,0.48582387,1.366707,0.46655196,0.518264,0.5248593,0.68318737,2.0758708,0.1425297,1.3074484,0.17618214,1.3105458,0.85395116,0.2279278,1.3221003,0.000411732,0.33824646,0.25230414,0.58203655,1.271706,1.3604462,0.71130276,0.0062505533,1.8400128,1.1373428,1.4061376,0.26152644,0.7699779,0.5890772,0.97263896,2.0508595,0.14135277,0.11174803,0.18516563,1.0988872,0.2969411,2.009533,0.5210686,0.1461718,0.081306316,0.053486094,0.74170685,1.4525661,0.5315955,0.72575843,all_pothole_images\pothole_images_2_image_355.jpg
0.2790791,0.8930474,0.0007599259,1.9369749,0.37009764,0.13892637,0.033702806,0.0,0.77270335,0.26783183,0.2289823,0.117872275,0.55072373,0.03206009,0.1292028,0.27873808,0.15463781,0.8845861,0.13192838,0.014919885,0.6838567,0.00061581616,0.28363982,0.25520325,0.21039368,0.05427881,0.05703846,0.82069445,0.31049848,0.073539905,0.07146599,1.2022288,0.04575261,0.29786354,0.055975802,0.23343557,0.33406213,0.038803063,0.52253896,0.0016817417,0.98265165,1.4805503,0.061693512,0.265745,0.655639,0.074888684,0.2184646,0.31803164,0.3664181,0.48721588,0.59326434,0.13344675,0.43157324,0.004729828,1.8485826,0.049081326,1.3398945,0.850916,0.36383158,0.36252367,0.0,0.59796274,0.23210837,0.83748764,0.79958546,1.0425109,0.78023654,0.0041681556,0.13041355,0.26903138,0.76968795,0.1363443,0.75551945,1.5023452,0.7683716,0.0020293458,0.024381382,0.6761007,0.32037985,0.25102532,0.023129733,0.34770194,1.1103773,1.1504996,0.14948988,0.0,0.24893464,0.0,0.46212164,0.33714667,0.42388347,0.77003896,0.4912501,0.80521494,1.1445562,0.0,1.0463307,1.3576581,0.015100497,0.3844282,0.012055639,0.10972473,0.51187515,0.1690647,2.6373956,0.036900967,1.1044999,0.436253,0.29675794,0.9058266,0.0601058,0.16089664,0.7381448,0.058505543,0.017365495,0.4100795,0.45443767,0.06785585,2.3934157,0.036894035,0.2628308,0.0,0.48414263,0.5020645,0.35624668,0.61715674,0.0023590317,0.71388835,0.9184016,0.021700604,0.023974251,0.13321838,0.051851764,0.0,0.06500006,0.18653585,0.08825716,0.09153296,0.005172005,0.000672094,0.2303861,0.000949624,1.4217715,0.00107689,0.0034192414,0.7710439,0.07319525,0.7631543,0.09469602,0.18079007,0.18156518,0.9899376,0.15300533,0.3118558,0.16337503,0.90596676,0.08139791,0.013919034,2.024189,0.893116,0.40657407,0.92929673,0.10519023,0.0,0.5885354,0.07368337,0.8027363,0.0052754683,1.0677432,1.255921,0.1424467,1.1599022,0.019538088,0.0,0.21190016,0.68392116,0.93357193,0.00028865066,1.3988781,0.26873994,0.00093534077,0.1915422,0.93583685,0.43551832,2.7799149,0.2774415,0.05041703,0.59195477,0.55939955,0.15624252,0.0029831196,0.045084782,0.9348174,0.775363,0.16109197,0.0032830848,1.4176621,0.02789663,1.4529375,0.17907852,0.1006595,0.33524868,0.14105976,0.26261812,0.27073273,0.2898026,0.28253883,0.4050265,1.7206106,2.1311018,0.0007161901,0.64269245,0.04420095,0.07210909,0.7188461,0.3990072,0.29357523,0.07293413,1.4260281,0.3937588,0.862979,0.12708865,0.124654755,0.22714965,0.102088705,0.013560662,0.5815691,0.78630245,2.6393883,0.36083633,0.17935866,0.0,0.45643127,0.050773066,0.29650226,0.16735779,0.9887513,0.0,0.04773201,0.69431,0.41971552,0.078547716,0.9752275,0.75550246,0.0019203625,0.0,1.1037904,0.034181807,1.3247912,4.007405,0.1930254,0.55892384,0.147876,0.09361783,0.2682466,0.0,0.47933316,0.4565042,0.44972897,2.0508904,0.0,0.17218718,0.068193115,1.3688401,1.0216196,0.37864333,0.4347194,0.5814499,1.930913,0.19697304,0.8839987,0.012103404,0.7308825,0.0,0.35744137,2.189129,0.42330772,0.70266366,0.046448573,0.025359688,0.018325377,0.31929314,0.08491142,0.063744046,0.20652843,0.45229712,0.24777626,0.004627901,0.020706408,0.21036984,0.29203084,0.4736308,0.15286787,1.0447394,0.0026661623,0.122857206,0.120556764,0.63661504,0.17399825,1.8733988,0.35640627,0.20756137,0.31349418,0.0,2.4629593,0.044275172,0.39184257,0.048190594,0.15553708,0.34766465,0.7326492,1.2023433,1.8626094,1.3523836,0.10809565,1.3373424,0.24425031,1.7282892,4.389793,0.5662649,0.015602712,0.4044786,0.085354365,0.26807827,0.077271596,0.0,0.80197513,0.0,0.08207792,0.017197412,2.6450286,0.6716344,0.21631318,0.2673119,0.0,0.0,3.940622,0.28221014,0.5845091,0.5358701,0.115380004,0.052049275,2.69833,2.7071476,0.8476383,0.0035649599,0.12701313,0.9731,0.40219945,0.19833545,0.029583065,0.82806545,0.06892795,0.003027208,0.16028494,0.48612282,0.057722934,0.73231673,0.0070110112,1.3170893,0.2129658,0.27155676,1.3698323,0.48434275,0.091919325,0.3728133,0.20726359,0.1742041,0.109949306,0.04859575,0.3092166,0.6111318,0.038085528,0.050758112,0.3646355,0.55768025,0.3876058,0.27332187,0.64429826,0.13938633,0.28476092,0.015678057,0.24856088,0.22025594,0.88681495,0.41296965,0.11281313,0.14229777,0.047474112,0.016799321,0.019558715,0.5893226,0.21751407,0.12612276,0.011744799,0.057403117,0.41170654,0.09273087,1.4389663,0.15238723,0.09297079,0.71838146,0.274227,0.0,0.504976,0.0,0.24720466,0.22207333,0.2753324,0.04793513,0.53028023,0.7069019,0.50070673,0.10645368,0.015985806,0.107356966,1.3791374,0.27591106,1.0048703,0.27146226,0.6246135,0.681495,0.0052678077,0.43811944,0.17277083,0.0,0.195097,0.11977985,0.24636342,1.1500943,0.3432798,0.12862371,0.57582325,0.06561169,0.001144434,1.0639435,0.34335926,0.2695045,0.12253266,0.84307283,0.7013179,0.30778897,0.39529982,0.03868784,0.28379098,0.0569578,0.19515657,0.32694054,0.09349465,0.12711947,2.9487062,0.17104453,0.03423011,0.013193486,0.15236796,1.0588222,0.0,0.0007790738,0.0015893645,1.4072502,0.68500394,0.06781283,2.904016,0.0067497906,1.0091501,0.0,0.73439944,0.02246882,2.2473586,0.5660267,0.42994007,0.026687227,0.2799769,0.026283346,0.34318185,0.6881281,0.1470946,0.7150737,0.080529466,0.28668883,0.029238813,0.49278507,0.5950925,0.3577562,0.47478053,0.004088508,0.22852881,0.16995221,0.34233963,0.25176352,0.08288092,0.48381463,0.0032156957,0.1869108,0.0,0.042552143,0.016378814,0.008151722,0.2207581,0.0044483677,0.16334274,3.2026684,0.37573737,0.7760232,0.8633502,3.8952212,1.1956367,0.7350465,0.28939542,1.7107064,0.0,0.055921767,all_pothole_images\pothole_images_2_image_356.jpg
1.1877553,2.1757882,0.46294302,1.3938041,0.08445632,0.42765674,0.70253706,0.255733,0.9227908,0.36057642,0.34541655,0.42960745,0.8538773,1.2669239,0.13823648,0.57886094,0.65235186,0.052632038,0.5225643,0.61763203,0.77953035,0.21974322,1.1132336,2.0287936,0.035772044,0.258225,0.049274113,0.13053764,0.5603644,0.4449093,1.3471891,0.13654797,0.9582935,1.3552263,1.9935243,0.8097049,1.3246394,0.24934731,1.9840993,0.62729484,0.047703505,0.23150389,0.8323456,0.6038269,0.31555712,0.42815024,0.18845287,0.08438223,0.699932,0.36815006,1.8775173,0.77724266,0.9083857,0.07805835,0.8009813,0.41601092,2.2438507,0.67020184,2.61579,0.091704875,0.370707,0.110584065,0.69538003,0.711322,1.1290748,0.2349846,2.5552268,0.42046115,2.4126327,0.010614311,0.8354491,0.5086381,0.13489151,0.03158662,0.8308285,0.40686494,0.49151057,0.83909494,0.08218078,0.5181931,0.026783029,1.0765622,0.23191093,2.5360997,1.7014451,1.0088634,0.3434999,0.19257388,1.7261415,0.45560563,1.2883084,0.4712715,0.35716507,1.8222967,0.38852826,0.42038423,1.1011022,1.3020275,0.8142315,0.928016,0.9915223,1.1933483,0.43344083,0.897789,1.1994218,3.9235168,0.5480615,0.4618017,0.7230899,0.95592195,0.4085326,0.7008331,0.84349245,2.5561452,0.33544505,0.07640602,1.9956317,0.32114676,3.2697644,1.5213221,0.49313015,0.91474444,0.41066998,0.65575397,1.7375312,0.32305118,0.45229906,1.2916139,1.7289124,0.23909697,1.1576594,0.26269135,0.027417367,0.04535421,0.6099076,1.9981741,0.11419691,0.6660665,0.052864004,0.3008291,0.0027289935,2.2223775,0.73327124,0.55342215,0.0,0.799982,0.16732934,1.8547292,0.06131098,0.5549828,0.81027627,0.6709684,0.33872882,0.0,1.4954926,1.0608622,1.9149181,0.5547679,0.9580788,0.08040792,0.62621087,1.2599766,0.21064886,1.347873,1.5248954,0.18766607,1.0286698,0.004761098,0.5794882,0.58934885,0.49374852,0.005416507,0.75219536,0.0,1.6509966,0.54298955,0.39637595,0.010185255,0.002025747,0.0642374,0.6889807,0.9742456,0.4015644,2.9763756,0.6684886,0.5635866,0.19957156,0.75295925,0.8564327,0.77716076,0.31173182,1.4030459,0.964536,1.1714723,1.2945474,0.19598003,1.0198458,0.8705773,0.38243678,0.12385556,0.3412733,1.0259638,0.16356717,0.10373828,0.770226,0.33383965,1.0263096,0.003655595,1.6766912,0.7859558,0.077348955,1.0936596,1.1790271,1.6314582,1.4972605,0.37493852,2.3649714,0.020515667,1.4806012,0.610341,0.74734247,0.9372451,2.001317,1.1593314,0.23790099,0.063775696,1.703139,0.3826617,0.5699209,0.2018345,0.059816487,0.1500088,1.885603,0.65487194,1.2217494,0.503604,1.9340156,0.09691236,0.50442815,1.4743053,0.99438757,0.31364796,0.46919778,0.57823867,0.1420751,0.0042417026,1.1193111,0.29808456,1.4335694,3.0686028,0.65146595,1.382753,0.12375611,0.31729606,0.0033349115,0.008274892,1.3356441,0.22093305,0.20304288,2.1857722,0.0066312808,0.22021689,1.1753466,0.8546982,1.3757203,1.4291532,0.18237807,0.040105563,3.339434,0.34993565,0.7628777,0.30684292,0.1251143,0.12205707,0.40984228,1.3271176,2.7185013,0.3592685,1.6913799,0.65401995,0.19325377,0.19040687,0.1502259,0.79025406,0.45073915,0.09412018,0.51508206,0.9501069,0.40168348,0.15102752,1.523591,0.023203727,0.31379625,1.1987088,1.0908533,1.4081461,0.39264134,0.08358389,0.6104717,0.69365007,0.9009728,0.35126573,0.6392843,0.06032178,2.4087915,0.08575622,0.74700904,0.13411814,0.07855549,0.05596025,0.49108925,1.0782036,2.1371505,0.20871179,0.012432814,0.9014257,0.05232119,1.0740933,0.81763536,0.3093013,2.947521,0.14082332,0.30831137,0.30039105,0.7840336,0.6484258,0.07301923,0.49344152,1.3800709,0.9294734,1.3592265,0.021557514,0.14350909,0.0,0.016470805,0.7370684,1.144345,0.080508195,0.46477896,0.39357328,0.13692309,0.8692455,1.5975528,0.40071782,1.1334952,0.63909405,0.73450595,0.07009289,0.13959008,2.037781,0.04700842,0.83186144,0.1995987,0.6015872,0.6261606,0.07978863,1.1229663,1.3621831,0.35626438,0.6387914,1.2283244,0.7558712,1.2138641,0.43933833,0.0,0.5770766,1.1302881,0.15364733,0.5642598,0.8845103,0.78562146,1.581418,0.8290704,0.43425205,0.8680355,0.18681252,0.26625758,0.376739,0.14004728,0.71922594,0.51492625,0.585889,0.37979132,1.0163031,0.58862305,0.17540538,1.3407384,0.2936149,0.2520769,1.9407661,0.11584581,2.6482034,0.5570982,0.08793294,0.0012520597,0.82927907,1.1070279,1.825587,1.5661852,0.59803057,0.84426564,0.5559222,0.91579247,1.1702718,0.88316536,0.0014319094,2.726177,1.3883837,0.00056596386,0.5975777,0.2797067,0.5863703,0.21509387,0.8119728,0.007450589,0.11975191,1.9566936,0.40762454,0.60930705,0.6551864,0.42014122,1.2697103,0.41552195,2.951752,1.2097048,0.55594075,1.0391067,0.9082532,0.17096815,1.7813,0.16359492,0.7484378,0.13139081,0.43333805,0.022916032,3.6750605,2.019344,0.4161838,0.5382849,1.9172765,0.37238213,0.4426033,0.17433232,0.21829689,0.03421889,0.05268363,0.7025047,0.015678648,0.07922102,0.1577952,1.2134162,2.4682517,1.035447,0.5014586,0.2927816,2.2353132,0.8096073,0.055342935,1.048457,1.3811702,0.5161832,0.48881343,0.78159255,0.94765145,0.6018588,0.7729608,0.018520063,0.5078004,0.4195884,0.2218545,0.80197376,0.26824445,1.0278299,0.76369244,0.38828346,0.5106929,0.16574702,0.63812417,0.17352556,1.4529701,0.7102985,1.6469418,1.3106852,0.049827196,0.9175191,1.5811992,0.97577345,0.007854394,0.32135713,0.06261567,0.386298,1.4468105,0.5074661,0.2695566,0.12127513,0.03598974,0.13223413,1.2782041,0.08165458,0.02463198,0.00054270524,5.1079,0.44630647,0.34044647,0.22224498,1.6277136,0.3137644,0.33239013,0.6943464,1.7516333,0.28354836,0.64791465,all_pothole_images\pothole_images_2_image_357.jpg
1.9418974,1.8612037,0.74861234,0.3228867,0.9820756,1.0490855,0.70311743,0.06754587,0.33169118,1.0176606,0.5873812,0.0947027,1.7183754,0.75805926,0.1666382,0.48317885,0.32916462,0.008372125,1.7765877,0.4288165,0.93857336,2.5728555,0.5209018,2.2434053,0.44881603,0.42245436,0.03871955,1.2023338,0.24962293,1.6047373,0.104615755,0.12321544,1.149831,0.20565702,0.84842044,1.3019799,0.7518443,1.227503,0.35905665,0.92110705,0.0,0.03216665,0.2543221,0.24658251,0.8827592,0.40558413,0.58766305,0.4292212,1.393534,0.99053985,2.7439132,0.685351,1.3773384,0.38842735,0.38146102,0.7776219,2.502002,0.12564856,1.4945793,0.16598646,0.12028092,0.14892371,1.1932248,0.11545596,1.0095919,1.1115913,0.5906466,0.0723656,0.9797916,0.31158814,0.59170073,0.50761425,0.6286963,0.9064555,0.35360503,0.4912994,0.17471743,1.1289637,0.35443673,0.74326104,0.4111758,0.38423553,0.107157014,2.181164,1.5371476,0.7920596,0.1504045,0.5656466,4.086995,0.6121029,0.49765363,0.72453445,0.10902097,0.06001333,0.38956013,0.28720796,0.16160005,1.3774993,2.0442739,0.71625096,0.28825057,1.2532192,0.36786717,0.32536742,0.21283926,0.0846241,0.096736185,0.33274394,0.27475855,0.07266094,0.6771581,2.5112786,0.80771965,0.08769853,0.6497473,1.9441235,1.7093098,0.6467904,1.2869062,0.44342694,1.2216187,0.62887645,1.3593049,0.726085,0.6571044,1.0994352,0.55831665,1.0984269,0.12565678,1.7217458,0.2898995,0.504484,0.02475245,0.60010093,0.16023453,0.38704368,0.52300084,1.3579577,2.2574623,0.4867271,0.84959054,0.67770666,0.11101524,1.9813771,0.18430291,0.19481261,0.11091738,0.0,0.06294993,2.713961,0.7571917,0.6304464,0.54040194,0.26690003,2.3839533,1.4268618,1.5827413,1.1003486,0.9800787,1.0671165,0.37881473,0.029321782,0.34361792,2.5737703,0.37310416,0.20276229,0.23320246,0.51962465,2.6256583,0.33127975,0.78105456,0.02469772,0.35504702,0.4576715,0.6634857,0.100249134,0.5844403,0.044558506,0.035607737,1.0932415,0.7490941,0.3751499,1.0191209,1.308285,2.8672538,1.7183529,0.76364666,0.34037226,0.22286056,1.4494694,1.7980738,0.07834878,0.09929069,1.5621122,0.20513943,0.17018642,0.08887908,0.34830388,0.14519511,1.1333293,1.3908724,0.17667378,0.17283598,0.24175961,0.8613457,1.9918065,0.945674,0.31787184,0.06719956,0.49597898,0.3254809,1.144385,2.5246408,3.5434573,1.1756251,0.951194,0.71488506,0.21831723,0.49844185,0.3392095,0.715884,0.16479436,0.35661256,1.0413141,0.08404535,0.7012793,0.51517,0.7877478,1.5963873,0.051526055,0.100450225,0.83290863,1.3598633,1.3195101,2.2631774,0.20380601,2.2865162,0.0025811929,0.002607549,0.02583704,0.39405316,0.08878714,0.04541725,0.07505043,0.22246628,0.07963516,0.5395282,0.26816744,0.7793439,2.2967,0.63416857,0.03497115,0.22932847,1.6488825,0.5586748,0.113162875,1.3727952,0.3035317,0.3497858,2.1869051,0.12429321,1.2806478,1.2320147,0.77650183,0.53424186,0.8721214,1.0754617,0.5089473,0.95333236,1.4194622,0.6347752,0.45418298,0.14031762,0.27392575,0.35153496,1.0598472,1.4524716,0.02017484,1.0029418,0.4728526,0.31472927,0.27247378,0.15897009,0.11438346,0.5051307,0.7564693,0.18523149,0.7987901,0.16987139,0.07139359,0.17775598,0.11249307,0.0858067,1.5768217,0.48004013,0.42162794,1.5250254,1.278873,0.5740289,2.1633618,0.13895395,0.2807224,0.11852192,0.11365944,3.2776234,0.65332395,0.0044398145,0.96334493,1.254831,0.3126698,0.82511836,0.61472756,3.5813842,1.0295994,0.3128746,0.462071,0.83052176,0.9652682,1.9000129,0.35769546,0.28603032,0.58363193,0.121644184,1.5849488,0.8209915,3.142324,1.2348669,0.18276548,1.9191123,0.19343059,3.9246566,0.9025918,0.0,0.0,0.15768708,0.67586327,1.2277732,0.21776146,0.30712605,0.047684055,0.5211726,0.06570828,0.7304789,0.0,0.29664618,0.6052424,0.5209132,0.5069236,0.15356678,1.2785559,0.19942895,0.48187026,0.027304634,0.94466096,0.22371407,0.042408034,1.4579147,2.76756,1.1988894,2.060533,0.10622722,0.06057636,1.1839665,0.867271,0.032104667,0.6700958,0.29257825,0.4348179,0.32070768,0.42779154,3.0155628,1.1966879,1.1112638,0.015176304,1.5556843,1.2295216,0.5769141,0.27668443,0.67928123,0.26247513,0.23138729,0.047830302,0.71058047,1.4153595,4.0973773,2.7406335,2.1266918,0.029443407,0.5738456,1.8823252,0.46770516,1.9734519,0.3639918,0.67081624,0.57880205,0.02384688,1.6670395,1.1712234,0.4902455,0.44906342,4.6703634,0.44752425,0.4993241,0.91151357,0.91712904,0.005774944,0.38095427,1.0881408,0.5812693,0.114733405,0.8315524,0.8134034,1.1806625,0.34578112,0.22288197,0.21493055,1.6036373,0.4709538,1.0897578,0.072227634,1.5662088,0.33501196,0.17478853,0.020989578,2.2010198,1.2236314,1.834459,1.8602818,0.6100843,0.9229932,0.403322,1.0141443,0.09978374,1.4411125,0.6696809,4.248416,0.9396122,2.3068838,1.2144899,1.2375925,0.7057933,0.20026852,0.35603335,0.6598738,0.35268378,0.5463786,2.286919,1.0922775,0.3946608,1.7661769,0.9576745,0.3417038,1.2300336,0.22891372,1.0870417,2.0782573,0.08146797,0.4756763,0.027908491,0.8736443,1.345811,0.009349855,2.3518834,0.7612107,0.7091212,1.179923,0.29932302,0.29493257,1.9666649,0.5140831,1.6042386,0.8627678,0.18170866,0.84929514,0.86622465,0.40928385,0.0031565917,1.0008677,0.27174693,0.039762177,1.668324,3.4202201,0.22343355,0.23177567,0.058019504,0.094668515,0.95433563,0.02113519,0.26294065,0.53859085,0.92099154,0.43861103,1.3889282,0.0,0.51217264,0.36516622,0.21194173,0.4398587,0.8300153,0.029602489,0.25307631,6.5492654,0.79082394,0.37796667,0.70176965,0.5013056,0.005114699,1.666539,0.72064614,0.26768932,0.30173582,0.3492436,all_pothole_images\pothole_images_2_image_358.jpg
0.6263203,1.3178076,0.020445175,1.7429684,0.07522617,0.7027955,0.24357507,0.28498194,0.8527812,0.4024999,0.97074187,0.7660901,0.14378403,2.4242015,0.08448629,0.2626953,0.5067834,0.17467603,0.16418757,0.02672531,0.0032105327,2.2956018,0.063770056,1.55108,0.53999966,0.3074651,0.04499263,2.6445353,1.5716707,0.24295877,0.34057292,1.5319927,0.70737267,0.0,0.16228853,1.4301438,0.106379315,0.045340527,0.13962263,0.12479122,0.05772388,0.05778505,0.05212964,0.2060323,0.3009247,0.11366698,0.008221774,0.0,2.4956896,0.35198164,0.4074552,0.04295658,2.0311623,0.4819957,1.5049293,1.9232674,2.6250186,0.6159265,0.24687758,2.3738227,0.24052131,0.7311409,2.290215,1.213843,0.36081493,1.5426689,0.115335,1.3941331,0.5833547,0.36482093,1.4524583,1.9281653,0.0,0.44223613,0.8610976,2.5687895,0.09243035,0.9431591,0.118982255,0.3330929,1.2231454,1.3468617,1.9802588e-05,3.6418493,0.043099996,0.5006013,1.0616857,0.034574483,3.8063815,2.2944696,0.30848318,2.7091858,1.5291923,0.69667137,0.0,0.14763822,0.45350456,0.94898534,0.87031287,0.15486926,0.006323082,1.5519527,0.18852377,0.9131175,3.6706548,0.60522646,1.5281494,0.11338708,1.2686723,1.4020525,0.55337054,2.707938,0.91456324,0.13702571,0.22190686,0.18162397,0.9382918,0.6211282,0.28309304,0.60580766,2.8339257,0.36186522,0.07088592,0.8413711,1.1944966,0.75759214,0.59780777,0.17086716,1.1770577,0.98712546,1.4249896,0.064685814,0.26255217,0.9070833,2.0885477,0.0067757885,0.4046799,2.7989078,0.60163236,0.9309789,0.029220385,0.51833904,1.1884761,1.6317506,0.44109654,2.2559469,1.6069046,0.2654543,0.29215893,0.15566297,0.41603407,0.4169478,0.06832642,0.96477413,1.3972368,1.8203809,0.22870648,0.17715909,0.17013933,0.9642501,0.85674435,0.38349327,0.050682504,5.2348366,0.606352,0.4972583,0.90988517,0.62630975,0.9083207,0.18554536,0.7119775,0.012178549,0.3451069,0.7238645,1.4857122,0.028767452,3.2807965,0.07163992,0.0015453349,0.22055501,1.5492998,2.714594,3.6139927,0.33396128,0.69339156,0.3881835,0.977419,0.63570094,2.294626,0.74606574,0.59262055,2.8843315,0.68097395,1.8863325,0.0988288,0.6139547,0.20652342,1.8674347,0.031168932,0.10160071,0.30864522,0.69771916,2.620654,0.49244982,1.890788,0.37732747,0.58564484,0.1823002,0.28192803,0.014141919,0.70893747,0.05772319,1.7066853,0.1187813,0.35831535,0.07736673,0.3442313,0.39245224,1.3027968,0.38374966,1.6996171,0.049127266,1.1734662,0.83996004,0.0,0.17376508,1.6845728,0.15255976,0.59461665,0.8511972,0.092526846,0.105589226,0.20414187,0.4542033,0.27430144,1.0302551,0.61427146,0.2655213,0.0630661,0.64700764,0.03365322,0.8600188,0.029048692,0.0016479266,0.0841615,0.22047152,0.3234801,1.2903159,0.62860113,4.1596546,4.124463,0.037080355,0.6482095,0.45306155,0.38276294,0.12855275,2.7906828,0.005167982,1.770344,0.79633236,0.10292098,0.074940994,0.7573698,0.24046008,0.3140904,0.27473494,0.046136223,0.3884611,0.49744597,0.21111165,0.5395203,0.36301845,2.8986492,0.73973894,2.604615,0.935414,0.24307403,0.5470349,0.021140885,0.89240193,0.33791178,0.113482706,0.31776693,1.6627748,2.0978394,0.38965786,1.6560808,2.7904472,2.1832573,0.60056186,0.0025847,0.97559744,0.0013238724,0.62106353,3.3352873,0.09641989,0.0817172,0.4049308,0.0056669833,0.6745875,0.67353755,1.2519898,0.3781475,1.1921422,1.9982172,0.27263257,0.007850934,0.45267016,1.2110704,0.78128314,0.83811355,0.330791,2.467605,0.36214477,0.14259458,1.3864952,0.08594931,0.23355791,0.592829,1.0930648,0.082171135,0.44912502,1.8599784,0.16428368,0.72111547,0.11547257,0.4783117,0.38290435,1.3413752,0.30618563,1.4162061,0.25793323,0.7511471,0.93689054,2.947268,0.4925478,0.70778143,0.9315005,0.417273,0.79491323,2.335839,2.4381976,0.8266549,0.5637427,0.8837805,0.090295866,0.09427736,0.096567616,0.17024574,1.4707984,0.04204986,1.3564752,0.18880357,0.21788923,1.5258088,0.43233374,0.0702419,1.2678722,0.96731424,0.6951692,0.046795767,0.18614064,0.026091166,2.708827,0.0,0.29930985,1.0516002,1.1944755,0.026801081,1.9571787,1.1917328,0.05438034,0.4541506,0.6656849,1.7991216,0.35225728,0.0,0.24471869,2.0585432,0.914029,0.07494899,0.16336231,1.0092585,0.9419918,3.2616708,1.6422477,0.7110798,4.220939,0.13295624,3.290864,1.9380434,0.097175986,0.25155926,0.6727866,0.1642586,1.7761333,0.00096490665,2.5267153,0.9025483,0.08490766,1.9554718,1.1268198,1.5041875,0.20681371,0.38510466,1.568478,0.42477736,0.16747591,0.90137696,0.1585419,0.4819212,0.08750255,1.4595743,0.010509209,0.5306167,0.9404433,0.76745945,1.0801029,0.06475435,0.6644592,1.7700819,0.09997605,1.6796138,2.1874268,1.57685,1.8037711,0.5667055,0.053032428,0.8436743,2.414702,0.42754012,0.2966527,0.5034659,0.39768836,0.017912263,4.3806467,1.4410446,0.9814148,1.9895606,0.07965928,1.5548525,2.4501915,1.7820203,0.11973162,0.13320519,0.23478033,1.1160241,0.120749764,0.19344378,1.0202806,0.061863013,0.9854403,0.016221786,4.65561,0.5054572,1.4239215,1.7511477,1.5058808,0.08630734,0.072842136,0.1016372,0.098440774,0.6208838,0.37565783,3.3227825,1.867213,0.6497096,0.32480082,0.04213209,1.993658,1.0716699,0.016797109,1.3388053,0.03789288,0.76793236,0.052096006,1.0510211,0.32841688,0.42486322,0.045064438,0.4285665,4.3462534,0.80868864,0.09674791,0.48563182,0.43202007,1.0078002,0.0,0.2665376,0.0018719401,0.0767462,0.22469088,0.042726222,0.0,0.09791136,0.0014713032,0.0005072309,0.009946447,1.5016433,1.4077519,0.07129661,2.8582613,1.9200802,0.5554789,0.5297135,0.12218875,0.0212907,1.969953,3.4509542,0.79025763,0.6966064,0.13908882,all_pothole_images\pothole_images_2_image_359.jpg
1.2280741,2.1095562,0.76205647,0.42452246,0.5212104,0.9720482,0.33650377,0.37354738,0.57000285,0.1558107,1.5370332,0.6629861,0.6353533,0.380657,0.84167135,0.48092994,0.2495886,1.30842,0.27734038,0.60327536,0.15982363,0.6812241,0.034373887,1.0617405,0.8347538,0.95334,0.20892365,1.8777951,0.1671088,0.64089376,2.203609,1.1705871,0.9909911,0.27829495,0.48706475,0.06165153,1.6317475,0.48031935,0.8339512,0.8566063,1.7900406,2.3301473,0.9297141,2.3492541,0.5913933,0.77774125,0.6925941,1.7323925,1.9528129,3.235134,2.8981853,0.19438212,0.86322814,0.3412907,0.7492247,0.42474496,0.14464861,1.6185007,0.17475176,1.7885523,0.66172904,1.7344394,0.2519385,0.35379463,1.1663773,0.8791598,2.1375585,0.9783926,0.21904057,0.7156416,2.005788,0.6176129,0.5510468,0.46336177,0.6533148,1.3753046,0.6234958,0.98131776,0.6515809,0.19718732,1.9877229,1.481994,0.5659098,2.258731,0.9322206,0.6375368,2.206688,1.0870389,2.2207158,2.9554255,1.1654876,1.3552842,0.2400291,0.88351095,0.89992,2.319966,2.1309838,2.8766403,0.45459396,0.36893266,1.436563,0.28577447,1.1612086,1.2524351,0.91583973,1.0929335,0.8272294,0.42607492,1.5731837,1.3440129,0.38634637,0.4037819,0.50655967,0.5314894,2.9538207,1.3997625,1.6934073,0.7410759,0.8678838,0.11545145,1.6968521,1.1569245,0.47048047,0.80862,0.8790423,0.07816942,1.4195302,1.9550301,0.92447567,0.5799194,0.7366807,0.9401677,0.4339676,0.23713154,0.5034607,0.3525223,0.49267438,0.43916848,0.8526764,0.6202485,1.7703751,1.54545,1.0427276,1.0903397,0.26885748,0.46649107,0.36402676,0.23393333,0.73710847,0.3246235,1.0979459,0.92019105,1.8143163,0.30001536,0.81782657,0.24743432,1.3779526,1.6029924,0.57204247,0.2139882,1.3539628,0.08990356,0.67328525,1.8725555,1.7832197,0.5980643,0.9080223,0.93558633,0.51163733,1.4963323,0.7872109,0.23007704,2.6252596,0.06119142,0.4028968,1.3067988,0.5673619,0.35409716,0.78104377,0.6502207,0.35474604,0.13450775,1.1941522,1.5786048,0.983286,0.47434363,2.0096643,0.7722196,0.31508014,0.720828,0.39174944,0.7065746,3.46006,0.85926664,1.2987386,0.12897828,1.4955151,2.0928805,0.7976116,0.1909743,0.6321759,0.5178012,0.48455772,0.38200518,1.2587271,0.52233624,1.5099102,0.64377475,1.0255363,0.7827528,0.252827,0.25222927,0.30233312,0.8469252,1.4582603,0.30081984,1.2048844,1.952746,0.53220326,1.3089861,0.18033805,1.0686468,0.7927501,0.23563153,2.5674021,1.3630145,0.69628954,0.15829621,0.609633,1.3102728,2.0475311,0.38050374,0.7178122,0.66360736,0.21566905,0.59725,0.15977283,0.030424722,0.38321474,2.039277,0.06396604,0.759902,1.8120761,0.04443868,1.0006177,1.4031273,0.5107992,0.19727187,1.4261721,0.60162884,0.50662184,0.6336349,0.014264899,0.18196864,1.2905935,1.510053,1.2718867,0.8240253,0.7299923,0.5704117,1.1508256,0.4468249,1.4267324,1.0524212,1.151706,0.9861323,0.15443876,1.1666101,0.45327175,0.9615732,2.4953456,0.75531095,1.8835806,1.4378566,1.7228968,1.8721194,1.8495088,1.1307858,2.3169918,0.32065696,1.851238,0.7717571,2.0603483,2.1206248,0.32920855,0.32704467,0.22518612,0.7113032,0.6024547,1.6618311,1.4194237,1.165361,0.8153091,0.61307037,0.48869222,0.27948007,2.2071064,0.478611,0.6655197,0.4062681,0.7578603,1.4558215,0.60429734,1.6010122,0.7376206,0.28473574,0.44871038,0.6144099,1.0370791,1.860253,0.18996806,1.9754399,0.8552128,0.03093207,0.24885009,1.67747,0.4900788,0.3902653,0.2823109,0.41669863,1.5934641,0.5943902,0.17021263,0.08836929,0.008367726,0.04845045,0.9977827,0.15571542,1.0160184,0.39689144,2.3978846,1.118226,0.013411846,0.8094551,0.74526983,0.27942696,0.4165587,0.010572207,1.1179861,0.047195423,0.25997874,1.8701218,0.3284344,1.211387,0.37871772,1.0040816,1.0415884,0.42364085,1.9012793,1.5196246,0.7295194,0.5969641,0.633577,0.14070563,0.050571546,0.24840386,0.43246552,0.79295915,0.5610247,1.3110709,0.3317808,1.0736787,1.2654976,0.43101317,1.0931783,0.8274226,1.461227,0.34414747,2.2588363,0.032767493,0.6529263,0.60010356,0.6413771,2.9915254,0.06835653,1.2398608,2.2576592,1.5303619,1.291639,1.3589514,2.1883142,0.33206984,2.3059394,1.817213,0.5952626,1.5196818,1.1240015,0.13721602,0.7217403,0.8899846,0.7276329,1.0125829,0.1519878,0.21211964,0.8684956,0.48621893,0.33746585,0.7268786,0.43503386,1.3141937,0.84540725,0.30056056,0.34502107,0.18121184,2.6636424,0.17005591,1.5880241,2.206558,0.27022627,1.3034475,1.3193692,2.7814841,1.2722547,0.7193741,1.424345,0.25364926,0.8330928,0.26589733,0.5133674,0.3430152,1.4381741,0.44964483,0.6419869,2.229617,0.11509528,0.34111118,1.3292811,0.5157331,1.1416112,1.3864316,0.51206285,0.67267543,1.0883341,0.2278455,1.7681047,0.7885911,2.5406046,2.3200266,0.7857214,2.1574879,0.31297728,1.249944,0.77959085,0.23593143,0.9581862,0.36090076,2.030288,0.23329769,0.026157264,0.5336045,1.7189785,0.5284802,1.883516,1.1431723,0.887315,1.5299187,2.3218868,0.79474324,1.1455591,0.71001077,0.5483039,0.33714756,0.76146597,1.1156013,1.1397492,0.45810178,0.31398576,0.1405041,1.3704077,0.6440193,0.8706928,0.8361669,0.9535991,0.15603402,0.039526805,0.38828984,0.21460247,0.52331007,0.52241516,1.2855984,0.6602288,0.115888484,1.1459844,1.8984957,2.9069207,0.616141,0.66288984,0.5673757,0.9794389,0.51963204,0.40105096,0.49329546,0.94211274,3.160366,0.5279018,0.03386348,0.58096296,0.3661518,0.6569069,0.69057375,0.044109523,0.5722846,0.14460014,1.4387031,1.3895861,0.66790193,1.2273546,0.58671963,1.5135379,0.38858604,0.28429326,0.74846756,all_pothole_images\pothole_images_2_image_36.jpg
3.789159,2.0585337,0.10414246,0.38243407,1.037619,2.519819,0.12064115,0.1023539,0.98364663,0.5389773,0.14003944,0.3467279,0.56359714,1.424084,0.7990786,0.20410985,0.30841345,0.2720128,0.037507,1.7063799,1.3300467,3.2436519,0.38171902,0.79807055,1.0298566,0.30000716,0.7067437,0.28303623,0.45486507,0.8716006,0.24116246,0.7635369,1.0868589,0.18849929,0.2480547,0.21970154,0.68944174,0.6507969,0.36433402,0.39214298,0.26197517,0.99077934,0.2202786,0.2064156,1.3916315,0.31893685,0.3636219,0.3704357,0.6312399,0.20877571,1.4072331,1.7045033,0.66026366,0.6969203,0.0,0.22985461,0.06379796,0.17064705,0.11411267,0.26001158,0.16744214,0.31064922,2.8102987,0.913172,1.346741,0.35159367,0.6905798,0.016162911,0.4553709,0.14631703,0.3116824,0.25934744,0.0,1.1772356,0.0,0.9831999,1.0742197,0.84141725,0.09868349,0.24936391,1.4935315,0.98004025,0.1762948,0.58680224,0.02177705,1.2434311,0.28834048,0.049188748,0.7359222,0.0881056,0.2061545,0.31144083,0.51222646,2.4128478,1.4309781,0.1373447,1.2434509,0.0094147995,0.10294739,0.5095043,0.07756549,0.4751721,0.8895491,0.08891796,0.036060665,1.6411328,0.16925535,0.11667625,0.1846069,0.39517096,0.020534191,0.92881155,3.5563872,0.03659728,0.16847296,2.862613,2.8764791,1.2900158,0.02807166,0.78755295,0.30313113,1.3054323,2.9783087,1.2244184,0.08530477,0.030502873,0.023167063,0.5101032,1.5718156,1.2087264,1.8895236,0.3479183,1.9208789,0.3185405,0.5165294,2.4347668,0.9042408,0.16175915,4.3612046,0.20594232,1.6336493,0.3932075,0.47592738,3.477465,1.9055157,0.25350717,0.8291568,0.21549082,0.42303595,0.8377488,0.46405277,0.95558614,0.78748786,0.95839167,1.134198,2.4280841,0.20351571,1.1087401,0.6200551,0.91693753,0.78418636,0.30525503,0.4832239,0.6694074,0.29092774,0.5223632,1.8457171,3.3134594,0.7050921,0.35580036,0.8837642,0.0015670146,0.79091924,1.977077,0.17955305,1.0957696,4.031625,0.8316417,0.21808122,2.0526264,0.060068067,0.038065586,2.3178868,0.08588856,2.340934,0.02045346,1.753622,0.7346635,0.70209795,0.06746023,2.5203123,0.13044189,1.3032163,0.004853932,0.9265453,0.3467257,0.3622776,0.21346846,0.65142834,1.5179704,0.0024252206,1.9569571,1.4024074,1.112194,1.0238637,2.5481694,0.2209814,0.5510492,1.3833355,0.2282933,0.3738051,0.3878844,1.0718488,2.676546,0.25165066,0.015582118,0.68175584,0.5043659,1.2700994,0.033943918,0.39903495,1.2696403,1.2183325,0.259911,0.0,0.2760883,1.2164336,0.0660535,3.3136923,0.5559529,1.1341217,0.61716926,0.41983464,0.41245195,0.24512395,0.18850955,1.5716112,0.37125307,0.5225935,0.05348824,1.308022,0.2511782,0.45436507,0.021658197,0.021538481,0.090183415,1.4639444,0.4474485,0.43047294,1.1402277,0.4115617,0.101079226,0.91529167,1.9877746,0.23000725,0.3700354,1.4981304,0.60462946,0.32936952,0.5795506,1.2804476,4.8229375,0.5336995,0.5749215,0.4993232,0.04102095,0.24352968,0.34011677,3.2125878,3.538188,0.22221173,0.32169652,0.6131021,0.5241441,0.24325758,0.53236496,0.32067195,1.0593839,2.7660434,0.04207324,0.47983113,0.23526734,0.8663156,0.31359085,1.6011691,0.23741402,1.6173241,1.6249214,0.65757596,1.7318263,0.10404267,1.1765007,0.94391763,0.08740035,0.06391655,1.5412732,1.2037969,1.2845047,0.31402242,0.71694916,0.9843929,1.2704546,0.014687721,0.49748424,4.314438,0.21178538,0.061609704,1.6328697,0.52641714,0.0030655432,0.72016424,0.8802865,3.0225592,1.680949,0.83678585,0.29481182,0.71968967,0.3947036,0.34984237,0.6870584,0.016726369,0.0847723,1.9588333,1.754742,0.21128732,0.17512575,2.9704046,1.9779905,0.3323319,2.670112,6.8631315,0.9023542,0.006126605,1.5941701,0.11639571,2.0461903,2.7309752,0.5565671,0.45596516,0.11651611,0.00557563,2.2383697,1.965773,0.20248897,0.17929608,0.15543737,0.06605224,0.3278359,2.2738433,1.2113094,0.024631377,0.26786464,0.00060795026,0.04505597,2.0389464,0.44266728,1.5938513,1.0842611,0.21230625,1.6225983,1.7121711,0.48736423,0.03221383,0.48656425,0.16230263,0.34812284,0.8799351,2.4069803,0.7524935,0.07597022,0.69313216,0.2248105,0.95035,0.16729942,0.21231067,0.24437779,0.055596165,1.2118611,1.5845217,0.6687412,0.07688654,0.2344472,0.30686876,1.6699626,3.099555,0.09984339,2.944625,0.54809314,0.38916492,0.42882475,0.07104118,0.039658483,0.16570415,0.16549186,0.9540181,0.006693652,0.0028913023,0.96783096,0.50348186,0.21896133,2.8501225,1.0762343,0.059552137,0.79626775,1.144232,0.18195592,1.248836,0.056679558,1.4280707,1.0794629,0.3081141,0.64355135,0.6653243,0.43823826,0.74724704,0.51301444,0.061432213,1.4092373,0.11316468,0.107988276,0.44997358,0.41034442,0.6074701,0.100394264,0.7313271,0.830063,0.25994986,7.854767,0.4325367,0.67717344,0.03266834,1.0582837,0.27408564,0.2419542,0.13613479,0.6832174,0.34166297,0.643381,0.43073717,0.868212,0.99301845,0.32930067,0.56648016,0.43871117,0.49709195,4.3033414,3.8076575,1.1193701,0.6080191,0.43212807,0.54979956,0.37747356,0.21903893,0.68259585,0.19703409,0.060333364,0.64557886,0.0,0.29808682,0.07128756,2.1577654,1.572639,0.61675465,0.30658385,0.7710199,0.09528697,0.08025378,0.1184091,0.013645097,0.19539595,0.1803618,0.7854267,1.0535614,0.08832391,0.5920255,0.0,0.98391956,0.84549725,0.46882838,1.2115533,0.11873942,1.6311994,0.07142564,0.35781175,0.11013338,0.36417845,0.082469344,0.58885944,0.1207418,0.636206,0.82527626,0.39938137,0.6059611,0.89449376,0.23734699,0.034321077,0.5514344,0.28645936,0.009234204,0.056460984,0.44368947,0.6851573,0.95356417,0.69481874,0.8663154,0.73211575,0.49547365,0.22246781,0.62171257,1.2815999,0.27688196,0.13411713,all_pothole_images\pothole_images_2_image_360.jpg
0.12632486,0.026630072,0.7392756,2.6668797,0.19258527,0.012646239,1.1523588,0.46988302,2.0513167,0.4034414,0.6876814,1.075529,0.19340223,0.8629088,0.0062107197,0.6637385,0.40077123,1.8375748,3.3381138,0.35130525,0.31128722,0.0233606,0.44593507,0.07832648,0.563739,0.23186247,0.2368282,1.1087371,0.0993099,0.049829967,0.011873092,0.18056624,0.14215697,0.8513382,0.19675618,1.6315706,0.063893355,1.5422766,2.097741,0.0427777,0.0095399935,0.46606046,0.779657,1.12061,0.1490715,0.68228036,0.5520979,0.1651097,0.0,0.93676203,0.4983466,0.78167,0.00083567423,0.22139081,0.8909762,0.82419026,0.14907257,0.14973876,2.5886705,0.6099225,1.2773712,0.28749973,0.017568117,0.06596328,1.6148051,2.4476962,2.1561964,0.20767704,0.3660637,0.27281246,0.84563977,0.07521452,0.027248615,0.021228937,0.30555397,0.0,1.2885671,0.0819158,1.3517923,0.8410786,0.00044046616,0.2404002,0.8534256,0.6531177,0.21453498,0.8575799,0.41671994,0.44218457,0.030362885,0.2176466,0.4462794,0.35763144,0.010374469,0.37426916,1.8156768,0.26330265,1.5520864,2.108419,0.105960734,0.84243447,0.7766351,0.7459947,0.21709153,0.9596118,0.97687924,0.17999537,0.29735237,0.112910524,0.0,0.16680393,0.016303942,0.14707206,0.26423422,0.08778136,0.19524704,0.02001949,0.0,0.18886822,2.4455607,1.6305401,0.2383589,0.0,1.1081859,0.70882064,0.74313134,0.7100917,0.9829237,0.6791019,0.32354242,0.27167305,0.8087714,0.77327114,2.6940513,0.0,0.08957367,1.2058123,1.8532621,0.064389005,0.073516525,0.24794587,0.64591545,0.15060024,0.36194202,0.009510189,0.7756882,0.4720314,1.3610094,0.7259351,0.057273667,0.28280067,0.6432027,1.999307,0.1395687,0.020109497,0.6352662,0.7294699,0.42530224,0.0,0.60234976,0.051162675,0.6566354,2.0139744,0.14615713,0.14966655,0.3102444,0.0,0.06243801,0.07698199,0.0049568256,3.2822652,0.25236967,0.19330674,0.0010928183,0.57154536,0.66981196,1.060943,0.052028935,0.025933024,0.87891984,0.5625467,0.7581177,1.1620617,0.009522349,2.8091393,0.5412861,1.0414261,0.30654988,0.6580104,0.019764835,1.1577523,0.13646348,0.6728933,0.34815955,0.23577915,0.9659961,0.3008938,2.5444257,0.6665478,1.3044026,0.17957033,0.83140856,0.40895823,0.036148883,0.26798463,0.15445209,0.23998053,1.256975,0.3074434,2.9341292,1.6874741,0.2093799,0.5736201,0.4336783,0.15382461,1.692508,1.0939628,0.6492748,0.16467424,0.5681954,0.85688704,0.36353076,1.3402635,0.08440364,0.59987396,0.001164749,0.25661048,0.49130693,0.18421838,1.3323288,0.73531574,0.42181522,0.4939217,1.2069361,0.08882618,0.07722178,0.1485926,0.44023302,0.28747243,0.041989032,1.4000409,0.04203881,1.0057764,0.22808084,2.1790397,0.007923513,0.0,0.8023248,0.2523886,1.7934644,3.5483267,2.2299795,0.1610916,0.0,0.63707924,0.013142145,2.159517,0.009614024,0.63423955,0.08406518,1.7384616,1.2304965,0.22045001,0.6371405,0.15313162,1.1304362,0.6981688,0.6274575,0.025800033,1.8381091,0.8917306,0.08416574,0.6548553,1.0398599,0.26987946,0.124362774,1.1353201,0.2255096,0.034017492,0.53135484,0.43711275,0.10086764,0.7739802,0.06535447,0.101795524,0.025642317,1.4633209,0.8539966,0.27050003,0.6642967,0.08577803,0.01130438,0.04997678,0.24005315,0.20555204,1.0813744,0.2241532,0.085494265,0.51031566,0.32224953,3.4564333,1.7309399,1.7684008,0.77895725,0.018301316,2.729812,0.08997708,1.447726,0.8653059,0.04772946,1.3105983,1.0407608,0.12623653,2.8447623,0.9039034,1.1037004,1.5821958,0.13914953,0.94231975,3.2902377,0.0008024762,1.5493912,0.07009388,0.8151423,0.271388,0.5876223,0.7022926,0.29084504,0.0,0.18165204,0.03381166,0.6834817,0.19096453,1.0219544,0.9751642,0.7648588,0.48662886,2.1697218,1.4441183,0.79138243,0.029450348,0.07288743,0.016862882,1.7424334,2.4105132,1.2016646,1.6553209,0.16100149,0.9672653,0.8205119,0.72307557,0.016714456,0.17201898,0.035539888,0.00018823128,0.0048514646,1.0631416,0.35436165,2.4621634,0.058339786,1.0260396,1.5925565,2.2864702,1.1021302,0.1322405,0.66332173,0.072546415,1.2296677,0.7931491,0.3638202,0.32901508,1.0073218,0.4755,1.1211686,0.32286027,0.0,0.35213104,0.023404282,0.336091,0.5615021,0.30696794,1.5819917,0.73438513,0.8644549,0.8198457,0.17203377,0.005939092,1.091282,0.3911493,0.23082475,1.4998993,0.89202356,0.05128896,0.18944702,2.0153916,0.06945428,0.10382625,1.7078441,0.030758366,1.5043867,0.006132854,0.4565675,0.14268544,0.018488452,0.4590545,1.918442,0.005438678,0.7462133,1.0127357,0.3473786,0.0,0.6776546,0.024311751,0.19772387,0.9757336,0.0,0.22865741,0.24039587,0.3329689,0.69506645,0.10543224,0.6362918,0.9769967,0.0,0.88984025,0.025004348,0.028830508,0.32042027,0.19839619,0.0,0.040275775,0.03628227,0.17905828,0.1798302,1.2734717,0.5146792,0.19070956,0.3098348,0.03522088,0.0042391797,0.3122309,0.9171636,0.095451266,0.17653067,0.22522451,0.79551464,0.0,0.35330465,0.116104804,0.18212801,1.2288824,3.2876718,0.561168,1.767944,0.29216084,0.102208875,1.235827,0.0041680485,0.005212921,0.48463532,0.94971216,2.1414952,0.37859002,0.95094585,0.019650351,0.17623633,0.7357243,1.3999304,0.15697692,0.09961424,0.72277254,0.25780913,0.9829891,0.010152163,1.4256812,0.34989858,0.011739561,1.1377405,0.4193149,0.62527734,0.07148519,0.41645026,0.015233878,0.8860128,0.10173945,0.9940964,0.18431288,0.07454714,0.47312045,0.9351354,0.06905995,1.8443509,1.9277916,0.10108569,0.45805708,0.23048683,0.01714826,0.007125302,0.46038187,0.06940368,0.4990478,0.53317904,2.4215667,0.19140415,0.105541654,0.6978913,1.0725267,1.5903429,0.1927405,0.37568888,0.34834212,1.4678868e-05,0.025689682,all_pothole_images\pothole_images_2_image_361.jpg
0.06006285,0.7913308,0.09067014,1.4483085,1.563546,0.30758983,0.2975332,0.0,0.801901,0.9109475,1.7100123,0.97078425,0.49563372,0.9076244,0.22932898,0.980777,0.22258803,1.1442165,1.0772692,0.14647105,0.52751034,1.2286745,0.088337176,0.7910188,0.71716714,1.0281384,0.3503093,1.5117246,0.06454029,0.3434484,0.4761579,0.11366871,1.755769,0.8703761,0.5329576,3.4110534,0.2128745,0.4275177,0.69291437,0.09822067,0.5142936,0.11380552,0.096916735,0.35259327,0.1926692,0.09761831,0.115783885,0.27020338,1.5567476,1.0292348,0.2069972,0.3741104,0.18505666,0.4130434,0.063849196,2.0020669,1.6097361,0.20726745,1.0492485,0.0770049,0.37646738,0.367882,0.035934865,0.19541098,0.96702325,1.0138549,0.019807898,0.012980538,1.543321,0.6124011,0.09266817,0.43498057,0.10759829,0.09879405,0.07201108,0.26493677,0.5099126,0.82138777,0.70105547,0.5930593,0.016421122,0.09847286,0.12323451,0.9024177,0.098384865,0.3747184,0.31443742,0.05673023,2.2952724,0.9577292,0.94134295,0.50607055,0.38998416,0.9144918,0.036701534,0.025092674,0.50953895,0.98484564,0.36358413,0.6501549,1.8463224,2.6554458,0.030659782,0.40243724,1.5788871,0.05964127,0.4307153,0.16606976,0.21042995,0.3273021,0.019538952,0.6079503,0.2303485,0.34345284,0.21542455,0.8992236,2.9958906,0.67789006,2.680842,0.41074377,1.2376883,0.086367115,0.42017886,0.16351359,0.046086665,1.0173866,0.20381723,1.0199132,0.3606256,0.15271679,1.1007282,0.007531715,0.5459455,0.02790271,0.46540254,0.88890123,1.5698951,0.6350602,0.43842596,0.04287861,0.021152632,1.4847025,0.13249546,0.29003194,0.15803212,0.73483837,1.5078427,0.050776947,2.9189079,0.7911555,0.7393184,0.5109599,0.15045187,0.23434098,1.1018876,1.3968527,1.9940499,0.09870898,0.58066356,0.099936076,0.48844427,1.1067827,0.27829334,2.1583457,0.080610655,0.73206747,1.2253003,0.42312095,1.2654358,1.2421678,0.24499597,1.0946254,0.30564946,2.2762408,0.43913436,0.0,0.34822696,0.19435006,0.33398807,0.3450383,0.39769518,1.6925889,1.7131599,0.84103733,3.1346834,0.5192291,0.6387695,2.8808203,0.41867274,0.41314447,0.11512944,2.353859,0.06783769,1.6156387,0.46435502,0.19718905,1.5143194,1.1528033,0.5531327,0.21083689,0.45405668,0.91750103,0.7144975,0.33952478,2.481965,0.23951803,0.9821743,0.43912014,0.39395246,0.13335434,0.00637908,0.1801917,2.1787457,0.0014823915,2.8359914,0.40320325,0.1192278,0.05504885,0.10725619,0.34284356,0.15702775,0.5568495,0.8735466,0.124162726,0.10307491,0.09167893,0.78105193,0.09404947,2.3181126,0.30945954,0.0,0.090347715,1.7521837,0.27321234,0.11487624,0.5520327,2.2040365,0.0,0.3981174,0.36837044,0.18150374,0.3607999,0.5566788,0.15304062,0.7355555,0.12980849,0.49672168,0.15046076,0.8466849,4.048012,0.9174523,0.5030759,0.9032613,0.22904478,0.8861199,0.46803936,0.14027537,1.9035431,0.13421819,0.7640588,0.8064314,0.07071752,0.15344304,1.3514674,0.6768471,0.26829287,1.7554003,0.10271429,1.7985129,0.47533563,0.3847298,0.22672667,0.09737349,0.72367024,1.1787175,0.84994817,1.3116318,0.10048056,1.442422,1.2416028,0.78825814,0.24237835,1.0575093,0.12073933,0.17302561,2.0030053,0.19671594,0.25939867,1.8306357,1.3118731,0.1802973,0.026739074,0.23528284,2.3823178,1.9597267,0.10523031,0.19681092,1.2543304,1.017783,0.83632874,0.9036851,1.9598335,0.2700542,0.30618393,3.3780985,0.16865414,0.19738631,0.22488225,1.386286,0.31002182,0.48929766,0.5329615,3.218966,2.3057804,0.15060952,0.08244325,0.2078996,0.13754962,3.705816,0.23449606,1.2389523,0.056989025,0.21760716,0.84481895,0.45138112,0.40713578,0.36104956,0.021850176,0.20310365,0.0044116634,3.784309,0.749396,0.55672175,0.38454843,0.49137586,0.058222525,0.19383837,0.48075923,0.17151758,0.17250545,0.31217653,0.16521595,1.5539474,0.9676398,0.122658186,0.3960528,0.03190988,0.08277322,1.0654932,0.8089789,0.08702567,0.88346267,0.005528308,0.38178164,0.3404974,0.015931657,0.24643119,1.3459331,2.6952555,0.3607103,0.048389766,0.34309852,1.445547,0.7937678,0.14637686,0.2935128,1.6777999,0.39829922,0.18412,0.57915646,2.1120074,0.45312032,1.2657641,0.11432346,0.76724255,0.8859978,0.03373191,0.13214794,0.04870891,0.116340734,1.0003487,0.2042183,0.10681559,1.2297709,2.246039,0.3006867,1.0222892,0.0,0.30590445,1.2938851,0.7030919,1.5617609,0.0019685957,0.00743905,0.22076774,0.2706668,0.70783263,0.5848844,1.377685,0.22911425,2.4681635,1.2217127,0.8515728,0.035106774,0.3139569,0.004764015,0.15542014,1.0992981,0.053835917,0.4544258,0.098565035,0.18511885,0.069637835,0.5225947,0.15075533,0.4081055,0.9789642,0.3564986,0.029285375,0.12381781,1.8826126,0.8347084,0.23785205,1.9165924,1.5318182,0.5708496,1.374236,1.7872716,0.04383911,1.7931753,0.20979932,0.14693281,0.9245204,0.50687647,0.05746667,2.8233044,1.2036034,0.49511853,0.24936256,0.695823,0.9271325,2.0688252,0.15541297,0.12490182,0.13946965,0.3979653,0.5469398,0.13483171,0.041903365,1.4775858,1.841787,0.20690785,0.08721127,0.7713464,0.96121585,0.78824145,0.15703395,0.731707,0.48325393,0.9573178,1.5989339,0.17769834,0.73308545,0.08487437,0.3578724,0.09754006,0.45245224,0.25925133,0.34339994,0.71487993,0.5419567,2.7711177,0.24407327,0.29009035,0.7727919,0.26050884,2.3303576,1.2944294,0.70071286,0.09424782,0.0,2.745195,0.08472356,0.586413,0.20438471,0.27794212,0.21792491,0.028353509,1.8884623,0.6509732,0.5606369,0.36750978,0.29436913,0.28628394,0.14067283,0.045098726,0.085206695,0.04046234,0.48944235,0.18123591,1.2281861,2.974139,0.49316478,0.5358908,0.051301017,1.5404329,0.4735583,0.32912368,0.5237582,0.3968989,0.0859081,1.2882544,all_pothole_images\pothole_images_2_image_362.jpg
0.61525124,0.21942711,0.28174195,0.630176,0.28954035,0.2237961,1.1912856,1.0925947,0.9146861,0.33468437,0.0327176,0.08417439,0.26906884,0.22978567,0.27246234,0.16307963,0.058581304,0.19414574,0.692287,0.006433597,1.1048613,1.3930732,0.24341306,0.0020065415,1.1639678,0.68383944,1.3546673,1.5233357,0.3599958,0.4287857,0.029918209,0.5061027,1.0682485,0.30121166,0.0018811901,1.4442114,0.23448293,1.1463861,0.1670597,1.9119517,0.13457341,0.0022456462,0.37317982,0.6431143,0.51628333,0.53425425,0.352572,0.024085507,0.7077423,3.011492,0.532378,0.44783586,0.029903825,0.38384533,0.43114495,0.82095146,2.840949,0.13303398,0.4395385,0.14896168,0.004725778,0.58112425,0.22084147,0.18719275,0.8931022,2.9471836,0.5119452,0.09985981,0.7083234,0.014409856,0.010566768,0.34574625,0.3733767,0.4014796,0.70719314,0.31300354,0.093778975,0.46532556,0.16283393,0.009036045,0.0071339593,0.0,0.1076878,1.3957672,1.2573005,0.23366274,0.025212647,0.69080466,1.8429403,0.1809507,0.23152758,0.009778966,0.0,0.12646654,0.34462166,0.02277253,0.39555746,0.7088076,1.4135455,0.20776774,0.0031002327,3.1920543,0.36861023,0.16520324,0.11418695,0.0004066471,0.23773837,0.82858616,0.015680265,0.1727266,0.09076438,1.563759,0.88643456,0.08694398,0.090523556,0.35905522,2.380391,0.0,5.541829,0.8156286,0.53230846,0.30977434,0.07965906,1.121167,0.20326528,0.80336607,0.024741702,1.1172255,0.21069548,0.0,0.03854534,0.0016905115,0.02403306,0.089980066,0.0,0.018539993,0.102723405,0.9622284,0.013145665,0.049021132,0.36650836,0.015797695,0.19623362,0.0031442265,0.004170005,0.33896592,0.052274212,0.41233474,0.72198135,0.7274554,0.621081,0.42042878,0.027497604,0.004114896,1.0129715,1.3462654,0.18803266,0.4518034,2.7030756,0.2245097,0.16927843,0.07588228,0.03191545,0.43768036,0.10549288,0.40842468,1.5464882,0.13584721,2.2911818,0.26087505,0.0,0.21718891,0.0039809067,0.05324051,1.1190385,0.0,0.033775248,0.0,0.06129262,0.08310357,0.10500359,2.4661899,2.1593378,1.4592752,0.63630325,0.5705245,0.28630394,0.59782517,0.44641015,0.46089655,0.15973413,0.1575812,0.0034396856,1.7287616,0.026584843,0.3238949,0.1916035,0.24172436,0.21126372,0.03480499,0.35481548,0.06324673,0.049680013,0.58298165,0.413988,0.0037491652,0.45110703,0.8569894,0.80375504,0.36250043,0.0,0.0026013805,0.08094385,1.8468294,0.5559387,1.745187,0.5508647,0.016666412,0.10698236,0.19288445,0.25712642,0.1943709,0.4116635,0.4225095,0.20105533,0.9298669,0.38512,0.34328842,0.5527253,0.7179289,0.6819216,0.0,0.5528357,0.31027743,0.65638304,0.30311558,1.6897066,0.0067895073,0.0,0.046861306,0.7232214,0.34257782,0.004015573,0.4520266,0.15367933,0.0,0.41783383,0.32556626,0.0045406437,2.6279633,3.1222813,0.76261044,1.423556,0.25204924,0.47167563,0.48297843,0.6829875,0.28508276,0.6865807,1.8859993,0.00082295376,0.03240034,0.5896161,1.2992307,1.1848261,0.4356079,0.0,0.38384658,0.1311229,0.21863797,0.115473256,0.0,0.0330714,0.0057098,0.99550796,0.60646874,0.58611864,0.0866563,0.1981198,0.35479474,0.37215358,0.74875766,0.02940679,0.6647658,0.44382885,0.58292997,0.6434502,0.1121461,0.46648127,0.8653358,0.20761813,0.052718434,0.13246177,0.82502353,0.006918618,0.19803666,0.066998556,0.8773107,0.17099899,0.8551489,0.08570193,0.5063781,0.09308068,0.43554828,3.1451502,0.95120215,0.015888488,0.23856793,0.07116402,0.32282135,0.91224545,0.9433902,1.0677462,1.7774346,0.043232955,0.860434,0.1673269,1.7921616,3.1988223,0.17578623,0.089846164,0.011002954,0.057634663,0.2235208,0.15246932,1.9021103,0.27335426,0.004604128,0.05870936,0.03196562,0.65726596,0.65778905,0.037192438,0.0,0.023001492,0.21756856,2.363594,0.5201649,0.0027006536,0.51452506,0.40028423,0.105006754,1.9648514,0.18204685,0.8542202,0.44764912,0.05001966,0.028852116,0.8406151,0.47571754,0.67017615,0.760046,0.11787144,0.13138811,0.17271684,0.10838186,0.39601585,0.85821176,1.1663843,0.73530585,0.0,0.0059895306,0.090592846,0.17172593,0.3048387,0.5047804,0.21999456,0.087822475,0.374952,0.0021994167,1.4464388,0.0,0.94222325,0.0340252,0.70257145,0.29297885,0.99303573,0.3036152,0.25364423,0.026822189,0.098656714,0.013466245,0.42283925,0.2710376,3.0257928,1.6041778,0.50033987,0.0,0.6026361,0.49606314,1.0099564,0.31260642,0.2752084,0.52415437,0.030513534,4.8133024e-05,0.35185435,0.18323322,0.012902537,0.71038526,0.5455697,0.20851366,0.3827283,0.04614366,0.5175698,0.022434736,0.017799158,0.03640803,0.29648927,0.26069468,0.62122333,0.12558126,0.1288388,0.28208315,0.070484996,0.41107488,2.2565453,0.07860229,0.5454171,0.07043784,1.5211356,0.11983539,0.6327029,2.1784263,2.1889875,0.26823178,0.22634812,0.5190661,0.06921481,1.2831621,0.4890268,0.049138427,0.7091559,0.006023995,0.7249024,3.5659,0.9455185,0.17874597,0.1284818,0.9442332,0.05013965,0.058975905,0.06016053,0.9186926,1.5186138,0.121516705,0.88717866,0.19655013,0.03203543,0.15830271,0.45470098,0.716958,0.39099082,0.4818147,1.0309018,1.8977611,0.48818743,0.15880145,0.503332,2.1077101,0.900527,0.027148493,2.4801173,0.32380784,0.718176,0.38639963,0.19071524,0.2835711,1.1916043,0.21212174,0.526996,0.7288427,0.43130842,0.13697773,0.54077756,0.4947543,0.048777897,1.855513,0.0022953723,0.5311892,0.19773999,2.742973,0.49037376,0.1879274,0.033249665,0.0,0.55617404,0.4164723,0.22518134,0.40849817,0.38198042,1.0357417,0.13331372,0.11022076,0.35587427,0.1538826,0.0,0.05189373,0.0013992429,0.07507411,0.08670228,4.5846953,0.6399256,0.047196932,0.10054757,1.503213,0.0,0.24719572,1.4890351,0.40411866,0.3691569,0.3148869,all_pothole_images\pothole_images_2_image_363.jpg
0.8733782,2.8488996,1.4192293,0.91334826,0.48906898,0.6865757,0.33898708,0.019941831,0.19152534,1.0785966,0.43218058,0.0029038729,0.5215164,0.45820153,1.3528821,0.50405115,0.5734185,0.06831045,0.08884799,0.03364548,0.13878596,2.183727,0.43083808,1.0505916,0.023710541,0.4824902,0.05682323,0.6711706,0.38513783,1.343608,1.9636859,0.021662604,0.20688073,0.54123956,0.14205317,0.06676271,0.0050960244,0.38074577,0.12673199,1.5664316,0.19945487,0.26618758,0.026337523,0.5650897,1.1352063,0.08742285,0.078965805,0.11725382,0.81302375,0.17651309,0.056305747,0.258047,1.4414953,0.011483792,0.16646048,0.12036859,0.8810933,0.33444127,0.72334456,0.2836223,0.25731117,1.4298162,0.3759532,0.29797643,0.02544938,0.2647191,0.24493062,0.32922798,0.49193686,0.5053277,0.44386306,0.25740224,0.8959227,0.10774709,0.06840433,2.0209463,0.5122318,0.15332967,0.09210168,0.032551613,0.7314342,0.2954303,0.05041743,0.9942394,0.20102568,0.6603583,0.17384522,0.024815243,4.6819167,0.549971,0.00128104,1.0994214,0.3230109,0.07792501,0.8297628,0.8722459,0.9329314,2.1621587,0.02134383,0.018884422,0.012232444,0.11798247,0.009961059,1.4918652,0.17057762,0.10883835,0.03703392,0.0,0.26638043,0.11883739,0.28196213,3.7758808,0.3671223,0.26291233,0.12040912,0.701792,0.7795535,0.012646265,0.6888205,0.23389645,1.1155585,0.64395887,0.5914468,1.7399687,0.31607768,1.3040528,0.045603156,0.12825978,0.47564867,0.8150546,0.42860684,0.0099305445,0.12410579,0.105884016,0.85863316,0.0003108543,0.034974277,0.22103521,0.77130413,0.020294106,0.27182215,0.57568336,0.0212813,1.002382,0.08694851,1.2145462,0.067178294,0.4191722,0.004099099,1.591094,0.6368137,0.7668566,0.3093278,0.13257666,1.7662935,0.09097207,0.3696667,0.14520068,0.52959085,0.032099474,0.8937686,1.9677081,0.047365848,0.8711177,0.91312015,0.034656014,0.4231043,0.02986068,0.8437712,0.036069486,0.16117267,0.065206066,0.26065385,0.09292092,1.1913352,0.00526516,1.1307505,0.0,0.0988013,0.31950364,0.47141552,0.2938833,2.3429532,1.9408762,2.5487304,0.3299692,0.12849678,0.014701877,0.87162787,1.2460703,0.0,0.4752252,0.0777244,0.8790226,0.6833862,0.17181405,0.38248467,2.1974213,0.009713706,2.4797986,0.066311255,1.3683034,0.45140156,0.35916346,1.9669659,0.76329195,0.47772932,0.12974958,0.57787013,0.59628737,0.48614556,0.4173826,1.6906847,1.684107,0.05002129,0.8185895,0.5536191,0.046362165,1.4932334,0.0011307729,0.40327582,0.3182814,0.26572815,1.3401352,0.38421872,0.22132812,0.34263662,0.36612567,0.12641963,0.30721405,0.24034844,0.23086509,0.1492919,0.7305042,0.39185348,0.47763067,0.4971884,0.19614764,0.37784544,0.021127628,0.32111484,0.020745963,0.040753797,0.0396459,0.039995678,0.030901492,0.7500098,0.15284327,0.805717,4.117895,0.8207486,0.08759229,0.598888,0.019879654,0.33358285,0.14283599,1.3344548,0.0043384857,0.97543794,1.2248999,0.021978369,0.40975246,0.38907486,0.37823415,0.30655992,1.2511467,0.72392356,0.94802815,2.021078,0.4572979,1.0742527,0.4234139,0.5922259,2.212249,0.7481921,1.7303177,0.6837673,0.0955541,0.65161383,0.62516767,0.17280722,0.26891696,0.4665369,0.36840513,1.1092169,0.31251243,0.46805128,1.02989,0.01843921,0.031074049,0.037468135,0.73079795,0.8059074,0.50943196,0.46730897,0.068418495,0.2575947,1.382136,0.37142506,0.5242766,0.27118078,0.82646257,0.18325604,0.2910209,3.1935785,0.7184213,0.10315855,0.31251946,0.18751208,0.036680557,0.024231005,0.769555,6.3645678,0.11504834,0.0,0.8622109,0.43040645,0.49149773,1.0910558,0.02533369,1.1178681,0.18620954,0.086815014,0.40452087,0.1419072,1.0417602,1.1036898,0.61516786,1.4904352,0.34525183,6.0049644,0.46573576,0.008761175,0.09357342,0.12917498,0.16790052,1.8948148,0.084878415,0.7337964,0.0,1.4362674,1.3433726,0.634427,0.8693963,0.61692756,0.36864877,0.03133105,0.06365847,0.25565484,0.7835367,0.020862645,1.9210283,0.02092894,0.11800642,0.1131825,0.57476324,0.26251018,0.22793745,0.63809013,1.4701717,0.0,0.002426645,1.0218003,0.32121438,0.0,0.42875493,0.14383204,0.27528247,0.113609605,0.36867607,0.58222157,0.8055512,0.14890286,0.0,1.2474515,0.45226052,1.6563346,0.2110918,0.47454724,0.6646449,0.506785,0.09817265,1.5286893,0.9420737,4.1309676,0.7725128,0.42253852,0.8688523,0.20126528,5.040523,1.1617126,2.3167574,0.2584324,0.086664334,0.0947158,0.5853044,0.031839784,1.9509056,0.13523205,0.4174033,1.8808388,0.3552165,0.8102422,0.33247578,0.00083105767,0.16632143,0.11425927,0.41923025,0.07323685,0.10626628,0.6325803,0.8843474,0.7290312,0.1889817,0.1337392,0.039141607,1.8073535,0.036422577,0.20490268,0.35830963,0.63196254,0.03371268,1.4084911,1.1279216,1.4120318,0.04751811,1.1802826,0.75936294,0.15554227,0.74372023,0.49167913,0.20310993,0.15821205,0.046614654,0.0036524837,4.4558835,1.5809008,0.41121477,0.44858974,1.0222871,0.17540121,0.061846055,0.1433464,0.35230714,0.06189819,0.03155886,1.0740519,1.3765174,1.3296038,0.902971,1.29427,0.782795,0.6520844,0.4755927,0.6449362,0.7999336,0.71342707,0.9256,0.40253755,0.6164048,0.011794891,0.0034269898,0.7253568,0.61495775,2.203745,0.24789023,0.3052044,0.024609298,0.88492113,1.6418606,0.92207974,0.055568695,0.20582266,0.16043226,0.0204767,0.4019548,0.031426847,0.20600797,0.115131356,0.18535754,0.61704105,1.8129736,0.9180858,0.4125416,0.0026788705,0.3816834,1.8096573,0.28009832,0.742788,0.004685979,0.115741715,2.7022107,0.2401769,0.04920032,0.03300804,0.006406818,0.029058091,0.0027066653,0.72551775,0.0,0.06200007,3.0487702,0.77302784,0.4829895,0.21004164,0.88566995,0.55989486,1.0186098,0.82064015,1.1651479,0.4952637,0.07421013,all_pothole_images\pothole_images_2_image_364.jpg
0.006167603,0.09975253,0.1455606,2.657787,0.39751005,0.09485095,0.15958972,0.03834529,2.2998188,0.016211696,0.16741224,0.21044712,0.090677865,1.4402033,0.13546473,0.5361773,0.73363185,0.6794519,1.8006037,0.10546269,0.18753994,1.4059778,0.31442633,0.26418307,0.64867735,0.011005949,0.0,2.4433951,0.056189846,0.05810279,0.07663215,0.19488041,0.32960728,0.86078876,0.15321921,1.349381,0.07915304,0.23298348,0.66611046,0.00035185434,0.07071484,0.003020127,0.48025453,0.34584212,1.379409,0.008370048,0.24888745,0.0,0.18082988,1.4920894,0.7462637,0.19360499,0.09767755,0.8898116,0.9524423,1.1759298,0.06078294,0.08454525,0.3343478,0.20225607,0.3346156,0.13638306,0.18908204,0.061905675,0.11901156,1.5743492,1.3440217,0.021999527,0.5075129,0.05245932,0.13953273,0.5166123,0.07488468,0.011556748,0.8398199,0.023298224,0.012747611,0.6730952,0.5658125,0.60344535,0.0017875308,0.090693854,0.3305228,1.2001902,0.056740113,0.3117186,0.26270038,0.0097735645,0.43522453,0.84282285,1.1584802,0.102742046,0.041700255,0.99726367,1.7774674,0.0,0.2725121,1.3196675,0.32246074,0.04061161,0.090121105,1.4480338,0.089963086,0.12277247,1.2880958,0.41722012,0.68671167,0.06983882,0.06613302,0.42074743,0.347663,1.1289209,0.07748095,0.5962372,0.2920319,0.0,0.38585797,0.17402661,2.3242614,2.031619,2.9298568,0.1951661,0.06733341,1.2698082,0.78414,1.3427126,0.22078586,0.26230404,0.59687054,0.04917627,0.1821036,0.35026324,0.46693307,0.84642744,0.12844563,0.035151754,0.014878489,0.2669601,0.048807416,0.064537585,0.26782766,0.15211153,0.06535979,0.0,0.42722943,0.54477537,0.0,0.4822852,0.1302758,0.6862829,0.020704824,0.88954926,0.16104904,0.5425615,1.203315,0.38012287,0.2803492,0.42117697,0.023838822,0.26858065,1.2000606,1.9262029,0.02760648,0.15771087,0.07530432,0.19357397,0.6600829,0.02094122,1.3814688,4.9276195,0.17468926,0.07094119,0.030078653,0.03467321,0.68115956,0.8752625,0.2878931,0.002895841,0.09642075,0.38745996,0.053349115,1.7762184,0.85011244,0.67633086,0.30087137,1.263428,0.65545094,1.0856681,0.5631511,0.4614053,0.015837723,0.8152059,0.47378504,0.5536671,0.04945161,0.0061568515,1.9743124,0.5225012,0.93217504,0.06633702,0.31485176,0.925628,1.2074314,0.5368001,1.8954215,0.45729077,0.24491256,0.010512778,1.8715924,0.3820781,0.06577428,0.052021444,0.05359842,0.028383669,1.9200282,1.9486719,0.35886222,0.6044245,1.3659711,1.2475072,0.16812809,1.7029067,0.69423276,0.93412906,0.06741002,0.059770115,0.8006225,0.13580976,3.481256,0.05212222,0.04972949,0.010732332,0.394958,0.27887356,0.9664528,0.3042223,1.2305113,0.08422594,0.2177098,0.4869123,0.32014203,0.51123184,0.43727154,1.5658394,0.06041324,0.06942791,0.30135912,0.05166143,0.15425685,3.538007,3.4603667,0.08047519,0.35385454,0.017883383,0.3656188,0.016634936,0.51012903,0.2807348,0.45328498,0.21983576,0.11993988,0.3737722,1.2265172,0.4329466,0.06702709,0.5363025,0.7478725,0.020942984,0.5645173,0.28921974,0.06864542,0.0006361241,0.3621914,0.076934926,0.22477253,1.7113365,0.0,0.0007096103,0.1313183,0.21832901,0.35298848,0.6676558,0.13529682,1.0370927,0.51093507,0.19330569,0.24821682,0.116024084,0.15936016,0.1196841,0.075076215,0.26161003,0.068548135,0.74619734,0.109717384,0.41677594,0.037073474,1.302995,0.5847721,3.0469656,1.0882164,0.14882475,0.23475444,0.09998867,2.4072433,0.011353856,1.4531084,0.4160233,0.604069,0.20008843,0.94310963,0.22233546,3.8998444,2.72428,0.62519467,0.9573434,0.0,0.31213483,2.350688,0.65006983,0.85926956,0.2484944,0.40022686,0.1416302,0.6003417,0.19075465,0.37674233,0.004049867,0.0,0.0,1.2117319,0.07609229,0.32048512,0.055029064,0.09866181,0.14755486,1.4899551,1.3962322,0.71466357,0.18641771,0.6623622,0.24366596,3.2308667,0.55664134,1.680779,0.74693334,0.58138084,0.0,0.012198438,0.89948297,0.031671017,0.42316008,0.0,0.729156,0.3461708,0.7728794,0.04489897,1.6355603,0.78553075,0.2160464,0.10633383,0.47657666,1.0859026,0.03952937,0.17027712,0.3127407,0.85879856,0.22491424,0.61293644,0.690483,1.9469312,0.077642396,0.4538849,0.01185234,0.011074662,0.070223786,0.017136175,0.12005812,0.5586624,0.088286445,0.0,0.23121136,0.49041533,0.9220618,1.4931145,0.16793811,0.12227001,0.9763905,0.21424745,0.6840556,0.492339,0.0355012,0.8046537,1.1227906,0.025936026,0.69852877,1.3059504,0.68890893,1.3537086,0.022590712,3.1510797,0.16174434,0.4221273,0.12159416,0.057081625,0.20007782,0.5088998,0.4539716,0.36717978,0.014517939,0.5922018,0.3984227,0.5707116,0.087031,0.1869035,0.039939966,0.17152978,0.7064362,0.29887742,0.13665739,0.49255708,0.23449378,0.0052253054,0.75956964,0.5930994,0.1500836,0.125102,0.009542359,0.062302977,0.3658212,1.3894229,0.28435427,0.34901163,0.23382905,0.3751848,2.9967387,1.962966,0.076994024,0.17035897,0.048511267,0.104139425,0.023558889,0.3477017,0.09101391,0.5648839,0.116684094,0.7116802,0.86551666,0.0022792085,1.4256476,3.1882405,0.2514181,0.7892027,0.71145475,1.1279125,1.560015,0.0,0.1989527,0.06360702,3.7419338,0.4622607,0.25018418,0.37450275,0.015391768,1.1187749,0.55473286,0.5265468,0.041514225,0.10754827,2.0841544,0.5297464,0.5858051,0.2565524,0.2798251,1.0192795,0.001540369,0.21041466,1.9339836,0.8197403,0.10148378,0.39586964,1.4704784,0.6338998,0.017225737,0.3606385,0.44587186,0.011239145,0.041522283,1.711014,0.0028238723,1.0699826,2.5199726,0.021808723,0.024117049,0.03329288,0.042466342,0.02042816,0.17758276,0.04388938,0.0042259963,0.2645631,3.573888,1.3154852,0.3591665,0.5695384,1.3012275,0.3486542,0.27941906,1.6689459,0.14350654,0.06838093,0.030673528,all_pothole_images\pothole_images_2_image_365.jpg
0.8937083,1.3005017,0.014365182,2.3492496,0.035223946,0.28088892,0.0,0.45039114,0.4035186,0.077376686,0.3127301,0.53063923,0.20388208,2.8574705,0.7751033,0.14849491,0.05760096,0.55307436,0.18764277,0.39129874,0.60446197,0.26047158,0.00920981,0.23046255,1.2232772,1.5311793,1.5083172,2.7532024,0.14101927,0.061282557,0.39599347,0.19381423,0.2854491,1.2173499,0.40659425,0.13656904,0.47557527,1.276462,0.38589197,0.860952,0.34605622,0.36700788,1.9757668,2.2665288,0.27353337,1.9488139,0.097826876,0.3252496,1.4363933,0.4176776,0.19892266,0.080145836,0.35685325,0.16391131,0.105133764,2.3590486,1.6176729,0.34381822,0.23049031,0.00012852388,0.19197798,0.030005092,1.1136487,1.0878229,1.6973242,1.8711476,0.25524035,0.008766234,1.9807817,1.2099187,1.3566153,0.30023766,0.2949654,0.46588013,0.4251607,0.3023635,0.16520436,0.42916012,0.09103891,0.51218945,0.2794124,0.25551197,0.033738308,0.5783118,0.5883271,0.22377989,0.4893924,0.06380187,1.6790202,0.3066377,0.8359562,0.12271934,0.30159193,1.493734,0.05729971,0.02926249,0.31720948,0.65438646,1.3687949,2.0985985,0.04462348,2.180926,1.2056022,0.3216654,0.03429035,0.063985854,2.5976815,1.1605277,0.14678833,0.4268832,0.10748542,0.12968415,2.3158798,0.1729598,0.27860406,0.12276126,1.3970267,0.25818676,0.94271266,2.2058277,1.5397528,0.08118678,0.23148298,0.8271282,0.7026059,0.40749404,2.430961,0.3781011,1.6625099,0.21253364,0.16660124,0.0045971232,0.020523837,0.044876933,1.0232228,0.7754487,1.524316,1.1849046,0.01159361,0.052291352,0.49333936,0.16812256,0.02940271,0.042514775,1.4717498,1.8109365,0.0,0.0,0.93607,0.22501832,0.7269217,0.3157683,0.042913888,0.19214451,0.6864642,0.041679,1.3914388,0.07817304,0.31698132,1.1894401,1.7241466,2.0480025,0.19615142,0.45453075,0.17554194,1.2647367,1.5132116,0.40649578,1.3345115,2.627117,0.25025868,0.04221775,1.1141993,0.14045762,0.3167721,0.5814931,0.4090095,0.3328119,0.8903895,0.3840602,0.21145055,1.9134334,1.7315524,0.20242108,1.2695556,0.9510783,0.06657976,0.3085395,0.2527247,0.029517258,0.18588373,0.30382198,1.1019405,2.0942724,1.021054,0.38107777,0.389855,0.019797023,0.2649741,0.7087194,1.1648241,1.2824539,0.09533073,2.5307274,1.2610618,0.00019890406,0.8738587,0.9284273,0.6703675,0.7122913,0.12504016,0.0037297735,0.983648,0.11040558,1.5966153,1.7491659,1.4261838,0.459823,0.014839165,0.32586217,1.0338695,1.3126233,0.6472209,0.0022083907,0.0029064063,0.35004175,0.8676822,0.5248077,1.7954942,1.384731,0.08034784,0.34566432,0.5461861,0.7260707,0.023341889,0.3508578,4.0693326,0.08797287,0.577454,0.17084458,0.60222226,0.5342891,0.5263978,0.07561688,1.3066427,0.0,0.65190244,0.5056895,0.1675764,4.174918,0.54920435,0.22426714,0.71009266,0.21538769,0.0,0.16765915,1.2313626,0.20136493,0.3445029,2.2905889,1.209459,0.09394459,1.0492495,0.61475146,0.15103218,1.1157306,0.33097702,2.0794647,0.61915725,0.2941738,0.08993107,0.17218255,0.7384184,0.37600392,0.80149525,0.10773259,0.34212625,0.58592474,0.007055224,0.7447905,0.9441216,0.23607987,0.53124875,0.32596156,0.1752916,0.34619248,0.6869583,0.5130629,0.7678892,0.2222158,0.101048484,0.33277386,0.35850874,0.543768,0.44125265,0.30298862,0.26365367,1.9395841,0.18311779,2.2501245,0.0026230447,1.1411496,0.10347399,0.4084449,6.634024,1.8437754,0.0031019761,0.12271493,0.07346567,2.1186705,0.089269795,1.238697,1.2134628,2.3878026,0.32033283,2.2005079,0.09881395,1.7649496,3.5122511,0.18170556,0.30186883,0.0035467658,0.012506918,0.061326444,1.1007291,0.23905258,1.257914,0.0,0.45362383,0.23778445,2.4124663,0.31841716,0.0,0.844543,0.34294638,0.15145902,1.4030069,1.7381039,0.97786015,2.346997,0.16256785,0.84216243,3.0837142,0.84411687,0.7242231,0.62557495,0.99701905,0.8335762,1.8554077,0.060648244,1.1601177,0.6408572,0.53285426,0.29630005,0.86525327,0.11912334,0.118765846,1.1533017,0.10815954,0.24607934,0.055287637,0.23735256,0.9865771,0.03139879,0.47717074,0.02166584,1.0547736,1.5978813,0.3001064,0.3668165,0.9418823,0.46606854,0.014631192,0.024157282,0.00057235296,0.47740668,0.21179381,0.045100946,0.91491014,1.8321885,0.44598916,0.35563332,0.6184006,0.3875903,2.325038,2.5535533,0.13547532,0.0,0.0024067212,0.9755176,0.19804034,0.003917714,0.007020552,0.10374464,0.1339495,0.35144082,0.76854235,0.70442975,0.119826354,0.31401068,2.1048937,1.1061968,0.35681665,0.5658375,0.082971014,0.5248276,0.04985276,0.70486057,0.84325016,1.4896929,0.55437326,0.40494555,0.04080067,2.915572,0.014292225,1.8353696,1.1159754,0.28323868,2.038104,0.62577355,3.540325,0.08520247,0.46482456,1.4055976,1.2487724,0.0,2.5907378,0.545487,1.8377209,0.28838372,0.20277265,0.3766755,0.33694834,0.6876188,0.69680923,1.152883,0.76321596,1.3356222,0.077240765,1.1060238,1.0492841,0.58053434,0.17246993,0.17258094,0.54998094,0.045831226,0.4881373,0.25486106,2.1273243,0.73697895,1.456048,0.10868839,0.08867726,0.5339867,0.57998836,0.7440921,0.16498713,1.1475033,0.5208342,0.064802304,2.7697155,0.27060324,1.2844164,0.7582271,0.9638528,0.014596387,0.7149417,0.12538359,0.91354835,0.38808292,0.19026104,0.77685994,0.35530853,0.059149068,0.3952263,0.005885793,0.49904683,0.61399084,0.27717727,0.17741287,0.1977718,2.2493145,0.3032145,0.8204725,0.25423142,0.00022323748,0.17983148,0.54969084,1.4065679,0.41273785,1.0493258,0.9362471,0.47123668,0.6468241,0.54081345,0.5185114,0.0346295,0.15628313,0.12812315,0.33383876,0.58223796,2.1350284,0.46964347,0.35761857,1.056719,2.9787142,2.1121957,0.09249819,0.85419804,0.51873106,0.2828892,0.72245014,all_pothole_images\pothole_images_2_image_366.jpg
0.13672593,0.46834648,1.9340925,2.8342721,0.9879307,0.72901994,0.41705197,0.45560175,0.49955535,1.534221,0.34773916,0.548835,0.18132533,0.6766599,0.20002638,0.6767354,0.09284053,1.042329,2.7451184,0.15896995,0.042569228,2.777128,0.29353768,1.1263083,0.06628205,1.3943914,1.2040901,2.9953258,0.0,1.3162793,0.15640044,0.173721,0.04857229,0.25709054,0.0,1.2673965,0.3135751,2.1551282,1.2094992,0.15640964,1.7766297,1.1623169,0.61617315,1.3834922,0.26911497,0.15655246,1.0364426,0.009141612,1.5125358,1.190246,0.62717855,1.0046096,1.7280815,0.3962274,0.3559072,1.6311183,0.06813275,1.9812297,0.78724176,0.3425349,0.0512681,0.80284846,0.25489408,0.08378881,0.62251836,2.5363743,0.6528044,0.078018084,0.045583438,0.7781693,0.23979524,0.86338246,0.061368834,0.6507303,1.8106197,0.19909313,0.83784854,1.1479695,0.17452475,1.9812435,0.5943486,0.55365026,0.7290912,0.0,1.6413854,0.08684777,1.475853,0.33859038,0.6812737,0.17465757,0.03691856,1.8067424,0.0049387184,0.031458557,1.3953238,1.1565866,1.1189231,0.6939479,0.4628951,1.3941765,0.24193141,0.017154502,0.48747572,0.41481972,0.03224414,1.1998413,0.5838342,0.0,0.09679444,0.052081037,0.08943297,0.33259726,0.22875755,0.44554484,0.5644588,0.84931743,0.042638097,0.4251938,0.58432686,1.112553,1.5398809,0.48709416,0.2047656,0.4562669,1.7274129,1.733605,0.49635634,0.0032104454,0.2424581,0.51610285,0.218199,0.021363046,1.4613196,0.6723663,0.38514724,0.21433772,0.088190876,1.0377728,0.48150805,1.1527708,0.14548726,0.005173546,1.1734675,0.59930336,1.4808344,0.59593683,4.5182657,0.5471691,1.4673977,1.8697833,0.06693463,0.9753877,0.5359727,1.075052,3.9544976,1.0367098,1.1819483,0.41755137,0.6525664,0.62832993,1.0464082,0.8372731,0.4887762,0.80904746,0.15976937,0.1629005,0.42593485,0.71104544,1.7371343,0.75622,0.23445976,0.085047826,0.32819498,0.047173437,0.5077853,0.83142424,0.0,0.3605764,3.727816,1.5825675,0.8889644,2.2077506,2.64579,1.5116192,0.13354255,1.1102076,0.25975868,0.37612858,0.32277983,1.8266265,0.593354,0.32262272,1.1377957,0.57940656,0.00950582,0.0020302383,0.6825259,0.88508457,2.064742,1.9350623,1.3918855,3.32707,5.1321754,0.6065476,0.13157171,1.6451004,0.016828457,1.5400524,1.6439657,4.031499,0.73349637,1.1336459,2.7541478,1.2865996,0.96787417,2.6312888,0.110801,0.19525719,0.49493638,2.2492392,0.9171323,0.29686826,0.088484585,1.0718645,0.19579907,0.16891888,2.1848352,0.0037872933,0.0,0.68816733,1.4670614,0.14921357,0.66634226,1.0009357,0.33641076,0.6820284,0.1310931,1.386292,0.06082347,1.7438251,0.57711536,0.84574777,0.21495634,1.4608456,0.42003727,0.8363254,0.87932205,0.44840115,1.162975,0.06258503,3.0215688,0.20646839,0.8418414,0.3737269,2.531265,4.044291,1.9423457,0.99338865,0.76543885,0.06615906,1.0542953,0.12736632,0.35829446,0.6678539,0.6341016,1.8176205,0.9013426,1.0059667,0.88859,0.24871032,0.030803343,0.25585824,0.28937703,1.2756014,0.18693672,0.8025564,0.45073053,0.8553457,0.26914474,0.1751802,0.55984116,0.23287773,1.0611928,0.20865627,0.15814021,0.8277699,3.0848227,0.19735855,0.31101573,0.78702515,0.3414224,2.5863764,0.09961344,0.88309073,0.46875933,0.708089,0.8615683,0.44356832,0.42885804,0.5664804,0.5631602,1.8149076,1.756752,1.8523754,0.7538106,0.7451981,2.076127,3.3435314,0.15016435,0.8275022,4.7265644,1.4146628,1.7236804,1.8614416,1.3848008,0.3978494,0.67572707,1.3855993,0.3078829,0.0058419523,0.88535947,1.0670676,0.0145637905,0.0029846355,0.92994714,3.7458527,0.316492,0.45884517,2.0307188,0.28680447,0.11628301,0.058438145,3.12824,0.3688103,0.7946766,0.21979608,1.3908277,1.9340507,0.0,1.0443994,0.27654234,0.16912259,2.7318728,0.3310023,2.4037375,1.1663374,0.1351845,0.38330224,0.35631046,0.81259257,1.6020498,1.3652995,2.2916696,0.3249147,0.056908768,0.51478386,0.04893187,2.4427571,0.53869313,0.7361311,0.61049974,1.326546,0.1696852,0.8565242,2.0884428,0.92430943,0.8466915,1.0032043,0.5822161,0.1682647,1.1626993,2.6556652,0.019317357,0.084950775,0.32619852,0.8259989,0.016007852,0.48883802,0.45213395,0.7020916,0.08572771,0.4409424,1.0543985,0.89165986,0.3932078,1.2369875,1.0020903,0.08840193,2.581553,1.4785222,2.975477,0.4736275,0.53819734,4.567166,0.96119875,0.0,2.828987,0.6059055,0.38885483,0.6336565,1.1574804,1.557506,0.9640608,0.07212772,1.5646658,0.53588104,0.26888934,0.86123985,1.1727327,0.41985327,1.0233283,1.5118175,0.8537433,0.04971204,0.014532237,0.04180592,1.4351463,0.79655826,0.91666925,0.90969193,1.6918199,0.04979531,0.408909,0.34916243,4.377065,0.66934794,0.16410466,0.3817154,0.054208204,0.5731329,0.75478894,0.4227015,0.07364817,0.0068442323,0.05706388,0.7347708,0.02396802,0.0034262647,1.0676266,0.5276696,1.3659309,0.508079,0.7657544,2.1805525,1.8502605,0.4550153,0.9847566,0.68722403,0.026777998,3.8746798,0.36184877,0.06544019,1.3444535,0.0026758153,0.31965283,1.3258822,2.4419546,0.791135,0.9593578,3.6857712,1.1167394,0.38307244,0.7960295,0.8095668,0.08849466,0.07480516,0.17740048,0.30716226,0.8418562,2.1445246,0.17604542,0.7826137,0.48828226,0.16855057,0.77214384,0.13693243,0.729885,2.1190119,0.8807938,0.097865686,2.0404973,1.5488371,3.0503075,0.9332876,0.26028088,1.0058314,1.1457756,0.41621506,0.14871718,0.45332062,0.199524,2.3021026,1.0827409,0.7584213,0.002740723,0.0107307555,0.07914214,0.57923615,0.037817143,1.7009549,0.0,2.2048748,2.7466898,1.0612383,1.7505194,0.35582787,0.042461902,7.0895224,0.08913674,2.8450277,0.0011932974,0.0491512,all_pothole_images\pothole_images_2_image_367.jpg
0.073319405,0.21563207,0.1997748,3.5488336,0.34726956,1.5244467,1.6769375,0.32306263,0.10551466,0.03754855,1.2938229,1.0570835,0.8042634,1.0688399,0.0,0.6668444,0.2571886,2.9217243,1.7454174,0.32778668,1.0709218,0.78566414,0.12722348,0.012218542,1.664797,0.03318644,2.0762105,2.475652,2.6053085,0.17920928,0.0,0.3262261,1.1962034,0.42454746,0.17274109,0.84935087,0.42142898,0.9857174,0.3727027,1.1589276,0.019890424,0.76208925,0.24802056,1.2688478,1.3871877,0.39827892,0.30362025,0.02383486,0.23685871,0.23416322,0.65611637,2.0643423,0.056416743,0.58897334,0.1543122,1.0355386,0.034088615,0.22974578,1.1945487,1.2189469,0.08896263,1.0587641,0.70705384,0.62355465,2.4181561,1.8708092,0.90624887,0.80013746,1.5753697,0.005049753,1.2106149,1.0809462,0.076367125,0.29372725,0.060356945,0.05251011,0.060534548,0.17993286,0.0,0.01438757,1.1153451,0.3149431,1.1349378,0.12097213,0.43364033,0.5322394,0.7806984,0.06795992,1.4062724,0.27905947,0.002860311,0.7583883,0.18616322,0.5210663,0.576514,0.07753966,1.168128,1.6099432,0.30718553,0.88235116,0.18203318,2.8591228,0.6772892,0.21689187,0.31100747,0.031185525,0.13277091,0.9403638,0.6224486,0.032806195,0.16066666,1.3180046,2.2667072,0.41905937,0.497296,0.054619953,0.00193696,0.6016178,1.5058042,0.39037666,1.1755418,0.17483863,0.08337517,1.649914,0.42181855,0.07027625,0.322659,0.20604105,2.3623703,0.5139386,0.58589303,0.93907964,0.24290046,0.2707195,0.02392281,0.37717673,0.28830835,0.53757805,1.6218175,0.22448185,0.85436916,4.168133,0.18155926,0.17969786,1.1367841,1.780851,0.21779439,0.12965591,0.0,0.11358897,0.076132596,0.26288807,0.0,0.004240706,0.733903,1.1464347,0.37457177,0.05858776,2.287184,0.8702858,1.3718315,4.168515,0.05339858,0.4623579,0.30265492,1.8267261,2.9201913,0.017603507,1.2546897,2.493538,0.07801532,0.711516,0.82120144,0.8852596,0.1250575,0.087679826,0.5327746,0.052599702,1.675912,0.030133054,0.2112327,0.10060537,3.2368968,0.702799,1.6542538,0.09410172,0.647536,0.3590606,0.30475524,0.42112592,0.024873797,1.052419,0.0,0.6801275,0.6370927,0.30728385,0.53528845,0.09786708,1.4636827,0.44002417,0.70034665,0.98858523,0.3411292,0.4106287,0.24320787,0.48435342,0.52112526,0.021846479,3.8538163,0.79864514,0.7174399,0.26575,0.053061556,0.6098994,1.3221644,3.3982706,1.4915991,0.035667982,0.062185016,1.205314,1.8703105,0.3339568,1.153055,0.48573714,0.003052815,0.25460133,0.66073126,0.5053867,0.51833725,2.1033995,1.5412111,0.8339467,0.9374807,0.4627852,0.02638979,0.006448331,2.0408773,1.0257164,0.23820496,1.267472,0.0044434774,0.20699865,0.29330117,0.050679356,0.072962426,0.79074985,0.19444759,0.7208753,0.3209726,7.3077116,2.2929132,0.0,0.17189091,0.3468573,0.06381372,3.891001,0.0013813672,1.5711039,0.2595864,2.6903007,0.10096894,0.07458642,0.15818062,0.37780574,0.3112145,0.31346896,1.4766177,0.91337395,0.21304038,0.418565,0.71047944,0.07799918,0.09065666,0.342054,0.6078642,0.15655069,0.16952012,0.6789843,0.13467123,0.4030406,1.7382712,1.1348195,0.048298407,0.37217602,0.0679856,1.0922784,1.0729799,0.14528249,3.4364212,1.4600867,0.0,0.5001976,0.1280476,1.0997076,0.19582577,1.63805,0.005243574,2.178175,0.6271113,4.751437,1.0878463,1.2798579,0.014800819,0.050734635,4.447668,0.40115246,0.428279,0.021569286,0.3500686,0.21477292,0.54258525,0.26875845,1.0175452,1.1894157,1.2486476,1.4410722,0.77819276,1.1359245,2.65772,1.1746709,0.06822397,0.04901878,1.4205376,0.008493461,1.6138159,0.07087018,0.003850155,0.2618832,0.64359105,0.14302668,1.738989,0.088434264,1.2560364,0.038338263,0.064495414,0.0,2.1113255,1.1972717,0.7322688,1.60174,0.08503692,0.35106307,1.0129253,1.5783716,1.6245525,1.2495347,1.1173877,2.2628152,0.9139505,0.0010448922,1.0235862,1.7121553,0.010819917,0.22861513,0.0,0.16767533,0.1662458,2.0085652,0.20819585,0.053062856,0.670144,0.22383365,0.8386328,0.29500127,0.017511157,0.02898757,0.62892294,0.16692987,0.9883083,0.58374107,0.32905903,0.22101605,0.13304456,0.19967125,0.01584388,0.05957148,0.0035763325,0.011923101,0.5358488,0.26973405,0.4423437,0.0007497716,0.012018521,0.55346715,0.11630352,0.7454988,0.98393935,0.012662599,0.13919084,0.84838367,0.25539795,0.20889232,0.07559849,0.50710607,0.12876193,0.088719085,0.6924965,0.025695233,0.036906652,0.47929624,0.020411912,1.0096861,0.0756786,0.319203,1.0981854,0.5306709,0.14159718,0.9688406,0.5944378,0.018607767,0.11369025,1.7706977,0.007109889,1.3471003,0.0,1.06542,1.0464023,0.49995002,0.99340683,1.0845594,2.387469,1.1481622,1.403671,1.9906744,4.0369973,1.0858843,1.4048911,0.16729179,1.3726664,0.9217029,0.59784424,0.5738674,0.006246081,0.6379905,2.4173079,0.1704903,0.45514992,0.6333753,0.27686277,0.61854327,0.6822769,1.0710706,0.48017222,0.0,0.16749753,0.0,0.29773355,0.35865176,0.0027396036,1.9041601,1.038303,0.63540393,0.8709544,0.13968703,0.102421425,0.10107108,0.1849499,0.0045573963,0.5166173,0.33954647,1.1377819,0.523631,0.15471712,0.449917,0.06536943,0.04730492,0.083376415,0.16382837,0.052559298,0.81157863,0.07761292,0.50853044,0.29723018,0.10651725,1.1607821,0.0,1.2233961,1.3986778,0.8384974,0.011381572,0.21584602,0.30269524,0.039506026,0.28898063,0.051674016,0.0012794072,0.44345555,0.35307965,0.05432786,0.2921982,0.22871827,2.6162555,1.9548753,0.45756218,0.0,0.0,1.3495489,0.05368214,0.12733805,0.3981807,0.2795529,0.23583345,0.9188645,0.0,0.3617156,0.76342773,0.44464812,0.19372842,0.30692345,0.90015537,0.51228684,1.1843116,all_pothole_images\pothole_images_2_image_368.jpg
0.44901702,2.0561674,0.17014115,1.305484,0.73779017,0.50884587,0.5349667,0.052514937,1.5259353,0.32663566,1.8207633,1.1546819,0.8029956,1.8200017,0.3143179,0.5546397,1.8335978,0.0010401959,1.075903,0.19233103,0.039573334,0.9077479,1.8141567,3.23949,0.64069235,0.18843354,0.3358285,0.9188266,0.15943307,1.188723,0.72218424,0.3084419,0.6563024,0.0319615,0.8419946,0.3802339,0.19317743,1.5481791,1.5741355,0.546625,0.2914111,0.24037503,0.21223763,1.3226852,2.0523186,0.14051239,0.8913574,0.21932617,1.3730812,0.46887437,0.9564377,0.3038055,1.211737,1.6130931,1.5978589,2.295375,2.9328637,0.15924647,0.53634834,0.2279576,0.59919834,0.6590333,3.7393198,0.4617907,0.10127598,0.70510715,1.8412671,0.89270747,2.873525,1.2512169,1.4868497,0.87096155,0.6227187,0.1804888,1.2849674,0.18072817,0.4867535,0.74621123,0.26121742,0.26233783,0.0456998,0.7647082,0.6428237,1.361467,1.7731893,0.0012804866,0.4890511,0.2041464,4.843223,1.6957927,0.16247755,1.2537572,1.2965517,1.7442695,1.0013573,0.9983528,0.63382393,0.94398177,0.69292736,0.9049409,0.09070938,2.8521235,0.8670495,0.22828275,1.4798005,1.2132815,1.9171073,0.036639094,1.0172796,0.339283,1.9361451,1.4052944,1.7200252,0.84569055,1.0248207,1.2395442,1.4888023,0.31400537,0.920867,0.68287975,1.2838185,1.172903,0.26824543,1.3701876,1.3138728,2.7335255,0.5220006,1.2194923,0.49373963,0.38533276,0.97587997,0.017114738,3.5010154,0.30033925,0.15600117,0.11125803,0.7217242,0.9555932,1.9974495,0.36319992,1.4112287,0.05917407,0.3324983,0.7600202,0.27692616,1.9301639,1.8076102,0.08471553,2.1506257,1.2930515,0.13747379,3.1781285,0.31397948,0.0,0.17866835,0.3132311,1.1479642,1.4876776,0.38921744,0.77349246,1.9048624,0.7434759,1.1724185,1.92721,2.4303186,0.023249686,1.7243296,0.45060354,0.32010537,0.6732287,0.2905644,0.2364198,0.94692194,0.97230667,0.9802817,0.048903216,0.47177753,0.20059441,0.007828807,0.13182795,1.2757038,2.6073887,1.6872528,0.2882396,2.0924182,1.4417553,0.81052023,0.61830884,0.33467662,1.3530868,0.34931207,2.8232908,1.7289141,3.523796,0.04958404,0.92299193,0.8890503,0.15990481,0.16677961,2.2006638,0.86424136,0.82869446,0.7696008,0.3574141,1.4144473,1.3151362,0.5155747,0.22294272,0.2654128,0.30177173,1.1187637,1.481828,0.47003835,0.1576336,1.0393703,0.28068337,0.0813373,0.2989935,0.7322473,0.046413634,0.28356913,0.013710016,0.09137984,0.28357956,0.04027426,1.0350161,1.9686515,1.6094201,2.057746,0.65865606,0.022687867,0.0,1.7706518,0.25307247,0.07829823,1.1035473,1.1904219,0.04122127,0.3384575,0.87659407,0.9010053,0.26165387,0.02000347,0.25056016,0.6081173,0.1795676,0.45866844,0.0,0.72982115,2.4903402,0.8620591,0.73867375,0.6074147,0.40064323,0.15827557,0.5365182,0.5589366,0.8212673,0.75371206,0.6294308,0.5293881,1.4125795,0.36531782,1.2787796,0.6481529,1.3722931,0.22532694,1.1530436,1.4725969,0.23306647,0.116052665,0.07344077,1.3968732,1.1149546,0.81506115,1.8605753,2.1339927,0.5487799,0.12438543,0.47125605,0.40185702,1.1377723,0.4152522,2.2187958,1.7948889,0.4890442,0.8937549,0.19079325,2.794177,0.50557137,0.082733385,0.11067019,0.20848846,3.818696,2.3049052,0.7292227,0.7783298,0.18097924,0.3406374,0.44942138,0.11213531,0.65748465,0.2753441,0.76780105,5.609183,1.6466136,0.08551756,1.0184824,1.107559,1.5348159,0.3587769,1.3669113,4.2555757,1.6317668,0.5472315,0.29501334,0.7619734,0.7936794,1.3282433,0.34352046,0.3223252,1.077154,0.07092472,0.17049496,0.81769973,1.1834096,0.48361462,0.65060943,0.96218526,1.5624728,2.0322666,0.48187757,0.40327495,0.067674175,0.34671852,0.4317484,0.38772637,0.6552226,1.0940533,0.15230353,0.8872084,0.92739695,0.6721937,0.016502764,2.3904238,0.11317194,0.3145209,0.04901734,0.11176308,1.3932757,0.2117519,1.2718697,0.115517795,1.431606,0.7378185,0.050000295,0.36023697,2.1976235,0.7133675,0.15071395,0.18201318,1.4802358,0.59993297,1.1638871,0.0020676465,0.46521953,0.55518335,0.69269013,0.18017247,0.6805622,2.5074606,0.30701,0.22796643,1.0335501,2.1280766,3.2823706,0.15988791,0.37727177,0.044675242,2.3974533,0.21313165,0.85755795,0.22083563,1.9809496,3.586181,0.22510557,2.1490004,1.6392361,1.867587,2.183805,2.490988,0.09410156,0.19465154,0.1293427,0.73532075,1.1582215,1.0533758,1.1699647,0.87376106,0.31550133,1.100255,2.624247,0.030644266,0.4357521,0.058984358,0.0035077834,0.37317368,1.6325971,0.39263764,2.1625705,0.10440219,0.39654952,0.25568396,0.3865302,0.24141753,1.1672875,2.403727,0.9641404,0.7939543,0.42845985,0.37684986,0.9967911,1.4586319,0.80609006,1.2844057,0.17179912,0.6509766,1.6963949,0.14195877,1.106367,2.2003284,0.3336971,0.14523871,0.2580977,0.6183511,2.4139197,0.16380857,0.0,0.39588118,0.81445515,1.2299508,1.1556196,0.2690978,0.21793877,0.25881428,0.41960704,2.4027886,0.86642814,2.0258555,3.0942667,0.38889465,1.2567436,1.0283433,0.62560123,0.77542114,0.083911605,1.4449201,0.27760005,0.3717958,0.4890309,2.510768,0.020375842,1.659716,0.64034724,0.7483452,0.45594636,0.6511336,0.12033448,2.1823113,1.6811372,1.8923597,0.45146444,0.54986644,0.01704556,0.7412416,1.9642832,0.8599226,0.48081043,0.16737883,0.34391668,0.03958615,3.9710157,0.7026761,0.6445724,0.19462076,0.025537506,0.8894393,0.64614946,0.03738318,0.18498446,0.9302516,1.6377851,0.17350285,0.37884146,0.04737562,0.63507295,0.9265249,0.0,0.3543451,0.70728797,0.3519962,1.3791423,0.43116054,0.12718658,2.4970453,0.4480486,0.043512043,2.992083,1.3619238,0.3505276,1.1612623,0.31148803,all_pothole_images\pothole_images_2_image_369.jpg
1.0485289,1.5557551,0.14306062,2.4095361,0.3133043,0.0590698,0.36224303,0.0062029804,0.49919796,1.313994,0.014420857,1.2239199,1.6503545,0.14261626,0.14636487,0.058886167,0.2576515,0.05266551,0.0,0.650229,0.13285747,1.0715525,0.35617912,0.35462448,0.65580404,0.84493387,0.40678412,1.2440383,0.008539963,0.7591967,0.42793196,1.0008057,0.7827687,1.2279027,0.6869588,0.0,0.096840836,0.27623627,0.44975778,0.01418464,0.12648699,1.5212866,0.19905841,0.76661766,1.0327133,0.16150562,1.2907307,0.6462676,0.27658358,0.24214752,0.14896859,1.6177282,0.025147852,0.57882017,1.0926554,1.1475755,2.936408,1.4118423,0.008361769,0.038356848,0.0,0.22843464,0.32839748,0.23987545,0.54923856,0.61414754,0.77276486,0.032189764,0.0,0.06831064,1.0409127,0.32524705,0.15039632,0.06540546,0.06465828,0.02953612,0.39046353,1.6907616,0.0,0.014701768,0.105415665,0.95907974,0.6348082,0.8323808,1.6845431,0.3272986,0.13579896,0.021878667,0.659704,0.67672575,0.050913274,0.10918422,0.29243532,0.8283455,1.0207795,0.0,1.093204,1.1689129,0.1465421,1.523219,1.0624225,1.6266843,1.5116968,0.41808832,0.7188568,0.13637981,0.33135647,0.7684642,0.059401695,0.5873282,1.2383717,0.85829145,3.8446386,0.44315636,0.06451207,0.81802684,0.1683396,0.15015712,1.298478,0.27029857,1.4299117,0.14457178,0.0,1.6182054,1.1450299,1.6079447,5.067354,0.25367165,0.7151452,0.038820848,0.5985455,0.0,0.4242671,0.0,1.0090461,1.3320913,0.11932143,0.0023216885,0.9509652,0.19169535,0.8811689,0.09422677,0.62898433,0.010812011,0.82696086,0.36929828,0.09192297,2.7867362,0.20057446,0.20830983,0.7239409,1.4848374,0.3919246,0.34386152,0.5843726,0.0125237545,1.1033417,0.051337495,1.6110373,0.22981519,0.44738826,1.0405362,0.014100154,0.31383267,0.14498098,0.4266073,1.0768697,0.0023958473,1.7524062,1.072768,0.31883436,0.09639441,1.0287375,0.0,0.44470984,0.36732712,0.42828172,0.015831059,1.2013261,0.105233446,0.14637414,0.34528536,1.7347779,0.9168181,1.8911852,0.08619229,0.032828983,1.7215604,0.23659341,0.48150322,0.53128517,0.018091958,0.14936195,1.684934,0.17501794,0.0,1.0151459,0.6037306,0.6074146,0.3823935,0.028570926,1.129062,0.18193105,0.13599767,0.5177648,2.1215448,0.55189127,0.03200228,2.8657613,2.381766,0.0,0.79338133,0.65431035,0.12387311,1.6015301,1.5780727,0.6274066,0.5940338,0.09875855,0.6562225,2.709837,0.5405057,0.5761311,0.6668636,0.02450072,0.15626629,2.7241082,0.061684776,1.0545801,0.0061287917,0.76344126,0.0050929533,0.4241449,0.022530157,0.24805689,0.018787054,1.5534444,0.08680579,0.15711126,0.18161802,0.21333252,0.30049,0.7470803,1.0068526,0.0061954004,0.20873232,0.8262641,0.00063378713,1.8074186,3.3773024,0.69765663,0.90551454,0.25571164,0.096226536,0.57982343,0.6042298,1.5816723,0.42301676,0.7169792,2.0983992,0.18687059,0.6880201,0.7010448,1.3852286,1.3012857,0.75068015,0.14351521,1.541331,6.989575,0.0,0.27551815,0.08104529,0.15523103,0.0,0.28685862,1.8718147,0.6161252,1.3447541,0.26747233,0.5891222,0.3116913,0.32309297,0.42298773,0.81978863,0.0,0.25131676,0.8537463,0.27168816,1.7421302,0.2580306,0.17054331,0.34501672,0.038247455,1.66916,0.03507061,3.1510172,0.75887907,0.051044695,0.21476148,0.8625842,0.0834782,0.03567751,0.12851444,0.30794704,6.0588136,0.94828606,1.1672254,0.060380235,0.0,1.7948923,0.05143071,0.8701964,3.1146483,0.7582609,1.2880205,2.1480927,0.15197487,1.0549128,2.1806448,0.34374171,1.6073819,0.34863362,0.03216873,0.536278,0.7372293,0.50963664,0.7086351,0.068377554,1.9396578,0.045657102,3.7636082,0.19602618,0.69956005,0.13672212,0.038244773,0.0,4.9301124,0.084218435,0.12765846,1.0842155,0.65536654,0.2973789,2.675296,1.1222551,1.123586,0.79840773,1.3473786,0.3204588,0.008897877,0.4523565,1.674991,0.783852,0.21757656,0.7021014,0.61561346,0.033096757,0.018118761,0.83968633,0.0029622982,0.6441935,0.017697392,0.3024143,0.8467972,1.1422019,0.051916916,0.15036707,0.77583194,0.41255242,0.47073263,0.76685065,0.41409695,1.4528315,0.47449917,0.0,0.5984563,0.31949303,0.5415895,0.14587109,1.5887685,0.5167862,0.0023749792,0.16121352,0.3772942,0.11427317,2.709475,1.195769,1.6176331,0.054942913,0.012715723,0.5901192,0.2717678,0.49282137,0.09178003,0.082883865,0.0,0.25589803,0.21580747,0.21616958,0.09966713,0.08253182,0.12732406,1.3325589,1.0252008,0.46983936,0.6490526,1.5739721,0.852085,0.8454621,0.58156186,0.67606795,0.42693734,1.2274412,0.020182367,2.2632492,0.5800975,0.3142065,1.1418037,1.0687085,3.4125829,0.6074717,1.4335828,0.60117555,1.1650031,0.5910667,2.0413167,0.0076176277,1.3491683,0.39097244,0.16110909,0.1682836,0.3429356,0.28200498,0.004132379,0.155624,0.38499933,1.472992,1.2808189,0.2271979,0.5270277,2.4458838,0.0015279438,1.6553804,0.060520176,0.14104378,0.081677414,0.031205254,0.26867968,1.4647708,0.37149334,0.8186974,2.9232657,0.026045498,1.0634141,0.0029798483,0.84411466,1.2006134,0.248633,0.22785619,0.96168023,0.07072237,1.2038021,0.013196947,0.42985535,0.20068604,0.27330595,0.086946346,0.009762094,0.019398144,0.71220887,2.2188675,0.71612763,0.19533058,0.17695071,1.0965362,0.054384157,0.26882517,0.057688605,0.845439,0.6899423,0.018010544,0.17853943,1.4908265,2.3044672,1.9185574,0.046278387,0.10087757,1.7793218,0.02794669,0.20809421,0.11316867,0.040490307,2.638371,0.022792008,0.7950521,0.022038557,0.34021097,1.0660881,0.1647959,0.015168765,0.04524388,0.14280677,3.6339166,0.09726568,1.8178393,0.95400375,5.5316024,1.2758654,0.06398163,0.15429497,0.5507348,0.0116222575,0.0030295441,all_pothole_images\pothole_images_2_image_37.jpg
0.037681088,0.5343346,2.779125,0.012848256,0.27097553,0.5386,1.409407,0.24768747,1.4767997,1.0505818,0.790269,2.0790942,0.47537112,0.079196624,0.90729785,1.1708689,1.1760004,0.42901275,0.5331221,2.325611,0.036682375,1.6598259,1.2681118,1.3928449,2.4845412,0.26240966,0.22271277,0.43788013,0.10422725,0.15467551,0.5678605,0.58741885,0.7080618,0.07422086,0.59089106,0.20038728,1.16334,2.5410082,0.9918627,0.4858183,0.084656976,0.22947253,0.5591611,2.2937725,0.78407234,2.2929542,0.20909572,0.3105955,1.2704042,1.6485043,0.5252554,0.9892696,0.2979738,0.8283135,0.75725865,0.928075,1.6354178,1.2877687,0.52420354,0.9684881,0.09561344,0.15003942,1.6357942,0.71896005,0.26093107,0.637655,1.8859707,1.0234319,1.966117,0.4662471,0.13666724,0.67599267,0.36411276,0.3974018,3.5254123,0.30794147,0.2957109,1.7343019,0.34661984,0.41776073,0.6044967,1.1396137,0.4676684,0.57659817,5.4654098,0.39498526,0.9740289,0.43619746,2.9473464,2.8867745,0.72031003,1.307066,1.4796356,1.6730933,0.08836499,0.28532413,1.3522005,3.1667037,1.2720712,1.1681892,0.3129771,0.2134638,0.9756717,0.27621782,0.56365156,0.36945188,1.7874308,0.16514117,0.7739423,2.3229177,0.2350857,1.5626243,0.33631927,1.0774397,0.58534086,3.262711,0.6804259,0.743582,0.33564466,0.030990947,0.45182985,1.8435905,0.4957845,0.7070434,1.2887672,3.0201933,0.52892196,0.010473881,0.39664745,0.54455155,2.3528335,0.16763847,2.3133519,1.8395245,1.2349466,1.4714,0.13463496,0.0071902396,0.40404713,0.037453506,1.1914601,0.2639747,0.78873676,0.5072699,0.11702483,1.3260043,0.19644924,0.0395386,1.5737067,2.2408054,0.36238304,1.3755646,0.87438035,0.37437135,1.480546,0.0076872674,0.7122005,1.0480411,0.1739794,0.17547947,0.37399438,0.57746696,1.340345,2.7209618,0.33219594,0.05806795,1.2450625,0.15578644,0.50459075,0.5695361,0.9867464,0.76024455,0.8789509,0.45507056,2.663917,0.23421054,0.038794756,0.5739504,0.6824892,0.5697592,0.3158516,0.3700362,1.6342587,0.96090555,1.694948,0.40122253,0.27441552,0.55829006,1.3522822,0.2878552,1.2234238,0.17597583,0.8260076,1.2539934,0.17959373,0.46146968,0.33734187,1.676082,0.08122485,2.2660182,0.2713604,0.2533544,0.5397175,0.23553441,0.55377233,1.2487336,0.1528669,1.5072194,0.3568991,0.33744702,1.4882817,0.8825946,0.5478625,0.48793226,0.21649913,0.3979342,0.13057412,0.6684532,1.0750707,0.19750798,1.4150826,0.19931431,0.0,0.53439784,0.57475406,0.25290304,0.50201446,0.2603991,0.7710674,1.9796662,0.02870439,0.9753583,2.9410558,0.20135303,0.5678932,1.9581057,0.90827435,0.15109755,0.8756902,1.1354334,0.85350144,0.2857624,1.2410842,0.10752231,0.7095735,0.12079336,1.2185948,0.2001695,0.23368022,0.73100126,0.6445334,1.0037831,0.62951326,0.96320933,1.5626208,0.7132975,0.7050505,0.55275035,0.790548,0.022392098,0.87649864,1.0022438,1.2385465,0.043852728,0.4551361,1.9560109,0.8692869,0.7843539,1.5164427,0.032537226,0.67823744,0.30322957,0.4650574,2.4946358,0.38294733,4.3230796,2.3066392,0.09034201,0.17038809,0.22818002,0.3383309,0.72322834,1.3278248,0.7724522,0.36257157,0.42576033,0.83246034,0.834935,1.211585,2.5877395,0.893056,1.661897,0.03680347,1.7073315,0.9798205,2.832712,1.031872,0.8750506,0.5804819,0.3805705,0.28299648,0.158957,0.009913875,1.4016515,2.91065,0.5253898,0.0,0.27215523,1.9265306,1.8364977,0.4244339,0.50115967,4.9603686,0.8388829,0.92644686,0.39045095,0.24973164,0.28832918,0.85192627,1.9281073,0.9107775,1.6328018,0.65418446,0.0060205148,0.011795982,2.1280284,0.063824974,0.78196865,0.52696514,0.65721077,2.5491872,0.94938284,2.0901682,0.09661904,2.049348,0.7445247,0.26029056,0.013846088,0.1561453,0.100272186,1.5162636,0.32160553,0.6639243,1.0470855,0.7184734,0.14934516,0.42759734,0.011120991,0.014803686,0.3050815,0.7224669,1.4024732,0.419894,0.8883896,0.61346245,0.43820655,0.014687854,1.2071071,1.4659841,0.40939516,0.15713583,0.035546474,0.4506105,1.0544652,0.30328253,1.4523076,0.23741257,0.42040557,0.13814797,0.0695671,1.2128417,0.92188245,0.58077246,1.9263949,0.76423615,0.8876302,1.5314623,0.06232618,0.8687018,1.3209789,0.6398022,0.74400127,2.4196067,0.1189731,1.5090945,1.7462566,1.7831941,0.39624,1.7998296,2.9117706,1.4294586,0.42551416,1.1389525,0.117662854,0.9163213,0.9535049,0.8970023,1.2867162,0.16832162,1.6477458,1.9269468,2.0236878,0.33206463,2.5396476,0.20278613,0.47627422,0.5455424,1.4741406,1.203951,3.7097995,0.4836916,1.435692,0.21398826,0.48577645,0.019039914,0.1995685,1.4538711,0.23019426,0.6373814,0.6804462,0.19669934,0.32591417,1.0324376,1.3699763,0.71529573,0.02593199,0.73623717,1.1912081,0.31272987,0.28720245,4.815978,0.16600685,0.94130504,0.80372167,0.2535713,0.9719299,1.9067843,0.25411692,1.1552829,0.6324158,0.49072906,0.3548144,0.279024,0.26474056,0.30857587,0.857181,3.817893,0.061370127,0.58011043,1.6162767,0.67013943,0.034575637,1.2152,0.6474927,0.6840117,0.60096306,1.0311536,0.4615462,0.6843064,0.204249,0.5795753,0.4729252,1.566887,0.65162224,1.4427085,0.7742292,0.022209007,0.004639545,2.3011713,0.43704,1.4188422,0.23363425,0.09321516,0.8741428,1.0980393,1.0200747,0.13242508,0.81275743,1.8681531,1.0465094,1.4172301,1.8957653,0.64798665,0.52146643,0.73734635,0.83271456,0.8085017,1.1818211,0.31677428,0.2826067,0.5112505,0.73701245,0.050076675,0.34672552,0.46536428,1.2177258,0.25581968,0.60408854,0.40125203,0.550482,0.3799083,0.3958148,0.12905596,0.69155717,0.5511602,0.5932653,0.025087478,1.4877936,0.79984593,0.18624268,0.735848,1.4867105,all_pothole_images\pothole_images_2_image_370.jpg
0.63687426,0.56680715,0.38133374,1.9934253,1.6232821,0.94422877,0.63471043,1.2183826,0.34622142,0.40858257,0.6205111,1.3227707,0.0,2.6961968,1.4126244,0.49299082,0.23536716,0.3252901,0.47502774,0.11914216,2.2253478,1.2616591,0.664763,0.906167,2.9572113,1.1362423,0.042688884,2.1895936,0.11726548,0.14384373,0.63025695,0.59195685,1.2217022,0.1590596,0.079313956,0.2621229,0.32990035,0.6950054,0.6310795,2.31096,0.17085509,0.98959535,0.5238421,0.11075045,0.28040954,0.52099866,0.81599045,0.5473654,1.0361946,0.23081954,1.1440147,0.41573358,1.2970521,0.52590686,0.2293526,1.435597,0.7501523,0.28191063,0.069593385,0.06748286,0.9076235,0.021117818,0.30072576,0.20743494,0.2856156,1.5616778,0.12625015,0.11342889,0.0,0.05306817,0.44874144,0.037084725,0.2708116,1.2841696,0.05165246,2.367089,0.43256944,1.2990522,0.027813211,0.2474118,0.33837622,0.66345024,2.8160372,0.7296768,1.0213821,0.28715488,0.4163057,0.42868322,0.9048959,0.31685323,0.12263303,0.015902339,0.042304374,0.20748161,0.74499,0.25550482,0.6389719,0.013443968,0.3168949,1.9752493,0.28085166,3.5351994,1.1455961,0.04610253,0.7394574,0.4248624,0.21635622,0.7537781,0.04354304,1.596921,0.32264903,0.34998527,2.949461,0.6106651,1.1237005,2.1553984,0.84322065,0.9959592,1.4116373,1.3810257,0.858202,1.3723406,0.6932123,0.60816,1.2696552,1.9211078,3.329517,0.5144465,0.21103472,0.40177757,0.013668502,0.08047034,0.023299484,1.3103373,0.88921714,0.9890392,0.91315925,1.2518656,0.27590677,0.086815484,0.28602237,0.36559984,0.5099982,1.1813964,1.1540226,0.3960191,0.5196833,0.85680884,0.8951197,0.33088505,0.49455637,0.3115638,0.014261856,0.082014784,2.141782,2.8757703,1.3586595,1.20229,0.0609715,2.5084713,0.91622114,0.90492314,0.33828467,0.52790153,0.17877872,3.638028,0.80694765,1.0841593,4.3827367,1.5850902,0.23259361,0.00021613936,0.525017,1.3225621,0.12483457,1.287493,2.7107081,1.2544242,0.6543277,0.7264089,0.0018985779,1.909908,2.6933923,0.41300613,1.0728811,0.7108737,0.8299162,1.0637311,0.24072708,0.14773908,0.68857586,0.026932152,1.0587983,1.246828,0.95584446,0.22489879,0.97086394,1.3824679,2.7335622,0.72917634,1.0124376,2.1248846,1.3412895,2.4718287,1.6741579,0.5126247,0.32815313,0.22139862,0.8218239,0.3112192,1.4870213,0.10663002,0.61900455,2.5159385,0.9005384,1.5444311,1.062899,2.0554268,1.3515338,0.7571987,2.794346,0.27884975,0.89720994,0.8179508,0.03804122,0.3958991,1.6513337,0.9394576,0.77955765,0.726356,0.054553255,0.45951283,0.41975152,0.08693969,0.49236095,0.21641491,0.52200186,0.23319952,1.1117705,0.01150527,1.3391908,0.008195889,0.9496932,0.01059373,0.11037303,0.86569726,0.606411,2.5159998,1.0368232,2.742204,0.47417474,0.9144111,1.3419445,0.03951469,0.28652442,0.72308195,1.3809705,0.14480695,1.3353704,3.5580904,0.27932027,1.4258972,0.93932104,0.07829644,0.08400049,1.1298178,0.0693054,0.09228936,3.2670944,0.91981286,0.34673718,0.17298263,2.3053548,0.4271398,0.15407063,1.3570253,0.014602654,0.6202538,1.0588152,0.2745502,0.83481145,0.76176053,0.60036665,0.22792637,0.061632875,0.40466747,1.4201783,0.97937244,0.49317628,0.16314441,0.77896553,0.6327846,0.14502771,1.396861,0.5719146,0.96356773,1.3156202,0.7902951,0.23856178,2.1825817,0.13503869,1.6107891,0.8321765,1.6432668,2.333481,0.48390803,1.3623303,0.17682965,0.6378636,0.6483369,0.6906081,0.8613808,1.6588702,3.5196269,0.03469937,2.311888,0.10602485,2.4707785,1.3200381,0.63587505,0.5153081,0.00016916315,1.6930984,1.2482353,1.4006543,0.9979343,0.65367913,0.7667931,0.08835726,0.18980213,0.69933754,0.37460512,0.047122546,0.19909337,0.54600614,2.0466027,1.617367,0.16145429,0.5028221,0.5931648,0.17554793,0.60398936,4.695169,0.0023179306,0.57158774,0.19111608,0.29410058,0.9830224,1.4504161,0.56139296,0.41059127,0.3553195,0.8108481,0.83282596,0.18959363,0.1349004,0.5105673,0.54792887,1.7691913,1.514588,0.16037273,0.059551276,1.4275523,1.4227586,0.38198566,1.1843162,1.3048083,1.0700989,0.23340108,0.037069205,1.2686229,0.21314824,0.28139934,1.3444071,0.13325338,0.028475748,0.20988497,1.2209938,2.4872084,0.49185044,1.088273,0.48253453,0.9457009,1.8578163,1.8061011,2.6526887,2.6010547,0.093879804,0.061164357,1.4216228,0.8709626,1.0784383,0.07943527,0.69007844,0.24912804,0.23616545,0.9932643,0.4879004,0.29275772,0.7797819,2.8847942,0.27179658,0.90638846,1.4755846,0.4953522,0.9452976,0.39304897,0.21782887,3.6303663,0.67536783,0.46614006,0.56204015,1.1926005,0.8822961,0.17979132,1.3111213,1.2723929,0.13774449,0.5926151,0.928297,2.0663059,0.09433871,1.6559918,0.30902988,3.6496618,1.6944683,0.8131054,1.9116774,3.4982374,0.3702753,1.3358257,0.3640789,0.8620902,0.3082034,1.8337897,1.5851245,0.94708616,1.1736948,0.29212335,0.6565796,2.288678,0.19142608,0.3388158,0.69029224,0.49584126,0.23964064,1.6524001,2.9513955,0.4371666,1.5984808,1.0276489,0.22801602,0.7256317,0.44535542,1.5979245,0.41759256,3.5217876,0.6600133,0.75383455,1.8134288,2.2686954,0.07501195,1.4300578,0.95220214,0.9347374,0.49175367,0.018964715,0.16839892,0.26589066,0.41584653,0.42364466,0.8517444,0.7296695,0.678384,1.8716707,0.0,2.7419686,0.6508622,1.0756186,0.2020016,1.7108965,2.0637918,2.353545,1.4595658,0.37735152,0.5114466,1.0204313,0.15677989,0.04588493,0.6741458,1.5627322,1.8796175,0.1425222,1.250222,0.033272695,0.18253082,0.40141785,0.47382927,0.2145731,1.0103613,0.5310436,3.110298,0.63279706,1.3262213,0.4975279,0.34509435,1.455737,0.78778636,0.86647856,0.89335114,1.7479746,0.1253271,all_pothole_images\pothole_images_2_image_371.jpg
0.35330024,0.6998286,0.3330389,0.83990085,0.051947214,0.00028908456,0.4678392,0.99861735,0.37335843,0.012688218,0.6540334,0.16305104,0.7992167,0.029176928,0.32881102,0.1785079,1.1448653,0.48151278,0.03215328,0.78325963,0.14680724,0.26138777,0.21404651,0.26700008,0.8445618,0.23162143,0.7027843,1.1353565,0.41520375,0.29606992,0.6805683,0.1568608,0.5113248,0.4099016,1.0695703,0.63539106,0.4513816,0.34777412,1.2280257,0.0974227,0.56363237,0.45100254,0.3006948,0.56978387,1.0365219,0.7254981,0.505907,2.5155447,0.97228736,1.6201477,0.31337208,0.013977001,0.39275897,0.23524354,0.83844846,0.36116102,0.4690584,0.9127988,0.38698566,1.0028877,0.16088298,0.06937909,0.56713575,0.59503084,0.19348577,0.16326319,0.44223607,0.25304925,0.15254052,1.1186426,0.5880859,0.37264305,0.5367518,0.7149493,0.38953775,0.43004078,1.1311053,1.1294385,0.60454595,1.3711087,0.4837588,1.7156575,1.3657783,1.9335518,0.087694176,0.6517177,0.3203645,0.018752089,0.0718923,2.3020258,0.12617972,0.22039124,0.07881705,0.5777781,0.10875983,0.56889457,0.8666176,2.365747,0.49783152,0.98767316,0.49666917,0.59174293,0.3394664,1.2140064,1.7426738,0.10227917,2.6137433,0.4547556,0.4515366,0.075456865,0.9349401,0.45869884,0.4768447,0.5614008,2.0369744,0.6896108,0.637278,0.16746683,0.39771008,0.08459272,0.28841504,0.41800576,0.119324155,0.23814955,0.35751942,2.2408757,0.055202585,0.15408237,0.46810785,0.0,0.21996114,0.14572191,0.14480141,0.1567494,0.34319997,0.11832025,0.53539604,0.7625998,0.06724654,0.05613121,1.0490717,0.64857125,1.0448838,0.009334793,0.09322129,0.24944198,0.07379988,0.7980954,0.43175825,0.19379503,0.5677688,0.19166692,1.7147981,1.0590265,0.17827488,0.15986149,1.2974411,0.28049,0.33079904,0.13567756,0.5128462,0.4940608,0.1785757,0.8461203,0.13186564,0.8269793,0.04376366,0.21538833,0.02555188,1.3515444,0.6906332,0.07995834,0.29388306,0.78995234,0.48385525,1.1426892,0.36990348,0.531437,0.080825895,0.45491707,0.29621246,0.10140166,1.2973431,1.1351161,2.0204554,0.1315439,0.48963508,0.3794711,0.43699318,0.6608978,0.47134018,0.08671521,0.9047825,0.5813855,0.506221,0.7559668,1.1077209,0.30139196,1.2375925,0.64105564,0.8970215,0.0061853393,0.029763868,0.9701162,0.42772478,0.1457009,0.1475193,0.010363981,0.54700935,0.16413753,0.046613984,0.13583218,0.44412985,0.2750914,1.0937518,0.18710987,0.38855788,0.25567192,0.17546545,0.100888796,0.2198248,0.42924654,0.20494843,0.4342507,0.786878,0.5463218,0.9030652,0.92843854,1.3730104,1.262784,0.22737996,0.8003006,1.4061097,0.17943242,0.3451458,0.33706516,0.41875154,0.10244383,0.899567,1.8462418,0.21402676,0.54056984,0.3930547,0.15272537,0.9948637,0.67967576,0.4739847,0.25220507,0.58889,0.6143815,1.3739395,0.9907593,0.088621266,0.093312815,0.30062732,0.5730943,0.34171247,0.19514738,0.75314766,0.67868584,0.057940412,0.28813532,0.4625681,0.17943442,0.08048232,0.6114103,0.25311515,0.7422725,0.90832657,0.43856215,0.53396314,0.24993406,0.86163735,2.2456453,0.6153872,1.1212578,2.0769825,0.78137535,0.97504586,0.53303885,0.25404578,0.31938076,1.2264491,0.2130801,0.08992374,0.25703287,0.6254492,0.0804563,0.545248,0.6152379,0.5075668,0.36854538,0.29004502,0.30329755,0.5527074,0.37323773,0.55179024,0.08678323,0.22707292,0.6239962,1.0619205,0.26428637,1.3923261,0.35863107,0.33163837,1.1443388,0.88295364,0.42234018,0.26102608,0.7749551,0.20109259,0.6910679,0.025320793,0.82758284,0.14292735,0.5219141,0.03463918,0.24614541,1.3866882,0.25692812,0.108381175,0.27848738,0.13017066,0.14700915,0.1628698,0.41880098,0.43024397,0.14839906,0.24052978,0.36273098,0.4730539,0.19879754,0.019203268,0.48087835,0.10503462,0.15221691,1.3214768,0.5393665,1.7548963,0.8779045,0.27682862,0.50713056,1.657769,3.084285,1.0146534,0.2544737,0.046849426,0.20341276,0.7939345,0.15953901,0.82356095,0.5013323,0.29722002,0.12965749,0.66983163,0.374849,0.04359169,0.33289874,0.8805113,0.36488366,0.022876607,1.6291485,0.13186839,0.38812718,0.7892381,0.32868946,0.650621,1.2648963,0.026413964,0.5882199,0.40317217,0.28610107,0.12762088,2.6226423,0.219723,0.0051294984,0.6444689,0.25155595,1.133547,1.4696177,1.1496109,0.5323888,1.0473775,1.0523987,1.9193517,0.02874659,0.6338142,0.6655,0.35778046,0.16569346,0.07932022,0.44544476,0.0,0.10478478,0.83269334,0.81966656,0.13612874,0.010444885,0.25978976,0.30217236,0.40757775,1.8848104,0.5073707,0.37846598,1.2297206,0.7194835,0.7714283,0.6498484,0.09289212,1.740026,0.14255054,0.42116928,0.68213487,0.21738227,0.25735968,0.9427992,0.07316985,0.2733843,0.8074459,0.20492649,0.34713528,0.262445,0.0113622155,0.4482019,0.874579,0.5286126,0.3929834,0.091627546,0.15321194,0.019935202,0.8646589,0.32452112,0.595168,0.19954573,0.38028386,0.18520503,0.29634267,0.18950489,0.31580228,1.5197979,0.090643466,0.743612,0.25710195,0.3480507,0.5296246,0.32716456,0.09496431,0.6112674,0.061930627,1.3517919,0.6545527,0.25999856,0.51851296,0.0,0.9479582,0.4774124,0.31607196,0.093688615,0.2089653,0.049892657,0.38436577,0.16578461,0.3096291,0.066852756,0.7719545,0.014631249,0.62601644,0.045369357,0.12316511,0.34949175,0.2908756,0.3750901,0.6899382,0.27463853,0.5338446,0.28702727,0.28985578,0.037226453,0.50255036,1.1382184,0.46070346,0.26926154,0.6336152,0.023676833,1.1968744,0.56277525,0.9149022,0.37747255,0.76508105,0.120129794,0.17934202,0.041072883,0.088168666,0.109652996,0.90061474,0.15144362,0.21717252,0.21568571,0.20467389,0.15153214,0.020362942,1.0674077,0.051292185,0.03607974,0.13163182,1.3650371,2.5567198,0.052147213,0.2614119,0.18682684,0.33924463,0.5010575,all_pothole_images\pothole_images_2_image_372.jpg
2.60115,0.14830501,1.5628562,1.7007406,0.26627567,1.7297908,0.2676615,0.58515066,0.4774345,0.7329342,0.15874296,0.8067638,0.2233366,1.5961347,2.4923105,0.30791536,0.09452191,0.09778827,0.024247544,1.7388514,0.8771542,2.3924866,0.022645531,0.81078184,2.957157,0.39242554,0.7573873,1.5902511,0.5111471,1.0339652,0.9013901,0.2757564,2.7244081,2.24806,0.15719497,1.6612701,0.48790482,3.199857,0.07331346,1.2672588,0.24659966,0.5043802,0.7444808,2.3017514,0.16193736,1.6954817,0.37617296,0.26837647,0.83668417,1.7448019,0.7792776,1.583419,2.045792,1.3854336,0.25231957,0.8025687,2.476707,0.03820411,0.007976906,0.11985222,0.40646788,3.4920619,0.14355649,0.7687055,0.6310498,3.122353,0.022812577,2.4757621,0.49714717,1.5696046,1.1161939,0.22751904,2.0678904,2.7403893,1.5778964,1.4194809,0.2809962,0.6662005,0.021862675,0.36799404,0.4110799,0.26275703,0.5661847,0.28882325,1.3673784,0.1721252,0.7730157,1.6856676,2.037916,1.4834454,1.5434185,0.082218006,0.31485,0.1512001,0.9256204,0.7674204,0.26748037,1.294991,3.4008894,0.28083983,0.11260218,2.002416,1.550231,0.083121486,0.26174694,0.28278902,0.6499054,2.2033422,0.17425142,0.52946824,0.40499339,3.2603633,2.3686323,0.15447286,0.74023545,0.33215195,2.2782867,0.09325811,2.696258,1.7680545,4.2663302,0.16882005,0.7085729,1.3672096,0.6912344,0.27364895,3.0404563,2.119917,0.55613166,0.53059673,0.7818396,0.038874753,0.2502901,0.18305899,0.14023304,1.2434819,0.096737355,2.4624662,0.26374465,0.652545,1.5128702,0.3056642,0.63588846,0.05315489,1.725551,2.7678428,0.053816598,0.14971837,1.337557,0.30955973,2.0015826,1.2191372,0.7204072,0.08185841,0.9720424,1.0319539,1.6588167,0.12456879,2.811172,0.045702845,0.20535655,0.011132499,0.0050614425,2.0311253,0.027516186,1.1878313,0.32981935,0.96492344,1.6621084,0.4628501,0.23849905,0.9598217,0.4143822,0.43288523,1.1096399,0.56337047,0.7624222,0.46970206,0.35428217,1.0162162,0.12037412,2.2512655,2.5279026,1.2468667,1.4002717,0.9392965,0.5441189,0.92142934,1.9666163,0.3861603,0.7988653,0.5936199,0.0697664,3.406293,0.2893286,0.3134108,0.6598936,0.19766115,0.94700074,0.91526544,1.9804273,0.46289417,2.1899486,2.0960307,0.6207815,0.36015755,1.6132061,1.1143895,0.5852839,0.6951926,0.49242058,0.44630337,0.24780573,1.9436574,2.4214172,2.184199,0.7477122,0.17777938,1.2575091,0.17532979,1.1726506,0.9603145,0.53506464,0.2507505,0.36772987,1.1999404,2.220161,1.7951314,0.86838686,0.8836849,1.1922765,0.06323826,1.2499158,1.1814836,0.3910527,0.082722135,2.1462626,0.00030483725,0.2758373,0.69491816,1.3838012,0.5199474,0.3448213,0.39958712,0.4219902,0.8925274,0.21359654,0.38857704,0.8194469,2.3042786,2.379249,0.41400152,1.0513653,1.8751049,1.3112665,0.89706296,1.7572302,0.035648078,0.59163463,2.6663325,0.057804003,1.4372569,1.6717118,0.2430379,0.986818,0.9459069,0.10005475,1.5932394,0.18335876,1.5226932,0.5336631,1.0263909,0.18026742,1.1085268,0.3710137,0.49029595,2.2444162,0.39013368,0.051062156,0.683195,0.08974162,0.0,0.095702134,1.1286951,1.8105311,0.11472987,1.4194214,0.77931327,0.09144879,0.4983733,0.9711299,0.72620445,3.592935,0.047209237,0.0097602345,0.5359916,1.3776021,2.0428963,0.31409127,1.0398327,0.7335748,0.9846923,1.6513127,1.288351,2.2948034,1.5786412,0.9089422,0.31986925,1.8184674,0.5480205,0.9592472,1.4492973,0.6049334,1.739903,0.47494623,1.5337976,0.024487516,1.691004,1.8274446,0.364379,0.63167477,0.5535551,0.27527222,0.9907476,0.58903235,1.7484448,2.1184464,0.0013070191,2.4424043,0.5816306,0.061079316,0.038328305,0.27655008,1.3011104,0.07603522,0.9619476,1.6856643,0.7250446,0.6646684,0.688347,1.368769,0.3346653,2.2055976,0.013338087,1.9071285,0.7633894,1.7933527,0.18082586,1.4748183,1.0790148,1.0773163,0.5777952,1.7218899,0.3156417,1.1205094,0.63414365,0.19949831,0.19284748,0.88466126,2.3204193,0.47960156,0.6558561,0.19698697,1.6372449,0.6442966,1.2053028,1.8375795,0.0,0.26127458,0.2964484,2.6736155,0.17306031,0.8467413,0.19222964,0.16140443,0.30778998,1.7307546,0.3979595,0.6130748,2.478634,1.08155,0.13028874,0.66374826,0.34217623,2.2466125,2.346757,0.82674825,0.04402649,1.3806947,0.6162015,0.43073368,2.73561,0.15042797,0.38260427,0.103990965,0.72059333,1.6920227,0.1762408,1.1946124,0.87835616,3.4295087,1.2767229,1.68404,0.2145281,0.078233555,1.0269994,0.48874977,0.1951689,0.3072133,0.47571105,4.747661,1.0772334,0.083510116,3.5108058,0.21503912,0.086544,1.9449914,0.5893646,1.100974,1.3434448,5.721611,0.5133608,0.70362073,0.6054717,2.698264,0.058513038,0.37463322,1.2810537,0.78945386,1.9152399,0.028175028,1.8230468,2.323104,0.55881447,0.15073867,2.7445598,1.5558742,1.1809195,0.34188208,1.3265982,0.53727734,1.6256893,0.21245092,2.5645278,1.4072344,0.037111342,1.0499207,0.36316076,0.51232564,0.77785784,1.2435586,1.3267152,0.17138991,0.21173511,0.9898401,1.8918499,1.5537776,0.53156894,0.66968364,2.0019677,2.954813,0.7001346,2.0195172,1.9221079,2.390078,0.14311251,1.3525727,0.09567362,2.110943,1.3400022,1.5925363,0.12070463,0.16197109,0.08576893,0.95214796,0.23120196,0.33700487,2.874109,0.34959126,0.20576885,1.2209206,3.2301173,1.4312146,0.6286205,0.0004913577,0.30679688,0.3426889,0.4637871,0.78442967,0.08935952,0.5062071,0.13701992,0.27165338,1.2481878,1.4758145,0.6018303,0.015577656,0.6500663,0.1388772,0.70429087,0.49472955,5.4191895,0.22838596,0.4592752,4.0389533,1.1103739,0.0,0.25492108,0.32455993,1.427617,0.68822986,0.9371115,all_pothole_images\pothole_images_2_image_373.jpg
0.3527137,1.3829255,1.1465846,1.5391406,3.0931914,0.88210726,3.4907684,0.0033232819,0.6786703,0.40550715,0.96827745,2.1206982,0.6551303,2.5489128,0.15938501,0.41636676,0.29326355,0.8833436,1.865004,1.1622205,0.38249946,0.03207293,1.2849874,1.6495206,2.1495295,3.957348,1.1398562,1.9328283,0.5117764,0.15836285,0.3767548,0.28513753,3.4338493,0.066938475,1.247234,3.399355,0.37025785,1.545034,0.4128221,0.14647761,0.5272111,1.5079209,0.55466026,2.0601144,0.50947857,0.4679282,1.1647799,0.32127637,2.580741,1.1751449,2.5065496,1.118192,0.7375938,2.2528148,0.6442872,0.21294858,2.033261,0.021715414,0.26038823,0.6302814,0.9516419,0.23207095,1.0529598,0.6302211,2.4335134,0.90210503,0.102051765,0.09992326,0.0,0.53570473,0.93234634,1.3286597,0.6108946,0.15956964,0.51381034,1.9836168,0.94395554,0.5845186,0.81749356,2.183333,0.15469694,0.546958,0.42285705,0.19593938,3.1654327,1.5677211,0.37793946,0.0020915887,0.7239388,1.4985305,1.0909729,2.4880316,0.81159544,0.5457675,1.4235668,0.4345609,0.5282184,0.5516366,2.4787796,2.3558047,0.0030113885,2.0119524,0.1974659,0.11798895,0.74592984,0.004391328,2.103576,1.6222498,0.010151507,1.4874034,1.7268567,0.1751559,0.48881623,1.3916556,1.5863532,1.9091613,1.2289685,0.67031413,3.3621414,2.1099908,0.7135288,0.7538142,1.3258044,0.3917301,0.9693966,0.2700706,1.9564377,1.0605963,0.13302822,0.6314837,1.4977347,1.0113878,0.78523165,0.5813485,0.07730681,0.87632483,0.9836932,0.08327955,1.1640393,0.90493196,1.0123069,0.8006991,1.4713353,2.696274,1.524263,0.24433978,0.28362846,0.46238926,1.8178561,1.4324546,0.70173264,0.37898842,0.11712143,0.065020874,1.6104774,0.46555066,1.4479346,0.107847765,1.1331153,0.0752343,0.08539534,0.22936071,0.2893076,1.2663964,2.1743212,0.24116214,0.36763102,0.17758864,1.4556775,1.348221,1.6939652,1.3127953,0.80758095,0.9384186,0.5087279,0.64889044,1.1665481,0.47954816,0.18107912,0.37157425,0.103442274,0.78372097,0.9376885,0.16987914,0.7470278,0.49034962,0.50075483,1.7722868,0.036214802,0.6249331,3.4553063,0.2426292,0.049216405,1.5914179,0.861141,0.21986888,0.27280018,1.0948945,0.36619264,0.48925772,0.4704229,0.07657042,0.32223612,0.42235196,0.007350332,1.1079084,0.14591862,0.68784076,1.9101931,0.91205174,0.0009838386,0.4996791,4.244698,3.4990447,1.4554546,0.33873945,0.6459123,0.0060320715,0.62996787,1.6956846,2.559055,0.07120369,0.85233474,0.30776846,0.4664117,0.049325623,0.53383636,0.10324603,0.7059574,1.7046933,1.0116452,1.0572165,0.4490343,0.58876824,0.6833973,0.8452601,0.97441596,0.6751785,0.007277553,0.28881523,2.1734593,0.6311216,0.39711902,0.16373762,0.24918273,0.007095251,1.3463075,1.039304,0.1905116,0.9144496,2.5757694,0.17096132,0.28606993,0.49067828,0.30693817,1.6295433,0.30046442,0.1828599,1.610269,3.6968281,3.7765217,2.831698,1.2242682,0.46652603,0.06616908,0.51961684,0.0459831,0.5071966,2.1967874,0.8476631,0.5153146,0.022621647,0.010998723,0.19703223,0.2810319,0.90768564,0.75200784,1.4292868,0.6089083,0.64969254,0.0,0.5846787,0.3567623,0.79481614,0.34175047,0.59746665,1.3327343,1.613208,2.5148287,0.12741624,2.0176542,1.0888613,0.2496776,3.8281612,0.77120006,0.8873231,0.65558815,0.4366922,0.35941267,0.41489542,0.051828787,1.3708471,0.7898914,1.3213767,4.805461,1.0733242,1.2267909,0.038421735,1.7602209,1.7706529,0.8444016,1.4919592,2.6812289,1.9471942,1.0188248,1.9655192,0.039800387,0.33877236,2.0318868,1.6550156,0.5030209,0.71646756,0.4434302,1.5574646,1.3872316,0.57987946,1.0032003,1.318319,0.6654842,2.2928905,1.3251812,0.054624245,0.07870839,1.6330932,1.8837924,1.2351152,2.1716385,1.7800492,1.5254227,0.34433258,0.87024796,1.1426121,1.7937695,1.5420827,1.4037954,0.38724977,0.39377657,0.058754433,0.27985507,1.0915259,0.21395484,0.093581356,3.1718235,0.23172769,0.8777444,0.003950355,1.9959654,0.8386246,0.5750975,0.011365729,0.5625355,0.6677185,0.4011105,1.8423322,0.9475009,0.17871465,0.08451964,0.31986758,1.8358238,0.88662577,1.0291305,0.69978255,0.08331875,0.25324294,0.6102611,0.6782805,0.56793284,0.03639914,0.71427053,1.3148851,1.3751227,0.8372435,0.9661947,0.5894068,2.5672715,0.82685375,3.7033834,0.518729,1.9322017,1.0599029,1.3538768,1.0178833,0.5675458,1.1094067,0.4333545,0.08774389,0.80354005,1.5400375,1.5165576,0.08117209,1.4588567,0.63018864,0.24526043,2.1395526,0.82004493,0.25054234,0.060588825,1.7142199,1.2020473,0.40109977,0.0,0.16759138,0.78241867,3.5166314,0.22070761,0.92519784,2.2569935,1.0465927,0.8890158,0.13185824,4.6183896,2.6626961,0.44157627,0.35080877,3.603951,0.13803478,1.2481933,3.4588964,0.8498375,0.54928446,1.3342165,2.3261037,0.6855551,3.2247775,1.09206,0.6220366,3.8862596,3.3480697,0.7007131,0.73625183,1.6960272,0.48948652,0.13397321,0.53245836,2.9872649,0.31624264,2.8212566,0.01527693,0.44298875,0.90246826,2.123516,0.2938338,0.913608,0.74786246,0.42626843,1.1462188,0.12012973,0.27510586,0.559674,0.8947391,1.3350606,1.4411653,0.6899797,1.255485,0.90602124,0.09766555,0.8115276,0.6106359,1.5153861,1.9172924,0.12052485,1.1897858,1.870862,0.18532358,0.322273,0.1594203,2.5543895,2.3364384,2.7513094,0.091333464,1.5398875,1.2100148,1.538833,1.4798939,0.32287166,1.3909897,3.0846264,1.2414018,0.65155953,0.4783466,0.26930168,1.7501186,1.077588,0.044316534,0.68294,0.44349685,0.87533194,0.17460655,0.9344898,0.42079943,1.7326968,1.988317,0.38786933,0.15225706,0.35610187,0.9643878,0.07525524,2.109999,0.27377316,1.6901983,1.0699426,0.4073087,all_pothole_images\pothole_images_2_image_374.jpg
0.12465499,0.061223466,0.042890646,2.9022846,0.05693655,0.0,0.14918722,0.0,0.19972657,0.0024150857,0.6454802,0.020320348,0.0,2.328729,0.34750295,0.13498843,0.07218194,3.648666,1.0687526,0.15402965,0.55788857,0.06633083,0.31468746,0.11774039,1.4817159,0.061613224,0.93997335,1.6320736,0.15435703,0.0,0.0,0.17569639,0.0,0.28677306,0.0057136575,0.9454828,0.04365724,0.055336528,0.049026333,0.0022448886,0.010468028,0.55342346,0.6220904,2.161576,0.04877938,0.053488832,0.051576283,0.30184948,0.3057002,0.67727137,0.18768594,0.20463252,0.14373302,0.1702675,0.491767,0.4025736,0.64302194,0.45191446,0.01471048,0.6024476,0.656226,0.2762153,0.0,0.55537444,0.2043891,1.3079711,0.78547734,0.27106187,0.28381622,0.018190838,0.101468496,0.4791423,0.4504821,0.031749588,0.5721837,0.00061557395,0.13858002,0.37170577,0.0,0.02016649,0.008140748,0.29434726,0.805659,0.64405316,0.0,0.0,0.089090824,0.13859837,0.69602466,0.14217265,0.6104295,0.14308971,0.036205944,0.070274234,1.4152166,0.12302272,0.17824084,0.9970593,0.2822842,0.0034339095,0.31535575,0.5686977,0.035733636,0.0,0.6959352,0.15109424,0.49932843,0.18327485,0.061214376,1.2148559,0.0,0.7324834,0.0,0.80587363,0.4526044,0.0034304638,0.056553476,0.09088253,3.8109071,0.15898864,0.49990553,0.0,0.019568881,0.102914065,0.25633112,0.13600488,0.0,0.03510737,0.0,0.0,0.14772744,0.49669477,0.0,0.0,0.07449048,0.004720203,0.14445852,0.008542313,0.21026607,0.00074565364,0.0,0.014935133,0.7231376,0.18012919,0.10132947,0.16687863,0.46815282,0.019394511,0.26250768,0.028103093,0.018871764,0.065430865,0.06560524,0.37724295,0.8278997,0.31649563,0.11125486,0.11801561,0.2964435,0.73410034,0.8262662,2.149925,0.17889944,0.05871281,0.2921309,0.25343242,0.26198354,0.1624115,0.22733442,3.2562006,0.012269729,0.19733213,0.32358882,0.018610347,0.0,0.05166242,0.028901378,0.0,0.2830809,0.0004918294,0.3194564,4.4519486,0.16731067,0.3709807,0.95089483,1.2170029,0.2720537,0.06484777,0.29950726,0.07572065,0.056154814,0.0047231684,0.5334952,0.0,0.6836508,0.086860575,1.6893176,0.23890674,0.57495713,0.07716144,0.01962541,0.40352124,0.09069589,0.24586067,0.089864396,0.0053689815,0.0073907943,0.17654783,0.6766014,0.041104052,0.0,0.005919331,0.47194824,0.28019804,0.41533178,0.7725176,0.0369549,0.0,0.023829088,0.80894345,0.1401363,0.0107309865,0.28035763,0.08884548,0.0,0.04927055,0.3375421,0.018213551,2.7939885,0.96649414,0.26733112,0.0,0.30771828,0.007540032,0.15562351,0.2425764,0.06386907,0.0851034,0.4818805,0.20905618,0.13124505,0.13283592,0.14717834,0.3342983,0.016534671,0.002050694,0.15875208,0.7089702,0.1646019,6.2753525,1.325899,0.0056181825,0.0,0.07073502,0.0,0.13431521,0.26606506,0.8421995,0.58494115,1.5956035,0.013146158,0.22901581,0.19551037,0.89338994,0.31061432,0.5474102,1.0568677,0.21567886,0.057741787,0.10108679,0.49512628,0.034716923,0.40891355,0.06415763,0.4743878,1.5141579,0.07229541,0.0021136869,0.07765263,0.10689705,0.15458347,0.36574036,0.52303946,0.0033663153,0.0,0.20949075,0.016697673,0.21519199,0.019741869,0.13718651,0.0,0.6717628,0.20939668,0.11620747,0.13078958,0.55282146,0.01895309,0.09531118,0.2464272,2.8929656,0.21684296,0.4962507,0.12672576,0.0028470496,3.6174066,0.0066841724,0.026029326,0.0,0.32489052,0.53379387,0.06594349,0.24836591,0.20835362,1.972255,0.0101960935,0.095074095,0.0,0.97589016,7.944098,1.0320117,0.0,0.0,0.30082628,0.11551771,0.09790336,0.0009098819,0.24840502,0.0,0.017440012,0.0,0.72876227,0.041337777,0.38095972,0.3949888,0.04076873,0.0,3.6471581,0.73683447,0.016358614,1.4084855,0.0,4.348098e-05,3.1588557,3.3807354,0.8985608,0.14502184,0.0,0.5489069,0.54063606,0.0,0.15295653,0.20455433,0.16815242,0.31520754,0.0,1.2780118,0.0,0.5019212,0.15195446,0.13885728,0.0860197,0.23106335,0.79449993,0.0028737301,0.020928776,0.0,0.010486279,0.1460323,0.00053940574,0.026593465,0.3728763,0.014492122,0.5422714,0.39386564,0.014167107,0.39737943,0.029366925,0.04716438,0.3395584,0.060237534,1.1458117,0.0,0.006011949,0.8445923,0.0062609874,0.07752289,0.47171727,0.0,0.055703513,0.19458067,0.52680355,0.19176257,0.036848024,0.48060787,0.013868246,0.008141797,0.058710724,0.13596302,0.41759375,0.0063327076,0.13213526,0.69783604,0.09891626,0.0039061725,0.40954402,0.0,0.6600431,1.0822856,0.9586146,0.047395978,0.37717035,0.06308288,0.03290072,0.30199742,0.019069245,0.17538846,0.62933564,0.0,0.2671485,0.08415201,1.1724737,0.31828666,0.0,1.5803275,0.37669122,0.037526306,0.0,0.0,0.27692133,0.048163466,0.082518645,0.0,1.0113897,0.62406963,0.96312594,0.8415699,0.7923163,0.4974878,0.0031703128,0.06532839,0.37491396,0.0018113626,0.017940518,0.2175756,0.02328991,0.0043149437,0.009251111,0.27354708,0.06574871,0.65376765,4.497077,0.25171238,0.103999406,0.03282944,0.3341514,0.08905554,0.30877468,0.0,0.0,1.1738261,2.578782,0.03435526,1.381603,0.06589963,0.04109337,0.27368698,0.16922115,0.014881945,0.0021108813,0.2083346,0.09635959,1.411958,0.01210172,0.0014436615,0.21163224,0.21918198,0.32962582,0.055878315,0.089487694,0.0020505858,0.20956008,0.38704225,0.5179569,0.03284647,0.38183367,0.04022163,0.0,0.12646016,2.4197154,0.0,0.09302697,1.2643098,0.016815236,0.48466992,0.011779639,0.07973913,0.016535332,0.06497693,0.0028241042,0.0,0.8191985,0.93238807,0.77988666,0.27390757,0.07386877,2.134444,1.0158539,0.034569558,0.20950963,0.26954907,0.0,0.012300126,all_pothole_images\pothole_images_2_image_375.jpg
0.2426314,1.2449633,0.06195692,1.4590644,0.22935629,0.720974,0.13272946,0.33586884,0.022951392,0.86184657,0.42454645,0.67783535,0.49741402,3.918275,0.9844923,0.1007132,0.885941,0.8910648,0.33008158,1.4317832,0.7895757,0.74011767,0.20888413,1.2678059,1.9072251,0.79463226,0.32219034,2.7475903,0.40541375,0.014529957,0.23552625,0.15772611,0.008317472,1.4754329,0.8318799,0.052764297,0.34625867,2.1382291,0.1238863,0.26889947,0.0,0.27405167,1.7801373,3.251065,1.165612,1.8726214,0.15810479,0.16359983,1.6811148,0.29883954,2.0214992,0.14685786,0.34207138,0.18412897,0.06267097,2.643099,2.65846,0.71162564,0.44160095,0.01804221,0.10498919,0.3089753,1.4562851,0.30103835,0.9678273,1.3915492,0.02919381,1.3213086,0.39424098,1.0154306,0.8978533,0.07195439,0.73816866,0.58464545,0.96139807,0.09264506,0.02025322,1.5032959,0.0018744633,0.99660313,0.027682912,0.7343446,0.20291786,1.4144741,0.14434986,0.016802758,0.74884576,0.45360988,0.8615584,0.42685091,0.9624688,1.2838819,1.3769798,0.73763144,0.1236209,0.3637917,0.047380842,1.4713638,1.9178102,1.4586849,0.39389,3.1714115,0.8333408,0.42889777,1.5213155,0.74459624,1.1800885,1.499499,0.0,0.67252,0.10223526,0.22556928,0.5151086,0.7899786,1.4668683,0.13971677,0.15888005,0.37219626,0.5877361,1.9669425,4.1590605,0.02769813,0.011834438,0.6646384,2.3210003,0.41765836,4.4893727,0.0,0.5204967,0.22099428,0.57368326,0.06808142,0.01429041,0.13110119,0.73977566,0.2917122,2.407587,1.7875831,0.99285734,0.026366595,0.84426934,0.33311757,1.352577,0.17183699,0.18806496,0.7201671,0.0,0.088953055,1.708686,0.026489485,0.5220834,1.1934425,0.056820393,0.22856198,1.4192225,0.24441004,2.9684634,1.0733236,0.69723594,0.37461084,2.1189005,0.37508914,1.0303688,2.6761985,0.16304417,1.0792882,0.62200725,0.07334411,2.0776625,2.1072326,0.49042583,0.19900648,0.8250175,0.1260024,0.0077724857,1.1123893,0.5775045,0.17381708,0.09771952,0.621042,0.09796591,1.7431089,0.94544744,0.48072362,0.50760865,0.6514974,0.38114527,1.0904788,0.13584353,0.3191253,0.3842343,0.51079303,1.3314897,0.8878337,0.54536444,0.049374744,0.9629272,0.0,0.1527511,0.2092327,1.5161438,0.98549354,0.25134173,1.6930486,0.34088528,0.35911882,1.4905158,0.19214576,0.23453751,0.3659748,0.0,0.16045755,0.48049918,0.35329327,2.384386,1.5325732,0.21829002,0.3483892,0.19068643,0.25043347,1.2355385,0.06345129,1.2344968,0.29045245,0.0,0.12650858,2.0140772,0.020293677,1.8158388,2.0257483,0.21986109,0.11577317,0.9424929,0.118368104,0.010332681,0.040690985,2.863498,0.76727504,0.113525905,0.7127374,0.9568436,0.07001901,0.69007796,1.6672914,0.08705098,0.01832313,0.31734115,0.5443881,0.47406682,4.156569,1.8186234,0.12481238,0.06016651,0.47977144,0.056115095,0.91128725,0.21106377,0.3996468,0.18322551,1.980055,0.95700765,0.12444528,0.4753456,0.0,0.0,0.07008107,1.0755103,1.7337506,2.3379831,0.20030275,0.17058277,0.028480276,0.6991011,0.5570394,0.090124294,0.12381806,0.21584195,0.086855456,0.24208272,0.6169924,1.5135722,0.44864976,0.3911372,0.3607328,0.85306156,0.03733771,1.0208939,0.5019499,0.8560816,0.43809357,0.1438986,0.16580273,0.13655548,1.5384226,0.14102295,0.47843143,0.9900303,0.15381154,0.002336166,4.0906634,1.2992597,0.5516379,0.289063,0.11361246,5.3413806,0.46698457,0.19334137,0.0048858034,1.5848944,1.2372594,0.23319003,0.6259436,0.9772253,0.89338386,1.6741171,1.3356847,0.051403686,0.92974764,3.5183527,0.49133986,0.08553776,0.42821687,0.74756527,1.8566159,0.3892969,0.2534832,0.4404482,0.059670623,0.8775646,0.03466302,0.63565093,0.026038496,0.32055882,0.2825332,0.012657122,0.52468777,1.720949,1.4040548,0.30276126,2.2823956,1.0419002,0.25739887,1.5525554,1.2155743,1.0843177,0.090713926,1.1606857,0.43468645,0.31806517,0.1537467,1.2919687,0.19762261,0.40914077,0.73073655,0.7735898,0.25754213,0.08004619,2.2346296,0.43819058,0.0024842345,0.22450037,0.023680922,0.6081849,0.15891558,0.13256763,0.016670363,1.6211293,0.08400068,1.4646103,0.86007893,1.3092371,0.19382516,0.54779667,1.2699541,0.3060457,0.09730329,0.25673464,0.025675409,0.86009014,0.47222182,0.2597666,0.014181221,0.23347184,0.433027,2.070459,1.8501863,0.5282729,0.006019504,0.048915878,1.6554078,0.5972499,0.0,0.031286467,0.39211088,0.056707896,0.5723082,0.48756665,0.86405694,0.22699799,0.31779706,1.884306,1.8990117,1.0138332,1.0062349,0.11297179,0.89829916,0.111575335,1.1122977,1.890449,0.4379585,0.17504574,0.5887353,0.027063798,3.237509,0.6819039,1.0070114,0.11023411,0.47416562,1.1490344,0.30944157,2.2107382,0.14034668,0.6592982,1.1001673,3.4259045,0.21235192,1.1304375,0.01729305,2.0579426,0.11302059,1.2119005,1.2387097,0.19235219,1.1259867,2.1609113,1.0797538,1.3758824,1.2809207,0.06554198,0.16174443,0.1900333,0.7666308,0.36845174,0.21027154,0.06700148,0.07684834,0.2887378,0.11852974,0.46109042,1.1734724,1.8565129,0.11977051,0.50136125,0.00019722557,0.7689042,0.16112499,0.14707358,0.10602935,0.32177433,1.4695084,2.0868487,0.012033543,0.2290289,0.67006856,0.38336235,0.20005645,0.47657612,0.16932108,0.4406483,1.5213836,0.04476503,0.13966942,0.7177709,0.0,1.4038397,0.00974298,0.6517146,2.0057898,0.8784659,0.47268528,0.48664147,1.1768041,0.35403752,0.10340104,0.19772276,0.0,0.42225513,0.0,0.21603733,0.3743124,0.38422725,0.070754126,0.0447907,0.73351115,0.40862897,0.3135805,0.1628236,0.78044593,0.5843426,1.10365,1.0155656,4.2448006,0.037941128,0.1710419,0.5259497,1.3022838,0.45583436,0.2308524,0.0048472285,0.07192329,1.0760337,0.6723918,all_pothole_images\pothole_images_2_image_376.jpg
0.73738873,0.38743874,0.011791413,0.53298587,0.1434906,0.18618914,0.3372072,0.12566079,0.09170885,0.24291958,0.1270734,0.56303835,0.0,0.0074420515,0.4546275,0.0021101893,0.06720172,0.028527418,0.4159095,0.14656606,0.102531865,2.3824024,0.04117445,0.0,0.48316538,0.3449963,0.0076308986,0.6706085,0.12390674,0.3434344,0.33409792,0.20765588,0.14896885,0.026684089,0.0,0.061267704,0.0,0.3571302,0.36173895,0.8343718,0.032227144,0.15758413,0.1533026,0.27435198,0.32955784,0.0055271504,0.20143528,0.47406927,0.00019653054,0.05036866,0.44693157,0.1657329,0.33184704,0.75877595,0.34013385,0.19463822,0.30418587,0.22872391,2.1072664,0.34143272,0.09252943,0.7636356,1.3437415,0.0022486576,0.028002027,1.9009438,0.45133215,0.41001323,0.50530875,0.00078686886,0.38430712,0.0,0.005994109,0.09371069,0.032146763,0.023319215,0.10396848,0.047729578,0.043607965,0.40659136,0.107865594,0.006337853,0.1975667,0.4414222,0.40512303,0.2881804,0.58938724,0.48826987,0.8613544,0.48079237,0.066822685,0.47378704,0.0,0.09022069,0.038638417,0.043936893,1.6205009,0.9292224,1.0287402,0.34044832,0.40082794,0.03997436,0.18051809,0.15569545,0.073372245,1.0075431,0.24440861,0.25371793,0.28198183,0.03208502,0.055811785,0.76215285,0.054898817,0.026348885,0.30359143,0.34662414,0.103426345,0.57315224,0.08514666,0.53281003,2.595793,0.28508955,0.0,0.30734444,0.5630148,0.5091735,0.03227465,0.010062795,0.050213706,0.1748248,0.0,0.06879397,0.08797509,0.56581056,0.26253223,0.0,0.0040802844,0.7677262,0.016266955,0.37691134,0.07807741,0.9176855,0.0009544175,0.19648954,0.030531645,0.8265282,0.008686,1.7547649,0.040435195,1.5147728,0.054690816,0.011465816,0.04979868,0.5611635,0.68377954,0.12594701,0.0,0.022091199,0.47350675,0.07292903,0.41062394,0.34701818,0.379913,0.28581604,1.1455313,0.07210454,0.05589966,0.0,0.30766073,0.1442144,0.24454103,0.36343032,0.04450611,0.15767853,0.5397785,0.22428411,0.0017605728,0.010979132,0.4346301,0.020110019,0.07431545,0.33294654,0.9030409,0.20229144,0.0,0.2190305,0.67973137,0.018917218,0.6312949,0.6197653,0.081346765,0.10368401,0.48471764,0.95235574,0.2290918,0.021350449,0.20512758,0.38713166,0.4466591,0.12787628,0.04955301,0.19189003,1.81604,0.53833973,1.009086,0.09476372,0.0,0.1807024,0.06636066,0.18842342,0.17970161,0.033871528,0.38492042,0.3420735,0.28818166,0.014750284,0.22122493,0.07978382,0.018589389,0.13045835,0.19856958,1.9295295,0.30397815,0.44499213,0.31140664,0.0,1.1841393,0.0017358601,0.31071308,0.14196838,0.09173248,1.083494,0.15589137,0.24349557,0.08200001,0.5883897,0.2132205,0.004464753,0.22741169,0.30596948,0.16897802,0.04473968,0.03992423,0.089067556,0.13932984,0.0,0.009930516,0.16436684,0.49907315,1.1376982,4.7461815,0.12026275,0.3411919,0.104561485,0.5120263,1.2384778,0.84448886,0.4291701,0.10190469,0.43028343,0.3852092,0.10364113,0.815816,1.0849113,0.120828584,0.16576757,0.9514453,0.38698566,0.9331632,0.0655752,0.68071955,0.22991985,0.15902174,2.2961602,0.7718079,1.0751083,0.71873957,0.3711375,0.01011463,0.21767314,0.7605048,0.018987771,0.41913113,0.028961813,0.07396356,0.06673604,0.31087765,0.6620951,0.11732404,0.1777148,0.0,0.25955674,0.004020764,0.021337328,0.047332413,0.23826005,0.024283888,2.5334423,0.04487857,1.0676131,0.12791686,0.031318545,0.10924039,0.42981294,1.2277359,0.021101998,0.10752867,2.4041157,0.006148223,0.10134206,0.76906925,0.39843956,0.22898486,0.0,0.008937628,0.39440116,0.77020496,0.1888794,0.058788747,0.24465397,0.14475566,0.0,0.26517668,0.00019855463,0.0,0.23736382,0.4218425,0.122910954,1.1399907,0.05034426,0.23219943,0.0040747663,0.62990123,0.497866,0.101774186,0.3791096,1.4908212,0.23184595,0.007072962,0.037723295,0.22541599,0.2849662,0.89697987,0.4706346,1.9187782,0.14469866,0.15105054,0.59393764,0.35526383,0.81612664,0.33880147,0.37011272,0.00571338,0.6234039,0.14244011,0.10271765,0.7269773,0.120228395,0.17393573,0.6218245,0.047590945,0.87511605,0.15988864,0.0069163446,0.17887391,0.0046324423,2.8052318,0.070452444,0.036040973,0.051453818,3.9000087,0.27667564,0.3647244,0.0,0.20866656,0.24868196,0.11762355,0.22187252,0.09035452,0.06358882,0.13161583,0.0,1.0098999,0.56574047,3.5511324,0.746605,0.124341495,0.0044938293,0.48822576,2.7366765,0.12505172,0.12340171,0.08780882,1.0355079,0.03701368,0.0038408404,0.095960125,0.0,0.046052143,0.0,5.60397,0.3975998,0.08681434,0.5829579,0.4982211,0.48262087,0.11318586,0.2602666,0.75999534,0.09811918,0.41683415,0.7855709,0.3868498,0.63283205,0.2930214,0.011439635,0.08433212,0.015081768,0.17024179,0.14827788,0.3320361,0.33955377,0.0,0.5160848,0.4218676,0.0,0.120962285,0.5493684,0.26190528,0.20939718,0.30446106,0.0013294284,0.041527797,0.50582594,0.12664078,2.1781855,0.058042128,0.05267869,0.86080956,0.0044117803,0.037454534,0.13825832,0.3392246,1.17661,2.1547742,0.020414459,1.5749041,0.02450007,0.490629,0.07940991,0.09694446,0.4122429,0.36248,0.042159818,0.38572305,1.283897,0.02433824,0.11764451,0.47059226,0.39676347,0.26481467,0.032867666,0.0695278,0.02020128,0.73240066,0.1285196,0.57166237,0.07438736,0.24069059,0.031008832,1.5590181,0.44840184,0.17544793,0.6896834,0.19216913,0.13284715,0.0696736,0.18684922,0.0074346354,0.032074984,0.5997884,2.0944142,0.33271128,0.07489369,0.07656315,0.93235075,0.10502078,0.02266706,0.26955482,0.014158031,1.2099702,2.759882,0.006469796,0.027738772,0.08920842,0.12351184,0.19976763,0.043047823,0.032725144,0.13937707,0.008615214,0.46522513,0.13699813,0.06950723,0.10552325,0.44033375,0.12364831,0.42023507,0.28834864,0.09373933,0.5995784,0.12612453,all_pothole_images\pothole_images_2_image_377.jpg
1.3862647,2.5666807,0.57924396,0.2501478,0.9333577,0.2573732,0.13223295,0.445774,0.7113793,0.6306123,0.5428918,0.43555164,0.95819384,0.21522403,0.70441234,0.07103728,0.27043396,0.048139375,0.0001610867,0.44051328,0.28713593,2.0836642,0.068427086,2.8753088,0.28705135,1.6645902,0.042487767,0.84611446,0.32178777,0.53294545,1.6073197,1.530297,2.4319227,0.080546364,0.6192272,0.33658937,0.8674485,0.9656826,0.49312708,0.7231964,0.5491454,1.0142524,0.13959928,0.15107536,0.6153586,0.7177613,0.017645773,0.71055853,0.42763138,0.11274816,0.719511,0.75681895,1.7131437,0.0,0.08806763,0.6544429,0.7184409,0.11680407,0.13157411,0.082382694,0.48930773,0.018475838,1.155171,1.0954727,0.08265643,0.046671763,0.47601613,0.4067453,0.30933252,0.14347088,0.014424797,0.4240471,0.2654208,1.0521519,0.025466656,0.9652625,0.47263303,0.52950615,0.09419172,0.047747154,0.7145013,0.6639985,0.14069375,2.1072905,0.6042207,0.8478957,0.098301224,0.037833408,3.010068,0.05361907,0.45174462,0.23332284,0.026842112,0.52384365,0.109272815,0.04570184,1.1965904,0.43271092,0.22429246,1.7971596,0.0374722,0.693022,0.1518584,1.4158896,0.13982575,0.4223792,0.59475285,0.7626783,0.94972354,0.5655062,0.33760697,1.0428734,2.3747566,0.20521738,0.21581289,1.5272437,2.1277382,1.2689717,0.063568555,0.47948036,0.9381499,0.15720867,2.6342132,1.2685838,0.3758286,0.54872346,0.79972404,1.0978223,0.867277,0.73607945,0.83597803,0.032099895,0.060384676,0.43565515,0.26903066,1.0485339,0.14430073,0.48992768,1.6476418,0.48907626,1.0712254,0.44504765,0.023642994,2.2729921,0.95624274,0.15846235,0.27981535,0.4545295,0.7927889,1.1435392,0.44464105,0.26028678,0.1629073,0.5165666,0.20674962,0.12273523,0.5264174,0.13185397,0.0,1.128473,0.6267534,0.060533173,0.74554473,0.28952512,0.097558625,0.40561092,0.052981414,1.127349,1.1667292,0.13372439,0.31617934,0.65028554,0.7138947,0.09327103,0.41674244,0.32484967,3.2005525,0.01411295,0.27913994,0.16402766,0.037595112,0.9415934,2.4792197,0.7834468,2.1220138,0.84660184,0.9604801,0.2189761,0.9121347,0.76503783,0.30494323,0.43963024,0.9768345,0.97053593,1.1178651,0.35012943,0.03543431,0.09531337,0.5897045,0.5402757,0.8138085,0.78674126,0.89327747,0.86404526,1.898129,1.0845499,0.21617612,0.3827853,0.1580032,0.065856874,0.84556246,0.4761204,0.60475665,1.7711152,1.5340495,0.50459224,0.4633669,0.645912,1.2634876,0.08287632,2.5292296,0.5202656,1.179276,0.0001701619,0.13187492,0.038122825,2.4565706,0.0039095827,1.8269207,0.91137695,0.49977487,1.4074814,0.1588207,0.5352388,1.2148918,0.07119863,1.7308004,0.3922351,0.24825843,0.022446545,0.25722203,0.32792383,0.47540104,0.05729773,0.0067928936,0.10723441,1.179034,0.66095465,0.49737263,2.72311,1.846812,0.021955242,0.17498253,0.83285266,0.013303301,0.66534054,1.8604484,0.1462178,1.5307045,0.63125366,0.33059847,1.5549649,1.1831614,0.09264332,0.08186792,0.5614189,0.010405259,0.18398221,2.278258,2.0985398,0.9340895,0.17286704,0.061103344,0.41768572,0.41436198,0.4233291,0.612879,2.9551902,0.6197794,0.10510975,0.83496016,0.0012683307,0.7585221,0.43561217,0.5182952,0.15134387,0.2948092,0.6700791,0.83934766,0.108870395,1.368167,0.12564783,0.031924475,0.5210473,0.84159195,0.5020677,0.07007806,0.75216734,0.4025982,1.2402631,0.5697091,0.8836704,0.20900582,1.107178,4.2345285,0.106048875,0.22366238,0.96562856,0.13931586,0.0,0.23888299,1.509688,3.1412501,0.5627042,0.0035077184,0.4718324,0.01830289,0.78707963,0.13276894,0.73908424,0.119294226,0.08385685,0.19092678,0.34422076,0.5422513,0.18167427,2.0839834,0.44922015,0.4524187,0.8526065,6.1098514,0.23466063,0.02638032,0.8128686,0.6184054,1.4957385,2.1093569,0.71824163,0.07794171,0.010206242,0.47180602,1.028488,1.3964137,0.6264361,0.099300094,0.068396434,0.068682946,0.29610327,2.422448,1.1340741,0.095071346,0.8511371,0.28342187,0.48314697,0.27430296,0.59504634,0.59448904,0.045956872,0.42229685,0.8162895,0.88292056,0.0,0.7718577,0.37666997,0.0,0.5776232,0.45227283,0.9635888,0.31452027,0.9501564,0.8326173,0.37390783,0.95231277,0.46856844,1.1937467,0.68396163,0.673256,0.98906505,1.8634559,1.5153627,0.039159633,0.106694005,0.9887055,1.5817596,3.356816,0.16812599,0.79120696,0.057591192,0.10803328,0.8431668,0.98479164,0.6450785,0.072408415,0.91099757,0.033242032,0.66909486,0.39636764,0.26609927,0.32547486,0.034205597,2.9020417,0.6222226,0.31678867,0.816125,0.23849665,0.29522288,0.69399977,0.40065014,2.8189838,0.16580558,0.14626907,0.2975203,1.4077662,0.9327309,0.35459486,0.4980891,0.3297957,1.5826055,0.118238576,0.4781952,0.25263542,0.50672543,0.91173285,0.42760774,0.32064298,0.5815908,1.3659664,2.4851706,1.1142977,0.5800402,0.33269405,0.1511512,0.34258068,0.5694738,0.21142809,2.8012633,0.8928874,3.4016972,0.81522495,0.771695,0.7882622,0.2457665,0.07815372,0.62928396,0.15862514,0.61681324,2.4480114,1.0072855,1.9744594,0.35472238,1.0469693,1.0066903,1.5451646,0.61512727,1.1475933,0.0021579748,1.2866325,0.060633745,0.38709125,0.14495191,0.8116849,1.0154258,1.3141505,0.5126681,1.245008,0.076087885,0.6318368,0.27732083,1.8154337,0.71547246,1.1583533,0.8565852,2.4853625,0.22014952,0.016586153,0.051865634,0.69900495,0.5023576,3.1343033,0.11694852,1.4886568,1.0556457,0.3202901,1.0443176,0.123541035,0.4347971,1.8106387,0.32910714,0.8907436,0.15831064,0.33436713,1.2307317,0.19484964,0.980572,0.8931025,0.11350462,0.36486962,0.096865214,0.48693085,0.07765207,1.498406,2.7130442,0.43524233,0.5945498,0.8053975,0.94241625,1.1097025,0.2558786,0.8483684,1.0984612,1.0307573,0.28554264,all_pothole_images\pothole_images_2_image_378.jpg
2.0212624,2.656468,1.4542177,2.3755891,0.5952462,1.8242928,0.5459219,0.13138373,1.7998548,0.28543752,0.18260384,1.2934453,1.1759076,0.24447945,1.5381871,0.7790482,0.5845476,0.352962,0.4847949,0.67752916,0.69061774,1.5624626,0.9072712,0.44131935,0.1642556,0.24101985,0.15372175,1.8026552,0.003296178,1.864592,2.099638,0.68192583,0.43920887,0.993238,0.7667819,0.64476883,0.81190133,0.28505844,1.6231344,0.090722844,1.569385,0.19016209,0.05134079,0.53957385,1.3833821,0.33552068,0.085781015,0.32403657,0.65289646,0.815074,0.45155996,0.56485057,0.52914107,0.11436256,0.35107172,1.9297876,0.5388986,1.0568961,2.3123052,0.8582175,0.046984613,0.10984698,0.15585048,0.338754,0.401105,0.5173387,0.74381006,0.16169105,0.56628036,1.348227,0.3457577,1.136087,1.4452384,1.154683,1.0025792,1.6518308,1.307731,0.6436318,0.067925006,0.379126,0.830611,0.3542986,0.090510875,0.9231504,0.50781524,1.1789558,0.098777615,0.52231747,2.8975587,0.62753564,0.25467104,0.66712165,0.9127969,0.61217314,1.7433932,0.049389854,1.538705,0.530207,0.3496732,0.10485268,0.0058346726,0.011449918,0.40369293,0.25578952,1.8361026,0.35385862,0.0410297,0.1514264,1.0294627,0.24929476,0.07397572,2.9270236,1.550969,0.7764621,0.4166268,0.30843833,0.91210467,0.8019943,0.39717668,1.2077502,1.2860061,0.11548179,1.5908053,1.0296743,0.18345867,0.5320747,1.6693928,0.95854706,1.0444406,0.40089613,0.6916946,0.19351771,0.13435586,0.001116149,0.3459861,3.6761394,0.022545103,0.6241483,0.5964193,0.015698114,1.0354679,0.80846584,0.4382594,0.74896914,0.8699193,2.1667738,0.0029496371,0.2000781,0.43056035,0.86615944,1.231075,1.0475478,0.06861604,0.1482046,1.2154802,1.4812151,0.25152925,0.3333513,0.7932284,0.54364854,0.79644,1.1281779,0.31299278,3.0983899,1.7366109,0.9829215,0.37515098,0.07739627,2.2818613,0.06984894,0.044559956,0.13485149,0.081121586,0.26074478,1.8295935,0.3013531,1.5654166,0.005119239,0.47547704,2.0808868,0.12202584,1.1633713,1.127598,1.1298829,2.0490553,0.34413862,0.70752823,0.7500816,0.42970785,2.0276449,0.09885413,1.6972709,0.019985387,1.6160553,0.80102944,0.20188795,0.48002535,3.222346,0.5691449,2.992746,0.0054733106,0.6047277,0.68609196,0.7802306,1.281446,0.6960087,1.1249404,1.9141618,0.7679991,1.5650762,0.045080956,0.43695006,1.2040055,0.49983418,1.2508657,1.4606335,0.15811817,1.0030814,1.4837917,0.3872104,0.5764688,0.9253866,1.1831975,1.0007478,0.18397027,1.1091036,2.573375,0.32555258,0.574035,0.0110796215,0.16743532,0.5434535,0.007394102,0.18872444,1.750224,0.1853184,0.18849687,0.09576632,0.9877238,0.13987571,0.9915795,0.6753951,0.63345206,0.28789192,0.09721675,0.0046266383,0.5452799,0.23837392,3.007427,3.1968112,0.23159996,0.5815548,0.5969403,0.035345588,0.4694363,0.0,2.230859,1.7418543,0.23305671,2.5102503,0.13256817,0.19256186,2.0000625,0.31487775,0.69253385,0.9258302,0.64334625,0.5360385,1.8387737,0.64693755,1.7725924,0.05391331,0.006543674,1.351669,1.7642344,2.5494776,1.454743,1.5522847,0.5649201,1.2094642,0.001854037,0.12553723,0.23979223,0.4987192,0.9502815,0.39409122,0.40869498,0.047770467,0.47111273,0.75182027,0.1175706,0.4760487,0.03770054,0.97295636,0.49550882,0.06775778,0.58485377,1.5008374,1.1223655,0.42064938,0.41499957,0.13528132,0.3815214,1.1204422,1.82904,0.0004743806,0.8017567,1.4169698,0.16922276,0.0068692844,0.3088951,1.0814145,4.5539236,0.80881715,0.578836,1.1304228,0.20989552,1.1532725,1.3615775,1.1272748,1.0864813,0.0,0.026380217,0.23642948,0.74903524,1.0572221,0.18223609,0.86007154,0.98625594,1.3946341,6.600368,0.1471771,0.35732576,0.12304473,0.17451547,0.25475273,0.6706605,0.004722529,0.19412476,0.00168216,2.4935892,1.2328572,2.228812,0.27172285,0.19199803,1.4319315,1.0464581,1.3072143,0.001360325,0.93301636,1.0302362,1.0571811,0.04423506,0.42832163,0.3039124,0.28732324,0.23275515,0.9498088,0.029678091,0.550939,0.1750983,0.32616997,2.4846354,1.9506396,0.003017687,0.9416013,1.2332997,0.11024422,0.6784511,0.07783635,0.07604965,3.2202122,1.1626374,0.15637112,1.9315476,1.1528381,0.7984066,1.0883286,0.9582395,0.99147826,0.57900167,0.31054375,0.6321065,1.9357967,3.0543659,0.94816244,2.2510958,0.08977454,0.8089054,3.865798,1.3683923,3.0440917,0.110857844,0.5287764,0.32721695,0.38940027,0.7109764,1.5174024,1.369916,0.00523019,2.0805256,0.841686,1.2432328,0.19693191,0.61400396,0.16510442,1.089459,0.09320618,0.00041302855,0.3979354,1.6095397,0.8111459,0.3522845,0.79417914,0.00038660667,0.064235926,1.604599,0.47266263,0.7786138,0.0,0.9978633,1.777482,0.23619483,0.5923576,0.9663033,1.059951,0.55944026,2.038205,0.56440324,0.9577501,0.35567313,0.78860456,0.8082324,1.4432827,0.037402898,3.7137482,2.1877964,0.04896811,0.49955904,2.4006271,0.5012539,1.1214758,1.0409825,0.26334354,0.057840746,0.08626138,0.18567182,0.39995402,0.028425125,0.52055776,1.6850791,0.3032597,2.264736,2.6359613,1.1228807,1.8365301,1.0797133,1.3694707,1.5757256,1.4446545,0.79417115,0.7405485,2.4917257,0.84305024,0.69406265,0.4365591,0.3681153,0.0,0.59855944,3.3047354,2.2127264,0.28944293,0.70877033,0.30505008,2.0701444,0.48727456,0.5576602,1.7263582,0.30800235,0.90297383,0.10751185,1.9419867,0.9207821,1.9899223,0.05412225,0.57994163,0.63842046,0.122354396,1.8676847,0.29980424,0.15706694,0.007226337,0.18229157,0.14944325,0.0010638244,0.10585402,0.18228216,0.045594953,0.40560275,0.30907834,0.76224124,4.8154244,0.7878742,0.76899064,0.64173126,1.0263387,0.07438151,1.0825891,0.015463878,3.2654452,0.07086555,1.165411,all_pothole_images\pothole_images_2_image_379.jpg
0.24785611,0.6603673,0.3052548,0.7304302,0.0020804622,0.083714485,0.55879104,0.33304524,0.21325664,0.03414058,0.03446563,1.6129586,1.2883425,1.2498658,0.015039558,0.18827301,0.21272852,0.39863828,0.21722867,1.8508216,0.5287354,0.0,0.005205496,0.1801793,1.1361578,0.3302591,0.48750323,0.123167895,0.0056959083,0.02079877,0.47618288,0.2063424,0.0,0.33425006,0.7076721,0.5408717,0.29461968,0.23927645,0.18517748,0.05500841,0.65317863,0.49456125,0.049559485,0.096396014,0.0,0.083205044,0.40881735,0.0,0.08857501,0.04969775,0.7121059,1.1894264,1.786609,0.030799098,0.7401558,0.21164513,0.30074823,1.9563078,0.62407,0.08007775,0.029564215,0.013873458,0.14658307,0.023196133,0.5530006,0.0015449051,0.2316845,0.25585046,0.6176722,0.12652011,0.14945778,0.76635474,0.16823108,0.20881489,0.08195899,0.0,1.6613482,0.15952508,0.80677545,0.0888284,0.4977419,1.0739816,1.3314227,1.2434353,0.55276465,0.0,0.32310638,0.28120503,0.36536676,0.012915085,0.0,0.29434824,0.4144515,0.117824554,0.017800478,0.7597287,0.3047976,0.3272691,0.0,0.36518624,1.4596825,0.1620866,0.13633588,0.36708817,0.36637753,8.198044,0.63036203,0.03968124,0.44047815,0.08939827,0.57300174,0.013787597,0.29562023,2.0996473,0.055200823,0.03445821,0.41044343,0.9149264,0.06311396,0.06543246,0.64286345,0.91928023,0.045406573,0.00472549,3.545245,0.048923936,1.3060772,0.067897364,0.16875237,0.108352035,2.4109561,0.0,0.0,0.10856787,0.5457174,0.2070415,0.30304876,0.0,0.6406995,0.081352025,0.16368808,0.44846147,0.5074455,0.0,0.2572573,0.019498048,0.160377,0.58190954,0.06186513,0.24958421,0.0012033205,0.18078801,0.1278295,0.1910493,0.03798414,0.3394242,0.31707996,0.7703731,0.16533649,0.0921649,0.14142144,0.72414666,0.039831907,2.1751778,1.3210151,0.27815068,1.9746523,0.003233579,0.02150462,1.2563841,0.18054828,0.33066258,1.0851742,0.0042150216,1.5873837,1.2467059,0.43057585,0.3824528,0.034290235,0.0042289677,1.0480049,0.37713608,0.0,1.1122375,0.008217766,0.26852518,1.4084077,0.31413546,0.005681036,0.051823813,0.8959876,1.7076316,1.84223,0.94158846,0.5004466,0.98032236,0.15094082,1.5660201,0.29415035,0.0066972324,0.0,0.15051627,0.7510474,0.011062538,0.034630742,0.61847997,0.34787738,0.0,0.002951055,0.07086535,0.6346428,0.076308414,0.24602805,0.04180014,0.005300165,0.0,0.46676615,0.05875407,0.013991677,0.12162711,0.6133362,0.28434283,0.09311867,0.4951878,0.0028752012,0.047289535,0.1527532,0.0,0.26777384,0.0,0.11319387,0.43400338,0.8627543,0.19625024,0.122074686,0.4410898,0.38068542,0.0,0.11049576,3.251235,0.31355342,0.6146505,0.004747008,0.44216862,1.3284379,0.109966755,0.766288,0.09421538,0.034705676,0.47812736,0.008156666,0.3283735,0.27160916,0.0338223,0.8099934,0.0076591424,0.81879145,0.106075555,1.037528,0.13920218,0.08349327,0.21695468,0.13393451,0.6780425,0.16914052,0.09628687,0.6888397,0.0,0.4267325,0.11108676,0.096765496,0.68119377,0.014562263,0.026436014,0.27308053,1.1166589,0.24599865,0.4776092,1.6019013,0.20363542,1.415558,0.24955897,0.072823495,0.0046688933,0.50049114,0.33085772,0.14481449,0.39821625,0.5873334,0.47318807,0.9754911,0.009898628,0.06886913,0.25863916,0.9306599,0.35628408,0.30453503,0.08005754,0.09597439,0.43278465,3.4954796,0.01820849,1.0954812,0.028062277,0.31897292,0.04803097,0.06263323,0.085934475,0.0,0.77270204,0.0,0.0,0.0,0.0,0.3006916,0.13604535,0.0,0.34604937,1.0192691,0.21328986,1.3198797,0.1821436,0.2852041,0.0,0.039324243,1.0381564,0.025898296,0.3007174,0.033250827,0.045706555,0.0,0.039423425,2.1694875,0.06399371,0.61543,0.34399858,0.8337098,0.0,0.0,0.6757422,0.0,0.64063936,0.04448045,1.5616332,0.0,0.45877004,0.1601513,0.41089287,0.0996907,0.594355,0.16101737,0.52078015,0.0052795387,0.015267209,0.7546023,0.28993243,0.052449863,0.74124616,0.0,0.026507933,3.7302547,1.5970001,0.8941356,0.6900136,0.31069326,0.036583364,1.0320379,0.8712425,0.0,0.9305248,0.066408746,0.8936157,0.7294482,0.32076192,0.525632,0.8303959,0.20219004,0.0016296424,0.28865364,1.5595624,0.41241977,1.1926125,0.032691,0.52714217,0.43410474,0.9422365,1.285877,0.5304677,0.18150954,0.13871658,0.431051,0.70022416,1.7036413,0.21852684,0.0,0.16891612,0.022989003,1.6852491,0.98471195,1.0351936,0.0,1.6168231,0.0043337066,0.015678339,1.4491134,0.2110987,0.1630848,0.91407216,0.21483798,0.06847072,0.039613117,0.5225864,0.06289874,0.13453135,0.4667023,0.0,1.8018496,0.34632385,0.092895195,1.4539063,0.0,0.039933704,0.17281283,2.1557305,0.23364875,0.27727485,0.4379685,0.09597551,0.009840709,0.56698936,0.30707908,0.68268055,0.057801362,0.08684962,0.02370952,0.0,0.42691028,0.25847372,1.961755,0.0,0.37721863,0.62435454,1.029149,0.66288346,0.0,0.29325283,0.07723935,0.010571253,1.4796566,0.8683013,1.3850248,1.1806879,0.252657,0.12674582,0.34813797,0.13528654,0.15446243,0.052170552,0.735539,0.54060537,1.2403129,0.33808607,0.05360698,0.0,0.14835645,1.0426692,0.075318314,1.3343761,0.017124997,0.0,0.121895865,0.78067124,0.05980788,0.0033057106,0.064631745,0.0,0.5024938,0.79381233,1.205871,0.8115818,0.036078714,0.14505103,0.72999597,0.43232217,1.912323,1.7742325,0.090676084,0.12550654,0.65251946,0.019913243,0.008610193,0.037937466,0.09000708,0.38714755,0.001192669,0.0,0.008470998,0.45235777,0.04182902,0.030982824,1.4071437,0.3567084,0.021154625,0.33444485,0.00086558633,0.55492944,0.24917564,0.2745979,0.061176337,0.015357908,0.0,0.049434755,all_pothole_images\pothole_images_2_image_38.jpg
0.05626874,0.14005779,0.22715576,1.4563309,0.7211933,0.0,1.5728325,0.19705985,0.6720277,3.1221144,0.5859839,0.49129683,1.3769361,1.403911,0.1314474,0.290232,0.85519797,2.265199,1.9378939,0.3085239,0.12388532,0.87267333,0.22042657,0.49738497,0.622847,2.4942758,0.77468276,0.763694,1.5587229,0.39502224,0.6958633,2.0894885,1.5658505,0.08480171,0.5413809,2.0567071,1.187611,0.18786515,0.13821793,0.23967947,0.46462217,0.5830505,0.14753197,1.3712152,0.15738311,0.7082466,0.5595223,0.4482883,0.2474511,0.9373628,2.6163342,0.74686694,0.51745284,0.9043719,0.94997126,1.6333064,1.6708244,1.4537107,0.8659636,0.54042816,1.1070418,1.5106919,0.40387756,0.21557383,1.543721,0.8351684,0.42613092,0.42004916,0.17853892,0.4696234,0.262084,0.31020665,0.083130136,0.042921484,0.27413142,0.49375576,0.39971393,0.4577687,0.7600514,0.6052707,0.40144533,0.13252135,0.045030773,1.9253626,0.6488834,0.34977978,0.21865901,0.058180474,1.6502748,0.055002864,0.8382801,0.21625139,0.09658583,0.14793798,0.39451224,0.48686382,0.6573581,1.7788459,0.87766993,0.4690654,1.6869671,4.2399454,0.20090239,0.39324975,1.3975933,1.0011019,0.39724573,0.119458646,0.54566276,0.14490828,0.51061475,0.67955667,0.4746748,1.0151767,1.325796,0.32427067,0.7390397,0.6385883,4.134754,0.87330174,1.442517,0.42434442,0.3815612,1.4728594,0.22116874,0.4584835,1.8089343,2.170475,0.47326127,0.06753061,0.5088158,1.0161979,0.5878301,0.2378691,0.24606745,0.59423244,0.6205613,0.3194551,0.05720913,0.48582038,0.26628652,0.53956664,1.0614184,1.6271787,0.5311014,0.1507884,0.29231408,1.480636,1.63057,0.4408327,1.6022656,1.2726833,0.25554362,0.92379797,1.3020818,0.17928754,1.6547068,0.8739012,0.995621,0.3409381,2.0528338,2.2569652,0.0,1.6325767,0.16351783,0.22052549,0.8641167,0.2513816,0.45992446,1.8961682,0.83474106,1.2197311,0.2530572,0.3940235,0.5519868,0.076856464,0.29310673,0.121518746,0.20190011,0.11953515,0.6484368,1.7586219,1.4346855,0.4266219,0.19458272,0.63533866,0.028867438,0.6369113,0.28899404,1.4913925,0.4069533,0.016034253,1.4591693,0.6614657,0.06817827,1.100702,0.42712924,0.3149859,0.33301485,0.6599992,0.5560531,0.106831044,0.3011608,0.26028126,0.7106166,0.3942274,0.12395926,1.6671313,0.95734465,2.237513,0.012583263,0.86763686,2.8787367,1.8061968,0.8124668,0.4971828,2.049465,1.5537239,0.7325636,1.1420486,2.279292,0.38717866,1.2033533,0.39536044,0.6675119,0.047012083,1.0122662,0.12659045,0.54412574,0.2574963,0.4234032,0.37706476,2.0432503,0.2749811,0.039850075,0.11671639,0.2953357,0.3240596,0.004890385,0.14155594,1.047457,0.28104156,0.18952926,0.652292,0.12089497,0.024963431,0.1169524,0.2594841,1.9963558,4.680692,6.496872,2.2212646,0.13836704,1.6562542,0.519116,2.2154891,0.93436015,0.52900946,1.0833762,1.2809383,1.3406527,0.36987546,0.73320377,1.4268783,0.0833307,0.9694875,0.45678243,0.41016427,2.2278874,0.1895504,1.3670576,1.0100962,0.08079475,0.46172315,1.2150156,0.028093435,0.16797581,0.57985085,1.4725211,1.1298258,3.0394678,0.04064989,0.53278005,0.44842085,0.038634337,0.8223081,0.6890012,1.0519214,1.4920187,1.0043827,0.3609594,1.0512382,0.05986131,0.22678266,0.7405363,1.4892304,0.6213703,0.72722733,0.107676856,2.4917898,0.541248,1.6011324,1.3078629,0.21988878,0.74691075,0.2678621,0.07583081,0.032912824,0.10331654,1.1704361,2.7711306,0.74422103,0.94311106,0.94672173,1.3075885,1.7646455,0.10389506,0.5306793,5.257611,0.45465824,0.59713316,0.13904974,0.33508122,0.34665093,0.8226775,0.46231428,0.73734814,0.04986418,1.1155757,0.2862157,0.30917445,0.013417416,0.3495424,1.6577775,1.0338322,0.0064173313,1.7660055,0.5197292,0.10448535,0.42796722,0.17980404,0.36445186,0.9766188,1.7348583,0.89194363,0.34652314,0.00025483046,0.7449247,0.9805658,1.6014192,1.667687,0.2745804,1.1525996,0.27972874,0.200828,0.75414205,0.4730989,0.3527311,0.07321299,0.056463107,0.26711583,0.7428221,0.43762046,0.3851043,0.029915087,0.027710551,1.395281,0.3340153,1.0729698,0.44568902,1.0838572,1.1988257,1.278196,0.63208795,0.96497357,0.8462204,0.085426405,0.3781437,0.03352137,0.14935108,0.25465828,0.045577366,0.37115973,1.4994162,0.39900073,0.19917871,1.7033265,0.09061069,0.9954164,1.8017635,0.027413227,0.068450846,0.47613308,1.322109,0.0051629227,0.17595814,0.9025069,0.44267178,1.4750465,0.0,0.29892796,1.8984898,0.2659257,0.49728903,1.0189297,0.22027537,0.20622425,1.5059006,0.19796214,1.0777556,0.47735608,0.16168746,0.56720805,1.8533677,0.32376072,0.5058585,1.1952189,0.3243346,0.60278046,0.31334847,1.7500018,1.047141,0.09689836,2.1509697,2.4362512,0.15825531,1.2197572,1.1396714,0.10757596,0.6734229,0.8435937,1.2504716,0.2490442,0.93584675,0.5590581,1.5598503,1.7782564,2.8681512,0.14172459,0.0,1.1752357,0.15614429,0.41164133,0.015057553,0.28721914,0.039504364,1.4814038,0.5696389,0.0024507649,1.3307271,2.4647033,1.0567664,0.16361524,0.25608927,0.34156805,0.9699894,0.021025492,0.04043733,0.25506693,0.45763692,1.221819,0.25890693,1.7547517,0.0024652441,0.56949383,0.07066327,0.48345223,0.38215452,0.9895326,1.2121896,1.3385452,2.259825,0.3735831,0.02229923,0.0109406635,0.4221141,0.47773036,1.6247396,1.5049242,0.22816315,2.2636619,0.4564366,0.6635356,3.0136163,0.019487841,0.28047994,0.37224966,0.0354034,1.733165,0.45517075,0.06942814,1.5690141,0.7205705,1.5768386,0.64356714,1.4579325,0.21255672,0.40804955,0.5262504,0.0,1.0415126,2.2673788,0.5437777,0.13143954,0.20799719,0.627634,0.56518525,1.6649592,0.31095833,1.1803703,0.2877578,0.42750072,all_pothole_images\pothole_images_2_image_380.jpg
0.04670481,1.3213595,0.081436485,2.1437397,0.06675397,0.1372547,0.005153922,0.0,0.57602525,0.28665966,0.07809688,0.0372644,0.0029464087,0.73883337,0.19977789,0.13350795,0.052977804,0.8264605,0.1966245,0.08352456,0.17313236,0.8195,0.034971338,0.15076937,0.31677538,0.49531773,0.41233668,1.3040892,0.4618457,0.22273289,0.48727813,0.31367815,0.017545525,0.15046357,0.12349352,0.18974191,0.2601671,0.18737075,0.18401402,0.030232256,0.117095724,0.16149622,0.2678711,2.8002963,0.4256353,0.039896168,0.09470015,0.5438695,0.022447169,0.27048776,0.027936872,0.13614771,0.100240916,0.00026636847,0.16328011,0.4297267,1.059159,0.63014543,0.08394449,0.0010824661,0.028547414,0.06259337,0.15554526,0.1453029,0.41644692,0.38386962,0.1416662,0.00547205,0.07986269,0.21319474,0.13859473,0.08729629,0.3594366,0.028175492,0.5073927,0.04411125,0.046427365,0.32896233,0.053350452,0.0,0.0,0.5542169,0.55651605,1.8043447,0.06977915,0.0029206201,0.21574077,0.051729664,0.95212233,0.09989002,0.009954478,0.10072044,0.07852632,0.12366956,0.45908985,0.0673745,0.08124212,0.86133754,0.3062461,0.060000934,0.12083802,0.011321975,0.10986889,0.3143013,1.7689372,0.023607755,0.123482406,0.0107307965,0.23354709,0.4599917,0.0066459007,0.51284903,0.19773841,0.0,0.30688927,0.063235864,0.32648003,0.043725304,0.90350634,0.072038114,0.6023354,0.012548387,0.009116478,0.47141308,0.17298982,0.36021137,0.2812995,0.015965635,1.7477846,0.009071742,0.07948506,0.08146398,0.081442796,0.021409059,0.42612603,0.18999243,0.07643066,0.4558598,0.3975956,0.00041447868,0.0793756,0.34496105,0.41773313,0.058503956,0.0012398151,0.120879635,0.003982907,0.15622492,0.20252846,0.16696912,0.59297776,0.006014494,0.031375643,0.3622364,0.5617111,0.19267912,0.0,0.007490611,0.3382211,0.26413488,0.47585264,1.637694,0.33233416,0.17318301,0.55709815,0.06249234,2.1713057,0.1556596,1.8098339,1.3785603,0.056614053,0.0,0.0,0.060192738,0.4130825,0.06965973,0.49470443,0.05312351,0.5425756,0.15668665,0.0,0.23981409,0.67535883,0.080233954,1.5435809,2.2025986,0.23360816,0.14360005,0.0,0.29749072,0.17225191,0.0527824,0.67207927,0.68302524,0.1993014,0.0,0.63265365,0.13425703,0.14917834,0.2898033,0.13346916,0.18867575,0.044673618,0.23581724,0.2674427,0.3786913,0.3246782,0.11263768,0.90085465,0.111986965,0.04788429,0.22311191,0.2834475,0.052032504,0.9637721,1.3379023,0.0027588746,0.50984734,0.32718867,0.23012361,0.58666897,0.032618083,0.19791284,0.06627397,0.00078591215,0.0,0.82807094,0.004607029,4.001357,0.31231248,0.22672126,0.052204516,0.048174016,0.013823708,0.038643077,0.04689761,1.6791447,0.0,0.039912015,0.07258012,0.10512145,1.2040464,0.5521041,0.36863193,0.04980914,0.32082495,0.5751637,0.081005126,0.9081173,4.729905,0.44366828,0.24185137,0.07150923,0.1079525,0.0036951224,0.11736361,1.1295457,0.16046616,0.042592864,0.838645,0.004253868,0.24757649,0.2546489,0.13346025,0.5100227,0.090895414,0.0011315934,0.4417462,1.2363412,0.09569302,0.030889846,0.0053338506,0.16459766,0.0028667187,0.72511625,0.45338514,0.04377529,0.61324275,0.05518812,0.18248953,1.397108,0.011578365,0.26559466,0.48503697,0.23229918,0.8390785,0.2684141,0.02688438,0.81000227,0.007359976,0.005257464,0.026021922,0.041043572,0.17245694,0.03225693,0.14687996,0.002617842,0.9288101,0.2158825,2.0077567,0.18896486,1.0105233,0.004769196,0.009011599,6.4871464,0.03294989,0.21139789,0.10675905,0.08991333,0.056574114,0.0,0.31940362,2.729144,0.8551332,0.28545225,0.116875805,0.11710241,0.06886801,3.658433,0.20793107,0.016343173,0.33135802,0.088665344,0.4341721,0.045445863,0.24041659,1.7422597,0.0,0.20586242,0.026724404,4.4169135,0.14034635,0.254968,0.19462648,0.009969157,0.001792431,3.0303156,1.0526651,0.12947994,0.1523435,0.07569696,0.49036732,1.3157308,1.0417881,0.9272311,0.06435037,0.0,0.82896984,0.40254408,0.5438665,0.22328189,0.2241171,0.014544569,0.6059848,0.0042171986,0.034140266,0.0,0.9652985,0.09070673,0.21443717,0.4164339,0.9201864,0.33826312,0.14110762,0.44385302,0.0832215,1.1184012,0.021298792,0.043404873,0.55884385,0.45846772,0.012032427,0.020067789,0.016793637,0.040261116,0.19310124,0.29459745,0.051832873,0.10976697,0.071732804,0.14118534,0.053856872,0.17339975,1.140473,1.7101104,0.08379963,0.2482577,0.06669138,0.0,0.20808582,0.33355024,0.1579827,0.07020165,0.46238473,0.0,0.027654586,1.4652387,0.08688847,0.18551025,0.09166158,0.40911546,0.23177396,0.13232058,0.25519547,0.15554808,0.20721985,0.23886509,0.7421634,0.13534465,0.043575957,0.12771921,0.85965216,0.01057749,0.24829485,0.23479806,0.016810993,0.42117324,0.40251848,0.2965324,0.11047546,0.86742663,0.057811856,0.11283404,1.6382418,0.19434573,0.049399395,0.40718207,0.24869238,0.012176195,0.19717655,0.2661677,0.0037710331,0.20444854,0.15352839,0.007821965,1.2446612,0.057933114,0.05032336,0.086571455,0.4155021,0.03745574,0.01969009,0.1535607,0.17818795,0.088103555,0.007155403,0.08330188,0.331885,0.5358096,0.30750188,4.4127088,0.087700464,0.011127535,0.0167095,0.5472216,0.48071012,0.050647896,0.17109236,0.073380455,0.7563731,2.0377665,0.010361428,0.3591661,0.0,0.35391697,0.0,0.030889925,0.018637944,0.25891942,1.2863867,1.5298004,0.49357605,0.048838645,0.0,0.019221472,1.2665976,0.026584396,0.9558462,0.0,0.22897822,0.002366269,0.30289832,0.95222306,0.009865647,0.03766253,0.22233601,0.15442204,0.005599314,0.5804831,0.0,0.45001635,0.6477272,0.0,0.018117527,0.0,0.009012473,0.0047392705,0.017173126,0.0321246,0.10949362,0.027685544,3.2282557,0.7636786,0.30582258,0.033005457,4.227899,1.1350018,0.03353904,0.018227413,0.2231286,0.017180793,0.13646445,all_pothole_images\pothole_images_2_image_381.jpg
0.2999482,1.2481,0.32153505,0.59156936,1.2060027,2.2597365,0.06759763,0.40749615,1.0552018,0.14677276,1.3097079,1.2466922,0.04616131,2.1873584,0.24991539,0.29117462,0.27273637,1.2979672,0.24139178,0.33298835,0.19737037,0.309206,1.6682683,1.9000359,0.491608,0.004944869,0.6116793,0.72179383,0.8388093,0.4308051,0.17089401,0.007687142,1.3713706,0.2501684,0.028060162,0.2543375,0.68106514,0.1569058,1.056297,0.35130006,0.11546771,0.7121499,0.259206,0.6375421,0.8735321,0.36712152,0.0935238,0.13791293,0.68448895,0.22618179,2.4635997,0.5564157,0.17441307,1.3778704,1.0065879,1.0870142,0.78023213,0.20907624,1.5690705,0.4242761,1.9215785,0.12747665,0.8400192,1.1259353,0.13117217,1.0703435,1.0368133,0.28375715,2.114379,0.08713872,0.7903162,2.4290705,0.8593871,0.7463155,0.082830206,0.22710817,0.078531295,0.39558542,0.015098473,0.10264342,0.10819489,0.7205092,1.1503458,0.32780823,1.737308,0.2517646,0.21075311,0.184001,0.31654498,0.6744637,0.4302929,0.30419862,0.16351958,2.9339666,0.3459558,0.5401719,1.1169894,0.64492697,0.09573496,0.8017244,0.34541258,1.6539277,1.0894547,1.974878,0.090693995,1.0119725,0.41109622,0.7993986,0.11354818,0.97254336,1.1748083,3.112921,0.12655827,0.84787834,1.1062768,0.07793329,0.6630095,0.29092723,0.7000709,0.70071054,0.5556247,1.1197232,1.6188295,0.15714693,0.9614712,0.34898517,1.5976182,0.74999285,1.3666606,0.74131596,0.43460175,1.469716,3.7078826,0.5742261,0.31588262,0.6713558,1.5091387,0.4532406,1.6496654,0.86295384,0.23034775,4.188405,0.36887404,0.50955254,0.16468194,1.3006684,0.34816748,0.34000555,1.3861613,0.3210612,0.007814992,2.5468185,1.3592341,0.07841074,0.8077998,1.1403462,0.022380626,0.4749183,0.0016707844,0.12851097,1.8221581,0.88061863,0.72472405,2.784023,1.1349506,0.9988972,1.5839798,0.9626108,0.13171476,0.9716544,0.7715923,1.0701921,0.2898281,1.0911617,0.32593265,1.1094837,0.4156755,0.13376738,0.9301159,0.9309014,0.87834,1.841881,1.1190394,0.20278049,1.6320839,0.040168654,0.09414501,0.63530314,1.0215648,0.24599998,0.6501017,1.0523316,0.12486929,1.4106117,0.4262745,0.55568844,1.3670238,0.43147874,1.4589626,0.9861828,0.117030874,1.2719741,0.9337147,0.7050321,1.2011328,0.30518827,0.17228168,0.030816562,0.840834,0.18341167,1.8558917,2.2093685,0.72215456,0.47162744,0.3653063,0.3703751,1.5022672,0.23188235,0.28793043,1.2962402,0.53100103,0.558755,0.5988669,0.2735867,1.1037378,0.9531409,1.8486178,0.2515465,2.0324357,1.4717674,0.21370652,0.5036194,0.6400848,0.018125849,0.9550059,0.18863954,0.76315624,1.1706893,0.86897385,0.7193724,0.70079446,1.6677376,0.5490898,0.96607316,0.048275042,0.09989381,0.25274333,0.51807755,1.5587993,3.620616,0.39735088,0.41450375,1.753952,0.0,0.2574854,2.6117604,0.24779733,0.6604124,0.62609893,0.6313896,1.3905191,0.89519703,0.76620185,0.58629537,2.0659602,0.7512213,0.3324275,0.48803422,0.35106444,0.080557734,0.4141159,0.4507351,0.031571407,0.5771186,0.009574053,0.36635074,0.37748212,0.7499402,0.08854087,0.7668761,0.104555964,1.3505566,0.3262668,0.017637303,1.860306,0.2599209,2.2761168,1.2133952,1.3108833,0.07951882,0.08102938,0.57209295,2.2213774,0.6726186,0.8348105,0.3968224,1.920725,1.7721233,0.4690824,1.7375199,0.7221355,1.0722271,0.11361381,0.18822245,4.2570715,0.9993325,0.7862639,0.1812321,1.0074031,0.20244384,1.4307008,0.7059596,1.4365997,0.98470056,0.031834528,0.39761952,0.9431472,0.19383392,2.8484223,1.3740577,0.95897985,0.27982146,1.2247556,0.0013354544,0.94041955,0.77697676,0.24689402,2.3455148,1.059425,1.2068405,0.5994728,0.27478904,0.4046545,0.23016539,0.4806232,1.8591661,0.816035,0.8747969,1.3717669,0.6738513,0.08799395,0.6435915,0.16107714,0.6799984,0.23731099,0.36056113,0.862484,0.32433814,0.0048725447,0.7268565,0.06673419,0.95236343,0.51029813,0.7314479,1.06576,1.0119854,1.7070185,1.6647758,0.47325265,0.0064130994,0.15208854,1.1188184,0.24231821,1.030733,0.38729203,0.6217471,0.7511336,0.36400902,1.3137207,0.6442062,0.9174042,0.85520047,1.2830149,2.928283,0.35201657,0.76155555,0.14888152,0.53532064,0.07457669,0.60010356,0.602738,0.72652805,0.36966082,0.87271357,1.0130941,0.51228166,1.8199295,2.009858,0.8774997,0.90969896,0.59553623,0.45696607,0.1322457,1.243119,0.2756409,0.28530827,2.3748572,1.2213813,0.9003895,0.29325584,2.8947244,0.39397445,0.09257531,1.0203972,0.56683046,0.20537849,0.26389122,0.36598453,0.058886196,0.8235176,0.0139169255,0.21935931,0.528124,1.1225652,0.06170435,0.9329694,0.16037059,0.65776086,1.4742194,0.40147457,0.48441276,1.1815481,3.953399,2.6054933,1.1047515,0.73782986,0.081544414,1.4506637,0.72433037,0.59161246,0.13198657,1.8106875,0.5037823,1.0109781,0.9436702,0.34834495,0.20551398,0.267884,1.0313878,1.3651484,1.1917589,0.18556467,0.3518744,0.16553313,0.38746014,1.431415,0.53388727,0.1036606,0.64404154,0.8328637,1.2390846,0.40539837,0.5303154,2.062317,0.24627775,0.36041555,1.3578781,0.049174678,0.5931997,0.6969838,1.6885419,0.8619922,0.5418361,0.73568445,0.63786274,0.8786553,0.84049433,0.30685243,0.08638153,1.1957347,0.23947331,1.1180326,0.062595874,0.56620973,0.56095034,0.31285977,3.1944823,1.5294007,0.09639639,0.020094689,1.1758021,2.0218759,1.2646111,0.56727624,0.47740483,0.6757526,0.48991984,0.16958357,1.326681,0.035140008,0.6542606,0.6934264,0.19778074,0.27375764,0.45176736,0.3681295,1.738497,0.095405914,0.1625671,0.34141165,0.63045424,0.6831718,0.60713285,0.2182593,0.12438498,0.12438889,0.8096587,0.11687984,1.5771337,0.21333963,1.6237768,0.034825835,all_pothole_images\pothole_images_2_image_382.jpg
0.9259357,0.540247,0.106212474,3.1010778,0.489707,0.17163414,0.06777385,0.03384094,0.3764987,0.009341717,0.110544845,0.24399449,0.46876985,0.047092278,0.16693301,0.28601322,0.035839953,0.58263445,0.2960982,0.08582666,0.08464052,1.3581097,0.04657591,0.0005572197,1.8186967,0.12571768,0.20287701,0.8162326,0.46889207,0.60832125,0.7547961,0.27053785,0.48144042,0.12283398,0.25066504,0.15939566,0.39693862,0.59793645,0.24117857,0.1672699,0.09574791,0.12241645,0.017810203,0.4633925,0.6420484,0.09370494,0.017414736,0.006193651,0.047755986,1.3500342,0.06555501,0.3943023,0.031691175,0.017911796,0.034601327,1.2724673,0.38323095,0.14763884,0.011421491,0.0,0.024958406,0.28193817,0.22652854,0.6917782,1.6955837,1.4077865,0.009560606,0.0,0.8683371,0.079278305,1.0525708,0.31941628,0.3226448,0.7573028,0.45141888,0.18756348,0.037569027,0.3465431,0.008336043,0.032258384,0.38815758,0.4948303,0.021601506,0.0,0.5519801,0.1545009,0.48884284,0.16194776,2.3599827,0.20001805,0.029735114,0.10453118,0.035461307,0.2451459,0.019119933,0.0018827146,1.3572973,0.17241411,0.019460233,0.28067753,0.0019371511,0.87518746,0.5991881,0.0,0.5023554,0.93815005,0.78102,0.9989,0.15417248,0.042776953,0.000308794,0.116426736,2.3025076,0.2627827,0.7649593,0.94129586,2.3369446,0.1054953,0.38364387,0.8828584,0.5384568,0.10469874,0.4135072,0.050030287,0.0,0.88116485,0.08763946,1.3344194,1.6368291,0.053574894,0.13015588,0.0,0.2950034,0.1282297,0.07230052,1.1977063,0.16540393,1.04082,0.7453794,0.0,0.33032024,0.26024836,0.017084947,0.49440232,0.40853646,2.1395674,0.006255089,0.98493993,0.44859722,0.0141297085,0.30235627,0.5258546,0.44016775,0.008987007,1.1060674,0.31964523,0.51071393,0.0,1.9692372,0.60621667,1.2031437,1.4418987,0.0042411806,1.4404569,0.00038915972,0.23059905,0.35014108,0.5030457,1.6268796,0.26025566,0.0,0.20190452,0.07431059,0.000869063,0.9547347,0.23793039,0.9732711,0.07350357,0.08136657,0.14629154,0.008645855,1.3204389,1.3033953,0.2812813,3.2957377,0.4283126,0.06300638,0.053563222,0.72633284,0.6170782,0.0,0.089979135,0.12558647,2.0785708,0.05183511,0.18244721,0.24964982,0.15566829,0.23997848,0.85591125,1.2163391,0.3155323,0.6928983,2.3175023,1.4498439,0.32165113,0.38699684,0.34945032,1.0560519,0.4147643,0.0,0.0064123613,0.42022964,0.3792313,1.4911067,2.5772662,0.06559827,0.10800661,0.06486105,0.084171996,1.1554484,1.0379652,0.17589702,0.036565028,0.0,1.4373019,0.4971344,0.7152842,0.5242954,0.422741,0.35219145,0.3514452,0.55973274,0.17511642,0.11764447,0.13601774,2.8106372,0.0024910576,0.5850625,0.7426563,1.0440531,0.11562859,0.32217196,0.012689179,0.3310163,0.033649944,0.74886066,0.4769646,0.005890139,3.8540125,1.5112859,0.048999794,0.83124197,0.030268455,0.0,0.14493312,0.41456378,0.2584604,0.14989007,1.2319114,0.0050534555,0.26021534,0.4372294,0.082348354,0.5209655,0.8287042,0.9361846,0.033278346,1.21041,0.48618737,0.10202361,0.1160902,0.066767894,1.2466449,0.044882424,0.80449426,1.2922351,0.7250014,0.20178947,1.5693898,0.5361719,0.072340615,0.6068228,0.21164998,0.040508818,1.3246562,0.21774147,0.28849864,1.3012608,0.82944566,0.0,0.006591277,0.324256,0.45866534,0.03161592,0.0,0.059586592,2.0928864,0.13801602,0.46244594,0.7250308,1.0089006,0.024953417,0.3229611,4.33692,0.9073121,0.0009431854,0.6126389,0.0,0.27320617,0.08832581,0.98349804,2.260908,1.6300672,0.24921037,1.1416292,0.0,0.96335304,1.4962028,0.09775527,0.47343516,0.0,0.0,0.062355045,0.32854438,0.09826098,0.5934749,0.012675545,0.031962376,0.01859022,5.0540156,0.18002027,0.030774778,0.0,0.000276242,0.0,1.2813373,0.08810502,0.370781,0.29127717,0.3829745,0.51779467,0.9780527,0.56116,0.13260093,0.6356951,0.34936056,0.0649339,0.10212781,0.037734877,1.2184532,0.17240602,0.054841522,0.12106743,0.04785276,0.0,0.39570072,1.7737523,0.40783012,1.5064478,0.15897298,0.010786599,1.105905,0.45272484,0.01477395,0.0,2.251771,0.038857523,0.106129184,0.07751255,1.4728228,0.068176374,0.0048503955,0.0,0.19771366,0.073245734,0.027992073,0.45642143,0.0,0.312786,0.0750849,0.043235034,0.044492822,0.60189664,3.8230484,2.5274692,1.4472997,0.0,0.087659374,0.26977327,0.34809166,0.53441036,0.16218385,0.00540612,0.0,0.014667481,0.8951023,0.20869562,0.0026814223,0.1422108,3.1885512,1.050035,0.11860479,0.32968184,0.95641667,0.044484295,0.52537924,0.062699795,0.12564474,0.18759175,1.6133015,0.18972073,0.0016207837,0.44561946,0.009127686,0.11549533,1.3422335,0.33220378,0.4102998,0.014865447,2.0587718,0.14648288,0.35050076,1.9827601,2.202315,0.05015812,0.33581263,1.7102318,0.65103996,0.2670532,0.5224036,0.037492383,0.23071861,0.25635704,0.12350078,2.4883165,0.4602967,0.4221843,0.0008854129,1.5740094,0.6588723,0.2315948,1.2084805,0.57597274,0.17953192,0.010008972,0.071851745,0.09916424,0.4217916,0.13433743,2.0583606,0.14059718,0.022910936,0.56090295,1.4377528,0.29997465,0.31298962,0.6472649,0.9332442,1.7934756,1.2648537,0.8512403,1.6146109,0.037201468,1.2957832,0.0,0.0,0.0,0.7743154,1.3060398,0.32870096,0.1255836,0.12941681,0.23999517,0.6630516,0.18264192,0.5828625,2.5395963,0.02414415,0.15896736,0.06544548,3.5479112,0.8914876,0.0,0.3325792,0.17811517,0.0,0.36896577,0.7863532,0.32947645,0.049049232,0.46156618,0.032627363,0.045954626,0.12675928,0.17541417,0.0477407,0.0,0.023275396,0.01168571,0.33300468,5.0976677,0.5671802,0.0046555162,0.4750732,1.0771763,0.25186703,0.0027674392,0.05863456,1.1165289,0.26966894,0.73747176,all_pothole_images\pothole_images_2_image_383.jpg
0.5633388,0.7523122,0.1361851,1.5469314,0.64245564,0.5540135,0.24517316,1.1090295,0.30781987,0.8600241,0.68930817,0.75126725,0.099876404,2.1053827,0.5585836,0.07877325,0.96558154,0.2711464,1.6266059,0.009493942,1.1708745,0.7995227,1.4068731,2.2493393,1.080745,0.3149999,1.7378724,1.7471823,0.08070597,0.25637722,0.5891352,0.13957255,0.48424047,0.59968907,0.43944353,0.55073905,0.3949246,0.43782565,0.4600956,0.79038656,0.10522733,0.069435544,0.30120906,0.0052541094,0.7222785,0.76773614,0.31366995,0.8833551,0.4404003,0.4204795,0.49744076,0.6368936,1.6663154,0.21423577,0.47854114,1.0528855,0.78072435,0.4887123,1.762496,0.020744514,0.2092731,0.21293652,0.7084641,0.19383115,2.501512,1.564564,0.79371554,0.0036213,0.3339497,0.12932661,0.68377453,0.49820888,0.15213025,0.0404027,0.8339732,0.59573615,0.12202159,0.6158537,0.4195559,0.004097527,0.028466677,1.0092137,0.85082436,0.2491442,1.1411349,1.5256101,0.2284707,0.008949115,1.1516894,0.072331995,0.0,0.02192273,0.16715996,0.57693416,0.7079596,0.25295636,1.1520214,0.95640284,0.835336,0.35618135,0.0069434834,5.2515755,0.057675473,1.239646,0.79271483,0.14006375,0.3159346,0.9858199,0.031838514,0.29087156,0.746386,0.56684744,2.1867864,1.2231611,0.8937248,0.49093774,0.8623408,0.17464203,0.99039024,1.9272281,0.48880813,0.626244,0.06460764,1.8413742,0.1337553,0.35645297,0.29199642,0.3214398,0.4260759,0.37433636,0.4166255,0.18593752,0.048595116,2.0921736,0.11992423,0.70588964,0.33409348,0.9112511,0.22348143,0.06661134,0.059248988,0.96934164,0.32123488,1.0770314,0.2948174,1.2261424,0.3601739,0.65877384,0.32766068,0.5018445,0.3181141,0.13322426,0.0717142,0.17793515,2.326401,0.590915,0.35840762,0.17410783,0.8556643,0.41830826,2.5413673,5.4377766,1.0869062,0.2529106,0.79567474,0.54255205,3.246375,0.085782796,2.9732976,2.6620035,0.3013018,0.0,0.3053695,0.41259798,0.80376613,0.34915808,0.4975061,0.16913053,0.36469623,0.00017789697,1.4169837,0.032900125,1.5657302,1.5666189,2.5589151,0.28734842,0.06644723,0.07089646,1.9427063,0.6418271,0.5384955,0.5535472,0.4510688,1.494333,0.32840148,0.32573342,0.1473526,0.67251396,0.86545086,1.5728984,0.3573646,1.3481423,0.47941503,0.34327587,0.13045393,0.17027356,0.5484711,0.28503928,1.7516537,0.90897447,0.117039174,0.03754785,0.07013285,0.33909872,0.27017248,2.108815,1.4515393,0.046966556,0.54153484,0.5133859,0.33278477,0.06571037,1.1918337,0.3675025,0.008023516,0.47869352,0.7630694,0.09253746,0.31115898,0.9629592,1.2276392,0.7894229,1.1975446,1.0331855,0.7234402,0.569033,1.734025,1.2094958,0.30137956,0.26606435,0.15638545,0.24947357,0.18807685,0.29795843,1.1449991,0.05134558,0.49154082,0.37671104,0.4791909,5.226226,1.2728294,0.01122235,0.11639465,0.16027114,0.5837335,1.5741252,0.8926431,0.70756185,0.19543527,2.0809288,0.5985063,0.41083843,1.5157334,0.4352983,0.07619593,0.6030895,1.4323584,0.360662,0.56714237,0.11008366,0.5267509,0.00055010885,0.81303465,1.1229036,0.0,0.5685686,1.0646253,0.66067845,0.29892722,0.7588823,0.8013502,0.5527393,1.3205492,3.043449,1.0366246,1.5279393,0.54836243,0.74804854,0.58617496,0.11008213,0.28641662,0.6343905,0.13109975,1.6989578,0.22725973,0.18262134,0.017418653,0.34169737,0.018622195,4.516407,0.25683066,0.45119146,0.0,0.0,0.5611759,0.9577916,0.04309074,0.19847402,0.28822568,0.06363204,1.5470597,1.3880503,1.634173,2.7026548,0.2537834,0.07565002,0.6635608,1.3141445,0.81367064,0.3712513,1.1055702,0.009029842,0.18637964,0.26704904,0.5649864,1.5923208,0.15238807,0.57250595,0.11273473,0.13525556,1.0271214,1.263198,0.11139334,0.29733294,0.16757958,0.6547046,0.93276685,0.7244744,1.3185807,1.0744525,0.44315886,0.93807584,1.1028965,1.4979194,1.1538681,0.3793155,0.27816945,0.12281332,0.37753823,0.09818338,0.0353218,0.47204375,0.038349967,0.71236306,0.31435275,0.5382941,0.38121584,0.35591352,1.5675886,0.14185126,0.6695618,0.25439432,0.6638054,0.3653444,0.24500398,0.34162062,0.90549225,1.3258005,0.27317432,1.0974932,0.63959026,0.028145857,0.2170536,0.70287895,0.30460986,0.066853136,0.16538233,0.14939469,0.12698686,0.6828954,0.84853727,0.5249543,0.7280521,1.1115127,1.0020912,0.93697304,1.9537817,2.0579538,0.33849746,3.081302,0.9416118,0.58473694,0.1961583,1.611187,0.52263725,0.53310245,1.1386223,0.77162904,0.28201407,0.10885887,0.10547595,0.14757703,0.55958885,0.25869623,0.20141418,0.28907064,1.6386986,0.42563683,1.1492912,0.61556345,0.22938362,0.37844917,0.08779704,0.1632537,0.0023450996,0.1442001,2.1567824,1.5685627,0.56355035,0.12977326,1.6818911,0.5496373,3.9253635,1.6514953,3.5416875,0.32105756,2.582896,1.106022,1.1005739,0.6886412,0.09223611,0.25158817,0.7471738,0.7116211,1.4928212,1.2084978,0.11383547,1.0701016,0.08809595,0.22453664,0.4105283,0.24098101,0.00720815,0.1385588,0.005155448,0.21482919,1.3224925,0.10337996,0.8280448,1.5364077,0.36627507,0.14599214,0.048103612,0.17991462,1.1380993,0.24204285,0.9860721,0.23757368,0.64497846,0.6146061,0.5888041,0.2812417,0.62382406,0.12985641,0.111716636,1.3893,0.32917815,0.21510334,0.30119643,0.5614479,0.13196254,0.8426777,1.1806271,0.9191364,1.7721823,0.24160959,0.07439946,0.41770688,0.260639,0.0515807,1.2400112,0.9828428,2.2785432,0.30144975,0.5913275,0.22381486,0.056665096,0.4586342,0.15537259,0.027280096,0.94893146,2.817021,0.0392156,0.10975133,0.35564542,0.1924104,0.49334553,0.41926798,0.483126,0.051658336,0.1579667,2.0289543,0.2564872,0.05004071,0.48098606,0.07696594,1.8215141,1.9507525,0.19204816,2.8654692,1.0232409,0.3796985,all_pothole_images\pothole_images_2_image_384.jpg
1.7770612,1.1034124,0.40793446,1.2820024,0.34010252,0.9753899,1.1833122,0.453738,1.4231966,0.6277708,0.40171206,1.7401521,0.4283782,1.9549255,1.2265451,0.5251682,0.21491124,0.15720297,0.6123117,0.9524695,2.04057,1.2036595,0.22928137,0.9104342,3.0109458,0.65921944,0.44581586,3.7870197,0.38093612,0.54955155,0.14201145,0.454052,1.4357754,1.5260768,0.33159235,0.6146759,0.04464898,0.91929424,0.23233478,1.6338506,0.2583183,0.75371736,0.2138861,0.78484327,0.8369235,1.8476665,0.010428938,0.40481186,1.4488832,1.7459569,1.8155447,0.26298156,0.674626,0.8254425,0.3697273,2.0734332,0.8527027,0.3970153,1.329426,0.072990574,0.054408003,0.37175462,0.66801965,0.654774,0.06185824,2.6249495,0.9576851,0.13318534,0.03783037,0.10779493,0.22685726,1.1351892,0.6090895,1.1012777,0.8375009,0.35572526,0.32197836,2.7393394,0.0,0.30920258,0.27870968,0.30313146,0.65531653,0.4269028,0.711525,0.9378609,0.719441,0.9853311,2.9384663,0.14269531,0.83605427,0.07775774,0.36342666,0.688733,0.9116745,0.016215283,1.2167878,0.6249262,0.30003098,0.90874845,0.00765239,1.7131441,0.7538176,0.9999966,0.15952262,0.8245964,0.72946525,1.1656765,0.2604411,0.49151057,0.489099,3.3979595,2.0012305,0.1487629,0.7065118,0.42126185,0.81444675,0.08540737,0.6195935,0.72897416,2.3607278,0.13263701,0.1598973,0.70745736,2.1038072,1.0014032,4.9853864,0.15899636,0.64790285,0.22676125,0.057354003,0.050561894,0.04379397,0.3051299,0.9815381,1.7794317,1.1281846,0.63014495,1.433991,0.46167794,0.19032735,1.7268196,0.0,0.12029181,0.5174457,1.5693362,0.22415721,1.3273505,0.99344456,0.6261284,1.0629764,1.1157593,0.033994645,0.30139184,1.2054737,0.5644128,1.2557318,0.021269498,0.63407934,1.7547083,1.4144104,0.7209097,0.27393347,0.679844,0.12904996,2.2173157,0.46537602,0.09447327,1.4226438,0.6972681,0.09849448,0.12715825,0.24571185,0.32782358,0.21604374,0.66526246,0.6375069,0.022031967,0.12165089,0.7922352,0.030928306,1.8571509,1.4494824,0.69226927,1.3932891,0.010713891,0.4891074,1.8517916,1.3238037,0.4821314,1.5818347,1.2142696,0.0,1.422929,0.1695017,0.25640965,0.9843563,0.812949,0.7608338,0.27592987,0.6605327,1.5513906,0.23060875,1.4041402,0.21434714,0.5132375,0.6401607,0.43609694,0.3950745,0.15273237,0.12589732,0.04402258,0.6582082,0.22593373,0.6617287,2.6596491,0.65757585,0.21630776,0.28547207,1.2879785,2.286138,0.11488922,1.8350995,1.3137761,0.1835749,0.79712725,3.156118,0.10689558,0.30569345,1.8350577,0.4742886,0.9870593,0.4717062,0.77379847,1.1084571,0.52018565,1.890562,0.17683583,0.082981825,0.017213048,0.46621376,0.3999277,0.7308434,0.21308571,0.06072859,0.029171348,0.999512,0.18289207,1.1710175,2.7747364,2.7693727,0.5871102,1.6140678,0.6689913,0.70035565,0.6365617,1.1299388,1.2902539,0.17052323,2.5001657,0.19898687,0.10746887,0.47493184,0.38799784,0.64253414,1.8744705,0.5161765,1.0668008,2.3182495,0.040191915,0.7915007,0.010894638,0.13873987,0.6729758,0.6723242,0.25568968,0.14546342,1.140447,0.80289567,0.16185483,0.040334765,1.0113755,0.55991805,0.566098,0.45873895,0.4580237,1.7932098,0.18080725,1.6383419,0.33780202,0.4075121,0.513785,0.59169674,0.9446016,0.0886242,0.5748958,0.39950207,1.1613752,0.50591797,1.832429,0.330476,0.6052796,0.40518206,0.3584793,3.0510812,0.83170104,0.043382365,0.31297117,1.518445,0.7548093,0.39858592,1.0061477,1.6692587,2.362722,0.24162972,1.9793551,0.20021968,1.23946,2.7492344,0.058455665,0.25158003,0.561317,0.4052469,0.55326456,1.657886,1.0459765,0.3643484,0.17563127,0.9914946,0.5069715,2.01528,0.35654846,0.2653212,0.10147778,0.11137372,0.38483334,3.0963275,1.9612592,0.021441406,2.2050447,0.6588265,0.44867846,3.1414502,1.1330884,0.91654545,0.3270915,1.3140261,0.480277,0.16996266,0.45126635,0.771365,1.0221176,1.2578794,0.83519495,0.97878855,0.021661943,0.5359256,0.6425623,0.26332474,0.65563124,0.41675892,0.08486484,0.6417883,1.2686983,0.2242135,0.6262978,0.45800656,1.187029,0.43004024,0.3356649,0.5453964,0.6420092,0.6630985,0.29764917,0.8290746,0.51764125,0.0010567503,0.34556165,0.7770308,0.2169827,0.6002788,0.04200465,1.2216914,0.7927438,3.5155396,0.98255396,1.0044918,0.0,0.09144275,1.7743813,1.4271622,0.1163133,0.24636482,0.45350724,0.0,0.38001332,0.8789673,0.56442136,0.5186351,0.5400439,1.4182973,1.4063313,0.41665995,1.368771,0.16341688,0.6291332,1.0504941,0.31034407,0.51442426,1.4542842,0.08301679,0.526515,0.124206595,4.1428328,0.0925246,0.7495033,1.672643,1.5090485,2.8951578,0.5750977,2.4124277,0.7451472,0.22214255,1.6099612,2.6011517,0.10493234,0.53063947,0.940665,0.6582424,0.34790233,0.8596586,0.4460465,0.12041514,0.6806633,1.525133,2.963675,0.7152012,0.7731507,0.575399,2.2007556,0.65448964,0.31801212,0.01963827,0.36631057,0.7981629,0.0070987134,0.60328925,1.6291839,0.017217483,0.9440153,0.16934466,0.35301387,1.4250305,0.6641445,2.245343,0.93568665,0.9304342,0.48723048,0.40405378,1.9912677,1.3804806,1.0043905,0.96164143,1.0611122,0.4624756,0.9265677,0.4747171,0.14159091,0.015995108,1.7519349,0.26049742,0.7850408,0.47326347,0.056759387,1.889086,0.57410115,0.7080766,2.028555,0.6849844,0.68098944,1.5754528,1.4810954,0.75728494,1.0216888,0.9421283,0.05476733,1.1070899,0.4301243,0.32326254,0.07418487,0.038100004,1.6176902,0.5634252,0.8786997,0.1453251,0.0,0.118064895,0.17960703,0.36132348,0.27986056,0.39138177,3.8878753,1.3430736,1.016328,1.2575886,1.4421911,0.8325326,0.2742441,0.4498725,0.70693624,0.31077853,0.4356472,all_pothole_images\pothole_images_2_image_385.jpg
0.59925187,0.35785753,0.035314728,1.1287493,0.07230537,0.22635429,0.90082204,0.36356255,0.02303702,0.17938107,0.36593568,0.20904769,0.23928149,1.7981464,0.017026292,0.15794067,0.08457595,1.1001127,0.006333309,0.0011597683,1.2148837,0.49957216,0.7643047,0.912687,0.37630415,0.47386837,0.4376098,1.1137584,0.1547316,0.007832265,0.0,0.053323142,0.12949915,0.7040149,0.1141205,0.46746653,0.026653254,0.09001099,0.23356363,0.10373775,0.0,0.15460391,0.26678002,0.477671,0.15317932,0.04146328,0.13024011,0.013812864,0.14883943,0.50038564,0.32233813,0.049403198,0.17734352,0.021504799,0.5414781,0.8250825,2.587784,0.034475274,0.65947473,0.08591824,0.04507674,0.5167721,0.84884286,0.94683063,0.6665404,1.382217,0.6456081,0.07386811,0.06980365,0.050695803,0.25196174,0.05027145,0.3059948,0.014619888,0.53056467,0.0,0.00304131,0.083972685,0.0,0.027253052,0.01935592,0.00041059393,0.094602555,1.0516781,0.3190935,0.028368259,0.07745714,0.36249676,0.664428,0.0603899,0.8630979,0.26917973,0.18800724,0.3270887,0.49586987,0.4225488,0.3328936,1.1305244,0.4107094,0.11742331,0.027195258,2.9868815,0.14509211,0.28344613,0.73302996,0.65602684,0.19628206,0.41855314,0.38091534,0.12496697,0.19474101,0.27785537,0.2627174,0.89567035,0.11083333,0.1118237,0.04509594,0.09574696,3.2460494,0.82721114,0.5317124,0.7581585,0.1765204,0.8995319,0.595083,0.23308629,0.004421709,0.4213574,0.6793002,0.5092002,0.25796378,0.050565775,0.0006235926,0.44017848,0.015961235,1.1046309e-05,0.06643429,0.43819368,0.12243878,0.09396254,0.5322153,0.25773773,0.4314942,0.5009499,0.18507834,0.943114,0.02551032,0.0069648754,0.024975358,0.33336344,0.13916467,0.36369315,0.08823085,0.005790274,1.7868899,0.32482862,0.8892728,0.5956334,1.542146,0.37248346,2.175389,1.4715159,0.015589299,0.38794255,1.2033011,0.014342607,1.0345458,0.22557901,0.86814654,0.47166264,0.014187281,0.072438456,0.16099004,0.07296179,0.27741468,0.6132304,0.14200194,0.002503663,0.058772806,0.0,0.46954829,3.0433922,1.4820724,0.20010076,0.6685046,0.10027091,0.03143979,0.30090156,0.42675772,0.12776737,0.0,0.31225312,0.9567681,1.5300888,0.006286134,0.3347097,0.6046877,0.7326234,0.14503461,0.4542321,0.011554955,0.5324571,0.04137174,0.49378368,0.36952874,0.030124465,0.68925303,0.033108506,1.1990718,1.0255283,0.0,0.0,0.20474958,1.2306023,0.18039855,0.14182462,0.9970037,0.03548416,0.055717774,0.056983374,0.19383016,0.14779958,0.47050655,0.09661801,0.0013441166,0.01747491,1.6191231,0.005540698,0.39702973,0.12716328,0.09194817,0.14483209,0.09324892,0.48245624,0.15785065,0.023511946,1.0323721,0.25139478,0.037854712,0.10901239,0.020590736,0.0058328616,0.08676009,0.2652081,0.16323416,0.0,0.6403094,0.30238196,0.38941985,4.5140514,4.797004,0.03480101,0.00383441,0.0038943395,0.10141212,1.1786594,0.55375403,0.14719628,0.21116737,2.4016564,0.4998915,0.19607197,0.15769917,0.52645755,0.11850845,0.14384902,0.21569306,0.9267705,0.2989234,0.012620388,0.394642,0.07789922,0.3950245,0.038170557,0.0660533,0.54688513,0.65985906,0.038656186,0.24902923,0.16838759,1.080032,0.20608085,0.0958466,0.25337112,0.3683018,0.06560461,0.17437318,0.08375728,0.042631917,0.0,0.014141343,0.07242077,0.14358634,0.9127495,0.17120224,0.37199026,0.35280335,0.9830128,0.10616809,2.0725036,0.28765792,0.023265848,0.0,0.054004543,2.5907724,0.028510375,0.0,0.09166774,0.0,0.0027339163,0.36244357,1.5918918,0.8616778,0.9259296,0.3579623,0.2830514,0.042897083,1.3682864,3.8933415,0.055301744,0.4334099,0.005469808,0.059828587,0.06965453,0.0068279174,0.12214167,0.5347917,0.10009212,0.24791725,0.069398634,0.34980953,0.11618759,0.0,0.025608754,0.0,0.00582909,2.3573897,0.67470556,0.37969172,0.30499688,0.21630318,0.35385805,1.6460813,0.7635422,0.6248254,0.01994867,0.015637074,0.16011117,0.08463818,0.16473041,0.17938064,0.48866746,0.013217965,0.5250996,0.51460296,0.055135116,0.46407154,0.3503505,0.19357572,0.0,0.6185631,0.17774329,0.22330762,0.0,0.0,0.078790165,0.5260223,0.18659434,0.81455237,0.23973465,0.2858635,0.3988718,0.5182987,0.002704098,0.51393163,0.7976369,0.4880651,0.0,0.27948382,0.9480947,0.105713256,0.005084408,0.044519607,0.16292132,1.8355008,1.0203254,0.6231562,0.014923514,0.0,0.11175222,0.0,0.2696028,0.0,0.9271474,0.018828982,0.18964134,0.18817723,0.5019608,0.6876679,0.802868,0.0,0.56889427,0.26587442,0.26836818,0.114832565,0.0013214262,0.19438969,0.2979424,0.059423693,0.31688085,0.08583345,0.37716818,0.014322529,0.018319383,0.13087144,0.060796667,0.7673491,0.67395484,0.4301425,0.0,0.4623513,0.17716296,0.06662446,2.1267629,1.3446434,0.2222543,2.3921268,0.04962663,0.32227468,0.4656303,0.1352056,0.46010882,0.04488051,0.0,0.107962765,0.47670314,0.13139346,0.4414136,0.26445416,0.0046895123,0.69416535,0.1815848,0.17398785,0.055763397,0.17737992,0.035904065,0.18369754,1.2127415,1.0131093,0.8260649,1.4353086,0.59161305,0.052062225,0.21702299,0.14181438,0.14192663,0.21335545,0.07188928,0.3471199,0.4835453,0.97054124,0.583172,0.4424791,0.34305125,0.78910077,0.06256358,0.0076712132,0.0,0.09249744,0.1938612,0.4618115,0.57561034,0.06103171,0.19808632,0.26393265,0.09083049,0.075160444,1.1066701,0.022180581,0.014199233,0.7503189,0.5596373,0.21435879,0.4443138,0.011847032,0.12214595,0.5543519,0.049736254,1.6033936,0.0,0.006838206,0.3796857,0.0,0.001210971,0.04940371,0.0,0.03969899,0.0042417487,0.1570232,0.017282637,0.0824158,2.705943,0.6136593,0.2050801,0.03244811,0.64406663,0.15524456,0.17969158,0.036751896,0.6010884,1.1687578,0.014175682,all_pothole_images\pothole_images_2_image_386.jpg
0.9728153,0.8538112,0.11423792,2.51201,0.052962102,0.06180432,0.042642545,0.0048177917,0.12809458,0.6651797,0.61000884,0.6709646,0.28558636,1.3949821,0.19461276,0.06585958,0.039143134,0.6904412,0.5287872,0.066336185,0.3334189,0.90594774,0.005362734,0.038970202,0.38230985,1.0113924,0.312743,2.3665884,0.04502979,0.5034521,1.851488,1.1341925,0.595503,0.46315515,0.903554,1.4225634,0.2648481,1.0662612,0.8917197,0.3457754,0.08872248,0.44418335,1.0413773,1.3179301,0.4690357,0.22823018,0.13762301,0.011470073,2.1527586,0.8596352,0.26460025,0.24861154,1.4296564,0.10723527,0.21610014,1.6091255,2.3915591,1.7791862,0.30126703,0.006269108,0.08744402,0.030908642,0.39110228,0.14413403,0.64535683,1.646976,0.40571663,0.8635254,0.29818726,1.2005194,0.5828419,0.07696331,0.7407846,0.40749043,0.48564357,0.009200114,0.2270925,0.16728875,0.3988683,0.7776271,0.19475275,0.44552153,0.7869924,3.1628566,0.2161851,0.37659886,0.7481456,0.17229825,1.872395,0.54024184,0.18684426,0.17336908,0.2759375,0.6132978,0.0,0.003750105,0.7888571,0.062511295,0.9500873,0.209883,0.23874235,0.87628835,0.97247404,0.21413068,0.36372048,0.92790896,0.66450053,0.19123521,0.21702883,0.31789383,0.002904638,0.93898404,0.48718902,0.2674076,0.9425624,0.36549646,2.2171388,0.23450556,0.4395036,0.47494602,1.8332336,0.05632773,0.33360127,0.6225495,0.704036,1.613815,0.7003958,0.40611514,0.7177985,0.532363,0.31849584,0.0,0.89726305,0.023514383,3.586468,0.24939291,0.47794077,1.552138,0.29869476,0.15618041,0.3272587,0.1800822,0.119928494,0.37836877,0.0041141217,0.77545756,0.62275136,0.025527323,1.2381907,0.08327326,1.2254852,0.38853344,0.005965877,0.96849775,0.8631308,0.3888534,0.35565743,0.6878485,0.12812255,0.22897898,0.6316126,1.7761928,0.5186315,3.843782,0.48128945,0.00032612743,1.182695,0.21814467,1.7170162,0.98348904,0.24900039,0.13175528,0.05713478,0.0057417373,0.89972913,0.25138357,0.00033697378,0.15969597,0.39171353,0.60094726,0.031901553,2.809196,1.6335673,0.6250122,1.4935278,0.25737745,0.42123687,0.14409024,0.6032559,1.0544075,0.86467344,0.27769858,0.5840201,1.8001595,0.12134628,0.6507721,0.25744233,0.5653315,0.008246117,1.1344211,1.1950176,0.8954051,1.3631455,0.5548051,2.779744,0.45388514,0.19412436,2.3483758,0.06424887,1.136492,0.018381113,0.0,1.7351705,0.04956224,0.9433788,1.4441991,0.1226539,0.7289821,0.7045795,0.32544222,0.31496188,0.29408014,0.73655075,0.053835645,0.21444388,0.27292827,1.191749,0.73330575,1.3168327,0.2303401,0.2484155,0.31039605,0.6120244,1.0635035,0.11528648,0.5273606,2.087192,0.16791518,0.2582044,0.4472513,0.043311715,0.14517689,0.57807624,0.18918273,1.0420916,0.63287616,0.57028806,0.40077087,0.74283445,5.163396,1.2967011,0.861282,0.4573624,0.5895102,0.21129502,0.13785148,0.75945157,0.58991694,0.005835579,1.2188364,0.10556645,0.057650622,0.537657,0.40019828,1.2665437,0.4741538,0.61460644,0.7843599,1.7618785,0.15253559,0.01051982,0.13171911,0.70428735,0.79220974,2.5170062,1.1607223,0.13136458,0.26963466,0.018584957,1.1572536,2.6885214,0.016330909,1.44412,0.72306603,0.81128746,0.6528923,0.6081271,0.27266634,0.9374162,0.084279135,0.057166442,0.035122287,0.0029138722,1.069533,1.7374467,0.11948592,0.4692762,0.4489112,0.45315838,1.0581656,0.7058498,0.67700845,0.08642953,0.57864225,5.0744376,0.7325232,0.13381796,0.22274901,0.078073755,0.7008299,0.9108301,0.5249497,1.9393276,0.8062969,0.35555497,0.2584961,0.38541177,0.6435891,3.0540686,0.26936862,0.29992267,0.0,0.0068463427,0.1120967,0.6975203,0.50063473,1.1863905,0.016393932,0.43938515,0.007221872,2.0977921,0.28069448,0.73273724,0.030829085,0.6162866,0.30518314,1.5530576,0.597228,0.6404392,0.04118378,1.087488,0.2976449,1.3735323,1.4796214,0.38874015,0.67586005,0.0,0.41716006,0.32280886,1.3113006,1.4530559,0.4210579,0.093320176,0.51780367,0.08097023,0.093982704,0.051696893,1.8211493,1.2048606,0.42765775,0.0088865105,0.6516366,0.51087964,0.42780495,0.149085,0.010760845,2.666679,0.17046471,0.047449183,0.6014014,1.5438453,0.50960857,0.17443767,0.01689372,0.5247511,0.67143655,0.015115547,0.0,0.27975056,0.55112714,1.0816759,0.19204944,0.64450634,0.76296437,3.637493,1.4528322,0.8634298,1.0494639,0.18162817,2.5170474,1.3835645,0.2263534,0.1466503,0.91316915,0.75858027,1.0327638,0.13057575,0.68118936,0.7979656,0.1114476,3.2312758,0.79049283,0.6669759,0.43697718,0.1995545,0.15214612,0.564644,1.9354534,0.11073919,0.17771189,0.97207004,0.05821928,0.9453595,0.712523,0.36169603,0.0030922822,1.1232185,0.5169301,0.31228256,0.24953318,1.5050522,0.00045678968,1.0070416,1.2651769,0.57216305,0.17624636,0.4713781,0.40397206,0.07089793,1.3149024,0.23425429,0.5387036,0.10471933,0.38030005,0.44220397,2.342292,0.122697,0.5611971,1.4361122,0.74871063,0.1827029,0.7954568,0.6174587,0.27627525,0.115249835,0.13515195,0.2786158,0.5645067,0.462828,1.4993827,1.6048621,0.07718472,0.19033718,0.052652344,1.4254237,1.375439,0.06550791,0.9505718,0.76030225,0.20788868,0.81655335,0.124405324,0.49167195,0.0,1.0500325,0.7094615,0.060574736,0.066438496,0.57923114,1.0294037,0.5661314,0.3294603,0.106401384,0.23575093,0.40041623,0.32970828,1.1416272,0.8106595,0.2628062,0.07182493,0.0070857913,3.7430127,0.6301443,0.64380676,0.6835555,0.42089826,0.100718416,0.0,0.41176012,0.053008337,0.17556782,0.45674497,0.003005462,0.3978691,0.0018391426,0.6156021,0.044353157,0.32887673,0.87185264,0.5733704,0.005435884,4.04805,0.5616219,0.17447746,0.45442098,0.628453,0.5233917,0.859473,0.32189292,0.20194969,0.14333782,0.6023756,all_pothole_images\pothole_images_2_image_387.jpg
0.28364614,0.6843377,0.12869613,2.038989,0.21672338,0.021904817,0.7821107,0.6445444,0.8273126,0.15617192,0.3388465,0.4518129,0.0972615,1.2386618,0.6016985,0.29429978,0.26691368,0.84528464,1.3901181,0.032051153,1.2039298,0.4730886,0.11716431,0.3149528,0.8686132,0.7657911,1.1593686,1.602503,0.0,0.05329603,0.036578424,0.06610092,0.7579442,0.18323936,0.11588393,1.6001465,0.58258265,0.0714532,0.3572467,1.0626026,0.24116594,0.8333812,0.0,0.14449248,0.6365328,1.2151419,0.40505296,0.19101855,0.5750554,1.8437413,0.13828044,0.15693738,0.50169164,0.093573704,0.0053120297,2.5879586,1.0996308,0.6459749,0.85288674,0.074877515,0.280015,0.02935948,0.13384691,1.8629924,1.3628473,1.7336382,0.15183853,0.085438885,0.016173515,1.2171998,0.039458804,0.86641973,0.2533653,0.38935867,0.35824025,0.44549635,0.040749867,0.22630364,0.0,0.19246107,0.2151505,0.11217385,1.2773153,1.7118443,0.03456347,0.024013823,0.04142025,0.11472335,1.5254964,0.13277307,0.24108113,0.7903183,0.660185,0.19471532,0.008482704,0.0,0.5498331,0.5280045,0.123409666,0.0075302483,0.083656564,3.8719075,1.0330073,0.008867068,0.90454507,0.012424514,0.5394021,0.9461653,0.20143464,0.29172945,0.17507476,1.190666,0.9355484,0.10877609,0.47784927,1.1805131,0.7143668,0.4993082,1.9796989,0.08433295,0.7265773,0.0,0.017845908,0.92927605,0.38947338,0.5592573,0.3846385,0.3216506,0.9719412,0.012923153,0.009980097,0.025472086,0.0328315,0.29258442,0.39725536,0.9136407,0.017128192,0.29532486,0.30424488,0.0,0.64897907,0.021938257,0.21996328,0.03547383,0.6203204,1.0502489,0.013130995,0.12614855,0.87682015,0.0,0.32541203,0.16518193,0.0,0.0031842443,1.5340642,0.7617505,0.79105264,0.29640082,0.4995911,1.0485575,1.1681423,1.9398022,0.52353317,0.56623137,0.32632646,0.28225484,2.3220015,0.21939011,1.3603437,2.1306968,0.5627871,0.021812724,0.0331703,0.03000327,0.3793666,0.18083328,0.15182465,0.06539947,0.14548473,0.1492093,0.013156569,1.789093,1.2851402,0.08748783,1.8039302,0.3667881,0.8868724,0.0528015,0.15203823,1.6126434,0.46199882,0.050353505,0.022003539,0.2753601,0.024318751,0.12695989,0.60093176,0.1103282,0.7871862,0.49127057,0.028394183,0.9153431,0.008397527,0.73368084,0.043531895,0.011282528,0.08330425,0.6850623,1.2693883,0.84385765,0.0,0.0,0.7159684,0.34927356,0.70464075,2.0928252,1.1514423,0.30550563,0.043266807,0.8532879,0.8051694,0.6488528,0.4601703,0.20114689,0.04160443,0.5874021,0.8599109,0.02733968,0.95572364,0.9655654,1.0959432,0.58483124,0.6577324,0.3440245,0.40060285,0.0,1.5798113,0.24581581,0.023353547,0.04624735,0.49233603,0.19185346,0.12271837,0.0,0.6919677,0.09407444,0.37210774,0.77492774,1.0005114,6.504175,0.5699268,0.058060616,0.103423655,0.17046534,0.10831849,0.91219264,1.443685,0.5265312,0.32017356,3.2064493,0.0037474784,0.03388123,0.42529565,0.71107745,0.17743956,0.68542796,0.74157035,0.33251852,0.84415746,0.26278374,0.11673592,0.02687026,0.104791716,0.37075084,0.684237,1.3478266,0.0144829415,0.15216388,0.32796204,0.30343527,1.9174426,0.86170334,0.38696715,0.005033112,0.021198316,0.2379213,0.23363954,0.0015816373,0.9193915,0.33299324,0.18600102,0.031504944,0.24694318,1.4900147,0.0,0.25812402,0.0,0.60715115,0.0017880601,2.7940397,0.40824667,0.5082514,0.048956398,0.20421381,4.090569,0.7554649,0.012068991,0.009995476,0.11493338,0.71337306,0.43463865,0.9026502,1.5382951,2.9248264,0.350952,0.80225605,0.4794085,2.2572174,4.6797485,0.1339941,0.0068557863,0.039001033,0.0931724,0.06174284,0.15660033,0.11056113,0.48352346,0.06673343,0.21991974,0.09875871,1.948491,0.2478423,0.08034529,0.17804615,0.023591973,0.22796096,2.4544697,0.080873236,0.07657307,1.255417,0.38403404,0.17514801,1.2158763,1.1396648,0.3483439,0.055858515,0.38092056,0.2231184,0.4137833,0.17911701,0.14514802,0.020259347,0.32465273,0.46477675,0.007949472,0.12360538,0.08543421,1.1891451,0.907782,0.3331611,0.22988245,0.4019537,0.44414926,0.014120295,0.011584649,0.002158347,0.42881006,0.28265435,0.024449509,0.21497567,0.6786116,0.0,0.5693353,0.3245134,0.15195948,1.2116375,0.33824384,0.038773105,0.5775677,1.302551,1.3424339,0.016250422,0.46320647,0.34664384,1.0093917,0.85377485,1.5523219,0.012748522,0.287373,0.3233015,1.2109032,0.093644954,0.0044233142,0.77101505,0.0,0.0,0.514079,0.06965781,0.34202212,0.5876239,0.08338525,1.0571669,0.40232545,0.2047596,0.60700285,0.1827623,0.06642014,0.5599027,0.1590411,0.03367468,0.1569837,0.997668,0.1416553,0.04627889,0.5535955,0.48321795,2.3434956,0.3960072,0.5517513,0.1334961,2.5623407,0.976047,1.7324591,0.88424,3.153778,0.5460538,0.4866341,0.18810225,0.2276333,0.28205055,1.1365173,0.037873216,0.27223012,0.2658549,0.4447361,1.20086,0.6190321,0.28127056,0.10081419,0.17386016,0.8452126,0.895443,0.29868186,0.108930066,0.6592605,0.5286398,0.88904136,0.49636397,0.20066693,0.79200566,1.7569734,0.22274622,0.35206938,0.15090272,1.7180295,1.470489,0.9108389,0.48538315,0.03617935,1.609241,2.2858157,0.17914861,1.3683807,0.4944423,0.5961843,0.066299595,0.036577806,0.08868669,0.10333363,0.2728532,0.74423486,1.8612487,0.21224813,0.1014069,2.3290782,0.0864858,0.048076764,0.18062373,0.32815683,0.20357965,0.17685714,1.0292192,0.9200203,0.41053635,0.26925218,0.098981105,0.49064907,0.28440946,0.30111724,0.37043998,0.64034826,2.7694464,0.5014553,0.16946189,0.0,0.0,0.2643369,0.67084277,0.29006863,0.7684504,0.8467912,2.8826008,0.20948814,0.09843655,0.16523047,1.4925939,0.7351425,0.0039062933,0.2762363,1.5886476,0.470421,0.36441538,all_pothole_images\pothole_images_2_image_388.jpg
0.8509186,2.5196552,1.2349082,0.23237944,1.5895945,1.0718608,0.6882533,0.9889431,0.44690323,1.804007,0.6041296,0.3110432,0.0,1.0123667,0.16255206,1.0206716,1.4435939,0.9722425,0.35542983,0.078165,0.6665878,1.4406588,0.6334215,1.9254372,0.07509262,0.6993387,0.23504558,2.0146914,0.62614596,0.047599543,0.012519987,0.0016225191,1.8259614,0.120808445,0.02673259,1.0934871,0.14652862,0.38298446,0.23355897,1.0489879,0.89641094,0.3356869,0.12558116,0.5768425,0.5448654,1.1621083,0.24985653,0.031015383,0.25728598,0.61371815,0.6991512,0.12409195,0.752641,0.1822463,0.20230772,0.0788372,1.8920164,0.061964393,0.35539615,0.7230784,0.07483223,0.10653267,3.9580824,0.90537935,0.1091961,0.44113198,1.0468966,0.09003962,0.44270998,0.57405305,0.12455754,0.8823362,0.037640046,0.25171927,0.14805487,0.72193,0.45494047,1.9005407,0.10191347,0.2991585,0.2900036,0.185836,0.12861337,0.84057957,0.25603408,0.87577295,0.34050602,0.2725563,1.24568,0.77952385,0.052513488,0.9665507,0.66650796,0.22584498,0.23710492,0.21231608,0.2287123,0.79879564,0.17787762,1.6803274,0.21148847,1.9354327,0.03986787,0.5776253,0.5096695,0.44857916,0.22915258,0.7307819,1.1411407,0.29815692,0.47329614,2.9327354,0.37616578,0.27532557,0.009542937,1.7024709,1.263708,0.392305,0.5420171,1.0543677,0.72767437,0.64820784,2.2153397,1.6972259,0.12847716,0.5308778,0.085101046,1.556398,1.9776284,0.8978149,0.40593508,0.27197778,0.60383916,0.85271746,0.7461703,0.88401645,0.06153129,0.43646497,1.2601031,0.5872116,1.0118634,0.25746644,0.09300985,1.2263368,1.8036022,1.6766013,0.64650726,0.6964799,0.9219489,0.9190695,0.6543419,1.0460126,0.073512636,0.112612315,0.80758345,0.011079284,0.11043263,0.35320204,0.24311596,0.38957137,1.6336374,1.1602093,0.35100317,0.75514907,0.3202406,0.21764533,1.5901765,1.6386495,0.27295494,0.26799372,1.476304,0.68597865,0.1695462,0.89976126,0.71035314,0.3655838,3.6635094,1.2015398,0.18157463,0.721372,0.02127538,0.42139518,3.3202078,0.16876563,2.2169528,0.30388302,0.85701627,0.09240275,0.34499666,0.3010996,0.61186516,0.60065395,0.109733164,3.5907454,1.0574113,0.5674347,0.81006294,0.543303,0.09667346,0.8001391,0.34507525,0.30233938,1.8618609,0.24709862,2.1192474,1.0871568,0.18395089,0.8688083,0.44422415,0.53838784,0.044262584,0.7656371,2.6425378,1.4659914,0.63235396,0.5096511,1.2131879,0.094174325,1.2511784,0.46533272,0.06799766,0.8728761,0.59528565,0.17410813,0.0,0.22901595,1.9319226,0.1422927,0.31685254,0.29265025,0.34768388,0.57321054,0.043719567,1.9118456,1.0059506,0.8082723,0.5163972,0.8144626,0.09695671,0.58048993,1.1601157,1.1814147,0.94626725,0.31695902,0.27156264,0.04486479,0.9550475,0.7558808,0.19163318,2.0100183,2.0698252,0.11084036,0.7260555,0.5300023,0.1886607,0.54326105,1.0757029,0.11797027,1.8289272,1.0549893,0.7561351,0.6569118,0.6980367,0.5456305,0.19212767,1.0676218,0.1564819,1.0556134,0.722259,2.0134017,0.32495305,0.9103055,0.1232336,0.6092304,0.6635092,0.1665087,0.44222507,0.855867,2.3942776,0.35682315,0.54893214,0.9560427,0.19601665,1.0002726,0.27212194,0.4580029,0.15631893,1.389201,0.7622392,0.16805632,0.42739028,0.21442242,0.200761,1.3636601,0.26192334,1.4100871,0.09993563,1.3556811,0.6174328,0.37352496,0.0,0.2358185,0.0787875,0.8324581,3.5918612,0.46981576,0.18720245,0.2909156,0.3111851,0.5013061,0.16757832,0.85922676,2.3577735,0.7193144,0.017894855,0.0073696477,0.57857096,1.6850237,1.2040553,1.2552953,0.5848456,0.14388277,0.29711238,1.3564469,1.0144277,1.5805537,1.2835354,1.250643,0.6396576,0.73650366,2.3149304,0.6046085,0.16566773,0.14501283,0.6221981,1.7911993,0.5060793,0.29469144,0.6040388,0.1068953,0.089007825,0.3928,0.40981546,0.5761894,0.48176286,0.5157919,0.3103666,0.22938575,2.0288765,0.9641994,0.021725241,0.49044418,0.26970118,1.0125715,0.52479804,0.0,1.3356102,0.15081471,0.14880693,0.0,0.17027797,0.14758958,1.9746984,0.020531608,0.2714307,0.45634222,0.41090408,2.686683,0.10647684,1.4468404,1.4551722,0.18405853,1.7055669,0.4276049,0.9163404,0.5840279,0.79122597,0.069591075,0.52477646,2.1741307,0.0,1.0433047,0.4310217,0.37321466,3.4548812,0.33288687,1.8942932,0.5417537,0.5489286,1.7742518,0.60170996,1.2342386,0.45383185,0.08976286,0.7492733,1.1217533,0.061247826,0.7097389,0.45144317,0.1901684,2.1438706,1.3285332,0.334225,1.1088916,0.0,0.15300249,0.92557126,0.15762882,1.2508612,0.41068333,0.030265626,0.30454102,0.4125705,1.5424834,0.6852283,0.06097953,0.833562,0.7460113,0.3231131,1.0072458,0.24872923,1.5612967,0.29957646,0.77860194,1.4619,0.47216788,1.1261309,3.414667,0.12875986,0.4188279,1.0917346,0.24579868,0.05485632,0.22892368,0.16490784,2.8902495,1.5681015,0.92589754,0.38733953,0.9518056,0.29260728,0.53259844,0.23067553,0.376625,0.23363854,1.2084473,1.1111681,0.21792781,1.8669828,1.6210408,1.0142643,0.06811229,0.096982606,0.08902202,1.0387092,0.83987737,0.9801372,0.43161714,1.0875612,0.20542026,0.97858536,2.443695,0.7194793,0.9817109,0.29649177,0.20851651,0.67619735,0.36208397,0.030817313,0.49108353,0.2990582,1.1253512,0.49666977,0.23415016,0.14919338,0.039066903,1.5242398,0.3964512,1.8463933,0.0018693572,1.6566261,1.6964513,0.3530531,0.7022354,0.0,0.44155046,0.8352496,0.8861711,0.595394,0.633403,0.43081805,1.4744664,0.020072969,0.8451622,1.9234283,0.08168696,0.11185963,1.1437609,0.08958087,0.24423143,0.64092594,0.90517414,0.4170438,1.699636,0.26007497,0.2591534,0.1899041,0.7315621,0.104230314,0.92662823,0.7619989,0.029599486,all_pothole_images\pothole_images_2_image_389.jpg
1.1343654,2.2552516,0.81714743,1.2338699,0.43300924,0.1644969,0.48506698,0.75068116,0.16293545,0.32821342,0.9432424,1.4035294,0.68466073,0.8091976,0.04635927,0.10750675,1.5977113,1.5907362,0.08752223,0.9185234,0.32050854,1.4275591,0.7604795,2.550429,0.83390385,0.72179854,0.05780139,0.27793846,0.4508073,0.46376953,1.3249507,0.00442435,1.735277,0.76460165,1.6299659,0.48063692,0.36029816,2.3444161,0.08172633,0.19871031,0.2894652,0.74022776,0.73945504,0.83005273,0.060540374,1.182332,0.3437136,0.04589893,0.35484746,0.6053947,0.23121448,0.6576625,0.63471967,0.16369812,0.06774789,0.48780465,1.191305,0.11135624,0.64792407,0.5791244,0.43425918,0.1539133,0.6072894,0.11015136,1.6828077,0.4872653,0.35431102,0.05090689,0.16139393,0.18053393,0.09024439,0.17450756,0.65180635,0.032562077,1.291312,0.29456523,0.045427438,0.7428562,0.012729515,0.0054192273,0.48404968,0.6842617,0.2077127,1.1114908,0.73569447,1.182959,0.020591721,0.3780185,1.7469172,0.02726485,0.5724243,0.21418688,0.6987476,1.7232388,0.03605127,0.29052606,0.539076,1.0931301,1.2454276,0.9823092,0.7067816,2.027354,1.1323735,0.09780674,0.06568483,0.44500765,0.104508884,0.5130882,0.018062513,0.54197127,1.0063921,0.7666873,1.15344,1.2862273,0.45564333,1.3378017,1.3155881,0.2398388,1.2375395,0.69717276,0.53877735,0.9264183,1.2225151,0.9525179,0.7997009,0.8241183,0.7259871,0.13947019,1.8090276,1.2243087,1.1179017,1.5255357,0.7966385,0.22343053,1.0196308,2.326084,0.20663315,0.20365547,1.0741069,0.3306116,0.62851965,0.38452694,1.0330989,3.201576,1.1820843,0.19380417,0.2982002,1.1113799,0.18192053,0.9308596,0.25172547,0.003530476,0.20506427,0.09384482,1.0192827,0.06625237,0.42235672,0.97575724,0.41291624,0.4878016,2.6617348,1.3250986,0.0699642,0.21997465,0.30075318,0.10220801,0.7241209,1.7475108,0.69922787,1.3221124,0.035177253,0.6654589,0.5465169,0.0139498515,1.3704184,0.96645904,2.7793686,0.06428791,0.49470434,0.53061366,1.1365412,1.1647371,1.7461742,0.85676384,0.62530035,1.0844439,0.13661307,0.13541797,0.11628443,0.30610406,0.66983086,0.91002464,0.7216489,0.8548691,0.197323,1.1561804,0.42181575,1.0072479,0.032981448,0.46798494,0.21543755,0.74779004,0.39758122,0.26454276,0.55190384,1.031752,0.4632426,1.2857164,0.5247165,0.6835445,0.021661896,0.34688637,0.83260876,1.3905172,1.8217916,0.07101585,1.2017906,0.36843124,0.18952459,0.18786134,0.5354758,0.16556677,0.5785496,1.1871293,0.095146015,0.04052623,1.3606105,0.34095508,0.8343895,0.95624083,0.62052697,0.21819432,0.8099942,0.73798686,0.6823838,1.5914323,0.72022635,2.3321054,0.17563313,0.03376149,0.7402522,0.80142677,2.0028565,0.521232,0.20159718,0.33178103,1.9240953,0.1744504,2.0930572,1.6209289,1.6453595,0.02118438,0.016404549,1.2503507,0.102660544,0.20471604,0.81518817,0.29042515,0.5315404,1.9456743,2.5554419,0.12505798,0.5133492,0.043720163,0.403538,0.010349998,0.2858085,0.31252727,0.23139198,4.3946953,0.12059733,0.02342927,0.35843217,1.3394151,0.4931235,0.32740673,0.6879556,1.5226814,1.034515,0.4735634,0.7246313,0.4576545,0.40833655,0.00197556,1.3799356,0.30823213,0.3012132,1.3525438,0.88966304,0.42989665,0.23600854,0.5798503,0.59471136,0.8131633,1.2435344,0.36019617,1.119533,1.4623227,0.1214839,1.8812108,0.041089304,0.352716,0.22299542,0.41358352,3.1844027,0.299684,0.0,0.2782287,0.53608495,0.53165114,0.8892765,0.96576893,2.4024165,0.70509547,0.18285617,0.8296117,0.15894167,0.10551355,1.917589,0.43924382,0.31597087,0.18234056,0.07492753,0.08969568,0.052109923,0.8711511,0.2586169,1.0386176,1.1142563,1.8143272,2.8354912,0.781042,0.37292165,1.4440396,0.7890867,0.80423635,2.057896,0.2391214,0.304127,0.11750549,1.5041033,0.43861943,0.91656226,0.3870278,0.33718857,1.0433426,0.3022853,0.43840486,2.4041045,0.6744552,0.040408585,1.0133601,0.01582727,0.13780902,0.18548813,0.35257408,1.3062006,0.21409431,0.22456025,0.29114056,1.2383363,1.2829118,0.19917566,0.71393865,0.08601796,0.24113029,0.90215427,0.6577353,1.0211307,0.6379505,0.5520106,1.8541245,0.57441115,0.105969414,0.22259533,1.3166714,0.46414402,2.5452554,0.16066779,1.4016291,0.3666251,0.4142929,0.09964676,0.8387848,2.7698236,1.0893762,0.72413456,0.778229,0.10458877,0.5315054,0.5922316,1.765177,0.29422376,0.54574966,3.61566e-05,0.15555404,0.61705804,0.044415496,0.09632371,0.27249834,3.0047896,1.3783219,0.68528414,1.6408983,0.07159495,0.045607843,0.3820998,0.7607699,1.8634609,0.22960065,0.085452445,0.27177674,0.09282574,1.1398307,0.9912088,0.8174319,0.09681813,1.4171102,0.80159503,0.41946784,1.2224455,1.6459017,0.4097471,0.97918206,1.45621,1.05184,0.9994521,3.2757277,2.115258,0.15382302,1.0545852,0.41232127,0.26840505,0.48750794,0.8724763,1.5511789,0.077528745,1.6237413,0.702801,0.22450615,1.4481363,0.40714496,0.13569339,0.70761645,0.22932597,0.18631737,2.91733,0.18761286,0.2409473,0.70103127,1.8481936,0.3835042,0.29775503,0.9657962,1.2182103,0.16991882,1.186317,0.25192946,0.06549065,1.0218147,1.7055595,3.1596375,0.31684363,0.014000946,1.820371,0.5369718,0.22592139,0.35303783,0.20106743,1.2130744,1.2903814,2.3370385,1.7921032,0.14473467,0.5212779,0.06750546,1.11768,0.14742427,0.27379307,0.8198899,1.7829397,1.0949545,0.06004747,1.0376946,0.018277148,1.3554149,0.46263352,0.25898194,1.1239176,0.14303489,0.40317535,1.4700235,1.1557214,0.65404254,0.41490152,0.51493454,0.40473062,0.18279098,0.4739235,0.27142248,2.1419024,1.8140627,0.29837307,0.32578793,0.061818328,0.38707295,0.46567923,0.8893584,0.050686255,0.12632304,0.8248749,0.26001465,all_pothole_images\pothole_images_2_image_39.jpg
0.36745912,2.5330164,1.0983778,2.4493935,0.1377557,0.6454555,0.42797336,0.0,0.13588934,0.9061204,0.4514033,0.23795205,0.30318236,3.2896159,0.69859123,0.7857349,0.084780805,0.19995695,0.8780201,0.33733538,1.3898695,3.165574,0.8054025,0.8275902,0.7509107,1.1152235,0.47740275,3.6005628,0.57102823,0.24660772,1.2873646,0.06482353,0.183097,0.44803926,0.49339497,1.0322499,0.6191556,1.0622119,0.5046876,1.5821815,0.15395676,0.035671134,1.3596003,1.7127956,1.3890136,0.9058249,0.032719675,0.13124335,0.21114746,1.1966962,0.092927866,0.17363507,0.15053341,0.6869273,0.041993685,1.9545182,2.8185785,0.54604805,0.47745135,0.033145916,0.45513535,2.8411474,1.3746926,0.38547254,0.92560464,0.808189,1.1393527,0.84860253,1.5128083,0.4678124,0.63697666,0.027088344,0.3335848,0.15849845,1.6166811,2.1285627,0.4275634,0.35346362,0.05334789,0.0009835648,0.76791865,0.4017502,0.13776591,0.59156924,1.2134016,0.11451905,0.012177607,0.52456594,3.0456018,1.3844416,0.4374188,0.3817633,0.124910735,0.06342121,0.8549022,0.1682867,0.19044831,1.9307467,1.4007914,0.4193957,0.14062347,2.0600576,0.097463205,1.6266934,0.6430368,0.6449492,0.22344814,0.09375926,0.8258343,0.40050882,0.42939636,2.9550683,0.6438403,1.1965841,2.1692452,0.23844369,0.519598,0.01462739,3.6857102,1.1353934,2.023025,0.28503925,0.0,1.2647598,0.51251405,0.73440456,0.96955013,0.63786286,0.37719357,0.21642675,0.5296047,0.0,0.37363064,0.35002497,0.0,0.13066946,0.35565647,1.2580526,0.0011747474,0.08311377,0.78076404,1.0635335,0.20278654,0.5481293,0.060183622,1.030137,0.6873136,0.028131528,0.2525746,0.91807467,0.9878975,0.45736226,0.07834393,0.04326347,2.549798,0.2748132,0.8501375,0.38431606,0.5606226,0.7046403,2.029041,0.7844427,0.097369015,1.4679413,0.15765983,0.48118415,4.1777773,0.072945066,2.9028044,1.1902874,0.8500739,0.016937004,0.107755825,0.40267333,2.7708278,0.4841539,0.12209789,0.11825012,0.20963201,0.15687472,0.3504624,1.4076438,0.6750263,2.1116261,0.37239093,1.4809835,0.2051662,0.1886069,0.41350478,1.7025224,0.0816475,1.4551368,0.21124129,2.7290475,0.05535719,0.42861968,0.5494651,2.6925378,0.51182127,1.5255287,0.05871314,0.94042856,0.14980297,0.61176986,0.39593178,0.3647872,0.7389336,1.2251039,1.3500191,0.4366327,0.21006727,0.22123937,0.52564085,2.3541505,1.1713461,0.733695,1.2395136,0.29264003,2.0788372,0.4320095,0.014256776,0.0008051329,0.5693233,0.30257827,0.4041733,0.39982828,1.290239,0.4299677,0.8122948,1.1240261,0.9295975,0.14897256,0.1703822,0.6415741,0.39934045,0.4973769,0.9827556,0.45338774,0.07549341,0.0,0.0517988,0.035917126,0.1306317,0.29345027,0.29422414,0.007955105,0.40021062,0.2978148,0.65680695,3.480877,2.4222317,0.015344549,0.14232445,0.08383542,0.75522953,0.37214985,2.5646317,0.035449088,0.8878264,2.5292866,0.31496298,0.011979844,2.0158126,0.31546235,0.4489352,0.33072257,0.22379796,0.5157996,0.61601955,0.11011969,1.0527024,0.46432686,0.6458428,0.29280084,0.39667055,0.5829934,0.71791047,0.09243635,0.9769573,0.76202756,0.0034872752,0.06345946,0.5121442,2.9746501,1.3960251,0.5890797,0.70540845,0.252766,0.031831793,0.20978968,0.56002825,2.0516934,0.09030345,0.8897806,0.46169987,0.19417346,0.65756196,0.17399688,0.8732248,2.4215405,0.31108525,0.53258026,0.03697747,1.6190724,3.0542846,0.08701385,0.041093957,0.25809455,0.4452265,0.1468561,0.24794582,1.2936953,4.474416,0.12875868,0.23183256,1.1869065,0.52547044,1.1393101,0.37291354,0.60413635,1.1859275,0.005688864,0.1915876,0.35303497,0.39415646,1.6834184,0.09709121,0.033081263,2.2879055,0.07195509,0.56876373,0.39480215,0.007720659,0.104508765,0.23741147,0.4879762,1.0243609,0.11757241,0.7786681,0.34768552,1.2291626,1.0763239,1.9726869,0.1495763,1.5819129,0.198601,0.47483674,0.05678831,0.7394931,1.5611564,0.47954208,0.9758746,0.76897085,0.27818877,0.08247424,0.17996047,0.16282743,1.2144243,1.0735003,0.6102948,0.67146915,0.32720658,0.33851054,0.48272586,0.006320852,0.23854002,0.5816992,0.022359602,0.8954352,1.0512344,0.2931928,0.31133577,0.44014016,0.13412412,1.1330043,0.8802249,0.35577574,0.9067867,0.2520207,0.529718,0.46553493,0.21724042,2.1363792,1.7206366,2.0345771,2.3020768,1.5872734,0.30911067,1.6914496,3.6104343,1.484257,0.54450613,0.42422178,0.7079469,0.0120105315,0.5274499,1.1486466,0.82443625,0.4455691,0.9623107,0.012193247,1.0525947,0.39531186,0.7682239,0.6964234,0.62322134,0.54800653,1.1431797,0.5744821,0.07926691,2.4713697,0.56981415,0.07530738,0.28544986,0.30567837,0.2620199,0.84570825,0.27649054,0.005372531,0.6689532,1.0038587,0.111166,1.460041,2.88815,2.9765573,0.013961806,2.2869596,0.40898418,0.8523715,0.5722977,0.39883614,0.31653804,0.024492059,0.1858009,0.5886586,4.22983,1.0864621,1.0560048,1.4426165,0.22369808,0.5910133,0.48571658,0.2649765,0.33974087,0.22325383,0.16686937,2.3556173,1.4088151,2.1404607,1.6907004,1.9439689,0.46574655,1.2645787,0.27961016,1.6246905,1.0974268,3.353124,1.7337046,0.6657889,0.9999241,0.49604836,0.44160414,0.5003054,0.36058146,1.2572016,1.5500021,0.14030306,0.26025432,0.42693672,0.8106912,1.1103319,0.2515305,0.047494207,0.1118015,0.6723583,0.21913199,0.57222545,1.3225387,0.70801294,0.026746983,1.4776354,2.8840754,0.13634297,0.817731,0.14100371,0.27416998,0.38626137,0.3795074,1.3303443,0.0076118256,0.42105997,0.5783964,0.004445649,0.25831535,0.0056931973,0.054658744,0.0010982234,0.68584925,0.36610115,0.115243115,0.4264576,5.896442,0.6877248,0.75640976,0.43481195,0.6627571,0.0,0.6421535,0.23193271,1.235249,0.19352,1.252542,all_pothole_images\pothole_images_2_image_390.jpg
1.3844401,0.14490561,0.04523154,2.1189687,0.40413922,1.8862928,1.3913034,0.0,0.54269826,0.3327174,0.094719246,0.06696792,0.3125565,0.045196556,0.1344374,1.0285456,0.018528169,0.24678397,0.30877498,0.027495403,0.8243988,2.6220329,0.47527725,0.23515347,0.3720524,0.2558574,0.120799206,2.770667,0.0028678358,0.029934868,0.16020937,0.56902945,1.084162,1.048852,0.14205787,1.6567622,0.50374943,0.276534,0.47051737,0.22633162,0.6214709,0.012664125,0.617447,1.1434911,0.89708894,1.233198,0.32533643,0.11852844,1.519376,1.4414825,1.4602163,0.0,0.0139455795,0.29380232,0.51009023,2.615501,1.9627914,0.24654733,0.42209974,0.040174745,0.007559409,0.5178129,1.0308995,0.7977697,0.359821,1.3692477,0.14171782,0.17810008,0.3945593,0.16229047,0.24410586,0.23564972,0.7073491,0.45559785,0.970708,0.04455134,0.025731884,1.6984499,0.69448984,0.5852063,0.0,0.007597963,0.6838908,0.052036,1.8154683,0.08542782,0.18720151,0.058919877,2.7715952,0.19583718,1.7015592,0.13303794,0.13885997,0.18532614,0.5371609,0.0,0.60720485,0.07678516,0.72312975,1.1972871,0.022393806,4.110524,0.37358835,0.0,0.96410984,0.001432645,1.1212534,0.21486495,0.46907392,0.3698863,0.0,1.0182414,0.62554747,0.07152533,0.017806385,0.38842508,1.658239,1.1487881,3.722031,2.6082115,1.6621914,0.17251493,0.07465668,1.5355978,0.037296582,0.863185,0.58307636,2.0699053,0.19616522,0.0016087624,0.0059877285,0.0194939,0.0452506,0.0015528939,0.094721325,0.27068433,0.80392486,3.1172752,0.13926476,1.099133,0.17896391,0.026706735,0.27407792,0.9180136,0.0018327382,1.452459,0.2782393,0.45432425,0.8138037,1.2779074,0.012441649,0.2784935,0.5773162,0.006579614,1.4819087,1.1367471,0.9606334,0.059826113,2.431543,0.55169153,0.2177566,0.68274593,0.0,0.39821196,0.25578865,1.4703814,0.20079659,0.010407202,2.7981505,0.5137778,0.051162276,0.16562286,0.053335413,0.24005161,1.093541,0.182149,0.13917589,0.0,0.15953963,0.11587402,0.14141256,3.3852472,1.44173,0.3183899,1.9818,0.2397517,0.39595124,1.8786186,0.25217965,0.7341681,0.0003166045,0.73557,0.17984118,0.59567034,0.5091012,0.20432143,2.3830557,0.24817196,0.5215511,0.16588277,0.20184977,0.50040543,0.7522657,2.5349796,0.91348034,0.7435175,0.77153784,0.16736667,1.6080251,0.060783338,0.010495958,0.0,0.5802673,1.1224079,0.5730087,0.9407572,0.33788863,0.05109986,0.06337816,1.1345078,0.6638047,0.19243698,0.47727495,0.04423431,0.0,0.6238183,3.0393414,0.07257449,0.59896016,0.029301962,0.34726465,0.09395889,1.0357616,0.0023731547,0.14745295,0.16229305,4.764147,0.30221543,0.027470024,0.51677805,0.16269563,0.28193662,0.010715089,0.09015268,0.033454333,0.007722948,0.4639565,0.16894484,0.03426836,3.7219763,3.0879161,0.23897873,1.120775,0.8453543,0.023868285,1.1864499,0.2978089,0.6891906,1.3312619,2.0432632,0.008635245,0.24513045,0.32691994,2.4371443,0.11886496,0.3063004,0.25251526,0.8705539,0.07409284,1.0336301,0.41709024,0.0032714398,0.10476605,0.3662764,1.3338902,0.35800466,1.2101369,0.47939226,0.8369427,0.26873353,0.050563753,0.050517548,0.0,0.060584567,0.05624417,0.51287687,0.25845578,0.12696935,1.3582456,0.1847454,0.4344287,0.35649395,0.06525413,2.3758056,0.114720546,0.062283065,0.10684828,3.5462363,1.0327418,0.77901953,0.031654727,0.9372322,0.029443836,1.2441821,4.863633,0.84978545,0.16725019,0.85597354,0.17307994,0.96655893,0.89823824,1.8167024,2.5617695,2.2716217,0.2836226,0.41808414,0.0031204473,1.370842,4.7413726,0.20044826,0.90160716,0.017009076,0.23470977,0.42905787,0.4103708,0.43509108,0.18647687,0.112709686,0.16752191,0.42720798,2.0913043,0.010605308,0.035411846,0.01993367,0.041977715,0.0,0.9659084,0.40313175,0.21003765,1.8161309,0.6343437,0.047974955,3.7359798,0.05821895,0.8676921,0.02818445,0.09215744,0.019885398,0.4052492,0.55963194,0.6770143,1.503944,0.72301173,0.2892213,0.038646292,0.17311588,0.1520387,1.9471276,0.9365436,0.50569427,0.0,0.0,0.26546597,0.06413305,0.7862899,0.39016584,1.4315902,0.60779583,0.16759147,0.078822225,2.1116047,0.32435402,0.4943287,0.010513302,0.3541527,0.09324199,0.052079532,0.24330164,1.2115769,0.25296912,0.010324166,0.01673162,0.110136494,0.5578346,3.2945175,1.1994096,0.85269594,0.0,0.68307906,0.2172279,0.19582936,0.66278356,0.0,0.13264026,0.08211057,0.03358477,0.76332635,0.016461127,0.11128529,0.17470928,2.5008116,0.55293334,1.2899059,0.0007048379,0.3654906,0.009760243,0.006343747,0.7689692,0.061175045,0.6504512,0.0032593291,0.02672048,0.06104585,0.058926694,0.003063092,0.14272323,1.1654071,0.2468658,0.38989678,0.034108352,1.6407766,0.471126,0.4645409,1.7259699,2.0127168,0.06590876,0.3654193,0.9090565,0.20863433,2.0509784,0.24424264,0.2000585,0.6086434,0.27157965,0.47707346,2.6165776,1.8454474,0.8865278,0.0,0.30520138,1.0755047,0.86532605,0.36786467,0.38654009,0.8720077,0.03914875,0.6587005,0.03463655,0.048451394,0.34519,0.53983235,0.57706535,0.31139398,1.5221517,0.89420784,0.49644184,0.63346684,0.41442555,1.2957546,1.3651481,0.6685743,0.15014942,2.2739725,0.37673172,1.3647771,0.15247741,0.93672943,0.08316425,0.12585217,0.41684887,1.6922903,1.094525,0.9293059,0.16820319,1.4678864,0.16927582,0.079429895,2.5018823,0.37834448,0.11783869,0.0,5.084758,1.3685857,0.0067710364,0.24347696,0.056944348,1.8232601,0.08075307,0.23834567,0.021383287,0.2630948,0.754269,0.22597736,0.5655932,0.42364058,0.39819124,0.028174018,0.0,0.060219947,0.31383616,0.32894602,4.9832134,0.82103693,0.14081162,1.2128314,1.4300666,0.007296791,0.0,1.1092949,0.95373255,0.18231769,0.65849054,all_pothole_images\pothole_images_2_image_391.jpg
0.106443346,1.7560043,0.29202604,2.579318,0.9433253,2.8761384,1.2101957,0.43948853,0.4124315,0.32451853,1.0932097,0.09979553,1.0500655,1.8211713,0.24904634,0.6865183,1.2211987,0.15369965,1.0001456,0.49378794,0.15429814,0.23565057,1.3093424,2.1169622,1.431924,0.30009502,0.29307425,1.8049299,0.39663112,0.01962498,1.9445711,0.76982474,0.5092679,0.60304743,1.0593184,0.31830654,2.2554812,0.2976162,1.9002168,0.1937728,0.89584225,0.20699736,1.525843,1.8307767,1.9731675,0.19805822,0.35372266,0.049651913,1.6790522,1.5546068,1.3030711,0.29426473,0.8712774,1.2100137,1.2248906,0.5745051,1.2734737,0.56116104,0.68813026,0.7405434,1.1643734,0.73885995,4.887995,0.9170546,1.3060156,0.46097627,2.0729291,0.73301697,1.1353152,0.274937,2.09628,1.7306722,0.287194,0.3052869,2.474918,0.17725417,0.012890521,0.2000765,0.9026615,0.6803534,0.13089308,2.3813102,0.44234186,3.1106536,1.5262975,0.18982124,2.5946112,0.74928296,1.8930523,0.94307584,1.0500244,1.2875658,3.0783453,2.9989884,0.3198589,1.1241854,0.31986263,0.28991655,1.1377224,1.009352,0.8169208,2.185909,0.8727252,0.8064351,0.7966785,0.4645517,2.5320387,0.4383758,0.7072782,0.2121793,1.2228154,1.002877,2.025411,0.7958852,1.9790229,0.6606074,0.22244418,0.07840072,0.86177254,2.3658142,1.4297527,0.9206605,0.36233947,1.0457605,2.0486913,2.2145376,1.3512713,1.2772858,0.62645745,1.8524126,0.5366125,0.0,0.22428596,1.3220841,1.0327663,1.1150391,1.110201,0.86778724,0.9848956,0.44385672,0.29366523,1.556834,0.11322712,0.04584106,0.62088776,0.2868901,2.35172,0.0,1.5728396,0.73237735,0.12908241,3.3802066,2.0403538,0.14405593,0.16361669,0.81331205,0.23330499,0.8078772,0.27819726,1.2400383,0.3324602,1.5592682,1.6959391,1.1955552,0.66997236,1.1626115,2.5190785,0.017384836,0.7898659,1.5169532,1.0133553,0.035217553,0.6851515,0.46348533,0.41675276,0.3067965,0.95383376,1.7985084,0.60903144,1.3450849,0.45821914,2.4034095,2.2013667,1.0786825,2.2443566,2.1642609,0.8513932,0.28653622,1.2550725,0.7837319,0.0,3.2062595,0.78379446,1.1066422,1.137891,1.9357122,1.7135421,1.2360722,0.5722116,0.5260367,1.9460175,1.2577248,0.8479754,0.9300859,1.7027084,0.9867769,0.2430405,0.27947372,2.0987797,1.6906276,1.1860765,0.44723934,0.816297,0.4298565,1.2171515,0.010785838,0.4256649,1.0830657,0.8051758,1.5368023,1.3857175,1.9700991,2.1854005,0.51121265,0.22218439,1.1279929,1.6771318,1.0386816,3.137898,1.7717464,0.7779949,0.11297467,1.5599945,1.0138031,0.16146256,2.009149,0.3179912,0.63643044,0.53925246,1.5427518,1.0951525,0.45022988,0.32522377,0.11301127,0.18407096,0.99448854,0.75509197,0.39087766,0.85467654,2.7421083,0.535824,0.5774074,0.09122403,0.5376079,0.53619224,0.018667912,0.9727448,1.2203814,0.23843843,1.9278919,1.862226,0.49799415,0.8649852,0.88198173,0.43610194,0.52779007,0.46352768,0.5378829,0.8635415,0.6644409,0.609645,0.19592914,1.7250962,0.06889182,0.9926901,1.7030472,1.3300341,0.44316506,0.2715047,0.18563464,0.9459184,1.3148581,0.34523156,1.5667899,2.2392728,1.673381,1.5131141,2.0109801,2.3121786,0.27803236,0.12685323,0.39488748,0.2130288,3.5632339,1.4291145,0.7565973,1.0095472,1.0095841,1.7872642,1.4192386,0.12513807,0.6168919,0.111479856,0.30401927,3.495961,1.3434498,1.022447,0.4831129,0.25188172,1.4013152,0.1749802,0.40154627,4.1142564,0.5814956,0.29578477,0.0010177058,1.8805183,0.34995872,1.8491899,0.32397085,1.4290509,0.42902493,0.13768628,1.0975416,0.9471706,0.8026167,0.21754321,0.92660195,0.43961027,0.26980907,1.6514986,0.9901605,1.5178456,0.1698655,0.22024478,1.1642143,0.48943153,0.07237898,0.93930864,2.1285388,0.8893683,1.7911476,1.6951844,1.1420068,1.7765625,0.23172374,1.1010001,0.17058462,1.0465472,2.1691003,0.5748479,0.41744697,0.3518467,1.8640953,1.7371131,0.28915897,0.36272538,0.5757807,1.0698531,1.9450251,0.033788376,0.4912286,0.14283527,0.2293943,0.63874024,0.9787255,0.8783815,3.2533877,0.6322978,1.0771499,0.18839236,1.4671681,0.04379889,2.0570464,0.7867026,2.9567022,0.27099454,0.39389116,1.1294588,1.1850733,0.75793344,1.8665222,0.76195717,0.19880225,2.2811513,0.25789717,2.7645023,2.6939518,2.4428325,3.443487,1.2301847,0.32216156,0.56975305,1.1396263,0.1746986,3.346028,0.60951906,1.5829103,0.04216233,0.20149061,0.67760825,1.5481682,0.5013494,0.316651,0.8025895,0.07062008,0.1720435,1.2722577,0.5856722,2.5989485,0.6288866,0.32235008,0.35134563,0.8671929,0.7535103,0.5140458,1.8766482,0.22001426,0.5498894,0.549909,0.19082107,1.2209748,0.08211918,0.5544834,0.8270905,1.2607855,3.4042068,1.1024307,0.4221329,0.8763059,2.984175,0.3621725,0.46193942,0.0009833522,2.1463435,0.24643983,1.4071864,0.36518452,0.56175786,0.9634707,0.743006,0.877705,1.4503404,0.2054024,0.0311283,1.1420046,0.3822108,0.16835228,0.25658318,1.4494087,0.90598863,0.26352778,2.049657,0.79847103,1.5750322,0.5000702,1.0935299,1.525733,0.933887,0.2465595,0.45622534,0.11083048,1.2470647,1.9877051,0.36639002,1.5493379,1.1888622,0.994272,0.79097474,1.4113725,0.5837697,0.2631901,0.19645534,0.046885736,1.0135859,1.0443122,2.0936403,0.501947,0.6162142,0.07726608,0.26332107,2.0519636,0.9507987,0.4992163,2.4805167,1.3793621,0.76456654,0.04463624,0.8194637,0.070119925,0.431369,0.53905696,0.33680794,0.222228,0.17750762,1.6524583,0.48775932,0.22102372,1.6739779,0.483549,0.12731619,1.0856675,1.3201787,0.21073635,1.8140436,0.5482306,0.17286517,1.4876678,1.4314656,0.20694071,1.6515148,1.0872477,all_pothole_images\pothole_images_2_image_392.jpg
1.2231959,0.6858461,0.085618734,2.2940676,0.34679225,0.7333914,0.13189264,0.054557953,0.18916972,0.5537948,0.07781595,0.868035,0.15892842,1.9764466,0.3927291,0.44332734,0.08639892,0.15177691,0.012906918,0.48838004,0.8254706,0.8480153,0.37398323,0.26696745,1.4135678,0.89079744,0.2768473,2.9301295,0.31802785,0.08456194,0.6217309,0.32628453,0.5625632,0.79648805,0.12389665,0.23776108,0.12909468,0.24626821,0.50836945,0.5772243,0.5870469,0.013917516,0.5858791,0.58925587,0.937012,0.6927666,0.07741857,0.29290342,0.6146442,0.03654898,0.5309037,0.0006613105,0.23670726,0.037574664,0.02004075,1.2412511,0.9617737,0.5529789,0.14839585,0.009027536,0.06262485,0.13623898,0.8400651,0.3644673,0.24959281,1.5331929,0.5552309,0.044695318,0.76981694,0.039245047,0.72181094,0.1609261,0.23549739,0.46377784,0.572185,0.2351211,0.08631506,1.6655116,0.37356013,0.15741631,0.14635412,0.3345799,0.5976431,0.6451979,0.25399837,0.58539224,0.92321354,0.11099708,1.7107936,0.29618976,0.4492002,0.0056020347,0.039427135,0.6981953,0.00088549056,0.015390033,0.18949074,0.24610774,0.64351267,0.7904369,0.06801049,2.2459888,0.09576932,0.22400832,0.18194622,0.0,1.0728514,0.6280366,0.04585433,0.6498951,0.054672115,0.7235153,0.37108737,0.16886495,0.82392067,0.16403867,0.8838324,0.057239197,1.4714352,0.52194506,1.4966997,0.12154217,0.3810929,0.50508714,0.7753351,0.7704976,1.6403676,0.8513062,0.6018515,0.3623203,0.09876328,0.10862864,0.012754636,0.24167138,0.3760225,0.5365836,0.6386439,1.4352834,0.45848238,0.17612267,0.09357453,0.30759943,0.02323422,0.42802942,0.11473789,1.3520371,0.0,0.0,0.4486623,0.10127117,0.6622691,0.5723087,0.2849679,0.008846159,0.43279904,1.1182476,0.8323162,0.08608043,0.37878165,0.14710593,0.8413259,2.394269,0.08552933,0.75436896,0.1370935,1.4793556,0.98344445,0.5251232,3.2487407,1.0210855,0.0,0.005981789,0.08015448,0.0017125676,0.18664725,0.33449546,0.29442537,0.017012253,0.74059397,0.26836115,0.0056640226,1.5992693,1.1203266,0.21123698,1.9506593,0.0077062,0.007904872,0.9434553,0.67395157,0.24530247,0.3426754,0.08396662,0.29425013,1.0261581,0.860048,0.23850721,0.5760438,0.3768845,0.8742852,0.45201257,0.6662979,0.72559685,0.3468205,0.8180818,1.3172212,0.41455105,1.3000256,0.044141475,0.39407554,0.9565688,0.029356536,0.0,0.45242232,0.26701194,1.2137903,1.5181758,0.26994774,0.13017514,0.02375876,0.019506866,1.0759842,0.7179378,0.6682659,0.05799596,0.0,0.052400745,2.0225964,0.32590973,1.3274406,0.6352567,0.0072920686,0.048774727,0.17613389,0.21903524,0.0662616,0.011146212,2.9385116,0.007132645,0.30492523,0.51233625,0.41655666,0.15373458,0.09322047,0.07305654,0.16287403,0.0,0.7263001,0.54142004,0.3110322,5.4612164,0.7343217,0.26427206,0.3889475,0.20231931,0.010214923,0.3292554,0.500952,0.13311556,0.10997563,2.743255,0.13428254,0.28989527,0.11916065,0.7721802,0.1532486,0.20313129,0.17255144,0.2496933,1.0025835,0.34718174,0.93904024,0.09106593,0.5603362,0.41261116,0.6239284,0.19319771,0.7651632,1.6712736,0.12909584,0.81119156,0.7780468,0.025605097,0.5700967,0.84509766,0.30192047,0.55695444,0.63831484,0.29350922,0.9181487,0.02105611,0.08477929,0.18263578,0.054941956,0.6313312,0.18556948,0.5597333,0.020412825,1.6489105,0.06688209,1.9355268,0.2849031,0.18581091,0.1298598,0.4014901,5.3750086,0.34174964,0.016024243,0.20198958,0.14099045,0.591863,0.011044979,0.5578251,1.9538982,0.69834524,0.050514925,0.271691,0.0049054692,0.8322637,3.1534948,0.3243498,0.11377306,0.0,0.10890853,0.322711,0.057866704,0.19576275,0.7455526,0.08911701,0.39659375,0.25295198,2.5515969,0.015905675,0.15098076,0.0,0.09896591,0.032762382,1.7691541,0.53864235,0.3977579,1.2787048,0.29084793,1.2315434,2.6965175,0.7243669,0.8869592,0.0,0.900326,0.42317685,0.4426725,0.075960286,0.5697926,0.82825035,0.07937941,0.5931648,0.123907454,0.0,0.07459544,1.2148463,0.14540878,0.22137967,0.01594809,0.29065958,0.26907888,0.10363273,0.0,0.33587253,0.84019125,0.5075785,0.04339039,0.47963107,0.3468568,0.26156422,0.09721699,0.024351291,0.1631324,0.3977042,0.06165656,0.02587294,0.5188671,0.12744829,0.6879827,0.18254595,0.25081813,0.31313953,2.206919,1.7874931,1.4277085,0.007642786,0.09820808,1.1668717,0.09968301,0.28392753,0.059482,0.1680577,0.11820733,0.6492908,0.38925716,0.5729017,0.8324152,0.598158,1.1697048,1.1223028,0.5165943,0.6336467,0.17008181,0.6680237,0.18640229,0.8679834,0.290245,0.7204173,0.80460846,0.177996,0.3072622,0.98609287,0.0,0.06487484,0.124479905,0.2103746,1.0140259,0.36834553,2.2221866,0.046663817,0.7210605,0.8464886,1.438289,0.09583779,0.7409928,0.8297738,0.43312106,0.30048075,0.7924432,0.19477761,0.16161263,0.2625888,0.57426155,1.1784654,0.44733772,0.9117523,0.1108356,1.324877,0.7291169,0.15242709,0.07972456,0.08032283,0.183577,0.016921537,0.60754013,0.79755133,0.22093989,0.5296998,1.1284398,0.9689365,0.85426253,0.2629337,0.8217336,0.37481853,0.5618058,0.06783801,0.6909688,0.6242091,2.1792693,0.30462304,0.8669902,0.8589864,1.1857247,0.10516701,0.6753606,0.003170892,1.0034858,0.57939744,0.18156664,0.33739737,0.24584118,0.4484463,0.6770852,0.0024975408,0.33950722,1.2969241,0.6205513,0.0058038277,0.017132234,2.1953888,0.9987265,0.40766844,0.13819735,0.0,0.27117372,0.27859855,1.2634374,0.1436743,0.1446386,0.42214662,0.0,0.094380714,0.056215715,0.057627697,0.0018499016,0.019004919,0.008499473,0.47268093,0.40295282,3.1679294,0.45270842,0.18565676,0.28093165,1.2942244,1.1178787,0.048271943,0.046949543,1.7638868,0.21194026,0.65028965,all_pothole_images\pothole_images_2_image_393.jpg
0.3165056,0.094462685,0.7715907,0.17541093,0.12965822,0.08249271,0.55592716,0.10643624,2.905776,0.64148456,1.1724449,0.14769231,0.0,1.3476926,0.5996403,0.6159575,0.11475956,0.30800608,3.4059887,0.63411623,0.62246907,0.43574205,1.0109116,0.1901497,0.39136404,0.8101032,0.44775993,2.4296079,0.49452505,0.0,0.04123121,0.40088144,0.09454036,0.037508275,0.05229957,1.0795854,0.003780144,1.2995209,1.5438448,0.0134557225,0.020037578,0.13017249,0.13717791,2.0808792,0.7966948,0.9909442,0.43934003,0.029387118,0.5025008,0.07011075,0.99247664,0.34111685,0.30957115,0.5451675,0.34105262,0.11180163,1.4311407,0.014888011,0.03534023,0.032624252,0.0,0.40738335,0.27310872,0.1912419,1.4981989,0.5797126,0.6487883,0.08335752,0.08602388,0.32774064,0.052116394,0.34467182,0.014836915,0.22244705,0.0029187426,0.3605422,0.42113766,0.71623796,0.03768445,0.39649385,0.0,0.30813852,0.29334587,0.84540385,0.0,0.39695078,0.5430051,0.93611455,0.49828166,0.09310971,0.14388646,1.0710347,0.0018015516,0.2593886,0.42012355,0.0,0.4468876,2.91833,0.1526614,1.0544586,0.31919834,1.1641388,0.19784196,0.0,2.3658438,0.07067166,0.5471878,0.0004410614,0.23962355,0.2766651,0.00073111407,0.4631194,0.10483301,0.17964919,0.071624346,0.52087146,0.20706427,0.025534494,2.1442428,0.88818616,4.2296352,0.02372063,0.014463826,0.44290686,0.21439485,0.19047338,1.0281698,0.00042410952,0.3426789,0.032440834,0.0,0.9080355,0.09349068,0.45713973,0.54707676,0.010565405,0.534471,0.46181035,0.20012373,0.06157221,0.2928085,0.068783686,2.4253147,0.39982426,0.11159712,0.08401264,0.5466739,1.4734606,0.6371858,0.15719663,1.0031857,0.13104871,0.02961328,0.054237675,2.6803513,0.52372617,0.02164602,0.24880168,0.30012813,0.5990557,0.18050304,0.26334196,0.14012574,0.7249741,0.05163012,0.07527143,0.94068146,0.006008607,0.9230246,1.7417498,0.5368589,0.0,0.6485121,0.0,0.930021,1.1065696,0.028033037,0.0,0.11522068,0.25928113,0.25680032,0.22415504,2.191072,2.3097572,0.3192006,1.0608084,0.24672566,1.4142483,0.10813374,0.5311832,0.122172974,0.559818,0.18791482,0.45624357,0.53885955,0.18793331,0.666355,0.018661022,1.2554325,0.22297753,0.34065074,0.5947456,2.0130303,0.0,0.14530022,0.002729071,0.69793487,0.1485675,2.6999888,0.51723653,0.0002660224,0.909234,0.50395876,0.23296453,0.6618917,1.883785,0.5190563,0.5379431,0.5880464,0.511095,0.0,0.28567582,0.84986645,0.12525354,0.05676973,0.0,0.7399803,0.0,1.9072447,0.5537338,0.023121031,0.046841674,0.1924895,0.0,1.6475211,0.42228913,1.5118093,0.13992077,0.0,0.165071,0.30498943,1.1055106,0.046188705,0.6391706,0.58872014,0.0075035375,0.87753963,0.0018219562,0.34250975,2.3827305,2.4974117,0.09896548,0.0,0.72305703,0.1506008,1.2745945,0.31668973,0.04992846,0.10278487,0.30143243,0.4551136,0.15504278,0.57870334,0.47995886,0.32365888,1.0286877,0.008054757,0.26649824,3.045963,0.011527134,0.013953944,0.04372824,0.19078301,0.905126,0.022484131,0.16698037,0.22675435,0.0016061052,0.0,0.38224083,0.5338902,0.5612376,0.7790714,0.3036189,0.027481847,0.2099868,0.6401633,0.22756739,0.068458684,0.0,0.27615356,0.71799415,0.30134016,0.22044972,0.086721435,1.0809704,0.35994595,0.15468454,0.46051946,2.2386773,1.6323348,0.87932914,0.06228991,0.06522928,3.8587897,0.09307885,0.3655678,0.08626458,0.10169833,0.1546249,0.2913109,0.43959752,1.1124003,1.9215128,0.26437762,0.09819323,0.0051161842,1.2264628,2.2055128,0.17422372,1.4056982,0.22412156,0.17952451,0.30803132,0.20525114,0.7292718,0.10479067,0.031988956,0.5573261,0.0,0.091112755,0.034346,0.38825443,0.0,0.46337804,1.5186602,1.252785,0.4223576,0.007916639,0.3922578,0.11810449,0.42047513,1.8734788,0.7151372,0.2857674,0.2216485,0.26542625,0.102876455,0.35870478,0.2797021,0.6771989,0.18036386,0.28369907,0.3489495,1.0212753,0.38399348,0.0,1.2845283,0.026292551,0.7948163,0.7745168,0.2272278,0.76356566,0.94502515,1.3617861,0.5989108,0.54552895,0.25683904,0.9334315,0.11921083,0.28311926,0.0,0.45011044,0.19694884,1.6590818,0.16641016,0.056464825,0.09945268,0.015821293,0.36945125,0.48516238,0.44776648,1.3944229,0.5623098,1.0729926,0.020114945,1.7273723,0.46328625,0.7796453,0.14648192,0.9834789,0.13656501,0.053102307,1.7034338,0.0,0.10303603,1.2602147,0.6638095,0.4272175,0.037509363,0.69705087,0.08469523,0.54489374,0.41398853,0.25847936,0.065552816,0.124563895,1.6123078,0.39866257,0.3664962,0.0,0.37356114,1.0059936,1.1884091,0.022810347,1.0558407,0.36562404,0.8432338,0.09600663,0.0,0.4356285,0.030779015,0.7900502,0.26283985,1.9752922,0.09709499,0.7856993,0.33256465,0.61976117,0.11107032,0.06425398,0.582601,0.003462553,1.8929913,0.19493634,1.5557497,0.13773403,0.010573848,1.1724014,0.13438258,0.75468725,0.066474244,0.23519379,0.08782932,1.2847108,0.058455754,0.57909733,0.10046339,0.01648674,0.6434517,2.4315615,0.43605506,0.0491218,0.0,0.16568628,0.43358994,0.09821702,0.027098382,0.3604636,1.3660606,1.5922353,0.35681152,0.85171634,0.05960627,1.356516,0.51437,0.13986355,0.09162757,0.09091418,1.337111,0.3121142,0.0,0.0026756935,0.19233781,0.46270245,0.5070827,0.6683742,1.5218953,0.24286492,0.011322055,1.2527144,0.7908441,0.20432137,0.103979446,0.29570124,0.038603753,0.03563106,0.10258637,0.014152727,0.013177643,0.06074871,0.11478044,0.0,0.4377797,0.19987686,0.0,0.32977092,0.50641596,0.323884,0.26271483,0.24295624,4.4920287,0.32495716,0.045711406,0.0,2.621194,0.17599654,0.10794329,0.30466563,3.4035382,0.36860558,0.013825461,all_pothole_images\pothole_images_2_image_394.jpg
0.60244614,1.9392998,0.8078171,1.5572098,0.511828,0.56597745,1.4217339,0.03713269,0.6213823,0.9105075,0.18517321,1.2600282,0.12908389,1.6715835,0.18339531,0.6164107,0.65774894,0.6240906,1.8206692,0.2853042,1.83452,2.5603876,0.22775112,0.98396516,0.4952338,1.4202493,0.68673706,3.1879234,0.13642117,0.25462648,0.6583267,0.027069878,0.08655584,0.68916833,0.6090963,2.4399397,0.778723,1.2847575,0.3159509,0.67909557,0.45333767,0.1029788,0.4030424,1.8296397,1.1348403,0.75768673,0.25115287,0.44627646,0.3987291,1.1121426,2.0520704,0.39657265,0.15226898,1.0228641,0.45862922,1.8577027,1.408021,0.20774774,1.2123872,0.16659634,1.0400218,1.2724127,1.6374329,0.39091825,0.16217065,1.7101071,0.5012841,0.06800942,0.64388525,0.5062983,0.31078947,0.7853407,0.28373018,0.41704956,0.70027643,0.85177135,0.59805954,1.9226649,0.22004049,0.71312827,0.8472612,0.12056386,0.13429591,1.62223,1.1222569,0.067440264,0.30450848,0.04697346,4.1787624,0.2589075,0.43638343,0.35764438,0.09325429,0.27081496,0.41276035,0.012104098,0.822446,0.9987621,0.9634337,1.2425694,0.103607595,4.0139604,1.1658267,0.8298204,0.225424,0.10531878,0.899153,0.45379898,0.096354894,0.82174605,0.29789287,1.9740348,0.6144027,0.024898112,1.3091335,0.30359146,2.4239192,0.604329,3.375527,0.8525694,0.6541565,0.49593937,0.14746322,0.708093,0.8474214,0.3957187,2.325767,0.5336678,0.3219762,0.099523336,0.08706815,0.11564561,0.4799232,0.09052757,0.0031284848,0.18939304,0.70018417,0.8796888,0.8555917,0.45681533,0.68019414,0.12656702,0.21330683,0.4242764,0.4478792,0.8562675,1.2078655,0.033472314,0.7918676,1.2342316,1.4205608,0.9301276,0.0,0.25037614,1.3340012,0.4849939,1.0979441,0.28476825,0.8445291,1.2659943,0.8956724,0.95818406,0.05945845,2.206944,0.45129272,1.1985943,3.0892694,0.2392111,1.1296023,0.48461345,0.35681298,0.17805862,0.18871066,0.8815102,1.2519195,0.12177469,0.09201803,0.14958362,0.59867233,0.22655745,0.25892377,2.9323559,1.4719965,1.1062012,0.73339564,0.75619483,0.3572881,2.9856591,0.32111922,0.77007574,0.5963623,0.6796076,0.022958696,1.6456448,0.031880863,0.1319002,1.0947552,0.20595518,1.4934368,0.5373192,0.0032597377,0.5554067,0.5900614,0.38378513,0.7114211,0.3312817,0.5031938,0.96689683,0.24739973,0.17277946,0.05567699,0.15763272,1.7755703,0.71396804,1.3559514,0.7745369,1.394847,0.0,1.1261294,0.32096186,0.9736918,0.03288865,0.8223802,0.7108467,0.20342052,2.1195636,0.6081024,0.472957,0.60540247,1.0805508,0.3224676,0.52908957,0.1564874,0.08037933,0.120652206,0.19158316,2.0205708,0.90315837,0.054529287,0.1113892,0.17202745,0.08909889,0.02356687,0.19975719,0.32845932,0.084980175,0.54989564,0.061407495,0.6739178,1.8192724,2.6481853,0.10339497,1.3025506,0.30753824,0.2739433,1.7137604,1.6279063,0.80865914,1.3329153,2.0273147,0.13422325,0.58270806,0.9912638,1.1556622,1.0948684,0.14296035,0.061432887,0.53905594,0.1837701,0.24339418,0.27961716,0.20287691,0.16708864,0.2232267,0.59373003,0.69130385,0.5715731,0.84977454,1.2013397,1.0591985,0.17622371,0.024357898,0.30031285,2.1165705,1.3366522,0.93608934,1.131842,0.2851097,1.680592,0.25063944,0.567844,1.5105561,0.19314876,1.0268879,0.33031183,0.14061032,0.47083184,0.8250681,1.0816208,0.823966,0.155853,0.77180773,1.2517825,1.3296249,3.6872778,0.459013,0.59031725,0.75910515,1.0990008,2.1831841,1.9173782,2.5825188,2.7226207,1.3711371,0.515668,1.5334678,0.78105533,0.95396173,2.5347884,0.23016657,0.014378393,0.45189074,0.71517956,0.21450089,1.0790536,2.228907,0.25726044,0.06539895,0.9331589,1.0597959,1.0682342,0.53891444,0.21345204,0.36714593,0.18815596,0.5737262,1.0884185,1.7182517,0.16532135,0.87420326,1.1168498,0.6649355,1.0233967,0.56472903,1.1099707,0.84047276,0.27138183,0.040296722,0.70047337,1.4822326,0.8902765,0.4166087,1.7808224,0.11488575,0.0763783,0.5469432,0.73303753,0.9141495,0.56712973,0.3380268,0.0,0.80945414,0.662632,1.8051883,1.0079453,0.5007525,1.4693182,0.7937113,0.44816378,0.30192736,0.6426939,0.37423757,1.1862905,0.46594036,0.350314,0.8785111,0.19262491,0.16163276,0.31351092,0.23031422,0.8157584,0.3688571,1.890124,1.6348394,2.9125366,0.8412343,2.852063,0.07497754,1.2288082,2.6112905,2.728107,0.16269141,0.2007717,0.5315951,0.29105294,0.111361094,1.0880715,0.08958083,0.45487887,0.18748777,0.77528065,0.5320049,0.056418847,0.43173954,0.7111423,0.021600464,0.5419936,0.97832566,0.43255928,0.042027097,0.5931392,0.42894107,0.1724341,0.39550123,0.14709069,0.35001963,0.39855084,1.2117655,0.376436,0.18701822,2.6983325,0.8675624,1.1921259,1.5752126,2.5998347,0.7137675,0.1307915,0.9261383,0.20326579,0.47558036,0.10054879,0.018701538,0.6370181,0.71518475,1.8558607,2.6128492,0.81804514,0.8569787,0.13005844,1.0927441,1.8779233,0.27704534,0.1694782,0.24277613,0.46706432,0.25592896,3.149984,1.0411791,0.84139633,0.26830673,1.185784,0.7362079,1.4009796,1.086072,1.1399835,0.8223262,1.8869783,0.67493767,0.3449141,0.79558295,0.49381274,0.0029785107,0.4873537,0.46568814,0.5039378,1.6949302,0.6571971,0.5026143,0.8016597,0.957591,1.4534129,1.451136,1.2898757,0.13604541,0.705933,0.38343424,1.2490396,0.5584756,0.65288526,0.25112027,0.34175736,2.7374918,0.00013185659,0.19835736,0.7516325,0.18862455,1.7063024,0.12816215,0.47816154,0.40580815,0.4920534,0.6960548,0.17257617,1.5986639,0.21051301,0.12287854,0.052694116,0.6322146,0.054401062,0.34432247,1.0893551,3.763452,0.20525122,1.1153169,1.1307492,1.0281265,0.25030172,0.034126002,0.63636523,0.40366507,0.06196522,0.68621725,all_pothole_images\pothole_images_2_image_395.jpg
2.4732928,1.2032397,0.49849504,0.9379505,0.29275468,0.9868282,0.5707194,1.0361261,1.0790645,0.63468874,0.24334203,0.006629971,0.2686382,0.36947304,1.9453019,0.119019,2.749878,2.0052116,1.3557807,2.8620343,1.9730984,0.84161156,2.0439713,1.489813,1.270848,1.0995289,0.42083412,0.8370577,0.20606095,0.7668378,0.6734385,0.8744866,0.84605765,0.7167509,0.38435978,1.0586122,0.21094081,0.4649035,2.2261398,0.5588388,2.003765,2.2025394,1.8531383,0.071277685,1.0240641,1.0309321,1.0640234,0.95332783,2.1668968,0.27027664,0.89434004,0.3170633,0.1927934,2.3358753,1.2320007,1.2750956,0.76749825,0.017967379,1.1352947,3.5112054,1.5935768,0.08702834,0.7259579,0.13565962,2.2667103,0.7392276,0.9038595,1.7168834,0.8157082,1.4539689,0.31320646,0.7406097,1.0596229,0.9636391,1.3511575,1.5236768,0.8462708,0.7781065,2.2392354,1.1996613,0.12493001,0.8092865,1.457918,0.55795056,0.73902994,0.5530263,0.5300929,0.40993118,2.720013,2.43278,0.018993521,2.7830672,0.5464285,0.61821884,1.6206992,0.46261674,0.762786,1.2427996,2.4054832,2.069607,0.0073929676,2.5708811,1.3031114,0.011925002,1.8424314,0.3511077,0.19469033,0.22777395,0.21811387,3.1540234,2.7680306,1.2415727,2.97106,0.6545584,0.36959103,0.9250436,1.609668,0.048556045,2.448111,0.52876014,0.70976573,0.64503336,0.37920463,1.0798913,1.8528225,0.9745368,0.8904049,0.3087923,0.38988805,0.17572048,0.31310302,0.78685886,2.4543602,2.7595763,0.6020805,1.2532324,0.3298597,0.83568245,1.588903,1.4217032,0.65756553,0.21355169,3.0802636,0.8039183,0.6470965,1.4527011,1.0078715,1.9538734,0.31704763,0.2744115,0.8332113,0.2114621,1.2425933,0.7536655,1.3378956,0.55442125,0.04400479,0.74692595,0.109450415,1.6418372,1.5924511,0.49644017,0.92590797,1.7967074,1.3687665,0.25168923,0.8329402,0.0113735525,4.769817,0.27625403,2.2530527,0.21485783,0.6126187,0.6340303,1.242538,0.9532156,0.736175,1.0694408,1.5638313,0.208122,2.971572,0.681275,0.102388225,0.52931154,1.0107269,0.509536,1.0398275,0.71200407,0.058619536,0.4641433,0.33451945,1.0074644,0.07045816,0.8557007,0.062538065,0.77178544,1.5825527,0.83573836,0.58466446,3.0346136,0.15983823,2.3076894,0.29510695,1.2637335,0.4853423,1.0073242,0.10811683,0.51689756,0.6706482,1.5700512,0.50301033,0.6395215,0.60422146,1.1772403,1.1890953,0.09532204,0.8223953,1.129038,1.477287,0.77453846,0.6464772,0.72844833,0.98170686,0.813317,0.7196813,1.1531562,2.0951397,1.5259923,0.24929264,0.74170655,0.54475516,1.0372834,2.5143273,0.3211924,0.47675446,0.79823357,0.03645706,0.25907844,0.24047855,0.70439917,1.8280987,0.8030813,0.32634166,0.1671756,0.60287493,0.3591408,0.6715558,0.4151438,1.2213867,0.4657718,1.5986685,2.0059268,1.9194951,0.32069272,1.7973168,0.37129724,1.3333868,0.46523392,1.167984,2.4083812,0.61193347,0.746247,1.7249354,0.5619365,0.6753077,1.3945124,1.4730105,0.78183144,0.6833891,0.7149783,0.7493993,0.5194091,1.1113766,2.778347,1.8783667,1.2022599,0.86748457,1.9230113,0.18536548,1.0986513,0.4833912,1.3976791,0.9485841,0.6747311,1.2486598,1.5566113,0.4790729,0.81623596,2.719972,1.6266445,1.5908662,1.521928,1.366924,1.0139364,0.20590451,0.5106841,2.7421095,0.07315907,0.3107784,0.04598713,0.0077120406,1.1543078,0.072737776,1.0226159,1.3628992,1.8957295,0.2262173,0.22335698,3.4129496,1.2524242,0.6875221,1.0949233,1.8529735,1.3510978,0.18463784,1.6220467,2.1845808,1.9297242,0.45208606,1.1828943,1.2645785,1.56353,1.0040201,1.1632819,1.6175792,1.0036759,0.7345716,0.19570163,0.43419382,1.6723075,1.457551,1.7001289,0.20206968,2.1538343,2.4757557,0.71264017,1.4430987,1.3058996,0.87644607,1.2551488,1.6842587,0.8999448,1.7608739,0.47049204,1.5501858,0.21486603,1.2215215,0.13925967,1.1581112,1.9731835,1.6836947,0.7552467,2.3357425,2.202754,0.8891373,3.955011,0.12211845,0.26933515,1.5827968,0.8682432,0.30834,0.43069205,0.6670772,2.7980545,0.6234825,1.4945339,0.8297496,0.11622143,0.1353638,0.5579805,0.74591035,2.0084913,0.71833956,1.1874015,1.8353461,1.434101,0.55387896,0.9535797,0.9362898,1.0928186,1.0035423,0.5996698,0.86362994,0.9444519,0.62887704,1.7590908,0.4805326,0.66303545,0.7207297,2.1778696,0.38167438,1.4705099,0.111775756,0.7412511,0.21860856,0.09404424,0.6891549,0.45718148,0.87294465,0.45050743,0.7526513,3.4294693,1.2290539,0.8265865,2.2946417,0.068750426,0.18426396,1.2504532,0.41940007,2.3022206,1.2093574,0.7240222,0.447913,0.92059046,1.089097,0.99983853,2.76749,0.728331,2.0490453,0.46577173,2.828112,1.2544311,1.7402471,0.33299807,1.8573171,0.51658165,1.426612,0.31139246,2.9324818,0.57395184,2.2033315,1.0763056,1.1393199,1.1332524,0.6377483,3.4593487,1.1848745,0.48911503,0.69304425,0.5701266,2.5229166,2.0461557,0.31871012,0.06569098,0.3521202,0.9072686,3.5194976,0.912569,2.0354755,2.1365914,0.035899922,0.91363525,0.3951382,3.0091903,2.342192,1.5215296,0.72222245,1.8970629,0.56821996,1.3163682,1.6528567,1.3664786,2.11438,0.8917247,1.1618202,1.9683596,1.2559136,1.7056292,0.5839885,0.46608964,0.54884017,0.2947853,2.0311315,1.1463488,2.9012945,3.300694,0.1804539,0.25937364,0.15735127,3.4403749,0.7614952,0.964731,1.0287378,1.202049,0.114896595,0.54380095,0.96044487,1.7906377,0.6850657,1.3777493,0.9830325,3.2042933,0.4560515,0.17652862,0.7189496,1.0150205,2.3314478,1.0849054,0.7188332,0.5425477,0.42587754,1.0184929,0.08328393,2.672336,0.5902698,0.16637805,0.13032514,1.3421448,1.6580232,3.2193577,0.8322193,3.2762258,all_pothole_images\pothole_images_2_image_396.jpg
1.286236,1.3740185,0.4330545,1.8088493,0.3514777,0.6845857,1.2110621,0.4233459,1.4014882,0.75283897,0.13320605,2.3502324,0.16793813,2.334609,1.4662226,1.1360393,0.58102846,0.32347402,0.974023,1.3508744,2.3173552,1.5224469,0.7895707,0.16726118,2.0961099,1.2218285,0.754168,3.377537,0.12194793,0.50176114,0.14230819,0.39309436,1.7691967,1.0561658,0.44447395,0.7341607,0.00882822,1.2308153,0.40817183,0.6781293,0.65817064,1.2122371,0.024213737,0.5727015,0.34844732,2.6697717,0.07371543,0.22259317,1.5212412,1.1775131,0.6702752,0.61189085,0.63875693,1.2861663,0.5347481,1.5699211,0.2532991,0.2485163,1.1975744,0.033265427,0.23864426,0.5768528,0.5110432,0.39501756,0.09356607,2.4343235,1.4991791,0.72726935,0.31643483,0.41847742,0.4263819,0.85804826,0.43798703,0.26885182,0.3664552,0.12002964,1.1420809,1.8509854,0.13036484,0.1778512,0.6332303,0.12528495,0.47626066,0.25064987,0.98127073,0.92449886,0.31299216,1.0829166,2.2348974,0.44852778,1.1598159,0.21847627,0.529243,0.5005062,1.4999303,0.10615441,1.6140255,1.3831573,0.39604685,2.4429116,0.01966813,2.2403708,1.1335503,0.5296351,0.6852003,1.3836188,0.82619226,1.1793776,0.09701422,0.39983475,0.72256047,3.6471512,1.2397066,0.042872135,0.6334822,0.07432868,1.1660609,0.12912863,0.7615906,0.8258961,2.8205826,0.003273363,0.18950775,1.7602215,1.6823816,0.868141,6.2321177,0.39328626,0.5885605,0.7011739,0.43045923,0.1495738,0.025093645,0.7929208,0.6405483,2.1283512,0.8963493,0.115156054,1.6388886,0.25023535,1.2372309,0.3568237,0.004158103,0.004728192,2.1610746,1.2749827,0.7530412,1.1491839,1.4039553,0.35518882,1.2906352,1.2750652,0.039338574,0.049211554,0.80238736,0.8856302,2.0927103,0.026505375,1.1012801,0.9199044,0.9379836,1.3178173,0.06770777,1.154624,0.20156342,1.6568036,0.5841936,0.089307375,0.9694659,0.960212,0.6245905,0.2363958,0.297503,0.19212788,0.16151051,0.6471901,0.43434423,0.0697081,0.9800373,0.92194796,0.1546301,1.5189166,0.861577,0.7590157,0.9406327,0.45764518,0.5739971,3.225153,1.3532166,0.8154095,0.9742964,0.49901104,0.0059537133,0.9809107,0.0884169,0.26891524,1.2846178,0.6686934,0.67871255,0.5328931,0.5935066,1.6697297,0.49519902,1.0988979,1.0345764,0.88100016,0.93324697,0.3112963,0.5219594,1.0828766,0.51233274,0.020420194,1.7742327,0.74154717,1.2277629,2.145931,1.1687776,0.08110105,0.758004,0.5463549,1.4265035,0.6665246,1.5536512,0.6863632,0.060229056,0.46861058,3.3909028,0.056702115,0.11230965,1.5262983,0.085436694,0.7875097,0.39724737,0.74640465,0.46429387,0.31318685,1.1182759,0.14268489,0.37752432,0.05907453,0.86148405,0.8241614,0.010404388,0.24747686,0.045790866,0.047758285,0.97561544,0.29611868,1.5636823,1.8107179,3.9468844,0.85059696,1.8174211,0.7502623,1.0513972,1.126947,0.3648017,1.5899518,0.10885345,2.8945317,0.5301715,0.33763066,0.37914166,0.8535512,0.60935,2.0709362,0.28971437,1.2318001,5.7701006,0.57335854,0.56215054,0.31933448,0.0030829818,0.8061879,0.41760933,0.545381,0.1533485,1.0167062,0.29016933,0.4241998,0.12293465,0.52936435,0.41003805,0.35633412,0.574213,0.21357708,2.2368402,0.21730524,1.0360572,0.18286136,0.9657642,0.8115413,0.43631762,0.886347,0.25365916,1.2371635,0.25428104,1.4071916,0.8102993,1.3498731,0.45419428,0.887014,0.65827864,0.6491633,1.8661145,0.64385813,0.086957835,0.5257655,1.3792546,1.0374218,0.32382253,1.6191311,2.0687208,2.0678682,0.35005036,1.3533046,1.0553727,0.5369244,2.3206637,0.263919,0.40845376,0.097975135,0.54260457,1.0037233,2.2652915,0.47104385,0.08982118,0.008525683,1.7708211,0.41740125,1.7808701,0.63565487,0.2550208,0.23027536,0.18222396,0.6290254,3.0606976,2.4334576,0.085611224,2.269188,1.1991982,0.60738486,2.8525136,1.5658295,2.039392,0.7666542,0.88086295,0.34091955,0.2962609,1.0115273,1.4634132,0.988773,1.1239132,1.3885678,1.8303798,0.22743353,0.63241565,0.51795155,0.26549733,0.72489524,1.026799,0.10962304,0.281213,0.99489725,0.018534545,1.0256802,0.5990087,0.9240042,0.13268216,1.2436645,1.0704014,0.92522264,1.5657877,0.64393175,1.0890019,0.67837065,0.80028546,0.3041614,0.7264448,0.38862133,1.5203642,0.21493362,1.8463761,1.0804183,2.8437185,0.457235,1.0322278,0.0,0.29238102,1.1169176,1.0565586,0.26417914,0.28848842,0.79344,0.10269728,0.7656432,0.7315205,0.64914405,1.5192009,0.40408757,0.7448311,1.0937419,0.27488282,2.4863403,0.36842307,1.4572318,1.2797272,0.6081006,0.70609653,1.5087866,0.32488668,0.738777,0.16961212,4.0455055,0.08323283,0.54110885,1.6646658,1.0473093,3.3750467,0.721108,2.8819647,0.71933514,0.08855136,1.5115474,3.286906,0.0076445425,0.64877,0.52682227,0.47359574,0.6974244,1.034826,0.3872302,0.27949816,1.6074651,1.583918,1.8886976,1.3302876,1.5641912,0.85667545,2.3370638,0.50063175,1.0956628,0.102558434,0.041752208,0.78702694,0.040031567,0.89360607,1.4088935,0.12126854,1.6050608,0.43257985,1.4008346,1.6816322,0.11478209,1.2967683,1.5095803,0.6420478,0.44988173,0.8935675,1.4922462,0.89877176,0.5855538,0.82529056,1.8824601,0.4144562,1.3941178,0.72930396,0.24484123,1.0267651,1.0080627,0.6110913,1.4764228,0.38353333,0.12210083,1.4442577,0.89860106,0.7181072,1.4958792,1.8239756,0.6432475,1.9883077,1.7205231,0.5049716,1.3036505,0.76018023,0.00075223966,2.0994573,0.3262618,1.0742161,0.23157549,0.11577168,2.1423726,0.4458017,1.001658,0.62075,0.01987405,0.4648354,0.28412277,0.32448146,0.8355144,0.70119834,3.0530365,1.6590204,1.9542569,1.9883759,1.5440689,0.7672503,0.18604451,0.059730757,0.48488224,0.2277047,1.1338905,all_pothole_images\pothole_images_2_image_397.jpg
0.1274445,5.4396443,1.2936733,0.3016967,0.56421006,1.8937187,0.12451375,0.45083562,1.0786428,0.61670846,0.98340714,0.5949163,0.32067806,0.5700764,0.17491889,1.0793567,0.85886115,0.49719265,0.12660971,0.23103546,0.76116663,1.5547261,0.8637624,0.7451206,0.32392463,0.26185626,0.7796749,3.1966553,0.0031993887,0.60154885,0.68933094,0.081513286,0.21738446,0.309767,0.5272146,0.14129107,3.5535843,0.53488547,0.3305832,0.3228164,1.132639,0.3129649,0.18784766,0.4715232,1.4693332,0.09738319,0.037062436,1.946033,0.8815718,1.591355,1.127242,0.41881174,0.19222234,0.18486935,0.556892,1.6180115,0.11169432,1.2181742,0.687937,0.2584042,1.8354312,0.28504476,0.4918713,0.17406146,0.7036752,1.051609,2.1046548,0.44689745,1.3110806,1.52543,1.3859676,1.9486074,0.16589196,0.39796028,1.8344879,0.11491264,0.45789304,0.86427367,0.19453889,0.75098884,0.5860022,2.2225387,0.66144687,4.643266,0.6380684,0.012211793,1.1622988,0.37453163,2.4955027,3.3550255,0.13161476,1.0485128,1.7083718,1.158041,1.0502884,0.75484896,0.62297404,1.448073,0.6161959,0.5117048,0.66824645,1.0592586,0.8861534,0.6954852,1.1592133,0.58201957,2.623753,0.16319466,0.33557567,0.792968,1.7175308,0.41161454,0.63020444,1.6173643,1.9517606,1.6543311,0.81581753,2.9783163,0.48081237,0.6208354,0.95469064,0.5377028,0.6760587,0.23422828,0.29275393,1.132973,0.91742456,0.860946,0.26297328,0.08755655,1.1626579,0.5519555,0.36824545,1.151017,0.6912413,1.6253022,0.33098632,0.085332304,0.8638139,0.35048038,0.54199874,0.012261038,0.6039264,0.8108162,0.16312121,0.06689187,0.21961394,0.07664022,0.51869184,0.07263445,1.8035482,0.62200475,1.600788,2.1971521,0.11230724,0.0015699303,0.4144567,0.36410427,0.28515562,0.4811557,2.5394022,0.11390386,0.74470925,6.810746,0.12021361,0.9384513,1.7805198,0.7054319,0.48234588,0.2025877,1.1444416,0.06875152,0.90653694,0.81341845,0.50118303,1.038374,0.26914597,0.9092398,0.16256706,0.35204,0.24231453,0.17614825,0.33249128,1.8450836,1.149191,0.26274526,1.1085095,0.7839056,0.31562856,1.4552287,0.00031363554,0.29145998,1.5582422,0.88016754,0.67632747,0.27167827,0.75652516,0.66740656,1.6339488,0.23502521,0.27422935,0.3273812,0.3170346,0.21697779,0.27438423,0.05521702,0.018535916,1.1900468,0.1507627,0.03125741,0.016703852,0.0,0.62799245,0.21540423,0.92655116,0.62697464,0.48604393,1.4794414,0.2851146,2.9625318,0.83591205,0.09986309,0.26890665,0.6562875,0.5496384,1.554672,3.1980035,0.04712512,1.7831466,0.22332096,0.51830685,0.39858148,2.3580148,0.066350594,0.063455656,0.576073,0.19717388,0.3217396,0.070346504,1.2126212,0.28632927,0.38918826,0.6127182,0.026032826,2.8817587,0.08984117,0.6022101,0.0,0.1686572,0.079668395,0.54857254,0.34429634,0.4876364,0.12181829,0.5986943,0.95101786,0.47017443,0.13610473,0.5269353,0.37718567,0.7684436,0.27438396,0.30232173,1.539621,0.02674761,0.025624942,0.11150323,0.034979727,0.3948935,0.5233313,0.15715908,0.6798281,0.13067818,0.15980558,0.045545332,1.9361095,1.3376995,0.38217163,1.2341776,0.46632868,1.3046387,1.6639701,0.58427685,0.9319131,1.2715967,0.08561028,0.46464583,0.62765706,0.3708655,1.3122617,1.1602297,0.72671664,0.41322112,1.3059489,0.14815933,1.0258456,1.0436386,0.26545686,1.5137432,0.41128337,1.4834195,0.36425462,0.7317212,0.95702827,0.6563615,0.08898478,0.4022934,0.21252099,1.2534232,1.9720684,0.0056780647,0.84430975,2.4730604,0.96189344,0.6270205,0.79631793,0.9752865,0.76132256,0.7851723,0.9497498,0.6353568,0.16331357,0.001377129,0.0,0.22248259,0.85016793,0.10461967,0.21457888,0.20927444,0.59264094,1.1972749,2.1971886,0.10414522,0.23253974,0.5034735,0.041325852,0.034214534,0.77863544,0.19899051,0.77987605,0.3318994,0.14834727,0.036541596,0.7271403,0.18952858,0.14996406,1.4989493,0.34484887,0.28693867,0.65077376,0.20235676,0.7200448,0.34201524,0.18364519,0.7765783,1.5621839,0.40979138,1.6682106,1.1840947,1.2032328,0.0067299195,0.2367538,1.2303752,0.23128852,2.4483135,1.1970792,0.8058004,1.147097,0.9930963,0.16257785,0.105859324,0.90576285,0.23550016,3.8504832,0.5698832,0.3276848,0.00057967927,0.47678062,0.5818969,1.7108376,2.0004895,1.9392229,0.8050813,1.0346948,0.29474553,0.02781307,2.6888814,0.6032204,1.0867386,1.3028173,1.0832475,0.64428973,0.62166643,0.3836716,1.4369278,0.7826989,0.108558886,0.12817112,0.13181227,0.48966217,0.774554,0.4048348,0.30502358,0.0019438867,1.2007194,0.22952507,1.2283108,0.05085636,0.79597116,0.28759944,0.6616597,0.48304904,0.5664591,0.44741675,0.14603235,0.3890418,0.7504027,0.01532776,0.52463824,0.09919394,0.24487008,0.3445266,0.20759302,0.86370647,1.5696188,0.36188778,0.25810355,1.1134098,0.28059834,1.3865193,1.6247472,0.15989606,1.1916918,0.0038028518,1.6134915,0.34790987,1.2371142,0.10611275,0.10802808,1.6538961,0.27472806,0.9661046,0.8816997,1.815609,0.31672567,0.5004296,2.3245378,0.16018414,1.0433296,0.8436274,0.14686295,0.62228096,2.0890324,0.5031045,1.0109426,0.9491763,1.3864306,0.9376115,0.4597674,0.18005091,0.52289575,0.031224318,1.2949175,0.59686875,0.20125988,1.4877783,0.020139292,0.15329735,0.96229094,0.21968907,0.21253757,0.47546354,0.44808125,0.24186999,2.0433202,0.43132383,0.18625635,0.0,0.110079825,1.152944,0.4432008,0.5229108,0.94587845,0.28774363,1.3005055,0.04188031,1.0101846,0.38029915,0.08684816,1.337778,0.029022256,0.36268225,0.1792983,2.2121642,0.03653582,0.11659034,1.2603498,0.2953836,1.4845552,0.066685066,0.06547435,1.4890473,0.12210056,0.58045095,0.4879373,0.2350883,0.28779894,0.20520273,1.8847483,0.25802666,0.16287792,0.1274864,all_pothole_images\pothole_images_2_image_398.jpg
1.9417117,1.9052192,1.2681518,2.1452656,0.700619,0.279307,2.3412945,1.2453742,0.43467322,1.5176488,0.78376603,0.34149706,1.3498006,2.3578563,0.618393,1.226127,0.16956738,0.26551163,1.484389,0.37310097,0.29772568,0.39267877,0.9124965,1.2997391,2.0767148,0.48302925,1.9407178,1.8111137,0.05249893,0.89120847,1.6311829,0.5834556,0.22256598,0.73166233,0.74821675,0.42115468,1.9352623,1.1287463,0.74898005,2.2253084,2.3176467,1.0369346,1.9795493,0.4134305,1.6867974,0.4677558,2.3620708,0.23437822,0.81197566,0.6731894,0.54628575,1.1153585,2.507816,0.87123495,0.94766015,2.0240736,0.69283825,0.29453257,0.82600987,0.6637984,0.03140402,0.5305193,0.7925075,0.90190107,0.75046587,1.9903439,0.15977715,0.2698729,0.16229814,0.4357582,0.54332423,0.6539263,0.7050672,1.9206357,1.1373334,1.6562979,1.470766,0.3858493,0.1506595,1.6593244,0.94557095,1.4518479,1.980986,1.3171209,0.24543561,1.428445,0.5531265,1.7618293,1.3949426,0.48082313,0.20499346,0.4834987,1.3801149,0.759196,0.83945596,0.5522082,0.49331263,0.58128434,0.5854338,0.34154132,1.8187399,0.5363607,0.29727012,1.069008,0.90625954,1.1263689,1.4819857,0.5229547,2.4807632,0.54790634,0.58896095,0.8207599,1.9566463,0.54493535,1.150711,1.2612685,0.67162204,0.12959509,1.4293962,1.613593,0.94498956,2.4375257,1.5475715,2.9373844,0.56401396,0.3088448,0.7008901,0.44982064,0.23523591,0.30250067,0.5698162,0.73542947,1.131648,0.10939518,1.7662122,0.49935284,0.6825767,1.3278666,0.32597446,0.95050406,0.25539544,0.98699373,1.8854283,0.98956233,1.6815568,2.6007109,2.0754075,0.32154173,2.1926463,0.32824072,0.7679883,1.64834,0.67228395,0.011232225,0.30065373,0.4646959,0.2940321,0.53324026,0.06224669,3.3335347,1.7683408,0.21210232,0.21901648,3.1343987,0.2597573,1.6060756,0.86965126,0.23604427,2.4009964,1.2700021,1.0536351,1.5139643,1.5582256,1.0720007,2.0125873,1.2103891,2.1289692,1.6992433,0.9935875,0.2024746,0.22329181,4.19311,0.33615518,4.5286384,1.2992065,0.17049554,0.30740282,1.3401791,1.1588026,0.98205596,2.436713,1.5434548,0.49394557,3.403311,1.2524807,0.87441844,1.3945868,3.7094502,1.9373326,2.6607823,1.0057466,4.31536,0.14091946,1.2903497,0.7496419,1.0534351,1.5812587,1.3385757,1.8650444,1.721746,0.7407054,0.94374096,0.22942632,1.7370332,0.2121879,0.2094537,2.5381515,0.5238015,2.0399942,0.9101466,0.78667194,0.6286387,1.3930222,3.0596943,1.6450027,0.9773666,1.4918356,1.0079671,1.3876361,1.267734,0.18556462,2.352907,0.7604701,0.022261994,0.31499723,0.5213048,1.4643203,0.1839735,0.68253386,0.68950003,1.124759,0.8157838,0.37382653,0.9613687,0.78430843,0.26100832,1.3697073,0.55290306,1.1254023,1.2510691,1.6567847,0.14725018,1.5592326,0.29681095,1.3811961,0.01952068,1.0730435,0.53983897,1.7816591,3.2748842,3.3155622,0.2985764,0.90753555,0.13379754,0.24964316,1.0811738,0.42126074,0.51860756,0.946462,0.7214655,1.2140993,0.6064621,0.6031312,0.97146887,0.32519016,1.522247,0.7225126,2.6241815,0.11303331,0.49164984,0.1445136,0.064348586,2.0575316,0.05324264,1.0235281,1.133015,0.93627554,1.1103206,0.7764644,0.5859348,1.2980363,0.4915364,1.8698446,1.4477674,0.6138062,1.034444,1.8039252,0.34770742,0.31665802,2.197751,0.21014073,0.23014691,1.4209566,1.1486061,1.8740449,0.34070256,1.4340034,0.104703665,0.6709473,0.517424,0.55179477,0.7073095,1.5882868,1.7196636,0.5627225,1.2792823,1.2251146,2.1581817,1.2639773,1.1356716,1.7359298,0.56781965,0.23811775,1.0076021,1.2062032,0.6001555,0.064845085,1.7924191,1.1264338,0.8063327,1.002962,0.14101896,2.3468466,1.141954,1.5237184,1.0718213,1.3857164,0.31787127,0.55817175,2.1451502,1.5952435,3.125876,0.8407423,0.40173104,1.5271597,0.051652685,0.4395367,0.1627162,0.8208157,1.0265026,0.7204977,0.2938651,4.151133,0.8136941,0.14967173,2.3568873,0.42260757,0.45955664,0.9610205,0.9343503,0.89503944,0.67272013,0.9018953,1.2167825,0.8824205,0.045142826,0.65403986,0.5033484,1.5883908,0.16450052,0.6130563,2.0002205,0.0977768,1.3483653,1.7002538,0.3290448,0.17789021,1.8989855,1.4186116,2.6381984,0.90058196,0.6329899,0.50866085,0.44418097,1.5080639,3.1258245,2.126604,0.5027216,1.4978007,2.1853514,0.8197607,0.5549765,1.1265318,0.55110675,0.21264607,0.12681212,0.66915315,0.7197409,0.8488726,0.724962,0.7564696,1.5138185,0.8165317,1.8533188,0.69907004,0.20185788,1.0654151,0.5630098,0.57240695,0.643929,0.91058385,1.0309494,1.3798068,0.9376142,0.23711628,0.3193307,4.3200955,1.8379644,0.007366083,2.0067134,0.4914102,1.73033,2.216001,0.5994501,1.6397076,0.32376936,2.463598,0.93891275,2.0415323,0.45414156,0.99151295,1.0519243,0.58505386,0.13653894,0.32300264,2.8789775,1.8424609,0.56917465,1.7350501,1.2791511,1.2167329,1.5556625,2.1142683,0.96950865,0.93125254,0.11330494,1.9564714,1.1024798,1.0510546,1.4984273,0.63756365,0.65429235,1.7526048,0.6278178,0.85936546,0.9093376,1.0162408,3.5908127,0.6110352,2.0745673,0.9701712,1.2244462,1.1925346,0.82218635,0.78624773,0.7695354,2.1602345,1.8170456,0.117825516,2.1759796,0.93031216,0.09751368,2.0721993,0.19197701,0.92213297,2.5182333,0.4902565,0.49021843,0.75439996,2.5028024,3.2480962,1.7528265,1.6645122,1.720945,0.29387096,1.5464549,1.170018,1.3086768,1.3619201,1.1058048,0.33141583,1.2710129,0.14252657,0.16952899,0.7108086,0.50467175,0.5749892,0.035468515,0.0664154,0.9203954,0.93417513,2.6950164,1.0851356,2.5687647,0.56025517,0.69121534,0.42858073,2.1164384,1.2876658,2.5214396,0.5144012,1.0017793,all_pothole_images\pothole_images_2_image_399.jpg
0.33045235,0.7751465,0.075074844,2.224739,1.1285188,0.45307338,0.4994999,0.0031463192,0.79769224,0.43705028,0.4485859,0.9170002,0.0,3.3747172,1.7261608,0.07047025,0.12845726,1.4768764,2.6875727,0.22232449,1.0841675,1.0225618,0.0063199904,0.598129,1.2570585,0.34982708,3.1588109,3.1397974,0.4830779,0.16783589,1.331328,0.0772489,0.4264397,0.087330125,0.15049459,1.7517879,0.4614815,2.18091,0.10948626,0.49559003,0.177501,0.065487966,0.56150883,4.548812,0.1913542,0.24230291,0.23661107,0.24509484,0.07147295,0.6131904,0.23219626,0.56553954,0.35931623,0.044900194,0.19534278,2.3756144,2.8643947,0.63116825,0.1354233,0.07807569,0.60040337,0.45510715,0.33243233,0.19400573,0.51538515,2.969209,0.36594975,0.0,0.0060179927,1.0819958,0.21587086,0.5428038,0.5964073,0.15577236,0.30629078,0.1815817,0.105277106,1.3669119,0.25669032,0.5103612,0.12288193,0.0220404,0.03360443,1.8535286,0.10687049,0.0,0.09493502,0.041178357,2.6668513,0.0730649,1.1172689,0.0,0.18969338,0.0075516105,0.033445816,0.028429158,0.13235576,1.2678761,2.3757372,0.17837396,0.28042963,3.6030786,0.0,1.1415402,0.5153641,0.3062116,0.46424258,0.12846218,0.9821486,0.10619429,0.0,1.1318579,0.44454637,0.031935714,0.24616969,0.8224264,0.871419,0.29031676,2.232777,1.809807,3.0401306,0.50516886,0.120978415,1.8769151,0.8868261,0.052745033,0.8367308,0.8709995,2.9463952,0.77979356,0.11349601,0.057603043,0.41074955,0.042133857,0.37081087,0.3709358,0.98507816,1.3095108,0.52665263,0.17359772,0.72758937,0.14865792,0.045562927,0.08898315,0.9957426,0.50076854,0.15079223,0.4620828,0.15950467,0.24325848,0.9362053,0.46610242,0.0,0.32996267,2.1200619,1.2822057,0.3677639,0.5358438,1.0963459,0.73642534,1.4670684,1.4992316,0.20639078,1.3450308,0.4147028,0.020528812,0.58100116,0.5462583,0.8129327,1.9976802,0.0590112,0.15383595,0.00013024024,0.08819568,0.28197262,0.29308084,0.36789617,0.14316759,0.09447695,0.27124256,0.0,3.6729786,1.9726646,1.6346301,0.53507733,2.6518087,0.079545796,0.74462414,0.05502251,0.188849,0.09847015,0.30915642,0.22425492,1.2113086,0.046030317,0.63797265,0.3803025,0.20461896,0.0,1.0309138,0.84037364,0.05144987,0.07036988,1.1071055,0.19987196,0.08251778,1.1525459,1.1938463,0.33122107,0.46875116,0.083573595,0.045879982,1.6682924,0.35982925,3.6900365,3.7641246,0.90061915,0.13146006,0.27114683,0.29684004,1.4680127,0.12264914,1.2846111,0.028145002,0.047306776,0.13206929,0.9945413,0.8024745,0.05987117,0.62663317,0.5563601,0.012282703,0.1503641,0.37869495,1.3445332,0.21032964,2.5028126,0.09561442,0.16958952,0.4606063,0.45273238,0.52663743,1.4250544,0.4541601,0.8249896,0.5419028,0.41412264,0.0044620433,1.4143281,3.728893,3.564009,0.6661911,0.20906284,1.5511456,1.2637012,0.08549795,0.5402757,1.2418319,0.441512,1.3622533,1.3443385,0.05134777,0.87795144,0.04242989,0.58570534,0.5522489,1.1031913,0.8534133,0.28758678,0.038646273,0.175788,0.017587192,1.3893514,0.014259106,2.566387,0.23331784,0.0,0.4457927,0.4412697,0.5989942,1.7150403,0.007264414,1.4109885,0.42735204,0.78690904,2.1681557,1.2935054,0.45396608,1.8256909,0.011544459,0.0,0.040060908,0.13089429,2.4516714,0.078796715,0.4693105,0.1874121,0.17303178,0.14046663,3.563919,1.1520202,0.6875816,0.19189595,0.2380443,5.8929095,0.3299734,0.114936136,0.10243324,0.2905638,0.21833521,0.7296819,1.4974285,0.9757739,1.9951494,0.49119148,0.7254959,0.068831384,2.731901,3.3698182,0.4057174,0.18891422,0.0,0.9918765,1.3771387,0.2695117,0.82387006,1.9224728,0.058667302,1.0959724,0.2848178,1.7693675,0.2628499,0.38033158,0.55028105,0.2195728,0.26507613,1.6405545,2.261675,1.8361955,0.54042906,0.25999954,0.9613439,1.1187024,1.1692871,1.7931612,0.3373371,0.32209918,0.528476,0.61467445,0.03898263,1.4208152,0.3123511,0.3368702,1.6033988,0.04913853,0.08623852,0.07922797,0.22436488,1.2287252,0.3954839,0.06935737,0.50023526,0.6735232,1.2450516,0.053861115,0.27410644,0.5216969,0.42402813,0.65604955,0.6043789,0.94272995,0.6139801,0.4047238,0.0,0.3283371,0.06657391,1.6586559,0.0,0.75249684,0.41256142,0.45535395,0.2336056,0.010707117,0.34712565,2.3661075,1.0846127,0.25905886,0.10708179,0.0055655604,1.0478445,1.2892394,0.022450006,0.67844194,0.0065353573,0.08403085,0.33020034,3.0341609,0.2813639,0.03125885,0.09348154,0.43773252,0.6600563,0.3546154,1.7492685,0.46714848,0.30803496,0.022306588,0.52757037,1.0050864,0.09438488,0.6028145,0.4765015,0.06792554,1.3673443,0.6351506,0.4492976,0.62507015,1.5559326,0.30733538,0.01891131,3.738722,0.04870868,0.4679854,4.037004,2.5915549,1.1701963,2.1956415,0.919456,0.14718707,0.3987895,0.8126699,0.0,0.19887017,0.2772267,0.28365198,3.3691823,0.24335551,0.026684958,0.1660904,0.110973455,0.84893376,0.0,0.11619043,0.7096438,0.20347373,0.0,0.7214844,1.6221752,0.2281927,1.5141212,2.7964365,0.004567655,0.018369166,0.47557378,0.5127624,1.0781386,0.2730575,0.22430034,0.2653317,1.9554739,3.0998828,0.221525,1.2546331,0.018256862,0.5045391,0.049129523,0.08855394,0.06282145,0.6031301,2.4874043,1.1587207,0.53305286,0.26359677,0.61521983,2.050106,0.17632715,0.006056395,3.1892924,0.95722055,0.0925609,0.36795443,3.2506075,0.67639935,1.4036504,0.29885915,0.113323756,0.13544701,0.09273681,2.51725,0.16372249,0.0,0.87113523,0.51097625,0.0,0.0061120777,0.16217606,0.0020823686,0.005867402,0.20879555,0.77459854,0.31686616,2.7826512,1.248514,0.16221733,1.1443803,2.9209838,0.85050976,1.0289263,0.029663244,0.11357226,0.07681724,0.04622236,all_pothole_images\pothole_images_2_image_4.jpg
0.42935714,0.4549094,0.009670167,1.364265,0.50857276,0.2597482,0.5564494,0.017650133,0.28739387,0.28982928,0.287118,0.10873915,0.11701535,3.0558028,0.054611117,0.052072447,0.08579026,0.31079116,0.68325895,0.098418504,0.25109833,1.9488627,0.036585588,0.30012995,2.0805523,0.7318636,0.26926026,2.4103384,0.2452268,0.26004755,0.87866986,0.2931085,0.111487135,0.003632223,0.23492992,0.4502306,0.048577562,0.89574975,0.9499027,0.024939734,0.0046647144,0.00032888632,0.11806102,2.025114,0.87134504,0.008609617,0.0293527,0.009377513,0.26409096,0.85822827,0.48738486,0.008748883,0.34860656,0.13134727,0.0,0.0071092662,2.2047465,0.006700428,0.014543995,0.008860931,0.43079764,0.10636209,0.3041444,0.1067927,0.3268743,1.3413131,0.142507,0.009543937,0.16239461,0.09311747,0.13264968,0.9848902,0.046955567,0.027472243,0.30412832,0.0,0.016843336,0.11302987,0.05962616,0.056898694,0.0,0.297157,0.5872898,4.048159,0.51744205,0.22214586,0.47669244,0.038547013,0.6740861,0.07465754,0.15770721,0.008600663,0.019327695,0.34669432,0.0589917,0.06700447,0.43228117,0.5792039,0.45380923,0.0,0.29619047,1.0723093,0.29315275,0.0,0.020103311,0.34579352,0.0022532719,0.27642477,0.0,0.12261577,0.026904587,1.6246502,0.078839265,0.04904006,0.2935881,0.15315495,1.489121,0.12428799,1.4727945,0.23295689,2.4778507,0.6639805,0.12538671,0.27124283,0.40931475,0.85934323,0.14903793,0.04379613,1.951108,0.054040883,0.65076333,0.035691135,0.027537871,0.12292629,0.08020279,0.2323108,0.050249595,0.22772957,0.66822535,0.01581575,0.63079494,0.37707597,0.059626404,0.23692715,0.0,0.097378284,0.106654994,0.33975086,0.54323435,0.0,0.2436415,0.8027741,0.10620528,0.2939343,1.1561859,0.3184373,0.044425715,0.04858639,0.48200965,0.105689935,2.4146838,1.443588,0.14341784,2.2881613,0.02082546,0.025744641,1.3356656,0.28439757,0.66720736,0.98709464,0.008762595,0.0,0.014444117,0.027067082,0.0546988,0.07203041,0.34013462,0.026905049,0.092658564,0.05112381,0.032144736,2.7638538,1.9107544,0.16794077,1.1826457,0.0978305,0.1692615,0.35310635,0.60359913,0.49585152,0.18528229,0.12926371,0.0,1.3943671,0.060562078,0.07006175,0.30394617,0.8674047,0.28785643,0.20092891,0.32250288,1.0110136,2.0558124,0.56265193,0.48317176,0.0,0.26866353,0.27461174,0.6352576,0.21393867,0.0,0.089118324,0.9538302,0.044662673,0.4226762,1.1692739,0.6185285,0.19761921,0.39222553,0.09555564,0.060271855,0.020574283,0.20311485,0.55623144,0.08307306,0.07657329,1.4632927,0.020851398,0.23321772,0.13185757,0.100882135,0.17512482,0.44109648,0.07503781,0.10221017,0.13354899,1.5306159,0.0,0.0022709344,0.41147307,0.0042026425,0.16490066,0.3224825,0.19955134,0.0019991193,0.0,0.8697229,0.11598248,0.08333945,4.6508994,1.9862648,0.0021362752,0.30158615,0.004192521,0.01454797,0.08169038,1.287962,0.11937925,0.123098806,0.78063494,0.022613011,0.1261348,0.05076514,0.409233,0.054409195,0.22671512,0.6745235,0.0839977,1.1392728,0.1364397,0.0,0.233788,0.48087645,0.0022760232,0.8506457,0.9411424,0.4149778,0.62585557,0.11017676,0.98381656,2.7621047,0.5226036,0.20047025,0.9851955,1.1659191,0.47716382,0.5022742,0.6979567,0.48823032,0.14527802,0.11179663,0.0,0.24880467,0.052499548,0.082557045,0.24688695,0.0,0.36813357,0.18396164,0.4701088,0.32867748,0.18042794,0.03573087,0.045602605,6.102194,0.20397414,0.005745651,0.062096152,0.064578645,0.09231518,0.054230824,0.81448793,2.4206467,0.3672741,0.027590707,0.094398186,0.0071141333,1.0365888,1.4252996,0.09456503,0.0,0.0,0.025860319,0.3386545,0.82448477,0.06849105,1.3570014,0.18537515,0.10458186,0.11762393,2.7296345,0.5560891,0.0,0.18408383,0.0,0.5964982,1.4616646,0.17831503,0.015996939,0.31703138,0.07108242,0.6102216,0.60084504,0.55971634,0.2770113,0.100630865,0.07650747,0.03538456,0.07896248,1.2298688,0.5876388,0.40298843,0.42262602,0.40351167,0.19862679,0.29683387,0.50179726,1.7187237,0.5290143,0.8907983,0.0032325548,0.12659778,0.16872947,0.025711615,5.3747714e-05,0.031814467,2.2232306,0.3654139,0.104543634,0.12693937,1.5490072,0.07744591,0.04000993,0.15056196,0.60564834,0.3470448,0.08878044,0.0,0.24885465,0.09063485,0.14587836,0.020491242,0.77210546,0.3525425,2.950468,0.08450865,0.45478198,0.00021587145,0.0,1.179942,0.11660817,0.475853,0.096817,0.9847695,0.0,0.046860915,0.16754647,0.32932943,0.13958451,0.53797555,2.2292562,0.10419287,0.8364579,1.4186952,0.4314252,0.20541543,0.70220107,0.35178864,0.12000473,0.0,0.24933888,0.0,0.14553542,0.31876794,0.12911792,0.049520228,0.13521118,0.038702413,0.28897873,0.0,1.9760082,0.053451605,0.108512975,1.8216418,0.4184489,0.19583593,0.22671327,0.5948035,0.025805403,0.51934546,0.13222505,0.46750075,0.227145,0.036545306,0.078153014,2.7740672,0.0,0.09543166,0.16744897,0.16676334,0.094815955,0.079041906,0.0,0.5933351,0.046752453,0.44434217,0.19448492,0.23035185,0.08722374,0.12539671,1.9776008,0.30904877,0.11339974,0.14301413,0.9949665,0.6067495,0.18914708,0.27852347,0.0,0.6198297,0.71246105,0.36787936,0.2999673,0.022423953,0.986327,0.29533386,0.45460346,0.017559504,0.14281842,0.14579423,0.0017063938,0.62319744,0.35006356,0.12760323,0.33834714,0.045950342,0.093507834,1.0784199,0.41664046,0.0,0.0014584599,3.038695,0.7257132,0.055593457,0.051517647,0.31325474,0.11358839,0.20193669,0.7551324,0.00067430804,0.10485557,0.8599902,0.15177464,0.006722288,0.02407107,0.0,0.090037756,0.40425816,0.2704964,0.03967718,0.038702697,4.0633774,1.1312008,0.0,0.007120576,0.05922027,0.24042119,0.26903597,0.099767976,0.2043868,0.48230547,0.20728625,all_pothole_images\pothole_images_2_image_40.jpg
0.037502464,2.4934685,0.7350501,0.86489016,0.4669528,1.5936322,1.0307525,1.6037523,1.062627,0.7234027,1.3100802,0.27797905,0.052014828,2.9161713,0.18068475,0.5124419,0.8279925,0.017589703,0.5040746,1.3770093,0.11789591,3.2541628,0.90205216,0.09304007,0.8652083,0.78060055,0.0991849,1.7607236,1.0437435,0.68717647,0.67975366,0.8447929,0.081469856,3.7351654,0.9476252,1.1042222,0.3576512,1.1109712,0.4398732,1.4653581,0.5563699,0.32354414,0.8237102,1.897923,1.5680985,1.2953445,1.138756,0.05031631,0.45290148,0.5987098,1.267531,0.104190424,0.020171642,1.452791,0.45360392,1.6424673,1.6138443,0.07965798,3.0410914,0.5433841,1.0467149,1.0536448,0.9141285,0.8589949,0.5546895,0.15668547,1.3614649,0.4439892,1.648805,1.0847994,0.12039392,0.2448217,0.02891826,0.01896786,2.3140566,1.9014155,0.61616987,1.6337856,0.22139323,1.1490048,0.33837876,1.0472344,0.59816873,1.8309916,1.1749334,2.4526968,0.36567956,1.1707181,2.1051848,2.057054,1.1658442,0.7714335,0.13174812,3.739594,0.43822843,0.019257873,0.96287596,0.6720081,2.0025039,0.67216694,1.6803545,1.1605794,0.32699496,0.31395605,0.8282212,1.1193217,0.38948143,1.792037,0.83371264,1.0375085,0.27989656,1.9951019,0.445316,1.2412839,0.11072794,0.25965506,1.7128651,1.2105029,0.74363595,0.3100421,3.0864027,1.5005635,0.25955886,0.28180653,1.4656316,0.291037,0.8377569,2.4764621,0.50209355,0.1846364,3.221198,1.7100867,1.0324802,1.9257305,2.200294,0.684759,0.5596115,2.6355596,1.1222948,0.7146576,0.66101307,0.6200386,1.6745001,0.83602,0.2700557,0.8167318,1.1455525,0.65629685,0.2568872,1.260495,0.4616406,1.1984376,0.049478773,0.31669632,0.7942668,1.2498868,0.82548535,1.1663458,2.3220289,0.3297796,0.32967508,0.47733447,1.1389127,3.213389,0.13405584,2.827056,1.7552688,0.021753453,2.291555,0.6475868,0.8111144,1.4896877,1.4097351,0.6154103,2.3470664,0.10976912,0.9554765,0.22644275,0.93310577,1.0606226,0.7869367,0.42616126,0.88135403,4.2992797,0.57542163,0.47661877,1.1370573,2.5948124,0.23898147,1.1107711,0.926262,2.0360856,0.7891679,2.248595,0.6666315,1.1783404,1.2678317,0.3659123,0.5700813,1.2782294,0.9953125,0.3474312,1.2566944,0.32255203,0.60202456,0.6930145,2.346427,0.31850842,1.6753132,1.0249293,0.16516834,2.1020913,2.1213675,2.0415158,2.0533652,0.1967482,0.2568726,0.20620276,0.78282857,0.13028699,0.13565865,0.86303115,0.9018234,0.3651169,1.3060462,0.44623363,1.1849792,0.24400076,1.8097235,0.85329044,0.32528374,1.3394697,1.2395136,0.6439089,0.3231899,0.46692207,2.5253544,0.5821736,0.6850872,1.8461565,0.35192326,0.070006415,0.7753389,0.61923003,0.43874335,0.30122492,0.99304533,0.34560844,0.9333407,1.2920063,1.7015723,1.2266428,0.6443535,1.8977555,0.9314177,0.31507918,1.0452384,0.8236532,0.09953007,0.7078726,1.4564707,0.31422284,0.5445028,1.1316699,0.28972867,0.02654665,0.27191672,1.7995206,1.2642977,0.42975178,1.579012,0.4145212,0.3173433,1.044437,0.5942492,1.9917564,1.5905092,1.0816067,0.92315435,0.5577547,0.1738697,1.35483,0.0719533,0.49009064,2.3648562,0.17852493,0.634112,1.1837598,0.19311465,0.9243073,0.7137035,0.84720457,0.012297341,0.82820857,2.0591035,0.5170307,2.732359,1.5754508,0.84512264,1.0515097,0.49603298,0.025180819,0.9711124,0.6899935,2.6446078,0.5513168,1.1447781,1.0342917,0.6669353,0.2942846,0.97391564,0.17728195,2.4157028,0.7754125,0.57390374,0.29821464,0.08479968,0.9413424,0.59083074,0.0989447,1.5506029,0.87236965,0.9122115,0.80944186,0.123410225,1.8798043,0.08201755,1.3378578,0.6049324,1.1616844,0.69798005,0.90070534,0.9838699,0.1524175,0.58906287,0.35184225,0.05777572,0.052950606,2.2678916,0.55009186,2.0540357,2.6188943,0.9104427,0.65657324,1.374317,0.44347528,1.781853,1.2435164,0.11889252,1.7969838,0.4173905,0.6828125,0.5055143,0.3034399,3.3631065,0.17306997,1.1310508,0.6106748,1.2752501,0.38753572,0.43710163,0.9436728,0.5757785,0.4392806,1.241899,1.4758062,1.5890467,0.85474956,0.5504541,0.052662726,1.5546023,0.7009992,4.5123744,0.47821853,0.2926047,0.3601219,0.54533976,0.36394748,2.1092014,1.3299332,0.68053526,0.37773758,1.0199376,1.0250759,1.9142767,1.6741495,2.7346904,1.0823287,2.610718,3.9305038,1.8069303,0.5524752,0.022264626,0.56104016,0.6665744,2.5090616,0.5250229,0.8083323,1.608111,0.1662452,4.694946,0.06875175,0.30904913,0.05798081,0.0,1.4256924,1.0234334,0.77204645,0.055057622,0.6061664,1.5652746,0.47997576,2.1149347,0.6897451,0.017018413,0.94827557,1.1658928,1.1088396,0.21092574,0.70116174,0.25726578,0.5572752,2.263812,1.2878841,1.0250717,1.2714777,1.6754202,0.6818178,2.4258869,1.3423907,1.4865074,0.26928237,0.32985523,0.7410685,0.36268982,1.8326021,3.37924,0.04440036,0.6903677,0.39309847,0.20838375,0.8852584,0.025544483,0.9261431,0.1510913,0.8126415,2.1121414,1.0643033,0.8688833,0.27548844,0.076270826,2.264004,0.47230265,1.6448389,0.38806456,1.8966024,2.0175378,0.90250397,0.2786843,0.110370904,1.1049409,0.4783175,0.22985391,0.5367743,2.6696608,1.0415752,1.1062843,0.4327996,1.6107274,1.6488227,2.2810683,0.25259233,0.1946262,0.41630918,2.3957467,0.39840922,1.3505915,0.3306497,0.7107702,1.22796,1.2019032,1.7758507,1.6718436,0.09085313,0.24681222,1.1961124,1.5749214,1.0017217,0.8545093,0.044502545,2.5032773,0.7336179,0.040366877,0.030638514,0.16054401,0.31625977,0.13179092,3.5248141,0.16670887,0.46949226,0.18651137,1.8579214,0.7397154,0.901601,1.1541264,0.8731686,0.025684277,0.08683589,0.5389317,0.097198054,1.9948072,1.3302536,all_pothole_images\pothole_images_2_image_400.jpg
0.539483,0.1254082,0.13446452,2.0532055,0.5735729,0.25911695,0.51855165,0.6544082,0.3256781,0.34858346,1.3919746,1.5997728,1.357404,2.3183222,0.2783252,0.27530187,1.2631924,0.6696131,1.6836367,1.1726335,1.3867356,0.19566804,0.88480264,0.6499707,1.1470166,0.3560363,2.103284,2.0730314,0.8370299,0.028832946,0.21020432,0.23528416,0.24046937,2.6020298,0.19132194,0.5926979,0.02888385,1.4407773,0.95892704,1.8087236,0.7438755,0.22313464,0.33064792,0.32685456,0.1453385,0.64797217,0.42327708,0.0089450115,1.0062819,2.2761214,0.43710622,0.20669858,0.7712702,0.31259307,0.12588839,1.7089224,0.92454135,0.9700202,0.8851892,1.0147117,0.6477917,0.0927289,0.33376408,0.03888628,2.21233,1.4468248,0.52772975,0.16729599,0.9911198,0.44423908,0.47609282,0.18194218,0.79792494,0.7106899,1.9542975,0.43208486,0.123481944,1.1346139,0.40014464,0.02391297,1.1107926,0.08992511,0.24748628,0.7061297,0.7482529,0.47157833,0.447056,1.0402448,0.5032386,1.332091,0.4117175,0.5524,1.467187,1.1278857,0.108969435,0.121720485,1.3956096,1.5071789,0.55910856,1.6270667,0.16025855,2.8929849,0.42654485,0.50400007,1.3702121,0.47350717,1.0520258,1.0279174,0.04714792,0.21243967,0.7387383,0.42250898,1.0383638,1.0496516,1.2686414,1.2393299,0.48555186,0.3837284,2.635726,0.79859006,0.7368483,0.42668134,0.043142524,2.0309765,1.7439082,0.28238556,0.3933937,0.50436145,0.61711043,0.319857,1.2679275,0.30556276,0.1616939,2.2413201,0.17703581,2.5911682,0.76128656,1.414558,0.66251785,0.5405787,0.4490909,1.2868155,0.34294084,1.4206121,1.013535,1.62968,0.6091274,3.1448495,0.88332784,0.1770417,0.68599164,0.416022,0.06708056,0.45637575,1.2126993,2.0958626,1.0701721,0.1432932,0.97103506,1.2551996,1.8684692,3.1030295,0.29880166,2.7181458,0.5742058,0.98248523,1.1066756,2.2834702,3.2313702,2.0246427,0.030569721,0.09518154,0.35007757,0.15497245,0.02010949,0.963997,0.6876602,0.014458831,0.1997218,0.89017004,1.1105644,0.795191,0.19965725,1.1830053,0.54816645,0.93494266,0.19287658,2.1796675,0.2728816,0.18120517,0.08237431,0.53028727,0.17789058,1.9596121,0.6686128,0.15738246,0.7813877,1.4520423,1.7355608,0.61826426,0.12739843,2.000065,1.3270768,0.38324803,0.16049406,0.38539684,1.1021743,0.47284243,0.6805704,1.0762417,0.18418486,0.003168805,0.58542293,0.43493706,3.263947,2.2646363,2.1491077,0.2548504,1.377736,1.1207685,0.14008076,1.9663026,2.340119,0.80190355,0.61987096,0.48729998,0.6542292,0.23092379,1.242928,0.44056752,0.71149886,0.26901513,0.5559387,0.34710616,0.12780972,0.62108,1.1467127,0.86324435,0.8137816,0.8970259,1.902609,0.80185497,0.2682555,0.66297376,1.2996784,0.059976283,1.2595992,0.9050942,0.3304572,3.3890772,1.0086436,0.340717,0.9846723,0.29273406,0.05328278,1.833962,0.8447033,1.029509,0.4164696,3.6420934,1.4557742,0.38196385,1.0854595,0.8647811,0.7629801,0.445715,0.867523,0.088177815,1.3515885,0.5035082,0.8888825,0.0039124726,0.5435007,0.8964913,1.0638855,2.0332146,1.1782125,1.8660611,0.9025539,1.3475902,1.1288894,0.64988405,1.3703136,0.11891682,0.36082947,0.5452426,0.075571045,0.28363058,2.30992,1.0575541,0.6236108,0.52356476,0.9254678,1.5437508,1.1819421,0.14122735,0.63638484,0.49831513,0.25270015,1.7333542,0.664646,0.56371135,0.072320454,0.09395463,1.369214,0.27028984,0.5698599,0.83512574,0.6499926,0.9906704,2.2956684,1.1230654,0.42609957,2.3310308,0.45171425,0.7274626,0.2688762,0.60157865,0.5342244,0.77184325,2.9113638,0.13035424,0.16737229,0.9783982,1.4601909,0.9614586,0.013206158,0.2809941,0.074819304,1.2141702,0.5381141,1.7729509,0.6616248,0.11018669,1.3867399,0.34595197,1.4668738,2.3815575,1.3092095,0.16013373,0.5684064,0.2147791,0.70130295,1.5652497,1.574911,0.3283459,0.31789213,0.8970988,0.032696363,0.11757466,0.6135971,2.1850622,0.8042421,0.36978486,0.1930938,1.3921717,0.037719466,0.67342097,1.8209977,0.64933854,1.5336357,0.63185143,0.24220116,0.71887094,0.00026209804,0.73109996,1.1119381,0.67833567,0.066774316,0.075841315,1.6505674,0.14049427,0.8828667,0.41216728,0.40722656,1.2848399,0.9155913,0.6946466,1.7661575,1.1298629,2.3528442,0.1229427,0.26783064,0.9138096,0.78410035,2.7289217,0.82076776,0.050787535,0.25301054,2.2853901,2.8057468,0.77922446,0.9610316,1.2534465,0.76439995,0.08230697,1.3148404,0.23315684,2.4576283,0.17474245,1.7072953,1.2729368,0.8088212,0.6274544,0.7833863,0.2688632,0.9019955,0.9465707,1.0359122,0.16808605,0.27040446,1.9410197,0.74595094,0.17404626,0.057864197,1.6663208,2.0680065,0.57083064,0.55612093,0.64402175,3.403526,0.98136747,2.941788,1.6141958,3.7513602,1.1388158,3.4840617,0.2867399,0.89498836,1.0080996,1.5156729,1.2258596,0.65815747,0.28516698,2.073443,1.67624,1.7026408,0.31519878,1.3499428,0.6873138,1.3558544,1.9848797,1.4924939,0.5840434,0.4585308,0.038133956,2.3311462,0.43065748,0.21112481,1.7848635,1.3576112,0.5870265,0.72400135,0.4490378,1.3757868,0.28235525,0.3415151,1.4947162,1.1452632,1.0703554,2.2324064,0.76218873,0.25693902,0.17683484,0.46061534,1.2073375,0.7315177,0.0,1.0629263,0.48103857,0.260571,1.7073414,1.5179899,0.22179592,2.0754485,0.24219827,1.5066422,0.46859288,0.5172092,1.0195919,2.0303721,1.3055288,0.86791474,0.034375187,0.18680719,0.8809696,0.10645506,0.23501977,0.8352463,0.01565021,1.4521213,2.2426002,0.5238223,0.0,0.12441455,0.42354372,1.0369599,0.45840517,0.5766299,0.8078632,1.7885529,2.3173,0.75668925,0.6337741,1.038916,0.1484277,1.4475083,0.22827557,0.26467136,3.0633209,2.7169373,0.72099835,all_pothole_images\pothole_images_2_image_401.jpg
0.8801886,2.8280869,0.9004863,0.058742512,0.2999426,1.8507951,0.08277958,0.078051895,0.49147904,0.525564,0.6227563,0.18800506,0.92968696,0.1659512,0.7035317,0.67696685,0.42028558,0.19044922,0.03757697,0.339446,0.25846916,2.252946,0.047083918,2.3923955,0.09422795,1.2172185,0.40492198,1.4871712,1.0615035,1.7582175,2.012055,0.46525797,0.7130225,1.0595762,0.6839227,0.4333864,0.86121756,0.2859461,0.29141006,0.5515884,2.7985163,0.08846065,0.2364739,0.16050553,1.6649232,0.8917374,0.73710364,0.05969999,0.94286156,0.4865447,0.39981243,0.072790265,1.1717216,0.30804846,0.008662074,0.21764223,0.7304329,0.13784131,0.48730934,1.6074978,0.24080671,0.20869568,2.6529007,1.5709584,0.49957967,0.3724436,1.0489097,0.06121062,0.30090937,0.19420475,0.54549557,2.8302684,0.5141464,0.24844173,0.3272621,2.4761016,0.6503345,0.46226412,0.63638896,0.51185185,1.7340456,2.489794,0.2497688,2.4188263,0.06418841,0.67162955,0.23834375,0.1925766,4.9834585,0.092603534,0.47096616,0.76527256,0.91340995,0.8172524,0.17097092,0.22676033,0.68989015,0.8829596,0.5017663,0.31984067,0.101166666,0.8070333,0.082894325,0.6726375,0.0,0.01484606,0.17054757,0.660231,0.083334185,0.5289359,1.5164287,1.8873135,1.1238074,0.32567963,0.08555836,3.283002,1.6209493,0.25492686,0.19299452,0.39579234,0.68761134,0.41961733,0.7121507,0.31842875,0.069960795,0.85203534,0.010806883,0.12677504,0.14975013,0.81036794,0.22795983,1.0754836,0.16157694,0.23508374,1.2388865,0.700571,0.4566455,0.11012956,4.2636704,0.5506707,0.45601276,0.31937125,0.051449936,1.7786256,1.3958651,0.42878896,1.1878667,0.07576324,0.0033413335,0.42559096,0.024584668,0.28661284,0.87987983,0.09646212,0.8956467,1.0031754,0.26629853,0.44851676,1.0118526,1.140409,0.05955374,0.31357765,0.025837747,0.40973505,0.19644669,0.19347332,0.77510124,1.0855085,0.40754637,0.0,0.3850024,0.0,0.51290894,0.019939769,1.358475,0.030510727,2.7299063,0.22766045,0.23347113,0.81277573,0.9129505,0.40179574,2.6256402,0.48293522,1.4767036,0.09106198,1.3063695,0.27566016,0.010836562,0.93551,0.14078651,0.46080953,0.20442499,0.48860502,1.1221634,0.14202845,0.0663154,0.19301282,0.46990564,0.120927125,0.24949494,0.5594207,0.40294024,0.22354971,1.1035146,0.7971192,0.3177987,1.4327523,0.4309647,0.06731741,0.45082074,0.15969458,1.8578995,1.4804194,0.45053735,0.2168081,0.09429468,0.8026208,1.9725416,0.30424184,2.8590252,0.079017684,0.9581808,1.0250024,0.38613734,1.0190257,1.9224778,0.44387138,1.1929892,0.023949914,0.6976741,1.0398482,0.36215776,0.2889457,0.2547865,0.529385,1.1925192,1.1544796,0.120318,0.021555195,0.29554805,1.0356348,0.09679507,0.0024316018,0.04234168,0.48507538,1.0336761,0.117266946,0.022517044,1.6814257,1.5489178,0.5469561,0.54151154,0.369105,0.22646579,0.07846239,1.150548,0.19577125,1.7340678,1.7351896,1.2951447,0.6972558,1.4615922,1.2435981,0.78204113,0.28092268,0.28193596,0.083587885,0.5943744,2.621889,1.0230473,0.2579244,0.110275045,0.002875525,0.5352238,0.8758308,1.746462,2.9266255,1.301548,0.7440385,0.13446984,1.2799727,0.15014002,0.5760084,0.9767413,0.33268628,0.42783514,3.2841454,0.46741918,0.15671487,0.19159096,0.73841196,0.36347404,0.25548786,0.88541806,0.14014421,0.5435466,0.72207797,0.98035496,0.08258578,0.0,0.14762129,0.41848245,1.3786603,4.5875134,0.47052646,0.43661478,0.96929044,0.29477564,0.18144363,0.14966284,0.19732125,3.8840928,0.31884435,0.47300792,0.7303497,1.1073121,0.73878527,0.7788685,1.2083493,0.038973685,1.103024,0.15928985,0.35216448,0.57967144,1.2823787,0.71486056,0.9854763,0.73686147,2.708554,5.0010686,1.3800792,0.08784533,0.0002738901,0.69475085,0.07660199,1.7023709,0.082418226,0.32072696,0.31666785,1.8535299,0.60889727,0.84386927,0.0,0.51484305,0.49449933,0.63407826,0.38820913,0.84503585,0.19477934,0.1878744,1.121225,0.11934272,0.4379817,1.2327428,0.24784812,1.0078574,0.6179902,0.04432192,0.08996437,0.0,0.118455365,0.024177102,0.33886394,0.0770754,0.54594153,0.04429832,2.5920322,0.43955013,0.46118397,1.5519462,0.80109954,2.0468647,0.17702462,0.8275232,1.4417285,0.04011262,0.90622354,1.1101483,0.54384524,0.24520026,0.3982596,0.08682744,2.4682276,3.5970411,0.36782378,2.128406,0.17651324,0.7349002,1.8786256,0.58837944,1.4319267,0.65090287,0.52870655,0.08459564,0.5411769,0.06833879,0.11666298,0.21218498,0.083905354,2.44771,0.7844984,0.5168945,0.08815006,0.26170826,0.25646326,0.70851684,0.40954342,0.164342,1.1606421,0.023883019,0.0032166191,0.2464851,0.6492199,0.25209507,0.1393972,0.6458341,1.7193722,0.72031045,0.13397361,0.41067216,1.5153885,0.28276137,0.25245196,1.1357087,1.5827466,0.20169877,2.5834537,0.18946771,0.68775123,1.1555431,0.18190321,0.075489625,0.040966015,0.6461413,3.6040313,1.717633,0.99861914,0.051161963,2.4214833,1.493452,0.16255458,0.21187167,0.15406334,0.54573107,1.6088527,1.6263957,0.6449028,0.94048804,0.52089167,0.19147259,1.8704298,1.9149694,0.22213022,0.3999165,0.27190155,1.1056883,1.1129595,0.62349814,0.2286002,0.37570748,1.2387061,1.1237304,2.2925363,1.7683177,0.93367934,0.19915372,0.44893995,0.6124121,1.4055651,1.7868196,0.8302523,4.0210266,0.21535397,0.42350885,0.8977036,0.07911702,0.0,0.41055846,1.1091526,0.27961624,1.7128369,0.07098835,0.04613912,0.026573101,0.13350813,1.675116,0.651089,0.17505641,0.0,0.8383874,1.6834449,0.51156414,0.8379585,1.5517316,0.23054461,0.25906408,0.024930323,0.43730405,0.002611253,1.1685339,3.5938995,0.0,0.36662793,0.15327606,1.2333543,0.21677293,2.3650448,0.8108737,1.7947658,0.2584238,0.13502522,all_pothole_images\pothole_images_2_image_402.jpg
1.8365114,0.4849036,0.14936316,0.83267176,0.18790734,0.20782623,0.7816206,0.3810836,0.27423424,0.28914332,0.6911085,1.5578194,0.046307985,2.232527,0.90556496,0.5708955,0.23544514,0.36014342,0.45578337,0.702756,2.4717727,1.817183,0.19755621,1.5279483,2.3419566,1.586968,0.033504475,3.1118636,0.09331747,0.036602456,0.10299817,0.21938315,1.3306035,0.52372766,0.13269015,0.37164924,0.0,1.61303,0.86960655,0.62909985,0.005473689,0.17148617,0.41681817,1.2046216,1.2053661,2.60591,0.00783651,0.6216102,1.4142395,0.8054177,1.2471453,0.03831305,1.1921178,0.24295098,0.749461,2.431561,0.98098016,0.9181791,0.23854455,0.43341523,0.112123094,0.44381285,0.65250707,0.18722273,0.01899386,2.5812674,0.48752695,0.49371138,0.008795379,0.50909907,0.39322546,0.22043581,0.34397486,1.3991187,0.99215275,0.7506256,0.102308355,1.6417385,0.036002617,0.82019794,0.30100307,0.15026379,1.0273745,0.5323568,1.0769541,0.0,0.49491534,0.6280159,1.5827293,0.08199889,0.11276765,0.63327134,0.45078412,0.5690952,1.1066939,1.3754668,0.15201429,0.62142557,0.8967062,1.6975809,0.022448592,2.8118,0.50399536,0.8841038,0.92146087,0.22177081,0.4298807,0.8441465,0.013126172,0.65448385,0.0036511642,1.1586381,1.5416183,0.32905966,1.7537643,0.19458888,0.2703925,0.07212068,1.2235363,0.8523426,3.5880437,0.08440679,0.0,1.3319216,1.1284589,1.3359457,4.577111,0.38540432,0.2527503,0.03312153,0.47686628,0.09231596,0.002086537,0.14902419,0.80957747,0.69392264,1.6322699,1.745362,0.63778836,0.25378057,0.33338523,0.32432243,0.1561552,0.24516812,0.22265899,0.32613558,0.42216992,0.90795755,1.9662621,0.2941613,1.3822207,0.6374237,0.22723144,0.11459611,1.4180882,0.4348506,0.9481517,0.9331306,0.30431393,1.1445479,1.9563556,0.7217643,0.4975514,1.2836769,0.12360129,1.1810168,0.23277457,0.3228883,2.279621,0.98019755,0.24546649,0.04011716,0.1432332,0.16177046,0.14549947,0.83967286,0.34496382,0.046694044,0.080820315,0.850104,0.00039900892,2.4726262,1.1239779,1.1627525,0.090933904,0.41270527,0.803108,0.68898547,0.48887408,0.23130709,0.38581607,0.0094340285,0.40458336,1.4221126,0.2314803,0.29426283,0.5703647,0.25806764,0.37939733,0.5137896,0.91110307,1.7291235,0.5895289,2.1703472,1.3542432,0.56030625,1.5721525,0.23827398,0.19444709,0.43656644,0.019912364,0.30571803,1.6728334,1.2543246,0.3761381,1.5857795,0.6838581,0.030083857,0.10295817,0.22533569,1.0314169,0.0856489,2.18387,0.2579885,0.46020076,0.49811998,1.9633453,0.64860284,0.4953684,1.2523603,0.38040346,0.65487593,0.036126398,0.6076416,1.0046536,0.46080273,2.62766,0.7922122,0.0071271025,0.12609051,0.4885692,1.0441756,0.07773135,0.7734689,0.0548683,0.13456282,0.10573127,0.44820216,1.6624273,2.0496347,4.1317286,0.087753154,0.6525304,0.32276115,0.47994322,0.33169624,0.485879,0.2901216,0.9078134,2.3168879,0.24804462,0.033605155,0.53583753,0.12516822,0.4167345,0.20811555,0.023020403,0.8215989,1.3386533,1.2871732,0.9589868,0.04117911,0.8265638,0.72125506,0.7338034,0.35450605,0.44698653,0.7284238,0.7151213,0.31655055,0.7676939,0.21022545,1.0838888,0.54828334,0.93077195,0.12880719,0.84699076,0.012139865,0.30778584,0.15641333,0.51946867,0.10080554,0.010153099,2.1819127,0.49850634,0.8450104,0.73815215,0.4723301,0.17877874,4.074751,1.1096448,0.5320147,0.7015903,0.38629976,1.0209132,0.11847375,0.051312674,0.28674674,0.55821544,0.26393035,1.0360814,1.556638,0.075311884,1.5947261,0.13666417,0.8898217,0.21710984,0.90452075,1.2060918,0.27269864,0.82590127,0.34532204,0.9914892,0.8504232,0.4026572,1.2734578,0.27095607,0.0015725337,1.2055285,0.60416675,0.1704267,0.057095956,0.9922244,0.07349214,0.28350192,1.4019464,1.7091357,2.4209301,0.06998674,2.413774,0.47481194,0.10656231,1.9441668,1.1691484,0.7612043,0.011164073,0.32914868,0.34020895,1.2529639,0.032618053,1.2922263,0.4657554,0.04190943,0.60946083,0.15556313,0.3518866,0.4730487,0.109471455,0.46931985,0.35806227,0.91031325,0.4375164,0.3045361,0.62298274,0.1596755,0.72993076,1.7867643,0.22426875,0.6820476,0.036113773,1.1289176,0.47029424,1.7617702,1.4008764,0.043646432,0.119129725,0.17131217,0.0401832,0.6344321,0.14463349,0.80218595,0.12741324,0.68774927,1.0751978,2.135692,0.5554779,0.22696747,0.0,0.034396794,2.6901724,1.3455175,0.18539202,0.0019829732,1.2735596,0.03020619,0.16649991,2.2814064,0.10360893,0.50016004,0.32965562,2.1944199,1.8554718,0.39322016,1.2984661,0.21761477,0.29643252,0.7359927,0.09128777,2.2748854,0.62241244,0.4196386,0.7415238,0.37217844,3.2463644,0.085350975,0.28610158,1.312177,0.15960984,1.132928,1.5064867,2.6328604,1.3442321,0.46857607,1.6590993,2.3604364,0.8330102,0.9852379,0.028197346,1.679121,0.8141524,0.45248437,0.45873275,0.15411408,1.6008005,3.0607264,3.1485677,0.6084222,1.4335343,0.21656966,0.66739863,0.64715487,0.09160901,0.04776748,0.11705505,0.40129966,0.10859415,0.3107253,1.93489,0.014373976,0.87518114,0.45342872,0.01984173,2.4874372,0.41877174,2.4397502,0.72744775,0.6149422,0.17300823,0.6520664,2.0240452,1.4386842,0.6244043,0.8178124,0.61470085,0.30541632,0.31327146,1.8588299,0.5215331,0.5956525,0.73140335,0.34500387,0.91429526,0.15169944,0.1431005,1.4227057,0.18521334,0.3113856,1.4595537,1.4125023,0.566268,1.1686974,0.358186,0.3147553,0.24907318,0.68743783,0.23809896,1.0782819,0.13005392,0.30357376,0.14396764,0.06647809,0.53326416,0.087863706,0.3701828,0.33028272,0.32432148,0.053961143,0.28532916,1.214858,0.4642634,0.6632539,3.9856012,1.0498607,1.0694168,0.449621,1.4098568,0.699558,0.16418333,0.22753038,0.0831489,0.42764106,0.24523696,all_pothole_images\pothole_images_2_image_403.jpg
0.6192736,0.3162,0.3902698,1.4515681,2.3175561,1.6100047,0.33594754,0.17439678,1.0311588,1.0962242,0.01623503,0.08112049,0.5160527,0.32329082,0.0,0.21570069,0.14533035,0.09600083,1.5537729,0.40020496,0.72548944,3.0300694,0.3685349,0.01836504,1.4940269,0.22181278,0.076072454,1.4193438,0.24592927,0.34839046,0.0,0.02240456,3.0229344,0.22206722,0.15575773,4.40815,0.09894293,0.66450447,0.009074649,1.538969,0.0,0.0,0.00019742442,0.92301816,0.040647984,0.47120267,0.39343908,0.14217833,0.2460266,4.733208,1.2952734,0.35184985,0.010308701,0.18359914,0.7493116,3.488609,1.8347112,0.5481315,0.5825743,0.05269312,0.7032733,0.49406967,0.23393767,0.021947108,1.1956323,2.7306156,1.0491486,0.06797018,1.7171851,0.21283267,0.021136839,0.034132812,0.2886363,0.9445601,1.2829579,0.12703545,0.17435245,0.7844593,0.3989471,0.11814172,0.0018132286,0.15760899,1.1201404,0.6622375,2.9276826,0.6785549,0.21401966,0.20348951,0.86792785,1.2921717,1.1504035,0.08279356,0.04347267,0.20321013,0.03590094,0.1932333,0.13605522,0.06388914,0.91121876,0.9607625,0.025371142,3.270803,0.6854119,0.41828823,0.26032725,0.010609233,0.14458603,0.3386487,0.03731225,0.08801232,0.0,2.1952214,0.60489887,0.4000701,0.11076978,1.2423815,4.3501687,0.8620545,3.5406313,1.1035428,0.9365379,0.5572934,0.1483579,3.3500357,0.5345867,2.3260796,0.3852046,2.307191,1.1151625,0.07553876,0.6368787,0.0016177004,0.2894557,1.1961364,0.009412424,1.4762808,0.21037506,1.7290467,0.3684049,0.10522143,0.123026446,0.013707024,0.0,0.17454322,0.10145197,0.62217975,0.22515611,0.30636558,0.36170647,0.52825826,0.08822865,0.5561219,0.45571288,0.0,1.2454202,2.0946994,0.69654095,0.10415698,2.2417312,0.5959769,0.06555862,0.6527244,0.0,0.34667376,0.0,0.31503195,0.5754132,0.05818758,1.77913,0.46718952,0.28438675,0.0,0.0028276646,1.997255,0.8416028,0.018093567,0.023534229,0.005619795,0.64547586,0.0069278902,0.11911758,1.9374872,1.5304688,2.117555,1.5460874,0.12463771,0.42844754,0.37940228,2.04086,0.39720345,0.0045357,0.17817473,0.0016030557,0.9408677,0.6210833,0.79980916,1.1022073,0.13629961,0.81509054,0.06049645,0.07801313,1.5831059,0.29160708,0.9849766,2.9388094,0.68369496,2.266009,0.4962785,1.1764836,0.87859297,0.057872634,0.0,0.7359404,0.9167306,2.1337569,1.0698578,1.0471557,0.52157146,1.0319012,0.028275007,0.22040094,0.9643242,1.216826,0.83814585,0.0,0.8548229,0.20497528,0.5226661,2.6435163,0.0,0.015476638,0.4475003,1.0069724,0.55332416,0.24437428,0.48330188,1.307899,0.3260419,0.0,0.05692111,0.09268167,0.27648535,0.030903008,0.0047271093,0.2864111,0.7396645,0.6145722,0.3886771,0.36893246,3.60062,2.1324527,1.1707677,1.3468711,0.8813584,0.017689127,1.348487,0.53634167,0.29084954,0.24012528,2.7815688,0.010898918,0.0,0.34664246,2.017136,1.0349218,0.46139875,0.6223558,0.39549446,0.17862943,2.2140274,0.27741715,0.05290958,0.45435664,0.7973712,0.59288013,0.14854056,0.17853756,0.10657287,0.1623754,0.71041375,0.64585096,1.4201264,0.017602868,0.26963466,0.42964607,0.11255852,0.49885643,0.014998426,0.3907227,0.7976328,0.07957537,0.17984761,0.15143324,1.3465104,0.47322285,0.17022844,0.03929706,3.3187795,0.843463,0.78709805,0.31584033,0.3849724,0.031330187,0.1402296,3.5134015,0.85555196,0.07670423,0.07681151,0.45756117,0.07862759,1.6199722,0.0,1.399621,2.3152635,1.3885895,0.22882153,0.18240835,0.19749731,3.4497766,0.0,0.7792254,0.2112444,0.8546756,0.4556722,0.13489445,1.7864822,0.3570435,0.011416143,0.104253024,0.0,1.5334457,2.260049,0.092129596,0.018136565,0.034125265,0.5751435,1.1546358,0.0015017386,0.4862065,0.58480006,0.2689592,0.18252864,3.433139,0.05787596,1.2989364,0.36897513,0.0,0.009442536,0.0854402,1.3050582,0.67171144,1.374195,0.058863785,1.4095094,2.0662412e-05,0.23822144,2.2494826,1.5169631,4.327357,3.282168,0.08290047,0.05165396,0.34554815,0.07705539,0.4070595,1.7178528,1.4271296,0.010494916,0.06952085,0.30079147,1.6543952,0.0,1.9596986,0.06411327,1.1209493,0.10229589,0.7182055,0.69696915,1.1043347,0.33575675,1.412528,0.0,1.3071605,0.5635668,2.7652123,1.6836346,1.3435663,0.0,1.5164825,0.7486172,1.3781185,0.0,0.34586707,0.4662041,0.20677371,0.046071228,1.1571947,0.0139896255,0.44297338,0.54060715,3.045099,0.07894672,0.025199968,0.052189667,1.1388674,0.0,0.007969526,0.1616816,0.5390717,0.2850576,1.3369411,0.036473393,0.9143425,0.24696302,0.10907944,0.27975178,1.9708345,0.38403383,0.44922236,0.31936666,2.1606348,0.2832682,0.4385853,0.29430127,2.0255427,0.6859075,0.71348476,1.3067853,0.04287372,1.3390706,0.68182063,0.28300014,1.4429038,0.32800177,1.1574157,2.9851055,0.6399913,0.45475504,0.115759514,1.0090866,0.5298172,0.19955453,0.2854309,1.2906723,1.4281329,0.54983723,1.2402226,0.4448356,0.022758877,1.136841,0.44039637,0.23796564,0.40576452,0.61059314,0.90428376,2.4491765,0.05307055,0.5696513,0.14436463,1.8855207,0.75268847,0.44677758,2.5817034,0.14793426,1.6478671,0.8626756,0.8661036,0.21548332,0.7470966,0.4237024,0.3844947,1.1631547,0.0,1.2402802,1.2918369,0.18483095,0.3480738,1.6700449,0.0,0.59151465,0.1492786,3.583142,0.16736019,0.0007642626,0.08873624,0.0,1.8721259,0.03915045,0.70118594,0.07620771,1.6074455,0.46281603,0.0,0.07128499,1.2163153,0.14185219,0.018988738,0.0140296,0.6225804,0.02419827,0.6098948,7.898214,0.5269239,0.6028888,2.1043994,1.0837535,0.25466698,0.3818215,2.0969226,0.006545966,1.1277018,0.99337834,all_pothole_images\pothole_images_2_image_404.jpg
0.2862192,2.4034476,1.2892598,0.4752275,0.21000668,0.589402,0.89367586,0.13513066,0.63482165,0.46873587,1.1735295,2.4585106,0.3774648,0.19058776,0.34804344,0.8057727,0.474445,0.878097,0.44580084,0.9359774,0.7018815,1.1579736,0.31142718,0.81298053,1.1423225,0.64706725,1.0023892,2.7235131,0.7260311,0.539634,0.3974228,0.13168678,2.4516757,0.28008226,1.5090917,1.5599799,0.8411404,1.0159636,0.36103636,1.4092153,0.006986622,0.50929487,0.5686676,1.4009737,0.1935278,1.2629876,1.3060265,0.014379445,0.30603328,0.39145017,0.0028497507,0.74541956,0.18359302,0.25244787,0.681115,0.6409063,1.047797,0.23577616,0.28871813,1.566978,0.80780756,1.1771433,0.6804296,1.2667899,0.5710211,1.2034531,0.46128654,1.0528764,0.3808886,1.3258455,2.599762,0.6026939,1.2294393,0.5905567,0.41571108,0.16504735,0.862267,0.95083475,0.18568929,0.21360998,0.8995093,0.6308015,0.17956927,1.2717154,1.012115,0.3384256,0.26029,0.11878511,2.252186,0.10578551,0.35122642,1.0778737,1.3149742,0.18153547,0.7869588,0.18427575,0.65945077,1.299869,0.8901828,1.1431663,0.39221796,2.2033885,1.548991,0.7396458,0.13266318,0.87337935,0.69161415,0.37037772,0.66699904,1.8210409,1.2716819,1.4967432,2.227962,0.3021373,2.0888546,1.607161,1.1922042,0.42967448,0.65433204,0.6589652,1.5949942,0.18404824,0.2875064,1.3308843,0.42288214,0.75485337,0.7899425,1.1671404,0.7416022,0.7683775,0.8517602,0.3354041,1.2805842,0.0070007923,0.048804555,1.8101778,0.31843424,0.4252425,0.15272391,0.10272424,0.24690667,0.91759473,0.29588026,0.07164135,1.4301668,1.6149807,0.16155182,0.68244076,0.37275118,1.2741058,0.5655491,0.8450422,0.50207275,0.2490647,0.22567157,1.7531422,0.2549185,0.05561616,0.6607607,0.16496728,0.9611557,2.2625995,0.389474,2.835072,0.45092595,0.33801946,1.893414,0.5377993,0.15282388,0.61270994,0.999409,0.72938615,1.4921423,3.3262873,0.26861936,0.124243714,0.44966444,0.13100868,0.65535,0.23886847,0.11646541,1.2388748,2.5392857,1.120446,1.3457377,0.016056722,0.051034085,1.1260296,0.25079143,0.7182737,0.6846772,0.07366907,0.68537354,2.2595692,0.6631798,1.0288578,0.7135099,0.24696694,0.562613,0.35777366,0.13227113,0.8392228,0.54439795,0.35057595,1.0361753,1.6191592,1.2809932,0.6942704,0.9675609,0.58906543,0.22399524,0.45045605,0.85805774,0.3492891,1.9157428,0.97279036,0.9802937,0.30306354,1.0713154,0.72712684,0.64208394,0.22723748,0.95709735,0.06030207,0.5177692,1.9371468,1.012442,4.1837645,2.1430206,1.4869674,0.49563402,0.75622123,1.5770432,1.4066947,0.19169699,0.09634719,0.37395927,0.37919,0.19610806,0.32264635,0.53493613,0.16387968,1.4736806,0.9224234,0.4188592,0.6643529,1.3037968,0.122434296,0.72515917,2.158203,0.18533294,0.13243082,0.5688198,0.43915385,0.0452349,1.9134187,0.3453383,0.10229859,0.5083311,1.885337,0.3077602,0.2862028,0.63173485,0.23185256,0.5444177,0.5878861,0.87053704,2.1588829,2.0533614,0.4394228,0.32907757,0.0,0.10582512,0.21720393,0.28925043,1.0521199,0.00090659223,1.1985738,0.6722927,0.7249448,0.33774325,0.26630065,0.310942,0.50272995,1.0782541,0.12616254,0.9958119,0.5230931,2.8336089,0.74616086,0.14026755,0.67446387,1.5600466,0.44855702,0.4122268,2.5449173,1.0694214,0.6159557,1.6634845,1.6078036,0.12456796,0.1737523,0.046079684,1.3065614,3.8429728,0.16036865,0.08571497,0.14677213,0.3747789,0.3875266,0.21183072,0.57212406,3.453409,1.7046235,0.5052606,1.4008468,0.17835684,0.5913606,2.4683118,1.9228244,0.7394971,0.079237856,2.3563268,0.10837175,1.6734972,1.7617614,0.50952077,0.008931489,0.68568635,0.4300623,2.0557287,0.47826767,0.38213977,0.15635006,0.33155775,0.20770793,1.0844344,0.79114556,1.578499,0.5716662,0.1416858,0.28737906,0.92405623,0.96293724,0.7783212,0.44085097,0.33907232,0.031821728,0.16770159,0.17508495,0.23877837,1.578067,0.72052157,1.7251431,0.14082754,0.31766418,0.64101166,0.07941882,1.1920233,0.1957896,1.2812704,1.0299212,0.44314632,0.3725514,0.18017724,0.3009803,0.26089934,1.9350775,0.7126315,0.27063113,1.1556296,0.36216548,0.88171154,0.6129739,0.04433224,0.7374123,0.3819711,0.42755422,0.7888962,0.63717973,1.8158666,0.30610135,1.4003276,1.0873544,0.94142973,0.46366197,2.133262,0.25027597,0.20371927,1.597014,2.2872722,0.48016834,0.22617622,0.10808692,0.08876969,0.19133747,2.1598475,0.054564767,0.15789127,0.43855545,1.4953908,1.5867503,0.4457353,0.6574268,0.45426363,0.22549714,0.15603702,0.4542608,0.9572103,0.90309256,1.4205477,0.39611095,1.0531043,1.2500896,0.37819886,3.2618961,1.0110909,0.5391526,2.6529186,0.33581516,1.4964478,1.4384485,1.320632,1.5211036,2.0480614,1.3446057,0.11174579,0.42326915,0.8874281,1.6581652,1.8213899,0.00618227,0.4405144,0.4309891,2.367156,1.8460534,0.5829699,1.051558,1.0281602,2.0714529,0.79431844,1.3159629,0.26373696,0.39903352,0.5511818,0.26141447,1.4538797,1.7823616,1.0380361,0.7877866,0.790685,2.2346468,0.7618053,0.33521563,1.4309603,0.53468233,2.137912,0.35765344,0.42800075,0.54889077,2.8590088,0.049639694,0.21410593,0.93041855,0.25288743,1.1621581,0.16416244,0.0017831819,1.4496988,0.7984739,1.8845794,1.2385077,0.19814172,1.1268702,1.386936,1.1099224,2.0556839,0.39725816,1.2682527,0.24415559,1.4112368,1.5452679,0.45362496,2.2904239,0.20080592,0.0023077962,1.9300723,0.804434,0.093012646,0.44478354,0.6415999,1.7524741,0.6258313,0.22070402,0.013052271,0.97045743,0.14560159,0.65220433,0.4545796,0.055310454,1.1380111,2.6477666,0.5813915,2.062013,0.77650607,1.4629314,0.9439224,0.39650452,0.8736896,0.0,0.27384782,0.14160983,all_pothole_images\pothole_images_2_image_405.jpg
0.21890882,1.5819917,1.0516349,1.0743872,0.19435559,0.25005364,1.6863004,1.0735562,1.8126024,1.421836,0.7208006,2.09549,0.042795174,0.03909607,0.10597518,0.00036578922,0.59305465,0.16524102,1.1173406,1.1990191,0.2568332,0.6020786,0.6325098,0.16593853,1.0338898,1.99281,0.17746373,1.5504004,0.12615171,0.100772195,1.1998528,0.7158911,0.26082602,2.3014667,3.5202417,2.363529,0.07807493,1.5163218,0.92730385,2.1188314,0.097270854,0.11469611,1.6539552,0.8280064,1.157106,1.6287104,0.53094286,0.0,0.767677,0.59855545,1.0245979,0.62547934,0.31236583,1.2114571,0.20973408,1.8762879,0.4473449,1.899972,1.7147954,0.70504487,0.82095855,0.2450619,0.832327,0.16297628,0.18088438,3.2219954,0.9895473,1.1064872,4.906646,0.27182528,0.8753911,1.2033243,0.028566537,0.16141653,0.17827211,0.077372566,0.3208963,0.78151715,0.0,2.032607,1.0433296,2.188252,0.49038813,0.88385755,0.8564012,1.2415392,0.7613343,0.84412056,0.7668832,0.969731,0.23841645,0.6261028,0.08226329,1.0002364,0.102959834,1.0426816,1.1318798,1.8668851,0.42351633,2.1217427,0.18247764,1.0039929,1.2987678,1.7056665,0.405017,5.105141,0.8697346,1.646196,0.7310089,0.080095746,1.4180143,2.5351346,0.03285449,1.2650771,1.2481956,0.14862064,1.643158,1.52499,0.93419874,0.59964687,1.1387162,0.38885483,2.3022373,1.1973866,0.28858945,0.03135376,0.49317157,0.94112307,1.3375951,0.70177364,4.070127,0.77754897,1.7044618,1.8454382,0.64559555,0.52535015,1.0711432,0.053122927,0.5139333,1.9737118,1.6007377,0.7629435,0.38727835,0.17781836,0.51979953,0.12069334,0.99866515,0.24093662,0.80599016,0.7016603,1.0695841,0.82492673,0.33112514,0.22330065,3.539437,0.4623936,1.7235383,0.10538897,1.5798614,0.60161334,1.1645665,0.43149236,0.4891704,2.5912127,0.0709207,0.021206228,2.5363863,0.03528884,0.99050206,1.1098057,1.7181983,1.2709244,0.37097603,2.0265234,2.5572948,3.9429293,0.01649573,0.23546264,0.5259475,2.2133675,0.16362299,0.46394703,1.434924,3.8325496,0.21149199,1.8319011,0.26051763,0.49835756,0.985937,1.7427683,0.3294772,0.11399139,0.81547153,2.0091424,2.4325097,0.73117214,1.0649272,0.5949907,0.36777574,0.40608153,1.5104611,0.109470874,0.001450883,0.0,0.05753777,1.2710732,1.2855484,0.008184075,1.1701905,0.7863767,0.08398591,1.8004321,1.0765837,0.238654,0.91883737,1.2404966,0.20223868,0.094279386,1.4020799,0.10094192,0.9313684,1.7413554,0.0014743126,0.87682354,0.60622126,1.3354685,1.1773006,1.3320098,0.23096028,2.1802511,0.86412936,0.095254056,2.4518669,0.73998475,0.12308742,0.12662856,2.735425,0.21720785,0.43549424,0.9284931,0.1039494,0.31088564,0.13610785,0.5929493,0.70258206,0.38211048,0.93353134,0.4777778,1.0224639,0.775529,0.8308402,0.8929798,0.9025238,0.1299455,1.3839718,1.4477794,1.3631413,0.04995738,0.8316265,0.7502952,0.951704,1.3203349,0.93449914,0.4406098,0.3176615,0.84278435,1.2277714,0.57249403,1.5284475,1.2849926,0.099978045,0.08175502,0.12523408,0.50088066,1.3422889,0.54526013,1.1821332,1.733992,1.7509936,0.21183042,0.4880033,0.4453967,1.0591066,1.790149,0.03885404,0.031478122,1.4892055,1.5568705,0.790513,0.07716408,1.6011047,0.7643499,0.1673514,0.53024006,1.248117,0.15580714,1.522257,0.34839314,0.28401837,0.72858155,1.218262,0.37354138,1.1798903,0.49337798,0.47247776,0.3292797,0.14869693,0.14003451,0.17152487,0.80225855,0.11318312,0.37597406,1.0515589,1.3258001,2.161299,1.8763847,0.3056058,1.5399127,0.64492244,0.5209846,3.9478827,0.0390388,0.3220845,0.0,0.23633088,1.7693334,0.43056032,1.9236796,1.662605,1.6465602,0.5634699,1.5837631,1.913729,0.24424638,0.70055336,2.7521622,0.034306046,0.0005165702,0.91828334,0.9664516,0.18412426,0.4752939,0.36102843,1.2489644,1.8381437,1.5616325,0.8455714,0.8917509,0.27183655,1.2676111,0.29790807,0.50050277,0.41900355,0.091873996,0.82921207,0.16890171,1.0791178,2.2950418,0.3093547,0.060124375,2.2326968,1.5384755,2.3545842,0.46146533,1.3066561,0.66025615,1.4206485,1.0900217,0.5777309,2.085721,0.44832775,2.903575,2.5452998,0.05228676,1.1328439,0.45464745,0.28534597,0.21748908,0.36663643,0.6461104,1.198766,1.4649512,0.5984338,2.3671117,0.031202117,0.20974167,2.1561654,0.13067597,0.14733523,0.374807,0.3507997,0.038608972,0.018514235,0.8954158,0.040505033,0.69373226,2.2714117,0.66360635,1.8050057,1.7552757,0.47836506,1.2315924,0.06348455,0.31449193,1.3957866,1.3456377,1.9580424,1.2985526,0.057794712,0.14311874,0.1587046,0.59786797,0.6183722,2.6790507,0.010536878,0.5536421,0.2752792,1.1508085,0.089230604,0.34457067,0.52872235,0.081379734,2.037785,3.8312588,1.2785932,1.0662768,0.96782875,2.5054035,0.12194813,0.48515335,0.017941844,1.132873,0.3230534,0.58429843,0.56159353,0.42061985,0.30914393,0.50188375,1.9019598,1.2978457,0.37695086,0.027371533,0.48861825,0.17022035,0.08403902,0.0,1.3000151,0.070579395,0.41303065,1.7446429,0.91770124,0.8115082,0.90217954,0.3154109,1.2521645,0.94878006,0.43865994,1.0258926,0.3892297,0.07136754,0.66968185,0.5970769,0.11041724,0.5841519,0.001402682,2.2042954,0.73081774,0.4954365,2.0100315,0.041047275,0.26453084,0.8599561,0.49372965,0.7605642,0.32639292,0.0043796496,1.6567159,2.2345693,1.5831205,1.0869234,2.202164,1.4471829,1.2230059,1.2012298,0.8010109,0.19705068,0.3208032,2.1156747,0.52814996,0.34724417,1.2098358,0.5582023,0.60288393,0.07278175,0.0515098,0.052293316,0.19366632,2.4783554,0.47300592,0.64873224,1.1624895,1.3952551,1.0183862,0.42318615,0.09861847,1.0913067,0.06319461,0.44516537,0.1885271,0.66352475,0.07060002,1.3606981,all_pothole_images\pothole_images_2_image_406.jpg
0.27116704,2.9587364,0.31001568,0.6713824,1.8103427,0.5191407,0.3540318,0.10522677,0.94650966,1.1565845,1.1604869,0.8156036,1.2581317,0.74974346,0.42848358,0.3591217,0.7072953,0.029114945,0.33286795,0.18458945,0.24380939,3.3471043,0.84635127,1.7410437,0.0050894874,0.41660658,0.09285539,0.8427657,0.0960502,0.85543084,1.5892498,0.90830016,0.6323495,0.002736811,0.56134135,0.97638345,0.97976166,0.89168316,0.65197146,0.6869032,0.046885934,0.023265999,0.0147025,1.4063611,2.3930867,0.011470958,0.4355753,0.12162267,0.088842586,0.5555823,1.1084716,0.3690173,1.6143261,1.6088278,0.21254033,0.9311369,1.1030301,0.009612218,0.7955056,0.7197913,0.583138,0.100819655,1.7282945,0.63267905,0.2543251,0.93371814,1.0033376,0.42615414,4.0805354,0.26699603,0.55232745,1.7072779,0.7545111,0.050532106,0.42865402,1.1878972,0.45908368,0.41179407,0.5040225,0.4569572,0.4418492,0.94339275,0.2325411,1.698438,2.47648,0.075017795,0.75030285,0.15424302,5.165259,0.26773787,0.40743402,1.2532781,0.32794762,1.5591538,0.6255723,0.1191641,0.17645738,0.8944296,0.08215729,0.56293243,0.46696642,1.3842101,0.23930919,0.73049194,0.029943855,0.2523258,0.56158876,0.30593222,0.13033974,0.59684676,1.6457802,0.7738943,0.5350017,0.6899062,0.17758772,0.68631274,1.6011441,0.7216431,1.4215475,0.19229288,0.5126979,0.75145924,1.1141882,0.2652077,0.2685998,1.7767559,0.80931014,0.68915534,0.32460356,1.1125106,1.146063,0.01898096,0.17615128,0.25426632,0.11523409,0.30988082,0.24418172,0.7961642,2.166259,1.2511128,1.0385331,1.9108139,0.24882966,0.9159717,0.643973,0.3591019,0.35566297,0.4333053,0.818435,2.2823715,0.48462337,0.71836454,0.8979337,0.25353932,0.6380257,0.8742273,0.8698126,0.3508469,0.5847504,0.49603012,0.58119005,0.5793498,0.29311574,2.3179996,0.25924513,0.0114787035,1.0921766,0.07479157,1.239822,0.8060789,0.5204578,0.21403857,0.12603387,0.055939674,1.284782,0.12188954,0.88271713,0.056015108,1.1003298,0.69676244,0.39575288,0.088439316,1.0090064,1.3702754,0.80926543,1.4597021,1.3902949,0.3987129,0.6503331,0.3199357,0.23591734,2.740804,0.8865185,0.90795195,0.25380602,0.6130213,0.05516964,0.20394549,0.41225067,0.9619902,0.3233068,0.17539437,0.7616357,0.61395174,1.2250719,0.41691732,0.02512529,0.14876886,0.08599977,0.13528119,1.0516816,1.2703995,1.5905892,1.2675463,0.6808772,0.1739659,0.20378889,0.2296636,0.36698076,0.22733404,0.6991389,0.5369676,0.0017846371,0.17075102,0.025203167,0.27302882,0.89271647,0.065782644,0.7177717,0.3761135,0.29036024,0.32977396,0.05678149,0.34181562,0.82909703,0.1375501,0.72635037,0.17680207,0.0,0.07702585,0.22600119,0.024971962,0.115255915,0.09330585,0.1843538,0.066120364,1.0474347,0.32981825,1.214995,2.1576378,1.6744899,0.13729581,0.6858715,0.13795102,0.1308827,0.6187923,1.5779108,0.7050949,1.4428507,0.3754995,0.4376563,1.9335344,0.116533354,0.20560397,0.34089032,0.25288534,0.0,0.44694003,0.6879866,0.75067025,1.0449132,0.18938176,0.46369544,1.3509717,0.5074484,2.2409081,1.2894825,0.24379879,0.5284763,0.20750001,0.5275242,0.2877791,0.011862163,1.034092,1.5738426,0.32236418,1.1064869,1.6283675,1.2781826,0.7361855,0.34231558,0.36513448,0.0,1.0398729,1.4283297,0.79989654,0.20883115,1.5727737,0.5309825,0.7884122,0.23360504,0.14523007,0.25519535,0.17586628,5.2651653,0.7539011,0.17676452,0.84017867,0.5222333,0.1377721,0.09732907,0.9821681,5.259256,0.23172247,0.38800797,0.028929532,0.6574744,0.32558575,0.5497416,0.013535829,0.2371596,1.3849056,0.01226965,0.09068303,0.82418597,0.43067223,1.099282,0.77510375,1.190553,2.1315382,3.713537,0.5659422,0.89966065,0.005584724,0.100555435,0.16612123,0.4882266,0.0572564,0.8950099,0.96856904,2.2604954,1.3885837,0.49793938,0.037153658,1.5080115,0.5718549,1.217716,0.07236112,0.800899,0.6473372,0.020188658,1.3049277,0.066176295,0.902134,1.9797368,0.11382539,0.8762579,1.086278,0.4670629,0.17125493,0.40460476,0.7061146,1.6134229,1.0781516,0.063420564,0.07033273,0.7233322,1.1233711,0.0058887764,0.6835607,0.36705908,0.27871004,1.0737367,1.3180807,1.435306,2.3231995,1.0302073,0.15508601,0.47615618,0.47427574,0.31615156,0.47753748,0.634347,0.5418161,3.2384057,0.5692876,2.588921,0.43305925,1.0449249,2.6636608,1.4686992,0.12761758,0.14120767,0.73543125,0.7679062,0.32976916,0.88997203,0.5459148,0.32495132,1.2644693,3.0512152,0.20107695,0.0,0.5477047,0.20168161,0.26371711,0.7968839,0.6689891,0.14939615,0.7162385,0.2219021,0.44060618,0.06742723,1.1561809,0.040477496,0.57870716,0.6170578,1.3006291,0.049736843,0.66901726,0.59960747,0.39753583,1.6976217,1.1957277,0.17449686,0.9123177,0.29115587,1.3253505,0.14523178,0.57074386,1.8001989,0.13478944,0.65781146,0.818837,0.5296565,2.314499,0.8299338,0.25322893,0.88285625,0.20141728,1.3536934,0.032120157,0.3955418,0.93047035,0.21694888,1.9365617,4.615159,0.9052979,1.2505714,1.3265985,0.9541297,1.4777079,1.841855,0.984813,1.2412949,0.97056454,1.0921152,0.98128164,0.14699192,0.3785719,0.7338621,0.59283394,1.285745,0.8916103,0.7015094,0.7493818,0.37758067,0.64486086,1.3469151,1.2988592,1.8205572,1.9169779,0.4665648,0.0031190624,0.69794756,0.15697175,0.5120502,0.38450152,1.7337972,0.3389852,0.09281295,2.6825736,0.61407757,0.32543683,0.011246345,0.20414375,1.1173705,0.47996077,0.566977,0.03611598,1.2471637,1.536901,0.73866904,0.28645414,0.039423272,0.017740013,0.14290306,0.0072358493,0.28758892,0.11084453,0.36668262,2.2143004,0.03706033,0.5254164,0.7683085,0.20241727,0.11182649,1.2948719,0.93556625,1.3692921,0.61401063,0.45167956,all_pothole_images\pothole_images_2_image_407.jpg
0.2568051,3.3720138,1.3038868,1.7434705,1.9032284,0.75257224,0.23381637,0.6701477,0.57398766,1.0886495,0.53886485,1.0751787,0.1302905,1.0230311,0.8633657,0.8879553,0.116058834,0.6563179,0.525798,0.6730095,0.05125912,2.5341854,2.092406,3.0232556,0.0868874,0.1477171,0.100818045,1.1455841,0.83637935,2.2903779,0.91308826,1.322549,1.708267,0.37331548,0.63666505,1.0944849,1.0269897,1.1753246,0.18525195,0.83470213,0.43723044,0.02665237,0.028149191,0.6507954,0.3907463,0.13885078,0.14002685,0.049969975,2.4616747,0.018956931,1.3826085,1.513797,1.437879,0.01020449,0.49207756,1.6535546,0.90567625,0.02509065,0.5863703,0.48045114,0.34530562,0.99663424,0.5041965,0.62612903,0.009705181,1.0018914,0.45735237,0.42064068,0.43438098,0.80020165,0.72039163,0.79652137,0.1399018,0.5024706,0.28487462,2.940125,0.31541747,1.0669931,0.008084078,0.12820783,0.87684274,0.2786772,0.22235069,2.3434207,0.49564314,0.8012559,0.32249224,0.06578965,2.9493208,0.55655843,0.07615821,0.91191226,0.68197733,0.6655208,0.33273137,0.64503276,0.6388138,0.82104445,0.024791045,0.21496801,0.3797612,1.6877983,0.5153412,0.63137424,1.6425923,0.59427255,0.8924294,0.09429184,0.6878661,0.85747653,0.080413245,2.1611288,1.6833642,0.68781793,0.7534533,1.7047629,0.85313743,0.23790571,0.36576262,1.0204775,0.6152432,0.42792347,0.17962563,0.7235772,1.7763461,0.8256158,1.3526608,0.74020576,0.5469927,3.3552587,0.8833204,0.41622606,0.8573264,0.44973326,2.7622123,0.17966384,0.04655585,1.958803,1.8014675,0.6694182,0.90901774,0.0591707,0.77833927,3.1130395,0.5236667,0.7436496,0.33194086,1.2255775,0.4310028,1.1362605,0.948447,2.1101453,0.34771556,1.2049191,1.0779057,1.4805895,0.9874782,0.50608367,0.0579384,0.25500634,2.460657,2.0271556,0.64023626,1.5499687,1.7386745,0.34650555,0.04422506,0.3370197,1.1847452,0.09828072,0.9213171,0.061651897,1.1920738,0.3986214,1.6109391,0.10602565,3.4826663,0.0,0.026787225,1.3152477,0.010829284,1.335369,1.7080956,1.1212444,3.4823747,0.483796,0.32361838,1.1574279,0.18392785,0.8282331,1.295007,1.9281887,0.05134192,2.1477306,0.35172138,0.5468255,0.1383653,1.7342433,1.0978969,0.22309752,0.24656436,1.010258,1.3804053,0.42909753,1.558043,0.9272375,0.03513405,0.25140017,1.4950085,0.5344651,0.6406709,1.101798,1.4824167,1.3933032,0.33224136,0.07446621,1.0744019,0.80262244,0.5495336,0.6579302,1.689862,0.7268807,1.017011,1.1773112,0.1066914,0.44248104,1.5231048,0.0380177,0.20633215,0.1404485,0.04731803,0.38291973,0.030136006,0.78241706,0.43999177,0.17842597,0.09725873,0.0032381995,0.18442847,0.95966166,0.8276233,1.1184524,1.2544546,0.6278673,0.24048217,0.49934712,0.40766957,0.3676476,2.1116421,3.649867,1.6185477,0.035722747,0.3828898,0.49559233,0.057773992,0.25189498,1.3194315,0.32724202,1.1969109,1.9435018,1.7451879,0.23036969,0.14888261,0.25673428,0.59894115,1.0599651,0.08131817,0.38578394,0.8782217,0.2282498,0.075037315,0.07867567,1.8970319,2.0269969,0.76786983,1.9061671,0.04622148,0.35296676,0.41167352,0.75680596,0.11875094,0.42097896,0.21756896,0.59734154,1.6492126,0.20515877,0.6382826,2.3959496,0.3231546,0.36669827,0.42211574,1.3062721,0.59540164,1.3934052,1.4168268,1.3231475,1.1639634,1.4757327,0.3877818,0.4177787,0.03189078,1.0565083,0.5061768,1.2843772,1.9624977,0.40622857,0.5750207,0.21475379,0.99174637,0.5825992,0.52687895,1.24688,5.358605,1.2445235,0.058246426,0.8402739,0.0,0.15240997,1.0643051,0.24793383,0.29864603,0.08545507,1.2008357,0.92499244,0.5358719,0.09214072,0.8448891,0.64989245,2.1535285,0.0,3.377521,0.25621733,0.08935869,0.7181788,1.1284621,0.47647157,0.78127795,1.1095923,0.24641651,0.14217532,2.6080601,1.9228674,0.3923236,0.26686162,0.3097904,0.8805266,0.2548785,0.23841356,1.0780919,1.6832485,0.021087458,0.5916176,0.2603908,0.14562471,0.69824296,0.64828473,0.562008,0.61137164,0.64616144,0.5214456,0.32850125,0.19905125,1.4875556,1.7640347,0.030232916,0.6991519,0.8412333,0.848754,0.16993484,0.5533093,1.0428222,0.2592203,0.33622745,1.510169,1.0239112,0.35936978,0.10427505,0.3057303,1.6854026,2.931554,0.23559394,0.69586945,1.7371578,0.6690916,3.7322829,0.30204096,1.4150336,5.281942,0.68007034,2.315647,1.0666682,1.3846728,0.16437197,0.71905947,0.78682685,0.14774857,0.27398148,1.2362858,0.1277356,0.42418253,3.0890772,1.4043952,0.51735866,1.1743937,0.0,0.3102154,0.63604414,0.071987525,1.4173492,0.110849924,1.0188,0.45190316,1.2922626,0.7105935,0.28357804,0.7649399,0.13990599,1.2417017,0.08528838,1.170336,1.1529268,0.3602945,1.2668334,1.6709819,1.8373592,3.0550356,0.8237859,1.4718413,1.1009792,1.9123145,0.7588522,0.3481213,1.1158545,0.6965636,0.09885643,2.9579086,2.2171237,0.26580855,1.9836222,0.2010593,0.12664464,1.6055778,1.2405477,1.0508714,0.20313165,0.9894089,1.2094594,0.79862136,0.4939844,1.0822204,0.2442238,0.114135265,1.0602024,2.7212849,0.9616502,0.99087185,2.3028471,0.5117882,0.09028055,0.5901826,0.40258694,0.33169147,1.985054,0.21231952,1.3984513,1.4761508,0.4864585,0.52806586,0.4336846,2.1545186,1.4108644,0.4509083,0.98048025,0.119610995,2.0404165,0.032996736,2.4519413,0.557729,1.2998582,0.4436622,1.1652979,1.5778096,0.5782778,1.1680626,0.0,0.7450959,2.2005823,0.14088173,0.565869,0.102945685,0.2312211,2.2656536,0.213486,0.089670435,0.14350487,0.13796784,0.15205078,0.09463174,2.1746252,0.033884984,1.3232987,2.3524761,0.71837986,0.7154691,0.99198955,0.6112279,0.115310796,0.95306766,3.6117742,0.5131529,0.87787414,1.1999849,all_pothole_images\pothole_images_2_image_408.jpg
0.8119988,2.3897064,0.3626592,1.2871438,0.19596042,0.64726764,0.49445224,0.073510766,0.50234056,0.7097865,0.981469,0.05292729,0.10966114,1.8502331,0.5297476,0.18177815,0.25575835,0.6952007,0.7997008,0.28033093,0.85843056,2.4656162,0.9348708,1.0970143,0.042284396,0.79142994,1.0790015,0.55557865,0.1043026,0.23252627,0.8700916,0.07655001,0.38628337,0.7139504,0.48834273,0.9617009,0.1320865,0.6533681,0.2659224,0.52107847,0.52797437,0.018692432,0.6091945,1.7052155,0.93264997,0.19010559,0.07321255,0.38362688,1.1522253,0.47811374,0.7690769,0.44380835,0.60304433,1.4309359,0.32076216,0.45283166,0.2613415,0.056165043,1.2287881,0.32645422,0.29389492,1.6581234,1.702262,0.94868815,0.5857635,0.6895528,0.96264595,0.82455146,0.37478682,0.24374498,0.10194486,1.1878039,0.30907342,0.18826647,0.4714114,1.6319357,0.5137589,0.7400453,0.0087994095,0.076588996,1.1614304,0.02431585,1.1341648,0.13412955,1.1055261,0.7218076,0.09454199,0.29573566,3.42206,0.0071524936,0.3440979,0.8752483,0.4465953,0.28944278,0.6338437,0.30473107,0.48402107,1.2224479,0.4959515,0.28369763,0.058070492,0.52199537,0.26715264,0.91266865,0.11673422,0.49381283,0.0,0.2604184,0.22322452,0.009024853,0.31982306,3.476773,0.50371045,0.5215792,0.7154008,0.66434526,0.68922937,0.07766445,1.322765,1.3916215,1.0026461,1.1250358,0.562314,1.1135,0.00429946,0.58214647,0.29545653,0.6296121,0.35508633,1.0481699,0.60524505,0.06311798,0.34747922,0.42683607,0.15633176,0.25356284,0.15252091,0.022251552,1.1761812,0.39493385,1.1689149,0.5421023,0.14092323,1.4394702,0.47990772,0.6117442,0.96642333,0.2572185,0.5227122,1.168235,0.37412786,1.0798053,0.0383785,0.026288154,1.4785222,0.751975,0.32792547,0.42596588,1.3320136,0.3807385,1.2238891,0.7710052,0.15206978,0.7804334,0.26528206,0.7326572,0.8730935,0.66436076,0.60085386,0.4086408,0.51246256,0.13849747,0.52671534,0.8108083,0.77168936,0.8889342,0.6522321,0.06445075,0.5875422,0.37510177,0.70087165,2.8332207,0.688701,0.80649114,0.40996858,0.8388612,0.5875414,0.34806278,0.85270244,0.43412742,0.05936712,0.8052517,0.32456473,0.5183959,0.53966457,0.049410176,1.0797288,1.0750548,0.58188313,0.9282131,0.20620635,0.5743152,0.2699567,0.09088831,0.39783102,0.115608156,0.76523334,0.61558056,1.1924677,0.13052449,0.236812,0.21245085,0.929688,2.6015096,0.3162149,0.83364236,0.75566834,0.40800875,1.7824525,0.30662006,0.49641922,0.10120935,0.7840175,0.9812281,0.51043946,1.0426742,1.0725936,0.36487147,0.85719603,1.1649063,0.7939393,0.67069197,0.19136456,0.5798057,0.76319414,0.047551494,0.4408915,1.4326993,0.0,0.10244536,0.019519936,0.48186857,0.12900844,0.14073044,0.026015205,0.25415412,1.3654053,0.057651788,0.81887215,4.306962,2.0864832,0.21474071,0.256236,0.38158625,0.22917616,3.1573927,0.88693655,0.5706386,0.9463353,1.3237846,0.707637,0.5410855,1.2317626,0.88992035,0.67630464,0.55672926,0.23770647,1.4284964,0.42285964,1.0469803,0.23453525,0.67593837,0.10210756,0.98387593,0.27403286,0.800324,1.516307,0.25985658,0.40754583,0.28504923,0.51015425,0.34702918,0.46585187,0.0867902,0.8936716,0.5116658,0.15077813,0.7901681,1.2632413,0.06420409,0.06670618,1.3729047,0.1820239,0.13714835,0.21879293,0.12712389,0.66046685,2.1211672,0.25409627,1.5910543,0.07415871,0.18972944,0.5036154,0.6232728,4.954962,0.81178063,0.0,0.7546076,0.39690098,0.19907963,0.3814814,1.2685816,2.5596316,0.850835,0.109854266,0.057459965,0.62193257,0.5623772,1.8473411,0.21258979,0.767035,0.12572779,0.07170947,0.1658354,0.644293,1.2005814,0.40553924,0.48671192,1.4304358,1.0560178,1.231044,0.2735849,0.0020847581,0.33255392,0.065284856,0.83649117,1.6221645,0.7852517,0.14274909,0.092330076,1.51521,0.31833622,0.9995174,0.9016247,1.4015833,0.89673394,0.20058778,0.29773024,0.5819244,1.1649778,0.86924547,0.5319295,0.5380745,0.070390716,0.40394112,0.38104177,1.206694,0.42319322,0.42585373,0.20496204,0.5736073,0.22196433,0.15746039,0.86404246,0.06996073,0.5622577,0.43903923,0.34266856,0.726259,0.59400433,0.45684525,1.2792808,1.6526109,0.25232288,0.78933924,0.24313186,0.28456017,0.061072133,0.2216384,1.9880587,0.9398659,0.2772314,0.7472548,1.2338134,2.6596146,1.6480641,1.7149405,0.63583565,3.3009374,1.4484637,1.6634502,1.4134073,0.999792,1.4698975,0.050305802,0.07627564,0.26492816,1.4388745,0.46827945,0.31939474,1.5241864,0.33698058,0.28674605,0.83513874,0.1764741,0.42027375,1.273175,0.64389175,0.12840112,0.086321674,0.6715144,0.8976848,0.6465917,0.22115022,0.39163837,0.047702078,0.8219677,0.9516735,0.022629693,0.16528326,1.1083488,0.45206964,1.5432516,2.699299,2.121771,1.1171527,1.4918319,1.6908277,0.13358712,0.24444081,0.038732663,0.07548389,0.3457363,0.4133891,1.1880414,1.6245353,1.07104,0.7196404,0.08299233,0.17870766,1.399904,0.3894706,0.082597986,0.49102503,1.4930248,0.41241983,2.4144936,1.0238141,2.024486,1.520357,1.2203282,0.9614467,1.1843072,0.90961206,0.84306115,0.4970832,2.6404428,1.3462744,0.11471704,0.31454718,1.1847792,0.44374177,1.0748593,1.2014076,1.0108914,0.96521354,0.4693642,0.20425087,0.6113635,0.8734554,0.8963471,0.62713087,0.6807021,0.26109827,0.44587046,0.5746093,0.37586954,0.080699064,1.0332905,0.29619363,1.5887187,2.0392034,0.1494817,0.30081034,0.174166,0.3438106,1.0313379,0.73064256,1.56105,0.10356896,0.83267987,2.2613428,0.24165484,0.1919665,0.027404323,0.011089346,0.20056553,0.10339818,0.23557074,0.056779772,0.4509573,1.550496,0.7582744,0.5613617,1.4831846,0.461374,0.66608334,0.50657165,0.16015325,0.7601802,1.0843472,0.5738725,all_pothole_images\pothole_images_2_image_409.jpg
0.6209745,0.54204303,0.20822397,1.6098795,0.42956597,0.034521233,0.9255682,0.4889191,0.8543149,0.5651585,0.086730465,0.39583322,0.28354672,0.9738872,0.24029644,0.07834975,0.28969464,0.22008072,0.0,0.013216404,1.0334072,0.24981418,0.35707358,1.1708331,0.6591123,0.74190193,0.47567996,1.6491873,0.59297353,0.21558549,0.18206707,0.156163,0.46866888,1.0645593,0.30960652,0.38270357,0.043644063,0.5504301,0.19225328,0.0051039904,0.0,0.21433082,0.03974353,0.7302873,0.23174708,0.07167466,0.062011775,0.0040851156,0.24241126,1.212453,0.43693694,0.12591544,0.21187934,0.14798191,0.4327708,0.68960226,2.689852,0.2441734,0.65677184,0.11437713,0.0178036,0.75681335,0.23437959,0.3629538,0.79358625,0.52573323,0.5476897,0.0020800382,0.3161367,0.0041288896,0.1800456,0.013744935,0.56644934,0.2531297,0.15103506,0.04312269,0.029802745,0.20624912,0.0,0.0055404343,0.18653418,0.09784448,0.15403877,1.1897563,0.9069507,0.0143829025,0.070128895,0.76111287,0.8296868,0.14150599,0.56642336,0.28211597,0.007451473,0.513051,0.2750051,0.47635525,0.3722748,1.0949937,0.13062671,0.12366557,0.0015971105,1.9282709,0.31520256,0.6042585,0.9059326,0.62142456,0.3801992,0.30929947,0.27438214,0.20177162,0.27973607,0.15565951,0.30747437,1.234121,0.37891412,0.15193811,0.1603714,0.13274479,1.9674788,1.0496035,0.517934,0.73234534,0.11345165,0.84472746,0.3546187,0.08387222,0.045230646,0.46684697,0.9674619,0.18987478,0.6872949,0.32069674,0.12009345,0.088350974,0.057330217,0.013053677,0.0,0.6815885,0.05133618,0.15102707,0.21542847,0.38861278,0.91321135,0.4265843,0.018581394,0.6859278,0.08049815,0.6868652,0.042949777,0.12178813,0.2894668,0.3197998,0.09044068,0.08929607,1.8883138,0.7054459,0.9692653,0.2307571,2.1804566,0.35966688,2.2796726,1.3195201,0.14384735,0.2922283,0.44825655,0.013705191,0.56921345,0.07169443,1.3307642,0.40062603,0.0,0.08739657,0.113128506,0.07852611,0.26983762,0.85715127,0.47891465,0.04343024,0.2770568,0.02604121,0.558486,1.2967206,0.30054235,0.58697635,0.7255845,0.593272,0.13908257,0.22849496,0.97178495,0.51099217,0.033509858,0.36666238,0.8777504,1.8398957,0.0019821122,0.5464848,0.4808843,0.8892583,0.29816478,0.3197088,0.15447076,0.72039795,0.008813746,0.32294124,0.19388488,0.25780752,0.9936613,0.04738835,1.036852,1.8644212,0.06557376,0.015985455,0.475302,0.5844206,0.5530811,0.53808385,0.6040734,0.055129457,0.08531101,0.002027281,0.24721679,0.010630115,1.0760686,0.06820427,0.0,0.0004660378,1.7150159,0.048854336,0.5943076,0.05850384,0.1796355,0.038201068,0.1807477,1.2592372,0.056460563,0.026467104,1.1715037,0.56123275,0.012118731,0.4048762,0.29031408,0.0047690514,0.00010247113,0.3849957,0.06373448,0.002911241,1.0204536,0.38344935,0.70365804,3.6204696,2.598482,0.103800364,0.024442732,0.05477941,0.2518652,0.3343098,0.5920714,0.14503603,0.088762484,2.084208,0.4847367,0.021080421,0.56141955,0.15128319,0.08733855,0.2095192,0.4278289,0.7409702,0.6569118,0.26602527,0.33609375,0.09065111,0.74555266,0.20520116,0.015736762,0.41086483,0.623334,0.15433148,0.29667553,0.1339885,0.22701897,0.8482911,0.1699369,0.81480634,0.052067585,0.23351575,0.56696737,0.1371673,0.28787076,0.042854276,0.10816638,0.06622771,0.10001619,0.68150824,0.17507741,0.6335408,0.44701976,0.23125313,0.049645968,1.6592282,0.4425457,0.1521625,0.019708302,0.06892129,2.0940769,0.25199974,0.0,0.008453197,0.13928667,0.0,0.6988365,0.74481404,0.86695284,1.2850189,0.32871836,0.07840307,0.05158696,0.7746234,2.5165539,0.03511454,0.7312519,0.0,0.010064614,0.40695357,0.1128606,0.711019,0.81166446,0.029340522,0.32334974,0.01266186,0.38429222,0.03162041,0.0,0.0072394093,0.046224758,0.055006035,2.8268201,0.06672907,0.66601235,0.6417606,0.75105673,0.5185829,1.9154948,1.115792,0.7847354,0.021690102,0.0,0.70674443,0.059847206,0.23629992,0.18924755,0.5939092,0.052849725,0.3433737,0.5839636,0.36911383,0.21047309,0.41572952,0.3097886,0.31421602,1.1465758,0.40418318,0.16676167,0.049754165,0.0029849054,0.099838264,0.67944026,0.13513361,0.46825224,0.41541255,0.39235854,0.37786576,1.061219,0.21788165,0.7478963,0.56751025,0.38097474,0.0033496472,0.18692572,1.3840628,0.22695938,0.0016183779,0.5183449,0.1314694,2.7451935,0.8039177,0.8116461,0.046267316,0.0,0.5309101,0.0,0.33792597,0.08895312,1.7483364,0.00020561137,0.3417538,0.4470373,0.7222042,0.679262,0.43892726,0.0,1.1985701,0.28637943,0.025318664,0.08879027,0.021679139,0.29535997,0.06675415,0.1176084,0.28839663,0.54593533,0.347596,0.15720205,0.091001615,0.09106709,0.39028218,1.3096644,0.5599244,0.7533429,0.0,0.09584844,0.26043555,0.033563428,2.3617153,1.4328017,0.19297704,2.4803162,0.16560167,0.059776943,0.97495234,0.16798185,0.60368586,0.18573391,0.0,0.13228571,0.47368526,0.08404247,0.41450313,0.08207211,0.10921857,0.79328185,0.25188425,0.013171102,0.51478475,0.4077328,0.101842664,0.2729668,0.34325898,1.7229947,1.1316813,1.5542766,0.3684075,0.26255864,0.3615417,0.5039678,0.42326495,0.36985186,0.04894204,0.5928698,0.8155586,1.9332546,0.91831946,0.4440673,0.25599375,0.99360985,0.07677334,0.024119483,0.0,0.2366525,0.109072395,0.41913125,0.13957849,0.0,0.23831259,0.6597453,0.40667897,0.0717801,1.0760047,0.0127710365,0.09808073,0.9857025,0.9647559,0.9331498,0.35605633,0.24059458,0.07562386,0.5513,0.092119,1.3523382,0.0,0.31323826,0.5948926,0.0070279865,0.024715213,0.18670432,0.012640852,0.007358153,0.029377336,0.21908094,0.11938343,0.2387789,3.6965587,0.27092066,0.22954006,0.009028657,1.0559121,0.39049125,0.8603519,0.035357386,0.8773871,0.7293335,0.088287316,all_pothole_images\pothole_images_2_image_41.jpg
1.0515761,2.3363662,0.4913489,1.58725,0.20053726,0.55599695,0.4267871,0.0,0.4260262,0.32835987,0.5768593,0.29218233,0.5857836,1.9451327,0.3223131,0.19529755,0.47113258,0.18920273,0.45003498,0.605393,0.44666055,1.293514,0.32127482,1.8681235,0.83544695,0.32196665,0.9105696,1.6360395,0.26924148,1.3997836,1.1814679,0.093515456,0.65278137,0.33505645,1.7163752,0.03468903,0.5205215,0.76221794,0.041066665,0.6008191,0.004922243,0.1906261,0.0831782,1.6587305,0.7156754,0.022055302,0.07403548,0.36728048,0.06955197,0.72728354,0.44467193,0.5036154,1.0451399,0.15950999,0.4786946,1.777078,1.4818685,0.36702085,0.5839958,0.45720527,0.14756319,0.48317775,0.28288,0.09157417,0.4398767,1.3675468,0.5902627,0.4835113,1.3392209,0.66578966,0.49150848,1.1786543,0.7074767,0.24570778,0.16629004,1.1294404,0.31918696,0.59537655,0.032654643,0.382094,0.18327242,0.710407,0.06440968,1.6227257,0.73094237,0.8287728,0.15796709,0.5037944,3.6206982,0.21296377,0.5586735,0.1585139,0.5846332,1.2056402,0.10637242,0.20273739,0.34624824,0.83142376,1.0162755,0.583431,0.0378405,0.7264768,0.13239023,1.162214,0.5435664,0.50539756,0.24242814,0.10552462,0.012833179,0.8253765,0.048476227,2.1757383,0.4693452,0.63873684,0.49250185,1.1688812,1.768892,0.046467874,0.33154476,0.1964556,1.225842,0.6303526,0.6306079,0.7221948,0.9313289,0.7595272,0.2162811,0.5877434,0.41077453,0.2626404,1.2824506,0.34446746,0.63222957,0.113792084,0.12929791,0.40268642,0.30205327,0.5117275,0.92674536,0.4181978,0.16084954,1.4540534,0.19516014,0.83099645,0.018687498,0.80490935,0.43723705,0.012376564,0.7946946,0.96928304,0.23924531,0.8406574,0.021093719,0.30744365,0.72095615,0.27476406,0.47937077,0.11585684,0.8390646,0.89569056,1.7888193,0.539529,0.12020935,1.3928418,0.23630606,0.47362697,1.1384182,0.0,0.28681841,0.92281044,0.024018165,0.009872497,0.31016672,0.9334547,1.006065,0.22013576,0.93069386,0.103308395,0.06526391,0.604813,0.34227788,2.2341943,1.4667324,1.5173573,0.9172213,1.1235362,0.025991423,0.02532073,0.8376888,0.9206937,0.8841024,1.7259026,0.20209803,1.5618968,0.013896938,0.117962845,0.49618652,0.923644,0.20794322,0.78197044,0.19311304,0.7480312,0.028081149,0.5936028,1.1058518,0.6358593,0.7988933,0.2601988,0.39255688,0.006368894,0.23754428,0.3958669,1.1244017,0.24555162,1.1626674,0.7870175,0.53163177,0.5762288,0.34632266,0.10103274,0.785507,0.11208582,1.4431353,0.89488715,0.818537,0.6406396,0.73995054,0.4721305,1.8119118,0.007317168,0.20541446,0.45592442,0.7447403,0.7322891,1.6084713,0.7687262,1.2343394,0.099951476,0.015785323,0.0015669982,0.04246224,0.62027204,0.142708,0.09289008,0.22246967,0.1626423,0.8878803,0.23603778,0.3898771,3.7273796,0.518999,0.22746906,0.7915151,0.48982447,0.31348866,0.0,0.9943615,1.1714604,0.54561794,0.747609,0.4835376,0.24787568,1.0313289,0.039875273,0.39200896,0.39309552,1.1032765,0.6329945,0.8219821,0.58875793,0.5775473,0.0,0.02928947,0.122982286,0.44349277,0.76751405,0.6706885,0.1310804,0.8065592,0.88894373,0.5135463,0.18812124,0.98764396,0.19712356,1.351517,0.615334,0.2674256,1.3921117,0.5954245,0.6802172,0.5528025,0.18679456,0.5050172,0.54017,0.26880446,0.33655903,1.545342,0.49334368,0.4109188,2.0430338,0.15164708,1.0505582,0.14103104,0.9793065,4.0022697,0.38576332,0.00862844,1.0891806,0.63417,0.0061814077,0.5550213,0.026752703,2.6178079,1.0923156,0.14973581,0.56097764,0.42836633,0.70411086,2.3550165,0.45701128,0.21858649,0.25788504,0.042431455,0.31579006,0.74088854,0.48026264,0.50979686,0.71272486,1.1513419,0.57803434,2.8266318,0.1341888,0.19234551,0.46841004,0.94492555,0.32518864,1.4333955,0.7915291,0.20144977,0.3703498,1.2785718,0.5862348,0.6912879,0.590772,0.3013586,0.81852674,0.18951046,0.45277295,0.016855322,0.5312119,9.389033e-05,0.8300528,0.9881783,0.60836995,0.15323173,0.3031347,0.5780993,0.9127706,0.061719578,1.1397182,0.07623704,0.077400886,0.10186059,0.44355035,0.0,0.5288131,0.6400081,0.11447518,0.48301366,0.17864078,1.3590785,0.919437,0.47755978,0.03724947,0.91668934,0.69415516,0.0046910234,0.45776984,0.43164152,0.39849854,0.35760885,0.5767134,0.2463919,1.6435653,2.6267567,1.8093507,1.0879589,0.7041385,0.21677138,2.7404966,1.3679422,1.1079328,0.16056602,0.18071455,0.030287845,0.26814672,1.2447714,0.2937721,0.45884266,0.0240304,2.5637527,0.52336234,0.46500006,0.9369273,0.24242607,0.3755367,0.25096107,0.806049,0.053991087,0.40379706,0.080647714,0.3403335,0.4669589,0.6906451,0.062457833,0.46945032,0.85419774,0.52997345,1.0393614,0.06800664,0.8797847,0.28725442,1.1863111,1.8246887,0.51723653,0.41401157,1.1463621,0.8612248,0.33939132,0.30212128,0.017975917,0.7478814,1.4836447,0.43048546,0.034554057,3.3110852,0.44074872,0.62948865,0.24866602,0.18104222,0.9010791,0.0225161,0.23747377,0.4218138,0.3835057,0.06502174,0.84933585,0.967552,0.5679886,0.3098914,1.5365062,0.3738975,1.3379203,0.6947183,0.07015069,0.4027193,0.40081456,0.55415535,0.08385046,1.0439947,1.3055658,0.115669735,0.22631353,0.22838098,1.0377929,0.33851206,0.75466615,0.21253271,0.35353056,2.038571,1.1549908,0.71295047,0.1657514,0.12596877,0.40479273,0.2493999,0.2460517,1.0290481,0.56999075,0.48860556,0.89227945,1.6784319,0.74986094,1.0611513,0.007612298,0.66900986,0.51832765,0.57935023,0.64169663,0.0331058,0.8179146,0.9527736,0.31394988,0.05568405,0.1601244,0.19040515,1.2137468,0.011310617,0.22704871,0.19957729,0.40557143,3.197737,0.6354094,0.83989745,0.18926881,0.5506947,0.31298962,0.55466115,0.69023347,0.440241,0.03588975,0.13366632,all_pothole_images\pothole_images_2_image_410.jpg
0.93222696,2.6283407,1.5095332,0.50651574,0.2338576,0.31888595,0.05079462,1.2125674,2.672527,0.6867654,0.9798171,1.8255291,1.2774647,0.3822585,0.6372929,1.5898,1.0454903,0.23098598,0.2622006,0.121151865,0.2253451,0.18621273,0.4526895,3.2268271,0.27376968,0.17315121,0.06952795,0.9797488,0.10397504,1.4776272,2.6495793,0.7578782,0.8411443,0.7709305,1.3708456,0.0060872245,1.5355281,0.22739632,0.65764415,0.20582472,0.32923773,0.5334875,0.66397387,0.10353142,1.365141,2.5533493,0.14150235,2.384403,0.14816234,1.342006,1.4634839,0.45486972,0.45437917,0.15524971,0.3627794,0.5959879,0.57839686,1.2874497,1.5392919,0.6043147,0.5556165,0.05760836,1.4594128,1.2995946,1.1044303,1.502351,0.68516445,0.19992684,0.79577845,0.3722728,0.734662,0.42451772,0.48648807,0.5354657,1.2122911,0.059718393,0.30247998,2.3161924,0.14911234,0.079226285,0.55672175,4.1565003,1.7004706,1.1867658,0.82288337,2.5657725,0.11229757,0.008962687,2.5915248,1.3733723,0.6641424,0.63844043,0.99870306,0.28231204,0.33544743,0.5167375,5.7626524,0.8752111,0.0,0.9932963,0.10625713,2.0007937,0.77133787,2.665598,0.69600075,0.046141878,0.83991253,3.2218952,0.5581353,0.552522,1.664527,0.60166806,1.7520851,0.43354237,0.58763325,0.6664247,2.490944,0.45257038,0.5340239,0.075669385,0.70675224,0.04216601,1.0131862,0.29248524,0.62872756,3.013372,0.6960599,0.24347052,0.9590373,0.550437,0.5471476,0.38063344,0.16148084,0.7170508,0.748007,2.3367767,0.8100363,0.4789312,1.2080892,0.6944836,0.5219556,0.4211927,0.90244526,1.5266616,1.4593649,0.6855527,0.12326604,0.2670732,0.3108762,0.45959035,0.7012762,0.66331506,2.9061882,1.7369254,0.05651957,0.91425806,0.15098229,0.26604545,0.2521625,1.063121,1.5119482,4.3126726,0.35398117,0.6026498,0.09626466,0.6859203,0.9828536,0.18772903,0.14818086,0.567085,0.17967454,0.48095003,0.4607693,0.23029596,0.048723776,2.5059829,1.4960008,0.22725222,0.16698729,0.97479206,0.14992847,0.052612886,0.7313512,1.0048845,1.4619391,0.41313377,0.013568183,0.887302,0.50948477,1.3067636,0.58631575,0.0,3.6851046,0.05711925,0.7709254,0.6504014,1.4332175,1.9517101,1.0477984,0.5217796,2.6231506,0.33646154,0.9301722,0.061611418,1.0686108,0.935608,0.23979358,0.5809278,0.27129647,0.45515487,0.52319866,0.10820882,0.056709625,0.4574465,1.170793,0.14188176,0.37696964,1.389819,1.1402811,2.139879,0.86907744,1.5719075,0.2752448,1.2559626,0.18725173,1.3992577,2.9153242,0.7680757,0.3879158,1.0694865,0.34413147,0.34328985,2.423459,0.11256759,0.07381476,0.43684044,2.2783594,0.9995538,1.0967582,0.5197215,0.42640495,1.7233186,2.6303318,0.010691302,0.2476615,0.37653744,1.1525588,1.0222842,0.014829855,0.0,0.38415864,1.2547772,0.23142023,0.6736716,0.8100699,0.27762514,0.5073218,0.9222261,0.57811236,0.47865537,2.3241785,0.37433186,0.5658533,0.5293777,1.0314653,0.8927002,0.034281746,0.5512703,1.6445187,0.88398296,0.7183295,0.0066934773,2.4262838,0.5870612,0.18026914,0.6850917,3.0354223,2.3127596,0.08908663,2.62329,0.37510446,1.259198,1.9070861,2.1523075,0.31969583,0.23896131,0.066566706,2.6031027,0.5260995,1.5816164,2.4934354,1.1129675,0.31630298,0.34834015,0.8979581,0.05829087,0.29734203,0.8574298,0.42130485,0.462652,0.41885167,0.22531085,0.3006128,1.3422993,0.54604286,0.030019954,0.10684328,1.6397467,0.5510631,1.5101541,0.0074791284,2.7921705,1.7437706,0.056736786,0.22018582,1.0593339,0.015091791,0.21213773,0.34944457,0.7606593,0.5416625,0.2553302,0.5149829,0.16728416,1.8712862,0.22942881,1.3034711,0.24097623,0.45613012,0.8644524,3.2399623,0.93215346,0.007479829,0.30931544,0.25087157,0.48751926,0.6967245,0.0,1.295524,0.10024796,0.77283055,0.8617921,0.31976855,0.8959427,0.1280198,1.346493,1.0359894,0.2504559,2.0591786,0.86374414,0.11730996,0.20482448,0.70744336,0.22259836,0.5365907,0.19142707,0.19106916,1.530951,0.17703879,0.16261847,0.26087022,1.1150771,0.37799707,0.5331998,0.28892308,0.31107974,0.004952288,2.3025904,0.9802199,0.0225896,0.12617436,0.044353966,0.3141204,1.3513744,1.3987103,2.1213183,0.4577189,3.359716,1.8129514,0.23630324,0.35349125,1.8740932,0.37333646,0.13517976,1.5561444,2.4562051,0.5502164,0.30339256,0.0016728878,0.93456805,0.52568233,1.1386094,0.56810075,0.5596395,2.1911604,1.5230819,0.122829355,0.70899415,0.06128439,2.8403163,1.2537411,0.012684019,0.42003125,0.86295205,1.0894557,1.2536272,2.6054544,0.2751788,1.6096518,1.4747874,0.2888091,0.5706716,0.35037255,0.009448206,0.5507793,2.3338847,0.034895696,0.013155711,1.376591,0.8154354,0.053168617,0.0,0.56310666,0.14195004,1.1176053,0.22804171,1.9353569,0.6782374,2.0078745,0.23419096,0.8653192,1.3324603,1.0401148,0.1411349,1.5035756,0.16258115,0.2711934,3.0290284,1.4888155,1.8699694,1.6192443,3.0026186,0.35675704,2.5372186,0.062081337,1.7269489,3.345211,0.59757745,1.0962096,0.060202822,0.43833,0.41490594,0.7907187,0.5425309,0.9079564,0.1265418,1.0728269,0.6926482,2.1408715,0.6834265,0.059268314,2.6051888,1.0799508,0.018383069,0.34462503,1.6824465,0.02635588,0.3118268,2.571247,0.68002826,0.29825106,0.5928671,0.80083185,0.034114983,0.2437994,0.19772872,0.5794685,0.024006328,2.1128824,1.8251742,1.147639,0.85145915,0.40164176,0.8298279,1.402701,1.0279838,0.69507587,1.4641057,2.2163415,0.08637718,0.029144943,1.1678023,0.62881404,2.3495624,1.7845701,0.42864078,0.7012863,0.3691537,1.5430889,2.0186489,0.124029584,1.3686254,0.9233925,0.8067738,0.38616705,1.3362862,1.6854385,1.4754125,2.1146977,0.71624285,1.332922,0.52892715,all_pothole_images\pothole_images_2_image_411.jpg
0.7873723,0.13667001,0.030828748,2.65323,0.062107153,0.3286736,1.9407268,0.030987712,2.351652,0.4734458,0.39345846,0.73168945,0.42726,0.9803126,0.23101422,1.3522357,0.0575224,4.245059,2.633115,0.6923636,0.9652655,0.73666817,0.1346257,0.20486319,0.94240475,0.044750433,0.8924291,0.7588943,0.2316494,0.7789944,0.008992803,0.63464147,0.48810655,1.5719362,0.01838142,1.1784376,0.00082475797,0.18461183,0.77752715,0.0,0.015912954,0.35789707,0.0,1.9315137,0.10093393,0.26595628,0.44815242,0.2664313,0.07852957,2.084704,0.56808764,1.6028918,0.696256,0.11421056,1.8282243,1.5344814,0.11977009,0.6469849,0.51391345,0.15306555,2.2168252,0.9951701,0.015025651,0.68821406,0.479002,2.4190004,1.8834186,0.32245594,0.23283915,1.4154439,0.0005297314,0.33655408,0.22511859,0.15183523,1.4248977,0.08875217,0.8870028,0.69537413,0.023639917,0.8069202,0.09264822,0.076763056,0.28533837,0.19861856,0.5071452,0.19162458,0.50535893,0.014859364,1.6919556,0.27708673,1.6275823,0.6733336,0.007944554,0.07750116,0.57592505,0.26972616,0.89882845,2.282928,0.0035634732,0.22114901,0.06028328,1.5377095,0.4433772,0.010571531,0.5488933,0.4437503,0.38906664,0.08863465,0.0032326768,0.60507095,0.32145113,0.22619408,0.103238665,0.4703701,0.1260424,0.0139735835,0.24002637,0.868144,2.6376367,0.25949204,0.5525362,0.0954987,1.1601458,0.6601093,1.6031231,0.4059134,1.1202972,0.1876591,0.43972206,0.23281366,0.15287901,0.2521238,0.26308432,0.16418365,0.16587251,1.4574606,0.5670331,0.2936501,0.90145355,0.073521055,1.2155886,0.0386344,0.28863612,0.039190426,0.7944021,0.43779808,0.37368685,0.34771264,0.009366247,0.38614947,0.29513183,0.9891317,0.0,0.7741286,0.67819834,0.7898125,0.8598146,0.022398004,1.4600799,1.4960155,0.5827544,2.8523371,0.10729737,0.4103976,0.2813042,0.37503177,0.30235636,0.024389092,0.720264,4.0568843,1.4999218,0.16233078,0.011968857,0.25488225,0.48308286,0.18589687,0.02824607,0.0,1.0970426,1.0525472,0.2559234,1.6202022,1.3073506,1.4135772,0.9884749,3.1336212,1.5154533,0.35575718,1.8998108,2.1094718,0.035293218,0.2927224,0.11289841,0.09687364,0.4904265,0.3060753,2.1089096,0.36592996,0.2521689,1.6463684,0.113034576,0.8118005,0.5966717,0.23088004,0.19889693,0.15988922,0.31650174,0.016130634,1.070992,1.4129112,0.124449156,0.20406313,1.3442878,0.014367022,1.063773,2.1882274,0.97411996,0.13563757,0.096269876,0.12557425,0.20411372,0.3344684,1.0855862,0.028194612,0.009506918,0.0,0.57200724,0.5997257,1.5673809,0.35426107,0.12205542,0.16983333,0.14085832,0.6983627,0.1018583,0.02462577,0.45632184,0.19163875,0.12418906,0.0850682,0.07364502,0.016092474,0.008141062,0.03320122,0.053720616,0.16176108,0.03304267,0.10314351,4.1127615,3.22049,2.036787,0.14203075,0.019108225,0.06808476,0.20619966,0.77034605,0.01416638,1.8848045,0.69549716,1.0568867,0.118006974,0.11450768,0.3827042,0.21096817,0.25463963,0.34702036,0.439727,0.35278738,0.5231316,0.86311847,0.6318818,0.07240155,0.21294157,1.0714867,0.4885241,2.890157,0.59227496,0.14254443,0.89973134,0.029678985,0.024017042,0.2355191,0.29410386,0.43947133,0.28728572,1.0956662,0.79914963,0.029017935,0.12452501,0.0067597474,0.0051238514,0.568397,0.04733839,0.27062213,0.29178455,0.056741145,0.0039984584,0.18591811,0.6738455,1.8646607,0.6500593,1.0541804,0.7901414,0.07927066,1.5899369,0.018694574,1.3625519,0.40201855,0.6967191,1.1471395,1.1888796,1.0673645,1.2307701,1.7072763,0.4793097,0.23801367,1.2524761,0.65930265,4.9790974,0.010725296,0.15209438,0.32344437,0.24175186,0.5076432,0.13172361,0.08694907,0.047780212,1.3281496e-05,0.8610919,0.24160898,0.72308,0.81100696,0.9135775,0.5353734,0.46725786,0.024695238,2.3744044,0.44827983,0.40115297,1.7842155,0.0,0.060685426,1.838491,1.656125,1.166172,0.26867783,0.51110226,0.55791354,0.0573733,0.12647034,0.2351203,0.8615828,0.1488515,0.08846003,0.02234095,1.0299921,0.11668044,0.84334654,1.368979,1.6267071,1.2197026,2.0265055,1.2797713,2.384399,0.29161525,0.15983112,0.14770727,0.22477017,0.0,1.5370206,1.4394721,2.8719664,1.7245607,1.4956995,0.09527016,1.436828,0.0076204007,0.23967536,0.7914542,0.6020637,0.58741045,0.34333897,0.037134644,2.0304189,0.022245772,0.55100745,0.73819077,0.026813127,0.019444883,0.31528363,0.51891005,0.094658576,0.29624125,0.4143034,0.005931137,0.030321669,0.18588914,0.073880225,1.0051746,0.06354614,0.17496212,0.6585783,0.014276021,0.7134333,0.7237265,0.0033981893,1.2920069,0.2743356,0.7964946,0.50157666,0.7888914,0.16280468,0.11738447,0.1948053,0.23672538,0.08960814,1.3929567,0.037738536,0.7007424,0.36412495,1.6766323,1.2603706,0.04237713,0.42435557,1.682154,1.0200173,0.46291134,0.6680501,0.0,0.6774161,0.2287863,0.043236826,0.5324108,1.2363062,0.18423711,0.6647846,1.2814422,0.3440725,0.0,0.03238268,0.60629296,0.5058536,0.010988942,0.015819116,0.10131222,0.25327292,0.31476358,0.6033919,0.25815102,1.155735,5.365862,0.22431241,0.5583225,0.030610556,1.0037057,1.4633168,0.29345754,0.09646067,0.0,1.2142599,1.6427385,0.06990916,0.6327845,0.28038716,0.056802068,0.61503994,0.46950164,0.060005154,0.07955031,0.25362566,0.055527627,1.5831887,0.08584388,0.22173433,0.39763305,1.0267916,0.22077833,0.43033016,0.0006855493,0.00060105714,0.047392096,1.2856727,0.32423136,0.47909957,0.33965486,0.0047036638,0.29902518,0.17640133,1.3204709,0.24308251,0.25481892,2.1735814,0.025088023,1.3602177,0.0,0.0,0.13642727,0.09657949,0.0,0.0021267675,0.8291492,0.95069796,1.1230674,1.2566996,1.343694,2.2269514,1.1694106,0.7760419,0.09736636,0.08030284,0.008055615,0.8657412,all_pothole_images\pothole_images_2_image_412.jpg
0.507158,1.6582068,1.3560208,1.1814448,1.1763606,0.44590536,0.27138022,0.30824003,0.53252256,0.8487493,0.39442387,0.55764395,0.7521518,0.86929345,0.05219309,0.74086,0.0067501278,0.2526221,0.17020056,0.13542688,0.52328324,2.6475658,1.1235303,1.0118133,0.025480399,1.4280005,0.72717214,1.5409259,0.54887664,0.68844885,1.3692241,0.2329564,0.9967019,0.79997617,0.31058285,0.31369227,0.23024052,0.6449924,0.12658039,0.77714044,1.5587542,0.07456283,0.41966617,2.3011045,0.450159,0.68824255,0.38118875,0.53194577,0.98434764,0.20611362,0.36094734,0.13367324,0.7357308,0.98975503,0.19444379,0.21975982,0.8556333,0.012630668,0.9287575,1.0651871,0.9915729,1.1754667,1.2495155,1.2007015,0.43352625,0.49962163,0.57771075,0.3350135,0.61515135,0.87173647,0.3459562,1.2919543,0.12831323,0.009563725,0.37477335,0.5785979,0.3239768,0.07676779,0.01870112,0.73918927,0.9152902,1.3092461,0.12027165,1.218187,0.3024173,0.5829156,0.3916552,0.64514655,1.9008937,0.13792744,0.7667269,0.5342992,0.06369208,0.24502762,0.1996087,0.65554416,1.0987324,0.8233382,0.17578357,2.0489826,0.11366625,1.6932161,0.093021855,0.45987865,0.02664363,0.65489054,0.5709952,0.14296895,0.45460245,1.1079392,0.6700631,2.2687995,0.14073136,0.3772297,0.21914022,1.4031398,1.6203227,1.639816,2.6259086,0.9167994,0.7693416,0.6327106,1.8099294,0.4901533,0.22263171,1.3075389,0.11529642,0.35084063,0.32315186,0.8162088,1.0658371,0.10294038,0.3399374,0.08024878,0.1448766,0.43020403,0.30936158,0.09804379,1.7471808,0.7414697,0.98499554,0.009347557,0.2135003,3.0239756,1.090883,0.43177432,0.5083503,0.15824611,1.3291296,1.1799723,0.32498327,0.57663155,0.32873216,0.4030995,0.5750695,0.5448782,0.3825478,0.9755964,1.12606,1.3169786,1.0036417,0.4145942,0.0058674533,1.2792119,0.4743869,0.41006672,0.17455177,0.7131485,0.37958476,0.27432966,0.102049045,0.09065708,0.00023206616,0.9447188,1.0245725,0.00092944154,1.8326304,0.002747063,0.33668151,0.43584093,0.60820526,1.5200182,1.6943471,1.4410491,0.55377555,1.109985,0.5123571,0.679652,0.18818209,1.134509,0.15274763,0.14472912,0.399732,1.0072479,0.045387913,0.46826684,0.19215696,1.1427383,0.4495718,0.7150197,0.26958725,0.45229295,2.2078424,0.08755439,1.5430956,0.21938041,0.14183657,0.7402167,0.22807631,0.14185017,0.27654412,0.55685186,1.5014085,1.6919845,0.1347829,0.23817459,0.12933148,0.21254624,1.1311299,0.84028095,2.0567882,1.107726,0.7230352,1.2711278,0.5529821,0.92640686,2.3992128,0.973171,0.26174712,0.56107986,1.0077723,0.8648575,1.0853411,0.16498162,1.6622702,0.33239153,0.8103518,1.4629189,0.042985294,0.10864422,0.19674167,0.15632074,0.2556738,0.24582924,0.10828659,0.040283147,0.69194156,0.09378215,1.060102,2.0714812,2.2465518,0.0041507394,0.41021565,1.2024324,0.11994614,1.2568814,1.3772888,0.4375233,1.4204229,0.97671384,1.8189112,1.141237,0.6103603,0.9746292,0.16385822,1.2797045,0.108613975,0.16395311,0.5945319,2.389082,0.14481968,0.031668782,0.01963992,0.1554719,0.5804785,1.4664139,1.0932286,2.1299033,1.2564721,0.68081456,0.16989543,0.15831727,0.031286843,0.27284598,0.87647074,0.5012493,0.58988404,2.667364,1.3323323,0.034271024,0.5129585,0.37160036,0.5130395,0.9276919,1.2101829,0.05008821,1.1100837,2.0377843,0.6867504,0.14930578,0.109833494,0.35749924,0.6848389,0.73973083,3.5093627,0.47049797,0.039702736,0.99042356,0.18134513,0.13231681,0.45964363,1.7769498,2.1846428,0.2872048,0.5861138,0.34717357,0.18412265,0.1297692,1.5648035,0.81887954,0.10957921,0.3437934,0.009928886,0.3505102,0.63787264,0.23919463,0.42468214,1.2319885,0.5952579,2.7352095,1.4966733,0.407082,0.30642304,1.0774068,0.39487475,0.15556246,1.1713274,1.3055613,0.2989316,0.12405513,0.46734735,1.0715933,1.8002955,0.75497526,0.9900757,0.03143394,0.0,0.40920988,1.214705,0.2521413,0.26879835,0.39635614,0.37827736,0.08260876,0.7511777,0.12415259,0.73847485,0.64012927,0.30800673,0.13837108,0.07975169,0.073152125,0.6612687,0.07837453,0.2752845,0.01330419,0.90813684,3.1487625,0.44812134,0.5616854,1.35179,0.8315473,1.4155401,0.6316237,1.1095685,0.98046315,0.91671276,1.3369267,1.0015382,0.80800116,0.44237328,0.19226111,0.9978157,1.4678596,2.692505,1.047058,3.151453,0.02863797,0.29390588,2.374303,1.5908403,0.9569851,0.18028568,0.33634853,0.93758655,0.2574154,0.7796468,0.1676511,0.62908614,0.44597796,5.1238146,0.028465202,0.46719608,1.0178782,0.05320759,0.07427832,0.6528066,0.41478375,0.811269,0.025989031,0.01666081,0.8726302,0.91182834,0.78255165,0.2020073,0.005042761,0.2296743,0.9690737,0.060674325,0.9980429,1.0375849,0.23134126,0.32465953,1.0900238,0.4665084,2.3845558,0.16127239,1.087107,0.7975396,0.9695593,0.101035915,0.5032623,0.3274344,0.8648697,1.233835,2.5682287,1.112804,1.5812525,0.37396666,0.83873886,1.412849,0.29729038,0.061322268,0.7616356,0.8039129,0.37531078,1.7803868,0.1226629,0.18471348,0.3415827,0.25520098,1.8008324,0.18800786,0.18412402,0.92235994,0.37195975,1.4412287,0.8067793,0.40710744,0.54418373,0.8009296,1.1596547,1.229947,0.6298523,0.6945497,1.0803237,0.07116909,0.23014784,1.4316297,1.675079,0.5785826,1.6709785,1.4577764,0.114124276,0.15050633,0.051767953,0.627973,0.091960944,1.8390418,0.027780343,0.93864083,3.4894097,0.21919324,1.0569239,0.12582298,0.52091765,1.623077,0.87505907,1.2714057,0.0,0.65609413,1.0236452,0.71727735,0.06931064,0.73840624,0.048213203,0.10953254,0.41243857,0.04867823,0.32282272,1.4434093,1.8399736,1.024623,1.1458124,0.25954765,0.36212972,0.5892077,0.4307581,0.1985795,1.229745,0.28524107,0.37408996,all_pothole_images\pothole_images_2_image_413.jpg
0.7286486,1.5728958,0.40743157,2.144471,0.16604795,0.32077795,1.2179797,0.4558375,0.39255401,0.64643323,0.5818208,1.1560559,0.82039094,2.1342642,0.37184554,0.64128906,0.50414616,2.5068002,1.0076784,0.19965419,1.2174832,0.8940322,0.85975355,0.10244202,2.0620725,0.30062008,0.93436384,2.9005563,0.36301187,0.37240973,1.2174026,0.06017318,0.7418061,0.0050910045,0.60843444,2.3780327,0.027745198,0.8650869,0.9133229,0.40287846,0.0041670557,1.5125138,0.07723824,0.5629416,0.21010768,0.11153844,0.677638,0.7200836,0.01346074,0.123027995,0.08483974,0.2513233,0.7974031,0.24838527,0.043704372,2.70339,0.6324609,0.035574645,0.5718262,0.3117412,1.001224,0.30794105,0.891969,0.3196596,1.200792,2.5070748,0.24361967,0.103359476,0.036579594,2.3510487,0.4035142,0.10322788,0.18839222,0.20848167,0.009827404,0.031849287,0.53795576,0.3067221,0.25305945,0.17242116,0.670426,0.0009213157,1.9898825,0.74353975,0.11723976,0.06097198,0.15755497,0.006973392,0.6960625,0.014968775,0.10756138,0.80323035,0.084284686,0.20981127,0.41642752,0.37267467,1.0310898,0.72625995,0.6128086,0.3329514,0.27494088,3.2286956,0.62764966,0.15510751,0.6708539,0.03427955,0.17072088,0.6617148,0.38994715,0.26574215,2.3573315,0.459283,3.2049572,0.30713195,0.8043015,0.22088772,0.050872292,0.085745215,0.3171837,0.51839685,1.5036002,0.013759238,1.2752177,1.8742981,0.6773006,0.76828635,3.8763266,0.7750276,1.6767386,0.35331306,0.97165966,0.41572022,0.0,0.22172117,0.52480376,1.7701883,2.3323221,0.058448143,0.41147417,0.2555846,2.725176,0.088165075,1.1778661,0.87204725,0.14242108,3.0050285,0.004791703,0.24133587,0.29685482,0.07169988,0.966582,1.166868,0.049176376,0.06957597,0.30451488,0.1483436,0.8993886,0.12235103,0.8642021,0.5370146,0.72197753,1.5964825,0.054988608,1.8111364,1.108243,2.1259642,2.487024,1.9974678,1.9721035,2.0363631,0.72466785,0.24909833,0.008557303,2.7069972,0.42328367,0.1944499,0.5869841,1.0240933,0.52269375,0.50106275,0.044459764,0.7135194,1.8775282,0.13255827,2.9954803,0.04740941,0.9675615,0.8481468,0.076217785,1.4451609,1.381692,0.4769408,0.11888068,1.9939466,1.3497548,0.021869041,0.27650216,1.5741593,0.10752574,1.2878838,0.2341736,0.6408891,0.449256,1.8306854,0.14788605,0.018304659,1.0079193,0.7340107,1.310452,0.91360384,0.0,1.1987152,0.559974,0.029946195,1.9470694,1.6134613,0.6145173,0.86215657,0.47048646,0.45466727,4.124186,0.25864753,0.5382568,0.107658714,0.0051451344,0.17911783,1.8479495,1.895755,1.0000626,0.8932266,0.5417756,2.514959,0.26292938,0.36789286,0.26576027,0.007583803,0.5014202,0.62982416,1.1494507,0.35331833,0.060958337,0.022035662,0.9818419,0.120206945,0.96351963,2.4171748,0.32899576,0.4662578,1.1214005,7.331945,1.7432724,0.365659,0.052840352,0.5778652,0.020072203,0.40682057,1.34168,0.41623622,1.0132676,2.6337268,0.09765723,0.11215585,1.603032,0.07971754,0.08541824,0.6782147,1.2504749,1.3144028,3.1320226,1.0094742,0.26824677,1.1731064,0.404488,0.07740928,1.2591997,0.66893184,0.013937624,0.36595985,0.60860825,0.48332196,1.5104207,0.05036351,0.52281094,1.296054,0.40949658,0.47430933,0.47735462,0.074355185,3.693087,0.17907867,0.005459382,0.73012984,0.2739287,1.1822492,0.23590481,0.755845,0.16257384,0.6156929,0.2236281,2.2175808,0.057611857,0.4955063,1.2753716,0.019560194,3.953577,0.01685006,2.1528406,0.113375,0.113281764,1.0224543,0.70918155,0.52040046,2.0507002,1.477705,2.0841124,2.209111,0.4211839,2.460331,2.9386525,0.4670639,0.07846233,0.05630983,0.6946,1.257915,0.9401343,0.061315387,0.16002744,0.0035932884,1.2075623,0.19395503,2.8953943,0.2307019,0.37025744,0.9447027,0.03896225,0.0,1.8989507,0.58271754,0.9280613,0.27811435,0.083507776,0.21780823,1.2765238,0.95187914,0.60072017,1.296612,0.43284914,0.3249862,1.1808286,0.49591756,3.2057984,0.119094245,0.28396955,0.82282084,0.16704941,0.06283661,0.12396804,1.3275422,0.037175566,0.09276341,1.5171229,1.0204924,2.3094182,1.5034221,0.006349319,0.0029904197,0.99751765,0.008305339,0.14083508,0.6442655,0.2003405,0.04063998,0.41001806,0.1278712,0.081871964,0.40758708,0.014638791,0.8243394,0.5977534,0.33030373,1.2684717,0.30148935,0.218953,1.1619883,1.4503764,0.32552955,3.315711,0.16532058,0.09978143,0.59486103,0.95101786,0.3289538,0.064863175,0.18159792,0.053187165,0.9287622,0.16048191,0.48077574,0.01107403,1.1737688,0.2771042,0.7164749,0.83817136,0.7157762,2.3342566,0.024348157,1.0140845,0.9923163,0.14021476,0.5610982,2.9731817,0.6318357,0.080792904,2.9196827,0.90437394,1.3177271,0.6879174,1.3026748,1.1992388,0.78851354,4.1435523,0.033282597,0.9836983,0.86354125,1.8478832,0.24343672,0.40592974,1.7657082,1.3710065,0.1258081,0.5762495,0.44450727,0.003419897,0.3939329,0.15342335,0.9997944,0.08742424,0.7413903,0.17000332,1.4825022,0.34372297,2.0143788,0.2849278,0.042047538,0.12880734,0.017452776,0.38688514,2.0308363,0.4353151,1.6151774,1.8525764,0.14280747,0.8080536,0.20758268,0.2333551,0.926487,1.5751426,0.15346105,0.15669319,0.12453166,2.7573154,0.060034342,0.20902596,0.28163815,0.40576148,0.4884213,0.010110518,0.0,0.11641996,1.2820585,1.6923312,0.81995344,0.11705686,0.89606184,0.44697252,0.01546341,0.85074764,0.75780827,1.1813941,0.08224326,0.14636509,0.42694548,0.90459424,1.8012016,0.0,0.50277543,0.34992933,0.019362878,0.5133293,0.330901,0.19943304,1.1922327,0.24855903,0.8642954,0.0,0.426848,0.12374675,0.028262692,0.3577407,0.3220142,1.1118703,1.3778338,0.1652493,1.5039235,1.975053,1.1120101,1.2357388,0.46474394,0.54169005,0.1900937,0.07073682,0.74713576,all_pothole_images\pothole_images_2_image_414.jpg
0.9787913,0.3308831,0.05229304,1.676947,0.90151805,0.12205365,0.6542741,0.05415159,0.24581861,0.48612753,0.15435171,0.33076045,0.3041309,1.3604896,0.15187167,0.1264619,0.15760525,1.2080859,2.256516,0.29731542,0.7336217,1.6657143,0.020180807,0.34715736,1.1746966,0.5829679,0.6231387,1.9970406,0.39991713,0.034131285,0.45183104,1.3915089,1.2877718,0.56256753,0.2936254,2.8783054,0.22131401,1.4283565,0.4090711,0.43490744,0.0,0.2482097,0.0018894067,3.4089203,0.1892479,1.4832697,0.35334918,0.0517115,0.8582686,2.5712442,1.2034715,0.12243539,0.6118657,0.19210897,0.1422347,1.6742468,0.8328423,0.050585113,0.73213685,0.011378576,1.1817391,0.06274271,0.24285433,0.016762773,0.5441195,1.2542938,0.1880394,0.54761916,0.5463123,0.13070548,0.09792712,0.09459035,0.086119965,0.9918615,0.26339898,0.33888802,0.03948576,0.95173424,0.08780384,0.27629027,0.079749756,0.0028414638,0.5858025,0.07827201,0.73661804,0.07447642,0.09588926,0.07888989,2.1098094,0.6463848,0.20893824,0.4456075,0.013391924,0.0,0.0,0.11559997,1.1518079,1.8267891,0.2850342,0.37627092,0.007321199,1.6073344,0.6849508,0.014134407,0.90641874,0.49081486,0.3134534,1.3835919,0.15952316,0.09342044,0.11085473,1.6012259,0.3180213,1.2764527,1.3287787,0.4812176,1.3686442,0.21554899,3.0202942,1.1001501,2.1993191,0.033868972,0.06703447,1.636667,0.07557027,0.70098954,0.654542,1.6954031,1.2657855,0.061970916,0.27354866,0.025566412,0.2544033,0.2906699,0.0,0.0959769,0.17834519,0.88791484,0.58066136,0.010326319,0.58337665,0.0,0.45995477,0.6384421,0.06605016,1.1066685,0.40478694,0.9965465,0.25927,0.19436124,0.8932182,0.543471,0.0222372,0.006873087,2.5518422,1.0816566,2.2466857,0.010090661,1.1487591,0.7646696,0.5076872,1.6016176,0.04159114,2.825066,0.0017810157,0.11166067,0.12276936,0.08497332,0.8788404,1.7662191,0.011050682,0.03697878,0.005190994,0.38586786,0.81131107,0.21138534,0.16193052,0.103444494,0.4164148,0.09234239,0.0,1.7381619,1.7827029,2.0551605,0.72010523,1.8868271,1.0297626,0.68154514,1.0852948,0.5332258,0.009507732,0.36277622,0.009272424,1.1693338,0.022722736,0.43150583,1.7090658,0.067248985,0.61756796,0.1466617,0.19073509,2.1950018,0.6163801,1.247627,1.2942004,0.4039073,1.151373,0.4237622,0.7275643,0.010894442,0.10315008,0.118327014,0.964959,1.2514734,2.0745065,2.6544693,0.7842309,0.14500242,0.81431913,0.009870542,0.59590954,0.4143134,0.2550626,0.35165304,0.008272987,0.42432752,0.34499896,1.0561035,0.35988623,1.3180664,0.0,0.05399293,0.58105344,0.30732954,0.17686102,0.07361378,2.9843698,0.0001964599,0.00025163422,0.4362933,0.1800135,0.21429548,0.004124951,0.016014611,0.28698543,0.69825387,1.0409318,0.26313952,1.0203645,4.1647696,2.4060235,0.18769373,0.24937205,1.0136659,0.15382253,2.217071,1.6809511,0.43415102,0.6015728,1.8167008,0.0012022202,0.15792604,1.1448311,1.133189,0.9608275,0.34286326,0.08623641,0.67294484,0.34139735,0.37301654,0.0,0.015415495,0.13993505,2.1943176,0.5965325,0.59670126,0.31831577,0.09931555,0.7518698,0.57031274,0.38380477,0.106713496,0.7246954,0.024848979,0.23712152,0.24714442,1.0765293,0.12942797,1.5686748,0.03661219,0.8560095,0.12729913,0.4634599,0.67372054,0.09098454,0.0021671501,0.09182658,2.4002516,0.37686047,0.7215631,0.67825025,1.8052642,0.27848902,0.79034793,5.102652,0.6781456,0.039355166,0.38739944,0.042152062,1.2180668,1.525723,1.2488214,1.9045553,1.7222098,0.7930757,1.1084658,0.0,1.2213044,1.9545665,0.1854866,0.89678174,0.0,0.5719933,0.43206647,0.24909914,0.07118468,0.49461558,0.0011471306,0.78423905,0.00858522,1.026622,0.26075888,0.19512877,0.0,0.015582882,0.8080064,0.24143969,0.12454231,0.40009472,0.5984477,1.0150571,0.17279626,0.65960807,0.29073173,1.041838,0.10381598,0.19676565,0.027630037,0.36905685,1.1273144,1.2794577,1.034671,0.13045862,0.055284325,0.11159866,0.28234574,0.49633336,0.29883537,1.3136562,1.1365881,0.420062,0.9518336,1.7706012,0.67207485,0.22429137,0.3844799,1.3600594,0.08929683,0.09912975,0.5824791,1.6082337,0.098280594,1.1951723,0.1371156,0.2543373,0.23174737,0.9603874,0.34648913,0.12615897,0.09277112,1.4045544,0.0,0.10311419,0.77956647,1.8783998,1.5716319,1.2854741,0.15301879,0.77503574,0.31518865,1.0957341,0.47766322,1.3563181,0.019380486,0.01814929,0.0056609847,2.2075188,0.22830057,0.12532222,0.022050707,3.048028,1.5233818,0.094013445,0.7413471,0.42777666,0.02977194,0.12871547,1.3682861,0.53957963,0.08728957,2.5369217,1.8617641,0.14528972,0.84508365,0.018255087,0.42775795,0.52141374,0.3713477,0.09508021,0.15016893,3.2479696,0.25463885,1.3184537,3.207365,4.021442,0.10910607,0.90248543,1.6899786,0.22901301,0.9044943,0.34762132,0.32018325,1.1782619,0.7123808,0.541726,2.3475857,0.43494126,0.42209524,0.043578394,0.24634534,0.27535626,0.346378,0.95948476,0.3138779,0.4508704,0.021182887,1.6323284,0.08611625,0.20115836,1.0418533,2.8988373,0.24542595,0.013019334,0.8440062,0.4618676,0.97006935,0.61395997,0.18568936,0.092253745,2.3829048,2.284958,0.2281999,2.9364252,0.023243811,0.71956664,0.17333388,0.3037864,0.018680884,0.9793354,0.84060895,0.2270943,0.4665339,0.0,0.37367725,0.46423703,0.23288693,0.25879517,2.1922224,0.32417795,0.0,0.32275537,3.0099664,0.14861695,0.004103733,0.0,0.17770661,0.23512138,0.5130316,0.49779865,0.004931551,0.3422892,0.42720973,0.47486624,0.30818126,0.0,0.0016832525,8.9937384e-05,0.00625561,0.7566511,0.33091703,0.49511367,5.838907,0.26208204,0.26242447,1.3461739,0.56518734,0.10512856,0.44345257,0.121452264,0.14529872,0.26858646,1.3669149,all_pothole_images\pothole_images_2_image_415.jpg
0.8125988,0.0458797,0.53140163,1.1126359,0.30083135,0.2722379,0.9221396,0.30028152,1.2011772,1.2626653,0.03969924,1.1258569,0.49738798,1.8838254,0.33464953,1.2488179,0.44742575,0.4629322,1.5951723,1.6653781,0.8824093,1.2675061,0.3187718,1.641031,1.1115465,0.9905593,0.23935859,0.9214133,0.54831576,0.023692569,0.30910277,0.43978202,1.1951686,1.3532392,0.18012913,1.1252382,0.026890656,1.4285983,0.590858,0.08507545,0.49346364,0.00084701786,0.2663007,1.2884264,0.786356,0.5721904,0.013374736,0.3082869,1.313977,2.0485213,0.508233,0.23266865,1.5216969,0.17099234,0.715441,1.1062694,2.1331491,0.066381626,0.6780206,1.6228164,0.17983145,0.26442355,0.4194258,0.4712901,0.27497116,2.2719097,0.32727233,0.44876704,0.8429791,0.22306105,0.014319471,0.5011225,1.92624,0.18119395,1.9076072,1.877432,0.016864931,1.3028433,1.205948,0.3067784,0.07297031,0.41213435,0.5060651,0.8285762,0.8668838,0.3442556,0.016649142,0.6618896,1.4783384,0.6929197,1.3469957,0.17764309,0.026617298,0.3854943,0.71851736,0.001302528,0.86661917,1.6623507,0.40244463,0.13774797,0.11488861,2.4820786,1.0564446,0.09164881,1.0296851,0.6678684,0.4732982,0.79156554,0.96432656,0.104346216,0.0,3.3265798,0.2534365,0.5928144,0.09290372,0.1137595,1.9698895,0.83062494,3.8836997,2.3595347,1.9183238,0.9264118,0.75947523,0.8789556,0.6253806,0.43426335,0.20611674,0.9501419,0.65017927,0.007949677,0.779744,0.00079901126,0.40387833,0.15115948,0.06659858,1.4559308,0.25171176,0.34405193,0.9085516,0.4133567,0.15564272,2.6611667,0.45208353,0.7415576,0.0712111,0.81077045,0.033277098,0.6399053,0.38567138,0.057920113,0.6530973,0.43099532,0.0072141993,0.18485878,1.8405831,0.8709793,0.21028048,0.5177121,0.30415204,0.21038604,1.200373,0.83839726,0.072450414,2.7446742,0.12647466,0.6724951,0.2378429,0.72234356,1.0776582,1.9462672,0.015769273,0.10730808,0.11925451,0.43705133,1.8593446,0.19523813,0.44675148,0.04472053,0.28489172,0.3491955,0.66570735,2.2609684,1.8173712,2.404827,1.2774031,0.9060328,0.4652909,1.4156872,2.6797378,0.9211282,0.334145,2.9320652,0.0,2.3264296,0.15827735,1.8352371,1.0118556,1.6292374,0.5766709,0.5529347,0.16713496,1.0347637,0.9427443,1.0359316,1.5496686,0.33426744,0.46243694,0.24297181,1.1364166,0.08384638,0.05806257,0.0024034868,0.42569965,0.95572346,1.1491177,1.2685018,0.010728904,0.101907745,1.0307449,0.3639549,0.07988785,0.8279392,0.12691647,1.9205332,0.20749864,0.47085157,2.787772,0.65804595,0.23213367,0.30929947,0.3540915,0.017955136,1.7919554,1.1054567,2.1359413,0.32140833,1.6447619,0.13515328,0.029570775,0.49692515,0.18014503,2.0584593,0.09008192,0.7226723,0.32713977,0.18805778,1.7186912,0.74258727,0.440231,2.2424936,3.148535,0.36186874,0.6111735,1.8083476,0.5036874,0.081993915,0.7041962,1.3859543,1.0578513,1.2457175,0.13491815,0.01301036,0.009616134,1.1497076,0.726811,0.9117623,0.65105563,0.09338608,0.375881,0.33051386,0.001668186,0.13568947,0.010917526,0.64162886,1.9741516,1.4544659,0.72554666,0.58779716,0.65564954,0.4829908,0.08927118,0.48316374,0.9462976,0.41978952,0.54041314,1.8103456,0.6346843,0.9535503,0.5127626,0.34580272,0.36368775,0.13650115,0.32797143,0.3434326,0.21757415,0.8256776,0.5558171,1.3523546,0.84637654,0.475291,0.5553642,1.1706299,0.46484455,0.8871614,3.8677852,0.042461902,0.382171,0.6061016,1.3685458,0.17861147,1.5232831,0.8757591,3.1242816,2.0348864,0.0018964952,1.7544409,0.050366733,0.3230737,1.9306986,0.5659807,1.1392207,1.0370038,1.2199659,0.16131093,2.3968165,0.33295122,0.09914176,0.692212,0.09650667,0.47495332,1.1452714,0.2639497,0.026124382,0.09667232,0.8215117,0.28823894,0.540611,0.5085065,0.3763472,0.059298884,1.1034945,0.12527716,2.0901382,0.32970372,1.2559588,0.531293,0.0,0.13418533,0.27992854,1.5902628,0.1805973,0.50912815,0.17685796,0.16916256,0.5472469,0.482817,0.04987755,0.3287057,1.6115006,0.31153688,0.40981674,0.25240058,0.26426,0.5496316,0.07997696,2.4015005,1.7184104,1.0264088,0.060395066,1.1117554,2.6795273,0.32306358,1.4618266,0.025291676,0.42983302,0.09737346,0.10915024,0.04503044,0.19911525,1.0208137,0.3904071,0.2175774,0.06577985,1.6994421,3.155598,0.80578566,0.11001219,0.12002131,0.07488591,0.42475128,0.5685773,3.4602437,1.5156425,0.17749235,0.041648086,0.27685553,1.587284,0.87662965,0.66543704,0.0022919744,3.0449555,1.6708198,0.5313029,0.17913976,0.040015515,0.5497027,0.40560132,0.15724304,0.04704541,0.036996435,0.099173546,1.2578471,0.6523846,0.6802992,0.0988205,0.11905259,0.31341314,0.68323314,0.3744164,0.5183203,1.5775797,1.0113906,0.14863163,2.3330963,1.3635302,0.41629043,0.65257055,1.053479,0.22397524,3.6756766,0.20158623,0.91256255,0.526145,0.64045715,0.4038775,3.9705048,1.2890362,1.2433808,0.23037085,0.89095086,0.13160262,0.65770286,0.43712404,0.6117033,0.38822052,0.20464385,0.56834185,1.331707,0.21874781,1.542477,1.6866796,0.28318983,0.24898028,1.997302,0.6636483,2.8111897,0.3310566,0.8163701,0.27565897,1.394012,1.1598645,0.51175106,1.3862189,0.35986856,0.8832326,0.7457766,0.543037,0.0004652536,0.45429754,0.3110422,1.788405,1.1143047,0.16018873,0.32533982,1.9755276,0.954063,0.5971783,2.3469365,1.43171,0.0058632907,0.66573596,4.949029,0.56409365,0.14200613,0.0020406693,1.6197581,0.659022,0.37391093,0.70378685,0.2858461,0.098898955,0.85427016,0.91662425,0.77251,0.43644395,0.2079414,1.4843837,0.46018583,1.3772669,0.6926852,0.2840918,4.4246516,1.4965693,0.2230624,0.66144645,0.82824224,0.28446478,0.49508113,0.974432,0.10576321,0.8139474,0.94738984,all_pothole_images\pothole_images_2_image_416.jpg
2.1939332,0.59281945,0.33765513,3.3608587,0.4109915,0.8788656,0.24734758,0.022161223,0.73574394,0.8752533,0.2523846,0.22901236,0.26439813,0.511824,0.75556487,1.2790661,0.19782938,0.15333411,1.0610236,0.022786032,0.7969273,2.2240849,1.8352301,0.5540673,0.67745954,0.8973732,0.005511551,1.2277954,0.5329649,0.10953142,0.82563376,0.7398988,0.40961623,0.78499895,0.7250687,2.061188,0.6671404,0.22604014,1.5695584,0.33633485,0.26320088,0.076662794,0.12736692,1.5424855,0.98264045,0.4053101,0.13358375,0.30104986,0.7193589,1.466349,0.7243864,0.08276317,0.7732318,0.06487074,0.21362707,1.7628171,0.6101059,0.07691729,0.87181306,0.13501027,0.06937267,0.035116587,0.0,1.283084,0.349771,0.6677582,1.1598552,0.727218,1.4095062,0.80258113,0.025479166,0.19977736,0.7824967,0.34240282,0.018045679,1.2921683,0.04506497,0.08061991,0.29391566,0.42745668,0.0012346786,0.6972194,0.6145035,0.7768271,1.4121563,0.5725563,0.080454454,0.43731767,1.9439521,0.8697948,1.7036312,0.010719864,0.025572961,0.5989963,0.43933594,0.017333943,1.9204344,0.4189059,0.1948774,0.43119425,0.298391,0.7189874,0.5680743,0.032397773,0.79724324,0.8037057,0.08324442,0.40263727,0.9051722,0.84588635,0.0,3.2391746,0.6364424,1.5200323,0.13132691,0.3286708,2.1165445,0.84938455,2.7335,2.203599,2.681107,0.7775732,0.26911962,0.9477857,0.05749598,2.1254108,0.37207076,1.0048796,0.68149835,0.046062,0.48049536,0.0,0.49574602,0.0,0.29309303,2.2781606,0.5883536,1.8633019,0.44075182,0.05183287,0.2584226,0.5488182,0.08139208,1.5137472,0.004465533,1.1015722,0.3882853,0.77507085,0.30144548,0.118948966,0.4916733,0.47433847,0.031218458,0.2137375,2.1102002,2.2128327,0.41098204,0.50262344,1.3694811,0.23965347,1.2641474,1.7202199,0.015444744,0.3775936,0.0,2.1654108,0.11030092,0.03121675,2.4292614,0.8594618,0.06496914,0.23952714,0.022619797,0.24758917,1.8952043,0.10397683,0.24584164,0.0,0.092755705,0.03171474,0.10703263,2.287819,1.2968112,1.816687,1.9652992,1.7219763,0.42210606,0.936906,2.0427024,1.5877639,0.110404246,1.3331814,0.061609507,0.63188463,1.672491,0.5703317,0.77291673,0.64840806,0.7075826,1.3110006,0.8101397,2.102514,1.4391124,1.354689,2.6785047,0.5088152,0.7389878,0.5846999,2.1469638,0.112613685,0.017475331,0.23313965,1.8680086,0.21762006,0.7670639,1.3979305,0.12220266,0.6715037,0.41441032,0.17644317,0.30039024,1.7284023,0.80858314,1.008287,0.14416291,0.3599545,3.1683137,0.17625074,0.9654847,0.5440483,0.20811361,0.2783402,1.0837551,0.7907941,1.6242678,0.20138247,1.7126368,0.13924074,0.41712508,0.21784365,0.2872891,1.3465853,0.09663332,0.10016245,0.27757907,0.05115443,0.7430772,0.38227385,0.4535285,5.511386,0.3520275,0.08136682,0.49894434,1.4110163,0.27186772,0.0,1.5820172,1.4244248,0.7617709,1.5694835,0.012435691,0.09280689,0.46115533,2.3208194,1.3852086,0.745341,0.21963969,0.99961954,1.023185,0.3059555,0.26328987,0.41083074,0.010866139,1.0852696,2.9088023,1.9440168,0.8524207,0.66830426,0.20421231,0.6266152,0.033512704,0.12816533,0.6962184,0.19168754,0.052325755,0.705949,0.3241673,0.5335048,0.11529115,0.7533341,0.90766203,0.09126519,0.067075096,1.134543,0.062107455,0.38567406,0.4089659,1.3460844,0.7859426,0.6354224,0.27308497,1.5983111,0.055931874,1.1717345,4.690393,0.39223576,0.40699506,1.0880798,0.0017814781,0.11210993,0.257126,0.6279588,3.2425206,1.0700347,0.36474577,0.6147587,0.024294458,0.7696972,2.5165894,0.17560595,0.83499485,0.0,0.34137613,0.03009752,0.45224947,0.122765236,0.51845956,1.0854695,0.8206169,0.047898322,3.2527983,0.03249618,0.11203067,0.19294178,0.09867423,0.36232695,1.0741669,0.09344057,0.044920046,0.15184501,0.47131887,0.63006765,4.3579884,0.43710506,0.35742098,1.0908579,0.046815492,0.3036372,0.5918791,1.5105715,0.7608996,0.7863155,0.14870822,0.06314915,0.0078003597,0.4828743,0.23090233,1.192932,1.0464473,1.6525922,0.0077580577,0.5567874,1.0489788,0.21707542,0.45742586,0.42911243,2.2207208,0.07685621,0.12302419,0.0,1.7210889,1.0795226,1.5325398,0.0,0.6755493,0.2936847,0.3788452,0.062169332,1.208462,0.19726093,0.6484118,0.045721725,0.07056206,1.9275382,3.6688287,1.1160748,0.53023803,0.031931706,0.17196383,0.9419673,0.8292538,2.4705455,0.31270543,0.65486676,0.069489844,0.24766096,0.3916358,1.4386299,0.5424263,0.20872499,4.5664325,1.0332788,0.5142822,0.040646404,0.3474204,0.16683178,0.7478546,0.409005,0.020337518,0.0027872517,0.8012052,0.51889503,0.53828377,1.3802149,0.036078915,0.17691651,0.21731532,0.0071735447,0.773282,0.1960232,1.427486,0.1607433,0.27554354,1.1266079,0.6265549,0.68284994,0.27345842,1.9463593,0.08778176,3.0914125,0.17520007,0.2793942,0.81220293,2.6944442,0.27326053,5.102355,1.9084562,0.8928587,0.06417995,1.7519215,0.36517474,0.61469764,0.32484668,0.92161167,0.6174661,0.037062954,0.0759209,0.7872953,0.20734571,0.87175125,1.1994854,1.3616999,1.188853,1.9176978,0.66285074,1.9497882,0.8822088,0.34752047,1.1462892,2.3613434,1.3927699,0.02280153,2.8942096,0.30547896,0.4399639,0.73634416,0.68416184,0.056883052,0.2340161,0.5060081,1.2571037,0.45868915,0.04917164,1.5414898,1.9123591,0.21372764,0.2979121,2.219918,0.9065099,0.7416602,0.06864863,4.794548,0.5993125,0.113420844,0.1539629,0.5411576,0.0052809785,0.20310277,1.9704531,0.081861794,0.390476,0.540863,0.04742894,0.46756455,0.5042931,0.003196544,0.41463858,0.41128132,0.19352336,0.08288831,0.33089042,4.997682,1.0335805,0.14137058,0.88263077,1.0790834,1.4564561,0.15318911,0.6175241,2.1019127,0.054354478,1.1530813,all_pothole_images\pothole_images_2_image_417.jpg
1.1053753,1.5092993,1.0452694,2.3102212,0.17806396,1.285498,0.053951584,0.052971043,0.016634887,0.58558637,0.10542944,0.20912485,0.7855461,1.2525022,0.0025027704,0.086524025,0.6632193,0.47019774,0.35043722,0.83910245,1.091033,2.4262557,0.119049616,0.8735251,1.2891177,0.31053185,0.17799136,2.1339788,0.12039488,1.984397,2.168912,0.20747858,0.19128954,0.21219705,0.45367178,0.28847983,0.50713587,0.88515764,0.5446137,0.11804722,0.0,0.015220337,0.8060966,0.88158697,1.0519313,0.21326475,0.02903673,0.36697748,0.104898624,0.2570145,0.70831794,0.30561498,3.3262284,0.30816254,0.0415328,1.1272321,1.6959335,0.57684016,0.53443646,0.015653878,0.045844924,0.5702949,1.2934572,0.7755329,0.16505079,0.7331485,0.31316182,0.0010872346,2.240243,0.1461203,1.535509,1.2253385,1.7966073,0.3147944,1.4791054,0.37932464,0.03779006,1.4992204,0.14577149,0.024779957,0.05804909,1.0076101,0.017438335,2.0006018,1.4986186,0.5569115,0.0616413,0.18110558,3.4497106,0.8940511,0.5251759,0.0,0.14246234,0.446691,0.29974526,0.0,0.77259636,0.07241872,0.28339106,0.17316362,0.11142805,1.0202168,0.37400943,0.0,0.9872697,0.0017134913,0.22031577,0.09780324,0.3063882,0.19238093,1.3049471,0.7494203,3.530415,0.10827624,0.38640687,0.9325524,1.0160404,0.12805827,0.18065394,0.18146028,0.5688691,1.3652282,0.90701586,0.25457466,0.6138516,1.393785,0.50513005,0.25257632,3.6579957,0.54743296,0.19718055,0.0,0.28331724,0.0,0.40973175,1.2729723,0.5806296,1.3707165,0.7676758,0.08966275,0.5818428,3.8704917,0.0066423803,0.70848244,0.21995787,1.0591706,0.0,1.2487288,0.42986915,1.0915893,0.4650583,0.4030525,0.28625497,0.032061152,0.90892994,0.1883636,0.207748,0.103519425,0.14432862,0.3692405,1.3914685,0.7059299,0.07304698,1.3164918,0.49815822,0.08515348,1.9894602,0.01492727,3.2318432,0.5800147,0.025393212,0.013362366,0.23275924,0.344265,0.6983348,0.32205573,1.1679133,0.008000502,0.30823413,0.13216336,0.6490397,0.66744155,1.9983938,1.3603914,2.9854288,0.19115625,0.08538461,0.35352135,0.41638112,0.14810155,0.268017,3.012286,0.023741301,2.7312298,0.04891406,0.18486649,0.24542685,0.37845385,0.9598216,0.9015415,0.453431,0.62329847,0.26750734,0.9813109,0.53294814,0.49018902,0.4419044,0.61266476,1.079764,0.23009288,0.017744133,0.0,1.352451,0.7190802,0.46514198,1.8872335,0.5834767,1.0693828,0.21478744,0.2781076,0.46201897,0.049020495,0.028495995,1.0311993,0.0,0.007272212,1.3208294,0.22008349,0.77928877,0.22597265,0.0,0.14681442,0.97227985,1.5011917,1.3559992,0.21014392,2.060837,0.0015211315,0.18633845,0.6902537,0.2580816,0.33050832,1.0874072,0.8454888,0.056211,0.03742113,1.9955145,0.21075556,0.26666066,4.163438,0.48993173,0.0,0.1512416,0.05693402,0.24138667,0.049169526,1.7515713,0.4157176,0.3540648,2.8258762,0.0070407214,1.5762217,0.9743864,0.0010882879,0.03132237,1.2042636,0.38442904,0.5763373,3.0026357,0.78779626,0.70546144,0.00547524,1.5937928,1.5229353,1.0799987,0.30346775,0.93293685,0.6629707,0.51487315,0.96695775,0.8153488,0.046324465,0.06584314,1.2087932,0.7315865,0.28879133,0.14441176,1.0960329,1.6583798,0.2041646,0.3347879,0.255499,0.34644273,0.97640115,0.75115407,0.5848898,0.11851723,0.24888998,0.5630133,0.91350234,0.20828389,0.05239345,0.05813979,0.0100193545,7.3246884,0.6358267,0.067119226,0.4331753,1.711165,0.05153905,0.08507726,1.2897799,3.3610291,0.35840982,0.23007694,0.7166308,0.19002654,3.540718,0.515212,0.44026494,0.0,0.44412905,0.39661407,0.4131044,0.31402713,0.90340906,1.7679567,0.005260429,0.09866355,0.03506178,5.4262776,0.111504145,0.6302832,0.06981848,2.0463526,0.35336602,2.2648664,0.6629151,0.48245272,0.10659479,0.7022151,1.8060697,1.5261286,0.5153142,1.1141133,0.69997257,0.5036591,0.11110136,1.2821904,0.2744572,0.07792299,1.2592471,1.0449196,0.52690685,0.06797638,0.0,0.094742656,1.1168431,0.2999806,0.9946951,0.0027316604,0.16966298,0.13891919,1.0412371,0.0062555177,0.25911516,1.3029386,1.0914251,0.059201997,1.0793278,0.50914794,0.42465937,0.23016581,0.0,0.85334116,0.36777756,1.0660028,0.0203955,2.483929,0.20082171,0.8182481,0.14492849,0.3815612,0.21782757,5.144517,1.5319285,0.7393711,0.46273702,0.15314502,1.4805875,0.09611332,2.1033795,0.5443644,0.54125476,0.0,0.8161167,0.09951342,0.14252931,0.09870323,0.035869997,0.1537658,1.1993256,0.7254433,0.5687521,0.48026332,0.9361281,0.38537863,0.182897,0.8727831,0.49376762,0.39814788,0.27780202,0.72744274,0.2907881,0.21437374,0.8121161,0.5261251,0.98407876,0.43228385,0.0,1.6272732,0.0,0.7634118,0.3144589,1.1015197,1.3467216,2.0322568,1.3761375,1.1247398,1.3376638,0.08060369,0.22651596,0.026175546,0.0017629067,0.11267191,4.60868,0.4551148,1.4434179,1.1116173,1.5667084,0.6906088,0.4447627,0.18606094,0.31184518,0.3001876,0.21912017,0.43946612,0.71074706,0.14345282,0.0703057,1.0541513,0.07147009,1.429352,0.42249107,1.5429755,1.0078855,0.43799338,0.6776259,0.36997122,0.5636779,0.8770228,0.07118489,0.52624834,0.03421715,0.9549347,0.8334232,0.003280629,0.008551097,0.8417431,0.88548744,0.8587248,0.0664393,0.88465536,0.30276462,0.44151554,0.0,0.3057026,0.6761376,0.31081596,1.7779675,0.08135598,2.0390582,2.0365124,0.30360228,0.27955785,0.0938643,0.75540143,0.0033522039,0.6972567,0.0,0.2108356,0.7397495,0.04510061,0.25862342,0.013390438,0.17877321,1.0498924,0.062104415,0.17490579,0.012549616,0.062881306,6.1445866,0.5883831,0.22340387,0.46503043,0.9962326,0.86492574,0.34208646,0.18006462,1.8249401,0.67405534,0.76327795,all_pothole_images\pothole_images_2_image_418.jpg
0.9830663,2.9829586,1.2371205,1.4476782,1.6933304,1.1722295,1.0222113,3.5205824,0.46703693,0.96799797,0.46788397,0.064941406,0.16042684,1.5267773,0.9640973,0.2854238,0.2767876,0.12814116,1.27842,0.18949237,0.3893188,2.4639301,0.8209831,0.79799813,1.6858538,0.7353381,0.48111185,4.0017166,0.6318159,0.80959,0.9025169,0.8896547,1.1831276,0.3082301,0.6221946,0.4280454,0.3542744,0.17064668,0.6255458,5.744988,0.26379016,0.08351838,0.66299874,0.3446048,0.09699289,0.7525407,0.009643881,0.16702925,0.7301458,1.5668467,0.3698427,0.07366331,0.63820505,0.6527095,0.33029103,0.8792471,2.0099373,0.31771493,0.06917917,0.43958867,1.4477688,1.1716008,0.7549756,1.3703077,0.10679739,1.8334014,0.16727395,0.6475593,0.505447,0.60775614,0.50011766,0.2401933,0.83086705,0.6320082,0.53651893,1.6981192,0.35545334,1.3150855,0.19229986,0.27172366,0.22414602,0.9599025,0.042807233,1.9190468,1.217592,1.2393717,0.13153234,0.018497542,4.5129356,0.06315756,0.4666422,0.5899864,0.019525584,0.93336904,0.54466,0.0635499,0.14890195,1.0035834,0.58141464,1.3210969,0.12255117,1.7584107,0.13525759,0.57502896,0.2464205,0.1493449,0.17903844,0.28706142,0.011342203,1.8546549,1.357575,2.2109017,0.5193786,0.18596917,1.279632,1.5413228,1.5353253,0.27742743,1.6284821,0.50646514,1.9755902,0.87635815,0.60563225,0.82715565,0.9929484,1.2352271,0.46212915,0.83447546,0.04627955,0.87578005,1.9032594,0.46505395,0.15562141,1.9726387,0.17241116,0.2751056,0.44287965,0.77583015,0.8311715,0.15831578,1.0668527,0.09825819,0.4056064,1.62214,0.5868965,1.0912279,0.17858571,0.21313283,0.97193503,1.5746613,0.5158803,1.3230805,0.07819204,0.78095096,1.6246655,0.5240917,0.8163561,0.47375908,0.20940682,1.8431017,2.1811714,0.35281232,0.7954425,0.9941671,0.91913664,0.37529314,0.690463,0.074115574,3.3637567,1.0352926,1.6309615,0.104410656,0.4224137,1.2895203,1.3958608,0.24783672,1.3620168,0.025408182,0.14809954,0.13782379,0.19352452,1.7947689,1.1577553,1.1199379,0.65504324,0.9563002,0.32610056,0.23226354,0.63805264,1.4599472,1.4583329,0.8575137,0.12605621,1.8363537,0.32132694,0.11351951,0.22062112,0.13883826,0.74894243,0.7544017,0.8752199,0.48181283,1.5583442,0.8692065,0.30240998,0.6998983,0.7852288,0.744546,0.8464679,0.44281837,0.9429752,0.4189774,1.8202434,3.2806625,0.6067467,0.5045097,0.84067434,0.41168827,1.3144852,0.7829225,0.8752069,0.27755666,0.4167527,1.6794685,0.10941998,1.7133281,1.306047,2.0170116,0.20579194,0.317564,1.1384727,2.3475678,0.3190571,0.85207146,2.1018066,0.21943168,0.2981908,0.48263705,0.322021,0.21015818,0.42988995,0.0018308253,1.0155213,0.65296334,0.20128673,0.034152776,1.1054527,0.7079569,0.8021928,3.7736757,2.6495304,0.050203227,0.63698786,0.99241394,0.22580901,0.30247152,2.3987932,0.09385068,1.8806214,2.820014,0.034233835,1.4387001,0.32041892,0.32773834,0.0807264,1.563072,0.20955731,0.6141843,0.88265455,0.39434335,0.42627785,1.0303162,0.91797966,0.8509421,0.53696513,1.3506142,0.28719488,0.5167091,0.47747585,0.61589223,0.22777514,0.55728704,0.29698053,1.0359381,0.8055391,0.14493942,0.8279084,1.210125,0.6272601,0.18029782,1.0648673,2.292948,0.05230472,0.2957445,0.0,0.9634734,1.1880935,0.7081702,0.4568904,0.498707,0.026457319,0.34243456,0.104334414,0.57627285,0.88161117,0.5274382,0.021623835,0.20724869,0.9620014,0.26209545,0.49648252,0.89325345,3.130057,1.0088329,0.20009741,0.9381468,0.009126079,0.5698172,1.9154266,1.0918714,0.0039944192,0.18297368,0.23266812,0.25300443,0.63665956,0.9342215,1.3809038,0.85296583,1.644601,0.89907634,2.705965,0.7494182,0.7329212,0.5669436,0.90577215,0.8472069,2.3678246,1.4041464,0.409096,0.7479475,0.29389375,0.71177036,3.130647,0.3036475,0.52741206,0.0,0.051505182,0.62254703,0.3103739,1.3255982,0.22630276,0.83607215,0.63804483,0.80785733,0.36149743,0.51388395,1.1350377,0.7313925,1.4570497,0.7348533,0.40971082,0.06497859,1.1413404,0.61344415,0.090830736,0.24837343,2.0993602,0.70482326,0.00663696,0.91029865,2.8035197,1.1389214,0.67769593,0.36982206,1.155821,0.14817996,0.43649083,0.1252503,1.614874,0.64402103,0.61623305,0.08841004,1.699145,0.68239874,3.1123998,2.4377918,2.0437245,0.47225624,0.3753146,2.8836782,1.9570848,0.41706607,0.07300254,0.5498804,0.09657076,0.0057685003,0.89500874,0.64554656,0.19126485,0.20318483,2.5996249,0.08755659,0.06688246,1.4588385,0.10596901,0.547482,0.6190418,0.26310164,1.1543083,0.0266284,1.4420502,1.4292096,1.6525142,0.53799206,0.15091941,1.0241736,1.2081282,0.71330017,0.9333375,0.25446773,1.6216589,0.10540502,0.5658918,0.5475454,1.2478654,1.0305328,0.5462395,0.513416,2.1050923,0.78830504,0.5099362,0.75629026,0.3649126,0.7314631,0.89543134,4.196962,1.1417732,0.93583226,0.28354663,0.2714972,2.1191936,0.037136935,0.16534366,3.456329e-05,0.8947615,0.28947836,2.606482,2.7636657,1.6623327,0.89377886,0.47998637,0.96626663,1.0218217,0.24466088,1.3203242,0.9578275,2.564665,0.87523705,0.40885994,1.3326544,0.5183613,0.11889113,1.0173527,0.815494,2.1950698,1.6775132,0.3451864,0.7731059,3.5249228,2.677313,1.0523549,0.18497142,0.19140734,0.6140237,0.585735,0.20420393,0.022312421,0.23656642,1.3540201,1.0406052,1.8997188,2.4727454,1.2139319,0.39716244,0.0076928027,0.15851608,1.5369633,0.20212416,0.50330144,0.35412776,0.45929873,3.3319054,0.061275862,0.03928231,0.111007534,0.015101493,0.076923154,0.29422888,0.2508062,0.13900807,0.7702839,3.1986568,1.0254393,1.2232519,1.6323079,0.1306753,0.20069185,0.47012818,0.669646,1.3903654,1.1170492,0.025906477,all_pothole_images\pothole_images_2_image_419.jpg
0.08966078,1.3243189,0.0,1.9486009,1.4921954,0.057256736,0.21119808,0.6778854,0.076914065,1.2464662,0.5434929,1.6958699,0.36955845,2.7975066,0.0,0.0,0.70649844,1.4588552,2.0842395,1.6618965,0.22444549,0.5888983,0.2784933,0.5966677,1.9010396,1.7463644,0.5531347,2.2900171,0.042075116,0.48090222,0.42682508,0.7329428,0.44256848,0.13316509,0.6753325,0.97995305,0.4865916,2.1195133,0.70845324,0.08176753,0.08363488,0.4047263,0.26882163,1.5190653,0.80775577,0.22384822,1.0068812,0.18415694,1.6890099,1.5868813,1.0969193,0.32445526,0.14211075,0.26029977,0.050019924,1.796278,0.5887138,0.80679584,0.94322,0.54999894,2.1183019,0.1581375,0.7109926,0.24400057,1.5678803,1.470105,0.08932292,0.108278126,0.09293771,0.46144068,0.96454823,0.050254423,0.6173844,0.10461071,0.21075067,0.0023692052,0.04518148,1.0468948,0.45803756,0.3905136,0.41834706,1.5865039,1.2801312,1.3671725,0.0839816,0.0051217168,0.80970615,0.13839398,0.3442958,0.00454367,0.39120296,1.1196744,1.0013231,0.5284287,0.11268003,0.32012963,0.34914112,1.5589749,0.521307,0.8003156,1.0734255,2.9825943,2.2068262,0.059152603,1.2598985,0.25809163,0.54078263,0.6940855,0.5281625,0.03290896,0.32436645,0.4076647,0.8820938,1.0590934,1.9252748,1.1341869,0.11646892,0.05082153,1.5738887,0.36766002,2.9906945,0.025970558,0.49705905,2.273798,2.5039184,0.7498734,2.331942,0.56947047,1.5200162,0.16413735,0.4492443,0.3624387,0.75292003,0.101121426,0.52923787,0.0042616017,1.2643117,0.33007246,1.2429918,0.17251538,2.0716724,0.052500922,0.33765364,0.48797902,0.2705619,0.9215753,0.87024075,1.1825861,0.88034266,0.05445732,0.21912174,1.5933946,0.043452088,0.25937447,1.3024522,0.88180447,2.4169965,0.26517695,0.393321,0.45576605,1.5774225,1.7598457,0.55667096,2.1975067,0.4166018,0.10236706,1.4378878,0.26483718,0.26932308,4.1807933,0.02136643,0.0011099384,0.33972567,0.25264433,0.116730005,0.058740925,0.57929075,0.75730956,1.2400957,0.54335225,0.50691533,1.3531816,0.996352,0.68031776,0.38232425,3.1899598,0.5564304,1.5683961,0.16867848,0.841185,0.24632628,0.7096019,0.30975348,1.9136965,0.44316515,1.4178401,2.503577,0.05440582,0.7827298,0.005687967,0.6107567,0.5595334,0.32297942,0.059182998,0.054477524,0.9205082,0.010366698,0.08394236,0.9817361,0.7557416,0.0117437,0.6423442,0.86944693,0.29665446,2.9005954,0.88918304,0.50997627,0.30475786,0.37888107,1.033198,1.4125681,0.931511,0.61126506,0.5791643,0.0,0.08530817,1.5316325,1.3934989,0.76736534,1.0888468,0.1648391,0.21923308,0.8455671,0.5425866,0.0148685705,0.014125435,1.2777812,0.7314149,0.16531244,1.4094677,0.5455124,0.37341723,0.367771,1.1929576,0.5375767,0.20459902,0.58016616,0.2682171,0.37395653,2.496899,3.665863,0.2600869,0.2728578,1.4742316,0.36926854,2.0937858,0.116947465,1.0534643,0.2780423,1.7973309,1.8139553,0.098405406,0.1721516,0.44512144,0.039246336,0.3816552,1.5964035,0.63690645,3.6617954,0.01662454,0.04470507,0.17705335,0.40685084,0.1291919,0.39648607,1.0286437,0.3599365,0.45777395,0.14350477,0.26653317,1.1553174,0.9083202,0.8072172,0.38278645,0.022328373,0.98475724,1.8944937,1.1408526,2.9772482,0.6801585,0.0,0.0,0.13066588,1.5812978,0.24198423,0.38711727,0.5537971,0.58599365,0.3580043,1.2010924,0.72587687,0.46003863,0.7380123,0.38377348,4.5881476,0.14526048,0.97744995,1.0231217,0.1552782,0.5601733,1.4141288,1.5274664,1.2563235,0.6705371,1.4534669,1.0892069,0.08801811,0.7943437,3.3395684,0.11584441,0.11072678,0.271606,0.764153,1.6709195,1.5087806,0.44773257,0.57563907,0.0,0.6779321,0.05074648,1.0748562,0.40819758,1.2023938,0.33725995,0.31136855,0.05328486,1.2972193,1.3798631,1.3895378,0.66340846,1.1248316,0.17513904,0.7429975,1.3070831,1.2543398,0.504016,0.07377897,0.6913746,0.9448286,0.57633877,1.5139699,0.20397615,0.5748048,0.9458185,0.18424353,0.2526501,0.13001347,3.1363862,0.61052525,0.6299039,1.2136309,3.1312706,0.39413452,0.273666,0.055938613,0.33644587,2.249353,0.9576075,0.0023623435,0.58596444,2.0210443,0.27492294,0.45119885,0.32416862,0.59214383,0.5152491,0.2604433,0.4845097,1.1242571,0.5284221,2.6795094,0.037556384,0.8355677,0.5881445,2.1120343,0.0,1.8704861,0.037720263,0.1635558,1.5045676,0.846701,0.15294027,1.3086706,0.9790457,0.18173389,0.2550018,2.1004696,0.14210247,0.10498975,0.01528569,1.6834762,0.68307275,0.75447214,1.0204589,0.07606502,0.8447401,0.7810692,2.1158772,0.8306072,0.049877856,0.21467815,0.26093522,0.090071134,0.60888,0.15638077,2.5919592,0.29485506,0.97740334,0.8765534,0.31531888,3.4218254,1.0516489,0.88200516,0.7270165,2.6759825,0.5707262,1.4614733,0.67290264,0.119800866,0.04764022,0.65321326,1.8914704,0.00073486054,0.11071246,1.2021549,0.8387653,0.71233803,0.1149332,0.109377995,0.036987357,1.4042051,0.23442529,1.1673101,0.032304697,0.5423052,0.00032864374,0.7274677,0.42313778,0.017838798,2.108054,2.651913,0.4711861,0.15042554,0.013560221,0.27122036,0.427581,0.3829885,0.021500252,0.093082316,0.38663653,2.223222,0.3083824,0.67801523,0.04548065,0.31228262,0.58695537,0.74534386,0.081095435,0.4101235,1.5688237,0.43615395,2.5108328,0.87502617,0.5577167,1.5631939,0.074915774,1.254798,1.8475673,0.51592255,0.23691937,0.45486188,1.4718541,0.5239123,0.0033214681,0.04309575,0.18812126,1.187825,0.10691261,1.0781345,0.0,1.0982774,0.74745995,2.7693033,0.19404903,0.008432861,0.021378662,0.8089514,0.8434848,0.79231703,0.55750453,0.64882886,3.1342392,0.25175962,0.48420936,0.8963286,1.0257471,0.43115577,0.3597302,0.2192271,0.102991514,0.22221489,0.04843771,all_pothole_images\pothole_images_2_image_42.jpg
1.5270367,1.8424501,1.2050787,0.056891672,3.2830393,0.5848743,0.8016233,1.3218378,0.13827193,1.6786805,0.7125659,0.020187672,0.19478214,3.123853,1.267019,0.98656476,2.066968,0.13592929,0.12944187,0.9305741,0.92488146,0.70740336,0.27346385,0.41236526,0.45202908,1.8304867,0.52051824,1.5434265,0.50235504,1.9819576,0.32033998,0.12621918,1.0963364,0.5096672,0.16953215,1.4880991,0.8210908,2.1263578,0.6892966,0.32755256,2.1333554,0.15647076,0.6667697,0.47977307,0.74588835,1.4132478,0.05361665,0.07254002,0.5454465,0.6711617,1.5923622,0.6812017,1.666008,1.9149776,2.4376721,1.2569383,1.1324193,0.543939,0.14862883,0.7277237,0.0665417,0.91581094,0.27144226,0.4001566,0.047775444,0.16076574,0.03477453,1.3456299,0.93474823,0.5040526,0.22239485,0.654594,1.1886095,0.29309458,0.70941937,2.6364932,0.6140555,0.5298452,1.1888859,0.23836346,1.6630785,2.0785358,0.13663326,1.2196032,1.0126203,0.77627563,1.0778884,1.8784659,2.7310934,1.8942734,0.66993076,0.1831395,0.40453333,1.6742958,0.25915095,0.5603105,1.1210718,0.63704693,0.12747636,1.9864987,0.41748154,2.0721526,0.37812665,0.35550058,0.34118757,3.318406,1.5116152,0.57154274,0.20575532,0.26685473,0.23782259,1.1714193,0.24969213,0.621045,0.571543,0.9238181,0.9093611,1.7202023,0.046203192,1.4774203,0.9952615,1.0915722,0.78517365,1.344105,1.0059073,0.11600286,0.30672282,2.9755366,0.05767351,2.551005,2.5157964,1.293829,0.9037681,0.6938267,3.6097972,0.3802389,0.59066427,0.7875122,1.7600973,0.730954,1.646606,0.7710384,1.786127,1.023178,2.6703227,1.5231887,2.4478536,0.19310775,1.2379268,1.0245084,0.39168453,1.7279663,0.25266877,0.93136704,1.2627314,1.5025479,0.6414417,1.5019549,0.13423915,0.008816004,1.0859588,0.77840257,0.23866287,3.0135412,0.70663756,0.47016597,0.61458176,1.7153109,0.23098415,0.026162697,0.9657441,0.27470362,0.5595971,1.7225631,0.07395746,0.83687717,1.6896777,0.7354862,1.0707661,0.43025604,0.046782304,1.5322154,0.8467252,0.6311596,0.5453901,0.85856104,0.92663336,2.5941396,0.17460607,0.42054367,0.76658815,0.29345658,0.21470775,1.1406825,0.030740717,0.38143745,0.6635837,0.4743941,0.22008757,1.5848407,0.18213616,0.21025327,1.2201598,0.3512411,0.41848597,1.6740911,0.1837742,1.1448171,0.0031930152,0.8699733,0.26164207,0.5084333,3.3801394,0.20983717,1.1110526,0.96462214,0.77784884,0.33277145,1.0783478,0.03281149,0.7981672,0.30064356,0.19411425,0.019654926,0.23611313,0.7800502,0.89881754,0.04203031,0.3096695,0.09985051,0.057296894,0.4513207,0.3313312,1.4698915,0.5586498,1.9459617,0.14923808,0.7636849,0.19401833,0.5232467,1.3896092,0.54045373,0.251996,1.4361986,0.030809214,0.0043468093,1.07081,0.49740577,0.6569167,0.52742106,0.92987835,0.21425445,1.0745287,3.231335,0.10819923,1.3283973,0.3004798,1.7943025,2.8235102,0.04929033,2.084164,3.1250377,1.1677253,1.0395,0.28451484,0.84738517,0.2887854,1.2247021,2.2302494,0.3316998,0.1929271,0.7687543,0.40589327,0.37175342,0.8441417,0.55289817,0.4748856,1.4333879,1.2119383,1.3000599,0.9285211,0.112743385,1.2528443,0.938217,0.83562046,0.5781924,2.1379268,2.420181,1.4181916,0.4025664,0.4988742,0.25284383,1.9033697,0.06380342,0.6691623,0.38810784,1.0309312,0.39838132,0.0538756,0.6406101,1.2113067,1.9852428,0.6989498,0.03238892,0.50301194,0.059732027,0.40230885,0.6797288,0.6346312,0.5785322,0.92961246,0.672201,1.449026,0.7886918,0.9606818,0.23498908,1.0746131,1.0006205,0.22558434,0.61476725,0.4189535,0.47149983,0.10836261,2.9139683,0.27542114,0.7668031,1.2359703,2.7793918,1.4314581,2.8825119,1.3759061,0.48764408,1.6175259,0.47190654,2.855062,0.65174997,0.5244934,0.83206916,1.681135,0.1607646,0.37766638,0.69268423,0.07284117,0.77576053,0.60900444,0.8663704,0.32743305,0.510871,0.05088997,1.0959989,0.1913695,0.6232629,0.7112867,0.3968866,0.24086832,0.07271951,0.69303745,1.5307349,0.120838806,1.4067311,0.63368285,0.23191735,0.056072615,2.5823967,0.9788642,1.2652603,0.93062437,1.0594932,0.2946533,0.6706535,1.7702543,1.7337745,1.9532847,0.30637747,0.037763335,0.20383671,0.31812418,0.5499846,1.4194255,0.28549656,0.31331477,0.057270885,1.2981142,1.1940318,1.2123866,0.16066557,0.753168,2.100652,1.2519372,0.51383543,0.41148415,0.26363435,0.78191537,0.84289986,0.259269,0.07641728,0.17436449,2.9201334,1.0648987,1.2639185,0.5830803,0.66112125,0.1906669,1.5969219,0.06291359,0.5186803,0.46690425,0.5769782,0.6992032,1.0076395,0.3275302,0.46089783,0.029209888,1.1518891,0.3879391,0.16266337,0.40945244,0.53020006,0.18335383,0.20169877,0.7808396,0.77201384,0.42318758,0.20278682,0.26081416,1.2024078,0.5435647,2.470988,0.09945639,1.3022003,0.5790453,0.9096172,1.1030794,0.14166024,0.09168194,0.61837095,1.5340766,0.6433332,1.0484378,0.28391647,1.7244189,1.7589235,0.37687117,0.10051998,0.20550935,1.8902018,1.6227738,0.62236685,0.0140499845,0.26165152,0.22316265,0.99636257,1.239297,1.3401542,0.15850085,0.5555225,0.020227855,1.0525913,0.98915064,0.14164008,1.2037585,1.3054242,0.1884401,1.5220649,0.93813324,0.18098693,0.85131276,0.93841356,1.4181862,1.5330882,0.8846495,1.2594645,1.0359985,0.409481,0.43946967,0.13328475,0.020637482,1.2972802,0.9865,0.14658226,1.9667934,1.5418919,0.1854944,3.800732,1.1910107,1.0211906,1.2841343,0.31336606,0.87930644,0.3683834,0.61909086,0.70235354,0.6354112,1.0457455,0.83526385,0.02614674,0.032642886,0.6089767,0.15110545,0.47936532,2.2673452,0.40920576,0.93882066,1.7021637,0.5183741,0.19498567,0.48994535,1.1852338,0.7865266,0.7081103,0.13211499,0.08474448,all_pothole_images\pothole_images_2_image_420.jpg
0.11533423,1.0314056,1.3289467,2.1222615,0.3359575,0.34547043,2.4293938,0.93657887,0.043300636,1.1067965,0.40733808,0.39258987,0.29246777,2.8633473,0.25318876,0.20425889,0.20855132,0.46233335,1.800046,1.770128,0.65062404,0.17876378,0.47732267,1.7304455,0.6627887,0.2576782,0.42578766,0.2581525,0.4732256,0.5299127,3.0861113,0.5148397,0.42813706,2.2961109,2.1572855,1.4044545,0.07631757,0.5160755,1.4691015,0.90494436,0.018722955,0.4245315,0.2069397,0.13579193,0.30496392,0.5111831,0.50800174,0.0,0.20349675,2.0010629,0.43828303,0.47186756,0.43686986,0.27429414,0.03457944,1.4160228,1.3373668,1.033969,0.18416764,0.03572229,0.18848726,0.01583764,0.25378639,0.42909753,0.33322206,0.16793641,1.2836607,0.010125435,0.37716666,0.48156962,0.64668274,1.9733607,0.071787044,0.9790081,0.12346503,0.23171456,0.12316463,0.43154517,0.13970177,0.16093554,0.20229682,0.76656544,0.16819738,1.2899846,0.85579634,0.7756359,0.66008514,1.0002397,0.2823829,0.29398784,0.21568325,0.444103,0.1765125,1.4986933,0.64745164,0.0018289415,2.6213036,0.8733399,0.8956274,1.7198808,0.722236,1.7862474,0.03705816,0.9432867,1.2606199,5.5395308,0.005519921,0.4790295,0.14352153,0.37649065,0.4399622,0.79935175,1.6599061,2.2614405,0.29503852,0.118673906,1.0366865,0.012748024,2.150928,0.22061345,2.1723647,1.1532198,0.11925104,0.102997914,0.54443854,0.32238245,2.4705544,0.989026,1.5698743,0.8044053,3.7824636,0.054838736,0.55777776,1.2550421,1.3118426,1.7578471,1.3358018,0.3138294,0.57351875,0.14064902,0.63032746,3.204836,0.21485592,0.94867945,0.7042877,0.29239225,1.2124308,3.2836893,1.4185029,0.0,0.3641447,0.31409258,0.11737838,0.95229304,1.6054074,0.9626242,1.6496885,1.1669048,1.6161944,1.4936554,3.0879316,1.5391307,0.42949218,1.7557628,0.24773636,0.5982202,1.016774,0.56606317,3.0588465,1.6328946,0.24379337,0.3014177,0.6022111,0.003581717,0.44460404,1.3932518,0.78247553,0.12992977,0.0,0.84166807,0.09106523,0.49834597,0.17783307,3.4352498,1.1098231,0.012838598,0.2815712,1.133051,0.7265718,0.42567113,0.45839658,4.2089014,0.5715974,3.2083795,0.24492665,0.05345971,0.73242724,0.5895356,0.37702677,0.20604146,0.24811576,1.343309,2.523418,0.2297883,0.9330262,0.94683385,0.8586022,0.44067696,2.6344254,0.7147159,0.0051168143,0.5377749,0.895397,0.26735616,0.963348,1.3009745,1.417684,0.6221811,0.26548326,0.837736,0.37194002,2.758781,2.0195458,0.403585,0.12552984,0.22210047,0.5150274,0.17294794,1.1127626,0.25413823,0.58353084,0.31153265,1.4281434,1.1783916,0.44397128,1.2387011,1.0094911,0.04976028,0.58867633,3.3645654,1.1222622,0.35500836,0.9366739,0.30509657,0.5751914,0.15523027,0.9758554,0.43762863,0.34865162,2.1048393,1.4718883,0.20692539,1.0978117,0.7139202,0.14216797,0.16384107,0.9754469,0.08758126,0.06008929,1.5920749,0.2970672,0.24555786,1.0119249,0.31277475,0.15825675,0.41221732,0.0015880491,0.26727125,3.6526768,1.2263712,0.3117968,0.21913084,0.041640922,0.30072826,0.48108232,0.48329455,0.7674975,1.1755683,2.075849,1.4688635,1.2096956,0.0078440765,0.41295624,1.1882288,1.0636187,0.2243881,0.102663405,1.0450078,0.22064775,0.094797656,1.2340657,0.1458544,0.03652173,2.7311285,0.15338676,1.1409775,1.680821,0.000381977,0.29030374,0.30928412,0.79922974,0.0,0.55878687,0.14678122,0.8055644,0.05289743,0.8079529,0.028293267,0.22141092,0.87493443,0.043191973,0.34216768,0.7351509,0.73880804,1.1853243,0.72301495,0.0,0.55435914,0.62355846,0.28976166,3.6487906,0.8707963,1.2040799,0.6821826,0.19138846,0.41650614,0.1410879,0.9043098,0.4264087,0.46470073,1.2839421,0.8045911,1.1031547,0.0322929,0.8172094,1.0384066,1.10766,0.039055552,0.9847243,0.5007216,0.50059456,0.3852429,1.5532019,1.8089582,0.67166543,1.0487323,0.9001622,0.26402566,0.40844297,1.8179611,1.0156388,0.18535718,0.2255616,1.1206634,1.4116222,0.18218474,0.6400902,0.3709947,1.4240195,0.46515125,1.4650334,0.61866367,1.5395823,0.106003776,0.4818277,0.36192092,3.1971714,0.1412352,0.7881649,1.7737252,0.20214525,0.643854,0.28962004,0.08139611,0.37979233,1.2393389,0.08531043,0.49844658,2.0052178,0.61484146,0.5588857,0.4984777,0.40586984,1.2681825,1.0571533,0.30375013,0.5999667,0.10383794,0.008710125,1.3583935,0.76570016,1.7286607,0.37970632,0.61769015,0.070191145,1.6980469,0.9251142,0.30071905,2.8271585,0.99721855,0.3831142,2.336919,0.67499447,0.16614917,0.8605233,1.0623964,1.7173574,1.0844011,0.5966402,0.20074116,0.23497799,0.09404161,0.32195002,1.5074722,0.058649078,0.5747685,1.4425594,0.59385663,0.7449224,0.10978875,0.8777603,0.042935707,1.3551874,4.29773,1.8114161,0.4298795,2.0234842,1.0883074,1.7209033,1.8157827,0.3863101,1.2366529,0.029493311,0.01512708,0.21283145,2.9258487,0.5091507,0.23926786,0.9026327,0.37366718,0.681879,0.4027877,0.4428925,0.14281648,0.05154539,0.20555699,0.3914784,0.4826088,0.051912393,1.2983515,1.0361292,1.0423467,1.6818686,0.5857791,0.50562376,2.6871786,1.0285407,0.24874918,0.7995305,0.97364897,0.9556662,1.3114715,0.07192957,0.3899353,0.25716135,0.9336428,0.011784625,0.660093,0.17429513,0.51407707,0.6787708,0.66932005,0.32161736,0.06683557,2.1338189,0.17271945,0.8355414,1.3003916,0.61436194,1.1261672,2.4684482,0.53420997,1.6230608,0.4273659,0.47990564,0.20683861,0.76366436,0.25758085,0.19357212,0.22265723,0.3428808,1.7154751,0.33458817,0.085400544,0.027252167,0.08697775,0.5361268,2.0189664,0.027003331,0.27510542,0.10826244,2.4724734,0.2207186,0.4836616,0.3053487,0.79705876,0.7868536,0.45084438,0.38398314,1.0688587,0.052254565,0.08359082,all_pothole_images\pothole_images_2_image_421.jpg
0.0028612516,0.83366704,0.0056566326,2.531165,0.37265122,0.0,0.18069649,0.036669016,0.054432537,0.826647,0.51846516,0.0315026,0.019527923,1.9147865,0.016566927,0.0044494164,0.4338855,0.4950873,1.2853147,0.1252209,0.9143463,0.50440645,0.25104183,0.24225625,1.2720113,0.33819878,0.2883188,1.6130667,0.7393172,0.23999275,0.48483393,0.34578657,0.6445318,0.008861388,0.011947875,1.5577704,0.10157779,0.665078,0.08760282,0.4285207,0.0006144923,0.035380933,0.11704857,1.0909387,0.11802704,0.71571356,0.0,0.2921452,0.17191015,0.31018606,0.8270035,0.08966414,0.014594602,0.0,0.7493922,1.5323511,3.4932373,0.89101034,0.0,0.0036404897,0.0074814665,0.7453058,0.38263223,0.003522856,0.20447114,1.4909991,0.07943523,0.54642177,0.17004155,0.028534135,0.14593017,0.0,0.5968707,1.4933403,0.55518425,0.05203108,0.0,1.1027938,0.13865098,0.20943317,0.0,0.1516232,0.71145326,1.9883097,0.5547256,0.0040575243,0.014681277,0.28037304,2.0519109,0.44356334,0.42399386,0.023466583,0.24029653,0.66304994,0.22844608,0.04404963,0.12465498,0.2879434,1.0051968,0.63968307,0.015114062,4.381866,0.5362884,0.0,1.9809082,0.006507503,0.25021806,0.31762734,0.024740834,1.2047557,0.17695327,0.9514838,0.23344596,0.83845806,0.7757581,0.45850435,0.5010823,0.37006867,1.687954,0.23581266,2.6526024,0.18351957,0.001770393,0.7255483,0.29471776,0.87494344,0.021289948,0.10128632,1.284471,0.65874106,0.5969225,0.02458475,0.014752656,0.39364165,0.16929749,0.39921245,0.10482438,1.1924766,0.012271831,0.10157073,0.16150935,1.2466899,1.6444536,0.033215072,0.0,0.43318892,0.09589472,0.48906177,0.328609,0.0030211026,0.025599591,0.15243374,0.15195915,0.34629977,2.031165,0.9438436,0.17400722,0.7344078,0.72149926,1.5092275,2.4075098,1.8460395,0.2786034,0.45868987,0.24169992,0.7765503,0.9901834,0.30537784,2.1213567,1.9519494,0.22791389,0.13835652,0.66874987,1.3791938,0.33224416,0.07314699,0.20801717,0.19017258,0.013927084,0.049070064,0.076596834,2.3180134,1.565506,0.9754894,1.7921419,0.6888568,1.2954841,0.13796663,0.7951753,0.6325176,0.035501942,0.48675516,0.11836858,0.9800858,0.37008822,0.1763084,0.39362565,0.020094717,0.1693978,0.2243722,0.33174318,0.73071975,0.34361184,1.0703175,0.0,0.15977392,0.019446388,0.45875704,0.22494707,0.19409645,0.0,0.064804636,0.7471415,0.44959414,1.7045679,1.9794246,0.16584158,0.2674918,0.60357016,0.010381977,0.26160574,0.009273676,0.27108738,0.0682171,0.0,0.032711092,2.344492,0.07302107,2.417539,0.09830783,0.086550996,0.0027492112,0.19679825,0.6156666,0.041779805,0.295966,2.063509,0.18977822,0.3230338,0.0398643,0.2818841,0.02187777,0.069656655,0.53592604,0.73908,0.0,0.3370017,0.5333415,0.48038825,6.0252104,2.8549254,0.15452228,0.19448212,0.1273946,0.022655101,0.054895647,0.24729973,0.57625806,0.23937826,1.672949,0.12996578,0.05892532,0.9447849,0.1515583,0.29903594,0.14555688,1.6443741,0.66369057,1.8133224,0.40166754,0.12228995,0.0,1.3113058,0.10192089,0.53202945,0.39400133,0.048892602,0.03604955,0.14444417,0.17123821,1.0197444,0.7555017,0.8219178,0.3582502,0.056599475,0.07416488,0.8845165,0.09346275,0.34480265,0.8904788,0.0,0.2677628,0.0,1.1279818,0.070845924,0.58713645,0.17100652,0.03660694,0.0,3.4666092,0.58978784,0.18930489,0.035606228,0.12664077,3.6792939,0.6492041,0.21860728,0.095796116,1.2246493,0.10241148,0.8936143,0.64792764,1.6731089,2.263571,0.65911496,0.30291754,0.03246648,1.4239838,4.3452725,0.1177128,0.13028,0.023736084,0.3324433,1.1179296,0.0065797134,0.3440747,0.54105717,0.0071301134,0.008828055,0.002191069,1.5602323,0.8130482,1.0842984,0.012619902,0.20520675,0.005012309,1.4492769,0.004414907,0.43437263,1.3005025,0.9354472,0.05904912,2.8494475,1.318501,0.892965,0.17515309,0.3630257,0.6074639,0.77282983,0.17202272,0.14566436,0.28044534,0.0023222303,0.64069265,0.053877052,0.14298065,0.1329127,1.1860869,1.4177661,1.1426408,0.05854424,0.5124917,0.7639514,0.51363873,0.03640726,0.0,1.4166094,0.12898467,0.34977224,0.09005919,1.6226884,0.0,0.35599533,0.7621991,0.3971966,0.60318017,0.3230822,0.027262492,1.1858084,0.86269444,0.2419683,0.0,0.31382084,0.11156995,2.101624,0.23890868,0.30770555,0.032623958,0.0,1.01364,0.3660935,0.148477,0.046097532,0.54189384,0.2983492,0.028516795,1.7351224,0.117293395,0.12415355,0.32516783,0.5926541,0.7415933,1.0591582,0.22430855,0.62028205,0.0,0.047933847,0.2734179,0.49275842,0.18151201,0.04239461,0.059146,0.0,0.34713656,0.0,0.16463944,0.8654081,0.46470696,0.6451579,0.014819731,1.3500328,0.5747552,1.1473223,2.080515,1.6605713,0.30068284,1.6978401,0.19511479,1.8153524,1.4236015,0.84834456,0.13995294,1.4696456,0.5737928,1.8032813,2.865621,0.30911618,0.8040887,0.53236485,0.022463083,1.071505,0.3017077,0.0,0.009054025,0.10306398,0.17247829,0.87155795,0.63510764,0.04865199,0.8492869,2.8109074,0.0027699277,0.72417384,0.0,1.2969962,2.2815301,0.080011025,0.09925802,0.5126787,2.0146272,1.5480593,0.2619022,1.2491851,0.022709213,1.6587695,0.084886566,0.010284168,0.1082849,0.15876167,0.4891042,0.744157,0.47688496,0.15348265,0.6598219,1.4756994,0.38167286,0.09831261,1.4064206,0.14812547,0.3487126,1.2422796,1.3720475,0.6847405,0.13187611,0.025960214,0.01631681,0.52407974,0.0,0.80717325,0.0055678175,0.231458,1.7059987,0.06403376,0.01871078,0.00066085445,0.67219245,0.00892831,0.010483197,0.5714735,0.20933363,0.85775805,4.407928,1.0350158,0.23033361,0.059086632,1.4797271,1.3135989,1.204267,0.029733522,0.0535945,1.481842,0.25792167,all_pothole_images\pothole_images_2_image_422.jpg
1.1164969,1.6629689,1.6039126,0.5088978,2.0631554,0.31285977,0.80127114,0.47262892,0.8345978,0.37374502,0.07393107,0.467172,0.0,1.9628586,0.47464135,0.18406819,0.4009976,0.24371088,0.53008306,0.0348935,1.5458736,2.729045,0.1578573,0.42390776,0.7001625,1.1495312,0.44603744,2.7053251,0.037504807,0.68542206,0.051770404,0.07590112,1.7195607,0.73289317,0.09894512,0.46012148,0.13626295,0.41310385,1.3265091,1.184687,0.8395359,1.8899602,0.16320056,1.370331,0.4390457,0.26187974,1.6351442,0.1793674,0.6062456,1.120158,0.5531236,0.18717065,2.1303566,0.73106164,0.42976603,0.2594747,0.6445572,0.103079006,1.103555,1.0890875,0.72434014,0.49466938,1.6098193,0.9764591,0.21238081,0.44681692,0.29793468,0.03665273,1.7514989,1.3253614,0.31058207,0.59785515,0.7801038,0.051665246,1.0947324,2.2161324,0.8626008,0.24205764,0.78426474,0.5874051,0.33873653,0.16157426,0.1576462,1.9648776,0.1040768,0.7924108,1.160427,0.7420531,2.219045,1.0665488,0.084001094,0.35320663,0.9961886,0.31724635,0.57251436,1.3965212,0.08402238,1.5451766,0.90942615,1.8558707,0.8197274,0.9163067,0.03914552,0.5089484,0.080604374,0.8179648,0.63047045,0.71991056,0.9021603,0.17136574,2.1820855,1.0889775,0.38725665,0.22300154,0.43875325,0.9230802,0.9448783,1.3399407,0.05303334,0.40048397,1.2951618,0.475271,0.43869337,0.86074585,0.26390073,0.4470688,0.05752089,2.0682118,0.8842473,0.87952965,0.6510581,0.85886115,0.06586938,0.5485205,1.26981,0.2389433,0.5189163,0.867425,0.33857295,0.13982117,1.3365749,0.525043,0.19706689,1.2914962,1.2562089,0.6841893,1.6916933,0.1213256,1.5789075,1.6184834,1.2983111,0.47549772,0.02984153,1.4577043,1.0743167,0.29748842,1.1335771,1.6607081,1.850708,1.435912,0.6380611,1.120005,0.61309814,1.1352841,0.3921874,0.4792191,1.4043638,0.5213815,1.0084972,0.05202796,0.19071446,0.07810942,0.10203951,2.5046275,0.7039104,0.18093272,2.3742461,0.23896879,0.52214074,0.9655023,0.35668996,0.9617437,1.0460398,0.5645566,1.4327805,0.9066484,0.32515633,0.13738538,0.16633372,0.76419806,0.9287151,0.43714607,0.49771032,0.88518023,0.27845487,0.09569048,0.7417997,0.6994491,0.15399007,2.2586074,0.16249695,0.15201446,1.8148994,0.29637787,1.4547786,1.559009,0.12708765,0.6252025,0.7809668,0.34485543,0.23619422,0.42569888,1.3672912,1.7200837,1.1063417,0.5161917,0.30023715,0.2549151,1.6663647,0.9148095,0.41603354,0.32045302,0.07331701,0.6853635,0.2764205,0.29558843,2.2473688,1.7156628,0.4409667,0.103000365,0.25600204,1.5286098,0.7810013,0.5210095,0.82737744,0.5140103,0.45293757,0.15246905,0.10579331,0.0584076,0.06556752,0.0,0.3484682,0.55196,0.5985636,0.7115855,0.56226414,0.32582167,0.9172456,1.2070445,2.8626928,0.21642567,0.052621506,0.30912003,0.12401734,0.46225807,1.7576427,0.59068257,2.474246,0.35240912,0.9187511,0.8519821,0.29666102,0.39038974,0.012012489,0.6504088,0.11983601,0.41691998,0.9447035,2.0084677,1.3297887,1.4271861,0.062084027,0.8462616,1.3677131,1.0099305,1.5575029,2.7044415,2.0114658,1.7039012,1.419631,0.19466543,0.76733196,0.9804138,0.6702185,0.827057,2.4884837,1.8730515,1.155673,0.25866985,0.48398924,0.3508782,0.7029173,1.3272872,0.89450204,0.38622263,0.24700487,1.8624296,0.72010785,0.08768132,0.07748913,0.07790779,0.35091376,0.37478995,1.4458114,0.67520076,0.184535,1.1918418,0.84131825,0.71703506,0.29223308,1.9934175,3.0858989,1.17748,0.9272513,0.07420608,1.0117869,0.5161931,1.0439881,0.82903737,0.548937,0.44263,0.0,0.79553413,0.14840421,0.08220283,0.3257952,0.6129866,0.15829645,3.7276804,2.288644,0.67588717,0.17424609,2.473975,0.5997703,0.4239099,0.10164711,0.37732688,0.3894033,0.28029692,0.6343121,0.76610285,0.7823118,0.16604662,2.0102363,0.08131451,0.32240877,0.7356801,1.4378479,1.227934,0.4922267,0.97668105,0.2899549,0.6873312,0.36322382,0.12473757,2.242045,0.76944035,1.0304272,0.05115762,0.5402269,0.13493985,0.6005802,0.07823386,0.7674361,1.0905316,1.2680043,3.1510127,0.03279484,0.27740985,1.4060053,1.3286046,0.6712713,0.4878403,0.82777464,0.9710511,0.80249536,0.6478828,0.30521432,0.3504588,0.0034483508,0.08729788,1.783496,0.4630583,3.1315744,1.533848,1.8030219,1.3205974,0.19076064,1.7150756,0.65140903,0.19787936,0.052827504,0.46343184,0.5209222,1.6960157,0.31355554,2.7050455,0.28919092,1.5889273,2.0811722,0.13327825,0.41859552,1.9267845,0.04232322,0.18563844,0.45426363,0.16423653,0.98605734,0.10991317,0.15078928,2.0415032,1.716028,1.6357884,0.17625694,0.17476577,0.71439767,1.2326484,1.0703293,0.6906606,0.8601337,0.19973336,0.5860919,1.9364864,0.5460377,0.45630404,0.327703,2.1101804,0.54677105,0.61657685,0.23728442,0.92442167,0.52906346,0.2808433,0.4351914,1.1245906,0.50122464,0.3532676,0.35266307,0.22884096,0.6950058,0.46190435,0.050732866,0.111596204,0.4560744,0.52460134,1.1702018,0.098919176,1.8017462,0.57162833,0.94638634,0.14824088,0.7701792,0.5478837,0.33008206,0.102610335,2.0685894,1.3964937,0.23418152,0.35541221,1.1157162,1.2750987,0.79437286,0.29973367,0.39959073,0.38304362,0.32552794,0.5863603,2.3631716,0.49422723,0.6015289,1.9573052,1.2100977,0.28834876,1.2552359,1.6555797,0.0058327825,0.22029363,0.5060121,0.34758663,0.08592761,2.7306736,0.14505707,1.2621233,0.07104016,0.71423954,3.9648736,0.04695729,0.3676151,0.61286044,0.27363923,0.92340535,1.1190884,0.50910056,0.2851448,0.37861088,0.070092335,0.44379097,0.27265307,0.12372505,0.68936545,0.67060244,0.35224715,2.2524717,0.5746824,0.24535035,0.51986986,0.55630887,0.7131287,0.6274311,0.25893775,0.23835084,all_pothole_images\pothole_images_2_image_423.jpg
0.4907068,1.3344464,1.1518489,1.5095898,0.19523472,1.6424654,0.23777945,0.41777644,3.7474325,0.27967858,0.24220139,0.22916389,0.12824042,0.15308033,0.38558164,1.199802,1.6242976,0.4996872,0.038609575,0.11558453,0.03441389,0.63029385,0.24802522,0.8590234,0.28288534,0.6964622,0.044866268,0.77148676,0.23613365,0.6702958,0.050209306,0.59261715,1.0246879,2.3726816,2.5194921,1.6137538,1.1719922,0.54034525,0.7472034,0.28318232,2.1260905,0.06436782,0.112441584,0.006831331,1.0545603,1.4626434,0.44389194,1.6425391,4.422369,1.2523078,0.6136955,0.50732124,0.006375347,0.27724963,0.6000195,0.3086856,0.28550497,1.6008573,0.5518477,0.29221743,0.7388195,0.14215212,0.47877672,0.5544284,0.22356005,0.12555689,3.0587163,0.33288166,0.6703089,0.2277783,1.6621386,1.9697309,0.0020521104,0.24682155,4.0125546,0.4235787,0.26223645,2.5606616,0.04695638,3.1855633,2.9244702,0.9595474,0.22896856,1.1790178,2.6399326,0.21091564,1.5773293,0.05188901,3.382398,2.9267027,0.5739956,0.9594316,0.044348102,4.53345,1.5598475,1.9004675,1.0218694,3.2674322,0.3446633,1.5569597,0.12906528,0.50427014,0.24408433,1.2391138,0.17876391,0.22371434,2.3627014,0.023399554,0.3729496,0.35439616,3.587714,1.3274032,0.44982496,0.68788517,1.518795,0.09456826,1.2778571,1.2363379,0.18371017,0.6551084,0.3109557,1.0900606,0.08100246,0.00024001385,0.31437442,1.998867,0.58277905,3.246473,0.15151307,0.29745534,0.9115075,0.98314667,0.54976285,1.0150381,0.6270539,0.053589072,0.6225304,0.20449996,0.2873496,2.1991463,1.0450288,0.28664207,0.50298446,0.7608397,1.405977,0.053991914,1.1407838,0.33057418,2.7347941,1.7423046,0.4341236,1.7246643,2.219421,1.1575342,0.75247324,0.7161999,2.4059453,1.4083989,1.2356356,0.09158284,0.40569216,0.10441271,1.0929036,1.3156792,1.9964135,0.28197035,0.016033057,0.058673285,0.44813797,1.1040558,1.6005653,0.44359848,0.6673261,0.6790576,0.727876,1.1272589,0.047918152,0.29465386,0.16062364,0.52725506,0.49939832,0.94685596,2.2288742,1.6362988,0.18438883,2.0661786,1.0912343,1.7746398,0.3487414,0.47946322,0.36037558,1.1259966,3.9993322,0.6064682,0.5931975,0.3567142,1.1573833,0.7533641,1.2927525,0.31470385,2.6116862,0.17254448,0.20080371,0.949209,3.3613434,0.54214,0.32521853,0.16966556,0.14927752,0.15053368,0.5745085,0.87028,1.295273,1.0978187,0.12756918,0.8241516,0.40621072,0.23082581,0.01881721,3.0485713,0.6033557,2.4724524,0.1059235,0.76757187,1.1381464,0.26257277,0.6212872,0.1910537,1.2771757,0.48554006,1.0976294,0.48577526,0.7744497,0.6835159,0.9139587,2.6581414,3.859199,0.85729146,0.8742502,0.24197492,0.4743779,0.18285704,0.002730498,0.03855908,1.2397325,0.016144108,1.2554662,0.0,1.6167295,1.0792432,1.1390224,0.8144347,1.1695871,0.8903184,0.15534003,0.7732727,1.2078302,0.2570682,0.9399387,1.1472504,1.2209262,1.172308,0.50607765,0.82520735,0.86485314,0.6548127,0.6533681,0.28903016,0.20772491,0.46783477,2.9832265,0.526019,0.58149445,1.059988,0.051296823,0.576668,1.2829995,0.08582398,0.04670391,0.045897815,0.3007295,1.0425812,0.3719956,3.1529484,0.72432584,0.42489243,0.15837882,1.21644,1.8533567,0.023874117,0.5714937,4.2482967,0.03420729,0.2705846,3.7129874,1.1096859,0.69953704,0.39665136,1.2807072,0.24857445,0.17970228,0.05887628,2.8310053,0.5602601,0.46874842,0.58950263,0.7930668,1.0881758,0.39293772,2.3219695,0.48225293,0.6837785,2.1330445,0.2576794,0.8492676,0.6792517,0.011696526,0.29165912,0.63567615,0.3585606,1.4388041,0.64511234,0.3261505,0.03257463,0.7043464,0.24189638,1.1986713,0.061117522,0.32911807,1.3818651,0.6115562,0.59129417,0.124951236,0.016397655,0.94944245,0.063630894,0.84182143,0.82044685,0.09377071,3.2316625,0.53570276,1.7891296,0.26567397,0.2922779,1.4590387,0.23650667,1.3645595,1.6914811,1.5946844,0.40812126,0.39581233,1.6682973,0.3585631,0.2973368,6.220942,0.50940955,1.3838706,0.61612415,0.4041893,0.015958175,0.004976208,1.3874537,1.4318427,0.81664157,0.8826389,0.42980173,0.47835726,2.960087,0.80152667,0.06423339,0.7527034,1.4347743,1.3164032,1.2853612,2.5486474,0.56430876,0.5164708,0.055371556,0.1931933,3.7430038,2.6718378,1.4327399,2.0914748,1.3091236,1.4416611,0.19791497,1.5773511,1.1040442,0.8554479,1.4462954,1.6651617,1.3159472,0.12184157,0.73602486,0.27595183,3.1459925,1.9664123,1.3585197,0.10431945,0.24489105,0.7052812,0.3643644,0.0037349386,0.48623422,0.6492675,1.099411,0.5827747,0.7550792,0.03181307,3.0156567,0.7213945,1.0621493,0.741312,1.5409527,0.042724773,0.08083624,0.54291975,0.09088857,0.55716014,0.92468107,0.06718556,1.3099194,0.74760467,1.2344159,0.36807874,0.030386316,1.2111336,1.3579249,0.19979435,2.5431988,2.602742,1.3609425,1.2676835,2.4144988,1.6644875,1.9728134,2.081176,0.812907,0.37625533,2.630365,0.28809467,0.34651452,0.59090316,0.025040159,0.1982631,0.30045304,0.94968617,0.07233752,1.3940282,5.0110807,0.1494372,0.18606728,2.4697554,0.6317564,2.651453,1.3528153,1.6423377,0.22597416,0.3915141,0.31669405,0.13381861,0.19301085,0.85042244,0.5630803,0.5322541,0.5180963,1.0192397,0.0,5.1529846,0.091572866,0.8966152,1.2469795,0.21201098,0.15425135,0.27333024,0.54682523,0.4590278,0.88558024,0.9965642,0.2904341,0.8742153,0.6825527,2.3299441,0.8193587,2.3383055,0.15627798,2.877516,2.4862182,0.8008522,0.28337866,0.81584233,0.4646177,0.21944162,0.22717407,0.3799483,0.01691828,0.3287995,0.5994475,0.80462515,0.2949787,0.31811795,0.5561272,0.44218132,0.054678254,0.59745616,0.6605324,0.3857392,0.8843969,1.2734584,0.23869948,0.079560265,0.20524804,all_pothole_images\pothole_images_2_image_424.jpg
0.4103374,1.8512722,1.5998893,0.89466274,2.3513095,0.97421354,0.18570921,1.3878553,0.8586544,0.34348133,0.012648297,0.4183124,0.13923481,1.8505007,0.40655088,0.57544535,0.88171166,0.16523045,0.3076722,1.4978889,0.3084839,0.895394,0.4026057,0.65288883,0.020631004,0.24346818,0.25809345,0.9138093,0.45997244,0.625169,0.19817881,0.029180536,1.4068818,0.24073511,0.051814515,0.90966654,0.45153022,0.48404014,1.4766608,0.7165642,0.68765104,0.87894106,0.44702914,0.78819335,0.5479127,0.20655051,0.33033708,0.3505351,0.57254493,0.15549453,1.3523785,0.02226631,1.3283662,1.093974,0.07571672,0.21929184,0.67708236,0.0007795337,0.1129169,0.33626813,0.15726835,0.29028943,1.876811,0.27065775,0.21517704,0.21705875,1.4733593,0.19615056,0.07943685,0.33199364,0.05408152,0.45283538,0.0,0.019485192,0.043744087,0.5245249,0.4117745,0.9143649,0.260654,0.004214368,0.82284045,0.7835495,0.03860367,0.89942783,1.0175912,0.40699652,0.01205266,0.67480296,2.476802,0.8660711,0.5632189,0.1531702,0.014224164,0.28272602,0.40594798,0.17379445,0.86220026,0.91578686,0.2548706,1.1609776,0.03177977,1.2020731,0.27742493,0.0055924156,0.15550728,0.2149649,0.1891024,0.019299379,0.12586777,1.4365962,0.9881538,0.37374935,0.5812035,0.16284749,0.6447274,1.2812527,0.5576589,0.09647199,0.7910393,0.21791859,0.40735906,0.39911386,1.6206111,0.16677716,0.28280097,0.46412075,0.33230984,1.0198091,1.1251528,0.6102225,0.16228685,0.8888441,1.0778699,0.48761743,0.4678692,0.5861702,0.11453185,0.1266559,2.5596902,0.5422382,0.6098284,0.60719657,0.021439722,3.4154587,0.5240532,0.3016705,1.5812542,0.4128287,0.11433531,1.33514,0.1386794,0.74561995,0.42018634,0.060427975,0.7342758,0.44444457,0.29456073,0.30430245,0.21924193,0.67960066,0.57969505,1.111972,0.005019968,1.2478948,0.24077918,0.026255012,0.44216093,1.7868317,1.0752422,0.21115935,0.34515303,0.0009956937,0.7864808,0.3559203,0.32995126,0.2365261,2.9574366,0.12948528,0.29034555,0.94744444,0.61502045,0.37518963,1.4226125,0.56623584,1.2300559,0.252381,1.0918322,0.020651285,0.025402047,0.6548315,0.5681081,0.7097273,0.053929113,0.30011886,1.4681779,0.0,0.17769997,0.36705232,1.1337128,0.14589325,0.17310807,0.40538523,1.3299677,0.0516299,0.9578946,1.2373996,0.004977953,1.2657727,1.6487825,0.40212375,0.029106239,0.024068734,2.7334208,3.5007823,0.9613857,0.26961267,0.38397902,0.15481676,1.2476166,0.04807872,0.44983357,0.07112503,0.47340026,0.41805398,0.0010332937,0.038304623,0.5136244,0.11783489,0.92534965,0.08398196,0.30779302,0.42754066,0.52808553,0.86851186,0.27949867,0.75317854,0.649883,1.355241,0.0,0.053502765,2.032737,0.046803035,0.025516903,0.87897736,0.07247263,0.0,1.3241131,0.585063,0.41288242,1.7038566,1.1020327,0.007508862,0.03315118,1.1449444,0.025371054,1.2399527,1.662584,0.0352488,1.5680482,1.398355,1.5686835,1.3758235,0.71901965,1.0780214,0.023490166,0.56867135,0.013423095,0.021300646,1.2048308,1.8179307,0.024153821,0.012289728,0.13507105,0.2043032,0.16092907,1.7451228,0.21169977,1.821772,1.1656512,1.179073,0.120047644,0.7198105,0.15036869,0.14954689,1.3798987,0.24036327,0.50188684,3.3151698,2.483669,0.1224366,0.28678125,0.3784892,2.2226064,0.02373275,0.40558934,0.09448103,0.42469087,0.34029,0.051756702,0.42977804,0.14831232,0.01590698,0.05712508,0.7086889,4.745682,0.15243417,0.4648618,0.80955535,1.6906021,0.04800892,0.09749611,0.79932666,2.9960215,0.8190634,0.0,0.17607017,0.2783625,0.67863464,0.46648318,0.32093143,0.2758935,0.15178299,0.0026950345,0.45894232,0.5594139,0.28057903,1.524851,0.950596,1.0221066,0.30989996,2.0827,0.18467186,0.12712395,1.2094588,1.939114,0.68295753,1.9849441,0.454778,0.5446167,0.0,0.42746294,0.84764284,1.253879,0.3239967,1.2246513,0.07973432,0.36174625,0.07819984,1.3619488,1.7405927,0.12076297,0.383694,0.29127425,0.509107,0.5187018,0.15062498,3.366197,0.33541107,0.013750253,0.30994064,0.62937856,0.08580542,0.396824,0.07645872,0.021481276,0.2566991,0.72541505,1.5610255,0.19411792,0.08196972,0.8290614,0.39602032,1.323527,0.29428837,0.7718695,0.75027925,0.21016264,2.163399,0.63782156,1.1183864,0.103371345,0.5080197,0.7168478,0.5208759,2.9958684,1.0631491,2.4398735,0.13466151,0.5126686,1.7151159,0.2351197,0.5062103,0.34015608,0.96769893,0.78620195,0.112652384,0.33768454,0.93879277,0.12875575,0.03290386,1.6989285,0.2337765,0.5488757,0.6090635,0.18382098,0.022789322,0.6064175,0.50275624,0.23528807,0.11892915,0.19804004,0.699763,0.8648229,1.8802269,0.3635355,0.18240693,0.104479186,1.1646223,0.14681467,0.7784114,0.293213,0.7152931,0.4116593,0.12609114,0.60246897,1.7425777,0.99077433,4.0131955,0.49998683,0.93821114,0.6510437,0.4710645,0.05666913,0.39814833,0.40202123,1.3806009,1.5970079,0.4800727,0.049881972,0.97141314,0.9335302,0.4351719,0.026219102,0.1636637,1.3769263,1.4091314,3.274936,0.20317361,0.08406659,1.0006921,0.6089718,0.26658985,0.5758912,0.28622314,0.45534256,0.17456973,1.4648794,0.050489582,0.004586772,0.06957599,1.083159,2.1900244,1.3437667,0.5919234,0.3502364,0.8141297,0.030431192,0.6396438,0.35196167,0.47206613,0.21921434,0.41151434,1.1022714,0.4845862,0.07576238,0.0068029882,1.1061867,0.17310898,0.4844241,1.0028086,0.96561164,1.2319857,0.67875683,0.74500406,0.091673225,0.18711856,0.6076093,0.12599796,0.26693526,0.14100465,0.16950992,3.1773734,0.18364331,0.85466516,0.14224918,0.0,0.9744922,0.010860983,0.002235446,0.0671517,2.078446,1.6824918,0.07669644,0.73973596,0.044193976,0.15778884,0.058630276,0.6137368,0.7700397,0.9265618,0.20989223,0.13120092,all_pothole_images\pothole_images_2_image_425.jpg
0.7021838,1.5396624,0.85117245,1.5110893,1.5314901,0.30896172,0.5169178,0.04703549,0.43551502,0.2680752,0.90710986,0.5358981,0.53804076,1.4145492,0.17050388,0.74890524,0.057710655,0.7615518,0.8567897,0.812803,1.062666,2.7239914,0.5778784,2.6298556,0.18790703,0.4916656,0.5517273,3.255234,0.46774057,0.84315443,2.2387028,0.8495655,2.661172,0.19041163,0.42098394,1.0702584,1.5467788,1.3051771,0.98455966,0.61801744,0.7049559,0.46033007,0.23950638,0.56387997,1.0912483,0.812587,0.892736,0.031270295,0.75507605,0.26446235,1.6983634,1.4046638,1.1279368,0.49516377,0.12225085,0.5677361,0.8096559,0.007485073,0.6779745,1.2587947,0.07957741,0.55117905,1.8584355,1.1769239,1.873258,0.28177387,1.1132594,0.32724333,4.748114,0.78984225,1.0729077,2.2667544,0.3356514,0.37789732,0.3325223,0.7646892,1.1076946,0.18088995,0.8947759,0.23564993,0.2043863,0.35372818,0.687326,1.3025774,0.50581634,0.20536526,0.67850554,0.102601945,2.2439916,0.7075155,0.30893356,0.5709908,0.0668838,1.0646377,0.5899633,0.16119377,1.6982331,0.8039214,0.34587136,1.2133397,0.9003948,2.1386993,0.53144026,0.5051539,0.7787843,0.7346508,1.026741,0.32002336,0.6726815,0.9170915,0.709017,1.1132269,1.5884681,0.5835284,0.45878562,1.1936271,1.9232725,0.80117625,1.2669022,0.503871,1.1937531,0.5184125,1.7068839,0.30472177,1.1236961,0.9360788,0.6011836,0.8026142,1.1171021,0.97594404,1.441159,0.23479928,0.9041947,0.41199657,0.018549573,1.1294022,0.20822276,0.3930552,2.1117887,0.844059,1.6341223,3.151571,0.08583105,1.0140254,1.1252519,2.0757785,0.6545575,0.6759098,1.1516881,1.4822226,0.28992718,1.2898293,0.015687427,0.1657047,0.27511263,0.5412738,1.283011,0.15698704,0.76858586,1.1474665,0.57842433,1.326942,0.14811811,1.9364375,0.44557133,0.49828833,1.4522295,0.25587654,1.0650004,1.1274798,0.4699154,0.25871477,0.45497614,0.6439481,0.21068113,0.23687881,1.4417609,0.2714901,1.191819,0.23826937,0.11626924,0.46994266,1.8352262,0.44443807,1.4705625,0.9595127,1.1622765,1.2446798,0.2668174,0.8702788,0.9296777,2.6011171,0.036452945,2.073441,0.2540931,0.26718462,0.31359828,0.3691066,0.5827118,0.5765879,0.49078953,1.4546357,2.226273,0.47589532,1.6781297,0.4043458,0.26911017,0.18531431,0.58104986,0.41473883,0.47424513,0.34317282,1.5370713,0.5939654,1.475754,0.3550798,0.9505696,0.4237795,0.76964456,0.17015892,2.7028391,2.1395867,1.01713,0.10870172,0.43788216,0.33960068,0.50227064,0.73961675,0.95976627,0.14325051,0.3078356,0.811246,0.36602604,0.78393525,1.3721619,0.041348826,0.4572098,0.27204856,0.4365385,0.45606846,0.105755866,0.31569356,0.35423914,1.003206,0.26948166,0.2046432,0.7684805,0.7630938,0.719126,3.134347,2.056216,0.0045123794,0.23068863,0.31822386,0.5732654,0.656043,0.51406527,1.235554,1.5035423,1.2441629,1.1984974,1.80966,1.4864036,0.64499086,0.4044555,0.45116156,0.18681736,1.1358418,2.1740928,0.8218718,0.7116766,0.023589626,0.10229432,0.26979503,0.08437532,0.8169575,0.5743421,1.7353303,0.45259047,1.0869584,0.6511461,0.13748133,0.28561947,1.1646192,1.2318478,0.9896726,0.23207244,1.0198343,3.4162235,0.6681872,0.826337,0.4597874,0.46172574,2.3688343,0.19448175,0.13674974,1.115396,1.2899942,0.8243819,1.1846823,0.26342925,0.5731449,0.34676817,0.86862475,2.50625,0.6895649,0.15553719,0.98673177,0.36855167,0.27973643,0.4617443,1.4469864,4.045239,1.3409774,0.20828941,1.3116928,1.0043647,0.9048079,0.49655753,1.9799414,0.666305,0.50906634,0.29923788,0.98931974,1.944483,0.34541887,0.75747895,0.6477938,1.5049388,1.5651736,1.9953513,0.9122239,0.6096312,1.3207556,0.3863776,0.30343464,0.77373123,0.61894834,0.6892376,0.020877045,0.38832822,0.39251933,1.7898562,0.112574115,1.2068084,0.4901083,0.9434692,0.60067,1.069239,1.4166989,0.12107471,0.48835617,0.1680603,0.3767072,0.36108464,0.08264946,1.2520225,0.8677662,0.8348331,0.025701167,0.9001756,0.7678004,1.1314547,0.052726895,0.44995704,0.019774154,1.2956929,0.88843113,0.13844876,1.607068,1.4878098,0.41552308,0.7148087,0.6402422,0.438299,2.5948129,0.013686508,0.41263533,0.36330786,0.61971366,0.28099555,0.08688408,1.9995794,0.97598153,2.5424805,0.5771508,1.6035411,0.067593805,0.51313967,2.1865337,1.2311788,1.1640702,0.15123765,1.0078729,1.4498801,0.49984208,1.0979304,0.11089454,1.9751732,0.6123793,3.6825678,1.2874135,0.6186574,1.3314074,0.96997535,0.57424635,0.37409166,1.4400519,0.3369134,0.101392634,0.17253102,0.42081776,0.9217876,1.2901055,0.37170377,0.6399041,0.20600167,1.9748108,0.86428785,0.39052114,1.8987259,0.94108325,0.87966347,0.9911977,0.92103654,1.3092234,0.19999188,1.6675655,0.7958604,2.2224686,0.8406204,0.43626663,0.3625373,0.50780076,0.13879718,2.8171074,0.7594366,1.4753796,0.83856285,0.52432317,1.0038167,1.8242735,1.011913,0.6634037,0.21482372,0.63618356,1.8485415,1.0094495,0.3757574,1.4463859,0.49907485,1.0925894,1.1149869,0.3802203,0.27416328,0.77886975,1.5070549,0.19021247,0.19084196,0.9786783,0.64941496,1.5460734,1.9846697,1.215479,0.03371069,0.7936191,0.040706508,0.9237832,2.3845932,1.4206159,1.5189886,2.3284914,0.56665635,0.019490622,0.2203185,0.07709462,1.1439028,0.36921406,2.9231226,0.024186162,0.34596658,1.9620756,0.24197137,1.7687806,0.09356232,0.5000688,1.2531346,0.25184163,0.63674754,0.39376488,1.0403187,2.056756,0.5507214,0.14831784,0.30536467,0.013600953,1.0825281,0.31077003,0.5669218,0.3293025,1.3411968,1.2286752,0.3163787,1.3404815,0.38071227,0.12882169,1.0690774,0.7621903,1.0876998,0.8966348,0.640487,0.47108242,all_pothole_images\pothole_images_2_image_426.jpg
1.1395302,1.3804488,2.7594004,0.18016812,0.004469307,0.24822491,0.9251516,0.36897114,0.5442021,0.8617133,0.52446413,0.40611982,0.21946801,0.3577987,0.42095914,0.9390117,0.057946935,0.6058775,0.4415755,1.3477407,0.5941728,1.2871503,0.003035722,0.0044290163,0.14916798,0.5414749,1.0115392,0.38468394,0.04945136,0.28515774,0.04496233,0.15202832,0.17260176,0.05545574,0.16519842,0.24018715,1.1877208,1.057356,1.5197281,1.05099,0.8445648,0.06446369,0.09487257,0.29857972,0.03346881,0.2874713,0.112106204,0.030163864,0.8212261,0.06946282,0.35351026,0.07513756,0.1041481,0.22798891,1.1804339,0.4169768,0.925914,0.14790449,0.19955498,0.3540492,0.28731865,1.0139272,0.0020340264,0.117107555,0.2384306,0.5007759,2.1496239,0.69143075,1.2452674,0.05130136,0.0,0.23702286,0.4642909,0.3466318,1.6767089,0.2043763,1.0364076,1.4353787,0.8462824,0.052530948,2.0128715,0.030655133,0.105203986,2.4678466,1.1660118,0.20685357,1.0480103,0.54297304,0.67061955,0.2658103,0.27503917,0.41742662,0.11446074,0.13874733,0.41727033,0.12596674,1.5058798,1.0665792,2.3488767,0.42965806,0.4469007,0.5780652,0.537406,1.327084,0.0358804,0.5901924,0.10857395,0.10313476,0.28795764,1.4895549,0.0,1.7268941,0.38259,0.0943569,0.0021315499,0.18861973,1.9072617,0.8575841,1.0555111,0.11809286,0.10575612,1.0537099,0.17459682,1.6459748,0.2606011,0.49224323,0.60413337,0.074343465,0.38327146,0.00691048,0.25250092,0.4692642,0.3356765,0.41796094,1.3901031,0.13077806,0.2682973,0.23039173,0.56879455,0.020366926,0.12352324,0.96642864,0.4031004,0.10158599,0.6782468,0.51703066,0.72269565,0.70658064,0.72628427,0.16845018,0.49090973,1.2355222,0.0,0.22304587,0.120104186,0.13444862,0.30801275,0.11690231,0.71943194,0.049509168,0.26717553,0.015946161,0.24905154,3.6177433,1.8493847,0.9267413,1.3159618,2.11599,0.025282394,0.22183636,1.269879,0.20512748,0.4990064,0.121481135,0.4454286,0.0,0.0,0.07767677,0.5532029,0.054598246,0.13989079,2.1055048,0.70716023,2.3387434,0.47426808,0.13384362,1.0466218,1.8476125,0.04660765,0.2742206,0.034498606,0.13390917,0.58038753,3.971367,0.13976821,0.0,1.5076398,2.185163,0.2353054,0.25551978,0.20527916,0.44135135,0.4813031,0.742672,3.8961859,0.0,1.5506909,0.71227974,0.9667679,2.4883578,0.39994177,0.2285354,0.68764734,0.6472947,0.123161346,0.06323847,0.4073976,0.09939732,0.44729543,0.14496234,2.0059466,2.245418,0.281273,0.18324193,1.0081137,0.5877968,0.55065966,0.53045857,2.3069026,0.16263783,0.16758731,0.8812684,0.24902023,0.16692957,0.05823869,1.4533818,1.0759568,1.6588391,0.013233272,0.10715812,0.051114082,0.63968897,0.021252155,0.6371535,0.23229462,0.10144871,0.6925301,0.46772695,1.0386456,0.05403065,0.04925776,1.3309302,0.6479029,0.19403504,0.04195821,0.059229888,0.26216576,1.6217465,1.7036998,0.14481531,0.62988317,0.17556196,1.6442431,0.64718175,0.35711265,0.2408228,0.8880254,1.0357747,0.13380657,0.04674124,0.7325082,0.5377991,0.77228165,0.036088742,0.6194159,0.5146304,0.26083362,0.10676957,0.008582904,0.5520096,0.44577682,0.0025750347,0.3603658,0.05141378,0.15220495,0.10653986,0.44771224,0.24977979,0.10963362,0.00092446443,1.3581054,1.2513329,0.08094224,0.015414227,0.10667372,0.303785,1.0303756,0.7419534,0.1145061,0.37660778,0.25839207,0.16564226,0.37294707,0.2864952,0.257255,0.03246992,0.54623955,0.26773673,0.49012047,0.33343697,1.947326,0.19974342,2.6315038,1.3279154,0.013352581,1.4688789,0.17904232,1.6744115,0.069607444,0.19883794,0.10859232,2.566433,0.84760064,0.11911937,0.49270034,0.5169618,0.83642447,0.23502453,0.4311291,0.110408194,0.1372567,0.5759628,0.3745691,0.2957948,0.2552096,1.072292,1.1121839,0.2424421,0.13609937,0.0,0.21879901,0.16121966,0.29244632,0.0009768992,0.9493635,0.630113,0.03694031,0.89646816,0.29958406,0.83126175,0.3908809,0.18333854,1.6103674,0.53099024,0.42275473,1.6433805,0.52101386,0.57113683,0.13158931,0.8049222,0.022128133,1.1358413,0.6999823,1.0746241,0.5753269,0.12769826,0.95493543,0.12153493,0.52769923,0.032078847,1.7573503,0.18497013,0.1992316,0.059165563,0.31628793,0.0,0.43786886,0.022938756,0.23144537,0.12148387,1.2217234,0.042673897,3.5900466,0.8808716,0.67914873,0.05903534,0.19880053,0.08190203,1.2111437,2.526904,3.291954,0.26121628,0.21781008,1.1379321,1.0388082,0.095010795,1.5807818,0.0,0.10546334,0.27987677,5.360849,0.52490014,0.9045355,1.0606582,0.35525057,0.0,1.1037937,1.25728,0.08165733,0.5162946,0.28756317,1.0624951,1.6975163,1.2301112,0.10659453,0.046165023,0.13265057,0.49691772,0.41581297,0.084301926,1.0336046,0.17589481,0.94158137,0.7410633,0.01885865,0.11981583,0.37621722,0.030938996,0.37648404,0.44793484,1.129134,0.04066644,0.9614398,0.38506383,0.9975968,3.8204968,2.0205274,0.009341935,0.19746879,0.08435686,0.68283314,0.53748614,0.048020758,0.037456326,0.3485559,0.0664002,1.5757586,0.9173464,0.015248318,0.88969094,0.9914592,0.50870603,2.381779,0.50717247,0.014711393,2.1140306,0.16777325,0.41222405,0.29482636,0.3695126,0.003360369,0.34945133,0.28824925,0.0835002,2.7975113,0.40251672,0.33069375,0.7053414,0.20535032,0.15763454,3.4695406,0.117178515,0.5142787,1.3422549,1.0731734,0.76602924,0.3809633,0.6964634,0.12992038,1.4932064,0.39893004,2.1788237,1.2803397,0.14587678,0.23079339,0.82015777,0.21004327,0.17597891,0.8436583,0.9740301,1.4919477,1.066939,0.1316003,0.7615214,0.001894779,0.46398178,0.17682794,0.63382083,0.09270809,0.41297385,0.66296566,1.3194658,0.26881534,3.698095,0.5177173,0.4890434,0.014868379,0.60333467,2.926412,0.013804173,0.09783965,0.3552065,all_pothole_images\pothole_images_2_image_427.jpg
0.18579066,1.0159553,0.5381028,1.5915835,0.71881855,0.39602184,0.18883985,0.040753745,0.19395156,1.4825573,0.2769687,0.08760294,0.1058596,3.389958,0.061638452,0.4144521,0.29052344,0.17476529,2.9403038,1.0784625,0.51734346,1.7926601,1.3463386,1.0521423,1.0001011,0.14354289,1.4302627,1.7450054,0.853948,0.50603944,1.3926394,0.27757025,0.4491046,0.13246574,0.6187767,0.42838314,0.23394662,0.46006075,1.1567103,0.86162955,0.019897813,0.12637502,0.053801842,0.081662275,0.20248231,0.16913505,0.19285363,0.010484137,1.1772666,0.9732283,0.05268809,0.5293401,1.0223393,0.499356,1.2389028,0.4201975,0.8055949,0.38635078,0.10687991,0.762986,0.4006865,1.1857029,0.047218993,0.08004663,0.39083958,0.6262217,1.1982838,0.08688112,1.3565487,0.36757028,0.23849235,0.0057221614,0.5035934,0.14688207,0.016159493,1.1379849,0.26083374,0.22890921,0.049557384,0.20437999,0.0768379,1.7325302,0.27076426,2.8320897,0.010633979,0.6598814,0.21061021,0.18463132,3.4507926,0.45748425,0.23752394,0.2820229,0.0043900604,0.4204497,0.43779755,0.11177182,0.8733547,1.8103456,0.025191477,0.07261476,0.37391028,1.724249,0.35654604,0.22293106,0.90346783,0.4496942,0.29580748,0.107143335,0.01342762,0.7691876,0.17979234,3.0008976,0.7718875,0.83016545,0.075247206,0.24317802,2.7541432,0.38212067,2.3586898,0.75016207,1.5485376,1.6261327,0.2070841,0.36183968,0.4052142,2.6772075,0.15303183,0.75439334,0.80209786,0.73718244,1.5189514,0.01089619,0.5530815,0.23186818,0.36383685,0.6091521,0.0026945446,0.060151227,0.090524495,0.009707328,0.5071351,3.6939056,0.026220638,0.07690799,0.12640333,0.10574015,0.46100277,0.6452027,0.88467157,1.1128105,0.056761343,0.66982293,0.040558618,0.30603954,1.1383826,0.29400158,0.38310805,1.5790629,0.2118433,0.16118252,1.4263414,3.6149569,0.055253927,1.6642336,0.09214405,0.67718285,2.6784182,0.0,0.79269916,1.6091089,0.16175814,0.0052956063,0.09959804,0.07549792,0.9848626,0.0,0.38285846,0.038919017,0.37999088,0.08211895,0.16454048,1.2148256,3.3393402,2.2408412,2.947287,0.47934964,0.30801076,0.09615602,1.1743847,0.94522655,0.5989971,3.075568,0.23884095,1.7809827,0.14547007,0.32767314,0.6390473,2.9330773,0.1359526,1.8239957,0.8531693,1.5288084,2.74195,0.55939925,2.4500675,0.775927,0.049046095,0.54469657,2.026238,0.7928135,0.06869511,0.49336195,1.8837962,0.2404988,1.0191597,1.0358891,0.98797077,0.43482885,0.34713146,0.7017448,0.123400845,1.0174698,1.895063,0.2075015,0.05230549,0.29374787,0.09238096,0.07419123,0.79725695,0.090727665,0.13405202,0.0656906,1.6802034,0.4724563,0.6139891,0.89126086,0.45498034,0.060583267,0.1501021,0.7315224,0.44839898,0.54717547,0.4418036,0.4693652,0.084578544,0.12515427,0.03725844,0.17169425,0.67252207,5.6206083,0.8095526,0.22624888,0.10590907,0.23542042,0.3756184,0.1337498,0.2965117,0.6742176,0.63309354,0.7369176,0.0,0.20581473,0.31880575,0.3309854,0.07389111,1.6940033,0.12351286,0.62666446,1.4391224,0.072857596,0.21078187,0.026559751,0.32347733,1.1057881,0.49953794,1.5030769,0.0857413,0.21717618,0.578541,0.8128357,0.15495592,0.87788314,0.7098012,3.0194542,2.1598532,1.3469177,0.3476733,1.615726,0.47865936,0.40230134,0.23115045,0.04338301,0.2161088,0.67785245,0.57546985,0.58954424,0.6581343,0.07988215,0.26489335,0.6323954,0.023942888,0.15559453,0.025727749,1.0611186,2.308992,1.1741519,0.051009864,0.57272977,0.21847466,0.004436942,0.51145273,0.7271676,6.646719,1.3704742,0.0023375263,0.069856025,0.29681194,1.0040486,1.8122808,0.03281045,1.0609643,0.22172594,0.043898616,0.3336834,1.2680867,1.1026816,0.3824448,0.9513456,0.49257582,0.009515935,3.6560152,0.48197967,0.21898106,0.006343351,0.14951073,0.87572634,0.97163355,0.14015538,0.29351875,0.45828035,0.24202614,1.3858649,1.6087319,0.6270043,0.6536458,0.63800216,0.46291855,0.42230314,0.63787895,1.6236689,0.31245175,0.3237076,0.43877807,0.43078944,0.017845381,0.0,0.04254667,0.82554144,0.26311177,1.6392722,0.0631262,0.024585199,0.41633683,0.18131804,0.3952334,0.21104965,0.5730389,0.38010064,0.0048936093,0.35602444,0.678301,0.10190584,0.5771633,0.60030836,0.6918478,1.0185336,0.12583748,0.14574681,0.0,0.81768626,0.1446708,0.0,2.527269,1.1574445,3.8314202,0.035944484,0.52390176,0.83843076,0.034713145,6.419596,1.423702,2.7055175,0.06601551,1.4917243,0.052525297,1.2850654,0.032369252,1.5761045,0.13521844,0.06587569,2.0654137,0.35549963,0.1717416,0.14743915,0.14561945,0.32254192,0.27618083,0.36787152,0.22351214,0.07424873,0.63369274,0.0,1.0451481,0.15254961,0.09505722,0.14408672,1.8909053,0.3570056,0.2543115,0.15206337,0.7528635,0.22081827,1.233892,1.438536,0.39653948,1.010957,1.2193446,0.39653042,0.2520293,0.7255057,0.31303513,1.1703225,0.07502717,0.49342772,0.15810467,3.3991487,0.47857386,0.28430778,0.2126851,0.7074873,0.12980291,0.21137008,0.022377238,0.022331603,0.0022748504,0.09144538,0.17767213,0.70350367,0.12519562,1.2902128,0.927252,0.0407494,0.6850548,0.46654794,0.548378,2.2285013,1.9137154,0.13338804,1.1003385,1.483107,0.05702335,0.40554503,0.5312299,0.120270684,0.27610382,1.0755322,0.030690935,0.10653769,1.087182,0.69902724,1.2660056,0.36835223,0.09358591,0.23275726,0.6032085,0.11028494,0.24519457,1.0696775,0.3126577,0.37661368,0.11961857,3.0894384,0.9300945,0.469273,0.13770594,0.08695458,0.021269206,0.013211304,0.65027684,0.05871797,0.024778765,2.89665,0.17937571,0.043433234,0.01576144,0.038662456,0.289371,0.533432,0.4407412,0.04100844,0.27361077,2.7731783,0.42411962,0.14062192,0.12246454,0.008418628,1.4898845,0.70878386,0.78208876,0.23169632,1.0367336,0.54353154,all_pothole_images\pothole_images_2_image_428.jpg
0.018464755,0.35202244,0.46221766,0.6791891,0.67916423,1.0705236,0.543222,2.6862233,0.5541412,0.23492603,0.74083275,0.27195993,0.5939415,0.38574046,0.4843137,0.06461681,0.29121238,0.09326971,1.266778,0.7019585,0.26099458,1.1144447,0.17188372,0.036440205,0.05186626,0.3507716,0.17254299,3.1557374,0.0049114414,0.00012181486,0.26154304,0.15840298,0.059965968,0.6937666,0.09230236,0.79850256,0.0,0.00063779094,0.556137,1.7915224,0.000510581,0.23246492,0.17399806,2.8121207,0.63787043,0.22933169,0.100379154,0.35320607,0.28148714,0.6729721,0.26299885,0.37140694,0.09374529,0.71831286,0.7989625,1.2389315,1.2295686,0.23217642,1.8806322,0.37853006,0.09993277,0.25278524,1.8294805,0.12919734,1.6107439,2.8220644,1.1552588,0.19189352,0.90712816,0.1779287,0.27172118,0.6863464,0.114817984,0.0014653754,0.12665567,0.0030448332,0.11686308,0.10641219,0.0,0.26752305,0.31301498,0.07424166,0.5696766,0.33319283,0.25497937,2.2603183,0.21980199,0.20564678,0.5429835,0.27655965,0.059260663,1.5499722,0.072227344,0.4261045,0.58231163,0.010688743,0.20259961,1.2452929,0.53573793,0.12176818,0.015348225,2.0265932,0.009612455,0.5506012,0.26036116,0.25265163,0.042913247,0.0,0.30136183,0.0011836832,0.10444765,0.45545432,0.0,0.05805604,0.13365068,0.038211863,0.7060692,0.2994926,1.1877005,1.0116222,4.1246734,0.26312262,0.357381,1.474578,0.22231884,0.20522057,0.72831887,0.5193678,1.9864497,0.07970891,0.23206426,0.21378608,0.60528886,1.0123821,0.27923948,0.2505192,0.044103067,0.0025755963,0.7565845,0.5565034,0.8287786,0.20447841,0.54579574,0.43370762,0.27379647,1.1937443,0.37182963,1.2799118,0.2662361,0.7152612,0.32761756,0.11463666,0.15435407,0.0,0.6461476,0.16718066,0.123638004,0.00570433,0.23477474,0.16183515,0.09829216,0.1297658,0.20224065,0.5271991,0.22735381,0.020298433,1.477531,0.0016251828,0.09626367,1.0729629,0.008378533,0.009685643,0.011810996,0.05089277,0.5447224,0.18787521,0.04481076,0.08958811,0.020530967,0.68787634,0.085078724,1.7172172,4.88777,0.26684463,0.3290018,0.2778766,0.19674073,0.11680478,1.909073,0.99199003,0.12129663,0.16635038,0.030397592,0.049969282,0.1824276,0.00793754,0.6269115,0.3236359,0.005413348,0.22810866,0.19886152,0.8742316,2.9645276,0.1354679,0.9644057,0.055585533,0.0,0.0,1.8780315,0.18623702,0.28915292,0.5320851,0.089772396,0.6731718,0.20986833,1.2885203,0.7058703,0.2719616,1.3615464,0.69467574,0.029602278,2.5069172,0.3878323,0.47050947,0.36242396,0.064538255,0.9743987,0.31426486,0.5673483,0.5575495,0.4598085,0.528655,0.97791636,0.4206951,0.8137577,0.13081121,1.1654325,1.1930746,0.0,0.13465431,0.18702981,0.061762303,0.04582191,0.09813083,0.076904975,0.07402388,0.43346322,0.07737796,0.04662951,2.9520893,3.3604443,0.013057155,0.06474321,0.46720967,0.0019000183,5.0309515,0.032467965,0.028827485,0.085784465,0.54766905,0.042196415,0.11930295,0.23993412,1.017396,0.49662834,0.094096154,0.086584516,0.018486615,0.56949437,0.0594203,0.0,0.17529744,0.18595201,1.089845,0.38565704,0.3999905,0.052241407,1.1404464,0.06591877,0.0005052979,2.8819065,0.0060302294,0.26433137,0.0,0.025141606,0.06685216,0.79462636,0.33510607,1.4726721,0.18218422,0.073441766,0.74927074,0.41949156,0.7411359,0.19777285,0.23349465,0.0,3.7053738,0.1989446,1.129367,0.08735567,0.28770208,0.24377438,0.0,5.0679636,0.12031228,0.36471266,0.44741276,0.07347645,0.06131047,0.011314465,0.690804,0.5414997,0.8455178,0.16331343,0.60705996,0.65123624,0.017098289,0.7709815,0.097997256,0.5201812,0.18451719,0.0,0.013077694,0.5266976,0.6708642,0.003947977,0.0,1.6880282,0.28580162,0.8830771,0.33249718,1.1266644,0.10425799,0.0,0.23911159,0.2540259,0.9186848,0.27053925,1.9977161,0.08256607,0.3076338,0.50059366,0.9490578,3.7214665,0.010331282,0.24700148,0.393076,0.28908715,0.24709482,0.15438902,0.0,0.902103,0.022215916,0.00049406826,0.45546654,0.22670749,0.9345175,0.0,0.05793926,0.39583665,0.23508811,0.005908501,0.0,0.042739637,0.16795917,3.6937892,0.010206056,0.20197558,0.25390106,1.0227324,0.112092875,0.7013555,0.091157466,0.3198086,0.21563686,0.1675332,0.19750397,0.10386753,0.03332392,0.0,0.03189737,0.31219515,0.1110523,1.8959593,0.63060987,0.71208864,0.01117453,0.83127,0.4721699,0.8524548,0.41479644,0.25592253,0.9970012,0.07418614,0.067020625,0.74969506,0.13781169,0.03288795,0.19278507,1.7466117,0.05518198,0.29776743,0.35969117,0.39975154,0.13452427,0.40311462,0.43282986,0.0027366707,0.16867499,0.0074812854,2.0791843,0.08154638,0.34616482,0.12956436,0.47766882,0.69424105,0.09165939,0.012860218,0.30003056,0.89947134,0.16834402,1.4026777,3.313064,2.8564627,0.10223969,0.7886055,0.053498253,0.013419884,0.457415,0.2502509,0.0031375778,0.029763723,1.9919016,0.5860263,0.7703672,0.11380094,0.48159033,0.14267372,0.29634264,0.039826494,0.032550268,0.035186525,0.6052049,3.0765996,0.04131564,0.73645335,0.023425572,0.00713281,0.084298745,0.15172818,0.11811552,0.118565634,0.6389234,0.24725108,1.0242862,0.2780096,0.28404433,0.27637237,0.14438733,0.2180277,0.38725883,0.06814688,0.069919854,0.17979555,0.5085416,0.079890534,0.20174506,0.05182702,0.16477858,1.3697387,1.5273283,0.9645035,0.23354289,0.5301064,0.7189586,0.004708185,0.31728306,0.75488573,0.10330313,0.36997426,2.070792,0.6760004,0.0020667175,0.18358448,0.0762796,2.0209708,0.33935255,0.0028625487,0.11559638,0.70782685,2.1667097,0.2089084,0.55185026,0.02017022,0.009837712,0.6067599,0.2508539,0.38428763,0.041567408,0.00029737854,0.599899,0.5005353,0.2901332,0.32855332,0.5507014,0.0,0.060909104,1.1152254,0.1553357,0.9320258,0.14064391,all_pothole_images\pothole_images_2_image_429.jpg
1.639114,2.9826722,1.7148389,0.9235014,0.239316,0.5190535,0.6430946,0.17599814,0.3557425,0.43706337,0.0,0.46747565,0.3539437,0.14923874,0.3133566,1.0687838,0.75949407,0.2661595,0.37676165,1.0779811,0.9579483,1.6576192,0.5630954,1.9003887,0.7770341,0.5979056,0.35822818,2.2607257,0.0,1.856624,0.6134214,0.0,0.71807814,0.7019056,1.3065422,0.18435058,1.4937491,0.30623025,1.1983377,0.48276162,0.07947577,0.0,0.091839865,0.2339804,2.0839202,0.16868795,0.1338015,0.15074062,0.29037672,1.5831687,0.7616773,0.012774338,0.87628454,0.4691892,0.038616657,1.454896,0.06116011,0.4742992,0.6239625,0.04060031,0.08516049,0.39189148,0.100458205,0.34943974,0.018849764,0.4108315,0.6204908,0.9530829,0.33805978,0.59097964,0.30355832,0.54344136,0.61220825,1.0631429,0.17468525,1.1142585,0.19319375,2.0016367,0.045661956,0.16525568,0.37736994,0.043069445,0.22221796,0.9489701,2.1270065,0.5394311,0.6105749,0.30385107,5.4262896,1.170186,0.22613929,0.45721167,1.6109045,0.46572128,0.2357014,0.82356215,0.7542476,1.2355661,0.42260608,0.3826971,0.7031286,1.2364516,0.6925937,0.500408,0.04328563,0.006415453,0.18771172,0.61797667,0.6469424,0.57082474,0.5910792,2.2039478,1.6110022,0.5114487,0.14112315,1.7645103,0.7817164,0.10337464,1.029987,0.4898365,0.47825408,0.73718274,0.6220491,0.58746845,0.55968577,1.4435105,1.1370302,2.1640859,0.38484788,0.5462443,0.06079849,0.057157103,0.38534206,0.12321103,0.3059314,0.5794095,0.010737007,1.1998965,0.33085385,0.0,0.06676866,0.5851184,0.15697044,0.2506181,0.51399434,2.339127,0.69988364,0.06181229,0.028732657,1.0998231,0.8421502,0.25854254,0.70602584,0.029779721,1.6119288,0.47226232,1.1936107,0.15999882,1.3172698,0.8984159,0.7588405,2.155518,0.32501492,1.7759321,0.08697891,0.66944325,1.7967112,0.08438641,3.1175935,0.2755197,0.23296994,0.0017198905,0.3490045,0.23869908,0.9148501,0.52637786,0.43154386,0.07294271,1.0809186,0.78851086,1.1484545,1.4674598,0.12639442,1.3814868,3.591889,0.011240208,0.1501299,0.41940516,1.7656169,0.74168813,0.015041361,1.0464926,0.098286234,0.3556098,1.104356,0.06791853,0.7488289,0.87465215,0.49599233,0.66793275,0.622435,0.8818421,0.0025275745,0.97028214,0.24041754,1.0237077,0.5531722,0.353608,1.706913,0.36985326,0.48933208,0.0,0.51326,1.1259409,1.2896682,1.3002965,0.3450535,0.1550599,0.6120857,0.6113778,0.7305105,0.01773044,0.74725735,0.22657213,0.106386155,0.4603422,0.45277238,0.34679565,1.7969382,0.21289362,0.040876452,0.4248678,0.7273496,1.1909851,0.20485227,0.64686006,2.1629791,0.32953224,0.01535422,0.1347449,0.33706897,0.12066158,0.015494978,0.0,0.2754343,0.05612296,0.5311341,0.22682504,0.75424767,3.8466477,0.38582122,0.65149766,0.73803383,0.23475759,0.404242,0.4672964,0.7586996,0.23463634,1.2781619,2.0698721,0.21431728,0.050948404,1.0680186,0.00012656071,0.098706804,0.5590324,2.5781279,0.59116685,0.9452867,0.3045506,1.0397629,0.22992975,0.4742831,0.7847491,1.1613516,0.8843787,0.10715218,0.1613034,0.17105098,0.72578377,1.2764386,0.21140225,0.92072636,0.65342075,0.86905074,0.5578902,0.05675072,0.51797,1.1541786,0.57882017,0.14532374,1.5913509,0.21531786,1.3300712,0.068310976,0.33448082,0.924668,0.6924121,0.6010845,1.5067838,0.9348611,0.4474898,0.3566189,0.95477605,4.29517,0.25981545,0.24262229,0.72297287,1.4306438,0.36361635,0.14414927,0.8503162,5.1240554,2.5736394,0.055269424,0.27707145,0.4446817,1.9645267,1.9168118,0.03227689,1.2226177,0.21802007,0.13694187,1.150589,0.20123608,0.77862585,0.33993825,0.21234722,1.8607178,0.2012193,4.6829367,0.07081612,0.1326819,0.006052191,0.30685773,0.066699065,0.35609186,0.02521158,0.13041458,0.8444354,1.1209536,0.1281494,1.6643922,0.3387237,0.4595935,0.3985139,0.3826639,0.3294805,0.25592408,0.8255875,0.031073144,1.3544501,0.32602102,0.060880575,0.18697268,0.35638273,0.49377662,1.4336342,0.7595447,1.4536072,0.017342191,0.30784893,0.038405903,0.32489288,0.03101652,1.2156341,0.40988517,0.20151421,0.5526559,0.004446306,0.033010177,0.718042,0.43825257,0.073491156,0.8190404,0.47882172,0.15670593,0.457253,1.0461031,0.98246217,0.50778157,0.30329648,1.7812065,0.7951101,3.071205,1.1515433,1.4353746,0.4193789,0.4819645,3.4714437,0.28608155,0.78859997,0.048985552,0.31672955,0.0,0.022156453,1.3171694,1.0502329,0.0,1.1832334,0.9950857,1.0976415,1.2254448,0.26926535,0.13008241,0.023988573,0.10590297,0.23670976,0.2041654,0.6358798,0.69135255,0.009070682,0.025743026,0.5065241,0.089051634,1.0145103,1.4496055,0.6830961,1.3424066,0.45615074,1.0179633,1.4586309,0.73743564,0.40630764,2.677421,1.3212029,1.8340008,1.9120198,0.64913034,0.648691,1.1762736,0.24434513,0.68075955,0.37059632,0.9541181,2.6037028,0.8584076,0.06576243,0.07756794,0.40305537,0.9375797,0.71621233,0.5571221,0.14427514,0.32212976,0.33791375,2.6636894,0.6192901,0.46456674,1.5478002,0.26179922,0.7842212,2.3340523,0.99382716,0.9402847,1.1366948,0.99588525,0.82876074,0.6646891,1.3572007,1.1486872,0.26771036,1.1875747,0.4764811,0.7557366,0.72149086,0.65039873,0.09811866,0.94946617,0.67408043,0.94566274,0.3301178,0.76034826,0.92648506,3.3374023,0.11095384,0.014901614,0.83674276,0.012950247,1.085309,0.58027244,1.890174,0.35479036,0.33962634,0.10444773,0.0,0.6402004,0.31333426,0.39343783,0.09401688,0.48119527,1.7364013,0.697784,0.2712256,0.007632731,0.058188215,0.55072665,0.26263565,1.0818478,0.040989485,0.27622828,4.551943,0.2671742,0.49036714,1.4680104,1.8386147,0.27701616,1.2790916,0.74804974,1.4956675,0.013890466,0.7104335,all_pothole_images\pothole_images_2_image_43.jpg
0.3385926,0.22418496,0.15985784,1.4899096,0.5141253,0.01763486,0.6775422,0.36875445,0.93794763,0.64201194,0.6574669,0.8092059,0.16294393,2.0727177,0.1503106,0.4498098,0.14183745,0.88711816,2.4150944,0.307724,0.0732529,0.92226076,0.13083097,0.26795593,0.8593538,1.6140066,0.76180303,1.1044996,0.17625855,0.06252359,0.99862653,1.2184086,0.301224,1.1065793,0.17114349,1.9079256,0.07258365,0.47719643,1.4554901,0.08416077,0.2145038,0.011629496,0.066616215,2.654922,0.24574022,0.56761396,0.39630967,0.11732639,0.7132961,1.1972,0.7858229,0.1586961,0.16844508,0.24778579,0.47602868,1.3099792,0.79324913,0.18255891,1.3468213,0.009491881,0.14787787,0.29535258,0.14761283,0.01866545,0.73771805,0.70839596,1.1309136,0.105341755,0.9546021,0.27187252,0.05616953,0.4449832,0.16812101,0.2158124,0.3075611,0.4167196,0.6653412,2.4912043,0.76602453,1.2983469,0.03307986,0.31489733,0.71114707,0.29956916,0.7795952,1.094429,0.0574013,0.09622666,2.0544395,0.78532165,0.82345647,0.31203678,0.045489214,0.9840236,0.08238856,0.012490182,0.7713694,1.4820462,0.18771861,0.59534174,0.025174193,0.59058934,0.16828728,1.1190053,1.2161463,0.65545577,0.31176832,0.30457184,0.211402,0.28167018,0.0,1.0275697,0.130714,0.4144918,0.13256724,0.16210574,1.9136305,1.1458966,1.7948732,0.8257921,1.3140349,0.16373034,0.0,0.545102,0.44285524,0.3562051,1.9786322,0.69527406,1.1396413,0.62586427,0.07289323,0.3401312,0.40163988,0.085204,0.20976403,0.9709433,0.6301042,0.082753405,0.031204661,0.1244087,0.06708581,0.3263354,0.46439007,0.15132365,0.10613365,0.3909433,0.008827953,1.1076877,0.56409246,1.2080746,0.6298595,1.7618364,0.26411712,0.75662637,1.7038231,0.8109724,0.63861847,0.09415542,0.36568585,0.70241034,0.7798791,2.1776083,0.25777438,0.13674735,0.50288504,0.679018,0.06254148,0.07357105,1.1702054,1.4889218,0.83157235,0.971846,0.05632221,0.0073404876,1.3874319,0.03328271,0.27031738,0.00673637,0.54047054,0.73179793,0.018185234,2.1082792,1.5599879,1.2312508,2.2467272,2.2069488,0.7576482,2.1825418,0.9185101,0.8794141,0.89132273,0.4226774,0.4907223,1.5090164,0.07216401,0.08025166,2.5134046,1.0884988,0.7276866,0.26837227,0.062154744,1.343334,0.9490177,0.2972192,1.766375,0.56576616,1.0761328,1.2094449,0.9249995,0.2963611,0.074969135,0.52207625,0.39792737,0.017706173,1.4921947,2.752186,0.26777607,0.036814578,0.121232614,0.12324026,0.49809635,1.0226451,0.44547862,0.42888913,0.26712412,0.023731623,0.6505804,0.110692434,1.128788,0.36152223,0.052837674,0.99878985,0.24978855,0.73622143,0.34351888,0.15799621,3.4572403,0.23849548,0.06740474,1.2687533,0.04958978,0.32191494,0.17867923,0.2581932,0.28876635,0.15520881,0.8341049,0.043851145,2.4204998,4.234267,0.2660098,0.6901445,0.37230334,1.0356616,0.13919926,0.3005685,0.33144414,1.457038,0.69602674,1.419735,0.050437927,0.24565615,0.4472487,0.598122,0.65120524,0.19749993,1.601851,1.1686515,0.728714,0.06158646,0.28684196,0.1369243,0.15402168,0.868315,1.6712921,1.062164,0.40705758,0.05616766,1.3410212,0.2808735,0.09468905,0.2594401,0.5254941,0.95698273,0.22253764,1.5753617,0.6778644,0.2360072,1.8263633,0.096093185,0.1500683,0.101399936,0.02577144,0.8764418,0.61306274,0.52590156,0.47372273,1.1016079,0.55693513,1.8396385,0.14255701,0.66018116,0.4914009,0.7193965,5.5613613,1.2215712,0.4404799,0.51803005,0.32745048,0.71740574,0.4797548,1.666739,3.112603,0.64915323,1.264585,0.6135653,0.0,0.27897495,3.6119328,0.16741455,1.1838053,1.0119157,0.75593364,0.36460832,0.4065256,1.2953613,0.29591098,0.22703077,0.19536743,0.28184453,2.7819428,0.5959125,2.2381933,0.035420217,0.24779247,0.1335313,1.617534,0.75080884,0.17650624,1.9775577,0.8332672,1.0468404,1.5694652,1.4236481,0.39278558,1.069887,0.7104755,0.99265695,0.036961976,0.32279363,0.78674024,1.0506092,0.7342698,0.4187499,0.06597632,0.24879323,0.5820958,1.1971809,0.7808562,1.3646479,0.43208387,1.2200706,1.8269992,1.3069766,0.16853406,0.70846844,2.188408,0.0028819712,0.17546062,0.29195976,2.439207,0.8439861,0.45972425,0.18193863,0.38650897,0.30246338,0.23097818,0.12023233,0.41604337,0.66996,1.0366627,0.2437669,0.65442455,0.55194825,3.0703156,1.329055,0.7737435,0.0265299,0.19561459,2.1814096,1.6670893,0.8696925,0.8998735,0.1733061,0.3090082,0.038593385,1.0022585,0.5389368,1.794457,0.30728573,3.9493818,0.2366848,0.5716066,0.5353822,0.7225739,0.094771035,1.0571227,0.09650529,0.07227829,0.26907018,0.73931247,0.70669645,1.1458564,0.38396415,0.10819362,0.023798276,0.34810492,0.38829407,0.8177649,0.14058083,1.1970583,0.3300705,0.9001797,1.5737485,0.090467215,0.047924917,1.0407498,0.9321494,0.043109823,1.1418581,0.43590015,0.17221087,1.3491142,1.1367611,0.7750687,3.087038,0.6216159,0.88253605,0.004245176,0.6344286,0.6885263,0.29825217,0.24001627,0.30313078,0.7810549,0.02288116,0.03574121,0.12454254,0.36126682,0.88357913,3.385536,0.36637905,0.9289236,1.9939095,1.1238081,2.396792,0.08896793,0.6602061,0.37303498,0.5592736,1.4240617,0.23799413,0.69526964,0.082780674,0.65503365,0.45611665,0.9443026,0.004682428,0.20920941,0.24265242,1.4716382,1.505067,0.0,0.61427826,0.6758176,1.0682676,1.0442047,1.1320932,0.535442,0.012669016,0.14161614,2.982395,2.1618123,0.08185982,0.12137097,0.26103884,1.0079488,0.37220687,1.0654339,0.17655025,1.2352382,1.7581724,0.56220174,0.10784268,0.024667853,0.09008472,0.00041698158,0.5637437,0.20480111,0.1949625,0.4104911,3.6248784,0.6483205,2.4676554,0.6426162,2.835017,1.9171824,0.26886293,1.1644894,0.38372487,0.032848302,1.4627573,all_pothole_images\pothole_images_2_image_430.jpg
0.12921354,3.3384562,1.2427603,0.11879614,0.6320249,0.6093347,0.6323476,0.36902314,0.68195635,0.1668693,0.65788406,0.23840709,0.12089139,0.48533082,0.519842,0.9999607,0.6704158,0.025164055,0.4757416,0.02971801,0.06361937,1.3907167,0.4564549,0.9786109,0.27836114,0.5398259,0.10102986,1.6343305,0.0,0.59547544,1.1335683,0.0147377495,0.014698106,0.4198806,0.47314906,0.08986372,0.39743492,0.35574841,0.31057388,0.5574229,1.2825078,0.62673247,0.6225672,0.58412355,1.6468096,0.0,0.8056128,0.0018695787,1.5215176,0.0022704932,0.3789322,0.009655324,0.15529008,0.18631531,1.0406535,1.3928188,0.9455906,0.70615363,1.2215878,1.1245248,0.22295484,0.7655065,0.6973018,0.11859748,0.2329703,1.0386616,1.8810309,0.19727041,1.4201697,0.93428195,1.0662645,0.17831422,1.5937808,0.23173195,0.20908168,0.21372038,0.12181164,0.59640104,0.5650969,0.23270722,0.73589,0.9115815,1.402006,3.2142513,0.8250692,0.51843244,0.26032555,0.38248882,3.8311636,1.7417456,0.0985055,2.4125893,0.48487943,0.7500036,0.63815916,0.5241584,0.47622076,2.6501758,0.14877246,0.29024833,0.2635862,0.022245908,0.47645608,0.84360737,0.5198795,0.66371924,3.4924693,0.039407738,1.0842999,0.8231993,0.62903494,1.4589703,0.0,0.3504957,0.11601356,1.4139314,0.60901004,0.20350303,1.0494924,0.390026,2.4021392,0.60021496,0.38672605,0.9161377,1.2449,1.4834541,0.5227902,0.3863569,0.26384377,0.39333025,0.32892126,0.49280217,0.18578295,0.8126064,0.5340393,0.2471842,0.1337095,0.0968435,0.967881,0.2772518,0.38074204,0.20419183,0.056010835,0.73337644,0.05879781,0.28032023,0.035804328,0.07838007,0.22866526,0.9823119,0.098204516,0.3306091,1.1167852,0.19016528,1.4162308,0.8704796,0.2789764,0.67003053,0.2022954,0.2039484,1.3369778,0.2054108,0.73075414,1.6395388,2.886026,0.1856038,0.47698092,0.053588264,0.72493374,0.2208779,0.5131261,0.13167498,0.7968773,0.08211559,0.66263884,0.08236216,0.50761324,0.25066736,0.36831087,0.58107126,0.10598034,1.3297355,0.72383285,0.45992684,1.731945,0.551161,2.1272964,0.8275752,0.35960808,0.42095798,0.2108764,0.32294285,1.0721669,1.6736721,0.07182634,0.09589303,0.3507398,1.01159,0.9131025,0.42674878,0.03828466,0.27491784,0.4529543,0.15294321,2.5403826,0.6446042,0.10669724,0.6369682,0.23704939,0.4108058,0.17082666,0.8959235,0.5044592,0.061927065,0.8750909,0.5196417,0.24876718,0.13092868,0.24514459,0.48649892,0.031381477,1.6425574,0.13847327,0.85041535,0.70994955,0.035820674,1.3427541,0.02996196,0.76709557,0.6137619,0.49327743,0.06300754,0.23574841,0.1543342,0.76792717,1.0246805,0.5074933,0.0,0.35189807,0.6655838,1.1119822,0.8562432,0.044338886,0.59383166,0.14757505,0.01086042,1.1926725,0.20146772,0.3219633,1.635011,0.758073,0.3526467,1.3085706,0.25710532,0.42082128,0.012635964,0.6223626,0.64007425,1.2674537,0.18531616,0.24648367,0.26894853,0.12437402,1.1858433,0.10198386,0.8497964,0.758286,0.55047077,0.77810436,0.1850161,1.046663,0.33266526,0.5735274,0.5926631,1.1169362,2.76061,0.7197797,0.8061814,0.33339396,0.39637107,0.15907808,1.3391674,0.0003146041,0.3366497,0.822053,0.057738848,0.54519355,0.6373568,0.73623043,0.43319702,0.5119092,0.2305122,1.0944443,1.3646427,0.9462481,0.78832054,0.9788835,1.6442983,0.3145624,0.16299666,0.101639025,0.10562999,0.30405685,0.43586946,2.8642266,0.74783385,0.15895528,1.55264,0.3023205,0.28599718,0.047599543,0.6640229,4.3153114,0.2379091,0.38079,0.19330387,0.14417548,0.18485987,1.9672121,0.048145875,0.3485311,0.050615422,0.12724604,0.3762907,0.11698071,0.3458817,0.6095216,0.20348226,0.28290284,0.40329874,4.6196465,0.7685072,0.5731023,0.35653728,0.0,0.07503696,0.6274465,0.19419187,0.67241526,0.7078278,0.1655587,1.8921928,1.2715753,0.34104505,0.30218163,0.18736802,0.48986053,0.5232154,0.023146344,0.637219,0.4302815,1.1361549,0.47618616,0.52403724,0.26639885,0.5009916,0.7661021,1.1405929,0.15111434,0.16236813,0.17912938,0.35234138,1.0861548,0.0,0.122872904,1.110564,1.2880188,1.6193954,1.2700202,0.081655316,1.2073517,0.7514237,1.1941772,0.7474376,1.2208472,1.4629605,0.14793102,0.8779101,0.53816867,2.1081378,0.7774812,0.39728576,1.3290533,1.4060131,2.2830026,0.10552211,1.3161764,0.13082297,1.4628679,1.398367,0.9349552,0.92185616,0.0015578595,0.17203438,0.55070215,0.11334761,0.23504545,0.768688,0.17651634,0.5889529,4.5673366,0.02699593,0.17936881,0.38670292,0.28237495,0.07701478,0.63374585,0.8688795,0.010793062,1.8856827,0.37761387,0.6851494,0.87126493,0.44543317,0.1663669,0.19935268,0.6381714,0.010655522,0.5474828,0.12578204,0.027953407,0.021803865,0.34205657,1.0325782,0.044248533,0.6358735,0.27167097,1.2364802,0.21788669,0.3778262,1.5733225,0.32754025,0.30469888,0.14194673,0.3733307,1.65122,0.3137308,0.36641654,0.74697685,0.93634444,0.014025057,1.0300967,0.8359591,0.64853376,1.2032027,0.43157643,0.8315898,0.3450972,0.058139235,0.42082432,0.4470227,0.64846236,0.50956047,0.4349068,2.1562788,1.0055908,0.6021352,0.5826975,0.12192049,1.0213429,0.48602834,0.16342723,0.83637595,0.034077857,0.9580181,0.5813577,1.0450497,0.059195857,0.6238126,0.24250598,1.2497576,0.86272335,0.6572376,0.02399396,0.69435984,0.15350482,0.24564423,0.23530088,0.21087402,0.19944534,0.43825504,2.315625,0.16336079,0.20477597,0.2280835,1.0150864,0.63560075,0.35127234,0.5596663,0.0062208325,0.48003238,1.0846856,0.12510118,0.058520015,0.08497766,0.6217496,0.32442716,0.33341613,0.40884945,0.8734647,0.28214014,2.3180337,0.79811263,0.27730283,0.20426993,1.3446132,0.0313461,1.2767377,1.1490384,1.2319092,0.84812117,0.3591624,all_pothole_images\pothole_images_2_image_431.jpg
0.19178978,2.2437718,0.59835565,2.9497797,1.7580615,0.65674645,1.4937485,0.0040110415,0.67766124,1.1895396,0.5090512,0.1706767,0.30421308,6.476748,0.3653042,2.521396,0.6898392,0.7595579,1.7707665,1.0969927,2.3437428,2.0065596,1.3414141,0.32877335,1.5516846,1.7324744,1.6935023,2.8101494,0.5405379,0.5677607,0.61727625,1.4069501,0.48085275,0.893047,0.3286921,0.8682982,0.07691239,0.99196994,0.19266662,0.22513895,0.6627303,0.72729445,1.4121907,3.520688,0.4763558,0.31381765,0.0,0.11061187,0.54403776,0.7350319,0.7340111,0.6672648,0.21169199,0.89480704,0.5669115,1.081666,1.6318723,0.027791364,1.7173599,0.41293228,1.1191305,1.2471241,0.7992209,0.3332291,0.9130272,1.049483,0.8419335,0.10108707,0.2588074,0.057730928,0.9690122,0.7108841,0.29937133,0.3972288,0.5218795,0.47114375,0.8580834,1.8445022,0.6202281,0.5730784,0.2597644,0.055281498,1.017005,0.59186524,0.23734516,1.6371176,0.9480286,0.03504641,3.5987585,0.8059106,0.3383645,0.41561863,0.64039344,0.6929399,1.4485804,0.014238612,0.88499415,1.0301301,0.86359894,2.2853994,0.027636468,2.4960678,0.4746387,0.14737235,0.91831875,0.6018445,0.36713564,0.124235,0.12025229,0.55931085,0.35056868,2.1836734,0.41359818,0.055857424,0.41047096,0.70450443,0.7600065,0.06817931,3.1161342,0.25335884,0.097996935,0.41047886,0.58953744,1.2369493,1.8759923,0.6301656,1.1235627,0.3142838,0.26606953,0.70350426,0.74324846,0.047847427,1.1585109,1.1481644,0.33906546,0.452573,1.001788,0.4499377,2.2007847,0.4255844,0.48085722,0.113120474,0.4715956,0.92707837,0.10366993,0.5779243,0.19982375,0.08522956,0.25753027,1.7737153,1.1250777,0.8231702,0.118997514,0.8836836,1.2524303,0.79552543,0.61300516,0.24309604,1.2161293,0.58111125,0.6211828,4.220456,1.0062332,1.9784803,0.88214374,1.8020338,2.5057392,0.64953256,3.38588,1.5028242,1.1809131,0.39804828,0.48745614,1.4457954,0.9679945,0.066778146,0.98235834,0.51199424,0.47776675,0.44268155,0.15856367,2.4198086,1.9927586,0.4100476,0.9413776,0.33257097,1.5902151,2.582368,0.184383,1.9405146,0.9893902,0.82370603,0.0703103,0.39702573,1.042959,0.5361084,2.877792,0.93399686,0.6031953,0.30173084,0.36989734,0.8919321,1.6559647,0.22615795,0.5559856,1.0939695,0.25217667,0.45541373,0.12608843,0.6230043,0.028448176,0.10909219,2.1247675,1.3131559,1.0772399,1.1776457,0.8491129,0.00996013,1.289795,0.623171,1.5061194,0.05674084,0.30254838,1.3213295,0.5873563,0.5067803,0.869497,0.5296315,0.24308792,0.3105814,0.15728575,0.42286345,0.67925906,0.6564083,0.3060116,1.0428119,1.4429631,0.32861382,0.021267124,0.7390535,0.5060416,1.358319,1.260746,0.57103866,0.43159056,0.22969322,1.6456112,0.30121782,1.7962779,4.0698504,2.707226,1.2391119,0.2715499,0.9063882,0.8651828,1.0211209,0.36528733,2.1606183,1.7998027,2.5592785,0.26179364,1.8011898,0.3112028,0.9988979,0.14483461,0.18438224,0.69446623,1.2473866,3.0326686,0.7000987,0.5843432,0.0,1.341438,0.26038203,0.6831709,1.7458433,0.13543907,0.72406846,1.9906607,0.341993,0.48838034,0.92427367,0.027885264,1.8817269,1.4097147,0.79785824,0.69823253,1.0571202,1.3807477,0.37159023,0.049045693,1.6864281,0.44055712,0.5639645,0.68705297,0.63072765,0.9613491,0.95153457,0.9854065,1.6446029,0.7760131,1.7950107,0.20547557,0.4992292,3.807995,0.51043594,1.3947672,0.24081062,0.9128867,1.0944564,1.0460776,1.3026177,2.6814995,0.78891784,0.25178584,1.1673309,1.2545518,0.64282024,3.5509026,0.11854496,0.008295088,1.3260498,0.14793329,1.5755241,1.1955966,1.0709229,0.46065745,0.7462032,0.30546558,2.0412972,0.47275466,0.83169305,0.34284547,0.9550804,0.23174143,0.75225353,2.9647608,2.7999055,0.17881498,1.684154,1.0508195,0.84687155,1.4203929,1.6542493,1.7717792,0.1018427,0.10020144,0.36952952,0.66104186,0.47705412,1.7789576,0.51243806,1.3179637,0.7556783,1.0895543,0.15993054,0.46170712,0.5527774,0.4997061,1.8398948,0.4145451,0.12178373,1.1047843,1.9872184,0.37226042,0.2601011,1.2203108,2.1772468,0.008407446,0.8455879,1.2374544,0.4189109,0.37211588,0.27225825,0.14602318,1.175907,0.1392821,0.32196623,0.11648147,0.11489088,1.0149498,0.72333694,0.48699304,0.6439765,1.6250458,0.48367703,2.3690574,0.06519039,0.29018298,2.8145742,1.2575701,0.2953273,0.10934477,0.5316436,0.63738346,0.043955132,0.13710059,0.071676664,1.313162,0.015178016,0.92563206,0.26901934,0.05963162,1.4701207,0.6066526,0.4615851,1.4874966,0.49406153,0.27967262,0.81483537,0.18412879,0.84557885,1.1446462,1.0110465,0.1165091,0.22019987,0.6572851,1.104351,0.2529481,0.57100487,2.028701,0.37667236,0.63698554,1.8304988,1.6780885,0.10573915,0.704089,2.067783,0.546539,2.1341715,1.2534924,0.49532726,0.83248544,0.29061165,0.47540927,2.059532,0.6844036,0.560406,0.41323283,0.21275756,0.9238715,1.3174778,0.21574773,0.1426672,0.62781304,0.68229914,1.7999827,1.90898,0.38067198,0.6612269,1.8904263,0.61595255,0.5034328,0.14013934,1.5855393,0.68752176,1.7849202,0.6296557,1.2532663,0.41880152,0.6237422,0.25244197,1.2187116,0.052109852,0.44186503,1.9949346,1.2471422,0.06492249,0.78092885,0.13483216,0.6339178,1.621535,0.9153084,0.041695524,1.6115221,0.32826805,0.6222944,0.7367988,1.5814195,0.09514962,0.7290756,1.7272763,1.0458754,0.268982,0.12967092,0.5704605,1.4831431,0.6089011,0.9821995,0.20845643,0.36285475,3.2236958,0.14468643,1.3720344,0.031952355,0.18161349,0.18792166,0.50394094,0.2727659,0.32004783,1.3387766,1.131842,0.25312817,1.9759454,1.7021226,0.46388516,0.7218838,0.3043081,0.24996784,0.6702983,0.08608239,1.0700527,all_pothole_images\pothole_images_2_image_432.jpg
1.3974403,2.892844,2.3599415,2.275622,0.3635171,0.86776596,0.30579662,0.33288363,0.78042835,0.6529193,0.38033232,0.13613087,0.02833859,0.4338454,0.20089188,1.4064537,0.24414365,0.2705632,0.24298745,0.67541695,0.069582865,2.4586043,1.3200653,1.500666,0.32293192,1.1185793,0.2632948,1.0738722,0.0,0.96282864,0.3885438,0.09306256,0.0039024367,0.47873336,1.4758145,0.32429656,1.0551895,0.8462296,0.67655903,1.9984183,0.38093555,0.1590243,1.3504285,0.42366835,1.3437934,0.8012815,0.0,0.20155147,0.4534294,0.66962105,0.19035076,0.43648568,0.4341404,0.4862056,0.290572,1.7303668,1.026847,0.0128173195,0.3181061,0.19057854,0.49339783,0.06620871,0.5266665,0.4460938,0.32877824,0.5299467,0.86508304,0.47340664,1.7716758,0.4723843,0.3127599,0.6285983,0.66473985,0.3676762,1.3454747,3.4431114,0.7317482,0.41370755,0.71715873,0.79355556,1.045276,0.21242487,0.1989465,2.1549544,0.6815382,0.5695023,0.43214357,0.014851484,4.3344493,0.32678145,0.32276687,0.21312967,0.3145762,0.69263333,0.40246487,0.03685883,1.6403997,1.5016598,0.19555518,0.5328672,0.06580452,0.57588696,0.2744618,1.1894735,0.38635558,0.42818046,0.11214558,0.09172259,0.37237653,1.7422014,0.24154952,3.1925793,0.7264876,0.5151999,0.563541,0.15969,1.4700981,0.0,1.2891072,0.6227796,0.7121986,0.5702527,0.08395741,0.77319443,0.3311504,1.3525046,0.79763526,0.16874033,0.22431038,0.0054674987,1.957365,0.1583434,0.53894925,0.1449633,1.0063798,0.45054767,0.122968055,0.75479835,0.11008307,0.06755035,0.36650288,0.39027023,0.46130443,1.2859709,0.1663798,0.64648014,0.77434194,0.25163317,0.40600142,0.081635766,1.2346387,0.94351274,0.065241806,0.06169141,2.211128,0.17980501,0.34283993,0.49153993,0.34053564,0.42010832,0.5568935,0.19653301,0.06776329,1.0072199,0.041260894,0.9313102,0.9782761,0.037980802,1.151227,0.7981804,0.1443134,0.053841718,0.6003067,0.4600819,1.8588972,0.1370517,0.39711863,0.0045882305,0.34116226,0.04922501,0.36708665,1.778205,0.9204359,2.2639587,1.635071,0.31264573,0.014257786,0.3703045,1.7589378,2.2011344,0.445817,0.32376748,0.06133765,1.698619,0.5793332,0.1282341,0.5095115,0.983542,0.7181668,0.38873157,0.31628385,2.2645996,0.3077603,1.0183479,0.08761766,0.1719965,0.27170068,0.72951096,1.9473729,0.052425828,0.20922413,0.5162834,1.9340854,1.6295922,0.28465942,1.1226624,0.41076863,0.023103246,1.3243972,0.44032305,0.416287,0.7266084,0.5574358,1.1594957,0.7459055,0.9466914,1.3046478,0.17657226,1.5272636,0.4599584,0.31148776,1.7132244,0.6198358,0.47930938,1.2014378,0.15325609,1.367449,0.6068204,0.1397248,0.05468002,0.6055135,0.29394773,0.15171616,0.0804881,0.068979055,0.47935143,0.9006505,0.12463169,0.4624722,3.9649863,1.2205724,0.080428295,0.6621718,0.9294787,0.16802426,0.012748353,2.4043746,0.5053967,1.4382815,2.4273386,0.07273226,0.08027226,1.849733,0.34948364,0.30010188,1.9501966,0.07143729,0.422067,0.9543592,0.03685685,0.42279324,0.31803402,0.08468694,0.5462447,0.6173914,2.0616999,0.8458234,0.0,0.049973138,1.061252,0.100959726,0.5813157,0.6249083,0.2301407,0.4231018,0.34267572,1.0680695,0.87182564,0.5975826,0.14031677,0.7548062,1.2331288,0.0073464364,0.5799922,0.12953168,0.54003197,1.7034365,0.43535367,0.59571683,0.7165746,0.095709875,0.64306355,0.38599372,1.5836519,4.022698,0.31921586,0.32586998,1.164365,0.4151741,0.20363805,0.41238433,0.4003196,5.017238,0.736529,0.19173154,1.8330201,0.22108594,2.3073542,0.82905334,0.22087544,0.46870646,0.43591222,0.03157098,0.0,0.6431447,1.8262213,0.58243465,0.8411853,1.5778488,0.16712482,3.5768447,0.33002284,0.0,0.22776079,1.2551391,1.1085513,2.665771,0.17907575,0.0017039689,0.055425167,1.0761921,0.34859964,2.1834023,0.038821526,0.683739,0.399646,0.27290565,0.2094386,0.08714903,1.0090293,0.29913998,0.52014273,1.5651598,0.6946871,0.2519022,1.7096514,0.28885376,1.4122279,0.20378208,1.3600374,0.16811264,0.33449647,0.43320262,0.16965808,0.27898997,0.13851784,1.3224151,0.082135536,0.4474465,0.16920654,1.6017473,0.6524643,0.33650145,0.09283117,0.6066822,0.19779862,0.09653352,1.0275246,0.06085314,0.22426492,0.09480481,0.23852178,1.5983629,1.9319352,3.1936576,1.5048622,2.7211864,0.0055092094,1.5005399,4.1933794,2.3346994,1.0397408,0.22053206,0.37939495,0.0,0.062409118,0.3086438,0.8745093,0.19511893,0.12802124,1.8536135,0.7214497,0.33543763,1.2206684,0.8754269,0.2557218,0.91501826,1.49797,0.22161926,0.7248588,0.13526797,0.8954651,1.0972716,1.0911082,0.10652552,0.51558006,0.89830065,0.030111471,0.10789163,0.031590126,1.3429568,0.37294596,2.0161839,0.40453166,0.6029081,0.49366012,0.4794458,0.123502284,0.77485543,0.64629924,0.052444927,1.2654957,0.046829708,1.1959226,0.942979,5.37029,1.751987,0.40330124,0.0,0.23345357,0.7448816,0.117119245,0.019347236,0.17834796,0.71689606,0.004964014,3.6042535,1.2652066,0.0030715847,0.6723763,1.4572037,0.8099408,2.8001535,1.0410208,0.608964,2.4146848,2.1050205,0.7398082,0.2664683,1.6636599,0.21520154,0.6251862,0.45959666,0.085673794,1.7168938,1.0665088,0.41727906,0.015285548,0.21666744,2.119619,1.5620648,0.02401952,0.317431,1.1561999,1.0946035,0.28049204,0.08626932,0.69853055,1.3995214,1.4339521,1.8036075,3.074847,0.2714454,0.274763,0.10355121,0.821827,0.8944314,0.7136704,0.50129783,0.0,0.72523093,2.4231336,0.37862256,0.017223274,0.0048997193,0.019206852,0.4953984,1.3026581,0.019997051,0.36451003,0.052498456,6.877192,0.31357622,0.76734555,0.45427004,0.28372154,0.0,0.33901635,0.804324,1.2912066,0.14846498,0.57954,all_pothole_images\pothole_images_2_image_433.jpg
2.4072654,3.0327518,3.1428277,0.40845832,0.21372114,0.097263925,2.6867251,1.7236508,1.040354,1.9092331,0.60291326,0.505841,0.8388442,0.05312649,0.7931993,1.0496342,0.82834256,0.8979328,0.029434199,2.8427408,0.49174017,1.5088979,0.022368856,1.650814,0.37202358,0.10889744,0.40415114,0.50405896,0.087805696,1.6193991,3.707172,0.4548368,0.0,0.59751886,0.22426906,0.48161027,0.39944625,2.0009084,2.0977156,4.2717004,1.6205313,0.038662262,1.1684846,0.36298835,0.84322906,0.9255936,1.3991145,0.0897167,0.63023937,0.28579232,0.049032822,0.9619368,0.20746762,0.5869336,0.9679056,0.39074466,1.5333284,0.45373154,0.38912535,1.0809288,0.14956503,1.0920132,0.114478044,0.044997897,0.20052744,0.9498918,1.4023054,0.8101138,2.31942,0.4043752,0.11734843,0.7944039,1.4301333,0.60969925,0.99526125,1.4331069,2.5053158,1.5951726,0.9199896,0.02053271,0.9683852,0.92225164,0.49566773,0.35035405,0.4639403,1.1887611,0.21125212,0.84074616,1.7192771,0.24872686,0.7782964,0.21137193,1.2587782,1.5834824,2.2608078,0.26657423,1.1027315,2.3826659,1.9412562,0.9310767,0.16085477,0.8586055,0.4136973,1.9844962,0.2181484,0.8925604,0.09846347,0.34497756,0.052851655,2.8828635,0.81896645,0.9900765,0.8089816,1.9354246,0.07891986,0.058978487,1.0841516,0.28622058,0.48836407,0.8206002,1.5615066,2.5724995,0.81553143,1.9252421,0.05132,0.08001046,1.0378894,0.23441839,0.78902996,0.1002622,1.3187535,0.5149006,0.45659032,0.5476132,2.4800007,0.22584943,0.54791343,0.3060236,0.080888726,0.031473946,0.6387495,2.3090708,0.97666043,0.7180547,0.684317,1.1362247,0.09055732,0.85409546,0.07148801,0.693303,1.0048896,0.27397725,0.0047339746,0.07496821,0.69789314,0.90718955,0.89815754,0.27191332,0.058286365,0.43511322,0.8742724,0.29833838,1.3030962,1.1461579,1.2670151,0.27457002,2.025511,0.9671383,0.09256639,0.036483668,0.93419325,0.020220883,0.08889689,0.1596595,2.0109468,0.8845135,0.7387236,0.0013307026,0.9338927,0.14343071,0.3914281,0.96726614,1.0574431,2.5618875,0.81697655,0.18268433,0.2135364,0.75487924,0.15038706,0.09440925,0.6043364,2.3201733,0.19853866,2.923237,0.12893151,0.20293318,0.24479344,2.574165,0.5543411,0.15652646,0.0020215719,2.4811983,1.1245773,0.7005028,0.6429714,1.9067852,2.6588283,0.97821075,2.3956523,0.8270542,0.7739699,0.45912158,0.8039943,0.8826468,0.24104702,0.43736234,1.802284,0.116442695,0.840029,0.018551454,0.5524428,1.1726701,0.050909553,0.18474898,0.912478,1.3281019,0.6885831,0.27805775,0.39562052,0.85010934,0.4049879,0.049330045,0.018268967,0.6536756,0.25566304,0.19389054,0.6233407,2.917129,0.19916366,0.047943134,0.08534436,0.38081628,0.98894554,1.258365,0.77740633,0.9917563,1.9756603,0.8406467,1.3548948,1.499379,0.14986607,0.26745552,1.2162433,1.0034342,0.8070587,0.40636808,0.18131478,0.44519216,2.2997446,0.49348667,0.9100713,0.39488626,4.125663,0.39380774,0.60192674,0.93097365,0.2641656,0.7516861,0.63696295,0.3154883,1.0173243,0.23042445,1.7249118,1.2637997,0.06579082,1.8730365,1.7361661,0.010888673,1.2435971,0.51452667,0.21557465,0.31968597,0.15162715,0.6542702,0.43333638,0.45260602,0.2697284,2.042126,0.8726612,0.92033416,2.5045607,1.1441932,0.76283795,0.108792,0.44948554,0.5255504,2.703523,0.5352798,1.0625662,2.5176532,0.009303458,0.10497457,0.16589019,2.435027,0.24392745,0.07240344,0.8967116,0.51473486,0.70669556,0.32088286,1.3972183,0.91470134,3.5737224,1.5204421,0.12756248,0.6960486,0.18900643,0.32519728,0.16107881,3.50554,0.5920227,0.6667136,0.80351406,0.23464333,0.38624567,1.5865153,0.011321594,0.08213979,1.5033503,0.3159244,0.29845715,0.2823111,0.09780783,0.07590507,1.7304913,1.7010585,0.7984317,0.12376649,0.8900204,0.61792296,1.0826029,0.2750319,1.0373433,0.767989,1.0419179,1.0260297,0.7354445,1.1781012,0.36424133,0.27682215,0.11987481,0.98830706,0.93832946,0.53100467,0.28281316,0.6838964,0.15622853,0.1979694,0.022779489,1.5661297,0.8622139,1.1206005,0.58112574,0.16573499,0.31950837,0.15705788,1.0135477,0.8541678,1.7130363,0.8520911,2.0269928,0.79630184,1.4161698,0.29125255,0.22464296,0.33312592,0.65605444,0.17695287,0.48595467,1.0518191,0.60196984,0.66322434,1.969399,0.25516135,0.37503,1.050183,0.5049035,0.08193253,1.1642979,4.059397,1.585141,3.201275,0.54642624,0.39645144,0.19993314,0.44335905,0.3088108,1.1105918,0.7823901,0.6032881,2.020558,0.44093964,2.3827627,1.1334059,0.0,1.2999562,2.4423761,1.9551338,0.3895639,1.0507349,0.5731132,1.287381,2.692636,2.6854115,1.1255518,0.5996377,0.026019488,0.5286557,0.16969989,0.34855396,0.15000372,1.3721509,1.0410305,0.6919733,0.6464991,0.8112966,0.5054142,0.72831243,0.37349015,0.8662509,0.9560466,0.015766151,1.2067189,1.0775832,0.7712251,2.7569172,1.2749169,0.24669892,0.070555314,0.61071867,0.17300792,0.30854556,0.0,0.73726296,0.91819304,0.0033800753,1.2138276,0.3984346,0.2229749,0.44760755,0.17102648,0.44639143,2.9739497,0.86432326,0.71599203,2.6254013,1.059777,1.9520787,0.39124724,1.4618816,0.0027725154,1.145699,0.33932856,0.27139664,2.9427733,0.51816994,0.6774775,0.54712105,0.9770137,0.08986303,1.8866339,0.36207733,0.55265784,1.692346,0.3720238,0.20251733,0.12041429,0.03234882,0.4675984,1.3797873,2.5718353,1.0114285,0.48381338,0.24905092,1.1612386,1.25153,0.23649418,1.6644384,0.44556865,0.21580423,2.1426015,2.0580828,0.26885056,0.13412894,0.08961021,1.0577809,0.81719816,1.2739879,0.19476643,0.35962144,0.8454387,0.4116384,0.21027203,2.423511,0.21030006,0.12238147,0.24778537,0.22718152,2.1212919,1.036585,0.10135645,0.4242932,all_pothole_images\pothole_images_2_image_434.jpg
1.3270158,2.4075236,1.6434107,1.9422919,0.65469533,0.9804939,0.032520883,0.37691626,0.48197532,0.3592789,1.0901357,0.287826,0.16108516,0.604214,1.0083176,0.09948283,0.42102742,0.048255555,0.61392015,0.8161676,2.0430424,3.436792,1.2014188,1.498456,0.12797953,0.23092233,0.90482384,1.7859932,1.6224462,0.45971006,0.46371555,0.117990345,0.48610523,0.0,0.24433556,0.85664696,0.77970785,0.8157271,0.7744026,1.618864,0.18441504,0.18258749,0.21448915,0.48531863,0.45439875,0.4047683,0.598085,1.1054991,0.800303,0.25834477,0.1596666,0.9168279,0.60815835,0.037471328,1.2286122,0.5008438,2.9088347,0.0013906416,0.34974986,0.6567582,0.3603953,0.3433441,0.5180497,0.115633145,0.56083447,0.990026,0.26109374,0.22655743,0.9570587,0.31008497,0.44854107,0.22446711,0.5554322,0.20801783,1.8680593,2.519411,0.33539292,0.443699,0.03719031,0.09058758,0.16437113,0.46394566,0.6494838,2.7519276,0.90211725,0.9725714,0.113636464,0.05678611,2.7502222,1.1257874,0.005666773,0.4371017,0.21123506,0.6188015,0.4670382,0.27420348,2.436029,2.834964,2.524823,1.228657,0.26705256,0.8674522,0.44762945,0.88528925,2.1543736,0.06360361,0.07534426,0.42933634,0.5044614,0.7916389,0.61976963,2.6340692,1.9633272,0.08577915,0.051995452,0.7039819,2.401277,0.043612227,0.7441837,0.91318375,1.5771663,0.3302144,0.500606,0.5290888,0.15788026,1.0658978,0.57585573,1.0009341,2.8651571,0.3695267,0.59659284,0.03446902,0.20744108,0.5140631,0.32842693,1.674222,0.11303032,2.085306,0.17442636,0.03044734,0.51789653,1.0130068,0.637905,0.16742808,0.23543641,0.45915973,0.8929655,2.7113636,0.47385547,1.3109187,0.8472594,0.3019575,0.31178784,1.1546129,1.605474,0.03091836,0.48355564,0.32246664,0.8153544,0.65201885,1.084762,0.25877792,0.6786052,0.3388222,0.66459554,0.62148714,0.91479474,0.08155785,1.142885,0.0,0.10040746,0.044783626,0.83411235,0.37907872,1.4957168,0.10270049,3.4062545,0.06780618,0.264993,0.3396632,1.7492431,0.60309523,1.4808402,2.0413785,4.3750076,0.5589612,0.34426892,0.4755298,0.2804541,0.7626316,0.0,1.0757926,0.18778582,3.5805433,0.49630612,0.2775618,0.0067624375,2.7717104,0.5936937,1.1416405,0.8628488,0.98187536,0.3929828,0.56477165,0.384684,0.43894857,0.16372356,0.28461215,0.25923157,1.0713242,0.057228643,1.4627289,1.2897745,1.061485,0.78549564,1.53328,1.1066254,0.88570553,1.2427566,0.9995425,0.04473005,0.86108536,1.3694252,1.0326264,0.15349515,0.22551933,3.3621242,0.004985079,0.65344113,1.5706971,0.6251514,0.122352354,0.10809204,0.03190522,0.16312563,0.47409174,0.6345147,0.19846797,0.07314959,0.037663557,0.3719043,0.45569244,1.1268668,0.6386983,0.038025882,0.010777787,0.76343447,0.6421085,0.6098995,1.9181942,1.2410945,0.087082796,0.70142776,0.46543744,0.12344642,0.031166079,1.9470942,0.13870037,0.54583305,1.0478925,0.088398114,0.09026996,2.7167215,0.17324364,0.24284948,1.2237701,0.09864979,0.66183496,0.6230454,0.8846141,0.47559983,0.24954301,0.022758996,1.1594197,0.9483267,0.7506108,0.5605497,0.15133011,0.1596746,2.2951741,0.118360125,0.23407972,0.19504796,0.76636875,1.7159108,0.2507003,0.16858573,1.0111233,0.99892503,0.744533,0.6629608,0.27499965,0.09212907,1.9760891,0.24627244,0.35349062,0.71524596,0.039359797,0.7664473,0.59839237,0.0,0.52501994,0.33353087,0.77564144,2.4447236,0.9319341,0.12105364,1.4519105,0.2762542,0.39995408,0.4040807,0.66664374,4.3110094,0.028191717,0.0023161063,0.2758631,0.024265511,1.1721878,0.010942654,0.18021236,0.12218934,0.2306019,0.023570979,0.24405989,0.5188095,0.38838136,0.9363925,0.3137819,0.55882263,0.29228503,3.7484035,1.1997216,0.04904058,0.20646945,0.96225876,0.6406871,0.80140686,1.1379762,0.94692075,0.13114686,1.6424592,2.215456,0.8080859,0.030291473,3.207233,0.14315423,0.48167458,0.8736329,1.2711108,1.6185838,0.70301425,0.17744796,0.2236377,1.053142,1.192167,0.37445855,0.60424733,0.18085143,0.33873078,0.266103,0.24651171,0.18081155,0.53472143,1.1685288,0.51460075,0.27964398,0.8414431,0.5070732,0.3981051,0.15167129,1.0468254,0.36911586,0.47775212,0.54577893,2.8588688,0.35144988,0.83196604,1.2968739,0.7376751,1.0598993,0.19501641,0.007030057,2.602811,2.8829029,5.721143,0.26753467,0.6490821,0.15733604,0.08432598,5.2461734,2.972291,2.3361337,0.37050095,0.6737624,0.31964082,0.24216126,0.7470764,0.07422118,0.057166692,0.30480716,1.5840492,0.2184755,1.5770214,1.2808475,0.63365346,0.019538905,0.848312,0.45942575,0.97805005,0.05412054,0.16238746,0.13743494,0.5723599,0.23430656,0.09393458,2.000264,2.1475413,0.021327997,0.41609064,0.07683822,1.7226677,0.66183645,1.3328319,1.7902802,1.5387782,0.4879731,3.068778,0.7651601,2.9432416,0.7062276,0.15008266,1.0027057,0.21597636,0.7898591,0.42889583,7.4442964,2.1475132,0.0595711,0.6066804,0.017735522,0.6260864,1.4209687,0.028505515,0.3247168,0.025966922,0.14689708,1.4197189,0.08082547,0.18309154,0.77862614,0.6362992,0.5151222,0.5005604,2.911672,0.37782517,1.948757,1.9644837,1.3822902,0.23755164,1.9194007,0.16551177,2.6406848,0.17413573,0.029518144,0.9788815,1.6167045,0.0720108,0.7493366,0.82017684,2.5853782,1.9625747,0.041326005,1.3136225,0.060999684,1.2755033,0.4233719,0.05872604,0.77338344,0.03514528,0.99052787,3.4387267,3.312849,1.2910013,0.34648108,0.005517924,0.106381014,1.997027,1.0263703,0.97614145,0.040780175,0.6658579,2.0998113,0.043960348,0.33250022,0.5967463,0.45246848,0.6668768,0.09308136,0.55890757,0.025433637,0.12482301,3.6076248,0.83325654,0.06665379,0.33114126,0.05847454,0.20161228,1.1350616,0.48879054,1.9552091,3.6523192,1.2275279,all_pothole_images\pothole_images_2_image_435.jpg
0.0729277,2.4823337,0.43283927,2.5724502,1.6227697,0.7824036,0.063811794,1.8886613,0.71539813,0.47428784,0.12670168,0.11882311,0.16145499,1.9007462,0.19918971,0.772721,1.9812133,0.24348731,0.1902435,0.58913773,0.8911097,1.5732244,1.0889171,0.34288406,0.73931134,1.0183961,0.62726337,0.806079,0.54910624,0.11314192,1.1390531,0.68943954,2.3999772,0.71876276,0.651415,0.8250427,1.4688843,0.072992675,0.74457455,0.65064526,1.5592775,3.3363883,0.12686041,0.17340082,3.6127262,0.9939894,0.19836643,0.94421494,0.49621597,0.008929608,1.2350122,0.9758092,0.7518853,1.1389878,0.23022887,0.41186967,2.273048,0.63500315,0.9584715,1.9933301,0.02169331,0.9780949,3.2728984,3.5867178,0.1216448,0.65389305,0.9650147,0.34046477,1.3966905,0.7349786,0.80735683,1.0114808,0.20329024,0.05180168,0.08257956,0.6665968,1.0116638,0.3277194,0.17463921,1.8202801,0.7612023,1.1211462,0.13289766,1.711257,0.0,0.26130217,1.8378642,0.6275532,2.509688,0.72445536,0.5442662,0.5204604,1.0454477,1.6958537,0.7084048,2.005285,0.23560667,0.4142229,0.23846388,2.7590208,0.9160551,0.44327366,1.6295909,0.71922594,0.39085546,0.04369684,0.2998223,1.8324516,1.4471052,0.2431057,0.9077699,1.7451181,1.2330921,1.1116575,0.74556947,1.4499325,1.7630026,0.10555781,0.021302784,0.25090536,0.7660057,0.43489206,1.4691342,1.052869,0.1736049,0.37065443,0.79497176,0.90061593,1.3477076,0.047414526,0.20722981,1.0215412,0.15726574,0.09950687,0.13693292,1.4488273,0.057562467,1.168087,3.0916011,1.653102,0.77350444,0.39146796,0.03165183,0.13959226,0.7632012,2.9803405,1.4476628,0.5969719,1.6782469,1.0952952,0.50354016,2.4609094,0.23477238,0.5864433,0.08751552,0.15992257,1.1320567,0.5114602,1.3832115,0.22190623,0.27647316,0.20478205,0.08013568,0.75073785,0.018143382,3.098142,1.4321088,0.52973247,1.1783197,0.39096972,0.6317251,1.9467326,0.813548,0.1124839,0.1307388,0.74523735,5.524724,3.3624747,0.28672516,0.0,0.0033590586,0.5345382,1.5873456,0.7243244,2.3079977,0.2011323,1.5226334,0.14884162,0.62577367,1.852587,0.88303834,1.0696508,0.5395766,3.9826603,2.738007,2.1472325,1.7946291,0.09930357,2.393005,0.7550088,1.3979149,0.20651564,1.4191728,0.4305184,0.06440656,0.75198567,0.57169634,0.20758185,0.56977844,0.29868996,1.6849276,1.3338462,0.3586175,0.2708038,0.79264355,0.010395576,0.2255812,0.34212014,1.9604828,0.6996086,1.4618349,0.0,0.54559857,1.6880983,0.5956482,1.6384238,2.0113504,1.5310005,0.6478871,0.4471591,2.27232,0.9914066,0.17175363,1.2816283,0.16709824,0.30096662,0.1825313,0.3090879,1.7349931,0.57345325,1.0066737,1.0145057,0.93517005,1.8662109,1.0895272,0.62062305,0.22022998,0.47077534,0.6252168,0.9286105,1.2439916,0.06811423,0.5233554,0.01850307,1.7488487,0.22292423,0.8409196,0.24437353,0.7591215,1.0980676,0.35336128,0.21480195,1.4119844,0.47846863,0.1577272,0.19123015,0.15452087,0.28884932,2.30819,1.2311509,2.0397797,0.36936557,0.36790848,0.1583498,0.1763756,1.1621637,1.0560238,5.478644,0.40845305,0.19264,0.39680812,2.4713576,0.2487505,3.5142622,1.8172127,0.012173312,0.54841626,0.8711912,0.38642105,0.09647892,1.3289986,0.64116174,0.1155645,2.0905826,0.28687027,0.81412834,0.41466373,0.5629947,0.794104,0.14637949,0.4056819,0.1889004,0.8210763,1.3993351,0.22094944,1.9633627,1.0393544,0.40849915,0.2069911,1.1765236,0.2575789,0.15042432,1.7927446,0.5223214,1.8243103,0.0387046,0.5020178,0.8244998,0.42098135,1.8558346,0.766434,1.2258548,0.47440758,1.1818043,0.35247,0.17264019,0.75548226,2.2932887,0.56967425,0.7845286,2.008171,0.074448,0.68498445,1.0508568,0.46538728,0.65567577,0.0,0.11157305,0.1803816,0.16857657,0.75554484,1.0162219,0.02715823,0.06664778,1.8096595,1.1119751,1.1297587,0.20823513,1.829805,1.9944756,0.96034926,0.04598769,0.6493519,1.2876688,2.1332226,0.40304476,2.9172418,1.0232813,0.33876863,0.029093819,0.0357786,1.1264266,2.8007476,0.5962182,0.4400372,0.7361707,2.4112298,2.0333216,0.18787755,2.6559584,0.8396774,0.39072946,0.5979105,0.7442398,0.61830986,1.8230405,1.5162239,1.189165,0.27674687,2.1306374,0.45926034,1.0798278,1.5872198,1.6074134,3.8410604,0.38282666,3.7596052,1.5068774,2.866535,1.2868273,0.769286,1.4227277,0.41414216,0.07187998,0.6014994,4.1456876,0.07897886,1.2907254,1.1910324,0.8893977,1.8088537,1.5530179,0.35516948,0.39521885,0.7154644,2.281433,1.3599856,0.49488136,0.13524891,0.03061547,2.1312027,1.1667426,1.9592555,1.3195971,0.6012918,0.26560143,1.7954179,1.7420876,1.1700912,0.78932965,0.13388982,1.5529193,0.11906381,0.83878326,0.0,0.049044814,0.855515,2.7730575,0.58802927,0.38325343,2.916084,0.39543346,0.018462578,0.04762771,2.37126,1.4382069,1.0598223,1.25783,0.824598,3.2093296,1.1636627,0.36802435,0.22386387,0.6814712,0.25051773,0.1949866,0.5396766,2.3418765,3.6371024,1.3799343,0.57053536,0.18860367,0.37014008,0.0,0.62970906,0.34912637,4.845181,0.92126477,1.8465048,0.26209235,0.5072162,1.4505479,0.8116847,3.5790796,0.402333,0.5484499,0.3170982,0.964925,0.34845242,2.4682093,0.80731785,0.360304,0.8839323,0.8449727,0.2333987,0.31270105,2.5071788,0.99269694,0.68396044,1.84003,1.0802997,1.287929,0.13187967,0.8597112,0.33250788,0.2469511,1.8117586,0.57820183,1.8306658,1.043666,1.6814921,1.3976717,0.00626866,1.4392886,4.020481,0.23872738,0.7359624,0.587317,0.5622994,1.3108063,1.6022712,0.435061,0.6512605,0.13562183,2.1154513,0.023194278,0.5797136,1.4224983,1.3733851,2.6214232,1.3161652,0.427079,all_pothole_images\pothole_images_2_image_436.jpg
0.97847724,2.5484905,0.9650692,2.08554,1.696599,1.0011336,0.09014375,0.007163708,0.79359233,0.5802875,0.3341322,0.6166326,0.4217341,0.2281746,0.5998761,0.37036958,0.040832702,0.14024849,0.16086909,0.45863715,0.90268874,1.1226729,0.78995246,1.5552944,1.3369976,0.8806922,1.3717717,1.9887817,0.15016413,0.18889892,0.61249053,0.42026353,1.335188,0.4603241,1.1874415,1.2683862,1.437145,3.1159306,0.29069018,0.2195527,0.11881254,0.137966,0.12710206,3.1035507,1.0754678,0.09371673,0.082863934,0.6076122,0.5465291,0.5376494,0.5584597,2.2343683,1.0376904,0.45901108,0.33833352,1.5778122,2.5955744,0.1202813,0.14089821,0.290935,0.031782333,0.4117549,1.3056747,0.43878645,0.33323216,1.1694587,0.26100668,1.0648521,0.51448333,0.46504903,1.2937167,0.62402505,0.67704266,0.7620739,0.7400642,1.0455563,0.78768593,0.67530245,0.013491333,0.6499218,1.8604999,0.13108124,0.094768316,0.4174492,1.7402,0.084279545,0.18781,0.10096982,5.8960795,0.19354586,0.44984248,0.26358998,0.24931346,0.8538528,0.5255471,0.20729803,0.8410137,2.1438408,1.4543489,0.49828556,0.0,2.3908372,0.5762838,0.33788624,0.43911463,0.10558473,0.5072643,0.056084212,0.26591337,0.37870863,0.068732195,1.4877032,0.75063354,1.8607198,0.7804095,1.4394983,1.6015625,0.06731415,1.3007824,0.6555716,2.156812,0.9619141,0.116881765,1.2706842,0.8617667,1.0308433,0.103123926,0.8574806,0.8676823,0.97816724,1.7176099,0.1599644,0.91188264,0.53051496,0.30277944,0.657054,0.33710626,1.0565876,1.4451573,0.20808344,0.8178488,0.20913124,0.12461186,1.1441456,1.2885933,1.7108152,0.84939635,0.44914308,0.009735169,1.6578443,0.6182229,0.9494816,0.08738017,0.017210359,1.4065533,0.69273096,1.000272,0.30359554,2.0451436,1.2148471,0.8989742,0.7049523,0.3404582,2.5744023,0.07431896,0.12197416,1.0324641,0.37053242,0.503782,0.45982006,1.1236149,0.8020958,0.29965556,0.70548683,1.0012524,0.117034644,1.7418422,0.32629138,0.117285706,0.28320214,0.22801727,1.5136706,3.4218311,2.719446,1.7031605,1.4759824,1.1562558,0.3454627,1.5417467,0.19818589,0.7026794,0.74918014,0.2669578,1.552294,0.3564766,0.86139965,0.39417017,0.01666668,0.27074024,1.0355898,0.8286962,0.2938005,0.37313643,0.6617089,1.195093,1.3486696,0.06385151,0.7220079,0.8116357,0.0056749545,0.41001225,1.3966854,0.91933364,1.1854805,1.448912,1.0038444,0.15204737,0.0060071517,1.0802058,0.0,3.0568485,0.03454283,0.41017646,0.0,0.0625578,0.658255,0.4877859,0.5269998,0.7864442,1.4867287,0.21115977,0.6887553,0.46169573,0.19146502,0.41298497,0.28121197,2.3319705,0.44954693,0.11265603,0.058934666,0.2867276,0.014603953,0.097842894,0.023486964,0.22358057,0.58022964,0.4232865,0.0,0.4091047,2.855538,0.654276,0.32877046,0.680358,1.1723857,1.3464656,0.23245679,0.9199786,0.024528323,0.2590169,1.5865072,0.6326006,2.0569105,0.92565244,0.1443216,0.46088156,0.43323582,0.079775944,0.38401133,2.0077095,0.23164062,0.42306533,0.101910345,0.38908252,0.2237987,0.46591088,1.2967644,0.75866455,0.41630116,0.2974772,0.7670831,0.024169445,0.080415934,0.8291397,0.37097868,1.630381,0.74023956,1.945698,1.3127478,1.3466755,0.012742202,0.33891854,0.8861636,0.03880412,1.1704464,0.7339409,0.61901104,0.30402488,0.035460465,0.21048543,1.1628077,0.31382465,0.92657155,0.020325024,0.75777,6.5329413,0.981893,0.0,0.7262496,0.53443056,1.0871001,0.20801964,0.5652095,2.8017035,0.86853194,0.22270635,0.96431035,1.028806,1.117896,1.2057451,0.037812073,0.088317685,0.9521941,0.50354236,0.07938116,0.97162056,0.7459359,1.676228,1.0696932,1.1460832,0.95118636,2.2127907,0.35109812,0.22613859,0.02746115,0.620267,1.1975965,1.6738871,0.6582807,0.65556926,0.5888955,1.4426464,1.1726984,1.7114416,0.28801087,1.1675681,0.011841537,0.21976,0.2057639,0.4868472,0.63020784,0.69077355,1.0969415,0.786081,0.3053457,0.67360765,0.020727064,0.17571795,1.076242,0.2187341,0.32287723,0.03429101,0.40228933,0.4400867,2.1272404,0.20908897,0.4149215,0.55253947,0.3988634,0.17940505,0.30142108,0.83460546,0.8599177,0.33094653,0.39180806,1.5397677,1.0356543,0.044953063,0.13388923,0.17337376,0.62387127,0.04464797,0.049866118,0.4337003,1.2995478,2.510372,1.6317927,2.6811752,1.0463458,0.67427224,0.6064581,1.9498454,0.048863966,0.11373049,0.07975019,0.0861673,0.06582692,1.0042267,0.25617713,0.64562875,0.29681087,0.6213435,1.7898544,0.009589521,0.93799496,0.4530248,0.13908738,0.28672424,1.3184776,0.6322298,1.6632636,1.3922049,0.6875809,0.30207124,0.86294365,0.012466677,0.41105995,0.5237618,1.358634,0.4259288,0.057350703,2.7983267,0.53895944,1.7619299,2.7943974,2.1195672,0.3770657,1.436939,2.822691,0.041707434,0.6171081,1.3666095,0.15821542,0.9422208,0.62550503,0.5183506,3.4994574,0.9686484,0.44445673,0.17734225,0.45644397,1.2674619,0.21623626,0.015437655,0.38223913,0.012022261,0.68934613,3.4494355,0.67213327,1.0412197,1.6719394,2.1284347,0.5491519,0.8553581,0.18763795,0.17977683,0.56588846,1.1446887,0.41824356,0.24703892,0.8944959,1.6893393,0.36762846,1.3370857,0.4767047,0.80189604,0.35099646,0.34140763,0.039354727,0.5039543,1.2526495,0.90373343,0.14676864,0.16587037,0.33271995,0.33740392,0.37653795,0.41822356,0.9198077,1.0357505,0.21430388,0.44408664,3.439865,0.25557745,0.48560816,0.0031435774,0.03743016,0.6867096,1.1631628,0.03277059,0.09124868,0.16492052,2.0805862,0.012748684,0.39302146,0.0,0.05684731,0.16911243,0.0,0.20553362,0.0060252333,0.6310628,2.9581616,0.49085522,0.6952204,2.1252327,0.7763392,0.06572097,1.1163539,1.0029141,0.7957629,0.3759093,0.21799426,all_pothole_images\pothole_images_2_image_437.jpg
0.61878073,0.6690341,0.20794955,2.5674639,1.8514767,0.16949093,1.1593933,0.86991376,0.97111857,1.0627412,0.30795783,1.0115024,0.053022645,2.0439332,0.10321766,0.55135727,0.019701384,0.70448583,2.1506493,0.3166315,2.3070452,0.35289592,0.4035983,0.09935264,2.5779707,0.45623466,1.3677896,0.9924844,0.21264897,0.01577762,0.41328812,0.3704591,0.82246256,1.1876808,0.070945464,0.53378165,0.002049622,0.15458046,0.05744168,0.057196938,0.19692455,0.7447737,0.1570388,0.58442074,0.2261783,0.34293872,0.0656242,0.0055268486,0.10749693,1.3852665,0.082888015,0.8109178,0.013890336,0.0,0.90153664,0.29099673,1.216427,0.5857081,0.92763585,0.027225642,0.8798044,0.5862334,0.009814272,0.30384216,1.1838249,2.2308424,0.60352296,0.53634036,0.6748693,0.43953463,0.30313125,0.15000772,0.22747147,0.029257014,0.839137,0.0072138333,1.5307245,1.3856257,0.03886316,0.014453441,0.45653316,0.01997166,0.89989936,0.33190286,0.8792148,0.00038415528,0.6418884,1.1288142,2.019079,0.14623743,0.20752949,0.7024303,0.07648907,0.11773192,0.32393122,0.31752542,2.1771595,0.59778756,0.045702886,0.9959916,0.0,5.033517,1.2233924,0.35343122,1.4128942,0.20595628,0.5164517,0.80233,0.00095901027,0.7527341,0.012155771,0.7903591,0.31525943,0.37393653,0.4041729,0.6128408,0.20786196,0.11348032,1.6096188,0.004862071,0.49054357,0.010768365,0.29904464,2.2126389,0.7082543,0.007327404,1.118178,0.95836794,0.68507254,0.06942075,0.029802809,0.0,0.08832868,0.5777676,0.342564,1.5887809,0.91638905,0.07328965,0.92110723,0.09491661,0.46921623,0.5643958,1.7627146,0.011546379,0.0,0.5402698,0.0,0.48700288,1.3520815,0.0,0.058860756,0.32931188,0.026945896,0.31124362,0.79608727,0.5474892,0.7002946,0.0,1.0963635,0.8337814,1.8272771,5.222942,0.1780204,0.4522747,0.09196171,0.33608043,0.6677115,0.61944133,1.1629999,3.3194406,0.012638921,0.02832591,0.2024507,0.0,0.008239591,0.017670339,0.097465724,0.37889278,1.0418385,0.42427972,0.0048388722,0.9044286,0.2958831,1.5210954,2.9630587,1.2810974,1.0546277,1.674311,4.6343303,0.9511612,0.1863434,0.0,0.08712013,0.93544817,1.7127346,0.78078955,3.8641946,1.3644725,0.69290704,0.5600671,0.12801783,0.7988225,0.15352224,0.123788364,0.024568185,0.0,1.3031698,0.0,0.52212954,2.5038807,0.0014205908,0.033375356,0.12377571,0.111495346,1.2584779,1.6714296,0.06193203,0.0057203034,0.42467695,0.011018989,1.9544404,0.63094044,1.3426188,0.00067070883,0.008026801,0.013761224,1.1381872,0.3634887,0.4099217,1.0142757,0.45110175,0.1351695,0.31446382,0.16176249,0.0,0.0,2.6082258,0.11918085,0.40827972,0.27995166,0.7184204,0.39168453,0.45847118,0.23456658,0.31981143,0.05010599,0.600658,0.41811055,2.2744832,4.1489716,0.7860751,1.256838,0.110463336,0.0036394377,0.0,1.0969254,0.0,2.3476837,0.46558425,3.5679626,0.04427564,1.0490649,0.3552419,0.7889046,0.30685326,0.21949781,0.47236085,0.03312885,0.44866428,1.0652331,0.436334,0.0,1.0381409,0.5003775,1.3394094,0.62596744,1.0826201,0.15842651,0.9066867,0.38833782,0.079234764,0.19083215,1.8010076,0.8533161,0.00262482,1.7094132,1.655474,0.24995436,1.3747545,0.0,0.0,0.4823661,0.018432856,1.225349,0.016760865,0.07495689,0.34673646,0.3388432,0.054198716,2.4021482,1.3251193,0.099238314,0.12542668,0.0,0.56154287,0.64008,1.7324913,0.028675415,0.4970328,0.5217088,0.788754,0.5235662,0.13167807,2.0502653,0.41295475,0.34036908,0.6404619,0.77597755,4.025433,0.0037489727,0.31026533,0.96824116,0.011649239,0.26467896,0.4109032,0.014759344,0.04267077,0.10911774,0.27893898,0.3617787,0.5728511,2.3464265,0.14923184,0.05078302,0.15478529,0.0,3.3228338,0.10467889,0.8720851,2.2626421,0.35611507,0.27337855,1.2226202,4.226036,1.3648491,0.061664853,0.3657584,1.2115976,0.36895385,0.0,0.6499175,0.9614966,0.06710233,0.17992128,0.08856036,0.80062723,0.044765145,1.6741859,1.3274044,2.3700972,1.8678713,0.18941846,0.34208915,1.1010284,0.0,0.5391141,0.579652,0.0,0.0,1.4353077,0.42370465,1.1271682,0.45554864,1.4344728,0.011699775,0.6676155,0.27336097,0.7090242,0.7375595,0.39823422,2.1263487,0.20809129,0.0515012,0.35781175,0.35253808,0.23462515,1.7356514,0.0009470214,0.47494778,1.0148684,1.562702,0.019155947,0.38509282,0.45704916,0.23582365,0.040231433,0.95536447,0.1657556,1.557185,0.004113165,0.0,1.0710963,0.26061922,0.17160009,0.50645584,0.033978384,0.6119228,0.35165355,0.23430389,0.0,0.32077652,0.15193363,0.02208897,0.12632297,0.03283332,0.17898245,1.8723365,0.2653124,0.735178,0.066732675,2.8442106,0.35467622,2.2602336,1.011142,2.0981476,0.86439514,1.3640419,0.4270429,0.4853585,0.6653572,0.013619272,0.13829122,0.3238098,0.4157331,0.7623724,0.47056797,0.46379593,0.82871014,0.05225767,0.17989057,0.6552432,0.40550083,0.09756546,0.052739453,0.022829551,0.28123844,0.45899916,0.5418018,0.082101755,2.4637752,2.8401,0.8452901,0.5805775,0.17046657,0.7699094,0.43867585,0.4049484,0.0,0.0708819,0.10276194,0.98849976,0.09636332,0.13263333,0.116850056,0.12559764,1.2099143,0.17668062,0.07641136,0.0008488256,0.010847781,0.0,1.7313218,0.018635448,0.4077097,0.49975446,0.001906103,0.2408752,0.59292996,0.3611584,0.023449192,1.3874642,2.5118604,0.8490169,0.42792067,0.28130963,0.024240186,1.102993,0.5673254,2.2683532,0.0,0.5031568,1.9191742,0.7247936,0.57419074,0.0095792385,0.107846655,0.24254504,0.0,0.19443133,0.49230126,1.5942847,0.8804156,0.15832964,1.5474777,1.0124326,1.1246064,2.820878,0.196867,0.0071277227,0.25091982,0.8601843,0.0122157745,all_pothole_images\pothole_images_2_image_438.jpg
0.20057184,1.4957505,1.4468181,0.8858262,1.1813046,0.0013899248,1.9079362,1.0121515,1.284771,0.2799867,0.38345033,0.3181374,0.81487095,2.616435,0.13538168,1.1168765,0.57540464,0.17819887,0.64443487,0.36675063,0.4743691,0.75840276,0.9630015,2.733301,0.37340328,0.8241809,0.15631752,2.02724,0.024730079,0.028973892,1.1178657,0.42122707,2.6822581,0.0784684,0.40005797,1.0358227,0.5612005,0.8516193,0.49695227,0.3357699,0.13783884,0.27109072,0.4583564,0.5927624,0.75838375,0.23651297,0.33334595,1.1904948,0.044688318,0.5275984,0.84008276,0.01933913,1.3455459,0.6600873,0.24235947,1.2866594,1.9667071,0.24297462,1.34694,0.9254773,0.867639,0.31244254,1.0381489,2.306083,0.4527499,0.59965813,0.2696841,0.040004157,0.3719282,0.9108743,0.86082923,1.1790783,0.65696985,0.049973045,1.3081017,0.43661562,0.63186896,0.7793578,0.34129664,0.36073798,0.26168498,1.1307379,0.21231519,1.9792681,0.67105716,0.9767213,0.55168194,0.6949321,1.6205552,0.5218744,0.14083788,0.69890237,0.85347986,0.20606944,1.5580801,0.5327023,0.0,1.2743944,0.64149505,0.84707665,1.2499459,1.481158,1.1496782,1.4674643,1.4028693,0.45756993,0.20068698,0.3601808,0.007350118,2.0212162,1.7104067,0.28869137,1.0416566,0.28551534,0.46655706,1.1414784,1.5287653,0.17741212,1.1717622,0.35427937,0.91825545,0.024671217,0.7809106,0.70867157,0.9102188,0.33267388,0.70963156,1.8008603,0.05137431,0.6748811,1.8131222,1.2421392,0.23381083,0.61992717,0.24652782,0.8242329,0.9670162,0.73854995,0.33898646,0.96281,0.18728447,0.31170934,0.7228298,2.2260776,1.3499372,1.4187385,1.6018351,0.5220721,1.7323443,0.32171685,0.76771015,0.7652784,0.041348826,0.62414813,0.3652783,0.30749938,0.80122125,0.69205326,1.008267,1.7117953,0.37616673,1.2369171,0.18469825,0.36641443,0.4731126,1.4958166,1.5283831,0.55830216,1.8941462,0.5065143,0.10135641,0.5016323,0.6103649,2.2289143,0.41287428,0.93211704,1.3357831,0.16589005,0.053342875,0.009699005,0.11102328,1.556783,0.4351469,0.7498301,0.5049507,0.9157451,0.20155312,0.8744073,0.19027215,0.618146,0.8821741,0.4073539,1.1297504,0.4737091,0.48928672,0.33201915,0.6097412,0.4122762,0.4027953,0.16499363,0.18333708,0.39801368,0.13964824,0.13379022,0.5983951,1.3721752,0.8083497,0.44378945,1.2067178,1.7479907,1.241014,0.562322,1.2837033,1.7868991,0.51167095,0.19181041,0.3682165,0.48490882,2.0112777,0.32099187,2.123331,0.44426656,1.4031985,0.87347716,0.0,0.19980052,1.0041165,0.11657214,1.4998063,0.27930677,0.9823207,2.1013384,0.7057344,0.116728164,0.42172348,0.6561661,1.2627879,0.9385412,0.556737,0.518067,0.20616986,0.14714307,1.2577064,0.6281383,0.27991924,0.06003727,0.40677044,0.97715616,0.5446534,1.8350612,3.343514,0.17698967,0.07682335,0.28441316,0.3057654,0.16382243,1.1268119,0.0016803639,1.2579478,2.8148336,0.71226704,2.6734588,0.64531785,0.087886654,0.3432788,1.0532385,0.2714143,0.269215,4.3794374,1.4339144,0.74973476,1.3554536,0.21164384,0.03428549,0.5567655,1.2942775,0.6015348,1.2452714,1.6692207,0.13388659,0.94225705,0.2553366,0.26418054,1.211115,0.28422493,1.9438881,0.59274036,1.160531,1.2747889,0.3107593,0.38621348,0.5918798,0.18139803,1.6482905,0.3231995,1.0829791,0.42126235,0.5043102,0.35134575,1.1011765,0.8508157,1.0392549,0.36368147,0.04892934,2.2193522,0.049361296,1.1331638,0.06305974,1.2238355,0.37626392,0.5069007,0.3636779,2.7896323,1.2496727,0.28377715,0.2285301,0.11053017,1.1329697,1.9143125,0.43291512,0.61357546,0.61506814,0.08015571,1.3441197,0.7811986,0.94258124,1.3154436,1.0676357,0.17514776,2.0630279,1.1452553,0.30509445,0.060572345,1.582906,0.327947,0.40922788,2.0321643,1.4220669,0.44540232,0.0,0.1273347,1.3929175,2.0744386,0.92929536,0.896375,0.35437077,0.06480869,0.07796623,0.75852895,0.43686754,0.72336143,0.981654,1.4050231,1.2967016,1.6573334,0.14928877,1.5814595,0.83246315,1.1868596,0.12191237,0.273349,0.33405817,0.13560383,0.394711,0.48084086,0.27244207,0.89170885,2.0473871,0.63250285,1.1322293,0.56768006,0.14879036,0.7578159,1.2888726,0.37357578,0.6258802,0.21185526,1.0528636,0.9125441,1.7775642,0.71442544,0.39130357,1.7059903,0.05078572,1.8774832,0.03351442,3.7658877,0.02374685,0.38154373,1.0335587,0.02033936,0.9676805,0.0,1.0718533,0.0,3.4642196,1.0210137,0.20957878,0.9348821,1.6853765,0.29214126,0.09273125,1.5703013,0.19117779,0.54676235,0.041042026,0.28874302,0.6659994,0.5707464,0.69329894,0.7592186,0.53016466,0.10855322,0.9784682,0.9997638,1.0501143,1.1554809,1.3243754,0.47362283,1.1172847,0.60469574,1.0437499,0.10735354,1.0798221,0.7653094,1.6756787,1.1269642,0.91666347,1.2085177,0.46395746,1.32974,0.41612592,0.28575212,0.5352939,0.5421314,0.86288357,1.3916539,1.4786824,0.04405208,1.0566988,1.519445,0.60448086,0.014563138,0.20485449,0.09802988,0.34098667,0.6905697,1.1716406,1.6791815,0.7058551,1.7491015,0.6845312,2.1660738,0.15361686,0.40318552,0.62762016,2.052821,1.9283519,0.27439925,0.52599734,1.529357,1.5936706,0.42135698,0.21601011,0.57955426,0.071958676,0.058218382,0.50268257,1.4473435,0.65868986,1.5104202,1.3694249,0.24918564,0.18615858,0.111420475,0.5623786,0.23056644,0.13178879,1.9378582,0.33230075,0.68605345,0.09624424,3.499907,1.274573,0.46847284,1.3926033,1.5535692,0.9205554,0.58337605,0.36869213,0.06857454,0.4300649,0.27980962,0.3439727,1.1808723,0.553419,0.37197322,0.76116085,0.013800484,0.0,0.955397,2.93397,0.20737948,1.269545,0.04584341,0.9774735,1.446812,0.05141778,0.5241346,2.2852345,0.72490615,0.11525797,all_pothole_images\pothole_images_2_image_439.jpg
0.081385374,1.5565574,1.2575259,0.138839,0.8389695,1.080025,0.7831643,0.017343182,0.67313755,0.82431746,1.0976725,0.2581412,0.6636758,0.58713055,0.24787833,0.9735718,2.5854654,1.316672,0.14247935,1.1446047,0.4616229,0.6372173,0.96824324,2.057146,1.0998191,0.3821312,0.6969528,1.6084992,0.05180226,0.9493159,2.0260162,0.75060934,0.7653072,1.069814,0.27440315,0.11094418,1.6438837,0.61597633,1.5901523,0.19499274,2.3625715,1.6385155,0.57110363,0.78988504,2.3870173,0.23835544,0.72701937,0.11486988,1.1722269,0.88063097,1.2655033,0.39378762,2.0005333,0.12803432,0.5306141,1.8080293,0.54058635,1.5761744,0.72503895,1.9270922,0.50889856,0.38896304,0.76373756,0.51845706,1.8073574,0.34252667,2.4057865,1.6736684,0.28944162,1.5141444,0.63126093,1.4463106,1.1985512,1.0718787,1.454058,0.78974,1.5810431,0.6701175,1.3548619,1.0229727,1.1948563,2.1940684,1.0374193,3.0599594,0.18087216,0.3273884,0.94654626,0.381221,2.4794533,1.4260144,1.0601038,2.569281,2.1556754,2.6168835,0.9166566,0.36407167,0.5325986,2.2112918,1.0775983,0.36156234,1.569713,0.7289554,0.34193152,0.36209556,1.4695196,0.6973366,1.9377189,0.34618485,0.7137026,0.29848623,2.8844624,0.5025358,0.9509303,1.0269725,0.86153376,3.3727367,0.23611197,0.6439369,0.37293395,0.44123065,2.540718,0.8349027,0.65176415,0.7806375,1.8116127,1.1136724,0.53997815,1.3897517,0.55934525,0.39357898,0.972221,0.7749008,0.96230066,1.2638668,2.4662979,0.73909247,1.0094625,1.3192205,1.1049186,0.15954866,0.81447333,0.29407707,0.8778638,2.0399373,1.1010904,0.942638,0.84971595,0.00775959,1.2513336,1.0635444,0.34090236,1.1880397,0.8299098,0.7363862,0.661095,0.34961545,0.7503065,1.255536,0.55130184,0.608771,1.9736387,2.352162,0.68813413,4.219159,0.6091423,0.9068175,1.5889924,0.30012932,1.0005395,0.32435417,0.69073814,0.8082677,1.5529895,0.15430641,0.14231627,0.56079435,0.6393796,1.0093694,1.4352796,0.081666164,0.6209056,0.44855285,1.2207652,1.3274474,2.701541,0.54767317,1.0878016,1.6414154,0.058234803,1.8512076,1.3010845,1.5149684,1.9001527,0.17436308,0.73126,0.78675336,1.0641763,0.7650681,0.8418129,1.1785696,1.0612397,0.8123757,0.5659799,0.33159447,0.84828573,0.90062547,0.2316466,0.90521723,0.7858343,1.7305224,0.37040827,0.7744016,1.2735748,1.3532009,1.37659,0.7506786,0.52102196,0.6836262,0.14976968,0.9737578,0.6908801,0.9205277,0.4517802,0.5321808,0.31657988,0.25287494,0.92450076,0.3582684,0.07340909,0.7936674,1.1717038,0.23566571,2.2958188,0.40859085,0.37093168,2.194436,0.10424485,0.4101718,0.17917174,3.1590762,0.4478811,1.3687764,0.7102726,0.81652105,1.3315766,2.0116043,1.7914385,0.2598494,0.17838517,0.84255856,0.89662766,1.801925,1.1959404,1.4544873,0.8703947,0.85226506,1.304006,1.6524088,0.8570344,0.74842757,0.9954699,0.866768,0.85003513,0.627272,0.10193518,1.113196,0.07135692,0.6036612,0.018894529,2.4790614,2.2426105,0.9540241,1.3305572,0.5196196,1.2848703,1.8607179,3.4414768,1.5193087,0.3107917,0.37102258,1.7387539,0.77499366,1.4533925,0.94641906,0.65003765,0.6221575,0.61159194,4.0865526,1.8254472,1.7466456,1.3667547,1.4667646,0.54411274,1.9426571,1.8499507,2.015868,0.6969432,2.011982,0.65257716,0.88156855,0.30760944,0.46686327,1.1947092,1.6504865,0.3920107,0.14930266,1.5635499,1.5452311,0.23735482,1.241617,0.43802807,0.20129861,2.8704083,1.2775717,0.89186424,0.5777481,0.66518635,0.39651725,1.0024095,1.1242254,1.1260428,1.1363965,0.3180856,1.9678754,1.0274714,0.9552484,0.25916055,0.761866,0.5275239,0.6675443,1.0233433,0.34498176,1.6236798,0.41659817,1.0976999,0.036670502,0.48130497,0.25451002,0.9477148,0.38018265,1.5616019,1.3804555,0.38346857,1.8843251,1.1295624,0.6058856,0.9172966,0.3317284,1.2590549,1.523889,0.34993446,0.32004473,0.20741083,0.8001737,0.28923136,1.2668886,0.3169435,0.28877014,1.3743451,0.67384833,0.22923808,0.6574749,1.2996551,0.88322616,0.34698042,1.9263673,0.8479005,2.712253,0.045314644,0.119177595,1.182686,1.1878872,1.2387464,2.9309392,1.275583,1.1866434,0.98057586,0.71111834,2.4631078,1.1673895,0.78404015,0.81504786,1.2361743,1.1615794,0.25644588,0.77055395,0.9406263,1.4134482,1.1333189,1.3747652,0.4412962,0.9277996,0.40319264,0.2823553,1.2107286,2.5564466,1.2907895,2.662542,0.40887004,0.4811954,1.5974494,0.97052646,1.2970351,0.49261248,0.16456714,0.63765204,0.43838277,0.7457599,0.1208846,3.5914872,0.29391918,1.7368532,1.7063468,1.2883201,0.69961256,0.71394116,1.7764919,0.29178116,0.1366356,0.5048652,0.8540943,0.47864464,0.019964177,0.3796631,1.6467328,0.40080363,1.0451598,2.21586,0.15316948,0.4653977,4.2912297,0.7222516,0.98352736,0.9622351,0.3485924,0.40976104,1.6350718,0.66895217,0.60051155,1.9025723,1.0844116,0.47076827,0.58414763,2.4305267,0.30916822,2.0185776,0.82154316,0.6525631,0.7911375,2.3775792,0.754688,0.5724249,2.0101235,0.05041044,2.6330528,0.7096983,0.50864667,1.0320251,0.33137497,0.28972214,0.2181122,0.06445935,1.113196,1.3644335,1.3204178,0.7173599,1.5327873,0.08094595,0.7091658,0.8747922,2.0692751,2.3226514,0.60099053,1.336733,3.083813,2.6682518,0.24657673,0.29011437,0.25415388,0.38433266,1.8734076,0.63005245,1.8620646,0.75545514,0.8558714,1.6761513,0.2793199,0.45095474,1.153198,0.7018716,1.2716776,0.34905216,0.31839874,0.8091161,0.7023262,0.59942204,0.4793645,0.34439334,1.5294628,0.88452506,0.12044197,0.067225434,0.5755436,1.3611686,1.170239,0.2323507,0.59383756,1.5727649,1.3650584,2.065603,0.31205606,0.78048176,all_pothole_images\pothole_images_2_image_44.jpg
0.208648,1.2890049,0.3609198,1.0501093,0.18177949,0.4259318,0.22916369,0.021446794,0.096647814,0.47109324,0.043721482,0.22296664,0.7538427,0.1210312,0.06926906,0.12205504,0.23161428,0.7796736,0.83032846,0.04289196,0.19875135,2.0406384,0.6526449,1.1987236,0.16268297,0.023076188,0.019997858,1.3856453,0.19127585,0.4985852,1.013832,0.40994528,0.09514863,0.49401778,0.73753893,0.853759,0.6123648,0.30783892,0.6535421,0.1576628,0.015737806,0.0063888817,0.20675081,0.60782546,0.83995473,0.06090354,0.29820645,0.0,0.13487679,0.3131818,0.53547776,0.010445869,0.5840292,0.37023982,0.10218837,0.60944206,0.416848,0.20523664,0.98722965,0.2214654,0.36237514,0.0,0.39518666,0.61696666,0.48354623,0.6774433,0.4832059,0.00899731,0.5596204,0.6757487,0.1634944,0.97386855,0.25356624,0.041184966,0.36048162,0.4965685,0.31789935,0.07120197,0.26565567,0.13645288,0.07831932,0.59314716,0.42924017,1.5270848,0.3806725,0.6274854,0.32206857,0.2980225,1.6724825,0.33200905,0.0611571,0.29191047,0.06413596,0.29692283,0.02160055,0.14317676,1.5638276,0.44526756,0.06730249,0.0,0.5602452,0.94186664,0.19013175,0.15016766,0.1546284,1.1707082,0.28940815,0.0734467,0.091826804,0.3975236,0.016134627,1.4031383,0.6624214,0.788517,0.097444244,0.018356262,2.2861643,0.5431404,0.9498336,0.6571785,1.6000633,0.5842371,0.83556426,0.23444459,0.12891352,2.0210967,0.1221834,0.20895393,1.0538849,0.40876177,0.6544071,0.004823886,0.6184381,0.12754954,0.18872373,0.705955,0.46173763,0.065586165,0.5950254,0.0,0.89773124,0.40843865,0.03947322,1.2526268,0.027464319,0.5444582,0.26400402,1.1139244,0.99849665,0.84504557,0.81848145,0.5589749,0.07509564,0.31838456,0.95884424,0.4691918,0.4176276,0.07683927,0.13408597,0.33765462,3.0164287,1.9293001,0.14838047,1.4419241,0.00036590957,0.16938661,0.06770602,0.049118098,0.76188815,0.82231915,0.16214453,0.06766301,0.0072728805,0.07286013,0.3521139,0.31588307,0.2117821,0.04249155,0.058171075,0.19275284,0.1481909,0.8886912,0.7684142,0.34758225,3.063377,0.7998137,0.20624533,0.04791403,0.17846204,0.34715053,0.147459,0.5338497,0.2731673,1.2313578,0.18900938,0.020905592,0.2663465,0.33649626,0.43618357,0.6785934,0.60982746,1.165914,0.622271,0.83406425,2.7604465,0.31894177,0.14023834,0.226828,0.95832115,0.16798262,0.014346576,0.012892203,0.96455675,0.06389454,0.06385844,0.66592205,0.7945301,0.42824593,0.823564,0.088751756,0.27865097,1.3782529,0.17880747,0.47458872,0.0012942326,0.25238055,0.71568424,0.02759455,0.6346429,0.22296998,0.17068806,0.19391786,0.44766593,0.25981665,0.16595447,0.2955618,0.5889646,0.039529584,0.353181,0.23016708,0.10649067,0.20872809,0.57083404,0.092565134,0.025511473,0.029512545,0.72779983,0.2650369,0.70659953,2.4830456,0.5972393,0.0038019987,0.5528891,0.18273321,0.0,0.20946264,1.0121436,0.9168866,0.18290126,0.26069227,0.040703792,0.17200333,0.0,0.7938704,0.19157049,0.53513896,0.03397642,0.49262267,1.6161741,0.5641663,0.009246753,0.16247147,0.0008028325,1.5105374,0.9250071,1.4571769,0.43316883,0.05373136,0.4559114,0.89529866,0.79229826,0.10514823,0.21466511,0.07976088,0.88673306,0.5447671,0.2412749,0.08536715,1.266832,0.6544798,0.24493606,0.0,0.06389832,0.68531585,0.27628955,0.040796444,0.2540568,1.5912036,0.6755958,0.22683387,0.6527472,0.6979658,0.115070246,0.30732918,4.437994,0.12790994,0.046671566,0.82469445,0.03166204,0.23333561,0.32095966,1.024183,4.375857,0.57483757,0.15690368,0.16403042,0.010198303,0.33860564,1.0819283,0.006318426,0.43746242,0.009921441,0.0032670503,0.25231117,0.323091,0.45726207,1.1846682,0.10713501,0.22982858,0.083553754,5.2270803,0.024341475,0.21728437,0.03575258,0.004263181,0.10130933,0.29455742,0.06401329,0.0012573118,0.03950518,0.09219565,0.8213024,1.7426271,0.27274886,0.06299247,0.38464838,0.077139065,0.42536548,0.788071,0.5432583,0.3821564,1.0737987,0.017030513,0.033640247,0.11222709,0.12632264,0.0035176282,1.1498636,0.10421747,0.76341045,0.10251399,0.02377721,0.83915687,0.0,0.4867679,0.0064520896,1.1313964,0.9354701,0.2063274,0.14968175,0.6677531,0.65919465,0.41025597,0.11136558,1.1358085,1.0044041,0.055032767,0.2697472,0.8839344,0.33712378,0.07831097,0.03337696,0.7553232,1.2596418,3.8162217,0.30571532,0.63390666,0.0009062453,0.008859225,2.2632978,0.46426043,0.69493,0.048650015,0.6154148,0.49770126,0.29628313,0.30124715,0.47296923,0.3830619,0.15476444,5.7138166,1.0686253,0.14723837,0.26760355,0.13191992,0.0,0.9037903,0.3117979,0.10039732,0.056742262,0.42167053,0.08157525,1.037486,0.06319167,0.03745188,0.37417075,0.59436595,0.0013412967,0.0081531815,0.07972824,0.38504702,0.18611243,0.5462791,1.3934312,0.93279,0.77062637,0.26267233,1.1384771,0.0305602,0.46506858,0.25743425,0.8803032,0.14197272,0.31623083,0.22722779,2.7729628,0.30877388,0.1900966,0.26134825,0.51157975,0.14214702,0.62314314,0.3246208,1.55121,0.11875062,0.34930077,0.6160462,0.18647009,0.0031359596,0.660945,0.89573133,0.42805284,0.6652819,1.0938188,0.39417794,0.422657,0.15907882,0.58843625,0.1642528,0.43498003,0.75554425,0.28505355,1.1647996,0.08097669,0.17388873,0.31762943,0.079067454,0.028920883,0.64421237,0.7591464,0.59672785,0.9572655,0.19569099,0.06635692,0.5772904,0.0,0.14417781,0.17687435,0.6895959,0.047964916,0.16189562,2.2141724,0.5499155,0.058655072,0.10577145,0.19817212,0.4057897,0.028187377,1.4024924,0.019125007,0.66631263,0.5731116,0.0,0.10479315,0.0,0.06874091,0.0015907115,0.4933536,0.003071928,0.11940627,0.0032043927,2.679174,0.5940938,0.04813962,0.36467054,0.37044692,1.0867671,0.16699487,0.25263873,0.060257006,0.015571117,0.31013232,all_pothole_images\pothole_images_2_image_440.jpg
2.2257333,1.2788014,0.1467068,2.057329,0.8844401,1.7553157,0.24545474,0.28530186,0.065289445,0.43680766,0.02291677,1.224416,0.69326377,0.77111864,0.6126164,0.1690334,0.23065746,2.3762665,0.084528066,0.77200776,0.81890196,0.53686905,0.6327095,1.2068584,1.8650876,0.35290113,0.4972812,1.8521185,0.0118994685,0.58659464,0.6294274,0.9860363,0.29296872,1.5494652,0.6673553,0.81179225,1.0040824,0.6042969,0.12886755,0.45105058,1.7529233,0.06993494,0.5250018,0.6742831,0.54854023,1.0774075,0.15104978,0.4295553,1.2748007,0.75610137,0.7612135,0.09006165,1.1965693,0.0103125395,0.40890402,2.784751,0.9218904,2.0189192,1.1863323,0.24268694,0.30506143,0.04759957,0.23544416,0.45931792,0.5407003,2.4440045,0.1633795,0.10121727,1.3591834,0.6326576,1.4128525,0.18600018,1.0003043,1.8731875,1.679584,0.73592186,0.21098563,1.8757436,0.05157094,0.2526186,0.113043666,0.669574,0.77562976,0.47064188,0.6587758,0.7465028,0.8750964,0.43678275,1.4293933,1.3851935,0.5805498,0.2453847,2.2482076,0.769514,0.3559948,0.033147976,0.8324878,0.18887208,0.26353148,0.1847917,0.27869222,2.584763,2.0183165,0.594081,1.1016647,0.8890157,1.1781185,2.3675632,0.84912753,0.6813226,0.020096846,1.22431,2.3989198,0.92796516,0.6923386,1.3140612,0.7389706,0.38401255,1.5545764,1.7033452,0.74590224,0.17719541,0.6445749,1.1849034,0.9633374,0.3250603,1.5896063,2.200949,1.6600485,0.06216411,0.38125992,0.005007545,0.009660182,0.25150126,0.56078196,1.801443,0.21748126,1.598662,0.18985522,0.053621236,0.6185595,0.64716756,0.5672105,0.17509186,0.95958614,4.346316,0.066148676,0.98852485,0.17652515,0.16448823,0.4928925,0.53666997,0.45662656,0.008371706,0.72873056,1.4523882,0.948337,0.14418773,0.6282436,0.6492463,1.2500775,2.487348,0.11684593,1.75745,0.15598884,1.2766058,1.8227472,0.7125998,1.5559094,0.8802049,0.63584656,0.010931699,0.12233915,0.097153224,0.67181087,0.7988085,0.53619766,0.006148198,0.20958525,0.43021953,0.12827073,2.751679,1.4963198,0.5966386,1.3397273,0.71932024,0.10317279,1.7366354,1.6564066,0.31821346,0.43329844,0.5812056,0.38141152,1.6293662,0.88067997,0.22294438,1.4699439,0.1724849,0.20811471,0.47197995,1.1679506,0.8389315,0.46454075,1.3456181,1.5530685,0.5104795,1.2769152,1.4507875,0.8046255,1.8351412,0.15462439,0.0,0.05196391,0.015376536,2.561156,1.7384981,1.0126057,0.6185006,0.07074951,0.20112692,1.5123568,2.010251,0.6612809,0.030019525,0.025991848,0.52281135,1.8025117,0.33861548,0.79671466,0.8830242,0.2082667,0.057157826,0.5436981,0.3099242,0.32699463,0.119001865,3.3631716,0.45333868,0.615251,0.9800596,0.31577432,0.8345547,0.83564895,0.0055160164,0.035017118,0.43965572,0.2268436,0.93216187,0.4669513,3.1578894,0.41513535,0.6246889,0.30290368,0.42887852,0.1092332,0.79077554,0.327586,0.70813555,0.3989352,4.1696916,0.093804464,0.29528058,0.29557896,0.44880116,0.9361779,0.05687221,1.2857869,0.97534394,0.99054545,0.6050175,0.6385049,0.36068428,0.1820928,0.6163648,0.5629417,0.44011325,0.12961493,1.7509921,0.2868882,0.5869331,0.90531445,0.0,0.052077983,0.39885697,0.0,0.0855383,0.65958965,0.0,1.0873474,1.0353894,0.79591507,0.3056444,0.7234553,0.610512,0.24948122,0.06271665,0.12943166,1.7019566,0.1269974,1.985574,0.53747,0.78145003,0.0,0.27957153,3.0388753,1.1101487,0.18806757,0.035467952,0.25580376,1.6227738,0.48621202,1.4676918,1.0059258,0.97267365,0.34663576,0.8946485,0.1959417,1.6089072,2.6620255,1.2240283,0.53783846,0.118952066,0.2188605,0.48069572,1.3944342,0.95115536,0.13578211,0.2730877,1.2734263,0.02972592,1.7167686,0.4449078,0.5505364,0.12141375,0.039668575,0.044306792,0.99852794,0.20349117,0.33536378,1.6541461,0.5440508,0.22173437,1.7822882,0.6438344,0.9158084,0.58245134,0.43964782,1.3733222,0.3584029,0.17922652,0.3184614,0.16162099,0.79454,0.4749867,0.49898916,0.10811817,0.059657607,2.2163155,0.52911437,0.96566784,0.26913527,0.24287881,0.7409481,0.135438,0.0010494526,0.091341585,0.85407704,0.06129381,0.30242795,0.7618447,0.6271417,0.3910815,0.3025222,0.09738687,0.32861227,0.23318502,0.3344681,0.30481237,1.7108903,3.3490226,0.79445755,0.007644514,0.2298501,0.22826637,1.2737225,1.9853659,0.20483029,0.0022502863,0.07728645,0.58844566,0.38072398,0.43262163,0.07509247,0.06733238,0.32351705,0.08752689,0.50749344,0.51020837,0.13815615,0.50123453,1.4112424,3.2054367,1.4946483,0.15918662,0.44035283,0.4908338,0.19304574,0.59066564,0.609301,1.1376034,1.9609901,1.2277073,0.0067685647,0.7784897,0.005013942,1.2995244,1.1927563,0.5780712,1.9393677,0.7012886,2.3572574,1.6564642,1.0602635,1.0442704,2.9324303,0.13107833,1.0437047,1.1777811,0.92863727,0.5634728,1.276054,0.15138182,0.59575456,0.3994675,0.24001122,0.7704788,1.7595642,0.5039744,0.12134791,1.9312638,0.58988094,0.9793527,0.8037179,0.0338399,0.0,0.10291916,0.06902127,0.689972,1.0122432,0.43690217,1.0480058,0.6724411,0.077417165,0.5133114,0.5719624,1.7313606,0.06431996,0.4595037,2.1798196,1.2340088,1.7280154,0.4316164,2.7909393,1.0643456,0.21687715,0.004465653,0.6469831,0.13230431,1.5256525,1.1942112,0.70036036,0.70163935,0.27046865,0.0,0.5842822,0.35553437,0.6497153,2.203254,0.13628814,0.11964181,0.16018048,2.29105,0.9290652,0.38819838,0.06480118,0.1407484,0.27206787,0.13716362,0.77180284,0.026085464,0.75591207,0.54290533,0.8275729,0.292086,0.88819176,0.4693088,0.38443443,0.13026313,1.4056526,0.38593814,1.6315205,2.4649901,0.31591994,0.01608748,1.1138438,1.5001043,0.76862204,0.03753821,0.6121005,2.662241,0.4580316,1.2789891,all_pothole_images\pothole_images_2_image_441.jpg
0.1642647,0.27752042,0.71723026,1.3084968,0.17398785,0.0,0.14069381,0.39805305,1.3137193,1.0451149,0.073570944,0.45215538,0.0035766228,0.39348024,0.32735768,0.2899079,6.195316e-05,1.0866541,0.8185515,0.0045884433,0.74307036,1.8592286,0.0793168,0.98250186,0.90926796,0.45419654,0.75366426,3.037726,0.32980096,0.18609636,0.0,0.0,0.3368237,0.50216067,0.059075736,2.2678206,0.20700999,0.81353384,0.40346363,0.10194985,0.009598845,0.29992127,0.123185,2.505952,0.71513164,0.0054127485,0.2103688,0.21396251,0.3969996,0.49945763,0.26498687,0.9873129,0.012576636,0.051151957,0.33298445,1.8730999,3.7556021,0.0,0.117766686,0.44728673,0.22588634,0.08814233,0.92425925,0.06841284,0.47385663,2.3861165,0.3822583,0.0,0.055656083,0.14884901,0.10905792,0.32871163,0.14097455,0.031642158,1.0622371,0.0,0.036304034,0.19525547,0.0847937,0.29139858,0.033804223,0.07636531,0.81513554,2.6381693,0.4006871,0.007020112,0.123929024,0.09991617,1.5934744,0.07357993,0.09629635,0.19324477,0.0,0.0,1.2268443,0.0072408146,0.15538336,1.4521157,0.96487147,0.0249035,0.066256784,2.8396297,0.15673637,0.0,0.41017964,0.008919127,0.32303095,0.0,0.64026767,0.5115211,0.0,1.2172499,0.3967102,0.0665452,0.26953378,0.15292796,0.14953417,0.30304545,2.7265258,0.34300503,1.6754293,0.18937278,0.10895213,0.6160938,0.8483492,0.10741551,0.05464327,0.1141827,0.73988974,0.0,0.12093107,0.19045258,0.11476347,0.27815282,0.0,0.0,0.0,0.62236106,0.6489138,0.018408686,0.040517073,0.11611074,0.8333074,0.5464417,0.009068873,0.042891342,0.5901727,0.0,0.09751903,1.0410372,0.1482694,0.0,0.0,0.30752113,2.5550327,0.025815642,0.82388955,0.32237083,1.4829355,1.7023702,0.9115289,1.960052,0.8691109,1.1548977,0.52811253,0.0,1.1350498,0.124042764,1.3237913,1.2351947,0.00495664,0.008894323,0.0,0.46909213,0.39896894,0.02424341,0.4388517,0.01791622,0.084206864,0.22197726,0.0,2.1949577,2.02269,0.87091446,1.5064226,3.1016667,0.2060128,0.17872006,0.02109297,1.5643642,0.09580312,0.00505111,0.11095273,1.1150024,0.07551422,0.044915993,0.24729839,0.32522193,0.20229617,0.43212435,0.0719526,0.24741474,0.0056195417,0.78238004,0.7474921,0.5797745,0.015168572,0.42330262,1.004984,0.6070096,0.0018905655,0.3814262,0.7503846,1.4092246,0.7157666,1.6890651,0.2782149,0.0031604234,0.15302676,0.14860192,0.93996316,0.07375656,0.47201163,1.020918,0.0057423096,0.012025579,1.097237,0.15208559,1.7058661,0.31427324,0.5446857,0.024952833,0.096297026,0.09307996,0.46945742,0.0019330904,1.7286146,0.2657992,0.0,0.007143466,0.16540681,0.44633266,0.1719545,0.49514383,0.15982506,0.1118281,0.72648424,0.005844183,0.48656687,4.7377,3.1010418,0.030077191,0.0,0.65156466,0.010131116,0.10036069,1.6964296,0.07129148,0.9002633,1.4043814,0.021336166,0.0,0.22708915,0.40114757,0.290993,0.88496274,0.0631234,0.38969627,0.42812467,0.045493096,0.13386272,0.0,0.2554489,0.0,0.7847693,0.80778176,0.00967956,0.006167116,0.5377577,0.3444233,0.48756665,0.12889835,0.20838638,0.2842364,0.051123172,1.9592475,1.9021388,0.09282005,0.48509434,0.14232522,0.0048834365,0.13935228,0.03982214,1.5056251,0.21143156,0.23992565,0.084364176,0.30281377,0.72616714,3.273697,0.28138515,2.6870153,0.012562976,0.52964485,4.150989,0.038019832,0.32940027,0.12868091,0.07186636,0.59406155,0.8319098,0.9067976,2.4587002,1.9365491,0.89707386,0.93943685,0.23033224,1.411835,3.6565201,0.05525553,0.019146075,0.002809956,0.2650858,0.37742454,0.19679037,0.43323314,1.5162845,0.00019274677,0.2182057,0.14458142,0.79061157,0.13819008,0.01342073,0.05097576,0.076259226,0.010800419,2.171684,1.0200566,0.11761062,0.13041699,0.10080895,0.45870888,2.452001,0.41569602,0.81813836,0.4407409,0.040869217,0.11517744,0.1432859,0.13587621,1.0675638,0.1568266,0.046764396,0.5884679,0.17512938,0.034089,0.25583062,0.33569083,1.3191675,0.1750351,0.33956072,0.13554014,1.5467803,0.80097634,0.20522659,0.38747546,0.6256679,0.9190366,0.13609396,0.37118515,0.67659366,0.0,1.323424,0.01746383,0.10155066,0.43215454,0.17959997,0.060507387,0.06823308,0.3779733,0.026011074,0.0057505327,0.18677492,1.1275171,1.7442077,0.0731565,1.2672232,0.027354972,0.0,0.19200407,0.99973553,0.11969012,0.8351818,0.8774143,0.076872684,0.06395787,1.3726065,0.033413418,0.14842738,0.20457032,0.43140975,0.7076699,0.0,0.027151052,0.0812168,0.0,0.43010235,1.7090986,0.87634456,0.02245495,0.012892545,0.8165649,0.080610044,0.13405035,0.121539675,0.16648898,0.89916635,0.21850446,0.10459983,0.05705112,1.8070841,0.23651434,0.47192574,2.0704746,1.5225756,0.053068053,0.5102133,0.0055657853,0.23731479,0.062218767,0.47254455,0.14887734,0.10111869,1.1121848,0.2999615,2.1572576,0.3935669,0.15767938,0.06834105,0.23701656,0.111867286,0.0,0.07442665,0.21182539,0.03501703,0.005566375,0.19557367,0.2131276,0.8119217,0.21932063,2.8298707,0.013656677,0.06058685,0.17439076,0.883712,0.4126998,0.2778858,0.2137841,0.0,1.0014831,0.88514227,0.5629794,1.0478731,0.0010613061,0.26542172,0.15671319,0.2296073,0.21213754,0.13333218,0.79160357,0.12852089,0.980273,0.021109235,0.04032355,0.26994762,0.14141898,0.06390751,1.036246,0.52992153,0.0023302813,0.9253128,1.2126307,0.7464646,0.029345978,0.040932897,0.42702708,0.4788145,0.09877428,0.5277893,0.04172504,0.20487368,1.0050905,0.17456675,0.4986215,0.010313769,0.0,0.097050026,0.34018797,0.0,0.2567614,0.3934927,3.7102754,1.6844213,0.022411507,0.27789772,2.2554946,0.0,0.04327499,0.39108878,0.19097966,0.25095332,0.0011285687,all_pothole_images\pothole_images_2_image_442.jpg
1.1955466,2.1106365,0.6360396,0.9578477,0.44311577,0.37165004,0.16393968,0.22438972,0.18155533,0.17836612,0.23737453,1.3054024,1.2482564,1.8844228,0.19587961,0.040481854,0.88942313,0.107768126,0.15726757,0.34062287,1.0894183,2.0396667,0.25545883,1.480907,0.28992084,0.10003939,0.5853128,0.95846665,0.7369878,1.3632092,2.0045733,0.10196516,0.8332658,0.9671806,0.3351568,0.44194275,0.77925247,3.1856296,1.0192822,0.3360503,0.4117724,0.0,0.8159295,2.1392512,0.5438652,0.0823713,0.48638216,0.28253368,0.08302615,0.24218585,1.0720047,0.0,1.1772118,0.09510419,0.020628572,0.26040933,0.58560205,0.16465762,0.96751916,0.0035294606,0.04400398,0.004924093,1.2903757,0.32455125,0.22340581,0.55350393,0.2994296,0.86567867,0.7411861,0.30982998,0.48994362,1.2728133,0.1234931,0.20702654,0.5010966,0.0067851054,0.20767364,1.3789024,0.013873239,0.13719103,0.66095,0.3929192,0.47651967,1.4895835,1.0001955,0.005380269,0.08209953,0.5502738,3.2387722,0.019385112,0.33761242,0.48914596,0.038952067,0.84882253,0.35460335,0.7841935,0.9733991,0.16049579,0.77733177,0.8506443,0.35083407,2.0738666,0.09775261,0.565398,0.24645326,0.58804506,0.7543394,0.04993488,0.07421613,1.2985346,0.7147326,0.27580214,0.088841215,0.8546964,0.3994961,1.4932474,1.5599264,0.17457424,0.4766901,0.1250491,0.96707815,0.621744,0.4410187,0.3695786,0.12671864,0.4323275,0.39376035,0.014235312,1.3463895,2.022683,1.0213886,0.4361214,0.38460848,0.053410053,0.3115403,1.0208247,0.7110525,0.5224554,2.5300133,0.7499761,0.80645,0.6588056,0.11484675,4.480682,1.594271,1.0737051,0.67676264,0.5840376,0.26054606,0.80453134,0.24493264,0.68522346,0.50338656,0.16040424,0.11954042,1.117277,0.4018709,0.0032464238,0.6696519,0.50540364,1.8092694,1.3339568,0.06706125,1.28603,0.501902,0.0,0.22373079,1.6220219,0.58636117,0.420097,0.0,0.1804891,0.7103487,0.3586087,0.38705373,0.04339289,2.1077185,0.06891478,0.02788091,0.6959747,0.9725602,0.7742979,0.8021933,0.5098349,1.0775992,0.16095142,0.030436233,0.29932323,0.06041553,0.05890774,0.6175391,0.39899817,0.8590524,0.546227,0.105364874,0.23332389,0.12521076,0.07004277,0.5365002,0.4655508,0.36545882,0.057999346,1.2883701,0.5353216,0.9656699,1.5426841,0.88651043,0.4692022,0.47779644,0.0,0.078566454,0.018211141,1.0422548,0.38520837,1.0110837,0.07733051,0.86743677,0.66311437,0.43689907,0.0,2.1916604,0.30819947,1.2556393,0.25819248,0.0154030025,1.0029868,0.8679966,0.8116066,0.2331263,0.18812253,0.20469356,0.24897945,0.4169026,0.8674245,0.13605657,0.28845495,1.7122117,1.8924233,0.04876177,0.14892614,0.15102969,0.049218457,0.6823161,0.6454678,0.42194396,0.36139703,1.4925107,0.2620906,0.4840678,3.4403474,2.1602364,0.45465764,0.403282,0.66468483,0.0,0.71702886,1.5777497,0.52849066,0.5533007,2.0892668,2.708195,1.9305491,0.23395987,0.059941206,0.6626027,0.1251642,0.051956546,0.58043647,0.7824204,3.8355606,0.0,0.037750132,0.069309644,0.06955634,0.410464,0.45200515,1.3743261,1.3863531,1.6004375,1.0615284,0.9774896,0.064746805,0.9990829,0.057017732,1.1913337,0.11113238,0.2632579,3.0134923,1.9255629,0.14238767,0.04825599,0.15662079,0.9798235,0.14848654,0.9142273,0.8236684,0.6022417,0.8915209,0.55908483,1.1062496,0.52774924,1.1060598,0.27346376,0.065644965,5.5138617,0.011611236,0.61414146,0.7555379,0.70118237,0.06811787,0.2575724,1.5844158,1.9312472,0.06764508,0.17962857,0.25616726,0.773918,0.5648456,1.0367522,0.4093814,0.046104893,0.034959286,0.045412,0.75624514,0.185831,0.4376515,1.5154942,0.85788876,1.6800437,1.3022288,2.7045586,0.677557,0.23052081,0.49123678,0.99104637,0.36069456,1.9004469,1.2675217,0.4157921,0.1743626,0.4210922,0.3757685,1.0706408,0.70104766,0.19576015,0.37385884,0.15043087,0.48476425,2.1250806,1.1996714,0.3538629,1.5321381,0.0052328175,0.43564078,0.33682188,0.13167508,1.0128846,0.18480657,0.1910121,0.15306734,0.15366141,0.5948317,0.17550756,0.17058864,0.15173206,0.011964552,1.6422365,1.3274195,0.5073519,0.32241455,1.0922978,1.3244936,0.41303077,0.52754414,0.6439293,1.8306196,0.09719579,1.601327,0.54631156,1.4762973,0.26187298,0.06821602,0.13039207,1.1042664,3.4354453,0.86233425,1.5023252,0.019553965,0.048321716,1.6065742,0.57337254,0.65565723,0.028182728,0.1525068,0.2864909,0.50959086,0.79597557,0.0,0.13961318,0.1479537,3.680755,0.28486982,0.70952994,1.5286093,0.6561661,0.016236655,0.83666396,0.74510765,0.626023,0.08493567,0.1517341,0.012007657,0.36493647,1.8720256,0.19066553,0.2752161,0.017373627,2.235563,0.116724774,0.5962922,1.6691381,0.033446196,0.14308427,0.93843484,0.5006674,1.0438765,0.47356796,1.8268673,0.0,1.3814127,0.21028791,0.26936722,0.6294324,0.1539675,0.8794439,1.6393657,0.055887014,0.44899997,0.15335242,0.64338815,2.154555,0.8067623,0.36859345,1.0073462,0.4112474,0.59156847,3.400729,0.24069089,0.66609365,1.0502952,1.0638094,0.82128733,0.8056891,0.7852544,0.39661756,0.03180464,0.22914393,0.14573571,0.098750085,0.11289032,0.6622797,1.615202,0.33037877,0.0,0.88125235,0.6286055,0.12053081,0.674054,0.20932041,1.0668861,0.041371502,1.2054461,2.3485336,0.23457943,0.16814086,0.031540997,0.021527354,0.0857477,0.52139544,0.40179276,0.08138147,1.6138611,0.26731256,0.6185539,0.10469451,0.33712673,0.86764246,0.037323933,0.9591718,0.0,0.42518923,0.9291714,0.1499614,0.6054563,0.19756529,0.7954565,1.0277206,0.053076446,0.035627164,0.13507985,1.1723759,2.5249321,0.10510979,0.62900996,0.21916403,0.19558634,0.6597423,0.3339338,0.6344928,0.19596446,0.024800573,0.14467597,all_pothole_images\pothole_images_2_image_443.jpg
1.2578349,0.8583296,0.6095156,1.0971668,0.7356578,0.09730893,0.15091427,0.14514242,0.9306413,2.73077,0.40702844,0.96747994,0.75506574,0.7027162,1.5265758,0.32454205,2.441129,0.8514441,0.11534619,1.4673303,0.48729724,1.4343874,1.7082424,1.4902369,0.56458116,0.76769304,0.8541719,0.9123439,0.33981606,0.1587582,0.5667704,0.43213338,0.18076225,0.82231903,4.2719893,0.19086114,1.465025,0.993602,0.4581181,0.4089894,0.08507478,1.0388346,1.3297546,0.093222596,1.8931413,1.4117833,0.11066569,0.5594136,0.7633044,0.20906553,0.5133948,0.6172773,0.8463117,0.39935824,1.4769776,0.70737594,0.64330786,1.5869405,1.8904989,0.85949147,1.6806129,0.60043335,0.53589785,0.6531403,0.36466438,1.6899856,0.5267158,0.32381293,3.4305134,0.1462104,1.3939476,1.218577,0.75101733,0.123574555,1.2636124,1.1489273,0.6438929,1.1470728,1.3248848,0.7450381,0.2665471,1.3702301,1.533953,0.64264345,1.8783444,0.49657363,1.0198177,0.6915146,0.43489385,1.6571577,0.2327874,0.97636956,1.9332293,1.5031428,2.0873733,2.0927157,0.8559156,0.46922183,0.49947768,0.84608364,0.69642484,0.9348652,0.22552954,0.99365956,0.7351306,1.63649,1.2083386,0.686175,0.47150385,0.48459125,0.6065224,1.5174694,0.21813072,2.1831663,0.47846812,0.8063828,0.5253501,0.22863086,0.34605953,0.5977028,0.75451064,0.72610563,2.4542286,0.10455324,0.81676394,0.087706916,2.3395615,0.017310925,0.20982331,0.4865401,2.280923,0.2504696,0.59518796,0.7807397,3.19293,0.9551511,0.84794664,1.1738397,1.6975012,0.06428786,0.09095052,1.5218089,0.19011754,0.41689798,1.5424919,0.66281265,1.7770398,0.60793793,1.0667099,2.4952345,1.9435667,0.5609475,0.35400873,0.96588403,2.3141365,0.28078964,1.6709784,0.67267305,0.63786757,0.38042375,1.6335629,1.489322,3.5428345,0.87774175,1.0272928,1.3115759,0.8358518,1.6067535,0.68356353,0.6761837,0.846552,1.4428326,0.42237806,0.7212535,1.119267,1.4598125,0.6357332,0.47095212,0.18978542,0.3739931,1.5356506,1.828209,0.23953317,1.8851397,0.51722413,1.0552958,0.6077039,0.79317814,1.2129295,0.64545333,1.1478179,1.2713134,0.9977496,1.1461203,0.4297982,2.6024005,0.6819886,1.3867221,0.93986976,1.3907884,1.9864392,0.6325087,0.35066923,0.78409624,1.2489358,0.50178516,0.65285176,0.1488846,0.6829433,0.6365338,2.2550857,0.36072874,0.6127338,0.40158927,0.17167613,0.4263072,0.7615148,0.01949414,0.3870009,0.63084203,0.87889636,0.2240749,0.3986083,1.1093049,0.08088096,0.93814445,1.132695,0.22795501,0.48100346,0.75780517,0.9224187,0.14563823,0.57709694,1.6999136,0.4433787,0.5934327,0.67088735,1.3060775,0.70952094,1.3190264,0.22093453,0.9231555,2.0558665,1.9492562,0.5889755,0.6560577,0.9794244,1.0932273,0.6120552,0.33829167,1.147964,1.0497105,0.5328577,1.1636256,1.3866925,1.0230702,0.6472479,2.117132,0.6307139,0.5256594,0.2461976,2.430677,0.27948633,0.22068623,0.54068667,0.5203986,0.69147784,1.887167,1.1747935,0.35066366,0.26433095,0.57843554,1.2260952,1.5192115,0.07358759,1.2429997,0.79443264,1.055168,1.8792298,0.26503795,0.10353773,0.38325313,0.7561466,0.34840092,0.56672674,0.13659066,0.7385263,0.81129324,0.8148032,0.10419976,2.5348048,0.45140955,0.0,1.8049399,2.10145,1.3947262,0.82891345,1.2875906,0.68168527,1.5141597,1.001803,0.27398384,0.040464368,0.4676375,0.2556655,0.1871033,0.639312,0.16427448,1.6864972,0.5439772,0.25251922,0.59041345,2.9142318,0.75110155,1.3547791,0.5105883,0.08890899,0.46864232,0.3980364,0.7080323,1.5514467,1.4732722,1.1275723,1.5171647,0.15560901,3.066783,0.35799217,3.387301,0.14679651,0.87097496,0.6140208,0.21441665,0.6352003,0.3844906,1.4386568,2.7458081,0.2729394,0.053070135,0.90111625,0.90083885,1.257327,0.066019155,1.6695151,0.93736154,3.007098,0.49125445,0.40652853,0.35954893,0.3798413,1.9929932,0.28548422,0.46463487,0.15894155,1.8674101,1.6212118,0.4290509,0.18004884,0.79152,0.68152565,0.55387276,0.64066815,0.88486993,0.060623623,0.6585286,2.1211042,0.88674533,1.1981039,1.1069404,0.23579045,3.7632868,1.5940257,0.2129541,0.096633114,0.2508521,0.3147917,0.5157705,0.9326188,0.33038175,0.724686,0.78255665,0.33935675,0.76345557,0.43897188,0.66484284,1.5464362,0.60782516,0.26594648,0.6044752,1.2307671,2.8379312,0.6970663,0.14336622,0.59729815,1.1433712,0.6397768,0.81182736,0.40437385,2.5009532,0.26233476,1.4310741,2.3136737,2.6847112,0.67451525,0.30911818,0.05150164,0.7360102,4.420274,0.4605494,2.0062337,0.94604677,0.0725586,0.04944299,0.5287888,2.0560207,0.31504154,0.87376714,0.98247,0.8532131,0.17423967,1.0354497,0.41854557,0.11165965,0.32620773,0.8696609,1.0289325,0.3315647,0.071873404,1.3424654,0.36168835,3.3493888,0.6333974,0.87484396,0.6719615,0.32284755,2.4315186,0.4896256,0.69453555,0.04186279,1.0987982,0.27994442,0.6824951,0.16229959,1.9968554,1.8330369,0.53486556,0.99598616,0.67786354,1.2473077,2.9682956,0.35148233,0.27607754,0.17210728,0.3016611,0.24421796,0.841271,0.14617896,0.22535974,1.5792938,0.75251836,0.34910583,0.1288281,0.32677305,0.74513507,1.6383103,0.27641115,0.6446834,0.09387855,1.0019302,1.244002,1.2685499,0.56186163,0.27275103,1.4546103,2.3350127,0.8698719,0.23640336,1.3188558,1.6268717,0.1822576,2.4732814,1.2707424,1.3996139,0.4071944,0.16309358,1.2140241,0.94516754,0.1209407,0.40971166,0.28952774,0.35141334,1.0765907,1.0428138,0.12562601,0.45813486,0.59757847,0.41705883,1.3021184,0.68162316,0.54819816,0.39720878,0.87101835,0.2755132,1.1517389,0.78999174,1.8357991,0.37832946,0.53233975,0.78089833,1.2220594,1.6250392,0.85478985,1.2440886,all_pothole_images\pothole_images_2_image_444.jpg
2.8695261,0.24315605,0.12981787,1.1313542,1.2589791,1.9767449,1.1098963,0.06641804,0.5764502,0.5802735,0.1057751,0.5785054,0.22393239,0.5121512,0.10977882,0.5488338,1.620929,0.026456999,0.09666268,0.07639082,0.40238926,2.4715738,1.1031685,0.87875324,1.0825126,0.63987744,0.04637224,1.9680084,0.14408633,0.3967058,0.88427377,0.24694909,1.3318726,2.556134,0.848348,1.807154,1.4675746,0.5100853,0.81162596,0.54371166,0.43666908,0.007592033,0.1857535,0.5145185,0.6811396,0.64484924,0.1578251,0.011345758,0.27348435,2.678488,1.6251491,0.06440468,0.07781807,0.34321982,0.06722151,0.88924515,0.364349,0.03541406,1.5024831,8.625776e-06,0.43265244,0.25349107,0.062949866,0.32340002,1.0794934,1.0124795,0.45859343,0.15433295,0.673459,0.1441197,0.26524967,0.20997787,1.0852422,1.3023812,0.5281456,0.6319908,0.49682072,0.5226074,0.14084724,0.08493906,0.08562626,0.22988522,0.4168801,1.0254205,1.2033606,0.5166413,0.027610209,0.44194528,1.8489046,1.1820742,1.0320171,0.2968739,0.4301447,0.8158633,0.07581962,0.12026421,0.9344668,0.32558042,0.38757622,0.0816857,0.09138445,0.39708918,0.7362404,0.4378943,0.12925635,0.41244882,0.18275864,1.9215999,0.6218793,0.45908254,0.18842398,2.3165765,1.0206016,0.9125815,0.9317851,0.52578944,1.9231756,0.21343915,3.063196,2.6259434,1.3305496,0.84782344,0.08830351,0.54524493,0.040543746,0.83961594,0.15096289,3.5671341,0.39953434,0.16699898,0.433781,0.04758945,0.22252375,0.017072158,0.022679694,0.6467804,0.3836072,2.2169816,0.09311941,0.27116016,0.16282581,0.2043395,0.17171153,0.6502727,0.060969498,1.3888211,0.0024379983,0.3232668,0.0036288395,0.075759105,0.7329075,1.2443175,0.613092,0.030409602,1.2621073,1.1228945,1.5402623,0.13805512,1.9015677,0.19862698,0.84226745,0.04764082,0.006353714,1.2144849,0.1647018,1.8021486,0.1747236,0.33507532,1.5741714,0.047601085,0.048495088,0.3606027,0.0017221967,0.30706564,1.6502992,0.2725366,0.8756236,0.0036884567,0.068811156,0.060327202,0.22074358,2.7955341,0.07454948,2.515486,1.4797292,1.1527126,0.082837775,0.5114514,1.5757105,1.2890157,0.14276621,0.08306575,0.45796382,1.4768208,0.16419768,0.18630101,0.9312259,0.56780857,1.4566122,0.0335543,0.35283172,0.8751714,0.5586677,1.8402206,0.7567081,0.36366335,0.9990837,0.17118888,1.8750783,0.046079956,0.038680837,0.08727298,0.13621041,1.2282273,1.0742662,1.1185269,0.6515777,0.017160455,0.36296088,0.17089048,0.74736816,0.034563776,0.8143038,0.61013204,0.0015608792,1.6156222,2.17525,1.4851273,1.9429938,0.35608473,0.07716836,1.0033897,0.56765646,0.9122137,0.24740379,0.08840883,2.077778,0.12020724,0.25497532,0.12405652,0.6325972,0.04157407,0.30060998,0.3747116,0.13737614,0.36501366,0.48933682,0.36170134,0.587677,3.56292,1.9588599,0.87525153,1.1205506,0.85280496,0.446915,0.52832013,0.60904807,0.7463673,0.30389392,3.3286014,0.48277313,0.5048788,1.4397793,0.84478027,0.8934728,0.5360498,0.7524951,0.42125726,0.01222367,0.61156446,0.102645345,0.10784823,0.03211572,0.9082299,0.77572507,0.528262,0.99039114,0.87498605,0.8599785,0.9875954,0.026370088,0.40851584,0.6564844,0.24517252,1.1835483,0.37283367,0.4459736,0.5083234,0.66977894,0.3508419,0.39556268,0.18035719,1.6733711,0.8611065,0.04096516,0.120055154,1.2180048,3.4869714,0.34905037,0.6816026,0.3690285,1.0630275,0.109451175,1.5213846,2.6752646,1.1382538,0.36371705,0.9608987,0.03524518,0.13815549,1.452317,0.13214059,3.9202592,2.0606678,0.25237733,2.1502392,0.10612149,0.5284993,1.7196707,0.75132483,1.4079206,0.024101242,0.17009108,0.43750447,0.025397047,0.641094,0.09031782,0.9671017,0.5624932,0.33298713,2.225746,0.4919014,0.0,0.008702022,0.52944666,0.53762895,0.38255465,0.26158693,0.89085805,0.087235235,1.0282254,0.14927399,1.205739,0.023559198,0.5250726,0.84222335,0.74428886,0.15724073,0.4222581,1.0639277,0.81128985,1.9811772,0.55552447,0.27827218,0.6263529,1.0591208,0.9073217,0.8585445,1.7014705,2.3114944,0.37371522,0.33914724,0.42070326,0.28060195,0.0,1.4381081,1.0363065,0.17052557,0.32683867,0.1886991,2.7534943,0.38163152,0.4373815,0.0,0.22032897,0.63784516,0.20793419,1.1572692,0.13394654,1.3787214,0.71024096,0.01936544,0.62755734,1.1259032,3.3524368,2.474171,2.0646167,0.09685274,2.2386186,0.70387423,0.5941169,1.8166958,0.66356,0.2778456,0.015678694,0.41551793,1.8510702,0.3117304,0.1787475,0.44129714,4.0264077,0.9503083,1.4712956,0.037413385,1.7133592,0.08991792,0.45341375,0.24377584,0.047595475,0.10351442,2.0016155,0.19370568,0.553388,0.419793,0.20664011,0.18258953,0.921351,0.25177604,1.2860285,0.73318356,0.21649829,0.61584073,0.21722668,1.8101174,2.0709689,0.5041958,1.1225541,1.7765933,1.1170328,2.1526923,0.2017942,0.33283487,1.5496811,0.61525786,0.63947386,3.4399924,0.5508746,0.58045447,0.053975046,1.3569403,0.9256845,0.6012467,0.4511727,1.1545076,0.8472782,0.041163627,2.0576649,0.15529108,0.6776754,0.23905762,1.5361613,1.3992106,1.2770255,2.3485487,0.79556787,0.7067536,2.1369998,0.6944609,1.2650781,2.0053296,1.5439221,1.2361077,1.7015401,0.23638262,0.8594976,0.107127294,1.0864257,0.13027088,1.1984836,1.6212867,1.4562185,0.13810153,0.09233641,0.6513328,1.9325182,0.26082686,0.97119045,1.902352,0.06550488,0.8493038,0.20914309,3.6637049,0.8237179,0.59322226,0.0,0.6332596,0.81479037,0.9224603,1.059777,0.3915357,1.9817691,0.31494224,0.17865603,0.047703892,1.2023822,0.080547854,0.13971579,0.19095898,0.34433457,0.26007465,0.79723823,8.299479,0.38992333,0.16630837,1.3780137,0.3211664,0.002727967,0.08360718,0.36998576,0.67814445,0.031192072,0.9775834,all_pothole_images\pothole_images_2_image_445.jpg
0.06136167,0.5146071,0.005636788,1.7929838,0.25090322,0.20124029,0.472764,0.926052,1.3947308,0.024120703,0.095515296,0.39098746,0.13675676,2.0666497,0.16604932,0.124379486,0.19498096,0.15380818,0.12357913,0.004287875,0.6879275,0.4368546,0.5623993,0.046947196,0.92175764,0.17702143,0.0020284662,0.33610955,0.445929,0.127803,0.0,0.0,0.34787774,0.16627572,0.018007834,0.30561674,0.46872503,1.2433125,0.2702883,0.56207085,0.0052968445,0.091124035,0.34685752,1.6882763,0.20870936,0.315025,0.10423483,0.5658962,0.09014051,0.65300447,0.758386,0.27687383,0.090439685,0.06497097,0.3028581,1.8167984,1.0528793,0.20087458,0.374291,0.24772301,0.03908643,0.22922938,0.055167854,0.22987024,0.33264408,0.27359965,1.416002,0.054140322,0.45033202,0.05439928,0.1550704,0.05194041,0.06302525,0.026769925,0.6602981,0.008773241,0.35382274,0.41165486,0.026580587,0.23831788,0.48229566,0.25253645,0.13641325,2.1924696,0.25000334,0.0,0.21843524,0.04525144,0.4185313,0.004201693,0.09510499,0.019582955,0.0,0.019268772,0.42128798,0.16934219,0.23191142,1.6687263,0.4532106,0.7953241,0.14008933,0.98232114,0.12372136,1.118509,0.35295287,0.3326512,0.23459564,0.5423976,0.07329737,0.59860724,0.08891568,0.21477987,0.023623902,0.07650454,0.3066043,0.16537343,0.49848318,0.0076739737,2.253163,1.822449,0.5152888,0.018388651,0.08917479,2.3744252,0.44951987,0.685903,0.0,0.34456837,0.63584363,0.067645475,0.44106546,0.399373,0.010874491,0.35573834,0.1371837,0.19842681,0.5336553,1.1395113,0.3076713,0.45852053,0.077480905,0.26560408,0.36224294,0.02869939,0.0,0.022458676,0.1374196,1.0434117,0.057413902,0.047153782,0.3889945,0.2994086,0.074953936,0.24246076,0.24156076,0.6328771,0.5888902,0.11826029,0.5234027,0.3085381,0.42527533,0.98587656,0.13377884,0.26286116,0.3782494,1.9864157e-05,0.23008274,0.14243108,0.34447896,1.3358243,0.07345795,0.1817653,0.006972959,0.22966214,0.35493308,0.17006274,0.6156901,0.15096919,0.0,0.18629704,0.025631102,2.6792512,1.1929493,1.0969557,0.19754943,0.9814255,0.22851218,0.15188408,0.03235479,0.6304549,0.10324892,0.055987436,0.23384759,0.6228206,0.2813222,0.0,1.4911851,0.13244186,0.29719013,0.2994813,0.12144737,0.61510515,0.07519118,0.7891872,0.64091694,0.29231367,0.8958893,0.25166345,0.66756237,0.09453335,0.03243944,0.12664701,0.32155874,0.74349135,2.4495375,0.46583903,0.038853828,0.0117926765,0.71736044,0.0,0.071351334,0.2471914,0.023084205,0.7533646,0.020335658,0.14466502,0.9538092,0.14711164,1.9239293,0.38865063,0.017762367,0.08095911,0.2083542,0.10057149,0.4349723,0.095979005,2.0601633,0.1559963,0.18448581,0.34447905,0.4249825,0.18445805,0.16688004,0.738164,0.32312018,0.384681,0.32451224,0.40170506,0.55588335,4.726313,2.4025538,0.07277454,0.10521858,0.5772616,0.04298323,0.2610503,1.0739244,0.08038893,0.3949995,1.4938182,0.026542492,0.16073912,0.60103655,0.24361683,0.26831147,0.21805815,0.49596432,0.047123495,1.6980785,0.43361694,0.068247184,5.445825e-05,0.14435615,0.05093773,0.31685403,1.081959,0.121948004,0.28761357,0.60229015,0.08482569,1.6128266,0.33165646,0.16954978,0.3869395,0.29057974,0.4529105,0.675445,0.28063062,0.091774054,0.030319309,0.18094656,0.050998688,0.33990142,0.4157423,0.17628288,0.22573008,0.0,0.14612131,0.0026507815,2.2980788,0.41085216,1.115128,0.045562893,0.42706242,4.683262,0.007615386,0.12606224,0.109288625,0.06056316,0.19019656,0.35420853,0.17694975,1.8427114,1.912992,0.82128674,1.5875281,0.095228136,1.6596749,2.3810818,0.050534375,0.79122454,0.12878059,0.33147556,0.10322155,0.062225904,0.15386166,1.141197,0.069411926,0.0,0.589463,1.2281344,0.38563785,0.096957974,0.04073408,0.01393081,0.423766,2.582434,1.2958208,0.25584364,0.8473442,0.08737778,0.060453422,0.95129216,0.7934972,1.5825312,0.05633019,0.0,0.19180399,0.20130542,0.9564489,0.4573563,0.6898425,0.31758994,0.2728796,0.31287292,0.5509276,0.21796456,0.84964097,0.047163017,0.46333477,0.41276136,0.23859793,0.6852085,0.0,8.7630724e-05,0.106731355,0.70268685,0.1655118,0.039213695,0.24075936,0.6763154,0.07503555,0.38882688,0.010692514,0.15254828,0.03910326,0.3585334,0.1925454,0.4913534,0.35504445,0.11011559,0.13836652,0.69999623,0.51747304,1.0536866,0.018995041,0.34046507,0.095951766,0.08278701,0.16101144,0.6372957,0.0,0.08987365,0.30969453,0.001813318,0.0641234,0.887895,0.03190199,0.10305163,0.07763001,0.21862294,0.081011355,0.5710251,0.14105955,0.60891575,0.019928318,0.8004497,0.17018528,0.85026485,0.16029067,1.1149309,0.57628465,0.08691098,0.18017052,0.39688212,0.56802046,0.032854866,0.5876949,0.24629433,0.07895139,0.7468259,0.3025009,0.34924206,2.9882896,0.5208298,0.4772547,0.31919318,0.0,0.2769794,0.2018134,0.74092364,0.06639265,0.036505453,0.00757363,0.1634689,1.5603803,1.2884938,0.022567837,0.36318251,0.7088593,0.0,0.0932037,0.031646147,0.12305727,0.09933159,0.0012394375,0.70906633,0.6781029,0.02273231,0.21748142,3.5014398,0.18375184,0.24380393,0.27320898,0.12874927,0.34362373,0.143024,0.005720288,0.08473007,2.4267979,0.7820911,0.10896266,0.147068,0.08250176,0.81249386,0.36543673,0.6361119,0.09023884,0.16072181,0.54682183,0.9304553,0.032175656,0.5355776,0.15964797,0.3580401,0.29032126,0.13456392,1.290557,0.029719755,0.9290061,0.5358982,0.70932037,0.66677123,0.0,0.04140323,0.11410643,0.7477608,0.0119228875,0.7653886,0.3819585,1.0225929,1.695151,0.012324279,0.0,0.14221057,0.00472613,0.0,0.12698385,0.073225945,0.04488793,0.4732149,4.920195,0.52251196,0.40561682,0.45467976,0.6651054,0.93101275,0.032279965,0.510997,0.2594391,0.18717693,0.19922863,all_pothole_images\pothole_images_2_image_446.jpg
0.45964858,0.9708075,0.4177323,1.5418019,0.70968986,1.9156299,0.7051586,0.55281,1.0767071,0.81001246,0.610438,1.0622736,0.13320865,3.062182,0.592312,0.36564565,0.4017399,0.29360867,1.1608866,0.3742754,1.1468492,1.0530372,0.88302165,0.9467949,0.84043694,1.9698046,0.69153345,2.9964879,2.965081,0.3379964,0.48470032,1.4943854,1.5473739,0.33536744,0.09746961,0.3631749,0.34798205,1.228083,0.29961953,1.081412,1.1294012,0.7465839,0.3646075,0.97191083,0.8480576,0.61387426,0.59957695,0.07639191,0.561025,0.47760886,1.661927,0.52627754,0.31740075,1.0114803,0.14743315,0.7278105,1.3544767,0.01944651,0.080580935,0.51072717,0.8225218,1.0209905,1.5662019,0.87850535,0.5531126,0.79712784,0.9634909,0.29093337,0.29350454,0.106501274,1.0450355,0.84290624,0.26944062,0.36004218,0.75653464,1.0177358,0.2477658,3.9232047,0.42433897,0.033454925,0.10198731,0.0579172,0.4662856,0.3166782,1.0687251,1.440874,1.1624326,0.16181491,2.928406,0.26718163,0.48227298,0.4808218,0.42633837,0.47860464,0.6356743,0.037683412,0.735557,1.1790682,1.089609,1.991209,0.024743082,2.7148666,0.14649485,1.0591552,0.04126091,0.6414005,0.18934298,0.46517247,1.9136785,0.06855818,0.22441572,1.8989279,1.0726485,0.23284191,0.81628823,0.3862711,0.5748274,1.1964,0.31580582,1.119744,1.3991802,1.279123,1.3300669,1.5319837,0.081723325,0.19477145,1.0465006,1.3871715,0.93003607,1.0863979,0.5119891,0.40350085,0.5532393,1.1466191,0.23299193,0.2492735,0.67485934,1.6367514,0.55573374,0.88480616,1.9057281,1.385911,0.36149502,0.3658009,1.6984785,1.7999171,0.14731361,0.041103538,0.9556581,2.3662577,2.3792675,1.1113033,0.075270966,0.2657386,1.2825639,0.4112122,0.36347896,0.91115856,0.4575928,0.12986366,0.8848231,1.0101687,0.22198938,1.6538815,0.4819345,0.15953554,0.15410158,1.9044352,1.846694,0.070553735,0.18965292,0.34650055,0.64906627,0.16682333,0.47239396,0.23106551,1.81853,0.154561,1.093417,0.9903939,0.24446395,2.7920506,2.3902647,0.53139615,0.697151,0.24305771,0.4499233,1.7720517,0.1451952,0.70913213,0.103459276,1.1577853,0.46903843,1.9124992,0.09120259,0.13741909,0.3610187,0.4706604,0.85676557,1.5185192,0.80883175,0.08659711,1.1369079,0.36095256,1.9523245,0.28930378,0.13136402,0.76467943,1.0299858,1.0012813,0.8662849,0.6431399,0.56207705,1.1095034,1.9598294,1.7343259,1.1388412,0.14366609,1.5853293,1.0369406,1.2411784,0.06924074,0.02127486,0.17291304,0.3833005,0.07395088,2.4368575,0.52665925,0.6954392,0.868078,1.6070635,1.4352331,0.12700097,0.72138464,1.5880749,0.6646892,0.41281116,0.69899344,0.0849236,0.5177656,0.8630626,0.06969344,2.0524628,0.90043867,0.18952362,0.0052587516,0.28698343,0.0027326464,0.66776973,4.0866766,3.1356816,0.021125805,0.13583913,1.0431932,0.3049391,3.26597,0.48813948,0.6404188,0.9443053,1.6491116,0.79607683,1.782163,0.46367267,0.20300663,0.18783747,0.20191659,0.61107177,1.0114311,1.0166094,0.8141169,1.7825793,0.20279427,0.6714938,1.0203699,0.7451991,0.31301427,0.6564734,2.500214,1.3647578,0.49550948,1.0364633,0.0034913714,0.121216856,2.0225365,1.0995454,0.62562406,0.63910115,0.33729655,2.7168055,0.03969262,1.05994,1.7111231,0.257819,0.9413553,0.61373836,1.406549,1.4342694,0.5258142,0.81169033,1.8133303,0.27380598,0.0712118,0.8017855,0.25890642,3.0837402,1.505052,0.21431455,0.9101683,0.8524221,0.27060154,0.29782268,2.5243163,1.9666455,1.0748196,0.53031564,1.4588583,0.19038773,0.6974069,0.9157936,1.8493426,0.04219772,1.1876887,1.2591865,0.49683413,0.8825086,1.8030168,1.0419875,0.33940288,2.0970423,1.050591,1.5211792,0.18256328,0.36552,0.7711016,1.2560142,0.6229986,1.4150736,1.8413941,0.4154062,0.088997215,1.1180245,0.6798154,1.5448407,0.9213731,1.8076062,1.2964466,1.2426317,1.1034622,0.7250374,0.53459233,0.41563612,1.5949984,0.67223346,1.081443,0.95586497,0.2588218,1.3893296,0.33336645,0.21801937,0.16548908,0.5370932,0.6970566,1.5530963,1.0217488,0.46052986,0.9496184,0.5644887,1.126273,0.41019413,0.049083494,0.57376117,1.878623,0.21585868,0.048807975,0.8152998,0.50312436,0.35937718,1.0218612,0.84600353,0.29929695,0.1572026,0.034850024,0.7779234,1.2527733,2.0269353,1.7814318,1.6899441,0.014592565,0.462143,3.1272027,1.5352352,0.5173228,0.32538992,2.030861,1.2154388,0.123502016,0.86950463,0.23571257,0.52311057,0.9341879,1.9999913,0.7632933,0.20262085,1.3954953,0.17072049,0.5971703,0.38609096,0.042643595,1.7414476,0.27078176,0.2019004,1.4373327,1.1884254,0.88553405,0.10795587,1.0151283,0.3542821,2.5681686,0.120656535,2.2271173,1.3666933,0.91451657,2.0006392,1.5627886,1.9533303,0.76905507,0.5400193,2.426249,2.5556138,1.2542247,0.514421,0.64601827,0.2296783,1.5287588,2.0292315,2.8384454,0.9747551,1.5531033,0.49486682,0.4071589,1.2051969,0.0530181,0.10369369,0.104194336,1.6950105,0.44993964,1.972733,0.23584764,0.17147988,1.0841,0.2226993,0.28074676,1.7036412,0.37033257,1.4423461,0.29820085,2.1424859,0.699473,2.7214537,0.5045156,0.71314836,0.40000197,1.6412216,0.7349252,0.33799273,0.47906455,0.7798127,0.5115647,3.4188588,1.0621878,1.1041902,1.2321308,2.1686034,0.33865955,0.30147564,0.60118705,0.9591614,2.0654254,2.0027902,0.20275047,2.0233018,1.189115,0.19561508,1.9186076,0.6519157,0.5233847,2.8607066,0.23356187,0.94349235,0.28450027,0.25435942,1.502381,1.018472,0.8933413,0.26061404,0.5213432,0.2776552,0.029721394,0.35205957,0.41767126,2.0077798,0.6567592,0.18453579,1.1344578,0.79410225,0.034607466,0.018423757,0.6187641,0.09112399,1.7612848,0.27298316,1.2174871,all_pothole_images\pothole_images_2_image_447.jpg
0.6371025,0.9439869,0.37842286,1.3411964,0.25699073,0.47968405,0.9358967,0.81730765,0.24399976,1.9101142,0.7095328,0.3843635,0.72526145,0.51144356,0.31446585,0.22665522,0.25373614,1.2353145,1.0320038,0.54340553,0.52828854,1.3924664,0.21399735,0.053484537,0.49094206,0.18105178,1.4809941,0.9109231,0.009417023,1.1528664,0.08711645,0.3645199,0.24531645,0.117905885,0.41258776,0.5614891,1.2654591,0.761777,0.24949169,1.0216491,0.18527064,0.31958324,0.34342122,0.43206337,0.11239288,0.3870839,0.3185983,0.124001436,0.4462914,0.12935637,1.2521174,0.25161436,1.0775712,0.70931613,0.9044887,1.0091258,0.5923368,0.39646086,1.9979335,0.34649467,0.60732865,1.306219,0.48785585,0.14019412,0.5121069,0.85547245,0.9860047,2.1210668,0.5395301,0.8349037,0.72124326,0.079863586,0.0925705,0.38301238,0.574455,0.46367303,0.88133085,1.6199236,0.17536274,0.76244557,0.45850402,0.79612434,1.4347764,0.2692687,2.7406266,0.39282614,0.0822038,0.024323784,0.9257436,0.9675823,1.0418248,0.59854686,0.45538172,0.080290265,0.58414114,0.15744683,0.3562006,0.5844452,1.4038244,0.54861826,0.36021295,0.93990505,0.5071325,1.3683228,0.72564757,0.8905669,0.21663561,0.4109616,0.20317073,0.5528277,0.43472978,2.0179825,0.83935916,0.08481833,1.1248131,0.49044386,0.595193,0.45488283,1.1911331,0.37881157,0.53546435,0.5827786,0.61073273,1.8143784,0.455601,0.23702145,0.4492488,1.0083838,0.34463936,0.7480179,0.1742073,1.5859544,1.733821,1.5553266,1.0310471,0.05642684,0.2226609,0.75543064,0.37276715,0.485353,0.06988927,0.24664684,0.75722235,0.5947363,0.061550092,0.6408715,0.5004295,5.653398e-05,1.8630676,0.50819266,0.2693361,0.24419175,0.10045414,0.3425747,1.2896223,0.51906437,0.23938914,0.18854307,0.105617814,0.58852077,0.08932899,0.4642052,0.1141959,0.7409396,0.8640623,0.9314368,2.2603142,1.3628362,0.27898285,0.028944287,0.9127722,2.3542778e-05,0.9896734,0.41440398,1.0764397,0.1157891,0.27824616,0.17708851,0.652234,0.25284976,0.99284136,0.58316875,2.3203094,1.8210716,0.13958089,0.3792148,0.8572503,0.92853904,0.43429253,0.6368514,1.873778,0.08470519,0.011254403,1.2111875,0.48253766,0.16378516,0.4582805,1.4082575,0.33640125,1.1599243,0.549911,2.8406813,2.6146758,0.21979748,1.7733431,0.8172374,0.50489855,1.1758729,1.3208005,1.9513485,0.27322584,0.69445586,0.8197829,1.632573,0.25882328,0.96578634,1.326302,0.53088784,0.4542342,0.4178237,1.3113054,1.9974835,0.4649633,0.036051527,0.3310518,1.0527674,2.1228712,0.11238069,0.73357373,0.05156211,1.2657028,1.9490143,0.38265547,0.83183223,0.19288936,0.20185702,0.71934694,1.0876696,0.048628185,0.15496126,0.046826176,0.73264956,0.008022765,0.41323835,0.027497986,1.0639399,0.06139985,0.34787634,0.70313495,3.7265913,2.519938,0.45448476,0.5090849,0.7760447,0.1921006,2.9333756,0.51320463,0.4339493,0.8284889,2.245405,0.56477773,0.33861533,0.6877515,0.5368718,0.07012951,0.08513611,1.042073,0.76160276,0.2643367,0.0017808847,1.3737239,0.08828532,0.34173653,0.026609,0.22996031,0.14525266,0.08180971,0.22135125,0.26575834,0.2661202,0.47904563,0.3668325,0.21440545,0.5965474,0.47590238,0.019147102,0.7314232,0.85145617,0.12737909,0.35410365,1.0153192,1.1837264,0.86809856,0.14173682,0.025719924,1.3266734,0.34303817,2.7072523,0.048020594,1.8647013,0.0428464,0.7341226,0.09438438,0.38032225,2.0078526,1.1304364,0.36961624,0.40408185,0.119128525,0.4569839,2.0837545,0.20129764,0.6663185,0.77666444,0.5062658,2.0298226,1.9125162,0.9054764,2.532823,0.64933264,0.0089007225,3.152413,0.39598712,0.09151494,1.6764115,0.9331671,0.0002971026,0.2520355,1.7434845,0.8998363,0.4480047,0.09179016,1.7677292,0.66526884,0.057559267,0.012052631,2.3759682,1.3086498,0.17125034,0.54869163,1.6053077,0.45266575,0.3894585,0.32981738,1.6651239,0.512185,0.26917273,0.6726936,0.12524359,0.94645643,0.46602646,0.5232498,2.6881888,0.38390532,0.28985053,0.46618924,0.74970305,0.8165301,0.1636809,0.074640416,0.30873382,0.37833816,0.13365382,0.7910807,0.023735804,0.0,2.9780488,0.023997921,0.37805805,0.122289404,1.0004227,0.7135508,0.16957197,0.85252184,0.781674,0.037672263,0.002733382,0.5823609,0.8298307,0.13056065,1.0917312,0.41185075,0.29918605,0.66123974,0.86953455,0.47528258,0.8946595,0.94452715,3.1930883,1.4602506,0.3152635,0.009561879,1.0703808,1.5706819,0.42856348,0.3331268,0.17294738,0.27061665,0.59769726,0.09269161,1.2701585,0.49620062,0.94651014,1.237004,0.531718,0.6017802,1.1630473,0.3372935,0.13064861,0.8335516,0.3611517,0.5205528,0.2595868,0.3406077,0.4837616,0.4030106,0.4142027,1.2168343,0.2834646,1.4627844,0.30305707,0.4615345,3.1334312,1.1104516,0.3102329,0.19113451,0.22323948,0.20033668,0.114363335,0.39285675,0.6816107,1.5252706,0.9928195,1.1451072,0.21857384,1.455923,1.8135582,0.7729088,1.0096465,0.17333026,0.052189466,0.52433455,0.13382164,0.11792064,0.7556297,0.28145656,0.5098699,0.19781125,1.1369283,0.19570173,0.49820164,1.1125476,0.8325734,0.33410108,0.204296,1.4529871,0.6571926,0.99647725,0.20547047,0.0532736,0.18152536,0.43674397,0.6977367,0.18745476,1.1648778,2.2483485,0.6568249,1.2244216,0.6688521,0.043164514,1.659137,1.9458003,0.7317698,0.4670545,0.718714,0.29749236,0.19087657,0.16274188,0.18015468,1.3426805,1.105118,2.2296,1.4167365,1.0628408,0.04770732,0.24759473,2.5727534,0.14035563,0.7789484,0.29754618,0.72004586,2.436103,0.52874666,1.2240587,0.10472483,0.4907878,1.4467465,0.5374495,0.48718414,0.0727351,0.3828097,0.26874506,0.15728004,2.683395,1.2668029,0.37196085,0.6243323,0.3564967,1.4783409,1.2120351,0.13439491,0.10090215,all_pothole_images\pothole_images_2_image_448.jpg
1.4546633,0.097319156,2.7597458,1.3739697,1.2551336,0.26512176,0.16223523,0.8035001,1.9152349,1.7895019,0.4701709,0.36254427,0.4713453,1.4851065,0.9108682,0.3861649,0.023029052,3.3827262,0.076277085,0.16570847,0.28747472,1.7525363,0.063304864,0.0,0.20837656,1.4881887,2.021569,0.7739534,0.3521477,0.17401353,1.4850037,0.12504627,0.28611028,0.79184705,0.39059684,0.74107826,3.4000835,0.3464105,2.5616782,0.42904955,0.9920775,0.9347663,0.4874053,1.5527687,0.6181017,0.1985311,0.56601244,0.7389951,1.3585811,0.3731507,0.8234169,0.07381874,0.15596357,0.20727235,0.17285997,1.2694503,1.03676,0.120502405,0.17371637,0.5120308,0.87841,2.0966747,0.1887054,0.09054404,0.7829418,0.844089,1.7698835,0.7219453,0.5985205,0.41727728,0.46188635,0.5868344,1.4315013,0.38780394,0.20003846,0.08948992,0.2241564,0.8172788,0.02752058,0.03506402,0.36182076,0.12343992,2.6986015,0.16699176,0.73965204,0.08659485,0.68001443,0.2932961,1.502265,0.2824956,1.7221787,0.52026516,0.13836886,0.06351466,1.3373811,0.3934323,5.438918,0.44729397,1.5972958,0.42005086,0.20107436,1.7373592,0.5595555,0.65419877,0.14253539,1.3802683,0.076515205,0.92670596,2.4948542,3.0668836,0.10275391,1.0150052,1.0057751,0.081300825,0.15345241,0.5121457,1.4707963,0.6857928,1.4965639,0.7097128,0.0055520134,0.08841836,0.80455744,0.40314853,0.11450609,0.11015742,1.1758268,0.38565883,1.0144892,0.90739226,0.041149464,0.30965242,0.29580936,0.6122072,0.23647965,0.09227905,0.49987534,0.6831721,0.37557697,0.3068155,2.5222836,0.1226748,0.42247647,1.2460338,0.10945591,0.6823607,0.89863914,0.20275488,0.0064032064,0.21745345,0.80333894,0.6664983,0.68622017,0.6937342,2.2399724,0.5592896,1.7809008,2.027431,0.90568036,1.2263943,1.3286608,0.94133747,0.72009647,2.0321522,0.50301576,0.67057425,0.49899587,0.57534736,0.40834987,1.4137753,1.1400678,0.49779144,1.7744533,0.4629325,2.4751465,0.62807006,0.29110453,0.04778205,0.6143969,0.105952725,0.6165387,0.7896068,0.12702088,1.5899196,1.8401716,1.1914442,0.65862817,1.4806961,0.08319329,1.2072684,0.12732838,0.2312717,5.019659,0.48769924,2.5704634,0.42738014,2.1501417,0.5274243,3.8477676,0.35863867,0.24959719,2.2924447,0.18033017,0.69281644,0.37088147,0.4169654,2.3168848,0.387115,1.1150031,0.46754634,0.03318947,0.45109063,1.9704189,1.714967,0.69651234,1.113375,1.0683024,0.48737836,0.6507807,2.7597952,1.1464113,0.9903478,0.4567092,1.8756793,0.6681485,1.9007406,0.17689489,1.4036946,0.00799376,1.2374945,0.3919088,1.0697955,0.25166962,0.006622291,0.14995876,0.304607,1.9722263,0.45653984,0.1717644,0.20531686,0.62549,0.016806247,0.4212536,0.77145475,0.5559159,0.6256435,0.25150272,0.22717553,0.059666093,1.0686008,0.7105587,0.553865,0.13694231,0.62018454,0.011297817,0.16598155,0.8622891,0.30971324,1.3552663,0.29024404,0.700541,0.37465864,2.3205986,1.5648501,0.05582466,2.4567142,1.6534106,0.37301362,0.11896564,0.043126013,1.1646857,0.03626887,0.2955221,0.019785078,0.13314494,0.53381854,2.9639926,0.10211446,0.79055613,0.4836267,0.38502127,0.060299102,0.20002767,0.6015862,0.045037676,0.36693487,0.31419984,0.16042235,0.8330709,0.52062756,2.9766383,1.9570242,0.8269603,0.5057817,0.13854598,0.3783685,5.1590953,0.16165969,0.7491507,1.5415579,0.36041012,1.1032293,0.42447662,3.7534435,0.056295782,0.3678185,0.9028815,1.9010524,1.922219,0.5350404,0.33107138,1.6327565,0.48195642,0.16791,1.4369814,1.997692,0.073393844,1.1653168,2.0782735,1.0103507,0.12501664,1.837278,1.3929154,0.16187847,0.26413423,0.87845284,0.12557176,1.3317008,0.82304114,0.445046,0.48890367,0.028637676,0.070102625,1.1696358,1.0858889,0.08092847,1.0400814,0.706024,0.9254102,0.56269044,0.9189583,0.30760548,1.4878733,0.0583528,0.65101445,0.6161357,0.6668083,0.74667114,0.2938156,0.24529375,0.47657654,1.0408459,0.39648312,0.13632077,1.9474287,0.05131589,2.4242928,0.2224399,0.67260474,1.309617,0.329776,0.3977686,0.37183216,0.42030004,3.351796,0.4082679,1.7420646,0.2136645,2.3829656,0.27958268,2.061908,0.78750175,0.11151546,0.15262572,0.25256225,0.0010776559,0.9171013,0.76010007,0.29207066,0.7965833,0.7167025,0.1872708,3.9468803,2.656297,0.013634803,0.8053058,0.5048771,0.09832606,0.058282383,0.9523896,3.576568,0.6035618,0.12412063,0.108998045,0.82937026,0.055679105,0.76407605,0.8842254,1.0010614,0.4041657,0.4372837,1.0779586,1.3848419,0.7445058,4.17836,0.2935128,1.0386356,2.5703104,0.34781405,0.89245075,0.5230641,0.95470566,2.581648,0.8923164,0.23403445,0.03551518,0.5791294,1.429956,1.2290285,0.990619,0.5744168,0.17744744,0.18661079,0.35194242,0.5866914,0.20703903,1.9177796,1.503313,3.6625085,0.71726507,0.023856198,0.6367583,0.2953368,2.5123932,3.5800378,3.6715841,3.482802,2.946738,0.32953912,0.2659055,0.7381565,0.79688495,0.022451019,0.7614883,0.10675543,0.30093408,2.7015412,0.47629768,0.911112,1.0243752,1.368779,1.1509025,1.7258884,2.0991094,0.53181154,1.3103195,1.2398547,1.108959,1.0575863,0.59489834,0.5249346,0.09188363,0.80504763,0.3207508,1.2648801,2.0154777,0.09849044,0.72523195,1.3453412,1.0120686,1.5028254,0.8718199,0.014893858,1.032366,0.17241405,0.007961935,0.94310546,0.06427967,0.0062027704,1.8017908,0.74651945,1.1045042,0.5125874,1.0229905,0.803602,0.9468942,0.8040897,0.4014909,0.97987247,1.0870452,1.8198761,0.10857377,0.3380935,0.9078939,0.3408589,0.29218736,1.2071782,1.015425,0.07952795,0.9716513,0.12418483,2.570504,0.22508027,1.2562112,0.11733342,0.6968086,0.006491391,0.07695517,3.6039402,1.4848796,0.80956346,1.3290364,all_pothole_images\pothole_images_2_image_449.jpg
0.31463218,2.72429,1.6141815,1.875378,0.59565306,0.41468975,0.15971635,0.09671739,0.50058174,1.2281733,0.4950843,0.10890023,0.08032433,1.6365234,0.10012178,0.8604557,0.29923546,0.2463879,1.2422678,0.05703226,0.09210425,1.4840072,1.8312435,1.9584886,0.43217358,0.14989711,0.108393356,1.2350156,0.047703587,0.25811404,0.33317736,0.24361652,0.2377337,0.05675133,0.075102925,1.3096334,0.22299817,0.3482617,1.8090845,1.1437708,0.41331854,0.16605707,0.12023368,0.24452482,1.2861335,0.6336319,0.5613174,0.14974172,0.56920916,0.20656289,0.7522606,0.7932487,0.1032234,0.5133872,0.3949552,0.73815364,2.497512,0.24938504,1.5145718,0.03726292,0.24416752,0.3087316,0.36187124,0.17061186,0.07721375,0.9657262,0.962023,0.1711242,0.37426913,0.96189576,0.19409904,0.3053493,1.1517491,0.061518483,0.33215857,1.2783145,1.0629541,0.78668505,0.123834275,0.6723107,0.0072985874,0.27386424,1.0434657,1.870636,0.79880434,0.5749364,0.0024445811,0.035360683,3.4815001,0.8820928,0.05003749,0.11868217,0.16499843,0.10246096,0.24709475,0.45058852,0.7690277,2.0475347,0.87399524,0.028151967,0.18307006,2.331149,0.879283,0.47840023,1.498343,0.009139619,0.3062109,0.101962596,0.41824505,1.3317058,0.5630792,3.8728132,0.36581886,0.23881295,0.6949573,0.28458804,1.2083842,0.33830166,2.376092,0.6905173,0.2038437,0.71331644,0.018634688,1.0954758,0.27446696,2.5359273,0.63741565,0.067758486,0.56044793,0.18612324,0.6295466,0.14227803,0.06515682,0.034527436,0.3671757,0.9707327,0.0,0.17420496,0.22719917,0.579711,0.06391516,0.28519416,0.5602846,0.76157105,0.0060322452,0.1789697,0.019124532,0.46810812,0.33410925,0.7358119,1.2052263,0.6009268,0.07238335,0.11676463,2.1198118,0.32570088,0.1692817,0.69488347,0.17869759,0.80912685,1.083965,2.087853,0.051169697,0.6085989,0.5673705,0.62953836,1.8088126,0.16876583,1.2393327,0.8107029,0.16332284,0.105928205,0.036777183,0.46353635,1.9950343,0.1411033,0.49453545,0.066296265,0.12137853,0.025780113,0.060248822,1.5552242,1.4950012,1.1150954,1.9259814,0.4307465,0.3421398,0.05338312,0.87478065,1.5776339,0.23097476,0.47495362,0.17764263,1.1501977,1.4721199,0.0040977444,0.7260554,1.6905483,0.35464585,1.2589037,0.031115549,0.77147174,0.00014355718,0.2337917,0.48630404,0.69873977,0.04074523,0.49595198,1.6401706,0.01846547,0.010162426,0.44466582,1.6599061,1.4891363,0.6192526,0.7152719,0.758399,0.37352052,0.76239103,0.22872473,0.5154294,0.043849092,0.13654006,1.7222286,0.11341862,0.16109607,1.378933,0.80414987,1.3998531,0.042704303,0.008093786,0.16985819,0.47980487,0.0,0.48969325,0.31787482,1.5190686,0.2515992,0.012069333,0.0,0.4533196,0.25636607,0.27215785,0.080854125,0.24929984,0.023345973,0.97932494,0.014370935,0.9494582,5.070697,0.46747783,0.07466764,0.23055816,0.03710512,0.22894582,0.075013086,2.1949158,0.15212421,1.241938,2.153132,0.0,0.028483378,1.2922294,0.97736496,0.5475798,0.93043065,0.3012476,0.77006614,1.645984,0.0746904,0.9698106,0.089330085,0.26652578,0.68507487,1.1625495,1.7771572,0.22794962,0.25468332,0.21152115,0.9393519,0.29173532,0.93479824,0.10752201,0.76076365,0.7968369,0.424414,0.68244016,0.27510992,0.48925075,0.07045883,0.10791413,1.0834376,0.11527716,1.4455037,0.5881392,0.32239106,0.774119,0.17099378,0.61174995,1.155486,0.022696756,0.15310937,0.26215142,1.0367641,5.1534967,0.47823334,0.37255192,0.6834504,0.4684896,0.40343302,0.17803732,1.1698855,5.231215,1.1452186,0.49913865,0.78218776,0.37064737,0.7838311,2.8532217,0.124910116,0.5521099,0.29128715,0.045072827,0.09842597,0.69467133,1.4152234,0.9097128,0.1013864,1.1889887,0.21814755,3.2162414,0.57357764,0.15714422,0.0019839045,0.27486405,0.498319,2.079523,0.06968195,0.0,0.84771174,0.7312483,0.9860119,1.624522,0.07491468,0.69919086,0.43174446,0.014163554,0.0,0.15451945,0.30530918,0.32111508,0.35927165,0.36161733,0.4185672,0.08001822,0.49013302,0.29044914,0.96313304,1.0792677,0.34093404,0.17153588,0.15274648,1.2975773,0.52169794,0.013915356,0.7698621,0.4468224,0.20411308,0.2735902,0.64883816,0.3442758,0.20574413,1.6239496,0.430214,1.8899341,1.3813844,0.37424716,0.21137856,0.06467618,0.31304988,0.13515987,0.27935478,1.702443,1.6844058,2.758754,0.004484079,1.6874448,0.2198883,0.088837974,2.4037852,1.5643438,2.024242,0.33040366,0.6752081,0.33105475,0.61199844,0.30785084,0.47933415,0.27833414,0.30025905,0.4887581,0.5782444,0.029454488,0.72760195,0.3656506,0.0,0.730514,1.1518633,0.0,0.094419986,0.4606682,0.48256442,0.26406458,0.10743602,0.0023102206,0.03990967,0.80530304,0.2567459,0.42847696,0.1305711,1.5446565,0.31232655,2.0251312,1.9032063,1.2726893,0.40657568,1.2589818,0.76408756,0.31398553,0.85964155,0.37209377,0.4064747,0.0690802,1.1678866,0.8274262,5.0608306,0.46391016,0.0,0.5238254,0.7988885,0.28799686,0.6618478,0.07613752,0.18886241,0.21097942,0.016936347,2.0106761,0.9693295,0.80286455,0.8130525,1.9876976,0.31130955,1.2449476,0.49252295,1.5715808,2.8692944,1.5143734,0.8289828,0.11468169,0.86411136,0.5794485,0.0040943655,1.2045784,0.39835402,0.8778543,1.6944566,0.21892999,0.3624888,0.8386438,1.1620195,1.851582,0.6792576,0.290078,0.83183753,0.78864646,1.5010198,0.03312171,0.10354419,0.70881754,0.8622819,1.3295757,2.4368582,0.97110695,0.019819858,0.017942948,0.40529537,1.9174187,0.012480188,0.54414326,0.07257983,0.6952258,3.220647,0.267981,0.02225509,0.0,0.06353489,0.3700573,0.10435557,0.024984563,0.13416465,0.08616696,3.0260072,0.26498985,0.82634723,0.12147277,1.510906,0.055311523,1.7903373,0.49317953,0.25125948,0.60323465,0.4662249,all_pothole_images\pothole_images_2_image_45.jpg
2.364482,1.3287584,0.4635863,0.14269984,0.3973095,2.6043043,0.6226441,0.12608974,1.8113658,1.2322706,1.0330329,1.465271,0.45893198,2.4156537,0.57298493,1.7593119,0.6699292,0.66009396,0.23770538,0.51241374,2.3439784,1.7104523,0.9438207,0.3533969,1.2673385,0.7615158,1.2329123,0.80822664,1.3475382,0.39630592,0.3967677,0.8981946,0.86394083,0.46197885,0.7339476,0.008945031,0.42268753,0.50009185,0.42968982,0.86513865,0.4807526,1.789001,0.15316778,1.4659591,0.4067452,0.24124403,0.14156221,0.052221525,2.0956798,0.4858714,1.6953187,1.1001365,1.3527371,0.83162266,0.37588143,0.17870146,0.7858187,1.0330927,2.0528915,0.121207416,1.6237422,0.629659,1.4747336,1.1670926,1.2339622,0.50451934,0.7739152,0.4024794,1.3677785,0.11691807,0.6971311,0.17770751,0.603387,1.7555349,0.20585638,0.73343235,1.6591527,1.0058945,0.47058424,0.13902111,1.9022951,1.1053681,0.25160474,2.8009632,0.55748516,2.7534559,0.1688466,0.34035546,0.27785033,0.11149558,0.7729547,0.2749424,0.67353594,3.3428338,2.1624582,0.46389723,1.4792885,0.3132486,0.15816218,0.7678638,0.47194678,0.3020265,0.8808874,0.5912529,0.16335882,0.88433963,0.45328304,1.0405865,0.5166902,0.9985705,0.10308839,1.6275419,0.6542285,0.24432808,0.040776733,2.046477,4.0266457,0.58519894,0.096998,0.24895206,0.6430507,0.2308284,3.1931083,0.55430275,0.75450486,0.028698258,0.31530067,0.5957302,3.6195047,0.83685875,1.6963494,1.1796682,1.0678416,1.140556,0.07253783,2.6106696,1.4720455,0.6094414,4.36544,0.08264784,0.7469877,0.18198045,0.2665693,2.037597,0.72124463,0.15642346,0.103055425,0.7911009,0.07491728,0.4088634,0.4337773,0.20157988,0.8557856,1.3091661,0.6254626,2.2317026,0.6378497,1.1645658,0.94167125,0.23742524,1.0273943,1.0002149,0.34343025,2.9126623,0.45062712,1.118743,1.2459767,6.125106,2.198333,0.03983392,1.0908751,1.1454345,0.72907424,1.5072526,0.27537662,0.699162,2.9050124,0.32905573,0.11242991,3.303035,0.9537571,0.29320812,2.5063937,0.10408752,2.0754054,0.42185798,0.5735212,1.6155925,0.72387856,0.20722844,2.7234733,0.7997882,1.8828672,0.44558784,0.79858255,0.581676,0.62079066,0.59265214,1.1335942,1.0314516,0.39249864,0.20624419,2.7652054,0.97996366,2.0016503,2.5996153,0.075265504,1.9177414,2.0889792,0.5881407,2.6745007,0.72051406,0.4515341,1.2383714,0.48349792,0.7306684,0.65835935,0.26436326,1.5367358,0.5991678,0.41133854,1.0281651,0.6263785,0.2445071,0.2832649,0.53666943,2.3251545,0.2666625,1.6906118,0.3883036,0.95937127,0.29193842,0.28558654,1.4368896,1.3620908,1.8403591,0.9652682,1.2895302,0.4481592,0.56824225,1.7214257,0.8157795,0.6068937,1.1532607,0.59812164,0.09446977,0.75260556,2.574046,0.5156022,1.1066588,0.22309145,0.013881347,0.44772702,0.7933155,1.1420987,0.8090813,0.67124534,0.3995049,0.48213872,0.68914384,0.79563206,3.8946767,0.3166572,0.23497818,0.41666427,0.80115277,0.50981647,1.4411689,0.5444346,2.6328003,0.20347401,1.6818268,0.61365265,0.12677944,0.06498753,0.59748524,0.6594328,0.93313473,4.4830933,0.056004874,1.1964434,0.80953926,0.071189865,0.5268634,2.5180988,0.077395245,1.8563634,0.69713944,0.8113951,0.58182204,1.270082,1.9076596,0.27912375,0.44421747,0.20084707,2.7276003,1.5075873,0.6772965,0.72394,0.67201996,0.642549,1.5770582,0.13212484,0.57082605,3.4613016,0.15073441,0.35448432,1.0541388,1.4155326,0.10380361,1.7805169,0.21716277,1.4196225,2.1287708,0.38595498,0.1766528,1.5897076,0.42603123,0.58682925,0.62339056,0.55819523,0.76304203,2.372368,2.254948,1.0394862,0.29509372,3.0570927,4.2963457,0.16075738,2.6044316,4.2860184,1.4078503,0.1342491,1.8091215,0.64981645,3.3334534,2.1195245,1.8898882,0.7029483,0.05204014,0.56813353,1.0179378,1.1877356,1.7400277,0.29581597,0.1844248,0.32356477,0.91220486,1.878143,1.9544678,0.27107453,0.7421176,0.44274092,0.9559218,1.7439488,1.902202,2.1628392,0.3260639,0.8460955,0.14212194,0.8139895,0.22533055,0.27637634,0.37354255,0.3164829,0.5301864,1.3420589,4.603285,0.39909935,0.3724872,1.3931786,0.16719666,0.982642,0.34574383,0.6990575,0.043378625,0.96316355,0.23511009,0.96944225,0.6572002,0.3880416,0.77328795,0.22328568,0.42242184,2.137771,0.27382752,2.5534368,1.693501,0.113498025,1.4018939,0.9621761,0.19646154,1.1550709,0.37884945,1.8080292,0.401673,0.07046241,0.8497861,1.4265977,0.011887657,4.7106667,0.4802488,0.43180826,0.94709826,0.2207912,0.5908773,0.26001427,0.61859244,0.7049892,1.1396267,0.070251524,0.42053223,1.3876755,0.8055985,0.52552956,0.4779178,0.384293,0.28721127,0.5368429,0.8667651,0.041723393,0.42976332,1.332107,0.58450794,0.19462648,0.5897807,0.5698045,8.257167,0.4008943,1.402879,0.34573495,3.4173605,0.08769621,0.517918,0.6424634,1.2000041,0.6682923,0.08535001,0.09016323,0.6672701,0.5461814,0.32093126,0.42022645,0.7177781,0.41952544,5.2482486,2.7332919,1.7348931,1.5918422,0.06976725,0.2313895,0.77588177,0.050807465,0.65229094,0.24966648,0.21022446,0.29131433,0.016318234,0.82749796,1.3547976,0.7854898,0.84365934,0.4224043,0.7724729,1.3031367,0.107604474,1.3515747,0.3597838,0.10539341,0.06996144,0.36246645,1.0488895,0.77438885,2.0320737,1.2775139,0.24074093,1.9827744,2.3294346,0.70239806,0.18559863,0.6269056,1.9818782,1.2500683,0.7279166,1.1622983,0.13669571,0.036325898,0.20797643,0.5248096,1.0528052,1.280485,0.7495852,0.8551464,0.8106917,0.5301661,0.24075991,0.7775089,0.62160194,0.31892547,1.0108098,0.9617653,0.07057798,0.70601094,0.9826091,0.50601023,0.67932874,0.7657613,0.3834978,0.1762712,0.37442982,0.7089389,0.39242747,all_pothole_images\pothole_images_2_image_450.jpg
0.5937077,0.1363756,1.3019583,0.084205516,0.007163646,0.0395057,0.8351423,0.03617084,0.41906613,0.78801537,0.08269798,0.2651978,0.048838496,0.18337288,0.1567222,1.2710205,0.0,0.21017058,0.036861558,0.5612302,0.29887894,0.21683237,0.08683735,0.39284,0.14448589,0.07124671,0.6914556,0.099074334,0.000999016,0.7366644,0.14971663,0.0,0.02810456,0.3928509,0.107845366,0.0,0.0729192,0.0713235,0.35629743,0.30659485,0.11040329,0.23272975,0.6887348,0.5353382,0.02874805,0.78354096,0.044156726,0.13275892,0.24435611,0.79645187,1.162502,0.7751494,0.007725932,0.25209495,3.1905985,0.58317447,0.35133857,0.78568757,0.24185659,0.87653464,0.017695839,1.0228776,0.024257423,0.12840004,1.4648643,0.37371653,1.2783748,0.17829527,0.16069873,0.18164486,0.22760773,0.06099084,0.18393816,0.27767146,0.0028954772,0.028768819,0.5469874,0.23400892,0.4418587,0.07762319,0.13355969,2.9993544,0.118838035,0.96280855,0.03618542,0.1653765,0.30721718,0.72185767,0.14374447,0.0,0.19903046,1.0778335,0.24479151,0.01376577,0.06296526,0.25701368,1.0384462,1.5268703,0.40483475,0.23918879,0.20685095,0.24344724,0.56939757,0.39357048,0.6399852,5.2467527,0.20742914,0.14185055,0.05249221,0.16218144,0.0,0.0,0.37628555,0.0074187163,0.0148481615,0.21195324,0.9463206,0.037481554,2.5144923,1.0179875,0.0,0.15390654,0.02408255,0.27365237,1.1986424,0.011179483,1.375885,0.0,0.13876607,0.005944471,0.8776611,0.6818064,0.43138453,0.0023509532,0.03850795,0.10109464,0.47906315,0.0,0.44237784,0.013660894,0.08425814,0.3324991,1.094976,0.0,0.16375536,0.49045947,0.40721074,1.330572,0.93441826,0.717174,0.023124296,0.5527177,0.5643555,0.26050356,0.7842907,0.13364334,1.3906944,0.0,0.28741893,0.036213957,0.22745015,0.15877055,0.10820969,0.19751252,0.04511104,0.58739275,0.9016935,0.0680908,0.03802679,0.0587195,0.08308032,0.09700952,0.07990239,0.0067208013,0.43114102,0.7092879,0.041273903,0.0,0.07508886,0.72061366,0.90768963,0.8788582,0.0059780064,1.7070218,0.04246508,0.013903167,0.23232111,1.6644797,0.21975054,0.11585497,0.18968299,0.79503894,1.2541122,0.13786124,0.21335283,0.0,0.68024796,0.86482906,0.48335063,0.26012662,0.0,0.0,0.07217339,0.1680355,0.590865,0.42747605,0.74211323,0.8969999,1.8277003,0.5316379,0.0009945387,0.0,0.0,0.8102029,0.38280767,0.00594395,0.33233097,0.02065506,0.016993867,0.007008208,0.013637448,0.404825,0.5521108,0.006833625,0.81283617,1.4628313,0.20377299,0.0,0.7834631,0.21716553,0.5667788,0.13790058,0.70448786,0.46934643,0.09339222,0.30611706,0.066530064,0.041966945,0.034010746,1.9508333,1.3162266,0.88659495,0.12928009,1.4486401,0.306781,0.011408476,0.4103988,0.31159538,0.06126975,0.031542603,0.28769606,0.006371326,0.0068178065,0.64659655,0.21419626,0.653937,0.0,0.3360905,1.1575394,0.21206042,0.34430888,0.39759636,0.4238753,0.040785708,1.2158865,0.49709904,0.012040202,0.5689434,0.9395833,0.06795197,0.3590883,0.015590608,0.05072081,0.2147149,0.011576499,0.6788285,0.5085271,0.18397108,0.67622143,0.028034586,0.016855722,0.7814117,0.12981085,0.047713473,0.029252728,0.56680685,0.11361299,1.5787308,0.07828734,0.25285545,0.09215777,0.1809537,0.13815702,1.0786971,0.015636295,0.0044480693,0.95463675,0.053361773,0.7228018,1.3100377,2.137859,0.0967896,0.32443166,0.26204285,0.28410023,0.0021448517,0.06839162,0.0066790776,0.0088868495,0.46682832,0.026217513,0.0035046795,0.11803395,0.3772347,0.7125478,0.12014016,0.0010610095,0.43655422,1.5597159,0.72008485,1.459419,0.1026971,0.9428326,0.5710394,0.0039498536,0.19357544,0.050930675,0.053313017,0.39058736,0.042023424,0.08633987,0.024609951,0.9975244,0.07769587,1.4416628,0.0,2.7401366,0.4553313,0.094769984,0.1805422,0.09927239,0.0032482415,1.3411514,1.3357111,0.011902453,0.99874985,0.0,0.22140846,0.8157354,0.36960164,0.042120513,0.5531934,0.1357522,0.1859378,0.18634622,0.5282197,0.0,0.13079032,0.0075961985,1.4720987,1.5091991,0.1699077,0.32645512,0.28075862,1.6018381,0.037866067,0.81150085,0.9398696,0.0053223507,0.86466736,0.07052677,0.2422406,0.52813387,0.022839697,0.117159195,0.023289552,0.6333885,0.086262666,0.49727988,0.16421613,0.23466384,0.048703987,0.5413035,0.9747381,0.028726747,0.0024788547,0.14814886,0.0,0.4067417,0.731278,1.0529889,0.26183736,0.22471564,0.09420135,0.097939536,0.028999757,0.35373342,0.068928465,0.7105754,0.42331797,0.17254524,1.0935012,0.82865864,0.80198187,0.42182598,0.31650192,0.46923503,0.26363453,0.3792598,0.15645109,0.025960783,0.5392522,0.48959765,0.35582757,0.0,0.10888201,0.1951745,0.3759508,0.095590085,0.24597038,0.009908362,0.07666588,0.28755593,1.320874,0.027287152,0.1392174,0.021477962,0.0,0.0,0.424177,0.42083043,0.08419132,0.11532692,0.25682017,1.155479,0.5640022,0.8907951,0.30619836,0.012372909,0.009245701,0.0030588668,0.11349413,0.08386777,0.37119338,0.56256205,0.010167376,1.2219223,0.0059083686,0.335117,0.007108355,0.9259499,0.2025676,0.6395823,0.39595598,0.005840669,0.00040115707,0.4781005,0.0,0.039562557,0.55897456,0.031021478,0.22758849,0.22019757,0.023025485,0.14059941,0.002602326,0.61162907,0.60809314,0.016533477,0.3411058,0.017633421,0.66735214,0.4233179,0.18980116,0.6205964,0.0,0.2168609,0.21746483,0.06486202,1.1962079,0.8597825,0.84648925,0.59686416,0.0,2.5655587,0.09354221,0.09308881,0.3719586,0.44321433,0.112977006,1.1790539,0.71592975,0.21683244,0.7512463,0.53385156,0.0,0.05479109,0.479064,0.0,0.17020354,0.19477059,1.1389076,0.11171854,0.94957644,0.050025802,0.83691,0.09800647,0.0111559145,1.074988,0.018554997,0.011718031,0.0065917093,all_pothole_images\pothole_images_2_image_451.jpg
1.1386063,0.87061566,0.9679413,1.4495673,0.4318774,0.6229427,1.5131477,0.22878227,0.54160166,1.7903211,1.0591716,0.9770963,0.29730743,1.461821,0.07686978,0.96335244,0.19996098,1.3970088,0.5053772,0.105840474,0.8701108,1.029629,1.1548476,2.3241742,0.36696133,0.92365324,1.864766,2.158478,0.30014712,0.179135,0.11697541,0.089084685,0.16788517,1.4159362,0.14026082,2.4897425,0.21551979,0.9960325,0.51320064,0.17957547,1.493448,0.8261988,0.956892,0.8187841,0.3238027,0.72565126,1.8231487,0.1507859,0.2207195,2.1251676,1.1903071,1.1143407,1.1843622,0.23640622,0.5100761,1.9536945,0.6631945,0.35161453,0.5584294,0.34781507,2.8097427,0.74598265,1.5649965,0.81140494,0.8545655,0.7921636,1.9725288,1.2300198,0.045377493,0.6638809,1.0153551,0.16816574,0.14939258,0.13585731,2.0896077,0.44393784,1.9523878,0.45771268,0.7840741,0.0023248978,0.152926,0.028672291,0.2223361,1.3211137,1.9990155,0.52543443,0.4903028,0.026681991,0.2723893,0.32660666,0.35639712,1.4806708,0.0027854135,0.21772234,0.106733605,0.3561741,1.002693,2.4444299,0.09361824,0.9181543,0.8325432,1.1795273,1.1429704,0.763635,0.70736396,0.689542,0.6814899,0.048823584,1.0744312,1.3888521,0.028650662,0.6603912,0.12114177,1.3018373,0.66197956,0.2848038,0.2675559,0.43126202,1.6688843,1.3666575,2.7435396,0.84555644,1.0750676,1.2408031,1.5715164,0.37915218,0.46493772,2.015085,0.49270606,0.44388837,0.89709073,0.21599862,0.82605135,2.477238,0.108202934,0.124182254,0.5441191,0.06017235,0.015780428,0.14640726,2.5253549,0.07012426,1.1804872,1.6172605,0.5504095,0.7233666,1.0573981,1.4039028,0.19809617,0.40893355,0.345921,2.4436793,0.5026568,0.13276017,1.7304697,0.13711414,0.4833991,0.52054286,0.050489716,0.81621486,1.6412537,0.67057604,0.043208536,0.18344952,0.85453826,0.0,0.82114875,0.8631452,0.23360305,2.5682938,0.9472728,0.0,0.069286965,1.5982767,0.14720367,0.93169636,0.046659034,0.0029740562,1.3031744,0.71333003,0.8031409,1.208033,0.88352895,1.8480545,2.3570004,1.354722,0.83409107,3.617977,1.3332407,1.0260363,0.4092175,0.120627694,1.0368108,0.66683275,0.010849846,1.3596163,3.0232651,0.36301243,0.86438155,0.22708635,0.5810144,2.9442525,1.4041148,0.08665001,1.8423454,0.49018854,1.7998031,0.082437254,1.651468,3.2115946,0.1914464,0.76650107,0.58412874,1.4276155,2.6660836,0.8591902,0.7838756,0.28237405,3.3264315,0.017669184,0.54496217,0.6929254,0.6838685,0.108095296,0.10274452,0.060198363,0.8626885,0.43340802,3.010772,1.2040024,0.27868387,0.20689271,1.201909,1.1198018,0.46589088,0.026074493,0.38635537,0.27600992,0.17546926,0.26601458,0.2673265,0.6849162,0.101686075,0.50801575,0.0,0.20900391,0.5248999,0.8691774,1.4542085,3.1522226,0.03862899,1.3262184,0.25965652,0.26110172,1.1151885,1.4688132,0.6834396,0.30475414,0.06482854,1.7514085,2.1321893,2.1170876,1.0570785,1.0756897,0.21037002,0.028409295,0.43120208,0.25731787,3.2392597,0.0033904593,0.8873079,0.5769415,0.47565007,1.0913956,0.13745527,0.5530235,0.008564911,1.721331,1.0653697,0.630176,0.40201494,0.08766851,0.22935657,0.0104374625,0.5082461,0.57932746,2.536163,0.37930888,1.4598815,0.8771854,0.9833762,0.41214183,0.51519716,0.31845453,0.19622354,0.598131,1.6918375,0.07971703,1.6634033,1.330702,0.29471537,2.0414655,0.05931527,0.38682282,4.5612006,0.06838337,0.5046094,0.15178198,0.06412466,0.26580137,1.5950401,1.7204754,2.489178,1.9998391,0.32760364,0.538837,0.20487793,0.47679764,2.937983,0.04226379,1.3444173,0.29430664,1.1107755,1.6213634,0.34970322,2.1668725,1.0951881,0.03941062,1.6653607,0.5601956,1.5726125,0.023285925,0.81787294,0.66386443,0.13365898,0.29628643,1.6625508,2.0148196,1.1131566,0.07416031,0.22814572,0.6036925,1.762701,0.52408457,0.020436527,1.0014901,0.39524716,0.0102400975,0.25507435,0.7429436,1.6438721,0.21829277,0.898462,0.32390925,0.24333484,0.16095473,0.5267833,0.2620078,1.1288732,2.950276,1.1554475,0.29059118,0.10766113,0.5324715,0.089276165,1.2419015,1.9063095,0.32529804,0.7779747,0.0677115,1.3051338,1.4464571,1.3645977,1.6660441,0.71855503,0.45969296,0.46772492,0.33340544,1.111362,1.1109719,0.5571947,1.2249182,0.2750431,0.6608013,1.7906709,0.8659406,2.1124873,0.2597687,1.0790606,0.1459333,0.04317694,0.5039847,1.3539463,0.5465374,0.08076056,0.22707915,0.4500534,1.1501111,2.1872723,0.13040754,1.2338345,2.3387036,0.9714039,0.26591766,0.13893156,0.21510705,1.5575181,0.17288141,0.0881952,0.31589475,1.4830008,2.2198672,1.8907651,0.13718866,0.9841137,1.1038432,0.1992302,0.3499231,0.030777268,0.43225113,0.069587365,2.015443,0.97196484,1.2471706,1.4634304,0.06407464,0.42829883,2.5885868,0.8863463,0.29713446,0.25594357,1.0761003,1.4783916,0.85597193,0.1539493,0.9605789,1.139468,0.8996814,0.22536592,0.08296214,0.8980083,1.2940513,0.21641193,0.1529856,1.1389174,0.3660877,2.2631905,0.13592255,0.2282691,0.28898886,2.7478242,0.5800384,1.0094501,0.71176463,0.122873254,0.9240866,0.37552005,0.028606804,0.74389774,0.32490575,3.5387964,0.26254466,1.6829042,0.29582626,0.4486008,0.10165987,0.08599653,0.044140093,3.073599,2.0727696,0.64733183,1.1472881,0.00847266,0.28142777,0.34742677,0.3331405,1.1460202,2.7638216,1.7671013,0.10997158,1.0003799,1.8506354,2.5028548,1.2519562,0.024309387,1.1282051,0.73247504,0.0008097309,0.12752436,0.3710343,1.0221031,1.7151566,0.12177484,1.1881835,0.059746463,0.34466016,0.60422647,1.1330885,0.6594177,0.4332464,1.230264,2.6719067,1.0490289,3.017286,1.3011825,1.0810558,0.6569839,0.16297348,0.5678366,0.23863503,0.4613128,0.0,all_pothole_images\pothole_images_2_image_452.jpg
1.7898239,1.8656862,0.85579646,1.1542306,2.2319045,0.20854098,0.9571605,0.3361309,0.8734289,0.6904738,0.31884795,0.634708,0.06213959,0.7361853,0.0,0.32671028,0.057888433,0.934639,1.4041057,0.14889254,0.4845288,0.81138206,0.6624094,1.3283738,0.009233237,1.2836878,1.2206898,1.0051802,0.23318298,0.8454171,0.9641577,0.3762418,0.5331677,0.6498154,0.043007582,0.1260353,2.672519,0.5952946,0.9730662,0.36654958,1.7161124,2.5943146,0.31946817,0.46362817,1.7022218,0.93069875,0.8659982,0.24261701,1.6674837,0.7165653,0.9799136,0.5815497,1.5495949,0.14590564,0.6056058,0.46686408,2.764897,0.36489984,0.7288612,2.4944422,0.30197158,0.07468998,0.9618295,0.39243713,1.2599573,2.13209,1.3169395,0.47356915,0.27065998,0.091610886,0.39015573,1.6488119,0.5535777,1.11071,0.689235,0.16930816,0.74707955,1.3314352,0.29396805,0.8611053,0.8616629,1.1368214,2.095409,1.0003196,0.30995414,2.1955411,0.2415502,0.26016146,1.5770096,1.540658,0.50927705,0.88710207,1.4095682,0.37820816,1.5244784,0.5840791,3.028809,1.38602,1.7775846,0.9791815,0.00010419331,0.8659649,0.43953374,1.0372151,0.5144797,0.34311002,0.32321975,3.3931031,0.8504911,2.6687248,0.86731786,1.1450709,0.6328407,0.6115421,0.2678134,3.2616775,3.410325,0.5022075,0.44803682,0.8512752,0.23922814,0.64825004,0.7578647,0.43212157,0.0030123473,0.47156262,0.10119718,0.4347965,0.34217,0.4813187,0.2338254,0.7148387,0.72351325,2.2978632,0.8592181,1.8270758,0.7917208,1.1102076,1.9866613,0.33400843,0.691732,0.19004825,1.7153637,2.0120025,1.7078465,2.2291498,1.6042873,1.0378586,1.5249618,1.2515243,0.4260393,0.70933974,0.14414898,1.5206962,1.337588,1.3637125,0.3249665,1.0098796,1.274481,2.2300375,0.8834835,0.4873631,0.12565802,1.934494,0.8319469,0.19773689,2.0748801,0.66642684,0.51083446,0.65717345,0.5237188,0.9341431,0.8813722,1.0936123,0.9231924,0.8273932,4.1236205,2.2050264,0.40400583,0.22899814,0.39679834,1.1047506,2.0088947,0.9242851,2.9636545,0.20016336,0.93085223,1.0767274,0.36667886,1.2345694,0.2735947,0.65605277,2.154009,1.165542,2.6447778,0.70893025,1.1040503,0.9907939,2.3273175,0.70673156,0.64527225,0.6982557,1.5588475,0.018099057,1.3052703,0.970293,1.3504605,0.36808777,0.92882776,0.73392767,0.33750495,2.229569,0.6577508,1.184443,0.75429314,0.4949444,0.5845599,0.40851685,0.95358723,1.1456089,1.8001192,1.3690042,0.43363306,1.7175198,1.339801,1.1541454,1.6032406,2.768337,0.34920007,0.2044383,1.748609,0.9982365,0.5433437,0.18591301,1.080865,1.0756481,0.66725934,1.4629267,0.57598543,0.5785578,0.1465528,0.87050146,0.8264979,1.8692466,0.99867916,1.6612749,0.30289343,0.56115705,0.051512565,0.10574583,1.5933629,0.3994023,0.64958435,0.7880431,0.7925809,0.06499028,1.2890911,2.083093,3.8671718,0.37818846,1.3661265,1.0250752,0.8519684,0.67503244,0.109696425,2.327803,0.0016431379,0.16979319,0.8254178,1.3929999,2.3773396,0.74971676,0.3708081,0.24242117,0.59225446,1.6886603,1.6076758,3.6159182,0.06310811,1.3681542,0.11621027,0.19019842,0.57452685,0.963267,0.25983238,0.029507179,0.6568992,3.3180034,0.7304919,2.2618203,1.4636171,2.0712967,0.20717722,1.7662735,0.7376434,0.41115582,3.2389245,1.4363257,0.29353458,0.3593613,0.07361774,0.8164753,0.8207332,1.0935221,0.23409024,1.8108875,0.56201667,1.1863831,0.5559761,1.0231655,0.5610686,1.1101028,2.2769766,1.1075566,1.365424,0.2504947,0.67205656,1.4043155,0.781738,0.45555815,0.43759334,1.1867108,1.5550044,0.012042,0.7228046,0.8135899,0.80716324,0.3782414,0.19299705,5.1160145,1.1431016,0.5897752,0.3005578,1.4536605,0.6256757,0.7299933,0.28484282,0.12177436,0.5432638,0.17480837,1.0437481,0.82811004,1.4813113,0.022218643,0.70265305,0.27826837,0.13058083,0.229906,0.47990316,0.6564689,0.39810205,0.5051846,0.737177,0.49286774,3.9357142,0.1572494,2.3598166,0.5371837,0.22183764,0.38113105,0.21308008,0.76317966,1.6371634,0.6062574,1.0610954,1.5154064,0.10980787,3.6800838,0.9156034,0.4160499,2.2188528,0.8989152,0.98616755,0.7429292,2.4950597,0.21779571,0.7227515,1.7808737,0.7605901,1.1679488,0.22870815,0.7111837,0.3524459,0.7486698,1.4997976,1.1078359,2.9414968,0.6863364,0.97772247,0.49950123,2.2152975,0.54249805,0.23089969,0.2731894,1.5680075,0.5553134,0.82738525,1.2310123,2.0692136,0.73112714,2.397757,2.1881847,1.1557615,0.7272499,0.32376334,0.78035355,0.7727741,0.41592672,0.67113215,0.8258035,0.20307891,0.8420939,0.9429619,0.81144637,0.28797302,2.351367,0.6772634,1.0833272,0.6746132,0.41142532,0.21779023,0.92977905,1.0652226,1.2289319,1.2397709,1.6007025,0.88812566,1.3166734,0.55254287,1.0589923,1.1654181,1.3824414,0.58582175,1.0576134,1.5036831,1.9859712,1.733219,0.7791484,0.5216355,1.2830082,1.5751673,0.9474823,0.10937504,1.6459042,1.3401824,0.6849091,1.8673582,1.8742601,0.5423849,0.45061094,0.73080325,0.7658435,0.77919495,1.203098,0.6173087,0.86215514,1.7049241,2.523061,1.6942453,1.6973054,1.1806835,1.6763542,0.21158186,0.9226963,1.0625759,1.8138663,0.38804156,0.06318729,3.3774724,0.54855996,0.34311947,0.820195,1.7431556,0.50243264,2.3141274,0.3580638,0.13836086,1.1343173,0.6745847,0.41437498,1.2834224,3.359782,1.0807085,0.3566442,0.6029139,0.20709476,1.9085292,2.1291647,0.16109683,1.2168272,1.3405039,0.09922401,0.64881104,0.22517484,2.5899353,0.38926837,0.91252023,0.8031612,3.0191848,1.2225832,0.83280855,0.19947807,0.39422646,2.295738,0.4567477,0.5987995,0.29955244,1.4789978,2.1208408,3.0659387,0.81733155,1.7513082,all_pothole_images\pothole_images_2_image_453.jpg
0.7987677,1.638802,0.7301452,3.7480729,0.5539158,0.35422555,0.9820427,0.2586969,0.28788513,1.0214505,1.3132701,0.7651426,0.08235011,2.5262165,0.95074755,0.66071165,0.27189633,0.27144557,1.8085096,1.0918616,0.76910067,1.4906282,1.532128,0.25467184,0.9694713,0.83722645,0.25191617,1.5169104,0.3660983,0.032780107,1.5353247,0.21009067,0.50085944,0.5992923,0.08449876,0.5931709,0.75681484,0.017815735,0.98594046,1.1619853,0.40302292,0.28311625,0.23995689,0.14061566,0.12763663,1.7599007,0.049274053,0.2504658,0.10283693,0.061172977,0.44943804,0.1927126,0.43374166,0.13800487,0.14903751,0.59347653,0.7262265,0.012520873,0.681278,0.017927784,0.45853934,0.6485963,0.017720103,0.71810436,1.9809349,0.11687067,2.1692965,0.18095304,0.6982084,0.6434031,0.31838596,0.1287582,0.58525366,0.0018799513,0.32834372,1.527056,1.0851288,1.4168421,1.3881253,0.34753945,0.51998174,0.04525624,0.5958187,0.14245461,0.1824351,0.21331182,0.03159471,0.018269273,3.6164684,0.56596065,0.029472506,0.24629818,0.0,0.558673,0.61915106,0.06449477,2.7121499,0.41105095,0.39550272,2.978307,0.019200992,3.6934683,0.24900496,0.5448704,1.8887367,0.12928393,0.032000627,0.89641804,0.83714914,0.59340686,0.32736486,1.6036577,2.8626697,0.24914542,0.47423723,0.11755026,1.5593238,0.8201379,0.48233083,0.24035035,0.6911238,0.16275877,0.613333,0.61446697,0.39307472,0.38447812,1.6899006,0.13331044,0.06704922,0.36575392,0.17450596,0.1615993,0.061888646,0.7766445,1.1849886,2.4030085,0.19547234,1.1679543,0.2337077,0.09538255,0.5139304,1.5589108,0.7496801,0.32254812,0.3607268,1.6804895,0.09633168,2.5420005,1.7157257,0.34054124,1.4078773,0.45772645,0.27914217,0.6523062,0.9506562,1.0233514,1.1541587,0.08489819,1.1320572,1.0680081,1.013246,1.4458858,0.0,0.4982455,0.25677845,1.1523128,0.22870618,0.009369355,3.3763494,0.78274816,1.3208598,0.0024293202,0.827242,0.40934497,2.18659,0.5183998,1.3511695,0.4338018,0.13962719,0.06921559,1.179346,0.026748914,0.40310305,2.8905964,2.201166,0.67553097,0.10737056,0.28223032,0.37434348,1.3438748,0.6372401,0.28491557,0.036829956,1.8000684,1.2768035,0.08976904,1.3338776,0.25438058,2.5726259,3.1440647,0.45187333,2.6141386,1.6031824,0.33999002,0.19914144,0.22373118,0.14731035,0.73269665,1.8893613,0.7583197,0.14179906,0.31363946,1.05062,2.943254,0.73488975,1.4717224,1.7734317,0.4703897,1.1427553,0.656646,1.4421337,0.15010725,1.2187233,1.30659,0.40732846,1.0177178,1.5945576,0.7560977,0.052732486,0.78128994,0.093318954,2.6134195,0.32626602,0.9128848,0.5015953,0.014033852,2.2167122,0.72722226,0.38422576,0.3299997,1.4936626,0.32622588,0.6201862,0.06255501,0.62707657,0.42593196,0.47395635,0.011907092,1.7830073,3.253882,1.0805048,0.2694697,0.033869814,0.31517574,0.29452708,0.14235766,0.87789387,0.23017058,0.7775275,5.3122783,0.036108937,0.13213247,1.1094066,0.36300853,0.052555744,1.2344443,0.826016,0.27830136,3.3371775,0.4299862,0.51466984,0.13577235,0.7425525,0.45746565,0.35698673,1.395817,3.3814764,1.4914024,0.2286858,2.085065,0.005117904,0.9337892,0.66458434,2.2518983,0.07293747,1.9938223,0.3553065,0.74121165,0.27471262,0.6875296,0.6786616,0.80632067,0.24962394,0.3035024,0.28615427,0.39155462,0.5695811,0.11276859,0.33294943,1.9378176,0.79355145,1.1046487,0.56729645,0.6536438,0.44816667,0.65865284,0.05865215,0.8860746,0.65969443,0.6557422,0.15767448,2.0789113,3.2232454,0.6096636,0.42023823,1.3027765,0.34332165,2.569755,0.29117116,0.85983866,1.8168632,0.113736734,0.7581208,0.16148278,0.28050473,1.8709625,0.001076186,0.105710715,0.59948015,0.7841906,1.0163258,1.2735486,0.59560096,0.50892603,0.7375837,1.1560367,2.771536,0.4351991,1.1323186,1.284674,1.4828476,0.81897205,1.6562204,1.47361,0.8235282,0.36502278,0.9148259,0.21561463,0.4294637,0.24536222,0.116434306,0.49574095,0.23919919,0.07368186,0.025316041,0.10425221,1.1228149,0.6915034,0.7502135,0.61711293,1.2471792,0.2083313,1.8099014,1.6020411,0.3249694,0.29790172,1.8919617,0.3092987,0.35300526,0.6415976,1.4297969,0.71873444,0.9604151,0.47955337,0.0585063,0.13058761,0.103569865,0.43465295,0.26997998,1.0160414,1.6252525,0.66268545,2.09098,1.5361857,1.3377295,0.69813424,1.718007,0.44830227,1.2620363,3.4714422,1.2398666,2.467725,0.061456207,0.47909293,0.006663818,0.31263185,1.1645991,0.50496626,0.9721421,0.18825297,0.36575603,0.72280884,0.8253688,0.8722268,1.3931404,0.09749658,0.5879167,0.1419582,1.0636693,0.28515157,0.36934572,0.59549624,0.5470563,0.39936194,0.050729323,0.5049017,2.4488742,1.8540748,1.2420671,0.2688898,2.0214481,0.72731423,2.2045164,0.37855995,1.9628943,0.3202775,1.6936109,1.5812376,2.1645303,0.89830935,0.07422526,0.08741704,0.092007235,0.8544685,1.4559041,3.5790684,0.4397869,0.53271556,0.38214964,0.8483608,1.4065145,1.4816241,0.20983627,0.007864249,0.1592383,0.0,2.4574966,0.6415965,1.0238163,0.9711742,0.7226106,0.67752784,0.5161937,0.49938956,0.65613234,0.5105554,2.1593392,0.023760013,0.6487621,0.5788784,0.89268583,0.73512596,0.79452527,0.30382288,1.9102455,1.2992283,0.29837495,0.14743857,0.84688735,0.71837413,1.0952752,0.0,0.17931136,0.7443289,0.8867199,0.5257129,0.881169,0.012799204,1.4592073,0.87257314,1.7727695,1.5912242,0.89516056,0.23240003,0.070138566,0.3503993,1.8163676,0.46435928,0.5248866,0.121831015,0.75002956,4.0416694,0.06637688,0.30974394,0.010892491,0.22049631,0.21262994,0.7408249,0.07274579,0.44887167,0.18388617,3.2559135,0.36754727,1.5422354,0.2559485,0.800081,1.4329518,0.19822821,0.12371719,3.7535706,0.094553106,0.9924534,all_pothole_images\pothole_images_2_image_454.jpg
1.7071925,1.2470489,0.32479075,2.0997612,0.107229896,0.18365033,0.38834527,0.12209285,0.11312287,0.50323236,1.5908477,0.12160927,0.29357228,2.8460796,0.28486505,0.44853413,0.03031683,0.3189588,0.77546525,0.080468394,1.6401021,0.3738355,1.8650763,3.4364836,1.1333798,0.31871408,1.0013173,1.1712373,0.33180112,0.35135093,1.2423176,0.4234397,0.24864903,1.7187451,0.13563646,0.30797246,0.5715012,0.9910323,1.0441518,0.15301928,0.14734808,0.43886074,0.5017963,0.4306617,0.24926895,0.46866596,0.20314854,0.6275487,0.60078114,0.34495303,0.2686252,0.22067893,0.8988339,0.07636677,0.30779266,0.6062047,1.1110438,0.03626503,0.24465975,0.3304811,0.0,0.72875494,0.31502113,0.6691031,1.7263763,1.2183527,0.515929,0.13818197,0.12060029,0.30033842,0.48657462,0.2364488,0.29067916,0.3620395,0.06847594,0.7183571,0.24864213,0.13933241,0.101082616,0.07078832,0.22038983,0.08645042,0.71590436,1.2460061,0.16978653,0.2738682,0.07169405,0.3920862,2.634407,0.12812723,1.4703543,0.37015432,0.19492283,0.21922088,0.37151584,0.40858454,1.266708,0.8352642,0.2085153,0.3729169,0.020990783,1.5681509,0.06085161,0.25288364,2.4025555,0.6832397,0.63919777,0.07551823,0.72426414,1.309192,0.12777726,0.4722381,1.1168078,1.8018358,0.28739163,0.839822,0.43273738,0.17924888,0.9548897,0.7312462,1.9715073,0.3467826,0.42891648,0.66952014,0.098071985,0.58705455,0.18527693,0.35151672,0.3179395,0.75406796,0.6339302,0.043054532,0.0455671,0.34347168,0.08727984,0.25094032,0.5359399,0.7674684,0.52267694,0.2357473,1.1546549,0.007829704,0.8981177,1.2512122,0.102812655,0.8736244,0.09912362,0.6232995,0.098658524,0.22415574,0.08330915,1.6412207,0.5107044,0.037400972,1.5257697,1.2166941,0.4227769,0.632983,1.0209864,0.73400986,2.7288258,1.2288355,0.28794247,0.9820239,0.9562524,0.14313672,0.24312854,0.48860577,1.5938812,2.5175235,0.13398382,0.13670842,0.21613738,0.036579456,0.34562507,0.9333428,0.7952746,0.07384027,0.15396181,0.4867817,0.057551913,3.9329627,0.8391322,1.5650332,2.8339086,0.29126716,0.6806313,0.7545734,1.6191657,0.5652364,0.28398284,0.7011551,0.80762064,1.3175737,0.5213773,0.35656092,0.77084136,1.5147192,1.0502648,0.37619123,0.2985213,1.4571987,0.25791502,0.47985628,0.22429766,0.6817436,0.865071,0.014486307,1.3998003,0.6946938,0.06037924,0.26424292,0.3100809,0.3767934,0.6926814,0.47134936,1.1851155,0.79512966,0.6776692,0.0,0.53461987,0.0072385776,1.9226942,0.21895252,0.17000023,0.17660487,2.5115566,0.12553705,1.951612,0.41458452,0.3314535,0.34578902,0.21998695,1.5582789,0.09976895,0.23035915,1.6764314,0.8044984,0.5663502,0.43333146,0.08204662,0.098863155,0.25530884,0.22529812,0.37264696,0.0,1.0573152,0.2822811,1.0301987,5.4385037,0.58704126,0.5438478,0.11394836,0.011892669,0.32352862,0.66506207,0.5901708,1.1309992,0.17819183,2.937152,1.1397842,0.5884312,0.69551736,0.92674583,0.43989936,1.08925,0.643046,0.93964905,1.3856411,0.7135882,0.398743,0.08638917,1.4516314,1.1228659,1.1082501,1.0329363,0.43695086,0.29969615,0.42758352,0.059747957,0.04993588,0.36097342,1.2738835,0.00051828905,0.32512867,0.4524694,0.41116643,0.91919994,0.787113,0.008615042,0.043744106,0.078719676,0.14829959,1.0633628,0.79745615,0.46055585,0.73812646,0.06645442,0.26799917,2.644226,1.3870484,0.838981,0.0007613377,0.031594563,3.462231,0.48332062,0.0,0.33335686,0.012347493,0.030924276,0.2642795,1.5485069,2.8863602,2.2691696,0.31987327,0.34263122,0.13363115,1.7974609,2.093323,0.56215155,1.1050978,0.016317876,0.51940656,0.5654676,0.42852306,0.30998725,0.37746522,0.33082852,0.2685873,0.3689465,1.8114054,0.5194111,0.00652411,0.04889712,0.5118579,0.21467777,1.7590472,0.39962924,1.2593637,0.8748671,0.47726917,0.90371567,1.7928843,1.1743921,0.48419282,0.13570908,0.72826314,0.508748,0.21841234,0.2554549,0.3336032,0.44899014,0.04156774,0.15963481,0.44301477,0.45716235,0.30375266,0.7687529,0.3442592,0.84966135,1.628765,0.38195488,0.17119816,0.83042765,0.0,0.02292293,0.9474994,0.24918954,1.1332366,0.36216894,0.5725034,0.92557913,0.5662526,0.5730305,0.8101446,0.7820386,0.39115804,0.38733894,0.88473153,1.5723643,0.9384636,0.0,0.28801218,0.42357868,1.9332685,0.95515287,0.87320846,0.55142146,0.103346206,1.0382276,0.0725356,0.9893248,0.021263164,0.58596194,0.1786963,0.846713,0.5421025,2.1079512,1.1653565,0.095283896,0.36096677,2.434141,1.1715937,0.5506657,0.8537865,0.22137432,0.81099904,0.37758893,0.18629782,0.6503649,0.051934153,0.30944195,0.2762744,0.3450635,0.045562193,0.4927238,0.49146515,1.4265238,0.013301473,0.0,0.8299344,0.107355304,0.85988337,1.1950305,2.0350676,0.29397678,2.7133062,0.47980028,0.73404753,0.15644811,0.035299424,0.7980413,1.0540982,0.26819256,0.047532294,1.8689077,0.4592569,1.3906764,0.1367983,0.083619,3.3183088,0.7738269,0.45570666,0.15378281,0.11922634,0.13896331,0.49825773,0.84827155,0.8425035,1.6126018,1.2989124,0.31990266,0.6557108,1.5598724,0.106308855,1.1536443,1.4370006,0.012382831,0.23021846,1.598573,1.8762118,1.0354123,1.1726931,0.42348522,0.52160364,0.24791025,0.102099195,0.028067805,0.057727043,0.23802955,0.71533465,0.021430023,0.35281575,0.16458005,1.5719284,0.3558056,0.73240584,0.95992774,0.20047727,0.501058,0.6070977,1.6659683,1.5500647,1.0184627,0.59679574,0.5386477,0.16747057,0.023062684,1.4037064,0.044673745,0.2894533,1.0064396,0.007789652,0.5046905,0.06056905,0.31684852,0.22408919,0.0,0.44197303,0.12200048,0.6323108,2.794036,0.60544837,0.52775246,0.21313357,0.44682112,0.8865263,1.3092072,0.20491709,1.5714732,0.2205778,0.5461362,all_pothole_images\pothole_images_2_image_455.jpg
0.5157651,2.764299,0.32744306,1.3052996,1.005833,0.478033,0.97564524,0.10763932,0.22187056,0.49599972,0.5341457,0.32765687,1.1714096,2.5665581,1.1211132,0.011793404,0.6463834,0.45617604,0.5382738,0.3816043,0.5419734,1.9133602,1.418631,2.634713,1.0986627,0.9593057,1.431829,1.2017964,0.7916379,0.10905838,1.7262533,0.34246278,0.4438015,0.4512085,0.19205227,0.4305607,0.13952067,1.420522,0.049070176,0.26663885,0.46794027,0.70646054,0.55358255,0.38543534,1.2808547,0.8971553,0.037055016,0.22176789,0.3041863,0.13021097,0.37827915,0.99281853,1.333435,1.51977,0.26264653,0.55628264,0.5194489,0.52190596,1.4328113,0.23076077,1.121876,0.82676506,1.931725,1.3922876,1.0402539,0.6094173,0.8530897,0.600409,0.33170453,1.2504073,1.8883989,0.8985377,0.6839249,0.14818913,0.59010315,1.3707138,0.915158,0.26151332,0.7938956,0.017977623,0.47755757,0.3042665,0.08117614,0.43124697,1.8011487,0.47952652,0.08244038,0.6513653,2.8241994,0.117189184,0.44533542,0.7797567,1.0375726,0.8899637,0.4336434,0.4436116,1.2700486,0.68448395,0.8255402,0.5936068,0.09775366,2.846335,0.13838667,1.52644,0.3778235,0.7193288,0.96203285,1.0660809,0.37744382,0.7577112,1.4669322,1.3892996,0.91375417,1.3982198,1.8914322,0.5945522,1.148534,0.48105744,0.8220099,1.1818222,0.96911305,0.8012541,1.6544632,3.6128702,0.8491493,0.31704628,0.031183822,0.21302892,0.9554488,2.0616827,0.5857956,0.26797116,0.09851713,0.91747385,0.48188323,1.7645141,0.26614603,0.6305003,1.3082749,0.48097336,0.9072323,1.117166,0.058723822,1.6408885,1.4569739,1.2417663,0.5044932,0.28498876,0.44403484,0.7667043,0.6719569,1.0602528,0.6340589,0.35252023,0.6356056,0.1560043,0.8698636,0.9445685,0.8940394,0.736964,2.7795343,4.4479604,0.0067503215,1.5194668,0.603672,0.24082896,3.0390213,0.6891137,1.3162707,0.8922943,1.7593704,0.93561333,0.46935725,0.21141768,1.0457493,0.86262476,1.594193,1.1986084,0.86007524,0.574094,0.81000704,0.19803,1.0240749,0.7672091,1.1310555,0.71952856,1.4491386,0.4962305,2.126128,0.4343394,1.7227948,0.5655155,0.39987856,1.5498224,0.46154,0.7029213,0.27271378,0.4902771,0.12782833,1.9275708,0.0196478,0.41554883,1.4293921,1.0910727,0.625436,0.26775002,0.9772339,0.18598521,1.2945381,0.3692158,0.85222685,0.3496693,0.4625678,0.47540057,0.65516764,0.049284317,1.7657518,0.07916743,0.86439395,0.20495467,0.48508176,0.051607355,1.4140586,0.057353027,0.019720979,0.76102424,0.86695766,1.2685199,0.50510216,0.87017316,0.39092356,1.1118124,0.8662947,0.38051122,1.372639,0.15700038,0.3621661,0.8783954,0.8697541,0.19489609,1.6273514,0.20837002,0.5806034,0.7144468,0.05123992,0.0092720045,0.671366,0.49952108,1.124939,2.9113214,1.4118307,0.02165807,0.21125758,0.36883333,0.87541336,0.24822745,0.6196183,0.14021844,0.503176,2.645504,1.5897692,2.9398181,0.96681833,0.33257118,0.39032468,0.34205464,0.16943954,1.309953,1.0194412,0.40498397,0.47206154,0.22170827,0.46305117,1.0391853,0.2516874,1.2453921,0.42552453,1.0917397,1.1997592,0.77112204,1.6915764,0.252315,2.0952783,2.3240259,1.9213401,1.5453007,0.77813923,0.5701764,1.6085464,0.090022415,1.1989458,0.5718941,0.49591452,0.4071631,0.6102857,0.18575466,0.36135647,0.8228331,0.88286775,2.867308,0.12895279,0.91999036,0.5136105,0.07062106,2.2536294,0.56632125,0.2419389,0.11048174,0.04626314,0.7066514,0.78028387,2.352988,1.8702929,0.93286955,0.029823137,0.7096003,0.87745035,1.0587956,0.7845183,1.1785997,1.2305844,0.15713543,0.97004634,0.26276392,0.8970066,1.1682602,1.179882,0.35720405,0.49540332,0.96298933,3.3088775,0.50740963,0.7921367,0.55502623,0.6813093,2.0642083,1.0405189,0.645971,0.8612948,0.46714345,0.5157917,0.8763424,0.35618222,1.2491884,0.7684387,0.18750307,0.5800813,0.5108864,1.42031,0.30027124,0.13094485,1.2882085,0.17540094,0.6713182,1.4162086,0.7069149,0.90373087,0.036314495,1.6012595,0.0,0.8977937,1.306192,0.78591466,1.0557225,0.0,0.13504767,1.1961591,2.030667,0.11569348,0.8721926,1.152316,1.0945989,1.8309236,1.1900862,1.1628737,2.959693,1.0404652,0.52429414,0.54328287,1.1458437,0.3257217,1.1791135,0.671773,1.232802,1.4786453,1.758283,3.3055637,0.71124357,0.48222342,1.569656,0.6536219,0.715021,0.14856143,0.6572274,0.27346948,0.2062251,0.9640565,0.70603293,1.2099769,1.0806652,0.43773955,0.6016871,0.2168604,1.4384432,0.34017268,0.37299386,1.1010175,1.445154,0.35816833,0.20325461,1.1268998,1.1005163,0.114606194,0.8352405,0.29726326,0.42642027,1.0388405,0.5615647,0.48173612,1.1317395,1.2059138,1.3585774,2.7081146,2.639008,2.4782033,1.2392808,1.7529588,1.6248734,0.15938471,0.16850016,0.60222775,0.3964022,0.23874594,0.37989122,0.53365624,0.7261487,0.33970326,1.7219287,0.15766929,1.3067741,0.3573395,0.8359706,0.4833908,0.3716819,0.06805769,1.3146087,2.8988347,0.45949295,1.8998494,1.6163912,2.4063785,1.149911,0.026006829,0.49848837,0.7791743,0.14466521,0.8420625,0.126598,0.17798325,0.13834126,1.1746083,0.71472436,0.830981,1.5461341,0.707532,0.43793952,0.7744701,0.4138326,1.9949154,0.75247276,0.78530836,0.64705133,1.2413894,0.3716376,0.18770461,0.4698877,0.25224885,0.3221349,0.92922986,0.64414257,0.7582008,0.47772348,0.5051195,1.7787141,0.6571243,0.64407563,0.70133144,1.4413823,0.37313107,0.31530574,0.32000428,2.3840508,0.3658966,0.31778646,0.5602037,0.05868332,0.18758681,0.11006903,0.06541634,0.5214363,0.9232714,0.93586224,0.57107764,1.0189542,0.6574,0.49309912,1.4374053,1.7938198,0.17248422,0.45706943,0.6469401,0.09455298,all_pothole_images\pothole_images_2_image_456.jpg
0.07579708,1.0025502,0.73842496,1.7587011,0.46045512,0.033779357,0.39316177,0.0061114132,0.60795987,1.6647843,0.2680115,0.21748476,0.25470307,0.86285555,0.038620792,0.43537915,0.19881496,1.4583806,0.16537781,0.21226406,0.09897481,0.7982785,1.0403148,2.441186,1.214796,0.0,0.08653475,1.3345536,0.14785899,0.60952276,0.30285725,0.3122378,0.25603482,1.0219039,0.38713217,0.61932945,0.0,0.28721383,0.049009975,0.52477056,0.0071254224,0.20142393,0.5547153,1.0748761,1.1636312,0.14838108,0.25073177,0.005790653,1.2069325,0.4111845,0.047479432,1.4847695,0.8994495,0.12702884,0.8741765,0.6189006,1.8912821,0.91449547,0.22771387,1.3397105,0.0033922645,0.3635164,0.6503977,0.7853442,0.122300915,1.0388072,0.35118967,0.0510185,0.28874236,0.14384034,0.15246342,0.2027122,0.28610635,0.20068164,1.2612104,0.79350597,0.01599604,0.3484683,0.003920277,0.01700898,0.375454,0.3918611,0.019893384,1.01344,0.17297433,0.040114217,0.42809638,0.071058206,1.8403256,0.2981931,0.0943301,0.76416445,0.30811918,1.6949705,0.5633976,0.10476085,0.4829421,1.5921532,0.0064860648,0.08125836,0.1117394,0.97226435,0.094395556,0.18011038,2.2729087,0.7258441,0.63749367,0.024730535,0.14509098,1.5007629,0.7649128,1.9185969,0.16512915,1.240416,0.22884656,0.5169475,0.12698327,0.13627896,1.3816657,1.5383362,3.7438776,0.4014953,7.1302835e-05,3.1136672,2.6163893,0.3905752,0.15662569,0.09662183,1.4595919,1.041868,1.0420986,0.0,0.003692832,0.5435909,1.0036366,0.18162921,0.3136142,0.21088105,0.12988314,0.36644349,0.23737185,2.4941807,1.0565746,1.0629109,0.51281685,0.06564063,0.32379627,1.6764481,0.7601385,0.05730081,0.19690125,0.01835293,0.3199978,0.39023894,1.6038662,0.27083218,0.4037729,1.3323025,0.15938428,1.2126266,2.884191,1.8729254,0.32108876,1.439938,0.11148906,0.42330247,0.77747697,0.102835715,2.646171,1.8620466,0.1637988,0.018184444,0.06682446,0.031090887,1.645401,0.20056032,0.67502904,0.021797594,0.07256053,0.24564153,0.005970377,1.9730296,2.8538237,1.8733963,2.0630674,2.349694,0.05498337,0.25349915,1.2357906,1.793784,0.2959952,2.8949187,0.19558455,2.9925723,0.7882447,0.068447694,0.89870507,2.49924,0.073729485,0.22919607,0.13696969,0.41442737,0.62976927,0.35603085,0.601754,0.14542337,0.054991093,0.22003824,2.4008996,0.50269556,0.21103644,0.12370641,0.23802885,0.8038936,0.32792974,0.39951673,0.53237057,0.17365076,0.9645183,0.26436314,0.34094417,0.21267816,0.5892744,0.7181745,0.013377595,0.007827198,0.58554035,0.09851597,1.936599,0.2072244,0.12000276,0.0,0.3364472,0.7732497,0.79440975,0.07357665,0.12919828,0.15734005,0.42454574,0.664663,0.3839365,0.97232956,0.62763506,0.5012947,0.078886755,0.0006846886,0.7885867,0.95082426,0.27338418,5.22401,1.3843654,0.19669649,0.5267414,0.008842311,0.12431271,0.33856443,0.6041656,0.0757385,0.8514694,0.8312069,0.4713923,0.62948513,0.70358187,0.15175606,0.043490425,0.9380679,0.12845123,0.30470538,1.7385204,0.18330574,0.32214406,0.10251744,1.5053817,0.17019318,0.7805922,1.7053299,0.021299036,0.58647484,0.52633595,0.35974377,0.14326896,0.1377559,1.2726109,0.001643543,0.21119376,1.2586977,0.3875907,1.3501145,0.09092633,0.1860088,0.22732677,0.4007873,0.3021144,1.2888649,0.9459684,0.7810772,0.48480058,0.7568579,0.30425048,2.577705,1.2736531,1.6397011,0.0,0.4815986,2.67964,0.0,0.42165068,0.0,0.13776124,0.4511054,0.64397985,0.31927902,2.841145,1.4922857,0.123560846,1.2416862,0.0013286939,0.4961964,3.1507802,0.8189701,2.0114746,0.32273522,0.42992434,0.86476064,0.19586855,0.020074297,0.54916584,0.0665408,0.50131553,0.43712807,2.1778538,0.003313955,0.12796573,0.042050708,1.123868,0.034640092,1.7659227,0.30149984,0.18051316,0.19060497,0.7272889,0.9989305,3.8966548,1.9798367,1.7272127,0.05829525,0.17995761,0.13086562,0.68039346,0.26535097,0.030155113,0.20867771,0.12211456,0.44827437,0.14370064,0.5060848,0.0,0.09533734,0.8038674,0.7252943,1.0894264,0.046233322,0.42077428,0.30767176,0.02111883,0.53738785,0.53780174,0.51192176,0.118083544,1.5880284,0.14721723,0.25344634,0.52221274,0.030185264,0.5884667,0.7770953,0.4203175,0.8540246,1.1752009,0.9848519,0.058238357,0.10787209,0.30388227,0.69073194,0.8944492,0.24024607,0.020143444,1.361145,0.0,0.46262464,0.19582592,1.7845684,0.9181117,0.0813422,0.0053528603,0.8625186,0.5322198,2.1232855,0.3787795,0.55947304,0.16910967,2.650038,0.41698572,0.109478615,0.1602598,0.016876042,0.044722516,0.49646267,1.0852865,0.030563636,0.082646444,1.6054535,0.39387137,0.027620789,0.30428937,0.011267675,2.056827,0.016948717,0.07921808,0.4624189,0.76214784,0.55970144,1.1073066,2.1963277,1.3546628,0.17354377,2.8073893,0.36274695,0.063415274,0.7873368,0.28753704,0.7211685,0.1408203,0.29566222,0.05824042,2.614875,2.0466435,0.8640387,1.2973293,0.34511644,0.27663374,0.72757846,1.2154387,0.06978383,0.0055540144,0.04118492,0.22086753,0.42726964,0.0,1.4991127,2.5888555,0.07150736,0.7076414,0.4156702,1.0232594,2.0763237,0.36079282,0.09818196,0.046390574,1.1298256,0.19430713,0.19450827,1.1224508,0.5999482,0.22688314,0.12043331,0.43981263,0.0,0.16002297,0.47009012,0.7571763,0.38471845,0.045033455,0.23414405,0.34396538,0.37958437,0.58029974,0.75373566,0.4771623,0.0,1.3511283,0.48693457,1.2907202,0.83786356,0.097173706,1.5154034,0.20337641,0.003898163,0.66381234,0.07375678,0.037094228,2.5725853,0.04579025,0.0070527107,0.0,0.033646278,0.51096225,0.009697851,0.0767141,0.36767948,0.90136236,2.5860453,2.4407525,0.16733548,0.15545934,3.3155577,0.40767232,0.95333534,1.2915789,1.0052072,0.5652778,0.003406018,all_pothole_images\pothole_images_2_image_457.jpg
0.6434381,3.2066073,0.28096288,0.49757558,4.123048,0.65303034,0.0044761994,0.21847175,0.6732721,1.1639463,0.9015607,0.19131933,0.07496099,1.0266322,1.7315605,0.37010115,1.248117,0.04286874,0.28963572,1.1165707,1.5001394,2.846737,0.42291775,1.1497442,0.09742909,3.956523,0.5204129,0.9086582,1.3533597,0.49029383,0.64578277,0.78894454,0.3520827,2.0435908,0.97681594,1.6094841,0.36677644,1.0472729,0.08515661,0.6419101,0.42768595,0.34894064,0.19564956,0.15609586,0.78331286,0.32996652,0.65275675,0.84055024,1.1370323,0.57706594,2.3375518,1.2537992,0.81930745,1.4817696,0.2898082,0.884722,1.7926673,0.8612862,0.5937964,1.0716035,0.71134526,1.7011309,1.7992955,0.46591002,0.262597,0.17727661,1.5454764,1.0569407,4.0635595,0.5097985,0.6805222,1.6865321,1.9950039,1.2352532,1.5209149,3.1700282,0.19970489,1.1596292,1.6980429,1.1941621,1.6115875,0.27631062,1.123734,1.0363845,2.1082177,0.28559798,0.5829826,1.5734804,2.6936793,0.80060166,0.07691216,0.31148285,1.4754633,4.073707,2.8132212,0.47324103,0.101260126,0.9852867,0.481755,0.7580508,1.792393,0.5030833,0.031743955,1.3099456,0.27757424,1.4411907,0.23488276,0.27420542,0.18256195,0.38685334,1.8008231,1.298683,0.7732249,1.7983639,0.9998846,1.6311307,0.26275876,2.516039,1.7188507,1.8935211,0.30225655,2.607611,0.7690387,0.7069105,2.2123046,0.26474887,0.10374121,0.1581287,0.29174083,2.015751,1.5644583,1.0555018,0.8930678,0.78682196,0.8471906,1.1693193,0.5027371,0.08421322,1.5821073,0.287858,0.721478,1.467537,2.742397,1.1129183,2.085598,0.07099602,3.6768637,0.045846622,2.6584575,2.987418,0.5788524,1.9339261,0.7011543,0.35896537,1.4070637,0.55023783,1.212072,4.547896,1.316807,0.3067299,0.36121753,0.5905813,2.5257018,0.7492789,0.57706636,1.2205675,0.8462098,1.1831232,1.7368348,0.0019569271,0.9723066,2.5598967,1.3664588,1.5084672,1.0003539,2.1857176,1.4728808,0.84042805,1.6575378,0.9432667,0.34874475,0.48210907,2.1887324,0.17873786,0.85430735,0.64799386,0.76840335,1.9296885,0.11130877,0.24024515,1.6211485,1.3004462,1.3799832,1.990262,0.9175021,0.020923823,0.32954678,0.12094648,0.16328254,1.8148525,0.7517414,0.57779217,0.738251,0.591475,0.44309795,0.6447644,0.54700345,0.101447515,0.07036999,0.6010839,0.20037161,0.7976009,2.429518,2.856904,0.71923345,0.15214057,1.2821856,0.1508975,0.4795016,1.3125236,1.7785864,0.7601639,1.1827378,0.32500997,2.0039122,0.8928737,2.4128675,0.086898334,0.7685039,0.1751371,0.3657042,0.21926971,0.4923171,0.8609215,0.42315018,0.10162183,0.39706132,0.8560938,0.97299755,1.5357482,0.53843254,1.0165539,0.6645912,0.4508126,0.39131242,0.73691565,1.2300946,0.19763963,0.43241945,0.5383074,0.8941485,0.5346199,4.3808846,0.21573812,1.0215857,1.0422893,0.7180884,0.6405659,0.5824038,0.04113747,2.2002904,3.6151412,1.9856293,0.165913,0.72546434,0.25894108,0.6449867,0.55555725,1.8950943,0.24464653,1.1019388,0.39101082,0.3695282,0.015583813,0.9792395,0.033604898,0.30324876,0.23268789,0.42107755,0.20040978,0.8272575,0.2722042,1.5986211,1.4039459,3.5216084,0.17381096,0.41595662,2.2670913,0.9215852,0.58060294,0.42553827,1.4885718,0.6147968,1.4116902,1.7488827,0.77832085,2.4415922,0.6031444,0.49471873,0.05843945,0.30286178,1.800799,1.4658031,3.2145462,1.0264752,1.3851489,0.9572134,2.9633515,0.9581037,0.053317934,2.507674,0.23947334,3.7061026,0.77086437,0.6970132,1.2719716,1.7303782,0.80864483,0.56249297,1.3939791,0.798269,2.4071321,0.2794036,2.1016061,0.99745005,1.742809,0.13997465,3.9849482,0.7211299,5.9130154,3.361247,1.5579414,0.94422776,0.657446,1.0581802,1.9190656,0.7503561,1.4155707,1.5868989,0.5289272,0.8844131,1.9659859,0.4349745,0.45322534,2.35708,0.85707355,0.14259908,0.6492316,0.3713013,0.5317782,0.5139855,0.25762448,1.1512389,1.8462871,4.163872,0.14500576,1.4287467,0.5755688,1.9667447,0.3324991,0.2224782,0.059701942,0.5312023,2.1837027,0.9759804,0.56439066,1.5517753,0.13172874,0.3385884,0.08904601,1.4990634,2.072002,4.5278187,0.32867137,0.43619543,0.17503446,0.3204937,0.14972991,0.12395809,1.1217986,0.7501962,0.7317177,1.5237137,3.2496014,2.0861225,0.23550218,0.82361966,1.5317978,2.7719374,2.1222982,0.21250848,0.98768514,0.2389385,1.2243843,2.536909,1.0350105,0.5584063,2.62872,2.883016,1.2352839,1.3075343,0.6314764,0.2929522,0.37157,0.3432343,1.4626495,0.8313525,1.7995245,1.2548655,1.5615804,0.36110383,0.6017767,1.648961,1.4675081,0.23487481,1.3932208,0.5093742,2.0708468,0.16663653,0.11656731,1.5523394,2.350749,1.4727998,1.4421631,0.40996403,1.2534349,0.5613437,3.0695724,0.12900533,1.684039,0.21327338,1.3847473,1.2862681,0.24645497,0.3113703,1.552772,0.53446144,0.13535473,0.7251503,1.4805136,3.4941468,0.81711984,0.2314937,1.2063835,0.0715841,3.5897994,2.3203645,1.2980623,0.44085756,0.8336483,0.2096068,0.828737,1.4866335,0.48188445,0.099437535,0.8611469,0.97773385,0.565015,1.1719517,0.14560138,2.6341066,0.3013255,0.26006037,0.59031844,0.43202972,0.27134392,0.7304541,0.41742706,1.9491035,1.7714164,1.8637956,3.1217406,1.3084352,0.4454165,1.252157,0.9311717,0.5772079,0.7423941,0.26456502,1.6706575,0.5788417,0.5300817,0.80787325,2.8145564,0.8332827,1.4553341,1.1209307,0.90523136,0.9868613,0.024226936,1.343957,0.83553404,1.228247,0.42656973,0.42151546,0.7714003,0.20727745,1.9251091,0.7094555,0.64860564,2.866787,0.3772062,2.2538605,1.03565,0.39116985,0.99556434,0.11178892,1.1783239,0.66450655,1.166937,1.1832763,0.03528519,all_pothole_images\pothole_images_2_image_458.jpg
0.70762134,1.8493176,0.82423884,0.41037425,0.13359757,0.5437882,0.34650972,0.3047812,0.6195348,0.82875675,0.39488962,0.2950445,1.0720385,0.58345497,0.023757083,0.033424463,0.07352803,0.09422983,0.4581572,0.118355304,0.21529846,1.8411535,0.3664828,0.7797509,1.1419287,0.49433023,0.5946135,1.6408774,0.003172023,0.6561048,1.1223142,0.41446367,0.1400779,0.75494695,0.36177608,0.27916512,0.12466648,0.5430102,0.930949,0.33294824,0.17524341,0.096536905,0.77469736,0.7013934,1.9017885,0.43362185,0.5379388,3.74434e-06,1.7294227,1.1048504,0.0,0.110990815,0.12015862,0.7212397,0.011952003,1.0747167,0.688791,0.12248154,0.6813347,0.40558308,0.40425304,0.015595577,0.42989317,1.2190568,1.0041591,2.0336683,0.23190798,0.113785535,1.8326144,0.24933425,1.4828463,0.65470076,0.1083646,0.31992948,1.0763023,0.6538788,0.04503721,0.31731218,0.08257205,0.12984024,0.15550406,0.19720647,1.1952012,2.49732,0.20400947,1.1029711,0.7099983,0.0007518772,2.4485803,0.40783876,0.06126645,0.8080285,0.12604353,0.7274878,0.47072545,0.63458085,0.58130294,0.49927092,0.43669692,0.47649834,0.39807206,0.55554354,0.4959479,0.28325748,0.17590897,0.6643871,0.84427035,1.4970186,0.14193845,0.36622664,0.024345119,1.8856996,0.33767262,0.13993952,0.18152098,0.27163303,1.5945389,0.18528347,0.472662,0.4121037,2.2962494,0.3049219,0.74213207,0.07459997,0.13914537,1.7325608,0.30330023,0.024530362,1.139006,0.45168668,1.3815607,0.01966564,0.32093865,0.12038499,0.26755542,0.14873347,1.3281311,0.12546481,0.69584286,0.14647357,0.12727419,1.4914155,0.083256304,0.17616294,0.14697427,1.1866597,0.34565634,0.017538773,0.24693294,0.71709543,0.23581576,0.49465725,0.32527485,0.102330655,0.6770884,1.6476824,1.0833795,0.8112644,0.80773723,0.065926395,0.6203766,1.3255297,0.6672027,2.6518466,1.0569558,0.0,1.2056538,0.02452028,1.0940002,0.76045185,0.11475072,0.30395988,0.0,0.027923875,1.3446113,0.068011194,0.4730479,0.30050138,0.6327578,0.31428403,0.40636513,1.8435675,1.479292,1.5447053,3.7209384,0.8383672,0.41670942,0.9813691,0.34314752,1.1177222,0.4695369,2.239684,0.22664848,2.9395366,0.18611234,0.5729875,0.94214106,1.4472353,0.5652046,0.13588099,0.8323481,0.1968193,0.94350195,0.32388118,1.3477432,1.2913429,0.5225849,0.36109814,1.2998129,1.6071229,0.29096276,1.8196723,0.8455804,0.2858248,0.33548138,0.5557133,0.26038536,0.008274744,0.4599232,0.009427873,0.755633,1.3080571,0.0,0.36821008,0.10946494,0.5194298,0.4913928,0.9475645,2.2097993,1.69002,0.0022013409,0.079299465,1.2449062,0.538926,0.3919045,0.4052477,1.7604955,0.0074656657,0.5810409,0.26747188,1.5465602,0.8772603,0.47812715,0.04924045,0.16704784,0.018997224,1.4025254,0.18235189,0.24888676,2.9392462,0.03935679,0.0035559486,0.66486925,0.14889109,1.3055036,0.02006449,0.90869015,0.32448286,0.020233834,0.67444175,0.009519876,0.143975,0.2384839,1.2044688,1.1401181,0.12459483,0.76347613,0.7361759,0.7902371,0.54966134,0.5782543,0.39256254,0.7406686,0.80349123,0.9379014,2.2577941,1.1902004,0.48678336,0.11130315,1.5697509,0.08783913,0.028047731,0.15577869,0.016262302,0.6730479,0.45819044,0.7490589,0.31769007,1.3733538,0.5456609,0.4851705,0.09390162,0.06884596,0.27528816,0.9634909,0.022353938,0.25170907,0.44703567,0.7481722,0.4892933,0.65398484,0.93095183,0.0,0.6785038,6.0563354,0.91517645,0.12903365,0.4616176,0.4964198,1.0162159,0.010774629,0.2531567,4.370348,0.9288872,0.0018976971,0.0,0.005271078,0.62953335,2.099154,0.0116286855,0.6007089,0.17875737,0.02063103,0.034450293,0.22850674,0.8376196,1.4847397,0.23620874,0.068055585,0.027450157,5.623785,0.40468723,0.0,0.008328847,0.05580485,0.23794886,0.33809397,0.13783039,0.77646285,0.08149775,0.28289914,0.42537487,1.6300142,0.18844417,0.14289756,0.34551987,0.14616233,0.52315634,0.26731026,1.0856364,0.2463809,0.52593964,0.31444266,0.24558048,0.37106717,0.027666911,0.50089264,1.5397649,0.10218552,0.96431,0.3936236,0.6758263,0.42253315,0.08310964,0.06758862,0.21113193,0.6604795,0.19712284,0.18376105,0.31757075,1.911878,0.232797,0.18712085,0.22429727,1.1429834,0.7189364,0.07023513,0.8488196,0.044404447,0.19319624,0.34844148,0.10355887,0.32499874,0.36573657,4.0171824,1.6529427,0.8117677,0.18811426,0.6874172,3.329212,0.90618163,2.0189066,0.46269646,0.1742031,0.28736138,0.8292324,0.7569459,2.0449946,0.43090883,0.79598856,5.8144803,0.6718236,0.057817418,0.096948706,0.23137061,0.06620719,0.18512687,1.489081,0.040752925,0.7757099,0.7553183,0.08457752,1.103026,0.38073882,0.19173577,0.72905374,1.3328091,0.46668592,0.09493357,0.6094854,0.991313,0.02783297,1.4821044,1.0495456,0.84373194,0.09123231,1.0862635,1.6765645,0.083660156,0.5677907,0.4712717,1.2657486,0.2165836,0.5289354,0.6488648,2.8274286,0.12567957,0.358845,0.7979974,0.23873913,0.21638778,0.5448117,0.30224264,0.7365433,0.023871161,0.08834353,0.7333772,0.24843547,0.43551037,1.0955329,1.3698363,0.3437613,0.6578651,0.44440675,1.0115218,0.51365495,0.21721742,0.6225381,0.11995743,0.4767431,1.0680798,0.98750496,1.5856056,0.09018215,0.62676895,0.76222384,0.23872125,0.03967331,1.0959787,0.17621955,0.87770516,0.89112884,0.071377724,0.0011707078,0.26791853,0.3130855,0.8600557,0.93449605,0.06527104,0.030376453,0.02447183,4.5639033,0.21376827,0.03722418,0.03849177,0.5693016,0.1278492,0.08013911,0.7020386,0.045535076,0.96823657,0.5102876,0.14243291,0.7636107,0.0,1.1789314,0.07635296,0.10756926,0.17847827,1.0894395,0.032914434,3.5490131,0.69746584,0.011052725,0.4633733,0.9748862,0.23861119,2.546141,0.21684538,0.6818086,0.5673403,0.6814955,all_pothole_images\pothole_images_2_image_459.jpg
0.67610353,1.432372,0.18509413,1.0202081,0.022490691,0.32707003,0.13406369,0.02788476,0.024846816,0.5085327,0.07476622,0.372473,0.21609744,0.15580845,0.3061681,0.11249387,0.17565149,1.1533575,0.00834979,0.061526082,0.11897261,0.62344706,0.49227932,1.0230758,0.21513341,0.5159441,0.5696473,1.2824916,0.15977646,0.28562582,0.28443173,0.009832724,0.2171223,0.8558513,0.21007068,0.36650008,0.27618015,0.32609576,0.12995331,0.022537258,0.0051942626,0.3261697,0.20958851,1.6553073,0.19868463,0.101274684,0.16323341,0.7515686,0.15833199,0.23799902,0.16886705,0.045473658,0.27001894,0.0,0.04262762,0.5301108,1.0685592,0.26270953,0.43211892,0.08172086,0.0059710504,0.14269632,0.35971454,0.26747116,0.9073215,0.4715331,0.41139832,0.029358787,0.13328026,0.18465832,0.047920104,0.16324514,1.0150458,0.15308258,0.9843608,0.057143122,0.0876628,0.2488159,0.0,0.0006628934,0.07376824,0.13218684,1.132668,1.3182876,0.2292314,0.08620149,0.14205311,0.17731783,1.1439077,0.22044984,0.20445529,0.41458014,0.1354268,0.11878856,0.526688,0.4436011,0.02779839,1.3727435,0.3658751,0.0,0.18934911,0.15506302,0.06809904,0.40988883,1.3162664,0.49043328,0.15215105,0.0029029362,0.2449658,0.31824645,0.10376344,0.028556386,0.58602315,0.7391431,0.46140066,0.14610685,0.19469903,0.0009804767,0.72154766,0.23043321,0.5630113,0.22792536,0.11220886,0.80737287,0.45811453,0.6532214,0.027562143,0.13911572,1.3812364,0.42528024,0.46906453,0.22989741,0.015464556,0.041810382,0.31194338,0.23426943,0.09790119,0.6512891,0.49619174,0.09899074,0.4397995,0.53938264,1.3873612,0.70846105,0.07361676,0.49731693,0.0,0.3229808,0.011080365,0.5106468,1.1840684,0.10768443,0.1951787,0.21341415,1.248509,0.17479213,0.30117992,0.22628506,0.4461611,0.31006342,1.3745332,1.1248528,0.5806441,0.17517522,0.9128116,0.047530357,2.2404723,0.29774264,1.1135639,1.1501809,0.16613908,0.04883009,0.0,0.18336101,0.4627659,0.7589539,0.43141657,0.153459,0.53585607,0.40060347,0.018874297,0.07209785,0.6735799,0.066010214,1.6324584,1.4841392,0.21407907,0.08007173,0.19135015,0.41982287,0.34801418,0.47651213,1.0605215,0.72995865,0.054347437,0.0,0.42895952,0.73318774,0.13821968,0.2587259,0.016277945,0.20634943,0.0050769234,0.09550503,0.15770185,0.8387479,0.4594448,0.111190505,1.1206917,0.43783143,0.0,0.2852883,0.16943684,0.13999805,0.7300873,0.39287248,0.6406138,0.43623227,0.11333686,0.12498433,0.19640811,0.078539446,0.17884238,0.079069406,0.0,0.018473588,0.99922985,0.034669112,2.927106,0.0042797946,0.117025964,0.027359843,0.22632633,0.3470543,0.047343366,0.040991187,1.1670053,0.085847415,0.020540431,0.17806964,0.054803576,0.53795403,0.1980458,0.70109636,0.30213335,0.084692605,0.71609986,0.39531225,1.1871696,4.693758,0.1833858,0.2096049,0.0,0.0021774226,0.18065898,0.25872102,0.88847196,0.13444932,0.013438367,2.121027,0.08781654,0.1178959,0.06797255,0.21169105,0.14124107,0.61993307,0.1946974,0.70128477,0.9126959,0.034022924,0.3730872,0.28506804,0.109825745,0.113332376,0.35249802,0.63358176,0.08274534,0.21938089,0.42337486,0.12127053,0.9773992,0.087768845,0.5281704,0.4026968,0.15575813,0.39486438,0.30364892,4.1534706e-05,0.41430858,0.04655382,0.057840385,0.4800058,0.18175921,0.400648,0.14375499,0.15545917,0.19437234,0.57934546,0.4959863,2.2310832,0.3721833,0.74698967,0.0,0.004172565,4.5204453,0.09059357,0.19605847,0.07487582,0.15224421,0.09539895,0.20459037,0.6002952,3.162016,0.49387795,0.23532271,0.03745245,0.46263838,0.2207924,2.7806838,0.11615901,0.83862615,0.15677954,0.038544536,0.4866375,0.029051928,0.43315163,0.87766,0.0,0.8129532,0.0,3.9081028,0.120453715,0.07539889,0.07559645,0.0,0.027699804,1.5757611,0.26259327,0.2024322,0.1275843,0.1601812,0.27883586,1.0568241,0.7888472,0.41782203,0.28220713,0.03195014,0.66080713,0.019313758,0.14107496,0.21518295,1.4299179,0.0,0.09991023,0.20194867,0.48110402,0.07987322,0.3814676,0.020483116,0.3536988,1.1468146,0.91910845,0.4906994,0.052308407,0.19634132,0.07783729,0.9425969,0.048145965,0.361486,0.7092878,0.42769256,0.31741434,0.37612736,0.07365704,0.39795977,0.32017794,0.21059787,0.025261931,0.18697189,0.6534356,0.07909189,0.049005207,0.26064745,0.8944799,1.5814927,0.5192004,0.47603843,0.15006186,0.001721866,0.26966682,0.005103234,1.2378047,0.060878374,0.6119128,0.016542368,0.0908673,0.8882058,0.92149556,0.66690177,0.3079224,0.37213328,0.69553846,0.51479256,0.1381597,0.21329215,0.04090816,0.9031711,0.5635449,0.42242384,0.3288962,0.17328218,0.95075554,0.016856134,0.059060518,0.46221596,0.08866895,0.5147611,0.36012974,0.3978484,0.21842736,0.51220554,0.24147578,0.10644955,1.6387459,0.53270954,0.033822533,1.2263399,0.38271692,0.09501868,0.0811294,0.41366336,0.35647187,0.71446025,0.47328725,0.0065244404,0.8589524,0.01065029,0.37762412,0.083055116,0.03785632,0.16244271,0.026207734,0.2070653,0.080704235,0.03799901,0.038349364,0.26806715,0.6104265,1.1966573,0.59871256,3.763175,0.026924575,0.1905927,0.24126692,0.2076766,0.1697455,0.023584506,0.22684212,0.12707531,0.55287397,2.328765,0.3748436,0.76832175,0.20931742,0.16726114,0.0104224505,0.09987218,0.013148441,0.30935743,0.51617724,1.4181536,0.30099237,0.014660459,0.0125937695,0.17475656,1.0692172,0.055076648,0.54936457,0.0028140678,0.034884386,0.18795723,0.062770955,0.50497746,0.20344776,0.078759484,0.21733484,0.19499165,0.15781428,0.53718346,0.036287554,0.5297962,0.34302145,0.031687435,0.16477892,0.012205452,0.23727584,0.00661845,0.010434842,0.2080574,0.11726842,0.13372806,3.3620517,0.12505041,0.2094602,0.031840503,2.1041746,0.856567,0.15857178,0.022884225,0.40554792,0.022739628,0.22230397,all_pothole_images\pothole_images_2_image_46.jpg
0.50328267,1.8454337,0.41075975,2.2594934,1.4196783,0.53601635,0.65742344,0.428922,0.05091377,1.804702,0.3319617,0.15418556,0.9388925,1.3580949,1.1716638,0.5297534,0.2581738,0.22878164,0.79755896,0.71425676,0.4482872,1.9414685,0.68125,1.464393,0.65305865,1.4809458,0.73842037,1.5100195,0.6637587,0.3589591,0.7892816,0.9732785,1.2875139,0.09100222,1.0891333,2.5497441,0.46247053,0.22895661,0.028595958,0.43142566,0.0,0.009127761,0.38559854,0.7136207,0.61933947,0.24574588,1.5827919,0.21700065,0.48625642,2.0109403,0.15331835,0.8216958,0.34193382,0.34274167,0.37497646,2.4621947,2.726509,0.08798953,0.32277378,0.18207137,0.5498498,1.1209558,0.5326363,0.1340805,1.1602436,0.31336993,0.6210876,0.65740675,0.30205834,1.9462068,0.5006661,0.66106427,0.19615448,0.14766274,0.32038915,1.4585518,1.1980093,1.1013728,0.2808741,0.6254894,0.8826491,0.23634851,0.08749127,1.6846061,0.76167995,0.2469765,0.9370339,0.09801461,3.0379689,0.16205089,0.010719895,1.4429582,0.24947749,0.23546055,0.30009168,0.01931068,0.35026646,0.67650974,1.21592,0.8735729,0.43139192,4.349019,0.37023,0.02801946,0.09384974,0.28642082,0.33161107,0.4557559,0.3840088,0.55703485,1.3713983,0.49886575,1.8242711,0.43783054,0.8644199,1.0255002,0.6398229,0.23790048,0.87180775,0.88553447,1.4860814,0.718979,0.45712423,1.4782058,0.83188576,2.3040864,1.9440323,2.5990226,0.38153285,0.6181878,1.108767,0.0034761862,1.3028488,0.19509223,1.0109478,0.44232652,0.36101696,0.8786215,0.9704222,0.2996541,2.5603516,0.1628015,0.59116405,2.0083902,1.3043153,0.47389898,0.5165662,0.06524761,1.1392851,1.512561,1.340687,1.4512824,0.05689654,0.8903557,1.0451016,0.5633028,2.0966027,0.26831833,0.19562308,1.0556678,0.7334133,0.31663388,0.051510956,2.14116,0.051247742,0.46410778,0.5716157,0.9216144,2.0524657,0.21715324,1.3540151,0.017507618,1.3379222,0.8548414,0.31575894,0.0019404246,0.5857498,0.0,1.4145865,0.76002717,0.6076994,0.81873167,2.127687,0.89605266,2.1717608,0.21098109,0.057930414,0.63378376,0.4293502,1.8648663,0.7053515,0.76452845,0.41664925,0.9166051,0.031651594,0.5241671,0.01672884,0.014028362,0.054427437,1.3731097,0.27376163,1.2811844,0.9168066,0.79963964,1.593839,1.6897721,0.38894403,1.7677678,0.20154367,0.73183936,0.25502148,1.0169916,2.2332125,1.6966988,1.8269833,1.9061457,0.7128981,0.20686865,0.89730996,0.26128095,1.6468313,0.10046851,0.1611694,0.040962033,0.013850618,0.9741919,0.33627066,0.39719358,1.0867398,0.102437004,0.8183197,0.55657583,0.15505767,0.31091395,0.5477938,0.010684957,0.5364771,0.10412566,0.08799734,0.41883916,0.95548373,0.00011282155,0.37641722,0.1792019,0.3012804,0.108882435,1.0383636,0.07989098,0.9031638,3.6789544,0.4419807,0.29400334,0.67486227,0.37881252,0.24196091,0.7077142,1.3812339,0.08558681,1.4317504,1.9849551,0.5645331,0.91229075,0.16495913,0.29564035,0.29946008,0.25819695,0.2073531,1.062645,1.6169679,0.34915102,0.6361184,0.18432274,0.3621201,1.1107671,0.6665839,0.69985247,0.9616883,0.22555429,2.1128247,1.4649614,2.5633252,0.024633614,0.72502655,0.6368731,1.3987834,0.5543513,0.20233767,0.25813377,1.4442008,0.4945759,0.5310423,0.6188063,0.070465036,0.6128377,0.23006496,2.8912134,0.34881687,0.03389194,0.53753114,0.9999665,0.15050468,0.89691114,0.63522536,0.47236958,4.674558,1.2416493,0.29296824,0.5819374,0.2884348,1.6677105,0.15626149,0.95171255,2.219845,0.9347571,1.0724568,1.2569621,0.20093335,0.5214157,1.0258269,0.118179835,0.007789421,0.893251,0.09046374,0.42219046,2.3670638,1.2920456,1.3062613,0.17086636,1.1664937,0.2497672,1.996956,0.44171613,0.7560191,0.44285947,0.3562092,0.0035934388,1.3840201,0.44329402,0.16706899,0.9333499,1.4646544,0.97249186,1.3351833,0.17774874,0.48287353,0.18732467,0.6227745,0.0023996367,0.79007727,0.2987831,2.2873876,0.29018295,0.68810755,0.8673843,0.05117366,0.20822312,0.11875865,2.1369252,1.2388505,0.4791238,0.21803513,0.106480755,1.2501558,0.59310424,0.0024900802,0.088474125,2.470947,0.3565571,0.594184,0.018040724,1.5479555,0.6881393,1.181999,0.584507,1.2135134,2.1460402,0.07020521,0.29454157,0.23513152,0.26348355,0.16681196,0.15940182,0.8588408,1.2840599,3.3309531,2.228414,2.7572849,0.21878363,1.7217221,1.6965126,0.81747615,0.48186916,0.6652863,0.1887942,0.18258764,0.103025734,0.18720405,0.016952785,0.926749,0.964681,0.8939067,0.5180954,0.24149786,0.75977325,0.19325209,0.25156415,0.11368637,0.4293764,0.022374356,0.7641632,1.8700125,0.37369823,0.68695474,0.38841695,1.1078954,1.4210293,0.98215544,0.96749294,1.8774495,0.05726672,2.5933962,0.520543,1.3716456,0.41591316,3.0203962,0.624544,1.3258739,0.81568956,0.37043586,1.2638016,1.0576276,0.2104679,0.06769008,2.047976,0.4876639,3.9925823,1.3733368,0.29816112,0.026189322,0.28219444,0.6597528,0.9076964,0.07635349,0.2985219,0.7011913,0.63615555,2.3635788,1.2072012,0.77104074,2.5580568,0.28415608,1.4096938,0.6676339,0.5828537,0.66952205,1.302137,1.5434933,0.899881,0.6269616,0.2653773,3.4829268,0.0,0.20978612,0.90393525,0.98852843,0.65424967,0.3400406,0.112129,2.3263233,2.1064768,1.5843325,0.98587406,0.28489208,1.3383863,0.84992623,0.44747964,0.022430273,0.5058676,1.6401641,0.15460856,0.743836,1.7471306,0.30150566,2.1133125,0.06642457,0.0619488,2.268963,0.2093375,0.061395664,0.7116771,0.37023178,0.83392614,1.5019345,0.11314273,0.0,0.26828897,0.010453449,0.9130141,0.32212567,0.0,0.16705596,2.6913354,0.19166046,0.35272947,1.4959241,0.48209393,0.007061734,0.5074104,0.23966497,0.45263547,0.29529026,0.43901667,all_pothole_images\pothole_images_2_image_460.jpg
2.880001,0.57898974,0.1857323,0.90192825,0.48188743,0.584678,0.0100908475,0.0834967,0.6077077,0.8118137,1.0184344,0.8763854,0.013689391,4.6645412,0.39250413,0.20718053,0.19963202,0.11649801,0.8752404,0.089185186,0.5728048,2.4846573,1.0687413,0.15553525,1.2600423,0.32414693,0.1929967,1.4651501,0.7167243,0.04854588,0.91902065,1.2718452,0.23929444,0.0,0.0,0.10866041,0.004941427,0.5847104,0.031629134,0.22847044,0.14043681,0.19254774,0.7124962,3.5929072,0.52579427,0.027599832,0.14086744,0.38829643,1.1997696,0.22322915,0.20757605,0.32882106,1.2036239,0.19485836,0.892982,0.20969811,2.6820204,0.14449771,0.14515184,0.50238276,0.059708524,0.52211356,1.0878748,0.12313126,0.10200743,1.5892293,0.13322054,0.35636434,1.2651516,0.29035518,0.19296591,0.3410252,0.036665253,0.09496275,0.93279254,0.7905959,0.30168942,0.735698,0.6982621,0.32148808,0.06745804,0.0730301,1.0750539,0.83912814,0.25245708,0.09431634,0.19248825,0.1527436,3.025203,0.22013296,0.8506214,0.23938295,0.0,1.3121603,0.07270387,0.25910148,1.0071483,1.2410716,0.5766646,0.6787679,0.090847075,2.0913417,0.6678803,0.33799887,1.2216772,1.0995412,0.07683354,0.03497745,0.047543995,1.0548707,0.17618911,0.66549104,0.34991786,0.5181305,0.0,1.2660807,0.45255947,0.86771905,0.08892465,0.5442792,3.443016,1.3651041,0.25524658,0.98225605,0.14093748,0.9124728,0.0345095,0.15480976,0.06645495,0.7630034,0.01333883,0.049236417,0.38335422,0.602431,0.18720521,0.018673196,0.2769974,0.5915706,0.115108654,0.46634993,0.9369513,0.88516,0.9455996,0.53902686,0.47303492,0.36282608,0.07809958,0.9277673,0.6327633,1.6532828,0.52589357,0.6628069,0.3064387,1.7565808,1.4391129,0.4536595,0.55015624,0.7097374,1.6956121,0.041267157,0.9086526,0.123320736,0.32036948,1.9446092,0.17707539,0.3944274,0.105641946,0.13104719,4.3212175,0.5632519,0.03503728,0.75098306,0.36741272,0.24305968,1.1548489,0.63453424,0.26661077,0.0,0.0,0.003503746,0.4034526,2.9066417,2.5240493,1.2815493,0.024685869,0.46977088,0.5175627,0.92545456,0.6021123,0.04134213,0.0,0.47713813,1.0690503,1.640321,0.39104024,0.024212116,0.2522048,0.18509848,0.43286365,1.9950739,0.6294753,0.7148337,2.4638789,0.15638426,2.5409818,0.8234345,0.07338692,0.3551784,0.0009877092,0.93774503,0.2250147,0.7873264,0.3859818,0.57178736,0.8160981,0.102955535,1.6279802,0.13158871,0.2799377,0.6423497,0.19794966,0.33369967,0.29551816,0.49256998,0.5838484,0.013654492,3.9679222,0.84858066,0.30292165,0.1268799,0.32577085,1.3734766,0.101327136,1.6414579,0.124777526,0.6126468,0.5871315,0.121153004,0.32553807,0.16877475,0.36762673,0.35800162,1.498428,0.4890115,0.32088444,0.17582951,0.33295035,0.3545047,0.9783521,0.8450591,2.4529748,0.023478337,0.07326209,0.3596925,0.25871187,0.21836884,1.0833273,0.5610747,1.3832207,0.8363297,0.866996,0.53495365,0.31858099,0.2768621,0.016180852,0.038515948,0.17819789,0.64687216,0.81635875,0.08929936,0.35349467,0.12778832,0.27768916,0.4207039,1.5504346,1.6518615,0.5287399,1.0056442,0.6238862,0.2012157,1.0916831,0.1960054,0.14468013,1.0377951,0.15738748,1.8977464,0.47661978,0.25844002,0.26568267,0.14631331,0.13898496,1.2003188,0.02857996,1.0570918,0.679816,0.15048213,0.72863317,0.10514279,0.08153162,1.1819543,0.51443154,0.14208338,0.0,1.2380046,1.941355,0.023855165,0.007329685,0.82860285,0.11376407,0.28505522,0.18114237,1.1411536,1.6254163,0.0,0.36238772,0.42684942,0.041167483,1.8354115,0.15191513,0.18035716,0.21933824,0.23243313,0.00080871466,0.24714898,0.18884903,0.08487954,1.0490687,0.052450735,0.3574,0.29098862,0.0,0.46651068,0.18368106,0.03101118,0.24053627,0.4461472,1.2370648,0.28522772,0.5826801,0.30726412,0.56009555,1.5558568,1.29203,0.0761678,0.37203792,0.0,0.28669026,0.3689154,0.040580925,0.09380191,0.2930617,1.040037,0.2786287,0.069194,0.77897215,0.75769174,0.9887851,0.6170413,0.6197685,0.6943779,0.022828305,0.06479594,1.0070556,0.59897107,0.1551275,0.013972177,2.0022473,0.1718715,0.18163452,0.31728634,1.54689,0.40669358,0.19992727,0.4367081,0.58191425,0.22066319,0.17743145,0.043444097,0.44320735,0.0017744678,0.4137521,0.02111549,0.941332,0.31947753,3.0665598,0.25833446,0.21483895,0.25974065,0.0023763366,2.3767567,1.8052056,0.31583175,0.0013336694,0.7204835,0.5284425,0.22558457,1.1159593,0.63313836,0.010037593,0.12071496,4.0057178,0.47555035,0.019540507,0.996795,0.21298812,0.32724565,0.79962516,0.0,0.43504286,0.20940629,0.5265855,0.06570746,0.96740174,0.56438464,0.33423337,0.46699858,0.93634295,1.6078843,0.19020392,0.10359559,1.5821387,0.015862934,1.0231531,0.6584557,0.29382366,0.0,1.6972636,0.12434066,0.7062223,0.69500154,0.57024693,0.035938896,0.25970268,0.60756683,0.44457638,4.72169,0.22025593,0.56782377,0.011011191,0.00027850992,2.0699294,0.30352038,0.13866156,0.13725074,0.44423822,0.0,0.54379195,0.6885928,0.39473057,0.67320544,0.41028345,0.20117715,0.849109,1.5065857,1.7184684,0.3676359,0.86318415,0.09818129,0.3508574,1.2527524,0.12184884,0.052007206,1.0735173,0.0119515415,1.9794722,0.41420394,0.41917783,0.30972826,0.3506876,0.040530235,2.0611112,0.20180304,0.5256313,0.16004442,0.937082,0.27106422,0.2685738,0.1944945,1.391569,0.03659652,0.18888028,2.7480962,1.5595256,0.31127122,0.05503536,1.2413813,0.55850405,0.10700545,1.6187661,0.055000927,0.56560373,0.67874295,0.067133985,0.015385494,0.01667503,0.11857668,0.89815176,0.042992067,0.47458026,0.0033247042,0.013757461,1.4609947,0.033894457,0.51495063,0.5024032,0.13197234,0.38023034,0.13755782,0.27078035,1.927812,0.12762828,0.91577035,all_pothole_images\pothole_images_2_image_461.jpg
0.26111773,0.7174287,0.70468014,2.6646347,0.69523495,0.85840636,1.1185522,0.6833642,1.2157358,1.0377635,0.5691687,1.5526826,0.15715182,1.9827527,1.0880209,0.03247799,0.65577906,0.19306463,2.7253077,1.4907217,1.5809013,0.5107648,1.2154261,1.5131917,1.2584944,0.6729926,1.4999956,1.874956,2.922375,0.8733506,1.289671,0.40677375,1.549223,0.6050021,0.61107266,1.4346422,0.57728297,2.13486,1.2089782,0.8671982,0.1458727,0.4098278,0.7722121,2.0698822,0.19836365,0.6808937,0.12904301,0.2704401,0.1984834,0.23446405,2.537894,1.187374,0.39740065,0.34481078,0.015887527,0.38157856,0.7893852,0.098460466,0.6535224,0.06334506,0.7803895,0.93734986,0.17015852,0.16057733,2.5632622,0.9198691,0.4247873,0.3819765,0.08965623,0.49971193,0.8418353,0.8864012,0.4928289,0.06869412,1.1637868,0.48693466,0.8441872,2.6936448,0.5983262,0.40752736,0.471903,0.38079056,0.14641543,0.81989694,3.0884852,1.3218075,0.66713333,0.18765876,2.5636327,1.1862918,0.36451128,0.19684589,0.16601107,0.6192634,0.5887421,0.4894329,2.4860075,0.25006628,1.0290383,3.0545456,0.17407869,2.5460227,0.8013162,1.2382554,0.7248088,0.040877897,1.6386678,0.75208485,0.43951538,0.7128741,0.42292863,0.77674305,1.6984318,1.0325441,2.0922623,0.816622,0.8979164,1.017887,0.3999303,1.1512713,0.50728494,1.3019459,0.3626741,1.1378272,1.3561913,0.045180663,2.6667228,0.33417502,1.7043957,1.5588435,0.034796484,0.27743903,0.6470797,0.40936208,0.23838034,2.4890285,0.59429455,3.5597844,0.27903354,0.577784,0.52122366,1.2305924,0.8632708,1.5289063,0.9093868,1.2257638,0.0071343966,2.1463633,1.2989568,0.2521304,2.3008273,0.87672335,0.056467086,0.10163148,1.1561265,0.49268907,1.6274643,0.5839639,0.36767733,1.1847615,2.7207167,2.9070005,0.29671973,2.8908432,0.13916348,0.9772781,0.7350529,0.8487265,1.4601752,0.6299533,0.53003305,0.012993707,0.9034472,0.15065116,0.083273806,0.5919024,2.27382,1.2734691,0.2517784,0.24148309,0.6675717,0.10869468,0.12371887,1.4674072,1.2289026,0.27074775,0.1637831,1.9341584,0.41036326,0.51051086,1.0258265,0.9014609,0.7999604,3.3306143,0.4706963,0.27128538,0.59128034,1.4312545,2.5722475,1.2636067,1.3618388,1.020051,1.375258,0.7839897,0.07480413,0.09749432,0.5718456,0.10617578,1.0387226,1.3863288,0.070056275,0.17690487,2.5718486,0.24426685,2.5253947,2.1164093,2.2733138,1.1101243,0.36527818,1.8874537,2.2096095,0.30317196,1.2506131,0.749481,0.37255466,0.5324235,1.0562912,0.58633435,0.54247755,0.66772866,1.1333394,0.70197064,0.3679947,0.72840065,0.70944726,0.31785852,1.483018,1.1385572,0.6476616,0.37011492,2.334288,1.1921089,1.3967615,0.6205175,1.1225468,0.22934273,0.7936619,0.53305775,2.0194182,2.9482157,0.8864945,0.37888604,0.96748054,0.5716397,0.09390985,1.1642824,0.42322502,0.8942041,0.6005226,3.0131984,2.1402001,0.47740278,1.4792125,0.031556614,0.09672532,0.15666084,0.33031958,0.5524647,0.47992146,0.4634515,0.47795224,0.19415085,0.057795182,0.87074685,0.3743561,0.22618239,1.1203731,0.9758048,0.88702637,1.0959475,0.35168245,0.13638416,0.8018721,0.5709629,0.796498,0.9258158,1.3512044,1.6752259,2.9570255,0.29679906,0.43791354,1.557374,1.7130989,0.6730619,0.5562116,1.5310684,1.6966599,1.342191,0.06245903,2.2492406,0.372134,1.134944,0.9989045,0.7909378,1.4563718,0.7696305,0.32492882,0.7813382,0.91434336,0.46418184,2.4504297,1.779835,0.9150752,2.1107116,0.29241002,2.0547152,0.36757755,0.40925333,0.40062478,0.18557167,1.1962526,0.8512185,0.14888853,0.90521115,1.6718451,0.49614337,0.7396665,0.5263408,0.5792068,0.71723974,0.80388284,0.64772373,0.1369192,0.74785036,2.5958893,0.32906023,1.782924,3.433841,0.6384276,0.66197366,0.5760128,1.0128038,0.5633231,1.2515719,2.3551772,0.7566478,1.0317904,1.2618588,0.4909831,0.415822,1.1161046,0.8542076,1.8721431,0.23387681,0.18187976,0.65332484,1.2014055,0.9037047,0.11871427,0.33480686,1.3648401,0.24986029,0.57313865,1.244217,0.03240326,0.36609268,2.3570287,0.61949736,1.2367167,0.25353506,0.98208547,1.4729935,0.7264016,0.93041533,0.7821276,0.8642047,0.1963044,0.61901736,0.62922883,1.9656867,2.390511,0.998792,1.2697424,1.2081945,1.4487016,2.9663699,2.1054192,0.5555659,0.41613647,2.4429183,1.8441514,0.837131,0.0020551009,1.9231437,1.1224064,0.07276403,2.9549916,0.05947864,0.65056163,0.03126391,2.0473156,0.29046795,0.3953124,2.276699,1.7580551,0.33980575,0.3258288,0.44596106,0.592519,0.18056545,0.47002098,0.46572036,0.7708807,1.6629539,0.0,0.69390374,1.7999234,1.515088,1.01054,0.61772,3.306095,0.6573821,2.5408635,2.1427624,2.0556498,0.5704513,3.2449431,2.213327,1.9446495,1.2529892,0.50588983,1.6349077,1.2920351,3.4064212,1.0246062,3.1402338,1.2727475,1.2646409,0.77605385,0.4210603,1.7029574,0.37301245,1.1991206,0.47190264,0.23949307,0.0,2.7467446,0.16505976,0.38387108,0.46914282,1.2953496,1.291575,0.015753595,1.0540427,0.26213127,0.6069361,0.62406725,0.6655675,0.7592898,0.38620892,1.3405001,0.72192496,0.22189498,0.37949008,0.3196954,1.6796006,0.50090003,0.36467513,1.6899984,0.35105988,0.78504056,0.8598745,1.3386228,0.6289266,0.18097235,0.37169468,0.77864164,1.3110837,0.42300734,1.5764595,2.4490008,1.1258354,0.9323701,1.6990128,0.033541605,1.8424461,0.93585414,0.0,1.1587541,0.5089052,0.7559819,2.3376477,0.5847526,0.45719212,0.19111325,0.5932733,1.7353073,0.4812544,1.2718573,0.34168345,1.0933931,1.3864138,0.68755955,0.47609445,1.7453539,0.07406163,2.4846072,0.36229518,0.33882418,1.3939644,1.1173524,0.8124006,all_pothole_images\pothole_images_2_image_462.jpg
2.3009984,2.4316084,1.2823244,2.0558782,1.9837989,1.8841593,1.8064148,0.1990061,0.14292656,0.8331851,0.08385497,2.4688694,1.1605773,0.609672,0.31850043,1.0037495,0.56647635,1.2334504,0.44139355,0.44218266,1.0302566,0.1975581,1.2359623,1.2165043,2.4454517,1.9744427,1.1370597,0.95172507,0.45775992,0.20201297,0.39396948,0.03598975,1.8469783,0.22367729,1.0739127,0.5639254,0.29110745,1.8985331,0.4331406,0.9962767,0.073307164,5.063967,0.34562862,0.6951327,0.07140391,2.3035712,0.080980696,0.20881547,0.3927665,2.8019664,0.34894982,2.610467,0.48265627,3.7136998,1.3662903,1.3056594,0.9555525,0.728782,1.3136215,0.0486232,0.6990815,2.8371174,1.1357294,2.0499334,0.36679867,1.881108,0.70107454,0.0,0.007835511,0.2751831,2.7245553,0.22600316,0.2783704,2.255895,0.86785746,2.4017868,1.8436697,0.894471,0.0,1.0792137,1.5391823,0.62549144,0.74360436,0.2362776,1.6467699,2.4062214,0.26277012,0.73500574,1.7558544,0.47187617,0.39846164,1.0376565,0.39927164,0.5642503,0.93425965,0.44098383,0.17464548,1.9623574,0.1614794,4.682637,0.18249798,0.35959843,0.8824068,0.45780885,0.31023407,1.2960109,0.5628041,1.7782325,0.0036267703,0.1354329,0.37087038,2.0181813,1.0324214,0.20095536,1.0359604,1.4138439,0.26201162,0.008421935,3.4438121,0.44626963,0.14955732,0.0,0.0079152435,0.2687392,0.47587007,0.23613498,3.87853,0.53666496,0.8373512,0.8618206,0.72267866,0.34016064,0.058348946,0.3397216,0.18546192,0.8707058,1.6211418,0.3503848,1.204748,0.008542354,0.29384038,0.1759063,0.009726902,0.38591358,1.0506588,1.983239,0.010687292,0.6135594,0.62900376,1.7941686,0.9837991,0.83769786,0.49560118,0.9555472,0.70003206,1.0018932,0.8353419,0.20999923,0.67083484,0.34887546,0.13337304,0.5288923,0.123910844,0.88741696,0.33949164,2.8561587,0.1616838,2.3322732,0.7994598,0.014411832,0.03257204,1.1786298,0.38844597,0.6416761,0.12666479,0.0,1.530981,2.8606784,2.407917,3.1251612,0.32605043,0.117796645,2.058078,0.39052543,0.08804042,0.09737237,0.06635247,1.4304358,3.7701492,0.018901648,3.2962244,0.086196646,0.019418132,0.27305382,0.091636926,0.11954699,1.7783284,0.34004086,2.8003016,0.9402424,0.18456939,0.047037125,0.27788407,2.6675026,0.2630487,2.459736,0.15619388,2.0654562,4.954652,0.77137303,1.1240804,0.25317666,0.34534886,2.9960282,0.7255931,1.3647834,0.35919234,0.10175425,2.1085021,0.067798704,0.14664613,0.6051566,0.7125967,0.32870278,0.19365501,1.3302878,0.92445105,1.2977921,1.1414803,1.6538976,1.4687247,3.4450638,0.3944514,0.40467814,1.0476097,0.73797363,0.3504423,3.4457645,2.1350107,0.903574,1.6369863,0.5447582,1.7877733,1.6426154,0.007269121,0.7097199,0.0,3.1109226,0.46945906,0.037740327,2.1598415,0.07164381,0.858622,1.8373908,1.8278762,4.1256866,1.9988904,0.17194147,0.7651886,2.1205075,0.32073915,4.697838,0.6793524,1.0402771,0.75142545,1.4881004,0.008842541,1.4118832,0.8225016,0.48402247,0.46353912,1.7036054,0.008738132,0.018488586,0.100924976,1.0787336,0.3153904,0.9616832,1.7801809,0.29215455,0.003239617,1.3351742,0.6289627,0.3010587,0.41603094,0.0038236468,6.078296,0.39843318,0.8763507,0.004865835,2.127502,1.6839375,0.760779,0.65043163,0.61656225,4.4423876,2.0782845,0.56462884,0.6484264,0.10517887,1.762836,1.175974,1.5918813,1.3491936,1.9721525,3.243582,2.5443745,1.9098331,1.4540594,1.1200938,0.7500146,0.65789086,3.2796488,1.797435,1.5090129,1.2787055,0.39616752,0.904678,1.453527,0.46258292,0.6203104,1.4559261,2.599387,0.6094177,2.2281797,1.9079536,1.3189656,1.7926059,2.0847747,0.64360666,0.63713384,0.233657,1.1095412,1.3083801,1.0394362,3.8746002,1.9648173,4.7969646,0.39020693,1.4507082,0.26041418,0.40241954,2.2057147,1.9024531,0.012286668,0.08976133,0.04099954,0.05565757,0.3901472,2.327211,0.5389004,3.0279555,2.14776,0.21803877,0.5087896,0.019363604,0.80038947,1.2988353,0.37265816,0.53441805,0.71758807,0.6636104,0.022199536,0.5752463,0.048326936,0.4209712,0.23239371,1.8191068,0.50529426,2.9805372,0.039962795,0.8005652,0.20214042,0.17213286,0.41053194,0.02236878,0.74918836,0.48019937,1.0148212,2.2579012,0.44390818,0.41584197,0.12909955,0.021135898,2.186077,0.39365464,6.6706553,0.89970064,1.5527966,0.047505904,0.4167773,0.23597041,0.056402612,1.8624723,0.13011,0.07346682,1.0132143,1.0199881,2.446618,1.0424984,0.735111,1.2165743,1.1131089,0.64568746,0.81448084,1.0566396,1.1581858,1.6331958,0.83722174,0.41122404,0.5680626,0.19041127,0.08137984,1.6824795,0.013417323,2.5189493,1.1163641,0.8212466,0.921553,0.6922074,1.593718,2.1034362,0.77959985,0.23816592,0.85233283,0.5182192,0.0026160143,1.7261869,0.0648512,0.670488,0.23458259,0.5202649,0.023577385,0.34498665,2.6738052,0.6516534,1.6981945,0.63700587,1.2031074,1.5910054,1.2562853,0.22925189,0.096593075,0.47772625,1.6365422,0.93178964,0.40127683,6.212644,1.4979708,0.087864116,0.42252442,0.2642965,0.975133,0.480018,0.51381624,0.41706365,3.0299227,0.79898864,2.623376,0.4529686,1.014916,0.44248945,0.8251537,4.2568207,0.41898856,0.020146586,0.4708191,1.6926303,1.1553919,0.7373289,0.61824626,1.9966029,1.0697587,1.0932752,1.5145587,0.5616132,1.1120254,3.9386733,0.33209828,0.25626424,2.9284997,1.8860348,1.5496868,0.00019160795,0.35999888,0.017927563,4.790565,0.23336394,0.37421474,0.020689718,0.056178115,1.2598221,3.204635,1.232092,0.5865931,0.08436009,2.242419,0.052768357,0.37423,0.6678512,0.6588815,1.7555937,1.8158305,3.339318,2.4406276,0.66419333,0.07768105,0.80673903,0.95202595,0.58541006,0.118619666,0.26128405,all_pothole_images\pothole_images_2_image_463.jpg
0.15737826,0.2607376,0.85049754,1.2790745,0.76139176,1.453331,0.6007819,0.19880126,1.7848231,0.81932044,0.37639073,0.6512623,0.68772733,1.8418326,0.20447126,0.73610115,0.3938014,0.40333232,2.082134,1.2527397,0.8038341,1.3682269,0.34484953,1.3052232,0.19238544,0.23765396,0.064546585,0.6782703,0.6684302,0.49402943,0.1774898,0.2867518,1.3653667,1.268866,0.016676782,0.7735737,0.32625535,0.8052038,0.6191615,0.1406807,0.7363307,0.023505181,0.29869506,1.7944932,0.57054496,0.46355742,0.26841047,0.41037664,0.88137084,2.9148145,0.31590337,0.18608528,0.9488379,0.38026255,1.3202814,1.2392222,2.695295,0.048000388,0.9725325,0.8378059,0.27977508,1.0123419,0.11333318,0.46768025,0.30162284,1.5784873,1.0159874,0.7427594,1.5604961,0.1157493,0.57713073,0.12485153,1.5033828,1.0183944,1.3343676,2.0260522,0.21713318,1.225619,1.0878557,0.372012,0.04173424,0.9216691,0.87044346,1.7830178,0.0693016,1.102694,0.5787718,0.5180431,1.6242068,1.1309485,0.8776553,1.9233648,0.004826235,0.5859066,0.5784626,0.035995457,1.286969,1.7642163,0.31266367,0.07227648,0.57223904,1.6983246,0.96989113,0.038382165,0.5092725,0.4020789,0.6132697,0.48457098,0.7854913,0.16394323,0.2813882,3.5011356,0.73190975,0.09026497,0.32807907,0.1869367,2.057941,0.6434958,4.0279956,1.9857835,2.568157,1.592542,0.3181086,1.2404945,1.227364,0.67345816,0.0840115,1.6209203,0.773432,0.008770698,1.0457506,0.04572837,1.2673566,0.02929578,0.123841204,0.8608138,0.27674827,1.0281489,0.6090024,0.16767612,0.018381318,3.2783737,0.44239122,0.39533782,0.07965607,1.5213333,0.35186884,0.7903656,0.7733982,0.014282193,0.84380937,0.8858444,0.5648795,0.09291952,2.0218072,1.0279298,0.48828608,0.84490836,0.19254595,0.63255167,1.580009,1.1113693,0.26001897,2.720911,0.5784349,0.4552848,0.3689149,0.1790415,0.8001119,1.807193,0.30404422,0.26954725,0.0912003,1.0756174,1.8456144,0.00073833996,0.50335014,0.047212955,0.9494922,0.14685574,0.15800293,1.4715949,1.6787425,4.0098658,1.2923914,1.7328646,1.0929887,0.7775491,1.9606334,1.8200558,0.0069204373,3.7067947,0.04839926,3.6858249,0.7486695,1.29695,2.1366212,2.3401926,1.3297979,0.5615421,0.13134123,1.480825,0.8516691,0.43369627,2.0489526,0.00024258297,1.9454725,0.21415551,1.2868884,0.10941102,0.173316,0.09026198,0.75462776,0.60492057,2.199924,0.7574931,0.054237228,0.18656984,2.444856,0.0,0.035515852,0.55631584,0.25527003,1.0449986,0.09203991,0.02606438,2.068971,1.7929282,1.209823,0.4182113,0.10620766,0.0,2.1409693,1.1037889,1.0064586,0.16919976,0.9078522,0.017251294,0.10225689,1.2639811,0.21704008,0.84920484,0.30791304,1.0916195,0.7523278,0.1431265,1.7112613,0.35765463,0.29828343,3.387896,2.3203998,0.40722618,2.348684,0.53027046,1.1472627,0.1197499,0.86516815,1.0322226,0.24180965,1.1309038,0.039206192,0.056374837,0.06522955,1.482872,1.1181002,1.3292643,0.009073103,0.19329618,0.318013,0.62697005,0.2536101,0.42259872,0.22496104,0.9832263,1.3540313,1.3968546,1.5895785,0.61187875,0.93068707,0.32635713,0.2314644,0.8292521,0.70621693,0.11111042,0.948649,1.1789621,0.96665955,1.0853562,0.9807583,0.3120613,0.84267,0.56277114,0.42017293,0.40858865,0.46187863,0.7010782,0.022959987,1.4099139,1.2234132,0.12516457,0.7408275,1.5695338,0.44217435,0.31240296,5.107661,0.02792321,1.2550417,0.5013703,1.2680665,0.5609512,1.2346356,0.87168074,3.0499063,1.6649531,0.0,0.6385438,0.03528253,0.17620724,2.4559746,0.38895962,1.0646522,0.13127524,0.38628617,0.8941902,1.4414576,0.15719311,0.5373663,0.26407483,0.27251944,0.112155,1.8062989,1.2622697,0.7740913,0.10214386,0.013859088,0.28612968,0.354122,0.02159978,0.073070884,0.018134197,0.9390824,0.7332953,2.3923035,0.3319444,1.3696657,0.36220032,0.0,0.15635203,0.90569764,1.0843095,0.11975324,1.2062502,0.1632532,0.24009903,0.75714463,1.1574193,0.011455525,0.6905329,2.808705,1.5407135,0.030854376,0.2966189,1.3906842,0.017035177,0.031624902,2.6344953,1.3252819,0.7186313,0.0063929083,1.6487277,2.4135876,0.07613142,1.43864,0.13250741,2.2398753,0.4999563,0.17040256,0.28772485,1.1288296,0.76347554,0.5608393,0.3625823,0.52997166,2.6842084,2.8599079,2.0605707,0.5556773,0.028382894,0.2768893,1.5529398,1.219281,3.0090365,1.7885078,0.0,0.15115656,0.79114485,1.9154874,1.2143085,1.1389765,0.43183443,3.8941,2.1766355,0.4011952,0.692018,0.05032144,0.16748491,0.2094533,0.42990226,0.012233789,0.06539819,1.2549598,0.48573703,1.0052993,0.24627124,0.29095268,0.27196628,0.99373454,0.40892226,0.38094857,1.4218202,1.0602931,0.45049328,0.30447277,2.6427891,1.2094467,0.2690946,1.5243329,0.51829374,0.8230587,4.0497036,0.6790981,1.1024628,0.6069324,0.7088861,0.28333375,5.0970874,0.6442278,0.56906104,1.161601,1.5084876,0.28510785,1.2248818,0.24688196,0.59325904,0.5400445,0.43408966,1.352511,0.1717064,0.21458602,0.83289987,2.5104005,0.47656763,0.0526574,1.4088832,2.0119586,2.6911697,0.486184,1.2812762,0.33321902,2.3779848,0.5936119,0.20176426,2.487889,0.22108097,0.5785899,0.5060477,0.92992413,0.042680174,1.202381,1.7530731,0.49603957,0.7221927,0.075246096,0.3216201,1.8109146,1.6787349,0.76830524,2.9643183,1.1800607,0.047449764,0.08758065,5.1145496,0.30768234,0.2227025,0.17092259,0.6040602,0.5575605,0.12187701,1.4445297,0.8191212,0.6377117,0.38847104,0.6518286,0.20443954,0.009814848,0.055989526,1.0450915,0.7033552,0.7209038,0.98077685,0.08407996,6.250643,2.2632496,0.2352006,1.3208821,1.7817087,0.038138684,0.29981518,0.6945617,0.11297576,0.7617214,0.33603022,all_pothole_images\pothole_images_2_image_464.jpg
0.45231044,1.5038347,0.8234097,1.5428413,0.8508889,0.9071434,0.22739938,0.0021120477,0.5304271,0.37639025,0.21146314,0.19103502,0.4353713,0.98589,0.6692947,0.34645367,0.60266215,0.3423919,0.188031,0.45418206,0.7050177,1.2662994,0.8148732,2.249339,0.55084354,0.7589628,1.1264379,1.4643288,0.21699138,1.018709,1.4510332,0.14535749,1.2438666,0.68331575,0.6020884,0.43708724,0.65289396,1.1586721,0.37230346,0.27570215,0.76502645,0.47771025,1.0073438,0.5432149,0.7922369,0.38473415,0.47126505,0.17765447,0.5999565,0.7938254,1.4875356,0.055455312,1.7190996,0.7098457,0.8022083,1.363521,0.8170362,0.11257337,0.28608307,0.8822711,0.4019319,1.4736283,1.4485338,0.20407347,0.65735626,0.86401975,0.06267316,0.3515803,0.3922236,0.66280144,0.22318314,0.40386277,0.595942,0.22187336,0.6435469,0.7411747,0.47260588,0.37693247,0.42587242,0.32691005,0.2551203,0.7237012,0.22661705,1.1956534,0.55590904,0.7153299,0.104367316,0.17654952,4.068743,0.0910099,0.43785214,0.745763,0.46011823,0.29939312,1.040404,0.06777137,1.0601314,0.27076897,0.9398816,0.3650469,0.11109454,2.8658054,0.17117776,0.49897906,0.26688656,0.690015,0.6637578,0.78344727,0.12567453,0.1931995,0.18808527,1.7506759,1.3159777,0.28987157,0.024328358,1.1312809,2.1064699,0.7665785,2.231728,1.0341392,0.759507,0.20268805,0.6837045,0.5823159,0.38464502,0.8861554,0.6010682,3.1542532,0.889926,0.7049408,1.1632227,0.026389837,0.13962758,0.7435397,0.28319505,0.72206295,0.15761659,0.68232524,0.5577169,0.89385766,0.97315496,0.43403614,0.27818602,1.7512051,0.52388924,1.0268981,0.13438004,0.074491635,0.659966,1.1578753,0.7004739,0.6218203,0.027394582,0.5622701,0.88126576,0.2833009,0.3148035,0.23533347,1.0539901,0.5077518,1.2088403,0.842499,0.10947881,1.2679446,0.49621138,1.006237,0.2840193,0.42903575,1.2138897,0.96889585,0.21317673,0.06207981,0.46226773,0.066508085,0.44393462,0.3261039,1.4387777,0.25818893,0.16769497,0.9151493,0.18285313,2.6937137,1.7076411,0.6606894,2.6267488,0.17316234,1.2719287,1.053259,0.059666652,0.3698025,0.4682231,0.77988976,0.10279551,0.36169195,0.07443376,0.36196008,1.3091601,0.89199656,0.55555266,1.8964224,0.5101623,0.76109475,0.8530737,1.385521,1.6493387,0.9602975,0.29267803,0.27817973,0.5948841,0.3941676,0.086367466,0.018044,1.5609838,1.3847632,1.5966667,1.3562111,0.37551728,0.029930206,1.6456975,0.66631705,1.2579081,0.22208166,0.5419957,0.7830271,0.22892758,0.2511189,1.1559556,0.2940427,0.611122,0.1841521,0.9507266,0.23627664,1.0968813,0.617282,1.5564164,1.093086,1.2040035,0.10649924,0.053797163,0.31195197,0.6017887,0.07973773,0.41835815,0.12875725,0.030983591,0.00012293206,0.99587137,1.1483313,1.0299466,2.6935883,1.9021465,0.6211364,0.69655544,0.7246824,0.059980597,0.25388715,1.4814373,0.9854724,1.2653666,1.6349483,0.53477657,0.7124123,0.39178512,0.8455949,0.2363849,0.9061763,0.15260507,0.35932314,0.84085757,1.6998719,0.24971545,0.0,0.015452769,0.044871815,0.33672705,1.7717347,0.4937407,0.6065644,0.63814074,0.5925962,0.1374992,0.38595363,0.06855791,0.5773261,1.9976147,0.62219477,0.4792871,0.7070493,1.1392564,0.18388362,0.14608888,0.106599264,0.20035611,1.127757,0.27514297,0.6025267,0.34030798,0.6904938,0.042336944,0.928801,0.17932011,0.22675174,0.7282069,0.25525358,3.6276767,0.47066933,0.31451225,0.80179316,1.0345763,0.26325196,0.45180747,2.0722997,3.7303205,2.3733177,0.010704578,1.1284854,0.10447227,1.024507,2.4098835,0.92564625,0.24723642,0.11227553,0.0052979705,0.61341757,1.3691512,0.6740998,0.806558,0.20122313,0.33970335,0.8581345,3.0582469,0.3098098,0.08152674,0.5177349,0.13313659,0.54519224,0.7853211,0.5561424,0.38012522,0.426576,1.2203964,0.37356865,1.7290428,0.34238744,1.1364394,0.7029587,1.0398519,0.10823899,1.3676664,1.0975972,0.073887646,0.8232326,0.070753984,0.37894693,0.14365056,0.006422158,0.24805471,0.6231179,0.76659626,0.2395422,0.15208575,0.078199,0.2926705,0.80282843,0.20621344,0.2903608,0.7008527,2.1211617,0.9305963,0.32497218,1.5872544,0.7040917,0.175957,0.25886005,0.048051015,0.9675116,0.059114203,0.73129183,0.5675557,0.6419293,0.05444333,0.0682503,0.66610086,0.96137965,3.7298434,2.42486,1.0488293,0.74174356,0.118009254,1.902419,0.7605312,0.5986952,0.24743588,0.116451025,0.034215566,0.681802,0.79037076,0.25713435,0.24954791,0.019918086,2.8034637,0.24941516,0.3427708,0.6404163,0.7853205,0.19827403,0.4508572,0.20419529,0.09137171,0.03692051,0.12037357,0.3141463,0.46923602,1.3612778,0.11395681,0.6391012,1.9510236,0.941638,0.2524873,0.3241336,1.3532315,1.1704674,0.5972468,1.4609947,1.3313634,0.7699521,0.15229736,2.0344038,1.9135971,1.6256888,1.0862808,0.17027931,0.67251444,0.076043144,0.21862042,1.778494,1.9524243,2.2674825,0.21971868,0.34920385,1.0439465,0.21247384,0.5700659,0.558846,0.18371916,0.69383705,1.6733778,0.8261478,0.8924491,0.915885,0.7631973,0.9237707,0.7231219,0.6209658,1.0489404,0.8314304,1.0237559,0.05545057,0.5658216,1.5517346,0.6538644,0.7190733,2.2610598,0.34264606,1.3372952,0.7314037,0.14194043,0.2854839,1.7597343,3.184719,1.2415888,1.4576615,1.2764287,0.061848834,1.5324037,0.081710346,0.84731126,1.8894578,1.4001623,0.29937598,0.36287695,3.5367243,1.0536221,1.1253985,0.29851577,0.0038152933,1.0469937,0.04750026,1.0136399,0.1584805,0.3418977,2.2645707,0.01818853,0.5202873,0.6576386,0.11348179,0.026152955,0.13203816,0.008793655,0.064617895,0.46739,1.9916288,1.0893023,1.0002308,1.5757996,1.4835684,0.39247856,0.76476234,0.6697195,0.10004093,0.48412287,0.0009309754,all_pothole_images\pothole_images_2_image_465.jpg
1.886284,2.0287876,1.866513,0.3306577,0.30861187,0.7091708,0.3331939,0.36291608,0.6836596,0.8137693,0.24124476,0.0037557704,0.3769883,1.2272131,0.026707625,0.8507454,1.0182033,1.0277908,0.05272065,0.90023476,1.4578813,2.098861,0.43067124,0.25250998,0.66008186,1.125621,1.250052,1.0940967,0.074640386,1.0414151,0.13457589,0.24274223,0.96972156,0.025363373,0.19043744,0.13420475,1.6988324,1.1818265,0.6446602,0.02928778,0.46947128,1.2021574,0.20854463,0.6028466,0.6189641,0.5472637,0.05366985,0.14630887,0.98280084,0.4436131,0.7627898,0.18003985,0.76043093,0.14047886,0.02935115,0.22937801,0.8315804,0.0075330227,0.10249252,0.7803566,0.1728951,0.3065884,2.890397,1.7851197,1.3018551,0.4757752,0.23878886,0.04067089,0.038999874,0.08508832,0.2575417,0.9131377,0.3329792,0.5405488,0.33973444,0.0066228434,0.43635932,1.2837353,0.21861625,0.09118981,0.832579,0.17897874,0.037472885,2.056,0.009366696,0.11936898,0.4988156,0.19323628,2.2208807,0.002115163,0.80369735,0.4432339,0.7165446,1.2522043,0.008276262,0.023286337,0.5886875,0.48749757,0.5672882,1.6305865,0.3923404,1.4613686,0.2887558,0.29149753,0.008125895,0.13918038,0.0442864,0.26027393,0.09975055,0.2669674,1.0658294,0.8092723,0.8058171,0.043112278,0.16432425,1.681805,2.7785056,0.21526769,0.6896182,0.22506511,0.3835189,0.10046234,3.6537983,0.7896328,0.20330937,0.10237531,0.37687406,1.7772509,3.139849,0.4878673,0.5974015,0.51574916,0.17612529,0.25714493,1.02857,0.08885189,0.35981178,0.18434069,2.6610498,0.8185133,2.3156972,0.36357427,0.26378757,3.5931053,0.52010125,0.6339884,0.6052182,0.16703746,0.45451736,0.58354783,0.31168288,0.93601274,0.117668055,0.46096945,1.4864556,0.62720007,0.73055154,0.16968822,1.2803422,0.3781529,0.75184256,0.08217093,0.22196417,1.8390754,0.29143625,0.05769337,1.2973795,3.8338118,0.2037702,0.17774265,0.7151802,0.09807628,1.2068758,0.91579753,0.41823748,0.17328945,3.9085836,0.365751,0.3016751,1.6877123,0.833079,0.19371916,1.3831712,0.17422567,2.135972,0.19808517,1.4727997,0.38764572,0.0909808,0.021055587,0.62786674,0.31203097,0.654179,0.17504834,0.176164,0.8392367,0.214574,0.24545138,0.58326834,0.31493253,0.078762315,0.55297285,0.53416836,0.08376942,0.58610237,2.9221609,0.19229065,1.6200287,0.4649341,0.24307801,0.5637292,0.0063077183,1.2128567,1.7892127,0.62651825,0.5130808,0.39777094,0.31564823,0.77288324,0.32512525,0.9810432,0.004525005,1.7408291,0.9848707,0.010759443,0.61477035,1.9944937,0.13140535,1.0116549,0.10480001,0.46493754,0.36712572,0.06602646,1.5402343,0.08310468,1.5319562,1.6915257,0.7897336,0.046333127,0.07737966,0.97641736,0.08912265,0.3452487,0.60284954,0.37226602,0.1676863,1.2166102,0.46739477,0.2922567,1.3906296,1.5459508,0.052810047,0.11006127,1.1424075,0.09719715,0.34522152,0.9951192,0.4913472,0.91039413,1.1954741,1.713793,0.7857727,0.9583555,0.026603993,0.3191175,0.25239313,0.049684428,0.8588504,0.32078353,4.2994294,0.0191626,0.01617229,0.02242643,0.33653584,0.065916546,0.71325946,0.9179186,1.2071992,3.266389,0.13873164,0.997506,1.0149149,0.26227066,0.08787249,0.6107528,0.17381598,0.20049484,1.2769437,1.5182668,1.1944863,0.060659114,0.3287623,0.4489092,0.2704792,0.2335866,0.76050276,1.1469857,0.437053,0.23419675,0.7283308,0.43934384,0.27640256,0.06818766,1.2441261,4.4648223,0.05858239,0.4991514,0.92804015,0.9552824,0.006653443,0.2054471,0.6123305,2.9763613,0.7183129,0.03142591,0.08756088,1.2900976,1.0118464,1.5654198,0.24044758,0.028789572,0.0632001,0.069779664,0.59549993,0.40328464,0.33538285,2.6365635,1.3253522,1.3285728,1.3926803,2.6577852,0.6018271,0.03094362,1.9417737,0.7761984,0.61273724,1.35,0.7022592,0.31528962,0.00045337272,1.1171659,0.15732788,0.38874048,0.021833774,0.97367907,0.33870792,0.043733288,0.68400025,2.783516,0.66254103,0.29248452,0.75990194,0.03271194,0.28316692,0.80641884,0.046124496,3.0159395,0.44324002,0.0043610423,0.47918856,0.4073513,0.20865183,0.16951817,0.16038622,0.20555116,0.7563184,1.6522746,1.6220673,0.39155316,0.20155284,0.73279727,0.098811224,0.8373929,0.016083503,0.26281267,0.5896108,0.11499775,1.1623743,0.28343976,0.41162303,0.1399824,0.0,1.2385036,0.97053766,3.6204407,0.15826108,3.5260751,1.0043012,0.06425412,1.7037318,0.6973381,0.27459347,1.1491928,0.13974737,0.69573146,0.98471427,0.1388516,0.75921834,0.0,0.18416293,2.5675507,0.47703132,0.80936736,2.665668,0.8067208,0.024199573,0.88027126,0.545239,1.2124908,0.97713953,0.010332115,0.5671891,1.1062313,1.3482387,0.72278595,0.48314276,0.0759708,1.6940192,0.083745204,0.6220892,0.8249289,0.38989285,0.35791314,0.38363966,0.76759696,0.703681,0.25332978,4.5565224,0.33635142,0.252904,0.7710419,0.11235928,0.077829696,0.15058419,0.88749796,1.2265165,0.855113,0.70862794,0.05956906,0.47778594,0.59038043,0.10581307,0.14540458,0.19266473,0.7763906,0.64936316,2.9049706,0.4049223,1.0235989,0.049190164,0.8432173,0.98193544,0.7252447,0.13226938,0.5599848,0.013843211,1.5411122,0.21312581,0.14103568,0.035961006,1.5502111,1.5793401,0.7798426,0.5675469,1.7203926,0.1820082,0.019981945,0.17522113,0.08190355,0.28094876,0.20536125,0.41401407,0.7216716,1.4240638,0.31685233,0.10606735,0.26754117,0.55182153,0.6647533,0.9516981,0.056926288,1.2034457,0.065578245,0.5368964,0.35161826,0.30624166,0.10108656,0.11440084,0.02269539,0.50958073,0.33352768,0.3829659,0.49521473,0.9074903,0.10619265,0.10337372,0.42255464,0.19539301,0.11747444,0.050656173,0.7083902,1.3270012,0.10225588,1.5945083,0.23565735,0.3195873,0.42017254,0.07457928,0.08507252,0.38397473,0.28408858,0.20703195,all_pothole_images\pothole_images_2_image_466.jpg
0.2349651,1.5818039,1.6851102,0.00049839227,0.37010238,0.77850825,1.1126584,0.65016705,0.4566281,2.2586474,0.096534766,0.109943055,1.3624849,0.7475251,0.29479718,1.2327187,0.009435481,0.9013538,0.28549156,0.7626741,0.2113519,1.3737855,0.68151027,1.2540885,0.10162937,1.8895937,1.8054583,1.1164932,0.5438915,0.2783816,0.79631,0.6034219,0.3688509,0.9000194,0.46367773,0.46645617,4.2122455,1.6610478,0.31825072,0.40346572,0.63495797,0.94902194,0.7518941,0.57522666,1.6575454,0.55260456,0.16550648,2.8147116,0.20609586,0.1571613,1.9156011,0.17627591,1.1475139,1.5442542,0.3426256,1.4687864,1.4046628,0.928064,0.14294393,1.4480995,1.0690241,1.5021847,1.2000742,0.0,1.3173243,1.3294934,1.9667383,2.1137087,0.18739782,0.26237205,0.647827,0.11614373,1.0762818,0.22750543,1.0796623,0.16658154,0.8915952,0.9186914,0.25514734,0.10117675,0.49606788,1.243479,0.68158036,4.2867227,0.15301697,0.14045797,1.2865409,0.82941717,3.9716117,0.7215997,1.2012837,1.0101229,0.21637103,0.24491307,0.13045017,0.0,1.9225398,0.98972106,0.6825382,0.26947007,0.37491292,1.0709093,0.5595157,0.3422966,0.036358763,0.28288192,0.35776994,0.96553123,0.42781144,2.0659401,0.7513116,0.85927796,0.55631584,0.111195154,0.4732528,1.4358649,3.396025,0.3138329,1.8848727,0.43853557,0.1358055,0.093529485,1.2619079,0.7615073,1.0776969,0.20753703,1.0758952,1.544825,0.26993406,0.80598754,0.09412606,0.49123445,0.21398836,0.43280908,0.26677355,0.62648,0.36096838,1.0681869,1.106561,1.2738408,0.5701851,1.6856182,1.7147641,0.4909133,0.9980277,0.38518283,0.99211174,0.46213156,0.11426059,0.10129567,1.3091712,0.29019526,2.2473593,0.26003945,0.71153426,0.21135813,0.88828385,0.69748694,0.35090488,1.5927501,0.80878913,0.0,0.07272365,2.5132515,0.1747838,0.23744614,0.8099752,0.28578138,0.215182,0.42403477,0.71749216,0.50899327,1.5903956,0.4407933,1.7964467,1.2641845,0.3539213,0.07450742,0.07115689,0.9488715,1.6754353,0.5144546,0.011621011,0.9071079,2.5765624,1.033627,0.807219,0.7126361,0.4153001,0.26177663,0.09461105,0.7054381,2.0103984,0.34728584,1.6121156,0.3345598,1.7168121,0.99549025,3.3649518,0.35849726,0.18581276,1.5544918,0.114057325,0.1600093,0.06926906,0.35480055,0.17439862,0.26404312,1.066761,0.09901913,0.31634662,0.011405315,0.36021832,1.9668689,1.3144805,0.20666516,0.33859167,0.38160285,0.806013,1.628216,2.6402142,0.86656827,0.8372692,0.9080245,1.3048022,1.7341925,0.63899916,0.22338396,1.7912992,0.6444628,0.503008,1.0384021,1.2710724,0.27426878,0.47305197,0.8670355,1.0479064,0.31284702,0.0,0.94102556,0.71866965,0.37110612,0.3944114,0.5200243,0.22292247,0.10701845,0.15037972,0.50897753,0.5759531,0.6336063,0.27977362,1.1962779,1.5840557,0.556885,1.0757003,0.5460963,0.7601255,0.026350722,1.2214051,0.4975265,2.2711496,0.8971214,1.1315699,0.51568013,0.62748325,1.7789125,0.61581624,0.6245478,0.059818223,0.70804876,0.61014414,0.48094362,0.15784837,0.010908426,0.28179595,0.9421706,1.1852208,1.3099238,0.29378745,0.042254016,0.41466063,2.6831017,0.75995696,0.14122288,0.12876157,0.37091884,0.4317243,1.5331722,1.7290527,1.0738099,1.16948,0.7551089,1.5160142,0.38195628,0.35294527,1.2128115,3.5718973,0.05453844,0.49164703,0.5040722,0.38368103,0.8188263,0.81137574,0.85323894,1.4112778,0.4082501,0.7307093,0.12163386,1.3324763,0.94892746,0.8793218,0.8853613,1.0963932,0.1394288,0.96076137,2.9554281,0.37125364,1.3347219,1.039551,0.9482768,1.1515199,1.9364597,0.23444082,0.16880849,0.82905525,0.5037441,1.4745469,0.09440636,0.47836906,1.7975553,0.6598385,0.9224776,0.31671396,0.9541038,1.5946759,0.4283337,1.1680816,0.17963332,1.009283,1.0361494,0.3395962,0.36212552,0.8539514,0.16053736,1.0509983,0.4628084,0.20844443,0.04980037,1.0807695,0.3020821,1.2346088,1.313044,0.85162264,0.051944274,0.9775915,0.80812484,1.0589832,0.21590863,0.48148477,1.2954563,1.1271621,0.20267019,0.008290542,0.08075601,2.6057575,1.1016511,0.734017,1.4541934,2.2770655,0.74466157,0.12651907,1.1067046,1.3301007,1.2785245,0.1797114,0.38055623,0.4733539,1.738882,0.30568424,1.3955698,0.3463322,0.5613619,2.4599528,0.6182126,0.09987451,1.0713191,1.842158,0.3203614,0.6059014,0.6205347,1.0132959,0.083221726,1.7833977,0.048494395,1.0799507,0.22361356,0.510328,0.8291966,0.99051195,0.5086638,0.16933182,1.3401806,1.2276286,0.52038586,4.1485662,0.052368976,0.48592353,1.3299835,0.046671633,0.6659149,0.53695726,1.3191625,2.084391,1.2432542,0.7808168,0.020790605,1.0127903,1.0584611,0.49694967,1.188423,0.47412607,0.61161494,0.6623166,0.5235848,0.7596542,1.275694,1.1704588,0.8566511,0.4924089,1.0338715,0.7055255,0.29261428,0.36452654,1.576309,3.668967,1.9429908,1.9498991,1.2556739,0.45111558,0.013851364,0.5112233,1.585646,0.54947203,0.5716249,0.75745934,1.246112,5.609056,0.66900086,0.11621101,0.54728657,0.4598717,1.5583491,4.756672,0.3338177,0.36152384,0.39327005,1.63524,0.23134492,0.60235184,0.6376011,0.92187387,0.29134592,0.64493144,1.227508,0.24091734,2.4218616,1.20285,0.62830096,1.1713101,0.5151526,0.25663355,0.3483086,1.8855158,1.4345257,0.03529099,0.064060956,0.44639727,0.9117097,0.7469198,2.3478997,0.13581873,0.18516073,1.1557786,0.94359493,2.0167565,1.7394558,0.86398315,0.66149324,0.29170138,0.54703206,1.1422639,0.30989295,1.5745245,1.205793,0.48149446,0.705441,1.3210375,1.4120071,0.7398074,0.49013728,0.3160679,3.3610408,0.63285214,1.7866267,0.50594795,1.0662262,0.31525373,0.615103,2.2883942,0.45461255,0.14442743,0.08200984,all_pothole_images\pothole_images_2_image_467.jpg
0.41386965,2.3300934,1.1983284,0.48822543,0.15257628,0.986139,0.0025830541,0.10476482,0.0,0.14267357,0.36288863,2.3725712,2.7199407,1.7113715,0.49963954,0.0980891,4.087018,0.3688008,1.9848994,0.44212627,1.6089493,0.51467294,1.481722,0.37654018,2.4494348,0.24277581,4.6042185,0.4271314,0.6927196,0.23810107,0.64093196,1.4595327,2.8463452,0.19658095,1.9275595,0.6652983,0.8411518,4.6773467,1.3207566,0.36721197,0.09285297,0.16123243,1.2708074,2.4050088,0.2902506,1.0147187,0.5426896,3.4900844,0.097878106,0.6491816,0.27040368,1.2099023,0.8377707,0.11075438,1.1138,1.3089055,0.5468674,0.9813582,3.8265467,2.1113892,0.30716202,0.32200754,0.0,0.21983261,0.45518136,1.6446586,1.2285513,0.27323416,1.1197189,0.13177305,0.05327564,0.028770912,0.09792674,0.054663237,0.850559,0.009643293,1.0550295,0.12898533,1.4269907,0.7176149,2.737056,0.14549153,1.3469162,1.7945435,0.352477,0.11031603,1.1835741,2.5022287,2.0795395,1.3848267,0.6458358,0.4495401,0.08496663,0.124713145,0.17893791,1.6856438,0.72286814,2.4604871,0.14847657,0.7325869,2.605707,0.62926364,0.27482197,2.1622875,0.0,0.9244302,0.24324779,4.362947,0.0,1.4297582,0.78097785,2.7193375,0.21484223,3.189602,0.0395403,2.0355742,2.6179218,1.3264136,1.9718369,0.06408857,2.2591903,0.13765326,1.1995199,0.9489123,0.19540237,0.23729257,0.5743896,2.973274,0.15800221,0.17165633,1.5882934,0.109867744,1.3322631,0.24464127,1.2610651,0.96219057,2.021322,0.62886274,2.786122,0.10253908,0.12145829,0.58222646,1.964108,0.09314713,0.8877202,0.17292245,2.3331873,0.7699208,0.1441352,0.10600863,1.351502,0.5956679,0.0043470976,0.568098,1.2578466,2.0432937,2.8681104,2.1469648,3.1463816,0.2916978,0.656025,0.29889905,0.16408592,2.322039,0.014440503,0.572275,0.10462977,1.2175182,0.63646966,0.09100248,0.501423,2.7535918,2.138835,0.08192229,0.13699715,0.17595485,0.7765635,0.99736536,0.043822147,1.6267681,2.8200665,1.6804963,0.19956028,6.287555,1.453744,0.9734702,0.50986344,1.1480769,1.8172882,0.050102867,0.41385594,0.24755073,2.4058888,1.440263,1.0681351,0.1764735,0.3737624,1.2498921,0.40408596,0.4971545,0.18148957,0.15217261,0.042280138,0.14877918,0.13757432,0.92288953,1.4041256,1.1247163,0.1453297,0.06935134,0.56832296,0.44002488,0.32446936,0.08702254,0.76618546,0.4603681,0.2863828,0.23959844,0.12567723,0.68050534,0.9692305,0.2692749,1.4676015,0.6577109,3.0241914,0.0482378,1.3581437,0.9501901,1.3134345,3.2074656,0.13994792,1.6788902,0.50050837,1.2763104,0.3582031,1.0078946,0.41528645,1.028582,0.33259302,1.0665908,0.34918052,0.048536066,1.4057502,0.1404141,3.9516096,0.11346712,0.49670252,0.87924075,1.7280799,0.13125683,0.29764956,4.366233,0.9979305,0.59302855,1.4196687,0.009553887,0.096707866,4.2205076,0.0,1.2902066,2.6128807,2.6201508,0.07588712,3.3856916,0.19254273,1.2524318,0.31146282,1.2871878,1.348757,1.0419328,0.51680005,0.52731055,0.6570327,0.6755028,0.6106559,1.1629392,0.6511906,0.025641168,1.2083012,0.09827927,0.10862676,1.0470712,0.85459137,0.39178124,1.8735831,4.1043763,2.3914754,0.30037248,0.14461978,0.112860985,0.3582307,0.24815637,2.1303499,0.66617334,0.93150854,1.8238294,1.2232243,0.0054270946,0.7094453,0.60141927,1.1619422,0.4333477,0.09305954,0.8747266,0.5212185,0.46311042,0.4147988,0.13790494,0.12934391,0.29987612,0.48895708,1.9548224,1.8464143,0.16811177,0.030615205,1.3405629,1.6110413,1.8704956,0.0945031,1.2008153,1.1578704,0.11645411,2.1320713,0.23856121,0.41543552,0.6433165,0.0,0.41489694,0.5261411,0.11787716,0.42252213,8.064728,1.1310828,0.000974681,0.8274676,1.0241039,0.0,0.27332935,0.9319748,0.016437598,0.015630964,1.233183,0.067072324,0.62466973,0.0402729,0.39187416,0.021401059,0.99850297,0.31559142,0.14535475,0.518481,2.5205376,0.5515432,0.004357573,0.3082994,2.889536,0.117508516,0.3485632,0.6052776,0.98236036,0.93537074,2.4554176,0.0,0.5642512,0.44816118,2.553426,0.05468876,0.28508273,1.0137457,0.054245032,0.18479179,0.9291631,1.2343886,2.426536,0.31217048,0.09551657,2.0215847,1.1240722,2.0207973,0.16408494,5.1936398,0.48389733,1.106138,0.12530176,0.5045908,1.0555298,1.4978538,0.5309098,0.76463884,0.30200168,0.63663447,0.25616786,0.10465892,0.16601501,2.5038106,0.7516225,6.031316,1.378685,0.10332847,0.060422126,1.0574757,0.069375485,0.0063090343,0.9124284,2.5334473,0.29743376,0.3875443,1.3472961,0.3607472,0.24656543,1.4677902,0.25664607,1.5337514,1.2393618,0.20176718,0.72587997,0.0,2.212766,0.109362036,0.009710721,4.9936185,0.2940185,0.5126278,1.7982436,1.2106069,0.70749056,0.85213226,0.8682254,2.8471022,0.106113166,0.20197977,0.28211924,1.5192893,0.32887498,1.2873913,0.686214,1.4661673,0.7962428,0.22793941,0.4894561,1.5097688,0.57782644,1.026284,0.09101909,1.478241,0.066324264,1.2023128,0.6704858,0.3102605,0.51194453,0.1710082,4.291484,0.6243427,0.28056288,0.12870023,0.47572887,0.98095465,0.21222219,1.469019,0.028976625,0.56544834,0.40131712,0.0,1.8264745,0.087529376,0.17177877,1.0712068,0.5878908,1.5334251,0.49365047,0.2380841,0.19656742,0.10712242,0.616744,1.1948104,0.19443025,0.59546024,0.973136,0.2496775,0.7902932,0.5936419,0.738823,0.51699394,0.64158857,0.81800115,0.049242385,0.12348245,0.09539172,0.2638397,0.13563219,0.14216135,0.043437243,0.20217599,1.6843355,0.24561056,0.53184175,0.06843539,1.3758332,1.344071,0.40056345,0.05965699,1.1765821,0.18607108,0.72486687,0.82315856,0.46848366,0.6397398,0.77310944,0.009515682,0.7700547,1.0586908,0.3425957,all_pothole_images\pothole_images_2_image_468.jpg
0.69320434,1.1589116,0.499719,1.3384058,1.3671877,0.3336459,0.13137849,0.19136278,0.1266192,0.68716156,0.003899329,0.16182196,0.20625682,1.6904254,0.22728838,0.8852584,0.0,0.22955847,0.1892144,0.41133147,0.72336286,1.1603358,1.2423983,2.2940767,1.7689301,0.7573434,0.21328628,1.726564,0.7586935,0.38739902,0.874254,0.5574877,1.155277,1.0945121,0.79950595,0.096915126,1.3108832,1.2479997,0.27657735,0.26870504,0.74712884,0.42774644,0.18369897,1.3169975,0.58550626,0.4280674,0.14507735,0.0,0.24889229,0.36600354,0.96191794,0.10672617,1.0658215,0.4531033,0.044715215,0.48510897,3.1851358,0.00048797752,0.41623968,0.12505524,0.49171078,0.3097864,1.9644407,0.69290376,0.41714203,0.7766551,0.4042398,0.0,0.2136173,0.37741104,0.5683446,0.38278976,0.19214445,0.6223123,0.6819539,1.8625764,0.16581492,0.6639947,0.021318499,0.09803228,0.022733454,1.2915789,0.026791042,1.2512428,0.33971623,1.0828757,0.11453678,0.038546957,3.2665205,0.105905354,0.25881463,0.33778793,0.15208842,0.53404045,0.33918014,0.083466195,0.56531674,0.525731,0.065155335,1.5953244,0.07554366,2.0128484,0.054209687,0.020405885,0.57409704,0.43211433,0.03484774,0.6654628,0.1196827,0.7101789,0.47887012,0.9505427,1.5550474,0.39617336,0.82013613,1.2902673,2.0833259,1.0221103,1.8948092,1.1879721,2.61698,0.72154605,1.0975999,1.193992,0.4698524,0.7049533,0.06294599,1.8733883,1.8138694,0.4360876,1.366181,0.00901206,0.6111843,0.25134313,0.078577265,1.673242,0.68878686,0.9107901,1.6826215,0.40070295,0.44108877,1.4241993,0.043334898,1.1975453,0.43546447,0.99974227,0.18034004,1.1875705,0.97721815,0.7041119,0.5462813,0.7910179,0.2940257,0.36495644,1.0793276,0.9688835,0.7555733,1.0980383,0.46549258,0.42519683,3.4164746,0.5877871,0.055650767,2.1402862,0.064207345,0.7382345,0.19030532,0.90970874,2.189216,0.38373098,0.16548412,0.18726116,0.0,0.8063396,0.38284394,0.088905886,1.749917,0.1322384,0.075129345,0.0066347104,0.03802261,1.7011597,2.0367556,1.6426494,2.5718815,0.37645212,0.3720862,0.44005045,0.09533663,0.31629616,0.2985201,0.9033402,0.024629164,3.7918189,0.040875416,1.6532451,1.4579124,0.5193191,0.6217266,1.2556797,0.5255532,1.2588277,0.9866444,1.1978027,1.311824,0.41454524,0.504327,0.13728409,0.8888171,0.092893094,0.6615724,0.18099163,0.3540726,1.0665112,1.8302369,1.1851034,0.6311182,0.38599664,2.581521,0.13323812,0.6559729,0.033896152,0.06108958,0.35219133,0.045988686,0.37421128,1.7393764,1.0362043,1.5469643,0.022372091,0.08272678,0.42976016,1.3700652,0.03902613,1.4910239,0.24060625,2.6253552,0.23107219,0.0489906,0.31758377,0.655124,0.03670587,1.7740822,0.76521796,0.07408298,0.0033788893,0.7703552,0.5335008,0.48411146,3.8471675,1.0737779,0.019305088,0.8722173,0.22127043,0.06823018,0.37132508,0.5556382,0.10058001,1.5528576,2.2848544,0.05148222,1.2609937,0.7164239,0.9405785,0.6596759,1.1625226,0.027067766,0.08757452,1.486678,0.99853575,0.24913944,0.008883713,0.41076916,0.037374817,0.5547886,0.9680618,1.7747202,1.7271124,1.511643,1.3881801,0.087701164,0.259769,0.4191028,1.2013594,0.91978085,0.4646047,0.51101875,1.7700264,1.9598562,0.10238945,1.1230341,0.4143142,0.0775673,1.1385168,0.06868439,0.08331281,0.115463555,0.34246355,0.3487457,0.5168431,0.4838189,0.46971163,0.24526748,0.011685417,6.951179,0.11598153,1.0196475,0.5992634,0.4978904,0.12289273,0.4753631,2.148733,3.4532938,2.174353,0.046415806,0.47544053,0.002014187,0.637478,1.7372885,0.6090576,0.2798337,0.2866815,0.058070756,0.7779452,0.61422795,0.32258278,1.6760207,0.888125,0.053616446,1.0372497,2.7648735,0.09551946,0.18074998,0.4595391,0.4871146,0.433383,1.2782974,0.8801918,0.08145993,0.09016105,0.2941752,0.86666775,2.679434,0.0562618,0.37255228,0.0,0.49630985,0.25870943,1.0378445,0.6536425,0.07562838,1.1448407,0.2297013,0.19237581,0.15970084,0.122891285,0.06986804,2.4401798,0.15795156,0.6234606,0.00024116108,0.24606578,0.7592224,1.0743072,0.0033169587,0.6358056,0.85624987,2.4509184,0.017288629,0.7648952,1.6672623,0.45625502,0.19286425,0.24740551,1.1953844,0.36882898,0.005425986,0.26716182,0.8015915,0.8794658,0.12810026,0.04869572,0.15820096,0.7567734,4.667322,1.8568634,1.3640118,0.15962417,0.0160523,0.91776645,0.5222462,1.7486895,0.39616108,0.17546365,0.15711641,0.07001671,0.777553,0.8625842,0.6452466,0.2553576,2.4523106,1.3345667,0.71443146,0.9262773,0.027406381,0.61642873,0.82397944,0.088128164,0.41675854,0.09452721,0.26140815,0.16027945,0.41062367,0.06787913,0.09148103,0.95116276,0.36254063,1.1090516,0.14037411,0.15439297,0.93733275,1.2347552,0.6134024,1.8133385,1.5396504,1.9362203,1.0634731,1.7686505,0.7133691,1.587994,0.49841034,0.37274694,0.04528111,0.20609088,0.2408968,4.256521,1.4743444,0.6605844,0.07278274,0.93608904,0.9408127,0.77936476,0.24104124,0.6136,0.13132407,1.3854859,1.0899465,1.0052583,0.5483244,0.18744947,0.54771876,0.68100363,0.56655616,0.3457944,0.71448064,0.33939922,0.95063984,0.4902381,0.58659697,1.4799004,1.4232178,0.083007626,1.2343695,0.062291484,0.39130694,0.18276995,0.3532986,0.13700207,2.2516727,2.0088305,0.46129015,0.5203168,0.56839824,0.6866385,0.68270147,0.05100341,0.6157692,1.6580511,1.1158519,0.0,0.3866131,3.8452864,0.8630029,0.64996344,0.0,0.8992618,0.921225,0.5226327,0.9050654,0.07266527,0.063860476,1.2302101,0.0,0.30250782,0.15936936,0.01880967,0.37738967,0.012619732,0.28121305,0.19614226,0.90454584,4.7045484,1.6685904,1.0865405,0.65530264,0.40196523,0.20036739,0.9489701,0.21231447,1.0427032,0.6440391,0.2757481,all_pothole_images\pothole_images_2_image_469.jpg
0.4970406,0.8220979,0.08479325,1.889728,0.14417638,0.4424329,0.047757156,0.0064853257,1.1540285,1.6138648,0.032870844,0.5734047,0.17141269,1.0542897,0.3865807,0.43502745,0.7368695,0.42421442,0.16847299,0.22457507,0.4306231,1.2356747,0.20838644,0.7815184,0.34692338,2.063601,0.51031035,1.6992421,0.0026191673,0.0,0.18313181,0.23289543,1.1895918,1.3628749,0.087256566,2.3424501,0.26202816,0.7139089,0.15105334,0.19252999,0.80267364,0.051800415,0.54579276,0.4957629,0.45560148,1.1040839,0.23786348,0.6934327,3.100947,0.22233517,0.48581257,1.2611659,0.26147175,0.020755326,1.0329429,3.0764823,0.81065035,1.4230353,0.6060751,0.15003373,0.09835407,0.065903746,0.040203482,0.52612394,1.3499712,1.3048558,0.13015239,0.43460584,0.94476146,0.8388952,0.46108735,0.021854484,0.9729458,0.97856224,2.120753,0.6500216,0.102157384,0.26285437,0.55316705,0.8851835,0.0034037575,0.19041996,0.50010204,1.5909442,0.5656384,0.13263251,0.3319612,0.17162564,2.0100908,1.3916931,0.17905904,1.1336497,0.8709748,1.235378,0.8587145,0.2086476,0.03801817,0.621032,0.87514585,0.5514218,0.4352438,0.5986018,0.96087825,0.7550134,1.686957,0.11785921,2.4802551,0.63822603,0.90308607,0.8388601,0.111167125,0.61570406,0.27878797,0.59585583,0.6239293,0.14355974,0.5411996,0.2882225,2.0421703,0.6210055,2.2252038,0.27952114,0.39011115,0.47635078,1.0563077,1.2947977,0.54838395,1.2505666,1.0260612,0.3526294,0.059688874,0.0012669942,0.24079044,0.26601553,2.3791878,0.80103076,0.4248238,1.5635302,0.4554207,0.115814574,0.34998134,0.14435259,0.6021612,0.21880448,0.21067953,0.19918329,0.29366472,0.08279527,0.29816592,0.17102003,1.2963831,0.04958891,0.9826926,0.9947209,1.4433469,1.0912917,0.9963583,0.21787608,0.4508396,0.83453256,0.59472406,0.56660604,1.2725714,1.521792,0.12148693,0.109020315,0.16718109,0.03252869,3.5260427,1.0562388,0.78694767,0.32062656,0.0,0.11528226,3.0456557,1.0919017,0.17042263,0.2783587,0.0925052,0.7787975,0.3730962,2.9444697,0.37711972,0.8228648,2.3462846,2.733714,0.21998698,0.71683717,0.36908224,2.0842283,0.7587283,0.022356633,1.0413476,0.2096825,0.8541911,0.92166525,3.0222292,0.007586541,0.8129291,1.1294087,2.1660476,0.07853916,0.91839355,0.30969515,1.0855372,0.46169487,0.48490277,1.131103,0.402654,0.2918907,0.05721399,0.121348456,1.305324,0.51128536,1.8371497,2.3534918,0.08977886,0.21638998,0.23040417,0.9636989,0.5228213,0.71229476,0.92712,0.19614309,0.0,0.26307148,1.1693672,0.42585537,2.3635836,0.21782735,0.07370599,0.03984281,0.10678272,0.47820818,0.2797386,0.036065165,2.6787097,0.36051714,0.05531198,0.59467405,1.6871356,1.9175813,0.46545315,0.97720474,0.8871347,0.063851945,1.4677444,0.22909006,1.9227322,4.713981,0.93454856,0.9573233,0.84538394,0.49401528,0.20544975,0.042684544,0.432331,0.10694653,0.06073955,1.2204243,0.10112311,0.5676964,0.25433534,0.5468269,0.7665634,0.12215164,1.0270505,0.2853015,0.27922672,1.0980542,0.24277869,0.0,1.1056787,0.16682377,1.1568351,1.37482,0.36047348,1.2786226,0.064331695,0.616468,0.86298054,0.16409022,0.66709197,0.69883996,0.61448336,2.2924294,1.440593,0.53893316,1.2606393,0.8671744,0.3624822,0.28302264,0.15970205,1.1234244,1.543556,0.12154767,0.013332638,1.3276745,0.67443156,1.4371185,0.70274043,1.7959052,0.72536826,0.26312205,2.7840657,1.1424875,0.3617175,0.0012874971,0.23612034,0.524566,0.34805036,0.52637476,3.0529878,2.4881606,0.2646746,0.30824596,0.008286951,0.3424604,5.194689,0.45428863,1.1033441,0.007160595,0.3026798,0.93737054,0.7483913,1.7823722,1.8420371,0.08420455,0.09391543,0.06970335,2.6341004,0.02758503,0.35719824,0.12844563,0.22820355,0.4217565,0.9003307,0.3163076,1.087831,0.2135833,0.7937247,0.081999995,2.5922165,1.7194144,0.9374044,0.52893597,0.33416432,0.19052984,0.9390343,1.3452195,1.1605331,0.4656623,0.11435024,0.6030108,0.74108416,0.5962354,0.009519265,2.4171,2.6595013,0.7273636,1.3213009,1.7053529,0.72223634,0.4407477,0.43246424,0.57208234,2.3391154,0.10939271,0.504582,1.9162959,1.3637507,0.48643467,0.15938206,0.28013742,0.017809346,0.17156881,0.2735041,0.5450496,0.45497665,4.549936,0.72159165,0.78725827,0.5233113,0.32272288,2.582004,0.84374166,0.8506544,3.5015383,0.4663835,0.89936835,0.83302003,0.5500272,0.3162518,0.07527367,0.030891044,0.97498584,2.1101415,1.7891703,0.46309933,0.44015494,2.6879814,0.65153515,0.4540289,0.0024173248,0.05623642,0.1322726,0.66297203,0.45115358,0.37334046,0.41533133,0.8360671,0.6152077,0.16027066,0.3024276,0.1644187,0.09090365,1.8987236,1.2479124,1.1755166,0.50703,0.7788836,0.5029656,0.19244626,1.0413703,0.52631164,0.042338956,0.075870305,0.42919075,0.37165338,1.3802003,0.637089,0.44881594,1.307016,1.358181,0.52885485,0.9762559,1.1620888,1.2510717,0.4984393,0.9623908,0.49853826,0.451674,0.6595456,0.9951908,0.8980983,0.37655506,0.13145831,0.26667732,2.9572737,0.8051883,3.3005016,0.2572708,0.19066755,0.07970568,2.8053513,0.6267241,0.42043698,0.45358047,2.4859626,1.2231513,1.8784851,0.6983839,2.2986763,0.29760572,1.2093589,0.057745155,1.1835469,0.0,1.3547541,0.33816722,1.5380261,0.31377512,0.038149808,0.4167264,1.2280135,1.2248576,1.4256521,1.8246889,0.38734895,0.0696771,0.0,1.8001345,1.4893123,0.023737663,0.5946366,1.070237,0.6290294,0.16795006,1.0102,0.49457845,0.94539404,0.28392696,0.7524807,0.35206705,0.5286357,0.17189555,0.00078181573,0.87747556,1.1765332,1.924873,0.5284609,4.849393,0.8940349,0.46290717,0.98724824,3.641833,0.52963203,0.2875832,0.35024253,0.59485406,0.19995496,0.033879753,all_pothole_images\pothole_images_2_image_47.jpg
0.059244912,2.33083,0.91342926,0.5428715,1.8251277,0.3640501,0.5450542,2.5799658,0.90161145,0.23081389,1.2503468,0.6934153,0.01134513,1.7606536,0.24589519,0.7664692,0.49714154,0.007335508,0.7262696,0.440071,0.5757147,1.5022702,0.53316593,1.1667719,0.32166678,0.11227322,1.2751925,1.8569653,0.35051093,1.6668,1.3133429,0.6271138,0.13689867,0.020953648,0.7137088,1.4951327,0.6327448,1.3855652,0.0061702714,1.8688105,0.74228793,0.037724644,0.55662715,1.0724137,1.7491996,0.14140071,0.2906141,0.41503975,0.2677153,0.22632213,1.7550062,0.16323699,1.2511424,1.1906242,0.5671322,1.1062584,3.2148857,0.813188,0.7562973,0.7799454,0.40543026,1.0742776,1.318941,0.5711321,0.27044088,1.6578219,0.6431938,0.75722516,1.0885154,0.7274428,0.76469123,3.0637858,0.18530776,0.23793472,1.9694275,0.7097339,0.32672766,0.20031379,0.39022788,1.7696747,0.6075224,0.42444867,0.01796914,2.3423467,2.3813217,1.3881421,1.5634402,1.1614985,4.8170977,0.1739479,0.26511008,0.23050413,0.19156037,1.1304767,0.6149957,1.1803019,0.12067296,1.6288564,1.4418406,1.543942,0.39133236,0.7168844,0.3325786,0.49652663,0.1326609,0.5582256,1.5141159,0.020598803,0.025480503,0.18639192,0.79378724,1.2135078,0.0568955,0.8358025,0.78201824,0.43831778,0.2797918,0.08454056,0.32527056,0.4224439,1.8242205,1.8147062,0.8686613,0.35222465,0.34885362,0.41695422,0.067727596,0.37153247,1.011783,1.9458187,1.954299,2.2658825,2.193714,0.95063156,1.6092987,0.2816256,0.89292794,0.4309629,2.3141265,0.9796107,1.3286363,1.7341663,0.092984006,2.0325754,0.95240235,0.59748363,0.8125454,0.0,1.6230444,2.005619,0.13927683,0.5993133,0.27220368,0.27266368,1.5077232,0.9414792,0.11951189,0.7043186,1.3338139,0.21915919,1.2278999,0.04712318,0.18394628,2.8902395,0.27672425,0.49269485,1.7269131,0.6766277,0.8147901,0.095790364,1.03401,0.8029247,0.10695608,0.22475168,1.455559,0.04666708,0.1009374,0.12021298,0.43520063,0.66004026,0.20565465,0.67054355,1.4977267,1.0404998,0.6266556,0.28670007,2.0196853,2.1147811,0.06420513,1.0946622,1.4519663,0.6678228,0.013293887,1.0052706,0.4236852,0.78611755,0.38583952,0.31705785,0.119968265,0.37960598,0.010542945,0.033314325,0.56952703,0.076444715,0.505341,0.21733727,0.2333518,0.8663523,0.68119764,0.23592043,0.069819994,0.5503026,2.6332004,0.84836006,0.31814602,0.7639791,0.74973124,0.010242133,2.0155501,0.1907989,0.39004686,0.31709337,0.61993563,0.35885677,0.6811942,0.05930979,1.3478276,0.18410818,0.40705302,0.4812554,0.368673,2.3441887,1.3642101,0.48201853,0.110132724,1.114868,1.2455848,0.7174254,0.002776275,0.034515314,0.010228794,0.039014686,0.11628838,0.60497713,0.7644244,0.7243207,0.9511944,0.09812719,0.22388543,2.2266233,1.9823014,0.12627895,0.21959934,0.077917635,0.38272095,0.7947881,0.49747217,0.63516986,1.175216,0.37133968,2.680428,1.8264614,0.8599064,0.5164812,0.55635023,0.2448076,0.34038472,0.66546834,0.68458486,2.006769,0.16880289,1.3345776,0.34640673,0.59707373,0.19260791,2.061708,1.7493774,1.0757675,0.6775838,0.57511824,0.5601585,0.040858556,0.3687438,0.20509379,1.7054863,0.15819764,1.5266929,2.6034856,1.3035294,0.31561527,0.059900958,0.122955024,0.33888286,0.1060932,1.3299754,0.06302321,0.5340328,0.5211565,0.15089267,0.653574,0.26568273,0.7768122,0.13980591,0.41710833,4.220079,0.5082798,0.5061657,0.1841437,0.858861,0.16481064,0.28167164,0.3969621,2.55702,1.2524371,0.15170439,0.3041053,0.32691437,0.3142865,0.8808473,0.10113775,0.40265095,0.6307647,0.0,1.0091658,0.5508008,0.49472415,0.06893495,1.1442759,0.97525865,2.512793,1.7573395,0.30033812,0.79497045,0.53800553,0.781846,0.20212808,0.66273683,0.114929564,0.812157,0.8346137,0.9804592,0.5003653,0.7008078,0.5773475,1.1413869,1.285585,0.057581794,0.42029586,0.2938239,0.3522389,0.039490286,0.2157547,1.5143087,0.43766305,0.56040764,0.47661394,1.1826365,0.61317366,0.16641332,0.06925554,0.01076318,0.8996596,0.08582592,1.5560416,0.2952011,0.16617225,1.6685218,0.61082137,0.21311474,0.08164388,2.5815842,0.8002031,0.37507254,0.6717478,2.6328611,2.1731327,0.37299976,0.12831554,0.26958057,0.51604545,0.0,1.2643541,1.1018583,0.51577026,3.4507072,2.6109223,2.8080835,0.91146165,2.0513005,2.032794,0.42335033,0.097733,0.055100176,0.083739385,0.4399357,0.49484634,0.95979834,1.8511198,0.51274014,0.37962875,4.2085266,0.0995216,0.12024096,2.3748577,0.0773416,0.023212776,0.5411262,0.3277111,0.0021321767,0.76698714,0.43273562,0.33290675,0.5890092,2.2531772,0.0074061193,0.21280149,0.09714241,0.70649195,0.025929939,0.5081784,0.7383996,0.662173,1.7786239,1.7699753,0.6598061,0.3700103,0.3272801,3.3578768,0.17786987,0.61628824,1.4467882,0.8774166,1.406537,0.3937209,0.29450327,1.3001232,0.5694856,0.3912688,0.5246623,1.1768725,2.0061207,0.43034267,0.40868828,0.95360655,0.3588466,2.3477025,3.3295958,0.023325372,0.41472134,0.071425766,0.42497578,0.28814065,1.4473598,0.09633896,0.95474523,0.2762954,0.9024424,0.3384381,0.29364914,0.048417147,0.6268347,0.7477603,0.8488419,0.27239087,0.7172134,0.42696628,0.55244726,0.16114755,0.30680582,0.44876978,2.1839266,0.858015,1.0701483,0.19738159,0.44364712,1.0208176,0.18859488,0.7165793,1.0459963,0.32842863,0.5828287,4.4161386,0.8988211,1.075361,0.3179629,0.38067892,1.0595995,0.035162512,0.54468125,0.10812424,0.09029164,1.1978898,0.56774765,0.011875137,0.035071608,0.3861787,0.08482205,0.040950455,0.03852484,0.49438298,1.5423169,1.6856786,0.03386081,0.5626598,0.49279255,0.6549851,0.0,1.4355339,0.1757259,0.984883,0.7263199,0.10330955,all_pothole_images\pothole_images_2_image_470.jpg
1.9760265,0.648387,0.6208724,0.7812841,0.5484645,0.13316765,0.98673105,0.15739256,0.60055655,0.37836358,0.45392928,1.0666064,1.0096121,0.18723598,0.29646745,0.60682213,0.49084875,0.24538137,0.4941681,0.29640657,1.0381277,2.077773,0.18616898,0.20478258,0.7181827,1.105305,0.39144787,1.9136791,0.14973947,0.097178265,0.34785098,1.0401784,0.18689075,3.6177893,1.4684572,2.5035822,0.11628285,0.096930094,0.7908273,0.6443559,0.16730145,0.12892404,0.20670047,1.3969681,0.46485433,1.081604,0.09933765,0.012263991,0.7801965,0.80423826,1.8542248,0.33371174,0.051328517,0.434073,0.1679633,1.9602357,0.89602953,0.4720473,0.33042562,0.012567004,0.0,0.5142552,0.2681894,0.22394094,0.7688447,0.9874082,1.0157628,0.96664476,0.90617704,0.043049198,0.9005639,0.374132,0.18778645,2.1479533,0.4692097,0.047109254,0.15220569,3.9889317,0.41249874,0.39245072,0.81316173,0.14803493,0.662643,0.42350605,1.3125006,1.2292005,0.15847686,0.7654874,1.9905162,1.371138,0.82173866,0.17569962,0.10020199,0.74014443,0.21126848,0.0011844125,1.2389576,2.4664133,0.75075376,1.2368187,0.5794301,0.6440466,0.6808971,0.42914078,0.38222915,0.3141595,0.8533269,0.40834877,0.10919213,0.4547926,0.0998719,1.9483355,1.4492661,1.2658687,0.40510282,1.4433309,1.4760112,1.0168052,2.1022034,1.0906961,2.5577674,1.0310017,0.28922698,0.46897736,0.055680014,0.8414245,0.81066716,1.9742607,0.6055454,0.3192206,1.7595602,0.33573475,0.17942068,0.14641808,0.13616651,1.1166521,0.55524254,0.47327816,0.6078779,0.57897544,0.48400357,0.21981849,0.09423224,0.7369691,0.16692804,1.3799187,0.6627073,1.3771337,0.68222535,0.6679622,0.6526922,0.99025166,0.5520432,0.03299756,1.2075714,1.7585533,3.2723489,0.07852688,2.260639,0.064466074,0.56042403,1.2963674,0.100133225,1.5584472,0.29304692,0.3017067,0.3949848,0.043482833,1.7689056,0.07341622,1.0864412,0.11761285,0.78974974,0.88997096,1.5738477,0.01890066,0.28121895,0.09978442,0.88966966,0.37093297,0.016522609,0.49161652,1.8652645,3.4375463,2.597109,0.4801826,0.12422731,2.334958,2.5805361,0.8821439,0.8684943,0.82194567,0.58062077,1.164105,0.5830486,0.1736412,0.9849219,0.23065126,0.7707247,0.18023384,0.54498124,0.64494675,0.8587278,2.120641,2.005724,1.8919903,2.5208216,0.3839025,3.4651654,0.55109006,0.13106664,0.11317792,0.39931372,1.3798479,0.21423239,2.0450199,0.39571404,0.1171896,0.39971766,0.13667622,4.1978045,0.70181173,0.4026909,0.10948607,0.000101921505,1.2990801,0.6527067,0.36858678,0.52587837,1.203848,0.0007968471,0.4596569,1.715705,1.2138023,0.04622259,0.16416222,3.970097,0.38033566,0.051352713,0.49920246,0.49432278,0.560571,0.045197047,0.08113976,0.35140786,0.34336415,1.4505864,0.16387515,0.15338223,4.1093717,1.5460521,0.2007939,0.9327802,2.401137,0.028976994,1.9574172,1.3009348,0.47752756,0.24391769,2.5096512,0.06000199,0.6334145,2.43649,1.3415656,0.42148757,0.44526297,1.5042009,0.8190692,1.0020102,0.04822843,0.09199333,0.06035125,0.2061839,0.6950796,1.8837948,0.42173398,0.94976807,0.39171728,2.1385527,1.0957724,0.8778287,0.016173718,1.3163692,0.6375955,0.00041200675,0.5854386,0.71772814,0.047138795,0.6386425,0.67705,1.0567962,1.4537518,0.2826313,1.0750809,0.58591866,1.0615916,1.8291953,3.6820579,0.36824474,0.9264632,0.81660867,1.0011859,0.43767413,1.1841199,4.2996316,0.7958095,0.2511006,0.7110374,0.0,0.34937653,0.56658196,0.62111086,3.191317,1.5749828,0.95406586,2.220268,0.1286553,1.0196183,1.8960456,0.0,2.1227715,1.2190077,1.1580205,1.5176004,0.0,0.44109687,0.9387906,0.16094539,1.8442283,0.7458927,3.0279684,0.4234493,2.3529441,0.0,0.7776219,0.02492242,0.93621296,1.7642187,0.3905398,2.3789308,0.9918884,0.320885,1.86265,0.48590067,0.27101704,0.14942953,0.7165812,0.27037725,0.010546209,0.3628147,0.017929053,0.93587875,0.19075935,0.2692728,1.144759,0.21306236,0.45745012,0.30430996,0.74535275,1.4524912,0.021713363,0.6005467,1.4340943,1.6716336,0.43523437,0.6080796,2.1603816,1.1728159,0.3916153,0.004877189,1.0070577,0.6085904,3.3247776,0.0020890513,0.8897638,0.077973396,0.4016727,0.35006642,1.1697204,0.8041168,1.120711,0.0060679354,0.39987862,1.8976642,2.9769714,0.85656434,1.2817948,0.0,1.025002,0.82643116,1.0651125,0.9319492,0.0229364,0.3191678,0.03550786,0.17381689,1.7942435,0.040899523,0.7894268,0.6150617,2.4079328,0.7063326,1.6403311,0.1564406,0.86296064,0.44875035,0.4109551,1.2620094,0.0,0.23719421,0.91528255,0.9139732,0.35811377,1.3083364,0.0,1.2656771,0.83328694,1.2026416,0.10877841,0.40591055,1.738734,1.8538927,1.1593686,2.578574,1.8048904,0.58928525,1.5461057,1.0707207,0.18891747,1.2979611,1.044238,0.52948034,0.2625772,1.3622645,1.1442139,3.3100011,1.4321544,1.6495965,0.3246322,2.665237,0.5280624,0.5124786,0.48498186,0.7835997,0.5971287,0.07865823,1.1267638,0.30058947,0.037115555,0.87888473,0.9057603,2.2042763,2.0113943,1.5000707,0.894967,1.2399149,0.4851039,0.15743615,0.333681,0.84567904,1.3891923,0.27170473,0.73665524,0.22665389,1.3254812,0.05387629,1.0227249,0.2778315,0.232193,0.4530093,1.084612,0.6725213,0.1849738,3.079225,1.6592847,0.21723753,0.7238615,1.8199646,1.2493522,0.40654165,0.8330559,2.5531285,2.2938538,1.8287624,0.22916314,0.36377716,1.1309296,1.3996437,0.43838394,0.27085435,1.1555898,0.53375506,0.082296334,0.082948394,0.049815934,0.1963976,0.008023975,0.19806509,0.22006652,0.0,0.79606616,5.4160905,1.3126955,1.0124496,0.236732,2.1291268,0.23116446,0.10676711,0.2008709,1.8712709,0.22436094,1.4177681,all_pothole_images\pothole_images_2_image_471.jpg
1.1964492,2.421047,0.88636297,2.356558,0.2604888,0.7711741,1.3970134,0.00214472,0.32624865,0.9651319,0.44795933,1.8754578,1.2922825,1.5671381,0.5576142,0.4495266,0.38556665,2.7319117,0.96204233,0.45793116,1.3296885,0.87314886,1.0961227,0.90911084,2.369842,0.5235843,1.4107884,3.110967,0.2962473,0.058606338,1.3107361,0.02965287,1.3195059,0.29389334,0.82731706,1.8516796,0.07460449,1.42872,1.192777,0.27103812,0.00050458685,1.7407407,0.07677511,0.22114605,0.35660446,0.45003474,1.6466479,0.77296275,0.0048830034,0.22375597,0.005868578,0.39144242,0.83314365,0.1652627,0.033929013,2.1461804,0.74808687,0.2375257,1.0576289,0.50923675,0.86928946,0.13810147,0.98792976,0.3855274,1.2217499,1.2548094,0.4258401,0.120384485,0.41826177,1.6712761,1.0063694,0.25924888,0.3521186,0.09341133,0.14676586,0.036859155,0.24099824,0.28333533,0.008630947,0.040321242,0.6170337,0.09814086,1.4601046,1.0269673,0.31003702,0.02365001,0.23765221,0.07293587,0.76325125,0.0821093,0.15818095,0.7871721,0.15442412,0.18569833,0.6727527,0.09495314,1.6965364,0.84227455,0.285647,1.0053047,0.404419,3.3195307,1.2405138,0.12777792,0.613671,0.2944004,0.116065,0.60746443,0.48713657,0.48769674,1.8462831,0.8257974,3.229286,0.9284439,1.4325984,0.4268042,0.15128458,0.17492525,0.32819444,0.75913846,1.6542275,0.28115156,0.7649826,1.5564743,0.46067888,0.2589995,3.4022546,0.5440202,1.4264607,0.10563517,1.2211055,0.11797248,0.017928835,0.16913314,0.39971676,2.3563342,1.2106788,0.17987555,0.5156917,0.16468884,2.6262424,0.83171004,0.9884983,1.5626955,0.24942766,2.628791,0.29657903,0.70687103,0.18902926,0.1433068,0.8039688,0.5316812,0.028566428,0.08305047,0.6073387,0.45322776,0.65908307,0.08145268,1.530956,1.0935419,2.4317374,1.4176393,0.12390804,2.6706688,1.9193654,1.7032009,2.5620203,1.008007,0.9729398,2.03267,0.6817173,0.5257217,0.07191208,2.983929,0.2592575,0.42448848,0.36385655,0.47837347,0.3304051,0.37584978,0.14058049,0.9558568,0.9586268,0.46456018,2.3843002,0.066159956,1.0984628,1.0122769,0.37668943,1.5466819,1.0340871,0.46363893,0.28096363,2.4141214,0.66624224,0.2138441,0.38066292,1.9067771,0.21577609,0.7401205,0.31638536,1.0492239,0.28578222,0.9330719,0.139203,0.35936654,1.5345384,0.44543087,1.3804394,1.7986728,0.0,0.8601208,0.6291737,0.0,1.9907888,1.8019716,1.4611939,0.9995989,0.50922155,0.2557757,3.9599204,0.123170376,0.9759904,0.28849486,0.0,0.32143617,1.6372429,3.2469528,0.65113664,1.4116105,0.8535292,1.7640148,0.96621656,0.39225465,0.36400592,0.0401096,0.87492555,0.37775636,0.95795566,0.26158452,0.051001158,0.051079467,0.94718176,0.03291694,0.1175676,0.8343446,0.8917908,0.18174267,1.8052328,6.1894855,1.1346122,0.2545819,0.11215434,0.66712785,0.06728429,0.5534968,2.0406454,0.8630894,0.7711239,2.7523112,0.3696367,0.17356898,0.6520407,0.6586108,0.0023648415,0.71025777,1.768441,1.3468817,3.3098075,0.10954476,0.29969853,0.7281989,0.018890658,0.50477594,0.5911391,0.6848747,0.18104394,1.5984682,0.46213835,0.7205392,0.8648492,0.013674492,1.3639348,1.2495403,0.4795636,0.09536833,0.80126965,0.106847905,3.82302,0.20736997,0.61315745,0.34612468,0.4705901,1.0305241,0.13765585,0.63673115,0.9804739,0.37973073,0.2276543,2.5168035,0.07330032,0.06816825,0.2782966,0.057698205,2.8349826,0.028807938,1.2843959,0.2979856,0.14516816,0.3630716,1.1784087,0.93324244,2.226164,1.7064781,2.2244055,2.4529722,0.24683844,2.0926976,2.2538729,0.60602987,0.3435308,0.045596812,0.9597293,0.7613575,1.5704203,0.18678558,0.18279147,0.13967957,1.4723744,0.2379207,3.1043084,0.33051705,0.38464066,0.531383,0.059207126,0.0048758867,1.342059,0.72154015,1.5224752,0.15940817,0.066487536,0.1543953,1.5341028,0.8171901,0.30819204,0.8899231,0.44924358,0.6247143,0.3213919,0.5053764,2.9352224,0.04922813,0.30583578,1.3749433,0.03381033,0.09821812,0.014518336,0.7466028,0.0558576,0.082167864,2.1691964,1.9209753,2.2261393,1.3234022,0.0148768835,0.0,1.3926747,0.0788451,0.4272278,0.7837409,0.18650782,0.16820094,0.34904698,0.45670375,0.49356684,0.22554219,0.018471828,0.7603899,1.2911942,0.33434576,1.8428127,0.24280329,0.36255512,1.7415025,1.4799464,0.14179295,3.9312096,0.12931734,0.03326219,0.90394276,1.143932,0.75477827,0.02641992,0.30640683,0.062825345,0.30135345,1.3028198,0.31795037,0.20130385,0.5570083,0.26158974,2.3316844,0.53245056,0.77779573,2.0391352,0.02956939,1.5245458,1.4597541,0.077371486,0.68927765,1.936385,1.1266614,0.18164895,2.8224716,0.7806694,1.618898,1.0576812,1.155877,1.9789048,0.3467517,3.642522,0.5602705,0.9595048,2.450188,3.0845907,0.24720594,0.47333264,1.1417292,1.4470879,0.5034466,0.6859241,0.28150815,0.0704622,0.34074,0.43731517,0.95424956,0.14455731,0.44551697,0.21399927,1.549018,0.6556308,1.5676295,0.16735752,0.01471562,0.08175979,0.028250897,0.70247763,2.4396348,0.37518224,1.4790995,1.8065114,0.653567,1.0509868,0.31161797,0.5668848,1.1705997,1.0967498,0.19216406,0.18565987,0.15849043,3.2485282,0.23807552,0.20066985,0.6663972,0.45335114,0.5124366,0.007221862,0.0,0.42156196,1.7199118,1.7208124,0.762389,0.27954334,0.9629834,0.97654307,0.02938526,0.8308576,1.5011655,1.4929099,0.12557442,0.69863164,0.31717846,0.6570389,2.6018732,1.6737025e-05,0.44881952,0.41726932,0.012467912,0.69962,0.16177572,0.7716302,1.1319743,0.43894833,0.7865979,0.0,0.5612773,0.7627277,0.0012383269,0.89205855,0.14379108,1.0289748,1.4755391,0.19866104,1.5026826,1.3299469,1.1479944,0.64733905,0.13488773,0.43737915,0.3226916,0.11453384,0.8750776,all_pothole_images\pothole_images_2_image_472.jpg
0.7358027,2.04662,0.7644658,1.248186,2.5934334,0.12515144,0.27413005,0.8792972,0.23333092,0.13954389,1.7104691,1.2038233,0.35857219,1.7280108,0.057474617,2.4812994,1.5344818,0.30045977,1.4066304,0.7264654,1.0221092,1.1504191,0.12512907,2.2295742,1.655325,0.88632154,0.0,1.8328938,0.06401348,2.1604638,1.6223834,0.38112646,2.2482007,0.78321594,1.2675118,1.6608018,0.5292448,1.3823507,0.57789135,0.8824232,0.13947439,0.27583936,0.43866426,0.2321679,0.018922832,1.6652464,0.41629842,0.053134784,0.35439655,1.6248927,0.5134486,1.0253371,2.6469088,1.5321087,0.1538359,1.6422694,0.84121406,0.0012729119,0.43005264,0.19229838,1.053852,0.21148708,2.895329,2.151536,2.3678603,2.3031933,0.096588306,0.32449314,1.5841403,0.94243926,1.9220426,0.60410976,0.31421882,2.835679,0.76825666,1.2139119,0.60927683,0.11669928,0.43492216,0.74119014,0.58057386,0.6986473,0.6967077,1.0360595,0.66191226,2.2482772,0.03413154,0.45053992,1.4073615,0.104245156,0.756782,0.012258798,0.2722289,0.6278005,0.24249236,0.73872524,0.99062973,0.8650425,0.37832072,1.0453844,0.7679199,1.8473792,0.26169404,0.20667309,0.2154233,0.44414312,1.1806388,2.764018,0.026743367,0.73580855,0.25586122,1.8389444,1.8995956,0.94130147,0.33094722,1.8126154,2.2278943,0.67807084,0.9670273,2.363988,0.653299,0.10439113,2.0704756,1.1241097,0.22730683,0.42006442,0.7533728,1.9885428,0.6559046,2.0971396,2.4691646,0.10630061,0.22365667,1.2368388,0.5992571,1.9347262,0.9726715,0.8886073,2.729002,0.2997107,1.4740446,0.5448935,0.15957597,2.1763208,2.5742843,1.5370127,0.0208268,0.15517142,0.28065717,0.85561943,0.81986064,1.4676062,0.6451566,0.4774268,0.6691015,1.3563533,0.32642397,0.43390617,1.7825109,1.6693188,1.0931274,0.7438352,0.08271791,1.2106984,1.2363899,1.3508651,0.16680573,0.84909105,1.7082814,2.2441192,0.8246405,1.0029082,0.401028,0.9906155,0.53381723,0.40445873,2.0335379,0.98051715,0.23956606,0.681403,0.098902166,1.1315862,2.0453808,1.4715629,1.6326586,0.10113418,0.82629955,0.13332634,0.855657,0.8963351,0.9151063,1.3607463,0.3957679,1.3194491,0.7835883,0.7106513,0.3493701,0.26440305,0.3143919,1.9132215,1.9419206,0.52311486,0.9424664,1.2444961,3.2435288,0.9936433,1.7751083,0.11271305,1.9475602,0.9441391,1.1421788,0.70690966,0.92205733,2.0406709,1.4589413,0.8614605,1.2080874,0.03777138,1.5017698,0.32833076,1.4431952,2.5885735,0.5567713,0.56924397,0.11780406,0.610313,1.8981777,4.2470098,1.3811289,2.6874197,0.30992132,1.2206966,1.1815714,0.83237904,1.3735206,1.0725678,0.5995606,0.64057654,0.90378755,0.7751606,0.7057779,0.35340378,0.29678503,0.3479927,1.9267154,0.003945982,1.0654167,2.4048362,0.71420985,1.0159446,2.8705392,0.016851313,0.34350488,0.09579412,0.6298364,0.095787965,1.3557703,0.3753149,1.0299151,3.82501,0.94033456,1.5727682,0.54826486,0.22310877,0.5772836,0.72505593,0.0,1.0171342,0.24580792,4.0880647,0.2635382,0.13069105,0.9356876,0.3632796,0.5152075,1.410202,0.6908682,1.6005927,1.3169302,0.9020661,0.078301,1.2543991,0.07694675,0.68145204,2.2612016,0.3122413,0.44157302,0.93023586,0.11608083,0.1506315,0.38067693,0.15256752,0.11042001,1.4101939,1.3628079,1.4226176,0.5869483,2.135714,1.2705909,0.46261743,0.02099894,0.8940707,0.2686576,0.46732292,2.3238738,0.6731535,0.21539797,0.7077024,0.69426423,0.87530375,0.9550777,1.8416159,2.6179833,3.0593486,0.13380358,0.9386514,1.2360643,0.9753164,0.7027952,0.8351049,0.81031626,0.3523393,1.5664561,0.2767183,1.8127444,0.20309514,0.45722002,0.62130445,0.50539404,0.9276859,1.6812317,1.2926465,0.0,0.76867735,0.12091285,2.3858488,0.57978714,1.2681788,0.44304278,0.15282339,1.9775078,1.679721,1.7841376,0.06926205,0.3269201,0.30012462,0.33429423,0.46669808,3.5993667,0.8696,0.0,0.71281415,0.07537744,0.08274669,0.37302616,0.16964674,1.4952445,1.5264416,2.2371936,1.081174,0.69432986,1.3179364,2.6189742,1.3165582,0.12562212,0.033890404,0.9264305,1.130997,0.032559846,1.4746175,1.7263339,0.117674716,1.0947311,0.78586096,0.5748085,2.2910862,1.789859,0.73460954,0.4807386,0.83400655,1.0397178,0.79725707,0.12181199,0.9075381,4.5522237,1.5017669,2.5513265,1.7292297,0.49805617,1.0162767,0.2632111,1.1005043,0.12836958,2.0204504,0.5763586,1.6603427,1.3206974,0.61799836,0.67323774,0.346174,4.227712,0.9714574,0.1713786,1.1266235,0.96746343,0.4569818,0.41013378,0.95794475,0.9636384,0.07828752,1.4813539,0.25414345,1.0244766,2.4043868,0.47419757,2.5451825,0.83794177,0.658086,1.208143,0.55009025,1.6417029,2.270583,1.2688752,0.419181,2.299413,0.885056,0.462464,1.9151841,1.3984773,0.5793655,0.23194686,0.8608056,0.88266957,1.7455624,0.28741625,1.9480588,0.09990731,1.6222832,0.007997172,1.4645209,3.3271596,0.5312337,0.77202636,0.5905346,0.44907394,1.5237688,1.2004045,2.2852035,0.79905325,0.53338826,1.2725794,1.2508729,1.134865,0.541736,0.23085202,1.9916139,2.106634,0.22819151,0.12998459,0.7487931,1.0769725,0.94930255,1.537888,2.468878,1.7491446,0.55084234,0.88424075,0.29118082,1.0859253,0.60410875,0.47875842,1.288388,0.6452281,0.33380398,1.6562098,0.9390791,1.7138143,1.2348591,1.8391355,0.028266922,0.283338,1.729897,0.8823432,0.70072734,0.09069873,1.2045112,1.0001221,1.3000302,1.2756649,0.4563828,0.6669216,0.6579835,1.2436844,0.21984066,2.163933,0.64947903,0.5237343,0.059626635,0.7270475,0.057245385,2.0442486,2.9811437,0.7494901,1.1811943,0.9322315,0.1330739,0.14549637,1.5868384,1.2410091,0.79802245,1.0479715,1.1064306,all_pothole_images\pothole_images_2_image_473.jpg
0.42673787,1.6895996,1.2478099,1.5185363,0.64286196,0.7295108,0.12364039,0.43683484,0.6662567,0.5494678,0.814799,0.60216653,0.104045324,1.2512978,0.26311138,0.35819328,0.81288034,0.044678736,0.45009068,0.45635006,0.4166213,1.0346833,0.073746055,1.346066,1.1589336,1.9417603,0.8420339,3.1906395,0.16042092,0.4216311,0.111465864,0.032436173,0.7776032,0.21454716,0.012273441,0.97215754,0.59133184,0.5615674,0.5994821,1.2570518,0.013356407,0.007007027,0.565361,0.7078276,1.4090807,0.002446832,1.7347921,0.45222262,0.25967234,1.3328089,0.49344984,0.20124424,0.39911282,0.8437032,0.11899778,1.4579911,1.579367,6.2333835e-05,1.1059282,0.2914907,0.12767719,0.4333882,0.27802083,0.1559017,0.5460129,1.5950688,2.1577718,0.47700152,0.1164011,0.17383477,0.53063506,0.15235145,0.32080033,0.16301829,0.56988806,1.2656918,0.63796604,0.41411483,0.06360449,1.2518307,0.6266478,0.09011685,0.39289185,3.2281008,0.4947751,1.0364623,0.5602729,0.033351593,2.0677798,0.8838345,0.08099745,0.3497516,0.13216925,0.24623658,0.018079247,0.31118682,0.19264291,1.8445661,0.78598994,0.23086688,0.40977478,2.7452326,0.15154687,0.51534456,0.28427747,0.0848051,0.019853538,0.45747772,0.32256463,1.0984942,0.3698513,1.2522182,0.50555295,0.15171826,0.9026647,0.3443547,1.5364686,0.19680016,1.9828233,1.1710714,1.0377212,1.8875681,0.1570623,0.68559235,0.7677267,1.3246739,1.8500621,0.5328605,0.4097203,0.10475502,0.22684886,0.08592714,0.59044075,0.84546995,0.29047248,0.8640481,0.13567305,0.23311786,1.214443,0.34288394,0.37272924,0.7053106,0.13142182,0.47685692,0.6052924,1.2449365,0.09798096,0.34417966,0.20808814,0.26373044,1.07129,1.1362222,0.54653174,0.06507975,1.1978045,0.3990828,2.2756798,0.3677502,0.30553758,0.7714649,1.3110197,0.5094457,0.36257654,1.0632719,0.53551435,0.023968292,0.87690336,0.4874217,1.4360794,2.9641428,0.09452896,0.19894126,0.0049658585,0.2379784,0.6462813,0.23345512,0.9028611,0.1775587,0.21359038,0.012272974,0.092941195,1.4164734,1.8576438,1.1959609,0.19336048,0.19985849,0.52038115,0.48896718,1.9568874,0.9583067,0.15642212,0.6115677,0.40672994,0.95662814,0.62201273,0.019402003,1.7247152,0.81474954,0.95877886,0.5426426,0.2188527,3.899232,0.16087867,0.22989152,0.85140085,0.6339701,0.75868183,1.2100011,0.94299346,0.7144069,0.49767953,0.43168944,0.83136076,1.1392283,1.5865042,1.593707,0.98651963,0.29210356,0.9906735,0.09090767,1.1315919,0.421321,1.7032903,2.0210342,0.9377239,0.14668287,0.85712564,1.6125084,0.5839003,1.6021348,0.014281613,0.36052504,0.6636333,0.25490952,1.0720924,0.2627608,2.7209468,0.2733872,0.0654557,0.260414,0.8392929,0.3736332,0.025395544,0.49298507,0.71154755,0.16242975,2.1098819,0.01192391,0.61922663,2.71926,0.6974417,0.1745794,0.5522487,0.5555398,0.5625929,0.6744165,1.2799398,0.008057142,0.3478338,2.4829447,0.2800571,0.35906819,0.5382286,0.37977332,1.0608476,0.2593275,0.28171486,0.19293706,0.6750341,0.0,0.46830475,0.16306803,1.1321537,0.17718697,0.98304147,1.4437246,0.03277374,0.72556555,0.1646431,0.5759198,1.011393,0.30077583,1.507915,0.4102817,1.0610338,0.432731,1.4391861,0.27950996,3.2084224,0.44979188,0.07098649,1.002325,0.6105056,0.9865402,0.45146498,0.16450544,0.54311323,0.26328155,0.09177634,0.5464472,0.37233606,0.42964327,0.12938862,1.5569484,6.2356105,0.5416574,0.47591034,1.6084561,0.8148847,0.46672478,0.80167437,0.0820308,4.421309,1.3174433,0.51335573,2.0565479,0.087315746,1.031857,0.6690397,0.13442646,0.5852511,0.5450909,0.50287753,0.09813077,0.7177705,0.5431438,0.9298854,0.28255752,0.608006,0.29716605,2.801294,0.26165202,0.004228528,0.27801797,0.3258032,0.65825915,2.1623194,1.1625369,1.056465,0.8171701,0.72100675,1.2617996,0.75789624,0.06428716,0.76919997,0.14020792,1.114286,0.0412831,0.0745946,0.03635856,0.62521935,0.67038596,1.1037091,0.28314227,0.5289558,0.22313355,0.586721,0.5449703,0.6323697,0.4727346,1.098853,0.1077329,1.1949658,0.44087243,0.023180757,0.6773277,0.65279466,0.1784898,0.54234606,0.08840275,0.5756483,0.06850229,0.7207664,1.4175926,0.6965755,0.38178793,0.8324028,0.0,0.016769882,0.44708025,0.73470026,0.37240663,0.92981935,0.5717512,3.011018,1.5424384,1.4766929,0.4733939,0.6078083,1.5487894,4.0267224,0.6227626,2.0055594,0.96320856,0.052440662,0.02689198,0.59212905,0.7611221,0.1354457,0.23995668,1.434096,0.5356428,0.18515709,0.63733464,0.52815056,0.05790716,0.4467284,0.56561685,0.4727702,0.7927226,1.1524192,0.38857427,1.5429629,0.16001849,0.273371,0.24447869,0.9176883,1.3126166,0.48614097,0.016425986,2.382762,0.011777215,2.2627802,1.3883972,2.162305,0.11419239,1.2749804,0.34334302,0.39431995,0.5253003,2.65378,0.18359126,0.21610594,1.7434475,0.51117194,3.8099165,0.93036956,0.5461401,0.11635501,0.60781074,0.46172658,1.0121075,0.03431793,0.0415588,0.9275506,0.19597171,4.0894814,1.3851594,0.26986045,0.28690788,3.5895283,0.56709063,2.0886612,1.3373989,0.6605105,1.6448652,1.2617021,0.74798673,0.15509741,1.052419,1.9533315,0.118418455,0.107313864,0.21035318,1.0334072,0.5713736,1.2819196,0.5960043,0.24136709,0.46818584,0.3305116,0.0065348,1.3830563,0.54930365,0.40028372,0.29260156,0.341221,0.6244351,2.0756683,0.8995977,0.52453613,1.4884893,0.96565294,0.13250124,0.037757754,0.23341721,0.45537084,0.36143696,0.72796273,0.07358199,1.021916,2.6013193,0.09968586,0.013679613,0.045341913,0.023755606,0.41010368,0.27153978,0.21494916,1.5680496,0.14747012,6.2165875,0.039091107,1.6369346,0.7751762,0.190543,0.049879868,0.48918605,0.53124183,0.0684933,0.38597628,0.27834702,all_pothole_images\pothole_images_2_image_474.jpg
1.0718777,2.8719707,1.2133939,1.1575168,0.30133614,0.44579703,0.4567913,0.009411384,0.19293906,0.57560474,0.08985942,0.32014063,0.5044375,0.1878946,0.3705923,0.9681202,0.5938563,0.091496274,0.59930724,0.30475485,0.5864082,1.4693974,1.3868965,0.87101793,0.68508667,0.28419003,0.02641325,2.0411613,0.0,1.6762278,0.33564508,0.005786957,0.2633184,0.5768855,1.2491913,0.1065376,0.9641609,0.507861,0.61096084,0.7359862,0.00077913573,0.005459746,0.1742911,0.09571519,2.2712207,0.72758466,0.3572713,0.0,0.28120065,1.4565461,0.46249714,0.08754927,0.5331258,0.45682982,0.0,1.9138047,0.19300424,0.23777036,0.63858134,0.39025715,0.11926478,0.1600819,0.358563,0.46534082,0.57000315,0.8573602,0.4910905,0.08696239,0.75120187,0.4441043,0.4798734,0.085237294,0.6046633,0.790742,0.2644247,1.2242888,0.11913918,1.3448265,0.022972098,0.2069774,0.68251806,0.047467843,0.18251446,0.094027266,1.7444336,0.5607144,0.03542216,0.24583443,4.5389752,0.8554933,0.11006293,0.15637948,1.3914194,0.35753533,0.1656765,0.35132715,0.5915739,1.1797787,0.03537875,0.5484158,0.19934845,1.5779043,0.3245991,0.18808347,0.25249347,0.0,0.51842964,0.69275826,0.10308947,0.5303623,0.5783031,1.1189728,1.8737874,1.3589805,0.15939616,1.6637421,0.6612636,0.15059556,1.8799793,0.42908865,0.3184485,0.23698038,0.4452721,0.6019516,0.6122821,1.6281298,1.1381997,1.5742072,0.300892,0.7452014,0.10244968,0.08478997,0.5930385,0.17838532,0.3464675,0.52820116,0.09557931,1.0246915,0.27791026,0.002491607,0.6581721,0.09445172,0.2323722,0.29928985,0.47564635,1.7051938,0.061143767,0.10921729,0.0,1.7246702,0.42789724,0.40285635,0.2613492,0.044358924,0.8372494,0.30843443,1.386619,0.025164176,0.547778,1.4750941,0.70340955,2.957074,0.22454582,1.5521876,0.123540096,1.2642572,1.8008786,0.031484112,3.039446,0.73939484,0.38776562,0.0431314,0.2170329,0.0025205682,1.3085293,0.035564095,0.45598394,0.19240521,0.4227558,0.65986407,0.22935005,1.1171597,0.65367967,1.3549832,3.6258547,0.22229643,0.13964176,0.6551974,0.8705366,0.6564256,0.04089178,1.2255691,0.0327122,1.4879725,0.65226835,0.34169888,1.5150739,0.57419187,0.564747,1.3161308,0.49232933,0.35256258,0.0,0.67616224,0.40459356,1.2351834,0.22296184,0.658955,2.0052323,0.3586562,0.43981075,0.12935679,0.0972634,0.7256986,1.749848,1.2485096,0.16534261,0.20935726,0.13572676,0.1296586,0.3330785,0.10760648,0.20537011,0.36660755,0.0022578044,0.48669708,0.38634044,0.6801715,0.6619832,0.06520279,0.0026643914,0.4146004,0.1889058,0.9279162,0.48505127,0.22522719,2.0485015,0.14297135,0.06618971,0.56245744,0.3552133,0.094813935,0.06484823,0.023961082,0.64427626,0.0081694,0.6638469,0.4292146,0.37611565,3.4313192,0.48213476,0.39796895,0.5943653,0.0071772384,0.41025203,0.1014338,0.4434015,0.3329501,0.54026884,2.2585926,0.07204677,0.10485382,0.35622764,0.37573802,0.12588121,0.40449104,0.65920013,0.5431465,0.7356331,0.113295786,1.0342895,0.083045974,0.20072988,1.2151186,0.66722053,1.0638945,0.11087301,0.30920532,0.10429461,0.77719724,0.051358957,0.2853425,0.5719533,1.0792106,0.9649596,0.16824117,0.08333187,0.53000903,0.6070939,0.4522396,0.11808962,0.56759506,0.042815216,1.5892344,0.16945854,0.062611036,0.13416915,0.9595909,0.61817306,0.8189528,0.4200845,0.24085537,0.81278294,0.5996704,4.914859,0.7705709,0.13287953,0.47636482,0.569823,0.9249156,0.0834761,0.52923673,5.468987,2.9326255,0.12291455,1.0228441,0.40934908,1.8517561,1.6940157,0.112331614,0.9516002,0.0923343,0.39321524,0.21182267,0.8074812,0.95662636,0.15710242,0.10840427,1.9146625,0.13804434,4.798297,0.13255808,0.018532807,0.026161203,0.38302284,0.035160817,0.23243436,0.0,0.6055869,0.5360321,1.0733768,0.060193278,2.1258707,0.525336,0.51669294,0.5279335,0.3671959,0.13596237,0.43457848,1.3369061,0.22268182,1.1057316,0.18912192,0.009084372,0.09913378,0.2690208,0.110873744,1.5033015,0.6408096,1.0670799,0.35781428,0.45389494,0.6410191,0.4765468,0.04707362,0.79977196,0.46313947,0.22150412,0.05039493,0.06951255,0.045564923,0.34231147,0.28527874,0.103028975,0.58482486,0.6928865,0.3875531,0.3462879,1.188641,1.3353503,0.48198372,0.13111973,1.0269697,0.58488065,2.8307567,1.5147308,1.6086376,0.9100368,0.33221298,2.3613884,0.2664965,0.828673,0.007407231,0.13092366,0.0,0.108653784,0.54486746,0.72963905,0.022763407,1.1356864,1.5174302,1.2451444,0.3373752,0.278032,0.14604558,0.030291056,0.06479347,0.43189144,0.25782692,0.8241801,1.0996853,0.19852792,0.13907161,0.7604666,0.02971146,1.4062492,1.2249343,0.44622716,1.0351975,0.39012593,1.2038045,0.7441612,0.8610775,0.059676047,2.75886,0.5399481,1.1542305,1.3939409,0.7096344,0.536988,1.4156384,0.098591216,0.7706075,0.45214194,0.17824404,2.4935179,1.1798605,0.068716444,0.29374796,0.8891506,0.982733,0.6240825,0.77345103,0.15553483,0.13812813,0.2590508,1.470965,0.79720473,0.9951154,1.4127792,0.6472921,0.20360647,0.79012555,0.7434449,1.1158832,0.9328252,0.8047722,0.83513224,0.72650576,1.1994054,0.948401,0.34151793,1.5494244,0.42094398,0.2534606,0.9044564,0.71119916,0.24564707,1.1079068,0.23454344,1.2277359,0.11541495,0.29755944,0.20396505,2.6255634,0.08855881,0.3867217,0.39569873,0.064903624,0.9082578,0.21124119,2.528241,0.36837208,0.1060627,0.011596001,0.0,0.38408637,0.28347433,0.21063769,0.19361371,0.28745225,1.7502631,0.48939177,0.40891328,0.1551475,0.020446451,0.3145626,0.09615399,0.96377647,0.011654508,0.42598614,4.2875466,0.12111092,0.35154113,1.1254274,1.9349315,0.48674533,1.0057569,1.1414039,1.125328,0.09650691,0.9354131,all_pothole_images\pothole_images_2_image_475.jpg
1.3934957,0.5686565,0.16020054,1.6718497,0.5084529,0.0641577,0.07523121,0.43285152,0.15819912,0.5549752,0.38650155,0.22949094,0.109022215,1.1786661,0.031783048,0.43449402,0.028103368,1.0779283,0.92022145,0.0007136909,0.82801586,2.5783775,0.051867604,0.40948212,2.0370984,1.3079973,0.62174755,2.5715485,0.31893197,0.103262156,0.64746654,0.5265597,0.14704716,0.30549327,0.21591339,0.77784073,0.07383086,1.1309325,0.6097291,0.84713525,0.026143435,0.16749464,0.11897173,0.6524321,0.5332106,0.5256411,0.005146472,0.07190771,0.89777964,0.6521582,0.5294182,1.312564,0.5276457,0.18969879,0.11372948,0.9335079,0.9589208,0.4144314,0.019012228,0.0656556,0.101390675,0.43267238,0.58302015,0.07838839,0.8955008,2.5601807,0.19814666,0.06428791,1.0307196,0.1387907,1.0903611,0.38789928,0.073064186,0.10266435,0.2846345,0.3423316,0.27704346,0.40934995,0.18831486,0.63889503,0.04301039,0.07175294,0.32985866,1.839461,0.33294886,0.19697279,0.77594286,0.11906199,2.4766488,0.026678463,0.055031452,0.39449385,0.18405591,0.21698955,0.050486263,0.030449433,2.3530798,0.5750572,0.8621909,0.7651086,0.5106698,0.9736196,0.12420168,0.09382555,0.5170738,0.27038807,0.24571611,0.26065716,0.3348061,0.11810233,0.02500469,0.798563,0.18804845,0.047055643,1.0476007,0.09345854,0.7866262,0.47135186,0.29119304,0.8707513,2.2366338,0.3523077,0.35378203,0.6153465,1.2200574,0.45995694,0.24989052,0.6196312,0.5512882,0.39892563,0.3070247,0.01075507,0.09580381,0.01045096,0.49740195,0.14881085,0.65324575,0.8873964,0.4624494,0.36262184,0.18739888,0.5501968,0.1810071,0.30200005,0.39753112,0.416155,0.37063465,0.26135686,0.2356476,0.08208641,0.62127256,0.4286831,0.15553916,0.79823303,1.1818557,0.21448085,0.32757723,0.568955,1.0447537,0.5711721,2.1021554,0.7740036,0.7267037,1.1785642,1.0168365,0.46208602,0.6028176,0.34558773,1.736664,0.76800627,0.20547767,0.27256075,0.00059730274,0.027480613,0.6855802,0.03910224,0.4143271,0.07175747,0.17389923,0.0077736247,0.1326116,2.1542828,2.4872253,1.3328396,1.0086875,1.1682683,0.65085244,0.33911672,0.0824777,0.9911326,0.101648994,0.0070146383,0.21763581,1.3508434,0.6008782,0.13761485,1.0733999,0.29731157,0.35301328,1.1348149,0.68537015,0.5244771,2.3026693,1.0041018,0.5662885,0.05744036,0.2755615,1.0179417,0.19551039,1.275418,0.011295319,0.28302294,1.9160931,0.6268706,0.64338666,1.9892814,0.38302168,0.11986289,1.2057428,0.6672425,0.82172394,0.43697473,0.9704367,0.18755876,0.30130515,0.6041362,1.2989554,1.0683072,0.14210965,0.96249443,0.26635823,0.7568889,0.14885986,0.58783513,0.17370224,0.050802983,1.4942245,0.1700289,0.2580294,0.522393,0.11546367,0.41710204,0.20976241,0.8403904,0.3200812,0.07120949,0.49064457,0.9509847,0.34574586,3.1357803,3.865886,0.17952576,0.27629834,0.24812205,0.38373315,0.6613478,0.5038091,0.5137141,0.51399577,2.1195226,0.27163905,0.038243704,1.5587394,0.120520405,0.5098133,1.4936845,0.14399834,0.0,1.1577519,0.3346665,0.11277841,0.018508915,0.3811896,0.15075569,0.62681717,0.83393437,1.0891368,0.5013265,0.1548287,1.0612632,1.4038519,0.111056365,0.025120724,0.6569817,0.84351116,1.3506391,1.2505343,0.54447156,0.9028068,0.11985023,0.25022727,0.33443895,0.08988543,0.96886325,0.19995892,0.38519663,0.19872133,0.23606673,0.2270834,1.2911814,0.4874389,0.26993653,0.15554316,1.3330826,1.6562098,0.19187061,0.17187859,1.2341552,0.0058293142,0.31416562,1.5522557,1.7893429,0.71524453,0.45589453,0.5343962,0.36319637,0.018326338,1.0645543,0.5882504,0.7565283,0.04000893,0.09013434,0.29647452,0.65392846,0.60218865,0.9744255,0.15433127,0.034435652,0.42743185,0.912213,0.77363414,0.29156455,0.3967591,0.06788889,0.88196206,0.4262978,2.4010284,0.67138684,0.26125607,0.37589023,0.45232126,0.12950504,1.5340205,0.5519657,0.5178033,0.015062206,0.18540035,0.6928206,0.3296634,0.62479556,0.53878236,0.5204062,0.33358788,0.7862719,0.3505244,0.37336603,0.4196096,2.3360648,0.9016762,0.89716494,0.17070022,0.5699374,1.1926936,0.3007541,0.051175825,0.0,3.0131269,0.51706046,0.30631664,0.29688835,2.6117046,0.5219404,0.2667399,0.6416987,0.022033362,0.4540656,0.048258692,0.02842041,0.25591603,0.034697257,0.5380048,0.022995647,0.5466238,1.4188105,3.1358662,0.9471449,0.53487855,0.090421736,0.048085276,2.4620278,1.8987315,0.8974522,0.38560107,0.83395183,0.29649696,0.36832654,1.1575912,0.27737322,1.0302342,0.026949584,2.3997338,0.5550116,0.2988794,1.0960152,0.87183255,0.10986949,0.37015587,1.302896,0.17371523,0.042936474,1.1383669,0.4651341,0.76029545,0.5709448,0.02771148,0.03371465,0.17278469,0.2350464,0.17067434,0.0,2.5478897,0.11503483,0.37164614,0.7755586,1.1997703,0.09111856,0.60515237,0.25993165,0.002252844,1.1864618,0.011250271,0.9677076,0.15471472,0.4587236,1.3131654,3.8657856,0.7162561,0.6724928,0.049666647,0.12603703,1.2557011,0.85368794,0.111519925,0.4123782,0.33451492,0.007282626,0.572105,0.76643294,0.0462639,0.99733096,0.8292588,0.60639507,0.26146603,0.50308263,0.94839567,1.7838736,0.24102047,0.45807007,0.4231397,0.88559955,0.8318167,0.22774114,0.94660074,0.02429943,0.12015301,0.24680796,0.56195754,0.032726597,1.4687058,0.083415456,0.4636439,0.4824564,0.55782455,0.116863415,0.36325875,0.6558707,0.33860645,0.16826843,0.74095947,0.12865238,0.6035797,2.1717818,0.34008038,0.3613022,0.01352335,0.41152346,0.68720436,0.06613973,1.162265,0.39308903,0.1905784,1.3328468,0.09953677,0.026919907,0.16748676,0.028427409,0.028179634,0.3305263,0.06567487,0.33686605,0.1000944,3.5935724,0.2728491,0.13302033,0.5424848,0.13007037,0.14171328,0.5779533,0.03646193,1.359647,0.1410997,0.3479185,all_pothole_images\pothole_images_2_image_476.jpg
0.5446468,0.2873989,0.31030756,1.8429489,0.3028808,0.28829676,0.7760664,0.24473235,0.29715768,0.8681893,0.06105263,0.057856932,1.3139968,1.9714249,0.038124073,0.057773817,0.7231301,1.3411719,1.8001775,0.65875065,0.74763465,2.966144,0.13231036,1.2532719,0.2695166,0.9758568,0.14133745,0.93018353,0.018293833,0.44577935,0.77671534,0.32735246,1.0272675,0.2973356,0.048752356,1.5200095,0.25919607,0.5432366,0.3744141,0.3818989,0.60193986,0.28120267,0.70409346,0.5998993,0.38295075,0.08663035,0.62999064,0.009733243,1.6384766,2.346414,0.9671509,0.13481346,1.0313853,0.35688275,1.1411736,1.2634926,2.8198571,0.29581898,1.1457872,0.33926204,1.5217748,0.30664966,0.6136807,0.46215937,0.55603075,3.5096257,0.21800916,0.14460728,0.90388435,0.20145237,0.01582853,0.16445269,0.25771037,0.22793522,1.8867208,0.826967,0.037402898,1.0551904,1.3690716,0.282742,0.1196406,0.018541638,0.75304985,1.4893981,0.1453559,0.3717104,0.4048813,0.56209064,1.7768028,0.48889354,1.2644037,0.71998876,0.00042807488,0.05951303,0.22112277,0.071387716,0.90053546,0.9068172,0.7521803,0.15061423,0.33638337,2.817367,1.1503692,0.013130659,0.43138728,0.8100131,0.46722427,0.27183595,0.21999006,0.28198373,0.07570672,4.70674,0.09540877,0.5922404,0.5805066,0.043713238,2.5456145,1.4939972,4.649296,1.4209652,2.1854517,1.3208249,0.24276425,1.4193461,0.4683684,0.81916183,0.16435751,1.3625063,0.43180433,0.02226948,0.7734769,0.0,0.15295304,0.08012821,0.006989296,0.39344603,0.3072916,0.35828656,0.65705156,0.45397127,0.0568604,2.168781,0.18017,1.0313697,0.0028864492,0.8107409,0.0774776,0.6874654,0.90664655,0.07917573,0.33906668,0.18160936,0.006650786,0.30066222,2.8446226,0.6524671,0.9426685,1.3352484,0.061170753,0.37159646,2.8188906,1.9877806,0.19404182,4.38338,0.18289235,1.1969507,0.26108912,0.22378759,1.2497774,2.540363,0.29040343,0.019697215,0.0930133,0.7581899,1.8947393,0.108271,0.110759415,0.5538247,0.604653,0.51466614,0.38090724,2.5510283,1.522231,1.835365,0.9722701,1.0433797,0.78141075,0.8982895,1.4720284,2.6266403,0.0025750732,1.6877332,0.03805817,2.711564,0.24483657,0.744469,2.5172157,1.9589764,0.7279694,0.94896173,0.02830984,1.357984,0.6896922,1.1987287,1.8937742,0.0,0.38892278,0.09933228,0.41630432,0.38837066,0.13883588,0.0,1.6754925,1.4526201,1.1130327,1.3523271,0.17647317,0.24668789,2.0514052,0.08419668,0.025824456,1.4313362,0.059162196,2.4798381,0.034648605,0.05153224,3.4916773,2.1322346,0.10048615,0.7113743,0.25271574,0.046928737,2.3059468,0.44326875,1.0573672,0.46278992,1.3115499,0.27763975,0.23937947,0.08586761,0.5232948,0.64970523,0.08910213,0.7227075,0.08644521,0.033940367,1.1063261,0.7079041,0.7780355,3.1086452,4.5295286,0.6386663,1.8603991,0.66873676,0.115806326,0.59207237,0.33042288,1.2735049,0.7309904,0.47345015,0.06979778,0.17068964,0.14854388,1.8816906,0.44029757,2.360613,0.27877477,0.0017508101,0.21231623,0.8069584,0.24424928,0.33821702,0.0048972815,1.004835,2.3555982,2.5514092,1.2376844,0.62613255,1.7475647,1.0802451,0.073217206,0.01769181,0.8617303,0.020084636,0.6189156,1.5836458,2.1272795,0.4083995,1.6874827,0.19843899,0.20529947,0.39127582,0.9374039,0.7067391,0.24466518,0.19968913,0.47240093,2.4316595,1.4275558,0.043473132,0.6618081,1.6439471,0.32173222,0.7340871,2.9079995,0.0062758946,0.99904495,1.9114835,0.92624193,0.60392565,1.6840353,1.0703148,2.5564594,1.9799124,0.05158583,0.5896704,0.05619156,0.07990528,2.181497,0.0917786,0.6526227,0.00043937707,0.34323528,0.6044613,0.81914914,0.19341628,0.24923435,0.0,0.0038211301,0.24200174,0.47557425,1.1835307,0.01046594,0.0787192,0.23048061,0.47605297,0.20135818,0.15047738,0.1352787,0.17617086,0.2592126,0.8259387,2.5063155,0.6112409,1.0556413,0.005530056,0.00014742643,0.22404253,0.91080195,1.2841415,0.11643836,1.9215318,0.14700806,0.21667425,0.15280846,0.56434137,0.0,1.0295994,2.8769646,1.0841517,0.0,0.42229328,1.4331245,0.0044453857,0.007897583,1.389859,2.0389438,1.3689191,0.220879,1.5961086,2.7650595,0.52680635,1.8062172,0.023008103,1.362438,0.9654481,0.0027337964,0.08036137,0.38256252,0.6324609,0.08191183,0.29771653,0.5751812,2.10407,2.1199956,1.8759956,0.45864093,0.0,0.04953646,0.42404816,0.8756317,4.3052025,1.92396,0.22525418,0.0806733,0.27664265,1.2121205,1.1755239,0.64206105,0.10600711,3.6117578,2.1106923,0.43810552,0.94612616,0.9811141,0.017559098,0.11353876,1.3881857,0.012201411,0.11360189,0.3638495,0.63250005,2.0484734,0.17897098,0.01409878,0.0024373739,0.43334827,0.13203138,0.57954943,0.79504,2.226566,0.45136014,0.4428177,2.948928,2.211661,0.06454882,0.4962345,0.63371325,0.11342158,3.1239781,0.25147015,0.3307381,0.3235473,0.62059695,0.7249456,5.08378,0.9356006,2.0153263,0.8239561,0.42301637,0.58600235,0.6348246,0.16874745,0.5339522,0.24281096,0.33743802,0.71707714,0.8240333,0.28411564,1.3020662,2.9496245,0.65093076,0.014929078,0.7129153,1.7598089,1.7383069,0.3116714,1.1161642,0.2546084,2.1632943,0.8924236,0.021467647,2.6726942,0.60300297,0.6708548,2.137949,0.68876165,0.3707483,0.54801124,0.57668597,0.4262984,2.3689263,0.14557295,0.923094,1.0626338,1.0234625,0.07831449,2.441629,0.822022,0.0121414475,0.739129,6.104092,0.43864992,0.032226797,8.500595e-05,1.448987,0.8794819,0.0,2.3102074,0.0021692652,0.1809762,0.6869068,0.31788737,0.0341559,0.0014195315,0.04254454,1.8651489,1.0158459,0.23163655,1.5727749,0.066929005,5.025067,1.7141945,0.34281826,0.5327719,0.63025635,0.14346859,0.5989769,0.22150424,0.38804388,1.2927808,0.05081634,all_pothole_images\pothole_images_2_image_477.jpg
1.7163335,0.5844361,0.075472176,1.2915713,1.2435458,1.6043804,0.40807,0.02990126,0.46234626,0.08580047,0.7387075,0.12655216,0.75137734,0.40248713,0.20595336,0.15443963,0.14289697,0.34397125,0.17712538,0.0020330166,0.33307183,2.6675274,0.6382101,0.0,0.23303401,0.9938273,0.1477054,2.1094394,0.14515282,0.22978087,1.3428528,0.7491896,1.0705898,0.54197526,0.047395747,1.4563253,0.007495626,0.52259856,0.6392932,0.5074402,0.18212897,0.02534234,0.29933983,0.31874162,0.05556575,0.20524426,0.20098121,0.37532532,0.6739985,1.6310048,0.48485315,0.36147684,0.17975122,0.060949683,0.11884026,1.3621595,1.6167989,0.13773625,0.32287845,0.08025026,0.01627772,0.21466364,0.5637806,0.114495315,0.67780924,1.6736475,0.18888159,0.03786521,2.3725188,0.042240236,0.18427157,0.02119818,0.44413158,0.60537565,0.34362313,0.571565,0.09853345,1.6121312,1.0630488,0.33606696,0.1940672,0.16729684,1.078289,0.64841557,0.95087826,0.46288165,0.6502993,0.19753306,2.7787762,0.57660556,0.93710434,0.14384943,0.0,0.559595,0.15368538,0.07117252,2.1377506,0.38175395,0.45012453,0.9092151,0.03855727,1.1978967,0.32299373,0.5487358,0.26826897,0.10661573,0.18539093,0.28493187,0.067283265,0.13321619,0.0,1.6378572,0.60228974,0.92728704,0.049519707,0.8602206,4.107144,1.1024612,1.2170084,2.37565,2.2000854,0.27331394,0.474819,0.91988903,0.15699776,0.91742814,0.39908463,1.676821,1.0348281,0.06304207,0.35910282,0.041543853,0.17177741,0.050390974,0.08690174,1.246511,0.22966143,1.9140759,0.53018475,0.7159471,0.4462647,0.13950185,0.011085006,0.85618246,0.006430201,0.20643876,0.18272209,1.7764982,0.66817105,0.031517353,0.58442307,0.3186899,0.32270995,0.7229025,1.3481493,0.9732535,0.72175837,0.0029934545,1.2817237,0.08092051,1.7924724,1.586162,0.009733057,0.9190499,0.020656958,1.407306,0.3210405,0.023774698,2.283673,0.16906305,0.030679166,0.051361326,0.0057773395,0.16491604,1.5051969,0.00061594293,0.33980235,0.10913001,0.085190535,0.062291224,0.04288987,1.3472005,1.7271984,1.6652777,1.7940267,1.2323357,0.4527138,1.4656619,0.8071065,0.17689815,0.0,0.5107836,0.03298175,2.037578,0.41556627,0.26639485,1.6532602,1.0627596,0.5340379,0.60359687,0.16520044,2.6438346,1.233135,1.4670726,2.1557071,0.29573137,0.26388323,0.59635645,1.2926272,0.3703851,0.014907002,0.0,0.86047846,0.32457465,1.4496014,0.9405463,0.6556264,0.1817795,0.49890408,0.14928712,0.15619089,0.6794714,0.22409059,1.1606466,0.10972942,0.3324153,3.6514878,0.001079739,0.3012057,0.06753884,0.057132546,0.16547787,0.25499094,0.31929556,0.12918024,0.9948727,4.085832,0.025375921,0.24153106,0.5100118,0.5303688,0.7766793,0.30547822,0.10685186,0.069609664,0.06305575,0.17667879,0.5480527,0.60859674,3.1907794,2.7301486,0.39621618,1.149644,0.6743422,0.07957338,0.040516928,0.13496284,0.43899488,0.19254906,0.916657,0.13361244,0.24493374,0.14888117,1.3432271,0.41260788,1.0824984,0.25139254,0.49760884,0.4919569,0.3974021,0.0084772585,0.17030302,0.0,0.4392772,1.540593,0.95854735,1.3139002,0.37333634,0.3653707,0.87644047,0.355822,0.45998406,0.0423749,0.69880044,0.31680158,1.2004799,0.5616799,0.22025512,1.0422567,1.2673763,0.32691753,0.7165767,0.4386049,0.9711324,0.0061053676,0.17902857,0.045993056,1.1968141,1.0848156,0.039166927,0.045802824,1.2499002,0.088484265,0.6300123,4.313637,1.4438467,0.2939683,0.38630602,0.0,0.55280125,0.82424754,1.0205009,2.1446118,0.9033148,0.064779244,0.5969828,0.18021159,0.40388831,1.4707687,0.039505947,0.6028161,0.06227273,0.047806054,0.14954725,0.3280159,0.069815874,0.9493157,0.48361236,0.17218952,0.19211109,3.2413442,1.1990838,0.0,0.03680413,0.0018745041,0.60278547,0.7021152,0.20215623,0.39604327,0.5253987,0.54958314,0.12798613,2.6119184,0.80230296,0.36894792,0.26217014,0.23321477,0.50975966,0.62607384,0.41596976,0.5628,2.7191746,0.57813716,0.32735097,0.10876667,0.7420753,0.567838,0.8946175,1.1032643,1.6653148,0.021426648,0.10491836,1.405308,0.13112044,0.48004687,0.7089455,2.867487,0.4400131,0.21163912,0.26123685,2.0991552,0.15194419,0.47547874,0.01357622,1.0920216,0.0014298583,0.04378039,0.2063939,0.9056152,0.2469902,0.611565,0.041345276,0.92185986,0.2615767,3.9790587,0.5399009,0.3802794,0.0,0.17964277,1.1720419,1.1023357,1.6644393,0.24152273,0.25338334,0.13899612,0.0039515384,0.17089356,0.18220612,0.035374597,0.21284504,3.279184,0.08326754,1.1565797,0.6576018,0.39423472,0.086675525,0.96865606,0.3923883,0.024572572,0.2608438,0.50511193,0.084252805,0.16180065,0.53619635,0.42256942,0.14740263,0.9059091,0.2564637,0.6816789,0.0017058726,2.5796492,0.26244217,0.80434823,1.6605769,0.89447606,0.1165624,0.76620543,0.6948639,0.12730594,1.4279726,0.18496224,0.5980902,0.97351724,1.3949169,0.3217893,5.0204587,1.0877898,0.55069846,0.0062077097,0.80857474,0.002622709,0.7469176,0.48190323,1.1168469,0.5959782,0.0033461736,0.5508457,0.16883945,0.115421206,0.45965934,1.5321835,0.82907283,0.16520417,1.4680122,0.7651898,1.5530025,0.8005606,0.6055365,0.7867388,2.3720067,0.53990334,1.0654066,2.0244372,0.048798073,0.90493476,0.6499874,0.87376684,0.09149216,0.17144403,0.235424,0.30096185,0.18955745,0.6369085,0.28035036,0.9992814,0.2849472,0.32809982,1.9134802,0.4260454,0.42641553,0.024630995,5.6265297,0.5619864,0.030570539,0.012507063,0.7651448,0.51987237,0.40255147,1.365534,0.24217348,0.20529047,0.39539063,0.1281985,0.67838365,0.60448307,0.08828741,0.04648839,0.2866997,0.03566405,0.019210532,0.0,6.0611806,0.24998006,0.15578032,1.3911564,0.40130478,0.6321153,0.17673893,0.67685306,1.5909841,0.74381423,0.6415927,all_pothole_images\pothole_images_2_image_478.jpg
0.29508215,1.7298932,0.983073,0.5081464,0.0,0.173869,1.3589933,0.44285443,1.0665935,2.8280315,1.5385988,1.7058554,1.507835,1.7783196,0.36404917,0.13436712,0.27146924,0.20384578,1.2009755,4.3600307,0.1287568,1.3582636,0.39714536,0.6709776,0.6221502,2.846341,0.5770051,1.198523,0.5328547,0.065153405,0.5235565,1.0762228,0.16152237,0.47006154,2.2062798,1.9878349,0.20677757,1.0724128,0.28952515,0.4423371,0.78443,1.3613843,0.90350956,0.4820633,0.8615401,2.5977707,0.9754507,0.12713829,0.9802363,0.9680731,0.7715928,0.17534468,0.62275666,1.6911334,1.5646322,0.17673862,1.28035,0.8537694,1.5195234,0.79124254,1.119332,0.035559837,1.5150661,0.79100084,1.2139071,2.0386486,0.6171258,1.7393972,0.40820566,0.2770039,0.3651221,1.0088913,0.0019743359,0.6142841,0.23232226,1.1678901,0.05466281,0.83406615,1.1993023,0.6029579,1.3310872,0.43731937,0.8933826,2.1770093,0.5909796,0.552736,0.44702777,0.0633004,0.91321665,0.4510216,0.27801195,1.2731949,0.54763216,1.6986028,0.048072677,1.0853447,0.44701666,1.5278794,0.20212977,2.126368,0.5602342,2.3162973,0.11746151,0.7204966,0.9835893,3.3625817,0.046703514,2.6346018,0.7537263,0.06208321,0.508706,1.3195899,0.15632816,0.7496915,1.3523189,1.1350895,3.9999452,1.3952202,1.0669631,0.12280283,0.8828342,0.969145,4.7308035,3.8196967,1.6328344,0.48597223,0.652232,0.46377182,1.963536,0.08609709,4.633202,0.4422482,0.32712314,1.8917068,0.2866483,0.68652415,0.53885394,0.087779336,4.649578,1.8796707,1.7562209,1.0590093,0.7491934,0.14816882,0.27124366,0.32497877,2.5294824,0.28085962,0.18413983,0.2852833,0.6221851,0.2396681,0.07216636,0.18173315,0.9905778,0.46885657,1.9511192,1.2032729,1.9725326,0.0028879049,2.709878,1.1944867,0.09165943,2.098895,0.0,0.18208748,0.94619703,1.530838,1.3477855,2.878313,1.184985,0.403878,0.40280074,1.4488769,0.6122632,3.52556,0.4318412,0.6332401,1.029082,2.9158418,1.914249,0.057278253,1.3789706,4.07452,0.8885647,1.469919,2.890032,0.8751977,0.5640095,2.27858,0.23419069,1.5078872,0.11412004,4.489578,1.613469,0.994294,1.1387885,1.048736,0.5304983,0.3556601,2.1396194,0.14082152,1.3151581,0.00039420056,0.8568184,0.21640219,1.0792888,0.239132,0.48735115,1.4805197,0.5230546,0.28088188,1.2525723,0.44434333,1.4362253,1.386052,0.08326897,0.379647,2.493906,0.01749683,0.9340403,1.0580024,0.28835586,0.57245934,0.010232047,1.5732963,2.9570692,0.29147962,0.22257051,0.69177073,0.8251435,0.11405033,2.1788223,0.5459834,0.032086607,0.35731977,0.83268976,0.24061906,0.93053216,0.9181282,0.0,0.09707768,0.11825133,1.3308061,0.9546955,0.48866582,0.84336776,1.1222798,1.434375,0.61756426,1.9416718,0.5958002,1.1348675,1.0758091,1.27659,0.064695045,0.55159116,0.10100652,0.59749764,0.7512179,0.44643924,1.1006802,2.4788506,0.33376718,0.024116613,1.1494673,0.72719,0.6971444,1.3699285,1.9566437,0.0,0.108092085,0.05868295,0.021250399,2.0884926,0.031150661,0.5370165,0.2510582,3.3285923,0.18782367,0.54530126,2.296278,0.41849747,1.8217125,0.7630321,0.2711322,0.6234808,0.99190956,2.702126,0.46502247,0.9318559,1.357719,0.029386627,0.42950565,0.15152584,0.0,2.7178235,0.44069648,0.6886145,0.44715363,0.19722922,2.3516183,3.2087111,0.48417702,1.1285273,0.17900042,0.82683873,0.053844612,0.42343932,0.5193832,0.1744614,1.1849166,1.6436265,2.406599,1.6420527,1.7958491,0.15664737,3.2302287,0.58112544,0.7869462,2.6329808,1.5375456,0.1287931,1.8573141,0.24196301,1.065579,0.9866031,3.044304,0.44849157,1.2399942,0.8502665,2.194919,0.910081,0.26737812,0.9669985,4.9456406,0.5026231,0.5185358,1.1287198,0.70279944,2.0805194,0.10646335,0.7074258,0.048451226,1.5018998,0.47241047,0.65645534,0.16340046,0.6176427,2.2165935,0.0,0.080268,0.47196102,0.66677827,0.5348103,1.2447536,0.3683065,3.630688,0.12803863,0.123389155,2.1682892,0.26764157,1.5951961,0.9277762,0.97616357,0.571826,1.178683,0.64251006,0.056747954,2.2765918,0.64018893,1.9888988,1.5479232,0.04653452,0.3801946,0.15135711,0.40827906,0.17738552,0.7437979,2.8599207,0.31044477,3.3394685,1.4556124,1.6728481,0.7194754,0.070640765,1.6275665,0.22713555,0.2408333,0.87996525,1.4245157,0.7584277,0.053272966,0.5917484,0.37593606,0.56126213,4.518551,1.1721427,0.7381171,0.5543944,2.3925304,0.7252279,0.1890975,0.68371034,0.47115847,0.5182052,2.5715172,0.090392224,0.49881798,0.4342125,0.5485222,0.71552944,0.40697455,0.8557814,0.050977673,0.8040639,0.07434515,3.2231917,0.22448772,0.47172457,0.5226071,0.08102264,0.4179371,2.3470223,0.80492693,0.5921108,0.725895,2.5260055,0.94785494,0.34161222,0.00017513182,1.8256129,0.24864063,1.763551,0.28482533,1.0366889,1.4492682,0.65520686,0.18675438,1.4212084,1.0665158,0.5674825,0.60245544,0.21517958,0.7384782,0.7064346,1.8900702,0.49250603,0.4578677,1.7413498,1.5648074,1.6203351,0.63625026,0.6897114,0.006774363,0.1503773,0.14747696,0.08575371,0.006053224,0.10650101,1.267399,1.1309885,0.50351626,1.0845566,1.0521346,2.5782444,0.39803025,0.70222455,2.6917348,0.34067068,0.031509444,0.814779,1.5073558,1.3265443,0.0,0.0,0.21893199,2.5678973,1.3364553,1.1241355,0.46115327,2.5723665,1.5437655,0.7847489,0.018006286,0.15795405,0.71654695,0.020953834,1.247012,0.529165,0.40807226,1.0559994,0.40083197,0.26011598,0.43575597,0.0,0.59054905,2.1471393,1.5944484,2.6713054,1.8723172,1.7107139,0.480406,1.2639776,0.3598107,0.37381268,0.58728534,0.84059405,0.04002889,1.0516793,0.28529146,2.2579956,all_pothole_images\pothole_images_2_image_479.jpg
0.076703675,0.4706842,2.568751,2.5273254,0.33901852,0.91430444,0.37831643,0.3933333,0.7808164,1.2619998,0.4438352,0.17690635,0.36561167,3.4527783,0.6247023,0.78139466,0.3957358,0.31364325,0.060276024,0.815756,1.1756817,1.2927822,0.23242646,2.9952497,1.01676,0.2673193,0.25488394,2.3693755,0.0,0.4916437,0.79848075,0.38680363,1.6162162,1.0132015,1.1497355,0.13298951,0.112848,0.9583268,0.29369828,0.38434187,1.1934571,1.6036161,1.6963537,1.3159497,1.0977017,0.022501845,0.62456524,7.90941e-05,0.27167097,0.57109094,2.3348596,0.19438028,0.815714,0.62230283,0.9679119,0.86148375,3.0810373,0.0,0.11537045,1.6621231,0.6681046,1.3556961,1.688416,2.7001212,1.0609852,0.9516618,0.6717697,0.0077389046,2.4248488,0.55663043,1.9566236,1.2454245,0.54219157,0.01571663,0.72631145,1.29616,0.19403665,0.95566964,0.7095418,0.74189615,0.108963184,2.519582,0.049830865,4.230554,0.20448628,1.2906898,0.24058174,0.4744112,1.0991693,0.6436412,0.0,0.34235507,0.7988394,3.758733,0.9601168,1.0702318,0.2236392,1.3170782,0.582918,0.7009128,1.0656832,0.5033007,0.4888671,0.18966319,0.57988286,0.17395808,0.5972479,0.20609365,0.031957787,0.2647399,2.3365245,2.1939445,0.64533865,0.4287723,1.2022555,0.31916708,0.9627509,0.11890671,1.04145,1.989624,4.251897,0.3209695,0.4764846,1.4809871,2.2941928,0.55148643,0.67115,0.8569621,0.3190073,1.1639373,1.3845072,0.043075893,1.5335736,0.3154696,3.5156953,0.9685512,2.3185668,0.5114096,1.4193039,0.29423565,0.56958973,2.1482005,1.6515168,1.2690353,0.45032072,0.0,1.7467452,0.21643323,0.8606012,0.16747858,0.27411655,2.174523,1.4075518,0.63089865,1.5158932,0.07744035,1.0717269,1.5069683,0.31178328,0.13682951,0.81255084,0.09212324,1.803415,3.4226592,0.33672783,1.6120982,0.8229707,0.40802065,0.88825756,0.970188,0.2836617,0.095568255,0.16564311,0.8063432,0.6080253,0.20098044,0.40648818,0.45962274,0.0609184,0.30334923,1.2134014,2.482168,0.6637762,3.250706,2.65965,3.8552134,0.3907911,0.030804675,0.1668292,2.5788777,0.1856012,3.765564,0.65056354,0.2390039,1.9439968,2.6976087,1.7876533,2.1157436,0.61411774,0.8777981,2.0111413,0.7658842,1.1790408,0.69429564,1.6172037,0.32194886,0.284714,0.6544933,1.073396,0.8096471,0.41015178,0.09182149,0.8082011,3.3179793,0.48436424,0.8292931,0.14349754,0.2673846,2.0620134,0.18198664,0.41632316,0.45793805,1.1577837,0.82022053,0.14035411,1.0805198,1.4605917,1.0001186,2.0118997,1.2804005,1.6197095,0.08869134,2.0120463,1.334735,0.8246564,0.032418344,0.068077475,0.07869714,0.16893935,1.3107988,0.83200336,2.0465658,0.5648198,1.3889946,1.0577992,0.022727363,2.6548038,0.5533315,0.11843218,3.1993942,1.7941141,0.23997098,0.16677389,0.18190025,0.53135175,0.09803563,0.051339235,0.073863566,0.581275,2.218687,1.239284,2.52329,0.5636783,0.13230762,0.6530451,0.18416153,0.086256735,0.50247395,0.7629585,0.98237544,0.95850635,1.0217657,1.5168226,0.24842672,1.082419,1.6457866,0.8291607,0.5308046,0.94832236,1.1510416,0.31233335,3.2996225,1.1131841,0.19094393,3.6035914,1.9270586,0.6544574,4.22746,0.43252194,0.27779222,0.0067052427,0.20684525,0.5254185,0.9527256,1.7528206,1.0603292,1.6102372,1.7287544,0.29672667,1.5584362,0.5700878,1.4049734,0.4233497,0.8545652,3.7707233,1.3916982,1.224414,0.13068892,0.82297117,0.33448455,0.108713314,0.11841568,4.4198184,0.62693775,0.029506814,0.6960199,0.89349496,0.43458125,1.6650004,0.952079,0.27605337,0.19544862,0.9309518,0.65736794,0.5646839,0.5626598,2.275964,1.5457402,0.4735506,0.75466365,1.2952805,0.50941885,0.05662723,1.3049698,2.828587,0.51761806,0.9788493,0.5559537,2.0014057,0.37655097,0.9717763,1.803769,2.7836895,0.4310705,0.9253352,0.022537958,1.3333589,0.99861765,1.7727748,2.2934682,0.38295034,0.30558783,0.38392797,0.6628491,2.3061547,2.1958613,0.23689292,1.4917283,1.2793055,1.509938,0.1416508,0.38217875,0.33466363,0.41240442,0.11793113,1.0377954,2.0110288,1.8903083,0.3022347,1.8307526,1.6849616,0.9264875,1.5773352,1.3584225,0.71109515,1.3796108,0.53297466,0.4339828,0.21008117,1.8457619,1.4339621,0.66864747,0.685659,0.16099072,3.0040476,0.8364589,2.1870916,3.689737,0.18602888,2.2314699,0.4440894,0.51057005,0.03143893,1.3033066,0.33944562,4.237489,0.49660623,2.7902756,0.20394118,0.6895839,0.77485436,0.9861596,0.25124052,0.009575841,0.099025324,1.4963335,0.71532744,0.055571835,0.9723151,0.28072372,0.04772164,0.086441115,1.1697882,1.7541647,0.7330429,0.3322975,0.34719294,0.019052105,0.096859165,1.4245516,0.02549853,0.32623976,1.2173083,0.07737079,0.6444698,0.36241168,1.0438412,0.81181926,0.5011108,2.0699482,0.5396854,1.736559,0.76229143,0.28951836,0.8068861,1.2105716,2.0881371,1.9393098,0.2173851,2.511949,1.8097866,0.11884611,1.1752479,1.5290024,0.8510758,1.4786409,1.7079786,1.3682914,2.883032,0.58823776,0.6728905,0.07097433,1.2829757,0.80771154,2.3047123,0.897179,0.5669245,0.27668753,0.3102092,0.12768675,1.014555,1.6349007,0.4835892,0.56869245,1.2974045,0.27080232,0.24085817,0.67245615,0.04043093,0.7729699,0.29795542,0.060326535,0.007137537,0.6608013,0.9242233,1.5971192,0.53294456,0.38182613,1.3260581,0.6606607,0.1772974,1.1716393,2.7036989,0.41769892,0.23318115,2.0366147,0.41891408,0.35938326,1.4637502,0.54411405,0.014478564,0.9020023,0.3256845,0.7402233,0.84256995,0.0041286307,0.5524739,0.07437221,1.1955543,0.185022,1.0064905,3.2367792,1.7010473,0.17894429,0.023710774,0.6220636,0.019985631,0.1733475,0.76422477,0.258786,0.42830724,0.12606807,all_pothole_images\pothole_images_2_image_48.jpg
1.9159293,0.39662203,0.06990768,2.3353536,0.14094914,0.18389362,0.09451063,0.3646373,0.8377269,0.18031451,1.7856282,1.331768,0.7121475,1.5159292,1.0591706,1.0044847,0.065701425,0.38580313,0.47285312,0.112919085,0.7103705,0.464215,0.003142986,0.13730045,1.1143463,0.3350886,0.48008734,2.164729,0.89172494,0.2686523,1.5081186,0.41235536,0.784537,1.4831576,0.5977168,0.9726284,0.15444578,0.78100747,1.4936831,1.2612585,0.9961154,0.14496513,0.94744885,1.4675791,0.3922591,1.2748326,0.97677374,0.56000966,0.3176153,1.6231365,0.59216064,0.38407746,0.19725063,0.05563187,0.103448495,1.5407865,1.7556404,0.1045794,0.2314726,0.074207865,1.0082091,0.0,1.0582898,0.92027485,1.2245334,0.6760787,0.040895443,0.0998966,0.29478014,0.19242023,0.32217512,0.08974663,1.0249325,0.5585482,1.5407934,0.3549863,0.97028273,1.2142105,0.17035408,0.35336158,1.3446594,0.8958957,0.095214784,0.36248282,0.23532131,0.5076807,0.14831926,0.0699935,2.1615126,0.31368905,1.121544,0.1679813,0.7133317,0.41438195,0.015266774,0.27787697,2.1940334,0.32842943,0.50078183,0.4880743,0.11781506,2.0190482,0.24280283,0.5240671,1.6568621,0.11101081,0.8973823,0.6409881,0.63519675,0.08953673,0.0,0.7473065,1.8745486,0.07955871,0.40290958,0.5695417,2.5726068,0.6382984,1.3443156,1.2174451,1.8578026,0.069224246,0.10026007,0.29607153,0.31488204,1.0104711,1.9790746,0.97677857,0.89316666,0.062118042,0.2947304,0.004190545,0.009404329,0.18594843,0.47361928,2.3547895,2.1556003,2.1858807,0.9300177,0.026047552,1.4537116,0.0854187,0.09128515,1.380187,0.8127674,1.9102135,0.32622212,0.9683,0.6715139,0.47304377,0.8500679,0.72044766,0.019570028,0.5219969,0.08482447,0.57296664,1.0065349,0.013708518,1.0515218,1.1121795,1.641028,1.6818792,0.067003585,1.0498285,0.38697472,0.8836665,0.037108965,0.11044545,0.50302,1.5813065,0.4157837,0.6990445,0.32750365,0.30787537,0.008487467,0.6021489,2.1960554,0.0,0.44183517,0.6832237,0.26621795,1.4945434,1.5462724,1.1023421,3.1724784,0.8557636,0.862715,2.4267983,0.83968097,0.74831015,0.13669108,1.1160799,0.44765696,2.6478267,0.4529406,0.15659797,0.77797276,0.38111088,0.8066104,0.45486602,0.445091,1.2666099,1.0535192,1.0952108,1.179332,0.22663891,0.8752505,1.603036,0.49515224,0.051432364,0.004745651,0.0021278674,0.45732477,0.028658615,1.9009548,2.486833,0.06661892,0.43123543,0.8503632,0.0018463406,2.0818012,0.33021688,0.6809073,0.81413394,0.03578341,2.4002247,0.7645027,2.0451565,1.3638536,1.5602096,0.07654305,1.5349483,0.12049452,0.97830784,0.24306433,0.37021753,4.0476975,0.13962145,0.42192924,0.47161174,0.058285315,0.21137145,0.26598525,0.6306018,0.39460328,0.003300911,0.86386645,0.6103197,0.65525925,3.5395346,0.60693556,0.9715887,0.82072276,1.3335319,0.2551309,0.048423134,0.97163874,0.33707115,0.25304222,3.010516,0.021761285,0.13712656,0.42192778,0.9259831,0.7059306,0.51245916,0.049714994,1.2774119,0.25394756,0.28625712,0.79574454,0.7382263,0.0014206427,0.8281399,2.0617526,0.86043733,1.6820353,1.7493225,0.08268388,0.7094398,0.12668596,0.8838919,0.3222279,0.8725936,0.44146046,1.1891956,1.624531,0.18123478,2.3139017,0.47690165,0.23637278,0.72978157,0.370592,0.39850602,0.8818507,0.0059974752,0.6760052,1.2401329,0.44283718,1.1329128,0.26312387,1.1329111,0.57663095,0.21152252,4.8209844,0.5820232,0.37332317,0.011878172,0.085508235,1.3098664,0.20289475,1.7396162,1.9577612,1.3972987,1.073545,2.5842113,0.004955125,0.25819194,2.2096276,0.62863284,0.55308574,0.78465813,1.2941966,0.18012138,1.0711766,0.50615454,0.5391381,0.071389854,0.35509428,0.087471046,3.7699363,1.4640701,0.18713647,0.28039733,0.32714698,0.27617562,2.303745,1.0106821,1.5377468,1.5402282,0.58303094,0.9602728,2.3569958,1.1483471,0.12863356,0.5467052,0.1766298,0.41820973,0.7450948,0.023606539,1.4058589,0.7314059,0.11386287,0.08453371,0.95070076,0.55569947,0.19042689,0.61396086,0.21626526,1.6931856,0.124234974,1.161755,1.9541149,2.5583968,0.18862234,0.00053585303,2.7158482,0.5167076,0.071418636,0.84853274,3.1614037,1.2038838,0.26927945,0.049684387,0.21046817,0.10444995,0.019566102,0.17265888,0.79561925,0.86089534,1.4895166,0.029249199,0.07104054,3.4990406,3.9757767,2.2209828,1.7033448,0.0,0.03512509,1.0901023,2.9409328,1.2663691,0.72087765,0.0,0.8516525,0.006271907,0.6349753,0.29899436,1.6770844,0.075608954,4.6342087,1.8166199,1.6319333,0.095805936,0.34862128,0.6928758,0.5257638,0.3031693,0.22977555,0.008627978,1.6338041,1.2448093,0.35875678,1.5834432,0.21535869,0.6781408,1.2568253,0.86816204,1.1128747,0.21599753,2.6000266,0.52338487,1.3745098,0.7138609,1.7753296,0.00417803,0.6616672,0.6631765,1.056128,0.8124223,0.27538744,0.33948585,0.8098946,2.4294643,0.34117368,3.8816233,0.6931395,1.7867042,0.098462895,2.3840935,1.583657,2.0541189,1.4683596,0.63826627,0.4054679,0.04460351,1.058818,1.6205956,0.08145457,0.9391172,2.1549191,0.34125885,0.032401126,2.6907432,0.18494217,0.16991585,0.13775407,0.55285835,0.9104142,0.9401276,1.8203824,0.3709601,2.0927591,0.383226,1.6014189,0.39702955,0.34334782,0.005588065,0.92513084,1.9041122,1.0604779,0.23298872,0.8545797,0.29478306,1.1748033,0.48433372,1.8157345,0.6757231,0.79233116,0.115109615,0.014586693,4.1994205,1.3591713,0.05623466,0.07344646,0.102683395,0.34559342,0.08377622,0.54152,0.12405173,0.8590938,0.08402764,0.0069718105,0.78960955,0.49887916,0.1072876,0.0,0.093596525,0.56138253,0.8767715,0.39139307,4.6568274,0.8298595,0.3802443,1.5285171,1.1544744,0.43162224,0.07216682,0.25348648,0.88287866,0.7198151,1.5422441,all_pothole_images\pothole_images_2_image_480.jpg
0.9589654,1.8579427,0.6053721,2.5462961,1.207153,0.3008754,0.5481412,0.17358088,0.33799645,0.48143747,0.5646689,1.0643691,0.18303661,3.0516462,0.5935347,0.30046192,0.21683179,1.3005128,1.0160842,0.5820394,0.5437388,1.8393763,1.7093874,1.2607806,0.78851277,0.95683396,2.1795719,1.0041008,1.4736571,0.7653185,1.4272518,0.8191761,0.56561995,0.24740012,1.080221,0.78973216,1.7785952,2.862015,0.009722094,0.7010217,0.30425188,0.097467355,1.6132499,4.5004725,0.5444418,2.360563,0.39737967,0.02412928,1.342453,1.1626775,1.4462962,2.137283,0.4620861,0.12646116,0.021231422,0.6099507,2.2296836,0.1987241,0.3154574,0.39870596,0.10399715,1.5330623,0.9007829,0.023127794,1.842145,1.3664212,0.87432003,0.31419656,0.33259302,0.304669,0.1862069,0.0,0.24905251,0.7943095,1.8718206,1.9083147,0.14585888,0.33003023,0.72978413,0.43880323,0.5017852,0.2767066,0.41653472,0.23969829,0.8004952,0.33782196,1.2523292,1.1525339,2.803296,0.17731106,0.15477276,0.9674165,0.08858787,0.9042343,0.31954834,0.53967094,0.31057268,1.6053575,1.3362371,1.5778188,0.21484044,1.7623487,0.700606,0.40193066,0.9811605,0.90541524,0.49158618,2.2367232,0.074661665,1.3854954,0.111731716,1.8528545,0.3317469,0.624734,2.371014,0.60417056,1.1510277,0.08594329,0.7203444,2.6995902,2.5253322,0.3476503,0.5714771,1.3391191,0.633292,0.5015349,0.48900744,1.2342937,1.1840479,0.86749375,1.2288321,0.37130913,0.38238975,0.18986921,0.24842028,0.59148806,0.11262245,3.1144729,0.33196506,0.1353871,0.6328574,1.2891842,1.1087579,0.93843216,0.37837416,1.1303254,0.094887525,0.38531,0.7846893,0.43640482,0.90017664,0.59395826,0.0,0.11770771,1.8224591,0.30361733,0.9301342,0.38610715,2.4976983,0.18815002,0.8642452,0.18478507,0.5547274,3.74249,0.0,2.9689937,0.14614327,0.4306215,0.8631327,0.30171818,0.0859013,0.1312368,0.82434016,0.22352538,0.34226152,0.2948148,0.80857366,0.15046982,0.31242657,0.20909122,0.12264724,2.8315623,0.90735096,1.8599117,0.30272943,1.1378506,0.53724736,0.9019006,0.40555972,0.3805053,1.1011616,1.0750228,0.2014506,1.8072563,0.22271055,0.33573213,1.0489191,1.0649612,0.32530713,1.5677845,1.7379619,1.8307859,0.5613041,0.900456,0.110475965,0.40835515,0.46982172,0.325162,0.3089178,0.06437215,0.40184745,0.7766435,0.25472054,0.9038849,2.8772252,1.4798627,0.82925224,0.21375386,0.40312412,0.12179728,0.6212308,0.07167731,0.32832545,0.2743293,1.7211261,0.41914806,2.6469686,0.18863906,1.5960497,0.21037951,1.484537,0.67713,0.01251176,0.4152869,0.75252813,0.21416329,2.6556826,0.22618246,0.020243686,0.6224604,0.87833005,0.09865637,0.4268676,1.6504005,0.5413971,0.58870757,0.05050982,0.34288067,2.7297468,2.9290345,1.5156307,0.4020564,0.057322104,0.23677643,0.12567936,0.35847855,0.6566288,0.48597717,0.448504,3.1169395,1.5334235,0.15493482,0.17181097,0.35649395,0.88728315,0.45227596,0.104132384,1.3737309,0.16205406,1.1388304,0.11275433,0.0,0.025839848,0.031505622,0.39672443,0.64420503,0.0,0.47573236,0.6961727,0.32332698,0.017923383,1.3131791,1.1403525,0.5207917,1.4077469,0.7997715,0.7183523,0.83215004,1.5136607,0.38494775,1.1477067,0.26747975,0.081229545,1.3575767,0.18446186,0.15992263,1.2292324,0.28141293,0.5679568,1.2067257,0.23382658,0.3903228,0.12547226,0.8613837,4.540866,0.84016883,0.10126524,0.116530895,0.37533873,0.9468392,1.1940546,1.5587109,2.1049554,0.4378247,1.3919027,1.39297,0.0048280098,1.0813704,2.2152078,0.21238078,0.8988557,1.2114135,0.036667783,0.3389817,0.55849814,0.7139748,0.72185427,0.15052733,1.0183328,0.5268504,1.0463897,0.54310185,0.324748,0.284675,0.70743513,0.6689594,1.2522435,1.388257,0.3713281,1.8287226,0.42483163,1.3965266,0.6900524,0.48757216,0.46118534,0.5596755,0.5293086,0.58024406,0.093588926,1.0314312,0.9897487,0.35401908,0.55678236,0.26902395,0.09082004,0.37568894,0.27864343,1.3988652,0.4821223,0.87530845,1.05873,0.21473028,0.7530973,0.082467064,0.49246204,0.25522882,1.1643199,0.6833901,0.33611578,1.7376766,1.8037697,0.99764365,0.02926819,1.0990516,0.9751107,0.77156985,0.25318545,0.5855513,0.6235801,1.2444896,0.35530332,0.31379044,0.91910374,1.0213704,1.0647323,2.1697564,1.1356091,0.47401315,0.20196739,0.45106155,0.564803,0.54451394,0.2350331,0.19222344,0.1996712,0.029039064,2.667481,0.47078824,0.6395787,0.083719015,1.9376999,1.6988033,0.35589528,3.3871005,0.3118043,0.2437479,1.3448051,0.36101997,0.8540235,0.23978846,0.94793546,0.68605334,0.5537727,0.3850117,0.34316197,0.3788515,0.05280158,0.33043584,0.24811853,0.21696174,2.347919,0.04865244,1.884243,3.5582685,2.1235087,1.5468068,0.5381682,1.2901471,1.870715,1.6850704,0.14306837,0.83608896,0.81051135,2.671226,0.35511556,3.5400224,1.0177684,0.3863259,0.45098698,0.059891466,0.58585304,0.07229435,0.097359,0.22780846,0.082777955,0.14353026,0.8560482,0.13971266,0.37608355,0.12921116,3.496105,0.28937548,1.3251786,0.43929788,1.1274085,0.41306394,2.2687705,0.18547887,1.1084383,2.2961802,0.6717314,0.52952707,1.2546668,0.66079515,0.54846,0.5185723,0.40885097,0.996876,0.77017033,1.9832084,0.30099678,0.40049213,0.246864,0.16598848,0.34460697,0.41479135,0.18974869,3.0548177,0.85597116,0.3618117,1.4305317,3.133817,0.85993356,1.0883763,0.21326964,0.87510586,1.1309435,0.39992973,0.86809224,1.1852739,0.43921235,0.21511297,0.289823,0.051322993,0.55743754,0.18602423,0.38469264,0.08392201,0.31905898,0.77988267,2.5330403,3.5133119,0.117292695,0.5794938,0.82396024,0.76470625,0.027560856,0.677567,0.15998662,0.24046506,0.13895735,0.38211077,all_pothole_images\pothole_images_2_image_481.jpg
0.37842044,1.1143405,0.32532242,0.2578992,0.0630329,0.078569554,0.41636607,0.24152975,0.08722923,0.03665372,0.86212033,0.043420393,0.3407765,0.035405096,0.10736301,0.0633889,0.009401558,0.120760664,0.06740544,1.1167136,0.35521698,0.3574457,0.005832703,0.2970791,0.6343973,0.04847257,0.1437568,0.6494962,0.0031675235,0.099854894,0.8519829,0.8160857,0.8975388,1.6816458,0.19873245,0.24755758,1.1419532,0.27311218,1.0931485,0.0010243946,0.5953756,0.8428274,0.25859037,0.23769131,2.0240955,1.1086861,0.27982223,0.59395903,2.1640255,1.7042884,0.9872819,0.45333344,0.0,0.29121214,1.3833951,0.18721841,0.73044693,1.2883183,0.13663155,2.5724661,0.1492486,0.39831892,1.6793978,0.6121312,0.3637223,0.76162905,0.20747578,0.06307229,0.1013639,0.23950952,0.54746157,1.4663397,0.6405067,1.222639,1.2317923,0.18785898,1.1582613,1.2118807,0.5863943,1.1549363,0.22422945,2.495615,0.97731435,1.4866923,0.43822643,0.025792561,0.39851594,0.14160247,0.21455139,1.8385248,0.042604152,0.37514845,0.32925585,0.045742307,0.39113927,0.4674042,1.1184616,1.7917002,0.2780974,0.25917295,0.91363144,0.33946383,1.0960939,0.70650256,1.0075014,0.69695103,4.277024,0.506895,0.54306054,0.0,0.5563095,0.20826957,0.225085,0.29061264,2.871171,1.2623173,0.94638497,0.2330393,0.27007082,0.11099424,0.13274123,0.31510347,0.07403909,0.11822081,0.42848423,3.6201293,0.105908565,0.36195463,0.4873416,0.25957373,0.22453277,0.5963446,0.1399169,0.030378416,0.18698844,0.18812042,0.93222636,0.19391921,0.8016643,0.324143,0.6711942,0.2877278,0.6503418,0.26018083,0.16034389,0.07473637,0.052789576,0.07988725,0.6141473,0.4557217,0.026408529,0.50761855,2.0233066,0.48338014,0.2768777,0.0,0.35735896,0.0,0.27556166,0.3738274,1.7423042,0.24761787,1.701666,3.6009521,0.08683023,1.8290325,0.5728419,0.18575758,0.48105845,0.46923882,0.5495449,0.09367798,1.0346019,0.28135058,0.06797337,2.101568,0.080270864,0.5900061,0.3486106,0.0032263307,0.042961188,0.98662645,0.62215054,1.4390746,1.0097128,0.20321788,1.4367617,0.718461,0.05043164,0.1506561,0.78947836,0.78961295,1.0305465,1.2431453,0.11428361,1.2586766,1.5463904,0.824486,2.839768,0.081074364,1.3542756,0.114422865,0.15164196,0.25503394,0.31643054,0.19151708,0.05128002,0.026117587,0.10784259,0.0386149,0.054542374,0.1480661,0.024440492,0.23261765,0.3248015,0.06818781,0.16114616,0.20119368,0.14184639,0.6094779,0.13172688,1.2175226,0.017349906,0.8373902,0.57039833,0.52580875,0.41640788,0.041502688,0.3121601,1.0842822,0.17250939,0.015496189,0.8290638,0.047124278,0.20956194,0.43285078,0.80606794,0.06595172,0.3982118,3.0330493,0.09077263,0.13368584,0.0065626786,0.32604986,0.22000064,0.1395655,1.2510252,0.6166966,0.2216066,0.031977803,0.5638652,0.7907187,0.27531302,0.11138316,0.49004346,0.46634495,0.87888956,0.2400694,0.024418466,0.30404294,0.48201972,0.0250865,0.39045015,0.7257546,0.56151575,0.05295519,0.052983638,0.80060244,1.0754243,0.64007974,0.71467996,0.53624904,1.4136591,0.23562922,0.070636205,1.7293679,3.6545177,1.358925,1.0549024,0.17328285,0.0,0.79600096,1.4987923,0.29217783,0.22998595,0.16499276,0.09960448,0.79136264,0.652782,0.948133,0.01272756,0.005100479,0.06010414,0.0,0.8540213,0.080299295,0.20817247,0.8786664,0.105051436,0.024837673,2.2509673,0.05654358,1.3936468,0.192398,0.7981931,0.445242,0.011224701,1.111767,0.11222256,2.0919073,0.038457654,0.68405974,0.5533956,0.82119155,0.23628972,0.20933585,0.2532843,0.21847269,0.73148394,0.7982903,0.615362,0.04325162,0.11643369,0.18015458,0.49294576,0.7327697,0.3455302,0.0,0.033124182,0.7841437,0.045726746,1.4714991,0.31421515,0.033059414,0.30413666,0.3686803,0.6229735,0.060559742,0.31178203,0.8934822,1.1917807,0.1647696,0.36841366,1.5670857,0.8791393,0.192779,0.5942681,0.5646057,1.4433591,0.3554833,0.7483149,0.50846976,0.28915608,0.12075283,0.34708178,0.30532214,0.3761522,0.20814027,0.5887883,0.27159667,0.07027772,0.89999557,0.34932938,0.2301536,1.1789082,0.25094038,0.4519215,2.009418,0.22933528,0.9393067,0.57961357,0.10397422,0.23249723,4.218175,0.0049075033,0.2374646,0.13639091,0.259837,0.5434548,1.5484691,0.5492711,0.2656208,2.0143058,0.7720139,0.8026838,0.95932627,0.70867753,0.14422444,0.8343745,0.23140869,0.6961752,0.51726544,0.12704547,0.5222203,1.0571644,0.7613379,0.09915115,0.052554686,0.23413719,0.05824112,1.0301455,1.461669,0.14938979,0.49509832,1.6833931,0.86956954,0.58112043,0.7510679,1.5211868,2.9143553,0.061330512,0.6395129,0.14646477,0.055014316,0.8319055,0.41917714,0.029571898,0.19737831,0.27833602,0.26824728,0.2692004,0.08695437,0.00082801207,0.5515109,0.49119434,0.082442924,0.48897782,0.6481272,0.067856364,0.36086947,1.1601282,0.19454734,0.4586937,0.010618481,0.47651488,0.04517636,0.4041361,1.282371,0.71848994,1.3116002,0.2642114,0.49768782,0.8880401,1.419681,0.021676457,0.468625,0.12077294,0.07299698,1.4612921,0.6848768,0.66838896,0.022327594,1.218427,0.06750909,0.87681615,0.0849906,0.2792531,0.4768228,0.039300304,0.0,0.16791204,0.6032113,0.77484846,0.5731073,0.26428849,0.050872155,0.4735952,0.13549276,0.25615862,0.11582571,1.1046654,1.3403646,0.3064272,0.02077446,0.27330226,0.7405694,0.611492,0.19527392,1.0458527,1.2015415,0.20477767,1.1363198,0.88954294,0.09370165,1.7452377,0.10395614,0.36505714,0.57058245,1.0641478,0.4930071,0.5957291,0.055792466,0.102506354,1.5969106,0.4267531,0.65112674,0.967164,0.14262892,0.25106522,0.050340716,0.08744996,0.14559758,0.31369805,0.2924766,0.3142243,0.9759082,2.5383158,0.9612151,0.5547747,0.34948528,0.61421114,0.647757,all_pothole_images\pothole_images_2_image_482.jpg
0.6455819,0.14194052,0.46694705,0.12691526,0.9283147,0.18621771,0.06543261,1.7396723,0.14252163,2.1527338,0.49875617,0.7998858,0.74206084,0.09412303,0.2182875,0.9918376,0.017001843,0.8556089,0.445125,1.2639799,0.30210444,1.8422852,1.7313756,1.0562859,0.8018576,0.59411263,0.54503345,1.6159813,0.14827578,3.0177238,0.08104819,0.70812756,0.15693642,0.62903464,0.2501262,0.0219606,0.1494709,0.13188037,1.745394,0.5595976,0.061507944,0.36258984,0.33733016,0.3522756,0.4552993,0.5545097,0.14648467,0.050480936,2.089686,0.025111113,0.04134824,0.2203897,1.5179231,1.0621355,2.9652617,0.8106339,2.7738438,0.015738415,0.70433617,0.6709246,0.33360407,1.1964988,3.0148835,0.75457203,1.2233948,2.416189,0.0005744372,0.20778728,0.7257007,1.6787221,0.23274958,0.81529194,0.3359838,0.28464177,0.063732274,0.062295556,0.057875667,0.0018494771,0.62111354,0.3023211,0.05237039,0.9565793,1.7891866,1.708978,0.43666565,0.32166186,0.3559651,0.860467,0.97276103,0.31020868,0.47287947,1.3597921,2.1415155,0.19538714,0.101166934,0.04861951,0.021564022,1.0579995,0.35737953,0.25383735,0.40319332,0.7720244,0.87055296,0.109735,2.0786653,2.2150724,1.445952,0.21532287,0.04734365,0.70513946,1.9218228,0.5950219,1.2182993,0.06950139,0.26799673,1.449351,0.03696777,0.37254873,0.7446149,0.20599766,0.7006771,0.20537601,0.6220488,0.9640679,1.9604621,0.7749008,1.7040315,0.23037855,0.75544626,1.4222758,0.13113685,0.32436824,0.570726,0.6022458,3.614739,0.3736143,0.23372556,0.75584096,0.9907514,0.10022093,0.8084766,0.19305167,1.043987,0.10102742,0.49470863,1.1816301,0.020904798,0.2774834,2.5250378,4.8135953,0.3614408,0.94452924,2.0554926,0.54958135,1.4491496,0.7009224,1.8083863,1.1414354,0.4650568,0.29472408,0.106010705,1.2686898,1.7609197,3.9973114,1.3331087,0.55078375,0.39527822,0.1190407,1.7784063,0.4623486,0.8073238,0.9302512,0.13563138,0.0018577637,2.3688555,0.47969413,1.6232404,4.1749306,0.09490519,1.2259277,0.12533092,0.43569976,2.4922729,0.21552272,0.17361154,0.9869774,0.7453932,0.6411815,0.12491438,0.55704916,0.8233968,0.76639146,0.18900512,2.4874566,0.19085962,0.15322667,0.5624588,0.26399,0.010162257,2.7425766,1.7584832,0.20900948,2.1383815,2.27554,0.90344065,0.98550344,0.019403787,0.3636835,0.16873492,1.5112301,0.1437382,2.2594607,1.0782928,0.053344365,0.20808423,0.31005782,0.47651073,1.0712923,0.057992958,1.2307839,0.13504423,1.9741445,1.0335665,0.017231213,0.4773682,0.0,0.62370384,0.93386436,0.07356172,0.9572644,0.389007,1.7112153,0.83048296,0.16796906,1.030012,0.2908345,0.51860803,0.43529743,0.0,1.5155097,0.51926756,1.7342896,1.2478924,0.49395612,0.004801453,2.415721,0.71546453,0.078301795,2.3083868,0.6696592,1.4227058,0.34889323,0.3959664,0.69395095,0.079918206,0.45953292,1.0683285,0.1823368,0.61783373,0.005715556,0.0,1.7566411,0.34131598,0.23977388,0.5012094,1.7493782,1.9790566,1.118198,1.2879845,0.05640518,0.015603975,0.52549565,3.2112274,0.8757834,1.2724332,2.0481274,0.15270852,0.23199446,0.5934717,0.37455142,0.9581823,0.75935733,1.0344229,1.1006477,2.7858999,1.2549145,0.6063418,0.53910285,1.0596681,1.497111,0.43762282,0.17265339,1.0105988,4.451929,1.8608638,0.21808892,0.6170156,0.68929416,1.1241499,1.8909978,0.15084371,0.019890606,1.5863906,0.88891053,0.48060462,0.27400243,0.59472424,2.2758377,1.2038276,0.2645395,0.60118353,0.39494947,0.56785315,0.36229253,0.9713966,0.03746882,0.9139387,1.8928332,0.46673405,0.8846856,0.062988244,3.5452042,0.7143263,0.09798743,1.244962,0.65032214,1.246205,0.19738822,0.07333067,0.60634804,0.8110703,0.01673667,2.4694,0.0039802445,0.35712036,1.121165,1.0324626,0.10713111,0.23910321,0.89348537,3.4040842,2.2482255,0.20998155,0.48242402,1.7722778,0.028984025,0.19563836,0.3684334,0.0075622727,3.0380275,1.3895273,0.022247076,0.9745612,1.0654339,2.811468,0.032140993,0.031523496,1.4211042,1.0361212,1.3537152,1.2631893,0.8321114,0.38412857,1.9777976,0.25806096,0.80139893,1.8366379,1.0932251,0.49616143,1.49405,3.3913891,0.2445841,0.77030396,0.08974015,0.23669116,3.7178357,0.7329928,2.0828867,0.50756246,0.48812371,0.0,0.4812271,2.1041043,0.08157088,2.0674627,0.3085855,0.47936723,5.3826475,0.0779347,1.5247748,0.14076665,0.6602039,0.28021777,0.1480352,0.09241424,2.0195546,0.109124415,0.24116132,0.49139124,0.7789466,2.9032094,1.4969889,0.32762745,1.5044245,1.0176067,0.14147684,1.5391252,1.09778,1.3933573,2.8624282,0.6472764,0.1074783,2.0829756,0.26267436,0.8787476,0.3667052,0.045585163,0.21447551,1.4045229,0.3166987,0.8889834,0.88244426,0.6670924,0.48555458,0.30298316,1.4111081,0.7001813,0.20842642,0.08803962,0.74584883,1.3265383,1.6630564,0.020433426,0.08366735,0.32983592,1.4682442,1.358173,0.040497445,0.41110063,0.10652673,0.59815294,1.9146787,1.0858653,2.100099,0.05983301,3.2783194,1.0126655,0.02456996,0.18344535,1.1951219,0.28958037,0.009827106,0.30578488,0.3272607,1.1057531,0.02596642,0.0006697292,1.3260143,0.30475512,0.0007338364,0.08036735,0.5717791,0.13018209,0.81691337,0.5677301,0.7884235,0.31135935,1.6661924,0.010892262,0.046164002,2.3287885,1.3307719,1.840711,0.22631894,1.7003319,0.9363878,1.138682,0.19152804,0.12292592,0.6026148,0.47459695,2.6044738,0.58227247,0.050271414,0.45293948,1.5942816,1.1758547,0.8159882,0.0038381035,0.03290979,0.82617015,1.2725457,0.4885004,1.3182617,0.999375,0.60728985,0.45776653,0.8535211,0.61655015,2.8878665,0.102790326,0.37394452,0.046178643,0.74522436,1.0339569,0.15701634,0.0015682257,0.7059551,1.5201675,0.6183175,0.7110009,2.1527917,all_pothole_images\pothole_images_2_image_483.jpg
0.085844524,0.33016258,1.3590047,0.51444274,0.869723,0.40120876,0.6499406,0.17266995,1.5200597,2.1588926,0.7933686,0.4146995,0.15583204,0.31404716,0.18117836,0.4393102,1.1645074,0.8873755,1.4612682,0.61276805,1.1527692,0.45312193,0.23886007,0.7369627,0.68521506,0.9654908,0.8502571,1.362756,0.116857,0.744855,0.0856447,0.20579404,0.47747874,0.74532783,0.0,1.5551503,1.0113587,1.4395416,1.1126802,0.5261594,0.8134886,0.45092416,1.3146662,1.9708325,0.43674964,0.16421969,0.11776892,0.0695693,0.53894883,0.080203675,0.9880253,0.38811415,1.0562079,0.055329148,0.2997154,1.0944979,0.37848905,1.1861432,2.3451884,0.100552894,0.8941612,0.50699764,0.06330801,0.2891548,1.093492,1.0165855,1.7469943,0.86762464,0.76224875,0.37207952,0.027658034,0.05982059,0.94334626,0.80919194,1.1908777,0.37972102,2.3875334,0.24047792,0.5313647,0.07360459,0.34141225,1.667121,0.10815293,2.0793533,0.8470173,0.08155474,0.3160175,0.13837126,0.38277796,0.28044057,0.58158344,0.819441,0.11031079,0.0,0.69378316,0.09471382,0.8345533,1.8455558,0.33579913,0.08840264,0.01562501,0.80300856,0.12658337,1.1158392,0.06670537,0.660635,0.40789363,0.0,0.12466812,0.20610842,0.25078827,1.1446528,0.16597983,0.058883607,0.41726685,0.5167845,0.8488673,0.20813008,1.1024454,0.8827731,0.7992473,0.84431314,0.82523626,4.282436,1.2749244,0.5650951,0.6906597,0.02210145,0.655689,0.03668981,0.1104312,0.17342131,0.0,0.6380176,2.11992,0.383741,0.8143945,1.3712656,0.42949644,0.5639809,0.083313696,0.35686898,0.9555571,0.12927407,0.70952374,0.25661606,0.45297724,0.28865427,0.21879785,0.04663764,1.6243862,0.30502588,0.12248625,0.5442434,1.341663,0.43136916,0.099983454,0.21234061,0.0,0.6263342,0.47944188,1.630205,0.08247898,0.72656965,0.22213532,0.18215878,0.63392156,0.61252886,0.39868638,3.0487995,0.55169934,0.16052482,0.06915901,0.3772211,0.0704957,0.3392702,0.2043733,0.058339056,0.22752899,0.08991391,0.10825567,1.0819808,0.81972986,1.9435606,0.010127789,2.703833,0.1515374,0.1161178,0.6229151,1.1432159,0.109018594,0.010170507,0.62349343,0.011918637,0.4548065,0.53191537,1.45304,0.7877303,0.79858357,0.52086425,0.105471365,0.3267433,0.24266946,0.09664567,1.1860071,0.1170977,0.2604159,0.9493796,1.0653563,0.5982103,0.3018356,0.0010018105,0.6743631,0.23145613,1.1261574,1.3477496,0.23204201,0.28716028,0.36553612,0.23931158,0.9334547,0.33849567,0.27627596,1.3709906,0.030416505,0.13864145,1.4782903,0.55100167,0.26595247,1.2354486,0.5476687,0.40200934,0.5773788,0.57455224,1.6377763,0.073537536,0.5139707,0.49523577,0.13303852,0.62448865,0.29513204,0.46771523,0.06585143,2.3046923,0.3082669,0.0010800853,1.6313822,0.32972145,0.33807862,3.4270344,1.5603924,1.2189698,0.07288096,0.8475253,0.55337584,1.2363883,0.21999569,0.67355597,0.07960949,0.8867442,0.23523828,0.42560226,0.51859814,0.38580543,0.3069811,0.32746318,0.34223524,0.08415448,0.44819915,0.001183576,1.0189512,0.117133565,0.3489028,0.23184697,0.54905885,0.59624153,0.011592082,0.05199209,0.6627376,0.33571398,1.3360928,0.53102684,0.42837688,0.07426942,0.076168604,0.31659096,1.420692,0.92407715,0.77060825,0.11975095,0.71456677,0.24158664,0.3571564,0.30373874,1.3900034,0.41526225,0.25240955,1.1518984,0.3243335,3.8610883,0.2520475,1.7917894,0.006683868,0.07055369,1.5190022,0.08876247,0.6526165,0.348153,0.32042927,0.39628455,1.4169265,0.04297927,2.9122095,1.5001692,0.038216524,0.41030565,0.41675314,0.5463392,2.5266087,0.6758475,0.40439457,0.2574377,0.67763674,0.14059973,0.6519339,2.0478587,1.35582,0.10575152,0.3720859,0.13721357,0.7730472,0.2901749,0.600442,0.20140186,0.5659459,1.6806345,1.7942134,1.6671836,0.6247341,0.101709224,1.2660769,0.31473243,0.57188046,1.0412542,0.73955506,0.079112865,0.0274805,0.48898128,0.24919316,0.27022067,0.61610925,0.47086033,2.3406365,2.172794,0.028523255,0.8849966,0.0367153,2.3995318,0.5748987,0.47924346,0.3442517,0.029385578,0.5239663,0.517645,0.87950295,1.0824525,0.9017821,0.18159005,0.182676,0.1853517,0.468543,0.32154173,0.6526886,0.1042026,0.61947984,0.2435687,0.85821,0.23897575,0.4653921,0.28382358,1.4980565,0.37334573,2.0389273,0.010667994,0.07752382,0.52177787,0.9154646,0.03698842,1.5261755,0.9202434,3.5672731,0.01762348,0.47933057,1.8084031,0.5577199,0.060175262,1.0986605,0.19997689,0.33273697,0.0055809123,0.9696898,0.12059582,0.5380232,0.12270538,0.120305456,1.5631956,0.5807582,1.3076293,0.5593134,0.86285585,0.08609115,0.063882574,0.78683406,0.5882722,0.053835616,0.24636453,0.6749373,0.032453097,0.42979982,0.46660754,0.22748236,0.26324144,0.87502927,0.2390271,0.64134777,0.16432852,1.0975549,0.01840893,0.0021282546,0.028298816,0.6550559,0.82985836,0.2793352,0.38940394,0.59801674,1.074892,0.34188315,0.6076032,0.79168075,0.08252717,0.2595014,0.12439154,0.17864934,0.23736967,1.1425124,0.15112224,1.918774,0.17255405,0.0,1.341065,2.777837,0.7479447,0.18966281,0.36367026,0.38260475,0.8036329,0.0,1.6679833,0.18775865,0.6685456,0.9041555,0.0036775202,0.52114594,0.0,1.7817929,0.41393164,0.22648904,0.0171632,0.36465052,1.4914628,0.0591308,1.2995788,0.004652167,0.0,0.035662927,0.13392608,0.6528941,1.1263312,1.3863391,0.87817615,2.0791967,0.3570542,0.57600516,0.22941089,0.038939856,0.3758232,0.66852957,0.83970237,0.56262916,0.0037287797,2.9156454,2.3070383,0.59409726,0.24304272,0.008078297,0.012742327,1.067455,0.16833076,0.07006594,0.13341314,0.45114917,3.4208617,0.6602347,0.4174992,0.61019564,0.04694184,0.04033667,0.08014223,1.4409828,0.4886239,0.2994825,0.41332486,all_pothole_images\pothole_images_2_image_484.jpg
0.24390602,2.8325686,1.7867275,2.8281991,0.022661861,0.28259552,0.040438674,0.006194377,0.24115725,0.88037604,0.33704033,0.022467783,0.0,3.2061436,0.3752345,0.8562913,0.021950398,0.46625704,1.4218665,0.4042855,1.5770048,2.1466072,0.1826687,0.25794074,0.47965816,0.51284933,0.35036775,3.1363168,0.46019688,0.0108796125,0.6960944,0.23533702,0.079264455,0.1984201,0.22247326,1.2203217,0.89025784,0.8620079,0.49708495,1.4915243,0.20931436,0.2633513,0.8074014,1.9930828,1.1595929,0.40737236,0.026232189,0.44160023,0.36009845,0.21111344,0.0024454563,0.0,0.38284168,0.26955566,0.021284942,1.1638993,1.7159889,0.92306113,0.26965457,0.004178045,0.3053939,1.8073394,0.18810348,0.03914623,0.0040694457,1.6299495,1.299106,0.5846822,0.7633287,0.2989347,0.38021255,0.069427125,0.5110181,0.0,0.3246103,0.60985875,0.32729226,0.71634066,0.020188011,0.16720036,0.08140237,0.13636163,0.476708,1.6045849,0.6426219,0.09993002,0.0037506914,0.045561317,2.8730867,0.6706146,0.011153872,0.15714794,0.18446326,0.014325186,0.19414593,0.3992602,0.5930178,2.2179163,1.5704921,0.30435938,0.18898341,1.2826604,0.09286899,1.1749496,0.5114612,0.32049605,0.06240901,0.08863368,0.4598306,0.60746074,0.057417955,3.8162038,0.07417828,0.82642466,1.5007676,0.27544615,0.2383971,0.0,3.490488,0.20035179,1.2514826,0.0639633,0.044602323,0.98200583,0.35574996,1.1300076,0.62279785,0.3597468,0.17655227,0.039187986,0.20403753,0.02937694,0.23833434,0.15350224,0.21168035,0.077992626,0.14016268,0.3878802,0.40078387,0.0024709345,0.11121123,0.5006603,0.41128516,0.2121071,0.0,0.5179708,0.10647867,0.026591111,0.15289143,0.4286162,1.2820314,0.061643045,0.0,0.011838106,1.9074765,0.33856204,0.118639246,0.20849122,0.34928963,0.06973839,1.1941129,2.3361804,0.36648118,1.5787702,0.21415368,1.198013,3.4484003,0.0138890715,1.545078,2.4295084,0.35039595,0.005250091,0.052249637,0.18469888,1.5715449,0.34218362,0.090022475,0.12166107,0.009791706,0.20804417,0.05067467,1.2805816,0.5926987,1.941615,0.13557386,1.7153307,0.24740666,0.34594795,1.0365636,1.0714242,0.0,1.1647806,0.0,0.9608526,0.8016963,0.39228934,0.9503935,2.2949972,1.1494651,1.1325176,0.08508824,0.8131524,0.003462608,0.24150927,0.35977298,0.00023459415,0.9088866,0.025961487,0.68417406,0.0,0.17858472,0.055265907,1.3456169,1.7368002,0.9003525,0.61596066,0.21455897,0.1796311,0.6928545,0.13832705,0.677297,0.06351595,0.19126193,1.0726434,0.89158225,0.19433372,0.93457884,0.24032795,0.6428019,1.0432444,0.21887662,0.0,0.106832266,0.09178484,0.19036531,0.51697165,1.2722838,0.21617426,0.009390425,0.11291394,0.038898803,0.21534127,0.03963953,0.1515473,0.48953834,0.03248856,0.1345549,0.07347836,0.0518514,6.021663,1.5604784,0.06312006,0.041143462,0.1543962,0.24512783,0.16852406,2.497617,0.14943962,0.7027392,2.851085,0.022641229,0.0,1.4549668,0.27517715,0.009392995,0.7168853,0.13407254,0.13396882,0.9606263,0.0102595845,0.929592,0.25813133,0.26531932,0.065743044,0.9622768,0.8041448,0.47812542,0.0,0.55457187,0.8809376,0.33175993,0.10282677,1.158067,1.2766603,0.87048745,0.17223574,0.64952433,0.6542427,0.26279402,0.05536065,0.3494493,1.2283171,0.0759674,0.4474906,0.30147237,0.10507347,0.53295285,0.23073292,0.52253693,2.940895,0.5693767,0.3859423,0.076371536,1.5463685,5.2639484,0.035769016,0.029842881,0.18887235,0.761875,0.15527445,0.20873277,0.12543885,3.4786355,0.4430597,0.237337,0.74025613,0.2515548,1.698164,2.2031436,0.2155116,0.51778626,0.0,0.32964814,0.009539262,0.6119658,0.8850591,0.24332978,0.11663548,1.2022214,0.1585701,0.6418604,0.4730615,0.0,0.0,0.30180955,0.25125933,2.1220305,0.6163786,0.15425211,0.34516296,0.7371563,0.6924594,2.4822195,0.7360905,1.234708,0.38126847,0.1297367,0.20174515,0.3085753,0.90111464,0.35065436,0.435469,0.46399933,0.3750589,0.012807487,0.43913892,0.2886987,1.0693691,0.8081788,0.4247034,0.08864313,0.1326255,0.5682711,0.083540656,0.08383019,0.59553283,0.3512075,0.0,0.2851556,0.318864,0.20621814,0.041404903,0.5891254,0.03129662,1.0899646,0.17199062,0.37859148,0.38338214,0.099802986,0.06776159,1.076081,0.39685687,1.8008012,1.7044708,1.41237,0.86917645,1.7422676,0.12357748,0.9447243,3.174991,1.4732211,0.70246583,0.09925871,0.5662704,0.020969909,0.0146324085,0.8623661,0.6171852,0.34785798,0.17341526,0.08078915,0.64425075,0.44470626,1.0051215,0.7735624,0.40742728,0.43007395,1.0195645,0.73999393,0.0,0.7742603,0.39572844,0.007040796,0.42578298,0.0,0.118244916,0.22084007,0.16528854,0.20015006,0.7175157,1.776179,0.009184232,0.96304893,3.001775,1.7878293,0.04369393,0.506583,0.39093193,0.27057514,0.03420766,0.09765,0.00088943844,0.09289119,0.10035071,0.596491,3.7632825,1.0993551,0.4032059,0.96639997,0.31237736,0.19758466,0.18236493,0.08545625,0.025230959,0.2414745,0.03377934,1.717827,0.83650714,1.3151122,1.1501839,2.3131387,0.47437158,0.89390093,0.27359113,1.3066103,1.0089695,2.4703217,1.7787229,0.16089417,0.9759662,0.4344025,0.0017243753,0.65859073,0.061044272,0.8157527,1.8535358,0.33599934,0.2571167,0.32329634,0.99353945,0.7033246,0.14579906,0.027430462,0.14850368,0.767471,0.019023195,0.2734183,0.6124436,0.3110581,0.6063954,1.4695859,2.488686,0.29284662,0.11312793,0.23854087,0.032746095,0.13684815,0.2609375,0.5572791,0.02655809,0.67568254,1.5826665,0.004461942,0.012766037,0.0,0.036175556,0.26680386,0.4489694,0.60888505,0.32635248,0.5417985,4.301144,0.42958373,0.685275,0.15254763,0.5503835,0.87208766,0.24182288,0.12162129,1.2194134,0.106668584,0.5878469,all_pothole_images\pothole_images_2_image_485.jpg
0.15702696,1.0064989,0.14394508,2.387497,1.8630557,0.0,1.1015602,0.33801064,0.24440797,0.21169554,1.6783226,0.8654597,1.1042403,2.3950086,0.2909793,0.12960157,0.1535573,1.5035107,1.9500458,0.24416119,0.43863067,1.6890365,0.5854414,0.8634576,0.13839746,1.5429741,0.37291288,1.054692,0.09756798,0.080985494,0.7691093,0.3179594,0.3735948,0.018676871,0.4833462,1.9196489,0.063568175,1.2284236,0.6438584,0.5328069,0.28917095,0.2983164,0.073923536,2.1977553,2.1399791,0.04376535,0.52858156,0.035301697,1.0449824,1.2908424,0.8428322,0.55321175,0.52671933,0.5008383,0.62286234,2.3419304,2.439871,0.21914491,1.1693745,0.16445448,0.9481235,0.0014261182,1.2040228,0.20120111,0.7294548,3.2040868,1.0070974,0.6737844,1.5322831,3.0346477,0.5910011,0.94592756,0.1716141,0.00075174234,0.1456443,0.23815095,0.2737698,0.43354586,0.09689721,1.0311558,0.030371694,0.0,0.8481222,2.300173,1.1749549,0.07384775,0.53885233,0.0308273,2.184671,1.3854512,0.16006218,0.67092067,1.5150096,0.9302294,0.5466099,0.0867918,0.77507174,0.6711128,0.5541784,0.071785785,0.4396406,2.1087894,1.3311821,0.6599965,0.9915934,1.0671831,1.1677283,0.08997616,0.72292656,0.01128329,0.39679912,0.9164671,0.031453136,0.7644725,0.2555497,1.2939631,1.910633,1.6644089,1.6638974,0.33401823,1.0327929,0.04843234,0.44858652,0.65571594,0.8831091,1.505045,0.06913981,0.22457094,1.8648249,0.40434247,1.0749619,0.059221715,2.3396587,0.9341422,0.24573825,2.770599,0.5319128,0.47120985,1.8154917,0.5075224,0.3908568,0.49463618,0.1648995,1.1694813,0.28614196,0.88910145,0.89428055,0.48989257,2.243375,1.3474144,0.41022304,0.25150365,0.015288274,0.48895827,0.7945557,0.15642849,0.33756083,0.5222487,0.053129867,1.0390888,1.806862,1.9589641,0.4891397,1.8774598,0.28735468,0.0,0.56329155,1.5349579,1.3666469,1.075821,1.3099798,0.14490949,0.0219505,0.4896455,0.76890236,0.008049132,0.3423448,1.3196607,0.27344796,1.2346042,0.009057438,3.3416767,1.9605644,0.03531539,1.9130332,0.9519123,1.9782283,0.4544689,0.09504474,2.2091463,0.2952619,0.94014597,0.11264974,2.4126499,0.18991318,1.087109,1.6445038,0.5110782,0.02221272,1.626916,0.28379005,1.0536103,0.7462863,1.2572985,2.020173,0.5687026,0.5057038,0.41427276,0.24045928,0.24779862,0.1650171,0.7735698,1.8878007,0.1736222,2.497292,0.5591459,0.7871291,0.558385,1.3138359,0.5661612,0.0,1.5438173,0.47795796,0.16284595,0.45426202,0.2645413,0.81274325,1.4908079,0.4527545,0.76179147,0.10372985,0.15381931,1.8545575,0.037044212,0.834376,0.0024783409,0.6375905,0.22188911,0.049374133,0.64438194,0.12581666,0.33334655,0.1380081,0.22562899,0.16476747,0.08600535,0.6877131,1.3274598,0.34586436,4.0877213,3.3712835,0.049244344,0.3268481,0.65246665,0.36962834,0.78138095,0.56001127,1.3215389,1.2612824,0.75134087,0.14886136,0.9574749,0.19553934,0.66195285,0.5753635,0.22713493,0.5555295,0.9665412,0.40512815,0.077956215,0.0,0.29627946,0.0051670377,0.33443952,1.3709847,2.3356998,0.26878655,0.84262747,0.96188617,0.6130078,2.2916079,0.0390684,0.17245674,0.16927956,1.3267996,0.7987526,1.1093707,0.58294934,2.1307828,0.2936508,0.19032475,0.4039425,0.047504537,2.573315,0.37295616,0.3769893,0.22965218,1.7623485,1.3694489,1.683202,0.102000594,1.048085,0.030806307,0.48560378,6.3469486,0.047135748,0.6259066,0.722146,0.535343,1.0442275,1.0641711,1.4096119,2.6628654,1.5243587,0.56949466,0.061118778,1.3674175,0.40814188,3.8156495,0.3484754,0.010409316,0.3809593,0.11627792,0.43744004,1.2195963,1.952704,0.44697693,0.1933784,0.10170181,0.43788975,2.4280019,0.50563055,0.7621048,1.1416628,0.050860714,0.5586099,1.4637492,0.4936435,0.2047188,0.18998753,1.0081537,0.14274962,0.53531873,0.7127317,0.5916356,0.59905356,0.0020665715,0.23909093,0.1431098,2.5777118,0.5689232,0.20730376,0.35490692,1.2521251,0.14728184,0.2729706,0.08695278,1.7936722,1.10027,1.3474784,0.11068329,0.33202076,1.1785718,0.03738269,0.026021548,0.25705642,2.165386,0.3817904,0.0,2.2856038,2.3335636,0.5910667,0.51574093,0.59108824,0.023673607,1.6651784,0.37350178,0.11587809,0.41608357,1.2192503,0.43053582,0.0065688263,0.7336624,0.3498004,4.4440355,1.1171663,1.0516754,1.1376317,0.05435483,0.93563724,1.4388664,0.05678366,0.09953112,0.09017945,0.39972547,0.2344759,0.947165,0.1356528,1.6382723,0.10562801,3.990746,0.37755445,0.23405872,0.44171932,0.73800355,0.112421416,0.71416175,0.43961066,0.1505563,0.040038966,0.11412524,0.19196467,0.5839244,0.22884364,0.05683876,0.05150284,0.99912506,0.6660602,0.73943025,0.0,1.7306808,0.9191486,0.4414636,2.4872835,0.84124655,0.60737073,0.24024197,1.01438,0.068819664,1.8844529,0.960508,0.0642878,0.6169253,0.3281459,1.1125593,2.908857,0.6532869,0.299405,0.30378222,0.035575613,0.025244225,0.33824003,0.031152686,1.3406795,0.50462717,0.78727466,1.4634433,1.2694901,1.0878203,1.1580378,1.1892031,0.14913788,0.50196695,0.2943483,1.6559806,1.4795847,0.03356509,0.4381246,0.7203232,0.4566005,1.6093935,0.09494068,2.081134,0.23101,0.09192559,0.52495664,0.0028670637,0.06365326,0.99767256,0.7514529,2.4480991,2.8728702,0.09395966,0.4833011,0.847092,1.4500184,0.5651506,1.3630407,1.0653585,0.014117155,0.34255296,3.0720003,0.6115612,0.52280295,0.014762474,1.6534822,0.36491507,0.6705842,1.6515393,0.012073254,1.3584757,2.1637664,0.60489255,0.6915466,0.105782606,0.17322661,0.14398746,0.13009462,0.46310505,0.41198593,0.15704346,2.6591837,0.32501733,0.542612,1.1413231,0.5002613,0.7394578,1.2768377,0.67179036,0.7679762,0.04486704,1.7249444,all_pothole_images\pothole_images_2_image_486.jpg
0.8897874,1.3175167,1.0704445,0.2783407,1.2155217,1.0286522,0.18583784,0.31353557,0.4055987,0.3427072,0.13187996,0.7968092,0.536327,0.223917,0.31298763,0.78361875,0.21182436,0.16482635,0.4664635,0.29397932,0.44164208,1.9812379,0.5262583,1.7112454,0.62597275,0.45701134,0.6945578,2.6678946,0.014301105,0.29403108,0.09674728,0.025232486,1.0481374,0.7400732,0.6295846,0.3352525,0.35511985,0.9465187,0.3660558,0.8122476,0.599624,0.033019613,0.14140685,0.96929914,1.01471,0.25896254,0.3200302,0.022691924,0.35605666,1.1396694,0.61488223,0.10785149,0.6923504,0.5155769,0.07543328,0.5700834,1.324237,0.105943285,0.77014095,0.9236517,1.0427729,0.4440586,2.4298007,1.3146721,0.5867356,1.5870199,0.6353824,0.015301887,0.63034105,0.37936217,0.71879745,1.095348,0.18541092,0.19893837,0.38949433,1.3566309,0.31558925,0.07904534,0.26481187,0.2496616,0.38704836,1.9168634,0.160302,2.3461275,0.3129334,0.96319866,0.33646524,0.38226947,2.7534661,0.2457057,0.09206213,0.7150514,1.1903433,0.051422868,0.04863274,0.45014173,0.47989327,1.0588591,0.09016902,0.6276105,0.28020734,1.6792979,0.68287337,0.073068775,0.01566968,0.23381704,0.2532034,0.7410228,0.28323448,0.58861816,1.4795915,1.1660782,1.0990812,0.22141643,0.61369306,2.3846645,1.4507326,0.03544294,2.3037543,1.2652013,0.95852035,0.14049642,1.293801,0.8187144,0.23849358,0.93883795,0.10589909,2.124817,0.7043381,1.1691366,0.7142469,0.0,0.48108354,0.003427217,0.0,0.69743735,0.39802337,0.56590307,2.0006452,0.6941218,0.7795334,0.10487913,0.0605746,1.2900802,0.4230089,1.3675743,0.67213273,0.11538089,0.22932987,1.9944026,0.4034242,1.0164378,0.14380242,0.17461161,0.47398025,0.9369558,0.64555085,0.049322687,0.6264231,0.6159778,0.41741124,0.037794735,0.115578525,2.664615,0.3158488,0.17044042,0.71477073,0.3340876,1.0006294,0.3213814,0.22892176,0.096986525,0.06261595,0.7180079,0.23611562,0.011417945,1.2834668,0.028977206,0.20860839,0.44224474,0.034875,0.7655315,1.6539786,1.5711106,0.8822063,0.31359792,0.23041092,0.92476296,0.17250013,0.3404393,0.13512853,0.27530771,0.15982209,0.98754865,0.12965526,0.21498555,0.4148846,0.010596575,0.18796432,0.14772037,0.11035338,0.21361923,0.6726019,0.5831256,0.97115076,1.0603316,1.38688,0.3463876,0.2259319,0.21798086,0.7439738,0.29682857,0.1625715,2.14225,1.2745534,0.3938641,0.2684598,0.0014865431,1.428936,0.5518071,0.59660757,0.22654304,0.44079915,0.7384289,0.09166744,1.4408555,1.0327595,1.254173,0.62625796,0.38440934,1.0047554,0.50976366,0.75472313,0.20029733,0.8337627,0.09896368,0.9623761,0.24553,0.0,0.0716065,0.13816616,0.011014148,0.3608283,0.12087617,0.03616544,0.0021153272,0.7511814,0.27142543,0.32008526,1.6127671,1.5130357,0.01100654,0.60391337,0.47203955,0.035787694,0.3319966,0.7680306,0.17561518,1.2243153,2.263076,0.6544911,1.0632118,0.07761043,0.6938396,0.74371165,0.2916835,0.08290212,0.09844937,0.69899774,0.93023604,0.04914887,0.21090533,0.15174443,0.057416152,0.30223045,1.1417717,1.36111,1.3593411,1.0172995,0.74590206,0.049426258,0.6781603,0.0,0.0667939,1.6806865,0.07578306,0.62296015,1.1321762,1.263183,0.4324756,0.51438975,0.661216,0.38787365,1.3365645,0.236973,0.43075505,0.37309054,1.0569743,1.0373744,0.093873605,0.25697333,0.20983972,0.0693243,0.10553094,4.8742027,0.2185945,0.054690473,0.38273403,0.24781942,0.12071778,0.20342197,0.92436403,3.5120585,0.43896312,0.077823594,0.40754575,0.13835269,0.6858147,0.93839604,0.33140862,0.058316138,0.40278554,0.07015486,0.11964922,0.80788726,0.3364645,1.1970941,0.4268907,0.5689285,0.5213844,3.5243108,0.24165301,0.1586567,0.20440069,0.062158983,0.12877063,1.3797944,0.16194275,0.28371304,0.28056785,0.4523613,0.6295617,1.2761376,0.0,0.29661068,0.18063833,0.049766045,0.2164074,1.2853918,0.625908,0.3568123,1.1074536,0.38302714,0.34071317,0.76701075,0.06552472,0.8156795,2.0504363,0.59397113,0.32168713,0.0032375182,0.0,1.0728258,0.19022855,0.22720625,0.20843455,0.4495124,3.2491536,0.1685652,0.18568312,1.1072907,0.25838304,0.7813548,0.478892,1.8435991,0.22824423,0.20846051,0.25159296,0.71593183,0.26606953,0.25001055,0.050173126,1.0338615,0.39796668,3.4376843,1.6479719,2.2578425,0.0370428,0.5242918,1.182925,0.95337677,0.062330022,0.27631325,0.12499768,0.34647018,0.015468715,0.18987168,0.39838204,0.028134085,0.20384428,3.3618698,0.34842294,0.05527779,0.34580678,0.37398213,0.12661776,0.9527471,0.1434737,0.5395814,0.24507956,0.9225373,0.3504107,0.23488846,0.39822987,0.37781757,1.310909,1.5958303,1.325666,0.103409745,0.50045353,0.6432252,1.4209923,0.34865487,0.4228781,1.4246249,1.497606,0.024452504,1.9825943,0.35817507,0.41209602,1.3817052,0.02189172,0.06565547,0.27696827,0.41502908,3.0082595,1.3712693,0.6024219,0.20986144,1.226408,0.36610138,0.15279888,0.06491251,0.64350903,0.86144567,0.9019135,2.3767197,1.3049225,0.6816863,0.6968043,0.15672825,1.5139061,0.9677046,0.6648687,0.92786455,0.43453962,1.0713897,0.5333189,0.4229622,0.5249384,1.297567,0.42568207,1.2955884,1.0303968,0.30660328,1.280931,0.20615044,0.43689182,1.9667598,1.140468,0.65965253,0.42622045,0.69142896,0.042447217,1.1131253,0.15504813,0.27594328,0.19557019,1.2772207,0.06872621,0.25129485,2.0448794,0.024574941,0.05401311,0.012200125,0.0012277167,1.9375728,0.53131187,0.32097375,0.0,0.14928843,0.54497105,0.3137204,0.08969244,0.19798161,0.0069797765,0.034889728,0.0,0.4421022,0.014140045,1.205152,4.8214273,0.40987217,1.0054257,0.76520485,0.64700407,0.013474168,0.2077722,0.88510346,0.9419455,0.4327652,0.6767776,all_pothole_images\pothole_images_2_image_487.jpg
0.8565308,2.2491949,0.39134565,1.6112169,0.38766703,0.10789696,0.26840484,0.022148175,0.083120294,1.4324406,0.004270014,0.35407722,0.2679471,1.0471649,0.01028249,0.033324845,0.8329024,1.1497291,1.0971648,0.40054536,0.3290353,4.2337656,0.6033126,0.80045027,0.45858878,0.6588974,1.7438875,2.1184413,0.611972,1.0716571,0.40375727,0.34862423,0.18541242,0.41687235,1.3599012,0.8039447,0.6119952,1.9042897,0.66623294,1.2177441,0.0,0.0,0.33154818,1.5196378,0.2079288,0.62682515,0.22289582,0.0,0.19600557,0.3401234,1.1217469,1.0755569,0.93488437,0.30150098,0.22743334,1.5231757,2.4660256,0.81431484,0.2552016,0.17090233,0.87882614,2.5905075,0.3325483,0.044479713,0.19775924,0.79105145,1.3623006,0.95655787,0.73562807,0.4111978,0.043638926,0.57991153,0.051921748,0.015689658,0.15682061,0.31427252,1.3030211,2.5412874,0.076700166,0.0063194158,0.39861023,0.0,0.18232077,2.0234547,1.4179465,0.2770092,0.12250478,0.06393273,3.0476797,0.3574428,0.1703586,0.31451765,0.0024556622,0.6998087,0.8984018,0.12387026,1.1233739,1.0488242,1.7224162,0.14198475,1.2017771,1.4917775,0.46288252,0.72013354,0.5938325,0.7240932,0.042753097,0.4914571,0.04719677,0.5593824,0.22137783,5.168785,0.4873981,1.4102647,0.12314784,0.3788235,1.8955228,0.34295377,1.3013569,0.8096975,1.9357691,0.5731536,0.33942196,1.1402755,0.30470192,0.81534684,0.49825287,1.4539365,1.020362,0.21360302,3.2021415,0.108728185,0.4910609,0.3200579,1.3185487,0.30090776,0.0,0.39975905,0.35778388,0.14386189,0.24399321,0.52419025,0.4392331,0.19562584,0.016723711,0.18943627,1.1168292,0.79475456,0.36850283,0.022880748,0.43357992,0.93684727,0.0,0.053192057,1.2735606,0.20270573,0.32629362,0.6437614,0.8857989,0.0,1.7440251,2.5942397,0.27858594,1.3406262,0.005483493,0.454749,2.9918854,0.11774039,0.11365583,0.28730264,0.8377838,0.23178501,0.68471706,0.14645591,1.6276696,0.124607064,1.0024216,0.07525455,0.3093213,0.20327453,0.70626736,0.991164,2.8147485,3.2629569,1.3281072,0.39032558,0.5861103,2.1672585,0.6105173,0.5510677,0.22274007,0.8167259,0.050634734,3.8978794,0.037340965,0.04913478,1.6328542,1.6951078,0.08017703,0.37534535,0.038300943,1.1579942,2.337898,1.0283855,0.9221408,0.20722017,0.6921942,0.6892742,3.0498059,0.8522705,0.004753743,0.016687758,2.0358386,1.2790328,0.613371,0.29935518,1.1470174,0.023580423,0.50909406,0.15195224,1.9033666,0.10049526,0.38483316,0.17126627,0.6256225,0.34941295,0.73000896,0.20842025,0.012964059,0.22306672,0.03175774,0.3336281,0.13017915,1.2797782,0.025135119,0.96561944,2.654531,1.5372854,0.0,0.09151638,0.01085624,0.34785518,0.617451,0.6562289,0.08664182,0.012941156,0.41418144,0.09300941,0.55608606,3.8515189,1.9347783,0.9752764,1.2102189,0.569848,1.1994052,0.26924628,1.7233777,0.81441194,1.2696352,0.6117735,0.1948907,0.015642777,1.1268576,1.4176519,0.1599774,0.5535399,0.08434853,0.6346492,2.3787067,0.12809801,0.10541618,0.36907235,0.10275572,0.6784906,1.6672724,0.9993932,0.7587213,0.48497382,0.7213889,0.545036,0.2631877,0.08798304,0.2834581,2.1513324,0.6222244,0.3715929,0.9426825,0.33000314,0.12325253,1.02521,1.080532,0.9571374,0.31872314,0.14453255,0.8636504,1.6753695,1.181932,0.33592814,0.14401756,0.016873613,0.09856912,0.5338914,0.013243728,1.6221986,3.6783624,0.15631673,0.5463467,0.4893498,0.20570077,0.08289092,1.2451955,0.5673894,4.4655185,0.16586775,0.0331639,0.78057235,0.12749277,0.9117027,0.7533482,0.31421524,0.5747664,0.5828138,0.68887866,0.4399484,0.46911907,1.069689,0.17437601,0.0459121,2.1784577,0.241563,1.8724462,0.23370393,0.6280428,0.86857355,0.8108519,0.99286157,1.5749303,0.25777858,0.04108929,0.70451325,1.1321329,0.923444,0.9712764,0.1591211,1.4898515,0.65288824,0.0058708354,0.18099411,0.1647917,3.2705047,0.37423596,0.27424443,0.78674704,0.51304686,0.26747695,0.3204739,0.2683023,0.43947625,0.80769074,0.9421115,0.049273577,0.6329433,0.12267066,0.16674918,0.28908747,0.79700655,2.5178456,0.2689524,0.48161688,0.45880127,2.4225748,0.15928233,1.3778886,0.019781895,1.25025,0.09347133,0.0,0.016630618,0.40364584,0.61762553,0.36396012,0.14321162,1.681067,1.1822709,3.4181082,0.24261609,0.9459753,0.41213626,0.34028828,3.4719875,2.2920828,0.7502272,0.38686332,1.332619,0.3673303,0.5471765,0.8703701,0.29301426,0.50293404,0.17565459,1.0359704,1.2538414,0.5713429,1.0360719,0.0,0.41212744,1.6849391,0.28728485,0.0,0.09159836,0.49481705,0.44179055,0.72808456,1.1068547,0.007201555,0.044499777,0.3958845,0.5833533,0.0431423,0.16470955,1.589844,0.23000668,1.6818913,3.7182868,1.7352593,0.18810578,0.88345575,0.53779495,0.03570419,0.9802755,0.41133755,0.242554,0.25622547,0.12743275,0.09285054,4.2748084,1.3984118,0.097211696,0.20140457,0.110230125,0.13507773,0.33077005,0.036352124,0.16712305,0.0045099533,0.0041495343,0.4260798,1.3067164,0.7280279,0.16193874,0.5821608,3.0752108,0.75990987,0.76216686,0.23353596,2.627282,0.6400622,0.20593703,0.07733922,0.4005426,0.32151744,0.14344826,0.5657718,0.1044953,0.8535564,0.79788285,1.0945114,2.1110222,0.9566217,0.88590443,0.34545898,1.093363,0.18077344,1.0746028,0.46611625,0.31742895,0.25645503,0.78440404,0.9974829,0.7993012,0.3420802,4.636125,0.7354352,0.347265,0.0,0.047644567,1.0987877,0.3043654,0.5257141,0.066700466,0.067539066,2.8281698,0.0,0.12815164,0.0,0.01159225,0.07624733,1.999295,0.12448305,0.0,0.13341404,2.4322927,0.52585626,2.3285685,0.16048075,0.41273493,0.16288884,0.006494976,0.931986,0.37309933,0.39038637,0.5963199,all_pothole_images\pothole_images_2_image_488.jpg
0.41843238,0.9925518,1.6892152,0.93872553,2.0628753,0.30954155,1.2583715,1.1699407,0.025820537,1.0950354,0.3695009,0.13877447,0.7036317,3.483512,0.3637014,0.088402696,1.3024065,0.85072094,0.2677141,0.18541266,0.35153845,1.3033702,1.0442451,1.230958,0.45876896,1.3420192,0.4941146,1.2940134,0.49587265,0.092447996,0.12523587,0.15745756,3.0210977,0.41484874,0.35527223,0.7842432,0.51287436,1.4431566,0.08067284,0.019302705,0.3496168,0.9994132,1.5849488,0.8927148,0.96311015,1.4608729,0.7476819,0.0,0.2728796,1.2878414,1.516378,0.7836737,0.37270144,0.0495306,0.11074728,0.556344,1.2062792,0.05983913,0.5640553,1.0053482,0.13919021,0.4975293,1.2237657,0.2117002,2.8233566,0.9024166,0.87741774,0.20077129,0.573373,0.25822118,0.63307506,0.12527192,0.38357532,0.06626162,0.6967964,0.0946057,0.315364,1.7642915,0.36306894,0.015337581,1.1014493,0.39515787,0.067115635,0.3499998,0.4276784,0.26073962,0.08581801,0.6818197,1.414054,0.12755807,0.26758862,1.6304069,0.70659566,0.055050235,0.114718646,0.35904312,0.5136911,0.5429762,0.37410438,3.0215652,0.04876038,3.5661418,0.08381806,0.8326359,0.5853025,0.5802579,1.4446273,1.0028841,0.45444733,0.19917616,0.4312676,0.27558964,1.5562414,1.0197425,0.9594603,1.6448843,1.7143012,0.43993378,1.3573594,1.8092669,0.14653943,0.19239807,3.5291896,1.5115342,0.011718171,0.25576618,0.316496,2.0743914,2.2605753,1.6857219,0.8361548,0.6105671,0.21124099,0.9814248,0.40568036,1.6134468,0.38591728,1.0864685,2.5323634,1.2780733,1.431621,0.3505355,0.15338598,3.2609239,0.73368984,1.3259679,0.34875488,0.55438256,0.07195961,0.7221193,1.0684446,0.37993488,0.19763407,0.6625735,2.239133,1.4216467,1.667184,0.65300196,0.394632,0.77547127,2.4177277,0.44236872,0.19140075,0.45858982,0.49668851,0.0021200324,0.27496597,3.3432832,0.97776294,0.1566658,0.5848578,0.007710173,0.22329064,0.29911977,0.07559534,0.7400754,3.818016,0.74791044,0.12657009,0.5284923,0.23759718,1.3057617,1.1306393,0.61942315,1.7372962,0.3831204,1.2004535,0.5191851,0.021228034,0.12329383,0.28022838,0.29419997,1.2740988,1.6791047,0.27867392,0.9454239,1.8182254,0.8476301,0.5722785,1.2731701,0.06740244,1.0124167,0.78626436,0.080158055,0.9981806,3.1558232,0.23256373,1.7437953,0.48738867,0.67639714,0.3003573,0.11522164,0.7989622,2.1380105,2.2854593,0.8306549,1.0015103,0.5464695,1.8844495,0.61691344,1.429365,0.14210163,0.9761739,0.28208983,0.046223268,0.37070954,0.54072297,0.28133473,1.5044533,0.16337942,0.7204618,0.6371452,0.27087104,1.5212997,0.82249105,1.3055227,0.74148333,1.5022843,0.0,0.17939742,2.6413333,0.21196663,0.8286991,2.031934,0.14085956,0.017166143,1.3012682,0.988509,0.9558524,2.079746,2.7887504,0.14520171,0.116935536,1.31102,0.22932033,1.6699461,0.496289,0.06350932,1.4956778,2.160776,1.7646126,1.8466737,1.1527114,0.42908642,0.10925777,0.613548,0.0030011628,0.57686687,0.5043158,3.8101826,0.20109093,0.0697011,0.3921958,0.048341755,0.050002918,0.10500089,1.0392733,2.158671,2.6405714,0.6964153,0.33118796,0.48207676,0.28271177,1.0601968,0.71545464,1.0997019,0.4470276,1.8314735,2.153633,1.4573501,0.17141706,0.27043727,1.0644572,0.22425991,0.2118807,1.4122965,1.026182,1.1906276,0.013049736,1.6830689,0.5666273,0.268465,0.48047695,0.45442253,2.723941,0.67059356,0.2893329,0.45993647,0.12566027,0.2029916,0.7558083,1.3995852,1.427694,0.3512183,1.1011777,0.19083472,0.2724933,0.67834073,1.9498148,1.4398605,1.8143306,0.08490095,0.063288555,1.6971105,0.42180547,1.5657557,1.859947,0.4747705,1.0369508,0.72542554,0.81418186,0.12527712,0.18180498,1.0757251,0.8395623,1.5103145,1.0263275,0.33468258,1.5031979,0.0,0.7060715,0.3895129,0.9439434,0.3641135,0.6233191,0.82362163,0.18271446,0.19307557,2.4599557,0.51352865,0.3210884,0.2764216,0.03318071,0.7111026,0.14309365,0.4510952,1.8262315,0.8873859,0.18252361,0.29480812,2.104661,0.17566186,1.4855362,0.1547111,0.0023459257,0.017865892,0.26520646,2.4086936,0.93135566,0.72364324,1.1794059,0.3560991,1.4774802,0.32427686,0.24998407,0.6112494,0.8806669,0.92312145,1.2374872,1.176643,0.28158,0.078794114,0.07938721,1.0796536,2.6075015,1.098676,2.288311,0.5703419,0.43704465,1.4546789,0.6557561,0.99779874,0.9834699,0.6714966,0.4784116,0.19883431,0.6998134,0.29437664,0.5723894,0.28066593,2.4319324,0.8653435,0.17310873,1.8682147,0.3574409,0.34375486,0.75532544,0.45502844,1.6322455,0.4234173,0.7988009,0.42668983,0.12574676,0.5777772,0.3871079,0.29351,0.5905339,2.667434,0.058479074,0.47467732,0.82700133,0.7308843,0.83920777,1.4140538,1.4276993,1.8216397,3.0454726,5.5908246,0.8351968,0.4562577,1.1217277,0.26669654,0.046370286,0.81455356,0.6086144,0.73831224,0.5978386,2.1273746,0.25601232,0.22524269,0.6110513,0.78515303,0.48956034,0.5407254,1.6151358,0.6164284,2.5661294,0.08075857,0.54254913,1.5758995,0.6244067,0.75175256,0.19924788,0.06693109,1.4943285,0.04855948,1.5318433,0.46804592,1.245129,0.4317738,1.7410754,2.0869393,0.59471136,0.7625542,0.71386266,0.29212922,0.004382487,0.52227414,0.65305036,0.2691219,0.3376277,0.9720831,1.5642774,0.50276536,0.005586533,0.004780753,0.88675207,0.80174536,1.6958553,0.095757805,1.1928204,0.7865372,0.10133842,0.44109663,0.09281608,0.542026,0.9817152,0.3824257,1.3332385,0.20061761,0.5784853,0.32748,0.7215251,1.8117925,1.4532958,0.46798596,0.36439148,0.34170002,0.17743294,0.49262103,2.803491,2.2253244,0.20157383,1.3305436,0.63565683,0.26522356,0.32597452,1.4471849,0.26969388,0.45552233,0.47583345,0.94815916,all_pothole_images\pothole_images_2_image_489.jpg
1.3118327,2.6356928,0.50825435,1.9764658,2.0026708,1.3461204,0.77025235,0.17916721,1.1287059,0.6286027,0.08622258,0.5208982,0.14643134,0.27112228,0.42866138,0.12546515,1.6341126,0.10780706,0.13448234,0.33315644,0.8579844,1.135615,2.1349747,1.5639119,1.0222644,0.13008448,0.0032752785,1.7914282,0.009545899,0.80884075,0.61646307,0.016779331,0.9503973,0.9100738,1.2652667,0.87881124,0.3728446,0.44851416,0.0,0.68667614,0.1894664,0.23448133,0.11155428,0.09827414,0.97774255,0.18106228,0.034577265,0.6798931,1.0198531,2.334027,1.037073,0.2895347,0.50741017,0.28018856,0.61916995,2.0136926,0.40235138,0.3772755,0.66832006,0.38979614,0.22464904,0.100686364,0.13624638,0.19112842,0.46811378,1.4614849,0.4296041,0.54972214,1.2727159,0.11938697,0.5514106,0.29747266,0.9905748,0.5294256,0.37783107,1.4895668,0.087505005,0.9252498,0.34892112,0.30374262,0.22776872,0.73753774,0.28114378,0.39918715,1.7207143,0.5551262,0.020030057,0.71615934,4.085437,0.5140117,0.66738415,0.17900196,0.57408,1.6637106,0.63771135,0.0038754458,0.7806951,0.28189683,0.9608112,0.65958416,0.0,2.8604066,0.9144765,0.7340658,1.5013953,0.0048278333,0.28257325,0.028418927,0.07960749,0.92448187,0.015204815,2.8563151,1.0064051,1.2045124,1.0321859,1.9324316,2.264828,1.155122,1.621218,1.3088038,1.2238276,1.0380936,0.5617265,1.30324,0.121622644,1.2942959,0.08072352,3.116688,0.5739686,0.20209411,0.6660192,0.14863734,0.612913,0.1349306,0.594047,0.8336596,0.1050265,1.0077907,0.65926003,0.2670309,0.2682729,0.41881892,0.5517345,1.5060701,0.23911728,1.1542027,0.3477912,0.3594469,0.00066485425,1.0382004,0.65865326,0.4688305,1.1101665,0.114932664,1.5503848,1.7420987,0.3841183,0.17877921,1.66212,1.446665,1.9824181,0.59450287,0.12644416,0.33192208,0.36730337,0.97255987,0.08508676,0.25044256,2.5851705,0.19559091,0.00769049,0.0,0.38015354,0.6014695,1.6303225,0.1422009,0.9022247,0.011529531,0.09572183,0.058845922,1.4018495,2.2873588,0.8048027,1.4644498,1.8742296,0.5379883,0.3827093,0.89485836,2.0792592,1.1042966,0.46955833,1.0472785,0.41445938,0.46100786,0.5355153,0.82072884,1.9680147,0.22841892,0.5312922,0.941622,0.38325724,0.740153,0.014903165,0.50106305,0.86402893,1.6214945,0.39030883,0.6212767,0.753578,1.0793337,0.15437926,0.11005325,0.78593755,1.4696541,1.6441973,1.534866,0.23578966,0.089276604,1.3557074,0.4985171,0.5647266,0.0,0.84505385,0.69077414,0.18409902,0.7386358,2.4745677,0.68218076,0.72173774,0.033741973,0.17711793,0.3486111,1.4776702,0.88425535,0.9489727,0.1637881,1.5791653,0.5981148,0.3212207,0.25234604,1.4111539,0.10703863,0.18427098,0.27524337,0.0506654,0.17457704,0.8898499,0.07237108,0.93118644,2.35794,0.79092777,0.44787806,0.9146072,0.366372,0.66938704,0.07486577,0.52053833,1.0529966,1.0577074,2.823685,0.5598998,0.39780527,0.76272637,0.3396829,0.15775836,0.420495,1.7155217,0.024506941,1.1891646,1.4303643,0.7984823,0.033129405,0.107522674,0.454623,0.5623139,0.60324246,0.6062407,0.9721883,0.11059771,1.2162005,0.014927624,0.7151325,0.4077978,0.12625489,1.2076399,0.40704015,0.31835303,1.2442027,0.7488902,0.45423737,0.07517354,0.6041501,0.16722746,1.8878542,0.16888288,0.018670565,1.7390465,0.934578,0.21839651,1.4786199,0.25929037,0.05256936,0.51452506,0.5353594,1.1894552,0.6495107,0.090524256,0.72508407,1.9522758,0.241277,1.5778425,1.2231565,2.4414723,2.5758266,0.10444972,0.8641252,0.10665852,1.28042,3.236644,0.12267964,1.0593052,0.40203375,0.6903171,0.22266144,0.8386282,2.1647475,0.15226012,0.5720544,0.49478778,0.5267125,1.9924517,0.07833857,0.1002358,0.36929297,0.15417562,0.33883202,1.4561418,0.0066554826,0.08437408,0.6134241,2.6892884,0.5823841,3.0296197,0.039009895,1.0261889,0.4851464,0.83682156,0.22450785,0.13730443,0.5358033,0.23478675,1.0452923,0.52679735,0.56263626,0.09736001,0.4571409,1.1988788,1.3908411,0.77759254,2.2873244,0.13608044,0.5358291,0.42141595,0.73709065,0.009118215,1.4715072,0.8172903,0.5242568,0.5587864,0.23481625,0.626498,1.2503481,0.35089853,0.45885542,1.9639506,0.45475185,0.6894593,1.3997217,0.49439892,0.48388654,0.8953474,0.15855293,0.54644084,1.3839406,3.062644,1.8042648,1.3609173,1.124864,0.8272713,1.761924,0.25038412,0.88247913,0.14140975,0.15828437,0.18153669,0.0445851,1.7503989,0.44776434,0.54662806,0.2038383,1.5800608,0.061138377,1.0009847,0.30536598,0.73930293,0.07245089,0.0521652,0.30766842,0.10894544,0.42001295,0.3083236,0.86359406,0.5484547,0.14970773,0.0040989965,0.41097528,2.8148453,0.325428,0.82555795,0.058150142,0.41898453,1.7242606,0.8385635,0.8093108,1.7922605,0.9936598,0.09802876,2.490133,0.73924124,2.1090748,0.14726776,0.8109547,2.5926855,0.27686518,1.0727835,2.6223316,0.62929875,0.60457236,0.044123825,0.2340064,1.5530622,0.46582317,0.30729923,0.22651783,0.6239191,0.13031471,1.8817054,0.2871685,0.41589317,1.4209545,0.40976894,0.73740196,0.72932446,0.25515774,1.5172492,1.0305599,1.2619973,0.12821218,1.0490243,2.6861491,0.62536293,0.6944141,1.9358948,0.7579051,1.6740719,0.43791693,0.9325815,0.008436119,1.6915568,1.4870337,1.8054847,0.5839412,0.4915804,0.8911711,2.339969,0.461409,0.03600082,1.9422257,0.5535802,1.711846,2.0422966,2.8516114,0.8192316,0.78099376,0.22909236,0.0006704724,1.2184469,0.35831195,1.1004897,0.05926753,0.6567966,1.5919667,0.21921115,0.020579632,0.6195373,0.27510598,0.16910747,0.054488435,0.78151095,0.026087685,0.8477146,6.265335,0.7488999,0.51427394,0.9352665,1.0979711,0.14803039,1.3026222,0.3407714,2.5695457,0.35113162,0.43903536,all_pothole_images\pothole_images_2_image_49.jpg
0.6231144,0.8596325,0.75455225,1.0160024,1.4625773,1.0813707,0.5982417,0.66754085,0.4189139,0.5682406,0.1479015,0.34007022,0.052538063,2.456763,0.09342125,0.51085013,0.024715085,0.36396042,1.074966,0.084474444,0.26035377,1.6799484,1.4055461,0.5283864,0.38393292,0.9856913,0.5072184,2.7287467,0.8588291,0.13440391,0.09126143,0.4838229,2.3099277,0.78882504,0.1101959,0.4169918,0.6803559,0.104588,0.8771404,0.33868998,0.32128015,1.2029907,0.24045089,1.3746498,0.14936072,0.5958735,0.17400019,0.41085848,0.43873233,0.34787142,0.30612186,0.01180554,0.06841939,0.22958371,0.10212244,0.12813011,1.3114722,0.026837826,0.33915484,0.45370558,0.7458189,0.5016773,0.68838423,0.05971021,0.6272233,0.580434,0.74982256,0.025921004,1.4754028,1.0390897,0.58715045,0.31572306,0.8188244,0.1217416,0.26011473,0.21286564,0.6432225,0.31382006,0.7044257,0.2580526,0.11712206,0.10466514,0.06382161,2.0970573,0.17896745,0.21180105,0.8585855,0.34079963,2.0250635,0.18534602,0.6153826,0.49301237,0.03574455,0.009746634,0.0020412463,0.52889866,1.7952385,1.0216671,0.46921745,1.0068163,0.2770091,1.9285895,0.13049906,0.10473982,0.22160964,0.18892907,0.74967766,0.3293662,0.20261346,1.15349,0.42075402,0.44776917,0.23660831,0.2130742,0.16677424,1.3016789,2.356261,0.14844972,1.006222,1.2365412,0.5179741,0.004708733,1.7272806,0.19815502,0.0017841529,0.9170942,0.533197,1.6338809,0.41629493,0.6831284,0.51787055,0.54887044,0.32745454,0.89968836,0.1688212,0.13319376,0.10238145,0.14830273,1.1745048,0.40463,1.0882742,0.4895011,0.10556116,0.92734104,0.46409416,0.25374135,1.0373988,0.1973709,0.45840165,1.6694927,0.4924443,1.3343328,0.06997429,0.70923305,0.82534474,0.97244173,0.49293688,0.9231841,0.32044715,1.118064,1.0527508,1.5523663,0.194819,1.784593,0.37427023,0.3321668,0.20475565,0.78421426,0.97286487,0.073373236,1.0986452,0.15705721,0.339887,0.50007296,0.47095552,0.23675613,2.2017255,0.3686569,0.34434927,0.29502696,0.06470347,0.7135958,1.0021203,0.4631572,1.5015748,0.67811596,0.52138376,0.21342821,0.16794536,0.48425743,0.5828009,0.073039226,0.73684317,2.1163828,0.26894134,0.06350962,0.64132357,0.106586844,1.0235527,0.4183621,0.08028386,0.74631,1.6846915,0.10777071,2.4227142,1.5440706,0.26556537,0.88943046,0.25870273,0.13307215,0.1243401,0.0677096,2.3970108,1.2073604,0.6994493,0.077539474,0.7397344,0.430224,1.4665893,1.0726748,0.5295726,0.6572188,1.0560923,0.8154221,0.106441855,1.0964407,0.31798044,1.5292559,1.1372919,0.14204545,0.22859822,0.5315801,0.52656305,0.060199134,0.80412763,0.9777169,0.7043733,0.8455297,0.1261129,0.06470803,0.62654746,0.028859489,0.3257809,0.65762436,0.19654407,0.13067067,0.5440049,0.31544676,0.69680506,2.3536325,1.2655283,0.1750803,0.15794067,1.1122262,0.085423246,1.0749028,0.43244365,0.06521248,1.2004534,0.33130077,0.41117552,0.3203346,0.3205304,0.4240465,0.065674044,0.24989471,0.10278266,0.37065136,0.1414179,0.55445284,0.24498834,0.024239141,0.005303119,0.20889266,0.021920636,1.0871488,0.86623317,0.78393745,0.88889724,2.0713944,0.58303934,0.28269175,0.056965176,0.29559332,0.99351096,0.13601671,0.96903676,0.5203635,0.96062857,0.19086699,0.532487,0.4363367,0.9975792,0.8818466,0.09487988,0.25619105,1.5127597,0.7347613,0.330289,0.24919973,0.05188719,0.84205306,0.35372978,0.24029712,1.8408995,1.2349664,0.17318766,0.36635464,0.11857236,0.2876657,0.76621586,1.5102704,2.262914,0.22615477,0.40780067,0.101080716,0.8275823,0.33969438,0.81482446,1.0794222,0.32635775,0.5186466,0.10578544,0.60972536,0.54102117,0.7628734,1.6155835,2.446877,0.3049721,0.5145393,1.3522731,0.2595844,0.29346853,1.7883848,0.1615344,0.07903795,0.3833207,0.2354507,0.7186031,0.030922214,0.1137314,0.24178442,0.4800856,0.06685648,0.9932389,0.2766314,0.19675426,0.27905875,0.6882368,0.7428383,0.042278513,0.42138493,0.26530692,0.8125154,0.5368138,0.06910065,2.7715015,0.88142484,0.97602284,0.4561792,0.28756666,0.020249953,0.5684794,0.19514193,0.37113133,0.111681536,2.1820955,1.9861304,0.4436917,0.9334643,1.5639349,0.10514644,0.41045743,0.2237152,0.11138055,0.5255068,0.40478313,1.1820911,0.17389305,0.20499098,0.30686915,0.043995067,1.4753475,0.21631822,2.9960892,0.82563657,2.0992298,1.0612957,0.36498493,2.1745107,0.90429837,0.2760647,0.44890907,0.13240997,1.2243512,0.2117026,0.22658342,0.5398193,0.31369406,1.180304,3.6849327,0.38993853,0.19378407,0.8636174,0.42408314,0.11392048,0.9926108,0.6568604,0.21289553,0.057983622,0.53032285,0.61322254,0.69841343,0.6172151,0.27154848,0.70763934,0.8313435,1.0620636,0.20769748,0.11194716,0.8626438,0.035386328,0.3071998,0.86126035,0.5233758,0.57640153,0.20606755,0.76851505,0.670474,0.7352057,0.33506626,0.62700677,0.44323236,1.1417675,0.82323134,2.7620068,0.42620754,1.0254246,0.02860485,0.04776466,0.013591369,1.3760808,0.7543536,0.11650687,0.36223266,0.96116906,1.0183228,0.8074591,0.09784537,0.11096419,0.1645233,0.5320024,0.2794202,0.08462833,0.16176082,0.3387725,1.512061,0.7376425,0.93674356,0.45460325,1.0766755,1.9241197,1.4245917,0.7824565,0.050496377,1.1549056,0.0647832,0.23187236,1.401137,0.7875408,0.9580668,0.50962716,0.23282573,0.6701927,0.21640328,0.30492005,0.5865019,0.084374234,0.4522445,0.3017786,0.53317034,2.2695196,0.2977512,0.07171522,0.013644875,0.21911936,0.68460006,0.0026196707,0.33477908,0.122133955,0.48129323,0.96779513,0.6917941,0.4562807,0.79768634,0.31157175,0.57619345,0.13377754,0.00940731,0.23481335,0.6367416,2.598874,0.27203938,1.8215166,0.4130972,0.026894402,0.011632043,0.9569433,1.0843589,0.8206323,0.47636777,0.24220875,all_pothole_images\pothole_images_2_image_490.jpg
0.34737453,1.8624166,1.2693553,1.8304102,1.1360961,0.45873764,0.2647288,0.73333114,0.90310323,1.0434746,2.011097,0.111819126,0.05221432,0.9567276,0.69764715,0.91894716,1.3292897,0.06769844,0.38093916,0.80359614,0.19452663,0.10441905,1.0067158,2.4761176,0.31187093,0.12038823,1.4421214,0.87966746,0.7836005,0.4692554,1.6464419,0.2723772,0.06105929,0.04982462,1.0933799,0.36783785,0.31088814,0.5782944,0.31821576,2.4539213,1.000369,0.8321429,1.253274,0.021965737,0.5556392,2.3343387,0.0,0.8949033,0.035335913,0.21009336,0.0056553604,0.7308756,0.16556905,0.18611476,0.6771715,0.6999762,2.6290398,0.617496,2.3328872,0.15460376,0.21656737,0.3102288,0.047146622,0.9547142,1.2864347,0.64609706,0.46752477,0.6127276,1.0647365,0.93216795,0.68936324,0.67188144,0.9992453,0.36185652,0.17778616,1.7236218,0.32139906,0.9703141,0.11282642,0.0019825771,0.057253096,0.724803,0.25002742,0.34959278,0.4228742,1.1151222,0.6004095,0.08488048,2.4935317,0.27223718,0.35290372,0.36189428,0.27141482,1.0888315,1.0302558,0.17871043,2.627425,1.7739955,0.7609256,1.2928742,0.29718804,2.2332027,0.07671442,2.2548463,1.1641272,0.14141929,0.67633086,0.6072714,0.08450745,0.8223941,0.26473045,1.2357366,0.9791861,0.17160127,0.0987444,0.10890633,1.0992737,0.120161325,0.31980145,1.1327871,0.17299005,0.64780766,0.06317936,0.85171103,1.0529243,0.29808512,0.8505224,0.4990604,0.49385855,1.0710948,1.672996,0.046649367,1.5295712,2.2844064,0.54553795,3.2572165,0.7153352,0.537052,0.10437663,0.0,0.49213162,0.46521878,0.66147906,0.30429915,0.65410674,1.3384792,0.36148643,1.0000279,0.39213073,1.0340745,0.78675246,0.23301522,0.046339273,0.9888377,0.7364131,0.092455044,0.022175845,0.0068915607,0.8035809,1.8716178,4.448395,4.973938,0.40015888,0.4672165,0.20635352,0.20458579,0.6447385,0.19845603,0.9827728,1.8169613,1.5376496,0.050558638,0.0902841,0.12040123,1.0914496,0.7151086,0.48244253,0.2777833,0.85067576,0.08241084,0.84365845,0.040340204,1.0525922,1.3897502,2.5885642,1.1473298,0.17755681,0.18129984,1.6960137,0.48070756,0.82683545,0.7719153,0.594292,2.6185029,0.6102283,0.73772883,0.49803156,0.5224683,0.9654442,2.7799037,0.28607577,0.63868695,0.03511216,0.61562556,0.3903889,0.66679007,0.36758262,0.2992247,1.1308239,1.1222304,0.020512177,0.25103736,2.3692255,1.4336245,1.4856122,2.2096393,1.7903539,0.059687298,1.0314715,0.15689622,0.37575293,0.22739959,0.6982532,0.19508012,0.0,0.24115176,0.95533425,1.5973551,0.4510369,1.3167549,0.7340457,0.17867994,1.1836995,1.1142595,0.30250984,0.10913945,0.38998032,0.49834487,1.5908021,0.38789126,1.3696817,0.49292672,2.1584828,0.22397445,0.40545794,0.2054485,0.3803832,0.23596601,1.0075116,2.4134493,0.42803866,0.2621673,0.33434448,1.072662,0.26832733,0.42754304,0.97947425,0.5138242,0.7350085,1.65821,0.08182975,0.20254056,0.92074436,0.08674974,0.5082849,2.6474397,0.6704511,0.5578354,0.21191107,0.49254623,0.8157819,0.115152396,0.36736235,1.482642,0.992019,0.63267094,3.0513406,0.08718056,1.2702491,2.372412,0.6163684,0.4166555,0.35183188,1.4817731,1.2258008,0.71487737,0.19779983,1.4031703,0.11057053,0.083383985,0.8023629,0.6371709,0.051183913,1.2024021,0.20422874,0.8199942,1.0589006,0.008942498,0.48426455,2.2573805,0.13507198,0.18055086,0.011823863,0.049437895,0.014564582,0.9567635,0.040747087,0.95271826,1.6112901,0.5281242,1.4037615,1.3795694,1.5100201,2.6078014,0.15495275,0.05417966,0.5065669,0.90418506,0.53675205,0.34502104,0.98407596,0.44957733,0.584804,0.10696361,0.9217858,1.677417,0.02157553,0.43041003,0.8053277,0.37849122,1.1556822,0.6302844,0.81213796,0.83463424,0.44099268,0.4238898,2.2472746,0.651215,1.8686311,0.27075142,0.6792386,0.44413954,1.0138134,3.4204886,1.0864731,0.48338348,0.22348207,0.33714262,0.43829516,0.30037028,0.10507667,0.85873955,0.21745071,0.5709365,0.17249694,0.9682037,0.08906321,0.0041846214,1.5137253,0.22917697,1.2818003,0.055490453,0.9803269,1.2335124,0.27818644,0.29770654,0.6473397,0.40899062,0.015415884,1.7698468,0.9070086,2.0744567,0.38344383,0.48211834,0.60612446,0.12057227,0.023069914,0.3665012,0.53348595,1.978529,0.18643165,1.1410094,0.4659761,0.43601394,0.48631337,0.806792,0.18084498,1.271703,0.2492652,3.22888,1.1866717,1.6721125,0.062569715,0.62406456,0.42515743,0.17112961,1.9057261,0.26776537,0.49936238,0.23230435,0.0033444122,1.1341096,0.11083752,0.33242053,0.021589065,0.48820105,0.41350943,0.30937538,0.5660009,0.29336262,0.27707377,0.026409557,0.0789615,0.53683674,0.005272154,0.51476765,4.3345942,0.063248985,0.9133797,0.009697471,0.8676778,1.3281379,1.6610506,0.37177956,2.5213158,0.27747038,3.0999534,0.36563072,0.8626037,0.49763095,0.14904624,0.5246479,0.72782385,1.2092464,0.5744975,2.5575,0.5944804,0.9387264,0.8222248,0.3567267,1.5299287,0.2817492,0.015581966,0.7381485,0.0,0.11202744,1.1145837,0.05340308,1.9394412,2.050588,1.9864495,0.19712053,0.087904714,0.1073611,1.0431694,1.3736811,0.14690885,0.6256763,0.3856152,0.4489367,1.2681117,0.9154021,0.7609842,0.14955221,0.23812963,1.1743286,0.38199952,0.0354082,0.72364813,0.6817829,0.9487442,0.70178133,0.05082905,0.26937643,0.8091661,0.36853313,0.17694901,0.27539226,0.7689064,0.5766392,4.996165,1.4317365,1.0369616,0.98220545,0.03645709,0.88453126,0.8538219,0.5495287,0.32888234,0.153212,0.36839333,3.8954554,0.48702204,0.11902809,0.19056582,0.5726128,0.30188966,0.256117,0.72860265,0.03007351,0.08427341,1.6654816,0.4950774,0.32093644,1.1542598,0.5356544,1.7003485,1.3814071,0.10533798,1.8766261,0.9052145,0.13267389,all_pothole_images\pothole_images_2_image_491.jpg
0.0906114,0.97492486,0.011795506,1.2695273,0.26194993,0.111875646,0.80215186,0.67516005,0.68266815,0.44947317,1.2566212,0.58382833,0.31506696,3.9354446,0.026722964,0.25109437,0.5630653,1.6080817,2.4740152,0.16577488,2.5593681,0.8454379,0.044238504,0.45671165,1.387408,0.2984577,0.56275314,1.2980139,0.15906578,0.5786993,0.2572508,0.4516357,0.0417175,0.3277446,0.13088185,1.6007075,0.14465119,0.6247001,0.9971864,0.5540941,0.0050790296,0.013165804,0.3844691,1.7651856,0.2511373,0.071890175,0.036114946,0.01906762,0.56976837,0.64434916,0.590112,0.038343176,1.1980488,0.2289716,0.37578177,1.8242109,1.025231,0.13330588,0.02956058,0.013203172,0.5769335,0.22076419,0.5142875,0.15647756,0.13150238,2.4708602,0.26486856,0.41614926,0.081699446,0.1011596,0.4372549,0.006669015,0.35173926,0.39903164,0.47759762,0.062386442,0.15568958,1.118596,0.006552065,0.1992047,0.12523843,0.063074045,0.4276028,0.24629226,0.83759844,0.008229183,0.008223448,0.056331214,1.6459259,0.033863436,0.7946206,0.016004918,0.0068516303,0.2015633,0.037741903,0.16257916,0.4824547,1.9626931,0.5252818,0.0010812349,0.20417042,3.28075,0.99259514,0.08942742,1.2077764,0.29807642,0.062157743,0.04888174,0.005991474,0.36583838,0.04640344,0.04013607,0.010133479,1.0842828,0.63399565,0.09012496,0.2087159,0.18573101,4.0381737,1.0564083,1.8810649,0.76671964,0.04441406,0.40308627,0.35485783,0.7545487,0.109120384,0.06107529,0.41824293,0.30466887,0.0040470646,0.6630716,0.041824948,0.4708017,0.06290804,0.023648592,0.99932224,0.65293765,0.004944222,0.057669442,0.9246158,0.0033497675,0.18800054,0.3694181,0.055420768,1.0357143,5.9503865e-05,1.393209,0.33993828,0.36535218,0.018915694,1.8418485,0.0011951253,0.05503501,1.4558203,0.7172288,0.16513652,0.5437602,1.3929955,0.19384994,2.5703652,1.7199697,0.04035409,0.74947494,0.42650872,0.73035645,1.4811709,0.14258787,0.7679574,3.1752985,0.8271393,0.029808315,0.031979322,0.32789788,0.34347168,0.28906482,0.12787217,0.13923539,0.047845572,0.010164619,0.5381767,2.7246773,1.7387047,0.1698773,0.19200379,1.1346502,0.47738934,0.90699905,0.049100418,0.8541341,0.56417185,0.094481476,0.18672399,1.73994,0.11676087,0.8259254,2.738276,0.0,0.17632397,0.7064855,0.41605267,0.86427593,0.4704856,0.40920594,0.3350793,0.17392096,0.9312363,0.15248305,0.26978144,0.106339455,0.13481238,0.0146972975,0.36708063,1.083598,1.595164,2.0327306,0.096486166,0.34555373,1.5878588,0.05027435,0.1994477,0.24724874,0.044190012,0.12355865,0.0,0.04301005,1.2005723,0.005428423,0.75989366,0.09973065,0.0133357765,0.07788217,0.8303744,0.36563838,0.037497744,0.4278285,1.5959687,0.43699116,0.09480656,0.02249036,0.14992924,0.23075224,0.26289526,0.32305822,0.012122476,0.15609048,0.106931165,0.7999876,0.48718378,4.9623637,3.0865328,0.7666395,0.19654714,0.81377745,0.56498486,2.172856,0.09877362,0.6327518,0.6869875,1.8613521,0.42540258,0.32299757,1.199599,0.0,0.43755534,0.22443627,1.5359244,0.6032575,1.4135346,0.08138612,0.019063052,0.009687206,1.9315095,0.4926585,0.1654759,0.22005641,0.0039393073,0.076394014,0.5630563,0.25592998,0.2633812,0.4060808,0.63416517,0.2258201,0.05181734,0.21652389,0.3554315,0.39014956,1.29615,0.073073074,0.031781536,0.19696218,0.0019341481,0.5478925,0.14949399,0.10156801,0.0028015545,0.039857984,0.025620233,2.9755242,0.45652914,0.6644519,0.16298932,0.7019125,6.400048,0.042612813,0.69990414,0.045096416,1.1824251,0.10532081,1.0039304,1.4070408,1.12947,1.4460866,0.51048964,1.3768778,0.053421184,1.8419889,5.990651,0.46083823,0.049859904,0.11736948,0.887122,1.5739839,0.017746387,0.90293336,0.35458747,0.06893012,0.07674153,0.34958476,0.29649878,0.21496633,0.4708223,0.0020826254,0.12773015,0.083126746,1.8037171,1.338769,0.610937,0.6974218,0.56426513,0.0,1.360142,0.5806489,0.97367096,0.15476668,0.95781034,0.5244748,1.1186273,0.058450937,0.11961199,0.5044915,0.85164607,0.0546588,0.78108,0.3881901,0.12795392,1.8634675,0.70578253,1.898761,0.29944012,1.2050593,0.35400218,0.83132994,0.07743427,0.101331316,0.34340605,0.019741634,0.23359841,0.029465327,2.4875903,0.032255862,0.22042881,0.110561386,0.3059206,0.08517863,0.29788724,0.0076099075,0.40691492,0.85978174,1.0307097,0.048091315,0.0,0.37219942,2.0160656,0.1451767,0.4184168,0.01470478,0.3695688,0.95453286,0.22944196,0.0,0.2789756,0.019298943,0.016555265,0.15023722,0.5577017,0.62727106,0.5468711,0.08404265,1.200776,0.9032863,1.0043375,1.0939082,0.15535288,0.16668436,0.38220736,0.71106124,1.0758146,0.011229234,0.10041864,0.49235743,0.28450176,0.8778596,0.19503455,1.363548,0.10897196,0.24701099,0.017159728,0.0,0.7194104,0.86850804,0.09796621,2.201342,1.9171988,0.32423317,0.33037433,1.2212644,0.16827509,0.10196697,0.52238715,0.17478116,0.5582693,0.047407743,2.2821565,2.5307088,0.08373335,0.19684121,0.0,0.16300233,1.2605467,0.13102496,0.017410671,0.0038751354,0.38949624,0.0,0.801353,0.36739755,0.7194295,1.8585495,3.4065483,0.24532688,1.5629997,0.57186925,0.44093275,1.0018718,0.7827968,0.008574789,0.40185192,2.2244267,3.3991182,0.5877524,1.9056226,0.0,0.9702634,0.046468258,0.33592427,0.0,0.3403212,0.9504075,1.1660825,1.0168118,0.21736956,0.2033892,1.6897838,0.8630942,0.60314393,2.1057913,0.09380879,0.24552818,0.42001474,2.5157568,0.73480487,0.05115366,0.02604525,0.0,0.6319529,0.09376149,0.8920271,0.21521854,0.80045867,2.2501078,0.24370244,0.044527043,0.0029270102,0.4274301,0.014845086,0.15965123,0.0016895441,0.026594147,1.0285971,2.8113596,0.38318977,1.1408606,0.39078957,0.56627816,1.5296673,0.91558075,0.12880182,0.02443863,0.04058789,0.34616485,all_pothole_images\pothole_images_2_image_492.jpg
0.31280065,0.4493302,0.7363096,0.5952375,0.166751,0.0,0.27939242,1.2204083,0.6616714,0.15970042,0.017303843,0.5457068,0.6201474,0.45910484,0.4426791,0.37676963,0.008816555,0.32953376,0.62950224,0.21855778,0.11911958,0.04369766,0.37942207,1.3833053,0.6671543,0.0,0.7154577,0.40295473,0.09649808,0.17479122,0.48963305,0.5626454,0.0058842646,0.75983304,0.66872793,0.503375,0.20676684,0.03843673,0.05205141,0.08522158,0.2250004,0.51547635,0.76956975,0.28270698,0.22640657,1.0871282,0.116867326,0.18410717,0.24823827,0.38663647,0.36183617,0.5748931,0.896869,0.0,0.35070628,0.28318265,0.12774152,2.147703,0.09386588,0.34611338,0.53429896,0.07323298,0.4912828,0.0,1.7306414,0.24012414,0.015023725,0.06368867,0.09347777,0.20355478,0.030017877,0.6176,0.1162338,0.27865225,0.1548368,0.07429817,0.34316412,0.60009474,0.4644094,0.009464479,0.22204185,1.5320109,0.21458144,1.0633031,0.3275299,0.22852391,0.14601937,0.11407251,0.5105409,0.24443486,0.047649927,0.36314496,0.18715845,0.12318177,0.11254654,0.38140377,1.4709592,0.37718925,0.0029659956,0.12534712,0.5950501,0.17783149,0.40721262,0.63672554,1.4926916,5.5586534,0.6517987,0.299335,0.26378903,0.08831037,0.6842738,0.0,0.68753076,1.7452089,0.30764824,0.2297892,0.3840364,0.3580015,0.029161233,0.37849227,0.8233327,1.082834,0.7683887,0.09397598,1.3508189,0.39601976,0.2378264,0.0036830853,1.4654968,0.7253208,0.706435,0.19373481,0.13919054,0.02594139,0.48463744,0.16118298,1.4002454,0.0,0.17504178,0.031658392,0.31217352,0.4976966,0.5044154,0.63825136,0.34764987,0.482221,0.2212168,0.7532271,0.2625735,0.21721639,0.10608175,0.27023512,0.23070768,0.69482076,2.2860625,0.22049913,0.9085244,0.117917135,0.14793575,0.10736975,1.9331235,0.44314682,0.46991712,1.8621587,0.43696457,0.20042928,0.8081404,0.23829362,0.2595759,0.71674407,0.014135132,0.048347075,0.16140318,0.045412097,0.9217009,3.2706816,0.5206279,0.3771772,0.032852698,0.2650235,0.32760638,0.33792502,0.0,0.85759,0.087125614,0.038068183,0.24819215,0.72323257,0.01378806,0.036833126,0.34274969,0.53264564,2.8601859,0.72164863,0.20109877,0.48884472,0.18386802,0.7322574,0.23359345,0.34617358,0.43774468,0.69198656,0.20847304,0.19663376,0.102666736,0.3412171,0.06569128,0.043031048,0.1798509,0.15722251,0.29205188,0.04171397,0.18187784,0.22474633,0.076411515,0.31093132,1.5267258,0.1555994,0.16207065,0.0126952175,0.53890926,0.3202589,0.9109376,0.1084872,0.24983588,0.071166575,0.29697677,0.22904119,0.9656455,0.29149696,0.26485583,0.102116875,0.29225245,0.19744046,0.3323421,0.28630814,0.8315131,0.8358048,0.7887175,2.0735097,0.4066529,0.12402618,0.06965497,0.41832295,0.6322826,0.5799195,0.4748286,0.32893652,0.55323684,0.44074166,0.13518286,0.010881674,0.19727723,0.18258502,0.22555758,0.14036112,0.009860931,0.059775595,0.18597199,0.059836715,0.5805579,0.6004046,0.27878654,0.0014766087,0.085337095,0.22357886,0.35245708,0.32875633,0.7729657,1.469424,0.47627583,0.1489581,0.19603623,0.38441682,0.15045235,0.15026169,0.64279026,0.9119195,0.67238295,0.17676648,0.016472658,1.0075556,0.67539173,0.06053742,0.16036345,0.1368135,0.017784642,0.81162477,0.51687276,0.0060407124,0.63169074,0.10142371,0.32534263,0.27077076,0.5883869,0.0966713,0.67544204,0.0,0.79510605,0.59337395,3.2438297,0.02544834,0.4741327,0.0,0.0,0.0012312056,0.26122612,0.024594847,0.028492117,0.21419461,0.013736027,0.6158646,0.2070757,0.24196288,0.9656286,0.04176679,0.016268002,0.24807507,1.059019,0.76065296,1.9691836,0.07290953,0.5339571,0.74859977,0.17316337,0.09018873,0.18902801,0.27742276,0.15531157,0.95423716,0.46483052,0.06694317,0.725488,0.022586515,0.85496485,0.45915818,0.3748872,0.095522866,0.14279635,0.55172145,0.0073419274,0.7684848,0.2383941,0.34366733,0.07246858,0.36845142,0.07640641,0.87408817,0.16041529,0.124154344,0.32113537,0.38840717,0.0,0.08252527,0.88135976,0.048565704,0.04536298,0.4215182,0.045531645,0.04219136,2.1846888,0.5826644,0.9059546,0.4201701,0.44832274,0.0,0.20605357,0.9502431,0.91441983,0.718421,0.040435098,1.0809319,0.587224,0.3343492,1.1929343,1.0387565,0.2966564,0.8203941,0.18288587,1.0053551,0.6131353,0.43340787,0.08760272,1.3030605,0.0717152,0.5809557,0.17509343,0.21033217,0.0,0.08048957,0.3166112,1.0591009,0.21100709,0.2751461,0.11967513,0.8925398,0.09087843,0.5640976,1.7003952,0.47286212,0.21366587,1.0066396,0.01039184,0.36902034,0.8727387,0.24935858,1.0213044,0.45287412,0.61152446,0.22826439,0.1594476,0.11411507,0.29251224,0.08141703,0.5099092,0.24620005,0.08559635,0.5446099,0.106934026,0.5306799,0.0,0.36210576,0.06279888,2.8382363,0.48549467,0.227023,0.6016637,0.3581883,0.007331387,0.39967155,0.24126498,0.8064044,0.016059117,0.39636356,0.049580958,0.054740697,0.2645999,0.6798609,0.06501296,0.2861349,1.0616586,0.06943905,0.27472576,0.3483734,0.0,0.2276887,0.025203042,0.369565,0.52197,0.8851724,1.3510234,0.8484475,0.54208344,0.02791745,0.19007133,0.032919224,0.24480854,0.04525519,0.08686,0.14017549,0.5015752,0.77389055,0.027106462,0.2558873,0.0881401,1.1152071,0.14905995,0.7669055,0.05630492,0.017166868,0.21075322,0.56651855,0.20648625,0.33739612,0.2596801,0.13205999,0.37458792,0.19908036,0.039935164,1.0185047,0.42747435,0.087507375,0.25405276,0.9345927,1.5056804,0.54670435,0.09150338,0.008316666,1.246046,0.52202123,0.0,0.020941861,0.33924088,0.01486205,0.6974604,0.0,0.30630347,0.12035535,0.063435294,0.1930114,0.7838328,0.42315096,0.15311457,0.34905255,0.02152811,0.41942763,0.052652773,0.041473325,0.107373655,0.42474288,0.09862684,0.035488904,all_pothole_images\pothole_images_2_image_493.jpg
0.0,1.1509491,0.18436313,0.52179956,0.027930405,0.008883061,0.46456978,0.11124472,0.07082359,0.3753525,0.00790459,0.09528031,0.5860718,0.5588272,0.00047129896,0.06934457,0.1828099,0.63699037,0.082959026,1.6093816,0.10321459,0.009131443,0.0,0.72067726,0.6279165,0.26857072,0.6629973,0.30813986,0.0,0.00423209,0.49963638,0.0,0.0,3.4025505,1.1685336,0.40595362,0.009216776,0.012011158,0.442239,0.71908057,0.0,0.22007696,0.10297147,0.03029291,0.024271853,0.013472165,0.10511233,0.0,0.004398144,0.1939065,0.2544729,0.0,0.45890495,0.026547896,0.07712367,0.7092229,0.08119927,1.5750535,0.36396202,0.097537644,0.02461529,0.036106892,0.12645677,0.12640396,0.31363136,0.17261015,0.5581693,0.06042373,0.011057613,0.8754649,1.01589,1.3861192,0.07188943,0.17451969,0.059685007,0.011966933,0.32621032,0.080022484,1.1275781,0.56349295,0.04691739,0.44136965,2.0393543,0.33707193,1.1242658,0.181945,0.47205865,0.6029646,0.36799225,0.0,0.0,0.2865303,0.7370118,0.027813459,0.0,0.0,1.4259866,0.038339302,0.36723563,0.0017838001,0.8356362,0.1859997,0.46543777,0.19476369,1.9070293,5.349758,0.50706047,0.013410445,0.033988137,0.11816249,0.7725251,0.0,0.42577997,1.7586685,0.07585958,0.63573927,0.13552138,0.14784174,0.44106266,0.048843186,0.7288644,0.6518232,0.63662094,0.05838191,1.9394101,0.27980158,0.41865227,0.0063412553,0.00097227294,0.47585568,3.5695782,0.47707826,0.0,0.21049003,0.46360803,0.2044002,0.485458,0.0,0.18564437,0.14011134,0.027309554,0.835157,0.8154587,1.107761,0.2985025,0.054550823,0.3026863,1.8124408,0.74502724,0.0040752655,0.010576018,0.1289379,0.13090664,0.011758679,0.2550876,0.5664398,0.64528835,1.1144797,0.6399564,0.33357194,0.49893025,1.061821,0.011038424,1.7244767,0.22532985,1.0493047,0.36483866,0.006482852,0.49410158,0.36035886,0.04142051,0.081421144,0.18069525,0.051684096,0.30375734,1.7533108,0.11991972,0.43473056,0.058529496,0.06346,0.15657581,0.10920633,0.08758409,2.278289,0.28108245,0.003849476,0.2657585,0.0003771077,0.15750511,0.0051796963,0.6272507,1.5464067,0.5763357,0.6536159,0.76282996,0.3093759,0.04940578,0.1697904,0.3845154,0.0,0.0,0.27094018,0.59064555,0.7599575,0.43348125,0.6727962,0.7790753,0.21452132,0.010818604,0.5518881,0.035036735,0.0,0.08820261,0.45719886,0.3720885,0.0,0.59322894,0.0,0.03578674,0.02339067,0.7480873,1.1737363,0.48084864,0.505771,0.0022554072,0.045056842,0.54461896,0.0,0.47934604,0.0,0.3009248,0.037089918,1.2195363,0.12854432,0.14208673,0.048638653,0.46016604,0.0013185026,0.5746825,1.2637033,0.3738552,0.1349602,0.0027073766,1.3310355,1.0127171,0.029538505,0.61221206,0.2080328,0.020116193,0.16188751,0.56032383,0.009928759,0.18407513,0.0,0.08082954,0.13962843,0.5786456,0.04424196,0.013975696,0.9530483,0.060480207,0.25528634,0.6626196,0.3168368,0.006324132,0.0,0.2397795,0.018248448,0.8468919,0.91239613,0.025065906,0.09076692,0.31034064,0.7325005,0.11311198,0.17859834,0.21632433,0.014868724,1.2603123,0.05555592,0.4217661,0.11455308,0.29976514,0.0,0.29031226,0.06551513,0.0003355069,0.020511393,0.23144418,0.052361794,0.7238732,0.40638044,0.034305952,0.23722161,0.10293777,0.06424604,0.60703695,0.6723852,0.62767476,0.16409639,2.754155,0.23082145,1.4816711,0.0,0.10891561,0.0,0.19482002,0.5451183,0.02617508,0.0,0.0,0.0070491396,0.20373908,0.31405154,0.06844453,0.0,0.13088928,0.3949824,0.59063214,0.09304391,1.1524816,0.2156835,1.1821376,0.13393949,0.0070286733,0.330282,0.04997613,0.21135679,0.11098938,0.0130262105,0.29403833,0.46234068,1.0508885,0.119289875,0.44211528,0.09809238,1.2285829,0.0,0.12862669,0.24882331,0.5347683,0.35939765,0.21530363,0.35995367,0.0,0.0005865602,0.045576125,0.14049701,0.44779733,0.11060359,0.0,0.18595667,0.49235067,0.0,0.28345242,0.94218814,0.22459382,0.14032355,0.10780272,0.032354336,1.73542,0.041485205,0.05047062,0.69453275,0.062981606,0.0015441438,0.60706717,1.6784569,0.13592954,0.17748025,0.049271837,0.31835204,1.3147621,0.0,0.3405649,1.1625128,0.37194645,0.23830454,0.4764879,0.21248984,0.74592155,0.6347875,0.010573696,0.23974527,0.11395435,0.0,1.3277924,0.0011830598,1.3437299,0.029065879,0.10342771,0.0,0.0,0.22157873,0.0013671815,0.0018841639,0.37040314,0.18847458,0.5423021,1.1403923,0.1568397,2.7562685,0.030532496,0.00863897,0.4828376,0.3015242,0.60698783,0.055981413,0.19613165,0.22984117,0.046618257,0.039748054,0.040286556,0.058194626,0.017662767,0.12384566,0.0,0.22035283,0.04206577,0.007471779,0.022505494,0.41203007,0.058873884,1.8218969,1.8601685,0.69821775,0.7430703,0.088808425,0.26209882,0.45095116,0.3510675,0.8361771,0.098778486,0.16468906,0.21196467,0.20326242,0.022660926,0.0,0.06342595,0.042544007,0.571165,0.48146412,1.446053,0.09961947,0.30315024,0.025629047,0.57213116,0.81052846,0.0030146383,0.1391714,0.22208427,1.6603496,0.17239465,0.29629642,0.23487492,0.49202478,0.03930741,0.019930672,0.22739342,0.02309922,1.5502436,0.6142719,0.0038266582,0.013663193,0.0007669342,0.11650786,0.28962186,0.2332258,0.00075133843,0.005593642,0.0056286054,0.9706237,0.22457142,0.05222222,1.7145915,0.0,0.15318961,0.38663235,0.4363678,1.0334333,0.27531916,0.046396084,0.5974783,0.17090213,0.9008915,0.8628901,0.1458526,0.0,0.5494421,0.019834936,0.08401204,0.0,0.17167644,0.08448674,0.0,0.0,0.09232038,1.260127,0.0,0.0966204,0.21524425,0.42353696,0.069885865,0.18447953,0.0,0.41621336,0.5174581,0.12838191,0.008238074,0.13534199,0.21089536,0.4897967,all_pothole_images\pothole_images_2_image_494.jpg
2.1613314,0.18550003,0.06488471,2.199705,0.5057928,1.2009156,0.37267253,0.00441121,0.552627,0.21233508,0.19589612,0.026271533,0.50251865,0.52286905,0.28873003,1.6657665,0.38124782,0.3312218,0.30725625,0.005023728,0.36343136,1.033617,0.57253313,0.54596287,0.6563925,0.9430741,0.049871467,1.3186238,0.020069245,0.35582888,0.6273027,1.1709734,1.2773788,2.1568189,0.11119118,1.250881,0.49462625,0.21466422,1.6045163,0.17205475,0.1313184,0.031719472,0.20322962,0.57651925,0.25450456,0.6072348,0.019170841,0.11349449,1.9969177,2.9624019,0.98618275,0.23454235,0.9784378,0.28609687,0.28397605,1.9291797,0.86018324,0.443246,0.71378607,0.021278566,0.018118078,0.8326032,0.018399544,0.43564063,0.6449038,0.7679205,0.099450015,0.7912914,2.44517,0.16468245,0.044064507,0.6430459,1.1870517,1.1830747,0.22640978,0.7411002,0.095558085,1.302914,0.51420856,0.121814094,0.078088164,0.37845132,0.7917156,0.10468208,1.2148123,0.15323654,0.69409966,0.13139962,2.7525187,1.219478,2.5542305,0.28362218,0.25765875,0.6162722,0.6279268,0.045334384,1.7431681,0.16153522,0.015638271,0.7029013,0.24487083,0.9376239,0.89273036,0.049818236,1.711528,0.20556484,0.25972542,0.46973968,0.332383,0.8223061,0.0,3.372472,0.9404335,1.2888707,0.015505368,1.1082565,3.3585494,0.7162659,3.4990153,1.5837181,1.5224173,0.31740993,0.4100826,0.5040907,0.10481532,1.1273991,0.24295044,2.4463825,0.32474345,0.0,0.17622331,0.0,0.09259084,0.0,0.014399878,0.6643123,0.49538213,2.0349789,0.1421279,0.41415787,0.16262633,0.00013030651,0.3769801,1.3159947,0.0,0.9291235,0.04383109,0.70732486,0.50639814,0.076581515,0.3363814,0.80793536,0.3547431,0.29605007,1.828096,2.8102946,1.196198,0.1306042,2.0842712,0.023299957,0.72370005,1.6136405,0.07055111,0.81411386,0.8553423,1.3137616,0.0434576,0.0,2.3386455,0.87087095,0.15950635,0.27990085,0.05226558,0.033931978,1.8620687,0.0,0.26975682,0.08324152,0.9913258,0.47939405,0.08990736,3.0779088,2.7519302,2.2508588,3.0481346,1.4930899,0.8434207,1.4178127,3.040855,0.85989815,0.021583203,1.0706415,0.14665565,1.4415392,0.44624823,0.298323,1.936611,1.1041611,0.9431504,0.41214877,0.71145356,1.6404294,1.7909913,1.3163711,2.2799194,0.54787683,1.0530717,1.2633929,1.9467963,0.15196346,0.039566427,0.00071464386,0.74235743,0.15624644,1.0188954,1.7006729,0.11212705,0.38526088,0.17144822,0.17809317,0.26811752,1.1772608,1.3329262,0.3997729,0.16006072,1.0791619,2.6896698,1.0282878,0.7823871,0.14390208,0.029686864,0.10334989,0.8396401,1.6388317,0.6764483,0.82723343,3.6009614,0.06536141,0.5947726,0.36045003,0.6066367,0.9377323,0.0107676275,0.026217671,0.39612737,0.02367472,0.49553534,0.30884576,1.4202706,4.0677733,0.33802313,0.7154293,2.962482,0.8121827,1.0116225,0.004581753,0.26599428,2.262253,0.2618133,2.2212255,0.03509782,0.28382596,0.4251971,2.9441652,0.7372541,0.5614376,0.7430762,0.8869286,0.71790415,0.5220596,0.047066618,0.08556291,0.05083822,1.4415205,2.221449,1.4280214,1.1102097,0.13356212,0.7475767,1.2500552,0.0,0.38672233,0.06346019,0.076967746,0.15233667,0.80015314,0.52157223,0.69533443,0.68477154,1.2024952,0.9308649,0.53330517,1.2042738,1.6606194,0.07341717,0.21292657,0.59072465,1.2603374,1.0192405,0.032743517,0.4266864,1.5893825,0.046119396,0.94041127,4.4325724,1.5227139,0.2133142,0.7449201,0.6157863,0.34666175,1.4167844,1.2445619,3.4832613,2.3210003,0.0,0.6429786,0.004147122,0.20651187,4.248287,0.31342015,1.1986446,0.31257465,0.32492334,0.25153288,0.7907809,0.15004513,0.15974258,0.51755244,0.12735312,0.03694671,4.0546575,0.30156198,0.29168963,0.0027534424,0.12378195,0.36536968,1.2684283,0.087327704,0.028089512,0.8760232,1.101832,0.2770546,2.9326787,0.7139,0.4865859,0.8955466,0.21842368,0.27700844,0.45764828,0.65226954,0.30117875,2.5053873,0.28327388,0.07731383,0.065425284,0.43486893,0.33387592,0.5087661,1.3278403,1.9699937,0.0,0.30862266,1.3036028,1.0760126,0.44003427,0.56681985,2.1472995,0.21735023,0.15785573,0.08166698,2.5620942,0.5159857,0.93420154,0.0,0.5865426,0.35316008,0.13217176,0.3919716,0.63471794,0.15172166,1.6795646,0.0,0.054746713,0.6807256,3.3981037,0.94912404,0.4232549,0.030567251,0.34034312,1.0448766,0.84753275,3.066372,0.43336412,0.0048480094,0.32949796,0.075401835,1.3328552,0.6703153,1.3642502,0.23975882,4.3955173,0.8413455,2.111066,0.026274204,0.65945697,0.2959561,0.41179457,0.36326212,0.053762008,0.19442733,0.6081365,1.0849173,0.40792903,0.79271495,0.01508885,0.082402036,0.62690824,0.09931056,1.0024595,0.07174229,1.9635862,0.48864472,0.5350747,1.0159137,0.74679625,0.10367499,0.39037266,1.1529853,0.03587764,3.2142725,0.23447768,1.5439372,1.556283,0.92831373,0.34321007,5.777625,1.6275355,1.0875182,0.0079796715,1.7859659,0.90401316,1.6932335,1.2011837,0.52744687,0.20540924,0.060913008,0.22186422,0.329253,0.029959649,0.41895768,1.5273048,1.6313008,0.32702884,1.9119456,0.6021859,2.085523,1.0334203,0.36522397,1.222753,2.5936081,1.5280219,0.4902363,3.587984,0.34076717,0.83133495,0.6744897,1.6856598,0.044691168,0.023353763,0.1655899,0.6054311,1.0817493,0.24708393,0.1712126,2.402477,0.092279814,1.8076305,2.3471003,0.46053433,0.2607764,0.00523585,6.7864265,1.3647239,0.6780004,0.0008371328,0.4180013,0.47058606,0.4230343,1.8487704,0.046913084,0.5029326,0.8343202,0.16700818,0.90092796,0.36110362,0.0122908,0.19669148,0.21709709,1.1261772,0.14036414,0.48378322,6.216854,1.517319,0.9082192,1.5203661,0.73337466,0.85115516,0.3786352,0.6747696,2.1303635,0.10536357,1.1674596,all_pothole_images\pothole_images_2_image_495.jpg
0.15998504,0.43391958,0.20346828,1.8674923,0.829814,0.3784911,0.7935339,0.06955165,0.105279684,0.33962902,1.1953379,1.5964737,0.7151558,0.8893959,0.44042873,0.45596635,0.6945163,0.26304632,3.3192255,0.79449934,1.4172597,0.80401105,0.4998125,0.9064963,0.91522837,0.52900195,1.246908,1.0292804,1.6910741,0.07214694,0.4768419,0.24753262,0.73888016,0.8026861,0.13628758,1.6421723,0.3048423,1.0623246,1.0755128,1.3863791,0.1399222,0.63570464,0.16616605,1.7260154,0.58778584,1.2920376,1.0744077,0.20814382,0.6940354,0.1714801,2.2526011,3.1131656,0.2689109,1.9711854,0.3154027,1.3827919,0.4581876,0.14455108,1.0216503,0.7018273,0.058514662,2.3098106,1.280751,0.8864159,0.9781273,1.0201217,0.8853003,0.2592919,0.20327689,0.011082654,1.2161605,0.1019221,0.49290943,1.1818161,0.18870242,1.2477596,1.5421693,1.1767919,0.37132344,0.32774264,0.5083228,0.08895725,0.025610384,0.83548087,0.40699172,0.8160132,0.25303134,0.12817626,2.5968094,0.13278319,0.089606255,0.43681085,0.2919848,0.098652996,0.73752624,0.24598394,1.7131765,1.5692189,1.3034377,1.4142773,0.011652233,2.3735049,0.7187325,0.31033266,1.1372426,0.02866805,0.3684957,0.28028494,0.41017017,0.001642631,0.018531386,2.1571705,2.027012,0.09408287,1.1847734,0.8798597,1.0993323,0.6324502,1.7279295,0.67570657,1.6214565,0.7171918,0.063820556,1.9027828,0.904068,0.2758824,0.5781627,0.2774324,0.75178796,0.66670275,0.1883824,0.36013582,0.30377343,0.052852154,0.37008616,1.2720901,0.34402278,1.5362071,0.3925204,0.16795969,1.2512743,0.529251,0.8053089,0.70784366,1.2091482,0.47968373,0.28744546,2.7584872,0.3966965,0.32318014,1.2772074,0.60591495,0.31997487,0.1661547,0.6634388,1.5433705,0.61860466,0.10068844,1.8480545,1.5455192,1.1942697,2.3393686,0.006250116,0.14912666,0.58030206,1.3393196,0.64719415,0.009679206,1.1369456,1.1046157,1.1621618,0.7403082,0.6681385,0.019514343,0.16606,0.022411706,0.5218872,0.17434692,0.39240152,0.17584541,0.39646325,0.8868302,2.5436285,2.0735264,1.2713554,1.3334324,0.8226652,0.40498707,0.8781742,0.58547544,0.74793226,0.4920918,0.27449152,0.48159564,0.50761104,0.039665714,0.81615853,0.07361536,1.749674,1.0860912,0.69120115,0.8745313,0.98268545,0.5206422,0.5570387,0.76956224,0.08761512,0.20076407,2.2334847,0.5006307,0.14972948,0.32767275,1.004203,2.9414482,1.2845036,1.0959616,2.7037826,0.084078446,1.1548316,0.3474217,1.3459282,0.006423491,1.4840413,0.17113228,0.008699135,0.5908579,1.4984026,1.1189444,0.5917529,1.5647392,1.0983955,0.20829964,1.583577,0.6291794,0.31030172,0.24797639,1.2487252,0.30733368,1.0378183,0.26762328,1.2260901,0.12589519,0.4047556,0.08597116,0.58465004,0.11689513,0.7013092,0.33051136,0.75134885,3.78944,2.3565543,0.077532195,0.6774639,0.93989056,0.7088746,3.675385,0.14669675,0.21352695,0.36572763,3.5619807,0.17949419,0.4488853,1.2245793,0.5008715,0.3600048,0.33976254,0.02037491,0.54760915,0.8199044,0.18775505,0.38444313,0.085065566,1.4095446,0.94162345,0.82805085,0.8316773,1.2443653,0.98839396,0.42352137,0.5832213,0.8764562,0.8398006,0.9623119,0.33008918,0.828078,0.7305636,1.1903391,0.23319238,1.5662073,0.18579072,0.50713825,1.2165717,0.5480525,1.0937214,0.6608856,1.7470818,0.18281615,1.1084799,0.28913715,2.09161,0.38142425,0.9194078,0.024659256,0.14793606,2.0302691,1.1256065,0.33584574,0.42102638,0.35821557,1.0082326,2.6164734,1.932313,2.0755563,2.2134035,0.42516837,1.3065634,0.23525678,1.1332909,1.7560279,0.48046455,0.79086024,0.20397007,0.70037776,0.1683286,0.6623275,0.20481625,0.5184846,0.20701525,0.46258903,0.28680727,0.8568558,0.2065793,1.3938916,0.21255673,0.83673793,1.5468756,2.6473906,3.1959822,0.5663101,0.6935571,0.9430509,0.7395511,1.051873,1.0470754,2.6547377,0.31286308,0.49899495,0.29177833,1.1773254,0.113604136,1.0287721,0.8268009,2.5788891,0.3143851,0.15043299,0.40617028,0.7530225,0.97866803,0.49706283,0.6839601,0.29935265,0.74857485,0.6809222,2.4036288,0.018002862,0.34045783,1.0682334,0.89480627,0.21428078,0.06883254,0.59641784,0.14888023,0.68234134,1.2452374,0.7362302,0.13576955,0.49771196,0.46307492,1.0541219,0.8166982,1.1525189,0.054399405,0.37235606,0.9219766,1.3699169,0.4041322,1.3145747,0.10978712,1.7188979,0.81104773,3.060649,0.0033491205,0.14095938,1.0965682,1.0494391,0.228184,1.3285698,0.12968078,0.76201034,0.079390615,0.31278983,0.6686339,0.14169167,0.6710477,0.93763286,0.4534778,0.06011016,1.8919598,0.8148581,0.53550804,0.6278771,0.24492818,0.99689573,0.742156,0.0,0.9976471,2.74939,1.3764871,0.58899635,0.071811125,1.8506261,0.9717332,3.5289836,1.06525,3.2201865,0.4833462,1.0732569,0.7551229,0.34588155,0.24919784,0.8756723,0.28087202,0.035973612,1.0015403,0.75878537,1.9064066,0.36860058,0.5757113,2.5240524,1.0401348,2.1196625,0.5661105,0.030815072,0.07938347,0.63976485,0.20306472,2.4996226,0.7334254,0.04604306,1.7188243,1.4133292,0.5821147,0.1974355,0.17366867,0.20713268,0.75221765,2.16743,0.15534556,0.018440958,1.6889329,0.8250575,0.42209193,1.6105185,0.25472313,0.6982282,0.89330554,0.342935,0.19636977,0.4542786,0.9719722,0.5465449,0.09800133,1.8570669,0.13461858,0.9550336,0.68336093,1.5647919,0.21203437,0.9886948,1.2919093,1.3159912,0.56034034,0.87264735,0.077644184,0.041041344,0.31876078,1.1075386,0.24370562,0.52002054,0.46775526,0.18381278,3.1993482,0.49804705,0.12893035,0.6761445,0.02367857,0.38828552,0.057352837,0.10180302,0.2045373,0.4628535,4.2370415,1.376467,0.745114,1.8710874,0.7541614,0.316936,0.45836028,0.16028416,1.7967358,0.12572663,0.2255626,all_pothole_images\pothole_images_2_image_496.jpg
0.1200279,0.59707856,1.622832,1.9618838,0.5393612,0.5646388,0.15546,0.42003658,0.34247592,1.0357271,1.611699,0.41202155,0.19528286,0.29076725,0.02598754,0.1289647,0.13064733,0.16081508,0.9727084,0.03947894,0.73803157,1.1573572,0.27415684,1.6558396,0.33139074,1.4364911,0.0103332875,1.5099963,0.0288411,1.012212,0.73268545,1.0418015,0.18625501,1.1286668,0.41371083,1.516629,1.1689968,0.0962502,1.1738937,0.8419152,0.88958293,2.156121,1.6128474,0.21715206,0.5601138,0.19107659,0.78129995,0.24710988,1.0483123,0.15705119,0.7253489,0.91205376,0.6845617,0.7627854,0.5745257,0.46762404,2.1471627,0.15192552,0.46638203,0.45563248,1.2162931,0.023355583,0.2695052,1.0457081,1.7741853,1.9209037,0.73664254,0.22128043,5.427879,0.19912691,0.6491313,0.8253151,0.18747231,0.6805626,0.27301717,0.8585473,0.08715347,0.7541667,0.4306631,0.90042406,0.24095277,0.7974874,0.74194545,2.4888513,1.434745,1.469544,0.22987261,0.11435935,0.9154455,1.159616,1.3926749,0.13941264,0.272732,1.0299885,0.2754602,0.5799415,1.6884377,0.4682769,0.81144744,0.37746343,1.4744133,0.10754814,0.7340983,0.06137988,1.0158962,0.7291757,0.02485561,1.6509197,0.5564546,0.83958966,0.115520775,3.4449444,0.8731589,1.4247047,1.3351659,0.0016181658,2.575599,0.32924098,1.3649236,0.07339881,2.0682082,1.1976016,2.0542989,0.08277728,0.36777985,0.5646539,1.4288856,0.67478794,1.7820247,0.5189646,0.9354706,1.1575075,1.2731572,0.07633859,0.22714433,0.25766388,0.654012,0.22998282,0.79760367,0.5610113,0.14079067,0.9114258,0.57016295,0.4473426,0.16998048,0.9243988,0.0520693,0.1826325,1.2834412,0.40405685,0.45446756,0.9393969,0.47046706,0.7822644,3.0162318,1.2880338,0.78075826,0.03456652,0.10893915,0.010426984,2.073005,1.3113439,0.95202243,2.9514403,0.9600601,0.46393394,0.49133357,0.5337725,0.9846113,2.2419407,0.27309033,0.76471657,0.020028768,0.030305663,1.5048873,0.74853504,0.15978815,0.1947805,2.3121295,0.16370653,0.56437194,1.4708943,0.7211185,1.7125242,1.2679367,0.710733,0.8730978,2.6111047,0.7132665,0.6818105,0.14239733,0.24038725,0.4839473,2.453887,1.1495001,0.18399505,0.69496465,1.0012391,1.4048299,1.0224874,0.6619284,1.9948554,1.185763,0.11738173,2.2960699,0.081997566,0.9227842,0.17396896,0.6172251,1.4893572,0.3553175,0.89062357,3.842865,1.0413896,1.3121485,1.7346146,0.70816076,0.24110632,0.6595075,1.5303307,0.43928757,5.0997744,0.26941386,1.0923404,0.9435988,0.02411821,2.890776,0.60242844,0.5269315,1.2625399,0.077654935,0.6385795,0.68822664,0.28113618,1.10791,0.3699555,2.370231,0.5817658,0.6155942,0.44043615,0.93161297,1.252509,0.27514288,1.024976,1.3225033,0.008997874,2.2379847,0.3661595,1.5615032,2.0935855,0.5149418,1.0774025,1.2433965,0.46236357,0.60829103,0.34724107,2.217406,1.2359234,0.23228545,0.94683444,0.063318945,0.52880424,0.29392007,3.2532043,1.9854375,2.4808412,0.86478096,0.30215588,1.1821754,1.0555131,1.2414026,0.49323356,0.7990996,0.05829628,1.6347979,1.8470792,0.7499177,0.6300343,0.19871052,0.58983916,0.29644102,0.22741619,1.0186698,0.0894127,0.41303197,0.16374876,1.2016388,1.6338577,0.19861685,0.5492837,0.53775233,0.25993884,0.22486031,1.5294055,0.6732662,0.015415936,1.9015292,0.738542,1.429656,0.24456133,0.52962786,0.09062399,0.5100045,0.70997953,2.4459305,2.043844,1.0347117,1.2630388,0.040144227,0.43497148,0.2735014,0.95461845,1.1364512,0.07165955,0.17758423,0.5230869,0.55742645,1.4020543,1.5636699,0.7844615,1.4048108,0.25252295,0.39595821,0.034900296,0.98962367,0.7260634,0.94788504,0.022760188,2.473824,0.15940358,2.0601704,0.91655105,0.047734965,0.16530018,0.25893757,0.60651827,0.7073408,0.23695229,0.71694696,0.48653963,0.041579533,0.861543,1.0522337,0.7107616,0.31008014,1.6740755,0.39074305,1.8600903,0.61738956,0.9186964,0.3294448,1.3785889,0.05676937,0.59389406,1.4671565,0.10532773,0.6278255,2.866571,0.9585145,0.7853671,0.33671996,1.1830779,3.7626257,0.14453742,0.25299728,0.008677595,1.3003682,0.36562133,0.24785098,0.68326473,1.5762042,0.96056426,0.9222713,0.32827416,3.0910676,1.7746974,0.84595066,1.0705352,0.009979516,0.057808068,1.1250036,0.06038396,0.32712212,1.7935333,1.4126632,0.35318622,0.51519907,0.024295267,0.32260412,2.0183654,1.0686158,4.3270097,0.66169083,1.3492198,1.0405988,1.133124,1.399282,2.3392704,1.0098007,0.45177078,5.014457,0.29157752,0.022626784,0.48495573,0.49515995,0.14190212,0.41746968,2.5144348,0.0059624217,0.64702505,0.028935118,0.6320418,1.8828382,0.18779545,0.2084596,0.34177607,0.23855364,0.23573591,1.1557349,0.45682386,1.6046104,0.09649096,1.1094986,1.2281648,0.2655992,0.058724627,0.9253591,1.6801633,0.946814,0.5246563,0.0,2.866107,0.3484975,2.4945917,1.0593513,3.0554485,0.9749337,1.3429999,1.0963233,0.6940418,0.27166587,0.2865886,0.10664244,0.8811028,0.24120782,0.23689671,1.2651006,0.15936267,0.9351904,1.2019631,2.5805109,0.5805873,1.1596787,0.178359,1.1871426,2.4311874,0.32691783,0.77786845,0.29127356,0.79292995,0.18585333,0.046456605,2.7752914,0.16983707,0.51000893,2.8574617,0.4499465,0.8134961,0.15452579,0.88699377,1.2822537,2.6598322,0.35699424,0.816967,0.6147926,0.48647735,1.4235743,1.8693174,1.2993637,0.13274634,0.6087097,5.0677924,0.7761872,0.23165083,0.32590514,0.95806336,1.4123775,0.06622634,3.9018445,0.15379386,0.74427426,0.19977286,1.212064,0.6154804,0.22957455,0.4371327,2.3653023,0.6917961,0.2112563,1.7478569,0.6444098,4.0852904,1.1452456,0.41069335,0.13363792,0.12400943,0.56961906,3.1804106,0.24995685,1.662459,0.2295583,0.02842846,all_pothole_images\pothole_images_2_image_497.jpg
0.8573415,1.6745985,1.3004962,1.2718709,1.9177239,1.5170225,1.0885775,0.3134861,0.42242938,0.8210544,0.5947202,0.2946537,0.14615792,1.0867925,0.14949864,1.5864596,0.1189574,0.31291625,0.85333073,0.23357786,0.77153933,0.9523726,4.0816813,1.706187,0.7690811,0.2910842,0.41278058,1.8104241,0.057263646,0.38911673,0.60291183,0.62729245,1.5461788,0.45056486,1.1791404,0.10983463,0.35672995,0.20696972,0.40739325,0.54117423,0.21190397,1.3906786,0.7001768,0.12814991,0.9235877,1.0486758,0.26537508,0.26516247,0.22749507,0.43149075,1.8052627,1.8093336,0.534878,0.56490177,0.5493912,0.027433923,0.6359523,0.33388177,1.2139556,0.26322666,0.33312583,1.2182353,1.8993154,1.179972,0.2303259,0.6043261,1.2574059,0.05432816,0.3645858,0.1526836,0.0260271,0.33121616,0.2304203,0.090198204,0.33466113,1.6529298,1.4268366,1.8663925,0.043046128,1.3908241,0.08598672,1.0565296,0.14395115,0.42051697,1.4882102,1.0804427,0.43297517,0.058629036,2.7204142,0.6592369,0.48145947,0.47389084,1.0823501,0.83661276,0.05718293,0.08443031,1.1975657,0.29346523,1.9880981,0.5961522,0.24367803,1.6264498,0.76204085,0.68433005,0.74863994,0.3147205,0.47120392,0.9201262,0.10854293,1.2560651,0.9167605,1.9291382,1.1571963,0.2737881,0.23739153,1.5567231,1.4400355,0.6084821,0.67697597,0.6299134,0.30095118,2.1868556,0.30083093,0.30901024,0.07482332,1.1391052,0.4250725,1.5317149,0.40297446,0.5807842,0.65567905,3.0233123,0.7890947,0.8592835,0.22872156,2.109906,0.09301994,0.31539053,0.70213985,0.54168075,1.073587,0.19559962,0.24308605,1.173275,1.0419251,0.36922634,0.31729698,0.7243683,2.0955985,0.97420526,0.38207704,1.6588699,0.17441319,2.543661,0.7642211,0.342103,0.36413568,0.09489597,0.9794763,0.25893536,0.8199412,2.5399907,0.3257213,2.3845532,1.3235047,2.9037876,0.908424,0.29610154,0.8847128,0.35064203,1.0999678,0.30474693,1.5233546,0.39864382,1.0381136,0.44194692,1.4804276,2.1689844,0.89715457,0.3737234,0.18919851,0.75962675,1.3309312,1.2527549,0.95650387,0.14042453,0.8174573,2.0871053,0.19590704,1.02429,2.0150704,0.34688404,0.04572161,1.9582149,0.8959135,0.63572747,1.8692596,0.2481289,0.4759039,1.6339922,0.12864181,1.031572,1.959898,0.65652573,0.66098374,1.0705673,0.034626625,0.09744329,1.512285,0.13018921,0.44936058,0.30710566,1.9988629,1.5539111,0.31508344,0.010697204,0.5933232,0.378596,0.5854177,0.5418266,1.2111752,0.55308235,0.37894082,0.065463535,0.29953855,1.6579571,0.7644499,0.2658734,0.31717038,0.09695677,1.2628675,2.112416,0.05464863,0.783982,0.7113378,0.8769489,1.3700017,0.36250672,1.0889659,0.18142886,0.9758782,0.5611248,0.7257083,0.90376776,0.026092634,0.16740341,1.0632001,1.277844,0.375101,0.2193541,0.89431685,0.00040433995,1.034175,0.26740053,0.9301842,0.8134387,0.43369573,0.73300076,1.9053086,0.967448,2.2123418,1.6643393,0.35742268,0.89098704,0.03396662,0.6838418,0.03147623,0.4341475,1.1239274,0.43596485,1.8309891,0.23918045,0.8207732,0.3295999,0.51128596,1.0155941,0.33481905,0.73918635,0.30384317,1.3078641,0.3818814,3.1986709,0.50950897,2.47821,1.9885073,0.3838003,1.5441698,1.0684459,0.15049659,0.18850195,0.41292536,1.2656287,0.074088745,1.3211381,0.16668448,1.5578635,1.7344208,0.49794367,0.5509686,0.21420129,0.09050151,0.44703978,0.48453033,0.45997497,0.67838794,1.1100824,0.3565368,0.85178095,0.29968062,1.9967219,1.0074667,0.5918225,1.7568784,1.1252269,0.74667686,0.3780555,0.019641237,0.9742462,0.8939981,0.42361933,0.7545734,0.8661869,0.30755064,0.20623526,0.77387685,0.3641893,1.1918021,1.1927749,0.34584987,0.2158497,1.4343634,0.9539703,0.055402763,0.58049315,1.1117016,1.5349342,0.43156466,0.25299752,0.16714299,0.8547582,0.42809618,1.4405752,0.83219874,1.0067558,0.55035853,0.25515074,0.78433865,0.15541454,0.52520746,0.6466691,0.038211122,0.16589114,1.0177685,0.39747953,1.9617981,0.030872222,2.2442029,0.7934855,0.6802357,0.18330352,0.41472453,1.5660304,1.5294129,1.2637008,0.48743445,0.3416882,2.0507538,3.914278,0.14174983,0.8162275,0.7491408,1.2355808,0.77837884,2.1641088,2.1084275,0.74794424,0.2804769,0.35672307,0.039964754,0.844805,0.48788917,1.3238517,0.541133,0.5157727,1.4634885,0.0032467947,3.1084502,1.7959348,1.1259353,0.7488503,0.9056079,0.17206335,0.07451691,1.6656398,0.92942214,1.6502205,0.013052671,0.6436629,2.2042658,0.085456476,0.49460927,0.35214475,0.0750955,0.4351682,0.29955,0.20599473,1.0797213,0.22954847,0.6135033,0.5349857,0.4154042,0.44469976,0.20138082,1.2691895,0.7671957,0.4456141,0.6848311,1.526609,0.49767393,0.0,0.08082199,1.39324,1.0990882,0.9147953,0.06863129,1.2969027,0.3482698,1.7008916,0.48622632,0.4423311,1.1505558,0.760197,0.09424423,0.8990016,0.9789485,0.7035418,1.2440572,0.72797626,0.6862519,1.4252968,1.4900513,0.49050725,0.16583847,0.0,0.0,0.95067954,0.25306708,0.87903416,1.9135164,0.90108114,1.0000428,0.36259308,0.18822093,0.8182527,0.777383,0.98149246,2.1785254,0.031352676,1.1399722,0.24351145,0.3233437,1.4406337,1.1064337,0.2247061,0.17484833,3.3760114,0.55732614,0.21205439,0.8333764,1.6707562,0.5966597,0.8476447,0.07759811,1.7771949,2.5130792,1.1403815,0.5846181,0.3771138,1.1712503,0.44652015,1.0851005,2.010995,1.0739744,0.06381945,1.0053642,0.36746,1.8016725,0.65732574,1.8593822,0.28121415,0.5259577,1.6613024,0.11375197,0.34243482,1.5516644,0.101038806,0.21103905,0.45712382,0.12202432,0.57870126,1.0108477,0.16138352,1.0560101,1.1973345,0.5250501,0.5797299,1.0323856,2.1535282,0.4174304,1.5194525,0.244265,0.08047574,all_pothole_images\pothole_images_2_image_498.jpg
0.39768425,1.8702663,0.6106912,1.4661555,1.037139,0.4377191,0.7748324,0.42163783,0.4086817,1.0365934,0.3385496,0.97781867,0.67023444,2.0376337,0.676651,0.15578228,1.1164881,0.31692445,1.7086705,0.6598575,0.4015203,0.20755552,0.8317609,1.2710934,1.1956601,0.65634036,1.7976156,1.3601323,1.1200266,0.26119792,1.5954524,0.07382782,1.5349596,0.7642797,1.1603757,0.81494,0.030322945,2.5466807,0.17144541,1.0236984,0.30193737,0.42421404,0.5253541,1.8314427,0.12857486,1.0260437,0.04521553,0.100381374,0.9040775,0.93159616,0.30327597,1.3071554,2.6209238,0.41447914,0.39181042,0.73112917,0.542592,0.9119011,1.2740628,0.17928699,0.90491396,1.1834525,0.34271538,0.10383175,1.3511745,1.1862746,0.0030800335,0.22420439,0.055729423,0.18180126,0.71190596,0.03599608,1.0948951,0.076540574,0.74573016,0.19232228,0.7447972,0.9238837,0.5230445,0.013652084,0.82764316,1.3649837,0.14797582,0.69600546,1.1242851,0.35667208,0.30506453,0.18961957,3.5166435,0.13790885,0.11490593,0.22892192,0.26266846,0.40929157,0.27463865,0.59129864,3.0618503,1.490857,0.42414218,0.2122827,0.0841138,2.231631,0.23479035,1.9463542,0.8598295,0.37252238,1.3529623,0.7831219,0.20182562,0.24642931,0.5057782,1.4265937,1.383565,0.46087107,0.66979295,1.2425966,0.6261777,0.9315593,1.3486212,0.8134979,0.86343926,0.5195973,0.041954517,3.0402243,1.3593656,0.27333817,0.59466815,1.3810997,0.48249975,1.3799545,0.3072646,0.012432489,0.1696206,0.47375163,0.45939478,0.45863044,0.44427925,1.6700233,1.3820287,0.5221745,0.016782884,1.0714793,0.78295696,1.9260602,0.27303702,0.93159616,0.35387477,0.54522055,0.18167578,1.1731308,0.62062323,0.23603782,0.25842124,0.19398443,1.4400381,0.40235502,0.3213448,0.11091888,1.3176317,1.4838223,0.77408916,5.2310467,0.16659123,1.4565473,0.35213274,0.31656003,1.6682179,0.40869135,0.7821191,1.1962388,0.36840135,0.016676838,0.37980437,0.40248808,0.59654945,0.017050317,1.197788,0.33264592,0.23948073,0.5130976,0.6070041,0.6824639,1.5455176,2.2770956,0.5977746,1.7519529,0.48708954,0.32340094,0.4431674,1.6549191,0.427431,1.0255393,0.38737276,0.53803796,0.6501296,0.8767626,0.848962,1.4311823,0.4580377,1.5709175,0.1153932,0.9778067,1.153374,0.3066733,0.79988766,0.4133361,0.699003,0.20399618,0.39046288,0.48983827,0.22483438,0.2070216,1.2655098,0.64246255,1.2638497,0.85094047,0.12574081,0.053064734,1.7276046,0.018067207,0.78226906,0.093284875,0.5117631,0.16222267,0.0051064123,0.27818272,1.5199072,0.35992035,0.63398755,1.5398012,1.2349457,0.121732846,1.1152201,0.50716853,0.20366555,0.6404987,1.2236497,0.42296478,0.06749568,0.049593516,1.142841,0.48484638,0.20990951,0.52158046,0.031662628,0.13944222,0.6171598,1.1598127,1.5427417,4.595649,1.2826563,0.27813175,0.05091153,0.69406384,0.026530372,1.062696,0.76940405,0.38509986,1.0863484,1.887008,0.73715115,0.30306777,1.1490998,0.028717654,0.3346584,0.2642017,0.8958046,0.7316725,0.23000386,0.39574128,0.3534067,0.0029994592,0.37334526,1.1752152,1.2045234,1.7041342,0.64121854,1.1463226,1.3235275,1.0731323,0.49070692,0.12690021,1.5508704,0.96269846,1.3855562,1.8665645,0.500995,1.5016563,2.5894296,0.042641576,0.20404832,0.5069784,0.9512216,0.97943324,0.73494595,0.62128836,0.25408807,0.46126416,0.57557136,3.175332,0.51647824,1.4353791,0.03690746,0.052254405,2.245225,0.45256302,0.1676259,0.48912233,1.0335797,0.13760088,0.69545645,1.2509162,1.7817711,1.9109982,0.15566395,0.3399636,1.3595479,0.0603645,2.0175028,0.6421393,1.7965882,0.14209038,0.33100986,0.054875698,0.8007521,0.05877943,0.5994816,0.41548473,0.5374145,0.23294406,1.8999163,0.95149416,0.57997715,0.027435686,0.4126576,0.4228455,2.541673,1.4052709,0.5398683,0.19985923,0.69736385,1.6692657,0.71824545,2.8747358,1.1888684,0.2702746,0.038437214,0.6394843,1.4032717,0.2216642,0.5029749,1.7757783,1.043567,0.01229508,0.0729899,0.70343965,0.07599705,0.49138263,0.53396,0.24137774,0.7731065,0.08302874,0.3537545,0.28812337,0.0,0.4057761,0.74259436,1.6155299,0.058127962,1.9349846,0.5143755,1.3045686,0.90641564,0.3132588,0.32674026,1.6161641,0.3292179,0.4330339,0.21227321,1.028211,1.4805886,0.3139067,0.25213158,0.98709285,1.1851995,1.1975796,1.7999061,0.94261295,0.04245385,2.265108,2.8725133,1.3060051,0.42538226,0.5483796,0.06884337,0.22290418,0.9087741,0.13916266,0.39645806,0.020060042,0.38732725,0.11254625,0.11777793,0.6560183,0.25524616,0.10858514,0.13156861,1.7565747,0.7855354,0.008844083,0.19763274,1.163748,0.17310788,0.5308975,0.2304788,0.1486125,1.8312306,1.0255147,0.668192,0.399242,1.6178539,0.66402614,3.47934,3.0053542,1.8684787,1.1265093,2.1206615,0.8217227,0.8841288,0.9735345,0.67327,0.19512138,0.47507343,0.6494705,0.81146675,2.65316,0.42839158,0.41276237,0.6885509,0.18289302,1.2880061,0.5507391,0.23400488,0.018948697,0.06373844,0.124928705,1.6162958,0.41208065,0.5451858,0.85868186,3.4958916,0.5155563,0.26759273,0.07269469,0.75142556,0.04183927,1.0217155,0.32631698,0.08556906,0.27427995,0.69746226,0.4061239,0.49249324,0.3521689,0.22029145,1.7955981,0.21715428,0.102756515,1.1563845,0.53984934,0.29411498,0.83498216,0.9659481,0.41846356,0.111344576,0.20275824,0.6028123,0.59770286,1.1253359,0.34927267,2.360177,1.8114902,0.98411965,2.0198183,0.0255734,0.88490295,0.2868766,0.41007462,0.8038247,0.0,0.33653542,3.0601828,0.7631188,0.33603394,0.2997517,0.043914795,0.23537092,0.015296912,0.31332928,0.42253637,0.8077569,1.2068323,1.312023,0.41142577,0.87149084,0.83169323,1.8479222,0.3595946,0.3736242,0.40219194,1.1074219,0.4944514,all_pothole_images\pothole_images_2_image_499.jpg
1.2543598,0.3463551,0.13180211,3.6839268,1.5027721,0.081394754,2.2930865,0.9146567,0.9546144,1.6872727,0.16977689,1.3334509,0.038033064,1.0916736,0.46215248,0.28938654,0.29923427,0.6480023,3.2590947,0.60149896,2.644216,1.0992538,1.0317459,0.28969145,1.5786995,0.5081324,0.6076455,0.76034874,1.0093575,0.72197783,0.24433874,0.41721398,2.5317178,0.7288032,0.0757341,0.5377828,0.21149318,1.4866443,0.8486787,0.92314667,0.0,0.73066354,0.20596968,0.80714834,0.93155277,0.49212524,0.8532551,0.031366576,0.06132869,1.4622401,1.1756556,0.8033438,0.6567107,0.38397142,0.04889873,1.7830399,0.30317998,0.9701337,1.1375453,0.5652951,1.219813,1.9227681,0.0,0.39836276,0.5623498,1.3563747,0.59873664,0.06980174,1.5161871,0.15852772,0.7865825,0.49938604,0.40155277,1.0942388,0.12453172,1.3414415,2.2984405,1.9898089,0.08321874,0.11223988,0.89674145,0.14956206,0.41446853,0.33740187,0.8982676,0.30337867,0.08872208,0.1073552,2.8203423,0.67696613,0.0,0.26049224,0.060118556,0.029168362,0.891666,0.28671074,1.766935,0.14523308,0.31938335,2.0388005,0.07102191,1.5990201,2.6356337,1.156842,2.734198,0.0,0.30317476,0.46375126,0.10116343,0.2827367,0.103796944,3.2998679,1.7663444,0.24948703,0.5134773,0.15860048,0.10162314,0.7799113,1.6479713,0.5966082,0.37836322,0.0030146553,0.18900625,1.9758627,1.1772989,0.32369688,2.5267742,0.6361822,1.853766,0.1521896,0.45030278,0.7434541,0.055178456,0.30176508,0.8252554,1.5697311,0.6159215,2.3166385,0.6675162,0.1591211,0.35591978,1.0740495,1.0142208,0.4044221,0.4538956,0.80250573,0.009795379,2.0411704,0.7632351,0.074888356,0.5289837,0.22824454,0.012003263,0.3718719,0.3882313,1.3182102,0.55064774,0.0,1.2096338,1.277416,1.5316879,3.9615247,0.07310812,1.4054054,1.7632359,3.3798716,0.93862313,0.90798295,0.67601186,0.44551966,0.340514,0.21455556,0.13483222,0.014654991,0.025171299,0.028868726,0.5700032,0.26857668,0.95702344,0.01425173,0.2865832,1.0151199,0.82431066,1.1867118,1.1068934,0.2826588,0.51367706,1.38222,0.39104587,1.318918,1.0017759,0.32665214,0.021086536,2.323856,0.08033071,0.07561231,2.4260178,1.6393313,1.4579015,0.3587377,0.31284305,0.5708787,1.1599154,0.42676145,0.1982322,0.029523924,0.6817937,0.18425824,1.1927618,1.4110615,0.049013432,0.12377832,0.30349326,0.9983491,2.2475944,3.3081288,1.1703173,0.12658286,0.21211074,0.7065914,2.1093342,0.96828943,0.660948,1.2925013,0.03991041,0.67818487,0.55790263,2.12275,0.20779152,0.55585885,0.4613303,1.1285182,0.35061333,0.16984996,0.57260054,0.04234185,1.8697418,0.35717174,0.16017413,1.3767407,0.55111015,0.5506026,0.9106875,0.17493038,0.6516953,0.0,0.33203116,0.60826445,2.8909338,3.8876917,2.6066325,1.3410746,0.8364893,0.33435023,0.077480555,2.6842997,0.7247925,2.3241677,0.49411267,3.5102196,0.07212791,0.3474487,0.3570824,1.6283927,0.48101923,0.56831294,0.88648593,0.20393384,0.4927124,0.22661497,0.5726174,0.22299506,1.4485341,0.6841146,1.5406736,0.4165814,0.1202212,0.28683534,0.7897199,1.54771,0.0261788,0.14063257,1.0678308,0.027307773,0.08891084,0.26761195,0.791724,0.26482844,2.4650025,0.08037397,0.024306284,0.31959334,0.9826815,0.5650295,0.2897724,0.6817838,0.089440025,2.612373,0.09745045,1.2983409,0.7650302,0.81468385,0.5841452,0.5017358,1.5035585,1.0019459,0.8298122,0.23793226,0.45497468,0.34501687,2.7893546,0.98827374,0.83280134,1.6796337,0.41876817,3.0701218,0.038165607,1.3454254,2.145069,0.7444678,0.20914723,0.42791724,0.6191562,0.06884544,1.1154544,0.1573741,0.5900808,0.32084224,1.094373,0.22697628,0.9259162,0.47421747,0.81081903,0.5882963,1.111785,0.27173546,3.324431,3.7978477,1.4794333,2.2292676,0.2463452,0.60942674,0.60054445,2.858661,2.3264477,0.4592148,0.8731476,2.1289217,0.22236075,0.4612774,1.5108981,0.20739086,1.643388,0.34327903,0.021067511,0.49106196,0.11581914,0.98352,0.36984158,0.5491147,0.60698026,1.9815557,1.0062525,1.9921204,0.20449097,0.08650934,1.5029844,0.004303097,0.0,1.4692581,0.25597373,0.15834811,0.97655135,0.1571712,1.4025096,0.520504,0.45264426,0.5556026,2.0609386,1.0506669,1.41277,0.14384507,0.48609614,0.17641827,0.61666524,1.0232799,2.6287253,0.0,0.4150629,1.8012393,1.0838809,0.40590248,0.46515062,1.5344046,0.025595943,0.003186893,2.2726083,0.13591318,0.86344564,0.07129176,0.6629917,0.67966586,0.4504031,1.3750775,0.34564158,0.6622692,0.115160376,0.49540055,0.2753745,0.19591402,1.4715959,0.84959847,0.05651123,1.2053019,0.026098166,1.3915565,1.4536638,0.97910994,1.5011597,1.1960887,4.045936,1.030795,3.1504111,1.9481798,3.654522,0.18724695,0.7234502,0.58389777,0.7273524,1.4987866,0.20341694,0.85088664,0.39964828,0.2851805,0.51645595,1.1914796,0.07934551,0.24214512,1.6058972,0.53572536,1.5192379,0.58374304,1.0372921,0.19816832,0.09636589,0.068333305,0.7492305,1.4251704,0.16850038,0.68493426,2.133728,0.23316371,0.19663085,1.7031814,0.44736925,2.4516158,0.5877573,0.037368886,0.01032507,0.81214124,0.5849015,0.38371882,0.9114199,0.2105801,0.018483514,0.72027445,0.19302955,0.13567974,0.91963714,1.1792203,0.22463284,2.0375025,0.1618201,0.17434314,0.79494894,1.3598305,1.400059,2.379114,0.15755332,0.5897421,1.4539716,2.0200663,0.3964804,0.6404298,0.03984598,0.17132741,2.8184743,1.7754382,2.4073286,0.0,0.21970028,2.666631,2.2590103,0.8237613,0.0,0.21961927,1.1098003,0.020120868,0.15782201,0.1169194,1.029741,1.735779,0.42581612,1.2162234,1.9783658,0.0631622,1.9155797,0.9525665,0.1407783,0.5686472,0.40952268,0.5392031,all_pothole_images\pothole_images_2_image_5.jpg
0.18403602,0.11813321,0.28115892,1.4375525,0.23730509,0.24224913,0.44157562,0.05979532,0.5400101,0.7013519,0.4413993,0.78312045,0.582665,1.7450461,0.27589405,1.0770508,0.5299812,1.0394948,2.5090456,0.87926257,0.9384991,1.1623653,1.0961341,1.0745227,0.04402439,0.943744,0.08174569,0.2583665,0.0,0.39494058,0.4054492,0.14625819,0.85573983,0.5784042,0.1551548,0.91341615,0.18798377,0.38467142,0.7129148,0.13640407,0.49787343,0.26898462,0.65775555,0.92577755,0.7875336,0.36002785,6.1036684e-05,0.00064057705,0.70132273,1.9034053,1.7447559,0.3442251,1.9086353,0.2905617,0.6805677,1.2173446,1.0270617,0.16676281,1.7882488,0.3001825,0.11056781,0.27550665,0.4036723,0.86476195,0.42442006,2.1170614,0.76591575,0.51200753,2.2474992,0.1016248,0.027731314,0.51721823,1.3788679,0.1746511,1.4310048,0.96482784,0.089778915,1.0799358,1.1696736,0.62436366,0.31125584,0.29516527,0.29790783,1.1766884,0.066678904,0.71003693,0.094340384,1.3340929,1.0584488,0.61113733,1.6963867,0.03539657,0.09433271,0.6085262,0.31170452,0.0,0.9879664,0.85673046,0.33350644,0.16069517,0.18352078,1.9943819,1.4265187,0.14190741,0.94397265,0.8091174,0.32080927,0.24185285,0.42631215,0.03367133,0.0043137893,2.9326875,0.26436606,0.3858315,0.08716412,0.07581616,2.1652515,0.75897276,3.6092908,1.7767069,1.5495098,0.59078175,0.56062126,0.80377144,0.58310217,0.5240977,0.0046454696,0.24869837,0.7085429,0.16452837,0.77100396,0.0,0.16184504,0.05621477,0.20298067,1.0908053,0.25526136,0.43733782,0.64489836,0.29885852,0.33117867,3.0482333,0.18717423,0.52191913,0.06837137,0.7798358,0.28262138,0.36727569,1.7716113,0.21996251,0.53367716,1.1165787,0.0020066223,0.031494737,1.9919206,0.7261317,0.289924,0.11286802,0.0,0.06771932,2.2596467,1.0391606,0.0760893,2.957007,0.1316442,0.7922156,0.3074931,0.5285869,0.7263199,2.7113261,0.3571142,0.21494783,0.28746337,0.22760233,1.1994476,0.023051556,0.029913323,0.03092228,0.15234248,0.47308788,1.7564332,2.5211682,1.4312919,0.97913873,0.9980418,0.5124631,0.45842817,1.8817933,1.2170696,1.8277148,0.48027796,2.8748882,0.03357896,1.6695821,0.25466353,0.7899336,1.860467,0.75748676,1.1782541,1.0747422,0.11315143,1.3047268,1.5995938,0.4926276,1.410874,0.07058884,0.57587296,0.35804468,1.107859,0.10018366,0.20699783,0.0,1.1062738,0.4221056,1.1007218,1.3448128,0.024388453,0.16663438,0.92302936,0.017185062,0.0068651065,1.5351347,0.14957792,1.6329732,0.46423653,0.07823772,3.3226209,0.06414823,0.40063903,0.28045383,0.18182439,0.1649476,1.7680153,0.7729173,1.7198572,0.11550901,1.1488596,0.082704835,0.023574797,0.10849857,0.10937403,1.6016073,0.020380827,1.3877985,0.29462674,0.05607081,1.8333005,0.7799119,0.6970411,3.0667827,2.7691693,1.1226323,0.94174045,0.71656525,0.24355012,0.71397865,0.8323045,1.9791728,0.21489832,0.91414845,0.2105593,0.019385053,0.0,1.9276863,1.1720016,1.2432525,1.0414745,0.0602158,0.5813264,0.18078406,0.21399766,0.2566253,0.069825836,1.2909344,1.4508545,1.4143435,0.5062636,0.1499815,0.44183373,0.48001432,0.25492162,0.5128057,0.6952109,0.09972453,0.30847114,1.4540455,0.6434561,0.8826226,1.2239273,0.65352654,0.28150687,0.12894662,0.74955153,0.11941386,0.025005892,0.2781231,0.061061636,1.8910754,0.68868303,0.14342292,0.56479645,1.3771296,0.38718852,0.026906129,3.575234,0.06667025,0.9196607,0.3539136,1.1452979,0.28515312,1.1247036,1.3570325,2.6761184,1.450527,0.0378997,0.8777909,0.49506342,0.1753252,2.8657103,0.22655241,0.51185423,0.4864687,0.17167476,0.0347824,1.5491856,0.09809066,0.14417514,0.22519317,0.16851787,0.0040161274,1.816971,0.95183325,0.31608447,0.16476166,0.19391379,0.5404027,0.32522768,0.28353325,0.15187472,0.043769088,0.42568493,0.17565349,1.6109148,0.59630954,0.6439996,0.73784417,0.04139877,0.3442157,0.52158344,0.54311913,0.12869117,0.7103354,0.6159901,0.111710966,0.08286147,0.80670226,0.026144927,1.2757257,1.381358,0.4467785,0.14685817,0.25072774,0.24018984,0.047491446,0.16367683,0.7385338,2.7083454,0.33750254,0.0,1.2958392,2.392147,0.69427365,1.2212561,0.008511795,0.9855533,0.3013545,0.030910425,0.00555695,0.44917402,0.4137449,1.2308558,0.45400643,0.094331525,0.6327073,1.9707563,1.3959973,0.2511518,0.048121247,0.5507358,0.29876292,0.9583041,2.5461597,1.5348446,0.20059595,0.32496986,0.775488,0.8719125,1.1295885,1.0631917,0.14448085,3.688509,1.0787706,0.06685687,0.41064817,0.2091411,0.26937357,0.31347513,0.3880752,0.003818841,0.027516088,0.06210831,0.4811976,0.45358026,0.95675695,0.23087154,0.06032807,0.13651702,0.36485556,0.6674652,0.6143306,1.5942221,0.39893997,0.78906417,0.9757586,0.9349412,0.06785654,0.16706368,0.87632036,0.16101336,2.801097,0.2640501,0.43299317,0.473612,0.49388143,0.6388369,3.282484,1.1116114,1.3285888,0.45836553,1.2614821,0.504313,0.88366926,0.59399956,0.6269721,0.83091533,0.4720141,1.0312527,0.44775447,0.05342626,0.99317294,1.8109019,0.6238984,0.050186433,0.37949854,1.9414891,2.0026,0.19033211,0.6292153,0.6910442,2.3077548,0.40600193,0.16615449,1.2371775,0.33695415,0.5506653,0.8874118,0.39782473,0.03281837,0.05515995,0.91848284,0.31802958,1.6626902,0.45957738,0.479058,1.3585008,1.0326319,0.35740465,1.6670187,0.82984847,0.065644756,0.0016240653,5.5219235,0.290203,0.06378874,0.0020147196,1.3579727,0.20312952,0.02930284,1.8088329,0.044191223,0.2247869,0.7746921,0.5115327,0.5086269,0.02491145,0.1462644,1.4945793,0.25298074,0.5229558,1.2269816,0.45584503,4.4417324,0.6966966,0.16888364,0.7934995,0.502354,0.44540662,0.90258086,0.6659832,0.8647741,0.35181364,0.2591419,all_pothole_images\pothole_images_2_image_50.jpg
0.6817985,1.8810987,1.7637744,2.0460677,1.2193675,0.043933652,0.23205125,0.0,1.3580316,0.13951658,0.05857196,0.70417845,1.3432403,0.8517485,0.7560543,1.203907,0.06080556,0.0,0.36588162,1.1697252,0.5705055,1.7619395,0.11190899,2.427908,1.7037203,0.049316872,0.52739686,2.14252,0.1374042,0.7524908,1.1125877,0.5919421,0.36621606,2.2556732,0.2813969,0.28566894,0.65858316,0.44089895,0.80157703,0.8869395,1.0112249,0.04326505,0.13643067,1.0753945,0.96249396,0.032842863,1.6359181,0.264943,0.43133295,0.3450206,0.13300996,0.75809747,0.29489547,0.06261188,0.051206674,0.11979654,1.4236745,0.008700252,0.15889087,0.5944766,0.09253007,0.68732095,0.3460096,0.07908612,0.24786504,1.7953763,0.033951838,0.003505754,0.13779151,0.4702107,0.21023712,0.1822293,0.4964447,0.03541627,0.13802801,0.9265652,1.6324725,0.9507805,0.0,0.13817246,0.1798012,0.41846675,0.19374695,1.1132659,0.39220816,1.593859,0.08163837,0.9101525,3.1769109,0.22541723,0.06776259,0.5600041,0.40070328,0.1705269,1.6117666,0.50065076,0.27857554,0.73174906,0.60066795,0.29060596,0.13458087,0.23506622,0.003403185,0.99228233,0.050041806,0.13069284,0.057316557,0.14467332,0.37784225,1.0718116,0.7379717,5.122217,0.8613094,1.2341704,0.44188377,0.53962195,1.8469467,0.12324402,0.32494465,0.55723584,2.4102345,2.4043655,0.46877408,0.93840355,1.1978297,1.0853786,0.7049797,0.88406044,1.498842,0.24257275,0.73292166,0.03353988,0.094749354,0.07359811,0.30180168,1.5863057,0.1669003,0.22522455,0.30359995,0.09174004,0.16510902,0.23839335,0.16091734,1.007805,0.12671006,0.09817817,0.7753185,0.8447454,0.8596027,0.7130652,0.82020247,0.3193417,0.19505574,0.24230684,2.088275,0.09725317,0.3315323,1.4082338,0.50332415,1.3866496,1.0049648,0.8931667,0.026256923,2.0989156,0.09874256,1.2431936,0.08431823,0.0011012108,0.7817472,0.7852568,0.0016910257,0.006255768,0.37295932,0.15742569,1.6021932,0.06318895,1.187455,0.0,0.26380885,0.344932,0.0,2.663236,2.7009408,2.9581757,3.1994193,0.6055033,0.06679478,0.98664844,1.3579178,1.7444891,1.0927876,0.6157377,0.010492011,2.2700553,0.981605,0.0,0.14815299,5.2990503,0.3639573,0.65439767,0.58336216,1.108337,0.44868502,0.6223681,2.6094546,1.7566032,1.4733579,0.3747795,0.81083274,0.52569455,0.0193056,0.26087135,0.5285914,0.4450515,0.41764325,0.8683587,0.087737046,0.8181648,1.8166397,0.32718456,0.99380887,0.0037021467,1.103527,2.6798384,0.06813051,0.2188105,1.5127436,0.2468693,0.8382607,0.0801778,0.329282,0.44427663,0.78979415,0.0851861,1.2798094,0.5569029,0.8344573,0.7397777,0.32399562,0.057346333,0.821415,0.0025632281,0.18094541,0.11494091,0.0,0.21398973,1.5081708,0.12772417,0.8759415,3.4300942,0.46602523,0.101060964,0.9478456,0.44246942,0.14566834,0.0,2.3404646,0.41516525,0.14982532,0.23103781,0.37586397,0.033510536,0.56996346,1.2702045,0.02060315,3.2092562,0.11270517,0.4842706,2.5357373,0.5380166,1.006011,0.22402547,0.013545839,0.8380854,1.5525585,1.4043876,0.18168293,0.9352297,0.48027766,2.041412,0.06563868,0.44675618,1.2834567,0.27840823,0.88755965,1.0241814,0.67848855,1.0707763,0.13884044,0.54291135,0.28969288,0.044985186,0.2506371,1.6283311,0.6357237,0.29901087,0.60415316,0.820796,0.56541616,0.8327955,0.46996465,0.035695456,0.8821368,0.8869415,3.9088585,0.232661,0.0012329412,1.2333405,0.061015118,0.07710223,0.01176643,0.41538173,5.692767,1.5424212,0.32085383,0.93573684,0.0055509824,0.28786042,1.7934439,0.21931522,1.0782737,0.23097754,0.28033054,0.34842184,1.5662742,0.41290054,0.521989,0.0,0.2382206,0.31260875,4.3132854,0.06811903,0.20080192,0.07994724,0.03347563,0.015213558,0.64748025,0.054573633,0.06901524,1.3103555,0.27567545,2.9381413,2.559494,0.7271161,0.90910697,0.03499758,0.340854,0.21601646,0.011232491,0.8542407,1.2118616,0.50857455,0.5011729,0.12057554,0.0058324775,0.037473015,0.12292824,0.6613027,0.023593238,0.9017399,0.63939804,0.19567622,0.66586256,0.7106558,0.0,0.596936,0.33638692,0.71106327,1.1166053,0.15806715,0.34057724,0.79868907,0.55714315,0.59647626,1.6135001,0.9948403,0.24715215,1.4780997,0.76530546,0.30904785,0.006714288,0.096671894,2.1641624,2.2818487,3.724676,1.0412064,2.371268,0.0363321,0.009889691,2.4443922,0.7265821,3.4499078,1.6758091,0.08087944,0.023050562,0.9469987,0.415976,0.8150778,0.7069085,0.8495913,2.3035305,0.35934046,0.123353414,0.7348447,0.3413499,0.05568432,0.82138807,0.7155809,0.11502808,0.014800173,0.31698918,0.9185817,1.6170037,0.20393512,0.10611377,0.36662483,1.3641541,0.47696406,0.17092687,1.1192068,0.11125219,0.024514558,0.60519874,2.5440319,0.96250397,0.3811843,1.2117299,0.49864405,1.1048183,0.38788724,0.26077092,0.6663795,0.0785142,0.43237895,0.01745897,4.4347463,1.8339185,1.5660042,1.1038096,1.2948638,0.22887392,0.43841544,0.022455132,0.7104022,0.06397364,0.13477722,0.25615242,0.18665563,0.13020769,1.6047983,0.95149726,0.028908487,1.0067573,1.7647722,3.0236695,1.1021577,2.583917,1.2465192,0.2107747,1.75574,0.06463596,0.5364776,0.10250108,0.11113543,0.0109258415,1.649287,0.32150573,0.72597533,0.4099405,0.3327264,0.6735737,0.836775,0.1455595,0.0043765474,0.26430842,0.4875832,0.0427476,1.1729385,1.7809783,0.1032914,0.8660885,3.9400322,2.167699,1.8823159,0.20695242,0.21678199,2.2368255,0.71901333,0.83134866,0.23755811,0.11132711,0.84721786,0.3748418,0.09696614,0.005208363,0.0,0.05036345,0.1619574,0.0005825917,0.047777895,0.74148595,3.4362786,2.326855,0.2584957,0.14947058,1.8232913,0.0630513,1.2337428,0.15018068,0.47772807,0.23247051,0.18665949,all_pothole_images\pothole_images_2_image_51.jpg
1.3261389,1.3731564,1.3845332,1.7040564,1.4104952,0.2451953,0.6477078,0.1486898,0.2362598,0.49452838,0.38758895,0.032721285,0.08426921,1.6960442,0.6358409,0.27542025,0.033051874,0.026495134,1.165213,0.5538158,0.21215509,1.9658631,2.3671718,2.2372537,0.35417843,1.5560985,0.5631965,2.184887,0.036599085,0.35726732,0.7427453,0.03198935,0.99910355,0.1725247,0.59929645,0.1316336,0.80172205,1.332722,0.06791972,1.4386551,0.5799544,0.37951022,0.7052086,0.86674094,0.2952828,0.9405091,0.09812515,0.4359942,0.32140744,0.10358852,1.3586987,1.034561,0.94566244,0.4644945,0.8084259,1.5110422,1.3171041,0.0,0.48936826,0.026957853,0.37972748,1.1223375,0.9976808,0.036002535,0.4254925,1.9594382,0.51924366,0.052011255,0.37347165,0.68137515,0.20475349,0.5683845,0.65222704,0.16229801,0.23396888,2.5830152,0.31504908,1.4417299,0.43772092,0.038546193,0.08847594,0.043860942,0.33537334,1.018493,1.4286629,1.2549975,0.14126544,0.14341018,4.488912,0.10493328,0.37612256,0.116302274,0.10907205,1.142661,0.31073755,0.05293122,1.5443305,0.7162809,0.833469,1.0247998,0.031370156,2.1347923,0.32503885,0.14785884,0.575867,0.68747413,1.091669,0.13769622,0.010213456,1.2391899,0.5676096,1.8430405,0.8806995,0.55988514,0.5257859,1.8032099,0.6016328,0.6186572,0.2364232,0.5906623,1.1611723,1.4350771,0.79581815,0.5934656,0.8292286,0.7701226,0.23063508,1.3751149,0.24952771,1.0633173,1.5159286,0.07680073,0.66747135,0.29905662,0.16862309,1.4317694,0.07874486,0.9024438,0.72435606,1.0866817,0.34774387,0.17046873,0.10845321,0.6970892,0.6677199,0.7106514,0.33998758,1.6948035,1.2964357,1.5342404,0.29170573,0.98958343,0.10093888,0.23713876,1.671961,0.37409428,0.77947724,0.8460717,0.19853124,1.035586,1.495074,0.8463748,0.1919208,1.2735254,0.7027708,0.772311,0.4247535,0.8502098,4.0672016,0.36535734,0.5773906,0.19681154,0.1010669,0.42158934,1.8355731,0.4404997,1.0340939,0.24205676,0.014862092,0.35491234,0.21914689,2.318424,0.82137656,1.4861081,0.9403652,0.6648712,0.48653924,0.6114712,0.037449848,1.0208085,0.7360353,0.23152614,0.044030815,3.1753647,0.17752776,0.433182,0.57999706,0.7155935,0.40316615,1.5573695,1.0877646,1.1616452,2.0137615,0.4556304,0.6938249,0.022027114,0.29187313,0.19908683,0.3179759,0.39832282,0.7209217,0.9310667,1.6873126,1.3726631,1.00852,0.6003681,1.2522293,0.6206089,1.5006715,0.32577848,0.7863025,0.08823844,0.37731698,0.43964136,0.9279155,0.31690845,1.8468325,0.9075498,0.8881196,0.16871162,1.2002106,1.8112755,0.23008487,1.2649156,1.9383581,0.1507319,0.9702228,0.33928668,0.0632293,0.0,0.8110276,0.40029213,0.5556915,0.5411523,0.21145865,0.22502708,0.39388025,0.6904745,0.43402827,2.635601,1.1196532,0.16035286,0.34955665,0.43606916,0.13010143,0.0,0.29021114,0.34185052,2.0528948,1.9318004,0.37394804,1.237838,1.2608675,0.5232189,0.022843204,1.2510866,0.5846798,0.66901606,2.0074377,0.098326586,0.065156214,0.09747683,0.1418553,0.16488458,0.8760265,1.0195419,0.9193554,1.1389555,0.33166316,0.7739093,0.0010658235,0.7802437,0.5289752,1.2741536,1.378124,0.88588595,0.7433062,1.2305332,1.0991024,0.05032513,1.0341061,0.7670157,0.13518348,1.9749917,0.46947423,0.32006103,1.2282134,0.024951873,0.109663375,0.9358582,0.17351264,0.5099411,0.6080524,0.8802911,2.1573715,0.13519694,0.13737252,1.2028402,0.68962157,0.06300243,1.1799611,1.5556653,2.518178,1.4445096,0.0,0.2512559,0.08720834,1.87054,0.31232312,0.43613243,0.14460823,0.7125647,0.15658581,0.53681725,0.35724342,1.2095021,0.48271662,0.34291458,0.1556092,1.292686,1.4009289,0.09752747,0.10033058,1.0275961,0.7366903,1.7486238,2.731136,1.3776321,0.24222763,0.0716049,0.71109796,1.4428803,2.7563262,0.0690195,0.26251307,0.11846803,0.4876792,0.05777487,0.06700101,1.683181,0.28763133,0.32147604,0.5830298,0.17366646,0.100322135,0.24734582,0.6132171,1.4726201,1.5223364,0.6930042,0.09652797,0.034640603,0.50036514,0.9057401,0.11918418,0.13626343,1.2941378,0.57693887,0.6153573,1.0466989,3.5549788,1.3841453,0.734957,0.06500286,0.7075404,1.1594707,0.2100291,0.2854911,0.795784,1.908547,0.38585174,0.12913944,1.8871862,0.49911818,2.7170236,1.3252863,1.1512643,0.6520134,0.3963912,2.7652175,0.87241423,0.605812,0.011805515,0.2537623,0.30876094,0.0,1.742433,0.1882868,1.3006891,0.110606834,3.589188,1.8600999,0.37939847,1.186238,0.8812656,0.4179929,0.74111265,0.0,0.46094936,0.18958272,0.16300528,0.051143363,0.90588254,0.5685102,0.047860343,0.7197057,1.1796613,1.2236142,0.5639321,0.00801381,1.5231649,1.7390763,1.9190888,0.88843113,0.8253727,0.80007464,0.97409767,2.2958488,1.1739938,1.5025373,0.14206497,0.27880308,0.42198336,0.6923437,0.9506387,5.571664,0.9422433,1.2321225,0.5438873,0.009415032,3.0055015,0.11229818,0.15706234,0.16910711,0.5235378,0.85442036,2.644784,1.0549682,1.1647128,0.9918376,0.2987182,0.33598664,1.2280604,0.75920135,1.317386,1.7717593,0.34758502,0.02886214,0.19179888,1.2580891,0.9522855,0.104943655,1.8903631,0.6728752,0.9272599,0.5026467,0.5129353,0.59966344,2.7071197,1.7212837,1.4308647,0.50149995,1.3753287,0.53905624,1.3709083,0.5242715,0.16244254,0.26162565,1.8354464,0.5032561,2.430318,3.606602,0.8019211,0.7816915,0.10434851,1.6097758,1.1149659,0.56759816,0.90788704,0.20236358,0.811771,3.9253116,0.09929827,0.38060588,0.39259502,0.0,0.026358657,0.28072578,0.359601,0.028863402,1.4478441,2.4303513,0.26741394,0.87154114,0.57254523,0.5477911,0.48013842,1.3110951,0.19025919,2.35771,0.32829723,0.26992086,all_pothole_images\pothole_images_2_image_52.jpg
0.46178567,0.9183013,0.5647709,2.2296276,0.16536573,0.575745,0.5351454,0.035813645,0.55727816,0.4690244,0.52109563,0.7872926,0.8677496,1.2916108,0.04389925,0.29880732,0.37879094,0.69852775,0.39546487,0.36922446,0.55740505,0.35182548,0.40811568,1.9978919,1.2145444,0.027659386,0.54623544,0.7264972,0.20614016,0.33712214,0.8622513,0.6140984,0.3718829,1.2164704,0.33981538,0.81226844,1.020904,0.51542556,0.18064983,0.16068487,0.6368853,0.8721815,0.28332117,0.9384622,2.3539784,0.5434215,0.4879728,0.05458843,1.9710466,0.1491083,1.5630852,0.46054906,0.43880215,0.8519382,1.2461303,1.552239,1.2588555,0.24645735,0.6953632,2.0836058,0.12434804,0.110319465,2.6231277,0.8057134,0.47544143,1.4073542,0.67429304,0.6945578,2.4500506,0.3142907,0.85120904,0.57025534,1.4144707,0.17813429,0.68995494,0.23810199,1.4476767,0.14187923,0.023356073,0.36167532,0.0021233226,1.5227493,1.0632344,1.9625462,0.19916593,0.4302478,0.64358616,0.78071016,0.8281363,0.6350184,0.08457657,0.26768506,0.9722402,1.6418874,0.5417207,0.38773942,0.9257763,1.0373657,0.38214034,0.51464283,0.78643835,0.4407302,2.3825932,1.2860506,1.125016,0.7057663,1.3685137,0.39478877,1.9596436,0.8864441,0.2989121,1.2960576,0.9224464,0.38239762,0.6934431,0.794038,0.4237524,0.12264094,1.0770751,1.1724136,1.620474,0.33484674,0.2220144,1.5247691,1.7201782,0.60210294,0.2738753,0.08747177,0.35775885,0.40882346,0.3333541,0.91515076,0.8279334,0.49996376,1.0995574,2.054246,0.33212295,1.5802581,0.40763488,0.35527927,0.13118832,2.0108495,0.09409091,0.5881257,1.1084762,1.5738491,0.35665348,0.048365355,1.8014987,0.21430346,0.20418568,0.20389004,0.34945723,0.12470298,0.82039523,0.061909202,0.5944916,1.2197266,0.0012045354,1.362206,1.6044791,1.4241364,0.004153116,1.6798234,0.27228686,0.40529695,0.8471807,0.057699904,1.6192791,1.8727403,1.7401096,0.35264796,0.00037206907,0.3597527,0.7650087,0.15854497,1.1281769,0.5339782,2.0450878,0.6414164,0.19462733,3.6751053,0.6385424,1.3459488,3.588388,1.8044037,1.8721771,0.45949376,0.5140456,1.918892,0.4470855,1.2319815,0.285243,2.0244267,0.058808375,0.8612231,1.3286295,1.1816547,0.33610827,0.9314818,0.5220775,0.66761166,0.7034717,2.3891642,1.101368,0.34989992,0.26645586,0.11415454,1.0009699,1.0645607,1.1515355,0.9861784,0.19580777,1.1279798,0.86716926,0.16693226,0.05888065,0.53304416,0.9216777,0.44435394,0.087227955,3.0568788,0.72123927,0.59816897,0.02721659,0.58755976,0.44834992,0.8475708,3.0760024,1.8767189,0.2107719,0.1684704,1.1175605,0.4388802,1.9220995,0.9114375,0.13120568,0.12245593,0.06403832,0.10597258,1.1041374,0.33045596,0.9991707,0.36653483,0.15799993,0.1267691,1.0881593,0.84821707,0.9692066,3.2105637,1.044812,0.19164474,0.9539097,0.31551728,0.005498594,0.35321033,0.5429499,1.7916204,0.081283785,1.1606847,1.0842373,0.14742625,0.6299333,0.4960546,1.107708,0.8046967,0.6897574,0.47584662,1.0764989,0.22612809,1.0068619,0.41349536,1.0379236,0.053207736,0.34381998,1.3238115,0.8668112,1.5211036,0.056091815,0.21031386,0.018097257,0.74368334,1.1428305,0.32589456,0.8668133,1.4556683,2.4856699,1.2780601,1.8624324,0.6505451,0.120628975,0.32613078,0.18862362,1.7672203,0.60028166,0.11179091,0.8739183,2.164266,0.30718666,3.7268488,0.45640093,1.2206435,0.08859473,0.54237837,3.6301823,1.0728859,0.77992314,0.8355638,0.03071745,0.41890875,0.31996715,0.6477583,3.5320508,3.11946,0.4863443,0.617051,0.9614315,0.5361145,3.4060295,0.81946015,1.2239019,0.14360571,0.5218549,0.17903952,1.6537848,0.39470446,1.0564948,0.47239062,0.029160017,0.92832446,2.1898534,0.30479604,0.7540746,0.3842827,0.6520196,0.30882636,1.4140223,0.44019642,1.9360638,0.32160616,0.5001944,0.6148477,2.5673604,1.6488547,1.0737365,0.28872547,0.7506762,0.9532003,0.47467625,1.2432619,0.07346496,0.34134236,0.34116018,0.88804793,1.6077585,0.61369413,0.11676164,1.8907087,1.1249031,0.31517366,1.2129717,0.8025188,0.6463202,0.56311375,0.5129553,0.44342327,0.81909215,1.3903147,0.23036295,3.6501906,0.44217664,0.8124967,0.024324957,1.3649583,0.23224717,1.554157,0.75119454,1.2955062,1.4201764,3.2016866,0.3137783,0.45197377,0.3300535,0.086055435,1.7976091,0.8853185,2.0317016,1.8431336,0.8519524,0.79139197,1.0652901,0.1505049,1.9518529,0.22792761,1.5612296,1.884347,0.872504,0.69435614,0.5364273,0.016176661,0.9984623,1.3700094,0.40978253,0.5654739,0.13435768,1.1182088,0.01392959,0.90333706,0.19333282,0.08277538,0.22892858,0.5925855,0.13565645,0.26832786,0.23851725,0.28691703,2.0131114,0.7379024,1.1869678,0.259729,0.041537806,0.9483069,1.6529511,1.264563,1.0569571,0.52064675,1.3158616,0.6960505,1.2578372,1.0710678,0.75245976,0.96176577,0.41863975,0.40742406,0.5236188,0.9060385,1.4141532,0.5668209,2.8127801,0.6311251,0.20630783,1.3605802,1.9524502,0.63030005,0.9838718,0.84006524,1.0130012,0.42615825,0.22800936,2.1892922,2.0940933,0.009535468,0.8081732,0.57390386,1.6464894,0.40889996,0.0,0.44886875,0.57929033,1.1218426,0.69535047,0.98805976,1.7925198,0.29740945,0.26579762,0.8170874,0.1196544,0.47472018,0.06612088,1.7962459,0.97154963,0.60348064,0.28186843,0.675054,0.6724289,0.8733094,1.6443053,0.61582285,0.3030652,0.21806437,1.4445928,1.0351112,0.7570448,0.7192744,0.24204935,0.6321797,0.3646918,0.8265805,1.8925263,0.18671627,0.9406777,0.65543175,0.6847296,0.040546518,0.44845253,0.23138686,0.8738822,0.15976869,1.1061591,0.80368054,0.18369651,2.3749657,1.401744,0.86674577,2.0425847,2.4196873,1.0445487,0.98614794,0.5885628,0.3875476,1.2884178,1.2636688,all_pothole_images\pothole_images_2_image_53.jpg
0.12542649,0.58498967,3.3110693,0.42510873,0.21107447,1.0255315,0.3213104,0.86712813,3.1318913,2.8472147,1.5437903,0.1480558,0.098338254,0.9973021,1.1981686,1.3906362,0.059156276,1.2284442,0.09277048,0.17170076,0.40127742,1.0676991,0.1979627,0.22400296,0.38420424,1.2575487,0.9595729,1.212144,0.7113099,0.47175604,0.14177169,1.3924056,2.135716,0.06639464,0.15953779,1.3516484,2.162314,0.47798654,0.65263027,1.5202048,2.4156275,2.2585151,1.245772,0.9204889,0.9604053,0.83797157,0.086223,2.8933735,1.3787836,0.39986655,0.24487981,0.69350797,0.4642411,0.9131418,1.013729,0.06793389,0.6915087,0.9380588,0.747208,1.0951922,0.4302824,0.59622574,0.28866923,0.035884663,2.0581248,0.1656831,0.5778342,1.066564,0.37795606,0.0034804745,0.21443571,0.056842186,0.44789147,0.5138409,0.11539925,0.48663446,0.43498474,0.57520384,0.737131,0.0,3.1418524,1.2338722,0.8143209,2.3433409,0.83840257,0.7893077,0.044087585,0.4325653,2.5907056,2.2552714,1.1291394,0.7742053,0.39480174,3.0338104,0.29738998,0.35359815,3.4244807,1.0002524,1.8035007,1.298616,0.33957866,2.9233072,0.8921359,1.0471048,0.12040427,0.05796701,0.52807873,0.9336992,1.7936027,1.0801892,0.6716165,0.7727038,0.5064201,0.423561,0.83836085,0.9046151,4.00319,0.29790244,1.6025761,0.24728738,0.0,0.5289798,0.806701,1.0872166,0.15189122,0.33100665,0.7101014,0.8411482,2.2563205,0.6075074,0.0,0.76951855,0.47980303,0.5155358,1.5967481,0.53105676,0.2590667,0.73392177,0.32095551,3.9123874,0.03060826,0.33913916,2.1134346,0.5507944,0.6961381,0.1786457,2.9645898,2.990955,0.15003522,0.841821,1.671835,0.824099,0.5855471,2.1674082,1.1561913,0.07066428,0.23444198,0.12902318,1.1069837,1.3720018,1.2375616,0.040644072,0.33279893,1.9067029,1.2155207,0.09361374,0.69738144,0.08015202,0.8661596,0.43166015,0.6035923,0.31327412,2.1674707,0.09211871,1.7698337,1.8145521,0.38052398,0.051956564,1.0096092,1.1814537,1.2914866,0.34040278,0.113053136,0.83590525,0.9055345,1.211459,0.21368252,1.8494377,0.13709411,0.08746616,0.04608061,0.88083416,2.6956463,0.25213298,1.9623173,0.7162744,1.4346914,0.34046888,2.1923175,0.5912301,0.44226006,1.7950277,0.07573783,0.062391523,0.32351932,0.5298482,0.052441917,2.4256785,2.3147054,0.1983459,0.036504567,0.24704206,1.7802151,1.0016552,1.5061045,1.0270892,0.27005112,0.5346126,0.08738567,2.906643,1.6302944,0.36508527,0.3094377,1.7428046,0.71341515,1.6898,0.81538576,0.20500343,0.08363093,0.50116813,0.4216304,0.5906986,0.2009772,0.4205048,0.5231514,3.2949698,2.0640483,0.4507542,0.0,0.17238428,0.9504684,0.057167847,0.2619864,0.5569273,0.21719305,0.22576359,0.059520423,0.024232008,0.88177526,0.24674065,0.17068976,0.3001457,1.1254201,0.7150407,0.6323574,0.14120467,1.3470423,0.34873837,2.4949238,0.3473838,1.2982565,0.19726756,1.7677491,1.1345444,0.995639,3.5243886,0.3469218,1.468743,0.5338419,0.50675267,0.7748315,0.43339017,0.19549751,0.012932936,1.2709633,0.9317707,0.3305765,0.34677202,0.23208182,0.44144812,0.101564005,4.0679994,0.5128917,1.5110083,0.39595386,0.23241971,0.20791727,0.89938086,0.54208505,0.908781,0.39389092,1.4626075,0.77727413,0.0017605898,0.54138976,0.25833794,3.5200033,0.03183456,0.6471817,0.4313983,0.10981685,0.18141404,1.0169486,0.7795721,0.5090208,0.74023247,0.47463995,0.13479857,1.0775423,0.099361524,0.30128923,1.8920057,0.753447,1.0110103,0.43222275,2.111204,0.6822262,0.7383317,0.19493943,1.2627133,1.9511139,1.1743997,0.38763815,0.6853753,0.81801224,0.41956306,1.6166145,0.014475726,0.5365094,0.56825584,1.0055311,1.2534795,0.08547159,1.0181174,1.7137407,1.2142818,2.075072,0.21558928,1.0761114,0.7765182,1.4712982,0.4647444,1.3513732,0.08909823,0.571592,1.5254731,0.54130393,0.3312571,3.0195692,0.65505654,1.1586001,1.4474792,1.7059958,0.8440974,1.38885,2.0681233,0.8858837,0.16645133,0.7330448,0.19771416,0.38322774,0.14051093,1.7985282,0.2490469,5.0195007,1.1793095,0.14126275,1.1058893,1.9845316,0.0980177,0.0,0.6268967,0.44317144,1.3640627,0.31627992,0.005463625,0.016940026,1.410012,0.4816288,1.7011706,0.0,1.897539,5.599923,1.2452745,0.037674397,0.2412166,0.049202062,0.0,0.19186409,3.2616222,3.0878694,1.0500236,0.5718503,0.7565369,0.40366578,1.5228732,0.8165575,0.68076694,0.047089044,0.045001116,0.72712684,0.2181102,0.3834395,0.11612852,3.564012,0.102067515,0.48574308,1.4778609,0.7726747,0.9587118,0.3268365,0.7575964,1.0394334,0.14510709,0.5733702,0.67267513,0.7589176,0.7500928,0.2740078,0.82837844,0.14559904,0.6945733,0.7347008,1.2710271,0.20799924,0.013871334,1.6555228,1.2864447,2.9823663,1.4968557,0.14681798,0.50035334,0.110431515,4.403512,2.4193935,1.8178387,1.5180141,2.2089942,0.00095596426,0.3171027,0.632556,1.2494992,0.035082452,0.45805442,0.9225624,0.0,6.354755,0.22113371,0.49855706,2.155905,0.9339467,1.1513997,2.489982,0.35378638,1.8231262,0.52268726,2.008944,0.10707028,0.9609873,0.19024552,0.021098781,2.5693188,0.4834888,0.07787616,1.1467245,2.0623717,0.63231975,0.2206036,0.7325565,1.4613792,0.60218126,0.5506926,0.77290094,0.7635601,0.42997766,0.07304379,1.5352801,0.6558889,1.2013763,2.5409532,0.7693866,0.28539798,0.29250726,0.36062333,2.4680483,0.12361063,0.6066715,0.7392086,1.2274199,0.86107254,2.4113953,1.5301993,0.7666599,1.8969213,1.3096752,1.4312962,0.8703424,1.3104484,0.59193504,0.9122374,0.19992733,1.0963671,0.15416123,1.4270213,0.0,1.10257,1.5785716,0.20080996,2.0151238,1.1457953,0.5888443,1.0086809,all_pothole_images\pothole_images_2_image_54.jpg
1.1682438,2.5606754,2.745508,0.54638875,0.27171513,0.5784422,0.30636322,0.5870722,0.89724046,0.31038436,0.24383388,0.5400839,1.9576408,0.29045618,0.14335415,0.8124805,0.46318555,0.22222751,0.26205084,0.37980986,0.43473792,2.0669463,0.58501697,1.5766094,0.0069221207,1.1510745,0.052344818,1.4648867,0.023688955,0.708344,2.177138,0.556785,0.31787458,1.0541244,1.749559,0.09641521,2.1758423,0.7257417,2.736828,0.088103965,0.32390675,0.6092365,0.19401088,0.36560914,0.72878265,0.06807528,0.49080113,0.5385428,1.9337639,0.041714523,0.26325828,0.009191103,0.5395038,0.02380789,0.4645172,0.5586759,0.26970792,0.014681091,1.0609235,0.15669931,0.27735645,0.27730802,0.11161903,0.19170088,0.8473079,0.7287192,1.231197,0.29706565,0.8702353,0.82488155,0.82841057,1.3587394,0.31320795,0.24710524,0.12701134,1.0650166,1.1343453,1.4893866,0.5613418,0.39898917,0.005654115,0.04577389,0.37372494,1.3816413,0.366952,0.7560491,0.09780261,0.27384847,3.177393,0.6206915,1.662919,1.3903414,0.41695848,0.6022934,0.04599088,0.50011885,0.78446025,0.78112185,0.36372226,0.24264848,0.0,0.2298782,0.008784422,0.82438207,0.94999415,0.8778166,0.042930096,0.2839031,1.0433066,1.8123562,0.05545616,1.4858205,0.4278124,0.4424507,0.17248982,0.16770044,2.2703025,1.1966387,0.29402584,0.033719845,0.71659225,0.6090815,1.6056759,0.18929332,0.13437302,0.36546403,0.89844185,0.3293977,0.7883681,0.4618648,0.6466041,0.2092562,0.7853828,0.23414767,0.45248616,0.38635108,0.30196157,0.23547922,0.29240072,0.5074059,0.93270123,0.12487668,0.2043731,1.1155692,0.07348242,0.27920943,0.01408348,0.047457226,0.51322746,0.6278151,0.5267478,0.36764845,0.15779087,0.2039919,0.8169043,0.88541067,0.978931,1.2623545,0.13198099,0.28623915,1.3999562,1.3759664,0.5028478,2.4101114,2.5812402,0.5725569,0.109038234,0.040125437,1.7477875,0.21146183,0.14047894,0.28592616,0.8527983,0.38836265,1.5269331,0.055520687,0.34937266,0.002471045,0.06831355,1.0650114,0.015829261,2.069959,2.874917,0.6844054,3.3258507,0.6459398,0.79610455,0.07080436,0.26090124,0.5763377,0.21517317,0.29093862,0.9230381,3.484061,0.5672084,0.027397586,0.7193494,3.4122713,0.45018113,0.9261134,0.1357719,1.5576001,0.81600237,0.3789541,3.9453187,1.1949826,1.3507727,0.32387874,0.23000674,1.1217493,0.19972777,0.36942807,0.9374631,0.0,0.420647,0.7579798,0.4505366,0.8067434,0.675648,0.005652309,1.7662596,1.1782602,0.65236646,1.8466005,0.15322417,0.35788256,0.8195627,0.16055837,1.5373563,0.026671268,0.07521707,0.5360362,0.56241184,0.6111325,1.0323317,1.2023969,1.6879889,0.45425037,0.1916829,0.5207978,0.775259,0.4250973,0.3097767,0.10763418,0.36489975,0.08873183,1.2410564,0.17017569,0.21592835,2.8359652,0.03453848,0.15233955,0.84745693,0.7139842,0.8085361,0.058810078,1.0901436,0.60417885,0.36994246,0.18985236,0.019345174,1.0044631,0.2850399,1.0033077,0.22704144,1.098265,0.05601042,1.226324,1.0883394,0.67419344,1.0224617,0.012192052,0.34527096,1.1723882,1.7025212,1.925926,1.8481523,0.3764437,0.25441182,0.14977378,0.009515219,0.20250493,0.019378943,0.63113517,0.8545482,0.20956822,0.5800124,0.28308994,0.4801606,0.5091992,1.2630333,0.0069187107,0.04522772,1.6086146,0.9928383,0.19397469,0.42336863,0.12564278,0.5433269,0.4215582,0.24712858,0.491361,0.12957656,1.6334066,3.4023397,0.095921785,0.22515911,1.5828487,0.26162198,0.2563774,0.18617891,0.9423363,4.665969,0.25393805,0.106156506,0.032781713,0.116095394,1.2532281,1.6442301,1.6285261,0.30480012,0.29558232,0.07965693,0.6543199,0.29728562,1.5294211,1.6998637,0.6816537,0.18369721,0.16774026,6.3642325,0.14592017,0.0,0.016779862,0.033644173,0.33353806,0.6077846,0.406454,0.4922075,0.020428406,1.0115908,0.53271556,1.7601769,0.48951417,0.38206664,1.0843818,0.32595956,0.4429432,0.31253082,1.9348898,0.02003889,1.0772333,0.0041406373,0.27097142,0.2204632,0.07026178,1.344093,0.8714054,0.1136048,0.8570756,0.120558485,0.13980506,0.85743153,0.66926724,0.17618087,1.0697277,0.59481,0.5816486,0.5315201,0.016176652,1.5846467,1.6512492,0.12901141,0.33081186,1.077784,0.5550673,0.834209,0.6752979,0.2990546,0.6178951,0.49768806,0.3983592,1.3613923,1.1620493,2.9576283,0.0884147,0.58033884,0.71686685,0.007873694,3.519464,1.2007723,2.7743168,0.10723532,0.40386525,0.5432412,1.0534741,0.5633201,2.0431492,0.8373108,0.47110826,4.85778,0.9010503,1.276078,0.71053547,0.2754194,1.0011858,1.2964022,0.8036902,0.017755412,2.4670074,0.29777732,1.162045,1.7465694,0.7375014,0.07907549,0.108277075,0.0549439,0.41087645,0.0693624,0.21612467,0.6303665,0.0350397,0.13491535,0.5038779,0.23958458,0.17371732,1.3761454,2.7352674,0.19304192,0.8980263,0.31204033,1.5525492,0.20847602,0.26139727,0.5636389,2.8669794,0.6477021,1.7608567,0.95130825,0.5956915,0.30202731,0.7002297,0.22712034,0.10093539,0.008647088,0.4432338,0.06656731,0.43695697,0.7967194,1.1754509,0.7554408,0.5287937,0.98679256,2.4774709,0.97126704,1.7470145,1.1891962,0.5911306,0.63797796,1.4645993,0.318066,0.27707297,2.0531323,0.19997616,0.38810986,0.7552783,0.18145627,0.13170782,1.7627212,0.052678537,2.3883796,0.56796455,0.84780306,0.012321134,0.240544,0.0858895,0.4644848,0.8117699,0.5037333,0.071014784,0.010376585,3.3880296,0.48840767,0.27211183,0.08474273,0.2903986,1.9302739,0.46527675,1.0600743,0.0,0.6465406,0.26233217,0.23999476,0.5628882,0.0040281513,0.36539826,0.22541752,0.6727122,0.014479469,0.22560446,0.019828739,3.1059532,0.45628223,0.85430664,0.1470282,2.251176,0.12649448,1.1560862,0.7694089,1.8312649,0.105170004,1.1318364,all_pothole_images\pothole_images_2_image_55.jpg
0.30944437,1.7767828,0.69098496,0.35816717,0.34672025,0.7053439,0.13558668,0.16017629,0.51598144,0.27624607,0.08568889,0.46926042,0.7802751,1.7961113,0.22855498,0.34271064,0.34989622,0.5977216,1.4657172,0.34538096,0.3655948,2.1562946,0.66460454,2.0158672,1.6650927,0.64465547,0.17341654,2.0571709,0.06400778,0.6781256,1.1298252,0.44490427,0.60511583,0.10690341,1.0526781,0.27236095,0.59456235,1.69106,0.81543404,0.2396353,0.30783308,0.55377483,0.08591157,0.7562265,0.51608527,0.24478069,0.14127848,0.09308324,0.12798525,0.13528138,1.1107638,0.31179935,0.6636501,0.99813414,0.39720222,0.272386,0.9371761,0.28840268,0.6902837,0.3071181,0.13418575,0.8803056,1.4445139,0.729492,0.08222119,1.1598161,1.026788,0.13906603,0.6269262,0.354162,0.30531427,1.1538622,0.10429026,1.0567515,0.23598611,1.9771806,0.39125866,0.64090353,0.24119326,0.121304624,0.4547141,0.3889518,0.34047434,3.117624,0.61311984,0.54218775,0.6402445,0.51641864,4.387868,0.24625279,0.261451,0.29606006,0.4091301,0.9907122,0.30192262,0.28096616,0.6261261,1.0746636,0.01041791,0.9490378,0.23482548,1.284977,0.22537318,0.6191503,0.1326417,0.7385783,0.05676209,0.9837954,0.20523122,0.3362122,0.9225834,1.0493273,0.84478277,0.8011938,0.09325402,0.9292643,2.8368886,0.20339045,1.1989868,0.39337584,1.4055161,0.26198146,1.5270377,0.59827495,0.68871534,0.8902636,0.09818573,0.569804,0.7050495,0.83764064,0.7061603,0.034861643,0.4088636,0.27745995,0.021310445,0.005978315,0.112243846,0.030560454,2.416241,0.2516962,0.5002064,1.5456997,0.0064644674,1.0489671,0.405616,1.0396928,0.57663864,0.15258197,0.7454517,1.0604284,0.87170774,0.9257384,0.14517768,0.20669775,0.7437546,0.38016245,0.07822624,0.18534066,0.13724358,0.16414371,1.3027306,1.2994877,0.5471533,0.8840497,0.01329012,0.24035445,1.1601509,0.9269046,0.7882701,1.42799,0.5530716,0.08323879,0.30258068,0.02645843,1.1959072,0.10215725,1.4699153,0.03187408,0.0,0.61726654,0.079560846,1.5139146,1.284494,1.2351917,0.89331,0.5055286,0.7116743,0.74820477,0.1665471,0.24331295,0.33819482,1.8649534,0.029151639,2.4300554,0.026539035,0.0825685,0.49531075,0.48627192,0.8310346,0.51626396,0.3121299,0.50946784,0.79163426,0.12633795,1.356569,0.5093836,0.036900632,0.37682584,0.5450605,0.0,1.1291488,0.04251865,0.490617,0.19141726,0.33796886,0.013512349,0.36915922,0.058317125,2.0566034,0.19032475,0.7359525,0.0018565861,0.054538567,0.27431738,0.6961765,0.09554889,0.92429364,0.5076944,0.6681043,0.19641635,0.02754787,0.35067734,0.5156578,0.1310516,0.52021205,0.40578297,0.50952685,0.8046693,0.07989051,0.046152923,0.07975578,0.07597823,0.4887401,0.65111214,0.61323804,0.0,0.34271887,0.18941793,0.31666502,3.1896524,1.8443913,0.0033226465,0.36108226,0.0,0.33870882,0.3841412,0.25906625,0.2557506,1.8292974,0.050637975,0.40406168,0.48981106,0.3100141,0.37125653,0.76982737,0.10268533,1.5572608,0.4708473,0.6840554,1.3216523,0.5694744,0.01853384,0.1490013,0.256778,0.20739073,1.5904198,1.1254386,2.497061,1.0071582,0.35767558,0.49822202,0.16652147,0.7463711,0.9881888,1.0312666,0.023710914,0.3670162,0.5260137,0.7693651,0.069282,0.27576917,1.1407312,0.15939508,0.818495,0.69160724,0.5082679,0.7569725,0.3660902,0.020526847,1.3964596,0.015658256,0.301002,0.0768805,1.2537609,3.6431386,0.2378254,0.043302115,0.6035907,0.3942874,0.038132206,0.22622123,0.97577894,3.1876884,1.4457837,0.0,0.18546443,0.56649345,0.6563922,2.7752762,0.60211563,0.28573534,0.2768738,0.082570754,0.3814561,1.264169,1.3160955,0.6412273,0.4072736,1.1987636,1.7793483,2.6338384,0.48167676,0.19312486,0.54540664,0.4549059,0.38234073,1.2316775,0.28858352,0.17252368,0.056983504,0.6026787,0.0003745819,1.0407379,0.11636957,0.8082593,0.08770146,0.019430589,0.038437963,0.97385675,0.5316252,0.016717352,1.2810127,0.15041427,0.181722,1.5397263,0.20089647,0.55251235,1.0878242,0.15939905,0.40060773,0.017677737,0.0,0.35665554,0.52253,0.0010916621,0.55246985,0.8840201,1.8086809,0.10056357,0.14767602,1.4136322,0.059370868,0.5887055,0.41941515,0.50940126,0.5320928,0.06473706,0.15251687,0.29920173,1.4769325,0.1607279,0.012513287,0.5481755,0.5661561,3.3388393,0.0813947,1.3350893,0.08696009,0.14053737,2.5805504,2.032742,0.3886457,0.045077182,0.100066066,0.5699207,0.4952884,0.21519345,0.3906094,0.026379485,0.5203283,3.2608652,0.86902344,0.4406029,0.8047526,0.21371497,0.27434236,0.05614228,0.9831379,0.09006325,0.14941989,0.023061028,0.8805374,1.0815703,1.0714661,0.03533856,0.4729494,0.4640367,1.1800426,0.19358304,0.22046302,0.5806082,0.55776346,0.75256425,2.5485666,0.06792737,0.70012546,0.2685061,2.6565876,0.22944497,0.93752974,1.3524004,0.23113292,0.07552872,0.014563565,0.6758938,3.1679475,0.60916704,0.087883055,0.31512794,0.07142982,0.34306136,0.391338,0.004333308,0.5545749,0.013487184,0.77106446,2.2315683,1.8929282,1.0815119,0.3948812,1.5299171,0.9435964,2.113392,0.19779567,0.2002854,0.37088725,0.8906293,0.1652513,0.025794622,0.08773852,0.4434438,0.11660107,1.5430635,0.5438659,0.58103955,0.60689443,0.6194313,0.49231523,3.48028,0.19740969,1.759936,0.6974122,1.171251,0.040251423,0.2929715,0.20458142,0.24112889,0.40587136,0.6105965,0.07460142,0.48130074,2.1382697,0.331587,1.3565558,0.084439784,0.2076378,1.0826658,0.15050758,0.5854188,0.12022441,0.3414233,2.605247,0.005032556,0.75454074,0.0,0.038063537,0.32439563,0.080312125,0.4708945,0.020566674,0.29693317,1.7551733,0.09990322,1.380924,0.5230476,0.047178987,0.8702338,0.76309156,0.56951225,0.5136119,0.16732422,0.28391725,all_pothole_images\pothole_images_2_image_56.jpg
0.22325729,1.949172,0.23409458,1.6855175,0.7404134,0.03546861,0.6137477,0.64136785,0.1740611,2.0875514,0.5789742,0.18755868,0.62536263,1.2304997,0.124006316,0.24096605,1.1986213,0.009290836,0.43472484,0.54736376,0.3808012,1.9579104,0.22181854,0.62905896,0.7107591,0.8664462,0.26407203,0.91888773,0.20223719,1.5333511,0.19791655,0.25577274,1.5193475,0.32162714,0.22044437,0.21170534,0.54413444,0.48482195,0.0072870497,0.5147438,0.4501352,0.92990243,0.09766453,1.0596898,0.5714283,0.62826365,0.90065825,0.063682586,0.41366693,0.026461491,0.61656094,0.41929033,1.2535046,1.2704353,0.08399199,0.68216574,1.5338157,0.25146502,0.5967618,0.28727973,0.44837934,0.37946486,3.058014,0.6819074,0.7888296,0.20143528,0.43080917,0.48668942,0.031767067,0.5979979,0.18319578,0.18026379,0.70357394,0.13699983,0.31805858,0.95050114,0.17353532,0.9261776,0.047657464,0.05220048,0.82976717,0.46298423,0.4975535,1.1636447,0.21278077,0.7571555,0.33540905,0.22259626,2.6385398,0.030994944,0.040993094,0.16664869,0.6761528,0.74900615,0.0,0.17651258,0.51830274,0.39383715,0.5760191,1.7176796,0.0027681938,2.8878229,0.23354043,0.01513068,0.22105801,0.077511765,0.39361718,0.0077347923,0.17272767,0.19185284,1.9387468,0.27441597,1.0537791,0.34433115,0.5618807,0.8394558,0.73641753,0.97328776,0.42548293,0.7256131,0.4457812,0.06021996,1.6482605,1.2483125,1.4708236,0.41699758,0.4207959,0.42285874,0.7758271,1.2760452,0.7521369,1.1609071,0.10491726,0.21071164,0.2831737,0.33868194,0.08667842,0.29923412,3.0517528,1.0294063,0.44549066,0.10521151,0.25464666,1.681371,0.1971079,1.4367118,0.7105632,0.28655362,0.33982268,1.5082892,0.5348214,0.6892792,0.60865766,0.16896054,0.66942877,0.41275248,0.33930656,0.49740234,0.3407268,0.67332506,0.7426613,1.0165809,0.32853344,1.4311461,1.9489131,0.06286819,0.3321409,1.9633629,1.3709401,0.52575207,0.25412536,0.0072318534,0.25479132,0.95906836,0.40323478,0.064982235,1.8725094,0.12049896,0.59492606,0.06647939,0.38333276,1.0791898,2.3315346,0.08715466,1.8497927,0.48753718,1.6206771,0.513749,0.03144518,0.51100403,0.92917174,0.040484227,0.0,0.9832057,0.035989963,0.48582473,0.034789607,0.08326579,0.099457294,1.3035183,0.136706,0.31648594,0.7004233,0.09708619,0.28403616,0.68139803,0.16175677,0.45497656,0.5475489,0.27195758,0.052814055,0.41264614,0.4743323,3.9492803,0.23402455,0.7881501,0.05843723,0.10053249,0.44084442,0.1585713,0.99366,0.0,0.045678128,0.16472442,0.10549172,0.7174017,1.3738397,0.16959403,0.5744077,0.039307863,0.059965488,0.87201375,0.21773379,0.35483912,0.35514146,0.15927361,1.2729298,0.114618346,0.14581928,0.016324192,0.30342323,0.12170443,0.04427808,0.18000247,0.3242434,0.0,0.466897,0.090255335,0.6013956,3.1047583,1.7537456,0.039526775,0.12088864,0.6732735,0.11859965,1.6938336,1.0141612,0.12711161,2.0988588,3.1491578,0.5360166,1.2932698,1.2946544,0.21039276,0.7067165,0.2213592,0.21774654,0.7554358,0.7939184,1.4943804,0.13262197,0.22005233,0.59326446,0.2865795,0.37006447,0.095211804,0.7858478,2.7610474,2.0338163,0.5368521,0.28976032,0.37962168,0.04374277,0.8351009,0.2811544,0.38584968,0.36766356,1.5814708,1.7756047,0.06030762,0.17743924,0.010542374,0.58456856,0.20488411,1.0138817,0.5673178,0.40352,0.8643713,0.07685073,0.08658648,0.217732,0.13691656,0.19492626,0.10915275,7.0417266,0.9371056,0.28355584,0.6315912,0.34813836,0.38878515,0.9901655,1.3708295,1.857485,0.028922971,0.1724282,0.11986726,0.27320284,1.047219,0.91635245,1.1888379,0.010828396,0.32684878,0.10532438,0.9600137,0.70951104,0.50336707,0.83379275,1.1541708,0.6390516,2.8753672,1.6575612,0.40869832,0.9944561,0.41416937,1.4931506,0.1484061,2.041895,0.8840681,0.26545218,0.02517724,1.3138224,1.081982,0.57865137,0.010039864,0.7903956,0.022659902,0.48765457,0.8842988,1.4858042,0.4385818,0.73571306,0.406726,0.3031742,0.16085878,0.03425346,0.07625681,0.48795614,1.6808854,0.15277931,0.25328612,0.80988544,0.00055602076,0.103866085,0.72550154,0.023945503,0.07085778,0.19847481,0.8748417,0.048400443,0.52329695,0.8530701,0.24747108,1.6401373,0.0,0.43601868,1.1351541,0.17618981,0.17224142,1.1855048,0.4053543,0.07218334,0.21329963,0.16669647,0.053741463,2.5335464,1.6134547,1.848637,1.8978251,1.283841,0.842393,0.34852725,0.24870723,0.17943585,1.1354293,0.4918348,0.100242145,0.06301074,1.0603335,0.68885815,0.8992636,1.3858446,0.68419534,0.39893153,1.354818,0.090033315,1.1664674,0.3518181,0.0048139547,0.29441652,0.23764493,0.39918166,1.1381979,0.10188023,0.08910575,0.13189453,0.790754,0.6271456,0.77438074,0.14069138,0.35809,0.7151048,0.55569685,2.0132883,0.45598722,2.021516,1.2710841,0.64262235,2.0266223,0.84928423,0.13999201,0.5487283,0.031584464,0.00624305,0.41520163,0.40175658,2.53202,0.39941508,0.6291721,0.34610596,0.5963662,0.56489974,0.5127684,0.14685076,0.11090524,1.0763689,0.9173074,2.2513802,0.25150385,0.4357261,0.32299224,0.1973033,0.31340122,0.18967044,0.13486937,0.6316329,0.73087525,0.9359847,0.23500471,0.35799792,0.058384772,1.992068,0.99257904,1.3728623,1.1258155,1.3307408,0.34091786,0.040634423,0.36370003,1.0176573,1.7792583,0.25393727,0.15657209,0.96391386,0.42937726,0.07640829,0.23131573,0.09939522,0.05080316,0.34265456,0.7374213,0.49046472,1.3724864,0.90769523,0.7972254,0.0,0.17516787,0.7163886,0.11590078,0.57811093,0.19962941,0.092182904,2.1314852,0.8805534,0.30601856,0.526774,0.013796663,0.39393365,0.06690832,0.21892446,0.3143509,2.0731997,1.8316728,0.46278813,1.7625234,0.4127356,0.23144105,0.20968449,1.0670257,0.11598263,1.6306998,0.6341989,0.27874842,all_pothole_images\pothole_images_2_image_57.jpg
0.40540293,0.6396356,1.2078857,0.14899807,0.239025,0.07797983,0.59595704,0.85454816,0.28776225,0.27472463,1.3762138,0.025159417,0.6799267,0.18369833,0.23668095,1.0788361,0.3382625,1.8309435,0.1024495,0.95101506,0.23408365,0.23415098,0.16784084,0.64765835,0.9378596,0.26396427,0.64373595,0.41469395,0.17208001,0.4358144,0.34738275,0.807262,0.5556165,3.2090714,0.6138369,0.5577632,0.14614101,0.0078432625,0.99548304,0.063629515,1.2953317,1.2534748,0.26724026,0.26368764,1.6339691,2.3868363,0.4205952,0.06931733,2.8453524,1.5091044,0.43706036,0.28216738,0.013234572,0.36084372,1.654001,0.5117828,1.2183721,0.6970756,0.59196585,3.93189,0.28314146,0.37848586,2.467696,1.1161987,0.51794344,1.2312346,0.5842444,0.06220941,0.064501345,0.58972293,0.846049,0.89391077,0.93310124,0.73278385,0.71434873,0.16152722,0.9944179,0.5202104,1.5076238,1.7468297,0.28166357,0.80700773,1.8306657,0.9403034,0.27117985,0.24333382,1.0663538,0.2091439,0.25082013,2.0957031,0.15968005,0.45194155,0.2784421,0.047365762,0.334295,0.6301313,0.49073976,2.93959,0.4841488,0.12585467,0.41376093,0.8349009,0.9944252,2.2421296,0.8362919,0.79699427,5.234176,0.027164446,1.0405072,0.13937473,0.41946423,0.013308923,0.1570822,0.80168927,1.873956,1.7925384,0.4260643,0.41745102,0.3760151,0.0714107,0.149746,0.48955542,0.18250865,0.13845989,1.212058,4.260284,0.04295783,0.34085926,0.031688377,0.5702924,0.3243331,0.45631665,0.5708481,0.99775934,0.2094009,0.63206095,0.5693252,0.5274275,0.681047,0.26835495,0.939922,0.44725055,0.44467843,0.13259459,0.66010827,0.2614838,0.22244817,0.15442912,0.60719585,1.3164707,0.09551194,1.0324789,1.9319903,0.26787326,0.8284054,0.0030142178,0.39720017,0.0066771577,0.33116788,0.106335446,2.5600877,5.075889,1.0579231,0.41346008,0.43211287,1.2972962,0.2777306,0.13186333,0.98171616,0.8390279,1.1443716,0.27499762,1.1594288,1.434224,0.09921412,1.1232249,0.8336197,0.64153665,0.50178564,0.29487145,0.38443732,0.2873496,2.4030886,0.90414476,0.8668437,0.19420573,1.9568908,1.0476049,0.22842452,0.36622033,1.446508,0.108841404,0.7150217,0.42921397,0.30683872,1.8785584,2.2779837,0.747691,1.0374992,0.63910127,1.5227281,0.27924296,1.9644407,1.4279145,3.1651,1.965881,0.00900524,0.21124314,0.010541735,1.061536,0.09728322,0.40660882,0.40664214,0.050167717,1.6654841,0.026121594,0.14125763,0.526242,0.49989694,0.048941523,0.68546826,2.6775277,0.16672017,0.21784753,0.41977656,0.32756558,0.22770077,0.10981525,0.063992,0.7195109,0.25473294,0.01782027,1.8541702,0.37113005,0.32036442,0.48974663,1.0902736,0.13982616,0.4773257,2.7751944,1.7490824,0.48619226,0.051046498,0.26663893,0.32828704,0.3333841,0.8696257,0.5996917,0.6206091,1.0662495,1.2941225,1.1118557,0.11851339,0.14658695,0.09888806,1.1958587,1.002466,0.59839547,0.18205017,0.25781783,0.047002636,0.4041256,0.6109533,0.65620434,0.23577647,0.13958743,0.045370426,0.5568737,0.9979061,0.8119158,1.9348227,0.17733812,3.020102,0.80340344,0.8361206,1.6299326,2.8092325,1.1212084,1.1369733,0.33997256,0.46146902,1.0710572,0.7007055,0.7445995,0.071793936,1.2258525,0.12328585,0.5545594,0.50229526,1.219285,0.19150151,0.008385694,0.453014,0.4638512,0.9955573,0.23871353,0.15396068,4.677488,0.6032199,0.02806899,0.59194076,0.64574766,0.4814723,0.49199516,1.2662762,1.6996357,0.011161531,0.58527106,0.21816155,2.02552,0.38906753,0.2581797,1.1728317,0.56127447,0.15837507,0.4294972,0.5963716,0.1430685,1.6156104,0.9178174,0.9783783,0.18316786,0.26389745,0.3845499,1.1592913,1.2094504,0.5582017,0.31963006,0.09116173,0.3298544,0.19538377,0.94514555,0.26877987,0.50034976,0.21932146,0.07615936,0.75037014,0.11550612,1.8672638,0.7038811,1.052249,0.90121585,0.3989994,0.851071,0.40443373,0.09027859,0.6935399,0.49946445,0.82337296,0.08746739,1.2446935,0.14049083,0.083525114,0.4296199,0.05009229,0.51672804,0.099837,0.68895364,1.3793731,0.22890931,0.0,0.12796815,0.5403647,0.18799272,0.0049613095,1.0110378,0.7341563,1.7955222,0.41933465,0.57961154,1.2742722,0.14074017,0.31456068,4.301128,0.0,0.5467585,0.23337582,0.41716948,0.4163412,0.3024405,0.3830621,0.21019277,0.8069347,0.17494792,1.5172675,0.57470673,0.61514896,1.1673368,0.36958173,0.23408523,0.05093766,0.57916945,0.121711984,0.79864186,1.228802,1.1694771,0.0065269433,0.014096514,0.3470122,0.05019948,1.5901884,1.0050802,0.20057863,0.6694314,0.012382702,1.2193384,0.54427844,0.32799414,0.5200203,4.961648,0.0,0.55847067,0.0060643167,0.06815317,0.41024983,0.6823643,0.11587761,0.14024928,0.16606797,0.39882103,0.2216184,0.07318822,0.028275872,0.79846865,0.67907345,0.36385867,0.76581585,0.43758368,0.013743252,0.14981887,2.1206532,0.02544167,0.55255944,0.408752,0.13708407,0.03883,1.0055598,1.8789145,0.20710665,1.8863642,0.086183354,1.1544338,0.7311738,2.1409523,1.1662091,1.3238333,0.1363974,0.23693402,0.40252957,0.3442261,0.28729323,0.08164069,0.9650534,0.13339268,1.5849428,0.68125975,0.49666858,0.5386084,0.62550783,0.2748332,0.08494469,0.7668748,1.2174501,0.22702669,0.44336012,0.019178653,0.6305099,0.28113472,0.13530831,0.04300379,0.8697109,1.5574174,0.13388376,0.0,0.23846093,0.8182723,0.5042325,0.39704677,1.3007853,1.4266813,0.104710646,2.1583402,0.7918605,0.1216503,0.73800886,0.15271816,0.20475097,1.5407192,1.7494996,0.9196526,0.5232551,0.7819511,0.31533587,1.1858474,1.1323769,2.4648125,0.5383565,0.32230464,0.48543346,0.040808313,0.18806496,0.0,0.029203983,0.5820422,0.2871473,0.51598597,3.4135275,0.75256944,0.6702317,0.31478855,2.4785113,0.97832996,all_pothole_images\pothole_images_2_image_58.jpg
1.334619,0.89884514,0.23225565,0.632679,0.09571603,1.2342937,0.14270754,0.16347045,1.3368347,0.26773965,0.7683717,0.7140567,0.5022136,0.8624263,0.49994308,0.26133955,0.14671144,0.58267325,0.2641462,0.6333661,0.41509706,1.2510161,0.12616946,0.43115264,0.912083,0.9045294,0.51903766,1.055864,0.22660653,0.17343569,0.39321825,0.51710343,0.20783533,0.9592944,1.133731,0.19621336,0.14528915,0.38201687,0.18390714,0.21524236,0.26850796,0.5996036,0.39960116,1.9404975,1.11967,0.6042825,0.1449412,0.15713078,2.2476718,0.051662475,0.14766464,1.4273285,0.06712622,1.6772234,0.05439569,0.9791306,1.1989425,0.0059651113,0.29552433,0.8496293,0.17876457,0.34959805,1.9932674,1.6833249,1.2827047,0.8214608,0.17162387,0.053646885,0.78497696,0.11870809,0.3059811,0.71468353,0.36496982,0.2735401,0.083902344,0.70728487,0.42284957,0.41490346,0.1961956,0.56430614,0.8246259,0.016331779,0.15941499,0.8955152,0.28827086,0.7887592,0.105127536,0.14136869,2.1644056,0.80993885,0.8613572,0.020679258,1.0018955,0.48567027,2.4824393,0.15434295,1.4337478,0.26017767,0.1705451,0.59231687,0.25067094,0.40390942,0.47770074,0.98435783,0.12612699,1.3740946,1.4839509,2.0320385,0.26978078,0.6507765,0.11455386,2.7287223,0.071875885,0.07941955,0.118184544,0.75282496,2.528329,0.6448616,0.9383104,1.182723,1.4930972,0.043487698,1.8758078,0.28004137,0.027321892,0.14224145,0.11168167,0.041803222,1.9945192,0.59756994,2.4910998,0.049631342,0.7833977,0.34041256,0.0,1.795431,0.92734045,0.054466743,2.5629609,0.0,0.17700738,0.27245197,0.11736149,0.76333785,0.44612616,0.56213,0.011216582,0.7480505,0.3470422,1.0553236,0.7828192,0.20149733,0.20445277,0.27113768,0.7479671,1.0929672,1.1066452,1.3418747,1.415437,1.309218,0.18119714,1.183163,0.38207766,1.8308296,0.0332842,0.18704912,0.34713036,1.9561877,1.0498745,0.8808248,0.07065223,2.0338926,0.67756915,0.6556921,0.892175,0.4418809,2.2720754,0.16414343,0.015885951,3.0249176,0.0,1.8643819,1.9033504,1.2042729,1.6880432,0.10854254,0.86527663,0.6332509,1.0991081,0.26092598,0.76005,0.16296345,0.019600991,2.1009767,0.5588836,0.4607037,0.44795564,0.094257705,0.82190967,0.27662894,0.30571216,0.076457575,1.7429858,0.39955217,0.2724154,2.8358166,0.28408495,0.7611478,2.0332093,0.0,0.7069278,0.7682528,0.8252169,0.6772235,0.099064186,0.20010604,0.29554734,0.19257554,1.4966159,0.8361262,0.7383909,0.8131532,0.6745711,0.28150606,0.2161761,0.6284266,0.3134574,1.5576825,1.0385412,1.3497336,1.0910618,0.27757517,0.8300878,0.20311162,1.1206875,0.49488938,1.8059918,0.35607636,1.1828668,0.6192006,1.1201206,0.33147395,0.958814,0.25005504,0.025050795,0.1022123,0.35843188,0.27733266,0.2784718,1.5557328,0.47811368,0.005796804,0.16571423,0.74243253,0.5573668,0.18940216,0.33166695,0.29367843,0.38471133,1.394648,0.0,2.6166568,0.68606114,0.74136007,0.12829135,1.5768235,0.19380842,1.0878317,0.6194795,2.8413117,0.02079443,0.02407903,0.77840334,0.096635975,0.20366995,1.4499512,1.5581173,0.37420157,1.8832662,1.1657013,0.015047409,0.08002789,0.33799902,0.25646225,0.18635012,0.10593643,1.3297764,0.29502243,0.69295514,0.20511405,0.92910796,1.1673865,0.010711977,1.3824942,0.25714177,1.3399363,0.7605947,0.5796774,0.7949105,0.2279089,0.2755098,0.99563307,0.025881125,1.1858683,4.068587,1.8759111,0.39214566,1.1851984,0.2329386,0.6033713,0.16401279,0.30557373,2.7127466,1.8001782,0.07205011,0.3819495,0.15266849,0.47798404,2.1840777,0.76148814,1.0229288,0.62646914,1.8943495,0.3111948,1.2260884,0.27490276,2.112369,2.4315796,0.58701974,1.4264711,3.423916,0.04299188,0.0,0.8199038,0.05957964,1.6005218,1.2776912,0.5049756,0.40775183,0.43075874,0.1764094,0.0334312,1.5377418,0.078930706,0.6600044,0.30562314,0.09110843,0.03478185,0.85879874,1.577463,0.65062034,0.5406402,0.052258514,0.17534532,1.1805564,0.044612154,1.7684846,0.056128867,0.29148215,0.36838022,0.24458268,0.52514523,0.8848558,0.02043107,0.1916482,0.087619096,1.5623776,1.7796081,0.26717553,0.40058237,2.2466276,0.16523656,0.09566635,0.13319308,0.026075264,0.08906811,0.15418664,0.1602264,0.84424716,0.59610325,0.15429287,0.043179262,0.050365128,0.1393258,2.8378205,0.33305618,2.4737873,1.371487,0.095590726,1.5010943,1.0576316,0.54866993,0.8004077,0.032184824,1.1026697,0.06025159,0.25011042,0.5793399,0.21773992,0.0,4.9860654,0.080188446,0.26081738,0.561086,0.40180522,0.35153738,0.78687733,1.737247,0.5594102,0.49259815,0.28655127,0.1506481,0.11679045,0.46029413,0.09417868,0.9670466,0.2549599,0.5625542,0.3390775,0.2144118,0.56604195,0.04229463,0.59324545,1.2421288,0.27985653,0.2804085,0.0,3.3168182,0.18892099,0.5508393,0.72895086,2.1019356,0.29979777,1.2891884,0.24850185,1.7230215,1.4063095,1.2318722,0.5136196,0.36494884,0.109579004,0.13959314,0.21802342,1.6151251,0.48382148,1.7343844,0.5119438,3.002035,0.7906307,0.096553884,1.445845,0.36432016,0.7857117,0.4673431,0.3719242,0.97523886,0.79558414,0.15525016,0.08061677,0.1566248,1.0069243,0.35506573,1.321744,0.47672722,0.59738654,0.4035181,0.03412829,0.1548358,0.19246909,0.055988755,0.9159748,0.63988554,0.30435136,0.056977976,0.28806022,0.020217486,1.5811617,0.7003006,0.695793,0.26934558,0.016353514,5.4482775,0.39133257,0.011234899,0.039239403,0.19364747,0.21122833,1.3179644,0.17825845,0.038404647,1.0199299,2.234442,0.12719475,0.3302187,0.0,0.2386677,0.06540319,1.0868577,0.015931124,1.345319,0.17003408,0.92711055,0.40818506,0.7676091,0.46104196,1.0410181,0.66729146,0.41069978,0.3629822,0.12487925,0.42558753,0.32609978,all_pothole_images\pothole_images_2_image_59.jpg
0.02362915,1.1488035,0.18839349,2.6527367,0.19431597,0.037425857,0.023821319,0.0,0.1573782,0.0033551597,1.2024004,0.30836,0.032790422,1.2695417,0.01815665,0.036459323,0.057253633,1.3031954,1.601086,0.36462677,0.6242951,0.51374626,0.29353738,0.6742788,1.4421505,0.08107376,0.66219133,0.9944721,0.034559917,0.5086084,0.095994025,0.11326386,0.11292539,0.816843,0.029933317,0.72009766,0.21779479,0.5582084,1.3387803,0.27384052,0.052467212,0.5998477,0.14902246,0.4337055,0.8845688,0.0,0.39921,0.41788003,0.43036252,0.55463445,0.14199926,0.61623436,0.012324851,0.0,0.86622375,1.1533984,1.571861,0.47227782,0.34449184,0.08001157,0.1478575,0.2299978,0.47666848,0.33926725,0.6394547,0.9344023,0.063957416,0.10043866,0.2102088,0.6629457,0.33519787,0.11639548,0.4478867,0.0016921366,0.18415096,0.0007031772,0.20869854,0.05724572,0.034243748,0.10489147,0.03630914,0.09132574,0.98888487,1.1673578,0.19076729,0.0149498,0.4220918,0.25665504,0.30545297,0.04108297,0.0042121797,1.1683588,1.0421791,0.32025686,0.49245358,0.021492373,0.24980101,0.4022708,0.9283478,0.5348041,0.66432196,1.876549,0.16155382,0.2550802,2.5992866,0.29961294,0.5454603,0.008844928,0.32532883,0.5577309,0.102678835,0.032385055,0.001681067,0.08693864,0.3665992,0.3009538,0.0338315,0.11081401,1.7613581,0.004174611,1.3634803,0.027396182,0.011503988,0.7080187,0.16183068,0.7696533,0.37946528,0.0,0.66516244,0.5136959,0.65836865,0.5311622,0.22838962,0.20880504,0.97533524,0.026192943,0.98982406,0.26556432,0.8641631,0.535228,0.87432843,0.2664333,0.52028555,0.24382076,0.0,0.20989928,0.1643195,0.48022157,0.17276223,0.06001163,0.19814584,1.0556666,0.0,0.81040394,0.69484913,0.3927666,0.48741537,0.21562523,0.17192233,0.15985148,1.0181851,2.6468906,1.0365468,0.77635425,1.1837144,0.0,0.9839038,0.1493777,0.62584424,2.9269094,0.045524698,0.12177103,0.051258396,0.037132166,0.01851009,0.19007012,0.25403583,0.065409,0.22553387,0.25639832,0.04757734,1.2067082,0.58609,0.0029227703,2.4950926,1.0901115,0.42856967,1.1560582,0.0024200855,1.148859,0.02382696,0.12648533,1.1707683,0.5667297,0.42847234,0.009662161,1.6274887,0.104531474,0.12751749,0.020528017,0.1745738,0.48533663,0.2625029,0.04312339,0.008752813,0.79455656,0.056264088,0.13371004,0.5982722,0.10974438,0.0024455136,0.5071777,0.09409637,0.0013206362,2.4865613,0.38716087,0.055887435,0.61626726,0.8629868,0.15956883,1.8439674,0.5890724,0.37183964,0.36477587,0.0,0.015564777,0.31063086,0.0,4.4349346,0.04471728,0.09309498,0.5736288,0.33063665,0.0,0.09578129,0.24445756,2.265791,0.2167523,0.24604788,0.09542499,0.27351356,1.0015771,1.0375493,0.8476824,0.040169913,0.18125883,0.8052376,0.6540191,0.72495675,4.6624165,0.57242125,0.32555914,0.012078299,0.385812,0.0,0.4702394,0.5873043,1.0464145,0.48896462,0.18933006,0.38172355,0.24168107,1.0977987,1.3871363,0.049866963,0.023886971,1.437366,0.52806896,2.6679535,0.009295324,0.27683663,0.013922868,1.2113038,0.007322032,0.6863223,0.6193978,0.3536883,0.6531003,0.08109375,0.2055996,1.364318,0.19683558,1.3453861,0.08719804,0.073705986,0.88101304,0.36062628,0.083452746,0.51104075,0.35139027,0.021698643,0.06817468,0.0021820003,1.3141296,0.6110545,0.09668595,0.040492233,0.13243529,0.020963369,1.7112249,0.68723166,0.7545214,0.08509337,0.027977396,5.908888,0.034217294,0.7071655,0.026455367,0.39618814,0.89474285,0.038684957,0.75185776,0.8046158,0.7861537,1.1857482,0.537819,0.08577532,0.7205727,4.994967,0.40885568,0.09163836,0.36935952,0.16602735,1.245447,0.5243301,0.13700876,1.6104518,0.0,0.102422185,0.28494006,2.3825321,0.30618295,0.40787786,0.48310754,0.0,0.0,2.9603033,1.4184433,0.30080208,0.33248153,0.022229023,0.008235744,0.98933816,2.1133106,1.3243064,0.20814826,0.045260333,0.21594284,0.29277366,0.37229526,0.9208894,0.029803708,0.001295224,1.7774811,0.4030096,0.014435129,0.008058212,3.4888644,0.37528282,0.6490841,0.5669922,3.5206304,0.10387701,0.24908176,0.04389854,0.0,1.1195534,0.040347647,0.15443948,0.88865644,1.9646494,0.0,0.0,0.045353595,0.0,0.69419813,0.079579525,0.027171481,0.7169757,0.34485734,0.104301535,0.090807065,0.020645423,0.8272632,0.92025286,0.0,0.6903361,0.27424157,0.011369895,0.10001161,1.0561917,0.12533975,0.6498664,0.20102333,0.0138381645,0.13740353,0.7289948,0.10608093,1.3800428,0.19393635,0.62311137,0.9660149,0.7698367,0.633659,0.49352977,0.26858455,0.46315345,1.0623059,0.29476112,0.13630915,0.010068652,1.1886635,0.0020363657,0.22541066,0.47117737,0.19372496,0.11525575,0.9763573,0.21369785,0.053086653,1.5781476,0.1216968,0.08920191,1.5611873,1.0720139,0.0142878555,0.5464027,0.0,0.014246339,0.286335,0.30831087,0.5157287,0.015519424,0.06911986,0.4457215,0.6693869,0.13201879,0.0043842136,0.030400792,0.19679867,0.0011987151,1.1865146,0.03588774,0.1273018,0.07936196,0.12914842,0.012118343,1.0188019,0.88529474,2.163153,4.001544,0.14845927,0.297569,0.021348223,0.28056908,0.47524214,0.0,0.06395369,0.752867,0.24963404,2.881133,0.0,0.0882722,0.013678671,0.13511224,0.0,0.10659231,0.036744896,0.025319051,1.4862813,2.3188934,1.7109954,0.21341798,0.017828409,0.5278336,1.4904951,0.048195712,0.7735083,0.22822249,0.033275466,0.0,0.39529687,1.1292914,0.0,0.09392024,0.026330534,1.283537,0.0,1.0406148,0.3051857,1.0841314,1.0196275,0.0,0.13948672,0.0,0.008650942,0.12929331,0.18024798,0.043064173,1.1256095,0.24751413,1.3165706,0.21800667,0.094441526,1.0317891,3.6964707,1.4097409,0.49816972,0.03990564,0.19242886,0.307207,0.025971945,all_pothole_images\pothole_images_2_image_6.jpg
1.5631075,1.8130744,1.1877922,1.651748,0.027778206,0.16723986,0.07391656,0.28028685,1.2775563,1.2887894,1.389446,0.94953746,0.14842673,4.7605343,0.054198112,0.067358665,0.23042223,1.364123,0.18507622,0.51636195,1.0040216,1.1717107,1.4289517,3.3478332,0.021415494,0.8496928,0.3437706,0.3364159,0.025071511,0.00025359058,0.88046604,0.48416978,1.5213122,1.7029792,2.2320313,0.4742887,0.5570243,1.6112839,1.691717,0.04159769,0.077290036,1.3365678,1.2220546,1.3156234,0.27407333,0.22600906,0.5758895,0.72350293,0.63552904,0.55377984,1.4786566,2.585995,0.21394259,0.17222589,0.3558439,0.8217347,2.2189045,0.079250224,1.0418314,0.37264276,1.0334063,0.41056228,0.8013019,1.1793661,1.6631491,0.5542259,0.30263993,0.18453598,3.8375266,0.6454661,0.8768711,0.82566196,1.0955714,0.18804184,0.8561994,0.14828701,0.48024625,1.5351926,0.25299957,0.4476119,0.5829679,0.37123197,0.10693426,1.879848,2.0928226,1.2048109,0.7656812,0.02199952,0.44315657,0.28738204,0.6767194,3.5235112,2.2481987,3.7745202,1.3038775,2.8342,0.34087297,0.6614568,0.8088271,1.197075,0.11922987,0.6862036,1.2798983,1.1667949,1.8408722,0.8544045,1.345273,1.0369948,1.1513228,0.55047554,1.0774354,1.7822827,0.7920741,1.501173,0.6903129,0.42898846,0.27341965,0.07720184,1.3076843,0.06907747,0.7481121,1.8790255,0.49829298,0.97544426,1.1281208,0.029463414,1.0309236,0.5462871,2.282311,1.8965154,2.9181175,0.03155588,0.6826403,1.2485111,0.18682176,0.02401499,0.1069115,0.028322406,0.7528132,0.9368689,0.57271457,1.2391754,0.93725634,2.7637544,0.0,0.6902111,0.70199925,0.008612882,0.70879185,0.31870982,0.7907795,0.50304717,1.0126036,0.5532928,0.8984098,0.58984965,0.32525903,2.370632,0.39474005,0.3065862,0.47348437,1.3060333,0.6831127,3.1991093,2.8487792,1.0102621,1.3953145,2.1701136,0.27246913,0.30913407,1.0930423,1.283157,0.12500906,1.5531231,2.5413282,1.1335453,2.0897317,0.055956393,1.3225988,0.4442423,0.20952187,5.5237246,0.43329266,0.12075608,0.7345378,1.4243784,0.07479388,0.60149586,0.9721368,0.1570099,1.4320257,1.2202368,0.6310901,0.51083124,0.101592496,0.44912893,0.98970014,2.6786847,1.4428566,0.09422534,0.69422615,0.15706955,0.42501634,1.1320038,0.80026776,0.12949263,2.1937907,0.33619428,0.42856863,0.55873245,0.27939442,0.54931915,0.85501593,0.5676316,1.2086959,0.32144037,0.5926867,0.47655073,0.55147845,0.48035493,2.1406386,0.3264991,2.8889108,0.9722151,0.03965383,0.92080826,1.8793087,0.4264383,1.4628551,0.42548534,0.43774453,0.07270473,0.37408593,0.373186,0.20930815,0.052715767,0.7524881,1.4732194,0.98940617,2.4697006,0.31408527,0.47484875,1.1374873,0.06253053,1.2346652,0.47910628,0.9298444,1.2505136,0.05830335,4.451706,1.693606,1.3286484,0.8326986,0.12938876,0.6119301,0.8446549,1.0306604,1.4412559,0.34703308,0.93586665,1.2075847,1.4643734,1.6187068,0.39125225,0.00944315,0.20283248,1.3135331,2.4256954,0.18324779,1.5620422,0.17240672,0.23380421,0.76432425,0.35153598,0.115999475,0.17050953,1.8912033,0.54477704,2.4273977,0.3385227,1.42189,0.31950724,1.2918606,0.40626785,0.8476893,0.56136906,0.5781744,0.9988373,2.4783082,0.5206783,1.3026959,1.5347947,0.2516827,1.2224039,1.8747605,0.50876343,1.3729534,1.753775,0.49622893,0.69145495,0.71542495,0.50178933,0.42944902,3.3421204,2.0445683,0.20445198,0.61469114,0.8707772,0.4415662,0.15099221,2.1600397,1.8410494,3.1077921,0.4355296,0.6435236,0.098098576,0.14869963,0.10247637,3.5424857,3.4224193,0.46712905,0.15245564,1.3522671,0.90803653,0.737731,1.6225274,0.53639585,2.171614,1.4808459,0.14005665,0.2910884,1.0446738,0.592042,0.94172883,0.15339585,1.5582175,0.7075445,0.12423366,0.095371164,1.0181525,0.6571615,0.12028398,0.7554971,1.2739278,0.12917651,1.85691,0.359712,0.025886063,0.90206844,4.4419627,0.6355085,0.21341687,0.4904648,0.50878096,1.8357865,0.3425071,1.2289622,3.7440388,0.672535,0.05670509,1.5228149,0.94616646,1.3270487,0.91172993,0.13211113,0.47162122,0.9321228,1.1560272,0.64611804,2.0261698,2.5787709,0.6246361,0.51335377,0.122329794,0.42252278,0.5967394,0.073480316,1.2496705,0.25084764,1.7563926,1.9072063,0.031607673,0.6811048,0.30261973,0.8157139,0.055800706,1.3974519,1.0780483,0.25399697,2.4426332,0.99748737,3.317962,0.43400866,0.9855856,0.3389708,1.4719594,0.24800397,5.809492,1.0954808,1.9334936,1.4877466,1.096733,2.0845735,0.7761566,0.83484775,0.24353614,2.5616598,1.3113923,0.5527911,0.6681624,0.35888556,2.507302,0.8282827,1.0733622,0.18835343,0.09050602,0.10366259,1.8332881,0.30625317,0.8441763,1.2129412,0.081260405,0.65704995,1.5088696,0.56645435,0.28542238,0.4071111,1.5863426,1.0890009,1.0529732,0.025089916,2.3758047,1.0800686,0.07185448,0.38569188,0.12214988,0.18099858,1.9589682,0.5584501,0.3295263,0.65871197,1.124836,0.5322217,0.8425647,0.5544256,0.038680352,0.7424956,0.84494466,3.5469995,0.43988672,1.2542208,0.13283707,0.25102994,3.2186522,0.7866745,1.2966614,2.0291283,0.64158,0.61823404,0.4916494,0.6371977,1.0466629,1.4281468,0.013740048,0.5584293,0.17419924,0.2738654,1.3884931,0.2793345,1.1046807,0.49511236,1.3392135,0.26975387,0.54477334,0.826101,0.89710546,1.6144007,0.37203893,0.27311495,0.02624851,0.7015795,1.4186037,0.28111959,1.0644597,1.3685209,2.2762668,0.23175927,0.045061216,2.3539805,0.17858577,1.5216708,0.075048395,1.4306892,0.05930055,0.059229676,0.656247,1.158672,0.255748,0.9940127,1.083923,1.5758282,1.4982414,1.2381238,1.4402696,0.054704696,0.89219445,0.6788926,0.9709232,0.68811125,0.4650699,2.2090833,0.5138771,all_pothole_images\pothole_images_2_image_60.jpg
0.77667207,1.2718632,1.3404812,2.5799673,0.49578407,0.23994564,0.17065404,1.0411624,1.5939397,1.3363937,0.26610562,1.451374,0.20731837,0.45929214,0.50632626,1.4351401,0.43689144,1.2963731,0.20011078,0.3653771,0.06961712,0.7415601,0.40627673,0.8562608,0.45209914,0.69695693,1.6107748,1.1386622,0.044320155,0.814064,1.0435233,0.11276494,0.91271037,4.796553,3.3141086,0.28788942,0.3777573,1.175935,0.93566465,0.5450813,0.20101944,0.09970011,0.56563807,0.86639553,0.21545489,0.29060596,0.27445397,0.013671219,0.7442943,0.08355796,0.638543,0.68599826,0.296338,0.0037000347,1.1258698,0.16158411,0.1732141,0.89365345,1.1123776,0.5444216,0.03274072,0.4126418,0.46523368,0.3646683,3.1182668,0.18583879,1.0069852,0.4037122,0.56343687,0.39878008,0.7583426,2.002062,0.08918788,0.009439823,0.11485342,0.0,2.117814,0.5879728,0.40959606,1.3266869,0.3393268,1.2455746,1.5351018,0.2902257,0.45833984,1.018191,0.094744936,0.032361984,1.3424251,0.23588371,0.2162051,0.88928515,0.51376,0.63420165,0.7706584,0.68098736,1.4095639,0.03997641,0.27560467,0.5887736,0.4202212,0.27262503,0.24749953,1.2928739,0.9404748,4.200119,0.74017626,0.11849952,0.48955044,0.22175135,0.4371591,0.17458378,0.017930588,1.5917192,0.021574084,0.1265294,0.30573007,0.9750628,0.11723039,0.6664117,4.6792307,1.404739,0.33154956,0.19633591,1.1587598,0.038296632,0.05932123,0.6980988,1.1750928,2.714833,3.255074,0.54233426,0.2910071,0.27014723,1.2279004,0.20967169,0.9665619,0.037904754,0.9745799,0.7804159,0.16259417,0.62213933,1.2547088,3.7789922,0.6419609,0.10653754,0.013248448,0.09801192,1.435147,1.414677,0.10402916,0.692456,0.6947401,0.14211471,0.2818588,0.2751997,0.5237959,0.589484,1.5428798,0.25848112,0.71323556,0.9851057,0.9104291,1.6953498,0.81359065,1.0320888,0.17033914,0.0027720993,0.030713258,0.3870514,0.039859984,0.4285911,0.8800541,0.504064,1.6985414,1.4481727,1.7985108,0.46013212,0.064323686,1.2011435,0.46658158,0.11829335,0.008464703,3.676701,0.5956445,0.27919832,0.15936673,0.006075104,0.22258489,1.0455065,0.47018826,1.3880336,2.277694,0.5483167,2.3691945,1.712329,0.31434053,0.07865791,1.2165875,0.0038657875,1.7365378,0.13460943,0.18765679,0.6246783,0.014239401,1.2745969,2.8304896,0.1549934,0.98202497,1.2351959,0.1346932,0.19197372,0.0053059,0.2235016,0.3933862,1.5725397,0.5147163,0.0043504275,0.116706826,0.38912165,0.47062644,0.21286339,1.5903262,1.0872794,0.5594226,0.443446,0.0,0.10661314,0.13158818,0.9257044,0.26272765,0.06933977,1.0753132,0.5376541,0.26993707,0.72020245,2.5666254,0.82214993,0.38335413,2.3775084,0.27643648,0.13996772,0.8508255,1.4477551,2.312956,0.2114307,0.6142154,0.14982308,0.18900791,1.9285107,0.2498404,0.90256435,0.22358675,0.006046743,0.12110453,0.47409734,0.43831748,2.116984,0.018419178,0.4843991,3.6915913,1.8210403,0.37306023,1.4591379,0.07318612,0.42123157,0.42901814,0.034766775,0.8874535,2.8213847,0.047179054,0.032092627,3.383774e-05,0.5976558,0.051546328,0.95319647,1.0789237,0.6824052,2.4887698,1.2594134,0.67514807,0.10256979,1.0365626,0.23719257,1.1324824,0.085541606,0.0,2.040196,0.7793145,0.87373996,0.090387985,0.048805792,0.17273489,0.41743726,2.2998757,0.1442775,0.99916965,0.79133385,0.41386825,0.9317236,4.53561,0.98262787,0.6017804,0.0016044258,0.5513328,0.3824359,0.31551057,1.1530629,0.006971855,0.0,0.0,0.30542997,0.5574188,0.20387219,1.871473,0.15616515,0.21460454,0.30798936,1.2561231,0.8097703,0.9464832,0.24756454,2.108913,1.6567937,0.35650638,0.045393325,0.025566593,1.8953696,0.9133573,0.88786596,0.019077828,0.98062986,0.8272309,0.56896067,2.3179414,0.0,0.20320448,0.16859934,0.53287154,0.8772242,0.7659419,0.27376786,0.82468987,1.2703685,0.1481711,1.430574,0.40471885,0.839918,0.33612925,1.0268422,0.0,0.5312928,0.07835386,0.013930568,0.94343835,0.2782446,2.157496,0.7585157,0.13449745,0.12002662,2.6652105,1.5275319,2.1995738,0.056833547,0.47211424,0.23267056,1.4023837,1.3988618,2.7767415,0.6238354,0.04687416,0.10849897,0.78523505,0.36188486,0.10613025,0.33613005,0.28330988,0.8846678,0.33476657,1.776738,1.1623954,2.682145,0.18668744,1.0921243,0.28091177,0.16827059,1.2821985,1.0658522,0.15821786,0.5153385,0.65505993,0.56000745,0.32147333,0.17300904,0.56879056,1.1054595,1.2427155,1.9758512,1.5915915,1.0250152,0.17788197,0.03305826,0.25550184,0.3604985,0.4498745,1.3111043,2.8963592,0.06473078,0.24993487,0.4551597,0.011837221,0.8414645,0.8975442,1.5657455,0.37894836,1.1234578,0.46462026,1.8344094,0.16463903,0.886606,0.049658902,0.114215754,0.25856522,0.9556843,0.3533585,0.12604053,1.1080645,0.9582749,0.8447813,1.5635612,0.11496501,2.2928984,0.20970869,0.30433542,0.56427354,0.0,1.6553177,1.3873196,0.3943685,0.035462882,0.44477272,0.008065075,0.09811215,1.1079975,0.37995782,0.80285835,0.24162765,0.1299383,1.6423101,0.19991831,0.18829553,1.7538674,0.6224611,0.83716583,0.5500651,0.63248897,0.31391034,1.2310195,0.98685163,0.39800414,1.0174044,1.0370615,0.16213827,0.22393051,0.0,0.45287538,1.2352587,1.9041723,0.19362856,0.0,0.95200473,0.57015455,0.5277408,0.03834253,1.0465219,0.3088256,0.43146667,0.77670336,0.9968445,0.18234996,0.2769982,0.6684051,0.5577798,0.88214964,1.238794,0.59374845,1.2176574,0.33032504,1.7370615,0.53026694,0.60774887,0.26103228,0.20447153,0.259685,0.4272451,0.44925168,0.5742383,2.0473833,0.46785906,0.51794744,0.53921944,0.21306336,1.3965174,0.037093956,0.29403737,1.1856842,0.4589152,0.0009558196,0.91626406,0.9297329,0.0620341,1.7154294,all_pothole_images\pothole_images_2_image_61.jpg
0.8002134,2.8630183,0.9065996,0.722044,0.77614295,1.4087366,0.812636,0.49094233,0.99218315,0.064340495,0.25752622,0.2910171,0.5291127,0.5617456,1.1789243,0.2706891,0.31232664,0.11693392,0.013097646,0.6072165,0.9273224,1.6218356,0.071259975,0.9007058,0.90654576,0.25993565,0.5428403,0.36688757,0.13626598,0.5488065,1.300961,0.17268454,1.5266801,0.08430824,0.1048405,0.2902003,0.92091054,1.3351182,0.33122864,0.47113582,0.81447625,0.6461612,0.06887948,0.82680804,0.52092844,0.34376392,0.32294458,0.44254628,0.47234517,0.691651,1.082434,0.76576763,0.97661054,0.254685,0.046211272,0.026737707,0.15331511,0.6817141,0.116664395,0.30577612,0.010362017,0.54649144,0.7923714,0.37000465,0.22849816,0.7673585,0.25031966,0.26593313,0.04227247,0.14656593,0.48929062,0.16908614,0.067348525,0.27341416,0.0,0.30846763,0.5528524,1.2109896,0.0,0.030608712,0.86927503,1.3950258,0.058617517,0.9326239,0.5553001,0.7109449,0.08980451,0.08957756,2.0722995,0.18277559,0.5168931,0.081472516,0.40267786,0.80013454,0.18042164,0.539352,0.7971491,0.32630658,0.05174521,0.5323344,0.18726832,0.3251001,1.2646619,1.0469216,0.22091748,0.39071915,0.05894576,0.20983781,0.12521933,1.6648259,0.45013356,1.8034115,0.63762164,0.17236541,0.0118137235,2.5458956,2.4764247,0.18512085,0.1374297,0.36382636,0.30819395,0.88422114,1.2820811,1.1320251,0.1284475,0.4463796,0.26603168,0.22460003,1.6034907,0.87468624,0.4364964,1.0583501,0.59241164,0.33228245,0.2968735,0.6283105,0.77584565,0.18380326,2.676355,0.31201518,1.1722013,0.72662663,0.22976151,3.0730267,1.6340294,0.2366089,1.143581,0.46761468,0.32735652,0.63231,0.1878527,0.48346677,0.6006232,0.47272876,1.6870958,0.8774965,0.3052403,0.5851998,0.682221,0.9930876,1.2076852,0.43259194,0.39476767,0.70506644,0.45192578,0.09702225,0.64528805,1.7912142,0.66329,0.30704033,0.7169694,0.1797272,0.4468946,0.7816383,0.13585925,0.28733003,1.7376895,0.08770483,0.057807628,0.45169896,0.0,0.411221,1.3510472,1.2241434,2.8435862,0.02918437,1.903149,0.060026266,0.23589116,0.037340704,0.86570233,0.17099485,0.30852413,0.6226406,0.90150946,0.0,0.19249237,0.9885086,0.7137207,0.4381475,0.067508355,0.38543537,0.51031023,0.300015,1.4924458,2.3645532,1.3948436,0.543069,0.97779423,0.43083927,0.9676247,0.24949993,1.6444368,0.9757406,1.1449312,0.037446924,0.19258226,0.644862,0.4864403,0.07958409,0.51589906,0.36580545,0.92472667,0.60075027,0.022709262,0.52774924,1.2326416,0.09866925,1.7440706,0.63976425,0.59771127,1.0280999,0.05337352,0.38631466,0.74580973,0.5957166,0.12008329,0.51071966,0.41521168,0.03497146,1.0292162,0.11674229,0.14945796,0.024429914,0.0,0.036233082,0.8657594,0.4791005,1.393151,2.0526698,0.40552917,0.0,0.70893455,0.049968284,0.06023565,0.034425538,1.4582404,0.41685438,0.80606425,0.8155879,1.1546388,1.5941584,0.57824224,0.38864687,0.6924666,0.5483903,0.079553835,0.3575315,2.5679257,1.5739462,0.8038837,0.3547502,0.04310597,0.00643059,0.086551026,0.92427397,0.22670014,1.6419947,1.0336666,0.28717524,0.08763695,0.35891175,0.7861418,0.22420783,1.3401408,0.24548757,1.1619427,2.071545,0.7085012,0.6197115,0.49926752,0.6928858,0.5920554,0.363738,0.23314485,0.49814287,1.1295534,0.4371634,0.57423455,2.3525536,0.3735826,1.6431311,0.01572495,0.5550038,4.239997,0.05389848,0.05602195,0.28178954,0.3596491,0.011845668,0.0049609845,0.59186244,3.8650517,1.1410788,0.15509933,0.16371544,0.3991204,0.3131733,1.4637644,0.8450849,0.5738168,0.055689517,0.64696693,0.9874462,0.23756231,0.3402998,3.06103,1.3705802,1.0870982,0.86602175,6.7060504,0.7675201,0.2641464,0.8042377,0.6671558,1.2051351,1.6223075,0.30318633,0.22153851,0.12956472,0.14856312,0.9267451,1.9317085,0.44418335,0.152971,0.25466612,0.1626529,0.5785094,1.6225197,1.0844069,0.20877165,0.6757403,0.075262785,0.21307887,0.43561935,0.50506514,1.3737631,0.13333336,0.0371693,0.49389297,0.48422205,0.3558839,0.21772335,0.84811735,0.089057334,0.45637226,1.2013415,1.954914,0.3646066,0.0,0.39199004,0.48625088,1.4276017,0.75142545,0.70266753,0.09820586,0.7669757,1.2271031,1.6046871,0.9697088,0.7598162,0.09050611,0.79178977,1.411615,2.302187,0.3210542,2.3681386,0.6510642,2.651331e-05,0.5755329,1.2595897,0.3078089,0.046042655,0.013168936,0.5390828,0.092600286,0.59022135,0.7485691,0.07496827,0.14195082,2.9130678,0.2583901,0.16414535,1.0917878,0.6322998,0.7656142,0.18392126,0.44122759,2.1873357,0.3988275,0.3575587,0.4729827,0.8941426,1.154903,0.6631402,0.18692891,0.067594625,1.3228691,0.14911842,0.80678886,0.80613714,0.32721224,0.75780463,1.1102978,0.095997535,1.6771302,1.3214022,4.1547346,1.1139828,0.113147326,0.528515,0.4136003,0.48959294,0.04933033,0.8293916,1.1732084,0.8552175,2.2155156,0.97267354,1.4233263,1.1576505,0.33795172,0.14144598,0.053846564,0.3132285,1.8276877,3.698214,0.13020107,0.05062488,0.9046121,2.2864912,0.6929804,1.0792681,0.5526967,1.4658735,0.043279964,1.0350653,0.03562598,0.4885798,0.11303336,0.9417745,1.5737143,0.86865526,0.1394983,0.7020892,0.80185765,0.110411614,0.3932087,0.011120085,0.8334598,0.6761801,0.5963151,0.9354763,0.11623537,0.70223117,0.050419923,0.7386019,0.49127176,0.6644066,0.76765347,0.08888013,1.1426287,0.5264611,0.54963875,0.022156827,0.18954505,0.74096626,0.09085566,1.4541,0.7966662,0.61580205,1.0930465,0.1880281,0.6246909,0.581553,0.15969552,0.10711824,0.08015271,0.03184359,0.0,1.5121874,2.3607252,0.34424824,1.2674745,0.18381323,2.2654982,2.776456,0.5941513,0.3690785,0.34162349,0.06808498,0.084813,all_pothole_images\pothole_images_2_image_62.jpg
1.6760516,1.8702763,2.0158777,1.2056681,0.622614,0.9172324,1.1328218,0.88668877,1.5153946,1.0794629,0.03364099,0.1817444,0.25854763,0.8932669,0.47518632,1.4585695,0.8531611,0.15138534,0.98092437,2.6252615,0.39419922,3.0158405,1.4901174,1.1244498,1.1712998,0.5989395,0.26784286,0.66478986,0.762087,1.7194896,0.66305524,1.0784401,2.5416446,1.4421211,0.30324712,1.4766332,0.34649783,0.33305487,2.7216501,0.5441187,1.3433125,0.84200704,0.17466427,0.22209097,0.19699007,0.6313644,1.2766635,0.22856578,0.397285,0.85610336,1.2230623,0.16150281,0.23724519,0.25147748,1.3047446,0.7573488,0.16383249,0.003941397,2.6857598,1.8909012,0.14481708,0.14136997,0.15856023,0.0,0.1398286,0.5078026,0.43306062,1.3957753,0.06738318,0.42479432,0.9092532,0.45139277,0.76312083,1.0310752,0.5545596,1.6239915,0.7827132,2.0243735,6.022636,0.49483052,0.011341695,1.6747848e-05,1.2068915,0.40101662,0.7828986,0.14202943,0.48379466,0.24442844,2.9767082,0.74994487,0.3839457,0.14896262,0.6600424,1.1768091,0.19886245,0.008803496,0.8484217,1.1854075,1.4995496,3.6459045,1.7393107,2.784055,0.78221154,0.7710297,2.7138982,0.25772336,0.023754835,0.59321636,0.28437772,1.3813438,0.2181543,2.6234968,0.45789364,1.0622667,0.009785157,0.13099782,1.8123527,0.9721576,0.414476,0.3466389,2.6827977,0.5135195,1.5686153,3.6797023,0.9383372,2.1472802,0.9200661,1.9495744,0.3567023,0.46056396,0.020305522,0.5491647,0.56561357,2.086354,1.0984858,0.29090863,1.5873344,3.9257317,0.46145275,3.9889183,0.5238558,0.0015605831,0.17058626,0.5090873,0.90093493,0.4929867,0.8190077,3.4954479,0.1671812,1.5971396,0.9224691,0.58599657,0.018328559,2.3105447,0.4305008,1.2505195,0.44892582,0.3657973,0.5848165,0.5475238,0.17742437,0.7150009,0.41211593,0.26506594,0.84022576,1.7420464,0.0075815227,0.0026921465,4.802447,0.9619661,1.2119092,0.120822504,0.020581366,0.7025505,1.4840387,0.3590504,1.635552,0.18818286,2.5641139,0.45788947,2.9523253,0.7459008,1.3058583,3.692412,3.406704,0.06672563,0.38728198,0.71918976,0.87918025,1.8247631,0.36152232,1.0036776,0.27616268,1.8871905,0.27768728,1.2356436,1.7818049,0.72515243,2.1243043,2.1849287,1.1356323,2.2401083,2.0738513,0.1703098,1.3281623,2.3992581,0.49289265,0.48287153,0.7724818,1.2411405,0.6780886,1.26017,0.8019926,1.5236757,1.4370984,1.9351519,3.7165217,0.47978947,1.0303121,0.07199782,0.07847763,0.30395514,0.6211743,1.5243636,0.0590769,0.45885304,4.4088483,0.772184,0.7872363,0.20028242,0.09071547,0.2387492,2.7425947,0.2931446,0.272251,0.29724962,0.49027842,0.11589502,0.7834153,1.152611,0.47655168,0.31398708,0.20632726,2.3301122,0.55426174,0.047511797,1.1640182,1.2735819,2.8883345,0.83247817,1.4667492,1.0248654,0.54031193,1.154007,1.4492916,1.2441336,1.1933492,0.24366719,0.9650054,0.7486332,0.11500006,0.10899458,0.43221548,1.3696218,0.0,1.6493294,0.14705282,1.7100092,0.4273027,2.1251862,0.0024140826,0.8426588,0.26380798,2.4844198,2.869695,1.4634395,1.9372615,1.9361981,0.06560346,1.5426198,0.04926224,1.9839884,0.38416174,1.8666062,2.6793892,0.6271221,0.5740204,0.7793354,1.6600479,0.3118056,0.37906396,0.5596418,0.10405679,1.40526,0.095231466,0.038682535,0.67053896,0.13465005,0.76841736,0.5376607,0.20483106,0.21089916,1.3596371,2.0327783,1.0452502,0.9265799,0.6724967,2.2068121,2.8806481,0.445584,1.3193145,0.37244275,4.089643,0.79325116,0.09832835,0.7408972,0.8807981,1.3141292,0.5111801,0.01233258,3.1556962,0.31664133,0.24667406,1.0143758,0.25545126,0.6722355,0.922112,0.55510736,0.010507102,1.1081215,0.4930761,0.5839641,0.52984667,1.9459342,1.1654441,2.0232522,0.6535933,1.4556762,1.0967216,0.7671339,5.262897,0.39982852,2.2237937,0.126707,1.6226171,0.33238018,1.529228,0.02499537,1.0023896,2.0038629,0.24701557,0.7495703,1.2804021,4.120329,0.9798632,2.3368127,0.8391126,1.6207016,2.5655665,0.7800841,1.1565746,0.9106341,0.74024034,1.4372035,2.3178635,1.930053,0.47368744,0.87880105,1.0296342,0.75363314,0.63955116,2.3206205,0.3657949,0.017275136,0.91779387,1.0301472,0.6931699,1.7006364,2.1276646,0.38322628,0.46463063,2.246674,2.1917815,0.5665143,3.2194438,0.009721668,0.7563465,4.058161,0.8484892,2.6941252,1.9655011,1.8692294,0.002336066,0.6045987,0.45663103,1.2580136,2.5009537,0.6228942,0.39165947,0.5375669,0.73694414,2.2015536,1.827942,0.7430481,0.35787252,0.6953997,0.34685928,0.32872024,0.27546787,0.81132716,0.5775244,0.4896009,1.1712856,0.12745906,0.0,1.201301,1.0166903,0.7065593,1.0235616,0.106381275,1.3316475,0.7878564,0.72021234,0.6579698,0.6318978,0.35273856,0.7642329,2.229404,1.4382274,0.8589434,0.34040496,0.924614,1.4547561,0.13966528,0.5856963,4.4004126,0.010840888,0.0,0.53334117,0.22394222,1.5010821,0.90340716,0.29646644,0.30399284,0.47814724,0.18667033,1.3446553,2.0052714,0.14922926,1.4336011,0.356379,1.7323288,2.0815716,1.9206935,1.3958914,1.4526882,0.94105786,0.5455701,0.3610319,2.866916,1.3471804,2.0105498,1.2239336,0.0015477367,2.2132096,1.7967342,0.8541285,0.4376522,1.0149469,1.2703949,3.1479352,0.028928244,0.17044011,0.8113079,3.5349848,0.69172466,0.2431716,1.0633951,0.5336323,1.3215139,0.7700002,2.0517063,2.2162657,0.7696252,0.06454119,0.19487108,3.4826488,0.08942389,0.9544895,0.25642553,0.63953006,2.330964,0.19612363,0.13031387,0.5240515,0.5755512,0.9059199,0.4941142,0.5835334,0.678551,0.484853,3.0101364,0.6298235,2.2824726,2.0763521,0.022519242,0.63251,2.428852,0.2344135,2.4216852,0.02755038,1.9514232,all_pothole_images\pothole_images_2_image_63.jpg
0.32131508,0.64080477,0.16932245,2.0298145,0.78340894,0.13656333,0.28305772,0.064552434,0.19214204,0.94207186,0.22753672,0.29841974,0.0,1.6738434,0.035541777,0.55840456,0.08336464,0.44906864,0.24795541,0.10658065,0.6792173,1.1295199,0.35895935,0.64367115,1.1913085,0.74780405,0.38049087,2.5853496,0.48475412,0.049451515,0.11096598,0.010197705,0.1295671,0.11238592,0.0513402,1.0613174,0.23833066,0.7112953,0.56186795,0.25261444,0.0042434633,0.042139076,0.44016838,1.0296597,0.61300844,0.2472443,0.044721525,0.0,0.97282517,0.5999536,0.22374526,0.08899095,0.039684825,0.3693289,0.17135677,0.8645439,3.0787878,0.0,0.19092485,0.06932735,0.35801068,0.15824117,0.57386434,0.52741444,0.57744855,0.7912755,0.65766144,0.10185117,0.019592395,0.19718443,0.43552792,0.07861568,0.2133721,0.10018716,0.3228828,0.13646723,0.32125127,0.098327145,0.0,0.07474235,0.0,0.007017388,0.6527751,2.7282705,0.2249999,0.019017825,0.22417825,0.23620653,1.1612866,0.061486393,0.21836835,0.15718554,0.26817247,0.026065163,0.5894806,0.118745394,0.26822117,1.0058123,0.91007197,0.26683697,0.16078472,3.189803,0.35798964,0.0,0.2222223,0.025586005,0.20686321,0.3699206,0.03653952,0.24974811,0.14859188,0.8328597,0.19982879,0.32942477,0.7866193,0.46748573,0.10643662,0.012035735,3.8937109,0.39494133,1.9915484,0.33173215,0.0,0.43580922,0.42697307,0.5293199,0.18903798,0.29738355,0.24739185,0.16148087,0.0517561,0.22567445,0.13729085,0.44060332,0.06932868,0.20305993,0.2398457,0.06570688,0.5538852,0.054215007,0.026682824,0.34939298,0.55168515,0.18940252,0.08190148,0.45708776,0.054830506,0.013184922,0.50955653,0.107556224,0.11361803,0.12682906,0.027551651,0.14766406,1.7571065,0.42495564,0.71511877,0.14282812,0.7138215,0.38038254,0.60312057,1.1206143,0.34665337,0.56473297,0.49075907,0.088385835,0.67936254,0.15951544,1.3824748,0.99627036,0.011144396,0.01690521,0.0,0.17036515,0.14699864,0.024460422,0.495516,0.13129875,0.09203959,0.009909202,0.0,1.7383941,0.77591956,0.48516688,0.8376973,0.85062915,0.19902976,0.6110705,0.3049247,0.47884306,0.031082897,0.0015759391,0.005795746,0.44787395,0.35680643,0.15169698,0.6870768,0.07862687,0.63553673,0.16613139,0.23856671,0.21280298,0.012040625,0.40929526,0.5246793,0.09030235,0.31578353,0.20715003,1.277445,0.501939,0.015276935,0.03253223,0.71554655,1.4934297,1.168383,1.0602965,0.16881569,0.090460755,0.13109499,0.39091825,0.40204853,0.052689362,0.42055553,0.26815775,0.0,0.09042862,1.6790087,0.15819597,1.2765331,0.71839297,0.07274776,0.10163634,0.106776536,0.14413957,0.41184187,0.0,1.3625938,0.0010537299,0.21545178,0.31761366,0.3130813,0.16625334,0.12985085,0.43738595,0.1565179,0.0060846074,0.9361416,0.53326654,0.012286688,5.2700653,3.1042361,0.013762234,0.04318926,0.09701822,0.0,0.4703892,0.7878905,0.09301562,0.5908295,2.4631057,0.004495256,0.13394439,0.33452508,1.0479748,0.040165648,0.12888755,0.064142235,0.1628965,0.5053512,0.033446126,0.15603256,0.0019686497,0.27100658,0.018081136,0.77655846,0.6904013,0.023009732,0.01666161,0.07204549,0.33488736,0.83185345,0.89165074,0.20981115,0.11820523,0.17488553,0.017591834,0.67960215,0.20348132,0.734375,0.09367718,0.03411239,0.07009771,0.034102462,1.4382187,0.0074711726,0.5787288,0.027673153,1.0421474,0.2408233,1.6861092,0.593046,0.54300916,0.037518673,0.108745396,5.0860577,0.46532834,0.19483235,0.058772985,0.0025807153,0.32382283,0.08565977,0.30286884,3.0782924,2.1777341,0.45594966,0.6658705,0.020884395,1.1362345,4.248484,0.25002116,0.0,0.009470152,0.5545356,0.2317175,0.64892155,0.2685087,0.500863,0.018000472,0.21081384,0.10296673,0.3848779,0.08493105,0.011954078,0.0029989851,0.034438763,0.056897577,2.3998184,0.47580943,0.09305185,0.1794129,0.229303,0.107818455,3.0073802,0.22356072,0.20868024,0.4239547,0.0061537526,0.03448468,0.5276665,0.41922075,0.3003989,0.19603544,0.28566223,0.6362432,0.35331273,0.0,0.13946079,1.3696586,0.42643148,0.56570286,0.15790863,0.023987422,0.55179167,0.18720268,0.008355295,0.003126598,0.2289275,0.10519425,0.15040551,0.066103876,0.23225383,0.022441508,0.4814152,0.033368714,0.0,0.51500595,0.0033636633,0.018657902,0.07352944,0.68170244,0.3396542,0.0,0.22087424,0.26147464,2.554336,0.26621944,2.092285,0.01350257,0.5208703,0.3860349,0.78487146,0.17410843,0.06499073,1.1805604,0.0,0.022324882,0.4940897,0.14951864,0.0,0.53819156,0.5894118,0.87647104,0.2866277,0.38266557,0.20882405,0.11944686,0.3591602,1.10568,0.5163802,0.012844409,0.020912364,0.0,0.013848783,0.04732875,0.07212191,0.7189186,0.8523662,0.2823155,0.6215552,0.16599953,1.0032995,0.58503735,0.13416255,0.835902,2.1604085,0.3681698,0.44295895,0.0005830218,0.46735832,0.36851233,0.66558504,0.11076897,0.060919907,0.2738336,0.25250039,1.3305458,0.6644979,0.9101416,0.122163184,0.15602383,0.56160057,0.18826847,0.0,0.0026989654,0.4328625,0.23100112,0.74331117,0.24609242,0.2108793,0.37091812,1.1604118,0.66773474,0.8866832,0.0005676678,0.750141,0.33218345,0.795102,0.096548945,0.18587379,1.4667823,1.0982118,0.030228283,0.88746375,0.026662977,0.5539251,0.2169987,0.0,0.033988476,0.069168516,0.3763966,0.19475444,0.76284844,0.062431313,0.031959925,1.2450845,0.017520951,0.7427145,0.6438158,0.30674934,0.029176531,0.7213806,0.79076976,0.8895645,0.17619973,0.073496595,0.35614613,0.7191529,0.019734757,0.47575432,0.0607246,0.19464499,1.0601863,0.19060202,0.0047569075,0.03957804,0.0024793441,0.21420616,0.2704757,0.008740518,0.7378861,0.25803483,4.4770074,0.83255774,0.18258984,0.07538298,1.0835172,0.02426781,0.07099748,0.5455406,0.28472713,0.84070563,0.14580649,all_pothole_images\pothole_images_2_image_64.jpg
0.17450485,0.7391052,0.19051686,1.592709,0.20714538,0.04007368,0.033174735,0.35766473,0.51250464,0.1406558,0.47817326,0.13359196,0.13294987,0.754418,0.11606923,0.2542278,0.041924145,0.46746132,0.8657321,0.061106954,0.51418394,0.28814533,0.11999032,0.10503569,0.8423148,0.50042725,0.38837084,1.3552868,0.03556152,0.21950737,0.20115533,0.7908835,0.0,0.22357228,0.12044942,0.9040302,0.3673438,0.26751912,0.6311029,0.5016572,0.14713173,0.17225102,0.016377896,1.1945655,0.4451311,0.20729364,0.0,0.36979115,0.36518562,0.6780394,0.46771201,0.2664645,0.87968326,0.020856185,0.024199978,0.67329353,1.2979599,0.71751463,0.27914307,0.054502066,0.14146416,0.0020184608,0.0008743316,0.49630305,0.95226085,1.9635636,0.25779086,0.117188655,0.57711834,0.21301621,0.007810917,0.30021995,0.30993313,0.25084248,0.3001816,0.035329632,0.2374754,0.5786831,0.07861334,0.030089097,0.0,0.58657,0.5936575,2.0027006,0.03212662,0.44016778,0.4865573,0.38942838,0.95480514,0.072608106,0.33223435,0.21099697,0.026440993,0.2416485,0.34528485,0.0066758273,0.66821504,0.65568495,0.079533115,0.014287912,0.14841956,0.6327857,0.31578916,0.00040015628,0.3300816,0.27510646,0.27396664,0.20647718,0.09011333,0.7254795,0.048232876,1.4770876,0.19818014,0.32090467,0.56310195,0.15279555,0.84795284,0.0,1.2638174,0.20911688,0.6174174,0.0,0.115686476,0.026620293,0.18666382,0.8560522,0.41232267,0.038999658,1.6039481,0.0,0.26247793,0.070696466,0.046124585,0.0,0.40670472,0.75829285,0.15523684,0.37462258,0.4068988,0.08299716,0.14341035,0.03566313,0.34816182,0.21641165,0.04470031,0.39582953,0.011047877,0.051901426,0.448349,0.0,0.4393688,0.63386595,0.00030530847,0.05156315,0.70786375,0.8249207,0.016476186,0.2914693,0.32949322,1.007134,1.2061386,2.1368876,0.24442966,0.8345231,0.0073041804,0.5513728,0.78382576,0.011433261,0.50987136,2.5145226,0.013084781,0.018233808,0.0038687459,0.0,0.08766231,0.0,0.03141282,0.0,0.30088797,0.38864863,0.0,1.2431071,1.9137408,0.6079342,3.0790737,1.1551363,0.35247898,0.2348167,0.6260052,0.92329437,0.048583705,0.0,0.11408829,1.1250663,0.2676016,0.17348251,0.66400295,0.93225867,0.3582009,0.36058018,0.3527175,0.7985125,0.4052269,0.26066816,0.41327378,0.006139806,0.07596038,0.08278171,0.7217702,0.10893223,0.0,0.09322799,0.56687015,0.19252697,0.4216767,0.9031909,0.11655945,0.22312218,0.27190778,0.30026472,0.5242214,0.365618,0.3747844,0.29517713,0.0030771156,0.06302657,1.225659,0.1732288,1.8752749,0.82630885,0.14100441,0.16956049,0.4604196,0.66424036,0.19956903,0.073899075,1.9398804,0.0,0.08984917,0.2692054,0.15743716,0.36209315,0.056239557,0.018812498,0.15961903,0.04362486,0.5514769,0.43588516,0.2811381,6.055791,0.58996475,0.20871544,0.042345993,0.3731225,0.031157926,0.110622756,0.93666804,0.45059386,0.014278193,1.487466,0.057364367,0.02854517,0.064842395,0.33812413,1.0774063,0.52257866,0.07751945,0.255344,0.37364772,0.07894107,0.10611366,0.0,0.014638327,0.30430868,0.9263311,1.5779251,0.586419,0.096560195,0.0005005464,0.5245962,1.1153823,0.20916782,0.64073104,0.0014833659,0.12049199,0.5289884,0.5539339,0.043008987,0.2562648,0.2323796,0.053629946,0.06695286,0.0012504887,0.47791076,0.12807873,0.0,0.0014797513,0.18861319,0.32182407,2.0525472,0.45094633,0.542324,0.009903949,0.008590751,5.644173,0.096930094,0.043151412,0.36967218,0.059245527,0.24540144,0.48003888,0.24747072,2.4414287,1.2095821,0.086808614,0.33854318,0.0064918404,0.68083143,3.3469913,0.32159185,0.00633864,0.0,0.05572498,0.08250739,0.26380554,0.5205425,0.712293,0.0,0.19329087,0.004360012,3.216948,0.6417989,0.26698208,0.10732324,0.07351515,0.48017544,1.9967343,0.19974788,0.009486405,0.28574634,0.06177764,0.15325072,1.1867414,2.1797028,0.3316719,0.2836857,0.006739178,0.5135895,0.4528687,0.6420166,0.043742362,0.014631009,0.024275424,0.3312959,0.0,0.17058711,0.0,1.9465114,0.35911375,1.0161766,0.079936415,0.28411788,1.4808052,0.0130151585,0.22074454,0.0,1.1911291,0.09709447,0.080041885,0.04220748,1.9273854,0.009826149,0.31807974,0.18565127,0.3671077,0.13169034,0.042934306,0.21192814,0.69098014,0.0038081522,0.87446904,0.100821555,0.33734104,1.2329702,1.0301983,0.5816794,0.7496738,0.07776538,0.037714876,0.9418724,0.9006079,0.3918691,0.032502808,0.40190053,0.22406438,0.023193423,0.78578174,0.044232488,0.5469991,0.023370452,1.855395,0.68214524,0.04193392,0.5562697,0.29895678,0.2195006,0.67075276,0.4691236,0.41761023,0.0,0.18362068,0.24982168,0.07010922,0.30744755,0.0,0.14057413,0.48591176,0.0,0.17412567,0.0021632535,1.3819308,0.07879804,0.47597486,0.61644393,0.7117294,0.33542535,0.641875,0.09463232,0.033569094,0.043058414,0.21586603,0.14663288,0.58261,0.37993464,0.10762584,2.2235508,0.415389,0.033277746,0.6480472,0.59143627,0.1673088,0.050416537,0.5155423,0.018626938,0.3592101,0.06463227,0.14800552,0.07405777,0.11404642,0.97880036,2.9696534,0.078217946,0.0029137535,0.040801007,0.70229214,1.1198089,0.027441582,0.07787603,0.27865764,1.1378362,2.1054382,0.012880578,1.3812296,0.0,0.10656654,0.28103164,0.123681135,0.07223404,0.06074582,0.8179794,0.00019405982,0.6773795,0.28078875,0.058377273,0.13300851,0.6093433,0.2823046,1.3789816,0.8394107,0.13882142,0.017788677,2.2559125,0.47094828,0.09614147,0.04095561,0.10440148,0.02934792,0.10631288,0.6403977,0.054643273,0.47483265,0.6145638,0.07157543,0.095768355,0.00028825438,0.0075979214,0.0,0.5587728,0.5099894,0.018810347,0.36696094,3.6191022,0.64080787,0.15817651,0.10778596,1.2183638,0.85257375,0.187716,0.36590973,0.34650755,1.3197565,0.25150344,all_pothole_images\pothole_images_2_image_65.jpg
0.998885,0.19597805,1.0626775,0.12405103,0.22153349,0.116714105,0.9864226,0.5342884,0.20924015,0.6063272,0.038148936,0.00059820194,0.030764377,0.39817092,0.2673024,0.824232,0.057534207,0.6143739,0.07264563,1.4126848,0.53951615,2.5014637,0.3263139,0.14402959,0.37393215,0.109742396,0.14200038,0.54420847,0.0024822382,0.9212542,0.53296715,0.25845733,0.00014684926,0.23616019,0.10944147,0.0,1.4923992,0.765533,1.1615632,0.7924091,0.28243852,0.21371372,0.10425067,0.43350303,0.02322962,0.7743259,0.03379181,0.0,0.2431928,0.08528625,0.4768002,0.08670834,0.50789446,0.14675604,0.94155604,0.65178055,0.46021912,0.7963814,0.23893039,0.3201996,0.40852827,0.48061487,0.5161815,0.06897647,0.1217284,1.1682678,0.9193752,0.7377019,0.993889,0.2859385,0.060105473,0.30047804,0.382293,0.35398877,0.44811088,0.06579977,1.2959665,2.4091048,0.18800412,0.055639796,0.5466502,0.4018879,1.1031206,1.4289441,0.5350583,1.6635281,0.4520469,0.31115937,0.9402215,0.3872457,0.8577932,0.16054696,0.25555933,0.28478888,0.30996042,0.006211673,0.91994476,0.39555544,1.6143363,0.60442716,0.42177683,0.63926035,0.075323865,1.1309419,0.04515062,1.1978029,0.14260273,0.5446654,0.18960479,1.0879027,0.0,1.6030476,0.17627907,0.19981837,0.00732453,0.024946233,2.185678,1.2512423,1.4812255,0.11784315,0.5922078,0.40973592,0.17257331,0.38657793,0.011684128,0.87846684,0.7446009,0.17674261,0.4048415,0.069989294,0.47372693,0.14087427,0.52279454,0.9247641,1.1270838,0.11197025,0.1235074,0.20794263,0.048180904,0.099162236,0.19560477,0.84226507,0.22560917,0.43507212,0.08341954,0.9273496,0.6881102,0.0015364228,0.43646765,0.6399068,0.01902733,1.0386741,0.19464247,0.4122099,0.43576398,0.15632635,0.19663541,0.45345458,0.1946603,0.07158738,0.5402796,0.17259473,0.2929026,1.3012516,0.94372666,0.52723444,1.4460089,1.2973104,0.11360144,0.7556394,0.83970016,0.16851966,0.09522286,0.019125447,1.1882204,0.061039727,0.018249786,0.037417017,0.8248205,0.093703814,0.17004047,1.8045924,1.3809552,1.532162,0.81519395,0.056925416,1.0462703,0.28593868,0.454539,0.17443933,0.20607567,0.010792458,0.4204257,2.0121837,0.08408007,0.09239504,0.9223083,1.1963207,0.0849146,0.1969301,0.046661474,1.5838629,2.577494,0.22364523,3.6199188,0.39895114,0.9403731,0.4784915,1.1020484,1.8147279,0.49251297,0.006313831,0.2173335,0.77950084,0.019176343,0.10200272,0.13741003,0.66222185,0.23130997,0.10820039,1.528977,3.3771875,0.9161798,0.03458414,0.7659102,0.5044083,1.3962001,0.12907164,1.7291098,0.2447519,0.16165984,1.5654099,0.29399535,0.13873196,0.05204832,0.5650392,1.0314662,2.0980258,0.01322157,0.12642217,0.04662926,0.11655611,0.075335264,0.3636708,0.115093134,0.046431772,0.0798482,0.9181677,0.89719343,0.49039257,1.5235282,0.3173929,0.4790591,0.45748597,0.33864304,0.123636626,0.21977173,1.6375271,1.7603993,0.19573835,0.3300647,0.47716522,1.4109269,1.3282224,0.29553542,0.4331639,0.10112068,0.6252964,0.6330718,0.1875255,0.52588576,0.30916163,0.30776808,0.71769434,0.11393338,1.0840344,0.8591882,0.3441755,0.09748389,0.10564473,0.98075086,0.08960174,0.3414533,0.22448753,0.21051668,0.14390346,0.09817014,0.5099576,0.04243563,0.18257385,0.5081852,0.5490998,0.16648641,0.01602452,0.12110311,0.5511045,0.6598404,1.8644272,0.019544408,1.6660143,0.33245608,0.32317302,0.0424185,0.41632545,1.385882,0.16710725,0.034531727,0.5390871,0.4816549,0.4103648,0.3783692,1.2686882,1.5316919,0.35364044,0.075163715,0.9039669,0.7630636,1.0018152,1.1879416,0.4200761,0.078225695,2.2572575,0.49007633,0.0,0.15898754,2.2594059,0.030947587,0.082652904,0.34724122,1.04187,0.27887344,0.085368894,0.22383201,0.18926018,0.74677384,0.6975546,1.3236206,0.1611876,0.05248792,0.2337377,0.07833423,0.13751806,0.97372484,0.18508047,0.9454127,0.05396818,0.13858286,0.6617224,0.15195443,0.98624074,0.15091957,0.11130452,0.8340457,0.41351053,0.35517806,0.17290315,0.57774043,0.36268368,0.21473357,0.9658236,0.16009894,0.62209773,0.16361427,0.01917278,0.5265192,0.0,1.8869333,0.10886762,0.20334786,0.13697328,1.5647613,0.18547173,0.14994465,0.40178373,0.11793322,0.06560815,0.12512311,0.06622789,1.0364791,0.3940094,0.06689567,0.0074106096,2.2518697,0.41692874,2.272075,0.6961452,0.093198106,0.005245231,1.7421587,3.4344158,1.0161469,0.2578846,0.05948498,0.22818658,0.40147227,0.47642478,0.622761,0.22391385,0.45310584,0.6519003,4.3698993,0.3038058,1.0135388,1.7904271,0.049823463,0.025812019,0.87710136,1.5252109,0.3093651,0.68078786,0.27691334,0.16116899,0.6164009,1.0751576,0.2576422,0.48422304,0.02085348,0.640939,0.22341056,0.12389716,0.3231548,0.017246505,0.35733,0.79420733,0.17988156,0.0011326117,0.082981974,0.36991325,0.4381007,0.017985124,0.8974276,0.0446191,0.24939424,0.238703,0.75875837,2.0558758,0.42471454,0.0017712576,0.12416211,0.013082487,0.31850725,0.5512331,0.0,0.36347872,0.17670561,0.19489811,1.37255,0.65216905,0.030368805,0.2915535,0.36453712,0.5849969,1.7806957,0.7156199,0.24712814,1.416289,0.24376014,0.0006858099,0.36651146,0.22697128,0.16389383,0.5882277,0.7516302,0.07775263,1.4881915,0.56861573,0.7783381,0.33777267,0.6003412,0.21435538,2.3387594,1.755246,0.28992027,0.67401975,0.89064765,0.56910986,0.27735528,0.10149816,0.30397984,0.11254372,0.72225094,3.9105735,0.25867316,0.058325853,0.022610044,0.2614576,0.7452081,0.077091895,0.567564,0.10352962,0.74030894,0.70567447,0.0013811385,0.48103434,0.33480865,0.7538063,0.1921493,0.42038414,0.047459695,0.13064626,0.10414137,0.5336165,0.25112495,2.070593,0.21122874,0.27905998,0.04000554,0.13037808,1.2493626,0.4381939,0.006670893,0.19883054,all_pothole_images\pothole_images_2_image_66.jpg
1.6432893,0.42373037,1.0346907,1.1161654,0.0005652067,0.6063638,0.0059253154,0.057962738,1.3295484,1.9885854,1.0766575,1.0647007,0.036005467,0.5563427,0.124972485,0.3371174,0.5999904,0.015077814,0.3979791,0.03795128,0.44202125,0.96369576,0.3438064,1.6793503,0.21334969,0.07023571,0.46639946,0.6089812,0.84329,0.45346215,0.059828583,0.05547468,1.184625,0.59080327,0.399927,0.58478874,0.06529007,0.21135345,0.23939063,0.036404956,1.1102248,0.09891015,0.42429712,0.21781692,0.0653948,1.5751585,0.6821613,0.032330118,0.9621667,1.0779282,1.256387,0.3289629,0.3611129,0.0,0.6896116,1.0271183,0.34183848,0.40999275,1.4992844,0.755351,0.13181342,0.49770203,0.4636107,0.1983553,1.2793087,0.8372659,1.6061419,1.102058,0.02698398,0.00022970444,1.2464207,0.5392516,0.85716015,1.1132778,0.56145805,0.849513,2.4193764,1.1093897,0.36972886,0.2876632,0.007744363,0.13772099,1.1272935,2.7153606,0.07524852,0.21155486,0.25208434,0.36515272,0.3444603,1.3162622,0.06426362,0.38418734,0.0,0.0,0.04289777,0.055379108,0.3563735,0.99333173,0.48587292,0.52810323,0.024192795,0.18182825,0.009902088,2.855511,0.45769468,0.17600495,0.6743997,0.8381358,0.51666117,0.30910975,0.19721082,1.8652377,0.033446886,0.44662818,0.1208752,0.2939801,0.8240161,0.9685036,0.41834164,2.8536139,1.5444043,1.525081,0.034122836,2.8442905,0.41003495,0.7822295,0.45251286,0.29897735,0.027603623,0.20959581,0.14112623,1.0666177,0.08703048,1.3409094,0.00078747293,0.050146133,0.17234331,0.54553455,0.12187039,0.027580075,0.124932356,0.15479067,0.5147416,0.3480876,0.6890913,0.04098511,0.015556862,0.07659861,0.2122694,0.08216071,0.35797608,0.009478454,0.30570245,0.33224377,0.5823,0.06839687,1.1866044,0.33935133,0.04672175,1.4474452,0.6904644,0.72035587,0.02624692,0.4745916,0.5096407,0.07328156,0.74943006,0.5790216,0.4737201,1.2444643,0.38011536,0.043350123,0.16276795,0.67702836,0.77291554,0.58449906,0.60847497,0.0007386511,1.2656004,0.027090255,0.24995913,0.19588026,1.8021916,2.4018922,1.0781955,0.3439489,0.0060759587,1.164741,1.033632,0.50432,0.03060353,0.044739265,1.1743187,2.915897,0.49876085,0.061610814,0.9290994,1.611932,1.612522,0.44620684,0.12817027,2.3520331,0.5573151,1.0491877,2.113121,0.009646294,1.3357719,0.3860176,0.7575334,2.0536733,0.028561704,0.13239984,0.42043272,0.091443196,1.254525,1.1031228,0.8866143,0.14628029,1.1093566,0.08561452,0.015268978,1.3596013,1.880826,0.6599321,0.05694071,0.121572025,1.550908,0.4346184,0.9480245,0.24270688,0.09666067,0.15861225,0.0,0.3848085,0.6480154,0.33411205,0.5962684,0.5608274,0.0,0.06402008,0.8551299,1.8744662,0.24319239,1.923146,1.4636507,0.00032353977,0.9400552,0.19637084,0.7501898,3.0424898,1.6581463,0.5820931,0.15689652,0.37765947,0.33281428,0.9550713,0.5106845,0.8578186,0.8492092,0.22924808,0.9683843,0.7509694,1.5069474,0.28178945,0.14674583,1.3744919,0.38332608,1.029957,0.02218099,0.33257142,0.3253946,0.14227046,0.23037556,1.2890977,0.2719648,0.20625071,0.56210417,0.9972108,0.50328207,0.00056733994,0.72937137,0.20062442,1.0883359,0.37511623,0.072133556,0.3420418,0.6185132,0.0029300794,0.10050589,0.17478643,0.2627512,0.38670775,0.9413994,1.1198769,0.1598607,0.44197607,1.4234155,2.2287169,0.38269213,4.262239,0.48233736,2.1721628,0.0,1.5225027,1.2242925,0.104254544,0.68457615,1.5845546,0.026217597,0.1264418,0.9479488,0.03456429,4.1686816,3.3128643,0.07174339,0.5890171,0.25397262,0.86568147,1.0074177,1.9971347,1.4609512,0.14698195,1.0306423,0.36689606,0.052821796,0.07171566,1.1990391,0.08685417,0.16109768,2.270057,2.1411045,1.3531348,0.0878828,0.20781054,0.10416973,0.079480775,0.95862734,0.12747261,1.3555391,0.23789959,0.7517574,0.20881516,0.8562426,0.6712825,0.24011078,0.09867679,0.0032600865,0.3687514,0.8601772,0.16076587,0.18641765,0.97002286,0.5098605,0.35470504,0.0015648187,1.3042601,0.023618922,0.043871168,0.057149466,0.8589132,2.1822398,0.3049964,2.013111,0.0,0.5496639,1.5873781,2.5092416,0.5835653,0.7642295,1.0586972,0.8207325,0.6042729,0.55036515,1.2102885,0.76806,0.05193326,1.3813196,0.15734297,0.116488285,2.301714,0.06962517,0.086440414,1.3247615,0.45853144,1.0917686,0.98379606,1.3397528,0.15719436,1.2390394,0.43374828,1.664347,1.0672426,0.6951523,1.25451,0.058861535,0.5716214,0.3700815,0.60345024,1.0749936,0.013585371,1.7548585,0.33453646,0.6405408,0.15119031,0.20021787,0.009217516,0.32404244,0.017767048,0.004910095,0.60929525,0.03127317,0.64926016,2.1567056,0.11523795,0.058758356,0.0,1.8923682,0.5985999,0.53150046,0.0,0.19056277,0.5361711,1.4128612,1.9411474,0.7255173,0.22531326,1.9964824,0.04717932,0.45817307,1.9899497,1.0721629,1.7622561,0.7870435,0.6197161,0.14392744,2.7151728,1.3020056,0.84920007,0.0,0.0,0.22668013,0.22241744,0.5598188,0.10005576,1.6993693,0.07847075,1.0395441,0.17062563,0.58726007,0.8686691,3.6792994,0.42933398,0.4765704,0.51809365,0.29447398,1.4390116,0.007995152,1.461381,0.5432113,3.0648441,0.6140228,0.5730222,1.2334554,0.4127884,0.9118824,0.20449327,0.9631517,0.7704384,0.62086827,0.37489134,0.9919647,0.029923208,0.7784986,0.022396034,0.37463745,0.4677524,0.10776714,1.1688966,0.8115141,0.1413519,4.531439,0.86553675,0.6528043,0.72503066,0.0042783273,0.90685844,0.6839095,0.7805107,0.69492704,0.40031883,1.0429926,2.9473078,0.039211646,0.043290664,0.30485472,0.6159891,0.27148426,0.08153561,0.008592606,0.4517147,0.16104414,4.700908,0.9104488,1.4531027,0.9653697,0.022325698,0.29179308,1.0934619,0.9425209,0.7778731,1.3577524,0.016252182,all_pothole_images\pothole_images_2_image_67.jpg
0.5184146,0.8622066,0.349202,1.5401846,0.75752956,0.26414767,0.083330825,0.073546946,0.75708395,0.1626069,0.22646226,0.51750904,0.23643567,1.0792792,0.13467775,0.32967365,0.4983314,0.42113665,0.57278776,0.34778035,0.31262046,0.6876869,0.5857552,1.0055695,1.4718201,1.3235865,0.2561333,2.5601492,0.040798027,0.2274217,0.8983589,0.77003455,0.89386994,0.82310635,0.4391228,0.57863325,0.112569824,1.1544744,0.90585655,0.17815572,0.02267307,0.5053856,0.42907414,0.13214897,1.6003674,1.5525012,0.11289098,0.35999313,1.1901897,0.5660683,0.90301055,1.0854844,0.55391175,0.6070232,0.78148776,0.4042746,1.3405174,0.20625266,0.61702967,0.10420727,0.0,0.12572141,0.7404626,0.32055375,0.61728066,1.5216069,0.6877602,0.0,0.8795075,0.3250164,0.9067331,0.6562716,0.93091285,0.34070292,0.24943343,0.29596674,0.2737183,0.64907247,0.04412156,0.6345741,0.004777283,0.044744655,0.57567805,0.593932,0.36051917,0.6877455,0.59316385,0.769755,1.5647436,0.26017296,0.41587988,0.24888906,0.73648643,0.46240336,0.29839227,0.009207527,1.3625327,1.2770454,0.75384825,2.1764066,0.04878466,2.248064,0.82780415,0.2762752,0.64640665,0.47744057,0.9433881,0.37320536,0.22338367,0.88847154,0.18291208,1.2396369,0.82922286,0.123154454,0.5426381,0.6859056,1.6134486,0.2847794,0.12065138,1.3716431,2.3740063,0.049004346,0.37261906,0.8250964,0.7411846,0.6543444,2.5512862,0.04463392,0.6792752,0.46451077,0.2925585,0.0033235634,0.37085688,0.28358725,0.15123437,1.3997612,1.7867036,0.5142546,0.57752633,0.91626585,0.31330705,0.21942826,0.22659291,0.6352013,1.1323096,0.66195446,0.33887964,0.63107455,1.0496669,0.38845712,0.49676114,0.8980034,0.26825857,0.1261456,0.6837057,0.27419946,1.153389,0.1578142,0.031006357,1.3843492,1.8378469,0.5760422,0.2056517,0.47937512,0.13366953,0.124134004,0.43190667,0.11138188,2.2347248,1.4665757,0.2638103,0.07946204,0.09123489,0.0,0.163663,0.7412125,0.8228379,0.005635208,0.93442774,1.1959068,0.053037554,1.0770195,1.5851313,0.41266498,2.9435074,0.037483152,0.32432714,0.4508048,0.42103884,0.91193545,1.4044665,0.24264783,0.3207703,1.1302438,0.03262067,0.014578231,0.57091683,0.10059942,1.172004,0.5251767,0.755469,0.5736936,0.046039682,2.2864082,0.24482322,2.1581903,0.52403,0.7433805,1.7030032,1.5130658,0.015371062,0.42300045,1.5042156,0.37431,0.29611447,2.2006223,1.2136867,0.15074441,0.39762422,1.2373792,0.8178003,0.19270252,1.3604147,0.61259836,0.15126748,0.5040658,1.8246909,0.6367902,1.9401145,1.4005737,0.14747198,0.45912635,0.7549745,0.4546482,0.7217868,0.034623183,2.0660493,0.8387828,0.61061233,0.7085969,0.9534096,0.010383902,0.3369756,0.78663385,0.14228141,0.03349471,1.0208726,0.88495976,1.0362182,3.2165937,1.3122946,0.021123802,0.4235544,0.36591566,0.07476427,0.24396938,1.0902104,0.8960915,0.009477937,1.8464193,0.6939168,1.1416028,0.6690882,0.27113378,0.5539495,2.264363,0.5363895,1.4045619,1.3210441,1.0204358,0.007490102,0.08329068,0.28264102,1.3700609,0.6710974,0.38317782,0.29233614,1.2290809,1.0127888,0.5995198,0.09747961,0.2931255,0.05931205,0.0,0.57511735,0.11654183,1.2177694,0.63065004,0.56028557,0.02235524,0.33529642,0.18515724,0.35026854,1.6095669,0.06792588,0.21812674,1.0644836,1.4549348,0.05773386,1.6718216,1.452174,0.13581027,0.3847672,0.5318358,3.1606295,1.6345754,0.045873243,0.40028584,0.30767727,0.87426615,0.43036765,0.90271336,3.2036672,2.9984305,1.1996844,0.83768976,0.80610794,0.7359025,2.5026336,0.41979733,0.48610577,0.21943524,0.92249286,0.32192236,1.7367857,0.9754665,0.7829683,0.21201226,0.4417895,0.45071676,3.7055619,0.0969177,0.20996106,0.77316064,0.7386397,0.34226403,1.2255626,0.37090674,0.7742658,1.5055401,0.13256554,0.42376742,3.760709,0.6447994,0.70521265,0.7318167,0.5474369,0.30234528,0.2672606,0.23248026,0.4250852,1.0986226,0.5016986,1.1184613,0.33644208,0.26336712,0.51849467,0.7945235,0.2660703,0.30548483,1.131479,0.09257571,0.31771308,0.11289671,0.081841215,0.08032608,0.6853485,0.54184645,0.28284302,0.3020949,1.3067094,0.45794672,0.5869905,0.5474131,0.4130444,0.59505135,0.46338615,0.52835494,0.2719176,0.21302383,0.39217407,0.0016566715,0.6859271,0.9131161,3.6630783,1.7869759,1.335859,0.45790544,0.2563427,0.57396615,1.5830176,0.9278965,0.39360362,0.42109478,0.22548825,0.39758626,0.69254595,0.6610886,2.0250232,0.19780916,2.0725567,1.345888,0.55093676,0.13837509,1.1110876,0.080218785,0.04050506,0.23722528,1.2002008,0.2060056,0.12843712,0.37679005,1.5262855,1.4131262,0.0069323126,0.14463061,1.5770459,0.95692223,1.5521109,0.7907914,1.4712341,0.10848387,0.84315574,0.16034183,1.771825,0.5493365,0.8505258,0.7002889,1.7686243,0.3948333,0.20975679,1.20836,0.23439302,1.3165871,1.2572659,2.103168,0.82399577,2.1990125,0.174892,1.3175336,0.83182836,0.1585539,0.46066353,0.45440397,0.8504916,0.02684688,1.1328666,1.6466024,0.07191345,2.3220403,0.38243574,0.17732881,1.3464891,0.2503632,0.7158977,1.1500974,0.16558616,0.63048697,0.36332688,0.9742696,0.93694955,0.5571867,0.24281597,1.2014086,0.21365029,0.59531236,1.3130716,0.20323062,0.24923709,0.98337835,1.047856,0.27710655,0.5084702,0.17964184,0.5761937,0.0,0.5161674,0.8611032,1.7336553,0.33492464,0.60690236,1.7401543,0.80816305,1.3503283,0.52359414,0.028517123,0.8265934,0.14036229,1.4504298,0.4831866,0.6087045,1.3161705,0.14930075,0.34411138,0.38585117,0.27978262,0.12625615,0.040072843,0.4602073,0.33217433,0.019116424,5.4769635,0.35428268,0.6083696,0.9045047,1.8021613,0.7259738,0.5205131,0.04266135,1.0282152,0.79983205,0.8420326,all_pothole_images\pothole_images_2_image_68.jpg
0.62914586,2.39529,0.57997894,2.9909992,1.8801678,0.19759092,0.48123515,0.16608544,0.18482043,0.51869446,1.2107021,0.29861957,0.0540463,2.1859674,0.51617,0.6692979,0.8186823,0.44204235,1.5507904,0.7194572,1.0885055,0.26565024,1.1044443,1.1020612,1.0950142,0.07347657,1.4348507,1.5742819,0.7198174,0.37181067,1.1891536,0.053891648,1.5669686,0.9163007,1.6532546,1.220558,0.3336187,0.7297514,0.052335642,2.0712993,0.16694711,0.3836802,1.2299327,0.7721939,0.13800508,0.7688066,0.3592851,0.32039982,0.050052952,0.040232323,0.3791419,1.1422001,0.88686556,0.5069555,0.35204506,0.5008649,0.8929468,0.0126561485,1.5458705,0.07957146,0.66423655,0.63737345,0.15930799,0.7406001,1.9081637,0.705604,0.66445595,0.21938185,1.4993798,0.68284106,1.6737998,0.027534246,1.7479192,0.42987943,0.12698041,1.2185916,0.29617316,1.3365793,0.040175293,0.15926607,0.04281659,0.915876,0.1108882,0.20581809,1.4704378,0.6808726,0.66144794,0.17469499,2.7040682,0.4081641,0.2958061,0.58963585,0.5956962,0.768967,0.31473228,0.6556694,2.952112,1.5796596,0.70230925,1.0193232,0.0017180833,2.4335978,1.059195,1.2809303,0.5293752,0.16902164,1.1340429,1.2771132,0.46016192,0.24618411,0.518851,0.74988616,1.0412837,0.37785152,0.8863884,0.06918466,1.0602982,0.20837207,0.16454385,1.4498518,0.23396234,0.12213057,0.2621138,1.9842098,0.93726933,0.65642077,0.6108771,0.6088968,0.74142593,0.7582838,0.8697314,0.0650968,0.5071258,0.70094794,0.40735057,2.519416,0.3257352,1.6710479,0.38873324,0.027589902,0.30306965,0.7975343,0.45181158,1.4983561,1.5249758,1.8450595,0.5780659,1.0399593,0.075459495,1.0487436,1.859464,0.45164356,0.26292166,0.6155831,1.3805367,0.55645096,1.3575172,0.0,1.2887443,1.7355846,1.6431748,3.7928565,0.31339544,2.1415565,0.67494965,0.17820275,1.313269,0.3229422,0.47342828,1.8043262,2.572142,0.0351903,1.4140142,0.4571377,1.1019325,0.55105376,1.3361206,0.15476677,0.59533036,0.008909447,1.2592971,0.76312053,0.23266406,3.395651,1.9864244,0.9406732,0.33704376,0.03342429,1.2307062,0.6624619,0.39371872,0.78540105,0.407236,1.6571697,1.0822656,0.8258654,0.8674558,0.06443043,0.437446,2.0647793,1.058505,1.6919394,0.23139025,0.4085718,0.16472663,0.41123384,0.96815133,0.26606265,0.9931914,0.096289866,0.0052138395,0.31266662,1.5677543,1.1962306,2.1347585,1.0289779,1.9819134,0.05946587,2.0192976,0.32199132,0.7951027,0.30455422,0.10518033,0.19832352,0.018771907,1.4169805,0.33890006,2.8621109,0.5797471,1.4151509,0.2375495,0.5220157,1.085925,1.021487,0.3965796,0.819687,1.2469428,0.3252324,1.2212967,0.16765468,0.8582878,0.1165074,0.49808657,0.3113466,0.8153745,0.0,0.35775158,0.122630835,1.0103761,2.301446,0.42674077,0.1341128,0.032743882,0.6786653,0.023121675,0.21849708,0.5399557,0.37484008,0.32984388,3.474653,0.47614652,0.3266402,1.7898874,0.048027817,0.5535695,0.33458975,2.2221496,0.63463074,1.1210626,0.1265932,0.5115334,0.39422926,0.4579814,1.2289338,0.037597742,1.2096246,3.3935292,0.60715556,0.5032358,1.9542747,0.01466674,0.3672276,0.7498752,0.86142665,1.7932584,1.0160687,0.10525603,0.31854934,0.27247775,0.0,0.600651,0.69624263,0.29787827,0.48117325,0.6410481,0.40549994,0.6265204,0.004421512,0.5648103,2.4953356,0.6261117,0.3933758,0.013277941,0.5685478,0.29995105,0.55166405,0.032433946,0.7429839,0.6299297,1.0466843,1.0859201,0.529869,2.4119864,1.6464647,0.19846994,0.7912514,0.31170428,1.1318307,0.7059192,0.49504408,1.4689975,0.2834653,0.9034587,0.20202059,1.8398428,1.236001,0.09606848,0.8653234,1.1123471,0.5180728,1.2111155,0.5871973,0.8230722,0.43025875,0.18948086,0.5718503,1.8323792,0.89930147,0.75344056,0.31158552,1.6991471,0.6059579,0.72703624,1.3840415,0.8265362,0.21636191,0.19130045,0.6939613,0.39400887,0.3995,0.35569102,1.3716737,0.476935,0.02767373,0.20189337,0.5616098,1.2062306,0.81519455,1.3066146,0.840588,1.5168933,0.09475435,1.0893229,1.503909,0.08467125,0.21641509,0.49982643,0.67173815,0.13245915,1.2409369,1.6528516,0.9477693,0.16851714,1.1371882,0.20121582,0.114313826,0.43378645,0.9436514,0.3488303,1.4671088,1.6047344,0.22560392,2.28155,1.0434358,1.1329468,3.3362978,1.6034685,0.978595,0.7427298,2.9654696,2.1847792,1.0064275,0.022197684,0.08436395,0.46002254,0.12861833,2.4050057,0.27655804,0.43479702,0.0147669725,0.06249609,0.90302444,0.08963877,0.6771366,0.4553981,0.016504038,0.8118238,0.7153165,0.73809123,0.009851994,1.6337967,0.4536609,1.1070848,0.50351655,0.0061544282,1.3055198,3.256805,0.3425479,1.158637,0.07271681,0.8783274,1.2337763,3.9453974,1.5587353,2.3142061,0.115190804,3.0487552,0.81000394,2.9479809,0.53856903,0.047619347,0.25262412,1.0169293,1.8590013,0.83382744,4.4906063,0.751428,0.34182152,0.31958112,0.23926342,0.88354164,1.0417204,0.30562782,0.5700849,0.0,0.012891552,3.101773,0.46437606,1.861849,2.429766,2.6322358,0.25101656,0.45676294,0.28130904,0.6048811,0.7728874,0.7846087,0.6179626,0.07853143,0.3936056,1.5244014,0.653447,0.42260596,0.091552906,1.2711372,1.6645762,0.016128952,0.040407673,1.5858892,1.3601089,0.89001393,0.0073714238,0.10793575,0.66342354,0.58099675,0.50166535,1.0070057,0.41067892,0.57186913,2.1142216,2.6321318,1.7203176,0.115850426,0.5764473,0.04093089,0.1322831,0.5988831,0.72329617,0.62219924,0.6702426,0.6797463,2.1781843,1.0216128,0.20625535,0.6191373,0.17802303,0.074800745,0.07655773,0.4531437,0.018216839,0.91799146,3.474764,0.26466736,1.637379,1.4009575,0.9313124,1.9411888,0.8709982,0.06306034,1.9828179,0.93662786,0.7516241,all_pothole_images\pothole_images_2_image_69.jpg
1.48564,0.7463509,0.050935447,2.5766864,0.13659666,0.8844875,0.64910954,0.10954351,0.0420835,1.98648,0.39024764,0.18006378,0.037951745,1.8016063,0.6920474,0.26719594,0.1282038,1.4074014,2.2501523,0.84281594,1.1785405,0.7040226,1.5030762,0.7102244,0.76456565,0.47673243,1.878464,1.6018857,1.046437,0.6363791,0.26308364,0.0045693535,0.17626469,0.9261073,0.10933091,1.8096076,1.0474031,1.1271448,1.4618568,0.08546198,0.116012365,0.9075186,0.102772124,1.6366386,0.16406246,1.50173,0.008446988,0.10509835,0.7749931,0.18295239,0.44357428,1.6497803,0.6290198,0.0,0.35091394,1.6279844,1.2318475,1.2293082,0.8304996,0.5149598,0.7929471,2.6058776,0.51139283,0.18170573,1.6968023,1.1955296,0.42055246,0.30912304,0.21523593,0.04949259,0.8737494,0.07668353,0.3049097,0.7128149,0.77472407,1.0029744,0.5652693,1.066493,0.49969646,0.01606274,0.08024126,0.5117202,1.27183,1.204258,0.410228,0.069428585,0.24816516,0.0062746117,1.2150952,0.24421333,0.8270699,0.9020398,0.06322228,0.16625667,0.67176944,0.08388311,1.8593755,1.6522989,0.60868156,0.7106379,0.09236324,2.2221432,0.05108626,1.0671651,2.6876557,0.8053467,0.5360809,0.89208484,0.47094017,0.48326492,0.00011990508,1.6698956,1.3471231,0.97116274,0.32803726,0.42329842,0.083158985,0.10473116,0.5497532,0.21293083,1.3548176,0.5798571,0.0713366,0.6787212,1.6977892,0.15279573,0.20522842,0.13406685,1.0582956,0.7104442,0.3841183,0.011605923,0.20852312,0.80259657,0.33087525,0.24528086,0.11483521,2.2101657,1.543629,0.11233318,0.2384275,1.1256894,0.8913793,0.30678636,0.43055218,0.365187,0.8779325,1.2501347,0.109534785,0.23565471,0.6464079,0.21938612,0.056001812,0.83310306,2.6509197,1.2747865,0.8413366,0.32418853,2.0943103,0.402333,1.8335439,1.8306254,0.47149575,0.9539449,3.0083704,0.43081588,1.2102538,0.021228755,1.2853507,1.3742396,1.0191154,0.4790201,0.5670149,0.2887621,0.34838918,0.3033455,0.13369635,0.009927928,0.30989626,0.0907062,0.25165066,0.55820954,1.7171031,3.2764223,1.6162684,1.3680756,1.4270772,0.08699535,0.07291342,0.4185565,0.30451068,0.06519357,0.13412826,1.6229366,0.24893637,0.4070375,1.0552943,0.78595746,1.258278,1.8384254,1.3762982,1.7553848,0.43744916,0.24632424,0.005605667,0.29955927,1.0699174,0.13164075,1.033189,2.6988223,0.136522,1.3256396,1.4192075,0.23841317,1.4319872,1.6183085,0.87733006,0.07140046,0.5072779,0.0484582,1.4621583,0.19339997,1.0571843,0.21746929,0.25213873,0.017943705,2.3404312,0.70863885,0.5317108,0.40336946,1.5873904,1.1429794,0.13185905,1.3869328,0.01051952,0.1285281,0.55644053,0.5214081,0.61824507,1.4893236,0.11680085,0.35189354,0.27971947,0.21267891,0.92535275,0.07440005,0.2589756,0.23419395,2.8660972,5.1333222,1.4161851,1.3581032,0.01919999,0.46623096,0.5769519,0.18132126,0.91491824,2.2698755,0.27543455,3.666578,0.3679578,0.73874265,0.74226,1.4385172,0.23002176,0.45205122,1.5295718,0.8515269,1.043399,0.0,0.7087152,0.017253334,0.9940847,0.41036084,0.41271454,0.3077221,0.21821257,0.42948398,0.73332375,0.9679887,0.016861342,0.11002904,0.5152812,0.71123356,0.13831535,1.2278488,0.9125667,0.28962943,0.886937,0.08823167,0.4136633,1.157983,0.0020125587,1.4615529,0.93662006,0.97950804,1.1610891,0.117404185,0.6309706,3.3121839,0.19612063,1.6650985,0.12666263,0.07272183,0.9469475,0.16275892,0.098560296,0.18302764,0.22078346,0.21968168,1.6518979,0.70486015,1.3254086,1.3384911,0.00086646155,1.5315976,0.6792899,1.7657156,2.684435,0.5670406,0.8215187,0.41263774,1.5102966,0.46262628,0.39493886,0.66085005,0.31730393,0.06479319,2.1713738,0.53498536,0.532058,0.51146823,0.69883895,0.97198397,0.07137001,0.054386586,3.3915694,1.2860365,0.13126251,0.47997367,1.0812024,0.9752055,0.5705001,1.7135992,2.3906107,0.70264,0.029501002,1.3102815,0.0069419276,0.8873867,0.8841952,0.13577761,0.09654949,0.7825166,0.09850083,0.28872654,0.03783444,0.6250001,0.9068442,0.4111795,0.6625804,1.6380554,0.76921844,1.2860825,0.014351032,0.061159283,1.2843755,0.2244562,0.24490233,1.2277162,1.0880936,1.2120785,0.09638813,0.28122157,0.77952754,0.028786916,0.062061854,0.018498909,1.5642084,0.37816137,1.9095602,0.22937155,0.5970951,1.2894464,0.55884033,1.191063,1.077612,0.50312656,0.44456506,1.6591737,0.58412534,1.5574753,0.46403342,0.94342285,0.0049777026,0.029024549,2.580255,0.7895064,0.57864755,0.06270108,0.43377456,2.4569046,0.31505474,0.5862994,0.7752909,0.13023297,1.8426749,1.3423988,0.37403706,0.16887477,0.90762174,1.5099676,0.38840497,0.8397654,0.0198801,1.1938299,0.9359454,1.0319318,1.433951,0.2549419,2.0178452,0.8613605,0.75381047,2.5219173,3.0574453,0.701028,1.0280412,0.42567512,0.9170962,1.303422,0.44938776,0.35367972,0.76725435,0.64632404,0.09275539,2.3238034,0.7429911,0.4920247,0.6127397,0.0033820732,1.4861661,1.0340555,0.82831675,0.04803008,0.18520693,0.006434516,0.09298519,1.3012981,0.50903195,1.1415708,2.690622,0.38296688,0.8272953,0.28996944,0.27659586,1.3902653,0.27978387,0.005223219,0.25550053,0.73359084,0.5198732,0.021360062,1.6408271,0.524861,1.0978658,0.13624828,0.10370335,0.4501272,0.7653915,1.7725481,2.048181,0.3308193,0.033681702,0.17871058,1.3882198,0.9028435,1.5076597,1.1736429,0.11961379,0.52077746,2.1686285,0.72891265,1.743132,1.2071477,0.02841351,0.17944993,0.5378196,0.010307633,0.9509246,0.16750807,0.14465523,2.1490579,0.1828753,0.7714547,0.02661123,0.33098644,0.6076398,0.09107189,0.5829018,0.16336226,0.69272923,1.7201341,1.0191442,1.3562577,1.2477719,1.151295,0.85158753,1.6815753,0.009669715,1.1094879,0.22627068,0.5816234,all_pothole_images\pothole_images_2_image_7.jpg
0.87564456,0.48543587,0.56560063,1.4312859,0.09530436,0.13003613,0.28940746,0.0,0.22745949,1.2312366,0.22988938,0.55618066,0.27354258,1.1844283,0.043338448,0.42871708,0.18994218,0.57331747,0.15108033,0.0,1.2765845,0.65413076,0.6659258,1.7535152,1.5761688,1.1076225,0.44878846,1.8952339,0.1849909,0.3388165,0.3348974,0.03211746,0.9140964,0.9244777,0.36123502,0.7422809,0.046834912,1.6248196,0.23732719,0.06758171,0.0,0.5903671,0.5540813,0.7562753,0.28555417,0.03164216,0.17280194,0.1019523,0.6354589,1.1597335,0.1949594,0.04626346,0.25013834,0.07800704,0.54350924,1.5859807,2.5308344,0.03142814,0.63181716,0.044056192,0.01594797,0.51064134,0.44180745,1.3163005,0.62789124,1.3414131,0.24932165,0.021839662,0.0442334,0.123293735,0.9350458,0.03286786,0.49154255,0.4547952,0.30917108,0.0022913911,0.040124424,0.0033484746,0.0011855883,0.19242008,0.043232217,0.012016159,0.76423097,0.83555025,0.5096244,0.014631702,0.12745267,0.6986005,1.871622,0.21200043,1.0344818,0.22765093,0.23749316,0.13524348,0.14650007,0.59762406,0.50674313,1.4153801,0.4710189,0.39122012,0.07527448,3.7660027,0.26268342,0.37584227,1.3051271,0.45392996,0.50219494,0.5070728,0.15708652,0.99543977,0.2905199,0.13874145,0.074529745,1.4264395,0.6082331,0.5792368,0.37567216,0.13129796,3.900561,0.70793164,1.8458563,0.696591,0.060465034,0.9122956,0.7008225,0.06861164,0.40787685,0.47113892,0.3821787,0.27619928,0.5356674,0.060769577,0.044228658,0.064264126,0.05962067,0.03427906,0.17881002,0.10819508,0.10477117,0.0088381665,0.48613706,0.011064046,0.6617572,0.8857567,0.040445946,0.73453397,0.21121985,0.20116507,0.36590007,0.31571624,0.13787797,0.11874066,0.117561296,0.24006236,2.3806176,1.143683,1.3843507,0.5114144,1.9063671,1.1379083,3.1775537,1.2025073,0.008524616,0.22928008,0.6291987,0.06392482,0.421482,0.08378522,1.2377288,0.7893761,0.0,0.20040871,0.04102648,0.036088187,0.15757789,0.53885496,1.0313829,0.054360244,0.22886524,0.008401131,0.055841703,1.583208,0.71997285,0.8843542,0.9260908,1.2458289,0.025108816,0.2564023,0.6475253,0.40032223,0.08490936,0.062385764,0.7404125,2.4817872,0.140303,0.40954965,0.6534645,0.5947006,0.6786205,0.37572137,0.06393467,0.83514994,0.0032768939,0.22704478,0.47686836,0.4836984,0.7857502,0.22083041,1.080483,1.0311375,0.09371349,0.04341415,0.35213742,0.2810316,0.45529225,1.1398998,0.6696313,0.0070860586,0.22838315,0.0,1.1495332,0.11620414,0.93908674,0.22522622,0.005831059,0.0114052985,1.8120959,0.26084897,0.5630269,1.2268165,0.42433357,0.026783127,0.4191654,0.66145885,0.057498693,0.1128542,1.438739,0.31885052,0.077460736,0.09178103,0.3441284,0.0022553117,0.024447735,0.35314918,0.14127146,0.0,1.679951,0.28952676,0.2123948,3.1876168,3.7181714,0.05103696,0.0,0.12442373,0.31880736,0.718265,0.22158976,0.11095957,0.43005925,2.5125544,0.78744084,0.17234172,0.25777045,0.36294204,0.2891214,0.28033084,0.03885657,0.47132888,0.5906341,0.27766225,0.0049801585,0.06050498,0.83763635,0.08444338,0.0702521,0.36315855,0.73095024,0.05722005,0.42331147,0.20429626,0.0046706614,0.44399026,0.3039327,0.42653126,0.13322301,0.3562756,1.026149,0.07340606,0.28359264,0.007896671,0.1194106,0.26655865,0.23151821,2.5087059,0.05618249,0.41455185,0.6707354,0.28270712,0.08048771,2.2580855,0.45621553,0.46444225,0.15491913,0.17706133,2.6688776,0.04916247,0.05299581,0.11694903,0.0034232612,0.019710336,0.69833297,1.8056998,1.1491139,2.4078903,0.48519698,0.25855523,0.28143466,0.7685327,4.100951,0.4274862,0.36645934,0.0,0.5102435,0.295999,0.17900485,0.37709552,0.6224592,0.026884224,0.3278315,0.0015686073,0.25831038,0.05924626,0.0,0.039922435,0.082566515,0.011762031,2.2861536,0.7623339,0.49421427,0.18842529,0.8317287,0.22973092,3.0256011,0.31029004,0.8048857,0.010728824,0.028657923,0.19602159,0.44685528,0.031992473,0.15863153,0.76036257,0.06478012,0.20114914,0.5928701,0.26202035,0.12865336,1.002294,0.3774674,0.62397265,0.9988042,0.34674162,0.5709542,0.49382478,0.24759565,0.20704806,0.29804775,0.20671591,0.5864007,0.22269492,0.36144173,0.21592237,0.5266015,0.15428415,0.6375067,1.0521871,0.3250991,0.09267258,0.012272971,1.7063477,0.70272976,0.0,1.3341066e-05,0.7929957,2.827893,0.38792405,0.98273903,0.05599664,0.0002671156,0.70738244,0.42683908,0.1732045,0.19848824,0.65896666,0.0008760123,0.5732574,0.5580899,0.5590386,0.35885173,0.77494216,0.08424194,1.5366092,0.64955693,0.47311282,0.49701086,0.18216008,0.16184941,1.0708592,0.889409,0.8196918,0.07366637,0.4568707,0.18701394,0.6032935,0.10661548,1.366319,0.8774545,0.83800435,1.1700164,0.066038705,1.0636736,1.2414069,0.08888114,2.0777965,2.2012472,0.04258046,2.052926,0.50020593,0.19687659,0.302212,0.3290448,0.44792297,0.06636803,0.6565392,0.18749066,0.93122166,0.14508463,1.5260398,0.13021685,0.14053886,0.9832227,0.057276316,0.15653269,0.4026926,0.30170885,0.004945232,0.36140773,0.36114705,1.1683028,1.6356194,1.9743625,0.68632966,0.12583347,0.24654002,0.17172992,0.15012021,0.66815245,0.0001713517,0.33800676,1.4106873,1.6349235,1.0534064,1.2879363,0.24675658,0.34785828,0.15449771,0.011170018,0.016953332,0.07773345,0.016104976,0.112097174,0.6099352,0.1276801,0.40387127,1.3663869,0.018178586,0.4846568,0.81439257,0.06653825,0.008051045,0.52155864,0.93840104,0.48742345,0.34827912,0.18785821,0.094852686,1.3139144,0.10617645,1.1494608,0.0,0.007857086,0.34627774,0.041308373,0.14569326,0.11358668,0.00799245,0.02286095,0.054688126,0.05906255,0.2771221,0.041343644,3.872695,0.24419193,0.26495284,0.09579211,1.2612427,0.16671632,0.56379443,0.46322867,0.7601072,0.28905785,0.10621419,all_pothole_images\pothole_images_2_image_70.jpg
1.9082832,0.7913442,1.1786089,0.9089564,0.8686568,0.6040212,0.094574645,0.013721797,1.2288095,0.9927427,0.21172403,0.7042171,0.8543254,1.0855265,0.303951,1.0188879,0.40148786,0.3058787,1.3004299,0.117433175,0.9278305,2.1971166,0.13781862,0.7850415,1.044688,0.28473568,0.60874784,1.6167786,0.47643292,0.29205996,0.7013651,0.16198134,0.7821809,0.13089058,1.3345451,1.8522074,0.5225256,3.5937064,0.6992265,0.6430837,0.41820693,0.11651254,0.34929904,4.170822,0.012880411,0.28097433,0.06827007,0.29158527,1.041356,2.2156122,0.17507811,0.8617183,1.7693894,0.64109933,1.0547609,1.4965565,3.6783497,0.552294,0.45985267,0.040186778,0.5487018,0.29176176,0.60243964,0.3738625,0.09188726,1.5985407,1.1973312,0.030796498,2.0203109,0.9747959,0.34974363,0.068092816,0.14446592,1.0405535,0.28749603,0.8599029,0.36302698,0.1930241,0.12547833,1.5674765,0.08992346,0.02372296,1.6817541,2.7358,0.5593862,0.79791874,0.2849472,0.9411995,1.829593,0.67126673,1.3054554,0.17304976,0.14711039,0.79523015,0.14131942,1.5863938,0.9475597,2.2936406,0.5401026,0.25925863,0.36939684,0.5743155,0.99613637,0.09360681,0.025902933,0.5190625,0.062454198,0.26550755,0.022596097,0.9590513,0.00872253,4.708266,0.33967233,0.35874903,1.1409162,0.8744902,3.8614588,0.97309405,3.5154972,2.6552048,3.8763177,0.08434706,0.39437193,2.2996175,0.96756184,0.7327974,0.9675538,1.839904,0.45731327,0.49515978,0.05689752,0.00072300516,0.7288105,0.24578941,0.42509097,1.045746,0.3816526,1.352861,0.6150346,0.09474976,0.07209723,0.109249674,0.49993756,0.15421912,0.03600026,0.5345807,0.47030646,0.11723946,0.053530455,0.29657012,1.2566525,0.23318769,0.0318588,0.44865024,1.6587418,1.5935259,0.4762101,1.2004954,1.1771868,0.14495842,1.4285855,0.49880525,0.061809834,1.0729555,0.0,0.630871,0.035858072,0.05238021,0.1851242,1.1834255,0.41118,0.8296959,0.17759687,0.2502327,2.2517266,0.1331887,1.0402632,0.26048675,0.28751102,0.61209357,0.18134066,1.3019445,1.6675092,3.3471978,1.742156,1.5646628,1.7082634,0.32506007,3.2253535,1.6453751,0.5028193,0.3443296,0.21854007,1.891385,0.63573694,0.64278424,0.28223494,0.7374067,0.32009226,0.44460842,0.092105746,1.084569,1.697308,1.2183511,1.9367423,0.59798545,1.2152776,0.9421511,0.20880745,0.29297408,0.06860361,0.3995123,1.1503474,0.62906945,0.8795133,0.7450328,0.21575554,0.95802534,1.9500033,0.00298888,0.55453366,1.9421885,1.1234252,0.5902648,0.148281,0.49727955,2.6493776,3.8352542,0.9331464,1.7100565,0.049900975,0.82989055,0.7227626,2.0786448,0.12082183,0.5881523,1.5261042,0.254913,0.07170208,0.37237135,0.13844438,0.10226979,0.07414922,0.76747954,0.60332775,0.2457029,0.5298195,0.25737894,1.4215674,2.9373782,2.638211,0.9241644,0.4756381,0.8251817,0.8852641,0.026850391,1.110724,0.34962684,0.9933132,1.2608383,0.07045769,0.09514716,0.03238136,2.443057,2.3353179,1.2236218,0.060028814,0.37033057,0.10768314,0.92852765,0.059428245,1.1679306,0.17016712,0.4353263,1.3255223,1.8630316,0.52524793,0.010060427,0.21327044,1.1968675,0.4539419,0.2022617,0.2985226,0.06832515,1.9847857,0.39855528,2.4507074,0.40899113,0.037645854,0.49153155,0.834446,0.18246925,0.66266197,1.8299332,0.73003316,0.5352919,0.18444458,1.2541771,0.59142286,0.5881261,0.34628665,1.1941792,0.03537337,0.46756294,5.1167817,1.4512366,0.011100496,0.65252656,0.016277947,0.32179597,0.7107522,0.26253024,2.5596795,0.7036491,0.010422041,1.1078668,0.8348239,0.34355658,2.0079753,0.029585429,0.09111796,0.37174988,1.0870422,0.011292156,0.61664087,0.9424337,1.5873756,0.17069429,0.36798137,0.18120743,0.83601815,1.5777735,0.2726086,0.0,0.14033635,1.5567268,1.9514635,0.3347986,0.21384433,0.10745008,0.47395527,1.786882,3.857722,0.3046639,1.1626272,0.11762308,0.0,0.07858567,0.14983526,1.7552155,0.13418044,0.4117173,0.1429698,0.6162888,0.33456132,0.66355306,0.6563686,1.318303,2.3809142,3.0934565,0.10978699,0.44059294,0.09542864,0.75771517,0.22494942,0.7865596,1.2809979,0.018117268,0.004728111,1.0096905,3.5605905,0.26656365,0.20210795,0.17733245,1.1941637,0.12971304,0.1875692,0.31038702,0.6981153,1.3642672,0.40815803,0.14690655,0.9400528,0.99507827,5.7747455,2.8993957,2.0313098,0.38651255,0.57553214,1.2465996,1.7684301,0.6400829,0.22143397,0.119050644,0.606912,0.07873084,2.7286246,0.39441,0.09532396,0.7429367,6.534908,0.5851054,0.54054284,0.19125785,0.5284332,0.017799063,0.343242,1.3957856,0.06309251,0.0,1.8920387,0.28425878,1.0439078,1.2623888,0.037127107,0.039406203,0.25693366,0.20587781,0.28698727,0.099623844,2.3222141,0.16934383,0.1974193,0.9824449,0.6845246,0.4403687,0.24272907,1.0755396,0.0,1.6814064,0.04679159,0.657012,0.80653745,1.4597162,0.25605044,5.7303166,0.17489663,0.5290156,0.5101697,1.1327972,0.37217197,0.91326636,0.59947366,2.1812403,0.84795237,0.63420725,1.794977,0.45496896,0.48564076,0.0613309,1.7752931,1.825612,0.07483147,0.31493032,1.2919179,3.4305654,0.5549853,0.80097914,1.2428361,1.4557548,0.9948779,0.410251,1.9661843,0.23160388,0.25488895,1.1373115,0.06998743,0.0065264455,0.13898005,0.33503908,0.2526762,0.48700258,0.0,0.66640407,1.0632788,0.58307123,0.2737803,1.4129274,0.3629278,0.037571862,0.18748729,5.765914,0.570469,0.18913017,0.05736097,1.4123746,0.24602415,0.21367057,1.3606206,0.052862536,0.5516615,0.10581274,0.12903622,0.7632646,0.17815025,0.12641025,0.012964285,0.1936909,1.29789,0.4881291,0.10167221,6.8860273,0.82091475,0.97376454,1.9602354,1.2429417,0.14196783,0.119180985,0.79042155,0.10405662,0.43642467,0.45588192,all_pothole_images\pothole_images_2_image_71.jpg
0.93184674,1.2299708,0.015330706,0.7686895,1.3013133,0.429759,0.85214764,0.35456917,0.045072578,0.7399552,0.2108091,0.3915522,0.17127983,1.4463297,0.88347375,0.61905843,0.23980011,0.73665875,1.2164228,0.11391069,0.75578594,2.3918366,1.9763241,2.426223,1.2649887,0.22718209,0.12851167,1.861464,0.0,1.3629823,0.327617,0.017325792,0.1422498,1.9677796,1.0313518,1.0927882,0.2970681,0.36515123,0.27444038,1.6847322,1.2479172,0.42629483,0.12185521,0.08600439,1.9614186,1.252741,0.49183217,0.014549278,2.0266168,0.31275156,1.5119036,0.89961964,2.4496748,0.6192045,0.6220335,1.3882555,1.3524883,0.2613023,0.6348147,2.0614548,0.103630796,0.20256335,1.5943451,0.88521606,2.54013,2.6921701,0.6774612,0.47197926,4.8541784,0.271055,1.545687,0.8101565,0.9557869,0.27632114,0.31730348,1.0463982,0.32331166,0.005797498,0.56311035,1.5875788,0.050070114,1.9868848,1.2943382,1.722456,0.4260678,0.9562124,0.4130136,0.69451624,1.696517,0.19850565,0.05657888,1.7263684,0.70812035,2.6896896,0.0815033,1.640854,1.2910801,1.3079915,0.08341653,0.071167946,1.7418985,1.0582906,2.3002849,0.13022384,1.0072801,0.9875027,1.7820379,0.8767866,0.13267545,0.45565173,1.3791037,2.7272058,2.042608,2.121281,0.5919577,0.98375714,0.65470284,0.98536557,1.703061,1.1902481,1.7760779,2.1259968,0.90504366,1.1976979,1.7057132,1.1836582,0.14870453,1.2512562,0.07351051,1.1983203,1.3952948,0.10931668,1.7468909,1.3464785,0.80461043,0.6510893,0.25044128,0.10291921,0.6480029,0.079143785,0.40022022,1.6203066,0.035379097,2.2175314,0.8477532,1.0609635,0.552863,0.7627107,2.4444823,0.19197664,0.24731033,0.8574816,1.3284655,0.19045132,2.2640772,0.43390062,1.5616685,2.458913,0.5662769,0.6520806,2.7274761,0.35145023,0.10535346,2.77624,0.9757496,1.0792041,2.162894,0.10034006,2.5093358,1.4727998,0.9778776,0.70258623,0.12602197,0.27092895,0.9778433,0.7494612,0.1904981,0.9582736,0.90431446,0.78990155,0.04731946,1.3963819,0.39141348,0.23472096,1.6738073,0.7666674,0.66426784,0.1268079,0.6514792,1.0449556,1.6098417,0.39023823,0.5014869,1.642234,0.033570345,1.4050573,0.5947726,0.32082704,0.040180165,3.4873836,0.93521243,1.0492057,1.61958,2.031115,0.8002445,0.17796287,0.59603345,0.39457545,2.089934,1.6485484,1.1738613,0.25707895,0.15758309,1.5883597,0.6771936,0.7928838,1.4627255,0.15533032,0.21143283,0.85428274,0.26150987,1.7664436,1.1242255,0.6408628,0.5154058,0.69333196,2.9718132,0.33682612,0.7365064,0.1990915,0.21661836,0.08676144,1.7499672,0.017755618,2.0097034,0.29447407,0.12513568,0.6873667,0.14014629,1.6371086,1.6960771,0.8333899,0.11602441,0.15801677,0.43920138,0.0098272385,0.8263891,0.33068126,0.38035518,3.4348552,3.4105468,0.99889946,2.2227879,0.11809442,0.32331157,1.1151891,0.430159,1.8781567,0.49005702,1.6876824,0.7211483,1.0890044,0.5394159,1.2450495,0.27894947,0.71216965,0.3914934,0.29063517,0.5004521,0.057598785,1.2161815,0.7734694,0.66096306,0.62123555,0.49146175,1.8380485,1.9517065,0.8325245,0.06442961,0.8741705,0.17229445,1.2285209,0.83757687,0.26844802,1.9595213,1.0439409,1.5604897,0.3997667,0.83463365,0.42528713,0.21897933,0.7195249,0.11675714,2.9591959,0.16962668,0.077982314,0.8870693,2.0401542,1.7384288,1.8288739,0.27534497,0.38277653,0.08247687,0.43554285,2.1878853,2.0514164,0.38925794,1.0494635,0.10369752,1.1744971,0.8359048,0.47402215,3.278337,1.8662605,0.5145243,1.1686971,0.9960018,0.13366352,1.705923,0.6193214,1.2149688,0.14105506,0.5657376,0.49221623,0.621645,0.7465884,0.10558596,1.2890035,0.38443136,1.1295289,2.0766509,0.69112676,0.9491664,0.024570314,0.1497893,0.6708178,0.3304835,0.10741498,1.0391439,0.2579377,0.90863675,1.9344454,1.7914727,0.5059944,0.053631436,0.98754424,1.946745,0.56604207,0.21788956,0.031225232,0.06848574,0.8711487,0.48732117,1.0248463,1.867279,0.33402634,0.2565525,3.6230767,1.719151,0.4945762,0.5299282,0.8808322,2.3457565,0.285493,0.23219015,0.10759135,2.4983974,1.3252468,0.49114078,1.4815973,2.948399,1.0365752,0.6271656,0.6846093,0.15507913,1.219174,0.41528282,0.17113857,0.4280678,0.94436705,0.7971437,0.3422956,1.1689194,0.8026235,1.810142,1.2410096,2.2351377,1.0454024,1.7480731,0.43594298,0.02466518,1.9351501,0.2569988,1.2225465,0.4545246,0.21198381,0.72166693,1.8192894,0.38514614,0.90854824,3.7064397,1.9183754,0.164942,0.3663138,0.030333187,0.5989821,1.9027308,2.304871,0.9659208,0.56094867,0.8364953,0.28123644,0.35763308,0.43845972,0.4000538,0.18376152,0.526371,0.6392894,1.143099,0.68817556,0.8868292,1.7234513,2.8649538,1.209667,1.8876344,0.0683073,0.5365235,1.7741839,1.2593386,0.5658598,1.9133253,1.4206553,0.446047,0.7324684,1.5055053,0.96130013,0.5766166,0.20795016,0.32918513,1.9486717,1.2552744,0.37947914,0.39601383,0.99451095,0.8397175,0.2735785,2.9081452,0.3023824,0.44913903,2.8602421,0.8380105,1.0386772,0.76633054,0.17900957,2.240988,1.015698,0.79039747,0.4207713,0.8996655,0.34487393,1.1672959,1.0566458,3.382471,0.46762264,0.445729,0.3369852,1.5209345,0.25181273,0.42003155,0.29947436,0.4376507,1.3492854,0.14524224,0.7921155,2.4999063,1.6266466,1.7934349,0.12615763,0.011625389,0.021386325,0.513731,1.9864595,1.4994777,0.7663859,0.21359159,0.6448024,0.35654187,0.590552,0.9871132,0.120668635,1.8547101,1.7715538,0.6225055,0.35115618,0.28382304,0.8662471,0.45005253,0.119275525,0.94436187,1.1037236,0.65891886,3.0466027,0.18443294,1.0524696,0.31517726,0.087791316,0.092550926,1.0259528,0.485619,1.5325903,0.6945058,0.16795802,all_pothole_images\pothole_images_2_image_72.jpg
0.683564,1.3039639,0.4268916,1.4887619,1.4772768,0.26281703,0.115890585,0.17881495,0.12456202,0.7694093,0.007198996,0.18259522,0.35528126,1.6888522,0.34348336,0.89720356,0.0,0.18918706,0.270818,0.36912957,0.8061178,1.3099174,1.3404495,2.213769,1.7020006,0.93078285,0.23426253,1.733366,0.81326926,0.39091593,1.1328013,0.5562998,1.3724439,1.157205,0.9680212,0.09646079,1.2398444,1.2026539,0.26484343,0.23735008,0.6576107,0.38515937,0.18775846,1.5126928,0.5951993,0.39971352,0.06283062,0.0,0.29089266,0.3170272,1.0218687,0.1535274,1.1562285,0.48304826,0.035811115,0.6319444,3.1171646,0.01225801,0.5353577,0.10321093,0.5933722,0.44310626,1.7957735,0.6728075,0.41823965,0.7465361,0.30472443,0.0028276108,0.20642282,0.3484395,0.54913545,0.3899862,0.2979353,0.61722076,0.63391477,2.1257627,0.19075054,0.7467102,0.011923374,0.10306553,0.12602949,1.1042768,0.026188178,0.9451476,0.48313987,1.1902876,0.067424595,0.064095914,3.6461089,0.13859606,0.2574274,0.3609824,0.08549932,0.6778718,0.4282463,0.045385383,0.54752755,0.37709633,0.03801583,1.7423962,0.054612275,1.8394768,0.03939519,0.055762265,0.70731485,0.3671172,0.04501334,0.5566612,0.07849968,0.8718311,0.45958772,1.1341562,1.702389,0.35210195,0.75776404,1.2588485,2.1151452,1.2128781,1.7816346,1.1822028,2.7378004,0.70665944,1.0119629,1.2229238,0.73608285,0.68659264,0.10135524,2.0567832,1.9306778,0.5981576,1.4868276,0.0004893197,0.5441982,0.29494235,0.091277234,1.6384491,0.64654213,0.8697348,1.6155925,0.41710326,0.39353308,1.5077878,0.06553607,1.3490949,0.57940334,0.78727555,0.23721123,1.2876747,1.1591136,0.8153743,0.559478,0.6467777,0.2980026,0.28437278,1.0509076,1.0213785,0.8903437,1.1840364,0.45085308,0.54213,3.7183776,0.676209,0.14193663,1.8523505,0.090006225,0.85480356,0.16480023,0.8973282,2.285966,0.36505982,0.22111548,0.32640353,0.00268598,0.93588805,0.6154338,0.05102319,1.9241422,0.13407959,0.08748126,0.010408494,0.07299615,1.8850368,2.211976,1.63293,2.4777775,0.511669,0.45575908,0.44148853,0.14535612,0.41817772,0.5151502,1.22299,0.034701873,4.0950575,0.013017468,1.5991578,1.482457,0.6401187,0.7594559,1.1548626,0.54278105,1.2241129,1.0685364,1.1962065,1.0760478,0.4732497,0.52505714,0.16365968,0.78699887,0.1615309,0.6931715,0.1560955,0.31755948,1.0916506,1.7808429,1.2743968,0.5817389,0.3179107,2.5003207,0.11770728,0.7143112,0.022978388,0.11862558,0.3367799,0.09104116,0.34777367,1.5919847,0.9378828,1.2924957,0.028173426,0.060294904,0.41149247,1.360908,0.09546598,1.5586686,0.25054526,2.7700648,0.3379497,0.049039274,0.25953224,0.616678,0.0154035855,1.5213537,0.7479829,0.099675,0.0016132735,0.84493315,0.7205972,0.52155554,4.0809,1.0240691,0.015032169,0.9730467,0.23643836,0.116274744,0.3689535,0.5836053,0.12631528,1.4941752,2.4658313,0.08438934,1.1716764,0.9049719,0.9217817,0.6831594,1.2990404,0.190172,0.15080084,1.2943625,1.1338445,0.25638056,0.046656113,0.5626684,0.045365542,0.5206862,1.001136,1.7821997,1.4945961,1.527567,1.5837454,0.036077514,0.1576712,0.48702192,1.0796133,0.757795,0.5416985,0.44794992,1.9403982,2.0266218,0.11257842,1.1905397,0.5457828,0.13091636,1.0788183,0.040641412,0.18028478,0.1250711,0.388087,0.25468698,0.45695114,0.41249517,0.49017885,0.28475899,0.017414698,6.939177,0.16149297,0.92872834,0.51563334,0.59507793,0.0969867,0.5619432,2.1836298,3.4737406,2.0882335,0.0030160034,0.49094406,0.005020824,0.5782624,1.645285,0.5580246,0.22518782,0.48829553,0.05464986,0.7625133,0.7741797,0.29733866,1.6224973,0.7694255,0.030896848,1.0937815,3.113716,0.106175594,0.19610818,0.575297,0.6122549,0.48274323,1.4979953,0.8704753,0.064195506,0.1377029,0.39408484,1.1080954,2.7237847,0.11570792,0.53467584,0.0,0.46505678,0.29966474,1.1647989,0.6821529,0.101798035,1.0898813,0.26796556,0.14321333,0.19749217,0.1860445,0.12119708,2.075659,0.19223878,0.66818744,0.010324021,0.24200907,0.6592673,0.98700184,0.008172209,0.7404798,0.92697656,2.385887,0.007712606,0.99234295,1.8323768,0.58813375,0.24659713,0.15752041,1.352171,0.4450835,0.034283254,0.32160002,0.9108231,1.0713942,0.21352047,0.061249673,0.20092438,0.9042713,4.8375998,2.1025956,1.1836513,0.1871471,0.023605624,1.0187318,0.6279878,1.9211998,0.46228543,0.16885681,0.19120127,0.049857058,0.80748236,0.8018973,0.8164012,0.2650986,2.4257002,1.1873674,0.801617,1.1115384,0.026635261,0.696682,0.71995014,0.10549769,0.4858897,0.0717888,0.26079512,0.20103197,0.3190495,0.060169403,0.053666726,0.7687244,0.47847658,1.0660766,0.16891068,0.20327654,1.045449,1.1967409,0.63687634,1.9203173,1.5874509,2.1670175,1.1703242,1.7399333,0.684743,1.5161872,0.4959693,0.41779682,0.0781421,0.23858048,0.23586693,4.573697,1.5279253,0.99669117,0.06542904,0.96320343,1.0380459,0.88882965,0.36830893,0.66850317,0.12820713,1.3331665,1.1545513,1.1025203,0.7811965,0.20108464,0.53824675,0.58179194,0.51212627,0.431936,0.81972235,0.42950383,1.1263686,0.6277983,0.47227913,1.3735377,1.380751,0.118038625,1.2471949,0.071608506,0.4889408,0.18655048,0.48706642,0.21050537,2.5709136,1.8698263,0.44596028,0.49877912,0.5301038,0.8096864,0.6705785,0.12077501,0.7618025,1.4266863,1.1101171,0.0,0.4167374,3.9082267,0.8533808,0.7995468,0.0,1.0115312,1.1397262,0.5579829,0.84363997,0.090699814,0.03144226,1.6678339,0.0,0.32345098,0.10900203,0.010750915,0.36309788,0.009249328,0.26474023,0.2037011,0.90710336,4.592581,1.8216344,1.033733,0.6970831,0.43465185,0.31444386,0.9301132,0.1926786,1.2077591,0.8223626,0.24598135,all_pothole_images\pothole_images_2_image_73.jpg
0.05243474,0.865726,0.0014490095,3.3885694,0.6044573,0.04171485,0.84104854,0.04157067,0.14423722,0.39461777,1.2750171,0.50507885,0.058986314,2.689024,0.018345118,0.2528785,0.07447811,2.2051232,1.3600675,0.26759812,0.10722619,0.4972195,0.04544702,0.10442292,0.2088978,0.5286448,0.08385315,1.1568886,0.0024238,0.0,0.014718975,0.21315646,0.0,0.008728806,0.08242604,0.5415626,1.1630433,0.33844355,1.4748751,0.1505948,0.0017398489,0.43020052,0.37111822,0.488749,0.9757396,0.018111233,0.25214434,0.1650446,0.97299504,0.4699395,0.45648056,0.052090947,0.5299962,0.0,0.32699525,2.0244567,1.0536529,0.8370468,0.26348004,0.72441596,0.35328636,0.39134312,0.46058565,0.50477755,0.7388639,2.0869627,1.7477189,0.529992,2.7300744,0.6577522,0.43182465,0.4944588,0.040227193,0.0,0.11238527,0.0018656345,0.73366416,0.012590885,0.0,0.0,0.0,0.8660054,1.285685,0.8523761,0.3154826,0.0,0.942989,0.0,0.5450145,0.12782665,0.33843097,1.6207337,0.5894953,0.3209553,0.20725511,0.0,0.6248231,2.0780241,0.31890386,0.35340932,0.6931105,0.77517915,1.0589404,0.4432218,1.2600312,0.2972629,0.3474743,0.0,0.3830596,0.33503023,0.48993263,0.3547412,0.21129838,0.417029,1.1702025,0.069265045,0.0019141212,0.06260631,2.0915735,0.10178986,0.32599118,0.04346556,0.020153666,0.04827835,1.0962946,0.7251448,0.029372463,0.22371899,0.602001,0.47518644,0.23060364,0.27666935,0.685773,0.10405725,0.28076598,0.029980797,0.0077679167,0.017780447,0.10123521,0.07128885,0.15950339,0.20644261,0.06456041,0.3162501,0.006560304,1.1336293,0.08575542,0.05139098,0.0809497,0.07515826,0.0,1.482362,0.0071401563,0.05510613,1.0514729,0.4879991,0.18621568,0.022900304,0.67101526,0.25427693,0.42783985,1.9301234,0.2655059,0.46374893,1.5282857,0.025038324,1.2321352,0.055667926,0.13481078,3.1630743,0.419568,0.036323886,0.07592961,0.23646852,0.05743699,0.059558067,0.13001761,0.0,0.74360967,0.024831211,0.027557163,1.9011669,0.20750283,0.48003072,0.49191374,1.2312157,1.442735,0.08909159,0.6025241,1.0949649,0.2519399,0.04163286,0.18562044,0.09906293,0.30598348,0.2474793,0.7153695,0.23962893,0.75035363,0.36089924,0.044364095,0.4841722,0.08063037,0.017368585,0.39036936,0.025065064,0.35860193,0.000927704,0.80374396,0.6987458,0.08737449,0.0023864715,1.2413574,0.2251041,1.8095862,0.8156803,0.588687,0.022639094,0.44753322,0.3897796,1.3056691,1.224499,0.79285663,0.38519618,0.0,0.0,0.91772723,0.07981728,1.7011688,0.196086,0.19671685,0.3255127,1.6087581,0.15048479,0.15974686,0.1268443,1.6635433,0.22537413,0.4638256,0.2614072,0.07227878,0.10905463,0.06450359,0.0807657,0.14526539,0.0016006554,0.6472617,0.5936727,0.40832022,7.7029076,1.1259968,0.04052461,0.3319607,0.10957725,0.034594182,1.4342476,0.3356008,1.3628709,0.12717888,2.6208663,0.31916654,0.0,0.5143354,0.37677258,0.31292856,0.10684755,1.849752,0.030595608,2.7389927,0.0,1.05673,0.08117478,0.8999626,0.0008863054,0.23650923,1.273926,0.10177165,0.53085756,0.056516577,0.25667253,0.8473945,0.22399633,0.7336088,0.005006543,0.02125056,0.010598528,0.36159438,0.007218862,0.86583257,0.5066431,0.009396273,0.09959712,0.0008463832,1.201482,0.44781953,0.91459864,0.00095629384,1.782742,0.1637961,4.024583,1.0910316,0.048857942,0.05209999,0.0,5.9883943,0.013905435,0.119713664,0.00374258,0.24001436,0.38833088,0.41679916,0.33845925,0.61494637,0.35917458,1.2174811,0.6285628,0.09790554,1.4693666,5.722073,0.51500696,0.041252587,0.0,0.1280906,0.30331928,0.86372185,0.3262208,0.14647388,0.0011875851,0.62152785,0.019687386,0.48131055,0.0528685,1.2028712,0.048866477,0.066568434,0.0042531216,4.047857,1.2765069,0.6567918,0.37840325,0.43400288,0.0,1.1241176,2.3443027,1.0379735,1.1773498,0.12337696,0.55957204,0.07848261,0.6006814,0.032468796,0.0378143,0.0052948482,0.5675565,0.032440074,0.2126222,0.06365243,3.575266,1.022011,0.95416933,0.16314973,1.6413455,0.87516034,0.0,0.010823298,0.0,1.6316401,0.0030264312,0.01693737,0.41687757,1.7752976,0.024537804,0.02392561,0.41313148,0.007846293,0.3172061,0.088700585,0.11833281,1.2010447,0.051645774,1.7861243,0.0,0.6742493,0.9936237,0.7745318,0.005684917,0.69718534,0.020813158,0.32081562,1.1346328,0.15333658,0.0010822616,0.52306706,0.7317096,0.176242,0.0059542586,0.78135055,0.26930824,0.7446323,0.18791713,0.40405098,1.0812384,0.2453892,0.5423682,0.5950532,0.65883964,0.67672205,0.73032975,0.31434008,0.053736627,0.124347664,0.78304213,0.0,0.09684766,0.010644973,0.84946316,0.16850576,0.14660105,0.7522253,0.20233773,0.54670006,0.34957784,0.025238542,1.14445,0.29709625,0.12434252,0.15416114,0.0,0.0,0.20505765,0.348102,0.021892153,0.66157794,0.13174783,0.26350918,0.25193787,0.36314672,0.034343995,0.2596335,0.018241841,0.4628945,0.30187917,0.0,0.04088677,0.73896074,0.172364,0.34280628,0.036884364,0.78252923,1.2830652,3.9450572,0.571707,1.7543757,0.05538752,0.1983996,1.4879191,0.039745282,0.019480642,0.0,0.65970284,2.3252223,0.0,1.5916039,0.008688871,0.8078942,0.0030639356,0.52707267,0.008105792,0.17146105,0.8396874,1.0218424,2.0918272,0.0035033682,0.12118433,1.4136548,0.25126022,0.67089534,1.0367854,0.581189,0.3160092,0.32748005,0.22680216,0.9152573,0.022175083,0.72995836,0.058784112,0.5398827,0.109847575,1.5103217,0.020966018,2.6607761,1.1083555,0.47103453,0.06518294,0.0,0.066017725,0.062472157,0.1367395,0.6565552,0.018036531,0.25905937,3.1578655,0.1046496,0.38293093,0.5290888,1.0510823,1.5136095,0.3638261,0.17556423,0.8538623,0.030397179,0.07733958,all_pothole_images\pothole_images_2_image_74.jpg
0.0017746638,0.483125,0.025185939,0.9060633,0.38985717,0.018036611,0.64933777,0.017074587,0.68871206,1.408687,0.5548636,0.646947,0.031348106,1.9215153,0.3372399,0.03125638,0.35571584,0.40014878,3.515844,0.50549567,1.3618643,3.157908,0.13380623,0.40620142,1.2649928,1.1139531,1.3122764,3.5708363,0.40449524,0.97624344,0.5576401,0.005790597,1.7425568,0.087635934,0.6587841,2.1845083,0.20200247,1.1769327,0.84662277,0.4162596,0.058631048,0.0,0.05604073,3.3187845,0.63825685,0.20576048,0.3274145,0.9367536,1.33396,1.3140867,0.3648527,0.6622986,0.7979418,0.017100394,0.16826613,1.3688745,2.2003973,0.34501302,0.12905465,0.71331227,0.7433099,0.27600098,0.6229787,0.116453975,1.6020352,2.2470868,0.4145773,0.20771523,0.010322491,0.5667037,0.031183418,0.69132495,0.30494416,0.40465653,0.6959428,1.1237869,0.103739135,1.5933799,1.2247326,0.59416026,0.9891165,0.033091642,0.9506333,2.0636513,0.08031092,0.08399725,0.5380309,0.0037196449,1.4235713,0.07080489,0.4764571,0.8381671,0.24371497,0.18159652,0.003407265,0.13179861,0.18664722,0.35562506,1.090782,0.37825105,0.9959295,4.601201,0.0,0.04989011,1.7723597,0.01164913,0.25454774,0.1579415,0.8732799,0.59585327,0.10856162,1.1098119,1.4118913,0.033223763,1.284356,0.9662662,1.9107575,0.8330159,1.4488189,0.15165558,2.9430392,0.25377136,0.25249758,0.6353576,1.1947727,0.73747134,0.04249315,0.3229623,2.6801202,1.9372727,0.24604346,0.02845207,0.009634035,0.22350314,0.3172968,0.017168008,0.51725024,1.0549936,1.4683691,0.85005313,0.38469028,0.258856,2.1494138,0.52539253,0.47018093,0.80278176,1.6483108,0.38158098,2.1571465,0.035883833,0.68886286,0.43146265,0.2086182,0.10667124,1.840655,0.9885142,1.061724,0.70535874,0.07765889,0.9451504,0.90365225,0.95946306,1.4028219,1.230564,0.00606889,0.16325672,1.5694381,0.6052013,2.3173864,1.3731575,0.09703821,0.310354,0.2510352,2.2657735,0.2784369,0.1648082,0.6377427,0.042389438,0.43710512,0.27632526,0.24222694,3.059679,4.429304,0.5801365,2.0468876,1.0447254,0.5995784,0.8640069,0.03209419,1.0831355,0.16334917,0.6855688,0.016419342,1.7912656,0.03708534,0.30737585,0.38373303,0.034730118,0.47243994,0.35812682,0.15901086,0.7739877,2.140368,1.2900157,0.428994,0.09503747,0.267593,0.53650236,0.41619223,0.024159905,0.39501214,0.6370039,0.7881785,0.88059604,0.98062134,2.2307453,1.3363903,0.0536157,0.81644654,1.0075299,1.2169961,0.0890089,2.340195,0.8405508,0.043323472,0.20639369,0.8223868,0.8360421,0.46515778,1.3371633,0.44094226,0.07894018,0.46903634,0.4824482,1.323173,0.164832,2.2991962,0.05807211,0.0798967,0.34995192,0.23184048,0.48345488,0.5104497,0.7817503,1.3696839,0.31452653,1.541498,0.05526834,0.68604237,4.810961,4.0113106,0.21792336,0.2057616,0.26217166,0.035935353,1.7677974,0.4797923,0.007550598,0.67678785,1.492952,0.089390196,0.4520436,0.11836351,0.058077626,0.5300108,1.5596081,0.2769276,0.5598101,2.6449597,0.30021054,0.31010944,0.008360523,1.6045021,0.07881806,0.9197362,0.15807706,0.048046257,0.58366585,0.62054175,0.1565496,2.7396824,0.28844824,0.3310138,1.4230598,0.35403478,3.9624035,1.1626338,0.36335582,3.0269632,0.24749237,0.05064498,0.42418188,0.21885027,1.673317,0.26996547,0.24883609,0.10319736,0.28073928,0.8400885,2.0934756,1.336724,2.913082,0.40868416,0.16140941,7.598954,0.08571736,0.4260959,0.32597917,0.0,0.72736406,0.763465,1.8375679,1.2501444,1.8279359,0.026670257,1.3909576,0.026334813,2.449401,0.7607758,1.09011,0.0,0.12531008,0.74238575,3.875775,0.8211019,0.46112892,0.90829825,0.0070164204,1.1819837,0.39831015,2.1406958,0.4463308,0.5134951,0.049927108,0.1807658,0.1046713,0.38476908,0.45780173,0.13723259,0.31368202,1.1211369,1.0748444,1.3317046,0.45214286,1.6886648,0.12080037,0.0833294,0.39250487,2.0969353,0.13695009,0.5786374,0.030504746,1.2333802,0.72694063,0.092577815,0.054966863,0.2790251,1.4402797,3.4092002,0.41330782,0.0,0.040485438,0.92627805,0.97232646,0.04628443,0.19271077,2.266542,0.9245528,0.16260833,0.18610637,1.2905988,0.0,0.79943496,0.13315791,0.31208786,0.045011394,0.30680686,0.0,0.60533684,0.43473846,0.107302666,0.40592045,0.95161885,0.15895358,3.3529842,0.5091799,0.4515934,0.08048865,0.0046945717,1.8403566,1.452292,1.5260708,0.81058276,0.50356483,0.118512385,0.009853035,2.1330326,0.43550777,0.016783897,0.6902787,1.3991693,1.0217302,1.0397909,1.3178777,0.41986784,0.28401744,0.081032194,1.7780203,0.9250735,0.6352367,0.375265,1.3369423,0.005075745,0.38542137,0.21552311,0.9898088,1.1786257,0.42505485,0.054154664,0.0,3.68105,0.47681078,1.4179494,2.3848102,3.2743342,0.20497052,1.9862322,1.2410638,0.20791668,0.06419335,0.7062749,0.32244733,0.30029806,1.1391789,2.5053961,4.255677,0.7395253,0.38772622,0.42368346,0.76319224,0.59588015,0.31363875,0.24924974,0.1968443,1.1086367,0.11043627,0.44805145,1.3254608,0.07396002,1.2527249,0.8019109,0.21123849,0.21018186,0.27607208,0.74017346,1.4500656,0.79943365,0.84427977,0.5892662,1.714643,2.1542356,0.6599623,1.3433769,0.025602253,0.91924816,0.049559947,0.10967496,0.31858483,1.0113692,0.72242707,0.22621533,0.24376379,0.4140536,0.04188039,0.5956734,0.29675815,0.33020806,0.45396784,0.53972346,0.0056754,0.032233544,1.9915575,0.58605504,0.28671518,0.11698239,0.047637843,1.0599183,0.15870231,0.088489026,0.07267705,0.88754714,1.5945674,0.43756655,0.059692048,0.12125251,0.12527747,0.060698103,0.85004413,0.8303871,2.4227939,0.024565693,3.2792072,0.87050307,1.443516,0.15251713,1.746582,0.2795376,0.0,0.83172745,0.29100874,0.56980515,0.32641014,all_pothole_images\pothole_images_2_image_75.jpg
2.3308263,1.8796061,1.966927,0.89023465,1.860458,2.6107106,0.78718054,0.9232285,0.41064212,0.16471532,0.7345958,0.30854893,0.26881585,1.5583603,0.6779226,0.6692817,0.44200912,1.8618189,0.3559427,1.1020454,0.7650581,2.8725467,0.64453095,0.34431714,1.5473324,0.24692667,1.0624928,1.6304563,0.11079284,1.7139584,0.44352385,0.6667769,1.4208119,0.3759364,0.34389743,0.2608317,0.5659768,0.28259432,1.6097502,0.62674046,1.0465621,2.7160857,1.0115409,0.64125246,1.4918289,0.21556473,0.17708284,0.014087265,2.287219,0.18812141,0.83336127,0.023989249,2.0630295,0.15412228,0.2673462,0.51922363,1.2579479,0.17100015,0.15614678,1.1331067,0.5079872,0.5525429,2.8636749,0.46166724,0.7364306,0.28003985,0.22452138,0.18055622,0.5169381,0.721322,0.0,0.38044673,0.11196042,0.6960035,0.15627947,1.1250036,0.5504099,0.26066148,0.69591534,0.57762104,1.0004761,0.41549662,0.09751131,0.6722989,0.04750459,0.39099392,1.0617068,0.34048358,2.312773,0.97185904,0.906676,0.86098635,0.5666705,0.8123022,0.39116368,0.21860856,0.25742593,0.47955143,0.15428886,1.9233115,0.21951525,0.42568362,0.4845046,0.34610194,0.03498814,0.7384463,0.41676763,0.83577627,0.46863967,0.8629756,1.5640686,0.9618268,0.726047,0.09312706,0.03953227,2.104044,3.123212,0.4951255,0.5803271,0.32882142,0.8065466,0.22211695,3.442082,0.6304743,0.15407522,0.104335755,0.0,1.009493,2.8405328,0.7854282,0.67324597,0.59174573,1.5696738,1.3286875,0.39779004,1.0276191,1.1467887,0.12879479,3.42405,0.29994178,2.229931,1.5247426,0.36692223,4.457028,0.71575814,1.0593332,1.8568859,0.13210717,1.8131274,2.153569,0.4163373,0.47286293,0.009253206,0.39849982,1.6380335,1.5847495,0.3684456,0.5089356,0.31305104,0.45293674,0.09614629,0.32084382,0.066047676,2.5980318,0.55749077,0.28826752,1.1597048,2.6248124,1.0224237,0.1273429,0.5478173,0.28594565,1.0917351,0.76068366,0.64098436,0.10595275,5.708922,0.815264,0.38385326,0.8112987,0.575416,0.32514223,2.0242696,0.24025717,2.3804643,0.5532634,2.3985994,0.16354278,0.086122036,0.046283197,2.5626376,1.8051804,0.28830644,0.8331179,1.0870789,0.19390179,0.44823804,0.72015834,0.34000385,0.94756365,0.047231402,0.87378377,1.9345746,1.3103482,0.6479287,4.143616,0.10203096,1.4499874,1.3509651,0.40495402,0.1310434,0.3203643,1.4663574,2.4555686,1.4514767,0.8910197,0.24877618,0.08147641,1.6659681,1.0543174,0.8305667,0.9212936,0.75125134,1.6627795,0.11729118,0.39366165,0.46278042,0.19104391,1.179999,0.8076574,1.5457857,1.6286306,0.3168334,0.36510813,0.7652097,1.1963041,2.0111167,0.60990065,1.0758456,0.10550309,2.0987191,0.009641109,0.6122201,0.4633944,0.17730579,0.11465352,1.32549,1.5006225,0.25248724,0.1789703,1.308351,0.018860184,0.26585284,1.2319208,0.007910378,0.27945057,1.2626945,1.2932277,2.9424999,0.6228124,1.061819,3.3650525,0.60720146,0.5525122,0.049676374,1.2958643,0.011204294,0.43027955,1.3150212,4.158625,0.72816825,0.1666759,0.5257708,0.13109913,0.5151115,0.9521242,0.5616088,1.0039034,3.4346914,0.18208213,0.20699063,0.62897503,0.8450719,1.0277485,0.7028967,0.27472207,0.31233445,1.7262278,2.7728403,1.128611,0.29654264,0.9245429,1.5393537,0.13847874,0.18104574,0.812631,0.6255086,0.46087164,0.28731528,0.21252574,0.4577196,0.2755622,0.15384911,1.444677,2.8872998,0.30526012,0.8913898,1.7471039,2.5389597,0.14034145,0.12459908,0.38570246,3.2381983,1.3657695,0.52454174,0.14778301,0.29431838,0.6757442,0.94563246,1.2039471,0.025666283,1.6229117,0.7155905,1.5269159,1.6185606,0.7364549,2.8486392,1.774954,1.0147239,1.1815523,4.789593,0.4246788,0.12090858,2.8346305,0.7898533,0.6729674,1.2316225,0.53018445,0.50516796,0.043369673,0.083308294,0.59581935,1.3737335,0.1990255,0.7442717,0.029211277,0.26479045,0.4335809,2.768379,1.7276797,0.28088287,0.79642653,0.37147054,0.5405046,0.6545093,0.33983502,2.8031168,0.54795206,0.094591685,0.6077967,0.9783536,0.093006045,0.2165284,0.55016655,0.13908269,0.8856813,1.2714138,1.6092377,0.04650515,0.38554308,1.059183,0.4978897,0.21685863,0.8636965,0.22974347,0.44190928,0.16378736,2.0566447,0.8739101,0.19660766,0.09152194,0.23684867,0.29940858,1.459068,3.07952,0.19657879,2.9604108,0.78707105,0.22294764,1.7934943,1.4338161,0.29881883,0.7417201,0.07986014,0.6408896,0.5614198,0.17449923,2.683602,0.04879926,0.20239185,2.147599,0.7510234,0.7286707,2.2201772,0.21317376,0.12496058,1.2153338,0.4122142,1.9418199,1.0236341,0.06889098,1.5055112,0.7260292,1.2940333,1.2291292,0.22041991,0.40783262,1.4998878,0.25545904,1.2150471,0.61490846,0.1406736,1.047232,0.5616657,0.7085188,1.0513257,0.014370212,7.1471753,1.0127743,1.1591371,0.5617563,1.7473102,0.59060377,0.22612944,0.19681759,0.6976474,1.1301961,1.8658749,0.09272379,0.66795915,0.30739582,0.9786362,0.040445354,0.48203564,0.29289752,0.9290718,2.2286959,0.3198332,0.17645909,0.44741887,1.2982705,0.38488317,0.6150533,0.28097534,0.2246519,0.0037543436,2.21918,0.079822496,0.43948302,0.36149907,2.040311,2.4178045,0.4745351,0.49142927,0.8758224,0.932924,0.0903505,0.48815987,0.17963207,0.19773784,1.0708307,1.6228274,1.7591466,0.77811897,0.046329163,0.010378989,0.6457421,1.0081904,0.6643959,0.61994934,0.16808937,3.0672286,0.12036317,0.27048856,0.017074326,0.07902102,1.0304602,0.086849086,0.029959131,1.1548103,0.52551764,0.28875345,0.26484534,1.4380879,0.6427341,0.19174649,0.40799013,0.58121663,0.51546603,0.46790576,0.59540254,0.5627152,0.19054832,1.229796,0.26176643,0.19405557,0.3007966,0.48201814,0.5646273,1.190557,0.51899844,0.10429577,all_pothole_images\pothole_images_2_image_76.jpg
1.9710383,0.20362371,0.2207348,2.0955384,0.99891114,0.15257557,2.0685463,0.038713876,0.66945255,1.0928475,0.20612915,0.776217,0.38758814,1.8148607,0.11145326,0.34268215,0.010301917,1.2504212,0.059956793,1.1758957,1.2433041,0.6034148,2.667638,2.0842676,0.46633533,0.72495764,1.197498,1.8582779,0.32172608,0.72504914,0.1757096,0.6644686,0.46048167,1.4041504,0.22787571,1.0671605,0.030959433,0.84122247,0.5883814,0.022344254,0.0070626745,1.2531024,0.49824843,0.30043715,0.037271395,1.6685319,1.8073049,0.07720535,0.23392999,0.70011306,2.7680047,0.4326547,1.909158,0.059759974,0.5058498,0.77130336,1.8396105,0.6934733,0.40739587,0.19635846,0.4315612,0.6683446,0.2910936,0.6732137,2.300284,1.3779964,0.96041757,2.0253055,0.05159649,0.76343155,0.39091748,0.45499104,1.2404498,0.8520575,0.61766446,0.22284642,0.14786783,0.3796657,0.15342985,0.00066628587,0.062110826,0.104623206,0.7970187,1.292865,1.0038776,0.49952385,0.50797397,0.5876579,0.18337752,0.019867534,0.9294007,1.0385624,0.049591225,0.16576292,0.335123,0.6142441,0.43332022,1.437432,0.33236897,0.0015917019,0.08241161,2.8011873,0.18340959,0.23513013,0.65826476,0.3971141,0.09665678,1.188621,0.241775,0.79884416,0.7733822,0.12461291,0.5447386,1.5263221,0.4255927,0.33538336,0.30911192,0.3264903,1.5259293,0.7472764,1.7222834,0.6977891,1.3764341,0.8150875,0.8656065,0.4507393,1.2941182,1.4336692,0.47972846,0.16932933,0.5362394,0.2368091,1.3191986,0.15728003,0.6113429,0.08237798,0.16500644,0.7230236,0.38667095,0.21917102,1.4692271,0.78130776,1.8071753,1.1857243,0.24917813,0.95893127,0.22399269,0.4457761,0.042736385,0.019440426,1.684417,1.3118938,0.03311467,0.0723759,1.7974032,1.7641532,1.5893028,0.5962281,2.6262643,0.4662822,1.9421954,0.41323423,0.363073,0.45363367,1.4986633,0.26172814,0.42869484,0.24644192,1.1320758,1.7632899,0.7521772,0.07294035,0.019246843,0.28835425,0.44396225,1.93995,0.39924636,0.004276984,1.0971091,0.06644819,0.011034552,1.209409,0.18935318,1.2411349,2.0915067,0.28254977,0.76112163,0.16850612,0.536594,0.9912917,0.61881965,0.08897514,0.7632406,1.2359275,0.04116079,1.3557475,2.0291917,0.4984653,0.47804788,1.3582072,0.8483491,2.1344426,0.89963096,0.2912255,0.2653006,0.4326869,1.2390194,0.63508993,2.350786,1.497482,0.096173614,0.07425092,0.36893797,1.06805,1.4108999,0.6671264,1.7411113,0.26877812,1.557813,0.0943265,1.0961822,0.010157829,1.0855163,0.3237865,0.0,0.19614363,1.2002795,0.5621041,2.0922844,0.0,0.21669014,0.053889867,0.7114602,0.55757636,0.57743454,0.0005839571,0.32923684,0.2511294,0.13401599,1.28623,0.5561823,0.011497962,0.21717635,0.8078824,0.04503079,0.08710862,0.8330693,0.08270405,1.6354512,4.9924955,0.8381007,0.8137574,0.035528254,0.3583663,0.026255395,0.3578917,0.30394852,0.05127929,0.7554304,2.9812255,0.5565824,0.82373613,0.21944971,0.38833204,0.050726596,0.072211355,0.52633286,0.727163,1.0180604,0.22883126,0.5894109,0.16231385,0.25783795,0.2697992,0.025323609,0.888627,1.1340196,0.466463,1.0788122,0.6652278,0.7687215,0.68474764,0.7807494,0.8351772,0.0067612533,0.8637948,0.82590824,0.08550712,0.7707475,0.018586397,0.13790864,0.056256197,0.118142806,1.3561351,0.14966707,1.0597404,1.107796,0.0,0.38440222,2.5981367,0.73338836,0.26863575,0.8568411,0.35960826,2.0496895,0.13542093,0.3781133,0.0,0.63126016,1.3747624,0.90860677,0.89375675,1.0052035,1.9414861,1.1464981,0.005157243,0.03294574,1.2998936,3.5039794,0.3777456,1.0371107,0.0,0.6317297,1.9557974,0.9892077,1.5234075,0.5965017,0.078831196,1.6433693,0.031385463,0.22529115,0.00598617,0.4965761,0.28225306,0.03419304,0.29264072,1.7634009,0.15080066,1.2704993,0.65804607,1.053801,0.13474654,1.9177442,0.44815674,0.646309,1.1339371,0.38069585,0.07741594,0.090239175,0.20797819,0.5166964,0.85471165,0.15488827,0.76991284,0.52914727,1.3960774,0.33293983,2.447452,0.79798406,1.8947597,1.4797821,0.9799988,0.31401488,1.5327618,0.0052775154,0.46668985,1.1809118,0.068621635,1.066053,0.90207267,2.0645442,1.1307459,0.8815227,0.40577012,1.28129,0.84646666,0.6667285,0.27346775,0.9348364,1.4840227,0.6101552,0.17581108,0.08390662,0.82697725,1.7001355,1.8536716,2.4042308,0.008848548,0.0,0.9596515,0.0,0.7112596,0.4690939,0.83112264,0.0,0.4333297,0.2755643,0.5510775,0.98993325,0.49322173,0.03488162,2.3373652,0.825046,1.1243944,0.1799845,0.45890123,3.3996022,0.3741314,0.46687624,0.4197256,0.9586256,0.110671364,1.3182724,0.61649895,0.16159002,0.25901696,0.3325948,1.1365694,1.1712602,0.14659311,0.92503744,1.6876872,0.16428086,1.5675273,2.267819,0.5869881,2.1064057,1.2218264,0.9187398,1.6921993,0.052739657,1.1345655,0.55967903,0.67786175,0.48340535,0.6725352,0.108174294,0.7800007,0.0037322743,0.018725634,1.1653261,0.17238702,0.0,0.40246013,0.78401667,0.025642723,0.65426165,0.6553757,1.5591141,1.4420004,1.6862104,0.78963095,0.61647505,0.24954392,0.49796793,0.34610772,0.06124492,0.0002150443,0.48492527,0.89717644,4.9354243,0.9946594,2.4271722,0.6386199,1.6690396,0.048079308,0.0,0.0,1.0745305,2.0305924,0.82624054,0.09120497,0.04364821,1.8829778,1.3724902,0.6976337,0.108929,1.039983,0.0,0.014534197,1.1964235,1.4226191,1.7427722,0.8591496,0.59448874,0.17751296,0.5919249,0.036975145,0.64736605,0.0012412093,0.11019774,0.49161568,0.0,0.55377954,0.07101551,0.059824627,0.020231627,0.68109393,0.5310216,0.5353246,0.75151294,3.9047244,0.06474863,0.56307954,0.010574073,1.5910629,1.1009271,0.76468974,0.199781,1.6808523,0.3596736,0.022564124,all_pothole_images\pothole_images_2_image_77.jpg
0.114173844,1.9654522,0.25299332,2.217623,0.7867874,0.2781388,0.6758769,0.5724516,0.113528855,0.18039043,0.38470295,1.1449227,0.5275104,3.6390376,0.01778349,0.15571252,0.9019389,0.16080083,2.352711,0.32275677,1.3754829,1.931,0.47828186,1.3153994,1.0274528,0.49194464,0.14503387,0.5869406,0.6456735,0.11247732,1.7671728,0.83154327,1.0844172,0.08539621,1.2045659,0.76524913,0.94866323,1.5599576,0.31390926,0.61524224,0.35743603,0.011417629,0.48405245,1.2191288,1.0567307,0.42471555,0.12417806,0.042958595,0.29424196,0.50939876,0.680463,0.09974571,0.72026294,0.5655754,0.20640653,1.2134885,0.2995653,0.08903401,2.609341,0.17341202,0.92368704,0.70387936,0.23271435,0.32249972,0.63163084,0.77199274,0.42670408,0.3996866,0.36431852,0.03329295,0.61133915,0.7535016,0.49898955,0.30849838,1.2574999,0.8383251,0.19299768,1.1359828,0.29360068,0.031786136,0.266145,0.49631158,0.12214856,1.0699295,0.5167036,0.4096383,0.23627436,0.068507604,4.1129847,0.0,0.1402557,0.052988898,0.27851167,0.72915804,0.08836756,0.0794319,1.7583628,0.4990165,0.7189411,0.8216243,0.046486028,2.5755467,0.16988471,0.7892738,1.2505916,0.7464401,1.3855418,1.0812238,0.006294285,0.013655999,0.11568969,2.9015293,0.7989643,0.50866187,0.60474193,0.83769566,0.72694707,0.85144633,0.9748596,1.1764412,0.8115118,0.62244236,0.65443915,1.8793287,1.331372,0.43169454,0.29497573,0.84280163,1.702968,1.1559885,0.37428197,0.23993823,0.40938652,0.43159974,0.21463136,1.0384979,0.0264407,1.5090955,1.1811199,0.77804416,0.24551782,1.1306205,0.012187372,0.8426553,0.5744485,1.3191863,0.16469808,1.568217,0.22316496,0.5820546,0.5433448,0.6045144,0.021316348,0.24267764,1.3555416,0.6000844,0.18204969,0.28078154,1.2934214,0.35235798,1.1915008,4.406283,0.21648815,1.6529169,0.41108328,1.3155309,0.41705856,0.09461851,1.2164832,0.9920223,0.5906119,0.0,0.2777797,0.47521567,1.0314074,0.22334422,1.0965754,0.16245906,0.009201141,0.0,0.6349753,2.3784401,1.624244,1.085703,1.485851,0.35475492,0.34833363,0.7861021,0.8674732,0.54358137,0.433813,1.6890786,0.17153639,1.1380689,0.22629333,1.3545883,1.4200156,0.94234776,1.7161192,0.6868632,1.1175566,0.9646483,0.4944522,0.29283944,0.9536439,0.18654169,0.28467917,0.5519828,0.33782786,0.06749234,0.022670818,0.3185623,0.9559284,1.4372078,2.0716481,1.2830335,0.69870436,0.035484426,1.0995399,0.16186196,1.3668576,0.088693805,0.43131116,0.785053,0.11314161,0.20767874,2.337852,0.026698329,0.0087698875,0.55437255,0.56953764,0.6167091,0.98598176,0.57204014,0.19613168,0.37370586,1.6480834,1.2564552,0.17856963,0.21317883,1.1838281,0.43446434,0.34700155,0.2715223,0.66952676,0.057429362,1.3376611,0.33565193,0.49811116,4.6876884,2.7577221,0.019427694,0.09471449,0.11316971,0.15443495,1.9735389,0.67340785,0.2229348,0.55615634,2.8211122,1.2279116,0.1234684,0.4026574,0.35412818,0.026720604,0.04697712,1.4086957,0.15039793,1.3275106,0.40013278,0.41248816,0.027348613,0.20546636,0.92540646,0.5221906,0.9342667,0.66796756,0.835142,0.8776988,0.851252,0.017936772,0.8680761,0.6181808,1.1116213,1.5196365,1.1805867,1.0252222,1.6292874,1.5975211,0.052497026,0.16816513,0.6242104,0.5593517,0.7484674,0.60484576,0.4010262,0.26313743,1.0815096,0.2961684,0.65402514,1.2595222,1.0545672,0.10935049,0.39156738,4.1412196,0.46178684,0.03994276,0.8091359,0.6527551,0.37081632,2.84991,1.3614978,2.2548351,0.28961182,0.013822531,0.31841162,0.28700274,1.1915158,2.0245156,0.3276488,0.52721024,0.13908385,0.0060741366,0.22596732,0.6384521,0.49960038,0.020375008,1.087797,0.5637662,1.19814,1.4588872,0.5272105,0.17833732,0.30071002,0.25132006,0.33417892,2.2054904,2.2418053,0.6077533,0.17434968,1.8762871,1.2987789,0.04695343,1.1760895,1.0144699,0.7011023,0.7604775,0.36490217,0.34766418,0.16231969,0.5676263,0.57280755,2.136355,0.22283904,0.42927384,0.08854797,0.519836,1.0630239,0.9005013,0.41101423,0.12274327,0.24649404,0.0,0.5218372,0.051005177,0.5581681,1.0720052,1.0041287,0.11590977,0.31922007,0.5118815,1.1356639,0.29442915,0.07134446,0.7557925,0.7971326,0.03636627,0.28548905,0.2699279,2.095765,2.0378456,0.38303417,0.86276555,0.56528604,2.6444004,0.22134247,1.1968517,0.82801145,0.7474859,2.6016576,0.8781274,1.078852,0.08210472,1.1970363,0.18474504,0.47118753,1.4000801,0.47730368,0.25539988,0.09311017,1.1366726,0.046394683,0.44149882,1.4549292,0.035579663,0.5270402,0.28131452,0.22983319,0.084914334,0.16568457,0.109729044,0.23935167,0.3726831,0.9333486,0.0146568585,0.38595635,1.0479722,1.3662359,0.57597095,0.15094659,1.751535,1.3936219,2.4267995,2.4315035,2.5073638,0.69161475,0.8864599,3.0767522,0.8600573,0.48941535,0.3282504,0.26101482,0.5597693,0.021524973,0.31339243,2.0070903,0.2058739,0.10472895,0.47690746,0.16120541,1.248403,0.73889613,0.12094317,0.023229424,0.04931406,0.36931413,1.6905282,0.18584003,1.1217564,0.4575927,0.55219203,0.79883385,1.2781601,0.33856177,0.860622,0.82462907,2.7603405,0.34981364,0.7787882,1.0744632,0.5590536,0.27135867,0.37911338,0.29822627,0.9011804,0.9927028,1.0244167,0.24281695,1.1451228,1.0769267,1.0394461,0.94486135,0.6207456,0.7157613,1.7627579,0.2082407,0.908881,1.4076418,0.39625505,0.27517948,1.5739,1.5488938,1.4535347,0.55062604,0.07906024,0.1562486,2.158013,0.0,0.604022,0.29746565,0.6587367,3.1338336,0.13979052,0.32283187,0.008393726,0.08836978,0.4335985,0.28557947,0.28471246,0.6044452,1.2587847,3.1044285,0.58276606,0.29858792,0.503742,0.14608873,1.542436,0.39821446,0.22384588,0.97380537,0.64057297,0.30155575,all_pothole_images\pothole_images_2_image_78.jpg
0.656664,1.4479324,0.19623365,1.8853695,0.20774513,0.26752228,0.12488079,0.0,0.2811189,0.5089682,0.040617146,0.65332526,0.09365385,0.83689046,0.0006640152,0.00068510213,0.24577354,0.24049582,1.6442302,0.10564955,0.6121257,3.5886366,0.38498792,0.6677509,0.99039114,2.2427216,0.4356817,2.9436827,0.5942134,0.6099379,0.95258343,0.952223,0.31043404,0.29933128,1.4253356,0.49044922,0.25557414,1.9861827,0.40729195,0.07837969,0.0,0.06655726,0.12650731,0.9482534,1.3076769,0.28963336,0.124200314,0.24961506,0.17615181,0.6940667,0.9216277,0.0,0.6311913,0.1924586,0.20446643,2.4697852,0.48025855,0.6325723,0.4648662,0.52568,0.5766891,0.39077312,0.55230165,0.0018210398,0.71868056,0.4085732,1.1100434,0.5692158,0.996317,0.8811632,0.57865125,0.26405156,0.16323732,0.33782062,0.30716282,0.717758,0.42545825,0.11174768,0.12857047,0.07565679,0.029855859,0.74838924,0.035010193,2.5152588,0.71552694,0.10913654,0.5052217,0.33614162,2.884126,0.30379072,0.06829085,1.1467232,0.018644752,0.44200492,0.031028366,0.31748834,0.89471525,0.448612,0.29049754,0.95197934,0.0795707,0.56926817,0.32876956,0.20571779,0.01724532,0.6595478,0.2938493,0.0067236708,0.0,0.0,0.0019085596,1.2358205,0.66232145,0.011530548,1.4917356,0.032543235,1.065125,0.26773146,0.61051166,0.21234414,3.0752046,0.40095663,0.30142838,1.5390601,0.22580746,1.7618781,1.1085699,0.46710664,0.97593355,0.32187316,0.7011248,0.017824564,0.42829898,0.01581101,0.31111524,0.06818798,0.308615,1.0326667,1.479485,0.5422731,0.6813082,0.10930891,0.0,1.1197808,0.06299548,1.0707681,0.054818027,0.0,0.3041598,0.348759,0.6056652,1.3551184,0.0,0.12604998,1.0673712,0.41562635,0.9478469,0.0075119324,0.47597516,0.84803414,1.0566423,1.0055119,0.32842714,2.6687179,0.0,0.20601186,0.3906797,0.015270924,1.7648804,0.5703852,0.05229534,0.06771574,0.0064819106,0.29305995,0.17991276,0.18478405,0.47835904,0.0,0.7516523,0.312896,0.0056083384,0.55258286,0.75213075,0.32725984,2.5228536,1.1825752,0.15637012,0.032798357,0.2780395,0.9731087,0.7308531,0.781913,0.19951625,0.3926538,0.0,0.6385654,0.10230644,0.19459817,0.08618263,0.9038774,0.0945748,1.5826737,1.175318,0.7489098,2.8691468,0.61417675,0.08171832,0.64245564,0.6212972,0.04004747,0.32409236,0.07932225,1.0546702,0.05016443,0.82697177,1.2525119,0.50652444,0.45440602,0.70953757,0.29406726,0.64803135,0.19355363,0.8563011,0.12618662,0.024263678,0.31087556,0.23906702,0.039022237,1.6275555,0.9539259,0.003144672,0.17572749,0.4326972,0.5358712,0.86760277,0.15236962,1.5051701,0.072775334,0.01980811,0.2021262,0.12582216,0.041111488,0.1175676,0.46126127,0.01818862,0.38273674,0.2796433,0.20866759,1.0138829,5.961739,1.057435,0.0027783725,0.43914795,0.29344526,0.032671206,0.2996835,2.0141757,0.14238204,0.53066725,1.0999438,0.2172746,0.33731142,0.24708915,0.6061692,0.39449602,0.2331365,0.0,0.79539263,0.93555665,0.33973828,0.0,0.0,0.0050294767,0.3286579,1.4785234,1.1561363,0.20097658,0.4189775,0.18308958,0.62321645,1.1913078,0.2863636,0.34363696,0.99901634,1.2423137,0.11716949,1.0546948,0.4667884,1.6059785,0.252314,0.009132631,0.060932405,0.0,0.83170646,0.4807125,0.014032269,0.28289297,0.9060644,0.0016409834,1.701851,0.6183297,0.8309646,0.003730321,0.29979852,5.277731,1.3037267,0.00025227148,0.6323311,0.042095266,0.15471973,0.19262959,0.69654644,2.7775211,0.5405511,0.1609112,1.1458719,0.58064324,1.0241598,1.6879481,0.09360803,0.12091301,0.02906322,0.0001529241,0.4802119,1.012849,1.1407866,1.3250021,0.5036682,0.8165205,0.3352116,3.7183223,0.035880834,1.0467826,0.008193239,0.117675215,0.35850492,0.7144752,0.96659344,0.02831236,0.16254202,0.53801996,0.44338912,1.5016934,0.5096794,0.36341405,0.23509502,0.2683184,0.59417325,0.2598931,1.3922081,1.4982144,1.0343724,0.003521128,0.24352828,0.21453401,0.19520056,0.50356364,2.0786386,0.2995992,0.22686619,0.060732435,0.022704586,0.94992864,0.3266266,0.105954595,0.07956992,2.0095818,0.98508,0.048724897,0.5216133,0.35464826,0.72513694,0.4976639,0.5967332,0.10010357,1.085159,0.07767069,0.48441797,0.24093962,0.16456832,0.06525629,0.007902658,1.1847376,0.76576906,4.660835,0.836784,1.4358654,0.18611193,0.0444088,3.7785625,1.7363452,0.0,0.03545354,0.8391304,0.3885895,0.04287205,0.32849497,0.2435877,0.3160437,0.07806803,3.0187001,0.79097575,0.011542147,1.0578897,0.45447776,0.18994687,0.37252212,1.084733,0.29772875,0.07658081,1.0871325,0.47983086,0.62736,0.45673987,0.076911,0.15560597,0.3685808,0.13945274,0.0010731993,0.82941,2.3506737,0.0,1.3179394,1.0613823,1.0415146,0.6341983,0.044612717,1.0798516,0.0451412,0.88931376,0.9473998,0.23111153,0.012518438,1.2632865,0.23244554,2.8295534,1.1320195,0.936903,0.4881049,0.39369473,0.10953046,0.2159495,0.2113427,1.3010647,0.13063024,0.16680732,1.2142446,0.31383252,0.23064263,1.5507774,0.77162844,0.21900924,0.60975957,0.11044843,1.2699518,0.06305359,0.71600014,0.16735338,0.5013708,0.8200033,0.9647352,0.08308268,0.6602486,0.59773916,0.48479083,0.39702192,0.003228017,0.04161636,1.0551757,0.91171527,0.38783506,0.4073581,0.54581165,0.25806266,0.12401827,0.064322375,0.5851089,0.6646909,2.233059,0.09111815,0.0,2.3287022,0.45213643,0.8148934,0.0,0.024098447,0.49245352,0.050074983,0.29053226,0.011379109,0.042559277,0.40285257,0.03610061,0.069815315,0.00015422732,0.0291735,0.011400279,0.043960117,0.26315656,0.5195981,0.24069159,4.3797374,0.43082535,0.17873307,0.9785215,0.5291079,0.41639328,0.3457313,0.22349776,0.16175877,0.02295676,0.27950174,all_pothole_images\pothole_images_2_image_79.jpg
2.46645,1.4668025,0.21738154,3.2300048,1.4578971,0.48192266,1.11148,1.2136352,1.1270856,1.1711582,0.29203978,2.1748261,0.6578179,2.0391715,0.72029567,1.6999087,0.71137345,0.80446875,0.7726154,1.3635945,0.59873515,0.95638275,0.709979,0.79253435,0.5311413,0.6389306,0.33669055,2.844619,1.3131028,0.14713117,0.22332783,0.3134623,0.48171338,0.66474277,1.0245839,0.2630267,0.436274,0.6643138,0.117499396,1.0139831,0.71913916,0.49378562,0.6501428,1.7909507,0.38362437,0.42801335,0.4439859,0.344943,0.5475178,0.5037966,0.69794536,1.5600467,0.18759088,0.044606578,0.079325445,1.6566932,1.8068279,0.40884122,1.958922,0.7162199,0.11202898,0.81872594,0.23639393,1.0133299,1.1492069,1.1312863,0.19300453,0.5942753,0.061460495,0.35831252,0.09433373,0.159577,0.60033923,0.99661493,1.14847,0.24547699,1.2391909,3.2091675,0.08321433,0.18093243,0.31869054,0.159835,0.6662362,0.9212744,0.48368818,1.8584259,0.6172325,0.09541347,1.940227,0.13681269,0.027979514,0.34182778,1.7527409e-05,0.5808329,1.6281579,0.31857646,0.3777665,0.7745023,0.16567466,0.69640684,0.13283011,0.4989341,0.37778363,2.0032885,0.66928774,0.013763712,0.045415513,1.6040223,0.3638125,0.20815188,0.2726702,2.4158843,1.2548392,0.031361543,0.32650098,0.22156915,0.10545028,0.6458927,0.4501689,1.6556078,0.6551772,0.2673248,0.013650858,0.7961047,0.71518916,0.48953566,1.312929,1.3633641,0.89620745,0.10155449,1.0220433,0.10922369,0.11050346,0.6622531,0.45558575,2.8395262,0.3684455,0.25584486,0.60410255,0.21729901,0.2543507,1.7939085,1.3255726,1.1558843,0.23619613,0.05528841,0.08196333,0.5848402,0.2637918,0.8498468,1.1022042,1.056444,0.56744444,0.89881194,1.1787893,0.5125431,0.05820294,0.13482009,0.9239088,1.2727655,1.2036813,1.3174537,0.43545204,1.8613842,1.4770769,1.63529,1.0216684,0.055919394,1.6941265,0.61820906,0.097373135,0.3839323,0.2511196,1.6910596,0.5820316,0.05243899,0.86318934,0.0027917733,0.38214827,0.3179756,0.059684865,1.3746487,0.87262475,0.96492803,1.1359441,0.410426,0.03931061,1.4505246,0.258074,2.1592166,0.51613754,0.1172439,0.0819659,1.2857958,0.46748817,0.17457724,0.7368604,2.0947464,0.4948092,1.7190086,0.75707805,1.2096163,0.23255393,0.17007789,0.018860133,0.7285234,1.2981778,0.077004775,0.63069826,2.0427077,0.041792538,0.25304553,0.96682113,2.0809166,1.217338,1.9844724,0.26622963,0.61354953,1.1065472,1.1757911,1.3795197,0.034557037,0.97456247,0.85757256,0.020968566,1.315949,2.7881699,0.38828766,1.1331195,0.39591357,1.0730934,0.22144465,0.8921837,0.020685865,1.352437,0.08496157,1.4274896,0.22818537,0.49615404,0.068294324,0.19027561,1.2130857,0.7671868,0.16541262,0.038715772,0.051288523,1.0110986,0.7482437,2.1731484,4.7579722,2.2205377,0.7174996,0.4529232,1.2440212,0.39281696,0.50988525,0.6197605,2.5865762,1.3668884,4.224924,1.3354707,0.32777187,0.70028263,0.035089657,1.073677,0.96546966,1.0283042,0.5658795,2.404487,0.20879227,1.1850504,0.16891418,0.022596855,0.0372911,0.50682193,0.81069064,0.38948244,1.1340047,0.97255087,0.39605573,0.9342357,1.3057766,1.3188975,0.6982385,0.54542303,2.1331758,1.7504463,0.024448497,2.0391922,1.356622,0.17469618,0.59009796,0.24177216,1.1199727,0.35212368,2.0492187,0.9038002,1.2611297,0.46876633,3.229699,0.028369222,0.97331876,0.02958792,0.79338,3.5644598,0.16414827,0.24332772,0.37872058,1.6479225,0.12341236,1.816824,1.9825392,2.8737848,0.6788389,1.7275406,1.3290428,0.16389109,0.97490555,3.4960637,0.2168269,0.8324261,0.35548544,0.05950917,0.28320697,0.5059278,1.3475822,0.2405318,0.49681002,1.0635849,3.4144948,2.464946,0.46759,0.25700974,0.39221707,0.08370084,0.11584136,2.4350739,2.3157794,0.8525826,0.6835643,0.38250285,0.80818826,2.1772974,1.8750148,0.6610341,0.41929695,0.37631735,1.3806143,0.15526685,0.627772,0.15103388,0.16494516,1.033403,0.578915,0.28296867,0.20865525,0.36315733,1.0619503,0.09179702,0.49271423,0.5477176,0.81464106,1.4772938,0.8986421,0.12656973,0.9424984,1.0072777,0.33215496,0.8076394,0.50793684,0.6037891,1.811875,0.7458838,0.5151325,0.4465907,0.4171655,0.5251079,0.35319144,0.9073682,0.6639771,0.7774584,0.81398576,0.5308227,0.28392786,1.751492,0.68083906,2.3207006,0.08212418,0.10933368,1.5548553,0.67906,1.0160807,0.19025993,0.30371776,0.029247994,0.031094495,1.7964423,0.19160095,0.47027463,0.21465027,0.37290153,0.46076578,0.42230237,0.85942346,0.49703285,0.036992256,0.9899494,0.35205725,0.9735268,0.69342524,0.62110245,0.87085813,0.03027224,1.2489078,0.46031663,0.44067046,1.246833,0.35503286,1.985866,0.2586073,1.1504575,1.5933224,0.72986835,1.3986473,2.578461,0.82238615,1.7729701,0.2733094,1.7741349,0.60605747,0.43676,1.6596102,0.7293717,0.88820225,0.39160421,1.9515337,0.8945346,0.8760692,0.19004975,1.4186307,0.337277,0.6560428,0.2355436,0.0,0.04197682,0.05133128,0.9035352,0.2157465,0.08851728,1.0616698,2.779872,0.10746454,2.0358493,1.3970205,2.1808848,0.656856,0.9316522,0.35012633,0.9851404,1.8664762,2.1383975,1.2087458,1.1860546,0.1082354,0.64562416,0.26395914,0.11423579,0.014843911,0.15968087,3.2261152,0.4118365,1.2984312,0.5930601,0.89467186,0.6348029,1.95336,0.37767148,1.7873653,1.7872996,0.31457105,2.5413048,1.0531219,1.6375515,2.4958398,0.061884996,1.3844037,1.3353647,0.4441873,1.9865559,0.37332457,0.48560807,0.9488799,1.8666003,0.20334177,0.71297383,0.4732182,0.27701324,0.5360763,0.3296621,0.45900944,1.8732275,4.7532334,2.406586,0.22109511,0.62684274,0.9502208,0.5415564,0.35545418,0.0,1.2111033,0.76506895,0.7392485,all_pothole_images\pothole_images_2_image_8.jpg
1.2550236,1.1700898,0.072420344,1.7758166,0.39009678,0.12769996,0.075056,0.49423772,1.2090194,0.10085882,0.11097957,1.7952962,0.18633753,0.006166089,0.98772573,0.16278966,0.8088133,0.118745565,0.8980924,0.06386279,1.6480112,1.4863383,0.06263709,0.14821035,2.0614665,0.53483635,0.17535618,3.0442212,0.0017475416,0.42147714,0.5564571,0.63209593,0.1605305,1.1223625,0.8628749,1.350093,0.07712683,0.62757516,1.5098573,1.9622399,0.13436072,0.54880255,0.021970773,0.49791437,0.21153605,0.3219489,0.10342754,0.2122047,0.2194132,0.6689453,0.551104,0.09989437,0.2384074,0.036414657,0.119191505,1.2782415,0.26274577,0.35022348,1.3206164,0.3763039,0.70273054,0.073357925,0.09030899,0.486861,1.4525073,2.3592014,0.3243732,0.009022455,0.7269775,0.07411264,0.8522304,0.4681041,1.3333707,0.60434794,1.2253404,0.48590532,0.23284575,1.0236727,0.0,0.025788372,0.75432134,0.40266502,0.0,1.2181183,0.9118057,0.7637128,0.013414816,0.9216101,1.6428524,0.7144415,0.17872152,0.0319129,1.3855139,0.36650905,0.3574511,0.014529435,2.9429965,0.08035366,0.29124728,0.9337342,0.091866314,1.1862909,0.35988685,0.39429045,1.3712708,0.16369787,1.2481284,0.70959175,0.3239788,0.017346593,0.19940053,0.7248919,2.3079486,0.67452216,0.1429957,0.3490284,0.35931218,0.39233643,1.0770398,0.058963478,0.54694104,0.3883961,0.090073876,1.5010946,1.1347237,0.012357377,1.4326271,1.5617266,1.013253,0.14555733,0.044954076,0.03526867,0.0059844814,0.30403116,0.15311345,1.9808877,0.4255813,0.31018543,0.94780964,0.046234764,0.084545545,0.16052681,0.41176122,0.15689842,0.8884346,2.3806167,0.0,1.155032,0.82921076,0.50196457,0.2877659,0.41355234,0.024799049,0.08531259,0.5210623,0.10128689,0.6937124,0.05371585,1.2926491,1.67293,0.917753,5.22148,0.02032126,0.8065903,0.27582148,1.0297754,0.65553546,0.19151378,2.7878847,1.9772472,0.036628935,0.2663337,0.5418909,0.0,0.009851533,0.0104208505,0.43291238,0.001255775,0.24611044,0.36582127,0.10335461,0.7350202,0.52808046,1.2672342,1.7338628,1.3177708,0.0033803568,1.0286996,0.9754148,0.7092651,0.26483956,0.16166426,0.08935459,0.8237628,0.63409674,0.49802494,1.0864003,0.42991617,0.9609037,1.0246518,0.029626831,0.79485506,0.5468339,0.76050246,0.6136768,0.048447322,0.45323074,0.42515743,1.6368811,2.0399227,0.06950272,0.0058914153,0.12390367,0.060070205,1.9606597,2.6009796,0.21146815,0.20079315,0.109747104,0.07787663,1.3394319,0.9429726,0.71413,0.29130548,0.1634657,0.57306325,1.0792935,0.55131185,0.22299647,1.1134373,0.36519614,0.15054598,0.5502401,0.8598517,0.45452297,0.08739772,2.580968,0.1362831,0.3229485,1.188493,1.1484404,0.7801542,0.14812478,0.058465257,0.6551053,0.0,1.6625111,0.9211276,0.10893378,3.629602,1.9924523,0.4404433,0.023525145,0.0008166196,0.0,0.4594773,0.4678747,1.1147066,0.04126075,3.6030326,0.7817277,0.14832471,0.7129934,0.5673397,0.16506411,0.036949985,1.2038801,0.7824618,0.9198286,0.058239993,0.060768273,0.08938595,0.08389846,1.2901694,1.6773572,1.834158,0.7497752,1.7953799,0.07086777,1.2128618,0.8586846,0.089872174,0.81656295,0.0920689,0.26007283,0.2978195,0.8301772,0.075362474,1.2913597,0.23600842,0.0,0.13202699,0.11391227,1.2999066,0.46692932,0.059638616,0.001159143,2.8869112,0.27081338,2.1917555,0.47721353,0.46903703,0.09796201,0.0814012,1.832417,0.40851203,0.072089076,0.2507861,0.0,0.28719476,0.9146386,0.16941531,0.43667305,2.6401403,0.10967195,1.331385,0.30965808,2.6072276,2.044734,1.6563979,0.22644511,0.031105435,0.5404617,0.06406989,1.2877302,0.26390365,0.07750715,0.034586396,0.88132405,0.4400846,3.2051091,0.96058744,0.022215107,0.04519182,0.083989725,0.12747824,2.942041,0.20692828,0.025536275,1.6910049,0.4358695,0.07668716,2.3042486,2.497026,2.1570687,0.5279832,0.48589543,2.316156,1.4429327,0.22854552,0.49064317,0.6726499,0.0834428,0.0,0.32739606,0.44834447,0.28117388,1.4014796,0.5007429,0.342421,1.2026184,0.062313292,2.0443938,0.72680336,0.0,0.0,1.0066772,0.22546999,0.033857267,0.124752976,1.7338319,0.6941033,0.3415882,0.2222678,0.0045813564,0.2299939,1.1806785,0.093431234,1.4483533,1.2260823,1.5090696,0.0,0.5508762,0.0083001545,1.6780137,2.3792305,0.15754098,0.01420546,0.16751315,0.8187853,2.245503,0.5252776,0.108177155,0.22921363,0.39315835,0.010212427,0.29601178,0.08089666,0.006418847,0.061822142,2.288076,1.511678,0.46690857,0.11029479,1.1526475,0.16264966,0.64126927,0.36435857,1.2049564,0.17075056,1.3995728,1.1577324,0.068487294,0.9931064,0.1164067,0.98861414,0.98655814,0.08448079,1.8728876,0.24458791,3.0037143,1.2151724,2.124712,0.17199391,1.8510561,0.18681107,0.37965053,0.8243983,0.4045087,0.88196653,0.555675,0.25650156,0.038074255,1.0445504,0.022478962,0.45915225,1.1722076,0.8423865,0.16738448,0.9108944,0.36642537,1.352499,0.8586824,0.55529594,0.016630553,0.035115715,0.5757594,0.5823369,0.07199294,0.55593145,1.3673443,0.7030982,0.7195106,1.0327829,1.1993543,1.1919148,0.242964,0.011437235,0.52161723,0.7112167,0.48834133,0.0689208,1.6661016,0.0,0.37651178,0.30835143,0.22614868,0.076610535,0.37581906,0.0,0.45231533,0.83406967,0.57749325,0.08324873,1.1415765,0.085554056,2.3926647,0.05697883,0.7928357,0.018601969,0.10366217,2.5327995,0.5510068,0.5577392,0.07728755,0.05399232,0.18287973,0.64734215,0.2593975,0.038920693,0.609167,2.8662214,0.33828393,0.5856832,0.0,0.23643003,0.7665915,0.30568784,0.113524154,0.2617776,1.4788834,2.5259058,0.24514058,0.69449,0.57616985,1.6430233,2.7036972,0.08110114,0.30313963,1.9125824,1.4172835,0.8140784,all_pothole_images\pothole_images_2_image_80.jpg
0.9919,0.35223556,0.17072518,2.1197574,1.0992692,0.74122137,2.207306,0.53990555,0.25285286,0.28944173,0.5661863,0.8184426,0.062123396,2.224523,0.06567554,0.9007398,0.3825793,1.7474748,1.6449718,1.3783249,2.8611896,1.9154603,0.42491037,0.60662293,1.0278642,2.1562722,0.7759009,3.360765,0.47532582,0.062963486,0.350676,0.88813716,0.99531466,0.46700785,0.4937411,1.5889282,0.12936199,1.5106544,0.5347655,1.6554607,0.02657538,1.188259,0.24924028,3.1098542,0.37359074,0.71425486,0.45980015,0.51679456,0.6185431,2.6729531,0.75425273,0.75622994,0.5921324,0.00022894618,0.13682923,0.7148232,0.94058734,0.24578308,0.69396347,0.10417563,0.6423774,0.5224668,0.35261777,0.37051955,0.8271269,4.492076,1.5437335,2.2814972,0.6190384,1.7442434,1.7584103,0.22805208,0.14725602,1.5618145,0.38745084,0.18686819,0.39995587,0.3116716,0.27759337,0.36927724,0.17638704,0.021781294,0.43770432,1.8804215,1.0176897,0.63819885,1.1732227,0.41849557,1.5456163,1.2089573,0.1116698,1.1801085,0.019351894,0.22479595,0.22778855,0.324198,0.4246389,0.6913228,0.75980073,0.2237577,0.030953316,1.3080438,2.634523,0.0012063923,0.50594276,0.21206322,0.29931402,1.546864,0.36775705,0.76122904,0.0,0.786518,1.4139916,0.0029447114,1.2475185,0.3578706,0.5126237,0.3913529,1.3649553,0.7942022,1.9855692,0.20351452,0.58154804,1.2004122,1.452135,1.0735948,1.2769028,1.3376673,1.1533704,0.476269,1.2429494,0.11914829,1.0078433,1.4191866,0.54597753,1.7988756,1.1212875,2.0790293,0.60700685,0.046843108,1.3876085,0.85564727,2.1133814,0.85066897,0.07691701,0.95211035,0.041009124,0.2788729,1.1457367,0.018385865,1.419457,1.0146692,0.45866755,0.20063446,2.3493173,0.56420386,1.4453629,0.1067815,1.3491328,1.7559316,1.9584032,1.3139081,0.691142,1.8369355,0.40384185,1.081933,0.5065959,0.27727154,3.2004688,0.13927992,0.8064997,0.016736686,0.025349135,0.81879437,0.17959888,0.59645784,0.012132948,0.09677589,1.8128294,1.7622688,0.63534665,1.6720622,2.2284122,1.2183154,0.76770204,0.5421396,0.06328586,0.21783254,0.21607733,1.9817467,0.5738409,0.19910382,0.5505027,1.3940355,0.64221275,0.02992124,1.3559725,0.7758738,0.012954968,1.1433051,1.2041868,2.2265205,0.6599585,0.93413955,0.9423661,0.47000542,1.2413809,0.16444996,0.45275903,0.37286058,0.007551321,0.19563219,2.2935796,0.7690865,1.7830688,2.8869436,1.2569759,0.15696453,1.4905154,0.7045532,0.45196432,0.24610046,1.0345323,0.8729369,0.094902165,0.39484215,2.1189234,0.34474057,2.003472,2.8010883,0.308515,0.19296265,2.053627,0.0036159388,0.677325,0.0013944737,1.6426405,0.1300678,0.012597789,1.3165244,1.6083192,0.08080301,0.3064499,0.15229426,0.45075053,1.2265525,0.95546114,0.7099851,0.77102077,5.6027975,2.6468213,1.0638562,0.27827364,1.9719025,0.12547982,1.9404775,0.71215665,0.8317241,0.7833154,2.1045074,0.16502443,0.1729126,0.40161115,0.23107974,0.28688094,0.50967544,0.89422375,0.5769932,0.6758283,0.89826137,0.84335387,0.05823802,0.7228188,0.82674336,0.7092295,0.41225097,0.33003554,0.8070375,0.2120098,0.6793471,1.9288286,0.3329041,0.4232008,0.5706751,1.1558493,1.3338159,1.732826,0.13994476,2.497863,0.0243125,0.08672677,0.49982575,0.553832,0.43283984,0.14216426,0.19077411,1.0387697,0.8559802,0.015145878,2.8418703,0.07517477,3.065421,0.22279295,0.37029666,5.892607,0.5829,0.27531564,0.48044053,1.0528053,1.1156462,2.1262739,1.6345253,0.89765537,0.40689278,0.8982975,1.0279065,1.3791443,1.8661449,3.2298136,0.2634036,0.054454938,0.008489707,0.22744274,1.1018504,0.11984301,0.8955757,0.5943293,0.43004662,1.4040344,0.4153599,1.2637792,0.71463877,0.9580381,0.61008984,0.25716972,0.5656992,1.1734551,0.6629813,0.8224834,1.7240663,0.8861392,0.44828326,1.1434242,0.8389821,0.6059612,0.032088883,0.30482742,0.99849707,0.56831914,0.07676462,0.6926258,0.8416828,1.5450405,0.3130692,0.14026906,0.78725696,0.5475415,2.1568043,2.0480766,2.105943,0.85221034,0.30666366,0.46193695,1.263509,0.031831514,0.013108263,2.6190767,0.2425852,0.12947577,0.14103834,1.1258034,1.5580649,0.74109757,0.11184934,0.13433476,0.12017431,0.09026683,0.6329229,0.238207,0.1845557,1.4844973,0.019300615,0.39492112,0.9639917,2.062021,2.4050436,1.2165306,0.0,0.13230707,0.45306993,1.1515353,0.1285742,0.39765003,0.64818996,0.22045048,0.00021594523,0.6619479,0.09761485,0.1904901,0.037773486,1.0706049,1.7079368,0.26163557,1.4442368,1.6721255,0.0007511445,0.21611205,2.09764,0.9650297,1.0762107,0.8958092,1.3322642,1.4847269,0.79894364,0.06372767,0.040252537,0.6715795,0.32160193,0.82236814,1.1815146,2.6642444,2.3645804,2.7921565,2.2646608,1.3559353,0.4195534,0.9112733,2.1409633,1.9669787,0.96179634,0.24794026,1.2962847,0.29373226,2.745345,3.5264647,2.541319,0.47730574,1.1951225,0.31864628,0.57081854,0.70691097,0.7354403,0.048016466,0.0067114653,0.65577555,0.014981613,0.7165489,0.24509954,0.15062065,0.8837757,1.1314489,0.19429705,1.2022777,0.81592995,2.0075855,1.2726315,0.9868122,0.40923387,1.19425,1.5826566,2.3245766,0.397954,2.254144,0.84438837,0.47870338,0.5223849,0.361981,0.046017647,0.60687345,1.1464708,0.0022627912,0.5839795,0.044584136,1.026639,0.7241018,0.595474,0.6184298,1.5699552,0.4918532,0.54566026,0.16749775,1.3288714,0.7911265,0.59767383,0.091257416,0.8542323,1.0947105,0.051968552,0.5311034,0.0,0.5357163,0.08908212,1.9148494,1.284562,0.073794544,0.13780424,0.40006462,0.15593459,0.15952021,0.91373754,1.1037859,4.9699316,0.5341713,0.598618,0.15799582,0.6160098,0.20008992,0.38356137,0.34850678,0.5135874,0.1411532,1.6425594,all_pothole_images\pothole_images_2_image_81.jpg
0.05779972,1.3655168,0.017088072,1.7583648,0.14073598,0.41562235,1.5953258,0.42176834,0.679763,0.5225919,0.5239365,0.6849538,0.24910752,1.2046789,0.044733446,0.046933718,0.8799467,0.27350193,1.0525256,0.092198566,1.1269075,1.5347081,0.008958328,0.49473092,0.8305692,1.3586187,0.92051077,2.6465845,0.6543012,0.089836136,0.20710185,0.80767244,0.42026693,0.16602468,1.0200343,0.9834173,0.47816294,0.554049,0.61064905,0.27846724,0.0,0.17175983,0.14459777,1.5744699,0.7500145,0.72476023,0.14383234,0.63284963,0.00018156545,0.42129216,0.160413,0.26619178,0.2797429,0.46430695,0.026927471,2.0094216,0.25148946,0.0025074799,0.24679686,0.2742403,0.05220069,0.24761172,0.46251506,0.13494541,1.1456561,0.9060522,1.9332867,0.08132524,0.34495512,0.26168808,0.13150504,0.12708965,0.0033846186,0.0071621146,0.06698103,0.06860014,0.18656212,0.38115263,0.01725657,0.14253879,0.20897484,0.059891265,0.024157928,0.48944536,0.7468262,0.008876806,0.14310671,0.0982975,1.4444481,0.03701899,0.17025694,0.77421135,0.01574204,0.2263202,1.1432619,0.0,0.30418497,1.796917,1.1770998,0.7213194,0.046264973,1.2067693,0.19778474,0.72089237,0.25136286,0.22725354,0.012026338,0.0030368164,0.037560873,0.025616296,0.0,0.30457863,2.0513468,0.3031072,0.5315209,0.0,0.021346962,0.0048699393,0.63561755,0.14981218,2.120796,0.66409504,0.008585274,2.1238468,0.05341314,0.31091133,2.0859945,0.15639593,1.880855,0.0,0.23108327,0.66703486,0.06466528,0.05748166,1.0683291,0.73288894,0.16241834,0.5450226,0.65710586,0.0025417323,0.51255655,0.19506049,0.7155975,0.14854236,0.570261,1.0322602,0.64800423,0.42654902,0.27457264,0.0038983356,0.35308686,0.1393143,0.0,0.0,0.65003335,0.7365347,0.44995525,0.009129309,0.6342214,1.7480938,0.52226675,1.7239884,0.0016887796,1.5307761,0.0032433697,0.6430169,0.61822134,0.0044068154,2.8420646,0.8268716,0.04767523,0.0,0.2134057,0.17766222,0.42103136,0.16016576,0.724778,0.01708262,0.5029051,0.09990039,0.29198277,1.0450662,2.8420353,0.6722883,0.81515414,0.8006814,0.111667424,0.64326566,0.04523931,0.55669016,0.0,0.63469154,0.029674403,0.2334095,1.1963781,0.0,0.29394314,0.24422248,0.111812145,0.9216032,0.32778874,0.9734983,0.97611237,0.84351194,1.0662435,0.8705132,0.29167646,0.6831737,2.688004,1.1184652,0.0028773558,0.27119392,1.0726676,0.6643239,1.6087267,1.1219413,1.3057139,0.4224264,0.28502172,0.18512437,1.635546,0.32175845,1.4421006,0.13886765,0.0,0.026433693,1.4267949,0.21974337,0.79645026,1.0062011,0.024692042,0.41246033,0.0062090345,0.60073286,0.5505107,0.24957672,0.87723786,0.49563402,0.010394243,0.12283568,0.06196766,0.24353656,0.07630907,0.0010394484,0.07718812,0.19066948,0.6889093,0.0,1.1204997,5.760911,3.266744,0.64216095,0.019885192,0.46758372,0.02001741,1.2896007,0.86183167,0.66884625,0.06259084,1.6962081,0.54299235,0.03514867,1.0406227,0.069741495,0.46516255,0.058363643,0.25835967,0.3724176,5.472151,0.044313304,0.82070845,0.008939443,0.0,0.07318264,1.0099499,0.03762459,0.0061732475,0.71772164,0.14980951,0.10585833,2.4246576,0.007032475,0.49680522,0.6418407,0.05052327,0.21467689,1.1499757,0.032145917,1.1104087,0.08022481,0.11765898,0.4828896,0.048451822,0.82886416,0.33081818,0.36043152,0.14151192,0.288761,0.5713494,4.0508304,0.2200326,1.5031744,0.2617347,0.06656057,4.3156614,0.0,0.052451022,0.050876793,0.027209258,0.32264796,0.77021694,0.1451532,0.963157,0.8815292,0.5268726,1.3406354,0.27286267,0.9473352,0.92168236,0.6686205,0.21217719,0.027436923,0.5372335,0.19733438,1.4250915,0.41897374,0.35154864,0.0,1.8251065,0.31916663,0.4560931,0.11483642,0.042075545,0.040113498,0.06753245,0.0033836605,2.3142052,1.2156774,0.338216,0.7487113,0.4530501,0.44500124,2.0112584,1.8926846,1.6882946,0.80812746,0.108047016,0.9703803,0.82554483,1.0811137,1.3969147,0.006417148,0.080605015,1.4266481,0.10120814,0.34124494,0.24706541,0.1358504,0.021386556,0.076349586,0.3625613,0.13887554,0.103480525,1.0938908,0.38689438,0.032188404,1.6538444,0.0,0.2841154,0.021183388,0.0,0.4804208,0.036614172,0.012576544,0.5222363,0.1677985,0.19801626,0.0015024225,0.4159996,0.15115733,0.04838423,0.0,1.4746548,0.6444454,0.7515978,0.02351985,0.7586661,0.0,0.20764448,1.7347063,0.59665334,0.0877727,0.008803397,1.2021542,0.00084294326,0.14287554,1.7098569,0.13449313,0.07444013,0.16625641,0.15001597,0.68730474,0.0,0.6851715,0.31160548,0.22512431,0.12993535,1.102186,0.4613649,0.25657126,0.40469456,1.0240753,0.16627873,1.6231539,0.024713129,0.4607126,1.1716845,0.8007848,1.0418607,0.19057688,2.8609812,0.0,0.30294412,1.7460268,3.0824788,0.004392951,1.7612518,0.2698917,0.39462793,0.06938401,1.1262574,0.2611866,0.0057681827,0.7763932,0.5304274,1.6544949,0.52595615,0.35325268,0.442762,0.12602517,0.13946392,0.06607499,0.0,0.0,0.8901054,0.0,1.4818325,0.26307112,0.04619048,1.4188738,1.1254698,0.5235195,0.18744199,0.020244967,0.5350498,0.8315487,0.09658156,0.004533752,0.2189866,0.42451087,0.4270757,0.115390055,0.012018295,0.13297509,0.9488326,0.0015803069,0.3755481,0.016539942,0.1309293,1.0881846,0.6649203,0.81850255,0.14080146,0.0,0.15376066,0.02121431,0.24496917,1.1579697,1.6113898,0.3952764,1.700965,0.13769571,0.112068854,0.9998315,0.018873928,0.0,0.92343765,0.002555716,0.173119,0.0,0.89339304,1.9441544,0.25028026,0.3770949,0.0,0.0,0.11854583,0.0,0.79778594,0.13459586,0.16834965,2.4338226,0.19935744,0.071913704,0.62973565,1.7089516,0.011197302,0.38850355,0.581773,1.0322573,0.21097876,0.59440154,all_pothole_images\pothole_images_2_image_82.jpg
0.6811158,3.1607416,0.20679933,2.5514114,2.6092575,1.9534347,0.24044853,0.3134142,0.6797665,0.08076083,0.6685255,0.23939459,1.5407904,1.5705899,1.0334784,1.474756,0.23507102,1.0832893,1.0510814,2.0814433,0.52036035,1.2223862,2.5017102,3.1496918,0.025929566,0.2722925,0.06919441,0.9603438,0.07809896,0.29053783,2.9144928,0.6121692,0.51727325,0.37941176,1.338731,0.5603894,1.2920319,0.9475935,0.6900073,0.32222497,0.70987046,0.8761271,0.6044093,0.09605824,3.7198243,0.43134695,0.064404674,0.14738287,0.6934869,0.4105323,2.6738229,1.3266507,2.4178965,2.2193596,0.5575636,2.323301,1.0197061,0.07992723,1.538019,0.39413086,0.72501934,0.42801604,2.083434,0.31136078,0.93202823,0.39754224,2.5494528,0.48063883,5.3551836,0.7773814,3.0464694,1.9758871,1.6149678,1.0345753,0.78548664,0.85105467,0.2933656,1.2726326,0.33907482,0.58404523,0.1206186,2.415821,1.2266906,2.411437,2.9275002,0.29048684,1.2075373,0.69506425,3.1227868,1.4566375,1.8250393,1.3774419,0.33913562,2.9984262,2.4430716,0.4365694,0.13710098,0.38284728,1.4618131,1.3862625,0.8876243,0.81958556,1.8830479,0.80986714,1.0515943,0.4638907,1.815202,0.046086356,0.23907606,0.4312704,5.618254,1.0483042,1.5528762,2.7911563,1.72077,1.8769338,0.36683062,0.6281025,2.0141969,0.37817103,2.2918212,2.3680003,1.0596392,0.13233446,2.5835884,2.4973404,1.667894,1.7009614,0.07705145,0.83404773,0.5299459,0.16014443,1.6352147,2.5562685,0.08358674,0.049432967,1.8922776,1.6180582,0.604037,1.9266313,0.45920694,0.7889859,0.44472536,1.0816388,0.8868637,1.3157554,2.0713959,1.3991942,2.0932326,0.44658548,0.0029796027,1.2515473,0.58045095,0.4306842,0.19700928,0.49344933,1.3920717,0.12657607,0.114979185,0.8018468,1.0548973,0.13146925,1.5844985,1.4837347,3.1001234,2.3202384,3.3726828,0.12076723,2.8136773,0.27420074,0.34744212,0.23521014,1.783325,0.8579286,2.5345063,0.86146325,0.2805231,0.84002227,0.77818096,0.7411143,0.9019347,1.8840162,1.9431443,1.3742682,0.013933194,1.655185,1.2717221,0.7212026,0.23735322,0.7672094,1.5420763,2.9271276,0.18799937,1.4086447,0.013338431,0.41233614,0.2349258,0.95630395,0.7480915,1.4286658,0.8506639,1.5216316,1.3059531,0.63810897,0.8062758,0.8367663,0.19223617,0.037619956,1.168199,1.0970693,1.7306501,1.4742254,0.95354605,2.3944876,0.6123519,0.99098593,1.0794173,1.5438682,0.439288,0.28677583,0.21147475,1.1202489,0.42539266,0.766589,0.015947476,1.0757158,3.163794,0.002791837,0.7230975,0.5783871,0.33122128,0.8700801,2.1074843,1.5844848,0.45955288,0.52461874,0.52428037,0.55345297,0.24780032,0.6223038,0.33180708,0.37814003,0.37752277,0.068807185,0.47306332,1.6560516,0.9198731,0.2700613,1.1039948,1.3534548,1.9208487,0.31468853,0.86752814,0.10765893,0.40498036,0.44124278,2.4773932,1.1507517,0.35964203,1.6859056,0.4732018,0.8454777,0.5428385,1.4787644,0.25373402,1.7238644,0.5931386,0.40909925,1.0476859,0.58608854,1.3519797,0.24373432,0.55503905,0.6363791,0.1105849,2.2584515,2.9622436,1.4200903,0.0,0.23697224,0.1940281,0.6807274,1.423001,3.035835,2.4465446,0.72353184,0.3994193,2.2506979,0.6550003,1.3404307,0.5852282,0.33983237,0.14924027,2.6336398,1.4936663,0.9398766,1.4366455,1.0526714,0.074189164,0.7640691,0.22934242,0.17529586,2.6028044,1.8368877,1.6995026,2.7206383,2.2808578,2.4454103,0.77868277,0.9746903,0.16881262,1.940268,5.7834616,0.9214957,1.1816194,0.48281407,1.1942924,0.4210284,0.080514155,0.1614284,0.9360289,0.5900741,0.14637911,1.4280171,2.3274748,2.600952,0.0,1.239866,1.0987213,1.7609869,1.815496,0.2816896,0.24324448,0.0,0.93284667,0.64910245,1.0154098,0.35363162,2.5957952,1.1109508,2.056479,1.4806557,1.359307,0.06745897,1.5643458,0.45187357,1.2517135,0.14420006,0.16342272,2.0088978,0.5594033,0.91452384,0.038083352,1.4694433,1.1760021,1.1277648,0.5013285,2.2578359,2.1502388,0.3653087,0.33182144,2.362354,1.8600401,1.9538926,0.70321816,1.4736639,0.88857204,0.44501036,0.43209916,2.076956,0.8836383,2.2348554,0.18937375,0.98662937,1.8780392,3.9337108,0.32008946,0.29700053,1.4195075,2.091673,2.1597252,2.1210728,0.6199253,2.6814146,0.9709689,0.8067675,2.4869335,1.9359988,3.9046605,0.7806155,0.7712662,1.2410003,0.06410249,0.74298185,0.71640533,2.641366,0.7156389,1.6778206,1.7616041,1.8494457,0.86649054,1.9319084,2.9098117,0.52345806,0.41331255,0.30443266,0.6183317,1.7997988,0.37699693,2.5842764,0.5495932,0.40459853,1.2451128,0.30878338,0.0013582292,0.9885694,0.28527716,1.0782754,0.047107764,0.5631795,1.146744,0.7330885,1.7793459,0.20201495,1.0734137,1.4769756,0.045919433,3.1709259,1.7942477,2.3646913,2.8503442,1.3433789,2.9828663,0.3441261,1.1537601,1.4322515,1.6132162,0.16799212,2.458122,3.271119,3.2235181,0.5719284,0.5254731,0.8934616,1.0396924,1.1964123,3.3375468,1.1672856,1.6883959,2.8768036,0.12451056,0.60318416,3.5218685,0.12328852,2.9680338,1.4713043,3.4410057,1.249271,0.6008754,0.6657735,1.3696505,0.30152148,1.5581499,0.8547463,0.96603674,1.2210771,1.2813842,0.431343,2.4907138,2.353926,2.6619203,1.4228513,2.7104604,0.76117533,2.212705,0.62391466,2.2887938,0.17991321,0.45583126,0.5262274,0.13641453,3.2914155,1.2548829,0.93297285,0.30721915,2.096138,2.5799606,0.716447,0.083130844,0.34797794,0.8762742,1.884225,0.43513787,0.2873303,0.10055635,0.14636946,1.1937191,0.38564587,0.5602177,0.50393933,0.14965728,2.448351,0.38208458,1.1225036,0.9163381,0.20350493,0.62445384,2.726778,0.8230736,2.8451943,0.571922,0.41094843,all_pothole_images\pothole_images_2_image_83.jpg
0.33945635,0.35644284,0.027879898,2.8624961,0.015812175,0.012127533,1.8785449,0.00076329487,0.5112795,0.24743535,0.31725034,1.341942,0.32453606,1.5070666,0.41478893,0.23124157,0.2209257,1.5158408,1.034711,0.052932076,1.6273943,0.03738205,0.26580888,1.5209438,1.5246502,0.04295785,0.4271754,0.6817681,0.35770524,0.14401282,0.07890952,0.107283354,0.0,0.45843288,0.020432752,0.8763781,0.71454823,2.0959635,0.30517232,0.16382487,0.026892086,0.36391056,0.5233188,1.4272071,0.45004997,0.78929216,0.31228045,0.14218232,0.030946864,0.33326405,0.87463516,2.5505805,0.18731566,0.24265893,1.249783,2.534389,1.4666959,0.9051839,0.20475876,0.38279685,0.20785439,1.1989733,0.3050291,0.3621848,1.8023282,1.7988546,0.37391165,0.045927595,0.48768413,0.0,0.9092118,0.03507733,1.1619513,0.78390753,0.7898019,0.27332172,0.111114696,1.1024576,0.26807067,0.009724078,0.18782622,0.5662488,0.2393025,0.49880108,2.0451233,0.019910756,0.07099861,0.38360524,1.7627871,0.23059669,0.42677435,0.04650672,0.9959155,0.6796358,1.5599754,0.13520911,0.852035,1.3493979,1.6773249,0.98134905,0.30888247,0.8363476,0.9240291,0.19213048,2.275871,0.5406626,1.3711197,0.71793973,0.13672271,0.5091047,0.026972754,2.6155083,1.4381844,1.8894762,0.30022416,0.53761935,0.051838003,0.73576736,1.96603,1.3482778,1.9183253,0.41975072,0.0040321643,1.5154345,1.213192,0.0027260883,1.0903434,0.32708615,1.3248764,1.0320103,0.53290164,0.061248682,0.10192483,0.8621247,0.13271374,0.1388642,0.84820586,0.9605215,0.047259282,0.0,0.21188961,0.89259034,0.7509197,0.44945845,0.734545,0.107671194,0.25095746,1.2763445,0.25549313,0.24347834,0.051707618,0.65792954,0.054515745,0.12753633,1.8732318,0.46282926,0.037830275,0.1683072,1.7560925,1.7704084,2.7976344,2.4198089,0.2517061,0.68918186,0.68621725,1.6929032,1.0710256,0.13252991,1.6661912,1.2086388,0.08839566,0.70842284,0.57869416,0.33285105,0.79192847,0.4608746,0.0020039862,0.02964662,0.31833756,0.10349795,0.2399443,3.4726574,0.75606257,1.587279,2.102337,0.8584382,0.43605614,1.7321045,0.72863144,0.53022903,0.23528811,0.3383626,0.11083994,1.528001,0.02043145,0.20523427,0.84948933,0.96776164,0.85604453,0.95878005,0.616101,0.3131943,0.1939612,0.8296102,0.10349704,0.003787031,0.123111404,0.07313626,2.3638425,2.2871697,0.0,0.92330384,0.35361838,1.072706,2.268886,3.337135,0.84697247,0.22442387,0.115351714,0.09922942,0.23325418,0.06543536,0.41229612,0.47962245,0.0,0.056923058,1.5907309,0.30591846,2.3855553,0.9249845,0.76725876,0.0,0.27061442,0.06409589,0.01049527,0.6571302,0.6085605,1.0490454,0.084869124,0.025326915,0.42203185,0.21691163,0.56043786,0.3330008,0.048958864,0.013135022,0.50704014,0.57980454,1.392541,6.0605927,3.1221743,0.5405935,0.0,0.909942,0.63421047,0.11727896,0.1938596,0.99903196,0.47223687,1.4442624,0.5676081,0.7634947,0.16184734,0.18026394,0.6988982,0.38355917,0.9470989,1.093088,1.9848943,0.043999467,1.0686322,0.005758382,0.57325727,0.30480155,0.097183846,1.9909939,0.04288008,0.8787437,0.36638236,1.1223434,0.26336554,0.009937204,0.4991353,0.07721208,0.021779498,1.0755113,1.4449189,0.15636015,0.67953724,0.44991994,0.035264023,0.70158553,0.039008126,1.6332568,0.78955716,0.9795245,0.2999698,0.17944974,0.5894578,5.4428086,0.61886466,0.7678697,0.13277213,0.22854604,2.4894617,0.035829958,0.09164798,0.046108898,0.28947297,0.18379296,1.2072675,1.0376782,0.65658975,2.5583088,0.2874089,2.217032,0.038811047,1.4993731,4.6399527,0.5068058,0.40036157,0.0,0.46387807,0.8734778,0.02755948,0.6699708,0.5672879,0.05337851,1.2085931,0.5228857,1.2212378,0.07051373,0.42547253,0.5658167,0.7169719,0.0,3.6237319,0.7349324,0.19326445,1.2405472,1.0496215,0.023898441,3.5154655,4.15816,2.6308403,1.0638841,0.09481641,0.9862562,0.8410587,0.5471079,0.25998402,0.10974417,0.018280327,0.07257081,0.0,0.28898254,0.017106244,0.13275349,0.3690715,1.1083405,0.33175725,1.3917146,0.9406799,1.392358,0.11102833,0.09478467,1.4645398,0.10094784,0.3229609,0.08524044,0.5947399,0.8206507,0.4270943,0.119777285,0.31516922,0.5422054,0.6388363,0.19633186,2.35516,1.4045483,0.0020470722,0.0,0.44179368,0.64696705,0.71987,1.0432601,0.62848866,0.2483523,0.0,0.112518996,0.49231586,0.21537714,0.0,1.0931443,0.0,0.004300869,1.2730565,0.05490728,0.13547385,0.19702381,0.73708475,1.5843023,0.7772879,1.0125892,0.50515467,0.026727585,0.49077842,0.10741317,1.394743,0.59922385,0.49064562,0.9731187,0.15377459,0.62203103,0.021240238,1.2023069,2.0325875,0.12085228,0.1018672,0.0,1.85969,1.5000103,0.016379248,1.8743759,1.8906736,0.31795174,1.0878031,1.3834496,0.7370535,0.21321496,0.41489083,0.014726899,1.969547,0.6634974,0.75365394,0.411179,0.0101347985,0.3420853,0.69451684,0.011795458,1.1197066,0.08123444,0.036230307,0.2671,0.20507613,0.03460686,0.10877349,0.11396161,0.06189093,0.5623387,3.5187278,0.5729202,1.0324906,0.030629985,0.6397282,0.64357513,0.0703647,0.053754855,0.15787756,1.2935027,0.78899634,0.42296016,2.22406,0.47150028,1.9302547,0.0007220644,0.4600093,0.28533095,0.48308322,0.1916666,1.4827195,1.051966,0.091756344,0.08570773,1.3079972,0.37833348,0.5509407,1.5462979,0.0014435619,0.002391763,2.529616,0.9420167,1.2804985,1.4315802,0.21143344,1.2218027,0.32849136,0.035621393,0.84994256,0.20845279,0.09263313,2.6680737,0.5346726,0.02284299,0.0048664445,0.3822879,0.16396515,0.0063683223,0.0,0.33756867,1.2240236,1.9333189,2.486538,0.75497746,0.56024677,3.2311532,1.3591369,0.7923419,0.09338571,0.87750375,0.022069367,0.2867067,all_pothole_images\pothole_images_2_image_84.jpg
0.94472694,1.5656797,1.6965045,0.18763368,0.46890247,0.6226163,0.41249433,0.47697145,0.27172706,0.06034018,0.07399476,0.6735614,0.06742135,0.0502674,0.22813076,0.30140844,0.6083596,0.13469806,1.4268702,0.38432497,1.1115063,1.5361546,0.70886385,1.0582743,1.1124879,0.100488,0.29202121,2.098686,0.0018800215,0.005703864,0.26798782,0.012372438,0.6660872,0.82228047,0.10364752,0.3970602,1.1646266,1.1191115,1.0171902,1.4920243,1.6046393,0.2898471,0.029523678,0.62465817,0.22312573,1.284364,0.07178365,0.05556096,0.35443637,0.7170284,0.71412414,0.019745164,0.725348,0.8300513,0.17873445,0.1346599,0.85594255,0.09483078,1.0201612,1.0060768,0.17756025,0.06701245,2.7853618,2.8025177,0.29210678,1.0630256,0.8643017,0.0992604,0.047039688,1.0084707,1.1634592,1.9961236,0.085691564,1.0441962,0.6694512,0.6289348,1.2636379,0.1041011,0.016902111,0.5937986,0.05551862,1.7517747,0.15065022,3.032188,1.1970409,1.0385143,0.28092465,1.1253637,1.9916979,0.5562487,0.23201221,0.10189171,0.78635293,0.62265587,0.25107348,0.97225374,0.12503654,0.54916,0.3170869,0.37099168,0.43246323,0.5734613,0.39826894,0.48962173,0.17955694,0.25332117,0.47377092,0.5823309,0.5174754,0.9319174,0.41538498,1.5623546,1.2252002,0.13049679,0.23612903,2.8158815,2.217047,0.56425685,1.9632391,0.30057055,0.5722417,0.44310433,0.9627388,0.043196093,0.068567164,0.7753258,0.017229736,0.97219926,0.9066699,0.9206974,1.2783523,0.10636193,0.2808186,0.12165182,0.04221002,1.2752955,0.17966908,0.277263,1.4557157,0.7376734,0.4294776,0.47548345,0.005471216,1.5811737,0.72698694,1.2278988,0.27910766,0.07187392,0.74553615,1.2255518,0.24605422,1.2825477,0.011593977,0.01854762,0.5486356,0.30268505,0.13164975,0.0,0.53999084,1.0831813,0.92555594,0.22550389,0.032606415,0.73341227,0.38398984,1.3240651,0.8597236,0.5041629,0.7418649,0.77731955,0.50257194,0.0008153225,0.35190684,1.4577494,0.50046813,0.009045321,1.3629597,0.21793038,0.14856853,0.11574804,0.3872222,0.62541866,0.7505581,0.901086,1.7357837,1.016727,0.94846094,0.4502932,0.045195136,0.5133917,0.34792626,0.37764287,0.047251128,2.1894412,0.559457,0.33237702,0.25291747,0.62631434,0.47557425,0.22644867,0.22006197,0.14019243,0.18850519,1.5203714,1.0443585,0.4823129,0.57384396,0.018130468,1.2591039,0.0,1.1033114,0.091008455,0.5732569,0.81850016,0.32721272,0.2687603,0.44297045,0.61741596,1.7488319,0.262368,1.3928009,0.93854165,1.5614661,1.5402352,0.040036615,1.1965014,0.91166455,0.7877976,2.1602635,1.045575,0.7749551,1.5006675,0.92726874,0.35881492,0.9789468,0.5655745,0.8771919,0.0,0.01233033,0.0,0.43803272,0.22928976,0.8918699,0.010494137,0.11183535,0.07637267,1.2539552,0.096108355,0.12433788,2.7930136,0.9709751,0.0150614325,0.0783131,1.2373744,0.05406994,0.0,2.654999,0.2727093,0.31900448,1.8894317,0.028555885,0.96453184,0.5402333,0.7871644,0.23362587,0.63107604,0.16249421,0.2421841,0.24375974,1.7592463,0.43817398,0.66151327,0.012783871,0.07518742,0.21139808,0.63535815,0.351264,2.1262078,0.67360455,0.4991528,0.1879748,1.4324455,0.020208707,0.19508927,1.2803675,1.1661214,1.0445049,0.36061457,1.2722054,0.12641652,0.31816512,0.0043214685,1.112586,0.19345702,0.9715861,0.010640921,0.08438154,1.3986919,0.16772066,0.28598902,0.11495544,0.54752105,0.3693896,0.34435657,5.367114,0.5810471,1.2240231,0.35588774,0.5348977,0.009971593,0.0,0.76123685,4.3863387,1.929857,0.06806043,0.0804369,0.21641587,1.4641374,2.1641011,0.7608799,0.1639994,0.03610668,0.16567513,0.0065554627,0.54405797,0.9324357,1.8266602,0.33261034,0.44169825,0.20405154,4.2841725,2.5016418,0.02595574,0.187786,0.84149855,0.6116876,0.91016436,0.2369317,0.11247109,0.85952187,0.3173462,0.9784966,1.6991472,0.056519754,0.3821279,0.17448883,0.11782023,1.3237724,0.9538138,1.154454,0.018698068,1.3271917,0.093836024,0.8995604,0.47687295,0.10783384,0.67687315,1.8590215,0.69198406,0.8297695,0.26945496,0.31022486,1.7105505,0.6004402,0.21168596,0.32077986,0.5305102,2.3269815,0.11167482,0.67098576,2.0521657,0.4063037,0.6314731,1.0507145,2.148749,1.033398,0.43565142,1.2686133,0.28171435,2.610206,1.2970396,0.022777917,2.3034651,0.38950136,3.7923453,1.3890632,3.230862,0.35758197,0.6304687,1.6467844,0.61466503,0.6470937,0.79423255,0.94462746,0.12146131,1.7461212,0.5244782,0.59942615,0.13399965,0.1068971,4.8773184,0.11206103,0.095827974,0.09957375,0.48661196,0.0,0.29002413,0.12590566,0.31261906,0.12366004,0.74923533,0.3538297,0.7918203,1.5256141,0.38605583,1.3178576,1.4944476,1.8640871,0.93558794,1.064627,1.1158366,1.6038479,0.050112367,0.62047905,0.15023041,2.0600333,0.42293307,0.67617047,1.0380038,0.42927328,0.9364851,0.15243854,0.6212358,0.111937754,0.3747059,2.273794,0.74667203,1.025027,0.8236416,2.188709,1.8775434,0.38588676,0.6302908,0.22614673,1.0414851,0.4486029,1.2610415,0.17261423,1.6276695,0.747914,1.0383537,0.59522194,0.8121815,0.8312865,1.143009,0.47366998,1.3409374,1.0517812,0.55438226,0.65849996,1.4024552,1.0568066,1.5425738,1.9167948,0.8235075,1.3470948,0.05425438,0.46803364,0.24455091,1.3156805,1.6925511,0.444117,1.3746324,0.002629597,0.24288565,0.92133796,0.09638514,0.34814993,1.241926,0.24202253,0.14096032,2.7364748,0.47532055,0.12132279,0.110209696,0.14921607,0.008390835,1.4395216,0.52486014,0.0,0.8277153,1.2083224,0.011720426,0.0,0.72251904,0.072243,0.30894908,0.0,0.09122172,0.043575495,1.569488,4.573357,0.27644306,0.7305472,0.39010942,1.621109,0.41203123,0.31249282,1.2427707,0.48119277,1.436367,0.77358335,all_pothole_images\pothole_images_2_image_85.jpg
0.24959272,0.29472366,0.32177207,3.5409403,0.46135253,0.03027024,0.9385672,0.0,0.2953991,1.1242174,0.3194401,0.37846887,0.059517287,1.4631354,0.024052678,0.40796623,0.0041311863,1.954202,0.7035644,0.100142255,0.99235624,0.39452556,1.2454325,0.68514735,2.2145386,0.096380375,0.2168259,1.1788818,0.008896158,0.0,0.047345564,0.36285657,0.0,0.8657858,0.3620138,0.40683377,0.36067328,0.4792116,0.9679912,0.105269246,0.029245993,0.45282567,0.40216666,0.3245703,0.69658566,0.094903626,0.7531105,0.0,0.21820943,0.11495409,0.014799851,0.3707092,0.021556353,0.07836005,0.9310804,0.6468146,1.3120642,0.6649777,0.16053325,0.6635032,0.004537602,0.5338049,0.82953805,0.043210395,1.135535,0.9822523,0.23099057,0.33422258,0.3473586,0.18153904,0.9020056,0.1029151,0.4123509,0.0034239644,0.69625497,0.007737524,0.66689277,1.0850741,0.070742674,0.057119466,0.011581814,0.25973985,0.92938447,1.6739097,0.1781015,0.0042357254,0.1841889,0.03406254,1.3462173,0.49936768,0.0084913485,0.6809613,0.6494201,0.28443405,0.40749052,0.0022448297,0.64019954,0.62214994,0.4469436,0.6575985,0.16794442,4.0045033,0.1914565,0.0023211143,1.1193067,0.60278535,1.1801711,0.15181395,0.33636022,1.1659231,0.009235204,0.4672332,0.12826133,1.4987075,0.46094996,0.147275,0.012996261,0.13484824,3.5046332,1.265012,1.2230054,0.35598296,0.13117383,1.5187765,1.1660973,0.6072981,0.054319195,0.047532264,0.08898937,0.47883192,0.36241543,0.4274352,0.8796468,0.16055991,0.0075031994,0.35676855,0.051653974,0.010211751,0.07641756,0.0,0.55186635,0.32377404,0.66783696,0.23481706,0.029773295,0.435072,0.4999824,1.2089797,0.0448315,0.09054623,0.017038131,0.44015604,0.04113921,0.013344868,1.6887188,0.36584052,0.14323752,0.4263124,0.4399294,0.36459458,1.5879279,3.340077,0.6211334,0.39300704,1.0495147,0.19192813,1.4961945,0.10614645,1.3095342,2.7788982,0.15985143,0.0,0.009741733,0.014357163,0.28293255,0.061244726,0.060087014,0.014948472,0.43542358,0.0069013955,0.022171974,2.3504329,1.2549881,1.701449,2.6832752,0.14672294,0.482359,1.2249552,1.0871403,1.5092044,0.22361732,0.21715502,0.29976436,0.48343968,0.36656353,0.15115681,2.3804479,0.6850381,1.3381938,0.19813931,0.1568791,0.22808644,0.16413027,0.10664578,0.3266559,0.13769178,0.10511916,0.26438463,3.5027387,0.9691933,0.0,0.033703472,0.61877114,0.41977435,1.4725734,0.6740978,0.36293486,0.16962694,0.60808384,0.33247477,0.7931967,0.34870553,0.0597816,0.008117411,0.0,0.07361725,0.62384266,0.0,2.9945855,0.39772293,0.44058266,0.021940878,0.7308536,0.0037335516,0.33272126,0.37018692,1.3525329,0.061360456,0.3501742,0.8031729,0.44517407,0.1461157,0.57754856,0.33230215,0.0,0.035604164,0.95778465,0.40588596,0.031739295,8.190337,0.45290497,0.04071495,0.004162652,0.42052817,0.0,0.6978906,0.30229038,0.8728439,1.0191802,1.9676944,0.63721037,0.9231141,0.38305196,0.3519926,0.09075995,0.30484903,0.8554429,0.43656394,2.6220145,0.08200365,0.10621789,0.0023047978,1.0537589,0.42039442,0.2734111,1.2520276,0.028470645,0.060420126,0.19010603,0.6091753,0.4881815,0.016726147,0.5836289,0.020613184,0.008656164,0.20778719,0.37742177,0.49415603,0.5248854,0.5245288,0.10175088,0.17392763,0.002213323,1.4682612,0.14113176,1.465531,0.19538365,0.48078018,0.010081296,3.25722,1.4365497,0.094058715,0.0,0.0,5.394206,0.13167909,0.25731874,0.024760827,0.028864568,0.09839824,0.24968688,0.5335444,2.1059132,1.9026651,1.8254828,0.25711757,0.0,1.4418316,5.529122,1.09574,0.2411319,0.021081304,0.23561062,0.9490095,0.8336558,0.010031155,0.020619877,0.15256345,0.012939656,0.0104358755,1.4414536,0.0,0.44525355,0.08451082,0.11168822,0.0037396075,3.6542919,0.40166557,0.18640043,0.6630028,0.48386645,0.022651784,4.27818,0.9608387,0.7558478,0.34237218,0.27394962,0.23594044,0.13345206,0.06375366,0.0,0.15604126,0.30538678,0.0061624725,0.0122390315,0.63992935,0.0,1.6990556,0.3375763,1.3329697,0.92058927,0.55204576,0.17635307,0.21393877,0.0034682187,0.019920386,0.42234224,0.0,0.26628074,0.029582534,0.43270555,0.06956022,0.21496521,0.0054263026,0.34521765,0.14667816,0.026022136,0.06250626,1.5108898,0.08593124,0.2483403,0.0,0.2775267,0.5625739,1.2370452,0.09723572,1.870763,0.3756692,0.07944431,1.1486712,0.6960809,0.0619871,0.039970994,0.4604743,0.0,0.05823792,0.044674493,0.060835775,0.65910345,0.05590561,0.19357054,2.0004783,0.33650652,0.107178025,0.8205753,0.52324665,0.2694092,1.0171617,0.48154873,0.026585681,0.081745245,0.41099387,0.041337635,0.019762453,0.0011442337,0.4385536,0.8292549,0.93502617,0.2057646,0.09054281,0.3349367,0.28711933,0.44759342,1.0925782,0.7576889,0.57710224,0.24336365,0.14653894,0.069784224,0.23903215,0.6050901,0.44056728,0.39695844,0.067738816,0.88885397,0.7162909,0.80532867,0.15487394,0.055653732,0.043118414,0.1166357,0.6736188,0.03496532,0.0,0.0,0.04760132,0.0981833,0.07729381,0.0,1.1692523,2.5034337,0.6882681,1.1994778,0.01236645,0.4132608,1.0035543,0.11616577,0.033783052,0.07137187,1.3698705,1.1905359,0.07772851,0.97786206,0.008090373,0.64922667,0.011264027,0.0,0.10752913,0.1915217,1.2599344,0.6013359,0.807647,0.0,0.298475,1.4487174,0.088172525,0.72245026,0.42972326,0.34228718,0.034624312,0.1068147,0.99246854,1.6279427,0.15962788,0.2482317,0.6185282,0.16346425,0.0040135486,1.3036835,0.074077174,0.49785396,3.0079794,0.0,0.07678608,0.0,0.11301799,0.46576005,0.060624268,0.0,0.048403136,1.0925415,2.867631,1.2275208,0.07216601,0.1326524,1.2171056,0.735747,0.44978777,0.60225475,0.72228473,0.11983624,0.011924295,all_pothole_images\pothole_images_2_image_86.jpg
1.4379724,1.0821362,0.8487023,0.33932188,0.6522117,0.07903599,0.38778228,1.1651945,0.34872708,1.0700485,0.07246774,0.114076376,0.543688,0.9019713,0.07118869,0.34872437,0.37423164,0.13330911,0.45274517,0.72521377,0.3632559,2.5515664,0.6589872,0.39476088,0.10166127,0.2989778,0.040647965,0.958074,0.73951626,0.6299557,0.81341356,0.32237455,0.21719843,0.19174759,0.026755642,0.1136405,0.83989054,0.9778395,1.1053066,1.9116457,0.510859,0.18561283,0.06527308,1.4661347,0.18832316,0.6326831,1.0839914,0.12615931,0.28465372,0.09117687,0.3540492,0.36054096,0.57273865,0.17455517,0.50874263,1.3591156,0.749272,0.031831827,0.856399,0.4196139,0.2866626,0.24930264,0.97768384,0.16639623,0.06353408,0.21314462,0.40755656,1.1292938,0.8291537,0.46115208,0.18262215,0.2773997,0.044959296,0.13054705,0.056547042,0.28493774,0.28340322,1.8965086,0.38410684,0.18628985,0.4485247,0.26449013,1.6152201,0.3589717,0.4497128,0.88064146,0.6941863,0.25498006,1.8131853,0.7517147,0.21832167,0.24712187,0.01681439,0.59838957,0.7196775,0.486539,1.1662335,0.43104494,0.40165454,1.4233129,0.70851225,0.88548446,0.13207622,0.30741647,0.6420579,1.1300917,0.14919466,1.6537662,0.8355851,1.4993212,0.21678966,1.2124647,1.3778687,0.6280526,0.0,0.7073538,1.0511068,0.43819186,0.0803812,0.11851305,1.6819737,0.21626183,0.32190523,0.21771947,0.013553771,1.3421938,0.082200974,0.7949276,0.30933595,0.6001587,0.39745447,0.30645683,0.3501385,0.56365675,0.70761234,0.16588321,0.31317323,1.3797857,0.5391903,0.28077993,0.81781644,1.1713793,0.8025191,0.86057717,0.16398336,1.6187963,0.30951867,1.6922239,0.28030452,0.6566384,0.6454545,0.1517762,0.07765679,0.3816398,1.3522875,0.7056469,0.8559551,0.31202176,0.47791982,0.023781976,0.35711595,0.46739566,0.0048532304,1.1504831,0.00040577786,0.7799563,0.58709234,0.35533792,0.31027874,0.008856958,0.6802999,0.23970781,0.5836632,0.25067392,1.7369677,0.59793013,0.39662248,0.53326905,0.5624113,0.15439117,0.36652747,1.1372111,1.9323075,1.9988291,0.38772842,0.17724095,0.98204255,1.8043472,0.06627678,0.609627,0.011288421,0.49187842,0.099087074,2.0859978,0.022855988,0.025305035,1.1343622,0.46353722,0.1180297,0.8524532,0.47497922,1.1579945,2.6159165,0.7678364,1.8179212,0.23834018,1.0329298,0.19312453,1.6310929,0.5868137,0.5323425,0.4545559,0.66884893,0.8869786,0.2582388,0.08057798,1.0126071,0.29991695,0.4009179,0.12768707,0.515545,1.1313304,0.0060974145,0.11200166,0.23406133,0.47094694,1.3070908,0.17877546,0.071686305,0.24427325,0.4520564,0.5432633,0.15649898,0.14389622,0.17660464,0.3091743,1.8671342,1.6661153,0.29091692,0.33734125,0.046642974,0.15195957,0.05488956,0.54376334,0.30457628,0.060924664,0.3088359,0.6999357,0.1156934,1.9078503,1.4056083,0.16741596,0.45027223,0.3666952,0.651671,1.2289879,0.11944754,0.26603982,1.6228449,0.20716196,0.12342701,1.043683,0.67481154,0.7585951,0.12113963,0.09019246,0.0,0.28952068,2.2660851,0.011159033,0.053815406,0.13093786,0.23670256,0.7921949,0.21420474,0.89716136,0.25370753,0.57209796,0.8175459,0.18016957,0.8076203,0.05502105,0.013221655,0.8562113,0.47995248,0.62735116,0.2689859,0.24750146,0.7848616,0.629229,0.9859234,1.208315,0.14182332,0.3542043,0.24119736,1.1076087,0.3974134,1.1295853,0.054658275,0.48513225,0.2053479,0.5329066,0.13674694,0.5128217,2.6950963,0.104816474,0.06513064,1.3201729,0.04522529,0.63949794,0.9052766,0.8874195,2.414595,0.9012859,0.55171394,0.26947027,0.2818398,0.35066417,0.012711979,0.29247236,0.3815636,0.089493185,0.60713005,0.122211844,0.19385338,0.22223899,0.019911021,0.09506649,1.1994625,0.55899376,0.47392777,0.15893748,0.4013123,0.42303973,0.34517187,1.1171836,0.108262,0.36419746,0.15065347,0.6332646,1.4291778,1.1115252,0.45533213,0.21780045,1.0605524,0.45122007,0.006217753,0.2519069,0.07063291,0.33204588,0.06754519,0.023259878,0.3163692,0.5259734,0.19067357,0.08456189,0.3155116,0.9579995,0.13370872,0.1762684,0.011173368,0.28410876,0.09746014,0.03335667,0.45838857,0.36847833,1.5681485,0.5767035,0.17608833,0.14922638,1.9339068,0.14913437,0.35309282,0.190937,0.30344123,0.5879648,0.6601283,0.032024752,0.76538956,0.6878708,0.27343318,0.10852582,1.4816198,0.22732387,2.380609,0.7847824,0.48750195,0.0059678657,0.36993462,2.869223,1.2398967,0.907269,0.008577316,1.3452126,0.092560925,0.23905796,0.77663904,0.5383284,0.7017267,0.20913187,4.622811,0.89097756,1.1470394,0.6071912,0.23434098,0.7596599,0.51303554,0.78811824,0.13397901,0.23597789,0.22805421,0.2707962,1.0906334,0.40871793,0.14855745,0.17231983,0.36056086,1.3987557,0.095710404,0.043850947,0.09479879,0.20365702,1.08287,1.3491559,0.7819508,0.10562024,0.32945386,0.30255896,0.5793941,0.25039193,0.9635701,0.0,0.12275653,0.47985852,0.28167412,4.404931,1.0212537,0.0483124,0.11775143,0.24569146,0.754958,0.90345,0.10409967,0.15552603,0.6817694,0.06420054,1.3173652,1.2862351,0.29930326,0.13989589,0.03598243,1.0908402,1.3943176,0.44827285,0.0,1.3625188,0.5910336,0.041393135,0.23642963,1.325706,0.11708463,0.23510464,0.15779696,0.004927639,0.779232,0.8698395,0.26475683,1.7997482,1.370395,0.3414803,1.5683995,0.853541,0.10480869,0.5615537,0.4387415,0.33298254,0.39555666,0.40673885,0.6291862,0.3874085,0.5244805,2.9573557,0.97168916,0.42565325,0.110334106,0.084530234,0.29041246,0.54785293,0.34174427,0.27437666,1.4188929,2.4207478,0.14585443,0.78985184,1.1793269,0.12739567,0.10225582,0.3510477,0.47752246,0.21627332,0.7248772,0.2935546,0.35520878,2.2768075,0.5077142,0.15436289,0.5389512,0.053125866,1.955297,1.4273382,0.96267766,0.2483868,all_pothole_images\pothole_images_2_image_87.jpg
0.19610377,0.9587943,0.20445193,3.0170393,0.55903333,0.188873,0.2626749,0.0,0.76524734,0.5941793,0.18136363,0.40395704,0.0,0.82792217,0.0097362865,0.103030115,0.05985146,0.21061485,0.11734923,0.14360256,0.4430699,1.7647706,0.23558435,0.3353245,1.0357814,0.4482347,0.02979465,1.2486211,0.08274456,0.14813365,0.29774755,0.10653702,0.13367222,0.007489815,0.13042493,0.7668094,0.7411893,0.30147377,0.3445108,0.0049591865,0.27111426,1.5515682,0.6489049,1.6289496,1.8626419,0.11174278,0.12351211,0.011451924,0.44015518,0.14439474,0.01771579,0.06288164,0.22047144,0.0299877,0.028548313,1.172407,0.78854597,0.41697535,0.055774774,0.37447193,0.14365001,0.18184112,0.65539026,0.29182434,0.34984937,0.6947947,0.37283242,0.03758946,0.00482932,0.15385847,0.10648562,0.45051175,0.11518673,0.41053772,0.14680976,0.18152365,0.087748975,0.518347,0.025519945,0.017483704,0.0923695,0.5135063,0.73756284,0.78176177,0.007213301,0.00077524537,0.22858721,0.0013091636,2.1081889,0.12214961,0.017693356,0.117401935,0.004848985,0.25479767,0.18885124,0.0074482374,0.5472435,0.6053187,0.585156,0.8273753,0.27002174,0.89002126,1.452249,0.098299585,0.5074643,0.051109426,0.30029422,0.21350847,0.23227625,0.3719382,0.0,1.513907,1.8090954,0.16277735,0.8133685,0.55341,0.42503336,0.12068876,1.8512489,0.33306426,0.8113769,0.10885114,0.039319657,1.1400577,0.63376397,0.83379376,0.23981051,0.007895832,1.185879,0.09955312,0.10102648,0.059751723,0.051089436,0.16411059,0.23231356,0.28731528,0.07078325,0.05770401,0.7963979,0.09432415,0.18613459,0.23809405,0.31478885,0.3113285,0.332996,0.76321995,0.025833985,0.09627346,0.45513007,0.107177384,0.17407306,0.29199576,0.054238066,0.31876004,1.6394395,0.17747073,0.033922132,0.14368476,0.41959667,0.49351102,0.72704065,1.3746538,0.0056565907,1.0944858,0.61423707,0.26370904,2.4774294,0.47140417,2.0570967,0.6741522,0.034281164,0.083005756,0.18346527,0.81739604,0.52931935,0.22817875,1.4413793,0.43783918,0.92807436,0.006923578,0.05124511,0.9862831,0.6581708,0.08020077,1.8140676,0.6859235,0.5811981,0.82547265,0.0810699,0.72019273,0.040434252,0.17306009,0.016369522,1.3903282,0.48810592,0.021341,0.8001518,1.7576203,1.0498139,0.7895676,0.0028014774,0.70168024,0.41647002,0.35332277,0.23708458,0.27554396,0.09614173,0.020239476,1.7906846,0.21311882,0.0,0.20466341,0.99821955,0.5251753,1.0569247,1.5819544,0.0,0.2219586,0.2533327,0.18077692,1.8177241,0.0037342492,0.0019164042,0.17704734,0.0,0.3138855,2.1194584,0.0,0.25412256,0.813158,0.17907862,0.21469128,0.14261349,0.014501545,0.74068636,0.0018679905,1.294376,0.0,0.5267597,0.34972015,0.0644811,0.5505331,0.31748042,0.09663331,0.03065204,0.07063634,0.3538456,0.38477048,0.15151875,4.730862,1.4678487,0.115243696,0.08895516,0.54614395,0.020464795,0.12737292,1.5858425,0.16698378,0.47449246,2.31704,0.20164391,0.05646147,0.729084,0.07866028,0.39353022,0.33382702,0.24903987,0.085772045,2.2120953,0.100050054,0.3470886,0.072955176,0.41707516,0.010782852,0.54739046,1.3154994,0.015107568,0.16587044,0.1824058,0.96868443,0.5069223,0.17035677,0.32732677,1.0534482,0.23430158,1.2811192,1.0219234,0.52072376,0.9917322,0.4149229,0.06510382,0.29323062,0.03814181,0.46530512,0.006528545,0.043551847,0.07773224,0.7399956,0.18760201,1.5020565,0.78017664,0.88124645,0.031882245,0.67331046,5.799057,0.6831479,0.1693399,0.40675673,0.06640853,1.0578479,0.012717236,1.1245943,4.5174212,0.45105532,0.1309152,1.5685933,0.046130802,2.4705734,1.7715975,0.0,0.002859589,0.02366634,0.0,0.08560928,0.24981594,0.06491645,0.35378,0.029658852,0.08837086,0.3359424,3.8722851,0.045089856,0.019815693,0.20445003,0.0003549731,0.004632352,1.9339081,0.10541853,0.0019461485,0.12452515,0.45730954,0.4978042,2.0021722,0.17266896,0.87781537,0.08369492,0.30111486,0.90361285,1.2628008,0.20121743,0.9259586,0.39305025,0.015570947,0.003258501,0.20832275,0.0007383697,0.022888346,0.5307285,0.27300125,0.48769674,0.0,0.14342657,1.6285543,0.37883905,0.30730268,0.11091751,0.80188596,0.0400651,0.05118739,0.0045466344,0.05413816,0.58494544,0.13205521,0.0,0.13636275,0.4266103,0.044085875,0.29002658,0.10133659,0.014866555,0.017327217,0.04315289,1.0665431,0.34348848,2.3478644,0.4429829,1.766648,0.038612872,0.11159509,0.7301756,0.47909904,0.6253995,0.012433383,0.35217133,0.0,0.13195401,0.5028237,0.5834005,0.016734777,0.21043971,0.47394383,0.68984026,0.055250462,0.50537086,1.1885815,0.6700866,0.09188959,0.11375928,1.2122437,0.1021122,0.32887095,0.0847252,0.12981784,0.25100288,0.06929964,0.2213028,1.1943691,0.41685453,0.48858586,0.30151212,0.9357498,0.1582382,0.6433377,1.0424446,1.2615811,0.41657576,0.4430125,1.2386398,0.49455783,0.059035845,0.4854615,0.009136996,0.21394247,0.043716058,0.05131086,1.2635096,0.2201602,1.178416,0.04445459,0.981898,0.39407083,0.35122874,0.4699771,0.06497682,0.0042120484,0.0,0.69926745,0.022405619,0.113191605,0.5556109,3.2664347,0.027362784,0.66760963,0.49247336,1.6367891,0.14070164,0.6315559,0.5448472,0.29188052,0.82341313,0.6736845,0.11786906,0.92884916,0.054097876,1.1462268,0.113156475,3.8970487e-05,0.0,0.17532109,1.0791885,0.08291601,0.05607718,0.10463378,0.053084042,0.384109,0.0060243434,0.8207695,0.48302656,0.28282434,0.084639765,0.0,0.78326327,1.8077561,0.38254204,0.025676012,0.91395646,0.23575535,0.05150736,0.14254649,0.14451647,0.14441918,1.3354064,0.16239363,0.04170249,0.021890517,0.14114831,0.9852757,0.008945245,0.0,0.026245492,0.51222646,3.7770674,0.7543247,0.31009737,0.4964207,1.5763028,0.7528052,0.05675432,0.14824253,0.47761053,0.016080314,0.46591932,all_pothole_images\pothole_images_2_image_88.jpg
1.1527776,2.002755,0.36055046,3.7167525,0.57383144,0.3130277,0.7156966,0.9828355,1.0334086,0.81956285,0.42107353,0.30738965,0.03474891,1.6577158,0.11747613,0.08057055,0.07520059,0.04270389,0.43293512,0.33297977,0.96453905,1.7955172,1.6739519,2.2231174,1.4132179,0.18223149,0.002508709,1.4008534,0.8510112,0.97386354,0.3649182,0.41248596,1.0828017,0.80710787,0.2679423,0.022682978,0.43914357,0.4739477,0.93137145,0.24512316,0.246024,0.14483826,0.40495092,0.11691488,0.9405668,0.24284966,0.1205166,0.37451872,0.50901943,0.0,0.24572445,0.19563846,0.4613971,0.32911262,0.12487606,0.44186214,1.8253729,0.1422593,0.36671472,0.04196949,0.018294707,1.2391466,0.5359253,0.8602651,0.16183856,0.9211472,0.7147574,0.40803832,0.26600665,0.048628185,1.4434719,0.004019262,0.39629784,0.05920461,0.77423453,0.30017173,0.35011756,1.1219815,1.8627524,0.9219771,0.038302604,0.5341429,0.96443516,2.5588906,0.040024493,0.11944619,0.7497387,0.16046652,2.8305695,0.25812814,0.14889993,0.55381286,0.014167544,0.74028105,0.23964348,0.07528252,2.255684,0.7314481,0.9205102,1.1773127,0.04932981,2.1880753,0.7975261,0.45558286,2.527925,0.004134028,0.20347567,0.03208475,0.011575286,2.1085196,0.019788789,2.097034,2.1528823,0.6692332,0.55418885,0.54036665,0.83060265,0.59750825,0.40007696,0.41902164,1.9556473,0.32385734,0.09459873,0.63352656,0.77214414,0.62605244,0.3531854,0.6267249,1.0713,0.26717865,0.8098344,0.14581566,0.093587145,0.5623776,0.5258777,0.31636503,0.065414995,0.69147265,0.7002163,0.49975473,0.3021478,2.1979964,0.6458492,0.3823794,0.1166613,1.4676311,0.20058556,1.9501866,1.1936816,0.34336776,0.10357024,1.7889552,0.86019284,0.4269556,2.46561,0.72459537,0.92807037,0.061544426,1.2288263,0.48362708,2.5650883,1.324495,0.49105927,0.424177,3.202872,0.85698265,0.5532277,0.12152502,4.164439,0.64307934,0.7035836,0.090408266,0.045527305,0.1903459,1.670412,0.58812773,1.1659505,0.09811701,0.28475016,0.11639126,0.16443217,1.5769777,1.189126,1.9419298,2.571081,0.92880714,0.822856,0.16516413,0.2632043,1.1832538,0.09972589,1.013151,0.05273498,3.4472618,0.46802846,0.024193993,1.5384243,1.0831703,1.7986898,1.4020411,1.56595,1.704707,1.3209457,0.5267115,0.4411013,0.5901255,0.57035625,0.21804084,1.6956421,0.5920644,0.0125491,0.94648093,0.8861173,1.271663,1.1709286,1.2389797,0.3279854,0.18594338,1.1802583,0.2244369,1.5092041,0.058508538,1.2266817,0.77743506,0.3736776,0.049329795,3.737828,0.5293393,2.240559,0.15243648,0.03747035,0.6999573,0.9384174,0.55083007,0.19049756,0.1355912,1.9059688,0.21408373,0.6734526,1.0727015,0.74925244,0.33997577,0.9268102,0.44407976,0.5366732,0.02908577,1.1876882,0.3230494,1.6940289,5.5414634,2.277249,0.49640942,1.1855185,0.01869988,0.4284073,0.08354518,1.5593925,0.57852304,0.15724035,3.0131438,0.17119516,0.45522022,1.332309,0.46469155,0.22606239,1.1578193,1.7300153,0.061403755,2.4235268,0.251421,0.28045526,0.011696201,0.997029,0.49534124,0.25188297,1.1826606,1.0808388,0.9361911,0.6594056,1.4844266,0.119051844,0.89351106,0.6280803,1.9735093,0.5863619,1.0258607,0.80317724,0.7839648,1.4834396,0.049640503,0.0009294165,0.42015958,0.47610474,2.3684256,0.4004171,0.43462238,1.1017785,0.49476337,0.027397212,1.5137419,0.081306934,0.5554495,0.4785752,0.29492503,2.571652,0.32678354,0.53563774,0.97321486,0.4686379,0.06604101,1.2499791,2.2627494,2.8591359,1.2306561,0.044317726,1.0699606,0.06557261,2.8192525,1.4764061,0.4913717,1.3519437,0.6802261,0.10571189,0.3781831,0.22273934,0.59517753,0.86056584,0.19431986,0.5809944,0.26770592,1.7620949,0.080271006,1.1692106,0.35659936,0.24654377,0.1843926,1.8138349,1.144956,0.377757,0.5349838,1.1094784,0.8703489,2.7037022,0.18859203,1.5917751,0.085665956,1.1239566,0.05705741,0.744024,0.5108343,0.103375316,0.41694018,0.148097,0.94300854,0.6779933,1.4764613,0.3543305,0.8832246,1.7057106,1.4136933,0.29702604,1.1017452,1.306546,0.37555242,0.02351613,0.0,3.5871463,0.29200482,0.21149223,1.1333442,1.6217465,0.51482326,0.30030817,0.02525992,0.6871837,0.4343286,0.097752005,0.48873818,0.16451749,1.3382313,1.5175202,0.13769434,1.0595263,1.010541,4.333921,0.10135925,1.5320528,1.1880366,0.3848001,2.9965467,0.20080516,0.93208957,0.16350155,1.6210176,0.02260318,0.32554713,2.5606565,0.8468377,0.7284149,0.118682496,1.3223221,1.2774798,0.9966316,0.9440143,0.48037648,0.1156147,0.30984858,0.5603701,0.09050951,0.34409714,0.24030991,0.49659693,0.74282223,0.5188577,0.06985032,0.19396186,0.97092366,1.98666,1.0952519,0.023747098,0.8066783,0.498484,1.3344864,2.5884736,1.2837859,0.61772525,1.7556692,0.22811066,2.4710288,0.99596816,0.47134185,0.94109786,0.6450484,0.021069838,0.6598906,4.220999,0.023423087,0.07886665,0.11587293,0.62451965,3.5096335,1.3368199,0.1399729,0.0,0.10403968,0.06729212,1.1815563,0.5217878,0.059962407,1.1682429,0.67744166,0.21887906,0.6757906,0.64430016,1.386963,2.1819787,1.1724772,0.0006850009,0.32132873,2.7603018,0.67973226,0.76070845,1.1767436,0.0032586975,2.4286146,0.34143224,0.7948301,0.0,0.3312784,2.528991,1.214243,0.081967294,0.18696107,1.3953873,1.3092669,1.359687,0.32836482,1.5707359,0.8094476,1.5001818,1.8550737,1.3734118,2.657789,0.18198296,0.06429758,1.4163783,1.7053412,0.0003444861,1.1087838,0.010258375,0.47834587,2.4830759,0.02719666,0.0,0.29443625,0.055041585,0.32578155,0.41383237,0.13324632,0.39848787,0.043644413,5.9630246,1.0556009,0.167963,0.46969777,1.122665,0.3049336,2.280891,0.033284124,3.2091188,0.3369854,0.20929435,all_pothole_images\pothole_images_2_image_89.jpg
1.5271785,1.7733649,1.8312007,1.0951955,0.4291139,0.965801,1.4397054,0.8856233,1.3005533,1.0998806,0.13545373,0.64274913,0.23999846,0.7692615,0.710056,1.6897271,0.9647004,0.21235462,0.79763925,2.7002516,0.3359403,3.6874263,1.6884848,1.3480196,1.1171628,0.84311485,0.28811994,0.65861267,0.930918,1.8475822,0.4344754,1.1260844,2.7909734,1.3521013,0.21606757,1.591322,0.47746685,0.18710633,2.7178757,0.67186415,1.3132179,0.9531808,0.23291439,0.13085057,0.2515656,0.8831914,1.4096458,0.5899383,0.265478,0.84743327,1.2648087,0.12733015,0.33230585,0.31951106,1.1619961,0.96451265,0.025804853,0.0,2.565713,1.5246556,0.2184136,0.16650188,0.22413798,0.026472902,0.14193974,0.4942653,0.36616573,1.2823025,0.20236163,0.50505936,0.7902159,0.5286688,0.56284875,0.76776075,0.61996734,1.6873748,0.7754342,1.9577596,5.642534,0.47718075,0.010670459,0.0,1.325952,0.58732855,1.073241,0.14937446,0.33840993,0.17070875,2.9690387,0.93913734,0.40868342,0.17111927,0.40538222,1.1432767,0.31054246,0.030930098,0.78319705,1.0577681,1.5090042,3.6233795,2.187064,2.5897386,1.0344679,0.5185061,2.7445006,0.12060631,0.00021142288,0.59377426,0.3984886,1.4185518,0.38797316,3.0146172,0.7078953,0.6401183,0.0,0.105021425,2.1819513,1.0786508,0.556199,0.16833815,2.4828627,0.6095726,1.8072464,3.7928345,0.8155055,2.0449018,1.0864478,1.986258,0.41081315,0.42693272,0.0,0.31482977,0.6737878,1.8516533,1.167599,0.16334718,1.8385389,4.270644,0.5795698,3.9800963,0.48549083,0.007334537,0.18869466,0.798141,1.1159278,0.22636433,0.52910084,3.3907113,0.25411552,1.5675335,1.0782274,0.5549228,0.047105987,2.1869211,0.35900688,1.06946,0.4531361,0.40918532,0.66877264,0.49465156,0.2259676,0.80694145,0.1902733,0.25141853,0.95398647,1.6210405,0.0035118023,0.057121452,4.73129,0.7291701,0.8298983,0.03700405,0.007900831,0.6113121,1.6617612,0.38189003,2.0202055,0.21886978,3.2475708,0.79497886,3.0197499,0.84197545,1.2104275,3.7710888,3.4549968,0.07860169,0.41735435,1.0506425,0.9132089,1.7887102,0.25693294,0.72365,0.48001572,1.9019314,0.36251915,1.4997983,1.8788159,1.111808,2.3555644,2.4435866,1.2429336,2.2968957,2.259741,0.49876106,1.451755,2.18386,0.55341464,0.40195686,1.0447558,1.1550682,0.7073482,1.2196642,0.7464626,1.9469528,1.6032985,1.6897666,3.6115448,0.5462096,1.0554259,0.12151341,0.13472585,0.35441768,0.3597023,1.4582165,0.069258094,0.70950407,4.3335514,1.0648254,0.70625025,0.18517177,0.2664923,0.35082793,2.7400463,0.29629236,0.27390537,0.31343403,0.45048624,0.18718773,0.6958777,1.1403184,0.608563,0.40977377,0.2336284,2.1726892,0.6785305,0.09953591,1.2607636,1.1190562,3.316862,0.55121917,1.2263615,0.92352504,0.5907186,1.3471009,1.9440694,1.5059333,1.5380837,0.19869055,0.9374472,1.0306414,0.18244122,0.05117309,0.2592763,1.4085826,0.0048213936,1.8240618,0.12771483,2.2548819,0.23301145,2.7918441,0.044394508,0.9930557,0.55099213,3.0938458,3.223349,1.5608888,1.5620494,2.0642943,0.07246779,1.2356014,0.08519013,1.3306407,0.327505,1.5952048,2.3899453,0.6223046,0.6562162,0.7036664,1.8108467,0.23388115,0.50282925,0.77055496,0.09197747,1.1111919,0.15293086,0.104727365,0.6279267,0.14473812,0.77004397,0.43811372,0.26184082,0.20805177,1.680002,2.0988233,0.84560674,0.9019194,0.54303217,2.3229463,3.0518162,0.32993442,1.0638577,0.33155835,4.331449,0.9307722,0.1779653,1.1540557,0.69750196,1.4585863,0.3520395,0.0027740311,2.8722682,0.40719268,0.20691513,0.7439354,0.26036513,0.8295019,1.1233217,0.46397063,0.011351517,0.724146,0.7201804,0.5603427,0.49455634,2.3066325,1.2527822,2.3725646,0.43856066,1.9545747,1.0618536,0.6706834,5.0923486,0.4746325,2.3403425,0.11066873,1.9100858,0.29791918,1.6670711,0.004190806,1.7009498,2.3837006,0.19316497,0.60738766,1.2135997,4.6487465,0.93401784,2.1154454,0.78395265,1.0617568,2.1935413,0.60073787,1.4046994,1.0038589,0.73770154,1.3030611,2.6912906,1.5033447,0.5344467,1.0085139,1.0728062,0.7270201,0.40802526,2.0118365,0.4039269,0.0074860086,1.1187224,1.2704318,0.7603249,1.7229522,2.6815615,0.2438769,0.16223036,2.2960582,2.4920738,0.847618,3.1498966,0.036255263,0.6220873,3.5993948,0.6987865,2.9438467,1.9011028,2.034843,0.0022427521,0.7811881,0.42237908,1.269212,2.7812262,0.74062717,0.5561259,0.670369,0.7694055,2.0869217,1.5703965,0.3877195,0.75988233,0.66611767,0.25992116,0.14833027,0.23772648,0.9748128,0.6378999,0.6344565,1.4410107,0.09831674,0.0010400468,1.1993777,0.76474947,0.8630898,1.202394,0.23791285,1.696359,0.50614035,0.7359268,0.39864564,0.44488317,0.5427823,0.8982456,1.9632703,1.5521121,0.9267354,0.19423784,1.1723176,1.6575634,0.212613,0.34950942,4.5157495,0.100411996,0.0,0.9680585,0.10931207,1.5750059,0.7949884,0.31607884,0.3468724,0.41822156,0.050816175,1.5656424,2.1885629,0.088259645,0.9081828,0.25648186,2.1799376,1.9359809,2.2845666,1.3211087,1.4924628,0.6965894,0.68909866,0.1384373,2.907638,1.478036,2.1747568,1.5130336,0.0,2.6405652,2.307876,1.0256119,0.50821847,1.5219543,1.3283106,3.602111,0.13394384,0.359416,0.9994217,3.3609867,0.74414074,0.22906637,1.0956323,0.9728722,1.6858343,0.5356319,2.133729,1.4942219,0.8852848,0.010994332,0.21178389,3.8903291,0.15668124,1.1673291,0.27300805,0.9585118,2.072328,0.40444517,0.2254249,0.5762548,0.544703,1.045999,0.8102586,0.7927193,0.6314918,0.37726775,2.7780144,0.7062093,2.455523,2.4827375,0.012907074,0.43832603,1.9881706,0.3107831,2.000783,0.08476445,2.5624697,all_pothole_images\pothole_images_2_image_9.jpg
1.6926813,0.28877294,0.24051622,1.662465,0.052041084,0.06025668,0.19903533,0.03713807,0.4133286,1.4684993,0.8718619,0.9867016,0.89409745,0.7329215,0.207491,0.8535249,0.14665937,0.50201577,0.4133521,0.03269839,1.2142681,0.9474669,0.30474776,0.22017457,0.5336286,0.7440381,1.1518649,1.699843,0.27840412,0.46124142,0.5345366,0.3685005,0.33685258,0.4812295,0.35070676,1.0657153,0.31565544,1.2695156,2.4348783,0.28409722,0.03399631,0.39128405,0.26131776,1.7332283,0.7350289,0.010338271,0.10824669,0.055716056,1.0668716,0.33091488,0.20778558,0.020362578,0.32337484,0.0,0.002235183,1.0081269,0.19583915,0.46052855,1.1346209,0.44251612,0.1309741,0.7401976,0.091089696,0.22003692,0.76637655,1.492476,0.23770106,0.29551092,1.0231605,0.17802343,0.0792601,1.0005168,0.63373625,0.7815147,0.47303456,0.37009645,0.54669195,0.299527,0.0017806382,0.025985178,0.29706502,0.21641022,0.024940548,0.7684994,0.6396542,0.11206888,0.14844912,0.59207344,1.7425797,0.9961703,0.23187466,0.44048643,0.38465682,0.41707414,0.8083301,0.21907225,2.5477443,0.8974771,0.5363701,0.53851503,0.12014651,0.0020664881,0.44974238,1.3278246,0.9477451,0.17777343,0.24539389,0.088251695,0.3179921,0.17161748,0.0,2.2910361,1.4985735,0.32936466,0.106756695,0.4382271,0.7523333,0.4859852,1.1765418,0.9858559,0.5533325,0.12906836,0.11676818,0.17185183,0.47116268,0.19910629,0.7472713,0.10996985,0.66579,0.145586,0.22810964,0.14972396,0.469796,0.056576543,0.05155214,0.9933038,0.19620821,1.1382471,0.54016334,0.0046493476,0.018451663,0.61187595,0.14424255,0.2810763,0.06499793,1.7692562,0.64979875,0.0119707305,0.98334,0.4871401,0.4831907,1.1587615,0.0,0.39170945,1.2890742,0.7747714,0.07643822,0.14570045,1.0522116,0.55108476,0.45574677,3.0236063,0.102293506,2.241546,0.34183246,0.94945127,0.4850258,0.0068172156,0.55057013,1.0681663,0.11754914,0.07895383,0.04996254,0.35140294,0.08420299,0.013616196,0.23340711,0.0,0.7375295,0.5822024,0.26814362,1.7680882,0.7199596,0.33105975,3.2192297,0.6029431,0.06453398,2.5475,1.4529257,0.41679057,1.0563638,0.86264634,0.08221367,1.5357239,0.07242323,0.19650742,1.0898495,2.1445477,1.363834,0.13211103,0.09462185,1.7403567,0.55660915,1.0815262,1.5605851,0.30269662,0.013368314,0.60160375,0.8299716,0.2919218,0.0,0.036668655,1.1699748,0.11919362,1.413458,1.4255824,0.09650416,0.21390177,0.260437,0.29293162,1.6306251,1.156364,1.3669196,0.5728961,0.08694108,1.4146199,0.9051888,0.0,0.9875304,1.1594789,0.024695208,0.6081245,0.24247114,0.8131373,0.13816445,0.5089025,2.3835773,0.0600911,0.20182456,0.32408676,0.49317074,0.6730146,0.02772472,0.034736816,0.031516884,0.11612883,0.68780845,0.023123361,0.61355764,5.244716,0.26166892,0.24337229,0.63325465,1.1769599,5.1191604e-05,0.30525786,0.8984974,2.2860355,0.14447229,1.9046953,0.3575618,0.031467147,0.57396686,0.9369474,0.63819766,0.73830706,1.4353114,1.7206141,1.0490953,0.046564996,0.96247506,0.16122086,0.0058958977,0.87085676,2.4849918,1.64293,0.56427664,0.05372063,0.03707946,0.75631714,0.27521178,0.46929628,0.83031523,0.15692355,0.06352094,0.48518634,0.95162964,0.18657595,1.1202611,0.96171194,0.20491952,0.06114733,0.5082223,0.27387995,0.660038,0.00063262205,0.85309094,2.3640976,0.5653339,1.6304358,1.2188692,1.4981165,0.029292654,0.66828966,4.4453955,0.581009,0.24092565,1.0045954,0.18562979,0.09035122,1.064617,0.45310542,3.1354861,0.83301795,0.13286552,0.8874682,0.32411638,1.293234,3.2941003,0.46570158,1.4527429,0.14797312,0.5110218,0.061504386,0.28856814,0.10899039,0.23647705,0.12283208,1.011964,0.16853473,3.6049414,0.11495231,0.012492466,0.15001191,0.7679672,0.03751386,2.1418216,1.3287338,0.1596411,0.29410565,0.00042196314,0.14682744,1.2408376,1.8984183,0.23669976,1.9037862,0.0017644482,0.2239634,0.22253771,0.77221197,0.33328444,0.87302583,0.15950318,0.020119011,0.16844186,0.044134066,0.068217136,0.66902703,0.0072391164,0.59280723,0.05137203,0.17678966,0.40116578,0.91103286,0.19612594,0.1046141,1.3705338,0.07138821,0.24253167,0.012212582,1.5635073,0.89553565,0.17897987,0.0234441,0.2412034,0.14132443,0.026035342,0.1154898,0.8616481,0.40773466,0.9155668,0.052157372,0.931334,0.98905957,1.9971462,0.610155,0.67462116,0.0,0.0759426,2.2750735,1.6759067,1.4098984,0.6465686,0.29359442,0.7414708,0.16271111,0.37234986,0.39484486,0.79168683,0.016034704,3.195521,1.1010294,0.3655661,0.050354946,0.62488866,0.16348171,0.28413787,1.5131156,0.21504071,0.030751493,1.0555712,0.7153834,0.5725007,0.7629983,0.0,0.0056987153,0.10019631,0.56557983,0.06865496,0.38559103,1.8911601,0.4349555,1.077633,0.87099504,0.76693314,0.19298509,0.67605764,0.57759005,0.16769907,0.9521655,0.023686938,0.6163127,0.7946168,1.1083114,0.09148152,2.0372972,1.6615897,1.3410009,0.71345735,0.28405622,0.20162112,1.6832378,0.29600722,0.3760786,0.04069353,0.02723396,0.031639263,0.22423156,0.15443468,0.5868968,2.0965276,0.38177896,0.7723225,1.7641547,0.8495217,1.3376075,0.52749807,0.18615143,0.9048242,0.8944962,0.4790254,0.06745423,1.5943061,0.0,0.13192914,0.39007366,0.2508296,0.057587504,0.1897075,0.24738187,0.21995573,1.059506,0.18907632,0.111218005,0.4744265,0.09102148,1.6512123,0.9090908,0.23562849,0.15287937,0.28686014,2.1942823,0.8986383,0.2526588,0.009181996,0.45360312,0.64872235,0.008763936,0.9554806,0.0,0.82415193,0.21787605,0.35179496,1.4053411,0.0,0.16464381,0.053431675,0.09364843,0.05180243,0.18416595,1.112476,3.739261,0.61629164,0.34286726,0.61656445,1.4701588,1.1941336,0.39981005,0.60169804,1.6130494,0.33110955,1.341262,all_pothole_images\pothole_images_2_image_90.jpg
0.3104219,2.5280375,0.3966348,2.6528637,1.4789017,0.62501585,1.2578523,1.5352011,0.4440328,0.49347967,0.8552788,0.7345836,0.15573376,1.8306215,2.3318675,0.27654338,0.47508284,0.8749156,2.6681206,1.4066844,0.08530558,2.8063064,0.14629206,0.5423544,0.21153685,0.713367,1.9133675,1.2485545,1.5558157,1.1160896,1.1128646,0.28563043,1.9516556,0.026728915,0.71922916,2.6636782,0.758797,1.933434,0.15429713,1.0510216,0.89475274,0.22973259,0.34247285,1.9603745,0.28533167,1.1737485,0.19926666,0.0028454328,1.1480687,1.0486186,0.95492125,0.8754598,0.25744778,1.1632637,0.17012167,1.3085333,1.9429963,0.325597,3.5060873,0.27547103,1.0198572,0.6185908,1.2331384,0.6701431,1.0505043,0.9389576,0.5076542,4.238722,0.6315367,1.2351768,0.69173664,0.28139237,0.053534172,0.5175618,1.4746664,0.8914298,0.56893384,0.7655416,0.35079765,1.3674831,1.2137883,0.33684495,1.2219075,0.72466356,0.75131786,0.6254819,0.75456226,0.8900114,0.81492776,0.5020551,0.079599716,0.4689289,0.46281254,0.7523626,0.877461,1.6462387,0.867349,0.8885727,1.7144026,1.8560486,0.18277724,1.2817435,0.7830069,2.1859894,0.5508682,0.72845405,0.29568037,1.7868606,0.05679993,0.026147548,0.22753108,2.7873447,0.20410319,0.08893453,2.8367682,0.053131286,1.3708898,0.1591203,2.4555616,1.4697521,1.0292282,0.5781474,0.014065649,1.4675664,0.13600394,0.15883999,1.433783,0.1718825,0.23427406,1.2205496,1.8390229,0.14283744,0.43662748,1.1538904,0.19934736,1.2988815,1.5447711,1.3970903,0.5508219,1.17605,0.2103285,0.3634256,1.0899659,0.48135683,0.049867764,0.8059861,0.47983566,0.27096573,2.874288,0.30021977,2.1552885,0.47508413,0.28768787,0.37615973,1.6938336,0.18461032,1.6266755,0.45062068,1.7818155,0.27837574,0.7000041,0.2284,0.54117346,3.5708823,1.392498,0.54188746,1.5571548,0.18754981,1.5773296,0.12302356,0.61836517,1.2395159,1.250721,0.88039565,0.21764806,0.03958945,0.1833163,0.7372142,0.9056134,0.9773257,1.0154108,1.0119522,0.27545682,1.324555,0.48890147,0.75515896,0.33364245,1.3109052,0.69750404,1.6287295,0.20786674,0.8363434,0.12498579,1.1860195,0.4262012,0.4795241,0.5495165,0.09928158,0.45539457,1.1016785,0.8571467,1.2126983,0.15318319,0.36393672,0.012834395,0.40267882,1.6359107,0.27944544,0.50793123,0.83737797,0.25084755,0.9255721,0.9854285,1.199016,0.92162913,1.4837892,0.4231894,0.19311722,0.2136541,0.7127091,0.4857329,0.27805978,0.41565147,0.5730512,0.2790512,1.387727,0.9208819,0.09545966,0.2953782,0.72151107,1.4673367,0.98751473,0.6477786,0.11695377,0.387832,0.003684462,0.73479,0.08972234,0.1449093,0.7354885,0.9245932,0.6916368,0.42439425,0.8500131,1.1872452,0.41035149,0.13182515,0.15112,3.2824981,2.2245045,3.5531473,0.49078462,0.36101297,0.050372317,0.30646318,2.1837997,2.7559955,0.29725635,0.53399706,3.7640567,0.28210893,0.9349238,1.9194345,0.97428846,0.5489025,0.64360136,0.05579767,1.2211796,0.5386848,0.7232183,0.026383944,0.99324775,0.5770146,0.0143359,1.0763954,0.63832533,1.182858,0.17786439,0.7754995,0.9932111,0.8821417,0.7213534,0.27602324,1.8341148,2.451409,0.43948948,1.5668458,0.4344299,1.6967646,0.25250784,0.49116337,0.021208216,0.12129638,0.09661921,0.42628226,0.8574715,1.130444,2.6705742,0.416041,1.2581624,0.3005047,0.809629,1.724865,0.47619948,3.058523,2.2076128,0.09510375,0.81526273,0.97593856,0.9283545,0.3129457,1.2001673,1.3033787,1.3172812,0.83711374,1.750316,0.19668442,0.88888806,2.818088,0.09855909,0.85230887,0.5485506,0.6310855,0.056240153,0.24159649,1.850305,0.618334,0.93849576,0.48375148,1.5367833,0.6410897,1.6564754,0.2861377,0.43894988,0.13609555,1.5237124,1.908303,2.9379156,0.63377225,1.0675924,2.971283,1.2252586,0.80579543,1.1931099,0.37444562,1.0691183,1.8836433,0.9401874,0.19913548,1.6834489,1.654673,0.2195802,1.0620728,0.5296625,1.2922769,0.45954362,0.48436156,0.76989794,1.2565188,0.30855656,0.9701745,2.0377426,1.1789172,1.119146,0.36911902,0.11243866,1.100289,0.12618957,0.25060087,1.7456702,1.4238069,1.3251623,1.3896194,2.0463047,0.16731447,1.2495348,1.0639299,0.18979067,0.11562746,0.94323707,0.59937185,1.5602266,0.084634416,0.6505836,1.6947342,2.4610813,3.8164115,1.1957493,2.6576526,0.6721617,0.9317992,0.17839782,0.8452205,2.1394591,0.69922435,0.00983948,2.388851,0.22750187,1.9374533,0.555073,2.4910731,0.20070836,0.92430425,0.43028298,1.1909012,0.24474074,0.31587124,0.8424248,0.33001342,0.72292876,1.5713888,0.34341913,0.0052798134,0.87694114,0.1218903,0.5233053,0.774154,0.34172356,1.4608862,0.39170915,1.8645933,0.704708,3.9988031,2.474963,2.1570623,1.4135109,0.62550914,1.0903673,1.9645276,0.6188306,0.58865404,0.8851857,1.6149528,2.3472855,1.1480467,0.55845743,0.7676031,1.0880843,0.16533083,1.8637657,0.9278193,0.53831285,0.23670642,1.0101657,1.2215043,0.99517953,3.1494987,0.009419339,0.98404783,0.6050891,1.622874,1.8703535,1.1306316,0.53775185,1.4475583,0.58944637,1.8329027,0.99535125,1.6769207,0.5927017,1.9118437,0.45961916,0.24537776,0.8223738,1.4468144,1.7556264,0.18396449,1.0299785,0.16334681,1.5799729,1.1453722,1.1760777,0.35771933,0.19164927,0.36382148,1.4989108,0.45868924,1.9668332,0.4652067,0.347815,1.3664055,2.1264236,2.0736277,0.25749874,0.03126133,1.0811416,0.9843184,0.23722205,1.3625094,0.28140885,0.791409,0.6799777,1.0023643,0.26786944,0.6335526,1.9658327,0.009104046,0.3429558,0.35752988,1.3844523,2.303081,2.5705707,1.0592171,1.4953314,1.6089829,1.2441142,0.20000845,1.475637,0.26191,0.5281276,0.7435444,0.79991436,all_pothole_images\pothole_images_2_image_91.jpg
1.067601,1.5415269,0.8512292,1.528998,0.2026791,0.77465117,0.72712135,0.37831247,0.2248395,1.6171483,0.78287315,0.36882654,0.0,2.9214041,0.08685512,0.56082433,0.24738045,0.72974086,0.9668445,0.7574705,0.44469434,3.4960687,0.3707031,2.1190886,0.5483524,0.53690577,0.40573967,3.7476933,0.31940994,0.9036367,0.5346458,0.6751506,0.5556592,0.59803915,0.9452996,0.760686,0.113517925,0.38334188,0.106953636,1.3695551,0.060152475,0.14940882,0.38226992,0.23509157,0.66788673,1.3238667,0.43740997,0.39063853,0.58996695,0.2513553,0.7741733,0.24625926,0.9216048,0.96921474,1.2582641,2.7396545,2.590435,1.4012921,0.03479054,0.43902946,0.6036285,2.8805974,2.1652749,0.071978934,0.87863326,1.3329248,0.92805696,0.92431426,0.4367179,2.0554137,1.426388,0.49496654,0.84325236,0.596871,1.7118275,1.188435,0.55270535,0.7607809,0.31768698,0.9674859,0.5235328,0.57301867,0.36970496,2.060949,1.0560946,0.6260877,0.6570684,0.06311017,2.9408338,1.2591672,0.28399423,0.18112671,0.60080147,0.56040454,0.5333103,0.6432931,0.2876485,1.1201777,1.1327674,0.9277854,0.36945423,2.9756896,0.85576326,1.6205373,0.3199279,0.42822587,0.52501935,0.19110756,0.23100539,1.3259307,0.25860214,1.7146602,1.2699943,0.064626805,0.61353135,0.31560788,1.9568329,0.8805687,1.426791,0.695579,0.35700506,0.95834583,0.15735148,0.5327408,1.3490278,1.0647911,2.713142,0.16748431,0.032903906,0.53400874,1.1706781,0.49016383,1.3573692,0.7033844,0.8507069,1.4042732,0.50396806,1.1203154,0.55056196,0.24411844,0.50893587,0.7457624,0.5952331,1.0380194,0.2146442,0.7896182,1.4277035,0.07618847,1.0974972,0.97081274,0.961438,0.48858985,0.31959864,0.3644956,1.428422,0.107503556,1.1046541,1.3229524,0.78408337,1.2441896,2.2073536,0.8986841,0.29335895,1.2856297,0.32999754,0.41320425,3.574233,0.33728513,2.634593,1.1540691,0.9097584,0.11900603,0.12839104,0.929256,1.5038778,0.6321463,0.21028545,0.22323246,0.84495246,0.6522139,0.6776886,2.2077823,1.3013916,1.0616039,0.4653987,0.28710645,0.19704093,0.38191846,0.97298336,0.6674881,1.5473348,1.1349229,0.65316224,1.7516373,0.17499278,0.33301383,0.136789,0.9487605,0.58720106,1.7169352,0.75602025,2.4000351,1.5836576,1.4089831,0.7034551,1.0403624,1.1433339,0.4473942,0.19258787,0.81458575,0.37338325,0.24008569,2.3759573,1.4633776,0.64981943,0.35030973,2.761679,0.1035882,1.8589767,0.8001852,0.19644167,0.39751947,1.7840657,0.85462016,0.72902983,0.9376003,0.86560386,1.4700434,1.414027,0.2583325,0.5529617,0.9086057,0.4257191,0.112545125,1.3555868,0.21085465,0.4158929,1.1751729,0.0746714,0.057312552,0.35108247,0.30068702,0.17956059,0.2696803,0.27427813,0.5353381,0.08916861,0.08228765,0.26083297,2.2892966,2.7887473,0.17889945,0.9385826,0.14620507,0.08008494,0.377308,1.8413272,0.47898942,1.6219264,1.7551531,0.9906462,0.40572777,2.483223,0.00794654,0.27789563,0.76910025,0.4237923,1.0010619,0.5915916,0.77080923,0.38047022,1.0305823,0.75836396,0.49300244,0.111157045,0.44949853,1.0054291,0.5670469,0.33851206,0.75196666,1.0634732,0.23951226,0.60651207,3.199813,2.4766757,0.27568522,0.6056568,0.8580054,0.24419793,0.28590316,0.2552958,1.9987488,0.18729277,1.8655295,1.1785504,0.7569029,2.2816164,0.21263881,0.7764458,2.370764,0.0140330475,0.22922383,0.44951972,1.9054904,0.46867618,0.48544675,0.4426519,1.4007851,1.0769299,0.71841484,1.9070908,0.860833,2.7691998,1.0636909,0.5143928,1.3835533,0.4831199,0.9889965,0.92158926,0.46315646,0.62178934,0.34067917,0.72278184,0.5581807,1.2807353,1.1000363,0.58974427,0.023824861,1.8474768,1.2062955,0.4051531,0.08711043,0.6653895,0.79602104,1.3544536,0.6766792,1.2961489,1.4179384,0.17863432,1.4291198,1.0270083,0.5085116,1.5171839,0.14307028,0.93926966,0.27509388,0.631604,0.2541238,0.43278039,0.6537942,1.2335057,0.41239324,0.9831148,1.3422496,0.028560793,1.420896,1.5357841,0.20756884,1.7254792,0.4374145,0.88211185,0.1762296,0.37513697,0.71152586,0.34230486,0.13132194,1.610307,0.5182398,1.0772748,0.50487095,1.7640138,1.5099716,1.0000483,0.52540505,0.5136823,0.8888505,0.079782195,0.34139523,0.4045468,0.5293298,0.13494627,0.12442004,2.0716612,1.1701803,3.5374157,1.7250967,2.1873188,0.6914539,1.2211423,5.1710634,1.7601471,0.022786811,0.13412358,2.319713,0.25518754,0.08961498,0.817819,0.42209688,0.4922521,0.33917737,1.9395905,1.0183862,0.3750252,1.9270096,0.41746965,0.0,0.35659066,1.0068588,0.69859374,0.2588386,1.4458811,0.2682404,1.07701,0.75622207,0.046268687,0.36841786,1.5097793,1.1198602,0.47152448,0.47672966,1.3498578,0.9236539,2.251297,0.83986306,1.0975003,0.8734241,0.63897556,0.74661136,2.1522164,0.67211056,0.21307427,0.75581723,0.22109114,2.128837,1.5943823,3.9070184,0.41297826,1.119651,0.90707,0.1728944,1.6519552,0.53540903,0.57335454,0.18755805,0.69174683,0.23372428,3.460786,1.8806194,0.3569465,0.7393589,0.31029776,0.42493844,2.8052197,0.41520566,0.90389496,1.75536,1.3286332,0.962094,0.0028545146,1.0081927,0.68216765,0.27242148,0.2357325,0.903563,1.810927,0.50554705,0.6181522,0.7875659,1.5625162,1.5445404,1.4492794,0.56177795,0.12902473,0.9045957,0.50009,0.7392687,0.23244052,0.74520236,0.6740697,0.20816734,1.1526387,1.1713979,0.35664117,1.3386545,0.09696412,0.77732295,0.32929423,0.0035393718,0.59251475,0.46997732,0.949684,1.0960876,0.26921704,0.040746275,0.46713006,1.1609921,0.30678162,0.8915368,1.44672,0.1660567,0.16086324,3.8244324,0.7275209,1.8411459,0.41804394,0.31370157,0.38944536,0.5269813,0.10762197,1.3250574,0.86536205,0.22936878,all_pothole_images\pothole_images_2_image_92.jpg
0.53867114,2.2286346,0.6600611,1.8158257,1.7688713,1.0590702,0.09024172,0.0,0.95431596,0.45281616,0.16783847,0.48051342,0.3685588,0.3864805,0.72902477,0.56097525,0.1257275,0.04035787,0.35369718,0.61032426,1.4746782,1.4138099,0.72502005,0.5481988,1.5743899,0.40394917,0.8387948,2.1670954,0.3821497,0.33722305,0.46079472,0.5409313,0.85875064,0.3721586,0.66083765,1.7292985,0.6806445,1.5403541,0.20829187,0.3272857,0.046173207,0.053226795,0.027255442,3.335613,0.62157744,0.15531339,0.11760305,0.6908795,0.38825217,0.5290246,0.44196707,1.6988049,0.6296929,0.58320546,0.4746502,1.5703193,2.508671,0.20636609,0.38289967,0.47457385,0.0003231631,0.68163943,1.0751252,0.19996874,0.19933504,1.2197703,0.2953123,0.77855426,0.5635278,0.4589497,0.7763622,0.6727036,0.7127734,0.33843267,0.6987054,1.2801361,0.29084593,1.110795,0.021952294,0.6837695,1.5663984,0.009926402,0.017305087,0.5489935,1.467013,0.33687276,0.060567584,0.12776692,5.590885,0.055416588,0.5752826,0.13732424,0.22291674,0.7391327,0.4737274,0.05404879,0.523984,2.70349,0.9988294,0.6763719,0.0,2.433005,0.21922818,0.6325339,0.35140252,0.12970154,0.2756943,0.09467635,0.035791975,0.54552054,0.21035531,2.021352,0.18184155,1.4747945,0.130664,1.0678141,1.6981659,0.035927422,1.5457174,1.0597689,2.3745515,1.0695238,0.15026468,1.2913183,0.8317318,0.98625326,0.2857796,1.1870099,0.9626569,0.4393074,1.025282,0.21570943,1.0670353,0.5923458,0.4791349,0.79044545,0.29165104,0.5196043,1.3077211,0.2069217,0.39342675,0.18051013,0.044912074,0.6105922,0.91862947,0.69101185,1.0755574,0.74124104,0.003705633,1.5182805,0.7198469,0.788385,0.10659315,0.002608056,1.0450913,0.58574724,0.74878067,0.13309522,1.6363678,1.0714304,1.0212771,0.57604074,0.19137032,1.8296916,0.0,0.32964215,0.48227742,0.067907326,0.9852748,0.35634324,0.87528235,0.5009816,0.5338328,0.40680772,0.791952,0.029121362,1.2981229,0.113235645,0.16408406,0.16370258,0.34202644,2.3428373,4.083519,2.546503,1.4566687,1.2179888,0.9811468,0.29759914,1.9516166,0.1639017,0.83210194,0.7061529,0.16037013,1.4716544,0.29076135,0.53549606,0.5471009,0.06431059,0.23188308,0.9145335,0.66062754,0.18337247,0.32520384,0.9520788,1.0235568,1.0002956,0.051551905,0.47349504,0.6895759,0.010213491,0.4466844,0.6361947,1.2993361,1.4607513,1.5014975,1.2624357,0.4288681,0.07504333,1.204788,0.015893761,1.9028656,0.016726688,0.33521792,0.16806293,0.16419742,0.5552752,0.47720543,0.2511469,0.27859008,0.8061971,0.17694691,0.7991691,0.44094917,0.042874496,0.4757442,0.48274136,1.4325223,0.31086335,0.04972125,0.26768038,0.22232036,0.03744978,0.12829643,0.0,0.15519959,0.2644346,0.5995516,0.0,0.3345688,2.9042196,0.9362244,0.38400513,0.46803886,0.81934106,0.9410375,0.1800677,0.9975895,0.032661658,0.43526363,1.4164174,0.46888295,1.1167047,0.6462013,0.23985699,0.53401387,0.8369163,0.027016751,0.5731399,2.0037353,0.022617606,0.16854346,0.2579792,0.4623065,0.24599534,0.24787688,0.8661161,0.3329689,0.17334883,0.07228323,0.735383,0.06026976,0.07758511,0.650981,0.046033993,1.389859,1.092808,1.9915626,1.2686087,0.7078045,0.0,0.5335143,0.88585573,0.060495064,1.0339035,0.6087599,0.58574015,0.6723496,0.06517652,0.032578893,0.880125,0.14987826,0.850435,0.12352081,0.88590485,5.986044,0.5104866,0.0,0.654366,0.7610134,0.93686193,0.17842638,0.66076267,3.413892,1.0644352,0.22137447,1.4779296,0.53277,1.2981297,0.80640286,0.1041886,0.043848522,0.7092725,0.33267438,0.25555092,0.8783463,0.66600066,0.8488762,0.99489856,1.1349354,1.0248338,1.894045,0.6442386,0.26752055,0.032428317,0.784228,0.89473456,1.4839147,0.6152845,0.30936348,0.7210625,1.1613576,1.2185329,2.0002158,0.14994407,1.5366293,0.11958937,0.13723786,0.10950681,0.57362485,0.5212151,0.46898815,1.0680183,0.5623568,0.18575442,0.5939965,0.029974373,0.40056336,0.41946575,0.67543465,0.5664177,0.012101944,0.0,0.4766624,1.6340462,0.27427226,0.28071988,0.24617426,0.19553639,0.19524758,0.3525032,0.6451936,0.41221905,0.5358657,0.14520177,1.2939527,0.7785595,0.23212136,0.04374805,0.31379965,0.3199555,0.033952158,0.10613308,0.21898264,1.0376785,2.6742759,2.0793424,1.6879177,1.4240077,0.48909894,1.3142366,1.554649,0.07882666,0.064211614,0.09257285,0.1185546,0.03593374,0.6225663,0.1264074,0.41163456,0.25342023,0.8248613,1.4870656,0.016180836,0.75323135,0.5254222,0.23617464,0.09628645,1.0815309,0.78543633,0.60668194,1.4656193,0.58367616,0.41727233,0.6745412,0.0,0.6374063,0.71254325,1.2566854,0.23015647,0.038985953,2.7075725,0.08698976,1.0383246,3.0358493,2.134992,0.27576673,0.89872223,2.0958598,0.06253176,0.4401379,1.6693233,0.1514952,0.6702199,0.38075414,0.4433251,4.234026,1.5075918,0.42075768,0.10869471,0.68429846,0.9242628,0.11294501,0.02635898,0.43568045,0.038624495,1.01281,2.6235845,0.6107698,0.6537746,1.6800482,1.0569378,0.49307737,0.35341096,0.2652929,0.22466223,1.2330606,0.9148682,0.47916785,0.26350364,1.2719803,0.8526376,0.53107184,1.2870808,0.36967474,1.0646095,0.24169649,0.3025976,0.10770496,0.5488094,1.0536922,1.7649498,0.10441971,0.42280203,0.14746921,0.46181425,0.45243338,0.5338887,0.669979,0.85217416,0.24958007,0.82827646,3.190716,0.23017667,0.30831885,0.0041723084,0.0,0.6233676,0.30851135,0.07446232,0.094116025,0.003330389,3.295551,0.037460294,0.16445725,0.016783424,0.0,0.26484984,0.0,0.24933414,0.0,0.105559796,3.0523112,0.353932,0.7380107,1.681532,0.65744764,0.17658094,0.9552972,1.1183268,0.30631784,0.62630206,0.47489554,all_pothole_images\pothole_images_2_image_93.jpg
0.48637775,1.0999762,0.78418,1.8480463,0.16567308,0.040725272,0.38925877,0.18272428,1.6328962,0.89256114,0.1356988,0.3858479,0.5044593,1.3019793,0.85872877,0.82309425,0.30142143,0.07368496,0.53337383,1.8784989,0.6630241,1.7533213,0.3849659,1.088613,0.85216755,0.6461263,0.395112,1.3041302,0.055573054,0.13894516,0.41790864,0.34586832,0.66985327,0.9833492,0.073537044,0.40940797,0.5988317,0.53492147,1.1882852,0.8048013,0.27492756,0.5154806,0.69627327,0.937909,0.7711007,0.044983514,0.0596601,0.78622854,1.7617022,0.40678692,0.38358694,1.6518171,1.0183905,0.06923571,0.30606422,0.19539498,1.9197001,0.19446525,1.1290321,2.334676,0.0,1.0539631,0.12879463,0.35445789,0.39897385,1.9357133,0.0035923293,0.9941987,0.29977664,0.2068736,0.16786228,0.35120383,0.033548906,0.64724934,0.49370682,1.2333854,0.28486845,0.25688756,0.3220541,0.20593335,0.04190637,0.50705373,1.1181024,2.1826227,0.07409466,0.69700354,0.17031759,0.20526983,2.3736453,0.30724338,0.029343782,1.4314973,0.23977743,0.122727275,1.3136911,0.10370789,2.8721356,0.6611481,0.8303328,0.22189225,0.35073942,2.0832615,0.6811033,0.5930599,1.1590918,0.048222147,0.89852536,0.92410326,0.019068375,1.1298043,0.015633449,3.8756957,0.6657937,0.19512795,0.08225507,0.64834857,1.8527769,0.11060216,2.2930117,1.0298846,1.7011582,0.8563266,0.45605686,0.75041,1.8763171,0.053894382,0.31961337,0.20477435,0.4364638,0.11359851,0.74025196,0.39166373,0.056467462,0.008493594,0.58636457,0.3128458,0.013626718,0.041159075,0.28459173,0.1356863,0.025664639,1.0107131,1.1383504,0.51511216,0.20582373,0.47015053,1.493761,1.8997852,0.70622945,0.15616064,0.5337889,0.38887912,0.015144129,0.37453353,1.8484098,0.562877,0.13747819,0.25687954,1.0096866,2.1748827,0.6993831,1.6125628,0.5104331,0.7238829,0.13322467,0.88248545,0.9288291,0.16982608,0.7006125,0.23086263,0.024788387,0.66774243,0.4490695,0.21723792,0.45898908,0.4550075,1.4707522,0.05869912,0.1830252,0.37489668,0.48187688,2.0865266,1.2559776,2.1745331,2.557422,0.40002975,0.21793677,2.520381,0.5103213,1.1726972,0.5495552,2.1647315,0.0034419785,1.5737417,0.4391691,0.12201745,0.61727244,2.472649,1.874314,0.22511482,0.45658937,1.9099569,0.5220908,0.3215706,0.0893094,0.54110765,0.50710094,0.4353324,0.85474,0.084988594,0.32920417,0.043598574,0.9804937,0.8210684,0.5937746,0.9256254,0.3858462,0.005981355,1.4205201,0.83634263,1.504091,0.22781582,2.1248474,1.8344742,0.2717881,0.29454368,2.0436852,0.48111427,0.71794313,0.42036915,0.18123922,0.24523903,0.97941273,0.06657252,0.10228205,0.2210766,0.9086045,0.06919294,0.04255786,0.43100613,0.7387765,0.62637746,0.3976316,1.1717541,0.10352427,0.0,1.1608878,0.89850676,1.607971,4.962265,4.4391093,0.34109497,0.41716105,0.3713153,0.10092953,0.44515193,0.9821616,0.41298285,0.71978074,1.8889138,0.027452875,0.00096912816,0.8200347,0.9510156,0.38114274,2.2970304,0.10251229,1.8723524,1.3546976,0.21629333,0.6829181,0.0,0.7108153,0.7664659,0.554412,1.7108939,0.44892466,0.5211413,0.7779301,0.34049326,0.4020067,1.7371608,0.83090985,0.0063411165,0.06321369,2.2297242,0.50869584,0.76439196,0.67380613,0.77284354,0.14254989,0.19524272,0.8034544,0.8473467,0.0048989346,0.94170445,1.1181463,1.7366517,0.8750881,0.8183281,0.2145312,0.66171277,3.5267814e-05,0.780656,2.8545232,0.1773193,0.28711882,0.5923951,0.5794704,1.0646796,1.0718323,1.5746416,3.4444685,2.023467,0.00023014344,2.0807312,0.30632687,0.46935055,2.4861302,2.0676222,1.3188369,0.066914976,0.2454635,1.5579097,2.0284975,0.048450436,0.53527826,0.0135733085,1.2338736,0.42554486,1.6193899,0.2636316,0.35654148,0.492798,0.13005061,0.10177073,1.7297431,0.25547522,0.13248992,0.18773614,0.78570163,0.6641577,1.8570943,1.2785054,1.3397626,0.62298936,0.14528131,0.035310052,1.2042567,0.9098161,0.46654332,0.029596606,1.1556327,0.5320141,0.2084918,0.61616004,0.3219086,0.12218823,0.8916894,1.0138757,0.17486815,0.20968358,0.33991802,0.2139109,0.0043384917,0.65949285,1.3201101,0.9528527,1.3933296,0.6479234,1.5690852,0.0,0.31096014,0.29112247,0.1934907,0.24760349,0.4002163,0.74738324,0.5666509,0.3108618,0.30003884,0.3867544,1.2009716,2.864905,3.0749009,0.34398556,1.1294323,0.045337994,0.4667983,2.3993495,0.49979603,3.2938173,1.0634782,0.31708562,0.013296706,0.16727288,1.0793732,0.7866445,0.7522013,0.25677645,2.3933558,0.86441654,0.6295845,1.4187299,0.39911464,0.38183013,0.38487718,1.2726707,0.2538905,0.070811324,0.011902989,1.5226635,0.7235068,0.4284428,0.034540255,0.622368,1.5822968,0.53815967,0.4503387,0.08801943,0.8709989,0.9382159,1.0468119,3.124096,1.5376569,0.14878671,1.3087107,0.4074318,1.1688432,0.7356441,1.1189194,0.67498165,0.6100026,0.7428247,0.21670423,3.1788855,1.7061849,0.33359706,0.6273496,0.87118095,0.38178077,1.07403,0.12200289,0.09963131,0.53003615,0.026131488,1.2939318,0.92390424,0.24302123,1.0021753,1.1835667,1.0908439,0.75367314,0.36549363,1.5608866,1.9479691,1.6373582,0.65399665,0.15765777,1.6108323,0.08799702,0.45231786,1.4943985,0.0,0.22211428,0.34871858,0.27959868,0.008579655,0.78561044,1.1610074,1.075439,0.43884674,0.0636009,0.23213807,1.3061554,2.3247967,0.19591685,0.26004654,0.5310695,0.3231755,2.6312613,1.8698945,1.4821494,0.45947495,1.0115758,0.60224354,1.8896617,0.5106816,0.93516225,0.62476563,0.30695283,3.7551475,0.109648764,0.8100933,0.0,0.03317395,0.072952405,1.0862154,0.0038873765,0.08663598,0.2551632,3.4773672,1.4381287,0.55859,0.88190895,1.5132558,0.40884417,0.71589226,1.7002861,0.12479803,0.9480518,0.02083627,all_pothole_images\pothole_images_2_image_94.jpg
0.04214508,1.5158396,0.1960464,3.197564,1.9679796,0.006406526,1.5607244,0.16101132,0.5764229,2.0226676,0.0016401878,0.19214089,0.12495726,1.0332997,0.11920486,0.2856005,0.45597458,0.5407901,0.935712,0.5490819,0.9126282,1.4228759,0.035835143,1.3411692,1.4027025,0.07272223,0.07771683,1.6225598,0.09620517,0.8373075,0.7288509,0.013909734,1.143736,0.45869753,0.30979717,1.1746817,0.0694729,0.8123004,0.014172028,0.85437864,0.2024984,0.27367797,0.048738137,0.67226624,1.5939857,0.07453764,0.48257026,0.0022973143,1.4911969,1.3824335,0.038097084,0.265188,0.7314014,0.13392842,0.17164844,0.74498326,3.2969532,0.22465885,0.626335,0.9345482,0.35317937,0.13197416,0.48450062,0.54931307,0.15275766,4.080032,0.7121628,0.2854818,0.48322898,0.4607245,0.29492274,0.17787659,0.12117689,0.044815667,1.306513,0.5092946,0.10303164,0.8828784,0.0021659068,0.10670437,0.0,0.79808074,0.5197421,1.9382584,0.5967561,0.13832895,0.026971122,0.19675523,3.3326285,0.0694481,0.07233529,0.97749686,0.28843358,0.019041566,0.4760584,0.12606534,0.910332,0.68248224,0.33495843,0.32297614,0.08163837,3.8322628,1.5876642,0.0,1.2420284,0.00076353457,0.3091259,0.022331102,0.07833614,0.35248122,0.5311063,3.3691518,0.4991497,0.032051597,0.6745772,1.1865143,0.6874243,0.4631434,3.8875034,0.53512126,1.279913,1.0417181,0.36721647,1.5811661,1.3950052,0.48905873,0.6692755,1.4600965,0.7632188,0.61268204,0.5896303,0.017409757,0.33228916,0.20201644,1.7198305,1.0599132,0.037100505,0.6468128,1.4057409,0.031569645,0.9584743,3.608814,0.38930073,0.30595487,0.45009404,0.53292364,0.0752892,0.18029267,0.9129087,0.0997112,0.32740518,0.14368454,0.13185762,0.04517622,2.1907835,0.20825653,0.49333054,0.01358816,0.3351083,0.55671555,2.3235433,2.1601799,0.24483302,0.9980151,0.94104904,0.31381837,1.2155005,0.22858024,1.5201805,1.2480948,0.33988196,0.0,0.015830602,0.50268435,0.28782073,0.010436886,0.6448914,0.11366569,0.35426897,0.10183239,0.01389929,1.4199601,2.719058,2.358141,3.163838,1.369961,1.13672,0.1562551,0.57271427,2.1581542,0.6930992,2.0980008,0.023424827,3.0212092,0.12958741,0.15206362,2.0394323,2.2257643,0.04839955,0.92362225,0.068965055,0.08590899,0.31711617,1.0147017,0.2487273,0.09971854,0.62485677,0.038251564,1.698043,0.6958964,0.0038545728,0.021699432,1.0546641,0.96610975,3.0154798,2.5644836,0.114557326,0.3469666,1.8797085,0.58744824,0.31679675,0.3339143,0.19398041,0.75866586,0.0053450223,0.16338585,1.3336425,0.04210483,0.7767256,0.42318377,0.26141712,0.000116313175,1.6677152,0.10352221,0.84750724,0.14858146,0.89464986,0.0,0.06459682,0.31096452,0.7325714,0.41340572,0.68708295,0.5114873,0.0020163967,0.01741426,2.4660482,0.6895973,0.4650218,6.326135,2.4936247,0.77586365,0.8705357,0.39886275,0.30602416,0.32180518,1.7179201,0.18467034,0.69865406,2.9481936,0.018524904,0.43771213,0.31277737,0.5968296,0.17985778,1.1452123,0.31465665,0.13076298,1.7674987,0.153161,0.38564035,0.0038973668,0.46309566,0.09264173,0.62007594,1.1904742,0.059243545,0.46187595,0.34636223,0.6110812,0.11335285,0.27833357,0.0,0.033133943,0.8490585,1.9591743,0.56009704,0.98803204,2.5583282,0.31916785,0.12448006,0.46406975,0.46215,1.8713862,0.057190735,0.19214095,0.018619206,1.5600858,0.14533208,1.5785911,0.20440587,0.54939735,0.054010224,0.011755416,5.146155,0.04939509,0.3982585,0.4262102,1.0190175,0.6868691,0.15633115,1.2838362,4.1438766,2.727336,0.069553725,1.2281814,0.022172937,0.32506046,3.8854558,0.32168198,0.15272062,0.05127639,0.016946884,1.0162277,1.7398214,0.4651052,0.13847388,0.010427308,0.2652302,0.1772465,4.434827,0.08419496,0.2110628,0.031990286,0.037679072,0.14607868,2.268751,0.0025036805,0.51280403,0.5739027,0.6925786,1.3064008,2.9600987,0.5993507,2.5772321,0.07922442,0.12037577,0.08782579,0.57846385,0.25429362,0.47810537,0.5732671,0.13826296,0.5317466,0.026945118,0.15485404,0.0,1.0775279,2.1121824,1.520985,0.05981385,0.0023264613,0.9861009,0.10568725,0.002075715,0.52809334,1.2649726,0.8805672,0.054362427,2.171589,0.8690988,0.00029532597,1.0289471,0.2672764,0.4496882,0.9088547,0.36364982,0.02799654,0.38602313,1.2148167,0.53085566,0.07426181,0.35235658,1.280605,3.5445032,1.3904871,1.8095589,0.2778648,0.007956956,0.9048773,0.69987625,2.2479055,0.25867414,0.6806849,0.014858043,0.008213566,1.0812261,0.5309129,0.5749093,0.019392874,0.28814214,0.37717873,0.070062876,0.31495422,0.009844803,0.7050097,0.5119049,0.6767701,0.06457743,0.04286113,0.18061015,0.69273,0.010846729,0.9648394,0.16753149,0.083014615,2.5071893,0.17726532,0.90749687,0.0778669,1.8521919,1.3971756,0.95671654,2.39155,2.752397,1.0251073,1.509429,0.5139741,0.01895738,1.7546352,0.40248585,0.15693289,0.11052233,0.08201227,0.49587038,2.7450032,1.1090288,0.7906987,0.966229,1.3698171,0.016677367,1.2474433,0.2650317,0.018332696,0.01951082,0.087136455,0.60689455,0.1942763,0.102501564,1.1027623,1.5687771,0.48778114,0.19067352,0.22389777,2.6857085,1.7494217,0.67359143,0.3705755,0.50412226,1.6738683,1.1268935,0.13498761,0.23348217,0.4766416,0.5846587,0.18311946,0.15359722,0.0,0.9639778,2.4925418,0.3899431,1.3229324,0.057094835,0.21718909,1.0942979,0.61312747,0.25841832,1.5547887,0.70959204,0.0050085206,1.4013753,2.1292489,1.5843371,0.37797114,0.0,0.2542781,1.9123194,0.10533075,0.6859526,0.012756481,0.011574042,3.1294093,0.16343069,0.06906029,0.05624625,0.023775484,0.9180308,0.5039659,0.0010732518,0.073838934,0.4134729,5.107592,1.6745102,0.25700963,0.7409104,1.7449005,0.056369945,0.59966666,0.777678,0.42078188,0.8240317,0.14701302,all_pothole_images\pothole_images_2_image_95.jpg
1.2561551,1.9410518,1.1752785,0.5626653,0.6326409,0.45034352,1.5407462,0.5472581,1.6892693,0.38858202,0.828633,0.36764225,1.0832471,3.1336539,0.71116513,0.4665792,0.22066022,0.6001871,0.48320174,0.20036958,1.1589221,1.0493443,0.35099545,1.0805765,1.7277722,3.3918836,1.8707994,1.230472,1.853466,0.12078859,0.0824784,0.6229487,1.4467717,0.22513506,0.3669242,0.29900786,0.3110264,0.6918099,0.22502019,0.50200105,0.39805844,1.1855422,1.0045564,0.42156202,2.3480852,2.1995516,0.48381245,0.35522982,1.0241731,0.095138974,0.9624096,1.0986782,0.5604477,0.3224785,0.05760273,0.5523436,2.791794,0.0021809014,0.32969603,3.4163718,0.018129736,0.2422953,2.1645832,1.5066735,1.2991345,1.1797731,0.13957714,0.0,0.100897886,0.02656279,0.4071298,1.0390017,0.13791664,0.49806562,0.15320998,0.45818552,0.55474555,0.8938884,0.25067112,0.88692474,0.91376966,0.0,1.6834335,1.648312,0.47810626,3.742776,0.48431492,0.4609279,2.531791,0.9428625,0.3536581,0.5313071,0.8021197,0.82644564,3.0062938,1.8167115,0.761504,1.0514315,0.46700022,0.9907122,0.27997124,1.1389126,1.9684978,1.7400932,0.61005676,0.5472365,1.2553688,4.495128,0.61514366,1.0319755,0.30111846,4.385215,0.9613403,0.58434844,0.12408951,0.5036664,1.2231181,0.36985713,0.8798227,1.2110623,0.682118,0.4586738,2.233086,0.013340987,0.015362362,0.02726821,0.11329419,0.09828844,1.8778957,0.15725979,1.025075,1.9557583,0.6454723,2.6061566,0.092276454,1.212815,0.10403736,0.24590111,1.3086671,0.039805703,0.6951691,0.528635,0.03510912,1.0859282,1.2808087,0.33137956,0.06447024,0.12133526,0.3214513,0.5145487,0.8965025,0.13538972,0.055272236,0.008923488,1.2534506,0.9256227,0.6191319,0.42861238,1.5812416,0.2918299,1.194298,0.8524067,0.25589377,0.31579202,0.34441745,0.5228055,0.241148,1.6587064,1.599582,0.14132527,1.0030795,2.0727825,0.68845975,0.46895885,1.5621674,1.2816185,5.1322894,2.1752555,0.16365013,1.9719676,0.26694304,1.5029792,2.8698044,0.6722809,1.0061595,0.07697407,2.286328,0.47993094,0.007701356,0.2740443,0.55705565,0.014003774,0.05707126,2.0397775,1.2097642,0.31433704,1.0164664,0.12794884,1.86585,0.7231257,0.23464267,0.24426201,0.34709555,1.5690111,0.4803846,2.711964,0.44827184,0.83775586,0.83574307,0.45735282,0.57641613,1.7092712,3.3721726,2.7461872,0.61520916,0.84868634,1.6974484,0.32218897,2.8008106,0.0,2.2218473,0.29567665,1.248826,1.5770447,0.12829494,0.37145796,2.2197034,2.3291621,1.0173395,3.6383884,1.3988358,0.53618604,1.1320843,1.5794001,1.6281694,1.9202856,2.2140844,1.0178659,0.15589407,0.68430835,0.78893787,0.8823055,1.997288,0.16475825,0.6288511,0.07331833,2.1926258,0.7233261,0.89070916,3.083583,3.465705,0.026542481,0.26598355,0.24127108,0.080851994,0.034375224,2.3449848,0.42150995,1.0102661,1.2133942,0.29694948,1.5136983,0.32083333,1.3415842,0.15852876,0.91555035,0.4215543,1.0442405,1.4759167,2.408827,0.18883374,0.19620235,0.7118348,0.06371726,0.2378364,1.9837536,0.38574156,2.3101368,2.3571541,0.9616285,0.19399472,1.6628796,0.001636082,0.083703734,0.7899161,0.2593518,2.7842066,0.38448593,1.2112696,0.13129948,1.1452616,0.90142244,0.30661958,1.1192433,0.57295126,0.18847984,1.2433199,0.11288748,1.1612973,1.7637615,0.03714749,0.24609403,0.6073456,1.4460016,4.056369,1.1715044,0.007596623,0.22176777,0.57439244,0.24173367,0.099729165,0.937682,2.3222837,1.905386,0.27562654,1.9110603,0.5010519,0.84657925,1.9972509,1.8119367,0.015204173,0.5584499,1.0425845,0.24006216,1.8069382,0.83076054,1.2790385,4.37061,0.18266709,0.9378201,3.3821201,0.7234128,0.0,0.8014224,0.0101712365,1.9219809,2.0397732,0.39448854,2.7938063,0.9228808,0.33415774,0.89534765,0.8984673,0.98234975,1.6444005,0.18840742,0.23530345,0.30580226,0.4272115,1.5290369,0.6403248,0.8284736,0.66376305,0.7765916,2.82269,0.18375298,2.6636395,0.1664144,0.21268405,0.031280942,1.0144074,0.36436766,0.96175665,0.32625437,0.0014333506,0.42741477,0.45763358,1.8236574,0.6719735,1.1948613,1.6528083,0.05557882,0.26136595,0.57309616,0.13767792,0.04174991,0.16658261,2.6851218,0.13786598,2.1119153,0.09126349,0.06257268,0.22776905,1.2815397,4.355582,0.0060858075,3.606084,1.2007586,0.0,2.760583,0.13101406,0.21214913,0.11218157,0.17165813,1.118662,1.4590541,0.87004787,1.4697565,1.1215823,0.07932353,2.7059503,0.44878325,0.124160804,0.58273405,0.01205088,0.067032374,1.108906,1.6975144,0.86717683,0.8176064,0.04226807,1.0660986,0.50323665,0.96046275,0.16227968,0.41266015,0.6070006,2.4449825,0.6136047,0.9725306,1.0067097,1.035192,0.38160136,2.9469838,1.1108832,0.037213672,0.18794762,5.3321257,2.6960027,0.05405747,1.0288607,1.8163345,0.32842243,0.6192302,0.7790571,2.1382017,1.7678698,2.014206,1.3024353,0.9539513,1.682181,0.1615381,0.07020273,0.046874538,0.23327874,1.4666886,2.0764852,3.448987,0.37526646,0.08090254,2.3451624,0.23299032,0.037005574,0.3460494,2.7717674,0.64386547,1.1237026,0.054802082,0.038469046,0.9703673,0.8184934,4.6735373,0.74375725,0.24429518,1.2010818,0.09630484,1.0102069,0.30300337,0.011608073,0.21648087,0.8134184,0.6053722,0.11906001,0.08245348,0.24442928,0.20201273,2.3838618,1.7129819,2.4201744,0.23811688,1.3431443,2.9230196,0.12501726,0.39373124,0.1013726,0.46433628,1.9119325,2.1220386,0.30675513,0.10807891,0.45094392,1.5718795,0.0051410254,0.39469382,0.1447637,0.07255689,0.3407354,0.6940713,0.033960745,0.84216875,0.524679,1.7877818,0.19674939,1.7247254,0.04094363,0.38047203,0.05736194,0.72115386,0.053694986,0.33243322,2.1835783,0.7380176,all_pothole_images\pothole_images_2_image_96.jpg
0.57902044,0.4073433,1.4400728,0.8687234,0.6691371,0.632595,0.16003561,0.8016915,0.92801344,2.313625,0.22601785,0.6721179,0.7281721,0.17603344,0.7097136,0.64460427,0.39830336,2.4379172,2.0336492,0.24232404,0.48941225,1.2536504,0.14140376,0.4689495,0.38911465,2.162606,2.0513132,0.53303283,0.71252954,0.19370082,0.90443885,1.5804524,0.8196027,0.033844415,0.541379,1.3051314,5.3804708,2.613324,0.45061353,1.2535802,0.4218144,0.743795,0.72274685,1.5174192,0.016721172,0.61687684,0.9180922,3.2106192,0.9487151,0.8731548,1.2759373,0.43820894,1.2354759,0.9118697,0.015478944,0.67074406,0.6745195,0.35397515,0.02080637,0.26976928,0.61854404,0.8383912,0.7491097,0.49315557,1.1543223,1.0734725,2.9249206,0.5879036,1.3258227,0.16807006,1.3285705,0.41782233,0.3601516,1.0743937,0.24706422,0.7795095,0.45333603,1.4770797,0.6690893,1.258144,1.0880886,0.2793202,1.0245286,0.55038685,2.0801766,0.27757013,0.1898523,0.3348865,2.6966329,2.779661,0.7900918,0.23671335,1.0158674,0.051641025,0.6231262,0.14022887,0.47715738,0.54340184,0.22753388,1.2461703,0.90057915,1.9463059,0.19417498,1.2880224,0.09906047,0.3984758,0.015938492,0.63295984,1.3157336,1.694828,0.20854953,1.4626836,1.5382838,0.25201958,3.443189,0.56167483,0.3056534,0.53159344,0.41904062,0.997498,0.32197836,0.68146926,1.3312253,0.95433027,0.87811714,0.21930532,1.7547196,0.34612545,1.0660172,0.7645375,0.07793466,1.6427447,1.2461175,0.08099541,0.46584156,0.83020145,0.15125045,0.34608924,0.12442276,0.47910666,0.57328695,1.124159,0.7679586,1.42523,0.35539845,1.1216357,0.9591284,0.37802556,0.37447894,0.4367418,1.7210543,0.54249275,1.1050191,0.3198351,1.1731155,0.7809904,0.66019905,1.9635698,1.3713433,0.73556805,0.7251821,0.29481864,0.11576432,1.8330096,0.7994865,1.230427,0.2852401,0.51952213,0.42166784,0.38953897,1.081045,0.38226587,2.5781786,0.85544765,1.4975293,0.26520303,0.1149821,0.14225902,0.492392,1.0200588,2.009121,0.46194777,0.4829628,1.0839344,0.25423577,1.1697581,0.3055669,0.094372876,0.0,1.1351857,0.15229034,0.6993278,1.5561535,0.38660175,1.0626953,0.18587369,1.2276329,0.97473156,2.5275452,2.563479,0.5067914,1.6621518,0.09989612,1.2963697,0.09741252,0.11660959,0.86397284,0.3743091,1.1519942,0.21142574,0.07446953,0.73175544,0.7301376,0.89261514,0.51452214,0.7338379,2.3114736,1.3642517,1.7072664,0.73682386,2.3709428,0.6602447,0.54075706,0.9007109,2.5115755,1.8574059,0.5342153,0.56703335,0.37594342,0.5014284,0.23879875,1.1796722,0.33903682,0.24864992,0.15995426,0.062037006,1.4186996,1.9551585,0.088842504,0.28125015,0.030146608,0.034167457,0.39693508,0.112326816,1.8201772,0.21706301,0.25472683,0.27916563,0.88360757,1.6052445,0.5966477,1.4746585,0.83779234,0.19885013,1.4957606,1.7547464,0.67966366,0.18028063,0.753612,1.3717219,0.16167133,0.44070604,0.3678208,0.80073863,0.09349489,3.9687319,0.5271797,0.12879838,0.27645487,0.5161688,0.6082329,0.26627868,0.1278828,0.09414255,0.73439133,0.39909285,0.74629956,0.42322809,0.58694863,0.40199333,0.09236769,0.25978768,0.23342153,0.2057332,0.28491873,0.29477024,0.38617736,0.113682315,1.2899348,0.65300417,1.355924,0.5723499,2.400702,0.07461047,0.32511824,1.4676118,2.1928265,0.7862678,0.3689738,0.022208096,0.080804095,0.029337322,0.78343815,0.835532,0.38571864,0.5842169,0.36879292,0.4000443,2.438089,0.0,0.7383966,2.5174975,0.55946994,0.5195256,1.0671663,1.8653542,1.0169817,1.7647057,0.92255074,1.6492524,0.65050995,1.0338435,0.38704237,0.33125547,0.43135428,1.308616,0.79092556,0.20582311,1.3157012,0.4550387,0.6897391,0.93101084,0.06787402,0.49525324,1.5340822,0.5296317,2.02636,0.36104777,0.44020468,1.227774,0.5658954,1.1666616,0.60934955,1.1863772,1.1893396,1.417068,0.38541076,1.212504,0.5640574,0.37364787,0.97828484,1.5832039,1.7894567,0.14420065,0.10830242,1.2267184,1.9613633,0.78876835,1.0142596,0.6244566,1.361715,1.8401875,1.6502193,0.58758277,3.0229301,0.17666382,0.8968784,0.33471945,0.9968966,0.4795325,0.30346337,0.46214306,0.8476449,1.527434,0.4974405,0.022266027,0.4453778,2.531269,0.35805815,1.2734376,2.1787395,1.4581401,4.505103,2.6440938,0.14840259,1.2731879,0.12923191,0.12734464,0.7729287,1.1201347,0.4926015,0.23257017,0.4793459,0.64469326,2.6691096,1.0046659,0.4185976,0.17843316,0.73212004,0.37072963,0.10349866,0.4857691,0.075066894,0.59153223,3.3457055,0.096772954,1.443852,2.1177602,0.076764196,1.484384,2.0697548,1.3372195,1.1994923,0.22321934,0.104876995,1.7931806,0.90174854,3.1082969,0.55643386,0.8728043,0.7955959,0.59939456,1.5380143,1.6183203,0.09267826,0.31292495,1.1641829,1.9520574,0.9843126,1.1549224,0.037802037,0.7958402,0.39422598,1.3697568,1.7207547,1.3072842,1.2626569,0.4227298,1.016012,1.0895646,2.2851958,1.332154,1.0183285,0.14518267,1.1315509,0.52094185,1.9875791,0.5576353,1.6966559,1.4097196,0.52175874,1.1996068,1.4929236,0.5227781,0.13610679,0.64071006,3.8706284,0.5165348,0.31643873,0.10506731,0.06555676,0.6437719,1.5250778,0.80784357,0.0,2.562119,0.39715517,0.40586054,0.5903502,0.49308872,0.8601023,1.1173255,0.66518074,0.10280836,0.0019298912,0.59586334,1.2789919,0.606406,2.008678,1.620843,0.4651553,0.10613324,0.5948696,0.65801525,2.474692,0.06597754,1.2969866,0.47656518,0.62585026,0.2566206,0.43805864,0.42857945,0.4821045,1.0386062,0.050528374,0.21849062,1.1126164,0.8239707,0.22349729,0.457217,0.5598495,1.9568812,0.13170283,1.5505393,0.14976256,0.21626848,0.37115517,0.36082843,0.6458041,1.0329518,0.21329568,0.9648115,all_pothole_images\pothole_images_2_image_97.jpg
0.10347253,1.1001312,1.0426643,3.3038967,0.2381056,0.3905044,0.2533109,0.32874528,0.7776478,1.4642972,0.25921553,0.6205247,0.06543888,1.6893926,0.09821043,1.2456242,0.0391828,0.12470863,0.4007638,0.04113792,0.5601599,1.2860153,0.366403,0.93186367,0.7943968,0.3991309,0.42630175,2.3845315,0.68699145,0.29121208,0.5923011,0.027104363,0.46774283,0.640063,0.16167872,1.1768605,0.72462696,0.6349314,0.41655865,0.67144495,1.2523088,1.2540051,0.72085524,0.04430626,0.7942928,0.030147927,0.6727072,0.14823845,1.1560038,0.1685276,0.2746439,0.1375413,0.38399068,0.1975404,0.012445952,0.8632205,1.2537982,0.3180725,1.4685233,1.7179545,0.07572709,1.7421743,0.7703969,0.7175759,0.5733927,1.7459062,0.46310976,0.07781575,0.25723112,0.13415556,0.02406261,0.42016146,0.10354974,0.0,0.76747715,0.9441553,0.5438027,0.7109325,0.0,0.11609202,0.094906375,0.8929825,0.97392553,1.9470603,0.16308352,0.8603869,0.31166285,0.025894133,1.7236325,0.5402096,0.005623363,1.3143255,0.0,0.35526457,1.3031539,0.24700001,1.1467746,0.3778894,0.51015985,0.037245207,0.06888937,0.7462787,0.01849441,1.2752973,0.7095057,0.0041611665,0.084674865,0.1076159,0.27626646,0.03845847,0.22901703,4.0235176,0.5302906,0.12843378,0.557507,0.07595657,0.9363677,0.053557016,1.1018671,1.6470948,0.97156525,0.36735082,0.10187823,1.565951,0.33430856,1.4740229,0.14546472,0.02614782,1.6712424,0.16315402,0.39255834,0.0,0.16791153,0.115121305,0.09180871,0.8893131,0.062394336,0.5684787,0.48521182,0.13565448,0.2618327,1.3460299,0.07478143,0.3645847,0.036632147,0.57648444,0.1156775,0.082182765,0.548802,0.09231122,0.545206,0.45762852,0.04044412,0.21071336,0.9985603,0.14890529,0.3081605,0.5025617,0.8085623,0.30634966,0.40314275,1.1397156,0.16597399,1.0095047,0.9795349,1.5510474,2.114596,0.22556785,1.1346608,1.2150092,0.18966618,0.22791389,0.0,0.23160991,0.39807028,0.25537705,1.9094582,0.0058815917,0.3218725,0.47436365,0.018570023,1.3836813,1.8829747,0.7423074,3.170265,0.8102679,0.2970057,0.93553734,0.7146996,1.0245261,0.6034281,0.41655955,0.0,1.4274572,1.570223,0.0,0.9245434,4.2022843,2.1027713,0.95182127,0.3519702,1.1328397,0.4749119,0.57507193,1.3150604,0.0920734,0.313698,0.2044285,3.475171,0.8323386,0.016288415,0.0321023,1.5358995,0.99243855,0.6300354,0.4390732,0.08819321,0.020141609,1.5263591,0.6144055,3.4435396,0.16522573,0.344786,1.942162,0.1409987,0.57786036,1.1118456,0.16939487,0.57139456,0.7766618,0.24876055,0.5498868,0.40536627,0.3689981,0.77686286,0.318945,0.5003176,0.13574539,0.28312021,0.5936336,0.47671548,0.25601602,0.28499973,0.1561897,0.08077965,0.0,0.6412956,0.81225854,0.18902066,8.1548395,0.7282947,0.14616555,0.2434576,0.018680148,0.0,0.020445937,2.1615615,0.9922539,1.1302998,4.9215817,0.71964186,0.15063089,0.3862915,1.5492488,0.49379843,1.0579543,0.033054043,0.32901114,2.420517,0.73925024,1.607534,0.3946877,0.2645865,0.019288186,0.82920057,0.7772309,1.0300757,0.6162475,0.21325782,0.69929457,0.6856367,1.4351519,0.41328892,1.255267,0.041794162,1.287589,0.8066325,1.2780637,0.93264884,0.36974156,0.28895497,0.06775574,0.036465507,1.6118456,1.2462702,0.19258432,0.673965,2.086935,0.45934913,1.9704181,0.07325001,0.12788117,0.09490634,0.19135602,3.576526,0.09710716,0.6079842,0.22499919,0.017765874,0.03922279,0.13707158,0.4218343,6.236498,0.6984355,0.22240487,0.5404903,0.09979313,0.2134265,2.0643837,1.2673476,1.1952769,0.024472287,0.021473022,0.16296157,1.1247591,0.27728397,0.09088609,0.263736,0.9171641,0.21076456,3.3461483,0.8260692,0.0,0.13368419,0.31415623,0.15433946,2.1832316,0.037857585,0.061461233,0.051078327,0.26358756,1.5050737,3.4642124,0.6562875,0.35591188,0.43572566,0.0019918708,0.34749818,1.579076,0.44571358,0.18557233,0.40465042,0.0025098056,0.25495806,0.09437355,0.13900986,0.5107746,0.7029087,0.47187206,1.16544,0.22487293,0.16841902,1.2328173,0.39071375,0.005872747,0.6268695,1.4104677,0.4017527,0.2917146,0.6588718,0.2992495,0.17966613,0.18676904,0.0804768,1.7532156,0.29965267,0.4014944,0.7455325,0.20256062,0.1135657,0.84936833,0.12243635,1.8070912,2.044068,3.126498,0.39719,2.0341961,0.16899566,0.14355904,2.6624165,0.77384096,2.2422457,0.5961678,1.7665732,0.2402245,0.5800475,0.3008703,1.5014328,0.5882348,0.112901196,0.82724077,0.51352465,0.07226752,0.30268645,0.63853693,0.6666739,0.4060524,0.19149439,0.13681522,0.0034965638,0.02334168,1.0595944,0.43874943,0.11258022,0.0,0.009996451,0.21538742,0.6150993,0.13416077,1.4409813,0.738613,0.14849314,0.40261844,0.83173424,1.5253023,0.40136912,0.49709904,0.44597143,0.448571,0.5419038,0.30738413,1.3313392,0.13802238,0.6051365,0.015319034,2.8419404,2.3319247,2.0957084,0.43689767,1.7033684,0.2015023,1.7675552,0.65495896,0.0,0.5340233,0.044930525,0.8121392,0.30833033,0.08085909,1.3685002,1.1960818,0.14357588,1.1776056,0.3578204,1.3383262,0.9110668,1.9944267,0.4397667,0.14758705,0.91063017,0.14082222,0.07399475,0.90659827,0.06678755,1.024684,0.79650486,0.6837292,0.50567144,0.7365394,1.3031944,0.0121228825,0.6507266,0.2347458,0.32506216,0.21613358,0.0110988775,1.4874992,0.53811646,1.049062,0.0,0.10738154,1.3162475,1.9724487,0.5586385,0.1217985,0.16906814,0.4467199,0.0052712504,2.1926546,0.026363717,1.1084696,2.5526512,0.039541706,0.004174204,0.0,0.06189417,0.470409,0.08451546,0.20124787,0.33675733,0.36987984,3.948158,0.9525682,0.10632534,0.27090472,0.5357715,0.12561443,0.816393,0.8961681,0.8144638,1.2139709,0.11249889,all_pothole_images\pothole_images_2_image_98.jpg
0.6479215,3.125557,2.569917,1.0193793,0.39065516,1.0231725,0.8313248,0.5351717,0.16873533,0.23188873,0.8214401,0.2729004,0.5564889,0.5841753,0.2158768,0.29299462,0.33263764,0.8011655,0.15670665,1.1708615,0.021514162,2.943643,0.9324888,0.47590628,0.0,0.80860144,0.31809488,0.7427475,0.035129357,0.12051606,0.82159483,0.13335901,0.43524987,0.16551562,1.6260529,0.29425454,3.0384436,0.54890025,2.485796,0.2519141,0.0,0.18311754,0.7602766,2.595607,1.5582789,0.0036962703,0.72814256,0.008801921,0.4362989,0.026714344,0.5228459,1.603558,0.8747491,0.5511797,0.66865563,0.4693655,2.1869695,0.7210588,0.9752447,0.0,0.2633061,0.48691028,1.1776178,0.2143609,0.27089083,1.2551666,1.4904981,0.53219694,1.3830116,0.36433262,0.61868465,0.47064596,0.8504062,0.6345623,0.66942656,0.5959471,0.8386502,1.0662844,0.092401385,1.6481698,0.12544096,0.4767505,0.96318954,0.9646854,2.6570997,0.21190472,0.4242239,0.22666232,2.3947315,0.8363332,0.63165414,0.31938553,1.2714503,1.8388287,0.3685209,0.22882737,1.4241666,1.0838909,2.5442636,0.047874182,0.22754835,1.7575955,0.41850844,0.789339,0.2754648,1.1134056,0.32519612,0.23680782,0.09702107,1.9153168,1.0089223,2.2739344,0.14946873,0.9781456,0.449253,0.26236472,2.400832,0.92068964,1.1693233,0.01574732,0.31382295,0.46810722,0.57926786,0.48378703,1.9940157,0.4780041,1.8935217,0.64567995,1.1722021,0.16902938,2.1090848,1.2656528,1.0311446,0.7277977,0.091065295,0.3450276,0.02203209,0.030921375,0.81397384,0.081067525,0.75590974,0.6397031,0.754347,0.8413684,0.020312078,0.5927223,0.5446104,0.030441284,0.9581202,0.6840162,0.09028142,0.40351528,0.6072182,0.085281156,0.29594627,0.5949365,0.03306778,0.11025886,0.6588779,0.7502675,2.2055647,1.452008,0.91757053,2.848761,2.5120995,0.56941956,5.8972054,0.54944944,0.80613154,0.00907414,0.33058953,0.32619947,1.7317274,1.0653301,3.327016,0.07332741,0.38332933,0.3035913,0.08043257,0.10194201,0.067726575,0.66211826,1.4532595,1.1354132,1.1601574,0.9811872,0.4448237,0.67669445,0.3778813,1.2851123,0.10205375,0.16995431,0.48993054,3.2650626,0.15006027,0.40488562,0.05034775,0.97682,0.24113439,1.0527353,0.028645229,1.5454783,0.11345436,0.01438147,0.45563227,0.33853555,2.0431247,0.06845894,0.5800424,1.0537119,0.3175591,0.35735688,1.198729,1.524187,0.04816761,0.4820579,0.009647382,0.2872935,0.42837447,0.031002093,0.2925012,1.0365361,0.8950588,0.19142541,0.38404027,0.6179613,1.1602632,0.083068505,0.2525429,0.044091217,0.39650536,0.510112,0.1887075,0.0,0.03038901,0.15044378,0.8094726,0.7528737,0.06429008,0.025478851,0.0026483187,0.22353478,0.089401565,0.20827125,0.5840328,0.2848329,0.18871161,0.31659508,0.40705946,1.2427874,1.2990677,0.18427506,0.68613946,0.70173836,0.5797063,0.54027146,0.8524588,1.0368207,0.36988133,0.25327015,0.22252862,0.5557528,1.8769677,0.17654097,0.6406241,1.4833655,0.15298794,0.615795,0.5358435,0.002771123,0.17415628,0.17553733,0.14112993,0.08283896,0.08691531,2.5276408,1.8843305,0.15813668,1.119295,0.8666419,0.42884192,0.24986452,0.066229574,1.7930448,0.93054307,0.06183566,0.37417123,0.6267786,1.8391769,0.5229488,1.188126,0.15230702,0.09734915,1.6999218,0.0788989,1.1003019,1.0215312,1.8053645,1.264801,0.0712982,0.043695264,0.13577704,0.10045872,1.0249385,4.1084814,0.07729717,0.29911724,0.43043748,1.3321004,0.24265067,0.5802489,1.4424657,4.271449,0.10660404,0.20088263,0.8339699,0.606353,0.3401904,0.8406658,0.26294437,0.03178956,0.120565616,0.10062849,0.26066157,0.1406038,0.807233,0.29978794,0.7588026,1.541946,0.5705189,4.565269,0.3701729,0.4395701,0.083504714,0.62815475,0.2722132,1.404289,0.38593552,0.86255646,0.1654314,0.9220166,1.2551674,0.8545594,0.21832526,1.0496424,0.63894415,0.3527656,0.58746475,0.016841652,2.1162264,0.056003258,0.4099317,0.98785484,0.827325,0.21395698,0.12880991,0.87765044,0.6432608,0.6417755,0.029313328,0.1563363,2.2477827,1.0168382,0.052600976,0.8599399,0.47034314,1.4738007,0.3755607,0.13069414,0.647822,1.6811576,0.8680827,0.4674169,0.32897273,0.055454254,1.0009558,0.6323961,1.3053125,0.22206262,0.15851013,0.29723817,0.17243321,0.32052666,2.940374,1.3769319,0.4825781,2.2079763,0.39108878,0.44739804,2.5925536,2.3226702,0.621858,0.18629621,1.8081372,0.08534679,0.40732053,0.015896942,0.049556177,0.40726164,0.80861723,0.25521588,0.29151458,0.38376603,2.440662,0.13723919,0.07557099,1.8420559,1.5334743,0.07018713,1.152419,0.27719003,0.727474,0.53151333,0.8070174,0.1736756,0.42717165,0.48993003,0.17216085,0.6552711,0.022409877,0.95900196,0.12411507,0.92878354,1.7303753,0.68638515,0.7433061,1.0563227,1.29952,0.43464756,0.19344828,0.89582634,0.41409263,0.2282518,0.20766965,1.635964,2.3663735,1.1044161,0.13376525,0.3102837,0.30700478,0.6378566,0.78581876,0.05544633,0.8680481,0.09967004,0.11460593,1.5974702,0.4734447,0.6684126,0.41468093,1.932751,1.1726229,2.7778568,1.471074,0.12625591,2.1086822,0.5215704,1.1108258,0.33804637,0.20339097,0.25061738,0.36830908,0.3419069,0.13102466,1.1387635,1.5588862,0.5670751,0.13188526,1.2468561,1.4424995,2.0215921,1.3682406,0.5459146,0.31241193,0.10300938,0.57850266,0.15492007,0.016160203,0.34801915,0.80105495,0.37560248,2.2320764,1.0074434,0.02811246,0.46625674,1.7198981,1.1273897,1.177794,1.0793502,0.18126915,1.7836839,1.1409898,0.29451138,0.090424284,0.05916613,0.44890353,0.33784908,1.0815916,0.119584784,0.37528312,0.63707465,1.7116356,0.1177739,1.1923318,0.12977514,0.5682258,0.027460609,1.0012152,0.53274953,0.62827903,0.4797526,1.2186124,all_pothole_images\pothole_images_2_image_99.jpg
0.91761464,0.8786462,1.7235256,0.7980991,0.6848417,0.33461666,0.26635596,1.1842836,0.63479155,0.25380698,0.03308842,0.99182373,0.07866924,0.17518164,0.35613647,0.070707075,0.17153333,0.012408195,0.04673956,0.396137,1.0785232,0.79968184,0.079749405,0.22315918,1.2460357,0.034284655,0.029595323,1.4803066,0.058562443,0.0072933077,0.8846728,0.05680963,0.009389974,0.5576084,0.06662589,0.49963906,0.25847784,1.0414133,0.5154122,1.000274,0.024334056,0.26263136,0.05268809,0.6075578,0.3497691,0.1766929,0.20052369,0.053436436,0.0058340277,0.16846119,0.017109068,0.23567763,1.2259756,0.110822365,0.060866673,0.3275935,1.5410676,0.18291266,0.77738965,0.6288847,0.19173133,0.27451673,0.2562997,0.13851728,0.06459468,2.2056508,0.04572687,0.0,0.2827751,0.18033397,0.28304136,0.37617677,0.6029541,0.0372177,0.0059538945,0.17997769,0.5068629,1.3110052,0.008196514,0.010900832,0.004551302,0.06351727,0.1387537,0.48418137,0.0932114,0.2501742,0.0,0.5582875,1.4821755,0.37677974,0.0,0.0871164,0.28012246,0.13882235,0.4315855,0.033880554,0.64223456,0.59464747,0.52079093,0.055711433,0.2682599,1.4129609,0.028156219,0.46304294,0.37514278,0.3068786,0.15771443,0.3036138,0.6684421,0.15612045,0.0,1.4791595,0.32760954,1.647725,0.20329703,0.61429745,0.3256212,0.10127198,0.09602955,0.16966999,2.4642553,0.6503517,0.40629494,0.89155334,0.20233068,0.53673726,0.046381988,0.2377919,1.9393346,0.0009799203,0.06174136,0.094504766,0.07331393,0.37541685,0.47965547,0.9059998,0.021457229,0.30594268,0.4031377,0.028243538,0.038891334,0.46615678,0.0,0.42801717,0.5453292,1.2088104,0.28271005,0.30267096,0.012378854,0.65837973,0.44715333,0.12938967,0.0,0.009641446,0.49956816,0.30460107,0.10868506,0.43799546,0.7880319,0.8224905,0.9624266,3.5540879,0.43833914,1.946453,0.014595696,0.25186008,1.0894284,0.101972185,1.160561,0.9607872,0.0,0.00661696,0.26064312,0.0121025285,0.46729103,0.010788641,0.7264392,0.21444507,0.0025886067,0.13896042,0.01681802,1.2448218,2.737423,1.8824052,1.8459058,0.437416,0.2906679,0.023525158,0.96548086,0.8972118,0.089412704,0.0,0.054858483,0.9570484,0.5673449,0.39885852,0.34679225,0.65473527,0.19823088,1.0016472,0.87339866,0.62052727,1.0022753,0.43294275,2.2504194,0.3411159,0.39380544,0.024941605,1.1454927,1.0885024,0.021641107,0.048388258,0.36975944,0.52774024,0.479515,0.14790468,0.13168928,0.091516174,0.4298658,0.0,0.3027615,0.5200372,0.13538069,0.52989525,0.0,0.34139422,1.0267075,0.016346673,0.3481664,0.4641349,0.9065726,0.03825129,0.08007381,0.3310198,0.2513039,0.10036647,1.5719746,0.050269496,0.077259965,0.17951615,0.1474339,0.15793942,0.2661816,0.0127079375,0.08186535,0.01686544,0.40240985,0.17084287,0.1813936,3.040265,0.96296805,0.22704417,0.01666321,0.2154711,0.12646727,0.005185626,0.46878752,0.19939546,0.037649438,0.7234614,0.06238694,0.39704323,0.18642956,0.31786498,0.20314111,0.43659917,0.3645189,0.08304326,1.9557424,0.006559533,0.14763935,0.0,0.21837291,0.34311995,0.996866,0.601349,0.07148349,0.19065577,0.11155824,0.9883884,0.9226637,0.08693597,1.1153582,0.020993972,0.7323436,0.2753341,1.1169497,0.6575216,0.08710366,0.340019,0.0048551937,0.0,0.18472558,0.4052127,0.122014776,0.18483889,0.010168632,1.5540379,0.476458,1.4197767,1.0242357,0.22471748,0.020184634,0.2902242,3.4000697,0.073946066,0.17629063,0.1861128,0.018956598,0.0,0.2460948,0.24708201,1.5860362,1.7312592,0.02351032,0.1176826,0.1866534,1.2594866,0.91735625,0.7490233,0.07216064,0.024745742,0.5054211,0.016339,0.39101323,0.43502927,0.37139416,0.120247014,0.44281915,0.12534764,1.6745262,0.15147167,0.0050686556,0.020150805,0.10375643,0.3706978,1.0555375,0.025258338,0.15595876,0.16232611,0.038650338,0.8638573,2.2491765,0.75472057,0.86950123,0.110811874,0.20600215,0.8500131,0.10016341,0.41059747,0.024967253,0.35274258,0.21565269,0.6840135,0.30473542,0.0,0.52704966,0.60458547,0.07854098,0.44042835,0.33954424,0.23729074,0.23739316,0.10057721,0.1283144,0.07244797,0.6343164,0.073082194,0.104332075,0.049246944,1.4706742,0.16521232,0.18256874,0.05297927,0.46793085,0.397841,0.088750176,0.14752372,0.84507704,0.38956013,0.09677484,0.0010551471,0.35215876,0.11097127,1.7133064,1.7389781,0.8181674,0.045049235,0.0,0.93769085,0.41564906,0.31454614,0.0,0.44025967,0.24231005,0.20937538,0.61396444,0.06348055,0.009519747,0.7505104,2.3615503,0.427373,0.0637192,0.04440699,0.18865782,0.10109867,0.21707818,0.16100948,0.34319952,0.0,0.6052458,0.03768227,0.16312423,0.4181538,0.3027014,0.73986614,1.183403,0.6379004,0.24683781,0.5538978,0.561535,0.14051457,0.5689766,1.0005474,2.7459443,0.23898748,0.581076,0.91974944,0.22424993,0.7261562,0.3969071,0.035829432,0.29963607,0.0008997485,0.05547305,2.0395987,0.3299254,0.33579704,0.98536557,0.52287877,0.24284035,0.37113166,0.46454176,0.5270094,0.077152714,0.4481563,0.27474177,0.1316961,0.118800305,0.35950324,0.66795,0.049617924,0.06805879,0.6529992,0.5769722,0.5170557,0.16451831,0.42628318,0.065212786,0.7128176,0.13039175,0.45031705,0.9185285,0.030402914,0.21419,0.09293808,0.009069675,0.15206082,0.10160878,0.59087735,0.6990157,0.3970243,0.07711832,0.012100327,0.40954223,0.006118721,0.1546708,0.46915197,0.62535197,0.25576016,0.586192,2.4259841,0.4630084,0.047607075,0.0,0.2033011,0.12913413,0.28449953,0.30697638,0.061725896,0.7150396,1.7207828,0.0,0.22567752,0.0,0.028546235,0.23466584,0.016116947,0.06467824,0.034223866,0.2444058,1.5429144,0.3036891,0.067516424,0.052151863,0.9853789,0.3797862,0.4215564,0.15218812,0.2945389,1.0989761,0.3353143,all_pothole_images\pothole_images_enhanced_00288e10a3ca5211135fc02606abe27d.jpg
0.5661435,0.49268004,0.03778536,3.414742,0.88146627,0.3179632,0.5368617,0.0,0.30777255,0.060742054,0.21622108,0.39532286,0.48642272,1.5539329,0.07465874,0.21562444,0.1355547,3.02998,0.30927822,0.24683173,0.2559752,0.0,1.4020027,1.8210849,0.31561992,0.071260914,0.5363449,0.82498324,0.11483304,0.014559453,0.22552994,0.0052550957,0.02373218,1.0155611,0.15445425,1.7405016,0.12610187,0.216682,0.266036,0.0048372024,0.08568049,1.3767622,0.37304857,0.8784835,0.30654228,0.074576564,0.27037507,0.4569808,0.53356344,0.8071066,1.6838299,0.7711035,0.047706366,0.22622822,1.3304552,0.29264936,0.20935504,0.27157724,1.4756786,0.06865393,1.107718,0.17897658,0.2602381,0.58922833,0.54395866,0.79434,0.84016377,0.0118303,0.00061056623,0.4011479,0.42796594,0.6980861,0.14264707,0.33680126,0.67644894,0.0,0.5460526,0.8623762,0.0,0.5223112,0.060768608,0.2490105,1.0463548,0.20055652,0.45814514,0.028413758,0.00908747,0.021593016,0.6538733,0.6782544,0.93007874,1.1190511,0.1660365,0.27289036,1.2885236,0.26058418,0.5154307,1.334041,0.09498288,0.18080159,0.015368897,1.2820798,0.48743215,0.07509623,2.3196216,0.6389863,1.1736091,0.8804436,0.89016753,1.4475441,0.3202436,0.53285086,0.16018258,1.2207677,0.492714,0.6871129,0.2755013,0.15406555,2.966836,0.15979941,0.40207937,0.089689255,0.026662566,0.2143951,0.80671394,0.40546012,0.0007354491,0.25078708,0.009353192,0.2295049,0.60429746,0.3905154,0.025179882,0.4811954,0.0065854834,0.51705235,0.08802768,0.0035506918,0.15813343,0.06666743,0.43162122,0.031427532,0.88130426,0.3567083,0.006039892,0.8888741,0.4515085,0.25999877,0.09220814,0.33754286,0.0,0.23422903,0.06841841,0.53016764,0.8843237,0.6199344,0.2389044,0.28820574,0.30155185,1.4762957,0.8430032,2.5563226,0.07614208,0.18525627,1.8146474,0.21873762,0.6694041,0.14890017,0.26576224,2.502282,0.8366763,0.38568604,0.08545209,0.084924184,0.049258962,0.7542407,0.025786484,0.0,1.1170634,0.0536776,0.0,2.3348398,0.70622134,0.3297425,2.152544,0.15885827,1.2162914,1.630781,1.1642965,1.5978591,0.74204963,0.078394294,1.3630313,0.77559817,0.5848757,0.113563694,3.392482,0.78249234,1.2895775,0.0,0.017954884,1.1127527,0.22126505,0.123212285,0.06645908,0.41307604,0.2866675,0.0,1.5189155,1.4611971,0.023484455,0.20970026,0.28371778,0.0,0.6881246,0.6837415,0.4990363,0.41954786,0.30373138,0.4229428,0.43760002,0.10491886,1.3125968,0.015372801,0.0,0.089657955,0.064691804,0.0059526265,2.8083582,0.015140467,0.011349447,0.0,0.13439563,0.0042463606,0.084780954,0.1312794,1.0850813,0.415401,0.2715921,0.18995157,0.13696487,0.20887712,0.03251147,0.050822783,0.008496655,0.025826005,0.27485675,0.4480596,0.2895154,4.918743,0.9182967,0.06372264,0.041191153,0.11459179,0.23224573,1.7352201,0.2470894,0.8995936,0.1552007,1.4701242,0.32096624,0.32181922,0.91712797,2.39287,0.02169665,0.41167042,0.08181817,0.6174905,0.6252704,4.051721e-05,0.63572264,0.11413584,0.124100976,0.95623046,0.656778,2.1938055,0.39529398,0.20607586,0.84212726,0.026043838,0.037731204,0.42019147,0.2614072,0.38711655,0.01478834,0.14613573,1.0742768,0.20130856,0.030395273,0.2654321,0.41935965,1.1203603,0.44401467,0.3583128,0.40003052,0.20422499,0.64112294,0.11875084,0.08211044,1.4505762,0.055272967,0.3835288,0.10527923,0.053890705,2.303746,0.18139222,1.0183424,0.12585357,0.102918796,1.027895,1.1384103,1.2240855,0.87731177,2.7192936,0.8655548,0.03905716,0.16266057,0.5864062,7.0618863,0.2704024,1.0514188,0.45579693,0.021597624,0.4750274,0.10066247,0.5060397,0.20474091,0.23799074,0.3498384,0.11131401,0.6677231,0.007908046,0.40342313,0.33665553,0.0,0.0,2.1979363,0.14842522,0.27724865,1.05861,0.00065771263,0.04728836,1.969101,2.5454166,0.55788916,0.11702427,0.22543173,0.06898465,0.007059474,0.43269348,0.07889799,0.1676741,0.1337571,0.58692306,0.027476592,0.12552823,0.0058967746,0.36007732,0.34522474,0.56341714,0.90264446,3.1777523,0.26553088,0.28296533,0.015307753,0.02338424,0.025794864,0.3386863,0.20128335,0.15827061,0.046759453,0.2269693,0.9280419,0.89445245,0.41606596,1.5713059,0.16084343,0.20238853,0.28838488,0.95389056,1.0793622,0.039865885,0.28878132,0.816687,0.077802435,0.2267862,1.6524334,0.024827825,0.057498105,0.061671868,0.027680535,0.14258343,0.05427019,1.3664576,0.0,0.55639607,0.12127867,0.8752348,1.4694316,0.0097778775,0.042938873,0.9668043,0.19235246,0.0,0.20769201,0.0,1.2749033,0.3997383,0.0,0.5321718,0.10757847,1.1698228,0.21442491,0.014458883,0.06559192,0.09864476,1.1217281,0.80025035,0.15473543,0.0,0.7446982,0.85884434,0.19291303,1.3354148,2.2494028,0.030739468,1.2600069,0.0551954,0.12536547,0.12614506,0.103358984,0.23888572,0.23696569,0.24185193,0.22709055,0.019204061,1.5940237,0.119801536,0.10792066,0.29228595,0.79727274,0.2007356,0.21226168,0.075490125,0.0048650415,0.19523823,0.006889443,0.04467265,0.6640185,0.7272147,3.9275773,0.34723803,0.03882284,0.16528983,0.22223103,1.7972963,0.09513377,0.05199946,0.16148968,1.3610201,2.251959,0.23666413,1.3345648,0.4753806,0.13751315,0.13111612,0.3059871,0.0,0.19810568,0.09942598,0.1769153,2.4539933,0.07113178,0.3250567,0.31306413,0.29493764,0.22525558,0.4453254,0.08019247,0.04338851,0.29438582,1.0605311,1.4165844,0.2522133,0.21869344,0.68255156,0.3058538,0.05001841,1.8006834,0.0,0.2202494,1.5897537,0.0035660022,0.49215338,0.027414054,0.015914911,0.5007044,0.0,0.0,0.32925445,0.641063,0.6785972,0.51405925,0.20137608,0.5006573,1.7908945,0.3500693,0.49551547,0.37680528,0.98602206,0.034717396,0.11737029,all_pothole_images\pothole_images_enhanced_00353a9fca4aa79f0b09bbd26834a737.jpg
0.31996217,0.64317876,0.1921989,2.5331206,0.439331,0.03738109,0.31869194,0.0021954281,0.45140064,0.18561585,0.78846943,0.102503985,0.27017477,1.5424211,0.0027589852,0.7621846,0.0,1.8112154,0.41532892,0.058023743,0.06648393,0.0,0.46746308,1.5396591,0.6137032,0.21385008,0.2876566,1.5711355,0.007728276,0.0,0.0072690565,0.19188385,0.07539952,1.1356176,0.17293662,0.6544694,0.010651986,0.21153037,0.13407739,0.06664015,0.030253824,1.00845,0.19515944,0.7170449,0.19358236,0.125371,0.18381044,0.42080945,0.6402803,0.5921186,0.20180762,0.6016383,0.012780727,0.059864696,0.4723762,0.54072875,1.424927,0.011719283,0.39440933,0.6931132,0.0071833897,0.08532715,0.36307037,0.27004075,1.662762,0.61715835,1.0156412,0.13420983,0.3861297,0.05498632,0.3350355,0.025208361,0.18052693,0.0,0.31850004,0.0,0.023912294,0.044741746,0.014425927,0.0183695,0.023887357,0.04595995,0.8304464,0.416232,0.3380449,0.0,0.2123814,0.0849647,0.85907793,0.081647836,0.63149935,0.7709921,0.006408016,0.19122653,0.18838376,0.23084332,0.24884538,1.9791405,0.1252437,0.25444773,0.073867664,0.940694,0.2201322,0.24843588,1.6739349,0.5276504,0.41676843,0.04492882,0.4481269,1.588926,0.13114989,0.21569248,0.00081840827,0.99536854,0.14354908,0.45707968,0.02436875,0.48767304,1.6065111,0.2920599,0.9877154,0.33175245,0.045032393,0.6655538,0.046550833,0.27934778,0.0,0.33998916,0.016867476,0.306845,0.65379614,0.5394479,0.050525982,0.2815055,0.06659235,0.01378474,0.04716063,0.03166224,0.0,0.039916713,0.28063852,0.0049826023,1.4275976,0.6116653,0.003456999,0.41367316,0.017705943,0.27895436,0.30180466,0.43097046,0.007274074,0.05965469,0.028366944,0.059383128,1.2236903,0.14185406,0.42378467,0.5347317,0.42254567,1.1485264,1.6974758,1.1445812,0.28655627,0.17923066,0.6972357,0.3828643,0.27069816,0.44897842,0.28302515,1.8412198,0.025278019,0.27443218,0.053420864,0.083838664,0.043081537,0.43846413,0.1473999,0.0,0.65880597,0.05233705,0.0,2.331362,0.269216,0.29901224,1.1876044,0.55262196,0.6028185,0.24166146,0.45441326,1.0391062,0.09212305,0.44204524,1.3458973,0.8086689,0.15534618,0.019034285,0.5959891,1.007612,0.24304953,0.0,0.10378921,0.47652218,0.014175948,0.10315031,0.006315014,0.38536358,0.5154471,0.12195474,1.1293842,0.4270151,0.002268511,0.12515879,0.5135216,0.17886278,1.2561983,1.6069779,0.58915895,0.06590176,0.16175422,0.010466178,0.18661998,0.0,0.6968899,0.021485718,0.0,0.0,0.91399723,0.007930849,2.8649976,0.2017731,0.06297772,0.005079376,0.33671665,0.20165256,0.54164076,0.08973142,0.45244458,0.15717067,0.2708843,0.19590513,0.0877772,0.015937865,0.1357255,0.32080266,0.065965846,0.0049044252,0.6378907,0.64460665,0.22666508,6.2869263,1.12225,0.046611026,0.0,0.15347068,0.08250213,0.6115365,0.50517637,0.0658912,0.5668689,1.7682074,0.4381578,0.08886167,0.06490478,0.55109966,0.039404668,0.71572125,0.1923298,0.88294894,0.58933794,0.08011169,0.74389726,0.17812626,0.11513692,0.26488745,0.1616125,1.0894663,0.2938789,0.20471528,0.17710203,0.018194405,0.06639548,0.64123034,0.35983023,0.055017762,0.03818587,0.27615324,0.20810823,0.10023829,0.30768818,0.104019396,0.01298122,0.066037744,0.0108079715,1.7579997,0.24318103,0.28501165,0.5528578,0.14469643,0.105957635,2.9682143,0.37555757,0.08863344,0.0,0.018682022,4.1842594,0.002884593,0.20626909,0.2104111,0.19734862,0.21073706,0.24343237,0.918292,2.0114684,1.7432439,0.9286884,0.18698297,0.0025487,0.890207,5.6225896,0.45161802,1.2466512,0.03848985,0.019328382,0.2182567,0.4462147,0.2507115,0.2245265,0.0044149878,0.15444781,0.020248175,1.0322484,0.01063737,0.8094072,0.011305213,0.0003026728,0.0,2.3875198,0.5243687,0.53135526,0.2799945,0.20850658,0.06580219,2.4392152,1.7772838,0.06909923,0.09765139,0.15919746,0.38852715,0.108034365,0.051203366,0.0026792863,0.4295343,0.010377329,0.10875979,0.037006237,0.19324872,0.0,0.41481945,0.97625655,0.528078,0.95318717,0.14000823,1.4233754,0.00038894583,0.004525659,0.03446425,0.009342427,0.015261238,0.5551805,0.5895108,0.6301071,0.5722306,0.62156856,0.39638472,0.37823156,1.1691384,0.62696487,0.016193757,0.10965844,1.1653068,0.44684693,0.0,0.02398182,0.7540879,0.44760615,0.28224123,1.3367075,0.043009665,0.0017882618,0.12685362,0.00024087031,0.78741074,0.0072184666,0.48735353,0.04797031,0.69376117,0.33431718,0.92637664,0.987279,0.02839711,0.14058201,1.0264373,0.27982548,0.24527837,0.13859819,0.047089487,0.6176517,0.3754944,0.49005508,0.3768186,0.027062386,0.82605666,0.15090655,0.32761452,0.00509454,0.19652258,1.4575654,0.025157424,0.16692482,0.010562352,0.08378052,0.7149504,0.027504588,1.7182201,0.70215464,0.0,1.6722885,0.032567013,0.5451881,0.1767909,0.06660548,0.94705826,0.37285745,0.7465543,0.556605,0.17515509,0.3707684,0.33959365,0.027012913,0.0001930075,0.34493762,0.049935397,0.04813338,0.0013379441,0.11048865,0.0,0.06250184,0.09950953,1.1115019,1.359126,2.7957358,0.15379724,0.7139117,0.19093029,0.23631942,0.39772174,0.055453,0.04255931,0.044792816,0.8809836,3.238043,0.27145666,1.1342435,0.27055505,0.7332593,0.0033699833,0.019124001,0.051679634,0.046486896,0.63553786,0.8475022,0.75751686,0.0,0.23277691,0.58269054,0.5778329,0.10506762,0.36447805,0.06967456,0.04367552,0.65542334,0.115082055,1.8922894,0.5406808,0.59091276,0.14219671,0.15817155,0.03168572,1.1259915,0.03243292,0.07521558,0.8587108,0.32366416,0.03142124,0.020800775,0.05205198,0.021358803,0.014210506,0.082914114,0.09743121,0.66054505,1.9549085,0.52353615,0.3576958,0.20200935,1.8031675,0.7221404,0.5293184,0.44530213,0.38657448,0.14473605,0.22641496,all_pothole_images\pothole_images_enhanced_009ddd3d8dd703e6588bfade00811044.jpg
0.29056203,1.2523923,0.41179496,1.353468,1.4789596,0.2319083,0.40182534,0.030997533,0.1443151,0.93182856,0.0222766,0.06673296,0.1484687,1.8162299,0.3575641,1.00109,0.0,0.26530692,0.32968846,0.55364275,0.78666174,1.9553769,1.311702,1.8376129,1.638764,0.859255,0.28432757,2.200032,0.6911202,0.32912052,1.0527753,0.3552726,1.0559901,0.80520517,1.1316344,0.091521434,1.3902819,0.9771596,0.026103958,0.119020164,0.5096631,0.31337085,0.6087687,2.5412648,0.43770054,0.29374677,0.08251706,0.0017019617,0.1381137,0.13457742,0.80809,0.22813858,1.1424792,0.59826404,0.13195336,0.51916134,3.301333,0.0,0.59498554,0.25441253,1.0970036,0.5011709,2.1558971,0.6284,0.76607513,0.9708563,0.23281695,0.0061283307,0.05161351,0.5832686,0.7506012,0.42828432,0.1744132,0.82028085,0.5686072,2.596354,0.09112685,0.58183044,0.011931941,0.06547268,0.22423288,1.208912,0.01472108,1.4870378,0.29322103,1.4983424,0.22037251,0.030965243,3.93952,0.07003075,0.14851537,0.33406875,0.05567058,0.6267727,0.21882601,0.030632004,0.4570346,0.3860939,0.041547384,1.6290522,0.055989314,1.7772232,0.13530207,0.01225983,0.69371986,0.457392,0.1974376,0.8539331,0.06024094,0.56464356,0.3068194,1.4149718,1.501654,0.16497421,0.8796969,0.87857443,2.4727736,1.1810895,1.9982743,1.3527529,3.271336,0.7208504,1.063442,1.442149,0.61027855,0.737046,0.0036709036,1.7136467,1.8441408,0.470282,1.252803,0.0058524054,0.7476766,0.36031112,0.014494715,1.9440503,0.4761383,0.79222286,1.6602566,0.70064175,0.24840356,1.0155199,0.008208994,1.1512781,0.5815636,0.9009787,0.42705107,1.0090635,1.0869669,0.5993709,0.60826844,0.3297945,0.37061188,0.29043227,1.2888979,1.0157737,0.75474733,0.80960214,0.23104644,0.49651515,3.6838686,0.47144705,0.1786023,4.243791,0.07415498,1.1572019,0.27003318,0.7696045,2.2437775,0.20646207,0.2505231,0.44880036,0.022293853,0.96209097,0.5553119,0.052929614,1.7595586,0.16845627,0.042573053,0.00109754,0.32722816,2.1447382,2.235634,1.7623585,2.273029,0.5321431,0.341665,0.13900432,0.1951156,0.40950075,0.20456114,0.7476458,0.05410265,4.264649,0.07149361,2.1921387,1.307038,0.6973649,0.50398123,1.2268733,0.48016053,1.5402747,1.4805236,1.0476034,1.4184321,0.2211449,0.3534423,0.17095642,0.6061026,0.20016368,0.7008136,0.34947827,0.37702546,0.94633234,1.6300061,1.4303108,0.6751656,0.24112982,3.0263104,0.29702738,0.6303442,0.0031249186,0.020206315,0.39207476,0.2436935,0.6430352,2.0937006,0.9241749,1.2746034,0.10361393,0.39873084,0.3782245,1.4110048,0.019025939,1.6225342,0.25948128,2.8769088,0.20047888,0.04641565,0.22426757,0.5234878,0.057087462,1.4766892,0.7170152,0.12744388,0.012595443,0.7365808,1.0582025,0.33154264,3.3173118,1.0598073,0.0022274642,1.0258068,0.10830609,0.18893966,0.27041376,0.566679,0.29880512,1.6194413,2.1139748,0.13217871,1.1336734,0.9287006,0.7622335,0.6923498,1.4102057,0.24530208,0.15739417,0.95321554,0.7677399,0.17894334,0.010194356,0.5158989,0.04066905,0.73629844,1.0811427,1.3854373,1.5697861,1.0983027,2.0363674,0.042074572,0.51921284,0.5745722,1.0615493,1.4919184,0.31398186,0.35841373,1.7300711,2.1648936,0.14022402,0.84669393,0.57912177,0.2791047,0.42812923,0.036129236,0.11188259,0.057987854,0.4739828,0.26015428,0.35833323,0.89750546,0.77647626,0.21589743,0.011226111,7.503173,0.1996203,0.6420436,0.24586153,0.47637537,0.12999101,0.45346534,1.8675528,3.531519,1.9353665,0.07104767,0.78035,0.0062624603,0.94581634,1.426002,0.628582,0.18901516,0.6583546,0.011479176,0.5650679,1.0066434,0.30573735,1.6662992,0.8074446,0.0,1.086247,3.1660104,0.066059366,0.019344773,0.78843594,0.42262995,0.6422255,1.2235227,1.2159427,0.10650061,0.10222633,0.29585448,1.4965734,2.179635,0.058687244,0.420338,0.0,0.71040034,0.22401322,0.9793827,0.71067685,0.08686588,1.1115068,0.7422435,0.13043872,0.1433409,0.3256907,0.048594415,2.1696887,0.27513686,0.70604384,0.00073750765,0.039750583,0.3720563,0.9667493,0.0041410876,0.4627185,0.89988476,2.2307003,0.014203807,0.98227334,1.9302422,0.71863097,0.12726805,0.10623628,1.1737111,0.27430734,0.048680432,0.12751414,0.603449,1.26911,0.08804487,0.08470739,0.070925504,0.8250807,4.247583,2.5350072,1.4835653,0.25538495,0.0035746316,0.8902163,0.70567834,1.6916376,0.64063185,0.18940808,0.14091554,0.02620745,1.2918441,0.9547157,0.88278073,0.15600297,3.271703,1.3787048,0.7430136,1.1765417,0.037188705,0.49659503,0.7368697,0.014892783,0.20037676,0.098983936,0.81190276,0.14003941,0.5039299,0.043924738,0.0649278,0.75792974,0.8435581,0.45037746,0.2702646,0.11688032,0.9024611,1.1440233,1.1481662,1.7392435,1.9971588,2.197758,0.76694566,2.2107527,0.7127869,1.4249157,0.45580897,0.4964936,0.12217595,0.29618067,0.48671284,4.754511,1.2550281,1.027069,0.029531505,1.1130946,0.87987393,0.7117021,0.2107286,0.47012722,0.027749483,1.0457863,1.2177317,0.93326956,0.5348296,0.13176706,0.5591573,0.61813146,0.5097007,0.39222786,0.6608527,0.2062618,1.037249,0.7253525,0.21331312,1.595743,0.9807999,0.122312866,1.3996539,0.20763178,0.44835904,0.17385842,0.5745034,0.10555763,1.8477224,2.2351537,0.5649611,0.53646,0.39797935,0.8355427,0.64199495,0.27418107,0.75380474,1.6670723,0.8990051,0.0,0.44618785,4.876642,0.82526153,0.8834008,0.0,0.7486069,1.2785126,0.69813806,0.96441346,0.048836626,0.06486141,0.9528435,0.0,0.25049525,0.2502494,0.05314654,0.3122863,0.0041009146,0.27922437,0.28445995,1.107184,5.212381,2.0717514,1.1279472,0.6339422,0.2859698,0.15228514,1.0133013,0.12971485,0.671205,0.5845335,0.23576528,all_pothole_images\pothole_images_enhanced_010e6cd1358e7bd0037ff1d70bcd8e3e.jpg
0.011146078,0.3448068,0.0,1.5432063,0.07314435,0.10653513,0.14198458,0.0,0.09006872,0.0,0.23004255,0.0,0.0,2.959536,0.005891961,0.023679117,0.049157724,1.8319988,0.5744258,0.0,0.04202477,0.14383867,0.22156979,0.07056754,0.28539923,0.0,0.04767925,1.1901801,0.19481738,0.0142362835,0.0055835447,0.0024487372,0.008775818,0.04359433,0.0,0.15899308,0.040328294,0.029916203,0.013372702,0.006502253,0.010540775,0.20390362,0.27236637,1.8061869,0.042313837,0.0,0.0,0.1835094,0.006833745,0.09301146,0.010742754,0.014126505,0.0,0.016745899,0.6567904,0.3342877,0.6811486,0.09138028,0.00026833703,0.014784906,0.027040713,0.0246171,0.49727228,0.34499148,0.06907137,0.28106916,0.067814104,0.0,0.028607935,0.0030997952,0.019992577,0.031088576,0.06762772,0.003097011,0.6517759,0.0,0.0,0.35252315,0.0,0.008480834,0.002936609,0.23640849,0.47999433,0.5882643,0.039757594,0.0,0.06741892,0.011855651,0.05714655,0.0,0.21116436,0.06861457,0.01361942,0.35087585,0.17196375,0.0,0.021703921,0.6380323,0.11367738,0.026327047,0.008121977,0.741993,0.0025695742,0.009078422,1.4788516,0.19704303,0.7390783,0.020244611,0.03941595,0.4652884,0.0,0.094917156,0.06632839,0.16867018,0.023786437,0.00849652,0.0,0.0,1.4260198,0.18066916,0.47288314,0.0,0.0,0.4288924,0.30465856,0.052481845,0.0,0.0,0.24523355,0.0,0.0026165936,0.12743907,0.0,0.24369515,0.080699846,0.01207455,0.11054148,0.035747357,0.0002757029,0.11061252,0.06002128,0.016709235,0.025084218,0.0078040403,0.011035594,0.5719146,0.0,0.0,0.20433998,0.10184304,0.0009656472,0.08773286,0.0,0.1581844,0.33127943,0.046050888,0.0,0.052790582,0.100826405,0.02061566,0.5236095,1.8065399,0.0,0.1983679,0.24443878,0.0014302428,0.43170244,0.010302548,0.71389467,1.4576802,0.0,0.0010336699,0.00044785018,0.21255392,0.0,0.001536342,0.050997008,0.0017510623,0.07267244,0.005412229,0.0,3.158793,0.8804316,0.0,0.89112127,0.35052213,0.10078009,0.16943501,0.010045999,0.11568376,0.0021667697,0.0353514,0.3465172,0.19864295,0.13736522,0.0,0.62894255,0.04169452,0.32768616,0.0,0.012621273,0.46006194,0.6764394,0.1742793,0.1676616,0.0,0.04162035,0.13776651,0.12700826,0.10090347,0.0,0.0,0.21517488,0.0,0.083582185,0.25927162,0.0,0.0,0.038964022,0.0,0.05789053,0.0,0.07253986,0.0053220103,0.0,0.0,0.54428583,0.0,2.2377586,0.020587968,0.007114105,0.11158796,0.06101774,0.13232036,0.04111082,0.31332207,0.8509128,0.0051014917,0.13820764,0.08276834,0.0700637,0.012043211,0.001933823,0.13318211,0.019113524,0.0,0.0,0.1648094,0.004517388,4.5372477,3.4211316,0.0,0.0,0.0,0.0,0.49291846,0.27584586,0.034688726,8.8542634e-05,0.86081403,0.048398927,0.019325811,0.10615573,0.05504571,0.0,0.09356147,1.1614873,0.19512483,0.25649425,0.0037292764,0.12970538,0.0,0.4665483,0.05716148,0.27227747,0.8390873,0.0,0.005216186,0.04325484,0.0,0.4064696,0.14974165,0.11556124,0.12567495,0.0,0.059892293,0.077867836,0.11672417,0.0010439259,0.0,0.0,0.019043954,0.00026951235,0.060690355,0.13116007,0.09484141,0.020843666,0.34292415,0.0,1.4987991,0.5122941,0.030094644,0.0,0.039798737,4.2074037,0.025599217,0.16533156,0.0,0.13479567,0.073684074,0.0,0.25513762,0.6181213,1.3279527,0.07559041,0.094120644,0.0029895396,0.9075571,5.905576,0.13562895,0.0,0.0,0.03233043,0.039230917,0.0,0.0109500745,0.69814247,0.0,0.0048660003,0.005258374,1.0295008,0.3205281,0.062236138,0.15598172,0.0,0.0,3.1280766,0.7370988,0.07408677,0.26017547,0.0,0.0011086488,1.9068861,2.3824642,0.754909,0.0,0.13489757,0.27495548,0.05436396,0.1610707,0.0019129458,0.0,0.0,0.023659404,0.041748267,0.033397995,0.0,0.17554255,0.18794422,0.00039836945,0.18869184,0.06873604,0.006777698,0.0,0.0,0.0,0.15380494,0.099591,0.021257415,0.0,0.5539542,0.06655189,0.015607326,0.0,0.0,0.18455455,0.113747306,0.00709276,0.16265707,0.11901007,0.1637888,0.0,0.0,0.07816528,0.785533,0.0,0.17375953,0.000106054904,0.0,0.094234034,0.0,0.0,0.0,0.60355115,0.0,0.20949313,0.035316978,0.2833763,0.013518625,0.03190802,0.758911,0.31972858,0.3888685,0.0029655716,0.023667708,0.0,0.07012364,0.11530966,0.37536913,0.031035105,0.0,0.051958717,0.0,0.2201647,0.19224727,0.0690783,0.3513039,0.008984399,0.06853348,0.028837303,0.5379982,0.0,0.0,0.6768428,0.5082039,0.11091014,0.22932327,0.00036899454,0.07404334,0.0628636,0.018580476,0.08830329,0.0040842877,0.02728953,0.01901958,0.18740001,0.12692404,0.0,0.06472127,0.0008109754,0.106465384,0.0,0.011128963,0.0,0.080396056,0.0,0.0,0.07719736,0.03954357,0.047693547,3.2465153,0.005414002,0.016219536,0.0,0.17800932,0.18894596,0.017681189,0.0042569307,0.0,0.2158862,0.9255002,0.0,0.22386986,0.0,0.33734515,0.00043707833,0.043087885,0.0033338103,0.0,0.098000936,0.3144759,0.22007698,0.1833282,0.0,0.38884953,0.026017914,0.0,0.7356428,0.0,0.0,9.034118e-05,0.077907786,0.5415288,0.022018125,0.10262201,0.0,0.0091121,0.0,0.87020373,0.0035743043,0.09604959,0.35284126,0.004198996,0.0,0.0,0.0,0.00047190033,0.0,0.0,0.0,0.17926338,1.0505841,0.46099082,0.07352299,0.042813588,1.9905673,0.85144585,0.36507535,0.008796815,0.07013044,0.0154402815,0.062909864,all_pothole_images\pothole_images_enhanced_018cebdb945f0046507bf9b5046650ea.jpg
2.2548,1.3559875,0.48212293,1.6635679,1.1551797,0.37882408,0.024995305,0.010530104,0.5322994,0.45712957,0.40614533,0.7175497,0.31711042,0.0037323933,0.12548831,0.1853637,0.30334118,0.032750245,0.26653358,0.114721045,0.4271064,1.8322911,0.024904205,2.7618,0.7527754,1.1690142,0.076445274,1.799964,0.104111515,0.19322562,2.0013824,1.1411057,1.0479674,0.5444396,1.7102087,0.2883674,2.3576264,2.2787938,0.65546685,0.85964334,0.0,0.05753912,1.1243283,0.6375513,1.0381932,0.28362027,0.001209266,0.093305044,0.91448706,0.34903017,0.9445058,0.2103461,1.2886084,0.11740777,0.18214703,0.4693085,1.6022239,0.023616318,0.06320076,0.024361184,0.30468348,0.08702305,1.3412592,0.7923505,0.5216894,0.5937831,0.29923016,0.45655966,1.0529985,0.77439123,1.4822204,0.37094554,0.14188237,0.9500759,0.012624364,0.7191796,0.21130523,0.5041835,0.093829796,1.258011,0.18973039,1.1049428,0.49769136,2.4656253,0.16443323,1.4023194,0.43550664,0.059519507,3.418899,0.52183664,0.4688698,0.29184365,0.31509385,0.004131349,0.10694308,0.08820162,0.8633867,0.31392688,0.43757787,0.4027706,0.23271142,0.0632569,1.269417,0.23602113,0.5898559,0.049795184,0.56066954,0.90210646,1.2239201,0.20511404,0.5082868,0.32398993,1.294273,0.1655826,0.87269837,1.4363477,2.3661234,0.21787989,0.70661086,1.0776294,0.925704,0.3573581,1.3199686,0.82178926,0.3009876,1.1992519,0.479359,1.0964683,1.525488,1.2599664,1.575705,0.10205962,0.5627154,0.25017998,1.0254967,2.0611582,0.07764674,1.1307577,1.0053178,0.13323188,1.1349804,0.2180886,0.059838533,0.97380376,1.5964764,1.8359966,0.3857084,0.31254506,0.1153487,0.86319995,1.03419,1.0008925,0.4354367,0.3544599,0.28409365,0.3229423,1.0189474,0.11608499,0.15223204,0.6917618,0.76103234,0.55866885,0.07476956,2.1748886,0.12894051,0.0029390296,0.3864057,0.27272132,0.77818346,0.41138947,0.8224693,0.56218064,0.25098476,0.45433095,0.456493,0.5262274,1.1246111,1.1414777,0.2115663,0.10714109,0.039328106,0.6698873,2.427047,1.8739636,2.7553935,0.4173855,0.17947,0.12238868,0.43484512,0.9828504,0.4608743,0.29488447,0.8530033,2.275155,0.42345014,1.2392857,0.28906077,0.36495963,0.15990676,1.168105,1.028962,0.7259903,0.1317,1.3468472,2.5063472,1.3357803,1.5043393,0.8415512,0.30466634,0.3716102,0.27754134,0.036303606,1.1600643,0.9862437,1.6736783,1.1235161,1.6424255,0.37644172,1.1302718,0.10739536,1.0760792,0.63606757,0.3697184,0.28215355,0.18882263,0.52174,0.92251253,1.2757255,0.967362,0.96673,0.12546587,0.8182233,0.36353156,0.94026977,0.79595196,0.17668891,3.2094903,0.41906115,0.4724163,0.7149494,0.07982214,0.34343183,0.7978627,0.21948242,0.10905771,0.016711297,1.1869713,0.32700372,0.8885628,2.855779,0.88429266,0.2703478,0.22658986,1.7247754,1.2269018,0.17490238,1.4124926,0.03247441,0.2436119,1.265819,0.056873202,0.9398708,1.7900062,0.0042216587,0.20099436,0.3278145,0.41990057,0.15643947,0.23881222,0.44714573,0.010078551,0.012585819,1.0445882,0.9337242,1.6512146,1.2811147,0.35594308,0.24111338,0.5817351,1.2513518,1.0097562,0.17646793,0.07396916,0.20535782,0.89366686,0.4387155,0.062332503,1.1426928,1.3326101,0.4840274,0.77936864,0.43206218,0.17078492,1.0180229,0.90517,0.7754217,0.36848247,0.18728945,0.26232243,0.65418774,0.18592314,0.7335167,0.058623478,1.0043317,5.6690216,1.0778338,0.31770363,0.32172105,0.4439372,0.15993583,0.41142187,0.60393023,3.4762778,0.8605021,0.0714893,0.7784122,0.32786655,1.7752142,0.5026971,0.64297736,0.15053405,0.17256348,0.59363735,0.00016196528,0.6258247,1.8183193,3.1523237,1.5733887,0.43312088,0.067272455,4.568202,0.049816675,0.14887297,0.06625071,0.37825587,0.4661118,1.0360218,0.7812802,1.0617484,0.034189686,0.19615848,0.72291106,0.4216287,0.41960743,0.65073204,0.066269115,0.033653468,0.76187944,0.8401835,1.9746015,0.18785295,0.98155195,0.205965,0.6441823,0.8267833,0.020675175,0.29384708,1.3056055,0.008158851,1.3146244,0.113916345,0.04738342,0.2615642,0.09020621,0.35013035,0.19639741,1.2092429,1.7321341,0.39551827,1.420004,1.2465242,0.27671203,0.4939122,0.29831573,0.9497597,0.587135,0.47398236,0.117929496,0.37692088,1.8759446,0.6801528,0.08598218,1.8119161,0.71446055,5.057258,2.0753279,1.4768028,0.14048389,0.37117162,3.4892092,1.9206833,0.2608219,0.6662849,0.0,0.584756,1.2373525,0.54148406,0.38328812,0.53637695,0.04565743,3.1809921,0.984943,0.28925592,0.73774797,0.21691942,0.76167625,1.6047039,0.45801488,0.59304094,1.0322609,1.3251976,0.23288997,1.0421919,1.047779,0.3942621,0.5198269,0.78615445,1.8439149,0.08987493,0.20250876,0.4611871,0.5057812,0.882221,0.64864385,1.1607594,0.69853616,1.1336666,0.7155447,0.0062020957,0.3097384,0.85540295,0.25222242,0.19677712,0.009803445,0.34711272,3.218258,0.6689125,0.8537621,0.55726886,0.874481,0.6549577,0.9587883,0.57046217,1.0507588,0.0,0.3524239,2.2116833,1.353739,3.0841472,1.3940744,1.1245515,0.81442845,0.69974136,1.1481628,1.4450632,0.21948475,0.52281547,0.79144514,0.21773124,1.5038887,1.4463109,0.69071937,1.2151185,0.32556978,0.5099442,0.36501014,0.086777,0.036240462,1.6051453,1.426505,0.26618657,0.76460123,0.49354178,0.15152332,0.7317477,0.18879269,0.8740921,0.5917343,1.7503195,0.4538676,0.03327461,4.0420604,0.2739744,0.46527505,0.10161146,1.0771624,1.075421,1.3465835,0.4856678,0.28264257,0.29262823,0.37873453,0.59665453,0.31568846,0.8248171,0.49776906,0.35254395,0.81468844,0.53770876,0.30777422,0.29348177,5.27014,0.25642425,0.29050964,1.0884186,0.24409017,0.5675371,0.8990448,0.83623844,0.7945128,0.121207975,0.6817208,all_pothole_images\pothole_images_enhanced_01adc6780fa41d1f79514f30ab2f0e2e.jpg
0.37428603,0.73851,0.052019037,2.1418111,0.9391086,0.10779671,1.4219986,0.5039966,0.47823092,0.23228365,0.5227877,0.18093646,0.63105667,1.8083007,0.20275393,0.030331956,0.026059639,1.3509467,1.3411942,0.008929874,1.124312,0.6492522,0.99502575,2.2421868,0.8773196,1.4660054,1.0633017,1.970652,0.0019699433,0.2163721,0.32010955,0.032813635,0.81406075,1.1622053,0.2674462,1.2928156,0.81674194,0.3785434,0.10811883,0.5519661,0.055463918,1.3123521,0.4217579,0.051960614,0.19993567,2.0926113,0.5253649,0.0,1.4014168,1.1332371,0.50907236,1.0202639,0.32818022,0.06937969,0.016444646,3.7768426,1.2299863,0.27209958,0.26537406,0.19681631,0.74035114,0.4229443,0.81983066,1.6150911,2.8730268,1.3943982,0.06337333,0.12122139,0.14725809,1.0488876,0.16571541,0.8866146,0.118751734,0.814897,0.29602993,0.48693696,0.39540216,0.16441971,0.038887534,0.040346462,0.4793958,0.029458668,1.1380504,0.68774945,0.19213793,0.23260552,0.20868118,0.615774,1.3893498,0.05101559,0.5285024,1.5031114,0.661484,0.33244684,0.1121199,0.15914111,0.5415626,0.62162066,0.1258889,0.085596494,0.041841004,5.2610073,0.73196536,0.3922241,2.0436075,0.6122998,0.9378975,0.92149866,1.1309206,0.42669934,0.5062523,0.49343377,1.5010821,1.0487174,1.0353127,1.4797691,0.8546579,0.5345372,1.2652857,1.1523445,1.0444183,0.5016842,0.0,1.4461344,0.6906257,0.17957373,0.40298787,0.91675454,0.94262457,0.15472114,0.682896,0.079401545,0.0,0.7346714,0.14031094,0.89638984,0.0010737996,0.76213104,0.039132714,0.06403131,0.8282154,0.03781116,0.4758791,1.0840292,0.74611723,1.5934775,0.048187025,0.17758271,0.99184495,0.015694952,0.36870238,0.43074214,0.012407308,0.000183265,2.6460886,0.86929655,1.8309052,0.7094241,0.21112229,1.8873861,2.638603,1.1147633,0.3850989,1.869806,0.4794939,0.28491783,2.6656342,0.78006667,1.8793778,1.6991873,0.25942186,0.19026151,0.20984122,0.3636905,0.11730842,1.3007542,0.2559037,0.20284458,0.29232433,0.069794565,0.091132,2.9471674,0.7522502,0.19112442,1.17756,0.15572989,0.7761244,0.64676636,0.29463023,1.2174329,0.45941454,0.122747846,0.99909735,1.3391384,0.0062319697,0.33501998,1.6858081,1.3588834,0.9855446,0.5619351,0.14448777,1.4256546,0.25766757,0.29482874,0.5561834,0.010669917,0.49034965,1.0468725,1.7941711,1.6315835,0.0,0.103020355,0.54334134,0.5181609,1.2813205,1.8693044,1.8670087,0.35902116,0.16076234,0.6879428,0.3947097,0.48169613,1.1417953,0.068113334,0.041170057,1.1588954,1.2182044,0.13283588,1.173422,0.3784864,0.89743614,1.6237698,0.24481617,0.33662075,1.690593,0.010218815,1.9696815,0.33194464,0.00976552,0.18549782,0.1878132,0.02259742,0.29490218,0.027192092,1.3425218,0.25418422,0.99016225,0.7241097,0.45247084,4.915137,1.0683533,0.18965562,0.26425266,0.2616579,0.079731114,1.1050068,0.4660783,0.39261392,0.14835799,3.3300288,0.58043164,0.1024807,0.5088109,0.69388837,0.08520607,0.14080966,0.9992449,0.91837054,1.2525761,0.018701142,0.37955454,0.059699625,0.39386156,0.4431884,0.18511759,0.34811273,0.72621703,0.18108928,0.580843,0.45167238,1.7585002,0.9931356,0.8342397,0.31020692,0.061819665,0.5240361,0.72285587,0.016346179,2.007586,0.24010171,0.9156897,0.10874193,0.35369617,2.1514907,0.065079235,0.4184583,0.61931956,0.40484333,0.15708594,1.5119786,0.79240745,0.26671624,0.2915074,0.16615553,2.717389,0.74846303,0.025964148,0.024036806,0.0066694496,0.8751867,1.3171132,2.3759892,1.1785554,2.9786942,0.756442,0.60466087,0.4075994,2.6819794,2.5982995,0.9450423,0.9257744,0.015001867,0.08838629,0.1993992,1.0890476,0.6577902,0.14078848,0.019771649,0.42815134,0.24168085,0.5032875,0.26317462,0.07606268,0.21456936,0.005362718,0.33817142,1.5822321,0.5098036,0.4918706,0.805674,0.89476967,0.30589506,0.62290573,0.87954336,0.0075148805,0.22245169,0.5492865,0.4163887,0.79138243,0.19040562,0.6570463,0.079587825,0.5163536,0.40898934,0.30766273,0.24577932,0.062131006,1.6335608,1.2261891,0.2701317,1.4340253,0.7677507,0.7268924,0.0032573387,0.059383757,0.0,0.34321636,0.08422846,1.0854223,1.2716117,0.9115163,0.68361735,0.2718163,0.5087137,0.8228244,1.2253476,0.30702958,0.012751413,0.89728916,2.054268,2.1223989,0.0,0.1358853,0.18447265,0.2399655,1.5387583,2.3963356,0.037122194,0.18440686,0.08409433,0.7821373,0.15619594,0.068741456,1.2521523,0.014375254,0.3933119,1.6844722,0.37482813,0.6654968,0.4646583,0.23560756,2.106488,0.42566314,0.77292645,0.7198752,0.412485,0.50808394,0.3155765,0.4383263,1.2172735,0.5354095,1.2404627,0.008082382,0.021760957,0.27700987,1.0983205,1.7841116,2.0460162,0.78127146,0.010558871,2.6043904,1.5606248,3.0096924,2.3161407,4.8420715,0.5244073,3.1303394,0.43061447,1.1560868,0.76659197,0.20022604,0.28747335,0.40521967,0.21287607,0.9143879,0.99933153,0.5608032,0.7751427,0.28179124,0.11043738,1.3492464,1.3348671,0.42717108,0.20560607,0.30757135,0.31064722,0.35281217,0.4986126,1.1019892,1.2634621,1.0851275,0.030166786,0.16734932,0.41479623,1.4849927,1.6075613,1.5367457,0.5105027,0.5486773,1.4830294,2.409348,0.7709317,1.5670433,1.0546997,0.2638273,0.0064268988,0.0,0.14924206,0.2367821,0.25872788,1.0996984,1.8129425,0.5283105,0.18393268,2.3585973,0.38083866,0.008268491,0.6742544,0.21306963,0.15665503,0.87746286,1.4128622,0.7602746,1.0436723,0.20011844,0.37657088,1.2012194,0.48955554,2.1466985,0.58526295,0.01712294,1.1251533,1.3561432,0.033345234,0.3851498,0.13444473,0.3446726,0.4565622,0.23438519,0.6446154,0.7617427,2.4832363,0.2978616,0.23447496,0.52546155,0.97368884,0.45433927,0.43551156,0.31180587,1.1858134,0.65293837,0.11713098,all_pothole_images\pothole_images_enhanced_01cc21191f15085c231477ce32404475.jpg
0.3264838,1.4937303,0.23271608,1.5350865,0.028816799,0.14716882,0.34026712,0.0,0.17486258,0.10718158,0.52021927,0.21313745,0.205563,2.0210967,0.0021174152,0.27909666,0.081314996,0.5150012,0.08260528,0.0062351264,0.0,0.5249046,0.34100676,0.7872979,0.0053368937,0.12133406,0.18095216,0.45269367,0.0018496396,0.08955811,0.4153158,0.26872048,0.19593343,0.9560571,0.101287,0.24744157,0.12970032,0.27172562,0.0,0.00798,0.02641683,0.5321007,0.2933187,1.3667098,0.12440444,0.01737655,0.25084466,0.032697197,0.15399978,0.103831515,0.045842297,0.13412043,0.04888827,0.30305177,0.033924803,0.262079,0.69821244,0.015554934,0.5465399,0.097678356,0.046315484,0.043784354,1.0462661,0.44989178,0.73774827,0.83269966,0.7782838,0.0032042016,0.6555614,0.10487286,0.05673811,0.10701138,0.18023448,0.0,0.100778356,0.0675567,0.026703648,0.16830114,0.005221587,0.034577593,0.028041484,0.09648639,0.46619397,0.96352553,0.316654,0.1431015,0.0051544905,0.019543715,0.8520348,0.2974906,0.5763059,0.6950446,0.0,0.65993094,0.11951744,0.3318951,0.4236449,1.1962628,0.09805211,0.013023641,0.12479903,0.8804815,0.0025866965,0.2511873,0.69889855,0.62641734,0.14691277,0.021676462,0.68343264,0.41870645,0.14848867,0.9935968,0.08459957,0.7114717,0.15951362,0.033332903,0.7544215,0.19592643,0.8495609,0.33727062,1.0110451,0.52878135,0.07527431,0.67788273,0.102209926,0.997323,0.13068943,0.3389472,0.1532346,0.4231343,0.42490503,0.0102917,0.089324236,0.31760123,0.047171336,0.0,0.08171389,0.059053548,0.028706798,0.12667397,0.46747264,0.0073478785,0.44142613,0.93710613,0.008257547,0.32107547,0.004873816,0.39702442,0.3086591,0.040271383,0.37043664,0.1492761,0.11364436,0.10605177,0.90419143,0.015091729,0.83688927,0.8272785,0.18906055,0.0431661,2.4312346,1.1795291,0.051055893,1.1147239,0.5408865,0.012294127,0.916143,0.3417528,0.21961094,1.5797032,0.01927528,0.06704001,0.03359145,0.116224445,0.07435604,0.5298723,0.33908656,0.0013479354,0.29737428,0.093607314,0.0047633983,1.7030702,0.97406083,0.06421313,0.5411119,0.5017591,0.009941995,0.0,0.33339646,0.40621772,0.19224408,0.40399063,0.9680829,1.2039484,0.008243051,0.11296196,0.53392786,1.7257929,0.031313647,0.2511212,0.42524225,0.5471853,0.12768415,0.43218464,1.3065335,0.04402073,0.64462817,0.009351699,1.0801988,0.27431393,0.0049317763,0.2865735,0.27316454,0.107327305,0.23204355,0.45087284,0.62780917,0.14977054,0.09523584,0.29363993,0.046687357,0.75913566,0.49860513,0.082347654,0.0,0.019405555,1.1862749,0.051080998,1.2470263,0.11327315,0.06654998,0.024014642,0.07981451,0.23529577,0.20086144,0.26909405,0.6903539,0.2693133,0.13969176,0.13422014,0.17583443,0.18273515,0.46660092,0.26602685,0.13507019,0.046505187,0.78390914,0.36860752,0.16729526,4.3762383,2.106949,0.14724417,0.091280684,0.031257477,0.116952054,0.7981111,0.59731567,0.25741452,0.070997536,0.4006441,0.6313755,0.25327408,0.11284693,0.6728785,0.0,0.78849465,0.047445685,1.0032618,0.44216144,0.12646073,0.17013577,0.3223526,0.23424374,0.54735893,0.24928293,0.38362688,0.65713614,0.05744928,0.47904348,0.058822885,0.5151174,0.15288636,0.17906617,0.19582056,0.21258351,0.28290948,0.18743682,0.065705255,0.7772892,0.16773738,0.03239561,0.034614768,0.011690672,0.40231416,0.2514504,0.13992627,0.5897233,1.7655396,0.2453002,0.8369728,0.34074777,0.115040764,9.63946e-05,0.01908514,4.341946,0.12245227,0.03315878,0.29687378,0.011121575,0.1881061,0.28784877,0.99917287,4.3628626,1.2040647,0.119488776,0.4696635,0.013831867,0.37013245,2.3345528,0.08878167,0.9334459,0.0,0.06737976,0.07775419,0.2786659,0.001730373,0.71095634,0.0,0.030394558,0.19417325,2.355241,0.064677455,0.0011331383,0.007184214,0.0,0.0014705638,0.6276996,0.18708737,0.4772356,0.010905342,0.028825935,0.2840318,0.5762576,0.4477365,0.044151835,0.48335266,0.39952612,0.2680976,0.14946733,0.40403762,0.12540041,1.029292,0.07809432,0.049124446,0.17402473,0.09599842,0.08422362,0.24352856,0.0023879083,0.14423029,0.46260384,0.20243594,1.1979748,0.0,0.016641412,0.04776022,0.55397123,0.04457242,0.63180107,0.8172728,0.37069798,0.5439708,0.61258566,0.14793374,0.5055838,0.48894706,0.18149398,0.026430463,0.01788502,1.3263386,0.25055236,0.09922878,0.08956507,0.32155624,1.1403753,0.5415398,0.28542468,0.0068430766,0.051417924,0.19513655,0.10750421,0.82099915,0.0,0.60747737,0.0,0.44046497,0.28170368,2.0016692,0.4748878,0.09100456,1.8564426,0.18030515,0.1757861,0.27548322,0.16990955,0.15745397,0.8295795,0.33297542,0.05494072,0.41626015,0.04746057,0.24436912,0.09581538,0.34148166,0.19210666,0.0,0.59158987,0.17451064,0.0,0.057153214,0.25285292,0.13315867,0.33609217,1.912994,0.4553774,0.06927499,1.9325104,0.039912082,0.2534532,0.27041048,0.39660403,0.90222615,0.0054492177,0.016258903,0.18207572,1.1808393,0.20939784,0.46289754,0.07291127,0.0021874837,0.2200461,0.22023278,0.16099447,0.0,0.2059495,0.0,0.32318422,0.34494343,1.2298052,1.1991705,1.5464009,0.09155958,0.27401134,0.7537014,0.27293238,0.30431238,0.13719192,0.65505403,0.18528254,0.13056234,0.7120513,0.42967355,0.56143856,0.16715443,0.22002071,0.015883373,0.024340764,0.013838824,0.11590686,0.4063315,0.3540133,0.35757184,0.2544387,0.20310631,0.0,0.026146997,0.09417442,0.61342496,0.1516117,0.06867015,0.2914709,0.93039155,0.42409033,0.44291106,0.16555414,0.25157106,0.31638134,0.13644288,2.2106164,0.041301016,0.2941447,1.1802124,0.15650024,0.07759158,0.17982662,0.021857271,0.19191115,0.0,0.07284676,0.15676996,0.023012204,2.1679478,0.41296482,0.17201106,0.03088543,0.7161943,0.3625739,0.42330757,0.27710354,0.031572413,0.30907866,0.16523252,all_pothole_images\pothole_images_enhanced_0207538a275cfb8ba18f5dcde965ae8b.jpg
0.33262077,1.9451507,0.52040946,1.8096645,1.1301142,0.42493454,0.3791406,0.06001956,0.048387527,1.0200399,0.5021015,0.28201854,0.9546556,0.94111395,0.84568846,0.29647642,0.16156657,0.11398544,0.49038288,0.47685754,0.27586117,2.537008,0.477459,1.4335204,0.50353813,0.7955548,0.6666533,1.1764572,0.6878503,0.64179623,0.6685957,0.8069369,0.98423475,0.013273674,0.69223815,1.922169,0.52169096,0.22571993,0.024073664,0.42735073,0.0,0.0,0.57419014,1.4574088,0.44232106,0.083027646,1.1210383,0.23140231,0.0019907842,1.1550304,0.011062725,0.8762305,0.408993,0.12601648,0.42511293,1.6529318,3.3165774,0.01671073,0.28436425,0.31972528,0.5228092,1.2768127,0.89063215,0.05628937,0.33562317,0.71461356,0.27095494,0.9456153,0.1483793,1.3344556,0.50890654,0.3838712,0.15820543,0.067873135,0.66479856,1.4595277,1.0717118,0.7394255,0.19732508,0.87300694,0.97631925,0.18285657,0.08868519,1.9807726,0.70353705,0.34387803,0.46680564,0.07891068,3.6247268,0.033388007,0.03348503,1.014328,0.03953126,0.013366182,0.40688214,0.016406747,0.06982947,0.3875575,1.3871399,0.69197774,0.24200948,4.4783688,0.21854241,0.01693183,0.15460913,0.42228857,0.071831055,0.13433361,0.0071287723,0.7058752,0.578532,0.95121163,0.8723806,0.15490748,0.98015326,0.9759526,0.64433444,0.23626871,0.77788913,0.82168174,1.3044847,0.52067524,0.56684387,1.1920434,0.24744351,1.9939984,1.0182317,2.0736108,0.73632866,0.5766583,0.69924706,0.01383189,0.75172955,0.117691435,0.54546255,0.27452,0.45296913,0.837719,1.1118423,0.6816143,2.0501504,0.38588753,0.6877241,1.2604837,0.9742849,0.5997251,0.30163115,0.021197544,0.6849795,1.6771872,0.7893163,1.2036346,0.053222485,0.6181979,0.83058417,0.47748762,1.4800415,0.089123406,0.20295373,0.6001073,0.7914981,0.52768445,0.1900535,2.9789286,0.0009530026,0.11588961,0.8663937,0.5004509,1.3467966,0.020455476,0.2223153,0.0031912904,1.1122559,0.83473575,0.41402844,0.0045269644,0.4144427,0.0,0.49492666,0.35096008,0.7044483,0.7057893,2.8702972,0.9032903,1.7707007,0.11817732,0.18662918,0.6679532,0.26229617,1.1876968,0.13461497,0.43588522,0.36170328,1.3709072,0.011205804,0.263715,0.0,0.066884205,0.03700878,1.069747,0.36596763,1.1385522,0.41800836,0.7064123,2.162606,1.3787717,0.40679386,1.1814806,0.09584748,0.33441737,0.3920941,0.85181105,1.5727189,1.7980765,1.4518579,1.4097801,1.0641613,0.0845967,1.0578971,0.02209161,1.6364298,0.02412115,0.019866604,0.129692,0.019158006,0.5996415,0.89254665,0.13788797,1.0163767,0.13103575,0.8747465,0.63109016,0.06691557,0.17045347,0.39389452,0.021844564,0.7501916,0.16472003,0.004742645,0.10294098,0.42099303,0.0041545727,0.3376534,0.30309346,0.17268416,0.05126951,0.8146183,0.09955852,1.3008876,3.106689,0.49847788,0.17557758,0.22081527,0.2348243,0.3430355,0.46657154,1.4460994,0.0,1.0688263,1.4751425,0.064057045,1.3038683,0.06519826,0.16356261,0.33014354,0.19049709,0.004450469,1.1481239,1.2775908,0.50486374,1.1299336,0.022192227,0.25894463,0.46404105,0.76240486,0.64922935,0.8623112,0.34755886,1.4675258,1.1200492,2.077997,0.036144286,0.3376316,0.4182727,0.8871581,0.38082117,0.34152114,0.24702443,1.1936426,0.49459103,0.26834136,0.39093187,0.039783057,0.5354801,0.35742012,1.7504153,0.38808087,0.06652015,0.59047085,0.6707965,0.17474534,0.8495636,0.39396393,0.73433256,5.1997046,0.64743745,0.301454,0.6105284,0.39269823,0.7490913,0.16596285,0.72689986,2.830886,0.33977413,0.28219157,0.77686745,0.27972743,0.50478387,0.58933306,0.02352287,0.009366771,1.0275337,0.026934762,0.2932734,1.6439637,0.8133012,1.4676979,0.06474905,0.8650195,0.6383832,1.7855017,0.422419,0.5310243,0.37613747,0.1497843,0.039411608,0.8057894,0.1690396,0.09907193,0.3869021,0.8615953,1.0140855,1.0296901,0.07425172,0.65504235,0.012255055,0.24069321,0.0029663513,1.107141,0.13688055,1.7522601,0.33886924,0.45072624,0.6979683,0.026804218,0.21594849,0.17192647,1.416593,0.58180237,0.4774352,0.006264934,0.04055321,0.48562476,0.6369183,0.0,0.13951166,2.0448995,0.22769274,1.0788743,0.021145903,1.5164526,0.5222143,1.360703,0.66064715,1.3006971,2.1085277,0.16027533,0.4174538,0.10067105,0.114118636,0.00865464,0.11116105,0.5991053,1.3523521,2.8580987,1.4510398,1.957567,0.029976133,1.3549776,1.2056212,0.94589233,0.6145216,0.48391458,0.25656417,0.041459404,0.11407064,0.118854076,0.0,0.25792864,0.7659719,1.2792645,0.7887821,0.062237408,0.8875827,0.14408225,0.059622373,0.09843899,0.5446534,0.0,0.66456234,1.2879596,0.09083158,0.59556717,0.12792349,1.0161786,0.8678307,0.92989177,0.75081384,0.74040806,0.011062277,2.171796,0.8310605,1.380306,1.142896,3.0774505,0.5519342,1.0835449,0.36378098,0.08213464,0.8074442,1.510158,0.016213117,0.051076595,1.6885033,0.35733312,4.4568043,1.0578941,0.4023723,0.007287684,0.12812094,0.7478311,0.71517545,0.06596054,0.30786693,0.17496194,0.31880584,1.9912859,1.0958015,0.7141993,1.7954649,0.19608395,1.1479195,0.940846,0.24162635,0.55683666,0.9119869,1.4453878,0.94300866,0.4837665,0.4394385,2.2094443,0.0014932754,0.103209786,0.8508503,0.8847734,0.48391002,0.27131656,0.15102305,2.0003757,1.7130349,1.7257186,0.9047076,0.8644044,0.4898789,0.28106692,0.44782048,0.0041933632,0.3970789,1.9674866,0.044458568,0.8561521,1.9472682,0.38297212,1.2595713,0.043364227,0.0053357054,2.3500886,0.24762987,0.037634958,0.5278181,0.35509837,0.98253864,0.43683866,0.15254898,0.0,0.1185444,0.033310913,0.37234673,0.10476661,0.0,0.11544793,2.4527538,0.06447435,0.7945507,1.4214622,0.3302237,0.0,0.49271807,0.1651096,0.0029660792,0.36929312,0.4347903,all_pothole_images\pothole_images_enhanced_0230117bae9b3eb87d10a7670d25da4e.jpg
0.58073986,0.30275166,0.076639734,2.0924692,2.173096,0.72945374,0.41667405,0.013731155,0.20797306,0.88928145,0.2648383,0.9069502,0.7500154,2.40408,0.007532066,0.3245743,0.15063526,0.67192405,1.3020016,0.08947452,1.2798651,1.6804177,0.7509271,1.8253831,1.4205421,0.98286605,0.25991923,2.7423618,0.0,0.043373648,0.4287195,0.22498356,0.9602762,1.6080141,1.3723263,3.3417604,1.0016965,1.1980526,1.0139132,0.1306319,0.009734819,0.024213817,0.08332549,0.29626366,0.0961741,0.6205238,0.35785413,0.002057964,1.1388235,2.3003573,1.5050243,0.21108128,0.1675491,0.39074975,0.1876193,2.3728716,0.97074664,0.36661607,1.3523363,0.05846105,0.74192756,0.13674761,0.36205903,0.43057978,2.4962392,1.3675091,0.5612821,0.15294345,1.1468574,0.6418884,0.09848892,0.2774492,0.3835991,0.18275267,0.10437341,0.001500949,0.0026726087,1.0901061,0.19236812,0.089442514,0.039630607,0.5672743,0.19157393,0.40729624,0.30604768,0.18661195,0.21786049,0.18091731,1.6096798,0.2029997,1.2057624,0.40448636,0.62648,0.7630777,0.0,0.3558113,1.4711157,0.78276044,0.45547765,1.2004768,0.8424539,3.978805,0.30210358,0.11991291,1.2010204,0.5646128,0.2573732,1.2036679,0.21108367,0.47970036,0.5080941,0.5132442,1.4043696,1.2817336,0.81714195,0.1781263,2.7739806,1.1845667,4.101783,2.4106593,1.9065777,0.53540474,0.35456422,0.8657662,0.1320845,0.7792981,0.34286872,2.308726,1.396461,0.91072017,1.8755969,0.0,0.7827366,0.05502395,0.0018736884,1.0947702,1.3076661,0.6380568,0.27185526,0.04569532,0.7454857,1.0910009,0.0722205,0.48802683,0.05330324,1.5245295,2.1250625,0.21241814,1.469838,0.5947971,0.19996086,1.3312563,0.20653675,0.06038355,2.1686711,1.68935,2.2587438,0.27410385,1.486397,0.7123482,2.962385,0.68674076,0.14234434,1.8507596,0.2092097,0.29478902,1.3150575,0.11033315,1.1860235,2.2491379,0.5100312,0.37268797,0.15168306,1.9270599,0.51897526,0.41388047,0.031089786,0.0052679954,0.38472486,0.051068123,0.15916736,2.7297122,0.641964,0.917863,2.7273448,0.88737524,0.7599142,1.851204,1.4051753,0.6742749,0.20516726,1.8699291,0.58756024,2.93419,0.2910829,1.1548163,1.5644237,0.5125194,0.7681064,0.101218656,0.1672637,1.8195833,0.39682654,0.17687063,1.8686075,0.4063392,0.85342693,0.1661693,1.5441751,0.57755226,0.061035175,0.008405616,1.4755392,0.21261603,2.9221241,1.1822728,1.2597758,0.06397365,0.37238428,0.6737652,0.33128336,0.6951192,1.206077,0.21013063,0.046227485,0.4358617,0.1209674,0.18114157,2.5600264,0.1433892,0.033960454,0.12016101,2.266918,0.80022216,0.28612986,0.29802018,2.9535117,0.45157507,0.07367871,0.27243167,0.044019736,0.12697433,0.49131197,0.3075732,0.051271502,0.08996255,0.36217427,0.3288912,1.0729326,4.120164,0.46483427,0.24401595,0.7897741,0.8335419,0.4851775,1.254281,0.6156042,1.4230524,0.22039928,1.2631339,0.9944736,0.06073703,0.570231,1.6507691,1.2375385,0.11568087,0.95241356,0.99615264,1.1497476,0.027184686,0.23747937,0.066679455,0.05591492,1.3469014,0.3147704,0.7148108,1.8386079,0.41061836,1.0278981,0.8408908,0.6199568,0.06422908,1.0687889,0.58576465,0.5657298,1.7393486,0.9199647,0.6074111,1.9416881,1.2619294,0.19859594,0.0003241755,0.18569335,2.29795,0.72978944,0.06876915,0.9292898,1.0017852,0.28575805,1.73252,0.9519604,0.7244372,0.007906723,0.23452838,3.989555,1.235704,0.023908785,0.040639162,0.1910978,0.21426156,0.7373106,1.9810781,2.0606322,2.728623,1.7423304,0.18171185,0.17479889,0.29919,3.4913702,0.0037809808,1.2375765,0.021372493,0.10036658,0.9440605,0.8818078,1.4599345,0.18221515,0.5386755,0.4720098,0.2630015,2.3277094,0.4515198,0.48858285,0.09627425,0.0,0.10716757,0.15786342,0.62596977,0.8210892,0.8000558,0.38525367,0.058702346,1.6107442,0.4081522,0.89710116,0.6996264,0.07717739,0.21298386,0.83229995,0.54057026,0.010405387,0.6599147,0.06393636,0.3796351,0.1262508,0.38876006,0.16499883,2.7832816,2.2885814,1.0219543,0.82472634,1.2504565,1.0250429,0.35654062,0.06761252,0.09263802,1.6160128,0.123854496,0.67789507,0.5382004,1.6433082,0.5987661,0.7826773,0.089642696,0.76615345,1.0821037,0.109951824,0.15952934,0.16287196,0.76951504,1.4421729,0.014838852,0.22842553,0.53215766,3.3848228,0.77802,1.6657652,0.013253686,0.72526175,2.1780038,0.7420357,1.1518317,0.045664493,3.765797e-05,0.6410532,0.1828347,1.2040385,0.9447549,0.5023024,0.17392421,1.8905131,1.9608248,0.49487168,0.027089708,0.5860955,0.15947546,0.77233994,0.10653486,0.08602614,0.2432489,0.6203626,0.15199488,0.15961847,0.50020015,0.08024479,0.97698957,0.77758354,2.1848712,0.30726376,0.11701528,2.3679774,1.5253199,1.099817,3.7520337,2.776031,0.8815166,1.6681845,2.286537,0.8813999,2.4586394,0.067400455,0.90788376,0.61545026,0.87465453,0.81856894,2.6628518,0.9463104,1.0995058,0.20277058,1.4410876,0.34542835,1.5756477,0.13943285,0.531585,0.029395005,0.24149443,0.24479468,0.12265059,0.36848143,1.833151,0.7009411,1.0002413,0.5210164,0.4079033,0.5633013,0.87204564,0.7324599,0.1930742,0.9309248,2.0359578,2.606672,0.78669745,1.4809146,0.6627216,0.5612948,0.2529385,0.028543519,0.2762145,0.9679259,0.89365286,0.39948452,2.3715415,0.10767398,0.6276873,1.0946294,0.026505059,2.5255616,1.9873881,0.9834816,0.0013076771,0.175804,4.442411,0.254681,0.38660496,0.18131478,0.109288804,0.11795581,0.021267481,2.082088,0.32940665,0.19882579,0.38986146,0.44435158,0.124033816,0.054202992,0.19050404,0.0054208767,0.20052822,0.031015977,0.43888295,1.3912295,4.6131153,0.7490871,0.24016263,0.39800668,0.8420673,0.7267291,0.74827546,0.5255709,0.51908386,0.23040219,0.9097198,all_pothole_images\pothole_images_enhanced_025a736bfc328e8bf26a4693e21eb08a.jpg
1.3004843,0.7109914,0.8770484,2.0502217,1.5775154,0.1599287,0.26334,0.0,1.1512988,0.4808185,0.20371126,0.09763185,0.034082085,0.2843811,0.104967825,0.018703364,0.028298143,0.075521626,0.8305354,0.31058142,0.40243632,4.3379245,0.64762837,0.2605379,1.2525887,0.5891846,0.4195547,2.1514337,0.1386692,0.07554172,1.536843,0.27424714,1.0519798,0.005573665,0.29831243,0.48723438,0.024725694,1.9903831,0.8814722,0.7240588,0.0,0.24631648,0.31371498,2.3056636,0.47464904,0.45107052,0.20615643,0.026760967,0.013238435,1.8496641,0.91780317,0.2537516,0.43759057,0.552357,0.34036806,0.8550757,2.1101217,0.114078715,0.050093174,0.12572932,0.05056098,1.1845137,1.1320286,0.14349122,0.7091821,1.9964591,0.6640508,0.17736615,2.0977232,0.4252205,0.35322562,0.2195907,0.0,0.04806923,0.30166563,0.5825168,0.77190506,0.19083819,0.022215877,0.2221455,0.026452493,0.09903272,0.2897507,2.0551724,0.5975111,0.2455281,0.3585517,0.124798395,2.0592468,0.40141705,0.04284484,0.012405245,0.0,0.03318042,0.0051625394,0.48803812,0.7964269,0.6412198,0.6125406,0.57245314,0.0,0.25717425,1.0696157,0.5234764,0.10460141,0.36962783,0.0,0.47320265,0.14002602,0.12704302,0.30950907,2.8954773,0.38068458,0.21230246,0.43103617,0.7367328,3.4331765,0.1128558,1.4165868,0.90185535,2.2896037,1.2393905,0.011722741,2.711835,0.46887782,1.5236914,0.62055063,0.57397485,1.397303,0.050738946,0.88103014,0.18259838,1.1964301,0.0,0.23005931,0.50366116,0.316667,0.6202545,0.53074014,0.7870203,0.2037912,0.13717577,0.2812786,0.79236054,0.0,0.93133676,0.96041715,0.5121194,0.54983133,0.0355255,1.2860092,0.8449531,0.0022399814,0.051452525,1.778295,0.22008346,0.9566499,0.3049722,1.3245556,0.14147809,0.26303583,0.5986835,0.0,3.3593378,0.024999233,0.06562077,1.9777085,0.55550814,1.2936662,0.34564716,0.16165663,0.0011039905,0.153242,0.15902509,1.7443575,0.015893329,0.10462511,0.27963606,0.28954357,0.0029925548,0.06963097,1.1143336,2.3395052,2.3286738,0.20417985,0.034130435,0.42028737,0.31343007,1.4798611,0.7327235,0.07064074,0.43623313,0.05279068,2.3085346,0.272012,0.24419717,0.6946738,0.7090787,0.063589,1.2348809,0.17702727,1.862489,2.1592188,0.7508917,2.0429604,0.28806546,0.9997689,0.799169,1.0160234,0.78808403,0.011904653,0.03495533,0.93916255,0.31339225,1.4502734,0.7103109,0.37948444,0.116547264,2.9014094,0.05528086,0.093372226,0.040332567,0.020127213,0.7384169,0.30284923,0.7432661,0.4449194,0.31599116,0.15797824,0.043505333,0.27635503,0.2657117,0.7944029,0.1318518,0.4769055,0.0,1.6047583,0.49927622,0.06225945,0.050337344,0.32325163,0.024806255,0.024626704,0.5240658,0.20284796,0.64247394,0.26247448,0.3416635,0.49160597,2.9727755,1.9488039,0.400697,0.81183296,0.0,0.46264115,0.37543842,0.7146997,0.099278174,0.4073378,0.9328869,0.0,0.088028125,1.0890392,0.3328015,0.9983374,0.5875357,0.026814865,0.39210027,2.2340128,0.015119963,0.06986698,0.18696451,0.18823001,0.23890032,0.57118577,1.1106656,0.1158045,0.4434884,0.45945245,0.7681731,0.8681273,0.52024406,0.020011585,1.423792,1.9027458,0.13949776,0.91299474,0.56857705,0.19845152,0.7981497,0.24098271,0.42013526,0.4986151,1.2072468,0.05750812,0.1315202,0.54784167,0.49306938,0.12740624,0.68744975,0.258432,0.38399205,0.20491779,0.80452687,4.7734942,0.77941537,0.18890129,1.0615374,0.2727652,0.35985106,0.87979716,0.22604187,2.8936698,0.64045143,0.0,0.2293454,0.71553457,1.1351737,0.22688687,0.0,0.3662218,0.18703105,0.09127904,0.0,0.1951867,0.872164,2.1560957,0.076635756,0.96902555,0.13218662,1.6938336,0.09664285,0.338383,0.39869067,0.20748088,0.42273626,1.3523515,0.086159684,0.21382876,0.50296843,0.65415764,0.52603614,1.081441,0.012750466,1.38788,0.15054667,0.035223864,0.007913389,0.32989648,1.4573656,0.5789759,1.2794957,0.887626,0.305879,0.1432523,0.505671,1.115269,2.2393603,0.20176952,1.2460202,0.0,0.1720831,0.8407517,0.92446196,0.15207122,0.2620575,2.2975554,0.28936747,0.30730888,0.16076733,1.0056411,0.12078531,0.25505117,0.20942067,0.9498063,0.3205042,0.1149501,0.27128357,0.0118531,0.008809707,0.051837735,0.009516247,2.0094159,0.2129096,4.3837276,0.81312203,1.1642147,0.0,0.34048608,3.0287287,1.6654018,0.7801952,0.20155884,1.2720622,0.009066892,0.37771988,0.55219495,0.007129737,0.0704263,0.35416055,2.1731372,0.008992002,0.089429446,0.44894993,0.5864494,0.13521448,0.80742425,0.24971016,0.03267727,0.4358058,2.0585644,0.18733165,0.399069,0.16962853,0.51983666,0.0056215315,0.77827,0.70343965,0.06581489,0.0,1.8895164,0.3535561,1.4342501,3.250036,0.7285828,0.00039818647,0.16178088,0.70079523,0.07291406,1.1136106,0.87668645,0.022459524,0.21521044,0.026594039,0.1387652,5.2831297,0.7251551,0.12438229,0.09989783,0.6863348,0.09978295,0.59952223,0.06867067,1.3503363,0.6249527,0.0,2.3246448,0.832063,0.32358086,0.32754368,1.4303753,0.8305998,0.47048038,0.51814455,0.80140924,2.0785034,1.1666107,0.69220537,0.3713461,2.248154,0.18024136,0.22708145,1.0558735,0.10507347,1.0217204,2.1117156,0.08599743,0.21031609,0.6438919,0.58974814,0.96720946,0.09726912,0.20517649,0.51209766,0.12223223,0.23336974,0.09513932,0.6772385,0.15832853,0.4278893,0.61109895,5.7775803,1.079052,0.24251321,0.04445636,0.25193956,0.48785242,0.3744686,0.27758715,0.47740436,0.09302328,1.6604134,0.0,0.3618389,0.20259579,0.0043382393,0.30499145,0.09643524,0.031707227,0.0066349935,0.014315637,5.391345,0.79157585,0.42874134,0.46835124,0.14249274,0.3052592,0.49300873,0.799159,1.0656016,0.5690484,0.5249461,all_pothole_images\pothole_images_enhanced_0265e50919298e958c6da661970d7aee.jpg
0.874967,1.7911229,0.27887553,1.5215391,0.2909358,0.04755251,0.1695329,0.061553735,0.19191761,1.0340508,0.2889311,1.3029569,1.1066117,1.0590024,0.022335485,0.06839577,0.06487257,0.89239043,0.3283793,0.20043771,0.16967954,2.1000886,0.21937907,1.633154,0.2556307,0.44852322,0.16205934,1.5847927,0.011117916,0.99913335,0.648158,0.6460963,0.36937767,0.76618606,1.555946,1.4059113,0.8388726,0.7511497,0.2823441,0.76303136,0.00061228726,0.055950694,0.21286067,1.3251184,0.73421305,0.5098808,0.19462623,0.00084239955,0.3117401,1.0772928,0.7089006,0.94582886,0.14460641,0.0,0.018926643,2.9079466,1.0556505,0.46623424,0.6525675,0.08836336,0.08633715,0.029551566,0.30473226,0.19547324,1.1922467,1.3592784,0.22574706,0.1420831,0.6383884,1.1546485,1.0299664,0.16608685,0.028244052,0.72996175,0.037572253,0.014372839,0.14672434,0.31355825,0.11280054,0.24018416,0.06843587,0.54365724,0.26490328,1.3713211,0.09730018,0.05171001,0.30618522,0.19203751,1.8285565,0.07797668,0.03932727,0.7270399,0.2976614,0.6531718,0.0,0.054663617,1.9411739,1.018415,0.948796,0.4570598,1.2515643,1.9533489,1.3323692,0.09133558,0.3111561,1.3248459,0.2058901,0.50343955,0.9114152,0.96190953,0.96598536,1.2586011,0.7710831,0.8506373,0.6242562,1.1432108,1.5574846,1.0583274,1.273606,0.6647063,1.703125,0.40446216,0.1803725,0.8442356,1.2563202,0.87707967,2.123085,1.0704532,1.5741,0.8744101,1.1923505,0.2372069,0.39041284,0.45114407,0.22800091,1.3134216,0.073587045,0.7915626,0.5161068,0.0019899746,2.3768141,0.115918465,0.43343523,1.8786281,0.4177138,1.5247992,0.21403383,1.0869323,0.24817857,0.12239648,0.08577653,0.65196097,0.03431098,0.015332867,1.3007137,0.33902466,1.2655499,0.037824992,0.13194315,1.4042991,4.2581635,0.91453534,0.02891158,4.8898773,0.0044921716,0.003643663,0.06288653,0.19679788,0.6166047,0.5620015,0.22380114,0.0016465914,0.16087283,0.14019601,0.44359836,0.21557127,0.25940093,0.079932086,0.029088292,0.34551817,0.10994244,2.3607006,1.4629674,0.13085735,3.3660417,0.4119325,0.19024749,0.019952713,1.2107171,0.39462847,0.35418567,0.7292552,0.41331115,2.5884445,0.36993757,0.15396416,0.4476386,0.7911414,0.02544636,0.4375227,0.14507617,1.5248556,0.6324516,0.61774325,1.9347581,1.7107942,0.60569143,1.556797,0.20350528,0.17421204,0.010115277,0.60552174,0.50416774,0.58804286,1.8942815,0.2428109,1.0676109,0.745304,0.41548657,0.038879313,0.2934307,0.998414,1.0791196,0.3962653,0.103083655,0.5145907,1.0797391,0.08795497,1.0999023,0.56115395,0.20963244,0.34681487,0.3548964,0.4787425,0.18833551,0.03249005,1.1100727,0.09101669,0.17997473,0.17052835,0.8895318,0.09486618,0.3317398,0.00017885689,0.04920212,0.5861593,0.92007405,0.14194988,0.1538346,4.288425,1.282547,0.00758291,0.49093223,0.60504186,0.0,1.5794868,1.404942,0.5432216,0.28631768,0.57088655,0.26337552,0.0,0.43030974,0.12066501,0.7822857,0.15050267,0.039340306,0.75018424,1.0500267,0.30569214,0.010229438,0.008788363,0.07698205,1.0527688,0.87209535,0.2061219,0.6735793,0.67967176,0.28676552,1.838089,2.020114,0.009736802,0.88314503,0.004476863,0.48281917,0.71806026,0.9856022,0.5819442,1.957389,2.0196803,0.09883721,0.07184944,0.026121108,1.42196,0.57136333,0.5876039,0.39435118,0.7622472,0.047516398,0.5588929,0.65533954,1.6689281,0.051001072,0.13825111,4.4141197,0.029780986,0.019219806,0.74095535,0.010270757,0.777634,0.36320117,1.6369903,2.6020472,0.540913,0.82219905,0.5107684,0.025935153,0.2121287,1.6878285,0.14103568,0.13571727,0.021208616,0.102540396,0.34849656,0.37498492,0.9080717,0.9793743,0.02837899,1.2608708,0.08598792,3.504014,0.3417834,1.0738431,0.26162368,0.062116552,0.09684613,0.21772996,0.40337697,0.16669078,0.5203954,0.68388224,0.16692235,0.45668122,0.1966984,0.22192904,0.021524018,0.10842162,0.17565507,0.35779727,0.6693706,0.8552066,0.11021425,0.46299616,0.5770351,0.13958691,0.20271729,0.88073,1.3234779,0.1880003,2.0602124,0.57356256,0.112005934,0.8916952,0.00015874738,0.08063014,0.0,3.559178,0.2984382,0.47929308,1.014845,1.3919369,0.9899417,0.311269,0.39460742,0.8063988,0.53279454,0.0,1.013653,0.692141,2.8485239,0.36614874,0.0,0.66608125,0.6975957,2.6911101,0.4477323,0.85911334,0.0027094376,0.0046137148,2.2783284,1.7744025,0.278536,0.036546063,0.11713242,0.33901036,0.08338381,0.88091445,0.5563128,0.26940218,0.016015332,4.3235993,2.2764077,0.39628848,0.8002701,0.20853034,0.336304,0.28248966,0.6702685,0.18241754,0.030001244,0.884458,0.7652467,0.66258913,0.9597216,0.031125534,2.1207137,0.7873517,0.774994,0.5167766,0.052789863,1.4608098,0.45510948,1.4210607,1.3670303,2.8615477,0.19968523,0.6065717,0.81634086,0.17369013,0.55436546,0.8007117,0.66887695,0.09114251,1.3463813,1.1477302,2.6218834,0.24966158,0.64330137,1.6211919,0.5819003,0.258017,0.32607514,0.18493986,0.7027103,0.24135222,0.025363786,0.60774845,0.12497491,0.24848281,1.2099727,0.75465775,0.39577436,0.6842545,0.5738598,0.37884334,0.7128184,0.50023943,0.37258306,1.2207514,0.50597394,1.6097326,1.4192393,1.2320398,0.2491026,0.13311972,0.009842612,0.014010915,0.0013259075,0.46741197,2.1635015,0.6617416,1.2034495,0.10961184,0.10065201,1.0200688,0.012025802,0.24837235,0.73390704,1.0689533,0.016072506,0.376982,3.3836775,0.05610403,0.4329637,0.054842025,0.16850455,1.0506685,0.021176148,0.4678805,0.0,0.78645414,0.5062947,0.2295477,0.2148785,0.04178297,0.14728928,0.5611676,0.06898099,0.5205682,0.10748364,0.14196067,4.2871585,0.5747163,0.0426779,0.45705265,0.2386541,0.028394567,0.08556793,0.55852693,0.5334483,0.08241532,0.006011687,all_pothole_images\pothole_images_enhanced_02a44f735274c449b4a41d0c483dca58.jpg
1.4121844,0.7652576,1.3964418,1.965185,0.97070974,1.7294236,0.573763,0.061865553,2.1221912,3.2554448,0.014050291,1.7145118,0.34048122,0.22216357,0.57660985,2.0201836,0.5128177,0.113360405,0.32027093,0.2924222,0.24782647,1.6072875,0.32254013,0.3849217,1.3437684,0.6719613,0.12824926,3.3247502,0.6411879,1.5084567,0.48095104,0.9251413,0.9728461,1.4793533,0.26942623,2.0488436,0.21816777,0.2439799,0.1943749,0.5583222,1.4351003,0.09874625,0.23838952,0.660079,0.95110726,0.021926612,0.23752609,0.4549844,1.3610598,1.920487,0.3345537,0.1132772,0.39197022,0.62892944,0.58230275,1.980741,0.70601666,0.56505126,1.0029871,0.0050412226,0.0,0.322528,0.18180859,0.52846843,0.04287269,1.7540315,0.39748728,0.5250341,0.27200526,0.20770341,0.60911095,0.19099873,1.0654889,2.6487436,0.76042426,0.40067014,0.0074752416,3.0729558,0.16826057,0.1515994,0.09005626,0.23125629,1.6567962,0.51707846,2.6930714,0.8780205,0.3829101,0.1450777,1.8968705,1.603528,0.09428026,0.028961772,0.003426864,0.1981265,0.7636368,0.03572239,1.0145595,1.5291047,0.115209036,0.6983353,0.026839372,0.73700494,1.0065156,0.22893244,0.24593227,0.16558884,0.21277927,0.45163733,1.6155899,0.36143976,0.48847455,2.462087,0.35416448,0.3317645,0.30801505,0.56847084,1.8022311,0.88095015,1.4119152,2.6887262,2.0943313,0.30671912,0.18166228,1.0908338,0.5619938,1.3002378,1.7691814,2.2624469,1.1650409,0.19993111,0.10958148,0.019500144,0.74120843,0.07187845,0.038005494,1.6530955,0.060834747,2.121324,0.7881368,0.2000011,0.4331619,0.20050052,0.4203371,0.23480232,0.26733822,1.9877672,0.0052938983,0.49652943,0.1910291,1.3526174,2.4500773,1.2992272,1.419279,0.19278897,1.8004233,1.5610205,0.13082322,0.27385926,1.310086,0.29838738,0.37834358,0.9478185,0.12043637,2.4338973,0.25384778,0.50916964,0.10955904,0.03137767,2.1406875,0.2711917,0.2591938,0.016718768,0.025211163,0.33881468,0.87054676,0.96730834,0.6185046,0.0,1.3657023,0.7940131,0.02751948,2.7872052,2.4435933,2.209631,2.7080123,1.0308014,0.3024227,2.7411673,1.9354185,1.35704,0.6518668,0.3565845,0.33978695,1.4256269,0.7254782,0.2570327,2.25858,1.2592052,0.28739065,1.3277309,0.61623794,0.6950297,0.69915545,1.4036809,3.8532104,1.1483723,0.9115034,1.9676632,1.9271393,0.9375082,0.0,0.35711816,1.5371256,0.23757541,1.6255434,2.7950218,0.13617654,0.18284759,0.90733415,0.6113455,0.5987537,1.0202768,0.18915589,0.866392,0.02460507,1.1807902,2.701718,0.6832063,0.84960306,0.049241647,0.028471502,0.0013427382,0.29392424,0.17936605,0.9301739,0.13745941,3.15277,0.07781353,0.07805558,0.16308777,1.1960943,1.3753786,0.13407819,0.77149075,0.2095194,0.12434042,1.1959841,0.22317176,0.2759381,3.8109741,1.101653,1.416097,0.9422809,0.72573864,1.0406363,0.48977947,1.195156,1.6707832,1.5649165,1.9630435,0.11037157,0.11928746,1.0601134,0.6876324,0.9908602,0.4462466,0.48395717,1.2301687,1.0533458,0.34787092,0.66401273,0.002401282,0.017180433,1.8105799,2.3129168,0.79624844,0.23446687,0.80369395,0.71812487,1.345163,0.10242127,0.52507573,0.3324303,1.149591,0.25616723,0.90644026,0.95260215,0.055342983,1.2725238,1.2470243,0.67643565,0.6884904,0.043043233,1.4397416,0.11877461,1.9941198,0.6392618,1.7343534,1.2493148,0.5475904,0.33834788,0.48688245,0.9514184,1.5044303,5.0699553,0.70557815,2.2764275,0.90727013,0.46549842,0.25109816,1.854509,1.8190463,3.9980662,2.7477367,0.33722532,1.3546118,0.18184014,0.7037118,2.520727,0.65201634,0.856702,0.005738169,0.74747926,0.87509465,0.8605307,1.4238311,0.9481069,0.090362206,1.262509,0.5611061,3.8374965,0.11179077,0.97849417,0.46249837,0.06077781,0.065381,0.66153,0.1581299,0.008107334,0.123847276,1.8371753,0.28099892,2.1623943,0.07686669,0.46861678,1.8215886,0.22754358,0.30480504,0.15183899,1.0110714,1.3249804,1.2260604,0.7125997,0.48778558,0.39916274,0.033662878,0.22484931,0.7209887,0.32415724,2.8998547,0.10626199,1.1580667,1.3434815,1.4417944,0.8568901,1.9095266,0.5684355,0.22167797,0.06335558,0.13159065,1.4737203,1.8997747,0.8343386,0.036356967,0.60438925,0.16056384,0.23714676,0.17187992,1.0284642,0.43574348,0.48807493,0.10666133,0.07299382,0.6342078,4.461672,3.5377715,0.81845933,0.018335607,0.113351956,1.6113589,0.73623985,1.4391342,0.7541642,0.75754607,0.0028384568,0.14533147,0.75037944,0.5680071,0.009036181,0.18761627,3.801208,1.1902372,0.337584,0.022263337,0.029977636,0.16031303,1.0702636,0.097306155,0.07751058,0.17988348,1.5921677,0.43492016,0.4504983,0.54462963,0.0,0.47584006,0.94268125,0.24909315,1.1344727,0.31861967,0.568198,1.871425,0.5607171,0.6072118,2.5133462,0.62297875,0.577845,1.021605,0.33439472,3.4375956,0.5006508,0.27642834,1.2441728,1.6545637,0.61413455,4.8243384,1.5584737,1.4795077,0.027192404,1.5607692,0.08402049,1.0567764,0.9988243,0.7513459,0.38448212,0.065122746,0.07527217,0.6551489,0.16073395,0.84655386,1.1527951,0.47360867,0.9642029,2.0256927,0.9656139,2.599746,0.13672061,1.6608824,2.378321,2.9730072,1.2308974,0.49555892,2.7341328,0.09576409,0.40376747,0.39837158,0.48067793,0.012793228,1.2969888,1.1828803,2.1289499,0.59464675,0.46326032,0.44870266,1.2383792,0.6503108,0.066633046,3.0535731,0.48946926,0.08893707,0.07747931,3.275341,0.6944873,1.8155271,0.088783644,0.16912504,0.66680455,0.31034026,1.6520821,0.15999413,0.32862788,1.6298307,0.7465365,1.6089854,1.2826858,1.6294154,0.24735197,0.032455135,0.40121666,0.27090275,1.1134735,6.154142,1.2837969,0.70177084,1.748067,1.7388109,0.1319479,0.59770036,0.2362343,1.3561789,0.17186883,0.8791304,all_pothole_images\pothole_images_enhanced_02c5ec0f0f3dab8baf75b9a191f892e2.jpg
0.79052305,1.5711818,0.04244013,0.9919908,1.7171077,0.93797815,0.66324246,0.4782945,1.2242151,0.22874145,1.081206,0.7385836,0.44460857,1.3228674,0.22617194,0.5613562,0.26918545,0.13567539,0.09195996,0.06752117,0.6258275,3.1617644,0.31091926,1.3005594,0.15755412,1.178628,0.4309187,3.3120646,0.3488262,0.17610604,1.1551815,0.5155963,0.79122037,0.15136828,0.14887415,0.55689335,1.1268798,1.2681131,0.1767643,0.5706092,0.5781705,0.066845775,0.02103277,0.9443408,1.7195076,0.09111748,0.046606354,0.16286755,0.54261833,0.5807148,2.0166695,0.13550036,0.8871695,0.8524436,0.004157267,1.8084441,1.0683771,0.0067800307,0.17194393,0.06646029,0.66624624,0.62304133,1.5667435,1.032964,0.828679,0.932456,1.1301205,0.8239858,0.21182801,0.69555414,0.08604382,2.8162968,0.14542274,0.027708797,0.29571322,1.5740486,0.6264053,0.17011276,0.34900665,0.16810852,0.839883,0.11287208,0.00018729117,1.6497704,1.5673124,0.07277511,0.99700266,0.54089975,3.1113474,0.35268378,0.47356904,0.112554334,0.5845996,0.3107847,0.15187763,0.20759362,1.0068262,0.030969858,0.40785924,1.1970619,0.02979768,2.4240377,0.49462906,0.18442118,0.042723145,0.06588754,0.15876254,0.049206436,0.10666492,0.14732406,0.13967547,0.7865682,0.625792,0.08854769,0.80543786,0.7701014,1.3178543,1.041192,0.1702533,0.39878115,1.1088182,0.4765551,1.5989336,0.47844788,0.156523,1.3689743,0.23393805,0.11872207,1.1816722,2.1098387,1.2078133,0.35018608,0.8570318,0.14459291,0.5777101,0.11610459,0.75701374,0.97493976,2.1607485,0.85546017,2.032312,0.018289624,0.2637708,2.2960112,2.3007426,1.3431778,0.81570995,0.09587434,1.4888221,0.6663232,0.44106472,1.7652391,0.0025577534,0.05089169,0.77216756,0.18817668,0.49737337,1.2764302,0.8674127,0.9842073,1.6347786,0.3685653,0.021217993,2.948334,0.7896677,0.2794304,0.7589636,2.4020693,1.4300925,0.16243383,0.954862,0.36430004,0.12252784,0.2790945,0.09648238,0.079254605,1.4565917,0.10800295,0.41926208,0.8263531,0.0,1.3782166,1.6390864,0.106463954,0.9471968,1.3841023,1.2018025,1.5431688,0.00549448,0.5050128,0.25597903,0.2680555,0.03426159,2.0293872,0.008650978,0.060987383,0.39176,0.06194155,0.16110745,0.7062174,0.69668084,0.4849728,2.4168766,0.62597257,1.873738,0.40829125,0.3131672,0.6041121,0.4221742,0.28238174,0.46629477,0.9495507,1.4986707,0.26640138,0.82256126,1.8645997,1.4017884,0.054833658,0.61887395,1.2284424,1.8915209,0.3780291,0.79583186,0.08956024,0.120292954,0.7554729,0.4140502,0.4473483,0.80123025,0.10604261,0.05756495,1.243666,0.2146205,0.90491813,1.053689,0.47531235,0.42059293,1.009793,0.04506391,0.24914336,0.3232873,0.040672872,0.09735187,0.29313302,0.10808081,0.12816991,0.3470687,0.11820043,0.74635273,3.0180748,1.4215418,0.025889324,1.2012664,1.2270099,0.10694019,1.0482244,0.5435751,0.106433205,0.27587214,1.0969334,1.2357304,3.2024922,1.2985815,0.9234834,0.2832268,0.91072065,0.007586369,0.98424494,1.2996945,1.6199775,0.07487135,0.12414886,0.012211305,0.13237692,0.59192157,0.7183082,0.9769731,0.8977954,1.483226,0.41837746,0.56576353,0.39860368,0.0016183582,1.2962754,0.59162736,0.15705775,1.07073,1.9487482,2.389415,0.16971914,0.73358804,0.46363518,0.2021972,1.3376013,0.23557952,0.085279666,0.5570043,0.7975088,0.42563832,0.7255193,0.13517348,0.4687582,0.7250194,1.2158906,4.7945404,0.4525049,0.07288381,1.2745717,0.50382525,0.47422782,0.7499809,1.0263158,2.742731,0.85718364,0.13527218,0.33346826,0.39506358,0.93405205,0.9614698,0.27815345,0.16156168,0.24018447,0.00546463,0.5896859,1.0990255,1.5466193,1.8833766,0.5254049,0.6246174,1.8414708,3.259422,0.11120298,0.51937294,1.1158974,1.2728357,0.2969933,1.7620031,0.79161644,0.5020552,0.06774505,0.5060918,0.42021504,1.2458042,0.16785322,0.8746961,1.7608099,0.17780615,0.41977093,1.7526207,1.0089357,0.4626376,0.50630563,0.119821005,0.569613,0.8231567,0.1725957,2.1140258,1.0771358,0.36598068,0.18140392,0.011009794,0.4034175,1.0133255,0.27662846,0.77719015,0.05723963,1.6582695,1.7006375,0.22805755,0.013463041,1.190469,0.90449524,1.5824758,0.4893686,0.89217705,1.0308977,0.18603222,0.3988432,1.3603156,0.37299082,0.109340474,0.5217131,2.4629905,0.8014301,3.6701348,1.1385983,2.7255366,0.102308884,0.2145007,2.3756332,1.9919589,0.011758254,0.27040154,0.6056012,0.96543664,0.017623682,0.95524293,0.9100973,0.6405456,0.4995573,4.3501563,0.35042074,0.11252364,1.739412,0.035605542,0.19318087,0.6091747,0.38061923,0.5300836,0.9100263,0.17587414,1.2726645,0.62860703,1.1561046,0.34634984,0.07415066,0.29797018,1.4267201,0.29514652,0.33627313,1.2561355,0.16406804,0.44475353,0.5994779,1.3896098,1.2973167,1.1541015,2.7674131,0.19415155,0.33136454,0.6386396,0.39170027,0.44146696,0.035038676,0.71006024,2.2135155,1.6862198,1.3616999,0.5626335,0.75940895,2.4613223,0.1754256,0.07468466,0.6441897,1.0298538,1.0313627,2.510175,0.26858258,0.30327177,0.90678674,0.35685122,0.9376493,2.2247176,0.12985973,1.3628343,0.07402938,1.0700716,0.32686985,0.31690508,0.48050427,1.6697835,0.27075863,1.535283,1.3687627,0.43852112,0.40009907,0.30942777,0.80175436,2.244786,1.0981411,0.49620897,1.0220394,1.2044988,0.08969579,0.12450728,0.11086049,0.4339998,0.30846536,1.1354184,0.04344435,0.0,2.5336611,0.21965922,1.932395,0.0,0.0908771,1.2104261,0.61858356,0.83657354,0.005480506,0.23520021,1.0574458,1.4022341,0.017473912,0.24433419,0.023645163,0.005452811,0.02427043,0.088266656,0.11021898,1.528063,2.3570516,0.07646535,1.2480072,0.6682913,0.5332491,0.20215864,0.5868338,0.37706086,1.1851461,0.15942775,0.17430842,all_pothole_images\pothole_images_enhanced_02cdb1890b05fcb1758407bdd7d90012.jpg
1.1081848,0.61842483,1.0950334,0.42236844,1.3621472,1.7257621,1.7603312,0.13282156,0.7636271,0.48083618,0.5841251,2.7799711,0.2145064,2.730655,1.8828502,2.077135,0.14017092,1.5093122,2.3336446,0.9262373,1.6853802,1.6990496,0.7548358,0.9149934,0.5829584,0.343792,0.48500997,2.5705056,1.9084189,0.390143,0.29077896,0.96213996,0.21614324,1.2520732,0.93684214,3.6619105,0.584265,2.411245,0.7056603,1.3282511,0.37523758,1.4067303,0.7493019,3.395271,0.753082,1.7677422,0.83180004,0.6482723,0.8650079,1.447565,1.0753969,2.928317,0.58131784,0.79641175,0.23331368,2.1696575,1.0526155,0.52939194,1.1822423,0.30060095,2.7302675,0.18521233,1.0881993,0.8578312,1.1677144,0.7545317,1.0395504,0.26946247,0.34079328,0.06657801,0.77503014,0.58367145,0.32782084,0.6648614,1.7342554,1.0621818,1.2744669,2.4297383,1.13681,1.199844,0.8733742,0.0034051908,1.3454615,1.0159293,0.97871935,0.11397532,0.4918396,1.0233288,1.0473032,0.51084477,2.512086,0.08131807,0.7666127,0.21683359,1.7466482,0.33192658,1.7727315,0.9840908,0.5509837,3.9106307,0.57784444,0.544042,0.057834532,0.53938824,0.37006572,0.5990774,0.004139228,0.7379268,1.4978416,0.6587787,0.06586781,0.6155666,0.23383918,0.26335964,0.6593462,0.72313,0.9392606,2.0567412,0.46802792,0.84766275,0.9334842,0.7628461,1.1466234,0.4532377,0.078602515,0.07225445,1.398485,0.39965025,0.3149251,0.61514664,0.3912311,0.8758184,0.06616413,0.5885241,0.33504486,0.3482019,1.3225703,2.7304544,1.5625615,0.11884006,0.26437724,1.8089353,0.4908233,0.60517615,1.1143194,0.9493612,1.1587906,0.76182985,0.6653254,1.6756262,1.6300817,0.039388265,0.3058161,1.9541769,1.8233274,2.6318507,1.070364,0.6575623,2.057156,2.3460002,0.21117543,1.9338936,0.6317423,1.3100297,0.6368333,1.4979056,0.39190978,1.0344523,1.871665,0.918247,0.08073487,1.2572907,1.9454912,3.6537669,0.06075354,0.43379998,1.9472852,0.3970062,2.120861,1.3948777,0.5199124,1.9850708,0.6747707,1.0639638,0.92277235,2.106786,0.6105717,1.3380659,0.75915354,1.3803843,1.2779976,1.0060968,1.3378613,0.09295598,0.4716918,0.8399686,1.6030046,0.4556572,2.3477042,1.9604229,0.17267787,1.1418798,0.9888273,1.650859,0.02194605,1.148411,0.06459555,1.0272049,1.075045,0.0,1.9617693,0.7368887,0.3130279,0.7674998,2.0277479,1.1107417,0.015328778,0.561499,0.5967293,0.6230664,0.3309316,0.25881344,0.5916149,0.36702707,0.0038506235,0.70517665,1.6755184,0.929952,0.63452476,0.6655899,0.24060589,1.2949654,0.14360699,0.19162993,1.6609547,0.69226,2.251724,0.31496662,1.5552318,0.38196895,1.2270876,0.14903025,0.3893929,1.3622863,0.116684854,0.9076009,0.33831507,0.42369702,2.0881896,0.5444888,1.5561875,0.09475631,0.02245311,0.9489562,0.72951597,1.9171265,0.59345096,0.49631938,0.34915078,1.7922381,0.54261273,2.4620686,0.47281405,0.71122366,0.18626903,0.9171087,1.2248942,0.3437321,0.6186003,0.68066025,0.3863552,0.39975724,0.15054695,0.21354103,0.44621742,0.77728623,0.12042556,0.4813979,2.3808193,0.8284949,2.4910705,0.654349,0.5384714,0.7179747,0.12332918,1.9356898,1.2402165,0.19033544,1.7699662,0.05652015,1.587941,1.1657288,0.4083294,1.2629467,1.0595778,1.9241331,0.33965325,0.5246313,3.4714592,2.5221236,0.8402387,0.45300448,0.2760485,0.9797741,0.9602236,0.39293373,0.14969108,1.2528092,2.0278618,0.60543376,0.9033543,0.5713904,0.5330925,2.4769168,1.7053883,1.0527737,0.16396815,1.962151,0.6255853,0.25428358,1.2649745,1.3412085,2.3643224,1.9422894,1.472025,2.447425,0.7236924,1.6052446,1.2472234,0.8789439,0.7947447,0.89904666,0.059604477,0.28937867,1.9614865,1.3655795,1.6247922,3.3518686,0.026233394,1.3396524,0.3291517,0.33917943,1.4812944,0.8003347,1.8354932,0.6486877,0.45157,1.1507533,0.26368228,0.94136715,0.16533515,3.0931134,0.73772377,1.4453588,0.11345361,0.78362024,1.6428103,1.6978389,3.328812,0.40797427,1.0382509,0.5378442,3.8808074,0.3787505,2.8262272,0.07150238,0.19671945,1.4964914,0.60216165,0.446034,0.718132,0.89563155,1.3457483,0.20113686,0.62012184,1.4725642,1.3468246,0.7103737,1.2792792,0.42905185,0.16556501,0.2580125,0.5462701,0.8483862,0.98468655,1.0929507,2.2533605,0.0,0.04280594,1.2346928,2.03441,0.12517077,0.19808842,1.2680061,1.6864781,0.027917325,0.34153512,0.73728573,1.1404612,0.9625065,0.7520455,2.1289077,0.58371085,0.3311966,0.8984825,0.28673315,1.3654846,1.5037912,3.8059208,0.34378615,1.1095214,1.3338134,0.74538964,2.5802724,0.30290213,0.6110821,0.30099675,1.8880438,1.4223068,0.12703444,1.2871146,1.1046709,0.79849684,0.77175534,2.1220539,1.3438544,0.16890094,1.3833901,0.7915299,2.35767,0.1934254,0.5034071,0.92818683,1.4866993,3.0739655,1.9099494,0.41722685,0.5941509,0.5774017,0.39419836,0.51209974,0.061136693,0.04617087,1.064368,0.36014864,1.8256369,1.9120086,1.0676829,0.19996823,0.98612523,2.0696306,0.3308047,0.46693942,1.0521059,1.9290969,0.42605954,0.8084384,1.1959672,0.9037125,2.560704,1.7255195,0.5103098,1.9504209,0.24996923,0.31665567,0.9408582,1.3115805,0.6937833,0.78191423,0.18725462,0.62815297,1.1431946,0.47685242,0.8995472,0.28226367,0.49623573,1.2364553,1.3772641,1.8880677,1.2027016,2.2515638,2.1044536,0.018340135,0.32527074,0.5256957,1.3641545,0.8329881,0.44188517,0.3772159,0.13824292,0.009392375,0.7162891,1.7267497,0.59470886,0.33771577,1.5674663,0.87086624,0.49787408,1.0705546,2.7865508,3.3882887,2.4738324,0.7356516,0.4466536,0.32130247,0.88989925,0.5073357,0.16867612,0.09140562,0.78801495,0.14105205,1.7490768,all_pothole_images\pothole_images_enhanced_02d66e93c78161c79e3ba318be80538b.jpg
0.31339002,1.0201837,1.2377721,2.1357405,1.7995825,1.70551,1.5304438,0.03754032,0.4736008,0.36474323,0.30292827,1.0693834,1.4587123,2.4366677,0.026492575,0.027781466,0.8313029,0.40047836,0.3623467,0.6947207,2.3058167,1.1045934,0.24950163,2.1120517,1.0194005,0.22307964,1.652444,2.847872,0.033263724,0.48154595,0.4957468,0.24309333,0.26284695,1.8724118,0.36133933,0.26586217,1.2662257,1.3012496,0.7132414,0.24641813,0.36148027,0.17432044,0.78647816,2.0153522,1.0139465,0.06849302,3.2248883,0.40212986,0.0063964054,0.35927635,0.21055217,1.5072744,0.008789765,0.06061527,0.878419,0.97067744,1.5666753,0.1729711,0.48169672,0.069364145,0.14551736,0.30640578,1.7392335,0.42620587,1.203958,1.344218,1.2724522,1.2297069,0.36768878,1.0140599,4.5881486,0.1464821,0.6778184,0.47663298,0.75121117,0.17033832,0.4161271,1.9808087,0.061747603,0.62045723,0.13863727,0.4842781,0.3285024,0.909175,3.584006,1.8810816,0.6130517,0.18632971,1.7210072,0.5401231,0.3905308,0.4085532,1.6775334,1.8347968,0.76494193,0.4228072,0.067428336,1.4473566,2.280223,2.0024617,1.4890707,1.1876276,0.096809655,0.8255429,0.5689668,1.1228703,0.34676507,0.3235515,0.36250243,1.5051074,0.5346609,0.512098,1.5293058,0.934107,0.39107117,2.2493248,0.46208918,0.49769917,1.8193581,0.8297404,2.1119752,0.74914026,1.7175204,1.1259391,0.65024614,0.6824115,2.3806915,2.8699865,1.5923475,1.9848349,1.8232023,0.7002364,1.8635281,1.3074499,0.9219312,1.1534784,2.1935365,0.4367119,0.1397879,0.026164658,1.0843258,0.36917058,0.8822507,0.2168756,1.0547934,2.412656,0.14691016,1.8769083,0.52565974,1.7915533,0.21962574,4.4106526,0.262147,0.50367785,2.0872471,0.25451353,0.74410075,1.0216407,1.2759842,0.36106673,2.0434234,0.80667204,0.30561677,0.5135027,2.2080357,0.25705183,1.984552,0.41780934,0.79921246,0.9443319,0.46314216,0.6104304,0.4395596,0.20151441,0.96348554,0.7848867,0.7105327,0.4849713,1.1340754,0.4497672,0.111213,1.3881717,0.9131954,1.5855224,2.2375987,0.54745877,0.0,2.8137772,0.07731406,0.39270154,0.63970476,1.2495989,0.992045,2.5435908,0.015043118,0.6734655,1.2033507,0.6509588,0.1585405,0.7629413,1.4228607,0.83050674,0.9115005,0.02434673,1.0654434,1.8546854,1.4153701,0.0,1.599257,1.0721905,0.42055446,1.8780642,0.5344515,1.792388,2.274417,0.5970637,1.3903521,0.13076408,1.817711,0.50418925,1.8638669,1.239636,0.39098385,0.10304928,0.6354442,0.00075078063,0.876025,1.0079432,4.4846444,0.25985995,0.4269519,0.18676499,2.4639266,0.1126409,0.2231714,0.5222044,2.126109,1.1758261,0.07836021,0.3347224,0.8967097,0.6655525,1.4442154,2.8361003,0.07021219,0.011175872,1.0035352,0.16182253,0.39082924,3.7035017,0.7738026,0.77104956,1.4363904,1.5421618,1.4124814,2.4831991,0.15752146,0.49692294,0.649943,1.1184565,1.709262,2.4161446,0.90305406,0.20620155,0.35111478,0.7782982,0.037820928,0.6597692,2.6499221,0.30939,0.39637336,0.31202397,1.9285717,0.13080822,0.07772576,0.53577375,0.37258276,0.84760267,0.43572506,1.121261,0.572348,0.21373491,0.14611854,0.70546645,1.3296595,1.4189267,2.4443548,0.46435562,2.463456,0.34364685,0.048153,1.1400824,0.15420577,4.30293,0.6771352,2.5187035,2.1732206,0.726339,0.18571408,3.291269,0.67388433,0.13061728,0.3836831,0.44978663,7.5064745,0.20773514,2.7468235,0.039130818,1.1659269,0.7131341,1.6597389,1.3722048,1.1603737,0.3846306,1.1914864,1.559988,0.06985617,1.085203,2.6456287,0.31334093,0.84054244,0.7247847,0.5834415,0.71731955,0.07149399,3.170618,1.3396887,0.19625095,1.5097764,0.4841664,1.3093247,0.41206124,1.6973195,0.26483935,0.10784908,0.4517653,1.4721904,2.687698,1.321006,0.15140934,1.3813789,0.35918018,1.14339,0.17090234,0.52504253,0.39480186,0.27216604,0.17968357,0.7528626,1.3944256,0.41176522,0.8079658,0.73750675,0.57440364,0.89251006,0.055639938,0.14082374,1.5199538,0.9339468,1.511695,0.5162469,1.498717,0.49684405,1.0109249,0.05905041,0.14925714,0.6850068,1.5551958,0.78860277,0.25112247,1.3396815,2.0805917,0.8607191,0.060654502,0.48710507,0.29773474,0.52093554,0.5515112,1.8665458,1.9240736,0.13737902,1.0286047,0.07237382,0.53184235,2.544107,1.0427943,0.98940074,0.28422192,0.3713237,1.7167722,0.5551602,0.47239348,0.052031573,0.40409765,0.013790862,0.4139499,0.98811847,0.9346447,0.35353985,0.13285515,0.9991254,2.6306906,0.2647863,1.1659182,0.16909364,0.21762466,0.51438624,0.1288961,0.6629794,0.43837008,0.020068672,0.18106297,1.8485794,0.24578674,0.17386967,4.402849,0.503325,0.87954664,0.31762382,0.5585627,0.12152129,2.3303218,0.47317696,3.2643127,1.356156,1.4976015,2.6721003,1.9301337,0.44839174,0.80763817,0.5978495,0.25052208,0.34239984,1.0953231,1.429775,1.0298575,0.19183281,0.49723235,0.27446827,0.106510386,2.482576,0.031701405,0.029901788,0.31298548,1.041395,0.0054758936,0.49128124,0.12623304,1.4965695,1.7787008,1.5734612,0.38370413,1.0664148,0.14976533,0.10507038,0.4815725,0.39323443,0.12716275,0.63391346,0.22038037,2.3836536,0.9954206,2.0316844,0.24206443,1.236259,0.1204539,1.8441958,0.018796707,2.2732885,2.7018738,1.5934601,2.047662,0.26913464,0.04200796,2.2088683,1.5789227,0.35961342,2.6141999,1.1984854,0.05029501,1.3207661,2.3927882,0.8315559,0.54349315,0.7245794,0.9220098,2.0152898,0.4900961,0.22117713,0.11300568,0.5789017,0.9809009,0.8160727,0.49584952,0.6201514,0.28278503,0.065913714,0.26346847,0.57934666,0.24744625,1.803907,2.0492413,1.5009795,1.2622939,2.0151653,2.0825822,0.43739295,1.2780905,0.5625017,0.19372456,0.05255254,0.17552671,all_pothole_images\pothole_images_enhanced_031280bd902234b3755f91b1a99ade97.jpg
0.93184674,1.2299708,0.015330706,0.7686895,1.3013133,0.429759,0.85214764,0.35456917,0.045072578,0.7399552,0.2108091,0.3915522,0.17127983,1.4463297,0.88347375,0.61905843,0.23980011,0.73665875,1.2164228,0.11391069,0.75578594,2.3918366,1.9763241,2.426223,1.2649887,0.22718209,0.12851167,1.861464,0.0,1.3629823,0.327617,0.017325792,0.1422498,1.9677796,1.0313518,1.0927882,0.2970681,0.36515123,0.27444038,1.6847322,1.2479172,0.42629483,0.12185521,0.08600439,1.9614186,1.252741,0.49183217,0.014549278,2.0266168,0.31275156,1.5119036,0.89961964,2.4496748,0.6192045,0.6220335,1.3882555,1.3524883,0.2613023,0.6348147,2.0614548,0.103630796,0.20256335,1.5943451,0.88521606,2.54013,2.6921701,0.6774612,0.47197926,4.8541784,0.271055,1.545687,0.8101565,0.9557869,0.27632114,0.31730348,1.0463982,0.32331166,0.005797498,0.56311035,1.5875788,0.050070114,1.9868848,1.2943382,1.722456,0.4260678,0.9562124,0.4130136,0.69451624,1.696517,0.19850565,0.05657888,1.7263684,0.70812035,2.6896896,0.0815033,1.640854,1.2910801,1.3079915,0.08341653,0.071167946,1.7418985,1.0582906,2.3002849,0.13022384,1.0072801,0.9875027,1.7820379,0.8767866,0.13267545,0.45565173,1.3791037,2.7272058,2.042608,2.121281,0.5919577,0.98375714,0.65470284,0.98536557,1.703061,1.1902481,1.7760779,2.1259968,0.90504366,1.1976979,1.7057132,1.1836582,0.14870453,1.2512562,0.07351051,1.1983203,1.3952948,0.10931668,1.7468909,1.3464785,0.80461043,0.6510893,0.25044128,0.10291921,0.6480029,0.079143785,0.40022022,1.6203066,0.035379097,2.2175314,0.8477532,1.0609635,0.552863,0.7627107,2.4444823,0.19197664,0.24731033,0.8574816,1.3284655,0.19045132,2.2640772,0.43390062,1.5616685,2.458913,0.5662769,0.6520806,2.7274761,0.35145023,0.10535346,2.77624,0.9757496,1.0792041,2.162894,0.10034006,2.5093358,1.4727998,0.9778776,0.70258623,0.12602197,0.27092895,0.9778433,0.7494612,0.1904981,0.9582736,0.90431446,0.78990155,0.04731946,1.3963819,0.39141348,0.23472096,1.6738073,0.7666674,0.66426784,0.1268079,0.6514792,1.0449556,1.6098417,0.39023823,0.5014869,1.642234,0.033570345,1.4050573,0.5947726,0.32082704,0.040180165,3.4873836,0.93521243,1.0492057,1.61958,2.031115,0.8002445,0.17796287,0.59603345,0.39457545,2.089934,1.6485484,1.1738613,0.25707895,0.15758309,1.5883597,0.6771936,0.7928838,1.4627255,0.15533032,0.21143283,0.85428274,0.26150987,1.7664436,1.1242255,0.6408628,0.5154058,0.69333196,2.9718132,0.33682612,0.7365064,0.1990915,0.21661836,0.08676144,1.7499672,0.017755618,2.0097034,0.29447407,0.12513568,0.6873667,0.14014629,1.6371086,1.6960771,0.8333899,0.11602441,0.15801677,0.43920138,0.0098272385,0.8263891,0.33068126,0.38035518,3.4348552,3.4105468,0.99889946,2.2227879,0.11809442,0.32331157,1.1151891,0.430159,1.8781567,0.49005702,1.6876824,0.7211483,1.0890044,0.5394159,1.2450495,0.27894947,0.71216965,0.3914934,0.29063517,0.5004521,0.057598785,1.2161815,0.7734694,0.66096306,0.62123555,0.49146175,1.8380485,1.9517065,0.8325245,0.06442961,0.8741705,0.17229445,1.2285209,0.83757687,0.26844802,1.9595213,1.0439409,1.5604897,0.3997667,0.83463365,0.42528713,0.21897933,0.7195249,0.11675714,2.9591959,0.16962668,0.077982314,0.8870693,2.0401542,1.7384288,1.8288739,0.27534497,0.38277653,0.08247687,0.43554285,2.1878853,2.0514164,0.38925794,1.0494635,0.10369752,1.1744971,0.8359048,0.47402215,3.278337,1.8662605,0.5145243,1.1686971,0.9960018,0.13366352,1.705923,0.6193214,1.2149688,0.14105506,0.5657376,0.49221623,0.621645,0.7465884,0.10558596,1.2890035,0.38443136,1.1295289,2.0766509,0.69112676,0.9491664,0.024570314,0.1497893,0.6708178,0.3304835,0.10741498,1.0391439,0.2579377,0.90863675,1.9344454,1.7914727,0.5059944,0.053631436,0.98754424,1.946745,0.56604207,0.21788956,0.031225232,0.06848574,0.8711487,0.48732117,1.0248463,1.867279,0.33402634,0.2565525,3.6230767,1.719151,0.4945762,0.5299282,0.8808322,2.3457565,0.285493,0.23219015,0.10759135,2.4983974,1.3252468,0.49114078,1.4815973,2.948399,1.0365752,0.6271656,0.6846093,0.15507913,1.219174,0.41528282,0.17113857,0.4280678,0.94436705,0.7971437,0.3422956,1.1689194,0.8026235,1.810142,1.2410096,2.2351377,1.0454024,1.7480731,0.43594298,0.02466518,1.9351501,0.2569988,1.2225465,0.4545246,0.21198381,0.72166693,1.8192894,0.38514614,0.90854824,3.7064397,1.9183754,0.164942,0.3663138,0.030333187,0.5989821,1.9027308,2.304871,0.9659208,0.56094867,0.8364953,0.28123644,0.35763308,0.43845972,0.4000538,0.18376152,0.526371,0.6392894,1.143099,0.68817556,0.8868292,1.7234513,2.8649538,1.209667,1.8876344,0.0683073,0.5365235,1.7741839,1.2593386,0.5658598,1.9133253,1.4206553,0.446047,0.7324684,1.5055053,0.96130013,0.5766166,0.20795016,0.32918513,1.9486717,1.2552744,0.37947914,0.39601383,0.99451095,0.8397175,0.2735785,2.9081452,0.3023824,0.44913903,2.8602421,0.8380105,1.0386772,0.76633054,0.17900957,2.240988,1.015698,0.79039747,0.4207713,0.8996655,0.34487393,1.1672959,1.0566458,3.382471,0.46762264,0.445729,0.3369852,1.5209345,0.25181273,0.42003155,0.29947436,0.4376507,1.3492854,0.14524224,0.7921155,2.4999063,1.6266466,1.7934349,0.12615763,0.011625389,0.021386325,0.513731,1.9864595,1.4994777,0.7663859,0.21359159,0.6448024,0.35654187,0.590552,0.9871132,0.120668635,1.8547101,1.7715538,0.6225055,0.35115618,0.28382304,0.8662471,0.45005253,0.119275525,0.94436187,1.1037236,0.65891886,3.0466027,0.18443294,1.0524696,0.31517726,0.087791316,0.092550926,1.0259528,0.485619,1.5325903,0.6945058,0.16795802,all_pothole_images\pothole_images_enhanced_03164f628fae8cdabd3cea4bea434409.jpg
0.61511976,0.69361454,0.024621846,1.4355745,0.11986413,0.041986864,1.001409,0.012257442,0.4741625,0.2766739,0.31069088,0.47849888,0.4172044,2.0253942,0.0,0.15514271,0.045497224,3.0625436,0.33808485,0.7929421,0.86568516,0.015525497,0.12595648,0.65929186,0.7876394,0.1948177,0.18062954,0.79130685,0.009008475,0.47046778,0.08495309,0.2679159,0.0,0.66710645,0.1329421,0.3747756,0.20718269,0.12159303,0.16216138,0.53407705,0.12813923,2.1636298,0.3437624,1.1901133,0.12283173,0.25938192,0.06199074,0.4071069,0.7914277,0.04697064,0.56027013,0.035515074,0.03439629,0.038732313,1.6108055,0.7637502,1.3210654,0.67088014,1.0251651,0.8032281,0.5080156,0.6842295,0.22554572,0.37913972,0.4198546,2.0463,0.18930322,0.54505694,0.037649848,0.18948662,0.23446137,0.0064219683,0.5869637,0.1723224,0.5670735,0.0,0.07887862,0.06158529,0.0018305586,0.0,0.0,0.37750563,0.78910035,0.580581,0.08653118,0.0026797662,0.009304537,0.08703942,0.78770864,0.04681882,0.46242553,1.0083363,0.085405014,0.08247819,0.2731238,0.32991764,0.6278446,1.9936813,0.105422765,0.3932244,0.1362963,2.114647,0.7372697,0.076607086,1.6803641,0.8627304,0.50684637,0.06389904,0.12531012,1.0264374,0.020292798,0.3586674,0.2287911,0.53872544,0.17504719,0.38597214,0.34600747,0.23340507,3.0011392,0.12757406,0.47672996,0.13272329,0.002284573,1.1550584,0.56723785,0.38114312,0.10924467,0.61744297,0.05899941,0.21199204,0.3697823,0.5799609,0.019064847,0.6197247,0.3094718,0.08641152,0.16154428,0.0072444556,0.4584945,0.17392711,0.5487183,0.09327273,2.396119,0.3279773,0.028482147,0.40968743,0.068035774,0.44656003,0.17418405,0.3740148,0.3920459,0.12763627,0.039174896,0.026872737,1.4630394,0.1701954,0.2046198,0.20722486,0.39032477,0.46518007,2.0176065,1.5397494,0.057458833,0.83697116,1.6399455,0.29953563,1.0866939,0.16944617,0.38981947,2.4491127,0.1375215,0.057767715,0.16201851,0.42698815,0.2423174,0.6525878,0.004701305,0.0,0.38441467,0.0017136276,0.0,2.7179902,0.7295434,0.20074236,0.8636125,0.5427383,1.0326643,1.1542509,0.07315992,0.35115743,0.53331864,0.20726192,1.4190243,1.1257676,0.06020799,0.05750523,1.8801101,1.6734186,0.39550376,0.29915568,0.0,1.1661397,0.08780102,0.016660701,0.118671976,0.16208789,0.30351776,0.4750283,0.91086787,0.15206896,0.014169418,0.030333344,0.16548234,0.17294008,1.2612845,1.1951675,0.5066329,0.189872,0.2623043,0.019035393,0.33738416,0.056423154,0.48305714,0.07207948,0.0,0.0643952,0.58991235,0.0,1.4965681,0.21342392,0.038891442,0.022688152,0.74393374,0.0,0.058519147,0.30469346,1.381035,0.07138081,0.13821046,0.07017812,0.07649832,0.21206209,0.007624052,0.095157504,0.018883968,0.0,0.4827706,1.3787193,0.23168494,4.931655,2.0264368,0.30281395,0.006990811,0.4628366,0.12996958,1.5520962,0.29920056,0.2971956,0.35615703,1.1326349,0.12447501,0.01486379,0.7121728,0.54756874,0.031866096,0.18153146,0.7673371,0.69772315,1.7601761,0.01751354,0.29953945,0.09658624,0.23033473,0.10955363,0.69454664,2.2903984,0.6199304,0.21902965,0.51924807,0.37270993,0.3288121,1.6369443,0.24560289,0.040461592,0.0,0.26653185,0.08960324,0.04860252,0.7921569,0.5004083,0.1602901,0.19277735,0.014216008,0.28867552,0.23039424,0.036955837,0.27265295,0.34314796,0.042210966,2.0312016,0.4919013,0.25844088,0.26509362,0.011295479,4.095235,0.097750135,0.03762722,0.14843246,0.6074788,0.9946868,0.93692845,0.90576005,0.87697524,1.8385204,0.87738633,1.5122545,0.2731701,2.0298944,6.8041306,0.6997111,0.7855162,0.002067075,0.008636545,0.21017198,0.069187514,0.09108262,0.2436348,0.0068525877,0.0074381735,0.05365967,0.80227137,0.12685657,0.054677263,0.07235389,0.0,0.04973793,2.0987892,0.086608596,0.08543658,0.7882484,0.033685703,0.0026096944,1.1811463,1.6011515,0.6605154,0.24934675,0.31769115,0.8965514,0.27328295,0.18154018,0.05734183,0.6765655,0.029889448,0.1523271,0.09943735,0.34499437,0.0,1.4203023,0.0514072,0.53477234,0.6635471,0.35789806,1.3022069,0.36849046,0.23033358,0.0,0.07807331,0.08395901,0.37775025,0.46722895,0.9960381,0.4669106,0.60099876,0.09749981,0.25705346,0.2492016,0.22691411,0.023382325,0.061300542,0.8244904,0.58658266,0.01866846,0.07581083,0.8527462,0.27557072,0.26855892,0.46536484,0.016612232,0.07435654,0.019683057,0.19462575,0.14266941,0.09091123,0.29195014,0.0,0.19181302,0.20994698,0.72622985,0.35246468,0.0016636936,0.06553409,0.94763744,0.21078368,0.2381726,0.87323433,0.0001658824,0.54064995,0.8556632,0.796917,0.23628257,0.08916121,1.5284971,0.040100243,0.5056514,0.07920289,0.017120672,1.8101591,0.04049699,0.1571655,0.08320573,0.48913231,0.6843891,0.1233143,1.9868411,1.5487148,0.0,1.7194066,0.01531327,0.32493985,0.009397531,0.035376996,0.25803998,0.6624828,0.12461095,0.56449836,0.028086977,0.111371525,0.39187828,0.27659604,0.18960835,0.18328738,0.47409135,0.5804425,0.04807382,0.04038241,0.0,0.13803598,0.14661157,1.0760534,0.9296947,2.8575797,0.002171584,0.17173545,0.11512232,0.029509936,0.1814134,0.0065946802,0.015589135,0.07899222,1.4305314,3.072318,0.16322513,2.6504247,0.16426963,0.7057944,0.0,0.044786934,0.0,0.312992,0.5532738,0.8000762,1.0611566,0.024405356,0.027186967,0.21786578,0.5350635,0.13992429,0.8214134,0.060237378,0.026405826,0.42614397,0.18179254,0.9420038,0.39066726,0.42413625,0.043777473,0.023904376,0.07716806,1.0853397,0.10474014,0.078087136,1.2446649,0.08901003,0.37928292,0.0,0.1610891,0.38390136,0.0056144763,0.0,0.41658264,0.3807362,1.89132,0.2504755,0.16028175,0.036721706,2.476523,0.8668696,0.17591502,0.12467773,0.13568553,0.29535952,0.24442574,all_pothole_images\pothole_images_enhanced_0343369c53dce9c7436749fb9c1f7074.jpg
1.1261368,1.2779175,0.24614398,2.3706164,0.4906711,0.18699418,0.40618363,0.0,0.1349321,0.34753993,0.36008266,0.07584427,0.14472747,1.0354584,0.37985224,0.4064823,0.048993,0.0,0.33846182,0.5741599,0.38655502,1.6968297,0.70861346,1.0496656,1.0453483,0.58327836,0.14911655,2.2402868,0.033457812,1.1193563,0.9137516,0.15956399,0.1687968,0.22349778,0.24516745,0.72827756,1.1830941,0.30885765,0.7007381,0.14297268,0.0,0.4835799,1.353614,1.2719159,0.6266554,0.54534936,0.33043194,0.5973389,0.38856873,0.29353148,0.55511105,0.8674355,0.28345478,0.41945487,0.014625053,1.413662,2.5762236,0.0056126937,0.15100358,0.13509047,0.017675776,0.47613227,0.9959854,0.64238787,1.1640718,0.37712416,0.3452136,0.0,0.0083408905,0.25200447,0.5476088,0.34037966,0.1347193,0.9187145,0.47836226,0.68753403,0.14535666,0.10513809,0.0,0.27697355,0.3126466,0.8092589,0.43994018,1.1550545,0.59565234,0.7451541,0.33549452,0.034400754,2.3090649,0.15898862,0.16678742,0.0,0.18284187,0.11427794,0.03966462,0.0,0.89771557,0.17785867,0.454733,0.7543859,0.09094526,2.3260937,0.954224,0.19932657,0.36059678,0.0,0.71089524,1.0429815,0.030063065,0.7542751,0.36102018,0.23378202,4.2620645,0.12617826,0.50110215,1.4158938,0.9752912,0.0,0.52998847,0.49525604,0.26084706,0.66429466,0.30606702,0.35334027,1.1655377,0.5554627,1.6526312,0.14479914,0.7356507,0.22898413,0.418858,0.2761602,0.29424888,0.0,0.6742495,1.293144,0.4838935,0.6174093,0.70661634,0.0,0.44864795,0.31078625,0.05817045,0.20362258,0.789307,1.9887538,0.0,0.3619142,0.41904938,0.26220936,0.39503187,1.1659669,0.2852303,0.3415075,0.8240822,0.24497308,0.4383569,0.05175747,0.78157634,1.3094703,0.63199145,0.30368525,0.050556913,0.6698698,0.09382004,0.64519,1.4041934,0.266176,1.9105598,0.26165354,0.27414098,0.35997283,0.47612903,0.18709077,0.28965983,0.7425019,1.703138,0.01833183,0.8492396,0.05361206,0.061312802,0.9177864,1.0047145,0.33161992,2.315388,0.0,0.10339505,0.9139393,0.4600317,0.30296177,0.69595873,0.43898094,0.37692025,2.1872854,0.719037,0.0,0.7380387,0.492283,1.1261728,0.7406352,0.5655437,1.5375416,0.31683457,0.40537307,0.09168378,0.29350868,0.529675,0.4576746,1.413226,0.09513462,0.0,0.14768913,0.26333794,0.3689325,1.4284565,1.7961662,0.33250085,0.17479908,0.1554277,0.23783602,3.5554376,0.0,0.4311492,0.010731894,0.01931509,0.99165356,1.2268404,0.003567247,0.9958512,0.3495253,0.21885587,0.21062753,0.85046333,0.3013424,0.41936758,0.36491147,2.2771213,0.16970381,0.36416703,0.7245781,0.4106668,0.013425008,0.12040102,0.38953388,0.117171146,0.0,1.3731544,0.6524363,0.57740074,4.408408,0.1953913,0.04681518,0.45101017,0.013168583,0.034845438,0.07225323,0.7499805,0.0995426,0.42150903,3.6918204,0.9676723,0.2263276,1.1910207,0.1883255,0.11572336,0.43795767,0.35039964,0.9275074,3.4267135,0.28027987,0.11109627,0.0073241713,0.9515247,0.054071475,0.2451609,1.0788734,0.033833295,0.29326227,0.41838697,1.4987749,0.62709814,0.5052043,0.62968934,0.19573978,0.0772222,0.3246798,0.70832324,0.7693808,1.3475003,0.29315147,0.27482003,0.1659291,0.27310506,0.75148064,0.004927441,0.8397607,0.66378766,0.58135176,0.03693905,0.95501643,0.19439973,0.41732687,0.061008833,0.24199711,8.37067,1.5782018,0.41819406,0.4175709,0.0,1.7345347,0.25844064,0.9867391,2.6020315,0.7708628,0.06643465,2.0456383,0.012106718,2.1678817,1.9725616,0.26367003,0.34654224,0.26782796,0.18313436,0.30631298,0.43380406,0.4366139,0.781993,0.065899454,0.39213243,0.37147614,3.4097486,0.08031314,0.1591084,0.30325395,0.13238573,0.2147105,2.4914794,0.20558135,0.31289008,0.27009404,0.53081506,1.3937135,1.6308767,0.29495072,0.176635,0.1763377,0.54797685,0.027555645,0.5201849,0.3234382,0.64173275,0.020458542,0.19731912,0.3383343,0.44477442,0.0,0.7305056,1.5354356,0.34035486,0.5782344,0.14868246,0.29191995,0.36005187,0.72081363,0.32246828,0.0017130941,0.4301138,0.6390473,0.6568251,0.018962407,0.6509773,0.2559455,0.16366945,0.24553837,0.46091703,0.5094302,0.12621708,0.21871899,0.8439845,0.50408524,0.438511,0.074673824,0.517209,0.3685734,4.073473,1.722745,1.9911368,0.052180313,0.16260111,0.58712876,0.8248294,0.18246602,0.074599355,0.04229568,0.2303088,0.48869646,0.07409643,0.0,0.14507322,0.54951,0.84745306,1.1321391,0.5574354,1.5432094,0.9387217,0.5558683,0.44281605,0.46433532,1.317399,1.1970153,0.19919677,0.07626402,0.0,0.44264007,0.037631582,0.5763278,0.3648458,1.0431622,1.47763,0.0,1.1077231,0.13586009,1.0477922,0.87168884,1.799472,0.69061774,1.6899003,1.6050054,1.3781788,0.042779088,0.78325623,0.25589603,0.19494848,0.9022128,0.0,2.722965,0.15402214,0.74511296,0.0021604428,1.3278824,0.9629159,0.4943529,0.16584632,0.67534685,0.2280765,0.1083944,1.2147003,0.30210865,0.6555488,0.09841936,1.3112068,0.251888,1.0696591,0.31778234,0.708237,0.66185385,0.84382486,0.42238212,0.012713578,0.16395259,2.767561,0.21342972,0.9401291,0.0,1.4192455,0.12842305,0.014627025,0.012164148,0.49883246,0.86580974,0.29867095,0.04093748,0.54781026,0.5466342,0.58414894,0.39009807,0.6632282,0.35832813,0.057169106,0.7786697,0.0,2.4292858,2.279483,0.990823,0.35486946,0.025490118,0.7053391,0.14150673,0.045370642,0.35496125,0.48120612,1.6405463,0.041211978,0.41662973,0.0011202378,0.25858802,0.38104832,0.12445822,0.022093195,0.026719255,1.299612,4.1979327,0.41992366,0.72623503,0.67514646,1.9600288,0.6434569,0.23787087,0.5888004,0.28202957,0.2319263,0.2728093,all_pothole_images\pothole_images_enhanced_0384b6fd3c0da20edc11cc5038430d1a.jpg
0.7128487,0.85198426,0.703928,1.8528605,0.6938726,0.018361965,0.66543174,1.1062217,0.2577895,1.1230232,1.0280653,0.30561444,0.62848586,2.2014582,0.37940705,0.6823786,0.122037895,0.03820089,2.4070952,0.23284727,1.4582713,0.5388262,0.16948111,0.6558805,1.2830445,0.29744744,0.94922245,1.066639,0.21924753,0.002480952,1.576576,0.49037424,0.22498533,0.8312493,0.38216102,2.0726237,0.46026638,1.5196075,0.9138963,2.4058104,0.19978021,0.161981,0.018105136,1.540981,0.32056248,0.5353152,0.1097343,0.15247063,0.51950353,0.10227302,0.71385825,0.7645055,0.17653488,0.14612727,0.0,0.5300195,1.4065317,0.40483963,0.35926393,0.31541225,0.26852122,0.15759951,0.223952,0.23481536,0.5012832,2.4926984,0.13238876,0.19571224,0.30261678,0.5623741,0.23944665,0.33568373,0.76191026,0.3101016,0.0,0.082859084,0.6496774,0.7860353,0.0018155874,0.6520785,0.6424305,0.91693395,0.31657052,1.1941953,0.9576092,0.8601429,0.0003097295,0.08134108,1.4530783,0.3312041,0.038248256,0.092379406,0.2573548,0.32778028,0.25381857,0.26757962,1.3698934,1.4984024,0.016836988,0.37745577,0.13704108,1.7035726,0.34318635,0.3045292,0.78387654,0.112752534,0.051870354,0.5445881,0.70373255,1.2846236,0.0,1.108351,0.4091503,0.69850296,0.421772,0.32307115,1.5428193,0.4614425,2.7839813,1.3754982,1.3248699,0.009508387,0.5350714,0.24571319,0.7655529,1.2700304,1.6168467,0.69199216,0.58219284,0.40878975,1.398364,0.004756802,0.36574006,1.1508911,0.08034921,1.6269755,0.6732308,0.8451805,0.20483917,0.0,0.3828989,0.1530066,0.32386506,1.8278102,0.029787678,1.06896,0.80990505,0.090718366,2.4021761,0.26430276,0.38843325,0.29729947,0.61933523,0.17385231,2.101189,0.31552008,1.0299184,0.6269998,0.68948334,1.454913,2.38727,2.5449893,0.14205965,2.6286173,0.046453763,0.52998847,0.44138482,0.3359168,0.43617252,2.8115644,0.4994259,0.010974146,0.279442,1.3852694,0.18321578,0.18660966,0.04600602,0.0,0.0,0.06825711,0.060393974,1.9590286,2.7474725,0.814756,3.0317843,0.43676353,0.86649585,0.8777996,0.9642727,0.5489499,0.44854444,0.42817616,0.5319159,0.8920385,1.120744,0.73690826,0.5548644,1.5763551,0.045055807,0.5037784,0.5778478,1.12867,0.13793926,1.0199995,0.7816275,0.15742578,0.95546657,0.12682478,0.8264325,0.71463853,0.015820473,0.53754234,0.9971299,0.06866162,1.5285441,0.8089779,0.84824777,0.09194327,0.9470115,0.065846406,0.59937674,0.5289597,0.35394597,0.98900896,0.0,0.8875988,0.7357601,0.056023806,0.9426017,0.5046997,0.06424364,0.22057536,0.5891865,0.010312193,0.13899857,0.13220602,2.0753314,0.046957288,0.37538272,0.27408072,0.4205702,0.88542414,0.21183166,0.15418309,0.3346892,0.0024143066,0.13624455,0.36093646,0.31387314,4.492193,0.6959718,0.19329464,0.03060004,0.879785,0.0,0.115286745,1.8881582,0.27760014,0.052105445,1.5499045,0.08507207,0.054440815,0.5351375,0.23187798,0.8351284,1.3825785,0.23406704,0.31152174,0.84311867,0.17758448,0.045233287,0.12845808,0.10127313,1.4567811,0.280702,0.21261123,0.6292053,1.1585497,0.4808785,1.1821504,0.24020432,0.68198735,0.81600577,0.0817772,0.111380324,0.28916332,0.6101762,0.6757839,0.3535291,0.14303884,0.21439974,0.04454455,0.14836034,0.7118877,0.56232226,0.6542043,0.5269566,0.6324089,0.120906994,2.2386603,0.6061475,1.310336,1.0953267,0.42622876,5.861276,0.011643479,0.4424861,0.20264919,0.20206614,0.5135195,0.61476344,1.3073462,2.2591894,2.6561751,0.152971,1.0294154,0.08569238,0.679592,2.8799217,0.6494288,0.5974259,0.015796656,1.0937288,0.16597342,0.48076224,0.41172612,0.7380799,0.05894617,0.158233,0.101379886,3.4245658,0.80965346,0.60608554,0.026435807,0.5687033,0.5380231,0.58902913,0.3564892,0.900354,0.9020636,0.33592975,0.84680593,1.8324952,2.2850082,0.25493935,0.72603774,0.17997465,1.043851,1.351872,0.24559626,0.9317459,0.6525998,0.08650575,0.21676476,0.100988366,0.0381637,0.0029319082,0.84367216,0.5404449,0.6590515,0.36683118,0.53290874,0.8098311,0.19759218,0.14179403,0.0012820241,1.2094523,0.70544535,0.07087102,0.24313082,1.2368767,0.39695343,1.6199406,0.24099669,0.90743583,0.24769805,0.051925536,0.036803555,0.82972574,0.24644326,1.1100188,0.021973629,0.89452726,2.066069,1.1551327,1.438314,2.879537,0.026962535,0.124854736,1.8284665,0.6822863,1.3265187,0.004691078,0.15241246,0.092598855,0.3234699,0.586735,0.67594635,0.37801665,0.031431552,3.0925734,0.43695706,0.11636382,0.991228,0.3719078,0.3206486,0.98562455,0.69319165,0.7466932,0.11036883,0.32654408,0.4265887,0.19981824,0.6136325,0.0,0.2856928,0.38081327,0.17655109,0.13943216,0.14115979,2.1561737,0.8500341,1.2272866,1.857443,2.036092,0.43854406,1.8828207,0.3991182,1.206197,0.049356528,0.39449647,0.20453079,1.009893,2.8697197,2.0863764,2.2937047,1.0775787,0.687849,0.7890124,1.525707,0.36157647,0.3698183,0.13451667,0.32878625,0.07937129,0.017714646,0.5266618,0.6472689,0.2932226,1.7915422,2.1640463,0.12855878,0.84110975,0.44669715,0.53273594,0.56912434,1.1183082,0.30364618,1.0514712,1.0386995,1.2133992,0.1304688,1.0215062,0.18300669,0.06735698,0.66535825,0.01063135,0.11017402,0.5599498,0.62636393,1.1901643,0.78551126,0.12668288,0.26652846,0.028875152,0.20384453,0.5351314,0.74340117,0.24030823,0.05188625,0.1741946,3.3216634,0.984311,0.16384909,0.10345962,0.17703949,0.34407708,0.19417346,0.29057056,0.20906521,0.6570526,0.6395965,0.38608265,0.5983859,0.057431348,0.33579957,0.08829031,0.23203757,0.73356986,0.5082281,0.8591667,2.9447474,0.8548658,0.3381156,0.60383797,1.1653961,1.4780871,1.0979533,0.10386311,1.3270824,2.4714715,0.16314824,all_pothole_images\pothole_images_enhanced_03a59301196a417443c321c8f473c782.jpg
0.98035955,0.18385385,0.034540325,3.0028393,0.87676865,0.50687957,0.46010172,0.043202788,0.7965207,0.71057266,0.23756285,0.9976825,0.29462048,1.5563357,0.0067096376,0.0,0.18650712,0.9054523,0.589724,0.015217585,1.4439049,0.33714524,0.061273146,0.109509476,1.8510088,0.34550443,0.25586298,2.277483,0.00376568,0.24354896,0.033923965,0.153528,0.024194209,1.3238741,0.16716094,1.7077475,1.1164703,0.22131468,1.2055078,0.16207911,0.03470379,0.33201152,0.42277607,2.0942762,0.81331617,0.05074311,1.1878146,1.2572302,0.0896848,1.6447302,0.33313897,0.22165346,0.13909836,0.14369345,0.32379702,1.321134,0.5872604,0.509549,0.08114592,0.19979286,0.6831881,0.006457437,0.34816188,0.6598168,1.1510931,1.0031515,1.2827374,0.3323731,0.16384189,0.29023468,1.3855318,0.21215205,0.41184258,0.0036256623,0.05230305,0.014403241,0.6896412,1.4932822,0.35582477,0.067462154,0.8789252,1.6382781,0.5366503,0.7657461,0.2343171,0.14582777,0.028393112,0.0016278988,1.2453247,0.3265207,0.59867525,0.11046726,0.88756084,0.45078722,0.53946656,0.12727612,0.5533487,0.34132138,0.27212545,1.024075,0.3632593,1.2703155,0.90990156,0.358093,0.44591728,0.022112254,0.18292932,0.4223109,0.030133415,0.2763384,0.14292298,0.113780156,1.6230156,0.10617223,0.60971856,0.12063844,0.01165201,0.24874523,0.7065392,1.1440136,1.0722376,0.0,0.28310013,1.1528763,0.1601248,0.5546193,1.22458,2.090651,0.37522525,0.60923743,0.07008727,0.027069347,0.39190495,0.0033946498,1.4515082,1.1062347,2.311574,0.9046606,0.55827725,0.13874438,0.71283066,0.24746867,1.1243161,0.0,0.014609851,1.3652353,0.8334346,1.667366,0.010030969,0.107886724,0.37100014,2.2168894,0.5493182,0.03839434,0.30994684,1.6895106,0.12931946,0.18003236,1.8739406,0.45244,0.16749877,0.36453894,0.050704256,0.1425555,0.09780372,1.1744425,1.4362345,0.0,0.3291491,2.073465,0.59009534,0.58889633,0.25906608,1.2551144,0.006610128,0.7253944,0.10227055,0.0,0.75661546,0.046946004,0.50355273,2.29433,0.23579457,1.5456209,1.1126229,0.52630013,0.08640914,0.5248287,0.5290611,0.6347409,0.0,0.7476054,0.5865302,0.08362983,1.5246227,0.77263314,1.9716417,0.29973364,1.1098858,0.62638277,0.7188118,0.35838115,0.20168594,0.120704874,0.061875287,0.033117794,1.9338903,0.010357741,1.4184166,1.3414791,0.0,0.22673476,0.6197048,0.45588264,3.0216331,0.8260742,0.22305,0.124176316,1.3375686,0.031372048,1.5979439,0.23702717,0.06319076,0.3657991,0.073768266,0.0013185472,1.0442748,1.1602305,4.1468616,0.87042654,0.3382074,0.19078667,1.3588997,0.023136528,0.0753587,0.5443489,1.7365003,0.5620506,0.30748987,0.80642635,0.01865395,0.017562687,1.2754365,0.26962566,0.2153665,0.053170003,0.2853769,0.08666188,0.4195804,5.691223,0.17013219,1.6987989,0.009358581,0.13472848,0.7245201,0.8064935,0.27541247,0.94675124,0.0018931299,4.0196495,0.7772352,1.0123876,1.1450956,0.10952649,0.2350964,0.27855426,1.6624588,0.2046355,6.295123,0.10305204,0.5870654,0.032713827,0.65828955,0.13603823,0.1503682,0.7181803,0.45316264,0.43652663,0.025395434,1.7326591,0.8490098,0.28093147,0.020489234,0.52634,0.5114578,1.6469504,1.3300799,0.1861326,3.0750287,0.059223294,0.0,0.21285076,0.06384875,1.3775442,0.65640724,0.37665853,0.05128274,0.31727874,1.1674157,3.145455,0.50694084,0.029663026,0.056259092,0.040594187,7.1424084,0.089849755,1.4725868,0.00534209,0.16448495,0.15088889,1.1066664,0.35340792,1.0295572,0.68708265,1.0594761,2.0866506,0.011428174,1.5644791,2.8318038,0.5529397,0.0034078672,0.0,0.8951699,0.15230593,0.03403349,0.33677268,0.57946247,0.0,0.5410452,0.18981303,1.500825,1.0987724,0.35056412,0.5255208,0.0,0.0,4.1476364,0.7543243,0.53837204,0.3298235,0.65882367,0.24379902,2.156651,2.250076,1.1166742,1.1695825,0.16763675,1.4131052,0.23791583,0.056852486,0.6509268,0.5255344,0.801284,0.19012152,0.26480415,0.516943,0.20390563,2.4447381,1.0798652,1.4262722,0.0064119883,0.86640835,0.63642985,0.8265261,0.0021798639,0.0,0.649841,0.002679869,0.44125167,0.5112662,0.57551825,0.90253663,0.554254,0.00066686526,1.9864967e-05,0.07461102,0.05464868,0.014031806,1.5664713,0.5349359,2.1930857,0.29192388,0.8210928,0.4490489,1.9060951,0.9837863,1.068823,0.106310755,0.8613015,0.3880689,1.8635229,0.11219085,0.09014951,0.24353494,0.3856887,0.43945917,0.3081724,0.07674543,0.016327357,0.37510392,0.008868269,1.592808,0.23236391,0.01281916,1.6126602,0.35151938,1.2628095,0.3342358,0.563517,0.02273586,1.0895153,0.009295736,0.15046704,1.2596883,0.54908806,1.0863338,0.2189064,0.91961807,1.1775988,0.035727225,1.9656913,2.482794,0.45889166,0.5564139,0.5331493,1.0901535,0.18950886,0.9378123,0.39775994,1.1516784,0.0,0.0,0.15933773,0.46683595,1.5337155,1.0487736,0.016241366,0.053460065,0.0011765853,0.6380876,0.5044869,1.642304,0.21905875,0.032808356,0.34474194,0.08760767,0.21551186,0.2904041,0.30579543,0.86751705,2.0002246,1.6308202,1.8007834,0.3585263,0.06383849,0.2275263,0.5691772,0.060644895,0.01048729,0.7336256,3.5914936,0.009948354,0.53377485,0.06908832,0.3231966,0.0039097485,0.054481324,0.0009050768,1.2462201,1.4725661,0.3929806,0.75160724,0.0,0.03929569,0.7855675,0.044274114,1.8683187,0.7328681,0.7028225,0.20697106,0.0,0.6699654,0.49772128,0.8986056,0.7972672,0.040011436,0.08511261,0.002046828,0.60767114,0.0,0.5200084,1.2369041,0.262729,0.43844122,0.0,0.39375296,0.22268882,0.37233865,0.7319169,0.0,1.1679248,3.5386865,0.36790836,1.2498595,1.3457025,2.4874744,1.5950576,0.010687571,0.0797444,1.8347193,0.045657896,0.08292796,all_pothole_images\pothole_images_enhanced_04347d89279c26800f5d620b7e98e8ca.jpg
0.1611028,1.6335757,0.3505028,1.6173713,0.3004294,0.1899318,0.74103856,0.12133987,0.93487304,0.45269266,0.2611599,0.41930786,0.0013373892,0.093522295,0.0031142475,0.26506707,0.049558982,0.0,0.5261086,0.15432137,0.2722066,0.8701752,0.17635927,0.56010264,0.26228535,0.12848088,0.15330909,0.8419278,0.0,0.34899065,0.40986937,0.3922718,0.6219163,0.0015566031,0.053699773,0.6144461,0.34360567,0.20143314,0.309197,0.732122,0.036135893,0.17621252,0.13124424,0.87682605,0.92899305,0.07082475,0.3689893,0.0,0.049960632,0.12157622,0.0,0.22745718,0.25208217,0.5231392,0.30584243,1.0665755,1.6211187,0.34600046,0.5676626,0.22541896,0.039260954,0.17830315,0.20176558,0.4118618,0.53238726,1.8486793,1.2117667,0.011095969,0.10692291,0.30734235,0.079158366,0.57752895,0.22744529,0.0,0.11067441,0.33636296,0.08218919,0.21062344,0.011841124,0.013507543,0.07413833,1.2528781,0.1250109,0.9692542,0.9519169,0.5931913,0.2223772,0.0,2.6359227,0.16367804,0.13121532,0.24813044,0.07282228,0.053407416,0.49018216,0.0,0.16975296,0.81145275,0.07016072,0.5112672,0.06478415,2.351686,0.4432433,0.0055553797,0.2007685,0.17872316,0.014098959,0.05249586,0.08663566,0.18245228,0.3714579,2.0305471,0.54179263,0.20523357,0.49143443,0.21586439,1.5737027,0.07234624,2.4712403,0.6021746,0.52667475,0.013946658,0.36618614,0.18614896,0.46195367,1.5482537,0.105995655,0.67976516,2.298057,0.007721767,0.81242126,0.09361754,0.17483814,0.13655043,0.55431706,0.26783895,0.0010650505,0.017124988,1.0474482,0.6183947,0.3830232,0.023883097,0.12216795,0.047971427,0.026517529,0.37668332,0.6675283,0.88263434,0.1035445,0.47791266,0.016167393,0.5446313,0.0272208,0.007334149,0.8778984,0.19246751,0.14783365,0.09203766,0.14156885,0.027107755,1.3491012,0.9097684,0.0950808,0.3671804,0.09336065,0.0,1.5396018,0.1763969,0.8415744,0.7629869,0.0,0.0029766108,0.0,0.19907601,0.12484272,0.19301677,0.217703,0.002330956,0.0058666673,0.0990296,0.2162189,0.78571767,2.441213,0.7330381,1.1685065,0.23986831,0.10458426,0.70725465,0.47098625,0.7534459,0.047752365,0.028618501,0.0,1.6645517,0.0,0.08327135,0.31650883,1.0114229,0.059658304,0.33316907,0.042234167,0.29894033,0.32871997,0.35617322,0.9409531,0.894228,0.42570814,0.14897259,2.2212112,0.19850181,0.017945195,0.07877851,0.56008077,1.3338753,0.9498185,1.5284455,0.3621598,0.072824545,0.67079335,0.19178216,0.20852573,0.024380649,0.1137358,0.82222235,0.08163371,0.18339163,1.7002788,0.111089915,1.3899819,0.34138379,0.3003753,0.7633509,0.06939674,0.023526298,0.46919364,0.3020544,1.6045691,0.1399495,0.042980738,0.03372033,0.4922516,0.24761537,0.62598026,0.07860753,0.09410929,0.010657024,0.8530965,0.09667061,0.4159204,3.8236372,1.4452012,0.041245624,0.1951651,0.3196166,0.2565246,0.05012563,1.1332026,0.025840886,0.24471049,0.9715256,0.19764031,0.32122648,0.9824303,0.38599542,0.68180925,1.450339,0.03724509,0.1479028,4.0536556,0.14265501,0.085761555,0.0,0.04597804,0.02824478,0.15033813,0.4971745,0.016097007,0.20653903,0.006785965,0.75699055,0.26651153,0.5826642,0.04450235,0.38729084,0.7795649,0.32949018,1.1425849,0.12645215,0.76377094,0.2706867,0.049730204,0.30912578,0.037231524,1.0182397,0.021458896,0.149332,0.2624104,0.5405871,0.24296877,1.2238868,0.26165256,0.062495913,0.10813343,0.0,7.955331,0.5726861,0.034003425,0.08611797,0.007851735,0.011122864,0.122725725,1.1364087,4.589039,0.67638123,0.12463011,0.88835716,0.012580754,0.47267336,0.7337685,0.10803932,0.5207193,0.06621062,0.107631914,0.13119845,0.21714243,0.25181857,0.82130545,0.009078181,0.64251614,0.14613208,4.573666,0.2302449,0.0042738146,0.26755545,0.25223565,0.16279648,1.4826442,0.3499799,0.0650649,0.18551327,0.08386065,0.9555787,1.5216335,0.21970038,0.6094281,0.010024018,0.14261398,0.1679364,0.26293454,0.058239937,0.23059505,0.20409298,0.0019619367,0.28936446,0.07351151,0.084552936,0.12591313,1.1853197,0.84413177,0.100268774,0.007192215,0.19029027,0.5096837,0.30570087,0.117779486,0.38759515,0.4091048,0.38944387,0.49570262,0.14093722,0.58880204,0.06508062,0.93821603,0.028055489,0.8296136,0.6157366,0.03319209,0.0074975104,0.1635221,0.8139298,0.0,0.08493768,0.3674333,0.81636,1.7643954,1.3396484,0.9863158,0.00063974987,0.12837939,0.071119875,0.084698744,0.79397494,0.11254557,0.44870275,0.0,0.0,0.9277352,0.04678068,0.09221602,0.5027515,0.49707806,0.34080395,0.11587671,0.68359566,0.4365542,0.13802251,0.06929971,0.22955063,0.04104481,0.07497106,0.24234685,0.15766904,0.0043667667,0.27140212,0.13509442,0.5329277,0.60993826,0.041674357,0.11323037,0.118022606,0.8615726,0.5536734,1.4136801,1.8830304,1.2156252,0.20748141,0.5436354,0.9608857,0.1619755,0.010386587,0.9053201,0.15511435,0.100908995,0.117254674,0.54645574,2.2050962,0.25116143,0.0388618,0.40240973,0.6038435,0.021247752,0.13740411,0.021552792,0.0,0.77208734,0.16746135,1.7074639,0.23026524,0.2902254,0.5573284,0.9668376,0.17350489,0.19612624,0.965666,1.2168391,0.88916296,0.9017876,0.11087764,0.11396762,0.9267989,0.61688304,0.17560013,0.08489162,0.15423672,0.24321188,0.07783496,0.12079745,0.032883164,0.60378265,1.5232737,0.031078484,0.4975536,0.5621677,0.21230483,0.5805462,0.00870465,0.13946936,0.988185,0.11083004,0.3564962,1.024453,2.2000895,1.1384239,0.21847242,0.0,0.134589,1.5410835,0.39823115,0.005901796,0.038847532,0.3915361,3.1116002,0.0065735406,0.0014628705,0.06861156,0.009554464,0.24135096,0.05103517,0.00015110057,0.036186628,0.40031657,3.3142366,1.0283202,0.45237052,0.08246066,1.703927,0.03761619,0.55697286,1.0079846,0.10500604,0.71117103,0.18013556,all_pothole_images\pothole_images_enhanced_04835b6fc2bf98bdc9e656e608225b63.jpg
0.7596264,2.3051162,0.7705836,1.9973032,2.0160217,0.88616264,0.065364845,0.0,0.36586493,0.5412637,0.2510696,0.47155157,0.50274205,0.4532795,0.7542265,0.56950223,0.19602701,0.004407561,0.20926249,0.9406524,1.0829469,1.4793009,0.8457092,0.92203534,1.5786463,0.4318287,1.1551691,1.6729907,0.3426922,0.15784474,0.9163597,0.7187829,1.0890017,0.6051571,1.1514574,0.96125823,1.4937079,1.8709658,0.15561491,0.35974166,0.070105396,0.109993964,0.21873082,3.0050633,0.97875756,0.23788111,0.06436195,0.33103678,0.25484186,0.5635928,0.7185296,1.6801935,0.73186696,0.7171786,0.36588737,1.2361705,2.4965181,0.00929923,0.40437943,0.49868065,0.043088406,0.40409926,1.2777534,0.43919742,0.26405331,0.71839887,0.75918406,0.47593057,0.7818236,0.35019046,1.2350315,0.757533,0.3550662,0.60734046,0.43750083,1.6536754,0.48476416,0.9068373,0.057235226,0.7831019,1.5490956,0.03887056,0.0244399,0.5140095,1.0585171,0.2380257,0.4140868,0.13207716,5.024591,0.14437859,0.57160103,0.12713322,0.29510617,1.1330578,0.59812707,0.07197543,0.20031676,2.0862217,1.0104485,0.8293036,0.048677705,2.901951,0.31982657,0.5803919,0.27205458,0.14983928,0.345482,0.11516544,0.099470854,0.5900073,0.21226257,1.9519335,0.62489355,1.4451429,0.6000282,1.3273408,1.8341238,0.03255493,1.6700206,0.99911344,2.4956057,1.2508143,0.0339729,1.4082887,0.7500277,1.134607,0.15212004,0.96733326,0.86582524,0.51465964,1.6476346,0.112945534,0.9035754,0.5598119,0.5344659,1.0606854,0.33154094,0.112999134,0.8728063,0.22534545,0.75619817,0.1631216,0.13018377,0.8426811,1.481295,1.2351466,0.8642198,0.60571873,0.04754079,1.4196843,0.5244455,1.0363626,0.14502575,0.019558089,0.534799,0.55491966,1.2059475,0.14411236,1.3776712,1.2096502,1.013227,0.47161907,0.17217924,2.5576365,0.0,0.4988098,0.8682651,0.4974542,0.62078613,0.17903277,1.0906605,0.89412993,0.43738618,0.55054563,0.8605134,0.1730362,1.6367275,0.10317658,0.041890252,0.24023196,0.2061472,1.6631073,3.227446,2.439274,0.935739,0.6144692,0.75014985,0.5150996,1.2964864,0.3068068,1.1973417,0.20966241,0.3230922,1.8842235,0.29699662,0.7999845,0.26511997,0.0,0.10230681,0.7075317,0.5922203,0.43249205,0.56472266,0.4389294,1.7220333,0.85320866,0.1410848,0.35058105,1.0336506,0.030267598,0.20981517,0.8546912,1.0300847,1.4149345,1.1662116,0.9778425,0.37398967,0.0008602206,1.3400686,0.0,2.3325891,0.122316144,0.34568968,0.01518622,0.29461178,1.065882,0.3854121,0.13908249,0.88670516,0.73880196,0.22184128,0.96138996,0.5205912,0.0018840351,0.19314292,0.29459473,1.8259507,0.5528324,0.015537219,0.1772891,0.29637337,0.0,0.101674154,0.073137075,0.18315388,0.4141679,0.27658144,0.0052641015,0.09395458,2.0893705,0.8386716,0.7358872,0.5773686,0.4769456,1.1342168,0.16962585,1.053531,0.04803052,0.47662586,1.8438728,0.6001893,1.6100769,1.1459355,0.22391357,0.46855116,0.3183259,0.006872249,0.37751418,1.5414907,0.1110534,0.51251334,0.17061223,0.21903159,0.22999278,0.45148957,1.1973281,0.6145406,0.33867392,0.3348342,0.50735354,0.031738814,0.0865699,0.30794314,0.2127779,1.9705776,0.26314,1.869692,1.5178578,0.9631404,0.113296926,0.5871077,0.9179518,0.053329077,0.91584855,0.6121333,0.8836869,0.622762,0.0019697712,0.09127411,0.45408547,0.42761114,0.39668572,0.052601565,0.8204026,6.4163094,0.9894448,0.0,0.8359197,0.42035604,1.1002591,0.0,0.56654197,3.129638,0.98063165,0.3180345,1.1230005,0.5764755,0.95341676,0.79643375,0.06358498,0.21937558,1.0333991,0.29297915,0.13647413,0.8001036,1.2547185,1.0969828,1.4512025,1.0819963,0.9829207,1.4926387,0.87455875,0.14269277,0.052909456,0.4767108,1.1752998,1.3147736,0.51460576,0.3935431,0.6916018,1.0791568,1.2603939,2.022096,0.16037408,0.9529704,0.016754732,0.23263896,0.3053384,0.78401715,0.5696725,0.48789585,0.8999,0.48086268,0.452969,0.81546795,0.025311625,0.44297543,0.48739678,0.30761606,0.6566629,0.14126873,0.09908077,0.38985226,1.5475999,0.15514866,0.36308953,0.31735337,0.40526944,0.30659905,0.34172478,0.8453825,0.68532294,0.28366736,0.14811,1.323283,1.0131568,0.038397614,0.049042128,0.16624641,0.58421683,0.09281203,0.16979507,0.28546578,0.99474245,2.779931,1.8222435,2.8973174,1.3601402,1.1550566,0.67493796,1.142843,0.0,0.3114274,0.048282,0.01804538,0.028624289,0.42454714,0.2915006,0.70492524,0.6263862,0.8167471,1.5673554,0.0,0.6977516,0.24751762,0.39062187,0.28104118,0.73225874,0.37344816,1.4648595,1.2758158,0.5965482,0.3412281,0.9097809,0.028602513,0.67726517,0.46499118,1.4456198,0.2842923,0.11009452,2.126289,0.3892898,1.4272766,2.1736948,2.4983323,0.45562947,1.2341719,2.352904,0.32756606,0.39411777,1.8626785,0.2352948,0.8508598,0.6619301,0.4529618,3.5802636,1.1997892,0.39278924,0.025825152,0.8143546,1.3327546,0.12361436,0.11524992,0.3903107,0.07715417,0.8728383,3.07446,0.6360507,0.9521685,1.3782951,0.8656507,0.7153881,0.908517,0.18550633,0.079265095,0.82020086,1.2359054,0.46133465,0.47192907,1.0482286,1.8069218,0.19946963,0.8958937,0.37394223,0.84410155,0.6147428,0.28568223,0.097022764,0.52652,1.2130386,1.4602731,0.10515276,0.5428937,0.1798153,0.2732277,0.5267966,0.3049597,0.5895561,1.1245984,0.3630315,0.4619295,3.6127675,0.15059648,0.55552477,0.02194405,0.034697767,0.6565718,0.6713376,0.040002283,0.3079635,0.30639708,2.7893515,0.035521682,0.0057346784,0.0,0.08465535,0.29829347,0.018291214,0.114440076,0.0,0.43604782,2.484672,0.33318454,0.6584532,1.5779426,0.52669036,0.04788512,1.1252325,1.0673804,0.7843731,0.5763741,0.19295307,all_pothole_images\pothole_images_enhanced_048927b4443ca32408662e997afd8f2c.jpg
0.20473361,2.0086222,0.6081839,1.3447434,1.3303695,0.10266787,0.7483321,0.3980344,0.34154904,0.642697,0.38525778,0.27392438,0.20277646,0.5551776,0.061699614,0.46121764,0.28082535,0.18874016,0.818012,0.3579416,0.9702318,2.1528692,1.223795,0.6607282,1.1320498,0.6959587,0.07061183,2.5434816,0.1124584,0.7798056,0.59227735,0.23115778,0.23079011,0.49796125,0.25470448,0.22285438,0.4435905,1.2245567,0.07075145,2.0463886,0.15610647,0.32041287,0.7687681,0.3860446,0.3414976,0.70985067,0.0033854938,0.04188079,0.39761165,0.2706038,0.4184647,0.13742173,0.19760275,0.117336035,0.18863927,1.1982627,0.8479595,0.39773625,0.14898236,0.02593705,0.17778854,0.051541988,1.0027598,0.86478984,0.59796876,1.4460334,0.5364957,0.041523017,0.2054486,0.5639052,0.4070638,0.12685552,0.062646866,0.3568283,0.5836292,1.1431111,0.20172125,0.49640355,0.09396204,0.3904106,0.18492948,0.61871123,0.0047875955,0.6553651,0.4968294,1.2521397,0.108035564,0.40547326,3.4908216,0.12410028,0.41405943,0.36181062,0.09049582,1.0212551,0.04372491,0.006276078,0.6380974,0.4627786,0.17941158,1.6013873,0.25060895,2.6437962,0.46914947,0.07970563,0.48763072,0.13463475,0.62163734,0.35947743,0.0035165402,1.5786687,0.41812223,1.723407,0.32627836,0.3020003,0.6925271,0.8748546,1.4797491,0.45433414,0.992904,1.2017435,1.2143399,0.28483784,0.3574079,1.5760498,0.3456804,1.0359114,0.09751313,0.74679464,0.10149641,0.639175,0.71082664,0.82407284,0.17117958,0.6225455,0.53960866,1.8232242,0.72098774,0.50273204,1.1267956,0.62407494,0.33691296,0.49703154,0.46957257,1.2783071,0.55092186,0.69756424,0.19596033,0.31527176,0.10250109,0.7525837,0.21859516,0.015418657,0.59256834,0.56585807,1.5842509,0.8199207,0.8879332,0.52790195,0.22868642,1.4172553,1.0202776,0.25570485,0.43543422,1.5021342,0.104599,0.2835224,0.5823095,0.36604634,3.1545863,1.4283434,0.8107962,0.095883444,0.07837356,0.12563418,1.5672791,0.17039649,1.1402909,0.12654361,0.060912244,0.03404155,0.048283584,1.4791387,1.0807401,1.359961,1.8546623,0.41354078,0.80983585,0.22399451,0.73957837,1.1404173,1.3910749,0.68415904,0.19984081,1.4907533,1.7296408,0.0898532,1.037134,0.4730273,0.039588157,0.7067114,0.3977389,0.5405464,0.2216534,0.5872815,0.45003662,0.40789977,0.14415792,0.7079691,1.4920741,0.15347427,0.17218909,0.10535394,1.6650097,1.7419988,0.609645,0.9905143,0.70893747,0.0574715,0.18054956,0.89048296,0.3685604,0.042376906,0.26021522,1.1820364,0.08598885,0.6083484,1.395077,0.30181465,2.1990025,0.65721893,0.23198296,0.90144104,0.3463188,0.3259841,1.2118951,0.37171498,1.6297103,0.23127998,0.33315423,0.039597794,1.4264266,0.067106314,0.70944375,0.0046944926,0.4896119,0.0,1.1208984,0.53222585,0.29427534,2.3587675,1.3993578,0.06846623,0.41707757,1.132064,0.40246904,0.09643074,1.3207934,0.14722648,0.48793325,2.3517275,0.4630764,0.46808988,0.5270159,0.08705498,0.5115734,0.89407706,0.2374777,0.078657225,1.5482754,1.3669553,0.32424742,0.0,0.35935667,0.17851488,0.6021407,1.3690654,0.1750187,1.1147374,0.6246824,0.592191,0.057929777,1.1119801,0.21143846,0.5852997,1.388781,0.6756452,0.15931688,1.3002414,0.5716645,0.4821325,0.5385029,0.8553943,0.14172783,0.82119685,0.28830063,0.094554864,0.3708025,0.97720826,0.50135946,0.8392461,0.6196813,0.65999323,0.15468827,0.902036,1.8092794,0.063208364,0.09212927,0.30864733,0.83893085,0.9604065,0.13074577,1.4775748,2.4273832,2.3847935,0.45251796,0.091070525,0.059298605,1.552975,1.8430879,0.19032793,0.7742378,0.22357842,0.4700889,0.34100688,0.41800416,1.0555631,0.48726657,0.7639448,0.47332776,0.8375217,2.6140964,0.30841112,0.1443964,0.068670824,0.57188547,0.4094531,1.0909843,0.47252727,0.30818167,0.61522585,0.7617053,0.9252239,2.7615762,0.14544334,0.38387644,0.021439625,0.7980622,0.4396721,0.49785075,1.0753065,0.02523517,0.6814499,0.3592508,0.23646812,0.6078771,0.14013022,0.50852543,1.1780757,1.2526382,0.46626258,0.4149108,0.025457073,0.6392265,0.6248683,0.14762662,0.37821183,0.62270224,0.62471384,0.082987115,0.96841794,0.79415894,0.27747458,1.332537,0.44431973,1.0860606,1.0923593,0.13072181,0.6010051,0.5332531,0.74338305,0.661745,0.026636405,0.28329435,0.82708263,2.7396762,1.7294424,1.4947319,1.551613,0.047975667,1.6812129,1.2084771,0.45536345,0.17401454,0.5367828,0.57522523,0.27244598,0.64558107,0.7008012,0.15636015,0.03242899,2.0029137,0.56788605,0.0,1.3740257,0.82492065,0.68821514,0.038738593,0.3477238,1.9630167,0.07332392,0.76234746,0.19677061,1.0037191,0.6099195,0.0016667797,0.36364803,1.2740831,0.29724535,0.36044785,0.29210675,1.0722167,0.43049306,1.4767448,0.36322075,1.9879298,1.2031728,1.446077,1.8623989,1.3274354,0.5675355,0.8110665,0.35629413,0.24006224,0.9794352,0.94380635,2.300285,0.78688407,1.3299389,0.8521151,0.7512292,1.3200637,0.079647176,0.51680833,0.35517377,0.544931,0.43536162,1.4787107,0.33141935,0.4311865,0.80743206,1.1156042,0.6409993,0.34632406,0.018236954,1.367928,0.8744462,0.67845774,0.23776299,0.37207466,1.2684402,0.6336134,0.27956858,1.4555427,0.2957752,0.5309331,0.71996814,0.7518723,0.30600357,1.1044842,0.9604142,1.0419829,0.6124443,1.0939026,0.5424553,0.5020332,0.27995962,0.13142423,0.6401221,0.48243985,1.2953056,1.155026,2.2514348,0.68207484,0.18844837,0.17232955,0.3593911,1.0051396,0.5502803,0.2826408,0.56279904,0.56577,2.2263732,0.021321231,0.37588885,0.1889531,0.070543244,0.37206003,0.11775279,0.030858755,0.26951164,1.3944851,3.3932743,0.33299527,0.8775794,0.43554133,1.6196108,0.3514589,0.99395865,0.33526337,1.2981156,0.24617516,0.5466592,all_pothole_images\pothole_images_enhanced_04b75188ad11f58db4cdf1b1b991716f.jpg
0.8723504,0.9134995,0.63070595,3.0451767,2.4488351,0.3180438,0.24268669,0.10110697,0.5870453,0.81926215,2.0829165,0.526409,0.4540273,2.2577777,0.042040303,0.5216568,0.16594748,0.8671332,0.95788884,0.21393028,1.5576869,0.32237694,0.258279,1.5586662,1.0179484,0.03575839,0.07810833,2.147279,0.26668945,0.4719359,0.14471193,0.04081833,1.2000309,0.3178068,0.21546422,5.478918,0.71017885,0.27222946,0.7601739,0.28719008,0.0831351,1.1068074,0.09512546,0.40598342,0.17305154,0.71337163,0.17791058,0.061722964,1.090444,1.19757,0.51437885,0.07290417,0.050764203,0.47826567,0.7535844,2.0976744,1.8480115,0.3086476,0.668009,0.06243492,1.7744504,1.8478618,0.49179357,0.46982655,1.4979587,0.96867526,0.11761593,0.9547283,0.66485983,0.44337678,1.2365259,0.23168786,0.27123934,1.3824228,0.08076739,0.35901672,0.63017565,1.2179577,1.3403138,0.55168223,0.045554716,0.10625208,0.4254157,2.5361414,0.3292364,0.13795723,0.26372132,0.017189449,1.5885043,0.92766714,1.1088443,0.80658376,0.47797057,1.3925245,0.1272946,0.10434056,0.74505866,0.5472641,0.6081576,1.0407058,1.1408263,4.821077,0.5949218,0.31174153,2.9535658,0.020819528,0.4879486,0.5090078,0.47194436,0.55025643,0.44287762,0.17519367,0.1823068,0.22498353,1.0656825,1.0947555,1.675428,0.65843123,4.2825904,0.1827802,1.0920832,0.06664405,0.27630773,0.9926384,1.1513026,0.66180885,0.1886294,0.81732583,0.6310667,1.2383144,0.7747041,0.25509188,1.6497998,0.58149093,0.82593864,1.1992503,2.2320936,0.94644964,0.6681786,0.36816666,0.518241,1.323968,0.29712465,0.014982753,0.6079161,1.0623156,1.3602718,0.16172433,2.2111502,0.6920166,0.21526115,1.0957438,0.68012834,0.7873238,1.0197159,0.40860558,1.3310686,0.32222685,0.8508919,0.6389816,0.5716836,0.64003253,0.09334817,2.57245,3.5037427,0.6986984,1.0839657,0.4562603,1.8532621,2.0229304,1.7667773,1.2374451,0.09016701,2.7511141,0.5955479,0.029605694,0.56207,0.0034544389,0.23345834,0.28901806,0.04235578,1.293852,1.06769,1.4025302,3.3771253,0.42500943,2.1703568,1.8373471,0.07959518,0.17821725,0.14486122,2.455243,0.2132432,1.4111409,1.1773058,0.23676199,2.506405,0.8469035,1.9155731,0.030238256,0.32816994,1.523726,0.47142044,0.4923074,1.2800318,0.12465402,0.36231244,0.18763962,2.2418137,0.4418801,0.2599157,0.15718009,1.6133993,0.31652322,4.598717,1.5388675,0.21135536,0.02141987,1.2761179,0.52149194,1.5873222,0.05548214,0.42691106,0.0439196,0.0,0.8290215,0.28902993,0.88637835,4.004453,0.22793734,0.24430937,0.41816425,1.8643486,0.54754573,0.11579202,0.31461215,0.76580685,0.01977655,1.0269904,2.0656826,0.2518011,0.024443777,0.50141716,0.35951194,1.0182949,0.078041725,0.14964817,0.681659,0.7306696,3.5405228,0.57096857,0.13016593,0.28956062,1.1087701,0.35324112,0.3123809,0.08660291,1.6247884,0.76582426,2.2436512,0.7457596,0.68601024,0.6860172,2.1836317,0.37551108,0.25320625,1.7340137,0.38391587,1.6047913,0.45002124,0.13907464,0.0019998595,1.4266253,0.076224305,1.1694856,0.1871031,0.9396101,0.2200546,1.6704677,1.8792961,1.4659806,0.78727883,0.37456197,0.32694268,0.2716271,1.7115353,0.41289893,1.4250332,2.3111556,1.250749,0.24717344,0.62013716,0.17137752,1.7600919,1.9167905,0.035611153,0.27837902,0.18301344,1.2129359,1.5710577,2.1766267,1.0348874,1.2308092,0.02482884,4.061999,0.19182873,0.7568637,0.05637957,0.8082543,1.061869,0.5407898,0.35320026,3.0715535,3.3731756,1.0574781,0.97208506,0.23434342,1.0473354,5.0210023,0.41760144,0.95568985,0.7673758,1.8867351,0.36917028,0.16465788,1.5118821,0.4411791,0.034086045,0.13938814,0.2700495,1.8337383,0.7284246,0.95246494,1.0270604,0.39919987,0.17379221,1.0357579,0.8144652,1.6979417,0.5705745,0.43642554,0.6709624,2.004651,1.0660418,0.67573124,0.0039485064,0.111097306,0.27115968,1.3532554,1.1284158,0.1523242,0.4604133,0.027809002,1.717258,0.9937216,0.48698875,0.6825686,2.2821727,2.6065211,1.2822363,0.38009116,1.1565119,1.91869,1.452194,0.44849768,0.1719407,0.49971434,0.6272238,0.03410328,1.5017772,0.45912576,0.027079137,0.83801216,0.5653205,0.30667266,1.7283379,0.18163852,0.094482675,0.5796491,0.2162806,1.4081469,0.031451806,0.4958996,0.30346024,1.5675738,0.08066565,2.3626475,0.79673344,0.35236108,1.0439249,1.4996786,0.0,0.008372887,0.30797195,0.005731394,0.14529034,1.127494,0.30359775,0.36591595,0.26302442,0.42857742,0.71265334,0.4230613,0.0074002375,2.0032759,0.06725478,0.2376336,0.36441904,0.07495603,0.0026971167,0.23307031,0.12545702,0.17931214,0.40081227,0.15167427,0.9387526,0.5473843,2.22628,0.8591282,0.15894082,1.2867349,2.9831119,0.47014734,1.1700828,2.301712,1.1531401,0.2292772,0.97257745,0.6368525,3.1312919,0.5254818,0.23616245,1.0391822,0.12139656,0.6666345,1.5023292,0.12732728,0.44841918,1.0801901,0.68982786,1.639924,4.2509274,1.4943484,0.015148864,0.0,0.23520654,0.71597904,0.6801608,0.071137704,1.0550951,1.7741313,0.19359086,0.49900898,0.97451943,0.5291227,0.13428849,0.1138436,0.64078736,0.09300267,1.6058207,1.8871251,0.34896323,1.2248704,0.032240227,1.1774791,0.09584021,0.45148396,0.29556942,0.8657484,0.645732,1.0874753,2.5259333,0.06543997,1.459227,0.7490107,0.09218118,4.574825,1.4327906,0.067019545,0.05576371,0.1180944,1.6438483,1.3664349,0.7140427,0.2739774,0.33778575,0.35644537,0.0,1.6992261,0.49196312,0.5569718,0.30696145,0.36316276,0.39997038,0.0,0.034744196,0.016361054,0.14062741,0.03075803,0.09582174,2.058905,4.220235,0.6823438,0.21417582,0.5999785,1.7903588,0.44065645,0.46505705,0.7738178,0.05520052,0.10221797,0.023273518,all_pothole_images\pothole_images_enhanced_04c5de42f8b4feae56996999cc742c3c.jpg
0.9330277,0.48975068,0.07561049,3.325873,0.8971494,0.12682173,1.2997327,0.06323916,0.1297718,0.13152932,1.5294603,1.3799721,1.8128217,4.254084,0.5175509,1.5583715,0.09557654,2.541135,1.1751515,1.4940485,0.20555452,0.6258867,0.4499629,0.050324157,1.9043977,0.62155825,0.24668503,1.7072438,1.7764802,0.11677181,0.24630605,0.97939306,0.09297291,0.7079619,0.021941608,0.8031954,0.11533753,1.0750207,0.7369065,0.33883262,0.10996357,0.16252412,1.4923413,2.1720052,0.6261617,0.46994966,0.84893566,0.13599697,0.79203194,0.07593206,0.8497473,0.44947985,0.24375139,0.64269716,0.86813104,2.7039077,1.1345632,0.578834,1.243251,0.8976176,1.2847663,1.5801673,2.159604,0.50725627,0.68505985,2.1325397,0.91124773,1.8444824,0.123596,2.0586789,1.1874995,0.049272116,0.63174146,0.553443,0.8967294,0.042721316,0.99280673,1.6352247,0.97473514,1.2844286,0.037416585,0.07590335,0.82022005,1.5321566,0.45385665,0.65929705,1.3801676,0.0,1.9787283,0.2484346,0.16406408,1.6622045,0.43202597,1.271128,0.64086086,0.15996584,0.3314035,0.9977005,0.66297024,1.3258169,0.4393135,2.3346593,0.87223953,0.86983883,1.7868338,0.043551564,1.1642637,0.099813655,0.26776284,1.2124534,1.799648,1.1549624,0.29816073,0.2424952,0.7750703,1.2154069,0.053957827,0.8571651,2.0612435,1.3922424,2.0270252,0.18928885,0.3825196,1.5522045,2.4742765,1.5332409,1.173191,0.1928266,0.42116204,0.48193562,1.0716989,0.100337565,1.6166359,0.17557687,0.2618243,1.3766959,1.4494339,0.84548956,0.3122442,0.28143182,1.6278185,0.80285144,1.0305632,0.33318824,0.3934766,1.2041622,0.0,1.9666606,0.36405376,1.4013851,0.95504165,2.4263718,2.2040899,1.0530137,0.9495317,0.5120975,0.23655449,1.6568666,0.36051884,0.25903708,1.398995,2.7486653,0.05311997,0.7238357,0.56890893,0.13351043,0.2261414,0.42376637,0.6693716,2.817313,1.2681869,0.56025654,0.056407724,1.5295615,1.1569027,0.7154948,0.41947103,0.3309755,0.85333765,0.42954546,0.93806285,2.7654052,2.5096836,1.5601575,0.9762797,0.6150567,0.96648484,0.48261103,1.6828398,2.4662879,0.6245778,0.5093455,0.20613898,0.53381026,0.20202582,0.08200343,3.0967085,1.0065317,0.56600726,0.28780568,0.972092,2.5626454,1.2307374,0.58393186,0.37303558,0.14669691,0.6411789,0.91793305,1.5721121,1.3038065,0.066142745,0.09573172,1.2099108,0.25970656,4.3474903,1.3612795,2.3527434,2.0398102,1.9186053,0.42413527,1.5239718,0.53420126,0.7626199,0.500827,0.2064524,0.55016685,2.063019,3.2826295,1.280157,0.5912821,0.6736603,0.71280646,1.5489054,0.15012527,0.074546166,0.23335458,2.0766046,1.3268532,0.04953575,0.76425254,1.4527295,0.17562932,0.6318729,1.6074536,0.059120342,0.008452261,0.4308087,0.29247472,1.9684603,4.7476707,2.7598846,0.38475013,0.44844288,0.14586976,0.363958,1.4530926,0.8538809,1.1034878,1.0770079,2.6982868,1.399911,1.1993254,1.1252965,0.4709088,0.22257057,1.2755808,2.2561064,0.5392744,0.7069436,0.20431651,0.27170497,0.9094889,1.1420919,0.6817965,2.2377176,1.7276267,0.16376016,1.043164,1.8191203,1.1164504,1.7117413,0.69107985,0.7337792,1.2074281,0.8088377,1.2288563,0.8135466,0.77017146,2.4535987,1.3308133,0.14380991,1.3637528,1.0766695,0.39739573,1.6430651,0.73492914,0.26541153,1.0907127,0.07145269,2.0950418,0.882972,0.5588855,1.1781176,0.023810977,4.581492,0.5044755,0.89306706,0.9170312,0.81637806,1.1870021,2.136289,1.7749321,2.5378795,0.9765962,2.308015,1.7663953,0.855804,1.3419127,4.9351377,0.27493012,0.9332945,0.8740728,0.9270949,0.5680743,1.0185446,0.5435004,1.1786957,0.004660877,0.86569864,0.28750074,0.9092747,0.13197453,1.5098095,1.3230145,0.13386612,0.18530546,2.6807406,1.357131,0.724224,0.78256667,0.39936498,0.15723316,0.8552588,1.4973017,0.9325457,0.29256806,0.97001773,0.40991527,0.40066096,1.2713549,1.1867567,1.5262557,1.1146907,0.19646157,0.030651867,0.6053192,0.2236776,2.080166,0.77989405,1.4638668,0.8638612,1.56781,0.91656584,0.33948618,0.09187025,0.20239925,2.1648247,1.6850474,1.9275788,1.9288435,1.5449991,0.6748064,0.71948254,1.5551988,0.22584444,1.634252,0.11722469,1.5845791,0.8377192,0.3867372,1.3018504,0.05102176,0.7380965,0.3606856,2.492455,0.24672188,2.0258858,0.23599091,0.38916358,2.1186817,0.12520446,0.05149376,0.4539008,0.21606457,0.09487433,0.12856321,1.4749868,0.48288956,0.6361677,0.63342136,0.4383222,1.073148,1.4815804,1.6193391,2.1023214,0.41696244,0.731275,1.0925784,0.078768015,0.05622081,1.5691571,0.8275824,0.30509782,0.35559177,0.9823512,0.7494189,0.30268604,1.0689201,1.4245917,0.12423916,0.8399585,0.86430246,0.3191808,2.4329467,1.2663887,0.14988866,0.55638653,0.0,0.60897416,0.26197347,1.0970153,0.28961256,1.0324777,0.9608585,0.10955402,2.7768848,0.16261126,0.2649358,0.00060233136,0.072085865,2.06035,1.3389897,0.17051488,0.39597777,0.533416,0.31232807,0.76564413,1.7601103,0.55825216,0.4781055,3.2993748,0.56928694,0.54418075,0.74850935,1.9377096,1.7536231,0.8717435,0.19712754,0.37114015,2.7420218,1.5546021,0.122388236,1.7786778,0.2501028,1.5906963,0.6976082,1.549222,0.20733188,0.771876,2.1277652,1.1347681,0.9040193,0.2893626,1.3656837,0.38031152,1.8925874,0.8460154,1.8285675,1.3865029,0.18987375,0.5457405,1.9263926,1.5749357,1.4037108,0.017217485,1.3597534,1.5755144,0.29069752,1.5878403,1.3028086,1.4198924,1.5770388,0.5590281,0.89566934,1.0883213,0.8030892,0.21805397,0.032702178,1.2504598,0.330344,0.9728856,4.7604084,0.44436944,0.8334765,2.0059786,0.15948835,0.7383306,1.352153,0.50248283,0.8300584,0.03462233,1.3639588,all_pothole_images\pothole_images_enhanced_04e21fa6800813789f1257784efd7289.jpg
0.19725075,0.4103605,1.7523025,2.3978357,1.4156153,0.41186845,2.1681576,0.22441772,1.1701492,1.7962931,0.40130237,0.7630647,0.29218608,0.6658339,0.21118802,2.7395864,0.0087992335,1.7587507,1.0251298,0.029275697,1.1078931,0.57729244,1.4737697,0.38159573,1.9804313,2.341042,0.26024297,0.35190722,0.9779112,0.8852949,0.24667665,0.63150454,0.09348251,1.0932893,0.36770865,1.6795977,0.053102717,0.7489447,1.3331743,0.012420873,1.8005698,0.53650516,0.33096027,1.1896585,0.4489844,0.12593341,1.4555589,0.0,0.04291191,0.0,0.1432005,0.99173343,0.1503314,2.056332,0.6579803,0.39556628,1.4520752,0.15301475,1.1378613,0.3314862,0.4189139,1.7892362,0.008209511,0.05076069,0.86915976,2.1888707,1.5351111,0.62573504,0.824226,0.17379095,0.1714561,0.33170483,0.042073756,0.034578282,0.10493873,0.3883624,0.4899409,0.52936256,0.1408376,0.09498664,0.210013,0.7728672,0.02910323,0.71398956,0.4287019,1.4893026,1.1455835,0.5459755,0.2553553,0.50877327,0.25247383,0.22647381,0.001726622,0.056152612,1.0625801,0.3848356,0.1858288,1.848729,0.00604841,1.8210917,0.32811627,1.4853922,0.75225765,0.6179073,1.3880478,0.55411536,0.44910672,0.39841124,0.00020275346,1.0762697,0.6523878,0.36344463,0.07021857,0.05958704,1.2610817,0.23102833,0.08776621,0.352547,2.285267,1.0408162,0.4187245,0.012577181,0.28292722,1.0644643,0.4943124,0.6387324,0.9323942,0.014021772,0.75408703,0.06853701,0.9308814,0.67483425,2.1831918,0.05923291,0.031630863,0.015837472,0.85485804,0.011721913,0.82503694,0.37679818,0.4206119,1.0702268,2.1022434,0.110276,0.569098,0.20629594,0.037829436,0.077734165,1.0517501,1.0374763,0.46929437,2.0315576,0.5998105,1.0913028,0.7532901,0.15353882,0.11428105,1.3109984,1.4760362,0.22307873,0.84603196,1.4352002,0.06433302,2.322117,0.4423062,0.2451843,1.7266749,0.09301685,1.0895693,2.9296103,0.53178185,0.012426581,0.06374678,0.7497318,0.40628317,0.79560626,0.038998045,0.007901443,1.441972,1.2920059,0.0,0.4477525,1.2852429,1.4766294,0.25917244,0.34120858,0.950041,2.5869048,1.7333015,1.396229,0.65094537,0.003618287,0.09411517,1.1963373,0.18000217,0.0,1.8850901,1.3820446,1.1757646,0.1567647,0.578684,0.9490848,0.69043785,0.0067969905,0.84673417,0.23722714,0.14209546,0.007726825,3.2967858,2.5014596,0.0020988185,0.28869987,1.35109,0.04748613,2.1527455,0.90563947,0.07848495,0.59784496,0.47187424,0.29256997,1.119962,1.5209957,0.03907231,0.30230558,0.75228226,0.40508223,0.11100173,0.121718705,1.151649,0.2525173,0.032457907,0.0678403,0.7088527,0.035609554,2.0676806,0.4348561,1.2051961,0.19162703,0.07791578,0.38980803,1.3367056,1.4166393,0.0733814,0.92434317,0.0075125387,0.16442338,0.3068868,0.07220273,2.0970013,3.1834953,0.14765808,0.0,0.0033808453,0.03858549,0.0,0.7634575,0.8700007,0.55020976,0.9564307,0.90395445,0.8195338,1.0883098,0.08373052,2.106571,1.858858,0.43327454,0.27393982,0.02983717,2.2525492,0.056271147,0.8729318,0.05684514,0.20687452,0.0,0.8742328,1.1891785,0.13370855,0.16203946,0.59478927,0.79499996,0.60250294,0.3759367,0.3536882,2.7589014,0.1651342,0.24332155,1.7381284,1.6103191,0.21836993,0.10769804,0.3663302,0.17394327,0.6393941,0.09417319,1.2024283,0.44547504,1.1790464,0.61228204,0.13075346,3.2253997,0.65312225,0.38446885,1.0944397,0.0009497701,3.5494764,0.6588594,1.0041889,0.2001392,0.25514054,0.21261927,1.0207713,1.1914805,2.0915277,1.5952995,1.7898332,1.1172324,0.5557224,0.36846077,2.5618796,0.08445547,1.1935363,0.59158236,0.3645378,0.043449163,0.18011948,0.10859164,0.98421264,0.2807022,0.14875478,0.2164225,1.3136594,0.047146995,1.1529946,0.5376247,1.5485672,0.58977896,2.5096037,2.803164,1.1085308,1.0800471,0.4398641,0.773132,1.1943244,1.6885937,0.061323762,1.1460553,0.8989383,0.93917906,0.029491054,1.49015,0.18885696,0.3105716,1.1288173,0.1681429,0.0754772,0.6000988,0.9305143,1.9466431,0.33015025,0.35364062,1.7825537,0.10580617,1.1250515,1.0466632,0.8370296,0.3953093,1.0500213,0.35382625,0.9134926,0.321534,1.4493763,1.9586864,1.850256,1.8050394,0.35583332,0.93497044,0.25496045,0.5580308,0.20504583,0.022055114,0.284951,0.7536299,0.448309,0.04829512,0.1809681,0.08673657,1.6993752,0.70094985,0.1236381,0.4781512,0.068032086,0.15418993,0.0187559,1.8156424,1.0166057,0.23893353,0.8452597,0.079544425,1.2913219,0.008602587,0.882514,0.06260299,0.098017536,0.05446493,0.37563923,0.8296871,0.075524904,0.7284813,0.040618174,0.0012596842,0.43779784,0.11707259,0.086966306,0.47283405,0.015430562,0.03962139,0.14367099,0.19651864,0.06096584,0.44617575,0.1828015,0.6352868,1.831097,1.2774105,0.0026065821,1.2682179,0.07622478,1.3826324,0.13515988,0.024977924,2.9979174e-05,1.3841428,0.45037937,2.9742537,0.0,0.63793254,1.5664258,0.99534917,0.7214316,0.3575504,0.30418873,0.06610342,0.06991659,0.070552215,0.2883493,0.011341826,0.4297838,0.023567677,0.28258237,0.58298135,4.127039,0.09304829,1.8676875,0.3047927,0.5164778,1.1734045,0.06417597,0.0011440736,0.29925033,0.66115934,1.2759289,0.21620385,0.12753901,0.10453682,0.17721704,1.1537447,0.48619792,0.4607041,0.045148417,0.59999156,0.27642095,0.8860135,0.20037958,0.002692045,0.017455759,0.044977807,2.6570597,1.3478689,0.9137704,0.0,0.3549094,0.8587988,2.276546,1.4659859,0.0068363687,1.8868521,0.33967096,0.32942584,0.20300059,0.39945728,1.8953712,1.603827,0.22421488,1.5643481,0.4420624,0.9058088,0.33576867,0.12364674,0.24839239,0.61285686,3.061247,2.4897795,0.44041938,0.81296796,0.06974907,2.7561333,1.9472357,0.7041197,0.1614089,0.30779776,0.0141744,0.2868789,all_pothole_images\pothole_images_enhanced_04e69a5c1e7006daa20d1682a29ee5dd.jpg
2.0070295,0.50256205,0.5312613,1.301435,0.82885426,0.37319335,0.5863997,0.02563546,0.38747254,0.65455484,0.016048327,0.17118853,0.0,0.12760323,0.94285583,0.94160366,0.12520787,0.14648557,0.80717653,0.3909546,0.72811174,2.9133728,0.27273363,0.8674946,0.35598806,0.32219043,0.08460746,2.5042534,0.1454365,0.5524038,0.3449558,0.4299162,0.5500252,1.3185135,0.0027498924,0.3037658,0.21862859,1.1627557,0.42900154,1.7379843,0.055002697,0.072556846,0.07076133,0.7097811,0.5385836,0.35872588,0.091271274,0.07331575,0.07709175,1.8431486,0.78460366,0.18780173,0.45625243,0.42491874,0.14820284,0.1560866,1.0038382,0.2806298,0.1931733,0.017817445,9.4683804e-05,0.72950757,0.2976219,0.2118131,0.032352287,1.8341538,0.2244202,0.3203437,0.7306461,0.14418106,0.010554652,0.2449318,0.2610724,0.13691062,0.058250573,0.65457845,0.23063165,0.39751986,0.0,0.0,0.004597794,0.10502504,0.110712714,1.7377719,0.5553079,0.44904703,8.383515e-05,0.660652,1.4486831,0.4426324,0.16583496,0.0,0.037145313,0.01785066,1.2478262,0.33758557,0.58189225,1.0557841,0.33707353,0.15997882,0.009668922,0.2231658,0.81725603,0.089844495,0.014699769,0.0,0.00025483052,0.047203258,0.12695359,0.69049734,0.028549826,3.6676476,0.34638295,0.31511575,0.19801044,0.19512698,2.0023825,0.03600558,1.8742137,0.89834964,2.2735672,0.96879923,0.0,1.6480939,0.13870099,0.8453631,0.115213916,0.74211276,0.25192985,0.0,0.48604748,0.0,0.07512892,0.00074578135,0.11017848,1.0407553,0.00733999,0.69134426,0.15343288,0.014888883,0.011139406,0.011629658,0.07999328,0.81473273,0.07465662,0.07351707,0.04173523,0.09766271,0.4938365,0.17086639,0.9420662,0.16439621,0.08736741,0.089865685,1.3543042,0.24856365,0.15839188,0.81669426,1.6281234,0.44404435,0.4167502,0.295943,0.00974827,1.4387804,0.003514183,0.8213921,1.0941384,0.07423345,1.2976135,0.44687155,0.010223859,0.0,1.1609924e-05,0.11686066,0.5069631,0.0,0.23218715,0.0,0.59140766,0.06903228,0.0,1.5268178,1.8886495,2.4190247,1.3137984,0.39656353,0.13543881,0.2845722,1.4498774,1.631555,0.061181203,0.0,0.01775841,1.3327276,0.89320356,0.011250954,0.38713038,1.2022456,0.017502218,0.42330182,0.015216107,1.3193086,1.6661826,1.3655747,0.8272418,0.24808966,0.8102509,0.17760725,1.5926703,0.24431372,0.0,0.055324126,1.0411257,0.79919785,0.1029247,0.3199979,0.20232616,0.0,0.9061874,0.6143115,0.011285917,0.1598906,0.34363127,1.3955954,0.082599804,0.2185821,0.5520354,0.41739985,0.95651007,0.011325091,0.33332902,0.19966939,0.20209455,0.1623947,0.5798706,0.037289426,1.1166422,0.0,0.0,0.13138053,0.3178005,0.071017876,0.027430125,0.094324365,0.14154789,0.0018665921,0.5605046,0.002650629,0.29395962,3.7793896,4.8915906,0.561818,0.661187,0.56567013,0.046184715,0.41391236,0.74261403,0.3157497,0.44386038,0.9069574,0.0622643,0.09145433,0.47990498,2.260505,0.4070285,1.1264348,0.35308215,0.56198716,1.1480074,0.32204956,0.25190166,0.0,0.0052466635,0.21981277,1.0095341,1.476013,0.010016447,0.1034454,0.42306316,0.49191806,1.0128831,0.29597074,0.64849955,0.09363607,0.3950611,0.0038852678,0.820748,0.3064409,0.009975775,0.5242442,0.14384228,0.6790756,0.41585255,0.81641924,0.00089700916,0.06840114,0.67170715,1.6475446,0.3302665,0.7861955,0.039346207,0.6776774,0.09154655,0.5938704,4.101772,0.045759793,0.14392081,0.65984017,0.10664542,0.028377827,0.87095344,0.47734252,4.095741,2.1341674,0.012429784,0.46664822,0.26000002,0.46873286,2.3731227,0.3105297,0.2994532,0.017851971,0.22922151,0.064367466,0.012564931,0.69399273,0.50441533,0.1834075,1.0767361,0.17041492,2.832362,0.38692486,0.06965862,0.38676447,0.057891123,0.5736226,0.95614994,0.042957813,0.04752379,0.32336196,0.49406695,0.30826396,2.82474,0.16904089,1.013768,0.07860058,0.18237734,0.16694927,0.36961013,0.9254748,0.1296916,0.25416362,0.16136162,0.671539,0.2964563,0.56643933,0.070953086,0.68309003,0.35993212,1.1687242,0.13118081,0.21818717,0.07742112,0.21593992,0.055434432,0.59861726,1.4331392,0.2692801,0.17213121,0.1301556,0.76976824,0.0,1.3509196,0.10522051,0.32060236,0.06288448,0.71430624,0.18912944,0.27073604,0.019124066,0.09134917,0.022907203,0.7522953,0.40912414,3.9457004,0.5817288,0.9639418,0.0,0.013624999,1.8905166,1.1142823,0.71796924,0.26551145,1.5631154,0.0047986335,0.12173742,0.54791605,0.1724727,0.008621756,0.3799881,1.4955889,0.12556556,0.34704792,0.37308666,0.266669,0.05329684,0.7036522,0.26822844,0.28193504,0.039150257,0.26048523,0.21150208,0.43450782,0.8116347,0.15978648,0.061027836,0.7185982,0.053149097,0.59108484,0.2968526,1.9081986,0.23674415,0.3869175,1.3472041,1.8386495,0.020533182,0.72963405,0.2152778,0.1453366,1.2002122,0.3502715,0.26178682,0.300306,0.28653923,0.0,3.9267387,1.9899822,0.45882356,0.5376209,1.2263263,0.13641505,0.14142524,0.04484647,0.8402008,0.79114544,0.05998232,1.4928904,0.9386981,0.0181172,0.5783443,0.9675118,0.9385489,0.6313303,0.39299998,1.4872365,1.6548584,0.31128907,0.09972985,0.15830483,1.8382502,0.27462995,0.15745822,0.9279924,0.0017817487,0.305787,0.9447274,0.37137547,0.29851255,0.1373477,0.723007,0.4669794,0.63500905,0.16877504,0.043113105,0.38160476,0.15497732,0.03584122,0.87641096,0.25994173,0.3533567,0.5768252,3.681876,0.30913612,0.7488045,0.0012538348,0.05924497,0.47281444,0.40589604,0.8697097,0.07860163,0.014002318,1.6078018,0.041813042,0.28392702,0.0,0.0,0.20761466,0.060995027,0.039540615,0.0174379,0.3047485,4.921001,1.2472706,0.059378926,0.19841509,0.8453184,0.0,0.37966123,0.12385049,1.2296681,0.41015416,0.044299193,all_pothole_images\pothole_images_enhanced_04f04f6bc7412ac6a04f0009e3eb3144.jpg
0.72725844,2.5920014,1.2494754,0.44175097,0.3681323,0.74029666,0.21686575,0.0016560591,0.65084445,0.346048,0.25189334,0.83097804,0.7606391,0.95856553,0.025199104,0.331012,0.032618355,0.16904414,0.18913431,0.3034585,0.00078305294,1.319418,1.070328,1.4083755,0.34324104,0.38029853,0.54179,3.3130138,0.058874186,0.13512172,0.8751013,0.6644626,0.22920227,0.5929728,0.31505412,0.34128436,0.07525459,0.3231556,0.20186825,0.6287555,0.104452446,0.56597346,0.156842,0.04665291,0.5221565,0.0,0.90169716,0.0,0.055840194,0.028165527,0.1196615,0.51054525,0.8119614,0.17205594,0.1008173,0.052123226,1.3687185,0.8295803,0.37379017,0.090242006,0.08395088,0.58103216,0.41924912,0.34797007,0.14196774,1.0366396,0.7492358,0.38041675,0.21463472,0.44500923,0.7921776,0.9107279,0.62942135,0.22166076,0.023820201,0.87159956,0.4867869,0.1842743,0.0,0.37718448,0.19256683,1.8156929,0.03299248,1.8116299,0.34374264,0.86237246,0.22323565,0.010499812,2.9456954,0.49621704,0.02363617,0.104364276,0.053922467,0.17480768,0.23159002,0.011375127,0.017502012,1.0179794,0.04029522,0.0007961983,0.70425284,0.7151201,0.055271603,0.24236546,0.59304523,0.030519728,0.15642016,0.20963512,0.03991994,0.75516194,0.28933197,2.0265625,1.0062941,1.0366083,0.108790286,0.46475434,0.43922672,0.08972611,0.8006227,0.14193712,0.42378378,0.19084898,0.59133655,0.71575606,1.2469119,1.0381621,0.9497351,0.029749664,1.5131918,0.34729415,1.4536914,0.22306557,0.097688965,0.26523617,0.23335238,1.1190615,0.012008798,0.16271159,0.29460636,0.046055734,1.1200237,2.0475175,0.0456081,0.47802648,0.005868925,0.2866998,0.029498227,0.16532758,0.09875321,0.5498158,1.8063805,0.68518716,0.80875504,0.00087892916,0.53035474,0.041681536,0.027793344,0.2110636,0.13949446,0.015800906,0.80839384,0.8984073,0.12933221,1.6786312,0.31747875,0.15437227,5.859797,0.018057153,0.94650936,0.7404995,0.8351359,0.054786287,0.043302584,0.056852557,1.1211104,0.075811215,1.1370474,0.25440392,0.8656683,0.5291356,0.16977954,0.20551607,2.5593746,0.93407774,1.6246178,0.28551224,0.096243896,0.34502876,1.3348373,0.47601885,1.6662629,1.5365102,0.0,2.1937604,0.09626107,0.026737953,0.015718447,3.480318,0.0166999,0.39413735,0.21275312,2.388142,0.2821191,0.0,0.43300185,1.3275365,0.8040828,0.27582955,2.848258,0.7326915,0.056979973,0.8262019,0.858517,0.073692866,0.17024605,0.7553867,2.0043595,0.10162421,0.39634416,0.0039151534,0.9068344,0.00924508,0.19716561,1.5226766,0.10373246,0.007261344,1.4093539,0.04526466,0.42522913,0.152415,0.023468196,0.26477653,0.72189903,0.09135122,0.98398644,0.727693,0.31507304,0.0018518982,0.15699466,0.2885659,0.53912866,1.1088341,0.36980343,0.03841332,0.0,0.10286091,0.32850412,0.20311947,0.9728438,3.4810865,1.4271436,0.2956989,0.635173,0.010224132,1.6401969,0.0522403,0.8083837,0.13712883,0.5588318,1.1931118,0.060946543,0.51951975,0.10601607,0.009716002,0.10027204,1.3064376,0.5022056,0.60728043,3.105582,0.1096269,0.5214985,0.036353394,0.9639711,0.43267548,0.40341735,1.2205096,0.0727606,0.20409381,0.8438077,0.61723256,0.36370546,0.014591723,1.3339626,3.900588,0.57265866,1.0336325,0.21326835,0.71306235,0.23379862,0.35868758,1.572316,0.63671947,0.11408759,1.3400942,0.19320555,0.21457298,0.99776316,0.13725525,1.0333244,0.5319117,0.034232248,0.062442884,0.010295729,1.2908881,2.6012223,0.0,0.26944566,0.73731154,0.2612791,0.0,0.09793546,0.85040563,7.8621993,0.50150967,0.246717,0.4441709,0.11238245,0.9940229,1.1232098,0.68023306,0.51346356,0.17376296,0.06077656,0.7461661,0.1400199,0.6725619,0.29773545,0.09764865,2.1019778,0.052853666,7.8011,0.71785367,0.39696565,0.015618714,0.052192528,0.07315633,0.68031806,0.11585958,0.118419126,0.021970112,0.16038042,2.014388,1.2530406,0.3097866,0.23412248,0.27935788,1.3502642,0.69228846,0.027640693,0.6252575,0.0,1.2977234,0.07663188,0.22622268,0.39685,0.018698268,0.024907334,0.82183087,0.008058192,1.1141814,0.24530563,0.119026825,1.3274146,0.39748317,0.0,1.501387,0.682779,0.8080061,0.17759174,0.60827,0.16282316,0.67953926,0.18498062,0.13601063,2.2579257,1.7625582,0.68051136,0.81339675,0.014058452,0.04737129,0.017624812,0.16294955,1.0429094,1.4880078,2.8429222,0.066908084,1.3087409,0.088820964,0.0,1.7745433,0.15006573,3.4281316,0.7157153,0.25666955,0.0069361515,0.32877642,0.010474121,1.4402239,0.024066087,0.128212,0.2021135,0.34882405,1.0735332,1.913063,0.146004,0.66612977,1.4096885,0.22921814,0.16330315,0.2214313,0.48873782,0.46394908,1.8242165,0.21411814,0.7264024,0.11038854,0.48231497,0.4960658,0.17329776,0.1552296,0.19868214,0.03285217,0.67703635,1.8070986,0.3411394,0.6302552,0.68643576,0.9289847,0.014368435,0.7969129,0.26430288,1.021849,0.13709201,0.4338767,0.040656816,2.719679,0.09166998,0.6217159,1.2493335,1.0757722,0.07575788,0.025191467,0.103811145,0.13382573,0.3996,0.0937775,0.6934858,0.76561797,0.15146303,0.2366701,3.3505123,0.024261475,1.5956695,0.51929724,0.746344,1.2561531,1.4682688,0.94246763,0.064072944,0.4120456,0.17605367,0.052392595,0.061941344,0.048322473,0.31781223,0.5283718,0.0036672691,0.28067905,1.3825088,1.777088,0.6633327,0.121015355,0.16476564,0.29053313,0.5119279,0.15031783,0.07781845,1.8349937,0.5884145,0.13051374,1.0872471,0.6287466,1.125024,1.116509,0.0,0.8945964,0.37890422,0.7029776,0.15329055,0.21139762,0.32437682,0.6618015,0.047304776,0.0030388557,0.123308994,0.0023059673,0.8344125,0.02126412,0.04781267,0.2226971,0.24396992,3.6602325,0.73657256,1.1854411,0.07536296,0.7314339,0.022257451,1.6076031,0.63525903,0.59923273,0.38881385,0.19032161,all_pothole_images\pothole_images_enhanced_052ae80ce358ec2791bf7d66345aac0b.jpg
0.6940394,2.3637652,1.0762799,1.9327288,0.35363895,0.34993082,0.6359572,0.050805032,0.5679593,0.60406363,0.6729095,0.24513139,0.87399495,1.7761043,0.83163744,0.41584626,0.8790447,0.074955426,0.23038152,0.31966516,1.4436666,1.632476,0.35377225,1.2659907,1.1242357,0.961585,0.5775988,2.7011294,0.21691489,0.98192835,1.7678738,0.44607127,0.13381474,1.7201146,1.7050182,1.1359468,1.3736843,1.0770371,0.844559,0.8510956,0.21125783,0.06619946,0.95154303,0.90076345,0.95016724,0.95584434,0.11354269,0.3883067,0.95661074,0.28750336,1.299052,0.36544776,1.5681027,0.21491922,0.065868735,1.1536239,0.3656964,0.071332976,1.5293453,0.14292789,0.06493021,0.40280095,0.6677358,0.5729765,0.804553,1.3425499,1.0189106,0.46942884,0.7048365,0.08088854,0.95310616,0.86781794,1.0497856,0.40623134,0.6294475,1.1792766,0.15770578,1.176117,0.23454115,0.5114149,0.9051137,1.3869824,0.375413,0.3749827,0.78985643,0.6899931,0.023076758,0.52381337,3.6022985,0.73355114,0.5741663,0.069106765,0.2847077,1.5297048,0.8276761,0.09165967,1.0681195,0.5839481,0.8220103,1.0768442,0.09574087,0.5147246,0.0133279655,2.0093412,1.4616282,0.22780626,0.67527014,0.8256048,0.3407416,0.21988872,0.0,2.3210979,0.7917079,0.500421,0.81176555,0.36412227,1.8387432,0.44862798,0.4302972,1.3452082,0.8852763,0.34412822,1.1057817,0.19673692,0.72178155,1.0708146,2.013925,1.6372076,1.0251826,0.84189135,0.73931485,0.00068670936,0.0,0.019520784,1.3547691,1.3929831,1.7682741,1.2085681,1.0665344,0.30972898,0.6632639,0.8039271,0.036026817,1.1492213,0.34736526,0.7509438,0.41712683,1.0857229,0.8096251,1.0051192,0.91785514,1.494339,0.2102498,0.41908205,1.3639791,0.8092408,0.5384219,0.11015541,1.2401578,0.69667333,1.0521029,0.61179703,0.7213981,0.4757299,0.13588417,1.8598071,0.16821946,0.1824215,1.3251528,0.53949296,0.07164316,0.64100426,0.24353279,0.37112123,0.6725546,0.30702737,1.4210364,0.112779655,0.008579775,0.46023324,0.41683152,2.8400416,0.6446448,1.0246261,1.5034033,1.85368,0.00723365,0.58783287,0.63194776,0.2943442,0.6500581,0.9177878,0.68805414,0.45940623,1.1362519,0.21771662,1.1562246,0.3583917,1.5234334,2.3731565,1.6874688,1.071038,0.19799645,0.9184243,1.9489173,0.7445876,1.7772213,0.52504736,0.26769,0.04596563,0.14832471,0.13599591,2.555256,0.6129058,1.3664055,2.1723597,0.8461353,0.36527562,0.8166958,0.1755171,4.53154,0.08109652,1.2141026,0.7019603,0.6370842,0.6350254,1.749972,0.12958726,0.43878478,0.7942785,0.38228047,0.3052876,0.547358,0.8198313,1.4311697,0.26283333,1.6819072,0.15667495,0.49226254,0.89871544,0.6916077,0.67922,0.7438859,0.8609594,0.05121642,0.10930736,1.4549094,0.5040848,0.8577241,4.278193,0.5714443,0.6150447,0.59315836,1.4246742,0.27102572,0.0067741484,0.8286238,1.2776988,0.7899399,3.9227238,0.26522762,1.6278979,0.684709,0.35226384,0.875142,0.27824062,0.41809222,0.9748849,3.737527,1.5008258,2.0479798,0.08185587,0.5712232,0.67585176,0.90934384,0.7512134,1.1893706,0.8358344,0.8186814,1.6859281,0.0,0.54270685,0.42841104,0.36195377,1.8628379,1.6115226,0.50377524,0.65023524,1.1857215,0.2062877,0.5264666,0.006895826,0.19247437,0.78028435,0.8172056,0.5885025,0.6392485,0.79856604,0.7294194,2.7914667,0.16666248,0.5402827,0.0842577,0.3192477,2.5788584,0.33411974,1.0208732,0.4545241,1.0434722,0.06806787,0.82431895,1.2388997,3.216856,0.6268242,0.21504137,1.0810177,0.39599636,0.92374367,1.6126426,1.8551621,0.10547893,0.06291972,0.67615396,0.98922276,0.22781208,1.7144116,0.76132137,1.3873475,1.5270884,0.35276958,3.3720744,0.34163034,0.47147757,0.60074437,0.13406326,0.35871953,2.4274845,1.0049739,1.0169158,0.75734836,2.070011,0.5109512,2.008369,1.1866798,0.7021901,0.3409597,0.46686146,1.8453941,1.2134337,0.36971897,1.1163031,1.1618775,0.3365601,0.85002744,0.18062218,0.010407281,1.2862024,0.36635855,0.78887546,1.3837408,0.031169554,0.0,0.7544493,1.4438514,0.1192177,0.2685768,1.4370383,0.6213873,0.06955839,0.55548096,1.3365204,0.980647,0.4245391,0.22669181,0.7442991,0.42385244,0.0834154,0.11402029,0.3348355,0.7107368,2.3983777,0.30083984,0.31130326,1.2424214,3.8767767,0.9875421,0.33604258,0.49477336,0.63010824,3.568152,0.88301754,1.2442818,0.69277626,0.3778206,0.0991891,1.4952937,0.87680084,0.25572768,0.29939783,0.13852493,3.080315,1.0588194,0.5793257,0.24243282,1.3144765,0.67449343,1.5966465,0.2641577,0.29580146,0.12248214,0.2607667,0.52048546,0.8696233,2.1061254,0.10318748,0.08069396,0.48586825,0.5258107,0.7105759,0.108164296,1.3742234,1.076038,0.14326154,1.6875694,0.46840972,0.5266622,0.6175889,2.1528554,1.1645304,1.2725928,0.15504909,0.13175076,0.84317845,0.23816973,1.4824549,3.7928674,0.62316334,2.1014016,0.080389425,1.2482231,1.2542166,0.043571766,0.53312975,0.4232903,0.5775548,0.058707505,0.27959204,1.4286118,0.77250296,0.13057558,1.0206751,1.32402,1.3541876,0.46613172,1.2483726,1.1108569,0.83586484,0.53226316,0.6961999,1.1616466,1.0408666,0.18547827,1.4170448,0.3219481,1.6585304,0.3615078,0.7986844,0.1716374,1.4783452,2.6751907,1.5183986,0.35623676,0.6346152,0.2140502,0.13867617,0.31185904,0.61104184,1.7577984,1.571579,0.7511783,0.30781052,2.2940598,0.41762152,0.3336993,0.08509367,0.0,0.60095376,0.2260505,0.76844114,0.23591185,0.9057816,2.0573833,0.0044929367,0.4541046,0.24052392,0.32872868,0.14062434,0.0067283115,0.19166839,0.017118657,0.39428413,3.0125864,1.2324415,0.54447365,0.7864368,0.5623088,1.5317241,0.3400648,0.53624433,1.4295218,0.0063596484,0.32828867,all_pothole_images\pothole_images_enhanced_05709675bc2b7dde25572ad2391679f3.jpg
0.6976434,1.4002523,0.99002457,2.456817,1.1660435,0.12956847,0.3434677,0.0,0.48161867,0.4323633,0.20683207,0.76494926,0.07085885,0.91560227,0.23913139,1.3438308,0.14232218,0.019491434,0.0416263,0.023215102,0.32759038,1.6815009,1.7664604,1.4505595,0.5986365,0.5089372,0.018875124,1.809346,0.10223097,1.046392,1.9188783,0.07649579,0.645832,0.41174906,0.6676148,0.14508002,0.9685993,0.23194735,0.23859265,0.4445453,0.015700165,0.5400062,0.8974536,0.3142318,0.8744957,0.015021692,0.42832965,0.41010964,0.18819349,0.027698392,0.35676956,0.6955689,0.2130115,0.122843176,0.0,0.07755061,1.0714501,0.047380846,0.11640079,0.20596923,0.00040946793,0.22498515,0.5483678,0.4210911,0.39232764,0.31199378,0.35546038,0.1337491,0.07021471,0.04858176,0.25571302,0.00068532274,0.33888668,0.24955384,0.024331285,1.3699733,0.33236876,0.3097024,0.0,0.7795388,0.48653108,0.49666977,0.10131334,1.7233949,0.1697018,0.79745746,0.066671595,0.035661284,3.627881,0.5271774,0.09048853,0.05101991,0.016543599,0.031921785,0.24449274,0.040114712,0.21813326,0.7341533,0.020016208,0.3699621,0.19625247,1.6013453,0.38491237,0.41799188,1.2019823,0.0,0.12730771,0.071879044,0.47042483,1.9799935,0.020114524,2.2281826,0.6443887,0.719616,0.69912034,1.0245769,1.6652178,0.25202224,0.94208133,0.72042537,1.0075872,0.36975303,0.29818386,0.55667084,0.9009379,1.2901142,0.45632493,0.39575732,0.109142624,0.28584257,0.42376342,0.18107785,0.168273,0.011564628,0.15924892,0.19998913,0.097761594,0.2739084,0.04688331,0.0,0.33365548,0.5469229,0.19421886,2.2212427,0.29034817,0.6658157,0.11104358,0.64371914,0.17654637,0.46536842,1.0038463,0.30271822,0.7571547,0.48189855,0.7834232,0.28181198,0.2111852,0.19684096,0.5816104,0.5405205,1.0672323,0.32807446,0.11717635,1.4919065,0.3444644,0.4563358,0.9782051,0.02697119,1.389859,0.747149,0.012000169,0.32689315,0.3134714,0.07436852,0.6898267,0.43033537,0.81078523,0.0,0.0075746765,0.039284002,0.0168794,1.4491395,0.4886575,1.1020124,1.0098009,0.069662035,0.16002162,0.052554738,0.7044919,0.63531643,0.9238477,0.4371725,0.18665601,1.6572654,0.85845137,0.23350522,0.315253,1.8526211,0.3684841,0.27188802,0.79169166,0.29513937,0.0,0.07237387,0.19316374,0.24937847,1.0387796,0.20683527,1.8834485,0.16521914,0.359468,0.45635924,0.48031288,1.1062797,0.6563633,1.4130312,0.49508658,0.0,1.7300926,0.11229545,2.410167,0.0,0.23232016,1.3881949,0.23290719,0.18072754,1.3511429,0.3658395,0.9872709,0.089012034,0.25605962,0.5253237,0.17382789,0.020616027,0.52931243,0.04994243,1.8430662,0.083126165,0.80017495,0.280692,0.37753695,0.016400723,0.5889885,0.39227548,0.03212846,0.0,0.49585584,0.068527,0.50588983,2.961323,0.47561204,0.1950369,0.052414473,0.001075269,0.4471232,0.00031700014,1.510683,0.016761191,0.33857813,2.9335282,0.7850882,0.7902407,0.6321749,0.035529964,0.3998839,1.5666932,0.2844992,0.11578758,3.4741826,0.099485315,0.26159596,0.0,0.19710918,0.44866973,0.07644706,1.546137,0.002770448,0.549639,1.0801922,0.4753231,0.014874166,0.3119292,0.7530217,0.47003257,0.2576152,0.36408797,0.29104677,0.65052855,0.47434554,0.008678446,0.21921015,0.48753285,0.24534544,0.85085744,0.21646509,0.4937016,1.2634884,0.31641632,0.0,0.69925016,0.33564058,0.17872216,0.029286373,1.2155174,4.057927,0.033168893,0.30585587,0.4490153,0.4761158,0.18450122,0.4463157,1.6089717,6.2054405,1.550008,0.41933745,1.4086996,0.0,1.628818,0.90958565,0.24172191,0.48241517,0.4861878,0.5200464,0.4780126,0.24297886,0.15510711,0.88470626,0.7111145,0.7616359,0.141516,4.181912,0.1513677,0.0,0.3293397,0.015051086,0.19566117,1.0475069,0.44746718,0.8057109,0.014051847,0.61372286,0.83009523,2.0226984,0.01982234,0.14465353,0.074644655,0.5174723,0.02775145,0.05258508,0.26346275,0.011293264,0.6206114,0.28023964,0.32964286,0.14265837,0.0034777038,0.42804983,0.27039942,0.1450495,0.78183293,0.5481435,0.3979085,0.8383006,0.41907328,0.031333946,0.33701137,0.39691442,0.017428158,0.74279743,0.513853,0.17388836,0.4295711,0.19722919,0.027201766,0.78309554,0.26061317,0.28617522,1.1289024,0.31579742,0.26130685,0.5865549,0.040161483,1.1756054,1.2856556,2.5660129,0.8951682,2.4253786,0.08419971,0.04952773,1.320689,0.36525232,1.6048316,0.020654924,0.059898347,0.038404685,0.61319536,0.7754224,0.2937844,0.0047257375,0.00636347,1.1139594,0.97150534,0.96435225,1.3588412,1.4621508,0.2538502,0.71062654,0.25124878,0.08358679,0.036817424,0.768231,0.18750384,0.7709999,0.1756431,0.018530402,0.115599416,0.29338455,0.9065775,0.5334536,0.081952855,0.90723777,0.13969968,1.1523302,1.1967043,0.8269491,0.43300748,0.67727494,0.58726364,0.6849988,0.617907,0.43682182,0.42608908,0.13291907,0.60679334,0.033651944,3.6761618,0.44359386,0.39543322,0.20521832,1.0977794,0.52868354,0.11815748,0.16571695,0.06025728,0.038768116,0.0,2.1552422,1.1782056,0.26477215,0.4933206,2.1954644,0.14903252,1.8999377,0.5796371,0.4299119,0.40458274,2.7939446,0.379916,0.15085934,0.9103424,0.79278237,0.26548895,0.13115753,0.016621819,0.51261467,0.43111706,0.045003198,0.046528198,0.44595048,1.7809305,1.2547218,0.060415816,0.055252396,0.66683227,0.20153369,0.11461793,0.43265858,1.045737,0.21596077,0.7574573,0.69397557,2.0250692,1.9703459,0.97831607,0.010099006,0.7225228,1.1052448,0.3756263,0.72159755,0.12305985,0.19586585,1.9507792,0.04350395,0.0,0.0,0.010710579,0.6221428,0.14130333,0.0,0.24716234,0.06422484,5.013384,0.53806615,0.3905159,0.23279232,0.2566944,0.00032591732,0.5095805,0.32903868,1.0619873,0.14578867,0.08107565,all_pothole_images\pothole_images_enhanced_05933cad35ff3efe3beac974056c86bc.jpg
0.9148998,0.86975425,0.07338713,2.3928926,1.3506889,0.16947189,1.455607,0.41772184,0.46923515,0.5692081,0.6751997,0.2867218,0.0637985,2.2253504,0.40451065,0.024143955,0.10935209,0.46983057,0.32259515,0.03404001,0.47195065,0.9725298,0.41729903,1.2575475,0.48337725,0.66242325,0.094299555,2.6031988,0.18808945,0.24783891,0.32076517,0.1767464,1.1275344,0.73768395,0.35552642,2.326666,1.0029343,0.1671077,0.68773603,0.18781112,0.073602475,0.15358469,0.24975859,2.2212045,0.24745789,0.3016176,0.354729,0.671536,0.90662766,1.2110202,0.09557734,1.4046118,0.48578465,0.37271848,0.6295249,1.7296273,1.4304278,0.14235039,0.38880393,0.36070266,0.35622954,0.6932885,0.5679346,0.8577736,1.7408167,1.2417536,0.12209935,0.258291,0.35159382,0.64925927,0.03769094,0.027428858,0.34453002,0.14228958,0.52504766,0.34629798,0.010500873,1.0106363,0.17159519,0.4818771,0.21325843,0.7636848,0.464177,0.5100384,0.29333875,0.004180336,0.0017188499,0.023752017,1.8776182,0.23152965,0.67268485,0.9904435,0.6596485,0.20168857,0.1495967,0.008755253,1.0144981,1.2307242,0.4409639,0.16795456,0.0023470153,3.2956269,1.5911356,0.00982698,1.2381916,0.010832524,0.48689663,0.18718995,0.88479817,0.4296321,0.42283612,0.738218,1.7350217,0.8113783,1.016625,0.9100317,0.46746367,0.39184043,1.5966156,0.72817254,0.7178455,0.037076734,0.8081986,0.9803135,0.7646067,0.31326824,0.15190242,0.99504936,0.9493973,0.15925151,0.2501857,0.27274087,0.20931646,0.004308767,0.24975081,0.66638976,0.024459366,0.17390132,0.37721485,0.5736699,0.96370685,0.049554434,0.71505845,0.70963085,0.88758504,2.4861162,0.25381735,0.6865944,0.197775,0.081764996,0.23431684,1.4730785,0.057989858,0.11127322,1.8919207,0.8447505,1.0991564,0.0051343925,1.7414446,1.1592151,0.72056323,0.5961979,0.1491208,2.5874658,0.43392664,0.10631442,0.12611727,0.41810587,1.4703366,1.09707,0.4404885,0.121129796,0.011843677,0.3602824,0.65879756,0.7554761,0.879054,0.016637964,0.061817084,0.17175557,0.19040331,3.8652916,1.0549148,0.8760026,1.2516434,1.5010297,0.559558,0.25204155,0.20507158,0.6707514,0.44596574,0.017867254,0.28459147,0.40638077,0.46661264,0.45086545,2.3108168,0.51244354,0.39296818,2.4817464,0.12833828,0.8655724,0.14480568,0.7760906,0.14464113,1.0297253,1.1004546,0.5417468,1.0858847,0.36695993,0.0,0.13209842,1.1675682,1.2767534,1.5030869,1.2002683,0.24458447,0.07939537,1.7087555,0.54091567,1.3211303,0.0006196303,0.8431898,0.10347302,0.0,0.18908846,3.4632282,1.0522045,1.577122,0.39876878,0.005033785,0.12647635,0.4354671,0.43542284,0.17110354,0.0,2.3780286,0.31321055,0.24381708,0.1668352,1.1170533,0.16216752,0.08735191,0.014190366,0.124324135,0.0,0.57916886,0.9068932,1.6807599,4.147274,2.2822914,0.2365375,0.038541753,1.4749272,0.39470392,0.07289129,0.75718445,0.66335154,0.3558218,3.7962081,0.5156775,0.33884656,1.5326054,0.11094061,0.48657623,0.07245656,1.1481477,0.69840926,2.6787465,0.06443373,0.23095885,0.0,0.11698619,0.19162843,0.35928637,1.0670826,0.14990523,0.87071073,0.6359281,0.16490929,0.027938105,0.32708618,0.3480861,0.041848827,0.008828034,1.0326259,0.54044724,0.8025669,2.8460264,0.438287,0.07237021,0.46145645,0.2961379,0.7414441,0.105195805,0.16355899,0.028418927,0.11576561,0.5033161,2.0150552,1.2034677,1.0120974,0.004524159,0.5362062,5.362821,0.043015223,0.3802377,0.002480495,0.326445,0.46147886,0.52341735,1.3415622,0.6050709,1.4179931,0.1595895,0.56982523,0.08463505,1.4617057,4.9377465,1.0971272,0.64795,0.005572524,0.1501111,0.73995095,0.59263897,1.0224266,0.8275338,0.13283974,0.5466098,0.2091175,0.5133777,0.30204627,0.03639208,0.077017576,0.33757132,0.0,2.6638105,0.0011988013,0.9359783,0.60440326,0.65979034,0.3065085,0.61829674,1.9038182,0.659222,0.18638365,0.19069958,0.8170245,0.14688206,0.34565812,0.510704,0.29750657,0.44699097,0.7373488,0.580694,0.13815722,0.44061056,0.34527713,0.9769067,1.3039149,0.346108,0.63580954,0.5705518,1.342864,0.0564053,0.06593183,0.8092659,0.536889,0.11481015,0.5382933,0.59189403,0.0,1.3253291,0.1232942,0.63933206,0.6030437,0.10385063,0.0001986143,0.5984576,0.9604531,1.7597979,0.0,0.10538192,0.72057074,1.7577846,0.65613407,2.6013832,0.22693229,0.26964304,0.56987464,0.97249895,0.5374562,0.5802913,0.0128840385,0.058351554,0.560413,1.6323401,0.88009524,0.013416443,0.0010497989,0.41891822,1.5079595,0.24256669,0.8718021,0.69420826,0.1345271,0.90101624,0.67745066,0.39763656,0.27278087,0.35919416,0.58141744,0.13453661,0.5667432,0.12342311,0.25192907,0.9523921,1.3008709,0.8478106,0.010127413,1.900759,1.8362519,1.157456,1.4859569,2.3799417,0.6900834,1.3131821,1.427233,0.40776446,0.84980506,0.4421035,0.43374836,0.60138863,0.4836642,0.6967041,2.041659,0.36241424,0.42848757,0.047686495,0.67866373,1.0046164,1.0758016,0.90741855,0.03897509,0.014532972,0.018979313,1.2033445,0.30465585,0.98778206,1.1129992,2.8639317,0.21416944,0.7225479,0.71152884,1.297699,0.40572816,0.7295606,0.18838571,0.12753999,0.3173362,2.753754,0.77126503,2.2259104,0.13106178,0.5565406,0.055121336,0.0022581008,0.035092782,0.07568183,1.1493797,1.5032482,0.7915765,0.18952583,0.41443107,1.3181747,0.5409856,1.4637903,0.9260018,0.7602974,0.24758084,0.7166112,2.2625206,1.1831903,0.70333594,0.015987987,0.008069664,0.839976,0.37317467,1.4604224,0.056997444,0.5192885,0.8850082,0.13319525,0.059883393,0.08881439,0.09536001,0.17423686,0.001127582,0.1619187,0.123592705,1.3057302,4.212093,0.11992554,1.1861014,0.21846199,1.7641054,0.21037829,0.16163944,0.0,1.4606795,0.035111744,0.15820363,all_pothole_images\pothole_images_enhanced_063d4a8757cd8657623740903b61fcae.jpg
0.22758028,2.07353,0.46274108,2.5459394,1.3384116,0.8098356,0.76941174,0.010935012,0.25633657,1.2067139,0.359433,0.22542875,0.07747107,5.5995955,0.21172138,2.0815961,0.47634894,0.7227155,1.5879921,0.88367116,1.935695,2.1597188,0.8448949,0.37052858,1.4547093,1.58654,1.2544421,3.2561698,0.5549924,0.5721687,0.30573267,0.43305853,0.5683909,0.491463,0.13769378,0.8308826,0.1386838,0.63742024,0.119129956,0.20306018,0.4461295,0.48425233,1.3307582,3.2584577,0.33748665,0.05124288,0.044936903,0.102535345,0.49781013,0.5481233,0.49749556,0.2387703,0.10411672,0.8774409,0.2012965,1.0229383,1.8801941,0.18710488,1.2344636,0.13589957,0.9794808,1.0285404,1.1492558,0.35064518,0.6834893,0.5101275,0.40143305,0.1391374,0.19327217,0.35722125,0.97279996,0.23102488,0.028710116,0.4898072,0.5215191,0.36650455,0.5835017,1.3659176,0.35485676,0.36527953,0.21718895,0.18905252,0.59621465,0.63835216,0.0302019,1.5261207,0.75379026,0.043034315,3.1651688,0.5380352,0.39270255,0.38497376,0.31512302,0.6247802,0.91059595,0.036688764,0.54687685,0.5644336,0.9995367,2.04319,0.036808465,3.3090882,0.27846876,0.013060653,0.7108886,0.27414268,0.40806022,0.18140006,0.12521851,0.46315983,0.15146884,1.8993182,0.29502332,0.03143352,0.8037453,0.508292,0.82318676,0.20063362,3.0781848,0.44357333,0.5434804,0.21297169,0.6571357,1.1703926,1.3556708,0.53247094,0.63445497,0.4412917,0.07699852,0.43292165,0.99507535,0.063905016,0.5627033,1.1385682,0.18732804,0.43857816,1.0377308,0.48382053,1.9405181,0.11442946,0.3826298,0.10202555,0.5404178,0.92951494,0.013418556,0.62376744,0.102193676,0.027755324,0.57350284,1.4354374,1.28815,0.31907016,0.39948756,0.75460863,1.0152589,0.68108493,0.47336522,0.207494,0.78157794,0.19183223,0.49157676,3.118314,0.72523487,3.4064,0.715918,1.177758,2.9694736,0.5424414,3.3382285,1.1006306,0.74934286,0.38590404,0.62075806,1.4732524,0.91404176,0.14422072,0.57235235,0.30558816,0.26697442,0.5095482,0.23132014,1.8690917,1.5974594,0.39506042,0.81197566,0.2908608,1.0304198,1.8907202,0.35335058,1.5039325,0.9140321,0.73359805,0.021033242,0.15186137,0.679375,0.28828728,1.8720145,0.7142167,0.36721548,0.22942686,0.29078546,0.47241375,1.2591754,0.1679155,0.33710384,0.9551814,0.28851482,0.38494834,0.18490505,0.36373436,0.06947717,0.014286643,2.128125,1.6271785,0.7976173,0.6161245,0.8284688,0.013463256,1.0353508,0.5048946,1.4245241,0.018161187,0.52874386,0.9908603,0.51092434,0.5388987,0.45074517,0.30460826,0.29396856,0.2804332,0.25410536,0.70285565,0.80163586,0.2688857,0.25936002,1.0124636,2.0237324,0.16340385,0.02593427,0.7736211,0.29218286,1.0434434,1.1652712,0.38567936,0.56346315,0.039062276,1.0740908,0.1427585,0.631669,3.728067,2.9987462,0.87617224,0.045669,0.8851012,0.53374225,1.3750327,0.1830073,0.9284392,1.6703188,2.097317,0.25310698,1.0799026,0.24541855,1.0835634,0.01104149,0.13730046,0.7046144,1.0632148,2.0802412,0.5653359,0.27069005,0.0003924175,0.9019948,0.021883316,0.5007127,0.80561453,0.07970642,0.4184695,1.8152399,0.3532897,0.7703118,0.4772713,0.29636562,1.9222902,1.1346372,0.7331304,0.6310192,0.70192087,0.99704885,0.3054099,0.12632707,1.5290799,0.23067367,0.4835792,0.6024958,0.59015286,1.0238606,1.101957,0.91709733,1.1859398,0.8039353,1.1844428,0.15416834,0.45292398,4.5012145,0.25419387,1.3983666,0.21509174,0.6696165,0.83024114,0.7467913,1.2268151,2.2948895,0.50624114,0.3178112,1.0767672,0.63043576,0.8815861,2.869139,0.29720998,0.017349683,0.986799,0.16791542,1.3665502,0.7389458,1.2744662,0.5635644,0.74702376,0.37440354,1.576264,0.27477607,0.23012963,0.04188628,0.6246475,0.25739038,0.38535705,1.6218219,2.2285466,0.22252095,0.94010913,1.1018826,0.8720538,0.92962193,1.0249825,1.0261388,0.011365372,0.071523644,0.18580458,0.8544193,0.7107708,1.6561369,0.21980298,1.0789512,0.30319092,0.7468427,0.024670977,0.3453054,0.5724191,0.6326863,0.6097668,0.15565938,0.07732653,0.4461876,1.6416657,0.56124365,0.18013103,0.86584854,1.653009,0.0039004586,0.67966586,0.5764853,0.12874453,0.2835335,0.23280863,0.12480005,0.56302035,0.04403126,0.03402434,0.14855665,0.13122486,0.8585828,0.5014154,0.163011,0.49268582,1.0999475,0.6879308,2.6702468,0.23916653,0.4612979,2.4516485,1.1473982,0.24524829,0.26322457,0.50125337,0.6314523,0.15943329,0.21350428,0.10680434,0.45656663,0.009047728,0.45760578,0.22418976,0.045462735,1.2335342,0.40086395,0.53844523,1.1969827,0.89820844,0.2123466,0.5678401,0.15880185,0.50818706,0.7361168,0.53553987,0.0083046695,0.2331952,0.57731676,0.86551994,0.08281461,0.49572474,1.7254496,0.17018104,1.0631058,1.9619324,2.36416,0.2657259,0.6312755,1.548468,0.55069804,1.3582486,1.068138,0.57144344,0.38270333,0.25709587,0.25314978,2.0927289,0.60454965,0.3228356,0.23201452,0.29683664,0.7099817,0.41867206,0.3643749,0.021063464,0.7675382,0.53856695,2.2162905,1.703806,0.16172406,0.2990246,1.1384066,0.52821946,0.55933964,0.09184238,0.8214312,0.53284293,1.4948207,0.6105817,1.5433402,0.4502355,0.35917765,0.21987009,0.77655435,0.062132455,0.6782276,1.6127048,0.9073525,0.15147428,0.33732426,0.45614648,0.24484292,1.4212817,0.7900978,0.08426633,1.0783743,0.057385255,0.3011578,0.68416375,1.3550407,0.10330271,0.57922024,1.5843167,0.8819169,0.14318363,0.090187185,0.6817675,1.2051744,0.4480221,0.77913564,0.10684096,0.42394504,2.1217675,0.20108524,0.55339503,0.028064538,0.14720567,0.14066978,0.55712825,0.16440609,0.3884494,1.4307165,1.2077826,0.19934167,1.3367993,0.8928895,0.26518363,0.37823096,0.07821539,0.25452116,0.33341816,0.22961219,0.49223536,all_pothole_images\pothole_images_enhanced_063ead4cbfad7933e46ca4cf0b08887c.jpg
0.05481778,0.9060588,0.075517505,0.7879884,0.5388904,0.31789175,1.1876767,1.5440989,0.5998913,0.41033977,0.33545762,0.7708378,0.09819027,0.317832,0.095773995,0.12101104,1.4249387,0.016776089,1.1905905,0.28688157,0.31140715,1.5709429,0.09836311,0.8143729,0.626826,0.7014928,0.9782041,2.9392104,0.036945835,0.5002826,0.7372994,0.26796567,2.2637694,0.42328784,0.7441274,2.0325148,0.061508704,0.3595162,0.3232701,0.31305566,0.0,0.0057825632,0.0,3.3504713,1.0444854,0.20166223,0.06366281,0.63807833,0.3629914,1.7586701,1.0472469,1.3930916,0.50266176,0.040617045,0.37376055,1.3156377,2.02545,1.6391025,0.11070185,0.09203658,0.060306977,0.052658606,0.75382215,0.582366,0.8824575,1.2410374,0.72784865,0.11819907,0.09600764,0.55745023,0.16266549,1.3521547,0.09029337,0.0091655115,0.13722254,0.050108913,0.11765915,1.4285533,0.21827392,0.058728557,0.70711505,1.2274096,0.10566534,1.0331832,0.820414,0.63757765,0.06929614,0.067393996,1.3849701,0.324514,0.026052522,0.87299484,0.2703818,0.54076535,0.2725601,0.0,0.02840574,0.45751673,0.17381929,0.084220394,0.037457436,2.3294888,1.6620977,0.23059966,2.0961754,0.012620402,0.19698088,0.022228539,0.09603362,0.04510645,0.11925942,1.4533803,1.5763866,0.18351112,0.5406519,0.5149288,2.0800297,0.25085914,0.44548953,0.45534644,1.9833778,0.9164536,0.5659012,0.7156754,0.5546687,0.197417,0.18679485,0.33976698,4.553333,0.12578826,1.1474928,0.526979,0.5440399,0.36427,0.6233175,0.768819,0.10094975,0.009072431,1.4701372,0.62750036,1.0918183,0.009174696,0.8192373,0.25132945,0.31795964,0.97350264,0.44522455,0.98093075,1.7233571,0.27568695,0.34326637,0.6601578,0.07034675,0.28385285,1.5763483,0.25186682,0.4249807,0.19110054,0.45988432,0.16868356,0.6508225,0.9813223,0.03658772,0.28788784,0.0490444,0.0,3.159483,0.28661984,1.7960246,0.37448394,0.00873646,0.012972507,0.0030989372,0.6136446,0.47687864,0.10009601,0.34529018,0.035852797,0.45886213,0.11655133,0.40550742,0.3789757,5.854539,0.29603356,1.1476995,1.0078019,0.14435345,0.33260936,0.041208893,0.2744198,0.9239155,0.056518435,0.3121821,1.5550529,0.07169237,0.20338792,0.003175792,0.13830741,0.13941672,0.119072504,0.39550635,0.42037544,1.815562,0.81204885,0.34655958,1.0654317,0.10413888,0.0627353,0.856582,0.08384636,0.32158738,0.49470574,0.2218429,0.2856007,0.8439535,2.8602314,0.6545977,0.42112705,0.58313423,0.6423941,1.1825304,0.23514046,0.41776392,0.088224694,0.09380605,0.46662676,0.26715037,0.11133328,1.669216,1.6069787,0.24080229,0.15266195,1.4236854,0.18388654,0.7186946,0.09358479,1.6119992,0.4038023,0.0018038963,0.05813865,0.18934634,0.79783326,0.49616173,0.20059982,0.18489379,0.08600492,1.5328244,0.055284593,0.52361816,2.6644104,2.2597435,0.5837927,0.697073,1.0703229,0.36774895,2.4409118,0.5920828,0.013856204,0.059827104,0.22395974,0.17815883,0.84826344,0.46176103,0.097588904,0.5904794,1.0780224,0.9166915,1.1449976,5.0634966,0.20661132,0.009567342,0.0,0.10524887,0.24980313,0.12656271,0.04118923,0.12855475,1.2758085,0.25493005,0.30449903,4.373695,0.114691004,0.6439015,0.92790747,0.2029521,0.5206442,0.29754338,0.24603605,3.0689042,0.48926538,0.12409755,0.3632707,0.27755374,0.5420517,0.04021492,0.00050029944,0.34877956,0.049245007,0.65599096,1.2903199,0.35393137,1.0263821,0.13705352,0.18036067,6.742886,0.21691585,0.02938778,0.1427046,2.809062e-06,0.31403908,0.68380433,0.53537977,0.8919749,1.0743563,0.51950884,0.5374772,0.05548927,0.4893503,0.88101405,0.1731265,0.91284144,0.25317073,0.18642807,1.1520119,0.86565965,0.66150266,1.42788,0.036471285,1.2693931,0.085752696,3.7916696,0.3696213,1.071619,0.14277314,1.044334,0.14747317,0.6941177,0.089551985,0.32168144,0.3235554,0.51002216,1.629657,0.17526653,1.8234156,1.4915693,0.15966806,0.03825611,0.6580945,1.2051523,0.0835494,0.6795546,0.2589843,0.1903196,0.47391352,0.09094668,0.20950752,0.23998359,0.86804277,0.40185884,0.057585344,0.051925644,0.0,0.40954736,1.154957,0.06593662,0.20103648,0.91878897,0.76726335,0.7317526,0.17156531,0.11123354,0.010293814,1.6477107,0.015490616,2.0502665,0.3960671,0.9040286,0.18078345,0.30276948,0.4766349,0.07895536,0.19195178,0.13929553,1.335224,3.2780259,0.0,0.48899922,0.043136586,0.068706915,0.13596109,1.3096919,0.5090784,1.1864384,0.8607881,0.2007837,0.021039408,1.0790215,0.63467914,0.3603876,0.3624466,0.12801829,0.51115036,0.47634652,0.3394797,0.13909085,0.15837765,0.011840489,0.8168481,0.13149014,1.16902,0.10113125,1.7476084,0.17808592,0.02401456,0.22232966,0.6562509,1.2035555,0.8645969,0.8930642,0.08397962,1.5427783,2.5949543,2.298179,4.1077003,3.2113042,0.9677082,2.7721376,2.4557805,0.033538196,0.15074673,0.30407935,0.40609664,0.0,0.0068555595,1.0595447,1.4532785,0.18810095,0.09901614,0.92008215,0.9491685,0.04646253,0.37358284,0.038805973,0.009055966,1.0275708,0.50371903,1.234345,0.05418833,0.46187592,0.47660717,1.5102037,0.4592232,0.0075391512,0.53931963,1.5099694,0.21963547,0.027715836,0.12389199,0.23776437,0.35700136,1.7944093,0.74068356,0.45267642,0.0,0.25154692,0.008982146,0.5110192,0.12433727,0.36199644,1.164628,0.20168261,1.5079316,1.179452,0.74203956,0.29893816,0.089772776,0.26769236,0.7730222,1.2206993,0.06318329,0.15728588,1.6509035,0.31449145,0.25097978,0.45073813,0.0,2.1679077,0.62720734,0.17135248,0.09587169,0.2705918,0.83265114,0.5297189,0.105046906,0.0008583172,0.0142563665,0.5825548,1.1022604,0.57018495,0.053272024,0.1419332,1.9289771,1.1629423,0.44785464,0.048440535,3.357433,0.94612104,0.22661972,0.42273498,0.14196983,0.51575834,0.14620072,all_pothole_images\pothole_images_enhanced_068ed912ecebbb492393c99a814e8dfe.jpg
0.8743764,1.2055508,0.65011144,0.89715105,1.4142481,0.016846564,1.6650743,0.4555943,0.72232103,0.64882797,0.66004676,1.0501187,0.7692424,1.3169256,0.14678216,0.52254945,0.2765579,0.7424607,0.16792671,0.70586544,0.10373246,0.54382837,1.7274734,2.621338,0.14243647,0.09185636,0.21021794,1.4382254,0.051496234,0.2070789,0.680821,0.12907091,1.9771012,0.5235843,0.7288224,0.62961465,0.37279868,1.3511138,0.042298563,0.507217,0.46419087,0.43282014,0.24348898,1.2197292,0.40652582,0.72492075,0.46435955,0.49003562,0.5437544,1.0536385,2.357342,0.36475477,1.684271,0.20909391,0.7795814,0.7730912,0.94787574,0.37057075,0.8115543,0.1674069,0.53754544,0.10564344,1.2388527,0.46362808,0.954521,0.59925795,0.8316099,0.22205617,0.003500097,0.15461603,0.066356465,0.97855794,0.119643226,0.022957254,0.20157643,0.2519556,0.55758506,2.2882853,0.101870574,0.16903655,0.42384073,1.0923645,0.24178913,0.79294306,1.843416,1.3438148,0.7489607,0.2218567,1.1117452,0.15296817,0.16929819,0.5628037,0.87497735,0.74336267,0.1977518,1.0783051,0.5693067,1.6146746,0.76270634,0.73588365,0.29697582,2.1084177,0.58570826,0.41274202,0.4175044,0.6917958,0.21089439,0.3144606,0.2025286,0.6384654,0.46692002,0.42259842,0.2761934,1.1927806,0.52261573,1.9076446,2.0937014,0.4823485,1.6890891,0.76935065,0.38089645,0.5302313,2.4504519,0.55130595,0.22068821,0.53445977,0.06203333,1.6186973,1.790389,1.6286261,3.0992792,0.7201459,1.0815654,1.1080122,0.051613662,1.6670564,0.12890175,0.47064182,1.2255836,0.9230751,1.3943982,0.3968548,0.52691793,3.4091146,0.583373,0.6918388,0.13382958,1.889759,0.83816665,0.80927944,0.9433937,1.2382934,0.2947646,0.0639882,1.0688303,0.9966455,1.9289002,0.30615646,1.175679,0.02667398,2.1008284,1.2948412,0.13765927,1.7234812,0.5393252,0.27474025,0.44380513,2.9809754,1.0753884,0.3785342,0.9939599,0.051779643,0.3189855,1.3965298,0.8408937,1.0485464,1.537807,0.7486806,0.030267641,0.69026315,0.09772503,1.030203,1.0634751,1.8796817,0.35821286,0.24685112,0.8323418,1.7948284,0.26931903,0.18538539,1.2743517,0.13251764,1.3683289,1.6981628,0.13816312,0.28428018,1.3327731,0.18017963,0.50463796,0.5401601,0.243676,0.5313304,0.86284244,0.34995288,0.75697845,1.7928636,1.5899439,0.69652134,0.7191232,0.28084502,0.2898011,0.35704568,0.4324906,1.4133959,0.4444717,0.3669446,1.5599957,0.1596173,0.8825871,0.11924658,1.5435061,0.38497955,1.0776857,0.5051254,0.03444023,0.45217004,0.7279315,0.41735923,0.5741057,0.32774562,0.11765606,1.0954093,1.2939782,0.3375674,0.7597802,0.5373537,1.3848417,1.0374432,0.15370893,0.6129413,0.87460387,0.1759425,0.41683757,0.23588881,0.42657527,0.24608004,1.1110306,0.23153733,1.0156987,0.89885074,1.3249862,0.17305364,0.10213782,1.7396532,0.113441184,0.9411456,0.19431092,0.2567798,0.20552853,1.6270256,1.7989756,3.1470077,0.7715453,0.4337302,0.07000471,0.19553995,0.42160407,0.6390173,3.142045,2.087927,0.13496016,0.8678947,0.032843977,0.14359431,0.052278202,0.87365955,0.5379514,1.2797408,3.7239852,0.34509823,0.26029858,0.25105584,0.38539866,0.4572897,0.6378326,1.0431788,0.5460303,1.7434019,1.9888389,0.56925046,0.8389436,0.9904718,0.58820766,1.2689689,0.17814258,0.93084884,1.182616,0.20265308,0.4922835,0.68926847,0.4075884,0.5215078,0.31211,0.42785978,3.4668822,0.01816281,1.1622654,0.29116395,0.48925287,0.5151423,0.5076757,0.74257445,1.3918921,0.9739716,0.28338188,0.23915108,0.00010334267,0.21039915,1.5031873,0.54075706,1.4084307,0.38596973,0.68383116,1.1188934,0.52534217,0.31486627,1.1429163,1.5740229,1.4110013,1.229116,1.6486051,0.09512777,0.75187695,0.60289615,0.9262905,0.4072483,2.1944141,0.6592997,0.14597778,0.058556926,1.148971,1.0886918,0.5627996,0.22414687,0.29214343,0.39372298,0.5389918,0.6787512,0.36891574,1.0144727,0.18785037,0.79341286,0.40491477,0.11610633,1.0574932,0.055699117,1.2911142,0.59418243,0.43567142,0.7513888,0.5342109,0.30417186,0.6176852,0.6595563,0.039625637,0.36101088,1.4755235,2.6658022,1.0445445,1.0256615,0.48581994,0.30690178,1.1952804,0.6832594,1.1971909,0.3828123,0.42327353,0.5707578,0.6082069,2.5864968,0.9670108,0.29495305,0.9079215,1.0571629,1.5855778,1.1946048,3.5491638,0.25681704,0.12580861,0.37534407,0.58215386,0.4124964,0.5094667,0.54556173,0.2107335,0.55660045,0.73456544,0.66364896,0.69335514,0.45697275,1.8356944,0.9005386,0.7515003,1.5020372,0.59612143,0.20193306,2.3571749,0.0837667,1.421334,1.2018989,0.29871216,0.8577778,0.21241522,0.89577544,0.21506828,0.1474523,0.41266555,1.928671,0.70881176,0.43030813,0.52741826,1.2657858,0.71155196,1.7760149,0.50877005,1.1993635,1.449583,4.5877447,0.49295324,0.7551239,0.43535015,0.3423241,0.20062716,0.06344857,0.26791131,0.5739402,1.3345919,1.2842698,0.1303997,0.90572286,1.5198807,0.14578553,0.10995939,0.5328099,0.2988876,0.78622067,2.2926555,0.2727594,1.1747402,1.0242883,1.0380996,0.8702592,1.2206424,0.68152237,0.9549814,0.3715186,0.2866522,0.60031235,1.0455502,0.23906042,1.2075654,1.3341749,1.40038,0.4207242,0.06958012,0.29176748,0.046734955,0.4457652,0.73076224,0.98874956,1.2031373,1.2254832,0.7852772,1.7880353,0.3959882,0.36821058,0.09276082,0.8817696,1.1249679,0.37292564,1.0863984,0.9584168,1.9008994,0.73020244,0.2578015,0.50571626,0.89755327,0.603298,0.60025895,0.41930568,0.18510278,1.3063583,0.34395936,0.4754904,0.9609034,0.0650465,0.2256438,0.36292362,0.0041021653,0.04083626,1.5276254,2.3113027,0.117144525,2.6098526,0.019474301,0.854346,0.7598703,0.18546863,0.73755735,1.780839,0.25599405,0.009553552,all_pothole_images\pothole_images_enhanced_06eb625c8a792d44cb3acda35d53b8f0.jpg
0.48254192,1.1103204,0.022551449,1.5769008,0.16815563,0.44993314,1.3058558,0.0,0.15548281,0.89379245,0.67569375,0.85084736,0.10248627,2.1272328,0.0146457525,0.19853288,0.5274233,1.3536123,2.2647326,0.18418655,1.3023002,1.910453,0.42941162,0.51409346,1.0206894,1.3475603,0.84775364,4.466075,0.1686615,0.014686359,0.120553054,0.014132302,0.10452175,0.2876614,0.10434352,1.2815144,0.1590059,0.97907037,0.35811362,0.0057578753,0.0051664636,0.0,0.299654,0.7178083,0.3648376,0.22816996,0.07804895,0.0042903353,0.13464075,0.31182215,0.31566125,0.30986995,0.7986651,0.3835373,0.26912376,2.2053175,1.2480196,0.5954512,0.30747986,0.014092228,0.5849241,0.12182834,0.6828263,0.04588994,0.8610584,1.3100682,1.3074071,0.12253361,0.0,0.7517605,0.26489627,0.04161121,0.048516,0.040971715,0.26123407,0.0017222755,0.074067555,0.7050987,0.22949748,0.7492618,0.09862153,0.0719272,0.62445277,2.0292842,0.44594932,0.003227807,0.1369502,0.02602531,0.7690484,0.17589538,0.7532251,0.21837708,0.19941847,0.26566422,0.20042987,0.0028284462,0.3111466,0.9218688,0.35760564,0.09748278,0.5873918,3.896369,0.052596726,0.05205139,0.97195953,0.572335,0.018242052,0.024512954,0.00038130154,0.018837137,0.06360982,0.3193633,0.121539116,0.17589512,0.6976538,0.0013090111,0.3195591,0.23836692,3.2216809,1.5476373,1.9814475,0.2219559,0.06709119,1.4274099,0.32027465,0.5334756,2.0003824,0.554577,0.7802453,0.16174822,0.42943045,0.12282597,0.077908136,0.3519296,0.7081821,0.43104088,0.7347819,0.16350053,0.3867855,0.3439546,1.0990198,0.38235632,0.5632572,0.15224041,0.33566037,0.65617925,0.12661657,0.8844251,0.43635917,0.054663215,0.10584551,0.97923326,0.013235213,0.256423,1.557329,1.153155,0.7456523,0.0318926,0.18322064,1.0344594,1.6021429,1.9228493,0.19366884,1.1408432,0.0027510296,0.70685345,2.2402747,0.27124387,1.200192,2.49015,0.13303052,0.0026592892,0.25283024,0.82848793,0.32975456,0.25612995,0.6780302,0.29429218,0.17980613,0.0747832,0.53138804,0.8182382,1.157918,0.69426614,1.4915919,0.8089598,0.2751511,0.5373144,0.056352768,0.8204611,0.015148405,0.14772001,0.15780634,2.0584354,0.39075622,0.0,0.97353417,0.6388635,0.30284995,0.40247318,0.19235003,1.0669955,0.53659123,0.115800366,0.3181724,0.9257183,0.3133363,0.17884597,1.3010932,1.2003825,0.23980696,0.07570481,1.6987158,0.43240678,1.9417939,1.7923741,1.0719953,0.22225356,0.4623726,0.121389486,0.20198803,0.8006346,1.1379259,0.7658399,0.0,0.0,2.8349812,0.010669641,0.42636827,0.68697256,0.002789854,0.083046734,0.18740842,0.21012023,0.13195768,0.23503183,1.7113277,0.084522106,0.0,0.369834,0.084784955,1.0701926,0.43789408,0.1847392,0.74045414,0.0,0.41573575,0.09529454,0.494366,4.744232,4.427174,0.07963646,0.037537955,1.1636374,0.10251377,1.6244842,0.5222756,0.791166,0.47936645,1.467495,0.8212582,0.0,0.5640735,0.20872468,0.114151426,0.03030582,1.1781744,0.009254365,0.88935655,0.12902012,0.08648568,0.1523115,0.015327379,0.13610184,0.36770216,0.17463717,0.18880685,0.2677518,0.48403156,0.63426113,1.7392808,0.42321655,1.1740257,1.4907445,0.119017,1.0372239,0.7142397,0.108241215,2.1910498,0.54971886,0.02391388,0.2793218,0.16791813,2.1889129,0.30978423,0.62117726,0.16524126,0.62181675,0.00047398655,2.5018516,0.124642976,1.3220495,0.0890954,0.2712962,3.4619632,0.0,1.0596484,0.06259124,0.19725776,0.33069438,0.46210122,1.5558947,3.0289574,1.1125456,0.9361093,0.8713039,0.012637966,1.472276,1.896527,0.326064,0.5813155,0.0,0.98038214,0.8855184,0.11608869,0.6745251,0.3060838,0.013607615,0.86253464,0.22490712,1.1278169,0.33748665,0.15201002,0.09144465,0.13507849,0.00046125057,0.9703815,1.8460736,0.87943506,0.33077708,0.19167884,0.0,1.0985034,0.50167257,0.8181652,0.12053605,0.026900666,0.44172254,0.42154446,0.7769224,0.430078,0.2949413,0.2696691,0.42888492,0.05939139,0.22717471,0.10564668,1.5825706,0.9859309,0.412422,0.11982034,0.358026,1.0783365,0.19141605,0.011127442,0.4078155,2.104032,0.31397235,0.25697967,0.19118468,1.1083726,0.100818396,1.1170405,0.0006890652,0.15331547,0.4031789,0.015576201,0.0037675493,0.43369955,0.74496996,0.4936634,0.0,0.058087636,0.86557055,2.3697307,0.10092472,1.1944957,0.09297727,0.18627414,0.9155997,1.2749434,0.28306878,0.20176801,0.9381939,0.06924033,0.0,1.807457,0.19216889,0.37273985,0.12569214,0.493372,0.71507895,0.5464971,0.42368037,0.17079547,0.2097463,0.08667942,0.85563546,0.4235442,0.08729313,0.21561165,0.24842238,0.4356035,0.72811514,0.15872104,0.75718844,0.6098275,0.7261582,0.36520517,0.24423717,1.6974713,0.054190762,0.15428682,1.8951375,2.8858728,1.0194165,0.94222313,0.3894258,0.016049536,0.44588548,0.9603788,0.6404425,0.009251089,0.21858488,2.1528006,1.3979751,0.59521776,0.18761599,0.18386872,0.021457484,0.647776,0.48378155,0.374143,0.0009818504,0.22810504,0.068909585,0.9195415,0.11491217,0.04589513,1.3132844,2.7966707,0.38229832,0.61662215,0.25413463,0.62461513,0.4331398,0.18414399,0.3309054,0.25754002,0.80939794,0.8614634,0.11140108,0.737967,0.106265076,0.5179549,0.21824728,0.39252135,0.06534619,0.7390884,1.1240684,0.15534498,1.930537,0.23272814,0.1996419,1.3789567,0.096131526,0.6805781,2.7079146,1.9358368,0.02996364,0.50385076,1.7299412,0.23366477,0.706795,0.07640668,0.17532578,0.85716385,0.022308651,1.0280142,0.07143262,0.74915624,0.6232763,0.2603562,0.04496311,0.012894283,0.051253524,0.1652542,0.28657755,0.3787272,0.28755328,0.034259707,4.331956,0.22523437,0.43513045,0.04723129,0.29540253,0.46625394,0.05967832,0.09308597,0.11779799,0.23736744,0.1492325,all_pothole_images\pothole_images_enhanced_0700a5f552e0a272b40804909a4e35da.jpg
0.73163617,1.2542534,0.034764234,0.9809335,0.18491636,0.70788205,0.9010279,0.8789984,0.70851105,0.94434583,0.040142715,1.3755966,0.49200237,1.5089383,0.38008294,0.063908294,0.19569406,0.88211805,0.88648707,0.16952084,1.8615763,2.38571,0.22754474,0.48183963,1.7045504,0.9354576,0.03959047,2.0846906,0.42096078,0.676357,0.51474977,0.10028507,0.16519192,2.7588563,2.1958425,0.1737101,0.80236006,1.8815995,0.3049893,0.9563329,0.0010715697,0.15707089,1.5999224,0.6903682,1.2457314,0.11644149,0.10869472,0.0,0.12687254,1.340943,1.7093142,0.2360707,0.15458085,1.4604125,0.049467947,0.26560944,0.8433841,0.026503976,1.5759915,0.89111745,0.79511756,0.7580683,0.52733403,1.2033935,0.3512894,1.2247329,0.6184337,0.80604357,1.9735088,0.5003252,0.83299303,0.39710853,0.11072594,0.3155759,0.44199592,0.0,0.080131926,0.24265234,0.06992722,0.96604013,0.3776182,1.3965973,0.38481316,2.846433,0.20362243,3.3223484,0.15923035,1.114077,0.3386791,0.45051554,1.0986242,0.31489906,0.35116667,4.2845435,1.0374316,0.42899367,0.63109034,0.09120431,1.6196263,0.0026379914,1.2932521,0.6842491,1.6557128,0.13223898,0.035039447,1.7015938,0.08619353,2.2004,0.2712355,0.11026818,0.014970876,3.4391036,0.66629386,0.027769279,0.923582,0.017513132,1.7536896,1.3251084,1.8091375,0.51932853,3.4559023,1.8508745,1.5815517,0.72130483,1.3520104,0.15879436,0.81046766,3.552062,0.16653842,0.28839207,2.1243036,1.1571454,1.6392202,3.273291,0.8697549,0.5006671,0.3605093,0.63765985,0.6594056,1.6090751,1.3331703,0.85569763,0.7936422,0.031669058,0.15514836,1.3687512,0.7307623,0.19553944,0.17643574,0.33865425,0.13037644,0.38049752,0.5579582,0.07419427,0.28905025,0.2669908,0.036158513,0.55596083,1.7994914,0.014872986,0.31033218,0.2364895,0.6181282,4.4042354,1.4503775,2.0702183,2.5619266,0.052212812,0.45496586,1.4458452,1.8230654,1.9998142,0.27369088,0.05790109,1.2951214,0.13878678,0.019265087,0.34984478,0.24344331,3.0560153,0.85375416,1.6014454,1.8547689,1.5603439,0.2810575,0.25005242,0.12706764,0.46552545,0.976872,0.25704524,1.4352796,1.3887852,0.2615696,1.5419945,1.4437667,0.7451458,0.81539166,0.24735737,0.2982764,1.0043229,2.5519822,0.012181318,2.158295,0.27245983,1.6695974,0.010615921,2.1194446,0.3579451,1.3790337,1.0170654,0.21410866,1.1735972,0.53477514,0.5340411,1.059498,0.027219886,1.0914606,0.00021103548,0.29661423,0.89238113,0.10664823,1.4926097,0.23120585,0.3942576,1.0491889,0.78575957,0.816358,0.0113412505,1.4598671,0.43059567,1.6527451,1.5959015,1.796164,0.46079457,1.5306677,0.31986254,0.7916594,0.027675053,1.2138819,1.228556,0.07931575,1.2568793,2.0621705,0.36922392,0.268823,0.00076453475,0.4366073,0.16938727,0.8551283,2.0832772,3.8170826,0.56009877,0.6758285,0.07629588,2.840094,1.719191,0.37171382,0.39088723,0.029797241,0.67441666,0.8191447,1.0143969,0.024034133,0.48326588,0.25811836,0.15378171,1.927344,0.7051119,0.87674344,0.12871666,1.2558367,1.2216167,0.13563485,0.8780206,0.18598568,0.2928852,0.045870084,0.91328007,0.06273114,0.4293629,1.2667872,1.6433637,0.44690797,0.06427119,2.181788,0.00011419702,0.0896063,1.1645484,0.0066086906,0.9884077,0.007303813,0.64681506,0.43786246,0.10362347,1.4990866,0.25253016,1.4741441,2.9580102,0.66981775,0.47859383,0.4733966,1.6125709,0.34315076,0.27761388,2.725059,0.4295151,0.20010886,0.2858062,0.3004804,0.06827937,1.1433712,0.2917559,1.3055633,0.08681327,1.115892,0.3875087,0.4734396,0.08114323,1.8163906,0.438322,0.45450175,0.33762398,0.25693032,0.75433195,0.22079137,2.1018362,0.18129009,1.5018742,0.063149095,0.97472817,1.8025092,0.56320953,0.37348658,0.554787,0.05035763,0.51699954,0.6641614,0.05844409,2.8691084,0.3211671,0.5282698,0.97425467,0.1454849,0.5562923,0.16895129,1.0266883,2.4395757,0.36103204,0.29975396,2.8621585,0.120892204,0.813737,1.2830828,0.37912795,4.5727606,0.487873,0.8988632,1.0364665,0.2529434,0.21453609,0.044710938,1.0963086,0.6587584,0.456958,0.07046513,0.37157443,2.8557012,1.0553282,0.607371,0.7912674,1.5427984,0.8291751,0.5724033,0.03358336,0.6664139,0.22200108,0.26965117,0.077437945,0.23855804,3.7048068,0.48183483,0.82900244,0.3523636,0.87081754,2.1477363,0.96258265,0.6543341,0.44980726,2.1560972,1.2169744,2.0250583,0.31667143,0.02632058,0.65916395,0.055513926,3.7188923,0.28546393,1.6649574,0.2609545,0.30757904,4.655605,0.03619057,0.3224079,0.054856554,0.0031693052,1.1085825,0.5609058,0.5923149,0.010017979,0.06753531,1.1400125,0.20282134,0.68887717,1.4758198,0.0527254,0.074465945,1.1371075,1.8249253,1.3361071,1.5848833,0.48243004,0.36090067,1.7389022,1.4418555,1.3420609,0.016839683,0.24372542,0.7991139,2.3706071,0.6681755,1.4012839,2.4294403,0.6796056,0.12875755,1.2658849,1.2132735,1.0314066,0.05105001,2.6606345,0.8760214,0.11706513,0.11142497,0.12997043,0.54207814,0.87759477,0.28125623,1.6536535,0.14576834,4.4386425,0.056245033,0.27429095,1.9896907,0.028218606,0.823284,0.5713791,1.2252561,1.1367126,0.46416423,0.39401135,0.15480562,0.38971218,1.8857462,0.06011509,0.49695602,1.6715623,0.94974416,2.2682426,0.0,2.626617,2.6914635,0.7903052,0.9919142,0.115570545,0.08145934,1.1426139,0.14364715,2.9375904,1.0393709,0.4091207,0.25691235,0.23217706,3.123926,0.24762405,0.23164147,0.0,0.9078728,0.92289877,0.6109188,0.21975805,0.0,1.3664507,0.5939804,0.02418611,0.13712282,0.91304064,0.15057541,0.0047664326,1.6913061,0.8672061,0.15838332,0.30856848,1.0898653,0.9440468,0.30538073,0.13741668,0.094223134,0.006040073,0.14009717,0.24545042,0.12391657,1.3609807,0.0063646156,all_pothole_images\pothole_images_enhanced_07176d73448eaf069f09503e5deb8354.jpg
0.41365698,3.725525,0.8990391,0.9102599,0.88340974,0.4187032,0.8486901,2.1287758,0.1522591,1.4244783,0.20718671,0.35860318,0.07669494,1.0811286,0.09846074,0.17058194,1.3432919,0.26694283,0.32010165,0.44622448,0.023223989,2.9128401,0.7597472,2.2320712,0.32782838,0.5753347,0.8501824,1.5925214,0.2234183,0.79203284,0.7340647,0.4964661,0.50474507,0.11645565,0.7538507,0.71188843,0.6445987,1.6651648,0.06375092,2.3172007,0.24498653,0.16486536,1.3245827,0.379876,0.59722525,0.36610833,0.12691854,0.15867251,1.2115313,0.41877052,0.634596,0.8464044,1.1873082,0.37693906,0.2806387,1.1242294,1.4724772,0.23994155,1.5178881,0.4229613,0.0417454,0.6482864,0.94337225,0.29778802,0.021271924,3.0614996,1.7350006,1.2610754,1.4306569,0.9948447,0.05107323,0.17681684,0.25547227,0.11674373,0.84808415,0.9598144,0.31889933,0.28641382,0.14085895,0.47861013,0.17835236,0.5909312,1.10589,1.614552,0.7788902,0.033441562,0.8399158,1.183655,3.7386904,1.107329,0.14014904,0.5071485,0.4402173,0.73789775,1.2507845,0.48559576,0.3696087,2.038079,1.4953289,0.16828722,0.0068467385,0.92292833,0.29900566,0.51431674,0.7053976,0.9500295,0.23795764,0.4605019,0.7728397,0.07810173,0.8488813,2.3895037,0.69921404,0.6409046,0.75483125,1.2783936,0.7747869,0.14654292,0.5568527,1.107549,1.4405113,1.0631583,0.53325766,1.83344,0.20172724,0.597467,0.12786737,0.7255395,0.15928619,0.73131573,0.9703896,0.71015507,0.77624536,0.58893454,1.6336645,0.600927,0.24684456,0.58529496,0.16872095,0.113146506,0.6390417,0.29565853,1.531774,1.6444216,0.2864247,0.72265553,0.17810397,0.0,0.4936662,0.7614363,1.12644,0.16477787,0.37307963,0.42583874,3.5010583,0.0,0.48027042,0.092472866,0.30283675,0.41076905,2.102719,0.29637995,0.23088019,3.3396668,0.120436974,0.2256841,1.2127036,0.5380688,1.1080762,0.321105,0.8200048,0.08913069,1.3566889,0.26256093,3.6524882,1.3594946,0.3605311,0.71071905,0.11160165,0.7728679,0.34494594,2.4074905,1.505773,1.6541952,1.1489135,1.0761644,0.17588452,0.26219696,0.02350864,2.064346,0.6532052,1.1488914,0.6224631,2.1325104,0.8193405,0.0,0.6119556,0.46366087,0.01395515,3.3539078,0.0050179246,0.52297884,0.21806237,1.2185987,0.11316746,1.6710798,0.030764343,0.91725326,0.55368435,0.2911827,0.0016028616,0.26611444,1.7314098,1.7204047,1.122116,0.34381095,0.40632695,0.69673723,1.004188,0.65593743,0.18449664,0.5089691,0.22090091,1.8266816,0.101557456,0.059717685,3.056707,0.3024072,0.34565383,0.38442898,0.83650416,0.009197813,0.54714084,0.0025185829,0.94946736,0.10545312,0.79774815,0.3726591,0.046710856,0.09515953,0.6417249,0.082100876,0.9535648,0.69148844,0.2518229,0.07629887,0.4348965,0.05442877,1.4257934,2.0481617,2.2094893,0.13347116,0.12396142,0.41825196,0.19748035,0.5411784,1.285807,0.3668348,1.673587,0.19670798,0.2827711,0.4151303,0.7598798,0.12993132,0.012855357,1.0357355,0.7406948,0.89179033,0.14508629,0.2107461,0.5846962,0.08076291,0.1876803,0.75465703,2.464714,1.3450239,0.47889584,0.7388885,0.6224777,0.5570769,0.223994,0.25036445,0.3837844,0.40508154,2.9607458,0.4403015,1.3058451,0.3593887,0.6947932,0.023257075,0.5655104,0.86417603,0.44352672,0.85397977,0.2094969,0.43545574,0.90591794,0.08481456,1.1444056,3.6402943,0.036401685,1.276541,0.08715875,0.30731738,1.2731717,0.26442638,0.105280556,1.0488737,1.4615077,0.21399753,0.7464399,1.1871523,3.1977756,1.6395506,0.40921605,0.7078023,0.64780766,2.18199,1.651704,0.8118236,0.36147285,0.31681892,0.048345648,0.044506535,0.42306462,1.9270312,0.7723203,0.11589293,0.751834,0.6994161,1.3297503,1.081091,0.1566358,0.2768738,0.22402544,1.3146929,0.8771317,0.44778404,0.3737516,1.3942804,1.4190843,1.1367507,0.27853626,0.64092225,1.567576,0.056875363,0.1190393,0.05159406,0.0045216363,0.9879813,0.5754481,0.60299045,0.5668524,2.0375707,0.39977306,0.94603604,0.009203659,0.6757617,1.5485318,0.42977563,0.7383813,0.23216566,1.5084107,0.92344713,0.28039947,0.6962942,1.0087737,0.650671,0.29647768,0.9737927,0.27849263,0.80919176,0.34429187,0.4279765,0.619111,0.5914287,0.10704951,0.33495358,0.14987908,2.2128148,0.12056944,0.8940743,1.414973,0.16406383,1.4015465,0.71887183,0.57839507,1.8177848,0.7995507,2.4143648,2.0009758,0.29490224,1.0661272,0.24135497,0.36324823,0.4528992,0.7399656,0.75395536,0.8963935,0.20162182,0.3409867,0.21460268,0.033717718,0.5804725,0.5495766,0.09609769,0.9116186,0.92892367,0.8248127,0.7807218,0.7308717,0.5690885,1.1176158,0.19033584,0.20721602,0.07753469,1.4951518,0.51118445,0.5110888,0.0,0.75373507,0.39240295,2.1446278,1.9495845,2.13796,0.5257766,1.1920193,1.3492004,0.16753857,0.19344066,0.7135839,0.06800084,0.44520193,0.21128593,0.14405803,2.8901656,0.65388644,0.11019304,0.5791317,0.2657228,0.8536735,0.10374587,0.34679067,0.60134304,0.35164553,0.30463645,1.6509842,1.0936327,1.4512508,2.47765,1.4664104,0.23806714,1.0671117,0.33043382,1.0667527,2.0080287,0.2890207,0.8362824,0.48801157,0.90233064,0.27247772,0.18169832,0.2004136,0.28173825,0.31835702,2.6927943,0.63540137,0.23274001,0.54434514,0.3131995,1.1081107,0.1928948,0.18444897,0.2775066,0.9102878,0.2282397,0.040691696,0.5444718,0.88913155,1.5819786,4.6411324,1.3685141,0.7292611,0.66882414,0.04132112,0.3963836,1.7057335,0.3562541,0.7565181,0.036729433,0.5683839,1.9347271,0.41730142,0.049887072,0.07896603,0.2878987,0.54163283,0.5222423,0.21863845,0.7042787,0.48161408,2.7903821,0.6721831,0.81724435,1.010206,0.5558448,0.0,1.4296182,0.61791736,1.6028485,0.2647107,0.50613135,all_pothole_images\pothole_images_enhanced_07301b9d9fd6269fa3774d1f6faa76af.jpg
0.37773973,0.91631097,0.2664125,1.1064217,2.475761,0.55823433,1.1099263,0.85977834,0.14781903,1.3643388,0.08438464,0.09347606,0.17480293,1.6275454,0.27872506,0.5955686,0.12327885,1.565552,0.54005796,0.7923531,0.0,0.9660183,2.613835,3.947901,0.32476926,0.26996854,0.6920733,1.5929285,0.1762845,0.6090823,0.503514,0.40586787,0.680416,1.4984579,0.31915048,0.061317887,0.307615,0.21044531,1.3428092,0.85653776,0.026114425,0.063954875,0.5554959,0.001472795,0.44408664,0.6205709,0.0,0.0024999757,1.3126668,0.16648175,0.38545933,2.0701873,1.4298372,0.031951196,0.16362129,0.40716004,1.6005837,0.2564659,0.38011348,0.22701816,0.019501895,0.09997228,1.3547812,0.6070061,0.49525008,1.4486289,0.10356753,0.54808736,1.175418,0.18307489,0.036582448,0.91562337,0.01996058,0.04451575,1.1962087,1.7237188,0.091820695,0.060405593,0.0,0.37659118,0.24613537,1.1460919,0.98536557,0.6937626,0.75301516,0.55152625,0.7275389,0.22318229,1.8470161,0.009241849,1.1278936,0.98918647,0.27480537,0.11827976,0.4904782,0.0011145419,1.0688386,0.67335385,0.24016204,0.19492371,0.09256045,1.6390175,0.24774973,0.71810716,1.1254929,0.7557382,0.94506913,0.4343604,1.1563116,1.3524638,0.55985934,1.6506646,0.6751849,0.6388808,0.6484887,1.3848317,0.19171889,0.88175976,0.506134,1.0178499,0.089736715,1.5957209,0.6566844,0.6858325,2.146986,0.50465083,0.0,0.09628111,1.3409868,0.17211539,1.6894073,0.4405973,0.0058798767,0.5542102,0.54259926,0.72485644,0.19831969,0.25110754,0.97341484,0.19594531,1.1275315,3.0496075,0.0015142115,1.3762666,0.55678904,0.45521927,0.53011024,0.53075916,1.5797359,0.7658414,0.006839301,0.043615125,0.74145895,0.005122249,1.7543982,0.10649918,0.14860846,0.45393705,0.08556372,0.837452,1.8924072,1.175372,0.59320295,4.5619025,1.196228,0.04141975,1.2867184,0.5138701,1.5772477,0.35656705,1.5519551,0.1704174,0.035954803,0.027251787,1.0137417,0.2613516,1.1059492,0.39162248,0.21887007,0.117329165,0.07919547,3.2978063,1.8781852,1.719829,2.8911521,0.0046584196,0.18650131,0.2490608,0.032301083,0.65154827,1.8233013,2.9310608,0.024309762,1.2231127,0.5237526,0.118005164,1.5101489,1.5499167,0.00032482794,0.81218594,0.1359943,0.7909371,0.7208252,0.35280234,1.0047711,0.48243028,1.0717452,0.31753206,2.3716507,1.0406287,0.31810918,0.051636364,0.7077719,0.78739864,0.42467883,0.12105447,0.80773395,0.3579024,0.06968871,0.57411146,1.0805727,0.17045532,0.20296846,1.6002433,0.13534203,0.40197557,0.2947451,0.40703708,1.3672335,0.0,0.01301495,2.1857996,0.46136072,0.082277186,2.170551,0.28847778,0.6849739,0.33158952,0.10608819,1.2906275,0.15404995,0.43109888,0.78418964,0.30865753,0.13573653,0.3788072,1.3503102,0.15838155,2.0950487,2.6986408,0.84881824,0.16207263,0.16035452,0.060302336,0.2382255,0.02243727,0.61038756,0.091961116,0.80788046,1.1289862,0.32930073,0.939854,0.049818553,0.3059254,0.083261214,0.4192693,1.3828624,0.8105038,1.7125269,0.006312299,0.7129451,0.035955675,0.9880853,1.04141,1.1016722,1.5187948,0.19729629,0.77617574,0.5141966,0.27060437,0.30869043,0.4244644,0.6989782,0.0,0.5774943,0.97482663,0.10483494,1.1304127,1.3593243,0.0035333205,0.40751565,1.0113811,0.29793966,1.5799786,0.6909068,0.5440581,1.2051907,1.2395693,0.98738766,1.1995891,0.43400285,0.40019345,0.00073123083,0.3703212,1.8257853,0.09641419,0.019833677,0.07562149,0.5454019,1.3374574,0.0,1.4386517,2.3855584,2.3820941,0.25530636,0.6575901,0.03025756,0.2193252,1.8302969,0.7147836,1.1730717,2.2005994,0.20252909,0.26249117,0.92208153,0.7458579,1.5475329,1.1316589,0.98144543,0.021244306,3.0250843,0.056215733,1.3241724,0.30790016,0.38952753,0.2956492,1.4908988,0.5142879,0.03812027,0.82604825,0.40903893,0.5852648,0.75790936,0.48902765,0.47759327,0.0016709634,0.53813845,0.20495822,0.0045463378,0.3117357,0.002965522,0.015690312,1.215598,0.19294435,0.7347082,0.04329915,0.25530204,0.30016902,0.641621,0.29229587,1.0366503,0.105255224,1.0567516,0.5086052,0.0,0.0022599509,1.8547186,0.9913175,0.6943741,2.4469314,1.6559607,0.82263523,0.28433397,0.48080248,1.6108053,0.5865593,0.047787953,0.42583403,0.34033293,0.19218995,0.70608115,0.11184079,0.38367596,0.9980604,0.91104585,1.4140201,0.65397274,0.59197766,0.0121597685,0.47282627,0.23885144,2.6370554,2.330844,0.47513625,0.011746631,1.1798538,0.0,0.8079807,1.033753,0.5388008,1.6231593,2.9257956,0.019396897,1.4120687,0.18072313,0.09290314,0.6523545,0.90350556,0.27361035,0.9919066,0.083355434,1.3953016,0.74949473,0.4000093,0.011241238,0.10151612,0.1378957,0.81933093,0.753259,0.4597828,0.2611946,0.3388625,1.692446,1.5634273,1.395223,1.0445008,1.6831383,0.530888,0.64356893,1.1690556,1.1638734,1.1838998,0.03260007,0.77728015,0.067118324,1.6429836,0.9714041,0.6269359,1.5063473,0.9643479,1.1465042,0.08410967,0.30614662,0.24748145,0.0,0.7761475,0.29811636,0.2897089,0.35581198,1.0328856,0.8709379,0.18122065,0.15701334,0.0815952,0.5940129,1.1027558,0.11777679,0.7014499,0.039135955,0.03753561,0.44421494,0.32486245,1.1850424,0.21264884,0.22109503,0.6525396,0.5761177,0.46132824,0.1424755,0.16838388,1.6405408,1.4405947,0.44708395,0.6256213,1.565378,2.3098972,0.18199459,0.15121126,1.0412836,0.35852882,2.0237122,1.5796738,0.2778998,0.62398523,0.30399856,2.0765884,2.379785,0.011537422,0.5289531,0.073361486,0.21566461,1.9995761,0.58148307,0.04775672,0.19778802,0.055601634,0.6195835,0.14183374,0.34765983,0.18125167,0.7272457,0.296653,0.430797,0.5033132,0.42740124,0.7774751,0.18265186,2.091396,0.5331073,0.545903,1.9189357,0.24916299,all_pothole_images\pothole_images_enhanced_0744e4cb7dba4378ea29cb29770f5659.jpg
0.023250507,0.58397377,0.11277957,1.5286504,1.5847018,0.24715877,0.6149005,0.0,0.09538832,0.9883475,0.5610917,0.05994997,0.14465924,2.1889915,0.047215246,0.2875253,0.5308908,2.7391136,0.9180889,0.41555753,0.31820312,0.22070783,0.8904931,1.1509826,1.0124167,0.4785253,0.08133496,1.6170727,0.024799347,0.09865023,0.13030161,0.041522596,0.0014639035,0.28389665,0.109870635,0.82420945,0.10186895,0.100886196,0.4528632,0.2848954,0.0,0.48311388,0.12837414,1.1220452,0.5414267,0.1819978,0.1919095,0.48686245,1.0772185,1.3315862,0.13593955,0.62846637,0.26366326,0.033014927,1.3898922,1.023606,2.5093176,0.49727872,0.8098384,0.7441962,1.4402869,0.10811214,0.30834487,0.36002392,0.51727384,2.441862,0.73801017,0.36056596,0.05965688,0.78243905,0.2675421,0.43677545,0.4002527,0.0,0.82945657,0.008886115,0.097529344,0.49438858,0.005350821,0.0,0.0,0.6195058,0.49394855,0.5555337,0.5474862,0.005456355,0.15693296,0.050355073,0.8763031,0.5102275,0.1825695,1.6995693,1.0268764,0.035701796,0.2033263,0.17360327,0.65080625,1.8369054,0.17768665,0.15812229,0.16060634,2.629952,1.2274768,0.0028009196,2.280936,0.8866613,0.47387397,0.0007256021,0.2681223,1.4088743,0.828817,0.39140755,0.070255235,1.4418128,1.0737052,1.4832916,0.17426653,0.32560748,2.109818,1.249061,1.0840313,0.30250168,0.03323299,0.67837024,1.3863105,1.3862673,0.0051751113,0.5292553,0.34647876,0.7934685,0.5504322,0.65798086,0.21703005,0.6631916,0.10644303,0.6672,0.0039910167,0.02479384,0.52502936,0.07712307,1.0480264,0.42326012,0.6454962,0.5287324,0.16420175,0.7475467,0.14872693,1.3070793,0.22707213,0.26316127,0.037452906,0.86665064,0.23698059,0.09518876,0.99748474,0.11493147,0.05394172,0.44310835,0.0,0.3558583,2.6764836,1.2819741,0.3467864,1.4586761,1.1539563,0.35559443,0.86537296,0.16647129,0.6016527,2.2384934,0.6257481,0.025478832,0.033736113,0.8559888,0.08407799,0.7407519,0.0,0.004861315,0.026785057,0.014470562,0.002663519,1.9698972,0.805254,0.6424713,0.734182,0.0024178582,0.92832875,0.32598782,0.10669403,0.91157156,0.34766746,0.14432588,0.9066261,0.37504557,0.36414,0.5086689,2.74514,0.13740979,0.32990408,0.0,0.0043496364,0.29227248,0.0444085,0.008472929,0.12852108,0.35376966,0.44586748,0.51431394,0.3293799,1.4775141,0.0020649298,0.056233566,0.6995748,0.013285093,2.0393336,1.5064112,0.96395063,0.44524437,0.6301604,0.1051331,0.03645428,0.4127303,0.36730373,0.2655299,0.0,0.024378102,1.2744786,2.3460946,2.0130904,0.5438429,0.022951948,0.096395224,1.4082626,0.21040335,0.1401496,0.033586174,0.8775368,0.3801149,0.24394712,0.036119778,0.10417757,0.09214722,0.35984042,1.0132071,0.035192695,0.058000747,0.93286693,0.74581116,0.020560984,4.2871265,2.491968,0.31809348,0.022802286,0.024179926,0.019516751,2.1530957,0.081139974,0.88302016,0.21670885,0.9013477,0.08083415,0.0669262,0.6350665,0.93149376,0.036687367,0.004822421,0.82963246,0.25078136,3.0351353,0.066408485,0.26483095,0.11964659,0.8843827,1.4725827,0.6916166,1.9091479,0.0,1.1211311,0.40378398,0.41206232,0.5348646,0.8859997,0.09469538,0.1427493,0.4263049,0.0,1.1980749,0.12745948,1.9663388,0.8191172,0.46737382,0.23184294,0.16758235,1.1809711,0.20757544,0.40099287,0.37749752,0.2981774,0.069368504,1.1110383,1.285389,0.0036255096,0.020733142,0.05353321,5.388525,0.0,0.43043116,0.18690553,0.13392037,0.5506506,1.1192017,1.1664052,1.1376601,1.0215017,0.40604,0.7987083,0.046143472,0.49763313,4.7786856,0.10116561,0.3699031,0.061805587,0.0546666,0.25819632,0.33878613,0.6400681,0.20500275,0.05433927,0.1266985,0.0021663036,0.66299397,0.0854868,0.8234905,0.09677626,0.0,0.10597916,2.6261609,0.20850393,0.14914213,0.08924791,0.020257564,0.026010428,1.698056,1.238444,0.8632266,0.0,0.12945527,0.12789269,0.018168405,0.0902737,0.051466018,0.20563011,0.7860733,0.08675548,0.019485196,0.0,0.0025322984,1.3575714,1.3581268,0.4256306,0.46803647,1.3372716,0.5914603,0.0,0.017693523,0.013169497,0.3819523,0.040501103,0.1419835,0.1502436,0.47604057,0.3113427,0.55156887,0.62805593,0.41982487,0.4631108,0.041383967,0.028381944,0.4815955,0.06783204,1.315908,0.12798983,0.17974599,0.22791617,1.5133281,0.31749186,0.88729715,0.07012198,0.14978212,0.15548235,0.51572126,0.17405899,0.4131687,0.15437327,0.10871036,0.12024626,0.46202382,0.29835817,0.39386705,0.048523378,0.16324751,2.23147,0.41349003,0.21140197,0.61172676,0.36872303,0.25083062,0.7094053,0.24431166,0.49271896,0.115616575,1.0948284,0.07060763,0.13093175,0.36386225,1.9378836,0.6224457,0.07844418,0.10344726,0.0,0.9985264,1.732481,0.49712378,2.155604,2.4214723,0.17889133,0.32980672,0.15205258,0.045969486,0.10632612,0.67710036,0.2958817,0.30495,0.33677214,1.2204305,0.6961201,0.0,0.05441505,0.19625354,0.07604687,0.60695803,0.9534442,0.01001711,0.30858597,0.25669903,0.80340683,0.88825977,1.660989,0.08864288,0.038705822,2.4310586,0.22567281,0.078272134,0.20266905,1.2281377,1.9356381,0.0910404,0.049468447,0.115025654,1.2338026,2.7436504,0.04497554,1.2154909,0.13006951,0.43459702,0.0801369,0.3204264,0.01563622,1.0966456,0.8955808,1.0072607,1.4666138,0.0036182157,0.01324513,1.2918317,0.30984515,0.041013543,0.63324416,0.5741692,0.11222061,0.6099535,0.9737885,0.46949908,0.28323326,0.11590542,0.33514458,1.706324,0.003924207,1.2294358,0.0,0.08913056,0.99845964,0.28387487,0.06780142,0.0,0.63634694,0.31917542,0.0,0.8765511,0.52653867,0.4066944,1.9569756,0.33373314,0.042202186,0.6265029,1.2501255,0.3692271,0.14345576,0.92608464,0.42526808,0.27842006,0.35112053,all_pothole_images\pothole_images_enhanced_0757d3b89964578b24f1233ae2fb4691.jpg
0.6953744,0.40467578,0.7990358,1.5881648,2.0241482,0.35537726,0.9859418,0.010818498,0.63508534,1.1302478,0.055382945,0.6348127,1.082329,0.28662556,0.19514841,0.040729094,0.7658849,0.94257355,0.06457123,0.42195678,0.13994338,0.91211736,1.690778,2.8694053,2.3900044,0.41891596,0.74483746,1.5151762,0.0011634927,1.6913203,1.4747367,0.849391,2.1287441,3.282997,2.4405563,0.7812553,1.0723855,1.2625124,0.4082845,0.8622116,0.47942242,0.42305976,1.375959,0.20953275,0.13086458,0.73254806,1.0342498,0.98845,0.9263486,0.461018,0.70279574,1.2163502,0.50042766,0.42890567,0.46585456,0.45563865,0.42595002,0.09479287,0.1784935,0.12468504,0.011157928,0.92620313,0.22521779,0.18783563,1.3549596,0.7033214,0.52310973,1.3672127,0.5484109,0.15224609,2.6075122,0.05979999,0.39559713,1.1961623,0.62649465,0.072987586,1.5875148,2.2082877,0.10183214,0.36174887,0.13868065,1.2975128,1.2562386,0.54789466,0.66835815,1.7451466,0.15674195,0.7289014,2.015723,0.70403165,0.79588324,0.235074,0.11299071,0.0014205781,0.03913058,0.8975185,0.64971465,0.889647,0.94809675,0.6159619,0.15590842,1.8262148,2.256438,2.420462,0.5098135,0.9998912,1.4021627,1.7311068,0.17015031,1.963589,1.0316187,1.8508674,2.2091887,1.6154813,0.2610569,1.3032823,1.5708101,0.41066957,2.2092402,1.2415407,3.2237206,0.597206,0.08761999,3.2121718,1.0675281,0.42567548,2.2887526,0.83810914,0.086916365,1.3736027,1.2700669,0.6829297,0.3039609,0.7271772,1.3804517,1.7901324,0.21044213,0.25050125,0.20687732,0.24891187,0.9960079,0.15044403,0.6927135,2.8374364,1.4755707,0.43532646,0.13227315,1.8816606,0.27087352,0.11187965,2.6114073,2.171755,1.4251761,0.7700908,1.4928249,0.80414975,1.338637,0.23598476,1.0937785,1.7156054,1.3878245,1.158407,0.056685608,0.37072575,0.54013693,0.3887037,0.24880563,0.22455333,0.14805636,0.49238613,1.5756655,0.12750453,0.39158645,0.18332729,1.2416362,0.73373944,0.96260095,0.10968356,0.19638458,1.1703434,0.2240541,1.5346218,0.51849073,3.3888848,1.8120503,1.6691093,0.20475395,0.6261416,1.2761086,0.47621745,1.2353469,0.2055666,1.1665198,0.2002752,0.8097626,0.4409724,1.4621674,1.7952993,0.43826386,0.49490172,1.1241609,1.4343216,0.041730616,0.06881097,0.7283529,1.7376512,1.8803371,0.60570985,2.9610097,0.4324611,0.030252889,0.61099786,0.2455241,0.48385075,0.7113124,0.1224024,1.5728022,0.038425248,1.2491411,0.0,2.7419043,0.061105065,0.5287967,1.4481649,0.019797072,0.6512155,1.1750455,0.5987743,1.7318791,0.34743133,0.4311334,0.26697704,1.7498182,0.97223085,0.92555094,0.30674902,2.5441937,0.7608882,0.4350782,0.46262988,0.76665425,0.049416658,0.0787874,0.8205314,6.692339e-05,0.46783695,0.73534036,0.25084758,0.2900626,2.7632873,0.17795284,0.712172,0.74149776,0.14408483,1.698456,0.2727178,0.47125387,0.24725026,0.3085875,2.2105694,2.0346215,2.5864842,0.4215902,0.44970837,1.1654977,1.4620584,0.7455397,1.0993351,2.4086924,0.19984461,1.1849744,0.25698212,0.7118408,1.3537507,0.07992192,1.2953391,0.017552797,0.9928562,0.52948856,1.1856099,0.25192952,0.5862978,0.9589333,0.2882592,0.19529746,0.6438034,2.2590036,0.5651343,0.50503516,0.2839866,0.21830635,0.1183968,0.4044944,1.0329612,0.12541954,4.311945,1.6048249,0.51824987,0.021691998,1.828442,0.5524602,0.58399475,0.0590085,0.9031453,3.4996026,1.1432679,1.6382937,0.12978145,0.2764529,1.2176298,0.5167704,1.2210349,2.7419515,2.4803689,0.10333606,1.8724215,0.3566297,0.46821865,2.8816645,0.805832,2.1664789,0.5798821,1.4012136,1.3539827,0.8077288,1.138766,2.1073663,0.30056825,2.3063965,0.301205,2.6437104,0.059193786,1.2478098,0.5550294,0.05380554,0.06804453,1.2197005,0.5577045,0.2665085,1.4229122,1.5442121,0.42518032,2.6622775,0.3118979,0.3519126,0.59411734,1.5942035,0.27248457,0.6931751,0.063733414,0.40421668,1.0515609,0.5579461,1.2549298,1.2962251,0.3493752,0.105796024,0.08515437,0.16301562,2.4198403,0.6626544,0.7945446,0.7570202,0.76213694,0.5546108,0.71113414,0.24113332,1.883962,0.8591644,0.5574395,0.4338329,2.3514838,0.21846765,0.487792,1.6856618,0.8595264,1.0213794,2.0695956,1.9734839,0.8507065,0.704615,0.27389055,0.84154135,0.37473404,1.8542191,0.8293209,1.3371899,0.3240734,0.083809674,0.8117063,0.25217444,1.4140264,1.2329624,0.15494832,0.19358248,2.2020395,0.43224224,0.6680837,0.28627548,0.42247504,0.3618023,1.6585889,2.0804048,1.0004747,0.47424853,0.053826593,1.1005403,0.56589925,0.68623513,0.47622225,0.5288334,0.5859005,1.1178051,0.9980277,0.2496125,2.2875493,0.7815847,0.8294877,2.3263588,3.5543225,0.9614752,1.1683284,2.1931438,1.8105229,1.297615,0.55440295,2.0106337,0.53163296,1.1049336,1.140127,1.5723583,1.0050594,1.186635,1.1154511,0.26137128,2.344058,0.83287716,1.5737815,1.101087,1.0240344,0.123455815,0.111056365,0.022544406,0.60854894,0.12110704,0.046048485,1.1387995,1.144732,0.30756292,1.5966057,2.3409822,0.88286006,1.8451355,0.9100177,0.63416433,0.96071076,1.0586534,0.3392787,0.08704764,1.0261987,0.71219987,0.5852893,1.2025489,0.92983866,0.19781382,1.079333,0.24824329,0.6722393,1.2646863,1.2626976,2.1240246,0.16698214,0.21751112,1.0237329,2.0371535,0.3271932,0.0094579,1.2462031,1.5384681,0.021012109,1.3270296,1.9965091,2.7499747,2.6616535,0.9358237,0.48784974,1.7757864,0.2596087,0.6098818,0.6730568,0.8056323,1.3209063,1.0234126,0.049095824,0.4742127,0.74304736,0.32343894,0.3736936,0.025265833,0.28141007,0.27579236,3.1522217,2.4714592,1.715006,0.80689955,3.0282533,0.8698201,0.62627244,1.298758,0.0,0.24384995,0.19056447,all_pothole_images\pothole_images_enhanced_079723f44df535b41bc4e0bc6b526851.jpg
1.0575001,1.0444298,0.56859547,0.92020726,0.5897914,0.002251437,0.5664839,0.17897141,0.44886544,0.78890306,0.0029862563,0.80187565,0.33034772,0.33365077,0.15862004,0.31168914,0.08532191,0.5251706,1.0167198,0.10215179,0.75100005,3.218093,0.18963124,0.23289074,0.5981138,0.7643622,0.25520286,0.5186945,0.0,0.73842347,0.5505772,0.8741876,0.4672829,1.6196754,0.2637413,1.49626,0.24420665,1.1595718,0.8801271,1.3186626,0.24689671,0.051400937,0.12750551,1.3188382,1.3122504,0.41322026,0.21449967,0.0024426568,1.6892604,1.4941384,1.1530837,0.2773938,1.032598,0.121225275,5.6044177e-05,0.9549347,0.4128014,0.91731185,1.3112458,0.4270027,0.02740319,0.06412002,0.08683768,0.17321388,0.5388903,2.868908,0.7385829,0.68412983,1.0197301,0.095102884,0.03472012,0.49096072,0.65498453,0.04464137,0.9882596,0.4708532,0.011928885,0.18417434,0.006536659,0.0034138241,0.15889558,0.13933188,0.24658506,0.8234435,1.0275992,0.26928782,0.18814476,0.9530702,1.7882543,0.21246299,0.41487968,0.20058393,0.18212427,0.114840105,0.45050588,0.21987396,1.7892723,0.7300225,0.35685137,0.008690287,0.12638152,0.1277179,1.6668863,0.18708804,0.2937196,1.6339616,0.0,0.0949866,0.82745093,0.29901412,0.010480572,3.5296106,0.2669074,0.5314489,0.70307624,0.010315646,2.328502,1.025344,2.8022625,1.8112562,2.5276277,0.9141907,0.3460455,0.9554588,0.19507128,0.88452226,0.14561322,1.0987794,0.9733781,0.12970193,0.848115,0.0011183679,0.13776174,0.028573828,0.04668393,0.68892926,0.19184901,0.5826172,0.31510788,0.21023896,0.027365282,0.3968267,0.55548495,2.0867996,0.026681617,0.32810098,0.025073878,0.59584785,0.5834406,0.24728972,0.2312591,0.7005982,0.01945577,0.07955055,3.407158,0.53991324,0.384836,0.49914932,1.0517244,0.27597246,2.270146,0.92961866,0.43259558,4.695722,0.14110154,0.7880332,0.40346235,0.10103284,1.3430848,0.9313353,0.0,0.015055335,0.030742904,0.04619036,1.1530418,0.39618582,0.03139895,0.0,0.24266055,0.115554124,0.006849156,2.6353455,0.9403534,1.0419674,1.6983129,2.2215943,0.121577725,0.5874659,1.1426967,1.1412873,0.3330263,0.37593204,0.39241904,2.8026576,0.09957737,0.20145933,1.2754759,0.9302211,0.14257152,0.5229574,0.0027376357,1.5753944,1.0873288,0.990767,1.3257244,0.29423696,0.02344222,0.84691066,1.5355943,0.10552443,0.018173672,0.0,0.09072116,1.0198681,0.656895,1.7605064,0.080034494,0.37630516,0.39797541,0.4190066,0.0144653125,1.5206047,0.2665067,1.9151126,0.40353432,0.17783414,1.3259898,0.07286173,0.31014282,0.25759596,0.15550978,0.108570546,0.5296926,0.15060078,0.98923594,0.09956243,2.0594609,0.06270678,0.02507639,0.111115776,0.09526085,0.18915203,0.020993996,0.13618265,0.23548593,0.02002492,0.78278255,0.23701036,0.4298614,3.2878504,1.8913448,0.73776585,1.5545013,0.7337598,0.17188665,0.17122753,1.4595857,1.2556169,0.27479148,0.67640233,0.073386386,0.031060204,0.5564972,2.6895716,0.8548195,1.1419059,0.1255033,0.58317405,0.37465146,0.26456958,0.1781582,0.017018916,0.0,0.04136594,1.4647655,1.4539613,0.45480096,0.31711394,0.081444815,0.5708596,0.19093062,0.8188867,0.5749947,0.12918293,0.34715194,0.27340135,0.58840495,0.14043233,1.4325564,0.9783283,0.017326659,0.3029944,0.28688958,0.88327956,0.09168943,0.0014331467,0.14680621,1.8755468,0.5483429,0.5781149,0.2775217,1.4299052,0.39846712,0.8663963,4.2735343,0.2739939,0.062767655,1.1507682,0.10586939,0.16568479,1.0213568,1.5317562,2.300411,2.2736552,0.41088134,1.3821146,0.011783822,0.18891369,2.327341,0.4484337,0.80300915,0.0,0.17166986,0.4220715,0.7613801,0.5913725,0.38542166,0.51748663,0.6216649,0.06073037,2.9790792,0.9013609,0.058702204,0.0,0.30378672,0.8248255,0.25288874,0.028088935,0.021241492,0.34326273,0.5096574,0.41868103,1.9399068,0.3507169,0.5713633,1.0773057,0.0,0.50903976,0.7160965,0.7631266,0.19847469,0.6779368,0.4611463,0.3848596,0.311399,0.43173674,0.28987008,2.0520298,0.9494141,1.029807,0.022298204,0.017120114,1.1744361,0.0,0.23299548,0.1370538,1.8346707,0.25374326,0.46941787,0.09317984,2.5298414,0.16419397,0.94361764,0.0076393313,0.45004085,0.086458065,0.20435937,0.17368174,0.9049877,0.7034612,0.099698715,0.10211586,0.4554956,1.1260033,2.3420644,1.5286596,0.32496554,0.0,0.0,0.8439945,0.7407609,1.4469085,0.9500342,0.33444062,0.11880852,0.04044352,1.1476293,1.0781692,0.57687587,0.46581158,3.7833252,1.2046727,0.00072927884,0.30612192,0.5511371,0.21642241,0.6053178,1.0820014,0.12747586,0.0,1.2671117,2.0735838,0.51608396,0.71773297,0.051348057,0.00020394458,0.4676093,0.0,0.42422602,0.53199035,1.7594373,0.3918636,0.54866445,2.906177,2.4040756,0.0976898,0.4198553,1.6655041,0.079740055,1.0363139,0.23202775,1.107576,0.7048852,0.6706946,0.624012,3.6682925,1.3620057,1.2862117,0.6038972,0.7872305,0.015850548,1.1513261,0.036344957,1.5296793,0.40846568,0.08735475,0.24040657,0.1552939,0.005651758,1.3615429,0.7110289,0.97832656,0.36436024,1.3188853,1.2689362,1.1361712,0.25446033,0.80595535,1.0106896,1.4683822,1.2476351,0.24216703,1.7631034,0.16078416,0.00030622937,1.1206553,0.011388518,0.0,0.18590896,0.27992862,0.6766811,1.2892833,0.09232449,0.28327435,0.478153,0.9608948,0.10707432,1.622278,0.19462474,0.055579886,0.076372154,3.4668605,0.8970038,0.04734032,0.12896344,0.33372045,0.394876,0.12923238,1.1333321,0.0,0.4129443,0.8820652,0.96135926,0.6275514,0.0,0.09719624,0.5481842,0.82742983,0.4798019,1.4865389,0.1273313,4.7498655,0.81362027,0.26949948,0.085040234,2.1813037,0.017443128,0.44817847,1.1261705,0.40442008,0.13212489,0.91546714,all_pothole_images\pothole_images_enhanced_079e230386a9feec86cee29843e69749.jpg
0.890135,1.8763785,0.47011662,1.6662607,0.24679129,0.4048667,0.72018313,0.0,0.5408202,0.2818527,0.85308313,0.44757894,0.30748177,1.5813395,0.3214149,0.4233188,0.15854132,0.112776324,0.45137447,0.5516469,0.3276581,1.5094864,0.21752565,1.3509724,0.9242067,0.2423005,0.6980146,1.963963,0.094076715,1.0004289,0.40394175,0.16750553,0.7563461,0.1483471,0.9132335,0.027957782,0.054890223,0.76980776,0.0033703635,1.0910445,0.0,0.20814784,0.23690386,1.391009,0.62547684,0.10504681,0.10005309,0.25781155,0.19077694,0.5120763,0.23506095,0.315733,0.81511945,0.121985435,0.38302618,1.8189261,1.540366,0.3627055,0.7193777,0.6291521,0.128474,0.6001337,0.6970581,0.08115264,0.40347824,2.4508755,0.59400225,0.44511387,0.5929484,0.57341033,0.30276716,0.5176817,0.5172413,0.24689156,0.10709283,0.8073974,0.312034,0.4577478,0.0043095294,0.41009375,0.35784042,0.36145127,0.03356452,1.1612856,0.4258833,0.4935917,0.22226712,0.18849814,3.544623,0.19941884,0.18304999,0.54773104,0.66741675,0.8258236,0.09320537,0.16641776,0.49312127,0.80817676,0.9500387,0.93650115,0.08067039,1.0563618,0.43045694,0.6688368,0.6191383,0.5643435,0.20782036,0.05915951,0.013080265,0.57771695,0.21214958,2.8041923,0.19791575,0.47590986,0.35582486,0.71941274,1.7184628,0.10195297,0.42662087,0.21667227,1.6832047,0.35741934,0.53253603,1.1160783,1.2845815,0.54933363,0.1237377,0.4807718,0.34326884,0.25411674,0.5657489,0.39094988,0.25242653,0.4339958,0.29077667,0.520336,0.40845805,0.3603461,0.99332404,0.35330752,0.009189059,1.1892703,0.13211851,0.81340164,0.17429468,0.87374926,0.54205054,0.0,0.910842,0.8275157,0.2536242,0.3913941,0.0,0.56297934,1.5930728,0.2624288,0.568342,0.06349595,0.56406873,0.8645267,2.1024926,0.45138454,0.31057236,2.2817783,0.6023793,0.28348723,1.591081,0.17851563,0.49504432,1.0214192,0.0053846356,0.005547232,0.42608145,0.7244615,0.43763307,0.14632234,0.5772327,0.10894726,0.43842646,0.39936754,0.30289283,2.940853,1.7802762,1.3149502,0.95073706,0.89058733,0.034775548,0.010027523,0.7255266,1.5873313,0.7984238,0.7471585,0.23759378,1.2959397,0.06463608,0.06959655,0.48500764,0.81684595,0.27375177,1.2637396,0.14772506,0.67080873,0.022239773,0.37353542,1.3100414,0.59139454,0.58269763,0.20327443,0.16024055,0.0435816,0.22646047,0.63550824,1.1559108,0.3115189,1.1640307,1.5314603,0.5923231,0.009549213,0.5002727,0.20111538,0.7486176,0.09315241,0.7426074,0.6060294,0.49796328,1.1422333,0.93510497,0.72557193,1.2303655,0.15379822,0.572544,0.23904872,0.67690325,0.32179728,1.3809658,0.23763691,1.0869489,0.06728819,0.13941672,0.0,0.022566145,0.36954057,0.15994832,0.2352288,0.28290573,0.0,1.1016914,0.28154036,0.15628913,3.16886,0.61603093,0.032231733,0.9446132,0.1263214,0.20516206,0.027045162,0.8615157,0.74134517,0.36788043,1.2307265,0.6115949,0.094834454,1.0396302,0.25892055,0.3851815,1.2548106,1.6396104,0.6151951,0.5839869,0.40381846,0.6952415,0.0014444902,0.21227458,0.12890771,0.56364244,0.79204875,0.40912277,0.28514385,0.86927414,1.3466367,0.4111455,0.1856478,1.0625819,0.091208726,1.2211937,0.5302618,0.2691596,0.759782,0.7446745,0.23195416,0.12428813,0.18549095,0.51886606,0.7011554,0.3658661,0.32886824,1.2178396,0.59181035,0.5931768,2.0671222,0.23081572,0.8341449,0.041927453,0.37275773,3.5787134,0.13440873,0.0012728657,1.148147,0.58346784,0.018779105,1.0108057,0.21652357,2.517106,1.8887743,0.12731948,0.41337278,0.39021677,0.95744354,2.6216996,0.3856551,0.08478946,0.34042197,0.21170749,0.3314064,1.5058553,0.719931,0.23369958,0.14814284,0.9042399,0.50661427,3.1146295,0.25518256,0.5259274,0.5427425,0.23279445,0.31073987,0.97929925,0.870204,0.4016158,0.3569879,0.42809033,0.56909794,1.4695985,0.50690913,0.40486935,0.5176742,0.07464998,0.3471309,0.038943037,0.35946187,0.123478174,1.0700907,1.0180861,0.71581346,0.123244554,0.036219794,0.23017816,1.0751828,0.21324167,1.124456,0.40090123,0.033808153,0.17082082,0.13682675,0.0058488874,0.29550445,0.48410237,0.22686541,0.4926813,0.24637051,1.2595227,1.1261045,0.78052115,0.058923792,0.9752432,0.71647835,0.0,0.86022437,0.21301943,0.31735724,0.33862078,0.15412375,0.17265259,1.5921078,2.1049275,2.1029224,0.926582,0.1578228,0.080006614,2.5345688,1.4667349,1.0729531,0.1685448,0.20934118,0.028864115,0.297148,1.0659268,0.23281276,0.34384462,0.041327067,3.1101272,0.5037644,0.6414722,0.9446697,0.6043476,0.24474622,0.47067088,0.7638159,0.042028632,0.49033323,0.06356887,0.4736799,0.29022968,0.18963188,0.07596564,0.7298425,0.91123605,0.22401871,0.97882897,0.041743085,0.7286053,0.48749542,1.8442115,1.8074515,1.045306,0.1849793,1.0048113,0.6116387,0.6828562,0.1581441,0.0059964,0.43973404,1.156877,0.3610545,0.27137706,3.6341908,0.41469106,1.2509015,0.35081634,0.13124494,0.8634657,0.0048930664,0.10025032,0.60300684,0.06913852,0.014537101,1.0098329,0.95113707,0.6513183,0.5498787,1.6803405,0.2933373,0.8997969,0.57826906,0.44828367,0.3822483,0.22225419,0.42971593,0.026395496,1.0295923,1.3062563,0.55182165,0.3047,0.075883225,0.5737155,0.56574214,0.74172235,0.04411501,0.20734656,1.74897,1.1006805,0.9956521,0.052525375,0.24606743,0.71519786,0.45381927,0.4552216,0.6839455,0.25894043,0.20910881,1.3062716,2.6573002,0.41020826,1.0619808,0.0002344974,0.4959652,0.54620814,0.25393364,0.43094155,0.0,0.656008,1.6362915,0.32630596,0.0039082137,0.07703303,0.11407461,1.1443474,0.019510899,0.10728862,0.16398208,0.0979553,2.7319376,1.0121068,1.1876395,0.20328116,0.3938351,0.29944128,0.93361056,0.3231902,0.19446802,0.1694403,0.12991187,all_pothole_images\pothole_images_enhanced_07c98426d58d9e754598d272759d1aa1.jpg
1.6617199,1.6712704,1.9013405,0.848166,0.5027206,1.2294296,1.3070889,0.64813876,0.9250273,1.2720593,0.16802382,0.56653655,0.19669786,0.4162887,0.4702743,1.550343,0.99976563,0.18639897,0.60591424,2.23442,0.34888768,3.1345615,1.4749924,1.2069372,1.1582587,0.45133784,0.5171207,1.0096191,0.84305423,1.9686879,0.5418437,0.83913004,2.5781045,0.932858,0.2375714,1.531237,0.5006141,0.3094688,2.3948648,0.8673005,1.2589332,0.80161005,0.18899201,0.26199034,0.1505949,0.7365953,1.6731247,0.29238358,0.16158932,0.76535094,0.94098467,0.10376997,0.1118634,0.29320893,0.81062186,0.8529624,0.0998648,0.0,1.9306244,1.1988364,0.2666737,0.20987278,0.22366543,0.008872701,0.14000836,0.5888415,0.18682435,1.2952223,0.15119234,0.245702,0.80477375,0.40290216,0.72680795,1.2624906,0.4796854,1.4077505,1.1428894,2.4922688,4.7455087,0.44067258,0.0057913787,0.0,1.292213,0.7786083,1.1214131,0.15799312,0.13714156,0.16486335,2.9868765,0.9789528,0.30495915,0.17483757,0.30346492,0.8635964,0.038124643,0.019802434,0.7756262,1.0619774,1.511165,3.1042879,1.7138703,2.3213942,1.0986938,0.516954,2.3651533,0.09458469,0.0,0.47287342,0.24120396,1.3208121,0.36933956,3.6335847,0.7984387,0.47874975,0.0,0.10472765,2.124993,0.95933676,0.36371592,0.32168284,2.2941995,0.60662895,1.4734635,4.1257486,0.9591884,1.5630076,1.0911174,2.0949183,0.42519,0.74094474,0.013599263,0.13526659,0.53785884,1.996158,0.8998817,0.26133946,1.5986893,4.409933,0.49230856,3.1995466,0.36891913,0.004732646,0.17267635,0.69877595,1.2061447,0.46523008,0.18378201,2.319709,0.18514244,1.3295147,1.2923131,0.30517825,0.011050022,1.9318082,0.5415639,0.8031709,0.24154863,0.24098581,0.5006613,0.35710642,0.36835995,0.6590562,0.14596762,1.3091502,0.74006057,1.447396,0.0369136,0.039245956,4.366265,0.522372,0.6717187,0.039809097,0.0017299277,0.44379526,1.6436716,0.2989154,1.9754777,0.15633447,2.7717257,0.58625054,2.2597606,0.79089004,1.7335728,3.67335,3.056646,0.040578622,0.52308536,0.9432824,1.0015199,0.8735227,0.2922675,0.7279735,0.40612972,2.3005202,0.20311838,1.4643734,1.1731101,0.9946434,2.1653106,2.3688424,0.96358114,2.247068,2.1161692,0.34894118,1.6064866,1.8925563,0.62275136,0.479981,1.0520322,1.5202888,0.5967856,0.88391036,0.5166725,1.8367287,1.8966818,2.109235,3.3160145,0.28247043,1.0464647,0.069427125,0.38779312,0.41843796,0.31553972,1.1418403,0.10052761,0.7334547,4.2302,1.2122006,0.41803756,0.23132847,0.120470226,0.13396081,2.2791173,0.22005661,0.15070641,0.5358677,0.27789903,0.30986097,0.45618019,0.47132137,0.6718412,0.4329612,0.24072203,2.1390088,0.50067127,0.16787224,1.576874,1.417119,2.571849,0.32202274,1.2267623,0.80291903,0.57514596,1.4761903,1.7699282,1.6778686,1.1080246,0.18291429,0.992345,1.2153783,0.18727672,0.17062889,0.27963275,0.7279968,0.0,1.5762805,0.10514577,2.3697116,0.28001693,2.762192,0.14808966,1.2144555,0.46917686,2.422378,2.9318395,1.2366403,1.5522143,2.4086406,0.14639811,1.1227819,0.1764033,0.89855015,0.36574593,1.3389745,1.8119951,0.45859826,1.0128827,0.76629025,1.6185997,0.043366227,0.5890055,0.9747192,0.08807263,1.0540868,0.1843406,0.22749831,0.7604851,0.3011894,0.5162356,0.39462715,0.46188265,0.19950405,1.4732249,2.1332777,0.97596747,0.800517,0.46646821,2.2076023,2.5470407,0.32965252,1.3057569,0.13994925,4.358708,1.0635502,0.16545388,1.1433288,0.53491795,1.3842652,0.39015758,0.0013569662,2.3117106,0.6361147,0.39519936,0.73786443,0.2943265,0.70426023,0.94755226,0.2593098,0.012282222,0.6693249,0.5660347,0.45200223,0.4310053,1.686109,1.390161,2.0499759,0.33323827,2.2084959,1.1745547,0.49171284,4.7175384,0.3099192,2.0632977,0.15791428,1.7392553,0.18218672,1.6412987,0.0060465634,1.4855412,1.6802897,0.10750584,0.4652219,0.9060861,4.2100973,0.5532816,1.4954127,0.36159012,0.8228144,1.7823145,0.35573578,1.1216232,1.0617541,0.7008877,1.0232785,2.811428,1.3201604,0.6762484,0.7950689,0.78770214,0.8164813,0.3401233,1.9020663,0.4100628,0.011297958,1.0809273,1.1772083,0.7812195,1.387471,2.5791392,0.2920074,0.16377127,2.1850314,2.2980344,0.83104944,2.5153477,0.016281798,0.5971576,3.1515596,0.59134734,2.5794578,2.4651685,2.0954316,0.0,0.8827499,0.41296044,1.0534887,2.8526156,0.51118124,0.3810367,0.5426332,0.91452086,1.8787827,1.5856285,0.54920596,0.5382655,0.58253336,0.22778171,0.17708504,0.20407644,0.88906485,0.42444298,0.45983154,1.2107147,0.0367939,0.0,1.1962333,0.36890018,0.59027684,0.88396513,0.32442778,1.67683,0.6562781,0.89788145,0.3101634,0.7203522,0.38478357,0.79618084,1.6851069,1.12862,0.94984186,0.10333689,1.2282177,1.4213836,0.22211076,0.34758112,4.5490966,0.030159013,0.0028036623,0.68331814,0.15227762,1.428555,0.8832109,0.13821536,0.22929166,0.44680104,0.0673669,1.5994524,1.7011572,0.07113199,0.79809344,0.17443116,2.0686886,1.8571889,2.3171966,1.4476426,1.555182,0.5672902,0.83740616,0.07471408,2.3722992,1.6078733,2.0813498,1.3651587,0.0020883603,2.8597157,1.8212395,1.0683823,0.765767,1.3426251,1.034197,3.4868999,0.32764554,0.32502207,1.2403144,3.0858676,0.4975554,0.24830958,0.9591881,0.6673612,1.564582,0.7022441,2.052911,0.92703557,0.9038512,0.0,0.3437651,3.9391901,0.120172486,1.1990722,0.19118427,1.050565,1.2828722,0.4555514,0.2457064,0.5546865,0.60944796,0.8213941,0.4265234,0.8054699,0.8224844,0.44383767,2.435919,0.88132524,2.8870656,2.6950321,0.004237586,0.255344,1.9241946,0.18104786,2.1496973,0.06402925,2.2654045,all_pothole_images\pothole_images_enhanced_080d86c13027bba8c9cff7a45360e014.jpg
0.63615984,2.1886668,0.2817624,0.6920088,0.11879465,0.5144398,0.7608354,0.45502487,0.09809859,1.1229681,0.112695515,1.2580545,0.44871992,1.0256919,0.0,0.7392515,0.21881376,0.003886303,0.31251264,0.51225686,0.28384635,1.2863022,0.5272926,1.8816952,0.29517767,0.89806914,0.06303994,2.2381542,0.016698338,0.71446127,0.6212271,0.58636755,0.65554893,1.3161443,1.0893364,0.56104004,0.9761435,1.1274108,0.9718237,0.1083533,0.48966995,0.66417384,1.675889,0.08948933,0.8702536,0.2753854,0.43481296,0.42930907,2.3751688,0.2938779,0.24813004,0.2088229,0.89855945,0.06190037,0.46222973,1.1651192,2.728839,0.012349984,1.4882759,1.0763942,1.268772,0.062114406,1.3007776,0.5875613,1.4724205,1.9585547,0.70283353,0.8907809,2.3234267,1.8408511,1.725619,0.18004067,0.9337191,0.19517368,0.561496,0.772431,0.60516584,0.24458806,1.4454691,1.3358839,0.14169946,0.24997453,0.64572036,3.1983237,1.1584785,0.4962178,0.17043172,0.6055028,3.6181786,0.8475205,0.47655207,1.7759737,1.2421315,0.878145,0.101659186,1.0498973,0.7741715,1.8720871,0.67960393,0.21340361,0.54488957,0.8232417,0.038083013,0.31496048,2.1353524,0.061729606,1.3181081,0.11991647,0.41042608,0.60106665,0.59959704,2.2366877,0.23747104,0.9329072,0.77416545,0.3403398,1.2489301,0.85970557,1.9285911,0.7680791,1.5021856,0.3701963,3.7090628,1.1881133,1.5570648,0.6354816,0.30231616,0.52766806,1.8213054,1.0673635,2.551716,1.6251874,0.027850812,0.37103885,1.2047281,1.2748094,0.43765557,0.2211307,0.9605482,0.3719724,1.5043874,2.5456681,0.38966835,0.5606622,0.0018206063,0.06093798,0.07760208,0.2913512,0.73395026,1.0862201,0.6301941,0.76213354,2.757297,0.08611402,1.2262167,0.28682768,0.565954,2.4545727,0.072291784,0.16769074,1.7561647,0.73925376,0.45416656,1.9014232,2.3786764,0.54442364,0.5446286,0.02486698,1.7822813,0.5044928,1.0452397,0.6448653,0.34805062,0.42202607,2.392291,0.89550096,2.096898,3.2740479,0.3461865,4.405769,1.1444887,0.51465404,2.3744144,1.3296541,4.5681915,0.7065684,0.9916159,0.7574171,0.19462223,2.3254983,2.1163135,1.7627403,1.1239231,3.6350636,0.17814931,1.0627222,0.35980776,2.6725962,0.07174879,2.5710337,0.2527329,0.2066287,0.13696234,2.5828702,1.2662262,0.636859,0.4914664,0.029882617,1.5671921,1.4228778,0.7935459,0.5739063,0.65533674,0.712632,0.2716348,0.44806954,1.2957369,0.5553549,0.51610994,0.42685932,0.6306051,1.9972674,1.4249582,0.8268216,0.9344608,0.006112168,2.3555799,1.2830093,0.9391933,1.5833955,0.81819177,0.14301124,2.1083016,0.3322663,2.2310352,0.3633419,1.1085408,0.12514709,0.16772851,0.8561363,0.7051586,0.15100893,0.017126003,1.2203629,0.18083918,0.0,1.5847937,1.3646504,1.4254849,3.8094406,0.31934398,0.98843396,1.6552212,0.0039636237,1.616689,0.053669237,1.333925,0.26755124,0.9318612,1.1861523,0.21349007,1.0532695,0.07699322,0.046435967,0.08261414,2.2711496,0.088396706,0.7395041,1.5781178,0.2800476,0.20088103,0.088072725,1.9635785,0.9283336,1.3604397,2.5640564,1.1750804,0.21523005,1.0015594,1.06058,0.32250783,0.5710924,0.30840087,0.21169391,1.8250659,1.5033374,1.6413652,0.24341966,0.9315097,0.1992636,1.0669333,1.210696,0.11576071,2.8060338,0.8109887,0.23307307,1.5484031,0.22998962,2.2362022,0.3162614,0.039751835,0.27243626,0.095171206,0.2058723,2.7504609,0.6426296,0.19045064,1.1808121,0.32956582,0.06694372,0.29196486,0.7497876,5.8565664,0.35615578,0.19636182,1.1294414,0.5021095,0.658328,1.8784899,0.30147132,1.8196352,0.55104786,0.07989098,1.1763761,0.21210235,0.37573075,0.8093534,1.3857032,0.121656924,0.3917318,7.272555,0.3561195,0.16823922,0.04972162,0.4949655,1.1661377,0.13667461,0.25053483,1.2467912,0.078120634,0.39422378,2.8724608,1.4900475,0.14304729,0.032284897,0.12215177,0.20023035,0.39419618,0.42102516,2.1396863,0.03294468,1.6811625,0.5671012,0.67886424,1.778203,0.20257619,0.074365705,2.3459985,1.0035841,0.24525174,0.8418311,0.43570724,1.9429667,0.20283987,0.019241033,0.7206257,1.9000541,0.8146507,0.7553575,2.7739856,0.9025587,0.8245992,0.84278697,0.059029546,1.3292501,2.8585298,1.3087361,2.169866,0.33134577,0.10871389,0.27563322,0.69932103,2.7286732,1.9069693,4.758588,0.36626628,2.4804432,1.2226442,0.030623194,2.6337037,0.1793576,2.4700844,0.95428705,0.23606116,0.2796611,0.38991833,0.32053733,2.2719173,2.1141822,0.70415306,0.79770267,0.30365297,0.76916426,0.3750709,0.8532042,0.054194454,3.144848,0.57716477,0.16278264,0.87177306,0.09549504,0.532867,2.2675946,0.18390998,0.38949776,0.03721893,0.42097846,0.28404418,1.2942622,0.66277015,0.56464434,0.47372442,1.1407571,1.4274724,0.7300779,1.0787066,1.3773272,0.4753568,0.45577043,0.8911851,0.1634236,2.9165347,0.712525,0.33179098,0.49120042,1.8063102,1.0138389,1.015027,0.8246969,0.3294823,0.13016467,0.2856969,0.42270875,0.06261229,0.32950938,1.7752866,0.8192917,1.1490997,0.39815083,0.84986955,1.57859,0.47960454,0.37407878,0.39176628,1.2974945,0.4795909,0.3709291,0.55821544,0.128224,0.43607834,0.7114948,0.7760139,0.3398019,1.2122835,1.2462505,0.45290393,0.555496,0.5073219,0.8631747,1.3096186,0.34155214,0.3828077,0.1883479,0.95509666,1.0216196,0.048917215,1.2301168,1.2443199,1.671514,0.25574762,0.09709451,1.7173645,1.788482,0.14518446,0.504463,1.7888999,0.82648903,0.3330459,1.4882971,0.022620594,0.19517493,0.53996044,0.07739883,0.07046793,0.95753664,0.7408768,0.52048576,0.34185538,0.49571893,2.902188,0.019567376,6.309298,0.92049587,0.8681842,0.6025097,0.1876365,0.0047835577,0.92755795,0.80593824,0.775291,0.6477683,0.8106688,all_pothole_images\pothole_images_enhanced_08234588426562c0102fcfe1bd4b7ef1.jpg
1.3187919,1.2224624,0.928625,0.42382318,0.5414589,0.94736487,0.67702407,1.615308,0.7125437,0.614446,0.15262295,0.16118814,0.02923981,0.48073643,0.27145472,0.04975465,0.0,0.37163988,0.8825127,0.1649446,0.2694693,2.4710865,0.293465,0.62991023,0.6734043,0.21088985,0.6022635,0.77456665,0.86923224,0.22536659,0.5906109,1.251294,1.0991004,0.2681257,0.12121249,0.40324485,1.2108908,0.35560453,0.017129714,1.4030665,0.3442854,0.91662633,0.0,0.8868109,0.38717502,0.026693719,0.42706323,0.0068035666,0.0036995134,0.3908525,0.3161454,0.63780004,2.0307922,0.18314219,0.21064049,0.025956634,1.7119274,0.37910727,0.18122447,0.31734407,0.5811677,0.5190288,0.65565133,0.5268774,0.0018539093,2.3054845,0.51146936,0.07783116,0.0625931,0.38266277,0.3164509,0.8377331,0.19952793,0.16775516,0.009450984,0.15144312,0.34586766,1.2090615,0.0,0.0018014761,0.045950063,0.45579776,0.17134959,2.7452927,0.08372696,0.368434,0.5825111,0.007285846,2.2112877,0.021285003,0.29504985,0.22111137,0.037440926,0.13620041,0.2134373,0.07366997,1.8788854,0.27678165,0.035583977,0.13730443,0.40959993,3.5991907,0.97877365,0.21246608,0.027707146,0.10041302,0.0,0.2685876,0.87101597,0.4660312,1.1158806,2.9663472,0.8694503,0.11509703,0.19238374,1.3538973,0.8436908,0.83170366,0.1463799,0.36265606,1.7808975,1.1360584,1.8544897,2.3166285,1.572847,0.37004524,0.5889684,0.83226126,3.364381,0.05695003,0.17661636,0.0046325177,0.107770585,0.08924292,0.113683134,0.6198265,0.24144383,1.3357564,0.4476391,0.8653055,1.7518165,0.64642245,0.11530718,0.5366158,1.3204862,0.862456,0.13256803,1.4911047,0.9372119,0.53441477,0.4970707,0.9570158,0.4664149,0.14313333,0.66886497,0.55237556,0.20504121,0.48807448,0.35319215,0.24839799,1.4139024,0.7665332,0.65614504,1.5221595,0.0045039128,0.20945513,1.611461,1.9145223,0.7663714,0.2714559,0.034351338,0.005654286,0.28353107,0.44430566,0.7210913,0.12332828,1.6356242,0.4683642,0.72158843,0.44447282,0.5601416,1.6583232,5.063099,1.5768087,3.9473908,0.8126898,0.30952165,0.19645534,1.364974,0.33303773,0.33193958,0.13928968,0.2818008,3.7485464,0.09160042,0.45279482,0.020707943,1.4998924,0.33123526,0.705328,0.91660666,0.23297411,2.1914105,0.62675524,0.43500742,0.5062886,0.6998375,0.09295747,0.41455105,0.50983477,1.5957801,0.80811995,0.21614318,0.91564023,0.9347515,0.7931445,1.6120213,1.3602668,0.84219706,0.13031043,0.6260869,0.27795038,0.33080882,0.40376827,0.11900222,0.06919929,2.4658396,0.11892332,0.21144752,0.30117986,0.99335563,0.79689443,0.2457645,0.34099492,0.30797562,0.03839476,0.6208459,0.5887002,0.104702584,0.14745906,0.54831076,0.33435622,2.7044055,0.016331943,0.009582982,0.1662628,0.4292084,0.12660833,0.98180187,4.2131205,1.4897479,0.17734426,0.55721295,0.27815923,0.066279046,1.0307153,1.3888985,0.031377036,0.030340409,0.360558,0.14553489,1.2652054,0.6485119,0.49035037,0.1629102,1.3825033,0.06970134,0.30413505,0.48898843,1.3308293,0.4483334,0.90214336,0.51498115,0.3838722,1.3167218,0.24310315,0.37013727,0.80371106,0.12711237,0.4822375,2.0145109,0.08929929,0.73128927,0.08792741,0.3154259,0.6346871,0.7542418,1.4107027,1.5021721,0.15728392,0.19358101,0.95343703,0.8254324,0.46620944,0.31162187,0.14604083,0.006685053,0.5790128,0.3963963,0.85266227,0.8687809,1.7613566,0.66952217,0.20782599,4.013857,0.6090595,0.64664483,0.38563666,0.37365925,0.027760005,0.48246753,2.0040781,2.0130668,0.99454063,0.086289324,0.0550726,0.05026077,1.7266365,1.4911737,0.42857462,0.039548144,0.41298822,0.15480702,0.27217698,1.265348,0.6860253,2.141545,0.3590126,0.69815606,0.22102503,3.6187809,1.0294564,0.26674396,1.1390572,0.6066719,1.0662678,0.7182785,0.5798456,0.271452,0.3793574,0.0,1.4058802,0.3108401,0.0072646406,1.1163619,0.0,0.09105534,0.32697767,0.63179284,0.51683265,0.54568565,1.2258402,0.95946383,0.54163235,0.15271649,0.55822855,0.53930956,0.84795207,0.071024634,0.5945321,0.28355673,0.0,0.76336414,0.27180827,0.04094457,0.18510234,1.0633271,0.9338423,0.5524989,1.0925442,0.9788611,0.3273066,0.48431745,0.3387506,1.1461717,0.037176657,0.32334962,1.6588857,1.1009185,2.3515615,0.19719312,0.032053728,1.3042231,0.6482464,2.0130537,0.47636545,1.1967793,0.2841133,0.0,0.3235396,1.548645,0.33459732,0.19312243,0.43298873,0.02831608,0.15197036,0.6199028,0.37377942,0.1170425,0.6162362,0.8735421,0.15763627,1.2087965,1.3259982,0.0,0.7162287,0.153212,0.36660773,0.8556826,0.01053354,0.24414884,0.30984628,0.721225,0.12766834,0.09519685,0.56743526,1.5030066,2.0457895,0.33740276,1.2035173,0.92384446,0.07747973,3.4591773,1.8433578,1.6166817,2.2245102,1.4912746,1.9605031,0.32942685,0.33256617,0.08275395,0.70764345,0.0019423298,0.0,0.25775698,3.3273416,1.0408188,0.4709047,1.5523306,0.75196165,0.31205413,0.5261005,0.10316003,0.107765526,0.31739733,0.52151567,0.37907207,0.000535386,1.3899192,1.0011659,0.6031832,0.1474114,0.023873102,0.44470984,1.0084513,0.3531853,1.756915,0.081118695,1.440388,0.5616436,0.74796844,0.88468146,0.19295682,0.43502527,0.33443487,0.10750568,0.1518465,0.4301934,0.7080593,1.9903169,0.6172878,0.53998154,1.103873,0.024455773,0.16489664,0.013164345,0.2966919,1.3194616,1.2346551,0.05219333,0.46644896,1.6680746,0.19676903,0.79166603,0.0,1.1308687,1.715676,0.20879818,0.52705264,0.024373963,0.059308346,2.3986876,0.0,0.7103124,0.012257461,2.1968302e-05,0.551398,0.16919085,0.4581787,0.5999413,0.2347483,1.9738132,0.76821667,0.6885752,0.042982824,0.5175457,0.6505428,0.36980706,0.29755938,1.3005577,1.6025605,0.23733878,all_pothole_images\pothole_images_enhanced_082dfccc02cc156e23aa7063fe98ef80.jpg
0.2215207,0.31642047,0.12213122,1.9830323,1.0157317,0.0,0.7552292,0.43774304,0.52907646,1.5588132,0.23129663,0.5546012,0.14157148,1.1050124,0.0077928375,0.50172096,0.33062238,2.0219529,0.77739257,0.9672311,0.9874762,0.5320516,1.1841148,1.2404323,1.8000525,1.9468086,0.6383868,2.3093753,0.019826932,0.40509394,0.083726004,0.44635507,0.22788145,0.6461623,0.13248959,1.3434733,0.20071706,0.8131435,0.32268092,0.12584868,0.0,0.26451907,0.20332782,2.0748873,0.088764444,1.2662808,0.18831556,0.18618128,0.3767768,0.7092776,0.67252076,0.29300982,0.30074373,0.16261435,0.2602778,3.0240238,2.0621047,0.124628834,0.26518667,0.0064777927,0.18240967,0.4508375,0.7871482,0.66208404,2.4230542,0.70005363,0.7578188,0.36577123,0.009706887,0.858889,0.53894514,0.29180998,0.05939422,1.0891169,0.9631328,1.1219478,0.45541665,0.40395907,0.32334733,0.3049477,1.0760821,0.09122395,0.25895405,0.1142218,0.35224468,0.011468486,0.26098663,0.26832926,2.287891,0.7632657,0.47324386,1.3828579,0.6094043,0.0074041397,0.035501603,0.0,0.9452754,1.7276957,0.71725154,1.5066082,0.085711606,4.779657,0.31992874,0.004247895,0.9457896,0.6396274,0.74044967,0.229723,0.03126841,0.89670205,0.11511956,0.011158284,2.0847974,1.0345527,0.41721818,0.2734456,0.4067688,0.18546559,1.5353122,0.864515,1.1422418,0.3732245,0.021837346,1.854684,0.9552661,0.80921125,1.6629959,0.0946494,0.6294978,0.16511485,0.57206595,0.73802805,0.042978257,0.6298302,0.3255488,0.94767344,0.41219875,0.84489137,0.96702373,0.27710384,1.576237,0.06633556,1.2314461,1.0425758,0.5038695,2.1023889,0.93218136,1.3827257,0.11238497,0.047357053,0.8486258,0.048765138,0.070617974,0.090739645,1.7651048,1.3023479,1.7373866,0.16738112,0.64505875,2.9930587,1.5596076,1.3126075,0.15808916,0.7165851,1.0012774,0.61431354,0.6653001,1.4938703,2.4022017,1.6075164,0.62014425,0.0,0.1095689,0.2454644,0.49972525,0.32169786,0.5784879,0.11278265,0.5067586,0.006009824,0.19799107,1.6767244,2.024822,0.8461441,1.2043271,0.71590275,0.93438625,0.28651485,0.13763964,0.6873768,0.522132,0.53058344,0.14043649,0.9478063,0.33608985,0.045187842,1.3743309,0.5713786,0.4911737,0.27824718,0.113018095,1.5020509,0.96768403,0.4727818,0.48025715,0.82601476,0.18806317,2.0870938,1.33926,1.1779327,0.02203722,0.6084801,0.52497905,0.27364177,1.0785111,2.128082,1.4450622,0.2965755,0.61730385,0.24918564,1.9279583,0.54895693,0.19659941,0.17682278,0.0,0.35382092,0.89645153,0.1849375,1.0739836,0.87147903,0.061419163,1.4612828,0.5284329,0.21117923,0.39795226,0.0,1.4261599,0.3795967,0.20279701,0.4615677,0.2586561,0.020008262,0.060753815,0.077183746,0.489658,0.12428075,0.6959316,0.08516484,0.9728166,4.2893333,1.6871873,0.19669604,0.035797533,0.6964765,0.090954,1.1908622,1.270456,0.18635109,0.96701765,3.0038385,0.28495738,0.121188894,1.002243,0.21326964,0.258782,0.09404577,0.24203974,0.23832874,2.9621787,0.002085946,0.09838518,0.04531637,0.8749174,1.2309042,0.16232188,0.16574217,0.48095545,0.09554588,0.7042919,0.44973463,1.197581,0.18924764,0.042366207,0.06629117,0.016438868,0.3185255,0.31469086,0.30290642,2.0885384,0.051578775,0.5971549,0.6130507,0.12549618,0.9187071,0.07470933,0.518774,0.47205126,0.010853415,0.104100235,1.181384,0.15744448,0.77670413,0.35186347,0.2143991,3.6149287,0.60094553,0.04197018,0.0,0.75545603,2.5546224,0.7054115,1.0590212,1.0354645,0.5441198,0.8449595,1.7481921,0.18426624,0.9090646,2.4263918,0.059494607,0.60103923,0.286082,0.044010468,0.35862133,1.7084403,0.101351716,0.0037682364,0.010621691,0.56546843,0.07732459,0.053841863,0.0,0.22732417,0.41409367,0.043497436,0.07293558,2.4894552,0.5610462,0.0,1.1729957,1.3820701,0.30030617,2.2816613,0.19749813,0.5840414,0.0040756427,0.83820444,0.20029671,0.89731914,0.03430998,2.4724665,0.058494814,1.3596176,0.3705506,0.2563234,0.45675963,0.2801841,1.2451833,0.5708999,0.832466,1.1060671,0.3944084,0.28891242,0.7139511,0.08037985,0.0409572,1.3881568,0.02195911,0.39985263,0.087224364,0.54021645,0.26540405,0.27957615,0.43133256,0.8192981,1.176208,0.030337092,0.12752356,0.9405179,0.5173459,1.0034622,0.06682384,0.5587716,0.44503543,1.5990628,0.6938472,2.4335284,0.050383765,0.343404,1.3229753,1.3476516,0.29019076,0.20846596,0.4770794,0.021194465,0.049801428,0.66656566,0.06704551,0.94300467,0.27060384,0.3273626,2.3081908,0.21768297,1.2655015,0.68643016,0.7027636,0.40439013,1.6616402,0.5930534,0.48684457,1.4325894,0.9244243,0.35079235,0.7770166,0.13718337,0.9646271,1.85998,1.4634268,0.6780505,0.2047433,3.0082877,0.54928356,1.1188172,1.3629402,3.2704692,0.14380549,1.9788656,0.48796555,0.362188,0.39024228,1.0465815,0.2003088,0.37292907,0.6408239,0.9828792,1.5023367,0.69140476,0.12402433,0.22993904,0.2569331,1.8818047,1.29346,0.29775164,0.09898085,0.0898218,0.036680583,0.8749804,0.8099866,0.022033336,0.8954185,1.4266833,0.7856809,0.10045059,0.054899953,0.18437818,1.7405783,0.600481,0.64102006,0.022209628,0.29567945,3.0647576,0.21610607,1.3236762,0.20320384,0.6026014,0.078521274,0.023375012,0.051850066,1.5714877,0.31146652,0.8068097,0.523944,0.06973947,0.20716727,1.1336932,0.27380887,0.38194126,0.5852998,0.90169424,0.046486236,0.74065894,0.92672837,0.42804313,0.45171222,0.016547067,0.095189445,1.2042367,0.23436637,0.39444426,0.020640073,0.44412628,1.0207106,0.28854224,0.23588623,0.0,0.1187696,0.03950002,0.4129307,0.036241144,0.25917807,0.6285516,2.370938,0.036318462,0.33527264,1.4758098,1.1229657,0.26389518,0.22333129,0.29876095,1.3852305,0.34235662,1.0004842,all_pothole_images\pothole_images_enhanced_0868e40ee55a5c394f8f5c2544020a2b.jpg
1.1042482,0.11906532,0.08275484,0.2846369,0.78603464,0.27323213,0.123860516,0.5738136,0.06346532,1.8516537,0.40731284,0.012199487,0.03719763,1.948336,0.5083288,1.5127597,0.21204084,1.1604416,0.15100639,0.38578072,2.0498304,0.6004416,0.9039655,3.764502,1.9006388,0.5286171,0.37508538,2.668155,0.8650818,0.0,1.0993556,0.7614858,0.108843304,3.1050048,0.33939227,1.2041955,0.091413565,1.7232969,0.69063723,0.9037482,0.5970667,0.021476956,0.21649717,0.7395996,0.13981736,2.5613387,0.0026244307,0.4852265,1.2491926,0.62447155,0.44608828,0.24587895,0.7908946,0.0,0.56057507,1.076258,2.9778469,1.27006,0.029500995,0.25877663,0.0069450587,0.16811012,1.2607715,0.1398398,1.3562186,0.91950595,0.031437892,0.23199107,0.26404384,0.15568377,0.44264296,0.069003545,0.93654865,0.8388486,1.1783483,0.3837432,0.0,2.7203922,0.0,0.007917086,0.0,1.0048375,1.3574576,0.3134213,0.5522603,1.2425483,0.1319408,0.4815197,1.7978054,0.17013533,0.29443383,0.5659811,1.0405395,0.10266455,0.6800154,1.2935762,2.068048,1.0591131,0.84813267,1.5549531,0.14093193,4.5384173,0.7582963,0.025039492,2.3152888,0.3505914,0.17404315,0.7363051,0.08843749,1.0857689,0.24200824,0.4362609,1.1688622,3.01313,0.13859497,0.497608,0.45282027,0.6093828,1.2945335,1.7435966,4.7177725,1.2729807,0.0,0.8323911,1.3057059,0.54645246,0.79944354,0.43908122,1.1866426,0.658944,0.49147338,0.32856852,0.19056733,0.75245386,0.49079198,0.44583544,0.66174704,1.4348345,0.16704835,0.114086665,0.19988321,0.10309552,1.6454962,2.3738112,1.0157342,0.68576825,1.2925422,1.1532232,0.45682517,0.09383148,0.9971377,0.0424654,0.14292125,0.42725223,2.6379013,0.052708868,0.14906727,0.501253,1.999411,1.4167452,4.091324,2.2062953,0.82611847,1.0806315,0.07986787,2.832196,1.5141653,0.37109783,2.7920544,1.768705,0.5232521,0.006092841,0.3043179,0.14628229,0.437494,1.8790644,1.00024,0.4442158,0.0012857881,0.06896859,0.0069824127,1.8384424,1.7084347,2.343742,1.977018,1.3425235,0.20619145,0.36052096,1.7275058,0.27804017,0.47984353,0.77471286,1.428649,2.0841846,1.0849808,1.4245652,0.73057383,0.2590227,0.26487032,0.23117699,1.054848,0.5647897,0.51497304,1.4863237,0.09455879,0.07292455,1.9901459,0.48879343,1.0837723,0.6261902,0.025032165,0.09891127,1.3743367,0.08314736,0.7724321,2.0389338,1.5703809,0.45009574,1.0796978,0.24879432,1.1764685,0.06545759,1.5102452,0.0023264985,0.0,0.46201164,2.0920463,0.5886118,1.0280864,0.4080618,1.0834746,0.0,0.56751,0.559983,0.10864795,0.03742601,2.6959915,2.0771852,0.43968788,0.055335186,0.17180637,0.29758555,1.1419557,1.19466,0.44137076,0.06651702,0.212363,1.5278342,0.0073384484,3.7334802,1.6258163,1.0587835,0.37961608,0.24759218,0.8572741,0.2465723,0.34700918,0.08023351,0.25390455,1.9661762,0.59278095,0.23776633,1.0883884,0.022957202,0.06281197,0.35575783,0.5559598,1.6510891,0.3689708,0.15706547,0.09343826,0.042836238,0.5549511,1.6789796,0.0,0.22990197,0.5857724,0.94992435,0.12951769,1.4973427,0.47513735,0.3098692,0.61353326,0.6334602,0.7784964,0.34767306,0.25478157,0.85085326,0.2422429,0.09608418,0.89918953,1.5837021,0.036174837,2.3126013,0.48568895,0.3201013,0.27432063,0.028583432,0.14427592,2.6510563,0.940578,0.044129007,0.12589367,0.08674998,1.4577845,0.2900734,0.0,0.0063345046,0.33058095,0.5244362,0.7462972,2.9168806,0.7271872,2.872787,0.5828743,0.0,0.0067853928,0.7927302,2.3361137,0.06316226,0.25695476,0.3605278,1.0780997,1.5889585,0.25069112,1.0077825,0.013091846,0.22687222,0.8133909,0.1644569,0.47319072,0.22279435,0.4324494,0.0028681634,0.21836245,0.5177857,0.55696046,0.059820786,0.63483095,1.5987767,0.064279705,0.06338368,2.949559,1.3210171,1.3848083,0.16700822,0.2774448,0.7961334,1.4010001,0.0830217,0.38411805,0.841214,0.85119385,0.17439805,1.7941607,0.020274106,0.06086778,0.97580093,2.0412903,0.741224,0.0759886,0.58257025,0.9884186,0.1328497,0.051876657,0.18584076,1.3870877,0.5567903,1.4396217,0.666525,1.5336459,0.05633538,0.09710765,0.3886658,0.13640483,0.46381128,0.2776526,0.37161514,1.0456989,1.3396974,0.6742686,0.0,0.017440675,1.2031825,1.6189667,1.4555506,0.49873424,0.0713283,0.0,1.437401,0.12981127,1.4274639,0.0,0.15094852,0.38782343,0.61763483,0.6366127,0.50963503,0.556906,1.4440787,0.19466986,3.2559805,2.0595508,0.4247652,0.0,1.3679622,2.0230942,0.6001793,1.1624887,0.11316669,0.34010065,0.33264962,0.016121045,2.4464583,0.0,0.8205526,1.2521485,1.4132956,1.1663153,0.09597509,1.5114726,1.653972,0.51863307,1.9139826,3.8677726,0.051051952,2.5279472,0.2779427,2.0841446,1.7658844,0.38087314,0.46519673,0.75259006,0.67447764,2.4390922,3.2178214,1.1981605,0.6856962,0.0,0.542668,2.3236048,0.67991465,0.0317984,1.0434545,0.0018391855,0.0730877,0.61293685,1.4099264,0.5946717,0.8019143,1.004714,0.8142459,0.6267749,0.27484956,0.8830264,1.4262309,0.45971102,0.7867394,0.78601205,2.3691878,2.1236677,0.85411507,0.9955729,0.20454037,0.4407646,0.17138025,0.8305636,0.15456691,2.178516,1.1306208,1.5341817,0.4323703,0.019558953,0.041936114,1.8990207,0.2248407,0.08787883,1.1404688,0.4272911,0.16672345,2.4334905,1.9032971,0.6878593,1.1077636,0.48439357,0.21883382,0.25583595,0.058204383,0.0038646022,0.0034365961,0.35553157,1.1577977,0.09813324,0.054645214,0.5868544,0.9609873,0.24941798,0.12489212,1.2653697,0.4013981,1.1342657,1.4667233,1.585059,0.07546686,0.5331745,0.9922281,0.49399418,0.017386734,0.048207734,0.98677397,1.2700843,0.13710088,all_pothole_images\pothole_images_enhanced_0920eb497fc1117e187561a81ee16ffa.jpg
0.6653366,0.16559799,0.23964733,2.1878378,0.30578336,0.30900586,0.1531598,0.022061352,0.37948534,2.0971184,0.346469,0.30764908,1.0066365,0.09348396,0.049195044,0.0043515344,0.24069847,1.264543,0.0,0.013918476,0.8036467,1.8055491,0.34465063,0.35304835,0.46408147,1.5507213,0.33842644,3.6797485,0.00066874526,0.69120836,0.15708424,1.6352934,0.28340253,0.76445675,2.1071742,0.89533216,0.94019544,0.19523138,0.75203556,0.43307972,0.11562415,0.40004426,0.60192066,0.167416,0.692353,0.06261387,0.37004825,0.042500854,1.7911451,0.021236613,0.5012048,0.21386357,0.42551944,0.39600247,1.0010296,1.5261416,2.4655461,0.46590656,0.41824013,0.5863134,0.016121872,0.4669029,0.9478831,0.94292384,1.0883635,1.6248078,0.12229427,0.34474656,0.6298093,0.06420871,1.6453911,0.37915084,0.16809447,1.744017,0.28503975,0.30042228,0.028728485,0.87271154,0.005736053,0.084648795,0.07622239,1.881278,1.2525455,1.34608,0.055530388,0.00031968646,0.8530701,0.023409557,0.89302903,0.2328689,0.64954984,0.26001188,0.8392361,0.66686374,1.207688,0.43935636,0.47314295,0.102882355,1.0799998,0.62463415,1.001093,2.5512106,2.359279,0.63967746,1.9296571,0.004904296,0.45733866,1.582694,0.006117118,0.41874352,1.4421897,1.196494,3.7577484,0.09268482,0.38472995,0.8200463,0.084231295,0.16709168,2.2791386,0.026402093,1.347547,0.015551637,0.0842603,0.7021526,1.9120163,0.048985306,3.9905956,0.008467941,0.96397024,0.33138198,0.2285833,0.080089375,0.16276646,0.29077095,0.4993625,0.7620123,0.595177,0.042073335,1.4455394,0.007481299,0.96614087,0.19691432,1.149587,0.03537308,0.53133905,0.8568296,0.005398839,0.4146254,0.2595279,0.3843814,0.54436076,0.72054213,0.13884401,0.50802255,0.8451473,0.43837038,0.46301308,0.06250728,1.2890579,1.1515485,0.2048327,0.6130271,0.0116512505,1.0085456,0.39600524,0.32189307,5.2399454,0.10367635,1.9141135,1.3188009,0.9124128,0.8902992,1.1131663,0.58759326,0.4318818,0.8206403,1.347044,0.63181025,1.8283068,0.060837034,0.27215663,0.3324397,1.9814414,0.8032975,1.0592571,1.7442721,0.54430425,1.043717,0.62525463,0.22297683,0.07668147,1.6524689,0.0,1.7783062,0.33157894,0.22356923,1.964944,0.21331502,1.0311599,1.084002,0.25557387,0.9240011,0.1773144,0.07278962,0.18728893,0.19062828,0.5921745,0.1076801,1.6351392,2.4398968,0.0,0.8503536,0.93211114,0.28418896,1.5359347,1.2005472,0.092861,0.30241916,0.063798405,0.020697944,3.0036864,0.17397082,0.11537425,0.253736,0.0,0.7081347,0.14229313,0.44390962,1.2607356,0.8150696,0.067795634,0.0058056694,0.5409065,0.87905407,0.48669934,0.017340556,1.2021611,0.16332221,0.1579626,1.3106303,0.04452145,0.2267329,0.13396956,0.7244484,0.33207142,0.09983165,1.2503903,0.2052109,0.80588216,3.9193254,1.0362417,0.11083842,0.09414982,0.08511534,1.3781154,0.1682394,0.8762389,0.6258381,0.26259187,3.8167639,0.04270028,1.0396298,0.49715272,0.7146831,0.46893457,0.3705265,0.7035422,0.4852489,2.720467,0.0,0.91911674,0.048951752,1.2604346,0.012873676,0.63535726,0.81311953,0.06504389,0.36606205,0.23454602,0.6493572,1.025592,0.36920717,0.10509813,2.196791,0.31737822,1.2064799,2.3883243,0.27214298,1.618658,0.48871595,0.0061692237,0.15783401,0.0062548905,2.3661697,0.055594712,2.4414024,0.5049322,0.24081334,0.04620661,1.9646497,0.51275146,0.071978025,0.041101806,0.24038848,3.069735,0.69168687,1.7352782,0.19512534,1.0544,0.91514516,0.36229324,0.1413992,2.674662,1.0731843,0.92828554,1.7230568,0.3355295,1.2096092,1.9662404,0.9019107,0.10109897,0.16017526,0.63731414,0.38262722,0.96527386,0.31316298,0.86916506,0.46829814,1.704611,0.1333681,2.2975326,0.21288092,1.1438024,0.15745112,0.010094899,0.0034526123,2.9611087,0.26977512,0.16624933,0.02122694,2.447938,0.51103055,2.3993406,1.9585186,0.5696453,1.4012926,0.9656308,1.1767619,0.2666984,0.033908557,0.5785629,0.15028429,0.022500627,0.6646128,0.83162653,0.03269414,0.20423146,0.58840895,0.009084318,1.6256746,0.061384417,0.14864594,2.5518758,1.136732,0.50193805,0.12973337,1.0177332,0.31269962,0.5209916,0.90567935,0.08051181,1.7160425,0.36603534,0.01227082,0.51311606,0.696713,0.031316254,0.22792721,1.0324632,0.16533872,0.9444706,0.04957045,0.7677489,0.21244742,2.5553727,1.4519877,1.2952352,0.6326592,0.0,1.2825513,2.2023869,1.0859671,0.13346167,0.9792778,0.0,0.9476344,0.06265921,0.7052649,0.04578238,0.104265496,0.08130068,2.156655,0.6028308,0.041258574,0.377537,0.51371133,0.84401727,0.7630479,1.1210825,0.36455488,0.2716919,0.4662508,0.11418944,0.32007495,0.40503845,1.4413165,0.44789734,2.3721406,3.3670962,0.6261863,1.26921,1.0571854,1.2889096,0.6550055,1.3548017,0.17837812,2.277001,0.75770473,1.1111473,0.23851235,0.31377736,0.09009146,0.23945214,0.41380855,0.011541725,1.3659859,0.9113511,2.2332885,1.0326837,1.4419951,0.29991034,0.9941033,0.32356352,0.056298643,0.05188976,0.017783564,0.19574815,0.45642993,0.4268776,0.029732192,3.1879752,0.42001396,2.009033,0.06991639,1.0653689,1.3433149,0.34290466,1.2224774,0.0,0.27014223,1.7330549,0.019150142,2.1146393,0.014838966,0.81195563,0.25663847,0.0043473225,0.39140946,0.3329671,0.9948886,0.19198962,0.96024907,0.09739146,1.1485308,1.0640428,0.0,2.031672,0.3577149,1.4694525,0.022380825,0.026304109,0.88779396,0.33966458,1.8795879,0.12373769,0.10444581,0.37659267,0.009533735,0.3798109,0.045278072,0.46563378,1.1357483,0.31586453,0.08996033,0.0,0.16125585,0.048510298,0.81610274,0.058014285,0.021384608,0.49126372,2.6755579,0.5872725,0.96438164,0.59585243,2.7629755,0.7462532,0.0661322,0.61751324,0.3087188,0.4610741,0.0,all_pothole_images\pothole_images_enhanced_094f2a864195cb701b9e4f155ded7314.jpg
0.288244,1.0659479,0.0848438,1.6302149,1.2058878,0.37152895,0.3985125,0.14987418,1.2868264,0.64172107,0.0027934702,0.44501752,1.2279781,1.3481812,0.03100582,0.3095928,0.14114694,2.592971,0.20849259,0.60932297,0.070030235,1.0849062,0.20843819,0.0017260315,0.32487196,1.8113883,0.41924468,0.9770538,0.0297555,0.6353145,0.31183714,0.17194664,0.48341322,0.6470876,0.018254798,1.5631633,0.041912686,0.25866997,0.19352064,0.36480397,0.086283304,0.432589,0.07285278,0.6340052,0.4624838,1.0139412,0.75756377,0.07808207,1.3446254,2.1416378,0.65565366,0.6920386,0.115855135,0.4473018,1.0519109,2.7870767,0.7844741,1.783657,2.4239118,0.42832795,1.2138096,0.5770698,0.16909498,0.9219467,0.9961544,3.2171717,0.4414494,0.43375397,1.066164,2.159973,0.16343392,0.43393752,0.36346897,0.6386186,1.2650952,0.2508587,0.6734742,0.9427887,0.15747282,0.22401829,0.6949479,0.09746839,0.567919,1.1176503,0.41711634,0.78521377,0.52215016,0.1749691,1.1066917,0.9787787,0.33362433,1.5051693,1.3555846,0.23398489,0.18816313,0.1418586,0.7862893,1.1830429,0.18916735,0.06980257,0.1682566,2.4451237,1.300347,0.2647708,0.7440049,1.0275935,0.52027124,0.33358973,0.027805753,0.19447891,0.2076774,0.7054994,0.18678659,0.41442552,0.5261373,0.46411937,2.3374124,1.0825248,3.4789526,0.62933284,0.17864256,0.00011227325,0.48472533,1.8201864,1.0868059,1.89755,0.61984533,2.1814315,1.2871398,0.07308322,0.8772887,0.14474455,0.13299286,1.0215786,0.27739185,2.3939972,0.17040312,0.500473,1.5681139,0.51304245,0.9304044,0.055535164,1.0053685,1.1410278,0.296192,0.5959344,0.0,1.3441268,0.27501336,0.3501641,1.1561056,0.80665183,0.19890787,0.72857744,0.6190867,0.6884008,0.91011643,0.13087496,0.19268203,0.4119749,0.82072157,2.9311516,0.09746053,2.7832499,0.45019817,0.013777065,1.3793694,0.260704,0.7374006,1.088607,0.86246216,0.2203288,0.040075317,0.3916657,0.886313,1.1107826,0.0,0.8804167,0.5075281,0.14290072,0.10351763,2.7994344,1.7429619,0.5538224,0.7477029,0.1825379,0.42056036,0.23914112,0.5890546,2.4663177,0.5367513,0.19505508,0.18293762,0.9055227,0.11456842,0.95043874,1.5313116,0.5255992,0.047218002,0.6050614,0.09085006,0.54701304,0.7383241,0.8370367,2.6719902,0.05362235,0.36570638,1.1820726,0.813096,1.9781022,0.17169853,0.0003350395,1.6875174,0.376291,1.8258283,1.3173574,1.1401823,0.26966533,0.7659407,0.9341989,0.1536458,2.4768524,0.40923262,1.7112554,0.22225282,0.17892148,0.52714044,2.222308,1.1442876,0.04881339,0.041834734,0.13074134,1.0243262,0.20347255,0.8441673,0.05433871,1.8801669,0.43238273,0.07922842,0.73194504,0.46305618,0.44539493,0.41767225,1.0591205,0.72661984,0.17935044,1.208699,0.47889626,1.1379163,3.933955,5.1158266,0.67292273,0.5532848,0.008824319,0.3040861,1.4611262,0.31538558,0.3973665,0.49224675,1.2327212,0.0346783,0.20318264,0.9883426,0.6975314,0.5539968,0.39200452,1.0093452,0.422598,1.6970024,0.18622738,0.17690462,0.14090477,0.001026798,1.4757198,0.3617278,2.189427,0.16337508,1.664504,0.6416189,0.46268415,2.3921218,0.9315529,0.013763238,0.1803755,1.1119844,0.9414408,1.7917796,0.00548716,1.9540868,1.4005728,0.2691492,0.8331689,0.8795566,0.96963483,0.20676173,0.13398802,0.34952378,2.2603781,0.11381248,0.611329,0.9595947,0.17302847,0.6936668,0.2836269,3.1314192,0.15990025,0.07173661,0.4824367,0.047948875,0.8593583,2.4423513,1.1979883,1.6466861,2.5103016,0.77852744,2.2449756,1.0214567,0.66479117,3.2162755,0.11635775,0.6711723,0.07328186,0.41211155,0.44005755,0.36975852,0.5948977,1.8746271,0.31957087,1.1360099,0.5450563,2.261995,0.6466938,0.14125398,1.3576931,0.33638832,0.16426495,1.3797507,0.18405937,0.12332789,0.35560593,0.216605,0.0831788,0.88685,0.5305778,1.1844245,0.84080386,0.0,0.016089335,0.25079772,0.804792,0.44206023,0.4689499,0.8439569,0.08506463,0.3483578,1.2603924,0.06566095,1.5869228,1.0238161,1.3344122,0.3542961,1.840317,1.1324294,0.0,0.008444788,0.24821734,2.0901926,0.46025676,0.08549192,0.33052206,1.2021519,1.311259,1.8279579,0.1252708,0.22761619,0.8928721,0.052041568,0.30606496,0.2522147,0.91307604,1.1140665,0.303281,0.021486409,0.33559838,1.6086136,1.489709,0.7301687,0.0,0.17943299,0.78689206,0.86292934,0.71578306,0.5599683,0.55677223,0.044542238,0.044720426,0.42539307,0.15531708,0.33568776,0.20384543,2.7010162,1.4001567,0.044756334,0.22774646,1.0307221,0.11505702,0.95302737,0.38315806,0.00257095,0.20279887,2.4891453,1.4661582,0.44828546,0.5288077,0.30680007,0.27555507,0.8282796,0.24229196,1.417724,0.0022562975,2.9624515,1.2575868,0.8485682,2.3722851,2.427209,0.3496867,0.45340902,0.10826955,0.0046457727,1.5085872,1.1689998,0.4036834,0.57206213,0.2911947,0.13925558,1.5274348,1.1160818,0.616953,0.027266148,0.57209545,0.02318303,1.3292084,0.80279225,0.49558043,0.52303946,0.90640414,1.0510521,1.3292354,0.24397591,0.68083453,2.2300167,0.36116716,0.1965041,1.1569817,1.5275044,2.8246272,0.0028598646,0.15135962,0.29677954,1.3969061,1.5428749,0.039341632,2.0660114,0.5050725,0.15391524,0.00087334716,1.3437235,0.14214917,3.2254539,0.20358817,0.52348,2.5579948,0.25735378,0.48142803,1.4818759,1.3353186,0.028446216,1.3196851,0.0,0.01785727,0.36275154,0.8649123,0.19810304,0.5776014,0.20590231,0.50919145,1.514539,0.2744553,2.3880832,0.8155956,0.44410685,1.0539821,1.0288551,0.3146575,0.50672793,0.36685705,0.10994038,0.105099656,0.55812377,0.6388281,0.4792112,3.724698,0.27720428,0.15389314,1.080707,1.019549,0.83803314,0.076025486,0.658448,0.3554692,0.06374812,1.958701,all_pothole_images\pothole_images_enhanced_0974d292519c10a73753083f28617557.jpg
1.3754163,1.5565919,0.13786878,1.8206973,1.2214549,1.0494661,1.0951383,0.074042834,0.89002764,0.45657748,0.062002137,0.9021927,0.3613921,0.6904252,0.07610547,0.19888663,1.2183534,0.44644096,2.0683303,0.8017701,0.72179544,2.513454,0.045558505,2.1618998,0.56158984,0.1124366,0.0076008243,1.3102387,0.8058169,0.511163,1.1734452,0.049099326,2.3839307,0.61529744,0.7482855,2.1999304,1.0771292,2.1683354,1.7157563,0.28163233,0.106035344,0.0,0.1053114,1.4942689,1.6433117,0.88464946,0.12438248,0.02470282,1.2186627,2.171085,1.7915946,0.17145222,0.016152447,0.6776741,0.46618074,1.5754762,2.3474221,0.20086205,1.9732666,0.3140675,0.167791,0.08295892,0.2672483,0.031958234,0.5414866,1.3845385,0.50237215,0.24015625,1.0699925,0.079692475,0.0,1.0877817,0.6725769,0.09318947,0.9949004,0.653844,0.28108016,0.43630248,0.4641668,0.47680604,0.015117718,0.11252537,0.1150857,1.0999086,1.66502,0.3557372,0.30407983,1.499487,2.7583816,0.71627074,0.42713434,0.27949604,0.101569794,0.26085186,1.7328787,0.14181563,1.8617841,0.7445119,2.1982026,0.01984636,0.009375378,2.5172057,1.7874024,0.44487578,0.6356463,0.5650592,0.17548066,0.57235086,0.04299844,0.3629187,0.06433813,2.7852945,1.2755909,1.0635146,0.27279186,0.63439786,2.9273183,0.6136262,3.5336883,2.3961017,2.203764,0.6358864,0.016033232,1.4787422,0.13628982,0.47198707,0.64547616,2.0312748,1.2151649,0.024194274,0.415086,0.01789027,0.18932027,0.5352611,0.04881123,1.9361379,0.0,1.7159003,0.32023627,0.9162518,0.23291431,1.4534279,0.55000126,0.70479614,0.012641399,0.17127788,0.023308007,0.80803245,0.26618204,0.5365093,0.7677898,0.091354564,0.10343216,0.04979029,1.8754499,0.30002165,0.8980929,0.17264645,2.2219708,0.0767609,2.4898732,1.0428156,0.016105423,2.7197297,0.20492044,0.42987314,1.2091864,0.05627057,1.5863395,0.30836263,0.3749656,0.031646464,0.0422607,0.53187346,1.6983042,0.21319696,0.031150637,0.033635177,0.41524777,0.41348064,0.0,1.2798346,0.7146058,2.3954723,1.3041353,0.7006674,0.45939237,0.70534235,0.440262,1.4493057,0.17701517,0.57505983,0.15617137,2.0743086,0.37254283,0.7089682,0.3481896,1.0759472,0.89009947,0.24582027,0.15998937,1.0163983,0.21018031,0.8045329,0.36578998,0.78474844,0.82072854,0.19072801,1.9913877,0.11595321,0.0,0.0510538,0.1661491,1.465976,1.7635648,0.82338434,0.36207658,0.038373604,1.129989,0.3061302,0.28615558,0.5457342,0.8620112,1.2937527,0.0,0.18963778,0.68736196,0.100841336,1.0435389,0.0,0.26085013,0.096316725,2.3645191,0.1412454,0.21493267,0.72909313,2.329932,0.3388928,0.0,0.05018665,0.51201814,0.17441012,0.0,0.1947653,0.13974243,0.052339412,0.37251312,0.0,2.1071148,2.5665166,2.726165,0.9897748,0.63252664,1.2640468,0.019189173,0.53670865,0.4436043,0.42026743,0.1686495,1.411372,0.0,0.04296292,1.9345207,1.4761728,0.9078759,0.2512613,0.18285435,0.51604193,0.4551842,0.38301834,0.13063313,0.15764312,0.0,0.75323534,0.4416788,0.97458494,0.8363073,0.033672635,0.18251154,0.49518755,0.0,0.05700872,0.16725034,0.2597156,1.1874968,0.609827,0.6630854,0.1536337,0.3528001,0.09401649,0.84948033,0.27484855,0.53580296,1.0707817,0.102777906,0.08986967,0.43941846,2.440444,0.4448696,1.5159769,0.31070238,0.5450022,0.090438314,0.47942522,2.981174,0.7165081,0.1666492,0.22949107,0.7591988,0.26399833,2.1752574,0.32571402,3.1479821,1.87099,0.04673389,1.3550686,0.08828532,0.8203181,2.6112387,0.06803037,1.8392045,0.09744967,0.3319527,0.08331919,0.47717696,2.1858585,0.48865002,0.189862,0.75850433,0.19793989,1.1527823,0.33508408,0.25645527,0.04428841,0.21299241,0.5539201,0.35339192,0.06509308,0.14251336,0.5359166,0.48220965,0.29782337,1.7237941,0.18003565,2.8254607,1.0221933,0.68009114,0.05407682,0.019636061,1.8427663,0.049329653,0.32642984,0.14858286,0.7438644,0.07981012,1.2802472,0.08457168,0.7632525,0.7223556,1.607465,0.031610478,0.8240879,0.28171238,0.8245174,0.39218703,1.1397074,0.893015,0.6746501,1.9449534,0.6094604,1.8005744,0.53870744,0.55307466,0.22140841,0.8939476,0.24730644,0.34967843,0.2435326,0.042928163,0.55986834,0.31297308,0.46629593,1.1638038,0.99973303,2.4772892,0.5904688,0.93804204,0.20565614,1.231808,0.7934557,0.70812273,2.2214575,0.55512565,0.6426287,0.005677345,0.11566323,3.1904888,0.09606778,0.21756358,0.20860818,2.365296,1.4038976,0.71008706,0.30781394,0.3925129,0.0,0.27414867,0.6572304,0.00912532,0.24292456,1.0116782,0.30269197,0.059548732,2.1945872,0.0,0.37138373,1.2467248,0.008717249,1.7355754,0.032925464,2.5338001,0.92821145,0.95753133,3.2319515,3.0563865,0.12612715,1.0092047,1.7041161,0.0839847,2.064341,0.6216857,0.040941875,1.1912729,1.1780739,0.32361564,4.1761928,1.2380407,0.020404859,0.6458454,0.86863077,0.0050216303,0.055619307,0.066293664,2.224358,1.2480298,0.15288429,2.3539674,0.56797445,0.022432681,1.2152997,1.5082573,0.70584357,2.0532608,2.6389744,1.1173663,2.6060424,0.51678896,0.7930178,0.23928273,3.0745606,1.6117057,0.69356066,1.3911276,0.16545074,1.665609,1.2290226,0.44328168,0.1871462,0.29804525,0.5702971,1.4672053,0.6971814,0.09109396,0.70227027,2.0688846,0.4267726,0.047090974,1.6375662,0.116925195,0.5749273,1.7870759,3.5699341,0.84516233,0.34110793,0.01876091,0.008637098,1.051273,0.37953293,0.15750434,0.14418313,1.6433667,1.2100668,0.9472138,0.0,0.28407472,0.18981338,0.3899727,0.49924934,0.24872673,0.08370903,0.48861608,5.198342,0.47555205,0.36350775,1.0738602,1.4091473,0.0019159501,0.8495019,2.3012362,0.23221429,0.79347163,1.0686874,all_pothole_images\pothole_images_enhanced_09d1b1a903a5afb855e72a6e9a33e3dc.jpg
0.85138535,1.6067115,0.71839076,1.8812964,0.19066136,0.8050279,0.27500114,0.35680655,0.6958975,0.47294146,0.57722807,1.4099121,0.018407099,1.3643417,0.9319018,0.9897311,1.0769676,0.26107022,0.42746982,1.1513537,1.7282909,1.4944638,0.21954995,0.8594424,1.2103808,0.6720899,0.45685807,3.9073894,0.7914155,0.10324352,0.37501347,0.34542227,1.0860814,2.355335,0.07216863,0.860993,0.31210813,0.9943846,0.013348954,1.2142768,0.4089123,0.18314154,1.1293113,2.7982888,0.7067488,2.176313,0.38374734,0.086829476,0.29977962,0.9740304,1.1761478,0.61854225,1.0465388,0.49494967,0.66365904,0.9017269,0.10272998,0.34437835,0.51086295,0.3427915,0.907972,0.64972013,1.1911572,0.43430737,0.25818774,1.3258663,0.23046713,0.9189856,0.50957876,0.33171594,0.8912347,0.31672013,0.70854574,0.65357715,0.77729315,0.71436006,0.69912654,1.410604,0.017096419,0.43794516,0.5554019,0.307947,0.3076035,1.0948819,0.9977795,1.0208108,1.2378304,0.57430655,3.1730204,0.039055973,0.4238401,0.07366425,0.55460215,0.6161131,0.074928455,0.81617224,0.6836629,0.8417532,0.7189318,1.7596855,0.105813056,2.9600656,0.60320085,0.33212787,0.03344577,0.29506248,0.7591841,0.7273997,0.49425563,0.17438172,0.022427734,2.3330097,0.27559644,0.066411145,0.56306976,1.65136,1.2836583,0.41284168,0.50949025,1.4921763,1.4354874,0.75058293,1.0291789,1.5144249,0.31596148,0.33370045,2.509071,2.4804835,0.61095196,0.30788216,0.5599374,0.0163995,0.09014326,0.54888177,1.3850998,1.4317169,1.3734044,1.5075661,1.0672439,0.85745096,0.12981595,0.6061337,0.056262746,0.24824551,1.0894473,2.2285657,0.6357418,0.06269003,0.3326548,0.95814294,1.7038689,1.5448467,0.16328445,0.15570895,0.45938215,0.79877406,0.42947558,0.29298684,0.55358887,0.55663884,0.41342112,3.7280304,0.008420036,2.633529,0.003384592,2.42489,1.4646986,0.38447863,0.23575418,1.081332,0.6931722,1.3549933,1.8880717,0.41256008,0.22136614,1.0182104,0.5740697,0.0063728574,0.4058062,0.29503772,0.1305784,1.4018112,2.1091883,1.968455,0.98169255,0.24698392,0.20565335,1.3021746,0.88588953,0.2847604,0.7499695,0.7800008,0.23754323,0.555366,1.3417946,0.94436187,0.5749333,0.009108755,0.08205418,0.46479508,0.7457039,0.40835774,1.417886,0.8731285,0.82470524,0.2524943,1.3400259,0.17764664,0.058538843,0.041096456,0.99000657,0.11913692,0.4688999,0.09767865,0.7184827,2.2252283,0.36178005,0.069900796,1.6276673,0.70690763,1.3440434,0.0190611,0.6880346,0.039957196,0.09479788,0.8977272,0.60587835,1.3535306,1.389614,1.543026,0.5028326,0.26172397,1.5059469,0.14033778,0.7815343,0.10486804,2.82904,0.16226086,0.03748513,0.4645416,0.834655,0.2427323,1.0034355,0.085685395,0.42906532,0.00696447,0.1632582,0.8586595,0.17341934,2.6853745,1.4477978,1.524997,0.43207642,0.97264516,0.17283264,0.38928416,0.13694528,0.07914274,0.3580568,2.5897553,0.44162437,0.5701399,1.7302318,0.1584161,0.078258894,0.23900919,0.15188254,1.7393727,1.2260839,0.7043557,0.49993315,0.07701177,0.27235445,0.5842227,0.060314912,0.9954438,0.24365364,1.2501945,0.47486752,0.93526906,0.61322355,0.4977375,0.4313539,1.2292587,2.378692,0.0072938055,1.1206025,0.8989317,0.89251053,0.09480744,0.3092909,0.18649115,0.09869493,0.6337413,0.88054484,0.31919402,1.0825655,0.5720821,0.65185773,2.572223,0.83263403,0.49167857,0.79131144,1.3082373,3.922103,0.40895298,0.31458795,0.6725011,0.63996595,1.3686255,0.26409343,0.58150405,2.2593226,1.2572296,0.2918436,0.5503798,0.015442352,1.0787209,3.244875,0.9975651,1.1932396,0.26043698,0.97311634,0.7479201,0.6593685,2.0249307,0.34539452,0.4674184,0.9450789,1.4226964,1.8463384,0.36106226,0.074978426,0.058385223,0.14296852,0.42977607,1.217072,0.70127475,0.39690775,2.1416078,0.66594195,0.26402858,0.72924525,1.4694855,0.96616644,0.42793635,0.34886676,0.6863641,1.2708501,0.50442874,0.32720897,0.2891377,0.08809954,0.45658574,0.7155552,0.119276226,0.31269017,0.38568386,0.5487367,0.62277824,0.015295948,0.36932757,0.7255766,0.9014392,0.49133685,1.1071928,0.5178149,1.4542288,0.33556905,0.7333088,0.48062408,0.55703866,0.5049595,0.29337475,0.047749683,0.23690903,0.5465518,0.08214493,0.244649,0.60616195,0.45029846,0.5867931,1.0904267,1.5432942,1.2278035,1.6495433,1.8895729,0.8846324,0.029756434,1.5110333,1.5421332,0.35507718,0.6367549,0.29261702,0.11960307,0.5313766,0.9706628,0.44575566,0.47082117,0.0005042306,1.9142113,1.4190364,0.53755087,0.5706361,0.2908422,1.0210294,1.2348356,0.09273155,0.6277554,1.2161984,1.3548505,0.30200297,0.7777881,2.6384573,0.0,0.123069875,0.72550046,0.3792337,1.3540133,0.42412072,2.3508108,0.57258797,1.0191932,1.4957353,2.4884276,0.18723063,0.2796705,2.3282127,0.47357652,1.2701832,0.7860215,0.0,1.1137666,0.45775697,1.2532405,1.1970537,0.765799,0.46560135,0.019516787,0.6712815,0.84894055,0.31084242,0.43714857,0.25014743,0.04148965,0.83459044,2.996857,1.1959789,0.7407784,0.6820053,1.5944148,0.5415236,0.21124019,0.05144539,1.3142323,0.49884033,0.62804145,0.95205134,0.5412672,0.21601729,1.9040624,0.15340447,1.1099268,2.274442,0.1992882,0.9223705,2.7499301,0.07072785,2.0888176,1.2243423,0.7444148,0.5643641,0.33558998,0.07830167,0.32945633,0.18880665,1.0366957,1.380689,1.2142601,0.25516686,1.2005085,2.797007,0.43660086,0.9725726,0.4626758,0.014321804,0.5477553,0.6707192,0.11396473,0.11168573,0.5981406,1.9325414,0.15551192,0.701189,1.0931689,0.85420054,0.013644897,0.15037398,0.15091807,0.19820121,0.87500674,1.9141984,0.44861585,1.2941343,1.9064795,0.8303422,0.6633573,0.19917129,0.3441563,0.427517,0.42908356,0.30531815,all_pothole_images\pothole_images_enhanced_09e28d97dd21a16210c1b8c5ae1f2929.jpg
1.7415228,0.9079906,0.502842,2.635493,1.2266624,0.4261741,1.4474707,0.25261042,0.19005063,1.40012,0.2516644,0.975629,0.011070892,5.1535406,0.77035093,0.5078166,0.12329226,0.8847408,0.63260245,0.061953425,1.061502,0.7143219,0.8740766,1.2874874,3.0796993,1.4712855,0.6906402,3.8130577,0.65547055,0.023675913,1.7332665,0.34539324,0.8615055,1.0834198,0.43554592,0.2017983,0.23176727,1.7254381,0.32911316,0.69929427,0.034183398,1.4828463,0.38753477,1.6730658,0.21759468,2.4051542,0.25514188,0.07288615,1.3677645,0.7016994,0.87911487,0.5156522,1.4058603,0.015463754,0.31393853,0.6136354,1.9400675,0.078298666,0.5743578,0.63361156,1.5813749,0.019325456,0.37109977,0.08713341,1.2748821,1.7193086,0.25852564,0.12390609,1.8391017,0.18688071,0.84811795,0.217633,1.1213613,0.03322769,0.317257,1.774542,0.21537556,0.278769,0.2587796,0.3622175,0.032811973,0.60945517,1.2879022,1.447642,0.6348844,0.6020524,0.029642649,0.26091006,1.9175254,0.370879,0.23549697,0.25905308,0.42027122,0.7130405,0.30395415,0.23326375,2.8979492,0.08437545,0.2429553,1.1364331,0.028673807,2.80112,0.7519104,0.60079485,1.7678865,0.32937992,0.89105606,0.97981405,0.543368,0.14535564,0.05762997,1.9891678,1.6705583,0.46722567,1.8603895,0.17082964,0.39634743,0.34962147,0.8433627,0.42686072,2.3228295,0.7063416,0.52373755,0.15431215,1.1204073,0.0,2.0531464,0.3044225,0.09584268,0.3426511,0.76121193,0.20152801,0.08601667,0.30805483,0.747226,0.67877907,0.81517494,1.3696077,0.53474575,0.1266279,0.45001528,1.2062782,0.4635339,0.91409355,1.033143,1.5462984,0.09080935,0.8489702,1.0897145,0.34954378,0.5803881,0.64826715,0.012470985,0.18694007,2.064987,0.20906182,0.55834454,0.76454973,0.6344763,0.48979494,3.3061066,4.325019,0.89816064,1.4078956,1.1138778,0.5520815,0.8349412,0.13997976,1.2393312,2.0318246,0.44990247,0.024760643,0.10271837,0.21282384,0.32366306,0.04598169,1.3529348,0.044524208,0.600186,0.09250485,0.029174447,1.9474076,2.0552754,0.3077731,0.79937655,0.7438658,0.6586202,0.9783515,0.46615335,0.9019914,1.0043864,0.32033923,0.38261148,2.2862184,0.537559,0.21614133,0.6928234,0.6682119,0.68121773,1.8317614,0.607055,0.88215595,1.6331071,1.2019064,0.13999623,0.2877255,0.1663076,0.07871767,1.3156952,0.8068767,0.7645205,0.57168514,1.6058947,0.09872446,1.3294494,2.2730064,0.96457684,0.35078576,0.58964556,1.235861,1.3728795,0.5948731,1.8326665,0.1973226,0.7670576,0.39623338,2.5366678,0.8341732,0.33957207,1.2583877,0.52636164,1.081438,0.35303342,0.6950155,0.4547769,0.09097231,1.7269549,0.85765445,1.0647486,0.23057899,0.7037926,0.6707734,0.95663464,0.8603601,0.04347142,0.09703472,0.6867259,1.0825319,1.2106683,4.9635296,1.9004905,0.12759097,0.41908938,0.8303687,0.0,0.66938907,0.15426354,1.0873661,1.5700079,3.0137603,0.9234673,0.53535587,0.5105186,0.37885144,0.052145977,0.7950939,0.41308317,0.28009164,0.9106894,0.24845594,0.7424534,0.1940204,0.51565945,0.28984597,0.7097395,0.79777974,0.56215334,1.6454036,0.4017847,1.3332927,0.7714443,0.03077194,0.9210307,1.0877346,0.8489232,0.8485144,2.0004363,0.97339654,1.5157069,0.25916845,0.0920632,0.09297749,0.430288,0.37941647,0.26047227,0.49479377,1.1429385,0.71518695,0.0020820084,3.446193,0.31127828,1.272384,0.03415791,0.08650336,1.6170623,0.48335597,0.034577757,0.67343295,0.004824378,0.704764,0.96958214,0.79860234,0.9085251,1.5630473,0.5052691,0.55192333,0.26064304,0.9036258,1.5332698,1.227465,0.28461435,0.2867086,0.81688255,0.5190595,1.3900833,0.40351468,0.055495486,0.57201344,0.5477091,1.3872393,1.4220808,0.34132805,0.0,0.7591829,0.99104416,0.44370607,2.8326335,1.2794466,1.1655686,1.8703281,0.39914808,0.5313124,1.4446676,2.0122368,1.2672096,0.23628682,0.3083779,1.1268595,0.7605934,0.28554016,0.19580474,0.637104,0.6885463,0.38483834,0.2587264,0.23543529,0.19556925,1.0798029,0.40688455,0.20884767,1.7205299,0.023794176,0.77408457,0.97874635,0.00016294127,0.026012264,1.756384,0.97403216,0.92788863,1.123276,1.3193213,0.28010997,0.6530251,0.7800866,0.08452638,0.08975202,0.061870098,0.2757078,0.4729386,0.062596425,1.8072447,0.2689497,0.06544319,0.6583753,1.8722901,0.78748226,1.3505485,0.10926012,0.017096482,2.6586094,0.84721386,2.061772,0.32579425,1.2957729,0.77729505,0.33076596,1.2340797,1.5045666,1.1022692,0.24081393,0.6470577,1.0830033,0.72058266,0.6702235,0.8126054,0.7470474,0.19446948,1.8539833,0.7636983,0.06658596,0.3368658,0.994531,0.027370749,2.0136344,0.0,0.25871655,0.69166297,0.6762327,1.8028026,0.054095197,2.2266905,0.82243454,1.4225582,1.3606997,1.7224088,0.12851898,0.32014024,0.314188,0.46482748,0.8746568,0.1638475,1.4168016,0.8807801,1.4264785,1.6150581,2.7993164,0.7010387,1.195693,0.05290727,0.22546065,1.5085042,0.88539743,0.0,0.009808888,0.0,9.365228e-05,0.3601228,0.64492255,0.07277248,0.23182398,1.1971297,0.6429716,0.24990457,0.5412398,1.0671538,0.3079913,0.8221954,0.16143425,0.073113665,1.279202,1.1689602,0.5763355,0.79896975,0.25271854,0.5098984,0.8659714,0.9133368,0.2578561,0.7419185,0.71697325,0.1900747,0.70500207,0.22788553,0.15225461,1.1033266,0.4642301,0.81089145,0.32681516,0.8550773,0.12632917,1.6483154,1.4689116,0.8027987,1.0667969,0.14474896,1.1200219,0.9877632,0.51954645,1.844556,0.0,0.8585571,1.4331506,1.1402732,0.08281982,0.35911426,0.31502175,0.7225053,0.108586036,0.9199321,0.6334222,0.37765315,2.0958266,0.83218026,0.8821889,0.24990702,0.1944545,1.2423483,0.623701,0.08261024,0.59428865,0.06877631,1.1937455,all_pothole_images\pothole_images_enhanced_09eb444a95be854fd1c58b6017244039.jpg
0.6249069,2.2221212,0.20765738,1.9619026,0.5552218,0.38282037,1.1826017,0.9225976,0.42957032,0.45708165,0.35556003,0.8716563,0.3018289,1.0017242,0.8115751,0.26190203,0.23948717,0.08838326,0.07564512,0.27140072,0.41425312,1.8349444,0.07458812,2.6034677,0.12492376,0.53715134,0.61434937,0.48845157,0.3075075,1.3050623,0.87157124,0.31643793,2.08408,0.93950856,0.6919942,1.966548,0.15188113,0.4430696,0.0,0.12621321,0.7746707,0.2219494,0.08822639,0.30535835,1.8711128,1.0756845,0.6670098,0.17655042,1.614635,0.7659018,1.5849514,0.30567887,1.0934554,0.40752122,0.43978786,2.03485,1.1806607,0.17139392,1.3004308,1.380544,0.1203003,0.48944488,1.342032,1.7165166,0.4690884,1.2647936,0.50072557,1.2935656,0.14343582,0.12487712,0.26379833,0.8719923,1.0545387,0.17927016,0.45352313,1.9403702,0.29824278,0.64541125,0.26140046,0.27980435,1.5273801,1.5857345,1.3049208,2.2697783,0.50598073,0.94210064,0.065218,0.0152400425,2.9001896,0.2092006,0.024975851,1.0634367,0.32910746,0.3135844,0.19866733,0.1487064,1.4716021,0.092875764,0.10683686,0.1879326,0.10843534,1.3100553,2.8222406,0.26118144,0.70906854,0.03953011,0.44058195,1.1672511,0.49730712,0.36823416,0.4102164,2.2919984,1.9873364,0.16054231,0.96610224,2.0618846,1.4722489,0.4547289,0.40136522,0.5375805,0.33964118,0.44679666,0.37341875,0.5880201,0.51129323,0.60765,1.0414646,0.7936222,1.5035518,1.1084146,0.879887,0.22155593,0.83728725,0.88310635,1.8091,0.9109419,0.07480409,1.2107096,1.9386246,0.6372986,0.5152346,1.6278687,0.5914081,2.2322042,0.3053302,0.7698113,0.043674644,0.5348425,0.9629825,0.96926826,0.42523372,0.25397265,0.9905081,0.0033942556,1.3939687,0.10716417,1.0364003,0.06925389,0.5224389,0.17437358,0.52285445,0.1249085,0.13083011,0.5816569,0.9119337,0.14806798,0.18321408,0.8834504,1.6770651,0.1842471,0.0919275,0.3684534,0.27966064,0.6278784,1.0302311,0.5179247,1.6312246,0.0,1.0238395,0.22217353,0.008845661,3.0168846,1.6559843,1.125864,3.159945,0.46964723,1.3537009,0.1709364,0.13281748,1.9138286,1.1037997,0.89429635,0.051590472,1.8511027,0.73659366,0.50721604,0.33747858,0.68180543,0.8549549,0.47967124,0.5138035,0.95601755,0.7624846,0.5469331,1.0579035,0.5699615,0.66817296,0.6140589,0.63690454,1.2547022,0.014899052,0.8695131,0.7611537,2.495562,0.7206956,1.3081615,0.14162458,0.22485276,1.0709447,0.13403685,1.5117526,0.78049034,1.3915172,1.5766075,0.09860555,0.6129459,1.4227915,0.60150003,1.239287,0.77315533,0.7504385,0.7086166,0.7208196,0.12890376,0.57412034,0.07602586,0.47469974,0.5951723,0.01662246,0.97893244,0.5058175,0.16830537,0.20001051,0.3173746,0.09088365,0.29626215,1.5091716,0.20855185,2.0929203,4.2229033,4.495257,1.4897603,0.8310273,0.5652088,0.0,0.30461076,1.526638,0.5342302,1.4464189,3.6920834,0.45645154,0.36054763,0.2041473,1.5248736,0.75917065,0.3423319,0.47040945,1.042583,0.8659768,1.3519325,0.03997783,0.18742117,0.414814,1.3395174,0.6351538,1.1237508,1.9154757,2.5866878,1.0980211,0.7487508,0.16507031,0.9957492,0.0,0.26364058,1.1889466,0.53612834,0.27935335,1.5409162,2.127338,0.06874021,0.13943115,0.55630463,0.94341725,0.8582652,0.55974334,0.457975,0.29043183,1.4904714,0.44518784,1.006254,0.009372612,0.6159591,0.68704563,0.17636266,3.6616335,1.1611247,0.168986,0.44075045,0.3482891,0.5361075,0.31401625,0.8880169,2.3527522,1.6246686,0.2976834,2.0676334,0.028409569,0.060226545,1.3129877,0.54692775,0.07879693,0.0075196065,0.590482,0.010011629,1.0821605,1.0095593,1.8805767,1.338008,1.0324544,0.9433374,3.7785513,0.2896282,0.24574582,0.17140687,0.71737504,0.6230303,3.0209537,0.057799697,0.6242675,0.07683137,2.8481236,2.542276,1.2679325,0.55277276,1.5308679,0.49595726,0.7521686,0.15521102,0.973137,0.6324897,1.9097885,0.40298817,0.16101459,0.8283137,0.43836254,0.5067946,0.74457407,0.21285991,1.0698055,0.45341575,0.31888595,0.14527346,0.5444236,0.380288,0.0,0.06919989,1.7491277,1.5650672,0.52767414,1.597815,1.5127124,0.12913515,1.1632767,1.1090771,0.43330294,0.41976357,0.24752869,0.5165002,0.5025235,3.2363763,0.84294575,0.40867248,0.83588517,1.7730834,5.1986804,1.2890129,2.5509179,1.9501066,0.71401805,1.4865183,0.36556968,1.2464919,0.20150366,0.71425503,0.006238902,0.09064849,1.0684997,0.1701186,0.34118542,0.080103375,3.5947943,1.1081465,0.31681532,1.031557,0.008002106,0.10335517,1.0217106,0.096889555,0.4162092,0.37440062,0.6705387,0.74148536,0.6225088,1.260819,0.30978444,0.43849018,0.87966967,1.4411025,0.9651109,1.2671,1.461406,1.1450303,1.6631166,1.4490389,1.6902049,1.8552878,0.8037142,1.9510336,2.8358624,0.86547536,0.03373987,0.77670693,0.06849606,0.42760772,0.09919828,3.2362096,0.9547189,1.4818412,0.6843475,1.4406542,1.3171875,1.4111161,0.11776553,0.41780326,1.7896507,1.3489314,1.6939093,0.46295983,0.27942753,0.72674185,0.5434962,0.6242535,0.84711736,1.3726557,1.9567846,0.24592613,1.2804383,0.48818976,0.25958034,0.3537092,1.7109295,1.3162029,1.0089083,0.9590865,1.5948489,0.30240485,0.97612214,0.7742808,0.6749176,1.7578179,1.1305361,0.70659244,1.8094386,0.14151655,0.8472076,0.5816734,0.50566024,0.4564532,1.357298,0.2043522,0.5556862,1.004556,0.4683089,1.1149366,0.22579253,0.98585474,2.7607136,0.99422663,1.8487897,0.00064765924,0.13514854,1.4743574,1.017424,0.3245079,0.3500276,0.11347981,0.02954191,0.19436786,0.45924574,0.6376884,1.5424085,4.5295386,0.26631278,0.5398608,0.26527128,1.8246068,0.07680141,0.12598139,0.6923023,0.6540096,0.6474823,0.86740226,all_pothole_images\pothole_images_enhanced_0a1665d5c6c16a121da95511311b567b.jpg
0.45231044,1.5038347,0.8234097,1.5428413,0.8508889,0.9071434,0.22739938,0.0021120477,0.5304271,0.37639025,0.21146314,0.19103502,0.4353713,0.98589,0.6692947,0.34645367,0.60266215,0.3423919,0.188031,0.45418206,0.7050177,1.2662994,0.8148732,2.249339,0.55084354,0.7589628,1.1264379,1.4643288,0.21699138,1.018709,1.4510332,0.14535749,1.2438666,0.68331575,0.6020884,0.43708724,0.65289396,1.1586721,0.37230346,0.27570215,0.76502645,0.47771025,1.0073438,0.5432149,0.7922369,0.38473415,0.47126505,0.17765447,0.5999565,0.7938254,1.4875356,0.055455312,1.7190996,0.7098457,0.8022083,1.363521,0.8170362,0.11257337,0.28608307,0.8822711,0.4019319,1.4736283,1.4485338,0.20407347,0.65735626,0.86401975,0.06267316,0.3515803,0.3922236,0.66280144,0.22318314,0.40386277,0.595942,0.22187336,0.6435469,0.7411747,0.47260588,0.37693247,0.42587242,0.32691005,0.2551203,0.7237012,0.22661705,1.1956534,0.55590904,0.7153299,0.104367316,0.17654952,4.068743,0.0910099,0.43785214,0.745763,0.46011823,0.29939312,1.040404,0.06777137,1.0601314,0.27076897,0.9398816,0.3650469,0.11109454,2.8658054,0.17117776,0.49897906,0.26688656,0.690015,0.6637578,0.78344727,0.12567453,0.1931995,0.18808527,1.7506759,1.3159777,0.28987157,0.024328358,1.1312809,2.1064699,0.7665785,2.231728,1.0341392,0.759507,0.20268805,0.6837045,0.5823159,0.38464502,0.8861554,0.6010682,3.1542532,0.889926,0.7049408,1.1632227,0.026389837,0.13962758,0.7435397,0.28319505,0.72206295,0.15761659,0.68232524,0.5577169,0.89385766,0.97315496,0.43403614,0.27818602,1.7512051,0.52388924,1.0268981,0.13438004,0.074491635,0.659966,1.1578753,0.7004739,0.6218203,0.027394582,0.5622701,0.88126576,0.2833009,0.3148035,0.23533347,1.0539901,0.5077518,1.2088403,0.842499,0.10947881,1.2679446,0.49621138,1.006237,0.2840193,0.42903575,1.2138897,0.96889585,0.21317673,0.06207981,0.46226773,0.066508085,0.44393462,0.3261039,1.4387777,0.25818893,0.16769497,0.9151493,0.18285313,2.6937137,1.7076411,0.6606894,2.6267488,0.17316234,1.2719287,1.053259,0.059666652,0.3698025,0.4682231,0.77988976,0.10279551,0.36169195,0.07443376,0.36196008,1.3091601,0.89199656,0.55555266,1.8964224,0.5101623,0.76109475,0.8530737,1.385521,1.6493387,0.9602975,0.29267803,0.27817973,0.5948841,0.3941676,0.086367466,0.018044,1.5609838,1.3847632,1.5966667,1.3562111,0.37551728,0.029930206,1.6456975,0.66631705,1.2579081,0.22208166,0.5419957,0.7830271,0.22892758,0.2511189,1.1559556,0.2940427,0.611122,0.1841521,0.9507266,0.23627664,1.0968813,0.617282,1.5564164,1.093086,1.2040035,0.10649924,0.053797163,0.31195197,0.6017887,0.07973773,0.41835815,0.12875725,0.030983591,0.00012293206,0.99587137,1.1483313,1.0299466,2.6935883,1.9021465,0.6211364,0.69655544,0.7246824,0.059980597,0.25388715,1.4814373,0.9854724,1.2653666,1.6349483,0.53477657,0.7124123,0.39178512,0.8455949,0.2363849,0.9061763,0.15260507,0.35932314,0.84085757,1.6998719,0.24971545,0.0,0.015452769,0.044871815,0.33672705,1.7717347,0.4937407,0.6065644,0.63814074,0.5925962,0.1374992,0.38595363,0.06855791,0.5773261,1.9976147,0.62219477,0.4792871,0.7070493,1.1392564,0.18388362,0.14608888,0.106599264,0.20035611,1.127757,0.27514297,0.6025267,0.34030798,0.6904938,0.042336944,0.928801,0.17932011,0.22675174,0.7282069,0.25525358,3.6276767,0.47066933,0.31451225,0.80179316,1.0345763,0.26325196,0.45180747,2.0722997,3.7303205,2.3733177,0.010704578,1.1284854,0.10447227,1.024507,2.4098835,0.92564625,0.24723642,0.11227553,0.0052979705,0.61341757,1.3691512,0.6740998,0.806558,0.20122313,0.33970335,0.8581345,3.0582469,0.3098098,0.08152674,0.5177349,0.13313659,0.54519224,0.7853211,0.5561424,0.38012522,0.426576,1.2203964,0.37356865,1.7290428,0.34238744,1.1364394,0.7029587,1.0398519,0.10823899,1.3676664,1.0975972,0.073887646,0.8232326,0.070753984,0.37894693,0.14365056,0.006422158,0.24805471,0.6231179,0.76659626,0.2395422,0.15208575,0.078199,0.2926705,0.80282843,0.20621344,0.2903608,0.7008527,2.1211617,0.9305963,0.32497218,1.5872544,0.7040917,0.175957,0.25886005,0.048051015,0.9675116,0.059114203,0.73129183,0.5675557,0.6419293,0.05444333,0.0682503,0.66610086,0.96137965,3.7298434,2.42486,1.0488293,0.74174356,0.118009254,1.902419,0.7605312,0.5986952,0.24743588,0.116451025,0.034215566,0.681802,0.79037076,0.25713435,0.24954791,0.019918086,2.8034637,0.24941516,0.3427708,0.6404163,0.7853205,0.19827403,0.4508572,0.20419529,0.09137171,0.03692051,0.12037357,0.3141463,0.46923602,1.3612778,0.11395681,0.6391012,1.9510236,0.941638,0.2524873,0.3241336,1.3532315,1.1704674,0.5972468,1.4609947,1.3313634,0.7699521,0.15229736,2.0344038,1.9135971,1.6256888,1.0862808,0.17027931,0.67251444,0.076043144,0.21862042,1.778494,1.9524243,2.2674825,0.21971868,0.34920385,1.0439465,0.21247384,0.5700659,0.558846,0.18371916,0.69383705,1.6733778,0.8261478,0.8924491,0.915885,0.7631973,0.9237707,0.7231219,0.6209658,1.0489404,0.8314304,1.0237559,0.05545057,0.5658216,1.5517346,0.6538644,0.7190733,2.2610598,0.34264606,1.3372952,0.7314037,0.14194043,0.2854839,1.7597343,3.184719,1.2415888,1.4576615,1.2764287,0.061848834,1.5324037,0.081710346,0.84731126,1.8894578,1.4001623,0.29937598,0.36287695,3.5367243,1.0536221,1.1253985,0.29851577,0.0038152933,1.0469937,0.04750026,1.0136399,0.1584805,0.3418977,2.2645707,0.01818853,0.5202873,0.6576386,0.11348179,0.026152955,0.13203816,0.008793655,0.064617895,0.46739,1.9916288,1.0893023,1.0002308,1.5757996,1.4835684,0.39247856,0.76476234,0.6697195,0.10004093,0.48412287,0.0009309754,all_pothole_images\pothole_images_enhanced_0a5b9d7a74c1074cc16ee8c8e581fecc.jpg
0.13162355,0.58073217,0.017225126,2.5197637,1.4524735,0.36279964,0.040925633,0.084937334,0.12763317,0.41980082,0.22655195,0.35204765,0.37820485,1.2585492,0.11698713,0.030164577,0.2060107,0.66228443,1.1591513,0.09674391,0.61877054,2.1106234,0.1861988,0.5326167,1.1398548,0.4305971,0.41635734,2.4415135,0.002561171,0.1320961,0.6350814,0.30269334,0.61262983,0.92497206,0.5486023,1.8599131,0.98452383,0.52309984,0.8102051,0.3739089,0.008647131,0.007780451,0.22201474,0.9054238,0.53385013,0.2017322,0.123596475,0.15983336,0.3139373,0.9355657,0.6280459,0.008812274,0.06920242,0.13666439,0.14010492,1.281704,0.6265743,0.19003324,0.33491138,0.052660782,0.23660637,0.090745166,0.17567724,0.19564635,1.8747545,1.2655704,0.07717368,0.5185806,0.7080087,0.36320564,0.06077164,0.513016,0.4327947,0.011007321,0.05065368,0.09267783,0.03726054,0.41668886,0.11599313,0.5225801,0.010386268,0.42327815,0.122905165,1.6477872,0.071937695,0.26678827,0.52050436,0.00017388888,1.8389711,0.17069092,0.5616038,0.024898523,0.5956951,0.16451037,0.025217548,0.0375597,1.2434679,0.039653044,1.2586831,0.63915724,0.86816853,2.9938712,0.5992921,0.028717946,0.5463518,0.19684449,0.097009115,0.9118915,0.18926468,0.3144606,0.0,0.8306757,0.671995,0.09003831,0.24618022,0.21440801,2.9088664,0.89991605,3.2608554,1.4969925,1.7563286,0.0,0.47466892,0.2800645,0.14383529,0.54937613,0.30503285,1.6316345,1.0897506,0.58047897,1.3630966,0.0,0.33960524,0.005068134,0.07123226,1.298899,1.013031,1.1794081,0.8727592,0.14375581,0.8457726,0.58288634,0.016464083,0.7535417,0.0061816066,1.2182916,0.4713675,0.039078843,1.2547493,0.1585411,0.22149903,1.0836008,0.13399641,0.20103945,0.80631566,0.790739,1.0291643,0.029122194,0.6576908,0.08113311,2.486298,1.2884047,0.048211183,3.5434682,0.055059455,0.45649084,0.88017374,0.16162457,1.0981293,1.5052267,0.2904256,0.48968077,0.03262489,0.96510684,0.254121,0.0,0.017995358,0.0,0.088918276,0.06661891,0.2208811,1.7608074,0.6453031,0.3565684,3.5144136,0.60781366,0.562411,0.90362096,0.51585025,0.3189363,0.020013269,1.9964874,0.11351439,1.9926381,0.32303917,0.39065492,1.0081307,0.07046793,0.37371397,0.13864616,0.23335283,0.66657925,0.48070672,0.8990813,1.0378264,0.5339277,0.47635433,0.43730372,0.9328284,0.12609833,0.020411612,0.0,1.1401845,0.06543018,2.5940504,0.68918,0.029083336,0.055907138,0.08467359,0.53150445,0.36470202,0.5214249,0.5060484,0.10835678,0.036836762,0.71640027,0.46261057,0.06739371,2.9504144,0.08704081,2.2429995e-07,0.086936064,1.6287626,0.11946546,0.12746486,0.08871645,3.1977005,0.004396168,0.285142,1.0424418,0.12894675,0.12583978,0.41037706,0.16201384,0.14986905,0.056577086,0.34840077,0.07011409,0.06773434,3.8852077,0.6886842,0.25236133,0.2776808,0.99484015,0.08819551,0.02260683,0.79505754,1.1294702,0.0015417653,0.73416907,0.40629703,0.04412608,0.26822665,1.5373682,0.7803668,0.17659572,1.058993,0.33191416,0.6578604,0.09280572,0.011401433,0.12125451,0.0,0.35384995,0.83489925,0.5188533,0.9942538,0.46548754,0.88288736,1.6339345,0.9175379,0.082356006,0.50697935,0.12408867,0.52779233,1.5472387,0.47826508,0.4270619,1.4351006,1.2437793,0.061453458,0.0009345132,0.17540982,0.5408552,0.24198593,0.04696188,0.1588732,1.0971638,0.15520994,1.0183299,0.99232006,1.2889175,0.07052796,0.32519436,5.5380573,0.6202629,0.06883268,0.25653017,0.36485106,0.35611972,0.19099194,0.7109609,2.5290422,1.4638544,0.727086,0.50544924,0.021581192,0.3181297,3.9548793,0.05551216,0.22279373,0.0,0.16432205,0.1999049,0.38076967,0.6810855,0.6344674,0.63645524,0.069902085,0.1959736,3.727296,0.2487699,0.35694528,0.26556736,0.023005279,0.08988632,0.330461,0.5449296,0.20851403,0.66544956,0.44440117,0.002378924,0.76846695,0.5595447,0.520239,0.3744292,0.29368132,0.58960354,1.0214442,0.5610995,0.49375287,0.10736002,0.015640289,0.33194923,0.027181892,0.16693434,0.006745292,1.6466659,0.6945966,1.2146484,0.005316417,0.6282103,0.5087899,0.4806459,0.112862065,0.0,1.9800339,0.24099314,0.03871867,0.20122802,1.9035096,0.007881597,0.45965832,0.0,0.101338744,0.27881107,0.0,0.055239066,0.09800312,0.18717214,0.73355126,0.084237136,0.2370486,0.4366642,2.9473028,0.581352,1.5889064,0.002144395,0.03182701,1.7340149,0.9490114,0.9239785,0.07908785,0.0,0.4829014,0.09853908,0.5266221,0.21996462,0.004901377,0.012609538,2.657011,0.7340599,0.5503471,0.16630808,0.9691824,0.053089276,0.20764416,0.28009284,0.009484205,0.010533267,0.994467,0.036988147,0.059699137,0.88111484,0.08830698,0.38055876,0.1833243,1.1418917,0.55565655,0.0,2.8056948,0.11542985,0.90821975,1.5105199,1.4690365,0.22567718,0.32350102,1.6118017,0.53145164,1.8962944,0.18981308,0.24685727,0.5435011,0.5446529,0.5003924,2.8216283,0.50335205,0.50571835,0.1290642,0.93624485,0.07848811,0.9518552,0.24494693,0.86715144,0.071402505,0.09630057,0.750008,0.28767902,0.112099774,0.7257528,1.4692613,0.4714887,0.33763528,0.9915222,0.35804436,0.69073874,0.31104547,0.5167737,0.7288924,0.9674544,1.8780794,0.7069388,0.6963197,0.2091043,0.5064841,0.008993639,0.184199,0.0,0.16655591,1.2992926,0.6591263,1.9428179,0.11287553,0.5770466,0.54213727,0.11733905,1.3614212,1.9944165,0.543442,0.1849415,0.0,4.6377034,0.25562605,0.028961558,0.0,0.22247832,0.07949695,0.0,1.8542442,0.06279079,0.34784317,0.39982387,0.25964364,0.21317692,0.037312,0.41866472,0.018902829,0.18493506,0.0,0.03884581,0.8861616,3.620821,0.66088927,0.058506522,0.5210071,0.8441063,0.35969073,0.018138321,0.25514242,0.16018297,0.12977324,0.852779,all_pothole_images\pothole_images_enhanced_0a7e4ddecbbe92bb945ffd7a1452ad62.jpg
0.87242746,1.9933945,1.199258,1.839594,1.2838727,0.2063149,0.20291509,0.0,0.52997625,0.5230574,0.22400656,0.40590662,0.033293273,0.8284048,0.44424707,1.5576916,0.29100648,0.006817438,0.12791337,0.048121344,0.16505736,1.5908266,1.4042863,1.3714178,0.5180922,0.38021263,0.054451346,1.7042106,0.18678346,0.81448615,1.7443966,0.12626824,1.2130567,0.30997935,0.682741,0.24137415,0.8612067,0.44959772,0.2015111,0.6787774,0.019790811,0.49435458,0.5499166,0.8106885,0.89119315,0.007520293,0.17424516,0.53402317,0.08351645,0.043789852,0.34320238,0.8827856,0.3441793,0.10816483,0.0,0.32279742,1.2097807,0.05287803,0.11319046,0.06111932,0.0,0.24237317,0.7535589,0.62618166,0.41123775,0.28870508,0.1597571,0.13353233,0.12161637,0.08252301,0.08551729,0.0006364582,0.27858976,0.43283048,0.030386062,1.3678087,0.379382,0.6895565,0.0,0.77330905,0.31240544,0.06831245,0.110394076,1.5672498,0.15310033,0.69967294,0.047176145,0.12553078,3.9471498,0.41971362,0.08862713,0.0027305635,0.024404846,0.014491762,0.09946955,0.15387866,0.4288061,0.96470875,0.13252744,0.4059298,0.20363504,1.1104292,0.41149133,0.89832824,1.0055895,0.0105049405,0.108921506,0.113420546,0.4560846,1.5780088,0.0136226835,2.5253172,0.4313916,0.8444556,0.39651328,0.9655332,2.1945102,0.08627879,0.6255801,0.6186947,1.3276497,0.35425007,0.15660337,0.6370291,0.69374996,0.8756443,0.38161334,0.4767722,0.51701945,0.35929197,0.15532696,0.017185573,0.14216746,0.0,0.16880774,0.080943115,0.09636739,0.38056237,0.19579196,0.0033527557,0.23839039,0.49357814,0.14645311,1.7526634,0.3136753,0.6678884,0.2301692,1.0807363,0.20404468,0.50270826,1.2415351,0.41480255,0.32289636,0.6758726,0.71283644,0.23976107,0.14529873,0.07810149,0.8261135,0.4327594,1.0384414,0.26227725,0.16278774,1.7920986,0.21996093,0.33431357,0.8645678,0.01357433,1.2257222,0.29185855,0.020108877,0.46712938,0.34433955,0.03588183,0.75201553,0.16553265,0.9297194,0.0099636195,0.0,0.030731555,0.033495344,1.2840827,0.6305128,1.6379026,1.0316017,0.12595141,0.22956672,0.049190905,0.351273,0.44862288,0.38210398,0.4355779,0.12113331,1.9135762,0.7076164,0.24718699,0.09699391,1.4968425,0.43138257,0.39761215,0.8497749,0.20887366,0.016683029,0.09260462,0.0593041,0.71687484,1.0533067,0.01711007,1.6234156,0.1253826,0.28885847,0.3487739,0.6582231,1.3846014,0.5072666,1.2641562,0.4394932,0.0,1.7951878,0.045127284,2.1393108,0.0,0.27102607,1.221416,0.31259987,0.12967132,1.5441307,0.90245855,0.44384286,0.20740815,0.12743524,0.3337119,0.23772994,0.10917652,0.31372362,0.2665421,1.8026896,0.010406492,0.5597907,0.2047684,0.4958903,0.0,0.31821975,0.51748484,0.021715581,0.001464224,0.517392,0.07766246,0.51586974,2.364894,0.7136501,0.0533696,0.19114783,0.044604253,0.798169,0.00816764,1.3863133,0.10817207,0.5252787,2.4227319,0.9019447,0.33375555,0.44695133,0.052021492,0.45444712,1.7992091,0.37240207,0.25261605,3.6996717,0.15342566,0.30751067,0.0,0.11179509,0.54923266,0.05668904,1.4117935,0.0010311159,0.50416857,1.1070716,0.4037083,0.0915048,0.073619716,0.98231953,0.6782673,0.5099707,0.46914482,0.246867,0.6870969,0.11466209,0.00013874346,0.19909465,0.5643353,0.34829706,1.0290669,0.2481515,0.29092807,1.5245997,0.2674031,0.009251204,0.45816395,0.36452764,0.20322354,0.00030739486,1.4671683,3.581891,0.046465416,0.04896391,0.48673752,0.5155403,0.22057617,0.34578046,1.4690486,5.9436097,1.4612513,0.219368,1.4615958,0.0,1.7042167,0.8528999,0.09697457,0.9577007,0.40658304,0.29785588,0.40515226,0.23285562,0.26098403,1.1039788,0.62649,1.0008056,0.2508581,4.0676837,0.32024845,0.002174367,0.13085283,0.18581131,0.30728832,0.7326165,0.40787888,0.64616734,0.0036931355,0.64344287,0.5366397,1.3401196,0.030770551,0.31266508,0.010163225,0.48773256,0.0020980586,0.3132559,0.39830732,0.10172674,0.90862924,0.6666859,0.34573647,0.03494981,0.06477992,0.4604449,0.15452434,0.09851974,0.76778287,0.40348288,0.39948082,0.89268756,0.18605737,0.014439213,0.60923916,0.581325,0.087954216,0.5937679,0.48383933,0.16730909,0.25687584,0.16526766,0.024985222,0.9462573,0.23731525,0.7157792,1.2939298,0.0516627,0.31793937,0.49605906,0.040565114,1.1330651,0.9991431,2.976603,0.5293178,2.2577417,0.052804235,0.0079958895,1.385555,0.4577604,1.9335897,0.093902215,0.046000607,0.019397695,0.63603926,1.2842032,0.41539973,0.00035402787,0.012968566,1.4672482,0.4965877,0.94819015,1.3035133,0.6112432,0.2495693,0.13356303,0.22588585,0.051748756,0.16921583,0.4158142,0.0862628,0.87372696,0.16493396,0.018732622,0.278457,0.5132529,0.9298528,0.31009287,0.12279664,0.9234084,0.04002021,1.1614604,1.7478284,0.92802376,0.23396775,0.53156227,0.8470752,0.51897436,0.7616666,0.40542138,0.3469119,0.072735876,0.20411584,0.08517335,3.987963,0.6425096,0.28638905,0.15204546,0.74923533,0.6147365,0.02198365,0.20386887,0.0842566,0.16344117,0.020415753,2.4220345,1.0664278,0.19101734,0.46620914,2.2730453,0.14650352,1.8160611,0.55525213,0.5755012,0.73658496,2.4498007,0.5789776,0.15475051,1.1209544,0.31517333,0.11627116,0.3822982,0.020178,0.5663906,0.31310502,0.04113546,0.03921828,0.36067647,1.2888515,1.7303051,0.03061764,0.17946024,0.6477427,0.36008516,0.11306548,0.21774755,1.2959014,0.46132502,0.99069077,1.0905356,2.1983535,1.7604579,0.75294745,0.0059443843,0.7414855,1.4734548,0.5332139,0.65470415,0.20158039,0.21843506,1.7931311,0.03474414,0.0,3.0889172e-05,0.14323038,0.47078386,0.13380979,0.0,0.035436638,0.021489479,5.341455,0.47814387,0.7905187,0.48301396,0.29427478,0.01716005,1.1129684,0.20211452,1.185599,0.100340635,0.12032955,all_pothole_images\pothole_images_enhanced_0b265584627dbceedae0c8b0b003199f.jpg
1.6967595,0.3429493,0.7974507,0.6392961,0.31347814,0.38668334,0.9866474,0.6884127,0.12196845,1.1975801,0.8461858,0.6993279,0.59322894,1.1144948,0.42608145,0.3268196,0.38071567,0.99650234,0.66478884,0.11527952,0.5052354,1.9384161,0.48363036,0.37250218,0.20356567,0.37873012,0.01674851,0.4250879,0.6438957,0.16051295,1.8760661,0.15739416,0.45294353,0.24207684,0.5715128,0.12112511,2.2281947,0.04494349,2.437791,0.1836921,0.02279843,0.1034765,0.2974968,1.437647,0.15589364,0.6572577,0.39203903,0.15516223,0.10817703,0.41002375,0.03705282,0.3397858,0.16746324,0.13734788,0.5145643,0.70908993,1.2374331,0.11991742,0.20367348,0.08640183,0.64787024,0.22319585,0.14002061,0.38450915,0.09419794,0.9433065,1.4456357,0.017505724,0.23837696,0.054893192,0.18358713,0.9387906,0.1890159,0.048400283,0.10580592,0.3469327,0.69385135,0.010980629,0.67148143,0.008772358,0.24287406,1.0257248,0.28143728,0.6217735,0.3734589,0.036021143,0.8693006,0.21579808,0.35876796,0.024877278,0.31154096,0.39614642,0.081929624,0.04701438,1.1640087,0.0,4.3560467,0.55101186,0.10275681,0.28719357,0.2502566,3.1179872,0.00858944,0.7638888,1.5176249,2.0986593,0.002069198,0.17590907,0.7453034,0.5208945,0.07140946,1.2211387,1.1575751,0.13534936,0.16691618,0.06802274,1.573715,0.09189877,1.4087154,0.5978946,0.11526559,0.74883574,0.15344825,0.1164296,0.3018767,0.6338508,1.2364969,0.3929328,2.637918,0.24607913,0.7042026,0.14363989,0.00898398,0.09642094,0.3800018,0.60261595,0.36299217,0.49729124,0.4167436,0.09779601,1.1667656,0.940266,0.12669903,1.0909477,0.2497016,1.6850346,0.13901725,3.0748649,0.2501816,0.021990435,0.25749022,0.070253365,0.20538408,0.041748956,0.19430822,0.2630262,0.5233239,0.0,1.0706125,0.81053746,5.0811963,2.083954,0.6103275,1.2820563,0.4400385,0.18812768,1.8058957,0.01326764,1.3763542,0.66664404,0.10871659,0.014695491,0.15796788,0.75475246,0.9780358,0.0923312,0.1033432,0.00082333136,0.48576358,0.16545118,0.36790314,0.49387604,0.36240202,0.47408146,0.27264032,0.082338884,0.61579,0.77760834,0.4533814,0.5156356,0.2928017,0.3916063,0.35282546,2.825361,0.037559625,0.11824567,0.2435813,0.64681894,1.1112053,0.2942964,0.015304036,1.1171697,2.3868237,0.0,0.3103888,0.10457959,0.6540522,0.24022007,0.5795397,1.0845695,0.060796343,0.08722709,0.27834752,0.6627709,0.31354687,1.1446068,0.33102822,0.2571726,0.32823467,0.26687416,0.86855847,0.5091287,0.99785775,0.75243706,0.039795514,0.26880196,0.995822,0.4849601,0.01711971,0.040239707,0.0,0.26708156,0.2981793,0.21793568,0.30362982,0.5367253,0.9329893,0.7050202,0.17899154,0.17836298,0.0,0.059943806,1.3699745,0.10875994,0.6288803,0.9261101,0.005081123,0.18585517,0.91804874,1.6613994,0.8310881,0.0039628567,0.44784096,0.038385898,0.0030386948,1.0786853,0.38787058,0.44105816,0.69148433,1.5164526,0.07600716,0.07584492,2.348127,0.04904976,0.29504058,0.71116906,0.73211795,0.22043501,2.741748,0.74792045,0.7022741,0.77312213,0.009635248,0.45229587,0.52823967,0.84535474,4.030307,1.0654516,1.6548729,0.69473594,0.69989353,0.044726346,0.08819788,0.96111846,0.16193743,0.19008543,0.18923111,0.43035513,1.5247513,0.021263678,0.88667816,0.15937787,0.11501136,0.8159679,0.2458848,0.0,0.48030376,0.53398955,0.12646125,0.2990003,0.47338632,0.21226127,0.06795624,1.0415117,1.1231207,0.0015635646,0.43923917,0.89874965,0.111356445,0.7987306,0.904429,1.2349244,1.6009879,0.0,0.34658748,0.42811036,0.0,0.53836083,0.1046862,0.4191156,0.904739,0.053114574,0.0584963,0.0992351,0.040307112,0.07052336,0.16491057,0.37394208,0.46013522,0.83055645,0.7018233,0.76634824,0.4645052,0.172516,0.21929893,0.293976,2.0675683,0.060324144,0.1017371,0.44330207,0.98052657,0.10447154,0.44414693,0.35252607,1.0179929,0.5070314,0.42954105,0.13301341,0.081842594,0.12844314,0.27090654,0.86399317,0.21827947,0.46443853,0.363047,0.113621995,0.9234348,0.35400176,0.21483243,0.12208992,0.7654022,0.43964168,1.3914069,0.018152123,0.12533645,0.7247509,1.1955237,0.2977338,2.7700307,1.019983,1.0643555,0.5948819,0.064363874,0.17374478,0.5595179,0.26802063,0.065036535,0.33003476,0.59274644,0.065480486,0.1622375,0.17462464,2.05669,0.7155518,0.046495553,0.25896838,0.72726655,0.041055057,0.24276994,1.2836869,1.1717724,1.3568019,0.21512109,0.25217876,0.15176283,0.015706645,0.82502276,0.038264055,0.46323818,0.0325795,1.36657,1.5645007,1.3992698,1.4002917,0.77582616,0.12874779,0.7289488,0.81759626,0.077066004,0.0,0.77303547,0.74222004,0.3142924,0.40239233,0.0,0.15559681,0.04273874,0.026227959,0.80870056,0.0037364254,0.32302836,0.18775433,0.46138084,1.983119,1.1960558,0.3518068,0.2797899,1.1650133,0.0021660412,0.6520784,0.1446063,0.20056254,0.36549288,0.2883727,0.5225745,3.218806,0.40608954,0.0066778525,0.89116174,0.41717875,0.62385625,0.65942895,0.16301194,0.56318235,0.01917862,0.02767037,1.217572,0.30607966,0.16693544,0.14185056,0.68408126,0.63541436,1.9540814,1.6503438,0.28083798,0.28720215,1.227926,1.0060056,0.66352296,0.73462194,0.93244076,0.38826907,0.3734927,0.4090303,0.27086174,0.23381811,0.007669601,0.29405448,0.8079138,0.20990753,0.23622832,0.22451513,0.25099352,0.8534924,0.055741914,0.14748298,0.110941604,0.41817567,0.8172789,0.2566339,0.31558108,1.4648938,0.58564234,0.36277092,0.16496661,0.06736312,1.1233283,0.1822211,0.13199751,0.19021462,3.3161745,1.9479548,0.6556364,0.026383474,0.011614907,0.4952985,0.61533225,0.20981428,0.38642403,1.7971016,0.08005117,2.6236932,0.10562606,1.8329387,0.0,0.3147011,0.5256562,0.7490586,0.022811329,2.8916535,0.07514404,0.40194073,all_pothole_images\pothole_images_enhanced_0b8cec5e678e7f35cd863ef20368c309.jpg
1.3539126,0.9426148,0.37147012,1.4139242,1.0079322,0.12105381,0.37196553,0.0,0.4250661,0.5061214,0.19878572,0.06735598,0.8612736,1.7810147,0.047864642,0.1603658,0.08647528,0.6264005,0.4344859,0.27975067,0.16785534,1.0930995,1.171356,1.8731202,0.4453171,1.5356,1.478955,2.0066319,0.33064264,0.010501493,0.5722762,0.9367048,1.3061558,1.1238377,0.686536,0.85156226,0.52951133,1.4015373,0.04242883,0.26911193,0.29756016,1.6971879,1.0149422,1.3644266,0.3129453,1.8438054,0.11208851,0.025414335,0.68108237,1.2627662,1.2124183,0.3005707,1.1738695,1.3206666,0.056148697,0.6699301,0.3948649,0.060470175,0.85526556,0.40553665,0.16880414,0.77278185,1.5899599,0.979749,1.9419342,0.56625414,0.80410933,0.6036814,0.21702933,0.24934931,0.7992175,0.9624688,0.56728715,0.11736971,0.1354498,0.30883914,0.5912933,0.5849508,0.058259744,0.18632148,0.066016674,0.5947956,0.8624143,0.74723893,0.4508053,0.86215335,0.64382535,0.202681,1.8835721,0.001847387,0.47876272,0.39303005,0.018009566,0.34404197,0.46083212,0.07088598,1.235736,0.7377136,0.9083622,1.7776318,0.045453236,0.5271339,0.5127305,0.49795118,0.019220093,0.5807942,0.393886,2.0647259,0.2623493,0.78863996,0.44027203,1.2490458,0.8305248,0.2956265,0.6459245,0.8708598,1.4966706,0.4474443,1.4841188,1.2802765,0.88475597,0.4605942,1.5832359,0.95060074,0.18936132,0.30686712,1.4255773,1.6695573,0.0983689,1.2874625,1.1371114,0.46433172,0.80083776,0.9743291,0.0,0.7383882,0.72367513,0.4151258,1.8585833,0.94398296,1.009598,0.27327076,0.23391488,1.8434993,0.98015016,0.7816111,0.17515892,0.22965743,0.6757946,1.5303818,0.24800748,0.5538354,0.24452797,0.1441338,0.60479504,0.21097326,1.1258897,0.3580297,0.9678737,0.7100095,0.38664073,0.580387,0.026029011,0.5693677,0.6754484,0.6381778,0.5267751,0.67410386,0.69515276,1.1157416,0.5429055,0.28930235,0.18473065,0.23202619,0.6120548,0.24516779,1.3507,0.09636915,0.45725903,0.34408763,0.21910517,1.8639985,0.81289953,0.915219,0.95990807,0.37616786,0.6164526,0.7368043,0.03390407,0.88228005,1.5688133,0.52328557,0.91554946,0.5730936,0.05963315,0.2208327,2.28773,0.02520869,1.5574862,0.2900639,0.36927927,0.49881786,0.8264023,0.58021253,0.80705196,1.0467992,1.2013137,0.13835627,0.7042339,0.43885925,0.34861937,0.4095881,1.3118277,1.0464463,0.7741542,0.77595925,0.4183963,0.10489213,1.0924311,0.6104932,2.6218536,0.016374946,0.8051877,0.3166837,0.08720389,1.0606788,0.76476115,1.3716344,1.9393466,1.2495459,0.30801848,1.2442995,0.6819632,0.17707811,1.2095029,0.057003345,0.55927384,0.5996447,0.44717482,0.8736207,1.1413214,0.0830599,0.6962734,1.0675669,0.058496516,0.13119273,0.7968502,0.22490197,0.5829586,3.3671217,1.2356943,0.4784387,0.0618344,0.8976913,0.030918019,1.1496241,1.1177679,0.18011115,0.6878798,1.5306181,0.5699638,1.5937929,0.8000438,0.8858244,0.36261553,0.76753515,0.20239787,0.9055542,0.42236164,1.279878,0.47503573,0.009777055,0.004222285,0.6149593,0.36031246,0.5325104,0.94938445,1.8843336,1.5294535,0.503909,0.04362925,0.40849608,0.57364917,0.12538883,0.9168119,0.007242854,1.3212715,1.9148622,2.0723748,0.16888453,0.97793937,0.93633556,0.57866424,0.5219341,0.43265533,0.6504729,1.9236636,0.9262538,0.6284552,1.5586418,0.15758027,0.4222771,0.29714182,0.8416468,4.026722,1.3766096,0.031815413,0.5892217,0.5616883,0.22418626,0.5379257,1.0299149,1.8800403,1.638309,0.4052353,0.9117651,0.07697907,0.26308805,3.610534,1.0718968,0.7143817,0.26295406,0.6470457,0.289179,0.5523156,0.8939257,1.0654316,1.384932,1.1373061,2.71326,2.0538578,0.17201534,0.37075096,1.2061999,1.4340019,0.029765062,3.21072,0.8524464,0.50650465,0.36291057,0.5539498,0.5423989,1.2182558,1.7693506,0.24502146,1.0585226,0.46019036,0.39804083,0.7264379,1.4387252,0.6294455,0.90728277,0.6175335,0.14989683,0.6314303,0.09485319,1.2731122,0.15188417,0.46131733,0.06801207,1.641951,0.34515116,0.5564741,0.4016534,0.0,0.4353897,0.5334875,1.6820211,0.14439452,0.82434237,0.5511086,0.9349579,0.9673178,0.13425136,0.6069136,0.6740963,0.35992256,0.41940755,0.14873265,1.4085317,0.90785104,0.01263177,0.754409,0.8017973,2.6228893,1.3354204,3.0570395,0.16669552,0.96677804,0.9009982,1.5720541,0.38780493,0.5714148,0.8850472,0.35914266,0.43435785,0.08100452,0.54058665,1.3819284,0.22000232,1.8767042,0.26586455,0.10267038,0.7385463,0.52572304,0.19331323,0.9198395,0.99711204,0.79513127,0.021278735,0.45701382,1.3904325,0.7076712,1.456739,0.42215422,0.23741588,1.0456362,2.677423,0.83025247,0.7923887,0.9623302,0.4406722,0.57813793,0.54478574,0.84070694,0.50695044,0.24995632,1.6004168,1.384307,0.42719892,0.1904173,0.5810998,0.16889593,0.32680687,0.5250675,1.421729,1.0863823,2.0432649,0.27029932,0.6920717,1.2644614,0.55903774,0.38758424,1.1020736,1.0242971,0.5260305,1.680546,1.6319569,1.8632731,0.07201467,1.6483572,1.4686531,1.0172132,0.48121306,0.73193204,0.41674837,1.2212173,0.6244365,0.75926447,0.17414437,1.7864764,0.5149593,0.94141066,1.5851513,0.31211993,0.9245736,0.86713254,0.13309814,2.3122075,0.6589508,0.8262325,0.9891505,0.4699576,0.27203438,0.015309567,0.1604078,0.59639066,1.2279015,1.5381634,0.23699868,1.1246313,1.7089036,1.1359922,1.6908963,0.036082268,0.7946539,1.4448694,0.39906672,0.3600632,0.51671785,0.23607954,0.85306156,0.42244554,0.8595867,0.17911619,0.26781932,0.23231731,0.0,0.15643267,0.28025383,1.5239108,2.88485,0.16784613,2.2356684,0.6897108,0.9758757,0.99537736,0.51890355,0.14546989,0.51366633,0.30351448,0.57331747,all_pothole_images\pothole_images_enhanced_0bb5c37eadd50fd428b7c4904d0db66b.jpg
1.3261955,1.6033845,1.2819915,1.0167986,0.98344994,1.2067344,1.3288544,0.7099799,1.5313166,0.680125,0.042705297,0.8847868,0.58300424,1.2621956,0.14807847,0.22717002,0.65279746,0.15983425,0.1683496,0.0032499412,0.2769509,1.7652756,0.33238727,0.7342092,1.7743368,0.77010626,0.88235253,1.9615833,0.017118055,0.12660302,0.2364778,0.34366098,3.6089644,0.08447197,0.34116802,0.6348881,1.8883082,0.5918298,0.7477066,0.53386873,0.011567425,1.4158645,0.20265207,0.59797525,0.6190798,0.43957582,0.022711165,0.02467712,0.36032742,0.056107506,0.385138,0.037831575,0.20264068,0.32935262,0.12585689,0.21261205,1.9835656,0.0,0.25245374,0.16191645,0.4778167,0.0,2.892431,0.46375942,0.03147996,1.090375,0.39490855,0.11843789,0.15343527,0.22156176,0.08143139,1.8285899,0.03576762,1.0497652,0.007841382,0.8866471,0.6283903,0.052894898,0.010781603,0.41774267,0.37755817,0.06924381,0.20368734,2.0046623,0.9626997,0.14529768,0.2502626,0.029649435,2.4933038,0.83467585,0.6601779,0.03371711,0.8030449,1.0164196,0.35355282,0.12561558,0.7257027,0.41380644,1.4464321,0.49132162,0.08158552,1.2037294,0.37552035,0.30702174,0.08892714,0.16492793,0.70389616,0.9832716,0.8951443,0.86268663,0.61504805,3.3422832,1.26992,0.025222948,0.31435087,2.2093341,2.3172398,0.41991678,0.21455862,0.9190524,1.2550707,0.019277805,3.3947675,0.24381995,0.15197219,0.28425267,0.29896155,0.9007948,2.752037,0.12321189,0.60199535,1.4551623,0.28182873,0.9074169,0.07653151,0.9404272,0.04674119,0.447033,1.6674614,0.18993431,1.9934999,0.053823188,0.0,1.1531726,2.3541431,1.3524934,0.23328133,0.15478143,0.23193462,0.26895896,0.0774879,0.741734,0.3074356,0.9205883,1.110994,0.051564742,0.7891986,0.2510093,1.0842694,0.9448489,0.7460721,0.43966106,0.21715774,2.9605184,0.4760139,0.35763785,0.83611184,4.272718,0.4011299,0.054055594,1.0148208,0.3673438,1.1420238,0.98392975,0.37412184,0.01169826,3.7136528,1.3005131,0.01193442,2.0385416,0.3046908,1.809838,2.3138087,0.013936452,3.1070883,0.35064685,1.3661695,0.20535877,0.0037540018,0.3553682,1.872616,0.0119549,0.19301885,2.5440958,0.6580834,0.72919387,0.17768836,0.44653755,0.94473374,0.15778773,0.46705297,0.48220915,1.0891914,1.6063545,0.6662137,1.7827979,0.13210474,0.97633564,0.41612166,0.07343065,0.90499115,0.39164725,2.2926135,1.5754621,0.33098158,0.26558575,0.07772846,0.018159518,1.0588157,0.3981699,0.98715603,0.28992963,0.5324799,0.3170951,0.0,0.43493333,1.3703029,0.019625787,0.64983445,0.23813057,0.5093531,1.9415401,0.00869079,0.64855653,0.5667674,2.0760813,1.3133308,1.1001027,0.029923296,0.14937906,0.97709364,0.23718163,0.0938622,0.5553277,0.13146406,0.0,0.88250023,0.5437036,0.4798048,2.1042833,1.758269,0.07046021,0.28890717,0.284113,0.42514762,1.1520582,2.285442,0.25214753,0.9848028,0.8432486,1.1492374,2.219706,0.44769508,0.9375313,0.17110074,0.3384337,0.0,0.28198203,0.13342445,2.6042085,0.25775084,0.9296604,0.19098519,0.2108015,0.11595381,1.3433875,0.8567228,0.83690095,2.3162606,0.8335941,0.35279348,0.76455855,0.09223858,1.0455453,0.2670533,0.1342445,1.3457768,1.142709,0.53736264,0.21314944,0.5626194,0.034077834,0.2194869,0.78100216,0.24391048,1.6112247,0.6508883,0.4018588,0.7974646,0.31478155,0.051787782,0.7042024,0.32116407,0.8897792,5.6293297,0.14224516,0.8948741,1.2823243,0.12934944,0.2879748,0.5231787,0.27494633,3.734596,0.47794372,0.020437585,0.34993628,0.969661,0.84194213,0.76822215,0.63101393,0.01823372,0.097576626,0.08831819,0.11916194,0.44024906,0.10100886,2.656904,2.250068,0.1621714,0.8495148,4.228732,0.6239065,0.056125596,1.9972758,1.4585963,0.27054167,1.2130266,0.8536696,0.06652718,0.113539204,0.31543323,0.32651308,0.56426483,0.079840146,0.087644994,0.32373914,0.12118277,0.83309543,1.7169236,2.0326073,0.5990705,1.1543475,0.40990222,0.33527312,0.7272924,0.18441848,3.0994968,0.17610247,0.21252565,0.15298623,0.3820587,0.010155016,0.4132115,0.018794643,0.0068337405,0.87927985,2.1708713,2.5321612,0.1250358,0.024899619,1.4262793,0.22112429,0.7430608,0.80078965,1.0213374,0.4213125,0.6647079,1.1049572,0.020812105,1.0633941,0.063176244,0.32905674,0.61779976,0.44718468,4.0265174,0.7701969,3.9023156,0.32714412,0.13160452,1.0872549,2.213863,0.24135248,0.59798735,0.7933261,0.44403368,0.84821147,0.2464002,0.81929815,0.055775505,0.0014807361,3.6689484,0.37737465,0.05661971,1.6599158,0.22225758,0.06988287,0.9892395,0.7271557,0.33866182,0.4667706,0.0069650887,0.21045732,0.532542,2.036625,0.13938181,0.33219945,0.54238695,0.890934,0.9671168,0.43098542,0.3519365,0.9760252,1.041102,0.7376573,1.5978523,0.92465746,1.1136129,3.565123,0.4832709,0.09379304,0.547586,2.22433,0.102740295,0.12922175,0.39865875,1.6614803,1.8771335,0.56307614,0.13071232,0.18097633,0.9972071,0.072498,0.040826097,0.04199124,0.6621956,0.99212974,1.5985453,0.15325187,3.226814,0.27724037,0.65506184,0.96152806,0.065767825,0.23955576,0.9151902,0.19132213,1.4524181,0.68226874,0.8719776,0.5909892,0.8851827,2.5116901,0.74466205,1.4104253,0.3057696,0.080407314,0.66505617,0.05402116,2.4393203,0.26622048,0.31692308,0.8158693,0.9270072,0.9425325,0.35789734,0.12655166,1.3988352,0.82154596,0.63602275,0.020535255,0.07473872,2.790242,0.1740783,0.54976314,0.017289741,0.42381147,1.5978222,0.9788634,0.2978024,0.9742857,0.014864326,1.0887023,0.9800892,0.08229529,0.73628724,0.5269485,0.33089134,0.2253736,0.21010025,0.0813574,1.1287992,1.176717,0.28754303,0.49949855,0.38948375,0.1245934,0.83466935,1.0248833,0.2471916,0.7581614,2.2114673,0.37653828,all_pothole_images\pothole_images_enhanced_0bc85549ddcd58112cdde7d7b18dda13.jpg
1.1310668,1.1118407,0.14354044,2.652224,0.39408723,0.99425817,0.1443145,0.022037921,0.11461643,0.7721878,0.10027947,0.96782666,0.17437646,1.6279334,0.38943386,0.17914315,0.020920651,0.19444056,0.022968402,0.68960315,0.8426303,1.5593991,0.14069065,0.24811427,1.7168685,0.889559,0.32199535,2.929898,0.30550107,0.10417218,0.7591361,0.7446404,0.39986053,0.83908266,0.18962829,0.22030626,0.068543114,0.42138094,0.3139635,0.3203981,0.3208612,0.063300535,0.22909069,0.61452925,1.1055729,1.3424408,0.094248645,0.092800595,1.0032883,0.2257804,0.369326,0.0,0.27421403,0.0327509,0.001844685,1.5424408,1.4321668,1.0774319,0.3452438,0.0611983,0.21180613,0.08135275,0.45992902,0.166409,0.45128003,1.6945056,0.35996813,0.05205183,0.79058003,0.0277346,0.74007976,0.18639234,0.33208835,0.12567805,1.0136977,0.22211406,0.031130766,1.2963284,0.11435315,0.04968665,0.28528923,0.25906077,0.4500152,0.45296404,0.46368974,0.47078553,0.86113167,0.3821424,1.8786759,0.2965326,0.36108124,0.0,0.0128243165,0.46789843,0.011681545,0.08771504,0.3345548,0.25823596,0.7989696,1.4118379,0.06872646,2.0151887,0.23975495,0.1500002,0.08526398,0.030881211,0.9838985,0.73012185,0.0051970724,0.28782022,0.026317535,0.8041778,0.42958653,0.44318175,0.9583443,0.18662047,0.89643484,0.08275864,1.1828314,0.68761724,1.8767568,0.17738691,0.33711538,0.6524387,0.90537703,0.9893964,2.2451034,0.52581537,0.8741235,0.44957817,0.09132456,0.05920768,0.024816955,0.3886404,0.46664098,0.84583056,0.90064585,1.3128422,0.8036411,0.14057207,0.07343708,0.40922904,0.00900745,0.47706223,0.80368865,1.4508785,0.0,0.0041829883,0.59653455,0.067622006,0.96178067,0.5558586,0.20482865,0.0063765207,0.683532,0.83749825,1.0127662,0.18400064,0.6062,0.35328254,0.9749528,2.278713,0.15877534,1.5946356,0.04337444,2.1062694,1.1346767,0.6925132,3.430101,1.0607758,0.0,0.0,0.16342697,0.0,0.16967393,0.3058639,0.28702405,0.025600651,1.0366247,0.42965293,0.020943549,1.6136019,1.2161657,0.32804242,2.2553031,0.083602786,0.037924595,1.044971,1.043626,0.15676308,0.24941099,0.13242641,0.4884223,0.9536162,0.4714866,0.38211024,0.57915705,0.33900532,0.69345534,0.70355517,0.53386843,0.82439965,0.40401715,0.922038,1.3458328,0.46803054,1.0744187,0.12550856,0.6347143,0.9192415,0.024823746,0.0,0.2355399,0.26710692,1.4543896,2.1985395,0.07802352,0.1904312,0.021226708,0.031191958,1.0614117,0.8596286,0.4384402,0.1367743,0.0,0.052834623,2.0877569,0.018855412,0.6392616,0.7905297,0.04392176,0.0,0.15383749,0.13577886,0.08357347,0.013181681,3.1615057,0.0,0.32670358,0.45093006,0.43343195,0.23426752,0.112276964,0.019347679,0.17812642,0.0,0.56223214,0.68389136,0.1790574,5.2454214,0.8567233,0.18228346,0.47053006,0.38182524,0.012784565,0.3031647,0.834906,0.27020505,0.008176106,2.363434,0.1077233,0.33368304,0.08061359,0.51356035,0.2978243,0.34566465,0.17823017,0.46937555,1.7251762,0.18339813,0.38271445,0.09623703,0.36565316,0.47693533,0.6524849,0.24040814,0.7219312,1.161401,0.1454067,0.81942976,0.63447315,0.0053285505,0.4641807,0.645606,0.48359883,0.41481277,0.9926064,0.2248316,0.87094784,0.10577921,0.009405597,0.21787001,0.004683256,0.727494,0.2198624,0.40476748,0.017451584,1.7056266,0.06605724,1.9267992,0.8243615,0.19559911,0.075881496,0.23273055,5.740479,0.36788806,0.0,0.11560533,0.030513454,0.97795624,0.021964068,0.7094218,2.0243127,0.78293467,0.089260936,0.6930708,0.05894887,1.0812236,2.491593,0.16347481,0.16927089,0.0,0.051513314,0.52374035,0.11068231,0.18852602,0.563274,0.121868595,0.40820065,0.0663414,3.1224847,0.08834729,0.10540717,0.00151221,0.045958538,0.04540691,1.8734865,0.3899058,0.16202195,1.3685548,0.23137659,1.0979213,3.0471926,0.7124212,1.0831044,0.040478487,0.8396284,0.9031305,0.6546611,0.10672338,0.87127024,1.0780838,0.1906194,0.614025,0.022084998,0.0,0.028044637,1.5048387,0.32391956,0.24360749,0.03955172,0.0037207336,0.48399758,0.012331383,0.004990258,0.10247855,0.9517261,0.4267023,0.0071702283,0.31082422,0.19537088,0.19038463,0.108286686,0.006538332,0.17419143,0.48995242,0.0050728465,0.0033389293,0.9854054,0.021970037,0.22554053,0.15212303,0.28438935,0.14256184,2.2818863,2.5899823,0.9189083,0.0033518018,0.04352285,1.2411003,0.27314338,0.3284864,0.020944118,0.202344,0.16381149,0.42985296,0.46366668,0.7051753,0.82485706,0.64953333,1.2458715,1.6756136,0.46266055,0.6227723,0.25811645,1.0911524,0.11052416,1.2369194,0.7878233,0.5733729,1.0215758,0.22337474,0.2636519,1.3600614,0.0,0.10230876,0.11993866,0.095045455,0.9783105,0.29731986,2.487081,0.0,0.7917375,1.1019301,2.2839563,0.0051735123,0.67332584,1.2286844,0.26821738,0.13616012,1.2740538,0.25058585,0.40703887,0.20193814,0.5965781,0.9915969,0.21092516,1.1457235,0.09472132,1.6401774,0.66026795,0.3395364,0.09542412,0.16555156,0.0652926,0.018256074,0.5270373,0.7127448,0.097921096,0.817986,1.1134448,0.785849,0.893199,0.37217247,1.1543741,0.29098913,0.26932567,0.29008418,0.8665897,0.5255685,2.0925794,0.23301923,0.92871606,1.3093505,0.88817364,0.043770783,0.2558422,0.0,0.9906396,0.6864124,0.2727642,0.24156195,0.18906705,0.20447022,0.55089974,0.0,0.24439293,1.6827657,0.56948435,0.017309207,0.064607985,2.4347694,0.8974534,0.37141082,0.17039752,0.0,0.18494971,0.19216272,1.1683197,0.15447718,0.03589158,0.3609975,0.001899409,0.035067923,0.092135504,0.13041565,0.002459529,0.017827936,0.017381351,0.6058361,0.6416588,2.7836218,0.8062109,0.087317504,0.31855193,1.3322902,1.0919912,0.106664166,0.11083737,0.941694,0.42195946,0.50862664,all_pothole_images\pothole_images_enhanced_0c05041edbdef35594dcd6116f57af69.jpg
0.35110614,0.3987215,0.4416202,1.3783675,0.08951764,0.04237949,0.44489828,0.5778013,0.30079395,0.40249422,0.026215725,0.2916662,0.075265646,1.1016765,0.11562044,0.12112596,0.018843597,0.9060426,0.60342085,0.25678772,0.43950012,2.812074,0.058033425,0.013365845,1.2118446,0.3404307,0.4915969,1.1942647,0.099516295,0.13058642,0.16667317,0.1090539,0.47560543,0.2919082,0.2926813,0.74781626,0.111699276,1.5669713,0.08088808,1.2539426,0.0,0.021558644,0.17141756,1.9936541,0.5629561,0.029680291,0.044993836,0.0016183894,0.34096223,0.7174507,0.19765997,0.40096828,0.26983878,0.29241985,0.12166144,0.62605196,1.9366361,0.36560962,0.7217908,0.009097267,0.0753413,0.20678924,0.4591416,0.087322496,0.23968016,3.242048,0.64459944,0.12461536,1.7345078,0.1784247,0.48899212,0.1491855,0.014224919,0.12571397,0.14688365,0.011537612,0.06943223,0.03002882,0.06266123,0.15462707,0.0788313,0.013024235,0.2186376,1.5094517,0.39974314,0.046714563,0.24528053,0.32980213,1.7171745,0.3873273,0.11845376,0.0,0.014976841,0.26961944,0.055516805,0.27532393,0.31581056,0.43879613,0.67523855,0.07400821,0.29354113,2.1919656,0.41230556,0.022917932,0.048252884,0.6033623,0.11666007,0.1331156,0.033764668,0.09423138,0.00037351553,0.9202398,0.18913735,0.027662996,0.41297358,0.17174481,1.4954818,0.32474256,1.9010236,0.5527721,2.926049,0.33401847,0.054079104,1.2399374,0.33721724,0.5988943,0.044150844,0.24303801,0.41007435,0.026873296,0.39179236,0.00038518556,0.644363,0.013508925,0.75620884,0.23989521,0.21007915,0.543252,0.2972515,0.15509112,0.22413878,1.503683,0.2433683,0.644677,0.004099975,0.4057279,0.15818098,0.14596611,0.43376097,0.62770146,0.43300658,0.37709853,0.32780603,0.06185803,1.1114699,0.23753428,0.38284975,0.53875744,0.4983084,0.0068920166,0.31634107,0.7524129,0.051872067,1.3160921,0.015206576,0.018885782,0.6894455,0.2614002,0.85199785,0.50586057,0.012133314,0.019567847,0.12708598,0.052060053,0.5602856,0.031019835,0.048877444,0.0048955013,0.27034578,0.0418933,0.24925926,2.6125104,2.186238,0.9861201,0.34878737,0.6335796,0.074924245,0.03241312,0.16122818,0.25341484,0.23881584,0.6957838,0.021448012,1.6420122,0.41277927,0.41368538,0.28707266,0.057030883,0.045348946,0.40396383,0.43078208,0.046143755,0.9502526,0.7247809,1.6062002,0.11431107,0.35391128,0.44134152,0.66552585,0.030014781,0.0012606087,0.0,0.49152076,1.0055707,0.28470293,0.31924018,0.09153631,0.34779528,0.49407628,0.17744924,0.0076760375,1.5031582,0.028384272,0.17375204,0.011631486,0.3578872,0.54359025,0.14086157,0.3981302,0.21411075,0.22255975,0.03391304,0.6764648,0.11112773,0.14411391,0.02034809,1.1039882,0.024193209,0.016794937,0.2979187,0.10717507,0.013093631,0.026996756,0.14612672,0.09858275,0.0,0.2172132,0.07734922,0.015672583,2.8261127,3.0293584,0.33792332,0.18613815,0.041366518,0.1761535,0.47857407,0.6400692,0.3081749,0.4110868,0.99346596,0.046612065,0.0040987767,0.35791653,0.75912553,0.4917763,0.15350522,0.65791446,0.4362328,0.71206355,0.3397882,0.3348215,0.005460805,0.07937043,0.3463859,0.71156496,0.41734046,0.6243498,0.057403997,0.43678123,0.3129874,1.3664261,0.03803368,0.08883575,0.12584515,0.34694085,0.03327572,0.52303517,0.18192424,0.65323645,0.29329965,0.0032239368,0.05372668,0.067974,0.1415266,0.12599659,0.06142184,0.10272701,1.73667,0.27098954,1.24652,0.17178212,0.3928471,0.0,0.6683027,5.105487,0.35602963,0.0,0.4508023,0.11670803,0.09774107,0.5299078,0.19553559,0.8359346,0.46349669,0.021625664,0.18118419,0.038309075,0.46526927,2.1561909,0.0,0.37567195,0.0066971267,0.10417189,0.044572033,0.086763,1.4242946,0.65723354,0.025013544,0.21753556,0.05278624,0.55329967,0.26337788,0.23198886,0.024910267,0.0046379324,0.42416894,1.1378952,0.15228836,0.3560317,0.0012842215,0.11784456,0.63126093,1.5257245,0.013093698,0.3573548,0.6138913,0.0016872322,0.011503471,0.3163632,0.54179347,0.48650804,0.2243525,0.1243709,1.2382656,0.1925953,0.4851913,0.45549968,1.7420154,0.57918936,0.6413006,0.0018312074,0.0032015813,0.0036975406,0.029454688,0.07491359,0.01663897,1.9720756,0.15313524,0.0043178857,0.10682726,2.7849624,0.080023766,0.41757253,0.0,0.14244509,0.075740226,0.076232724,0.0,0.02920178,0.023156457,0.21789965,0.0021013697,0.3692321,0.24552085,3.851328,1.2839628,0.7236161,0.0,0.16647278,1.1434346,0.49383256,0.42943066,0.053545322,0.122270934,0.15063497,0.08271599,0.7741715,0.12164028,0.0,0.58681625,3.3035252,0.0,0.14647515,0.17182152,0.023314795,0.014654213,0.07364893,1.1398695,0.008902803,0.18167889,0.23226345,0.10512432,0.2733703,0.71535325,0.17774095,0.060274366,0.1971887,0.43850848,0.102500975,0.006779456,1.6404256,0.03511627,1.3759122,2.2583709,0.9282201,0.20281546,0.647816,0.76492804,0.067057304,1.1737605,0.40911084,0.21120834,0.24898914,0.25720748,0.5203453,3.806077,0.38146776,0.36061922,0.12891224,0.0,0.1116917,0.38148174,0.1904758,0.36824688,1.5311611,0.14517678,1.2734228,0.49749643,0.04554177,0.5717436,0.3218826,0.04967597,0.4495549,0.25753063,0.6710037,0.56596255,0.18874651,0.29245102,0.3292721,0.37688395,0.7356815,0.050274182,0.2936801,0.0,0.11826488,0.25920206,0.0,0.0,0.19671407,0.28049704,1.1680025,1.2996377,0.0846752,0.13546097,0.12947485,0.01162462,0.175783,1.3504895,0.028794661,0.0,0.20592926,2.6006787,0.7102895,0.06961462,0.19849917,0.3135081,0.12217315,0.014901169,1.0083381,0.042315483,0.9820961,1.0855001,0.10341821,0.23829778,0.018728208,0.0050647054,0.09931864,0.05261361,0.005248596,0.0019404109,0.09210202,3.1106465,0.35726756,0.044010073,0.27530292,0.63181925,0.0,0.107085936,0.33268067,0.036171373,0.3068418,0.39459234,all_pothole_images\pothole_images_enhanced_0c0b2ef86edd79c1a104630861d2e554.jpg
0.112976596,0.71736705,0.04156924,2.3711965,0.7885205,0.051356196,0.9594912,0.038966976,0.31218415,0.13253541,0.51766306,0.83816886,0.0,1.5954368,0.011232434,0.18021801,0.15875012,1.8644674,0.51469535,0.6439102,0.2297497,0.17163081,0.47463828,0.07351007,0.8759876,0.061792843,0.017159946,1.2330383,0.43721128,0.07071557,0.04377467,0.0071811443,0.54467314,0.095313534,0.19941437,1.1873579,0.09866913,0.49234545,0.094022766,0.0070437323,0.11975152,0.44328934,0.6938054,1.9527329,0.55956393,0.2659516,0.0043460634,0.0024251146,0.60052776,0.61566806,1.269404,0.1198414,0.11670514,0.01373295,0.814947,0.25283328,1.5167516,0.27759904,0.798799,0.5900562,1.1641963,0.010471372,0.39681765,0.085022844,0.23103254,0.5743084,0.39890328,0.043716718,0.014358283,0.082876146,0.020061271,0.25760433,0.16516246,0.11934479,1.8628815,0.32768375,0.4791455,1.43124,0.0275162,0.38204327,0.157662,0.42825717,0.21683884,0.54990447,0.0005786576,0.0,0.2767633,0.0,0.41030568,0.10933513,0.7626951,0.3652617,0.0074365144,0.11617446,1.8080577,0.36163858,0.003983265,2.723882,0.08836713,0.20075756,0.052469958,0.7626193,0.93437815,0.1480629,1.6356777,0.02444673,0.5261958,0.0011531857,0.29436114,0.23913945,0.030678703,0.31525517,0.025160857,0.25499249,0.94004124,0.029536474,0.6554286,0.016088298,2.4556117,0.41716665,0.78033805,0.047317125,0.022578392,1.0626943,0.9907327,0.6519458,0.0052332226,0.00056733325,0.7764919,0.06782571,0.0047316654,0.55633456,0.1143669,0.20264092,0.03932858,0.04387654,0.053828325,0.061460756,0.37161255,0.030431032,0.005906986,0.15333553,0.45185742,0.030988093,0.030710837,0.7250016,0.03648146,0.24639963,0.066158965,0.19913155,0.3977131,0.038273197,0.050985806,0.13154672,0.5325893,0.12621862,0.11705299,0.010852246,0.14475885,0.25313953,0.69427985,1.7532046,0.24308631,1.9500932,0.2290913,0.03582826,0.82216424,0.03283993,0.88698334,1.8625362,0.00079371396,0.051621757,0.19623575,0.30928248,0.4844173,1.009084,0.16432108,0.0249693,0.43132633,0.0,0.0,1.8730425,1.2458781,0.49051464,0.65353453,0.37489218,0.684887,0.16975531,0.25433487,0.21187718,0.04669609,0.31889132,0.1332269,0.841348,0.19608404,0.0011920866,2.3283868,0.19689888,0.23196617,0.02525715,0.0040332703,0.99198633,0.0,0.3598604,0.41221213,0.5632034,0.08117536,0.49610627,0.6777786,0.09758594,0.0,0.031644445,0.03708,0.08116352,1.0717976,0.7655353,0.10115703,0.06525362,1.0294185,1.422896,0.35384554,0.056238778,0.015887845,0.73297626,0.0,0.19822396,0.36386132,0.00067085185,1.3172512,0.29340503,0.0,0.016977273,0.1216411,0.0,0.2733231,0.34226483,2.0715988,0.038253266,0.051011864,0.2237879,0.1913158,0.23442422,0.050465025,0.08644413,0.0015988748,0.00247387,0.29703364,0.20111533,0.8091756,3.3234608,1.4105331,0.2571386,0.0012515882,0.01772606,0.17844374,0.2180635,0.41621283,0.031030934,0.1179466,2.3754134,0.0,0.0,0.19899757,0.5806023,0.2813524,0.0,0.77653074,0.06553743,1.7677559,0.16937728,0.13471974,0.022673218,0.44908085,0.059952587,1.201474,1.4247334,0.0,0.031171015,0.99196714,0.048881188,0.5130147,0.8410627,0.32239527,0.59086466,0.0015407678,0.113861606,0.3144547,0.0,0.16428109,0.14015846,0.1898908,0.5791118,0.012163988,0.12891644,0.08178352,0.073976025,0.003959891,0.31662163,0.3121496,1.5707296,0.5281927,1.2433265,0.40367916,0.012225851,5.648019,0.00021166047,0.3503478,0.012640039,0.63762844,1.2296857,0.039435886,0.5823894,1.5233533,1.1234304,0.0,0.72550917,0.054504555,1.512992,4.4390993,0.23732434,0.19106479,0.65942407,0.11869504,0.17498228,0.2058653,0.42358583,1.1216359,0.009207285,0.0830245,0.124814145,0.6885194,0.3702477,0.11106717,0.10250646,0.020459592,0.3092761,2.1127782,1.1286161,0.07900912,0.54114884,0.030118693,0.15032367,1.008608,0.6352127,1.2942498,0.046757966,0.12322351,0.041144717,0.04436201,0.4616183,0.081593476,0.25259075,0.11875927,0.7925247,0.07592787,0.009790794,0.20037614,0.92667776,0.029839557,0.54057217,0.056119606,0.8826112,0.427571,0.20363204,0.31815192,0.08587803,0.7122298,0.030200029,0.0,0.56546885,0.21252969,0.12691571,0.0151450485,0.48471123,0.015374259,0.018011512,0.046617713,0.013586635,0.01963172,0.16343285,0.38118643,0.06073237,0.19378531,0.48797676,0.47151446,0.29378518,0.68104964,0.062457714,0.0003875214,0.07594434,0.11239828,0.24959567,0.23445691,0.57281435,0.0,0.4762388,0.69253373,0.0060882694,0.05265522,0.0040414855,0.27532202,0.22255191,0.19254723,0.1728681,0.009916243,0.0006410778,0.9040019,0.35543606,0.53795904,0.50340146,0.460035,0.17908782,0.0,0.07997502,0.1642245,0.039398305,0.22767,0.17247394,0.07229727,0.07888614,1.9518969,0.4878586,0.26405436,1.1837381,1.4395375,0.06533357,0.63471633,0.09301342,0.0077192336,0.21565133,0.36872518,0.1241986,0.08242045,0.10793702,0.18507323,0.824979,0.66019386,0.1512883,0.04428168,0.6438065,0.051721327,0.12036773,0.2217471,0.0,0.0,0.00756676,0.2454231,0.028710619,0.34721863,0.36164972,5.7146544,0.052246198,0.057318464,0.30664897,0.26259288,0.5954486,0.00732176,0.24129449,0.035640616,1.7712122,1.0104479,0.08679148,0.7655501,0.21214183,0.4848418,0.10485781,0.085166916,0.0,0.024605772,0.55598545,0.5384172,1.1859474,0.67511594,0.22720449,0.121184826,0.5115523,0.104070514,0.71560514,0.02310491,0.0018869353,0.13926117,0.8667496,0.17127341,0.0,0.0,0.14908831,0.35084283,0.38671798,1.5462146,0.13120888,0.07956077,0.4706158,0.12640558,0.46116817,0.09387258,0.08195076,0.086125985,0.004418089,0.009400061,0.22777133,0.83083826,3.2943506,0.21044442,0.018956328,0.4272492,1.1334459,0.5845469,0.041532476,0.10958546,0.30886313,0.1834375,0.19784708,all_pothole_images\pothole_images_enhanced_0c52b592fec0e36588732f6a8584f60a.jpg
0.4955962,1.4323004,0.3790272,1.073794,0.99953866,0.5488408,0.3133512,1.0981106,0.46466234,0.25851467,0.32043865,0.5960202,0.11643303,2.4597015,0.1736018,0.069085754,0.27949846,0.07094003,0.33103603,0.18023542,0.2341126,2.399365,0.8223305,1.2296305,0.17563026,0.8166659,0.5726425,2.2029965,1.3999423,0.25400448,0.49755344,0.91277784,0.48520768,0.6436669,0.48123714,0.5392216,1.4185641,0.3853925,0.94648236,0.863853,0.046517786,0.20516954,0.6516253,3.7007961,0.22574688,0.14798555,0.255171,0.27771005,0.41170698,0.52731955,1.178371,0.6546405,0.21687075,0.23917109,0.0,0.15554783,3.3625565,0.0,0.6147321,0.5129709,0.5019316,0.40595642,1.5212219,0.28628492,0.22868499,0.33424732,0.94202787,0.5642543,0.24060336,0.1161195,0.24656457,0.47010484,0.27640134,0.03291445,0.4626278,1.2380232,1.015439,0.536007,0.12763602,1.1702552,0.29332352,0.16081317,0.117784634,1.2760385,1.1275455,0.47455916,0.42461717,0.6244557,2.4549613,0.30791268,0.060915,0.33158812,0.0,0.57801807,0.012228422,0.0035231297,0.34326762,0.4021745,1.8699754,0.034962762,0.19624971,0.03784803,0.24828525,0.4745294,0.49120805,0.07329278,0.0019713694,0.019907558,0.46964192,0.31233907,0.116386354,1.5426887,0.47655985,0.19084994,0.96574146,0.5722586,1.1719215,0.049259994,0.22928973,0.5252724,0.6779671,1.1993159,0.6912872,0.27305314,0.34812108,1.5268234,0.5602035,0.1981935,1.8951001,0.388257,0.5423673,0.7472164,1.2375783,0.14004469,0.35255042,0.39159518,0.0,0.96471006,1.079644,0.44591746,0.2575399,1.1516424,0.2882308,0.8960509,0.455817,1.0115485,0.004461561,0.7759604,0.34416276,0.6781085,0.69522,0.8354472,0.5400285,0.0,0.35842416,0.8981852,0.5497295,0.689248,0.67752725,0.17239535,0.478596,0.16215953,0.21495312,0.5314584,0.46059632,0.15077917,0.659863,0.6488467,0.563247,0.07102902,0.32023716,0.34217787,0.21065472,0.08770193,1.9539701,0.12733935,1.8793422,0.19937858,0.6575216,0.31172094,0.11832198,0.5465905,2.2958524,0.6199925,0.5590241,1.1798329,0.5483312,0.27584344,0.06282978,0.81445706,0.6617981,0.92886215,0.399834,1.7958884,0.18501182,0.09091625,0.1862919,0.6673053,0.32944438,1.0056576,0.639446,0.3617975,0.5459476,0.2749811,0.9315401,0.4386263,0.6518131,0.5651591,0.4967673,0.5144954,0.47206378,1.0530295,1.0148342,2.5756907,1.1481127,0.19495493,0.22614531,0.24286532,0.995353,0.1378132,1.6157197,0.107816525,0.7283222,0.180459,0.17484368,0.04121378,1.3702021,0.3387824,1.0098755,0.4574331,0.11999934,0.5169338,0.21689647,0.09512674,0.036170337,0.20264119,1.4888371,0.5336064,0.0,0.39043215,0.2962897,0.15513457,0.70562744,0.38935712,0.45682693,0.33608043,1.1205174,0.014672907,1.9715105,3.4990013,1.6257598,0.6440727,0.5895919,0.88672537,0.8246202,0.7375516,1.0839185,0.05464735,0.06694864,3.041314,0.027318414,0.343424,0.74132437,0.06281457,0.92123646,0.14953093,0.0020533581,0.95139176,0.949482,0.9659982,0.70739925,0.21184637,0.6689717,0.7681743,1.0657969,0.6937727,0.2955065,0.37973508,0.75298065,0.40226033,0.599731,0.24234608,0.17807461,0.91534054,0.4177591,0.91078544,0.13433614,0.31058073,1.2233573,0.13991651,0.4652044,0.17112964,0.21935183,1.0883096,1.2094911,0.46709374,0.7763364,1.1824846,0.680381,0.8006811,0.0062801028,0.5315794,0.0015174405,1.3616114,8.128181,0.8006504,0.07539717,0.7632119,0.45239106,0.5928178,0.65342647,0.57188785,2.9157372,0.0,0.05470562,0.59230024,0.36571708,0.21629754,0.28711438,0.052254684,0.36524013,1.1624082,0.05511917,0.16885509,0.37601513,0.62436724,1.8755885,0.4492928,2.2994173,1.1523691,1.8300208,0.13235101,0.0052233795,0.24606642,0.27366057,0.15661807,2.9879515,0.28326428,0.079270676,0.20596626,1.0120049,2.2329879,0.9048551,0.2252524,1.9311157,0.41540992,0.18054253,0.33197108,0.56563675,1.560455,0.32934213,0.12674794,0.3606512,0.8163664,0.71919787,0.11813076,1.0904014,0.06666147,0.21837711,0.7155753,0.018577768,0.5502156,0.6283229,0.30492893,0.035589315,0.24634853,1.5134152,0.2978936,0.194937,0.6184705,0.63466895,0.26660642,0.033413388,0.27123448,1.4624655,1.2605264,1.0498725,0.070252374,0.17962271,0.6610435,0.14445378,0.0,0.5964635,1.257691,4.097369,1.6153951,0.6530188,0.25607485,0.73547894,1.8290535,0.97680014,1.0604342,0.66510934,0.5368558,0.33218038,0.5260026,0.8751567,0.10865329,0.3106829,0.03451192,2.2763722,1.0403403,0.057356376,2.3268278,0.11883644,0.0,0.1739265,1.024781,0.097219124,1.1519568,1.1000946,0.33128762,0.24003544,1.1807845,0.0753674,0.6033915,0.09947714,1.2892212,0.23732948,0.02651521,1.2668854,0.51899946,0.5937685,2.2166524,1.870895,0.26923257,1.739405,0.44980273,0.026823506,0.29127058,1.3822476,0.39378792,0.18006146,1.2955632,0.01929785,4.619673,0.37950483,0.025064643,0.0,0.8930247,0.84546506,0.1644117,0.045504987,0.38012466,1.1706141,0.15302096,1.7868345,0.11660697,1.5391887,0.45757997,0.8809213,0.7273044,0.8370563,1.0493417,0.021169456,2.1519027,1.906015,0.14376876,0.0076862914,0.42774302,1.5867665,0.22439457,1.0214145,0.11564757,0.9144634,0.09428164,1.1123327,0.4342708,0.4328933,0.8854742,1.4108584,0.28505692,0.63119656,0.1850502,0.26377612,0.80390435,0.33958465,0.15728909,0.9273637,0.7556169,0.90386975,1.6432246,0.30613714,0.28997612,0.01320663,0.3444481,1.2240925,1.3030188,0.65133905,0.50490767,0.96926963,0.9028613,0.24843432,0.0,0.06439254,0.25966325,0.00097349123,0.27982137,0.25526956,0.19132996,0.40876886,4.2262316,0.05964105,0.702854,0.6531489,0.9401905,0.0,0.71762365,0.10759669,0.7942978,0.78491616,1.4349765,all_pothole_images\pothole_images_enhanced_0cad12aec6a082eb179c8d698f7ffb85.jpg
1.082723,0.769002,0.12270419,1.6378158,0.8697735,0.5480487,0.613402,0.6004405,0.0093200635,0.78805465,1.0258551,0.7690796,0.022427933,1.7767926,0.81995,0.030698402,0.53631467,0.6509698,2.0069685,0.011242093,1.2588493,0.8366797,1.6654699,3.0060718,0.7896627,0.0034590939,2.0433002,2.044283,0.39483213,0.5660024,0.81772774,0.02235997,0.80867165,0.574621,1.2083188,1.1400924,0.38981113,1.0215768,0.24168809,1.4856224,0.14335975,0.084571935,0.25274673,0.15957302,0.7930542,0.7503982,0.27531573,0.6998934,0.42889544,0.81393814,0.35690045,0.7824763,1.5548347,0.23301665,0.34042066,1.4257975,1.1248406,0.29659513,2.1177876,0.3026416,0.82832587,0.20330697,1.3402615,0.0644485,2.7982595,2.2833946,0.7811466,0.0,0.54692036,0.20895916,0.33125165,0.22265825,0.1501731,0.031014757,1.3692613,0.8463018,0.039841395,0.6829068,0.21739523,0.011689254,0.5598672,0.44921422,0.49476045,0.27202314,1.1882321,1.3289241,0.32425058,0.0773612,0.6972605,0.07506351,0.23290141,0.2443685,0.43392426,0.3648399,0.48235607,0.70082444,0.63544595,1.1979647,0.40977898,0.37586445,0.073191226,5.2828054,0.07502145,1.3865527,1.2760453,0.4516611,0.13957965,0.79670465,0.21637478,0.23911858,0.5504542,0.723362,1.790311,1.3418227,1.8319042,0.16736288,1.2126045,0.18684898,0.48766622,2.237899,0.67083645,1.3292466,0.12830272,2.597766,0.3214647,0.59597963,0.16991584,0.619296,0.75617856,1.3360183,0.58008623,0.005765252,0.026335526,2.1465518,0.08336173,1.0589324,0.3893887,1.4954412,0.07937492,0.029447358,0.099042036,0.7304228,0.0047403015,1.3162322,0.97674525,1.5781293,0.67848295,0.18119259,0.27935016,0.85940635,0.5561996,0.1235259,0.064433165,0.1488565,2.3391101,0.2602625,0.86427766,0.56288177,0.63362074,1.3545033,3.5766432,5.009719,1.1105253,1.7634174,0.7433284,0.4519324,3.6689212,0.1863485,2.389551,1.8590527,0.42241222,0.1205043,0.105003335,0.78373504,0.280548,0.9176568,0.26229522,0.056957472,0.9003131,0.028297,0.7793056,0.7406031,1.0656939,1.264612,2.3639905,0.32432738,0.093782745,0.017207613,1.4876839,0.522187,0.39192137,0.49508268,1.0277755,1.8940381,0.040987127,0.96032363,0.09839436,1.3401831,0.48458704,1.3691739,0.14409295,1.2983552,0.30453128,0.5071564,0.64695466,0.32930705,0.56913465,0.7198564,1.1011871,1.0253625,0.40529582,0.0673369,0.15126614,0.30066338,0.57904893,1.5997336,2.0722349,0.17894262,0.36493307,0.4483942,0.2844111,0.07610372,1.8729253,0.29807153,0.0,0.6354704,0.5587081,0.5336476,0.39060277,1.0599797,1.3778648,0.7358383,0.72642297,0.69684917,1.1041234,0.6011486,1.6267103,1.7398254,0.22753419,0.075894594,0.062902845,0.06497418,0.2803942,0.24396725,0.843286,0.3160216,0.75634795,0.42659673,1.1118723,4.200283,1.2758547,0.022530833,0.088994,0.2567458,0.845926,1.9118376,0.8849674,0.7689206,0.1510805,1.995309,1.4380091,0.4932784,1.1703608,0.6792349,0.19048809,0.47035158,0.77352613,1.1076794,0.1392331,0.11574231,0.4277052,0.07797665,1.1015601,0.9121145,0.20320085,0.42240477,1.8071042,0.61578274,0.8852087,0.6131044,1.8610679,0.26356408,1.7041415,2.1824298,0.8792221,1.6389232,0.8703112,0.5210627,0.6244667,0.0,0.61383575,0.93376505,0.041919775,1.7046174,0.38863096,0.0054698815,0.2437467,0.40266308,0.1340333,5.005929,0.2711865,0.7460037,0.033522747,0.012441162,0.68217427,0.5234385,0.0009759774,0.12961748,0.1557304,0.17793554,1.6450149,1.3629295,1.4145983,2.198231,0.25422138,0.021092363,0.8817509,1.2874055,0.023096764,0.2918304,1.6640214,0.0534518,0.1864752,0.4381646,0.83621544,1.5306697,0.24342273,0.2779569,0.089735806,0.4704776,0.96584827,0.978861,0.031581298,0.1900387,0.14652087,0.27997592,0.048082527,1.0329463,2.1687028,0.9975592,0.46994388,0.97195745,0.727283,0.608468,1.3849939,0.22902343,0.14772627,0.019381545,0.38539293,0.2367686,0.19325937,0.3256358,0.0644702,1.1147898,0.46681485,0.1193264,0.2220024,0.3171971,1.5672807,0.046080958,1.0388668,0.40632352,1.2747589,0.122477196,0.13513874,0.25509325,1.7237215,1.1238983,0.3849049,1.0962572,0.8097121,0.16668601,0.5034422,1.0592234,0.6310029,0.46988887,0.49487895,0.12067889,0.14886191,0.8428603,0.52348936,0.2698212,0.32894185,0.45170358,0.3722958,2.391552,1.8801699,0.9083906,0.22817835,2.8593261,1.9440818,0.54381,0.2952821,1.1941731,1.0648097,0.36267495,1.7235023,0.34813392,0.41443086,0.1750591,0.1377078,0.8035119,0.1597333,0.31256682,0.3948752,0.11247514,1.8952558,0.6032935,1.1744267,1.2560363,0.45927754,0.81136537,0.05187006,0.1029995,0.005032228,0.041984905,2.0755029,0.96071297,0.8262877,0.12208932,1.7527845,0.44762027,3.1463916,2.8065495,4.7300253,0.39830524,4.839224,0.7044932,0.81588465,0.43329036,0.047899265,0.41306093,0.51910627,1.0000566,2.1385121,1.0315055,0.27535176,1.0528538,0.17409784,0.36955044,0.07376526,0.14596035,0.0,0.2554561,0.0,0.22250426,1.2260714,0.1612772,1.6748772,2.1455321,0.6089081,0.0035302062,0.0,0.9627553,1.3668921,0.18752985,0.34316036,0.71068835,0.24470936,0.3980906,1.0359763,1.0237256,0.60278505,0.375431,0.014420327,1.1420519,0.6588923,0.47829646,0.28679854,0.3096796,0.3507056,1.0838727,0.77735734,1.0179125,1.6598008,0.12668158,0.06644455,0.049701493,0.43628114,0.019552663,1.6591432,0.80975986,0.9465729,1.122911,0.7349955,0.33230835,0.2542501,0.29713225,1.5844631,0.155447,1.2779155,1.3761747,0.37354144,0.05428008,0.8138119,0.5709163,0.22339983,0.25229606,1.0460312,0.40452963,0.38094044,1.5404507,0.33392438,0.13811953,0.9558569,0.06294551,1.161161,1.3500035,0.142529,0.9287151,1.618589,0.6854922,all_pothole_images\pothole_images_enhanced_0cd02ced07d8059fb2eb6e7dafcb90a9.jpg
0.28730437,0.21748729,0.15538418,0.64074695,0.23766309,0.049589876,0.122730196,0.33063775,0.08290815,0.198692,0.13224743,0.6638177,0.00744109,2.139838,0.06536668,0.37813482,0.07645337,0.7988295,0.9162049,0.03950992,0.5894028,1.0645838,0.044702627,0.641392,1.6157051,0.7892372,0.7825174,2.9453642,0.11470547,0.014308863,0.16674654,0.1905683,0.0070704627,0.09480271,0.38226664,0.4191929,0.015818775,1.150139,0.13853882,0.83421123,0.0,0.028980672,0.34636617,1.1563743,0.13597488,0.81271756,0.0025446524,0.14469896,0.9481507,0.35914332,0.3166988,0.101818785,0.2449207,0.34268042,0.04956368,1.0430435,1.2709861,0.0006083621,0.2805247,0.29503313,0.09597122,0.055847667,0.5141027,0.029751346,1.4901017,2.2245255,0.07264781,0.026061052,0.08102927,0.025592828,0.25304994,0.27155524,0.006240753,0.008485379,0.16590418,0.6248253,0.031982996,0.3304399,0.0,0.23704942,0.0,0.0020891714,0.12199508,1.4588386,0.37377718,0.22396822,0.26027304,0.047618516,1.9972596,0.12984653,0.24227753,0.46822155,0.023664132,0.09851068,0.0,0.026434226,0.3275837,1.1822373,1.3675977,0.5621249,0.30823022,1.5976489,5.2426726e-06,0.112435594,0.305417,0.24576622,0.49614176,0.32097813,0.017359935,0.31491813,0.021038024,0.1367266,0.05302693,0.8105389,0.7381641,0.024772367,0.50905305,0.0018224111,0.736925,1.186265,2.1195374,0.32694182,0.052622255,0.53944385,0.8929943,0.5906621,0.46197835,0.20942187,0.2828898,0.030767115,0.0,0.10328061,0.09248398,0.17308936,0.06407751,0.11548148,0.9583276,0.31583104,0.63259083,0.12623279,0.021194063,0.43844706,0.1759243,0.30477273,0.30928975,0.58290285,0.2560333,0.06751491,0.12328803,0.5613718,0.64074576,0.2590982,0.000780669,0.03580744,1.4642408,0.17620255,0.3303086,0.23770459,0.050175317,0.18509385,1.2295574,0.9169041,0.65963036,2.2346063,0.046639744,0.5563801,0.39974147,0.12492164,0.7979976,1.5222174,0.023894865,0.0014518391,0.36219832,0.048536316,0.12617531,0.09864697,0.21075357,0.112985745,0.020076409,0.14383526,0.24681816,2.024219,2.157354,0.7145104,0.55066043,0.16102259,0.030067608,0.24487416,0.3668493,0.13378112,0.17646758,0.34747776,0.032837965,1.0233359,0.21542685,0.075038075,0.31372163,0.2791605,0.09622648,0.36369774,0.6719343,0.5432819,0.3314653,0.7604425,1.5193542,0.064522006,0.10836163,0.44451135,0.58982164,0.3614716,0.034167536,0.20944802,1.3153793,0.2062415,0.47217044,1.2375082,1.4710377,0.1592437,0.042618517,0.069498315,0.3184991,0.25939742,1.1524012,0.055533893,0.031518545,0.2538814,0.7437715,0.39027703,0.39493844,1.221596,0.05176581,0.030802952,0.023201222,0.02684092,0.021421675,0.54031485,0.8969546,0.23805226,0.043749824,0.2683308,0.346978,0.0064827665,0.03940005,0.16466351,0.23507768,0.0016035413,0.3829284,0.2902011,0.5925842,4.4057736,1.6894568,0.05366081,0.048634455,0.15241611,0.018184988,0.5349807,1.0324577,0.21311836,0.17757785,1.2310979,0.46580055,0.026270442,0.15088062,0.01578811,0.395233,0.62722814,0.22007461,0.23398598,0.45816785,0.04190843,0.35467446,0.033509225,0.31892422,0.9933272,1.1408665,0.14059381,0.0,0.2170454,0.056602072,0.4985413,1.2986943,0.16010588,0.39878237,0.023706626,0.8616595,0.80693436,1.0131634,0.64296967,1.1132988,0.01799756,0.06376134,0.16328228,0.2955214,0.07142361,0.5112041,0.44112542,0.37774664,0.8630853,0.11383467,1.3831147,0.31433734,0.5119351,0.0,0.3689568,3.388623,0.172081,0.005048058,0.14883274,0.04278574,0.6427644,0.7365072,0.42877814,1.2748775,0.5502182,0.18586056,0.8092486,0.0036273915,0.9451048,1.4690975,0.27150962,0.19596316,0.017381111,0.08857956,0.11528468,1.1818609,0.31371468,0.21998915,0.004996727,0.6787363,0.6658171,0.5830182,0.12196536,0.009707241,0.03889349,0.8128142,0.073811755,0.70024294,0.23149467,0.2790445,0.55786747,0.0913345,0.3088616,1.2671417,0.12004269,0.9211042,0.04709128,0.020004772,0.67842084,0.41944465,0.49644077,0.6178637,0.19931057,1.0668001,0.33162588,0.055433854,0.14925128,0.06579594,0.06957928,0.23023535,0.3837077,0.60781026,0.084732406,0.025045015,0.09082044,0.11180002,0.0,2.1549149,0.25911796,0.19016415,0.059729505,1.2313769,0.2455508,0.036978353,0.44906825,0.07230854,0.30562216,0.0027814421,0.12702927,0.11605527,0.332435,0.9025007,0.0053322674,0.16261685,0.30217525,2.237014,1.4108032,0.6026791,0.024462307,0.040011182,1.8760637,0.63942397,0.42979023,0.15171677,0.8245833,0.07297641,0.3330522,0.60967827,0.20397836,0.017887443,0.15917489,3.061439,0.53471446,0.037592165,0.5118072,0.21779074,0.051142875,0.08146866,1.5989459,0.2964231,0.20159157,0.35428002,0.05566601,0.14024265,1.8173248,0.012799716,0.3383646,0.45736858,0.31416455,0.173128,0.013835975,2.7916515,0.053139087,0.39584267,1.4675834,1.8162645,0.0027804915,0.56015193,0.23191385,0.22309497,0.053834125,0.30644748,0.6202607,0.4171299,0.9176156,0.97490644,2.1301665,0.27941048,0.5750269,0.005153181,0.0001465789,1.0463804,0.11643171,0.069110185,0.29343024,0.31598687,0.02434555,0.5884065,0.04638501,0.04558025,0.43190733,1.1172583,0.13024816,0.40057033,0.7318637,0.47344106,0.41463992,0.50271195,0.30785033,0.36113983,0.5191953,0.34508762,0.2578479,0.37187263,0.21993814,0.24814688,0.098154075,0.12587595,0.30847076,0.16659574,0.0058463113,0.21061191,0.17873223,0.57950425,0.0,0.2389564,0.042745788,0.026072154,0.019239595,0.18302663,0.01463086,0.61846936,2.0434756,0.2358841,0.4449967,0.0020448386,0.16063966,0.01850495,0.12174423,0.5265064,0.10800031,0.5893639,1.1639186,0.043094117,0.002442881,0.0,0.120688945,0.06492151,0.005631589,0.14140064,0.13896109,0.10704334,2.204375,0.023401612,0.0719886,0.14793907,0.012858286,0.019155601,0.1391067,0.24525346,0.13212791,0.6527095,0.5066429,all_pothole_images\pothole_images_enhanced_0cf34ac7b3d246e239d5e34eb4e46d15.jpg
1.1347002,0.33402562,0.5559654,1.6589112,0.35906872,0.29743284,0.1377495,0.41183764,0.00050233945,0.5702653,0.13408625,0.7032038,0.023699054,0.5285066,0.0,0.08702444,0.076903634,0.6160345,0.2553744,0.087440774,0.09783052,1.1503164,0.54318374,0.251653,0.6780699,0.3821344,0.39867073,1.5460261,0.026551533,0.23474343,0.22459313,0.12724355,0.96462286,0.9199136,0.21244203,1.4408622,1.0664885,0.5215688,0.10167246,0.63759154,0.077331565,0.79607075,0.5891877,0.5274728,0.23644085,0.9120624,0.6431979,0.066509224,0.14053749,1.3830717,0.29602882,0.44026688,0.3909533,0.0034123324,0.023142604,0.49552235,1.8504094,0.13639875,0.35689887,0.0044926247,0.15971886,0.7326646,0.3989378,0.19237061,3.0272431,0.867355,0.06725541,0.5219641,0.0,0.6633856,0.21029569,0.14549853,0.018075496,0.4290905,0.019242147,0.1579961,0.09019441,0.3485825,0.009523878,0.2463681,0.049977038,0.09441201,0.32898661,2.1843154,1.0648544,0.026621249,0.009095073,0.07348723,0.3396629,0.2988177,1.2409579,0.40998942,0.05582339,0.16154034,0.15192898,0.032832075,0.92426556,0.059602425,0.19001627,0.15718147,1.0484691,3.735557,0.11022676,0.08969473,0.77960336,0.1139433,0.085558735,1.0478375,0.09650943,0.5979487,0.010203433,0.12251474,0.37595934,0.07310219,1.1638424,0.4148815,0.9849252,0.009777496,1.5652425,0.9185174,1.3753581,0.066584595,0.26713836,0.9898912,0.26091477,0.6629407,1.2087755,1.2163856,0.85968,0.04169641,0.41244638,0.0,0.2044961,0.04941025,0.296558,0.39634508,0.34416848,0.748528,0.48016346,0.09921981,0.88101107,0.026355632,1.7096744,0.6555185,0.07958237,0.46749452,0.004594264,0.33280218,0.6269822,0.012345927,0.7268216,0.5956563,0.21506637,0.021557443,0.94057703,0.045653183,1.4720805,0.54408795,0.5689184,0.35744056,0.19827667,0.42135078,0.41274446,1.7300986,0.10923871,0.37344718,2.0562754,0.33968014,1.169283,0.72059035,0.31772554,0.95451206,0.050018296,0.2786987,0.2601635,0.08777543,0.18641646,0.09704109,0.290549,0.5963527,0.23620169,0.7189446,1.1190072,0.6904627,2.7117321,0.0,0.114647165,0.39237484,0.29163295,1.5168821,0.13939363,0.58015037,0.5494464,1.299812,0.12379115,0.0,0.5278166,0.64597625,0.79129994,0.010134603,0.4950566,0.30930266,0.7604795,0.948021,0.1220393,0.4608658,0.2663665,0.49540693,2.412309,0.65188116,0.0,0.031992476,0.46816948,0.27417046,0.49614555,0.3495263,1.4864513,0.007115291,0.04007895,0.42813036,0.59379613,0.19358237,0.14972734,0.073600486,0.23091757,0.59698766,0.79162675,0.12931232,2.1928093,0.37385932,0.44096756,0.46063736,0.34003,0.0,0.28979835,0.0,1.6104808,0.19618925,0.065411374,0.81937736,0.16633493,0.054516178,0.20327142,0.7572042,0.043737352,0.034144107,0.3223769,0.9771432,0.40233034,5.0813437,0.46855003,0.16905586,0.3023105,0.45015207,0.0,0.43943483,1.1822423,0.0,0.27758247,3.3980877,0.10004481,0.09290806,0.3032947,0.8108684,0.03166833,1.0904163,0.26105192,1.1922277,0.8690553,0.13928063,0.20084861,0.16124125,0.27197263,0.2437143,0.9904517,0.15826868,0.005853328,0.046253942,0.43864968,0.3896284,1.8524582,0.6542845,0.3501773,0.16852708,0.2824572,0.23044452,0.2514691,0.10643241,1.2667212,0.5980911,0.12020264,0.26096603,0.019983921,0.52456576,0.017843954,0.24671881,1.691288,0.3502757,0.06112114,1.1953628,0.13581863,0.5147667,0.27227026,0.28011745,4.679677,0.79833126,0.3704486,0.039668478,0.2593214,0.33948174,0.46204638,0.17212895,2.8896148,1.397127,0.4267122,0.27640003,0.012536119,1.9731667,3.2752044,0.93061954,1.2103404,0.04214157,0.6307888,0.07371681,0.050581384,1.5456449,0.16525842,0.18436365,0.38026163,0.08801331,1.9952211,0.15592848,0.27674082,0.0005506716,0.38615307,0.11110914,0.97390294,0.0,0.15379609,0.040404174,0.26663196,0.12554432,1.1458075,0.09240859,0.00071067194,0.048425682,0.03485044,0.2375981,0.63413066,0.78546625,0.3766626,0.22516297,0.21047841,0.80949783,1.071784,0.051330313,0.2652345,1.4714518,0.12064115,1.029001,0.651724,0.21588326,0.36961973,0.18072256,0.13782805,0.19103205,1.1979668,0.025542613,0.6574524,0.8306852,0.86722517,0.16472143,0.61233705,0.34978932,0.5790355,0.12936424,0.7137334,0.36191776,0.17259598,0.7257023,1.1579099,0.0019658129,0.50503576,0.10283429,2.0553312,0.69992876,2.876357,0.10367204,0.3339399,0.14395714,0.09865806,0.24412431,0.50135565,0.5155953,0.0,0.07264724,1.0059587,0.18083847,0.14675261,0.1532915,0.6350073,0.73010594,0.42882577,0.11753254,1.6014951,0.18749408,0.21734582,0.17349741,0.28607243,0.008400378,0.6404331,0.38537818,0.059221778,0.02052091,0.007324458,0.19468836,1.2238315,0.36821496,0.7382984,0.003172775,1.0787814,0.4833063,1.1993848,0.82397646,2.614756,0.2248773,0.85470426,0.38448822,0.09979725,0.28212783,0.08797957,0.757852,0.121724166,0.5260558,0.003084128,1.8211558,1.2222129,0.5092744,0.22467278,0.2567382,0.6234441,0.71839577,0.045684464,0.011433574,0.37213737,0.13265239,0.4695373,0.042899694,0.17937031,0.93753207,1.1401639,0.014751828,0.7297875,0.12094722,0.31964242,0.65676177,0.05244292,0.7517208,0.98144454,1.2023784,1.8282909,0.13367234,0.42651406,0.04983184,0.33162564,0.20978725,0.11150471,0.016799597,0.31335974,1.1538278,0.7778295,0.4143008,0.10310418,0.077188075,0.26328492,0.02641023,0.21215396,0.5848596,0.4652082,0.0,0.15219218,2.0778155,0.9481065,0.23675476,0.096152715,0.18945715,0.41341826,0.033215452,0.68490267,0.07403759,0.35222515,0.5888001,0.42733568,0.2135076,0.44704708,0.077488296,0.35566163,0.266128,0.46011174,1.4076747,0.6464785,5.6036406,0.07922153,0.049886487,0.30645335,0.26160875,0.17031406,0.003492389,0.19394426,0.48045656,0.34147072,0.8453145,all_pothole_images\pothole_images_enhanced_0cffbb70af517ba0fca1ce2800b40bd5.jpg
0.0,1.3335359,0.0,2.1254632,0.9012456,0.18007955,0.08243876,0.016084414,0.019168034,1.0275611,0.4015895,0.26597244,0.02853509,1.5262011,0.06252581,0.0005526466,0.2037377,0.5123573,0.69474053,0.052748397,1.0150311,0.48796695,0.31506985,0.2544995,1.0654316,0.52716225,0.19017528,1.1309348,1.046876,0.82796925,0.8094252,0.56597227,0.2593388,0.18937226,0.00094275275,1.3368343,0.48236987,0.58940876,0.18926923,0.515855,0.025469178,0.06476873,0.056315526,0.69845986,0.13172601,0.58948934,0.0,0.043862913,0.0792887,0.47697073,1.1501629,0.082505226,0.19767512,0.00067781605,1.0698874,1.3172778,2.6368515,0.48455626,0.09536611,0.0035877796,0.19474305,0.4833753,0.17496441,0.03447842,0.8430389,1.2876765,0.21809573,0.23521043,0.34901372,0.0920989,0.038878743,0.1367211,0.14910069,1.4017572,0.8682702,0.1611238,0.0063424655,1.0535035,0.006104027,0.19730228,0.0,0.056448292,0.42065454,2.7253184,0.17666015,0.12768814,0.09021636,0.29264098,2.0336914,0.2207872,0.33308822,0.25777385,0.20740181,0.60303825,0.3036502,0.15167567,0.106249996,0.27042496,0.5621535,0.8778769,0.008163853,5.4717317,0.7288429,0.0,1.5388968,0.083772145,0.15167375,0.44718355,0.0712534,0.90052885,0.39891496,0.74977905,0.2522886,0.6870967,0.22963852,0.42922345,1.2786106,0.12229218,1.7433826,0.20708269,2.3008769,0.13715331,0.027908541,0.9081882,0.518341,1.7744081,0.22089507,0.22160581,2.4095845,0.24856734,0.7989671,0.0023709126,0.00314428,0.5883174,0.28240034,0.24156407,0.121226735,1.2522532,0.14227062,0.104032725,0.15897247,1.0644314,2.4914727,0.6940943,0.0,0.7285825,0.026640052,0.44766167,0.17359568,0.016442584,0.326763,0.14647216,0.0742387,0.34979114,1.3116465,0.6442114,0.10319707,0.34788582,0.6171366,2.100876,2.1888878,1.8470893,0.35173458,2.3016317,0.25960404,1.3690338,1.9555529,0.7263924,2.1085851,1.7133536,0.09476663,0.25506988,1.0780122,0.8807316,0.27686962,0.15578553,0.12100054,0.040185418,0.044524238,0.15601143,0.00856683,1.9339606,2.1274989,1.0267789,3.2595625,0.3256001,0.24116154,0.84657925,1.1720222,0.3198379,0.0015393766,0.874572,0.19546664,1.298381,0.02286365,0.06768692,0.7798314,0.12946773,0.23307663,0.14045458,0.024436152,1.2918743,0.040577162,0.99403006,0.0054330947,0.14974914,0.0,0.8527693,1.2579205,0.21857971,0.0,0.01098239,0.69212294,0.13739242,1.3457973,1.4424298,1.2691327,0.8885904,0.81841695,0.25193295,0.3509692,0.002438494,0.08189937,0.05812684,0.021889837,0.05099203,2.02477,0.18029368,2.4156058,0.096995674,0.023106633,0.0073811053,0.25169042,0.18320341,0.020673735,0.03834265,2.6992803,0.107940875,0.25484648,0.07083898,0.89415956,0.027472792,0.10334859,0.18122293,0.8401498,0.0029851475,0.3290094,0.38870078,0.13872477,5.7243447,1.5236402,0.42188886,0.0808517,0.19774653,0.09415181,0.0025564209,0.33517113,0.25300294,0.59071344,1.6354134,0.5220505,0.033272907,0.84388983,0.07950799,0.11309569,0.23145945,0.86043805,0.25609213,1.877951,0.12213958,0.037078425,0.0045068604,0.9531848,0.007942631,0.44535592,0.426168,0.009325764,0.42362568,0.21804543,0.355204,1.1869022,0.6510165,0.23077275,0.26081273,0.080558695,0.16196556,0.850279,0.050234526,0.38717112,1.7186521,0.23362486,0.36107534,0.018957594,0.7068172,0.20308827,0.24440216,0.1895129,0.002898137,0.035440445,2.4281998,0.3399145,0.48176455,0.044486657,0.04708675,3.3855712,0.30932915,0.0078301765,0.14147854,1.2547494,0.36558253,1.2218707,0.6908176,2.9848459,2.721676,1.1679015,0.35777715,0.25283217,1.0638149,3.5315542,0.08691823,0.007347888,0.15031654,0.09447922,1.7440838,0.052594237,0.4400387,0.21463947,0.109503746,0.10952076,0.09693897,2.1503296,0.83535254,0.42907906,0.03800682,0.28581217,0.03561989,0.45197693,0.0836646,0.48485354,1.8829784,0.7754593,0.30927834,1.7665802,0.74863726,0.87819445,0.36677542,0.3400002,0.71279603,1.0478632,0.016930807,0.2843225,0.74046695,0.08924449,1.1971755,0.02423762,0.08281203,0.4943459,1.1098536,0.7908949,1.0017601,0.0,0.20032914,1.3439977,0.66593677,0.16647035,0.027465403,1.2087784,0.0612926,0.512486,0.09630464,1.5261562,0.0,0.24695703,0.83790255,0.37027094,0.15924093,0.154972,0.05670565,1.2614399,0.13297424,0.03673576,0.0,0.42016974,0.18220243,1.6427251,0.4468136,0.61388004,0.08164037,0.0,0.94051874,0.050210316,0.0067651123,0.00735938,0.21618907,0.5472652,0.04173208,1.0822234,0.40651983,0.00044230113,0.12171702,0.70999515,0.76409596,0.59947765,0.4009219,1.0829732,0.0052996245,0.2585484,0.16148627,0.35133827,0.30796036,0.57347107,0.18593222,0.011535812,0.2580068,0.0,0.03657716,0.700971,0.66976833,0.3486103,0.06618975,2.3360538,0.36265785,1.9592053,1.8274345,2.4635584,0.04355224,1.9221789,0.3434386,0.94634885,0.8467689,1.4214816,0.17932035,1.7189237,0.7039907,1.0891738,3.379753,0.5913302,0.5935778,0.3151926,0.13656886,0.5195527,0.14440441,0.0,0.00025276255,0.0,0.17337698,1.0895605,1.2139889,0.04110505,0.69696283,1.805712,0.020475918,0.32510552,0.0037053276,1.1322632,1.8333473,0.04917322,0.38583684,0.7709391,2.1959598,1.0135518,0.04944247,0.734967,0.09499108,1.064176,0.21894456,0.045491632,0.36665487,0.075260095,1.2083461,0.7295549,0.6698426,0.64787394,0.3976962,0.73655933,0.2709271,0.11421802,1.275182,0.19464003,0.35815492,0.54455996,2.2906046,0.62554985,0.13732536,0.0,0.04456942,0.53944266,0.0,0.4217966,0.023733076,0.39019838,2.0824401,0.23840277,0.06266739,0.0,0.8277721,0.30678892,0.113857344,0.54585725,0.61665887,0.8169971,4.1755114,0.6149541,0.19588521,0.022728896,1.0140475,0.54992026,0.2667529,0.41529185,0.16623706,1.9927496,0.13603969,all_pothole_images\pothole_images_enhanced_0d3ed85761f56ca28badc53b98704ced.jpg
0.883087,0.4820329,0.0,3.2487097,0.90916544,1.8570248,0.277068,0.007928586,0.18788335,1.6481172,0.35381418,0.016049936,0.06713361,0.63803387,0.028629517,0.4240359,0.05613585,0.5455965,0.209047,0.017410964,0.5025798,4.061232,0.97020185,0.43173605,0.22316954,0.483491,0.06612796,2.9303987,0.38147622,0.718523,0.62858564,0.75620455,1.5896024,0.039124183,0.05282655,1.9945503,0.22221364,0.73824906,0.31462774,0.4201533,0.045864128,0.016013999,0.22648698,1.8840892,0.5878139,0.052868772,0.29434395,0.0,0.28519046,2.5595512,0.28842613,0.05079402,0.68643624,0.25021935,0.39854664,2.158604,4.3881974,0.013056487,0.0073100785,0.46764877,0.4319873,0.29662552,1.1858745,0.23049845,1.375594,2.1485696,0.020555744,0.2778683,1.529064,0.5167293,0.5148602,0.3462456,0.14516872,0.26578528,0.8945004,0.7387118,0.22121954,0.11584247,0.2710578,0.86649024,0.053314276,0.10127577,0.02713742,2.5539365,1.1079693,0.090119965,0.098710254,0.014215676,3.0345044,0.30018768,0.30734384,0.0841761,0.06610822,0.1926552,0.209095,0.01529067,1.3246033,0.18418524,0.3424055,0.34620836,0.06733696,3.4411044,0.4291853,0.0,1.9278109,0.108157665,0.046998262,0.2927138,0.007311514,0.21231547,0.1964184,2.0085125,0.85595447,0.1668419,0.56268305,0.15989108,2.2992802,0.19090192,2.608267,1.0142325,2.235779,0.90688336,0.06987043,0.2663214,0.13136326,0.14275242,0.120453835,1.6361555,1.7263381,0.21330783,0.5420789,0.036548,0.9204339,0.025795693,0.12013583,1.3241941,0.0,1.1928942,0.061330706,0.2396015,0.7456369,0.35072792,1.224017,0.33510485,0.054499906,1.1161195,0.23386818,0.5043254,0.79947287,0.13728622,0.15779673,0.61367184,0.31884024,0.17042708,3.4344487,1.2071353,0.5614449,0.064022064,1.748429,0.6761833,1.5216186,0.6534229,0.074486665,3.484892,0.14776915,0.0457469,1.1476053,0.12699546,2.8656588,0.059810042,0.29698256,0.044525515,0.0007441027,0.16708969,1.4339991,0.1474444,0.34969354,0.022354675,0.7029663,0.043513164,0.111342,1.832384,3.093132,0.613888,1.655425,0.7539355,0.12142557,1.4401567,0.85384494,0.97013587,0.0,0.2269206,0.0,3.0462263,0.00036362503,0.28367397,0.24496545,0.21521224,0.47190133,1.7563376,0.07888324,1.7311575,2.6014488,0.8538005,0.3283099,0.00088974286,0.8895659,0.4041686,0.23895334,1.1067622,0.0,0.38026592,1.6950574,0.70010614,2.5464811,3.3996239,0.64456505,0.23849393,2.1161804,0.78543323,0.0068447003,0.30427837,0.19640824,0.6457078,0.003601877,0.37997907,4.4042277,0.4770944,0.30374512,0.008576691,0.11039476,0.0852053,0.5651201,0.34646675,1.1972708,0.0,2.1906097,0.09256624,0.0,0.030167047,0.38590932,0.395033,0.47920984,0.09948419,0.06025099,0.2505816,1.0574452,0.39612535,0.00030548242,3.8290143,3.3244822,0.023369577,1.5724385,0.1886727,0.11583359,0.0,0.9793087,0.28845927,0.16809905,2.4159727,0.0,0.014150534,0.47300726,0.78375536,0.8196199,1.6679031,0.008413499,0.017481059,0.59305,0.0020934795,0.043934315,0.267898,0.18027839,0.33693764,0.79688495,0.83633703,1.5436435,0.8998386,0.071622714,1.928275,0.9458767,0.3701031,0.0,2.645336,0.43517163,0.7518965,1.6643257,0.25964105,0.65992516,0.10569643,0.48162887,0.057479482,0.20081858,1.5849198,0.31355512,0.0009791851,0.09939034,0.060911294,1.1232793,0.2563874,0.2842157,1.0634748,0.0032714184,0.108832896,4.5529895,0.20514083,0.0,1.5111585,0.001970064,0.13413239,0.31618574,1.9112132,2.1500812,1.280912,0.3545188,0.4147056,0.020773826,0.9464658,0.8706786,0.1679209,0.29670084,0.0,0.029666958,0.35478827,1.103379,0.52506953,1.3823534,0.013595213,0.74217683,0.017446,2.727237,0.31333145,1.1105369,0.062002968,0.016624177,0.15063047,1.1726402,0.11888772,0.29201272,0.15631205,1.4411154,0.7929408,0.99570805,0.05394504,1.171424,0.23465075,0.24025449,0.18215609,0.18103853,0.32958984,1.3976465,1.4745063,0.117072426,0.8061807,0.038553428,0.8124083,0.6254759,2.1377378,1.785732,1.1295168,0.0,0.0,2.7200835,0.43178317,0.0076663145,0.7495915,2.6094863,0.15484995,0.36864787,0.063686326,1.8555187,0.3308182,0.9296196,0.050761573,1.6450223,0.2925254,0.103387676,0.23202758,0.45726895,0.07423763,0.094942406,0.008793799,0.33113497,1.5547292,4.094084,1.354466,2.1431162,0.00071185327,0.019176772,1.3868916,0.588373,1.2010052,0.78564173,1.2296839,0.0,0.008984296,2.0700312,0.8084287,0.0058439374,0.24053982,1.5044179,0.92874306,0.6341981,0.5565575,0.1786198,0.02601649,0.69164354,0.0062290607,0.033091053,0.27578428,2.072658,0.81664526,0.07671391,0.008132344,0.0023989528,0.047150854,1.9325546,0.7762019,0.93899965,0.0,1.9695649,0.8575028,0.49586236,2.3200002,2.913179,0.2547766,0.2752513,0.52336705,0.032940745,1.2402265,0.12304438,0.26700515,0.7569087,0.38802058,0.028383456,5.062547,0.7374889,0.9003856,0.32864526,1.8616471,1.2003179,0.12701178,0.14704366,0.26515582,0.2856987,0.1903375,1.4742917,0.31688783,0.01863075,0.008568821,2.366789,0.9236243,0.14941418,0.8810267,1.4601029,2.1832361,0.81785595,0.42552516,0.3235588,3.869475,2.5295756,0.105316766,2.0795014,0.047692,2.3036814,0.48964635,0.30973676,0.033325315,0.46358624,2.1134756,0.85830235,0.32731864,0.13024157,0.8019646,1.4299877,0.5666519,0.5831274,2.9460826,0.1265062,0.09895757,0.04084753,6.373692,0.72038496,0.08727049,0.0,0.25300056,1.1650605,0.31539184,1.1750374,0.0,0.05552588,0.049713533,0.20008421,0.058789022,0.09972566,0.049509544,0.078927994,0.30719316,0.33704898,0.017842013,0.0017877896,9.299251,0.89216727,0.18822901,0.20270468,1.0392166,0.16210857,0.14258753,0.20938449,1.6040661,0.32756197,0.0015009167,all_pothole_images\pothole_images_enhanced_0d735db382364ad173a90251045bab35.jpg
0.35140392,0.006925199,0.08020575,0.82227886,0.15740485,0.1378801,0.43236405,0.12183034,0.8608585,0.3009147,0.030740282,1.2604936,0.008213887,1.4464102,0.05692217,0.4882716,0.4385135,0.8604431,1.7661364,0.20889753,1.3739661,1.3465266,0.09726888,0.37641874,1.6898999,1.3144538,1.7399837,3.266559,0.68009835,0.0,0.15888591,0.33770356,0.014561658,0.21559471,0.8673626,0.6405282,0.26640016,1.8286709,0.6304659,0.5291512,0.0,0.10481396,0.10958439,1.4534307,0.14513557,1.1298193,0.24283701,0.6066177,1.2062753,0.79055506,1.132048,0.29019576,0.11111613,0.65493774,0.041011523,1.3484349,0.82924944,0.019256765,0.27662343,0.34471753,0.24012662,0.3238742,0.2563299,0.04468758,2.2343626,2.3620768,0.74574333,0.024313634,0.17948106,0.0,0.2894709,0.21845482,0.05521349,0.043634593,0.4232381,0.6429874,0.2126343,0.45400742,0.1278385,0.13970642,0.0,0.0,0.22014189,1.179002,0.9609627,0.2839593,0.19097249,0.09497757,2.171507,0.18659568,0.4067582,0.79684585,0.08325367,0.3551878,0.03720926,0.007555982,0.9251628,1.546517,1.4839851,1.3414643,0.17878743,1.9346774,0.0,0.25494337,0.26770216,0.022556301,0.51371986,0.38112417,0.061578464,0.2088037,0.009159652,0.6736399,0.45761013,0.8968366,0.3677896,0.14518906,0.85386544,0.22865883,1.1974424,1.6489977,1.494306,0.45933944,0.09276732,1.3731045,0.82054245,0.4891702,1.3365307,0.3853044,0.40693748,0.06991838,0.0,0.22804739,0.070189714,0.08548789,0.005968444,0.08076633,0.8770176,0.53764445,0.9311612,0.0529977,0.087431185,0.8395035,0.577747,0.12932214,0.38967505,0.6104762,0.28269774,0.38285682,0.080385715,0.54673046,1.1719012,0.4383239,0.035610117,0.019045908,1.6328864,0.14695612,0.400847,0.065091245,0.42731583,0.10861533,1.1516159,1.7838318,0.68992996,0.5212936,0.076242395,0.5893412,0.25897157,0.114515096,0.84288925,1.6377966,0.004269985,0.016338443,0.42012048,0.045094308,0.11819027,0.020756477,0.348879,0.028803885,0.125965,0.27183577,0.8763416,1.9869179,1.7751287,0.6148435,0.46185,0.6206915,0.029955937,0.71158576,0.41136518,0.3294939,0.13767345,0.8128108,0.04253457,0.7448635,0.09882778,0.018899512,0.83101654,0.51875657,0.44305032,0.37613875,0.71785283,0.47788182,0.1556104,0.98391765,0.97888696,0.08964763,0.16568305,0.34096703,0.935125,0.2659099,0.03686021,0.03476451,0.93117446,0.17958826,1.3043855,1.0187418,1.816766,0.019508166,0.02464727,0.14978367,0.84388745,0.245331,1.7506318,0.032013416,0.25166014,0.17201677,0.70306355,0.30087435,0.28224173,1.5351692,0.25819066,0.09900297,0.14415562,0.48188356,0.13459758,0.48524708,0.7313838,0.5530728,0.07563649,0.50391954,0.6854854,0.19805,0.06023844,0.672566,0.23275772,0.018323446,0.7689186,0.30959526,0.77092165,5.5134654,2.4046257,0.22628193,0.030740319,0.36389557,0.00072705746,0.7533012,0.53302133,0.38947806,0.47585604,1.6980815,0.843037,0.08202122,0.13615541,0.049560577,0.6037997,0.6195908,0.3318211,0.38150448,0.4005376,0.10370045,0.47229278,0.028528528,0.37925434,0.7472431,1.2656068,0.25501034,0.0029708578,0.32395607,0.16131006,0.49759844,0.73572475,0.08499458,0.39204702,0.12550522,0.6055809,1.3635118,1.3864833,0.685149,2.3732238,0.18840797,0.08431433,0.4694161,0.15218286,0.2983628,0.56956416,1.0942842,0.5570545,0.89777786,0.10847756,2.920338,0.12762734,0.6786021,0.0013050904,0.42747465,3.3839734,0.37841168,0.054070503,0.17635728,0.06425415,0.7911365,1.4613154,0.2391397,0.7378434,0.6286316,0.40047914,1.2084665,0.07364645,1.236216,1.509549,0.40702763,0.19456585,0.00084893306,0.4329983,0.22545175,2.0773468,0.26668438,0.1460361,0.017743405,1.4194647,0.8076413,0.61237437,0.12050673,0.07330775,0.10999782,1.2567822,0.1926023,2.0171673,0.5735799,0.13164702,1.0473018,0.45472658,0.26743507,2.0896683,0.7565811,1.7085358,0.22359397,0.057807688,0.94995004,0.47963804,0.87774986,0.9617389,0.7562761,1.4365815,0.3038484,0.10492383,0.3821349,0.16576883,0.104197994,0.36554325,0.4030518,0.6004291,0.15274076,0.22383712,0.72828764,0.12321291,0.0,2.0427718,0.11252514,0.4667718,0.007223494,1.2173471,0.21238773,0.13213201,0.059190903,0.14861435,0.07977804,0.020447407,0.074687585,0.1422466,0.44706193,0.61838096,0.0,0.4298579,0.359234,2.9807663,1.3806177,0.5483782,0.01968232,0.06299609,2.347119,1.6664114,0.28751493,0.22089942,0.9070474,0.115869105,0.036603633,0.63947827,0.08967382,0.008540797,0.23261182,2.9629822,0.6063815,0.0,0.8285877,1.2850529,0.04669924,0.06422885,1.96048,0.7783496,0.29422182,0.30363864,0.093086,0.12261828,2.2708528,0.018379843,0.32513535,1.3195088,0.54861635,0.19317298,0.014566612,2.858551,0.013295482,0.46459928,1.822931,0.888445,0.017602963,0.38403732,0.5498745,0.14233012,0.2764559,0.439358,0.50120085,0.37095362,1.2359716,1.6357565,2.4876122,1.026597,0.40778524,0.008826254,0.0,0.7210617,0.30033955,0.11245813,0.2813529,0.65304995,0.054876156,0.36513916,0.21733822,0.029212883,0.61539304,0.5870525,0.37200624,0.40798125,1.438271,0.50767046,0.25226417,0.6644606,0.30741072,0.29730496,0.81907296,0.42162547,0.27975246,0.7910734,0.17635976,0.55386746,0.44319588,0.23418227,0.39130244,0.18953463,0.0,0.29736888,0.045402307,0.53054047,0.01693159,0.11751235,0.1869921,0.15078941,0.32616886,0.16469288,0.31314445,1.1061838,2.5606067,0.2884346,0.4711173,0.11412347,0.011922062,0.03458604,0.10274735,0.5124594,0.10522741,0.6943428,2.5460877,0.14971496,0.16786076,0.0,0.09641674,0.071674734,0.053165697,0.046265222,0.027282592,0.24182084,2.7026448,0.14334242,0.40055987,0.3631138,0.077508576,0.30767408,0.20916077,0.4874668,0.43337294,0.12135884,0.7999086,all_pothole_images\pothole_images_enhanced_0d8bd295238d0a0cfc387117b1254643.jpg
0.23242316,0.17586404,0.066054456,2.3337474,0.24182872,0.0023607677,0.0,0.08190016,0.67196345,0.51604587,0.16723986,0.6720118,1.1841844,0.23492205,0.28485423,0.33419,0.47978038,2.5437326,0.5612316,0.2575645,0.78369164,0.704242,0.16538717,0.09644861,2.2844057,0.055832356,1.420103,2.0546858,0.004599018,0.0,0.15529594,0.4401978,0.6949737,0.66830415,1.1772084,1.3476396,0.13556197,0.369797,0.90336657,0.10707977,0.2645273,0.61165047,0.028367054,1.2197478,0.62363815,0.22944815,0.9001368,0.7661876,0.3385072,1.0857767,0.9669065,2.5232797,0.96440077,0.46548578,0.55271107,1.2619952,0.18118967,0.59902453,0.22692543,2.0628033,0.8364701,0.017042035,0.13548854,0.5847504,2.649336,2.3296628,0.38596484,1.5027047e-05,0.007616093,0.15407547,0.39655396,0.74437016,0.4692576,0.5916092,0.5584363,0.24479632,0.47929585,0.20386845,0.0,0.62510204,0.038661927,0.37654892,0.117738456,1.1257583,0.019394644,0.024475163,0.022148207,0.073646545,0.9570468,0.2080806,0.0412605,0.9439596,0.03940395,0.010299809,0.5630048,0.091565706,0.12844521,0.49504524,0.11484697,1.0930716,0.17399178,1.5026277,0.82877785,0.0005462888,1.575299,0.052140366,0.68598354,0.2618363,0.45681664,0.9171368,0.06741456,0.71836114,0.44196847,0.23607999,0.26213068,0.24575545,0.37547496,0.46571794,2.6940756,1.1267992,0.9247267,0.033348307,0.0034284417,1.6330004,1.2856823,0.11728803,1.3962327,0.0,0.4724216,0.025374867,0.24299395,0.18489942,0.0,0.032882586,0.43370214,0.3335929,1.0000956,0.0010861766,1.3214188,0.17250977,0.5339552,1.3062831,0.33162898,0.42880163,1.1884495,0.27360755,0.89999634,0.07732065,0.120512396,0.32900205,0.18297838,0.20085296,0.011839841,0.0120943,0.23328942,0.11985767,0.39467424,0.063756175,0.6566411,1.8677009,0.78731996,1.1895597,0.4936493,1.338465,0.1688251,1.4200859,0.49785417,0.027602501,0.5912137,2.2124443,0.041329574,0.4288889,1.1090044,1.584481,0.061382394,0.6656181,0.09637893,0.0,1.1054393,0.0920964,0.021939205,2.5878277,0.4713762,1.095732,1.4829777,0.2994742,0.62631404,0.52841496,0.13926443,0.01640447,0.035963688,0.39789003,0.10603328,0.6550838,1.2610615,1.0055737,0.79496014,0.010497625,0.66351044,0.4778784,0.33690864,1.4913005,0.04108239,0.11611878,0.17033704,0.79693574,0.3503784,0.31965902,1.1457672,0.9353229,0.0,0.097547,0.009004918,0.3277229,1.9697311,3.057228,0.007938001,0.00017236725,0.971333,0.49195653,0.9441597,0.05962754,0.8218349,0.42736402,0.051384304,0.0943521,0.09893498,0.98061055,4.0421977,1.6420997,0.033301312,0.004396243,0.118534416,0.2977066,0.0771805,0.18911268,0.43913954,0.32253173,0.3683425,0.0035601896,0.13007827,0.48294258,1.1049354,0.36235192,0.30577195,0.038535036,0.2062794,0.3830649,0.79407966,4.4106464,0.41601905,0.39799613,0.2538387,0.019576374,0.23212975,0.47382778,0.021088919,0.72989863,0.023311587,2.4030964,0.7056441,0.417334,0.7004576,0.064610675,0.2797582,0.5366535,0.59776455,0.6573557,0.7145066,0.49577487,1.2072821,0.0,0.49089414,1.2899272,0.38877767,0.6813488,0.17000291,1.3555559,0.026272586,0.039080307,0.724141,0.2511557,0.978949,0.035542045,0.03967757,0.9559869,0.88823545,0.22568181,1.9756532,1.1091584,0.0,0.60328645,0.22311945,0.32694128,0.12916182,1.0742781,0.2994787,0.043104637,0.9649379,3.0607884,1.0352895,0.64932173,0.24439035,0.22916892,2.9447265,0.107724,0.8978875,0.0,0.28286093,0.5455549,0.73371637,0.052093253,0.19425711,3.1395833,0.97928,0.84906656,0.003773471,0.6198303,4.8002925,1.7679217,0.39696476,0.46293995,0.7171043,1.0066195,2.1984005,0.39801678,0.85822463,0.014222535,0.37816367,0.035429038,2.3095145,0.18120718,1.0943469,0.31698868,0.5283538,0.080962874,1.4995921,0.8095933,0.26718843,1.1296335,0.0051972396,0.0,2.5253935,1.4635388,1.9976274,0.34792653,0.042193707,0.85680795,1.4037167,0.018650673,0.80199915,0.55785036,0.72002697,0.4386143,0.0242675,0.50939924,0.15868108,0.7116278,1.9609487,0.4168846,0.8425713,0.40202,1.2258413,0.044752743,0.37272468,0.13680927,0.7628699,0.69715446,1.1106488,0.007277266,0.35598364,0.2974596,0.55902475,0.31852695,0.0025350475,0.0285852,0.08098577,0.032712612,0.60204464,0.05131126,1.25207,0.6263244,0.097253226,0.9555586,0.304725,0.06869071,0.8450509,0.024809925,0.0949277,0.4190902,1.0436709,0.8279107,0.39428616,0.49716622,0.25395322,0.22103402,0.45446193,0.21468861,0.385555,0.11563107,0.24158886,2.4615483,0.00786015,0.040041078,0.3141187,0.37216833,0.3227454,0.7345597,1.7566282,0.48707843,0.18048514,1.1486742,0.2831372,1.6166961,0.21509734,1.5574269,1.293422,0.08464321,0.5612323,0.14209743,2.585006,1.245184,0.14381126,0.29176834,1.5521872,0.12521958,0.46955428,1.3088475,0.34221882,0.18914677,0.42007586,0.16184065,1.5610291,0.64743185,2.8304138,0.25183964,0.4459032,0.1962051,0.29196158,0.68950045,0.34439322,1.2402915,0.123695135,0.038002767,0.18039045,0.034823637,0.19837452,0.43626866,0.13828693,0.8735557,3.3942842,0.0,0.45005977,0.10656548,0.5328331,0.07815291,0.23907496,0.004398744,0.09882736,0.635984,5.2735696,0.013522436,0.34083992,0.08700358,0.2388318,0.51077974,0.30911884,0.034748722,0.567851,0.51846117,0.023981715,0.4948538,0.37132102,0.11586909,0.053696338,0.3304936,1.3328807,0.17738147,0.5562201,0.19916542,0.032598518,0.37458435,0.2193053,0.29350606,0.53395814,0.06725065,0.03086255,0.020688763,0.5582353,0.02627496,0.7130935,1.3698114,0.0026439973,0.81729317,0.036118556,0.044765033,0.9401049,0.37603775,0.79576015,0.8582544,0.9544329,1.490504,1.7263215,1.2971858,0.28657836,3.61774,0.3181514,0.1441594,0.2591002,0.32475844,0.31477055,0.18347976,all_pothole_images\pothole_images_enhanced_0df9997a7c52698de119377600e09604.jpg
0.1830807,0.34705657,0.08539614,0.94146836,0.5683711,0.32591388,0.5575584,0.06465884,0.0,0.2754139,0.14145994,0.76548445,1.0362792,1.3536129,0.0036432496,0.12898165,0.10773385,3.3880584,0.98634946,0.63504446,0.9500967,2.2328272,1.4626708,1.3623729,0.08576317,0.4381207,0.55449265,0.97084695,0.0124105355,0.2586224,0.41859412,0.020343052,0.97731006,0.38009596,1.1021148,0.5963729,0.68274456,0.22024211,0.30430114,0.25732052,0.006110336,0.25594157,0.032272186,1.0954068,0.7205739,0.45589593,1.1583192,0.0,0.004737118,0.4245335,1.0740497,1.2483014,0.5405562,0.003563932,0.13472712,0.6611204,0.6813118,1.826276,0.49830732,0.065776035,0.1268682,0.38012785,0.2063345,0.5591325,0.46935698,1.4658304,0.85170776,1.5422485,0.04715173,2.02417,0.07526753,1.2108979,0.20514546,0.33351153,0.0017384515,0.04237139,0.22008854,0.21596476,0.0,0.05389199,0.18965647,0.61219305,0.73362136,0.7905524,0.263807,0.6850752,0.033484653,0.023597563,0.6245638,0.07744444,0.18493432,0.7437108,0.6861188,0.5496987,0.38612163,0.11091741,1.6613215,0.11109846,0.23113836,0.0015991194,0.47722274,2.3940294,0.7981444,0.009294649,0.63218015,0.57669044,0.0072648535,0.2698504,0.026629385,0.49890676,0.06429262,1.1868589,0.8988526,0.41295755,0.11255882,0.103032276,1.740004,0.19094159,1.2851813,0.14019662,0.48949814,0.2781213,0.24940969,0.7804952,0.8560649,0.8621178,0.89116216,0.30359274,2.2998376,0.37285465,1.4849975,0.065918386,0.050443493,0.270774,0.14047883,1.7797278,0.1051686,0.16286154,0.6969536,0.084467456,1.7905906,0.39058244,1.0868723,1.9208894,0.15963344,0.21103917,0.4540275,0.7648467,0.8223214,0.013764765,0.17041981,0.054362964,0.63169694,0.0051344247,0.5115366,0.114643335,0.10979462,0.2430642,0.37192473,0.57352954,1.6685811,2.1433575,0.03977479,0.91356456,0.57435745,0.08621652,5.0239153,0.4146944,0.5942215,0.5531647,0.18407533,0.022598347,0.0026248845,0.24834056,0.3790417,0.08550556,0.2311905,0.0,1.2484875,0.31146133,0.52784294,1.4127907,3.033946,0.021445481,2.9063175,0.019227909,0.103013135,0.006788844,0.5769658,0.30374613,1.8629514,0.049900234,0.20904914,1.7789917,0.0,0.0007565707,0.05020414,1.3050437,0.29812178,0.65865654,0.16495612,0.36083975,2.5422285,0.8964238,0.58810526,0.76248455,0.7333066,0.039744098,1.5379193,2.114746,0.0,0.14458333,0.438192,0.13092524,0.18240815,0.41803855,1.4605927,0.39397937,0.25046006,0.48658344,0.25802386,1.4419309,1.0236373,0.25987458,0.18248247,0.13412106,0.107697725,0.36729765,0.18409348,0.26858374,0.47686678,0.44192427,1.0216384,0.0,1.1238577,0.0,0.22941653,0.09377662,0.43431294,0.21869344,0.0606782,0.2650013,0.27934772,0.26909572,0.0,0.23453347,0.435238,0.4807089,0.43210512,4.6245823,2.3870137,0.03437088,0.7682022,0.090925455,0.092525035,2.19684,0.23868477,0.09154038,0.4033502,0.9380619,0.01827925,0.3827775,0.058291025,0.48684543,0.77177316,0.690083,1.0408032,1.3447994,1.9325709,0.20276026,0.3749436,0.359197,0.11251183,0.3951201,0.12831172,0.13181639,0.32060444,0.14459158,0.33201897,0.5227967,3.1944864,0.04371514,0.32509187,0.9853653,0.715705,0.70641816,0.02824843,0.070467375,1.7675292,0.83151877,1.273315,0.34177527,0.4353887,1.280088,0.08626121,0.29289052,0.37939212,1.7263031,0.06974239,1.3143069,0.11671356,0.25872767,0.0,0.18684408,2.8806257,0.0,0.0033806106,0.14766735,0.0015373504,0.54535604,0.9852703,1.1002396,3.2795267,0.6340805,1.1706635,0.74913776,0.1643384,0.54615027,2.437575,0.6479252,0.1307675,0.04759179,0.23663212,1.2038223,0.6211645,0.04728222,0.06399076,0.022026079,1.8043141,0.078527085,4.954127,0.47186884,0.65191966,0.1287877,0.0030859485,0.36402646,1.1686673,0.083822355,0.108476326,0.09315128,0.7327194,0.72864485,0.62942857,0.3673794,0.20716965,0.8720126,0.062154282,0.42373148,0.2035146,0.9078103,0.37764728,0.16145864,0.49732405,0.24536027,0.14208649,0.32023162,0.102821715,1.9015849,0.028265452,0.4282508,0.22886711,0.47232008,0.34856763,0.31201082,0.0076053967,0.055758093,1.0209891,0.532192,0.34621745,0.3530686,0.26455218,0.024879856,0.72448015,0.10171977,1.4365364,0.37011465,0.03354502,0.5812731,1.2797105,0.5789117,0.15283203,0.10172931,0.19792001,1.8957019,1.4277381,0.28860426,0.90068954,0.24543783,0.140613,0.4309321,0.94120675,0.4505869,0.024605688,0.6061709,0.33493155,0.0,0.014277734,0.48035702,0.4660305,1.0265481,0.35222068,1.2261106,0.7350635,1.5273443,0.6049441,0.18014748,0.8394954,0.58198833,0.20511496,0.05203851,0.28813872,1.1344018,0.029200658,0.3170927,0.09066929,0.046829183,0.7907856,0.28975797,0.672436,0.008933824,0.7809416,0.47969645,1.9190583,1.264771,1.3123685,1.8304051,0.35457408,1.4830139,0.14606252,0.18074897,0.13988064,1.6138186,0.17848735,0.5596701,0.15707825,0.82731247,0.15924986,0.31392378,0.96103954,1.0296762,0.0461776,0.31383023,0.13686751,0.2795644,0.7228093,0.42550272,0.31274983,0.47776255,0.030327573,0.9352397,0.9043415,0.6275234,1.1673182,0.27246723,0.3147862,0.35280648,0.22037108,0.037099674,0.19960423,0.47131836,0.812429,1.3971133,1.1569542,0.11787552,0.2474137,0.036271695,0.009395691,0.023063105,1.4540075,0.7405915,0.5286897,1.9477115,0.37972504,0.1631826,0.405385,0.024836373,0.030778324,0.26977596,0.45528746,0.10381717,0.12674937,0.45209795,0.10551219,1.2754711,0.0012556332,0.78778636,1.0985379,0.015973529,0.88987106,0.01690568,0.30230832,0.83483946,0.54948676,0.2996552,0.24525423,0.10812769,0.3301125,0.4379134,0.3311165,0.37135875,0.21609278,1.6354429,0.93446285,0.11282903,0.015107811,0.6391331,1.1213888,0.042782992,0.14293326,1.4739146,0.2584338,0.33183184,all_pothole_images\pothole_images_enhanced_0e2b236d33fea55c16875ae8c33539e0.jpg
0.9093303,1.5137664,0.8594217,1.876029,0.45914593,0.7368385,0.36599535,0.0751062,0.39476928,2.5960753,0.2012096,0.3994009,0.2891763,0.37034816,0.3239805,1.0863892,0.8791329,0.0015362866,0.36338347,0.7336025,0.079163805,0.32753378,1.8535246,1.9389448,0.014681479,0.6928123,0.11113985,0.7374939,0.10197169,1.9630173,0.20969792,0.32680815,2.3901184,0.93219703,0.73219067,0.99278665,0.6931019,0.06817902,1.754888,0.64524305,0.3933392,0.35906538,0.19554733,0.6869158,0.38887155,0.78494626,0.31938067,0.75949925,1.166518,1.6400019,0.7891539,0.49558872,0.99298894,0.49474245,0.20170525,1.4366013,1.8075349,0.111475706,1.49947,1.6120967,0.32877326,0.3046098,0.52875894,0.13072832,0.6231504,0.52955526,0.84380364,0.55665714,0.06605935,1.8398443,0.17736556,0.06913727,0.125509,0.1261979,0.036768265,1.8749751,0.60821414,2.0817835,0.043963257,0.25895676,1.2292578,1.0894431,0.23956801,0.98347604,1.2145244,0.5654847,0.051626205,0.0,2.3339775,1.7577398,0.95262766,2.9152286,1.7133806,0.12334748,0.5621345,0.5618735,1.0918382,0.9862966,0.25487328,0.2649249,0.7439916,1.3962262,2.2538562,0.53216755,3.171979,0.0,0.3974936,0.43981367,0.83497024,0.5490589,0.27723342,2.230644,1.5496486,0.046694998,1.0646774,1.9314296,1.2189004,0.2554721,0.87437886,1.0696682,0.6130498,0.0015476415,0.533078,0.9122671,1.9728897,1.6951565,1.3275595,1.3601478,1.0789458,0.4532016,0.52587265,0.24582253,0.40488675,0.06419526,1.172671,1.1506492,0.12155016,1.6490734,0.32967225,0.30777657,0.3311901,0.47140622,0.89165634,0.343609,0.26809424,1.0020831,0.81178766,1.3104441,0.21843661,0.15106693,0.16197601,0.5105424,0.77510816,0.67662656,0.09289326,1.3067278,0.35447925,0.060823116,0.0838145,0.7419704,0.31404063,0.40002275,0.14029163,2.0895243,1.4309573,1.3554373,0.35899648,0.08652216,2.1664546,0.0,0.4872043,0.4169366,0.0,0.33283538,0.51917565,0.23675153,0.4473343,0.22319272,1.2225436,1.4529796,0.71594065,1.2433739,1.7055736,1.7827454,2.7427096,0.35346088,0.58953196,0.84221226,0.46930516,0.014028899,0.08377261,0.34987095,0.052767377,1.3307881,0.4036466,0.19619277,2.1527755,1.4724798,0.4738142,1.0015919,0.3791891,1.4972789,0.23467784,0.67847395,0.3811634,0.7504257,0.94365317,0.37896252,1.1890253,0.49138048,0.025142377,0.03366564,1.4127444,0.7920014,2.727288,0.63743997,0.38923433,1.0147272,0.31885827,0.38276017,1.7039999,0.40126106,1.1404042,1.078323,0.030342462,0.09738739,1.9576752,1.2336311,1.3873225,0.54943854,0.0012611126,0.4905739,0.45563766,0.8551286,0.65384144,0.1707153,2.4513023,0.1846384,0.017771605,1.067634,0.92142284,0.6879352,0.8535961,0.07036783,0.6034397,0.36154562,0.48703143,0.35878894,2.8314078,3.0738387,0.5240244,0.92215693,0.65215135,0.39500496,1.2189626,0.485872,1.2882916,1.2958168,0.48843974,3.6810513,0.0900795,0.059398126,0.4846807,0.26467183,0.22514054,0.56815344,0.0715143,0.6136141,4.692956,0.7410622,1.7692989,0.061503164,0.51022285,1.5682368,3.316502,0.562347,0.34672895,1.3939337,0.061480336,0.24325247,0.11100727,1.291791,0.17358565,0.6295728,0.2848057,1.3310995,1.1588324,0.44255516,1.7252752,0.2600829,0.3378548,0.24517317,0.65736157,1.493073,2.885189,0.047315747,0.34831217,0.41467792,1.0215439,0.17885585,0.15731537,0.8455719,0.36870885,0.2867191,6.3114896,0.14069127,2.4678156,0.26400778,0.42466193,0.42272255,1.3439577,1.5889198,4.753803,1.5121802,0.16082355,1.3663137,0.028766043,0.20841977,2.0552778,0.7520538,2.278572,1.2499942,0.3829019,1.4419878,0.81680375,0.71562105,0.9051415,0.0,0.66170126,0.15182929,4.2101774,0.6977609,0.15601419,0.18765716,0.64240646,0.30696392,1.283432,0.14409848,0.3203649,0.34239632,1.7597967,0.7377076,0.96650755,0.5369695,0.07945995,0.090995416,0.023964424,0.087331325,0.07792142,2.6662703,0.4172193,0.83524966,0.5748474,1.2279035,0.40106687,0.1276871,0.03213384,0.4821124,1.4018127,1.3434969,0.48524022,0.17813116,0.27601343,2.5170598,0.24652211,1.629671,0.5496727,0.56295604,0.30500194,0.9212032,0.49688658,1.0929255,0.19744854,0.5404776,1.1217093,1.0002282,0.14279835,1.4213231,0.8702573,1.1484058,1.1693548,0.04040586,0.29367253,0.34022903,2.357313,0.7427449,0.6948804,0.115754716,0.42141753,0.6895411,0.10471608,1.3761743,0.1495663,0.45448196,0.10261054,0.63418084,0.5645438,1.1596391,1.1770904,0.18121669,0.7184457,1.9970134,1.8316251,0.2277183,0.2026787,0.10706561,0.73801,0.15957348,0.028447378,1.2864537,0.26678282,0.17443599,0.1498076,0.043547224,0.15285937,1.7435386,0.89841396,0.6503177,1.1933817,0.0,1.0517328,3.3508158,1.902874,0.56383944,2.0850859,0.81014264,2.1485054,0.6486966,0.16184354,1.7156365,0.16518307,1.6137452,0.43585372,1.1924547,0.20626093,2.7411685,1.331646,0.91805714,1.4210657,1.1842902,1.8606471,2.649276,1.6030784,0.100129046,0.021090865,0.23840736,0.7071618,0.9474589,0.42158768,0.7831719,1.5777895,0.77643645,0.045139868,3.1436126,0.7994632,2.1939843,0.49733505,0.27656516,0.21376956,1.5484054,1.9791714,0.35440388,0.50262403,0.17981005,0.77633697,0.36089784,0.22572823,0.044224516,0.108957075,2.2821515,0.791566,0.5084027,0.3812318,0.06319564,1.5026429,0.43156922,1.8995922,0.9571891,0.2840647,0.39211196,0.19361345,1.6472403,0.40569094,0.6183254,0.052491125,0.42115307,2.367518,0.023962278,0.6519489,0.052074645,1.024836,0.9327729,0.88448244,0.3308899,0.65875864,0.3327824,0.4940925,0.011636597,1.9042797,0.07663344,0.28959242,5.1944556,0.6869047,2.9084427,0.8589555,1.9238505,0.29910222,1.0381702,1.7493802,1.4231309,0.28018296,1.1274581,all_pothole_images\pothole_images_enhanced_0e7ee6a8054329e15d5f2b6a9b67b9a6.jpg
0.14929977,0.69522285,0.20039383,1.7207,0.61257464,0.7648144,0.8251193,0.3932874,0.3210751,0.6695797,0.32088706,0.05863623,0.2503196,0.58686227,0.021559874,0.20869906,0.110430285,0.07046276,0.5105034,0.0011776879,1.1413546,2.0681586,0.8320363,0.15522273,0.94838434,0.14514479,0.04460823,2.5075336,0.2806414,0.12191588,0.4902898,0.43301573,0.5783545,0.21470945,0.29257545,0.6741347,0.18844849,0.66379315,0.103181146,1.552195,0.2577805,0.0007639655,0.2299466,0.113608085,1.4774466,0.030109031,0.15467222,0.13733776,0.25111738,0.928304,0.4386341,0.08599542,0.0014416861,0.534026,0.048294026,0.46619013,1.1702596,0.044849075,0.39732245,0.023863593,0.21665798,0.20641677,0.33129972,0.16759051,0.17050163,1.6091759,0.98321015,0.04499553,0.6227498,0.026570816,0.21310775,0.052119687,0.5087527,0.033676416,0.7144476,0.5141536,0.11999792,0.47416183,0.057355344,0.26039124,0.0,0.3398664,0.5328645,2.4764354,0.4055807,0.3237742,0.4513729,0.6037671,1.5822909,0.2914662,0.0011464829,0.051874764,0.14083092,0.4061201,0.496731,0.12699302,0.05723168,0.20572506,0.8920453,0.29876873,0.21361789,2.245636,0.5232071,0.0,0.12806867,0.14068784,0.29885545,0.25271893,0.109623715,0.2073426,0.013837132,1.7696724,0.079861134,0.083082244,0.4692761,0.22106324,1.4184048,0.48503292,3.0754907,0.9731632,1.2818638,0.23419052,0.06184968,0.7347466,0.3556542,1.6853383,0.039513092,0.5110491,0.28017545,0.059505865,0.68169737,0.0,0.1499884,0.08796466,0.10240222,0.82320553,0.23751426,0.95423406,0.74555695,0.041100662,0.22106425,0.61420333,0.11399582,0.51838666,0.014344766,0.53110677,0.019192938,0.008877493,0.067087546,0.45967335,0.11387339,0.07688854,0.253571,0.33429402,1.2220093,0.8168481,0.79836893,0.051433843,0.24657303,0.68072695,0.39594612,0.37520972,0.0681118,2.1442523,0.05724032,0.48952055,1.4278514,0.18543452,3.203318,1.0977075,0.0,0.0,0.022129638,0.0,0.45267224,0.17993313,0.00021419366,0.06406092,0.23600124,0.09176257,0.043541897,2.6987584,1.2040701,0.24462931,1.0298947,1.2441015,0.09569315,0.6423195,0.35619608,0.6641758,0.147087,0.20403856,0.0,0.81115603,0.46069822,0.0073705106,1.0613258,0.2571722,0.70502317,0.29613155,0.43726724,0.05402859,0.12792256,0.70009995,1.2149993,0.15123455,0.5129941,0.6577383,1.2641255,0.63282186,0.0,0.21804291,0.6210987,1.2969898,0.9369035,1.5551592,0.116263844,0.03306879,0.45160535,0.5144667,0.10471517,0.5374168,0.11594126,0.68805623,0.019923422,0.111037195,0.7750616,0.13456397,2.330088,0.47943828,0.09502831,0.044764336,0.29376563,0.21530513,0.5086644,0.03827496,1.0509802,0.027911365,0.092781655,0.5443579,0.901134,0.28919417,0.02015575,0.011030881,0.07114666,0.06555588,0.81646484,0.14126293,0.016091945,4.1296425,1.8296964,0.02854369,0.59562033,0.16960217,0.020921994,0.40309235,0.62295264,0.20797306,0.28679764,2.1755905,0.32887998,0.5627998,0.5492973,0.71659523,0.2934585,0.30642742,0.3564232,0.0385351,0.9406049,0.01687289,0.12870775,0.0805878,0.54619324,0.0024236161,0.86684686,0.47785878,0.43368226,0.1817976,1.1813128,0.67911226,0.76093036,0.08584256,0.2130632,1.0228679,0.73559594,0.78147334,0.98561895,0.3473566,0.6411928,0.75383246,0.024297591,0.22550598,0.0,0.7681331,0.20924124,0.40606433,0.05862627,1.3641858,0.37720877,1.6224993,0.54763585,0.6200566,0.3623751,0.36692694,4.212448,0.0747992,0.51320064,0.28457364,0.2586763,0.42203674,0.38408354,0.25321552,3.05004,2.256413,0.47657418,0.20219074,0.23260394,0.8640954,1.5922114,0.35605815,0.17837948,0.0,0.4036471,0.5901919,0.6273813,0.82730305,0.40129936,0.042571705,0.3392569,0.2844843,2.4964309,0.2961819,0.008287779,0.0075785476,0.233089,0.09509857,0.24548335,0.025332738,0.17450345,0.37177804,0.29508305,0.3875482,3.527088,0.066852346,0.65099066,0.48847193,0.42156386,0.37297884,0.6598021,0.6230789,0.49182975,0.6164079,0.57913244,0.55850476,0.0,0.07576619,0.0,2.0609608,0.49577197,0.6784734,0.0053307004,0.055516124,0.102211796,0.027054636,0.15161817,0.08087677,0.90350497,0.15296423,0.25183186,0.0,0.5731323,0.0054645305,0.9977952,0.014377667,0.20603965,0.27772483,0.0027878263,0.044963542,0.637489,0.016787453,0.15025958,0.023015026,0.5847462,0.24051966,3.0042663,1.9296962,1.3755857,0.0027680865,0.8318627,0.97529536,0.8405506,0.7335336,0.044492755,0.6204642,0.0006795733,0.09149234,0.2872092,0.07139875,0.050395433,0.74173844,2.5992904,0.0073521915,0.14954832,0.059865497,0.8829191,0.016186029,0.63806516,0.715148,0.63143885,0.004929135,0.54984266,0.101652086,0.10925419,0.00020351834,0.17357701,0.11058461,0.33763337,0.28299853,0.37847772,0.10829625,0.98740196,0.04773607,0.5622727,0.50113404,1.4844968,0.15080507,0.12655489,0.28692874,0.9016581,0.5571764,0.97691673,0.046367627,0.20007823,0.06352896,0.9090208,2.5621,0.88618034,1.0405738,0.30253175,0.48159435,0.5962086,0.28416166,0.048936862,0.26971722,0.63186336,0.06752821,1.3935437,0.31585935,0.021357708,0.68008435,0.42410806,0.23268333,0.8714343,0.37752828,1.6611564,0.5784174,0.46298847,0.47637767,0.9920553,1.2766258,0.2981283,0.10756378,0.3508492,0.07863269,0.27716273,0.43285972,0.054682575,0.030110752,0.08923629,0.23162553,0.490667,0.5283282,0.2531932,0.5522408,0.53639174,0.0,0.28395873,0.77917325,0.3672734,0.15647668,0.3572551,1.7718421,0.522377,0.014707015,0.17197755,0.04908375,0.44310322,0.33440384,1.3537661,0.029964648,1.0788478,1.3699646,0.16465595,0.24071091,0.11748363,0.032670647,0.026248027,0.14849469,0.0051372456,0.25227925,0.1165244,5.434329,0.79388934,0.16238546,0.0037442497,1.375927,0.044756513,0.006156487,0.6862816,0.62104976,0.09139797,0.24482454,all_pothole_images\pothole_images_enhanced_0ea872ca68e247343a1dc34c813702a4.jpg
0.86225826,0.30353978,0.063525386,0.8193825,0.3985914,0.071162365,0.09570253,0.0,0.8966195,0.41460362,0.65260285,0.42252558,0.0,1.1531626,0.7396958,0.118736975,0.0,0.0,0.018113365,0.2836523,3.3911676,1.017946,1.754073,0.20789033,0.7202724,0.21018028,0.103200436,3.368679,0.032199845,0.1620149,0.37685868,0.35780162,0.0030892566,0.795206,0.2519458,0.13679133,0.15874374,0.19312301,0.5584653,0.7066893,0.002179581,0.019607821,0.41937995,0.38976,0.41344723,1.1130594,0.07144282,1.948136,0.50222707,0.2617929,0.7979178,0.36358345,2.5328836,0.048106883,0.045141306,0.8156915,0.030182144,0.23062053,0.78012615,0.086308226,0.21939605,0.22442475,0.15315507,0.3830181,0.4988667,0.7374665,0.8823083,0.9965124,0.17493857,0.0,1.9824957,0.25443128,0.35597667,1.1750927,0.71496236,0.19235618,0.33211866,0.39720562,0.0,0.040729802,0.2934125,0.5958977,1.0960332,0.53481424,0.6714608,0.0019856584,0.6689665,0.15902662,0.81716007,0.5804058,0.18857226,0.12073932,0.068030685,0.09425134,0.5200089,1.3285896,1.9190085,0.4711445,0.6659257,0.67654145,0.3466044,1.4934336,0.29091483,0.0,2.2549915,0.0,0.32798952,0.7294441,0.024633184,1.0473009,0.48071787,1.3767186,0.47834364,0.17208661,0.7213865,0.15483153,0.00847666,0.30590847,0.153608,0.4566596,2.9061291,0.34127325,0.026653744,1.2329303,1.448727,1.2258279,2.481372,0.058522053,0.0,0.5495133,0.050874792,0.0044704475,0.0017933818,0.5769549,0.5078115,1.1279668,0.31206426,0.48651072,1.4040741,0.19368884,0.50151473,1.0403576,0.0,0.6981752,0.14676417,0.8674313,0.0036315613,0.1004039,1.1207261,0.09791584,1.0190588,0.3542153,0.045855854,0.5837964,0.21044801,1.1006345,1.0094744,0.6425242,0.42802086,2.8400996,1.3233502,0.47934347,0.0903512,0.8125417,0.52541554,2.8204482,0.69097495,1.2431048,0.6323307,1.7202394,0.17337054,0.016590273,0.41879615,0.22384164,0.0032660437,0.07139946,0.32499853,0.47287935,0.92865705,0.5789594,0.0,0.74027103,0.17603067,0.3941335,3.1869028,1.4081091,0.5374789,0.21008234,1.3361045,0.39385533,0.40369788,0.1096711,0.7622234,0.41554657,0.21769652,1.3906327,1.5890948,0.14732994,1.8340921,0.081469245,0.12033709,1.192972,0.12886974,0.2466939,0.24705501,0.0052023907,1.157508,0.12804535,0.28989536,0.05897408,0.071168356,0.00011981739,0.023808243,0.110332295,0.9534699,4.38337,0.04234736,0.06893222,0.23015665,0.08599356,2.4517934,0.0,1.2842692,0.1408671,0.0,2.0907733,0.2302166,0.34828606,2.9837923,1.281095,0.0,0.014483417,0.2153054,0.9257642,0.079255044,0.03279194,0.837995,0.052059498,0.081285916,0.18316926,0.7713463,0.1356547,0.012086707,0.15422109,0.4603066,0.21160777,0.55727684,0.33262268,0.0,4.55718,0.07609278,1.2679708,0.1276871,1.0191962,1.0678524,0.36860225,0.34103572,0.32804152,0.024881903,2.1987965,0.1465289,1.1883594,0.5792784,0.025894636,0.7813719,0.80949223,0.0016336039,1.1860842,0.78471905,0.43217164,1.0313367,0.055806242,1.2791679,1.1075068,0.20769477,0.19184978,0.07102566,0.7634886,0.2183372,0.15374586,0.5782001,0.8950176,1.6942594,0.6187688,0.5348667,0.03082649,1.9925686,0.3469114,0.7054119,0.057342246,0.11536872,0.0029720783,0.02201499,0.074061856,0.046132334,1.1526036,0.19408982,0.075412445,0.045782,3.5702221,2.0979962,0.73088056,0.04314319,0.041765437,3.127158,0.3998853,0.4120267,0.003327518,0.25119138,0.84395957,0.009983576,0.25627846,1.0461265,3.2107072,0.045392707,0.02076101,0.57237095,1.2296488,3.567859,0.90795046,0.07809297,0.629358,0.7672595,1.7748474,0.37886342,1.7982672,0.9957236,0.33206278,0.08656849,0.17587177,2.0671616,0.34119383,0.17667295,0.06542292,0.04458655,0.31382814,1.0100554,0.5271289,0.42571163,1.3369905,0.12367578,0.0058856513,3.579758,2.6522348,0.24628457,0.32333976,1.0889269,0.70261085,0.68514943,0.050731834,0.090141684,0.15977433,0.032168992,0.71933806,0.056038253,0.00342779,0.1695436,0.018170275,0.3040676,1.7969652,1.6182662,0.024361067,0.96806365,0.2185846,0.7386895,0.66377246,0.8422525,0.8457833,0.37027502,0.244818,0.140909,0.016313143,0.7054476,0.8450829,0.13659379,0.80917513,0.548144,0.6292606,1.3329028,0.40082744,1.5478635,0.08614433,0.16569585,0.79629445,1.5064831,0.8185968,1.0557929,0.072432704,0.6819753,1.1620882,0.5588038,0.9117296,0.45589578,0.31407794,0.08317865,1.1290923,0.22721745,0.34694988,0.60841554,1.2876816,0.7423847,1.8474792,0.6050036,0.290066,1.030743,0.5869953,1.0203252,0.12875736,1.5667624,0.28644803,0.90768874,0.06558864,0.035190582,0.30011037,0.15385742,0.79927117,0.43475685,0.17991467,0.45589438,1.564294,0.9432275,0.19458334,0.75472206,0.34100282,1.6531419,0.021273063,0.5934928,0.36671892,1.0451628,0.47567207,0.5052329,0.19611195,1.1145037,0.95987344,2.2992167,0.87540156,0.3629096,1.5958929,0.39322287,0.24041463,1.1754465,0.01931254,0.0,0.22513345,0.033739347,0.6922612,0.7634979,0.4239521,0.14821923,0.5525447,1.0026138,0.24905692,0.72113955,0.17337629,1.6955364,0.3732825,0.28091887,0.061707944,0.3572089,0.89143753,3.7183528,0.02291801,1.8628027,0.85024226,0.027291708,0.68123174,0.002568743,0.009486211,1.0328959,0.6604858,0.16761947,0.09913053,0.0032278632,1.6830508,1.7552152,0.071354166,0.07126962,1.1274256,0.2801391,0.39349103,0.49202642,0.6480462,0.23479356,0.5419755,0.78719497,0.03868932,0.008585487,0.25322405,0.0,0.0003063704,0.18526271,0.6934517,0.04879429,0.9730035,0.0095592365,0.06445522,0.06885237,0.062323373,0.0,1.1269305,0.28614157,1.7436609,2.0081599,0.5030513,0.3994121,2.2251823,1.1058758,0.00039623838,0.11625172,0.10707445,0.18459615,0.010311718,all_pothole_images\pothole_images_enhanced_0eae3c1fe4d4b0e777b18bc5961949b3.jpg
1.0456493,0.7613197,0.19568138,1.2828133,0.37088257,0.3727406,0.45556656,0.83713126,0.041477732,1.2420859,0.016651927,0.36470458,1.0434153,0.667923,0.7425039,0.054943785,0.36946914,1.735379,1.8804009,0.34456557,2.6010034,1.2990491,1.6755592,1.7043916,1.6375055,0.2485479,0.47555423,1.9401598,2.2425666,0.23043117,0.22993508,0.6069044,0.104067385,0.756586,0.22849871,0.94596183,0.50497895,1.2471869,1.6037385,0.7545844,0.0,0.19402055,0.5785812,2.0279021,0.937951,0.8116539,0.012352397,0.12169392,0.40896738,0.6943673,0.99120516,0.44498703,0.70227915,0.0034211471,0.42167613,1.3516858,3.0850792,0.8937939,0.76652294,0.2902714,0.20600156,0.7491966,1.6922327,0.28344488,0.05168653,1.0259956,0.54582286,0.0,0.3894876,0.23334289,0.518776,0.21980642,0.12004995,1.4243379,0.77140105,0.74880576,0.027535059,0.36192244,0.62613,0.55863345,0.071601376,0.014501588,0.23783153,1.3257859,0.5957858,0.0029115004,0.4100615,0.9167685,1.2541469,0.17140906,0.3957915,0.018018583,0.22392377,0.40538165,0.0,0.10409909,1.2849131,0.88871485,1.6094291,1.8442886,0.6920352,5.345327,0.20717998,0.10262277,1.5128068,0.9599855,0.11082021,0.22383215,0.26181027,1.5387315,0.14480157,0.4071606,1.0658982,1.928905,0.8243545,0.13325928,0.46701953,0.08013899,2.2327669,2.0295978,1.7355356,0.6699143,0.06882797,0.83634347,1.1150892,0.43833938,0.4814217,0.6821764,1.7671888,0.10039902,0.40915048,0.35157478,0.10888087,0.40725645,0.17410761,0.34920657,0.5291304,3.7602005,0.108500384,0.012620393,0.19471413,0.3435543,0.21217747,0.9213205,0.30089435,0.8868507,0.34193885,1.8593812,0.06593304,0.26289693,0.5481493,0.12244326,0.019100616,0.32291973,2.3987782,0.74518836,1.0150093,0.26962712,1.0186986,2.370532,4.000221,1.5364993,0.15626764,1.202114,0.42500296,1.4166211,2.6322534,0.11866043,3.5690114,0.2630795,0.21626239,0.23994671,2.0807612,0.06304008,0.26910946,0.6497752,0.427234,0.24796668,0.22979416,0.104520485,1.520814,0.58915305,1.4455934,0.4923874,0.42974398,0.49975497,0.06886264,0.56377155,0.31551453,0.10703164,0.1510765,0.09030838,0.38575768,3.1494837,0.06410397,0.5080322,0.18969932,0.075086534,0.15294373,0.33980736,1.0451946,1.2009889,1.1530273,0.8527624,0.14489625,0.016821459,0.2561892,0.35484332,0.62006843,0.5657674,0.22028884,0.5489815,0.7639196,0.75719804,0.9676515,1.16734,1.7104772,1.3915174,0.9975581,0.08352073,0.5266411,0.06100312,0.9040106,0.11997063,0.0,0.31803867,1.1693975,0.44105715,0.10833711,0.5221936,1.2284197,0.47270083,0.14842437,0.14851809,0.15913899,0.28459695,2.4559371,0.24021216,0.10016738,0.24184383,0.1256692,0.089764856,0.6771591,0.19695933,0.4368708,0.10191585,0.06782456,0.75459355,0.78641945,2.8229444,2.7667825,0.2637175,0.3279869,0.44865534,0.037340313,0.82618463,0.8440057,0.78362197,0.83405304,2.093734,0.32255167,0.47700265,0.9149766,0.2072084,0.33993986,0.14401096,0.44774887,0.6838839,1.5808281,0.08848324,0.09855135,0.037363492,1.4582657,0.8189115,0.39897949,0.007497371,0.5509735,0.37631723,1.0297406,0.99442697,1.3970402,0.14837591,0.49896502,1.0678279,1.2615392,0.29426885,0.4976556,0.090247564,1.2650553,0.10082837,1.5720233,0.02960865,0.62046885,0.6935725,0.37860042,0.010036514,0.29432726,0.4728686,0.0,1.1685656,0.24774383,0.6872121,0.0,0.5846376,1.9839338,0.17880264,0.0031267563,0.1821715,0.5466154,0.6327801,1.5549008,2.383199,1.0526441,0.118651204,0.6106148,1.7057414,0.3544777,2.6036317,0.47558856,0.026952364,0.106958136,0.38783735,0.05340459,0.8240859,0.05575835,0.27580258,0.22159782,0.1271703,0.64727616,0.5981071,0.09132352,0.76150435,0.07490585,0.021385169,0.51009697,0.3539771,1.3911195,1.6555531,0.62450874,0.80768055,0.37529874,0.705184,2.1985273,0.073893294,1.270038,0.007751848,0.5651609,0.56994927,0.6636907,0.340588,0.37193635,0.26660067,0.60355145,1.2778549,0.16364853,0.04691824,0.48543105,1.1329862,0.6942218,0.35818106,0.14378113,0.8145892,0.65123856,0.20615451,0.17959799,0.04990327,1.7107556,0.011779771,0.62520707,0.35214147,0.7053548,0.27151653,0.3500462,0.29856065,0.7588333,0.35351515,1.1368456,0.23061769,1.775341,0.08841011,0.34175682,0.04565479,0.55477804,0.572139,1.5221573,1.3746798,0.38540462,0.094349205,0.012888975,0.39791465,0.20854594,0.05519643,0.20813264,0.13243563,1.0739942,0.009806636,1.4832709,0.026053902,0.54033065,0.41638747,0.075064234,3.2810109,1.0384284,0.4975072,0.12389396,0.12069256,0.3431867,1.1238059,0.980828,0.33057544,2.1879928,0.46201503,0.0072855614,0.4049989,0.3197753,0.74545676,0.51919353,0.97216856,0.3981095,0.0,2.6377976,0.23598407,1.3343333,3.0211215,3.2120245,0.029764311,2.001118,1.1795801,0.73507816,0.7289261,0.34160408,0.36203188,0.37601003,0.5370151,1.1091728,3.7639701,0.13994685,0.010952115,0.15940768,0.62090194,2.0517461,0.3121285,0.4852725,0.35779184,0.15336083,0.032040898,0.45238447,1.0059108,0.027173601,0.23021679,0.5765256,0.39019334,0.038407337,0.67129135,0.57863516,1.5307424,1.0285646,0.41725022,0.51575935,1.0925809,0.3535406,0.84612536,2.002605,0.5147889,0.33781075,0.16347544,0.228769,0.18433635,0.28633153,1.5087692,0.44501433,0.37477648,0.16849531,0.09537942,0.61529166,0.15280862,0.2400042,1.0589691,0.17427206,1.0740076,0.8616077,1.5602801,0.0,0.18600464,0.017252302,0.09043195,0.32917097,0.01161717,0.6271946,0.0484788,0.5227163,0.5607761,0.0,0.17073588,0.18067543,0.30545202,0.38603532,0.26207852,0.13438757,0.03322179,0.9118506,2.5496492,0.04968284,0.13659778,0.79622215,0.8458372,0.41394553,0.39069125,0.26638272,1.1221124,1.2789801,0.44645596,all_pothole_images\pothole_images_enhanced_0edcf3b668bb9ac40294a158ba2d4ff3.jpg
1.4618057,0.65363723,1.0487422,1.1742263,1.6080004,0.59866196,0.8903339,0.051596753,0.4612154,0.83274764,0.2894987,0.5521104,0.6211623,0.8856298,0.29030278,0.7459452,0.050882418,0.16079491,1.2583067,0.17264354,0.22300625,3.6171381,0.3009738,1.0027056,0.6934395,0.24311377,0.0020956798,2.1907058,0.12086646,0.04650474,0.9993628,0.25603285,0.66249716,0.090295225,0.10220811,1.3011004,0.3094313,0.5314586,1.4895897,0.27973956,0.27492636,0.20463079,0.086389676,3.6070254,0.97202206,0.21345952,0.032429293,0.06766433,1.1064042,1.6902428,0.5635872,0.0,0.099378094,0.5251172,0.08628769,0.71652955,1.8768232,0.0,0.76115215,0.12894928,0.1808927,0.29628444,0.9395382,0.37951374,0.62686855,1.239587,0.46290314,0.0049818554,0.9717444,1.0486119,0.011377537,0.65423834,0.10903875,0.3234445,0.7026897,0.6522958,0.27934903,0.33670756,0.36036545,0.4403792,0.008141511,0.021857351,0.8062597,1.4808456,1.4325017,0.59178936,0.17213061,0.14359914,2.5043066,0.17533933,0.78704154,0.09714089,0.15328857,0.03661831,0.26416308,0.033572346,0.50987226,0.026787004,0.4726111,0.25222486,0.04187846,0.29283127,0.30401427,0.02510729,0.32263407,0.29653028,0.13679652,0.3645823,0.37263972,0.24802895,0.0,2.752472,0.5691205,0.08283105,0.22763985,0.79905915,3.389605,0.5722006,2.6077163,0.73412234,1.1191629,1.0310054,0.5848598,0.15324447,0.34836876,1.1991735,0.43238837,1.0717238,0.5755655,0.010882876,0.60447115,0.0,1.197331,0.033243533,0.029286865,0.9602092,0.508629,0.45830676,0.7354094,0.39968404,0.13473228,0.053403113,0.0,1.1182817,0.04828923,1.1764852,0.31766084,0.099064715,1.1532718,0.9420655,0.42986122,0.5193529,0.1255156,0.21116698,1.6773856,0.79216266,0.8404745,0.25475526,1.8964074,0.34596613,0.046535734,1.0143619,0.019387577,3.237069,0.45984325,0.8526044,0.7065718,0.18414253,1.6994375,0.044085898,0.017098757,0.25499153,0.009925621,0.418603,1.1399766,0.0050506904,0.86434376,0.08795846,0.21060532,0.1523318,0.009594329,2.453455,1.6772338,1.2141188,1.7407584,1.2227622,0.5236828,0.5352731,0.6679616,1.2607467,0.03351072,0.60074043,0.0,1.3585609,0.10585485,0.13735507,1.082763,1.1507016,0.253996,0.648524,0.1492616,1.0113275,1.5834854,1.3053011,2.5577097,0.31641757,1.04077,0.32673505,0.67612463,0.35407516,0.11147516,0.35339004,1.5334575,1.0879583,0.9190923,0.7486585,0.043097164,0.16329843,1.3380423,0.21949345,0.7221683,1.5422614,0.11462147,0.8629434,0.061190233,0.452342,0.37084648,0.27294555,0.48502654,0.05494034,0.28582543,0.073212236,0.93504715,0.072961316,0.61295074,0.35153365,2.4629226,0.0,0.03326,0.21435457,0.03714988,0.3143167,0.041555498,0.0015954621,0.20961262,0.0,1.5636568,0.15813938,0.71997535,2.2885344,0.9328794,0.3284765,0.90671146,0.396301,0.26356956,0.551636,1.1677169,0.4933431,0.23790775,1.8776016,0.0,0.22386433,0.89783055,1.640441,1.1091968,0.72507685,0.4440798,0.05025553,0.11763436,0.38943583,0.25893128,0.03139792,0.2381739,0.54877937,1.3456599,1.3384864,0.4616731,0.25694248,0.4619086,0.61495245,0.13187373,0.38750753,0.0857289,0.07286013,0.6445466,1.2301967,0.58811766,0.20762008,1.7027975,0.28693584,0.13105151,0.0001407627,0.18061818,1.7046881,0.33551195,0.0040384335,0.16706918,4.404669,0.93939936,0.42113346,0.34892127,0.34279382,0.0,1.8669301,8.207881,0.4230528,0.30635327,1.0162499,0.15107644,0.33792093,0.4644631,1.3975475,4.421388,1.0456746,0.016572617,0.64914775,0.0051275473,0.89368623,2.275546,0.0051039215,0.09630929,0.17933242,0.015626775,0.2592309,0.32882145,1.6835165,0.44978207,0.056408327,0.05107724,0.3877426,2.9694555,1.1753306,0.0,0.019793307,0.008596392,0.55324686,0.9013589,0.027075714,0.08399804,0.08866591,0.36225095,1.2036893,1.1691176,0.08771468,0.013977659,0.19537993,0.030635765,0.11491992,0.08732673,1.4712453,0.02443469,0.5947353,0.2982651,0.1999512,0.19287434,0.0,0.2539611,2.0292754,1.3988057,1.6909566,0.0,0.39156848,0.867215,0.5872495,0.04333487,0.15466645,0.61547935,0.37623498,0.113280214,0.22013031,1.4641446,0.140681,0.65623575,0.07119929,0.45558548,0.7426138,0.5395303,0.14065242,0.15635598,0.08035995,0.5858159,0.014637782,0.48697385,0.5186973,4.1432076,1.6970476,1.158895,0.0,0.8727565,1.8206071,1.4141998,2.1206746,0.068035595,0.8618671,0.11099177,0.09937043,0.8862694,0.64598453,0.23615545,0.51082647,5.10354,0.3013725,0.42709276,0.20859249,0.77177835,0.021014852,0.57447815,0.5961176,0.035358373,0.17816667,0.9652017,0.20991385,0.18458343,0.6258143,0.10278002,0.11791774,0.86618894,0.23178047,0.37417755,0.0,1.5730914,0.53059804,0.51939285,1.6222211,1.8573701,0.5519007,0.60693437,2.125379,0.0075190193,1.0284511,0.2640717,0.19315131,0.4332863,0.48638955,0.3232716,3.8481967,0.5711154,0.36030483,0.12772208,1.4227403,0.73084193,0.40493017,0.36351147,1.3582306,0.49985802,0.0,0.7999114,0.39010856,0.11032408,0.29568046,1.3615359,0.8907161,0.4294163,1.6001334,1.0546823,1.5524205,1.0876276,0.9226308,0.31453326,0.64248174,0.64266896,0.15188004,2.4332187,0.11892971,0.50077814,1.228313,0.13896793,0.012977053,0.40401828,0.24900302,0.9836714,2.0060568,0.07136549,0.183081,1.0029479,0.5217542,0.953901,0.9804873,0.80776983,0.07011706,0.030381951,5.6357036,0.8448026,0.17752168,0.09972426,0.39853045,0.5509662,0.35239917,1.6926306,0.09348316,0.41565704,0.028041054,0.36924088,0.12030537,0.04061768,0.20428322,0.039793197,0.6101881,0.15432373,0.16708843,0.17812686,4.832983,1.1808343,0.59377474,0.61194897,0.40941402,0.0050199367,1.1079128,0.13639982,0.05544398,0.3257862,1.401578,all_pothole_images\pothole_images_enhanced_0f2660490eac2a510dc292efb9680618.jpg
0.9002405,2.71066,0.8798748,1.9679881,1.2351278,0.17568673,0.9324126,1.6087929,1.3095598,0.28422564,0.05300367,0.30127412,0.15095189,0.5242373,0.31725857,0.50171846,0.5266335,0.28327304,0.63179827,0.5572244,0.3695282,1.6302737,0.97331035,0.6530374,1.3659242,1.1690111,0.27644998,3.0380912,0.120282635,0.84544784,0.7040101,0.322568,0.09399563,0.9775873,0.47699514,0.72432226,0.26714572,1.4458175,0.06851177,2.9183536,0.3001253,0.08627251,0.17533946,0.24740264,0.84784836,1.0309714,0.0,0.34771892,0.5639631,0.804211,0.5022044,0.41829324,0.26420626,0.16089031,0.22266932,2.11775,0.8680728,0.49733898,0.90766674,0.013265371,0.31129342,0.01414966,0.22642271,1.0447338,0.12754987,2.0071595,0.5997109,0.39898404,0.3549315,0.25438753,0.30695927,0.5429573,0.2960567,0.09778145,0.8017876,1.4734634,0.32203788,0.72872466,0.0960024,0.12908709,0.48917404,0.79078984,0.090632096,0.3012182,1.0299935,1.0945085,0.36907774,0.2966691,3.8327935,0.32170588,0.4593832,0.27601245,0.08952816,1.515034,0.48522052,0.013463451,1.1766832,0.79994226,0.13132791,2.1903048,0.05240051,2.4659743,0.6593041,0.25346267,0.47016507,0.0053832987,0.8948704,0.49611345,0.13257654,1.5816857,0.14523247,2.1537845,0.22905442,0.53391606,0.7588575,0.8657476,1.1101224,0.73086077,0.66647977,0.9942637,1.3544054,0.78724456,0.33623746,1.8301603,0.2314985,0.84183687,0.11613487,0.9190526,0.1618133,0.40340197,1.0496141,0.5718942,0.17264329,0.17997424,0.6650998,1.7344011,0.8125182,0.46171585,1.3290162,0.43781108,0.18079105,0.31120506,0.3195018,1.0227431,0.6726134,1.2902128,0.18832138,0.8093112,0.06915351,1.1150053,0.3803705,0.16460313,0.3778736,0.10346674,1.5232152,0.9581677,1.2810009,0.47514713,0.5250139,1.3720548,1.0252708,0.57126427,0.4138138,0.328734,0.09689053,0.43284622,0.3630899,0.4074749,3.253778,1.2503415,0.56189793,0.15656452,0.05194146,0.067393966,1.6228648,0.14866889,1.1891747,0.08008268,0.31515852,0.024718752,0.077777624,2.7390964,1.3243068,2.0556264,1.506167,0.8324725,0.6806628,0.7898553,0.87779856,1.7414572,1.6181439,0.605057,0.19756432,1.4029521,1.4491572,0.01212544,1.4821708,0.6635742,0.20369183,0.85351974,0.29855,0.8934994,0.06884002,0.5064685,0.768001,0.81663775,0.27955788,0.9688473,1.8245531,0.21688935,0.10703873,0.014970331,1.5839157,1.7185986,0.70625645,1.2117943,0.43329403,0.09799739,0.20166883,1.092607,0.8296599,0.096866235,0.3675644,1.6384778,0.1752781,0.7716443,1.3987423,0.3073172,2.0717754,0.71188825,0.014036352,1.1137049,0.6690303,0.46220565,1.5652213,0.35633612,2.3622978,0.22981846,0.2894133,0.12824693,1.3314283,0.1793557,0.68712145,0.045219302,0.2941634,0.038491305,1.4733552,0.29778823,0.61586046,2.7034001,1.2626994,0.3631155,0.5158971,1.7216839,0.33812827,0.23231529,1.2704787,0.11022944,0.34490153,2.200446,0.42519486,0.788046,0.7454811,0.6131748,0.418702,0.6177984,0.4828937,0.06908357,1.7812979,1.22184,0.40459454,0.0,0.51739204,0.6861163,1.1764873,1.3431276,0.4503904,0.98163027,0.28964812,0.88109535,0.122136794,0.93302447,0.109698564,0.839354,1.616406,1.0778477,0.25198895,1.3834865,1.3602519,0.22218665,0.47737172,0.7023649,0.07336192,1.0970086,0.13766551,0.095721565,0.67735904,0.6516375,0.88098526,1.2302002,0.18835342,0.32537752,0.18167809,0.9155032,1.7230165,0.20111664,0.027452143,0.36294854,0.5849084,1.4779015,0.31230316,1.5649643,2.083934,2.241543,0.29649797,0.54254717,0.21638349,1.2213647,2.078947,0.5062961,0.6489092,0.15339419,0.40986907,0.4024646,0.26984665,1.0185273,0.38585842,0.99112636,0.52776396,0.86608034,2.62321,0.1648564,0.10691647,0.34889835,0.6059369,0.3691204,1.551025,0.79944897,0.22869785,0.9267492,0.9628838,1.0452359,3.2315655,0.32681265,1.1781863,0.086376615,0.61298037,0.5223322,0.408917,1.2017872,0.10170636,0.85075384,0.7066498,0.27064678,0.2600854,0.25967577,0.5922308,1.6477484,1.5026017,0.952914,0.7025977,0.19843397,0.68842936,0.5355143,0.17384408,0.58238435,0.67706525,0.26708186,0.2446082,0.88273025,1.6709585,0.46414107,1.072898,0.2165843,1.2051935,1.0622512,0.051353347,0.48132554,0.72846866,0.6105715,0.68514323,0.29519615,0.41510433,0.91989547,3.3621557,1.8067237,1.1655941,1.7990638,0.08532448,1.9080932,1.3214722,0.6421936,0.28656927,0.55658317,0.43296793,0.15490568,0.73315597,0.59849954,0.36820525,0.17527457,1.6455145,0.831069,0.023552157,0.91469914,0.32722738,0.6132264,0.096121274,0.39425883,1.024011,0.052808844,0.77427405,0.30100006,1.0304955,0.6776861,0.0,0.23926395,1.3501384,0.45920312,0.87253076,0.10626602,1.2513679,0.833166,1.019994,0.7375219,2.0005505,1.2745185,1.5644746,1.4525895,1.0829448,1.2063242,0.26046646,0.2641847,0.08130949,1.0304252,1.4660405,2.7136974,1.1371262,1.2691197,1.2068686,0.89769083,1.1677244,0.29782608,0.41009885,0.38766152,0.53868127,0.4179402,0.9315628,0.3168698,0.32138848,0.8532683,1.1624798,0.6172709,0.64207345,0.07472322,1.17095,1.2344213,0.5242992,0.26344532,0.15586391,1.7408737,1.1880083,0.33118773,1.5405021,0.23906119,0.99117416,0.697491,0.75463617,0.15641946,1.5206952,0.7448679,0.8478318,0.62059426,1.1490631,0.7096643,0.27040508,0.43124643,0.07385503,0.30083707,1.4512262,1.1437078,1.5834643,2.5546534,0.645067,0.19301555,0.12852626,0.28511244,0.86037046,1.0930299,0.5117721,0.21815677,0.27674934,3.2705598,0.0,0.5070312,0.33377895,0.1167433,0.38302296,0.26313064,0.01657927,0.32726946,1.6197939,3.2826002,0.42647743,0.5276211,0.9187462,1.9142054,0.7024748,0.8419149,0.4355629,1.850783,0.15086386,0.51925033,all_pothole_images\pothole_images_enhanced_0f7172a70c4f7ac61e0e0888084febaf.jpg
0.09600104,0.8604459,0.62915874,1.5532264,1.1518387,0.44851217,0.09809675,0.0144065665,0.33477047,0.8432729,0.5622913,0.024823613,0.009116319,0.26347628,0.06594942,0.8485285,0.4259068,0.077093475,0.48022655,0.14678209,0.049823627,2.1520803,0.76058835,0.8432348,1.4989698,0.08295864,0.19300373,1.1865374,0.024228474,0.2313844,0.4369698,0.13966373,1.3893958,0.17415184,0.40588194,0.4128375,0.11912823,0.8174216,0.06638409,0.5120808,0.14927173,0.25570753,0.16359046,0.28077307,1.2114518,0.0673499,0.43116653,0.07001091,0.10473121,1.4596845,0.0,0.0037108744,0.14822799,0.5400515,0.065887146,0.53408235,0.96726954,0.0,0.2793094,0.21506341,0.38467905,0.064052634,0.42266506,0.340611,0.40096176,0.9047287,0.4124348,0.2710057,0.36327806,0.51629585,0.23207417,0.028001862,0.67531717,0.027527016,0.9125644,1.4686289,0.11764487,0.6771395,0.3252269,0.12748796,0.019037839,0.14696264,0.33822381,1.7379493,0.34390682,0.84005666,0.055070743,0.046447556,2.5516958,1.2992179,0.00065194845,0.015470673,0.19971141,0.0733352,0.09985132,0.27324447,0.47352716,1.0849674,0.2660001,0.4387633,0.17589818,1.3624758,0.79871774,0.15982533,0.02381452,0.0,0.282128,0.71266425,0.08068614,0.7608188,0.5430218,2.7309532,0.24739888,0.018686267,0.069821104,0.16266604,1.9092292,0.06181341,1.6077663,0.62762374,1.5484672,0.9792616,0.27199095,1.9323306,0.066765435,2.358054,0.11110201,0.2729802,0.04812305,0.32761118,0.2755718,0.0031376784,0.63117397,0.80112517,0.057210762,0.53591317,0.14480408,0.45062065,0.040116396,0.032802165,0.45598072,0.809881,0.10034765,0.41255537,0.18627124,0.12938799,0.051000476,0.20240499,0.1570803,0.57003963,1.6039296,0.06519389,0.27939293,0.83616126,1.2456095,0.041921694,0.6747981,0.37971103,0.95228714,0.23658532,0.91532326,0.67862296,0.014246075,0.81497955,0.11166174,0.31834456,0.97311085,0.0054278513,0.95058787,0.7917672,0.11077947,0.0004233353,0.15490033,0.1314001,0.7153281,0.058743477,0.81685406,0.09270032,0.27532744,0.7456549,0.3091847,1.839252,1.3345102,2.262655,2.7002444,0.39218763,0.044068772,0.016310297,0.96335226,1.5015028,0.00621471,0.59213346,0.0,0.7630108,0.148471,0.31985995,0.6137035,1.0094604,0.26046124,0.44223097,0.10219132,0.18027729,0.24216811,0.2732865,2.239694,0.3834699,0.06907201,0.2561227,1.857206,0.33155543,0.029621618,0.8620336,0.5345891,0.4902577,0.4374863,0.52403027,0.4214211,0.0,1.9985024,0.35927904,0.19010575,0.7407314,0.242211,0.8736857,0.034287166,0.2658915,0.93042004,1.3246579,1.627787,0.75308007,0.1034667,0.28782016,0.54679006,0.11318448,0.7649625,0.2016844,0.41757265,0.15762998,0.30327362,0.0,1.1819998,0.01982482,0.4602301,0.41425505,0.00016552026,0.24425729,0.9023699,0.11724053,0.08627205,3.3284762,0.66856694,0.015346315,0.30762023,0.009818161,0.2758098,0.06291003,0.59383655,0.23808496,0.28148815,1.5073919,0.03166893,0.21581665,0.59913075,0.084030226,0.015468138,1.0893356,0.52808374,0.17797095,0.50256497,0.3264599,0.33989933,0.21155474,1.0267051,1.4482157,0.8339982,1.8384508,0.41320303,0.0,0.5433427,0.919442,0.3181817,0.72160226,0.2517944,0.443527,1.0356898,0.89855206,0.7904238,0.35709712,0.52528226,0.1565574,0.09406708,0.27414966,0.014699162,1.087298,0.0274879,0.03879473,0.6702197,1.6065722,0.37133437,0.7040553,0.30473223,0.54767007,0.08550725,0.47688916,3.9219282,0.27253988,0.0716614,0.61314744,0.52696085,0.22437699,0.08271736,0.31638995,7.5125537,3.189556,0.005992623,0.42398694,0.02275466,0.18304227,1.2576667,0.0,0.48888847,0.029447671,0.25190097,0.14877328,0.22499126,0.04802936,1.3970126,0.0,0.14528842,0.092442274,4.734754,0.2185544,0.0027144398,0.56362617,0.042090897,0.3229716,0.19028336,0.015022793,0.23337685,0.0604669,0.7064631,0.69309896,2.5936873,0.010164067,0.17633441,0.24673757,0.09923917,0.033136595,0.309686,0.40597934,0.16277117,1.6414508,0.76284647,0.109229065,0.36004955,0.41679406,0.06487408,0.44698805,0.46417102,0.8946671,0.007603889,0.6922534,0.74763036,0.112099074,0.046225667,1.0581595,0.16955212,1.1189044,0.013322555,0.78173757,0.5160153,0.8222205,0.25142083,0.27530557,0.63654095,0.41924605,0.046251755,1.3486999,0.0,0.31980973,0.13264307,0.2997721,0.9581276,0.8143817,4.065655,0.49376538,1.9192177,0.01802761,0.4892046,3.2442272,0.994705,1.7906649,0.04115059,0.2538628,0.0,0.41870016,0.43923715,0.2620219,0.007984975,0.3746081,3.068987,0.278857,0.18845974,0.29000163,0.09262387,0.1256551,0.16666052,0.2670522,0.071701944,0.07891936,0.48782313,0.025574673,0.6452521,0.13559748,0.07842601,0.7025491,1.1006639,0.23142284,0.3272069,0.64176583,0.6271855,0.49492866,0.6466422,0.7102234,0.36913496,0.5720407,0.59358275,0.83161724,0.41661578,0.70285296,1.013682,0.19953641,0.4694715,0.5692127,0.28954163,3.6581695,0.33180162,0.22384834,0.012919606,0.57927406,0.3376877,0.026553258,0.009232287,0.4361288,0.45126128,0.035519596,1.6123329,0.98524374,0.1461832,0.5395071,1.7556647,0.40021986,0.79807776,1.0949394,1.1498667,0.055882733,1.6137259,1.0718167,0.0,1.5218661,0.27726606,0.081616685,0.11177958,0.0003729946,0.7865586,0.627181,0.60266215,0.06974536,0.119971596,1.3168749,0.71151936,9.233915e-05,0.033246975,0.4509158,1.2275965,0.0043614027,0.07105638,0.7387683,0.4962091,0.10659365,0.78465575,2.7064126,0.7325294,0.6377854,0.25113422,0.83261746,0.51416963,0.78808516,1.1282784,0.028842676,0.4751764,1.4961065,0.1460773,0.004779683,0.3559166,0.083984785,0.03695322,0.066011116,0.10664377,0.35027835,0.026304698,4.9672766,1.3729017,0.26669064,0.5630145,0.39524195,0.009611471,0.42780012,0.3312223,0.07715604,0.46411937,0.81921494,all_pothole_images\pothole_images_enhanced_0fbf33373f56eae6d6a3a8edf0dd118b.jpg
0.09135109,2.632432,0.0,1.0957947,1.7200716,0.87221324,0.53575695,0.059558697,0.6851422,1.6445763,2.093345,0.71833456,0.47251382,3.2699187,1.2997935,1.9693432,0.20735762,0.07291236,1.872491,0.505668,0.42722866,0.6831025,1.3772929,2.3859057,0.07777766,0.817673,0.039131247,1.1359575,0.68923324,0.3051822,1.2981923,0.33994776,0.23571885,0.06313637,0.14620815,1.2590944,0.16357289,0.0,0.5041192,0.010729291,0.89543384,1.1726475,1.3003683,3.4684932,3.3523123,0.11905954,1.4427426,0.0,0.49098414,0.56627846,0.94844186,0.29668835,0.047620554,2.3390303,0.2316795,2.0630836,0.647303,0.06503477,1.9391699,0.5030956,2.6260602,0.46269545,4.391262,1.0725493,0.81444454,0.664532,0.36982572,0.651497,3.0941243,2.7476666,2.8267221,1.2874929,0.8488816,0.02046074,0.19183579,0.09350456,0.71947366,1.0861108,0.5997189,1.2715027,0.6945966,0.5039175,3.1107357,6.0716476,0.4320092,0.6131145,0.8070718,1.245244,0.7536647,1.2498795,0.022566803,1.456505,0.37021244,1.0701377,0.78166485,0.85345304,0.056524906,0.1870097,2.9478602,0.43996397,2.5113032,0.8739075,0.14366198,0.8042513,1.5134112,0.28556886,1.5089546,0.38678727,1.3103286,0.10741223,1.0165175,0.25012168,0.054903224,0.36765698,0.48967606,0.87447137,1.1041366,0.83476585,0.95558774,0.15130039,2.186429,0.9764753,0.53484565,0.4640698,1.7712827,1.4291229,1.0334752,0.58631885,1.0302738,0.20626877,0.15185447,0.22716875,0.8253027,2.8921957,1.8896115,0.26052803,2.2512832,0.9348262,1.6710297,2.1664062,0.63009924,0.04335764,0.18572727,0.13116764,1.104534,0.3425081,0.87842107,0.041486073,3.0280573,0.31379077,1.4302913,0.7306575,0.982997,0.7602888,0.22464608,0.2244167,0.6718415,2.1986012,0.32938525,1.1259019,0.19474843,2.8741972,1.4198357,2.7585042,3.170963,0.39224076,4.1413755,2.1884198,0.98785305,1.8497839,1.1541017,0.46913892,0.022527363,1.5964057,1.7209367,0.36008593,0.45298502,1.4206328,0.8937616,0.62972116,0.36844438,3.0752919,1.5759861,0.13602456,1.6012726,1.5889829,2.7203164,1.4585152,0.47724655,2.2315824,0.29621643,1.0742803,1.093016,2.0692596,0.12513818,0.96317154,0.62272215,0.480342,0.5588041,0.09813615,1.5998664,0.8029884,1.1676779,0.09931691,2.156554,0.027391754,0.25452477,1.1830015,1.4980615,0.26186064,0.61283517,2.8442545,3.1210315,0.03984552,0.48322213,0.057103682,0.58578974,2.4716074,0.29183596,1.762387,0.7046509,0.8273221,0.7153267,0.0063904463,0.019330727,0.1268705,1.1193987,0.83661294,1.9738075,0.5568909,1.0887606,0.22085632,1.4256039,0.09147782,0.8480467,1.5976874,1.1659255,0.21840562,0.6729751,0.4763887,1.2354273,0.16919538,0.06529974,0.57116896,2.0953188,0.53626984,0.7943007,0.06905808,0.07101241,3.657665,3.8998373,0.23237555,0.051908176,0.0,1.3750046,2.0071917,1.5352168,0.9935968,0.038537327,0.17019801,0.7002291,0.017898893,0.95585454,2.8906274,0.41650358,0.16136874,0.6690446,1.5125293,0.5085856,0.20188086,0.26931345,2.275179,2.3448002,0.471653,2.1811268,1.5018003,0.464261,1.548553,1.5079445,0.7288769,6.155156,1.4803461,1.6964562,1.9978625,1.0524648,1.56936,0.4465154,0.25623912,1.0584426,0.34245765,0.041185845,0.63850474,0.3948166,3.464675,4.5454955,0.018126598,0.6073843,3.4168656,0.74093276,0.63990635,0.13921946,2.172146,1.6167403,0.6547801,6.503444,2.674212,0.61580336,0.679587,0.083059534,2.1211338,0.07753822,0.0658707,1.7725352,1.3326668,1.118152,0.03792263,3.1495452,0.7377307,2.8881028,0.057792585,0.730562,0.6220263,0.0,0.4672455,0.044353668,1.3025041,1.5368011,0.37645486,0.8534381,3.6991003,1.7869962,0.5098488,0.34991905,1.1597935,0.0036258465,0.35016137,0.087712705,0.19488584,1.2417489,0.06469259,1.0107236,1.4324524,0.1770472,0.57688034,3.1601343,0.2653765,2.1862001,0.061049085,1.3342844,1.0080482,2.4688375,0.043799326,0.77399164,2.1611114,4.8947263,0.59851885,1.0423154,1.4686987,1.6758094,0.2863336,0.09159019,2.712799,1.6680641,0.00088807417,0.3618781,0.9063171,1.2895652,0.23475261,0.09705162,2.3652253,0.34475416,1.2988125,0.868395,0.41850746,0.45855102,4.304657,1.1215521,0.04206042,0.21828808,1.8282212,0.29598567,2.6792634,0.2912497,0.0,2.149816,0.453251,3.8076081,3.437013,3.8787954,0.77510583,2.2018569,0.029195929,0.42567095,1.2516592,0.7121193,4.0117254,0.8975945,1.3754971,0.43226054,1.6836405,1.3194988,0.70413625,0.6887558,0.41849396,0.07610356,0.21683986,0.3029717,2.474854,0.12206132,0.81977296,1.2493081,0.14952835,0.8098143,0.8574227,1.9202099,1.2445294,0.5299754,0.36125588,0.10173513,0.034874618,0.06457947,0.103194855,1.3402234,3.0092492,1.8807561,0.6827222,0.35055047,0.74755716,0.33259085,1.3146485,3.90732,0.45752177,0.006273014,1.297512,0.45420703,0.5534426,0.27472514,0.06467276,1.0346373,1.3401464,1.0530723,0.7896632,0.98128974,1.148785,1.3171104,2.6462436,2.3916914,0.62250745,0.9765671,1.2244133,1.183478,1.2706224,0.4390219,0.005517584,2.3133392,1.6875682,1.0617211,2.3817804,0.09789435,0.14389202,0.71281534,0.30827236,1.5323427,1.4859011,0.7385283,0.5915129,0.48576254,0.9574509,1.5368546,0.69485843,0.35258612,1.0214843,2.5378036,0.03330451,0.26972115,0.8396463,2.0549963,0.08467744,0.540082,0.03828607,0.036435973,1.7646395,0.15730755,1.0545264,0.27539378,3.4085886,0.3144091,0.74817705,0.5884042,0.87274987,0.7239244,0.40230337,2.1808414,0.9860392,1.603699,2.153464,0.27028596,0.077888966,0.100794226,3.0377192,1.5541092,0.731819,0.06531065,0.044571016,0.80268264,0.6911943,0.8436628,1.7840644,0.31427845,0.40176517,0.6120004,1.7513583,all_pothole_images\pothole_images_enhanced_0ffbdd4f5d629b13df7617296ee3bbab.jpg
0.97549796,0.6203891,0.36804137,3.0846224,1.2598797,0.18613768,1.2860687,0.027317693,0.22631042,2.5834763,0.22737612,1.2543777,0.44377118,1.763051,0.030722205,0.27215302,0.3476017,1.6143993,0.972605,0.66725975,1.5053992,0.033044565,0.39213848,1.1733277,1.9282514,0.24743573,0.20832564,2.5790546,0.0,0.0012974922,0.254047,0.36629987,0.07617322,1.7127937,0.29252216,0.755448,0.38825125,0.6408112,0.31725892,0.22091924,0.027436322,0.31050566,1.1665385,2.722634,0.2317863,0.9374345,0.35450032,0.02249303,0.10988388,1.3566784,0.0067433924,0.05896001,0.44035444,0.5275529,0.8537353,2.1441526,1.0575432,1.1791025,0.2514169,0.37700644,1.8243252,0.51485646,0.32087702,0.44754922,1.1313722,1.714639,1.2157885,0.055393394,0.29485142,0.25465176,1.4227834,0.21142605,0.6755045,0.03806102,0.26639423,0.0,0.7712968,2.0192285,0.024358237,0.0,0.0007850438,1.2405201,0.20479567,0.36242694,0.5297053,0.15589452,0.00852817,0.055777613,1.5147557,0.08096806,0.27922946,0.08039671,0.21717137,0.011382521,0.45180592,0.0003462872,0.7332978,1.09027,0.098542474,1.197679,0.24548118,2.660233,0.42398816,0.26412538,1.3630642,0.8239719,0.48361173,1.0961089,0.021293305,0.47416702,0.010956261,0.6244097,0.33281738,0.98624384,0.7738401,0.21920742,0.18932743,0.11772948,4.5479183,1.9739476,1.5566792,0.12855001,0.6001218,1.0398719,1.1382308,0.54085284,2.323539,1.4701926,0.60805434,0.39459252,0.4920706,0.16383003,0.5943392,0.20415309,0.30938122,2.327243,2.3028598,0.13434695,1.0605274,0.00238946,0.87609947,0.4093425,0.685762,0.18876208,0.7417073,0.9780745,0.15028837,1.4009811,0.07545299,0.50407815,0.30299154,1.8181221,0.52298045,0.16735983,1.2107813,1.2079464,0.8904709,0.033023585,1.6270387,0.16960052,1.4661597,1.9613142,0.3055194,0.6476729,0.6284199,1.0068725,1.432662,0.029580032,0.5592508,2.9553013,0.10520499,0.25982314,0.16094144,0.37830237,0.0,0.93283933,0.03712197,0.010896202,0.07727758,0.16657184,0.033988737,1.9229658,0.61812574,2.8223836,0.46429232,0.44257697,0.11780596,0.58875537,0.8073144,0.07495085,0.23424175,0.6635113,0.25369135,0.39406037,1.2796557,0.6062828,2.1151001,0.35881642,0.7536853,0.55236465,0.68370867,0.20231554,0.65560275,0.014218841,0.33262086,0.09460945,0.82373357,0.044442993,1.8568685,2.213013,0.11316361,0.12266622,0.7792718,0.57202554,2.39428,2.4051874,0.6628222,0.2700067,1.3806428,0.05793116,1.2478678,0.15912613,0.23609424,0.044181265,0.011217798,0.3499518,0.27361938,1.4994543,1.2116343,1.0943476,0.5270342,0.021011444,2.0277297,0.16896978,0.029980611,0.09184735,1.0073934,0.23263292,0.23333716,1.4895586,0.26720852,0.3372741,0.53079283,0.94277704,0.017303912,0.030010223,0.81611973,0.23844445,0.07740483,3.7192373,1.052025,0.38865167,0.07655375,0.3185993,0.5031667,0.63970995,0.102990575,1.4334582,0.7253951,3.9655168,0.471358,0.6775439,0.33471873,0.053380117,0.34088832,0.058756217,0.24803825,0.29258898,4.5323477,0.54291695,0.59296024,0.0072140875,0.98676896,0.3693978,0.17195578,0.21915175,0.38071245,1.166499,0.7025638,1.5016174,0.13028255,0.32547668,0.43924534,0.119649045,0.32296595,0.20327927,0.9697038,0.7191517,1.5081474,0.3001817,0.22165829,0.50858366,0.62037975,0.39407188,0.9193553,1.6025642,0.2911571,0.21360722,0.33975095,2.2957933,1.2333173,0.26463705,0.28837696,0.016857117,3.7516847,0.042476494,0.96767044,0.049364902,0.16298671,0.49925286,1.2048385,0.4613996,1.046584,0.36302552,0.7804655,1.328323,0.0,0.6802547,4.3119626,1.006661,0.7637466,0.06428147,1.0156212,0.6238936,0.009842459,0.38306528,0.09085982,0.120890096,1.6050676,0.59281343,0.7304682,0.0,0.66119665,0.29805213,0.222736,0.06310977,3.155459,0.34256503,0.5019639,1.0752257,0.6496926,0.06361133,3.1835413,1.8399609,1.5917059,0.008753004,0.23706101,1.0296965,0.3785078,0.0,0.08418898,0.2907593,0.06243838,0.52176297,0.048502475,0.38777772,0.058958903,0.57746935,0.18145716,0.970806,0.4960689,0.70822275,0.7930104,0.99926615,0.015069554,0.1018131,0.63111144,0.32400274,0.044358745,0.97654444,0.16815901,0.370053,1.9698374,0.14411101,0.42590657,0.22710083,0.32903662,0.017412966,0.7441071,0.10326768,1.0258747,0.025492819,0.2790788,0.7436743,0.97410136,1.2476921,1.7477715,0.041972242,0.28164613,0.6841192,0.73211074,0.34749186,0.31422716,0.16997644,0.03159852,0.41185293,1.6285304,0.03051554,0.41863772,0.044344302,0.012439284,2.6362221,0.17516583,0.37132305,0.73547596,1.0681024,1.1463627,0.5271847,1.1284356,0.09457451,0.8671855,0.07172763,0.30906335,1.1822728,0.23676868,1.030756,0.104896426,0.03862167,1.259312,0.3788039,1.5941086,1.7483246,0.071352296,1.9477147,2.1742697,0.2068495,0.5795186,0.49416554,0.014286337,0.72308254,0.2540601,0.16572633,0.86042815,0.5181648,0.736597,0.4564906,0.22568017,0.76831424,0.22650242,0.47365916,1.2812597,1.0189842,0.42733714,0.044940215,0.1694778,0.02481393,0.19230372,1.560793,0.1844723,0.4720177,2.6481946,1.655981,0.98245126,0.09096681,0.123989396,0.3921344,0.5795701,0.35311484,0.1071455,0.79774964,2.3566775,0.30361927,1.477288,0.7849241,0.27764365,0.3625087,0.2456255,0.01896675,1.4417638,0.9614927,0.17847621,1.2039293,0.0,0.067338675,0.7296758,0.073009126,1.6737839,1.3500681,0.41181085,0.002947129,0.5570224,1.207017,0.38629717,0.95199597,0.17566073,0.10169866,0.61645555,0.08355132,0.858386,0.027284661,0.92924047,1.7708232,0.0044181016,0.3576442,0.16030385,0.30597463,0.19187187,0.37556165,0.18209337,0.57804775,1.0625874,3.1147578,1.0784421,0.8107189,0.04567077,2.790839,0.867971,0.2959641,0.34504724,0.2273215,0.009619876,0.0637839,all_pothole_images\pothole_images_enhanced_1015780e95348e8a71c1c25fb507c44b.jpg
0.28733188,2.0024483,0.5937098,2.9993722,1.368684,0.67867166,0.95938236,0.032727536,0.23014472,0.9616346,0.34636915,0.12668334,0.05994203,5.64913,0.15430456,1.9732317,0.2007512,0.9531784,1.6759063,0.7881326,1.9427359,1.8536292,0.8486202,0.22933327,1.8241695,1.414642,1.0682285,2.7627325,0.40813974,0.6002626,0.5883353,0.6245435,0.46942857,0.72982657,0.19065756,1.0125805,0.09979173,0.732687,0.3021329,0.35909653,0.51699007,0.6341311,1.1734569,3.08937,0.26254562,0.15309186,0.064509824,0.11969175,0.6549391,0.61458457,0.46953455,0.30133945,0.31921533,1.0750588,0.17116539,0.7445188,1.3230785,0.13641943,1.3333193,0.26397982,1.0836704,0.94586307,0.7368116,0.18025051,0.8264283,0.7289246,0.2809638,0.20035465,0.25975102,0.08098496,1.0406444,0.40449378,0.043378163,0.3256454,0.32693446,0.55803627,0.7221492,1.388772,0.44128683,0.20783888,0.28061706,0.14033094,0.84101975,0.5764006,0.046538655,1.5150946,0.72223943,0.020816846,3.5053456,0.5936243,0.4313788,0.38259137,0.39004546,0.4929301,0.92210835,0.1052614,0.72251457,0.70149964,0.5362506,1.7038126,0.057107974,2.7353854,0.5290078,0.08692462,0.9320607,0.31186554,0.21168274,0.18142998,0.15074968,0.47156334,0.12786262,2.4360406,0.22134489,0.15014888,0.8923905,0.5854665,0.8691545,0.24297291,2.7253225,0.23879658,0.52798206,0.5920677,0.58738464,1.3274788,1.2143245,0.50702584,0.3213622,0.2913859,0.13042355,0.3665604,0.57089436,0.052893568,0.856102,0.83291143,0.28355503,0.533513,0.58179116,0.4036592,1.9398022,0.26996273,0.4713154,0.09074243,0.3136746,1.3064058,0.016002929,0.76160276,0.21698655,0.025906079,0.35973623,1.5544297,1.2751269,0.39070764,0.26523483,0.46990076,1.1799597,0.8975419,0.25033054,0.16731013,0.9092984,0.35465264,0.41221753,3.4432921,0.4048131,3.0688975,0.4212162,1.3397188,2.5772638,0.3226826,3.1981344,1.4152802,0.7898428,0.41666684,0.47167486,1.25292,0.9079118,0.16272132,0.8328201,0.23193693,0.31446993,0.5970546,0.14402983,2.3112037,2.0078187,0.49661228,0.7369163,0.12182732,0.8815504,1.5390602,0.55768657,1.4152318,1.0837768,0.8105054,0.028951887,0.07990819,1.0611402,0.32008055,2.0482018,0.76306254,0.27904487,0.13297412,0.29348624,0.39794984,1.1538564,0.22585881,0.32448533,0.93543196,0.30429584,0.48874894,0.1902233,0.52410996,0.115026794,0.05325356,2.0049467,1.6943524,0.79784924,0.78536767,0.8267495,0.067239776,1.2217962,0.34615803,1.5188965,0.098310694,0.38126367,1.1060841,0.46870777,0.57197493,0.5453086,0.35697088,0.24940103,0.13999465,0.2013053,0.5953541,0.5934972,0.29002944,0.23707592,0.65775156,1.6756783,0.28449872,0.109227695,0.7092234,0.39601368,0.9095213,1.0027534,0.39924645,0.48594746,0.02037959,0.92715365,0.14900011,0.7779289,3.9523258,2.6252522,0.7859514,0.046116557,0.7352132,0.43776876,1.663232,0.27895036,1.0877503,1.7512807,2.4841783,0.4031615,1.3891897,0.2496106,0.98466706,0.035320785,0.29290506,0.77819276,1.0538965,2.4373937,0.6629102,0.35093555,0.02110132,1.0899414,0.10213809,0.6086548,1.1421165,0.056817405,0.4954489,1.7691056,0.38423908,0.6604627,0.4757525,0.3150069,1.3491181,0.9153497,0.37719592,0.82856196,0.95854557,0.95431906,0.17418066,0.051576566,1.6066804,0.26200405,0.27471182,0.45952076,0.28230453,1.1815219,1.0408596,1.047301,1.2156636,0.77176976,1.2558974,0.120072715,0.50759983,4.4621744,0.23634334,1.1479616,0.34399542,0.65738404,0.726506,0.98034513,1.4167299,2.3486078,0.79085976,0.16547798,0.77172804,0.7202382,0.7726242,3.1723993,0.30180988,0.015435636,1.0392649,0.26224515,1.2981547,0.7473626,1.3328292,0.50480264,0.874935,0.53154016,1.318708,0.44517967,0.31136942,0.13411961,0.89669687,0.42465147,0.47380105,2.1980605,2.141936,0.15130119,1.0681893,0.8523123,0.8959723,1.0123136,1.3804357,1.2384572,0.0105291465,0.04719663,0.21854703,0.9605754,0.6869017,1.4499547,0.3966487,1.3174632,0.44286326,0.8593707,0.015749536,0.59114033,0.43434066,0.42568836,1.0607032,0.20915404,0.10060051,0.49153322,1.5207822,0.45598978,0.070670106,0.8692218,1.5608357,0.006973085,0.6691438,0.5298702,0.25113392,0.50257957,0.25459635,0.2933007,0.85882735,0.10265063,0.27190796,0.08714625,0.1334761,1.0936973,0.3566211,0.3668917,0.5430843,1.1124582,0.40814954,2.547255,0.0799873,0.56469464,2.4841354,0.88517153,0.43626332,0.19966425,0.8479055,0.39641595,0.12149781,0.09833413,0.13345696,0.6095,0.044330277,0.47536972,0.1573202,0.1986124,1.3371834,0.62969303,0.4655667,0.9996308,0.91160536,0.19516788,0.4354626,0.17895438,0.8558337,1.0120908,0.6579829,0.0,0.27218223,0.5312703,0.9890842,0.11680448,0.5732949,2.0425694,0.45020565,1.0018963,2.240689,2.2094731,0.26845086,0.4344856,1.9400795,0.24832045,1.4445422,0.81767464,0.6184261,0.3525266,0.1255386,0.45084947,2.5923703,0.64009285,0.29231915,0.23913705,0.25428337,0.77879524,0.5659425,0.2768691,0.08422098,0.5816552,0.658019,2.2547345,1.5355856,0.27314758,0.5382689,1.6084,0.5970685,0.46342972,0.11102703,1.0276127,0.6132305,1.8792294,0.6240964,1.3574779,0.35615242,0.44678512,0.40043244,1.076348,0.04016609,0.36772117,1.8481716,1.1250906,0.20868295,0.65699476,0.30793673,0.51691157,1.768791,0.8724655,0.09741678,1.3279027,0.14346594,0.34371394,0.47960284,1.0168309,0.15293697,0.82911265,1.892485,1.0224402,0.15576169,0.08501004,0.5244241,1.1829609,0.35631153,1.0573738,0.108683415,0.5733109,2.6002197,0.12288387,0.677811,0.009627089,0.13574526,0.14529547,0.40172723,0.12103014,0.20203961,1.0281501,1.033348,0.1984707,1.4917318,1.0792078,0.21037209,0.4491408,0.14908387,0.14533298,0.70351076,0.059575725,0.59897894,all_pothole_images\pothole_images_enhanced_104bd87479d1686441ac0d2eb4242da1.jpg
0.87867564,2.6394088,0.47809795,1.2436436,2.125632,0.944105,0.7275549,0.2493962,0.13253145,1.3413434,0.2938049,0.4615469,0.85687774,4.2794814,0.89399874,0.53325945,0.37077284,0.37601894,0.5158281,0.45224184,0.15913162,4.453381,0.8608587,0.9184242,0.29095122,0.40468767,1.3596077,3.048942,0.41301298,0.7527682,1.5119507,0.16297756,1.240816,0.12503612,1.5231473,0.19149788,0.645857,1.0982821,0.15513049,0.6349822,0.25721946,0.12177032,1.728278,2.3348129,0.6962681,0.45674288,0.2551778,0.0,0.8807713,0.37283358,0.984538,0.10463795,1.6904286,0.5996839,0.61944914,1.8951095,3.00103,0.7676926,0.77313966,1.1449337,1.5174594,2.5992196,1.7005048,0.19544153,0.8183215,1.5971328,0.7806306,0.61362785,0.35468715,1.8356094,1.0807047,0.6912433,0.8171608,0.25853047,1.0079899,1.0404261,0.3034018,1.1589065,0.9605871,0.15117307,1.1012849,1.6319901,0.48812816,3.1489425,0.1267516,0.27995807,1.4294654,0.022766028,4.749582,0.119265914,0.10383655,1.7703038,1.0900244,1.1028324,0.10395712,0.326419,0.40381527,0.41775227,0.82182014,0.5560716,0.3229263,3.163011,0.7730723,0.5760993,0.7456434,0.856816,1.0867987,0.56718826,0.0,0.5015644,0.85662574,1.2780644,0.9356711,0.06841486,1.0656776,0.34016493,2.5808508,0.91338146,1.9524196,1.54886,2.2467797,0.18488497,0.6276345,0.4736462,1.7793177,0.9715313,0.40047166,0.5037683,0.23510209,2.1520655,2.3194702,0.12839846,0.3927557,1.2280198,1.0128188,0.76676947,0.73342824,0.84756017,2.462539,0.958724,1.3820788,1.4600878,0.7733905,2.2617075,1.6702856,1.1458961,2.2920969,0.06344597,0.73883396,1.65746,0.11940139,0.5129712,0.88650286,1.6030861,0.9817223,0.4174766,2.1482253,0.37347278,0.50318843,0.1255325,0.63409346,0.549361,0.88892645,5.4678936,1.4739842,0.24976765,4.481856,0.89375216,0.5095333,0.025256366,0.4643608,0.060800012,0.22025807,2.1456,0.9930566,0.0,2.078568,0.661213,0.559455,0.22292098,1.3049458,1.5277554,3.4223354,1.3636587,3.1208115,0.08711244,1.2335327,0.17093036,0.45412827,0.34532616,1.1651865,0.62242514,0.04732062,1.5632288,0.043741345,0.12942633,0.101237364,0.65791714,0.09512742,1.4746623,0.060059946,1.5871716,2.184524,0.28057078,0.6747992,1.4442098,0.05469187,1.6322609,0.6831048,0.71739465,0.09866263,0.824575,1.714675,1.8660614,1.2886792,1.739635,0.44339097,0.12833382,2.6782637,0.044437446,0.6921205,0.32064608,0.17393176,1.629884,0.18162684,1.9288595,2.1167006,0.7135992,1.3809588,0.20922014,1.134603,1.114896,0.3170175,0.77361083,0.06409808,0.2768117,1.0581886,0.22065763,0.101614155,0.79449487,0.028445754,0.024247529,1.2710985,0.39965224,0.5569108,0.11888194,0.7819977,0.22007783,0.5009988,2.4332187,4.553852,0.027781233,0.4996395,0.7175037,0.07206787,0.94113016,1.0640279,0.4317384,1.5493348,1.457229,0.5815475,1.5308971,0.68344855,1.6733414,1.952516,1.4426317,1.0738605,0.12226214,0.67806154,0.2738991,0.17870605,0.2783348,0.6830542,0.3800605,0.0752479,0.74645334,1.2902465,1.8291956,0.69974774,1.2223603,1.3250827,0.4092051,0.12614173,2.8847916,4.474322,0.5416116,1.0597234,1.6090635,3.3689923,1.1681623,0.22362089,0.8279254,2.8781233,0.32289836,0.369824,0.29218322,0.39825663,0.36971387,0.078267604,0.42914534,0.7971297,1.2970749,0.82776624,0.38047206,3.7031415,0.41076234,0.020054115,0.58400905,0.48539358,0.5059317,0.63164794,1.8587902,4.780307,0.6925484,0.26291797,2.1243308,0.19613986,0.80102366,1.5345532,0.763578,0.058175404,0.86758065,0.0026878598,1.5896089,1.5926837,0.46871734,0.85209924,0.5861055,0.55887204,0.9159857,3.0790753,1.2624358,0.18164304,0.8005214,0.2946552,0.74525464,0.534712,0.7101214,0.97929573,0.6083632,0.7814848,2.5366306,1.234966,0.059325892,0.9358819,0.0012378236,0.73561704,0.068877235,0.53614604,1.980524,0.27069065,0.47356978,1.8463589,0.42824662,0.00850842,0.73933995,0.11526453,2.0928469,0.41400722,0.397468,0.6886847,0.012705733,0.6638781,0.5126325,0.24779558,0.26985902,1.6280205,1.369813,0.38222572,0.70400196,2.115944,0.7398957,1.2814752,0.10204015,1.5967134,1.4720892,0.0,0.42848766,1.1825191,0.7818879,0.5645379,0.25163406,1.1808425,0.7060774,3.251717,0.83658665,2.8422117,3.6296754,1.6581188,2.8821359,1.0047187,0.9572039,0.5582309,0.3465878,0.33879176,0.49336484,0.5261038,0.63212126,1.471192,0.84636855,1.9352691,0.31050578,0.6395223,1.0895128,0.04461538,0.56653833,0.46238893,0.18021052,0.1088891,0.2372803,2.5578964,0.88145965,1.3120517,0.21698014,2.1713953,0.39211273,0.7782077,1.4972087,0.43820786,0.29960823,1.6648656,0.4286662,2.3350961,1.3040361,2.4342554,1.9546088,0.3350914,1.8329408,0.99813473,1.2482125,0.6130099,0.61755955,2.4622548,0.32172143,0.63031435,2.478166,0.5004036,1.0532299,0.46691644,1.1123735,1.0400558,2.0018268,0.13772942,0.9856456,0.14746428,1.5341924,2.0874832,0.35610572,0.3570805,0.29251304,0.8466043,0.70085984,0.24036758,0.68278176,0.223315,0.11601099,1.694102,0.24721684,0.3078856,0.53828716,1.1692932,0.07864255,1.4623241,1.0133699,0.87671405,1.6857398,0.13765404,2.1861465,2.3201375,2.8021672,0.93034315,0.38020748,1.2942977,0.05568083,0.4018959,0.1744772,0.31309453,0.09675558,0.13443801,0.102717206,0.67662764,2.2476623,0.83232045,1.1799934,0.009249919,0.44959468,1.9369428,0.25095364,0.4196029,0.77443415,0.05220038,0.21549316,0.36148658,0.3028633,0.4655411,0.027647227,0.06652625,1.0903949,0.21253319,1.8566947,0.5862369,2.9495966,1.3212302,0.42995518,1.5318142,0.46436006,0.0034475834,1.053985,0.98545617,1.0620524,0.46526405,0.3945726,all_pothole_images\pothole_images_enhanced_108ae597c2d66f4f20b1ae184975474e.jpg
0.06548938,0.97047997,0.0,2.4408529,0.33649153,0.03230858,0.0,0.0007427501,0.47661176,0.18566008,0.26227063,0.1345244,0.61681086,0.16293254,0.17726289,0.03798527,0.16826394,0.52078736,0.20110041,0.00796536,1.0114392,0.008059718,0.15100238,0.4048714,0.2864188,0.17136422,0.1288828,1.1437527,0.22747615,0.12828244,0.23883986,0.70283026,0.2802534,0.2753731,0.07139339,0.084208995,0.22903308,0.087102234,0.47217968,0.0024733015,0.58429044,1.3696901,0.14730452,0.25283965,0.7378288,0.067921504,0.24619053,0.28953975,0.43856716,0.1755829,0.15754046,0.0982838,0.15193434,0.0,1.1332978,0.16737314,1.224168,0.4577135,0.22776327,0.17995319,0.0,0.5147655,0.18228546,0.6296252,0.92158103,1.0877357,0.32542324,0.0,0.41722468,0.302105,1.1935267,0.1672354,0.45614567,0.96365625,0.76774067,0.016517146,0.0,0.34426373,0.0744848,0.11198817,0.055810474,0.3472419,0.9117925,1.0575863,0.16362637,0.0,0.11839188,0.056385048,0.6166427,0.5143238,0.09160569,0.77127063,0.59096295,0.6412633,0.7117783,0.016945016,1.1014745,0.4946468,0.36826798,0.48850334,0.022063963,0.2020672,0.44992262,0.18666884,3.2370026,0.050196655,0.7859414,0.24391969,0.13084954,1.0749122,0.034031723,0.06056053,0.9316652,0.017320206,0.10488775,0.5721234,0.22764842,0.012806596,1.1134735,0.025400044,0.5215248,0.00030574462,0.40315223,0.2433773,0.08636918,0.40658322,0.0060123526,0.2896829,0.92911816,0.013975252,0.07844982,0.053945802,0.14450982,0.10837148,0.120103486,0.073430404,0.12452606,0.0030072494,0.040718343,0.0,0.19621207,0.00088436063,1.1757711,0.047531653,0.00120158,0.570093,0.10636442,0.74571055,0.059399907,0.026777484,0.22763576,0.5256727,0.10353788,0.44908032,0.44439322,0.8140237,0.04851987,0.030917332,1.9531769,0.98067194,0.52807796,0.6730182,0.06358994,0.12638476,0.5043552,0.048681617,0.3426383,0.0036617215,2.957466,0.99725384,0.10359818,0.76356405,0.0,0.0,0.12785779,0.70394975,0.61362946,0.0,0.43038347,0.1666832,0.0,0.16805509,0.5257605,0.4433182,2.6672728,0.60847247,0.0021444068,0.2506987,0.29458418,0.22354749,0.03701366,0.01088802,0.8191494,0.61869574,0.04738427,0.005528277,1.2461799,0.0047776704,1.2168504,0.075745806,0.0665325,0.17680073,0.06816316,0.15753993,0.07091744,0.49608067,0.33757952,0.36888394,1.1783726,2.3917494,0.0,0.7213342,0.047844026,0.017211322,0.6045979,0.5839593,0.2671557,0.034976408,1.1024909,0.13149346,1.2261149,0.19288076,0.09169812,0.15545534,0.040775944,0.0050038984,0.38248056,0.66675067,2.3908029,0.36522308,0.17860724,0.0,0.40857524,0.028426101,0.24172243,0.2452336,0.8861316,0.0020506347,0.022095155,0.46711403,0.304139,0.06814667,0.82557636,0.77388716,0.022205116,0.0,1.5351797,0.07914031,1.1217728,3.7410016,0.15871571,0.36534593,0.10968882,0.0,0.13446572,0.0,0.6888139,0.27801728,0.20981804,2.2957392,0.0,0.3717844,0.09000585,0.8418559,0.9152953,0.460595,0.49401528,0.44086662,2.4953694,0.13122828,0.09756962,0.008456625,1.5303707,0.0,0.37913668,1.7278666,0.30977666,0.6605884,0.097798906,0.0034099042,0.07690652,0.24955083,0.09853888,0.061395254,0.09165449,0.28295514,0.28891334,0.0,0.018232847,0.075074024,0.10383047,0.22440927,0.0841994,0.7879265,0.00038842155,0.06603264,0.07711022,0.31139028,0.0948476,1.8058101,0.8522661,0.33020338,0.13366641,0.0,2.4343948,0.07699001,0.48423594,0.008671412,0.08247404,0.25573546,0.66200894,1.254721,1.760127,1.3001808,0.15118141,0.9212807,0.24495679,1.4560767,3.3717513,0.79899573,0.03869171,0.26483905,0.15648748,0.25669646,0.051867094,0.037573345,1.025648,0.0,0.00027523728,0.00076028635,2.3146243,0.50756305,0.11404897,0.22433914,0.0,0.0,3.4348583,0.078187086,0.60782886,0.16012658,0.13602029,0.10635452,3.0390656,2.4143467,0.53162557,0.0018437138,0.13665088,0.8632853,0.38383865,0.14608276,0.23222269,0.6951094,0.08958371,0.0,0.13124242,0.14576735,0.020884037,0.57058305,0.031027455,0.6462809,0.29900107,0.40921727,0.81032777,0.31380656,0.1523287,0.10185106,0.3090329,0.12036385,0.19950859,0.029282073,0.18303828,0.118015036,0.051874083,0.02425671,0.05702077,0.5594707,0.43911526,0.21667093,0.81980646,0.17691472,0.779846,0.06133957,0.25886878,0.092447385,0.91127324,0.32116166,0.26536143,0.10935678,0.0013094768,0.17478421,0.1169078,0.5268085,0.10101188,0.14131403,0.0016002672,0.05443707,0.73731315,0.042675085,1.3914253,0.28193566,0.06207164,0.6363948,0.44195652,0.0,0.9647063,0.0051605324,0.20744549,0.27288744,0.46323472,0.019035688,0.40259665,0.71164507,0.56325203,0.01587822,0.004312263,0.25625417,1.0670323,0.21075739,0.9332967,0.39175975,0.8100355,0.529148,0.085515335,0.4689569,0.54803425,0.0,0.3870363,0.034728453,0.6732457,0.86811537,0.24252021,0.13110185,0.3821373,0.0104132965,0.0026337681,0.7193147,0.023713576,0.49111158,0.100923195,0.66641045,0.936773,0.23250774,0.31763053,0.029392848,0.04386333,0.015766246,0.1476491,0.41041365,0.17888705,0.2838231,1.862593,0.20453332,0.0026972431,0.02940801,0.68050337,0.88389164,0.019265285,0.0,0.039712444,0.7866765,0.4267554,0.09523237,2.2899494,0.0,0.8843759,0.0,0.17548136,0.039537493,1.5589833,0.2930343,0.33608884,0.0,0.13676517,0.05914894,0.82653123,0.45188147,0.047926717,0.36552334,0.05254396,0.20737378,0.020986918,0.2300894,0.5837467,0.14851764,0.53144383,0.014983247,0.29748586,0.08185634,0.11619531,0.11945278,0.08943908,0.23853002,0.0041038026,0.23434107,0.00078929204,0.033213295,0.009358237,0.0030231797,0.19412576,0.01450148,0.08356778,2.9664342,0.33637962,0.55321234,0.39908764,4.200152,1.2217923,1.2617702,0.25907308,1.3952913,0.0019859977,0.0044973744,all_pothole_images\pothole_images_enhanced_10a72321db628257344fd7dde5219b6f.jpg
1.0258436,2.1892662,0.7574064,0.61543006,0.30467883,0.77520525,0.7371815,1.411788,0.7711742,0.55456096,0.19320948,1.4642882,0.036990818,0.028893868,0.15804072,0.24068166,0.19759913,0.4733513,0.69326437,0.196771,0.15163456,0.833308,0.6858328,1.411449,1.1790015,1.1371248,0.17861927,1.6898911,0.038419623,0.072525956,0.47443685,0.15010937,1.5989751,1.7301513,0.88511825,1.252908,0.8904079,0.9542176,0.7205732,1.9546312,0.28989866,0.11488557,0.50965214,0.32010365,0.45507213,0.8492057,0.40705895,0.0038689717,0.47946298,0.8070003,0.6978779,0.69361544,1.4957215,0.109196216,0.21006031,0.4981832,1.4245135,0.5100769,1.2386744,0.7504248,0.6358061,0.110610746,0.5895934,0.8306738,0.34107098,1.0486063,0.18874244,0.57644093,0.043037374,0.33073983,0.22049771,0.51276433,0.56062937,0.23913029,0.85635465,1.4324368,0.4493275,0.46108514,0.033699706,0.27391446,0.9021038,0.8646462,0.5687946,0.50097924,0.38672385,0.6409198,0.21969713,0.13187474,2.8204894,0.5895132,0.062414285,0.24686657,0.39355615,0.06554221,0.2530434,0.47540778,2.2062037,0.98529714,0.34537864,0.1375088,0.25981557,2.9721522,1.6657075,0.01797347,0.80731887,0.32574132,0.1541804,0.81386876,0.85332674,0.8533671,0.42602238,1.8967189,1.3726832,0.47337323,1.6904194,1.74015,0.96420074,0.5014785,0.2978878,0.88448566,0.8789648,0.40077275,0.45433095,1.3993114,0.29225639,1.2342664,0.07055534,0.5121477,0.9332015,0.23646615,0.66459274,0.4954204,0.035255183,0.07767405,1.234557,1.4364213,0.005522093,0.6690555,0.41538307,0.26676786,0.6705788,0.27292344,0.34225124,0.7460784,0.91595006,1.6967311,0.18047062,1.6827831,0.14062577,0.5064945,1.2495419,0.9385758,0.012884833,0.019502666,0.63834035,0.3046566,0.52274066,0.0115349805,0.8861075,0.104893826,0.72748595,0.32682145,0.09697448,3.3758068,0.4174155,0.09966081,0.669406,0.7320901,0.42202973,0.6327508,0.2271208,0.6744698,0.3184113,0.07865645,0.6923397,0.71963173,0.5070438,0.11013782,0.07534381,0.2937433,0.66542244,2.1468122,3.0125158,2.3148212,1.499465,0.2132603,0.04862179,0.30648956,0.7548384,1.2818875,0.70928067,0.046522494,0.034069017,1.7508388,1.1378868,0.2904472,0.92255044,0.019438531,0.7127449,1.1661218,0.31174597,0.9173456,0.3940842,0.26107788,0.34609985,0.493851,0.42970783,0.4797753,0.5771601,0.57266754,0.06918258,0.07105377,0.61321783,1.0537243,0.53690404,1.0850662,1.3497238,0.094338804,1.5338268,0.5912329,1.8471298,0.1522835,0.02977482,0.9569598,0.007354321,0.9226141,0.75080156,1.6052487,0.18381369,0.9919721,0.7063143,0.6504411,1.1228482,0.050023373,0.4180266,0.0085314745,1.5605353,0.17382164,0.07465475,0.072377406,0.533788,0.26083753,0.95154417,0.2039869,0.3634967,0.07490493,1.1828439,0.07698646,1.2449546,1.9130301,0.8162929,1.5478696,0.23218536,0.38976833,0.05573845,0.86090344,0.7216508,0.15760665,1.5329739,3.2430806,0.6278957,0.08409559,1.1695938,0.5831405,0.47283354,0.440375,0.9684096,0.62910396,2.975091,0.4410571,0.10260731,0.0013542272,0.4649268,1.2793822,0.94329846,0.897414,0.6911164,1.5752441,0.47599363,0.8904743,0.051666375,0.403795,0.37312052,0.5080976,1.1654403,0.10031922,0.6366869,0.62905616,1.5984652,0.09960006,1.3132654,0.19580401,0.5900724,0.50405395,0.54649967,0.11497511,0.49244466,0.14957783,0.6631394,0.44833046,0.47980055,0.39020094,0.3469785,0.5098528,2.7969532,0.2993679,0.051881984,0.3508623,0.17350003,1.2209327,0.3999877,0.83823353,2.5285964,1.1346166,0.42638084,1.5233507,0.019641895,1.0839846,1.2624173,0.581804,1.0261,0.010766589,0.38108557,0.0,0.59507895,1.1710212,0.32109576,0.81698686,0.74664545,0.47339422,1.5605546,0.3120978,0.18297479,0.04092886,0.36616898,1.3081553,1.5912563,0.0,0.2116777,0.5993959,0.4841096,0.6100058,0.29761678,0.13895361,0.6006944,0.029907012,0.6165568,0.017286148,0.030957567,0.2397423,0.21370666,0.69745153,1.2395393,0.1652681,0.56385964,0.009838817,0.8996977,0.8682444,0.18476085,0.5924442,0.64470476,0.62846047,0.08233666,0.9310164,0.005235525,0.36489168,0.39924487,1.260164,0.64801973,0.7212395,0.8628994,0.938835,0.18492931,0.70679563,1.0987127,0.24933997,0.0049639605,0.59714895,0.39969042,0.33536255,1.7273053,0.3925368,0.13188216,1.0296562,2.0156498,1.413172,2.4106526,0.45224565,0.23558387,1.1799768,1.7521176,0.3678579,0.3206972,0.14734313,0.05983558,0.043713816,0.9117087,0.4394336,0.07405468,0.083288856,1.2785045,1.7497106,0.07072021,0.46235532,0.054490123,0.4018272,1.0830027,0.573557,0.05672245,0.5707034,0.87974155,0.99678206,0.29311076,0.29116255,0.059310764,1.3763521,0.613795,1.120193,0.87146443,0.023885595,1.5491523,1.0481844,2.4320788,0.46884474,3.1147802,0.31930205,0.553877,2.6474059,0.7514384,0.55007106,0.36063752,0.07203129,0.095172316,0.23702465,0.06367747,3.070685,0.6440549,0.16442677,0.57769793,1.1628015,1.2164451,1.0815505,0.42453805,0.3396716,0.21228918,0.07266556,1.9098771,1.3422287,0.37357363,0.37354854,1.125487,0.8989821,0.8049103,0.55565196,0.83027524,1.1499403,0.57035047,0.437243,0.26447102,0.6188096,1.3561399,0.5491176,0.67202246,0.33772704,0.39712334,1.114408,0.09258383,0.0,0.48814806,1.1741122,1.5192548,0.38437682,1.1931905,0.3289824,0.61659926,0.26168,0.49484524,0.38223547,0.24392048,0.27451494,1.7501959,2.561461,0.25845188,0.1268006,0.0029017737,0.307402,1.4928486,0.14730655,0.63140994,0.34210312,0.79911196,1.986031,0.0,0.7536322,0.43718994,0.07533165,0.27239862,0.10571935,0.29627106,0.23757009,0.921047,2.1273818,0.61498207,0.58916456,1.3188035,0.41891736,0.060032107,0.856781,0.79874104,0.9584338,0.8799493,0.31755847,all_pothole_images\pothole_images_enhanced_10a97d01a5c71a1317cae78d965f72ad.jpg
1.1053753,1.5092993,1.0452694,2.3102212,0.17806396,1.285498,0.053951584,0.052971043,0.016634887,0.58558637,0.10542944,0.20912485,0.7855461,1.2525022,0.0025027704,0.086524025,0.6632193,0.47019774,0.35043722,0.83910245,1.091033,2.4262557,0.119049616,0.8735251,1.2891177,0.31053185,0.17799136,2.1339788,0.12039488,1.984397,2.168912,0.20747858,0.19128954,0.21219705,0.45367178,0.28847983,0.50713587,0.88515764,0.5446137,0.11804722,0.0,0.015220337,0.8060966,0.88158697,1.0519313,0.21326475,0.02903673,0.36697748,0.104898624,0.2570145,0.70831794,0.30561498,3.3262284,0.30816254,0.0415328,1.1272321,1.6959335,0.57684016,0.53443646,0.015653878,0.045844924,0.5702949,1.2934572,0.7755329,0.16505079,0.7331485,0.31316182,0.0010872346,2.240243,0.1461203,1.535509,1.2253385,1.7966073,0.3147944,1.4791054,0.37932464,0.03779006,1.4992204,0.14577149,0.024779957,0.05804909,1.0076101,0.017438335,2.0006018,1.4986186,0.5569115,0.0616413,0.18110558,3.4497106,0.8940511,0.5251759,0.0,0.14246234,0.446691,0.29974526,0.0,0.77259636,0.07241872,0.28339106,0.17316362,0.11142805,1.0202168,0.37400943,0.0,0.9872697,0.0017134913,0.22031577,0.09780324,0.3063882,0.19238093,1.3049471,0.7494203,3.530415,0.10827624,0.38640687,0.9325524,1.0160404,0.12805827,0.18065394,0.18146028,0.5688691,1.3652282,0.90701586,0.25457466,0.6138516,1.393785,0.50513005,0.25257632,3.6579957,0.54743296,0.19718055,0.0,0.28331724,0.0,0.40973175,1.2729723,0.5806296,1.3707165,0.7676758,0.08966275,0.5818428,3.8704917,0.0066423803,0.70848244,0.21995787,1.0591706,0.0,1.2487288,0.42986915,1.0915893,0.4650583,0.4030525,0.28625497,0.032061152,0.90892994,0.1883636,0.207748,0.103519425,0.14432862,0.3692405,1.3914685,0.7059299,0.07304698,1.3164918,0.49815822,0.08515348,1.9894602,0.01492727,3.2318432,0.5800147,0.025393212,0.013362366,0.23275924,0.344265,0.6983348,0.32205573,1.1679133,0.008000502,0.30823413,0.13216336,0.6490397,0.66744155,1.9983938,1.3603914,2.9854288,0.19115625,0.08538461,0.35352135,0.41638112,0.14810155,0.268017,3.012286,0.023741301,2.7312298,0.04891406,0.18486649,0.24542685,0.37845385,0.9598216,0.9015415,0.453431,0.62329847,0.26750734,0.9813109,0.53294814,0.49018902,0.4419044,0.61266476,1.079764,0.23009288,0.017744133,0.0,1.352451,0.7190802,0.46514198,1.8872335,0.5834767,1.0693828,0.21478744,0.2781076,0.46201897,0.049020495,0.028495995,1.0311993,0.0,0.007272212,1.3208294,0.22008349,0.77928877,0.22597265,0.0,0.14681442,0.97227985,1.5011917,1.3559992,0.21014392,2.060837,0.0015211315,0.18633845,0.6902537,0.2580816,0.33050832,1.0874072,0.8454888,0.056211,0.03742113,1.9955145,0.21075556,0.26666066,4.163438,0.48993173,0.0,0.1512416,0.05693402,0.24138667,0.049169526,1.7515713,0.4157176,0.3540648,2.8258762,0.0070407214,1.5762217,0.9743864,0.0010882879,0.03132237,1.2042636,0.38442904,0.5763373,3.0026357,0.78779626,0.70546144,0.00547524,1.5937928,1.5229353,1.0799987,0.30346775,0.93293685,0.6629707,0.51487315,0.96695775,0.8153488,0.046324465,0.06584314,1.2087932,0.7315865,0.28879133,0.14441176,1.0960329,1.6583798,0.2041646,0.3347879,0.255499,0.34644273,0.97640115,0.75115407,0.5848898,0.11851723,0.24888998,0.5630133,0.91350234,0.20828389,0.05239345,0.05813979,0.0100193545,7.3246884,0.6358267,0.067119226,0.4331753,1.711165,0.05153905,0.08507726,1.2897799,3.3610291,0.35840982,0.23007694,0.7166308,0.19002654,3.540718,0.515212,0.44026494,0.0,0.44412905,0.39661407,0.4131044,0.31402713,0.90340906,1.7679567,0.005260429,0.09866355,0.03506178,5.4262776,0.111504145,0.6302832,0.06981848,2.0463526,0.35336602,2.2648664,0.6629151,0.48245272,0.10659479,0.7022151,1.8060697,1.5261286,0.5153142,1.1141133,0.69997257,0.5036591,0.11110136,1.2821904,0.2744572,0.07792299,1.2592471,1.0449196,0.52690685,0.06797638,0.0,0.094742656,1.1168431,0.2999806,0.9946951,0.0027316604,0.16966298,0.13891919,1.0412371,0.0062555177,0.25911516,1.3029386,1.0914251,0.059201997,1.0793278,0.50914794,0.42465937,0.23016581,0.0,0.85334116,0.36777756,1.0660028,0.0203955,2.483929,0.20082171,0.8182481,0.14492849,0.3815612,0.21782757,5.144517,1.5319285,0.7393711,0.46273702,0.15314502,1.4805875,0.09611332,2.1033795,0.5443644,0.54125476,0.0,0.8161167,0.09951342,0.14252931,0.09870323,0.035869997,0.1537658,1.1993256,0.7254433,0.5687521,0.48026332,0.9361281,0.38537863,0.182897,0.8727831,0.49376762,0.39814788,0.27780202,0.72744274,0.2907881,0.21437374,0.8121161,0.5261251,0.98407876,0.43228385,0.0,1.6272732,0.0,0.7634118,0.3144589,1.1015197,1.3467216,2.0322568,1.3761375,1.1247398,1.3376638,0.08060369,0.22651596,0.026175546,0.0017629067,0.11267191,4.60868,0.4551148,1.4434179,1.1116173,1.5667084,0.6906088,0.4447627,0.18606094,0.31184518,0.3001876,0.21912017,0.43946612,0.71074706,0.14345282,0.0703057,1.0541513,0.07147009,1.429352,0.42249107,1.5429755,1.0078855,0.43799338,0.6776259,0.36997122,0.5636779,0.8770228,0.07118489,0.52624834,0.03421715,0.9549347,0.8334232,0.003280629,0.008551097,0.8417431,0.88548744,0.8587248,0.0664393,0.88465536,0.30276462,0.44151554,0.0,0.3057026,0.6761376,0.31081596,1.7779675,0.08135598,2.0390582,2.0365124,0.30360228,0.27955785,0.0938643,0.75540143,0.0033522039,0.6972567,0.0,0.2108356,0.7397495,0.04510061,0.25862342,0.013390438,0.17877321,1.0498924,0.062104415,0.17490579,0.012549616,0.062881306,6.1445866,0.5883831,0.22340387,0.46503043,0.9962326,0.86492574,0.34208646,0.18006462,1.8249401,0.67405534,0.76327795,all_pothole_images\pothole_images_enhanced_10aad20063f4fe4d367541d2d53f5ea8.jpg
0.8205527,0.5184386,0.31707337,3.2408853,0.79714364,0.04695864,0.42820105,0.05861189,0.48410478,0.7238281,0.55523694,0.8901625,0.022150338,3.4664226,1.7793267,0.060262587,0.6597547,0.12804332,4.1690416,0.5481301,1.7436806,2.3237283,0.24086024,0.65040666,1.080304,0.14515822,0.42837384,0.7640587,0.51752037,0.84870195,1.3389142,0.5270152,1.0069958,0.22820596,1.1745808,0.21780965,0.38052714,2.705864,0.24367772,2.1332319,0.0061108004,0.6707779,0.9025152,1.946033,0.38923785,0.44090053,0.15456156,0.044177424,1.1220123,0.5265028,0.5594603,0.620446,0.091415465,0.6332593,0.16557671,0.9040935,0.44326052,0.29064557,1.3625302,0.67661154,1.574021,2.423199,0.829877,0.062192284,0.4371043,1.1339304,0.2343087,0.01834559,1.2411602,0.17246577,1.8326385,0.6706233,0.41357133,0.38245252,0.26238573,1.685184,0.30756938,0.10995873,0.2401399,0.10508843,0.047008242,0.7504257,0.09436535,0.58889955,1.5281465,0.1799673,0.03362561,0.31759438,1.9560316,0.6347495,0.11499428,0.6672249,0.34977195,0.31775442,0.20537497,0.162334,2.5302148,0.56480414,0.8367208,1.7167039,0.0070952564,1.0015037,0.3174116,1.8470042,1.807363,0.2444566,0.4357973,0.26045853,0.22303964,0.5245038,0.20065919,4.1535687,0.56052536,0.12056171,2.5026948,0.56276494,1.0547149,0.01741451,2.4563692,1.9297401,1.3250754,1.0904744,1.1092874,4.649672,2.496475,0.20359825,0.5787216,0.9418986,1.292751,0.70532334,0.4498942,0.872386,1.58585,0.38738385,0.0,1.3612335,0.0035807525,0.84319896,0.36918667,0.1187448,0.15931465,1.0458076,0.10027234,1.5477419,0.16713041,1.6642425,0.37987956,2.0683932,0.2749673,0.7419719,0.5824771,0.7516408,0.0012610235,0.1808726,0.979435,0.22269887,0.20629641,0.13137405,1.2827044,0.41593176,2.5922022,5.087476,0.25636342,1.724198,1.1228632,1.1884211,0.33284938,0.0,1.2917999,0.82760304,0.41667292,0.21992768,0.21312183,0.0,0.61404526,0.14804687,0.6669132,0.16478832,0.4324738,0.2545656,0.5612829,0.96145177,0.7693015,1.0602221,0.27309927,0.8871588,0.030640353,0.08631093,1.0053505,0.6783476,0.73366314,1.2075081,0.20128478,2.4195497,0.25028902,0.9436475,0.5068177,1.1919388,1.0630393,0.5330902,0.70208615,1.354799,0.759343,0.36783284,0.9603039,0.227234,0.67206913,0.47232178,1.3508389,0.1708461,0.1101504,0.29023468,0.99607974,1.3815924,1.8965149,0.76499563,1.3208513,0.07833021,1.335187,0.31504077,0.78956866,0.17296456,1.7250876,0.15351318,1.1008904,0.7643719,0.13102162,0.2432326,0.00021472319,0.5202278,0.3268391,0.45507374,1.3609254,0.45156458,0.08863548,0.1325489,0.228002,0.4559974,0.82082415,0.6249444,1.0487808,0.13387154,0.52051306,0.76922214,0.57925034,0.013352428,0.06441159,0.6568021,1.1958897,4.009264,2.3846378,0.0051462036,1.0887575,0.43574098,0.090429954,2.8586092,0.08556706,0.6687313,0.36547354,3.3977785,0.86493975,0.06204412,1.3615651,0.6966555,0.005688292,0.42928877,0.15506479,1.1620755,0.7910709,0.40546697,0.41620678,0.057476062,0.13987325,0.8893487,1.3859075,0.20906867,0.44906357,0.49252436,1.0983068,1.0781826,0.03849032,0.5917407,1.1112622,0.47622418,0.61094624,0.85983783,0.6711407,1.3281275,0.3900422,0.20297435,0.20569216,0.14712638,1.3043652,0.29624137,0.26440674,1.0338244,0.8648272,2.819146,0.07753462,0.90166485,0.11180906,0.9377651,0.06372703,0.5860911,2.5452926,1.7144849,0.4573798,0.37774277,0.28098893,0.21321742,3.8511221,2.251169,0.5469803,0.46526772,0.15064813,0.16189678,0.4024402,0.99535817,4.113761,0.18254766,1.733221,0.4988147,0.18156378,0.4814502,0.58585024,1.6912844,0.14467287,0.6406096,1.4129629,0.34715068,0.63584846,0.523392,1.1457887,0.08465949,0.17251347,0.15736477,3.1594625,3.4623,0.7098554,0.44601846,0.74024963,0.7967823,0.017004102,1.6168371,2.9940248,0.16435133,0.054082617,0.42231947,0.44255307,0.7634603,0.2681635,0.5983337,2.734171,0.001152659,0.11179937,0.4872973,0.49058384,0.44100368,0.9372071,0.9667714,1.476941,0.5457887,0.13132404,0.6396817,0.013086212,0.010849712,1.1551372,0.4070754,0.2159077,0.9330633,0.5414371,0.38233033,0.13022536,0.6056985,0.50578123,0.017103791,0.73210436,0.9921932,0.15413725,2.073849,3.0129461,0.2855316,0.8128788,0.28806767,1.8634453,0.9936805,0.17001866,0.21065849,1.4260039,4.0291204,1.783743,0.2124417,0.82598066,1.6532885,0.3672515,0.41806918,2.2146633,0.084586985,0.22868769,0.119790934,1.0155339,0.34310305,0.10384437,1.8211172,0.6255021,0.08766991,0.11907091,1.5417823,0.9201416,0.15417181,0.6821602,0.7671161,0.0996439,1.1480163,0.034722522,1.4164937,1.4447248,0.07449958,0.14105335,0.43568018,2.9134715,1.1848552,4.297412,3.484005,2.0973525,0.024759151,0.30148366,0.45886484,0.7324312,0.6969852,0.04284524,1.3430742,0.07781175,2.195994,1.1790227,2.7656493,0.23500064,0.45206225,1.1290079,0.42668024,0.2783374,0.49611637,0.4319454,0.9957657,0.0034000983,0.0,1.6422136,0.08739972,1.092783,1.4745072,1.3741198,0.062101968,0.057096608,1.1521958,0.73040396,1.2409759,3.0842001,0.66064966,0.374949,0.51524997,0.61465627,0.6015599,1.2197467,0.034640916,0.0,1.6016855,0.22672375,0.0,0.12727997,0.3208163,0.68110514,0.76053923,0.016337581,0.43129262,0.8823904,0.84079665,0.80142826,0.16836032,0.07066749,0.3918972,2.5783427,3.1722736,1.1312513,0.19887698,0.0,0.9742377,2.3587554,0.3085364,0.7863397,0.1444069,0.6594798,4.103221,0.10414789,0.20754153,0.0,0.088889256,1.0956848,0.14133681,0.20658667,0.24327014,0.3279562,2.9952488,0.4842621,0.6357718,1.079301,0.07902594,1.6499001,1.1531875,0.15126966,1.1096988,0.22075516,0.34681562,all_pothole_images\pothole_images_enhanced_10c825cfbcbff0475c4f6c5492a3ed9b.jpg
0.48138613,0.15029147,0.11761187,1.5876144,0.63995403,0.56326884,1.5710613,0.46346116,0.0049832957,1.056485,1.1237429,0.5990634,0.111410804,1.3445649,0.0,0.010838025,0.615073,1.3968552,3.593251,0.038286805,2.2584207,0.716728,0.13122049,0.83609974,1.1853665,1.296233,0.79862493,2.593673,0.016392455,0.124945745,0.22069965,0.81952894,0.036021248,0.97569555,0.138138,2.4136279,0.1818774,0.39305317,1.3176129,0.24316725,0.36372718,0.15047035,0.20069219,1.5099365,0.19473921,0.4102965,0.5256396,0.0005828746,0.1066489,1.8907433,0.2570731,0.24453445,0.96312165,0.010939909,0.47187787,1.0540837,0.705568,0.34180298,0.05535161,0.010228119,1.9002953,0.04604846,0.93212837,0.23630138,1.5521318,1.5313991,1.2131476,0.12878266,0.7303844,0.110810295,0.61768514,0.30584812,0.049451746,0.13858639,0.437925,0.016506964,0.16847415,0.632621,0.68521434,0.07549621,0.0118045015,0.21437718,0.895275,1.134802,0.17339562,0.14680594,0.16899413,0.45886454,0.5736293,0.07279737,1.2286962,0.2029507,0.067106925,0.050805114,0.023701604,0.06308508,0.14985053,1.093208,0.1305851,0.6552778,0.7140925,1.3681917,0.28877047,0.030458033,0.41355824,0.5162694,0.006977679,0.5745672,0.29451346,0.036170285,0.0045207497,0.46617624,0.26713687,0.35547823,0.3478445,0.37527606,0.24276823,0.1208387,1.2185953,0.7919617,1.1439712,0.009380255,0.62998116,0.17298464,0.06471444,0.6496238,1.5083638,2.0637298,0.3966643,0.31250045,0.001992201,0.0004777565,0.3494031,0.34434158,0.39407182,0.6668959,1.0218399,0.3181723,0.3855138,0.035561837,1.2995588,0.029316794,1.3741641,0.21755266,0.035200257,1.0065905,0.0,0.0058518928,0.015891472,0.43431973,0.028009847,2.1295745,0.010931718,0.0006855684,1.33768,1.6487322,0.53873974,0.0093027335,0.6488558,1.0458543,0.37520653,0.7177104,0.18956095,1.3045094,0.24673742,0.04472727,1.6925781,0.1521688,0.05563182,2.4937787,0.29452798,0.13882983,0.25092974,0.030472847,0.0,0.20941737,0.0077109896,0.010510108,1.9449891,1.0676268,0.055049244,0.38397217,1.9275713,1.478888,2.8458529,0.8551042,0.50703204,1.0701828,1.634301,0.4951404,0.02777354,0.29089087,0.6578463,0.22725965,0.3956117,1.0635312,1.5569423,0.26171717,1.1983879,0.24084127,0.54314333,0.12611906,0.74709785,0.043278046,0.18672545,0.005302928,0.7376516,0.005320273,0.7200575,1.3804669,0.19011307,0.9207443,1.0048208,1.1031686,2.156849,1.2236896,0.17448078,0.4955869,1.5361284,0.33985066,0.30437452,1.1822547,0.16313396,0.18791498,0.0,0.0,0.2862176,0.7335747,1.3612076,1.0206981,0.0,0.014480048,2.3525653,0.37663683,0.37530482,0.42999375,1.9524361,0.0015828515,0.00497372,0.39257035,0.006751155,0.15914884,0.08117,0.013309697,0.24597557,0.017576868,1.0429018,0.076522134,1.0373161,6.5997434,0.1871934,1.2821107,0.019894267,2.0834715,0.055008993,2.5692143,0.5457922,1.3500389,0.0,3.3342297,0.17854877,0.43662032,0.13660245,0.24452688,0.011158533,0.16785154,0.72438747,0.011059399,1.4900434,0.14038144,0.38042012,0.3980056,1.8984487,0.20629574,0.50682384,0.28896835,0.118942626,0.12345137,0.17468293,0.88522553,2.4977045,0.6987601,0.19788302,0.08908705,0.020529158,0.6160982,1.4959055,0.18581182,1.593439,0.009062632,0.009847757,0.05827225,0.008821016,1.0937827,1.3591038,1.1358042,0.33783737,0.618772,0.30255675,3.0535727,1.257727,0.4102485,0.23804598,0.0,5.275149,0.053113826,1.2927247,0.17351882,0.33954945,1.0068171,1.0224471,0.2560565,1.000754,0.574408,0.8122323,0.19989067,0.18750185,1.8328904,3.1240969,0.3802413,0.63179636,0.0,0.58811516,0.8723966,0.14667208,1.3388048,0.144579,0.019339258,1.2890885,0.057733618,1.4282522,0.6439712,1.567365,0.0,0.04623664,0.25070715,1.2572104,0.54742825,0.6947404,0.8525349,0.17780341,0.01093301,0.93305296,1.6200346,0.06789012,0.7014369,0.040198326,1.1084875,1.0808121,0.3309988,0.44915763,0.65542275,0.00019753951,0.16407192,0.025501013,0.079210676,0.014481408,2.120344,1.1936218,2.1343753,0.1325121,0.62565005,2.414833,0.4999998,0.0,0.03936572,0.53154176,0.26941383,0.010354829,0.55402166,0.52797633,0.7775778,1.121902,0.0,0.20146227,0.119512275,0.43069637,0.032687012,1.6921589,0.007865421,1.4611056,0.026664712,0.11873675,0.15306738,1.4475754,0.52171516,1.4645056,0.09481743,0.26168233,0.86524326,0.6633073,0.1401763,0.36220494,0.49428076,0.67870903,0.05789017,0.81551975,0.06757591,0.38204306,0.12736522,0.7598966,2.5064108,0.19200176,0.069740295,0.2131206,0.20922859,0.26299694,0.68179864,0.22864047,0.043785013,0.4955988,0.26556057,0.17796792,0.32800138,0.01728397,0.80409706,0.15711796,0.43819973,0.24730676,0.07393274,1.3863816,0.87633044,0.12528266,0.5589098,2.4878128,0.81813353,0.5487744,1.4022094,0.009153948,0.099813536,0.04877219,0.0,1.2119453,0.77698034,1.3245379,0.40254295,0.0,0.22614218,0.48634368,0.057886858,1.1032869,0.031038294,0.041346833,0.05563329,0.6978841,0.03414422,0.20879218,0.4532546,0.14385507,1.9752365,2.6150334,0.69027513,1.2618575,0.00827922,0.2659671,1.3450472,0.027526548,0.055319134,0.17078185,0.4051269,4.311717,0.08074535,3.2018595,0.111960046,0.7218616,0.0023511206,0.3949087,0.0,1.2352183,1.0156953,0.14535259,1.2544583,0.0,0.013537488,1.615442,0.0,1.8172389,2.3548958,1.4320868,0.0,0.18962806,1.4752574,0.12666775,0.17079563,0.36657676,0.00031300358,0.09572866,0.0,0.36192998,0.008924255,0.68237126,0.31440347,0.5322108,0.18101047,0.0,0.52075297,0.14137615,0.9887538,1.8029394,0.88008064,0.97983253,3.0715692,0.040913872,1.6162086,0.7495229,0.6205716,0.7224805,0.4681399,0.10007345,0.51948065,0.007500235,0.0020367254,all_pothole_images\pothole_images_enhanced_10cf335e77d0128b18b180231d35e630.jpg
0.98318136,0.27527323,0.31476298,0.87791955,2.1748252,1.3955027,0.046044253,0.22375706,0.056085084,1.7123098,0.5093157,1.2838986,0.5249349,0.85022277,0.494174,0.081265554,0.73188794,0.06097513,1.0265787,2.4596033,1.2563123,0.8192637,1.7134069,2.199354,0.4717868,0.93701255,0.7442241,1.1059463,0.3113566,0.31214297,0.67798823,0.4826907,2.2731252,1.3101925,0.3516911,0.40761238,1.1263313,0.77924955,0.051138483,1.3086625,0.0760203,1.624176,0.67085856,0.084548265,0.83346903,0.87569,0.6086502,1.3623005,0.014845695,0.5135495,1.7289914,0.4105529,0.90520406,1.690828,1.5427806,0.07897227,0.899133,0.11001568,1.4099635,0.45995852,0.8461203,0.8196213,2.5948246,0.3153303,0.09686757,1.3015405,0.45776546,0.47357342,1.428047,0.09425644,1.2707688,0.3541719,0.71344405,2.207998,0.48522824,3.0443506,0.2189613,0.5592105,0.037745714,0.05021918,0.34679285,0.72915304,0.0,0.49594045,0.23009175,1.954426,1.4882244,0.58412886,1.5792497,0.48399416,0.57307947,0.7827472,2.1496422,0.035240736,0.7328115,0.6422017,0.56348443,1.2252568,0.39062244,1.5516495,0.0093111275,3.4309886,1.7206085,0.17589372,0.29513118,0.318573,0.16192153,1.2291521,0.27789974,0.12706138,0.76840144,2.2793956,2.030896,0.3816817,1.0662701,0.06526796,1.8951182,0.033347353,0.30338183,1.4549515,1.7338203,0.60102093,1.0736219,5.2543297,0.85805255,0.20741609,0.77388114,1.2364584,0.8802602,1.598191,1.7251462,0.25305808,0.039709814,1.8964226,0.62455153,2.2971597,0.014811139,1.4254826,0.07871264,1.1277115,2.0493877,0.21491776,0.009943566,0.547907,1.493986,1.4953218,0.7570038,2.2351434,0.0103252465,0.23011716,3.2281332,1.0536007,0.34826905,0.30377877,0.36096692,0.099058226,0.90703,0.10911514,0.52308446,0.6237239,1.8398715,0.4321453,0.014194439,2.955186,0.36583853,1.2263204,1.0754799,1.0281458,0.75680417,0.15034701,2.3843071,0.09267092,0.5112136,0.13345134,1.1267859,0.8576364,0.6338028,0.44786888,0.5308553,0.40641582,0.6604882,0.17959525,1.063523,2.1354017,1.559957,0.0014688175,0.6041301,0.34078258,1.7030296,0.25261512,1.386638,0.50903726,0.057496645,1.4057899,0.42876536,0.3132666,0.15455142,0.10175309,1.4342475,1.0286903,0.5680886,1.770992,0.5321363,1.0858608,0.6856995,0.8455537,0.015174891,0.6967407,0.5972901,0.28444022,0.5044384,0.48962215,0.4024395,1.1010768,1.1808782,0.25198385,1.5433112,0.059041582,3.9042988,0.66018397,0.18713783,0.43004793,0.7272139,0.48928925,0.09826401,0.7950746,1.3154876,0.35800532,1.2595593,0.5008276,0.14134245,1.1714665,1.0916891,0.8557154,0.5026174,0.0,0.012800811,1.4346709,1.2664748,0.20058313,0.6450239,0.16351007,0.12188566,0.62674314,0.0031497036,0.42220622,0.49054146,1.8409278,0.9424516,1.3655028,1.9849551,0.3589909,0.9073937,0.9563971,1.217163,2.4824982,0.0045591258,0.14486636,1.0028772,2.658801,1.9458008,0.20795721,1.5146475,0.39539304,0.11617774,0.36099565,0.16511276,0.72968346,0.9588555,0.41880327,0.019272698,0.87434477,0.27548492,0.95679504,0.17083691,0.35012358,1.5295583,0.78711015,1.4945674,0.69355744,0.705281,0.8408214,0.50837314,0.6364261,2.9884472,0.005371156,1.4305768,0.57698196,0.1632433,0.050211545,2.131322,1.880437,0.451731,0.9040231,0.15988967,1.4662626,0.6420432,0.098564215,0.44267878,0.5713183,0.32436872,0.030240905,1.2425756,0.2472245,0.41488805,1.4144608,0.06667876,0.16568094,0.8486758,1.7813932,1.8511802,0.6989798,0.84510505,1.2368667,0.0894324,0.28943348,1.244634,1.561646,0.10674618,0.60776126,1.6303817,0.6903891,0.13973019,0.44022706,2.7712152,0.47899514,1.0337641,1.0313008,1.4241314,0.15893704,0.09834468,1.0583013,0.41649634,0.025231818,0.21534984,3.4188344,0.043138582,2.7085109,0.20493689,1.0383834,1.1046891,0.609097,0.050699282,0.0029696862,1.6610956,0.8852605,1.216107,0.0,0.09744334,0.47268808,0.47525537,2.503105,1.049962,1.2308177,1.2972832,1.0920365,0.550228,1.2452527,0.41949046,0.6998199,0.66772443,0.537768,1.0157819,1.3531216,0.12713529,0.35257316,0.19585364,1.6382209,0.3767862,0.82493234,0.5839831,0.30472448,0.78837824,0.5997431,2.0569723,0.6722011,0.902453,0.59943783,0.57726234,1.2992122,0.11700978,0.52405334,1.1551241,0.3081312,2.0519974,1.599264,2.6647038,0.30656984,0.6552129,1.3748926,0.5456283,0.022783399,0.9044988,1.1417905,0.163956,0.03740911,0.51295596,0.39330435,0.65276176,0.08436454,0.25510353,1.6616417,0.12041188,1.8344163,0.2844697,0.16530235,1.2838051,0.4222757,0.8535161,0.082275905,1.9508597,0.3917079,0.14914477,0.20459291,0.1233208,0.23040693,0.8664351,1.029588,0.3970407,1.6266874,0.91738415,1.771564,5.000569,0.6317359,2.4104633,0.16027103,3.56584,2.1572182,1.428263,1.1111742,0.34213805,0.53550714,0.38053972,1.0765877,0.38135073,1.8865792,1.2676957,0.84286934,1.6032809,0.22916426,0.33831742,1.0192769,0.33624196,0.3350673,0.07388063,1.0066502,3.6503818,1.416865,1.2422805,3.669564,0.26903474,0.60409933,0.18900993,0.91833955,0.23639421,0.13814849,1.2707766,1.1564956,1.0689285,0.0613942,0.965418,0.7172183,1.5192647,0.7009661,0.30322978,1.62726,0.14725377,0.11265971,1.2849396,1.390852,0.65469015,0.0753052,2.0599914,0.91923803,1.048644,0.5847089,0.20571871,0.42413026,0.37832147,1.0550814,1.4482646,0.1928294,0.8339732,0.24652366,0.86605686,0.47085103,2.0308425,0.38896,0.42187515,0.9392868,0.017793473,1.4797288,0.18057385,0.6332313,0.35987514,0.0038169255,1.3707502,0.21317783,0.5504099,0.40843683,1.416707,3.1699376,0.25024822,1.9169267,2.478865,0.0020048805,0.060050536,1.4117458,0.066812016,1.382359,0.56650305,1.1433265,all_pothole_images\pothole_images_enhanced_114674fdc89548d661bacdca54c149c8.jpg
0.41520837,0.8643799,0.11582459,3.158283,0.8253291,0.22681217,1.6988528,0.80018985,0.15547128,0.91386956,1.0415479,0.6212379,0.6239085,2.4892488,0.13074584,0.08570268,0.04824407,1.3248253,1.2216297,0.14106087,0.62456286,0.08688321,0.50403935,1.1182263,0.5454947,1.2904733,0.70927024,1.7327002,0.17814592,0.23808253,0.24814959,0.045755357,1.0584265,0.6718114,0.28560257,2.5618403,0.20236473,0.4289072,0.6572417,0.005382219,0.0,0.66060305,0.29827112,0.9682983,0.21851559,0.4117605,0.33715633,0.10773768,1.510867,0.88556886,0.18298537,0.6493092,0.44661236,0.07402382,0.37673914,1.9287776,2.431187,0.007295597,2.098719,0.029888287,0.37799078,0.32069913,0.43792892,0.3503085,1.6893122,1.4226835,0.653172,0.7927369,0.14654373,1.1848596,0.2368739,0.21517913,0.17097165,0.45089924,0.22923768,0.016188469,0.2632613,0.19442269,0.020623606,0.58005977,0.21656974,0.15962987,1.4258404,0.8428303,0.26513848,0.16429436,0.41094252,0.1692711,1.2414443,0.3832901,1.3452911,1.1297195,0.5162698,0.1054531,0.051237337,0.27856973,0.6901375,1.4602185,0.53436,0.6767462,0.06346027,4.474496,0.7059157,0.6367367,1.8991417,0.6254115,0.16575746,0.5838188,0.37712112,0.3464788,0.22518323,0.011805657,0.57297003,0.8443504,1.6217989,0.684825,0.4595953,0.74832284,1.451469,0.5418427,1.2366736,0.59957325,0.21046346,0.61816376,0.3111607,0.76984566,0.3015445,1.3696426,0.7242979,0.5752457,0.17863663,0.01232477,0.3180469,0.21395239,0.62101054,0.37682387,0.18771422,0.26197284,0.53610617,0.058564242,0.8763327,0.20713146,1.2515694,0.77456826,0.23085749,1.1842966,0.43879208,0.22131261,0.67250526,0.14668891,0.61126256,0.5218616,0.0044555925,0.15250634,1.5864155,0.7637021,1.5361516,0.54214704,0.79180956,1.0393608,3.0043702,1.0295507,0.24234597,1.7787395,0.817113,0.016116656,0.47017455,0.49012834,0.54800206,1.1160127,0.6785431,0.7165171,0.22944753,1.1760633,0.009801581,0.92038995,0.3577372,0.07252997,0.40691337,0.437011,0.023278197,3.1451783,0.3541308,0.35906395,1.3821244,0.2533702,1.384404,0.402409,0.65633035,1.1735673,0.0887634,0.74134654,0.8677007,1.1758806,0.33434248,0.5018311,0.9870983,0.959129,0.46569425,0.7658606,0.06990856,1.424631,0.10267871,0.04850952,0.018367115,0.30157512,0.40227345,0.8048905,0.9037585,0.7250097,0.061547834,0.05082612,0.7637016,0.16354272,2.1561787,1.8236177,1.0828068,0.28067473,0.23096246,0.40978006,1.0163931,0.09834956,0.808719,0.49198943,0.00043278537,0.62660486,0.83392596,0.090049356,0.8550284,0.32900885,0.07747975,0.08975291,0.8146875,0.15106444,0.15322672,0.056349017,1.4600537,0.3618272,0.10486178,0.16748175,0.27426556,0.0,0.14400275,0.13896726,0.3295414,0.029612048,0.6173487,0.51495755,2.2232285,5.074361,1.3744019,0.05289641,0.08061272,0.4181301,0.13266465,1.973576,0.71048427,0.5219943,0.7054289,3.0201197,0.37787452,0.030807164,0.043642066,0.7259257,0.028066663,0.3973644,1.6916895,0.6447089,1.5460842,0.14347343,0.3416921,0.23628865,0.7284513,0.6494498,0.97232056,0.5727975,0.59324116,0.025752747,0.91301507,0.8119648,1.6458406,0.61375725,0.71617836,0.4544969,0.19789633,0.71900165,1.0859089,0.1345621,1.8714275,1.0648276,0.050373275,0.09460739,0.19569394,0.85199493,0.1906821,0.6888972,0.6819845,0.17580546,0.00086163037,2.2354045,1.0024709,0.35585216,0.41396838,0.004800986,3.70871,0.89992523,0.14814761,0.14649302,0.342405,1.0315216,0.6940381,2.3442535,0.9434942,1.5116017,1.4459567,0.18854977,0.49443442,1.6681231,4.088651,0.068207815,0.7537916,0.12648436,0.18817261,0.32295376,0.253389,1.492327,0.28370106,0.17271717,0.2864864,0.000560814,0.25181198,0.16410874,0.77789176,0.032925796,0.0,0.40534,1.2444022,0.052534636,0.9820588,0.47064176,0.76498497,0.29697233,0.70958817,1.186975,0.0806351,0.47643512,0.5916206,0.12830444,0.13429904,0.5276022,0.67821234,0.13884567,0.5790881,0.60916036,0.44666705,0.11921833,0.21029416,1.8341316,1.4479879,0.7097425,1.5425426,0.9486037,0.6926861,0.55042475,0.0012692042,0.0,0.56919825,0.06912589,1.0695679,0.42338195,0.3533229,1.2945763,0.40779346,0.3126865,0.6878388,2.2710655,0.050374914,0.010582272,0.17819573,1.1103141,1.4879274,0.10468814,0.49479613,0.03073395,1.3540387,1.1618724,1.8226008,0.042187378,0.2962899,0.28774792,0.9405512,0.6678926,0.3894735,1.6608427,0.066242486,0.22933671,0.92486596,0.4818119,0.5385484,0.99421185,0.073644176,1.2893864,1.0707471,0.17155483,0.81836504,0.033588495,0.48072883,0.2625808,0.11994704,0.8552447,0.5158201,0.10924655,0.030493543,0.0,0.23765074,0.47479752,0.89509946,1.1050092,1.0905657,0.004285364,1.5924226,0.95944315,0.49017617,2.3457813,3.6228511,0.61035293,3.3301737,0.19866186,1.0681093,0.60706717,0.12604518,0.76709795,0.9403687,0.34915826,1.3633713,0.33295417,0.09621647,0.8327487,0.36058518,0.24299504,0.8376859,1.5805857,0.07331878,0.13771613,0.74865735,0.08171067,1.0058839,0.18573368,1.3459408,1.8675568,1.3954946,0.30367735,0.58904666,0.2122763,0.46885774,1.0413716,0.16895081,0.1774516,0.47154188,1.3439468,3.8800292,0.60814625,1.266456,0.4035268,0.8896548,0.39621416,0.0,0.045854233,0.51519746,0.7965217,0.55547446,0.8833102,0.07055402,1.2929624,1.257111,0.3224193,0.73708653,0.8563167,0.009017571,0.042738777,0.46119073,0.5445948,1.1353378,0.65674216,0.34985456,0.013430135,0.49902496,0.02210344,2.6391687,0.19331807,0.8451369,0.657407,0.9876113,0.5628588,0.11290655,0.080525376,0.17263705,0.23531221,0.8089391,1.7731653,0.5144,2.9202914,0.084456705,0.38072574,0.62954354,0.4506185,0.9209221,0.4922834,0.22962151,0.28309655,0.490991,0.7172268,all_pothole_images\pothole_images_enhanced_114ca13889dcd890a0e817cd247809b8.jpg
0.13614434,1.6896647,0.4759259,1.5816734,2.2102273,0.93507296,1.22818,0.23276317,0.102718785,1.4728527,0.059315573,0.7142026,0.08787015,0.70277387,0.0008306349,0.12362226,0.30937976,0.37917328,0.96619195,0.18336564,0.53505653,3.6846762,0.15104589,0.8868213,0.86201525,1.3783906,1.0766416,3.7503815,0.3083674,0.14108671,0.31552067,0.041638914,1.7424728,0.035515532,1.2775304,1.7031524,0.772652,2.038263,0.095644325,1.1535866,0.0107222535,0.08576819,0.08161583,0.9344282,0.3841041,0.0127252275,0.6023585,0.04601616,0.49613395,0.16985144,0.33435374,0.3895124,0.049014904,0.3995677,0.010098249,1.7318696,1.7185538,0.1444567,0.16779524,0.1772419,0.4647515,1.0835617,1.0048326,0.013245183,0.6929615,3.1490514,0.9843812,0.29658675,0.54938763,0.8211968,0.25791803,0.056129415,0.25854486,0.6105347,0.45054603,1.0781641,0.13613278,0.51837194,0.13859849,0.41035736,0.539528,0.12604205,0.14415391,2.9909437,1.0582255,0.2344224,0.9941951,0.019696875,3.3987257,0.4688084,0.4137139,0.44649866,0.02894775,0.1916702,0.38564032,0.08317957,0.030493883,0.5782727,1.4974302,0.31978613,0.040214304,4.6318097,0.66185516,0.21410981,0.014602817,0.14028227,0.21795683,0.06942858,0.0640408,0.29245222,0.15452597,1.7153145,0.39255688,0.029915303,0.94654876,0.9237697,2.298062,0.11094891,0.9036172,0.95364845,1.5615499,0.2602193,0.73257977,1.0418357,0.3281137,2.1468234,0.09632292,2.875394,1.3771994,0.7331574,0.9730103,0.0026825794,0.10400817,0.24836892,0.48455957,0.90677327,0.021251727,1.5768588,0.7468963,0.4588607,0.812346,0.356888,0.05180234,0.700409,0.2966022,0.89486504,0.38069013,0.13055193,0.047569733,0.6230324,0.8204853,0.2115242,0.0006509767,0.021514745,0.9057625,0.7830776,1.4570613,0.07085495,0.8292667,0.37050432,0.8034669,1.3598197,0.251214,1.9594103,0.2773421,0.061102297,2.3390176,0.92050403,1.5617809,0.63889647,0.09140754,0.057165407,0.058065604,2.4571826,0.509702,0.096453905,0.3279363,0.5540297,0.14069597,0.094052896,0.36528614,1.889177,1.6621866,0.63661283,1.7691677,0.34615293,0.115630135,0.1683269,0.008976501,0.48973387,0.43877715,0.8337952,0.0011314056,1.2227445,0.108906,0.04266078,0.31946912,0.60239637,0.25415164,1.0647483,0.26494175,0.44901788,0.16437168,1.2770998,1.396133,0.70540756,0.21310501,0.3132471,0.7633558,0.36909083,0.29736423,0.115152106,1.5244126,1.1641749,1.4022498,0.64853805,0.62529784,0.20462374,1.1986805,0.35067493,1.0367032,0.16011532,0.05904689,0.28709632,0.22519825,0.3024918,0.39225432,0.7101797,1.370538,0.08429435,0.037608393,0.24462466,0.6211201,0.2291722,0.9750969,0.12374371,1.2268953,0.097738154,0.019974256,0.21225439,0.17538652,0.0,0.5394107,0.07211895,0.38606113,0.0,0.4240472,0.26323408,0.92630166,4.716954,2.2086303,0.5091902,0.37210116,1.4424715,0.025524694,0.13577534,0.78677195,0.0,0.49542847,3.4064517,0.51214343,0.9342662,0.43979532,0.3058104,0.0,0.3368849,1.9263105,0.017759489,1.317626,0.2824903,0.691658,0.23946482,0.031973433,0.047684405,0.4041232,0.6203631,0.08786974,0.24721137,0.50340706,0.7724881,1.96255,0.076653495,0.35916317,0.82717973,1.7354727,1.4656893,1.4898169,0.18396313,2.439041,0.5048703,0.10431121,0.767026,0.08576828,1.4937565,0.43714067,0.011191969,0.44386965,0.50769866,0.10129072,1.8782125,0.0138980765,0.49210492,0.14192212,0.59482443,4.1679125,0.16117185,0.104539,0.014451134,0.99922687,0.5187529,1.6267422,0.2835406,4.4888678,0.7651589,0.98748183,0.30103976,0.28954324,1.0888726,2.0559664,0.0006381407,0.089246824,0.00809582,0.06106991,0.5944441,1.4571118,2.286825,0.36481342,0.06135745,0.91701657,0.20868805,2.6061049,0.6127845,0.0,0.09983917,0.0,0.88255936,0.78125083,0.020919267,0.47368228,0.54126257,0.12397874,0.597136,1.5914533,0.060144216,0.3547965,0.07257162,0.5801623,0.104684904,0.06117398,0.6852865,1.0816686,0.58763355,0.032090567,1.0836854,0.038034715,0.04560948,0.3994159,1.5590632,1.7843547,1.4132955,0.14816652,0.039882746,0.19322628,0.48849073,0.029445246,0.12804678,0.7560713,0.5400014,0.212051,0.25504008,1.4608216,0.0,0.57975,0.29170114,0.7541133,0.14961067,0.0,0.06954194,0.16171226,0.30480978,0.28188288,0.0,2.850885,0.33254603,3.5587406,1.3714352,1.5182745,0.011234911,0.29329827,2.5834072,1.6301932,0.32010087,0.07930443,0.6305659,0.14852715,0.011180478,1.0006018,0.10802518,0.21149318,0.178691,2.290624,0.20363264,0.19553442,0.343123,0.5260994,0.0,0.21548052,0.21876878,0.2716828,0.11366453,0.70475984,0.1700763,0.022968836,0.44048172,0.05424343,0.09857756,0.24105807,0.8293401,0.64015234,0.065916665,3.6669,0.63147175,2.1161644,1.6713684,2.4331658,1.6537908,0.61357635,1.3432287,0.5565619,1.2183657,1.0450556,0.009665426,0.4608058,0.26610985,1.1117462,2.7573183,0.59635055,0.52924246,0.71857405,0.08022115,0.40145367,0.009324486,0.3912223,0.41019097,0.44872832,0.2178906,2.4168572,0.74950975,0.20293942,1.570543,0.51778007,0.2578037,1.6095225,0.579949,1.1491224,1.5901065,0.8119849,0.35960636,0.094417855,0.41495156,0.9999565,0.26088062,0.03722819,0.44341844,0.64784586,0.57931936,0.33073428,0.6597315,1.9142971,0.39508718,0.5624576,1.2054148,0.06734128,1.6909164,1.6007824,0.0054778783,0.21506813,0.94208205,1.2515526,0.029599058,0.68226904,2.4374816,0.644327,0.18602978,0.0,0.13537674,0.986498,0.0023070115,0.30973414,0.053042848,0.8720895,1.7556891,0.058151048,0.0048148343,0.0,0.4948766,0.06429683,0.6783012,0.13691962,0.043656126,1.0575606,5.055563,0.048564702,0.40217388,0.86454695,0.31828955,0.29249248,0.30643028,0.37089202,0.21431054,0.31886348,0.0796156,all_pothole_images\pothole_images_enhanced_118b6350fbb45c4262180ff3a60586c1.jpg
0.23001857,2.7365854,1.3136904,0.42177975,0.80257326,0.7881864,0.6653409,0.5152167,0.5216248,1.0432179,0.9212442,1.2210033,0.21539587,0.8381231,0.24106312,1.2820902,0.7617678,0.24315926,1.233921,0.28446448,0.18970722,1.8541517,0.7421388,3.5037255,0.20804924,1.74094,0.065267384,1.3755999,0.4854962,0.49048302,1.068869,0.07920233,2.108688,0.3440338,0.72643065,1.5727978,1.7021105,0.5263073,1.6167887,0.21984889,0.40805247,0.34477168,0.0026480022,0.6458169,0.7605555,0.12896518,1.5296056,0.062796876,1.1362659,1.640583,1.5344698,0.8128217,1.4066,0.09996361,0.94220024,1.7930553,1.5013897,0.68797815,0.24083912,1.2316244,0.06421907,0.62231004,1.6268264,1.0928632,0.49854106,0.50116915,1.5171992,0.031186262,0.06892315,2.0780802,0.90585685,1.4823885,0.09072897,0.07483009,0.61902404,1.8339014,0.388456,0.9918424,0.0,0.9483015,0.26291624,1.7004777,0.0,2.8381753,0.20725682,2.3430703,1.2988334,0.8890773,1.4443752,0.8423325,0.34874356,2.09273,0.7116908,0.72881633,0.28166637,0.63861495,0.11199459,1.3772128,1.831343,0.71163225,1.4729316,0.76176375,1.2480104,2.8234918,1.4678646,0.72366947,0.5103883,0.20082137,1.0647904,1.042815,0.8888344,1.7974652,1.0235437,0.5785668,0.21654682,1.0987628,2.929238,1.6884533,0.21103148,0.92098933,2.4591656,0.3099882,0.28265056,0.11175771,0.084103465,0.36048692,0.8457347,1.3122499,0.17722277,0.10343197,2.7089818,0.55772144,0.061761525,0.31260896,0.69706243,0.5151016,0.6648627,0.94963944,1.1889014,0.6253209,1.0883546,0.29950666,0.3712799,0.7176111,0.53366774,0.32069588,1.9136508,0.38428655,0.048842054,0.91996014,0.37475678,0.376342,0.18634306,1.0811585,0.6986567,0.9434337,3.4080567,0.6699937,0.1550595,1.9872198,0.80787003,0.027026867,0.0,2.6378593,0.44374993,1.154218,2.0999563,0.9500397,0.081289746,0.33496943,0.093519226,0.016226744,0.9562935,1.8682076,0.7635056,0.2150839,1.4037341,0.4093989,0.6238088,1.3082169,0.83640736,0.1628611,2.4843314,2.7731876,1.5201352,1.3518621,0.5069483,1.4734565,0.5719027,1.5742922,0.21005331,0.5759147,2.616107,1.5768205,0.66312003,0.4213846,0.39669302,0.96724343,0.2853534,0.728554,0.04724368,1.5457499,0.0025477256,0.0,1.8836888,2.226127,1.1839947,0.32228094,0.7609393,0.5921212,0.675988,0.029023476,2.5544708,1.8548381,0.79948205,0.05119249,0.2648771,1.3246258,0.90942794,0.015812492,1.3460555,1.3943132,0.64752287,1.2325191,0.349344,0.3378817,0.41408375,0.13731857,1.0556455,0.50813574,0.6249017,1.3119384,0.7947726,1.5563179,1.3831792,1.3531897,0.95629615,0.35420507,0.18395273,0.48964736,0.01123051,0.32056364,0.4480236,0.14180282,0.5673839,0.26317865,0.793495,0.13493274,0.9277197,0.99503386,2.4512165,1.5047015,0.07807409,2.0094867,1.3408408,0.1927058,0.7689097,0.9298595,0.5530514,0.32138392,1.9325502,0.076440886,1.07978,0.56046534,0.20312259,0.31173977,0.050188467,0.50887257,1.713463,0.22982967,1.0350692,0.39447963,0.6429887,0.2896785,0.53161824,0.9033333,0.2277099,0.823758,0.28973773,0.34496433,2.3829415,0.47952378,1.5000666,2.7535982,1.221773,0.7233043,1.001149,1.650381,1.3142579,0.08913021,1.0566655,0.5262569,0.022959951,4.482898,2.3040059,0.46839082,2.3465405,1.2402176,1.0709646,0.082103014,0.5986552,0.13226481,0.30994046,1.5707883,1.9283056,0.016262412,0.7415699,0.11083311,0.9031207,0.6376111,0.5753589,0.61684424,4.9402566,1.7905357,1.7328709,1.9138501,0.12268837,0.41879633,0.28650478,0.55695873,1.1529937,1.2663873,0.3928462,0.6708648,0.013570591,0.052763876,0.97041863,0.54160476,0.58198553,0.4198006,2.1910932,1.8117943,0.05332385,0.65506834,1.0908202,0.13223933,0.0,1.0397263,1.0093615,0.0610302,1.3612574,3.560237,0.7442793,0.40493053,0.036301777,0.22101302,1.3555561,0.2692739,0.13503245,0.16072808,0.08287869,0.5103374,0.20267543,0.9235491,1.5884712,0.05333553,1.0386528,0.81779516,1.6712548,0.20272191,0.07344029,0.29856122,0.97406983,0.68232787,0.39369425,0.96150976,0.23501468,1.3485051,0.7294149,2.3685648,0.836687,0.5835604,1.1216569,0.87883973,1.8786331,1.697761,0.78461623,0.1384493,0.97455704,0.20813456,0.77801824,0.7827899,0.07632735,1.3210988,1.7272128,0.56860626,4.322946,4.235872,0.5392792,1.9351407,1.7955554,0.48588017,1.1077926,0.70415807,0.92393863,5.9893274,0.272707,1.9012457,1.8432034,0.96342194,1.1579398,0.8575178,0.22672555,0.06217977,0.38858253,0.59382766,0.5888577,1.393862,0.48101264,1.153557,0.14999488,0.013389227,1.7261691,2.5159202,1.0302807,0.18157507,0.4326629,1.9436616,0.09138006,0.9691526,1.0730008,1.4617826,2.6832106,2.1462831,1.019429,1.9969376,0.6098682,0.5510841,0.6990709,1.9059201,1.9051532,0.75440305,0.15319926,3.2667818,0.36980808,3.1963563,3.8062463,2.498979,1.3770204,1.0988191,0.33046013,0.7450436,1.1308926,0.4118087,0.21892741,1.6352673,1.0066708,0.47456503,0.38247645,1.2784379,1.0966868,2.220977,2.763302,1.6701087,0.9601789,1.9234538,0.41692218,0.41349995,0.18893988,0.75683564,1.1611557,0.0105250515,1.0975456,1.463935,0.99184525,0.6483696,0.0,0.6391254,0.63208854,1.5332487,0.55170625,1.8517767,2.4908848,1.2407166,0.8660213,0.2172619,0.47133222,0.10999152,3.8245325,0.6037532,0.5538371,1.0094293,0.4512912,0.85500014,1.1128331,1.0394106,1.9385376,0.38811398,0.64860916,0.41418996,0.10785942,0.18431792,1.438815,0.09394367,0.47624278,1.0938553,0.23864555,3.3981373,1.0030146,0.23570609,1.3524541,2.0621164,0.007187907,0.7332578,0.37050247,1.3941271,0.34921545,1.4333216,2.3371382,0.19944295,0.9092657,0.6067483,all_pothole_images\pothole_images_enhanced_119c4d38bc2f15c24745ecc6fa64515c.jpg
0.55578774,2.2266152,0.6429149,1.7830113,0.47300035,0.15996587,0.7186371,0.64031804,0.31807554,0.23005722,0.06942238,0.31647503,1.3878413,1.7840414,0.8412267,0.7977094,0.40165088,0.1424593,1.2455719,0.16460115,0.5239218,1.7201803,1.0437176,1.4885898,0.60592526,0.6368845,0.3607903,1.3011173,0.33365104,0.49948376,0.76539826,0.3708031,0.61867505,0.14234628,0.9432785,0.67629987,0.60196084,1.8714149,0.24237996,0.7720896,0.08091843,0.981245,1.0279827,1.8077202,0.55721605,0.87458825,0.47970182,0.013309488,1.0815566,0.9345561,1.6508831,0.98731077,0.88040674,1.1748446,0.17685972,1.6038265,3.0567758,0.12645587,1.0088849,1.049355,0.32263294,1.7144243,1.6193748,0.8705669,0.80075175,1.5575731,1.3120444,0.2782004,1.0132178,1.3083748,0.6093797,1.1913868,0.5853285,0.7752999,0.57858133,1.3263267,0.6633879,0.75336486,0.026794786,0.53455585,0.34374082,0.34936997,0.09743996,0.63414747,1.2406566,0.45277002,0.43818766,0.8133666,1.9074425,0.8181684,0.057585113,1.0458604,0.01135153,0.11617289,0.04134385,0.16305228,0.24662428,1.1388016,0.7103628,1.24462,0.13665004,1.4002296,0.8610668,0.053743996,0.5736582,0.35242417,0.6306542,0.33171564,1.1407173,0.8030788,1.0053985,1.2570287,0.855362,0.58582217,1.2902361,1.9999181,1.9870715,0.18392196,3.5571716,0.69648105,0.9430641,0.48089463,1.0859497,0.8570017,1.5121593,1.1769813,1.8547475,0.5072476,1.0533733,1.0117166,1.6858754,0.3438111,1.7383555,0.54702383,0.6226622,0.76592594,0.31064343,0.62648934,1.6482968,0.49487737,1.509116,0.7352939,0.93294895,1.8872035,0.40350932,0.8803427,0.04048493,0.29959515,0.5058121,0.48901126,0.5866306,0.9277663,0.41405872,0.20573686,0.56232065,0.24751921,0.5355289,0.38242126,0.048811074,1.2389443,1.1415855,0.0,0.09617449,0.58869004,0.053250417,0.56837267,0.37957537,0.600326,0.4806032,0.6923208,0.9922959,0.08027531,0.22474584,0.4106597,1.0665609,0.048632834,1.4599311,0.068921305,0.70898545,0.71610653,0.00024673235,0.93054354,2.2526057,0.74628943,1.4098862,0.5182018,0.9764695,1.004701,0.53549093,1.5287752,1.5973132,0.212048,0.38811028,2.862134,0.67993236,0.94047636,0.92260903,0.7041687,0.5563845,1.1052818,0.46958116,0.4712354,0.5535979,0.4372962,1.1953799,0.82013905,0.456418,1.0294462,0.9474459,0.81021196,0.26680663,1.3638072,0.4868087,3.6627223,1.2234689,0.70849174,0.29335862,1.5651838,1.4510108,0.018674374,1.1026366,0.50476986,0.8868389,0.6709973,0.5144419,0.5689866,1.7780677,0.8007522,0.44775212,1.4876511,0.50786805,0.8349649,0.9582477,0.16865186,1.4097099,0.0806641,0.7898533,0.35409826,0.06368838,0.53423184,0.5394697,0.10110503,0.3604475,0.16246651,0.33916196,0.44763312,1.0846564,0.57099897,1.2608271,2.426458,1.8583531,0.59551114,0.24435574,0.14959323,0.9455524,1.4843997,1.1506337,0.02776581,0.81105787,2.9699707,1.0714989,0.96398604,1.2560163,0.45351532,1.195576,0.13083911,0.09810657,0.80720687,2.0228622,1.2924222,1.530087,0.29340595,0.7488769,0.854151,0.5816282,1.6900321,1.1628113,0.7637568,1.1333517,0.11115498,0.06785953,0.13266654,0.5275232,0.028381761,0.5253343,0.07812652,0.9541036,2.768387,1.2696189,0.62060773,2.0695431,0.19475873,0.9353362,0.4561263,0.8125911,1.6689235,1.2259792,0.6725986,0.2048624,0.4292673,0.019184344,0.63134944,0.679989,0.4999685,7.092757,2.3751273,0.5750862,0.2233497,0.2347625,0.5448497,0.53841674,1.0475897,2.7827554,0.4832854,0.3318282,1.1589279,0.019863574,0.06719672,1.8335627,1.0523053,1.054861,0.6891895,0.22237137,0.23705527,1.2144293,1.4064876,1.2412862,1.2010003,2.3447924,0.81570137,2.3709404,0.10875633,0.87823594,0.13412598,0.66105705,0.615148,2.3024814,0.93976295,0.4201594,0.17316698,1.3850404,1.8905194,2.1128385,0.3423251,1.4251033,0.41167513,0.17150038,0.018504398,0.50976306,1.5205485,0.7827634,0.24194247,1.6868186,0.84169817,0.42993522,0.06719217,0.47558576,1.612202,0.7200368,0.36801413,1.4876293,0.30226997,0.24479428,0.50126445,0.079699226,0.16853938,0.42362538,1.1532798,0.25362864,0.7256452,0.876401,0.5096089,0.23982842,0.81517726,2.5296736,0.9397009,0.6362552,0.5515874,1.3531694,2.4724078,0.59079754,0.2777051,0.03842515,0.9662837,4.6850133,2.4800222,3.7947266,1.5473486,2.3151336,0.49472356,0.46300563,0.2995274,0.21584608,0.120993435,0.26570502,0.6796342,0.12145265,0.77141255,1.6139536,0.26823696,2.0653787,0.22039744,0.5474732,1.6107916,0.2568714,0.8012001,0.7574738,0.21667643,0.5963598,0.40668803,0.65401566,1.1947852,0.22634512,0.9365197,0.65033156,0.70783466,0.8977216,2.1102982,0.0,1.3784889,1.4705054,0.4773637,1.8494976,0.6768103,1.0715545,1.2527043,0.37868947,1.5131856,0.8871452,0.37683207,0.6845195,1.2127248,0.08577782,0.862131,0.045436762,3.7479858,1.8916639,1.380002,1.7950985,2.6617603,0.46664724,1.1276438,1.0002774,1.170173,1.9850807,1.3196276,1.7691703,1.1666125,1.6746964,0.42728633,0.54925203,0.6541772,1.1762375,0.4765749,0.6879389,0.84087116,3.140635,1.7211462,2.0405297,1.0474343,2.3082058,0.7247987,1.3247466,0.5708339,0.60841674,1.2560569,0.08350281,0.3932375,0.24800073,1.5153519,1.1035163,0.32783255,0.6748099,0.3558814,0.24089007,0.49900895,0.9675555,1.2240458,0.8943553,0.48853496,1.0843292,3.4613862,2.578245,1.270745,0.0025492334,0.66447335,2.5018957,1.2675647,0.53376085,0.13095927,0.15105319,1.0648427,0.39588803,0.4076987,0.1845642,0.08137663,0.75413156,0.4120688,0.08579789,0.26795754,0.7881758,4.9003534,0.325986,1.2163595,0.9866753,0.7445635,0.20371382,0.6256503,1.1398408,1.5046746,1.0950248,0.58081824,all_pothole_images\pothole_images_enhanced_11aae48e74210332a2bd8e2d96f99551.jpg
1.3097316,0.96846455,0.27273223,1.3516688,1.0715408,0.14950067,0.2930753,0.0,0.49451452,0.6110125,0.16166951,0.08992964,0.9942665,1.6967098,0.051343948,0.15510133,0.09200641,0.53902215,0.41200334,0.2825641,0.20634542,1.1124716,1.2060238,1.8637631,0.42772445,1.4260364,1.3754914,2.0666797,0.34197187,0.013732797,0.5015047,0.90328836,1.30415,0.9598308,0.7383243,0.84388417,0.5428048,1.3319551,0.018056706,0.2044882,0.27172682,1.7818252,0.9986235,1.3135625,0.27653348,1.7139126,0.13570324,0.03714687,0.63542044,1.0531662,1.3084209,0.24660403,1.052245,1.1738243,0.07157841,0.7731566,0.47039294,0.0789102,0.9238465,0.4679431,0.19337845,0.6292699,1.6013057,0.95324284,1.8590866,0.625657,0.8016281,0.48150495,0.22030757,0.2373763,0.67662364,0.9971044,0.44997627,0.13446352,0.15822881,0.26215366,0.62591153,0.62317026,0.0610035,0.19298495,0.041877076,0.5793018,0.66119653,0.89334273,0.6091571,0.7626987,0.63271135,0.14951468,1.9736991,0.0059629357,0.4944652,0.4168001,0.006191363,0.36314797,0.3482707,0.06024061,1.1923043,0.6600556,0.93048126,1.9546232,0.061833926,0.56815785,0.47765535,0.58355,0.025737384,0.5072626,0.47887135,1.8593687,0.22599909,0.87718135,0.4841098,1.1861081,0.6975868,0.2960999,0.62633085,0.9230046,1.6481348,0.48836076,1.418391,1.1405321,0.8043201,0.45638618,1.6724098,1.0474031,0.19203009,0.27875534,1.2278851,1.7711116,0.08153631,1.2902135,1.1605402,0.55470335,0.89707565,1.011993,0.0,0.64014685,0.52455825,0.4211636,2.0030682,0.9913601,0.97098804,0.39684224,0.27267003,1.9118165,0.9978405,0.81117463,0.1813624,0.16730908,0.7716223,1.5975151,0.14792071,0.4874047,0.27610412,0.1606932,0.6203325,0.18518275,0.97906524,0.35674605,0.78611755,0.81712633,0.4129688,0.54463506,0.017761346,0.5930687,0.70069516,0.58813155,0.4556823,0.7177236,0.74651897,1.0242463,0.51921356,0.23845457,0.20828427,0.27184576,0.6552658,0.2429558,1.3884865,0.0788461,0.47047988,0.37628174,0.17517775,1.8354056,0.6875038,0.86290675,1.0585619,0.3193702,0.7426242,0.8684732,0.020759078,0.84360313,1.4741696,0.56555337,0.9179186,0.61968637,0.04892412,0.28553024,2.0805535,0.02769562,1.5839628,0.22419262,0.33137497,0.6238337,0.7686713,0.39852768,0.8050859,1.0090059,0.9002046,0.09300614,0.49089432,0.46056473,0.36217397,0.37163645,1.5008379,0.9906515,0.7334652,0.5805268,0.35859564,0.14162429,1.1458731,0.50718534,2.5764508,0.020244978,0.8933113,0.21814252,0.06582619,1.0246129,0.8558892,1.2716886,1.9745016,0.9298452,0.26831004,1.3559684,0.5876758,0.20377213,1.2505231,0.05703399,0.60404366,0.58183855,0.30956268,0.6037123,1.0871413,0.07645848,0.621888,1.1797537,0.06437809,0.010593748,0.7309226,0.17427295,0.60032386,3.3227289,1.2023984,0.503024,0.06517534,0.7795475,0.03044583,1.2140746,1.102763,0.23627573,0.72159165,1.4472735,0.61693,1.3862274,0.76081085,0.9483591,0.3841207,0.6898285,0.21508223,0.86708415,0.45929632,1.2971613,0.49680513,0.0075942585,0.0054538636,0.6071313,0.38944766,0.5275314,0.9133944,2.1069827,1.5502871,0.42840582,0.027309928,0.40044573,0.582245,0.1457225,0.81321573,0.0025962386,1.3378512,1.8823379,2.061776,0.16906251,0.98377484,0.81476164,0.6451944,0.5171862,0.46682057,0.6633594,2.0175245,1.0084594,0.62812257,1.5668,0.15618362,0.44607052,0.29524395,0.89389765,4.0147314,1.2912796,0.038852677,0.6283222,0.6143454,0.15166602,0.590137,1.052162,1.9874468,1.6755586,0.34317678,0.8464892,0.07016552,0.32930475,3.612999,0.8541472,0.7354758,0.30000973,0.50910366,0.29322687,0.6002109,0.9016516,1.0482571,1.3752168,1.0338709,2.8578644,2.108856,0.17150092,0.3555023,1.0532701,1.3602407,0.018766776,3.2177358,0.891406,0.5773942,0.35854518,0.5164549,0.55882835,1.2416164,1.6123909,0.3299183,0.9396114,0.500785,0.39495978,0.71923375,1.5811017,0.63819987,0.88482195,0.58883834,0.09738313,0.75072026,0.0997403,1.166511,0.14976148,0.38680395,0.05917982,1.8675503,0.34768245,0.55676067,0.2969104,0.0,0.47009984,0.5312719,1.6818738,0.13545813,0.7878413,0.62225515,1.0784181,0.87781656,0.14169969,0.60812104,0.7009293,0.4159223,0.4167291,0.14101797,1.4062954,0.8065476,0.013510682,0.7132655,0.71546227,2.7054794,1.1231887,3.1678772,0.18239109,0.9863274,0.94549257,1.2847329,0.32600528,0.50828344,0.86155206,0.4152414,0.38434154,0.084257156,0.5089139,1.3634843,0.19596356,2.032128,0.15161881,0.043020807,0.78670985,0.44480598,0.115448855,0.8040642,0.9197746,0.77251893,0.015709965,0.36803022,1.3400688,0.5937676,1.4022804,0.33353716,0.2879753,1.1063873,2.7637317,0.73107576,0.73595613,0.8566135,0.43309096,0.60264355,0.5862911,0.8266117,0.53576505,0.24857904,1.5906478,1.2350839,0.52146584,0.14816262,0.638365,0.20747277,0.34739298,0.37832174,1.3005056,1.1744345,1.911992,0.30504704,0.682333,1.338846,0.5990089,0.43631536,0.9994477,1.0231221,0.6019458,1.7075913,1.6219515,1.7614499,0.055002745,1.566179,1.3688537,1.051079,0.47095874,0.6487265,0.41732913,1.101438,0.5571726,0.6704525,0.16978092,1.7088673,0.4438285,1.0508125,1.421586,0.35091606,0.83488774,0.9492242,0.12200451,2.3214266,0.57621455,0.9083857,0.98974085,0.5383529,0.26580232,0.023735717,0.18028156,0.5608473,1.1502702,1.6136414,0.29270887,1.2494922,1.6633343,1.0927022,1.6913576,0.051351283,0.7784748,1.4764531,0.33568865,0.32203585,0.53908646,0.22708265,0.80158573,0.42148355,0.75073755,0.16230635,0.28626925,0.2751096,0.0,0.21034285,0.24052581,1.7151443,2.8026397,0.15872231,2.295329,0.6301339,0.8562759,0.9599051,0.5511711,0.14843431,0.5323514,0.31774467,0.5875709,all_pothole_images\pothole_images_enhanced_11bb28375c34746bc158f02115caafa2.jpg
0.095964395,0.668025,0.06959199,1.6562465,0.6175227,0.15934947,0.48263684,0.6459405,0.021332981,0.8292891,0.028527398,0.31797248,0.0,1.357308,0.0012447791,0.0010198208,0.030949507,0.058473494,0.01647803,0.422226,0.6624802,1.5149577,0.15588817,0.46377957,0.45945677,0.6264052,0.5504228,3.5052125,0.017684618,0.22286262,0.28770453,0.0,0.063693896,0.020062795,0.09470644,0.68932253,0.9184586,0.63924724,0.36845297,0.7742589,0.0,0.21576166,0.28729546,0.5202713,0.43292025,0.009790595,0.0,0.080295324,0.3145193,0.07365789,0.11233506,0.0,0.047924392,0.0,0.22982407,0.6344712,5.0304303,0.10083032,0.0,0.003947238,0.0,0.07218521,0.4309784,0.011813178,0.24598601,0.6961467,0.13038094,0.98193604,0.016206749,0.29013315,0.14863399,0.21210366,0.11138658,0.032444533,0.051056787,0.10574914,0.0,0.27951717,0.0,0.03389816,0.0,0.5442645,0.058241308,3.1545334,0.16793475,0.0,0.16055782,0.05892861,1.2851129,0.050188016,0.017484982,0.5145696,0.009400713,0.13290153,0.056216694,0.0,0.19744805,0.113927476,1.3392075,0.12654145,0.17158389,3.1053917,0.57968247,0.0,0.38395923,0.2688037,0.15515213,0.114361264,0.010115785,0.22956488,0.0019595467,0.27893952,0.35031736,0.3038892,1.2240366,0.10007755,0.019866506,0.0047852057,0.23157719,0.020157648,2.2792037,0.20311603,0.0,0.32773232,0.23161002,0.3960537,0.13112201,0.027426815,0.21017572,0.0941045,0.16596998,0.028691009,0.098164015,0.44095552,0.8771167,0.0,0.0,0.3267122,0.62697923,0.013624927,0.39148808,0.44168937,0.57670563,0.16870525,0.0,0.61687875,0.03025306,0.1494316,0.20495473,0.0042305025,0.013684744,0.05417357,0.0007031868,0.11033452,1.5855887,0.030327776,0.65454316,0.09637453,0.06557535,0.383111,1.2076579,0.5992712,0.48477724,1.7612448,0.33764234,0.09919714,2.652423,0.084113665,1.4452119,0.45048466,0.036177,0.0723177,0.20827319,0.29172686,0.0,0.01164287,0.16320486,0.0074588605,0.0,0.0,0.090069465,0.8826524,0.4878945,0.054784805,0.69727665,0.057607055,0.08300293,0.058375437,0.014558563,1.1325613,0.0036106163,0.0,0.0031280443,0.8291517,0.09915498,0.05046729,0.027578982,0.0,0.1904253,0.011828832,0.009578039,0.43188712,0.3059686,0.0174631,0.04115444,0.13953754,0.20819305,0.3123734,0.2145771,0.35167497,0.0,0.06827512,1.4168692,0.14277846,0.37218693,0.916921,0.03546593,0.09292225,0.07799935,0.04168932,0.53079575,0.068946704,0.1742763,0.22076441,0.0,0.0037528179,1.8119955,0.0,1.8537158,0.45454156,0.03991357,0.05012533,0.7919184,0.0,0.3549342,0.029639667,2.2975595,0.0441632,0.0049173464,0.25372013,0.080231644,0.0,0.04005329,0.5347778,0.014768937,0.0,0.7859474,0.08145002,0.003017038,5.9097414,1.3180928,0.032365963,0.0,0.48074603,0.0,0.19517244,0.45096937,0.03505561,0.31425518,1.8146203,0.0,0.0,0.13863717,0.08155932,0.009847349,0.041062623,1.3087018,0.31803373,3.133074,0.0,0.0,0.0,0.1767968,0.0,0.45441124,1.009283,0.008580044,0.08200067,0.0073462096,0.58280575,2.310125,0.1627045,0.6864314,0.4333349,0.21865101,0.0010216023,1.0527209,0.11008201,1.7111046,0.29958406,0.0,0.07959544,0.0,0.85414183,0.015619532,0.27508625,0.04834138,0.078896426,0.08510246,1.7498858,0.10058065,0.21909148,0.0,0.02929906,5.601051,0.14696047,0.06095589,0.005440027,0.03939846,0.8676176,0.011051108,0.010364198,1.2624555,0.42655236,0.099825606,0.51951355,0.0,2.0083368,2.8441598,0.07265679,0.0,0.0,0.012581074,0.04942507,0.059152316,0.26065138,0.7103142,0.057779692,0.3288253,0.02577746,0.54677975,0.044890486,0.032598387,0.0,0.0,0.108433455,2.199402,0.15747102,0.06298456,0.058481917,0.37797728,0.0,1.6894419,0.36665472,0.06837025,0.099223696,0.046453793,0.26498106,0.08197738,0.31261063,0.5212342,0.18277417,0.06285001,0.6653413,0.31198266,0.0,0.027083702,1.2063866,0.4788913,0.1035815,0.036236268,0.046695203,0.006486581,0.033612877,0.0,0.0,2.1011534,0.03772445,0.086752705,0.26799315,2.2903197,0.050114427,0.0,0.001981846,0.0072654933,0.11798006,0.0,0.0,0.047192037,0.08828602,0.07334116,0.0,0.4560841,0.025050567,2.7787704,0.28724903,1.9661376,0.0059767542,0.041444845,0.31957108,1.3374096,0.11994948,0.105256855,0.5635302,0.0,0.0,0.24118018,0.009941208,0.0,0.35978842,0.8748474,1.5704712,0.7302845,0.29847148,0.0026855667,0.07834742,0.33700413,1.0190996,0.45591602,0.24438177,0.0,0.009014063,0.0,0.31558427,0.08915336,0.20233457,0.14370994,0.05069081,0.78171474,0.001333723,0.9123762,0.023900913,0.60695326,1.0103742,2.0370922,0.22085522,0.83011043,0.0,0.02812773,0.83798355,0.30924165,0.01300586,0.022426598,0.37025186,0.59457487,0.9197784,0.08054728,0.018638302,0.015013928,0.002619046,0.043552738,0.35210142,0.013020131,0.022231612,0.19971393,0.13838302,0.49257037,0.07591662,0.97145295,0.2931044,1.6318635,0.09681557,0.987185,0.0,0.38517278,0.09109398,0.007409758,0.118783385,0.30463758,0.101588346,2.2866907,0.0,0.14742689,0.0,0.67483324,0.061475635,0.0,0.12486747,0.0,0.1958794,0.07637819,0.061967045,0.0,0.14434296,1.1351354,0.002113909,0.01048246,0.1399513,0.58400714,0.003968609,0.12231547,1.201199,1.3012285,0.079917125,0.004458133,0.011464965,0.21633707,0.0,0.040053174,0.0007092069,0.04659558,0.7013127,0.02865259,0.042983424,0.0,0.25441867,0.27073953,0.87686694,0.41286328,0.25062478,0.5911683,3.4706354,0.003297526,0.005279706,0.05895383,0.48983803,0.10614627,0.008551941,0.0026155463,0.21571942,0.38506845,0.0,all_pothole_images\pothole_images_enhanced_11d1e4ec7ca138bea32e6ca1dde58ea7.jpg
0.47506988,1.5870068,0.360281,2.0235138,0.20477228,0.35478598,0.5420191,0.072373234,0.48654026,0.45002264,0.8324088,1.5133425,0.01667747,1.4790057,0.5850286,0.83765924,0.77297956,0.4743506,0.5060027,0.9278403,1.4459586,1.6384518,0.2466811,0.65288717,0.9492905,0.5717007,0.19202195,3.8259668,0.45357898,0.004412642,0.33905005,0.3468187,1.2700914,2.0426946,0.054206535,0.7036708,0.30431923,1.0372276,0.003855372,0.66325,0.3102176,0.091128364,0.96041775,2.208377,0.7635531,1.7042786,0.469937,0.0326907,0.15835504,0.6343422,0.6756499,0.4119931,0.68445694,0.5007883,0.3256457,1.036161,0.15586238,0.15857087,0.46114036,0.4034856,0.9699816,0.3256612,1.8285843,1.0665417,0.6088338,0.6160154,0.187735,1.114535,0.37807262,0.44792253,0.7610861,0.5085515,0.36199105,0.4807026,0.41780895,0.8240379,0.57231086,1.3094043,0.03696353,0.05131065,0.9271365,0.24163762,0.04331873,1.0572084,0.71110785,0.7039692,0.7681308,0.2206587,2.54302,0.08759385,0.1631263,0.033967882,0.20047963,0.7932579,0.031617723,0.45619342,0.7615215,0.6770488,0.63299125,1.4570273,0.107608825,3.6503036,0.88080275,0.33542648,0.06098554,0.1140785,0.86605316,0.6400463,0.3240901,0.13369003,0.032531817,2.031605,0.45499945,0.10442149,0.65180194,1.3952674,1.4373887,0.8460582,0.29394338,1.4476707,1.5333793,0.9861894,0.8774585,1.7251182,0.20016979,0.37067336,1.2305841,1.3184631,0.84012026,0.4111135,0.5529167,0.0030855024,0.12078655,0.69831353,0.7878952,1.4434351,0.9571938,0.78710467,1.02258,0.5995374,0.17413393,0.21765532,0.19561471,0.33416456,1.1857767,1.7596965,0.4566518,0.10148122,0.3736509,0.81396115,1.326813,1.108045,0.1797809,0.09425352,0.1459109,0.89949566,0.12420392,0.39220974,0.48788095,0.6671042,0.49020258,2.2330358,0.0016358844,3.8484192,0.035242815,1.5091639,1.1674459,0.50476927,0.5615076,1.054877,0.9812888,1.1785553,1.365661,0.42978713,0.21687816,1.1234791,0.44745183,0.113183804,0.26611328,0.19420066,0.16818471,1.9442888,2.2405293,1.4949297,0.76716495,0.08225215,0.13115405,1.1345727,0.5004645,0.20581089,0.45405743,0.48712274,0.17897187,1.4631182,1.1952627,0.68491334,0.44742545,0.04487424,0.06839531,0.37418994,1.0881624,0.35116622,1.6980288,0.45271605,0.9639049,0.20136936,0.7571785,0.15525903,0.3778909,0.086331174,0.6822144,0.10366247,0.22079359,0.28450856,0.8639425,1.7895164,0.8338014,0.033789903,1.3213344,0.7037772,1.114745,0.09073916,0.40237075,0.062176958,0.009792269,1.0437222,0.67640686,1.6722823,1.1940962,0.90172344,0.19668229,0.42014226,1.4352224,0.019488689,0.78263575,0.04276904,1.7786473,0.12704219,0.03504265,0.5180901,0.7954975,0.21464565,0.7213662,0.022246584,0.66814864,0.0040518297,0.2938517,0.47836232,0.20850435,2.295439,1.7736392,1.1476513,0.534597,0.7364536,0.11932676,0.23046173,0.18981369,0.0011431454,0.33602676,2.673501,0.28184032,1.19104,1.9189382,0.05287722,0.29031378,0.3220483,0.26546273,1.6625015,1.2910612,0.7224018,0.14399117,0.091988675,0.5822263,0.5158662,0.18847348,0.7318111,0.5591348,0.78304267,0.78689635,1.038491,0.578824,0.6248474,0.3234743,1.2995799,1.503761,0.12070093,0.5688487,0.7726698,0.76234543,0.20933886,0.32976857,0.16048905,0.17070742,0.28764606,0.68802035,0.4967247,0.79105186,0.4739843,0.92679685,1.6593785,0.60976493,0.7456698,0.63671863,1.0677725,4.1663632,0.30760497,0.12551285,0.5624878,0.27054137,1.875855,0.12482864,0.98797715,1.874886,1.3124408,0.27396494,0.79909825,0.00481091,1.4292195,2.6041474,1.0000538,1.5076444,0.4004039,1.0205477,0.5495134,0.9572198,1.395211,0.5738786,0.58964086,0.55375963,1.6124924,1.4450612,0.36447588,0.119097024,0.09794008,0.31556666,0.25867388,0.88472533,0.597532,0.5746219,1.4084077,0.55396646,0.30109593,0.5972591,0.7628062,0.8193983,0.20332308,0.5382317,0.51913154,1.0121394,0.38797563,0.3454375,0.08088158,0.13984637,0.120193064,0.6272363,0.29424438,0.40687022,0.15989864,0.6770183,0.28565824,0.02478654,0.31753698,0.72605616,1.006532,0.29594693,0.3064012,0.8955397,1.3155147,0.299761,0.47174063,0.54643995,0.6627884,0.74449766,0.34703764,0.24062932,0.27788338,0.5615893,0.03456864,0.41788715,0.7118294,0.4648922,0.6023561,0.81713283,1.2756855,1.2843174,1.0931226,2.3414342,0.84357125,0.019273724,1.3225682,1.405278,0.31536317,0.2681813,0.25148496,0.055786386,0.3669764,1.1866796,0.46658355,0.33481738,0.054291878,2.3977456,1.3658192,0.48862854,0.6715432,0.058968272,1.0434176,1.0012208,0.045479935,0.5208051,1.1331367,0.92603594,0.24504788,0.75277686,1.4256228,0.0,0.61679083,0.95348233,0.5296336,1.0123792,0.24472952,2.3720946,0.4915662,1.2064015,1.3950248,2.7980468,0.05041008,0.7367152,2.079518,0.33728915,0.65768814,0.6072614,0.08500239,0.71562284,0.41325885,0.7646586,1.422253,0.5622042,0.30035865,0.021357045,1.0714989,1.5268196,0.5345181,0.2828174,0.17593805,0.049046572,1.0681862,2.9840324,0.86882997,0.61613905,1.0001723,1.2121096,0.42537972,0.42131397,0.21513903,1.0663024,0.3781238,0.540927,0.9147115,0.42978418,0.12660089,2.0862024,0.2647278,1.0241456,1.6855191,0.38270444,0.62301433,1.813179,0.028614698,1.3909093,0.7164363,0.6453991,0.545958,0.24018595,0.32888475,0.4484674,0.4274355,0.9713835,0.5211116,0.60966843,0.044168804,0.6773295,2.407372,0.5085805,1.0440615,0.30314812,0.04011233,0.60086334,0.50886947,0.076240025,0.12175912,0.67090935,1.55914,0.14651924,0.6382898,0.7574015,0.5256706,0.1070799,0.10767654,0.2985933,0.40794325,0.8793035,1.7935457,0.08954782,1.22373,1.4138458,0.7852503,0.52156764,0.24746831,0.24741916,0.6287758,0.64030606,0.31739601,all_pothole_images\pothole_images_enhanced_11e5b9b0e539738c28a904177104c9c4.jpg
0.085595414,0.66970444,0.6878422,1.8868445,1.7861181,1.3449775,1.8476008,0.7741481,0.85517246,1.4109217,0.95944077,0.9284004,0.0,0.5711511,0.23942117,0.24109226,0.014943983,1.1781178,2.6372542,0.74142176,2.2976859,0.67602015,0.05745281,0.50238353,1.1431843,0.34709144,0.2879627,3.5241597,0.7355301,0.38326138,0.5560118,0.042455357,0.84229434,1.7346426,0.04201525,1.954208,0.44862148,2.2027628,0.84868115,0.9168746,0.32883775,0.81689703,0.77104187,2.6977825,0.4466305,0.13940436,0.8705751,0.16767985,1.3109474,0.93997157,0.13860938,0.19718625,0.7484889,0.13388814,2.5284767,0.8601467,2.3982122,0.6757765,0.65001625,0.8333034,1.1562244,1.0305434,2.2472844,0.10946548,1.4664963,1.5551661,1.9484599,0.44141293,1.1935985,1.4895879,2.0357664,0.44696832,0.0965381,0.13381954,0.4371423,1.2675502,0.091653734,1.7349417,0.04882783,0.7507774,0.14704125,2.0218039,0.3284804,1.0859458,0.0010141704,1.7898569,0.8477945,0.40954262,1.2833488,1.5119374,0.10208038,0.546066,0.7647972,0.75796723,0.5284963,0.7547855,0.39216715,1.0646684,0.54881394,1.6000366,0.06765308,1.3077623,1.760463,1.6378031,3.318994,0.5153914,1.3762466,0.27202517,0.6364491,0.7677065,0.13019975,1.4571527,0.5331207,3.43013e-05,1.0001298,1.03234,0.639751,0.2807869,0.5925889,1.3324505,1.9456235,0.009766644,0.2725134,1.4336243,0.026973812,0.3891533,0.50196046,1.0254381,2.0978842,1.1125467,0.49303493,0.23605967,2.538099,0.67809683,2.8101513,2.6601694,1.7752417,1.2109039,0.18631148,0.15288216,0.69890374,0.69360083,1.7275703,0.42364794,0.65125656,1.3082638,0.4397864,0.07239453,0.3163271,0.29789388,0.98821133,0.522352,0.24674612,0.671668,1.719565,1.7752678,0.64877266,0.15821622,0.66039264,1.1017221,0.27208018,0.46877608,0.6825474,3.300661,0.09649996,0.045968805,3.2209342,1.12611,0.5633247,1.5809071,1.1328411,0.5138792,0.282565,2.0183065,0.36753544,0.8177485,0.45084652,0.9039932,0.30233935,0.69949776,0.4617297,1.3366303,2.3556,1.8728933,1.1861515,1.4825144,0.32617757,0.779579,1.6534172,3.9287293,0.063263595,1.046832,1.20718,1.4426394,2.363783,0.8617247,3.0006707,1.0841348,0.017686041,0.096334726,0.18303707,0.53528804,1.3031688,0.0,0.5957795,0.12629625,0.7504175,0.51114887,0.72869414,1.6784879,0.21150099,0.9460779,0.660613,0.166369,2.4689796,1.6805921,0.33079323,1.818865,2.467436,0.3480564,0.7267658,0.343095,0.06277319,0.5480462,0.03571588,0.85095984,0.14498207,2.1484902,2.1139421,1.384303,0.55830026,0.18890904,0.78348225,0.50531757,0.3306206,0.77575123,0.65617776,0.2404128,0.0,0.8973631,0.14847794,1.0729122,1.4468191,0.5521484,0.4690489,1.19633,1.7423531,0.3368689,1.5240926,2.7250412,1.1021906,0.9887449,0.20965019,1.0192387,1.0116369,1.3148297,0.24031588,0.027388796,0.89922875,1.5811341,1.0112274,1.2875808,1.1890738,1.3985926,1.162412,0.12303971,1.0659566,0.065458134,2.17651,0.15237758,1.1473628,1.5206925,3.6501384,0.2069875,1.3754267,0.4463017,0.17605855,1.2784754,0.23596394,0.3154582,0.5289157,0.1372246,0.25263324,1.8206975,2.0516307,1.0846931,3.5694296,1.5168581,0.8502274,0.0472144,0.19598937,1.1584828,0.4095843,1.6528083,2.4200773,0.15660976,0.1850118,0.26666418,0.17309898,1.1551336,1.5055753,1.9270701,0.89214075,0.49805593,2.2830093,0.090450324,1.4457059,0.53188163,1.0468954,2.1201353,1.1712313,0.864502,1.6761069,1.7833304,0.831587,1.5790209,1.1204463,1.7626022,1.5897974,0.3338261,1.0200655,1.5299428,0.67889863,0.044975437,0.14194714,0.8581693,0.91825306,0.5400939,0.8175561,0.2924362,1.1101445,1.265258,1.126176,0.7103345,1.2835155,0.5786105,0.6694074,1.5716972,1.4794639,1.0951334,1.0961245,1.7316875,2.2001975,3.060201,1.5604392,0.18059501,0.42705032,0.66091216,0.36810333,1.117679,0.7267975,0.7516386,0.17529532,0.29032248,0.36024806,0.0,0.05658603,1.1076452,0.778358,2.0556712,1.1909373,1.1817756,0.7333151,1.9911163,0.5755389,0.6510176,0.7085327,0.5568554,0.12436003,3.1249175,0.3302021,0.56573546,1.2864627,0.9936245,0.81968075,0.75251347,0.44666174,0.21201281,0.06265639,0.3348118,1.521462,0.28774515,0.25051126,0.07648884,0.2046919,0.93390995,1.2109675,3.0494833,0.23173024,1.7132313,0.9920526,0.21504214,0.5191972,0.17413148,0.024322374,1.885034,1.6802766,1.2442324,1.0309663,0.040139962,0.031473085,2.0333266,0.19996876,0.05923156,1.4758154,1.2121006,1.2887298,0.20223925,1.4033327,0.770093,1.4408185,1.3612269,0.16181843,0.9517028,0.7475762,0.3627208,0.8116251,0.9318337,0.8615922,1.3997289,1.211166,1.4718637,1.0309277,2.8697035,1.5891919,0.2767863,1.9120052,1.2182821,0.032019548,1.2486507,0.13163398,0.062828444,0.54624546,0.8077141,0.25631866,1.8444052,1.0321379,0.44197673,0.76136005,0.288275,0.46085712,0.4521756,0.42815313,0.0,0.048089568,0.16456197,0.46889704,0.47038656,0.48765728,0.49318823,1.8735719,1.2521782,0.5822364,0.50166214,1.3185166,2.1260662,0.049251787,0.32697505,0.6956718,0.43374297,0.7710272,0.052616373,0.7266554,0.7783896,1.2486638,0.7627519,1.0851598,0.45434332,0.41356218,1.0791698,1.9971305,0.043701258,0.018392893,0.20797999,0.26726016,1.1753763,0.031568006,1.0600607,1.0800766,0.057368007,0.27869812,1.3245857,0.49102357,1.0065393,0.48621422,0.6392171,0.5289842,1.5050155,0.7247134,0.7665276,0.19257896,0.22025536,1.1505122,0.8654518,0.14995475,0.07700173,0.16899191,0.1999136,1.9649066,0.9168007,1.4003171,1.563531,0.49730512,1.0925373,3.4004784,3.0681562,0.4397853,1.4146415,1.8093227,0.6954702,0.8407309,1.3694978,all_pothole_images\pothole_images_enhanced_128602adbd95a2fb3158aa6096c0bbb1.jpg
0.23865475,0.22978929,0.56913847,1.2700695,0.24412684,0.47801378,1.0759764,0.14150174,0.028236305,0.65074104,0.17479593,1.2910767,0.7864215,1.6819041,1.0794553,1.2895204,0.98213863,1.5721672,1.9072486,0.2491056,3.0283194,2.312147,0.11164981,0.5699731,1.5955801,0.4918296,0.62515855,1.7727804,1.2624435,0.045876883,0.7661462,0.36456323,0.19583206,1.3453288,0.2055071,0.4980397,0.0100490125,2.4625049,1.2687062,0.4100052,0.4838252,0.33380595,0.12949574,1.3240032,1.2173148,0.05188322,0.58979404,0.0068984004,0.35957566,0.29876295,0.6783184,0.64396656,1.3348398,0.005857758,0.0,0.23365946,0.5829424,0.5373113,1.8666676,0.37421787,0.6774799,0.22133777,0.62440604,0.27883524,0.20936388,3.583353,0.714757,1.4473935,3.3956547,0.18125802,0.34766948,0.72865343,1.6437443,0.51013744,0.3713888,0.983721,0.0,0.25001237,0.39498264,0.07018211,0.1173009,0.065613344,0.38724595,0.73173493,0.16053069,0.19362909,0.5290698,1.5644045,1.7883539,1.194093,0.3265068,0.0,0.006195556,1.7289541,0.6531692,0.07379408,0.498318,0.8192424,0.7087831,0.017951962,0.15926091,0.1671144,1.0485865,1.0685686,0.023846501,0.43489727,0.06857856,0.10507452,1.0007612,0.06236159,0.01232751,3.5206554,0.67584336,0.299793,0.058432754,0.23914213,0.6665008,1.4906943,0.49294314,1.0395565,2.1487615,1.2169294,0.46517974,1.0294148,0.6092129,0.6745847,0.025428582,0.0042567593,1.896928,0.6573363,0.7322104,0.0,0.58903503,0.0053414665,0.86053354,1.3067865,1.5589437,0.35240892,1.1172798,0.019614458,0.21944913,4.1574826,0.7351083,0.45971492,0.7225742,0.40661666,0.33726385,0.7367672,0.007414342,0.8809965,0.86309814,1.3399543,0.0,0.18696325,1.6262513,1.0994203,0.109267585,0.58446074,0.89694774,0.2444581,2.3426893,2.3510537,0.1562031,2.4839573,0.0,1.0349439,0.24176922,0.02092461,0.64298505,1.5094625,0.09303751,0.15541454,0.48396027,1.0455886,0.83100593,0.55093795,0.05795903,0.001893666,0.90091705,1.6606995,0.18208817,1.89906,2.743879,1.8789337,2.1106591,2.1318543,0.03350791,0.69302446,1.0353224,2.133755,0.59903234,1.6089835,0.06352947,2.6530235,0.3326392,0.7695186,0.05085097,0.611222,0.0,2.0440612,1.5899096,0.3937026,0.914367,0.58576137,2.9160345,0.28012326,0.67058814,0.6229854,1.7077023,0.5011706,0.12103559,0.40987498,1.2009604,1.1994069,1.255406,1.9841095,0.4340466,0.16786823,0.65031517,0.029910939,0.16557549,1.03961,0.8822434,1.4919021,0.049724918,0.07526877,1.4779315,0.4181083,0.13492782,0.6221353,0.081196725,0.13156573,0.76516676,0.468115,1.3859408,0.24140696,0.7110903,0.034859575,0.28145707,0.07951065,0.068228416,0.6133139,0.5424301,0.14666894,0.06721436,0.10696701,1.7814542,0.19986565,0.44262028,3.8635254,2.4898236,1.1266843,0.5019462,2.2040281,0.54948276,0.4436953,1.3672792,2.578171,1.0259175,1.2392496,0.46514854,0.51574874,0.07911935,0.34059194,1.4174261,0.042903066,0.72404647,0.85849583,0.9061132,0.17511922,0.77333456,0.20146503,0.34887955,0.7996058,1.9687675,0.5272822,0.15823464,0.18668015,0.60072005,0.90350276,0.47983894,0.28903875,0.6901642,0.39567006,1.1042048,1.3868308,1.5325772,0.11887856,0.85552543,0.18319455,0.03471022,0.1450666,0.015702862,0.38068292,0.29080144,1.409157,0.2105834,2.6863427,0.5605337,2.4189699,0.56880087,2.941049,0.0,0.37227887,3.1955698,0.020134818,0.80066407,0.24962683,1.7311841,0.15615974,1.7085832,0.8324079,1.9960208,0.5537962,0.60096914,0.75246435,1.316116,1.2939851,1.5534525,0.789987,0.086816296,0.023725696,0.7285465,0.77169186,0.076990314,1.398577,0.6119326,0.84120184,0.48272413,0.4649535,2.711881,0.500305,1.0619339,0.14394185,0.49043864,0.15562186,0.7813821,1.5602846,1.5186299,0.0,0.8865915,1.0646062,1.5719606,0.69623613,0.9948724,1.2146878,0.7972099,1.2246329,1.4994693,0.66343015,0.2972112,0.3313113,0.26071453,0.81027246,0.07869677,0.8322872,0.0,0.59601676,0.77583,1.5863903,0.06919574,0.12990144,0.4362142,1.3134732,0.34070918,1.2646934,1.2723268,0.24545772,0.010620242,1.1930867,1.3952608,1.8698996,1.4348582,0.0,0.4660762,0.1544149,1.1137692,0.03930338,1.5492693,0.11266153,1.3382596,0.18682031,0.08991331,0.53874296,3.0245392,0.90808135,0.0,0.0073446357,0.03456881,1.4423586,0.5579895,1.4522936,0.93550575,0.37939802,0.1447465,0.8979707,1.7093081,0.2996947,0.010857319,0.09489439,2.944623,1.2707443,0.027684158,0.3117566,0.05000072,0.22714807,0.300861,0.686643,0.39255226,0.2775919,1.0348386,0.6483479,0.54657984,1.8951973,0.060754,0.18430512,0.1960787,0.031870417,0.27341324,0.99260414,2.0986705,0.90131074,0.08765431,1.3625826,2.163236,0.14511743,0.9344276,1.2666887,0.15853134,2.5665143,0.4517095,0.35186252,0.5450388,0.6161268,1.2541903,3.7606885,0.3541106,0.84922117,0.4321724,0.16943422,0.121985115,0.03130698,0.13762456,0.57004637,0.44944915,0.13235551,0.18461421,1.1517547,0.15767609,1.7478353,0.26855025,0.21999922,1.1996213,0.69039965,0.6401662,2.0454004,0.03592347,0.33961183,0.5145335,0.65005475,0.5840103,0.112077795,0.97283745,0.7211276,0.8282841,0.122541875,0.3179614,0.012566146,0.3813197,1.7477804,0.9410895,0.6275294,0.113128416,0.12908992,0.50721115,0.604217,0.15607879,1.5419916,0.7175261,0.2847246,0.30200323,1.2354294,0.010760927,0.6367361,0.0,1.3471698,0.17722766,0.16728091,1.5229526,0.0,0.8938372,1.3876343,1.049499,0.37405866,0.05882005,0.9233863,0.37097082,0.0256037,0.16655606,0.89640176,1.1307786,1.5758654,0.9734369,0.05484865,0.8062048,1.3345617,0.29739028,1.9019456,0.23664118,0.67664397,0.18657114,1.2773165,all_pothole_images\pothole_images_enhanced_12b788f3ea952fc492995ad896f766fc.jpg
1.3931396,1.3747141,0.60025597,1.6270534,1.2342194,0.5248229,0.35961115,0.0,0.1647802,1.5616452,0.39798138,0.30561122,0.10819028,0.20200324,1.0120113,0.26390794,0.13321947,0.07381109,0.69271314,0.1938581,1.1067287,2.2540069,0.9236061,0.5589756,0.54557556,0.39172775,0.13164319,2.496342,0.023190048,0.34974888,0.50439125,0.18990318,0.2859591,0.7562427,0.66017383,0.63525033,0.64266616,0.7421663,0.110820726,0.9002843,0.02209459,0.0007725192,0.44927192,0.6589883,0.7461406,0.08015141,0.41362023,0.4065347,0.29774487,0.023230148,0.24804096,0.4134898,0.094349116,0.15642133,0.004379507,1.5249949,1.5661083,0.092856854,0.19661763,0.036811277,0.16017264,0.32679826,1.143275,0.08558071,0.082355194,1.4511731,0.27597332,0.33410203,1.0252812,0.32668513,0.32620117,0.0022388618,0.5698914,0.2519315,0.08421113,1.3315816,0.062297646,0.88214314,0.0,0.66872287,0.54661125,0.10782455,0.3556215,1.7414674,0.699287,0.6923379,0.47235745,0.41005573,2.1877367,0.9103806,0.05170565,0.16334611,0.22503859,0.10575647,0.009702988,0.036771193,0.2840372,0.9546308,1.6224278,0.6910886,0.48113865,1.9415112,0.13152191,0.36028218,0.19572121,0.1462801,0.07760178,0.050341584,0.7890755,1.0922923,0.10121573,0.92080635,0.15293029,0.16672124,1.6525489,0.06900191,1.0421119,0.48672366,0.28245303,1.3508663,2.4035816,0.23522161,0.5389337,0.9030877,0.4543059,0.76603264,0.28274918,1.3538005,0.3681354,0.50041705,0.42235363,0.021855883,1.0418854,0.13920127,0.4078864,0.072398715,0.24942145,1.0419774,0.3518861,0.0832389,0.42771265,0.5737802,0.0,1.58929,0.66122746,0.33163527,0.89872116,0.0,0.08945589,1.4539288,1.4343998,0.48399004,0.16574849,0.35008854,0.9007582,0.66517055,0.39290774,0.6244044,0.18690553,0.93532467,1.7571077,0.10331039,0.36077222,3.4436228,0.11423128,0.29913932,0.5843514,0.33090493,2.8118021,0.43354446,0.08571246,0.117183745,0.38316134,1.0934854,0.46469605,0.36669135,0.5220459,0.0,0.48952508,0.17828274,0.022303049,2.1246088,0.35712215,0.7626377,2.3973353,0.73206824,0.1310835,0.0021684875,0.09186646,0.5902157,0.7614464,0.29451552,0.62269026,1.2297766,0.17335086,0.37907222,0.32135835,0.3448853,0.19760361,0.99286276,0.19714965,0.14246978,0.0,0.5382307,1.413809,1.2923815,1.0905316,0.09073668,0.17977037,0.12544861,0.2119173,0.53081936,0.49019334,1.3692924,1.1995157,0.65373915,0.5446014,0.005946047,1.2402391,0.3953212,0.9969457,0.27957866,0.04947933,0.13761383,0.39320666,0.41992742,0.55385715,0.2865851,2.1774168,0.25808066,0.021114677,0.29461467,0.11353786,0.06728461,0.4204918,0.0,1.8132486,0.036848046,0.28531104,0.16652752,0.053443216,0.0,0.263052,0.079628974,0.040451948,0.0,0.041535344,0.16249032,0.83560926,3.6649647,0.74165696,0.19090603,0.9904646,0.042081404,0.22527537,0.15021633,0.82451636,0.29144755,0.3355707,0.933699,0.627077,0.42413908,0.3263556,0.0047957255,0.48267448,0.40331542,0.79346454,0.5442221,1.1681474,0.19850871,0.48080423,0.16447182,0.17973588,0.7156287,1.2200861,0.40527478,0.4327477,0.44474494,1.7552776,0.6106943,0.39462465,0.024950122,1.0410271,0.0,0.34480387,0.14389491,0.99953145,0.08108595,0.23310657,0.2091109,0.22115548,0.2027188,0.01745892,0.54959893,0.14839366,1.0610417,1.5553668,1.3038225,0.0023398392,2.0484807,0.9426214,0.34485683,0.12157788,0.6208533,3.7069147,0.1933016,0.08485644,0.34021604,0.20176953,0.05763521,0.25875983,1.1944859,3.472792,1.9948459,0.41358784,0.39489216,0.52735597,0.8600059,1.9650942,0.018093843,0.5000019,0.054897428,0.70320916,0.26067048,0.10219555,0.70483905,0.93684334,0.8656711,0.7032871,0.363854,2.854182,0.32710764,0.3593878,0.08480514,0.13358381,0.202579,0.017089384,0.65964895,1.0193366,0.118331015,0.42890385,0.26911294,2.0911322,0.0,0.23331541,0.071691446,0.06983841,0.07106489,0.38276863,0.3771979,0.16332723,0.69227004,0.49341598,0.8460254,0.029370263,0.07214058,0.44878802,1.8786502,0.6313342,0.5194186,0.21254352,0.18980917,0.71744764,0.11468167,0.082295574,0.52360976,0.5459776,0.10497967,0.6653702,0.2920285,0.7596376,0.013573533,0.29357192,0.10659091,0.45085144,0.060733348,0.0071999277,0.55646116,0.6578243,0.37645456,0.5042725,0.015141071,1.0961189,0.5161164,2.058566,3.0513937,1.5432798,0.26310596,0.93119764,2.0353026,0.89960337,0.61704963,0.28465566,0.0694719,0.41386923,0.117316805,0.8273088,0.14980063,0.050879546,1.4343531,2.344344,0.58158046,0.13489044,0.58107466,0.8541389,0.02072325,0.49384618,0.8928353,0.35968667,0.11991407,1.0027951,0.07318712,0.3623675,0.1680937,0.10148479,0.56982976,0.71045786,0.69148535,0.40246877,0.07139572,0.7302949,0.096382916,1.6699069,1.5272605,2.2496467,0.8775538,0.15379381,0.6671741,0.7119728,0.7337964,0.8722631,0.003316051,0.17857182,1.6543132,0.6188779,1.8853364,0.957501,1.4056952,0.49636325,0.23588908,0.36275205,0.022201868,0.14527626,1.3067067,0.5464961,0.19940189,1.4559245,0.29521826,0.21138932,2.0648458,0.999419,0.06141754,1.3773842,0.6753881,0.6529351,0.08100092,0.8558117,0.9209547,0.23707135,0.8649217,1.6189108,0.015239225,0.3868173,0.0013268462,0.19243172,0.48565987,0.11577121,0.12746416,0.40580437,1.6068616,1.6897267,0.21338291,0.2021578,1.2584211,0.3650344,0.032022223,0.05080749,1.0889976,1.1666582,0.28234175,0.7359192,2.3897555,0.25669637,1.1842012,0.64227736,0.11242912,0.6434365,0.17342016,0.30957985,0.19491063,0.40394744,0.07771727,0.12080184,0.06607921,0.029601714,0.45721743,0.26469225,0.0,0.25834942,0.00333338,0.6617215,4.37001,0.793418,0.24447943,0.8586057,0.8897302,0.011917569,0.4182345,0.18391648,1.0303115,0.22276099,0.4767498,all_pothole_images\pothole_images_enhanced_12ea703eadc6d91f080fcbc8798deddf.jpg
0.795874,0.53797334,0.50286996,0.87907153,2.0540552,1.9477826,0.7411968,2.0234363,0.29081103,0.7199882,0.8877954,0.6712172,0.21852162,2.4266467,0.17920984,1.4068142,0.55236065,0.50637317,0.16107078,0.44828916,0.95372957,2.0488784,0.9527085,0.32591256,1.6342809,1.1008887,0.9734927,2.6134596,1.7139714,0.4115311,0.31657594,0.5486648,1.5976741,0.19392316,1.0246046,2.1099203,1.0321847,1.4134446,0.049562015,1.9796369,0.14667746,0.07240892,0.47447944,0.91999847,1.3663411,1.1691173,0.13082309,0.03349194,0.7038332,1.9039131,1.4675503,1.177965,1.2789897,0.73331153,0.20508929,0.9944663,2.7730074,0.24646844,0.8496223,0.72113836,1.0872356,1.2101318,1.1479173,0.4495919,1.0742588,1.0845449,0.46244693,1.1162612,0.38652584,0.3757471,0.5754599,0.7021208,0.5556423,0.81943345,1.9158219,2.0942445,0.33853334,1.3205974,0.14597355,0.6531518,1.6041318,0.52869296,0.08080254,2.2272973,1.6628184,0.7356255,0.9522744,0.39350143,4.53537,0.5017605,0.14211969,1.8528122,0.3047052,0.8335328,0.13529612,0.058261976,0.49240878,0.9038479,0.034444507,2.3197594,0.5206441,2.1523132,0.64809924,0.7405119,0.048937574,0.24926601,0.42524353,0.46873325,0.10773713,0.74740076,0.995806,0.24189766,0.092398584,0.81303674,1.2506037,1.9829357,2.0326028,0.19552843,1.5119611,1.177232,1.1169308,1.8109117,0.33999372,1.3118944,0.96042764,1.5498949,0.19437358,0.65586424,0.28066373,1.8579483,2.582131,0.40811682,0.6162722,1.8837806,0.5709834,0.8273072,1.3397803,1.6473837,2.4004207,0.18965209,0.900951,1.5959861,0.4400962,1.624691,2.0917144,1.3133532,1.1198603,0.54330873,1.1155204,1.276341,1.0542386,0.7324525,0.43281484,0.87658316,1.5822399,0.44099408,2.225956,0.22101386,0.54568183,1.1553588,1.0344905,0.20238437,0.9117637,2.892039,0.69594353,1.4303073,1.0325127,1.7963331,2.47661,0.7201445,0.626574,0.5095937,1.4472915,2.7023094,0.6302002,0.6441232,0.8384575,0.28138456,0.07432742,0.45196038,0.80171436,1.1186327,0.447381,1.0030856,0.22245932,0.7083127,0.23987155,0.31564406,0.087610655,0.48781067,0.97032475,0.13218226,0.75993836,1.0384412,0.00696402,0.039708942,0.31144795,0.17817971,0.08741245,1.765842,0.6377149,1.2621287,0.45126626,1.1085731,0.12003083,2.7814047,0.14581639,0.86692715,0.7420976,1.3607602,1.2309986,0.4716367,1.7847896,0.7139595,1.3698878,1.9279498,1.6885667,0.48333308,1.8357388,0.6072699,2.5815308,0.52954507,0.18225117,0.705189,0.41187924,1.1584419,0.74838686,0.4010776,2.5300698,0.9455002,0.78552383,2.127804,0.31557938,0.38131934,0.80446506,1.2006276,1.1864389,0.7405721,0.13059069,0.67987263,0.71115804,0.33508006,1.0788065,1.332182,0.051063243,0.40394217,0.55753833,1.3125383,0.42128894,3.3008616,0.8064686,0.20965502,0.45254213,1.5360821,0.037634537,1.1080797,1.0329723,0.43448412,2.3784463,2.847632,1.5382578,2.5547826,0.72765326,0.2002725,0.7851692,0.45481274,0.3514111,1.2836952,0.299779,1.1357782,0.3943554,0.522944,0.19525401,0.27586225,0.024242254,0.4015633,1.4696131,0.78643936,0.87077016,0.301996,0.2852927,0.21695179,0.107627854,0.23044103,1.4724112,0.1510688,1.1270198,1.1098925,3.0581534,0.67090815,0.466276,2.2505043,0.5718604,0.08004949,0.0137340985,1.4295944,0.9811892,0.21811533,0.042293962,1.3997756,0.51453316,0.76885235,0.6598379,0.41453454,1.4312015,0.35566875,0.26474413,0.713029,0.9143735,1.5023993,0.76585156,0.032895997,2.8068025,0.85506797,1.3292842,0.8022431,0.14894728,0.1290673,1.2832862,0.3234799,0.19469483,0.94577664,0.12504567,1.7291852,1.7387632,2.1694028,1.3035609,1.1965014,1.1237688,1.7940346,1.6004727,1.2863687,0.7345552,0.7185188,1.6627747,1.4341131,1.1298274,0.52248126,0.38555184,0.88347715,0.33949777,0.6072482,1.5976446,0.1649923,0.75867677,0.02041325,1.1434178,0.4142596,0.17024328,0.6620092,0.783875,2.4405072,0.14395201,1.0436449,1.0473342,0.5873923,1.2025977,1.2611284,1.7675384,1.2897904,0.53921914,0.2814625,0.63264626,0.70472145,0.14380315,0.6411474,1.5080388,0.87935984,0.5949806,0.26031208,2.0812025,1.4377114,0.6918705,1.4145529,0.42826587,0.552434,0.32783553,0.35024735,0.9798592,0.16647838,0.2112546,0.13828783,1.2692797,1.5183195,1.7257316,2.5862641,2.278606,0.47721612,0.8517154,1.2718221,2.16226,0.04032527,1.3186057,0.28658852,0.15134674,0.015912924,0.6748489,0.4544926,1.009552,0.27475458,1.2474864,0.97797906,0.019979844,1.6514512,0.7819079,0.0848244,0.10258129,0.7804499,1.3034064,0.9317507,1.3555989,0.8417568,0.061770096,0.5505412,0.027521912,1.0153574,0.45632482,0.98062086,0.526165,1.768372,2.6761742,0.22838557,1.6628678,1.1514716,1.7401459,0.65687567,0.5530725,2.5406559,0.8906118,1.3584193,1.6890277,1.1734967,1.4665618,0.56261975,1.6797147,1.8423545,1.1771194,0.7255738,0.18997268,0.15404484,1.5794218,0.8860726,0.28180736,0.13552305,0.32274842,1.2477279,4.1524253,1.7404462,1.0628902,0.8070303,0.62938213,0.38834807,1.8629667,0.08869026,1.3932304,0.1415355,1.0688539,0.89586616,0.9523882,0.60316765,1.4725614,0.47217,0.038103018,1.2561474,1.3731482,1.1384056,1.0655951,0.75710994,1.5036306,0.99112666,0.92610127,0.66729873,0.543675,0.56662303,0.32295817,0.81204224,0.004552355,0.23061399,1.9816983,0.45936736,0.5236378,0.98406076,0.23495288,0.8485738,0.051740345,0.40165976,0.4274664,0.47183803,0.8359441,0.6959132,1.0951011,1.1892767,0.054063987,0.21429355,0.0037776663,0.630368,0.16770531,0.9562854,0.12789293,1.1181401,0.94783044,3.8812459,0.0002928588,1.152936,0.9024412,0.02468119,0.05780662,0.36614513,0.13882846,0.35082307,0.87785363,0.13967027,all_pothole_images\pothole_images_enhanced_1369cb1534be88ef8bed3b101c266abc.jpg
0.7803922,0.8235148,0.10600362,1.985666,0.94787407,0.65465087,0.5213298,0.07674185,0.44874743,0.4885717,0.60927093,0.9260031,0.15118861,0.6541594,0.1479923,0.712032,0.08475953,0.77788794,0.4978594,0.053923957,0.21866451,2.530227,0.62484026,0.60734683,0.97979265,0.6823009,0.4241973,2.908411,0.027135832,0.0005677899,1.2768586,0.39119324,0.008421786,0.91447407,0.30668297,1.027953,0.0047168285,0.7888766,1.1668123,0.36593112,0.11493638,0.0,0.26570234,0.8061255,0.25291568,1.4639056,0.07566792,0.14344357,0.0,0.5809658,0.5458693,0.98077124,0.34234604,0.026917983,0.10763895,1.4429797,1.2810173,0.3335294,0.028423065,0.06282358,0.613906,0.18489069,0.89219147,0.08101001,2.0390248,2.2085772,0.46108288,0.12202674,0.396573,0.12925027,0.099183895,0.05465524,1.0713863,0.11215268,0.08851269,0.058094278,0.023006117,0.85817975,0.4961589,0.19626524,0.39259872,0.02950459,0.031871233,2.0455294,0.58509976,0.1972522,0.018137407,0.032160565,2.0403087,0.13819142,0.2915391,0.082150966,0.25204924,0.12353215,0.013885468,0.021632783,2.1787894,0.96080285,0.6126566,1.2576276,0.019635173,2.616028,0.17974812,0.5651884,0.8438398,0.19622555,0.8530567,1.390108,0.26463687,0.0089459075,0.07347332,0.2523121,0.6867132,0.82321155,0.23203805,0.2886465,1.6329364,0.57425416,0.53544563,1.0789909,3.979775,0.28738448,0.28414443,1.261395,0.51349115,0.11017299,0.24436048,0.6455204,0.756265,0.7135441,0.2046863,0.05985925,0.48345098,0.3293349,0.10170979,0.72351646,0.69955504,1.2761685,0.80547357,0.12510228,0.21335395,0.16819635,0.4114904,1.1132337,0.46584055,0.76260483,0.14991604,1.7220398,0.24959596,0.11746553,0.9302761,0.903448,0.0,1.1288855,0.42566568,0.03046587,0.457898,0.0,0.10551028,1.0534978,3.119975,1.2692298,0.00016074332,2.2364125,0.076035365,0.65125906,0.38188228,0.52927935,1.0819405,1.4269334,0.03671842,0.22365806,0.09753857,0.012228743,0.6152426,0.03708304,0.25560662,0.057486087,0.06363581,0.012441195,0.23089965,1.9582443,0.6419559,1.3340688,1.9464091,0.8236079,0.46545514,1.6072245,0.91689175,0.07152629,0.0,0.5673335,0.006270755,1.129706,0.8096589,0.09724996,0.53655124,0.12737994,0.19293037,1.1478401,0.2710198,2.165686,2.193254,0.50645,1.6410639,0.45395303,0.1462667,0.67959756,0.47637793,0.2925497,0.017633656,0.0,0.96867096,0.12288091,2.0495086,1.879437,0.31244498,0.23417641,0.64107394,0.004744146,0.9443835,0.56523615,1.3466479,0.20219499,0.14387766,0.6140143,3.7993422,0.0679416,0.76048774,0.2390294,0.3265111,0.8707817,0.14639013,0.05753341,0.6581849,0.13793911,3.543852,0.07809443,0.45664063,1.0979499,0.23423591,0.055453315,0.89269084,0.16934314,0.9024898,0.0,0.06722191,0.5829212,0.042943798,3.4056797,2.8071089,0.2274846,0.23070742,0.8041468,0.08190085,0.005659318,0.2925911,0.6454898,0.48197842,0.6911958,0.27145645,0.03878664,0.42606345,0.4511293,0.21353322,0.26045728,1.9765469,0.41387805,1.1986383,0.051410176,0.04112556,0.39301115,0.09674557,0.38953608,2.0485473,1.336132,0.6470482,1.1089615,0.859399,1.1064361,1.9958519,0.051171485,1.8732047,0.9929821,0.22168314,0.88553244,0.5557226,0.7221823,1.6165525,0.6249973,0.11151066,0.043722924,0.12949206,0.44278997,0.29906526,0.077126645,0.26255614,0.6442761,0.12527388,1.6231611,0.6340719,1.0808808,0.058424443,0.7202777,3.5775707,0.54724705,0.29004607,0.37549004,0.08836115,1.207458,0.28222224,1.3075944,1.5666217,1.5513287,0.9410696,0.59700936,0.0055962447,1.9125957,1.6358095,0.117596805,1.0149965,0.14345106,0.8838018,0.0,0.75965226,0.24118859,0.502122,0.052960902,0.23852742,0.6462308,2.2269034,0.4230409,0.44390607,0.3253644,0.07087796,0.45269015,1.0670094,1.3709524,1.3182048,0.82129997,0.16361281,0.03658976,1.1197695,1.3734177,0.63880813,0.17785835,0.22930142,0.35001427,0.45117548,0.08147461,0.3663709,0.24406299,0.5999041,0.47821248,0.13553059,0.29614267,0.24030747,1.4465431,0.52359724,0.10367166,0.5546009,0.26413134,2.243293,0.6429603,0.08990298,0.0,3.2397416,0.17197375,0.25242704,0.13716547,1.8786179,0.29605806,0.44558156,0.19290042,0.018902719,0.013669328,0.017916495,0.20713712,1.9116155,0.068654194,0.22941272,0.09882259,0.08824019,0.073611066,3.0980082,0.24135536,0.8156063,0.022909224,0.0,1.2215208,1.21277,0.5295269,0.21324433,0.116812944,0.17310679,0.1695497,0.5390938,0.03140041,0.12854636,0.094043165,2.9415987,0.6636981,1.2699215,0.7354215,0.3847514,0.42412096,0.39214495,0.95593655,0.41147196,0.0,0.66649425,0.21175979,0.07557398,0.19649914,0.48234612,0.2889656,0.10128463,0.8397235,0.35828826,0.0,2.429713,0.1075266,0.77140856,1.605721,1.1313573,0.306535,1.0076692,0.8713532,0.09511833,1.3129948,1.1312592,0.11067796,0.9004077,0.7456666,0.28862292,3.2651503,0.75409913,0.5109662,0.060402527,0.6036731,0.6195811,0.9759619,0.15696391,1.5003511,0.42269662,0.003634723,1.6201085,0.3168753,0.02213906,0.27885324,2.5337791,0.13647489,0.4249349,1.0250548,0.43977115,0.8898189,0.05516728,0.24186142,0.3134187,0.73346496,1.251029,0.22399084,0.25222197,0.15517794,0.6599636,0.510588,0.25366315,0.030148143,0.4989472,0.1479596,0.93607676,0.16935064,0.52371377,0.35067463,0.41656002,0.0035206247,0.717838,0.75436896,1.6406199,0.103862666,0.20556822,4.755378,1.4995759,0.13835849,0.0,1.0536926,0.006215404,0.0101543665,0.80085665,0.3826746,0.0071629942,1.2510908,0.06535909,0.13856141,1.2746271,0.31899753,0.3920237,0.06259004,0.035436604,0.5565176,0.77815115,2.5098352,1.3045187,0.09041335,0.6717413,0.8515807,0.7498619,0.0,0.3561792,0.65741867,0.26521814,0.7439941,all_pothole_images\pothole_images_enhanced_13852f874d04f3785a0eca10f43563a0.jpg
0.6792176,0.15829018,0.11801285,2.7399824,0.6171024,0.0019223978,1.576327,0.33320203,0.7451712,1.9597011,0.2462786,0.87904954,0.13180494,0.23509188,0.08725004,0.069579855,0.36853644,0.72944236,0.9568726,0.042292126,1.2395248,1.7489597,0.0696911,0.15739927,1.7016358,1.3219181,0.375551,1.7689562,0.013617686,0.19988295,0.071988545,0.013920879,0.5970961,0.5909041,0.01864243,2.6076217,0.1824591,0.5451453,0.57495654,0.8633797,0.055464685,0.42638522,0.45919493,1.3572931,1.2353289,0.11456359,1.4216,3.1637133e-05,1.9337695,1.5742159,0.5674323,0.4860271,0.028786298,0.3092547,0.50885314,2.5380752,2.9471939,0.4247593,0.31327972,1.1617517,0.34289613,0.10794748,0.7868897,0.1812455,1.9394512,4.466417,1.2058876,0.02541455,0.56803006,0.23211646,0.17050943,0.4571948,0.069811694,0.03563242,0.34150264,0.25128743,0.7231137,0.48045418,0.30521318,0.4485264,0.1053379,0.3237688,1.3949236,0.6803158,0.1282495,0.27915806,0.33716446,0.12732081,2.199284,0.043931633,0.11654909,0.9613453,0.8016186,0.105478205,0.6241627,0.12770785,0.41881275,0.7928314,1.3431194,0.6501696,0.20877059,5.537148,0.25319988,0.17421184,0.24813189,0.10193981,0.43344986,1.6495078,0.5263797,0.25067157,0.6042018,0.99297065,0.3622139,0.16993849,0.40244508,0.55987316,1.1167233,0.6829089,5.133834,1.666421,1.2775854,0.005676757,0.1951383,1.1968843,0.06883552,0.5408757,0.6666571,0.8313445,0.3071339,0.33645973,1.0387886,0.020202925,0.3525667,0.2270454,0.5161345,0.22734097,1.2240937,0.56292677,1.5791357,0.15547964,1.0924703,0.37980363,0.6344064,1.306777,0.02877303,0.53294665,0.8417659,0.2371979,0.36449897,1.6151576,0.4357493,0.1378434,0.058321975,0.017048799,1.8641964,1.6356752,2.4239855,0.8319936,0.24533139,0.53037804,0.21239671,0.26419142,0.38892448,0.37943816,1.4216187,0.62775457,0.50226706,1.1810473,2.5816162,1.1039762,0.003090845,0.15006976,0.0,0.5694248,0.06182196,0.091481686,0.3928603,0.0144277215,1.0652338,0.27220893,0.032883152,3.370096,0.26294222,1.1698915,1.9086142,1.1452057,0.9634054,2.082463,0.02681826,1.0718164,0.17664069,0.0,0.055141788,1.0084473,0.39154255,0.12999143,1.0594474,0.7189764,0.47436675,0.38891873,0.3796231,0.32236132,0.01787332,0.26004258,0.30218923,0.8045908,1.178499,1.0379243,0.4596584,1.3324828,0.05147076,0.05984439,1.1181551,5.164573,1.231534,2.4985824,0.18485121,0.0,0.73163605,0.3496006,0.25240517,0.13316575,0.7330059,0.6519196,0.006391558,0.3722449,1.1230056,0.45932046,0.9137674,2.002687,0.9211276,0.5244451,1.1292278,0.3654883,1.498394,0.022376679,0.81472176,0.0023017465,0.002924871,0.63412905,0.24836938,0.04854761,0.108213484,0.76071703,0.15853211,0.008051997,1.8102463,0.4363266,0.18393938,4.9365335,4.775233,0.3473474,0.22776817,1.1661899,0.0,1.8777876,0.068250224,0.5095544,1.4760792,3.894023,0.67194116,0.78738886,0.8388021,0.79463756,0.4163802,0.1118762,0.24113907,0.08288193,0.5943424,0.5264015,0.46036714,0.04489751,0.83134824,0.0060135988,0.7227287,0.7934464,2.5585947,0.5277969,1.0457885,0.6816367,0.61072576,0.7943968,0.05622455,0.4965752,0.0022639825,2.154826,2.0591168,1.1864417,4.3086467,0.9515443,0.05684146,0.16211294,0.0,4.062038,0.89589876,0.89088047,0.18845324,1.5800873,0.4220363,2.4294968,0.31252947,0.3724989,0.26795653,0.53905064,4.7664266,0.868444,0.9687981,0.46597755,0.04142605,0.49242315,0.8649484,0.78593886,1.283724,1.5665174,1.3269831,0.2432999,0.1499572,0.6175235,4.3094807,1.2152758,1.0008333,0.0,0.3308057,0.2963074,0.3313885,2.0375235,0.05210273,0.06591513,0.25021976,1.1818664,0.8348753,0.20992376,0.45099375,0.042613313,0.23144647,0.25603944,2.523871,0.67937046,0.8233996,0.26377186,0.77940416,0.04269467,3.8435502,0.9501612,0.25852954,0.25639394,0.04034907,0.7818556,2.0249949,0.022576034,0.93619883,0.4080802,0.87779295,0.39850977,0.023217801,0.14301443,0.043444145,3.6177387,2.5829132,1.197585,0.29351187,0.02170288,0.9346329,0.5273871,0.0,0.14068146,0.31054667,0.33988246,0.74496484,0.48273027,2.8854136,0.20957223,1.2001678,0.0,0.027715184,0.20549844,0.3031052,0.06896433,0.07894197,0.10405308,0.9355273,0.019026622,0.044342138,0.8564252,2.914708,2.4775121,3.150862,0.041215327,1.3468288,0.9509855,2.5681338,0.2792027,0.15232651,0.2599232,0.25855812,0.0,0.6225049,0.5859759,0.3465046,0.4423366,2.5754447,0.45498797,0.04140284,0.6184255,0.41790166,0.46130985,0.5595146,1.210229,1.4825091,0.0,0.018253535,0.2771204,0.0030005975,0.26658836,0.3042614,0.28228268,2.9134667,0.14002228,0.65400696,0.37078553,1.566878,1.5762762,1.2246785,1.1351497,3.3990035,0.8431574,0.33378613,1.3672568,1.1049973,0.25262287,0.26232344,0.19797137,0.2724284,0.8288173,3.7475169,1.4486824,1.2885679,1.5115088,0.567333,0.062542565,0.4722322,1.2223907,0.12808722,0.2502397,3.2682033,0.27833524,1.4823755,0.5744485,0.06512468,0.9315732,0.33717704,0.1118146,1.8695796,0.43644628,1.6451045,0.5133431,0.04862873,0.15081096,2.0824807,1.3408495,3.3003829,0.10919744,1.4934262,0.20946054,0.8091307,0.66622704,0.046458904,0.21345823,0.98825127,0.6468447,0.025058994,1.4052014,0.111939,0.24974075,1.619652,0.06317044,0.6470115,0.78414303,0.8231268,0.0058152066,0.31024542,1.9730388,1.3368618,0.065911934,0.18572527,0.20174208,1.3103564,0.42783254,1.0330256,0.0,1.22305,1.5922761,0.26936147,0.01734657,0.08164814,0.59709156,0.3023603,0.84745204,0.6229826,0.7814472,0.92163783,4.654823,0.7365539,0.659992,0.17662688,2.111751,0.5179701,0.3615518,2.0167947,1.5193039,0.5975144,0.41208982,all_pothole_images\pothole_images_enhanced_141878b5d591dc88e12cddffe8daa4c7.jpg
0.2693241,0.34450135,0.09755786,1.2783533,0.011522931,0.017248632,0.13036066,0.0,0.6241441,0.005230056,0.07362095,0.27253774,0.0,0.6558784,0.15940195,0.03370978,0.28908253,1.1338696,0.31367832,0.020840354,0.38311198,0.030470692,0.1597391,0.037196845,0.4555064,0.13805924,0.670136,1.4112595,0.030163014,0.1740799,0.012098723,0.12228677,0.0,0.5054995,0.0,0.3577754,0.088681236,0.40075397,0.8685452,0.09980672,0.00010980206,0.019225487,0.016796326,0.6237242,0.16383037,0.0,0.027857464,0.7283862,0.061386745,0.6327461,0.07167912,0.7189974,0.028712189,0.16571954,0.4665357,0.5562349,1.0628443,0.8012399,0.062110715,0.19909929,0.0,0.16548401,0.36988527,0.0556453,0.07193187,1.0841112,0.110076666,0.054132033,0.014268801,0.0,0.22606972,0.007863156,0.6001953,0.16074558,0.46375427,0.0,0.100720674,0.6255022,0.0029545077,0.024887,0.0028885985,0.24354245,0.86253667,1.5577193,0.20781392,0.0,0.19845606,0.09541006,0.49207082,0.21291836,0.22055684,0.011241199,0.034632582,0.21793734,0.20073476,0.00033770408,0.1491929,0.67223954,0.033152,0.12312128,0.15217471,0.5550065,0.65023345,0.0,1.2717438,0.01600701,0.3683975,0.07190583,0.030153453,1.0365635,0.0517252,0.38184527,0.34376112,0.05995722,0.3890872,0.13089043,0.0028520138,0.18739893,0.88877946,0.24461691,0.25314444,0.004604451,0.0,0.47322276,1.4318427,0.23565058,1.1969739,0.13641894,0.03191515,0.06693327,0.07368378,0.048560735,0.0,0.39290074,0.30985415,0.1585204,0.075083904,0.07062013,0.027547792,0.006709074,0.5319494,0.4109879,0.38281533,0.2640476,0.005195602,0.21143378,0.0,0.12574787,0.5882325,0.14839084,0.44034198,0.028057436,0.31441855,0.23254047,0.2853843,0.0051787505,0.058791213,0.064475685,0.8915863,0.90223426,1.416822,1.7978203,0.095408194,0.6854917,0.13565676,0.06291093,0.8666126,0.11809934,0.5038301,1.718863,0.0016328248,0.16877124,0.27624547,0.012237856,0.023859521,0.053539254,0.0,0.0,0.8611458,0.1380171,0.0,2.0338626,0.3126114,0.14936973,2.5776887,0.44575444,0.2012584,0.27528277,0.39154145,0.11435391,0.2004194,0.21725343,0.11754451,0.22348988,0.3511987,0.025520947,0.55728406,0.08388107,0.6551919,0.17585626,0.07961151,0.26411417,0.027471561,0.045734007,0.11523318,0.18987148,0.4027818,0.1502204,0.22345981,1.2429581,0.0,0.08460545,0.12404431,0.0005726005,0.7940448,0.9114101,0.0,0.0,0.0,0.029398045,0.124851555,0.046663657,0.54306024,0.0032823018,0.0,0.0048017423,0.30059323,0.0,3.931886,0.2546356,0.040939156,0.0,0.00066718494,0.112706825,0.0030498758,0.0,0.9652185,0.035339776,0.12371372,0.05946346,0.13675247,0.1071513,0.021885637,0.119401366,0.024952175,0.03636461,0.21254674,0.06781753,1.7291278,6.0451784,0.15305732,0.45260653,0.0,0.0,0.0,0.08377177,0.2071777,0.29386207,0.012346853,1.2734407,0.05126482,0.088193506,0.0073189344,0.054830812,0.10388922,0.27616075,0.5008044,1.3036212,0.2643054,0.34592432,0.08972004,0.0,0.424618,0.7638687,0.5030681,1.366243,0.0011253279,0.52126986,0.07111584,0.059856113,0.29489747,0.3890604,0.34430185,0.0,0.0029683718,0.04742314,0.26555762,0.037695173,0.14365421,0.06700102,0.0,0.20923312,0.0,0.1403036,0.025838235,0.557448,0.42782095,0.00046546632,0.010866563,4.1498814,0.53121054,0.025390776,0.2777479,0.091887854,4.057749,0.15748894,0.30699986,0.00066360756,0.27627614,0.19131038,0.14144817,0.33571002,0.7771566,3.4153285,0.07802666,0.032916203,0.46854797,0.8977025,6.2094216,0.2636456,0.020734174,0.0031608392,0.14762703,0.23210089,0.0,0.022759741,1.1836809,0.0,0.08626904,0.001852611,2.6507938,0.19530919,0.5433184,0.08786152,0.0,0.0,3.3406377,0.023941876,0.11419936,1.9865179,0.23870768,0.0,1.9411156,3.1435335,1.0865222,0.6316306,0.06392506,0.6350666,0.22392547,0.013414516,0.415828,0.58543265,0.011972667,0.0027020287,0.18903074,0.21763983,0.018053133,0.053583954,0.07809213,1.0780457,0.36992607,0.40978956,0.65683365,0.5471432,0.03087531,0.005069209,0.49173978,0.2337288,0.038809504,0.011659205,0.1560296,0.35448736,0.022974802,0.043721486,0.075316265,0.1882611,0.18097381,0.017515143,0.33432513,0.43272132,0.55050045,0.0,0.0033468935,0.01331188,1.0273638,0.18835615,0.47225586,0.08577202,0.0,0.20876639,0.6585391,0.0012493527,0.23885074,0.24786651,0.049671095,0.09571196,0.012451682,0.14575395,0.051514506,0.19755602,0.7820435,0.5256855,0.3357234,0.11770585,0.32155055,0.0,0.29170987,0.5968337,0.7041754,0.023862172,0.002101274,0.61724293,0.029021243,0.0517942,0.007598796,0.12431531,1.7109786,0.1076961,0.9244104,0.00034512134,0.7882853,0.1469459,0.08533209,0.24359334,0.40152052,0.20019722,0.27902126,0.0043608737,0.18612756,0.08343017,0.48741207,0.057100892,0.4391695,0.71816564,0.9060858,0.37411338,0.0,0.042822167,0.36314186,0.4621022,0.0076454706,0.09387984,0.08680483,0.019550374,0.046144485,0.062003516,0.3577173,0.1768059,0.015602855,0.89702076,3.5111675,0.0,0.94631845,0.0039249854,0.069709964,0.34377506,0.004527935,0.015174454,0.0054317117,0.21552628,2.0205348,0.0070389,1.0800915,0.0,0.08155845,0.0070736157,0.012357775,0.0,0.0,0.4534427,1.055578,0.46562365,0.015702412,0.0,0.4540408,0.21162811,0.4131911,0.07161865,0.0,0.11433685,0.051299337,0.23486063,0.832425,0.21949904,0.36791486,0.0014843927,0.0,0.026000312,0.14779912,0.0136547135,0.16772352,1.5829158,0.20331939,0.75989455,0.0,0.1274625,0.083476454,0.0,0.0,0.016334996,0.7833912,1.1805562,0.90560097,1.1789794,0.46723843,2.357438,1.6360593,0.06597309,0.032234054,0.0,0.02755673,0.027824815,all_pothole_images\pothole_images_enhanced_148017f496e0f98e0937258e8e91de69.jpg
3.3084934,0.41629985,0.14659226,2.2412794,0.8180232,1.7443655,0.82540244,0.026828682,0.01573979,0.4152502,0.25603485,0.5076146,0.1992749,1.5441427,0.08500332,0.22050047,0.5539295,0.0042218813,0.80233854,0.12448604,1.5557141,4.1684246,0.3205243,1.9805659,0.62654114,0.71121967,0.004276995,1.4207984,0.4037008,0.69977236,0.4995958,0.24009216,1.4063116,0.5878864,0.08649781,2.6884868,0.9434515,1.2296935,1.181598,0.91057104,0.35576984,0.023207013,0.051260952,0.13055786,1.9334269,1.4634746,0.05574164,0.19873482,0.35986218,2.3340983,1.1127937,0.06927164,0.5476391,0.40438575,0.0,2.5264885,1.2306272,0.35061315,0.42489737,0.32352573,0.0,0.50582844,0.2297424,0.63639057,0.5883061,0.94773287,0.6351128,2.0103664,0.56427515,0.24624313,0.2826191,0.08680846,1.5948713,0.9356903,0.46427515,1.7164196,0.24216734,0.46785432,0.25641668,0.117550135,0.52444404,0.4203287,0.62666994,1.8352841,1.2710987,0.21103163,0.124316856,0.5846137,2.7962377,1.2856866,0.32539177,0.1836563,0.099398576,0.04760315,0.2914082,0.1289892,1.0084692,0.4079466,1.4707688,0.03021284,0.48472875,1.2370169,1.3402003,0.09357236,0.0884654,0.00881044,0.15803277,1.2932522,0.098178364,0.17461632,0.0,2.9569697,3.229139,0.49191386,1.0173472,0.9282273,1.1670895,0.13756698,3.2141442,2.3872833,1.7785203,0.38174286,0.0057391827,0.33541456,0.08629117,0.80936164,0.9345094,1.8108052,0.043369774,0.19406557,0.5382936,0.004568478,0.023270309,0.1694547,0.23766257,2.205285,0.04249375,1.9809328,0.27493787,0.79356265,0.21926671,0.29297447,0.041723028,1.0099621,0.19427751,0.25414547,0.41943514,0.7305983,0.89368105,0.0,0.26154408,0.5574067,0.10471651,0.01974975,1.9723035,0.4942117,1.2276374,0.61679167,2.4637182,0.13590668,0.49311706,0.80198294,0.13833492,0.57239056,0.043810096,0.7257757,0.5700362,0.03484779,1.5590537,0.42200217,0.29140517,0.0026171072,0.07606459,0.5169096,0.387319,0.000115632705,0.6879683,0.016000127,0.70136845,0.0014352408,0.10392544,0.8309391,0.43831074,1.7165341,1.6914291,1.4114779,0.9960528,0.31701538,1.6063471,2.499002,0.17732823,0.21199608,0.0,0.7388047,0.8057341,0.49874574,0.107084915,0.8190513,0.8172372,0.598872,0.1791365,1.2115186,0.38958,1.5908056,0.714295,0.16139941,0.46134493,0.038806498,2.4731457,0.16479792,0.14051555,0.08002478,1.4655693,4.255255,1.9927,1.1119231,0.25439256,0.044073377,0.5816842,0.31603697,0.60497046,0.66979903,0.8517325,1.4132098,0.0025843245,0.119583495,0.95092636,0.113619745,2.4677808,0.16734385,0.3326743,0.31463966,1.3645645,0.9509234,0.7866769,0.27244857,2.1591175,0.075577304,0.0,0.012397694,0.30868608,0.34417763,0.10281506,0.03067137,0.03180119,0.09370216,1.4198483,0.62882435,0.8647048,5.1526275,3.3229117,1.4183629,0.4520022,3.1468043,0.033303786,0.59417975,3.1079042,0.2732462,0.2194733,4.772675,0.012300257,0.15336713,0.73257905,0.8030198,1.7443395,0.3715468,0.21468493,0.5496509,0.38628593,0.14419937,1.6504028,0.65733695,0.030704474,1.755507,1.6775022,0.40164185,0.85496163,0.11479567,0.02155371,0.2979186,0.59040076,0.25720775,0.8466582,0.1861828,0.0383504,0.7525717,1.0954669,0.28788057,0.52130216,0.086912215,0.21995509,1.0379231,0.17421329,0.94215935,0.15429947,0.32720655,0.09267347,1.0807843,0.22695455,1.5833242,0.05157679,1.0395622,0.12975594,0.60002214,4.820596,1.0142945,0.084440336,0.8646302,0.3408225,0.044049125,1.7675745,0.1685209,3.0906966,2.0079408,0.426295,2.2940078,0.025251772,2.153741,0.71635854,0.021668095,0.12963021,0.053230666,0.31826857,0.24297555,0.16157831,0.20766863,0.8626027,0.06534481,2.489206,0.101559356,3.4391544,0.5817596,0.35561877,0.4360512,0.0,0.2750808,2.1019118,0.11963957,0.032668646,0.27062666,0.595136,1.1265641,2.6668286,0.064116485,1.2964742,1.1811935,0.40792185,0.016659139,0.7459351,0.7504682,0.24928246,0.2973346,0.1948627,1.5004854,0.90621364,0.7603788,0.045302477,0.2829725,2.184566,2.4075837,0.34069568,0.7493833,0.48543727,0.464741,0.0,0.9870636,0.98629135,0.008872143,0.038560096,1.0487202,0.846346,0.08010384,2.5495138,0.0749679,0.6405643,0.6360129,1.0778315,0.052990135,1.6909245,1.0334291,0.83830065,0.05980252,0.53853464,1.0486909,3.126748,0.35770202,1.7964973,0.023918862,1.2368764,1.7384709,0.38891312,2.8120658,0.30603296,1.0028821,0.0,0.042778675,0.5053211,0.11416318,0.29974732,0.34560922,1.3163159,1.2839571,1.6180736,0.020290917,0.70153135,0.35862964,0.8432142,0.41956002,0.010453335,0.32159942,1.2163683,0.92072767,0.017604351,2.7598429,0.20596926,0.4797811,1.3052869,0.22352387,2.1471756,0.9648445,3.9389567,1.0105299,0.6832012,0.2861593,3.6706462,0.58868766,1.1397657,0.17049782,0.26302108,1.7991619,0.37244982,0.9996959,0.8529931,0.9575061,0.25058216,3.7601075,1.4752777,0.4662407,0.5571652,2.3030343,0.42660105,0.27903065,0.14371327,0.96864784,0.98853606,0.20345168,1.5037732,0.35615793,0.12154684,1.2155685,1.4546165,1.1613405,2.906276,0.8109463,1.1169369,1.5098875,0.9175699,0.29999962,0.3905624,1.8184776,2.6809797,1.6030403,2.9790542,0.90194803,2.2381594,0.047475915,0.65611804,0.54577196,0.42908198,1.0607426,1.1851207,0.04206376,0.43914762,0.5026784,2.9022357,0.2125791,0.0060885395,1.36585,0.6041895,1.1182489,0.5723221,1.6692796,1.6077715,0.3858918,0.055029795,1.1585196,0.10187546,0.2246562,0.92076963,0.08945177,0.084234685,1.3687155,1.4796486,0.018269971,0.22221234,0.07513234,0.9924662,1.0366777,0.18629952,0.14383847,0.5912608,7.5983424,0.8222972,0.0,2.094977,0.8144802,0.041473005,0.79086435,0.31261602,0.5855802,0.47698677,1.3108703,all_pothole_images\pothole_images_enhanced_1486d41c613309686c7456bbff0f8a95.jpg
0.0499375,2.6098104,0.94964844,0.98277515,0.009440116,0.35734588,0.016867172,0.6338019,0.6765395,3.239365,0.43927422,1.7693573,0.38308513,2.189414,0.00029033172,1.3645554,0.3659214,0.32034677,0.41868898,0.29628068,0.470784,2.1449108,1.0889276,1.4734716,0.09812306,0.26720047,0.039382268,0.15699624,1.5595592,1.5457978,0.08731124,0.5439551,0.14927854,0.17166859,1.5544608,2.4238887,2.155695,1.7350674,0.83098257,0.74564314,0.056958154,0.37456962,0.4261788,2.425105,0.27551794,0.11746363,0.55083203,0.3632435,0.15558732,0.022570424,0.601187,0.5585103,1.3683573,1.5069944,0.014591539,0.76545763,3.15765,0.63480127,1.2910457,0.3681193,0.059695832,0.41799816,1.6521362,0.37322038,0.057216946,0.7770754,2.2275054,0.6029667,0.73405534,0.7091203,0.21671508,0.35720843,0.14589219,0.018846603,1.1406896,0.6994058,1.0463282,0.5052745,0.021355163,5.301748,0.10410646,0.19232817,0.11135089,2.2324052,1.5315332,1.1522322,0.4914908,0.35524297,1.506739,1.2786053,0.67355597,0.041725278,0.00040168688,2.8114557,0.7789157,1.7627746,0.37909767,1.0588312,1.8551766,0.6913934,2.3523772,0.4017749,0.01135105,0.26359627,0.3323066,0.958587,0.3357439,0.23853554,1.4727144,0.40449587,1.753295,3.527117,0.005931871,0.2727195,1.176521,0.020686058,1.1077383,0.10394361,0.4801104,0.105524145,1.4983557,1.6800627,1.6665217,0.22137976,0.87989324,0.32547218,0.11622869,0.3018809,0.72602755,0.44121632,0.62556684,0.62981266,1.4534644,0.058982223,0.21052153,0.61413366,0.041809026,0.5712283,0.5446624,0.42954308,0.0076980996,0.64899004,0.6977428,0.12737678,0.0,0.40852806,0.51205295,0.5018988,1.6996095,0.665683,0.10021226,0.28589043,0.28445074,0.025892349,2.7039402,0.51804626,0.02868109,1.9836718,1.1396781,0.12046107,1.2910564,0.33466905,0.40867493,2.2486615,0.057604156,0.8000468,0.4040685,0.6819931,0.60742086,0.47089595,0.118903674,0.09073507,0.66911083,1.410776,2.0184522,0.5865714,0.26279268,0.11179188,0.019708928,0.7139603,1.2335905,2.2551625,1.5480362,1.3908803,0.97231424,0.9553872,0.045691106,1.3503795,0.74483794,2.7056947,1.8587959,0.09855609,0.47309202,1.6553105,2.7284732,0.32083094,0.1293976,1.1475792,1.6744269,0.742844,0.9422552,2.072998,0.6523839,0.27771547,0.6208814,0.11360947,0.8828154,0.022683695,0.8540662,0.2120292,0.00071266264,0.19985485,3.035437,1.9909883,0.090074584,0.20279251,0.079872064,1.5000315,0.64358735,0.42980883,0.66063005,0.5034543,0.094690934,1.5086285,0.9625403,0.005706284,2.2250557,0.2619578,1.31383,0.02375718,0.032451,0.13592461,0.06881905,2.0485642,1.4474244,1.4899027,1.3762528,0.23223943,0.078401275,0.5989311,0.0,0.17494401,0.33916026,1.0656285,2.8826032,0.28886864,1.2071486,0.033751115,2.794744,5.209641,0.5968675,1.8244447,0.29045367,0.03819615,0.061216645,0.36170304,5.6497703,1.1766535,0.050623007,1.5363766,0.19725983,0.29759526,0.2488151,1.9783798,0.309234,1.9603376,0.30933064,0.5056812,1.577005,0.1823698,1.6892974,0.79915726,0.18505098,0.2866822,0.4092212,0.9999395,0.008435802,0.33949152,0.25702474,0.64618593,0.061391503,0.67424095,0.09190162,0.5654958,0.9389838,0.014063816,1.9331387,1.1245149,0.013555596,0.013267291,0.41198403,0.045370046,0.11487046,1.4683762,6.028077,0.9352504,0.33899653,1.0233234,1.4076592,0.4609401,0.2549884,0.067840256,0.5099919,0.282601,5.8553367,1.0639639,0.30875465,0.030089179,0.33198407,0.002890722,0.4541411,0.06661919,3.5939815,0.30764532,1.1031367,0.8970887,0.89677256,0.05905104,0.83308536,0.10117923,0.97906786,0.2584892,0.03443546,0.009508618,0.09770426,0.5083997,0.86998093,0.7467182,1.3607777,0.87091094,1.5403666,1.2551625,1.7780789,0.0,0.25270733,0.6949229,1.4321635,0.13218336,0.066268556,0.06849208,1.6797897,3.1381726,0.8553477,0.40034893,0.92007715,0.92422414,0.01274946,0.27860373,0.0010176135,0.3626333,0.106398426,0.12890226,0.53027356,0.6120698,0.7544464,1.1325552,0.8677345,1.4984503,1.4133431,0.1165864,1.3329489,0.018378649,0.029482804,0.20445395,0.03644789,0.6307059,0.16763453,0.06384775,0.3839783,0.15033706,1.171645,0.27309778,0.7534991,0.33347103,2.725759,1.651076,0.070575535,0.033126358,0.7312286,0.29962215,1.1591088,0.5213795,0.1016093,1.3164018,1.3260167,1.5890248,2.3631537,2.0904267,0.39846516,2.2032428,1.0410843,0.13421404,0.39847404,2.0401587,0.40953958,2.5199232,1.3529955,2.7378309,1.8435818,0.1939995,3.4667072,1.3362228,0.054162167,0.9839004,0.18224744,0.020898279,1.4376314,0.7846379,0.014479371,0.6948432,0.1145815,0.6864488,0.80021214,3.122573,0.0,0.0584134,0.055119123,1.2955136,0.010482243,0.02427829,0.019679494,0.0,1.8017616,2.5330534,0.66283244,0.7980474,0.4836084,0.5645981,0.51007587,0.22843443,0.42319286,2.3340755,0.07919087,0.9229604,0.019563496,3.0855174,0.38812935,0.5638754,5.2057347,1.9062256,2.0564773,0.056043025,0.19783369,0.0697003,0.48761487,0.16564544,1.6355749,0.042927567,0.46593857,0.12254723,0.5344148,3.5726037,0.58013046,0.08559205,0.66098857,3.8934014,1.2985109,1.1586065,0.7663667,0.8114144,0.14081372,0.19806057,0.015150998,0.023906596,1.9808173,1.8655881,0.0012190356,0.06019528,0.048605245,0.34687188,0.21439509,0.2614741,1.0102242,0.22595634,2.9474964e-05,0.018425077,0.79034656,0.40428507,1.4504488,0.40412727,0.73421645,1.400439,1.3863481,1.3902565,0.6069464,0.5791376,0.4484173,0.18115237,0.96527314,0.39364165,0.38341084,0.6722254,0.041464202,0.024522679,0.0030103836,0.2365311,0.76795006,0.7941608,0.46665058,0.9192423,1.8743329,2.8339827,0.23778002,0.4082674,0.08692376,0.52832943,0.019009035,0.90783376,0.5543843,1.3768883,0.3589151,0.4971678,all_pothole_images\pothole_images_enhanced_14aacadeb7e0526435f0a3076c64cccb.jpg
0.21196273,0.1841008,0.2264876,1.726786,1.4490132,0.11952807,0.7994251,0.0,0.0873741,0.98579127,1.4312938,0.020311816,0.33311808,2.3777978,0.36238936,0.25844684,0.08559211,0.7213943,0.34881717,1.0791993,1.5520617,0.8193848,2.1970131,3.0377798,1.5787629,1.3581368,0.8550075,1.4291425,0.41253164,0.2784601,1.0059917,0.11362315,1.0512044,1.0819607,0.46699682,1.4711187,0.90458685,1.4947816,0.18245167,0.0724411,0.33535796,0.7795963,2.2088885,2.1569345,0.21445096,0.92641044,0.7222995,0.9928951,1.2731905,0.04110991,2.731774,0.6225715,0.24590664,0.1531384,0.077907264,0.24926676,1.1138012,0.23616473,0.6646208,0.7413747,0.21163988,1.0323995,0.7552059,0.39260954,3.783193,0.68453926,0.25006473,0.10654907,0.036913875,0.64235014,0.29189885,0.06582976,0.7681959,0.26372457,0.6097081,0.39134815,0.40561137,1.1357653,0.11484004,0.5846053,0.051135972,0.4901073,0.5316986,1.7853636,0.20186935,0.8404086,0.11770656,0.13096316,0.6544054,0.10723427,0.26475212,1.4369911,0.5612824,0.13647163,0.14006731,0.326333,0.19326213,1.579765,0.770678,1.0746315,0.21934322,1.5545685,0.93966013,0.19484235,0.7946497,0.76708585,0.41264203,1.0099378,1.0021868,1.5510855,0.27050868,0.49398515,0.5277565,0.5385823,0.548904,0.024106462,1.4542971,0.034721978,1.2935174,2.1572702,1.0370467,0.46143946,0.46900728,0.6900617,1.9975893,0.10721036,0.4446612,0.33365583,0.023295,1.2733588,0.5875499,0.27038553,0.121016406,0.18380332,0.34480533,1.8322253,0.20831855,0.55005187,1.0837255,0.1296578,0.28190753,0.48234293,1.4969258,0.96049684,0.6700366,0.6614979,0.44716075,0.42905363,0.03244476,0.2706991,0.6220835,1.5915369,0.3181249,0.7923213,2.8625562,0.5457789,1.8433396,1.007311,0.4535057,0.7717766,0.96135086,0.13778405,0.9833697,2.0450888,1.0178652,0.03319269,0.44077665,0.51280797,1.0163289,2.4803178,0.62042385,0.044513322,0.3991809,0.07207817,0.44151974,1.9003024,1.0350183,0.30284074,0.21174583,0.6061874,0.5702807,1.5043802,0.26841003,1.196374,2.0219066,0.17746887,0.24060187,0.21672653,0.13470772,0.9416911,0.648841,0.02558338,1.1637834,1.0976049,0.4950731,0.9473611,1.7055583,0.6381818,1.7973812,0.22972535,0.702014,0.19383585,0.3790378,0.7394384,0.23214756,0.14578967,0.60190934,0.6961785,0.8115454,1.427504,0.14131106,0.4868888,0.9633406,1.0574398,1.5274647,1.1995943,1.2997878,0.5226305,0.772062,0.6546947,0.98231435,0.48365876,0.6672812,0.7148593,0.23538643,0.303957,0.691521,1.6724077,2.7859488,1.27057,0.0593973,0.45781213,1.3008975,0.41804528,1.479297,0.010840041,1.3115408,0.8873338,0.16575079,0.5955152,1.3166317,0.049063798,0.5497918,2.4620998,0.62040603,0.056804284,1.6424369,1.7468792,0.58573157,2.1254606,0.0969959,0.25719434,0.056102026,0.40043825,0.46586895,0.56600976,0.37239227,0.3381405,0.18101257,2.5462325,1.2535952,1.1574204,0.5514202,0.04329186,0.5596702,0.16114978,1.1297557,1.4658511,1.46925,0.57312894,0.07597651,0.14015579,0.7263708,0.60567766,0.10868668,1.3171043,0.293562,0.39050642,1.3326125,0.7882225,0.8795844,1.191237,1.057665,0.3981808,0.53339595,0.39919466,0.839807,1.2091593,1.1707255,0.21206965,0.0069676423,0.58604705,0.2671055,1.126375,0.073807664,0.6354746,2.171981,0.078130655,0.18368024,3.0187533,1.7452298,0.8620096,0.47416452,0.10764364,3.8986537,1.2616688,0.019930627,0.16335592,0.45506713,1.0721629,0.47372946,0.7226911,1.7821132,1.316452,0.5991589,0.40436733,0.014504489,0.6188975,3.1776795,0.64338946,1.3829669,0.25188166,0.92770183,1.6847719,0.6382135,1.4116727,1.5234783,0.777489,0.12032444,0.84883386,1.1859466,0.0017050053,0.7304858,0.85051507,0.10781086,0.3169962,0.24879977,0.8875955,0.83001924,0.5434234,0.43603313,0.03669373,0.9375498,1.3669069,0.0,0.19531475,0.71070385,0.13228983,0.94363135,0.046745174,0.36151814,0.6529748,0.120343715,0.8306794,0.72065544,0.63338,0.2078313,0.83449256,0.23373033,0.17787835,2.3314693,1.7324895,0.7021556,0.398879,0.44601142,0.13082398,0.49850586,1.848492,0.95511997,2.1113386,0.5786853,0.9042805,1.2497492,0.29182604,0.6942925,0.8105803,0.87094575,0.26853603,0.6565175,1.1232764,1.0887898,0.6576239,0.7200596,0.79804295,1.6632603,0.65455526,2.98242,0.52910244,0.022130664,1.6822155,1.1926363,2.0672047,0.5575917,0.7232258,0.015485411,0.22765483,1.9426852,0.3963172,2.2193456,0.5384998,0.7108015,1.1141667,0.109423295,0.61053616,1.1990705,0.07101637,0.5908075,0.16801013,1.1388531,0.32171553,0.36069632,0.7286364,0.6372158,0.31718957,0.42811692,0.18250704,0.28736866,0.8757156,0.43101805,0.6669586,1.6264324,0.82622796,0.73721343,2.6452804,2.4460614,0.45929033,1.9897784,0.4800429,1.6367396,0.51313853,0.384501,1.0116327,0.066814214,0.3685378,2.1324503,0.5653475,0.37402692,1.2906492,0.3326889,0.0012471263,1.5295955,1.1178727,0.5832576,0.7376564,0.042473413,0.6581422,0.50177073,0.24049549,1.887665,0.9634926,2.8692396,0.17920917,0.28568217,0.42036366,1.1331553,0.26081035,0.41326395,0.935855,0.31999108,0.32113934,3.2046988,0.6148388,1.5954437,0.8266071,0.034865312,0.7423022,0.12831172,0.053334728,0.09079054,0.54088295,0.26984462,0.13806869,0.4937339,0.14052837,1.1971806,0.6540171,0.6366281,0.90479445,0.52635276,0.36403129,0.9826394,1.7552627,1.4004267,0.5544512,0.3971688,0.41758683,1.5379441,0.33657086,1.1198509,0.27453497,0.6110471,0.093399875,0.62433815,0.11077481,0.28132161,0.4168034,0.12763536,0.75436527,0.43317732,1.4682726,0.6207936,3.9262426,0.20900688,0.25069317,0.27845454,0.95840645,0.83291763,1.5040859,0.16241081,0.6178614,0.12367396,0.46187264,all_pothole_images\pothole_images_enhanced_14c3928f68c6d2994263b1a6422ef09d.jpg
0.1967461,0.38884726,0.058372308,1.7617416,0.81756777,0.46900803,0.6989482,0.42933822,0.14594802,1.1318791,1.2102879,0.6457314,0.3358631,2.6302195,0.007008862,0.7361236,0.0013950618,0.6412037,0.91795707,0.0071817297,1.8387259,0.15063314,1.2893598,3.2545993,0.6073696,0.12939738,0.050668128,0.80474013,0.34369585,0.4784803,0.14806388,0.20180203,0.9797849,1.4271878,0.17750084,2.874592,0.38068458,1.2827295,0.36412784,0.16962053,0.21306102,0.30730152,0.6283892,0.23896335,0.11982492,1.148252,0.3522777,0.03218913,2.0546558,0.174174,0.70224917,0.25622243,0.041636534,1.189003,0.3622502,1.4101431,1.1003512,0.003814636,1.2309932,0.05163429,0.058471035,1.5281795,1.4763944,0.46317163,1.5865681,0.7239034,0.2821188,0.3360094,0.89275926,0.040497392,1.1206912,0.23192953,0.18782848,0.07355837,0.12987193,0.34727713,0.5773869,1.1116298,0.020995438,0.091090776,0.124565825,0.6846146,0.3980675,0.89733356,0.1231343,0.41315016,0.0577045,0.04365062,1.5351288,1.2680941,0.17401667,1.3807099,0.6296952,0.67674583,0.22462337,0.15038785,0.3726348,0.8900121,0.082699634,1.0004333,0.8996225,4.1865354,0.0,0.08065969,2.6212275,0.4621516,0.76555645,1.7076457,0.82397366,1.0744603,0.34011814,0.18240383,0.2740346,1.7274746,0.76806694,1.1266626,0.17183155,0.11371126,4.857898,1.2598716,1.2218375,0.32031637,0.037675284,1.5436499,0.563176,0.14285868,0.39653093,0.6855627,0.15340146,0.698922,0.68911856,0.42802343,0.40280953,0.22187376,0.5569136,0.8122386,0.7316775,1.1856363,0.4961881,0.06344051,0.3214374,1.3195691,0.14388347,0.8154244,0.12889291,0.66323584,1.4977862,0.37549654,1.4079072,0.4911316,0.13204566,1.0475905,0.7344292,0.20660365,2.0452332,0.9944531,1.9619118,0.75485975,1.1293589,0.63470757,1.5606661,0.26146194,0.049405735,1.758389,3.0748565,1.0420965,1.7860475,0.123818055,0.772001,1.9494479,1.1380368,1.1797734,0.055291116,2.1064441,0.19053227,0.44845435,0.08130226,0.073240794,0.33649597,0.15355042,0.0352183,1.6988481,1.013593,0.7870031,2.7036183,0.79722375,0.9931959,2.2761898,0.1806661,0.34399197,0.18173036,2.0414004,0.2675353,1.4761813,1.4827361,0.73348826,2.591747,1.9426658,1.6951463,0.06569897,0.5460897,0.6600094,0.07498259,0.004763184,1.0989816,0.112180725,1.2739364,0.0015781731,2.439206,0.7175693,0.16434182,0.23732965,0.23799436,0.42692488,2.101394,0.14982338,0.5351145,0.036484454,0.7216499,0.34051245,0.44946012,0.034737483,0.85628355,0.08034159,0.16640729,0.2238198,0.45850348,0.46633127,2.9122105,0.16313408,0.35068002,0.0073161414,0.786364,0.24415942,0.36750495,0.20907894,1.2576075,0.39050868,0.81429446,1.822606,0.033975974,0.0,0.033019405,0.965943,0.78593266,0.30236524,0.1353203,0.49372324,0.061090946,4.4826646,0.47529987,0.2706326,0.5409243,0.3478651,1.5423568,0.8962487,0.20202447,1.2547182,0.41266784,3.2038758,1.6188631,0.9067524,1.4834971,2.2503772,0.0093271565,0.23596734,1.0947685,0.21445271,1.2374759,0.011698313,0.32491538,0.12403187,1.8577211,0.44047698,0.09826792,0.2096229,1.0024049,0.38960496,1.0666488,0.9107326,0.0,0.6338641,0.69797415,0.08758273,0.15710545,1.4454725,1.1332458,1.8919531,1.446515,0.5123832,0.012943535,0.33275262,0.18591355,2.2645252,2.3838391,0.37467387,0.5319287,0.29219857,0.2242686,1.7800987,0.9196911,0.24451639,0.07435504,0.046514943,2.62535,0.6821228,0.31134406,0.0,0.22420813,0.41945228,0.3580956,0.92181563,3.5810084,3.1571696,0.17866358,0.32786855,0.26386145,0.4570591,3.148296,0.5384731,2.8741567,0.010653612,0.5518549,0.2041995,0.019154143,1.1240168,0.13970612,0.18889213,0.5092909,0.3545511,1.0740947,0.44498983,0.614641,0.13884306,0.23938671,0.0,0.24119467,0.5654426,0.7475901,0.22050126,0.46544063,0.5073127,2.1337962,0.8300356,0.6814133,0.5333407,0.5075033,0.27853742,0.8234604,0.3653064,0.124859385,0.453553,0.083268926,0.96862274,0.4041685,0.24012344,0.061676856,1.7588084,1.0467829,0.4059396,1.0382079,1.0121568,1.1263179,0.169774,0.09634182,0.39948234,0.03238955,0.9250807,0.9389059,0.9580956,0.26208144,0.6030685,0.44776702,0.64928544,1.7759658,1.2343336,0.044849284,0.28222117,0.48723343,0.62595683,1.1509598,0.012473934,0.053372953,0.31442937,1.3070523,0.5067172,2.621732,0.31373397,0.7372862,1.0838273,0.40934283,0.5773019,0.48373452,0.25402114,0.020159144,0.4858483,0.70372367,1.426645,0.6214843,0.06655903,0.05513901,2.279611,0.5038879,0.0030256484,1.0459961,0.020655552,0.84388685,0.2511045,0.690436,0.6337806,0.043378122,0.31861573,0.07503416,0.4807494,0.32195446,1.2847546,0.20764156,2.3973796,0.17968173,0.18157259,0.8084992,1.6869171,1.0109829,2.6754405,3.72416,0.54219216,2.2062871,0.6121575,0.95106006,1.9598653,0.418202,0.2267559,0.46624738,0.24431913,0.6021721,0.8014324,1.3568664,0.9022621,1.4506543,0.9902659,1.2183827,2.9542613,0.54813296,0.05943048,0.043599546,0.02570287,0.22650947,0.5264784,0.38585505,1.0657874,0.94498813,0.10388452,0.60204566,0.98760706,0.13333444,0.39237842,1.8308344,1.1653501,0.6722049,1.7489712,1.9647746,0.74898535,0.92509973,0.1865332,0.10317305,0.48510098,0.7771731,0.21496092,0.83575904,0.49928558,0.29387403,1.6131399,0.39748955,0.41746956,1.3693893,0.016092235,3.536948,0.8115063,0.23356037,0.067791335,0.15540028,1.3139732,0.98807275,1.3290992,0.5227594,0.13546339,0.42826796,0.025715657,1.1819015,0.3171528,0.3257228,0.27062252,0.5019344,0.0,0.14517488,0.10043364,0.1018824,0.020221788,0.15546735,0.415328,1.6705269,3.0232055,0.85947806,0.10426325,0.45515776,1.6399589,0.028706435,0.4402054,1.4806367,0.29746142,0.45060337,0.09673994,all_pothole_images\pothole_images_enhanced_14d7eb50bc98a3d2249c4072aad09b31.jpg
0.4766345,1.8995343,0.7148423,2.2520766,1.9230098,0.98022324,0.08435386,0.0,0.55489093,0.7478707,0.16195099,0.5090886,0.36351776,0.27997354,0.70968217,0.43007642,0.09065693,0.16525586,0.08627583,0.551903,1.1975697,1.5262823,0.3791218,0.69301325,1.5300888,0.6899424,1.0034068,2.0683491,0.32107204,0.32999364,0.4484515,0.3565918,1.1086076,0.3064451,0.4644998,1.57299,0.7684471,1.5409832,0.09199671,0.4102424,0.043605532,0.051843736,0.12124941,3.7153406,0.7849869,0.07257156,0.16999875,0.47780576,0.4929843,0.77004755,0.5202252,1.4658362,0.36041352,0.44450945,0.329768,1.706338,3.337699,0.1293354,0.31282398,0.32574984,0.0022937253,0.6943566,0.95763785,0.38408273,0.030995492,0.97442865,0.3780359,1.0091304,0.35118312,0.49399465,1.0927846,0.81517386,0.6897185,0.426829,0.61449975,0.8045185,0.26255366,1.1244582,0.0,0.61708283,1.2903187,0.011226457,0.115892984,0.50746536,1.2948912,0.24474712,0.21297808,0.09231054,5.1519327,0.081148766,0.48610792,0.28576162,0.19276538,0.46578857,0.4374122,0.09353747,0.46285972,2.4490511,1.0258526,0.5832399,0.0,2.813239,0.5267803,0.6604991,0.23555623,0.099229224,0.28855982,0.08731542,0.094619416,0.567109,0.07397434,1.4132727,0.24266589,1.2955267,0.46686047,0.9677158,1.5868317,0.05703598,1.7755541,0.84866893,2.352165,0.95896816,0.06102459,1.2005641,0.7079599,0.8139755,0.24885999,1.2107749,0.74812675,0.40484455,0.78935015,0.082594015,1.0918,0.4830465,0.4732032,0.75794405,0.1761763,0.5513109,1.3309916,0.39314994,0.5190689,0.14311531,0.042725187,0.5269373,0.55299056,1.3888621,0.83920294,0.40498304,0.002471568,1.4468249,0.79251206,0.6167285,0.04645912,0.0,1.2709306,0.7215243,0.8268968,0.1904418,1.8772857,1.19682,1.0631722,0.7753146,0.37296233,2.1540415,0.102203876,0.039348714,0.81117755,0.21515182,0.96748334,0.22684139,0.7846082,0.58169454,0.19325478,0.4318751,0.59428054,0.04359981,1.1882546,0.1469571,0.37618184,0.21374689,0.0542758,1.6436931,3.2574096,2.4016712,1.3962595,0.86863655,1.0792997,0.2671508,1.9026467,0.32293835,0.3768818,0.53286433,0.19808903,1.6648331,0.33909065,0.6633872,0.3734809,0.037282825,0.10565268,0.5216238,0.50994396,0.23759863,0.2845534,0.8060931,1.1539747,1.1805905,0.06870134,0.53120536,0.66167814,0.064903684,0.37596652,0.56804466,1.0447675,1.3160945,1.4045634,1.1448191,0.23275712,0.07810125,0.9970737,0.027131246,1.968399,0.019810453,0.22132263,0.03806071,0.08923729,0.6294483,0.468381,0.26280648,0.488964,0.84902966,0.16358472,0.52292615,0.64678365,0.04269746,0.46978712,0.34625018,2.001955,0.15114748,0.051271096,0.0958165,0.25045183,0.0148672005,0.036795616,0.0,0.12933376,0.1763543,0.34154767,0.0,0.23103113,2.894198,0.84105915,0.16307986,0.6481756,0.8663359,0.99712634,0.52459794,1.368679,0.027252229,0.3433801,1.4633588,0.34927905,0.9964494,0.69630444,0.5103925,0.711776,0.43897527,0.0076316562,0.44805884,1.8668965,0.04052108,0.28678453,0.22119363,0.21645829,0.15642989,0.36512825,0.9803398,0.51972985,0.26871973,0.11472675,0.76784873,0.46916595,0.1419873,0.63374263,0.14918044,1.0652423,0.9306122,2.3818705,0.96351403,0.90791625,0.012389152,0.545655,0.6859968,0.07760475,1.1216542,0.43598038,0.45554626,0.41328865,0.026245443,0.056328587,0.88007665,0.2223193,0.8250248,0.09641842,0.8380007,7.010839,0.6709788,0.0,0.6270686,0.6915358,0.8071683,0.13566166,0.8666547,2.655721,0.87323076,0.31631076,1.0330658,0.6773277,1.1001881,1.0949771,0.057190306,0.10600036,0.6340126,0.3838099,0.21183792,0.8524204,0.7872282,1.0802206,0.7977614,0.9028255,0.73883146,1.8390021,0.49871668,0.30285862,0.009986533,0.46080044,0.47864562,1.5273672,0.5718421,0.40905243,0.6162597,1.0788019,0.761101,1.8792132,0.1016476,1.1336207,0.018377088,0.04931311,0.0118944105,0.41181958,0.36621833,0.7376935,1.0606112,0.58898777,0.19984761,0.4588002,0.027160315,0.24304247,0.7275805,0.51004213,0.57417613,0.012948403,0.010539338,0.5570354,1.2928387,0.09978918,0.29103252,0.45660758,0.13666663,0.18486337,0.16954072,0.579697,0.44034198,0.622726,0.17802311,1.0267934,1.3231502,0.2758798,0.066176414,0.27194893,0.3047514,0.022732131,0.15208063,0.23398933,0.92427045,2.7990296,1.8829224,2.096478,0.82869136,0.57989335,1.1067876,1.2514135,0.011100313,0.23648822,0.05581793,0.12109672,0.032029063,0.9162881,0.11465495,0.37056497,0.5513581,0.6789132,1.6358452,0.025705643,0.8262898,0.34477603,0.23454775,0.02285738,0.9439311,0.44983605,0.8502708,1.4442034,0.7879962,0.31739914,0.4552788,0.020942878,0.5943218,0.85140014,1.0090973,0.2502554,0.019917132,2.7804985,0.238272,1.3310935,3.6958785,2.6109722,0.12737486,1.2259697,1.9645574,0.040047318,0.4065099,1.8416221,0.090210736,0.6363018,0.45771357,0.4697067,3.5364335,1.2527626,0.49273404,0.12165424,0.61698484,0.66733253,0.31164524,0.012672694,0.5561569,0.07975814,1.1075934,3.1740296,0.407698,0.6353656,1.605493,1.6996537,0.5671782,0.42282975,0.218573,0.45531824,1.0928065,0.6611014,0.51437676,0.40764672,1.5063579,1.8275214,0.24722366,1.366096,0.49969977,0.8490995,0.18284097,0.12904294,0.116113156,0.45419693,0.98421556,1.434777,0.22071522,0.46599317,0.26065597,0.41807982,0.4170048,0.28109264,0.82751876,0.7828804,0.24321398,0.48156917,3.414851,0.16197163,0.22044154,0.013757574,0.0,0.59832776,0.29481098,0.045309473,0.19861098,0.010958875,2.1145875,0.079223074,0.29789233,0.01285454,0.0017425624,0.24520521,0.0,0.22885561,0.007868196,0.10365412,3.097142,0.571342,0.5659303,1.8060027,0.5743444,0.16288471,0.66299474,0.95751,0.3271005,0.5347268,0.5382357,all_pothole_images\pothole_images_enhanced_14dee3bc82a14ce948ae271226620e6b.jpg
0.44110754,1.1953657,0.35334882,1.5107406,0.45032632,0.40441418,0.05643402,0.17165905,0.72482383,0.13224013,0.4631198,0.50942665,0.28965643,0.86752677,0.17440033,0.29688212,0.3734566,0.4284629,0.44980687,0.45868433,0.40158004,0.7570747,0.7789813,0.9168364,1.1484742,1.2004923,0.31782278,2.3881636,0.0,0.11580809,0.8208992,0.6630864,0.62376386,0.54851836,0.36589587,0.41212058,0.037804574,0.6921315,0.8924294,0.09997457,0.00043457368,0.23738469,0.4371418,0.051825378,1.4741971,1.5764318,0.10082957,0.38174546,1.1414161,0.3122342,0.5664318,1.0221584,0.72084075,0.485602,0.8269865,0.6285128,1.3407854,0.2169794,0.60863936,0.060601402,0.0083122635,0.118333064,0.78138417,0.20905821,0.49564418,1.5431193,0.68713135,0.058907308,0.8600677,0.44573918,0.83520263,0.58075535,0.9297151,0.37012094,0.30511117,0.339536,0.20812207,0.37372923,0.0038607703,0.60737383,0.0,0.06002034,0.63053596,0.7855026,0.36893055,0.5682903,0.69594926,0.52354276,1.6125839,0.3229092,0.23806871,0.27712688,0.59160966,0.6409056,0.14512745,0.0,1.3053411,1.4914765,0.8246287,1.966912,0.058741435,2.1006408,0.6199083,0.15454528,0.8214775,0.6224525,0.77119267,0.31879485,0.1252931,1.0598289,0.11434339,1.4628366,0.7934274,0.13508469,0.47783107,0.7295007,1.3781825,0.39189878,0.077387854,1.3905777,2.0924664,0.02720751,0.34109706,0.6648324,0.9461604,0.92634034,2.8908823,0.012717809,0.56731,0.3062049,0.23982005,0.009914666,0.29142162,0.54717726,0.20606495,1.6360688,2.030208,0.3672947,0.74216086,0.8694108,0.47182852,0.30745396,0.1224061,0.61571234,1.1827451,0.39566094,0.4345248,0.7771676,1.1881531,0.38965893,0.6603804,0.98058957,0.16011381,0.14029077,0.71725667,0.33537045,1.1433786,0.27276585,0.021979071,1.2581321,1.9053814,0.6618887,0.111965254,0.69987893,0.15249145,0.10396642,0.42105368,0.07140372,2.840788,1.6921315,0.28322574,0.040699054,0.030192431,0.0064393664,0.14755788,0.6992589,0.6681985,0.0,0.6045686,1.1854315,0.025709176,0.6724754,1.6427826,0.4044603,3.0559976,0.03491687,0.22053929,0.39557704,0.57116735,0.633732,1.3744364,0.21756798,0.31287986,1.0907471,0.02454199,0.008144909,0.4408726,0.08718549,1.0724719,0.54998636,0.7166937,0.629772,0.05977232,2.0609255,0.22267333,2.266071,0.47535822,0.8571447,1.6829363,1.3699435,0.004452235,0.54807943,1.3973842,0.43995368,0.23853566,2.490452,1.1789881,0.16219294,0.411929,1.0412333,0.76238966,0.18269871,1.3943492,0.58197033,0.15273894,0.43973482,1.5217537,0.34278914,1.8354087,1.3655498,0.16105539,0.42984632,0.60556793,0.26484057,0.46258506,0.0014410103,1.9869558,0.7628306,0.42206466,0.42873126,1.1580648,0.036472484,0.3240013,0.7927963,0.27674508,0.07850971,0.9611919,0.7545426,1.2943178,3.1698246,0.91077334,0.0030026727,0.34520605,0.41101664,0.052203383,0.09897971,1.201036,1.1454638,0.024236087,1.492004,0.5683779,1.0624558,0.5597447,0.21921295,0.44587448,2.4408722,0.49149653,1.6478994,1.7480261,0.89219993,0.005320351,0.09628183,0.23765382,1.1355938,0.7163331,0.4283614,0.29541823,1.0380809,0.986551,0.56862855,0.06635602,0.35925663,0.08699755,0.0,0.4935059,0.11305307,1.1374187,0.5216076,0.55378526,0.1448327,0.36249885,0.2385771,0.2660928,1.3062897,0.02549365,0.3914126,1.0561106,1.3555303,0.08207024,1.8736756,1.6770165,0.15288252,0.33184496,0.5331784,3.1909254,1.4206805,0.0133066,0.38562244,0.28390014,0.65704256,0.27669308,0.8458596,3.7321799,2.9522934,1.2106016,0.75070834,0.7274755,0.60501134,2.3825715,0.36121464,0.48504835,0.35178903,1.2193965,0.36413115,1.4203163,0.94537455,0.74276197,0.1977276,0.28479534,0.5149991,4.2551074,0.07739156,0.25758207,0.63600105,0.7909371,0.31200388,1.0840989,0.5005617,0.327057,1.357248,0.09487422,0.50326097,3.8934672,0.57133865,0.7874327,0.69960326,0.6893262,0.2740923,0.2458984,0.2613243,0.5377248,1.1378475,0.43712264,0.94102323,0.2286005,0.19575343,0.40800655,0.67447597,0.17989548,0.2941796,1.3569913,0.091531225,0.38337573,0.1328878,0.1128084,0.11472461,0.86350435,0.4375632,0.30104622,0.27201363,1.117131,0.37781018,0.62532157,0.49061117,0.40638295,0.40749544,0.35145977,0.34059462,0.47565234,0.21111357,0.14439179,0.0019399199,0.59383404,0.98005813,3.5937898,2.0056899,1.2868205,0.29666188,0.35016045,0.83716846,1.560051,0.94016707,0.39333016,0.43868667,0.14635672,0.3735211,0.71180624,0.7725109,1.7846079,0.22569637,2.2066174,1.2457812,0.5844622,0.26257223,1.338964,0.11659534,0.076102555,0.2611401,1.2434868,0.19129083,0.06420963,0.44299564,1.360676,1.2466909,0.0009775443,0.22001064,1.6404966,0.5316803,1.3268732,0.64557874,1.3242105,0.02321852,0.95022887,0.08990486,1.6542962,0.530962,0.8630348,0.61863315,1.8090256,0.15509532,0.21613441,1.3676803,0.12922524,1.4750773,1.4151419,2.2609093,0.45946604,2.3116958,0.19927749,1.2070383,0.7204258,0.19298148,0.36267716,0.38220423,0.7664009,0.020105068,1.2101015,1.6279591,0.07433409,2.380261,0.4198673,0.12690634,1.6207973,0.24290177,0.7371942,1.2335389,0.056268994,0.8328083,0.42135778,0.8587319,0.8155645,0.5387289,0.21927191,1.2470242,0.22926904,0.4103922,0.9848031,0.05198959,0.25450942,1.286977,1.034298,0.15610524,0.39746463,0.23000306,0.6072037,0.0,0.44617635,0.9535223,1.5892634,0.38273957,0.7307166,1.7453656,0.6751399,1.0432724,0.3862366,0.09759572,0.72371656,0.12841198,1.1207848,0.4454734,0.84404993,1.6305152,0.06577005,0.38465253,0.14369239,0.20631802,0.126203,0.052213293,0.31360173,0.20643102,0.01937872,5.169313,0.45459288,0.70798725,0.5612967,1.7368205,0.6162245,0.54672813,0.08221169,0.8461536,0.89784557,0.7042892,all_pothole_images\pothole_images_enhanced_154efdf33e755f3b0696a2d35e6dc126.jpg
0.79236615,1.6935694,1.0130047,2.4870887,1.2792203,0.16526489,0.17732036,0.0,0.71552867,0.35908434,0.22639136,0.6029137,0.045622878,0.9681225,0.46747825,1.4342654,0.1350576,9.525306e-05,0.0439641,0.032337807,0.13740085,1.4204367,1.0909241,1.1975023,0.40293103,0.46152028,0.029607179,1.9023795,0.11169432,1.0381842,1.9797267,0.041567307,0.98500836,0.52247286,0.7099533,0.16551884,0.94178694,0.27556756,0.31013694,0.7212141,0.06323932,0.60576135,0.57625055,0.7236535,0.87966526,0.038079612,0.25087762,0.45188898,0.21698095,0.11520043,0.4290407,0.8386294,0.23632704,0.1634785,0.004535541,0.49401525,1.1140156,0.08764203,0.08047185,0.14052607,0.0,0.2967884,0.37034816,0.45366862,0.54648715,0.29391676,0.43702945,0.04679046,0.10365046,0.011295324,0.20008507,0.016573949,0.36599928,0.2628657,0.0064327265,1.7605304,0.34107172,0.37610707,0.0017985951,0.6733467,0.62471956,0.41952863,0.09229197,1.5449358,0.2904809,0.80415636,0.089802876,0.19641006,3.932929,0.5391221,0.12008548,6.004727e-05,0.046853993,0.07831069,0.3084145,0.14212629,0.23916115,0.8929403,0.060555205,0.44459978,0.4436208,0.908247,0.674278,0.78276277,1.3205315,0.0,0.09643424,0.12388348,0.35047993,1.713881,0.027888838,2.4739127,0.7120172,0.7380578,0.61468405,0.9937574,1.9034249,0.05083269,1.2161763,0.72914875,1.1443377,0.52446413,0.1950016,0.5058319,0.81428427,1.1061536,0.68851095,0.55397284,0.42442885,0.40058073,0.24249879,0.045875907,0.15862769,0.0,0.24805091,0.2734677,0.08967903,0.28071734,0.017688707,0.0011974892,0.14288522,0.74217504,0.15891594,1.5702221,0.39927956,0.7870997,0.25607654,1.2767379,0.21938092,0.5284337,1.2143306,0.4197441,0.5987155,0.45743626,0.8992386,0.57972217,0.34904036,0.08577402,0.89767313,0.5309145,1.0689764,0.47314012,0.06727339,0.45554453,0.3928414,0.5758039,1.2924843,0.004064201,1.294332,0.632327,0.0,0.4694504,0.2660218,0.066307776,0.7879683,0.42616984,1.0012851,0.0,0.00923368,0.097527355,0.027693344,1.50383,0.4690856,1.2847352,1.0048585,0.14867522,0.23855531,0.21155913,0.68192476,0.61958325,0.5240004,0.43018508,0.34694296,1.8110673,0.8834686,0.16279553,0.17996368,1.913937,0.6223618,0.4182333,0.85276157,0.21669756,0.0015704388,0.07508498,0.10843089,0.21593577,0.784743,0.050515354,1.8491292,0.051453657,0.39410883,0.37034747,0.55736756,1.274019,0.7477288,1.7609087,0.33204547,0.0,1.7922292,0.0531048,2.3488283,0.0,0.14766674,1.4910444,0.4444105,0.27091083,1.3406104,1.0407761,0.88032824,0.3746838,0.2226147,0.450647,0.37611693,0.0750369,0.43697184,0.10083656,1.8670915,0.0,0.8727476,0.18878633,0.5334012,0.017940035,0.5203848,0.49827325,0.116089605,0.038721215,0.5189384,0.061429907,0.6685594,3.303092,0.52122945,0.19054985,0.16898252,0.029850114,0.45921522,0.0,1.3467056,0.042726975,0.6324796,2.9219594,0.5030841,0.529642,0.89153725,0.008333112,0.5162733,2.0942814,0.33045647,0.16289473,3.8135667,0.14267193,0.74814457,0.0,0.12536171,0.47343194,0.14075102,1.6689733,0.0014952141,0.6561379,0.8772976,0.61821735,0.14732033,0.26319772,0.772919,0.74263966,0.3246756,0.6331648,0.39949217,0.9519063,0.45250958,0.028138194,0.13584669,0.7617239,0.34290788,1.2312607,0.12712315,0.35955587,1.14244,0.3463016,0.055773538,0.67029136,0.13241783,0.27740228,0.06909963,1.5753787,3.7235985,0.23296702,0.2471577,0.59011567,0.46265316,0.18567388,0.4156639,1.1816721,5.886816,1.5505806,0.15686932,1.6819615,0.012578702,1.1623865,0.8677061,0.20969458,0.9103447,0.5182427,0.27973774,0.48464164,0.27828863,0.108310685,0.99147034,0.77852386,1.0052024,0.42012638,4.5283484,0.09720291,0.0,0.10156495,0.07729449,0.17671561,1.4820409,0.41167352,0.6898675,0.057139747,0.6312817,0.8190694,2.2447379,0.08896432,0.4423757,0.1196408,0.28032053,0.048225068,0.29364565,0.21308604,0.039496213,1.0080973,0.43565565,0.30252594,0.15408766,0.029499944,0.3364526,0.0342527,0.27318776,1.1100245,0.21453352,0.2995596,1.1748345,0.34984615,0.076109156,0.65558934,0.6405162,0.053762775,0.48477647,0.5088287,0.23863186,0.5287359,0.11421599,0.058685105,0.80229366,0.2409253,0.5007114,1.149283,0.08842363,0.25942224,0.34971222,0.08035593,1.5535586,1.3300691,2.7461185,0.9225373,2.0332365,0.07694597,0.04163506,1.6747707,0.5114089,2.101142,0.086829275,0.034374338,0.002504994,0.7944813,1.0513076,0.28138924,0.004214487,0.0006437891,0.9378014,0.7192051,1.0267358,1.421141,1.0558289,0.50261635,0.44505882,0.15814921,0.08667391,0.10217696,0.6752584,0.21879223,0.7701488,0.29865083,0.039828945,0.23352534,0.44962528,0.5297695,0.67136157,0.12050524,1.2821851,0.13686186,0.932321,1.9397334,0.7329893,0.4364586,0.90935475,0.6601547,0.4493553,0.8334796,0.49331874,0.36858577,0.35443243,0.35783416,0.10742133,3.8377984,0.6334386,0.22114325,0.3344151,1.0029192,0.9003087,0.21034504,0.13899481,0.15555216,0.112523064,0.0049502333,2.4652903,1.3798869,0.19888654,0.42838964,3.009887,0.30927452,1.8630596,0.5783826,0.50199586,0.56405497,2.8727484,0.587715,0.12408893,1.2553871,0.7628016,0.108164355,0.3239731,0.01826212,0.72984964,0.5085349,0.091927335,0.0687352,0.43061617,1.584507,1.2845994,0.010742001,0.060736403,0.6711266,0.29115304,0.10970606,0.3424717,1.1527957,0.27246657,1.0136923,0.84473825,2.078167,1.9170232,0.8919048,0.024792865,0.7423851,1.3751904,0.649651,0.8420471,0.29368395,0.24791858,2.481669,0.07838048,0.0,0.0075016823,0.035856165,0.27848893,0.16892935,0.0044589615,0.18303156,0.004684786,5.3545227,0.5667035,0.6818114,0.32522365,0.84714895,0.047734704,0.54724854,0.48983857,1.2322729,0.11555152,0.28573442,all_pothole_images\pothole_images_enhanced_158cc9c333481e632c2e6d18141edbf1.jpg
1.6198385,0.525855,0.12699248,0.69795024,0.7578761,0.5535685,0.064426966,0.23252164,1.069487,0.88817954,0.470924,1.0091369,0.5162715,0.98373115,0.7299319,0.22845992,0.70974153,0.004544865,0.62029016,0.4795857,1.6852326,0.8441338,0.6759202,1.3493481,1.9636713,0.71020645,0.07434565,2.3998826,0.02389009,0.64710504,0.9645293,0.92790186,0.55421257,1.9593114,0.8599238,1.094533,0.18275318,1.3702883,0.19980128,1.1037165,0.0859774,0.16823687,0.20880236,0.6516333,1.0147445,1.0469224,0.0,0.51004857,2.0889266,0.5424498,0.9496417,0.1967364,1.0653892,0.14957733,0.10497962,1.1361358,1.4634045,0.53309214,0.16738808,0.53782856,0.060118668,0.0028616006,0.029704371,0.32619202,0.75787795,1.2235068,0.5119824,0.024581261,2.0387015,0.016505431,0.07987701,0.80220395,1.166766,1.3145548,0.235621,0.52254623,0.33595517,0.51325554,0.016213156,0.23589407,0.034945425,0.45687267,0.6104672,0.76195055,0.7434549,0.99976677,0.040187053,0.9046916,1.7806722,0.6924278,0.27788118,0.20633703,0.31241295,1.2216961,0.13736089,0.021496406,1.1004373,0.54050684,0.2627583,0.44560182,0.064196296,0.6077579,0.17034252,0.999673,0.566488,0.22928345,0.025888499,0.7319535,0.0,0.9837687,0.05650713,1.9086385,0.59762365,2.0561652,0.7801877,0.64633447,1.5052935,0.28707775,1.2525785,0.8387289,3.193458,0.66750866,0.6064603,1.6818316,1.0793701,1.2507037,2.8107996,0.8009107,0.78804666,0.16313803,0.36760828,0.23623265,0.26876625,0.13179241,1.5466448,2.1481578,0.30250928,2.2913098,0.69087535,0.008181953,0.15600581,0.792286,0.055365406,1.5305508,0.09436076,0.39892265,0.028123626,0.94446516,2.3248885,0.04120296,1.9066968,0.28665358,0.43129614,0.07405409,1.5024939,0.90164286,1.0689415,0.26802933,0.030677164,0.42739323,2.4571636,2.0373254,0.001335459,1.1404727,0.106400326,2.2584534,0.029362721,0.059002817,2.440615,0.74512285,0.36042878,0.04714308,0.45061576,0.004128751,0.1760981,0.08473501,0.7688681,0.0,0.53319496,1.0837497,0.0066009746,2.2495792,1.5818303,1.4112031,3.2914643,1.0755123,1.0297364,1.0094651,0.9103222,1.3201543,0.49635065,0.07952641,0.21753976,1.4843984,0.55543107,0.54452944,0.35248184,1.3394569,0.30062205,0.1331826,0.6646969,1.0016218,0.13713305,0.9694571,1.186134,0.587632,0.6763998,0.21803209,0.32194304,0.26068038,0.019936502,0.11137702,0.44450843,0.22535594,1.0140287,1.5430939,0.25422475,0.021937322,0.2750841,0.064086914,0.7037495,0.13279733,2.6885827,0.7468318,0.0093926685,0.044727363,1.7160299,0.015484396,0.3982006,0.61670125,0.015803663,0.20943132,0.062671944,0.973755,0.52922714,0.36439008,2.2748635,0.3058349,0.25594097,0.14414488,1.0255309,0.5889226,0.19882517,0.6655144,0.21036245,0.34441927,0.54896396,0.20802961,0.88417315,4.6072598,0.08743039,0.7894007,0.9453459,0.122393295,0.2943005,0.008208449,0.48835418,1.4312155,0.025612658,1.179716,0.3501068,0.08566125,0.26832762,0.33031976,0.5089697,0.594591,0.19874299,0.46010983,0.5734327,0.42339566,0.81423825,0.023060562,0.18832979,0.8959827,1.4766655,0.6905864,0.39329734,1.3767091,0.7636709,0.7320965,0.03656229,0.15718447,2.3311152,0.002117478,0.99222857,0.26242903,0.97607017,0.5591347,0.58849055,0.6608537,0.41289586,0.13201609,1.0272651,1.1352493,0.5343783,1.4885316,0.9571333,0.80176544,0.42645878,2.3980634,0.25229874,1.3556874,0.009930664,1.257368,4.008383,0.68074906,0.71963614,0.52184254,0.20991364,0.016291605,0.20845722,0.253351,3.740598,1.8274666,0.17923184,0.1656926,0.13020256,0.92994547,2.0575626,0.5512698,2.505992,0.03544282,1.5735236,0.89703774,1.4992859,0.10412477,0.98710084,0.30106562,1.065774,0.1475111,4.3100324,0.33865863,0.13223545,0.0,0.36699587,1.1303195,0.4750494,0.77707833,0.28433174,1.2408208,1.3580995,0.4143603,2.5688374,0.5483622,0.6075393,0.9342276,0.1636117,0.9189677,0.3165097,0.10716035,0.29038608,1.8891588,0.46427146,0.96057034,0.023759885,0.20441018,0.056126874,1.4009441,0.4980695,1.2231292,0.31916583,0.87944233,1.605819,0.77936816,0.12313,1.4125723,1.198719,0.4346599,0.112583034,0.0,1.4169662,1.0146366,0.50259596,0.053196937,0.509966,0.24842344,0.32937193,0.6590075,0.4116988,0.36531326,1.172375,0.04829827,0.11665169,0.69704217,1.8378408,2.0231621,0.93511546,0.13841784,0.046004582,1.8391633,1.5176561,1.5254562,0.2757101,0.0,0.42513508,0.6319952,1.5654374,0.35081458,0.9376653,0.19754137,4.34659,1.3048128,0.8005682,1.006428,0.1566838,0.42839938,0.17639086,1.6615222,0.31374353,0.37238887,0.49283233,0.81702256,0.8585258,2.3122747,0.0,0.42483813,0.78219223,0.015898755,0.54673994,0.59516436,1.4040502,0.28982595,2.2846656,3.0285819,0.842417,0.27686703,0.55124193,0.93769157,0.16411993,0.55537856,1.3725848,1.196109,0.9043311,1.5462366,1.9235779,3.5933375,0.8686313,0.62501687,0.13054828,1.3709017,0.06771033,0.0837154,0.0020979787,0.4339382,0.21958975,0.23038584,1.1097391,0.75646335,0.016565667,1.700128,2.4727015,0.77273184,1.2271408,1.4130218,1.4238642,0.5980494,0.9529018,0.51976675,1.1143819,2.4091587,1.720317,0.1592276,2.1223671,0.19562079,0.14457442,0.15741888,1.3927145,0.016531773,0.37155,0.83045566,0.5202501,0.55157095,0.60644275,0.19762424,1.0352025,0.30074173,0.7204474,2.2170436,1.0621974,0.18755418,0.93229157,3.530582,0.5763059,0.96273565,0.30196518,0.26698664,0.44661433,0.64068866,1.4317396,0.023023304,0.91380817,0.62406117,0.19037713,0.008487988,0.17563681,0.15053745,0.17485511,0.3967208,0.9404267,0.6475751,0.35264832,4.9700594,1.0709254,0.51535887,0.16702989,0.5634656,0.72358763,0.017389607,0.20631471,0.97022855,0.57098895,0.92904425,all_pothole_images\pothole_images_enhanced_1614ba2c27dd213e70eb279133a5b776.jpg
1.7355745,0.21418181,2.3754027,2.1389096,0.11623332,0.13445741,3.250241,0.07359441,0.67887014,0.6413464,0.4816334,1.0547224,1.0797452,0.4564985,0.024585808,0.5065346,0.6923454,2.8972535,0.39340007,1.9342377,1.9965075,0.002268136,0.32297713,0.31080413,3.5963962,0.12263182,1.2387732,1.5818619,0.10413577,0.7078753,0.17050007,2.486319,0.0060590827,1.1067413,1.3712236,0.7224404,0.2622311,1.1671307,1.2187192,0.073026344,0.20236343,0.74833,0.8717939,2.5748305,0.3950062,1.1993356,3.3278425,0.0110234,0.12982623,0.14316383,1.066484,1.8902463,0.20140992,1.638726,2.9687412,0.8178752,0.6300444,0.53635764,0.026742574,0.09955881,0.004181466,0.5149869,1.9989289,0.43931583,1.6022882,1.1069189,0.4355102,0.0,0.0010822087,0.028114108,3.9664476,0.18812004,0.036960915,1.2170942,0.46551454,0.07841228,2.154064,3.8125217,0.04289518,0.3191305,0.0058490625,1.5752798,0.7911809,0.043625657,2.168794,3.239018,0.015743585,0.07491878,1.4121817,0.1075805,0.96199274,0.22960976,0.54297966,0.6021004,0.9091713,0.14311558,0.32575187,3.1539097,0.6999308,3.5371718,2.558333,0.6341331,1.6272122,0.28621033,0.8325536,1.0617408,0.27211317,1.1771835,0.6136076,2.242867,0.0576122,1.5981587,1.3732337,1.2957317,0.44071287,1.6799097,0.16596887,0.23769304,6.079633,0.3324916,1.2870847,0.009318057,0.99342257,0.08749781,0.46300995,0.0012850891,4.1564493,0.86281306,2.1357787,0.84397024,0.50325555,1.5488765,0.59106696,0.17789303,0.43746924,1.1015508,1.2195996,0.0028956495,1.7820137,0.12562236,1.1970348,0.5481726,0.45944175,1.073552,2.8090627,0.71472526,0.52366066,1.0418494,0.26188925,2.0755517,0.12398741,2.7839499,0.3520945,0.16700129,2.4993281,0.93965834,1.0904382,0.0,1.9634807,1.3228409,0.026383841,0.7550705,0.2955357,2.7420442,0.99895096,0.711571,0.79614663,0.73390174,3.061607,0.5123151,0.05283885,0.090707585,1.5655142,0.9062216,1.1334647,0.26015285,1.021759,0.27357224,1.4022893,0.009319439,1.5787318,0.231932,0.66415846,3.280992,1.7907468,0.20618524,0.21674965,1.3504158,0.22139177,0.103095196,0.4115602,0.3764116,0.65714145,0.21322377,0.25762862,0.41139647,1.8906443,1.3537346,1.9618217,0.4434571,0.81654817,0.7582911,0.5341022,0.6708201,0.19309832,4.91261,0.5289124,0.6179302,3.1954417,1.804481,0.17830028,1.2077267,0.28199375,2.2270424,0.64862096,0.66800827,1.2398045,0.13264269,0.6913583,0.11203261,1.6786016,0.15673046,1.1220679,0.5814743,0.0609119,0.30637625,0.40918037,0.21058623,1.2965645,1.40579,0.99369645,1.0024828,1.0129435,0.21422438,0.02750076,0.1401422,0.74237555,0.27316767,0.027040778,1.7864726,0.38044605,1.5781511,0.65150577,1.2285069,0.004513176,0.105367765,2.698979,0.12515834,1.075521,1.6484613,2.547796,0.020355394,0.0017611932,1.2771368,1.0957927,1.3247566,1.1018585,0.035636626,1.4614136,2.171773,0.7976416,3.4486969,0.50240195,0.099343054,0.36935464,0.015813695,0.0,0.8258906,0.80305797,0.26057464,0.15049776,0.0653743,1.0561744,0.0,0.04961225,0.49112883,0.023826974,1.3260146,0.8865122,1.0749876,0.004850378,0.16044393,0.31007484,0.022660026,0.87087077,0.865094,3.238363,1.4750088,1.1194253,0.58905476,0.026469328,0.39147007,0.1140827,0.26424134,1.0512043,4.239982,0.41964138,0.27242666,0.027941493,2.1360629,1.2742141,0.14163099,0.14975782,1.967449,4.2583985,0.0,2.9293685,0.15203406,1.7749248,0.64152604,0.0,0.8506354,0.48567224,0.117934816,0.0,0.9688655,0.083238564,0.15636253,3.4520833,1.0550554,0.5248227,0.16560753,0.9782875,0.009967972,1.2493873,2.2261095,2.0993547,0.45680353,1.978679,0.3241324,0.70877165,0.089158125,3.0216792,1.386643,3.321434,0.00026861366,4.990933,1.1876594,0.082557365,1.9061939,2.0092478,0.7050692,3.9994805,2.3098564,0.9126501,0.0035736074,1.230802,2.2990427,1.1382287,1.3506362,1.5880158,0.79250056,0.16066277,0.16919571,0.0149753075,0.14569864,0.9159794,0.094231136,0.006869257,2.2632136,0.28716895,1.0647132,0.46196193,2.181879,0.6955715,0.5964016,1.1510994,0.62938297,0.0036677443,0.37140086,0.02129636,2.1157105,1.183251,1.0951972,1.7507973,0.088586554,0.053365476,1.4286067,1.2095102,1.3257061,0.24182035,0.0058597587,0.013275107,0.5759686,0.9150606,2.427748,3.144231,0.23187855,0.0020075596,2.0125594,0.4922833,0.017614573,1.3007736,1.2116866,0.004971127,1.7376927,0.23248413,0.3541376,0.79106,0.01735202,0.11679266,1.1427418,0.061311662,0.90017027,1.7934667,1.5539273,0.53857785,0.26250663,2.007248,0.6343252,0.01769433,0.3389912,2.2677045,2.577977,0.14297768,3.4587028,1.2329524,0.97830683,2.1262002,4.337476,0.48422745,1.8452863,1.051446,1.1414298,0.86333185,1.0302496,0.6912088,2.5086472,0.3358703,1.6493511,0.40875277,0.79383624,0.51076424,0.4131812,1.2858472,0.092584744,0.5530279,1.0931536,0.17851532,0.110365875,1.2431896,0.21409188,0.015441443,0.0020778985,0.0047392673,0.074184954,1.5159965,0.044294745,0.3473465,0.34073588,2.467869,1.3482258,0.76693213,0.28576064,1.5637224,0.099422134,0.016593372,0.22452214,0.77519125,0.057351574,0.5899895,3.4157913,0.487668,1.2166246,0.540244,0.0940434,0.3979343,0.112127565,0.65086323,1.0419022,0.6817722,1.7285773,0.01981168,0.20956923,0.25296026,1.0356039,0.3849119,0.31837085,3.7559936,0.0025833575,2.2306528,1.0409029,0.29616624,0.92072433,0.08733627,0.12485928,0.7824263,0.13034005,1.1965963,0.11823441,0.016649196,0.19525275,0.0,0.354283,0.101427585,0.005266594,0.23504074,0.0,0.0030573492,0.0,1.0555943,1.5779582,1.0589768,2.4152637,0.13510536,3.0369263,0.46537873,0.015644956,0.4099729,0.19574372,0.05381917,0.0,all_pothole_images\pothole_images_enhanced_1680aa3f798a6931132431ab813ded9f.jpg
1.8447387,1.9298712,1.4397267,0.51916885,0.37065494,0.9878358,0.47961313,0.2490485,0.7207207,0.66669464,0.37188423,0.09157214,0.2132473,1.7547284,0.05795837,0.7203351,0.55948764,1.109772,0.082317114,1.0520786,1.2803574,1.8018619,0.646994,0.6369868,0.9861519,0.92937124,1.6484611,1.6429826,0.097394906,0.8494645,0.14094082,0.29859847,1.3980811,0.10767407,0.12552795,0.15738723,1.2259427,0.94689524,0.5196083,0.096083336,0.22090828,1.3995947,0.3473745,0.592309,0.36561882,0.7536665,0.049539965,0.20808832,0.92725307,0.3633471,1.0067551,0.2347593,0.17871265,0.17562862,0.25461647,0.14240322,0.7809007,0.0,0.09979356,0.6447934,0.12566295,0.33828115,2.641028,1.9097953,1.5961661,0.34521568,0.53048617,0.2081132,0.056032937,0.14799766,0.4005412,0.783649,0.1762635,1.0485666,0.22129193,0.05796557,0.52112335,1.0109525,0.15790357,0.16194804,0.50049156,0.102007344,0.009827961,1.8554716,0.026603807,0.17533399,0.29187393,0.23340246,1.7597793,0.008072018,0.784078,0.6117934,0.47607872,0.78018457,0.019949583,0.03698625,0.51537514,0.43520865,0.5953631,1.4324154,0.18556069,1.0774211,0.30118993,0.2281018,0.0117042465,0.061132573,0.13156113,0.38936234,0.14019164,0.5820193,0.8032702,1.0377308,0.96873665,0.14972682,0.2654226,1.7530266,2.7276495,0.33650857,0.75998104,0.24130182,0.35857084,0.022036497,3.6326723,0.85630125,0.29867896,0.17807917,0.55434793,1.3440285,3.3778207,0.45687324,0.88131946,0.56776804,0.45880982,0.25623614,0.35188884,0.09736742,0.58581847,0.16109236,2.6973379,0.56358856,2.0721774,0.34961867,0.11611637,3.6110444,0.4255744,0.8431188,0.35288292,0.15164903,0.69597536,0.58750916,0.31585667,1.0663317,0.24082509,0.2004152,1.431276,0.77677697,0.79400927,0.185252,1.1121526,0.69155324,0.81054235,0.40245074,0.1901811,1.9846076,0.2599086,0.106374115,0.9637497,3.917489,0.7178332,0.288547,0.67926455,0.21865578,0.7574642,1.2385194,0.49064004,0.15310009,3.9122725,0.56964165,0.2700069,1.7896597,0.6313702,0.2235718,0.9667736,0.26494765,1.8771485,0.09884924,1.6834043,0.5146853,0.113409616,0.07301928,1.0821835,0.23593692,0.47849375,0.1295693,0.35865408,0.615266,0.41797587,0.39835158,0.6502151,0.2448512,0.021402745,0.7537327,0.48069483,0.17714195,0.5728606,2.9972427,0.38872808,1.6827507,0.67685574,0.094594084,0.36800465,0.047635414,1.219929,1.7255491,0.6583423,0.47656187,0.55625784,0.36073533,0.9539041,0.3649469,0.8871639,0.015250734,1.9170977,0.8324164,0.015071369,0.8043563,1.8139193,0.2905996,0.95009625,0.20085643,0.39065972,0.887951,0.12871927,1.217239,0.059923608,0.776088,1.4917583,0.6449618,0.07943266,0.26000202,1.1918932,0.0118713295,0.30948886,0.36190853,0.20529768,0.12148938,0.9009532,0.33988416,0.44759533,1.6982126,1.5067036,0.12885603,0.124008335,1.1119659,0.10400354,0.21438846,0.77085495,0.41057387,1.1528857,1.5405327,1.5564042,1.3103139,0.8110511,0.012155779,0.31496513,0.26768804,0.2719096,0.8079899,0.3409043,3.8196568,0.023333069,0.13515611,0.026439717,0.19749933,0.0982076,0.54417926,0.76147664,1.129868,3.7857249,0.22450937,0.75160164,0.7828535,0.2788053,0.26935735,0.6835808,0.3250694,0.50768113,1.2569354,1.5942589,1.0472531,0.10775717,0.2882656,0.67124784,0.35174564,0.058931243,0.84392905,1.1131433,0.4990347,0.25014892,0.7119978,0.47147042,0.5494944,0.05599974,1.2938105,4.0377855,0.04337329,0.92341334,0.68393046,0.8769463,0.007039853,0.11588005,0.5110279,2.482048,0.6756391,0.014381937,0.18208079,0.86320263,0.94649553,1.4774987,0.29365134,0.022128705,0.16378447,0.29269764,0.9047896,0.6678792,0.40136176,2.9796023,1.9544967,1.4629806,1.1440554,2.6364067,0.5674146,0.01506922,1.7821431,0.67180437,0.4039551,1.8189042,0.587469,0.16494665,0.0056040664,0.58587086,0.10822621,0.5768905,0.08653771,0.40581036,0.13043672,0.028354002,0.90365577,3.0420897,0.7647062,0.38398412,0.72863626,0.033712275,0.32880697,0.55612904,0.12082738,2.8709924,0.36837402,0.09265982,0.5370917,0.846478,0.106567115,0.008388521,0.4042823,0.10291405,0.73201215,1.6097511,1.7847757,0.21101646,0.19165479,0.7082879,0.17447284,0.57182497,0.05498689,0.4572065,0.40777096,0.15165591,1.2096919,0.3632154,0.5006074,0.22015414,0.0,0.9843407,0.8901495,3.3481512,0.21153891,3.5088649,0.32930592,0.034473743,1.5211772,0.8148746,0.351994,0.98074186,0.1092524,0.91477823,0.124909274,0.20001948,0.8537834,0.0,0.23193622,2.540756,0.61301386,0.69166815,2.6270344,0.85693043,0.04421768,0.94746643,0.38653874,1.8562038,1.1252472,0.095453516,0.4813298,0.96755767,0.9606876,0.71681833,0.5332946,0.09147005,1.8926401,0.1574541,0.9743716,0.9168709,0.47699368,0.2872203,0.7726393,0.77598,0.66656023,0.33114356,4.7957788,0.78443456,0.37816864,0.5172756,0.19742955,0.15885684,0.30362254,0.4938244,0.9349801,0.7797102,1.0575154,0.10160307,0.27336785,0.79015046,0.04963936,0.015051128,0.19001351,0.6085989,0.82593787,2.7999852,0.40468967,1.2549566,0.11032123,1.1585517,0.5917095,0.36759773,0.28400424,0.68938375,0.07414094,1.51544,0.098237485,0.14200728,0.066846125,1.4572787,1.4878473,1.223771,0.5843021,1.2030815,0.24317354,0.01799297,0.0990636,0.023318283,0.44988889,0.33624282,0.4176055,0.37482166,1.4427465,0.23707165,0.24313171,0.07342914,0.6607968,0.73823506,1.0005956,0.29022968,1.2819842,0.141277,0.35780272,0.22728412,0.46404108,0.5061216,0.14374046,0.20956247,0.7491277,0.071804725,0.3164659,0.5344079,1.0681096,0.018015953,0.049400847,0.42438394,0.08380841,0.019563928,0.024180992,0.6923336,1.5843608,0.11003708,1.7972414,0.18192618,0.41929245,0.50526404,0.13880064,0.08615414,0.42396012,0.34084782,0.11539488,all_pothole_images\pothole_images_enhanced_169c9f816ceee090edf4b72bfde72ae8.jpg
0.27616817,1.2567316,0.08116939,2.203111,1.1978657,0.5166198,0.30177116,0.0067975568,0.36366016,0.46484235,0.6316146,1.240347,0.0,2.8602314,1.4054123,0.10490365,0.0,1.2739236,2.0746725,0.3579619,1.1082028,1.4266613,0.0036785943,0.931819,1.4090922,0.5513344,2.1996856,3.034323,0.781606,0.29557034,1.0835377,0.018038236,0.6281139,0.12565663,0.2169052,1.0281398,0.4650034,2.5070283,0.0,0.53553796,0.044127345,0.008666556,0.96775955,4.5829973,0.46475774,0.17583522,0.37850893,0.2220947,0.092913546,0.6559522,0.54733026,0.36235848,0.13803393,0.029113865,0.09888758,3.0391512,2.6111543,0.966239,0.07711262,0.0426134,0.6348001,0.28428155,0.6393326,0.28441352,0.5677182,2.7860672,0.24032593,0.0,0.0,0.60818213,0.00777006,0.41881192,0.41477668,0.34355393,0.28218287,0.5043936,0.10386971,1.4319199,0.1278168,0.72783035,0.33213985,0.011895941,0.0046413112,1.1920087,0.086789064,0.003677463,0.09760008,0.26667035,2.640742,0.026861273,0.76877,0.0,0.023693433,0.015545124,0.039843783,0.031039817,0.082514934,1.14722,2.5748086,0.33193803,0.25024304,3.6724117,0.12418065,0.42283612,0.6768689,0.26380685,0.5424069,0.08295639,0.77515495,0.07912634,0.0,1.1199665,0.4374639,0.28599337,0.45523095,0.5198451,1.4071248,0.58357006,2.2154658,2.0750213,3.7500193,0.60541105,0.041847248,1.9646708,1.1154206,0.15721318,0.70944834,0.652891,2.64859,0.10629999,0.22233272,0.050395664,0.19506234,0.025671136,0.57453775,0.27659088,0.5918255,1.6401429,0.8012129,0.19409463,0.40418345,0.16231489,0.1782575,0.63789415,0.89495146,0.5211852,0.1266901,0.22728674,0.007296123,0.3077014,0.82912594,0.081781045,0.0,0.16307485,2.1036792,1.1863018,0.49388707,0.6230462,0.73587453,0.6963508,2.319149,0.80547875,0.3340124,3.1559484,0.22671635,0.12683743,0.46900013,0.84831405,0.99058443,2.049283,0.003030833,0.025483577,0.16236629,0.038558856,0.20305121,0.5000752,0.54388225,0.05915498,0.05710839,0.2751861,0.0,3.9357667,1.9983668,1.5713034,0.83143395,1.8683997,0.24873737,0.5910872,0.046257816,0.049206637,0.10379547,0.41875932,0.20679384,1.7011482,0.09274068,0.54799825,0.5204627,0.0859724,0.0,0.7090122,0.83616495,0.02162745,0.14263216,1.1088512,0.54704463,0.09845823,1.3854647,1.0653168,0.29832408,0.33079013,0.0,0.002880013,0.8439497,0.51271373,3.0493958,3.1205754,0.34789932,0.22558345,0.3346772,0.6429362,1.0692146,0.2047783,0.4580696,0.0031002753,0.016280092,0.6115428,1.3211339,0.78506374,0.1461567,1.3039984,0.5000725,0.01775604,0.0994409,0.2317124,0.79470545,0.27647802,2.8442001,0.21365492,0.38758838,0.60827416,0.16313949,0.08456125,1.6541245,0.2158537,0.8237781,0.049183566,0.4288543,0.0123850005,0.7596437,2.581139,3.2317252,0.32313663,0.30700758,1.0275245,0.95665085,0.10551591,0.7387956,0.70069206,0.27429974,1.4003692,1.2474837,0.07487039,0.4502103,0.06202468,0.71500367,0.36088517,1.2976351,0.74044377,0.4293439,0.2749848,0.1659564,0.046737943,1.2455273,0.0,2.29875,0.22335479,0.0,0.55603254,0.7335526,0.74334395,1.445366,0.009524219,1.6995854,0.38194785,0.590266,1.832893,0.91829866,0.42361656,1.0892992,0.07691726,0.0055155666,0.11097162,0.12757936,1.5959475,0.13896196,0.63289094,0.058218926,0.14251228,0.12551875,2.1228063,1.968399,0.4776566,0.18525977,0.503962,6.0406804,0.04620883,0.071201846,0.09914978,0.405019,0.6312597,0.48262957,1.9819368,0.75200754,1.8224365,0.42263615,0.7235308,0.124818645,2.2575023,2.7837625,0.35287258,0.15699136,0.0,0.76211876,1.3769116,0.5034127,0.73836607,1.2305148,0.06592602,0.53408647,0.263167,1.9492027,0.15180443,0.17285474,0.34667015,0.2512734,0.28973383,0.8922686,2.1847231,1.9506518,0.22288555,0.14795394,1.108011,1.0186977,0.66983616,1.8889126,0.11942553,0.3049336,0.33981302,0.84800607,0.07433276,1.2826858,0.033889983,0.359151,1.356779,0.07599768,0.018723285,0.06196196,0.59242886,0.99567956,0.27468777,0.033128075,0.29548636,0.3636662,0.58085597,0.18848228,0.07823111,0.92223036,0.29789656,0.5266597,0.28545725,0.86922187,0.008894924,0.50986814,0.0033448031,0.4842987,0.023594014,0.8212461,0.0,1.4443182,0.26868832,0.48718962,0.20431435,0.0,0.5371092,2.3782964,1.121826,0.15910956,0.027703017,0.0,1.1780778,1.1165887,0.024562899,0.6106772,0.0075241346,0.19466785,0.275301,3.0889904,0.16978551,0.03631805,0.18063025,1.0531744,0.97412574,0.5276996,1.5482657,0.265563,0.7262919,0.03197367,0.74521637,1.0882721,0.24097088,1.3351431,0.42296997,0.036595967,1.4625702,0.3610726,0.5637714,0.27990216,1.2549697,0.21304953,0.0,4.2884927,0.038202062,0.5147479,3.798292,3.1755638,0.59286773,1.7137213,1.0606816,0.1142365,0.37956873,1.2222141,0.04536052,0.13766988,0.0937743,0.8519638,3.474497,0.527854,0.000116871764,0.1551941,0.29791757,1.1084149,0.0,0.029009815,1.245809,0.07326788,0.00714104,0.93425596,1.8205726,0.10753555,1.2178028,2.5147598,0.0043168785,0.013035291,0.60864204,0.20349093,0.90469867,0.25840744,0.16383192,0.2882673,1.9204005,2.3709502,0.31166342,0.7329843,0.054878663,0.33204293,0.010213877,0.013594593,0.24955429,0.6008273,2.450628,0.9232583,0.49188155,0.35922787,1.331044,1.6154586,0.19964361,0.055648383,3.2683563,0.48472905,0.014648167,0.19285299,3.5577307,0.68849057,0.6947986,0.18007971,0.0,0.21134119,0.22573723,2.3163676,0.03468309,0.009520995,0.4578373,0.2930931,0.023203058,0.01563584,0.07654543,0.0002381146,0.022395955,0.103765406,0.43810186,0.45229074,2.7958236,1.0129387,0.1484593,0.8764896,2.4100204,0.24441421,0.3203167,0.057875562,0.16386242,0.0105328085,0.110647745,all_pothole_images\pothole_images_enhanced_16bc40f45e659aef5eb0b26a9579ffca.jpg
1.477153,0.08634097,0.20360339,1.3976309,0.2518671,1.1513066,1.1644176,0.0,0.1729205,0.7856914,0.0,0.06996469,0.35943633,0.036689956,0.09795403,0.90523404,0.052865967,1.3938593,0.21558386,0.21226002,0.30012453,2.1672463,0.731388,0.69983834,0.7164337,0.1669108,0.06182186,1.4678773,0.0,0.007858771,0.032617163,0.08641317,1.0762787,0.7353058,0.20060344,1.5558981,0.2678288,0.095895015,0.62003285,0.16224056,0.28284115,0.011419587,0.11052168,0.7743142,0.574963,1.1399552,0.40782726,0.01165426,1.5467303,1.649634,1.0828434,0.15190591,0.022315351,0.26621103,0.87040055,1.7397269,1.1357433,0.15976612,0.4472899,0.0091415495,0.0,0.7082588,0.52983904,0.6995089,0.37702706,1.398902,0.11783538,0.118007794,0.29325747,0.11918247,0.123966075,0.22152694,0.7158679,0.27117443,0.45150584,0.0013486232,0.028915973,1.0094042,0.6540858,0.1784887,0.029331978,0.07466713,0.9935682,0.0,1.5339309,0.07181291,0.1809109,0.06194968,1.8247138,0.1812729,0.8530035,0.16923255,0.0,0.015471512,0.2515099,0.0,0.8630919,0.34574312,0.4782302,0.69766575,0.032882236,5.1976438,0.14578357,0.0,0.87870175,0.7084573,0.2678184,0.33334368,0.30349267,1.1959714,0.0,0.8715033,0.39001775,0.7622408,0.112409785,0.5335845,1.3576152,0.8749982,5.124777,2.2874782,1.0409346,0.406351,0.1066975,1.0252888,0.10058629,1.1617696,0.25578174,2.2684104,0.2465285,0.012672426,0.3476994,0.014611199,0.023056619,0.07725536,0.011687048,0.20397481,0.2491265,1.6773074,0.06967639,0.5992075,0.517634,0.0,0.4633475,0.7671327,0.0,0.72712284,0.03721416,1.3840792,0.6710467,1.1697108,0.047859844,0.38416657,0.5521283,0.0,1.5084159,0.6754756,1.0443181,0.09710569,1.8664236,0.16100632,1.3094591,1.2365233,0.0043307766,0.17994036,0.0452962,0.7483791,0.37876767,0.037592053,1.7337453,0.62121356,0.070266195,0.11679756,0.06667293,0.29155043,1.3637321,0.15919033,0.109647304,0.0,0.09491545,0.034735285,0.208055,2.7015464,1.520548,0.4136569,1.6341127,0.116391785,0.25168833,1.2498429,0.45686227,0.99390924,0.1875462,0.56806487,0.32325387,0.53045857,0.18066412,0.22721344,1.64592,0.30600438,0.32970122,0.19503768,0.11397905,0.40489808,0.57981336,1.8090675,1.215466,0.72251564,0.46896338,0.39694142,1.9478054,0.32712454,0.0042431853,0.0,0.25077873,1.2372639,0.25534436,0.77913535,0.76874286,0.106573716,0.0041572014,0.70184296,0.37001166,0.14495437,0.6373281,0.009596268,0.0,0.528679,2.2578976,0.05044147,0.30361778,0.016522534,0.2428303,0.01624482,1.4024806,0.01140099,0.075123005,0.03427325,3.6099265,0.12709786,0.12541395,0.33649713,0.27676612,0.2586965,0.015350449,0.18421653,0.0,0.004397899,0.2702388,0.21604647,0.0027205043,3.262641,2.9574263,0.2021962,0.9440519,0.509507,0.027061721,1.4463099,0.3399233,0.2849635,1.6621274,1.0964956,0.0,0.014280369,0.29816914,2.5083184,0.008552054,0.26162338,0.5541412,0.80190045,0.58592,0.74718934,0.35131493,0.0,0.06636035,0.9897688,0.92939866,0.2783217,1.0014778,0.27332738,0.95488876,0.51666534,0.018829346,0.06960942,0.1192671,0.054375086,0.02522398,0.5319212,0.065673694,0.07101284,1.0396552,0.28969586,0.6687988,0.1546032,0.20030591,2.2286408,0.03344473,0.072305106,0.43719375,3.3759043,0.75269485,0.37362033,0.18187226,0.55093104,0.010076746,1.2361732,4.1688814,0.6242848,0.14362527,0.7541854,0.22211193,0.4510093,0.6963072,1.7070909,2.1675923,1.9269956,0.26364425,0.448781,0.0,1.0892202,4.5412674,0.20248249,1.0232892,0.06115532,0.24572614,0.14959045,0.43957967,0.27621007,0.013360157,0.16694719,0.027257783,0.33996004,1.4500759,0.0,0.13997895,0.001874531,0.011681335,0.007844867,0.78724825,0.0,0.010007329,0.98324406,0.7967601,0.026410485,3.3984303,0.021549184,0.48648086,0.01623777,0.046792906,0.0,0.48210454,0.57806885,0.38663322,1.1621827,0.41832414,0.13372576,0.1333209,0.07683724,0.18165214,1.6835958,0.72497725,0.65916926,0.19098711,0.03129906,0.21330816,0.00827166,0.7574676,0.56912345,0.9326219,0.260864,0.44487512,0.06860113,1.7380564,0.139538,0.76726073,0.0308619,0.6440297,0.06526284,0.047887538,0.31300756,0.37456018,0.36930108,0.059876606,0.016112741,0.061992813,0.620222,2.790453,0.61493915,0.6492653,0.0016343879,0.73700684,0.047886595,0.1101785,0.8461413,0.015697759,0.082677804,0.00088116375,0.029206261,0.24886885,0.06877576,0.11521613,0.3656005,1.9685783,1.6373875,1.1769115,0.00524018,0.6884333,0.017683191,0.031775903,0.7598484,0.0064762454,0.19970083,0.06323256,0.17275009,0.09233116,0.04825916,0.0,0.07648822,1.4001948,0.14739758,0.53045154,0.061134726,0.7168856,0.5311742,0.31266764,2.971573,1.5962546,0.0712726,0.21220073,1.0835493,0.12008332,2.0950947,0.27174768,0.3091175,0.5572424,0.11304351,0.5327387,2.9025626,1.670093,0.57611704,0.08394667,0.23209758,0.43137524,0.68732804,0.27320904,0.27631897,1.040308,0.13858397,0.33298633,0.061657105,0.001732629,0.33217067,0.40072435,0.51674336,0.1498803,1.221385,0.47662187,0.6651843,0.6897231,0.19178244,0.97605115,1.5103638,0.7260793,0.62744266,2.4899974,0.1382132,1.2194991,0.11394045,0.804211,0.06497585,0.3673372,0.08507307,1.473531,1.194651,0.5173307,0.21714407,1.2801294,0.15287612,0.06889051,1.8535768,0.19878381,0.09577295,0.1462666,4.4533815,1.1327745,0.046896636,0.24194005,0.04516513,1.8421559,0.13788818,0.32629165,0.08554382,0.5939382,1.2444534,0.1049018,0.2937069,0.45014006,0.19912182,0.014655857,0.00930468,0.051116742,0.32931763,0.5567136,4.297244,0.38373387,0.02010366,0.88589567,1.1929404,0.025661616,0.06658041,1.5009507,0.47602835,0.19001928,0.81459326,all_pothole_images\pothole_images_enhanced_16e5abcb3c0a9bd1d20c8f7b6d307ab0.jpg
2.6909275,0.6903657,0.58597565,1.9389341,1.6189979,0.44804522,0.7242758,0.8898346,0.23869339,0.8994009,1.2293195,1.015813,2.049871,1.2106673,0.44785252,0.22351032,1.4170272,1.4988713,0.22851126,0.09258099,0.064815335,0.49660894,0.93637985,2.6574078,0.06407638,0.66660017,0.3797861,0.70067173,0.16722412,0.15207541,0.05550239,0.02019831,2.4133432,0.48797902,0.53198254,1.18262,0.17295846,0.27273333,0.5173479,0.0007379487,0.051771082,0.37121025,0.46521735,1.0146309,1.5601466,0.122419916,1.8334111,0.44267568,2.4476037,2.4527962,1.303531,0.5079155,0.4825735,0.094138905,0.58793247,1.4343004,2.123738,0.6021225,1.5008209,1.2285807,0.09362281,0.47354716,0.7895566,0.48216775,0.7122653,1.0082778,1.5909963,1.038304,0.0,1.5445187,0.3780096,0.9381366,0.61397684,0.21318264,0.51762795,0.3090005,0.3336383,1.1826082,0.0,0.20475636,0.23959829,0.11732471,0.6491582,0.14933027,0.53791296,0.5483824,0.29593563,0.21381608,0.51500475,1.6398312,0.29588324,2.3434339,1.8137885,0.0,0.7710616,0.3203318,0.9449636,1.1031392,0.74043685,0.0,0.14228529,0.5278245,1.7416917,0.40626183,1.8863584,0.4802988,0.0,0.40717098,0.5959148,0.48822474,0.13426329,0.95053875,2.0075593,0.6779634,0.28984246,0.45454106,0.6675286,0.14617284,1.8999717,1.4718355,0.636306,0.25966495,0.84547144,0.8829033,0.066643134,1.3109082,0.26570633,0.9299485,2.6287627,0.4719935,1.2059201,0.6086733,0.504711,0.42091337,0.12379759,1.4710113,0.007901361,0.119441286,0.3823714,0.57450765,2.4429414,1.6707698,1.4700806,1.1963336,0.16084124,1.2373047,0.6381925,0.30060703,0.05842492,1.1648419,0.543234,0.9117508,0.6692174,0.2899461,1.1222398,0.6533287,1.568137,0.1854938,0.22936596,0.16299146,0.9626252,0.4111497,0.117320456,0.7466007,1.5107617,0.0,0.9068534,0.39802715,0.69623095,0.41296425,0.34823966,0.32541534,0.0,1.1672016,0.05576506,1.077274,0.7810254,0.006104118,1.2844173,1.2227255,0.045305658,0.74566627,1.8731489,0.5624145,3.7499568,0.4935637,0.4170478,0.9100324,0.9140011,0.3978764,0.05644432,0.59502715,1.0944676,2.6853974,0.2871918,0.28439006,1.8704321,1.3302233,0.21334292,0.73127925,0.023435393,2.05918,0.091103666,0.054660182,1.3003278,3.267895,1.5089676,0.69951755,2.2865853,3.166723,0.04840023,0.36844182,0.32743612,1.7927592,2.7465615,0.5717908,1.624868,1.0585202,1.1652514,0.08161508,1.3772016,0.658513,1.4587371,2.0023816,0.54719263,0.30432916,0.42048442,0.8994546,0.7836244,0.0020531833,0.23153281,0.0,0.740772,1.0022745,0.462329,0.0686835,0.21494119,0.8231232,0.19102003,0.7263992,0.10275794,0.24416633,0.22824563,0.7031418,0.0056551853,0.1045453,1.0992315,0.28032646,3.4970882,2.9138427,0.24484898,0.46906754,0.78437525,0.7390856,0.3279325,0.8457744,0.82872957,1.2624447,0.87011504,2.3572423,0.42762235,0.6550129,1.8357261,1.0422922,0.24654485,0.1477417,0.91279286,1.4251543,3.09876,0.13427544,2.2031744,0.251256,0.21272527,1.3830744,1.0757054,0.6036617,2.0362723,0.6913046,1.0454437,0.029255219,0.66109455,0.12557235,0.5815146,0.26931307,0.0021152014,0.6371726,0.25145435,0.07068665,1.9764304,0.602398,1.115783,0.88894564,1.2065172,2.7848947,1.3178144,0.2434804,1.457716,0.6029128,0.5853858,1.3216157,0.122871086,0.33276507,0.022395644,0.20241398,3.0718,0.10436124,0.010404422,0.053512245,0.109489106,0.3085621,0.7871265,1.3162116,2.6387322,1.8448707,1.1004571,0.36046833,0.023301642,0.35611126,3.0162404,1.0809546,2.2413313,0.48463103,0.23432763,0.9112927,1.2960496,1.0510794,1.3315543,0.40033674,2.3877382,0.3134873,3.593631,0.05172897,0.7658803,0.23359619,0.020323996,0.02041564,0.41999018,0.105674595,1.0914744,0.11673845,0.2464042,1.2501993,2.0821786,0.0980498,0.67793286,0.8442472,0.016162766,0.08272791,0.19050315,0.57722443,0.84289473,1.1635904,0.3432235,0.6880775,0.20470771,0.8014822,0.03693022,0.6881135,0.4056617,0.59306717,0.17658424,0.1745176,0.7580776,1.2613068,0.027508128,0.7935759,0.72916865,0.3523494,1.2589018,0.18909381,0.5278896,0.8214031,0.7549502,0.36363322,2.0106764,0.7552361,1.3284405,0.2622683,0.5408377,0.55548614,0.7538626,0.06555119,0.40769666,1.0143285,3.1177242,0.6925527,0.9848845,0.0,0.059754122,0.6561429,0.117397964,3.2233715,1.300708,1.1805822,0.04268398,0.3027097,0.2863395,1.7033296,2.7357502,0.8684896,0.1345986,1.7747897,1.0571303,0.35503468,0.08330203,0.05202248,2.8002698,0.02993975,0.0,0.87083215,0.2715765,1.9070295,0.98122716,0.13525908,0.911523,0.36267024,1.086845,1.3761832,1.5484563,0.26892412,0.35256302,2.7904198,0.46638253,2.9115748,1.0720388,1.2206537,2.4430256,0.8833774,1.0579383,1.5845367,0.07475148,1.6492599,0.7217891,0.50929195,0.5006599,2.1685038,1.5127739,1.9059105,0.53601503,0.8842835,0.19162752,2.3792546,0.18196055,0.1091721,0.9299338,0.5293615,0.1605018,0.27560645,0.29693648,2.9128766,2.5341182,0.42421165,0.831083,2.6527135,0.50244,0.2621639,0.059273157,0.40146998,0.8698518,2.6199858,3.2408247,0.3189141,1.5060948,0.6488082,0.4326175,0.69390315,0.060882937,0.048094288,0.4869721,1.9632509,0.30167422,1.7989969,0.01749149,0.7319952,0.7250685,0.12790076,0.68730086,1.5383048,1.2408819,0.19406095,0.6367678,0.673872,1.1997995,1.8577228,0.080144465,0.09442931,1.9411039,0.34491068,2.74691,0.27734515,0.37782115,0.36269283,1.0786979,0.56300646,0.5630195,0.0,0.5187906,0.44116503,0.75590575,0.4883529,0.3215931,4.002975,0.5099056,2.0297515,0.53389764,2.093808,0.48539943,1.7298946,1.3509518,2.4502063,0.7834384,1.4785523,all_pothole_images\pothole_images_enhanced_175f527093dc1d35a3f28972fdfeafc4.jpg
2.1656659,0.5868064,0.09249003,1.8537737,2.1974099,0.23954235,0.94579273,0.36974517,0.54662687,0.65064895,1.1462505,0.5833586,0.9022299,2.6860354,1.306308,0.23070613,1.9410462,0.79140395,1.7630455,2.131961,2.037777,0.7803305,2.2136962,1.9230187,0.9846083,0.24343131,2.163382,1.2451456,0.37295952,1.3733369,0.89647025,0.08398229,0.75005525,0.6761101,1.6331122,0.0,0.3944802,0.7907763,0.744958,0.23199584,0.6900635,0.16868387,0.71731704,0.88384384,0.85471785,1.041859,0.44025046,1.3533067,1.1412861,2.0307677,1.5411563,0.8282288,1.5368805,0.1676237,0.5765972,0.59343165,0.15508507,0.17871262,2.8444905,0.47937998,0.67394364,0.6189224,0.65698653,0.62407386,2.8684037,0.5558114,2.6174521,0.042936247,0.18706617,0.55460215,1.1457008,1.0128062,0.60072106,0.19595446,0.81046206,1.5704229,0.73651046,0.35076118,1.3214005,0.16258317,1.9939027,0.25254214,0.3432988,0.21554568,0.9194683,1.3675082,0.47214413,0.25732008,1.3753674,0.10006906,0.51142377,0.3999377,2.761377,0.57459354,0.2940291,1.1109445,1.2744895,2.4783258,0.17218375,2.421763,0.041670155,1.5930889,0.6112303,0.884724,1.1735908,0.9852143,0.15716735,0.6769003,0.0027722588,0.9161757,0.7149603,2.2676249,2.312568,0.6433577,1.1736453,1.1443269,0.95788383,0.1177684,0.15405266,1.9177215,0.6353541,0.80092937,0.3598524,1.8218294,0.18307962,0.69523543,0.1604524,0.5151383,0.77344,0.97718656,0.62015444,0.4046011,0.022664877,1.9058342,0.20077315,2.2173524,0.2699163,0.7332522,1.1744218,0.90557355,0.2979595,1.1913561,1.0443082,1.7523745,0.6290434,2.0489123,0.6009604,3.066426,0.041012604,0.20096311,0.6501887,0.37080553,0.26957557,0.52169555,2.916456,1.9086418,1.4196584,0.07468618,1.0863527,1.1669661,2.485112,1.2220021,0.67098826,0.94383764,1.0412056,1.2358438,0.49640357,0.4264815,2.2122207,1.1439661,0.04643237,0.093926765,0.52522695,0.1306156,0.36045754,2.2457595,1.3008573,0.174285,0.57305205,0.21150152,1.5514224,0.35508746,0.22886935,1.9461707,1.0106324,0.08121622,0.2936964,0.2204339,2.8327332,0.109247245,1.1343919,0.28220212,1.0833974,1.118002,0.43715706,1.4272227,1.2193388,0.40522298,2.7631361,2.899238,0.5793727,2.1665847,0.43105915,0.42552936,0.32657126,0.15973152,0.67972535,1.0720942,0.5700931,0.45352778,0.8271957,0.1514792,0.058501992,0.2882445,0.48864827,2.0153697,3.2683048,0.18222338,1.1081053,2.3757186,0.48761114,0.009865954,2.6943862,1.4979217,0.70169425,0.47692686,1.8931476,1.929857,0.37627158,2.0635645,0.3245866,0.88031936,2.9413018,0.33351594,2.1372523,0.03674634,1.4386873,0.7754135,2.1017275,1.1923579,0.8242008,0.112779945,0.011768104,0.5846573,1.0420244,0.25960958,1.342835,1.2871425,1.741615,2.6254678,0.49184018,0.115206495,0.51816523,0.37384185,1.330373,2.088896,0.19872351,0.9746641,0.5012701,3.3639612,1.4798504,0.6476023,1.8478485,0.32370076,0.024761377,0.68855655,0.6455771,0.42169765,0.5236034,0.13404872,0.5929138,0.023295518,0.8273382,1.5674145,0.04507345,0.9739143,0.9262933,1.0997434,0.86982226,0.8410711,0.3070296,2.3904316,0.35008705,1.3992647,1.208008,1.9914846,1.561754,1.267863,2.2940302,0.16770585,1.0555443,1.0021253,0.66169155,2.3180492,0.23425691,0.13751465,1.2071459,0.011493262,0.15458582,2.062947,0.4455263,0.019710345,0.18677947,0.000764155,1.3109156,0.82132316,0.0,0.12037376,0.23264988,0.5412432,2.5370853,0.95189947,0.3476622,2.7163491,0.41333264,0.94016874,2.0535562,0.3185095,0.42964163,0.10141468,2.2845979,0.4820577,0.4626337,0.6264959,1.0550064,0.15517443,0.14353378,1.6021465,0.20505002,0.7637978,0.2903632,0.85546905,0.59735835,1.2292322,0.13041152,1.0518605,0.9004858,2.4598067,1.8288859,1.8847531,1.2800214,1.6381416,0.8461208,0.30407107,0.51607776,0.41482294,1.1527718,0.19890009,0.19243205,0.056393526,0.20030646,1.7256559,1.6468564,1.0474195,1.1413654,0.71899724,0.66876096,0.07952715,1.4318085,0.73594135,0.8675058,0.42522538,0.34819123,1.368661,0.0018888261,0.15726662,0.70150924,2.2250538,0.41098365,0.5118311,0.021018468,2.0820863,0.3631759,0.44720212,0.8085058,0.7259908,0.3848957,0.22665145,0.11271417,1.8131498,3.2182145,1.5744921,0.14966609,0.56830883,1.6213963,1.7834042,2.0476537,1.0077343,0.34053916,3.4083254,1.548751,0.91027707,0.044539783,1.1770321,0.45701572,0.053622313,1.5073986,0.26156297,0.9347525,0.26768267,0.07018998,1.1921407,0.28454944,0.78039885,1.1285723,0.7942363,2.2107716,0.29617542,0.4071315,1.494397,0.41424304,1.3026534,0.36188772,1.0105003,0.10205226,0.39768735,1.7265815,1.6134579,1.6721259,0.8509594,1.4569439,3.5476704,2.3477206,2.5658305,1.9447725,0.59557354,2.8495188,2.111439,2.5204034,0.3726104,0.16817127,1.3846532,0.9976642,0.64163387,3.181875,1.4872152,0.063947804,1.8892207,0.064263456,0.2220898,2.569934,0.74437135,0.6707141,0.22101377,0.056172226,0.9564154,1.3845657,0.33354092,0.5857223,1.4405863,0.18170834,0.6778644,0.008630886,0.21482372,0.09002986,0.12168586,0.6312426,0.4480522,0.48548484,0.21175572,2.010477,0.661516,2.040356,1.3564676,0.06270184,1.1165094,0.6896689,0.031086536,0.24860516,1.0263028,0.49515408,0.36460334,0.19767372,1.2104988,2.833496,0.9447172,0.2664701,0.3588534,0.42938232,1.852348,1.6905742,1.5165467,1.8158871,1.6709871,0.582565,0.15031156,0.2612384,1.1499677,0.80835223,0.0,0.17813602,2.0078862,0.844554,0.2176672,0.9403666,0.0,0.7941648,0.12534507,1.0542877,1.129424,0.15558271,2.3662262,0.78968924,1.2831684,1.4295046,0.058292534,1.6569566,1.2003659,0.011067514,3.3629603,0.2613872,0.7632864,all_pothole_images\pothole_images_enhanced_17cf8f4b7c3e629eb50ddca80c960cd4.jpg
1.1359067,0.46425962,0.17121482,2.3431256,1.8801384,0.9985662,1.6482452,0.8966271,0.2690307,0.9259802,0.33969706,1.9633344,0.4758638,1.4183055,1.0381092,0.38786867,0.1197173,0.3665627,1.9648206,1.1449444,0.7893814,2.3793893,0.36276984,1.9194593,1.2859757,0.9008667,0.10598156,2.179768,0.32902122,0.29142946,0.45463204,0.0010274941,3.3865762,0.82159376,0.185601,1.4938164,0.3122719,1.563759,0.007304887,1.6446302,0.15980895,0.09824228,0.6286771,2.6434925,0.15671507,0.3013404,0.28590247,0.22074983,1.0293584,2.429862,0.07372472,1.7298895,0.3327262,0.9638675,0.6757362,1.2647511,1.2246467,0.0,0.66717106,0.4967153,0.5010777,0.51853406,0.6664875,0.4625976,0.52592885,3.327232,0.3213743,0.81564695,0.1362221,0.40753952,0.39738047,0.008543693,0.06610467,0.39760605,0.15700611,0.57087743,0.19504486,0.72467786,0.053280402,1.5107294,0.6639146,0.6798681,0.86980146,0.15541326,0.99481064,1.348311,0.33138227,0.8169347,2.5573695,0.6192876,0.37968087,0.2570786,0.035752747,0.30414033,0.31687087,0.7242162,1.9503077,0.95106775,2.163696,0.76218134,0.0012600789,3.787914,0.73347986,0.11711375,0.62293833,0.030444756,0.34313127,1.9157691,0.66031533,0.38100347,0.06873273,4.092221,1.0722502,0.2778567,0.92849153,0.39152578,3.193853,0.7463779,1.6176991,1.7433919,3.7566855,0.11773956,0.37924147,1.7616968,0.6314742,0.05451042,0.61442226,0.94717157,0.74770874,0.004137468,0.804829,0.0,0.37901095,0.51464814,0.6256196,2.0021842,0.12673782,1.2723395,0.21096149,1.1460302,0.17515628,0.12150901,1.8160876,1.4044814,1.1684225,0.4163792,0.75320035,0.61333805,1.3200495,0.022342058,1.1421808,0.1721933,0.61881393,0.120973796,2.8557775,0.47189665,1.9916201,0.1902359,1.253382,2.106198,3.0253203,0.467504,0.03866707,2.212357,0.005444086,0.30162784,0.22679967,0.6253244,1.3221909,0.313272,0.09500383,0.170134,0.062233217,0.11560275,0.5684823,0.0010484618,0.7708469,0.098755166,0.27146387,1.2318447,0.046029393,3.4348502,3.1487005,1.8874004,2.4482722,0.76516974,0.5823666,0.6744219,1.2308557,2.800868,0.9909631,0.24266055,0.013344421,2.9174519,1.0498157,0.35395196,0.4137851,1.2144946,0.30552956,0.5224631,1.46983,1.4014356,2.0522296,1.928581,0.34296635,0.1411969,0.80784976,0.25627765,0.6218657,0.048724744,0.03563174,0.3015194,0.705821,1.8866116,1.1852914,1.0616164,0.23264685,0.0,1.8269813,0.33243242,0.77213055,0.4562249,0.74326634,2.6043744,0.06270373,1.1914576,2.215184,0.40787855,0.5541084,0.72091097,0.5019137,0.1744332,1.466297,0.11130783,1.3931692,0.10821239,2.43325,0.27447426,0.27024606,0.05364997,1.5632064,0.018092535,0.14974794,0.06837848,0.05141827,0.0,0.1199998,0.07454338,0.9767912,2.2638438,3.758216,0.13006924,0.7525796,0.84816897,0.35324422,1.7288233,1.1434001,0.23538204,0.28480744,2.5356581,0.045856226,0.009402233,0.67168105,0.31110764,0.55969834,3.2710845,0.7127159,0.43888256,1.5903027,0.32040855,0.0,0.049395103,0.20010468,0.084001265,0.6086116,0.9061674,0.12719627,1.2417489,0.5485164,0.66921157,0.09657373,0.57445765,0.90255785,0.58490956,0.93802655,0.56890434,1.3417867,0.10921765,0.13050362,0.0064751785,1.0978142,0.046465702,0.8213445,0.91988117,0.19201979,0.5120997,0.11408619,0.7749959,0.4136097,1.3148875,0.21632789,1.1788739,0.69377095,0.41260877,4.231387,0.45549548,0.011022146,0.66490173,0.13129908,1.3035225,0.5326749,2.0664275,1.4086295,3.3209448,0.82033414,2.4593024,0.09877454,1.4898226,1.8630754,0.3251026,1.2071056,0.48607355,0.5747617,0.009249872,1.1898073,0.4612157,0.58951575,0.18603562,0.39756086,0.20629501,2.1007948,0.4215444,0.57797384,0.033193544,0.38434297,1.1884007,0.6834817,1.0406979,0.53881204,0.84138644,0.5502831,1.263971,2.1927242,0.2822904,1.9734184,0.7450675,0.61318827,0.08212997,0.5682103,0.49529094,1.6716776,0.08182819,1.5509058,0.38837704,0.19009897,0.233615,0.042235345,0.39117572,0.4591319,0.9669571,0.5214495,0.56532073,0.6005018,0.7747627,0.18201958,0.70842594,1.6543124,0.67208403,0.32207343,0.5008018,0.86944747,0.35712993,0.624296,0.3422764,1.6900797,0.29217467,0.14556473,1.1476284,0.64152145,0.6776485,0.27344126,0.3454254,0.7571187,1.5532373,3.0014486,2.1436481,3.50219,0.0,0.05159547,0.42653382,0.68141234,2.1800396,2.0988846,0.4116757,0.06834939,0.13064714,2.5813365,0.2735815,0.475074,0.6157576,2.8761609,0.28192508,0.67752695,1.0117782,1.0887362,0.042012848,0.23578227,0.4503108,0.28801143,0.19321461,0.23617983,0.47075856,0.8382286,1.1633873,0.050622884,0.13296683,3.54348,0.20530272,1.2512926,0.25390548,2.7431288,0.53510433,2.9385674,3.0023367,3.6869226,0.7435582,0.7776707,0.5670078,1.616265,0.41378728,0.054152075,0.96302843,0.26442173,3.087654,2.0310419,3.6352396,0.48775598,1.5190887,0.5245304,1.4437256,0.642256,0.2033169,0.5068629,0.04280772,1.8117545,0.120826945,2.08809,0.12232501,0.13962278,2.335598,1.7689775,0.7297036,0.98337644,1.7670306,1.2105814,0.84699994,1.2037295,0.45094952,0.39312926,3.5359988,0.49806708,0.77939326,1.3594451,0.10787296,0.53250426,2.1109898,0.18552554,0.683948,0.69409186,1.7868403,1.4631228,0.6249953,0.41725972,0.33922732,0.58917826,0.21294297,0.7357962,2.2395675,0.5889539,0.25935942,2.6053941,3.4189994,0.9726459,0.29965526,0.043389287,0.24505393,2.6520374,1.8695999,0.33738458,0.26919648,0.2748764,1.3527278,1.8726965,0.06284443,1.4039571,0.17015488,0.016170874,0.48587215,0.2558053,0.69125956,1.336777,5.8766937,2.1530595,0.14291887,1.3218956,1.2248663,0.10325505,0.8414958,0.5019435,0.644061,0.89462525,0.3321823,all_pothole_images\pothole_images_enhanced_17d8f605843edb8adbfe95338d064de6.jpg
0.5444926,0.793523,0.42072397,1.1503967,0.056921266,0.4361046,0.43851674,0.46504155,0.7920208,2.718248,1.8837973,0.22537674,0.6347351,0.32724854,0.9587508,1.4244809,0.97763914,1.1368173,0.211509,0.072421394,0.6190346,0.8642061,0.10685744,2.9900212,1.5580133,1.407885,0.28476638,1.1119114,1.6507993,1.5837342,0.26251385,0.053867254,0.92639136,1.2146242,0.11805558,1.5594656,1.0825589,0.1830941,0.58582747,0.7936999,1.8751181,0.7072531,0.40172148,0.415479,0.40067017,0.35964748,1.4485383,0.22380094,3.3949323,0.30792633,0.081995554,0.30035055,0.35145822,0.09335669,0.55305225,0.56067514,2.8967001,0.5658088,0.51157486,2.4732869,0.436167,0.55380505,2.8537927,2.0193584,0.6761496,0.0019942746,0.032197386,0.5282828,0.18167266,3.10346,2.7774508,1.1444227,0.54088986,1.5061698,0.9249766,1.5820135,0.17252392,0.65739316,0.0971756,0.69178265,1.0612696,0.89901465,1.6545777,2.8325381,0.22225513,2.0414479,0.35616875,0.6274491,1.1640947,3.5002182,0.3285319,1.0780135,3.5221202,0.3954649,0.21509813,0.78819287,0.15451327,0.77324146,1.8327156,1.1741732,1.4958014,0.28466013,0.80179673,1.7908005,3.490624,0.08546553,1.0118245,1.0003629,2.1864913,1.6065133,2.4447093,0.708961,0.333032,0.20104805,1.1021932,1.6084658,0.25764012,1.0375485,2.4321427,0.625901,2.1990263,0.8270388,0.27470478,0.93816656,0.712996,0.21004373,0.29778585,0.40483245,1.2514297,2.6469638,0.31046578,2.2123945,0.17134596,1.8224251,2.2470367,0.16391084,0.82226264,1.2015208,0.21328464,0.82850593,0.13511229,0.41072527,1.0085894,1.1103882,0.072485805,2.1025405,0.79304147,0.6401699,1.2820386,0.7729226,0.5004285,1.2543151,0.38540283,2.518813,1.935695,3.029309,0.59939307,0.3256979,0.07106701,1.6504705,0.83261245,1.2244381,2.9013927,2.3026855,2.2574825,0.5264588,1.5318924,2.581726,0.8413892,0.6541333,1.2637407,0.6477149,1.0951555,1.3611914,0.58501595,0.6550766,2.6765487,1.5474097,0.95170045,0.6435825,0.29837328,0.3420329,2.061961,0.20538145,3.1825716,0.66387635,1.1672466,2.2561874,0.31391189,1.3230368,0.12410673,1.3765012,1.3295559,1.3128867,0.9978246,0.76356536,0.7042715,0.94095373,0.58109814,0.60409164,0.63527393,0.925369,0.06642418,0.0963956,0.59179944,0.84684813,1.4566824,0.1704049,1.7135595,2.150307,0.9816909,0.4639965,1.4013284,0.6569136,1.4596823,0.37369302,1.6030157,2.4983726,0.90428627,1.117556,0.45719993,0.85982645,1.1145805,0.45587808,0.49057662,0.39272898,0.6664735,0.039416656,2.4920144,0.6622675,1.4386911,0.32156333,0.4328226,0.3203953,0.5932645,2.2259576,2.3072546,0.24820915,0.22756964,0.052808575,0.45061612,2.4302382,1.9611704,1.6550479,0.9474468,0.5082707,0.95525205,0.7253658,0.5297368,2.4952033,0.7171573,1.2114737,0.8079069,0.46768638,0.91257554,0.43612456,2.8576074,0.9591085,2.730002,0.49887404,0.6655689,0.35022736,2.5887425,2.736417,0.9424541,0.47914636,0.7116524,0.4125274,1.2270758,0.45656046,0.84878445,1.396953,3.2813926,0.3382738,0.7117339,0.40506947,0.07413719,0.8664437,0.29548705,0.710562,2.2196085,0.5060405,1.5631418,2.1211472,0.2259439,1.3057227,0.7869705,0.4651656,0.16049229,0.5095505,0.2964408,1.1121315,0.7185171,4.1894774,3.563489,0.9957518,0.3615675,1.8033363,0.27227077,0.8103468,0.3566967,0.87008727,0.0008991893,0.79759175,3.452854,0.66057897,0.6934405,1.0222056,1.4477698,0.68652755,0.020552153,2.3965652,2.8868408,0.41657844,0.21419331,0.36945918,0.8679031,0.054924265,2.2428339,0.7560889,0.782459,1.0287701,1.541247,1.082175,0.7819415,0.4919574,1.3088297,0.12974064,0.29633218,0.64406955,2.458252,1.0919858,0.12308302,0.3974535,0.3213466,0.067979164,0.42956072,1.1751001,1.7036946,0.0020813062,2.9721093,1.0207856,1.0373846,1.3991679,0.059939425,0.15901454,0.30156523,1.1162075,0.33928698,0.8321345,0.2414163,0.6787765,0.009297575,1.3463054,2.5844598,0.07506113,0.32811004,1.2027496,0.9249268,0.3271781,0.13797824,0.81318116,0.30024475,1.4623581,0.525614,1.8098669,0.07211571,1.5677546,0.7521523,2.9274135,0.6391783,0.89161605,0.21763371,0.47191676,0.74285877,1.7070563,0.56298786,0.09487168,2.816735,0.8302922,0.15035765,0.9901428,0.7358275,0.5689481,0.68314874,0.14606617,0.8615812,6.144163,0.1448826,0.5222553,0.31144524,0.4570988,0.1325538,1.1150929,0.09539278,4.9597898,0.5080192,2.9049265,4.0905495,1.42314,0.37234363,1.613975,1.6401011,0.67650795,0.3580485,2.3077357,0.54496586,0.5257556,0.13971932,0.89391714,0.05649569,0.30328366,0.9138337,0.25779843,0.93027496,2.8902094,0.65230936,1.6213087,0.45434475,0.9791557,0.44618276,1.9026718,1.7146869,2.5254574,1.0833471,3.1778831,1.750823,0.36633012,0.9403786,3.8339164,1.8431144,1.0245982,0.6118147,0.5121099,0.21600637,2.048303,1.9682454,2.6270459,1.3461411,0.39563957,0.17679483,2.306073,0.8425608,0.35278505,0.17553419,1.9094769,0.020107118,0.41312572,0.26898178,0.24478304,1.3511221,3.01124,1.0908561,1.4181576,1.7439891,0.62924504,0.22842866,1.7582699,1.3864708,0.4086609,0.7108705,0.21361849,1.09193,1.3306363,1.6029629,0.75895673,0.7943227,1.1200523,0.32063904,0.7055028,1.1719372,2.8524628,1.8840572,0.033662602,1.5430217,0.99424183,0.96323764,0.20685978,0.23441105,0.00609693,0.94320476,0.7318566,0.99907595,0.94537693,1.0987921,1.2894382,2.1158412,0.76151246,0.37141863,0.13987182,0.18999125,0.23678514,1.0784948,0.15390883,0.73856324,1.1019068,0.024885163,0.8796787,3.2774825,0.43267098,0.17843546,0.32237226,2.0836713,0.61221033,0.74946517,2.002121,0.18486306,2.305021,2.9812677,1.5465785,2.2716126,2.0083683,all_pothole_images\pothole_images_enhanced_17e116dd165ccb3eedf6ea2361f784ea.jpg
0.8847715,1.0765712,0.58594716,1.3619045,0.74794567,1.1506498,0.08673588,0.008855196,1.077731,0.01858841,0.6491356,0.2670096,0.18107662,2.770515,0.27531344,0.5708145,0.13625535,1.5637671,0.07646146,0.33862692,0.75023043,0.8371987,0.31727377,0.9026439,0.27833983,0.22829363,1.1006716,1.2791148,0.8513088,0.019969776,0.1903084,0.76037633,0.03391438,0.3330573,0.25909114,0.3892959,0.89952826,0.5998853,0.25666392,0.0,0.5763564,1.3402258,0.43366304,0.61522305,0.4038943,0.8485253,0.61787194,0.52251846,0.64977145,0.94850385,0.33344486,0.2246951,0.4004823,0.6134161,0.05181147,0.6300528,0.4273971,0.08268325,0.017272053,0.39447188,0.26632288,0.016757572,1.2760925,1.1780032,0.7141493,0.49504033,0.04482948,0.040596254,0.0854393,0.06588508,0.89671385,1.224061,0.21289775,0.15853776,0.25324196,0.28027603,0.98402417,0.9184248,0.030597964,0.50989735,0.62646616,0.79489654,1.8495586,1.0029737,0.0038466514,1.2117018,0.19180019,0.09172354,0.18305358,0.12480778,0.6282428,0.6044067,0.6732601,0.388179,1.0358098,0.23888582,2.237518,0.32124144,0.106338486,0.7142287,0.6142311,0.37440014,0.83792365,0.40390632,0.53161055,0.2993949,0.21815367,1.3899593,0.15238456,1.8521074,0.32774952,1.4802237,1.0834092,0.57959974,0.3325868,0.3647293,0.62857896,0.8387934,0.5718099,0.38026732,0.57043564,0.15676264,1.3506227,0.43448994,0.57744783,0.017691437,0.37073955,0.0014557386,0.012565435,0.6003198,0.6494504,0.2215415,0.4112585,0.8724243,0.024900025,1.562542,0.43649668,0.059082642,1.2526315,0.043054156,0.09512213,0.08762086,0.7809513,1.0197151,1.4948308,0.6031509,0.14812851,0.0032310758,0.25612837,0.09119431,0.04849572,0.70887345,0.29219854,0.01480731,0.7832538,1.9135729,1.1449709,1.7028773,1.4992859,1.8835415,0.76030916,1.3617895,0.095679894,0.22656925,0.23894231,0.8429218,2.3257415,0.8487583,0.81284696,1.5003643,0.7911977,0.38708138,0.22316755,0.4804724,0.4781947,0.3703011,3.9871912,1.7167792,0.52500606,1.4620576,0.029352875,1.161138,1.833024,0.45114085,1.8971189,0.29755166,1.4671425,0.24045481,0.47811168,1.1071962,0.15762345,0.04547363,0.8764382,0.098891735,0.72968197,0.4606174,1.1010078,0.63217705,2.1882913,0.5809013,0.4338827,0.3116694,1.2111928,0.27174947,0.80355,0.73431146,0.17552099,0.48353335,1.0963231,0.620648,0.5510356,1.3822901,1.4342988,0.85634816,0.72489977,0.7231389,0.62703055,0.12880479,0.7446101,0.36760947,0.6088529,0.28083813,0.50224096,0.8790789,0.0,0.41490567,0.75776196,1.8386678,3.256482,1.9961681,0.047407445,0.5672537,0.7049721,0.43879065,0.7545708,0.37613302,0.602081,1.4663678,1.6695615,0.4758189,1.3046428,0.113569334,1.1469104,0.008689566,0.02443618,0.10048224,0.21023661,1.0937588,0.15207694,4.8536863,0.2107916,0.0,0.0043981373,0.68704355,0.46749026,1.1003656,1.1132616,0.13415349,0.23853387,0.6857431,0.33319068,2.3510964,0.045392565,0.57351553,0.079311095,0.6886478,0.13039483,0.16842595,0.6625242,2.1683714,0.5619706,0.4260365,0.2997149,0.21605478,0.31328827,1.777345,0.9164993,0.24613714,1.1830225,1.6665258,1.4811062,0.38554427,0.04866382,0.0021118913,0.45614702,0.07752446,1.6789683,1.2155584,0.82119656,0.39757302,0.5312928,0.4811182,0.0062349923,0.6357211,0.8831286,1.2674586,0.14164403,0.9788659,0.7295878,2.2642684,0.2667387,0.027740883,0.01875036,0.29430652,3.741011,0.44498545,0.67703664,0.2555808,0.65030134,0.30286622,0.1480326,0.5446546,1.0417994,1.7751461,0.02227636,0.1956671,0.7729142,0.26560348,4.6485004,0.5905898,0.020814857,0.11824583,1.9249504,0.299784,1.0100969,0.5113358,0.88473976,1.3066504,0.08325419,1.0518142,2.3850496,0.54313534,0.03116351,0.8969789,0.10068414,0.66085064,2.4730935,0.011166852,0.50006354,0.44160658,0.19574173,0.60405475,2.5399406,2.059469,0.11877541,0.8591393,0.038911007,0.11805625,1.562812,1.819224,0.06439331,0.51586246,0.037989076,0.31732875,0.8551988,0.46288243,1.5840151,0.41607937,0.445336,0.1753843,1.4675708,2.2305331,0.32138255,0.11847097,0.076829895,0.71731335,0.0,1.858841,0.0,0.09635485,0.8572291,0.20815055,0.80132544,0.66804075,0.7033402,0.71687037,0.31837383,1.4879076,1.8382854,0.13126229,1.731012,0.16593641,0.09642668,0.8121451,2.16073,0.2776274,3.1736658,1.0171411,0.10582232,1.0856357,0.7701874,1.0912256,0.48184383,0.6776932,0.39473608,0.03147709,0.0,0.05744122,0.53369576,0.37582847,1.2641289,0.36831263,0.0,0.15469687,0.02788175,0.066554345,1.2687751,0.8557801,1.4805976,0.01629438,0.41722736,0.6597825,0.58057296,0.049610477,0.5099928,1.2503753,1.1943729,0.16649215,0.12566034,0.96537465,0.42437634,0.66686076,0.4306392,0.70120674,1.4492688,1.533804,0.0021695578,1.8706907,1.0810523,0.32026348,0.38151675,1.4457616,0.0,0.3800794,0.8047532,0.6513907,0.98752314,0.3366951,0.62431747,0.33073813,1.5603559,0.5968722,0.11188145,1.3532875,0.7557999,1.6383455,1.0172212,0.21910463,0.41929236,0.44503137,1.9414377,1.0363344,0.06715824,1.0314381,0.9055232,0.46898055,1.8369647,0.30636522,0.0,0.7055209,2.4971192,0.26289406,1.4995071,1.204022,0.21549499,0.37795,0.2723492,0.41068247,0.062965915,0.41896033,0.3377588,0.90032566,0.8269988,0.0,0.8917023,0.03701169,0.4652456,0.038136844,0.3128271,0.1502441,0.5359091,1.8635747,0.45825124,0.08898193,0.009375066,0.2993646,0.31044,1.5655477,0.8878927,0.01793724,0.026150007,0.24438989,1.524767,0.5160684,0.22082216,0.0,0.0,0.4008379,0.02250053,1.4203101,0.67337704,1.1251477,0.050781716,1.0261698,0.0038341922,1.4088035,1.6062089,0.5599114,0.03304808,0.5390962,0.18283623,0.03623219,all_pothole_images\pothole_images_enhanced_181bd1345c8fc2e62655d284f55b1231.jpg
1.5619167,0.51745677,0.001548209,2.271414,0.7842228,0.22738293,0.43038043,0.3649283,1.4095314,0.9750664,1.2399646,1.3303396,0.61526746,2.5723362,0.64580786,1.584784,1.3801855,0.39918828,2.387716,0.8306656,1.3939358,0.8851425,0.004256146,0.78519267,1.2320541,0.9210166,0.34583017,4.1584005,0.2564013,0.163075,0.09331509,0.6094716,0.0743377,1.8513995,0.01857974,1.1135961,0.014883594,0.1615126,1.6161582,0.38196734,0.0,0.011964958,0.29063612,1.2211398,0.5328973,0.34925616,0.5753527,0.23637348,0.5728659,1.0841266,1.0053116,0.0014537077,0.41507646,0.30903563,0.40991288,1.4631308,1.6036656,0.020763313,0.32951963,0.07540385,0.80287135,0.5537507,0.79730886,0.52724177,0.23096041,1.8006271,1.1849018,0.3749535,0.2299222,0.1498251,1.0362014,0.055994272,0.95213205,0.3691718,1.5136136,0.30971304,0.10478948,0.3301298,0.3547969,0.9000755,0.0,0.5668828,0.0,0.23993655,0.47495747,0.11570286,0.09704908,0.4603677,1.6630806,0.5310705,0.93466324,0.03612132,0.57705706,0.8503985,0.43236682,0.1212436,0.53015035,2.1014743,0.23548344,1.9738613,0.0,2.2533638,0.7159892,0.2733959,1.5987154,0.2024233,0.09618913,0.051447447,0.00505238,0.6011559,0.0036131064,0.5858785,1.5162559,1.1766082,1.0838495,0.5787013,0.114968084,0.09295416,1.6407648,1.880988,3.0807033,0.30447692,0.00072981056,0.80814326,1.338171,0.86059976,1.7744688,1.9341972,0.9862286,0.02466611,0.103829354,0.09925374,0.070227504,0.70887023,0.46848702,0.45587242,0.8610337,1.2672595,0.09697903,0.25925812,0.002676871,0.036686547,0.18724105,0.19797508,1.3860505,2.0327182,0.0,2.3985372,0.9411032,0.21590814,0.8480659,3.2998445,0.7426537,0.00832834,1.6168586,1.077818,0.42862245,0.18960081,0.6571164,0.5085606,1.3176519,0.48030403,0.03926234,0.7501105,0.35923782,1.7681162,0.4283952,0.21626195,1.212729,3.6013296,0.069822066,0.010430137,0.3226237,0.229802,0.05634583,0.22786134,0.7918651,0.0542566,0.035600685,0.0023863022,0.46473616,1.8268313,0.9973392,0.98265964,0.66516024,0.12116983,0.46039802,1.0595219,1.2922001,0.779309,0.53397393,0.199604,0.52593416,1.0497955,0.1968371,0.893039,3.0265248,0.0,0.9940885,0.072468325,0.2468176,2.5283442,0.91200346,0.5045268,0.20390116,0.37811777,1.49624,0.033764705,0.36922762,1.0490868,0.2833657,0.0,0.7337059,0.66887057,3.0472193,3.6077895,0.3018828,0.41812107,1.3606633,0.29027689,0.56413853,0.48081046,1.4772369,0.58064866,0.2075834,0.18391562,2.165437,1.4569674,1.4119649,0.6830847,0.0,0.13968697,1.5342351,0.45933634,0.10001696,0.16637853,2.2387507,0.10679725,0.19071063,0.06302892,0.091393456,0.26934654,0.10821905,0.4496535,0.08345645,0.0,1.0421262,0.38426325,0.60929406,3.0871308,2.0931811,0.7844719,0.16926368,0.037207015,1.0627551,0.7222113,0.7183887,1.2821777,0.0,4.442501,0.85495365,0.050824516,2.4692695,0.14484662,0.10439668,0.048173066,1.2577313,0.21572885,4.8916035,0.04826949,0.60180736,0.20854875,1.4054408,0.52087784,0.009180712,1.0421276,0.29227468,0.34875858,0.4130703,2.3750587,0.026217941,0.41528383,1.6607305,0.2265089,0.5837784,0.0,0.6729983,0.36202163,0.9436068,0.11314921,0.48673108,0.07313772,0.65457624,0.7539175,0.6380596,0.23165257,0.410536,0.40266562,0.49534124,3.1278138,0.39303225,0.37437746,0.1839147,1.0991981,5.3413634,0.19737227,1.5931323,0.85813,1.4601344,0.0095294565,1.5010071,2.1333108,1.6108818,0.6914363,0.0,0.80631363,0.0032356759,1.2831894,3.2684886,0.40369776,0.84368926,0.027878668,1.0766369,0.00076986954,0.6832508,1.6424509,0.11991865,0.020753393,0.085136876,0.1147778,0.81568193,0.0011853257,0.5134604,0.060585212,0.05186003,0.17426696,2.782346,1.6942596,1.0427119,2.2641246,0.26973793,0.06486509,3.0435703,1.2751245,0.7207159,0.19876708,0.5018236,0.20424558,0.1155992,0.2385818,0.2834633,0.57585573,0.43676242,0.458032,0.668883,0.121906295,0.20020874,1.0732659,0.39194807,1.5026411,0.39829323,0.74511564,0.09633914,0.933458,0.0,0.6062059,1.0054171,0.011780109,0.08201672,0.08228152,2.5506742,0.17442268,0.8214558,0.20142356,0.0013971217,0.36752185,0.073842295,0.004955629,0.7963061,0.057798658,1.4261935,0.3071144,0.35395852,0.0,3.7660565,2.4193192,0.5387285,0.010176807,0.6195101,2.3665993,0.69461185,0.17690533,1.1743317,0.2043153,0.031414118,0.2659878,1.0167873,0.5401319,2.063361,0.0013364988,1.4901642,1.698148,1.4122763,0.3803862,0.22309038,1.3240651,0.21578868,0.519017,0.57462955,0.23505136,1.329793,1.1235427,0.5630958,0.48812166,0.00968747,0.8586343,0.49986458,0.21110645,0.4539912,0.6563535,1.6059887,1.557494,0.5001976,0.20728756,2.7258224,0.055401936,1.7195048,0.02804487,0.41596457,1.0473449,0.28754705,0.30810842,1.7483284,0.49179143,0.79846764,3.0506449,0.6826643,0.7094247,0.0051118517,0.3304413,2.5213332,0.9631231,0.6117482,0.05367849,0.063902825,0.0060234107,2.0813048,1.2803792,0.041105922,0.6892696,1.9789474,0.6872429,0.9722393,0.5806189,0.45847538,1.9876195,0.54411215,0.20275633,0.090363815,2.2125494,3.6115909,0.06351042,0.6357853,0.020012747,1.361966,0.34676215,0.17652504,0.0,1.4036713,2.9269993,0.5240586,0.19036672,0.05534741,0.0038567476,0.8332983,0.85956883,0.41703218,2.0671287,0.43279615,0.25404397,0.95776445,3.449945,0.2784334,0.41001645,0.0061426302,0.06909904,0.35453585,0.040060498,1.0231346,0.0,0.44388384,1.8126131,0.13061078,0.12626198,0.4577924,0.022441491,0.09957262,0.06858606,0.23855765,0.022392849,0.288856,5.9710193,0.39784434,2.354523,1.2873099,0.9996179,0.49283728,0.91339236,0.05562682,1.0811808,0.36716107,0.46674415,all_pothole_images\pothole_images_enhanced_1823320c23f78933b5b5de99cfb69a42.jpg
0.208648,1.2890049,0.3609198,1.0501093,0.18177949,0.4259318,0.22916369,0.021446794,0.096647814,0.47109324,0.043721482,0.22296664,0.7538427,0.1210312,0.06926906,0.12205504,0.23161428,0.7796736,0.83032846,0.04289196,0.19875135,2.0406384,0.6526449,1.1987236,0.16268297,0.023076188,0.019997858,1.3856453,0.19127585,0.4985852,1.013832,0.40994528,0.09514863,0.49401778,0.73753893,0.853759,0.6123648,0.30783892,0.6535421,0.1576628,0.015737806,0.0063888817,0.20675081,0.60782546,0.83995473,0.06090354,0.29820645,0.0,0.13487679,0.3131818,0.53547776,0.010445869,0.5840292,0.37023982,0.10218837,0.60944206,0.416848,0.20523664,0.98722965,0.2214654,0.36237514,0.0,0.39518666,0.61696666,0.48354623,0.6774433,0.4832059,0.00899731,0.5596204,0.6757487,0.1634944,0.97386855,0.25356624,0.041184966,0.36048162,0.4965685,0.31789935,0.07120197,0.26565567,0.13645288,0.07831932,0.59314716,0.42924017,1.5270848,0.3806725,0.6274854,0.32206857,0.2980225,1.6724825,0.33200905,0.0611571,0.29191047,0.06413596,0.29692283,0.02160055,0.14317676,1.5638276,0.44526756,0.06730249,0.0,0.5602452,0.94186664,0.19013175,0.15016766,0.1546284,1.1707082,0.28940815,0.0734467,0.091826804,0.3975236,0.016134627,1.4031383,0.6624214,0.788517,0.097444244,0.018356262,2.2861643,0.5431404,0.9498336,0.6571785,1.6000633,0.5842371,0.83556426,0.23444459,0.12891352,2.0210967,0.1221834,0.20895393,1.0538849,0.40876177,0.6544071,0.004823886,0.6184381,0.12754954,0.18872373,0.705955,0.46173763,0.065586165,0.5950254,0.0,0.89773124,0.40843865,0.03947322,1.2526268,0.027464319,0.5444582,0.26400402,1.1139244,0.99849665,0.84504557,0.81848145,0.5589749,0.07509564,0.31838456,0.95884424,0.4691918,0.4176276,0.07683927,0.13408597,0.33765462,3.0164287,1.9293001,0.14838047,1.4419241,0.00036590957,0.16938661,0.06770602,0.049118098,0.76188815,0.82231915,0.16214453,0.06766301,0.0072728805,0.07286013,0.3521139,0.31588307,0.2117821,0.04249155,0.058171075,0.19275284,0.1481909,0.8886912,0.7684142,0.34758225,3.063377,0.7998137,0.20624533,0.04791403,0.17846204,0.34715053,0.147459,0.5338497,0.2731673,1.2313578,0.18900938,0.020905592,0.2663465,0.33649626,0.43618357,0.6785934,0.60982746,1.165914,0.622271,0.83406425,2.7604465,0.31894177,0.14023834,0.226828,0.95832115,0.16798262,0.014346576,0.012892203,0.96455675,0.06389454,0.06385844,0.66592205,0.7945301,0.42824593,0.823564,0.088751756,0.27865097,1.3782529,0.17880747,0.47458872,0.0012942326,0.25238055,0.71568424,0.02759455,0.6346429,0.22296998,0.17068806,0.19391786,0.44766593,0.25981665,0.16595447,0.2955618,0.5889646,0.039529584,0.353181,0.23016708,0.10649067,0.20872809,0.57083404,0.092565134,0.025511473,0.029512545,0.72779983,0.2650369,0.70659953,2.4830456,0.5972393,0.0038019987,0.5528891,0.18273321,0.0,0.20946264,1.0121436,0.9168866,0.18290126,0.26069227,0.040703792,0.17200333,0.0,0.7938704,0.19157049,0.53513896,0.03397642,0.49262267,1.6161741,0.5641663,0.009246753,0.16247147,0.0008028325,1.5105374,0.9250071,1.4571769,0.43316883,0.05373136,0.4559114,0.89529866,0.79229826,0.10514823,0.21466511,0.07976088,0.88673306,0.5447671,0.2412749,0.08536715,1.266832,0.6544798,0.24493606,0.0,0.06389832,0.68531585,0.27628955,0.040796444,0.2540568,1.5912036,0.6755958,0.22683387,0.6527472,0.6979658,0.115070246,0.30732918,4.437994,0.12790994,0.046671566,0.82469445,0.03166204,0.23333561,0.32095966,1.024183,4.375857,0.57483757,0.15690368,0.16403042,0.010198303,0.33860564,1.0819283,0.006318426,0.43746242,0.009921441,0.0032670503,0.25231117,0.323091,0.45726207,1.1846682,0.10713501,0.22982858,0.083553754,5.2270803,0.024341475,0.21728437,0.03575258,0.004263181,0.10130933,0.29455742,0.06401329,0.0012573118,0.03950518,0.09219565,0.8213024,1.7426271,0.27274886,0.06299247,0.38464838,0.077139065,0.42536548,0.788071,0.5432583,0.3821564,1.0737987,0.017030513,0.033640247,0.11222709,0.12632264,0.0035176282,1.1498636,0.10421747,0.76341045,0.10251399,0.02377721,0.83915687,0.0,0.4867679,0.0064520896,1.1313964,0.9354701,0.2063274,0.14968175,0.6677531,0.65919465,0.41025597,0.11136558,1.1358085,1.0044041,0.055032767,0.2697472,0.8839344,0.33712378,0.07831097,0.03337696,0.7553232,1.2596418,3.8162217,0.30571532,0.63390666,0.0009062453,0.008859225,2.2632978,0.46426043,0.69493,0.048650015,0.6154148,0.49770126,0.29628313,0.30124715,0.47296923,0.3830619,0.15476444,5.7138166,1.0686253,0.14723837,0.26760355,0.13191992,0.0,0.9037903,0.3117979,0.10039732,0.056742262,0.42167053,0.08157525,1.037486,0.06319167,0.03745188,0.37417075,0.59436595,0.0013412967,0.0081531815,0.07972824,0.38504702,0.18611243,0.5462791,1.3934312,0.93279,0.77062637,0.26267233,1.1384771,0.0305602,0.46506858,0.25743425,0.8803032,0.14197272,0.31623083,0.22722779,2.7729628,0.30877388,0.1900966,0.26134825,0.51157975,0.14214702,0.62314314,0.3246208,1.55121,0.11875062,0.34930077,0.6160462,0.18647009,0.0031359596,0.660945,0.89573133,0.42805284,0.6652819,1.0938188,0.39417794,0.422657,0.15907882,0.58843625,0.1642528,0.43498003,0.75554425,0.28505355,1.1647996,0.08097669,0.17388873,0.31762943,0.079067454,0.028920883,0.64421237,0.7591464,0.59672785,0.9572655,0.19569099,0.06635692,0.5772904,0.0,0.14417781,0.17687435,0.6895959,0.047964916,0.16189562,2.2141724,0.5499155,0.058655072,0.10577145,0.19817212,0.4057897,0.028187377,1.4024924,0.019125007,0.66631263,0.5731116,0.0,0.10479315,0.0,0.06874091,0.0015907115,0.4933536,0.003071928,0.11940627,0.0032043927,2.679174,0.5940938,0.04813962,0.36467054,0.37044692,1.0867671,0.16699487,0.25263873,0.060257006,0.015571117,0.31013232,all_pothole_images\pothole_images_enhanced_183528d589b6cb1bb18fa6c13963ca69.jpg
0.17413975,1.6966941,0.15596786,1.7390099,0.09580466,0.30218482,1.0757778,0.1721558,0.44550875,0.50157815,0.46367535,1.4486172,0.359183,1.3316199,0.24493691,0.47341388,0.23480612,1.2281748,1.3945699,0.3213991,1.0423176,2.2767508,0.7301718,0.054943666,1.7937298,0.47289217,0.8698143,3.6040692,0.31764692,0.064649336,0.87097865,0.053502884,0.635327,0.026638526,0.7900273,1.5569359,0.10967476,1.0113288,0.93322617,0.40975928,0.0015435322,0.9018349,0.054414257,0.7516446,0.3831247,0.057459984,0.71523553,0.8952353,0.0009761739,0.14939934,0.01482556,0.14004818,0.18358701,0.12676698,0.0072989026,1.780761,0.9141137,0.031396918,0.16522038,0.6101605,0.3355011,0.31770822,1.7654152,0.46621895,1.1839654,2.2463398,0.25363055,0.06365813,0.03700546,1.1392866,0.28170004,0.20008649,0.025489656,0.07503813,0.004886767,0.047357753,0.38348693,0.32748225,0.011213974,0.22653109,0.6865242,0.0,0.48116013,1.3148956,0.066129364,0.07729115,0.052484214,0.0030747573,1.0195066,0.05157111,0.026225418,0.38087556,0.104460776,0.18361329,0.29393488,0.0,1.5383093,0.54410565,0.86078954,0.8189858,0.36546746,3.037952,0.7582777,0.006787483,0.57174695,0.06262959,0.15807405,0.3971174,0.08666449,0.14200407,1.4543868,0.7303244,2.4690468,0.18829736,0.68098,0.20480266,0.097392045,0.07147002,0.1593555,0.31475317,2.4774754,0.008691633,0.460863,1.0584279,0.67406905,0.42017993,2.852774,0.1454767,1.8439715,0.15609998,0.35158142,0.6784414,0.004909549,0.28363267,0.9632838,1.1484627,1.3290293,0.031149197,0.40686843,0.05024133,2.2163913,0.11312778,0.25549853,0.50715125,0.41467577,2.4510665,0.08324559,0.81995803,0.2993539,0.0018620051,0.42350745,0.77667725,0.015192252,0.04888707,0.32926178,0.057838123,0.46069723,0.068552,0.76727444,0.80051535,1.0715798,1.1143316,0.07424855,2.485561,0.8558591,0.8110753,2.5456517,0.4674605,1.0213472,1.5998023,0.880971,0.37793243,0.0062216897,1.7023546,0.3869287,0.011152448,0.84973806,0.44434142,0.1556937,0.5432736,0.23326156,0.70768225,2.2849414,0.0074447184,2.487133,0.02846878,0.3626972,0.7918561,0.048424274,1.1703314,0.7198139,0.3325366,0.0,1.899736,0.32915002,0.0110539,0.5233497,0.8614601,0.20876369,0.7787827,0.20871583,0.34021237,0.7954747,1.0882131,0.1333263,0.028580962,0.94592625,0.24690972,1.1201762,0.48445743,0.0,0.5140495,0.5656825,0.028331488,1.7139053,1.1989787,0.348679,0.8945799,0.38801587,0.27080953,2.928809,0.20551124,0.31067625,0.06972823,0.0,0.2317805,1.5143217,1.3642441,0.74928313,1.0414972,0.10464758,1.0533198,0.6608144,0.10686585,0.30147138,0.0141671,0.95651954,0.18382652,0.81221366,0.3205493,0.09963636,0.0,1.1865468,0.039619517,0.72670513,0.4676495,0.48841658,0.20767784,0.8402481,7.0141177,1.9131174,0.18414474,0.28866658,0.11695994,0.04982629,0.7061132,1.3634186,0.26359075,0.19658197,2.385938,0.07800435,0.08828737,0.52041733,0.19642872,0.48569903,0.5890144,1.3834184,0.84596056,4.189451,0.45658907,0.16813612,0.40593603,0.23813222,0.17723963,0.44053993,0.7349206,0.043761786,1.7392883,0.32651383,0.766762,1.307831,0.110972464,0.4429301,0.4834744,0.57299614,0.17556548,0.3018363,0.23056784,2.9382105,0.08362539,0.0062723956,0.18311259,0.2851693,0.16889432,0.16255082,0.344028,0.057219554,0.7962698,0.40053883,1.646343,0.076941594,0.25392616,0.1585019,0.016184963,5.6078815,0.017232215,0.72783685,0.035996232,0.04746043,0.5707878,0.11078555,0.732695,1.7762666,1.0279721,1.933339,2.596723,0.32624045,1.906955,2.4267154,0.45958817,0.03327983,0.0,0.43975618,0.81647474,1.093855,0.06964608,0.05234213,0.0025296786,0.97226197,0.30607578,3.1001637,0.19914658,0.0597011,0.58700943,0.11698332,0.0,1.3283218,0.37315562,1.2965822,0.54644305,0.04621466,0.3931128,1.2567064,0.6259411,0.86938506,1.0693172,0.5092365,0.37849098,0.50939107,0.6948008,3.018742,0.029908827,0.4410018,0.8020458,0.29213247,0.009296553,0.13982594,1.0824666,0.14781703,0.026135523,0.82594,0.9641792,1.5292971,0.7403192,0.0,0.0018889245,1.9476433,0.12618251,0.025374524,0.6001677,0.31771767,0.0,0.2982042,0.07889293,0.19608596,0.07577103,0.006592569,0.568448,0.8784712,0.18295765,1.0979477,0.35488194,0.21976554,0.87618035,2.1878643,0.36146832,2.6075892,0.06418495,0.07276827,0.5524418,0.8536626,0.22461109,0.07059482,0.42478743,0.13935621,0.597125,0.055474687,0.1861421,0.028569326,0.46654034,0.6384373,0.6550522,0.6206152,0.92628735,1.2701641,0.15597928,1.0206639,0.9688722,0.079215325,0.7151293,2.2057438,0.39125016,0.019772835,2.621679,0.6431913,1.089327,0.6604455,1.0714504,1.8360169,0.05001498,3.0433013,0.11546203,0.72899425,1.5329686,1.890601,0.08500876,0.14081478,1.1477553,1.0787258,0.13743173,0.92118865,0.1327121,0.0,0.42743543,0.37326998,1.1863527,0.038457155,0.5305735,0.291741,1.5657482,0.50348616,0.89816564,0.22547957,0.0750572,0.13328227,0.030269766,0.40778172,1.778595,0.2259628,0.8641623,2.191134,0.23409967,0.68540245,0.30020568,0.1850784,1.0462456,0.931822,0.02415947,0.06612423,0.2730028,1.5020428,0.07382943,0.13304459,0.07344875,0.32343128,0.37410602,0.018220393,0.0,0.09901176,0.87363666,1.6335442,0.3094188,0.33574083,0.71255964,0.11315648,0.010160987,1.1250012,0.67576575,0.7748314,0.21235631,0.042472303,1.0208337,0.7668898,1.2429249,0.0,0.35155627,0.029552525,0.05497757,0.5148039,0.17985453,0.08359493,1.9035295,0.0045119165,0.5731174,0.0,0.49549928,0.43743584,0.06845485,0.3351343,0.06213825,0.7081239,1.7776467,0.4179761,1.0977697,1.6050916,0.6496812,0.7646727,0.14600441,0.07353916,0.19431777,0.08945342,0.3697728,all_pothole_images\pothole_images_enhanced_18617cbeaa32977f5cb3888e7a214633.jpg
1.7955388,0.43488705,0.022633417,3.7732441,2.8129745,0.20151705,0.838942,0.49005437,0.11753966,1.2230612,0.89898705,0.69190264,0.16393311,2.0466862,0.012002315,0.059003945,0.45750877,1.2288053,2.192897,0.14973904,0.6926006,0.8477744,0.4825826,0.41094503,1.5282645,0.12278418,0.52155405,1.924454,0.10577435,0.08381131,0.15635408,0.23936011,0.0661334,0.19937703,0.7888381,3.1463969,0.92208004,0.3112135,1.3013601,0.2975088,0.12370351,0.3171679,0.16627435,0.89019245,0.3096801,0.35340765,0.7156648,0.3428621,0.6745263,1.1777711,0.7493047,0.6784295,0.24170408,0.16455263,0.66252804,1.2109374,2.8260908,1.0578011,0.36711004,0.3826878,0.3856814,0.24855785,0.26116192,0.84042686,1.6692985,1.4896032,0.6597356,0.0071257357,0.43710232,0.66108066,0.26826602,0.090408534,1.0032232,1.1510313,0.7541357,0.25472698,0.6403773,0.8427169,0.88930905,0.9696468,0.0,0.6426892,0.12743269,2.4432173,0.039361168,0.48713645,0.45903003,0.45496884,0.30793616,0.24473687,0.10240555,0.0084476,1.4290956,0.32150686,0.017872604,0.008370983,0.12338553,0.8026562,0.087259114,0.87307185,2.0493596,2.674408,0.3806276,0.004995188,0.48161864,0.12212102,0.22940692,0.68087953,0.48695508,0.20323175,0.1322518,1.0929505,1.3327924,0.22127077,1.2752067,0.5813542,0.08982776,0.54163724,2.1783035,1.0302919,2.3545969,0.40200123,1.1554796,0.57734746,1.3269849,1.8607647,1.3738574,1.197931,0.23056123,2.097992,0.46317354,0.27507815,0.4857206,0.20937869,1.6957009,0.99549085,1.3871421,0.6886875,0.13928193,0.09994594,1.194358,0.48019555,0.551966,0.70311874,0.50084287,1.9895107,0.40636188,0.6532891,0.16217314,0.08277648,0.6968995,1.4931262,0.6908695,0.49218693,1.9002835,1.5753412,1.3263308,1.1692061,0.5710897,1.4932923,0.7097487,1.0677058,0.849081,0.985752,1.299485,1.9585029,1.2470433,0.37925836,0.9796312,3.3172333,0.36556104,0.054965068,0.32167912,1.7987027,0.16370577,0.22550109,0.6131995,0.027363071,0.38674957,0.025298147,0.105431855,2.1429183,0.16812192,0.81606835,1.1900381,0.84016544,0.1560503,0.61573,0.52540493,0.87994015,0.46951565,0.18720946,0.2020083,0.20261145,1.5977193,1.3649929,1.179343,0.17028818,0.84276205,3.0260477,1.2149564,0.5811826,0.32744592,0.046069942,0.10785721,0.13160954,0.33000767,0.8035179,1.0856776,1.0914955,0.18913424,0.19320662,1.3219198,1.0462443,3.4954135,2.233048,0.115638286,0.57737577,1.1287854,0.34462574,1.4006245,0.3000351,0.99766874,0.5939677,0.031231388,0.44141734,1.4432513,0.34330362,3.2686772,0.42525247,0.24796988,0.11619486,1.7540705,0.09881181,1.4393941,0.09208445,1.5349001,0.36320713,0.9787478,0.45323858,0.22219475,0.4166218,1.1821997,0.6381439,0.6839207,0.036248308,0.7098386,0.48151594,0.23626736,6.6039944,0.22035314,0.48509082,0.10290985,0.6668564,0.20204838,0.20619293,0.5724548,2.2272673,1.3212144,3.376582,2.102186,0.82410693,1.5648766,0.15931614,0.1280055,0.19978271,3.2496126,0.1357818,3.8769338,0.056264788,1.03622,0.8151647,1.4033178,0.0728172,0.09816478,1.821033,0.20498028,0.4297301,0.7499919,1.7917745,2.063274,0.4969782,2.3841252,0.1513011,0.006947863,2.514544,1.0877589,0.48433217,1.408229,1.367389,0.0,0.027431691,0.08350148,1.5581975,0.36216772,2.1445987,0.3953739,0.4147667,0.19074407,2.9464405,2.2196589,0.041909557,0.3293232,0.22810687,5.433027,0.18860215,2.0239756,0.74510205,0.5868977,0.39852464,1.005865,0.33986625,1.453154,0.3908127,2.5702448,0.14756879,0.17402345,1.7577075,4.6958923,0.4031389,0.14015457,0.028454745,0.56652373,2.8644016,0.25454456,1.2979716,0.14838463,0.22391064,1.0832133,0.06601,1.1968462,1.0266964,1.3087356,0.9225947,0.057663266,0.22753508,2.5209775,0.08195493,0.70050514,1.1051949,0.43396983,0.01823689,2.4958932,1.2644945,0.31557867,1.9575851,0.0052289455,0.5301222,1.4078664,0.06796715,0.18399449,0.045131672,0.0062701376,2.3114998,0.50061727,0.042165153,0.5614883,2.765598,2.442505,1.6923373,0.008801426,2.9694855,1.8367498,0.72228855,0.26327762,0.0,1.3284853,0.7124298,0.0031966807,0.35771826,2.8374887,0.16607712,0.5839808,0.10922492,0.011711519,0.36604676,1.0864412,0.014828406,2.0007033,0.27239493,1.03347,0.4291292,0.52783513,0.7938371,2.2749095,1.169359,2.0521212,0.46847004,0.28309712,0.94868296,1.9859723,0.9851591,0.37784284,0.40697697,0.67318827,0.42740592,0.676838,0.2901072,0.8928641,1.2991059,0.72339207,1.1030178,0.7614095,1.0493488,0.71536154,0.16216862,2.5071673,1.0797902,1.0338367,0.04556535,1.2783391,0.0846509,0.15428466,0.46973005,0.55514085,0.29385152,0.04298331,0.6110519,2.0418384,0.0117782,2.1497965,1.498048,0.12159931,0.120430425,0.9266396,1.909306,1.0806495,0.87006235,0.59791946,1.2396933,1.1419506,0.9943409,1.4453208,1.2698154,1.8278158,1.5936856,0.31430453,0.24999075,0.014725527,0.5978878,0.445026,1.0927414,0.028004365,0.26067278,0.25510055,0.15564157,0.9315209,0.66727525,0.5291036,1.6159639,3.9240072,0.8285223,1.1175119,0.0,0.9672255,0.7118184,0.36418268,0.47984684,0.80192643,1.3495907,4.3770423,0.05143845,2.1274855,0.16913493,0.9371901,0.08673913,0.8482845,0.36788762,0.9641856,1.9144888,1.0620975,1.3811221,0.0010211342,2.096284,1.9014956,0.37542647,0.70758957,0.71931046,0.49857715,0.09486613,0.011320897,2.0943875,1.4347984,0.9852988,0.59324265,0.51318914,0.53442335,0.0,1.7961469,0.3078179,0.6628709,1.4812896,0.9956408,0.03602415,0.65814096,0.6054624,0.20166397,1.1232604,0.5246542,0.6749361,1.7688094,4.2317452,0.7358986,0.2985287,0.29043832,1.0511161,1.146521,1.0561938,0.012179744,0.54510516,0.06312762,0.30135396,all_pothole_images\pothole_images_enhanced_1897c13855edf0c14071cb94d33a4655.jpg
0.3034262,0.8707039,0.47030732,1.9484777,0.31687653,0.46870404,0.05253996,0.47820756,0.32513884,1.0385146,0.053704202,1.5116674,0.75279266,1.2892163,0.0008366573,0.8016724,0.020312777,0.95611197,0.23498522,0.104655646,0.5488951,3.5447254,0.008357992,0.42481527,1.6895077,0.43016794,0.5000909,2.105687,0.4193557,0.8926804,0.33651307,0.96643454,0.9329675,0.42755017,0.14876607,1.6056422,0.08064127,0.06942292,0.2614299,0.33168036,0.023166094,0.42022988,0.21032766,1.2521508,0.8670167,0.07349244,0.6231351,0.022072356,1.4916037,0.17913629,0.8236093,0.96059525,0.65860933,0.06211098,0.051150903,2.2989838,2.0707233,0.71621937,0.94250953,0.7315603,0.30562297,0.43060255,0.43543833,0.15190636,0.18029985,4.477854,0.5301289,0.010243727,2.2657082,0.038499754,0.35002664,0.1640836,0.10410154,0.97773474,0.7007493,0.95715874,0.18510129,0.4418246,0.14662036,0.031514402,0.09006163,0.3171197,0.22495744,0.69846267,0.13475834,0.27568722,0.5232311,0.33123326,1.9408143,0.10013601,0.73911035,0.22152281,0.0,0.62719744,0.012703849,0.007316725,0.31566042,1.9825139,0.09849558,0.6016393,0.80411154,1.7988344,1.569446,0.05764374,0.0074153366,0.41794154,0.1616292,0.010285616,0.31706783,0.6958901,0.5531607,2.9190445,1.0208193,0.12419227,1.4636741,0.277121,1.819678,1.044984,0.4930247,0.42989475,2.8783975,1.3071685,0.20276879,0.6285736,1.3362517,1.4673359,0.4619516,0.24139774,2.1882954,0.004661306,0.31357998,0.32027563,0.20609131,0.034482237,0.61600786,0.7121107,0.026076157,0.33813035,0.88824666,0.04804292,0.34029084,1.8291327,0.10330241,0.8491046,1.2842659,1.1079941,0.09721943,0.11370145,0.5266449,0.8655131,0.24075429,0.32627988,0.33477604,0.023854498,0.9748792,0.078362614,0.62315327,1.3959746,0.2551085,0.5931842,1.2963852,0.14518039,0.21909408,4.7288194,0.0,0.015978169,0.30311775,0.51682466,1.1047333,1.4325914,0.037845466,0.035618246,0.2022737,0.027823249,1.4414498,0.2606299,0.0054202257,0.0,1.5568736,0.23486876,0.0762105,3.329098,4.14564,0.17159058,2.1970775,0.487445,0.61844647,0.3302859,1.2889518,0.30348068,1.2451721,0.30455008,0.039810926,2.4992614,0.23438852,0.031017235,0.10787621,0.59371233,0.24302085,1.0478556,0.09918421,2.4728062,0.63588685,1.7609595,2.4247067,1.1045206,0.04563282,0.15206876,0.2811744,0.08921614,0.30776334,0.0,0.11553896,1.2059036,2.441164,1.4336171,0.2460386,0.954236,0.6328647,0.47721463,0.044347215,1.8498632,0.47982088,1.5818102,0.08284127,0.4682874,2.0692394,0.011910221,0.6592882,0.14998457,0.0008420589,0.22192103,0.014614906,0.05950714,0.711065,0.012513691,0.99129796,0.34144238,0.035406765,0.06102763,0.018634902,0.2340924,0.7675148,0.020020211,0.09221067,0.5230403,1.0075724,0.08052334,1.1457387,4.3336077,0.70310426,0.16143623,0.62735844,0.02375773,0.08909851,1.273089,1.9286638,0.28291684,1.2519155,1.7469177,0.11739869,0.08939269,0.32953307,0.9620476,1.4527192,0.7731441,0.13776866,0.99843764,0.36448613,0.8316707,0.16499946,0.0068950327,0.07421692,0.94415516,1.292382,0.99933606,0.20334752,0.54545325,0.088393494,0.74778897,0.9184236,0.073377356,0.6205672,0.035864614,0.11453524,0.31241372,1.840384,0.6247248,1.6905056,0.750549,0.8410777,0.09269318,0.3387786,0.36680678,0.4990579,0.09314492,0.0,1.1475058,1.4872533,2.3712406,0.61209154,1.4062307,0.23949891,0.106444865,6.5933676,0.37732676,0.001219652,1.0223894,0.03298319,1.1073188,0.24851884,1.1787543,2.3779998,1.4643692,0.15263438,1.6423473,0.13892628,0.61130965,1.3606156,0.25253114,0.0,0.41433525,0.03587306,0.033352684,1.1972325,0.5127767,1.3656201,0.0,0.13117716,0.022758955,2.3709524,0.45361456,1.3777478,0.04043448,0.1183593,0.38250154,0.82720006,0.82706916,0.31560403,1.3523709,0.1590758,1.2517956,0.9821196,0.048812915,0.53665733,1.0800111,0.4820612,0.035985094,1.0339024,0.53907,1.2131655,0.64402944,0.11567151,1.0675229,0.08849163,0.2943628,0.64470136,1.2546104,0.82749707,1.1080117,0.50026834,0.020394126,1.5610899,0.6405432,0.4462287,0.09971855,1.6022944,1.4443631,0.054141052,0.6687742,1.3319861,0.057908718,1.0778575,0.045601897,0.4030721,0.03163844,0.0,0.37596157,1.1687908,0.73052555,0.027857393,0.031740516,0.08052613,0.106506966,3.7033153,1.696524,0.28927797,0.040503033,0.041373078,1.0027791,0.35005826,0.46399453,1.0552545,0.90577465,0.12750274,0.057977937,0.37529796,1.3866985,0.12023622,0.087720916,3.8553615,1.0111264,0.014390526,0.693086,0.2291007,0.5003623,0.042589534,1.4383402,0.6806756,0.34961033,1.0375592,2.309639,0.8053534,0.040431336,0.0037150346,0.44274458,0.22635011,0.5910428,0.18971343,0.4987058,1.8088827,0.3474065,1.8890818,1.4745717,2.6424806,0.44463253,0.5053616,0.82789063,0.17524534,0.047980793,0.48264638,0.9189685,0.3585542,1.353256,0.56196165,3.290709,0.7146317,1.9635255,0.72773486,1.0757794,0.16617104,0.7648031,0.3136718,0.14234117,0.29167435,0.18086822,0.37964272,0.2998479,0.2805739,1.4942192,0.86127454,0.037185695,0.82850873,0.27927607,1.1905338,0.53810906,0.4238687,0.22437142,0.20050114,3.018767,1.8116801,0.22136322,1.4948767,0.100284964,0.26930153,0.02860909,0.0050089518,0.058785066,0.009769296,0.8875397,0.847746,1.2208481,0.029508123,0.10327155,0.27632824,0.20418066,0.4584656,0.27113622,0.15287158,0.024366768,0.033034876,2.1814091,0.75909966,0.40305048,0.0822612,0.046910968,1.1260645,0.0,0.32253298,0.07247244,1.4292562,1.0558089,0.51039463,0.5480512,0.0,0.008199192,1.221729,0.021117857,0.28589582,0.8546116,0.70191926,3.975339,0.36895385,0.287342,0.4453629,0.8672826,0.07863052,0.4512179,0.2398241,0.2228847,0.15471719,0.17448312,all_pothole_images\pothole_images_enhanced_18bff3d06e111051754a5981a006dcfb.jpg
1.0635737,1.64045,0.65809256,1.552729,0.13937432,0.73553807,0.75513977,0.5015371,0.17094962,1.4828584,0.63021195,0.18258795,0.004255665,3.1739557,0.09881748,0.55214685,0.25705063,0.62607974,0.8081508,0.5092216,0.38751563,3.8288198,0.5363058,1.8299785,0.68421143,0.37368533,0.19612186,3.9031687,0.17930762,0.9090315,0.35900044,0.4283576,0.22442257,0.13835315,0.8087907,0.5121153,0.146295,0.22632462,0.17153215,1.397197,0.07435588,0.04767391,0.37461752,0.14503533,0.48871714,1.189039,0.21555018,0.5279515,0.5077748,0.23962893,0.58947605,0.2180216,1.2369889,1.0692042,1.2335749,2.6944928,2.4131095,1.4957222,0.04527585,0.20175171,0.5032231,2.7583444,1.9589965,0.111078724,0.6734283,1.4135478,0.8877615,0.53885543,0.6746666,1.7160258,1.1589239,0.4550007,0.5144439,0.5426786,1.197835,1.1965637,0.4132551,0.6201703,0.36386395,0.73911357,0.4827802,0.32254782,0.23862243,2.001813,0.96706915,0.6435185,0.34586793,0.041268528,3.036831,0.82487243,0.2326526,0.17720711,0.62162846,0.84264153,0.4588121,0.49285996,0.36482865,0.867551,0.91391426,0.7617156,0.5222087,2.9848409,0.42179087,1.0890173,0.39719975,0.4791368,0.37446225,0.1842682,0.047081888,1.2892044,0.12906669,1.9420407,1.1815314,0.01513965,0.5967773,0.20774384,1.7142135,0.63696593,1.4120424,0.5540775,0.5341086,0.9901619,0.2300051,0.61679035,1.3382674,1.1012334,2.3123477,0.28788063,0.07254249,0.47854918,0.927099,0.39055875,1.1945692,0.7806845,1.0367354,1.0124819,0.7841493,0.691931,0.68522364,0.20364305,0.53144336,0.7214451,0.46179938,0.76157504,0.19801663,0.67827016,1.317305,0.11581987,0.7298945,0.98750126,0.9549988,0.27921772,0.08164221,0.41488868,1.7168407,0.072587624,1.2329266,1.0379074,0.9400356,0.97914714,2.0055757,0.8327174,0.3822472,1.3841789,0.35355407,0.4935809,3.8903728,0.35482788,2.7322176,1.1024039,0.4540731,0.055532668,0.10792768,0.61410576,1.419163,0.5091451,0.105997995,0.1556137,0.8693232,0.6765448,0.62012035,2.017496,1.4252329,1.1089972,0.40248623,0.15561005,0.27201474,0.2685126,0.7888921,0.77656823,1.6387497,0.8939929,0.28628775,1.7500694,0.16830845,0.065429516,0.16020618,0.7578978,0.4271448,1.6012855,0.8404074,2.4499319,1.756008,1.2157803,0.57550585,0.94214416,0.7638799,0.41332608,0.38419878,1.3058712,0.22165082,0.2619486,2.5398986,1.6842449,0.4604907,0.69252306,2.8405306,0.022261392,1.7962317,0.7442517,0.11285573,0.4185018,1.8960477,0.7257248,0.6737972,0.56821007,1.0002741,1.0395278,1.465259,0.25693727,0.5770642,1.0096833,0.19213341,0.1110393,1.0214758,0.26807064,0.44501537,1.1675282,0.016206767,0.003618956,0.14295085,0.24788526,0.11010178,0.26238087,0.2212438,0.39391473,0.04632867,0.09456832,0.37806305,2.428832,3.1727023,0.043915942,0.85139465,0.17729689,0.26367974,0.5193988,1.789528,0.61437285,1.4979507,1.6106075,0.7559988,0.29886246,2.2815552,0.057479627,0.14394423,0.71612376,0.5851773,1.0805353,1.0821971,0.4522614,0.25259963,0.9055135,0.5544315,0.3288432,0.16782653,0.44694042,0.83645225,0.44295454,0.37609968,0.6445816,1.1011338,0.15949652,0.48293427,2.9253576,2.5584593,0.2733054,0.52869916,0.6500986,0.35830724,0.3295153,0.16919106,2.0624237,0.14735383,1.6173066,0.7593091,0.55832833,2.022971,0.2936978,0.5692944,2.2728934,0.016809009,0.17121291,0.3028336,1.8495445,0.6346835,0.35166535,0.44074404,1.2304006,0.7360913,0.41068345,1.9186317,0.7622893,2.836481,1.0000153,0.39316076,1.5724057,0.49183482,1.1703387,0.9352757,0.46316725,0.33028886,0.4052003,0.46697938,0.3801641,1.1345675,1.1799458,0.49026647,0.036018025,1.7525467,1.095116,0.3389977,0.03012331,0.7662044,0.5647147,1.2535008,0.7478635,1.3118933,1.2767426,0.014047847,1.322308,0.7838545,0.6849547,1.5499367,0.12676571,0.959295,0.18258946,0.4505004,0.1326064,0.1534945,0.4863404,0.91612583,0.35144147,1.2372558,1.2320498,0.027883729,1.3197271,1.304995,0.25450832,1.2609646,0.34165668,0.6519926,0.27531612,0.30082995,0.71370494,0.34647968,0.0620544,1.8091956,0.4416663,1.0635678,0.5160503,1.7317978,1.5246856,0.7419449,0.4016672,0.38953274,0.6305043,0.024318354,0.15962012,0.45773193,0.2748621,0.10853756,0.023164595,1.9478769,1.1025039,3.4466925,1.6194215,1.7830797,0.7354376,1.4666439,4.840951,1.5502836,0.13012783,0.097565286,2.2302208,0.1911291,0.011950566,0.81241673,0.6542987,0.4010882,0.1646327,1.8899435,0.9798232,0.3582319,1.9575619,0.4465028,0.0,0.42797604,1.2030183,0.6567114,0.15235236,1.3245753,0.23650815,0.9369921,0.48114687,0.029532481,0.2535734,1.0976415,1.0398276,0.4590105,0.2871277,1.2107905,0.7768307,2.0176203,0.8272019,1.3881232,0.79409087,0.74160856,1.0436214,1.8450956,0.7292778,0.2425476,0.77273166,0.076387286,1.9834772,1.3498226,3.7056746,0.41755942,0.6313382,0.60317683,0.061446358,1.664476,0.54357576,0.30575797,0.20947176,0.8411742,0.16846466,3.1435406,1.8036624,0.22248666,0.5970971,0.10780036,0.34179664,2.8605368,0.22929065,0.6669951,1.6877433,1.2993362,0.8474098,0.016685143,1.0166085,0.115499504,0.25763223,0.24802604,0.76684976,1.5071311,0.4256222,0.49322283,0.7958654,1.6156247,1.1264343,1.6841946,0.65538675,0.067675024,0.6484227,0.49844745,0.788519,0.12038026,0.41718876,0.6636181,0.25128987,1.0643755,1.3111175,0.4680958,1.1492398,0.1094886,0.4478752,0.5453296,0.0,0.58287174,0.5110398,0.91179204,1.2967316,0.12465903,0.13101973,0.22199532,0.9959021,0.2529883,0.8172455,1.3409998,0.13443995,0.12840448,3.6394236,0.5918254,1.757693,0.18397465,0.17449655,0.3013327,0.83087033,0.046658833,1.505653,0.7380979,0.12994063,all_pothole_images\pothole_images_enhanced_19247bed5852c3434cf85e345829d122.jpg
0.8777981,2.426198,1.5802538,1.008347,0.8990024,0.8612015,0.42170897,0.43312192,0.5381813,1.0125611,0.5184461,0.73851275,0.6191839,2.347834,0.6449497,0.28357676,1.4998416,0.7518042,0.22432697,1.1217035,0.8955407,0.67248034,0.33504066,0.7588866,1.3002431,0.9214556,1.1477147,0.8313667,0.62531066,1.0836456,0.22597945,0.13789408,1.3149242,2.1753957,1.4994843,0.7977197,0.5477559,0.92707705,0.20441964,0.402282,0.19327463,0.921664,0.2071729,0.19067313,0.5892462,0.84123313,0.16541208,0.18492985,1.0032091,0.59073395,0.54682726,0.17025274,0.58827883,0.28551722,0.10366029,1.3868545,0.81391907,1.0709785,0.15246414,0.21499495,0.4880036,0.3968083,0.8330251,1.280919,0.8055491,0.093538985,0.71287864,0.25283515,0.3588693,0.87565815,0.6145475,0.3105547,0.16489266,0.6868037,0.113936424,0.6406205,0.88839704,0.61688,0.96538174,0.20057413,1.3081777,1.2051163,0.7484481,0.47372139,0.67368656,0.646912,0.4208517,0.32616118,0.7127142,0.00229684,0.76767427,0.46827024,0.37182078,1.6616743,0.28177488,0.50087637,0.5887753,1.1299294,0.5753293,1.2774737,0.65619123,1.1257238,1.2409558,0.8120159,0.21961474,1.623528,1.1929196,0.198673,0.42781112,0.5700392,0.73246825,0.5497696,1.9664412,2.0144792,0.75780016,1.0088915,1.2810183,0.81022954,0.92036265,0.32862788,0.74271655,0.74306816,2.43867,0.5316626,0.7686742,0.03848077,0.6160083,1.338133,1.0181085,0.99315006,3.439388,0.5546844,0.48088917,1.2506487,0.5004661,1.4700689,1.0277997,0.26122862,2.560169,0.23296718,1.1119821,0.73075414,0.68604267,1.7615021,1.2020439,0.6197757,0.15459429,0.20570135,0.58499795,0.6619489,0.1513585,0.951115,0.3289714,0.5932589,0.47732246,0.7840831,0.7865476,1.681428,1.3460705,1.0104765,0.9964008,1.6835216,1.1028439,0.7105596,0.39605305,0.71573234,0.8319259,1.1564548,0.928697,1.4258068,1.2499101,0.33100423,0.46348777,1.0449111,0.75193655,0.56047565,3.625326,0.43257707,0.85288644,0.73626494,0.046211265,0.13872308,0.23069604,1.2775711,2.764568,0.18433806,0.625181,0.1914895,0.33084473,0.80300534,1.7494372,0.35777625,0.45574638,2.1645088,0.71186495,0.64416456,0.5844433,0.47121522,0.6400225,1.329902,0.38172233,0.09082015,0.8879728,1.0658054,0.78080624,1.4376636,0.27383745,1.0215877,1.6441538,0.91348296,0.22425772,1.3472618,1.1293505,0.8239296,0.8291766,0.8716345,0.48497117,0.1323545,0.40861595,0.48277536,2.1761403,0.34302106,0.893921,0.1356362,0.23848706,0.3878884,0.54284096,0.9021268,1.5070469,1.0046495,0.2526981,0.8162431,0.6854413,0.83874696,0.29948822,0.29943028,0.768633,0.934433,0.6181458,1.5568091,0.8741456,0.016174566,0.07687026,0.8606896,0.26233804,0.14922746,0.31237662,0.68551886,1.2465436,1.695722,0.7145519,1.3640218,0.15295924,0.6337491,0.45503747,0.399849,0.7924296,0.9924071,0.571936,1.0083512,0.5543091,2.255255,0.59326863,0.27268553,0.14948282,0.39243877,0.23980638,0.88742954,0.7982651,2.134417,0.110728435,0.1860311,0.1656479,0.04307601,0.26487598,0.650118,1.0063391,0.56734693,3.0043008,0.99574596,0.30618146,0.21498796,0.40634707,0.6186746,0.8734646,0.23253308,1.0805775,1.3735443,1.8469372,0.799226,0.66143984,0.35478812,0.2876089,0.44297525,0.2512253,0.7016961,1.3147624,0.6833099,0.64301175,1.1515245,0.57353616,0.7600705,0.88183296,0.61551625,1.0132467,1.0388769,0.79959273,1.0186795,0.61618954,0.27354157,0.36332196,0.55828667,1.8543646,1.7571423,0.17567988,1.5881032,0.58579975,0.52057505,1.1078455,0.5533813,0.45492047,0.6200929,1.2599319,1.0543087,0.8592331,0.5262788,1.8444005,2.199094,0.8886888,0.90857327,1.4592685,1.2537,0.073079474,1.1026198,1.0628544,0.7804337,0.97188693,0.56123036,0.72749096,0.33106676,0.42387635,1.2446972,1.6285257,1.7767075,0.3798628,0.057152182,0.13264541,0.69903374,1.3614788,1.4762064,0.3174984,0.041305922,0.17480671,0.17060031,0.36588046,0.63904995,0.9073131,0.4882058,0.13123511,0.28439054,1.0032028,0.54973793,0.32989654,0.47960263,0.3710128,0.30160013,0.9748584,1.3903232,0.067895174,0.1048339,0.8587108,0.75253254,0.6877112,0.66252923,0.15913086,1.2971588,0.3561012,0.67304134,0.98780876,0.66867816,0.46249977,0.12202689,0.57431614,0.91349924,2.9227288,0.65351444,3.0889475,2.7645574,0.13917631,1.6574043,0.48811954,0.2284052,0.25898013,0.53894204,0.5122584,0.04045037,0.85616493,1.5482104,0.3709119,1.0050006,1.3210807,0.5170327,0.14744307,1.1361979,0.1955537,0.30161557,0.79459006,0.29818106,1.3432764,0.20976087,0.07679221,0.4435278,0.5613382,0.64449316,0.16148567,0.51394856,1.1609538,0.652159,0.276734,0.44335517,1.6947578,0.6641492,0.9659142,0.7845789,0.91269666,1.5604076,1.2755827,3.5418262,1.2112857,1.190918,0.43983072,2.1694055,0.31878775,0.36640105,0.22397509,0.5531423,0.7619602,0.7548859,0.08175481,0.38269818,1.6021545,0.9452086,0.30886558,0.68800086,0.35612953,0.8249285,1.7022748,0.7028392,0.48577705,0.31275094,0.34315556,2.2916112,0.33137053,0.115817904,0.5369163,0.09015357,0.51069385,0.11958898,1.2957274,0.21101318,1.1625031,0.59294564,0.47361094,0.570267,0.48175943,0.37951303,0.19420809,0.10800411,0.60136515,0.565205,0.089688554,0.47884914,1.4795526,1.140379,0.18597996,0.04826791,0.76369447,0.69283664,1.0478903,1.6860566,1.1833274,0.7601184,0.3213,1.2516,0.18951711,0.48478934,1.0779399,0.26995447,0.67058545,0.14267175,0.36696088,0.68336254,0.76283497,0.61785454,0.06868537,0.18368393,0.044427004,0.2990955,0.15816621,0.19923486,2.069186,0.4546828,0.24325123,0.9618083,0.39665225,0.8753269,1.540274,0.7565955,0.116012305,1.7531229,0.6139128,0.6742611,all_pothole_images\pothole_images_enhanced_19348d3039902138b97736f982de450a.jpg
0.0854145,0.561084,0.0,2.656653,0.2494855,0.276807,0.056226898,0.63695484,0.0,0.0054754447,0.39721912,0.4769327,0.0888074,2.2725506,0.09872424,0.22518267,0.13224293,0.16956869,0.28296897,0.075456105,1.090151,0.33021113,0.8951898,0.8757368,0.46956104,0.03800012,0.10484125,2.2447379,0.69229937,0.25000355,0.26866868,0.0064012352,0.08662619,0.6045944,0.06377104,0.697679,0.07075594,0.60162276,0.7148615,0.60380197,5.2034335e-05,0.27552095,0.4097383,0.17782666,0.23665977,0.1412546,0.027086938,0.47873104,0.13535093,0.0,0.8401261,0.2140347,0.0,0.0023383086,0.071290106,1.6094307,1.6376863,0.08161764,0.21063156,0.1317416,0.012333381,0.63268214,0.7513309,0.19316661,0.14945666,0.5240144,0.19352548,0.20275867,0.18807052,0.0,0.095525935,0.002060953,0.018408125,0.056216724,0.6817303,0.0017966919,0.042533305,0.479065,0.0,0.0992323,0.17750023,0.4178981,0.02625498,0.7284088,0.031106425,0.0,0.021680875,0.008140736,1.5200655,0.38525274,0.015464649,0.012238496,0.018458929,0.6882208,0.47587422,0.0,1.343784,0.3179623,1.9013952,0.8029761,0.040850785,3.3650467,0.0012647159,0.28765017,1.4934832,0.5806607,0.32978263,0.41814542,0.2711018,0.93196344,0.0,0.62510747,0.81025743,1.1762967,0.79115295,0.19022672,0.02176307,0.73706025,0.5060477,0.67957497,1.2374187,0.07832233,0.0,0.5661676,0.7183355,0.8480381,0.010919233,0.439976,0.83584,0.0,0.12887764,0.13320334,0.0,0.5888438,0.5172713,0.17482969,0.014567709,1.3440707,0.00014831834,0.0,0.17335227,1.3433315,0.31016177,0.31953427,0.108963616,1.2443715,0.14150643,1.4081508,0.0035879884,0.043659944,0.22346617,0.065495744,0.017359467,0.09293182,1.354001,0.9402237,0.35251242,0.32842204,0.8860238,0.9451518,1.6913844,1.5030668,0.09443172,0.69962794,0.47262815,0.44029796,0.4402682,0.10298602,2.8952804,1.2051468,0.016423555,0.03578449,0.18135205,0.014305667,0.04069975,0.66313505,0.024357958,0.017089784,0.017350202,0.029536203,0.282156,3.4541097,0.6103689,0.7002147,0.8802051,0.09562493,0.043743648,0.38189074,0.12326091,0.34918648,0.07139316,0.3433782,0.32148346,0.86169726,0.38645062,0.21790482,0.9255095,0.12833266,0.48564553,0.14811988,0.7875509,1.1443583,0.4676845,0.29166946,0.2726934,0.20533806,0.43124038,0.08964856,1.1388099,0.6638512,0.0,0.0,1.0234432,0.8790637,1.6942333,1.5128862,0.37706047,0.0647547,0.31685314,0.0010833256,1.5906702,0.041697256,0.27310136,0.22489536,0.06029014,0.0041047717,0.8521515,0.0195334,2.1784866,0.1792131,0.28688195,0.00043065267,0.12940438,0.56096107,0.028057624,0.16543072,2.5661252,0.5108413,0.33959532,0.5686054,0.2191295,0.0,0.37438545,0.18766324,0.108978175,0.019023752,0.13295062,0.20094505,0.70077384,5.187842,1.5945297,0.06287905,0.11815475,0.0,0.015599769,0.12790444,1.0210816,0.2848751,0.179447,3.4877138,0.7514231,0.29205194,1.0150658,0.23015882,0.07361237,0.1251236,1.2893529,0.3365025,2.9865015,0.0,0.36271656,0.0,0.70137954,0.78452843,0.10545735,0.66840476,0.30896845,0.36270842,0.97541773,0.4669426,0.2021248,0.3545344,0.36812547,0.49583194,0.29505238,0.38198045,0.43939337,0.0530488,0.023972416,0.0,0.024659505,0.043648105,0.008539678,1.4969742,0.24463478,0.19539134,0.37814945,0.003003778,0.06732362,2.605267,0.6714479,0.0068648774,0.021684777,0.28003126,2.2989361,0.08940104,0.0,0.038011633,0.3827622,0.18441826,0.71170604,1.5491029,0.53046286,1.7375906,0.9365489,0.2877983,0.0,1.7484707,2.7832267,0.24673374,0.5424817,0.0,0.33449498,0.065015234,0.0,0.93397987,0.20043595,0.06771653,0.17957512,0.0,0.27587482,0.0036176615,0.0,0.0004791331,0.016053062,0.0,2.081175,0.49774557,0.699726,0.3484848,0.32355875,0.07713311,3.450851,1.4703628,0.44603324,0.45908508,1.1946632,0.043995302,0.09001824,0.0,0.76506865,0.1709219,0.19050562,1.1619115,0.03592689,0.046486948,0.09320521,0.9935038,0.24606623,0.37552786,0.2833287,0.17564894,0.0376662,0.25690955,0.0,0.0159572,1.0303292,0.12770434,1.1370658,0.3559877,0.56657034,0.06156586,0.025384855,0.023522906,0.23241888,0.46593097,0.0040616724,0.031432334,0.4251148,0.1208939,0.69748217,0.0,0.32737476,0.1271998,1.4815915,0.442695,1.1174906,0.0,0.0,1.8699328,0.08875517,0.20202087,0.031735666,0.4902836,0.0,0.36015347,0.5587972,0.37698606,0.3653975,0.2616726,0.23051716,1.989076,0.9882797,0.019080786,0.19715461,0.07381379,1.0372733,0.41023332,0.86394453,0.2813056,0.45923987,0.14443813,0.07158914,0.38670084,0.107726485,0.19247955,0.43293586,1.1158867,0.392575,0.0018556876,1.0170534,0.03201138,0.18337499,1.3619305,2.7927089,0.05085311,1.3367133,0.20146996,2.2671328,0.39991963,0.4574726,0.101502866,0.069342196,0.16302595,0.82025886,1.4487361,0.11300282,0.05012749,0.03683805,0.11050175,1.1598601,0.17830805,0.0049544955,0.0,0.0011151719,0.04657761,0.0906909,1.1611297,0.09229397,0.44013315,1.3199676,0.22090285,1.0043871,0.0,0.37086442,1.6889929,0.23455606,0.0,0.92729187,1.1087129,1.0918466,0.31900054,0.49128926,0.0027576538,0.8331258,0.0,0.0,0.0,0.23306602,1.1340419,0.7201752,0.03974641,0.12601598,0.90095043,0.5883734,0.0,0.020556897,1.5201225,0.013113455,0.1520648,0.64917296,0.95793134,1.2192934,0.1170379,0.35741028,0.012297848,0.13914114,0.015014407,1.378653,0.0,0.9538416,2.1070092,0.003119339,0.0012859086,0.009910459,0.0043732985,0.037760083,0.0,0.0030027104,0.0075001814,0.8659735,2.6570597,0.44244274,0.033748943,0.37139067,0.7176911,0.35952422,1.2361386,0.004884689,1.2762665,0.23004894,0.17709614,all_pothole_images\pothole_images_enhanced_1964115192ecb9b6968bb7df1745cdcd.jpg
0.7583005,2.60414,0.80414,1.987196,1.785469,0.9571636,0.13938221,0.0067499685,0.7023763,0.49832076,0.42348188,0.42658502,0.3391112,0.39453596,0.64361423,0.46344924,0.04629208,0.024567544,0.17209093,0.7831287,1.0905256,1.3193167,0.7817317,1.4072957,1.3501217,0.7337606,1.2471712,1.9503995,0.39891255,0.23916839,0.573164,0.53386515,1.27655,0.49928597,1.1106341,1.2219766,1.1998107,2.3474572,0.22120172,0.37187412,0.09256639,0.11017561,0.16850068,2.8249228,1.1360674,0.04183444,0.09357385,0.6505131,0.37778285,0.73259616,0.40765673,1.716141,1.0941303,0.58769286,0.6072202,1.3183265,2.1706522,0.09244529,0.32602468,0.43892738,0.046414312,0.36637753,1.3068776,0.5490671,0.064548835,1.2844082,0.54782534,0.8123116,0.69870365,0.42068893,1.0476987,0.7327609,0.6127384,0.5780498,0.6294811,1.642451,0.5240079,0.70113397,0.007959398,0.6685994,1.5175084,0.09753807,0.05235118,0.64058965,1.6453674,0.08028478,0.47670683,0.07429903,5.629663,0.21429592,0.4317861,0.17281598,0.25430775,1.1879854,0.6010709,0.1388413,0.50770533,2.2577577,0.91243696,0.49532056,0.0,2.2796056,0.48429337,0.60863906,0.37233073,0.18894406,0.54305327,0.17507401,0.12843482,0.401573,0.21369117,1.8756498,0.6118961,1.7478744,0.4068122,1.182636,1.7111945,0.03530783,1.8797388,0.93206835,1.8512172,1.1304924,0.13143854,0.78991866,0.92297417,1.1558133,0.14732717,1.0681777,0.6857552,0.6216841,1.5365633,0.121850215,0.9713456,0.48676804,0.40543613,0.7042474,0.27102256,0.61270154,1.5342919,0.17135029,0.50872546,0.1890894,0.022969889,0.8822149,1.361827,1.4130523,1.1134667,0.68821,0.02373896,1.5558434,0.7704745,1.145195,0.0424913,0.037508752,1.0143399,0.548113,1.2045273,0.24754916,1.9047191,1.0897502,1.0182347,0.66234714,0.3048695,1.7789475,0.055929992,0.3595159,0.65146345,0.2962994,0.7274921,0.33409882,0.98702246,0.71351504,0.48500142,0.71050346,0.74413204,0.104908146,1.6366737,0.23487484,0.18599693,0.26701015,0.48141915,1.8054323,3.1048458,2.9662786,1.5346478,1.0983118,0.97748643,0.3938417,1.7097988,0.17419331,0.9447597,0.64207613,0.20611194,1.6188797,0.33163187,0.7118773,0.4456187,3.672984e-05,0.20597902,0.78105533,0.70537317,0.4488838,0.38371494,0.58709735,1.5724553,0.880549,0.034364667,0.49925354,0.94667697,0.016122865,0.371681,0.99716324,1.0218046,1.358783,1.4079549,0.99213004,0.19824733,0.013423189,1.49601,0.021849647,2.347619,0.08759541,0.48751584,0.017181829,0.11487449,0.93426156,0.32324418,0.21575904,0.65501654,1.045039,0.24243802,0.78648794,0.34086296,0.10489121,0.402732,0.32251707,1.8065655,0.5721825,0.112421714,0.011290244,0.1844979,0.0023635814,0.07022216,0.05528322,0.16937894,0.48582864,0.4322702,0.008088294,0.22868711,2.3790877,0.91725576,0.18608719,0.81167793,0.72821397,1.1476985,0.1481957,0.99891037,0.03943238,0.31867337,1.93323,0.7825596,1.9119014,0.7793747,0.2768308,0.5570437,0.26041156,0.0,0.36625242,2.0542176,0.118642405,0.35711864,0.14009176,0.34616244,0.13797043,0.38985768,1.3440598,0.59092957,0.43216324,0.12631607,0.53420633,0.0,0.11395525,0.6277632,0.23654477,2.3735626,0.4236046,1.7889544,1.3567067,0.96519214,0.016835056,0.41281286,0.9093374,0.087084085,1.0541223,0.39586517,0.69711417,0.44712943,0.00879037,0.24553402,0.71008986,0.29076886,0.7772557,0.035146777,0.73573685,6.3700814,0.8372941,0.0,0.6923073,0.65090823,0.93409973,0.119932406,0.5015916,3.230593,1.0591817,0.16344085,1.1113561,1.0246211,0.96133155,0.9896008,0.019894611,0.049991567,1.1025696,0.22002508,0.1534426,0.9906967,0.8220525,1.2726984,1.4069877,1.055706,1.1734207,2.0112336,0.6373376,0.21592362,0.049390595,0.43520945,1.3832285,1.6676445,1.0066836,0.29242578,0.62434775,1.5974535,1.4989476,2.1137552,0.29814127,1.5131906,0.051270787,0.18475805,0.13122103,0.6214159,0.7206215,0.5439225,1.0733105,0.57212496,0.57080156,0.7621827,0.004047758,0.31732997,0.37453932,0.388029,0.49025157,0.088601284,0.15016638,0.33451223,1.7725548,0.29270133,0.39959684,0.24186605,0.29916805,0.2582066,0.32535484,0.6097768,0.5571239,0.3477651,0.23342471,1.5170789,1.0134332,0.057752974,0.02598468,0.17599432,0.40776038,0.10703363,0.033486944,0.54692125,1.052186,2.874514,1.6935748,2.6101782,1.5646318,0.77226585,1.1475224,1.3827688,0.056227464,0.36420035,0.069784254,0.053768195,0.034116566,0.8476412,0.265751,0.75852185,0.4200039,0.6299032,1.6783994,0.0,0.714317,0.35702354,0.064599715,0.26150525,0.7215694,0.6080168,1.2103882,1.5084865,0.6184664,0.3559957,1.1178908,0.0,0.5385994,0.4856097,1.2595388,0.25417638,0.066387445,2.584593,0.4776011,1.339589,2.8007936,2.0552,0.5160079,1.0258845,2.666207,0.11097374,0.67153883,1.3080559,0.140111,0.8223262,0.4565917,0.64792484,3.897458,1.1294354,0.27555224,0.11822712,0.5501729,1.0689697,0.13978462,0.039422825,0.36002484,0.03425103,0.90211546,3.0746257,0.8139065,0.98907816,1.5841715,1.4275681,0.64859605,1.0287131,0.18467289,0.10890846,0.7669507,1.4847661,0.3794663,0.2685359,1.2288367,1.4005053,0.36009437,1.1229247,0.52190226,0.81121856,0.4269149,0.4845093,0.06859731,0.786019,1.1770022,1.0772421,0.12440942,0.32652402,0.35806885,0.34758794,0.56864464,0.27878714,0.8306231,1.2286187,0.362913,0.4615785,3.2673473,0.1863575,0.24390082,0.006584036,0.022611773,0.83799696,0.8662423,0.03448065,0.1715584,0.28142065,3.1434848,0.016924862,0.23589098,0.0,0.04074235,0.23343451,0.0,0.1373502,0.0,0.6867478,2.9277785,0.26402292,0.7712078,2.2050896,0.78042436,0.12122946,1.1669642,1.4354696,0.7243924,0.3480553,0.35564408,all_pothole_images\pothole_images_enhanced_1990bb3d74766d6b2592ef35a60663b4.jpg
1.7881703,1.3598737,0.23191878,1.4766843,0.7235802,1.0934029,1.5603712,0.62092483,1.0471768,0.88002855,0.55719346,1.689283,0.41197306,1.6037049,0.84251595,1.1609421,0.14631028,0.6777626,0.9432254,0.56002223,2.280215,1.928964,0.35389233,0.74821985,3.0095713,0.35085505,0.47750154,3.3470473,0.40657303,0.55499405,0.080239795,0.17972286,2.0180504,1.0822703,0.362423,0.3464421,0.07306921,1.0679976,0.24423084,1.659909,0.29071975,0.27302772,0.1659963,0.4425237,0.6957139,1.6662664,0.026221523,0.24202397,1.0939901,1.6661519,1.0577259,0.25648174,0.18996896,0.9887826,0.31116867,1.9957794,0.7655488,0.33913526,0.8090708,0.11309322,0.3264154,0.27034026,1.0258307,0.59779495,0.36975828,2.1080632,0.5995736,0.117742665,0.020740796,0.19007015,0.13343628,0.7953837,0.096790865,1.5171536,0.48622012,0.6943996,0.3317966,2.0307097,0.0,0.34120256,0.77756894,0.083567664,0.54542553,0.49562296,0.450317,0.8726218,0.34106782,0.9639074,2.8917556,0.09630792,0.45063952,0.14031234,0.4742684,0.7272566,0.5904796,0.0,1.1285075,0.41275102,0.14711246,1.8643531,0.0,1.775708,0.91992897,0.33834863,0.5136045,1.0107918,0.5864237,1.2291198,0.31444857,0.37308678,0.34375647,3.4122622,2.1691267,0.07442767,0.6694782,0.5873755,0.9254404,0.16233666,0.5033605,1.0664338,2.3020513,0.11110463,0.09536578,1.5527198,1.6313369,1.134292,3.9325516,0.1133155,0.61488265,0.1612457,0.059255812,0.056394547,0.034097828,0.58118045,0.724953,1.8817714,0.8607901,0.797183,1.025107,0.16381335,0.32306963,0.84231347,0.0034887306,0.02341826,1.3230236,1.5357744,0.17964885,0.845972,1.3075764,0.58221525,0.76817477,0.930345,0.06429017,0.3978751,1.4013875,0.6368788,1.2445174,0.089306764,1.0536402,2.2047493,1.0420778,0.7714367,0.1799816,1.7870994,0.054796666,2.699053,0.43943015,0.14614975,1.8612792,0.61131895,0.12912752,0.20813595,0.22074167,0.35764426,0.23354499,0.67391014,0.9281953,0.09387551,0.26510853,0.37010986,0.063881315,1.7860175,1.5489916,0.6259032,1.5897259,0.004721805,0.36838448,1.5785098,1.3269205,0.4280148,0.71239966,0.70640665,0.0014713388,1.6631207,0.13893439,0.13701622,1.1305394,0.62903935,0.90128654,0.5189698,0.42684993,1.4495639,0.24525435,0.9756555,0.28834048,0.4098483,0.43606776,0.416006,0.5875383,0.18054777,0.08994396,0.24366169,0.6420834,0.47305647,0.81227523,2.3721528,0.6748909,0.1331898,0.28295493,1.2938547,2.0080225,0.18426979,1.7365832,0.8018459,0.18678999,1.5242244,2.5504827,0.11316469,0.114386536,1.4813453,0.65683085,1.3950008,0.41733998,0.4396465,0.7806156,0.6082056,1.871091,0.16806917,0.16843683,0.113755934,0.26394638,0.2298775,0.45926487,0.021488987,0.2297218,0.0,0.866977,0.107538864,1.57723,2.1468384,2.269111,0.39306265,1.7739173,0.29851452,0.67433727,0.8842842,0.95870996,1.6819488,0.18929535,2.8385782,0.18694115,0.24930951,0.31898633,0.56621236,0.91823804,1.7327387,0.40797812,0.9179968,2.2161324,0.63742703,0.36088547,0.22320502,0.34813324,0.31745696,0.8101004,0.5050059,0.17870595,0.96993077,0.74701375,0.43947545,0.0629373,0.9825796,0.5376779,0.5682572,0.21986109,0.58048755,1.3103919,0.21115239,0.93672335,0.20499949,0.29187688,0.3076747,0.44215876,0.80762684,0.32946983,1.0726758,0.15114462,1.3978431,0.56826377,1.3406799,0.68573886,0.9787244,0.41114032,0.3648932,2.6007135,0.56443185,0.0080754645,0.30690485,0.31210625,0.83625394,0.4937144,0.95990765,1.714603,2.7443933,0.93110543,1.6152855,0.21708629,1.793768,2.3689778,0.29093236,0.21354643,0.2520655,0.27689382,0.21280496,1.9948416,1.0512612,0.17678756,0.1007561,0.82189304,0.47971708,1.9359803,0.58688855,0.16212076,0.018710457,0.18055506,0.44816518,2.3406925,1.6316056,0.17655239,2.6134562,0.30082983,0.42570996,3.199555,0.9746913,0.8031882,0.25752237,1.0309163,0.49836496,0.39398372,0.51556474,0.94407034,1.2821634,1.0529418,0.7575289,0.94056296,0.0,0.29288283,0.88815033,0.37333527,1.2306263,0.45030263,0.09278613,1.072532,1.192047,0.21190691,0.37327665,0.71699494,0.92560107,0.2623191,0.6568082,0.555492,0.33502182,0.35590106,0.6875417,0.70648485,0.29079074,0.037782703,1.0505437,0.7318847,0.44859698,0.7229464,0.0134896375,0.8477615,0.76857793,2.9200952,1.2292424,1.9516894,0.0,0.2027416,1.202174,0.9357465,0.12646696,0.12138441,0.5660027,0.05563617,0.31298706,1.041719,0.77542394,0.6324244,0.8616272,1.3461249,1.4113619,0.31911904,0.93939376,0.11546514,0.97626257,0.6690049,0.3882051,0.6806671,1.424633,0.3817173,0.5071897,0.18150114,2.7088103,0.19939464,0.6794484,1.9427078,1.2462629,2.8001842,0.5355743,1.5329996,0.7074698,0.42573893,1.1499177,3.4171686,0.13562085,0.36344597,1.0994165,0.9039235,0.1230466,0.82419544,0.2517803,0.3254601,0.5408993,0.8197604,2.4286778,0.7254491,0.7841392,0.38341883,1.9303006,1.4193518,1.0039322,0.07106658,0.25556055,0.6636199,0.012663702,0.64219373,1.3493022,0.055523187,0.6697035,0.5179906,0.35733476,1.6646866,0.5649486,2.0017629,0.84304965,1.0696703,0.25596255,0.4683369,1.7807093,0.9434927,1.026037,1.0939114,0.7793383,0.4583238,1.4080899,0.06730399,0.15342511,0.09040301,2.0486083,0.882424,1.0294577,0.3227451,0.067746475,1.8112036,0.77511966,1.2911263,2.0036097,0.5777009,0.2771099,1.3790647,2.3291922,0.29199904,1.0324922,0.57715636,0.12241906,1.3518798,0.45888844,0.43899238,0.12086068,0.09312366,1.3490181,0.600424,0.79933625,0.2955101,0.16565669,0.11785619,0.10197701,0.3333247,0.1999029,0.8110208,3.4464877,1.4511684,1.5356232,1.1548464,1.200285,0.51090956,0.47021005,0.3078627,0.37562338,0.458855,0.38739738,all_pothole_images\pothole_images_enhanced_1993a0c4639b0de1764bc8a69e594c39.jpg
2.66475,1.0719693,1.214163,1.1415051,1.0144559,0.68324953,0.596892,0.3225917,0.44173318,0.9810674,0.07958975,0.23802325,0.34361845,0.18175252,0.93523335,0.38904583,0.18397911,0.0131626725,0.4460495,0.16249262,1.3150584,3.087437,0.6508822,0.36223626,1.256456,0.17427737,0.3126714,1.3513414,0.06429049,0.066101134,0.711042,0.3936271,1.865645,0.025567459,0.17402662,1.9944928,0.21326102,3.1238444,0.8645211,1.4600786,0.09803111,0.07775843,0.019292263,1.1911038,0.058000255,0.05517571,0.46253663,0.21802285,0.036657944,1.3265502,0.3749673,2.1122055,0.432835,0.29974318,0.05694943,0.7929929,2.0579782,0.11001367,0.34815547,0.18225443,0.22156386,0.25848323,0.09229518,0.30882245,0.08974773,4.0847,0.56904936,0.3552633,0.62590265,0.15728852,0.022665845,0.16606963,0.39518914,0.62739766,0.061633196,1.242197,0.29147005,0.2821739,0.044523325,0.08531982,0.7918242,0.11949203,0.6865149,1.4151263,0.97237766,0.14039898,0.016273549,0.08919967,1.981771,0.81692564,0.022494428,0.025472926,0.0,0.11784507,0.6352825,0.062329825,0.5398849,0.87530524,0.9739119,0.83699644,0.032204617,1.0807716,1.0856599,0.22821002,0.25562978,0.14205882,0.06170346,0.45977572,0.88284177,0.8330755,0.023858294,5.3348274,0.28507352,0.8174378,0.25117853,0.45586586,2.3193238,0.4953417,0.53063154,2.3186474,3.024177,0.8140082,0.16371007,2.730752,0.59478796,1.3892823,0.07983059,0.8637902,0.53310287,0.17738396,0.7906136,0.07700562,0.22312586,0.115147546,0.35556626,0.37938195,0.086252466,1.452528,0.68489367,0.5259395,0.053511,0.05195892,0.025724912,0.6002343,0.28086597,1.244567,0.82493365,0.98349607,0.20383053,0.058109913,0.8192023,0.32024452,0.048592955,0.30002052,2.1396697,0.42481756,0.31075495,0.84818417,1.619163,0.6689805,0.3723244,0.53718233,0.1991236,2.9691806,0.06321966,1.0891967,0.28471228,0.1831962,1.389924,0.48797575,0.16095439,0.0,0.04742599,1.09325,1.9275548,0.082386054,0.65542984,1.5345091e-05,0.014021886,0.0,0.080145724,2.4557061,2.6419535,3.5094807,0.2680943,0.63281125,0.3576239,0.5395673,2.3938763,0.98078763,0.07381197,0.16027024,0.08159788,1.4849004,0.822958,0.3267819,0.1649203,0.8983766,0.8211645,0.8620337,0.35402277,1.7245361,1.0093595,0.75409603,3.0411065,0.44768652,0.23740232,0.80434966,0.29522717,0.10477344,0.33464602,0.8807465,1.1450902,1.0235733,0.8217477,1.288539,0.04758056,0.64938235,1.77127,0.05434156,0.17145833,0.14318122,0.26190168,2.0243194,0.105000034,0.5369728,2.4247026,0.29175493,0.2407828,0.3337699,0.16587855,0.07586854,0.305945,0.1700694,0.69823444,0.7082767,1.4592199,0.4094972,0.028609617,0.039712984,0.8257882,0.7712446,0.023032721,0.038429864,0.09814978,0.071328446,1.2484962,0.37121624,0.5984247,3.4254375,3.1240473,0.45793906,0.9029273,0.93222797,0.41114503,0.16337569,0.8596721,0.0016933518,0.49084058,1.1958042,0.02914277,0.3544569,0.5920813,0.9871191,0.8626859,1.0582398,1.3710284,0.65053415,0.306197,0.2706131,0.049321674,0.39249882,0.49107274,0.4511563,2.5192344,1.2935122,0.2882692,0.09043745,0.2595118,0.4555302,0.7886053,0.32226202,1.026075,0.14917856,0.20846838,0.5142607,0.9813754,0.91025597,0.16999704,0.7720431,0.11274882,0.83173317,0.054489378,0.6614116,0.0015154439,0.26101354,0.61829245,1.8893311,0.28498495,0.1857801,0.22089946,1.3402717,0.13483861,1.0833712,2.750467,0.0053575104,0.44271487,0.3897286,0.0767861,0.3902764,1.426415,0.35211706,1.5693471,1.3837425,0.32954308,0.44561762,0.74052894,1.7085054,0.5551583,0.17516766,0.58116823,0.0058464636,0.74211735,0.17263879,0.085314654,0.3672468,1.6435705,0.09037778,1.194398,0.516339,1.1626943,0.8481146,0.1768364,0.013865253,0.0561694,1.7470238,0.6962148,0.75109404,0.07588313,0.30456668,1.0809969,0.65193915,1.7871103,0.07351833,1.330049,0.27103135,0.2737613,0.05494136,0.49570185,0.6029238,0.2466335,0.9682907,0.3434927,0.2996672,0.18181384,0.5267206,0.4254225,0.56669235,1.7299881,1.1372894,0.092016555,0.51075727,1.0586175,0.09262588,0.23499031,1.456092,2.3615,0.060132813,0.15690818,0.50853884,1.6385748,0.124265574,2.2111306,0.34540537,0.6509121,0.03235275,0.056763142,0.46007392,0.8376491,0.40088367,0.1687078,0.043168247,0.69004595,0.2280383,2.8605745,1.4227235,0.4776257,0.09596087,0.27337596,0.7484378,1.2048639,2.1828992,0.85716397,0.6297757,0.42406407,0.022215867,0.3668356,0.13769661,0.017305596,0.35178378,3.3378139,0.035082538,1.2682779,0.43359685,0.43313333,0.085970536,0.80077857,0.42746702,0.34462783,0.16465193,0.55908877,0.5669104,0.25579587,0.4305625,0.34746844,0.051878214,0.5608904,0.6567567,0.3235012,0.61964804,1.9167008,0.7015724,0.89860284,3.2379906,1.9620873,0.45831788,0.2973478,1.2694343,0.1604769,1.8242804,0.40606475,0.022470357,0.6655035,0.8279936,0.44421494,5.8055263,0.7330834,0.20311165,0.346385,0.31713143,0.0,0.7354568,0.0,1.313138,0.6481767,0.046480168,0.7773414,0.22662514,0.49203104,0.059251968,1.1892695,0.54598707,0.46967882,1.5634317,0.96336675,1.7017398,0.60781306,1.236533,0.24546057,1.3236562,0.087923825,1.2089828,1.5567331,0.008956992,1.1659042,1.1897565,0.85171586,1.1281649,0.3075796,0.1478251,1.3089956,0.045455437,0.1311242,0.65733373,0.7782983,0.07389642,0.036572136,1.3430644,0.56409925,1.0354377,0.37499303,3.161676,0.5270909,0.28164557,0.03341583,1.1280206,0.18125024,0.947562,0.20508298,0.56867415,0.44949126,1.5047973,0.06062936,0.14541139,0.07853912,0.29039204,0.91523546,0.19528879,0.13143292,0.59170663,0.1686043,3.253997,1.7176121,0.20690326,0.8519073,0.2739179,0.13797766,2.7915773,0.5492912,1.0574752,0.9327894,0.32986274,all_pothole_images\pothole_images_enhanced_19b939ebded5c02c1a5d937c7915e3c7.jpg
1.7863053,0.6112198,0.09802189,2.2248282,0.59809554,0.68571687,0.47713196,0.04107552,0.16026159,0.62160146,0.26344407,1.1742603,1.587464,0.98041016,0.29701754,0.0,0.41207045,1.6269429,0.48925197,0.017197568,2.1584754,0.1517897,1.2363081,1.561489,1.614142,0.13416106,0.5979394,1.4940368,0.12580273,0.51828283,0.107591815,0.057071056,0.06456665,2.2128677,0.20426859,1.4083542,0.5488209,0.52131814,1.6025808,0.008518484,0.0,0.2734698,0.38566107,1.2477895,0.25825056,0.08903371,1.1896906,1.3318151,0.048158266,1.0432041,0.7440086,0.6055794,0.62916386,0.12845503,0.5411143,0.5533943,0.229817,0.27975792,1.2107403,0.25747618,0.3281516,0.105617784,0.20422658,1.2822791,1.7625748,1.0388905,1.2800671,0.4613256,0.051693615,0.16214432,1.4112698,0.13921438,1.0293934,0.20264238,0.29272598,0.017281968,0.7312841,1.0108322,0.014572275,0.010095581,1.0550046,1.0759356,0.6024437,0.17244321,0.83373195,0.042244423,0.05344452,0.225916,0.36725864,0.5822604,0.9016065,0.12400983,0.8639755,0.14848137,0.7376755,0.3039409,0.98148733,1.0947924,0.35358682,0.54636514,0.14934592,0.40742633,0.78404653,0.4577069,0.82448053,0.68208414,0.033132605,1.3079895,0.2105953,1.3995681,0.39009032,0.07351366,3.4225721,1.5896873,1.2913051,0.37835404,0.011589887,0.19352578,0.5220137,1.3599828,0.6994716,0.22593081,0.49790022,1.065796,0.1743623,0.31035167,1.2113464,1.8004589,0.34051245,0.4158446,0.30634007,0.58740497,0.16389802,0.032294326,0.9785347,1.5386438,1.4564261,0.6837167,0.86413276,0.07231153,0.9838795,0.52944577,1.5611748,0.8548302,0.25517538,1.974232,0.887663,1.890511,0.011422449,0.095171146,1.3663987,2.3994129,0.0048609176,0.0,0.45048344,2.6756697,0.31342965,0.52647865,2.2050822,0.50865924,1.5304643,0.22853574,0.10787263,0.32626435,0.561561,1.1041855,0.47950625,0.075988136,0.2012541,2.569533,0.42842972,0.9705962,0.7029397,0.9225492,0.015296771,2.166091,0.09696862,0.013291387,0.4944844,0.3022272,0.22138335,1.0983429,0.028682785,2.3189905,1.6877469,0.7611567,0.08770752,0.51360846,0.9606225,0.32728526,0.09028744,0.9102923,0.91551703,1.0283076,0.8915274,0.6262002,2.7239003,0.6776785,0.82260776,1.378498,0.3410483,1.1749061,0.022487221,0.03873317,0.06920885,0.49700361,2.7390943,0.001809069,1.84929,2.1027398,0.0008606023,0.722804,0.14434566,0.2738572,2.7211123,0.77781826,1.4612292,0.59766287,1.4200975,0.0,1.9019151,0.1192928,0.3809883,0.38079342,0.04302433,0.0658081,1.2686036,1.999009,3.2910304,0.8030928,0.29469186,0.071003,0.9211407,0.4330097,0.17864579,0.17676336,0.48618028,0.997685,0.9791979,0.36936352,0.0,0.0040928125,1.4558456,0.51717186,0.40010247,0.029166883,0.84328103,0.2586937,2.6785913,4.793936,0.07355497,1.7299993,0.06498583,0.042665005,0.6009505,0.7704726,0.602368,1.4122733,0.041989107,4.052862,0.4431752,1.7209022,0.8608536,0.30876935,0.22151458,0.3392946,1.2840953,0.5865555,5.478191,0.1659556,0.79170114,0.23810902,0.22614384,1.1206845,0.065720454,0.9712135,0.32903567,0.41828692,0.08542205,1.8396292,0.029872255,0.0030717447,0.44757995,0.13581854,0.78064114,0.7805416,0.9357123,0.019270284,2.4866939,0.0026010626,0.07401241,0.44101962,0.3561861,1.1006043,0.18564758,1.3673843,1.1561599,0.017190658,1.4666928,3.656064,0.88353103,0.4441695,0.00029254862,0.0,4.2434793,0.017920787,0.6390904,0.00054706505,0.26699603,0.0,1.4946988,0.55048203,1.3585324,1.2417744,1.2555285,1.501029,0.21350354,1.6206163,2.9737704,0.4233434,0.6690213,0.0,1.5426668,0.5686141,0.09158685,0.22022632,0.5471771,0.0491218,1.2208077,0.045559313,1.2180555,0.91968995,0.2885379,0.49499893,0.0,0.0,3.0386043,0.32027632,0.69613975,0.25661084,0.5751415,0.5520369,1.848086,0.9895969,1.5981171,1.4663743,0.64083153,1.0063977,0.27899057,0.008526804,0.74264944,1.0234487,0.43688482,0.37380424,0.87291116,0.95947903,0.17802843,1.6967723,0.72014576,1.6196011,0.8314187,1.525386,0.8828601,1.4456367,0.0,0.02708885,0.014794894,0.008613352,0.8875748,0.8846248,0.060998574,1.1332711,0.21944836,0.10004406,0.3464669,0.2268412,0.21516126,0.4634985,1.9729902,0.9671237,2.6200736,0.24438052,0.40048352,0.4582043,1.6263461,1.4174241,1.1217248,0.0711058,0.6780485,0.067225434,1.5627578,0.996428,0.64814967,0.2763212,0.017706085,0.80504006,0.27638966,0.4690215,0.37420616,0.3413894,0.029677633,2.9565995,0.12895392,0.008733958,1.0154729,0.032381024,2.1030064,0.3478861,0.5739187,0.40179297,2.1854038,0.42868975,0.21615413,1.3975807,0.6266618,1.9683434,0.2456315,1.4788128,1.4890096,0.005472466,1.6364774,2.467478,0.20954666,1.5175582,1.29211,0.45382705,1.1828351,1.4039378,1.5629071,0.964175,0.036129586,0.19483346,0.49458212,0.35684508,1.2661564,0.58297247,0.10810773,0.3683389,0.0342012,0.9174795,1.0389904,1.600991,0.17671305,0.5380705,0.22483458,0.090431325,0.2934971,0.9317801,0.9039358,1.2547381,2.7211373,1.6015351,1.467264,0.1511411,0.0,0.3732388,1.424312,0.0,0.00080597156,0.5824001,5.1155066,0.30381945,1.4556061,0.51635104,0.545651,0.6213002,0.0,0.011025902,1.3417872,1.5897003,1.1143938,0.17150536,0.007348013,0.030639052,0.9685818,0.07954144,1.6217219,0.71342605,0.005094708,0.41099906,0.3320205,0.5634766,0.4410043,1.5915879,0.31270343,0.14548185,0.0194198,0.044654164,1.3176597,0.005739378,0.12860784,1.1389654,0.25042972,0.42410472,0.053091485,0.60227096,0.2930011,0.23160124,0.1966879,0.38471004,1.6613073,2.5963268,0.105141744,1.8887813,1.8113726,2.3042235,1.5905986,0.06751549,0.124170445,1.7232097,0.077469744,0.085439414,all_pothole_images\pothole_images_enhanced_19cba38ac39f9ccf4de19c09d34bdc91.jpg
0.9082277,1.6828879,0.16129851,1.5943172,1.9433331,1.6612284,0.9783167,0.20532271,0.049453452,0.22549178,0.26596242,0.04933203,0.5668299,1.648347,0.23117666,0.33602384,0.41316304,0.29462692,0.21107167,0.63346165,0.012909047,2.9601927,0.83064675,0.7224514,0.31864482,0.73789084,0.53803456,2.5001867,0.4574759,0.21012816,0.25631693,0.19565815,2.2282188,0.1285402,0.21153393,0.7914897,0.41955388,1.5003653,0.18062082,1.2561661,0.23631032,0.50626624,0.7524682,1.4429226,0.69834936,1.0337826,0.01270651,0.0009241402,0.65162224,1.8343046,0.59490937,0.72851545,0.6639768,1.1234859,0.18245846,1.9513633,0.79704416,0.19643612,0.24448165,0.3206254,0.99984646,1.1668026,2.58347,0.1834394,1.2116276,1.4249351,0.95830494,0.58236575,0.15925433,1.0683565,0.5863007,0.34370467,0.1922755,0.13331594,0.07514691,1.0040414,0.054970965,1.5023738,0.24041666,0.19722691,0.62988627,0.1772571,0.04266993,1.2962255,0.93111,0.09853322,0.47627226,0.0,2.5755756,0.13978973,0.23070773,1.3497,0.32900143,0.31898203,0.0,0.07555241,0.94217384,0.3841288,0.1441451,1.4091474,0.1911857,2.0549173,0.80519474,0.10308839,0.22933021,0.54608387,0.40128404,0.16119494,0.064284675,0.32807302,0.15661578,1.1244202,0.8568569,0.067200586,1.4480911,1.31408,1.6559429,0.2746128,0.790856,1.593176,1.4386964,0.16920713,1.3310386,2.1772656,0.6859485,1.1071594,0.3062542,0.89308214,0.43230057,1.4099292,1.4725367,0.55669284,0.28838757,0.9182242,0.047346786,0.15828328,0.3547458,0.45942694,1.6611359,1.0320858,1.490851,0.019668868,0.10909367,0.63351834,1.4996597,1.0591967,0.38131297,0.038838048,0.9507537,1.079556,0.39535588,1.0148808,0.1855701,0.31109306,1.1710383,0.82774687,0.8140038,0.31018573,0.25116673,0.014853507,0.78039706,0.26695645,0.31452122,3.0411043,0.82786125,0.0028809658,2.0394247,1.8125323,1.7212658,0.027934877,1.5936096,0.32901227,0.10001619,0.8721085,0.83084095,0.18814573,1.3518819,0.50362545,0.53966445,0.44183502,0.037804704,2.3515456,2.4947972,0.49765894,0.27074826,0.08486762,0.24140327,0.67146504,0.13917823,0.7459294,1.1644839,0.49081224,0.120202966,1.081271,0.19117343,0.0,0.22677125,0.19097309,0.19852856,0.26902327,0.086554736,1.3147595,3.4687805,0.15162054,0.96052235,0.9424302,0.08862168,0.832749,0.6983232,0.5980061,0.6238225,0.15246747,1.9918742,0.9984523,0.9086505,0.6680544,0.97862905,0.10662376,0.9089022,0.49551156,0.83810955,0.6071909,0.222369,0.43059686,0.0835819,0.84829646,1.1041238,0.136081,1.221139,0.22717384,0.5761763,1.23738,0.09535425,0.58114326,1.3923782,0.34985167,0.89296824,0.29370835,0.004442302,0.21891654,1.4966885,0.077626616,0.31156352,0.6899353,0.061829608,0.010721677,0.57031864,0.34196025,0.38818803,1.7590067,4.130012,0.018327408,0.5862494,1.2728726,0.05735177,1.5955359,0.95022696,0.28291962,0.5522874,1.5390061,0.6749453,2.189317,0.830618,1.1068164,0.567137,0.7861451,0.26304993,0.28466132,3.220549,0.66952014,0.013910188,0.11721395,0.0874286,0.77574563,0.13903119,1.7098404,0.412156,0.5659094,1.0989908,0.56889325,0.99196935,0.21597482,0.0,1.4601258,1.0033315,0.010512588,0.5552971,1.2615216,1.3529451,0.3380439,0.7647248,0.55821556,1.0192697,0.19331697,0.45134556,0.6322707,0.30970338,0.793286,0.3043098,0.027031135,0.5901743,0.96173096,0.18530677,0.88669395,3.6862888,0.06676782,0.042329613,1.860694,0.04830244,0.72299194,0.51010114,2.8487086,2.117875,0.5807283,0.22668447,0.35841253,0.1825955,0.36448345,1.0666068,0.9720505,0.044743504,0.40143374,0.20820862,1.0716313,0.5363953,1.3752294,1.6866676,0.5638923,1.3266519,0.60801446,1.93693,0.14610615,1.7964066,1.2103802,0.90531933,1.2727557,2.0620065,0.89151466,0.009898134,0.09591734,0.099238046,0.41069722,0.8126483,0.071696095,0.86881673,0.0005206701,0.0043645795,0.15642773,0.69225156,1.5167369,0.46184018,0.8684253,0.53876936,0.04813134,0.28719205,0.17845719,0.6588395,0.5377443,0.46006015,0.18249947,0.044953704,0.15786225,0.7329737,0.30253917,0.109984145,0.01680952,1.6485782,1.5035471,0.112638414,0.9481593,1.6450918,1.1175631,1.1379073,0.04854506,0.6430388,0.3797387,0.07134788,0.40056753,0.3869009,0.4920553,0.124815196,0.010665902,1.0763793,0.6642204,3.1668513,1.0044957,1.9826002,0.1322616,1.025268,1.9505643,1.4699091,0.13222939,0.050138578,1.074166,0.027645966,0.025402538,0.61642134,0.7344892,0.44642842,0.70519227,3.0042248,0.29006153,0.2676181,2.2549477,0.83487886,0.38723707,0.9588942,0.69011015,0.7589849,0.73964196,0.64762837,1.4634293,0.4391063,0.6104737,0.070525266,0.15861304,0.30664876,1.3884435,0.22832371,0.5914346,1.9835955,0.93262047,0.9514702,0.85496485,2.3132448,1.2896417,1.2659094,2.259412,0.3784387,0.8525206,0.4711659,0.7913903,0.13795596,0.58121115,0.9191871,2.1186697,1.1747723,0.6087768,0.7264344,0.39700714,1.1311867,0.77013475,0.804152,0.75493824,1.0541877,1.4291017,2.7526512,0.7176873,0.030545166,0.058071025,0.43981534,1.178358,0.530928,0.10767832,0.40700725,0.97097063,0.5521652,0.51111215,0.8825447,0.28073835,0.1251109,0.30501157,0.4844473,1.2997042,0.74620754,0.7502862,1.1449001,0.7525264,2.2439806,1.7686837,0.5245248,0.5681864,1.0463969,0.3204238,0.030957397,0.37185797,0.39855614,0.7136439,1.3243092,0.54642373,0.17557019,2.5236926,0.58899915,0.692403,0.0,0.8657976,1.5915873,0.3902394,0.25364602,0.6836348,0.3606271,1.2169443,0.22932853,0.4439354,0.91190696,0.027868705,0.19744231,0.1417044,0.0019436089,0.001097908,0.5124724,2.5350127,0.45402348,1.728202,0.7828366,0.12953238,0.0,0.59441847,1.1852182,0.5076791,0.20894976,0.6706018,all_pothole_images\pothole_images_enhanced_19db3a3a16c889bc7e3562db62e23c59.jpg
1.531401,0.4743425,0.445509,2.1228342,1.6914225,0.6610868,1.9566331,0.117822506,0.93105686,0.5859409,0.55914426,0.88715297,1.274446,5.1218047,0.725326,1.112555,0.0,0.44342974,1.0064355,0.00893433,0.087111406,2.5094974,2.5462844,3.6205165,2.1343763,0.790023,1.1130182,2.8765433,0.5744703,0.12556204,0.7779734,0.32908717,0.9388451,1.2704747,1.4699612,0.18521452,1.278289,1.6014233,0.6466738,0.6168959,0.3390003,0.10727676,0.65219605,1.8882712,0.01882839,2.6572015,0.2747393,0.091737,0.8881678,1.5207566,0.6186526,0.33428204,1.4223324,0.41241074,0.40544605,0.6246376,2.1957276,0.24969338,0.27571112,0.13526966,1.1576952,1.2673987,3.294519,1.5330297,2.4220936,0.8777148,1.0322162,0.058716822,0.31964886,1.4356029,0.6833245,0.3570573,0.060725864,0.1155326,0.8906393,1.013464,0.5200266,0.04488263,0.03532376,0.15114054,0.19121698,0.83592707,0.21162295,1.6831232,1.5118573,1.3195785,0.21802968,0.0041830973,1.8381767,0.09680772,1.4785919,1.5891806,0.64677924,0.7689692,0.35786372,0.8943476,1.5587618,0.5796003,0.12048961,0.6319922,0.27395344,1.8265848,1.040494,0.7856881,0.64668036,0.7309721,0.81927246,0.42054054,0.65765995,0.36462674,1.2619053,1.6237264,2.7137785,0.5530899,1.8237716,0.44009438,2.5919468,0.65498555,0.3851661,0.94266474,2.8226542,1.1590534,1.0397252,1.6439689,0.36840314,0.691816,0.667887,0.4744702,1.4504433,1.5947521,1.8187891,0.002484435,0.84836406,0.49959606,0.0,2.2092733,0.14697924,1.9970899,0.5377159,0.3611228,0.9201628,0.47030532,0.16781211,2.172147,1.4447284,1.1307002,1.1502681,0.63009477,0.7187894,0.22058591,0.24170221,1.2902806,0.5427723,0.22288564,1.1746371,0.17694126,1.1274015,0.85120213,1.2071677,1.8085445,4.572239,1.2302356,0.32539597,3.205704,0.43013155,2.1065392,1.5174507,1.0332918,2.614647,0.98444927,0.887075,0.010695409,0.16499487,1.1258734,0.2746561,0.82620084,2.8696892,0.39319617,0.77974653,0.16165043,0.14352247,2.3434315,0.7609508,1.4367464,1.3691957,1.4728533,0.6699825,0.769283,0.40284184,2.1703625,0.70439863,0.5556297,0.783602,4.538533,0.06608837,1.3649427,0.72406346,1.1890565,0.33058497,1.3754392,1.007477,2.2905385,3.8478231,1.9844472,1.2357069,0.4880122,0.6746409,1.4969757,0.5623602,0.44960088,1.0211197,0.065758586,0.8949224,0.6572457,1.2444572,0.51049215,1.5360217,1.2838099,1.628265,0.042674772,0.03195028,0.0041672685,2.1728148,0.2096419,0.09391333,1.9911262,2.12244,1.4925385,0.6018021,0.47458118,1.5467933,2.2869587,0.9233985,1.2973801,1.3123617,0.4687966,1.0526519,1.7425864,0.054113768,0.4297531,0.1552699,0.06438113,0.4295638,0.56477296,0.26539034,0.21473853,0.87866986,0.5432702,1.9820578,3.151396,3.061534,0.0805312,0.39658737,0.10722661,0.78292906,0.32700628,1.388191,0.28225303,1.1604548,1.8143637,0.9242789,1.5496804,0.7740491,0.7622545,0.040065512,0.3506757,0.049530048,1.0107048,0.4743716,1.056322,0.43128306,0.8873406,0.17779529,0.18717475,0.28228053,1.4025495,1.176299,1.0220704,1.7711962,0.20108363,0.13982874,1.9976339,0.38262102,2.6668594,1.9423788,1.1475679,1.3747889,1.9757208,2.120636,0.15696923,0.6654684,0.39968917,0.7495841,1.4924984,0.26606107,0.08376145,1.0868763,0.7450053,0.9571101,1.2304366,0.07702977,1.0595962,0.40851286,1.0581037,2.777316,0.20066993,1.2122921,0.2507395,0.12750952,0.54910684,0.49064636,1.7223567,1.7254252,1.5499445,0.5304062,0.2723605,0.031180728,0.47168124,1.2908906,0.304732,0.41303316,0.40346178,0.01878885,0.4241406,1.6387064,0.4703723,0.64728695,1.8204584,0.8074372,0.44400862,0.73983717,0.63075745,0.028976751,0.7172585,0.19927305,1.5925529,1.8940241,0.58869624,0.744223,0.4221666,0.24314123,2.1658452,1.4971056,0.39094582,0.31125435,0.4802702,0.22285242,0.6377986,0.15591106,2.4608183,0.6878052,0.5929423,1.2655153,0.16048564,0.90728086,0.32065317,0.8201119,1.9037633,0.8093193,0.6013813,1.5253053,0.14421643,0.4080535,0.29440883,0.048579663,0.050410874,2.8560312,1.8766392,0.71054953,0.8948406,1.6399685,1.3712924,0.11994191,1.3301502,0.9611522,2.0493917,0.3611525,1.142648,0.7691908,2.7066076,0.19053335,0.028209182,2.3012452,0.6430312,3.2887738,2.153751,3.3832235,0.19413218,0.09443611,3.1445832,1.6381993,1.7462785,0.05926691,1.9780482,0.31739286,0.99172395,1.3058838,0.50906307,2.143678,0.642695,1.8345047,0.6192895,0.09014727,0.8853316,0.15341902,0.6828604,2.6718743,0.23240194,0.6793152,0.32309687,0.6402865,0.28837985,0.55760634,1.1957936,0.76881295,0.29207167,2.5556407,1.8924031,0.7015798,1.5438339,2.1753376,0.979951,0.9436593,0.9739718,2.194732,1.4046512,3.7873507,1.3548219,0.56765413,2.021452,0.0,1.6649339,0.21634473,0.9642977,0.3612087,2.4158053,1.0673233,1.9479128,0.04879497,0.46500936,1.9490731,1.2380407,0.00890431,1.2822356,0.05807362,0.21041858,1.7567526,0.4067238,2.2000082,1.2636085,0.32336769,1.3054329,0.41372126,1.5093324,1.5315975,0.08658521,2.4798255,0.9354342,0.6866545,0.6239321,0.92815197,2.6046524,1.5402377,0.36201647,0.57229054,2.375983,0.41533878,0.27823782,2.6944277,0.9134894,0.76094586,1.1883978,0.03705508,0.4040878,0.39780137,0.6511679,0.38180852,0.2650836,1.815653,0.09673187,1.0344449,3.148509,0.77503777,2.237094,0.044858303,1.6804957,1.4453839,1.0282232,1.2865769,0.28629437,0.02971619,0.4521388,0.63592386,0.39396602,1.1028831,0.052759457,0.337383,0.19736442,1.6148962,0.30862737,1.1539184,3.2938104,1.249637,0.76512814,1.8813056,0.26111284,0.3455319,0.7000913,0.5705349,1.508516,0.28059226,2.0218945,all_pothole_images\pothole_images_enhanced_1a124d4fea98261e79eb58f5a0502b4b.jpg
0.7522326,0.90230817,1.6338559,1.5272198,0.12395195,2.2598972,0.41723382,0.27614364,0.1410292,0.643487,0.31757292,0.0,0.2888193,1.156708,0.59920317,1.6504661,0.058249917,0.2751015,1.6668249,0.2847602,0.69388324,2.062027,1.649072,0.68517023,0.8681717,0.82300264,0.23159651,1.6870086,0.0,0.23300387,0.3813069,0.12665369,0.33468238,0.16074425,0.123871885,0.77403826,0.6302935,0.47817504,0.4504444,0.6668963,0.40776628,0.18362662,0.3244776,1.9045227,1.2354217,0.6577053,0.17171015,0.0062681474,0.18374506,0.8903357,0.49380562,0.8438648,0.7266791,0.6639596,0.30387592,2.0257242,3.3048954,0.0882053,0.113172024,0.031875037,0.26533535,0.4713703,2.5281744,1.3215036,0.507635,1.5155308,0.033331256,0.022393212,0.44396302,0.67115796,0.12533073,0.823356,0.25355604,0.2450403,0.046267968,1.0396243,0.3744876,1.1441737,0.393507,1.0780082,0.089779645,0.0,0.47449905,1.2937304,0.5254537,1.338372,0.2992432,0.3954332,4.215475,0.5046657,0.19558856,0.0033440688,0.8124358,0.24600926,0.20715937,0.018802373,2.737722,0.42185685,0.9094094,0.06829854,0.0,2.8734784,0.12671636,0.012361835,1.3913498,0.14031944,0.23999038,0.8703887,1.2590703,0.51141703,0.16209093,2.766074,0.46237978,0.35410345,0.00014932913,0.9810329,1.9487274,1.0245215,1.779157,1.1771067,1.3632395,0.22362572,0.4926585,0.32791874,0.6866015,0.87766045,1.2818141,1.8091433,1.2406976,0.0808054,0.16315374,0.029867427,0.2049114,0.3634523,0.1763342,0.71783805,0.23716351,1.7240245,0.19139399,0.3715514,0.7906815,0.017115349,0.8787292,0.54264647,0.38574803,1.4497827,0.8775697,1.6358552,0.5644448,0.7106795,0.558704,0.45942688,0.13500379,0.20598389,2.9171655,1.4303792,0.46158403,0.30303016,1.0627238,0.4326882,1.3356773,1.4681646,0.045737557,2.9240253,0.0880394,0.49678376,1.645426,0.02683057,2.0153792,0.5838206,0.10526105,0.15827943,0.0085276915,0.5579961,2.3876603,0.13948923,0.55964774,0.05156121,0.11376635,1.2387738,0.44908065,2.0920093,3.8202913,0.677006,2.5402563,0.4343033,0.2152693,1.2364426,0.49012262,1.706724,0.0066950168,0.5762639,0.062022723,1.9279355,0.06768424,0.11216527,0.4523449,0.8208332,0.086323716,2.973185,1.1767484,0.67734706,1.424758,1.0929148,0.27074933,0.4247223,0.43719405,0.9619334,0.80891454,0.05494914,0.033145748,0.621797,0.8698794,1.1252093,0.78048766,2.2589076,0.81230015,0.04893519,1.7900932,0.8097802,0.15789464,0.5559997,0.96526474,0.34686565,0.29850394,1.0786946,3.8027084,0.85536486,0.03792098,0.7472285,1.6476506,0.57789403,0.18892552,0.49706435,0.72188455,0.16630764,3.425208,0.07829863,0.32909718,0.1349896,0.03813324,0.28150496,0.57696265,0.20276502,0.08246711,0.04604468,0.57216644,0.40589693,0.25811258,3.4139993,3.6834753,0.34144965,0.43804234,0.49188513,1.0762484,1.0758262,0.66283596,0.5743187,2.0771997,1.1478126,0.0,0.27608308,0.9137108,0.38539913,0.857915,1.5017121,0.024770021,0.92142826,0.52671236,0.06845246,0.029939033,0.7004673,0.13968183,0.40215978,1.5651636,0.6188792,0.596895,1.2763675,0.34202704,1.5241859,0.30312985,0.2730599,0.029956618,0.6841255,1.0509622,0.6027019,0.31424984,0.17525113,1.0764053,0.020215178,0.6840884,0.7546371,0.44684976,1.5261561,0.11192043,1.0750028,0.055749696,0.6593943,1.2134092,0.029349005,0.2185104,1.3154474,0.058888886,0.2158906,7.3225117,0.6504823,0.11233745,1.0224564,0.020942265,0.09958103,0.16178426,2.2002993,2.8291533,1.1784568,0.07857265,0.17569602,1.2053818,1.5960711,1.3224256,1.216834,0.3335499,0.00768585,0.05291553,0.27613977,1.0466176,0.49121466,0.75990385,0.012914221,0.8629513,0.7511816,3.1931002,0.2891352,0.0,0.41778564,0.23827516,0.62003267,1.5559281,0.037653603,0.1487387,0.25983104,1.396847,0.6093677,0.90137327,0.04364728,1.9490199,0.53991586,0.06273615,0.018271064,0.4897337,1.7021875,1.2496694,0.8339462,1.609954,0.4311793,0.011873525,0.3760756,0.2762017,1.6038386,0.24926113,1.0122901,0.0,0.011950286,1.5955788,0.7708855,0.26979312,1.0839746,1.4574691,0.43834522,0.21955575,0.16206773,1.4298266,0.13701914,0.7307659,0.018438922,2.8102765,0.0007795951,0.08414932,0.26638278,0.69125706,0.4885728,0.1087994,0.0025286232,0.23672271,1.3408589,3.3006043,1.9836276,1.4747019,1.025322,0.1095771,1.0022933,1.2729855,1.2709205,0.9851532,0.036649454,0.069097996,0.45832902,0.37284026,0.9215008,0.014665462,0.13605727,0.747975,1.1073083,0.18852346,1.3326316,0.8405562,1.0020977,0.13635561,0.7974414,0.15869595,0.6635463,0.76462525,0.5707132,0.035380546,0.3346772,0.42026678,0.25624487,2.5272226,1.314764,0.758439,0.038424518,0.7860398,0.47341856,0.94194883,2.8641644,2.9913747,0.017291285,0.0709188,1.0280143,0.14369856,0.49057633,1.5875276,0.19487041,0.27542165,0.6363403,0.2672983,6.55788,0.48911402,0.10113604,0.0,0.17892526,1.5325111,0.24705552,0.40586767,0.03285617,0.35525793,0.03318214,2.0786042,1.3680259,1.3248786,0.87828827,0.89481914,0.3864609,0.261259,0.66766256,0.7497935,2.599457,2.0083368,0.4056537,1.4522809,1.6015325,0.8539979,0.54827064,3.3350515,0.7728561,0.63172454,1.1478771,0.0,0.042750172,0.94394976,3.4772863,2.321719,0.108969636,0.6204427,0.15443227,1.2034264,1.6445546,0.45631003,2.6513357,0.9635344,0.54213965,0.74507403,6.4474363,0.44128335,0.69227815,0.0005268877,0.9274582,0.6594949,0.8965549,0.9990904,0.43945304,0.0054174582,2.3092494,0.31370977,0.187187,0.4245624,0.033923846,0.036385953,0.20908928,0.0038500847,0.7432519,0.28841493,4.2846127,1.2288163,0.88299257,0.94302934,1.0354642,0.1999403,0.5639941,0.29465917,1.1473233,0.7247872,0.3858297,all_pothole_images\pothole_images_enhanced_1a64bbeac6ad5dac5fd35bc85b645158.jpg
0.21110383,2.129958,0.45420665,1.6570568,2.343074,0.25617447,0.065885045,4.8600335,0.1393429,1.1422982,1.2416766,0.46999413,0.05376845,2.4176817,0.20437708,0.86761683,1.761467,0.68195873,0.22208941,0.43139005,1.2399024,1.9623334,0.5154905,1.7515894,0.8821817,0.50600547,1.5341396,5.1841497,0.49561495,0.3641115,0.5171666,0.082037486,0.6739497,0.2172605,0.70045596,1.4037055,0.692837,1.4196401,0.41349176,5.6791005,0.3489044,0.31037742,0.6539833,0.67797416,0.27673393,0.4244394,0.0,0.028258372,0.5319061,0.55747706,0.703978,0.4543373,0.9325183,0.41424185,0.19207557,0.44683868,2.471396,0.15020463,0.36747444,0.09248439,0.5274997,0.73944354,1.3758043,0.9122081,0.50744665,2.5243511,0.4849619,0.14776497,0.17968738,1.3178788,1.1708065,0.6212123,0.15236747,0.37947693,0.60018754,1.8971863,0.049080186,0.66947126,0.0,1.2915515,0.07478433,0.034648262,0.0,3.0498426,0.30966187,0.7092914,0.46783322,0.25415263,3.3223968,0.6517838,0.007989,0.21542364,0.5763042,1.0137756,0.09867965,0.38823262,0.2859698,0.58019996,1.2191623,1.7665701,0.2214103,2.6408248,1.035645,0.64540505,0.49114946,0.09730949,0.049543403,0.4359583,0.15955867,0.4267838,0.2479408,2.0290847,0.6429072,0.110350765,1.1628547,0.68364894,0.9092317,0.14298807,0.9357981,1.0030489,1.9138843,0.5947288,0.0114856,1.2275759,1.1898316,0.6557835,0.070477575,1.3344036,0.26336083,0.76001817,0.8437635,0.05476059,0.87362516,1.2693652,1.1772677,1.0000912,1.4568462,0.57499343,0.19630222,0.017786823,0.5230914,0.03357823,0.64634764,0.26527005,0.4040694,1.6577085,1.0590329,0.062734954,0.9412284,0.58138996,1.1687845,0.9883538,0.23346071,0.16682123,0.8511183,0.10916077,0.9798064,0.46643722,0.67557704,0.7888939,2.532719,0.45156598,0.5846948,2.7388055,0.6157451,0.34715948,1.6476387,1.496957,1.5973471,1.1189733,0.94566,0.14856888,1.0853485,0.03004268,0.9146568,0.12425092,0.9131181,0.29772356,0.079240814,0.58430505,0.8294891,2.1947076,2.4272525,2.7457857,0.8061521,0.73939466,0.46676868,0.61074394,0.63665503,0.8580122,0.48147646,1.370392,0.19578855,2.9104013,1.1056988,0.35866597,0.3826487,0.051579338,0.3896627,1.2507197,1.0786103,1.2280464,1.658706,0.62886715,0.16433361,0.39855847,0.99802226,0.7375354,0.9994622,1.6620692,0.13473845,0.48939684,2.5873876,0.8314925,1.3919326,1.5829315,2.0993552,0.08102595,1.6399492,0.41611806,1.2217524,0.46465877,1.0195444,0.74169546,0.11187751,1.4980007,0.31048933,0.9694835,1.1178566,1.2354187,0.6619992,0.43089145,0.6331395,0.46356153,0.13489905,0.3417973,0.72889614,0.1936586,0.004564242,0.42129445,0.65420884,0.035651404,1.2603624,0.45844844,0.5349368,0.23350707,0.5405832,0.27227122,0.27179524,2.8955483,1.6970598,0.26253965,0.8209723,0.39410543,0.48318177,0.09231816,0.8797003,0.17585719,1.567633,2.8368287,0.39976367,0.04563569,1.0904547,0.13148104,0.17099808,0.94552845,0.3701309,1.1019831,0.21876103,0.5841158,0.5572098,0.1075151,0.9383919,0.89642775,0.7255389,0.23418741,0.60291106,0.31843483,0.12314578,1.3685781,1.5769498,1.0188748,0.046624556,0.6175479,3.4902468,0.16253549,1.0246558,0.38911095,0.3726331,0.09988169,0.4401396,0.20926714,0.20527792,0.81757814,0.2379795,0.63069713,1.650961,0.33271936,0.19353563,2.0396516,0.5588799,0.32906842,0.31444803,1.1174128,0.079574145,0.25277957,0.29271886,0.10450107,1.0822741,0.4774781,0.91164076,0.93126833,2.0509825,1.8307481,0.5466511,0.37727794,0.028188098,1.5267202,2.1164522,0.72005415,0.2833967,0.6398106,0.48238248,0.61896837,0.6299782,2.9758823,0.030126179,0.14860474,0.5005932,1.8534725,0.18394962,1.4014933,0.2960978,0.02682861,0.5854367,0.7261294,0.9696479,1.2936895,0.95810807,1.1713722,0.43086523,0.88011074,1.7796166,0.14038515,0.2918461,0.054706182,0.4274512,0.36431357,0.61798877,0.5792099,0.09051953,0.8458657,0.26097608,2.209195,0.5552174,0.36744618,1.4033132,0.48447105,1.0141088,1.7848648,0.36823094,0.060417466,0.30314547,1.9812688,0.25393945,0.62733746,2.210233,0.14795004,0.6994314,1.2473055,1.5219175,0.9751456,0.13740124,0.49617743,0.62074554,0.64596134,0.23825012,0.117867894,0.34866586,1.5994493,1.017223,0.37020436,1.0604441,1.0832769,2.9034111,1.6891298,1.4378133,1.8489778,0.6263949,2.8162966,1.9127866,0.039520044,0.4970987,0.56475604,0.33581176,0.63168734,2.6004064,0.6180084,0.5076451,0.3890576,1.0979054,0.7923956,0.12211056,0.5530812,0.025942193,0.48188353,0.48288128,0.40049195,0.38188452,0.09560462,1.1797382,0.24053946,1.7454582,0.11749531,0.0010012214,0.96957195,1.1410654,0.8937641,0.6145851,0.037284825,1.9706022,0.88516504,0.97644603,0.6495626,3.0410767,0.5655143,1.5253305,0.7089216,1.4971372,0.49194452,0.37238264,0.39026633,0.47191772,0.5161059,1.3852386,3.4631553,0.6761881,0.40998575,0.6024618,0.1828599,3.4141142,0.26648805,0.28256288,0.24915597,0.21448316,1.0178851,1.9868338,1.1075327,0.71304613,0.7097769,0.49211052,1.5400256,0.72920024,0.11587327,0.35245657,2.3220847,1.0240693,0.6852715,0.33615595,0.4032898,0.45760936,0.5987836,0.64142716,0.2017345,0.8699529,1.0947863,0.3412923,0.11270278,1.1325129,1.9910556,0.5835178,1.2089646,0.24532656,0.19039768,0.56764054,0.32751986,0.35557455,0.2560678,0.4363233,0.7137099,2.2873077,1.485265,0.39637443,0.3115591,0.0,0.20319349,0.5002784,9.5660514e-05,0.83112055,0.17615148,0.6714636,1.4612824,0.035235126,0.17760098,0.24829996,0.04401554,0.013121249,0.48740914,0.058268167,0.20556483,0.22544825,3.2848063,0.19732325,0.7306535,1.8598152,0.030050933,0.0,1.7397923,0.2766708,1.0671219,1.1408043,0.1848449,all_pothole_images\pothole_images_enhanced_1a7d50cc0c89b0cb4892646f6a5a2f5b.jpg
0.14439866,2.0735304,0.7147824,0.38167876,0.92825764,0.05014479,0.2484443,0.09239925,0.830065,0.6084328,0.2546756,0.26406515,0.5357702,0.108005986,0.119875126,0.19798858,0.10051259,0.0,0.39697713,0.19147278,0.12911148,3.4430873,0.53646094,1.620815,0.3137718,0.30587876,0.04995745,1.8943437,0.010829028,0.069987155,0.7837876,0.0153959645,0.7858438,0.71291536,0.78866017,1.0357864,0.79333967,0.6001795,0.042644493,0.41457015,0.14602457,0.013982428,0.040437713,1.9088119,0.9676912,0.044798505,0.050542384,0.22539027,0.22714195,0.6336124,0.98857456,0.43995798,0.11068552,0.1658431,0.011081625,0.522729,2.186088,0.033347867,0.60657775,0.20312272,0.1751456,0.052272543,0.6099864,0.07750138,0.4488911,0.9422549,0.45003602,0.0022016915,0.014247431,1.0736802,0.059831396,0.35205474,0.0011305358,0.13389866,0.10262812,0.6706928,0.72126114,0.25662205,0.0,0.47218442,0.057860725,0.004322599,0.0,2.690795,1.022803,0.81124663,0.00183205,0.10781194,2.4765868,0.6299164,0.0,0.10076589,0.042416032,0.11186544,0.26285845,0.08370339,0.70014733,0.92601883,0.23993526,0.34040925,0.16753197,0.5065221,0.20690785,0.3598543,0.1345839,0.024357874,0.15018797,0.23230858,0.09280298,0.6111674,0.16127275,1.6881795,0.097775,0.341729,0.18340501,0.59911305,2.5696156,0.114992686,1.3469479,0.63804096,1.3938771,0.89701015,0.78160244,1.2937557,0.020354852,1.3502896,0.19883336,0.26906395,0.811271,0.69043565,0.8294956,0.02358782,0.08547316,0.40056345,0.041757766,0.82749313,0.05952386,0.14253742,0.73184764,0.33701697,0.2858212,0.0345433,0.0,1.1564479,0.15314902,0.19275533,0.11022689,0.31017208,0.08510049,0.4582727,0.93471736,0.61292416,0.1018153,0.019019356,0.53867036,0.0510847,0.6443186,0.23648079,0.3251183,0.19985779,0.99728125,0.055172794,0.07432837,2.741515,0.05492019,0.057222366,0.09984637,0.008294314,1.2049158,0.0,0.3417989,0.2703959,0.06083539,0.30545175,1.093913,0.03147791,0.75213194,0.0,0.0,0.26110318,0.012106542,0.46801522,2.04997,2.3438647,3.120557,0.17673825,0.065495245,0.14720726,0.7084324,0.1284984,0.17589238,0.065884985,0.06769089,1.4592581,0.32666662,0.20336433,0.30757132,0.7953072,0.56615573,0.63636655,0.12375496,0.36138755,0.116120845,0.07403631,1.9952799,0.8806325,0.3673032,0.13317381,0.9235218,0.25749585,0.017200131,0.57638574,0.83726454,0.58540624,0.40046343,0.21825455,0.5882676,0.02923237,1.4446442,0.16221233,0.97442335,0.06010387,1.0114714,0.3571419,0.033768393,0.031224612,0.7500922,0.018265516,0.91016185,0.0022585723,0.0,0.23706472,1.0368627,0.0057021985,0.32358545,0.21420512,0.8534294,0.04897098,0.04565415,0.0010138494,0.8119121,0.0,0.8203989,0.09833952,0.07073202,0.0026440145,0.30297354,0.124332935,0.4222983,3.0329237,0.9927625,0.15350811,0.21057367,0.12292581,0.21512842,0.024386315,0.74979585,0.0,0.19526999,0.45465842,0.24028489,0.43338233,1.0664756,0.5061963,0.11436977,0.61696917,0.04807001,0.53334713,1.4222683,0.9146999,0.07115362,0.027605712,0.0609571,0.49520764,0.55698216,0.661541,0.47217262,0.27770758,0.62583274,0.7682673,0.117196724,0.10819855,0.40459636,0.09884387,0.62407845,0.31849676,0.41091537,1.032447,0.39758942,0.2702958,0.39942017,0.08505306,0.035663337,1.5500973,0.15248375,0.1634209,0.56376505,0.8155536,0.3998127,0.26801458,0.17125934,0.40215358,0.0,0.23075703,5.2218037,0.06134367,0.00023713525,0.14746974,0.02432984,0.07054338,0.1458128,0.36417052,6.51497,1.0393132,0.021937612,0.36569282,0.048322298,0.057870768,1.249645,0.08096487,1.6729707,0.038132858,0.169984,0.6499386,0.40042713,0.9283022,1.7216494,0.66898125,0.39742917,0.6137464,4.1970854,0.1147526,0.18102476,0.0033678424,0.0,0.44628733,0.3377884,0.0040623713,0.22057712,0.26546204,0.17609459,0.5590439,0.98637736,0.005877426,0.110933624,0.016317358,0.12421199,0.0,0.1973535,1.3300155,0.12254655,0.4143747,0.13617761,0.76095486,0.15067008,0.094628975,1.1578635,0.4757735,0.45452195,0.5467571,0.16090605,0.32924777,0.18036132,0.031314418,0.05543235,0.26307967,0.83818895,1.1716272,0.4817714,0.41169882,0.6470235,0.73230296,0.4407306,0.10602339,0.7103689,0.26184505,0.23483482,0.5032462,0.05576748,0.6551578,0.0037621767,0.17622197,0.2388344,1.1562808,4.5333457,0.5381508,2.0072925,0.38302273,0.51998633,1.9042729,0.96043146,0.6042539,0.020394484,0.11670196,0.0,0.3308281,0.83085644,0.10227287,0.055444386,0.33742324,3.6531825,0.12459518,0.26788753,0.9157805,0.12504981,0.0,0.37018126,0.4020365,0.0,0.27057776,0.064734556,0.39615884,0.38382334,0.93534833,0.0,0.019497646,1.5717058,0.21255589,0.010036108,0.01038282,0.22696611,0.6399477,0.59844345,3.4197545,1.164996,0.88232625,0.7255311,1.9540482,0.025146684,0.7248169,1.1140578,0.27045965,0.02042628,0.3085579,0.117077686,4.5072474,0.7727951,0.3550732,0.112486646,0.96708584,0.121115506,0.035901375,0.03810654,0.7108645,0.6583056,0.21512234,1.7734405,0.2449859,0.7995289,0.43871096,1.3422776,0.54385424,1.1720374,0.6381803,0.37894046,0.7409567,0.66161233,0.21616976,0.10944498,0.91899747,0.62838453,0.2401826,1.0462378,0.041291293,0.17663531,0.10311449,0.07978162,0.013439292,0.040375423,0.99722534,1.3498504,0.14846131,0.29568517,0.06308826,0.11260103,0.23620759,0.0,0.4996822,0.3575043,0.54674304,0.7255541,3.6549134,0.65600055,0.38368508,0.0,0.21116072,0.9739618,0.27132517,0.4718041,0.021168185,0.018233124,0.91422397,0.0072462955,0.023055715,0.30417556,0.17031841,0.055578787,0.18498869,0.15840635,0.018064316,0.10811492,4.3693743,0.49778387,0.29282913,0.09279621,1.072612,0.0,0.26770043,0.83198434,0.15410772,1.6512108,0.023711784,all_pothole_images\pothole_images_enhanced_1a838af8a12cbe7525f81cb955794b29.jpg
0.22112727,1.892153,1.6037686,2.971135,0.1327457,0.57272065,0.20154457,0.3703252,0.7834526,1.1494392,0.1493679,0.6931379,0.015029625,1.5384595,0.007852792,1.8478913,0.028392665,0.16622494,0.32208207,0.081919685,0.60196924,1.7099469,0.3016906,1.1619381,0.77608097,0.22427383,0.09385638,2.3969522,0.65392596,0.043624625,0.987582,0.16915123,0.31135425,0.484489,0.45773008,1.2668945,0.21345675,0.3891114,0.28508967,0.9511417,0.97803247,0.95442927,0.13833371,0.05561732,1.60068,0.015437493,0.9778254,0.012450735,1.3686987,0.03862492,0.15337835,0.16879351,0.94375855,0.47841012,0.0,0.9650771,0.6458249,0.039103813,1.7746074,1.8578967,0.3748693,1.1552411,0.8195649,0.41744423,0.3791352,1.7320936,0.5389969,0.11669177,0.80529654,0.43005323,0.108403474,0.27744967,0.21642387,0.001887104,0.10325334,1.8033265,0.42300898,0.013952422,0.003573913,0.107750416,0.0049371966,0.39653906,0.9593174,1.3367853,0.3460742,1.0828472,0.1196781,0.116192475,2.2858646,0.7186891,0.0,1.3568342,0.088712655,0.34832197,0.96139354,0.32949415,1.2896419,0.6746829,0.5818242,0.14493679,0.20647293,0.1408029,0.050595477,1.0786837,0.72834635,0.022982074,0.012082102,0.0,0.18703304,0.0211988,0.042482074,4.3829055,0.090488315,0.33648327,0.51612747,0.13885067,0.8114652,0.0072545707,0.9271474,1.521243,1.6874031,1.2430732,0.23457204,1.4504867,0.16517837,2.1591592,0.038198702,0.4346908,0.5029103,0.4678172,0.3727272,0.008752093,0.3477313,0.39582303,0.067149706,0.25068745,0.06576561,0.10565927,0.5328499,0.12336172,0.07679205,1.8680323,0.10988004,0.387851,0.07419389,0.75024426,0.23052853,0.025308635,0.7139596,1.5314417,0.3865413,0.6264998,0.0025238218,0.036081813,0.9658102,0.03084134,0.18724377,0.39239737,0.6494518,0.3294608,0.5531185,1.1213461,0.119257756,0.56858915,0.41660905,1.498582,0.8368561,0.018235574,0.93986464,1.037335,0.0,0.25954753,0.21627022,0.1439011,0.49846655,0.43969554,1.4562004,0.08841502,0.45205843,0.30532086,0.20769201,1.3071052,1.2544512,0.4032718,2.277899,0.73292273,0.23286831,0.6193744,0.749731,1.689696,1.0268681,0.9238839,0.0,0.6267304,1.2225033,0.026152927,0.44109663,3.3351781,1.4741675,1.2845112,0.6383993,0.68879217,0.121852085,0.14239989,2.5133686,0.32657754,0.47582275,0.03264675,1.9404732,0.6559364,0.32093322,0.0,1.9249015,1.2245183,0.52786875,0.96567154,0.04309475,0.23757327,1.4975837,0.69639397,2.2077897,0.23036858,0.82872117,1.7151097,0.32896003,0.34034374,0.16267633,0.021313345,0.35005763,0.8199741,0.3458522,0.5277765,1.1336532,0.26053363,0.8828406,0.36560354,0.59800947,0.0120827975,0.040588297,0.45505092,0.13334523,0.05205051,0.023633553,0.5697133,0.02300606,0.0,1.005025,0.63600004,0.20464046,7.6358852,0.33396253,0.29959312,0.24527653,0.00523026,0.0,0.053333677,2.5722415,1.0633996,0.60542893,3.4020858,0.55509686,0.040144436,0.37319922,1.849249,0.27432707,1.0175984,0.1064411,0.4203647,1.763812,0.7541027,1.8260596,0.28759107,0.13313973,0.7716022,0.81958365,0.9068245,0.71332884,0.15086539,0.24136372,1.074713,0.38139647,1.162556,0.56138444,0.6230745,0.9195893,0.66865236,0.2878041,1.94627,0.5407426,0.6121669,0.012997369,0.019769184,0.15937288,0.9991359,1.2953054,0.10214789,1.2088649,3.1731846,0.783349,1.3258511,0.047631748,0.059720207,0.16638577,0.35947016,3.9767945,0.633107,0.235447,1.1792486,0.22615203,0.060291633,0.09102011,0.3862269,6.5680485,0.30088845,0.21303536,0.63386106,8.396348e-07,0.06749381,1.5546896,0.97416574,1.1718745,0.013252856,0.1202862,0.027013645,1.4548317,0.45283154,0.04625695,0.3255928,1.1450528,0.24088988,3.5956688,0.042123515,0.026959842,0.091843314,0.28478745,0.008185596,1.7429799,0.002598054,0.2976045,0.0,0.35370386,1.6116258,2.9308047,0.36187986,0.3244854,0.8291517,0.0,0.35138234,0.9439769,0.7927425,0.40530407,0.7045672,0.28059825,0.16481885,0.22977988,0.000942077,0.94803315,1.228598,0.12683204,0.9162333,0.2836623,0.11784911,1.4394542,0.015579723,0.0,0.64107955,0.6800811,0.21602999,0.34624034,0.709475,0.27837577,0.77601653,0.28033796,0.030862302,1.3995608,0.9566346,0.10756001,0.59759265,0.04481891,0.15223217,0.30588177,0.11814201,0.9382355,2.4561343,4.4739895,0.72224283,2.0202835,0.047195133,0.69015044,3.6603026,1.476458,1.9889411,0.109668866,1.3851753,0.22420345,0.58978695,0.051331226,1.7009583,0.5574959,0.0448108,3.1819248,0.23832348,0.14874344,0.46769118,0.3586593,0.70804924,0.13935782,0.46307784,0.06187438,0.00030433963,0.0517222,0.41044873,0.765343,0.24287035,0.0,0.0059255944,0.5731585,0.20666316,0.06747549,1.2093376,0.6090721,0.009291889,0.14232495,0.9764281,1.3984972,0.37223205,0.46897724,0.6074469,0.7527809,0.77472746,0.26553345,1.3823137,0.10520364,1.0560405,0.005481681,2.885692,1.9243684,2.316299,0.55987877,1.2004664,0.10817707,1.1454855,0.6341643,0.4561555,1.1022308,0.14136156,0.91611356,0.2426849,0.5470348,1.6528618,0.8111326,0.5278269,1.7559677,0.9555055,0.9182292,0.63836974,2.0357325,0.93578184,0.23087151,0.9720725,0.15855923,0.21446344,0.5608919,0.15037939,0.68835276,1.0877789,0.6895295,0.22553076,0.7437414,1.2444724,0.26660883,0.39063612,0.05550522,0.08108569,0.13983741,0.0,1.2417188,0.2542458,0.75765085,0.020367349,0.4165188,1.8327075,1.8188524,0.37632766,0.0,0.25337532,0.42834768,0.16607933,1.742292,0.04625486,1.1442697,2.2810771,0.03690055,0.0,0.014358506,0.2050527,0.73002404,0.06969601,0.2668559,0.27418855,0.10575029,3.867211,0.6457781,0.025839904,0.24872342,0.29099196,0.082236655,1.1035756,1.0703478,0.3388241,0.91322744,0.122468166,all_pothole_images\pothole_images_enhanced_1ab427ee90433f0c83c83e4b864e0db2.jpg
2.7583163,0.97885114,0.69866586,1.2791973,1.1056414,0.2665412,0.98601496,0.5868917,0.5810549,2.2895458,0.72161233,1.7808207,0.077566765,0.81815743,0.52792776,0.0,0.38153917,0.118699715,0.72821677,0.55315614,1.2192109,0.07505654,0.23803933,3.1195984,1.4642228,1.1673845,0.6749135,1.0845147,0.71247315,0.054275036,0.86924106,0.27193797,1.3625525,2.9233031,0.3494539,2.2711751,0.50971544,3.021382,1.3334867,0.7749803,0.0369665,0.86539227,1.2376481,2.65314,0.7658226,0.2946161,0.4514773,0.41771883,0.70216775,1.1630071,0.8295203,1.4396662,0.49955586,0.07226152,0.42117596,0.6672964,1.0964849,0.61026365,0.48783556,0.20659162,0.22493047,0.003632397,0.7807826,0.92592305,0.8449483,1.5867914,1.2847265,0.5968398,0.09289062,0.017311426,1.3445278,0.078332916,0.3016241,0.30124083,0.16545042,0.8042175,0.74879926,1.9638603,0.057546467,0.44071922,2.075327,1.0342325,1.4048133,0.4526346,1.1064297,0.38323987,0.4806862,0.21974196,1.8252722,0.6047859,0.03534417,0.04059392,0.32314393,0.068035975,0.26419485,1.0651966,1.057008,1.6509765,0.29926094,0.68875,0.2984434,2.1890342,1.121381,1.1361022,0.4710153,0.32489607,0.14072387,1.1261678,0.6320902,0.7991413,0.18223374,1.2001189,1.8676393,1.7858955,1.840659,0.7295507,0.963101,0.0030077721,0.972824,2.1222339,2.784175,0.51600355,0.49426234,1.5501872,0.53670776,0.4746639,1.6581919,0.802724,1.8484448,0.677549,0.6319355,0.06745243,0.12421398,0.10860654,1.6684287,1.2984781,0.7114655,0.85424274,1.1597724,0.12802877,0.4387906,0.75974405,0.56035864,0.13767183,0.49999774,1.6168244,0.19677131,1.2037333,0.18109442,0.23433772,2.1449904,2.5064652,0.22049458,0.020022552,1.4207764,0.80340624,1.3208253,0.15810448,1.4532348,0.091483526,1.736102,0.7933001,0.21419775,0.49311057,0.34708342,0.90679306,0.13670518,0.16112871,1.0605712,1.192693,0.94658905,0.586248,1.0572954,0.23680589,0.41046056,2.9797704,0.8352944,0.44526926,0.3416806,0.21448343,0.6367192,1.7019893,0.68512595,3.856942,1.4340512,0.9725426,0.0,0.77568877,1.0463271,0.44656223,0.6902886,0.058589887,0.47325274,1.2691654,1.3083512,1.5129468,2.4918594,0.12092699,1.0026041,0.87046546,1.4423457,1.0509944,0.20662591,0.054315686,0.5481569,0.41425455,1.5262138,0.1461051,1.0206815,0.4046531,0.115990594,0.21395919,0.009399551,1.3136517,1.3976976,0.9972388,0.78006196,0.32398623,1.7705355,0.07361691,3.149756,0.07048745,0.19739996,0.2796818,0.038659487,0.123958156,0.4701298,2.7812681,1.1963261,1.9962561,0.25681219,0.02366055,1.7860675,0.54811704,0.24974422,0.049236257,3.8277488,0.8367878,0.09064431,0.11596569,0.4759414,0.40585804,1.7800552,1.6682998,0.33496603,0.0052163918,0.58236974,0.17274997,2.3734643,3.7568748,0.547369,2.010243,0.21268852,0.17527607,0.7417484,0.61882967,0.35445106,0.10689679,0.10808672,4.5497117,1.041294,1.7913322,0.642911,0.11384026,0.5261388,0.5311139,0.9398713,0.48684698,3.7924178,0.46031997,0.16468297,0.021481566,1.5229504,0.44302872,0.81073254,0.5478379,0.3019383,0.48009294,1.7315761,1.0141926,0.21274017,0.493141,1.7092077,0.57928854,0.33380672,0.7957114,1.3867549,1.0226303,1.6649472,0.0,0.49908936,0.32600623,0.5304936,1.0889693,0.21030919,0.34494618,1.0866783,0.035192184,0.27841258,2.5016534,1.081522,0.29947323,0.49777633,0.15889993,4.578838,0.23154125,1.2374624,0.0,0.35574576,0.7073169,0.43754184,1.6491488,0.95956767,0.5613422,0.96466535,1.3968186,0.27096647,0.5651714,1.368145,0.65471274,1.795928,0.14294663,2.131134,1.2156748,0.056765486,1.2270293,1.3672582,0.38820654,2.4944108,0.0019927206,1.0759987,0.37162927,0.03393289,0.06795991,0.024990086,2.372885,2.3697147,0.09671431,0.43582076,0.5405596,1.4958353,0.66189444,1.2851757,1.0537132,1.3893117,1.0678251,0.74729013,0.29587254,0.42176017,0.37486294,0.35832003,0.46175656,0.0068187797,0.48747045,1.6293449,0.10171693,0.5534784,1.379386,0.4431739,1.0896151,0.5568406,2.0445094,1.3592099,1.2019905,0.06598933,0.19493344,0.7699717,0.23204646,0.74763846,1.7069511,0.98801947,0.42012244,0.37410152,0.05544152,0.22733162,0.30175605,0.41384098,0.19965117,0.32456654,0.7855891,1.7274467,0.97378284,0.60762185,0.5140856,2.315738,1.8444546,1.5161918,0.6226998,0.08357451,1.1452312,1.276824,0.85095984,0.07555781,0.344108,0.017097853,0.54928946,2.6561952,0.11693002,0.41123924,1.2306117,0.09739186,2.8607862,0.87380815,0.5642967,0.12325852,0.96499306,3.5949183,0.291323,0.9088882,0.14610544,1.2325841,0.4048435,0.0472857,2.9267304,0.08056647,1.0318476,0.07567746,0.5189349,1.3778266,0.39954415,2.5145097,2.2309258,0.7386383,3.0854273,2.8151095,0.008871122,2.3778455,2.5054379,0.18179114,2.1198082,0.045118887,0.21230891,0.38757044,0.91242063,1.3655931,1.719106,0.0,0.5968611,0.004085873,1.4293371,0.49176776,0.10613404,0.08942983,0.8620867,1.2776698,0.04214375,1.3294328,1.876291,1.427867,1.6274024,2.3497446,0.72632277,0.6682901,0.17216957,0.31162322,0.10481278,0.9754796,0.21896562,0.46089616,1.0288126,3.5236256,0.83974034,0.7153426,0.540265,0.29778498,0.56613684,0.36839083,0.0,1.1889449,1.0605916,0.026380977,0.0,0.2196703,0.5022681,0.76799697,0.05796396,0.6723557,2.174624,0.2911368,0.11962835,1.4675478,1.9704938,0.32321012,0.8225492,0.9844153,0.036091357,0.9254301,0.22381201,0.12483894,0.023988577,1.0013186,1.8277969,0.027899932,2.030409,0.21095034,0.1804572,0.18777673,0.20473915,0.89080894,0.69070464,1.5761435,4.0573034,0.07431914,1.2931887,1.5858572,2.7026575,0.6833596,0.853598,0.8497841,0.43589413,0.3829061,0.102684855,all_pothole_images\pothole_images_enhanced_1b22e0fc630d8ffbb790d3b87d427114.jpg
1.1276048,0.37152573,0.4791382,1.5448521,0.8998203,0.09019779,2.0438647,1.5783184,0.4829783,1.1920506,0.92753726,1.2917188,0.857808,0.9098447,0.012014831,0.78191656,0.37970594,1.34515,1.175967,0.5786272,0.0,0.7193532,0.70498353,1.6188171,0.02784142,0.69551605,0.6448027,1.4231237,0.07475263,0.2960376,0.18279395,0.002528803,2.35051,1.9754956,0.30417925,2.2754335,0.0022177978,0.86746866,0.15489294,1.6087301,0.011265731,0.2256226,0.0,0.56699675,0.12782939,0.84319353,0.763075,0.16746496,1.8265119,4.280428,1.4368553,2.5610373,0.19216308,0.5826214,0.6341495,0.8879639,1.5433366,0.398074,2.2754953,0.04625235,1.4078522,0.09243745,0.8824863,0.42516452,1.2215242,2.3747907,1.0397289,1.051516,0.8223363,0.31249714,0.0,0.18921101,0.116221696,0.10215756,0.964541,0.104729384,0.18184759,0.6711774,0.0012701257,0.81302094,0.100718416,0.8260453,0.5805173,1.3232243,1.4907157,0.91842616,0.25785446,0.30155665,0.59321976,0.75457865,0.59273916,0.11562001,0.16065174,0.052320153,0.011040832,0.2854303,1.1316953,1.8908337,0.122737266,0.0,0.084323384,2.0315428,0.37829682,0.3953797,0.5219071,0.4983007,0.5029982,0.40325755,0.16447577,0.7914663,0.28048617,1.5280815,0.17383622,0.650878,0.8658578,0.57399887,1.9347503,0.66184473,3.6506805,0.8539388,0.47240975,0.5549826,0.4314825,2.3770695,0.5607399,1.3540522,0.44568422,1.1108464,0.76792437,0.0025318633,0.94897723,0.025083782,1.0807481,1.0838507,0.13389008,2.3513772,0.0813429,0.40717447,0.9596257,0.46333408,1.6302102,0.13308342,0.42290208,1.4245973,0.48897195,0.06652687,0.0,1.1202109,0.2030419,0.27743095,1.3917009,1.5621599,0.9544004,0.028486714,1.1951964,0.51174855,1.912778,0.10522238,0.91468936,0.62023246,1.2805405,1.6199205,0.0015671309,0.73994493,0.29070592,0.10081359,0.5257276,0.18602009,0.85586095,0.9278842,1.0474402,0.003767172,0.02785264,1.1806704,1.2706168,0.28972036,0.044858236,0.0,0.44196892,0.22272797,0.087963395,1.2150753,2.3187032,2.2738879,1.4154888,0.11058989,0.7013524,0.39172044,0.73235476,3.0886528,1.0012349,0.13827848,0.17507459,3.0446315,0.03891503,0.4537655,1.2915391,0.5604708,0.029656863,0.65301967,0.0,1.7980827,0.89331883,0.2817918,1.8404846,0.6225186,0.72139907,1.1206772,0.8189088,1.3738614,0.051010832,0.34719458,1.0702555,0.7781968,0.20929027,1.4381896,0.90371627,0.16834551,1.5235374,0.19424486,0.14200486,1.682742,1.4148744,2.5119743,0.0013833861,0.055058304,0.38226524,1.6561916,0.8051658,0.84383065,0.14747036,0.043964893,2.1824756,0.23760048,1.4849814,0.16686873,1.235252,0.1693034,0.14310457,0.07892738,1.4372238,0.12490972,0.16011561,0.04459569,0.015526877,0.002700827,2.0936024,0.39175314,1.8854871,4.1089835,1.7536188,0.8609531,0.072417766,1.1159475,0.12174647,2.2550035,0.0585934,0.04129722,0.20893675,2.0238106,0.38377562,0.6395307,0.32494384,0.7262953,0.24636218,0.44439012,1.0438423,0.5424365,0.9355754,0.26490688,0.2997457,0.0032037997,0.048289847,0.9839301,0.73803926,1.7681246,0.40084913,0.47082743,1.4150087,0.1461474,0.92129505,1.2935475,0.44137666,0.4170138,0.3049252,0.6588549,1.23732,0.2454876,1.8050654,0.52649975,0.6293545,0.43673122,1.1698695,1.0898198,0.31078836,0.031382363,1.2876548,1.9813844,0.40629902,1.5482473,0.02972736,1.1411229,0.22264452,0.2577797,2.8549147,0.44182166,0.38600013,0.27915737,0.19081351,0.7284712,1.0623248,0.4789301,2.2664635,2.3559875,0.58775634,0.4491618,0.01998943,0.4532455,4.6808596,0.10764991,1.959786,0.46742216,0.4489935,0.30997446,0.9071218,2.2025006,0.67106426,1.3791176,2.7641034,0.18732205,1.9547526,0.61365795,0.7426123,0.02812845,0.12448295,0.24239962,1.8279485,0.47412148,0.11297177,0.28812507,0.9070168,0.30068943,0.58968604,0.25490475,1.2909002,0.7729007,0.15975,0.021241078,0.010515115,0.6352445,0.5992259,0.7037903,0.13656116,0.3144081,0.2139061,0.8723155,0.50220734,0.66713774,1.1879699,1.8103173,0.6033639,1.3232082,1.4527661,0.20512238,0.0,0.9945159,1.8265142,0.3887719,0.15900588,1.203714,1.3015548,0.26561558,1.0773379,0.3788808,1.3191056,0.81455714,1.3804942,0.37664086,0.070432834,0.86921376,1.3016883,0.220482,0.20697454,0.72609615,3.2548292,0.22413816,2.3023012,0.12721516,0.21226221,0.71871495,1.8576052,2.1397636,2.563638,0.6748358,0.46695724,0.022125859,0.3245802,0.0344784,1.3393139,0.0134823015,0.8304215,0.8730111,1.2264217,0.59693325,0.47638965,0.0,1.1645997,0.1617574,0.16812864,0.14271569,0.17092846,2.6079023,1.3652451,0.9272724,0.79507035,0.0,3.1170301,0.005592351,1.7396184,0.47227943,1.3830725,1.4533516,1.9953438,1.6171453,2.1006546,0.7603954,0.7562012,0.84436935,0.0,1.029785,0.25905237,1.7908504,0.26191273,0.7884992,0.30910283,2.9249837,1.3857499,0.14376833,0.2825517,1.4796611,0.09565453,0.34447524,0.4416017,0.43826738,2.1657438,0.42777327,1.404209,0.40209714,0.051730223,0.97024804,2.3058927,0.040368207,0.74936026,0.3854674,0.43689096,1.0402397,0.078311265,0.19889352,0.4743519,1.2300806,2.1081119,0.40977764,2.0641654,0.5104856,0.55005515,1.3519386,0.85410917,0.045224443,1.3870093,0.8905163,0.3714208,1.440709,0.0013386465,0.34863597,0.11774801,0.2043544,0.07400297,1.0589763,0.4632359,0.13069801,2.0457904,1.2843727,0.981658,0.5917742,0.11692006,1.057928,0.85255384,0.5902489,1.2107152,0.10984742,1.529259,2.1805444,0.65487653,0.3268694,0.66712314,0.03410931,0.15593545,0.23128651,0.4169082,1.0523343,0.71965975,5.915719,0.30017698,0.50488466,0.20234266,1.1731303,0.042861544,0.29419962,0.16476142,1.0328691,1.0668305,0.17563245,all_pothole_images\pothole_images_enhanced_1b59e6ec3133404cf7793b28dadf725b.jpg
0.50796753,0.33402112,0.053945433,2.1087468,0.984116,0.10639118,1.4725087,0.13018122,0.9634762,0.42908865,1.4510037,0.6951012,2.0638359,3.2520926,0.9285543,0.96946746,0.116827816,1.7524928,1.15922,1.3806541,0.3195758,0.51953363,0.41366544,0.40346527,1.1280487,0.8130112,0.15419047,1.8145885,1.2521528,0.4571951,0.31027457,0.91425806,0.42284462,0.38118273,0.04234136,1.162803,0.009656434,1.3410339,0.55893755,0.037320673,0.1780725,0.34843752,1.3024846,2.1042328,0.6333631,0.3232879,1.0523516,0.074092895,0.60108256,0.04583488,0.9608466,0.4405688,0.5881441,1.1455076,0.8130732,2.5786262,1.1158208,0.4832917,1.008909,0.74925244,1.1468341,0.95180416,1.9076419,0.32817447,0.8604846,1.9585032,1.1727928,0.9814029,0.202964,1.4154215,1.4565604,0.52077943,0.46332297,0.60359836,0.37403175,0.118887715,0.41038182,0.7167407,1.1551741,1.2305112,0.002126372,0.03528916,0.8001737,0.8373595,1.0036852,0.5326211,1.2733054,0.0012780201,0.88952684,0.5107453,0.6151039,1.3715374,0.7242363,0.7547257,0.8427757,0.31516492,0.5532494,1.4936209,0.13020486,1.5777918,0.6557463,2.2545755,0.46635008,0.54217744,2.1635058,0.14579667,0.83841854,0.012734517,0.19055462,0.34707507,1.9168371,0.92722756,0.64652383,0.42544103,0.39202422,0.7996886,0.016669005,1.0117157,2.723618,1.6071637,2.586299,0.4695712,1.2939025,1.2250782,1.9890089,1.4137031,1.8357189,0.3220532,0.040078953,0.7562432,0.733962,0.5266929,1.3417208,1.3693779,0.15968488,0.537298,1.1078681,0.5536631,0.6396802,0.6153485,1.602737,0.61146057,0.9802905,0.6832588,0.23890921,1.3683976,0.0,2.0837934,0.67945594,1.19689,0.4899389,1.4786792,1.1268281,1.0289514,1.8669446,0.43292078,0.56755894,1.1668944,0.53107363,0.5056057,2.0453525,3.1656253,0.15530421,0.6192046,0.58467966,0.50587565,0.26291972,0.30621162,0.93704206,3.713978,1.0085534,0.37508333,0.043603405,1.4501125,0.67662406,0.8983132,0.6380801,0.20291196,0.44766733,0.2858603,0.6972773,1.2365332,2.01917,0.48473373,0.30418158,1.0432466,2.1116104,0.88405377,1.2091448,2.0517886,0.497943,0.9803094,0.13426495,0.9375654,0.08203946,0.08956407,3.005773,0.56861556,0.49742603,0.84080976,0.5096464,2.2965178,2.1273315,0.8013462,0.5961882,0.19777237,0.2513726,0.2055123,0.8048183,1.3347968,0.3395613,0.10106163,1.0900018,0.048599564,4.191708,2.6424298,1.8060832,1.556862,1.7629508,0.34951636,1.6814961,0.5357954,1.2146031,0.5864092,0.002280594,0.23347515,3.269747,2.2332458,0.52063316,0.5720393,0.3338071,0.11513592,1.4916672,0.3282398,0.28013963,0.11465468,1.452098,0.5074588,0.21046108,0.58155376,0.9342571,0.5066663,0.16325176,2.512762,0.034686208,0.026430069,0.9823162,0.318954,0.7224856,3.7498336,3.1140995,0.034805153,0.66178894,0.18702027,0.59693134,1.91845,0.38621414,0.108006604,1.1411645,1.7563787,0.83342296,1.0211827,1.1104991,0.8010114,0.119206235,0.8148433,2.2511039,0.23605432,0.93861794,0.061710645,0.34180528,0.92536193,0.73748267,0.07225384,1.1945467,1.8317089,0.26965982,1.3242368,1.8100942,1.0652812,1.3158772,0.8676863,0.9865145,1.0859249,0.36477596,1.4314284,0.8857079,0.45603397,2.5982208,0.5014842,0.094847776,0.70197815,0.6549358,1.0038794,1.1939563,0.32542914,0.023501575,0.51760876,0.029332062,2.0680454,0.43500176,0.40118784,0.7238467,0.19093761,4.083386,0.1300335,1.0452524,1.0459802,1.3778808,1.4799186,1.9380422,0.9062251,2.596638,1.1847552,1.7407854,2.7669935,0.972356,0.9738907,3.366556,0.3398093,1.7726955,0.32583073,0.76469064,1.036035,1.0281754,0.48443836,0.8328988,0.05483615,0.87064606,0.22604182,0.6789312,0.06706008,1.0349106,0.759628,0.31003365,0.22245617,2.4150512,1.9864888,1.2830336,0.8626221,1.0536655,0.42721862,0.9653264,1.778467,1.1199354,0.32049376,0.67336005,0.264112,0.6068245,0.3672638,0.5224957,1.1737125,1.0790006,0.2515482,0.13316008,0.4219375,0.051138245,2.083397,0.85823774,0.62415767,0.4114348,0.38737604,1.4066885,0.30350843,0.2921251,0.2925442,2.0184581,1.153904,1.2383205,1.3282162,2.0763357,0.14077547,1.4515495,1.3520772,0.5084443,1.6236308,0.057708155,0.35867286,0.6854511,0.21873446,0.41900206,0.23668113,0.6774457,0.7095584,1.8439567,0.7026774,1.5531948,0.2950213,0.23759723,2.0907128,0.28612584,0.19467656,0.30888322,0.5041102,0.022853598,0.004879487,1.1362722,0.5920461,1.1093335,0.46589753,1.2204417,0.7829759,1.3445115,1.2177091,1.9655418,0.8347052,0.94896686,0.70297974,0.49525124,0.0,0.5929602,0.8482288,1.0038251,0.87438965,1.1989623,0.19902548,0.110039085,0.6834175,0.98287636,0.031025514,0.94120026,0.8403482,0.25469348,2.8124104,1.8482575,0.13655128,0.5906873,0.002243273,0.22124083,0.4577284,1.5467364,0.38513368,1.3021129,0.99060774,0.5054602,2.6559718,0.35449016,0.9024671,0.01602796,0.032362863,1.3953726,0.9331658,0.1436999,0.042679597,0.50551564,0.16610414,1.3263444,1.303049,0.4894622,0.23926984,3.978399,1.1115037,0.3642797,1.0887405,1.7549552,1.3310069,0.22815765,0.25982112,0.14356042,2.848397,2.5208771,0.09455988,2.0118647,0.92840046,1.5207253,0.5519265,2.1473746,0.32463232,1.6578242,1.2462946,0.43840295,1.2027274,0.14285967,1.2470168,0.94174206,1.1127652,0.85752463,2.0902069,1.7165929,0.26239914,1.1444561,1.6286343,1.7617937,2.1303656,0.0,0.93652076,1.375949,0.265707,0.43100217,1.1397955,1.1281832,2.4960175,0.2644259,0.2972131,0.4856194,0.41409153,0.16356571,0.043713346,1.0349885,0.3463669,0.61019826,3.7446082,0.43062046,0.8696519,1.3673626,0.39839464,1.3332933,0.38202986,0.39517,0.36321008,0.054518797,1.0802029,all_pothole_images\pothole_images_enhanced_1bc16b039b2de693195c65d8d2c8cf27.jpg
0.053369824,0.97376543,0.063241705,1.299082,0.9629177,0.0040749838,0.3230362,0.24974248,0.44394752,0.25345063,0.0,0.054323826,0.0,2.082995,0.022265937,0.048482914,0.3506443,0.5044062,0.055917777,0.17801231,0.1161681,1.4049542,0.0,0.023352614,0.035381533,1.3181134,1.075261,2.481575,0.103404716,0.13731228,0.87475854,0.015330523,0.36495534,0.2494546,0.02089975,1.0321702,0.028603796,0.55959606,0.5465182,0.30801794,0.0,0.0001670563,0.0,4.067507,1.0757328,0.02672429,0.025257368,0.096881784,0.50805014,1.1833478,0.36125502,0.334381,0.6843745,0.023755265,0.0,0.743601,2.7971396,0.5263365,0.1524339,0.0,0.0,0.057822227,1.0484941,0.5613566,0.06810137,0.72254914,0.674219,0.67324126,0.10912236,0.5410812,0.11362217,1.9177511,0.022850905,0.017428814,0.13264833,0.0,0.016189812,1.1599249,0.006090794,0.05451441,0.086262465,0.31251213,0.34803835,1.8752489,0.37582386,0.0,0.2726532,0.042353112,1.5479631,0.0008279734,0.0015746534,0.24067244,0.12955593,0.24443634,0.08205323,0.04741879,0.44311333,0.21113436,0.5806253,0.004471147,0.0912345,0.42136484,0.15577792,0.23674038,1.2275968,0.11977461,0.02874968,0.0,0.2917561,0.0,0.0,0.3870053,0.5139056,0.019025128,0.604181,0.0047243107,1.4111384,0.3518077,0.48221043,0.19775048,1.1518186,0.23912203,0.092096485,0.24843282,0.33847037,0.22050597,0.0,0.117424555,3.8113723,0.05925743,0.40929848,0.080732234,0.030374661,0.023606867,0.7931991,0.2059091,0.0,0.02337769,1.7270645,0.4474163,0.58092886,0.026798077,0.58975947,0.14484368,0.0,0.73166627,0.28173336,1.6281662,0.95536613,0.0959554,0.16246219,0.25313243,0.0,0.19125609,1.6720746,0.2669141,0.018408982,0.010649136,0.4685247,0.2955677,0.6534851,1.8594815,0.30009627,0.41929513,0.24989857,0.0,1.3947552,0.20112821,0.11557449,0.14369367,0.0070345188,0.060015026,0.0036598465,0.0073917196,0.21227369,0.050984263,0.6628455,0.002308658,0.5348575,0.0055663288,0.01517108,1.2935101,3.758373,0.059953514,0.7317572,0.8400854,0.18473181,0.14595978,0.05745006,0.50591385,0.2812999,0.21294996,0.034506314,1.0727749,0.08939328,0.0,0.31253442,0.03216593,0.025079576,0.24079996,0.020680467,0.12064585,0.44525656,0.5707762,0.15993273,0.044452257,0.2400804,0.060871195,0.528033,0.028107317,0.0,0.024957977,1.9126923,0.028177168,0.37096804,1.711961,0.072498254,0.46661258,0.38592714,0.27070916,0.5413939,0.01979334,0.038667653,0.18303327,0.00061478297,0.0,1.1063448,0.06482612,0.0486585,0.32290375,0.0,0.0,0.17682528,0.0,0.85413563,0.0,2.1896489,0.020237656,0.051911548,0.34475163,0.0038497848,0.32438657,0.17168935,0.14977095,0.018860491,0.0102821505,1.6281469,0.004718109,0.32353005,4.817678,2.055652,0.06344274,0.14395264,0.49100918,0.012889806,1.6793892,1.7462896,0.03058274,0.39580095,0.4962684,0.00642498,0.5245833,0.39224324,0.0022305246,0.49142104,0.48351198,0.07727855,0.39697647,3.570678,0.0,0.010743243,0.04660999,0.18626034,0.04362194,0.30421,0.100495435,0.016444527,0.79214835,0.0035663599,0.6487765,4.907457,0.10643938,0.18643974,0.45621368,0.24578369,0.6201356,0.045847163,0.025077289,3.2985833,0.11596495,0.0008112763,0.0,0.11856507,0.45171192,0.0683149,0.22266746,0.0124573,1.1072726,0.29557773,0.6041741,0.13794565,0.455805,0.011487366,0.09090121,10.472725,0.18256997,0.0,0.34123597,0.0,0.43202955,0.024810577,1.2407987,0.8660548,0.43101895,0.66587347,0.06276867,0.04369111,0.4772271,1.7965069,0.09031529,0.35517338,0.0003940389,0.06322072,0.6947459,0.22593187,0.4352331,2.0679781,0.016472084,0.54883915,0.2996067,4.0862684,0.034303766,0.12128639,0.0038179944,0.23679964,0.018208947,2.0112445,0.1685971,0.1256134,0.0006892128,0.18705352,0.8438701,0.3025378,0.92700285,0.72242427,0.10006227,0.0,0.41519624,0.63418996,0.66395235,0.6752679,0.34469405,0.22887245,0.29206637,0.11932844,0.05814661,0.061916992,0.3683346,0.4879714,0.00015039879,0.0,0.027588766,0.29120794,0.1865703,0.0,0.028134163,1.1872423,0.6014174,0.21968213,0.41185904,0.24701706,0.0,0.78867656,0.0,0.42087394,0.4557125,1.063503,0.0050381883,0.26583523,0.17784332,0.1277214,0.02185646,0.021020247,0.37198767,4.9892335,0.21044664,0.24244106,0.0030792537,0.0,0.023796137,0.20131297,0.13619275,1.4634148,0.3024484,0.10327028,0.0,0.2602203,0.33896133,0.122791655,0.47042605,0.69775885,0.10212638,0.15268423,0.64320326,0.044159178,0.35675296,0.37935334,0.91203755,0.004152906,0.11165546,0.06738695,0.8918437,0.061104853,0.11524463,0.060656853,0.09099303,0.2082697,0.4042347,0.31845227,0.0032644754,1.0396148,0.8394186,0.39695388,4.053783,1.6678154,0.7756262,0.85479057,0.07385732,0.0026300722,0.7352575,0.19662885,0.15984003,0.006507395,0.0,0.54583377,1.6817552,0.007485889,0.07359488,0.010451686,0.37816238,0.040161394,0.29390326,0.061495323,0.30152678,0.3470768,0.68481404,0.6648886,0.14914188,0.21506211,0.11294226,2.1310852,0.35864824,0.009765335,0.21029826,0.5104488,0.38883138,0.0,0.40247896,0.005924042,0.08362135,2.2950957,0.028721249,0.74398303,0.0,0.3963527,0.0,0.025301758,0.0,0.34999418,1.0179545,0.1654244,1.5826743,0.2566362,0.06021074,0.22338691,0.664235,0.0,0.2949749,0.3371389,0.0033855638,0.00063673576,0.89838624,1.0903102,0.0114236,0.1570699,0.0,0.6714125,0.33900902,0.6262808,0.0,0.0002595887,1.3904027,0.6131117,0.0,0.009177742,0.0,0.20063013,0.42255038,0.06583449,0.19238663,0.0,2.74427,0.2554709,0.7034873,0.09891149,2.406137,1.7645289,0.09975456,0.097031556,0.3440526,0.14411823,0.12959453,all_pothole_images\pothole_images_enhanced_1be66c219365ca76a6cc131584cc1b65.jpg
1.1124845,0.42688814,0.023336954,2.4470077,2.532724,0.091358416,0.091945656,0.03991953,0.4671419,1.265287,0.4413531,0.1026469,0.0,2.080777,0.4123666,0.26981282,0.086994246,0.5691272,1.3042057,0.51590633,1.5435442,0.45233276,0.092750534,1.787204,1.7742839,0.39737105,0.27936152,3.274052,0.49414942,0.17726701,0.48969442,0.17736979,0.19760382,1.0315104,0.09628631,0.83903,0.81386393,1.3016865,0.81491536,0.32941073,0.02289641,0.07935791,0.2600762,1.9997169,0.76157355,0.30496603,0.06976128,1.0885286,1.327704,1.2716235,0.49834645,0.21440955,0.09433063,0.00013441333,0.10288522,1.2303855,2.1699038,0.5510886,0.0,0.10779159,0.068095535,0.35094318,0.2811716,0.13221994,0.89241666,0.41099688,0.10745138,0.14829361,0.034686387,0.009962751,0.48580378,0.24640583,0.56228507,0.15614146,0.45025286,0.32459655,0.015006355,0.75988775,0.036519114,0.60986686,0.05687024,0.21862972,0.5305415,0.6036007,0.19722007,0.0,0.11257584,0.029138818,2.66177,0.048109293,0.24180695,0.1103571,0.6364752,0.108584754,0.53253704,0.11858909,1.5632769,0.36707476,0.6462443,0.9928664,0.07392715,2.8294017,0.4389213,0.061184328,2.3597667,0.22796588,0.17016913,0.1171094,0.083716534,0.6980563,0.0,0.6801711,0.13413806,1.006053,1.5728619,0.26536742,0.0506636,0.3751249,1.3703445,1.488768,2.6475606,0.8205018,0.044416223,0.31897455,0.55667204,0.4499953,0.39758822,0.9509817,0.6591882,0.8492986,0.059084848,0.010260937,0.058253653,0.091833115,0.24542104,0.39178532,0.17730866,0.36325154,0.060088906,0.09504402,0.14090973,2.0107403,0.30586463,0.51954776,0.17602615,0.5677479,0.48557934,0.8115063,0.10183412,0.29668224,0.38116467,0.16931172,0.12184618,0.95696723,2.1270049,1.3746166,0.7164853,0.34124565,1.8165481,1.1148607,2.4734762,0.8607604,0.9879792,1.1754631,0.7719097,1.4158067,0.29678345,0.18278436,1.3032738,1.3704821,0.1029221,0.3186775,0.07455501,0.6451192,0.11320232,0.7078617,0.27819908,0.0,0.0010060357,0.09490703,0.061232034,2.5176654,0.3598357,0.76878023,1.4174924,1.2611955,0.026131013,0.005065941,0.35612145,0.60707504,0.0,0.84820586,0.44623846,0.6066303,1.3063868,0.98332274,1.0003281,0.19014958,0.46066132,0.93334556,0.7343719,0.73507214,0.11969122,0.2313086,0.06952282,0.3734081,0.3700736,0.32655862,0.9353069,0.30648234,0.0,0.049988538,0.93506914,0.67304236,1.8477805,3.2442021,0.24159625,0.016266061,0.9800829,0.9552669,2.3325853,0.0,1.2457224,0.3937982,0.0079945475,0.049801555,1.4829758,0.38721797,2.2194517,0.44358507,0.6563973,0.0,0.6956161,0.64636916,0.20121838,0.21140343,2.5544229,0.6827485,0.2611281,0.019537674,0.06367181,0.37895003,1.8212292,0.61954284,0.41509196,0.0005332872,0.5729213,0.47960743,0.41731992,5.077645,1.4522349,0.4453638,0.8464995,0.37432352,0.6156284,0.40125635,0.1032038,0.6529254,0.5034322,1.9023671,1.029892,0.06369374,0.5986692,0.14913514,0.3285264,0.55717134,1.6403083,0.023353443,1.618356,0.13041729,0.4952971,0.0,1.7736727,0.029286815,0.1016266,0.18284409,0.0,0.80446124,0.5611881,0.3693704,0.45504177,0.8007968,1.4256803,0.0030782868,0.4568732,1.4255768,0.7050942,0.31912154,0.77642804,0.49153036,0.02233719,0.37139103,0.08813455,1.8831488,0.67379683,0.25181755,0.55399114,0.0,0.017729111,3.2120004,1.4234564,0.56731933,0.00055994367,0.31344756,3.186828,0.013540777,0.49981883,0.117113315,0.7260817,0.13320683,1.2891383,2.6818867,1.5814801,2.4680371,0.7571277,0.19745353,0.006189695,1.0340784,3.4805863,0.28732023,0.24362099,0.19255066,1.0288329,0.8234038,0.22408065,0.15046602,1.0203582,0.06253712,0.17878096,0.66184086,1.5550085,0.09859591,0.09147796,0.102090836,0.036059067,0.12694289,1.419988,0.9383302,1.3759643,1.6156329,0.79591507,0.0,2.8689656,1.4772236,1.6649661,0.0028555098,0.51547605,0.92747104,0.089801125,0.0,0.12148769,0.18121976,0.23517978,0.45572332,0.09483669,0.018117456,0.047050048,1.7165284,1.2679822,0.5660208,0.23032902,0.53085685,0.5505726,0.7258391,0.15564165,0.40767223,1.2921042,0.04994168,1.1008478,0.33130673,0.6978501,0.31116802,0.33489886,0.06753786,0.054078754,0.2819705,0.031167414,0.0069264313,0.018773004,0.72532654,1.1808789,0.19458078,0.026441343,0.73407376,1.5495753,0.21039355,0.1902344,0.004353506,0.049970333,1.3606801,1.3725092,0.97459894,0.3319741,0.31075236,0.0,0.08745036,2.612476,0.5204064,0.33324677,0.4706884,0.4468905,1.947913,0.6557513,0.30507374,0.39554596,0.41758758,0.8335892,0.18799834,0.6423839,0.054833196,0.12754802,0.19675401,0.0,1.5337591,0.005630757,0.68995064,0.9394657,0.5382728,1.2320695,0.0,1.8166382,1.6725464,0.03172254,2.6902204,2.4991646,0.17737886,1.512143,0.097089335,0.4629171,2.1638646,0.35228086,0.6247075,0.70426035,0.4592598,2.5846941,1.3911256,0.20234054,0.33903027,0.13407274,0.20529766,1.7618319,0.21105166,0.07482212,0.10675039,0.08464683,0.00059187185,0.55931544,0.6363014,0.25419584,1.389111,2.6389692,0.7819103,0.6368923,0.29844576,0.18683083,0.61763144,0.699551,0.0008905332,0.48193413,2.8230093,3.0645115,0.50000256,0.38560525,0.0,0.59564734,0.0030260945,1.3914455,0.0,0.34933114,1.1832983,0.5698494,0.65275484,0.0465803,0.08336582,1.9765815,0.045557246,0.71010524,1.6128776,0.85408884,0.12268179,1.3372016,0.98923546,0.5827691,0.6917077,0.81592226,0.10473264,0.266781,0.059289552,0.11642086,0.00062765856,0.17535123,1.7355957,0.1965264,0.0011896627,0.09283816,0.00059522776,0.30319974,0.099896714,1.0231161,0.08137805,0.15274088,3.4498608,1.797959,0.114092015,0.54107326,1.4674054,0.4193967,1.1073272,0.14947058,0.583396,0.15957212,0.0075451285,all_pothole_images\pothole_images_enhanced_1cd5c450a2612b8a21e8f1b428cefe5e.jpg
2.2157288,0.6801641,0.4054303,1.575994,0.117599465,0.048502788,0.65605557,0.0,0.30836433,1.1932652,0.09575069,0.8224165,0.23701012,0.33123258,0.119073376,0.4401106,0.059025023,1.9284619,0.51515883,0.14649722,0.14135386,0.10994524,0.19953574,0.77844924,1.4799144,0.5605938,1.7685275,3.0073688,0.16415031,0.0,0.37788928,0.21787398,0.02117745,0.4253437,0.46692777,0.5775615,0.9868321,2.5572922,0.6942783,0.01151275,0.008804782,0.1685948,0.50226504,2.50953,0.25028467,0.713903,0.39431575,0.6819094,0.3801842,1.9538274,0.29742244,1.4942123,0.0152727105,0.095777445,0.075900726,1.4080731,0.6522439,0.81521356,0.0052381954,0.253536,0.42101038,0.4629369,0.07303174,0.29373214,1.353836,0.9571265,0.9222599,0.0,0.00011645101,0.038472783,0.73212945,0.5307576,0.5729222,0.37675723,0.017202793,0.019394897,0.5293307,1.6853375,0.06893221,0.023939235,0.005356217,0.12898631,0.7057244,2.0517428,1.044219,0.024758102,0.5604864,0.27219748,1.8682834,0.13643242,0.23757549,0.52993923,0.10376613,0.21607803,0.3193669,0.0631956,0.25118047,1.3737124,0.18415985,0.52574927,0.8226322,0.19823748,0.3054433,0.045106404,0.08952088,0.0,0.36354324,1.8218913,0.0,0.25717354,0.015145793,1.0619867,0.7942056,0.022434583,0.09749642,0.20851913,0.529878,0.291548,2.154839,1.0507841,1.9004242,0.0,0.049887598,0.74988073,0.24557726,0.30235115,3.2663162,0.2766747,0.21105686,0.042814925,0.8954552,0.14024457,0.30928198,0.0029973595,0.75411034,0.6696388,1.7056111,0.57191956,1.3304614,0.00089834764,0.5334,0.7480909,1.4962971,0.0,0.18191153,0.6870584,0.46913072,0.26179287,0.28688836,0.22147626,0.4613218,1.6778389,0.14229393,0.12603663,0.4261819,0.32871377,1.0063356,0.0145641025,0.7894161,0.74586487,0.019601855,0.7169427,0.89411086,0.7884442,0.122834064,1.5419103,2.193575,0.0,0.111110404,1.1314541,0.014534023,0.42208976,0.24587004,0.1700755,0.0,0.17724986,0.20377858,0.1615546,0.9753671,0.44474277,0.009531472,0.6401999,0.18636525,2.4958048,1.6954664,0.42207488,0.058840204,1.0815969,0.09657883,0.049044427,0.021503098,0.6361348,0.370704,0.38404912,0.39248967,0.06391163,1.0165825,0.01663982,1.5319011,0.93559045,1.2144297,0.6184854,0.036709744,0.05155722,0.05115474,0.7244872,1.2459409,0.36822143,1.3246186,0.49819914,0.29098237,0.08226932,0.31533793,0.40342504,1.1247486,1.7845151,0.035130046,0.9226678,0.23588659,0.008164433,1.9140835,0.015814995,0.7250548,0.049579054,0.006538946,0.2047958,1.1283052,0.3553691,3.5393727,2.5643628,0.8097706,0.049244646,1.060522,0.0212371,0.050417177,0.5190256,1.9122508,0.62326175,0.040714186,1.1320096,0.08427738,0.17682813,0.48678315,0.4747189,0.1507362,0.12171499,0.56862104,0.105832145,0.50039023,4.9167285,0.68137413,0.13166116,0.0040424806,1.7361997,0.2088512,0.41147006,0.2610841,0.8937297,0.07090945,2.905356,0.12621473,0.1826801,0.043740716,0.018942988,0.48504627,0.30924046,0.1127197,0.4869212,1.7699139,0.72977674,0.8069969,0.024601644,0.1313496,0.063209295,0.23151645,0.8041487,0.10167062,0.0,0.3424726,0.18778902,1.4329538,0.5558081,0.9279214,1.3580886,0.11470459,0.72042567,2.5059748,0.32498962,1.3894173,0.55189955,0.0,0.20830864,0.043392975,0.6986431,0.2451663,1.9170171,0.38819808,0.4761086,0.77857184,2.2944474,0.4220173,1.3307617,0.0,0.0061670956,5.620998,0.2116101,0.37428656,0.0,0.27362967,1.188211,0.28532338,0.28389162,2.3843575,0.21358988,1.3837651,0.44307512,0.022639912,0.6249324,4.4468036,0.5335228,0.6256178,0.12837094,0.3218491,0.56405956,0.008299038,0.22715877,0.41987953,0.037252117,1.4964693,0.48221263,2.334783,0.041012216,0.7844846,0.0066177994,0.07746322,0.4464456,2.6835408,0.22217377,0.12414965,0.5748832,0.3798191,0.09587444,1.4036754,1.0111212,0.043641917,0.35589534,0.00899639,0.5471775,0.035196457,0.2603207,0.47689062,0.39607576,0.36253324,0.41093478,0.657397,0.011476465,0.21280271,0.4891602,0.15434426,0.96460676,0.026040237,1.3271242,0.6721315,0.4397207,0.25238803,0.29317224,0.8974005,0.28445178,0.094023995,0.54352957,0.20782673,0.7763167,0.6343953,0.005492396,0.0,0.029465714,0.1523961,0.030501828,0.3336881,0.13710831,1.1393933,0.002905089,0.27785188,0.57559,1.6502255,0.3459651,2.0791183,0.0422956,0.29144147,0.19403362,2.5456736,0.12862161,0.005339104,0.4709571,0.029471667,0.104335785,0.85614383,0.0,0.21535748,0.07645631,0.26913816,1.248797,0.16185477,0.0044024126,0.09902328,0.76948965,0.88174903,1.5750449,1.454294,0.2772199,0.2355389,0.0,0.093682416,2.4184926,0.3466135,0.39973736,0.04859718,1.2035481,0.3654343,0.18133646,2.6608298,0.18895595,0.105084494,0.15169212,0.83283246,0.07583789,0.36470607,0.73966014,0.01812126,0.68917376,0.097747356,0.06398921,0.71787137,0.6954001,1.452404,0.7931763,0.7897995,0.22971433,0.010621494,0.27637672,0.6423412,0.3541718,0.14636259,0.06489428,0.039444804,0.054910332,0.68920934,0.5846957,0.39094746,0.43008283,3.8817897,0.5391922,1.3479111,0.388075,0.38152117,0.005235332,0.2505746,0.16925636,0.0816112,0.478432,3.251837,0.19518231,0.61492854,0.15032306,0.2555311,0.14270598,0.1102542,0.0041221785,0.4400044,1.3591738,0.012344368,0.52118516,0.0,0.12647381,0.2135107,0.0054769693,1.007166,1.1423181,0.5296346,0.0043876716,0.068148874,1.356015,0.59433514,0.072188,0.07330158,0.20497373,0.038829695,0.020738747,0.60629153,0.009426662,0.7058764,0.14596224,0.007898658,1.7234578,0.18179686,0.026053358,0.01692387,0.5452115,0.07698238,0.7733531,0.3647778,4.0472083,0.36664164,0.4257178,1.0616258,2.1119049,0.39159197,0.0,0.61242986,0.08789036,0.0,0.042761907,all_pothole_images\pothole_images_enhanced_1d5742051247913f0802793a6adf18e0.jpg
0.8632213,1.5534798,1.2340522,1.9898094,0.26183924,0.6715983,0.37995872,0.32611665,0.052624352,0.75835365,0.48953852,0.10005427,1.7788839,0.7484501,0.18579167,0.20561025,0.04513561,0.92316103,1.077745,0.026795927,0.571985,3.3034835,0.64230365,0.8348991,0.0,0.044458807,0.21056394,0.80122524,0.26668432,1.033492,0.6696971,0.788489,0.50858396,0.77506584,0.3793151,1.1505924,0.15086232,0.8679405,0.4653612,0.2785261,0.28882444,0.0,0.14318055,3.0963418,0.50748295,0.20664047,0.09761711,0.0,0.68827695,1.3884006,1.023373,0.5904949,1.0370414,0.60489416,0.23719883,1.6381649,1.8641292,1.0365875,1.1357617,0.09844898,0.10652326,1.0563543,0.28554,0.024209114,0.5788717,2.3298337,1.4206713,0.5410256,1.3645378,0.27946138,0.09113062,0.5797367,0.42396328,0.077746645,0.80428094,0.3603761,0.8099505,0.05393015,0.008530856,0.4551876,0.6287642,0.19562328,0.29949468,1.6155295,1.3708272,1.0853149,0.05210497,0.6387215,1.393673,0.26947665,0.64489156,0.2080894,0.0,0.38676178,0.44446048,0.8008109,0.800144,0.89347595,0.6309411,0.3147985,0.3086359,0.8745891,0.042283904,0.3036272,0.2697059,0.96938056,0.0129259,0.02033098,0.18463822,0.17816702,0.054699853,4.255351,0.19385973,0.8470245,0.2060657,0.00089016143,3.1826344,0.2837434,2.6149633,0.98185056,2.5811243,1.0951556,1.094803,0.59190226,0.68449426,1.3196472,0.027265923,1.3502982,2.0195942,0.5427122,0.90605175,0.0,0.43285003,0.15419126,0.04557875,0.8971162,0.14433981,1.1051179,0.6939972,0.50469583,0.8050683,0.79137486,0.856298,0.96919763,0.0654951,0.45158347,0.9317603,0.044572674,0.7548529,0.26455763,0.242714,0.5823958,0.18796122,0.07183092,2.3224142,0.79064566,1.2312312,0.46974328,0.8180118,0.11084491,3.5037847,0.45315585,0.040123794,2.7218359,0.0939449,0.6476607,0.8712298,0.0798295,1.0916728,0.93064755,0.24014053,0.036515407,0.084801495,0.19344585,0.63445,0.3278197,0.21416979,0.0,0.6548686,0.33987138,0.30936944,3.9186397,2.8617065,1.2958469,1.5627329,1.3642743,0.0918787,1.784494,1.1552573,0.8975395,0.2861124,0.45034298,0.44874993,3.1601677,0.52231413,0.06904749,0.05349296,2.1835568,0.21642716,0.6265018,0.16763376,0.9623212,3.5943596,0.74327224,2.0589452,0.43918833,0.87575173,0.93245554,0.8995535,0.7139316,0.063272916,0.48547977,0.8753241,0.92630875,0.11250846,1.3092413,0.61967695,0.27757517,0.58363694,0.3835053,0.47206628,2.2847219,1.4604146,1.1501266,0.18198287,0.51695734,2.3623044,0.052956775,0.41061077,0.019900665,0.052637983,0.040555913,0.1560816,0.41553122,0.519386,0.09891362,0.47567916,0.30417225,0.02853775,0.24945688,0.17489691,0.8284549,0.16980332,0.06550611,0.6389155,0.00082199683,1.3376579,0.21044458,0.9904259,3.3623636,1.2210563,0.54096067,1.989548,0.017888164,0.122333355,0.46771646,1.9740099,0.50047606,0.29070497,1.214713,0.37756506,0.2299589,0.7629603,2.131541,1.3461057,2.6404727,0.23280375,1.3478159,1.2273656,0.54638594,0.44335762,0.3217414,0.09530291,0.11162674,0.7423162,1.1793737,1.2704909,0.43126616,0.39218548,1.1062793,0.8042135,9.542233e-06,0.029513719,0.16042471,0.9421738,0.4479954,1.2174314,0.7660443,0.3603159,1.757575,0.74247676,0.37235266,0.35095048,0.32770705,0.2305136,0.053844668,0.33101022,1.8408622,0.6546668,0.72143996,0.49827856,1.6909642,0.26639187,0.69213057,3.8402374,0.16802466,0.005076832,0.6931562,0.0,0.055349868,1.2742457,1.3455665,2.4600396,0.35742182,0.5612302,0.021778265,0.17330478,0.0034640466,1.9668821,0.14596292,0.689045,0.0,0.009564678,0.24853598,1.0594147,0.3542134,0.25385925,0.06598017,1.0953752,0.19513933,2.6374588,1.3435899,1.3392421,0.059055407,0.012838114,1.0309292,0.6179853,0.03122623,0.4044528,0.655554,0.6052345,2.3079312,1.4212618,0.26086012,1.278896,0.9618597,0.074648105,0.16460781,0.13339765,0.8937261,0.5467634,0.26330352,0.5536288,0.5773524,0.00075738906,1.5452714,0.15145779,2.1838987,1.1624198,1.2808797,0.4620498,0.21256365,0.14438577,0.058214515,0.0,0.103829734,2.410645,0.2979527,0.7634234,0.1560037,1.4202454,0.74864703,1.5257624,0.11850789,2.8021243,0.38387093,0.16343354,0.019443741,2.0894363,0.8579865,0.16831677,0.10701998,1.126026,1.5658972,1.686013,2.1286275,0.80940413,0.004882277,0.4187207,0.7050968,1.3600602,2.324501,0.41664028,1.885229,0.13240413,0.2515059,2.0818515,1.011671,0.6738787,0.4240213,3.9648337,0.8465823,0.5275119,0.94458425,0.18637745,0.0108009875,0.1372454,0.7540063,0.00210195,0.1446232,1.0180851,0.97033644,0.6634468,0.19933586,0.10490117,0.013308052,0.5511431,0.0029328514,0.086138785,0.054308806,2.5439801,0.13741209,0.6102019,2.2368927,2.3813374,0.45991942,1.7258923,1.344366,0.008480307,0.66914725,0.06542064,0.8892012,1.1916097,1.2888186,0.3900032,3.4819508,1.0162323,1.2367027,1.8571901,1.187313,0.65161425,0.2683864,0.25528577,1.0390192,1.189722,0.21474834,0.09567303,0.12663661,1.1458267,0.8875377,0.22624043,1.0920962,0.7952981,0.97819316,1.1523559,1.5167822,0.6884829,0.933606,1.3959948,1.9795642,0.8503292,0.9836762,0.81564176,0.5006759,0.32747594,1.0506557,0.050810996,0.583701,0.23665607,1.8697088,0.3103297,1.3668411,0.36817616,0.6654487,0.50850445,0.49741986,0.23968124,1.69785,0.31221902,0.0,0.4852281,4.4725056,0.97873574,0.36765116,0.055454176,0.027052118,0.5211231,0.09717759,1.6639369,0.0017623181,0.6468493,0.607637,0.02430209,0.5623444,0.31430554,0.0,0.17932993,0.14542226,0.5040617,0.80678433,0.55062014,3.861464,2.9040527,0.21955359,0.44638988,0.7271838,0.0,0.7785515,0.63141996,1.619344,0.08974692,0.18341313,all_pothole_images\pothole_images_enhanced_1d65935b6518d1b4d0b5968799778a69.jpg
2.1183424,1.7942611,1.7140095,1.1528507,1.4893202,0.9713685,0.3613556,0.18124431,0.29718375,1.5152878,0.86705685,0.27263457,1.081253,0.088991776,0.37057763,0.6056812,0.8144489,0.13589646,0.90130603,0.2480441,1.7151624,3.3281815,0.59142554,3.4017081,0.33118087,0.35467827,0.012728282,0.9887483,0.21593904,0.73947877,0.48429593,0.32662874,1.3316448,1.0906072,0.55640185,1.7178805,1.6078058,2.298515,0.5590924,2.1745944,0.90865,0.35839385,0.85937285,0.93977785,2.2667205,1.4483156,0.035645753,1.8353598,0.6853572,0.7358459,0.24848044,1.1042436,0.45321107,0.6920113,1.045754,2.5326388,1.5959424,0.89059883,0.9524524,0.4488305,0.76493996,0.4546195,0.46436226,0.89878374,0.32669538,0.8111994,1.0117657,1.0584179,2.419395,1.2372091,0.32548478,0.7632945,2.2124474,1.7862468,1.1330888,3.9453654,0.47827172,0.14826715,1.2584815,0.17002736,1.8686988,0.77363074,1.0355041,1.9095521,1.1620666,0.4042785,0.091278344,0.5918298,4.932728,1.1440313,0.05568773,0.4604608,0.60199267,0.37959385,0.54878956,0.82442176,0.641295,2.976104,0.42971116,0.73533946,0.1891187,0.98807126,1.3749641,0.768563,0.21583277,0.036718767,0.13495761,1.4860448,0.21795581,0.81989515,0.20971854,4.6023364,1.7823462,0.67697394,0.61149263,0.5922382,1.7410655,0.4066755,2.361209,2.4530685,2.5962977,0.38974473,0.11934166,3.5105257,0.15926528,1.5841273,0.35889122,0.49840978,0.3755238,0.50331455,1.2349584,0.03498984,0.069033675,0.95356345,0.811101,2.9002903,0.39807758,1.3905311,0.7608719,0.7186478,0.14533706,0.6315115,0.2746643,0.99994224,0.70459014,0.75316775,1.0125588,0.59872574,0.12783071,1.2972307,0.848137,0.4955446,0.2712421,0.5253619,2.0819724,0.78621393,1.1112065,0.552456,0.9928554,1.0980679,0.9542909,0.3380591,0.033449654,1.0242993,0.0,0.80609447,0.05390603,0.15236452,1.4457603,0.6838071,0.65766776,0.21712294,0.31433246,1.3912503,1.879451,0.76655084,0.4389636,0.016856123,0.354168,0.36478537,0.05901753,2.4991796,0.69326794,4.257614,0.2949089,1.677739,0.79801387,0.46489412,2.389935,1.9714559,0.1077829,0.3400098,0.056563742,0.9679208,1.0797442,0.54667294,0.5523778,0.33081818,0.89212143,0.80998516,0.40399683,2.096919,0.034353413,0.25891414,1.0306349,0.34651744,0.24629425,0.61440736,1.0602237,0.13844992,0.15084694,1.0270036,0.72742105,3.8055334,1.3937786,1.1548946,0.33151275,0.61332726,2.8812916,0.041900214,0.78662413,0.29486588,0.58540916,2.1695144,0.5490342,0.8848171,1.2862706,0.47360584,1.7953827,0.5235258,0.17637685,1.8567609,1.3914084,0.3544669,0.8294627,0.7328385,1.0318636,0.2762942,0.008338461,0.022918582,0.26267686,0.08022998,0.19071719,0.015878117,0.055000942,0.24953035,0.9775965,0.17132722,0.5078115,0.8440806,0.654511,0.6668991,1.2425846,3.6474996,0.1282263,0.07523876,2.2861576,0.47234246,1.2319051,1.7643707,0.019085724,0.38308325,0.8710976,0.2802766,1.0856751,0.8923449,0.702871,1.0241352,0.3571701,0.39213994,0.91863436,0.7006139,0.30490154,0.26691854,1.361263,1.866627,1.3507214,0.0,0.17987998,0.28397945,0.044571407,0.079342075,0.840328,0.34161127,0.91617864,0.98818624,1.6684034,1.0327778,0.22699231,0.90078837,0.73453254,1.6378566,0.23398866,0.22896557,0.62756985,0.41808924,0.78736734,0.4416844,0.67122,1.3228531,0.35570067,0.94846374,0.53699845,1.0690938,2.7374563,0.63835335,0.097065575,1.3564229,1.0405589,0.7410676,1.1927307,0.76979434,3.8335109,1.6202062,0.198294,1.9474057,0.69660187,3.4330823,0.55019057,0.20201762,1.3448946,1.2491051,0.4292772,0.5205757,0.77925545,1.8205781,1.4931109,0.49164525,1.3401505,0.5777944,1.5335042,0.7299395,0.24392875,0.29343936,0.2787271,1.5439067,1.6434647,0.5887396,0.50657904,0.09975831,1.8253448,0.23721717,2.7471766,0.017631613,1.722194,0.68240696,0.8987239,0.019093044,0.25779215,0.93033,0.21841158,0.9528921,1.0763842,0.8325346,0.41268733,2.90109,0.21073243,0.66008663,2.4541156,1.4292107,0.32208925,0.26485196,1.5564836,1.2280313,0.16092935,1.3971936,0.4748914,0.03265135,0.08347257,1.9958433,0.66614544,0.5891501,1.7675772,0.22675562,1.4700766,0.3423407,0.87423813,0.7469403,1.5975789,1.1246085,0.12717085,0.17487058,1.4390188,1.0742161,2.5373008,1.0632147,1.0788306,0.16981299,1.6635089,2.5656903,1.4739699,2.0199423,0.4935129,0.19813566,0.18124911,0.30526692,1.4444683,0.6712771,0.026705228,0.7795035,2.1291883,1.4259716,1.168868,0.27245665,0.28107864,0.29508346,1.2162554,0.6356522,0.7749153,0.28942072,2.529507,0.3605166,0.6145463,1.7236768,0.48180342,0.8644306,0.9122069,0.6478256,0.7628066,1.4412003,2.6317163,1.436841,1.560607,0.39575678,1.949878,0.07992484,1.1980205,0.5088696,0.36660376,0.9405772,0.43106422,0.10465803,1.7565992,0.38922656,1.4706184,5.1203837,1.4651405,0.3712907,0.1674192,0.9032149,1.1922309,0.5893199,0.068229176,1.9763944,0.30868858,0.29324657,3.380817,1.4818146,1.134698,1.6477418,1.8708054,0.8801176,3.0717754,1.4799424,0.8904527,1.4943498,1.040391,1.9736267,0.0,0.9355047,0.83123684,1.1052276,3.064598,1.2052302,0.7296304,0.78604174,0.94474804,0.028789166,1.2374613,0.8077264,2.0721116,0.3294431,0.3323621,0.80582315,1.8333412,0.62859315,0.0,0.505213,1.4535133,1.0091432,1.6745557,3.067632,1.0151235,0.28185278,0.03854429,0.6640916,0.8751922,1.4703168,0.9106185,0.35119945,1.1920538,1.6291728,0.25470567,0.11141679,0.34594142,0.15923408,1.4705788,0.42356345,0.22598709,0.024090538,0.3661446,5.4906745,1.0885102,0.6680431,2.6381967,1.264723,0.06460687,1.919174,0.27476427,1.1432171,0.5550476,0.9235371,all_pothole_images\pothole_images_enhanced_1dcf70ad29248ff78a0871d060469723.jpg
0.28954977,1.9423763,0.44720426,3.2604413,1.448496,0.42086795,0.9366052,0.02122515,0.23632894,1.0189015,0.40870583,0.14727753,0.036363047,6.226862,0.22434527,1.9760901,0.18042627,0.7708669,1.9600357,0.84452164,2.308083,2.024336,0.901928,0.37742952,1.8906775,1.7184052,1.1269614,3.0145075,0.6569746,0.573189,0.72150624,0.7647446,0.55104387,0.34007075,0.10394399,0.999729,0.17605463,0.84192073,0.23898984,0.35889387,0.53815836,0.4822902,1.2456796,3.6296337,0.2514228,0.11972558,0.082081884,0.14663969,0.31645042,0.36676705,0.46911,0.47838962,0.40557572,0.80058146,0.14050226,0.765371,1.7469062,0.05609535,0.983427,0.27060544,1.02805,0.7628718,0.80792606,0.11792243,0.8913321,0.62342125,0.26968053,0.05595805,0.14863567,0.016542362,1.037137,0.3772816,0.008702232,0.329875,0.32210875,0.50619227,0.81996155,1.5436106,0.5917924,0.2434875,0.4966127,0.09756575,0.53495514,0.6880198,0.024950817,1.4967545,0.78856176,0.02497945,3.8060317,0.64427114,0.35995096,0.2630703,0.16682303,0.3490424,0.83800673,0.07819199,0.35062313,0.8382622,0.6202769,1.9753138,0.0666511,2.933162,0.32647455,0.035753306,0.8423834,0.2858562,0.3272888,0.21510158,0.14810841,0.5510904,0.19757883,2.2780557,0.115304224,0.14322603,0.8128192,0.47110742,0.7955681,0.09828851,2.7363958,0.362124,0.80661446,0.40965608,0.6209035,1.073716,1.4326336,0.40072125,0.42077357,0.31256387,0.1214297,0.40758595,0.49433178,0.061933186,0.5231763,0.8237929,0.4631865,0.36220023,0.58124745,0.50549626,1.7559029,0.2195211,0.442501,0.06028859,0.13935696,1.199076,0.05069652,0.7533307,0.23749694,0.024200967,0.39935854,1.504634,1.1322262,0.5218819,0.39903694,0.42191103,1.26829,0.7896739,0.27583596,0.17515208,0.91131186,0.34804752,0.5801898,3.071402,0.55651045,3.2374995,0.2191621,1.3126922,2.4456263,0.4536586,3.6056776,1.3780069,0.7470642,0.33997664,0.49172395,1.027328,0.8640471,0.18315779,0.99383247,0.362809,0.23830706,0.52622443,0.17526793,2.1648498,2.0000567,0.47375262,0.7223347,0.1441187,0.93119186,1.7133132,0.53198016,1.2647605,1.0962949,0.6753896,0.03201807,0.108399116,0.928544,0.38626987,1.7319697,0.65261865,0.3853722,0.14064808,0.44251874,0.32896322,1.2407321,0.3098025,0.3118213,0.59743017,0.37459964,0.2833541,0.07037089,0.45761353,0.074430294,0.024152137,1.9576863,1.7633923,0.90758055,0.8333293,0.85805476,0.0,1.1117209,0.45627764,1.7362076,0.03004053,0.31272987,1.2611854,0.38796285,0.46839467,0.51414245,0.5272555,0.12609756,0.28004918,0.21084423,0.61070555,0.39230996,0.38315684,0.3369928,0.78035945,2.1474485,0.18460864,0.06575244,0.8738028,0.27136704,1.0296166,0.6421741,0.43812707,0.61759543,0.020296179,0.7382749,0.15908682,0.7003633,4.165592,2.7990122,1.1135342,0.101364814,0.4889738,0.6745928,1.2659215,0.35209832,0.84818983,1.6579353,2.5381627,0.3821471,1.1898513,0.15127188,1.0025724,0.09146172,0.31460238,0.5224973,0.8540682,2.2211702,0.5713526,0.23453213,0.022015361,1.0812994,0.036530033,0.60578996,0.92522794,0.05085742,0.5012745,1.7075269,0.38345787,0.8101285,0.3521645,0.27040628,1.4305929,1.1250114,0.34965998,0.9365769,0.98806745,0.76184666,0.056651395,0.06732461,1.477263,0.17089434,0.36933422,0.52228904,0.31175807,1.1471137,1.1944101,1.0254809,1.2918087,0.8566116,1.1582588,0.15373251,0.5468453,4.630147,0.27571023,1.1590625,0.2899951,0.5713155,0.696576,0.8014531,1.3045945,2.25913,0.8586668,0.14585361,1.1542984,0.65554667,0.8778878,2.6251905,0.30826837,0.00274817,0.9623503,0.25648972,1.4095984,0.7210884,1.2177179,0.62253976,0.80289346,0.40818933,1.4028093,0.26230428,0.44477516,0.082542844,0.8966591,0.3740437,0.56589264,1.9817928,2.7350101,0.17059664,1.0721549,0.8764165,0.9876701,0.847295,0.957201,1.1252863,0.025688393,0.064091876,0.22830239,1.1803323,0.6498567,1.6616533,0.34567174,1.0679408,0.37752765,0.67957556,0.044133004,0.48386842,0.5811036,0.37328938,0.9055909,0.064887516,0.122804515,0.45158112,1.6418737,0.39682403,0.14338915,0.9606298,1.5822443,0.0046873307,0.6857931,0.8901521,0.20685014,0.43780404,0.23417582,0.13830921,0.4715283,0.032860603,0.16425456,0.103089474,0.07823138,1.0612123,0.4908996,0.38585523,0.51802063,1.1572974,1.0698259,2.9116933,0.078892276,0.33807087,2.321875,0.77338517,0.37491867,0.1008585,0.6322586,0.5553453,0.0029996077,0.17842211,0.052423436,0.66070074,0.05125089,0.64860606,0.24169299,0.17354007,1.5493693,0.4157601,0.7116833,0.915719,0.83352584,0.1485361,0.37230426,0.36844727,0.5778858,1.108939,0.60565555,0.012573239,0.19946958,0.5087199,0.79238456,0.11592277,0.41108245,2.130145,0.32092783,0.8206546,2.2695582,2.36269,0.2859707,0.46978214,1.7997385,0.36257443,1.3172333,0.93598795,0.42481878,0.2753182,0.19096442,0.58138746,2.650575,0.5160909,0.4010332,0.42412332,0.16686213,1.0473111,0.28660282,0.32653177,0.07960749,0.5883583,0.5834473,2.4013808,1.6205995,0.35415906,0.53950053,1.7135367,0.69778454,0.3507631,0.07639149,0.83441675,0.4602978,2.017047,0.6437287,1.6578267,0.46060005,0.21895945,0.34021205,1.1893474,0.06545863,0.3796445,1.4333303,1.2337321,0.11784344,0.6012011,0.33294472,0.42331746,1.6239263,0.8276002,0.054633696,1.2433306,0.11810411,0.27807447,0.9649094,1.1166095,0.10935326,0.81810737,1.6209724,0.9231436,0.24340452,0.13567033,0.8537554,0.9609256,0.26065186,0.76975155,0.15451874,0.41474164,2.418911,0.051755365,0.62477773,0.017628916,0.14423643,0.17946258,0.29227364,0.11727829,0.11867143,1.2045323,1.4184039,0.1949747,1.210182,0.91369015,0.1180133,0.44975844,0.17384632,0.1302143,0.76005745,0.098640285,0.49856773,all_pothole_images\pothole_images_enhanced_1df2be4292b22f1a938cff744ab6fc39.jpg
1.1310365,0.9370623,0.1571743,1.585292,0.7305944,0.42757586,0.4803425,0.2088027,0.108732305,1.0719072,0.1953464,2.2011127,0.22026385,1.7945375,0.1378503,0.7639501,0.05989596,0.1500451,0.5604853,0.16075909,1.2819539,2.586232,0.08945402,0.9222552,2.8878453,0.075384535,0.27799502,3.0388072,0.10177088,0.50043637,0.7073619,0.010338169,1.6941769,0.07098592,0.6226653,0.67925936,0.47967562,2.673173,0.48470956,1.6480473,0.0,0.017252536,0.3342097,0.97831476,0.45496437,0.59299016,0.0055878526,0.5960253,1.6003363,0.8602168,0.28527513,0.39224377,0.38737684,0.041904807,0.001424837,1.777427,2.1209328,0.0465162,0.15298633,0.016615378,0.16017239,0.0,0.5798552,0.14890915,0.39567748,2.5826364,0.1461095,0.19154842,1.5962719,0.1943608,0.6769445,0.28836662,0.26164103,1.0283597,0.7211795,1.1759375,0.09625888,0.08628289,0.0023421948,0.41159648,0.4174631,0.0,0.02020318,1.7183051,0.61348647,0.0933029,0.6098705,0.8151737,2.9008944,0.4537141,0.4587129,0.4830377,0.09854011,0.7916901,0.12808113,0.055779777,0.8098681,0.5122932,0.9747419,0.93445385,0.6601158,2.287307,1.1127548,0.0001522835,1.3570162,0.13227887,0.2975919,0.20137948,0.039091595,0.9989722,0.023726491,2.1311975,1.5299135,0.5356231,1.101529,0.2350953,2.3303614,0.123647496,1.0783435,1.4284772,4.486731,0.5900768,0.28639582,1.2287213,1.3491559,0.10771584,0.49621907,0.9060189,1.4585947,0.19518378,0.1798846,0.21408877,0.16811545,0.29066813,0.34421912,0.8105497,1.0559093,1.6335186,0.8508159,0.038856223,0.19520631,0.7189703,0.0,0.70247275,1.1697274,1.5192952,0.41748253,0.3116688,0.5433073,0.3078938,0.52177477,0.48259577,0.02146317,0.015165243,0.7690927,0.4460498,0.90201074,0.21494149,0.24668956,0.9129837,4.1701384,0.46875665,0.19139871,4.5653033,0.3220222,1.2090026,0.98233503,0.39580628,1.7368196,0.50791824,0.008812535,0.0,0.32447374,0.66868526,0.46265042,0.4675059,0.55832684,0.040735282,0.04691875,0.10160397,0.03125869,2.0282423,0.5005414,0.6276949,1.1553614,0.7275231,0.60535085,0.05424731,0.15585786,0.61803335,0.9967167,0.25344172,0.54638845,4.432504,0.06389675,1.1918802,0.10244102,0.444671,0.42042255,0.6206974,0.7823722,1.069146,0.32013717,1.1216063,1.1272951,0.5953868,0.67997575,0.31200778,0.15808381,0.26847175,0.1646848,0.0,0.5941877,0.3657817,1.2499585,2.4226568,0.7959846,0.017689582,0.2084953,0.0,0.33657572,0.8871882,1.5369757,0.22754626,0.054714777,0.78926176,0.56534785,0.9858437,0.7611616,1.0351269,0.03857995,0.46193254,0.30319723,0.35733035,0.11220243,0.21650146,1.5986551,0.13498239,0.082924,0.13633382,0.16290496,0.0,0.14026396,0.019981949,0.58908296,0.0,0.6247909,0.66085535,0.64984995,2.5826392,1.6449952,0.3072747,1.8139141,0.015935022,0.18806043,0.5947093,0.7491019,0.36861023,0.2817389,2.007006,0.7058099,0.009068618,0.32184657,0.0039026425,0.4232249,0.18436429,0.17965358,0.5190216,0.29584673,1.3207425,0.49874136,0.030009875,0.39695662,0.85277236,0.9942582,0.54600215,0.23323557,0.39823303,0.19504477,2.1312015,0.8483593,0.0031914,0.965867,0.22740802,0.9533768,0.02335325,1.2651193,0.3519118,1.1089357,0.1441951,0.036963217,0.0421338,0.39837343,0.60892934,0.08135624,0.13636182,0.6736875,2.4782705,0.034304615,0.96105903,0.71144617,1.516711,0.26170993,1.0618653,3.4720378,0.06892464,0.18776406,0.39087197,0.24059996,0.38045725,1.287869,0.9659656,2.2505672,1.8634082,0.12859163,1.2171777,0.06078019,1.1945337,1.1213526,0.06702264,0.17023152,0.06592407,0.15868235,0.39495653,1.5459596,0.056540523,0.71612775,0.059250508,0.14370602,0.18145059,2.0219088,1.0155925,0.12599623,0.04326141,0.28822654,0.7507422,0.2669946,1.2269826,0.37877095,0.18739042,0.0043949005,0.55085355,1.8877712,0.1979535,0.87579983,0.013322035,0.04990859,0.1389512,1.0720496,1.0155777,0.71648365,0.3877859,0.5182547,0.20660186,0.47322237,0.0,0.20472546,2.3618143,1.3077774,0.98406965,0.67324704,0.41931573,0.21720932,0.0,0.04859967,0.13801342,2.6996322,0.21143475,0.18639782,0.5338172,1.3255948,0.043936733,0.18100968,0.1591439,0.19699562,0.19437997,0.011735648,0.851768,0.06897577,1.6107495,1.1439893,0.14281632,0.7940415,0.6398899,3.8232548,1.532452,0.29500535,0.03241546,0.3787127,1.5420398,1.2220159,0.51086557,0.23522225,0.2693487,0.38936397,0.03544281,1.5436065,0.2647649,0.11026303,0.34651315,4.414171,1.1988055,0.44384873,1.1097834,0.1313287,0.07994979,0.22894916,1.7618155,0.53717786,0.06384351,0.47610676,0.24364175,0.28321713,0.9217084,0.25780466,0.70862997,0.7481201,0.055619948,0.8356224,0.24299131,2.8750572,0.54733557,0.4441357,1.3399138,2.3380594,0.37044907,1.0002013,1.1262697,0.2843664,0.888088,0.25382835,1.3740572,0.30918938,1.0631006,1.186005,3.2440531,0.6063457,0.43599147,0.2753971,0.10755428,1.4858704,0.6340534,0.1755789,1.1240987,0.67399484,0.21006253,2.2387023,0.5195743,0.21026887,1.004713,0.81827855,0.273081,0.83180606,1.0100809,0.23234643,0.54167044,0.5794054,0.34257576,0.64972484,2.0285313,1.0654625,0.56248665,0.10110614,0.0010157507,0.27036035,0.6590548,0.097416826,0.21568124,0.57515204,0.18871804,0.5461713,0.74341184,0.0010665125,0.7708809,1.8463662,0.0027786521,0.21212213,1.0705087,0.014329479,0.04638599,0.4201824,2.275151,0.09966954,0.7774644,0.015170575,0.09276378,0.27468762,0.037937503,0.4028024,0.04095397,1.3605056,0.109452106,0.8023205,0.037938,0.23466127,0.41786778,0.11147306,0.33197084,0.40311655,0.45444044,0.20381084,4.366255,1.2919265,0.07669142,0.928428,0.16206986,0.058729745,0.4426211,0.39684334,0.36897025,1.21822,0.63591367,all_pothole_images\pothole_images_enhanced_1e3039a18d94c081ebfe38a9bbfed3a6.jpg
1.0971615,0.39135793,0.42806002,1.3146384,0.48345822,0.21046601,0.09172014,0.4628356,0.0,0.94177336,0.2290595,0.78578216,0.027561672,0.6402902,0.0,0.19962776,0.026268268,0.3908486,0.13314737,0.02560912,0.10233475,0.6883755,0.741723,0.21968733,0.4703,0.37395573,0.2238306,1.2850723,0.0055612177,0.15873915,0.17967688,0.0021321797,1.1059813,0.9583739,0.13936467,1.1460551,0.91635996,0.7241234,0.112740904,0.7420615,0.13036656,0.966786,0.77959174,0.48459414,0.22780861,0.9611205,0.5798987,0.018634653,0.103310145,1.1224573,0.408471,0.043713763,0.20630772,0.017450439,0.13105884,0.860817,2.038813,0.22760338,0.3467964,0.022104116,0.023692647,0.48603743,0.49798864,0.23726797,2.4495358,0.73551345,0.06962872,0.397517,0.02355252,0.7151237,0.33112168,0.19915932,0.05465362,0.6733937,0.015667249,0.25195277,0.07914401,0.21994296,0.0,0.21071544,0.11009001,0.073621996,0.06836442,2.160489,1.0263737,0.117753044,0.022449525,0.07243358,0.5725009,0.3456894,1.0073019,0.30073324,0.049434934,0.2530785,0.11131183,0.010798873,0.77050346,0.03774815,0.20667553,0.18640602,0.82165307,3.9285152,0.15767413,0.0,0.6538279,0.06169358,0.06167652,0.7891903,0.18972544,0.6243918,0.0019509385,0.061590437,0.25984627,0.0027651251,1.1950421,0.3418209,0.8221744,0.0,1.7141693,1.3287431,1.2953488,0.016541818,0.31998488,1.1010296,0.22575769,0.74776363,0.9547682,1.2261493,1.0562826,0.06218143,0.5068482,0.0,0.16601297,0.0041783922,0.4635481,0.9218879,0.29632938,0.84617853,0.29499337,0.160642,0.82011783,0.013005599,1.829435,0.54634434,0.073655255,0.7346915,0.001036995,0.36620414,0.4009106,0.01702986,0.54780585,1.0479034,0.23254445,0.042570513,0.8739441,0.24604489,1.2837036,0.66251,0.5153728,0.31669566,0.1918457,0.28606588,0.2350357,1.5962588,0.11366534,0.33960596,1.6715001,0.21924873,0.83457196,0.7947096,0.16849238,0.654976,0.023310466,0.19299597,0.22033514,0.06555597,0.06954285,0.023944864,0.28973812,0.3916956,0.14212331,0.7008288,1.3549271,0.73941714,3.004828,0.0,0.07915938,0.61366785,0.27255023,1.4289263,0.33438516,0.40898517,0.28451583,1.597505,0.3082607,0.0054589,0.70423484,0.59652746,1.0625143,0.016351966,0.4637242,0.69821703,0.6241108,1.1054012,0.18921177,0.17120712,0.2782847,0.48253942,2.6250553,0.65657324,0.0,0.1448307,0.60647786,0.15534367,0.6047794,0.18815304,1.4976594,0.0029724455,0.21477185,0.3949138,0.7415779,0.23921484,0.065801695,0.09343227,0.10559483,0.72095513,0.7385277,0.19037618,2.035445,0.15796855,0.36049423,0.3420061,0.3277448,0.0,0.3510173,0.0,1.7865369,0.08371846,0.06243076,0.44051972,0.42106557,0.043555245,0.2760081,0.80500996,0.06555291,0.0033119582,0.21946776,0.6402646,0.39034072,5.0156054,0.28201166,0.17671117,0.3780199,0.3105613,0.0,0.40456685,1.1180828,0.0,0.34694633,3.5778222,0.2054918,0.24264845,0.4635708,1.2325507,0.06723445,0.8009122,0.23701568,1.061729,1.1155235,0.21796319,0.057159618,0.15687017,0.1675531,0.04897117,1.117247,0.1433163,0.009683181,0.062235568,0.3044483,0.51649016,1.7410718,0.8670897,0.28013438,0.23240669,0.31611025,0.20775902,0.23886828,0.14008133,0.60678977,0.5692065,0.29221797,0.08595604,0.069947794,0.5372712,0.05901644,0.27156645,1.6013693,0.19056743,0.051637385,1.1721499,0.2506426,0.37829286,0.6297409,0.057343937,4.7198977,0.62254447,0.43653348,0.0058154194,0.22626676,0.2945389,0.5967456,0.3640276,2.889241,1.6161641,0.7710333,0.49027166,0.10562815,2.001594,3.308232,0.412626,1.1204733,0.059954505,0.5410648,0.07423294,0.012021972,1.2200704,0.15270971,0.23077418,0.28080016,0.0877309,1.7751272,0.13114214,0.21489115,0.0002510751,0.11762127,0.1266413,0.9440483,0.012321473,0.17243262,0.24329866,0.2657905,0.18378289,1.4225754,0.15350598,0.0032804443,0.08375428,0.06503924,0.13418627,0.501243,0.90848196,0.6938011,0.17466512,0.19067495,0.45650908,0.70969236,0.15662214,0.21956305,1.4669253,0.098936975,1.2813044,0.5873759,0.23676765,0.2713986,0.18098803,0.111253686,0.35457942,0.9719255,0.08637705,0.6412468,0.49581262,0.9897453,0.077714935,0.7358633,0.31959036,0.6729201,0.5735406,0.5086741,0.2007908,0.17655592,0.5009211,0.82233286,0.012009484,0.5184186,0.083249256,1.798599,0.92071,2.8053608,0.13919029,0.26620948,0.10158375,0.015186986,0.14893529,0.07801774,0.43820837,0.0,0.12605797,1.0303897,0.21442918,0.25279337,0.15134528,0.5184116,0.7292896,0.3496336,0.079880565,1.6124221,0.12170945,0.27577606,0.10044554,0.14216,0.038229294,0.8713323,0.37012184,0.025615215,0.1258423,0.012567792,0.22602892,0.97346145,0.43659484,0.9703474,0.0,1.1102793,0.7968646,1.3066055,0.64723134,2.292262,0.34013423,0.73799866,0.42405063,0.1538868,0.6350554,0.05451214,0.5613389,0.12893279,0.895866,0.029352447,1.9133068,0.9124242,0.3439148,0.33936253,0.5818535,0.7670819,0.96063155,0.07116719,0.046075284,0.3364071,0.1189751,0.5936712,0.07830103,0.09343336,0.73226345,0.90585935,0.013214329,0.6230865,0.0451211,0.37373596,0.6998912,0.18477467,0.63804686,0.8459189,1.2595004,1.4285039,0.12600754,0.47378188,0.15188663,0.34167525,0.27159283,0.05532443,0.03906694,0.44240436,0.77693564,0.4904432,0.7299017,0.091779806,0.19948928,0.17543279,0.058469635,0.31255034,0.8024564,0.36056003,0.060612224,0.091062546,2.1042306,0.58238965,0.21140236,0.14979954,0.32909524,0.38302836,0.042617038,0.563098,0.06554246,0.6485553,0.7065203,0.5534715,0.6779078,0.5754106,0.12725429,0.28535277,0.17580467,0.40363833,1.022558,1.2185277,5.360887,0.06323228,0.13996089,0.24624926,0.3091841,0.13876955,0.0,0.44117635,0.52324444,0.32758066,0.5707065,all_pothole_images\pothole_images_enhanced_1e5b54c3fc74c2b816a14af059381896.jpg
0.0,1.4065536,0.0,2.0815616,0.26553205,0.45708406,0.07328258,0.09502389,0.03371833,0.68561536,0.55479234,0.44509637,0.011535863,2.2659144,0.0074722716,0.018501705,0.20788932,0.6272626,1.2779411,0.16989245,0.6615519,0.99698853,0.40484485,0.20174663,0.54895025,0.5551277,0.56664336,1.6125743,1.1631943,0.037429698,0.53661317,0.1427974,0.0705575,0.180567,0.0045721005,1.5334641,0.41053596,0.77800226,0.36717358,0.70352244,0.054270398,0.088031545,0.00043529857,0.37624314,0.2732715,0.73638433,0.06882977,0.11801669,0.20704451,0.7401383,1.02017,0.091890156,0.07796048,0.016800541,0.618023,2.0311713,2.1374717,0.47192335,0.012565905,0.00013375875,0.08496791,0.34506512,0.5756335,0.018626744,1.296799,1.41957,0.15393353,0.43463197,0.11004522,0.55530643,0.06455639,0.19911869,0.18255274,0.5764349,0.89230627,0.11352776,0.0,1.7570313,0.00012438379,0.28922963,0.0,0.054424476,0.6066238,2.5069923,0.26914558,0.253284,0.0421093,0.43564886,1.1870362,0.2327017,0.43782246,0.6512558,0.48107788,0.6191525,0.22248055,0.05436804,0.17558415,0.30003494,0.8971634,1.1947904,0.26798952,5.9567647,1.1722393,0.030692013,1.4144592,0.12493019,0.19473813,0.26940835,0.008840664,0.766408,0.38301912,0.65222794,0.4578106,0.79318494,0.094008446,0.23626621,0.99673504,0.64612085,1.2768422,0.123264216,3.3287144,0.041708168,0.003447769,0.8539106,0.26588005,1.4879965,0.07551895,0.17349538,2.689072,0.31570065,0.69829106,0.031086741,0.016744317,1.0773826,0.4193276,0.33725676,0.008446981,1.6396266,0.34778607,0.1509421,0.30046037,0.8413474,2.5770295,0.9934339,0.0,0.8967413,0.13665313,0.61819786,0.31079704,0.005466653,0.035944965,0.036886733,0.26719323,0.25507638,1.625148,0.5666207,0.062134393,0.3898147,0.54455006,1.7901365,1.8163474,1.6412814,0.8770299,2.2398286,0.17609274,0.7943012,1.8486589,1.2885774,1.5279852,1.626801,0.152817,0.036645032,0.5343663,0.59913343,0.13322803,0.17735775,0.5900292,0.0,0.011353995,0.38221273,0.11226622,2.6612692,1.9327837,0.7301797,3.7400718,0.26110312,0.68265814,0.34495988,1.2663624,0.34403414,0.011806644,0.6267177,0.27384835,0.8217532,0.08107958,0.0,0.64586526,0.12160353,0.18602157,0.29174644,0.0045340583,1.5845134,0.056184646,0.80296075,0.021970581,0.17999662,0.04859084,0.880555,1.278312,0.3046348,0.0,0.19697584,0.9721851,0.09885523,1.5562302,0.8414895,1.7175962,0.95204294,0.34113747,0.44145018,0.55143595,0.08964968,0.5001523,0.14742197,0.05969976,0.090423375,2.705317,0.006629761,2.6091316,0.080209024,0.01124719,0.03327809,0.15145934,0.12787184,0.017674528,0.017691731,2.2485452,0.2834849,0.30569243,0.059655696,0.46749893,0.048848726,0.16887875,0.0037951702,0.5681303,0.007128359,0.33547178,0.46971425,0.16312596,5.927342,1.1035848,0.271659,0.23510237,0.17805608,0.0,0.0664754,0.519708,0.109048925,0.27325374,1.8512512,0.62312883,0.07161006,0.9975189,0.20706439,0.053555015,0.06913356,1.0037704,0.36974236,1.8597219,0.5076897,0.029671496,0.036053326,0.8422001,0.23588495,0.3260599,0.13490202,0.01500274,0.78641075,0.1820876,0.40204838,1.111351,0.41143805,0.5949218,0.12726298,0.059772413,0.059639208,0.6191949,0.10738133,0.27574086,1.393929,0.36081117,0.32653457,0.0,0.9912543,0.36912802,0.29124293,0.20856166,0.057012383,0.04414298,2.6160626,0.71645945,0.58429253,0.031895705,0.06375789,3.6385603,0.28984794,0.035269935,0.008064645,0.72626466,0.27504963,0.6655633,1.1986166,2.345928,2.7516809,0.8759023,0.30412394,0.046187308,0.92101413,3.217513,0.15200678,0.00067034364,0.13718364,0.15625331,2.0624888,0.7012442,0.2267069,0.09821882,0.12767126,0.20030035,0.008612171,2.0439281,1.018164,0.46942088,0.0823886,0.15219109,0.022323841,0.49654,0.103444174,0.5314896,1.9170105,0.52377737,0.34702942,1.6920649,0.5304673,0.67931974,0.4544041,0.08308612,0.5094819,0.8053467,0.05070873,0.49707508,0.15187444,0.12341941,1.4932035,0.21802244,0.12873402,0.35124284,1.354159,1.2822846,0.929375,0.0,0.42571822,0.5742783,0.24898462,0.117800936,0.0013052635,1.5086716,0.0017320272,0.536528,0.091655895,1.642671,0.0,0.1040661,1.0086075,0.36203873,0.38519612,0.103916965,0.27560636,1.8357986,0.648403,0.030727029,0.0,0.414383,0.7947475,1.7855119,0.3563651,0.50381947,0.09275853,0.0,1.4380733,0.16476008,0.04141934,0.003482913,0.15174277,0.5013523,0.035873618,0.75898993,0.4542005,0.0295702,0.5665024,1.3280216,1.1860435,1.0192239,0.09704352,1.2552999,0.04429349,0.30954486,0.07092807,0.32643077,0.09286471,0.2037444,0.34741095,0.022210447,0.24574707,0.0,0.261951,0.7760307,0.79980576,0.27678233,0.1389961,2.302296,0.21350542,1.8129456,1.2735534,2.8904095,0.0736162,1.5121182,0.1110428,1.4822983,0.72699773,1.347291,0.20288137,1.6714737,0.35992035,1.4756007,3.1551335,1.6188983,1.1767043,1.0329121,0.16705726,0.8688108,0.22257137,0.0022,0.118744224,0.0,0.6145065,0.89827293,1.0031456,0.04087095,1.128104,1.2785065,0.041312713,0.8096723,0.0,0.8724327,2.0368106,0.062714174,0.13020189,0.33812737,1.5750275,0.98752445,0.039889373,0.33143315,0.2781291,1.1706388,0.20451272,0.0,0.93516237,0.0,1.2459717,1.3709526,0.79085726,0.6334967,0.30691528,1.4367355,0.34730482,0.024720827,0.80970997,0.31426257,0.4337068,0.34413084,2.0721967,0.92776626,0.1113137,0.0,0.0068449657,0.18705006,0.004002588,0.5954119,0.0040121307,0.61389035,2.1700015,0.036882285,0.061051086,0.012839199,0.6889,0.43511313,0.26138026,0.7085444,0.61965954,0.7627782,3.3631516,0.68840665,0.22421019,0.22945565,0.96223766,0.73331743,0.06354967,0.25285295,0.30533797,2.0740528,0.07487315,all_pothole_images\pothole_images_enhanced_1e6a992d943c1e5f3d276b6ceeae9308.jpg
1.6310222,1.0633122,0.34563258,1.6903651,0.7311969,0.32833466,0.01144609,0.10701772,0.46208364,0.6744734,0.3345815,1.0257429,0.18858972,0.98466057,0.57693857,0.14146623,0.14927167,0.14334188,1.2316561,0.12921041,1.887518,0.7837701,0.7963294,0.9693607,2.6741064,0.71787995,0.473695,3.4754593,0.1937054,0.007998021,0.5590712,0.0,0.21881664,0.67547464,0.85435647,0.56275636,0.10639249,1.8338457,0.35999715,0.06474836,0.014658868,0.028864346,0.7405459,1.206516,0.4542305,0.5126953,0.016131766,0.4206718,0.4235386,0.23511614,0.02861778,0.84404767,0.0887147,0.1931082,0.052987017,1.937106,0.95845896,0.0007923573,0.29784364,0.026773017,0.1646579,0.3215527,0.4698596,0.11281192,1.1896365,1.458539,0.20532198,0.011448344,0.7989888,0.05216868,0.47840428,0.066472985,0.5330153,1.5765551,0.17439158,0.65446097,0.0020419501,0.48490524,0.010777792,0.26462495,0.3886878,0.5088634,0.48534623,0.7732903,0.6314065,0.4428373,0.51818436,0.4591907,2.5240402,0.36600378,0.26767856,0.066821866,0.11527476,0.5479935,0.05256133,0.13773781,0.7211966,0.16359343,1.0261172,1.0057663,0.07097034,3.0544212,0.42168224,0.9620161,0.25264388,0.20611204,1.1912793,1.101405,0.010439864,0.70126575,0.1427884,0.78498924,1.1205449,0.9381178,1.1052886,0.90573895,1.1205767,0.23204665,0.23089777,1.0222107,3.168729,0.027507061,0.05982304,1.0432566,0.8972367,0.36485818,1.4034133,1.1224402,1.2254945,0.2337725,0.05659767,0.0,0.09277277,0.24376763,0.41365767,0.78323007,0.4292089,1.4827365,1.1680591,0.010979383,0.32524127,0.72108644,0.060902435,0.9111815,0.5367459,0.7992203,0.14773521,0.14665613,0.34846956,0.26471633,0.8194326,0.19729505,0.030308908,0.23899576,1.0948269,1.0270016,0.23867139,0.013588713,0.635301,1.7517208,1.302547,1.7230904,0.029221209,3.1413548,0.23067255,1.6147588,1.1927623,0.3419806,0.65622663,1.9738619,0.3344067,0.06055781,0.48141077,0.59345436,0.34034863,0.16849667,1.3391163,0.14720668,0.09049935,0.9417936,0.052645024,1.9493617,1.0925871,1.7339365,2.1236231,0.6558126,0.046442766,0.62193054,0.816265,0.18827337,0.4253995,0.42380235,0.049822282,0.790416,0.27556893,1.0882567,0.6916832,0.64738166,0.6615074,0.9346591,0.04472644,0.12786658,0.13250409,0.48106402,1.0955781,0.4648028,1.2730243,0.26760435,0.8407923,0.21134208,0.01322827,0.2795361,0.07337922,0.01621582,1.6455212,1.4420004,0.38558337,0.14621063,0.112630635,0.014145758,1.7122463,0.13757463,0.7184129,0.07545161,0.0,0.6613724,0.8664608,0.4013106,0.8167631,0.8371167,0.3534233,0.017232746,0.25102505,0.3452618,0.5122851,0.39203763,2.604642,0.020502014,0.22774474,0.10218418,0.2134469,0.038577303,0.10149934,0.1849344,0.1761649,0.0,0.34497303,0.7313861,0.57632804,3.842558,0.25420827,0.10114582,0.39453545,0.676914,0.090277635,0.00020137125,0.122915275,0.51203865,0.45370978,2.6883395,1.3178029,0.20297794,0.4491286,0.0,0.33689624,0.40409547,1.1751019,0.22352701,0.15903322,0.10959791,0.5051672,0.0,0.2922269,0.091697626,0.049507894,0.41975257,0.17571029,0.6086604,0.219051,1.1416107,0.26823652,0.061597258,2.5373325,0.07654843,1.1452972,0.49959964,2.0769098,0.3113994,0.14018798,0.027467377,0.20473875,0.7594992,0.23137239,1.0660455,0.27665767,0.6020692,0.99673617,0.27502465,0.09005261,3.7114422,1.2677556,0.9320666,0.0,0.37975577,2.575329,0.67740196,0.03293068,0.08343838,0.115062855,0.28098437,0.6020538,0.62449634,2.658507,2.7231743,0.22828856,0.7939478,0.061950184,0.9472434,1.896739,0.14659111,0.6372114,0.3419738,1.248197,0.076024994,1.3546541,0.7778397,0.021703048,0.07709999,0.5259018,0.28737858,2.1726372,0.31998524,0.24324818,0.027010182,0.1435755,0.093245566,0.5003361,1.082444,0.6216351,0.60878307,0.25772223,0.31433335,2.3964264,0.6619349,0.28273568,0.15074247,0.8315989,1.1345193,0.15298359,0.28763705,0.20199573,0.32948205,0.060269445,0.7442739,0.41995525,0.09845139,0.21890615,2.0064762,0.14432286,0.8667561,0.42289987,0.51961416,1.3364362,0.9980934,0.081255384,0.69081044,1.6624656,0.39264405,0.11776995,0.74107265,1.3484522,0.0903155,0.1017127,0.7158471,0.67624813,0.1335444,0.1478842,0.33878303,0.26368997,0.15602252,1.6542624,0.0,0.87340915,1.2455927,1.4759506,2.1491332,1.3607279,0.7342486,0.109916754,1.6185366,2.4491596,0.5526572,0.09276784,0.11266867,0.43267307,0.29712608,2.43166,0.14171469,0.11192888,0.14995378,2.6324034,0.5225338,0.25572374,0.6707647,1.3101206,0.1541474,0.32141203,0.29182002,0.9510543,0.23657495,0.41188166,0.11233172,0.0101782335,1.5637045,0.0,0.4611593,0.36476293,0.3297297,0.9381043,0.18292154,2.9896252,0.29390618,1.3705314,1.0639323,2.737981,0.36930352,0.6824282,0.26451737,1.07914,0.51980764,0.86338526,0.1061813,1.2867469,1.8677554,0.8679069,2.1319053,0.71346205,1.4782879,0.24774621,0.3186473,0.7938419,0.0,0.01963889,0.37587342,0.0,0.06393186,1.0194671,1.2509382,0.39757308,1.9481275,2.963765,0.262413,0.9847244,0.28207058,0.6490333,0.1726751,0.27827656,0.11249819,0.2071197,0.24198112,1.5038941,0.11327659,0.67844373,0.15473722,0.8463918,0.67991513,0.64437395,0.10417099,0.34632576,0.79855996,0.43606332,0.4111178,0.010108397,0.6450162,1.859487,0.08189879,1.129322,1.4770485,1.2337439,0.012955564,1.050846,3.023583,0.4271036,0.9017777,0.47255707,0.18353578,0.07894204,0.104196586,0.2155571,0.045407042,0.98665273,0.64877295,0.0,0.0033413724,0.31214535,0.063877955,0.08274701,0.009490787,0.23223853,0.4256727,1.0376327,4.4246426,0.3435338,0.57986397,0.8283343,0.84105915,0.6994711,0.5116855,0.1032034,0.022214372,1.6339257,0.09944405,all_pothole_images\pothole_images_enhanced_1ee4e9379c660e04463f969a70a02abc.jpg
1.6017635,1.1519259,0.33788958,1.8160468,0.75828505,0.30631042,0.025647372,0.117418975,0.38646302,0.4394774,0.47174066,0.907674,0.16041477,1.0779419,0.69258225,0.1750626,0.23650849,0.061918575,1.0061917,0.0901135,1.7030337,0.57099235,0.59793854,0.8993049,2.836909,0.56855714,0.5340313,3.3544927,0.15737198,0.07526381,0.9037405,0.0,0.22195104,0.5123254,0.7571428,0.59671015,0.19083011,2.0519936,0.3554553,0.14384635,0.019504996,0.1367102,0.7441211,1.2593298,0.38524812,0.54811406,0.012541536,0.36545804,0.50266415,0.26443714,0.025349667,1.0115718,0.11988538,0.19913071,0.039861668,1.859872,0.9324132,0.0,0.25484902,0.022827404,0.101496726,0.23222747,0.5710285,0.14235234,1.3900046,1.3225038,0.17279543,0.0040839543,0.9379002,0.05034613,0.88035583,0.041644968,0.68362314,1.7936438,0.22856727,0.7455855,0.002011952,0.29050347,0.033324424,0.29634264,0.5190075,0.5631714,0.3494005,0.52735615,0.42342618,0.34500685,0.4367759,0.38254547,2.90705,0.57011116,0.4720132,0.08273993,0.084349826,0.6808784,0.063755326,0.16779049,1.0894754,0.30641174,0.94635975,1.0255523,0.03752791,2.890574,0.22059508,0.9173181,0.23979479,0.19878761,1.383046,1.0694139,0.07710199,0.6657243,0.14396253,0.5817089,1.0886176,0.8193962,1.1036094,0.954332,1.2424595,0.17039451,0.2823752,1.3869798,3.129765,0.021073168,0.069633976,1.0464035,0.9917655,0.517721,1.0005889,1.0563039,1.5243235,0.3101872,0.08747225,0.0,0.08104227,0.18533191,0.30670953,0.6248021,0.59354484,1.6301229,1.0894885,0.010407094,0.343231,0.88758457,0.11598009,0.7867458,0.5074331,1.0802416,0.26645786,0.14696825,0.11717746,0.22626199,0.631414,0.15451503,0.0024486377,0.41448998,0.8621173,1.0071583,0.16392484,0.011976325,0.9142635,2.080742,1.5356284,1.675255,0.02175169,3.307081,0.3176236,1.5396317,0.9111154,0.14515641,0.9006523,2.08575,0.3455527,0.13576315,0.3297692,0.555125,0.38631567,0.14137964,1.4158256,0.119457446,0.10594222,0.8191371,0.08370304,2.137856,1.120627,1.9801427,2.246439,0.57902384,0.094768025,0.5335089,0.9115049,0.1727259,0.18922211,0.49430254,0.07666831,0.8423786,0.25247183,1.15991,0.61955315,0.40879458,0.6516658,1.2040895,0.034348648,0.2711521,0.103580184,0.76564837,1.277344,0.49555454,1.0451814,0.34647283,0.9399762,0.15226659,0.0072942087,0.15651762,0.09305834,0.01893283,1.8297664,1.2413803,0.35300297,0.11237059,0.19256186,0.031038675,1.4859672,0.14505431,0.5652706,0.121485434,0.0,0.68655086,0.89983356,0.69484335,0.8186318,1.0281997,0.24741942,0.04553462,0.334681,0.5058826,0.4913179,0.5161914,2.7763388,0.0023671808,0.4818025,0.08418815,0.20680378,0.053605046,0.14952494,0.16402407,0.14778483,0.0,0.24093367,0.662042,0.3947616,3.7571595,0.2380754,0.040435012,0.40139738,0.764712,0.16221376,0.0070865355,0.09839402,0.5902753,0.35735244,2.8551416,1.1914611,0.26016814,0.6221635,0.0,0.43703747,0.6360249,1.1654449,0.22916098,0.18885565,0.13767846,0.3626857,0.0,0.34534892,0.10621113,0.012431415,0.42488194,0.15896577,0.45573354,0.13112871,1.1111784,0.17855105,0.13837323,2.4806075,0.02018061,1.0894156,0.6215685,2.0677652,0.34454048,0.180863,0.025303222,0.28141,0.61496276,0.19943577,1.3918759,0.2118315,0.25995547,1.1268722,0.24439777,0.1111975,3.5208848,1.358564,1.1355789,0.0,0.41880587,2.8101258,0.5310917,0.0035436158,0.12493164,0.1966164,0.2991589,0.5309583,1.1334934,2.7897108,3.0766993,0.32651594,0.9253689,0.0760507,1.0246701,1.6712688,0.21205898,0.74825525,0.24847727,1.4365923,0.02328257,1.1322497,0.59621876,0.06419736,0.034790777,0.38692206,0.16300662,2.2813938,0.45889142,0.018530931,0.026162174,0.12037008,0.09497369,0.5428357,1.2838691,0.994797,0.50812584,0.32334763,0.18325014,2.535567,0.6620243,0.30000523,0.18175934,0.52776843,1.1451567,0.38021648,0.21931732,0.09250278,0.58457613,0.14099011,0.5457194,0.40365404,0.03226037,0.22548148,2.0794158,0.13370624,0.829724,0.35058624,0.49769413,1.6745728,0.9159427,0.17097712,0.3800234,1.5964905,0.46112525,0.071841255,0.9708903,1.3162338,0.112701766,0.060668856,0.53500926,0.56119126,0.17707725,0.16561788,0.39368364,0.20771721,0.18114682,1.5584306,0.0,0.83618635,1.4962481,1.5946276,2.6136954,1.1296554,0.5782631,0.09920174,1.7584795,2.4756885,0.5245939,0.1002979,0.05509982,0.6194219,0.396749,2.5347116,0.14988263,0.053758927,0.12356754,2.6474478,0.58451,0.32687187,0.47661227,1.551623,0.15609095,0.19120823,0.5293297,1.1076697,0.19785276,0.41659763,0.07627128,0.014276963,1.1907823,0.0,0.7971895,0.3542608,0.20425485,0.6892128,0.13432766,2.757427,0.2926265,1.3224254,0.8764502,2.7880797,0.22471029,0.53173023,0.17085223,1.434966,0.65345764,0.8475558,0.15463443,1.4512457,1.973596,0.92410564,2.5683384,0.5789591,1.8674707,0.2124452,0.44334555,1.2923592,0.0,0.07101536,0.3422253,0.0,0.018519707,1.2728182,1.2732261,0.42269313,1.8847376,3.3063428,0.23884945,0.6785807,0.23635554,0.34456816,0.14276813,0.367898,0.069087416,0.47864044,0.27033398,1.3579397,0.25717342,1.009751,0.08090986,0.93126196,0.56826293,0.54958975,0.046090245,0.35660604,0.8269077,0.45182356,0.2844188,0.0,0.5148538,1.8388648,0.0790426,1.4659548,1.5942675,1.2326946,0.011137179,0.83907205,3.1727705,0.3145217,0.767528,0.44316116,0.22305705,0.07262533,0.045493007,0.22918724,0.028426627,1.0053747,0.88645786,0.0032026703,4.4327608e-05,0.5519128,0.018661363,0.10179563,0.0,0.23347683,0.5893786,0.7568222,4.8127737,0.41259834,0.5681798,0.79683644,0.6800032,0.7802583,0.7197192,0.10765594,0.007307932,1.675208,0.16163607,all_pothole_images\pothole_images_enhanced_1eeb8680a8e28e60490b7538beaa8684.jpg
1.1216509,0.6982501,0.12776025,0.9644166,1.068894,0.42048433,0.0123128,0.31249166,0.76957965,0.03956936,0.6436133,1.1216636,0.023174679,1.4538281,0.29941612,0.852076,0.25719452,0.054009058,0.2635896,0.25556108,0.99906033,1.5764838,1.1155075,0.76046395,0.53708905,0.57091725,0.27196655,0.89111364,0.35888004,1.3816463,0.8566905,0.0014434004,0.36434278,0.16457456,0.06822192,0.69194186,1.8469926,0.22308643,2.2907689,0.26822788,0.6223687,0.0983628,0.21315041,0.3722053,1.7068167,0.6696773,0.9765951,0.84677696,0.42983812,0.2850543,0.28583074,0.40282345,0.54337394,0.80820805,0.0057741706,0.9450089,1.7602516,0.11000409,0.2986838,0.2155727,0.001143524,0.12260677,0.50655365,0.8012312,0.32678348,0.33494675,1.3174077,0.05861271,1.4825399,0.31576478,0.17741556,1.5304853,0.5317343,0.082653664,0.4269991,0.8881862,0.5606488,0.00825067,0.33997092,0.4528573,0.43079495,1.7147156,0.27458534,2.2367887,0.18571119,0.86881304,0.24450158,0.6399185,2.4222953,1.0449837,1.8607601,0.09920506,0.62568104,0.2745643,0.35432884,0.46446204,1.0115511,0.23682486,0.3160686,0.70919186,1.3188335,1.4519622,0.21993111,0.03502332,0.105397634,0.9345818,0.8430804,0.45518658,0.32252735,0.9341545,0.7380862,1.8522224,0.44085225,0.5862934,0.23308311,0.7812525,1.7401246,0.5274095,0.3660244,0.8326394,1.3784864,0.405106,0.7256763,0.2164119,0.34479904,0.89898413,0.23774369,0.19490467,0.1345868,0.03792409,0.45982873,1.1049724,0.90286493,0.9899379,0.2589569,0.96850085,0.0023350648,0.49553412,1.6052521,0.013645947,0.9675444,0.57132393,0.020262873,0.82530797,1.5808787,0.5578322,0.87794405,0.6879377,0.21473402,0.31812572,0.03606065,1.7803528,0.4090785,0.4796165,0.7475695,0.62990564,0.33939305,2.337357,0.75545144,0.5877484,2.2839904,1.8322716,0.0001586046,1.1850938,0.86599606,0.29350093,0.4442253,0.40709904,0.22571917,0.9089788,0.259189,0.22944991,0.3134205,0.18004145,0.7093993,0.23532715,1.3026209,0.015343103,0.5587413,0.0470892,0.18783875,0.38599247,0.9239589,0.20812239,1.58372,1.0591013,0.5205855,0.1642289,0.4242,1.6757985,0.12597507,0.27452075,0.173559,0.9839096,0.7418948,0.34105146,0.1804766,0.18073712,1.6433158,0.20867877,0.21107031,0.9885285,0.73580074,0.7595607,1.0457704,0.20666113,0.1645904,0.4260945,1.0804577,0.016802918,0.2966304,0.0288549,1.850721,0.69885904,0.5865091,0.055608526,0.17430478,0.14443925,0.87257445,0.4452811,0.80326676,1.205734,0.033795547,1.1676962,0.22777444,0.49672994,1.6940527,0.42677712,1.0837276,0.12218193,0.7601614,0.794409,0.090519026,1.0851336,0.5606509,0.5424128,1.5125129,1.8139222,0.52332836,0.0075678974,0.18356436,0.25887135,0.008506111,0.58662146,0.31167278,0.27383742,0.20802549,0.40200233,0.9616881,2.9037714,1.0678209,0.1977992,0.23067813,0.057398748,0.07806732,0.25344822,1.0337129,1.4276886,0.3413404,1.4345617,0.43626037,0.33395442,0.6843616,1.8534065,0.24650328,0.40246734,0.19131088,0.24550873,1.0373676,0.99189335,0.22595209,0.029496027,0.16966747,0.15037732,0.2567753,2.1476686,0.93300337,0.32262063,0.18306105,1.1923512,0.33889967,0.8689022,0.68299836,0.103835896,0.439436,0.30060452,1.9085964,1.3280553,0.09041325,0.7372984,0.5034659,0.51352304,0.19160111,1.2168227,0.60659385,0.3512843,1.3946909,1.1871727,0.3888057,0.13263479,0.35188603,0.71595776,0.36521435,0.73032886,4.40813,0.7304728,0.55347675,0.71692127,0.016818289,0.059972547,0.23132782,1.0649574,3.3096488,1.3754394,0.15461157,0.2816129,0.26983577,1.6182752,0.352129,0.18163885,0.1029255,0.12309053,0.046383284,0.28133565,0.26086277,0.010293612,1.3701683,3.375421,0.12050219,1.0182607,3.0117,0.4302296,0.016479159,1.1646624,0.9404859,0.497793,1.248267,0.21371804,0.10733315,0.015659532,0.3867874,0.51969385,1.3845596,0.2194127,0.6218738,0.8528034,0.053443294,0.29005793,0.13519421,1.2361529,0.12483166,0.47263113,0.006977356,0.269009,1.4349792,0.17418215,1.9204428,1.5269758,0.38929293,0.5577091,0.11842467,1.7796867,0.7847777,0.2051397,0.31551692,0.3345726,1.4790217,1.8282361,0.043193247,0.001155388,2.7351084,0.5101346,0.4570055,0.61964875,0.70558804,0.25380862,0.50978243,0.6276584,0.40531936,1.3350992,0.05715178,0.27014208,0.19993874,0.118037306,3.1105347,0.8735289,1.9821886,0.81052804,0.3320523,0.9556131,1.0492693,0.6007853,0.30109844,0.3789475,0.9711517,0.014901743,0.35028434,1.115906,1.3489635,0.7934014,3.9575307,0.40125543,0.9699006,0.3456485,0.5709795,0.081250876,1.0598092,0.38865638,0.24796182,0.3128952,0.105086915,0.2352533,0.37031224,1.0460525,0.16456237,1.3545034,0.53618324,1.1171125,0.27697548,0.03807221,0.24176688,0.14944032,0.22794941,0.2037568,0.44740233,2.2220747,0.20735379,0.41732776,0.09286419,0.7712105,0.8863486,1.6901629,0.18286948,1.3946153,0.47234896,2.1680825,1.1801022,0.65606034,0.38949335,1.1764877,0.6369045,1.0108225,0.3299576,0.21364182,0.28738964,1.8191948,0.96827865,0.54087174,0.23874132,0.63007087,0.28871202,0.39824718,0.77239674,1.4166683,0.27000582,0.31407705,1.3899508,0.8242687,0.3073955,0.95874697,1.3853278,1.1972431,1.5865283,0.2783508,0.7324985,1.00624,0.4539411,0.06119427,0.94531685,0.842112,0.7863346,0.31441984,0.68482256,0.2162236,1.7215772,0.03647985,0.28362903,0.4221578,0.20155749,0.6479926,0.104145095,3.4157097,0.3052141,0.66520536,0.6293469,1.0000271,0.07897352,0.1858516,0.1491116,0.4725173,0.681929,1.4866725,0.123295374,0.1011313,0.5034608,0.10147775,0.9716127,0.14174818,0.2244326,1.1502178,1.7379344,3.1128907,0.28499466,0.12505718,0.44500694,0.19294657,0.58054954,0.699247,0.35436216,0.76034826,0.6678412,0.64446014,all_pothole_images\pothole_images_enhanced_1f21d2c6286c2c2cfd7d73d0b611f31a.jpg
1.0591425,0.13732459,0.095169865,1.3194565,0.21641308,0.9540737,0.73497415,0.0036284786,0.16914934,0.5717668,0.0,0.10037426,0.3634182,0.09150195,0.037885584,0.8718774,0.05765192,1.2388263,0.21477942,0.13553002,0.3095498,2.4055557,0.5494306,0.3511453,0.6023122,0.14621143,0.242798,1.3896629,0.0,0.061002847,0.16677329,0.03211746,0.6629863,0.61061233,0.08091848,1.1225778,0.39054313,0.22294194,0.4589589,0.14361374,0.3045946,0.13406485,0.061848503,0.82609105,0.5914442,0.9840289,0.47892016,0.021573769,1.067392,1.2636324,0.8692544,0.0988802,0.03559659,0.37812552,0.34994394,1.380357,0.46331528,0.06889697,0.23621966,0.00066205236,0.007009836,0.80250525,0.632435,0.2039066,0.61484146,1.2902077,0.13097435,0.065007426,0.43801722,0.12746146,0.115232244,0.22170483,0.22911254,0.42917898,0.5167063,0.0066992706,0.0064941994,0.6213778,0.41714662,0.03427405,0.038847495,0.02703864,0.52659845,0.013834343,0.9364467,0.069262706,0.08804658,0.045396443,1.7210696,0.29849142,0.526069,0.27076235,0.020483227,0.0030733445,0.17114642,0.0,0.75853425,0.1762471,0.23445635,0.60677135,0.116870664,4.6705546,0.18649063,0.0,0.5302722,0.7059629,0.11810414,0.43788972,0.2807115,0.74524015,0.0,0.90099525,0.35344687,0.32459772,0.08236003,0.29936227,1.0230299,0.8596664,3.909785,1.7622721,1.1679065,0.18031712,0.111090004,1.3686647,0.05180404,1.1703209,0.17888446,2.195431,0.16034617,0.002636818,0.185941,0.0,0.00533565,0.04286527,0.03167316,0.23381348,0.27088478,1.4617584,0.064160444,0.20374203,0.7697521,0.005145207,0.4528712,0.646394,0.0,1.086193,0.15628786,1.0573511,0.5627272,0.9830217,0.010215912,0.5870546,0.49501216,0.0316326,0.71738416,0.26601422,1.0749286,0.35508072,1.6177822,0.19363104,1.0343695,1.0349106,0.0,1.4223567,0.055502977,0.84586006,0.75847626,0.04802469,1.5235865,0.58465177,0.13704441,0.09699109,0.012498907,0.26561806,0.8755562,0.03440716,0.06297644,0.0,0.11988766,0.085447475,0.2105375,2.4395053,0.97372884,0.19761842,1.4683461,0.09972357,0.24196495,0.9205461,0.03511672,0.8208802,0.138792,0.55264217,0.41722658,0.36240634,0.14286241,0.11582518,1.486606,0.2546449,0.3060676,0.12851751,0.19015053,0.3010314,0.7314833,1.4981228,1.2813504,0.8061567,0.28018925,0.27845812,1.7822948,0.5125535,0.011789944,0.0,0.17134973,1.3014003,0.09263452,0.8000463,0.39905256,0.107618056,0.036601685,0.5321971,0.43066677,0.5758134,0.26833877,0.020364292,0.0,0.8961104,1.4661995,0.027928513,0.57928854,0.023021182,0.20721869,0.11650077,1.1614182,0.0,0.009826548,0.06944973,2.904014,0.11391583,0.17845134,0.27324766,0.17879118,0.068613574,0.04134476,0.12544465,0.013911376,0.0012486363,0.0810519,0.16802555,0.0070803016,2.4429128,2.6315377,0.16547546,0.5740046,0.243483,0.011136711,0.7783676,0.117818914,0.33102435,1.1311935,1.421188,0.016885018,0.04451037,0.20070048,1.7933022,0.03443667,0.30361632,0.3712825,0.6573756,0.7178071,0.9338339,0.33656928,0.006506153,0.05906934,0.71835685,0.6326965,0.32412103,1.2646354,0.19156405,0.5391388,0.3684825,0.113364175,0.08331287,0.004666772,0.033556722,0.16854867,0.21480791,0.14599417,0.09301968,0.80824965,0.372829,0.18802483,0.057525236,0.15889603,1.2780067,0.017231245,0.07505373,0.4550516,2.9610193,0.5869826,0.36221147,0.2163427,0.5592295,0.020550514,1.2520447,3.546907,0.37677732,0.1789479,0.84732443,0.17324424,0.37113547,0.5604584,1.4176269,2.6305556,1.6832029,0.32896313,0.21793638,0.0,1.3842406,3.8641262,0.22071269,0.88306224,0.06228117,0.26626536,0.20186126,0.34125406,0.5817052,0.0,0.09658764,0.059768222,0.075286515,1.2963765,0.01667615,0.09665808,0.0087103965,0.02908342,0.016542114,0.8672354,0.09903797,0.035553772,0.7463936,0.6334068,0.011593148,2.4777153,0.069564946,0.113915265,0.05271441,0.022452231,0.0048223254,0.59877527,0.40850845,0.44300056,0.8256674,0.2246514,0.08530938,0.09837883,0.13244961,0.13525344,1.8191545,0.48214054,0.45900986,0.2856041,0.03168731,0.20148724,0.0811026,0.64318496,0.2753558,0.78948,0.4038651,0.2890563,0.11112652,1.8462493,0.06847755,0.39600044,0.060549863,0.49567476,0.09182916,0.027347492,0.3318174,0.04493365,0.47050965,0.24357073,0.022432486,0.15564907,0.61380374,2.0940073,0.4555509,1.0297989,0.0,0.7678516,0.083893836,0.18968333,0.78945667,0.0,0.011853399,0.040431205,0.0054783663,0.333489,0.0029203088,0.09227248,0.09028779,2.6891856,1.2216852,0.74875045,0.037735093,0.99542624,0.01738751,0.010319245,0.6914737,0.032079317,0.21350114,0.192621,0.029980352,0.22626416,0.041571233,0.0063171596,0.10835751,1.1636947,0.10606106,0.46068144,0.14168505,0.3353377,0.65035045,0.50170213,1.6087301,1.6066676,0.1458495,0.2599655,0.8251428,0.38162428,1.6046839,0.45275247,0.24294384,0.2640881,0.1482329,0.525364,2.0946536,1.6758684,0.5625078,0.05631536,0.1729216,0.4966466,0.81048435,0.3263399,0.22278509,0.551202,0.10823908,0.33777332,0.053811,0.0004867278,0.72168535,0.4989111,0.5160627,0.26079533,1.0781311,0.36916098,0.31094393,0.5165182,0.22955875,1.20837,1.0296092,0.6390165,0.30417982,1.729347,0.010131788,0.7496537,0.21933517,0.4547118,0.01695589,0.5879682,0.2514274,1.0680592,1.2186683,0.22300586,0.29875386,1.1499052,0.0,0.22925931,1.687297,0.2216478,0.034473483,0.06982108,3.9332218,0.97426,0.07133412,0.19566026,0.030712662,1.6705954,0.03855879,0.34158343,0.002138157,0.8836707,0.95637804,0.084884256,0.29008132,0.38982204,0.0953324,0.008226348,0.052725267,0.011703333,0.28485483,0.53018,3.4005818,0.22549827,0.025334978,0.7245494,0.8461969,0.0053688386,0.10911291,1.1502446,0.10681316,0.13409534,0.7586835,all_pothole_images\pothole_images_enhanced_1f4df61924778f7ec3a0d320861756e2.jpg
0.28470907,1.7325778,0.99095076,1.1440591,1.3900875,0.06806524,0.5915431,0.160689,0.0021823542,1.4215178,0.87836224,0.21408808,0.2234669,1.9964007,0.20766188,0.8814222,0.3935828,1.461722,1.206772,0.78394246,0.2336724,0.8236484,1.0174664,2.4467208,0.7721388,1.0879947,1.2404234,1.6498802,0.49786493,0.40823638,0.7067379,0.74674517,1.2555964,0.12667716,0.9287626,0.86165094,0.5105978,1.0127573,0.50331825,0.36599413,0.26921684,0.33117923,0.86357456,0.5018857,0.5844069,1.5472851,0.01750299,0.006004666,1.1328944,1.0479822,0.96988934,0.2890343,1.369635,0.7451315,0.26419577,0.19350594,2.1434755,0.08745665,1.0067754,0.13182455,0.16865243,0.5789382,0.9301352,0.15557466,0.91990286,0.5838707,0.24457628,0.15224966,0.10291599,0.5186625,0.23897345,0.10722129,0.19744436,0.093802735,0.939159,0.33161995,0.12902069,1.2631292,0.100084245,0.49352258,0.016139844,0.101375714,0.5036002,0.39421698,0.64375716,0.4275456,0.5081583,0.06798052,2.7929444,0.2652376,0.117178224,2.0955467,0.47588223,0.1601256,0.17851125,0.12997407,0.5667257,1.1018368,0.6252555,1.7094988,0.1204449,2.392463,0.04593333,0.092256814,0.35404122,1.195159,0.008746525,0.5785433,0.033195462,0.77542424,0.14961198,0.83581656,0.0172105,0.8082768,0.7659462,0.6517095,0.9116927,0.025256174,1.6652544,0.4706069,1.3471761,1.0827396,0.33320862,0.8255532,0.72647935,0.3355677,1.2445004,1.226524,0.16887085,2.0901566,0.59851086,0.13998944,0.6593057,0.8588334,0.034443855,1.5153632,0.51584435,0.5994384,0.9825951,0.28719416,0.7716383,0.45842913,1.3688015,1.0501376,0.65871227,0.30392626,0.194198,0.769037,0.6143144,1.408214,1.2287034,0.55626243,0.0026281506,0.5294182,1.8336889,0.31322628,0.63491845,0.25721565,0.34169555,0.4470213,2.1096084,0.83740216,0.084665306,2.3553207,0.68800914,0.17836678,1.6418457,0.35308468,1.5612272,0.5355065,0.49044985,0.10160983,0.53631085,0.051759195,0.29947463,0.13857464,1.4753003,0.13281189,0.35283294,0.4723688,0.29190108,0.9471264,2.107462,0.8247415,1.2713042,0.4569903,0.76802075,0.2883702,0.19903876,1.1564616,0.5684477,0.8244342,0.47567335,1.3663851,0.14703168,0.20089337,0.5662908,0.437242,0.70323116,0.8812359,0.22163266,0.5049632,0.8216193,0.58201087,0.14758502,1.0924729,0.06063118,0.50765043,0.9084606,1.2891335,0.25204572,0.9221151,1.7688197,1.3126324,0.76845497,1.3994672,1.7867241,0.0,0.9629116,0.4925479,1.0775623,0.19870321,0.36742997,0.7303548,0.023391655,0.39157197,0.9223241,0.8583718,0.4709489,0.8970478,1.1339109,0.6603588,0.45343,0.36776415,0.25768644,0.106078126,0.93430763,0.12814586,0.115119934,0.26954246,0.59501326,0.022400182,0.20491837,0.4629166,0.064922094,0.05527065,1.2705276,0.6303285,0.56609553,1.4224535,1.9324366,0.066384405,0.3057578,0.6351319,0.15278707,0.9608888,0.9236601,0.40287212,1.4314504,1.8055503,0.7220137,0.072156645,0.27479553,0.8583901,0.5880097,0.87017876,0.07134239,1.0876505,0.7556168,1.0973632,0.43857807,0.07657988,0.027373986,0.83498764,0.08361562,0.8787515,0.2684813,0.39885977,1.3132162,0.41334248,0.06960443,0.17240468,0.25055185,1.312044,1.8708903,0.3116579,0.44811633,0.83457893,1.2725579,0.40216935,0.61944574,0.7535054,0.053484537,0.3809103,0.61101884,0.8140984,1.8785479,0.3401518,0.1144938,0.6463911,0.13349426,0.07201004,0.13340335,0.5256627,1.9421769,0.90026075,0.025191896,0.77862936,0.72928953,0.3826349,0.7829058,1.5166583,3.4799237,0.8898983,0.27627325,0.118458465,0.22982238,0.04820802,1.2551184,0.56194973,0.25705057,0.921414,0.30071312,0.75205845,1.3017893,1.7508028,0.32919368,0.17732461,0.84529585,1.4624226,1.3929374,0.31240064,0.5799124,0.24090321,0.24387783,0.28182125,0.8288196,0.32778236,0.07254988,0.076658316,0.899178,0.3656766,2.0919006,0.1291005,0.52637774,0.17411894,0.25686163,0.1125103,1.1909238,0.7070611,0.01627097,0.5869121,0.46075153,0.38546985,0.12021444,0.18982299,0.5308084,1.0220894,0.24642412,0.38792965,1.3267789,0.8394125,0.94866294,1.647272,0.52941,0.3725212,0.9356403,0.61142105,0.25449625,1.1873728,1.0421042,1.2133989,0.65864444,0.637101,0.8205804,0.9586965,0.057025615,0.30720538,0.10290899,1.4450274,0.11856062,0.12755819,0.6606119,0.872974,2.3241177,1.2179061,1.6833711,0.7622288,0.65084904,1.6214392,1.6902329,1.2066915,0.2678871,0.7760242,0.2529463,0.099841155,0.88958716,0.7791135,1.6612192,0.08786437,0.3215168,1.4282136,0.1810697,0.7127156,0.9813011,0.084901534,0.36841893,0.50500864,0.57935965,0.25848958,0.10474402,0.501306,0.9186391,0.50285465,0.19582681,0.2156947,1.2639192,1.7061585,0.5154923,0.89990115,1.2784032,0.70120347,1.2968947,1.3479888,2.04346,0.35634014,0.89971954,1.6278926,0.6677369,0.8164445,0.34093645,0.6689004,0.11259134,1.1138781,0.36068878,2.4348133,1.0489231,1.2722443,0.28415635,0.23989896,1.0274957,0.7919444,0.021578336,0.19323415,0.41329557,0.5856488,1.9622569,0.7983923,1.2287475,0.28326127,0.81831855,0.77002764,0.8795479,0.33778283,0.93086606,1.2955893,1.4484072,1.3650322,1.1099511,0.43100777,0.7971761,1.0712702,0.92289317,1.1281352,0.021909704,1.2401798,0.51198715,0.4690211,1.201335,1.1678402,0.65701604,1.3055569,0.14917347,0.06663493,0.37204874,0.059206113,0.6520608,0.7015564,0.8805261,0.10667643,1.5752407,1.5193098,0.44284445,0.9016075,0.012091756,0.4057712,1.7746298,0.12757954,0.71591175,0.1264,0.46538267,1.053208,0.38819784,0.26944566,0.13758753,0.10583855,0.263511,0.3470336,0.03898968,1.018664,0.2570104,2.3141174,0.08749709,1.0877659,0.31988612,0.14820659,0.037044268,0.351044,0.3474538,0.33305085,0.16300921,0.7022456,all_pothole_images\pothole_images_enhanced_1fb39f30e6f3a99fe600b66c9d3754cf.jpg
0.28544927,1.8823656,0.43351275,1.8573126,0.685141,0.8015359,0.14091694,0.5924127,0.37795973,0.57214314,1.0135487,0.40339527,0.12767369,1.9802554,0.4547773,0.77137434,0.8350587,0.26753697,1.1879832,0.8311301,1.6482699,1.0007936,0.35962486,0.57554984,0.76320213,0.54916775,0.23862274,4.6530952,1.1100497,0.19874452,0.55999434,0.4750555,1.5245322,3.0473452,0.05849752,1.5124218,0.46260482,0.46121386,0.0112971,1.393616,0.28668353,0.0,0.36176214,3.630216,0.62816375,0.6154948,0.16489874,0.20850222,0.5796738,1.0747728,0.6301026,0.78621113,0.5871878,0.88171977,0.1711023,1.477971,0.71292263,0.06704669,1.537621,0.12837385,0.7915457,0.3111617,1.3907095,1.0603877,0.64855486,1.1896739,0.30665222,0.20752443,0.13557272,0.46138,0.7247255,0.7147953,0.18754274,0.72257805,0.34443894,0.50276077,0.49764317,1.4546539,0.0600413,0.38463643,0.5142429,0.38291872,0.19515972,0.84615993,0.35909963,0.79584754,0.7347924,0.27248335,1.5572675,0.23633718,0.25020972,0.018569829,0.35754168,0.73280305,0.26433906,1.0937746,1.0039852,0.7983778,0.76002413,0.525778,0.0076229107,2.6320698,0.40518323,0.5948675,0.14285745,0.41295648,0.5402703,0.287609,0.83107275,0.20563681,0.1333243,1.5521302,0.26897672,0.17519188,0.71764666,1.4738078,1.45582,0.880894,0.18239686,1.4017136,1.6546835,0.6975606,0.3114554,1.2844573,0.4172132,0.6541072,1.2407786,0.455231,1.0953817,0.37961543,1.0036963,0.080681965,0.020209016,0.9974281,0.987806,1.7420702,1.453589,0.8193136,1.0422788,0.7055444,0.3374455,0.036756214,0.13428578,0.87471926,0.9603938,1.5353609,0.46169415,0.24321787,0.45214215,0.83014,1.9466021,0.7316038,0.17003787,0.2259027,0.48337826,1.085882,1.0461606,0.6025895,0.34721038,1.4490378,0.5567806,2.63882,0.27951497,3.0554924,0.08724496,1.6426473,1.4507271,0.42522627,0.34585837,1.2387342,1.2526586,1.0965914,1.2645179,0.7431674,0.17574818,0.89205354,0.8191774,0.24671888,0.1890798,1.3661318,0.002012874,1.7405351,2.8628988,1.1006266,0.9797104,0.5075148,0.018127495,1.1527036,0.60721403,0.94962513,0.7146442,0.058855902,0.51592696,0.5107816,1.4552258,0.43301812,0.7633466,0.05295091,0.044209674,0.23341863,0.9812338,0.18910562,0.9433578,0.6434992,1.104545,0.52645034,1.2614365,0.24700427,0.14658651,0.0039478797,0.16559413,0.49544504,0.7558078,0.61061347,0.54717314,2.3157616,0.3746941,0.16040023,2.256245,0.40208223,1.4141623,0.108263224,0.71761584,1.023111,0.18038812,1.1679313,0.27188534,1.4834609,1.186156,1.2038108,0.41254175,0.38625148,1.1425232,0.12900329,1.4900899,0.20902145,2.5763247,0.5033739,0.15234497,0.6611713,0.64842016,0.11469405,0.7581427,0.02062043,1.4634285,0.11153248,0.9089969,0.5325689,0.08345186,2.9585204,1.8169527,1.6093292,0.26169077,1.0573232,0.47736487,0.69028634,0.72908044,0.5498057,0.80810773,3.3383944,0.73326856,1.0441455,1.5770675,0.025581086,0.3495757,0.36077434,0.14503141,1.1850023,1.7531232,0.57468295,0.29875976,0.3003156,0.82324386,1.1339146,0.15396811,0.6211932,0.47745514,1.1768372,0.79650146,0.84890133,1.2756091,0.6579397,0.40508962,0.91261417,1.7031955,0.112105146,1.559845,1.0373443,1.3901051,0.19509947,0.7407169,0.6309104,0.12877873,0.69989836,0.807234,0.5352608,0.71817553,0.8235881,1.3883744,1.8533673,0.96672046,1.315127,0.56592023,0.43551686,5.456062,0.34374407,0.8016938,0.26108357,0.12587766,1.312699,0.26519957,1.1198843,1.2594609,1.4063059,0.4714131,0.2784352,0.70614076,1.1685429,2.567508,0.911836,1.1111776,0.48512548,0.7381851,1.6716,0.96927565,2.0227268,0.6726138,0.386906,0.72571295,1.4916844,1.6560457,0.70802,0.062346905,0.16831386,0.18617287,0.5626386,0.92280614,1.2805394,0.30580735,1.6604179,0.57111883,0.39014396,0.9724293,1.1293253,0.8560832,0.1220287,0.2415137,1.0346831,0.5752779,0.08237354,0.72065365,0.054963168,0.61351514,0.83337915,0.30052078,0.084280714,0.27261186,0.30191332,1.0041482,0.22698082,0.0,0.7597868,0.88079053,0.6741175,0.33995283,0.36224025,0.86742055,1.5256093,0.36021158,0.6197826,0.33258557,0.47712237,0.63915825,0.2904176,0.6191034,0.31853566,0.9991461,0.102515176,0.7664434,0.50317854,1.2097253,0.17831534,0.46727833,0.7681764,1.366295,1.5522635,2.6086857,1.0685616,0.27379435,0.6852922,1.6595906,0.26987022,1.2123953,0.2598092,0.3587762,0.26744643,1.2868199,0.55366236,0.8096922,0.007416992,1.7720598,1.1000669,0.37140685,0.8619711,0.1284497,0.91752684,0.7982489,0.1466481,0.44989172,1.5848488,0.81417066,0.6681263,0.35071796,1.8673335,0.0036267808,0.57518154,0.33256644,0.3280827,0.84297466,0.30121678,2.5341842,0.04362118,1.4753358,1.5091758,3.3724756,0.13544732,0.7086202,1.7672119,0.4326663,0.43189257,0.8526561,0.42871374,0.7373212,0.6516964,1.267763,1.5838444,0.9284359,0.44261464,0.15594935,1.141997,1.0294065,0.33266816,0.4332658,0.10620192,0.10456578,1.4800355,2.7671096,1.53522,0.1875047,0.7848733,1.0569457,0.12666123,0.11792133,0.14026213,0.8318604,1.1684297,0.86228925,1.2315903,0.769221,0.16667321,2.370797,0.13981077,1.0929025,0.6958263,0.076745875,0.9371136,1.2212013,0.09032587,1.2191802,1.3056084,0.6605553,0.45949858,0.47587687,0.25404555,0.43623257,0.46379116,0.7626531,1.0539821,1.0424938,0.9753499,0.4207257,1.7051461,0.2728811,0.59660274,0.4504865,0.0025265394,0.23500107,0.33815154,0.16874823,0.14856294,0.8339772,1.3068783,0.1050095,0.18967488,0.73341244,0.4445978,0.03878719,0.18721944,0.23483284,0.73950046,0.45850107,1.7580974,0.49958628,1.8636717,1.9939684,1.028408,0.2599779,0.37439135,0.4950396,0.6867247,0.024270963,0.19922297,all_pothole_images\pothole_images_enhanced_1fb61c47fe63e93dbe1d977186c9643d.jpg
0.49801153,0.96409637,1.1878811,2.6674967,2.0107472,0.9090294,0.95374,0.7198987,0.021956312,1.5380261,0.99524665,0.829922,0.17260903,3.7290716,0.064741194,1.0640268,0.67544043,0.7771119,0.7361638,0.98821646,2.1300106,0.3566633,0.18220687,1.2637247,1.2483038,0.15138191,0.6080379,1.9609377,2.2186782,2.6076977,0.9926278,0.37686118,0.4252339,0.615798,0.5759517,1.9947181,0.24625213,0.46902248,0.020446442,0.02314644,0.23530911,0.0072160023,1.2660608,2.9756126,0.44336012,0.40645793,0.1415158,0.01401582,1.6768357,0.487016,0.7541368,0.47835606,2.4597738,0.09788352,0.8678961,3.025704,4.0302505,0.19214731,0.5692283,1.2759881,1.237546,2.2215762,1.0689709,0.23342235,1.4966651,0.49342096,0.09059147,0.98290586,0.1880126,1.1302704,1.1881348,0.27315855,0.7483582,0.8038313,2.3777964,2.7396576,0.0141412895,2.0261312,0.7938873,0.26217982,0.7795242,0.6313862,0.3151782,1.9059585,0.25233793,1.3336601,0.7741168,0.25370955,3.0257032,2.1668642,0.857325,0.3770227,1.010496,0.27490893,0.42675042,0.8583774,0.55008066,2.2766902,1.7375072,1.6582168,0.06396294,2.566892,0.6046827,1.2637457,2.3615446,0.22259003,0.32694566,0.5909149,0.5418552,0.44045094,0.42058238,1.7732656,0.8732021,0.43419248,1.0252551,0.26959312,0.6902126,0.027284559,1.1233983,1.5349683,2.9794834,0.8392311,0.32438847,0.57295716,0.7372651,0.11188628,0.17638984,0.67234325,1.1831437,0.71234626,0.12687705,0.019674215,1.084227,1.581744,1.9668638,0.55198663,2.0748627,3.486664,0.47517923,0.5266895,1.6045644,0.9158241,1.7260697,1.7743466,1.1033473,1.207275,0.63593227,0.14957707,0.24791828,0.101551965,1.163948,0.71260154,0.09426201,0.35259068,2.7371514,1.3281549,1.9286593,0.07647529,1.6413748,1.0121965,1.9378749,0.3415097,0.18778975,5.295105,2.1905596,1.295918,0.9970267,0.64939064,2.8568149,0.3646149,0.339038,0.32115158,1.5379616,1.6351355,0.6775431,0.16914546,2.3276656,0.73296124,0.13285074,0.6040072,1.5366497,2.3271005,2.4951208,3.143422,2.2322648,0.5918781,0.39201298,1.2340645,1.1025494,0.6471325,0.0,1.5648795,1.2015994,2.211417,0.13125838,0.9474948,1.594478,0.9425073,0.34260014,0.7018232,0.33703145,1.2063386,0.8619418,0.6164875,1.2984376,0.32286975,0.6928425,0.32604483,0.20691904,0.35859188,0.07407052,0.27929053,1.1440164,1.509893,2.413954,2.9690917,0.6588541,0.17854394,2.3230002,0.5427627,1.3424872,0.19935444,0.3700141,1.7255814,0.003763687,0.43717346,0.9837584,1.5970175,0.85560393,1.8456544,1.7398958,0.39768523,0.85340524,0.71000165,0.10043074,0.34335136,0.9915366,0.08934825,0.0,0.847771,0.2877318,0.05703666,1.1602077,1.0576011,0.28494167,0.97222865,0.77197,0.1106371,1.6165693,3.5635226,2.9535604,0.92572683,0.4279639,0.7544834,0.3917617,0.36775348,0.5635528,0.6709783,1.6095328,3.4968467,0.76990455,0.22525987,0.86319155,0.33162493,0.69314855,0.45151684,0.012310259,0.6589384,1.4217613,1.0002679,1.4208705,0.17602564,4.636272,0.62048984,1.9142895,0.9290792,0.8524717,0.4557329,0.30910683,1.2257233,0.24260813,0.58522826,0.4498078,1.7329475,2.9560332,1.2139223,1.344038,1.870445,1.3043232,0.6291604,0.082823925,1.3521043,0.7653621,0.87837917,2.358875,0.25946337,1.0136167,0.2188976,0.067184955,1.8786108,0.4465503,1.079953,0.09335109,0.24829471,2.3944905,0.57344437,0.3413141,0.13323256,2.4498503,1.4657133,0.57385737,0.6575537,3.54104,1.1645334,0.47844347,3.8057811,0.012027161,2.0326562,1.4472964,0.094415255,0.37227052,1.0719157,1.264993,0.76561517,0.40324992,0.9582671,0.13215639,0.7665015,0.61582285,0.03348533,1.118522,1.4427989,0.012296072,0.065647,3.1843927,0.09659918,0.40160105,2.3694117,2.6680286,0.16941245,2.425763,2.393585,0.81375223,0.5927372,0.90439284,0.17549129,1.4363858,0.46413967,0.5042105,0.0839127,1.9030142,0.7943021,0.9673536,0.4898391,0.80391395,0.06489281,1.0361944,0.86647856,1.8841771,1.4554007,0.15756445,0.73815227,1.1466134,3.5129824,0.00137544,0.28378287,1.0997376,0.691988,0.23335911,1.0882944,0.7358255,0.38239154,0.16037627,0.8495255,1.0563166,0.4599157,0.3065715,0.46241492,0.4765201,0.8952286,0.6990144,0.5960385,0.011587775,1.2906804,1.9303472,2.2642052,1.7208909,2.8607178,0.5528629,1.6248174,0.9138224,0.22283445,0.48291385,0.719807,0.2453374,1.6220535,1.2706153,1.8784441,0.064578876,0.8862554,0.3100062,1.3879428,1.048752,1.005266,0.42190135,0.5514836,0.40538973,0.73806924,1.3377534,1.0948594,2.2424588,0.37605503,0.56637377,0.36835906,1.27581,0.7024568,1.2358752,0.4604918,0.0,0.6299993,1.4977078,0.76210034,1.0232915,1.1063069,3.3468328,1.0818646,1.3663442,2.0673282,2.3797255,1.3545319,1.1201684,0.3393659,0.74679035,1.379369,0.65588766,4.145767,2.067385,2.3056874,0.9975838,1.0923247,1.8176173,1.3075618,0.05576709,0.36938417,0.04316246,0.26315695,0.89677817,0.7815886,0.02521884,1.1013232,1.225914,0.8745334,0.088644825,1.2817993,1.8394897,1.4168087,1.8081427,0.5540971,0.91915494,1.000544,1.7772804,0.16215263,0.5920784,0.17380828,2.309923,0.2959038,0.32583082,0.12576336,1.2692997,2.8858855,1.3423253,0.07580717,0.017824546,0.69606405,1.1415138,0.2940758,1.6025505,0.7789768,0.042750552,0.22835238,0.8352343,2.7957625,0.5843372,0.26745883,0.010754587,0.77048475,1.6260827,0.39125848,0.17785525,0.1398976,0.014147814,0.14525408,0.4882071,0.032553226,0.2928906,0.79678625,0.23909108,0.00583841,2.2137063,0.41918772,0.5408265,4.3375087,0.6786085,0.84429437,1.4811336,0.17538758,0.0,0.7254665,0.8469353,0.24242175,1.0334961,0.8681995,all_pothole_images\pothole_images_enhanced_20207d066f9d08247f89f6a0c4144049.jpg
0.8447633,2.023031,1.6088811,0.86954904,0.88926625,0.94033515,0.68420815,0.92679375,0.22013487,1.0978845,0.83764434,0.51123387,0.5856633,2.037952,0.2958294,0.34652126,1.4595369,0.84822667,0.29150823,1.3481863,0.7538992,0.7425688,0.9260788,0.92860144,1.3266718,0.98270506,1.1723137,0.8579461,0.52594703,1.4483293,0.6014942,0.13570808,1.3732656,1.9610405,1.3347443,0.9813299,0.7352969,0.9286026,0.12498048,0.75401396,0.13630107,1.1671548,0.24004053,0.07444725,0.6090805,0.89118147,0.21179596,0.07058752,0.6861807,0.5610217,0.650503,0.12884513,0.98727405,0.31547016,0.05906307,0.8584691,0.86491966,0.94833004,0.19069217,0.2273775,0.6053871,0.28754926,1.2358001,0.80989605,1.0408952,0.20487772,0.38398513,0.18396227,0.73463774,0.88111705,0.8831749,0.35084552,0.08198118,0.91794014,0.04066488,0.6970671,0.6211909,0.69299114,0.7973257,0.31168446,1.066711,1.1445967,0.7646881,0.5963506,0.7094644,0.83699733,0.34761703,0.2671919,0.739579,0.03115255,0.6010898,0.23013376,0.4759962,1.6102737,0.22660074,0.4631066,0.5812683,0.8451648,0.35457796,1.3474624,0.54614097,1.4571592,1.4747875,0.45648286,0.2119767,1.9055457,0.9828665,0.27915573,0.21801186,0.5780815,0.8379301,0.3275719,2.1916604,2.1012547,0.72107476,0.966492,1.4999201,0.7241075,0.9155167,0.24974361,0.6459883,0.8009211,2.212305,0.4258404,0.8265232,0.048111826,0.75170165,1.2380589,0.9016032,0.93219584,3.2820458,0.96778524,0.49399492,1.7799299,0.5494578,2.0375538,1.0031822,0.17342444,2.5468478,0.26921448,1.0497063,0.730346,0.7421342,2.4254856,1.5481477,0.7610872,0.3388815,0.25275,0.6820628,0.5707779,0.10264056,0.7655495,0.32669744,0.5537915,0.74117136,1.2595177,0.751233,1.188173,0.9069496,1.0282538,1.1084303,1.555811,0.35233152,2.271371,0.7116191,0.5174706,1.0323792,1.7265575,0.8938423,1.1993113,1.2919565,0.30530345,0.3710757,0.8621644,0.7939735,0.57216656,3.1197708,0.51804674,0.48472995,0.9527594,0.035486773,0.1625387,0.3956723,1.1518592,2.7311506,0.106870376,0.66103613,0.27431682,0.24694163,0.62307954,1.5812029,0.59737927,0.45037922,2.0122776,0.47410715,1.0743815,0.42138386,0.26516855,0.61439747,1.0287883,0.1266072,0.5097835,0.83735764,1.0589614,0.6420994,1.5688239,0.25772056,1.1472118,1.7160463,0.90751755,0.42302144,1.4601262,0.9450524,0.47747502,0.60500205,0.82297003,0.67163986,0.03917871,0.68806875,0.41115835,1.9338675,0.5587981,1.0045499,0.1910129,0.35208896,0.5364499,0.3528493,0.90052265,1.5951474,0.65354407,0.19387381,1.2182409,0.7100343,0.7004795,0.33531737,0.47559088,0.5641093,1.1916597,0.72200084,1.3153855,0.6082868,0.021540042,0.11120683,0.624838,0.4253711,0.319933,0.3721234,0.76984215,0.7632801,1.7710232,0.8031599,0.5617191,0.23052286,0.6050509,0.34704456,0.5447943,0.58665943,0.95274925,0.43033314,1.2957864,0.43423876,2.2511,0.49856237,0.37767553,0.13905722,0.4861973,0.30903226,0.76686,0.6216102,1.9958299,0.04207829,0.2768199,0.43251032,0.04284163,0.15403694,0.76490843,0.8296341,0.8371255,2.9352942,1.0121139,0.3494302,0.09548643,0.44838434,0.30697858,1.3331721,0.09804583,1.1767654,0.8977193,1.5149978,0.43054655,0.4401338,0.395877,0.27531752,0.3522916,0.18804945,0.932681,1.3402177,0.6163518,0.6662267,0.86782813,0.8189802,0.6590657,0.85119337,0.37655702,0.9901087,0.48330805,0.8765742,0.97215587,0.64175284,0.24334699,0.104163945,0.32814756,1.7040441,2.1129155,0.19222271,1.240639,0.5651851,0.5457989,0.9215135,0.92129594,0.44013304,0.56046116,1.1729568,1.084909,1.155333,0.6810902,1.6956133,2.0477712,0.73098755,0.9139194,2.1123793,1.2353952,0.16422349,0.7585089,0.87998235,0.7758375,0.52077115,0.62417763,0.43493503,0.33857757,0.6346677,1.3644264,1.6315125,1.6766806,0.13095228,0.025597692,0.13764448,0.5713586,1.0652746,1.1762211,0.42338505,0.13784367,0.27961832,0.22082484,0.3285655,0.5487025,0.8194486,0.5811751,0.08695634,0.22413,1.0584782,0.83354527,0.5286701,0.48348305,0.32954666,0.4769136,1.2578411,1.0172563,0.06095019,0.14773914,0.8896675,0.5875181,0.9495734,1.0201371,0.15112348,1.1903416,0.4263905,0.93921745,0.9471994,0.7353071,0.9150496,0.055915028,0.2894284,0.9567305,2.5201795,0.46166718,3.6161854,2.9587147,0.07517889,1.3391374,0.3392206,0.29932415,0.3650545,0.40371642,0.17037424,0.05357507,0.89507425,1.2454401,0.44276443,0.917571,1.6098732,0.75115573,0.124439396,1.0662444,0.33146542,0.17032537,0.4855925,0.6207698,1.4048936,0.17314017,0.24206464,0.3831668,0.3941841,0.5197284,0.05879605,0.9130282,1.0736274,1.1897423,0.64516085,0.495502,1.0483545,0.6788648,1.5493495,1.0225786,1.1400113,1.8824465,1.220448,3.765262,1.210816,1.2711678,0.6172468,2.043393,0.16607077,0.41762593,0.24863857,0.49651045,0.63963187,0.44406906,0.104984604,0.5986566,1.8655634,1.1166553,0.43091992,0.36275768,0.2152038,0.9107369,1.8127273,0.76204693,0.7937186,0.3581305,0.4812897,1.7057741,0.34799117,0.05309512,0.47674388,0.054166835,0.25960928,0.10436079,1.4093981,0.21080525,1.0844275,0.5147434,0.41432667,0.58040744,0.14951257,0.44342005,0.055466447,0.14115575,0.8525809,0.4783944,0.16124545,0.54340374,1.4859535,1.1277044,0.22324264,0.016399577,0.95753163,0.85149443,1.1334227,1.6059278,1.2858186,0.6184486,0.24231605,0.95905393,0.34912053,0.651851,0.8769347,0.27040008,0.77460945,0.11371228,0.18300001,0.219793,1.1348307,0.51885575,0.07571717,0.2100709,0.17168719,0.13719904,0.17006628,0.22469944,2.341258,0.53521585,0.13780524,1.2325814,0.22419386,0.87860215,1.2006348,0.68180895,0.124281615,1.4170831,0.69281626,0.67258376,all_pothole_images\pothole_images_enhanced_20b66af879c9b32c1218712d7cf194f7.jpg
0.87042314,1.2803442,0.31630078,1.3158941,0.3592293,0.6412175,0.78422356,0.9538195,0.051150154,0.4551398,0.13631375,0.6517656,0.84014016,0.3261902,0.0017337037,0.20985492,0.20762183,0.73383254,1.0023602,0.022553535,0.48051572,0.84076816,1.0223223,1.5271105,0.40476558,0.21111962,0.89945376,2.3521411,0.11223707,0.16933295,0.56810886,0.27877367,0.40811265,1.8160555,1.0814292,0.6247455,0.27115527,1.2339479,1.0093813,2.1536512,0.021429557,0.015595098,0.002719263,1.3217424,0.32544822,0.6425338,0.17073825,0.03992013,0.06642304,0.4297608,0.2224042,0.69830436,0.22238953,0.44323933,0.15114535,2.7024753,0.46435997,0.10786419,0.9599948,0.18143326,0.038815904,1.1700872,0.14300731,0.068182305,1.1747285,0.7965741,0.5061795,0.27291203,0.45590785,1.4495656,0.8691358,0.32740277,0.06984498,0.33992478,0.017761413,0.11549433,0.17491458,0.7449471,7.605101e-05,0.16454007,0.23053642,0.06387103,0.43681267,0.12837772,0.9151893,2.441247,0.07340996,0.82531035,1.3656471,0.6941681,0.17978644,0.6153183,0.0020307538,0.20560037,0.5154093,0.2658965,0.5056743,0.8329469,0.05864832,0.15397188,0.14619385,2.2800994,0.74943227,0.43789223,0.41240647,0.5374847,0.03738664,0.16695906,0.24251042,1.1712072,0.10412048,0.48737082,1.0586128,1.518024,0.3661956,0.07705509,0.3169758,0.67951393,1.0316366,1.15839,2.8386343,0.8861586,0.119714595,1.955782,0.4994994,1.1214433,0.68567944,0.5567273,0.9207337,0.25677893,1.2941278,0.5330403,0.24871363,0.7140107,0.43810374,1.7963564,0.0053648497,0.4996066,0.056562353,0.48704198,1.9852326,0.0,0.8600548,1.5905217,1.2289518,0.8630232,0.23491248,1.2352003,0.34799388,0.3771379,1.0299455,0.042689633,0.017665664,0.0,1.1529948,0.21323146,0.78592974,0.14354229,0.45482868,1.0246035,2.6775718,1.8362676,0.017708793,0.17936052,0.17092508,0.09738196,2.272826,0.05973377,1.4354777,1.066633,0.81272846,0.05947217,0.12304047,0.06354863,0.44255206,0.21769792,0.019512903,0.0,0.885536,0.37697485,0.49168035,0.8969488,3.5091035,1.0128766,2.0755217,0.1884085,0.047282927,0.18337654,0.4606039,0.50700265,0.6386669,0.7070352,0.30525503,0.80884475,0.25030756,0.025375886,0.026175437,2.8071167,0.00031042116,0.10579543,0.2549965,0.86548746,0.5218587,0.7349407,1.2643222,0.8920299,0.8554812,0.39886475,4.098539,0.61537445,0.01335815,0.9039101,0.14235008,0.33086362,0.916561,0.6528524,4.288653,0.20559002,0.30098698,0.36933598,0.4603856,1.2808386,0.86614263,1.0653229,0.46672744,0.11389218,0.50580454,0.081899576,1.3646764,0.8284312,0.18101329,0.88929677,0.49387863,0.33098698,0.41897586,0.6617414,0.3958439,0.7054902,0.0217678,0.16839612,0.23471336,0.40830263,0.18563928,0.022329794,0.3717831,0.28831437,0.2135046,0.03984229,0.55916584,5.1885724,0.9766849,0.03833289,0.055500545,0.3713407,0.08752039,2.231839,0.7733308,0.022698402,0.5060539,0.93123007,0.42016998,0.11508776,0.41955265,0.3306542,0.09611443,0.71148175,0.3471637,0.7165441,1.0945226,0.0,0.51895976,0.47884297,0.48304603,1.5297471,0.0156397,0.31427398,0.1741792,0.86667913,0.18393824,0.7518295,1.6007519,0.0,0.5114055,0.0,0.46866903,0.10645248,0.029899646,0.21031503,0.701497,0.625387,0.92899567,1.2255565,0.22379074,0.4437096,0.1923214,0.41226876,0.62084264,1.8796556,0.014124419,1.9242195,0.10261407,0.42778963,0.0,0.5419853,3.7785137,0.2718271,0.0025234257,0.003783845,0.02495081,0.17389476,0.018838886,1.2987151,2.7825246,1.5533342,0.27924582,0.7879268,0.4587108,0.20845091,1.122917,0.52963454,1.7207495,0.1951863,0.28755662,0.420258,0.9479884,0.17642263,0.17761023,0.05567422,2.5919824,0.24754983,3.0812898,0.00369486,1.7211144,0.1385622,0.18301138,0.2782833,0.44115835,0.05408372,0.2181521,0.39083987,0.34593543,0.64823186,1.3750205,0.5016945,0.93995476,0.20557773,0.81527305,0.52135235,0.09287332,0.0976994,0.51616603,0.69735295,1.0784175,0.09108143,0.049364574,0.7143673,0.026056824,0.93490344,0.14903548,0.35788593,0.642159,0.3411886,0.44544882,0.27612704,0.2903653,0.281748,0.91458565,0.08219843,1.5668153,0.23769954,0.40709996,1.303748,0.82079834,0.0047334814,2.617933,0.32453054,0.5735632,1.7691375,0.75428116,0.8029346,0.3906649,0.011691568,0.44587645,0.69294584,1.145813,2.0469794,1.1707108,0.0053767036,0.4232356,0.10982651,0.79403514,1.1441861,0.5059621,0.79712784,0.051191106,0.16009407,0.9206846,0.8741815,0.23966192,0.77163124,2.01112,0.92383635,0.5282893,1.6155865,0.22646464,0.29368716,0.25036794,1.2943165,0.0,0.13456361,0.50439054,2.3404863,0.72198564,0.25340748,0.0,0.20756164,2.3066556,0.7100922,0.02332702,1.5622082,0.93866694,0.76811755,2.8405848,2.2380505,2.8692732,1.1250226,2.9367425,0.65782243,0.5810637,0.13210197,0.71000576,0.1957637,0.26888695,1.176065,1.4016316,1.0963836,1.1054913,0.064139016,2.053191,0.4818246,0.11571807,0.3615985,0.5112191,0.19067581,1.5820925,0.0021811633,1.4695363,0.4000008,0.111811586,1.5420996,0.6956902,0.46909755,1.2113276,0.28914133,0.7120374,0.5412872,0.67945176,0.73512685,0.25605714,0.72957593,0.88790596,0.5001948,0.90119934,0.068222135,0.106534086,0.009473235,0.07787906,1.6806791,0.27218434,1.0301907,0.7163918,0.66750383,0.8844013,1.02784,0.6733668,0.012970666,0.08765397,0.6469002,1.3507628,0.18180116,0.98871654,1.1002822,0.9746961,1.5651059,0.6255612,0.34831053,0.7031927,0.6899344,0.91903454,0.06585597,1.1233332,1.3746605,0.1491764,0.2224584,0.085695185,0.045830447,0.04436315,0.030478781,0.68758404,0.2280945,0.14045842,2.1622639,0.55289525,0.79555595,0.88014525,0.7124288,0.0929554,0.23658812,0.5852479,0.38120311,1.3065447,0.21133539,all_pothole_images\pothole_images_enhanced_21c196aa705ebd60c2bf7bfe66d70c28.jpg
0.16921102,0.22599703,0.4449167,1.8301774,0.28330302,0.0012909746,0.14509223,0.0016254276,0.021417262,0.66659176,0.12148547,0.0783994,0.010560199,1.2451258,0.0008414275,0.061460294,0.049102146,0.97865576,0.37904352,0.18159175,0.48536384,1.5368403,0.26910207,0.1784984,1.3412313,1.3449336,0.6738342,1.9572918,0.019541528,0.18176629,0.3085884,0.25600463,0.48744357,0.011548962,0.0,0.6303146,0.48282093,0.8402741,0.12120002,0.09271846,0.0,0.8474917,0.19829853,2.4561763,0.8993055,0.21299657,0.6910673,0.0,0.5566491,0.010516784,0.07383801,0.28904283,0.081196636,0.026831364,0.015532798,0.19593327,1.7431428,0.14678638,0.0018775659,0.007760535,0.0,0.041093178,1.2729721,0.40352497,0.91177726,1.6848803,0.014267022,0.13439614,0.0,0.11900872,0.033929743,0.5434561,0.01727904,0.38801855,0.018244188,0.3364965,0.03787913,0.34039012,0.0,0.0,0.09796322,0.013910544,0.79945487,0.2256936,0.016114723,0.005080915,0.36063805,0.00614925,1.733566,0.07964868,0.026865998,0.25574407,0.031357277,0.0037575115,0.011499513,0.019655745,0.046326086,0.33707878,1.0282543,0.078143634,0.0,3.2042086,0.2254122,0.0,0.4533979,0.7700006,0.077092044,0.24097836,0.3527849,0.30616426,0.020828616,0.36095732,0.48167711,0.4650263,0.97846997,0.1460796,0.3377304,0.0525976,1.0507258,0.51445687,1.9971668,0.11181835,0.015482901,0.8283875,0.047816504,0.09702412,0.028132688,0.064713426,1.6084702,0.031367686,0.0059342026,0.045729924,0.0,0.06500658,0.022663014,0.025257602,0.05180892,0.21172066,0.2953368,0.19400361,0.1027149,0.013859919,0.612987,0.26863858,0.15983526,0.9671941,0.015671173,0.3384105,0.40399843,0.30758438,0.01244861,0.07040394,0.0005084197,0.017307311,1.3005139,0.357103,0.15890071,0.2286665,0.34145832,0.31652075,0.91442376,1.1939516,0.08394677,2.1225202,0.4593922,0.012544241,1.4821448,0.71206015,1.668124,1.1583892,0.017935302,0.03969263,0.08991074,0.035333384,0.23652007,0.14944902,0.4752439,0.04803486,0.30243218,0.004412994,0.0025565466,1.5412986,2.1389518,0.0025782,0.8289625,0.2141158,0.6306348,0.21897796,0.12618503,0.7531354,0.118370056,0.00043839865,0.052966293,1.0795513,0.44610575,0.0014020122,0.24931596,0.09321617,0.20032294,0.053296715,0.1741803,0.22218853,0.22439778,1.0419464,0.07675132,0.21017203,0.069472566,0.0006048257,1.0059931,0.08076354,0.011467719,0.015071445,0.5366513,0.9036524,0.0681553,0.76592827,0.21784556,0.0,0.0010991504,0.1821368,1.1499503,0.16968828,0.04412797,0.002130228,0.0005804247,0.24302344,0.73961216,0.10398344,0.17005013,0.9296001,0.51794976,0.54290104,0.0017664961,0.16378163,0.6451783,0.0,2.063952,0.0044663846,0.112246454,0.4083911,0.005229134,0.027949883,0.032383107,0.267295,0.5421982,0.0,0.13176571,0.31889093,0.0025566143,4.508908,1.9599733,0.10015899,0.0014325631,0.16046965,0.0,1.155806,1.0110737,0.19393477,0.8079113,1.5972742,0.0,0.012555199,0.20977525,0.33352274,0.092953496,0.44166937,0.06590497,0.56627333,0.85946184,0.0036034705,0.14494404,0.006188435,0.0070892773,0.018691387,1.3246366,0.17092797,0.0,0.03400018,0.41528836,0.20531937,1.7819216,0.17092195,0.26888335,0.0085244635,0.0,0.04548394,0.37138715,0.40678853,1.3223348,0.14131986,0.027106373,0.008569125,0.017795837,0.9460935,0.036658127,0.47358733,0.18135664,0.73339975,0.08392984,1.1552107,0.35141054,0.3262997,0.05248293,0.22806399,7.770068,0.45356742,0.0,0.18397808,0.08036264,0.30090457,0.09883671,0.85521555,1.3919406,0.57315826,0.24380094,0.17887726,0.058670893,2.086603,1.6763037,0.26819977,0.22864449,0.0,0.037741896,0.0,0.17557207,0.0014349185,0.7678704,0.035130005,0.09342159,0.007562411,1.536489,0.0,0.016992327,0.07561173,0.12017497,0.09871686,1.894283,0.063721046,0.29925388,0.03914671,0.6041908,0.4510095,1.5179505,0.26563942,0.10530089,0.20574798,0.029021561,0.5034699,0.9496748,0.46622506,0.696855,0.033105403,0.044598762,0.06950467,0.0045698355,0.014342281,0.13565663,1.350586,0.0021824315,0.0029026757,0.08924914,0.04894753,0.21049766,0.06609882,0.09169172,0.0,0.23153108,0.13656329,0.0019217149,0.010122312,0.1509777,0.04533685,0.40957585,0.00013506047,0.14152494,0.033647105,0.14478995,0.014160381,0.20429532,0.13674246,0.07042716,0.0,0.1897157,0.39859495,1.6243919,0.53818756,1.9436679,0.034412175,0.018222306,0.14072548,0.68318737,0.02718888,0.14922562,0.43975577,0.068157256,0.0,0.076917864,0.52194434,0.0013578988,0.009396836,0.45994216,1.5051913,0.020965941,0.1565267,0.85202813,0.53442514,0.0043769763,0.71700674,0.27755776,0.008965613,0.047959454,0.39513785,0.01097806,0.10908267,0.20072424,0.36859286,0.740286,0.47711426,0.008164509,0.023132129,1.623134,0.0029082538,1.2289215,1.9319292,3.2676983,0.6453215,0.07396851,0.21378577,0.11792466,0.013989327,0.27696386,0.0,0.0022518807,0.1484926,0.069624916,1.1165487,0.30250266,0.6252886,0.018035868,0.100950986,0.7120232,0.22598644,0.19446787,0.0051553943,0.8731406,5.715248e-05,0.10742309,0.12171124,0.09645539,1.5009851,1.3546666,0.0054549514,0.13417855,0.34335777,0.25772342,0.39037564,1.0217246,0.24521977,0.29236844,0.87105036,1.3749822,0.12994353,0.8660831,0.124478675,0.36995354,0.0,0.0,0.009118199,0.025184412,0.1964973,0.17792162,0.2971035,0.02196048,0.0,0.5240745,0.0026510954,0.08339308,0.66916305,0.57877475,0.009658159,0.052982114,1.2588614,1.0689001,0.08747426,0.08991348,0.103609025,0.14229806,0.016289154,0.065969415,0.04654419,0.022698317,0.8375057,0.21676913,0.16690141,0.0,0.0013548597,0.33291906,0.034282565,0.07721839,0.05613699,0.55707514,1.885521,0.05014814,0.026098356,0.030345352,0.6948817,0.42451137,0.068040386,0.05411249,0.67633694,0.07387908,0.30068383,all_pothole_images\pothole_images_enhanced_21e331e1bf92d72450033a4db2a539d2.jpg
1.0851291,1.6628609,1.1606612,0.81368923,0.20408198,0.107636996,0.09212425,1.7082214,0.23739713,3.2820582,0.015356632,0.18779948,0.021081284,0.9018971,0.9219282,0.124895506,0.080530025,0.38668427,0.040359393,0.79100984,0.047509424,1.767006,1.1104676,1.9516687,0.39085123,1.0118906,0.43952,0.7599622,0.55781305,2.8353999,0.38653362,0.14426616,1.5519955,1.1846906,0.020472966,0.4983288,0.056338634,0.8460503,0.49536216,0.2041513,1.0165116,0.88105214,0.008298278,0.2237954,0.598594,0.06518398,0.36318526,0.018760817,1.5778017,0.51612633,1.596891,0.80713356,1.8014297,0.098789655,0.8643102,2.292698,1.1697793,0.8614647,0.71300304,0.76478666,0.5975142,0.7358556,0.7012352,0.7614265,1.0986217,1.9152355,0.010685934,0.42227438,0.4088934,0.95053345,0.36650452,0.37859705,0.17948355,0.53816944,0.70927006,2.185678,0.03023546,2.1572309,0.6192254,0.07999851,0.05120825,0.91807914,0.65889513,3.2218242,0.6322908,0.91987735,0.8599455,0.5683218,3.453432,0.9972221,0.016756454,0.48056227,0.7267411,1.1866012,0.9754061,0.7755906,0.90100867,0.13939542,1.0237731,0.10860122,0.6403993,2.3869827,0.3215406,0.083702914,2.4239028,0.35110995,1.0961188,2.037424,0.17429644,1.0317515,1.1095488,1.7442455,1.4892291,0.6593114,0.08083957,0.46233305,2.9625304,0.069467284,0.6725389,1.3905935,3.2211092,0.34259853,0.60272694,2.4246309,1.770237,0.9938671,3.038239,1.6199224,0.37897408,0.22918762,0.40244538,0.025163399,0.41460344,0.4146745,2.124815,0.67141956,0.7867838,1.8157474,0.58289796,0.84299517,0.48054346,0.24006423,1.9468303,2.1340253,0.20894065,2.6793318,0.8444083,0.42896706,0.029523829,0.142899,0.7766267,0.5896347,0.49660295,0.34097114,1.5543281,1.3075905,1.7285609,0.45591983,0.018469352,0.8466479,1.2591141,0.284018,1.0159408,6.793148,1.2050501,0.91390073,0.5130014,1.8776965,2.409581,0.771929,0.12568885,0.0,0.42670697,0.372362,3.4908583,0.09410367,1.1329348,0.2036187,0.39607224,0.9249652,1.0862353,2.8257458,2.5120943,2.1905918,3.1512606,0.44005942,0.29639852,2.5206282,0.24344432,1.553439,0.084092215,1.8986269,0.2558156,2.807992,0.032588918,0.4165549,1.393383,1.5314709,0.23263182,1.5840924,0.84545684,1.3759197,2.028746,0.5178872,1.1285161,0.32319477,0.43400168,1.1807213,0.16433874,2.1592534,0.122071885,0.13150002,1.6755713,0.47347796,0.71689296,1.2454568,0.24529466,1.2029997,1.583791,0.027544921,0.73125994,2.0267694,0.31039333,0.5725935,0.19104755,0.5634848,1.7993231,1.0417401,0.8437805,0.37632295,0.3864261,0.13417193,0.039115064,0.6529473,0.5447535,0.06594969,0.9917964,0.4962322,0.34907532,0.48976243,0.28847706,0.381085,0.8216738,0.7104605,0.8140962,0.2962861,0.77649015,0.782514,1.6708614,2.8660612,4.0543513,0.5022102,0.8854569,0.3952778,1.199113,0.05865569,0.550032,0.032752313,1.1192886,1.0970992,0.60378426,0.13493145,0.7933007,0.43089402,2.8151255,0.95155215,0.049510915,0.3585087,1.3711051,2.0337882,0.038280003,0.5526584,1.9449992,0.6652266,0.5541319,1.8731723,0.967126,0.89725834,0.0018628768,0.6222113,0.16920324,0.97105724,0.09304438,0.78692424,4.1630206,0.11783977,0.2867184,1.6387385,0.90699935,0.81361526,0.0,0.7014468,0.5692828,1.1440368,1.1731791,0.16180174,2.0041757,1.0154347,0.06794689,0.4236059,0.40916276,1.529006,0.72587085,1.2722676,1.5482872,0.34674752,0.77330077,0.3362388,1.440236,0.70023733,0.5833291,1.3130096,3.30458,2.2247074,0.5196898,0.34295416,0.32721072,0.20279631,1.9756933,0.3154298,0.9572587,0.48522097,0.3015026,1.4178736,1.2256513,1.7157869,0.26347205,0.92762554,0.88176227,0.51976913,1.7683065,0.41399157,0.004936691,0.8796824,2.5808375,0.20798501,0.18647969,0.1904946,0.5558389,0.21116093,4.478651,0.7730563,0.840824,0.29520106,0.1973212,0.07855057,0.58559847,0.33847558,0.12523009,2.186422,0.66359586,0.5701888,0.06814278,0.5859584,2.4791937,0.7490522,0.19205803,1.8189052,1.7130531,0.6646688,0.44057125,1.1187171,1.684952,1.6018714,0.04519388,0.60737175,1.6463813,0.34205008,0.22571744,2.1356857,1.7310115,0.5808082,0.2373982,0.5738421,1.4013549,0.76513,0.16918786,0.7942837,0.08603249,3.1557405,0.23207207,1.2065442,0.71243376,1.2367611,2.2230678,0.39596486,0.39901444,6.9315944,0.37547627,2.787538,1.2509584,2.2131174,0.4330382,0.7648257,0.066452354,1.3915086,0.33316997,1.5035319,0.9573627,0.08497602,2.86142,1.4954433,1.0504371,0.56809235,0.37020096,0.098451376,0.17446482,0.4856252,0.7610329,1.5060569,2.295937,0.07834763,0.4700713,0.99483633,0.59718156,1.551379,1.7919652,0.95699054,0.5296258,0.46544895,1.5362195,0.6493796,1.9889559,0.4431566,2.621853,0.095209435,0.6208331,3.2780106,1.7792838,2.9114726,1.2635183,2.300347,0.25268188,1.3641108,0.02890359,4.771493,2.8896134,0.44168675,0.36686298,0.17292035,0.45298618,1.1239533,0.49051914,1.4842265,0.07057012,0.9756602,1.0227569,2.4896336,0.277777,0.71344864,0.3387052,0.19127476,0.03117687,0.9453447,0.9940797,2.5599735,1.3842229,0.23788318,0.7970815,0.114101045,0.47706428,0.48416293,1.8697292,1.090208,2.6247134,0.88456553,0.6142013,0.23535337,1.0634422,1.4753587,1.1657614,0.5692147,0.5840888,0.8868881,1.7516787,0.81253207,0.41873997,0.6062078,0.21471821,0.07106941,0.9831957,2.5336397,1.185199,0.32881662,0.018777736,0.72220814,1.24625,0.0,0.5889823,0.06166363,0.1447851,0.11399203,0.278051,0.051480487,0.4474444,0.20409517,0.076822005,0.40340307,1.9936994,1.2042326,1.1671404,2.9530916,0.32703617,1.539036,1.6357235,0.7943879,0.0,4.291654,2.0813794,1.7107064,0.8968455,0.5340924,all_pothole_images\pothole_images_enhanced_21fb5e2a0779f5c159387d598be12936.jpg
0.92914283,1.1843852,0.4091772,1.8435572,1.6506983,0.29420942,0.5860965,0.58462226,0.08653683,0.1936821,0.7963867,0.49832687,0.6675266,2.6357377,0.48474967,1.5480934,0.17900318,1.1487591,0.6102026,0.61581,0.13095143,0.3590115,0.38784158,2.0789056,1.0724185,1.31837,0.34542942,2.1435723,1.0381147,1.069431,0.24727409,0.2467496,1.435321,0.24335176,0.20014134,0.31009582,0.56395,1.6266965,0.300001,0.3648005,0.493566,0.06616699,1.265328,1.8794898,0.2755174,0.8810773,0.62850124,0.013700733,1.6993246,0.7067748,0.4473928,0.6285546,0.97073394,0.59958357,0.12927303,1.2450283,2.0144238,0.28302664,1.4308243,0.51482123,0.93094915,0.6192225,1.8194399,0.564959,0.68744063,0.62217146,0.8707561,1.3309184,0.31672993,1.1219568,0.5495509,0.45817357,1.2421286,0.35863373,1.0992149,1.0818524,0.21733186,0.9439731,0.42367557,0.75209486,0.37605882,0.2649053,0.31402057,0.8937223,0.85413873,0.51636046,0.50550103,0.081989095,2.633837,0.21728212,0.42979217,1.0575198,0.18130134,0.3968946,0.4497651,0.37906638,0.6082264,1.7029084,0.33579245,2.0044324,0.0016809842,1.2222664,0.92779034,0.92378247,0.58631134,0.13564506,1.3449647,0.10139686,0.5954249,1.1682184,1.2822967,1.0865915,0.22218053,0.22991304,1.0532691,2.1183686,0.7288999,0.624492,0.4963154,1.1672665,1.0002754,0.40212128,0.8022049,1.436758,1.4380374,1.3369579,0.21170075,0.77035296,0.3288751,1.4411631,1.2657621,0.6657761,0.83451897,0.45906183,0.19727746,0.20105463,0.45035452,0.8592105,1.3275019,0.4923803,1.4451706,0.35976237,1.2476401,1.6759497,0.7200579,0.5170425,0.31377771,0.6920591,0.95631546,1.8499796,0.61397994,0.4611616,0.49197122,0.5031515,1.4929149,0.6330537,0.93839777,0.85197717,0.15989241,0.36996296,1.1235086,0.86950076,0.7331742,0.8270884,1.3677164,0.07356064,0.7231174,1.9048337,0.5255544,1.3347155,0.10387672,0.32469404,0.28783613,1.4689679,0.82980347,0.010081916,2.2766793,0.25061738,0.2334593,0.15133242,0.26533675,2.2023313,2.1415446,0.8001808,1.0132265,1.0898842,1.0050513,0.4622176,0.037409388,1.6260616,1.4067174,0.7379023,0.2795988,1.3162518,0.13476047,0.13652098,1.2604488,0.75653917,0.39207885,0.5071852,0.5367562,1.0256405,1.5261347,0.23229016,0.05990105,1.6485702,0.73279554,0.86115557,0.5706421,0.79913396,0.81819254,1.1175326,1.3607528,0.5451139,2.2342916,1.3314551,1.4395919,0.7932912,1.3643359,0.37125337,1.3888898,0.113154456,0.52601856,0.6503957,0.2220303,0.40312442,1.8393117,2.6285524,0.83664376,0.7089419,0.8199288,0.9274112,0.43884268,0.6111308,2.2848952,0.5161964,0.8986631,0.4559534,0.039382312,0.39995158,0.8202594,0.070645586,0.61077297,1.7655505,0.058715954,0.17428501,1.0635906,0.4628062,1.6139635,2.5605764,1.6096474,0.0871921,0.10778514,0.78885585,0.13001567,0.84334195,1.8869429,1.1259592,1.6503487,1.847299,1.2070533,1.2826034,0.8982223,0.66720587,0.617052,1.6761807,0.25610307,0.47752896,0.8208478,1.0249407,0.42696586,0.25534713,0.51716334,0.15240817,0.17245094,1.0265001,0.23032495,0.7259491,1.1540079,0.6765175,0.1560341,0.26399097,0.24726088,0.52758414,0.6119157,0.2704229,0.57310694,2.1395395,2.7894616,0.26105693,0.6851946,0.953619,1.7423266,0.61690384,0.7873538,0.935858,0.3723104,0.34225297,0.26922607,1.5563525,0.09827385,0.5939807,0.28888097,0.4289662,4.319473,0.8400083,0.14558706,0.73526293,0.33500767,0.6550187,0.96832484,2.0654514,3.2276952,0.2648469,0.28364134,0.56951904,0.41736096,0.2032733,2.778414,1.0323504,0.3812515,1.0758883,0.2439342,0.23527874,1.2767321,0.9386219,1.5917332,0.44810373,1.3542079,0.696615,1.5520872,0.17517528,1.139123,0.8490331,1.0431583,0.519027,2.6794052,1.8596166,0.81595063,0.40888563,0.6589432,0.29700035,1.071722,0.5725234,0.15131326,0.07897848,0.28588933,0.93746394,0.7499125,0.632222,0.9947503,1.2684529,0.5233322,0.012191065,0.083567046,0.0861039,0.2309819,0.9580531,0.5053854,0.3656445,1.5010977,0.44077003,1.2910292,0.58204037,0.029901061,0.118693955,1.559346,2.299055,0.17105281,1.0633839,2.4406674,0.8760497,0.91870284,1.4389384,1.0161216,1.243132,0.3397532,0.7446775,0.4767709,1.1481099,1.288386,0.23717691,1.1842344,0.62698686,3.289078,0.9885961,2.023148,0.38793784,0.31375015,1.2581462,1.3664974,1.3637344,0.544107,0.25732303,0.43694896,0.02331984,1.387577,0.5801532,0.93768275,0.043983128,1.8772238,1.1659275,0.77959925,3.4125197,0.47464213,0.5933251,0.21458857,1.1065668,0.5740908,0.19054534,1.0187856,1.6907884,0.26505724,0.7003203,0.45326075,0.68010885,0.55497485,1.128359,0.5280274,0.39886615,1.0224265,1.1363378,0.7990581,1.5570462,0.46370968,1.2105539,0.61513376,1.2361804,0.58945817,0.8634483,0.68409854,1.10006,0.72026896,1.5123303,0.5801926,2.6528769,0.5033828,1.0051652,0.07390188,0.22124884,1.795052,0.30975276,0.6332892,0.06317665,0.61352354,0.32657138,1.6846035,0.7823982,0.49332523,0.7681387,2.7464232,0.61065644,1.0831199,0.2940139,1.082434,0.7924769,1.2943841,0.34139237,0.2797869,1.0971975,1.2273908,0.22055086,1.1516138,0.44882268,0.51294094,0.5473112,0.58941585,0.5453012,1.547552,1.9523578,0.6320116,1.0300974,0.5958857,0.5233886,0.16389893,0.89104664,0.2639721,0.85044634,1.4621706,0.10349045,1.9819307,2.4696252,1.1933448,2.1277134,0.0,1.3281829,1.71103,1.2546434,0.44464213,0.31653866,0.6235836,1.4572226,0.86203843,0.28760785,0.4953869,0.6448721,0.2305074,0.11143219,0.64303285,0.13457689,1.1436694,2.7848964,0.062057562,1.7663993,0.44187015,0.5495739,0.6293748,0.84619814,0.42984638,0.412705,0.31888026,0.33770788,all_pothole_images\pothole_images_enhanced_22091e3c50129cbe14eb1e3af11bfd88.jpg
1.5919151,0.39648655,0.0022498842,2.5364068,1.0926753,0.34544247,0.90820646,0.54436404,1.7646374,1.5054424,1.1624646,0.8782232,0.5145064,2.5269248,0.56680983,1.6803668,1.1633722,0.6241338,2.8914478,0.8235576,1.1989648,0.97090614,0.0043581435,0.54421484,0.74827325,1.1520214,0.22043683,4.197772,0.41874975,0.3144423,0.01374977,0.91086006,0.12343091,2.3475032,0.0064123003,1.6356446,0.03213805,0.32896328,1.5323011,0.236295,0.0,0.018677656,0.49532863,1.6607211,0.5440987,0.574139,0.86934483,0.12848704,0.592921,1.2762759,1.560172,0.056105204,0.3665135,0.1441949,0.36179253,1.8742896,1.807818,0.24657749,0.456958,0.13580516,1.2412208,0.71643686,0.53726524,0.17370276,0.74160796,2.1247416,1.1172558,0.7728837,0.37408948,0.1514278,0.87709576,0.039932154,1.2052184,0.29355583,2.058409,0.18221581,0.45848635,0.9090286,0.5566285,1.1019248,0.029142205,0.75581825,0.0,0.30737576,0.3340489,0.17970608,0.094636604,0.7097024,1.8182572,0.55046344,1.3056241,0.22116788,0.27972162,0.6374377,0.47689864,0.020709248,0.5476311,2.331691,0.41416836,1.6226233,0.0,3.061519,1.0213419,0.23720399,1.3695385,0.22084455,0.069329865,0.0579362,0.043011285,0.50021553,0.044483125,0.3873061,1.7372022,1.589419,1.1319436,0.44878265,0.110236205,0.31485632,1.7435224,2.4351475,3.0830748,0.40221697,0.004984522,0.6787802,1.4642689,0.7940255,1.8307389,2.1628253,1.0262817,0.057709187,0.120999016,0.2292118,0.049237937,0.9177861,0.6881302,0.459036,0.5862372,1.6730363,0.112007,0.61198896,0.043351285,0.04456306,0.19916804,0.32002568,1.425136,1.6326061,0.0011236699,2.302426,0.7433211,0.18580218,1.1144038,3.4397483,0.7743615,0.013838873,2.1683867,0.9032552,0.59301394,0.048620116,0.56797695,0.42404243,1.867916,0.44272628,0.08360431,0.7735667,0.27192017,1.8552403,0.20494439,0.21283016,1.2202058,3.912486,0.21498664,0.037919912,0.3575894,0.22728853,0.04473911,0.13159667,0.56194496,0.06861796,0.1318421,0.0,0.58237207,1.8872739,0.87431216,1.5418788,0.7168434,0.48253623,0.5984141,0.9102293,1.3822289,1.1326797,0.39336613,0.10805918,0.70614755,1.381432,0.13907759,1.1955919,3.3098137,0.0,0.9395389,0.12661822,0.3684728,2.711889,0.28607795,0.4870477,0.0093807755,0.17802477,1.9369553,0.027510868,0.18137583,0.9909241,0.13605298,3.1145762e-05,1.0676519,0.88319224,3.701853,4.454688,0.254668,0.5117729,1.1395118,0.28856736,0.36190632,0.49162215,1.378789,0.8164464,0.06535036,0.03969784,2.5490713,1.4668957,1.4105885,0.4778085,0.0,0.11698593,1.7730454,0.48828483,0.07285349,0.12788999,2.844856,0.38387913,0.039250407,0.045752402,0.17207193,0.33791202,0.3807465,0.6330216,0.11161944,0.0,1.2698401,0.30461672,0.5835861,3.541508,2.2740717,0.69760776,0.3345127,0.537029,1.2316332,0.8310944,0.7259884,1.6380684,0.0,4.3111253,0.77716064,0.07622705,2.466738,0.1961661,0.03388701,0.12173734,1.5227128,0.16350539,3.5938218,0.046336506,0.7189645,0.28971243,1.183666,0.41511518,0.029160066,1.0925692,0.23601052,0.6779145,0.8201956,2.6366072,0.041515242,0.4324807,1.486818,0.19660349,0.30435115,0.0,0.48638457,0.3162925,1.3660365,0.28070554,0.65870214,0.13693376,0.6686297,0.7577813,0.76080424,0.13008612,0.1359084,0.13884875,0.55094665,3.468208,0.33411935,0.34370294,0.17293018,0.9569624,5.910794,0.14192578,1.547637,0.6906304,1.3223357,0.054704685,1.4445442,2.3595564,1.2090033,0.7095393,0.11664249,1.0262624,0.0,1.3755814,4.1082764,0.2746819,0.8744759,0.029314833,1.0208931,0.05542464,1.0189328,2.3040776,0.25265405,0.05567999,0.4284761,0.020947043,0.73317933,0.017617006,0.50801265,0.084904395,0.04184105,0.20772152,3.2050383,1.4246203,1.0429931,2.7128704,0.5711224,0.09158063,2.4282625,1.2709445,0.8633962,0.33887443,0.60737514,0.38584614,0.036636017,0.2532085,0.7580204,0.43389875,0.5887459,0.47573063,0.63489115,0.29087666,0.03834381,1.3716809,0.76995265,1.7467912,0.55726767,1.2159842,0.36468646,0.82106,0.0,0.63269377,1.1981897,0.003446592,0.11067035,0.06667372,2.8822336,0.0062952684,1.4015032,0.06890946,0.014291832,0.3481742,0.1444077,0.08970713,0.83365935,0.14599344,1.6511598,0.36804414,0.14879581,0.058617737,3.6027713,2.5763204,0.95569736,0.08503119,0.6771936,1.6422236,0.8580725,0.052045956,1.8161486,0.21370173,0.032597564,0.06773059,1.2347374,0.5483298,1.9344974,0.0,1.4097453,1.8173485,1.5393083,0.45786095,0.11343842,1.0855526,0.56922257,0.53346306,0.52442247,0.31673527,1.8085853,1.5029882,0.5211017,0.5575032,0.0,1.0585268,0.6149236,0.23866472,0.6219228,0.73836666,1.69388,1.6666088,0.5244939,0.48627082,3.2632563,0.3362074,1.9432597,0.062374443,0.585863,0.8619505,0.38440162,0.80773497,1.768559,0.6201431,1.3897547,3.2655222,0.78698134,0.6530899,0.00091980165,0.33617756,2.127042,1.1114613,0.5228161,0.20626828,0.33777478,0.009023933,2.1535954,1.0988286,0.13688532,1.0167937,2.5033855,0.6228031,0.9239975,0.5758125,1.3100021,2.3592453,0.2570568,0.41521925,0.31333336,2.6189787,4.620858,0.120798595,0.76532197,0.010297856,1.7660544,0.18257576,0.6583193,0.0,1.5165895,3.682941,0.8561392,0.30405435,0.061392307,0.03066506,0.85643286,1.473528,0.35590175,2.7551947,0.71105987,0.19860746,0.94564444,3.239028,0.4885163,0.27932686,0.0065372703,0.0024982067,0.3700282,0.15549625,1.3244879,0.0,0.41554186,1.2876898,0.14123099,0.11350196,0.26415,0.030953664,0.1398129,0.35732767,0.3535467,0.065414816,0.41059202,6.9902954,0.15235642,2.27387,0.9597693,1.0293381,0.2828463,0.8515373,0.015888505,1.1586276,0.2528273,0.36102363,all_pothole_images\pothole_images_enhanced_2233142fb390142aeb80cd310fc830b2.jpg
0.96362925,0.31149063,0.58865327,0.56658995,0.43783408,0.44049498,0.7098162,1.0879662,2.5819159,0.47495046,0.52857596,1.1800218,0.0,1.5905768,0.23027739,0.7390016,0.00121657,0.1164201,0.11917884,0.3651592,0.45517445,1.7603848,0.31941146,0.64884096,1.4974799,1.1525244,1.367383,4.8826523,0.6172371,0.2601884,0.18649575,0.014390911,2.0882633,0.94256043,0.005685069,1.3687084,0.0,1.0651873,1.6871969,0.40739292,0.6167229,0.90090585,0.76625925,0.6252053,0.11841342,0.58990884,2.0076518,0.027900804,1.8939989,0.94205636,0.5972711,0.5373141,0.1277566,0.10952059,0.3751272,0.20117863,1.1033243,0.0042997994,0.43991756,0.13078645,0.24033156,0.24129048,1.1064965,0.081178546,2.2920127,2.1776593,2.1242118,0.5895384,0.48656502,0.1802124,0.081223264,0.021429304,1.0126817,0.22267355,1.2311007,0.38402984,2.4191887,0.3308716,0.72679675,0.08367186,0.2741608,0.7527265,0.64565647,0.9903056,0.18351646,0.0,0.26616788,0.54933137,0.29489136,0.27575007,0.18271853,0.033965055,0.0,0.42279512,0.025342584,0.09924885,0.46182522,0.2132183,0.1459148,0.35243455,0.00012861831,2.1957226,2.0696166,2.8909914,0.7335682,0.17614345,0.5973133,1.023134,0.03542582,0.46607995,0.48905876,0.0679117,1.557245,0.0612835,0.7246134,0.15555052,1.3539765,0.14922634,1.6400971,0.67424,1.7486316,0.6384005,0.04348496,0.71083426,0.5765776,0.0075691193,0.72117245,0.50820476,0.16430785,0.10370213,0.2592626,0.22627744,0.39777368,0.43746543,0.167264,0.20834513,0.7924123,1.1930017,0.2517574,0.17335421,0.9397162,0.93214726,0.67955,0.0011769545,0.5732945,1.0915821,0.0030874829,1.0730168,1.143006,0.78531605,0.39672863,1.1778834,0.0058903573,0.30048725,0.6646823,0.14447263,0.83468354,0.40797397,0.28373718,0.26373067,0.7219997,0.8257587,0.54823697,0.17389922,0.034412276,0.107406855,2.1429172,0.5575487,0.7674825,2.078886,0.0005833839,0.01763784,0.03348578,0.5754403,0.39694446,0.06944651,0.46913567,0.040724505,0.63662165,0.10705757,0.05902974,0.8042904,2.1630929,0.92034644,0.7805163,1.2728887,0.051189046,1.459891,0.7904222,0.9189052,0.61286193,1.4714694,0.36674905,5.1970673,0.80467683,1.2568941,0.4726928,0.48821083,1.1001765,0.5958978,0.5365207,0.5516979,1.6170197,0.11307424,0.36047223,0.12906814,0.5549237,0.3214108,1.0031117,3.38562,0.23243219,0.14559866,0.28594282,0.08122797,1.3716418,2.1987472,0.028961703,0.35317203,0.22302267,0.124599084,0.5711558,0.51044106,1.5245066,0.16107097,0.090152964,0.06340046,2.4779208,0.65533024,1.3624239,0.5409642,0.05745407,0.123814516,0.0072525768,0.4297409,1.6725024,0.24958937,0.49697235,0.03456905,0.26749855,1.3950723,0.004710093,0.6934039,0.07655414,2.3878183,0.83414227,0.036977883,0.6640466,0.81919646,0.07470239,1.8578837,1.7746243,0.9478142,0.32090762,0.21482043,0.09033697,1.1642717,0.11586792,0.17666137,0.6991771,2.8568568,1.1279742,0.58929557,0.65956676,0.6030327,0.11713417,0.24069583,0.09927114,0.37924108,0.25396028,0.0,0.25058123,0.02599849,0.011690232,0.13153084,0.04066296,0.91482747,0.39247513,1.001061,0.82856435,0.330712,0.32524842,0.28602308,0.3199304,3.0888147,0.27014056,0.4114206,1.8310484,0.15962526,1.7625111,0.0,0.027361859,0.09046212,0.024413453,2.4238577,0.11086014,0.036352642,1.1401476,0.019039208,0.027795343,2.5292199,0.22354348,0.7437439,0.19471349,0.25046363,2.3149734,1.5919734,0.28759098,2.6127257,0.3882244,0.51192623,0.3072819,0.4111613,3.1823628,3.2088776,0.09695517,0.8162459,0.17659034,1.2496091,1.0305157,0.16668816,0.43894997,0.069619335,0.98767525,0.19725357,1.5192227,1.9946892,0.87456465,0.7837004,0.5996687,0.04362816,0.3898683,0.35916945,0.010456293,0.20878293,0.7390381,0.25684696,1.7977369,1.8831083,1.1363115,0.2618759,1.2341342,0.2889628,1.8342749,2.2384357,0.23234555,1.0669718,0.8160434,0.58550745,0.37100476,0.35428968,0.73322827,0.5255771,0.29539177,0.8174317,0.22575316,0.20035161,0.067236744,0.65623206,0.9505618,0.29488748,1.775078,0.058848303,0.4752073,0.14830163,0.10672217,2.205324,1.4961193,1.1788055,0.12977152,0.39409515,0.83029,0.15067467,0.42351073,0.5829204,0.13774891,0.009183496,0.077563666,0.18262723,0.16575244,1.0718575,0.8426595,0.80222535,0.96545184,0.15098013,4.1511574,0.11470475,2.8019128,0.6079906,0.515545,2.581441,1.4556221,0.98758394,0.4955084,4.311538,0.15648882,0.12664571,1.1861731,0.09650486,0.5825955,0.018505005,1.0105677,0.34566388,0.6290914,0.14646351,0.0,0.9069363,0.9470157,0.9430405,0.19639494,0.008111156,0.0031808624,0.7330641,0.70063716,0.19244727,0.2700667,0.6604989,0.8778931,1.0245557,1.0343654,0.09579313,1.2641265,0.7926069,0.07834495,1.5327644,1.2597053,0.27404982,0.331529,0.14662604,0.25513807,0.13706744,0.04930863,0.48260605,0.22828566,0.32800096,0.0752497,2.2474496,1.0713841,0.0172926,0.0204907,0.46803486,0.93508387,0.47996998,0.18117325,0.43248573,1.3390096,0.2249581,0.26876786,0.8589261,0.05353044,0.044893987,1.4309027,1.0898027,1.883847,0.3219336,0.685187,0.59945726,0.93154734,0.60775685,0.65607685,1.5543343,2.3008864,0.0024293724,0.20627585,0.3112969,1.2290436,0.43936238,1.0237628,0.28944483,0.5569178,0.99076027,0.7799457,1.1161686,0.016937224,0.25333405,1.2317216,0.03535374,1.2985525,2.178046,0.98602045,0.037734047,0.6032184,1.0769342,3.8516023,0.73323977,0.16061378,0.15840407,0.93473,1.1843599,0.0021862804,0.07150494,1.7681162,2.096225,1.3479483,0.11349127,0.049115457,0.11741282,0.3915257,0.6475933,0.18779616,0.39924908,0.10709953,3.160128,0.053740717,0.9585893,0.15335724,0.20189102,0.21856016,0.1760755,0.51581395,0.7234764,0.21726705,1.1800035,all_pothole_images\pothole_images_enhanced_22734cecde14dc54c58e2e27988b5f82.jpg
0.49139142,0.42879778,0.1873497,3.9496577,2.2260315,0.031611703,1.2824652,0.53257966,0.68117833,2.2387145,0.19506463,0.43347853,0.0,2.6390176,0.42027617,0.0049727918,0.04171711,0.82207155,1.951558,2.1083,0.6376249,0.15066686,0.75036097,1.9004762,1.2169666,1.5541576,1.3370337,1.1551502,0.0,0.68015337,0.5226674,0.017860742,2.1622176,1.3182538,0.20860344,1.6399386,0.43661055,0.76438123,0.14386967,0.07765339,0.5746803,1.3340119,1.3958989,0.66325843,0.2104412,0.79947364,0.4783452,0.02011126,0.5195084,0.2567866,0.95605797,0.13537993,0.026242957,0.02610769,0.084615104,1.750475,2.0306442,1.0463489,2.4006383,0.115376025,0.84379387,1.1431804,0.0061087618,0.6884577,1.8750559,1.124783,0.27611572,0.42886937,0.95200735,0.75853884,0.5517273,0.33014923,0.5200757,0.16658685,0.7146765,0.613628,0.38309735,1.1957681,0.5178421,0.51379377,0.05057364,0.62573,0.4493943,0.9677878,0.5925879,0.054129075,0.5764941,0.13489407,2.1077042,0.36167556,0.23019327,1.5810336,0.06839097,0.28582412,1.0700014,0.15985514,2.738847,0.0,0.944014,1.9375981,0.0,4.7934313,1.8810602,0.49383864,2.078345,0.048495602,1.14224,1.337678,1.0280493,0.12582158,0.07111179,1.5106945,0.3576474,0.21534768,0.8131058,0.08650055,0.18404944,1.76908,0.5322381,0.075374,0.17652301,0.12512587,0.511095,1.9079821,1.0194287,0.0,1.3482158,0.11502009,0.7040577,0.10695121,1.192024,0.0020637186,0.24286285,0.5337723,0.42912844,1.5376095,0.019032544,1.5352225,0.47879577,0.5570658,0.5185758,1.7688626,1.7478406,1.3865067,0.0,0.4914135,0.31325623,0.43932232,0.20264158,0.0,1.5205984,0.02264286,0.022104723,0.48735008,1.9582423,1.1886443,1.5126507,0.014526548,0.5510519,1.339565,2.0821083,3.1369486,0.7061618,3.9397025,3.6478713,0.98695934,1.3495418,1.3942024,2.132083,2.0040228,0.38132352,0.37674183,0.004837727,0.015975988,0.014738649,0.40681434,0.16487442,0.17274758,0.20380938,0.17846255,0.06261272,3.365237,0.013931125,2.5413058,2.8511806,1.028498,1.0235173,1.1218704,0.28434664,2.5436783,0.26393062,0.10142007,0.25637537,1.392067,0.5858811,0.2806861,3.1980503,1.5472928,0.94494736,0.708366,0.46308798,1.0474387,0.034881774,0.06660372,0.016668689,0.27618313,0.578164,1.6896714,0.50375223,0.91477185,0.0,0.09650357,0.870386,0.6246912,2.725219,2.4316509,0.23553678,0.3151983,1.1475545,1.5142318,1.6799474,0.39765134,0.44116655,0.96596634,0.03845414,0.30699816,1.0771235,1.1599275,1.2751752,1.6449038,0.79153734,0.3122015,0.9293786,0.10557395,1.2206919,0.03369203,2.7933514,0.06826701,0.60538083,0.4415178,1.265116,0.034202144,1.0205411,0.13708821,0.44852823,0.013696317,0.35416558,0.43284163,1.5253301,4.8342967,0.4084236,0.5252175,0.11663756,2.7416754,0.28434753,1.5419908,0.40386015,1.083041,0.3696394,3.124853,0.72004354,0.41170323,0.3266864,0.9954019,0.05502886,0.24105181,2.5077991,0.14075051,1.279613,0.24426316,0.25506204,0.04725624,0.588137,0.32620004,1.3304783,0.15737568,1.8996824,1.4765078,0.6263764,1.1583501,0.7001684,0.23061183,1.3696932,0.3581248,0.02897664,2.6724977,1.1540256,0.44674224,2.6220372,0.28376797,0.21384266,0.23869237,0.81140596,0.93964285,1.02046,0.19697802,0.0,0.32398865,0.0053560184,2.743643,1.3642263,0.71677333,0.42011324,0.035074618,0.6683996,0.77687585,0.39567286,0.0025019753,0.9052837,1.7895885,2.692551,1.2788672,0.5365486,1.8646843,1.2474545,0.7633418,0.08649727,1.1215007,4.0203285,0.15407501,1.9494696,0.09164493,0.0747512,0.52702415,0.96884143,0.3612123,0.014192764,0.0,0.002604452,0.457569,0.5016021,0.0914632,0.007333677,0.7912699,0.5206601,0.5018217,2.0026133,1.8452979,0.8909702,1.071342,0.7539637,0.300274,0.4301015,2.959486,1.1993656,0.14551134,0.56149083,1.0017241,0.34567443,0.8019942,1.555779,0.36222774,2.0827076,0.38097844,0.03578779,0.88919866,0.08468977,3.410244,2.339917,0.90517515,1.8501515,0.361153,0.8646057,0.7678955,0.13118759,0.18614905,0.965109,0.0,0.20083065,1.1905133,1.6527656,0.11460953,0.13389215,0.7606232,0.17447662,0.8534926,1.0541766,0.15017341,0.79563046,1.8319969,3.8538232,0.32457858,0.5374481,0.114908904,0.22885565,1.0346056,1.8698468,0.14286807,0.044116672,1.9022235,2.2250762,0.19700243,0.5770482,0.53128844,0.4425897,0.0420322,4.6286163,0.43428335,0.79169804,0.07468911,0.17645209,2.77117,0.09188377,0.79039264,0.664108,0.0,0.82392657,1.787941,0.555108,0.0,0.5732724,0.42292014,0.000485183,1.3697243,0.004556267,0.46893197,2.6676373,0.28674042,2.86243,0.44471785,3.0829449,1.0078039,4.23053,1.9608983,3.7321565,0.16885695,2.5605752,0.5127527,1.5302322,0.91118467,0.01997264,0.028266191,0.16594018,0.83893317,2.8791306,0.52285206,0.16733019,0.18294723,1.3496933,0.15424584,0.7773607,0.76666325,0.636984,0.032252144,0.034851927,0.0,0.8165227,0.05510059,1.8991746,1.6731756,2.2910757,0.38656986,0.0026267092,0.6887678,0.991179,1.0128963,0.02085206,0.035525013,0.5588292,0.6943934,2.1666024,0.15758917,0.6662054,0.39384794,0.42730707,0.4107666,0.013104805,0.48052958,0.36131948,1.1823467,0.10515356,0.79319763,0.2558481,1.2103418,0.8539455,0.58459586,1.1479167,1.0767021,1.1806448,0.24855886,3.0478091,1.3221699,0.81689,0.30191073,0.007319006,1.1185564,1.1161468,1.2502187,2.5055726,0.007956095,0.12157975,1.8926535,2.8593714,0.3844447,0.022487951,0.64421684,1.6404765,0.8350947,0.4930127,0.9089901,2.548691,2.370093,0.60023075,0.25095862,1.2627344,1.3091742,1.0827329,0.5266846,0.2614371,0.7825918,0.463716,0.72893727,all_pothole_images\pothole_images_enhanced_22a83b83971dce8d6b894d80c575e0a1.jpg
1.7491965,1.9274935,0.53635234,0.50376403,1.0596642,0.498466,0.46760777,0.47793096,0.36344364,1.4381007,0.43125206,0.19858658,1.7057192,1.1921173,0.41349742,0.45953813,0.28064236,0.07117969,0.77529496,0.15393667,0.85493404,2.5571325,0.3776605,1.610614,0.70133907,0.4003709,0.13933763,1.6483617,0.6712154,1.1626523,0.25735664,0.63940525,1.0055392,0.32704225,0.96983886,1.0164863,0.9835053,1.9957316,0.04163862,1.3877157,0.14196827,0.0037539215,0.4223333,0.7972463,0.39799273,0.6678243,0.6142545,0.054232486,1.248689,0.74194646,2.127344,0.70913845,0.7644685,0.16903308,0.021697858,0.61889195,2.585296,0.2518706,1.5765184,0.17361383,0.29672572,0.012638783,1.4293346,0.19921896,0.6095701,1.5201875,0.90559167,0.2819855,0.8924959,0.7682327,0.15795791,0.7749418,0.74445856,0.71692705,0.37386197,0.6326096,0.45836326,0.7925988,0.46153614,0.77674896,1.2914993,0.16739626,0.03533722,2.3622456,0.9564651,0.6429327,0.12952529,1.0274588,3.8229198,0.33629358,0.3937163,0.18097325,0.074000135,0.0056657987,0.057676386,0.36793625,0.15427338,0.8502656,1.2655644,0.44015718,0.5553594,1.3174214,0.39663562,0.04976091,0.312272,0.20135628,0.032895397,0.32021877,0.50680685,0.028886886,0.46740332,3.2174973,0.4984012,0.005429063,0.8611428,1.9220662,1.8413432,0.9494202,0.54941314,0.61531615,1.2656178,0.48352817,1.791653,1.4294474,1.0580525,1.0805261,0.19732082,1.1256897,0.15404649,2.0576425,1.0274556,0.5373356,0.07802101,0.33838874,0.8136399,0.70959586,0.576803,1.7099559,3.0583434,0.9645879,0.78874266,0.38890412,0.26834404,2.0460913,0.52582306,0.17905241,0.2614157,0.114428304,0.03238122,2.1909413,0.70897406,0.34580973,0.59013647,0.05243032,1.443691,1.4229409,0.8852347,0.65017265,0.7500364,1.2088473,0.39501902,0.109214336,0.51708245,2.2756352,0.028499436,0.45743576,0.15594855,1.2455161,1.6686375,0.107168876,1.1462036,0.014268367,0.22347896,0.84925246,0.5550843,0.010407308,1.3937633,0.5484489,0.051889475,1.9213605,0.6105269,0.56713504,1.9197533,1.1332743,1.5508248,1.8076342,0.7295583,0.37192053,0.21989606,0.97062993,1.6925509,0.0,0.16253133,1.1200202,0.8192241,0.22408783,0.2269406,0.09304041,0.14019063,1.4668463,0.5997308,0.12216715,0.46251643,0.20254716,1.8389853,1.4782958,1.1279383,0.583011,0.11585091,0.16688901,0.2937372,1.1342244,2.2997632,2.7944965,1.258955,0.39473382,0.861315,0.75957286,0.3725838,0.088872984,1.7449026,0.11097322,1.05725,0.5757883,0.1255576,1.0972639,1.3428153,1.5382055,1.2623852,0.029547615,0.07369703,0.85778964,0.678477,0.6205772,1.9223582,0.05536315,1.5560076,0.083991684,0.0,0.2236825,0.21190685,0.00079539965,0.028509706,0.16042185,0.20644788,0.2725833,0.51270986,0.092516236,1.2423402,2.3584125,0.536516,0.1536807,0.32134387,0.7617155,0.86970204,0.18012016,2.0157218,0.30227292,0.40329745,2.9482377,0.24641052,1.4887364,0.6012828,0.507895,0.35060477,0.70805717,0.22850746,0.48858547,1.3455979,1.8687451,1.069521,0.7268298,0.08524822,0.45733294,1.1186637,1.1038649,1.3901185,0.06938105,1.8454287,0.8402916,0.5688134,0.24792138,0.05733425,0.060078498,0.3534447,0.6124396,0.5683696,1.3368448,0.66912234,0.09342201,0.30783957,0.1697826,0.484764,1.1269172,0.52231073,0.7987354,1.3816706,1.1423596,1.18967,1.4488431,0.09504172,0.6990237,0.13392194,0.38520825,3.579157,0.37793374,0.0066421134,0.61855364,0.48664597,0.2722936,0.80133235,0.12172964,2.8530023,0.7142418,0.33091775,0.2965189,1.2028061,1.0949993,1.7037872,0.21539228,0.10659326,0.20446937,0.04347978,1.9923565,0.85377663,2.1162734,0.7918431,0.07932586,1.7941657,0.8845055,3.0843709,1.4727633,0.039618883,0.013407092,0.1845145,1.4630463,1.9932661,0.20696898,0.4967105,0.19075024,0.6249031,0.60108334,0.5883196,0.00211918,0.44311383,0.7243503,0.40771097,0.71535647,0.5449639,1.0614525,0.596385,0.42780447,0.27854905,1.5393327,0.14906481,0.016161444,0.9130112,1.5731452,0.7190819,1.8571914,0.1722586,0.023478685,1.1502659,0.8486816,0.045127485,1.0090364,0.34630966,0.77402264,0.1860404,0.31263414,2.2426443,1.3769534,1.5540899,0.020689195,1.6877599,1.6378222,0.37169993,0.361296,1.3254251,0.06317884,0.4299675,0.27416208,1.2112137,1.3927069,3.8478112,2.8735545,2.1127374,0.038843248,1.0720938,1.2370043,0.54281956,1.8079578,0.3103569,0.76052564,0.52229244,0.07301246,0.68277574,0.8478043,0.8598415,0.12768714,3.9048839,0.62830603,0.25245616,0.4996998,0.6646714,0.0,0.27826014,1.5652472,0.41718128,0.10664356,1.9488989,0.8234737,1.1557214,0.35219496,0.36682695,0.03216246,1.0403506,0.54811144,0.93715906,0.0,1.2611089,0.6386408,0.12286133,0.0,2.140195,1.2452788,1.2267828,1.852005,0.14213702,0.56703484,0.52126515,0.630063,0.32693774,0.82216096,1.0871093,4.053229,0.85482156,1.7642446,0.99962157,1.2320619,0.9153133,0.16898762,0.64169294,0.10250395,0.23717646,1.0603497,2.6983106,1.329101,0.77231556,1.6088778,0.66564035,0.6463369,1.1607891,0.29810777,0.84139967,1.4083003,0.2878683,1.2828255,0.020591326,0.7553121,0.82368,0.012585886,1.5730689,1.1619493,0.0460324,1.4744158,0.6835063,0.22659543,0.91087604,0.4722935,1.2588501,1.2007637,0.103202105,0.9157513,0.3984234,0.36799994,0.0166079,0.46745986,0.9468727,0.10166718,1.8813151,3.0054245,0.15623786,0.6372591,0.004964016,0.12254861,0.92297703,0.17191051,0.279561,0.33309036,1.5416459,0.9332551,0.70798707,0.0,0.9184053,0.51051176,0.06893537,0.42933568,0.8703771,0.2262604,0.43572873,5.186529,0.48190498,1.0554496,0.23501195,0.2710383,0.0,0.8431057,0.6067051,0.33992276,0.367591,0.34681645,all_pothole_images\pothole_images_enhanced_22f63619df00323bc983fcd4ca363a14.jpg
1.7142464,1.2472181,0.81826514,1.384991,0.99812454,0.24104713,0.026893921,0.0,1.1053222,0.84476423,0.27166694,0.38028285,0.07974618,0.8064665,0.285281,1.3018351,0.04004328,0.26321387,0.002654504,0.2647939,0.27848083,0.7533518,0.41131243,0.5566223,1.2038853,0.45155206,0.531588,1.1651034,0.4807423,0.13874435,0.6044306,0.16324475,0.14945126,1.3315544,0.00042154183,0.8000862,0.11730468,1.2415873,0.2895027,0.56528574,0.32768178,0.037939914,0.01628191,1.0857977,0.30938143,0.15355705,0.022089778,0.2461447,1.3941108,1.5896236,0.04537943,1.9667742,0.8999156,0.24705024,0.21797024,0.367378,0.74793494,0.5691318,0.28936198,0.5218739,0.016212204,0.29349682,0.0052544437,0.768896,0.17845958,1.498723,0.24776134,0.07115391,0.45722875,0.056777637,0.13335142,0.19085337,0.7580251,0.06008476,0.2147042,0.6077886,0.22775379,1.0580571,0.0,0.13091695,0.106965974,0.096918486,0.6626318,1.1561408,0.4816815,0.3948449,0.13379486,0.18682092,1.8149071,0.46030647,0.32852495,0.0053950925,0.0,0.18996492,1.3562039,0.67936534,0.74962133,2.1105711,0.017386919,0.11515158,0.0,0.46077845,1.1962603,0.61201876,0.036031693,0.01169258,0.25289252,0.35903183,0.051286317,1.0983227,0.0,2.1958346,0.29410163,1.0898451,0.6226444,0.1968982,1.332962,0.0,2.1901517,1.4817947,2.1367352,0.7950158,0.0,1.3691353,0.8381986,1.1339086,0.13817787,0.4066203,0.3864446,0.0,0.024312276,0.13479818,0.0,0.0,0.013806949,0.81361294,0.0016632279,0.11558457,0.3070098,0.093761034,0.0,0.018532593,0.59482163,0.8036734,0.01677853,0.2337872,0.0,0.6414904,0.15024172,0.1413096,0.96064734,0.6498348,0.046250377,0.2509546,1.4846113,0.2858725,0.05645579,0.24964565,2.0494668,0.4962081,0.7721791,1.1743622,0.15591833,0.6995099,0.40616024,0.4334604,0.2997795,0.01702214,1.2016059,1.3272547,0.0,0.0,0.19498345,0.0,1.4362693,0.075385675,0.39265594,0.0,0.18038453,0.011267523,0.0,2.7567234,2.4277856,3.113193,1.1271987,1.9945277,0.104420036,0.062090416,1.1119037,1.1397994,0.040472984,0.008925332,0.0086228885,1.2712613,0.781188,0.3070207,0.9850396,1.1782712,0.4149869,0.33241427,0.41011313,1.8590047,0.15726262,0.9453924,2.073134,0.6336853,0.9570824,0.5862742,1.930428,0.3631097,0.0,0.036243953,0.09073204,0.19716495,0.9068166,1.4890764,0.09485429,0.043848787,0.53878367,0.035559904,0.21066712,1.1618603,0.43545195,1.6481981,0.096977025,0.0,1.9564133,0.61455494,1.4505694,0.39779574,0.104012914,0.0,0.11999628,0.08337768,0.5570943,0.06823526,1.66224,0.038944475,0.24369007,0.013847158,0.712369,0.8176133,0.119556524,0.017326051,0.22393306,0.0,0.8479207,0.3433001,0.5001361,4.9685054,1.114294,0.5089906,0.42292613,0.2706374,0.38128486,0.10559944,0.62329865,0.6786975,0.53010863,1.7250718,0.012432293,0.043863185,0.5646737,1.16689,0.41481176,0.65824544,0.1287683,0.27659315,1.071345,0.11783175,0.1995083,0.027352503,0.064093694,0.4177975,0.9337516,1.8648806,0.018584527,0.035953004,0.12340775,0.288377,0.020749258,0.9638194,0.6574557,0.042682275,0.28853244,0.69944876,0.30056632,0.025378533,0.18171403,0.23588817,0.049377665,0.006739176,0.14091605,1.0072136,0.009087012,0.49910387,0.05674599,0.9630048,0.26408523,2.2526255,0.1401793,1.1238048,0.020553574,0.32705423,5.463344,0.6546486,0.008738213,0.16816592,0.23837116,0.24514486,0.09672848,0.25795993,4.012755,4.123206,0.25159025,0.8752145,0.06613017,0.51291883,4.2736354,1.1235688,0.6485497,0.27202603,0.6415785,0.13956185,0.7365434,0.04914049,1.317839,0.24026671,0.3202332,0.107455775,3.6385376,1.0949054,0.0,0.0,0.018383741,0.022117473,1.8528398,0.46913278,0.09992657,0.43713385,0.16631272,0.8129273,3.1008193,0.4685414,0.36791724,0.41984957,0.25418186,0.010459909,0.033378623,0.20307192,0.08881936,0.92635703,0.3536677,0.026863905,0.6847534,0.4938171,0.091629826,0.9879367,0.75215024,2.1343114,0.30284566,0.351444,0.79455334,0.28350458,0.14802973,0.6480004,0.4456892,0.021306388,0.3046485,0.19164099,0.20521864,0.0,0.30570912,0.1420159,0.3530408,0.0035784035,0.25524455,0.7922699,0.17659143,0.95111954,0.38219774,0.101054825,0.20608433,0.48704427,3.2859364,0.69066936,0.92113805,0.0,0.019832892,0.5095708,0.3039261,1.4877467,0.82163906,0.15139504,0.008670964,0.013697212,0.6005222,1.07188,0.01145368,0.40382138,1.703948,0.33370468,0.23057207,0.038284983,0.14029372,0.18836361,0.6903478,0.72674924,0.45625952,0.3598927,0.46717748,0.65038866,0.048485357,0.18102424,0.0,0.13544154,0.84096354,0.03970875,0.95307565,0.39588702,1.4948453,0.7141979,0.88956416,1.512757,1.075457,0.02248563,0.8955633,0.5203777,0.0019031882,1.1188604,0.5165513,0.90099084,0.6396111,0.71931314,0.066247575,3.5336237,1.4312128,0.7799919,0.0007752826,0.9618482,0.17130966,0.41787612,0.21685547,0.046632376,0.08123497,0.0009087495,0.035466377,0.21946673,0.106757045,0.75401115,3.8315341,0.26644456,0.4247991,0.64246494,1.156176,1.5253018,0.7432783,0.23985723,0.08501445,1.5720526,0.9814995,0.330889,2.1406512,0.0016852423,0.098978356,0.4414611,0.013250614,0.0036465817,0.064016305,0.038565338,0.4780643,0.37947202,0.1131892,0.014485049,0.26014528,0.65689373,0.061500918,1.1567098,0.19567892,0.20713758,0.53516287,2.3314834,0.5757099,0.6161293,0.027892478,0.17049913,0.18901491,0.47560075,1.8475022,0.016978582,0.19206257,1.541705,0.45527562,0.7291935,0.0,0.0,0.082068205,0.0013770969,0.013909702,0.020509379,0.35424697,4.815749,0.9582821,0.30668238,0.61369425,2.3883777,0.25570142,0.37021407,0.40597177,0.31600264,0.33861184,0.19505748,all_pothole_images\pothole_images_enhanced_232944faa2fa932aa6b3211a3079d011.jpg
2.8319447,1.042234,1.4486244,0.99774426,1.3276678,0.7586745,0.6551606,0.11593576,0.17619532,1.4917917,0.64774126,0.098722145,0.6476078,0.23846146,0.27658582,1.0162076,0.5014909,0.16109702,0.7005069,0.2749667,1.5506837,3.0929198,0.37303707,3.1933668,0.6919365,0.17195965,0.0,1.110159,0.20330195,0.9022197,0.2529398,0.12256,1.548339,1.4952654,0.60120416,1.3861156,1.1145278,2.581615,0.52064323,2.091547,0.504408,0.27890655,0.69051933,0.88450325,1.8428522,1.1526109,0.049885392,1.5777572,0.65550774,1.4545085,0.20384568,1.7965394,0.8163295,0.47216547,1.427592,2.3102171,1.5817022,0.7901975,0.7512357,0.19053258,1.084588,0.69530374,0.28204504,0.30455315,0.16327001,0.8907351,0.744412,0.34738705,3.055158,0.9834631,0.57914907,0.21603534,2.132371,1.4777386,1.4696281,3.2385087,0.31506872,0.5374719,0.9504698,0.21376508,1.435846,0.7989021,0.83406115,1.7566818,1.0490631,0.4512346,0.18183829,0.58867973,4.361645,1.6846986,0.029208647,0.13370007,0.2743038,0.13707897,0.43195283,1.029689,0.75871336,3.747106,0.32800817,0.72572875,0.09135727,1.0688871,1.2566584,0.5947071,0.18325768,0.14473374,0.12081383,1.5440003,0.068626605,0.7594218,0.19952449,4.22353,1.6288769,0.7049853,0.41763872,0.5141456,2.2624667,0.1740144,1.5177734,1.7765431,3.3059916,0.722011,0.046988536,3.9212067,0.44709072,1.7507209,0.16627376,1.5656677,0.16857235,0.25029776,0.8022571,0.035995044,0.14188953,1.4273862,1.1008532,2.3674188,0.43547013,1.5970888,0.47554803,1.1674557,0.1860018,0.7399798,0.23231386,0.7200186,0.95449525,0.64071476,1.1818342,0.46130005,0.0073039224,1.4357256,0.5242894,0.13465475,0.23726276,0.8422083,1.9240956,0.34862062,1.8476849,0.14787534,1.3415794,0.8318611,1.2573239,0.47367874,0.043830473,2.9558766,0.0,0.66971195,0.1905418,0.057795543,1.3268921,0.70306146,0.5861013,0.048083812,0.20073828,1.7544204,1.5163134,0.38978973,0.31233433,0.0,0.39513054,0.14025398,0.08835158,2.2062356,1.0346904,4.17526,0.3486976,2.0010805,0.59720916,0.22946545,2.6781118,2.4936714,0.05439136,0.2953122,0.06277436,1.2901499,1.1335608,0.49481168,0.617018,0.16563454,0.2786236,1.2705405,0.32486808,1.8168926,0.066838786,0.5078801,1.7167013,0.54807013,0.8265991,0.74775404,0.9341966,0.17543548,0.019321157,1.3295451,0.931609,3.180144,1.8959272,1.0786039,0.43716967,0.36273777,2.1109602,0.01036251,0.25568599,0.50013447,0.2954776,1.780973,0.51713496,1.1327989,0.9678641,0.6580649,1.2989069,0.38396913,0.31125546,1.1218666,0.9148755,0.5557395,0.56822455,0.4894019,0.706495,0.08880753,0.0107224565,0.075092494,0.34738103,0.03629829,0.23515531,0.05662102,0.039186087,0.18153037,0.89356726,0.17878695,0.49132934,0.4113601,0.657306,0.5402004,0.70940536,3.754824,0.20106465,0.05871594,1.6050925,0.2571943,1.4593328,1.284908,0.040436517,0.45993546,0.74747145,0.1872093,0.7721064,0.605154,0.54563695,0.7438876,0.7030063,0.43311885,0.97924757,0.43604964,0.4102117,0.40397468,0.70892817,1.611012,1.225434,0.018168401,0.11332745,0.3362323,0.076822154,0.061172105,1.1045908,0.20718527,1.3315971,0.9619916,1.6060085,0.68374467,0.25583833,0.9390763,0.266897,1.6164345,0.5983802,0.0722938,0.5275045,0.23803899,0.36891225,0.34283116,0.98159856,1.4372096,0.57253134,2.0745528,0.5255311,1.0169016,1.8791587,0.31103557,0.030774845,1.1115248,0.99768484,0.84213704,0.7050883,0.56,3.284262,1.510231,0.058589045,1.8443997,0.6669833,2.9736202,0.20423701,0.08366966,1.3099153,1.4115626,0.3114367,0.4313782,0.6791875,1.8779678,1.5710198,0.2600721,0.92135555,0.2504599,0.88634956,0.71254605,0.14190434,0.11919525,0.230531,1.4711351,1.0209389,0.6900129,1.063527,0.06461479,1.3285741,0.32303542,1.9606119,0.01678404,1.2802787,0.26911452,0.48023987,0.058842737,0.2024957,0.6536627,0.08439087,1.0267562,0.85583663,0.814325,0.54782164,1.4873011,0.42317533,0.59823024,2.2941554,1.7365025,0.5305819,0.12261805,1.6560777,1.0761393,0.21744807,1.1281862,0.6153004,0.010227705,0.059934765,1.8028923,1.0549632,0.4133895,1.953795,0.7474677,1.4307079,0.0880195,1.0982453,0.43955106,0.6871798,1.4141614,0.1775595,0.004106426,2.2311847,0.826247,2.3532767,0.85140586,0.35778403,0.21229796,0.6424738,2.142037,1.2261548,1.7966807,0.5455948,0.15162502,0.025466945,0.6584521,1.1070719,0.6042343,0.021609152,0.45734856,2.1245139,1.1673474,0.89779675,0.16668037,0.14333117,0.047283493,0.9665967,0.30541256,0.8548195,0.85826796,2.818073,0.7190629,0.6882335,1.4311897,0.48871067,0.49615186,0.7388964,0.704391,0.7013321,1.657278,2.3365784,1.3952446,2.230346,0.3107647,1.7209053,0.090991065,1.3697861,0.3042506,0.31553832,0.9581276,0.5197284,0.20071808,1.6432649,0.36665928,1.3030856,5.3622,1.6426098,0.3265211,0.0,0.65568596,0.37642092,0.84277046,0.10998858,1.8167976,0.12862186,0.19521436,3.4272673,1.2804041,0.70061886,2.173349,1.7788326,0.81376296,2.4446428,1.5118326,0.6715831,1.1950843,0.57231754,1.3728852,0.040916633,0.80833817,0.3048785,1.4635932,1.8871927,1.340937,0.42020828,1.0562478,0.9317557,0.113450184,1.2283357,0.43821186,2.1224074,0.22078879,0.11872388,0.60217667,1.1850159,0.6138372,0.0033126941,0.5494394,0.7904287,0.6126315,1.2902318,3.2046711,1.0292325,0.084856324,0.016499208,0.4491718,1.2004207,1.1171737,0.53048486,0.34257877,1.4638495,1.2108114,0.0383006,0.1393303,0.26420623,0.021380339,1.1291075,0.25542557,0.2554819,0.00045645225,0.28932852,4.950962,1.0154085,0.956422,2.5984726,1.1228133,0.011588688,0.83278185,0.13915522,0.59300184,0.47255394,1.0972997,all_pothole_images\pothole_images_enhanced_23565d98e9f2f43b680bdb0957440432.jpg
0.43365917,2.1457744,0.90243995,1.3257802,3.0025792,0.04519744,0.24806233,0.99310917,0.19649112,0.13531525,1.9100515,0.98487663,0.45401067,1.5941508,0.0113020195,2.0300355,1.0372716,0.37632805,1.1308253,0.83615,0.671741,1.0942987,0.13696349,2.4163864,1.5617723,0.8908756,0.008106559,1.7616518,0.06119159,1.9753876,1.5958557,0.341516,2.1536193,0.7066504,1.4117341,1.7916561,0.4619126,1.1608038,0.348788,0.80807954,0.13411994,0.26465875,0.47697073,0.23614594,0.034347966,1.3827195,0.341112,0.024542667,0.34237266,1.2977178,0.473826,1.0404633,2.4927702,1.6411822,0.11965841,1.4121335,1.0607287,0.013924483,0.4641189,0.28678474,1.3419456,0.23505963,3.4207041,1.9554588,2.3272824,2.285181,0.050001074,0.3190643,1.8990322,0.88774884,1.9683357,0.4220673,0.19764209,2.530363,0.72962683,1.0355917,0.6327329,0.11411271,0.3389046,0.6642878,0.4098091,0.4848806,0.8713692,1.0634105,0.7796924,2.0572598,0.026110915,0.39146563,1.4887781,0.14003171,0.60372764,0.0002849765,0.24020393,0.5212415,0.14945227,0.6759408,0.866056,0.9232659,0.41205037,0.83677065,0.80198324,1.9815633,0.32032165,0.15388453,0.21349779,0.4944536,1.3164027,2.568288,0.019562164,0.5055454,0.19332653,1.7278956,1.9797934,0.8439342,0.36527738,1.822725,2.086649,0.771196,0.9774374,1.9962505,0.63796294,0.16161606,2.2191486,1.2637727,0.20745668,0.43741608,0.7153313,1.8284537,0.6021565,2.198166,2.2827964,0.14738573,0.24946804,1.3403174,0.49884772,1.8742301,1.0749109,0.64475477,2.6513467,0.27543792,1.6504529,0.51030743,0.17214355,2.2579112,2.4840815,1.3448014,0.018173538,0.09626717,0.24076864,0.9940309,0.7471392,1.2707787,0.6917128,0.39977646,0.5954852,1.0358937,0.361698,0.42594624,1.5644734,1.5110118,0.87859607,0.7675702,0.08705668,2.0292165,1.2995713,1.1719062,0.10103613,1.1206512,1.4101421,2.2583313,0.7385242,1.0439404,0.46868554,0.8116048,0.39574838,0.20357585,1.92283,1.197196,0.2974381,0.81157815,0.07552571,1.2541159,2.351383,1.3351475,1.7753263,0.102446176,0.60366666,0.058820453,0.750043,0.7788396,1.027474,1.3077755,0.36819503,1.3761771,0.74485636,0.48952678,0.37908775,0.30640605,0.25310534,2.1064048,1.7189887,0.6054489,1.1048008,1.31199,3.324233,1.0375254,1.5379311,0.13445778,1.8053458,1.2214937,1.189248,0.7436058,1.0093656,2.1781685,1.4861991,0.9384777,1.1750125,0.036896024,1.3291566,0.122639865,1.5619905,2.9746919,0.5603051,0.46393105,0.092182204,0.61882794,1.8178897,3.768732,1.1013621,2.5660172,0.48431218,1.2390503,1.0545633,0.5591734,1.189112,1.0407809,0.5208352,0.58996177,0.7641717,0.90201163,0.726934,0.23043728,0.31661737,0.38204247,1.6616838,0.001027926,1.1041168,2.385271,0.69123685,1.0247729,2.8913705,0.003234345,0.2159522,0.08622584,0.4321438,0.18387099,1.2330426,0.3950756,1.0841637,3.560893,1.0051718,1.8154471,0.35932088,0.23901223,0.5828929,0.68302715,0.0,0.8865954,0.30914947,3.9725902,0.21683463,0.17607467,0.92401814,0.46479467,0.5814977,1.5309747,0.84930176,1.5840725,1.3325843,0.99920195,0.05112601,1.1859231,0.0670967,0.5517592,2.4234223,0.4411993,0.4060946,0.92173237,0.26585102,0.112961866,0.26573816,0.14356849,0.12570813,1.1305465,1.3182256,1.40165,0.57948047,2.074096,1.2896855,0.30450186,0.03398861,0.74431837,0.16010605,0.36572483,2.4823456,0.58970696,0.27101323,0.94605815,0.89213485,0.9722863,0.7634551,1.7093493,2.8075967,2.6374745,0.118185334,0.951009,1.4532648,0.72543615,0.56845534,1.0601461,0.6953456,0.42063078,1.3168696,0.18158716,1.7432537,0.18360598,0.47374234,0.6013275,0.43996748,0.8325814,1.7379524,1.1878799,0.0014650094,0.9531197,0.21283646,2.340616,0.61018074,1.1441334,0.5210062,0.17133288,2.0053387,1.9885488,1.3828092,0.045293976,0.30053866,0.15625985,0.5042043,0.4203148,3.4227848,0.9320638,0.0063425647,0.77878475,0.11680007,0.026678458,0.26053283,0.18039143,1.6562839,1.5883785,2.1051238,0.6877991,0.6881552,1.1387534,2.4448853,1.1537765,0.061612986,0.0,1.0392667,1.0878245,0.016656842,1.6883042,1.7289746,0.08828225,0.8539935,1.0356883,0.4662064,2.2948012,1.4463471,0.56114906,0.39501005,0.7468548,0.79294306,0.62435275,0.14383027,0.83604354,4.4906225,1.4307241,2.7136343,1.8456657,0.5871587,1.0655189,0.2659536,0.95955276,0.09412616,2.284266,0.56654584,1.6250898,1.0964367,0.78136533,0.5530479,0.23350556,4.171362,0.6918722,0.11943205,1.2687737,1.0842352,0.29020378,0.42891484,1.1148933,0.8808676,0.06458028,1.2794461,0.12530348,0.99156153,2.3207698,0.5583183,2.5773187,0.84688526,0.6555939,1.0742086,0.39286873,1.6518232,1.9485211,1.4679562,0.35674387,2.1479852,0.901113,0.635874,2.0130532,1.3450893,0.41159934,0.20216905,0.7429754,0.49254116,1.6255879,0.31728664,1.9530431,0.13770854,1.6263278,0.012293026,1.3028382,3.271038,0.73587835,0.7520165,0.5527502,0.35163662,1.3906392,1.0263873,2.1495047,0.7621142,0.5155085,1.155655,1.2917479,1.0697062,0.35995817,0.26961455,1.7682115,1.8454342,0.10732283,0.100617886,0.5845425,0.77435815,0.83523315,1.3511338,2.480163,1.593589,0.5872617,0.6783501,0.3156948,1.1705912,0.74467933,0.5117524,1.4829988,0.6088542,0.32109228,1.1050063,0.8644049,1.8381149,1.1137233,2.0714722,0.0029352754,0.23181467,1.6985341,0.7506195,0.7900025,0.06997113,1.3275331,1.1118044,1.0300628,1.4563777,0.38351914,0.4626168,0.5529399,1.0172808,0.22775422,1.8791804,0.70662636,0.5092555,0.067127556,0.4811566,0.03566801,2.1864944,2.5701077,0.8576537,1.1677078,0.73425114,0.109102696,0.051417526,1.8040179,1.3174821,0.5411608,0.97415185,1.2127024,all_pothole_images\pothole_images_enhanced_235d6f8159b4aa062b5d6e61131398a3.jpg
0.09808426,0.52913696,0.12900354,2.1142902,0.4042205,1.2478477,0.504574,0.04550851,0.27253926,0.26498458,0.24319589,0.23424597,0.1998129,0.37983528,0.04550849,0.48618144,0.17733726,0.2360549,0.6313854,0.0023569614,0.78075624,2.3006616,0.8918961,0.15332782,1.0864496,0.22528741,0.06749816,2.0668283,0.35053983,0.2083656,0.50336176,0.54899323,1.2173749,0.38214368,0.4731968,1.7084213,0.3200842,1.1022745,0.2161819,1.1087892,0.14177017,0.0071276827,0.33802631,0.6563897,1.0579581,0.18789619,0.37734723,0.119365886,0.8535137,1.764147,1.1636258,0.00073766697,0.00056041306,0.88469696,0.075099416,0.9469022,0.98683256,0.03942174,0.637434,0.19245392,0.37693584,0.17608689,0.8883721,0.1528174,0.19912131,1.9583826,1.3141644,0.123283245,1.8071657,0.014793948,0.22932309,0.061290253,0.58687717,0.0563284,1.1952436,0.3853744,0.20750894,0.6865147,0.16144648,0.1486122,0.00047854622,0.33887786,0.61208224,1.4859675,0.672241,0.15272385,0.22868425,0.5554058,1.4010702,0.5498793,0.06341689,0.25946605,0.00964444,0.68879575,1.0339502,0.05195929,0.075359195,0.11580593,0.98931646,0.2748605,0.24020934,2.3347905,0.7449451,0.0010534908,0.12108645,0.048749547,0.58824927,0.40619066,0.16063909,0.29102033,0.03003995,1.7695436,0.15983137,0.10291247,0.89703774,0.0905092,1.4675158,0.34382927,4.5042424,1.3111136,1.7897918,0.15389715,0.033052307,1.0266473,0.42060745,1.7451792,0.034469776,0.85461044,0.4195615,0.10725912,0.60427344,0.0,0.1569706,0.0035296544,0.04821704,0.8675876,0.26935652,1.4143658,0.71549475,0.054833863,0.060410615,0.6176528,0.14372644,0.6998123,0.0021036444,0.62126756,0.12229238,0.0054133045,1.0906541,0.82088065,0.3054212,0.07541038,0.6661138,0.19655967,1.6512303,0.9836389,1.3322455,0.07739611,0.31623322,0.6228288,0.2614872,0.58659786,0.17837645,1.3339556,0.017124437,0.6932778,1.2647656,0.05781821,3.1897595,1.101336,0.0,0.0011475009,0.0,0.006199507,0.5509342,0.05840126,0.0,0.024884501,0.63981426,0.24817272,0.085613094,3.3034754,1.515176,0.40182078,0.710078,2.4872324,0.14258315,0.5953108,0.4033762,0.90698457,0.09891358,0.038101487,0.0005028918,0.6736687,0.58601,0.05609195,1.4167407,0.22844304,0.6905643,0.11637409,0.65964365,0.37420595,0.09457979,1.7483327,2.1708374,0.4374563,0.33230975,0.5133903,1.3534784,0.31004184,0.0,0.063270584,0.84547985,1.7415628,1.2517084,1.7463595,0.25452968,0.08300547,0.36875305,0.85498273,0.059933618,1.1011828,0.63740295,0.85405743,0.006921621,0.15820557,0.91286576,0.29149422,2.6214306,0.7953357,0.0,0.0,0.34587654,0.056301214,0.72968704,0.22810812,1.7617093,0.0020804394,0.10314234,0.44250602,1.249654,0.28896192,0.031218925,0.04903106,0.3344785,0.06889844,0.6787769,0.095384404,0.00015096791,4.0162983,2.4136264,0.29079875,0.5388482,0.29669777,0.00790284,0.73882294,0.9271478,0.3966483,0.22666432,2.5514145,0.04369292,0.5758383,0.74287194,1.3785634,0.46611318,0.27659145,0.14764102,0.105002984,0.44634673,0.2526235,0.1853281,0.052699585,0.380459,0.005060749,1.0877438,0.28367352,0.75804573,0.12810907,0.8451998,0.16035691,0.40480477,0.13870782,0.25461444,0.5067089,0.79307157,0.49278378,1.2242393,0.16685584,1.0428835,0.49488443,0.04836232,0.25190446,0.0023481583,1.167574,0.34208745,0.19982852,0.11194391,2.5960755,0.6973822,1.7624066,0.28222835,1.0366647,0.5205595,0.14078325,4.8223863,0.6767601,0.73341244,0.41163933,0.20123246,0.4038799,0.5125379,0.40366223,3.0218923,2.2158186,0.4837461,0.16239083,0.14569558,0.60014063,2.2798946,0.41188142,0.19974327,0.0,0.3104192,0.5241192,0.7708415,1.0201513,0.53793555,0.014320264,0.22323667,0.11262783,2.21242,0.67128193,0.08897856,0.0,0.21751909,0.2548802,0.22495106,0.052831843,0.16693288,0.6026828,0.689108,0.28445575,4.0571856,0.10187624,0.89500844,0.55087173,0.33042684,0.2316397,0.68715805,0.58268684,0.90940636,0.8825291,0.4499948,0.4915111,0.02223556,0.119357474,0.014013296,2.8612142,1.158141,1.0266823,0.0,0.110824175,0.2628832,0.035987876,0.10895746,0.1919062,1.0640315,0.23157592,0.029632162,0.0049836584,0.6274952,0.054050814,0.91989285,0.07637236,0.32613465,0.160515,0.0,0.31787586,0.7348028,0.0063113337,0.42785656,0.06029359,0.28746903,0.22423281,3.0767019,1.6808016,1.3038203,0.007269427,1.2485683,0.89881647,0.77506804,0.52280855,0.26922357,0.65270716,0.0071944944,0.35469592,0.7608186,0.07413266,0.17037031,0.5475375,2.817273,0.01608441,0.10512928,0.069958575,0.77939683,0.061555136,0.41348457,1.4398875,0.3797397,0.073911905,0.6472913,0.052384097,0.07176154,0.05262325,0.12372772,0.009854619,0.4874848,0.17026491,0.32667953,0.20695537,1.7974871,0.031861655,0.90197486,0.9386417,1.4458244,0.01568138,0.20212047,0.51553136,0.48878905,0.508661,1.0654367,0.23781733,0.37592658,0.11867266,1.1179178,2.811144,1.7776637,0.8939274,0.235199,0.9182267,0.35298926,0.49320453,0.31443328,0.34155592,1.312554,0.008623081,1.0844301,0.21869488,0.008585978,0.5417841,0.49761572,0.22947249,0.7034666,0.6522072,1.5821928,0.629137,0.5759402,0.75007707,1.4587871,2.3213847,0.26756728,0.061428044,0.9470976,0.115262106,0.43051735,0.8100641,0.014405904,0.034085035,0.25108847,0.40892866,0.17199144,0.7461439,0.45446244,0.40589502,0.3178453,0.0,0.48811886,1.3373965,0.3756723,0.10454475,0.15419823,2.4071057,0.42325073,0.019952603,0.11933814,0.09205455,0.8700972,0.31172898,2.2455149,0.007929396,1.590472,0.70634776,0.7098565,0.21365644,0.25850496,0.01768504,0.0887644,0.18758917,0.0,0.66542286,0.08453663,6.0803437,0.9922792,0.057558108,0.30652255,1.22313,0.077295735,0.0,1.7043601,0.5476966,0.05263958,0.29350308,all_pothole_images\pothole_images_enhanced_237e2f630a83c636b0176f5914c9f927.jpg
0.016629543,0.09529968,0.1520778,1.047671,0.06921401,0.0,2.1517074,0.07929662,0.74818856,0.4995101,0.73927337,0.70777905,0.06371608,1.0164088,0.015350733,0.17503944,0.7723981,2.418793,2.3375578,0.008762222,0.44323763,0.0,0.45593363,0.4865211,1.1370027,0.2524651,0.71802574,0.3072665,0.3659738,0.027444143,0.15149428,0.2368113,0.37132543,0.573882,0.054757413,0.8011399,0.03804269,0.39964333,0.5352574,0.42298722,0.02560669,0.034370724,0.002934783,1.0296246,0.0035014213,0.2927724,0.0,0.06314216,0.70837307,0.8106789,1.0254405,0.61002016,0.17665583,0.0021552173,1.7612036,1.0011058,1.5255357,1.340861,0.5055926,0.44818962,0.02083289,0.06781378,0.040961396,0.07681449,0.37101007,0.5402666,0.7417514,0.11439551,0.06600505,0.0,0.048793968,0.0783715,0.5831881,0.0061770915,0.3931524,0.0,0.40368843,0.88847756,4.7911184e-05,0.016652675,0.03132721,0.7673908,0.4681895,0.7158636,0.26732686,0.12759185,0.045539584,0.21003863,0.2650531,0.2766694,0.87923944,0.114119835,0.050527476,0.0018964824,0.50205326,0.03255627,0.90601814,0.9328851,0.025472896,0.0,0.42665768,1.7140335,0.55245036,0.062852964,2.514511,0.26326847,0.67375904,0.0029060012,0.21042424,0.44206932,0.013876119,1.1903079,0.0,1.2368885,0.17259057,0.16973908,0.30041173,0.53464174,2.6879175,0.2225632,0.25564718,0.26773205,0.190944,0.60590565,1.0266061,0.03586963,0.10059807,0.04944161,0.17063732,0.099955305,0.40797922,0.8774394,0.15398663,0.66802806,0.06955404,0.33720833,0.032621138,0.066826336,0.030270714,0.0,0.29606202,0.008153208,0.4541506,0.21055241,0.11913387,0.11359193,0.09625382,0.8976602,0.34309208,0.035756,0.0,0.5981733,0.0,0.13492396,0.85695803,0.06705125,0.20321517,0.012588486,0.88089764,0.8734521,2.28218,4.009057,0.8725981,0.021936221,1.2721148,0.13949981,0.8695308,0.13477285,1.1730398,1.618211,0.23819238,0.060927495,0.073261544,0.0,0.054545403,0.088144965,0.012978774,0.044824354,0.107528,0.013666292,0.078990124,2.1496449,1.7640327,0.68045706,0.70935136,0.9789663,0.629909,0.2517375,0.457502,0.39716646,0.62163186,0.069837674,0.31293288,1.2807192,0.0053068246,0.01569936,0.67930573,0.60091764,0.4097213,0.58270913,0.12729593,0.35212034,0.411689,0.3598002,0.18113069,0.006442343,0.3023782,0.17763984,0.8655508,1.2698461,0.16853538,0.0011787548,0.90203667,0.04849164,0.4598187,1.1981653,0.69002056,0.012098261,0.0,0.61470807,0.524043,0.23605195,0.77965856,0.11569054,0.0,0.0,0.20369278,0.0010034633,0.8872083,0.7116207,0.16714422,0.011416003,0.52741724,0.14650418,0.0048758346,0.35768813,0.54171634,0.58093286,0.020353971,0.17464054,1.1697615,0.4526039,0.14675789,0.30501568,0.03240252,0.083162494,0.17977375,0.28939444,1.8078853,6.163032,3.6342623,0.37216544,0.013300908,0.15744998,0.038086556,1.6645728,0.008892295,0.5306257,0.18611847,1.0546721,0.32076016,0.17794055,0.020491865,0.26513398,0.05770981,0.4405777,1.4185345,0.7478502,0.9373764,0.50820005,0.46018773,0.00322634,0.45595473,0.4481901,0.10476336,1.4702388,0.020459995,0.030094013,0.4583561,0.05049095,0.5296689,0.23027937,0.16223714,0.00038266619,0.0,1.5028403,0.44836208,0.13767661,0.6176652,0.041355126,0.04446505,0.37248096,0.0,1.7449926,0.103815615,0.31306818,0.3070881,0.670315,0.0,3.3350823,0.87884754,0.061506726,0.033587452,0.00053658115,0.56392753,0.0,0.14441505,0.005808044,0.27271846,0.14754659,1.1635109,0.70823234,0.837732,2.5178847,0.26715854,0.51837754,0.0,0.32207665,5.957447,0.019734008,0.6512352,0.0,0.42969015,0.6509217,0.058058914,0.06571572,0.07548893,0.25254932,0.20646393,0.014383409,0.8600432,0.22412895,0.2113271,0.03121742,0.046029683,0.020866992,3.4897373,0.0034260207,0.04150811,0.6480272,0.2710963,0.016104389,1.534705,4.7417917,1.7541572,0.05935634,0.12675485,1.3244077,0.2507217,0.0035923242,0.13385442,0.43880302,0.0,0.03427243,0.008166402,0.22765397,0.21219663,0.049407702,0.67663324,0.36167973,0.4041916,0.45175406,0.8441903,0.3098517,0.017914766,0.089686856,1.1318023,0.19818328,0.36977202,0.3565225,0.4716638,0.4222802,0.4487366,0.2508812,0.3579837,0.31886423,0.38278058,0.26221848,0.27277932,0.44666827,0.6129088,0.0,0.039022062,0.60499805,0.14629337,0.069323905,0.2544208,0.15363203,0.0,0.7961207,0.6038376,0.12655522,0.0,1.4116321,0.0005770839,0.005672507,0.4267231,0.008840413,0.89640886,0.07351974,0.033981495,0.70360243,0.11304647,0.18201901,0.21739766,0.00039976774,0.13042329,0.5392019,0.24107917,0.090313055,0.016114498,0.35146508,0.12012051,0.30017498,0.059231512,0.07143294,2.2589016,0.072231226,0.8349592,0.0,0.5648207,0.5669823,0.0005930214,1.3551183,1.3789831,0.3099286,0.8169229,0.236063,0.0,0.09920732,0.60778606,0.4138568,0.13612868,0.4328451,0.7890933,0.21051688,0.5561775,0.3592058,0.19636996,0.15582111,0.17621677,0.035607256,0.06087877,0.038402278,0.1428756,0.053688254,0.067569986,0.00803884,0.00032471257,0.4579073,4.3778615,0.44317135,0.35386932,0.06512852,0.72034365,0.41057804,0.13591087,0.003801782,0.053995438,1.7348642,0.83595234,0.31452897,0.781297,0.0,0.36340082,0.2415694,0.8341561,0.1824172,0.17697272,0.08832122,0.6437696,1.4694943,0.035408296,0.19760323,1.3890972,0.0038588245,0.32940817,0.61572695,0.06440436,0.15746193,1.7692335,0.35546508,0.744926,0.62579876,0.34551853,0.16660883,0.14325239,0.15021905,0.34439838,0.006722835,0.17252684,2.8031988,0.020542108,0.13608515,0.00018632655,0.23738945,0.12769926,0.11484162,0.0037128488,0.034805913,1.0078862,0.48988965,1.8372718,0.24730892,0.098350815,1.4853429,1.930277,0.039427858,0.19862933,0.32010496,0.34542406,0.2010939,all_pothole_images\pothole_images_enhanced_238757516b895c579757dc8fb8b318b7.jpg
0.7588893,0.6906963,0.34097937,1.0089746,0.3431586,0.24159358,0.5229164,1.059996,0.11088052,0.99606055,0.077883825,0.28694412,0.9621878,0.7538653,0.0,0.51712984,0.189227,0.8536709,0.47023636,0.23501384,0.70666844,1.3213412,0.22671127,0.8948649,0.59471357,0.44467047,1.0231738,0.7316267,0.028246831,0.028566107,0.17559955,0.39952102,0.7688473,0.7366303,0.24268967,0.9655808,0.36797503,2.2038403,0.0,1.0079548,0.08802006,0.0,0.19414115,1.3075154,0.09035387,0.8599598,0.5417575,0.0,0.9619715,0.9923155,1.3371854,0.24950302,0.53002274,0.3696587,0.27515715,1.9544711,1.964769,0.5889869,1.0021029,0.0,0.355945,0.50745946,0.4430153,0.05857483,0.4830183,3.6097455,0.94648504,0.0405997,2.440319,0.24045172,0.2379382,0.4912754,0.042988673,1.2455101,0.56969684,0.0,0.36680487,0.34889928,0.010432002,0.0080675185,0.03209717,0.0023827218,1.4297262,1.8110282,1.5219032,0.40393937,0.1154656,0.19479504,0.7716108,0.82984084,0.35862815,0.02443119,0.007818373,0.57066613,0.13017611,0.7673871,0.58793896,1.4569439,0.867346,0.21963347,0.0683274,2.6705692,0.48983654,0.30009085,0.26272738,0.726329,0.1352755,0.6119402,0.01122334,0.3170234,0.061202627,1.95515,0.08099275,0.58146864,0.20025782,0.022231732,2.8540525,0.44847202,4.26905,0.65148646,1.7137105,0.8135451,0.8205248,3.0553339,0.6721973,1.5759327,0.17533337,1.8964922,1.1504114,0.31248844,1.2473022,0.002692175,0.091794774,1.1048766,0.17028512,0.60244834,0.41550818,1.2849294,0.54702455,0.22318661,0.9442159,0.055541556,0.79405797,0.4041922,0.0176609,0.46943542,0.3724901,0.17865856,0.84659207,0.35301423,0.1321242,0.463028,0.33295953,0.053838942,1.3506846,1.1450037,1.533151,0.73628765,0.94074214,0.2814836,2.1741679,1.7666256,0.016588742,1.1900665,0.09125865,0.47070467,1.7312613,0.425788,0.8807944,1.0471196,0.010823155,0.40294144,0.10016371,0.34568116,0.60113466,0.59042495,0.12853472,0.07038478,0.2329692,0.13447462,0.41893354,3.716349,2.7004569,1.8365092,1.2612675,0.69605035,0.4250116,1.1259104,0.98695236,0.17152083,0.0860852,0.21203671,0.21667261,2.0964534,0.13180323,0.5885563,0.6782344,0.71122724,0.29372674,0.33824414,0.048972975,0.9571576,1.2618667,0.24437238,2.8864198,0.12562591,2.0836642,0.125983,0.9196623,1.0992012,0.16783863,0.09799923,0.88087016,0.542566,0.3239085,0.795719,1.1529875,0.25812826,0.075980894,0.03155314,0.1419374,1.2863812,1.2071594,0.2863023,0.059746996,0.46296683,0.75991476,1.3693779,0.4450304,0.2579183,0.012707222,0.18798183,0.7748478,0.3879603,0.03981929,0.0037708427,2.0248404,0.111262076,0.00014737781,0.21600075,0.30724123,0.10383117,0.18719082,1.2696059,0.36754256,0.10778548,0.44653046,0.15017241,0.3078019,2.6743248,2.5499103,0.3804263,0.32857266,0.0005794874,0.43401602,0.8901946,0.69001245,0.07152315,0.6200271,0.95321184,0.6252393,0.53504235,0.17368552,2.0148141,0.6271562,0.58882546,0.2871763,0.6093415,0.3340575,0.81824243,0.39358425,0.22908491,0.017776938,0.1793817,0.5918102,0.53841066,1.3239111,1.2836603,0.18700853,0.23690933,1.2305181,0.30100095,0.30554026,0.07586724,1.1590044,0.6841157,1.6861188,0.37234816,0.36346298,0.7333545,0.2744699,0.0,0.69077885,0.35620233,0.41589406,0.14520442,0.45216343,1.6794511,0.34046406,1.2369432,0.3603553,0.34466165,0.08835059,0.33990532,3.529787,0.7657619,0.09399786,0.24696244,0.026031617,0.13548611,1.5820717,1.0210795,3.7395837,1.2592828,0.21293946,0.22574516,0.009917408,0.40118185,2.0826235,0.00046271205,0.7825842,0.0,0.57589024,0.2224644,0.62187994,0.7678492,0.58814275,0.104507655,0.22996886,0.031088874,1.372583,0.5238141,0.0,0.003931736,0.052217394,0.6164131,0.39752242,0.010204931,0.7293699,0.29887477,0.1898734,0.4094747,2.0085795,0.050669037,0.20944643,0.3894661,0.06619417,0.04739212,0.04567123,0.6713057,1.153612,1.1275871,0.3372036,0.06605439,0.0,0.57309633,0.21383499,2.550446,0.80974764,1.2018167,0.66117996,0.16102013,0.34981412,0.07093058,0.024348425,1.3139119,2.1561193,0.18616368,0.6016802,0.24975942,1.9188911,0.5373117,0.77977407,0.18784535,1.3419186,0.68689454,0.10065895,0.025432643,0.80380106,0.9555807,0.69794726,0.017630395,0.6627261,0.32804248,2.2357783,1.9719845,1.348516,0.031044152,0.50621283,0.32360756,0.20217444,0.31251708,0.0065476904,0.17285348,0.10131013,0.12413099,0.94444203,1.2224844,0.98605067,0.23459087,3.6585534,0.5871497,1.2449163,0.6596486,0.3930149,0.092755444,0.14456268,0.5743658,0.0,0.13599223,0.8426108,0.26320326,0.17758346,0.26861435,0.0019180909,0.0659241,0.14442343,0.35626766,0.78757024,0.39530042,1.6691719,0.24572192,1.3870718,2.7215426,0.8243866,0.032125935,1.170132,0.51974416,0.00021565569,1.22095,0.36644515,1.1301067,1.8511888,0.1980954,0.38746807,1.6713701,0.31687626,0.68772197,0.25355995,0.89411914,0.42113596,0.43773428,0.51278585,0.60088956,0.6275889,0.24278605,0.62947696,0.29428568,0.8061404,0.28618616,0.56381416,1.2579728,0.26398736,0.91922045,0.49600387,0.9918457,0.078274466,0.22351412,0.8642825,1.2391781,0.54588914,0.6973077,1.1389285,0.51197606,0.54892176,0.7544933,0.16315825,0.05281724,3.0209649,0.1585046,0.074970976,1.2887563,0.2834441,0.6399143,0.22744331,0.0280908,0.09335955,2.2750752,0.032781344,0.039220866,0.23294443,4.744727,0.6327668,0.19847222,0.0,0.31502017,0.99109447,0.092247754,2.118722,0.2574817,0.484904,0.059379086,0.060944594,0.35907596,0.3686507,0.010443614,0.034370914,0.32471278,0.6684156,0.053083185,0.51759744,3.645223,1.3879117,0.62145126,0.6360594,0.15627457,0.16180846,0.12230392,0.70707107,0.13209178,0.6064106,0.114883706,all_pothole_images\pothole_images_enhanced_23b4ce090d896fd23d6d5f1a0f9eb9f8.jpg
0.25556874,0.22303857,0.09314245,2.3917701,1.0966301,0.8048729,0.18710023,0.06041678,0.055646643,0.3863374,0.077479295,0.3892409,0.3980755,0.8538033,0.15581058,0.20652907,0.07236128,0.2504549,0.27534616,0.0,1.3085195,2.3694637,0.39794517,1.0626028,0.89860904,0.053817414,0.11343425,2.6329756,0.08339276,0.22623996,0.2841245,0.32042724,0.24827226,2.087563,0.57367015,1.150551,1.0078847,1.5899531,0.30410716,0.08363121,0.024303399,0.0,0.44203025,0.5547057,0.2782309,0.72985494,0.43753338,0.008920401,0.6288035,1.2872978,1.3409714,0.006114118,0.17140192,0.032582566,0.08325431,3.0836134,0.3723694,0.18696493,0.059072956,0.45385292,0.06816777,0.17778005,1.3526156,0.14998563,2.4654055,1.3476864,0.91490227,0.03868119,0.78042585,0.30347148,0.5894405,0.0,0.60492074,0.8501554,0.6050553,0.076713175,0.17534548,0.8902351,0.013483242,0.009599242,0.16140375,0.048285753,0.26300707,0.637745,0.7413752,0.030722398,0.10221195,0.3752509,1.6779253,0.41302848,1.4208148,0.22769268,0.0508221,0.16690554,0.008718647,0.24205053,0.46047303,0.60131663,0.19392006,0.72623694,0.31243768,2.279599,0.6743869,0.03465908,0.45365462,0.82672995,1.8444014,0.22690566,0.23371278,0.31982324,0.29182833,0.7546441,0.29244253,0.7161852,0.47064534,0.61478615,1.3927231,0.3201833,1.6554232,1.4840629,1.4368426,0.48073757,0.059573386,1.3849808,0.46179688,1.017082,0.0,1.8746569,0.64336836,0.43590385,0.498627,0.0,0.29369894,0.47449043,0.0034173157,0.69224685,0.4639031,1.8740288,0.28026012,0.14249545,0.49281228,0.042425618,0.054349568,1.3164972,0.20564362,1.439964,0.478025,0.37072748,0.022030676,0.19700213,0.020380102,0.05464109,0.39821446,0.0,1.5412253,1.2169334,1.3673254,0.6794639,1.7943616,2.1143503,1.7187521,0.96244514,0.31909195,1.9194821,0.058432896,0.39990616,0.35609132,0.25113285,1.6854335,1.0554699,0.22565359,0.08802199,0.0016007012,0.25579745,0.48103255,0.63269335,0.13332708,0.14435571,0.23753333,0.1441353,0.0,3.7344534,0.37555537,1.3598629,2.0591557,1.5117226,0.69915515,0.18170537,1.1984552,0.52564293,0.08060588,0.8245214,0.60529405,1.3351889,0.09374304,0.47927856,1.1460752,0.75137496,0.15709421,0.1862894,0.38091245,0.48331988,0.29773712,1.5585289,3.3006592,0.5676506,1.0888486,0.20349133,1.7759328,0.9661724,0.29686904,0.013605905,0.16253273,0.3921164,1.613024,0.5365857,0.78713864,0.21413116,0.4293587,0.13731864,1.1643027,0.7252182,0.7777794,0.0013557324,0.0,0.31073081,0.31345347,0.7411858,3.1600702,0.031203352,0.10985559,0.04076446,0.53093743,0.43722552,0.081910424,0.3273607,1.7954189,0.34974822,0.08738065,0.13803776,0.3237424,0.15088363,0.12382983,0.0016002943,0.6069337,0.03226256,0.6059741,1.2767287,0.16038556,5.452101,1.1201272,0.17957017,1.215999,0.121612296,0.036149923,0.32411796,0.3507117,0.31299546,0.09257677,3.0226278,0.7527848,0.3224309,0.17373705,0.26679283,0.41324186,0.58175045,0.11045893,0.72332615,0.14740871,0.82296425,0.25425443,0.08873588,1.0098108,0.7768151,0.35536146,0.33708477,1.1185905,0.54553646,0.3128213,0.41451684,0.3633593,0.110749654,0.51916945,0.009364226,0.14769052,1.1027144,1.0769731,0.067804016,0.5570953,0.5177638,0.0018963114,0.17525707,0.03258969,2.222529,0.2865187,0.08189913,0.4091936,2.3362436,0.10323604,2.1227014,0.909206,1.2615333,0.010760796,0.43429548,2.322501,0.15312195,0.0,0.36141694,0.0016541398,0.5932628,1.9908983,0.93063366,2.2456892,3.7355502,0.31905445,0.29250112,0.02300516,1.0525314,2.2253323,0.018430945,0.7925225,0.036441803,0.8563413,1.3712362,1.4211019,0.20066194,0.51924473,0.004562153,0.17246264,0.07108904,1.489829,0.22415635,0.0077373297,0.0,0.09310647,0.012700747,0.056738645,0.0031797434,1.3095236,1.0998374,0.3042818,0.17054029,3.1243644,0.030481685,1.1187633,0.2873889,0.040286276,0.23929647,1.6514992,0.12517473,0.9592597,0.98807615,0.021525577,0.65318245,0.00691276,0.42647916,0.167238,0.76236784,1.2690926,1.6397371,0.54531425,0.41478634,0.90401345,0.0075486195,0.13861318,0.051501434,2.4008355,0.08067427,0.5011786,0.03587377,1.1246952,0.16349164,0.6591492,0.743404,0.40888888,0.50124454,0.2227984,0.40271252,1.92994,0.98695916,0.8842996,0.0,0.03755754,0.37575033,2.1017592,1.7472048,0.44993713,0.0578246,0.2874249,1.0022725,0.085191265,0.51754427,0.062245384,0.6932242,0.12335421,0.53415114,1.7888031,0.17295434,0.061787073,0.46356314,3.6988516,0.94777507,0.20649472,0.010345288,1.4424139,0.0070917713,0.19203949,0.19105828,0.6019428,1.117909,1.2109555,0.07055468,0.25321722,0.5524224,0.00010920286,0.48394728,0.9131405,0.28227487,0.19929786,0.17484486,2.0089014,0.56733626,0.1512049,1.5500522,3.0111513,0.07414806,2.7540855,0.43710288,0.4106498,0.8532039,0.8426372,0.20122786,1.2323133,0.2795689,0.37180302,1.1470332,1.2946303,0.85602,0.5193045,0.44490704,0.82892597,0.20844749,0.52377814,0.3669831,0.47159716,0.016621979,0.75087416,0.024215596,0.6881427,2.2036986,0.75847393,0.29585704,0.537689,0.5897888,0.025419848,1.4238396,0.17898509,0.33951962,0.22255053,1.2582539,1.9293386,0.5921693,1.5679536,0.8222258,0.55163556,0.026047949,0.4341585,0.84230196,0.95830035,0.07009202,1.2988416,0.81816864,0.009762832,0.32031637,1.4407789,0.0023924334,0.34305176,1.276722,0.4438637,0.0,0.18818057,2.5612307,0.29380804,0.71910995,0.526116,0.0514112,0.0029497705,0.22541821,1.156207,0.61785996,0.86457145,0.4446588,0.0,0.20983839,0.098327,0.16812031,0.000162375,0.012021137,0.48287585,0.11437834,0.16991004,3.8196416,1.7178478,0.35819688,1.1035036,0.6500002,0.24684247,0.18523319,0.54621476,0.10307354,0.48389256,0.41396904,all_pothole_images\pothole_images_enhanced_23bdd8e43325dd5ff9ecf052ef99c791.jpg
0.35969186,3.0207438,0.6891277,0.89371055,0.23433155,0.48557717,0.15283081,0.3879601,0.6535156,0.27479,0.51628095,1.2920641,0.52746683,0.63623804,0.41861382,0.3198621,0.1644739,0.40113246,0.010324643,0.28583938,0.2673688,1.1262146,0.17623985,1.5929126,0.5445942,0.46340734,0.3950316,0.8799263,0.18302421,1.7094765,1.6484891,0.0,1.2941132,0.30777678,0.13001151,0.40389156,0.29909882,0.41808257,0.0037805184,0.18352948,0.50221944,0.3727814,0.056302138,3.7673132,0.30873573,0.033753604,0.10309092,0.05339855,0.20399979,0.0,1.032107,0.34783366,2.0145512,0.3693751,0.2923081,0.49967334,0.90815306,0.5047544,0.11348786,0.05641294,0.14746253,0.7729576,1.7161248,0.16560706,0.47945768,0.49402803,0.48769537,0.331343,0.82321113,0.866195,0.07407569,1.2892451,0.27069587,0.5095544,0.0,1.2101486,0.020500524,0.59005386,0.0,0.21909024,0.48897555,2.3454924,0.059678793,1.2994467,0.30853337,1.567175,0.038997427,0.169615,2.0028145,0.092439085,0.37246436,0.27626982,0.5075668,0.117997,0.013656302,0.03767526,0.19795077,0.47019857,0.15223548,0.15380237,0.4416025,0.38172746,0.23259686,0.030526483,0.36019403,0.30869624,0.16845226,0.022792993,0.5143749,1.2392769,0.50728136,0.39536074,0.17702706,0.9815738,0.02001505,1.3137189,2.28213,0.12416746,0.083855435,0.3619676,1.8074163,0.60001016,1.1231711,0.18785423,0.6542957,0.24425101,0.01916073,0.049238827,3.7639797,0.82038707,0.19528297,0.27473235,0.034799296,0.03816304,0.6057234,0.41732118,0.19302407,0.5223625,2.2345026,0.82495207,0.208538,0.0,0.5866358,2.893849,0.6852286,0.31407496,1.2121749,0.04813501,0.065398276,1.7984096,0.22779047,0.2061998,0.41498488,0.045008577,0.10554511,0.29164478,0.3185036,0.7779911,0.009168636,0.79784626,0.37604508,0.8299928,0.020806393,0.498843,0.4645718,0.0,1.9835873,1.17086,0.08814751,0.0034083237,0.08887068,0.4095588,0.2110419,0.0312116,0.39659327,0.11952598,1.6677054,0.014624413,0.5939444,0.36291605,0.16974261,0.58453953,5.2265987,0.7540108,1.1163899,0.4053467,0.5965002,0.6199776,0.00029743853,0.32709807,0.71115685,0.15338567,0.17780498,0.78510934,0.16307214,0.493049,2.0144853e-05,0.55928475,0.046033245,0.24520604,0.5504023,0.080639645,2.751154,0.80498844,0.9803688,0.67675704,0.26618215,0.48256505,0.99268746,0.14249009,0.15959176,0.37022564,0.49996558,0.3803223,0.16904789,0.05974829,0.76375633,0.036331717,0.8233969,0.10480948,0.10892736,0.10956692,0.5608266,0.043837823,0.39653617,0.43615383,0.7872574,0.065814145,0.1641703,0.49858847,0.0032060975,0.14099172,0.52684104,0.3734806,0.59259707,0.6696806,0.5607253,0.85302734,0.045975372,0.27595124,0.39796713,0.36502627,0.10798989,0.0,0.3072666,0.009693621,1.8455278,0.7364423,0.12470056,2.0509372,0.92637336,0.019049447,0.5448622,0.56547725,0.46872336,1.515371,0.18708816,0.0009040019,0.72883713,0.7465926,2.1927047,1.3858192,0.61107934,0.1856888,1.0533893,0.3635989,0.028805729,0.7686766,0.59759426,2.0769932,0.0029132278,0.39736557,0.71991295,0.07856617,0.4175647,0.08976071,0.044536985,2.0614748,0.95134634,0.11412163,2.1396728,0.28982466,0.26334944,0.24771394,0.87060535,0.35620084,0.39820737,2.2437203,0.500717,0.41295516,0.5524438,0.8167883,0.46032777,0.45966223,0.5037885,0.11550828,0.073551156,1.1067181,0.30171585,0.23590368,0.06380721,0.51797736,0.11157764,0.9545029,6.5052304,0.09788253,0.07053593,0.5057423,0.28044555,0.015380614,0.060766585,1.0234618,2.262884,0.2898256,0.1740611,0.11288351,0.44575855,0.12924209,0.26127267,0.43036908,0.065965585,0.07772863,0.010063564,1.2487637,0.767035,0.12881608,1.3602058,1.1223028,0.8659003,0.8907754,4.3164682,0.32698253,0.73970366,0.12808675,1.7722753,0.05060678,0.9662239,0.0684799,0.037018202,0.0030766015,0.5947167,1.4887978,0.6245268,0.43225914,0.17621835,0.079149574,0.020682305,0.77111715,3.0159352,1.1702765,0.005355009,1.1309283,0.23875561,0.0073948386,0.034641765,0.3083691,0.8447935,0.1952382,0.022366352,0.9024605,0.09133987,0.36317843,0.23939756,0.45096475,0.74285376,0.43302795,0.35735446,1.150002,0.2768198,0.22273257,0.6270869,0.188912,1.5336405,0.16250703,1.9068662,0.7163139,1.1987985,0.6234072,1.2062082,0.82795495,0.077757835,0.7880782,0.6467164,1.1222763,2.063188,0.6630743,0.56495845,0.3030478,0.00030347583,1.175675,0.6185505,0.66807026,0.33168256,0.41454524,0.5621118,0.049220443,0.097581685,1.1572393,0.029286457,0.57598424,2.5996766,0.1680732,1.1597923,0.98904854,0.10257079,0.6331244,0.5613049,0.058454823,0.6476095,0.116030805,0.3087524,0.6455789,0.7716672,0.6290792,0.94532675,0.30287227,0.33958337,0.365358,0.0028430505,0.8023094,0.46297663,0.011886628,0.5442608,1.386703,0.8385466,1.5036807,1.2848012,2.103536,0.113390304,0.24167468,0.6941199,0.99356776,0.18751039,0.20145388,0.2914243,1.5169045,0.58861524,0.068172105,0.31312606,1.0961311,0.27008182,0.20958033,0.0447841,0.6228126,0.89894295,0.9219125,1.6676946,0.23479107,2.3143294,0.19565624,1.3689429,0.17489089,0.46788895,1.0533128,0.63297105,0.10723278,0.033127457,0.07231431,0.086055756,0.27939034,0.49248403,2.719605,1.1511761,0.16518156,0.13217697,0.04349319,0.8291959,1.0668055,0.41308594,0.8422829,0.11646364,0.32493278,2.7524872,0.20872037,0.14520608,0.004118119,1.1292732,0.24717754,0.39268348,0.023630412,0.018531116,1.0174204,0.1909333,0.70693284,0.11190858,0.054801278,0.41225538,0.1436203,1.866239,0.4998941,0.45023224,0.46851724,0.094143875,0.7859668,1.1283162,0.16115832,0.51189727,0.09689433,1.0731333,0.36017,0.28780845,0.7095544,0.7990373,0.57665247,0.06461509,0.7978627,0.8863998,0.9910755,0.89373535,0.6540739,0.65158397,0.26579967,all_pothole_images\pothole_images_enhanced_240bcade140ffbb80c56c716e5cd997a.jpg
0.9486801,3.7919884,0.86651015,1.8439878,0.592118,0.9277619,0.99967206,1.1226639,0.5503053,0.41891164,0.2206401,1.3498769,0.0083156545,0.6280577,0.09652288,0.026856989,0.44893622,0.15383379,0.13173532,0.1164932,0.17785336,1.045111,0.097685955,1.3097571,0.77143157,0.97249055,0.2185779,1.242071,0.1699861,0.32875195,0.37183705,0.12192736,1.4339858,1.1993954,0.6006819,0.7435016,1.3176153,0.361331,0.3931486,1.6903856,0.1418776,0.0,1.1182129,0.13284734,0.79610085,0.51947933,0.31270394,0.08400619,0.78990746,1.1192725,0.3038353,0.3778562,0.6810448,0.14213257,0.07934382,0.44469786,1.5237706,0.40700945,1.7939657,0.18285047,0.4751436,0.08562185,0.39309177,0.8552779,0.3297495,1.1046482,0.85194534,0.22136156,0.26956868,0.089780435,0.31108952,0.2977642,0.46056613,0.10443784,0.74389726,1.3215358,0.28148592,0.5899887,0.0,0.34335995,0.76525563,1.1777679,0.09396764,1.0417892,0.81184185,0.6279793,0.1579785,0.1160566,3.099688,0.25457007,0.0020595584,0.25511378,0.2034302,0.3234142,0.31229144,0.61494964,0.88308954,0.9600389,0.4074725,0.13949685,0.0,1.3641541,1.8543687,0.093308814,1.352059,0.105111964,0.24646126,1.5189983,0.61542004,0.22249421,0.1184203,2.447127,1.3555083,0.33172077,1.5761187,1.3247484,1.1267916,0.2166631,0.094518825,1.0007596,0.24421032,0.14750658,0.30547673,0.21463734,0.081824996,0.73355836,0.22656778,0.42993522,1.140968,0.14280908,0.57762265,0.44113356,0.0065385327,0.1993645,1.1604319,1.2058386,0.029401535,0.38662127,0.58022237,0.07314071,0.33452752,0.45988354,0.32131216,0.2669504,0.23687784,1.0541185,0.0,1.0088431,0.353267,0.3142332,1.3231918,1.0255475,0.18252929,0.0,1.2803329,0.67973375,1.3443152,0.003863143,1.1820803,0.034633778,0.39864913,0.0364106,0.46707425,3.639118,0.44359538,0.05514466,0.5458521,0.6739559,0.37558535,0.079868264,0.17340416,0.22287098,0.2473775,0.054464586,1.4674283,0.7206422,0.6072804,0.27518162,0.054652724,0.1988998,0.16165936,1.7342112,2.566024,2.0632114,1.256688,0.2237744,0.016340991,0.31797528,0.94554883,1.0474681,0.4891757,0.047848526,0.036538903,1.2858813,1.39879,0.14021479,0.8367887,0.0,0.5463802,1.5143173,0.3685139,0.9437166,0.31734738,0.07969313,0.14824948,0.49325487,0.19989367,0.7783259,0.540197,0.044301413,0.0,0.05489345,0.8091111,1.6896046,1.270312,1.316356,0.8061689,0.09150003,0.4856312,0.6974407,1.6151444,0.0,0.16488515,1.6131812,0.0068939687,1.4535884,1.1421143,0.88335425,0.657367,0.44781518,0.8655612,0.053820826,0.62711155,0.0025355448,0.83013713,0.0015502811,2.350401,0.06793003,0.002649222,0.12481948,0.92118305,0.1897821,0.76604474,0.06479137,0.61166203,0.0,1.9939797,0.19209225,1.4198387,2.7291465,0.27782598,1.4483062,0.42676246,0.18384306,0.010856022,0.04755213,1.7319657,0.058804337,0.721204,2.9998698,0.0,0.19803825,1.0063667,0.6521511,0.18114942,0.35860437,0.13062593,0.57801145,2.5106258,0.27887422,0.3008116,0.0,0.40605557,0.26869226,0.7713604,1.2295115,0.3294066,0.48813227,0.19462337,1.0539715,0.021033773,0.61107635,0.22097221,0.6580242,0.6645008,0.013149772,1.144285,0.45460424,1.2861737,0.10217231,1.6320436,0.18954334,0.19509086,0.7396386,0.5788462,0.23543008,0.4007041,0.0012078425,0.6011884,0.6148315,0.35764405,0.31721294,0.5970767,0.24870001,3.5038426,0.55562854,0.0,0.7372918,0.12925284,0.66571075,0.0603479,0.51888895,2.9877517,0.6295337,0.26494613,1.5535524,0.14243631,1.1402119,1.3487157,0.78402555,0.32337272,0.25078282,0.08322234,0.0,0.51214707,1.8970779,1.4924635,0.5589152,1.0964205,0.46155804,2.5573876,0.71716905,0.03340721,0.0,0.0477099,1.3301197,1.8997338,0.008910788,0.00792621,1.238714,0.3675684,0.68529344,0.30366126,0.5036415,0.48996294,0.109226145,1.5317588,0.16362554,0.06300473,0.82785326,0.05576959,0.5253822,0.37589023,0.25161317,0.5243589,0.04359084,1.7032757,1.2661027,0.10521883,1.0555791,0.54201293,0.41309512,0.5990787,0.6971054,0.030127564,0.69158703,0.83715785,0.52806586,0.44837892,0.6845848,0.4685428,0.75587237,0.5829808,0.3123515,1.2128979,0.22565597,0.008136447,0.11589171,0.11650621,0.5008468,0.9799783,0.5972695,0.234163,1.1460901,2.2782724,1.0924706,2.0776227,0.55682063,0.4559931,1.3866888,1.5128317,0.78889185,0.4443046,0.28678048,0.017553618,0.24163444,0.85531116,0.55313694,0.12522055,0.040712785,1.2400707,0.7537295,0.057015426,0.6988905,0.19158296,0.78056794,1.4932185,0.7153614,0.09207408,0.9348423,0.44675228,0.7753551,0.35444883,0.06571578,0.038093146,1.2498642,0.7017667,0.60924804,0.8383172,0.0,1.1363385,1.0803312,1.9389396,1.2670699,2.6662068,0.2165453,0.89296025,2.8737571,0.50868917,0.19681008,0.45656514,0.10470152,0.17195907,0.24964768,0.16422813,4.087274,0.40340173,0.31814325,0.55601156,0.9062196,0.5581869,0.28065997,0.26153284,0.072264954,0.17447755,0.0037793126,2.0463667,1.0250642,0.96255606,0.26138324,1.1762593,0.47723797,0.4952197,0.16954349,1.3953036,1.3482281,1.0594387,0.25510326,0.09493688,0.9262673,1.3574026,0.4465278,0.9832203,0.70299196,0.6496786,1.2655916,0.23637442,0.047794014,0.33073887,1.4395876,1.2572641,0.37491572,0.78279907,0.14861186,0.4272292,0.25411355,0.13688402,0.45166576,0.058608,0.91063654,2.672933,2.9678364,0.49701464,0.0054603773,0.0,0.035713665,1.4014585,0.16511968,0.308478,0.025813375,1.1018692,2.6220338,0.23191373,0.46739936,0.086014666,0.019817041,0.44886315,0.1430511,0.029156972,0.6709246,0.6842603,3.0393057,0.728022,0.36475104,0.34169123,0.66816384,0.07858337,0.7315609,1.3562255,0.9194188,1.1639557,0.015766053,all_pothole_images\pothole_images_enhanced_241f22e09f3ba84dea2d20ea20c8d9d8.jpg
0.113653705,0.80748135,0.11352344,2.331404,0.5560278,0.08399232,0.22398339,1.7277172,0.09680873,1.898399,0.39254364,0.7326739,0.024012001,1.8608323,0.0,0.50098646,0.039788645,0.9165154,0.78420204,0.30099657,1.318888,0.7332405,0.069125555,0.5377143,1.4686986,2.728423,0.43110266,2.7789774,0.4059902,0.15852657,0.0954527,0.16632983,0.14054883,2.0609994,0.48856482,2.0539143,0.1672928,0.605833,0.07660858,0.655323,0.014403872,0.065557785,0.85358185,1.4917842,1.4935706,0.031138843,0.045246784,0.0,2.2620533,0.52669656,0.85360575,0.6238249,0.16323684,0.03355367,0.045977518,2.2267425,1.478589,1.4226124,0.59217334,0.9845712,1.3034079,0.37824452,0.76635426,0.81645155,2.7013097,2.415462,0.07573033,0.30177408,0.27659675,0.06492029,0.58748263,0.18613334,1.0093999,0.2593088,0.6891881,0.78793776,0.073830076,1.653892,0.74875575,0.43590128,0.23734003,1.2859234,0.31323445,1.5383066,0.086335436,0.5188442,1.6115934,0.035124194,1.4725051,1.1350904,0.07418408,0.21627083,2.239673,1.7084529,0.18238012,0.36360055,0.2145482,0.32410255,0.80995893,1.1109102,0.14223196,5.1513944,1.078099,0.7011071,1.810447,0.08544525,1.4002614,1.8733201,0.49833897,0.040895507,0.42098275,0.10865914,1.7408011,0.6744747,0.8240805,0.19580252,0.5103522,0.66768414,3.136147,1.838645,1.9417329,0.024776518,0.066460066,0.9601373,1.8655533,0.104204565,1.6713396,0.98753357,1.858015,0.63400865,0.47091243,0.0,0.1654292,0.49221694,1.9163789,0.3114004,0.944176,1.6824157,1.227908,0.30012158,0.19106083,0.54345477,1.7536812,1.6410323,0.0837601,1.2205297,1.0736787,0.4678178,0.3494709,0.61050797,0.82639796,0.82925195,0.60459477,0.3354559,1.4874914,1.3014951,1.3085563,0.41042602,0.5775407,0.1880276,1.1590624,1.3059403,0.3417043,4.091342,0.27794546,0.16220035,1.633038,0.28419143,2.0231314,2.15838,0.27568373,0.14839432,1.8714808,0.50796163,0.6129819,0.25795755,0.9001697,0.30218196,0.13338476,0.46496457,1.816188,2.507327,2.3025048,1.2589754,1.4463656,0.81115323,0.5444838,1.2955642,0.70760703,0.5820841,0.028424824,2.5157595,0.0,1.0994759,0.6349946,1.8657122,1.4797674,0.73225105,0.37615487,0.08020209,0.7898888,0.7141585,0.30885303,0.09215823,0.3418451,0.0357272,0.5030324,0.24671417,1.7260779,0.3888315,0.042824816,0.015562151,0.408424,1.0080004,2.6237798,0.6452787,0.65804505,0.17858352,1.408741,0.68247193,0.23618472,0.10405976,1.0323772,0.709225,0.005919098,1.036794,0.76989114,0.37179062,0.52251464,0.39605308,1.269539,0.043258984,0.60009474,0.526134,0.11920046,0.21999687,1.251261,0.65887946,0.019115895,0.27295026,0.022869935,0.27165827,0.8207907,0.35248932,0.8421398,0.18071947,0.7415586,0.5146597,0.28686282,4.557902,3.3553457,0.39859384,0.40073308,0.7779606,0.5436395,0.80202293,0.6351987,0.009205017,1.1217799,3.512256,1.6853223,0.1740326,0.29838532,0.017071575,1.9164451,0.13711935,1.357781,0.0,1.1871114,0.08886414,0.55982447,0.07752337,2.2685893,0.38722584,0.33050513,0.124357365,0.23286495,0.96934134,0.044132683,2.034847,1.6098124,1.1478337,0.7492603,0.6439567,2.1255789,0.57820106,0.99920946,2.1456022,2.5086887,1.7345811,0.0,0.29702586,0.29120195,0.5135837,1.6925848,1.2808886,0.025684332,1.0451847,0.31356055,2.4181652,1.6499349,1.7310405,0.90564865,0.033224758,4.3699384,0.84686494,0.31650278,0.0,1.6782366,0.44036928,0.6970557,0.7796802,2.4187033,0.69469863,0.68635845,0.8536403,0.119863704,0.49117482,1.7014589,0.47783285,0.3775285,0.34261626,0.51906705,1.2131784,0.8022614,0.2039989,0.022517232,0.9271498,0.6427239,0.8151639,1.2499706,0.86958987,0.032020018,0.92275167,1.2003382,0.31497273,0.982279,1.7746903,0.7035307,0.93658054,3.853222,1.1999965,1.1540812,1.5149354,1.0974116,1.2240305,1.0769833,1.0219202,0.65198666,0.48100993,0.29258096,0.07865432,1.3175228,0.8055642,0.22602725,0.97432137,0.05083684,2.1748638,2.506587,0.5617874,0.9931047,0.49210885,0.24129398,1.640485,0.02312318,0.752413,1.8070874,0.2714917,0.45564124,1.1287706,0.9095598,0.0,0.7657331,0.071970254,0.26929352,0.14963125,0.119362816,0.01966714,0.6325539,1.1321104,1.5119716,0.43058664,0.3149914,0.594783,1.2501411,2.0805144,1.5856858,4.986463,0.158732,1.0229739,0.82331795,0.5631252,0.78539306,0.22710864,0.29463103,0.70223165,0.996063,1.0117621,0.89390826,0.10929433,0.9962925,1.0195185,0.2834967,0.24993382,0.55150115,1.334374,0.11988702,0.7539193,0.9291522,0.0043364884,0.99452263,0.0,0.009482018,0.91685855,0.1148725,1.468396,1.5389538,1.3913571,0.45473123,0.5310234,2.463838,0.23644646,2.5256789,1.7553707,2.7765627,0.1551962,0.95796573,0.5455506,1.0431199,0.6702859,1.1449543,0.57058173,1.2305036,0.56541413,1.1313142,1.5211828,2.3340347,0.9203975,0.93832386,0.5322885,1.199292,1.2749764,0.7005964,0.086560406,0.14234683,0.22322808,0.53032434,0.7666908,0.019282566,0.8431348,0.57512313,1.032281,0.20253833,0.8348508,0.5348098,0.5738446,0.8409653,0.17620032,0.44684374,0.30204707,0.84294677,0.20615268,0.13902587,0.55669004,2.4087014,0.6673031,0.19160984,0.058920097,0.36885992,1.472229,0.029399682,0.3337249,0.4244047,0.08322595,1.7676575,0.031119497,2.4713988,0.9133662,0.7860435,0.107307844,0.2570121,1.134013,1.2106643,0.02367728,0.09249216,0.27438045,0.8607483,0.0,0.41650638,0.0,0.765484,0.8340948,1.3168192,0.14396738,0.13207713,0.19626595,0.18130104,0.48603854,2.6115952,0.9764262,2.2376862,2.8145514,0.9695197,0.1452389,1.488225,0.8337158,0.06743657,0.7994856,1.3889669,0.8023171,1.2514247,1.2444943,all_pothole_images\pothole_images_enhanced_243b6ea3c12725e46ee8469042c34a11.jpg
0.2913132,0.93446255,1.0090101,1.6487042,0.027718874,0.0,0.22990832,0.044749103,0.53281367,0.5773109,0.86786294,0.5560955,0.011122478,1.6864682,0.057571575,0.36428297,0.7138308,0.1215215,0.45876828,0.04818557,0.5369159,1.0933683,0.6276585,0.85003334,0.8920629,0.23862533,0.41244778,1.7050171,0.13171399,0.9802584,0.0,0.13094378,0.0010829417,0.5563055,0.4579005,0.37061703,0.15659781,0.566652,0.6032299,0.054684024,0.19395389,0.11521458,0.12023482,0.008152494,0.3135671,0.05015425,0.509295,0.2929261,0.87185097,0.25049904,0.24559523,0.46569666,1.3812511,0.090662904,0.20425329,1.029989,0.9289954,0.3146438,0.17997406,0.52955866,0.0,0.1810067,0.4375101,0.08037504,0.22380807,0.1326347,0.29635957,0.06511674,0.07668075,0.16448641,0.75254977,0.0010546895,0.5572012,0.008196006,0.42006245,0.16691367,0.49899432,0.21032381,0.027646111,0.0046593365,0.118032806,0.9563465,1.1609131,2.8822017,0.3529532,0.34172255,0.44151476,0.0127425445,1.1791093,0.3727384,0.097024955,0.5724831,1.2620974,0.6704479,0.9311643,0.4738982,0.14061278,1.4557108,0.17561227,0.7821626,1.6151286,0.6538119,0.48798573,0.67575026,0.7400947,0.027610876,0.052111264,0.642066,0.03764886,0.6117341,1.1375676,1.7303693,0.8292191,0.1217929,0.1735582,1.401376,0.033554733,0.119097084,1.1956079,0.37802938,1.6998479,0.043152347,0.004940614,1.1170545,1.4950731,0.95249206,2.0050354,0.35947052,0.052247804,0.93001646,0.02988527,0.041238166,0.51172495,0.970401,1.92958,0.46881765,0.2881371,0.39271933,0.04246316,2.1396578e-05,0.50266033,0.3888109,0.5835846,1.3677537,0.008723525,0.0,0.11744465,0.35340366,1.0620493,0.019099172,0.2524854,0.34013927,0.39455873,0.3099201,1.5122265,0.011237734,0.052311476,1.0014898,0.5320481,0.78857714,1.7936784,0.91116345,0.0360288,0.23276196,0.7893421,0.65092146,0.22197749,0.059320435,2.0124156,2.5336347,0.009124966,0.015604949,0.4925382,0.006387981,0.19785842,0.049482703,0.6046455,0.0,0.23951823,0.16011798,0.26811817,1.4278748,0.85094714,0.91646725,2.9006085,1.1620318,0.082259335,0.46341962,0.5796529,0.11184332,0.16486432,0.4284745,0.41451135,0.24462739,0.98702365,0.003616865,0.9252242,1.334925,1.3871933,0.83552533,0.061157633,1.1390836,0.010942225,0.07805346,0.82402533,0.93826604,0.31251013,0.30598298,1.4754379,0.6359781,0.0,0.0,1.2604691,0.37322316,2.116039,1.0007501,0.1778724,0.02517832,0.06446441,0.7270461,0.22102465,0.05671681,1.3564568,0.8240492,0.0046861437,0.0,1.7241678,0.0,3.9413214,0.08413506,0.67989236,0.005802265,0.3387357,0.60737914,0.3399466,0.4791597,0.049622033,0.0,0.05707778,0.043653715,0.5334907,0.8453392,0.120911986,0.25296256,0.23892552,0.18427342,0.3175194,0.11697489,1.0591631,7.6018214,2.1140447,0.2529835,0.10910212,0.302288,0.042699944,0.47353896,0.7121784,0.89001364,0.77815664,1.3070604,1.1116968,0.40019202,1.1319395,0.30754727,0.062228236,0.76107955,0.12587981,0.7163091,1.1189281,0.384976,0.587001,0.0,0.57215625,0.39342296,0.3295366,0.34431562,0.06897838,0.59533924,0.03932328,1.0317738,0.5040044,0.8601454,0.6914585,0.02212801,0.5719459,0.94856745,0.259223,0.39177224,0.40106854,0.19547719,0.0,0.20444877,0.029143425,3.0768101,0.8334851,1.9072975,0.35226363,0.35685673,0.0022249587,5.444513,0.014589844,0.39596915,0.0,0.07186528,3.6827621,0.39971384,0.9231271,0.03958362,0.8291818,0.0,0.088666946,0.10443994,4.9183917,3.4073071,0.378863,0.46238637,0.06404257,0.4639379,4.8794065,1.1368299,0.80105954,0.0,0.5591184,0.8960004,0.11857071,0.5358861,0.41041568,0.04901789,0.65614086,0.12461024,3.201736,0.15843803,0.65754074,0.6573926,0.15562604,0.013201131,2.5813653,1.2833114,0.5315558,0.96931154,1.9657772,0.20575301,3.0552554,1.3108741,0.7903351,0.43187588,0.12741613,0.61103183,0.71371335,0.13480139,0.042375125,0.18044913,0.38219795,1.5053711,0.47846013,0.80711365,0.020588595,0.4509195,0.21567683,1.0597463,0.28826198,0.12571684,0.2918646,0.5283428,0.045067955,0.0050734566,0.7662506,0.28018135,0.6136322,0.385762,0.24566421,0.33663234,2.0514944e-05,0.2577423,0.23325169,0.124153264,0.040685963,0.48482248,1.2618515,1.0706127,0.14533018,0.020204252,0.3288077,0.4052449,3.3933268,0.10426402,0.80425197,1.8543869,0.11442353,2.448769,0.8861184,0.3125775,0.07847087,1.1863446,0.0,0.9492237,0.1102619,0.8876298,0.051469572,0.09395966,0.48542738,0.35299543,0.9745787,0.3547421,0.36556205,0.0,0.117562294,0.44608375,1.0773569,0.2494037,0.0,0.07106441,0.2225316,0.40803337,0.23479292,1.6498141,0.83090234,0.654288,1.4885057,0.55778474,0.15533142,0.5178623,1.0005709,0.3780168,1.0710051,0.44524777,1.4960456,0.38607055,1.8202156,0.41802895,1.4334102,0.12654807,0.00024429304,0.54973626,0.33160278,1.8697472,1.0391759,2.1751432,1.3481426,0.18658294,0.09690689,0.39780807,0.020982714,0.0,0.32964098,0.06472765,0.38464534,0.09708552,0.023066198,1.8863939,1.7999694,0.80775994,2.091623,0.06806429,0.9743576,0.8171777,1.4255763,0.055364083,0.057855673,0.9173831,0.8457897,0.2651358,0.07835726,0.0,0.8593134,0.28406003,0.052183818,0.23425178,0.10221964,1.2156923,1.6527672,0.9337082,0.0867139,0.06811309,1.7834659,0.069145754,0.6627101,0.30165428,0.6857006,0.15058947,1.5407101,0.15998645,0.61023635,1.2725357,0.33165765,0.43067515,0.11262024,0.0,1.153856,0.0,0.36537653,3.4323716,0.3685973,0.0059890896,0.07434078,0.116186686,0.17295939,0.19972447,0.07392921,0.20195617,0.1983169,3.3524418,0.8153322,0.76915294,0.20387958,1.7958745,0.5703585,0.5999629,1.204206,0.1774521,0.28146416,0.0010176824,all_pothole_images\pothole_images_enhanced_24d69989bfa9a14bbe7831812e43c965.jpg
0.43152714,2.4009154,0.5606177,0.70316654,0.8914963,1.885817,0.15146232,0.1361098,0.009057907,0.079322465,1.0128977,0.28454804,0.72942895,0.46081573,0.7401066,0.009501509,1.4067233,0.0659004,0.5764631,0.52953666,0.38837463,2.8439574,0.37024668,1.1312209,0.58575267,0.52352595,0.08405631,0.9315318,0.26442268,0.22494738,1.3621969,0.82243663,2.1353495,0.1785845,0.76173663,0.05783409,0.4986653,0.922006,0.021848926,0.32210037,1.1794136,0.23371413,0.37270293,0.12582327,1.488786,0.16047455,0.0,0.099358305,0.34805277,0.19450441,1.0166088,0.46654782,1.206074,0.7079674,0.8087232,0.5779537,1.1087745,0.2151696,0.84720397,0.17752114,0.07893637,0.117121555,1.3318496,0.45316827,0.38167217,0.67102593,0.11850603,0.5875207,1.5762799,0.50260574,0.4660815,0.4315728,1.0503691,0.111784264,1.0731701,1.7849951,0.16805267,0.1416078,0.12752,0.01947431,1.2744247,1.3502352,0.011422529,1.6206179,0.6988803,0.9731123,0.986084,0.23710091,3.5873876,0.0067029363,0.18690053,0.048732348,1.7638314,2.0238347,0.015588317,0.020694407,0.21463376,0.33502063,1.04547,0.7469359,0.077663675,0.80470306,1.7530986,0.2690292,0.12566108,0.18989004,0.51763535,0.0013136546,0.36319363,0.054188482,0.66017634,2.6804569,1.5830296,0.3392503,0.26565588,3.434429,2.5822523,0.5775782,0.40240508,1.4935725,0.29862976,1.6596321,0.866599,1.1842881,0.26363468,1.0025648,0.040397692,0.7195872,1.5667887,1.0402979,1.0478001,0.2371514,0.36662012,0.9042344,0.65801036,1.4510247,1.2955918,0.44128025,0.61981934,1.1677027,0.8167486,0.7810477,0.26422694,2.0503585,1.3410107,0.45570058,0.450233,0.44716644,0.96866596,1.8462415,0.8718662,1.1039578,0.2545012,0.075615086,0.8826707,0.72079825,0.0439247,0.4034275,0.042160224,0.35519063,1.438193,0.18097407,0.417739,2.0007706,0.56476444,0.85965407,0.84553206,1.8724968,1.6245646,0.055543177,0.15175304,0.00523263,0.8152154,0.06157253,1.559864,0.60299504,0.49936137,0.038153656,0.035414662,0.6091479,0.2970146,1.499287,1.761462,0.43129748,1.7515554,0.23674673,0.062494636,1.2081647,0.35028574,0.12808375,1.5122598,0.61842,0.5893441,1.1992162,0.34647882,0.48585477,0.74716806,0.1453497,0.09237983,1.7458794,0.38933608,0.31597468,0.13183385,0.022396222,1.0262185,0.6415487,0.18998985,1.0463561,0.6982025,0.17344585,0.51747435,0.022666663,0.8448216,1.8959348,1.2494965,1.3162193,0.6096207,1.0368406,1.2119803,0.23801321,0.85538185,0.010203945,0.050529335,0.1303079,0.10882649,0.4854354,1.0169796,0.012859928,1.1201639,0.075130336,1.2406163,1.4107276,1.2338562,0.2356139,1.1957741,0.75288475,1.4708014,0.0,0.12809934,0.020709,0.50373024,0.43242383,1.1772457,0.0819395,0.00676125,0.51344395,1.0852426,0.17874981,0.726225,2.605766,0.62642676,0.06567588,0.15233326,1.2153218,0.09500196,0.016321028,1.5297614,0.6168251,1.3679812,1.6750544,0.6281642,1.325634,1.4589045,0.02186033,0.40608662,0.22007447,0.25416094,0.2378568,1.8693006,0.73497146,0.5895832,0.7398664,0.20533352,0.017523585,0.34194186,0.31615397,0.17486152,1.4935212,0.03797982,0.52476656,0.0,0.29563832,0.19763052,0.86707264,2.3854432,0.37886524,0.4595394,1.6581813,1.4959744,0.002997739,0.5799673,0.59307384,0.15452766,1.01449,1.192752,0.2517522,0.84344715,0.7800606,0.05693264,1.2478195,0.37268192,0.21476589,0.10751073,0.58933336,3.881922,0.6380183,0.009053071,0.24331649,0.63699204,0.052476987,0.5680084,0.634818,2.8303797,0.3027958,0.0025663357,0.4222243,0.18677193,0.956074,1.7842133,0.20943543,0.04236775,0.35247856,0.009945439,0.63443416,0.18568115,2.0430484,0.7068505,0.89163345,0.6212774,0.80606645,4.662964,0.53117007,0.30205196,0.94796956,0.78573537,1.3196661,2.194216,0.7937994,0.02051871,0.19587119,0.6312058,0.96401143,1.681387,0.21070161,0.23856466,0.907649,0.43134362,0.273553,1.535792,0.7127876,0.3396931,0.8714082,0.6801267,1.10857,0.030716501,0.35700732,0.04201748,1.3148999,0.10438326,0.5557893,0.008583138,0.0047155134,0.20396583,1.602737,0.0489047,0.62893295,0.823233,0.9172346,0.12724236,0.18460305,1.1460296,1.0376785,0.036953114,0.1685751,1.5470934,0.14843449,0.11736064,1.0260566,1.498248,0.33505452,0.22444315,0.27777472,0.6421201,1.8613192,3.4708195,1.0465076,0.9902611,0.99543,0.4626581,1.5392985,1.0181117,0.4551068,0.09113167,0.075584725,0.11022634,0.5875636,0.17234322,0.7629195,0.14565258,0.0,2.3160336,0.2792179,0.04543352,0.2654583,0.10577062,0.24139583,0.105673395,0.12998518,0.27205583,0.48029009,0.08435313,0.6294848,0.0,0.43940252,0.3198683,0.4742883,0.37522295,0.105701126,0.006612623,0.2261321,0.69646585,0.74616116,1.7964219,0.64886194,0.6453785,1.1651486,0.15584284,4.255494,1.0443339,0.081178375,0.4435401,0.18049307,1.1580158,0.015741685,0.54788864,2.1999536,0.09745963,1.7890414,0.26996994,1.0317025,1.4014333,0.011895701,0.110457495,0.5276163,0.56454545,0.73953015,3.0247848,1.0588828,0.35137665,1.3479794,0.9513293,0.5765781,1.6528747,0.047725204,2.4452984,0.21470454,1.0210226,0.18463936,1.0996594,0.4900279,1.068772,0.9246865,0.18673219,0.684782,2.9935756,0.40388516,0.12950376,0.0013247053,0.19954251,2.2036512,1.9179416,0.70070535,1.8906571,0.044519678,0.48455873,0.083573595,0.25498456,0.43843985,1.1808445,0.8497845,0.90595996,2.5466988,0.31394848,0.5186119,0.047054965,0.41794312,0.6781134,0.15260753,0.51113516,0.21748798,0.6595411,1.6962079,0.03019833,0.0030780425,1.0117114,0.3342097,0.056511592,0.1257304,0.013895879,0.0,2.5218568,2.8154044,0.49609438,0.22196694,0.6573388,0.92392355,0.1922895,1.4045656,0.7924543,0.9738993,0.5915244,0.6932295,all_pothole_images\pothole_images_enhanced_24fe754cb363257f0d08d77fe62a2671.jpg
0.4715883,1.921961,0.929266,1.6411637,1.9366115,1.0145855,0.19158833,0.09947101,0.54630035,0.5844098,0.13175254,0.4568264,0.500447,0.46728745,1.1015488,0.47437972,0.100598946,0.03469862,0.2709494,0.6653995,0.95505935,1.8448722,0.5289781,0.61709154,1.6662283,0.47339964,0.9370939,1.9264711,0.45027325,0.29372385,1.0933837,0.60456973,1.0085181,0.46808085,0.8924131,1.1293133,0.7948998,2.2318313,0.11536592,0.91759056,0.057694163,0.06073477,0.15881942,3.229148,0.7634188,0.07031796,0.05921492,0.24795987,0.22604103,0.60885197,0.81116337,1.5178047,0.6451617,0.724113,0.23337111,1.2013547,2.462132,0.039140932,0.25229177,0.6262895,0.053210564,0.5578626,1.1954079,0.40300876,0.115817755,0.8293422,0.40014306,0.73264146,0.4243959,0.36501646,1.1754384,0.58735704,0.4495784,0.40737242,0.43858021,1.970518,0.49724913,0.77644414,0.21094996,0.6976213,1.4669513,0.059223145,0.0033919169,0.48127264,1.0056113,0.5152597,0.16775931,0.103617236,5.301308,0.076610945,0.57826996,0.20335466,0.26943117,0.8295299,0.45230344,0.071367174,0.29958317,1.7902224,1.1483237,0.570494,0.0,2.3875766,0.0535833,0.59231395,0.1935057,0.31115875,0.23305601,0.07117564,0.14202031,0.45017996,0.32031694,1.9051915,0.50162804,1.1730852,0.6845923,1.0473386,1.8551806,0.02985893,1.25237,0.8203197,3.3908162,1.3400362,0.22630002,1.5533661,0.7060382,1.1289848,0.029360471,0.5821205,0.82937187,0.35854137,1.3602896,0.043958366,1.078733,0.43694168,0.5009098,0.7066437,0.18529047,0.64191633,1.1312062,0.32451096,0.442967,0.16139278,0.18290713,0.9193454,1.2194002,1.1142648,1.0688802,0.8185354,0.004053087,0.8905514,0.6666624,0.96805155,0.17131163,0.006285801,1.3549904,0.34834224,1.4680479,0.17492221,1.5475265,1.0704387,1.1230031,0.6587574,0.2506841,2.7927809,0.0036760322,0.6468156,0.5154275,0.05872627,1.1060414,0.22995703,1.0264233,0.47133344,0.47869924,0.85304266,1.5650123,0.12476018,1.5813367,0.11039539,0.060683336,0.15785119,0.24401976,1.5832018,4.0645247,2.5953875,1.1160071,0.9841155,0.8166289,0.013318753,1.3024604,0.72378695,0.9490652,0.55171996,0.20125224,1.8055854,0.3907784,0.35680225,0.21694282,0.032248907,0.06195684,1.1834368,0.60735154,0.52885085,0.3491629,0.8279528,1.4487092,1.2413352,0.07673124,0.7632856,1.1372758,0.03023402,0.21338184,0.7351858,1.4573816,1.6356376,1.1431117,0.4275396,0.25308084,0.05771671,1.9339733,0.0,1.7582214,0.09871675,0.18191853,0.105247945,0.2868625,0.9458117,0.6096842,0.36474976,0.27144128,0.520181,0.18780258,1.2463758,0.38415763,0.09363176,0.27440307,0.18899232,1.2437342,0.44581184,0.05116167,0.15724827,0.3477077,0.0,0.20293765,0.03507439,0.05635247,0.26170024,0.3294575,0.0,0.17921397,2.0603337,0.81772536,0.4695392,0.5077827,0.39327323,1.1051811,0.04006273,1.1918353,0.004801869,0.1673923,1.442235,0.6957797,1.6028727,1.0021205,0.279457,0.49777225,0.6277302,0.0,0.26149774,1.7922761,0.012899313,0.38195804,0.18834025,0.2494376,0.24555703,0.098606646,0.91775745,0.3410525,0.25525543,0.29063317,0.69770813,0.08347373,0.07205969,0.69588417,0.26023242,1.9240133,0.6024911,2.061065,1.3477876,0.96382964,0.042158812,0.47819853,0.8096453,0.08937143,0.5990476,0.43523803,0.5168993,0.69543266,0.022394255,0.07156682,0.301806,0.21897669,1.2113591,0.15611026,1.0523158,5.594015,0.3007324,0.0,0.6332626,0.43020183,0.7042654,0.06736906,0.58540165,3.2884324,0.8967003,0.34716687,1.0482899,0.6945791,0.83879876,0.3768729,0.07770913,0.17377733,0.7275859,0.33143646,0.17097826,0.7420069,0.74939895,1.2408085,1.3708502,0.96633303,0.734001,1.5973741,0.7537341,0.107347086,0.07051309,0.829282,1.1759884,1.4788393,0.5456657,0.4864234,0.3350563,1.3380165,1.58672,2.0357077,0.17533322,0.93660206,0.054864366,0.11344437,0.2246958,0.35503885,0.36807308,0.5204528,1.2102543,0.7395584,0.4551042,0.55524546,0.05195346,0.5593508,0.4515619,0.44708392,0.5185465,0.10683067,0.0,0.145893,1.6366272,0.12645893,0.07977338,0.35735577,0.23649225,0.08801587,0.3494718,0.86018497,0.46008345,0.4010975,0.061662775,1.6759152,0.6524262,0.041771267,0.096363686,0.14035295,0.3689423,0.04644968,0.07785865,0.4247483,1.145035,2.396505,1.9354093,2.6096191,1.2584821,0.73908687,1.0796208,1.6543407,0.013227582,0.13397,0.10792253,0.09667966,0.062075093,0.7793892,0.285371,0.44531038,0.31821948,1.0375978,1.3049359,0.0,0.8770523,0.16156103,0.3292244,0.08875788,0.98870456,0.60811234,0.8598041,1.8598019,0.4031867,0.7484193,1.0171499,0.0029663339,0.341911,0.5011791,1.2996109,0.23877609,0.0,2.420619,0.1267171,1.2908163,1.9388592,2.5913572,0.34430814,1.2168798,1.9702715,0.2402392,0.36918724,1.7522753,0.064042926,0.5829899,0.43706816,0.20870866,4.582545,1.5478462,0.39991885,0.027384086,0.8342426,0.9295345,0.19023432,0.0007093736,0.3884636,0.16482215,0.95893764,2.828608,0.51856893,0.39866376,1.530831,1.2711202,0.43940932,0.620418,0.20213543,0.1095541,0.86765504,1.2116114,0.35005748,0.2833847,0.90633637,1.0308915,0.34751186,0.96075976,0.24485551,1.2039927,0.40019026,0.47563046,0.112099245,0.41632506,1.4415847,1.2734941,0.06280567,0.55681074,0.2018213,0.24227776,0.3534823,0.34375525,0.57473856,1.1046759,0.28126,0.48343822,3.4146688,0.10520977,0.48391488,0.0,0.0,0.5907131,0.37619793,0.06587733,0.15528192,0.072334364,2.5820982,0.019425172,0.08099595,0.019311335,0.03759425,0.15490998,0.008349683,0.23098198,0.0015117807,0.2541161,2.9271426,0.2895692,0.5976838,1.5728778,0.44813263,0.026524639,0.8686447,0.44408572,0.6267972,0.6129102,0.18201339,all_pothole_images\pothole_images_enhanced_2516ddef4c81d80ebf2cd17521be8981.jpg
3.4795039,1.2470312,0.37732804,0.7425463,1.0117487,0.161374,0.07604359,0.0,1.0608808,1.668311,0.67844546,1.5799628,0.006730861,2.881349,0.73184085,0.039424498,0.025371352,0.015572536,0.0021662398,1.0218968,2.4810388,1.1437385,0.6594593,0.8426305,1.9146243,0.17425825,0.56990534,3.072628,0.09842286,0.020263644,0.017525436,0.21784537,0.10320805,0.6633795,0.18344688,0.47960287,0.1997862,2.2197413,1.321714,0.032706052,0.0,0.18298456,0.1641053,0.26894662,0.2678753,1.4389085,0.024501454,0.73522836,0.67650044,0.0751585,0.6189259,1.2857757,2.0381403,0.021041587,0.093103044,0.5458445,0.40408528,0.004885432,0.69723266,0.060262732,0.46967992,0.0006195101,0.040769182,0.35760856,0.5084073,1.2745382,1.7612572,1.9114962,0.1373799,0.00039706545,0.8022319,0.5510299,0.15925749,0.44055077,0.31252995,0.44638017,1.1702341,0.40192756,0.0,0.027285527,1.3778784,0.32841453,1.0708462,0.657135,0.66019744,0.01870599,1.0139585,0.25499633,1.0935665,0.11090989,0.08352947,0.0069365106,0.040124446,0.32087052,0.46104953,1.2894083,2.3930402,1.386128,0.2659943,2.409877,0.037684772,1.7993537,0.11922239,0.071128204,1.2237645,0.14434594,0.24856937,0.7102217,0.0,0.8292476,0.19744647,0.87594134,0.7761389,0.26546833,0.6475912,0.17760691,0.0074115065,0.0,0.097955905,0.47714376,2.8823094,0.04744924,0.06362868,0.8357591,2.4283187,1.2888792,5.2211413,0.14696956,0.016638715,0.33557445,0.3451859,0.032095358,0.0029339236,0.49391243,0.784415,1.5488008,1.1442547,0.31814274,2.5277739,0.020956965,0.5036762,1.0197908,0.051276024,0.2516776,1.6014746,1.6071128,0.07663816,0.4218426,2.0601542,0.060347423,1.514822,0.9718135,0.18450499,0.4804296,0.05541432,0.49816748,1.2786536,0.12566866,0.6775302,1.7454479,0.36643833,0.35646883,0.1946859,1.1954213,0.1498056,2.4685168,0.1985906,0.8922381,0.357921,1.330302,0.24113505,0.118357666,0.8370336,0.30660707,0.004559893,0.29360074,1.1176049,0.3866268,0.7664587,0.4175503,0.18113387,0.7997928,0.08915865,0.993999,1.908214,0.94198364,0.0033857718,0.49164042,2.8902783,0.15663587,1.1459742,0.6186695,0.82867056,0.6508364,0.23070821,0.8156718,1.4356651,0.026161464,2.2605317,0.37322533,0.23424767,1.0489099,0.25472388,0.37370598,0.2304501,0.02413255,1.5339012,0.018305453,0.6873122,0.8557599,0.11820661,0.22928964,0.28820115,0.11002548,1.6008117,2.6770747,0.10076685,0.0,0.0,0.05521682,3.6342325,0.0030723158,1.24096,0.0709534,0.0,0.79382616,0.7999426,0.0,1.4685653,1.3484151,0.0,0.0009372539,0.17418444,0.86114335,0.1158659,0.019528894,1.4580058,0.0,0.02806093,0.2957654,0.53088695,0.36576897,0.0,0.3245967,0.34247044,0.0,0.12499003,0.010734042,0.4964882,3.9122517,0.83500314,0.88397527,0.05171656,1.0823003,0.92393243,0.69078827,0.61068314,0.41945973,0.044894338,3.3545728,0.7522578,1.5432166,0.25501576,0.0072660767,0.14835788,0.7325857,0.6193566,1.0083393,2.4770176,0.060935162,0.46551225,0.15517126,0.29436848,0.6758681,0.05608138,0.1882226,0.07144521,0.5796969,0.42371768,0.53279936,0.1389974,0.22994839,2.1904423,0.16420574,0.43806037,0.1169674,2.1130447,0.31721297,0.77343297,0.0,0.027141523,0.114263445,0.20229028,0.08940143,0.0476039,2.4395282,0.8576637,0.0,0.038300004,3.8981822,2.0759337,1.3449857,0.51165223,0.30442044,3.1125612,0.07933663,0.024649892,0.019870097,0.498169,0.4123687,0.021080032,0.14462885,0.6390651,1.4660562,0.6038167,0.30511945,0.5253079,2.2358067,2.374659,0.79291314,0.12157356,0.4273715,1.5332494,1.027006,0.07073893,1.0785217,1.0527275,0.292048,1.2998927,0.5951282,0.62804556,0.40971532,0.24854174,0.35033333,0.5811133,0.5490529,3.4761326,1.4287246,0.21186654,1.7020559,0.22098047,0.32492793,2.8246188,1.9650742,0.2185945,0.38399917,0.3503784,0.669908,0.42602482,0.014278302,0.21164128,0.663366,0.016527144,0.41274545,1.1699733,0.0,0.047248054,0.4499579,0.0,1.5530112,2.9683664,0.09028083,0.9386096,0.46623275,0.09616369,1.4283192,0.15361577,0.29797152,0.24699031,0.9409229,0.11377879,0.08720618,1.4565806,0.9797908,0.022199918,0.10231398,0.015374623,0.010748034,0.2896846,0.97095335,1.8643839,0.10533188,0.783711,0.6347011,0.9730194,1.1624583,1.9057268,0.0,0.50071645,0.49021864,1.0187924,0.07861929,0.6412267,0.19706179,0.033015575,0.35109624,0.4481222,0.32299742,1.2266048,0.80433,0.47782382,1.9165361,0.15483318,1.2858407,1.6380986,1.2087996,2.3561406,0.30849615,2.738199,0.69001794,0.78907865,0.22134997,0.103627205,2.8450983,0.26149124,0.39533925,0.2032788,0.72782105,2.3599906,0.6568284,2.0728743,0.17971048,0.009718219,0.28031898,2.3930383,0.05129029,0.7857633,0.23597924,0.38656417,0.31551054,0.4484865,0.2338976,0.5810628,0.97951114,1.5424308,0.7664259,0.17464097,0.78237873,0.01599503,0.55348694,0.98660535,0.060921688,0.006004767,0.16729446,0.00037713317,0.010662814,1.2668651,0.13611661,0.2481553,0.74290675,1.2881318,1.250076,1.2932746,0.0,0.26537573,0.10806686,0.4621727,0.0,0.8307805,0.31867805,3.2724757,0.17113374,0.6417859,1.1092126,0.014524567,0.5239269,0.24713308,0.2745613,1.9909793,0.15154266,0.024390873,0.456387,0.0,0.9153506,0.6342458,0.02262474,0.16643555,1.6384517,0.5345625,0.1160891,0.6362419,0.2764319,0.16081256,0.8175475,0.55266464,0.15615705,0.31412232,0.30665272,0.005492717,0.052614152,0.044264246,0.5885162,0.4108642,0.395807,0.0,0.14935368,0.1940206,0.3823738,0.2029976,0.94148165,0.8282377,1.9878838,0.46384582,1.2209327,1.1381909,1.2458003,1.2278367,0.0,0.038265035,0.1447818,0.6004871,0.083542295,all_pothole_images\pothole_images_enhanced_262d99419ad0c4c5a1e8e00c4dffddf0.jpg
1.5205762,0.70631945,0.04450627,0.92117035,1.0928993,0.09770078,0.6140119,0.8880232,0.20258363,0.7119583,1.1665255,0.7075826,0.55015194,2.2079237,0.47980705,0.0079564825,1.6487063,0.23149118,1.7154938,0.70441383,1.6489896,1.5332733,2.3877323,1.960349,1.6114722,1.3153216,2.6444726,0.8846024,0.53226507,0.93309927,1.1130394,0.39381093,0.8354201,0.33713764,1.5645866,0.80041796,0.02216039,1.336145,0.11012907,0.6993889,0.043012317,0.49041304,0.5056476,1.102814,0.72372365,0.9176126,0.29979545,0.51303744,0.2850208,1.6674135,1.311011,0.77753717,1.0443807,0.819711,0.4849086,0.85466063,0.77197605,0.060216602,2.0445025,0.28667015,0.18706182,0.40527475,0.80269206,0.33381307,2.9970412,1.829355,0.57028604,0.15218933,0.2933238,0.582059,0.3917097,0.10650076,0.76518255,0.07546417,1.3381003,1.2139962,0.3232803,0.90148646,0.4573182,0.31102306,1.1351081,0.25266322,0.09986573,0.024246624,1.5707759,2.1072216,0.028843073,0.5214305,1.7766654,0.31242195,0.27080894,1.1506838,0.80390656,0.43084222,0.05161049,0.6676413,1.2033095,0.9449092,0.047237594,1.1378019,0.098907515,3.7970865,0.07497546,0.4342556,1.5736426,0.734213,1.1366789,1.6860445,0.15399602,0.32217157,0.9467387,1.2252547,1.6803646,1.0229796,1.2124584,0.16070645,0.6636567,0.50169355,0.6259552,1.9120098,0.86746824,1.3755306,0.4545137,2.4581785,0.5525369,0.46909803,0.32965538,0.5099418,0.8336208,0.19854538,0.45753187,0.35846475,0.1549958,0.31869644,0.0019242353,2.209406,0.037861757,1.1853069,0.3915132,0.40521398,0.20021193,0.66355,0.35518914,2.001122,0.93242806,1.7346478,0.08253512,0.3763152,0.13878156,0.24931826,0.32433823,0.52696794,0.16657136,0.10150185,2.8419006,0.14398377,1.6728783,0.571362,0.6920653,0.93475467,2.2781768,2.2047102,0.8156217,3.1385274,0.41631255,0.30027243,0.8026317,0.30291468,1.0522014,0.63767374,0.17573862,0.049352914,0.4416018,0.04129873,0.27688187,1.1143895,0.87441176,0.030659564,1.0892527,0.11052798,1.3740654,1.0115393,1.2644583,1.0772672,1.2488847,0.23229727,0.07343251,0.3815063,1.6915413,0.11794744,1.7643634,0.70243883,0.69940937,1.286205,0.11237454,1.879715,0.23237675,1.4642967,0.7668443,1.4450903,0.12845556,1.8725766,0.5825299,1.2297351,0.17459571,0.39347717,0.3568361,0.24804652,0.67266446,0.45506993,0.18704246,0.10242415,0.30138364,0.7619629,0.47512054,1.0433477,2.6664145,0.16873056,0.6380104,1.3198518,0.37138215,0.04103132,1.1456043,0.4931649,0.16443445,0.8826341,1.4204111,0.27544674,0.25253505,1.644662,0.91817474,0.4435486,0.5897301,0.17100668,1.0969497,0.04406713,1.3109039,1.6491518,0.39104807,0.170361,1.1168771,0.0949951,0.21928437,0.35273424,0.62399656,0.042130277,1.2290154,1.0996195,1.3550726,2.5296319,1.9439323,0.22060198,0.63777095,0.41448268,0.6642294,3.4267654,0.7364991,0.13345686,0.22788236,2.617814,1.7676762,0.4655545,1.367485,0.26455304,0.43037438,0.21794647,0.08179741,0.88584656,0.08021327,0.22733943,0.13031837,0.011573169,1.2320073,1.7095084,0.09041891,0.24906395,1.5046066,0.32331312,0.24860135,1.0017183,0.81123185,0.8285108,0.9565157,1.4263866,1.5732398,1.4040786,1.1943222,0.9966032,2.0722015,0.011250369,1.2831199,0.6023862,0.17905611,1.5404255,0.22686352,0.27877977,1.0100613,0.3575117,0.0,1.9951462,0.9304998,0.3234706,0.48460287,0.0,1.949986,0.96130604,0.0,0.6660821,0.4309986,0.2869972,1.6590679,2.947963,1.1500554,2.1423247,0.25525346,0.7959326,1.2135464,0.3956773,0.25964397,0.25308925,0.91599846,0.2570547,0.031319536,1.3784419,1.3708661,0.8437351,0.32163888,1.0907334,0.12930705,0.36546972,1.0404338,0.6647448,0.22291733,0.61603606,0.4362629,0.70489734,0.42884523,1.6242666,1.1652424,0.6665783,2.2778842,1.7442776,0.33626688,0.6490492,1.4772761,0.1548212,1.2386518,0.19278686,0.3569465,0.32909054,0.2569754,0.6042075,1.361264,0.6395438,0.42410877,0.68384767,0.38450256,0.20889877,1.6712002,0.0464341,1.2454708,1.1461252,0.016650578,0.63661665,0.051961105,0.0012311493,1.1059511,1.3813163,0.720276,0.9692615,0.5783828,1.2953715,1.0128124,0.3877066,0.83246875,1.087041,0.6021475,0.20263363,0.042202428,0.5662623,2.4619997,0.7613366,0.58846647,0.2913857,1.0588461,1.9555147,1.8910034,2.20856,0.19178195,2.9410343,0.85116667,0.31528142,0.42894572,1.3738321,0.7318148,0.045235977,0.9185433,0.01939584,0.61671764,0.092018835,0.049752463,0.6422717,0.0,1.1266633,0.5757071,0.39053655,0.7987442,1.3546872,0.49475238,0.94654167,0.9358631,0.8475589,0.0073466143,1.5857946,0.12002584,0.3961313,0.9487777,2.4568446,0.7895649,0.20004724,2.2769582,2.6523569,3.1545746,3.145142,3.0091321,0.44135106,3.1234853,1.5957801,1.5041376,0.257091,0.01077849,1.5794919,1.1384612,3.1056783,1.6435755,1.0057187,0.5703897,1.6182586,0.02214943,0.28099656,0.7144933,0.5668116,0.28021175,0.4452895,0.04748817,0.5843275,1.0209849,0.11549098,1.3422486,1.0140017,0.3927567,0.02863934,0.0,0.43117422,0.31097808,0.47244117,1.2520276,0.30917686,0.28792363,0.32508323,1.5659126,0.85658777,0.77059686,0.62895674,0.0042798957,1.7602856,0.5318928,0.117249124,0.44544232,0.40135688,0.82207114,1.3853537,1.3188374,1.5200546,2.019141,0.19934072,0.27311584,0.2561424,0.93323874,0.3832166,2.525158,1.6801462,0.72118336,1.6355166,0.13617107,0.6485027,0.69969434,0.4990887,1.2532667,0.038129892,0.33534813,1.3202256,0.86343294,0.04540095,0.5683106,0.034437973,1.0074482,0.002990889,0.5097779,0.30290473,0.9938446,1.1321695,0.40973344,0.41483486,1.5022514,0.0023061556,0.6325115,0.54066193,0.012884355,1.409306,1.8549776,0.8464962,all_pothole_images\pothole_images_enhanced_268b36118b8f7315b7653703f52ba0a1.jpg
1.2676215,1.3639196,0.97265524,1.1146761,0.4732518,0.05107888,0.041467045,1.1430357,1.0197629,0.88164926,0.4106134,0.96099585,0.66790164,0.49504873,0.8068508,0.20182522,0.20470661,0.106042065,0.67233163,0.24785744,0.39589196,1.8484193,0.34254703,0.38644803,0.3573857,0.4974873,0.4941161,1.486117,0.09462261,0.9913496,0.6882951,0.5577494,0.93611485,0.7882818,0.9272794,1.313973,1.1699235,0.54996115,1.332133,0.7590187,0.72468907,0.32706887,0.36073127,1.0123572,0.5856528,0.5580913,0.6523055,0.04300526,0.7044879,0.7239765,0.576056,0.27057457,0.10434092,0.096414566,0.19739947,0.2117807,0.87003636,0.000120491015,1.5587133,1.199894,0.85218453,1.1174128,0.06717614,0.3254333,0.5980636,0.7202131,0.25359783,0.28611645,0.51076335,0.40066212,0.24197403,0.53876626,0.21596077,0.5483291,0.7056461,0.16863239,0.80953777,0.37314752,0.48943052,0.563911,0.5578046,0.55838835,0.073142245,2.2341237,0.4459437,0.4363953,0.14688557,0.049477592,1.8460116,0.548712,0.15383819,1.2954658,0.43549868,0.13395427,0.4748184,0.7507676,1.0699152,0.42089722,0.8606621,0.49055552,0.5909426,0.8448382,0.54979396,0.9085232,0.23482765,0.5354533,0.11426427,0.09663073,0.35963568,0.43478096,0.095862925,1.7149171,0.30672994,0.344067,0.66181666,0.4113323,1.9037783,0.105880655,0.8328624,0.36222604,0.25364786,0.5016739,0.47683302,0.5222055,0.6600807,1.1277087,0.25918984,1.3632736,1.9244024,0.65477043,0.5604459,0.718615,1.0283223,0.020281823,0.73409003,0.47078174,0.07206934,0.35349172,1.0464419,0.2901929,0.5355477,0.18888035,0.28311834,0.89808756,0.563726,0.68084717,1.1542763,0.3770709,0.48984683,0.6843352,0.5154753,1.0946409,0.08256057,0.13867432,0.6360208,0.11705076,0.69442934,0.09487414,0.9721093,0.5287227,0.9047659,0.6673787,0.099836,2.3349283,1.1433153,0.760641,0.30608535,0.76082397,0.5575607,0.5332054,0.038641334,0.7399364,0.012432404,0.31472322,0.16023445,0.009135184,0.24087079,0.0038217981,0.48252034,0.48632538,0.063641734,1.3479412,0.8766098,1.7534279,3.5320172,0.9842289,0.38385546,1.0632559,0.5730262,1.1022453,0.061718423,0.35097453,0.32350433,2.5315328,0.35737386,1.0178759,1.019539,1.6268198,1.0431694,0.7614172,0.31224403,1.2092023,0.1115552,0.4660192,1.8915342,0.6443685,0.43944156,0.63366127,1.22683,0.53717256,0.00811048,0.19128211,0.9038204,0.44121894,0.81383723,0.58886576,0.0075040082,0.16549775,0.7401072,0.2171226,0.9690998,0.361076,0.5390695,0.09944577,0.20926405,0.9725071,0.40495396,0.15841576,1.8080341,0.25629056,0.41683215,0.6549445,0.048763204,0.72014004,0.14506732,0.077711724,1.1921145,0.33556408,0.089861535,0.75145125,0.2781163,0.0953257,0.08176479,0.4741593,0.10645078,0.0065538357,0.74431306,0.03756491,2.6251225,3.424156,0.1598117,0.89569455,0.47772384,0.5551487,0.4315495,0.19240011,1.351123,0.646213,0.2095471,1.4936635,1.6974151,0.2427043,0.8007099,1.1184285,0.9764652,0.18633558,0.40254784,1.8953929,0.8259276,0.24889039,0.8893344,0.06425891,0.012630806,1.8643901,1.1540014,0.5676116,0.4606485,1.520534,0.24684222,0.3087175,0.8457324,0.4059814,0.7171296,0.31917775,0.96685064,0.2715828,0.7436344,0.30068505,1.3925197,0.45992115,0.01508784,0.013176884,0.56970865,0.7743243,0.04209605,0.0076750447,1.2003529,0.45183665,0.36751103,0.34433994,0.21279389,0.32246113,0.28111222,0.6405411,4.1120644,0.95402104,0.32764822,0.14022057,0.031140944,0.40259376,0.55670106,0.79729295,4.036212,0.8416154,0.021882772,0.7959097,0.33204815,0.35807893,2.6840794,0.6109578,1.0358909,0.4095824,0.021069186,0.6739075,0.29613283,1.563815,0.80283636,0.48849744,1.0683608,0.57680285,4.6474805,0.66543424,0.07765063,0.012510141,0.12599011,0.14193352,0.60495657,0.67182046,0.29620773,0.39829332,0.50187933,0.44475162,0.9615363,0.32812443,0.60433185,0.53091806,0.0,0.71693367,0.6026309,0.9919651,0.46295625,0.24037437,1.1836311,1.1709019,0.25859392,0.920856,0.46215603,0.5989532,0.110438325,2.0734842,0.2350885,0.61942506,0.22610438,0.39785537,0.53868353,0.53577524,2.3383574,0.15955247,1.2845955,0.017700015,0.9648238,0.17180659,0.04579438,1.0125165,0.9152614,0.7617135,0.4851403,0.70736194,0.21525253,0.97317564,1.1050316,0.037966315,1.4177516,1.1558263,4.3349323,0.25701648,1.2930554,0.15940274,0.645431,4.014652,0.61928624,1.0206316,0.26251116,0.18846714,0.98364973,0.5984746,1.8418483,0.55859804,0.7141708,0.1387753,3.7137132,1.1295849,0.26646087,0.2861429,0.35847577,0.09328322,0.7129665,0.41181248,0.002632472,0.03360106,0.83197075,0.5213297,0.72852206,1.0239238,0.04496875,0.33649802,0.39753425,0.5757932,0.40109417,0.1283926,1.3815279,0.76489514,1.0405021,2.349606,0.9345854,0.025416616,1.2120582,1.3954388,1.5756078,0.8397393,0.17074317,1.4636067,1.1049527,0.4844507,0.5693077,2.1487179,0.9167198,0.40170175,1.0976372,0.26644695,0.98351955,1.1694176,0.32033074,0.5117959,0.18373764,0.056695797,0.73923147,0.087085545,0.4001116,1.0052642,1.0241435,0.91595644,0.6035161,1.4380031,0.9461726,1.4719642,0.3755454,0.65169764,0.32029158,1.3881652,1.6800615,0.40558225,0.89230907,0.014734501,0.04668564,0.11481851,0.043455727,0.111846,0.6817642,1.8356382,1.113236,1.5258677,0.6955664,0.020040287,0.17837687,0.7315761,1.397048,1.1632664,0.5918431,0.08596837,0.23091196,3.3903039,0.92988,1.0950131,0.0002080792,0.0027438027,1.2274705,0.23563848,1.2484624,0.40120292,1.375797,1.2379898,0.18741284,1.1174103,0.0,0.32649636,0.22723621,0.32415673,0.049609803,0.0070440774,0.74455273,3.000618,0.36796796,0.18924464,0.8928665,0.41058466,0.07764887,1.1759639,0.62675434,0.95780677,1.0676389,0.8626209,all_pothole_images\pothole_images_enhanced_2690681ad20ddc6622ec5cd6f324cdcc.jpg
1.115965,1.9151953,0.7788954,0.48378766,0.65204453,1.334668,1.3839136,0.34467766,1.2688282,0.16987771,0.2352208,1.0502418,1.0551178,0.8360342,0.43179515,0.055088393,0.22391783,0.049804103,0.2388049,0.065192565,0.18229367,1.8410921,0.7289276,0.57989055,1.302327,0.8126198,1.4172487,0.9209246,0.17141716,0.58507484,0.5061391,0.55248415,2.2880766,0.17571811,0.31880876,0.3362221,1.320774,0.82052314,0.7196501,1.0497996,0.2465459,0.57947975,0.22444884,0.4204496,1.042797,0.46625945,0.3838614,0.12154122,0.9081662,0.51523554,0.6826342,0.33079192,0.28138414,0.4742155,0.056999955,0.09235813,1.4390473,0.0,0.56388676,0.24427949,0.5747992,0.091917746,2.2638447,0.867819,0.21537134,1.0845028,0.2817285,0.104850926,0.7699624,0.0490662,0.14498135,1.6762636,0.042240158,0.8453301,0.022574132,1.7524477,0.81380844,0.19652478,0.067090854,0.35406408,0.959211,0.0665235,0.26779905,1.1828961,0.93790084,0.33588082,0.7242002,0.23024148,2.0959735,0.9549384,0.53643423,0.11640121,0.5572282,1.2719783,0.18260425,0.070455484,0.63399196,0.1440272,1.7323745,0.4872846,0.29847312,1.3464907,0.008288373,0.14785533,0.07845479,0.23954566,0.40406242,1.6373898,0.98629695,0.8732438,0.5551844,2.5482457,0.92301744,0.09383914,0.91339135,2.0561688,1.7957519,0.5397707,0.03968353,0.9760667,1.3633214,0.007873039,3.2740774,0.6167687,0.090411924,0.68141764,0.286663,0.81926,1.2523508,0.07189736,0.8544104,1.0314479,0.3949917,1.4014691,0.24266092,0.6172392,0.74806505,1.3004317,2.472077,0.36124405,1.5408636,0.22528613,0.0151042715,2.1847706,2.5037034,1.0900117,0.53937256,0.19326563,0.020655975,0.67778623,0.42409328,0.80403525,0.3320029,0.66364473,0.56666386,0.46319124,0.20323257,0.59305453,0.9595104,0.7899434,0.5641291,0.4397757,0.18873821,3.0915685,0.5873432,0.31238443,0.8592794,2.9688551,0.6544686,0.021773133,1.160516,0.46062967,0.69113415,0.6809822,0.8724842,0.05654815,2.722133,0.6991587,0.01564558,1.2862353,0.06322207,2.5802581,2.893942,0.32063255,2.5732543,0.4084444,1.0196693,0.74284714,0.20761357,0.5759997,1.5519049,0.11545821,0.46655115,2.9292686,0.45531285,0.7183712,0.23604323,0.1255738,0.48139796,0.18648544,0.92320234,0.43971422,1.397315,1.0743886,0.5913536,0.61913085,0.36028168,0.9440562,0.31515062,0.0,0.8993139,1.1861959,1.8367968,1.8388942,0.50152695,0.3080612,0.4952211,0.10849786,1.5622408,0.20932347,1.1763464,0.055971537,0.3951634,0.4782713,0.20130235,1.5129696,0.5489225,0.046048522,1.2298728,0.18702209,0.7839939,2.44354,0.017602796,0.5662115,0.38277856,0.66708624,1.5146251,1.1489421,0.5342684,0.5710077,0.991057,0.068741,0.15509477,0.014065006,0.82330614,0.062452093,0.37266856,0.07854992,0.80253476,2.153232,1.8666263,0.16963452,0.4790225,0.23989622,0.2820641,0.73681366,1.3480526,0.010698112,0.38845092,1.7214209,0.39814827,2.763473,0.2902992,0.47929636,0.17008235,0.4622022,0.015772168,0.34486574,0.7601691,2.4201572,0.6963923,1.0313585,0.002771154,0.40992743,0.3005996,1.6906784,0.786023,0.7604697,2.7612646,0.7477761,0.056798536,0.19208592,0.16721696,0.73282784,0.5920737,0.041687604,0.36059836,1.5008632,0.38072115,0.2582389,0.8233676,0.44696388,0.3037792,0.6074133,0.32829988,0.8733228,0.6056578,0.47931868,0.98112845,0.31477845,0.3908978,0.7513016,0.24082516,1.0612978,4.4518943,0.15010312,0.34260255,0.78558534,0.37279448,0.22643328,0.6136076,0.21846639,2.6247725,0.86849177,0.13693199,0.10949379,0.61112654,0.76537585,0.44008076,1.9570024,0.11452577,0.32241637,0.5916706,0.29413036,0.06190599,0.24012427,1.9678982,2.5949016,0.6944019,1.7104149,4.7478657,0.4691387,0.008750031,1.2991178,0.7151531,0.35943213,1.8629462,0.6475662,0.4621865,0.28696772,0.56478167,0.5718737,1.0706835,0.1962161,0.31730467,0.09526899,0.6765168,0.6132745,0.9004388,1.4240282,0.48273996,0.45549914,0.6142069,0.5381758,1.6184387,0.23651294,1.9057604,0.3133464,0.171697,0.3021305,0.14135137,0.018666701,0.15364164,0.20735945,0.015046506,0.5167596,1.5351797,1.9319326,0.13287476,0.10643327,2.0196383,0.09058845,0.6981697,0.6994736,0.95181936,0.17162216,0.50122136,0.6713392,0.1781132,1.4634538,0.15843998,0.27060977,0.25134596,0.9766931,2.8206675,1.1198249,3.7124355,0.30990234,0.43812934,1.0981283,2.5241752,0.28394514,0.18665773,0.42664343,0.3154576,1.379265,0.41478422,0.8228674,0.0011132567,0.1534548,3.524676,0.5241471,0.0004243214,0.5850956,0.08843157,0.13558686,1.2670834,0.3887673,0.6384824,0.3633403,0.4331457,0.7303449,0.81726366,1.5549486,0.5583599,0.43368542,0.26672482,0.95285654,0.16140151,0.029744968,1.3603582,0.088209756,1.3732967,0.53721017,2.4243622,0.61878306,0.842195,2.4284616,0.82320637,0.034604006,0.43547192,1.619983,0.17605536,0.25756848,0.2848475,3.2131746,1.9886608,0.5034213,0.052744865,0.59632933,1.2665339,0.48701578,0.071789406,0.49828205,0.6704141,1.0889182,1.3683798,0.4723278,2.4335468,0.10986488,0.31841773,0.7454915,0.07023189,0.65718037,0.2811901,0.4387128,1.7049084,1.1505088,0.7850728,0.80211604,1.1627382,1.0809569,0.47546035,0.8080094,0.5496998,0.5761051,0.28315076,0.061411157,2.0147634,1.403482,0.8474473,0.20724665,1.3913648,0.24486873,0.069082394,0.10991272,0.74713504,0.67799735,0.2578449,0.8706414,0.18119101,2.8169467,0.076838374,0.5024176,0.0,0.33660176,1.2660756,0.65118575,0.08309323,0.86087596,0.0068816943,1.1151263,0.1738746,0.22297439,0.38077387,0.4590359,0.38932925,0.0530894,0.09847655,0.14974208,1.4414713,2.1087072,0.20702727,0.18446492,0.3274618,0.3901994,0.44957346,0.7068606,0.38329977,1.2431813,1.1553792,1.0190028,all_pothole_images\pothole_images_enhanced_26d33a0c16fadc32e5ac493a5e244629.jpg
0.2915999,0.6330356,0.37491167,1.1575537,0.21079706,0.8959274,1.7038245,0.6200244,0.5537175,1.1052274,0.5600562,1.1096798,0.3215191,2.0171447,1.5656067,0.889673,0.09310917,0.07589504,1.1462021,0.36309516,1.6925583,0.90632033,1.5494766,1.1018226,1.9240047,0.29450077,0.22898175,1.6449177,1.4261187,1.4862133,0.10823744,0.0,0.15586996,0.10113858,0.091050416,0.9356359,0.29775062,1.2544334,1.0529597,0.9740264,0.37982005,0.94108456,0.49663347,0.8237247,0.31997684,1.3472066,0.10899865,0.0042870007,0.90589964,0.3126598,2.2202585,0.19497505,0.6758372,1.4859545,0.11573542,0.4048573,0.7145182,0.02024687,0.31347358,0.43915534,0.17271918,0.6806902,1.697383,0.14855629,0.68360287,0.8778756,1.2528563,0.08242118,0.5430109,0.36583564,0.138993,0.31731635,0.016513202,0.12242182,0.3514154,1.1679837,0.064823106,0.47363752,0.09333844,0.5319388,0.1739468,0.35991812,0.096066855,1.7574366,1.9884284,1.3403742,0.27174413,0.38840204,0.9276986,0.88631034,0.8681037,0.12915114,0.0546745,0.09728403,0.11165273,0.15397246,0.6750445,0.59755075,0.6687193,1.2627834,0.16135813,2.8041465,0.37609717,0.53803355,0.14515232,0.3830742,0.7243605,0.34637403,0.6134598,1.0539466,0.39425912,0.45714444,0.088761866,0.31479892,2.0929933,1.0002258,0.46337262,0.74935824,1.300749,1.656917,1.4060285,0.77622795,1.4454557,1.6638653,2.4533823,0.8583715,1.1209629,0.008713374,0.111547776,0.38940385,0.12137737,0.84181035,1.7367033,0.6779967,0.21942481,1.076793,0.9064471,1.4513544,2.1753702,0.32198983,0.75284356,0.82595026,0.5505883,1.164121,0.2558038,0.13770214,0.91196305,0.03897108,0.57766116,0.19854482,0.76809824,0.3885589,0.18067683,0.20752323,2.3259413,0.37643376,0.8960437,0.9601436,0.11052583,0.34001458,1.1885605,1.4564147,0.38029864,2.283095,0.4866125,0.79962856,1.0745516,0.30232412,1.1062031,1.5550253,0.5608145,0.0,0.10133969,0.025503097,0.15572245,0.12853962,0.87274253,0.05806752,0.045510005,1.2284921,0.5831077,0.8023728,1.8658149,0.8464923,1.9210302,0.12851632,1.558013,0.92923176,0.28474134,0.8512757,1.2697519,0.104288295,0.17850895,0.8911161,1.4876332,0.124227904,1.0140635,0.89120066,0.6516793,0.6992046,0.6712252,0.30159435,1.6702653,1.5391241,0.8747032,0.00041196586,0.15794808,0.4864783,2.2480803,0.54050446,0.0,1.0494945,2.8879893,1.5130601,1.6695944,0.15938799,1.0144564,0.07017682,0.2366354,0.42560554,0.5762656,0.69440943,0.6513463,0.51367795,0.032887697,0.48649916,1.4073669,0.22929943,0.7928867,0.6344469,0.090612926,1.5199125,0.3204702,0.27662498,1.930151,0.12231771,0.22731858,0.08598324,0.17691424,1.0622063,2.8443959,0.09182501,0.00222687,0.07893395,0.07262692,0.0006133687,0.24300057,0.41149297,1.0363499,2.2300556,2.1779203,0.04101848,0.24375205,0.29337272,0.45945275,0.7141557,0.2551007,0.24139462,0.28878975,1.7127075,0.51642996,1.310996,0.2193547,0.39893964,0.08139713,0.10830991,0.04415867,0.19354007,1.2981358,0.9735714,0.9449753,0.11697752,0.889868,0.20704435,0.6544263,1.5908839,0.09253282,0.54303896,0.9021013,0.7830612,0.60690916,0.96929866,1.0153793,0.5375061,0.36936027,0.2538281,1.2247112,1.742973,0.55289507,0.081433944,0.7459055,0.4860257,0.39889655,0.13900916,0.5668436,0.9253566,0.5966003,0.4989799,0.5601109,2.1562226,0.31942293,0.95435387,0.22954905,0.7560014,2.9688065,0.4197593,0.5272064,0.39456323,0.70688254,0.3970609,0.35501543,1.0209811,3.0517838,2.610841,0.34214902,0.28742054,0.2706155,0.21797355,0.5488426,0.433435,1.0210179,0.17015572,0.6989883,0.27344278,0.40127376,1.0594046,0.96340203,1.5985422,0.60866076,1.0052396,1.2471241,0.07467405,0.08879592,0.3018023,2.0721114,0.6477592,0.8506334,1.7294873,0.5772331,0.30194297,0.28942364,0.721873,1.806062,0.2154753,0.64598763,0.10963651,0.6875836,0.4028074,0.45907393,2.1419232,0.5232555,0.10488043,0.41288832,0.2871351,0.24777077,0.5242086,0.21522887,0.7432242,0.17170355,0.10346909,1.5375409,0.16384538,0.006025859,0.83838576,0.2787939,0.40515292,0.72684044,1.4195609,0.18624854,0.0,0.219367,0.57486117,0.2853348,1.2400823,0.8508856,1.2387861,0.70583683,0.64790195,0.39904535,0.20609757,0.46044984,0.15510413,0.49867344,0.705714,1.5768061,0.86760914,3.320575,0.5521127,0.24147171,1.7854927,0.19363451,0.1274201,0.11267415,1.7540035,0.21970752,0.22352692,0.6239849,1.276771,0.0842941,0.47988018,2.1943586,0.69195265,0.12677795,1.9000359,0.63259965,0.020213587,0.57933056,0.13520592,0.83907366,0.45629415,0.079726905,0.20824237,0.6983154,1.3314956,0.06958131,0.83727974,0.08281342,0.8081726,0.14335433,0.46854946,0.7339561,0.18802935,1.3384427,0.747943,2.6159089,1.4819269,0.8158485,1.0313244,0.76761013,0.25087303,0.74272466,1.9299312,0.020438977,1.3316555,1.3629795,1.8659601,2.0602171,0.81030715,0.90172935,0.66825897,1.0321902,0.47511005,0.2817886,0.16226575,0.86238843,0.96707714,3.54114,0.44589138,0.0,0.36050618,0.10478206,0.27544102,0.3563002,0.17616667,0.65998185,1.0729467,0.68142015,0.0018275601,0.182527,0.92229724,0.24632666,0.4178709,0.33388534,0.17143068,0.43027776,1.2026436,0.145611,0.031096546,0.2143333,1.0378977,0.1257936,0.19658893,0.832518,0.7322156,1.2373421,0.71609175,1.3739328,1.4274572,0.29040602,0.62288874,0.6727236,1.0563416,0.6953237,0.16596775,0.09354264,0.680679,0.52972245,0.08249373,0.16921376,0.8739026,0.68505996,1.3905225,0.76575637,0.35354486,0.044663627,0.18522395,0.7979216,0.01504486,0.23956408,0.016321952,0.7559175,2.204952,0.17975393,0.50925785,0.015144607,0.059447743,0.40508503,0.3078092,0.98313224,0.6064494,0.40556136,0.47730705,all_pothole_images\pothole_images_enhanced_276e5f141e3ad4f18029fbd292901848.jpg
0.020159662,0.14879176,0.044379503,2.9740462,0.84931165,0.0,0.48253137,0.0,1.6019253,0.2708945,0.63482285,0.82758516,0.0,3.0741274,0.06227678,1.8681251,0.34449843,1.9700557,1.5240397,0.041775517,0.34276986,1.4006233,0.34723756,0.64751613,2.0809467,0.75276065,0.26012367,1.8247513,0.13083836,0.3616431,0.0032199922,0.29314005,0.016333887,2.1221719,0.38354126,0.57693684,0.24768512,0.046152752,1.7279736,0.0,0.0,0.8318643,0.19469015,1.729357,1.3660477,0.4911716,0.037370767,0.3062779,0.95763177,1.1956847,0.9766376,0.78177327,0.086357184,0.48702088,1.689079,0.5360944,0.5718504,0.05202467,0.22891313,1.585072,0.22212481,0.035905454,0.26829907,0.7830529,0.72699213,1.3268231,2.2830458,0.067592375,0.09726902,0.05351111,0.25454417,0.89533436,0.24084972,0.23569642,0.46155185,0.690024,0.17838529,0.19730207,0.0018309662,0.24886373,0.0,0.36922354,1.5734893,0.17389634,0.087502666,0.014713708,0.13521199,0.0011239662,1.0380434,0.024854723,0.74915653,0.7363116,0.010779112,0.3978436,1.8701009,0.14042234,1.0356508,2.8111982,0.020124555,0.19542885,0.3168613,1.5220373,1.5479456,0.044209197,1.0090723,0.003243524,0.41615912,0.41020915,0.7917575,1.5409496,0.17686093,1.9732562,0.027672067,0.7567469,0.1786971,0.20539846,0.068799905,0.6160511,3.5166984,0.7625153,2.3959863,0.29288933,0.00039998465,0.43658984,1.2227951,0.31665957,0.00038772056,0.0,0.21580848,0.23394562,0.18696742,1.3127677,0.0031543225,0.11151357,0.064867966,0.045245875,0.036232002,0.0,0.061580267,0.024560334,0.26976186,0.056877203,1.140936,0.39579847,0.69529706,0.33662546,0.14670399,0.48342255,0.66838694,0.19236173,0.0,0.41634694,0.1627464,0.0,1.5423362,0.18563959,0.10445701,0.89189553,0.10302137,0.72466356,1.1909174,2.5501032,0.003965662,0.025361637,0.18565199,0.35384953,0.672738,0.27092353,0.18567029,3.956051,0.08243993,0.05991998,0.17042466,0.0072697126,0.66670746,0.4799399,0.6931582,0.023518493,0.6413885,0.03587454,0.00040043748,4.7798014,1.9468913,0.1509716,0.9949278,0.35931116,0.38056603,0.9455134,1.159924,2.0307112,0.62058663,0.004527144,0.96514916,0.35261434,1.1987088,0.2751872,3.3325188,0.59310764,1.2486975,0.027342197,0.24991125,2.4125013,0.78025955,0.7700114,0.1078722,0.011136433,0.020921206,0.13080303,1.441632,0.42756325,0.13818413,0.041519266,0.1489147,1.021997,0.39458528,2.6231987,0.17221543,0.30318063,0.5321745,0.769795,0.9064147,0.23434325,0.605708,1.7997535,0.024313554,0.0,0.75197625,0.37492296,1.6002942,0.5779628,0.059963647,0.08352238,0.0986881,0.03802327,1.6207863,0.21281219,0.6734515,0.33242983,0.25229838,0.2511043,0.13430251,1.4710705,0.28863975,0.027656278,0.10590695,0.123609796,0.64701664,0.14499429,0.6880764,5.556051,3.2220118,0.41097367,0.0,0.22758967,0.0048590316,0.7802766,1.4572943,0.9451674,0.50849134,1.4037076,0.0,0.029025543,1.1949414,1.4343559,0.8937594,0.67156726,0.51189876,0.103691295,1.031905,0.04529187,0.8889659,0.006051864,0.41151038,0.7366319,0.3654529,2.5514052,0.28425637,0.15839855,0.014287365,0.024540609,0.08236166,0.44085187,0.06486422,0.023627698,0.036453094,0.12773949,0.63588893,0.1357273,0.08165318,0.054314952,0.49601886,0.7323962,0.3415556,0.75835836,0.9006003,0.42069307,0.0,0.5664721,0.636247,2.112324,0.3986271,0.38263828,0.0,0.02422959,4.466396,0.2444108,0.56681776,0.0,0.080156215,1.0037775,0.09358657,0.38861215,1.2363116,2.5494542,0.57364565,2.1619973,0.009122261,0.3530145,6.6733828,1.4338417,0.09070912,0.007724025,0.71067995,0.010896923,1.3462795,0.076464504,0.18288437,0.5545942,0.40692145,0.09395072,0.30703473,0.1846508,1.0107335,0.6233172,0.08047889,0.016848518,3.8086205,0.749247,0.0,2.639488,0.03123332,0.031737126,2.9208496,2.410131,1.6258731,0.31732357,1.0285189,0.41314852,0.1447018,0.1302513,0.69864726,0.013273676,0.40895933,0.26000917,0.4163615,0.5328153,0.0081206355,0.059313558,0.56317294,0.5789185,0.4817604,0.2087319,0.48946652,0.3486012,0.030967046,0.0,0.07798625,0.26009184,0.016256658,0.11182116,1.1586936,0.118721664,0.20936248,0.677076,0.005935704,0.325996,0.09589549,0.0901013,0.031035563,0.07637708,0.16838005,0.050119918,0.104959115,1.2084485,0.8279179,0.06272978,0.96327496,0.10729168,0.39862537,1.0949535,0.26690263,0.52200365,1.6098417,1.3943156,0.0,0.40254787,0.012628622,1.2318412,1.4368111,0.018854236,0.37008315,0.7515051,0.05857668,0.10185707,0.0066152243,0.5649407,0.306014,0.85092753,0.15675063,0.19107017,0.0,3.1921167,0.038090136,1.0518122,0.27671164,0.65465,1.6423025,0.004530794,0.33688244,1.4309798,1.6963878,0.4776337,0.3979729,1.7750847,1.5115923,0.019071175,0.23498192,0.023637341,0.6250525,0.06302549,0.26388562,0.5954141,0.36283237,0.3283025,0.7622271,1.2064286,0.77497077,0.074830756,0.10721602,0.14215125,0.36945894,0.00870594,0.40575522,0.478896,0.020338701,0.021248607,0.5131246,0.6406498,0.08415368,0.72006553,4.0171385,0.4777501,1.6518183,0.084931575,0.37362203,2.2605052,0.60355175,0.08125491,0.21032533,3.159972,3.0112915,0.11873144,0.6489132,0.037142124,0.3068307,0.3274888,0.44383878,0.0065869726,0.045666862,1.1413442,0.6825125,1.0174346,0.09863184,0.0,0.35680518,1.0743328,0.25992596,0.28925794,0.6973209,0.03547464,0.5309823,1.0868151,0.35881317,0.6942056,0.1269835,0.17563802,0.013298903,1.1979024,1.9756322,0.40747234,0.33773166,3.1102595,0.83129025,0.0647861,0.0,0.0011354738,1.1412239,0.21241957,0.13418332,0.17235164,0.29187292,1.4666091,1.164111,0.14374316,0.54922104,1.8043265,0.5434069,0.43776706,1.1826544,1.4315257,0.13095848,0.27264577,all_pothole_images\pothole_images_enhanced_27a348fe054c3f0f26aebeffd8681237.jpg
1.5862701,1.6762106,0.53504974,1.6759161,0.13784125,0.107344665,0.25644183,0.086448826,0.005126815,0.38412973,1.2468312,0.07263915,0.24602625,2.7272391,0.18618184,0.15312909,0.017715061,0.3275805,0.27020365,0.18266775,1.104952,0.5972751,1.9834216,3.224686,0.6307967,0.17404346,0.74834085,0.9683937,0.14419746,0.29490742,1.4907407,0.14122602,0.111055665,1.5634977,0.20219488,0.16726176,0.19206207,0.9640347,0.70707,0.084456325,0.043553274,0.25926888,0.67614555,0.48706335,0.22171259,0.20407876,0.18019132,0.4341479,0.13704866,0.006217961,0.32565516,0.26951846,0.7881714,0.028351523,0.052249447,0.25311223,1.2411503,0.0,0.31265488,0.117461234,0.0026371581,0.33868974,0.86914295,0.36057183,1.6952751,0.78588367,0.3613373,0.015920917,0.09679722,0.21786934,0.3468479,0.1090675,0.16196448,0.072201565,0.1048704,0.49895847,0.2788477,0.21611284,0.023251401,0.014636122,0.3419122,0.035215072,0.8145437,0.9409788,0.16427703,0.44825405,0.13833795,0.19100803,2.0178742,0.0070568444,0.91948473,0.3676805,0.09390273,0.40806422,0.30783945,0.2175536,0.9108088,0.49838477,0.2515522,0.2772923,0.09580548,1.4201276,0.0012374013,0.21853215,2.0194457,0.8584371,0.23264283,0.14493755,0.7120819,1.2842164,0.09329475,0.7378815,1.2667559,1.5888035,0.23859534,0.72107387,0.5225591,0.15540493,0.19349176,0.4381384,1.5831788,0.6613701,0.40179372,0.39788476,0.18975496,0.12614153,0.09112975,0.35289446,0.41529363,0.6492834,0.89890695,0.0052813157,0.0069554774,0.4261101,0.1596286,0.103630826,0.20616388,0.40939984,0.39689994,0.13830009,1.1271954,0.09794167,0.6134006,1.6080369,0.093995325,1.0031468,0.030860132,0.41624185,0.16362402,0.19070391,0.12280132,1.3401754,0.32712433,0.009544385,1.3709897,0.50855637,0.41416734,0.6845065,0.54148054,0.41954306,2.5430844,0.9929198,0.2708563,1.5901037,0.529356,0.14479452,0.82989085,0.5950377,1.0721325,1.4823595,0.081632756,0.07170147,0.15740424,0.035055634,0.38777268,0.80452216,0.92546487,0.12742794,0.19236547,0.13752705,0.07386821,2.6569242,1.0143052,0.7596292,2.8564737,0.09931113,0.1391001,0.44669676,1.1984116,0.2733871,0.44279495,0.48859397,0.925969,1.34361,0.27103746,0.46677125,0.42077884,1.8837253,0.81981766,0.5803606,0.17767635,1.1083817,0.50465554,0.42479408,0.58358353,0.6048444,0.9383963,0.006841448,1.0186415,0.76110184,0.061025724,0.36197066,0.15357293,0.4111843,0.30683357,0.27818725,1.1364541,0.42111903,0.40255666,0.0,0.41211438,0.012656736,1.6226177,0.17641643,0.087751195,0.08018693,2.473401,0.024775406,2.1992538,0.19604602,0.37646282,0.16350009,0.07663978,0.7789709,0.2378151,0.04041838,2.0432901,0.74330175,0.32212287,0.2673857,0.033907924,0.03903506,0.28099808,0.0770077,0.49800754,0.00026813935,1.3983176,0.5223349,0.6393996,4.8943286,0.39084664,0.29826063,0.062846005,0.008378661,0.481661,0.58840674,0.5397017,0.42826933,0.13820006,2.4378643,1.2947034,0.91486686,0.55880886,0.3733256,0.13586065,0.9737041,0.5254633,0.9323088,1.4208832,0.43832874,0.20293489,0.21287099,0.77408546,0.8897121,0.7192292,0.8594086,0.37503234,0.34035137,0.5356716,0.15459621,0.3126432,0.27974376,0.99936396,0.012880041,0.32171726,0.32421803,0.25616932,0.88055855,0.6657172,0.009737616,0.018956559,0.122232184,0.06046017,0.7166115,0.5751103,0.20010033,1.0387796,0.13575481,0.06344451,2.2123322,1.2376133,0.5296868,0.016723301,0.005731452,3.6714957,0.43077078,0.01368181,0.23477465,0.008223567,0.018301839,0.30393025,1.4942064,2.6785047,1.3120915,0.15966783,0.17119922,0.2054259,1.3932513,1.6525471,0.47817898,0.95360804,0.0011377352,0.34776762,0.43603912,0.43847707,0.22807097,0.40009424,0.15317619,0.46843812,0.21181083,1.8085841,0.44331247,0.025238216,0.12526686,0.322112,0.26547563,1.0505464,0.24324408,0.94069785,0.4278524,0.16173957,0.8018141,0.9446134,0.8510638,0.2732845,0.08081983,0.6678179,0.32004946,0.29504108,0.50106347,0.25091273,0.1589995,0.07511531,0.07203358,0.33185506,0.21952556,0.23499955,0.5697157,0.03741044,0.3837218,1.5577174,0.17554253,0.26516652,0.45160708,0.0,0.05954571,0.88269633,0.36340636,1.11007,0.6059646,0.4890611,0.72510487,0.6847053,0.3439138,1.0430707,0.6985841,0.30556744,0.28064916,0.42824858,1.672664,1.0533632,0.0,0.18564263,0.45580253,2.045606,1.0021243,1.3545974,0.39030066,0.032924507,0.670191,0.026712677,1.4752929,0.058906544,0.77989167,0.040062275,0.9463595,0.33119577,2.0231428,1.161357,0.2588009,0.43209007,1.7378004,0.97353566,0.57651633,0.29460624,0.07068843,0.83753073,0.3655642,0.07748206,0.6762887,0.0,0.31352463,0.0851796,0.29988772,0.13988121,0.30151352,0.40454715,1.0008612,0.04482656,0.007238442,0.6886297,0.12476264,0.9353821,1.4161872,2.0964365,0.15635055,3.0820549,0.8236687,0.9154577,0.116437346,0.019424208,0.8322066,0.31835416,0.18319279,0.056386862,1.6095073,0.18800408,0.7111287,0.02386458,0.05578914,2.4682026,0.335116,0.14481306,0.18644069,0.15803546,0.067378305,0.5494426,0.58568734,1.6467824,1.0760664,0.8677874,0.1253381,0.301523,1.2944938,0.01972566,0.75327814,1.6191721,0.010018372,0.059338648,0.7576164,1.7759804,1.0301048,0.49684727,0.31488067,0.6256865,0.40210074,0.052996803,0.013016512,0.009935117,0.24008255,0.6804425,0.052473903,0.32976103,0.0942402,1.1340731,0.26112625,0.30017826,0.61922336,0.1127281,0.2101552,0.8581493,1.6423672,1.1921028,0.845796,0.38553822,0.62441635,0.24496114,0.18266487,1.2566944,0.0087506315,0.07055986,0.8050034,0.06344344,0.18447354,0.15169089,0.25583962,0.53614783,0.0,0.28881142,0.24086241,0.39136523,1.5777547,0.6490006,0.37411475,0.113285705,0.39584985,0.34653744,0.8550861,0.11207823,1.200164,0.4991441,0.23768717,all_pothole_images\pothole_images_enhanced_284549967184cd0cb2d97ec1e824128e.jpg
0.19872986,1.4179728,0.47538,1.1085069,0.43269658,0.29088336,0.09153402,0.044770118,0.21893059,0.6127415,0.024629219,0.0038182468,0.0,0.1842492,0.0,0.1531748,0.011979462,0.061772175,0.0052284705,0.26016513,0.09786374,1.5991236,0.22551736,0.3178262,0.24460673,0.38405883,0.3250765,2.6877472,0.022126893,0.011201423,0.5668514,0.0015482736,0.16986865,0.009612536,0.076746084,0.26405352,0.67033005,0.25521067,0.29639247,0.22620074,0.0,0.22780313,0.08264613,0.51123154,1.3459047,0.0,0.015892474,0.047808077,0.0,0.16828689,0.038749885,0.37308604,0.00052670104,0.058875483,0.0,0.110347524,4.074368,0.03808753,0.0,0.0032488683,0.0015825349,0.33553302,1.5151806,0.2141098,0.42343432,1.339233,0.034497343,0.0022493491,0.0,0.030096,0.07623733,0.3466554,0.09404446,0.0,0.024074513,0.0005545439,0.0,0.342534,0.0,0.035279218,0.0,0.21790208,0.016947055,3.5417655,0.19739684,0.0,0.06875592,0.052244417,1.933418,0.24795373,0.100392565,0.00210629,0.027039766,0.13322105,0.30870047,0.0,0.67921776,0.21480334,0.7311887,0.010009938,0.10937164,1.9591061,0.28810647,0.0,0.595977,0.024782922,0.07490194,0.086553894,0.12786673,0.16376267,0.0,1.1375322,1.4665314,0.028382586,0.19694048,0.19536883,0.70484674,0.0,0.65919304,0.043030873,0.9047577,0.16262195,0.0,0.061270818,1.0079919,0.19074455,0.06964782,0.063739285,1.7451948,0.0,0.30153826,0.05267043,0.06605061,0.18844712,0.28876612,0.26260948,0.0,0.20746593,0.5935144,0.03624555,0.07897351,0.40299606,0.00876497,0.1491737,0.041687448,0.77072227,0.018246101,0.66986173,0.32639375,0.0439917,0.18207379,0.093360156,0.1979872,0.14876951,0.96628624,0.0,0.023645096,0.024374735,0.5552966,0.0034577504,1.083429,0.7767665,0.017779568,2.24308,0.21727797,0.0,3.0204713,0.061344475,1.2817545,0.0036355737,0.0,0.027779972,0.019042091,0.02852908,0.37207165,0.018110162,0.7810534,0.06696677,0.15317102,0.015372746,0.23376335,0.2221009,1.7560849,0.4784266,1.3712982,0.0019707053,0.0019091228,0.046158027,0.22431934,0.34373096,0.0,0.106442675,0.0,1.8590552,0.009174545,0.009822926,0.02010904,0.2998652,0.13087128,0.6819478,0.006854574,0.16794558,0.18305735,0.3366749,0.14876117,0.0976878,0.10842054,0.071934015,1.5503495,0.21862824,0.0,0.0,1.1755792,0.47553003,0.10392689,0.932414,0.15427855,0.08966097,0.5375825,0.026678327,1.1488808,0.0,0.20324256,0.05615537,0.0,0.060522437,2.3165278,0.0,0.7813778,0.013171236,0.29501283,0.10006539,0.36553577,0.0,0.36867565,0.0017778019,1.7051466,0.0,0.036441978,0.11008127,0.0033628384,0.098574124,0.45058766,0.10020824,0.0007766978,0.0,0.55097127,0.011346775,0.0139712775,4.7348146,2.595287,0.0,0.027273627,0.029578561,0.0020905742,0.0,1.5531843,0.022867171,0.022893088,1.8369461,0.0,0.0,0.50823975,0.017552804,0.2957829,0.53276324,0.2890849,0.10195291,3.3741627,0.0,0.09137387,0.0,0.013154382,0.0017743579,0.3171779,0.81462544,0.102386735,0.597537,0.10586448,0.8258118,1.7805898,0.022417683,0.17179514,1.0330389,0.4460098,0.22430715,0.4418104,0.08337094,0.48854625,0.17440687,0.0,0.0,0.026736062,0.24971269,0.0,0.026533354,0.18068168,0.54084504,0.119206235,0.43737647,0.17590569,0.25910062,0.00786329,0.0,7.034001,0.091598354,0.02082359,0.39335954,0.0,0.052773196,0.0,1.0496117,3.758017,0.55759835,0.069798574,0.30935046,0.03640975,1.8013698,1.7199118,0.06469051,0.035020355,0.0,0.0,0.046816316,0.052253112,0.15389402,1.4003346,0.006293249,0.27193463,0.2103012,3.8605814,0.11845694,0.0,0.28262725,0.017005222,0.048389025,2.2004907,0.014004999,0.06852833,0.025522772,0.11267582,0.61082953,1.3357185,0.066937335,0.23010232,0.0,0.13125774,0.05507276,0.13683952,0.43932614,0.22325021,0.1613882,0.070920095,0.50938845,0.34298927,0.0,0.38958544,0.3569252,0.020255253,0.3369121,0.0,0.009919516,0.20274468,0.01978019,0.0,0.14049806,1.4695319,0.018835742,0.09798155,0.08778092,0.77268994,0.008094115,0.11243913,0.0,0.12026886,0.12667142,0.046567924,0.025869668,0.001567834,0.040614888,0.0,0.0,0.19859906,0.30823156,4.077653,0.15473346,1.6705294,0.025468994,0.01230393,0.28823566,0.01191334,0.761883,0.02283047,0.47176313,0.0,0.01213468,0.17471889,0.017507723,0.0,0.34191424,0.52166367,0.078518614,0.52742565,0.35247084,0.19834901,0.090488724,0.08664933,0.41610488,0.053206526,0.11244575,0.070599414,0.009945225,0.0,0.19914097,0.15391281,0.08461776,0.5555506,0.8523608,0.64501965,0.0,0.5505291,0.056939777,0.16525891,2.1465468,0.7875661,0.07168545,0.60924286,0.13546205,0.11973772,0.49114546,0.46070772,0.043551676,0.0,0.0014014236,0.0,3.3014042,0.04318614,0.0,0.010403122,0.5416046,0.18759924,0.010590505,0.0469053,0.2934248,0.021500496,0.09364365,0.8282939,0.36420023,0.58744234,0.0,1.8722337,0.09061152,0.022461208,0.18721798,0.35301697,0.5213752,0.19034566,0.42760584,0.03178835,0.06992327,0.7293401,0.16894755,0.062528275,0.0,1.0580542,0.011831928,0.0,0.0,0.10639272,2.2703593,0.7236529,0.07859094,0.17959191,0.011819142,0.020642528,0.041672286,0.012679893,1.0747051,0.010236402,0.0731911,0.07757978,1.7279756,1.203272,0.13058615,0.0,0.8259596,0.124658495,0.0,0.29737002,0.0029426431,0.0,1.5487512,0.010412065,0.02401905,0.027019333,0.0,0.57910776,0.043715198,0.0,0.016446594,0.09410153,3.625296,0.5532337,0.14014192,0.0,1.236469,0.00011901668,0.18386376,0.12295813,0.1511865,0.9543882,0.0,all_pothole_images\pothole_images_enhanced_288b93a2933644c9cc3e8414a37d482c.jpg
0.47682574,0.74751776,0.03686679,2.057369,0.63778,0.31724307,0.19024973,0.0,0.17822869,0.46729824,0.58128786,1.1848111,0.017217103,3.3186831,1.5125468,0.04807353,0.08857283,1.4843918,2.2510715,0.45524308,1.109632,0.8948637,0.00231423,1.0339311,1.0595466,0.74561715,2.6168191,3.0766613,0.7762849,0.27911192,1.2452453,0.0,0.6324435,0.00867726,0.1504222,0.5947148,0.22593354,2.1683974,0.01912493,0.26736006,0.05164995,0.030069053,1.1063956,5.4231205,0.24406773,0.42763028,0.2782335,0.30153838,0.43402722,0.5031855,0.59463775,0.6039172,0.40177962,0.08136447,0.1853025,2.463253,2.161362,0.890077,0.07883973,0.035427555,0.64503354,0.7016953,0.66418004,0.30148065,0.6224371,2.448886,0.31124848,0.0027601214,0.013225592,0.29071215,0.007843188,0.78819746,0.341251,0.25375733,0.30151644,0.25641552,0.09985548,1.6752468,0.028718578,0.56889135,0.30419174,0.019070506,0.18135077,0.7968901,0.1895221,0.0,0.13567813,0.07806993,2.4616008,0.024268197,0.58007824,0.018499954,0.09038575,0.0,0.019086534,0.13709795,0.20188943,1.4801793,2.3253741,0.23675086,0.007817913,2.9027522,0.0026764069,0.829121,0.84112716,0.57878727,0.5112786,0.026985614,0.88659793,0.14767633,0.0,1.2327636,0.39500076,0.13467018,0.39823997,0.4926609,1.3766522,0.8246763,1.9629871,2.1034477,3.4378366,0.5951179,0.07441378,1.7180467,1.4386144,0.06637069,1.5139904,0.27478424,2.5368319,0.07960286,0.148483,0.03528621,0.22715774,0.050357644,0.3754195,0.34973562,0.6570257,1.2517034,1.0047827,0.2315913,0.4436147,0.15929057,0.30980387,0.7126994,0.79417604,0.36093915,0.1850902,0.24450338,0.044796824,0.22885431,0.88044333,0.15263912,0.0,0.37111437,2.3659813,0.99070317,0.45698953,0.3166288,0.7065995,0.78400433,3.061957,0.91474366,0.18265732,3.3339584,0.31266922,0.066983335,0.45898974,0.6068537,0.73960966,1.9172223,0.007525432,0.05767464,0.10438242,0.068786286,0.13527346,0.42290208,0.5236675,0.022121783,0.067007564,0.20149717,0.0,3.8486474,2.032591,1.3658042,0.3595202,2.2194083,0.19539319,0.54689425,0.012505773,0.15636665,0.0039766687,0.1802271,0.5913697,1.8779705,0.107454635,0.43903288,0.57445455,0.28640002,0.03423709,0.9027224,0.833,0.10073204,0.25376597,1.3792188,0.6681781,0.034320213,1.5605993,0.91676277,0.22451334,0.41301855,0.0021537703,0.0,1.3044592,0.5016278,2.4691198,3.0683737,0.5126027,0.23160881,0.2339845,0.59418887,0.8917216,0.07872228,0.9510722,0.027143402,0.1296724,0.4405378,1.3583548,0.9343539,0.008779512,1.8332628,0.9323976,0.019481989,0.3013289,0.14651935,0.7875043,0.4391505,2.5610034,0.41393203,0.28274027,0.48602486,0.1550925,0.17059302,1.0530168,0.24394049,0.78823143,0.0050768256,0.6463438,0.007965848,1.1031318,2.1435404,3.569621,0.3646444,0.2484813,0.95656633,0.91144234,0.27553904,0.5628766,0.69518775,0.40346286,0.9673715,1.1648226,0.10480888,0.4570404,0.10219898,0.5895126,0.36811692,1.0798715,0.8352591,0.39129424,0.16068384,0.27881247,0.011798862,1.3082114,0.0,1.316955,0.13544561,0.0063869357,0.6194039,0.8491328,0.59829783,1.4505948,0.016020134,1.4972368,0.4396454,0.6971176,2.4390469,0.95806026,0.52841955,1.8264889,0.0030397624,0.018074889,0.12700991,0.30876637,1.1722078,0.10660909,0.75604993,0.12144682,0.27203843,0.115813665,2.2855182,1.8224443,0.55566055,0.13487583,0.4724854,5.7078156,0.04704777,0.13716455,0.058272015,0.19372688,0.62224793,0.3074914,3.0190318,0.67087203,1.6936454,0.3031244,0.66593295,0.018943608,1.7516482,2.201222,1.0437464,0.15962952,0.0040860334,0.8164465,1.2761949,0.4053292,0.8640544,1.1870992,0.012433443,0.740985,0.25504944,1.7603302,0.11409685,0.060261652,0.27888203,0.19904284,0.22025543,0.9728968,2.4725463,1.3903713,0.16389531,0.18475805,1.2363138,1.0253614,0.73363626,2.2045083,0.0,0.3613886,0.6675459,0.59001976,0.027452508,1.2630345,0.08749013,0.7415673,0.9833528,0.14234012,0.023842217,0.047149044,0.41648078,0.7887081,0.34570163,0.034041554,0.3509519,0.2686389,0.52475864,0.17783813,0.28193855,1.0260296,0.3309428,0.43361828,0.54783463,0.6259891,0.122429445,0.3381502,0.02515119,0.52644515,0.034064416,0.9920014,0.0,1.1585896,0.4222234,0.63417697,0.33519405,0.016225174,0.44675377,2.132404,1.302274,0.11838173,0.124536216,0.0,1.7409073,1.6954231,0.050845705,0.7318406,0.041554056,0.25789526,0.22561778,3.3189259,0.3222359,0.02161595,0.12274814,1.1081196,0.7506336,0.5618267,1.858002,0.257375,0.9420024,0.1428769,0.55951583,1.1461176,0.35103357,0.84734935,0.4051998,0.054755833,1.8046901,0.50202113,0.6060506,0.49989325,1.3271006,0.69579136,0.013695214,4.285819,0.006568164,0.5551894,3.6563056,3.0751033,0.43471208,2.219351,0.72331667,0.32698736,0.1419191,0.686981,0.08334365,0.060017988,0.4514965,1.3763912,3.2791262,0.51881546,0.008856914,0.17505713,0.28837922,1.1663339,0.00083238835,0.06417536,1.0425581,0.21672691,0.0024997373,0.72300035,1.2878367,0.06787386,1.0351112,2.7350676,0.025039382,0.0,0.5350034,0.16221325,0.66494787,0.34000653,0.29059651,0.26444945,1.1477777,1.8395427,0.5460341,1.0430999,0.035917185,0.18020847,0.017381247,0.00833732,0.017755315,0.8716421,2.259029,0.8760097,0.34492257,0.45579252,0.5790322,1.3061477,0.41324633,0.078009196,2.7846804,0.42619258,0.0,0.54112214,3.1209404,0.7231504,0.5392665,0.022420922,0.0,0.116602525,0.20479126,2.345973,0.085289545,0.04913232,0.42542064,0.06533869,0.011659529,0.07212498,0.0025211498,0.012884077,0.11658751,0.06642275,0.6453832,0.020020235,2.671463,0.9415258,0.26212716,1.1224029,1.908551,0.25958017,0.27081624,0.014361638,0.17160769,0.02527921,0.20836584,all_pothole_images\pothole_images_enhanced_28ef8e98d9e4a9a8b5e9b68043072d83.jpg
0.20021145,0.35739928,1.799823,2.3480499,1.4238338,0.37321907,2.0116718,0.29183292,1.7083461,2.1966357,0.6833336,0.7998935,0.5132773,0.29535502,0.6381272,2.4777298,0.06801746,1.379534,0.4679352,0.05832962,1.0265743,0.4029134,1.2478459,0.22023293,1.811698,2.6022289,0.5891904,0.19409652,1.0357926,1.0834445,0.29500946,0.8390374,0.10462132,1.1721147,0.60253227,2.3131645,0.077217616,1.499406,1.4505945,0.12328927,2.514035,0.617494,0.31789255,0.83741087,0.3399042,0.36495018,1.2982893,0.08601707,0.05630419,0.0012477952,0.3962639,0.9752736,0.31402972,2.4803913,0.5806924,0.7162295,1.4761909,0.09099042,1.6862404,0.36308748,0.83923876,1.8989072,0.0,0.20949787,0.49996036,2.7177165,1.2829099,0.82751495,1.3084847,0.3819437,0.2600519,0.21133369,0.117770545,0.24697794,0.205229,0.27495363,0.5441033,0.62647295,0.13454041,0.16446164,0.33501706,1.0907247,0.11829542,0.70668334,0.57636607,1.2362759,0.9387775,0.6923112,0.2730227,0.67723536,0.7247742,0.25554022,0.001976402,0.28541154,1.2309377,0.6833587,0.30561402,1.8380353,0.005052175,2.092609,1.121628,1.137396,0.8836844,1.0424566,0.83700794,0.54642713,0.5842092,0.45606604,0.0016192377,1.3393961,1.1591071,0.22500044,0.029131802,0.07833455,1.5848584,0.36027893,0.30606207,0.40202338,2.9121554,1.0367044,0.3939139,0.0028007857,0.6593628,1.1151047,1.0530357,1.0068914,0.8192635,0.037395936,0.8242295,0.24867436,1.0229727,0.5278817,2.249554,0.040151186,0.15539172,0.086231425,1.0329719,0.026517725,0.9976185,0.47394484,0.27207473,1.2216234,2.189974,0.13029616,0.596147,0.37343884,0.49881074,0.10802701,1.243974,1.0426732,0.6602858,1.8649521,0.896174,1.0571572,0.6547367,0.2641881,0.4226409,1.3190253,1.1707602,0.5413521,0.9403519,1.6978892,0.05957647,0.11887204,0.2995861,0.36114034,1.3867393,0.7745415,0.70659256,3.511114,0.38742346,0.04248521,0.089213945,1.4506485,0.33240438,0.9521711,0.029413963,0.00037562038,2.126518,1.5643827,0.06372078,0.4129466,0.9061698,1.6878817,0.47176328,0.84697837,1.3731457,2.7585454,1.5257294,1.1163582,0.5850745,0.008725577,0.10257527,0.95719486,0.22051011,0.017416,1.9863459,1.4370983,1.5249506,0.13188514,0.76682216,1.23458,0.43714115,0.042773806,0.833305,0.21360779,0.124148145,0.05545437,3.6109927,2.1130512,0.0,0.08990167,1.4812363,0.087489866,2.758147,1.349106,0.12611249,0.74828786,0.4106561,0.40903917,0.6968983,1.5829147,0.18691204,0.18143465,0.38251486,0.67945874,0.09447697,0.36100924,1.6752553,0.6460083,0.0055905925,0.035704143,1.1910138,0.25181684,2.3211405,0.58104014,1.3622946,0.27597782,0.21398304,0.45282277,1.880236,1.7101538,0.12654021,1.3165028,0.05466464,0.18479067,0.35509133,0.212227,2.0437305,3.6340547,0.07765946,0.002907351,0.0,0.06667132,0.026781753,1.1219141,0.9373711,0.7373417,0.88822937,0.9528804,1.3812306,1.0169601,0.1558487,1.6855693,2.1125515,0.9318416,0.65986884,0.037265755,2.0467715,0.23191564,1.6237723,0.13498239,0.25003254,0.0,0.68963736,1.3830816,0.15155251,0.12928507,0.9233817,0.90728503,0.52322954,0.567078,0.48624045,2.062846,0.23034453,0.6362713,1.1582954,1.4126344,0.37605342,0.5209099,0.37983412,0.14729108,1.2092224,0.07078499,1.4018681,0.37033042,1.3466389,0.5404883,0.10269157,3.7687714,0.2869302,0.49184486,1.6191434,0.0018425978,3.8427684,1.6005745,1.376029,0.15964624,0.44755295,0.20406103,1.0447543,1.1644455,2.3361943,2.405021,1.8334718,0.8699286,1.0140676,0.17461258,2.9120178,0.1665947,1.1769813,0.49514505,0.4424319,0.17545462,0.29016533,0.31637502,1.0606726,0.2188804,0.06352115,0.09888868,1.7835083,0.15920587,1.0948071,0.44804573,1.381804,0.9026877,2.392961,2.7617874,1.3699211,0.9379873,0.39007804,0.26980165,1.9875242,1.4519086,0.12076401,1.6094892,0.78740054,0.8283873,0.0839526,1.4460584,0.27271396,0.96617573,1.5100923,0.30041242,0.1290134,0.873743,0.83868575,2.51225,0.9733185,0.7688357,2.191148,0.0041116313,1.1764909,1.1488994,1.3410627,0.64426994,0.8895958,0.21644269,1.3994228,0.31917438,2.021358,1.4127922,1.9077394,1.8452191,0.18266658,1.2164047,0.3401044,0.78237456,0.43992785,0.029529829,0.60707444,1.0560269,1.2231119,0.0858555,0.32788217,0.1962618,1.3120185,0.7545001,0.145164,0.4105037,0.003661457,0.13540162,0.08995235,1.7973493,1.455296,0.39675337,0.9451979,0.1463602,1.3793336,0.07685919,1.0202639,0.041898586,0.23182599,0.0011679413,0.2815297,0.6925108,0.23645392,0.62495786,0.13250335,0.0,0.84612083,0.058133427,0.040451605,0.39418793,0.01736493,0.19121021,0.1566864,0.43887296,0.13992955,0.59440196,0.10887611,0.86416155,1.3035954,1.2313056,0.0,1.5743667,0.18991269,1.0785807,0.49651504,0.004773547,0.016417794,1.5422425,1.484638,2.7358592,0.22462635,0.2993862,1.7176356,1.3798046,1.0147719,0.5228705,0.30727896,0.20263639,0.21843225,0.47745633,0.73213273,0.06842182,0.6074467,0.0010305202,0.55293435,0.60510373,4.0882087,0.046046287,1.5381339,0.29288292,0.4947644,1.0477012,0.017989965,0.014219229,0.17811307,1.2960596,2.4449184,0.32279935,0.67345554,0.11085508,0.13985923,1.3300858,0.22270267,0.51003975,0.22341584,0.7524026,0.09661533,1.0168656,0.46404958,0.16950549,0.0024978865,0.04704161,3.2827048,1.0188308,0.8672399,0.0,0.42530766,0.64928293,2.2963428,1.3409101,0.05906357,2.0317137,0.06548492,0.6071746,0.31236675,0.45448956,1.9330231,2.2400832,0.35710767,2.127453,1.224725,0.9114727,0.44197163,0.21135972,0.30785006,0.6237953,2.7567518,2.936188,0.64781785,0.97960037,0.10294778,2.490773,2.795554,0.5705336,0.40745226,0.4201432,0.04616752,0.5098906,all_pothole_images\pothole_images_enhanced_28feaa33ddbee2e417e9d88bfc614cec.jpg
0.0,0.82679754,0.042129308,0.79860616,0.3398345,0.026794584,0.34508932,0.0,0.19659233,0.9687473,0.17585334,0.50662917,0.0,1.8339065,0.036084514,0.022441547,0.3848358,0.29567716,2.5271103,0.040479522,0.9844111,2.852627,0.093095094,0.17696984,1.4037966,0.8812704,1.0140734,3.4885406,0.46308926,0.60733014,0.66988426,0.0028428766,0.86828905,0.044406142,0.65609664,1.512734,0.40095052,1.617451,0.34484574,0.18528807,0.0,0.0,0.11582769,3.272464,0.63415694,0.0927971,0.17831582,0.3615226,0.6855273,1.1438667,0.4734082,0.049705505,0.7116311,0.0066150497,0.059699666,1.4578799,2.0556805,0.12225836,0.059184417,0.35956386,0.5460995,0.0036105067,1.1812754,0.12769012,1.1387128,2.218328,0.2892606,0.008935268,0.018736457,0.33496085,0.05184485,0.742424,0.17575477,0.43523458,0.69651103,0.9811918,0.03067937,1.2163565,0.6738481,0.49987632,0.90256584,0.0033082808,0.56272763,1.7241365,0.079662666,0.073480666,0.61002386,0.0035606953,1.7460033,0.073959045,0.15851204,0.8191894,0.18284762,0.14872481,0.0018450201,0.0390159,0.2760783,0.41603908,0.6675842,0.2841351,0.33354685,4.373202,0.0,0.005146927,1.3823448,0.023008334,0.23324026,0.055295296,0.69019204,0.41310197,0.04767683,1.1782702,1.3020842,0.033585504,1.1263633,0.78703696,1.8445534,0.7289218,1.1789593,0.44521618,3.0474398,0.21782471,0.24224143,0.5913845,0.7340273,0.5683761,0.07531339,0.32794937,2.910216,0.7404287,0.24155128,0.019996982,0.0,0.111973174,0.15422297,0.037470866,0.55319446,1.2443434,1.5438203,0.45410782,0.13089423,0.11291842,1.1539419,0.2236163,0.17951985,0.9820976,1.0052946,0.24880086,1.2546874,0.018606313,0.53379905,0.1085271,0.137764,0.039789747,1.3328493,0.9748454,0.48384476,0.58087015,0.070941985,0.82475793,0.8124403,0.7906929,1.0496264,3.0358164,0.0,0.12976201,1.3653625,0.49740195,1.5743862,1.1322898,0.06584846,0.035725966,0.19695005,1.4300809,0.19078542,0.20241807,1.02956,0.21387076,0.40420398,0.2012165,0.009908005,3.1467927,4.819347,0.40815225,2.5981884,0.562763,0.2560795,0.75801414,0.03347793,0.47658172,0.09261859,0.4385273,0.0,2.030795,0.14375055,0.21085575,0.35584554,0.083455406,0.16835502,0.5281007,0.14649111,0.44143972,1.7146167,1.5805904,0.6576792,0.1483839,0.04093929,0.9054301,0.5122636,0.0,0.029628327,0.3535853,0.48470616,0.5695742,0.903575,1.8361067,1.0785713,0.0102715725,0.8541518,0.64180607,1.2273331,0.030754989,1.3865561,0.38257524,0.058257207,0.29096803,1.0365707,0.59607446,0.49968266,1.2272356,0.10475083,0.062169503,0.09508797,0.3271861,0.585178,0.07820887,2.4116464,0.13118935,0.03258131,0.26888517,0.077410124,0.45466697,0.81922406,0.4575637,0.938186,0.27070192,1.1565405,0.05056269,0.2971993,4.4586024,4.1643577,0.14458168,0.19732253,0.1137514,0.013764362,1.3917302,0.6958889,0.0,0.51056117,1.3665168,0.15272175,0.31478715,0.19166085,0.02513772,0.34678325,0.7189992,0.12942497,0.23150337,2.2606738,0.30875662,0.1451138,0.0,1.5943272,0.08459266,0.9769926,0.17698182,0.028722826,0.558856,0.1743901,0.25842467,2.6461294,0.23692825,0.33583012,0.9411971,0.45006308,2.6205804,1.3593061,0.5508002,2.437813,0.22620001,0.043684363,0.2987913,0.043647997,1.2513399,0.1969941,0.19377346,0.02297203,0.34045938,0.6501192,1.2182022,1.2309394,2.2032943,0.14011481,0.11228344,8.761455,0.024676552,0.12065004,0.35680637,0.0,0.67424494,0.85708725,1.8146567,1.8034971,1.3638113,0.016812978,0.88406223,0.059210174,2.2819843,0.5566566,0.64137274,0.0,0.085672416,0.42701373,2.8308473,0.75783706,0.21198878,0.69450426,0.0,0.28645682,0.35010374,2.659202,0.29542935,0.24127716,0.022858804,0.20287435,0.16575645,0.26374733,0.4031834,0.24138944,0.26218775,0.762625,1.4575856,0.9407288,0.28678948,1.6231112,0.15784505,0.06647213,0.20086423,1.9248441,0.1802716,0.33937675,0.02841731,0.9534188,0.4947448,0.022725089,0.003395939,0.1335697,1.2446485,2.4522405,0.11347807,0.0,0.086966455,0.7061702,0.5269976,0.03478511,0.08540428,2.016639,0.86050975,0.0,0.14657903,0.8676782,0.0045150043,0.7718789,0.08208073,0.504806,0.029082531,0.04984759,0.0,0.5628346,0.2172416,0.0996062,0.07559935,0.47699168,0.2314079,3.5797327,0.6237554,0.43101916,0.021320736,0.0,1.5546356,0.9961936,0.61153907,0.61356074,0.53714114,0.10615009,0.0041039507,1.7711476,0.31088403,0.0020088062,0.08504884,2.0673385,1.0746704,0.25463,0.98182636,0.34250733,0.32559147,0.03731422,1.2052296,0.7777341,0.49677905,0.515624,0.8582365,0.012972768,0.5505341,0.0,0.8354445,0.668765,0.92339224,9.129543e-05,0.0,3.7952693,0.27285543,1.7245811,2.3092945,3.4776585,0.26798898,1.938487,1.2694479,0.05997396,0.020791296,0.7837437,0.21127525,0.30460975,0.6660535,1.8221564,4.3986773,0.76641655,0.28171426,0.25525886,0.66116464,0.68888766,0.28081876,0.25394458,0.24161468,0.38457543,0.09003551,0.4482955,1.2044659,0.009139885,0.6421403,0.59086925,0.07026152,0.013790716,0.28981566,0.6023694,1.1973373,0.36875463,0.6527984,0.36351907,1.2783493,1.6483017,0.18035953,0.6425104,0.0,0.54611593,0.039343387,0.057890438,0.1988001,0.5834681,0.5797817,0.08950207,0.2597766,1.009002,0.024326837,0.4670234,0.04676197,0.15268247,0.5653083,0.5330279,0.016244346,0.016759036,2.425813,0.4543311,0.056608856,0.0,0.03711326,0.8615177,0.10417356,0.16544491,0.036191244,0.50316375,0.94876206,0.0,0.051319823,0.06320265,0.045334324,0.071464255,0.08182023,0.9290966,1.6982375,0.06433264,3.2161734,0.7372899,0.79770565,0.4830016,1.1598641,0.03681522,0.0,0.87007684,0.13334703,0.9637542,0.31428933,all_pothole_images\pothole_images_enhanced_2927cb427d2c0338000b73fa25610eec.jpg
0.7208436,1.3447405,0.51591855,1.2846953,0.7274696,0.23459944,0.6950816,0.0,0.7370023,0.55537087,0.19009088,0.47979513,1.1643754,0.5492738,0.07075492,0.52837044,0.020920904,0.95867085,0.75301313,0.13085772,0.66392577,2.577882,0.40298414,1.1735709,1.4715906,1.1079609,0.27491724,0.7583871,0.00023183713,0.9240551,1.2766999,0.6311142,1.2962753,0.12538245,0.29373774,1.4783511,0.14809974,1.913487,0.59083074,0.46875694,0.018857356,0.04454898,0.13911015,1.8522611,0.4410197,0.3480197,0.0,0.026756184,1.4324918,2.1400888,0.45512047,0.17949405,0.91553044,0.14082076,0.101630434,2.1984253,1.6442053,0.5537834,0.92350775,0.08581909,0.14694203,0.3439405,0.22962704,0.41526076,0.812054,3.9789267,0.106903866,0.14063498,0.72299784,0.17434573,0.11817141,0.43192014,0.742261,0.20952271,0.54199827,0.2389877,0.1851354,0.25542602,0.38273537,0.17429274,0.37971637,0.1401355,0.4688516,1.509496,1.3225098,0.77996856,0.28353515,0.44101372,1.8149005,0.024934882,0.35647348,0.31001678,0.21057881,0.19503386,0.11357819,0.19255981,1.385891,0.6932547,0.587297,0.3097322,0.4097982,1.6254593,0.67622155,0.023391465,0.07842374,0.8085892,0.3543656,0.086079836,0.008342481,0.48828354,0.05498238,3.055229,0.32195738,0.10738754,0.28366077,0.44325286,3.4730148,0.65127826,4.685925,1.2889137,1.3069593,0.50130326,0.70075536,0.8140293,0.46149164,0.60132134,0.5111426,1.459498,1.8993542,0.07369018,1.1001343,0.018341538,0.06443656,0.0,0.0,1.0774027,0.21326798,0.16242303,1.0532439,0.23036537,0.19866818,0.5962715,0.004371997,0.774256,0.12399455,0.5112267,0.38907248,0.046800755,1.0811113,0.1887315,0.33094063,0.8091256,0.0069015,0.23167843,2.4622054,1.0865097,0.5926403,0.70799255,1.284157,0.08062361,2.2649064,1.5117692,0.09696452,3.599807,1.1093246,0.2913255,0.31969517,0.8070565,0.65397716,1.0684773,0.18176742,0.0,0.14942195,0.26792818,1.0776026,0.00034414878,0.24724038,0.05910338,0.53922445,0.21448182,0.027597733,3.2323241,2.5606978,1.258465,1.8012071,0.6701015,0.5398529,1.4904022,0.6409644,0.6607714,1.0714802,0.45159772,0.40553284,1.8126299,0.045184895,0.6821603,0.81270397,1.372943,0.22027148,0.6241664,0.005011476,1.0830346,0.90093476,0.74592185,2.8235059,0.7106937,0.5258994,0.9861962,0.793393,0.41116196,0.05572245,0.0,1.2125808,0.37928155,0.848644,1.6764914,0.086449586,0.64456546,1.2129676,0.09065946,0.28471768,0.49727178,0.76347786,0.49487457,0.094426,0.8149227,1.9992543,0.0419103,0.71678853,0.22113957,0.22939129,0.13637869,2.0595102,0.3996366,0.8752595,0.3006757,1.3917828,0.24197099,0.092215836,0.14010595,0.042118285,0.4555611,0.0987403,0.12046038,0.2279856,0.016618632,1.4404186,0.9906788,0.6019209,3.4555166,1.2829264,0.14868346,1.5316445,0.37753567,0.20229976,0.24401712,1.1013628,0.6782036,0.03788564,0.9981553,0.20631531,0.20236029,0.5506097,1.883276,2.051411,1.9146522,0.21623398,0.2850753,0.40741414,1.020371,0.22412834,0.5498415,0.040551525,0.60477346,0.98587036,1.5152736,0.8390344,0.17220162,0.47353646,1.2951553,0.7006066,0.81050885,0.056743264,0.012484926,0.5791377,0.51702285,0.5520795,0.7666181,0.99922407,0.53129935,0.19537205,0.15957324,0.9222652,0.6280925,0.045520533,0.024736373,0.20054568,1.2626991,1.0205934,0.08001008,0.4410516,0.6406812,0.2882928,0.33243755,5.048171,0.44388944,0.13973548,0.6429294,0.3036062,0.8633558,1.729706,1.4245129,2.635791,1.218688,0.16397367,0.15853591,0.12210403,0.15072806,3.6243927,0.44387183,0.086190574,0.03395986,0.031163132,0.14709632,1.0886873,0.020072686,0.7561357,0.3219578,0.24760567,0.0026471948,3.021146,1.0313537,0.31932884,0.2751715,0.2625588,0.4304643,0.92733186,0.037670143,0.017974388,0.10717659,0.29545778,0.68733525,1.2153857,0.25927567,1.039152,0.57689667,0.0016293258,0.11685102,0.3526672,1.1533873,0.39815995,0.86095786,0.19645382,0.23323306,0.07238189,0.59367293,0.41579655,2.2998087,1.4822237,0.9536291,0.082612745,0.85130954,0.18508558,0.15200958,0.14111897,0.19178915,1.9555293,0.7157762,0.2864154,0.38364327,3.186605,0.26204875,1.0208687,0.15100618,0.61571777,0.6273255,0.010795746,0.116728604,0.73534447,0.2642545,1.0532142,0.029407239,0.26026767,3.1613138,2.9422302,1.1931413,1.041887,0.18665735,0.22635251,0.93661207,1.0055138,2.469513,0.50208056,0.3016733,0.4142394,0.28773344,0.9548421,0.10733418,0.7073967,0.53555804,4.4937906,0.19273715,0.24066105,0.90719414,1.0851879,0.08016111,0.3491862,2.677686,0.014654841,0.11342112,0.80705655,0.9307589,0.29230434,0.7098731,0.04267028,0.06070886,0.5406028,0.027467303,0.4375102,0.023774832,3.025755,0.14888702,0.34350374,2.1092463,1.3935935,0.20217453,0.12784089,1.3745887,0.029321484,0.96681315,0.1514225,0.3416147,0.44962987,0.46263292,0.455251,3.3465977,1.0057371,1.5652318,0.38399372,1.0833967,0.19876762,0.24142216,0.15619604,0.90991455,0.07184245,0.1944238,0.48289216,0.8249029,0.10295054,0.6026882,1.0836924,0.65472764,0.02615809,1.0530591,1.5055221,1.642028,1.2948633,0.7874184,0.079189785,1.5670776,1.4202341,0.29426906,2.4450788,0.031335384,0.64977634,0.5133458,0.47758195,0.0153113445,0.5789198,0.92757976,0.4772684,2.122511,0.55179876,0.85471547,1.125315,0.46326122,0.53447425,1.4597588,0.13378893,0.012181534,0.110708684,5.360604,0.7593354,0.12589733,0.0025521168,0.20121525,0.46976742,0.0010183959,1.1140378,0.03545683,0.16600375,0.09946011,0.32775488,0.6115171,0.05235921,0.05676996,0.35467634,0.5581727,0.10882524,0.31957805,0.20907989,4.9755025,0.99474394,0.012541489,0.13210131,1.6635025,0.030312635,1.5305188,0.5972315,0.0,0.5104563,0.13945058,all_pothole_images\pothole_images_enhanced_296c06ce4388420035210a5ce74fb3d7.jpg
2.1197267,0.73600984,0.24392238,1.0546488,1.4929153,0.6236361,1.8802165,0.009051085,0.7408802,0.811806,0.6419633,0.67939657,1.33413,2.7176943,0.33774763,1.4764441,0.85557985,0.24090932,0.8190184,0.78399265,0.2942496,1.2346226,0.20611109,0.23504102,0.44423956,1.2217821,1.569157,1.5647538,0.72004044,0.014587816,0.6946693,0.64551616,0.370717,0.24450012,2.2515664,0.88953453,0.15285324,1.0793935,0.8870698,0.91210157,0.5090958,0.30155048,0.38826883,0.6175334,1.1524974,1.0044961,0.2904205,0.55835074,0.060563456,0.93558997,0.3624244,0.86711246,0.66465235,1.6151805,0.46618554,0.81373394,0.63305485,0.41764715,1.5818174,0.92737746,1.1306508,0.62643236,0.47205728,1.3271716,0.10764157,1.5461828,0.9419012,0.047304794,0.10735087,0.055291116,1.022082,1.166926,0.60421824,0.15086685,0.6251348,2.287301,0.37797922,0.5969731,0.89605117,0.5980392,2.5649683,0.31620038,0.8449485,0.6382782,0.90076476,1.4954442,0.33284292,0.8237679,1.5462744,0.5808012,0.5418673,0.05310134,1.4271772,0.7550052,2.180621,0.31089878,0.5012425,1.1917272,0.09938213,3.3138864,0.42875484,0.84725267,0.4860801,1.9654254,0.6714254,0.25154817,0.3090364,2.3523595,0.034401488,0.51247376,1.1180748,0.6639918,0.21025741,0.24850051,0.20910782,1.771316,1.3136485,0.29986766,1.4337572,0.43666717,0.3874532,0.6980839,0.47684452,0.4513162,0.092836216,0.011574266,0.9788522,0.9194501,0.25227186,0.3349762,1.5166714,1.0064383,0.044396814,1.8020825,0.3450613,1.7267269,1.4034185,0.54904234,1.2601392,0.15605152,0.09438459,0.32159093,0.00016492575,0.8562365,1.2712854,0.8093565,0.968667,1.3109471,0.46331865,1.5491803,1.9820168,0.8978338,0.26782495,0.35834265,1.1391927,0.2708284,0.7172691,1.2669713,0.986344,0.7510608,0.9831267,1.281456,0.13975576,0.8270594,0.15826342,1.4075842,0.09172504,2.0430765,1.0827664,0.49554622,1.0072956,0.07421773,0.22012547,1.8152701,1.4961616,0.004462129,1.2499384,0.8657191,0.6599614,0.6417357,0.3119318,2.5038633,0.69604754,0.71396214,0.11543856,1.8618369,0.07931586,1.314061,1.7130063,0.2863699,2.321268,0.29490307,0.06576457,1.0722525,0.93869203,0.10265783,0.38089168,0.8002042,1.585962,0.70307004,0.16092892,0.14205313,0.6178248,0.7350714,0.27815774,2.0720708,0.039935883,1.07905,1.8543612,0.32269633,1.3679912,0.10235456,0.6231136,0.7881593,1.3173769,1.2795955,1.68753,0.04849265,1.8713323,0.31017682,1.075997,0.3761559,0.81535524,0.73694485,0.13610117,1.212296,0.88078725,0.31084192,1.0525619,0.00790422,0.20746753,0.06836368,0.22292747,0.14025295,1.0118155,0.5606584,0.36865008,1.3019857,0.34217215,0.26771915,1.3784088,0.33310306,0.28151938,1.3624669,0.2366353,0.8073899,0.64748776,1.3179592,0.4068619,0.1691845,2.5639048,0.9960763,0.25259048,0.28290612,0.2841933,1.7642212,0.99059373,0.8400432,0.52231985,1.4278561,0.24294628,2.8213913,0.7985664,0.68692327,0.45278522,1.2782621,1.0434061,0.8395887,0.46425784,0.3621328,0.31600812,1.1873281,0.27828488,0.2798398,1.3562196,0.7529364,0.5145406,1.1027033,3.1351779,2.728003,0.75984967,0.22691411,1.5599178,0.9833664,0.23185478,0.940785,0.657055,0.40238076,1.2275792,0.07313139,2.8629305,1.9500943,0.006350951,0.19725636,0.8223913,2.922509,1.3112807,0.36411223,0.10027393,1.1201825,0.18500043,1.3351736,0.6366249,0.52126896,1.3479891,2.086825,1.7667979,0.6373104,0.87850034,0.105247505,0.65525573,0.20879772,1.6617602,2.1728191,2.1642988,0.9186303,0.011593632,2.0914013,0.725877,0.96427745,1.5999395,1.4705825,2.190533,0.9465693,0.06134928,1.7074617,1.8245798,2.0106783,0.58948135,2.027903,0.96504223,0.7692953,0.44237372,1.4454963,1.7213075,3.6282878,0.22792765,2.1814961,1.3813026,0.18864238,0.3053321,0.76902175,0.43758678,1.1367179,2.213924,0.2138791,0.69800526,0.1055705,0.039145604,1.2638413,0.065936096,1.8821813,1.4350598,0.45859784,2.5385282,0.97167903,1.5528513,0.78385514,1.0895407,0.26353973,1.4206215,0.93759215,0.13421533,0.68221766,0.44107872,0.4781208,0.041029174,3.174172,1.0181807,2.3298507,1.8424447,0.67338794,0.8286668,0.046801187,0.010325337,0.005900321,0.8625228,0.9563663,1.5579675,1.8126752,0.043838266,0.98835814,0.4916874,0.33033222,1.6247402,0.28467566,3.7923727,1.275769,0.42494485,2.2257197,0.32496977,0.015845839,0.14722985,0.0787973,1.1851842,0.2011056,0.43439415,0.665412,1.1680137,0.24409878,0.75475675,1.0646356,0.41092807,0.079325385,0.798289,0.18607426,1.3033941,0.77900517,0.66825384,0.57034504,0.04252788,0.12907064,0.06945072,0.60625535,0.44502008,2.121775,0.087474644,0.6883358,0.13586687,0.3900401,0.22102346,0.5546938,0.08845601,0.6163935,1.045112,1.988163,0.4765446,2.609328,1.3972031,0.30406314,0.22053383,0.86490965,0.44012457,0.19077775,2.1723726,1.3250601,1.1289729,0.47931117,0.10650196,0.58424634,0.6827791,0.088771835,0.19311075,0.6779046,0.52322227,0.63025814,2.1135104,4.0464325,0.1657224,0.95751816,1.4694321,0.29862073,2.0283573,1.339528,0.309874,0.16232488,1.0399288,0.70561767,0.5643489,0.7898158,3.187018,0.85610104,0.18779838,0.5931331,2.3601725,0.44555935,0.5891797,1.2491456,0.876799,0.52238363,0.41305333,0.096797094,1.184431,0.7017475,0.8763761,0.04599757,0.5913804,1.8154018,0.6912555,0.61741024,0.9678346,1.443929,1.2377728,0.91038847,1.1483648,0.47050056,0.78733647,0.76376146,0.121307865,0.0,0.88391685,1.7477846,0.74570525,0.9633594,0.6344939,0.7613853,0.25331938,0.07527568,0.020594813,1.3635777,0.92858225,0.7486534,0.84106874,0.6241074,1.0449957,0.5926376,0.3306703,0.3600615,0.22656079,0.7348666,0.2521758,1.582971,all_pothole_images\pothole_images_enhanced_296fd4635b71efe9320bf8e6ac8259d6.jpg
0.27601138,1.470719,0.30297577,2.693819,2.0007458,0.13727513,0.8297586,0.02152328,0.4440288,0.7544392,2.1379664,0.67869574,1.6438981,3.569616,0.48966452,1.5476339,0.15874915,2.579273,0.8284214,1.1292465,0.48161602,0.1894268,0.46130112,0.33164153,1.1500905,0.5832457,0.26736352,1.5261551,1.3306912,0.46746206,0.5352653,1.5289367,0.5122209,0.51387185,0.054655716,1.0258734,0.23939346,1.1413665,0.48224849,0.5337449,0.05417131,0.08894517,0.58521914,1.5666457,0.50793797,0.36787787,0.7867284,0.12306227,1.351584,0.15142946,0.61582804,0.34096482,0.5339798,0.76462156,0.3132612,2.3073714,1.477796,0.5649366,1.8747144,0.5917133,1.5105802,0.6890657,1.7418271,0.72838134,0.59453267,0.7716332,1.1337168,2.8216944,0.06542555,2.7013113,0.78926045,0.014381982,0.59358066,1.0806313,0.14092112,0.80878997,0.8574703,0.4908821,0.039145578,0.61024064,0.098535225,0.023910046,0.31535187,1.8323303,0.13174562,1.1780747,1.0174152,0.00015259553,2.696376,0.41419983,0.121448174,0.7783376,0.18547106,1.5293726,0.36512354,0.5790012,0.7388446,1.3960396,0.9230915,1.4077917,1.0334086,1.5901794,1.4365674,0.6649425,1.771821,0.059724733,1.4100847,0.4049965,0.86293477,1.0981487,2.2515466,1.6281581,0.054556932,0.62516797,1.0632126,1.2531354,0.6606215,1.4156191,1.345419,1.219543,1.5793499,0.2928761,0.44944623,1.2626073,1.8749046,1.989192,0.4629701,0.51881975,0.90051377,0.5245609,0.97311056,0.2182723,1.0905935,0.5697877,0.2828226,0.8558842,1.175725,0.7037163,0.28879672,0.2936127,1.4407654,0.467242,0.93306214,0.49139473,0.5687017,1.2054937,0.0067507136,1.1250498,0.21657391,0.9062042,2.1971014,1.770013,1.6904203,0.84734815,0.3661073,0.6273152,0.44679672,1.8063589,0.648224,0.33025044,1.7624255,2.216765,0.024753379,1.5987823,0.478904,0.36202276,0.5929958,1.7859777,0.8147408,1.6006167,1.2774063,0.46798262,0.4004137,2.0303125,0.89927703,0.40262324,0.62137616,0.7020005,0.45587298,0.25032914,0.35134435,2.388386,3.0206604,1.1462076,0.5761905,0.6329495,0.19269882,0.23361601,1.3919482,2.398579,0.89264816,0.12443008,0.19117966,1.0400033,0.06946891,0.0771303,2.6095493,0.32796595,0.27770543,0.11984105,0.98140603,2.1401162,1.3179975,0.24335933,1.0251464,0.13374825,0.99243814,1.6968554,0.9218077,0.9414027,0.28766853,0.22519289,1.1023891,0.14182405,3.6704087,2.306951,1.7038851,2.521418,1.9594549,0.37444368,1.4410692,0.470377,0.47285464,0.271846,0.24328335,0.61779886,0.8806082,3.6731553,0.6823879,0.6640186,0.29447037,0.79237473,1.1842715,0.30432296,0.24767314,0.082189605,1.4462483,1.1056613,0.059452407,0.76495105,1.4840897,0.029951982,0.719191,0.40918794,0.13812517,0.103639014,0.6098771,0.20048904,1.9333067,5.2913237,2.5808382,0.41079843,0.33229235,0.033018675,0.5848721,1.5007571,1.0540357,0.8740569,0.49250755,2.2567275,1.0366415,0.72348,0.7392172,0.834768,0.2692518,1.3851768,2.1916504,0.29764175,1.1910163,0.023252957,0.12484256,0.6269309,1.5056415,0.34074527,2.6879113,1.5132885,0.026775766,0.5732412,1.5116647,1.7720047,2.397387,0.5322549,0.9382652,1.4340497,1.3570826,0.4528509,0.44745654,0.586938,1.7292162,1.7191842,0.7155122,0.7197732,1.6834022,0.7012983,1.8059341,0.7171278,0.3918843,1.0513324,0.19724312,1.1236329,0.86756474,0.5780749,1.5215653,0.835748,3.9192204,0.34804025,0.35034057,0.594818,0.37519446,1.130506,3.3168316,2.245262,3.3562086,0.9132469,2.0612252,1.5851742,1.3853486,1.7060604,4.606753,0.1740598,0.41696474,1.186129,0.95097643,0.793545,1.1996136,0.46527052,1.2807983,0.053170223,0.17487504,0.2932203,1.2318598,0.49403554,1.9754165,1.7733216,0.42979354,0.19857569,2.2618709,1.2487113,1.0113122,0.69217867,0.24005464,0.50749075,0.39522824,1.1264734,0.37479416,0.027886003,0.6248333,0.44271204,0.17028116,1.2303638,2.8226392,0.6788833,1.815843,0.32615232,0.089892514,0.5419493,0.21355203,2.032357,0.4778883,1.497808,0.7972117,1.2799894,1.0628211,0.42645442,0.015443959,0.16636965,2.1071148,0.5846883,2.2358503,1.021083,1.7585963,0.6530242,1.1341145,2.070297,0.7432936,1.335633,0.1407608,0.9215331,0.43002638,0.5762647,1.3603991,0.12884903,0.6812992,0.22058178,2.0173311,0.946698,2.1130857,0.15838194,0.6855754,1.7108518,0.19906297,0.71365404,1.0825337,0.09894639,0.19574398,0.6603037,0.6827665,0.60600257,1.4957105,0.56529874,0.40369236,0.9045055,2.1245177,1.1110102,1.1693242,0.41918677,0.27757892,1.2173822,0.059953216,0.38591117,2.838186,1.5288541,0.54219216,0.28139278,0.9234268,1.1450664,0.9494368,0.49077556,0.4322177,0.0013959353,0.42241064,1.159232,0.45765573,2.446321,1.9567593,0.5311058,1.1356971,0.0077915727,0.6265057,0.663636,0.5296702,0.79643947,0.91795784,0.5120225,0.079342514,2.2854013,0.37183347,0.43140197,0.19166534,0.29561082,1.5977191,1.7041028,0.07481299,0.66597825,0.103094175,0.699723,0.8573073,2.0580041,0.2068532,0.25115547,2.3367603,1.0733857,0.46511504,0.58209366,1.1059201,1.9004481,1.2946857,0.28100064,0.3412819,2.02517,1.9710252,0.0014755379,1.7721825,0.35255298,1.6569571,0.489255,0.5551757,0.027021047,2.8469207,2.0764854,0.61999476,0.72950435,0.2955584,0.71870095,0.39717782,2.1531034,0.42495352,1.0375309,1.0488973,0.23504432,0.8857659,1.1910353,0.5716597,1.7617337,0.021649944,1.4347463,1.6108288,0.9876681,1.4305863,1.4012552,0.6249672,1.3004625,0.2995849,1.1661252,1.2043357,1.5200495,0.10337709,0.090098895,1.3508906,0.15225372,0.7702353,3.9549227,0.032787982,0.80683655,1.62036,0.06711886,0.775866,0.7095154,0.2540947,0.5683975,0.14390871,1.1697716,all_pothole_images\pothole_images_enhanced_2991c3291c184ff3e123cfea1dd5ea75.jpg
0.9075975,1.5655737,0.9540755,2.2741191,1.1430672,0.14145085,0.15164873,0.0,0.70948106,0.3645007,0.15726228,0.5895264,0.024017878,0.8512276,0.4250116,1.408132,0.15498567,0.00016288269,0.05015601,0.038981047,0.16531724,1.4074229,1.0414072,1.0912313,0.4919482,0.49346632,0.04421416,1.9078217,0.09619811,0.9599223,1.9186733,0.054403644,0.6998241,0.54515934,0.5622342,0.19306138,0.9932516,0.262719,0.38652307,0.7348109,0.06639977,0.5693039,0.536946,0.7083958,0.8152103,0.037987653,0.23530994,0.4314247,0.14820032,0.17620328,0.43888718,0.8278464,0.23926164,0.12230259,0.0039349357,0.5272215,1.1112689,0.07289684,0.09059421,0.112416044,0.0,0.32527724,0.3924699,0.43295634,0.6042597,0.32211548,0.4389477,0.02337711,0.07537155,0.015436286,0.2612886,0.03168659,0.28514907,0.34134188,0.0104994755,1.5252223,0.3130496,0.35675246,0.00064237387,0.622942,0.55985665,0.4446347,0.0818232,1.7065498,0.32495162,0.75804025,0.1206825,0.23127966,3.7996402,0.46499914,0.09237364,0.00052740995,0.033624053,0.094359115,0.3463853,0.114917465,0.2592561,0.9220903,0.04826823,0.43296906,0.41825104,0.90741074,0.586562,0.7633447,1.1346481,0.0,0.056114092,0.18899868,0.30377948,1.6243881,0.016160259,2.3194559,0.70908964,0.7900163,0.4928991,0.9555894,1.8188585,0.034782894,1.1389792,0.7366856,1.1451745,0.5563352,0.16961288,0.52170086,0.8468947,1.0034338,0.6736014,0.59138656,0.38423857,0.35088813,0.2574575,0.00689333,0.12851983,0.0,0.30570194,0.2791327,0.028175911,0.31922683,0.015286879,0.0,0.16270997,0.6328134,0.1268425,1.4561275,0.32319582,0.6967778,0.16583696,1.3010862,0.14922997,0.47308612,1.1872529,0.39140365,0.5502023,0.41454485,0.9096563,0.4825168,0.30515948,0.101066016,0.9281845,0.5142257,1.0326945,0.44629294,0.045586877,0.5324746,0.36209962,0.53520966,1.2589868,0.0,1.3525906,0.6694711,0.0,0.45808083,0.25637186,0.017049352,0.7177177,0.35266647,0.89055645,0.00027875908,0.014042545,0.086940706,0.03593898,1.4641217,0.51271665,1.3814881,1.0904882,0.16773897,0.15935063,0.24041913,0.71323735,0.4842238,0.3980849,0.4802917,0.28130776,1.8019252,0.8879584,0.15164289,0.15433724,1.7922893,0.7162207,0.43110698,0.7919974,0.16803311,0.0,0.09921173,0.12324874,0.25584197,0.7979647,0.042061113,1.9498645,0.13320678,0.36166102,0.2946662,0.53304213,1.2349433,0.8395837,1.9057298,0.34288788,0.0,1.595043,0.059961293,2.3742514,0.0,0.18597892,1.4156748,0.38037094,0.31478158,1.3581312,1.0153905,0.9407968,0.43269035,0.28625762,0.3856798,0.37367457,0.114439346,0.36965573,0.0920827,1.7981819,0.0,0.8707481,0.18746659,0.5586034,0.023386942,0.4737091,0.49187598,0.1152074,0.029500958,0.57603693,0.0360744,0.6067873,3.335431,0.6236989,0.1576471,0.12143462,0.038717397,0.3641662,0.0,1.2931826,0.06853541,0.544691,2.7856984,0.5679995,0.5298758,0.90592206,0.005777512,0.4644849,2.044246,0.4134313,0.15598382,3.7859297,0.13188052,0.6273769,0.0,0.10354711,0.43820736,0.13440481,1.6190231,0.012163067,0.706714,0.9534806,0.65186566,0.16707718,0.24216914,0.7945063,0.6727581,0.29881462,0.7259009,0.46980628,0.95932555,0.40270317,0.012069195,0.117428936,0.63970894,0.34063646,1.1927207,0.109246895,0.34862912,1.1919879,0.3227119,0.028602824,0.7924655,0.12709467,0.28965858,0.05003237,1.4085326,3.8200555,0.20008904,0.22578052,0.534398,0.3555873,0.17161587,0.33774188,1.1503184,5.980024,1.6386628,0.23838286,1.4665143,0.017077776,1.2000431,0.8776678,0.17708409,0.8737625,0.46823302,0.31748453,0.39514682,0.21718508,0.12983266,0.9550625,0.7491934,0.94333357,0.3892091,4.499502,0.1374753,0.0,0.08864295,0.08246453,0.1488884,1.4692034,0.36976278,0.7187186,0.03821894,0.6299911,0.7240907,2.139302,0.059733294,0.41726246,0.1506972,0.23284031,0.040373296,0.26187292,0.23506618,0.036715075,0.89554876,0.36872628,0.35608917,0.12947734,0.020321334,0.38866678,0.053172644,0.27210572,1.1559978,0.29890874,0.35140392,1.1680741,0.35349584,0.08175974,0.62519276,0.6134033,0.06600449,0.5500456,0.4476029,0.20624323,0.45103195,0.14749266,0.058029793,0.7459343,0.18342939,0.46134302,1.0806416,0.12045404,0.30851156,0.38303584,0.08366216,1.3989135,1.2246836,2.7230127,0.9105805,2.0024605,0.08042017,0.058420327,1.5703148,0.55269045,1.9292666,0.1153848,0.016631102,0.0058391937,0.76400286,0.92825377,0.22829966,0.0007953423,0.02754947,0.9243177,0.7169475,1.0470384,1.4156516,1.1518705,0.44258133,0.46600115,0.1745484,0.057579048,0.0793137,0.7313184,0.21336786,0.7280548,0.26353845,0.015908001,0.254626,0.4582275,0.6365949,0.6958405,0.11283024,1.2655237,0.12954266,0.8603673,1.9418979,0.76228875,0.4397906,0.7810984,0.6535559,0.469014,0.7843812,0.55916905,0.25437278,0.3313669,0.31026885,0.08747811,3.861231,0.6185515,0.21045075,0.27456352,1.0871758,0.69257534,0.19117126,0.15695152,0.17948087,0.11805937,0.014541693,2.3579087,1.3395507,0.1847749,0.39977837,3.0203066,0.34444085,1.841032,0.46834996,0.52528495,0.6055313,2.7473333,0.5286321,0.15115002,1.3031102,0.80622023,0.11158231,0.34514403,0.013054923,0.71717054,0.4068618,0.104411475,0.08667134,0.4344305,1.3753841,1.2261983,0.015341565,0.07096314,0.6893312,0.2794802,0.08567763,0.34925416,1.1627722,0.24917659,0.92025685,0.763753,2.0328646,1.8175634,0.80841875,0.020296678,0.69892615,1.2954651,0.5892909,0.8147628,0.23958431,0.13025068,2.4546256,0.067667015,0.0,0.0059859883,0.0049675684,0.2650201,0.15524523,0.0,0.13386343,0.0060727205,5.3935523,0.53690416,0.57628334,0.31392184,0.92590857,0.024042618,0.51177,0.4934321,1.173168,0.14158283,0.23311135,all_pothole_images\pothole_images_enhanced_29bc752a6c241943a0c6c837f437549c.jpg
0.72583425,1.4925282,1.2638338,0.9169503,1.5538636,0.15746212,1.4103991,0.25492686,1.9777845,0.58043647,0.1686806,0.52282643,0.6046695,1.9973131,0.1644681,0.79239327,0.4527645,0.11377255,0.08823527,1.5254211,0.41712776,0.737884,1.6919576,1.669141,0.6189263,0.28536543,0.21919729,2.0863607,0.116424896,0.13864851,0.5622299,0.1170787,1.4089352,0.51061624,0.5084166,0.39782175,0.56183976,1.5497016,0.10426923,0.04323995,0.9894297,0.45184636,0.40717646,1.5643297,0.60783976,0.49566656,0.25397903,0.613285,0.39658245,0.9676941,2.180185,0.14521472,1.627538,0.3917492,0.5422529,0.96701056,0.60852265,0.005950266,1.1223012,0.29473755,0.53188527,0.047822244,1.4074168,1.4387416,0.7447005,0.20541751,0.8635869,0.58160293,0.023871446,0.38534245,0.095087506,1.0436211,0.22989142,0.05371156,0.46278498,0.115114845,0.71174425,2.1332183,0.37123445,0.36964417,0.2077019,1.5561626,0.5354136,1.8048712,1.34012,1.2683284,1.1697401,0.25840026,1.1941968,0.506449,0.19716977,0.4916614,0.73387957,0.7835636,0.5428374,1.3510027,0.5343358,0.72409695,1.296325,1.1530141,0.23069152,0.73508734,0.862442,0.6611346,0.52357846,0.15287475,0.5753775,0.5994219,0.12141531,0.57323784,0.6013424,0.41689536,0.26337868,0.398718,0.73692435,1.3667704,1.7838877,0.41970557,0.54160243,0.59398556,0.5435393,0.62378645,2.3028045,0.5231786,0.39014602,0.6045058,0.60984206,1.4539418,1.8104569,1.7103208,2.5194802,0.67463946,1.3636924,0.6610331,0.03597722,1.994698,0.13458763,1.0933064,1.2207898,0.7385517,1.139535,0.9334441,0.26659316,3.0043082,0.57712847,0.990223,0.20017567,0.87486076,0.81196696,0.7364166,1.3687758,1.5285482,0.33561832,0.16450077,0.52558273,1.0626042,1.4584712,0.14867724,1.3466316,0.15879513,0.7938218,0.34823912,0.12147577,1.4259456,0.78424025,1.3648549,1.1114028,3.1956973,0.75938195,0.78038,0.62341905,0.08132077,0.34409142,1.7476392,0.559903,0.8304442,1.6472595,1.3803804,0.11700754,0.617132,0.27934453,1.143303,0.7429166,1.5444779,0.6427344,0.45690426,0.6767889,1.6007949,0.41047192,0.2937601,1.3097103,0.20713401,1.230454,1.1732521,0.6213222,0.44792315,2.039925,0.3139327,0.96264976,0.51840657,0.79004085,0.3625663,1.2666049,0.6019816,1.0094713,1.4838836,1.7167368,0.35896626,0.36235753,0.51060534,0.3190065,0.48095495,1.1118108,0.61554587,0.9295237,0.48856992,0.86544955,0.15782395,1.7833986,0.40366265,3.0167053,0.23295183,0.95599073,0.39877713,0.13527742,0.42184058,1.4156271,0.8545242,1.1482276,0.26690513,0.2225803,1.0580627,1.1377211,0.31998548,1.022894,0.5600021,1.5002223,1.1656567,0.35909134,0.712834,0.72202885,0.8120408,0.2654578,0.43567035,0.9265789,0.005216981,1.1133134,0.2236933,1.4253455,1.8764136,1.2798493,0.4270947,0.21544592,1.6049893,0.048056193,0.7123493,0.25513408,0.20069213,0.46137574,2.3030262,1.4274564,3.2489228,1.1501073,0.51683456,0.055538323,0.23524523,0.80817443,0.12426041,2.687172,2.0528636,0.38480002,0.9732814,0.18723266,0.0034464756,0.18038358,0.58439034,0.5778165,1.3314514,3.3938835,0.3835535,0.29232267,0.7832302,0.1431866,0.78660816,1.4207144,1.5948284,0.5180198,2.0123005,2.2993429,0.461851,0.8793707,0.7769611,0.54310006,0.8777836,0.2743811,0.44263038,0.8153819,0.4807666,0.35868865,0.8344368,0.4164462,0.54592997,0.26870152,0.20600519,4.7167954,0.21418394,1.2778478,0.25828925,1.0806121,0.8231939,0.5983181,0.8127516,2.2450337,1.5237651,0.2856897,0.24223031,0.03936343,0.27131996,1.7563905,0.49329546,0.66788465,0.18783729,0.6276953,0.95159566,0.9428081,0.54314655,1.3931636,1.8413175,1.0395924,1.5621772,1.4158429,0.27561733,0.3373291,0.54086894,0.78488207,0.8103417,2.521294,1.0075874,0.23263125,0.0003872775,0.8162501,1.2372264,0.61814076,0.33149108,0.29002437,0.32905227,1.0784612,0.88062495,0.58196014,0.91448224,0.3573796,1.0147868,1.0072044,0.19497243,0.66221654,0.13337979,1.6029437,1.9965873,0.3548939,0.93414676,0.6200307,0.7122753,0.8356707,1.1138053,0.102145985,1.2236149,1.0296012,2.2702365,0.76336503,0.8476335,0.18706024,0.39858225,0.6761626,1.1002078,0.86745715,0.63661855,0.29904392,0.77979285,0.5768979,2.6398575,1.4325708,0.6693614,1.4545504,0.77164894,2.0476317,1.3244401,4.2658463,0.16046768,0.64800096,0.94800895,0.50561,0.27137288,0.5199568,0.89563537,0.32850116,0.8403665,1.6341829,0.5532432,0.6359686,0.4339226,2.4471076,0.079986475,0.6145279,1.6994019,0.82885194,0.21149473,2.2327373,0.19764811,1.2337017,0.8660668,0.7425874,1.0680478,0.036335412,1.2768337,0.3522901,0.019933717,0.57172465,3.0227714,0.35207787,0.8864912,0.4501872,0.76838464,0.44615778,1.3574245,0.25644144,1.537466,0.5718743,4.4195795,0.32467812,0.7651751,0.6037605,0.40081832,0.26339376,0.07189152,0.0,0.5152457,0.9814139,1.2417359,0.077581845,1.7130799,1.7518444,0.42610073,0.4148314,0.5002392,0.57528883,0.64459944,2.62982,0.40413478,0.6768682,1.246116,1.354192,1.0190946,0.9042437,0.6257805,1.3396914,0.31170112,0.7343529,0.94889206,0.6371786,0.21463117,1.245363,1.1014436,1.0427161,0.077897385,0.45837003,0.45276096,0.3233885,0.22887214,0.58256847,1.2232006,1.3601004,0.8287651,0.75685066,1.4111462,0.59223974,0.4295212,0.45891905,1.495003,1.2135516,0.6212169,0.2546405,0.81774104,2.7716053,0.63437945,0.62250423,0.69844866,0.24930227,0.4918339,0.6613768,0.78216505,0.086068854,0.36998114,0.25104198,0.28268775,0.7086243,0.009220831,0.14873755,0.32036778,0.087290935,0.37896997,1.5124452,3.6959589,0.009089892,2.6635787,0.20845549,0.7184255,1.0364149,0.22500871,0.8689489,1.6234876,0.277322,0.061010875,all_pothole_images\pothole_images_enhanced_29c42eb22018d51fc6f2157c4eaa53fb.jpg
0.19143899,1.2244016,0.64979637,1.2606399,0.087443426,0.41473904,0.14633206,0.022297937,0.16005483,0.051781546,0.0,0.019932961,0.17660125,0.0974778,0.074832626,0.14674698,0.118033424,0.38116243,0.2059763,0.0,0.0,2.0760515,0.12688535,0.10108854,0.71556306,0.67428184,1.0985062,1.5685228,0.016068367,0.1444418,1.1471682,0.2647681,0.28912517,0.13849083,0.017765118,1.0528277,0.182019,0.7220546,0.11893293,0.08053317,0.23079766,0.04380323,0.01846221,1.555362,0.37698558,0.197417,0.10889098,0.01925799,0.07751485,1.1821153,0.109059684,0.72073066,0.23340388,0.37261957,0.0,1.0243275,0.3848233,0.18054514,0.23316745,0.1016065,0.0,0.06787675,0.5956764,0.32342884,0.23607787,1.5016068,0.06549911,0.041875254,0.020917496,0.13296531,0.018101212,0.524532,0.038223065,0.2972663,0.08129024,0.45423537,0.0,0.54989916,0.027759634,0.050255433,0.14566895,0.0,0.3192564,1.1396631,0.48573253,0.54167575,0.043570712,0.073903546,1.8340709,0.3867554,0.1454713,0.00498396,0.19674532,0.008814212,0.000921387,0.0543281,0.7348819,0.39757097,0.6699712,0.057210524,0.10936925,1.8405658,0.4879021,0.0,0.024108788,0.110802606,0.09750259,0.3386332,0.4391566,0.23300037,0.050343547,0.96911025,0.11530739,0.15378831,0.5260679,0.76130486,2.2054825,0.38563743,0.71561027,0.8681422,1.9152056,0.17744288,0.16150953,0.08299629,0.17607607,0.9687933,0.011723749,0.48837432,0.9506293,0.006170742,0.07177458,0.07077872,0.38862586,0.0005215829,0.03623373,0.381911,0.038663983,0.2766538,0.5385046,0.09951572,0.37167564,0.0,0.29234722,0.5842883,0.0439018,0.9532382,0.010875666,0.06892072,0.32191682,0.013764171,0.5072324,0.022473088,0.021882243,0.0,0.64627624,0.1144551,0.22301254,0.18462022,0.84495443,0.6118842,0.7130911,0.6415365,0.06764011,2.8992066,0.00082705007,0.07754677,1.3140732,0.46144307,1.0460364,0.49945533,0.0,0.05476556,0.003676186,0.018858192,0.2510829,0.0,0.079656385,0.17409404,0.3899418,0.07868961,0.026678888,2.0598338,2.87895,1.1062384,1.4920213,0.23288384,0.02492565,0.105155595,0.42148423,0.34466076,0.06396438,0.067050055,0.0026245506,1.2909477,0.0058976887,0.029102573,0.16563287,0.28493643,0.03705421,0.45386186,0.12275382,0.06687319,0.15279378,1.469512,1.8331956,0.3708219,0.3496317,0.60597265,1.2038245,0.6122894,0.0,0.12154507,0.44420597,0.23836976,0.8966419,0.82319593,0.01163372,0.037414804,0.19703783,0.24136235,0.05272376,1.6477362,0.14955176,0.3517076,0.054833207,0.35293624,1.7932644,0.016525328,1.1555051,0.55375165,0.2692791,0.0079222275,0.13641351,0.08335512,0.08871871,0.08412528,1.7344009,0.0055962885,0.2759427,0.18501335,0.16858396,0.5438925,0.09185085,0.0,0.37588874,0.0019225565,1.4514828,0.3437615,0.19847873,3.4799643,1.044399,0.13347629,0.20961635,0.6135006,0.0,0.67737865,0.7611766,0.15325946,0.16551663,0.9639466,0.104821615,0.16969389,0.49658242,0.49930853,0.38541076,0.2836567,0.14419374,0.15564959,0.6608336,0.060129855,0.025616448,0.0019368427,0.013883358,0.46048513,0.94331515,0.7298345,0.010060312,1.021821,0.23716977,0.5904094,1.0289122,0.01687552,0.45782158,0.0,0.21933898,0.28823635,0.5300502,0.1207869,1.8017436,0.050554566,0.2414039,0.04987413,0.0857257,0.48190072,0.024363525,0.0063443747,0.17724769,1.6899503,0.14933029,0.6734449,0.5302869,0.6736605,0.025766604,0.4248242,6.766919,0.42213985,0.0,0.528308,0.00052025006,0.6049116,0.36106154,0.5361197,3.2590802,3.2646093,0.11671494,0.34449944,0.013171021,0.7464935,1.5608615,0.20757791,0.16144945,0.0,0.08373357,0.240962,0.050787885,0.04668654,0.8979668,0.018889045,0.011015701,0.14880705,4.1043057,0.013323871,0.04872278,0.11713191,0.15524556,0.077452786,0.3327839,0.0,0.040271107,0.06503315,0.13676046,1.1335276,0.92035204,0.039099988,0.24906999,0.26118112,0.056805935,0.020523652,0.19455987,0.48689932,0.6412721,0.59130275,0.40640843,0.048215836,0.05446652,0.07459835,0.10150318,0.982474,0.12516755,0.4538764,0.0,0.13370763,0.100522056,0.0150242485,0.057684407,0.0064825513,0.12835947,0.28267518,0.0029330454,0.33173707,0.21021095,0.0,0.42916209,0.00897513,0.5030277,0.34205392,0.010365912,0.0,0.3907481,0.07923409,0.2230567,0.24710885,0.009206835,0.0871416,3.665979,1.4976268,0.97773385,0.0,0.10550234,0.27197957,1.5732061,0.36132547,0.4959249,0.56619895,0.2656405,0.101653814,0.3204562,0.36384398,0.0,0.24354607,3.1348236,0.7624103,0.18804431,0.020063307,0.59102225,0.15766819,0.23201418,0.6467186,0.21745647,0.536061,0.6603256,0.32974243,0.014235871,0.15018015,0.13469295,0.15566726,0.05810929,0.97837985,0.26951572,0.0025362878,1.6012365,0.07484957,1.2984914,1.6187588,2.6424081,0.20670903,0.99122304,0.8305126,0.28308427,0.31925136,1.058982,0.04618338,0.18661278,0.033955753,0.1662264,2.9850173,0.7258237,0.16095053,0.10686936,0.47493497,0.13174768,0.14168403,0.043564707,0.6204109,0.06435717,0.0031046385,0.71786326,0.56795347,0.02779512,0.3530365,1.338647,0.27365455,0.65438694,1.1154286,0.5190449,0.39133772,0.30932197,0.3330442,0.34832928,0.5162583,2.0693822,0.035771918,0.84165704,0.005070391,0.14738522,0.23396714,0.007382918,0.013496968,0.44327018,0.59541637,1.04137,0.27727705,0.57897323,0.27722117,0.29477364,0.0,0.29302686,0.6150437,0.33706042,0.3035559,0.06548346,2.6008346,0.5725578,0.29725787,0.015485998,0.035911478,0.0024778096,0.1632929,3.4469717,0.3061272,0.075525366,1.2323893,0.018867945,0.6058068,0.014881937,0.00014338481,0.22598381,0.0017646945,0.032607023,0.2867195,0.04820005,3.0332267,0.36771455,0.32831514,0.6077159,1.41217,0.09642434,0.04341291,0.21502456,0.3309398,0.17933817,0.440387,all_pothole_images\pothole_images_enhanced_29da94486df43679d4d5c3128669076d.jpg
1.1051627,1.3535471,0.8867355,1.672347,0.92349654,0.6699832,0.57876754,0.029705234,0.4041064,1.2047918,0.71167636,0.42331582,0.13615589,0.42612016,0.82826144,0.33226323,0.030245598,0.3598295,0.7535885,0.1200106,1.0188326,2.4206443,0.88819,0.569411,0.5701193,0.2567476,0.25442797,3.1375735,0.033988345,0.27030143,0.59424865,0.10599652,0.18338184,0.7133863,0.4192083,0.9309448,0.58396095,0.5677711,0.1669932,0.49250898,0.12223551,0.022420561,0.4989172,0.4772848,0.62628156,0.1485795,1.0021611,0.15686013,0.109061755,0.21969637,0.26203272,0.38879076,0.021238258,0.0679621,0.07464704,1.2704902,1.4662552,0.093061686,0.17957263,0.10277684,0.0914011,0.12161212,1.6989814,0.38479975,0.30638337,1.4493418,0.15965061,0.42814726,0.6316504,0.51956,0.1530527,0.011841953,0.18725605,0.39804816,0.031115208,0.93506175,0.02412433,0.7703652,0.0,0.29855227,0.4933308,0.41075197,0.13234545,1.6382152,0.59863406,0.63637376,0.37119186,0.41537902,1.3496534,1.1849337,0.28492352,0.07860589,0.33051205,0.26988196,0.009264725,0.11406114,0.36904532,1.4920875,1.1981623,0.9917178,1.3200446,1.7315305,0.29060894,0.6334757,0.16307537,0.14661762,0.13688661,0.23677222,0.9565827,1.0276129,0.7841563,1.0266341,0.50135636,0.030438462,1.1738068,0.25026307,1.0673077,0.39595538,0.7402703,1.2374895,2.8580067,0.2537829,0.46336025,0.98120844,0.9140709,0.8310332,0.3563094,1.0328921,0.46552804,0.61318994,0.24151984,0.0,1.054904,0.21017522,0.33483163,0.25061262,0.51597416,0.8483594,0.08843444,0.043024093,0.453881,0.39307207,0.019409038,1.1834315,1.1044667,0.65183854,1.3017125,0.06510879,0.20671438,1.2059222,1.1167167,0.51104873,0.48513833,0.4954056,0.96964806,0.98121196,0.16864154,0.84557015,0.31527698,1.9363533,1.2566223,0.0,0.1594438,3.238269,0.21664926,0.08627298,1.4923065,0.44427457,2.518622,0.80820215,0.13534662,0.0,0.2390355,1.2359195,0.38489342,0.5231649,0.571178,0.025350638,0.80797565,0.25006524,0.098285675,2.2249742,0.4638153,0.57209635,2.2396681,1.3065349,0.103627205,0.2161638,0.3287668,0.42762163,0.59669495,0.33365187,0.28094527,1.3312969,0.12080833,0.27814686,0.49377072,0.8334539,0.21059152,1.1086936,0.15301971,0.14144191,0.24654633,0.23812118,1.54457,1.2555225,1.4085501,0.06819596,0.40717292,0.7154712,0.15567732,0.45128864,0.5312152,1.2703649,1.5826001,0.9827966,0.85072947,0.056008738,1.7397987,0.53527665,0.81331366,0.27292237,0.14944413,0.06170633,0.2697694,0.66822743,0.7090399,0.3577789,2.4241455,0.2930707,0.29612723,0.4044585,0.23999262,0.13116474,0.78160983,0.010673367,0.89044374,0.112749815,1.0288358,0.21956357,0.13100207,0.0054794867,0.46889588,0.1375208,0.007788969,0.13679211,0.00917726,0.23878297,1.076327,3.3165476,1.1527567,0.11448295,1.3739827,0.2805331,0.6175563,0.15810981,0.94147414,0.4943946,0.6897027,1.3123021,0.8358834,0.7982288,0.5401545,0.13806622,0.6944778,0.39543915,0.45274666,0.43831828,1.9182831,0.052379724,0.47199187,0.2691885,0.04394283,0.37700373,0.758383,0.6969796,0.58672166,0.51207536,1.7305706,0.7183395,0.60774434,0.18646953,0.39942044,0.21502602,0.5281438,0.4126145,1.275885,0.14047867,0.43268934,0.31196588,0.55935854,0.41755375,0.047159594,0.68648666,0.09901695,0.9327419,2.137687,1.2155128,0.00514011,1.9438741,0.79465634,0.62226844,0.21726479,0.98922294,2.9252748,0.23700748,0.36994788,0.20800962,0.41532826,0.032404505,0.60904217,1.4032389,3.1731746,2.4352987,0.5303545,0.43111765,0.39797756,1.2800411,2.1727982,0.06309975,0.3814905,0.021266557,0.34510738,0.74643844,0.37224415,0.83395475,0.9075071,1.0057443,0.9661034,0.2657984,2.3598535,0.46872666,0.47571608,0.42302558,0.06753808,0.13927805,0.06256866,0.91200536,1.663468,0.058960065,0.27064157,0.176734,2.1096535,0.0,0.17164779,0.28988492,0.38892987,0.01792804,0.37193343,0.5654738,0.29315653,0.5611164,0.33985165,1.1785593,0.20282461,0.0027862433,0.68664813,1.356418,0.57313836,1.1700523,0.39840636,0.22534417,0.74024284,0.40258121,0.120443225,0.5423139,0.44280142,0.22075945,0.24038436,0.6395403,0.9284537,0.041562945,0.87244743,0.23412496,0.74033463,0.0734985,0.0031285002,0.5425632,1.7160656,0.537611,0.40139574,0.10124313,0.7175092,0.8592715,2.2140684,2.2803822,1.5322555,0.20894505,0.5642508,1.9707384,1.1748736,1.0403788,0.41521573,0.36549097,0.49760118,0.25033632,0.6395427,0.33614945,0.09261778,1.0736415,2.065998,0.366229,0.44127184,0.3702665,0.9360929,0.0,0.8412628,0.92828894,0.5084468,0.051177192,1.2663891,0.09083093,0.29361114,0.046287525,0.5510381,0.8303366,1.17255,0.9262417,0.37200817,0.047577605,0.4521589,0.09562413,1.4279379,0.9436287,1.9882058,1.5874163,0.25997835,0.562111,1.1070431,0.74949986,0.78114206,0.239596,0.1479323,1.3043633,0.35251242,2.3532298,1.4035273,1.4802657,0.4607547,0.9025351,0.43334898,0.19462639,0.00070760335,1.2631892,0.43764478,0.16740482,1.0366907,0.31537214,0.16871002,1.6939669,0.79722506,0.14580153,1.368296,0.4659646,1.2450603,0.065840594,1.2004992,0.5892309,0.23712136,0.60437405,1.6999393,0.088645115,0.84596646,0.1037626,0.15400724,0.66711885,0.01795668,0.104424834,0.69769466,1.5112066,1.9377859,0.2736128,0.49190935,1.565172,0.5923132,0.07768289,0.031821467,0.7394504,0.8257213,0.21020332,0.76445884,2.501982,0.5752035,1.1625129,0.60394275,0.28460965,0.5789267,0.016098045,0.8926645,0.24928603,0.17821452,0.23536703,0.42213416,0.07155819,0.23814648,0.38749146,0.24852145,0.07859676,0.39797637,0.019180275,1.1271839,3.601086,1.3183712,0.5049971,1.2829009,1.3825846,0.08074628,0.3058174,0.16756578,1.3497459,0.46256942,0.32963765,all_pothole_images\pothole_images_enhanced_29dce949a5098ed083bfefe167cd9ba0.jpg
0.350597,0.399403,0.25183135,0.73098445,0.37984,0.023767188,0.21655928,0.52958316,0.0,0.5113638,0.5421095,0.22240232,0.57414377,0.5969592,0.0073334696,0.22539578,0.19875106,1.0633591,0.43069923,0.017842514,0.51663345,1.4988627,1.0078734,2.5040927,0.4938815,0.24001853,0.08708191,0.5877076,0.029129764,0.0049009877,0.54629743,0.06954841,0.32225323,0.7925874,0.6150992,0.7855724,0.3752482,0.8968375,0.055765346,0.33901805,0.0,0.0032944453,0.22524892,0.36786586,0.19805017,0.35229912,0.07644076,0.002521829,0.40662155,1.0784451,0.689338,0.98857254,0.12208679,0.0072693676,0.00953152,0.844464,1.5188011,0.28144464,0.7628657,0.0836019,0.22618021,0.048049565,0.124848716,0.10736997,0.96058863,1.0276052,0.1384759,0.03468031,0.77836126,0.26549563,0.021771034,0.22174165,0.28754148,0.0788305,0.081140496,0.1926421,0.011020773,0.42681095,0.034112968,0.024751348,0.024903018,0.024091564,0.7157245,1.1945328,0.40361765,0.31877926,0.19087133,0.38142103,0.7610411,0.9292285,0.1207743,0.2026437,0.15068436,0.30082506,0.034613226,0.20101586,1.5974134,0.49433544,0.38138163,0.069594964,0.3575576,1.6467603,0.16732065,0.0,0.3250641,0.6179268,0.16447,0.43623015,0.16437277,0.8499054,0.024007903,1.0218761,0.10823988,1.857738,0.08057307,0.7046817,2.4178724,0.25066742,1.8608166,1.1891619,1.3343378,1.0848739,0.21276475,0.762548,0.3671284,1.8395946,0.15434746,0.62408715,0.7356199,0.2649262,0.49481675,0.0007615955,0.13118003,0.3249027,0.07934802,0.9303587,0.486504,0.6327811,0.39580098,0.010499954,0.9733027,0.069588415,0.18533719,2.2572534,0.0,0.10929487,0.20645335,0.9444725,0.010596253,0.055243295,0.44117588,0.062441755,0.053405683,0.23990256,1.2111404,0.60819536,0.62734956,0.3530658,0.48281974,0.30853695,2.9567194,0.8544711,0.1212317,2.6409862,0.29803604,0.14476193,0.34382108,0.2553717,0.48043182,0.5799302,0.16110282,0.021220485,0.016366761,0.062073093,0.88381934,0.35408896,0.020662662,0.0,0.08875554,0.23143025,0.0,1.5141282,2.3490894,1.6780167,2.68583,0.71748996,0.2930565,0.3247933,1.3099688,0.14275353,0.41688207,0.011285222,0.0765184,1.531193,0.13245584,0.37770453,0.6514272,0.36186492,0.032058492,0.7035264,0.30064252,0.1427706,0.39388418,0.30157635,3.4141605,0.4017594,0.32263616,0.2501755,1.3077209,0.94645435,0.0,0.20038871,0.36957282,0.79486054,0.43429112,0.37119472,0.861066,0.31558466,0.3968351,0.0,0.19356868,0.9554574,0.8468811,0.21200864,0.0,0.21664976,0.47626385,0.31805992,0.5354607,0.0028167246,0.07698168,0.015409319,0.59398824,0.54093456,0.3630783,0.19152883,0.6200364,0.05014868,0.34008643,0.15700762,0.3729182,0.1608512,0.36038327,0.13194197,0.08391133,0.19620056,0.24352865,0.4626834,0.6628212,3.4298806,0.17586704,0.015709171,0.6536471,0.7233218,0.061188158,0.32786244,0.09574595,0.20865938,0.25581455,1.2733465,0.1030399,0.069125615,0.0074641886,0.36757144,0.10016533,0.07467941,0.23760161,0.5386828,0.4839323,0.62350935,0.22777094,0.24427891,0.076694176,1.7057338,0.62852967,0.38618156,0.56620175,0.30532974,0.41014066,0.78527397,1.2733049,0.09341893,0.63500124,0.0046901186,0.57748795,0.58673525,0.2719783,0.03441337,0.059813183,0.33543947,0.7275071,0.021463268,0.07253931,1.2626526,0.39201888,0.33771667,0.6102225,0.9036909,0.36504358,0.6887587,0.9191432,0.48924476,0.0,0.20439243,3.1932504,0.25196037,0.10192214,0.20270576,0.047541123,0.10359625,0.81613296,0.47888285,3.2012374,1.0301808,0.2025185,0.06814526,0.0,0.13693684,2.0346913,0.005860257,0.5499564,0.05386018,0.13696094,0.48461625,0.7406546,0.52533615,0.6296479,0.15617499,0.12133242,0.0073631136,2.513429,0.11685273,0.3736623,0.09894749,0.004394538,0.40136147,0.35440284,0.1672031,0.119337544,0.0017714219,0.15772754,0.24977182,1.9925545,0.194143,0.047491986,0.28528136,0.054398958,0.0051227272,0.26023638,0.58893,0.07325906,0.6693147,0.13711335,0.50721735,0.014036311,0.01623126,0.3653429,1.170857,0.5240219,1.2108277,0.2115347,0.07846511,1.5159298,0.09135329,0.040596407,0.0049350434,2.1753943,0.20344691,0.39093566,0.14810829,1.1919745,0.24052098,0.6505423,0.10400961,1.1403168,0.15311486,0.053710334,0.076980904,0.7996942,0.41686583,0.68002146,0.04305348,0.3056108,0.82835597,2.751821,0.19320707,0.4667827,0.04658858,0.034334894,0.90334535,0.28366345,1.5857854,0.0277106,0.0,0.6722281,0.07892338,0.7334291,0.04525883,0.8117714,0.16374178,4.358429,1.5697083,0.24367233,0.34410655,0.2564545,0.0,0.4553616,0.7158496,0.022130894,0.10774328,0.38776702,0.6346401,0.23380345,0.668703,0.051922597,0.36242333,0.14570598,0.07228799,0.028833726,0.07234042,0.3531255,0.41862947,0.6095765,1.3551371,1.1418035,0.3988981,0.16128778,0.77027285,0.23884736,0.46792632,0.46130985,0.6284879,0.7912288,0.7669666,0.45185968,3.5507762,0.20238638,0.36831734,0.28919008,0.8665554,0.4337035,0.13269743,0.17549287,1.3062111,0.082215495,0.17713071,0.18827994,0.15258425,0.08985584,0.7682165,0.848421,0.20816606,0.499208,0.30915326,0.46132433,0.91579854,0.42014852,0.13790742,0.3251045,0.8591945,1.6731402,0.45918065,2.032223,0.022141285,0.34763825,0.17213562,0.15864766,0.0609272,0.33225942,0.09712871,0.2615985,0.60055953,0.06561926,0.37488216,0.99708456,0.009134461,0.07803558,0.5885191,0.34666958,0.040328532,0.25914153,3.6605015,0.7117078,0.19983159,0.0016728736,0.7063655,0.17298973,0.013816441,1.4402844,0.005640777,1.0850405,0.631696,0.09234223,0.0,0.08783568,0.26795635,0.038132515,0.30985588,0.58140934,0.2665397,0.46704164,3.1180756,0.87562025,0.17302933,0.057528347,0.29703826,0.059969872,0.08635942,0.2699092,0.24024522,0.61877936,0.031489663,all_pothole_images\pothole_images_enhanced_29fd4299814db08ef6b3561a4dcb4ca9.jpg
0.012311074,0.29452685,0.008848764,2.0534244,0.53584784,0.2360742,0.4154278,0.12400914,0.0,0.35647175,0.21882331,0.054868765,0.18297431,1.4731202,0.0,0.10724863,0.8498891,1.3235222,2.2399082,0.08558237,1.271655,3.233009,0.085996516,0.28429037,0.84052557,0.86100143,1.0122833,1.6781232,0.019124866,0.12355213,0.732084,0.5726716,0.061876096,0.18691705,0.34277952,0.82243735,0.72074896,0.7586478,0.35350192,0.37955385,0.0,0.1559356,0.31945053,1.0271171,0.6965881,0.007357721,0.019338451,0.0,0.19695047,0.39910215,0.6876338,0.067465335,0.5327399,0.032366734,0.024060559,0.6234857,2.230756,0.23188642,0.872886,0.27893972,0.27674386,0.12141953,0.562157,0.051184498,1.0130047,1.7228023,0.6865334,0.21691361,1.1343063,0.6927012,0.58192503,0.21303134,0.18561007,0.015182807,1.0073584,0.003648059,0.05694398,0.25147772,0.40805238,0.24610141,0.011430662,0.0023594608,0.59768146,3.4144785,0.24294193,0.25464016,0.4569195,0.75779784,0.62593305,0.25275072,0.0011738045,0.18940851,0.30638504,0.5993039,0.015788913,0.015594701,0.33186838,0.06794819,0.06743621,0.4219456,0.7167853,1.6773353,0.69097745,0.0025357015,0.0021077744,0.15719527,0.37984282,0.18779682,0.009527087,0.042039607,0.060521994,0.19581053,0.050653487,0.032179665,0.22715355,0.03254439,0.7545479,0.03293174,0.9377488,0.0,1.4211769,0.56942135,0.45459023,0.2539532,0.9552832,1.6590573,0.32950115,0.11935209,1.3214992,0.725128,0.12340759,0.0,0.04212036,0.10340759,0.23029386,0.3208698,0.33760494,0.54289347,0.6443075,0.06401773,0.65691155,1.6276364,0.5371147,0.5424945,0.30859223,0.40950564,0.0,0.1434944,0.4370006,0.023488175,0.16562836,0.66008,0.16387795,0.011761914,1.0933288,0.20280711,0.09899208,0.36205244,0.081772834,0.16281025,1.1066414,1.2804143,0.21113932,1.9730582,0.44779587,0.0,2.467618,0.36138675,0.43904006,0.5143139,0.199368,0.11102592,0.026647795,0.002345802,0.1363319,0.13140945,0.17015977,0.07467957,1.075992,0.1414408,0.35415053,1.0724123,1.657313,0.14352708,1.4388281,0.44624284,0.040223025,0.27204978,0.07415278,0.79384893,0.0,0.43581593,0.03599076,0.49917734,0.17424762,0.38628507,0.03980089,0.051118266,0.28468782,1.3369746,1.1010817,0.039500352,0.54639536,0.90344375,1.2502013,0.015099538,0.04931431,0.2537145,0.7381654,0.9256263,0.0,0.061691284,1.1010088,0.5153275,0.54118395,0.14859304,0.73829806,0.08062239,0.02373868,0.75206375,0.17620303,0.92332166,0.12686628,0.32277834,0.003173424,0.0,0.5218604,0.007837915,0.7705121,0.19322065,0.06634103,0.051762696,0.26993066,0.13671145,0.45373517,0.015391577,1.2278785,0.006395456,0.058269046,0.34805068,0.009987478,0.5873189,0.2979049,0.46471038,0.8690478,0.0,0.689327,0.51033866,0.2890581,6.610419,2.074599,0.0,0.17312725,0.003980331,0.0,1.3518043,0.44725323,0.86803603,0.0,1.7913433,0.5196348,0.6475857,0.12554087,0.14675884,0.5519952,0.23389333,0.30261487,0.28801522,0.72752607,0.012471801,0.16226059,0.06345489,0.84225035,0.99892604,0.12299195,0.6187888,0.0539253,0.22320552,0.17978473,0.53796446,4.261639,0.04979337,0.5559503,0.017278666,0.66962874,0.32324114,0.081963,0.0262146,0.790314,0.27139032,0.0,0.010105691,0.073663376,0.1936642,0.707983,0.57753754,0.001627339,3.0554814,0.006310742,2.1603475,0.41320717,1.8404452,0.0,0.0,6.209739,0.47747657,0.20856142,0.40846455,0.0,0.24871133,1.1367053,0.30501303,2.3043406,0.08031178,0.3862437,0.22153232,0.3487455,0.7814538,1.8710374,0.14509158,0.0,0.03487253,0.24264102,1.1309925,1.212179,0.111867964,1.3604519,0.14677355,0.590891,0.032687213,2.899808,0.48509157,0.9908187,0.21388407,0.15771773,0.21136686,0.45831022,0.63642615,0.19123948,0.42602608,0.50284743,0.25530794,0.6984066,0.66556317,0.50082576,0.61925554,0.021744875,0.3534338,0.6865751,0.4412593,0.040202674,0.060383845,0.16867153,1.443068,0.13419846,0.030852005,0.35096717,1.7979345,0.23431619,0.27852738,0.026703868,0.5870028,0.5919328,0.26800084,0.0090601975,0.0,2.8979878,0.8814933,0.015524015,0.26405624,2.0469701,0.58324796,0.25856772,0.07452794,0.047367882,0.5003775,0.32328367,0.009414197,0.46058467,0.41467318,0.35593328,0.0073135365,0.10216701,0.33073962,3.7441738,1.4246461,0.65856457,0.035626084,0.34855932,1.0553805,0.4642776,0.21292822,0.05562921,0.8878287,0.078251995,0.10479827,0.82653785,0.0021897864,0.02481406,0.508655,3.3371177,0.2738426,0.014315639,0.5875103,0.11114003,0.023664515,0.20484704,1.264118,0.018591858,0.21439019,0.12113833,0.5148469,0.18683445,0.21200408,0.040269803,0.16363843,0.44166246,0.09183274,0.17435439,0.1522562,1.458257,0.06464741,0.672606,0.62612265,0.51750076,0.6676866,0.6973623,0.43472192,0.051253453,0.3965236,1.2482904,0.12001449,0.33365887,0.21796319,0.28833044,1.8212507,0.21957709,0.23282963,0.35966218,0.10659025,0.039657377,0.20818436,0.44394392,0.16157785,0.4415793,0.49416673,1.2573706,0.48066157,0.49046597,0.9689261,0.81843513,0.40329233,0.49476355,0.08816663,0.6581175,0.579185,0.0864934,0.70923346,0.5685182,0.5626539,1.7105672,0.060337942,0.81275606,0.0,0.5534301,0.0055576176,0.6813563,0.5987914,0.0542037,1.2002903,0.48906505,0.93173635,0.41119364,0.031633064,0.16023347,0.055923,0.09216202,0.6806148,0.17886636,0.021705098,0.01035171,1.5906379,0.40597713,0.21632381,0.13051726,0.3620438,0.09509414,0.015031469,0.9736457,0.030349934,1.3675752,1.0089823,0.39695948,0.109072685,0.023398982,0.11015333,0.41562083,0.37876236,0.71345454,0.971585,0.16293871,3.4790974,0.7255539,0.018925926,0.003222693,0.098981604,0.4067707,0.49124745,0.041774098,0.038292374,1.0919832,0.020432137,all_pothole_images\pothole_images_enhanced_2a23d57a09486eb8b6a146801aee3fd1.jpg
0.8140002,0.72158843,0.29847622,1.2790618,0.19286098,0.16103302,1.3121976,0.097465105,0.13439967,1.1278034,0.45902702,0.49427536,0.28950876,1.8664665,0.0040762215,0.14582406,0.12135002,1.3588954,1.317956,0.37326545,1.4115428,1.0468175,0.100217246,0.49550337,0.5989426,0.36996678,1.5001704,2.4626243,0.52309346,0.26954404,0.1868723,0.022609003,0.02998592,0.58386797,0.51350397,0.9927846,0.5533988,0.96668935,0.5000395,0.027879655,0.0,0.34141874,0.27839506,5.30538,0.726737,0.34716886,0.40806633,0.0,0.029736761,1.6273053,0.17280556,2.8935049,0.18136318,0.23889475,0.34122545,1.9460515,0.33355004,1.3111198,0.13743801,0.17984635,0.66840976,0.9657402,0.8394949,0.19215441,2.2194822,1.7251508,1.340551,0.036315624,0.61916906,0.0061083566,0.75914085,0.23985684,0.036582425,1.2979528,0.112730734,0.0,0.382209,0.53590465,0.14454713,0.0,0.6536292,0.15918559,0.37867945,0.436489,0.33005294,0.06153471,0.16482677,0.3073096,1.0473315,0.4388339,0.720854,0.30163172,0.011939491,0.15701556,0.16178158,0.25810382,0.69054085,3.034757,0.891005,0.21867345,0.7775427,0.22734497,0.15727292,0.20192866,0.74643356,0.9361103,0.30904666,0.5274488,0.502675,0.1284859,0.015858749,0.1448737,0.6307618,0.7484794,0.17564926,0.0,0.045151606,0.3235316,0.7444246,0.8804142,3.0896199,0.51699877,0.032598644,1.5302649,0.82215244,0.05737215,0.6179457,0.86203575,3.322349,1.0491213,1.28095,0.08687856,0.0,0.14228852,0.1406712,0.29074934,0.4225322,1.0416766,0.7269522,0.0,0.4702898,0.1388378,2.2278118,0.38593185,0.16797054,0.23939581,1.2317339,0.07657399,0.07332752,0.30972958,0.14273892,0.06824615,0.29031372,0.02006299,2.0425436,0.8389626,1.0158248,0.26730523,1.4129559,1.3780599,1.7517557,0.6420757,0.102330126,2.2472289,0.3294026,0.0826568,3.417647,0.13984509,1.2831895,1.7254146,0.00081994786,0.21312918,0.46081138,0.0787937,0.063268535,0.9009079,0.33422646,0.10101324,2.1162074,0.26878998,0.54792607,1.4606732,2.309447,0.45010763,0.95513964,1.1881121,0.9362516,0.79499674,0.41779357,0.1419555,0.16590925,0.98440075,1.3498547,1.2907019,0.5065722,0.027966645,0.9807729,0.71030474,0.21269938,0.17970812,0.3547954,0.4125119,1.171775,0.38001764,0.23064633,0.64677095,1.3230937,0.10459781,2.0523841,0.9288384,0.0,1.1638025,0.085162826,1.5310435,1.7809622,2.4999065,0.89804584,0.0071299556,0.0,0.6671736,0.34073466,0.27534193,0.8829769,0.016335526,0.086385764,0.049149044,0.2573235,0.049975116,1.4232367,1.7003967,1.1028569,0.014777085,0.115979806,0.50815386,0.033178613,0.06838231,1.1613736,0.6116153,0.029598033,0.83639735,0.0010785672,0.5856942,0.046586517,0.3274122,0.26186484,0.44889906,0.75584316,0.48075998,0.39203164,3.5890982,1.7633032,0.0,0.0012492577,1.3936508,0.9449483,2.227423,0.28118604,0.9476748,0.17359857,0.8839116,0.29379255,0.14697981,0.9141081,0.0044362415,0.63347214,0.83890927,0.025396213,1.0711495,0.8622206,0.28268653,0.10089773,0.28707466,0.6235979,0.05393731,0.1789824,0.25178373,0.6803539,0.021499835,0.59049004,0.072339974,2.8323572,0.13255322,0.49590167,0.06630028,0.19348292,1.0110201,2.2535527,0.18911396,1.4202626,1.0586739,0.15060012,0.42997438,0.44820887,0.22805604,0.1643138,1.3625224,0.4643542,0.4841642,0.52399254,2.8048177,1.5529317,2.22096,0.01080864,0.3191519,4.705588,0.001636872,0.13718659,0.18570137,0.058508445,0.016769748,1.1476096,0.5866401,0.5191435,0.23903602,1.3765163,0.56906533,0.21027352,1.6377869,1.0762817,0.24713749,0.6704928,0.0,0.28990623,0.8060421,0.003388667,0.060324244,0.33259386,0.004196426,1.5512987,0.059421174,0.73108965,0.007833891,1.1187967,0.6609444,0.36605072,0.08252567,1.1385038,1.6718456,0.8270648,1.0521195,0.22477378,0.5810541,0.75383073,0.57214713,1.1533585,1.0115918,0.068937644,0.69064915,0.76753247,0.040926315,0.6983188,0.21628341,0.13130255,0.4869768,0.022468725,0.13025019,0.01649518,0.93910265,0.02619592,1.2171822,0.6034651,1.0694846,0.40964872,0.43724677,0.26913056,0.013915579,0.7493887,0.00073335395,0.6135689,0.36225054,0.03213553,0.781691,1.1136482,0.025037013,0.48690343,0.46336532,0.49476063,0.0,1.0307633,0.6243012,0.30416003,0.26527396,0.6061669,0.42418048,0.11068317,2.2711282,0.33493873,0.0,0.11931244,0.23254852,1.776374,0.52524656,0.3225357,1.2475291,0.10315811,0.47201577,0.86815673,1.1473184,0.42732996,0.019204674,0.4923523,1.2888626,0.7349483,0.18695572,0.66812783,0.25464138,0.53922,1.6129695,0.5679521,1.2498955,2.7287192,1.0719999,0.42098862,0.3667572,0.3862704,0.9108094,0.63961536,0.40277588,0.033256903,0.03997997,2.82345,0.59040767,1.1689675,2.0478399,2.7099485,0.38767248,3.0726192,0.73369306,0.16457437,0.018150954,0.015399947,0.2868963,0.6361872,0.7223107,1.3330851,0.85842884,0.0017774199,0.93606985,0.16004059,0.09718072,0.4103756,0.15291083,0.05813071,0.22928457,0.7224511,0.0,0.12585114,0.014163978,0.7271416,0.9237028,2.867327,0.7049515,1.0943216,0.50429696,0.006866577,0.5114142,0.057714693,0.0072542373,0.054995988,0.24990572,1.8306631,1.2614148,1.4085662,0.49663818,0.43258533,0.04672758,0.0066909078,0.0,0.7042844,1.4383395,0.08564606,0.32439843,0.05487469,0.07420051,0.13710813,0.0,0.46308026,1.335256,0.024717944,0.020393232,0.2926397,0.65378773,0.017892245,0.48490807,0.22343184,0.06635883,0.024304716,0.4274915,1.8410311,0.025075397,0.20571016,0.09325069,0.5938708,1.0101984,0.32009166,0.0016759553,0.08723936,0.044700053,0.0,0.62008184,0.13313808,2.409274,0.24034007,0.17405494,1.5526124,1.5280273,0.28459752,0.13428509,0.013464949,1.1852882,0.0,0.09055465,all_pothole_images\pothole_images_enhanced_2a3d898378668525e5499b26f46c1cb8.jpg
1.0159326,0.5108696,0.06530181,1.258711,0.15900978,0.04343371,1.1838375,3.8654423,0.21936925,0.21707958,0.09318694,1.2067462,0.0,0.5539365,0.7808429,0.5180557,0.0,0.44233748,0.52020466,0.75620866,0.5566969,0.82194877,0.10479699,0.37202737,0.9134968,0.7045367,0.07011001,3.0964298,0.25512776,0.017091613,1.0659802,0.0,0.4860199,0.41744497,0.1494222,1.0075043,0.01261224,1.3106645,0.33759704,2.5593665,0.0,0.533488,0.6001596,0.13470784,0.7786733,0.21028379,0.2560471,0.27746516,0.10508208,0.49620068,0.14193232,0.6307013,0.0,0.057214707,0.29765224,0.90926284,2.5606296,0.3311637,0.15344451,0.4130537,0.2582332,0.14933792,1.1773071,1.1480845,0.24466094,1.6843071,0.03620982,0.0030583867,0.12723714,0.41980144,0.068220735,0.50620645,0.27572122,0.049146082,0.7063498,0.5154353,0.24599966,0.91114664,0.13812296,0.8133724,0.64304644,0.5112312,0.5252329,1.7689235,0.16714711,0.014188544,0.089947,0.28339243,0.6958975,0.364971,0.06918133,0.016536053,0.81826586,0.042013474,1.2970935,0.6509576,0.38414827,0.25785318,0.48457897,0.34061867,0.15941234,2.5617282,0.46849126,0.93024427,1.7991649,0.19661283,0.6254439,0.19048612,0.41508597,0.6623752,0.007658979,0.18877412,0.7970719,0.33712292,1.331859,0.17365783,0.023341445,0.21587683,1.0708756,0.5026096,1.6031148,0.18068507,0.13776594,1.873982,1.1770068,0.06442653,0.49239287,0.11754667,0.56628925,0.09267346,0.019091005,0.30636755,0.16305645,0.6859615,0.546688,1.2485607,0.4608127,0.18976544,0.46936244,0.018530378,0.7939753,1.081885,0.18120155,0.2746115,0.48295748,1.19017,0.17297255,0.24981962,0.12750119,0.6245392,0.4683523,0.053479783,0.032630894,0.29194015,1.0963109,0.20913158,0.3421743,0.040089957,0.38818526,0.7008968,0.90577227,0.39900002,0.8490326,0.75228906,0.62374127,0.035880953,2.046569,0.5723252,1.6790706,1.1288711,0.0,0.4368412,0.0033566488,0.18001433,0.22654244,0.48475066,0.31138116,0.29145715,0.016828863,0.39267737,0.20979999,1.5583019,1.3455415,0.5479474,0.5276752,0.23635273,0.07128001,0.039576646,0.01804614,0.8369335,0.9136925,0.018764086,0.0,1.1542093,0.5375652,0.10602446,0.83886564,0.17612293,0.21802853,1.0617874,0.05453304,0.17937069,0.42370152,0.3977412,0.0026054336,0.05245913,0.89297897,0.6518085,1.0462279,1.7551839,0.0,0.11134151,0.6192664,0.56386334,0.07608188,1.4365501,0.45274988,0.015628962,0.21463518,0.6157127,1.400816,0.14992854,0.08866993,0.4466608,0.17156683,0.28077176,0.79142046,1.3628784,1.5175896,0.45498532,0.31198722,0.36421108,0.044607963,0.0,0.56554395,0.030266099,2.205361,0.03190042,0.77412623,0.8037817,0.49766466,0.08730787,0.98709387,1.1163996,0.06143542,0.008474466,0.6789275,0.1262213,1.5377841,3.4169092,2.16961,0.046846207,0.574035,0.035064336,0.077592574,0.037837636,0.804266,0.0325335,0.9396126,3.4546838,0.11263257,0.68662727,0.8849134,0.048785575,0.009393786,0.071619876,1.3256649,0.045451403,1.9278383,0.525472,0.046288464,0.018493947,1.2544036,0.04927081,0.47662747,0.99378026,0.0037707402,0.9670401,1.0346861,0.044787794,1.2194741,0.1435562,0.24804051,0.31911767,0.33731893,0.26267233,0.58663684,0.051064294,0.4246538,0.0,0.006225487,0.33395156,0.08810557,0.42561215,0.29622996,0.03764056,0.11692238,0.28911507,0.0166573,1.7071083,0.660369,0.07277946,0.3320358,0.28645277,1.437234,0.08909217,0.29078388,0.0,0.43853644,0.13183723,0.09968297,0.87769127,0.60968167,1.8102435,0.6351669,0.4148608,0.12942867,1.2636955,2.4975996,0.65757453,0.76479524,0.14787145,1.5701808,0.20406765,0.11759553,1.3597134,0.5105495,0.551181,0.49551675,0.37394226,0.82750994,0.00078567566,0.5857414,0.5808328,0.194258,0.15970968,1.2117124,0.46039525,0.5738066,1.1882492,0.027200416,0.09580892,3.2878063,0.27755687,0.39213085,0.2744892,0.21676461,0.113198064,0.26014712,0.06050029,0.0037097775,0.94261813,0.09260195,0.560183,0.32518372,0.19560619,0.39127138,1.3486842,0.10344471,0.16489258,1.1216615,1.3701065,0.9454191,0.20404936,0.13718665,0.121033035,1.9127767,0.097104974,0.45233473,1.0074166,1.3315943,0.52647096,0.17675579,0.0604001,0.18794641,0.4099758,0.024377467,0.57779187,0.4546538,0.13878214,0.57734704,0.678907,0.4666411,0.6451904,2.8642318,0.2973529,0.77875406,0.36050832,0.0067662937,1.5706227,0.8342818,0.8363136,0.018101672,1.0703936,0.0,0.048903372,0.5560823,0.26239905,0.37597337,0.83049834,0.9746106,0.6352507,0.721503,0.16366495,0.21894042,0.011891306,1.1458752,0.51935905,0.37693533,0.069459595,0.6760261,0.23903984,0.017242411,0.49987343,0.64603674,0.36507058,0.16516955,0.6771773,1.9729711,0.38501325,1.6589187,0.588368,0.38701478,1.0777892,1.175547,0.5230978,0.80467933,0.008067999,0.090895034,0.83708096,0.2906162,0.23303932,0.23601769,0.13162634,0.5542877,0.9591693,0.21544804,0.2912797,0.15851884,0.5736951,0.48755366,0.0071451883,0.051494937,0.31062838,0.41367915,0.12193483,0.31861886,1.6037073,0.06834227,0.17918663,2.3317146,0.5124061,0.7367101,0.13316955,0.6081129,0.46482652,0.3034247,0.12496596,0.0039020826,0.07478185,1.5582184,0.13611075,0.02216703,0.3308041,0.9637803,0.3274931,0.16857225,0.03133041,0.046204526,0.18101022,0.69609326,0.5135223,0.48781326,0.43363982,0.60281783,0.28649276,0.15644953,0.2421608,0.052296244,0.11862374,0.59726214,0.5034393,0.7297142,0.3353193,0.084758215,0.32689843,0.17547187,0.10610851,0.81973773,0.05752042,0.16965583,1.0427216,0.42446572,0.0057971426,0.18212312,0.0,0.081092745,0.15758044,0.09758955,0.33787957,0.24365628,2.5364084,0.57521415,0.45414656,0.42111298,1.2228428,0.35935023,0.8608946,0.0077914977,0.8437445,0.71820337,0.37619203,all_pothole_images\pothole_images_enhanced_2a561aa0291406df8d122b933ebf48d3.jpg
0.0480114,0.9720045,0.018837173,1.3176534,0.98001283,0.09458008,0.12863022,0.0654039,0.31202468,0.35959098,0.274321,0.15604664,0.29040697,1.3353106,0.006816082,0.018683134,0.11167591,0.88537675,0.4685248,0.13978194,0.0,1.7260749,0.015531415,0.4166836,0.6222356,1.6309618,0.36636487,3.5509481,0.052023657,0.033067595,0.26500496,0.041979406,0.11719241,1.5944114,0.22826706,1.5982312,0.40372932,0.68679744,0.046979897,0.030536814,0.0,0.039240655,0.1305034,2.6688359,0.98786294,0.23228933,0.8247954,0.057440322,0.7277169,0.4455479,0.043849386,1.67909,0.34446722,0.0012150223,0.103520565,3.0054557,2.9188905,0.24993701,0.29725108,0.043671723,0.47695658,0.087647215,0.6047821,0.7927976,0.710997,0.8283808,0.07465383,0.117033914,0.17569579,1.1285017,0.0,0.8097028,0.26416108,0.069742136,0.15967011,0.08631595,0.0129985185,0.48022386,0.0,0.15772012,0.41531768,0.080706246,0.033172667,1.0748631,0.0,0.0,0.12369491,0.016064662,1.6616375,0.1496212,0.08575758,1.1708628,0.014850678,0.016580394,0.03281411,0.0,0.20041606,0.7858603,0.11715887,0.71521914,0.20258936,4.198013,0.385297,0.0061760573,2.0678008,0.27634403,0.38240522,0.0,1.2771434,1.1663604,0.0024338327,0.17235899,0.15809469,0.38836545,0.41584823,0.40949395,0.26230252,1.2828095,0.32816944,0.22133443,3.0377016,0.08957473,0.011808976,1.7262797,0.9492567,0.7835064,0.05469426,0.2800612,1.0918632,0.093196325,0.98747545,0.22342472,0.0,0.33420962,0.41722503,0.0,0.036083743,0.15340269,0.5178022,0.36528936,1.4498556,0.0,1.2738988,1.3935659,0.12631883,0.9271399,0.28708506,0.53731304,0.23527092,0.08924498,0.036467195,0.09351331,0.0032854255,0.124563605,1.8799388,0.32808933,0.5106651,0.87527514,0.13809364,1.9752793,1.9699922,0.752312,0.9588033,3.295629,0.041467324,0.007967034,0.5290899,0.86188227,1.3248678,2.4466953,0.024794888,0.039597485,0.12875715,1.299289,0.25967714,0.23713605,0.22550933,0.033671066,0.0010738038,0.03459582,0.009438699,3.2699854,2.325179,0.54306376,0.7471131,1.6311882,0.69166654,0.44162536,0.11138247,1.3947848,0.096395954,0.506129,0.48523846,1.5220522,0.35597935,0.27852693,1.4229196,0.0,0.0034660574,0.0066299634,0.21067521,0.49219164,1.5340929,0.035982314,0.32193953,0.3579735,0.12596425,0.3907662,0.22120863,0.14494222,0.0,0.17545313,0.34678814,0.16798848,1.7741349,2.035093,0.1775356,0.7262552,0.14902225,0.1636191,1.1308131,0.005399328,0.24686813,0.098475866,0.0,0.049105223,2.1070766,0.09331012,2.6080225,0.46457246,0.068008624,6.657393e-05,0.12545305,0.082710944,2.590392,0.008153962,2.474269,0.008471814,0.09384736,0.09008898,0.15455171,0.0073232045,0.17332338,0.026356665,0.26076105,0.0,0.56741214,0.0607372,1.0979625,4.084961,2.6169646,0.016089968,0.04667821,0.9129858,0.07511487,1.1938367,0.7523525,0.00090282323,0.7134422,0.67724735,0.2567326,0.21993126,0.99165756,0.019447759,0.07003782,0.007386753,0.6789175,0.20723693,2.3580804,0.03157039,0.15590414,0.01079013,0.24302892,0.33402747,0.73400116,0.24840838,0.040146645,0.3195818,0.058062315,0.18983328,2.193388,0.20982425,0.6128067,0.10640761,0.043098897,0.72545934,0.17771067,0.01858955,2.7875197,1.5711817,0.03436829,0.0713055,0.0009898843,1.6984515,0.12102936,0.2848826,0.024679894,0.043368634,0.035138384,1.878288,0.79758817,0.67932993,0.21853238,0.28227392,6.5039062,0.07817628,0.0070179827,0.08986541,0.052108206,0.52911144,0.5810941,1.9672664,0.39043298,1.6456604,1.9954032,0.16141395,0.0,1.2828974,4.2174873,0.16167949,0.07761106,0.027997613,0.07674867,0.93059665,0.38476095,1.2036684,1.8207288,0.0025219216,0.2754822,0.022089817,0.73078346,0.0,0.75601625,0.012296275,0.0031183823,0.014145077,0.9320719,0.4479409,0.2905435,1.3676242,0.2560232,0.06908726,1.0896231,0.63529974,0.22428508,0.0,0.21510464,0.13690315,0.11081656,0.04868465,0.28861544,0.024993178,0.21615048,0.42480463,0.52605677,0.0041186926,0.17401437,1.2947185,1.6756989,0.0,0.5497948,0.13129795,2.1216755,0.045859266,0.0071481415,0.0,1.2902038,0.12665677,0.66523135,0.3586795,1.2549984,0.00085704285,1.0733969,0.36445796,0.48707193,0.47750956,0.18084134,0.005895242,1.2038437,0.7484179,0.37317392,0.13472258,0.031157093,0.25866222,1.4403905,0.021490209,0.8858879,0.046615638,0.0,0.012064095,1.3076319,0.031673864,0.010473916,0.20604967,0.07572913,0.07704045,1.5616399,0.10851741,0.01633065,0.15875205,1.3550049,1.5751094,0.32085055,0.8273013,0.0,0.48122248,0.3217646,0.38002294,1.0833277,0.31086805,0.3152446,1.5249685,0.0,0.14043461,0.30585116,1.2973505,0.4228517,0.7954359,0.14664917,0.0,2.421232,0.19521067,0.88973826,2.592168,3.5657647,0.42632708,2.1118698,0.03496478,0.2299988,0.1754501,0.7198324,0.35823143,0.03942837,0.3256035,0.87363964,1.8333446,0.23866002,0.0022650694,0.45131567,0.035362408,0.28799164,0.38019755,0.14136837,0.09794234,0.09776232,0.1074497,0.25588486,0.16597652,0.35847586,0.85157675,2.678567,0.16335522,0.036458828,0.102524854,1.1449413,0.45549563,0.3913062,0.124161765,0.10464561,0.18282174,3.966673,0.0,0.4334501,0.16815327,0.35349998,0.032715835,0.0,0.14870854,0.74745184,1.6508598,0.7649818,1.3819728,0.15085064,0.055792928,0.64076936,0.43979773,0.0,1.1533061,1.2781522,0.020139854,0.29801846,1.3413869,1.4375738,0.15452439,0.0068959454,0.049559824,0.61437565,0.056106538,0.41076913,0.015411474,0.0034201802,0.29212976,0.49486813,0.08209211,0.0,0.015983788,0.34539413,0.73279643,0.56615883,1.8401792,0.34332457,2.2626445,0.4797591,0.81350005,0.24855325,2.857113,0.3740789,0.010711793,0.18212008,0.10917641,0.27503905,0.11746697,all_pothole_images\pothole_images_enhanced_2a95f501df479aaad60186a8dd9700fb.jpg
0.32737437,1.8641435,0.58192277,0.9574728,1.5544013,1.595501,0.23154962,0.004418346,0.2937568,1.3726375,0.79074997,2.098277,0.6976024,2.0035303,0.70709944,0.19677146,0.89399564,0.020595899,0.581783,0.21456076,0.78004605,1.9770498,0.43841127,1.7389984,0.44076988,0.8697027,0.19440329,1.5567465,0.23359478,0.45186692,0.04198677,0.1335695,0.6770743,0.1316633,0.7466643,0.8734241,0.5408794,0.9935749,0.13055311,0.3143151,0.018885735,0.11192761,0.8158871,2.005719,1.0265994,0.09149491,0.41133592,0.26890787,0.9706114,1.4526201,1.6970103,0.14288849,0.38541174,0.17811428,0.6740598,3.9107141,3.0746136,0.28347757,0.8050077,0.1511246,0.9298677,0.42110336,1.4534286,0.9567032,1.1355326,0.88813454,0.235929,0.24745694,1.0453217,0.5258531,2.7506208,0.40990028,0.08383373,0.28562814,1.9810152,0.8319044,0.019580826,0.98724455,0.21663305,1.9634895,0.0986339,1.557752,0.0,1.3310808,1.9835186,0.6168383,0.9910002,0.2862361,1.5421927,1.2566009,0.9215226,1.2117617,0.8476835,1.1080577,0.021598624,0.51505744,0.15600659,0.5628338,3.5121963,2.2372,0.16610223,1.5606033,0.2119009,1.4763216,0.3835852,0.063841425,0.39767143,0.969214,0.07078784,0.025911888,1.0261863,0.38934135,0.28014433,0.93131846,0.23615502,1.9105062,1.9606372,0.16873096,2.136615,4.016336,3.0100026,0.50145197,0.5714601,2.10687,0.56623983,1.056483,2.8048582,2.4756134,1.9736991,1.2978688,0.5248931,0.15519115,0.7571196,0.6929567,0.17730518,0.44734517,1.6876807,2.480525,0.75719005,0.08843346,0.5932922,1.9071256,0.82088876,0.37153244,0.29297805,1.5029492,1.2562072,0.4717257,0.30631614,2.1720555,0.8307548,2.4509797,1.1310055,0.3564123,1.2646878,1.6008924,2.0058146,0.41989842,1.3416473,0.8962083,0.2856247,0.07534217,0.5150683,2.0322962,1.848894,1.1171997,2.668381,0.45053175,0.83875287,0.29669264,0.96730477,0.22259536,0.5121344,1.4196556,1.0625819,0.03696147,0.7341154,0.8454847,0.009805709,0.40562838,1.1257772,1.8924546,2.0059595,0.53100634,2.90962,0.74447286,0.064965166,2.015695,0.51096374,1.196607,0.038104463,1.9729452,0.27879602,1.0185192,0.5271886,0.43256938,1.4088142,0.41678798,0.08672607,0.9165076,0.40698868,0.83710694,0.06131677,0.5318195,1.0117518,1.0430773,0.59885746,0.8505529,1.1390909,0.07886322,0.099363185,0.99457145,0.5290795,1.242957,2.7510636,0.501092,0.0950582,0.7774728,0.6452998,0.5176291,0.10285013,0.3837443,0.387807,0.25946033,0.13953188,0.48498833,0.24355195,0.2959072,3.3733726,0.2931575,0.18126807,0.44823265,0.16620578,0.32791317,0.16957209,0.43029824,3.5691779,0.35878173,0.044067137,0.6144286,0.48716003,0.37922177,0.2218387,1.4005386,1.092254,0.4913037,0.34874585,0.39844665,0.9130947,2.3292973,0.9296166,0.44345233,1.1304735,0.30075747,0.4463903,0.45529938,0.6293913,0.13155714,0.27726495,1.6860594,1.1983693,0.20501505,1.2730473,0.4766049,1.2847502,0.06600221,0.37407327,0.69034505,0.4464683,0.15161248,0.38498667,0.18344921,1.4389527,1.0894011,0.7238378,1.271494,0.46859813,0.46470234,0.65976214,1.4946102,1.0286336,0.39282703,0.29821935,1.3909119,2.8858702,0.9911147,1.3000889,0.9092986,0.76847994,0.43539137,0.28543186,0.21033467,0.7375104,2.551355,1.6297044,0.9427297,0.77324766,1.174434,0.75053847,1.3141785,0.05357174,0.4824249,0.17119034,1.2363511,6.5542316,1.9834489,0.463678,0.058063786,0.5212289,0.47284558,0.85287195,1.1902457,3.4885795,1.1167943,0.6563483,2.8353224,0.1731837,0.79554933,1.3106639,0.33711463,0.7191346,0.17632174,0.70286775,1.081559,0.083533384,2.1540568,1.0962622,0.32927716,2.4568737,0.21549156,3.3102176,0.41233394,0.23306243,0.047637373,0.5264308,0.16497564,0.038343713,2.737689,0.27167648,1.6306124,0.88081867,0.20075323,1.0124379,0.3698296,1.7924461,0.78000295,1.1418393,0.14817323,0.14722608,2.3447797,0.16138744,0.7217477,1.7022197,0.2747075,0.44752705,0.311679,0.77146566,2.575911,0.77874124,1.6439888,0.044534367,1.686822,1.2463821,1.4203541,0.12971318,0.22724669,1.0446627,0.572731,0.47151327,0.43752468,1.7594047,0.12274387,0.3206772,0.15281343,1.2539294,0.8228423,0.4520786,0.14041823,0.8925037,0.44795328,0.07555278,0.6709564,0.684695,0.9576434,5.5491476,3.0295148,1.6232657,2.2243357,1.5013702,3.0157514,0.6112023,0.25987405,0.6416965,0.028189996,0.12230775,0.6818238,0.2922338,2.8095329,0.7372486,1.2494888,4.2462025,0.5579945,0.41733325,0.61388725,0.25094557,0.020171367,0.20083314,0.34281352,0.56420374,0.023258813,2.6635885,0.22826427,0.07767497,0.72239155,1.8492585,4.056828,0.45038465,0.10454091,0.032222413,0.28477776,1.7751101,0.49380356,2.0372052,1.0749521,2.2309492,0.13806304,0.34206855,1.6489809,1.2587726,1.1677711,1.6252222,0.16440919,0.53633916,1.6846331,1.4294487,1.7878735,1.6344635,0.803811,0.7635213,0.5019684,1.5810568,0.36810943,0.16740794,2.3154259,0.16150683,0.68217516,0.83174247,0.6333805,0.36263937,1.6364535,1.1492916,0.33979344,0.60428506,1.7342744,0.30412647,0.5794578,1.8006006,1.2407236,0.994644,2.395104,0.91587275,0.6658564,1.4150362,1.7274384,0.83644956,0.25949132,0.63404363,0.2710613,0.98434377,2.117123,0.5218918,0.13629818,0.57881045,0.48549634,1.9181175,0.36691335,1.5092646,1.7552887,0.3790122,0.016519347,0.35193512,4.212135,1.1171238,0.12967998,0.17704645,0.22898778,1.5040848,0.10739005,0.080143034,0.39053008,0.70790136,0.17484291,0.06314439,0.5197764,0.84787077,1.0477027,0.028592337,0.23532361,0.678067,0.71925366,0.86280024,6.0603337,0.2991118,0.17463359,1.6834533,0.3171346,0.08226416,2.2139428,1.0171528,0.518149,0.3131701,0.17071886,all_pothole_images\pothole_images_enhanced_2aec00d40b5fec7e714f9ae189c72a14.jpg
1.866059,1.940412,2.2226994,0.9352871,0.71834993,0.3023002,0.5568437,0.68730146,0.2140103,0.67622083,0.21508719,0.25016758,0.002543526,0.43674305,0.46301308,3.023965,0.84693664,0.7024783,0.9122351,2.2718349,1.2702616,1.1138148,1.1636666,1.599074,1.5016247,0.476546,0.12714337,0.7403547,0.19636422,0.74321365,0.48621666,0.17280728,1.5933819,0.34899464,0.5395142,0.89690167,0.19493861,1.6469291,1.5707521,0.16828324,1.8835617,0.50097203,0.2922439,0.2407327,0.33492604,1.0068011,1.8343002,0.06240752,0.775693,0.49215385,0.51872545,0.37227324,1.1091068,0.7722102,0.57797784,0.18092054,0.7035536,0.0005420409,3.663949,0.11485991,0.5561098,0.392451,0.64822614,0.08721083,0.035123713,0.4737272,0.4202205,1.2077463,0.10213807,0.43631682,0.22860377,0.0,0.9973186,0.6153476,1.3734118,1.6048702,0.89671916,2.2497354,2.232427,0.12561771,0.19487591,0.0,0.34038177,0.54339606,1.1988978,0.09252511,0.031992227,0.12886673,3.5559912,0.6951367,0.36697987,0.06779765,0.36193365,0.7245567,0.18411021,0.08655273,0.69706017,2.0592213,1.4223119,2.0429926,0.27684915,2.0020833,0.8268083,0.5170899,0.80290455,0.32791,0.023643851,0.03147709,0.7840867,0.16939564,0.8899835,1.1102641,0.060771104,0.05987791,0.48673263,0.25988343,0.6496599,0.3760823,0.16048457,0.46909255,2.4030848,0.5776787,0.3516747,4.904889,0.58352697,0.96106505,0.19608238,2.4629176,0.20697902,0.69830024,0.29010278,0.028411722,1.1859996,0.39306402,0.818147,0.2864838,0.75402987,3.0849218,0.07116785,2.0087183,0.3747003,0.06701917,0.7059248,0.67705923,0.60759467,0.22453308,0.4996544,1.3872249,0.0,2.4240391,1.8723216,0.58649415,0.36134672,1.7264211,1.5397681,0.2632626,0.5730171,0.31491545,0.7066979,0.13002531,0.45629743,1.035985,0.13223319,4.3562303,2.0578501,0.6643402,0.19069865,0.17072432,3.227529,0.46181113,1.3603101,0.22048216,0.24166796,0.70380664,2.2747357,0.03970359,1.1228436,0.063192904,1.4029762,0.2203496,2.0688622,0.91924375,0.87032175,4.61929,2.9844627,0.22013633,0.573009,0.124108166,0.24489075,0.5174111,0.6685993,1.2420228,0.10681919,1.8440742,0.37165022,0.87324834,1.3299704,1.0904683,0.86236554,2.0714698,0.16381174,1.4188294,0.566224,0.23543987,2.4984581,3.5910625,0.52035254,1.0600972,0.6244258,0.75135773,0.12481774,0.26138994,0.6889863,1.6251507,1.0477206,0.50088626,1.8045803,0.040709484,1.2188649,0.02530206,0.10993851,0.12401454,0.101930074,0.8496224,0.04908578,0.43879566,1.9026327,1.7360241,0.3644385,0.37252972,0.07975911,0.32122555,0.83966607,0.4672909,0.31302744,0.68193215,1.0777864,0.0014394794,0.72210765,0.115611985,0.27873585,0.06106555,0.6077532,2.0647435,0.09607224,0.122171335,0.8256778,0.7166368,1.8125327,0.76959556,0.10243667,0.91985345,1.3688245,1.8112439,1.7088684,1.1874124,1.7899383,0.3699805,1.1893684,0.80916,0.39968905,0.26568952,0.5042717,0.63062066,0.19012567,0.9314489,0.30040106,0.83418894,0.30980343,2.488654,0.0,0.21187678,1.2734429,1.5606711,1.7049476,0.95262814,1.0681754,0.5232546,0.8160702,1.2403734,0.025824273,0.72912806,0.7377141,0.978562,2.7706513,0.096552946,0.2324393,0.8018261,0.537458,0.0,0.25423518,0.78182405,0.21979125,0.33841145,0.53484535,0.63246316,1.0548718,0.29027247,0.8851122,1.633729,0.38079637,0.8487456,0.49787143,0.8367527,1.3905866,0.098635264,0.90722644,1.8831843,2.6909978,0.80371183,1.2778547,1.0862342,4.3933353,0.102355465,0.00086282875,0.32769805,0.71920925,1.2400239,0.9382682,0.18033266,1.870944,0.70199335,0.522121,0.0320707,1.2526028,1.3595266,0.79496634,0.10579533,0.090137094,0.48591375,0.258798,0.044348575,0.19611089,0.9414923,1.4514562,2.2414722,0.23820823,1.5765592,1.2262911,0.29631037,4.231512,0.4084318,1.660776,0.06298829,0.4014669,0.02245715,0.6635915,0.03176253,1.0212654,2.171635,0.13309875,2.10035,0.8031873,0.6214302,0.21620843,2.0079803,1.1797591,1.1843761,0.7791311,0.3708608,0.9854104,0.15870544,0.77499366,2.1544945,1.1363357,3.014971,1.0289667,1.6817962,0.07976392,0.72363126,0.5074753,1.4071115,0.23309629,0.07040895,1.328721,0.7985505,0.7906734,1.2332143,1.0919365,0.22251825,0.84196603,1.3457402,2.1549072,0.21964099,2.0044742,0.0029037974,1.0417823,3.1083043,0.23431227,1.5314415,2.9135938,1.1981467,0.14912246,0.644912,0.21656355,0.33053336,2.847571,0.60875756,0.5744222,0.22041038,1.0329168,0.960422,1.2150601,1.0135401,0.43090272,0.0026293348,0.055977732,0.82822084,0.17115702,0.84052026,1.8611349,0.2039497,0.6226894,0.08555762,0.09905956,0.3423279,1.1528907,0.21236442,0.31723386,0.50465316,1.1044558,1.595998,1.1530733,0.38205844,0.6660539,0.19934641,1.673507,1.8991226,0.8673455,2.31817,0.27077168,0.2588177,0.8707822,0.25180247,0.2847396,3.8042026,0.31835473,0.0,0.36074376,0.16649786,0.48156744,1.9498392,0.87159777,0.54677707,0.0027071864,0.1169398,1.7401258,0.22825661,0.10468082,0.9484058,0.250168,1.1155871,1.0167297,2.3000534,0.78015804,0.5480825,0.24667443,0.22233157,0.14430992,0.587981,0.8551005,1.2790501,1.6567348,0.04778437,2.6165,2.9122686,1.0462208,0.18867551,1.6799562,0.95690584,2.872178,0.6041197,0.06652858,1.3833005,1.6542726,0.11574476,0.7611931,0.41241944,0.33507413,1.0289214,1.9844142,2.764057,1.1057009,0.84315646,0.0,0.8750608,1.7138466,0.18515408,1.5725805,0.2973729,0.4193576,1.1164258,0.6253522,0.08614905,0.9420821,0.27851638,1.0849046,0.10797206,1.467116,0.8625545,0.038007285,2.4912455,0.57252866,2.30634,1.9333321,0.34304744,0.0,1.9250928,0.3327852,0.69825554,0.032313317,0.953136,all_pothole_images\pothole_images_enhanced_2b6bba8c82355f7635314abdb74833b1.jpg
0.500424,0.776516,0.009534311,2.200214,1.2828017,0.08560966,1.3456258,0.43678424,0.0,1.0845673,0.089096844,1.2496003,0.68312097,1.9918884,0.5093489,0.93325895,0.051748067,0.92920434,1.6679978,0.8699435,1.4910483,0.062436122,1.2997458,1.2103697,1.8529739,0.012859352,0.41604808,1.1057175,0.51095945,1.0315449,0.21228355,0.010422766,0.48940933,0.74487114,0.46073127,0.69911987,0.4955874,1.0528804,0.38136268,0.19857194,0.044522747,0.7598844,0.65190977,0.7591741,0.16175364,1.9538432,0.15022041,0.00698034,0.50521547,0.35220888,0.8982254,0.49530292,0.11073835,0.42800266,0.44465044,2.6861067,1.9700865,0.26456347,0.9719933,0.7132098,1.1391534,0.7926848,1.1276547,0.08308711,0.36241856,1.5636263,0.3322722,0.95583713,0.010497244,0.74004084,0.04622299,0.10409365,0.4340702,0.12767144,0.47590423,0.27162373,0.095097035,0.15571976,0.42073092,0.19963299,0.70245874,0.50569886,0.28231564,1.039229,0.57257706,0.0,0.063728444,0.4527867,0.9506312,0.2987005,0.38583186,0.7094768,0.020829663,0.019017301,0.26384622,0.01079354,0.5363633,1.1971607,0.22847018,1.2134402,0.26130143,2.9528518,2.10538,0.23488243,1.6483927,0.9175949,0.6587122,0.5734391,0.06532344,0.73628235,0.15594718,0.63186425,1.1565734,0.97643,2.3682742,0.14655693,0.026673978,0.38768885,0.9725902,0.9277802,1.5184773,0.1354821,0.12903029,1.1978756,2.270787,0.9618365,0.61625016,1.3518524,0.8905824,0.37357423,0.79654956,0.22261564,0.23299879,0.29471037,0.37244532,0.7569837,0.09434533,1.282578,0.24326782,0.018737366,1.1185097,0.17394088,1.0707549,0.3268396,0.24822266,0.8843938,0.37099418,1.1837037,0.253087,0.2195255,0.6315001,0.21540362,0.48445714,0.032982696,1.1027887,0.24479587,1.0301945,0.124824524,0.2220067,0.39937428,3.0130556,1.0510896,0.032028466,2.144923,0.5580045,0.71824455,0.39951062,0.19169314,1.1293457,1.1912545,0.43938017,0.03830409,0.21585827,0.5157876,0.024071036,0.7122852,0.8263442,0.025238492,0.5120632,0.12543428,0.114969775,3.7693238,0.41025928,1.2812691,0.45632583,0.22583385,1.2157358,1.3756639,0.5039889,0.17455813,0.6485128,0.050420925,0.06898975,1.3733894,0.6405042,0.42747515,1.9402665,0.36229527,0.18871462,0.8145134,0.15803744,1.8453045,0.61301917,0.8790078,0.5874702,0.27767086,0.15356663,0.2411865,1.0953248,0.6091479,0.019388353,0.34016362,0.8052245,1.0805625,3.9043446,1.2142212,1.8704352,0.2289753,1.672319,0.026745649,1.1434145,0.23722684,0.6228369,0.07433081,0.030379217,0.3306619,1.0456386,0.030570716,1.8938894,0.5432131,0.14433432,1.6003562,0.49473056,0.021184905,1.0481472,0.12677605,1.2459141,0.1911758,0.41100413,0.49922678,0.7119337,0.08861791,0.098244615,0.09733328,0.19626741,0.16243003,0.4307943,0.8263215,1.7811606,3.1586072,2.46816,0.34704176,0.9172307,0.0,0.30907008,0.43232235,0.80158794,0.81210536,0.9862571,4.0231333,0.51207286,0.1085806,0.37887338,0.73593444,0.6147017,0.2508775,0.5846157,0.19605134,5.299872,0.20139195,0.21515416,0.3331561,0.101534724,0.46995762,0.031405326,1.2903122,0.6256782,0.29836017,0.7370262,1.2682323,0.50163734,0.77858186,0.17853683,0.047083125,0.5056902,0.28057906,0.37060598,0.030209925,0.7113536,0.37932765,0.548213,0.05776596,0.838306,0.32569548,0.03029965,0.10260205,0.30561268,0.5760036,0.041594714,1.5391612,0.6146723,0.16690032,0.932943,0.09261778,3.196086,0.23694453,0.24556482,0.10490902,0.829255,0.9025307,1.3792721,1.6820481,1.2425079,1.4639584,0.5454555,1.7161672,0.13117246,1.5180469,2.7488925,0.14743654,1.1445551,0.30083725,0.3150797,0.37025452,0.078701355,0.17527626,0.058165494,0.09635675,0.60012734,0.085557915,0.15099545,0.040054932,0.0,0.10264378,0.13232821,0.30019963,2.723106,1.2874583,1.1077639,0.9442332,0.98763204,0.63214946,1.0062249,0.68063307,0.7841545,0.022148704,1.1128211,0.06548115,0.04222795,0.18743783,1.2961857,0.2354867,0.94379556,1.071348,0.1731356,0.18733443,0.26688403,2.2696686,0.50652516,1.2164124,1.1965214,0.8104665,0.34302053,0.9105698,0.010089252,0.102930106,0.8732519,0.0013672034,0.7525374,0.8242597,0.37756276,0.8267212,0.11324842,1.1916316,1.4653413,1.4052429,0.053697143,0.537792,0.2401214,1.157237,1.4977413,0.0,0.25470814,0.7302878,1.1051909,0.6542813,1.523993,0.00855956,0.7954825,0.031792156,0.20414387,0.13761376,0.20949872,0.8133168,0.0048375158,0.3874735,1.7610072,0.098718494,0.8672746,0.063159294,0.7228814,1.7591622,0.52372843,1.7779353,0.103343934,0.0,0.70670164,0.827858,0.63255906,1.2863342,1.258809,0.96678007,0.12340491,0.27836317,0.5786988,0.42155066,0.66301614,0.36778304,0.57688195,0.0043358197,1.8142483,1.6921306,0.825407,1.7109239,4.1621823,0.096521825,0.4989045,0.68209636,1.0658528,0.258045,1.1366562,0.81074816,0.14325736,1.1831484,0.6244995,1.7564495,1.2697291,0.4566564,0.13788383,1.0401059,0.57651544,1.1667948,0.1801215,0.06358834,0.03891735,0.037653938,1.1778035,0.59648997,0.066233136,0.6204496,1.1315228,0.59154063,0.31565627,0.17659079,0.12403188,1.0355122,0.8668555,0.21675085,0.11126016,1.8938041,2.0843222,0.32608902,1.0222154,0.5504252,0.64804906,0.05811773,0.0067400443,0.04950309,0.13610615,1.7253833,1.0299603,0.6315928,0.26764968,0.18804248,0.765137,0.7143969,0.8220867,0.9609469,0.12937096,0.6383288,1.0966258,1.2728546,0.4624957,0.29725137,0.31292227,0.44501117,1.697784,0.024341043,1.436089,0.43398246,0.3601275,1.0251169,0.4725445,0.3785003,0.2856319,0.58523726,0.6878135,0.0013764055,0.12847593,0.09395733,1.6811057,4.223715,0.28004643,0.23750658,0.54824257,0.22062044,0.37115762,0.13087486,0.11158648,0.22483929,0.24648972,0.25143895,all_pothole_images\pothole_images_enhanced_2b9675ddf6ff91705b482d1f31ded76b.jpg
0.012016683,0.33749673,0.021522468,2.1060908,1.034593,0.53363734,0.39125398,0.07308398,0.6859782,0.6303097,0.33474922,0.58991706,0.053261455,1.3355358,0.0,0.020287596,0.14117253,0.17003475,0.4835059,0.23886672,1.871695,1.1636908,0.18780978,0.17802152,2.679596,0.524812,0.9622667,3.048848,0.027101068,0.05080836,0.0093537895,0.21422234,0.28087422,1.3985978,0.79533726,0.38856304,0.60437435,1.2540208,0.289209,0.7346785,0.0,0.48495337,0.16335058,0.7989675,0.61960864,0.2973536,0.48443127,0.14764914,0.7753182,0.76163995,0.27071846,0.14150926,0.17579697,0.17672533,0.42948917,1.3982223,1.8817004,0.15650222,0.005350539,0.8006926,0.41084072,0.20599428,0.6169744,0.23823029,1.245881,2.1413,0.08854476,0.40691164,0.14832774,0.43724504,0.59821105,0.08448316,0.5858964,0.2191595,1.2704445,0.42619175,0.08788996,0.4386021,0.0,0.1622885,0.0,1.1733065,0.1709781,1.1833827,0.0420516,0.0063678,0.5627177,0.36648497,1.8172355,0.16346069,0.24624456,0.861756,0.73240113,0.13820432,0.27359897,0.0131200915,0.2671408,0.37694705,0.44004902,1.2520312,0.18650125,4.4768543,1.3417044,0.0,1.1504059,0.06259905,0.72550654,0.81594753,0.0,1.0345619,0.34609175,0.38064092,0.40023804,0.69460326,0.48380616,1.1324785,0.7449138,0.0367831,2.1562383,0.47859105,2.2298837,0.10990016,0.0,1.7921872,0.52653253,0.77871794,0.14504571,1.5696937,1.031695,0.19308658,0.49967328,0.0050335354,0.0,0.40403882,0.9619595,0.15904838,0.031135272,0.30373597,0.13211077,0.18542458,0.5943537,0.25474763,0.7140506,0.14940812,0.18595415,1.1127703,0.39644855,0.6331366,0.2790491,0.11110202,0.15373078,0.028070526,0.053233877,0.013636412,0.83583385,1.3345312,0.15905802,0.30187064,1.8935864,0.7104637,0.14012973,0.5014205,0.5995255,0.81575936,0.65966856,0.13229744,1.6903582,0.7234864,0.7640331,1.7835201,0.2071565,0.11394092,0.05615446,0.26146212,0.06838932,0.014494257,0.018407952,0.09011674,0.14338072,0.0,0.0075626196,3.7706106,1.0741107,1.9513669,0.95063704,0.72277004,0.34782833,0.51786965,0.31743622,0.8884876,0.007421251,0.028026454,0.050426885,0.6294015,0.523835,0.54179263,1.3616688,0.0061354064,0.44149327,0.0,0.35239717,0.19377583,0.29588246,0.015654549,0.45383114,0.32729554,0.94015765,0.3945689,1.2481797,0.72361964,0.0005752365,0.03879779,0.028417049,0.23394102,2.1351612,2.2283533,0.023277069,0.0,0.24732305,0.84516704,1.0718629,0.061806608,0.077681206,0.011735056,0.0,0.6385023,0.8837266,0.6000038,4.0483828,0.83159393,0.07642107,0.0,0.38937598,0.23733738,0.48586297,0.020956201,1.5702654,0.00892245,0.29913265,0.06446773,0.024321193,0.042399716,0.594355,0.01759566,0.8229102,0.0084997555,0.16530366,0.80565286,0.5308732,4.914339,0.49552462,0.38109756,0.4600966,0.081316926,0.017892636,0.26557496,0.10422551,0.41976333,0.04179282,4.019724,1.4506685,0.19129807,1.4060878,0.4645989,0.70080626,0.024651216,0.35284454,0.1976147,2.838004,0.29075864,0.3194088,0.0,1.0100403,0.5317991,0.1334141,0.36242184,0.36480883,0.612522,0.16528499,0.76373726,0.35191336,0.20781247,0.10258339,0.0618743,0.9373095,0.0069685658,0.3263054,0.36286837,0.6905446,0.1376615,0.06864231,0.12230954,0.21904832,2.2833226,0.18616568,0.23228677,0.07786446,0.018264752,0.09413943,2.7565362,0.8372243,0.0041961493,0.14122848,0.04804906,3.869821,0.91940796,0.057803422,0.0,0.2718655,0.5386926,0.39684618,0.78597945,1.0169053,3.2782037,0.6382714,0.64072794,0.025174215,1.0354624,4.2384224,0.44508773,0.01350081,0.30140537,0.42337692,0.44086328,1.891969,0.27567124,0.12105406,0.16868635,0.075737126,0.0,0.6414745,0.43369168,0.08839459,0.071700126,0.08123226,0.06511743,1.5794911,0.18738423,0.82328856,1.5790552,0.20141116,0.07049228,3.2120242,0.7291353,0.91760844,0.042325977,0.9534811,0.38438874,0.5881478,0.19423461,0.32481444,0.52500856,0.23215309,0.4083496,0.58690166,0.1161891,0.18519206,1.8286288,1.7291527,1.2836223,0.65506697,0.025738893,0.07167946,0.09011752,0.07955999,0.14289972,0.0696742,0.0048794774,0.7564856,0.009123235,0.41112265,0.0017564367,0.08480206,0.37969005,0.42220184,0.6080237,0.2788345,0.019568957,0.6035613,0.04345015,1.5243484,0.0,0.16317,0.08255192,1.5683093,0.57017314,0.6979304,0.10173007,0.31982538,1.7910503,0.16733722,0.0018102517,0.025712056,0.054679513,0.1895844,0.18752697,0.7131644,0.3469499,0.044154372,0.088695176,0.4386152,1.7940214,0.33261234,0.0025182008,1.0344365,0.7291027,0.016120525,0.072840184,1.2676862,0.009011143,0.23808903,0.7957901,0.0,0.14435267,0.11425769,1.6377817,1.2223836,0.45337334,0.6857319,0.4249423,1.8310071,0.7216454,0.84247476,0.81109905,2.8761427,0.3119012,0.66348314,0.24485102,1.4023705,0.47789827,0.4237118,0.1002608,1.011046,0.008048861,1.3023705,0.3615509,0.35357058,0.30093655,0.7474415,0.1113887,1.3206102,0.2312159,0.014207888,0.043278486,0.039635945,0.15759386,1.2194463,0.45026118,0.095515735,1.0066906,0.9256098,0.62492776,0.36673722,0.0037034776,0.6454653,1.3518109,0.72939605,0.0,0.31691968,1.1511922,2.5062602,0.046232454,0.30780867,0.15227506,0.2582709,0.5571986,0.014335813,0.15446527,0.9078723,0.95752263,0.23980337,0.2545277,0.0029689434,0.5344582,2.5204813,0.06630762,0.47473338,0.6435764,0.2374204,0.029244836,0.29047978,1.7549323,0.37622878,0.22222374,0.7149063,0.0,0.8478814,0.007278512,0.20923254,0.03221555,0.4866153,1.9498911,0.05298758,0.113812454,0.04660305,0.0367695,0.25713626,0.1897678,1.0094296,0.46077752,0.91613376,3.1530468,0.9917705,0.16015121,0.55554473,1.4968644,0.3267391,0.48953325,0.09811237,0.30501646,0.99998707,0.1791853,all_pothole_images\pothole_images_enhanced_2bab898b9c91d5d7177d0ebbd2faff4c.jpg
0.10541977,1.0067974,0.26401857,1.5038875,1.9402071,0.17257807,0.6027357,0.04022716,0.7129563,0.98838526,0.6080229,1.1075243,0.298664,1.1305541,0.13964361,0.22924423,0.032044776,2.5586882,0.6342982,0.5888735,0.35190034,0.46952507,0.65838265,0.8713781,0.7287683,1.986581,0.43719825,0.9979849,0.08601774,0.12382807,0.0786927,0.30255896,2.0532444,0.3885006,0.45967194,2.0271342,0.30559975,0.8111154,0.10252835,0.19147377,0.0021060659,0.5234889,0.2381857,2.05324,0.28516153,1.0211112,0.30413297,0.102777034,0.91753894,0.24071121,0.90671223,1.1701947,0.2494181,0.053648375,0.19962549,1.7220792,1.3192083,0.16760261,1.1581976,0.087624244,0.1274189,0.18293594,0.3603409,0.25000578,0.75705624,0.7923152,0.38958243,1.0103029,0.13144682,1.0651338,0.14277485,0.07238077,0.025021382,0.1316183,0.18003546,0.15572107,0.3035577,1.1345726,0.0,0.17131035,1.0105286,0.052317318,0.17850503,0.6351793,0.6969572,0.12014308,0.47877502,0.14190459,1.3153862,0.1502205,0.211187,0.96990997,0.007391124,0.061129652,0.033816207,0.19238484,1.5976186,1.8253618,0.35509545,0.92455417,0.1950118,4.3134556,1.4051628,0.027959762,0.6870067,0.63215446,0.4951827,0.2189143,0.12923446,0.581368,0.793154,0.5671352,0.18947646,0.92238337,1.5686983,0.31673974,0.28005356,0.014713626,1.0831732,0.6874214,1.4021344,0.14985558,0.1587235,2.7274578,0.7003126,1.2666186,1.3545574,0.86984104,0.9259645,0.0065029925,0.8592937,0.14517777,0.054929353,0.1518383,0.11058874,1.4672043,0.050053876,0.12479037,1.5912976,0.28770944,1.384811,0.015099308,1.1726519,0.94736433,0.14221166,0.72877234,0.24201044,1.3797657,0.08945841,0.0036363713,1.1724524,0.57668406,0.014210151,0.15791926,1.1816217,0.8335664,1.0045071,0.04207514,0.5169554,1.002114,1.3804485,1.6487846,0.20401892,2.259478,0.04740906,0.004525284,0.49813455,0.420356,0.90736216,1.4850277,0.6970346,0.0,0.09722046,0.47482646,0.06257239,0.5629787,0.46776024,0.33025494,0.22355399,0.069205664,0.15067267,1.6639335,1.1949499,0.98829067,0.48629507,0.8137216,0.28013307,0.54966146,0.21667233,1.9324646,0.64956385,0.08072372,0.0947331,0.43503398,0.568981,0.3828991,2.3351548,0.14205913,0.64493287,0.023452044,0.10607446,0.5586342,0.056891948,0.2088758,0.47336748,1.0426475,0.55909514,1.1903375,0.59473884,0.8238754,0.02767359,0.055472627,1.0660087,0.3386837,1.683988,0.21378964,0.5406527,0.54779905,1.1328361,0.042974528,1.182845,0.45489147,0.529081,0.046016127,0.0,0.112526,0.7824515,0.5636615,1.1428026,0.7386826,0.010665224,0.19997413,0.5565907,0.19906002,0.88981664,0.001957789,1.9378253,0.13911197,0.0829119,0.07200296,1.165093,0.0062668566,0.0632455,0.60354596,0.25142702,0.26942602,0.69921136,0.573936,1.0233638,3.9156363,1.0340104,0.10074076,0.08806528,0.17427942,0.03739211,1.9060326,1.0754399,0.028946886,0.3569222,2.384956,0.78938097,0.13221762,1.1090271,0.41345826,0.60073733,0.030657629,1.144156,0.3068801,3.1348708,0.013254008,0.15690759,0.009229596,0.18847694,0.98481506,0.3947111,1.2207649,0.0053233923,0.08613817,0.81663185,1.0013016,1.1801742,0.65624005,0.6100268,0.07391859,0.16903836,0.062494695,0.76996917,0.9728701,2.3342013,0.0977391,1.0371476,0.45850778,0.2995635,1.2304283,0.07437116,0.08926004,0.46652508,0.23170598,0.008411011,0.99985236,0.78077745,0.26802117,1.4023452,0.07722436,3.3322587,0.09105576,0.05694758,0.14530627,0.52547705,0.83793795,1.6825135,0.5648208,1.5457158,1.0873475,1.0343859,0.51804227,0.49203077,1.3602815,3.0312676,0.011663398,0.6113885,0.16390672,0.086343445,0.20695472,0.88213915,0.04325066,0.8199647,0.40780702,0.9308496,0.023926286,0.7149158,0.13628526,0.09391549,0.40255246,0.025826192,0.6889774,2.2010744,0.18295148,0.096411034,0.33020356,0.867036,0.2093188,0.46402544,0.34394976,0.06852686,0.009668887,0.24022283,0.54171395,0.16042149,0.9325992,1.1986526,0.17909275,0.63540375,0.17003682,0.8682306,0.20354392,0.3732108,1.2002977,0.109771684,0.69361985,1.8586273,0.20892209,0.537688,0.44429138,0.017762337,0.16947766,0.7230957,0.17062047,0.6399514,0.9337819,0.89467824,0.2247409,1.3683786,0.4499693,0.4087866,0.81952333,0.5145465,0.32781658,0.28286594,0.5882653,1.4089442,0.0009112908,0.3811875,0.3534587,0.7036275,0.06397356,2.2960873,0.3649973,0.32803652,0.12142226,1.3870224,0.18504617,0.1164323,0.21860975,0.25993174,0.07196275,0.8261374,0.04707969,0.72879636,0.61084944,0.28668916,1.6309987,0.23313148,0.7220094,0.82511884,0.36490244,0.9446241,0.47478616,1.0616016,0.18411718,0.9488504,0.598615,0.107877195,0.46954307,0.14242929,0.25905895,0.7062632,0.4874065,0.7920525,0.007679938,2.2657816,0.8039393,1.4247066,1.1919663,2.8661778,1.964032,0.967065,0.6871774,0.34381905,0.26684397,0.24522752,0.25255424,0.0,0.1959636,0.6230174,1.0692701,1.5927207,0.022332747,0.39230892,0.15828085,0.32938772,1.2990315,0.44524944,0.053478073,0.12743811,0.2593135,1.458138,0.34273595,0.012513857,1.117878,1.6992083,0.14082082,0.13616921,0.16603808,0.7677613,0.7876537,0.51322967,0.118832015,0.100811645,0.8394393,2.0688787,0.07021345,0.7228824,0.97375613,0.26908198,0.36588544,0.03197963,0.011567216,0.555893,0.8352188,0.37618372,0.8119826,0.035727922,0.8596065,0.6610213,0.0,0.09454221,1.3900324,2.3838696,0.23465845,0.4857636,0.5729001,0.19911768,1.6661054,0.039954524,0.38045073,1.4434562,0.016203316,0.62779635,0.31876335,0.29861844,1.1005765,0.32664457,1.1491014,0.022472702,0.06936318,0.16541217,0.12234673,0.83736503,0.5693255,2.227481,3.3578372,0.06098395,0.39673683,1.3319702,0.64098185,0.4896191,0.047282018,0.21725203,0.22827291,0.15170601,0.8456434,all_pothole_images\pothole_images_enhanced_2bb860cc0441fc0900cfaef5d3f4df42.jpg
0.24240929,1.6396604,0.8260395,1.6620483,1.0810524,0.21283615,0.64745945,1.2531703,0.0027370313,1.7923914,0.19141267,0.6900813,0.1695235,2.7297928,0.04112913,0.1755765,1.2489463,0.36492905,2.462685,1.4104321,1.598582,1.319416,0.073314875,1.2073017,0.9328314,0.18377267,0.12876357,1.5822352,0.38308793,0.6163775,0.62761813,0.259029,0.87999,0.1147776,0.19100691,2.0568206,1.4915726,1.5991085,0.43366817,1.1271446,0.33033362,0.40117598,0.24269873,0.8397302,0.5639771,0.8534399,0.21355113,0.03544464,0.9470452,1.3674097,1.6431999,0.67680466,0.6273745,0.8252399,1.6608568,1.4570154,1.7209228,0.7259077,0.25851217,0.72168094,1.8100007,0.8520203,1.8643551,0.28872165,0.24819279,1.2448065,0.42718992,0.60354954,1.7248058,0.29936573,1.0256945,0.43670166,0.5903166,0.21479602,1.5280609,0.056705434,0.20450561,1.0175099,0.06477958,0.07195525,0.32323384,0.75875443,0.25699416,1.9138727,1.4265081,0.43445548,0.53043604,0.36772892,2.7300985,0.56869185,0.30455855,0.21491751,0.5051586,1.9174848,0.42598388,0.026788445,1.1228832,1.0463582,1.1989523,1.7095281,0.13807277,3.5988986,0.28633803,0.9928969,0.40798467,0.7882086,0.26320693,0.14263757,0.43204364,0.57955724,0.29434675,1.0692565,0.35893553,0.58094317,1.2738167,0.054559104,1.6066157,0.58045924,2.2739189,1.5616025,1.2504338,2.0867386,1.2963586,2.029163,1.371135,0.7110404,1.5039268,1.1740292,0.8752781,0.9183133,1.5743535,0.19067717,0.6823912,1.1331685,0.87698674,1.0183622,0.01577533,0.98030734,1.0320774,0.7193426,0.8945906,1.3703537,0.772318,1.0375118,0.16621597,0.36475295,1.0559902,0.2963879,0.6318321,0.9985062,0.10947633,1.0841956,0.4778448,0.075066134,1.3330162,0.61972755,0.33589685,0.2640782,0.35498047,1.5829107,3.4767137,1.346999,0.8720379,1.0305427,0.8391632,0.42010692,0.7636742,1.1388165,1.9986762,1.539711,0.71134955,0.16713504,0.86648417,0.65066326,0.20773649,0.062094036,0.65117115,0.023112966,0.2274435,0.17527628,0.76229155,2.83872,1.4116808,0.82622105,0.79768914,1.4692364,0.71226376,1.011457,0.77344185,0.78722686,0.17816009,0.8653966,0.8688015,1.5615041,0.031118305,0.71349216,0.4387805,0.57874525,0.38744086,1.1397382,0.8483761,0.6811699,1.489439,0.5421675,1.1171016,0.38294113,0.63785225,0.11617163,0.041372016,0.5638957,0.3528056,0.5468656,1.5460526,1.7082008,2.0538137,0.51432246,0.5810867,0.089634076,0.6966453,0.771977,0.6038053,0.17655407,1.1804278,0.020306926,0.07488014,0.26308167,0.65114224,0.36495718,0.4166386,0.4653955,1.1304015,0.46482396,0.71320987,0.6017944,0.5871083,0.46691298,0.63781124,0.6918762,0.06442853,0.005237476,0.11647415,0.21690483,0.10921762,1.5393535,0.09324078,0.07178692,0.43909073,0.1715683,0.32136256,3.6793807,2.0076215,0.13783085,0.8775776,0.42255536,0.12110598,2.0688164,0.5349773,0.637501,1.8178723,1.3443111,0.92651165,1.041062,1.0506045,0.1600324,0.44508517,0.85476977,0.42179182,0.6576802,0.3523387,1.6264963,0.58972204,0.50125456,0.9000212,0.581088,0.05814019,0.17524028,1.1091872,1.715275,0.4388919,0.3450155,0.4082222,0.4375012,0.44556046,0.24454118,1.2120262,0.21422067,1.1185212,1.3914965,0.6308873,0.07840367,0.54801404,0.073100835,0.0,0.43164474,0.96907437,1.1828665,1.7508682,0.84945655,0.17758743,2.0757327,0.08515487,0.023925968,0.104449406,0.16937014,1.3514149,0.57187897,0.44380468,0.7041204,0.41940954,0.11205541,2.7781994,1.159053,2.1757114,1.7497864,0.4158379,0.6476111,0.0029466073,0.5655775,1.4492358,0.55576324,0.4037009,0.61538106,0.3795686,0.8569037,1.7687384,0.42236748,0.27647868,0.4705287,1.2752138,1.6912166,0.4445786,1.1201799,0.54562783,0.21187389,0.81757885,0.5080417,1.3882166,0.91175675,0.66005677,0.52961713,0.8584385,0.30833128,1.5761477,0.22841656,2.4014688,1.1952192,0.08289733,0.3221742,1.1891298,1.4685613,1.1096928,0.7180489,0.1397008,1.0865908,0.215054,0.6012421,0.94107544,1.4584438,1.5121162,1.5538158,0.44934073,0.22296222,1.0194097,1.1913033,0.051819123,0.10505587,0.6909776,0.33509424,0.48737794,0.8195519,1.3851359,0.5730784,0.81528527,0.8472797,0.5365693,0.3137729,0.5614251,0.3572823,1.1720891,1.1731105,0.3730306,0.064699255,0.4618381,1.0311846,2.8409119,1.0308863,1.3925109,0.963617,1.1031164,3.0838912,0.93595046,0.12715377,0.6809032,1.7687266,0.058681034,0.5504633,0.9170709,0.90748096,0.52246827,0.41268057,1.7272543,0.86021554,0.80107045,1.2959417,0.4587639,0.17700014,0.7018831,0.31111974,0.4856509,0.04869147,0.6720056,0.6029559,0.1722479,0.6888154,0.036670763,0.15415205,2.0378957,0.62175196,0.52134943,0.6606917,1.163278,1.0703956,1.6142025,1.5808622,1.7642106,0.2727758,0.49321163,1.289918,0.49725464,1.0973161,0.4915481,0.30009264,0.6060258,0.4349153,2.4346282,2.5212893,0.6078492,0.28585622,1.2377098,0.3679727,0.850871,0.22340408,0.54305136,0.19169942,0.82256544,1.0751388,2.7234397,0.45539746,1.0360582,1.6560969,0.22309718,1.104095,1.659111,0.17868716,0.5551647,1.5922643,1.3205988,0.59216267,0.98772115,0.8717466,0.5030159,0.58232385,1.3712271,0.45553854,1.7397411,0.9912425,0.67284125,0.13769849,0.6562203,1.3954338,0.89258325,0.90434086,0.6011264,0.6485546,0.9064904,0.5699052,0.41277015,1.3275473,0.7961969,0.30991122,1.1782768,1.0986015,1.3792849,0.5053531,0.8824459,0.14392954,0.4592006,0.12101095,0.6789669,0.0674972,0.97843504,3.2518427,0.52381265,0.40548223,0.37225774,0.47026396,0.79197943,0.55693495,0.6855414,0.05974008,0.615985,2.4966476,0.88142663,1.267712,0.61478776,0.06262036,0.1902551,0.68236005,0.905258,0.10665539,0.38243142,0.027872192,all_pothole_images\pothole_images_enhanced_2bbc4f952b441da6e806563f71b1c395.jpg
0.45800695,3.2067568,1.177747,0.64378965,0.1473813,0.54169697,0.15151618,1.4057535,0.35573062,1.6642232,0.33448413,1.6229578,0.3317466,1.0755996,0.060530428,0.8631569,1.1429096,0.92565167,0.74963915,1.5656729,0.431239,1.2687378,0.828608,2.7360017,1.3948869,0.0,0.8168984,0.9206215,0.23713629,1.0283002,0.8897983,0.75695187,1.5205276,3.5514863,0.8792468,0.8497811,0.19509989,1.068369,0.8425542,1.0008861,0.71665126,1.0150145,0.0,0.79899555,0.28009546,0.9252342,1.393291,0.099286936,0.033523686,1.3643699,1.0572959,0.26493782,1.166905,1.2735969,0.06675233,1.2392082,0.51369166,0.5635598,1.1430835,1.2284893,1.6908988,0.7138972,1.2027024,0.8071105,0.35709164,0.9880718,0.9764171,0.017712459,0.7312852,1.0645434,0.13700294,1.4901079,0.2653942,0.018585132,0.40750083,0.34159088,0.6452395,0.7949578,0.16972643,1.2228813,0.97946334,0.54257226,0.1936984,0.44533235,2.1519556,1.5250249,0.00094656425,1.1830456,2.5888999,0.66052896,0.30872458,0.63760084,0.32635167,0.8795734,0.65146,0.17250185,0.8305957,1.0987238,0.66739106,1.2842487,0.4778838,0.3014987,0.10744648,0.27455363,0.16631204,1.777618,0.25670367,0.43864164,0.3513305,0.8903652,0.74138474,1.8074374,0.24296418,1.6022854,0.08148102,0.16612086,0.50006294,0.53869295,0.6110618,0.06850637,1.6169546,0.78062797,0.4429153,0.7125707,0.40360373,0.3268578,1.064155,0.8545961,0.46771604,0.38524795,4.252159,2.4656498,0.4133001,0.78939927,0.4398781,1.1876984,0.28073654,0.6552482,0.6190841,0.73741305,0.24350472,0.78034794,1.0292188,2.1147332,0.24847108,0.18421192,0.9846344,0.42655045,0.22498329,1.815708,0.31417927,0.71549493,0.36299762,0.29196352,0.8322587,0.090889424,0.4074461,0.98747003,1.5421079,2.3220015,0.3359093,4.5688896,0.59025544,2.740026,0.511742,1.6213213,1.7097775,0.23886493,0.7282763,1.0040101,0.31435034,0.87178355,1.0573024,0.060998935,2.016432,0.13418661,1.0611873,0.16895477,1.752031,0.27365926,0.49507007,0.4177768,1.2986778,2.0048943,0.8245299,0.2752783,0.7568645,1.684806,0.8926488,0.6874551,1.0528922,1.2407079,0.02673968,1.663549,2.0349944,0.67751604,0.2171607,1.3421211,0.0037614708,0.24791037,0.19846511,0.3876672,1.8747197,1.2092668,1.5867378,0.98905855,1.0708308,0.2763275,1.5623704,1.3286092,0.16030516,0.16759023,0.86796457,0.5654915,0.109693766,0.07384388,0.13846429,0.34163722,0.6789113,0.93401366,0.45955548,1.9217756,1.0811005,0.5035675,0.4899549,0.5235497,0.3050832,0.12204768,0.9009892,0.8163257,0.56311834,0.31029612,0.7896981,0.5813165,0.23254105,0.440182,2.3159373,1.1924531,1.0455755,0.9426164,0.18655506,0.64086986,1.4915621,0.045675118,1.0973425,0.15747531,1.0433517,1.327405,0.3122419,1.3458924,1.2827036,0.6866654,0.43188784,0.8091108,1.0318048,1.3900598,0.45714793,0.517566,0.190353,0.77213377,0.9686748,0.17939116,0.926087,0.7151448,0.19907527,0.23159888,0.15302435,1.0356183,1.1024883,2.2941468,0.48469558,0.045192134,0.49575222,1.1685884,0.81101996,0.4711045,0.95193243,3.1568973,0.9650254,0.13361631,1.2493268,1.0915579,0.723791,0.50946015,0.7076272,0.23285657,0.5622863,0.5407879,0.07942571,0.13449898,0.617719,1.3214718,0.15658051,1.0459396,1.2857169,0.037227534,1.6292248,3.0100157,0.7950528,0.25650334,0.009820172,0.028625688,0.7063234,2.5864794,0.9287288,0.1448253,0.40861526,1.0967996,0.9412239,0.16766638,0.9798707,0.27436173,3.579828,0.3087385,1.0589223,0.20406675,0.26772082,0.079576425,1.3390667,0.623535,0.8107319,0.69443566,0.99810934,0.70260733,0.49753672,0.18699215,0.09870562,1.1075039,0.96986556,2.180784,1.7236344,0.8941272,0.44428003,0.0,1.3136445,0.063663505,0.051407162,0.36350015,1.1233236,0.569925,1.6035697,2.0970142,0.7522225,1.1008456,0.61916095,0.7050483,0.5866558,0.5622801,1.3808849,1.0308809,0.016393622,0.7457939,0.34075943,0.22761469,2.292031,0.25601742,0.64669186,0.48799506,0.5355953,0.052783664,0.07507843,2.7724588,0.7795497,0.43215066,0.62928814,0.63928974,1.733772,0.7871125,0.17353427,0.33209154,0.35984692,0.10643652,2.431062,0.41783798,0.74985313,2.0119882,1.4705156,0.50737333,1.214536,0.16547573,0.41170543,0.21286407,0.22304358,0.45459893,0.74857724,0.03943602,2.3197076,0.53413385,0.13259494,2.5799222,0.97357565,1.1400245,0.15226492,1.4351339,1.601932,3.2936468,0.19984509,0.8605482,2.791743,0.5451181,1.0234923,0.018325798,0.43008295,0.5161854,0.02292289,1.4242946,1.8706088,0.51156217,0.22299366,0.54639417,0.18783958,1.5223968,0.48600873,2.0282624,0.123365834,0.6817967,1.162348,0.9764732,0.008566205,0.4902687,1.4257517,0.70957595,1.6560249,1.3172735,0.5649365,0.16274291,2.6200035,1.8061887,0.49314997,1.2735237,1.0687445,2.3860967,0.40508014,0.43795052,0.09143232,0.9970688,0.6538498,0.225523,0.41622925,0.4821606,0.20667438,0.75731593,0.44994992,1.364934,0.19452223,0.7830527,1.4643829,1.2822865,1.2837157,0.29739997,0.1758807,1.1539108,0.38675758,1.5083106,0.03844931,2.891508,0.7442691,0.46083075,0.22474612,0.021930957,0.39201412,2.460385,0.17686968,0.6941209,1.293639,1.2414552,0.4892774,0.4727382,1.4986463,0.23877521,1.1339935,2.7185833,0.99287057,0.043699846,0.39486495,0.43320695,1.0527788,0.9958874,2.1758873,1.3689371,1.1814085,0.7317966,0.8338873,0.20320651,0.08268961,0.46082935,0.65952206,0.6854503,2.2301538,0.057001267,1.1500512,1.3888761,0.7136646,0.15641706,0.6667998,0.17785938,1.3197339,1.9951056,0.7804973,0.6014187,0.5698225,0.030633794,1.087386,0.52235055,0.43336424,0.70438546,0.32692102,1.045169,0.54953,0.6107562,0.83500516,1.5629758,all_pothole_images\pothole_images_enhanced_2bcb239e531cfdefe1e91d61e92c5bab.jpg
0.14078046,1.1206105,0.033744436,1.4169121,0.23380135,0.18022552,0.4523738,0.0,0.0005547676,0.6182887,0.47052744,0.11062118,0.0146484915,1.2167324,0.0,0.3740733,0.13542514,0.8792239,1.0196426,0.24429971,0.3179254,1.7352409,0.36771238,0.39548826,0.0,0.92048174,1.3290629,2.149671,0.3463612,0.46657223,0.5008045,0.6641325,0.10561967,0.06554634,0.14467767,1.4263829,0.76986134,0.7449242,0.16195722,0.02201171,0.0,0.14519966,0.09436643,3.6600819,0.72307473,0.008917632,0.03206986,0.28912735,0.12276484,0.0,0.12706064,0.43455225,0.43963704,0.07072904,0.03837977,0.23663656,1.1946788,0.2357892,0.0,0.0,0.0,0.2460742,0.6118091,0.12371415,1.6454449,1.2634465,0.23542291,0.40463272,0.22267687,0.22682442,0.10688077,0.9127145,0.033107866,0.041975226,0.120493844,0.12614478,0.1252978,0.5426963,0.12302829,0.329124,0.16161585,0.53978544,0.19576609,0.9966236,0.84418476,0.17428881,0.18865673,0.02011574,1.3945234,0.17976718,0.0482661,0.10584615,0.051998414,0.2662491,0.08642788,0.03332413,0.24902134,0.847317,0.55405045,0.0,0.017936835,0.5840699,0.0049479664,0.0,1.1211789,0.88385177,0.0027691782,0.0,0.12792185,0.007860205,0.0034420353,0.54713744,1.3869504,0.16353188,0.34831485,0.0951884,0.67765385,0.15739195,0.2813793,0.12395104,1.2223432,0.24474178,0.29493865,0.110373914,0.2627024,0.065172456,0.48564953,0.1545675,2.5235257,0.0,0.55734086,0.15815763,0.49317533,0.059192263,0.3028516,0.14411058,0.0,0.2042344,0.80261177,0.059290417,0.16585162,0.022598848,0.5901108,0.33197558,0.07237507,0.45054913,0.1867915,0.3591105,1.1506153,0.025792083,0.16248307,0.69704473,0.0062161586,0.020757081,1.6452562,0.32962346,0.050053168,0.0028644644,0.18919298,0.122229606,0.7169173,0.3949387,0.071337424,2.8927634,0.0025612796,0.0,2.957231,0.010683076,0.9129647,0.25886607,0.20978492,0.004296562,0.058921274,0.1150007,0.12207128,0.121075,0.2318856,0.0182741,0.26696134,0.050596315,0.12202629,0.28883475,2.8648396,0.014654471,0.8245328,0.5559731,0.1114551,0.6023395,0.0,0.86183506,0.3141518,0.11098112,0.10685939,1.0297427,0.0,0.04550972,0.026362866,0.47070545,0.27702543,0.23539333,0.057115085,0.90189236,0.87056607,0.509811,0.16223058,0.040327813,0.6932914,0.0,0.838427,0.37871277,0.04122416,0.1599839,1.2730619,0.37785634,0.3388287,0.79896045,0.6044851,0.21223192,0.12714602,0.49401015,0.16735874,0.119016,0.14747578,0.17601709,0.059472438,0.0035793493,1.2005514,0.0,0.41358072,0.2938928,0.11300254,0.00011008552,0.15586466,0.06660289,0.3593669,0.0047419583,0.7655567,0.10694396,0.0,0.104406305,0.0,0.47510555,0.08340681,0.08290803,0.34722418,0.06158558,1.3306696,0.0341275,0.004405192,4.0739946,1.3332953,0.023432747,0.03679784,0.09305605,0.16092917,1.2198203,0.92144984,0.0030934582,0.0,1.4617076,0.029856913,0.20799127,0.15080835,0.012444454,0.48673964,0.7582078,0.038413364,0.71396977,3.5820756,0.0,0.09750016,0.044378128,0.0050361142,0.81844014,0.16831183,0.49983573,0.083964795,0.0072704297,0.13289069,0.3405368,1.5923418,0.06904501,0.034423944,0.295694,0.10833477,0.013051439,0.42242387,0.18279612,0.81506157,0.020155063,0.13473408,0.059890207,0.07418164,0.4367559,0.10336056,0.325075,0.32720318,0.49687997,0.7541145,1.5837234,0.5457517,0.8949108,0.008737158,0.0,7.687168,0.13663651,0.016678978,0.18563245,0.002808459,0.055438835,0.010655566,1.1407514,1.8119351,0.01350636,0.18575913,0.56577986,0.12450218,0.9632604,0.5517864,0.24676284,0.2565617,0.0033725111,0.048048124,0.6541659,0.049607985,0.13542616,0.9120708,0.0,1.5736238,0.0016029357,3.2994294,0.009725482,0.24154893,0.0290844,0.13031694,0.13348602,1.5232584,0.32853827,0.017105015,0.0,0.39963877,1.434958,0.0929287,0.58453274,0.37044448,0.8999436,0.0,0.3765508,0.4101522,0.16125268,0.3179549,0.0,0.22243463,0.15432449,0.1776485,0.011782757,0.25562325,0.5868268,0.082521066,0.0050623897,0.027006237,0.010805154,0.43699017,0.09484283,0.025201486,0.0,0.9728732,0.391159,0.054645937,0.014572292,0.59191775,0.04987629,0.8261384,0.0,0.810959,0.15591303,0.63599956,0.0,0.031973414,0.03380952,0.050160155,0.010831807,0.25971457,0.8737652,1.6081477,0.6021106,0.47703367,0.018855246,0.08758467,0.16262387,0.19443272,0.31843516,0.0027483169,0.49608198,0.07126919,0.0,0.096073955,0.19721635,0.19138718,0.027854197,0.38632646,1.2340128,0.091091774,0.6121307,0.6597173,0.40101713,0.7137789,1.0533093,0.04349029,0.1582987,0.27399954,0.91885984,0.021569094,0.29808515,0.0,0.050354082,0.03381497,0.52279574,0.0,0.0,1.3456708,0.08326343,0.861861,1.1270981,2.3349879,0.44953263,1.0556374,0.8476522,0.027910884,0.0,0.08151697,0.14466059,0.0,0.3454005,0.18403138,2.1677845,0.91218835,0.40772012,0.22882602,0.4819323,0.46610945,0.04856423,0.14109115,0.013993725,0.36537057,0.10317616,0.7807645,0.053191278,0.20332146,0.563097,1.5389974,0.48591784,0.00012981816,0.0,0.26921377,1.0143144,0.87887603,0.24304813,0.09885751,0.045019608,1.2516154,0.08795632,1.0250596,0.0014026772,0.40726674,0.14135183,0.0,0.0,0.1657805,0.7905269,0.07684002,0.049485862,0.36125088,0.0030841704,0.042553887,0.004289158,0.11800535,1.630829,0.5225377,0.12755536,0.2027243,1.0584863,0.80634266,0.4300794,0.07343025,0.06309895,0.23120978,0.11586051,0.065394014,0.0,0.024008188,0.25380942,0.040497296,0.056495324,0.0,0.0,0.040056966,0.04177728,0.06881221,0.029651375,0.2576511,3.3062005,0.06797178,0.13677375,0.14159867,0.60297793,0.023272999,0.04002346,0.006297897,0.8425802,0.29876587,0.15600653,all_pothole_images\pothole_images_enhanced_2bf29af21a257d19179eccc07d567abf.jpg
0.64661866,0.548094,0.07208747,1.9235519,1.2754645,0.2774681,1.546964,0.071625344,0.07209987,0.7099905,0.4045785,0.94638777,0.27111772,1.8702154,0.053761005,0.6773881,0.8030352,1.1346644,0.60955966,0.76469266,1.7555538,0.36185962,1.4887038,0.6128991,1.712327,0.53593916,0.92239565,2.2853732,1.6583074,0.41444325,0.10536289,0.39129883,0.1449593,0.5279435,0.2185345,2.0309842,0.39609417,1.4472332,0.504405,0.5049,0.046294257,0.71922874,0.53546816,0.73324734,0.64513326,0.7712209,0.13099724,0.031761073,0.3064718,0.5285569,2.8270924,0.35612425,0.0,0.5221101,0.5783835,2.5358346,0.5563869,0.53606397,0.86175627,0.73714525,0.31627274,0.7158736,0.422102,0.120369695,1.7995164,1.0745903,1.9716357,0.0,0.34855214,0.37457827,0.25099784,0.37049577,0.1431596,0.28877422,0.99140054,0.24354875,1.0018587,1.0739094,0.061189067,0.30906472,0.17980921,0.006250161,0.29758853,2.8167636,0.4003341,0.08881415,1.3069332,0.9286929,1.8252622,0.10052622,0.9180425,0.29155076,0.30492362,0.54462624,0.43412632,0.00086650264,0.851775,1.5991236,0.63515466,1.2143434,1.1327367,3.7394063,0.57658905,0.004751572,0.364047,0.35981864,0.8863877,0.5831867,0.06430322,0.53319305,0.19788146,0.36947036,0.3986819,1.5206672,1.1599449,0.31755906,0.095624655,0.05434906,3.2845962,1.6280062,0.7281713,0.13619931,0.0,0.5175135,1.6427581,0.66137403,1.8916872,0.63012767,0.07073248,0.07113568,0.19238771,0.40707505,0.48935077,0.07537549,0.26321894,1.007433,1.6844448,1.6583387,0.69641364,0.0,0.8614868,0.95656765,0.5496803,0.109864876,0.08116138,0.55183864,0.22636785,1.1709982,0.4029709,0.22771905,0.96005857,0.49870482,0.0,0.0035252075,0.7422233,1.557898,2.5040154,0.1582739,0.61644566,1.1649693,1.6269416,1.621577,1.3685125,0.6492579,0.7642101,1.1899365,0.4958116,0.051895272,3.1517553,2.0401042,0.11452224,0.0,0.04460642,0.014963408,0.0023665472,0.23075531,0.13623603,0.1441228,0.08773735,0.2845111,0.3814055,2.1521184,0.09221763,0.8137996,1.1036818,0.029994484,0.28295067,3.3201542,0.08151553,0.73536104,0.3801794,0.27051646,0.3213658,0.30478618,0.48578626,0.0,2.729809,0.91312283,2.13598,0.0,0.47666517,0.67780083,0.05815659,0.26510522,0.19659185,0.15486002,0.06525568,0.5205631,2.6161745,1.0105846,0.0,0.028440615,0.39910957,0.37979698,1.993002,1.0441879,1.9640886,0.2764835,0.010230382,2.0366874,1.2328365,0.2609842,0.90609384,0.5843551,0.076534055,0.5290165,0.12513313,0.029982308,1.7638494,0.83938485,0.15474091,0.26223522,0.8137465,0.6673645,0.32201728,0.097158626,0.4004504,0.005689323,0.07028228,2.5022779,1.8422562,0.096603334,0.35010427,0.40304694,0.6068453,0.08033028,0.50262725,0.106289975,1.3905901,5.827505,1.4529024,0.43320772,0.13070859,0.29002026,0.0028702032,0.7818709,0.26567626,1.0096781,0.45734102,4.9238963,0.9521993,0.13844092,0.33261243,0.45125353,0.5789842,0.0499507,0.38149306,0.24018249,0.9019316,0.5398025,0.44419903,0.059497964,0.7175808,0.4030002,0.98321545,1.1238348,0.019446582,0.0,0.8852609,0.8517886,1.2045107,1.0822113,0.010155731,0.18597542,0.40503743,0.8348995,1.1389277,0.16993405,0.6699158,0.6832682,0.28234622,0.440223,0.080464624,2.2939513,0.7159226,1.0464388,1.278085,0.68610024,0.016647149,2.9840057,0.39680353,0.7782576,0.8822665,0.3475827,1.3491622,0.4645799,0.20524994,0.0017472532,0.5751812,1.3441638,0.9428457,0.25935888,1.0895532,1.3455986,1.4382601,0.97178334,0.13611925,1.7720795,2.8426275,0.26798972,1.0457362,0.10002805,0.26500243,0.9008454,0.2228455,0.4446956,0.00050945143,0.048307743,0.83240944,0.33402297,0.15646313,0.63726145,0.022263829,0.5090033,1.0800685,0.06257591,2.0374122,1.3012961,0.046581775,1.0800478,0.53306144,0.046247054,3.3079743,1.0553331,0.8279931,0.23378927,0.9860663,0.7097027,0.8168958,0.47580686,0.98141944,0.39298466,0.071291685,0.44241828,0.0086291125,0.55918247,0.2344672,1.7421613,1.0761148,1.8960059,0.7419502,0.15941401,0.17612459,0.7929223,0.1077256,0.017084355,0.87404925,0.12974162,0.8678945,0.05689246,0.5458349,0.23055416,0.48209727,0.8821182,0.29699758,0.9047246,0.6270199,0.14034067,0.10699501,0.47388762,0.5991474,0.001038978,0.49997056,0.4932391,0.46227106,1.341113,2.3863022,0.0117621245,0.3077797,1.6335623,0.18043852,0.011974867,5.648787e-05,1.1115844,0.2846145,0.012622125,0.63067025,0.026771324,0.7830086,0.81864494,0.6607886,2.6305256,0.08694927,0.17098916,1.6069856,0.017092144,0.16379324,1.4034297,1.3823682,0.1283332,0.7196704,0.21644993,0.30578065,2.0156653,0.2432038,0.3706289,0.7508009,0.21066487,0.79868937,0.15285817,2.2618103,0.8038017,0.1945945,1.2248132,3.497454,0.3220299,0.21571276,0.8958579,0.46943414,0.65371126,1.2160178,0.12938793,0.059823785,0.81651926,1.9030071,0.6649151,2.106204,0.512089,0.07284509,0.18024032,1.6882517,0.7549073,0.68844944,0.014437931,0.62580943,0.021955037,1.4950057,0.15245847,0.012076098,0.517802,0.627359,0.61522645,0.72831434,0.0054552765,0.6559542,0.4574497,0.98944044,0.0,2.3152812,1.5475333,0.6323396,0.19511008,1.0675846,0.50521165,0.47712168,0.65863043,0.0033544882,0.1872728,0.40542907,0.18971856,0.006724787,0.25131965,0.5747109,0.66104186,1.8054072,0.0030613842,0.5263093,1.2821798,0.19838239,0.6176291,1.08005,0.53818536,0.186411,0.59567297,0.9158572,0.3267295,0.15371081,0.035421696,0.7295962,0.021299707,0.57777095,2.7556715,0.9229889,0.30927733,0.018613663,0.79438376,0.46278846,0.20400193,0.14570367,0.0,2.6782837,3.2883286,0.0049940674,0.25202182,0.09897308,0.19036366,0.089249454,0.10586199,1.9113408,0.3894227,0.03225211,1.3692827,all_pothole_images\pothole_images_enhanced_2bf8e511bca61ca2f88a821f3f739c23.jpg
0.22254063,0.5489543,0.24601746,2.019753,1.4234493,0.6141491,0.3524016,0.030017095,0.30617988,0.7074611,0.33749014,0.7946055,0.71095425,2.1183445,0.0088659655,0.37158057,0.17256176,2.1370797,1.4526684,0.28378046,0.82889926,1.1617703,0.19401452,0.9065586,1.2399025,0.41288662,0.1512441,1.6172532,0.0,0.27622327,0.35713693,0.40541637,0.84701025,0.6044238,1.0245361,2.482559,0.38677514,0.7807903,0.9838413,0.6143126,0.019167608,0.025756352,0.1417676,0.20721965,0.14578903,0.9092555,0.57657564,0.0019147753,1.5842913,1.9703428,0.44964716,0.27353564,0.16221546,0.12730375,0.2671772,2.385802,1.4202433,0.44866857,1.6401026,0.016361503,0.6332548,0.0666685,0.061378565,0.47641987,1.1023282,1.5312866,0.28715897,0.35217184,1.1636425,0.44968975,0.16338241,0.34267783,0.6521539,0.03773702,0.1272945,0.06468078,0.00040627707,1.0844587,0.13093808,0.2265953,0.11656294,0.6603571,0.2915178,0.34175676,0.27619594,0.19422984,0.44612032,0.031494085,2.011663,0.342236,0.7261159,0.52254677,0.8709952,0.96057564,0.004263119,0.06506408,1.5100199,0.7555753,0.54109675,1.1026125,0.81189674,3.7674348,0.88556224,0.065286644,1.1688865,0.67153156,0.17966862,0.65959036,0.1575686,0.62088037,0.01983081,0.79534787,0.9566605,0.9141775,0.86640954,0.639418,2.2883482,0.8657217,4.295805,1.095681,0.90175325,0.37791958,0.19864453,1.0283699,0.11150993,1.5395311,0.23071833,1.7520971,0.8458242,0.63012767,1.4816589,0.0,0.7812839,0.099139795,0.04366796,0.95772886,0.9867463,0.942347,0.73194206,0.09630686,0.80331933,1.1223059,0.17392033,0.6035263,0.0067954827,1.0754671,1.5061984,0.9703404,1.4873308,0.4164453,0.43073022,1.1904703,0.0654714,0.1257664,1.5892769,1.6312187,1.6467671,0.4593999,1.0672965,0.6393316,2.2229233,1.9964229,0.052421637,2.2335818,0.045253042,0.41205993,1.4011536,0.0489584,0.99665326,1.7979468,0.6835493,0.20219766,0.07586988,2.0910444,0.66220677,0.036785122,0.0,0.0,0.49061987,0.107277945,0.14255075,3.127962,1.1198126,1.1581132,2.911547,0.63156265,0.833267,2.1173434,0.87149215,1.350323,0.835935,2.484227,0.13775794,2.2094154,0.24405748,0.8404404,1.4746296,0.32073337,0.5972262,0.11668344,0.022053694,0.94712484,0.29154134,0.061470974,1.4125705,0.56813496,0.40409583,0.73137236,0.81010157,0.64584196,0.032892197,0.09747702,1.5114279,0.09383389,2.0885794,1.0632182,0.3067117,0.077579305,0.24000607,0.73808897,0.17463627,0.8517368,0.76721925,0.09663179,0.04682932,0.14513409,0.18077087,0.25001004,1.8973974,0.1342941,0.011503178,0.093048,2.7515912,0.33659798,0.29585525,0.20638506,3.514766,0.0,0.5902979,0.29495892,0.123190574,0.0014354766,0.15977325,0.6317528,0.1185397,0.053173244,0.68179476,0.14687666,0.5290591,4.294728,0.2799156,0.24533553,0.77838117,0.8961118,0.16541366,1.747482,0.2467626,1.6735833,0.16933784,1.2890522,0.4936929,0.0,0.5909396,1.8606931,0.86044294,0.16167687,1.8099238,0.6467282,1.4350328,0.016623778,0.1311392,0.17691354,0.057960752,1.7777756,0.7117633,0.7647657,0.5722519,0.15323687,0.7101325,1.1089485,0.44022432,0.080415934,0.4472468,0.27696908,0.8780502,1.4809288,0.9816522,0.34082583,2.025652,0.7484529,0.25237793,0.006717461,0.052799482,1.9977419,0.74859464,0.03305033,0.32540387,1.1847297,0.14941181,1.3079106,1.0450121,0.6744785,0.04235355,0.3516396,4.5197697,1.4408631,0.00043928897,0.31440774,0.6544531,0.5311968,0.54222155,1.0681759,2.1519122,2.2961786,1.3111321,0.38275427,0.010141935,0.5813998,4.8943243,0.0,0.6114443,0.082788624,0.07892664,0.15866387,0.25962108,0.82739985,0.12951913,0.36818397,0.16338822,0.0025638659,2.3503408,0.5124768,0.65584904,0.003224742,0.0,0.06553184,0.5694585,0.5716126,0.1368302,0.9528729,0.5276591,0.08090899,1.5635774,0.879568,0.8384322,0.6971547,0.09875258,0.21135116,0.21277466,0.7381612,0.0015099307,0.36517146,0.30088788,0.13052371,0.056346517,0.32701236,0.02277404,2.7678652,1.3731349,1.5491383,0.31247184,0.6054538,1.2113861,0.24068692,0.011414852,0.124278925,1.1488675,0.09143039,0.081137195,0.59129477,1.8766049,0.23848104,0.40364587,0.0,0.5206117,0.52356577,0.002540506,0.0006820794,0.5810776,0.22828655,1.6738461,0.03136479,0.50640786,0.4693833,2.8175032,0.31329095,1.2667549,0.02062395,0.8804403,2.2447727,1.623202,1.0234777,0.036295418,0.0,0.44658712,0.11708414,0.7768573,0.37808597,0.5767729,0.2104415,2.0442455,2.308316,0.6166797,0.20471923,0.8651459,0.072553694,0.10691818,0.66870445,0.025491126,0.035350457,0.42341372,0.27509972,0.048761763,0.5254976,0.008986837,0.46050683,0.9988023,0.97667754,0.4605698,0.09198155,2.3865368,0.9848878,1.792944,2.7572265,2.4175491,0.68868417,0.22673781,0.99624836,0.5386097,2.3933403,0.26246312,0.25929436,0.72311246,0.7978069,0.93421376,3.1230268,0.18312114,0.25922793,0.36512125,1.663397,0.32370844,1.5636492,0.2636488,0.4664423,0.06823163,0.2325404,0.3215673,0.09934624,0.12301795,1.2678945,1.1300694,0.19932865,0.7213837,0.50770754,0.9462446,1.2270807,0.75407773,0.4718659,0.9238031,1.9494641,2.0011613,0.57710505,1.6148148,0.21433094,0.55175424,0.3606878,0.11969618,0.0,1.002208,0.8519723,0.31796658,2.5357344,0.05327459,0.36775556,1.6133677,0.11193791,1.9992311,1.3885062,0.7658392,0.29430884,0.118021846,4.1307597,0.26870668,0.15668976,0.07903843,0.14397317,0.24187705,0.0,1.3664477,0.23311312,0.3347068,0.6208464,0.974683,0.09941883,0.2760754,0.32251725,0.009404027,0.16832453,0.021035675,0.7562112,1.5233704,4.1823034,0.8585085,0.081971556,0.320079,0.802394,0.60040027,0.40221614,0.68894655,0.4265911,0.04959701,1.2953178,all_pothole_images\pothole_images_enhanced_2bf9d2bff920f4761b196cfc13292b64.jpg
0.3610227,1.3432262,0.909457,1.4501679,0.006399028,0.005657039,0.06245177,0.0693188,0.69304377,0.5855121,0.568853,1.1963017,0.0,1.5876431,0.05101686,0.4090896,0.2514204,0.020309674,0.5054445,0.0438277,0.781279,1.1769898,0.57617116,0.91815853,1.0234559,0.3588464,0.08378119,2.5551274,0.06045924,0.81740636,0.013910864,4.8463375e-05,0.2333333,0.3302679,0.22722556,0.4347168,0.05782281,0.95096266,0.39978883,0.29027155,0.077868596,0.10634769,0.283211,0.0,0.11758416,0.15209758,0.4046447,0.13731638,1.0025771,0.2263718,0.039540164,1.2918785,0.43645236,0.10695248,0.36825296,1.8065991,1.0248604,0.11126263,0.08640421,0.34555048,0.0,0.045897827,0.82025075,0.20656407,0.048458863,0.41513053,0.10327388,0.0,0.0,0.13418217,0.4224036,0.098394565,0.26175195,0.02231665,0.6568147,0.18619223,0.79216266,0.48458964,0.0,0.01525194,0.28746986,0.7424388,0.4064358,1.9096494,0.3885759,0.15993801,0.18904456,0.0,0.9694355,0.24337834,0.034017637,0.23801571,0.46780056,0.7860428,0.75501484,0.08043168,0.18610713,1.398849,0.32175156,0.48842454,1.1328328,1.2052883,0.0664555,0.53036493,0.71076673,0.18586586,0.3159879,0.2777685,0.0026992748,0.99721617,0.8995139,2.1734455,1.1783245,0.24921341,0.28052813,0.23084271,0.00503021,0.059830733,1.1725129,0.7643912,1.9635895,0.0066253236,0.0,1.8736882,1.7908406,1.0430543,2.663944,0.098299235,0.33054286,0.48878625,0.004575521,0.0038994446,0.055888135,0.8994564,1.4264312,0.8675408,0.07878294,0.10275572,0.073384315,0.030246489,0.61781085,0.17882024,0.17204787,0.8505275,0.22899044,0.006030737,0.019848865,0.1703623,0.47973797,0.06370695,0.37667942,0.29437497,0.12122107,0.3862315,1.1383499,0.011950072,0.08287681,0.8215561,0.072118744,1.4415156,2.2302105,0.52010053,0.073859036,0.82871026,0.269274,0.27430886,0.20505409,0.031278193,1.9763395,2.409107,0.04056441,0.0017028021,0.37997934,0.008512858,0.1430972,0.10519407,0.5676334,0.0,0.208604,0.376817,0.10282979,2.2097173,1.391197,0.41850814,2.9788635,1.6711727,0.06398862,0.46249253,0.3906166,0.19924764,0.42517412,0.13646129,0.35048103,0.59605247,0.6956839,0.013060258,0.8089244,1.6833913,1.0491848,1.2077527,0.1986919,1.3846635,0.0,0.26415068,1.1094487,0.6118639,0.044255026,0.014210852,0.6496822,1.1805875,0.0015483301,0.038917586,1.1560172,0.3026761,1.2198715,0.8519631,0.48078233,0.02190548,0.2737653,0.21592839,0.24723794,0.21604735,0.4746064,1.0592024,0.0,0.0,1.5005854,0.0021249207,2.97146,0.11083026,0.41040388,0.0003752752,0.0876664,0.33065757,0.39348733,0.15598962,0.2526458,0.0,0.09272077,0.0008003079,0.24695385,0.36086312,0.060153812,0.012078414,0.12634179,0.01673184,0.3020212,0.07291321,0.96643794,5.9549365,2.2494998,0.37826163,0.101060234,0.02375429,0.5679362,0.31328675,0.69091505,0.31593838,0.57064515,1.1975267,1.2794921,0.65717024,1.0010395,0.16980922,0.38231423,1.0512897,0.19016936,0.86938965,2.1868758,0.3978614,0.3674161,0.024890129,0.52549726,0.73502475,0.17521912,0.4989755,0.1084489,0.56216645,0.004619655,0.4744165,0.29549414,1.2349968,0.73418915,0.019773891,0.56524616,0.9734017,0.79380757,0.25114167,0.19554767,0.0,0.0,0.0070729605,0.056932457,2.6512382,0.7558976,2.6661024,0.292646,0.27162042,0.04897065,4.3323045,0.15241744,0.49594897,0.0,0.40337428,3.3560314,0.2764172,0.37576425,0.1212273,0.36356634,0.33785293,0.00075890153,0.5387537,4.448054,4.101905,0.13599037,1.10864,0.096703246,0.5543248,3.508407,1.0377578,0.785492,0.0,0.5562325,0.622185,0.24733816,0.45077196,0.5960988,0.03809948,1.0998267,0.026981274,2.9253879,0.46735942,0.04911689,0.10195039,0.32360446,0.015454741,1.7262652,1.3881084,0.09080766,0.56897694,0.98562586,0.28992116,3.5743556,0.94946754,1.4263414,0.6238668,0.63265735,0.25572777,0.8030841,0.004440817,0.40428045,0.15350312,0.0047153085,1.4957181,0.34219927,0.5110444,0.0,0.4053392,0.30551535,0.5048982,0.17100598,0.06500032,0.95693547,0.4554007,0.012991257,0.0,0.5044279,0.32948428,0.37780645,0.2987474,0.3024911,0.79522663,0.30165866,0.3436356,0.70088357,0.3414827,0.009166485,0.7225502,0.8910194,0.9320559,0.14856467,0.059059072,0.3392084,0.6514523,3.1623218,0.4401404,1.163851,0.9758047,0.07421623,1.8457862,0.65484005,0.7522006,0.045326285,1.0690106,0.0,0.45321083,0.16725774,0.68931484,0.021081872,0.14787585,1.3945032,0.90679246,0.2629848,0.5717558,0.41312528,0.028100507,0.25822234,0.62777287,1.2055874,0.4470949,0.0,0.0951013,0.10995665,0.6827166,0.40347785,1.1761258,0.80394083,0.28989586,2.4265146,0.53545606,1.1135445,0.54719424,0.6920807,0.31064484,2.304419,0.07831924,1.1641995,0.3023838,0.8793125,0.16379654,0.9450676,0.22102429,0.0,0.69706774,0.5140369,2.7025669,1.0921917,1.5962673,1.6144636,1.0517244,0.12629691,0.25216025,0.003565403,0.0017442243,0.033617955,0.070112504,0.18736683,0.1252994,0.004758206,2.178436,2.0298963,0.18561015,1.8177744,0.113250256,0.9907327,0.9279506,1.4101497,0.074734025,0.038397826,1.3056202,0.8925963,0.02666508,0.24377501,0.04649086,0.752193,0.50746244,0.02203936,0.110282175,0.07150707,0.48279202,1.2155378,0.68747085,0.020583922,0.4685491,1.2211514,0.01272506,0.3947272,0.2151251,0.4082765,0.09560141,1.8773468,0.2648647,0.5011531,1.4323374,0.15634082,0.04789032,0.73634845,0.0,0.6166117,0.0,0.30006784,3.2273023,0.28606406,0.0009861664,0.007370987,0.11349736,0.28830582,0.20203376,0.035030216,0.0033006303,0.06766116,2.7243724,0.86696297,0.8616593,0.33516902,2.0491917,0.34489655,0.54745865,1.0351003,0.0,0.9301754,0.006265527,all_pothole_images\pothole_images_enhanced_2c217e609f21b852f0cf87bd412701b1.jpg
0.50328267,1.8454337,0.41075975,2.2594934,1.4196783,0.53601635,0.65742344,0.428922,0.05091377,1.804702,0.3319617,0.15418556,0.9388925,1.3580949,1.1716638,0.5297534,0.2581738,0.22878164,0.79755896,0.71425676,0.4482872,1.9414685,0.68125,1.464393,0.65305865,1.4809458,0.73842037,1.5100195,0.6637587,0.3589591,0.7892816,0.9732785,1.2875139,0.09100222,1.0891333,2.5497441,0.46247053,0.22895661,0.028595958,0.43142566,0.0,0.009127761,0.38559854,0.7136207,0.61933947,0.24574588,1.5827919,0.21700065,0.48625642,2.0109403,0.15331835,0.8216958,0.34193382,0.34274167,0.37497646,2.4621947,2.726509,0.08798953,0.32277378,0.18207137,0.5498498,1.1209558,0.5326363,0.1340805,1.1602436,0.31336993,0.6210876,0.65740675,0.30205834,1.9462068,0.5006661,0.66106427,0.19615448,0.14766274,0.32038915,1.4585518,1.1980093,1.1013728,0.2808741,0.6254894,0.8826491,0.23634851,0.08749127,1.6846061,0.76167995,0.2469765,0.9370339,0.09801461,3.0379689,0.16205089,0.010719895,1.4429582,0.24947749,0.23546055,0.30009168,0.01931068,0.35026646,0.67650974,1.21592,0.8735729,0.43139192,4.349019,0.37023,0.02801946,0.09384974,0.28642082,0.33161107,0.4557559,0.3840088,0.55703485,1.3713983,0.49886575,1.8242711,0.43783054,0.8644199,1.0255002,0.6398229,0.23790048,0.87180775,0.88553447,1.4860814,0.718979,0.45712423,1.4782058,0.83188576,2.3040864,1.9440323,2.5990226,0.38153285,0.6181878,1.108767,0.0034761862,1.3028488,0.19509223,1.0109478,0.44232652,0.36101696,0.8786215,0.9704222,0.2996541,2.5603516,0.1628015,0.59116405,2.0083902,1.3043153,0.47389898,0.5165662,0.06524761,1.1392851,1.512561,1.340687,1.4512824,0.05689654,0.8903557,1.0451016,0.5633028,2.0966027,0.26831833,0.19562308,1.0556678,0.7334133,0.31663388,0.051510956,2.14116,0.051247742,0.46410778,0.5716157,0.9216144,2.0524657,0.21715324,1.3540151,0.017507618,1.3379222,0.8548414,0.31575894,0.0019404246,0.5857498,0.0,1.4145865,0.76002717,0.6076994,0.81873167,2.127687,0.89605266,2.1717608,0.21098109,0.057930414,0.63378376,0.4293502,1.8648663,0.7053515,0.76452845,0.41664925,0.9166051,0.031651594,0.5241671,0.01672884,0.014028362,0.054427437,1.3731097,0.27376163,1.2811844,0.9168066,0.79963964,1.593839,1.6897721,0.38894403,1.7677678,0.20154367,0.73183936,0.25502148,1.0169916,2.2332125,1.6966988,1.8269833,1.9061457,0.7128981,0.20686865,0.89730996,0.26128095,1.6468313,0.10046851,0.1611694,0.040962033,0.013850618,0.9741919,0.33627066,0.39719358,1.0867398,0.102437004,0.8183197,0.55657583,0.15505767,0.31091395,0.5477938,0.010684957,0.5364771,0.10412566,0.08799734,0.41883916,0.95548373,0.00011282155,0.37641722,0.1792019,0.3012804,0.108882435,1.0383636,0.07989098,0.9031638,3.6789544,0.4419807,0.29400334,0.67486227,0.37881252,0.24196091,0.7077142,1.3812339,0.08558681,1.4317504,1.9849551,0.5645331,0.91229075,0.16495913,0.29564035,0.29946008,0.25819695,0.2073531,1.062645,1.6169679,0.34915102,0.6361184,0.18432274,0.3621201,1.1107671,0.6665839,0.69985247,0.9616883,0.22555429,2.1128247,1.4649614,2.5633252,0.024633614,0.72502655,0.6368731,1.3987834,0.5543513,0.20233767,0.25813377,1.4442008,0.4945759,0.5310423,0.6188063,0.070465036,0.6128377,0.23006496,2.8912134,0.34881687,0.03389194,0.53753114,0.9999665,0.15050468,0.89691114,0.63522536,0.47236958,4.674558,1.2416493,0.29296824,0.5819374,0.2884348,1.6677105,0.15626149,0.95171255,2.219845,0.9347571,1.0724568,1.2569621,0.20093335,0.5214157,1.0258269,0.118179835,0.007789421,0.893251,0.09046374,0.42219046,2.3670638,1.2920456,1.3062613,0.17086636,1.1664937,0.2497672,1.996956,0.44171613,0.7560191,0.44285947,0.3562092,0.0035934388,1.3840201,0.44329402,0.16706899,0.9333499,1.4646544,0.97249186,1.3351833,0.17774874,0.48287353,0.18732467,0.6227745,0.0023996367,0.79007727,0.2987831,2.2873876,0.29018295,0.68810755,0.8673843,0.05117366,0.20822312,0.11875865,2.1369252,1.2388505,0.4791238,0.21803513,0.106480755,1.2501558,0.59310424,0.0024900802,0.088474125,2.470947,0.3565571,0.594184,0.018040724,1.5479555,0.6881393,1.181999,0.584507,1.2135134,2.1460402,0.07020521,0.29454157,0.23513152,0.26348355,0.16681196,0.15940182,0.8588408,1.2840599,3.3309531,2.228414,2.7572849,0.21878363,1.7217221,1.6965126,0.81747615,0.48186916,0.6652863,0.1887942,0.18258764,0.103025734,0.18720405,0.016952785,0.926749,0.964681,0.8939067,0.5180954,0.24149786,0.75977325,0.19325209,0.25156415,0.11368637,0.4293764,0.022374356,0.7641632,1.8700125,0.37369823,0.68695474,0.38841695,1.1078954,1.4210293,0.98215544,0.96749294,1.8774495,0.05726672,2.5933962,0.520543,1.3716456,0.41591316,3.0203962,0.624544,1.3258739,0.81568956,0.37043586,1.2638016,1.0576276,0.2104679,0.06769008,2.047976,0.4876639,3.9925823,1.3733368,0.29816112,0.026189322,0.28219444,0.6597528,0.9076964,0.07635349,0.2985219,0.7011913,0.63615555,2.3635788,1.2072012,0.77104074,2.5580568,0.28415608,1.4096938,0.6676339,0.5828537,0.66952205,1.302137,1.5434933,0.899881,0.6269616,0.2653773,3.4829268,0.0,0.20978612,0.90393525,0.98852843,0.65424967,0.3400406,0.112129,2.3263233,2.1064768,1.5843325,0.98587406,0.28489208,1.3383863,0.84992623,0.44747964,0.022430273,0.5058676,1.6401641,0.15460856,0.743836,1.7471306,0.30150566,2.1133125,0.06642457,0.0619488,2.268963,0.2093375,0.061395664,0.7116771,0.37023178,0.83392614,1.5019345,0.11314273,0.0,0.26828897,0.010453449,0.9130141,0.32212567,0.0,0.16705596,2.6913354,0.19166046,0.35272947,1.4959241,0.48209393,0.007061734,0.5074104,0.23966497,0.45263547,0.29529026,0.43901667,all_pothole_images\pothole_images_enhanced_2c48294e278600e34fad1e788669d6ae.jpg
0.08757618,0.45847222,0.0946937,3.8481112,0.08404199,0.052135475,0.48655045,0.0,0.3779998,0.8643919,0.13382335,0.22979742,0.040539276,1.6741023,0.003239738,0.0059426157,0.016825581,0.36021048,0.41909632,0.0032054286,0.25693995,1.6290666,0.008620762,0.2935244,0.91654366,0.9980579,0.3936196,2.378717,0.10538246,0.7728402,0.8806504,0.13640454,0.13836797,0.0,0.037740063,1.2722424,0.619861,0.29369852,0.45184535,0.089982145,0.0,0.65103966,0.61886,2.0154095,1.257516,0.0,0.26421565,0.017333908,0.35889503,0.1329369,0.29635707,0.11770546,0.024472376,0.09978709,0.0037553776,1.085985,1.9894371,0.008069837,0.2287763,0.024293058,0.00077685737,0.085965395,0.3478311,0.4737399,0.71970725,0.26480025,0.32120606,0.0076897326,0.009771636,0.07289987,0.4021134,0.56540966,0.09201819,0.099347025,0.5275424,0.37357083,0.05342427,0.0739299,0.006391988,0.0016830042,0.276087,0.17931901,0.23578055,1.9197236,0.0,0.010903278,0.08408746,0.010787261,2.459909,0.12289594,0.043652486,0.020083236,0.026060196,0.0871013,0.18815368,0.0,0.4506923,0.7502801,0.89697313,0.3871484,0.010403749,1.0607691,0.33567765,0.046057682,0.8874083,0.061275836,0.15248963,0.0,0.36194956,0.108121075,0.011332271,1.4567215,1.2236706,0.006894381,1.6480775,0.25866538,0.101713344,0.031902175,1.3938715,0.11587349,1.0956075,0.0,0.4241093,0.89694136,0.30266705,0.16812237,0.22491984,0.034733064,2.0225813,0.04360045,0.026024582,0.11025601,0.07519784,0.012412565,0.35548133,0.1553524,0.057522528,0.26168612,0.7874748,0.02612629,0.18030162,0.067839466,0.13700186,0.017225958,0.04160211,0.85456735,0.003044371,0.57737356,0.538011,0.015268649,0.52328384,0.43189353,0.016486835,0.062282547,1.4288087,0.51166093,0.056914844,0.040963985,0.26145634,0.21272609,0.5961951,0.8566574,0.15110432,0.86382866,0.51653945,0.012174777,0.7574621,0.12161237,1.8068167,0.89541376,0.0033320005,0.058323137,0.07713092,0.15032354,0.61223483,0.053940568,0.97407943,0.106856056,0.22455662,0.0,0.024845628,1.720256,1.5814298,0.030418526,1.3349304,1.2905883,0.34096557,0.33216578,0.059819236,1.2208587,0.26738453,0.27857804,0.017305406,1.0448773,0.2603714,0.0,1.0042024,0.65402895,1.7872021,0.73725086,0.087405406,0.5536228,0.43013516,0.7677224,0.04389445,0.011611637,0.023985324,0.33693257,1.409166,0.06276514,0.0,0.0,1.4954562,1.0722884,1.3018086,1.8567276,0.0374736,0.23166788,0.1357948,0.34334454,1.8318199,0.0,0.0,0.24225667,0.0,0.16139585,0.8758794,0.0018742738,0.6451773,0.4583256,0.367126,0.2694841,0.12785313,0.027649134,0.5583617,0.009568506,2.549304,0.0,0.20970064,0.23766142,0.15823118,0.08559933,0.15963176,0.37384403,0.037219293,0.015921293,0.6981623,0.12845404,0.3363348,7.2480216,0.66041285,0.014588854,0.07876486,0.14387198,0.007458176,0.020930417,2.1858876,0.006833449,0.4417252,3.571284,0.0,0.39429492,0.92199755,0.21115768,0.16047756,0.61059433,0.30572206,0.001442868,2.377541,0.07633954,0.03534066,0.004320046,0.20510179,0.0,1.0865885,0.9718456,9.4365554e-05,0.056819666,0.45806965,1.1182638,0.8655579,0.24550301,0.030164976,0.48544383,0.09403718,1.1732949,1.3175853,0.75856185,1.7884945,0.037637074,0.026883706,0.021431131,0.18716851,0.3623762,0.25511336,0.047847785,0.0,0.37387878,0.09517826,1.8342892,0.34582534,0.42333424,0.001920381,0.11566429,8.413615,0.69818425,0.17250432,0.2996492,0.010659225,0.15146121,0.27142847,0.56353074,3.0116863,0.022817254,0.4804037,1.3068635,0.03446103,1.8779223,1.6039662,0.31439182,0.0,0.0,0.0,0.06529006,0.1032599,0.55216545,0.9399247,0.10702963,0.15464622,0.18858683,3.020529,0.009987426,0.0,0.23972312,0.13112806,0.016977096,3.9657962,0.3801779,0.09717163,0.08514582,0.91860384,0.9418151,1.4158431,0.46729714,0.5614164,0.28354892,0.26218173,0.557854,0.57215357,0.5334447,1.2617935,0.33886644,0.11442963,0.18508132,0.12296941,0.0,0.6825988,0.504424,0.14625607,0.2315272,0.022201339,0.25554726,0.1616745,0.85094076,0.0009026801,0.0010111406,0.87421626,0.11395332,0.0134305395,0.42270845,0.27097452,0.072668225,0.047818072,0.0,0.18927212,0.11395958,0.0023509464,0.0,0.15736993,0.2613992,0.123976745,0.011349946,0.38515767,0.24271731,3.5996695,0.24413422,1.4580891,0.002673363,0.0072262855,1.2459235,1.2869622,0.105344996,0.12624721,1.3611267,0.0,0.02092066,0.22449687,0.20070209,0.0,0.0,0.031367257,0.73481935,0.18800186,0.16036738,1.5826555,0.4900405,0.35676262,0.32114926,0.44855016,0.018258309,0.13529363,0.01782303,0.022071198,0.056371808,0.0,0.03342443,0.7742451,0.44653207,0.28504953,0.0,1.9683214,0.0060888724,0.72970253,1.3310192,1.7018495,0.35958943,0.5085594,0.7935431,0.14478628,0.037426688,0.06786719,0.07116084,0.01266132,0.046323728,0.0,2.5993729,0.112285584,1.1149014,0.38506293,0.72652286,0.20241067,0.2780838,0.6812093,0.07069919,0.061589886,0.003952518,0.43345198,0.25412083,0.54725784,0.16879375,2.8569217,0.2104369,0.34314322,0.17232414,1.32829,0.50370073,0.86167514,0.28230146,0.026183907,0.6598377,1.2109128,0.08530846,0.5428973,0.0069445954,1.3481319,0.22470202,0.0,0.0,0.067782864,0.8083032,0.10108824,0.043599956,0.22554311,0.18174726,0.096716486,0.13686599,0.6543758,0.22152139,0.16345102,0.038710132,0.0,1.9150966,2.4069624,0.11959567,0.048173893,0.41995806,0.5025623,0.0033398806,0.25738353,0.10928973,0.024138227,2.1769392,0.0,0.0035651778,0.0,0.00032789246,0.08973797,0.038707282,0.0,0.023167461,0.21718343,5.675023,0.42011642,0.06987465,0.035476007,0.8192244,0.2957569,0.02194082,0.08844156,0.671137,0.0,0.015840784,all_pothole_images\pothole_images_enhanced_2c68ad9b71267acc109196d514be3709.jpg
0.4471853,0.52872634,0.028403552,3.5768762,0.47659242,0.70134807,0.6742175,0.11670281,0.06161166,1.3840253,1.1091791,0.572244,0.022074662,1.6382686,0.55842286,0.66772753,0.020123878,0.09365514,0.53132755,0.26396704,0.7904781,0.2560582,2.1318328,1.2237093,1.0849731,0.39260265,0.1574386,2.257048,0.4413484,0.54053015,0.27539396,0.0,1.0872056,1.0761983,0.03258569,1.745347,0.31592655,0.33370784,1.2848691,0.3765142,0.5535365,1.2801383,0.9575146,0.3015459,0.3568182,0.4662911,0.046435688,0.21591896,0.7819863,0.26797885,0.34983334,0.1432301,0.3598776,0.61222166,0.449072,2.1201992,1.0029932,0.19801556,0.85889065,1.1656694,0.36632818,1.0806403,1.6599782,1.4295635,0.8270607,0.6067546,0.7579672,0.23830676,0.11036278,0.43700263,0.7924792,0.12761073,0.40054363,0.2529147,0.073844224,0.1682715,0.13116096,0.8353532,0.44957122,0.9584197,0.0,1.1053331,0.6213435,1.6711824,0.013939445,0.4383699,0.11797997,0.0,1.8011159,0.41712093,0.84619904,0.80754554,0.055067405,0.10136217,0.46846843,0.002147578,0.24366763,0.13500056,0.59445757,0.8482466,0.1599118,4.2444425,0.19670518,1.3342581,2.5602508,0.16997282,1.2017382,0.7258823,1.3190445,0.69222283,0.13874963,0.9178173,0.19621359,0.29732883,0.83700716,0.0498631,0.54659486,0.5931413,2.9323437,1.3672988,1.2459769,0.0,0.6424175,0.64596814,2.4395933,0.64963937,1.1162877,0.18679027,0.13589732,0.20361207,0.30217776,0.3082475,0.21936455,0.22616866,0.7129131,0.84330773,0.51564676,0.22197604,0.5109347,0.45284596,0.26058337,0.46279895,0.10485976,0.28954777,0.28321943,0.8354266,0.15038303,0.4624995,0.47441444,0.9291922,0.10962507,1.9540498,0.11825152,0.6130981,1.190209,1.1855543,0.67657685,0.0395287,0.67710346,0.35497883,0.57293755,0.6722014,0.009740048,1.24906,3.3430207,0.16694127,2.0952032,0.07236903,1.5250086,2.4741704,0.42134887,0.4231083,0.022725997,0.13766544,0.08308118,0.3362661,1.8074985,0.015125495,0.14178185,0.7143005,0.071930215,1.2062812,0.466208,0.94517875,1.1674887,0.19866155,0.4688617,1.2580144,0.20111243,0.84675276,0.40740258,0.010981581,0.0063920734,0.9350165,0.4893355,0.9094579,1.3144579,0.9408563,1.0826945,1.2873834,1.4038088,0.91676843,0.71741104,0.379298,0.14517204,0.026396882,0.6192081,0.06245977,1.3895147,0.8403812,0.061730437,0.13290052,1.8548932,0.275756,2.3751998,0.6604632,0.4076053,0.4120447,1.6322131,0.07004398,1.9753252,0.11257677,0.288927,0.6615662,0.1707532,0.20250453,1.3393937,0.67546856,1.2218959,0.7767904,0.2501715,0.62360376,1.1534522,0.07350014,1.4910665,0.056192674,1.3941503,0.06542816,0.7298481,0.55766195,1.0060526,0.20943473,0.11844751,0.21353985,0.09781645,0.0010633026,0.16823578,0.33699828,1.1812985,4.159379,0.73784786,0.3113285,0.08603743,0.40641215,0.5123589,0.009240565,0.8593359,0.9911011,0.30280074,4.4494376,0.53113306,0.48030362,1.1312573,0.45586613,0.03733013,0.15562464,0.8069788,0.12067886,3.1757224,0.2038617,0.4218557,0.043872386,0.52164334,0.022072705,0.21817236,1.2016398,0.3783423,0.34490743,0.23175293,0.43929785,0.21116279,0.8515828,0.51091623,1.1486508,0.15761946,1.2784029,1.3733711,0.8364507,1.1833936,0.0131667415,0.04285712,0.11494926,0.11126481,1.8846568,0.3777994,0.32245928,0.06200165,0.33550736,0.083594635,2.2426534,0.5917507,0.13208973,0.2538685,0.20865855,2.3004248,0.601104,0.57347447,0.05859232,1.2524054,0.6874925,0.015254824,2.0132337,3.2019114,2.4939823,0.3500829,0.94417757,0.061305173,1.2205713,3.597443,1.015834,1.1835257,0.07238637,0.61172384,0.31472823,0.5141239,0.9968286,0.23866583,0.091525584,0.7747424,0.7302176,1.501269,0.41778976,0.17756529,1.7452302,0.0006613972,0.06380278,1.5396734,1.6731923,0.59839714,0.19852243,0.7315359,0.6585928,2.0293226,0.75136536,0.6601641,0.18288963,0.34022608,0.7863139,0.33446446,0.83626807,0.28575364,0.21486095,0.09952263,1.2198199,0.14109352,0.14055206,0.2013435,1.3151634,0.3019858,0.23559386,0.2513291,1.1300162,1.212326,0.38664097,0.026685309,0.8795475,1.1894796,0.019676415,0.20830072,1.2507753,0.5244843,1.281787,0.47718328,0.12774235,0.30732742,0.41497552,0.60739315,0.122135766,0.5506872,0.024871178,1.1862322,0.12092436,0.57244,1.1657563,2.5692458,1.0546411,2.664561,0.24318843,0.34640908,2.8214948,0.31193796,0.44858277,0.5593191,0.22229043,0.09787011,0.4996749,0.950931,0.49018833,2.2988563,0.0,0.65275323,0.55252033,0.6002148,0.4076374,0.8863379,0.9537159,0.8339958,0.05347208,0.43815276,0.008313029,0.31158686,0.22736582,0.38208,0.31446955,0.34710348,0.45066336,1.0344703,1.1854033,2.021936,0.25489417,1.8627225,0.4173072,0.84133184,0.8497864,2.4747276,0.26625305,0.7242922,0.012047724,0.2265156,0.7185743,0.6468888,0.38996124,0.6106398,0.7342454,0.3175879,0.87488127,1.093588,1.2296045,0.03373398,0.4136421,0.9905014,1.2033867,0.8634048,0.042150408,0.25147298,0.0,1.2383617,1.0844911,0.34356385,1.0852492,2.0914981,0.25145486,0.7221598,0.9421012,0.2623867,0.5487521,0.23415804,0.1305703,0.9710131,0.5307271,0.5013227,0.29976493,1.543038,0.20630458,0.5133779,0.689177,0.008789496,0.08741986,0.76727486,2.5570962,0.9166445,0.9828978,0.16703437,0.31149197,1.1838642,0.20154727,1.1918935,1.528716,1.4364563,0.46578917,0.3862024,2.1112838,1.9347687,0.7374062,0.32137933,0.9659829,0.81080335,0.029818935,1.3427043,0.80021435,0.6837182,2.591997,0.05844735,0.08686702,0.16938835,0.08525614,0.3848004,0.36705843,0.22738959,0.4044726,0.3642047,2.9672608,0.46824124,0.29412508,1.0972941,0.4665149,0.9161,1.7884324,0.79298025,0.6758137,0.13003828,0.12836501,all_pothole_images\pothole_images_enhanced_2c77700027597cc93270acd47e68a615.jpg
0.3213945,0.44805852,0.02436739,3.3793004,0.9392273,0.03792734,1.071639,0.0018797513,0.1644983,0.7862977,1.4363903,1.3240882,1.4470265,2.7301493,0.21716845,1.358695,0.030227335,2.837261,0.49242765,1.0020623,0.20148575,0.7205611,0.52167594,0.35682473,1.6858567,0.77283436,0.186432,1.7851087,1.0510839,0.22424497,0.08838957,0.7358884,0.4759522,0.38008294,0.12692708,0.44070566,0.033529654,0.7823271,0.8756237,0.11653989,0.017024985,0.44600034,1.2209306,2.0322614,0.7363518,0.26702794,0.5016869,0.06343278,0.70931584,0.29592723,1.0260762,0.47970098,0.23404296,0.88553864,0.4412089,1.8185681,1.2340375,0.14679864,1.2908788,0.9034312,1.1793215,0.9032795,2.1565123,0.73452145,0.7416243,2.2523737,1.0424,1.0040613,0.28668755,1.0602046,1.2736409,0.074162334,0.23046547,0.3245734,0.86626005,0.009276508,0.6050918,0.7607483,0.43455714,1.3426164,0.0,0.005833909,0.44288096,1.0573043,0.8561208,0.3998912,1.6582184,0.023866748,1.1022502,0.42761466,0.050404616,1.4813894,0.38124433,1.1379043,0.29230613,0.15963383,0.6061555,1.490703,0.44813094,1.2365946,0.036069863,1.6872034,1.6326032,0.58385235,1.4383783,0.07029902,0.8110986,0.015329227,0.22072203,0.9584774,1.953723,1.3716087,0.37059504,0.1321673,0.6307358,0.6461042,0.02802818,1.1949847,1.5561165,0.93579286,2.277229,0.13823153,0.32793984,1.3362333,2.2110097,1.0295421,0.9375089,0.17665412,0.3740727,0.15424436,0.79159796,0.1940403,1.6373835,0.5442014,0.06317002,0.42231247,0.66579795,0.2862802,0.10103891,0.13974433,1.0620147,0.58214337,1.1902636,0.6034648,0.28484586,1.1803973,0.006747858,1.8129553,0.6764252,1.2914351,0.5711614,1.6404991,1.2970876,0.9413564,1.0747327,0.22048336,0.3102846,1.0068073,0.43185058,0.02008428,2.0417998,3.121159,0.09376948,0.7184702,0.483717,0.3100618,0.25541487,0.53169703,0.46755096,2.0120885,1.0960269,0.16949621,0.06961379,1.2866881,0.95548636,0.6153677,0.2834402,0.09994879,1.4087343,0.49471346,1.0366472,1.8787374,2.1246414,0.6372592,0.87655896,0.7042275,1.4424809,0.8827873,1.297333,2.9276125,0.5182147,0.41265213,0.24216679,0.3267132,0.13450833,0.05446479,2.6493113,0.35714307,0.32287663,0.4805041,0.6517983,2.1395357,1.4317129,0.4381328,0.3704486,0.07607703,0.36993128,0.8811264,0.86163384,1.9013419,0.08779721,0.332324,0.74719936,0.18371786,3.9434347,1.9667969,1.457867,1.360836,1.9483607,0.34430888,1.1108098,0.43901864,0.7053853,0.2986778,0.021727113,0.3808895,2.4545689,2.8016264,0.70662093,0.54635286,0.5945987,0.05164087,1.4547421,0.32085273,0.18279377,0.006277741,1.3385546,0.91734266,0.011367384,0.327011,0.6143523,0.09609658,0.24889585,1.4555374,0.08325297,0.0435192,0.36914653,0.16464597,1.7771611,4.7234063,2.7876854,0.007731697,0.26127064,0.1285293,0.14238337,2.0343723,0.69929105,1.6071665,0.5546525,2.0529947,0.8634823,0.94469285,0.46995467,0.894023,0.45018476,0.53522503,2.1604893,0.5931262,0.88400424,0.075489454,0.577045,0.7786342,0.5877919,0.8418938,1.4945102,1.5812942,0.024584979,1.0256846,1.3019497,0.9917828,0.52591455,0.64981514,0.8647358,0.6997883,1.2410135,0.6010985,1.0570974,0.48188567,1.8988721,0.6495664,0.20246208,0.8724938,1.3994837,0.32129362,1.3181719,0.71653515,0.1885909,1.2643981,0.16057584,2.2024176,0.2723224,0.39464593,1.05828,0.012158382,4.715849,0.36098027,0.758993,0.6127097,0.81930107,1.2566426,2.1851492,1.6775738,2.017845,0.54145324,2.0204983,1.7855037,1.1523001,0.938333,4.3951983,0.25577646,0.49063405,1.2435036,0.6253736,0.39455935,1.1552849,0.5086371,1.0716445,0.0019211969,1.3314399,0.17752147,0.90398294,0.016734818,1.4448252,1.3792161,0.28514868,0.07204415,2.8581421,1.7157437,0.20002104,0.56797767,0.45799816,0.4074133,0.993884,1.4323273,0.7330982,0.46672836,0.59670895,0.4812466,0.38291183,1.02726,1.2040955,1.0348998,1.2782322,0.322182,0.0859082,0.4228349,0.16210288,2.0474572,0.4189256,0.89993316,0.4694076,1.4451427,0.49855796,0.42828494,0.015739217,0.049398817,1.7747326,1.420245,0.8936401,1.3121568,1.7412243,0.7098797,0.68575984,1.3990759,0.3646775,1.6856194,0.053671792,0.8142171,0.54099303,0.059557565,0.977397,0.00056498335,0.7905061,0.32358462,2.3909113,0.47306818,1.5018198,0.075309895,0.057743967,1.6582547,0.032433134,0.022739172,0.6149898,0.34274128,0.10659496,0.23099774,1.245402,0.4499001,1.8307663,0.08371976,0.68860596,1.069655,1.0311161,1.0293003,1.5167167,0.64156425,0.29521716,1.3912369,0.045216464,0.026327508,0.87494797,1.2447865,0.22677071,0.482721,0.6570232,0.5392836,0.11743143,0.43264154,1.360525,0.09713347,0.50074774,0.9178798,0.37380865,2.243578,1.2970703,0.008676626,0.36036447,0.02233975,0.5420533,0.1789521,0.6785769,0.6847924,0.97941464,1.0482453,0.28455564,2.1482844,0.2032691,0.29841873,0.00050782063,0.07238474,1.8731254,0.9731545,0.03162775,0.17779416,0.33915508,0.3722524,0.9385091,1.3982295,0.34222183,0.54664034,3.2055047,0.6055382,0.55482936,0.79082847,1.4142976,2.1736684,0.27545336,0.063343875,0.3047502,1.809602,1.4309802,0.04009118,1.3623616,0.22860421,0.95647085,0.8560177,1.3064384,0.106526256,0.8666497,1.7807177,0.8764838,1.2613052,0.16202363,1.3399777,0.39625412,1.6509079,0.5326017,1.5588009,0.4268046,0.07848812,1.2884343,1.7263651,1.6181098,2.0200024,0.0035305163,0.9747506,1.9414426,0.34171498,1.2355598,0.6256279,1.4795822,1.6933539,0.24304539,1.100281,0.88355035,0.6472855,0.2685427,0.060348656,1.0893418,0.002297655,1.1458911,3.3436844,0.3232402,0.526373,1.4589386,0.36607248,0.61852366,1.0804312,0.15742199,0.7432138,0.03534625,0.933001,all_pothole_images\pothole_images_enhanced_2cc52c8cbad462f5b0144a973569ab27.jpg
0.826326,1.2655696,0.7417913,1.5378764,0.78352004,0.29185665,0.43174338,0.13025948,0.35132,1.1476864,0.787098,1.3331903,1.833601,1.8183478,0.10110598,0.4276721,0.2839917,1.2205132,0.41564718,0.0012620141,0.73282707,0.06878087,0.8084656,0.9904448,0.019051947,0.2660986,0.025472755,1.0078262,0.055268038,0.8237152,0.50971043,0.28925774,0.47379664,1.5748786,0.4118683,1.1093872,0.34606236,1.2966943,0.6804277,0.06884321,0.06348857,1.2874806,0.37867424,1.6070429,0.14064927,0.123779885,0.43932575,0.004329375,0.056723204,0.4569044,1.2231354,0.19079986,0.21757126,0.02760908,0.25087395,1.281653,0.17426613,0.6120306,2.2426229,0.24771845,1.137131,0.45592847,0.5673735,0.66977906,1.0842607,1.2756848,0.85459524,0.44043866,0.15689564,0.83966994,0.3854731,0.026584547,0.21026126,1.0774683,0.5525376,0.059132546,0.54430574,0.8438895,0.2979973,0.23778275,1.9381781,0.1368923,0.24725991,0.3929711,0.39459866,0.096380964,0.05285049,0.16706519,1.0479993,0.46982503,1.7701169,1.5241998,0.75840896,0.78029174,0.22941445,0.9778324,0.7722361,1.9524007,0.26119214,0.2800071,0.3080024,0.6652334,0.0,1.3572164,2.7113142,0.5567689,0.33354887,0.338524,1.430986,0.3015296,0.6347894,0.9711325,1.0725533,0.75352526,1.2591645,1.5785604,0.3348718,0.50624096,1.0616406,1.1026939,0.77659327,0.22150563,0.21565454,1.9098374,0.95930815,0.68097645,0.2861233,0.91180193,0.9393449,1.7294654,0.7567003,0.0,0.4797956,0.25764287,0.2583782,0.29680142,0.40318468,1.0958476,0.2020598,0.14271551,1.5884264,0.2268431,0.6751626,0.65123564,0.11987388,1.9358732,0.5954038,0.46378964,0.10956097,0.47701386,0.50932497,0.8171927,0.26530153,0.061944272,0.37421867,0.9098993,0.93103546,0.23446347,1.013118,0.68228024,1.9997281,0.7402621,0.1459394,1.0894516,1.0387762,0.32536545,0.08628575,0.44548848,0.75907403,1.1436428,0.68341017,0.5171866,0.09962433,1.0700294,0.14870596,0.90621877,0.82915944,0.114593446,0.11051982,0.23908685,0.014711039,2.4684532,0.61925656,0.9847669,0.96774375,0.6866529,0.95142925,0.8525917,0.7736726,0.30357343,0.33004457,0.55629176,0.93187565,1.6135182,0.60190946,0.20081578,3.59785,1.6219065,0.9594803,0.22174536,0.10810322,1.190647,0.087215245,0.33889025,0.31730136,0.50753963,1.8554463,0.5207605,1.5256581,1.1773407,0.04609582,0.117552266,0.15221336,0.47413424,2.6567147,0.51675195,0.40630746,0.23255426,0.8443512,0.124582544,1.1363511,0.37455717,0.7845132,0.13250688,0.32192734,0.2954212,0.6966942,1.2511013,0.6994118,0.26158628,0.08046352,0.9166511,0.5278322,1.313652,0.22779,0.09304552,1.0934333,0.5567858,0.27724773,1.7682091,0.054888636,0.10384388,0.0582764,0.7213949,0.40777665,0.5573246,0.848195,0.46822464,1.9971544,3.8086288,1.6679304,0.6099771,0.29061234,0.19080769,1.2422478,1.4995239,0.45352706,1.4223735,0.494521,3.5219426,0.44595757,0.11679555,0.1890269,0.61775297,0.16623703,0.5714901,0.7068672,0.96861255,0.671243,0.39814293,1.2118506,0.39214128,0.9075608,0.43711895,1.6894612,0.3469608,0.35403618,0.43359157,0.58415234,0.1313052,0.48606327,0.48849437,0.40240937,0.32519764,0.42249405,0.8680613,0.65254945,0.6863828,2.2265434,0.6641361,0.10026264,0.15356477,0.48751566,1.2104502,1.5188301,0.017284889,0.72932506,1.4965643,0.008583255,1.7260321,0.6755179,0.015242247,0.5592281,0.13186584,1.7961229,0.42474186,0.62796944,0.4197566,0.20445384,0.033996746,2.1350539,1.2483481,3.5037954,1.4022448,1.2906555,1.415167,0.37920722,1.5651225,3.7114627,0.31114435,1.3661094,0.0074344515,0.5934679,0.40692154,0.0008376584,0.71520525,0.3345458,0.00078648503,0.786334,0.6769222,1.0940595,1.0571879,0.7128825,0.27954954,0.04162874,0.13693392,1.5460744,0.9829773,1.5417374,0.5743595,0.6047396,0.52766085,0.46592167,0.95097274,0.5620714,0.048659787,0.40504587,0.5378702,0.035820983,0.7323318,0.872505,1.4419069,1.7891009,0.08076114,0.533124,0.18687667,0.57594097,0.768117,0.30998382,2.2873735,1.8440152,0.100931235,0.60181016,1.1907328,0.0,0.22330761,0.24543989,0.113047555,0.5442501,0.642453,0.44442704,0.9737219,0.9548854,0.31362474,0.97168916,0.48135215,0.3206853,0.52867275,0.89014465,1.8107103,2.894326,0.30760688,0.4165773,0.25742373,1.5149349,0.9314548,0.71983886,0.23863208,0.95667934,0.55764884,0.8149476,0.77969515,0.064251386,0.9431685,0.39475116,0.8287631,0.6496855,1.8036944,1.2852874,0.048972197,0.3771511,0.64419377,0.67510235,0.11806197,0.70000863,0.35773024,0.65480804,0.115485094,0.0636193,0.5778024,0.9881545,0.60510045,0.31135526,0.10457317,0.7457814,1.079567,0.98186076,0.9569006,0.27776104,0.24174929,0.257432,1.0009122,0.56880265,1.0283498,1.5815747,0.15153478,1.9812444,0.43297768,0.89431405,0.3668676,0.0840143,0.6651233,0.34326813,0.021083087,0.015064162,0.68487203,0.038602855,1.3186365,1.102132,0.9339532,1.4736319,1.8016086,1.0709624,0.0997142,0.3836197,0.0,0.29082036,0.5161455,1.3643126,0.860499,1.5520787,0.19963124,0.76710635,1.3128448,0.07919955,0.6611193,1.2090639,0.11925292,0.36797267,1.1749241,0.7858252,0.5698716,1.0447878,0.32013378,0.68900204,0.5628019,0.13670647,0.0,0.6734151,0.7421761,0.9405558,0.9104393,0.063262045,0.22538067,0.7553608,0.04213601,1.5084244,1.1573936,0.50319475,0.47087902,0.43384746,0.8043094,0.59421533,1.6078054,0.10750392,0.16462393,0.4814956,0.20087187,2.5562751,0.01713384,0.4220493,0.7970195,0.10285467,0.2679753,0.15396307,0.35783184,0.2624135,0.002135092,0.56776327,0.14146136,1.3864696,3.3372054,0.59235847,1.6825795,1.3989772,0.3027918,0.5156663,0.31471232,0.6836226,1.1520884,0.00929666,0.73107713,all_pothole_images\pothole_images_enhanced_2d2c6c1c4a287fe721543b5880ad61d6.jpg
1.0148377,1.4948192,0.48189723,1.744994,0.22525571,0.22787592,0.97468543,0.9072482,0.45623174,0.7893879,0.9108377,1.3687607,0.80992293,2.913677,0.7289627,0.9219206,0.6735324,0.24868807,0.16078174,0.98046297,1.8594514,0.48467845,1.2875618,1.3119026,0.7459799,0.39481547,0.32556638,0.2196826,0.91391397,1.1847502,0.7368793,0.3511832,1.3860018,0.496309,0.1764438,0.93890595,0.66253316,0.18345925,0.6791664,0.8632836,1.3269917,1.1308357,1.6803473,0.3473151,0.5986114,1.9056387,0.5740978,0.55923,2.1479266,1.3599879,0.66856265,0.23879385,1.5898199,0.22162324,0.7807259,2.457264,0.25172415,0.946357,0.02275092,2.5784898,0.30376443,0.8394252,1.0005741,2.6650667,1.3370198,0.26378796,0.92904854,0.34165284,0.06363451,0.714447,1.9493679,1.268858,0.4758085,1.4645756,0.47472504,2.4177947,0.6400326,0.26509959,0.49491426,0.31118047,1.3164841,0.3535617,0.46556073,1.4439173,0.71589357,0.32687572,0.1464153,0.3494321,1.593269,2.162998,0.55767053,0.5180506,1.121348,1.8132621,0.3316821,0.80321866,0.029392306,0.22852683,0.20973428,0.4524122,0.94887626,1.4181976,1.2255465,0.9266135,3.2821054,0.16200918,1.5982661,1.6363364,0.3928271,1.3568203,0.18641469,0.3817355,1.7089086,0.84381384,0.545598,0.6631447,0.72938305,0.17507377,1.4693166,1.6232362,1.6600628,0.12834166,0.5517455,1.0719584,0.4305313,0.14020261,0.60154676,0.6023425,1.0214251,0.060087685,0.56145203,0.6193026,0.434585,1.3108912,1.6686276,1.1088678,0.08106723,2.030366,0.5864203,0.43931222,0.8362511,0.9310949,0.256576,1.4833635,0.71373016,1.5095397,0.72552896,0.030836424,0.2430361,1.05705,0.069094725,0.9580564,0.26756138,0.3776758,0.65550566,1.79994,1.5416144,0.24821188,0.22349237,1.8673322,0.6171338,0.8250265,0.26702282,1.738189,1.095239,1.0953319,0.37864268,1.5847311,2.8906374,0.25509295,1.3287919,0.22772014,0.62675667,0.8506237,0.7816892,0.6159823,3.367685,1.5447588,1.5938559,1.352098,1.1958369,2.138407,1.2779378,0.9835523,1.7906125,0.47890735,1.0273083,1.2520338,0.63812155,1.3223581,0.68006927,1.7357066,0.20106725,1.9876437,1.4235058,1.3858275,0.5975352,1.3250847,1.5954157,0.008861437,0.7142503,2.155431,2.2490952,0.21604063,1.532596,0.4049832,0.5979998,2.2738845,2.0787938,0.90729356,0.44214836,0.14881887,0.15808927,0.6795729,1.7623624,0.14465857,1.0633904,0.49279916,1.9568548,0.42620423,0.54455185,0.17526978,1.3077781,1.1580561,0.9228429,2.31984,0.55634654,1.0542004,1.7461001,1.3564905,1.4909582,0.52133334,0.09089565,1.6170886,0.10987129,0.5539332,0.007026611,0.7129036,0.63481736,0.5237915,1.4370667,0.59023094,0.589342,1.0479579,1.9865354,0.33792153,0.2859193,1.2488647,0.89990324,2.8195589,1.0678624,0.0,1.0577267,0.6759746,1.4219487,0.30370864,0.8452782,0.57372755,1.010042,2.5472574,0.84210765,0.4489239,0.37557587,0.7435848,0.11193212,0.5140134,0.08950866,0.6875137,0.7793355,0.81508917,0.37028784,0.059434343,2.2758355,0.32448798,0.4734132,2.4032173,0.36368766,1.8894874,0.335909,1.0160482,0.69677824,0.94105697,1.4055659,0.19421098,0.92121124,0.49184158,1.1245364,1.995338,1.1560522,0.17421578,1.2861261,1.6078267,1.2315983,1.1245363,1.5505302,0.28497553,1.3395997,0.549392,0.8513062,1.4817512,0.022532955,1.8677317,0.48767185,2.4390066,1.264311,0.80471396,0.8730787,0.2830631,1.7227058,0.557492,0.26365185,0.49081483,3.439265,2.8235323,0.15959285,2.0291631,0.32794166,1.4007345,1.3946507,2.5937052,0.8852563,0.7243543,1.5976018,0.64008343,0.76875037,0.36674017,0.55220574,1.777264,0.7453839,0.23519166,1.9370267,0.299945,0.49451485,2.067004,2.6331024,0.5902474,0.054325774,1.6503285,0.7624004,1.0645382,3.357785,2.3089402,1.0395464,1.2567862,0.39113972,0.093789645,0.91898876,0.6400562,0.8702377,1.4576265,0.72293574,0.5274086,0.079405546,1.1722988,1.0418454,0.6835696,1.9052105,0.9693029,1.0341082,0.3444073,0.9522051,0.3830915,0.57972527,1.201526,0.036698516,0.82900065,1.4047116,1.1074985,0.23927341,2.1888092,0.37401292,0.8461198,0.82565033,1.2724737,0.32468393,0.87644625,1.3163947,1.2519511,0.8877771,3.4181237,0.8970876,0.6072231,0.91877794,0.42979828,2.108485,0.47646904,2.67358,4.143071,0.8129964,2.2736757,0.1274835,0.3788409,0.11419914,0.3910243,0.8509921,1.0215033,0.7917066,1.4761118,2.6407585,0.8368808,1.513222,1.6172476,2.1970494,0.2494196,0.59018636,0.49795258,0.3723161,0.5070514,1.4042296,0.19838373,1.7942063,0.9336526,1.6037267,0.87111366,0.85800666,1.7083287,2.8933945,0.80575716,0.88918006,1.9351667,0.29340065,2.8572023,0.8014126,0.36825827,1.4548773,0.64790785,0.77617794,1.7804738,1.3931338,1.4254819,1.0052139,0.475829,0.12617691,0.7664896,0.8129846,2.2989323,3.2716668,1.0892469,1.2749649,1.3827342,1.4734502,1.850542,1.6292624,0.10007618,1.1241598,0.5420697,0.8787206,1.6406567,0.11842637,0.65478945,0.47371864,0.34814402,0.19802277,2.3578331,0.55900526,0.1404369,3.3925042,1.2410401,0.5978079,0.9428061,0.80871814,1.4709815,1.8871176,3.6966045,1.5544857,0.84800375,0.19150017,1.0162573,1.5710306,1.3003086,1.0239234,0.04190458,0.21887133,1.1363301,2.0941372,0.0050282017,1.9078914,0.9359037,0.054654125,0.3422235,0.98129684,1.0731436,0.68939054,2.0522037,0.52145857,0.33428043,0.68772966,0.42979398,0.43744597,0.52453536,0.80662215,1.4426786,0.36296222,0.1600794,0.24412216,0.061471075,0.18778893,0.25760627,2.6822696,1.0541073,2.0286536,1.3816314,0.9517287,0.74980354,0.5176926,0.90662086,0.038627803,1.0177643,2.5775094,1.3224131,0.17573862,1.6656889,all_pothole_images\pothole_images_enhanced_2d47cf13984fcfd06a2b694f9b7bdd25.jpg
1.1527776,2.002755,0.36055046,3.7167525,0.57383144,0.3130277,0.7156966,0.9828355,1.0334086,0.81956285,0.42107353,0.30738965,0.03474891,1.6577158,0.11747613,0.08057055,0.07520059,0.04270389,0.43293512,0.33297977,0.96453905,1.7955172,1.6739519,2.2231174,1.4132179,0.18223149,0.002508709,1.4008534,0.8510112,0.97386354,0.3649182,0.41248596,1.0828017,0.80710787,0.2679423,0.022682978,0.43914357,0.4739477,0.93137145,0.24512316,0.246024,0.14483826,0.40495092,0.11691488,0.9405668,0.24284966,0.1205166,0.37451872,0.50901943,0.0,0.24572445,0.19563846,0.4613971,0.32911262,0.12487606,0.44186214,1.8253729,0.1422593,0.36671472,0.04196949,0.018294707,1.2391466,0.5359253,0.8602651,0.16183856,0.9211472,0.7147574,0.40803832,0.26600665,0.048628185,1.4434719,0.004019262,0.39629784,0.05920461,0.77423453,0.30017173,0.35011756,1.1219815,1.8627524,0.9219771,0.038302604,0.5341429,0.96443516,2.5588906,0.040024493,0.11944619,0.7497387,0.16046652,2.8305695,0.25812814,0.14889993,0.55381286,0.014167544,0.74028105,0.23964348,0.07528252,2.255684,0.7314481,0.9205102,1.1773127,0.04932981,2.1880753,0.7975261,0.45558286,2.527925,0.004134028,0.20347567,0.03208475,0.011575286,2.1085196,0.019788789,2.097034,2.1528823,0.6692332,0.55418885,0.54036665,0.83060265,0.59750825,0.40007696,0.41902164,1.9556473,0.32385734,0.09459873,0.63352656,0.77214414,0.62605244,0.3531854,0.6267249,1.0713,0.26717865,0.8098344,0.14581566,0.093587145,0.5623776,0.5258777,0.31636503,0.065414995,0.69147265,0.7002163,0.49975473,0.3021478,2.1979964,0.6458492,0.3823794,0.1166613,1.4676311,0.20058556,1.9501866,1.1936816,0.34336776,0.10357024,1.7889552,0.86019284,0.4269556,2.46561,0.72459537,0.92807037,0.061544426,1.2288263,0.48362708,2.5650883,1.324495,0.49105927,0.424177,3.202872,0.85698265,0.5532277,0.12152502,4.164439,0.64307934,0.7035836,0.090408266,0.045527305,0.1903459,1.670412,0.58812773,1.1659505,0.09811701,0.28475016,0.11639126,0.16443217,1.5769777,1.189126,1.9419298,2.571081,0.92880714,0.822856,0.16516413,0.2632043,1.1832538,0.09972589,1.013151,0.05273498,3.4472618,0.46802846,0.024193993,1.5384243,1.0831703,1.7986898,1.4020411,1.56595,1.704707,1.3209457,0.5267115,0.4411013,0.5901255,0.57035625,0.21804084,1.6956421,0.5920644,0.0125491,0.94648093,0.8861173,1.271663,1.1709286,1.2389797,0.3279854,0.18594338,1.1802583,0.2244369,1.5092041,0.058508538,1.2266817,0.77743506,0.3736776,0.049329795,3.737828,0.5293393,2.240559,0.15243648,0.03747035,0.6999573,0.9384174,0.55083007,0.19049756,0.1355912,1.9059688,0.21408373,0.6734526,1.0727015,0.74925244,0.33997577,0.9268102,0.44407976,0.5366732,0.02908577,1.1876882,0.3230494,1.6940289,5.5414634,2.277249,0.49640942,1.1855185,0.01869988,0.4284073,0.08354518,1.5593925,0.57852304,0.15724035,3.0131438,0.17119516,0.45522022,1.332309,0.46469155,0.22606239,1.1578193,1.7300153,0.061403755,2.4235268,0.251421,0.28045526,0.011696201,0.997029,0.49534124,0.25188297,1.1826606,1.0808388,0.9361911,0.6594056,1.4844266,0.119051844,0.89351106,0.6280803,1.9735093,0.5863619,1.0258607,0.80317724,0.7839648,1.4834396,0.049640503,0.0009294165,0.42015958,0.47610474,2.3684256,0.4004171,0.43462238,1.1017785,0.49476337,0.027397212,1.5137419,0.081306934,0.5554495,0.4785752,0.29492503,2.571652,0.32678354,0.53563774,0.97321486,0.4686379,0.06604101,1.2499791,2.2627494,2.8591359,1.2306561,0.044317726,1.0699606,0.06557261,2.8192525,1.4764061,0.4913717,1.3519437,0.6802261,0.10571189,0.3781831,0.22273934,0.59517753,0.86056584,0.19431986,0.5809944,0.26770592,1.7620949,0.080271006,1.1692106,0.35659936,0.24654377,0.1843926,1.8138349,1.144956,0.377757,0.5349838,1.1094784,0.8703489,2.7037022,0.18859203,1.5917751,0.085665956,1.1239566,0.05705741,0.744024,0.5108343,0.103375316,0.41694018,0.148097,0.94300854,0.6779933,1.4764613,0.3543305,0.8832246,1.7057106,1.4136933,0.29702604,1.1017452,1.306546,0.37555242,0.02351613,0.0,3.5871463,0.29200482,0.21149223,1.1333442,1.6217465,0.51482326,0.30030817,0.02525992,0.6871837,0.4343286,0.097752005,0.48873818,0.16451749,1.3382313,1.5175202,0.13769434,1.0595263,1.010541,4.333921,0.10135925,1.5320528,1.1880366,0.3848001,2.9965467,0.20080516,0.93208957,0.16350155,1.6210176,0.02260318,0.32554713,2.5606565,0.8468377,0.7284149,0.118682496,1.3223221,1.2774798,0.9966316,0.9440143,0.48037648,0.1156147,0.30984858,0.5603701,0.09050951,0.34409714,0.24030991,0.49659693,0.74282223,0.5188577,0.06985032,0.19396186,0.97092366,1.98666,1.0952519,0.023747098,0.8066783,0.498484,1.3344864,2.5884736,1.2837859,0.61772525,1.7556692,0.22811066,2.4710288,0.99596816,0.47134185,0.94109786,0.6450484,0.021069838,0.6598906,4.220999,0.023423087,0.07886665,0.11587293,0.62451965,3.5096335,1.3368199,0.1399729,0.0,0.10403968,0.06729212,1.1815563,0.5217878,0.059962407,1.1682429,0.67744166,0.21887906,0.6757906,0.64430016,1.386963,2.1819787,1.1724772,0.0006850009,0.32132873,2.7603018,0.67973226,0.76070845,1.1767436,0.0032586975,2.4286146,0.34143224,0.7948301,0.0,0.3312784,2.528991,1.214243,0.081967294,0.18696107,1.3953873,1.3092669,1.359687,0.32836482,1.5707359,0.8094476,1.5001818,1.8550737,1.3734118,2.657789,0.18198296,0.06429758,1.4163783,1.7053412,0.0003444861,1.1087838,0.010258375,0.47834587,2.4830759,0.02719666,0.0,0.29443625,0.055041585,0.32578155,0.41383237,0.13324632,0.39848787,0.043644413,5.9630246,1.0556009,0.167963,0.46969777,1.122665,0.3049336,2.280891,0.033284124,3.2091188,0.3369854,0.20929435,all_pothole_images\pothole_images_enhanced_2df9df4f4886c70419f55fa5a1550365.jpg
2.2438653,0.653668,2.2259898,2.1138034,1.3853146,0.07054647,0.8417296,0.1255906,0.7338165,2.5836802,0.20229,0.11826797,0.021003675,1.0180593,0.012805026,0.84119236,0.3653928,0.19698495,0.7712108,1.9693696,1.2373958,0.28374204,0.2324941,1.3694255,0.2658156,0.26828277,0.099041775,3.4426482,0.17069238,0.7130537,0.4341819,0.74945915,0.10975491,1.5526074,0.0911373,3.1886585,0.20306838,0.6916856,0.48563647,0.080499485,0.7917789,0.52564174,0.08612453,1.3823067,0.5355677,0.8390299,0.2159534,0.03804114,0.00090580963,2.720363,1.0660685,0.23776287,0.3064977,0.72556555,0.8045433,1.1757746,0.87906694,0.8089492,0.27898717,1.2223176,1.3821582,1.0729235,0.11061948,0.23816572,0.37475935,0.44685608,0.6856326,1.7168249,0.42457938,0.5467938,0.59701777,0.84408045,1.1130136,0.43534052,1.7571214,0.4357513,0.59295726,2.6751933,1.8624569,0.07778181,0.02822971,0.45016906,0.047769535,1.2673455,0.4966347,0.61507267,0.05647482,0.20753333,1.414271,0.2976834,0.30383602,0.5486051,0.30081263,0.11724789,2.4074693,0.097903445,0.34795597,3.1577382,0.9806557,0.73738915,0.99886227,1.7843045,0.107548214,0.4206475,0.24837911,0.35783926,0.78910327,1.2837163,0.049877483,0.20733868,0.07355926,1.1663265,0.3461909,1.1202241,0.7077246,0.21299535,0.22864097,0.23121968,3.1558053,1.358698,3.1058352,0.43894756,0.039743938,1.981029,2.3187368,0.8706233,0.7590999,0.81594896,0.010759119,0.34773523,0.20883179,0.040662892,1.0717752,0.65860623,2.0678687,1.4137514,2.0259638,0.41019303,0.20923844,0.031765446,0.09531198,0.016733559,1.7198884,0.10416178,0.35679007,0.5773014,0.7168883,0.017504752,0.39749223,1.3681984,1.3055038,2.8881543,0.2445268,0.42549047,1.3627313,0.5073853,1.0988626,0.14955088,0.32029453,1.6489822,0.5479039,0.112797596,0.2011197,2.6756387,0.049250275,0.78799313,0.271358,0.2474176,2.2009394,3.9817896,0.0012803411,0.54543835,0.0293419,0.7407861,0.0,0.40540427,0.2465993,0.367915,0.40689322,0.22683182,0.09509795,1.8558944,1.4202837,5.373822,0.9170672,1.1962675,0.45101088,0.47438025,1.6839037,0.0,0.0,0.7033879,0.031321455,0.7876054,0.3870849,1.9369904,2.6674712,0.35152233,1.5117177,0.2652846,1.6520153,1.9059821,1.1180527,0.6922189,0.72841907,0.23863739,0.9597907,0.12194381,2.1754148,2.3510704,0.40714037,0.27490485,1.2754221,0.4459743,2.7244093,2.2971604,0.839932,0.0074681905,2.1503808,0.3604498,0.21036139,0.8536201,0.693452,1.001144,0.021817597,0.12681504,0.044642534,1.1587571,2.423616,1.2143364,0.84385127,0.15835121,1.6836905,0.9294818,0.7338412,0.14066347,0.55775523,0.3852162,0.0060664844,2.812286,0.56373334,0.008086755,0.20880648,1.9681702,0.05271947,0.0,1.9397479,0.0819857,0.6063295,1.4994868,2.3176935,1.5899705,0.07609291,1.5073807,1.1604253,0.35914737,0.5944166,0.3881559,0.20407155,1.6242963,0.20350714,1.4521846,1.1947103,0.26643586,0.14962138,0.44712892,0.24182543,0.14038613,2.5517085,0.08896702,0.03257844,0.27385214,0.48223248,0.417759,1.2826954,1.1509326,0.63229287,0.85733014,0.45295706,1.0242088,0.5255315,0.68025076,1.4242228,0.14594579,0.22210954,1.0993705,0.67558986,0.79156756,1.251022,0.9957459,0.0793299,0.6785935,0.0012186241,0.09283715,1.3253136,0.48988852,0.3322066,0.12965049,0.5904626,2.0514317,0.9627671,0.2897775,1.9889691,0.0133185685,2.691797,0.32871354,0.9311484,0.5994482,0.66767853,1.5048943,1.5502244,0.004160573,3.2523036,3.6099226,0.8606554,1.6905397,0.004424194,1.7781556,2.500891,0.2188099,0.94271535,0.28108498,1.372305,1.2260935,0.04628333,1.9433732,1.1283535,0.006062641,0.7507536,1.0846157,0.62986004,0.05583263,0.0942971,0.25217596,1.9036739,0.39515895,0.7771052,0.6426176,0.48413008,0.30057615,1.1872352,0.13269167,2.605731,0.8981902,0.883692,0.4504165,0.337194,0.028046774,0.24179529,0.56420827,0.20742494,0.15821087,0.20079765,0.97615117,0.5638356,0.33771437,0.18367024,0.3525336,1.1021922,2.34685,0.29864857,0.9982562,1.031213,1.4473599,0.58570427,0.016431749,1.4837587,0.06958846,0.49822694,0.95633143,1.2827985,0.7955837,1.06391,1.0361725,0.09017111,0.3748324,0.7686506,0.23037972,1.0931661,0.5722782,0.30131286,0.92912936,0.4123951,0.2179497,1.996648,0.99948347,2.8104985,0.022717256,0.51977813,2.7511463,1.6955639,0.18431213,0.6205821,0.09807086,0.102742046,0.99588555,1.367502,0.014945062,0.970378,0.4341151,1.723778,2.7462451,0.9141755,0.72084075,0.35808867,0.8801918,1.0685102,0.16412182,0.38386807,0.89701855,0.5728692,0.02089031,2.071377,1.4774045,0.16769904,0.5691416,0.1341238,0.1855816,0.9888722,0.85629475,0.5163846,0.5071489,0.47521505,0.13525112,1.7462631,0.03443445,1.8187109,0.12277967,0.233146,1.3639383,1.2141752,0.63240004,0.5763909,0.8640756,0.89494836,1.9235857,1.8222247,0.6757409,0.070464805,0.24589513,2.40725,0.233765,0.20146906,0.91596454,0.35724136,0.0037168274,0.43907195,0.99123085,0.0,1.5515646,2.0039093,1.0816126,1.2806363,0.38329306,0.9502763,0.6797774,0.019622156,0.74970305,0.0,1.6391022,2.1217213,0.15856262,0.9159256,0.14901483,2.4021716,0.036705878,0.004583938,0.0,1.7789813,1.9707202,0.26877898,0.33713078,0.051554255,0.24153128,0.94537663,0.045692768,2.289607,1.6568295,1.0323399,0.52960676,0.83187115,0.8660484,0.41190758,1.1032405,0.0,0.06882734,0.051515196,0.17410408,0.62795204,0.034825742,0.46628222,0.6474066,0.4483451,0.29605463,1.0858993e-05,0.2677893,0.39115894,0.7445839,0.06988798,0.2336311,0.699893,2.431836,0.34821954,1.1428152,1.2562197,2.3771305,0.21506292,0.5168924,0.92400986,0.46788934,0.012084898,0.0062947157,all_pothole_images\pothole_images_enhanced_2e1d4a1b9bdb43de4740e545629ffd31.jpg
1.0033503,1.472451,0.3380848,1.4405835,1.6098922,0.9367361,1.5899411,0.17425273,0.4075531,1.0720851,0.56879497,0.77103764,0.48487696,1.7068427,0.8406861,0.19865364,1.4456625,0.8549751,1.2709004,0.78399533,0.59296227,1.1397706,2.1943853,2.3930342,0.45895174,0.5635823,2.5317895,1.9602959,0.66615456,0.368033,2.2136853,0.71704847,1.5497403,1.4087332,1.6026276,0.5899352,0.18677202,1.0738379,0.1958964,0.84919316,0.7632798,0.26176152,0.57034767,1.6740358,1.3451712,0.54618,0.21171452,0.1847116,0.4978605,0.60213804,0.43226948,0.8581065,1.4169675,2.0105987,0.5208561,0.8568546,0.41760322,0.07804978,1.5327774,0.4215345,1.8071239,2.7553654,1.906854,0.2202909,2.4460282,0.43750998,0.5407484,0.5017111,1.5916408,0.16231428,1.4904618,0.44482678,0.65356266,0.18706664,1.1986996,1.969109,0.9521517,0.67535573,1.2446696,0.0932848,1.3539288,0.56964463,0.3920474,0.014291752,1.792699,1.0278758,0.2569538,0.58367866,2.7515278,0.022025252,0.22815768,1.3101214,0.6129202,0.6252619,0.48153615,0.46454644,1.4562672,1.1321144,0.19864652,0.57035196,0.006806674,1.4630421,0.18666637,0.7505534,1.2778668,0.6158119,0.18547307,0.2536975,0.1908382,0.7459626,1.0809287,2.9101644,2.2598343,0.5541621,1.5846626,0.2798463,1.8999178,0.08905393,0.9278778,1.9373252,1.9226283,1.6306744,1.7318598,3.619256,0.45263654,0.22102056,0.12219078,0.8921493,0.16636263,0.6944562,1.2385927,0.061716896,0.5794165,1.6521838,0.36572316,1.4007349,0.022072645,1.395844,0.34330857,1.4573365,1.1880093,0.8312363,0.093378775,1.8705883,0.7977561,1.4139004,0.61223537,1.3953502,0.5549879,0.56749797,0.9485795,1.1754658,0.041402522,0.04295244,1.7042717,0.20071605,0.5428422,0.40375784,0.6341764,0.9138006,1.5273535,1.1778183,0.2676262,3.9565709,0.35654736,1.5010515,0.41611192,0.41974723,0.937908,0.043621168,1.1441824,0.5758925,0.2519542,0.23506628,0.8100033,1.0912466,0.36764297,0.03134227,1.4095807,0.9534293,1.398396,0.84124887,1.3591176,0.8099619,0.5333232,1.3598115,0.07636417,0.30468583,0.57659787,0.71298575,1.4012059,0.8466762,0.120934546,1.2787473,0.08309603,1.4171641,0.24050155,1.9629712,0.80535567,3.3841333,0.45476446,1.7396222,1.7019273,0.65252376,0.5676565,1.142721,0.56587785,0.74580574,0.97202027,0.14158188,0.635112,0.24682963,0.48668203,0.55893856,1.1082643,0.9370869,1.8118445,0.4795694,3.5299585,0.5263831,0.45469126,0.060316302,1.614539,0.045566708,0.81692606,1.9955015,1.3261307,0.61575073,1.1539819,0.25162256,1.261705,0.47450307,1.5957166,0.0,1.103627,0.7168814,0.5250158,1.4260406,0.16190161,0.047772408,0.3609134,0.22762501,0.30192012,0.3661568,0.037825655,0.16353518,1.1240143,0.9321763,0.2620262,2.9034348,0.5054921,0.8754942,1.3788368,0.34879804,0.5305317,2.0700788,0.30609977,0.091162756,1.3675137,1.6396418,1.0903074,1.6274674,1.8184394,0.89196634,0.39060852,0.30296698,0.36527583,0.9844041,0.23880297,0.019366195,0.3844367,0.44203264,0.6270108,0.9400249,0.76468027,0.079021916,1.6224421,1.0281414,0.17921844,0.46058875,0.07147017,2.1157973,1.2485379,0.5142507,2.2796133,0.8738439,0.5894222,1.0168303,2.8290184,0.06999854,0.8317887,1.0655506,0.25484228,0.07315954,0.40395042,0.5606048,1.5891596,0.39335608,0.14933887,1.4339163,0.06441999,0.85506123,0.4174404,0.2639809,2.5699482,1.1616471,0.12427152,0.98621094,0.5583843,0.74905205,1.2116996,2.3173172,1.8804501,0.56836885,0.2890611,0.85381687,0.9199576,0.22067587,0.7999813,1.8834646,2.4017804,0.83274364,0.004377757,0.97567147,1.4348602,1.377082,0.3427372,1.3793733,0.61827075,0.6350219,1.2822148,0.6639033,0.8040531,0.06042198,0.8234109,1.594901,0.7569713,1.0536139,0.7574352,0.66505444,1.3864008,1.6148539,0.080232605,0.36388972,1.3493185,0.4184367,1.0111022,0.06728836,0.87252223,0.1095247,1.6310135,0.3311478,2.2325847,0.5511472,0.4643842,1.3865563,1.2691993,0.049763475,0.9409622,0.22676706,0.87060523,0.34563795,0.024458328,0.72283375,0.51235247,0.018967023,1.1512767,1.6747953,0.6066651,0.9619972,0.7021801,0.7411804,0.790004,0.17501508,0.54720867,0.71158016,1.1432399,0.4692584,0.43819198,0.7545672,1.4800574,1.176405,0.51470095,0.33275837,1.1954216,1.5099609,2.6333354,1.8680329,1.4081645,2.5033188,1.8934827,0.6437792,0.75236714,0.876129,0.17325911,0.4421222,0.91218793,0.4782671,0.91177815,0.49057543,0.35516897,0.4002809,0.370298,1.8766215,0.76532525,0.36357155,1.6012539,1.2731092,0.1019827,0.5348623,1.5680435,0.8895943,0.78185654,0.63843524,0.0038479988,0.058895607,1.4429202,0.37409997,0.4706452,0.20210287,0.68748146,1.5924835,3.672945,1.6995956,2.4733858,0.5221957,2.8962965,1.9876971,1.2051994,0.34344807,0.012262512,1.3729428,0.9081542,2.912723,1.5280275,2.2977,0.7011336,0.98255247,0.5030161,1.0108763,0.63784647,0.37064245,0.5507095,0.42023602,0.21481319,1.1433842,2.4865634,0.3131517,0.7215956,1.9750571,0.8016607,0.16997811,0.41668606,1.0800045,0.6816074,0.17770196,2.9856722,1.5789944,0.6509204,0.08781268,1.2703081,0.80991983,1.0413104,1.2660625,0.8903871,1.8961879,0.5368784,0.032016646,0.9215551,1.5390724,0.6336075,0.4613501,0.68022287,1.0886035,0.35658598,0.6255021,0.972653,0.21848579,1.1058667,0.3763985,1.1909304,1.8588858,0.6464022,1.0382184,0.2984532,0.6896584,1.0008618,0.3573407,0.9425722,0.082876466,0.17006403,0.768131,0.15495057,0.02913616,1.1625113,0.12526134,0.75987345,0.15383536,0.09593583,0.1639068,0.5607446,0.88081527,1.3784033,0.4939734,2.4960349,0.36810747,0.33759022,0.8461444,0.050954442,1.5166962,0.72266316,0.3679915,all_pothole_images\pothole_images_enhanced_2e1de580bdd2a2c1e58a45255b94663f.jpg
0.24249618,0.20954399,0.07209575,1.2565506,0.059743024,0.16717073,0.8158387,0.28193498,0.7406665,0.22511785,0.27558503,0.04551913,0.062529996,3.9599192,0.26125848,0.16590533,0.027797775,2.2420766,1.5403738,0.12710443,0.6995219,0.08843328,0.42212257,1.356429,1.4978358,0.051158827,0.54406196,1.6024282,0.041876208,0.0,0.30773443,0.087586716,0.09661091,0.67467093,0.23465538,0.7476098,0.04863302,0.7575982,0.5563146,0.05160463,0.006233239,0.25347993,0.059490856,1.4112997,0.049514875,0.24184288,0.1036505,0.16181983,0.086261384,0.09597764,0.48469165,0.06083935,0.02783532,0.005704529,0.5097577,1.2476872,0.8213639,0.9490058,0.03688858,0.023295548,0.078921646,0.0014129772,0.8304516,0.8418434,0.10080777,0.26227596,0.14332709,0.006411334,0.09420704,0.23758097,0.22283854,0.5145435,0.17684785,0.13750453,0.21460712,0.0,0.25447387,0.74216753,0.0026849716,0.16574605,0.05739102,0.6598666,0.12266147,0.21748053,0.20820227,0.0036964356,0.0,0.027647661,0.46845168,0.00064599747,0.49969053,0.10439526,0.04120838,0.6876091,0.39217204,0.023364397,0.77061087,0.4702716,0.05035836,0.18709426,0.40770152,2.3255725,0.37417212,0.35774046,1.3543484,0.67050964,0.6357617,0.069058985,0.16996472,0.5598808,0.0,0.37910607,0.20988435,1.0536494,0.28780788,0.009523571,0.038917474,0.55986786,2.0888855,0.555414,1.4332036,0.3726951,0.035253078,0.5063319,0.8428944,0.006085802,0.35305905,0.0074661933,0.1632253,0.037147272,0.4225656,0.058787145,0.026401913,0.61626375,0.097939305,0.20028612,0.94218475,0.04882255,0.07341699,0.0007252493,0.57437813,0.23414421,0.08090008,0.9351284,0.20460384,0.66991174,0.41472027,0.56309944,0.5340179,0.42435798,0.0,0.28671408,0.34455407,0.24268983,1.3915441,0.5923918,0.77512306,0.2971465,0.7115645,1.0313476,3.4371684,3.6030157,0.42807394,0.96893173,0.39503443,0.020463916,1.6313131,0.048282214,0.8151043,2.5822392,0.20483361,0.11701231,0.4926406,0.074609436,0.030076556,0.5849438,0.083723515,0.03208889,0.20113367,0.09930681,0.065433815,4.02864,1.3133364,0.5598969,0.17908898,1.0799088,0.05471844,0.30295077,0.33382735,0.076764934,0.2358974,0.50488764,0.22185881,0.7149133,0.5042964,0.4104907,0.13792333,0.143826,0.81878006,0.22344634,0.55254394,0.44181013,0.8346413,0.725164,0.5086245,0.1616566,0.42123586,0.13453047,0.5340961,0.33875212,0.0,0.076067194,1.0410377,0.10909215,0.54172266,1.024401,0.95239115,0.04447733,0.05795336,0.06700627,0.050113812,0.41562605,0.4705079,0.065157294,0.0,0.026877318,0.02998043,0.009460179,1.4143292,0.4524489,0.16260594,0.06948001,0.41660744,0.32450572,0.07930523,0.20045821,1.5494123,0.6836878,0.56454825,0.28365967,0.3595247,0.18907979,0.018050255,0.052472234,0.014948333,0.03901952,0.11760032,0.12424559,0.0032239605,4.3865805,2.1516256,0.0,0.014912663,0.3416741,0.026695453,1.9715339,0.22023426,1.1745168,0.33350527,1.0652713,0.47530505,0.6909494,0.1334825,0.079441294,0.019744562,0.2285408,1.3235817,0.7036593,1.3902628,0.21402171,0.10846387,0.033858765,0.68990135,0.73508805,0.17879741,0.17142865,0.19732304,0.089012206,0.5173109,0.45616734,1.1657689,0.10795414,0.85510415,0.19326706,0.013667224,0.2691935,0.5172382,0.17771704,0.08971628,0.00562924,0.06203348,0.2067035,0.015248812,0.28443477,0.39165387,0.3347944,0.079978555,0.4755736,0.07580509,3.0452378,1.1553262,0.46660542,0.24383825,0.021418134,2.664739,0.005294756,0.024965003,0.0073061,0.048614684,0.14575218,0.19701187,1.8361514,0.05469177,2.5418777,0.5057753,0.5574248,0.007819014,1.6892974,5.1624804,0.12899983,0.30885595,0.0,0.8073531,1.7386715,0.0,0.088955544,0.53822213,0.1308889,0.0,0.076245256,0.24083908,0.0,0.082527764,0.0,0.62971276,0.004400554,1.7876375,0.96531606,0.16129002,1.3260701,0.21091901,0.011248625,1.86701,1.4863292,0.5751932,0.046692945,0.27275077,0.54611623,0.19366315,0.11070612,0.07627526,0.054078996,0.0,0.26236132,0.20461008,0.048657995,0.3374843,1.0746413,0.39228353,0.1238696,0.53798753,0.677419,0.1685065,0.11575083,0.018116811,0.0,0.67450494,0.2209867,0.42553562,0.070906,0.46192876,0.45097673,0.47458616,0.17681423,0.4437902,0.3446428,0.048072293,0.15155986,0.8902189,0.6371663,0.6151398,0.0,0.04678983,0.4925095,0.5855032,0.019722955,0.21941352,0.07313311,0.005909519,0.74241596,0.42960802,0.054622557,0.0,0.78565866,0.057901613,0.2190112,0.38448554,0.4683819,0.23011653,0.3549717,0.26186535,1.4718218,0.42548767,0.25107953,0.0120403385,0.0,0.19964004,0.89536244,0.5432188,0.22626448,0.21541315,0.03472355,0.08708922,0.28477687,0.09327435,1.0376649,0.46169707,0.39251903,0.20684281,0.0,0.76155865,0.03912079,0.16950804,1.8147135,2.0082183,0.16265334,1.0221924,0.14514358,0.027349792,0.0009936179,0.42912844,0.7120705,0.2929817,0.32560652,1.5778794,0.2683228,0.67799914,0.11455504,0.32603705,0.11081061,0.9019712,0.031700343,0.014571114,0.11748171,0.07407745,0.2022226,0.01647806,0.31021976,0.082378,0.90168136,3.938553,0.3609098,0.33768618,0.54058325,0.027664557,0.0442005,0.41506234,0.01612616,0.04549052,0.21500409,1.7851101,0.6276185,1.2241435,0.084964156,0.40076295,0.0,0.11798253,0.15831842,0.2987808,0.17463964,0.3039854,1.1577811,0.1458071,0.29369658,1.3504511,0.008497742,0.43436736,1.2424835,0.011135515,0.0,0.19623056,0.13975868,0.49358967,0.2319968,0.29146138,0.0018371146,0.07689258,0.04735486,0.94663703,0.27379808,0.36374307,1.0191127,0.0074525843,0.010187272,0.022958739,0.008449816,0.034319703,0.012783734,0.010901563,0.05435146,0.21997654,0.66154915,1.0453804,0.23911877,0.08068518,0.9636531,1.8673289,0.47468108,0.02723422,0.21156082,0.0,0.03340271,all_pothole_images\pothole_images_enhanced_2e68ab6bb0c7d89c32daa1b9fe585621.jpg
1.182293,1.7615191,0.34738988,1.9581866,0.37955862,0.41749266,1.0227798,0.54326147,1.1433674,0.73120767,0.098747015,2.6736808,0.1009156,2.2561693,1.6972709,0.93256104,0.59505117,0.06764956,0.59285367,1.4289393,1.9480911,1.5114214,1.1136307,0.26675764,2.5083394,0.8500855,0.50826836,3.5699463,0.083975375,0.4688292,0.19431885,0.3436463,1.6025219,1.0077839,0.37682536,0.28651077,0.008483538,1.602122,0.29948327,0.7157881,0.44921735,0.87372637,0.07836515,0.71478486,0.49178958,3.0695639,0.07117288,0.38411763,1.5439008,0.9843552,0.2718966,0.6363515,0.4638682,1.1823659,0.50137913,1.3656331,0.4267524,0.08323427,0.9640474,0.029178426,0.22292662,0.3583561,0.6966627,0.46760678,0.03867657,2.1998138,1.6487869,0.74647087,0.2860749,0.46217638,0.47661412,0.855882,0.30652216,0.12777472,0.34991556,0.13558428,1.0167707,1.3946792,0.044750467,0.21451615,0.5651337,0.14715171,0.36533603,0.30481035,0.902012,1.1526238,0.27508977,0.9905898,2.3029704,0.59561086,1.0073416,0.14845133,0.5734815,0.29639453,1.0717319,0.24750376,1.453953,1.3969922,0.3993232,2.4892614,0.047455285,1.6529185,1.0465161,0.44803202,0.78255385,1.3979856,0.86399573,1.0414327,0.09046074,0.5184679,0.6113756,3.9963658,0.93493867,0.08604701,0.4917179,0.08495064,1.199957,0.07876156,0.57521087,0.8669798,3.2503536,0.0,0.23226951,2.165628,1.703128,0.6181096,5.966325,0.33859178,0.4101113,0.62007076,0.5913857,0.14986905,0.012215248,0.6536952,0.959093,2.04805,0.9860105,0.0626008,1.7518703,0.15614809,1.1002269,0.21727242,0.0,0.02004721,2.008006,1.4345584,0.41746858,1.1944239,1.2344005,0.15006343,1.3848842,1.4001054,0.06893464,0.045971908,0.70725274,0.99245596,1.4713858,0.022111045,0.7625517,0.53128374,0.91355413,0.7736315,0.008120727,0.7806061,0.099294156,2.0199132,0.62597245,0.11258894,0.7635046,0.5999977,0.57532144,0.16890883,0.48565447,0.06552402,0.11635426,0.7835409,0.53612524,0.0,0.72606504,0.73775077,0.076930396,1.4062073,0.60967416,0.9322391,0.7191902,0.54964894,0.27353272,2.4173157,1.353656,0.51525116,1.0442771,0.21800342,0.0014198772,1.080707,0.16224693,0.35120824,0.7101733,0.65093464,0.56848216,0.60543895,0.7185465,1.28556,0.50242746,0.7566134,0.86687917,0.54792327,0.79152894,0.3036338,0.59508395,0.8603933,0.9776165,0.06397924,1.1607094,0.69428694,0.6369786,1.6578833,1.0180185,0.00873762,0.7603919,0.49869177,1.1938684,0.6256971,1.6141871,0.4016322,0.20746538,0.24373582,3.922349,0.01869912,0.10690413,1.6638924,0.09248784,0.7872238,0.40493578,0.2451161,0.5521137,0.28440258,1.3649086,0.2609989,0.29680714,0.17040603,0.8713117,0.51603025,0.0,0.17404921,0.08596485,0.0,0.72019297,0.18893039,1.7994301,1.4895302,3.6014264,0.8163807,1.4630829,0.45782894,1.0628264,0.8497514,0.32433107,1.2525544,0.07400769,2.698091,0.5412913,0.2770275,0.319123,0.55456614,0.38614988,1.5620952,0.18559319,1.3989276,5.977952,0.54106,0.8368058,0.28151944,0.006104631,0.92684335,0.31506047,0.6819939,0.07937428,0.76406515,0.14044702,0.58355623,0.1726719,0.5930388,0.36322382,0.26854077,0.87041,0.12754741,1.9119091,0.14787553,0.7717013,0.15329589,0.64560497,0.49014157,0.41828138,0.887839,0.11469416,1.8635993,0.2947362,1.3456844,0.5915742,0.94328773,0.31369495,0.5301174,0.6367861,0.44133142,2.2530336,0.62925655,0.07605216,0.2807005,0.87632346,1.221559,0.2556067,1.4910828,2.112676,1.8160329,0.13058953,0.98910916,0.8599609,0.6134404,2.1096833,0.31907052,0.39599633,0.0012738139,0.5546404,0.69489783,1.7386103,0.30317944,0.018958576,0.06011404,2.0314517,0.3161204,1.6016139,0.7497643,0.13881235,0.3087787,0.068986334,0.8986603,2.8825958,2.1252298,0.078886054,1.9019904,0.8928213,0.6608481,2.6804068,1.0598195,1.9586401,0.5859401,0.95442885,0.3215981,0.33478144,0.76857966,0.972214,0.7457574,0.97553027,1.2495104,1.6371707,0.1789984,0.4620636,0.52483654,0.21478885,0.78383464,0.8778783,0.16968374,0.12474347,0.62417257,0.05752519,0.8165272,0.42063054,1.038193,0.13744178,1.3946888,0.81621945,1.295986,1.2139202,0.43094367,0.9861682,0.7770782,0.8841165,0.32994154,0.4970569,0.34675184,1.5613151,0.15316308,1.8122263,1.0256546,2.9660215,0.8608669,1.0378207,0.0,0.34702307,1.0085486,0.66541576,0.32813936,0.32562676,0.7445226,0.13037953,0.79065686,0.62907064,0.62041265,1.4354665,0.36783263,0.9989853,1.350829,0.32843056,2.4564126,0.12523326,1.7211185,1.2043316,0.92885345,0.9762961,1.3746532,0.37486997,0.55281883,0.0786663,4.1056232,0.24027653,0.47134203,1.3657005,0.8917627,3.5193863,0.45742837,2.6625326,0.6518329,0.18465902,1.5247325,3.0306978,0.0,0.54594874,0.5341199,0.31408247,0.55650103,0.97776645,0.17640978,0.23959911,1.4377702,1.6127329,1.7914456,0.91531885,1.101383,0.6142134,2.0865018,0.6808818,0.97214305,0.072242446,0.025150865,0.957853,0.11005129,1.2066474,1.1159768,0.15554096,0.9983883,0.3451197,1.6063423,1.5182498,0.13220729,0.9444947,1.1015294,1.0251694,0.6288346,0.69211376,1.2942057,0.6242648,0.64053863,0.6489816,2.0515366,0.30178517,1.4674399,0.7447651,0.2331258,0.98551595,0.99685836,0.77598727,1.4041175,0.23488414,0.32660845,1.44466,0.5686406,0.29653332,1.4899619,1.5374813,0.8832878,2.1055713,1.8949372,0.4438624,1.6687062,0.82452,0.019747267,1.6485283,0.49027508,1.0522101,0.16042641,0.051632434,2.1089385,0.41437182,0.61624664,0.98082495,0.11491452,0.33175144,0.36393592,0.2641678,1.0030676,0.63270324,2.4473195,1.6646578,1.7511305,1.8463645,1.2913729,0.5506028,0.20578185,0.056171503,0.3946605,0.1519598,0.72605366,all_pothole_images\pothole_images_enhanced_2eb332d61432dd4b28f19539716098bb.jpg
0.4066769,1.6870282,0.2168667,1.7561028,0.655322,0.5359544,0.34935716,0.041210335,0.6219172,1.666856,1.2947502,1.3081181,0.606568,1.7335479,0.2760254,0.56800574,0.11500937,1.4189944,0.74469507,0.24257751,0.31409743,0.1587793,0.09308495,0.15788147,0.11629916,0.6412412,0.0051595867,1.321614,0.08570277,0.35587442,0.32193792,0.34926993,0.5243601,0.7216855,0.02046386,1.6877046,0.2018163,0.7391561,0.963902,0.090992905,0.82615215,1.211693,0.3340387,1.9192386,0.6775594,0.1860425,0.27441832,0.0085107535,0.43526334,0.37901902,0.8136449,0.10349471,0.17117888,0.03697144,0.46917304,1.51217,0.17733829,1.000857,2.1443272,0.5266904,0.737318,0.3602627,0.38421416,0.32057676,0.41550514,1.159292,0.99698293,0.5905454,0.09864191,1.3440642,0.36021337,0.09111581,0.14321111,0.5176201,0.30092412,0.07026852,0.8596255,1.1212738,0.18534796,0.23782921,1.5728343,0.44361737,0.31007925,1.7729914,0.078827485,0.18161544,0.09405305,0.0,1.2359036,0.76732916,0.58568454,2.1070867,0.45816818,0.6454572,0.50432116,0.47919363,0.33559754,1.8254659,0.8264442,0.24419196,0.31591883,0.7345137,0.45283002,1.1213175,2.2074218,0.38838702,0.83988404,0.22242723,1.5031307,0.041691173,0.63257253,1.0144253,0.458541,0.14990161,0.8256452,1.9508882,0.26947132,0.73280334,1.2509643,1.2544265,1.1807635,0.004879195,0.18623322,1.3245882,1.1021413,0.89793915,0.99005115,0.52136916,0.568813,0.3664128,0.22990748,0.04654954,0.3797956,0.094044976,0.6394593,0.012741736,0.58835804,0.87105006,0.25572067,0.08758754,0.83921033,0.1088503,0.21970227,0.083689004,0.04869274,0.76409507,0.9106462,0.34677473,0.83437216,0.23483066,0.57052284,1.289869,0.4303276,0.71848667,0.13557214,0.54734546,0.6662511,0.04266229,0.4651548,0.12779345,0.933633,0.93984103,0.52092105,1.0130099,1.044242,0.56791323,0.029743236,0.57505107,0.999814,1.5619034,0.784134,0.28481936,0.19915225,1.5768784,0.2870857,0.18891613,0.18192317,0.25118795,0.21894017,0.08187017,0.001387718,1.9427384,0.73718995,1.1264186,0.8364133,1.144163,1.2795403,1.5743505,0.743706,0.54614973,0.07868566,0.2006588,0.57578236,0.71404094,0.963119,0.0028479684,3.8354392,0.8150949,1.4361339,0.10257185,0.07805377,1.5384668,0.044121258,0.3966535,1.0829767,0.27369782,0.817274,0.8645747,0.75409216,0.7309026,0.023405734,0.0030893118,0.6772939,0.28559133,3.0722451,0.5098414,0.04046708,0.9441618,0.9403303,0.14774948,1.1922259,0.7884278,0.7475129,0.34491888,0.21187873,0.15538211,0.8601126,0.3936431,0.5807468,0.3171057,0.20351277,0.77233565,0.6929399,0.6006515,0.22786264,0.066607855,1.8275138,0.7360525,0.11742284,1.2912962,0.1434288,0.30602372,0.014285866,0.621817,0.20996222,0.90239567,0.41568872,0.059633233,1.5322118,4.7840776,1.5548167,0.3764419,0.22714648,0.28881595,0.9454984,0.72949153,1.1501243,1.772788,0.32748386,2.006077,0.023253514,0.015659822,0.2187725,1.7334752,0.19280487,0.30155018,1.2089368,0.44608453,1.2830403,0.14695683,1.18986,0.24129958,0.6858745,0.005846274,2.9004853,0.55310905,0.0,0.0465148,0.29143867,0.2790022,1.5872799,0.6190723,0.4910584,0.27165666,0.1341994,0.7709117,0.8027393,0.3415599,1.2038127,0.6365435,0.035855953,0.38447127,0.20945196,1.8740374,1.7758181,0.051211488,0.23453599,1.3591338,0.0,1.9090762,0.9885949,0.6016876,0.8014502,0.38881066,3.326181,0.23340902,0.64985937,0.11377288,0.36912018,0.25958785,1.0906225,0.6534442,3.0774987,1.113444,1.0333989,1.2806259,0.56337225,1.3363435,3.9743664,0.39441583,1.039716,0.07373719,0.18916492,0.34465533,0.0522779,0.6778664,0.2427989,0.0025410654,0.5467088,0.627906,1.9069223,0.99766755,1.1925632,0.5331683,0.14169386,0.39736152,2.2795696,1.3119115,0.664165,0.96846783,0.8697383,0.18897472,0.99091494,1.087226,0.80104613,0.03430467,0.32369596,0.32477376,0.03233155,0.989871,2.2778313,0.86276513,1.0163678,0.25179127,0.19033694,0.31475458,0.4063412,1.3523927,0.77604526,1.8525798,0.51149505,0.16495246,0.6276169,0.8103523,0.023909554,0.65294546,0.93527704,0.1875086,0.6279581,0.36558583,0.6867509,0.31498945,0.8749622,0.5602062,0.2490037,0.08560794,0.3845646,0.48058116,0.58908117,0.45196003,1.7890935,0.05811517,0.76825255,0.28595778,1.1759394,0.16886197,1.2941267,0.038243793,0.63519615,1.0379486,0.6652477,0.29294923,0.029380798,0.6040188,0.03237835,0.34086874,0.49743667,0.4016261,1.8212199,0.20188777,0.60481316,0.22272962,1.060454,0.038880154,0.89795154,0.5376583,0.42003658,0.14390512,0.0994448,0.16841993,0.73155564,0.6334906,0.063528895,0.6142119,1.1079516,1.2806102,0.8140233,0.36601982,0.12096368,0.4311061,0.51906466,0.45789623,0.24740043,0.6530136,1.2836165,0.21341744,0.93886095,0.13988318,0.26334855,0.113966,0.31611666,0.15202384,0.08336174,0.040259555,0.070462845,1.0809928,0.82749844,0.9346039,1.1536057,0.7409263,0.4820359,2.1813116,0.5203285,0.10309629,0.059511445,0.0018403159,0.45778057,0.24979153,0.15856533,0.9588913,2.1087651,0.1828488,0.54564565,1.1765022,1.2918856,1.1714134,0.5514585,0.9459214,0.43542334,1.299527,0.70955056,0.30735123,0.40246823,0.029690191,0.8627553,0.1931885,0.064938925,0.03359095,0.16880704,1.4119964,0.39796573,1.2970656,0.13893187,0.10091305,0.6559042,0.0011027495,1.0769337,0.909991,1.9326423,0.46221313,0.08791221,0.5931333,0.86687434,0.568838,0.32559216,0.13275076,0.89627606,0.15243882,1.5198501,0.01423071,0.19148931,1.197362,0.080555096,0.6142344,0.04995192,0.25555253,0.17570502,0.0920861,0.25713614,0.21793006,1.3328608,3.435553,0.42784336,1.1083779,1.1515713,1.0509005,0.36460525,0.15079919,1.3413357,0.83190745,0.0,1.206418,all_pothole_images\pothole_images_enhanced_2ece5bec274211c514f554a0f7e622e8.jpg
1.2344761,0.502982,0.07285201,0.22293384,0.911659,0.4017098,0.038472977,0.23947999,1.5948061,0.08713927,0.0,0.10751026,0.06771381,0.011252165,0.39794686,0.29710513,0.09157325,0.3938084,0.10104499,0.2162592,0.15209973,1.340093,0.13789986,0.0029453768,1.5192002,0.07721605,0.79906714,2.245903,0.35155022,0.36424065,0.4882992,0.017493581,0.78130186,0.5397186,0.06654969,2.1591842,0.10045027,1.0463034,0.16613637,0.42706734,0.0,0.0,0.121098295,2.805271,0.007917113,0.054400403,0.2437805,0.045456287,0.1047201,2.1591642,0.43377498,0.82231295,0.6820428,0.0,0.0096262945,1.312811,2.910916,1.0583023,0.0,0.13278197,0.018107155,0.25292265,0.79060084,0.2464269,0.71830934,2.7514908,0.64012504,0.13404481,0.33661792,0.017340397,0.04725209,0.635783,0.13307033,0.4884311,1.1410561,0.0010204931,0.078604504,0.28259385,0.04882311,0.036728002,0.4049038,0.25505272,0.026561275,1.3912518,0.8982372,0.1310687,0.98581356,0.8032329,0.92664164,0.36307034,0.30495825,0.016221646,0.031801064,0.016774932,0.02917515,0.31394193,0.051501278,0.6668671,0.9768436,0.21634004,0.0029384592,1.2630641,0.24562155,0.0016914156,0.13619062,0.03352496,0.5133434,0.14878525,0.0723017,0.36721408,0.008623151,0.25312832,0.5417095,0.5916636,0.755541,0.7922936,1.4783666,0.0,0.71924853,0.23357062,2.1644075,0.7125006,0.0069891266,0.6540533,1.3730133,0.5024855,0.0,0.6356713,2.5794654,0.0585945,0.25469393,0.2166734,0.31380883,0.19080906,0.21498327,0.2903388,0.031937234,1.0822467,0.85779834,0.05378543,0.52089727,0.10828487,0.019786466,0.25173518,0.42138824,0.74079484,0.546956,0.16148984,0.21407078,0.24413294,0.5120974,0.55583584,0.032104455,0.17244491,1.6847166,0.35273457,1.3678274,0.07785568,1.9881527,1.0114875,0.9868564,0.18812698,0.31781587,2.694888,0.0035232068,0.23237301,1.3369807,0.30002072,1.7654525,0.3060363,0.010595844,0.09093086,0.02474918,0.2559915,0.48182702,0.107693754,0.5370163,0.027368799,0.6882091,0.12727311,0.0,1.5947001,2.6642752,1.0584089,1.1694953,1.8839825,0.2869443,0.036605533,1.0131601,0.22108671,0.17661361,0.008903169,0.1704839,2.6555684,0.07629626,0.35456988,0.11394647,0.0,0.0046746987,0.19309457,0.024360174,1.0663692,0.42399952,1.0633868,1.373172,1.3569127,0.89525247,0.12682723,0.78617644,0.027211301,0.0,0.01860478,0.16873494,0.059533678,0.9821029,1.4494916,0.66814685,0.0,0.7202529,0.0,0.5813819,0.019307656,0.81881624,0.01762263,0.0,0.23553373,0.57176995,0.14156248,2.2381258,0.64904207,0.224693,0.0,0.035605695,0.2586579,0.020632658,0.010001414,2.5454278,0.042572487,0.01132335,0.31211454,0.2324351,0.084829435,0.00010873396,0.18940793,0.28533134,0.17081402,0.8839256,0.005447632,0.00976298,3.5694213,1.1395929,0.23806377,0.34187078,0.21916677,0.034132876,0.115958504,0.47013035,0.009077083,0.0365796,0.38386726,0.15466315,0.049672984,0.36779672,0.2787954,0.45831126,0.52857774,0.23683777,0.735747,0.894998,0.027683072,0.12058272,0.06378598,0.10941089,0.0005220357,0.06538297,0.20100479,0.2532256,0.5389025,0.21248953,0.30611777,1.6202598,0.3340462,0.57085544,0.0,0.7804299,0.36003128,0.86123407,0.06285052,0.26283032,0.17012227,0.06910842,0.029703368,0.3826262,0.3934535,0.0,0.12050967,0.11703421,0.49310696,0.5185895,1.4430237,0.4709469,0.9341004,0.0,0.13155806,4.835954,0.02366045,0.0,0.0,0.100066595,0.37315053,0.6068846,0.39564812,0.50897586,2.62257,0.8815348,0.11509073,0.2784041,0.81999546,2.4278986,0.0071139797,0.0642266,0.0827094,0.18613039,0.12314553,0.08038887,0.32691357,1.9564592,0.0,0.28474104,0.0,2.1086926,0.68028027,0.02902588,0.0,0.29693776,0.14671503,0.71099347,0.0,0.26806608,0.63227504,0.0,1.1965133,0.79157114,0.27670205,1.4638104,0.2048832,0.0,0.112650946,0.042510975,0.09382828,0.7514625,1.1267738,0.19934206,0.63452,0.34273294,0.26183406,0.6174162,1.3381226,1.746648,1.9524409,0.109992795,0.089044444,0.5725991,0.12191635,0.29363894,1.1656398,1.1924462,0.035105065,0.16111544,0.22260159,0.89098483,0.0016360516,0.3176403,0.0,1.1714667,0.21319583,0.14798611,0.07512568,0.48061603,0.5859641,0.7149402,0.13293415,0.4644897,0.11590714,1.8351192,2.052744,1.0397649,0.030374648,0.0041134767,0.007509332,0.04679637,0.009650699,1.4454885,0.47923946,0.57763565,0.0032652006,1.2401421,0.05880496,0.0048891185,1.8403122,1.8312929,0.30048886,0.16489112,1.0197654,0.12016654,0.0,0.46867174,1.1667715,0.52602565,0.29168054,2.0113463,0.6941213,0.15269877,0.04155952,0.08389117,0.090501726,1.1972576,0.2760049,1.1123387,0.0,1.3937215,0.21612842,0.23919919,2.2170827,1.5540173,0.19448684,0.9804172,0.99326694,0.0090894615,0.21121097,1.2336317,0.10532854,1.0171144,0.59629494,0.08547713,2.3643305,0.040588163,0.32718953,0.09420952,1.1157606,0.024601657,0.016592799,0.15046313,1.0383933,0.33362,0.030753037,0.3858406,0.04005381,0.14382082,0.4379915,2.2530499,0.15311962,0.18443064,0.24017867,0.22374764,0.07190734,0.028859911,0.023221083,0.0,1.0841424,1.8128928,0.0543826,1.0216281,0.13151747,0.7780905,0.012266969,0.41167876,0.0,0.15276161,0.49243537,0.5129609,0.085196435,0.037623316,0.28262192,0.006678329,0.024219157,0.27427065,1.5932153,0.009281593,0.05780875,0.052614138,1.7285987,0.33199063,0.03208026,0.13981543,0.0,0.058836013,0.17068692,0.2527866,0.20568573,0.36973956,0.038843937,0.0023304261,0.09421039,0.0035598138,0.0,0.0060055475,0.0011345098,0.17037609,0.08148943,0.16345857,4.708809,1.702433,0.08557567,0.7379576,2.0349295,0.0,0.024684258,0.608823,0.21079057,0.9109929,0.019869246,all_pothole_images\pothole_images_enhanced_2eeb6d72306073924952c03593b53c8c.jpg
0.801426,1.0068698,0.16692722,0.79802346,0.68093646,0.024855861,0.52207583,0.5128118,0.72237706,1.3135774,1.2206469,0.26181313,0.012233814,1.5564214,0.006141762,0.39008284,0.3036326,0.5929122,0.25558433,0.3811406,0.51236075,1.5604298,0.43063423,1.2602859,0.24339828,1.4958941,0.16630477,2.4581368,0.14250162,0.6431721,0.6106042,0.308641,1.1937723,0.71941787,0.06395912,0.9447697,0.16662759,0.1678935,0.035392433,0.38841707,0.0049780956,0.013595396,0.25267282,0.54965645,0.428729,0.3451084,0.0,0.050626744,0.46163088,0.40609163,0.13960756,0.8370651,0.49927026,0.15482417,0.52677673,1.23557,2.4562287,0.078575276,0.16880734,0.030991685,0.40823495,0.087859884,0.77156174,0.38665342,0.57828784,0.5623992,0.0,0.0981413,0.0108148735,0.18505181,0.47482243,0.955096,0.3177082,0.2855961,0.52289295,0.2948889,0.060567748,0.3484357,0.18997176,0.372543,0.108504534,0.022522496,0.0675596,0.93090194,0.030237628,0.24496362,0.23085886,0.08572312,1.7523661,0.16282828,0.53981817,0.31906244,0.051966872,0.1652448,0.4407074,0.00023514823,1.6618842,0.15964472,0.1851461,0.58761156,0.018477945,4.2661815,0.21335207,0.25445268,0.8525086,0.05381074,0.055932615,0.7174997,0.03435324,0.5410331,0.2941518,1.1327014,0.90574455,0.07664864,0.38906294,0.036510315,0.49892184,0.279404,0.49405035,0.15311018,3.3459127,0.015520896,0.2909057,0.15657233,0.764075,0.09226474,0.78118294,0.25362766,0.63268036,0.0029926177,0.103167705,0.078813784,0.25995442,0.93710333,0.22696568,0.724328,0.12233128,0.57553834,0.012147655,0.26881155,0.83953357,0.72444254,1.1571617,0.90304804,0.3228464,1.0894734,0.3172179,0.37502447,0.8363018,0.12382995,0.02294644,0.60911614,0.41665784,0.85864615,2.0425947,0.006305399,0.9788133,0.1880234,0.14634745,1.1188676,3.4428642,1.2021923,0.3835049,2.5693789,0.7598452,0.10741862,0.73028296,0.13391888,3.2819474,0.38994586,0.05434521,0.42448923,0.24574512,0.6642068,0.7337293,0.48503524,0.8544828,0.24876378,0.22232507,0.21721219,0.16296774,1.423517,1.5314598,0.69356865,2.3095274,2.0380874,0.1190378,0.15620705,0.3063883,0.3034969,0.024796724,0.44705305,0.009305202,3.0593069,0.13097972,0.29373688,0.84522074,0.50648654,0.33735943,1.0637859,0.35135618,1.4377192,0.96595,0.27727625,0.40397915,0.10885126,0.9440034,0.3345273,0.6879928,0.7147863,0.044255868,0.4965145,0.6473302,1.0565287,0.7824298,1.9771532,1.6731377,0.021206565,0.49394488,0.45938218,0.20679143,0.0,1.0950903,0.35585636,0.012684437,0.2503929,1.99245,0.032418054,1.0811886,0.70948863,0.10964509,0.3828875,0.099089034,0.2955133,0.22709835,0.0631313,1.7957196,0.25481394,0.33146846,0.101333275,0.116473936,0.24470484,0.5822019,0.1009889,0.0035575991,0.0,0.27396792,0.22161205,0.5371647,1.9488935,1.25233,0.004964435,0.75690407,0.038676392,0.3452184,0.5584001,0.4842408,0.109029025,0.1901249,0.64878315,0.14933869,0.16361615,0.5308792,0.08532903,0.0,0.7504174,0.38618118,0.76393336,1.7685397,0.2849455,0.0011694182,0.0,0.121134475,0.5238514,0.22557792,0.24008168,0.81293976,0.87781966,0.57993424,1.3212811,0.3802714,0.39569592,0.9366299,1.1334722,0.12712072,1.7298961,0.39569312,0.35979486,0.1406693,0.06701638,0.41121793,0.13827333,0.034718744,0.528607,0.16234371,0.22960138,0.15972659,0.34207743,0.21635182,1.3090225,0.7704754,0.89835244,0.11939918,0.39203638,1.8208038,0.158017,0.5907312,0.11945478,0.44614136,0.2617149,1.1943376,2.1037774,2.54776,1.6052216,0.36573678,0.351389,0.0,1.6123438,0.51082474,0.048050635,0.5937435,0.3239998,0.41400692,0.80758417,0.3815907,0.3721525,0.9547161,0.3148181,0.034483604,0.58486205,1.8758972,0.12035295,0.001100053,0.028571742,0.054305512,0.020695249,0.33173293,1.0322398,1.1604177,0.015819445,0.65239,0.14445214,0.46548873,0.38448077,0.13993299,0.09647297,0.50426483,0.3780678,0.7470931,0.10854783,0.50029486,0.68989414,0.034904804,0.32871506,0.7813424,0.14461936,0.22532254,1.665858,1.0497087,0.26866442,0.25575885,0.031828757,1.2859828,1.6694022,0.17171997,0.0123693,1.846338,0.2095388,0.7204595,0.30717078,2.2297437,0.1414368,0.3450708,0.23231165,0.16544089,0.20510253,0.49578986,1.1814847,0.098207586,0.3263561,0.4268917,0.3983315,0.074522085,0.29668894,2.5598605,0.46350732,1.2161083,0.083034866,0.023644608,0.59269917,0.046633553,1.0396571,0.37843296,0.23565826,0.0657944,0.31289616,1.2108749,0.4364938,0.2132232,0.35313252,1.1745799,1.6403419,1.0121539,0.4660861,0.019100975,0.0,0.7304225,0.30748755,0.41276696,0.021440294,0.34321404,0.07316826,0.022672076,0.36678407,0.09354795,0.4681437,1.0985718,0.5273255,1.1721238,0.0,0.88166416,0.38251832,3.07194,0.46247685,2.817969,0.27204895,2.3121083,0.04200267,1.1237884,0.6992974,0.46822935,1.1984217,0.13336207,0.3018138,1.2200878,4.0437813,1.1139426,0.7192188,0.5487556,0.6683146,0.7541685,0.55989367,0.0,0.14769538,0.18807538,0.039723463,0.2921978,0.12622099,0.22652245,1.9116606,1.6453146,0.19064677,0.51998055,0.53815997,0.7059294,0.21017756,0.7048131,0.2405669,0.37492287,1.0776145,1.4117854,0.67955667,0.31762972,0.06556058,1.0715418,0.0798609,0.010550437,0.02071055,0.32020715,0.49486473,0.544652,0.63337785,0.43193248,0.558604,0.71353865,0.03727503,0.45745918,1.1986834,0.65718573,0.048463378,0.38171813,1.5353903,0.7073523,0.714874,0.0039779837,0.30655673,0.57687235,0.654771,0.21851403,0.0,0.2820858,0.8826163,0.57767457,0.014677497,0.037506953,0.01752732,0.20550318,0.39476335,0.28482136,0.4549795,0.08494724,3.6140425,0.27447265,1.0868067,0.014792657,0.75550765,0.49776846,0.33670348,0.038895566,1.1312541,0.81761897,0.022603683,all_pothole_images\pothole_images_enhanced_2f59aea113c67e216e5c8b15972a4d67.jpg
1.2672801,0.26668668,0.07053497,0.94336545,2.245414,0.11176339,0.94262546,0.0210164,0.31499565,2.1229293,0.2219927,0.70125157,1.1147548,1.9610331,0.06012329,0.40108395,0.8314472,1.7450231,1.9973904,0.7212121,2.2740014,0.9037438,0.22760543,0.92804545,1.7355409,0.25463033,0.3346211,3.5559847,0.5243609,0.5103309,0.14584705,0.062425103,0.084487036,0.7896411,0.059564754,2.5370197,0.109389275,0.37363663,0.39282396,0.05670011,0.007926293,0.022316204,0.018995238,2.3841379,0.983926,0.77674615,0.5502389,0.39879638,1.3904665,0.92468923,1.4785293,1.0613908,0.021677606,0.22145532,1.1111711,2.7131758,2.1930096,1.7675967,0.36079723,0.19297029,0.50607353,0.6332326,0.37588298,0.6060888,2.6079273,1.3159761,0.9297613,0.0,0.23898305,0.66969717,0.0045221704,0.11231932,0.1553949,1.2456243,0.20158444,0.009837109,0.0625047,1.4446275,0.37539852,0.0013811076,0.00084560784,0.25530794,0.2224214,1.331945,0.679829,0.4793347,0.57989717,0.51120085,0.7716142,0.019399697,0.010849548,1.2956963,0.4481435,0.42366093,0.09332859,0.44848135,0.33621803,1.2125902,0.7408463,0.33909708,0.81479895,3.7393985,0.30713686,0.05918209,0.9585624,0.9599898,0.06155204,0.0,0.30189577,0.23526137,0.4535413,0.46601173,1.4081947,0.9603536,0.521634,1.2071676,1.2495519,0.8790693,1.6538136,2.1225636,3.7396438,0.5618686,0.27774084,2.8920171,1.3660259,1.8700562,0.62867963,0.839263,2.098944,1.22149,1.1316696,0.1720068,0.006558308,0.9006173,1.7185148,0.9152044,1.2869126,0.9155261,1.6445243,0.06073703,2.5530775,0.59595764,1.4947494,1.1168303,0.3795076,0.78506607,1.0719357,2.773286,0.076022625,0.13566273,1.3778117,0.29995704,0.55555385,0.45490497,2.026672,1.6988937,0.27108338,1.198625,0.26949614,1.5359894,3.4879634,1.2928889,1.4851878,1.2286553,0.1478342,1.6620424,2.325713,0.34886554,1.6014258,2.910416,0.34114307,0.0043955087,0.4388211,2.1927748,0.09176674,1.3626269,0.10578213,0.002784039,0.021090753,0.035107043,0.8170365,2.1269348,0.9271247,0.6667642,0.58679944,0.26260704,0.96673816,0.6960592,0.035566688,1.1317322,0.3386437,0.17171532,0.38115618,0.76490986,0.30098727,0.97747535,0.9193639,0.106098756,0.04408573,0.60524267,0.49801904,0.7502739,0.92898893,0.378829,0.3062561,0.87375146,0.7353106,0.87915003,0.979752,1.379616,0.00017916581,0.20916496,1.4614362,1.1794261,1.3579118,2.2628412,1.4145459,1.2782909,0.6033985,0.18089838,0.018941846,0.7980901,1.0563833,0.5145866,0.0,0.054890793,1.6458781,0.84574115,1.7025657,0.8190497,0.31511095,0.060408246,1.2530366,1.2181787,0.40851215,0.36440852,1.4688677,0.7063105,0.23831344,0.3274159,0.12738708,0.13125136,0.1202454,0.781895,1.0262944,0.03530446,0.64166653,0.40813437,0.28126484,3.3920212,2.5569499,0.44142678,0.14116591,0.50334936,0.8369782,1.2590606,0.001722984,1.6325883,0.7892101,2.0040865,1.7937902,0.22119011,0.9612076,0.116761066,0.9769141,0.06596571,2.068994,0.21251258,3.5288055,0.3965083,0.7763024,0.14270334,0.7741267,1.052187,0.0057326616,0.46343136,0.009007779,0.60448116,1.5839375,0.8378924,3.0393863,0.27264643,0.7595665,0.87566435,0.76948214,2.5277975,1.7801999,0.2390495,3.4266856,2.950544,0.1071375,0.6538113,0.07139801,1.9912603,0.144801,0.46011204,1.2672896,0.17524423,0.32867888,3.3410363,0.890769,0.9974358,0.10873496,0.13224939,3.3174465,0.2665028,0.20996305,0.0824825,0.40110654,0.39124063,1.7404069,1.185325,0.6785532,1.4216567,1.7562836,0.5292237,0.1375679,1.0650642,2.9773092,0.0,0.62529385,0.005420508,0.24122456,2.2720633,0.18740234,1.6060313,0.07841404,0.22179095,1.3426485,0.5432337,0.4783234,0.99113464,0.45956427,0.24772726,0.006037031,0.009323636,0.927663,1.635617,0.3537892,0.62459826,0.13943,0.22201647,1.0965691,1.3856132,0.6313554,0.39765233,0.059174,0.8895036,0.9176634,0.05562207,0.79669,0.2386619,0.6561625,0.8409432,0.04759999,0.32853487,0.22141123,2.9186425,2.4335053,1.7557108,0.18870525,0.44771364,1.1668258,1.3813971,0.5382021,0.09172329,1.281284,0.004416165,0.91243804,0.18098778,1.0657305,0.13979155,1.3503613,0.0,0.92228305,0.6886145,0.63288575,0.033972446,0.37091738,1.0789286,1.0245571,0.0005775673,0.29420233,0.17749469,1.1002055,0.8769791,0.6622842,0.14441286,0.23766896,0.49440542,1.9768171,0.6312116,0.025844812,0.3178104,0.9913881,0.030415185,1.4409375,0.69272894,0.28560528,1.3617499,0.6634828,2.4338527,1.0566332,1.0301739,0.21105915,0.0,1.1707953,0.9414228,1.9031316,0.53411734,0.98216337,0.22033757,0.06967354,0.4175782,1.2498899,0.9561982,1.1286572,0.15955368,1.1753864,0.02899921,2.172542,1.5797966,0.72519004,2.5599205,3.5420108,0.8310071,1.3183087,2.0770657,1.036352,0.78147954,1.5133715,0.17641798,0.318081,1.0093722,3.1414502,2.2050378,0.27628067,0.17057146,0.3244872,0.4293836,0.87538576,0.77495474,0.082017206,0.15798317,0.19346142,0.81636775,1.1160654,0.7110286,0.24157806,1.515406,2.0174162,0.020571334,0.38997886,0.11384503,0.86290187,0.70824337,0.5242046,0.44664145,1.4416837,1.7630911,3.2666833,0.3205425,1.9675463,0.32738036,0.41716626,0.03755454,0.08875942,0.39326227,0.5836255,1.9484607,0.32518613,1.1753029,0.0025493596,0.838513,1.4177467,0.16213726,0.08025673,1.6005667,0.6419297,0.4442348,0.8008459,1.3379854,0.5826454,1.8516207,0.1768539,0.1482564,0.24093692,0.0,0.16153602,0.28344172,0.40434724,1.1150873,1.1481463,0.0072783455,0.4352998,0.5226166,0.2677135,0.6719267,1.2485329,1.3492093,1.7921026,3.6152916,1.381243,0.6312152,0.038197596,1.0535758,0.9624436,0.36999747,0.116378196,1.2130239,0.15762942,0.65917236,all_pothole_images\pothole_images_enhanced_3002f8a684c25c26dc1d64c8ecc7e83b.jpg
0.5063671,1.633327,0.4334741,2.7150948,1.1622515,0.032182947,0.664532,0.010905723,0.3394282,0.7863712,2.0328245,1.1684453,1.9247246,2.8701196,0.7817926,1.7537478,0.16235945,2.164891,0.6454972,1.480211,0.23283254,0.26801834,0.69323134,0.39898938,1.1817756,0.7931558,0.18629712,1.4316497,1.2938045,0.4132186,0.35429096,1.5342102,0.38216433,0.59982127,0.05877163,0.9327451,0.26063538,1.1617866,0.37121746,0.5794265,0.009554681,0.0623373,0.96231437,1.7101995,0.4835277,0.46640956,0.86403793,0.055579077,1.106889,0.10452666,0.67624027,0.44398156,0.43033785,0.9510633,0.31333244,2.2337983,1.5494432,0.6710157,2.4254549,0.62285554,1.1565868,0.8744331,2.0523732,0.86117893,0.7849529,0.8769964,0.7684065,2.5886366,0.04884712,2.2395685,0.6251448,0.007497225,0.6925796,1.0757207,0.7541873,0.69861984,0.83053523,0.49115855,0.078167975,0.56334764,0.046794493,0.03772218,0.32256988,1.6693529,0.21260087,1.174408,0.9501086,0.0,2.8034735,0.31380558,0.09963573,0.8522502,0.3756005,1.5612266,0.5300853,0.47985777,0.7682445,1.7575583,0.8269214,1.6325954,1.0514174,1.4676392,1.2019012,0.36943933,1.9957616,0.08981085,1.5993987,0.5254089,0.7682651,1.347163,2.307438,1.901643,0.0392326,0.7360939,1.1369283,1.3331189,0.63657606,1.3987875,1.4182652,1.2757283,1.2156087,0.18017992,0.5126685,1.2464899,2.466076,2.1871693,0.5000457,0.6538066,0.80130625,0.44237697,1.0709535,0.04933874,1.2335998,0.4499026,0.21101105,0.7213035,1.0214614,0.65041894,0.55128944,0.16331746,1.3221233,0.4145275,0.9220086,0.5380752,0.567376,1.2328866,0.0032757246,1.1313245,0.17160748,1.359936,2.143802,1.759183,1.426305,0.8628641,0.3711719,0.38046217,0.37272313,1.8513387,0.65089184,0.24830756,1.6945455,2.2465434,0.027289994,2.1193023,0.57830894,0.27959916,0.5963229,1.6380786,0.80456525,1.3351241,0.5676555,0.5557766,0.39110604,1.6181216,0.99688137,0.36159164,0.5348945,0.62291163,0.20476852,0.2237385,0.55720925,2.409901,3.0426748,1.2173315,0.70470685,0.52701527,0.18684383,0.21462129,1.2310777,2.211891,0.72661626,0.07232345,0.12028907,1.1619856,0.038548727,0.18834642,2.6572025,0.417607,0.37358913,0.18628693,1.2758989,2.2039137,1.389313,0.13016678,0.594868,0.23379022,1.1036646,1.6269073,0.8541353,1.0078361,0.36225796,0.44227108,0.8603677,0.13914937,3.3669875,2.1575534,1.6977922,2.4162018,2.0887058,0.25946456,1.4584615,0.2333055,0.32098442,0.37107593,0.28535366,0.75637585,1.3293772,4.1261597,0.68249744,0.746247,0.28331178,0.69701624,1.365857,0.22486337,0.36988518,0.05898819,1.0610949,0.68461746,0.09059703,0.96555215,1.7231747,0.012119232,0.8768242,0.49964958,0.11458244,0.016578,0.5067173,0.16168058,2.4731104,4.722405,2.9092157,0.380671,0.19629554,0.017589232,0.5662482,1.4592216,0.9214275,0.5750684,0.64813036,2.1184218,1.04993,0.6858736,0.5861306,0.62761956,0.412751,1.5853269,2.36431,0.53914374,1.051404,0.034434564,0.094521694,0.30606014,1.3573507,0.3530832,2.593868,1.546102,0.032987107,0.5473061,1.5637387,2.5100892,1.5736817,0.7408741,0.88350475,1.0643914,1.5362154,0.26714236,0.34193382,0.9297262,1.958719,1.9457235,0.5202286,0.84418106,1.7976903,0.5919169,1.6032948,0.5922837,0.577664,1.0460232,0.33081338,1.155191,0.8837906,0.3912664,1.7835155,0.8608094,3.8462462,0.2606046,0.27299416,0.5921591,0.598857,0.99318314,3.2422876,2.5171447,3.687905,0.5743864,1.847575,1.4416687,1.2187998,1.5157132,4.659134,0.36043388,0.45162386,1.0730639,0.7094344,0.8026582,0.90955925,0.46372798,0.9924391,0.21655257,0.23987836,0.4645005,1.0295253,0.37127548,1.868911,1.6011064,0.7141238,0.13686666,2.2990916,1.0245148,0.9933126,0.5941404,0.4023449,0.5398847,0.33743033,1.0453148,0.26105434,0.0075675063,0.6827183,0.3126506,0.07315767,1.3665458,2.0198739,0.69551116,1.6064446,0.18904793,0.090946145,0.42024058,0.26645157,2.1393661,0.34968227,1.2906936,1.1640587,0.93703026,0.93547744,0.46979514,0.019078529,0.20292582,2.0109797,0.975116,2.300644,1.127018,1.7266226,0.32265216,0.949393,2.0544784,0.8394147,1.3140622,0.1386768,0.9966517,0.84587604,0.57357013,1.0546625,0.09497046,0.8210542,0.24029173,2.0123296,0.9841818,1.737843,0.15508668,0.4993757,1.9186859,0.11417721,0.9611379,1.3033154,0.09903783,0.2915392,0.42941844,0.8046329,0.45567766,1.4071611,0.42074856,0.5056456,1.1030803,1.8645555,1.3118603,1.2642542,0.4729889,0.19615622,1.1640924,0.06636892,0.4888884,2.496307,1.4787712,0.5836142,0.19375312,1.1392405,1.2417406,0.8728626,0.44004264,0.43093553,0.0,0.34165028,1.1088116,0.43245727,2.177352,2.0263863,0.25683483,0.9456785,0.0,0.4853577,0.53569895,0.88349915,0.975167,1.1010128,0.4642021,0.025942247,2.4632795,0.4028876,0.2387923,0.2699056,0.21628815,1.7361085,1.3510536,0.081480004,0.7269293,0.033721086,0.6906639,0.74190456,2.2940454,0.32078683,0.18653846,2.5105367,0.9499879,0.45686927,0.7208881,1.3662727,1.8408053,1.3399155,0.1829846,0.26193172,2.2553263,1.4766695,0.011784303,1.524206,0.33600646,2.0153496,0.50919116,0.26788154,0.034563713,2.8683167,2.306489,0.8843534,0.54622865,0.5517357,0.6287974,0.21573195,2.1818633,0.43507618,0.9103554,0.5329091,0.25216597,1.2097948,1.5385543,0.79755306,1.6183624,0.012099295,1.6724064,1.4857839,1.0786937,1.4378418,1.355976,0.67472255,1.1020904,0.49991214,1.1856997,1.323264,1.124288,0.033365227,0.049762875,1.004519,0.15267521,1.2032818,4.1498494,0.058173627,1.0395538,1.5166093,0.113122374,0.3970286,0.7868192,0.22752272,0.62453294,0.31797546,0.9755845,all_pothole_images\pothole_images_enhanced_3056fa9ddf3e8b37da784c236100fcf4.jpg
0.8692704,1.9746428,1.0565724,2.6464782,1.0536822,0.34256673,0.43167013,0.37487784,0.21060729,1.998035,1.0077282,0.014936226,0.6884916,2.9096537,0.64792806,0.6894446,0.1759038,0.47038996,0.23318386,0.5403786,1.937164,1.7191316,0.65181863,1.9576813,0.89641637,0.5246733,0.12142996,2.2246053,0.8385794,2.0487883,0.94042486,0.33690783,0.34614474,0.71903104,1.0609689,1.5092938,0.91050905,0.9347886,0.028682757,0.20016037,0.43260255,0.391859,0.57924765,0.6959746,1.1649352,0.4166817,0.5361871,0.039960667,1.5293452,0.6536103,0.629474,0.5976926,1.2550285,0.0746802,0.48658347,1.0895164,2.5033863,0.015892366,0.64650625,0.7342764,0.3825657,0.3404043,1.7044868,0.71128094,1.8051683,0.4265652,0.047409754,0.08796257,0.50059915,0.6462031,1.3261454,0.8798843,0.54201967,0.53880775,0.79845864,1.1841122,0.27170524,0.33449632,0.6428196,0.73265404,0.89300245,1.255869,0.63885224,2.3356252,0.4012122,1.376443,0.5520393,0.39249602,2.2262034,0.31411713,0.19887194,0.71502715,0.4727471,1.9029735,0.82568675,0.80575615,0.23612726,0.4662625,1.208346,1.1688625,0.47955695,2.7369704,0.4085129,0.477045,1.5212168,0.014847801,0.2474321,1.573582,0.5628973,0.35361004,0.2584489,0.4146426,1.9793477,0.59618133,0.54422235,0.9777362,1.351135,0.25969163,1.4948711,1.2318951,1.1558784,1.1219308,2.2124152,0.6046036,0.35352573,1.2594588,0.42805654,0.33954674,0.8331879,2.6455488,1.4218442,0.08856355,0.66916686,2.2997437,2.5192697,1.1197311,0.7686587,1.9800844,2.5794904,0.12096807,0.5280132,0.576088,1.2400736,2.116098,1.165328,0.94495773,0.035353396,0.08664895,1.3968925,0.90232986,1.0168976,1.1184164,1.31217,1.2569822,2.2047172,0.63396466,0.8584445,0.4300436,0.7099125,0.67907244,1.1447067,0.9657219,0.87312466,2.540023,1.4193174,0.79313785,0.75876004,1.7423438,5.088159,1.0505292,0.53540874,0.50240237,0.38066426,1.0609107,0.53268623,0.873303,3.2263482,0.83269703,0.90234756,0.8797039,0.30783048,1.8768363,2.8201673,0.48811695,2.541962,0.4262623,0.78309083,0.67991674,0.20228903,0.6473371,0.4124062,1.0186672,0.22885945,1.1583848,0.41425812,0.64807636,0.29298517,0.3479556,0.17649113,1.3435102,1.6997452,1.7537614,1.5218269,1.5983602,1.6807594,0.36592934,0.10647102,0.6361262,1.1756067,0.1599896,0.40429312,1.0692238,1.782254,1.7713791,0.7214995,2.040772,0.987863,0.18950328,1.293559,0.97022104,1.7843344,0.500729,0.8144565,0.2769311,0.16382143,0.37092277,1.208215,0.6505099,0.61970013,0.33623457,0.43751097,1.7301922,0.59833205,0.4305415,0.7486956,0.662352,0.8822338,0.3998323,0.68299925,1.595189,1.2624432,0.42943195,0.907929,0.6781456,0.8318607,0.09491107,0.99686366,0.5578654,0.79975355,2.9289513,1.7585368,0.24484551,0.26813695,0.8809081,0.42028862,0.5372243,2.144454,0.45993733,0.8005143,3.6374786,0.68064445,2.5472817,0.9332638,0.20583044,0.81128746,0.10064295,0.16854528,0.07959391,1.7449918,1.5388819,0.0060829804,0.121947795,1.5216457,0.01481524,0.13441053,0.78932637,0.07721042,0.57488453,1.6962812,1.1413047,1.0711051,0.2964644,0.30513337,3.3357365,2.6279278,1.5225968,0.9291242,2.0605578,1.6306367,1.0626867,0.538686,0.48254892,0.035725586,1.4318726,1.5513408,0.015154816,0.2514012,1.2042065,0.8481825,1.0996181,0.021458056,1.4901278,0.16976982,0.99468756,5.500959,0.7896744,0.112233356,1.110904,0.49770257,0.81352043,0.0930831,0.6864698,4.3962326,1.4778799,0.3836665,1.0891131,0.47455356,0.80337584,1.3923229,0.22892052,0.6421336,0.41211528,0.5242181,1.3361242,0.6552256,1.4233797,1.2705247,2.0667226,0.35752553,0.8921237,3.1981359,0.30742815,0.010377508,0.35801923,0.39032316,0.6228813,1.3820909,1.0802021,1.7035137,0.6420255,3.6583955,1.5784034,1.5534266,0.4427073,0.18391679,0.008962884,1.3914866,0.32555595,0.4808622,1.4454249,0.8592077,0.036010604,0.11781944,1.7477691,1.3165921,0.040668126,0.086206876,1.2359408,1.3629436,0.77494836,0.0041966736,0.3207145,1.4640963,1.8133827,0.15107533,0.04465214,2.192344,1.6970135,0.15229554,1.4854774,0.99521524,0.6827945,0.44164252,0.5777308,0.8248282,1.4435024,0.14598732,0.2353411,0.2111852,0.77395797,0.34556136,0.6021847,0.40526587,0.96635467,4.7129674,1.2297004,3.4586885,3.9189987,0.118264906,1.8013145,0.56365836,0.9902677,0.04627703,1.2270665,0.2776393,2.044095,0.48523656,1.345012,0.47187978,0.1732073,1.9225068,0.38687438,0.15846376,0.71107554,0.14525238,0.45978025,1.291561,0.11147349,1.0610116,1.1640428,0.61139095,0.10969273,0.27796754,0.66909134,0.43092105,0.5088872,0.5829729,1.5008515,0.39623222,0.8615286,1.7637569,0.7341841,2.0192683,1.59758,2.0262272,1.1452042,0.7473865,2.5993826,2.8489287,1.1500626,0.89292765,0.7943372,0.68095475,0.17888446,0.85591865,2.1025767,1.1958127,1.3399881,0.25769925,1.063157,2.6290653,1.8348597,0.32428563,0.34047487,0.25525364,1.5371513,1.4159154,1.0532546,0.67442787,0.18055516,1.1385331,0.7696648,0.4630716,0.673846,2.4714634,0.27056345,1.1652453,1.9236542,1.71511,0.8410946,0.8779252,0.4108956,1.0539802,0.3634627,1.7661852,0.39272794,0.41218543,0.040441755,0.7323641,1.9791592,0.74442804,0.7756589,0.77100426,0.21620212,0.7897408,0.8510373,1.1836451,0.47251534,1.2902545,0.18373509,0.28702927,2.4580822,1.9257834,0.11313738,0.06037868,0.71065086,0.59881103,0.99203616,0.66477364,0.2855614,0.18925418,0.6401761,0.41646284,0.1078471,0.4629199,0.31266794,0.17499824,0.15157086,0.95954067,0.5350889,0.9231444,3.0970297,0.67663145,1.0466074,0.31976044,0.055888545,0.6413851,0.6984179,0.5170009,0.97737205,0.5165688,0.7193239,all_pothole_images\pothole_images_enhanced_309ba4bdcc793718471090af19240fac.jpg
1.018772,1.2870717,0.4115625,1.8682537,0.33311844,0.6625969,1.1100047,0.3952558,1.484748,0.72390556,0.14272754,2.2381225,0.19744736,2.3521304,1.4339923,1.0171764,0.7482872,0.11265069,1.0969782,1.3597271,2.2466705,1.6415172,0.55628306,0.097141124,2.3839808,1.3285578,0.8096856,3.4015458,0.1490159,0.47290915,0.19407079,0.4406482,1.8815477,1.1913325,0.46192962,0.8004954,0.0023826414,1.2737832,0.4676855,0.6546371,0.57852983,1.1176571,0.019893695,0.7061976,0.44233617,2.4844086,0.06336142,0.27368823,1.5807091,1.2167922,0.68447393,0.33702654,0.6352571,1.2365868,0.5407786,1.5492533,0.35642287,0.19714694,1.2914635,0.049371712,0.15709749,0.6062022,0.49948278,0.41930237,0.052547347,2.3634963,1.4839032,0.7102394,0.29917333,0.36089534,0.35401705,0.9064833,0.47279713,0.1225785,0.32100904,0.058392104,1.218597,1.8000668,0.10787387,0.15821448,0.5035417,0.1636471,0.4996661,0.22050537,1.0194683,0.94010824,0.1639407,1.0928868,2.1555195,0.43169025,1.2088696,0.25090817,0.6615637,0.3524165,1.6463747,0.07862822,1.5322583,1.4630544,0.3417411,2.3695197,0.029838031,2.2800176,1.3089129,0.62484866,0.5637724,1.3532163,0.70679194,1.2519695,0.06324949,0.49426532,0.7208773,3.8098156,1.2747993,0.022211831,0.5414142,0.043259405,1.1499468,0.08955609,1.0031844,0.7870745,2.699042,0.0017001892,0.12845813,1.8558111,1.7156771,0.72777504,6.347645,0.33057746,0.5512166,0.6447475,0.35285327,0.10732096,0.009075791,0.74503124,0.77125204,2.333951,0.9078637,0.10689717,1.6636978,0.29127166,1.3294418,0.45309812,0.0,0.0040028854,1.6198916,1.122079,0.70383084,1.0276192,1.3917551,0.36174327,1.0679541,1.3643223,0.05205775,0.029662436,0.8594541,0.8097403,1.9547755,0.038355634,1.0689179,0.9285764,0.8712166,1.2652031,0.05208036,0.71563244,0.15795758,1.4064072,0.5686336,0.11903696,0.8024155,0.96627736,0.711976,0.42957678,0.4175422,0.09302378,0.14676233,0.5158246,0.41296756,0.029093059,0.951274,0.9983145,0.14027184,1.6752224,0.93035567,0.79307604,0.96026176,0.503525,0.72969204,3.2674356,1.2856351,0.8294606,0.8109386,0.4456868,0.0,0.994717,0.18055451,0.29991683,1.2739748,0.6622486,0.7917147,0.55867463,0.5206851,1.7124459,0.3996328,1.0285964,1.0980339,0.9085048,1.0692992,0.2927901,0.56842864,1.0932045,0.1995706,0.0047740755,1.8537112,0.5487874,1.1812212,2.0044367,1.011084,0.04390482,0.7130274,0.6020749,1.5716131,0.62342054,1.6480118,0.788411,0.121528566,0.24902736,3.446172,0.062321886,0.18475668,1.6869304,0.047569994,0.65447515,0.5088893,0.6858331,0.4540895,0.3242662,1.1539588,0.13716124,0.34908947,0.048871424,0.80527663,0.857915,0.0082127405,0.28918728,0.028420424,0.027178733,1.0457834,0.2779518,1.7545288,2.1686513,3.9716024,0.967888,1.7958776,0.55676025,0.947492,0.9409153,0.22784626,1.6426549,0.09646127,2.986019,0.57450396,0.31766832,0.331166,0.9761936,0.7702271,1.9821607,0.20908111,1.3487632,6.197982,0.42097488,0.56666344,0.21223387,0.0026672645,0.97522074,0.4547055,0.51648533,0.066403374,1.2196925,0.28218105,0.298643,0.07238029,0.5518958,0.22045699,0.270174,0.7049049,0.2908742,2.2660737,0.15652432,1.1054943,0.19111103,0.84529656,0.700945,0.6358014,0.97219753,0.38886908,1.1734465,0.16954874,1.3285187,0.67672324,1.4967225,0.2860932,0.7912418,0.5028395,0.6188843,2.2595265,0.65249795,0.11281695,0.38888213,1.318866,0.71849906,0.21589166,1.5686265,2.2131994,2.1008554,0.20103848,1.6013205,1.0535473,0.456125,2.616602,0.31393436,0.21167736,0.0727077,0.49518907,0.9341574,2.3672314,0.43373558,0.048155405,0.0,1.8006884,0.28417072,1.9773525,0.6494471,0.24708767,0.21852049,0.1827056,0.50419056,3.095955,2.1862004,0.04094402,2.249131,1.1102439,0.67924386,2.8976533,1.4326556,2.1892061,0.731176,0.85672605,0.47459278,0.21017055,1.0594171,1.6552302,0.9950147,1.1737901,1.6070188,1.8396755,0.19911754,0.5332665,0.476269,0.38712987,0.7586908,0.95083493,0.124888025,0.15843734,0.8856804,0.011181018,0.7890186,0.53986394,1.0428839,0.132833,1.185751,1.0114377,0.9614952,1.5077565,0.69753045,1.0835216,0.67770827,0.6264995,0.2906474,0.5450869,0.3149255,1.6785412,0.1657099,1.9058115,1.1466417,3.397933,0.37177715,1.0715269,0.0,0.29151484,1.2117379,0.9626153,0.26828742,0.3082265,0.8913832,0.07185857,0.78527844,0.58672565,0.52577925,1.26169,0.2738404,0.7957628,1.0752105,0.33341107,2.378161,0.25185698,1.1322072,1.344511,0.64362115,0.6676286,1.4831429,0.18498747,0.65034395,0.124799,4.3898854,0.13463528,0.7431858,1.4891487,0.89381915,3.748806,0.7850138,2.927416,0.6773261,0.08811942,1.634844,3.0793264,0.0062842853,0.6227257,0.57442755,0.54174674,0.74597484,1.079571,0.27157936,0.2092314,1.472096,1.3910047,2.0175235,1.438685,1.6240922,0.89815164,2.5482268,0.3360111,1.03696,0.1371802,0.032032404,0.8046127,0.04290136,0.68488854,1.5482119,0.09437884,1.6400722,0.529525,1.754235,1.5773041,0.15901224,1.4495789,1.5021433,0.6348264,0.42819586,1.0000999,1.4551386,0.86214685,0.49597493,0.5584199,1.9210995,0.40115944,1.48731,0.7123671,0.1822463,0.73700696,1.0309845,0.65991265,1.5959443,0.34666076,0.10775274,1.4119694,0.87445766,0.95142907,1.4982346,1.787784,0.5760686,1.7175848,1.6289155,0.3284701,1.1749322,0.6888476,0.0,1.7827251,0.27293846,1.0650023,0.080477,0.08041866,2.2434995,0.24635608,0.92913336,0.55996686,0.0036686237,0.2930217,0.34329557,0.43165773,0.69724923,0.607873,3.1461089,1.7757121,1.9025346,1.7403402,1.7254753,0.59269536,0.20125853,0.095776886,0.4571523,0.3006494,1.1596003,all_pothole_images\pothole_images_enhanced_31101600a414661088ec981e05d16ca2.jpg
0.39246783,1.2708012,1.2275015,1.6950991,0.034719475,0.5665282,1.2004925,0.8243025,0.108816974,1.0233408,0.8559975,0.35698494,0.49528036,2.602856,0.001527101,0.42194074,0.58694136,0.7832609,1.527643,0.46621057,0.63810563,2.9122937,0.43078536,0.815928,0.48486087,0.8752103,0.29937533,1.062929,0.03768952,0.18828715,0.018243156,0.38074124,0.44950226,0.64165914,0.3292576,1.0193824,0.65316164,0.929724,0.26671368,0.42790607,0.6458134,0.08929486,0.25054333,0.29267678,0.33816862,0.17438263,0.87772405,0.005773298,0.53207105,1.3715247,0.20379381,0.38681388,0.80426353,0.6899901,0.7349028,1.4628398,1.1536692,0.33154982,2.3982217,0.5579474,0.83835167,0.058997884,0.53655297,0.17721659,0.98413396,3.2279043,0.95938146,0.5277314,0.34615317,0.11742898,0.66406703,0.47065863,0.04479593,0.046102542,0.58486164,0.021757832,0.92101336,0.51628923,0.38304222,0.68525696,0.5030124,0.030308036,1.0598434,1.366216,0.42786333,0.7411551,0.88403934,0.7677633,0.6688677,0.3791011,0.46602654,0.3331678,0.08272677,1.2289774,0.65521777,1.0993072,0.29570457,1.685697,0.12877524,0.3724252,0.8697777,1.6880262,1.0161867,0.97799027,0.52785194,0.97215253,0.08729522,0.49521652,0.071053,0.29040998,0.14261563,1.3930631,0.16319872,0.784081,0.6265857,0.045663238,0.25672987,0.417373,1.452673,0.8004777,0.8707011,0.9158338,0.095136,0.57154655,0.15431719,1.0413897,0.5045824,0.9201889,0.36268377,0.8621853,0.7067556,0.23728915,0.35680163,1.9632804,0.4546845,0.11666246,0.3309435,0.3601316,0.2894126,1.6645772,0.016018009,0.54154974,0.7731786,0.9981987,0.07509934,0.2310146,0.35135898,0.21257809,0.50273514,1.5126159,0.6469578,0.57071596,0.2152194,0.14086373,1.5042572,0.56367075,1.7052455,0.9790656,0.3143291,0.6120486,2.924364,0.70487875,0.27227256,2.3961217,0.38833088,0.29141733,2.268606,1.0171672,1.1638377,0.95217985,0.48648912,0.083452426,0.07890013,0.58343726,0.9656345,0.78794044,0.6291173,0.23675239,1.1456139,0.43159226,0.46370158,2.0905843,1.0132113,0.85803896,0.2425201,0.44237724,0.39871156,0.38670236,0.47808385,0.97967976,0.3586169,0.8938164,0.8810805,1.9665166,0.041996278,0.31134254,0.086221956,1.4721754,0.8556786,0.73707867,0.6184208,1.2878423,0.27494282,0.024141394,1.8262415,2.244401,0.6058194,0.30600935,1.1649414,1.1579536,0.42934754,0.5632546,1.0723908,2.5707474,0.61269534,0.7804155,2.0998833,0.3167641,0.8112692,0.92165667,0.9029402,0.65869874,1.4295624,3.4913983,0.47021055,0.35438144,1.1802266,0.23266493,1.3291707,0.001678775,0.45947626,0.49585778,0.5457702,0.4193872,0.16335051,0.7440143,0.106644586,0.9239566,0.0008861969,0.1399181,0.42411503,0.85900986,0.8765819,0.22822069,0.89773387,0.2687694,1.4915284,0.43632498,0.656497,3.5948153,5.172034,0.5696794,0.6287722,0.20661508,0.13061921,3.1646087,1.998493,0.42648253,1.3747985,1.6712792,0.64320946,0.01476247,0.28509325,1.1009094,0.8816366,0.9645697,0.65579987,0.51585025,0.7600892,0.98036027,0.44515592,0.52373517,0.21332468,0.16628349,0.1490298,0.20793623,1.7252716,0.79629034,0.9851588,0.7564202,2.547769,0.71657217,0.07527705,0.27340665,1.7409604,0.24341565,0.9987387,0.012960057,0.6277368,0.84065276,0.034762293,1.3483089,0.051617496,0.5045201,1.4648255,0.8587133,0.79269946,2.4667165,0.5515916,2.157876,0.5885955,1.1088227,0.4388437,0.90668654,3.1785328,0.054985445,0.36661023,1.4231877,0.806869,0.09970657,2.4862278,0.31170917,2.4322808,0.24341166,0.6679976,0.2231335,0.9588183,0.7688169,1.2647662,0.39586544,0.90684193,0.6472028,0.18200104,0.2546223,1.007476,1.291327,0.7269954,0.048914645,0.91646016,0.68305796,0.1981636,1.0130241,0.53582555,0.6910701,0.20855188,0.22353363,0.5606153,1.684584,1.014493,0.5383124,1.6590074,0.9739861,0.6485655,0.09044544,1.1410147,1.463889,0.15226993,0.1585659,0.41933325,1.1129957,0.23127472,1.0671918,1.0251678,1.3461878,0.6447253,0.62443286,0.2952217,2.968746,1.3006722,0.73459196,0.9298382,0.45557913,1.0576476,0.2386235,0.089216374,0.8621281,1.8693005,0.29376367,0.7760557,0.8804548,1.7440176,0.78794783,1.0013113,0.28593788,1.0605986,0.22292902,0.35313636,0.8486226,0.12875544,1.866767,0.7726184,0.14700912,0.8559164,0.33611813,1.6016752,0.9852315,1.0286657,1.3839642,1.3782604,0.837982,0.90847886,1.3026621,1.5851113,2.9197118,0.07645608,1.0978605,1.134086,0.6758723,0.68430257,0.31832522,3.3747168,0.49903208,0.57371014,0.5778598,0.45373046,0.0,0.46201175,1.2729495,0.16866449,1.0320622,0.63616216,0.80973864,1.2493098,0.0025598924,0.1313649,0.0,1.0460272,1.4630336,0.16458818,1.8060274,0.5127136,0.49960825,0.5850256,1.6595708,1.0802453,0.12288615,3.1259148,0.73063284,0.6208191,0.26984966,1.6043081,0.7683737,0.7268176,0.1661224,1.0813742,1.4486111,0.5341882,0.9202222,1.2512733,0.0137177585,0.4876342,0.38422027,0.2790857,0.49192023,2.140448,0.15407862,1.7701708,1.29335,1.1504896,1.9845325,0.2996489,0.22265607,1.5552422,0.97485,0.81736094,0.9999097,0.3731482,0.69764173,0.72204435,1.2757452,0.8957075,0.93156946,0.8217018,0.5965024,0.7451181,0.79437315,0.7732377,1.2439499,0.31842938,0.594687,0.91705054,1.458934,0.29286942,0.20204864,0.43102345,0.018225204,0.22152881,0.467034,1.0065587,0.21255139,1.9401516,0.41398954,0.7135213,0.44293636,0.0739721,0.16009709,0.77293175,0.6694982,2.078217,0.1362419,3.276054,1.2841947,0.37604746,0.3495934,0.2660766,0.22167449,0.11537164,0.4936127,0.9006737,1.6991776,0.3230548,3.5464957,0.09065896,0.973565,0.10331831,0.043527093,0.05456742,0.799007,0.62216604,0.38598207,1.1094697,0.416448,all_pothole_images\pothole_images_enhanced_311b8279fbfd9ec2715238a7cbc66e41.jpg
0.17695802,2.1825233,0.34880918,1.5273188,0.76226735,0.0044214656,0.9376191,0.3761026,0.13427699,1.6346335,0.3896549,0.19742891,0.42372838,1.2207298,0.09952981,0.3370983,1.1513264,0.0013654557,0.4121205,0.4924534,0.14347667,1.8446717,0.3533796,0.6977547,0.98628044,0.662481,0.12217039,0.75150913,0.10669263,1.3208857,0.25180697,0.120067224,1.729832,0.12765881,0.25094593,0.21550192,0.3484551,0.48602846,0.0,0.45568854,0.34350944,0.92836213,0.05458897,1.0564742,0.50428504,0.9674249,0.7653155,0.009862764,0.48966652,0.07176444,0.71817446,0.47516736,1.3172188,1.2065145,0.087876,0.52760434,1.4995301,0.1948147,0.53269064,0.36915818,0.20844634,0.094796054,2.6836803,0.5633752,0.8377136,0.22176212,0.24545403,0.37059572,0.047522124,0.4179928,0.05316177,0.17013913,0.9242514,0.09751667,0.348375,1.3006059,0.07149184,0.9425374,0.009640374,0.07160727,0.6950538,0.44635227,0.40846738,0.6325945,0.38710862,0.38105658,0.10253134,0.14130394,3.044273,0.05311074,0.05184417,0.2631682,0.76115316,0.8174373,0.0,0.20815115,0.6047513,0.5349025,0.3396382,1.9138292,0.0,2.7600586,0.32837257,0.03539384,0.33513966,0.19642928,0.37117037,0.10839248,0.41163278,0.19344346,1.744527,0.48848817,0.8221169,0.5596112,0.57594234,0.8577904,1.0169401,1.2870606,0.5272817,0.94173115,0.31262872,0.10185659,1.3683097,0.89331806,1.1848043,0.36748186,0.55502015,0.32961848,0.6910574,1.1856983,0.76510656,1.072409,0.08402456,0.1618697,0.19489154,0.57784766,0.06629305,0.29870522,2.6992552,0.88899744,0.16806991,0.22037755,0.4064147,1.6101507,0.36054876,1.9117856,0.62434053,0.35350916,0.60102975,1.9121641,0.22136295,0.41939926,0.33863056,0.11901864,0.8596604,0.40124595,0.3741149,0.3263231,0.10501824,0.44240448,0.4362835,0.6011917,0.34978542,2.774647,2.0015771,0.051416572,0.4173996,1.8318543,0.8318476,0.27597642,0.14993545,0.0028725674,0.2704261,0.73512685,0.6580386,0.032846343,1.8587286,0.19175832,0.3843374,0.07356553,0.32294318,1.0216761,2.3769271,0.043664407,1.7743542,0.38720882,1.7259147,0.539265,0.006281809,0.43141738,1.0549084,0.13092783,0.0,1.2493067,0.027447505,0.3945322,0.01978554,0.11045176,0.055123027,1.2845987,0.0884045,0.31613195,0.44332287,0.09564076,0.31355202,0.95524734,0.2763898,0.41110688,0.5772142,0.12252732,0.3289239,0.43208405,0.572253,3.9750464,0.27407604,0.9746483,0.023486992,0.10588513,0.37324488,0.008847478,0.9438782,0.0011481396,0.0,0.08697541,0.18265483,0.8278395,1.3209289,0.04536725,0.41231692,0.04526727,0.1002383,0.9783146,0.12394187,0.23299778,0.6687926,0.53764045,1.3370638,0.089547254,0.08851754,0.025830444,0.26979873,0.3099417,0.059869997,0.05021573,0.14511572,0.0,0.31448072,0.027478218,0.6389985,2.0948117,1.8573126,0.057847768,0.074965425,0.5483953,0.047100406,1.7489941,1.0259281,0.27179343,2.0514348,2.750918,0.3920484,1.1003071,1.1578217,0.10795657,0.67949194,0.43220755,0.13519724,0.9017517,0.8546622,1.1601213,0.08765361,0.0036294311,0.29746062,0.24806735,0.21079627,0.075514376,0.65528184,2.5012827,1.4988902,0.6036739,0.098288946,0.3034238,0.09356281,0.79855275,0.33405855,0.22344029,0.34830716,1.5626532,1.6868706,0.09848744,0.14745112,0.0077802464,0.4695857,0.23778605,0.7061824,0.62860996,0.30450737,0.67916477,0.14648432,0.14465849,0.5200162,0.10323315,0.3436838,0.023136552,7.5704865,0.7093372,0.08530474,0.57593995,0.27659702,0.3324677,0.7331272,1.6849388,1.7001884,0.095233314,0.25098652,0.14023776,0.1294419,0.8732385,0.5235414,1.0806282,0.00854171,0.44746616,0.08973174,0.73353225,0.9148326,0.75713336,0.80917156,0.9873719,0.53931665,2.7691574,2.1143117,0.35696697,0.9313239,0.25078404,1.7724681,0.10561749,1.8572935,0.84522414,0.21789184,0.072535746,1.4603131,0.9854483,0.6324527,0.12434799,0.46518067,0.005194493,0.40194118,1.1569692,1.461,0.55524707,0.31571564,0.2956196,0.12284576,0.15918918,0.0019179604,0.03794262,0.21880737,1.7261685,0.0,0.16337496,1.1313491,0.010234449,0.09647814,0.94211787,0.009837612,0.080057286,0.028064739,0.79308903,0.08440905,0.53797096,1.0016528,0.3887918,1.8645374,0.020406546,0.2767367,0.8797752,0.14033987,0.17791617,1.309048,0.37944978,0.046052616,0.2971735,0.06467605,0.26043358,2.3903036,1.4604526,1.923433,1.8730024,1.243362,0.61184084,0.24080895,0.13927132,0.20552467,1.1790137,0.46952415,0.026561271,0.13980226,0.8308406,0.7543399,0.42795837,1.6632863,0.94139594,0.2595126,1.1739621,0.12617151,1.2050883,0.14456402,0.015418651,0.3493541,0.21319912,0.1656034,0.8583964,0.027930412,0.06678946,0.078082524,0.80890155,0.58793193,0.80142593,0.16948937,0.1052957,0.6516347,0.81586593,2.240617,0.50083035,2.5009797,1.4721361,0.47318143,1.9882956,0.748466,0.22884376,0.40429267,0.05137203,0.0240265,0.44604144,0.26796293,2.3130188,0.45822975,0.6394066,0.34924352,0.7062811,0.5738146,0.4728838,0.09874229,0.058393408,0.8422868,0.8261687,2.244485,0.22714587,0.39163312,0.5001023,0.35441232,0.30752268,0.10742917,0.20404835,0.4807338,0.64542603,0.5848189,0.1539119,0.4078082,0.08791761,1.9406078,1.3012253,1.1881968,1.2957776,1.2696146,0.28427517,0.030450853,0.507677,0.6247737,1.7594713,0.5722404,0.25917244,0.9906563,0.2615027,0.14715576,0.27161005,0.11226173,0.09687358,0.2733474,0.5399282,0.7581406,1.4967717,0.88161963,0.5980625,0.0,0.33460164,0.741031,0.15002672,0.66674197,0.36638236,0.18045229,1.610844,0.6326466,0.22975606,0.57471097,0.005523287,0.44870493,0.00723477,0.11062552,0.3898148,2.0473917,1.610228,0.26041576,1.7893857,0.22752345,0.13006714,0.11487557,1.448384,0.07009066,1.16647,0.35990328,0.39978802,all_pothole_images\pothole_images_enhanced_3165bde022e3ac503198f4f59c7a5345.jpg
0.06136167,0.5146071,0.005636788,1.7929838,0.25090322,0.20124029,0.472764,0.926052,1.3947308,0.024120703,0.095515296,0.39098746,0.13675676,2.0666497,0.16604932,0.124379486,0.19498096,0.15380818,0.12357913,0.004287875,0.6879275,0.4368546,0.5623993,0.046947196,0.92175764,0.17702143,0.0020284662,0.33610955,0.445929,0.127803,0.0,0.0,0.34787774,0.16627572,0.018007834,0.30561674,0.46872503,1.2433125,0.2702883,0.56207085,0.0052968445,0.091124035,0.34685752,1.6882763,0.20870936,0.315025,0.10423483,0.5658962,0.09014051,0.65300447,0.758386,0.27687383,0.090439685,0.06497097,0.3028581,1.8167984,1.0528793,0.20087458,0.374291,0.24772301,0.03908643,0.22922938,0.055167854,0.22987024,0.33264408,0.27359965,1.416002,0.054140322,0.45033202,0.05439928,0.1550704,0.05194041,0.06302525,0.026769925,0.6602981,0.008773241,0.35382274,0.41165486,0.026580587,0.23831788,0.48229566,0.25253645,0.13641325,2.1924696,0.25000334,0.0,0.21843524,0.04525144,0.4185313,0.004201693,0.09510499,0.019582955,0.0,0.019268772,0.42128798,0.16934219,0.23191142,1.6687263,0.4532106,0.7953241,0.14008933,0.98232114,0.12372136,1.118509,0.35295287,0.3326512,0.23459564,0.5423976,0.07329737,0.59860724,0.08891568,0.21477987,0.023623902,0.07650454,0.3066043,0.16537343,0.49848318,0.0076739737,2.253163,1.822449,0.5152888,0.018388651,0.08917479,2.3744252,0.44951987,0.685903,0.0,0.34456837,0.63584363,0.067645475,0.44106546,0.399373,0.010874491,0.35573834,0.1371837,0.19842681,0.5336553,1.1395113,0.3076713,0.45852053,0.077480905,0.26560408,0.36224294,0.02869939,0.0,0.022458676,0.1374196,1.0434117,0.057413902,0.047153782,0.3889945,0.2994086,0.074953936,0.24246076,0.24156076,0.6328771,0.5888902,0.11826029,0.5234027,0.3085381,0.42527533,0.98587656,0.13377884,0.26286116,0.3782494,1.9864157e-05,0.23008274,0.14243108,0.34447896,1.3358243,0.07345795,0.1817653,0.006972959,0.22966214,0.35493308,0.17006274,0.6156901,0.15096919,0.0,0.18629704,0.025631102,2.6792512,1.1929493,1.0969557,0.19754943,0.9814255,0.22851218,0.15188408,0.03235479,0.6304549,0.10324892,0.055987436,0.23384759,0.6228206,0.2813222,0.0,1.4911851,0.13244186,0.29719013,0.2994813,0.12144737,0.61510515,0.07519118,0.7891872,0.64091694,0.29231367,0.8958893,0.25166345,0.66756237,0.09453335,0.03243944,0.12664701,0.32155874,0.74349135,2.4495375,0.46583903,0.038853828,0.0117926765,0.71736044,0.0,0.071351334,0.2471914,0.023084205,0.7533646,0.020335658,0.14466502,0.9538092,0.14711164,1.9239293,0.38865063,0.017762367,0.08095911,0.2083542,0.10057149,0.4349723,0.095979005,2.0601633,0.1559963,0.18448581,0.34447905,0.4249825,0.18445805,0.16688004,0.738164,0.32312018,0.384681,0.32451224,0.40170506,0.55588335,4.726313,2.4025538,0.07277454,0.10521858,0.5772616,0.04298323,0.2610503,1.0739244,0.08038893,0.3949995,1.4938182,0.026542492,0.16073912,0.60103655,0.24361683,0.26831147,0.21805815,0.49596432,0.047123495,1.6980785,0.43361694,0.068247184,5.445825e-05,0.14435615,0.05093773,0.31685403,1.081959,0.121948004,0.28761357,0.60229015,0.08482569,1.6128266,0.33165646,0.16954978,0.3869395,0.29057974,0.4529105,0.675445,0.28063062,0.091774054,0.030319309,0.18094656,0.050998688,0.33990142,0.4157423,0.17628288,0.22573008,0.0,0.14612131,0.0026507815,2.2980788,0.41085216,1.115128,0.045562893,0.42706242,4.683262,0.007615386,0.12606224,0.109288625,0.06056316,0.19019656,0.35420853,0.17694975,1.8427114,1.912992,0.82128674,1.5875281,0.095228136,1.6596749,2.3810818,0.050534375,0.79122454,0.12878059,0.33147556,0.10322155,0.062225904,0.15386166,1.141197,0.069411926,0.0,0.589463,1.2281344,0.38563785,0.096957974,0.04073408,0.01393081,0.423766,2.582434,1.2958208,0.25584364,0.8473442,0.08737778,0.060453422,0.95129216,0.7934972,1.5825312,0.05633019,0.0,0.19180399,0.20130542,0.9564489,0.4573563,0.6898425,0.31758994,0.2728796,0.31287292,0.5509276,0.21796456,0.84964097,0.047163017,0.46333477,0.41276136,0.23859793,0.6852085,0.0,8.7630724e-05,0.106731355,0.70268685,0.1655118,0.039213695,0.24075936,0.6763154,0.07503555,0.38882688,0.010692514,0.15254828,0.03910326,0.3585334,0.1925454,0.4913534,0.35504445,0.11011559,0.13836652,0.69999623,0.51747304,1.0536866,0.018995041,0.34046507,0.095951766,0.08278701,0.16101144,0.6372957,0.0,0.08987365,0.30969453,0.001813318,0.0641234,0.887895,0.03190199,0.10305163,0.07763001,0.21862294,0.081011355,0.5710251,0.14105955,0.60891575,0.019928318,0.8004497,0.17018528,0.85026485,0.16029067,1.1149309,0.57628465,0.08691098,0.18017052,0.39688212,0.56802046,0.032854866,0.5876949,0.24629433,0.07895139,0.7468259,0.3025009,0.34924206,2.9882896,0.5208298,0.4772547,0.31919318,0.0,0.2769794,0.2018134,0.74092364,0.06639265,0.036505453,0.00757363,0.1634689,1.5603803,1.2884938,0.022567837,0.36318251,0.7088593,0.0,0.0932037,0.031646147,0.12305727,0.09933159,0.0012394375,0.70906633,0.6781029,0.02273231,0.21748142,3.5014398,0.18375184,0.24380393,0.27320898,0.12874927,0.34362373,0.143024,0.005720288,0.08473007,2.4267979,0.7820911,0.10896266,0.147068,0.08250176,0.81249386,0.36543673,0.6361119,0.09023884,0.16072181,0.54682183,0.9304553,0.032175656,0.5355776,0.15964797,0.3580401,0.29032126,0.13456392,1.290557,0.029719755,0.9290061,0.5358982,0.70932037,0.66677123,0.0,0.04140323,0.11410643,0.7477608,0.0119228875,0.7653886,0.3819585,1.0225929,1.695151,0.012324279,0.0,0.14221057,0.00472613,0.0,0.12698385,0.073225945,0.04488793,0.4732149,4.920195,0.52251196,0.40561682,0.45467976,0.6651054,0.93101275,0.032279965,0.510997,0.2594391,0.18717693,0.19922863,all_pothole_images\pothole_images_enhanced_3216f59e71196a12c09d437671696f5d.jpg
2.5834324,0.69853157,0.20860282,0.69047326,1.1909268,0.09334305,2.139382,0.7431614,0.07843914,2.5980027,0.24074309,1.152849,0.08087881,0.7142728,0.14002389,0.3589264,0.3857119,1.2828212,1.2894135,0.9890756,1.1800207,0.31391084,1.0874356,3.0028567,1.6520386,1.2809694,0.6154926,0.5635823,0.44479057,0.15806018,0.44030824,0.07530391,1.7543875,0.8255863,0.19014455,2.1912153,0.66325265,1.4350928,0.8085912,0.67628694,0.39503127,0.40620977,1.1304268,1.3741124,0.2987942,1.8596274,2.0539904,0.49483815,0.8749611,1.2333854,1.9302521,1.4235634,1.8681372,0.0017030447,0.13651073,0.5824875,0.80271184,0.37081993,1.2185483,1.4561992,0.4682545,0.14851692,0.72743005,0.15760334,1.3628317,1.8682095,1.246175,2.0468447,0.19743802,0.045819588,0.22685923,0.19181246,0.44901508,1.2997917,0.3094244,1.240054,1.253504,1.2684834,0.0,0.02885855,1.4730926,0.23545763,1.5456537,0.6050312,0.8851004,0.11877044,0.089313366,0.5539798,1.3945696,0.6583851,0.0,0.7473513,0.3032779,0.0,0.21188943,1.3203987,0.8976721,2.2260604,1.0349511,0.25875613,0.5982412,2.2684875,2.2886763,0.6337356,1.0370466,0.8235914,0.05663275,1.6040621,1.0894462,0.3497002,0.16433658,1.524671,1.3439465,3.0429068,1.4072343,0.62465364,0.29650825,0.0,0.93173105,2.631354,1.2998227,0.7050138,0.2602804,2.5204203,0.7204471,0.88034767,0.19728851,0.9314656,2.0404367,0.251011,0.27312022,0.8901053,0.11752316,0.10026517,0.61348426,0.039466906,0.19675149,0.6839008,0.6798851,0.34545892,0.6881206,0.75429976,1.2208452,0.964577,0.74814427,1.3089076,0.40710768,1.5833975,0.036810666,0.18426065,2.429605,1.0999509,0.011136129,0.10414632,1.3643516,0.6945371,0.88261414,0.015274874,1.6617329,0.20867795,1.0131118,1.0011077,0.065535724,0.21454012,0.14659056,1.0414487,0.7743965,0.48959514,0.7920281,0.662202,1.2765251,0.79956585,1.3596711,0.6598456,0.77321404,2.4972355,0.9787341,0.74207544,0.16327903,0.19211732,1.7616817,1.979397,1.2361294,3.5125866,0.6194833,0.23604,0.118574746,0.856646,0.9217062,0.57292175,1.0940229,0.3118998,0.66378057,1.6786897,0.46172738,0.7442409,2.6600142,0.255683,1.6094208,0.82040495,1.1687914,1.4489545,1.157101,0.36478326,0.5077178,0.12000634,1.2194556,0.072986856,1.5093772,1.4343047,0.002138107,0.519273,0.088460654,1.5658326,2.0988035,1.4627808,2.6068056,0.4614631,1.3152522,0.08079226,2.7946146,0.6431113,0.21131498,1.5150481,0.0,0.40327236,0.18838653,2.6540098,0.1557702,1.4947044,0.2961033,0.015079603,1.7058731,0.074548304,0.54775554,0.22710204,2.9818308,0.4688568,0.010809235,0.19679485,0.3598657,0.10654096,0.5351913,1.0883921,0.9327808,0.29280218,0.8045586,0.5293038,2.264102,3.6674936,0.16922233,2.0491087,0.2704694,0.43886548,0.116214246,0.8674187,1.4989737,0.5539129,0.9045131,4.9847198,1.2335004,0.25020114,0.22339334,1.1301252,0.24277967,0.49128586,2.3636174,0.9779957,4.858791,0.10199678,1.0030613,0.028946305,0.27309683,0.6524321,1.0061951,0.3798668,0.047844376,0.65491235,1.5734215,1.4521496,0.87125474,0.6848563,1.6017966,0.07172287,0.30366015,0.067394696,0.9252648,0.6310755,1.6653306,0.38218173,1.3690273,0.704715,1.4503217,0.19247761,0.2893275,0.191334,0.9204595,0.5414014,0.5048585,2.7060964,0.1252979,0.48888528,1.3046505,0.65054154,3.084892,0.07461565,0.51991755,0.003266445,0.03823075,1.7097071,1.0264335,1.2395418,0.77987164,0.85803026,0.6933391,2.213892,0.20775013,1.6304735,1.6837264,0.76132184,1.3276345,0.18843763,1.8274981,0.8954814,1.0452837,0.8385381,0.34002918,0.64904785,2.8756065,0.21145022,0.25269035,0.28655222,0.09485386,0.4048148,0.031142788,1.9926673,2.0406995,0.010574251,0.3369117,0.9202205,1.4215786,1.3177897,0.85132533,0.53745824,1.1929239,0.8452599,1.3156255,0.10146335,0.756911,0.10421569,1.0662491,0.14121802,0.46947944,0.40465367,1.2238818,0.3140033,1.1486386,0.8359605,1.1196027,1.2695559,1.5930686,1.7229352,0.7694978,0.7080879,0.10086236,0.7147541,1.6348572,0.29738975,0.2565458,1.3430483,0.6815253,0.25094208,0.22858334,0.26059085,1.4323014,0.044011734,0.5357097,0.20964746,0.81417805,1.323262,2.1035614,0.334387,0.9712753,0.48895332,0.4576159,1.493594,1.5608582,0.053137764,0.13291949,0.2971435,0.32199115,1.0885136,1.0154421,0.22406317,0.534826,0.118404076,2.2825077,0.03548246,0.5936603,0.90463775,0.18924062,3.8402383,1.7047317,1.4695396,0.5267939,0.25859505,2.4089236,0.7274008,0.31045988,0.69386876,1.8849621,1.9574875,0.19509043,2.654543,0.06948637,0.46930104,0.0077729314,1.091982,0.8627777,0.57918215,3.4552486,2.837203,2.0676153,4.2280717,2.5516124,0.011787436,0.55793273,3.1836815,0.5111499,1.6082575,0.02654918,0.24502014,0.7563617,1.0590804,0.57638776,3.0489128,0.0,0.048964538,0.09928654,1.0020739,0.5125493,1.282263,0.98116595,0.37222332,1.0344665,0.048244,1.2575312,1.852668,0.22446373,1.0908406,1.5399127,0.97384465,0.64863676,0.5007876,0.67518944,0.7063469,0.5651654,0.74219674,0.41756874,1.1017107,2.3408854,1.1965396,1.3209096,0.5658756,0.7417371,0.20686355,0.6130694,0.02470556,1.627856,0.5671733,1.0289761,0.092584714,0.0022059316,0.5031053,0.34939918,0.8351227,0.24392599,1.1476933,0.010671076,0.21737754,2.7620544,1.3151245,0.1753872,0.89036685,0.049642045,0.39331275,1.623043,0.7573599,0.13886808,0.00046595788,1.2139521,2.4920423,0.5952723,0.6576124,0.0041709836,0.1619744,0.40183717,0.5600015,1.6467668,0.772087,1.5525484,2.6808975,0.035360884,1.7642895,0.9140245,1.6303082,0.4780016,0.73193485,0.8662601,1.6200907,0.34716254,0.44586536,all_pothole_images\pothole_images_enhanced_324a3386c5880699826afbc597ab7531.jpg
0.2613377,0.19796765,0.16738872,2.1224792,1.5265615,0.030524205,0.29911998,0.023680162,0.4210647,0.06443557,0.18932484,0.95671606,0.32688358,3.434263,0.06332818,0.65281826,0.72818017,0.49318954,0.69823885,0.022977041,0.86199343,0.32539707,0.20473365,0.90881157,0.9398738,0.26899832,0.6977829,0.6498404,0.03709119,0.5026396,0.1336632,0.14055762,0.08246587,1.0091335,0.21783149,1.2932868,0.022988202,0.12604426,0.62662387,0.034503337,0.32223275,0.15980893,0.9417577,1.904916,0.37161675,0.18531802,1.5029898,0.42042103,0.5745044,0.38616553,0.94201815,1.7626594,0.055273097,0.04444819,0.19422126,1.5927584,1.431342,0.378428,0.3081975,0.4238865,0.023450764,0.04124219,0.5643538,0.11987407,1.5895426,0.57614785,0.4863973,0.0023783834,0.28197008,0.7545284,0.368582,0.114092775,0.14353932,0.026278479,0.10921914,0.006169709,0.79808843,0.89480275,0.09068781,0.0,0.029684382,0.8555604,0.2730179,0.98366904,0.12846948,0.032685883,0.89141095,0.06752669,1.0150859,0.070111915,1.1221803,0.2316611,1.697755,0.19574675,0.17104684,1.3696408,0.0037515482,1.2062314,0.0069160387,0.7180038,2.5320787,2.3571284,0.93204,0.06445249,1.1702127,0.9498274,0.3196219,0.004603106,0.7510291,0.70661676,1.4356874,0.085782155,0.03925045,0.5327286,0.20304501,0.2871173,0.43831688,0.36330584,1.3261805,1.1597646,2.6873848,0.32346877,0.029953405,0.18591592,2.0759242,0.7416472,0.98278177,3.080824,0.2906302,1.0781074,0.4018514,0.12103027,0.15047485,0.42404664,0.54538816,0.013391507,1.5012245,0.36346412,0.008939039,0.19757667,1.2476127,0.015974047,0.7606001,0.8719222,1.0452832,0.17104612,1.1691586,0.96130705,0.2772572,0.4268189,0.24868746,0.3302134,0.12469528,0.64257526,1.4826485,0.33465353,1.8202899,1.4212952,0.37904397,1.7354947,2.4115036,1.1003377,0.6395003,0.68523365,0.77958244,0.1715326,1.6098324,0.10655401,1.4853272,2.292269,0.056882005,0.0766668,0.024392081,0.14991641,0.12722889,1.3103818,0.5374116,0.0,0.624186,0.099886425,0.1348688,2.8411524,0.042634152,1.145026,0.7173939,0.5643442,0.8401028,2.842075,0.20157008,0.47810128,0.003770936,0.9418508,0.88926524,0.81091213,0.04066812,0.16107503,1.3173575,0.9018123,0.3731722,0.0026025542,0.2058006,0.15409537,0.2663585,0.087518886,1.230621,1.0762955,0.5620436,0.077486604,1.4765254,0.4847107,0.06762053,0.14280963,1.3608927,0.7936484,3.2659588,0.821292,0.48212078,0.230022,0.14193073,0.17857535,0.13986965,0.0,0.7211184,0.6680886,0.032635324,0.6584369,0.27183402,0.12635826,4.1966853,0.7665184,0.61315393,0.028681258,0.43597868,0.35080975,0.085581616,0.26379657,1.2413406,0.08930664,0.5363461,0.06960711,0.26572114,0.39553466,0.753668,0.63211215,1.2272124,0.12255698,1.1516851,0.19901118,0.28530705,3.768962,0.24657708,0.15826324,0.49984565,1.8322119,1.2086095,1.2946838,0.14812772,0.020161346,1.5832437,0.8405156,1.8508369,0.4886086,0.12083772,0.102747604,0.19335628,0.42235342,0.57721686,0.49036077,2.712665,0.48121515,0.0613723,0.13315763,0.8664247,0.09646118,0.0006200989,0.56729645,0.16500272,0.57393014,0.36492375,0.83345777,1.8679875,0.8098333,1.168715,0.026828894,0.12325834,4.310981,1.210488,0.25683025,1.7046474,0.47861964,0.012018824,0.2464134,0.14598636,3.473123,0.35082772,0.17703044,1.1174427,0.10752995,0.00651338,3.6642263,1.8311001,0.068022996,0.9273093,0.083072506,4.9434886,0.008490498,1.1040384,0.0,0.54599416,1.0962465,0.71151,0.6451206,1.2347313,1.2664324,1.9929479,0.30483508,0.5543932,0.40766236,3.5224562,0.101858154,0.812484,0.053666662,0.19391526,1.9177406,0.033676177,0.6451085,0.5456286,0.00039784517,0.29946345,0.0,0.6629856,0.8476136,0.009592062,0.43223336,0.10558266,0.005024806,1.0959246,0.79858726,1.922519,0.111912794,0.4712993,0.18588284,1.7037283,1.2022482,0.09440466,0.9329675,0.040884614,0.6184802,1.8623604,0.15638274,0.13754332,0.39345744,0.017612936,1.3175956,0.20344292,0.073612995,0.08029668,2.5881665,1.347773,1.5091842,0.9824842,0.07214703,1.4506145,0.690988,0.46351054,0.12930901,1.3924927,0.008472015,0.97560894,0.7471489,0.4332646,0.44256023,0.555502,0.098131,0.66435176,0.54557186,0.40022323,0.0,0.69933456,1.2243853,1.2806474,0.09445763,0.1979799,0.26760003,0.6850106,1.1361849,0.88159037,0.0035808866,0.08781053,0.35454684,0.5640627,0.19293797,0.14195612,0.66119754,0.4220814,0.957693,0.5091385,1.1035146,0.46570668,0.5350723,0.15862024,1.0722371,0.24528655,0.0055007683,0.8960412,0.1481245,0.23903422,0.020614102,1.1715592,0.22278559,0.30018762,0.13087247,0.23627333,0.09058047,1.4090657,0.29958007,0.7454125,0.11288761,0.36451954,0.056518044,0.43507004,2.5900888,0.33900133,1.6156553,2.4229558,1.8026568,2.4483545,0.20635912,1.1985245,0.021974422,1.1400119,0.4261228,0.78552574,2.3900447,1.3219167,0.33229083,0.08492396,0.25980696,0.22460794,0.062465835,0.23356655,0.048542235,0.06040222,0.37384892,0.50780106,0.0,0.41638237,0.1686269,0.7634972,1.9021404,2.1740527,0.51510143,0.66574866,0.10670259,0.029250426,0.16850492,0.36723202,0.0,0.7661033,1.8625622,2.2396288,0.9628363,0.5048527,0.27101663,0.10140706,0.26033372,0.065588035,0.30276245,0.2594226,0.94781244,0.27923897,1.4359223,0.028746827,0.2845402,1.8557981,0.06694841,0.49136677,0.50845003,0.092949435,0.035967734,0.3248811,1.2589909,0.15074624,0.55488145,0.63780516,0.3553388,0.019294662,0.051690195,1.4186645,0.63127214,0.3036535,0.8995624,1.0049798,0.1206983,0.8482104,0.0,0.40601185,0.08938663,0.08311293,0.46921057,1.4957314,1.4869468,0.8800494,0.041578546,0.56080014,1.1874,1.2804109,0.7262638,0.05028363,0.68724525,0.04170401,0.044413637,all_pothole_images\pothole_images_enhanced_32b7c40194596f4c2c43482cb4b44d11.jpg
0.10236678,0.964376,0.059640147,0.88713336,0.93481755,0.33247063,0.733144,1.2838203,0.38296053,0.33697066,0.13797937,0.2849473,0.13098557,0.63038045,0.0007791614,0.1489198,1.08935,0.069483496,0.20724623,0.56279796,0.7679823,1.2503252,0.4007099,0.5201615,0.07612506,0.28568977,0.79499644,3.179356,0.34091446,0.17321567,1.4665569,0.46196893,0.18540004,0.20724925,0.07333332,0.78979874,0.0016073447,0.36238062,0.65926945,0.36164716,0.0,0.0,0.03119516,3.6477256,1.1987911,0.112800926,0.096540816,0.3916639,0.028392594,1.2249621,0.5671397,0.2947306,1.1066047,0.046414588,0.080148,0.27321947,1.3133236,0.5105112,0.077476785,0.018036166,0.14534105,0.013027375,0.9104172,0.26579568,0.22891268,0.28514612,0.6965332,0.49543,0.009209416,0.48866543,0.03044537,1.1497711,0.068676054,0.007272523,0.11123689,0.22016236,0.10103798,1.2547309,0.0048069344,0.006783428,0.0,0.91478914,0.2231679,1.1650517,0.17739315,0.7879468,0.035515133,0.06524087,0.6696782,0.37759578,0.057074342,0.9050654,0.24168026,0.5917142,0.53048384,0.021995535,0.09178379,0.24084383,0.3156983,0.0003506751,0.05894069,0.5705431,0.40402937,0.2711302,2.794847,0.0,0.09113321,0.0016961201,0.022039084,0.18508609,0.08402465,1.0908312,0.91067,0.25385302,0.60380703,0.2647498,0.85127217,0.33108416,0.003560777,0.63678247,2.8933952,0.9529338,0.37954462,0.4345991,0.38039124,0.13485135,0.033653438,0.12908357,4.2257137,0.11831066,0.5054119,0.3367508,0.035981484,0.13801426,0.5610642,0.8191477,0.27238625,0.0042098025,0.57941395,0.18629579,0.40821794,0.024465052,1.3412124,0.22620033,0.23327357,0.7202103,0.2661792,1.4808029,0.6706294,0.051170323,0.10744076,0.4579997,0.043092735,0.16588402,0.85764694,0.29684982,0.0923788,0.49355736,0.05837635,0.16232118,0.564975,1.072631,0.09287276,0.7481588,0.095328555,0.0,2.6767683,0.19482437,1.333605,0.07697163,0.018153412,0.011473406,0.054112464,0.06329228,0.07487359,0.43015638,0.5243071,0.017647887,0.2619504,0.14634436,0.17234223,0.2917253,5.36505,0.17047456,0.90200686,0.33303738,0.16228367,0.4641859,0.10405988,0.12201708,0.23637468,0.20787916,0.26246572,0.93217623,0.03026213,0.036430452,0.027400238,0.32718906,0.1778154,0.1433948,0.11698253,0.81036025,3.779367,0.4541917,0.5069225,0.46928892,0.13570422,0.24294937,0.6881341,0.29808858,0.058910944,0.33825433,0.42779788,0.0,0.25695708,1.9498385,0.62027663,0.3014076,0.7257043,0.08808202,0.9316313,0.115765415,0.20093949,0.15744334,0.064844444,0.09222342,0.3823277,0.055110082,1.4616793,0.78487986,0.0801302,0.09305424,0.3538552,0.18800564,0.3937829,0.43288988,0.75777996,1.1631467,0.021374956,0.6637518,0.1346218,0.54644424,0.19632456,0.43305454,0.08504951,0.15543024,0.9892024,0.063088164,0.69449395,2.718798,1.7431911,0.25482637,0.3536653,0.46612212,0.1522073,1.1475877,0.7650593,0.09759647,0.042648632,0.15635708,0.05286506,0.95748544,0.2724214,0.101593904,0.30170015,0.7984572,0.0,0.56701076,4.893179,0.21091954,0.0061864406,0.032763902,0.37259507,0.46023571,0.17508152,0.3205068,0.06902503,0.6074094,0.1464123,0.20423847,4.1747813,0.22808616,0.24917656,0.77369815,0.97744256,0.11707262,0.3135871,0.43904892,1.7651924,0.31107792,0.26244524,0.23284552,0.10017559,0.16250533,0.021089846,0.13741507,0.16204979,0.08796619,0.5920512,0.64543176,0.84750986,0.29832295,0.1265311,0.2798422,6.221526,0.04063931,0.0024486626,0.02387871,0.021270346,0.11311803,0.061880104,0.33227018,0.82143706,0.66696584,0.629533,0.112455405,0.006908284,0.21188267,0.47800258,0.50265557,0.7628912,0.6051535,0.15190616,1.2400268,0.224635,0.4258714,0.9486692,0.024265854,1.1496289,0.42738208,3.034053,0.1487332,1.019425,0.049716186,0.7804675,0.102007546,0.739423,0.09641756,0.15015253,0.2073421,0.08700493,2.0162277,0.1818421,2.2174468,1.4484614,0.33409083,0.010808977,0.71541655,1.1533504,0.2320095,0.46390954,0.07275777,0.21813384,0.56078714,0.023614582,0.1639539,0.10264184,0.009293786,0.011719049,0.0,0.18182246,0.07719359,0.25574645,0.5515144,0.07380042,0.13610213,1.2364047,0.4601724,0.45049942,0.38008505,0.0,0.019787896,1.043399,0.17774265,1.5399,0.4340683,0.79563063,0.09953249,0.66681176,0.09443989,0.076645374,0.15172909,0.25792897,0.87620324,2.5517066,0.23212536,0.25666082,0.0,0.020688495,0.15273714,0.52228874,0.9006802,1.9375825,0.84973145,0.02243104,0.043263126,0.32148066,0.48773196,0.37993792,0.2734365,0.512308,0.673203,0.24637465,0.119524464,0.45727068,0.31701735,0.10431863,0.44019675,0.09549861,0.6999644,0.28963873,0.88097394,0.5710684,0.0,0.4580904,0.17296794,0.2607269,0.49855697,0.09529493,0.09453152,0.6232412,1.2736142,1.1695613,2.9211187,2.9725504,0.6629275,2.3134968,1.088872,0.021238394,0.16459256,0.87459135,0.36522433,0.0,0.011213172,0.24130957,1.4854661,0.22559518,0.08108785,0.3557302,0.5508716,0.15059337,0.6155307,0.019740954,0.00152339,0.5799602,0.6470451,0.6083567,0.0036451628,0.028003845,0.26507783,1.2443123,0.43570226,0.08089425,0.12582003,0.97768354,0.4899535,0.339847,0.40448728,0.18134767,0.25103262,1.2718091,0.4178578,0.057930853,0.0,0.18290652,0.24074897,0.13002074,0.06873176,0.42621195,0.83811784,0.13924532,0.8005516,0.49676275,0.2696002,0.22878495,0.19792433,0.044478003,0.1265822,1.2957555,0.059075784,0.51557696,0.8145667,0.4641016,0.113246284,0.40693563,0.00041300408,1.57969,0.17903219,0.30630293,0.0,0.14021847,0.9011732,0.026540363,0.057173815,0.0,0.011260423,0.10136372,0.6592074,0.4489739,0.11840424,0.18770926,1.5118115,0.7613762,0.43813407,0.058659356,2.8115368,0.8865932,0.49957773,0.21653843,0.6315318,0.51913,0.10570431,all_pothole_images\pothole_images_enhanced_32f3172274bd055062a0f837c752355e.jpg
0.14282711,0.24820264,0.4687683,0.5645078,0.123270795,0.2116623,1.0590757,0.16668887,1.0233917,1.7456241,0.107827984,0.6355256,0.12735291,0.1386885,0.18507467,0.59168035,0.017786479,1.5882844,1.1499984,0.19465755,0.63171804,1.0145258,1.3076519,1.979376,1.1021699,0.22373651,0.10233102,0.3421479,0.009033922,0.063611336,0.09516712,0.002771333,0.8693894,0.57239306,0.4245793,0.88749886,0.050636545,0.22062024,0.010875171,0.33863443,0.27883366,0.05817553,0.06822504,0.36098137,0.17033744,0.551136,0.1493133,0.15281853,0.47737536,0.42419502,1.062014,0.6907514,0.9908721,0.36983955,1.177171,0.83085024,1.7806206,0.28329676,1.3394215,0.62571996,0.00017572688,0.53016585,0.4469401,0.4978396,0.22694167,2.087192,0.72833556,0.007980107,1.1720102,0.20296505,0.18324655,0.15839589,0.42316616,0.11301995,0.1723732,0.14494668,0.093202226,0.36283714,0.0,0.24327701,0.07632182,0.17119521,0.89166504,1.5247108,0.5973896,0.4747447,0.17799735,0.18578354,0.9089234,0.34013873,0.031086823,0.24843699,0.032101464,0.2609151,0.0014847056,0.31195322,0.6329376,1.8552278,0.13237141,0.014976681,0.15177993,4.6191974,0.639283,0.061438553,0.31243885,0.40512508,0.48127168,0.3306988,0.086369015,1.6455008,0.10320257,1.224547,0.09513769,1.1245064,0.16554435,0.5258526,0.8003484,0.013525324,4.596631,1.44445,0.917506,0.81011045,0.35045877,1.8990892,1.0446904,1.060612,0.0015728851,0.24515152,0.16191702,0.06803996,0.23457515,0.2881188,0.047297135,0.2670766,0.06728475,0.20020573,0.0,0.07839841,0.30015057,0.12429276,0.20162475,0.060277227,0.64381295,0.65618485,0.0,0.102794364,0.10214159,1.1317523,0.2683197,0.335663,1.0635086,0.29391637,0.40389407,0.0,1.7002264,0.77908933,0.8648277,0.33384416,0.7547765,0.05230088,1.6789256,1.4028262,0.0049702614,0.26048994,0.6971344,0.12202657,0.91125286,0.16801706,0.3533677,1.4222887,0.4021172,0.0064158444,0.007854066,0.045429155,1.3347682,0.3286394,0.007864612,0.044170808,0.3231842,0.12777926,0.36442694,1.3218415,2.1473503,2.3993447,0.65431523,0.8254209,0.027546067,0.2987838,1.0646392,0.5332713,0.40314758,0.033035427,0.089800715,1.1998417,0.20868722,0.43250647,0.7336793,0.51486266,0.3374704,0.28917882,0.28072664,0.6400675,0.5398349,0.38054782,1.8164699,0.29541218,0.5934509,1.0238987,1.97921,1.1395937,0.0128139155,0.23543431,0.016188145,0.43573526,0.20359294,0.41096118,1.3404547,0.36099136,0.3890084,0.11248707,0.40485817,1.5575746,0.8492306,0.19306977,0.0,0.1662573,0.3688074,0.29962248,0.67261785,0.17412277,0.03133018,0.32101098,0.3314792,0.11773998,0.4412042,0.013932551,1.1604633,0.031524375,0.030303642,0.15048103,0.92819774,0.5172976,0.33198577,0.21367687,0.50594306,0.18223134,0.5380793,0.024965953,0.08724041,3.239251,1.8586941,0.62201643,0.13512196,0.1118077,0.010459241,0.3820947,0.9519636,0.34075943,0.9213618,1.3646774,0.19514574,0.009263162,0.18476105,1.5304471,0.6038635,0.14882262,0.7527302,0.038312998,0.93885905,0.13852659,0.33131245,0.012989265,0.7113162,0.53817874,0.36472306,0.16585992,0.10572238,0.15753861,0.63238394,0.5150467,0.4222788,0.6025431,0.49452186,0.08721151,0.17555319,0.06641386,0.2346152,0.32093155,0.38037032,0.31921843,0.91505694,0.09301046,0.2810338,0.6216184,0.13718793,0.0792637,0.7157767,2.4681756,0.1047562,1.5682068,0.04147252,0.19080526,0.06682478,0.12862168,2.6655498,0.56495255,0.08645049,0.14134876,0.15643406,0.22068459,0.75695366,0.6071937,2.625772,1.3993099,0.13568977,0.5224979,0.27242255,0.847082,3.8335137,0.33557186,0.8717439,0.18297984,0.24839483,0.2956404,0.9899385,0.15156166,0.29084814,0.29987994,0.32799256,0.1700394,0.78355765,0.7208133,0.25134268,0.0016523806,0.0,0.40772444,1.0996566,0.20957024,0.096830554,0.3775563,0.9791962,0.46313226,1.8997114,0.0,0.09067215,0.24128185,0.3934084,0.050013006,0.0,0.1493302,0.07488174,0.23297346,0.6253229,0.059706513,0.103075124,0.74671817,0.63510495,1.6807328,0.25804767,1.1742316,0.59658116,0.2646887,0.22512832,0.1945684,0.11705424,0.84142363,0.7301679,0.10942202,0.8118689,0.031328805,1.0493906,0.011824558,0.47989318,0.037397943,1.3801117,0.07008307,0.6087845,0.23929346,0.82236135,0.24844618,0.82641816,0.0017332154,0.23306316,0.18548049,1.4014364,0.31187546,1.5332144,0.25452057,0.5793886,0.49040022,0.22877324,0.23043102,0.14904091,0.6203278,0.062448263,0.11884236,0.6077087,0.19234529,0.785858,0.40537345,1.944597,0.84180015,0.3580228,0.44057605,0.38701573,0.032226164,0.27188975,0.42289808,0.09019543,0.19613095,0.48564583,0.5662647,0.05092787,0.08113096,0.00502893,0.27069777,0.6823884,0.16880774,0.37262842,0.054420285,0.9574937,0.48383516,2.0662203,2.4314349,0.6182804,0.3980135,0.49229547,1.1109128,0.19241142,0.46924233,0.69410866,0.47432792,0.63396144,0.32878253,0.32075226,1.8458579,0.6964186,0.024025649,0.45550388,0.51715195,0.14779498,0.27746126,0.65156734,0.05076682,0.89577544,0.1510058,1.0959039,0.24591331,0.0,0.1901364,0.34650818,0.36464846,0.49116033,0.23135217,0.44157413,1.2205232,0.4144928,0.25740212,0.34414104,0.91592175,0.32509065,0.5930891,1.3510859,0.07749214,0.65620774,0.5072328,0.04003733,0.1497742,0.18805277,0.6868534,0.41973904,0.5027654,0.023661256,0.43302667,0.19861116,0.081903614,0.12643485,0.35158947,0.09888812,0.24677557,0.9466986,2.0653827,0.59133893,0.08280198,0.023375608,0.6127285,0.8245703,0.090629816,1.1844381,0.022584954,1.0823905,1.5872152,0.0,0.44691557,0.02179691,0.058346573,0.043232545,0.08469903,0.06267217,0.27888533,0.5373222,3.0384648,0.56148106,0.32846385,0.33094412,0.75168455,0.10186838,0.010337219,1.2683207,0.5628527,1.0317768,0.0,all_pothole_images\pothole_images_enhanced_3321ecf078592eb71f5f7ab9ee0472e2.jpg
1.0963359,2.1828578,1.1874269,1.0215896,1.0359248,0.53111607,0.56460696,0.04293378,0.19966483,0.35335353,0.5627123,0.38545203,0.13156521,1.9848745,0.4370947,0.28996566,0.406028,0.40590268,0.036866773,0.3961319,0.79932946,2.0006025,1.6273323,1.7813909,0.61650366,0.5841569,0.62654096,2.8432605,0.19414106,0.6029996,1.3535067,0.14468828,0.5927292,1.4077102,0.4665027,1.3053262,0.76263356,0.7625304,0.1864991,0.2868702,0.554273,0.578739,0.8023934,0.7657074,1.399753,0.6325184,0.4347292,0.0,1.003474,0.9630985,0.9603662,0.5780188,1.0979135,0.8856993,0.01467523,0.7958182,1.1451904,0.3824992,1.2507949,0.7212571,0.2189483,0.86895174,1.9362702,1.3061987,1.423027,1.2415853,0.633861,0.1487491,0.3668139,0.8426334,0.41126567,1.0223534,0.7061483,0.26065513,0.8288475,1.1993387,0.30169562,0.2563496,0.4160829,0.07594227,0.48248634,0.9128162,0.3582288,0.82114923,0.6120197,0.8473247,0.53812814,0.9231813,2.932983,0.50135064,0.20357662,0.9122625,1.1645423,0.4754835,0.38555643,0.92044055,0.27908063,0.72445816,0.8602677,0.38982868,0.046797983,1.418747,0.25499704,0.71469295,0.5900591,0.598547,0.33476692,1.4124864,0.6351154,0.1016421,1.1301488,0.82584214,1.1792153,2.2819853,1.1048368,0.73790246,1.5427793,0.44951418,0.6509845,1.2417818,1.5126795,1.1675277,0.71429455,0.3669495,0.7677076,0.86523926,0.33996916,0.32372475,0.61864364,1.7634331,1.2423975,0.6043084,0.3760085,0.431108,1.3960605,1.8320419,0.20480728,0.5360706,1.8164201,0.21571754,0.42793378,0.88086545,0.4307577,1.8103932,0.9238597,2.1424491,0.85950273,0.016588498,0.34184143,0.9493927,1.4904417,0.053386893,0.40894395,0.20788695,2.0021224,0.3684967,1.3814322,0.6237031,0.5464036,1.2803679,1.9953418,0.79736215,0.47698274,2.5871558,0.4734265,0.13236383,3.331466,0.63026553,2.6987116,0.78030014,0.8125845,0.38114208,0.17944485,0.22753607,0.66643894,1.318914,2.0312636,0.6987457,0.7240532,0.3981652,0.042977877,0.9269943,1.3730583,1.9080192,1.3265907,0.67230207,0.8976252,0.29117763,0.50638056,0.2562354,0.3862587,0.12377483,0.3630863,2.046386,0.49213055,0.6405258,0.68773025,0.9096597,0.31568393,2.3631592,0.33540872,0.9630506,1.0782641,0.663974,0.5858147,0.72750443,0.37641376,1.084559,2.2123642,0.78351974,0.5716146,0.76738536,1.0280856,0.66075474,0.6108631,1.4376961,0.6392968,0.18279071,2.0043743,0.3926532,1.4230899,0.4482336,0.6632965,0.76334924,0.20962496,0.41186857,0.68456703,1.1961335,0.67088985,0.93039465,0.16153882,1.1115671,0.25109816,0.39683843,0.6761257,0.23383415,0.31953,0.69390637,0.045165762,0.77728254,0.7404001,0.35225412,0.3695764,0.15764624,0.4793396,0.2865972,1.9857033,0.631148,0.79058087,2.1256032,1.3678489,0.6848447,0.40188953,0.80785525,0.916902,0.6659916,0.8963633,0.101335034,0.3507295,2.5604353,1.4324409,1.7515212,1.4987803,0.49413744,1.0903703,0.7324945,0.15541802,0.5348575,0.9966767,0.76989096,0.39324942,0.2750724,0.30879796,0.5699671,0.058932543,1.0643028,1.1787547,1.6830894,0.30758998,0.6057355,0.89635324,0.30253938,0.88711447,2.6527386,2.3413186,1.4701896,1.5964744,1.1875712,1.5221604,0.49463695,0.5500034,0.22223768,0.43841326,1.4671206,0.84610605,0.38880214,0.42008814,0.6210371,0.7194654,1.2345166,0.44556108,0.021258393,0.06048494,0.43434206,3.4321108,0.26234594,5.0060604e-05,0.413639,0.04804823,0.99751705,0.32290497,1.6059785,3.468619,2.4237976,0.8826241,0.30332083,0.277798,0.8638726,0.37364477,0.93967235,2.1772192,0.18503165,0.12409597,1.9593977,0.75642806,1.4710159,0.7580854,0.17498633,0.8947637,1.389482,3.1510785,0.9402179,0.19948357,0.4182835,0.2182587,0.46852535,0.17719454,0.19791669,1.6891345,0.31126904,0.3263949,1.6933686,1.1215184,0.2960405,0.4380834,0.5365768,0.4964595,0.10266676,0.461437,0.7071261,0.20406443,0.96809083,0.42875683,0.7202944,0.13764405,0.2546445,0.41545373,0.41318718,1.1786045,0.83855766,0.64495414,0.27768597,0.92202264,0.62233263,0.19289987,0.4785352,0.33089986,1.4624438,0.57833207,0.8598359,0.6377414,0.8901761,1.3366559,0.74975216,1.7919042,2.3359134,0.1278371,0.063906066,0.8930861,0.57409424,0.8120439,0.47631785,0.32537758,0.6783857,2.5474813,3.1425912,2.7639694,1.5305048,0.7081867,1.6034297,0.96721077,2.0570579,1.6383944,0.9338702,0.8038135,0.57970816,0.5526479,2.1953676,1.3466865,0.7185392,1.3948548,0.64101213,0.13292617,0.6778455,0.12118061,0.46762815,1.0036725,0.57540864,0.3112163,1.0033245,1.5013493,0.9879088,0.68351007,0.28240946,0.21677947,0.074573405,1.1046219,1.5069368,0.5004303,0.47371462,1.1348519,0.67493343,2.1578999,2.746983,2.9069622,0.75274175,2.1983237,2.8703263,1.1350158,0.7787555,1.2200872,0.60734177,0.39465287,0.07588119,0.27196467,1.9977366,0.78130347,1.3221925,0.43965086,1.0281881,1.1006876,1.2483929,0.09789856,0.3013991,0.33457723,0.99648005,2.7278762,0.6438432,1.7254685,0.7498427,2.0291772,0.9570694,1.0805081,0.69871163,1.1567409,0.35931796,1.030076,0.54372764,0.46826863,0.8195452,1.8453948,0.67094684,1.5604992,1.2977175,0.5750292,0.46581945,0.51927614,0.7496079,1.3206314,1.0370511,1.0089372,0.51993865,1.3538738,0.15776639,0.99630034,0.77156967,0.32111743,0.34232888,0.41008836,0.32650617,0.6514244,1.4121313,1.0947406,0.6096673,0.060372975,0.064406484,0.6797176,0.72756815,1.7550681,0.0,0.916774,0.7898319,0.102841586,0.0,0.35301864,0.36841005,0.048015688,0.16517462,0.53825104,0.9175299,0.55017906,2.20042,0.31752682,0.86430794,1.3360037,0.8060346,0.1687951,1.760312,0.13539132,1.6880796,0.09492505,0.22435781,all_pothole_images\pothole_images_enhanced_3323aa5b3245157cd5651409cb1422be.jpg
0.10546805,1.1710901,0.12932643,1.7167246,0.37757358,0.0,0.90083194,0.9022009,0.91393685,0.0858225,0.44397858,0.4201525,0.20704907,0.7350465,0.65390015,0.033660498,0.017323757,0.592176,1.0991617,0.04064192,0.75754714,0.7058145,0.28502762,0.17912719,0.84567046,0.99222594,0.7326842,2.3522325,0.0,0.074534684,0.09660245,0.05444206,0.30522007,0.34700623,0.30030757,1.4466923,0.74121904,0.22501726,0.09127213,0.9691341,0.20217903,0.5603687,0.062756106,0.36180916,0.6414052,0.7716726,0.26553896,0.02860599,0.3232711,1.2099631,0.1536504,0.14983651,0.39887562,0.12267669,0.0075186016,3.1498606,1.4185389,0.59545666,0.5821679,0.14637133,0.3965477,0.038475838,0.29106724,1.5843384,1.370745,1.7345116,0.048825253,0.08916268,0.0,1.1227815,0.11910523,1.0687774,0.11061514,0.5644305,0.3539389,0.7886477,0.12207624,0.08063868,0.0,0.44713554,0.80461246,0.13646431,0.76069015,1.3422637,0.122207925,0.046004254,0.024041671,0.230722,1.5252827,0.19525902,0.384962,0.47868437,0.6988177,0.27610543,0.033405676,0.0,0.44905344,0.31768078,0.1757396,0.035483945,0.24971513,4.473114,0.62017936,0.0033861788,1.137981,0.0,0.4700747,0.57239085,0.3487457,0.20164524,0.13988087,0.8961535,1.0308187,0.14105606,1.0818427,0.97595775,0.5142131,0.57292515,1.3888354,0.4302502,0.9518553,0.0,0.12106775,1.1915125,0.5600856,0.30908987,0.29890603,0.09200387,1.3359096,0.0023621796,0.0643508,0.0,0.014978744,0.05838249,0.3558425,1.0295057,0.09341101,0.2574169,0.4110513,0.0,0.7058792,0.0068688137,0.088553466,0.21928923,0.9754271,1.6483705,0.016642317,0.104124494,0.71492845,0.00043233487,0.18502247,0.34899846,0.0,0.058799442,1.3999736,0.7957682,0.7511982,0.21291238,0.35719225,1.1434191,1.3345246,0.9281309,0.57595235,1.3282609,0.19793557,0.22035153,2.4689808,0.45493883,1.7405317,1.5727016,0.26411375,0.19845577,0.056686353,0.08243405,0.40908143,0.42033812,0.32398832,0.09755339,0.102526926,0.26669827,0.013695566,2.0180762,1.4493297,0.10088028,1.7777376,0.5343343,0.63235706,0.06933579,0.04828134,1.2221429,0.50174403,0.12434461,0.0130513,0.91995084,0.12821768,0.16990674,0.713513,0.11417646,0.6289351,0.7019435,0.13469696,1.0012074,0.022453956,0.75526696,0.059060834,0.0070337127,0.18829696,0.9642795,1.4285301,0.8860288,0.0,0.003529728,0.36448362,0.3344394,0.77219373,2.1608996,1.2637879,0.24038878,0.15352772,0.8253599,1.0019014,0.25313905,0.20968573,0.09692534,0.008213346,0.90562016,1.1988169,0.055389646,0.6224885,1.199087,0.7847145,0.60200894,0.41648117,0.19225278,0.30067933,0.0,1.8325955,0.20268735,0.09082123,0.07742244,0.6162989,0.06771646,0.19959939,0.0,0.66141385,0.017377743,0.42804998,0.7860354,0.8342588,5.5829005,0.7687505,0.07505036,0.1444595,0.047720455,0.029815713,0.8029771,1.140851,0.08060018,0.3971311,3.6695912,0.055099256,0.016251927,0.27105695,0.42189655,0.1034675,0.51794344,0.5046136,0.4313078,1.2291166,0.20936349,0.013560293,0.0,0.39207903,0.12982813,1.1652483,1.0746392,0.0008084543,0.20276333,0.5021366,0.32657367,1.3898478,0.84700876,0.16491368,0.0,0.026593704,0.13874832,0.35480055,0.009309405,1.0788203,0.40908268,0.108176835,0.012806146,0.18858846,1.1737146,0.0029351895,0.24001548,0.0,0.76040524,0.0,1.9947406,0.58976734,0.37986237,0.029467952,0.24996465,4.7091312,0.5956476,0.07078539,0.005089964,0.048830085,0.97046876,0.38788915,1.1641903,1.4497972,2.9218602,0.28947097,1.3553336,0.41098726,2.6756644,3.7549417,0.24881956,0.05872587,0.032002114,0.06413304,0.14633502,0.37602592,0.284638,0.46216494,0.065405555,0.06915059,0.17760028,1.642656,0.16386908,0.05924252,0.16898817,0.03290201,0.29751834,1.6214789,0.10297388,0.2238004,0.87971526,0.28216174,0.41640988,1.4856757,0.65822613,0.39970958,0.024200868,0.6110352,0.067266755,0.39377263,0.115582675,0.30059093,0.0012953869,0.32371077,0.45325714,0.04927458,0.07172682,0.09538803,1.0387912,0.88232625,0.07166193,0.23944196,0.2627753,0.333798,0.05248479,0.0019698627,0.0026773934,0.70844597,0.18439116,0.042905185,0.2179535,0.32326698,0.0,0.37027344,0.3848245,0.27297834,0.68305975,0.19178241,0.010278761,0.70698225,1.0794511,1.3460958,0.035257053,0.08884932,0.11810889,1.2320837,1.4782976,1.7451997,0.011484005,0.4188533,0.20584679,0.7654455,0.05171135,0.026017962,0.8139606,0.011591833,0.0019459341,0.6391392,0.029506044,0.28343385,0.4703032,0.41479024,0.9922309,0.4210994,0.20065394,0.50647193,0.22799557,0.016031474,0.18262793,0.29262266,0.042157102,0.41879532,0.52969956,0.01282739,0.019408442,0.7030063,0.8823759,1.9027301,0.64350235,0.37606215,0.017863654,2.5932214,0.5576355,2.2158508,0.8444777,3.6033874,0.7210019,0.6872247,0.36246255,0.28743264,0.16656978,1.2400237,0.025878469,0.14701356,0.29125,0.24799748,1.2163827,0.8374765,0.46561655,0.1007507,0.3727307,1.3083401,0.8414849,0.40576988,0.24106422,0.6981588,0.1939038,0.47447407,0.29219723,0.29571238,0.6984301,1.0794126,0.16226606,0.5660129,0.32773304,1.2681106,1.0340761,1.1366658,0.36541763,0.032796245,1.0596105,1.9131993,0.108098745,1.0044644,0.43272188,0.47121322,0.18005389,0.0,0.010550409,0.035505664,0.29174054,1.0024843,1.4339833,0.4578405,0.2152469,1.7668042,0.039338414,0.35494807,0.15935351,0.1553915,0.13802406,0.20411383,1.1891491,1.0375589,0.45981586,0.1620933,0.032876126,0.37879747,0.3883567,0.5033468,0.7165365,0.6354395,2.0211766,0.09376095,0.1946661,0.0,0.0,0.10767286,0.28405207,0.06337008,0.6669147,1.0706339,3.036387,0.19909294,0.06019677,0.45612833,1.4246222,0.33756858,0.0037872696,0.21056747,1.49612,0.5820944,0.27751464,all_pothole_images\pothole_images_enhanced_3386fd1040729215f91570889ba74350.jpg
1.141417,4.424933,2.1446874,1.978211,1.1836212,0.728649,1.0219756,0.47852582,0.480749,0.94209415,0.742768,1.1543934,0.056960147,0.51064515,0.0472963,0.0647023,1.3137116,0.005225404,0.8185841,0.19680767,0.90108395,0.8260358,0.45280382,3.1614566,0.739181,1.1082534,0.08710718,1.4137253,0.24633004,0.44308603,0.70231736,0.7569873,2.6130757,0.6952195,1.1970956,1.7279907,1.4950247,1.5759339,0.45895734,0.97306836,0.45271283,0.21583138,0.6829242,0.5071585,0.7318248,1.4579124,0.7753277,1.0275637,0.8487853,1.1136177,0.7175983,0.21179791,0.979286,0.15337852,0.29821375,1.4701741,1.048339,0.34188125,1.4360127,0.35757357,0.5939134,0.016560374,0.7077427,0.614918,0.38573557,0.8690638,1.3584516,0.8649536,0.59763855,0.10756361,1.0674269,0.4704954,0.5415478,0.327262,0.18802087,1.4893836,0.72851634,0.9728292,0.026696132,0.15035686,0.8242634,1.9831982,0.594251,0.6837374,1.1754344,0.45558384,0.038728356,0.2566634,3.2471771,0.33338398,0.021177547,0.17408383,0.0063389223,0.42983067,0.12710062,0.40366203,1.2137172,1.4474449,0.24846265,0.5454749,0.29032567,1.2753357,1.6611454,0.46452433,0.7743088,0.043022577,0.18852133,1.2069352,1.1659629,0.21961342,0.46817526,2.970216,1.6622086,0.6550634,1.4545501,1.8742651,1.1837045,0.0,0.43150166,1.7544079,1.5997118,0.62975085,0.53603756,0.8302552,0.014312049,1.2800415,0.92052954,1.7175146,1.1150634,0.6264369,1.3961548,0.37557322,0.23798594,0.047455,1.4606315,1.2036799,0.10743324,0.85140234,1.5963223,0.112765215,1.0316687,0.18082798,0.40731677,0.8676887,0.26302388,1.4627868,0.13396475,1.0631576,0.51057154,1.1317601,1.2681499,2.042239,0.051838104,0.034117952,1.1525819,1.4130684,1.0162722,0.033660937,1.4857095,0.39169544,0.76851374,0.23962256,0.1695456,0.15633354,0.17102607,0.2116118,0.018584171,0.20894969,0.8225323,0.54312646,0.56761205,0.28289047,0.22011656,0.65003395,0.4463417,1.1812282,1.2531672,0.09241281,0.32948855,0.13006678,0.39009,0.99953616,2.0945382,2.5928104,2.0574126,0.8074763,0.19089586,0.33062354,1.5894266,0.43510884,1.4908042,0.42241096,0.833177,0.16926925,2.4046476,0.9495689,0.2847029,0.022385519,1.2467737,1.8396683,1.0030946,0.6558913,0.33844975,0.4350266,1.3712674,0.7921547,0.92328405,0.24111451,0.13155052,0.022206465,0.16112873,0.4971285,1.65745,2.6087916,1.321171,1.297287,0.29608038,0.21331117,1.3083782,0.16918291,2.5154448,0.08704314,0.40524417,1.0157669,0.0,0.3256787,0.7123802,1.8341563,0.9397052,0.8560501,0.5421592,0.13385524,1.8520757,0.03777441,2.0751343,0.021475421,2.1705122,0.015374015,0.017109454,0.019096328,0.19072026,0.3971054,0.18715511,0.7107611,1.060024,0.0439329,2.0782042,0.28355622,1.1855776,3.527941,0.45274657,1.2727864,0.30677962,1.1971508,0.0,0.12044951,2.0774739,0.28301302,1.0802828,3.680284,0.19960561,1.2448004,0.9020387,0.6701372,0.13893212,0.59640044,0.09668644,0.8927233,2.5136638,0.42372262,0.50927424,0.14956918,0.14553548,0.87783265,0.8788499,0.90049034,0.720552,0.659022,0.4287235,1.4858338,0.04237748,0.7633622,0.550347,0.47341287,1.0442101,0.06340285,1.7138753,1.3794181,1.782927,0.022690471,1.3489532,0.22618714,0.050747477,1.1546878,0.41616553,0.43960583,0.43790054,0.005158405,0.9987476,1.6228894,0.12790115,0.34632465,0.64109087,0.19257553,4.8429146,0.5305773,0.0026385728,1.1406242,0.055520806,0.6598373,0.3253666,0.90186197,2.5098917,0.62007445,0.17157835,1.3159231,0.036179822,1.1440045,1.5021273,0.6043089,0.05909706,0.116445206,0.7501727,0.17706464,0.91881967,1.1376104,1.801612,1.0379561,2.6733983,0.30812135,3.3126433,0.7988066,0.73701346,0.09526177,0.0034201962,1.1244166,3.1884453,0.04483528,0.006191907,0.88779116,1.6488594,0.8247749,1.096071,0.6707553,0.87376595,0.7341436,0.4580661,0.14661355,0.8132496,0.33517602,0.3863161,0.72449553,0.0,0.6233952,0.5344219,0.031386327,0.479748,1.2555839,0.4854462,0.5436535,0.87478423,1.2067363,1.0608894,1.1415805,0.04822076,0.7509807,0.3184166,1.8407257,0.11908228,1.5639873,0.61781543,1.6219423,0.9535834,0.09364237,1.7983246,0.39229384,0.20484644,0.10749831,1.2671474,0.5045626,0.9434425,0.481459,0.3030633,2.082487,3.6125457,1.2943628,2.166729,1.6604505,0.89739203,1.0667974,1.4620703,0.21311907,0.20245929,0.3669909,0.012606958,0.5101947,1.5418004,0.5471524,0.27649388,0.27263603,1.1986986,1.4921672,0.16886021,1.4675006,0.16416627,1.162519,1.5850312,0.7276701,0.34736368,0.22630407,0.58512646,0.77581507,0.33609506,1.3529364,0.0,0.9824406,0.6589832,0.48786208,0.87540716,0.51278687,1.9479549,1.8233012,0.7051811,1.8060774,2.0202208,0.8700755,0.5152633,3.4553583,0.47294545,0.9796655,0.5603466,0.08533017,0.3125433,1.0354378,0.2541328,3.9141798,0.68457395,0.60769856,0.92985076,1.6269243,0.9962983,0.5187931,0.7444483,0.3916175,1.26228,0.56587815,2.4000964,2.1127355,1.003289,0.9387887,0.6075541,1.2989713,1.1725286,0.4335887,1.3072734,0.85013515,0.57955945,0.8026741,0.13715686,1.2243314,2.1093845,0.38183886,1.9556847,1.649734,0.86383545,0.7817818,0.660084,0.125535,1.2327422,1.6329906,1.5321708,0.49531236,0.741681,0.48546514,1.2728677,0.004253701,0.19147308,1.024953,0.8431269,1.2836509,2.5045059,2.5916233,0.8457654,0.7002765,0.20355377,0.026543219,2.0904036,0.27840868,0.16588995,0.012834992,1.3179059,2.9295726,0.20890982,0.31563082,0.13297285,0.2729025,0.16552678,0.10884933,0.5884297,0.6305399,1.107079,3.0078287,1.1239566,0.73236144,0.67903274,1.4887416,0.45564556,1.4064796,1.251735,0.6466062,0.059178658,0.0,all_pothole_images\pothole_images_enhanced_33f06999f032e2e8204bbb5a97769e6f.jpg
0.9110515,1.762821,1.7799218,0.4468178,0.23491855,1.1563921,0.15724424,0.12761465,0.50140095,1.2865713,0.005975589,0.16354397,0.28064823,0.8303445,0.34174728,0.326007,0.0048057404,1.096875,0.47406784,0.42994922,0.42539248,2.9711547,0.34074268,1.8927114,0.44894743,0.78598315,0.44713593,1.5477551,0.3229777,0.9371423,0.9433236,0.4063299,2.0411494,1.5795656,0.6535657,0.039309677,1.4575282,0.5855473,0.55607253,0.82107216,1.2911165,0.6553734,0.44130558,1.1745051,0.6783829,0.08870808,1.1032054,0.0,0.7989068,0.19897075,0.1505024,0.65060943,1.6941712,0.30700663,0.2813454,0.100802355,2.100113,0.10275424,0.6110004,1.4141811,0.6335247,0.657682,2.465947,0.9239991,0.26645273,1.5760511,1.4798425,0.2918558,0.25677127,0.818128,0.2879329,1.5278707,0.1282386,0.025247304,0.37717938,0.7273423,0.41072503,1.3970032,0.8551233,0.5771111,0.7580278,0.7970879,0.34029278,2.6395802,0.74352837,0.2175086,0.5416353,0.3490908,3.7934413,0.6482146,1.0165285,0.8146528,0.5272007,0.037297104,0.2684875,0.28389663,0.34689242,0.48702908,0.30952552,0.25149995,0.20378266,1.588724,0.59441185,0.5108292,0.051547505,0.96415794,0.18184677,0.13192903,0.68037695,0.59851295,1.5651392,1.9320602,0.24190594,0.39975947,0.8899056,0.64594036,1.348824,0.861784,0.601214,0.5800729,1.7524632,0.6004743,0.7019951,1.2078025,0.8451432,0.27868947,0.18666522,0.66760504,1.1836308,0.69714,0.9751238,0.5448344,0.09423317,0.011894175,0.07749558,0.3309778,0.005404176,0.117432,2.4612641,1.2365141,1.2031827,0.74437547,0.181611,2.0554757,1.0545298,0.7344789,0.38939404,0.0,0.41376042,1.798408,0.12758124,2.2612822,0.014313496,0.2600523,0.9791105,0.85612565,0.06897492,0.52209884,0.4758588,0.36684462,0.35684717,1.0170578,0.23916133,5.2537465,0.16667691,0.16209176,0.88633573,0.3249601,0.75213903,0.13217352,0.6400343,0.06322361,0.9560665,0.3661078,1.2865179,0.4226723,1.2833364,0.73466945,0.30208388,0.48852083,0.22297859,1.4948041,2.7387066,1.2653806,0.75877506,0.981587,1.1597086,0.15792468,0.5305613,0.60110384,0.8084911,0.75893104,0.8061204,2.1816213,0.07294712,0.4320741,0.20655164,0.27173576,0.6034239,0.82394725,0.30539885,0.20821403,0.96909463,0.9533148,2.3837495,0.7655584,0.995738,0.35464415,0.015216096,0.0,1.4207689,0.13054886,0.88111645,1.7930034,0.4564883,0.086435854,1.0444387,0.25895187,1.3988878,0.5299571,1.6303539,0.36499622,0.5159789,1.4725516,0.015560753,0.3466727,1.1261008,0.13018808,0.48246324,0.3788876,1.0134767,0.6897073,0.032658823,0.33301938,1.3802353,0.00926638,1.0913986,0.3684928,0.10012612,0.004799451,0.07987008,0.16859445,0.35089597,0.45977026,0.022472797,0.24160902,0.5813437,0.2403394,0.85581017,2.8844342,1.6436336,0.0,0.3475699,1.1943207,0.37474915,1.8479168,2.6280978,0.31674987,2.646668,0.65767294,0.43670475,1.131952,1.3940333,0.90121955,0.24007618,0.26593536,0.11137292,0.6615253,0.017026735,1.4181514,1.4740666,0.15083387,0.50136465,0.42303124,0.5163541,0.90610534,1.0841413,1.4246154,0.43783027,0.62108624,0.8788511,0.2076836,0.059785433,0.589464,0.55743164,0.6181352,0.7164701,1.7092118,1.2366081,0.09803073,0.22524734,0.75183165,0.18199891,0.18411207,0.5645728,0.84368134,0.5372132,1.978464,0.3600768,0.49326795,0.24393715,0.19089596,0.47918287,1.0048064,5.0789356,0.22044255,0.111661196,1.7276492,0.18503541,0.10360556,0.68031716,1.4095958,2.4705021,0.19443741,0.32651418,0.61955786,0.69927704,1.0385224,1.6994718,1.0331545,0.0,1.1508093,0.19549039,0.10523829,0.8970547,0.57240486,2.6396017,1.0280372,1.1725223,0.86181,1.915737,0.5671066,0.7896473,0.8916453,1.2214327,0.16071981,0.7590055,0.43066671,0.10729494,0.061039537,0.12719706,0.9127369,0.5831286,0.0057719927,1.0471206,0.029276248,0.116444476,0.2452661,1.3673459,2.25415,0.052855864,0.9952502,0.18211034,0.08442297,1.6632906,0.0004200346,1.4073166,0.85280734,0.2855894,0.5349297,0.14657414,0.9995179,0.78726655,0.5980826,0.0,0.34888116,0.9659387,2.696036,0.32902542,1.4626502,0.81665987,0.39952728,2.436278,0.44946957,0.70390403,0.8363614,0.26699063,0.7605013,0.31209958,2.23703,0.4880008,0.013504691,0.5441242,1.0678076,2.127464,0.965455,1.8369136,0.027106844,0.16780354,1.437019,0.91947985,0.9432485,0.58893365,0.9020215,0.2529595,0.88900715,0.0068336744,0.9215925,0.05442124,0.5116528,1.7087196,0.39526346,0.2352753,1.346305,0.0399429,0.9755105,1.1315179,0.31932104,0.34771615,0.5481992,0.31858498,2.0849526,1.2751023,0.36773148,0.24150296,0.21002546,0.3039764,2.6699533,0.17915869,0.5130974,0.7412909,0.6327182,0.7401353,1.6317563,0.7496484,0.95059514,0.33078972,0.36744845,0.004296357,0.56156516,0.5828713,0.3773321,0.049323313,0.18639793,1.0079241,2.940395,1.9023689,1.1129255,0.9224768,0.73474205,0.036176413,0.58814925,0.21907489,0.75339097,0.21456459,0.7296824,1.0415431,1.2748959,3.2161596,0.53202724,0.7254941,0.4655091,0.8325558,1.0179063,0.8355423,0.96631724,2.0115938,0.9234594,0.16457546,0.2866283,0.962006,0.0053255437,0.76847285,1.7536092,0.15698642,1.5026131,0.60519797,0.300491,1.1089555,1.2177849,1.3169819,1.9366666,0.9734076,0.044590145,0.019380629,0.65946376,0.0,0.18531011,1.2563082,0.19803378,0.39719892,1.9278959,0.36235884,0.48918155,0.041672435,1.1179534,1.482685,0.63076615,0.39095592,0.116333395,0.1818973,0.44411278,0.28391138,0.18090251,0.21145734,0.0650765,1.0083978,0.07400458,0.24766386,0.36976326,0.20040333,1.9243525,0.12907358,1.8277359,0.2899543,0.9418679,0.0380155,0.32719865,1.0585619,1.2877731,0.4158248,0.20390376,all_pothole_images\pothole_images_enhanced_3480390872fa6d682eccb576394b70ec.jpg
1.0674783,0.770514,0.1807168,1.4234664,0.7427145,0.09622163,1.5510433,0.002034068,0.046934683,0.043338176,0.13456842,1.2087637,0.6773023,1.2980042,0.0097469585,0.32220775,0.13733934,0.8125059,0.5196237,0.14679727,0.20057699,1.1442095,0.33498618,0.5688604,0.77741677,1.4778068,1.5786145,0.27124003,0.0034643016,1.2443873,0.7764351,0.30606306,0.55371726,0.0089590745,0.089390285,0.24985902,1.0272841,0.55324703,0.9862407,0.11798107,0.0,0.8940388,0.77877015,0.617032,0.39239436,0.7913558,0.38273188,0.7740443,0.23683263,0.048550576,0.3980136,0.81411994,0.6927935,0.28479692,0.0,1.0410956,0.16473114,0.34284997,0.84597945,0.26363352,0.14184181,1.1015098,0.15921396,0.5302402,2.0688994,0.61910427,0.55639166,0.66710335,0.04473137,0.13869157,0.29700077,0.14867096,0.51679903,0.14384769,0.66227365,0.62160015,0.60876554,0.10160587,0.15577775,0.6505438,0.63785744,0.016193926,0.43287647,1.7990105,0.4239166,0.15136279,0.0,0.048138548,2.2955668,0.5261272,1.0671973,1.0822175,0.08787264,0.05782822,0.28773937,0.07075907,0.7403656,0.22179197,0.2621109,0.16560587,0.17508265,0.12510023,0.7013396,0.7690906,0.48962814,0.08712429,0.13874523,0.4129458,0.00583676,0.29907918,0.089834735,0.91757214,1.3472536,0.003091275,0.9469687,0.75494164,0.41501823,0.011870775,0.91578156,0.19168042,0.20978382,0.12110545,1.3103172,0.55464303,0.92073673,0.06159974,1.403479,0.007780835,0.85531574,0.059783965,0.17066646,0.98849237,0.22662564,0.0,0.1561093,0.50934047,0.0024495954,0.2815711,0.60439634,0.02827112,1.9545091,0.66477853,0.19484973,0.68268836,0.78545225,0.9433476,0.0029752494,0.4988668,0.5873536,0.055792402,1.3815536,1.3215579,0.14284673,0.15227802,0.25879487,0.15325452,0.056872386,0.5466584,0.29905373,0.33135673,0.43024486,0.40073094,0.0,1.3061931,1.5409981,0.48160598,0.082169026,0.22138019,0.16575757,0.013945329,0.37623125,0.09457952,0.48412412,0.09639566,0.53633654,0.17084561,0.75868237,0.118263766,0.7776983,0.33895954,0.28821057,1.9557403,0.29677218,0.41152415,2.7635798,0.031083087,0.14953835,0.1633199,0.013983498,0.36776537,1.2716458,0.0061665643,0.07833791,0.038725056,0.022625042,0.003471605,0.2260771,1.7171415,1.5133858,0.54708564,0.42215198,2.131504,0.08391232,0.06287301,0.11953486,1.3985814,0.3484864,1.0107316,2.411768,0.8401467,0.015506997,0.14908785,0.61225444,2.2799983,0.50834805,0.94300795,1.2506415,0.37531576,0.15411042,0.4951394,1.5512564,0.55577475,0.70206785,1.0922588,0.9262959,0.61658245,0.7999078,0.089953005,1.3359225,0.04899731,0.5116464,1.9196032,0.15499218,0.20060551,0.34980047,0.17219967,0.62444836,0.27216434,0.34695333,0.7775144,0.13783512,0.37112787,0.16162454,0.24376693,0.24406658,0.056396123,1.0115869,0.0029504215,3.1234763,3.5446935,1.3950236,0.564332,0.47596163,0.19520965,0.4760406,0.6295947,0.86799204,0.69084096,0.47213,3.7618618,1.484304,0.29453757,0.12637986,0.33041534,0.46575513,1.6268237,0.3734095,0.3179358,0.6511587,0.35439003,0.82652545,0.0015309674,0.19579655,1.2115775,0.56400347,1.0056617,0.09251199,0.32985464,0.024304926,0.39404258,0.3376632,0.335773,0.34254038,0.13847287,0.36119398,0.93461454,0.17552735,0.6559513,0.6636396,0.6282132,0.08376636,0.09041335,1.806578,0.12738277,0.1364513,0.7793115,2.4662755,0.86017823,0.09009455,1.7071,0.26017907,0.41323966,0.33032262,0.2790845,2.939293,0.748365,0.10429729,0.3889421,0.10662386,0.13956273,0.60368556,0.9663151,1.9279927,0.44885617,0.055000536,1.5967005,0.26505476,1.5338442,2.1146224,1.7041287,0.4836122,0.28840497,0.20011362,0.17542896,0.22722736,1.1657472,0.6966887,0.19793326,2.0017908,0.75783145,3.2043102,0.04288481,0.4142881,1.799613,0.4999405,0.002372665,2.42135,0.8666474,0.45078903,0.07541166,0.15463836,1.2033054,0.35818446,0.6994058,0.13344,0.16431218,0.1445556,0.94095665,0.026589364,0.28149834,0.22531109,0.32126012,1.88235,0.20795639,0.21541369,0.4302978,1.434262,0.39088985,0.05440482,1.0616134,0.96861994,0.11070977,0.010678515,0.7241836,0.16931027,0.0,0.87020123,0.18119356,1.8605973,0.23902074,0.32507905,0.9811367,0.14580454,0.23475064,0.5238263,0.34693062,0.7070888,0.9055698,0.52517456,0.9022497,1.2528633,0.022492254,0.0758288,0.20498218,1.9853821,0.98234993,1.2081883,0.38466537,0.8556207,0.9354521,0.06190827,0.60194,0.4119595,0.4775753,0.22449817,0.069673225,0.3348459,0.47247928,0.16426393,0.12909757,0.73010224,1.3201079,0.19934219,0.937305,2.3775601,0.10265081,0.17814179,0.73958594,0.09935605,0.85594904,0.28961343,0.38736242,1.1405886,0.5507393,0.5675314,0.31017563,0.96309334,0.4636639,0.97910845,0.075113915,0.8330987,0.3155212,1.1903589,0.38468924,1.2157784,0.33285627,0.97619736,0.61698526,0.76149505,0.161759,0.5149603,1.0153636,0.3573954,0.54710424,0.2793882,1.2641581,0.90906024,1.931175,1.3756176,0.42273876,0.7734342,0.13668959,0.1264429,0.4045274,0.39530057,0.051572077,1.0132864,0.39155254,0.15384422,0.23763399,1.3409988,0.24301209,0.6632886,0.48949718,0.42811614,1.2319621,1.6002647,0.10362711,0.16425492,0.41566485,1.6614782,1.0879564,0.7436771,0.3036361,1.0453631,0.21494722,0.005818623,0.037908144,0.30571014,0.77553636,0.0867905,0.42411897,0.33240297,0.02998668,0.68287146,0.64676183,0.48391265,0.0603038,0.023755034,1.0424238,1.1092418,0.2022136,0.3126302,1.1595974,0.010838871,1.6600068,1.5962764,0.49479485,1.5889653,0.023265176,0.13802545,0.63822263,0.9470463,0.58448017,0.49185973,0.06620644,0.73774564,0.06493315,0.0039123027,0.0058927387,0.981553,3.9339147,0.1127649,0.5341664,0.16160642,0.91686374,0.13395925,0.54616445,1.2270305,0.6974376,0.09712287,0.5784025,all_pothole_images\pothole_images_enhanced_348959b227877d55c9cb00dd95d02ef5.jpg
1.3532262,0.15276235,0.11363755,2.3023305,1.8222983,0.28503716,0.05780063,0.23604928,0.89538914,1.4768392,0.70717543,0.978444,0.0,2.698692,0.4447853,1.0743521,0.08247776,0.21459694,0.07952041,0.17739055,3.4253092,1.2018794,2.0562034,0.64219064,3.509359,0.31678525,0.20017926,2.570278,0.42175725,0.037340675,0.8331104,0.6586503,0.23913562,0.639852,0.15546595,0.86881787,0.0740701,1.4729011,0.70228934,0.21405277,0.026509412,0.14420252,0.19283754,0.6514649,0.82897353,1.433566,0.15237962,0.216911,0.7076168,0.0012314284,0.696227,0.32500705,1.1926628,0.020136587,0.02917455,1.112621,0.3282109,0.1314021,0.53059095,0.105849504,0.548845,0.06868058,0.1420032,0.25816542,0.8157428,0.55864537,0.90569216,0.22837588,0.7171148,0.02007236,1.4536164,0.1291041,0.054757155,0.55457175,0.25311586,0.36142692,1.0188228,0.40460727,0.0,0.13801666,0.49186686,0.21902321,1.0632268,0.48358282,0.06507414,0.06134835,1.3427731,0.26518065,1.7241813,0.19852854,0.4917979,0.08233609,0.13568048,0.93569756,0.40079212,0.50170493,1.622992,0.38646492,0.42230558,1.7204709,0.9741192,2.5915215,0.04028472,0.0,2.2659478,0.5609443,0.44786435,0.969597,0.049837682,0.7231435,0.024624247,0.97087,0.2548369,0.96367455,1.4914984,0.07219239,0.0,7.3217256e-05,0.69633394,0.835935,2.987492,0.39063978,0.100973874,1.6585124,2.3031547,0.81784725,2.6357923,0.12929133,0.13243891,0.45532933,0.3173691,0.1711016,0.039936263,1.0971197,0.53896993,1.6667012,2.3236368,0.7314523,1.7143459,0.0,0.5674039,1.519244,0.03687524,1.465614,0.88787854,1.3948563,0.19113746,0.019425426,2.2007995,0.70314366,1.3787912,1.3555344,0.20555453,1.4886572,0.6422122,1.47148,1.169811,1.3229815,0.93780684,2.8545215,1.5004877,1.5766379,0.5147143,1.6507207,0.3545413,3.6797805,0.67835796,1.2236516,2.4855635,1.1233449,0.04587258,0.11529911,0.006972051,0.7900828,0.0,0.37816012,0.70606154,0.78626466,0.37348992,0.4777527,0.033646487,1.9034218,0.1283397,0.7278654,2.3269453,1.8674654,0.1670164,0.57085216,1.0855592,0.2628349,0.6443297,0.55821306,0.8607319,0.23098038,0.86330414,1.5121449,1.8697041,0.3277423,2.0003295,0.99489444,1.6198972,0.500123,0.11530677,0.22707361,0.18831712,0.027064215,0.7984968,0.15596576,0.63793856,1.5663667,0.39883423,0.04144774,0.3598393,0.12421956,1.4066111,3.1059253,0.06981844,0.013545255,0.522645,0.0021154233,2.964886,0.0,0.37036335,0.0,0.0062118,0.7577179,0.6090144,0.00057316467,1.0113217,0.8593394,0.050060354,0.008309684,0.11509146,1.1677842,0.14120327,0.016531335,1.1039425,0.01732806,0.38176307,0.97720987,0.3397994,0.7565451,0.099929124,0.44045326,0.5149434,0.08991496,0.0037294144,0.061880715,0.313507,4.770053,0.44941875,0.8340258,0.015558982,0.1125024,1.2040595,0.26233736,0.15776536,1.0390989,0.0,3.648767,0.4791722,2.1504123,0.23083091,0.005651534,0.07048849,0.53997636,0.45697126,0.40259045,0.7634199,0.46297914,1.0050963,0.38681594,1.8124529,0.1543888,0.056842875,0.467577,0.0016835043,0.19026639,0.5213915,0.4553221,0.07178894,0.6295196,1.2108881,0.16987276,1.0486252,0.5049558,1.5915599,0.2860783,0.05135858,0.032795805,0.034007117,0.17327534,0.10370482,0.70751375,0.4966886,1.6981231,0.9483801,0.20178476,0.26949438,4.1182594,2.37535,0.76002204,0.03333256,0.18401359,1.5443425,0.1441908,0.40378398,0.04320165,0.1196414,0.54078335,0.35859624,0.84234196,0.5270412,3.068276,0.6344684,0.03900646,0.60658056,0.9821707,3.4480155,0.48132744,0.051115915,0.61516833,1.7866364,1.1732455,0.22480583,1.0998247,0.21040663,0.7565707,0.3697282,0.17291628,0.36911088,0.3078823,0.39353335,0.10440744,0.39038664,0.5684881,1.8572251,0.9745311,0.24227874,0.88731384,0.14237365,0.07861878,5.0501285,1.7945758,0.21458483,0.594909,0.21346274,2.1604505,0.9811415,0.014791021,0.56504613,0.7446448,0.037762634,0.715654,0.24719514,0.0253733,0.0457601,1.2817644,0.26334846,2.1112285,1.4926561,0.0014486201,1.3734657,0.40208894,0.62401223,0.8653151,0.5083358,0.7493998,0.1484281,0.3920949,0.14672476,0.25579897,0.8407725,0.7266861,0.18906644,0.9964791,0.002575656,0.08797628,0.72996444,0.36783996,0.96340686,0.12937294,0.32436293,0.8443128,0.47774953,1.5399581,1.8548101,0.096025854,0.24718669,1.6414706,0.7267408,0.16976716,0.014951027,1.201103,0.34496382,0.95395,0.90322393,0.47108817,0.7735541,1.3662256,0.556307,2.3985102,0.36057988,0.5108742,1.3682221,1.5152075,1.6651403,0.3417694,2.5237305,0.31185582,0.37607256,0.00917109,0.123904385,0.97202796,0.007170316,0.3289707,0.6339911,0.21737973,1.3283179,1.2496594,1.2600715,0.17903069,0.18169841,0.9585256,3.118349,0.35403174,0.6438545,0.32944837,0.6512017,0.69322777,0.8060065,0.01854195,0.77187485,1.4066509,1.0979341,0.45523426,0.7218967,1.1103404,0.15949236,0.42080006,2.5955877,0.1165139,0.029708983,0.2336887,0.0028103164,0.12405031,0.6131659,0.26280916,0.097242385,1.1700393,1.210261,1.2243612,1.8998563,0.0003667904,1.0270815,0.055710442,0.68500733,0.0274049,0.81880826,1.5555136,3.104415,0.00014593697,1.7934374,0.2620163,0.24015932,0.68485624,0.34233043,0.0,1.408031,0.54449785,0.024217837,0.410604,0.0,1.1971288,1.4491694,0.013705243,0.86809766,1.7622045,0.38103446,0.1385912,0.5196869,0.3161109,0.05377458,0.6474397,0.5977742,0.28051707,0.093429975,0.0,0.11467255,0.08609232,0.18800236,0.69788593,0.10355448,0.10607281,0.03364822,0.016097043,0.13706756,0.2546102,0.16035503,0.7315215,0.70539737,0.811107,1.4573143,0.5288779,0.2881816,1.0246352,0.71915597,0.10423327,0.06872172,0.5239993,0.4184343,0.33991125,all_pothole_images\pothole_images_enhanced_35060fbb4c0082ec4d44d8f3aa2cd951.jpg
0.4260531,1.4503939,0.62130344,1.0237874,0.99266434,0.55883646,1.0486487,0.017633382,0.49547976,0.3918208,0.7029485,1.069771,0.31728706,0.37321034,0.1162353,0.35050994,0.08267747,0.17780456,0.24010055,0.17166564,0.29827613,3.1152434,0.15026195,1.4184699,0.44446796,1.0577652,0.027221063,2.71514,0.005329845,0.5385509,0.9283235,0.9559668,0.53426766,0.102773644,0.2084612,0.29078656,0.62898624,0.31151122,0.05962673,0.29377142,0.35756212,0.061763063,0.07507529,1.0530566,1.1500967,1.0316246,0.78923404,0.22223309,0.31318334,0.69141996,0.65394574,0.091261365,0.005115942,0.4591146,0.0,0.52649546,0.47240892,0.390238,0.48035395,0.3095431,0.27595717,0.46588746,2.1383061,0.2788075,0.2647979,1.0444394,1.0174575,0.3184059,0.014358973,0.2257585,0.12216118,0.30312854,0.58630204,0.8623157,0.1147056,2.1585474,0.5412932,1.6787022,0.5437213,0.21254854,0.6103368,0.07001271,0.13947798,1.5633489,0.3246238,0.51486593,0.46550462,0.045511793,3.8549275,0.40378144,0.580454,0.13246514,0.57358146,0.4389368,0.30986255,0.045607924,0.0664996,0.39949065,0.40765128,1.1455096,0.48659733,1.0696765,0.13477707,0.14660393,0.32061684,0.084111355,0.58372176,0.6341698,0.21227016,0.26122192,0.14583324,0.6151061,0.80054224,0.0,0.88976496,1.5187206,1.948688,0.18570673,0.71403134,0.21309438,1.863763,0.25584853,1.2348574,0.60590106,0.63433284,1.6247942,1.6446091,0.51037014,0.32275954,0.810769,0.0065095983,0.7838471,0.4103283,0.08795649,0.098209545,0.3739192,1.0409778,0.98543257,1.7625988,0.73728776,0.8052748,0.11916086,0.009471154,0.7227842,1.7819744,0.91765296,0.77482057,0.004471981,0.8186282,1.0510788,0.61692095,0.2760199,0.15376191,0.48821747,0.26386613,0.14537531,1.2526889,0.174634,0.37084407,1.143218,0.328009,0.16373487,0.5012219,1.4412501,0.62302506,0.93046093,1.5913088,0.54734325,2.236256,0.1714591,0.09285791,0.1099245,0.36126542,0.48078054,1.1589042,0.13548228,0.83705527,0.2134358,0.5075407,0.17087537,0.21210133,1.2136194,2.0764687,0.0732427,2.004106,0.29875728,0.9246053,0.6174278,0.23070869,0.70738095,0.4523294,0.7079866,0.09636263,1.6116567,0.37874657,0.23824403,0.71002734,0.30934906,0.8014142,0.18714114,0.31368205,0.20459697,0.79492044,0.30061653,2.9262197,0.63375735,0.059114967,0.22432068,0.9168811,0.3209313,0.4883324,0.2613518,0.6061292,0.8023107,1.1234545,1.0670117,0.42243358,0.2531634,0.33377352,0.55146307,0.7382667,0.48683178,0.27876052,0.25733647,0.0,0.5871617,0.7770333,0.58711433,1.8892759,1.2955304,0.10726352,0.6743173,0.14531274,0.11532896,0.6553553,0.5369304,1.5009512,0.54610556,0.600509,0.89747834,0.1586576,0.15506874,0.45239097,0.15762787,0.33330205,0.22784957,0.8720404,0.0028798305,0.73712933,2.597013,1.2821014,0.18902089,0.48802164,0.12655222,0.55681247,1.2801088,0.15889525,0.5631424,0.7548732,1.3453045,0.020832654,1.9633135,0.5259937,0.2712564,0.123919934,0.5457323,0.21991138,0.31897536,1.5511913,1.3020455,0.7374487,0.32789257,0.29167986,0.4763414,1.5131836,1.0657394,0.71726847,1.2800856,0.53071404,0.9679663,0.85050917,0.48978716,0.8390414,0.33926377,0.4497105,0.7776625,0.552699,0.056692973,1.7013133,0.43432292,0.12671164,0.69738984,0.14699726,1.5454366,1.1159927,0.5145283,0.32455152,2.0332003,0.83627045,0.9745857,0.20869148,1.1908236,0.5112507,1.5022783,5.546243,0.30857816,0.66564786,0.52953684,0.60292584,1.2570208,0.43296638,0.78276265,3.8297923,1.0042812,0.2105999,0.15188779,0.43228534,0.8023723,0.49251804,0.8023873,0.0,0.056723647,0.11811116,0.85224915,0.4948988,0.3038527,1.4323262,0.19368349,0.4648293,1.0230751,3.9575725,0.15217905,0.28463274,0.26877218,0.435783,0.6282205,0.7905978,0.4363934,0.9082204,0.93773127,1.1752878,0.78744286,2.2987466,0.20698646,1.0098486,0.9391248,0.17235607,0.20722976,0.94960165,0.34947142,0.040828623,0.51699674,0.11994419,0.0771382,0.19554089,0.1469218,0.2270285,0.61995846,0.7220213,0.20046261,0.073426485,0.0383459,0.97444814,1.2075613,0.07893595,0.20911159,0.8573911,0.9834662,0.16723931,0.12155086,0.8415731,0.24998133,1.1948981,0.47988844,0.43874612,0.6544815,0.04160961,0.27258447,1.2336357,1.0915658,0.20617938,0.014504101,1.6766645,0.5859218,3.5525997,1.7505946,1.5826973,0.14967693,1.3004439,1.9121089,2.614733,0.10526797,0.30079514,0.704696,0.011006538,0.116886504,0.27478752,0.0215425,0.48498243,0.29332826,3.03107,1.4110234,0.26774082,0.80431753,0.5961428,0.0,0.23124704,0.6413393,0.88118523,0.8146177,0.7581848,0.19447353,0.8207661,0.68564236,0.9590232,0.47083333,0.2891992,0.90396863,0.171033,0.06256981,1.214654,0.8657626,0.83108956,0.19223756,1.6059842,1.250413,0.46285036,1.2476524,0.2066121,0.37827936,0.9230868,0.10651694,0.35006332,0.9446313,0.7931917,2.406701,0.67933184,1.1271031,0.5046462,0.82784027,1.2627361,1.039977,0.4177967,0.54621124,0.6915494,0.49083358,1.7078011,0.65538937,0.18348694,0.5254249,0.86052966,0.251521,1.7408001,1.4828808,0.3424109,0.35227057,1.4250177,0.47687995,0.0,1.0985032,1.2212042,0.24366096,1.1634058,0.80739313,0.6457702,0.21193597,0.42906407,0.6180956,1.7548457,0.2490017,1.2209606,0.7983537,0.75694424,0.029214308,0.4682873,0.2322615,1.3070797,0.35401413,1.2158772,0.095319316,0.04534552,1.2952013,0.07647598,0.97209376,0.015014279,0.044628125,0.6086725,0.458442,0.343964,0.6311119,0.46355572,0.65892315,0.91114736,0.77739245,0.07436271,0.54005456,0.3740518,0.172882,0.25251654,0.52953374,0.99796677,3.1270618,0.15201522,0.6884515,0.6750773,1.8773481,0.07757148,0.5746649,0.15340143,1.1730134,0.015547584,0.9324677,all_pothole_images\pothole_images_enhanced_357707685de277d6cdebb6fe078fe007.jpg
0.06814023,0.70598817,0.66143674,2.225826,0.12973061,0.17769948,1.753481,0.06289756,1.3810229,0.506886,0.8065758,0.4569435,0.6416701,2.456301,0.03826783,0.83558947,0.67921257,1.079941,2.3373525,0.03656132,0.073913306,1.5658706,0.1505009,1.065425,0.49030972,0.021317268,0.592268,1.9584608,0.43200123,0.23216881,0.110983275,0.30179808,1.2450022,0.8906222,0.09919772,0.6292244,0.019163392,0.24315624,0.113504015,0.0,0.65298593,0.036043547,0.44501323,0.7401703,0.50452256,0.052330915,0.78250235,0.004074206,0.34940097,1.1064155,0.34208977,0.12279147,0.69957715,0.83246577,0.14246726,1.4626539,0.41067216,0.7420861,1.8138562,0.5098082,1.7020774,0.5725945,0.83287096,0.5154523,1.5888264,1.7288362,1.3856841,0.15930632,0.096520774,0.15839188,0.13496631,0.0,0.25394374,0.03225452,1.108605,0.3766939,0.010992599,0.583885,1.7258375,0.0389575,0.11590527,0.14450571,0.18594535,1.0609769,0.30958876,0.9414648,0.2872962,0.18432936,0.3264792,0.6217122,1.1222616,0.2406724,0.2771693,0.79821587,0.35816982,0.35524908,0.1473003,1.7393521,0.08643555,0.3258619,0.015183363,1.0077357,0.09733704,0.3627409,1.3676819,0.5348288,0.21188755,0.1494572,0.031336743,0.29885507,0.3128688,1.424971,0.013944766,0.42701545,0.21938618,0.0072946274,1.2156932,0.61404866,1.8871487,2.002726,1.5016482,0.5673993,0.4839817,1.4946489,0.74795127,1.098812,0.11621259,0.19797496,0.5925048,0.26243216,0.648982,0.2055567,0.32702,1.3613298,0.089059226,0.32884195,0.47841066,0.45066935,0.25779793,0.8911013,0.11450357,1.0514989,0.32653746,0.052624382,0.4003652,0.49945402,0.36490202,0.10301496,0.16710167,0.25477028,0.0784458,0.27587247,0.043271612,0.15676275,1.5900437,0.30860612,1.056482,0.13851736,0.0395364,0.313982,1.2536781,1.7034823,0.025960987,1.7779961,1.2439495,0.057666738,0.8082357,0.23639077,0.57708824,3.471382,0.36681598,0.09752084,0.0052838447,0.29463235,0.77000356,0.8251344,0.65978813,0.022086741,0.3015705,0.4496174,0.056322735,1.5308177,1.1770345,0.16652763,1.0772781,1.7730862,0.6617712,0.6924599,0.8677015,0.824474,0.034053467,1.784631,0.44466135,1.1070719,0.070187114,0.10527167,1.4821645,2.5103545,0.30504543,0.5482496,0.14205024,0.6968301,0.70045626,0.32119176,1.4023564,0.606415,0.6048066,0.18049344,2.3096805,0.8480358,0.35564765,0.107612975,0.0018339328,0.43638003,3.3434515,1.9053892,0.3095287,0.75275713,2.3790104,0.298119,0.22173227,0.6452025,0.5535432,1.3652872,0.0,0.0,0.732275,0.103421524,1.4586339,0.24995463,0.04383888,0.36643308,0.100774735,1.101905,0.32665703,0.13774389,0.1698847,0.105454996,0.908006,1.0889933,0.08252663,0.74083793,0.32638377,1.4902468,0.37107632,0.16961247,0.74508995,0.59338003,0.28249395,2.9293704,1.940828,0.0,0.55593896,0.33630258,0.21831709,0.45302728,0.352657,0.9652523,0.340264,0.65103316,0.9108508,0.768746,1.0666684,0.465444,0.3728829,1.3159486,0.30090433,0.50542486,0.54891866,0.30643713,0.15780397,0.49991068,0.33747232,0.061125383,0.06410892,0.52579963,0.76087,0.23750938,0.34772176,0.027975347,0.5000828,1.0563744,0.22271584,0.48674393,0.5596116,1.1183561,0.49890965,0.2906574,1.2134362,0.005348879,0.23639984,0.29489607,0.49916306,0.52186626,0.70044017,0.024106065,0.3780322,1.4895538,0.007221226,0.9762195,0.57224464,0.5790301,0.084486775,0.14537953,2.1858294,0.0,0.5080144,0.33131602,0.90255165,0.07142757,1.5469167,0.5326675,5.700794,1.5836351,0.6188166,1.0437154,0.0,0.26028815,1.2624922,0.8214012,2.5168502,0.29457158,0.2722545,0.38232717,1.2635105,0.21815862,0.3538071,0.053151056,0.08268389,0.13507675,2.3048284,0.10483265,0.54145974,0.05363468,0.38169923,0.07883317,0.5873504,2.116152,1.68387,0.05855421,0.3028046,0.85645723,1.9734693,0.15381755,0.7666098,0.37940025,0.102409594,0.07692632,0.1710839,1.0316676,0.8727204,0.7812047,0.8624856,1.2458518,0.5539444,0.5523766,0.036683187,1.2505782,1.2954645,0.37035128,1.069795,0.25140697,1.1465505,0.2442161,0.12016039,1.2532587,0.59020686,0.19580558,0.0860205,1.1879284,1.067014,0.38087767,1.8436592,0.20087734,1.1960069,0.36309883,0.0,0.060128864,0.46469754,0.8653702,0.47477448,0.8159927,0.18279979,1.1722157,1.4703425,0.6475279,0.40263164,1.0616724,0.31213266,0.88894737,0.9747099,1.0938014,1.4848411,1.8712412,0.4406503,0.63620156,1.1806258,1.7205415,3.4525495,0.010069235,2.2298348,0.296544,0.11593666,0.2715967,0.24561813,0.23610567,0.42707127,0.06815026,0.09530048,0.057137623,1.5978612,1.1060599,1.9015279,0.0037567045,0.09828072,0.013219903,0.5585698,0.16604824,0.2535195,0.08103462,0.023722911,0.09811895,0.18110698,1.2027758,1.0549747,0.5668762,1.5071218,0.21311896,0.02475661,0.37121648,1.3616271,1.0594304,0.65466994,0.0046916055,0.17746647,0.800853,0.31062502,0.57184464,0.0147608295,0.34968668,0.41570455,0.7815483,1.075055,0.19411317,1.0485332,0.11522074,0.8565347,0.39682326,0.735727,1.6750569,3.2200847,0.2691611,0.42702973,1.2712644,0.8847066,0.2107569,0.17377585,0.05124844,0.13581425,2.0029407,0.55392075,0.2290243,0.44784334,0.69107497,1.0041835,0.6191893,0.7849862,0.26910985,0.7994588,2.1300352,0.39745533,1.2234606,0.091817796,0.19863135,0.32533252,0.40599012,0.7275264,2.873803,0.57224005,0.27341703,0.73452246,1.2791672,2.197811,0.05158622,0.0049486863,0.85185534,0.40522897,0.016303014,2.6828654,0.74143654,0.7658643,1.1321084,0.16384684,0.00811072,0.27760404,0.007820765,0.08477794,0.34326375,0.20132296,0.35136577,0.8649443,4.06577,1.3704892,0.21757878,1.0523102,1.1560345,0.50874716,1.1310556,0.812393,0.1465217,0.6771273,0.060256734,all_pothole_images\pothole_images_enhanced_35c62daf2af957ca654d3dad9587dc62.jpg
0.23120202,1.0022229,0.39918765,1.3321393,1.0164126,1.5169455,0.66155773,0.63767344,0.4961673,0.71274257,0.28683406,0.5746582,0.11919605,2.568107,0.52656937,0.34948742,0.23884138,0.31332934,0.8967517,0.3814684,0.65123326,1.310907,0.8454624,0.9023145,0.7788312,1.6078466,0.9514608,3.0176373,2.0920596,0.4327919,0.5470142,1.3112482,1.4655386,0.2741076,0.06900338,0.3380833,0.17289779,1.0408187,0.28067005,1.0831484,1.1766446,0.52594006,0.21467967,0.9634533,0.7410983,0.34280512,0.24924771,0.054739665,0.61345494,0.27242798,1.5219116,0.48537517,0.34755814,0.9399893,0.21717145,0.84074384,1.598176,0.005847457,0.1386358,0.37578484,0.53459966,0.848343,2.0096145,0.45427912,0.35755804,0.69585747,0.8233884,0.19118904,0.11143552,0.1132346,0.7075217,0.67854595,0.22456805,0.38624954,0.87824494,0.8747247,0.39210477,3.1366968,0.34375763,0.050648075,0.18034133,0.030455511,0.23863217,0.66818297,0.827209,1.2464086,0.9566287,0.11755128,3.1427479,0.17803916,0.3773627,0.37313703,0.36923805,0.33049792,0.6665756,0.06586032,0.5045604,1.0904288,0.87097317,1.5032989,0.02199217,2.7437136,0.10280023,0.52678233,0.0037870426,0.73692477,0.22341366,0.41145825,1.5104631,0.079390675,0.18922898,1.828401,0.7189008,0.21452945,0.8325486,0.32282084,0.709301,1.234803,0.38736382,1.0603051,1.8165426,0.97434294,1.3318686,1.5524075,0.10081074,0.27123675,0.73677135,1.3665534,0.9250362,0.7212822,0.5621713,0.18542604,0.28358394,0.983335,0.2376025,0.3037349,0.5633789,1.3742594,0.44095692,1.0784028,1.8306717,0.9090595,0.1235699,0.47340748,0.96909297,1.8090574,0.09514925,0.17018518,0.61647946,2.1830823,2.1645446,0.87703943,0.0,0.24417923,1.1182731,0.34752086,0.34592226,0.58575755,0.32618895,0.094761066,1.1774045,0.30327624,0.3000178,3.193809,0.4051084,0.16852976,0.16466498,1.5604645,1.6658617,0.01599563,0.24381258,0.01120186,0.1763085,0.203538,0.5720501,0.19279927,1.4199196,0.022292076,0.35905024,0.8380457,0.28660914,2.6479056,2.364597,0.8520396,0.92231196,0.2095693,0.33047172,1.6226189,0.12911765,0.6350778,0.07763735,0.88668656,0.21071593,1.7279935,0.023316996,0.23127723,0.51871645,0.42464572,0.6673721,0.990462,0.6800087,0.3261685,1.2520037,0.5255668,1.9799751,0.18355505,0.18209301,0.8374606,0.8589663,0.82957035,0.49806243,0.28427276,0.4127489,1.370896,2.0240345,1.5685188,0.8561722,0.07252144,1.8238797,0.5764057,1.1177008,0.088893905,0.03149525,0.34878126,0.08456926,0.076169595,2.3950074,0.36293486,0.8265323,0.62975335,0.7204926,1.1892569,0.07661427,0.36468086,1.5784729,0.58138937,0.5731939,0.5736994,0.0018966929,0.2520144,0.6027635,0.032201212,1.4148549,0.46377206,0.027958024,0.14664195,0.38813365,0.0,0.6770322,3.848643,2.6829062,0.0039292285,0.1782659,0.82747257,0.26891726,2.5952141,0.65662587,0.3205188,0.9629786,1.4201273,0.38954037,1.4880942,0.5720451,0.25408173,0.12815805,0.022516564,0.5040069,0.6818869,1.2243122,0.76282096,1.436559,0.14871997,0.43447918,0.85145724,0.4918114,0.31940818,0.71593535,2.1153889,1.3292569,0.4296749,0.61364573,0.0063559385,0.15365016,1.8864152,1.0070394,0.39879817,0.61191475,0.30164215,2.4247859,0.09292705,0.84916216,1.1113614,0.27873755,0.6690918,0.4321725,1.014482,1.0770416,0.5378285,0.56279254,1.0837349,0.47992924,0.15714242,0.9254052,0.2100043,3.26758,0.9323559,0.40016788,0.89520216,0.8239305,0.11753499,0.15111224,2.7322953,2.121699,1.1223235,0.31272346,0.8718318,0.27000788,0.37599844,0.8719836,1.2725707,0.0887407,0.84775037,0.71937877,0.4380277,0.869238,1.3444475,0.9903955,0.2105877,1.606153,0.7616636,0.98155326,0.1603804,0.20247827,0.83945423,0.8580761,0.69890046,0.80542,1.4170876,0.16954315,0.15481354,0.8150857,0.44163957,1.1810452,0.48363894,1.5084826,0.86770564,0.5766388,1.141021,0.82485914,0.5599565,0.83630043,1.2732253,0.57945913,0.7007892,0.60385334,0.27788213,0.8578562,0.3265114,0.26571813,0.17970374,0.3795552,0.40244466,1.2372482,0.61283034,0.3809007,0.98789775,0.96427596,1.2142913,0.41468436,0.056319214,0.6426061,1.5610865,0.16391551,0.0047161034,0.67975247,0.23342314,0.10162135,0.8015211,0.5598193,0.44592044,0.22132982,0.009451959,0.8022205,1.0506368,1.8931657,1.5336795,1.4931712,0.0,0.4657474,2.6731083,1.337767,0.5930629,0.23830299,1.8630078,0.7348597,0.038607568,0.67224956,0.1967378,0.14882603,0.5775956,2.3386433,0.6362508,0.23355621,1.3344147,0.09566803,0.469219,0.5296293,0.023153197,1.1960511,0.26519194,0.17768379,1.2773961,1.1559483,0.6982048,0.17494948,0.68204194,0.38187018,2.1281202,0.011057405,1.7783073,1.342129,0.9491407,1.7037107,1.5015894,2.1787796,0.519527,0.58260816,2.0010085,2.1664634,0.8793394,0.4875352,0.2316678,0.28570563,1.265757,1.8299762,2.9819744,0.9407224,0.95959854,0.3741107,0.37215912,0.5487468,0.01617187,0.011180573,0.22386576,1.122817,0.4267623,1.9622152,0.34299663,0.086042605,0.7082303,0.2497314,0.17778972,1.7555535,0.39841744,1.0706375,0.44377875,2.1436346,0.3963655,2.3027804,0.45072126,0.74924165,0.01982887,1.3218592,0.6531261,0.26398733,0.41658798,0.9275165,0.4294511,2.6494477,0.8729274,1.2495184,1.1961362,1.8195353,0.42493427,0.3231876,0.48419774,0.38987705,2.0133579,1.8962212,0.1576477,1.0068599,1.3839518,0.1981588,1.636041,0.27629825,0.5214817,2.5742884,0.09871559,0.874157,0.29129732,0.27118292,1.1634771,0.76303923,0.85287786,0.16815606,0.13709024,0.36848274,0.0,0.38635308,0.31910196,1.5707524,0.9904875,0.2876602,1.266927,0.621796,0.058851402,0.0054542944,0.5400228,0.18677954,1.2809554,0.24065395,1.0271739,all_pothole_images\pothole_images_enhanced_35d76420ae9b51f98415827aa9f63546.jpg
1.328468,1.6946213,0.959416,0.8913377,0.42063254,1.744532,0.37841687,0.039213873,0.39532843,0.45456102,0.45994636,0.8067765,0.31174737,0.6278792,0.72940713,1.4996215,0.2581572,0.30103993,0.14410065,0.06102651,0.42570996,2.0279276,2.2887151,1.8364866,0.5826825,0.21431783,0.060289264,3.314545,0.88155144,0.8658832,0.64688337,0.2539286,0.1646622,0.3007172,0.12334274,0.45537287,0.6932775,0.804225,2.445261,0.5724386,0.37854594,0.99019176,0.10747802,0.24896368,0.37474537,0.690666,0.22849637,0.51928896,0.7828892,0.005031856,0.3032617,0.29709432,1.0990775,0.72796077,0.6258529,0.6222514,1.2358538,0.0,0.8113964,0.81325334,0.49764064,0.3711317,1.4443508,0.06574307,0.47832862,1.5673027,0.30565593,0.05895814,0.5485448,0.0866876,0.25458863,0.6175721,1.9171773,0.457009,0.25741515,1.7537761,1.1148587,0.8392938,0.6371229,0.781738,0.11874646,0.44401482,1.4267877,1.3237132,0.04274919,1.4599031,0.017692536,0.12787776,3.4945784,0.9827035,0.59964156,0.7514091,0.027749725,0.65063095,0.7639464,0.108354956,0.7925268,0.55952483,0.5376925,0.21281314,0.026326457,0.99616,0.023195673,0.20222867,1.2165604,0.08714509,0.13098262,0.5976879,1.7178173,1.1461607,0.49205884,3.3954864,0.75084484,0.081745245,0.29863617,0.9143309,1.0672582,1.3446767,1.3928658,0.8326841,0.565654,0.38083935,1.0579454,0.26515675,0.48059285,0.89212686,0.4388986,0.36047962,0.2720753,0.27840346,0.7864067,1.0415529,0.7722626,0.09099283,0.0,0.6725337,0.20277183,0.2456161,0.4850788,0.83963245,0.76693195,1.0019492,0.44699624,0.7665062,0.14941339,2.212895,0.96565914,0.42328292,0.32290336,1.6242739,0.4832499,0.66838837,0.8299984,0.2815331,1.1536341,1.0960916,0.2217717,0.6063068,0.46107063,0.3081645,0.4292534,1.1105537,0.10081785,1.7294693,2.2837312,0.54558706,1.5947963,0.111928664,2.0524738,0.41057172,0.3355621,0.016740618,0.25240552,1.0064828,1.7282001,0.06544299,1.8194921,0.1904679,0.7483716,0.88143486,0.46473393,1.9391369,1.9074943,1.098227,2.0971417,0.23970921,0.6468662,0.241226,0.36847878,0.8815738,1.1657757,0.39503407,0.25053978,1.0826616,0.8106901,0.017249769,0.36840704,2.6932235,0.49937332,2.0017436,0.19663958,2.089453,0.42320126,1.4406084,0.97241515,0.92128,0.6580793,0.23533165,0.9639687,0.9412557,0.3733223,0.4455398,1.891671,1.1018457,0.3198016,0.4236219,0.6496463,0.16516767,1.0564502,0.111437574,0.21665077,0.07053498,0.019323885,1.384074,0.18542114,0.31372342,2.425531,0.10236656,0.4177371,0.09593472,1.4266479,1.4508034,0.12548923,0.020641835,0.92537487,0.098562814,1.8738207,0.0026593972,0.31038222,0.0016912458,0.18057741,0.9889249,0.040395148,0.107669294,0.00025731238,0.024401143,1.1410784,0.11180058,0.28608727,1.8625392,0.7336077,0.14548387,0.684258,0.16960242,1.1200567,0.48387036,2.5825582,1.084452,2.0067794,2.3125057,0.0033214674,0.9599765,0.6471187,1.1638495,0.8841523,2.072685,0.07685529,0.5303285,1.8581228,0.14225362,0.21662007,0.22976297,0.0550693,4.22457,1.6136405,1.2327886,0.3462158,0.29612708,0.13216506,1.3107966,0.0,0.95773405,0.050762676,1.0601418,0.76733863,0.2624749,0.49301445,0.23328435,0.7843496,0.44308528,1.0362896,0.002738737,0.56168616,1.2336879,0.58394516,0.25823647,0.756347,0.74486136,0.53287697,0.27643347,0.11320933,0.80319446,0.0010703218,1.121677,3.4597,0.01712053,1.0278428,1.5912976,0.8258983,0.029698396,0.5858963,2.681065,3.8065927,0.93460083,0.36991987,0.04109717,0.0716354,0.6891533,0.5408213,1.1600317,0.33310312,0.31725606,0.32777625,0.68300045,0.13628705,0.3477379,0.1699219,0.15194708,0.28149617,1.5420876,3.9355643,0.55709136,0.0,0.59173954,0.18660332,0.1898432,1.9651856,0.42382652,0.058742195,0.44358584,0.98299265,2.8361778,1.9598638,0.041949864,1.3834997,0.44920075,0.03584132,0.6688302,0.31854248,1.0755559,0.32263532,1.0696831,0.882206,0.06525175,0.34185526,0.10240171,0.141143,0.8483205,0.64181036,0.6300299,0.023484468,0.7149021,0.82493246,1.336577,0.11700169,0.52754694,0.1554308,0.0832717,0.4240004,0.02597728,0.6372608,0.5639221,0.24743137,0.0,1.820546,1.0289918,0.45616218,0.6423196,0.63450783,0.39241555,0.22639236,0.0,0.85163397,1.3984894,3.740722,0.9191831,1.0508554,0.22258352,0.91182077,3.809104,0.7888446,1.8714645,0.031253986,1.2863141,0.5004738,0.31515208,0.0,1.8997643,0.7928971,0.11375483,1.1207505,0.90697336,0.5910605,0.42614916,1.7039262,0.011111459,0.51290333,0.7909119,0.12161166,0.7224837,0.29331857,0.4708617,0.80992466,0.34271285,0.23787086,1.0658226,1.1257554,0.82189536,0.4042565,0.0,0.5360803,0.67552465,1.4023468,0.20687748,2.021256,0.009372158,0.46479088,0.8956101,0.43969643,0.9699481,0.45795852,1.8671272,0.15652893,1.428827,0.5176589,4.1944714,1.112046,0.61903757,0.5759493,1.2606785,0.5279827,1.4182403,0.17613329,0.21268046,0.0047578225,0.26825616,1.5813586,1.0000203,0.045406565,0.5931323,0.07792159,0.16588385,1.381565,1.9015231,0.5675308,3.025872,1.5146497,2.130053,0.44157588,1.5925803,0.710598,1.2964859,1.3911407,0.01306254,1.1449186,1.3863986,0.5859756,0.67672575,1.1992131,1.3694357,1.346349,0.93620557,0.46886817,0.21901849,0.3784119,0.528952,0.9856505,0.06788846,0.43837422,1.1127156,0.3637037,3.4886835,0.27992922,0.17480615,0.0,0.52399313,1.6663722,1.0591875,0.8535287,0.0,1.3922919,1.7697021,0.26649284,0.062506,0.08569345,0.2506455,0.64442086,0.09886648,0.14486724,0.7078843,0.1401497,2.2108905,1.4211725,0.61213857,0.0,0.20147425,0.026700966,1.5027982,0.6255976,1.5379003,0.6375294,0.46708763,all_pothole_images\pothole_images_enhanced_35d94855fb06059d38fe08e86f007dd4.jpg
3.238603,0.71583384,0.20019342,2.0752995,0.53934455,1.5047714,1.2360425,0.009028564,0.005941052,0.2809195,0.5437282,0.8614839,0.2365099,1.3475662,0.21811418,0.3249802,0.6189028,0.0,0.33235678,0.48185414,1.0033135,4.0154877,0.34836298,1.8943865,0.41249365,0.45149764,0.0,1.3951677,0.40681905,0.25386295,0.46464038,0.2532044,1.4360301,0.8093844,0.12655188,1.650725,0.79165125,1.1102821,0.7339829,0.846384,0.085142896,0.035138518,0.11393146,0.069191925,1.8938082,1.0847348,0.17410427,0.14645836,0.19235529,1.8533735,0.3333538,0.21312562,0.3676933,0.28159866,0.0,2.827407,1.7750297,0.50469565,0.42351285,0.52011514,0.01975937,0.19818795,0.5523335,0.81237364,0.3386401,0.7926995,0.46476427,1.9279685,0.5690507,1.0692158,0.15374264,0.07046864,1.2024676,0.21874936,0.4741299,1.5004572,0.20714329,1.0010796,0.06190108,0.08520679,0.7180996,0.46633533,0.7340669,1.7294984,0.8315188,0.16854642,0.06327817,0.5022335,2.0972824,1.6249728,0.124887,0.43706006,0.2843141,0.09042374,0.083281204,0.0,0.85881025,0.31471673,1.0517648,0.0972579,0.75706965,1.5585018,0.83066463,0.053657573,0.11993581,0.018138813,0.13334818,1.3929387,0.18818392,0.30648157,0.045032907,2.2650208,3.4260604,0.8814487,1.1226664,1.0117002,0.79458505,0.27812943,2.5537374,1.9609377,1.2086264,0.37916106,0.016950376,0.2223561,0.079694785,0.99782604,0.61324316,1.6024195,0.16569762,0.23073696,0.7834273,0.0,0.09286324,0.64669937,0.109240346,2.4172714,0.20527655,1.7030166,0.3265971,0.6754633,0.19990313,0.2632501,0.064281724,1.3164852,0.24896306,0.29618478,0.53134,0.48583132,0.97893476,0.14215784,0.33909434,0.24515909,0.13208422,0.09292611,1.712353,0.2773752,1.5217693,0.6622758,2.1528614,0.27720138,0.42419878,0.75135326,0.16645865,1.328993,0.10172467,0.3032322,0.7634438,0.2379685,1.8222529,0.37074956,0.34250686,0.00052225223,0.0049067396,0.32866916,0.30283037,0.0020131976,0.915696,0.01827135,0.26735854,0.010166263,0.0017742947,1.0277023,0.6620305,2.130908,1.3108159,1.1093496,0.73917997,0.10723941,1.4405802,2.2903416,0.28353783,0.12561807,0.006205206,1.1800576,0.62264955,0.3927357,0.070433654,1.0974202,0.6119955,0.58851266,0.17666152,1.4372512,0.69929236,1.2341237,0.94616073,0.09380173,0.58435893,0.08780846,2.4997206,0.18677367,0.070249684,0.09408555,1.1289171,3.9305725,1.6554359,0.7701089,0.5249655,0.15579306,0.5122248,0.23239645,0.6287519,0.49234444,0.83184,1.2807984,0.0025272064,0.3612586,0.60319287,0.06645589,2.5160148,0.24659947,0.8906961,0.28045687,0.66037303,0.34308377,0.5551442,0.3802044,2.0792897,0.12497171,0.00021021676,0.046443716,0.2892815,0.2315253,0.35470122,0.0,0.1076272,0.05271702,1.5334605,0.69297874,0.44659105,3.9488263,2.7555363,0.5148514,0.62069,2.5248468,0.050379485,0.5307291,2.7894564,0.0040827827,0.38442993,4.432317,0.0150978565,0.38436812,0.63583606,0.4627027,1.2432206,0.35876903,0.3379223,0.6353447,0.7732011,0.122358434,1.2323151,0.63136584,0.0059904675,1.2543728,1.488857,0.5990709,0.91695136,0.053463615,0.031221474,0.36034587,0.7352356,0.24675174,0.87128496,0.1717158,0.19354849,0.5263871,0.4291856,0.06201859,0.36882108,0.029432997,0.13837115,0.7333937,0.17883517,1.44433,0.27291977,0.3447546,0.007485676,0.78271854,0.23908946,1.183616,0.28110835,0.9924897,0.07472653,0.48240313,4.3046412,0.48361593,0.106554225,1.0363909,0.0040166704,0.07562535,1.3003461,0.67384416,2.8640919,2.1906538,0.3869609,1.9385809,0.0,2.2238932,0.5664552,0.19930752,0.32484606,0.013451552,0.3588277,0.31133676,0.17383438,0.32269087,0.71665955,0.04571356,2.0716379,0.05681731,3.0192242,0.50024503,0.43019617,0.5865872,0.0,0.39272556,1.7516617,0.06267003,0.013907651,0.39393148,0.5372564,1.3474774,2.6221936,0.099830545,0.98618937,0.46346945,0.48806283,0.016897844,0.36582896,0.24814443,0.20513931,0.19230403,0.1899862,1.5590618,0.8054721,0.56566215,0.15316243,0.40339115,2.0322738,1.3386316,0.52743334,0.6307509,0.4182443,0.23323144,0.0,1.0552793,0.9261673,0.0,0.17585215,1.1362965,0.74681866,0.032890465,2.4225469,0.17796302,0.59024376,0.51123536,1.0203613,0.098931,2.155239,1.5158963,0.73212993,0.09314381,0.4072234,1.0171803,2.5782378,0.7109752,2.2292306,0.033367973,0.78881514,1.4512112,0.34428608,2.0458102,0.20864591,0.6297887,0.0,0.020187028,0.9392686,0.10556674,0.3913419,0.6979913,1.1967595,1.1249214,1.4547676,0.06710829,0.580789,0.465995,1.0044574,0.48227844,0.091107726,0.33714256,1.2775943,1.4429312,0.016237449,1.984081,0.41531008,0.84804183,1.2609792,0.2963294,1.7187011,0.73416954,2.7822216,1.2972938,0.8165828,0.19846913,3.993656,1.2167151,1.477652,0.12241247,0.47313058,0.9199514,0.45011178,0.7251076,0.55085856,0.45305017,0.12029417,3.1839797,1.4977915,0.46508822,0.45182282,2.2060118,0.59216934,0.5120207,0.4018439,0.9786523,0.80019313,0.4708501,1.2052838,0.7217639,0.08964309,0.8046245,0.9002414,1.3172249,2.4188664,0.9508304,1.2904251,0.90098786,0.96358925,0.5500199,0.28787115,1.4072886,2.2656991,1.5539984,1.8233751,1.1297073,1.7847043,0.052831843,0.30447406,0.70323515,0.20126502,1.3159099,1.118387,0.20700587,0.33167335,0.37658754,2.901409,0.058241043,0.06340454,0.8489317,0.67759097,0.75189257,0.82872224,1.398469,1.7413431,0.45079297,0.041983835,1.4345618,0.27829972,0.5535865,0.46954182,0.04651081,0.42308822,1.0968797,1.142735,0.0118212905,0.42134732,0.043645274,0.69766706,0.94696075,0.3151259,0.16689754,0.37955543,6.985671,1.1391078,0.0,1.8850594,1.1105529,0.006228195,0.64835626,0.344641,0.5296601,1.0989547,1.2239091,all_pothole_images\pothole_images_enhanced_35f13496e900943e858ed1ae0d6926ca.jpg
0.16197479,1.4955859,0.18799143,1.9701762,2.4821064,1.7166427,0.844679,0.10464481,0.14874305,1.3852757,0.17499198,0.734479,0.47052035,0.49688798,0.0016742047,0.0415415,0.5445602,0.47999498,0.81391585,0.021909898,0.17327562,3.1576571,0.581406,1.7751234,0.8575362,1.4990082,1.0257219,4.2383165,0.3406413,0.1919929,0.29569682,0.20323063,1.8373301,0.058960535,1.864508,1.5837234,0.86618507,1.6996074,0.2196869,1.4326193,0.3991048,0.11102525,0.27622455,0.69076675,0.42841503,0.06948267,0.36059475,0.1262434,1.0891166,0.48739147,0.82529616,0.10940342,0.07304059,0.4717287,0.0891002,1.4483663,1.5823227,0.41013747,0.12586015,0.21424255,0.66771114,1.3726491,1.4276372,0.035111316,0.36804587,2.6961603,1.2144223,0.22944692,0.14677826,0.40813485,0.66286427,0.120258525,0.4393168,0.8413715,0.49638295,1.5625697,0.099009335,0.6478368,0.19256042,0.6215268,0.15016957,0.3568953,0.20391938,3.0445101,1.1646619,0.6722644,1.1268048,0.024811793,4.055483,0.34176168,0.29554054,0.3443837,0.061001293,0.3380543,0.46766233,0.026804209,0.06509051,0.19586518,1.5939265,0.56799126,0.029150434,4.3146014,0.92293674,0.18967013,0.06241006,0.115185596,0.64296407,0.052754246,0.15118052,0.13400792,0.50164425,2.1710215,0.9208922,0.01839207,0.9388865,1.5841664,2.615968,0.4938665,1.7881526,1.1717808,1.2875623,0.1369957,1.0867237,0.67506766,0.32934397,2.1306455,0.20545085,2.943967,0.84641314,0.9323891,1.1407233,0.0,0.23625827,0.18097177,0.39812306,1.6191175,0.23205689,1.4321884,0.5240616,0.60631686,1.0524868,0.08569041,0.0027451692,0.2865518,0.12071245,0.79351616,0.2714796,0.21221551,0.38784924,0.6414971,1.1391217,0.6331602,0.051546216,0.05128857,0.7662918,1.0068072,1.008378,0.13571073,0.9249553,0.1976684,0.82257295,1.8369884,0.12387799,0.47893488,0.47962368,0.13670075,1.9907911,0.400245,2.4792993,0.8648116,0.23668145,0.044461828,0.04916947,2.6022632,0.88426256,0.17017603,0.48496532,0.6626903,0.35580078,0.36730286,0.31140208,1.4670992,1.479149,0.6930774,1.8941422,0.7749687,0.11536199,0.369873,0.121584006,0.7947919,0.56638354,0.9769242,0.0,0.9754852,0.09431082,0.092925034,0.7865284,0.5617837,0.64005166,1.0125321,0.32306144,0.25928918,0.33479095,1.7369492,1.2732525,0.8367153,0.08370413,0.17819439,1.0662243,0.68852544,0.57802427,0.27891606,1.7227448,1.7082094,1.5735679,0.92060834,0.3666901,0.42245865,1.562159,0.70013505,0.9949847,0.13957544,0.026450662,0.3073831,0.15410419,0.3898949,0.5309983,0.7891567,1.583877,0.033390034,0.1346788,0.47712636,1.4995341,0.3914611,1.3693033,0.12732865,2.0839102,0.021058682,0.056954827,0.100871846,0.20950362,0.0040727616,0.24772215,0.09917158,0.049138077,0.0,0.62963814,0.34224206,0.9571377,4.885018,2.0493045,0.5700503,0.38987145,1.7963054,0.052349497,0.05718197,0.85215455,0.1917876,0.42815393,3.8114443,0.22851545,1.8895992,0.42726812,0.74137837,0.007554115,0.71022403,1.7744672,0.00459137,1.3091253,0.3308005,0.6441003,0.36247727,0.080322236,0.12924668,1.1094912,0.56473935,0.3312555,0.18742454,0.7333416,0.8827482,1.4225868,0.16417585,0.107848726,1.3433102,1.4883267,1.5994095,1.8501322,0.11684397,2.240221,0.40092692,0.49994522,0.5651994,0.06065372,2.0171075,0.6524094,0.123264864,0.46219257,0.6601075,0.1293935,1.3128842,0.002779467,0.54938,0.22861552,0.8425372,3.9307194,0.69407153,0.93143314,0.2653159,1.1086124,0.7254766,1.5781423,0.3061901,4.797172,1.1804997,1.208458,0.45646527,0.021213723,1.3929439,2.6728833,0.058426924,0.18149504,0.02952285,0.042451195,0.3422651,1.2934142,2.3249028,0.8807046,0.09858321,0.82334596,0.13039927,3.1882207,0.38878584,0.008733024,0.29638374,0.0,1.562295,1.3285267,0.13701412,0.335422,0.782466,0.1870318,0.68871087,2.4501429,0.21854204,0.5278734,0.11651539,0.6126317,0.119219095,0.052279457,1.0818967,0.821124,0.8764549,0.026096996,0.91474944,0.14072455,0.012164887,0.23647991,1.9151698,1.3382406,1.558898,0.10056046,0.022348387,0.709915,0.82015026,0.058178466,0.10024862,0.5001086,1.2849166,0.24140759,0.6084021,1.9672023,0.19346869,0.52510643,0.05278457,0.9420901,0.32028326,0.013516744,0.090216964,0.3484111,0.13802321,0.3463612,0.0,2.9575655,0.32864368,4.055764,1.6344802,2.3913088,0.23629157,0.73734236,2.8690138,1.5330958,0.318546,0.06481272,0.4097925,0.090562604,0.030545147,0.97240144,0.08074756,0.5238553,0.4822656,1.5377147,0.15998381,0.21708795,0.24629067,0.7395063,0.0,0.4459791,0.18637682,0.29310456,0.00036645264,0.37758762,0.16688462,0.026529307,0.56524277,0.21939342,0.19303373,0.53126293,1.4163013,0.9559269,0.13951218,3.5333917,0.66062504,1.9435626,0.8470703,2.1948,1.9054372,0.7359263,1.6395469,0.72552824,1.7374477,0.6660001,0.06584215,0.23379968,0.14687394,0.6957063,2.4680793,0.59889364,0.78690976,1.1523753,0.17031762,0.5647296,0.06546277,0.5431872,0.28885227,0.4714688,0.11523069,2.621504,0.7153047,0.23533984,1.4889909,0.66460526,0.6546917,1.8027577,0.5842248,1.4650431,1.5868616,1.3178838,0.6053786,0.26538846,0.68159,0.966697,0.2327506,0.8422146,0.19628042,0.7631221,0.5017372,0.47545165,0.4228804,3.0294418,0.70797914,0.5645476,0.84898627,0.2101043,1.7278126,1.4026968,0.014700239,0.27798352,1.4892628,2.291036,0.027912142,0.29217657,2.6127841,0.76276654,0.30879647,0.018137982,0.015222074,1.5317932,0.021711446,0.68307245,0.03710398,0.8066706,2.2670746,0.11530846,0.0015210895,0.010860012,0.38541323,0.028402004,0.77599746,0.0238151,0.0,0.9592056,6.042935,0.35855725,0.468045,1.6158378,0.5279161,0.21701041,0.87683386,0.2539107,0.7298314,0.21453065,0.21328439,all_pothole_images\pothole_images_enhanced_35f55c034593393febc564e3f7b6296b.jpg
0.8434079,0.9553605,1.5826105,0.49248877,0.7648868,0.06539241,0.49202934,0.3477688,1.0675156,0.3209479,0.12085851,1.2287365,0.74958986,1.4019588,0.24619015,0.022196937,0.3512416,1.0264988,0.082418285,0.98415,0.07831632,0.9636261,2.0113032,3.5683243,1.3536663,0.3559497,0.5140442,1.3064578,0.0418382,0.73569155,1.2246583,0.056297407,0.57865167,0.8494795,0.4394374,0.22797766,1.5845151,3.4617264,0.93799996,0.9784532,0.5818977,1.499519,0.37473157,0.04168186,0.015540264,0.761565,0.2101826,0.99055284,0.19944677,0.29235023,1.4540249,1.8207784,0.2616563,0.40424213,0.41535932,0.02188237,1.0694206,0.090498835,0.12731151,0.54614204,0.36505675,0.56055474,0.6917402,0.03258859,1.9200956,1.2663839,1.1970626,0.4137572,0.89754295,0.4382599,0.6830734,0.7182526,0.37209305,0.395253,0.026334718,0.6335936,2.6688588,1.6677831,0.14533909,0.0,0.036311,0.7662727,0.20614643,0.11920409,0.9033038,1.3035947,0.21201466,0.18024884,1.5293093,0.60572153,0.6165437,2.8108082,0.07826814,0.47227687,0.36330375,0.0,0.8618422,0.7161557,0.963185,0.7286212,1.7995727,2.2144208,0.788186,1.7874573,1.1483034,0.709299,0.1570316,0.32339978,0.0070785745,3.304406,0.46935272,0.6649287,1.1776061,2.8081877,0.07446657,0.9254173,1.7540834,0.36993515,0.41943377,1.6305778,1.7530137,1.4914109,0.5187413,2.6664264,1.0321019,0.21467014,1.6203477,0.3368491,1.1565729,1.1577089,1.2865565,0.055305257,0.36674058,0.33475372,0.4088477,2.4621184,0.004134978,0.0,0.9391923,0.0,1.2176824,0.81005234,1.0077535,2.4587839,0.7376901,1.1620322,0.31949443,1.8726928,0.20992388,0.65379316,1.2014279,0.7857308,0.05968479,0.03244164,0.20750786,0.47153226,0.5528638,0.4625745,0.39044958,0.50644475,1.110532,0.7361301,0.38365316,0.14688377,0.41734096,1.2407547,1.3401634,0.18066838,0.2673086,1.5134165,0.32874012,0.03635371,0.7136862,0.29680854,0.41136998,0.55440086,0.66191876,0.09272398,1.3772609,0.08933366,0.06553331,0.23150192,1.5471748,0.9583405,2.1852393,0.2750555,0.056916207,0.8153656,0.47784692,0.040905397,1.3574001,1.2340683,0.8103834,0.56778437,0.7287613,0.32031864,0.2639332,2.825053,1.5394486,0.9652698,0.7845094,1.3017421,1.1045758,0.18654418,1.0270039,2.395325,0.30156186,0.06603166,1.2582399,0.82229155,1.3284825,0.16265456,0.11343127,1.3237572,1.1649228,0.0,2.3997378,0.0838331,0.4418082,0.0,3.90274,0.02943791,1.1860946,0.2698554,0.08752004,0.5573007,0.67080516,1.8114351,1.9184853,0.14652926,0.2651664,0.27026218,0.43041953,1.5627853,0.7553096,0.35572687,0.389497,1.089734,0.29175222,0.43559018,0.5403022,0.13364434,0.38094112,0.7473155,0.3578799,0.39310953,0.47284126,0.25376308,0.30637145,2.986974,0.5880963,0.88576937,0.14065672,0.3555435,0.8487116,0.2077305,0.19865732,0.076822825,1.3590032,1.6843582,1.3224329,1.599118,0.23742741,0.040458534,0.57012975,0.009922049,0.12253072,0.31464842,2.788329,0.66434765,2.171946,1.2754753,0.001757137,0.86677176,0.3253325,0.068216264,0.61027247,0.65891266,0.8449935,0.31820455,0.40515944,0.4877179,0.61620224,0.24194148,0.42369747,0.7809375,1.3373761,2.4159007,1.7738367,0.25706974,1.170863,0.02103018,0.0018555524,1.2670946,0.6200792,1.3655157,2.5853407,0.54350495,0.13520637,0.91060776,0.12399382,0.058145735,0.0,0.02356704,1.5037112,0.09523927,0.9868234,0.046267018,0.47586584,0.19193734,0.7303045,0.8524583,2.937357,1.0591238,0.044885013,0.6631784,0.4498029,0.045698866,0.6098934,0.71615016,1.6179246,0.20264488,0.2647638,0.5636132,0.6102043,1.173275,0.8782477,0.3847423,2.6019468,0.22033687,0.47504875,0.3596933,0.19247182,1.2425532,0.15571499,0.43189216,0.8782652,0.8906696,0.08692192,0.14768559,0.55379355,1.1290964,2.2637594,0.28220278,0.317347,0.37584025,0.6657318,0.020189818,0.6235017,1.4001904,0.018269613,0.54263514,0.004924162,1.7369349,0.06276242,0.31815657,0.98181975,0.3616568,0.73780936,1.4683197,1.8138974,0.79283345,0.087607935,0.6956881,0.0,0.41815597,0.542539,0.7450321,0.55857605,0.3080021,0.857472,1.3706611,0.43460196,0.3760344,3.7159946,0.85744804,0.012288774,2.593905,0.35336792,0.28949127,0.75183856,0.28392282,1.4724622,0.7505926,1.5752283,0.043081664,0.92305785,0.5861404,0.0,1.5511262,0.27269682,2.603803,0.6321765,0.94076705,0.0024695836,0.36630154,0.31687889,0.19161688,0.23943584,0.509473,1.0219218,2.6664784,0.9956829,1.0852869,0.30136153,0.33930337,0.5145473,0.64465773,0.43825093,0.14203984,0.12031956,0.36040917,0.45245558,1.4720563,1.2174327,1.2149494,0.07070468,3.495519,0.48104566,4.7340064,1.0443089,2.4627638,1.2454747,3.1566541,1.6941879,0.55272496,0.3493379,2.0649872,0.36086336,0.63594025,0.47817826,0.9219092,0.6412764,1.3703214,0.6772734,1.0170768,0.55625725,0.78617704,2.2354507,0.92669815,1.3298385,0.31824988,0.02185777,0.18047701,0.6241187,0.2991881,1.5760876,0.2521024,1.5036222,0.06007495,0.55797964,0.27144518,0.24310966,0.3615068,0.059398007,1.1587784,1.4863203,0.065071724,0.012384265,0.14836788,1.3046209,0.48604405,1.0289917,0.13731615,0.9280337,0.93557316,0.0,0.67559874,0.8357498,1.0049132,0.89477193,1.186352,0.13291742,2.2378356,0.6816946,0.01179508,0.20980902,0.38414347,3.8053644,0.048927836,1.4828919,0.4366454,0.8032093,2.307028,0.324444,1.0745736,0.74919355,0.0703572,1.1128769,0.43522745,1.1850194,1.4906551,0.48943603,0.0667856,0.009562458,0.20679164,0.46694806,0.11781855,0.18357569,0.48257217,1.5046954,1.3227836,0.1307215,0.61214864,0.16566864,0.5423019,0.18385819,0.6971589,2.4568002,0.0701484,0.6898947,0.005538539,all_pothole_images\pothole_images_enhanced_36053368d8d79a53bfcfb90616e145cc.jpg
0.18351099,1.3197268,0.3101415,0.97229093,0.57541686,2.213863,2.2706368,0.55672973,0.08922094,0.18302289,0.13435617,0.4964562,0.99793833,1.3728671,1.086677,0.4626493,1.0057998,0.2549236,1.2918147,0.17033496,0.04279441,1.7487338,0.22806054,1.2089381,1.3149866,0.20024519,0.5448358,3.2149649,0.47666797,0.7294571,0.56091166,0.19242714,1.5248257,0.25150415,0.8591474,0.29911035,0.53587097,1.5161465,0.0013325259,1.0967447,1.052357,0.06013286,0.29849008,1.7255454,0.6691671,0.05772806,0.8134664,0.105199374,1.7828426,1.9303162,0.6294544,0.6087651,0.71042794,1.3850789,0.2568866,0.7159525,2.139062,0.07180809,1.5668495,0.9685873,0.56984156,0.08943787,1.9497637,0.7599604,0.26949537,1.6481127,0.60508305,0.4518936,0.43536124,1.2143737,1.3991363,0.31449485,0.296328,0.5308389,0.18611304,0.9635201,0.28632635,0.43468902,0.19846179,1.2392942,1.1029161,0.87139285,0.005615767,1.2360262,1.7747185,0.7279333,0.12012101,1.845518,2.3926404,0.3398871,0.57212013,0.124292076,2.2061617,0.25545147,0.15289213,0.7971367,0.29424936,1.7299135,0.6241819,0.2214668,0.17350161,1.2371241,1.7162782,0.14031456,0.15649083,0.3495115,0.24853255,0.45870504,0.22168233,0.15261911,1.1016359,2.2196503,1.164352,0.14869937,0.9102358,2.2602594,2.3735507,0.8341113,0.60136414,1.606623,1.3212199,0.46962345,1.7339085,0.79148227,0.024650559,1.0202,0.09702729,1.3588923,0.77830774,2.6461275,1.0714415,0.11534708,0.19829147,0.520049,0.7183435,2.2496305,1.1093501,1.1416724,1.4203705,0.4237038,0.8205392,0.118139125,0.16320883,0.6205392,1.2020545,1.046692,0.005660856,0.2264784,0.5703427,1.5774617,0.97706366,0.9375033,0.5612961,0.030883849,1.4243871,1.257561,1.1738161,0.7074178,0.5901831,1.3999,0.5374936,0.21279876,0.58397907,3.1130455,0.044243567,0.2917266,0.42208385,2.0428557,1.4609767,0.3216779,1.6979753,0.86957,0.10412121,0.7875131,0.49478304,0.71297383,0.9521774,1.7260363,0.0,3.5483198,0.0,1.1202291,3.461408,0.66060287,1.0212526,0.70744705,0.038626052,0.12027397,0.062313527,1.914332,1.1609741,0.093319714,0.27143797,1.692914,1.4094833,0.4823077,0.15955788,0.09190602,0.0,3.035611,2.0599573,0.084094025,1.9970838,1.5247177,0.975485,1.3579214,0.024427092,1.0772282,0.50744784,0.3333536,0.7967957,0.98073375,0.8827672,1.8131591,0.6775569,0.4190923,0.48518866,0.6940946,0.6052234,0.059567243,0.9247602,0.32380098,0.27221385,0.5192389,0.042961318,1.2108266,2.5182242,1.065652,0.43292108,0.41680807,0.47300923,0.42440268,2.0726328,0.039414126,2.2245157,0.19922921,1.1400808,0.110879354,0.016898412,0.2983401,1.6705288,0.7772728,0.49115536,0.13568674,0.13622227,0.08703792,0.76336604,0.55758077,1.1171647,1.2284739,0.9280063,0.36355335,0.89490837,0.68893164,0.79615515,0.5938057,1.2539588,0.05482079,1.4481695,3.0249813,0.1571212,2.9137607,1.297248,0.07381597,0.5747406,0.8416647,0.15629388,0.67319983,2.2695708,0.4662936,0.35242677,0.7172635,0.3344695,0.6048159,0.26411656,2.5809565,0.6211649,0.54155475,1.2185432,0.70715845,0.21595742,0.20307936,0.31988683,0.6744297,2.0914946,0.6119506,1.3246303,0.5815771,0.5944874,0.099439636,1.6726435,0.21126832,0.05988328,2.1632237,0.6050021,0.7067991,0.31584868,0.9915462,1.8980252,0.96396,0.0,1.275782,0.025553338,0.45505118,6.208348,0.74685556,0.118612096,0.7850006,0.32652104,1.4335772,0.96348035,0.7127834,2.6018767,0.29353803,0.91760486,1.2324361,0.08523074,0.68269885,0.91541034,0.17669596,0.9695513,0.47893167,0.24772307,0.36623016,1.3215271,2.1275578,1.7798864,0.79246145,0.31297123,0.48978835,3.6824272,0.9761578,0.12448562,0.2729298,0.16437456,3.0621045,0.8586928,0.07135823,0.80151916,0.3424024,1.1825557,1.1286755,1.2251898,0.5800141,0.17770223,0.6559046,0.9229853,0.2985022,0.51082623,0.6228299,0.109085955,0.183444,0.092476375,1.1100754,0.5585581,0.05286978,0.05950957,1.4852633,1.2739866,0.46928334,0.0084556695,0.10269813,0.8148997,0.7314601,0.044733543,0.030502012,1.4916674,2.5492132,0.19118467,0.28207394,2.4573088,0.85931957,1.5187484,1.1585691,0.96169406,1.8345878,1.0068979,0.12922885,0.97888464,0.91279995,0.012576247,0.81649905,0.8482862,0.5485064,3.52275,3.046693,3.168835,0.50805867,0.4124815,1.3220598,0.30228138,0.5843773,0.26210842,0.084247716,0.28995156,0.076404706,1.0464745,0.35304874,0.15177715,0.11026567,4.5596757,0.32455423,0.035759073,0.41901577,0.3175311,0.02194073,0.37299526,0.17492917,0.8897789,0.66231203,0.36780038,0.3587926,0.67119455,0.18232341,0.15140405,0.11159297,1.245102,0.04841168,0.3026995,0.0687529,1.4000679,1.2360176,0.94179285,1.0294865,1.5097697,1.3603958,0.6707444,2.6248732,0.071608126,0.20196451,1.2427423,0.9824291,0.19087365,1.1013635,0.44005117,2.954044,1.3538314,0.8968928,0.48727322,1.5876007,0.6362765,0.055078115,0.7724888,0.71649784,1.3362601,2.1011152,4.2480392,0.32935256,0.121273525,0.6116678,0.71393156,0.46485418,0.48606956,0.993262,2.9410694,0.2806653,0.9259054,0.79204255,0.26466647,0.48120046,2.0658484,0.071879834,1.8200582,1.3776516,0.12503026,0.88508326,0.30673754,0.8468785,0.44812158,0.49759108,1.5448442,0.6782717,0.2928378,0.2504069,1.7785757,0.3216859,0.9515972,0.78112704,1.3414251,0.65234923,0.31795034,3.1327932,0.46491966,0.8619965,0.03729347,0.009082474,1.0353587,0.3948891,0.11027563,0.4495605,1.3810239,1.4872383,1.213262,0.08978844,0.79804236,0.4650874,0.02845314,0.4264234,0.3185322,1.0769811,1.1449922,3.2068694,0.6008973,1.0640885,1.1792109,0.6680242,0.0046772966,1.652646,0.28578082,0.2774961,0.12743188,0.29712805,all_pothole_images\pothole_images_enhanced_361a0ccf44475a3d8a3764f28137a56e.jpg
1.6682079,0.4822832,0.16259748,0.6596767,0.36354348,0.54297286,0.0677938,0.19897072,1.0967,1.2097443,0.7931347,0.49846375,0.17403655,0.6097442,0.59104526,0.4987058,0.11024798,0.98017806,0.2902293,0.7212574,0.93870705,1.270814,0.0016698467,0.20597385,0.7993715,1.2403984,0.56475365,1.775348,0.11124847,0.18199466,0.37949923,0.24142818,0.43087083,0.68158656,0.48195666,0.53361064,0.11663671,0.18709801,0.38061425,0.23833556,0.33586845,0.7208313,0.31046593,1.648409,1.0132807,0.45104855,0.5148576,0.074152306,1.283614,0.09806389,0.7613686,1.3065267,0.14374052,0.79583764,0.17641787,0.5746999,1.346263,0.0,0.35938278,0.05995503,0.41029856,0.15519959,2.0991697,1.472839,1.0013224,0.91537815,0.056449246,0.0012870923,0.58150035,0.15645288,0.11763259,0.4103342,0.3902216,1.2552012,0.034871742,1.445014,0.56101537,0.13785426,0.4015927,1.0571591,0.22777782,0.103763044,0.108905606,1.1414533,0.219885,0.892534,0.07374868,0.37858558,2.6804574,0.7546191,0.4391508,0.02253508,0.07680596,0.82598776,1.3475786,0.016071681,0.9852031,0.26242176,0.29266158,0.66768324,0.25599492,0.3905613,0.19695926,0.66833264,0.05988026,0.9930735,0.85056543,1.5473875,0.53113747,0.54261166,0.38649157,1.5174217,0.06722186,0.0437264,0.10065425,0.79179955,2.4272063,0.9937107,0.39185563,0.41500372,1.4445986,0.09419317,1.4803472,0.2969191,0.0053960606,0.11067106,0.21371561,0.22913845,2.6329212,0.4112446,1.50087,0.28123534,0.33587494,0.10621236,0.31804454,1.0243034,1.0059172,0.46847293,3.868248,0.0,0.8156471,0.37355652,0.065495715,2.1961212,0.25757304,0.39284772,0.13288787,0.678964,0.10989229,1.6649442,0.9932389,0.21397337,0.1542825,0.69056296,0.52350676,1.4204062,0.54911125,0.7388933,0.48106676,1.4202682,0.65357214,0.41068718,0.13801342,1.9732906,0.07332047,0.22252697,0.20332815,3.0746725,1.103614,0.94052535,0.47834653,1.4317709,0.6024787,1.069696,1.0810363,0.25630265,1.6918818,0.07522841,0.08492546,1.9466227,0.0,1.3412111,1.4687481,0.7150147,1.0475498,0.12814534,1.9289314,0.77902424,0.3579926,0.34383485,0.58388495,0.5061877,0.02137368,1.9079088,0.6687317,0.3785567,0.023147646,0.05375538,0.64572126,0.18843003,0.2192503,0.2047626,1.3357867,0.39925322,0.89112604,2.1914997,0.1364864,0.7820489,1.1005518,0.08966503,0.26129556,0.49080276,0.21274167,1.0741897,0.0331577,0.22995628,0.11518593,0.07009304,1.8112079,0.6461517,0.48176387,0.46049663,0.5550655,0.1217606,0.13159579,0.54902583,0.907471,0.58165896,1.1760601,0.7351949,1.646125,0.4048273,0.2124969,0.46647778,0.6144241,0.46766704,1.1076202,0.0009880157,1.10294,0.7126309,0.4944647,0.08578437,0.46035734,0.4410018,0.3420897,0.0,1.2415366,0.66147685,0.14202206,1.1963738,0.94970185,0.0,0.15453443,1.489619,0.17693928,0.24738498,0.45651606,0.09771923,0.36345163,0.7688337,0.015899627,2.1006439,0.41215718,0.2223417,0.32262745,0.90903425,0.12860453,1.2469827,0.4203349,2.537191,0.08192235,0.42192364,0.32359788,0.0635312,0.63115954,0.7637736,0.51715463,0.73660046,2.2040536,0.64873517,0.46003887,0.020948293,0.32277662,0.5550547,0.53211975,0.38897347,1.064216,0.6100312,1.2457954,0.57679164,0.5046557,0.7040868,0.01126031,1.0400057,0.00619278,1.6330904,0.68263686,0.4096367,0.7964976,0.22340482,0.090075724,0.6181099,0.027068228,1.5073702,3.661175,1.1422896,0.72204804,1.3188996,0.595985,0.5729337,0.16460578,0.28379455,2.648246,1.8705626,0.11357219,0.13722982,0.046304706,0.37167436,2.1985013,0.08940935,0.33043098,0.9196711,1.2988309,0.6009398,0.56923217,0.28135756,3.1609228,1.0172297,0.27300796,1.6128327,4.1121154,0.0,0.009641196,0.38610202,0.09852843,0.5562273,1.9549501,0.80582094,0.40992558,0.08425546,0.084345005,0.09314287,2.4013085,0.024133017,0.4792946,0.11521784,0.35573468,0.31381193,1.7088187,1.3342301,0.71961343,0.42010814,0.12097535,0.710665,0.9798556,0.12768553,0.9278834,0.04577782,0.33970115,0.77609986,0.13024448,1.0020826,0.9973603,0.25170064,0.6556957,0.41487783,2.1125412,0.9568693,0.07754432,0.8980124,1.9004972,0.19776092,0.20925029,0.09685095,0.19451106,0.0,0.012571391,0.029035326,1.5191398,1.4666842,0.12801026,0.09303322,0.18313013,0.47646007,3.09373,0.1984211,2.2968423,1.4236894,0.0,1.359995,1.4728624,0.41413411,1.1057969,0.0207582,1.8164805,0.83252853,0.1772753,0.8204029,0.31958687,0.029693916,5.495616,0.21044314,0.36316237,0.85802907,0.23544864,0.27771288,0.6820663,0.67182803,0.39011008,0.4350982,0.5008276,0.24227914,0.1912226,1.1944392,0.16570628,0.8295409,0.2171785,0.6162435,0.6715996,0.18966891,0.76815116,0.10371438,0.5846756,1.0456606,0.075939134,0.09737848,0.0,4.2396545,0.44261384,0.7403018,0.6264043,0.8557718,0.45868003,0.67534184,0.27292135,1.9151709,0.3742769,1.5164094,0.14815813,0.11383286,0.17366695,0.02337409,0.20438737,1.2394836,0.75774664,2.9602742,1.0949368,2.791316,1.1335626,0.06548391,1.5946229,0.07290863,1.1652756,0.15848558,0.35007352,1.0793984,0.52939785,0.37068102,0.04468235,0.048317987,1.591852,0.6200804,1.1403748,0.39776024,0.5028094,0.15434481,0.050320905,0.13188946,0.39378408,0.11601003,0.9960972,1.1729515,0.48581567,0.19540444,0.089648694,0.014798042,0.6376352,0.4416148,1.0791247,0.21874535,0.044928968,4.278542,0.33392492,0.37905404,2.6425334e-05,0.015058877,0.120016865,1.298812,0.14278215,0.14078362,1.4378353,1.3688045,0.0048164194,0.0736865,0.072304234,0.11966079,0.049071956,1.1178453,0.045757487,0.22034654,0.016045982,0.8257455,0.3766794,0.49182948,0.74272794,1.0808522,0.5268247,0.08013623,0.32369664,0.56410694,0.25836784,0.33441702,all_pothole_images\pothole_images_enhanced_364c09749050a7cfc2bec85c98f6e056.jpg
0.48363426,2.1179097,2.6998467,1.264421,0.26980767,0.7491234,1.6291525,2.3918507,0.1847338,1.8708458,0.24508953,1.6015139,0.16825615,1.363001,0.21136817,1.9225504,0.6133843,0.017366277,0.5139631,1.2078738,0.32801107,0.6190498,0.45388708,2.5566275,1.1029001,0.39465272,0.2780842,0.33556357,0.7177087,3.289661,0.43877068,0.02938703,0.6905055,3.3014967,0.9857925,0.76209545,1.5163754,0.26630893,0.7185641,1.5612577,0.5114532,1.9123888,0.15562913,0.30735022,1.101754,0.2493125,0.7444872,0.05996398,0.80677295,0.0688632,0.46215796,2.1258993,0.8241522,0.7136973,0.9136806,1.4024106,3.0092716,0.7363343,0.6469801,1.5814604,0.40564007,4.09758,1.0281624,0.34369603,0.2404796,0.08022714,0.12279601,0.6799479,0.0046251174,1.2155396,0.6040991,0.5468839,1.1232942,0.9741906,0.17463602,0.29509225,0.047620907,0.574399,0.019252498,0.93480486,0.31583166,1.7243378,0.4270091,3.395129,0.80018395,3.4678001,0.42072973,1.9126247,1.9790688,2.2764895,0.5172207,0.07494421,0.23456557,0.9511664,1.610191,0.19924697,0.91449696,0.44333345,0.77785796,0.45431918,0.821943,0.5573629,0.14234129,1.8342061,2.457571,0.97798806,0.984108,1.0771388,1.3533475,1.3554547,0.3697412,0.82543665,1.8968064,1.2616631,0.32784703,1.1078213,0.4548832,0.42166877,0.49264106,0.5720835,1.4316168,2.203809,0.70289665,0.024174908,0.10549601,0.06193908,1.2369207,0.24595712,1.2050571,0.2572623,1.8386834,2.8203807,1.3219825,0.8729271,3.7697017,0.2870613,0.031694856,1.7673703,0.06083606,0.10262372,0.950707,2.40552,0.34634873,1.558579,0.6814751,0.3884053,0.30217803,1.4631363,1.1501037,0.67260295,0.11165465,0.61010784,1.5265005,0.24954577,1.3701794,1.0511926,2.2308376,1.051857,0.22083044,0.08123929,0.4995139,0.109897085,0.25558215,4.1997585,2.7544656,0.48921272,0.5738399,0.14248557,1.0302775,0.15911111,0.13928908,0.7485485,0.5092735,0.46554035,1.8783606,0.09951712,0.4708945,0.17198768,0.002374778,0.6192428,0.84365666,0.1484829,1.6654022,3.4447408,2.2273273,0.025721364,0.4751249,2.86507,0.39315188,0.47190467,1.3655803,0.5000344,0.960509,1.7664027,0.18840799,0.4607413,0.6265346,1.6471349,1.8605266,1.249002,1.7831713,0.91485643,0.07173168,0.0397832,1.091834,0.55215955,0.13651346,0.0155569995,4.3244953,0.8387279,0.3952308,0.09181463,0.8289446,3.720656,0.70891786,0.002262787,1.4699551,1.2901052,0.8673935,0.704453,0.56383,0.14988437,1.4976374,0.36815196,3.9927647,0.4814244,1.1533701,0.12202568,1.5631115,0.0,1.5569302,0.83552986,0.87952024,1.5490909,0.8269313,2.4430156,0.9834455,0.17160837,0.0734919,2.4486368,0.52550584,0.38841313,1.4288813,0.29849425,0.87327075,0.5395698,0.5383513,0.16867088,1.5844926,2.4617615,1.6187426,0.9182104,0.2708342,1.359981,0.34526232,0.07695686,1.7582446,0.27351296,0.3588252,1.9738816,1.9499862,0.9816061,1.7899915,1.7238994,0.099187024,0.3448718,0.29159638,0.9510305,2.5082998,0.2073606,2.2949874,0.088076405,1.362463,0.06511293,0.07589098,0.43982676,0.16588245,2.5266843,0.016361803,0.08462522,0.18129504,0.59069353,1.2804872,0.83634835,1.3052248,0.0,0.8782445,1.5778288,0.085455075,0.014290846,0.72799873,0.11117536,1.6682309,2.196549,3.4782639,0.8032988,3.8182342,0.56319416,0.5696886,0.248178,0.2100419,0.09972257,0.23456585,1.0708055,3.7231863,1.0832388,0.17537352,0.008312449,0.4023243,0.0416057,0.0,1.2720555,2.377208,2.0375435,0.42982367,2.9555116,0.02657878,0.7559022,2.2927423,1.1257145,3.0387828,0.1441384,0.04364944,0.38336033,0.11928539,0.81735337,0.7446925,0.865942,1.451482,0.6364509,0.7422897,0.7949725,0.041506283,0.81466144,1.9380565,0.8105459,1.7080623,0.6800059,2.454768,0.7286651,2.029194,2.5469139,0.811547,1.9124863,1.0245031,0.09469039,0.82879484,1.4587661,0.0,0.8627688,0.048490483,0.3231139,1.1957203,1.3890078,1.4030472,0.014815509,0.9143889,0.09623227,0.21833862,0.72168916,1.3953813,0.82607144,0.040523544,1.2020396,0.6324427,0.69781697,0.3866946,0.37441215,1.5500214,1.6151451,0.6189195,0.06388242,0.5040194,0.5808136,2.0842328,0.074633785,1.6307145,0.47939575,1.0005658,1.3779593,1.2705594,0.3182288,0.059761386,0.34660065,1.8558197,0.32353532,4.4541574,5.5804367,0.42168787,2.2544646,0.0,0.17669895,0.19811891,0.32130453,0.42055827,6.1489606,0.21854292,0.79448307,3.9433787,0.84365296,0.6002927,0.35491475,1.4328359,1.7083638,0.048743643,0.55627704,0.13530098,1.8517954,0.5858687,1.3456868,0.29041728,0.10080476,1.1395893,4.0701985,0.7522263,0.7573486,1.3702937,2.5307002,0.39472383,1.0910461,0.067412,0.6789569,4.0652976,2.8337102,1.944281,1.7980762,1.2727154,0.2743663,2.613894,0.7577162,1.3234334,3.26255,0.02582514,0.7962271,0.21970323,2.7637572,1.3399292,0.6192166,2.7966745,0.38014975,1.3282813,0.40445942,0.75897455,0.11769832,0.49615562,1.4694476,1.5440124,0.23485744,0.014801534,0.6530222,0.07587043,0.31957415,1.5453385,0.24963427,0.74059343,0.6247206,2.0053265,0.05875222,0.8205013,0.43891808,0.10073442,0.67773795,0.30718714,0.1271016,0.83032537,0.82159805,0.09843869,0.0669117,0.06629594,2.3450234,0.85403174,0.4407296,2.7109838,0.46905977,0.96348584,0.21295938,1.2166265,0.80650127,0.5216133,0.6461365,2.8483288,1.785375,3.7489853,1.5579516,0.91115534,2.0194118,1.4521518,0.35081586,0.7169396,0.019921465,0.02721115,0.83213943,0.5352378,0.0,0.74180526,0.2859169,1.5397718,2.065251,0.40884012,0.8410805,0.45653152,2.3520808,0.022485724,0.21087006,0.65203273,1.7718315,0.00261633,2.5957887,2.3753314,0.76759034,2.8429723,0.88039273,all_pothole_images\pothole_images_enhanced_3662f67b27c45b54b3b7fe5b502b2322.jpg
0.3007602,2.1636856,0.24624544,1.3314829,0.9969577,0.13899733,1.077595,2.3904707,0.8809509,0.744616,0.19723819,0.5431097,0.18746799,0.84559196,0.03715102,1.4846257,0.78390795,0.18485256,0.8398479,0.39460364,0.9730182,1.069775,1.6556897,1.5621217,0.7948902,1.3449608,0.48861536,0.9507561,0.73701155,0.11669315,1.0189402,0.113534555,0.29783878,0.38999152,0.25925857,3.0132527,0.5133701,0.4408211,0.29674628,0.21360527,0.83432055,0.0046249027,0.12727322,0.3568992,2.053451,0.7680706,0.037484348,0.08295657,0.88390833,0.17311683,1.4543967,0.20774794,1.1430744,1.541056,2.623981,1.810199,1.1027328,0.38818982,2.083878,0.47390926,0.31204146,0.95015335,1.8738396,0.5677251,0.39862683,3.7226934,1.017851,0.58022034,1.9314989,0.70161486,1.6284547,1.5594479,0.8780399,0.011624348,1.26747,0.6348996,0.65558356,1.1572424,0.51978487,1.3460084,0.06780304,1.8243408,1.092897,1.0895027,0.5614864,1.3033262,0.13704267,0.035657633,1.5068051,0.24800837,0.04723465,1.1959484,0.6289834,0.848878,2.2555604,0.058668993,0.11132318,0.2234206,0.3217551,0.40753454,0.82571757,4.1525164,0.26946646,0.78962874,2.7344766,0.11775238,0.22027063,0.57480067,0.044848207,0.6239627,0.22942011,1.0473248,0.27273175,0.2102767,0.26205254,0.84485656,1.716658,0.044658326,2.6808808,0.19075121,0.692461,1.1466628,0.98041236,0.07761704,0.32114372,0.899729,0.23690593,0.99052,1.2388936,0.015624992,1.5809647,1.6383427,0.30631992,0.9228158,2.5319457,0.5156767,0.11466093,0.413415,0.43281168,1.8308077,0.3851404,0.5011725,1.2510967,0.78056985,0.1666273,1.4330556,0.9036868,0.020735193,2.334524,0.6660063,0.31203714,2.6430948,0.41399938,0.07793711,0.85215414,0.036850434,0.64237386,0.23376518,0.15988243,0.070502535,0.7670296,0.076986656,1.1480342,1.7651373,3.4948857,0.30813968,0.53613925,0.14421846,0.78096616,2.1358154,2.4776595,0.34351635,0.0,0.40605754,3.0949824,0.45336205,0.30774224,0.6523524,0.71318483,0.63179374,0.059401266,2.5771418,3.0988944,1.6859525,3.0069115,1.5502605,1.5670494,1.490049,0.44284368,0.78903997,1.8619304,0.4156116,0.07111393,3.0608768,0.5151199,1.1177665,0.8835486,0.42290282,0.12482333,1.3603929,1.1075855,0.33772698,0.4225926,0.9513046,0.40272358,0.38385072,0.8030459,0.16267928,1.0697242,0.17390558,0.1141763,0.41787216,0.27176437,0.9443161,0.12357904,0.6644774,0.42015332,0.13336211,0.8206356,1.9706117,0.75261444,0.9546042,0.54882747,0.6346359,0.13905928,0.16925229,1.7703611,0.7904705,0.4724091,0.45449853,0.02999326,0.0031964234,1.8077502,0.07389931,2.3382304,0.6752188,1.4356157,0.09357993,0.8103981,0.0013051203,0.3292764,0.9799048,0.5132942,0.35250387,1.1474332,0.29028884,1.1206685,0.297967,0.32239658,2.908829,1.9503344,1.8894024,2.8074243,0.29025638,0.7711917,0.36991426,1.4939556,0.8673943,0.1298844,2.3013575,0.8641434,0.46243125,3.599501,2.3333263,1.2260115,1.5239736,0.54090416,0.5215831,0.95187604,0.15597522,0.08806127,0.32291391,1.172404,0.1948376,0.332379,0.08813554,2.6167984,0.7487638,0.31683102,0.3492002,0.2191269,1.5321692,0.15643498,0.33783787,1.3506846,0.6615043,0.15220572,1.8727138,1.4977987,0.08319328,0.3857739,0.49744114,0.14341182,1.6475929,2.0440452,0.061631903,0.5303015,0.11445288,0.33511528,2.2000265,0.0011168931,0.9530467,0.40557495,0.48637927,2.0181537,1.7171842,1.0220755,0.8370062,0.3502543,0.3156273,0.05144234,0.26192784,1.747162,1.6337507,1.0571829,0.44205987,0.118855745,0.13045093,3.1597912,1.9679949,1.4059123,0.45398667,0.058688503,0.4483705,2.680008,1.8377553,0.6165739,0.24606584,0.259041,2.6398468,0.9562527,0.88856417,1.3930303,0.0,0.84515214,1.5079672,0.35016072,1.4769517,0.8260161,0.40921745,1.2806808,0.21014929,0.68259406,0.33510372,2.89663,1.0354428,0.42717743,0.037037004,0.3995574,0.58866096,0.72966594,0.27933386,0.26656282,2.468443,3.1336823,0.18380746,0.08578269,3.3356795,3.2113771,0.0046285302,0.0067388024,0.19522381,1.2903239,0.9816592,0.47947645,0.734535,0.813935,1.1399211,1.2795657,2.3228827,2.9310844,0.07571689,1.2151169,0.15769011,0.980273,0.5900463,0.115592234,0.30969992,0.9845559,0.5606921,1.5669792,3.6376173,0.25093004,1.6023434,2.5999222,1.2495143,3.8733187,4.357729,2.5356565,1.6725456,0.62507105,0.11593015,0.16067512,0.29572758,1.8829215,2.0263975,2.6081715,1.889711,0.77731574,0.062272962,0.73553336,1.0550472,0.25074142,1.3004559,0.15083052,1.2838311,0.39095756,2.6233988,0.17691259,0.27353096,0.06090892,0.047083814,0.759793,1.2785656,0.099494115,0.36297762,0.366309,0.4853651,0.31394657,0.72628736,0.44737986,0.6882763,1.0652384,2.8506327,1.3844304,0.20825824,0.438809,2.277955,1.1275066,1.1815253,1.0409048,0.8129546,0.27668622,1.2541912,0.9272433,0.8968397,0.52505964,1.3065777,1.6674489,1.4781475,2.4061203,0.0,0.61460346,0.2740031,0.9011671,0.67670035,0.46173275,0.036625367,1.9301647,1.3774312,1.4582328,0.29804948,0.51115435,0.13765626,1.4927359,0.7158354,0.01026994,0.23449506,0.9007531,0.43782088,1.570934,1.4046799,2.4223633,0.30738473,1.9994746,0.6126056,1.9371431,0.015061508,0.44516513,2.8501275,0.17063747,1.2580785,0.6760176,0.29741368,0.50279045,0.12807359,2.4307895,1.6664491,1.2608054,0.0,0.29670727,2.1958919,2.1596203,0.77440953,0.8214938,0.29518443,1.3445232,1.4069347,1.413331,0.038087375,1.4762166,2.2345922,0.09673453,0.037187994,1.2889553,0.4583915,0.2641192,0.17508316,1.0414052,1.7838736,0.72793967,1.2915909,1.2130685,0.23569885,0.5021507,0.5606288,0.4467541,1.3895602,0.11396241,0.9447989,1.3242742,0.33852223,all_pothole_images\pothole_images_enhanced_36f2a4af66589d72a911b5d18fa93fd4.jpg
0.17794469,0.41304272,0.121204026,1.5053006,0.65884244,0.108126014,0.02613377,0.21460198,0.12785546,1.1813525,0.208962,0.25492743,0.0,2.637094,0.10539382,0.21668698,0.2641061,1.5633832,0.76496637,0.31318313,0.7699521,0.95719045,0.28477085,0.09633221,0.6142374,1.3189567,0.99874985,3.1904032,0.4624433,0.0129103325,0.74113524,0.14539284,0.024060965,0.1444648,0.12928946,0.5706008,0.23937863,1.4301132,0.7464179,0.080187306,0.0060108155,0.0395303,0.63993526,4.074742,0.37902185,0.25192067,0.12763484,0.0,0.87556845,0.15820883,0.067641124,0.55240774,0.32659733,0.118816,0.061960384,0.65006244,2.4800808,0.12541175,0.0024570976,0.00041113974,0.21179767,0.11297415,0.9373557,0.43732584,0.8256459,0.13826005,0.19265635,0.13330056,0.021607652,0.1335413,0.102101296,0.4800207,0.18936862,0.0,0.35389712,0.13390717,0.02423866,0.83799416,0.0,0.08561612,0.039225966,0.2326923,0.50495565,1.633637,0.1997171,0.0,0.22856936,0.033782467,1.9997455,0.13688545,0.37737545,0.37053502,0.04324115,0.094474755,0.2337592,0.08164357,0.30071616,1.474359,0.8699468,0.38538143,0.25899747,1.4380796,0.061117467,0.0065213135,1.1314758,0.38045493,0.38126403,0.0066230856,0.62539953,0.15893297,0.0,0.33484477,0.21419342,0.03946359,0.10763586,0.0144647015,0.18376644,0.10765054,1.2671412,0.73455656,2.0328684,0.08802264,0.008735233,0.5978838,0.7849803,0.10856228,0.345696,0.35572916,0.6934265,0.03679962,0.0,0.010537529,0.045225322,0.100784495,0.6610609,0.088190615,0.11534569,0.133526,0.89193267,0.18659319,0.4342348,0.045803662,1.3640525,0.1303047,0.116618,0.14940709,0.28844494,0.12980144,0.37039348,0.10856632,0.38335204,0.17418057,0.0,0.67624646,1.9114758,0.48339197,0.14833502,0.08156567,0.97341794,0.25096607,1.0227796,1.4680247,0.43951347,1.2898214,0.38779706,0.0021176317,2.26231,0.022777347,1.2478862,1.7316631,0.101007245,0.12854232,0.19714953,0.005946031,0.3755587,0.025329607,0.30181685,0.18198499,0.2534396,0.030622553,0.0033915585,0.8836002,1.57662,0.39211178,0.289199,1.7493888,0.08638483,0.3951285,0.044167224,0.3472194,0.017340615,0.31854743,0.35264492,0.6459502,0.5910134,0.044666372,0.8615861,0.13147184,0.44209126,0.25963897,0.21901524,0.07970611,0.62946534,0.09024099,0.1868334,0.016252816,0.08032017,0.37547186,0.7661234,0.6015401,0.07501242,0.26791182,0.62700015,0.34702596,0.58583903,1.570249,0.1203291,0.15683511,0.06366544,0.921841,0.5384089,0.052854553,0.046037603,0.027004708,0.09950711,0.0,0.7054851,0.24077512,1.0684783,1.0292255,0.6388597,0.0,0.31641412,0.45241088,0.12331689,0.20830727,2.8950195,0.026367752,0.11447301,0.19827382,0.046335123,0.86094165,0.0668787,0.8984346,0.42020556,0.04354501,0.65372074,0.15780966,0.21906732,4.688087,1.4374633,0.25926086,0.0,0.60909563,0.293819,0.6915235,0.36166322,0.6740144,0.25162446,1.8475201,0.35764444,0.56814784,0.5115215,0.07524358,0.16702448,0.69900036,0.011750295,0.38656616,2.150252,0.0,0.0,0.054199856,0.6541688,0.0023320792,0.49355686,0.55436265,0.0,0.0020368998,0.009663673,0.11659403,2.2103744,0.17434095,0.44506505,0.1794788,0.2294932,0.79061437,0.8963873,0.18566182,0.60935396,0.011745041,0.004114604,0.23228064,0.0349199,0.5174856,0.39565828,1.0375912,0.1295165,0.65406424,0.2619958,2.073315,1.0869713,0.46945196,0.0,0.29987618,6.691508,0.029558392,0.011810582,0.0012950809,0.014674189,0.44790652,0.33112046,0.7931375,1.0676057,0.6142888,0.8772896,0.3292666,0.12259984,1.0834423,2.570391,0.42566758,0.4884621,0.09963859,0.46236396,0.0041874824,0.24022517,0.58250886,0.2516341,0.0118920505,0.28074378,0.22489694,1.1181154,0.0055143298,0.22463845,0.057769,0.91253763,0.08019165,2.1690106,1.1295605,0.2769912,0.06465349,0.095029086,0.16830984,1.7144531,0.42824695,0.57218385,0.5507198,0.0,0.3071646,0.15692583,0.34932575,0.9332215,0.54183096,0.36338755,0.26870665,0.15249655,0.27281797,0.012146085,0.6913662,0.0114596775,0.0057499115,0.00813978,0.26486042,0.99111694,0.5925344,0.31715488,0.3422101,0.5572869,0.04756583,0.0,0.14939252,0.55924606,0.09262337,0.8171967,0.004962737,0.270774,0.18669185,0.25517526,0.0,0.19368662,0.091977514,0.43936798,0.2153065,0.122923784,1.0507959,1.8443578,0.37349522,0.74897254,0.028891925,0.13095741,0.2936326,1.5405666,0.8911723,0.97579473,0.9197006,0.03304277,0.0,0.5834123,0.9304446,0.40228006,0.15391266,0.5352216,0.93897057,0.4754449,0.28459194,0.6190413,0.49813756,0.18622318,1.677816,0.6072266,0.043321393,0.2467022,0.34239632,0.33766493,0.37873527,0.07025373,0.32338312,0.12303144,0.23594694,0.32877338,0.0,1.6517974,0.0,0.28008887,0.88603276,1.5488853,0.7699961,0.8903858,0.26946703,0.0,0.5877838,0.23086786,0.22997043,0.017415904,0.31541958,0.21034719,1.2317593,0.14948739,0.6144681,0.36548886,0.0010433602,0.4829158,0.11652133,0.13236643,0.0,0.12532964,0.113094136,0.45442215,0.023094242,0.11538392,1.3577265,3.7436187,0.7137773,0.19850567,0.3734839,0.30619523,0.5832117,0.24068353,0.37494573,0.066482745,0.014278046,1.5032519,0.06324591,0.78893155,0.0016344296,0.2780469,0.018487899,0.050734248,0.011353087,0.4597888,0.21534744,0.17571223,0.1191702,0.019427426,0.044463754,0.71075046,0.32439893,0.48228404,0.756987,0.77962047,0.0020229756,0.3454019,0.9624795,0.48600903,0.05217414,0.3061791,0.005358205,0.09641813,0.08501721,0.9045591,0.0,0.14423482,0.5877275,0.0014119255,0.253581,0.024567977,0.0,0.10398302,0.86857885,0.15163952,0.33417207,0.18827645,3.6072536,0.305407,0.51387316,0.17829907,1.5284828,0.31054756,0.09771853,0.033971157,0.34364012,0.3729658,0.45376742,all_pothole_images\pothole_images_enhanced_37078c39f80b5774e48973817d0570ad.jpg
0.19178978,2.2437718,0.59835565,2.9497797,1.7580615,0.65674645,1.4937485,0.0040110415,0.67766124,1.1895396,0.5090512,0.1706767,0.30421308,6.476748,0.3653042,2.521396,0.6898392,0.7595579,1.7707665,1.0969927,2.3437428,2.0065596,1.3414141,0.32877335,1.5516846,1.7324744,1.6935023,2.8101494,0.5405379,0.5677607,0.61727625,1.4069501,0.48085275,0.893047,0.3286921,0.8682982,0.07691239,0.99196994,0.19266662,0.22513895,0.6627303,0.72729445,1.4121907,3.520688,0.4763558,0.31381765,0.0,0.11061187,0.54403776,0.7350319,0.7340111,0.6672648,0.21169199,0.89480704,0.5669115,1.081666,1.6318723,0.027791364,1.7173599,0.41293228,1.1191305,1.2471241,0.7992209,0.3332291,0.9130272,1.049483,0.8419335,0.10108707,0.2588074,0.057730928,0.9690122,0.7108841,0.29937133,0.3972288,0.5218795,0.47114375,0.8580834,1.8445022,0.6202281,0.5730784,0.2597644,0.055281498,1.017005,0.59186524,0.23734516,1.6371176,0.9480286,0.03504641,3.5987585,0.8059106,0.3383645,0.41561863,0.64039344,0.6929399,1.4485804,0.014238612,0.88499415,1.0301301,0.86359894,2.2853994,0.027636468,2.4960678,0.4746387,0.14737235,0.91831875,0.6018445,0.36713564,0.124235,0.12025229,0.55931085,0.35056868,2.1836734,0.41359818,0.055857424,0.41047096,0.70450443,0.7600065,0.06817931,3.1161342,0.25335884,0.097996935,0.41047886,0.58953744,1.2369493,1.8759923,0.6301656,1.1235627,0.3142838,0.26606953,0.70350426,0.74324846,0.047847427,1.1585109,1.1481644,0.33906546,0.452573,1.001788,0.4499377,2.2007847,0.4255844,0.48085722,0.113120474,0.4715956,0.92707837,0.10366993,0.5779243,0.19982375,0.08522956,0.25753027,1.7737153,1.1250777,0.8231702,0.118997514,0.8836836,1.2524303,0.79552543,0.61300516,0.24309604,1.2161293,0.58111125,0.6211828,4.220456,1.0062332,1.9784803,0.88214374,1.8020338,2.5057392,0.64953256,3.38588,1.5028242,1.1809131,0.39804828,0.48745614,1.4457954,0.9679945,0.066778146,0.98235834,0.51199424,0.47776675,0.44268155,0.15856367,2.4198086,1.9927586,0.4100476,0.9413776,0.33257097,1.5902151,2.582368,0.184383,1.9405146,0.9893902,0.82370603,0.0703103,0.39702573,1.042959,0.5361084,2.877792,0.93399686,0.6031953,0.30173084,0.36989734,0.8919321,1.6559647,0.22615795,0.5559856,1.0939695,0.25217667,0.45541373,0.12608843,0.6230043,0.028448176,0.10909219,2.1247675,1.3131559,1.0772399,1.1776457,0.8491129,0.00996013,1.289795,0.623171,1.5061194,0.05674084,0.30254838,1.3213295,0.5873563,0.5067803,0.869497,0.5296315,0.24308792,0.3105814,0.15728575,0.42286345,0.67925906,0.6564083,0.3060116,1.0428119,1.4429631,0.32861382,0.021267124,0.7390535,0.5060416,1.358319,1.260746,0.57103866,0.43159056,0.22969322,1.6456112,0.30121782,1.7962779,4.0698504,2.707226,1.2391119,0.2715499,0.9063882,0.8651828,1.0211209,0.36528733,2.1606183,1.7998027,2.5592785,0.26179364,1.8011898,0.3112028,0.9988979,0.14483461,0.18438224,0.69446623,1.2473866,3.0326686,0.7000987,0.5843432,0.0,1.341438,0.26038203,0.6831709,1.7458433,0.13543907,0.72406846,1.9906607,0.341993,0.48838034,0.92427367,0.027885264,1.8817269,1.4097147,0.79785824,0.69823253,1.0571202,1.3807477,0.37159023,0.049045693,1.6864281,0.44055712,0.5639645,0.68705297,0.63072765,0.9613491,0.95153457,0.9854065,1.6446029,0.7760131,1.7950107,0.20547557,0.4992292,3.807995,0.51043594,1.3947672,0.24081062,0.9128867,1.0944564,1.0460776,1.3026177,2.6814995,0.78891784,0.25178584,1.1673309,1.2545518,0.64282024,3.5509026,0.11854496,0.008295088,1.3260498,0.14793329,1.5755241,1.1955966,1.0709229,0.46065745,0.7462032,0.30546558,2.0412972,0.47275466,0.83169305,0.34284547,0.9550804,0.23174143,0.75225353,2.9647608,2.7999055,0.17881498,1.684154,1.0508195,0.84687155,1.4203929,1.6542493,1.7717792,0.1018427,0.10020144,0.36952952,0.66104186,0.47705412,1.7789576,0.51243806,1.3179637,0.7556783,1.0895543,0.15993054,0.46170712,0.5527774,0.4997061,1.8398948,0.4145451,0.12178373,1.1047843,1.9872184,0.37226042,0.2601011,1.2203108,2.1772468,0.008407446,0.8455879,1.2374544,0.4189109,0.37211588,0.27225825,0.14602318,1.175907,0.1392821,0.32196623,0.11648147,0.11489088,1.0149498,0.72333694,0.48699304,0.6439765,1.6250458,0.48367703,2.3690574,0.06519039,0.29018298,2.8145742,1.2575701,0.2953273,0.10934477,0.5316436,0.63738346,0.043955132,0.13710059,0.071676664,1.313162,0.015178016,0.92563206,0.26901934,0.05963162,1.4701207,0.6066526,0.4615851,1.4874966,0.49406153,0.27967262,0.81483537,0.18412879,0.84557885,1.1446462,1.0110465,0.1165091,0.22019987,0.6572851,1.104351,0.2529481,0.57100487,2.028701,0.37667236,0.63698554,1.8304988,1.6780885,0.10573915,0.704089,2.067783,0.546539,2.1341715,1.2534924,0.49532726,0.83248544,0.29061165,0.47540927,2.059532,0.6844036,0.560406,0.41323283,0.21275756,0.9238715,1.3174778,0.21574773,0.1426672,0.62781304,0.68229914,1.7999827,1.90898,0.38067198,0.6612269,1.8904263,0.61595255,0.5034328,0.14013934,1.5855393,0.68752176,1.7849202,0.6296557,1.2532663,0.41880152,0.6237422,0.25244197,1.2187116,0.052109852,0.44186503,1.9949346,1.2471422,0.06492249,0.78092885,0.13483216,0.6339178,1.621535,0.9153084,0.041695524,1.6115221,0.32826805,0.6222944,0.7367988,1.5814195,0.09514962,0.7290756,1.7272763,1.0458754,0.268982,0.12967092,0.5704605,1.4831431,0.6089011,0.9821995,0.20845643,0.36285475,3.2236958,0.14468643,1.3720344,0.031952355,0.18161349,0.18792166,0.50394094,0.2727659,0.32004783,1.3387766,1.131842,0.25312817,1.9759454,1.7021226,0.46388516,0.7218838,0.3043081,0.24996784,0.6702983,0.08608239,1.0700527,all_pothole_images\pothole_images_enhanced_374df62ae7527086526f51ae37bddfda.jpg
1.2945877,1.3123748,0.738835,1.1840553,1.0167195,0.7516127,0.23283845,1.592538,0.033197075,0.45830628,1.550255,1.289008,0.13885316,0.8326836,0.37951246,0.46961048,0.6686672,0.21580252,1.3656812,1.5201753,0.24923226,0.4257799,0.99443704,1.2676818,0.40696225,0.15855408,0.3096212,1.3029007,0.29960737,0.99300003,0.4207455,0.009683536,0.9254508,0.81928587,0.8246639,0.5153854,1.4204048,0.25647604,1.2731347,0.09973832,1.0252466,0.6315507,0.23090868,1.3476155,3.3101757,0.016898822,0.51546526,0.036921658,1.9588906,0.29512483,0.6227206,0.88357633,0.785298,0.6662736,0.2934488,0.35090402,3.5405807,0.5929713,0.5851544,2.5886931,0.016634963,0.06929695,2.1481874,0.57847464,1.1050743,0.23028941,1.2910889,0.733547,3.2953568,0.8290948,3.573931,0.3513284,1.2833935,0.14548938,0.847185,1.1766995,0.48156664,1.579597,0.31761867,3.4150004,0.12151541,2.6678438,0.47496304,3.0672383,0.35589364,1.7858716,1.8004844,0.9022798,3.07314,1.9039195,0.66265595,3.2883193,0.37748802,0.4886686,0.012613064,2.201964,0.45171076,1.6625652,1.243392,0.6826624,0.42088372,1.7621655,0.2812815,0.42170358,1.0273132,1.2736285,3.8915205,0.26346135,3.2087991,1.4198611,0.19383709,0.88853765,1.096052,0.7540035,0.16634934,0.5618561,1.0907658,1.3575476,0.92037773,1.3029939,1.3785021,0.49095833,0.79781723,0.24408679,0.6812236,0.84897614,0.52910596,0.56577474,0.6388817,0.7812595,0.4897824,0.70303994,2.1502233,1.7787653,0.4035151,1.8597494,0.5454578,0.071389295,1.8585919,0.25998726,1.060711,2.0612202,0.77770644,0.56248176,0.55687624,1.0229211,0.2567893,0.74126697,0.2966941,0.5719226,0.12803236,1.3881409,2.320343,0.083216265,2.7260723,1.7916648,1.1235161,0.8754819,0.18682024,0.15475687,0.7493114,0.05206145,0.8241961,6.10397,4.5311084,0.012748201,1.090104,0.35634416,0.7084783,0.09643143,0.71278894,0.19778925,3.1368077,0.7464163,2.5271018,0.44257003,0.4816052,0.45321533,0.009816763,0.5522306,0.0580376,1.0813105,2.682954,1.2287518,1.2358899,0.15701653,1.3703704,0.50835824,0.098146945,1.1716735,1.5403514,0.16632572,1.6947118,2.0450938,0.48274294,0.5397615,0.08622602,0.2195476,0.049340535,0.9657695,1.0940793,0.9190534,0.77003485,0.19265293,1.6935792,0.9056563,1.3366435,0.008354815,0.36820516,0.77355427,0.96922225,0.85660785,0.71345854,1.0793632,0.9894359,0.58752275,0.28255048,0.006309399,0.5182687,1.4546098,0.8814736,3.1556807,0.27369907,0.5609062,0.8681151,0.42976442,0.44514152,1.1564832,1.1007897,0.61903304,1.0622513,0.27952936,0.6589519,0.16312806,1.8500845,0.17477128,1.278232,0.05632347,0.03868141,1.5999503,2.2594898,0.931189,0.2961445,0.12520309,0.54611963,0.00025362836,1.4439332,0.093759604,0.026839975,0.75416577,0.11858734,1.552237,0.43221173,1.2740858,0.47590283,0.21753338,1.0254637,1.6314974,0.61984277,1.1633314,0.34832126,1.989951,1.247303,0.12042124,0.65390474,0.4784516,0.0046693683,1.0290992,1.2367076,0.048863593,3.8574374,0.087849595,1.2699505,1.6990967,0.1273788,0.7820861,0.86314684,1.2883039,0.011688901,0.93026936,0.30964404,0.6455078,0.4336898,2.473592,1.417153,0.5806463,1.147379,0.53197324,3.1486917,2.2764583,0.43021944,0.026295481,0.31284788,2.1971633,2.2296836,1.7159028,1.6292243,0.31621456,1.1266887,0.13854657,0.04095974,0.03174735,0.3298929,0.6426008,4.8528447,1.390001,0.2002797,1.2903525,0.557031,1.2080404,0.3758995,0.7581787,2.8360534,0.5658872,0.5542171,0.33732352,0.23752013,0.6451513,0.17972803,0.9396319,0.75100917,0.91093326,0.5340407,0.0,0.7877864,0.8143094,1.5349993,1.0471294,1.3723968,1.2370274,1.8487885,2.1265037,0.5508796,0.398914,0.2631089,0.012368012,0.38507402,0.06767664,0.89726055,0.40997252,0.17018954,2.6783817,0.51202756,0.33812675,0.70700264,0.105114214,0.2418439,1.1096328,0.017412702,0.8057306,0.0867003,0.0859129,0.17918009,1.419094,1.0083734,0.13791996,2.2168944,0.8913641,0.28753147,0.31869125,0.49342856,2.7830927,1.1786572,0.916545,0.31726512,0.9128876,1.318735,0.8653606,0.5615145,1.405662,1.1301003,0.33456597,0.037034452,0.4206276,0.4671621,0.4698315,0.4732579,0.50699663,0.050651707,1.278996,0.8253065,0.05532709,0.48263985,2.0580468,1.6165899,0.5334522,2.8978531,1.0226803,1.434432,1.8530017,1.7344863,1.2095604,0.9430006,0.17416514,0.5016159,0.30952337,0.1465719,1.8518438,0.20900391,0.41541216,1.9417539,3.5104556,0.23597504,1.8563055,0.16198865,0.6101742,1.4064672,1.2441591,0.21290825,2.9107585,0.29850698,0.18648213,0.23165804,1.5412672,0.13630246,0.25341156,0.3337431,1.067325,1.2865893,0.52583665,0.81477535,1.2311808,2.926032,0.73953074,2.4185088,0.5435285,0.45826688,0.43869433,0.714768,1.4699663,2.2188184,0.83624727,0.48892048,2.4102316,0.7939945,2.1616876,1.3773335,1.5256883,0.6376394,1.242352,1.2155252,0.19360666,0.8898678,0.17091513,0.5729647,0.577896,0.8544178,0.5813289,0.7479815,2.031432,0.53388757,0.23020302,0.20954189,0.9052704,0.37725577,2.2641704,1.2425207,1.2670431,1.5349001,0.45188305,1.5732325,0.57546514,0.494579,0.95370495,0.3695651,0.944291,0.28095877,0.028895516,1.2081915,0.53227425,1.2916752,0.09644853,0.9183261,0.4718726,0.38128164,1.3397772,0.8752481,0.07673438,0.7318724,0.23776513,0.63126487,4.1821194,0.16802368,0.056090735,0.5083909,0.45075092,0.37141362,3.1636415,0.00082139653,0.400383,0.57326496,0.816916,0.43318206,0.6021628,0.50952744,0.92535055,2.2888837,0.66405845,1.1006545,1.4729534,0.08482186,2.5149255,0.009322934,0.4414089,1.2735868,0.34792683,0.0,1.9844735,1.0142486,1.3852674,2.910198,1.3604296,all_pothole_images\pothole_images_enhanced_375b28dfea087f3bea44e2f249371ca1.jpg
1.892678,2.3503556,1.5819505,0.26506105,0.21808931,0.5970873,0.32635298,0.43907452,0.5955601,0.7913606,0.25464377,0.019120514,0.4709445,1.3092237,0.045409318,0.8999219,0.8159966,1.0359784,0.025865192,0.99947464,1.1703613,2.6468704,0.4856411,0.3517161,0.43279204,0.87717247,1.0578008,1.0439283,0.05865093,1.2502812,0.20405048,0.19173324,1.1593791,0.012300676,0.2123243,0.01714944,1.2918946,1.3927035,0.2636493,0.13728903,0.6561361,1.6119131,0.27280042,0.4608559,0.64882046,0.61605763,0.017196339,0.022236014,0.8581691,0.32223135,0.90549624,0.14212579,0.89323455,0.07977155,0.12122823,0.28364626,1.0782204,0.043146238,0.03544777,1.0684764,0.15649989,0.3454926,3.2796052,1.4036674,1.8596907,0.6097051,0.18114576,0.10995068,0.005251159,0.14952426,0.10909751,1.0050117,0.21277092,0.484441,0.27610245,0.04209189,0.4479162,1.1040517,0.23810267,0.0671302,0.7993902,0.05399886,0.0046798615,2.174719,0.026722113,0.117661536,0.3672112,0.16268419,2.4991837,0.0064541297,0.7132435,0.71989214,0.79833424,1.376694,0.0151409125,0.014606687,0.43029356,0.5324567,0.89856976,1.2370892,0.61393744,1.5370953,0.38828486,0.15852597,0.0007376555,0.035218738,0.02685352,0.13372836,0.10601909,0.34224656,1.3267628,1.0688552,0.65747684,0.0949599,0.095793314,1.8029581,2.8612819,0.38686255,0.59434325,0.27007458,0.49829662,0.08203024,3.9229624,0.5933397,0.30015138,0.1233709,0.28435367,1.7030123,2.7308862,0.57784563,0.44119954,0.80013263,0.3049678,0.37663013,0.8837203,0.07444331,0.36963463,0.13094413,2.853259,0.9618075,1.9864533,0.53774893,0.51791924,4.0161743,0.5051128,0.5356913,0.78570825,0.17028111,0.3024237,0.9797019,0.35936996,0.5836912,0.11287215,0.57753795,1.5522832,0.51522255,0.76994455,0.39340776,1.2849234,0.109714665,0.5491051,0.12051839,0.3282749,2.5047736,0.4544318,0.12815699,1.7400863,3.9628422,0.45060378,0.13901162,0.5625109,0.0062939315,1.3254955,0.85864586,0.6795898,0.22516654,3.7970922,0.3302778,0.24864317,1.6575065,0.90180993,0.18962735,1.7859011,0.19309464,2.3046377,0.3091505,1.4436927,0.43783137,0.108597405,0.004693755,0.7900051,0.33200428,0.5376214,0.2365859,0.1420121,0.99619937,0.12809184,0.64849645,0.31747553,0.3437288,0.053348698,0.5395755,0.6384393,0.16466475,0.5851491,2.8068147,0.25963348,1.5359626,0.37645105,0.31182036,0.6822305,0.0,1.0076084,2.1741114,0.60752857,0.64458627,0.29779097,0.3091101,0.86741203,0.16078603,1.0038195,0.003797569,1.6184351,1.0647247,0.0,0.7964583,1.8361981,0.0444627,0.88773453,0.047180686,0.47193277,0.52805674,0.08987434,1.395365,0.054060373,1.2276886,1.4959414,0.96703666,0.07558946,0.20638838,0.8560952,0.04835957,0.32176164,0.40599406,0.5334311,0.21154137,1.2648962,0.28370196,0.32840836,1.3725932,1.692524,0.056636684,0.044449825,0.86293775,0.1264602,0.2175182,1.225992,0.45736203,0.93983865,1.5791,1.6436108,0.87155354,1.2191584,0.011180594,0.32910934,0.10508874,0.11021869,0.50081164,0.5164486,4.180647,0.017471094,0.109769575,0.034238406,0.23275937,0.13713467,0.7765295,0.97585636,1.3628774,3.3516617,0.13528326,1.1070879,1.0776408,0.40204644,0.17541072,0.5823207,0.15420343,0.10156612,1.5549537,1.2331489,1.0779172,0.036423776,0.3947613,0.8316557,0.2634265,0.3099668,0.28927115,1.1933076,0.5942337,0.28834343,0.699998,0.49088147,0.21436259,0.09214493,1.3188626,3.798983,0.027068138,0.30935568,0.73954225,1.0657634,0.007635117,0.27255973,0.63945323,3.1763866,0.56783485,0.02005447,0.12997189,1.2246788,0.8287484,1.3637673,0.25843215,0.01564796,0.008469383,0.085432224,0.8380706,0.28277865,0.3780417,2.2580092,1.2223583,1.1545804,1.7964655,2.4939935,0.5455686,0.016435696,2.259837,1.0860742,0.46674657,1.2501955,0.7675845,0.29267356,0.0052135256,1.2896571,0.21230008,0.3955175,0.0,0.9370738,0.2046654,0.081598975,0.75774485,2.7801788,0.5069173,0.35345393,0.6685018,0.059828795,0.14290862,0.6064139,0.055478763,2.3738801,0.4245312,0.0081626335,0.44434333,0.32890382,0.17530996,0.012155956,0.26809832,0.055067323,0.6960309,1.6106079,1.3352101,0.32621655,0.24015522,0.86524403,0.29912695,1.0813634,0.023251917,0.056945547,0.69197476,0.03435035,1.7656058,0.13500899,0.30539846,0.13464123,0.0,0.8598891,1.2081885,3.4173272,0.26056919,3.677484,1.0060446,0.041195273,1.695778,0.46443328,0.6525335,1.0720664,0.24246016,0.28294447,1.0326183,0.17843401,0.8496565,0.0026667872,0.2528746,2.5708203,0.34379455,1.0376792,2.5571642,0.53703046,0.060166854,0.85167617,0.6070239,1.3390285,1.1207887,0.006423132,0.7243565,0.91176206,1.4820462,0.77664673,0.305018,0.0037471426,1.7253985,0.039504282,0.7747345,0.8720126,0.5528199,0.48114574,0.31713653,1.2062597,0.8567684,0.27712157,4.5558643,0.65148365,0.21648295,0.5370642,0.14260523,0.10948523,0.07552306,0.8369139,1.0751953,0.68588305,1.0130699,0.022221336,0.4980798,0.610999,0.106870726,0.081705764,0.36873806,0.57439876,0.53709984,2.979551,0.27720666,0.92388296,0.028206158,0.6466049,0.9125769,0.74231774,0.32182628,0.48191467,0.02576581,1.7980453,0.3245956,0.18340866,0.0142410165,1.5228676,1.624452,0.5954185,0.43640867,1.6946541,0.11623772,0.023870518,0.36137402,0.061034407,0.31013864,0.32778287,0.6247996,1.0535982,1.6795284,0.38178754,0.015475453,0.2753601,0.39963076,0.6483589,1.0652668,0.10752284,1.4270523,0.032299247,1.0335151,0.05989848,0.57089436,0.17346194,0.15637329,0.03243056,0.80975604,0.20673588,0.14268999,0.6034014,0.9113824,0.18768027,0.24700941,0.41741505,0.28796715,0.09818383,0.011023554,0.7871424,1.0559943,0.0953835,1.4330754,0.14622185,0.27930263,0.36915118,0.20184739,0.08207013,0.7630041,0.4887836,0.19846696,all_pothole_images\pothole_images_enhanced_37a0d21595eee9f16637fe244625d068.jpg
0.07553574,0.2512354,0.14952299,2.0163388,0.73797184,0.04403315,1.4555985,0.018960899,0.9916805,0.39834258,0.36502916,0.11062239,0.31685275,0.5343173,0.08240393,0.7359999,0.0009750667,3.2897687,2.0440114,0.52412784,1.1818031,0.27739993,1.9608101,1.6794387,1.6185074,0.3499981,0.4487067,2.7801201,0.023108188,0.109425806,0.00890848,0.042557634,0.29295936,1.2666355,0.2939034,2.2145514,0.42899704,0.059931558,0.4752407,0.3671805,0.13495098,0.6630287,0.0783338,0.67497617,0.33807507,1.0210059,0.9829013,0.623764,0.47835517,0.93917084,1.2796878,1.0158722,0.34784824,0.25945687,0.48445517,2.5265121,0.9068499,0.8812631,0.3385412,0.60596395,0.9023412,0.075392745,0.12586027,0.34662858,1.6475911,1.8883499,0.74555206,0.29943302,0.33576247,1.1258186,0.08244085,0.15468752,0.1945071,0.0,0.32227746,0.01642567,0.15699577,1.7241924,0.061749466,0.2708239,0.0,0.74386424,0.63669723,0.44007033,0.8188869,0.016485348,0.011144755,0.14311007,1.3302093,0.06576497,0.6198283,0.8977678,0.0674024,0.0834263,0.2627864,0.014754369,0.60576236,0.8152257,0.0,0.19953641,0.16141088,3.7468486,0.47012004,0.00220459,1.8999454,0.75732857,1.0529481,0.08688451,0.03869425,1.4637152,0.736994,0.53454,0.32999063,0.8868478,1.0092536,0.7852413,0.10777148,0.3675591,2.5890882,0.52987784,0.5725422,0.26519054,0.34014478,1.1761678,0.8519949,1.5332392,0.02685436,0.04922128,0.07286242,0.05146589,1.3266511,0.12702431,0.20336904,0.22350726,0.05483823,1.2756064,0.012787919,0.22480947,0.0726678,0.15930337,1.1992507,0.1978086,0.27389985,0.8861628,0.005486606,0.21471955,0.0006568717,1.014112,0.32692847,0.21657671,0.070949845,0.33581904,0.0932801,0.08100987,2.0325139,0.91734374,0.6101319,1.4726123,0.20895088,0.9359884,2.2747135,2.3036885,0.07610757,1.0374218,0.3664069,1.0678853,0.4995573,0.07025963,0.8866125,3.608529,0.9529467,0.0,0.004002255,1.6184975,0.007202152,0.18452291,0.0,0.0,0.0569197,0.018266797,0.11427546,1.9660591,0.61316764,0.5774424,1.7876482,0.009524603,0.45079157,0.12767443,0.21164614,1.1991607,0.6831663,0.0019744367,1.2087471,0.23515788,0.2986659,0.7072561,1.6412817,0.26754966,0.66581,0.09659968,0.031508803,0.48866215,0.20596014,0.24817456,0.0739961,0.45912164,0.20147626,0.12108978,0.5692178,1.4657894,0.0437305,0.04568026,1.2029207,0.04593378,0.93618906,1.2861826,0.69945675,1.0502766,0.0115671195,0.38237068,0.58076006,0.1715323,1.0798463,0.36768684,0.0,0.015146809,1.0621971,0.010006548,2.8041668,0.01895185,0.16019583,0.31394324,2.2660964,0.1832915,1.6524384,0.015362672,0.22696456,0.032094713,0.09110817,0.3669876,1.0080928,0.014876077,0.26530623,0.1370891,0.07790103,0.10494551,0.2663141,0.08712426,0.30223325,5.9200215,1.0594976,0.652267,0.028323455,0.12895682,0.02830143,1.2166724,0.75043243,0.44825083,0.4489538,1.4803469,0.59125775,0.3111021,0.27071825,1.619634,0.02089234,0.24494244,1.9386045,0.2793106,0.6888072,0.21619771,0.7441106,0.017238853,0.29318184,0.6443127,0.85973406,1.0191057,0.035203874,0.1127472,0.9186778,0.51293033,0.46263084,1.1651525,0.4433884,0.010662377,0.0133305555,0.1251665,0.17099592,0.22153646,2.3056767,0.12356346,0.25200233,1.1188099,0.0,1.3479335,0.5671253,0.17480093,0.36293784,0.014267739,0.13339286,3.4946618,0.31316,0.20021579,0.21872567,0.026859341,2.4269,0.14303233,0.03378229,0.063276045,0.7467852,1.1432301,1.2430263,0.549719,0.74845314,3.4721763,1.0818868,0.40906352,0.008934507,0.95243925,8.014056,0.14575183,0.48957607,0.17601089,0.13759519,0.08066889,1.1927425,0.98651165,0.63531524,0.15083818,0.2014596,0.0,0.7841823,0.0,0.45116928,0.74791753,0.05841218,0.0080809295,2.4889932,0.89954174,0.102476895,1.541692,0.6617643,0.0,2.541305,1.8583977,0.8734246,0.004577571,0.37931627,0.30137932,0.05373621,0.199808,0.1686759,0.1236485,0.23760736,0.3646206,0.0011206627,0.26779988,0.28982404,2.6623275,0.70428956,0.08683551,1.8110069,0.38883355,1.0668579,0.0002980648,0.038751397,0.019354153,0.16491374,1.291624,0.40112036,0.5907855,1.0939617,0.34438935,1.4734757,0.8475488,0.78589463,0.22993396,0.11955125,0.26053697,0.6107997,0.35148203,1.9160255,0.0,0.15935355,0.6616212,0.21697937,0.016335027,3.0476933,0.40406165,0.33589402,0.9802632,0.4380825,0.111320525,0.022593206,0.51770693,0.048788376,0.0081667965,0.92076796,0.08735962,0.8545866,0.27051094,0.5433083,1.7399328,0.056963068,0.37069032,0.42620218,0.0017004118,0.19434434,1.0444417,1.7402582,0.13799329,0.006306257,0.84025604,0.19630992,0.8382124,0.30572325,0.469472,1.4008689,0.3155227,1.2495338,0.028813843,1.3426769,1.484478,0.110821694,1.5241716,2.1227553,1.6324836,0.12937945,0.16751927,0.055766042,0.0,0.89950305,0.29467368,0.106862195,0.6845592,1.240069,0.22888432,1.4325485,0.08662037,0.2560712,0.046747867,0.64129436,0.0014697597,0.06271943,0.08532189,0.008010509,0.30735645,0.19027159,0.57079214,0.16587341,2.122613,2.1585655,0.079179585,0.94972163,0.06299303,1.8231984,0.5860016,0.02041,0.028830921,0.59348387,1.3520589,3.465708,0.120686196,1.573762,0.37917912,0.18492578,0.004152967,0.030442933,0.3249761,0.65868986,0.8846148,0.78833705,2.1801324,0.0,0.17955211,2.039452,0.27023917,0.0032516564,0.74861,1.1228237,0.0819395,0.43464464,0.3249867,1.9528617,1.0105587,0.5881373,0.372473,0.9103392,0.21577609,0.9978491,0.48519033,0.36884916,1.3346303,0.39697093,0.118107125,0.0,0.35923934,0.12524045,0.06421366,0.7723283,0.097567126,2.6799572,1.6543825,0.6671622,0.4190134,0.0,1.3622106,1.0354432,0.5206078,0.5140368,0.23710138,0.015355883,0.3071347,all_pothole_images\pothole_images_enhanced_37ac98072812d1ff46dc9f4e9145b55c.jpg
0.41843238,0.9925518,1.6892152,0.93872553,2.0628753,0.30954155,1.2583715,1.1699407,0.025820537,1.0950354,0.3695009,0.13877447,0.7036317,3.483512,0.3637014,0.088402696,1.3024065,0.85072094,0.2677141,0.18541266,0.35153845,1.3033702,1.0442451,1.230958,0.45876896,1.3420192,0.4941146,1.2940134,0.49587265,0.092447996,0.12523587,0.15745756,3.0210977,0.41484874,0.35527223,0.7842432,0.51287436,1.4431566,0.08067284,0.019302705,0.3496168,0.9994132,1.5849488,0.8927148,0.96311015,1.4608729,0.7476819,0.0,0.2728796,1.2878414,1.516378,0.7836737,0.37270144,0.0495306,0.11074728,0.556344,1.2062792,0.05983913,0.5640553,1.0053482,0.13919021,0.4975293,1.2237657,0.2117002,2.8233566,0.9024166,0.87741774,0.20077129,0.573373,0.25822118,0.63307506,0.12527192,0.38357532,0.06626162,0.6967964,0.0946057,0.315364,1.7642915,0.36306894,0.015337581,1.1014493,0.39515787,0.067115635,0.3499998,0.4276784,0.26073962,0.08581801,0.6818197,1.414054,0.12755807,0.26758862,1.6304069,0.70659566,0.055050235,0.114718646,0.35904312,0.5136911,0.5429762,0.37410438,3.0215652,0.04876038,3.5661418,0.08381806,0.8326359,0.5853025,0.5802579,1.4446273,1.0028841,0.45444733,0.19917616,0.4312676,0.27558964,1.5562414,1.0197425,0.9594603,1.6448843,1.7143012,0.43993378,1.3573594,1.8092669,0.14653943,0.19239807,3.5291896,1.5115342,0.011718171,0.25576618,0.316496,2.0743914,2.2605753,1.6857219,0.8361548,0.6105671,0.21124099,0.9814248,0.40568036,1.6134468,0.38591728,1.0864685,2.5323634,1.2780733,1.431621,0.3505355,0.15338598,3.2609239,0.73368984,1.3259679,0.34875488,0.55438256,0.07195961,0.7221193,1.0684446,0.37993488,0.19763407,0.6625735,2.239133,1.4216467,1.667184,0.65300196,0.394632,0.77547127,2.4177277,0.44236872,0.19140075,0.45858982,0.49668851,0.0021200324,0.27496597,3.3432832,0.97776294,0.1566658,0.5848578,0.007710173,0.22329064,0.29911977,0.07559534,0.7400754,3.818016,0.74791044,0.12657009,0.5284923,0.23759718,1.3057617,1.1306393,0.61942315,1.7372962,0.3831204,1.2004535,0.5191851,0.021228034,0.12329383,0.28022838,0.29419997,1.2740988,1.6791047,0.27867392,0.9454239,1.8182254,0.8476301,0.5722785,1.2731701,0.06740244,1.0124167,0.78626436,0.080158055,0.9981806,3.1558232,0.23256373,1.7437953,0.48738867,0.67639714,0.3003573,0.11522164,0.7989622,2.1380105,2.2854593,0.8306549,1.0015103,0.5464695,1.8844495,0.61691344,1.429365,0.14210163,0.9761739,0.28208983,0.046223268,0.37070954,0.54072297,0.28133473,1.5044533,0.16337942,0.7204618,0.6371452,0.27087104,1.5212997,0.82249105,1.3055227,0.74148333,1.5022843,0.0,0.17939742,2.6413333,0.21196663,0.8286991,2.031934,0.14085956,0.017166143,1.3012682,0.988509,0.9558524,2.079746,2.7887504,0.14520171,0.116935536,1.31102,0.22932033,1.6699461,0.496289,0.06350932,1.4956778,2.160776,1.7646126,1.8466737,1.1527114,0.42908642,0.10925777,0.613548,0.0030011628,0.57686687,0.5043158,3.8101826,0.20109093,0.0697011,0.3921958,0.048341755,0.050002918,0.10500089,1.0392733,2.158671,2.6405714,0.6964153,0.33118796,0.48207676,0.28271177,1.0601968,0.71545464,1.0997019,0.4470276,1.8314735,2.153633,1.4573501,0.17141706,0.27043727,1.0644572,0.22425991,0.2118807,1.4122965,1.026182,1.1906276,0.013049736,1.6830689,0.5666273,0.268465,0.48047695,0.45442253,2.723941,0.67059356,0.2893329,0.45993647,0.12566027,0.2029916,0.7558083,1.3995852,1.427694,0.3512183,1.1011777,0.19083472,0.2724933,0.67834073,1.9498148,1.4398605,1.8143306,0.08490095,0.063288555,1.6971105,0.42180547,1.5657557,1.859947,0.4747705,1.0369508,0.72542554,0.81418186,0.12527712,0.18180498,1.0757251,0.8395623,1.5103145,1.0263275,0.33468258,1.5031979,0.0,0.7060715,0.3895129,0.9439434,0.3641135,0.6233191,0.82362163,0.18271446,0.19307557,2.4599557,0.51352865,0.3210884,0.2764216,0.03318071,0.7111026,0.14309365,0.4510952,1.8262315,0.8873859,0.18252361,0.29480812,2.104661,0.17566186,1.4855362,0.1547111,0.0023459257,0.017865892,0.26520646,2.4086936,0.93135566,0.72364324,1.1794059,0.3560991,1.4774802,0.32427686,0.24998407,0.6112494,0.8806669,0.92312145,1.2374872,1.176643,0.28158,0.078794114,0.07938721,1.0796536,2.6075015,1.098676,2.288311,0.5703419,0.43704465,1.4546789,0.6557561,0.99779874,0.9834699,0.6714966,0.4784116,0.19883431,0.6998134,0.29437664,0.5723894,0.28066593,2.4319324,0.8653435,0.17310873,1.8682147,0.3574409,0.34375486,0.75532544,0.45502844,1.6322455,0.4234173,0.7988009,0.42668983,0.12574676,0.5777772,0.3871079,0.29351,0.5905339,2.667434,0.058479074,0.47467732,0.82700133,0.7308843,0.83920777,1.4140538,1.4276993,1.8216397,3.0454726,5.5908246,0.8351968,0.4562577,1.1217277,0.26669654,0.046370286,0.81455356,0.6086144,0.73831224,0.5978386,2.1273746,0.25601232,0.22524269,0.6110513,0.78515303,0.48956034,0.5407254,1.6151358,0.6164284,2.5661294,0.08075857,0.54254913,1.5758995,0.6244067,0.75175256,0.19924788,0.06693109,1.4943285,0.04855948,1.5318433,0.46804592,1.245129,0.4317738,1.7410754,2.0869393,0.59471136,0.7625542,0.71386266,0.29212922,0.004382487,0.52227414,0.65305036,0.2691219,0.3376277,0.9720831,1.5642774,0.50276536,0.005586533,0.004780753,0.88675207,0.80174536,1.6958553,0.095757805,1.1928204,0.7865372,0.10133842,0.44109663,0.09281608,0.542026,0.9817152,0.3824257,1.3332385,0.20061761,0.5784853,0.32748,0.7215251,1.8117925,1.4532958,0.46798596,0.36439148,0.34170002,0.17743294,0.49262103,2.803491,2.2253244,0.20157383,1.3305436,0.63565683,0.26522356,0.32597452,1.4471849,0.26969388,0.45552233,0.47583345,0.94815916,all_pothole_images\pothole_images_enhanced_37c0953b9f4a37093562a9464ddef40d.jpg
2.2807977,0.31528804,0.27276585,4.0915103,0.35324883,1.0265836,0.79412293,0.22833858,0.34149528,0.47779527,0.05383931,2.0185559,0.8089695,0.9279418,0.6965543,0.005803462,0.11107528,0.9418012,0.65656716,0.36141732,1.2602841,1.7834281,0.081165455,0.8173172,1.7292651,0.27004424,0.5378621,2.7915974,0.3109787,0.04920758,0.18463065,0.091898285,1.970916,0.11695542,0.93951476,1.671637,0.99656194,2.7155902,0.028047148,0.3013877,0.2062483,0.15992086,0.5500089,1.8565956,0.76865995,0.63945955,0.9458589,0.034395337,1.051532,2.2307353,0.42468286,0.3914358,0.28321415,0.44531956,0.30668458,1.9260266,2.5873265,0.019706484,0.6431934,0.44904384,0.7139229,0.0759692,0.5660091,0.25293782,1.2916385,1.6138222,0.0,0.44732252,1.202171,1.0492054,0.45747516,0.17913325,0.32901198,0.7709595,0.5652264,0.3249833,0.21659197,0.2863946,0.00422345,0.48014355,1.0087351,0.2480058,0.13648543,1.1380657,0.51709443,0.34529978,1.5429304,0.7913675,1.5664285,0.24842249,1.0774629,0.23788528,0.14336051,0.024796871,0.15047967,0.023860002,1.4133108,0.3935075,1.5677297,0.5362676,0.100887045,3.4227304,1.7989787,0.065213844,0.98856384,0.08700705,1.254093,1.2094983,0.10152845,0.07007152,0.0960874,1.4851965,2.4717295,0.07828003,0.95769733,0.42655626,2.8881168,0.049561713,1.6665984,2.6483126,2.3427238,0.0028589675,0.07527113,1.9264976,0.4412295,1.1005111,2.1811993,2.0332623,2.0854952,0.25721234,0.6373266,0.0,0.020633666,0.40541178,0.30648804,2.4514306,0.11604059,2.1550527,0.4357275,0.0045646406,2.8219697,0.37081364,0.04601123,0.12127817,0.97777236,2.2227478,0.3951781,0.24620645,1.4516277,0.07183838,1.1301099,0.9573593,0.078266,0.06819518,0.36657032,0.90604246,1.3590215,0.00197802,1.5295945,0.9568788,0.9236125,0.5902771,0.0,1.9420998,0.0011273677,0.54144543,0.631416,0.10874937,0.8886974,0.755418,0.21501483,0.024191268,0.053900115,0.79024184,0.03352012,0.5450505,0.5840373,0.14009824,1.1338451,0.6290652,0.021069966,1.41665,1.6348221,0.26305267,3.0944793,0.12355277,0.173267,2.0830839,0.47761565,0.24215157,0.16680215,0.79352117,0.008867642,1.5646302,0.11631817,0.26499203,0.46846685,0.18054004,0.9345737,0.415977,0.37138018,1.4464753,1.0218605,0.89338255,0.8914679,0.6290181,0.29106462,1.3934373,0.44550762,1.2836791,0.06345814,0.0,0.1020452,0.45311445,3.1879826,1.3239796,1.2894927,0.31257635,0.13068804,0.17664014,0.8995294,0.84116197,0.9133075,0.12262733,0.005708146,1.4194875,0.9361921,1.0143068,1.0961409,0.3632061,0.0056946357,0.11480565,1.0702312,0.46412098,0.82011944,0.061546087,1.9560822,0.0,0.067839116,1.3282559,0.7041646,0.034246672,0.3414023,0.03359062,0.24094208,0.0012636216,0.27439478,0.2508572,1.9236646,2.9505892,2.480606,0.5426702,0.16414191,0.15050212,0.12343841,0.44104567,0.9788237,0.04263883,0.12458971,3.9909356,0.7327299,0.0075323703,0.105680816,0.60926884,0.5585375,0.11063665,0.02393407,0.40454844,0.46885744,1.3334789,0.112525895,0.45687625,0.10694556,0.50847125,0.74452674,0.5481505,0.8154661,0.8456757,0.12968025,1.4010495,1.3827968,0.04022841,0.06339602,0.20127268,0.5428199,0.987498,1.5747609,0.43608835,1.8701559,0.5320729,0.20069098,0.03555999,0.31538594,1.3013082,0.0,0.167722,0.18803453,1.0813801,0.38608938,0.9582514,0.20586054,1.3533401,0.5101482,0.6891175,5.3517137,1.6216754,0.008189835,0.1007624,0.0023702157,1.8067291,0.9917003,1.0008792,1.5391029,0.8092237,0.48326853,1.9033976,0.20033324,0.91113114,2.5195308,0.099950515,0.15666258,0.024744006,0.006818546,0.017931262,1.310852,0.8223932,0.68539196,9.3364724e-05,1.7841023,0.01040684,1.4986613,0.4074862,0.23163024,0.2475069,0.0,0.0009855899,1.953854,0.6130994,0.66146725,0.49290028,0.4666223,0.0,1.6838334,0.6432894,1.2719815,0.5883997,1.318768,0.16389757,0.44300067,0.5650214,1.4829494,0.12779517,0.11222796,0.11793872,0.41787103,0.012259245,0.5355054,0.7976011,0.025289154,1.3194287,0.27468064,0.18887722,0.563072,0.5237125,0.10769493,0.112973854,2.7834074,0.3695469,0.7377754,0.6987516,1.0260073,0.09856871,0.14965858,0.6563055,0.62132376,0.3073404,0.47900626,0.027120631,0.17884788,0.32202676,0.6214189,0.0030299302,0.9399459,0.53169185,3.9563177,1.5799446,2.0882344,0.0,0.13360007,0.29969913,1.2142193,0.494929,0.038920872,0.33203194,0.101589106,0.055047233,0.925883,0.009244409,0.13423128,0.21147762,3.7339215,1.0721351,0.45823202,1.671884,0.14754035,0.22508389,0.02326743,0.053543143,0.45093137,0.80040467,1.5706459,0.24453229,0.08346365,1.2115833,0.16453145,0.34111956,1.2836252,0.3711276,2.141072,0.10483246,4.6268196,0.91937566,0.7296781,1.0135554,4.172954,0.13939305,0.35787404,1.8580185,1.0602895,0.49319032,0.3577778,0.16753177,0.1924818,0.78064716,0.11420285,1.8063204,0.8350118,0.42367107,0.30722317,0.73390204,0.18000014,1.1351608,0.44092298,0.5992578,0.27108312,0.022261795,1.7417939,0.015774755,0.30658984,1.6346046,1.1460172,0.3254601,0.26246306,0.3413005,1.1869994,0.6116783,1.7147949,0.106631294,0.89568126,1.942743,1.8596102,1.2765317,1.6458167,1.0160882,0.26611182,0.58564466,0.06270145,0.29394558,1.8795118,1.2772458,0.42512566,1.7595212,0.24953806,0.69426966,2.2994387,0.061785277,0.3662533,1.7087672,0.445332,0.0,0.28970036,5.0112014,0.11536854,1.1813368,0.13152328,0.14697139,0.43122855,0.06339309,0.64306134,0.28901204,0.14330593,0.24536765,0.96514577,0.6616714,0.2613533,0.4665652,0.039447807,0.3406207,0.24148948,0.20692848,0.46372238,5.273127,0.26085538,0.04605885,1.8222322,0.6899457,0.44575173,0.026988447,0.35487592,0.5361905,0.72841704,0.3305782,all_pothole_images\pothole_images_enhanced_37dddeef995deda34e6d7df92e961762.jpg
1.6969953,0.3442334,0.25136238,1.4486679,0.09633663,0.06362998,0.17589864,0.039592184,0.51680017,1.7389836,0.8484001,0.83191365,0.80688804,0.6417693,0.1915535,0.8017105,0.17007935,0.62783784,0.4615273,0.039333113,1.0908585,0.95312375,0.26938647,0.3585825,0.4006339,0.7426043,1.2462366,1.9229573,0.26534542,0.4357608,0.53309083,0.2315291,0.4078541,0.4717787,0.3774938,1.1821072,0.3154487,1.5666155,2.3441865,0.34060007,0.04302184,0.4752901,0.2831735,1.8884509,0.69131297,0.011985713,0.17023249,0.06887662,0.9787087,0.5180876,0.19545841,0.08437579,0.32373625,0.0,0.0029911373,1.2054257,0.23513359,0.62786853,1.1240776,0.5308739,0.12400542,0.7327862,0.1316937,0.21061942,0.7537341,1.4752172,0.22106476,0.31185836,0.73753077,0.20498435,0.025950886,1.052303,0.5194469,0.724757,0.38912067,0.3593183,0.5052656,0.35884452,0.015908517,0.040302116,0.49709705,0.20052125,0.034778617,0.8230556,0.8016567,0.10009853,0.14076075,0.5402463,1.8276781,0.94219553,0.13745777,0.6459049,0.34891346,0.37987402,0.713438,0.28986534,2.6280715,1.0251948,0.6065949,0.49545804,0.12643555,0.0022688697,0.42297408,1.2750857,1.031425,0.15753525,0.21335563,0.111179926,0.25438058,0.22261901,0.0,2.2174218,1.3214092,0.38538033,0.0716716,0.4449906,0.64101636,0.42125934,1.0660888,1.1269327,0.7427925,0.096825786,0.09699097,0.34117958,0.48784032,0.16722657,0.60288197,0.2315014,0.65387326,0.17207897,0.300799,0.23809966,0.4380012,0.06258488,0.028470127,0.8666261,0.22728984,1.1271257,0.6941897,0.006121562,0.011803123,0.34941062,0.16282026,0.42150962,0.07201054,1.764346,0.9901094,0.011663306,0.6646962,0.40034053,0.49964017,0.96600246,0.0,0.4692112,1.4234385,0.76046985,0.10020098,0.16910607,1.1065118,0.5214291,0.6205148,2.8217258,0.08170517,2.4555721,0.40042457,1.0325292,0.4760989,0.017606465,0.5051062,0.96568745,0.1570611,0.18085468,0.03059432,0.3503842,0.06865547,0.009362547,0.27995172,0.0,0.7241913,0.52983665,0.38629708,2.0404475,0.6632666,0.48574385,3.2293367,0.5718364,0.058321767,2.4698806,1.3425075,0.4840056,0.8696898,0.7197524,0.09626174,1.4273697,0.20151733,0.20093332,1.1952643,2.0751724,1.2182375,0.13136862,0.0847414,1.7945516,0.54130906,1.0329697,1.5691031,0.3274886,0.046140354,0.8301438,0.6556242,0.30875784,0.004419228,0.07313071,1.3203285,0.07032315,1.3430029,1.3069183,0.117511496,0.12180606,0.24281622,0.29925475,1.6932335,1.0493466,1.3444659,0.75147057,0.08294137,1.3232129,0.99135745,0.0,1.0765253,1.218283,0.057483885,0.68843126,0.20121165,0.7770065,0.12124679,0.45497477,2.247736,0.074938,0.19538656,0.41777197,0.4042907,0.5864827,0.020868082,0.044421136,0.06761919,0.2171608,0.5807468,0.038025223,0.68904465,5.3193483,0.37800348,0.22017743,0.6341703,1.308163,0.0010345012,0.35704756,1.0450598,2.383302,0.17809734,1.7219688,0.36893365,0.020833995,0.49169463,1.0714118,0.73510665,0.72007245,1.4154145,1.785198,0.9899313,0.030018318,0.8752676,0.25478408,0.0051227715,0.90438926,2.5864205,1.4890246,0.539211,0.03793799,0.028373616,0.80075413,0.3845495,0.6128227,0.9722347,0.13182884,0.059788674,0.6894631,1.0083506,0.23674777,1.1916904,1.0212511,0.15925425,0.06474404,0.59785205,0.3486983,0.7116509,0.017393356,0.8120268,2.3474405,0.38553306,1.3395244,1.2344092,1.6907557,0.027406376,0.82610536,4.2223225,0.3849255,0.4112769,0.89441204,0.16056563,0.10703365,1.2044445,0.57763857,3.0141132,0.8447722,0.1453549,0.78862387,0.45017272,1.3140632,3.3930688,0.6089663,1.5114194,0.13276169,0.6558229,0.041805334,0.21652877,0.099543646,0.28070816,0.1329544,1.0799382,0.13350104,3.3117812,0.14635813,0.032984953,0.2305687,0.74425876,0.0840037,1.7817087,1.3761649,0.21793692,0.36056775,0.024210827,0.15142326,1.2637593,1.796306,0.27156213,1.4887701,0.0059102876,0.18660133,0.15182443,0.8746606,0.4434634,0.84393823,0.33464256,0.0009531538,0.22622347,0.046557784,0.048819594,0.7364467,0.058564074,0.47228572,0.05025893,0.28843173,0.43514138,0.94554657,0.19638693,0.062951654,1.445372,0.05448713,0.28925684,0.026313638,1.7523973,1.0222651,0.26745868,0.019276673,0.3424155,0.13500933,0.029111516,0.09860166,0.5749187,0.5544767,1.1405733,0.05391883,0.8133096,0.9631473,1.8643031,0.65003306,0.83369,0.0,0.13076012,2.1227562,1.8450912,1.3169639,0.6906416,0.26131564,0.80224,0.16730659,0.50074756,0.5252999,0.77609986,0.022919467,3.115694,1.1873903,0.32159707,0.07700238,0.5448641,0.13794151,0.23746097,1.501084,0.2045549,0.02402563,1.1033615,0.81717104,0.6634786,0.8506737,0.0,0.01196229,0.08861448,0.54316705,0.14409992,0.3124152,1.8599992,0.61660177,1.0721639,0.9906146,0.9090914,0.181322,0.5624444,0.6768153,0.15532205,0.9436247,0.042300496,0.6258192,0.667922,1.0263698,0.1742115,1.9432422,1.7128296,1.4525112,0.79077286,0.354426,0.37586764,1.6446475,0.28918636,0.38196447,0.03951695,0.02816025,0.037292793,0.22436336,0.21243027,0.5905118,1.9320694,0.55310273,0.5692328,1.7843168,0.7664701,1.4888499,0.6154439,0.26471466,0.91424716,0.9084092,0.49323767,0.062991306,1.5243995,0.0,0.11778307,0.2734169,0.28211123,0.05607294,0.13282731,0.41091108,0.1902421,0.9366008,0.117744364,0.11220531,0.39863184,0.21483168,1.4788541,0.8843052,0.37420693,0.11604342,0.32783106,2.1519854,0.72411484,0.23922901,0.0034560652,0.39919433,0.73535526,0.013409512,1.0989103,0.0,0.7441931,0.11481956,0.41227663,1.3937144,0.0,0.10788776,0.072619036,0.09604812,0.042977188,0.20352848,1.3503399,3.5819366,0.5377127,0.28558597,0.61802953,1.6507692,1.215687,0.50280106,0.6475092,1.5746528,0.3464492,1.255599,all_pothole_images\pothole_images_enhanced_37de3406f2c97e5ce1553c8629ae797d.jpg
1.094949,1.0617977,0.16710363,2.3661833,0.363243,0.7208791,0.12662753,0.0266063,0.16543142,0.7030577,0.11413679,0.52030826,0.10840048,1.9605842,0.2170839,0.26970872,0.10927283,0.07287868,0.01736122,0.5000614,0.7626842,1.2152773,0.26130748,0.28980944,1.1446378,0.7027408,0.29882196,2.8904896,0.3844532,0.15436867,0.6571767,0.27287483,0.32572684,0.7579042,0.1097675,0.13698442,0.15110289,0.3843104,0.31481525,0.62683386,0.4019015,0.020474784,0.30110687,0.29576376,1.3013679,0.43665025,0.083247595,0.07997757,0.25337067,0.008174329,0.26103106,0.0042648874,0.3028509,0.06118953,0.0049721566,1.2110966,1.0090345,0.30135885,0.14052284,6.89574e-05,0.02784331,0.08077806,0.6455466,0.44987786,0.22684175,1.3746724,0.66904837,0.09740146,0.518426,0.06354506,0.6122248,0.20069157,0.17437477,0.15147421,0.53118145,0.23911667,0.05655736,1.1665361,0.21108876,0.030595344,0.05582705,0.3530646,0.6995021,0.6602136,0.2203979,0.4295349,0.7069207,0.25507385,1.8062404,0.08611992,0.26668662,0.013923507,0.03713995,0.8213356,0.0,0.0117440075,0.3507878,0.26718688,0.72525305,0.80598235,0.07946792,1.8601263,0.06851949,0.070828274,0.08082144,0.0010338083,0.7689861,0.36149102,0.03858159,0.62901396,0.14828067,0.82356465,0.15353361,0.33475092,0.59903294,0.29334822,0.6724083,0.009395852,1.1141726,0.4076667,1.3517557,0.23385124,0.35503024,0.61043483,0.5979067,0.8349276,1.2178096,0.5160286,0.5549785,0.3303262,0.06279204,0.08302655,0.027677493,0.49999422,0.39705774,0.6357441,0.44341683,1.2289133,0.5785627,0.1264816,0.095327236,0.34724388,0.0076230727,0.6801293,0.100874834,1.6354376,0.0,0.034395117,0.21753071,0.16277471,0.5382013,0.37179354,0.18139365,0.0,0.56437725,0.9846746,0.38057008,0.117040746,0.44096166,0.28238463,0.93944937,2.3141942,0.16697687,1.0163516,0.05390281,1.1550288,0.9438518,0.49296063,3.3933847,1.2885058,0.0,0.0,0.06037353,0.0,0.25143787,0.08597385,0.20519015,0.021315925,0.5148775,0.19808598,0.0,1.2561078,0.9557244,0.31617558,1.9176079,0.007965032,0.07292567,0.7961604,1.1224974,0.3236084,0.19696014,0.08279357,0.13022584,0.77429074,0.6757386,0.07516828,0.42659712,0.40769762,0.74854773,0.6135799,0.4502073,0.8789788,0.3226922,0.7844819,1.4925153,0.5099896,1.2103336,0.0721144,0.67882895,0.7659164,0.0010893751,0.0,0.3864179,0.27395356,0.980519,1.3919036,0.06801275,0.09304422,0.047361284,0.011007315,0.79717594,0.627248,0.50750476,0.16058002,0.0,0.0042645303,1.8526492,0.19179931,1.2930646,0.40345818,0.0,0.08571527,0.09786219,0.3162965,0.11765274,0.0,2.521464,0.0,0.34139863,0.42865527,0.34048006,0.14197351,0.062130842,0.0031275933,0.14921938,0.0,0.7149362,0.6269201,0.298777,5.944931,0.48456985,0.017422995,0.3187809,0.29610026,0.014122539,0.14760731,0.9765046,0.17256756,0.038399816,2.8533661,0.09666317,0.19113597,0.092351876,0.3415175,0.27705973,0.13725594,0.39407316,0.3092911,1.4657245,0.26295993,0.5408029,0.05743827,0.511321,0.501604,0.8353241,0.15551303,0.60361147,1.1294558,0.06626229,0.9757428,0.67991996,0.014968937,0.6125785,0.56663376,0.37947997,0.48518395,0.4688899,0.398401,0.7241039,0.031582225,0.040096924,0.12363545,0.0009483719,0.5730424,0.16297889,0.43438727,0.034071825,1.6666615,0.07558662,2.0132217,0.3913019,0.07333053,0.07454573,0.2553109,6.017408,0.1358764,0.04586121,0.23439543,0.06223716,0.20096073,0.003952138,0.5346711,2.4513717,0.6024245,0.13157146,0.22332726,0.057249088,1.2247927,2.2848067,0.31003538,0.115269326,0.0,0.032233234,0.32011113,0.07874582,0.04421526,0.63782614,0.042263463,0.31294397,0.06096494,3.008107,0.01870584,0.25682366,0.0,0.08505895,0.016809875,2.0351439,0.45890632,0.2627967,1.0561336,0.38369432,1.3057063,2.8647504,0.4156201,0.49860045,0.0052321046,0.7089617,0.6494052,0.35508353,0.15082705,0.57581556,0.9914556,0.052330278,0.541855,0.041346982,0.005856733,0.040878553,1.3402889,0.21302943,0.38176188,0.06266333,0.13127589,0.16809094,0.030338878,0.0,0.08539095,0.6784073,0.069881,0.0,0.4103239,0.21549417,0.24465416,0.15596296,0.025665285,0.18214054,0.65376633,0.02302832,0.020155953,0.7220897,0.051097844,0.4124876,0.068756804,0.32159132,0.24388628,2.090248,1.575592,1.2989728,0.0071752635,0.087205894,1.5987087,0.011381775,0.3407819,0.008964371,0.17617747,0.1412569,0.3329442,0.27054232,0.50261533,0.5169444,0.38890502,1.4257133,1.1092561,0.5092365,0.51902413,0.17243616,0.65109926,0.1748143,0.59482986,0.3767113,0.37153766,0.77741015,0.057635713,0.3134846,0.7894811,0.0,0.09143057,0.09484126,0.10596171,0.70647746,0.28070235,1.8991096,0.049530413,0.8202533,0.5322423,1.5253817,0.047017146,0.50569403,0.82845587,0.26481837,0.2324384,0.75455004,0.14185458,0.24904278,0.15764317,0.2409318,1.344899,0.3156816,0.71798843,0.17738882,1.1741003,0.6763387,0.1954217,0.06968244,0.123257495,0.15425047,0.017358689,0.67614496,0.7233668,0.12362926,0.66395336,1.0607129,0.6927612,0.9323546,0.28245842,0.80543065,0.5009951,0.33452034,0.037365403,0.4301978,0.45928472,1.491655,0.18261229,0.48089984,0.88991046,1.3735662,0.011425862,0.24153544,0.0,0.44477582,0.7332444,0.21167514,0.09508228,0.25784737,0.42773417,0.73108965,0.0029158117,0.07024212,1.0384145,0.69832015,0.05228241,0.0033429298,1.7956424,1.0438976,0.22301447,0.07707786,0.0015673984,0.09177819,0.13288587,0.96579427,0.06947242,0.17982389,0.68874216,0.0,0.04199634,0.022571914,0.035929773,0.08409535,0.0012839908,0.024903053,0.31065556,0.46662217,3.1921325,0.48843703,0.21328579,0.26997557,1.0183109,1.0299001,0.115463845,0.047958996,1.6212063,0.066644885,0.49883372,all_pothole_images\pothole_images_enhanced_37ec2e550d1edd04850a2a2d94ab5e95.jpg
0.15737826,0.2607376,0.85049754,1.2790745,0.76139176,1.453331,0.6007819,0.19880126,1.7848231,0.81932044,0.37639073,0.6512623,0.68772733,1.8418326,0.20447126,0.73610115,0.3938014,0.40333232,2.082134,1.2527397,0.8038341,1.3682269,0.34484953,1.3052232,0.19238544,0.23765396,0.064546585,0.6782703,0.6684302,0.49402943,0.1774898,0.2867518,1.3653667,1.268866,0.016676782,0.7735737,0.32625535,0.8052038,0.6191615,0.1406807,0.7363307,0.023505181,0.29869506,1.7944932,0.57054496,0.46355742,0.26841047,0.41037664,0.88137084,2.9148145,0.31590337,0.18608528,0.9488379,0.38026255,1.3202814,1.2392222,2.695295,0.048000388,0.9725325,0.8378059,0.27977508,1.0123419,0.11333318,0.46768025,0.30162284,1.5784873,1.0159874,0.7427594,1.5604961,0.1157493,0.57713073,0.12485153,1.5033828,1.0183944,1.3343676,2.0260522,0.21713318,1.225619,1.0878557,0.372012,0.04173424,0.9216691,0.87044346,1.7830178,0.0693016,1.102694,0.5787718,0.5180431,1.6242068,1.1309485,0.8776553,1.9233648,0.004826235,0.5859066,0.5784626,0.035995457,1.286969,1.7642163,0.31266367,0.07227648,0.57223904,1.6983246,0.96989113,0.038382165,0.5092725,0.4020789,0.6132697,0.48457098,0.7854913,0.16394323,0.2813882,3.5011356,0.73190975,0.09026497,0.32807907,0.1869367,2.057941,0.6434958,4.0279956,1.9857835,2.568157,1.592542,0.3181086,1.2404945,1.227364,0.67345816,0.0840115,1.6209203,0.773432,0.008770698,1.0457506,0.04572837,1.2673566,0.02929578,0.123841204,0.8608138,0.27674827,1.0281489,0.6090024,0.16767612,0.018381318,3.2783737,0.44239122,0.39533782,0.07965607,1.5213333,0.35186884,0.7903656,0.7733982,0.014282193,0.84380937,0.8858444,0.5648795,0.09291952,2.0218072,1.0279298,0.48828608,0.84490836,0.19254595,0.63255167,1.580009,1.1113693,0.26001897,2.720911,0.5784349,0.4552848,0.3689149,0.1790415,0.8001119,1.807193,0.30404422,0.26954725,0.0912003,1.0756174,1.8456144,0.00073833996,0.50335014,0.047212955,0.9494922,0.14685574,0.15800293,1.4715949,1.6787425,4.0098658,1.2923914,1.7328646,1.0929887,0.7775491,1.9606334,1.8200558,0.0069204373,3.7067947,0.04839926,3.6858249,0.7486695,1.29695,2.1366212,2.3401926,1.3297979,0.5615421,0.13134123,1.480825,0.8516691,0.43369627,2.0489526,0.00024258297,1.9454725,0.21415551,1.2868884,0.10941102,0.173316,0.09026198,0.75462776,0.60492057,2.199924,0.7574931,0.054237228,0.18656984,2.444856,0.0,0.035515852,0.55631584,0.25527003,1.0449986,0.09203991,0.02606438,2.068971,1.7929282,1.209823,0.4182113,0.10620766,0.0,2.1409693,1.1037889,1.0064586,0.16919976,0.9078522,0.017251294,0.10225689,1.2639811,0.21704008,0.84920484,0.30791304,1.0916195,0.7523278,0.1431265,1.7112613,0.35765463,0.29828343,3.387896,2.3203998,0.40722618,2.348684,0.53027046,1.1472627,0.1197499,0.86516815,1.0322226,0.24180965,1.1309038,0.039206192,0.056374837,0.06522955,1.482872,1.1181002,1.3292643,0.009073103,0.19329618,0.318013,0.62697005,0.2536101,0.42259872,0.22496104,0.9832263,1.3540313,1.3968546,1.5895785,0.61187875,0.93068707,0.32635713,0.2314644,0.8292521,0.70621693,0.11111042,0.948649,1.1789621,0.96665955,1.0853562,0.9807583,0.3120613,0.84267,0.56277114,0.42017293,0.40858865,0.46187863,0.7010782,0.022959987,1.4099139,1.2234132,0.12516457,0.7408275,1.5695338,0.44217435,0.31240296,5.107661,0.02792321,1.2550417,0.5013703,1.2680665,0.5609512,1.2346356,0.87168074,3.0499063,1.6649531,0.0,0.6385438,0.03528253,0.17620724,2.4559746,0.38895962,1.0646522,0.13127524,0.38628617,0.8941902,1.4414576,0.15719311,0.5373663,0.26407483,0.27251944,0.112155,1.8062989,1.2622697,0.7740913,0.10214386,0.013859088,0.28612968,0.354122,0.02159978,0.073070884,0.018134197,0.9390824,0.7332953,2.3923035,0.3319444,1.3696657,0.36220032,0.0,0.15635203,0.90569764,1.0843095,0.11975324,1.2062502,0.1632532,0.24009903,0.75714463,1.1574193,0.011455525,0.6905329,2.808705,1.5407135,0.030854376,0.2966189,1.3906842,0.017035177,0.031624902,2.6344953,1.3252819,0.7186313,0.0063929083,1.6487277,2.4135876,0.07613142,1.43864,0.13250741,2.2398753,0.4999563,0.17040256,0.28772485,1.1288296,0.76347554,0.5608393,0.3625823,0.52997166,2.6842084,2.8599079,2.0605707,0.5556773,0.028382894,0.2768893,1.5529398,1.219281,3.0090365,1.7885078,0.0,0.15115656,0.79114485,1.9154874,1.2143085,1.1389765,0.43183443,3.8941,2.1766355,0.4011952,0.692018,0.05032144,0.16748491,0.2094533,0.42990226,0.012233789,0.06539819,1.2549598,0.48573703,1.0052993,0.24627124,0.29095268,0.27196628,0.99373454,0.40892226,0.38094857,1.4218202,1.0602931,0.45049328,0.30447277,2.6427891,1.2094467,0.2690946,1.5243329,0.51829374,0.8230587,4.0497036,0.6790981,1.1024628,0.6069324,0.7088861,0.28333375,5.0970874,0.6442278,0.56906104,1.161601,1.5084876,0.28510785,1.2248818,0.24688196,0.59325904,0.5400445,0.43408966,1.352511,0.1717064,0.21458602,0.83289987,2.5104005,0.47656763,0.0526574,1.4088832,2.0119586,2.6911697,0.486184,1.2812762,0.33321902,2.3779848,0.5936119,0.20176426,2.487889,0.22108097,0.5785899,0.5060477,0.92992413,0.042680174,1.202381,1.7530731,0.49603957,0.7221927,0.075246096,0.3216201,1.8109146,1.6787349,0.76830524,2.9643183,1.1800607,0.047449764,0.08758065,5.1145496,0.30768234,0.2227025,0.17092259,0.6040602,0.5575605,0.12187701,1.4445297,0.8191212,0.6377117,0.38847104,0.6518286,0.20443954,0.009814848,0.055989526,1.0450915,0.7033552,0.7209038,0.98077685,0.08407996,6.250643,2.2632496,0.2352006,1.3208821,1.7817087,0.038138684,0.29981518,0.6945617,0.11297576,0.7617214,0.33603022,all_pothole_images\pothole_images_enhanced_380cc91f74d12fb091b7c6be0e6fdc9a.jpg
0.510047,0.8790798,0.097614005,2.2025106,2.0605345,0.29966074,0.88033885,0.6894679,0.15797152,0.4077907,0.24994987,0.16238569,0.2938717,1.9243042,0.32632196,0.2995166,0.106743656,0.2972567,0.6507796,0.2325633,0.5872288,1.6381612,0.9085738,1.7571489,1.0742922,0.94687134,0.5795935,2.7290306,0.6112399,0.35742462,0.30988407,0.045601103,1.6182334,0.025446765,0.5040406,1.4931107,0.5340478,0.39596435,0.8567251,0.5601703,0.1707936,0.36217782,0.3519843,0.0,0.6772865,0.7921678,0.2074544,0.10946602,0.55257577,0.5739612,1.2582662,0.10236444,0.760881,0.3696821,0.013546797,1.4682853,2.447745,0.18897846,0.61930066,0.049306974,0.53095347,0.9192976,0.52009714,0.087260336,1.1469254,1.1032783,0.38528013,0.0,0.2574213,0.85513717,0.4202314,0.16987999,0.4094209,0.22113551,0.49953142,1.160924,0.2752697,0.48862782,0.12686993,0.4156148,0.005846563,0.1112855,0.42042774,1.8371488,0.48549122,0.7793635,0.0,0.052877747,2.6374583,0.2087512,0.023809863,0.51801026,0.099356964,0.27010983,0.4515703,0.14946102,1.0795614,0.16472061,0.98613906,0.96690536,0.4092424,4.1283593,0.8250914,0.2843538,1.2059288,0.0,0.32990327,0.90130985,0.0,0.0774881,0.57021326,1.3831077,0.85419714,0.24398403,0.9685348,0.5577807,1.4480054,0.10449976,2.7623212,0.51917076,1.1210207,0.34951326,0.62017834,0.5600034,0.3864673,0.986549,0.91510874,0.7430155,0.24973348,0.969199,0.3219586,0.0041023893,0.0110623725,0.5793464,0.30608946,0.64961606,0.74914885,0.7501658,0.6812874,0.09021944,0.8959262,0.75513875,0.5827666,0.760664,0.4429694,0.8703807,0.08368769,0.56163514,0.38837898,0.57913285,1.1463928,0.55764973,0.06628634,0.25866255,1.1767809,0.6618375,1.3408167,0.23411283,0.92365193,0.37112528,1.7601448,1.5846138,0.48917702,0.6334567,2.065644,0.5047452,1.0179747,0.3760978,1.4082246,0.42795172,0.06102605,0.036606986,0.008371172,0.28730816,0.17914507,0.1720564,1.596722,0.4534607,0.032907963,0.091413245,0.5160617,1.301818,0.37801033,0.57821745,2.3023381,0.19369966,0.09173003,0.6670253,0.09921474,0.43062434,0.19213317,0.16153383,0.060378734,1.466031,0.11884709,0.18733172,1.2395273,0.3872456,1.8897508,1.7350912,0.34238574,1.0925229,0.7764715,0.14630093,0.43607032,0.2989132,0.16072504,0.29651248,1.2332535,0.7944896,0.049580447,0.035924617,1.5484817,1.9619789,1.5429964,1.4156086,1.9653332,0.15169546,0.9056807,0.3799352,1.5908265,0.071215734,0.51535785,0.6641415,0.083956055,0.7690468,0.9796422,0.30754,0.60185707,0.557571,0.61801934,1.4083644,0.86665547,0.08621554,0.6912621,0.060833476,1.2754816,0.09948172,0.03563257,0.2989381,0.86715037,0.07972681,0.5328296,0.6488252,0.2440222,0.0,1.0268382,0.57403076,0.8329705,4.9688473,1.8971422,0.13695288,0.5191743,0.15960509,0.0,0.25343177,1.5276418,0.48958048,1.3645576,4.782625,0.08178774,0.32338995,0.3856353,1.5356387,0.24610144,0.082997106,0.79302883,0.099757686,0.9127376,0.9341976,0.4428011,0.014754431,0.1933702,0.044707842,0.36174703,1.0615387,1.0648638,0.27830267,0.084161445,1.5715811,0.24271806,1.1239274,0.08924136,1.3135316,1.5771556,1.1235677,0.7198192,0.5449984,1.3560568,0.349418,0.07976832,0.31134406,0.2531049,1.5078015,0.17333043,0.13181733,0.32659113,0.53773695,0.0,0.9740873,0.21931519,0.1375844,0.503459,0.6794991,1.7237592,1.3756162,0.22906832,0.64993143,0.43321267,0.32174417,0.77275974,0.9893621,3.2875247,1.1674007,0.7229097,0.7710616,0.004176956,1.0215657,2.529763,0.24568498,0.005748032,0.04934081,0.102621086,0.3460984,0.90617347,1.1873717,0.28856725,0.64422184,0.40278995,0.39670193,1.4753838,0.12639871,0.0,0.22035816,0.23515008,0.52851254,2.1492233,0.32040533,0.1423645,1.0177637,0.41938844,0.54533345,1.8348095,0.005295986,0.42787114,0.14678456,0.12439618,0.035208646,0.6417168,0.45423347,0.5104795,0.51292604,0.4004276,0.21912687,0.24960247,0.038194273,1.326667,1.8375213,0.6215805,1.1154038,0.60635453,0.27368087,0.20573457,0.4232966,0.0027246824,0.1113005,1.6055237,0.78713757,1.2747645,1.1540483,1.8207736,0.32814625,0.07299201,0.44840005,0.42076033,0.9101153,0.054307308,0.10164755,0.114029706,0.96276855,0.39896354,0.008796524,0.7653474,1.2433761,4.2579536,1.2232085,2.216158,0.29194468,0.57268894,2.1288888,1.4989601,0.29978234,0.0052140444,1.2394571,0.05423546,0.19879863,0.84319896,0.44309327,0.88178766,0.42344058,1.4080635,0.6071967,0.16653214,0.42080066,1.3614299,0.0,0.5821964,0.060360823,0.45869374,0.0038010539,0.12898508,0.011495822,0.1491757,0.101723954,0.02543459,0.6804628,1.0206766,0.87531996,0.7661696,0.071748614,1.7215688,0.92824155,1.0334378,0.5701749,2.303759,0.71300316,0.40246293,1.3619611,1.7231346,1.2615521,0.33359265,0.527911,0.5066733,0.5521994,0.98656934,2.3365126,0.46424615,1.63414,0.401569,0.16477205,1.5927896,0.38987327,0.0026511063,0.07362924,0.15968971,0.41698396,2.1635432,0.471205,1.0835139,0.4637441,0.4335681,0.7822901,1.0998242,0.27739722,1.1963024,0.55912346,1.4819081,0.0,0.3895491,1.2464306,1.2628251,0.6558155,1.2072272,0.44845775,1.0027417,0.70227885,0.20522405,0.5102003,1.5250443,0.94999725,0.40642858,1.0480951,0.6096747,0.47094283,1.3985078,0.0928657,0.173506,0.17675999,0.78929573,0.08213971,0.5201333,2.0435681,0.8456376,0.05412735,0.021280639,0.6628223,2.3898885,0.0,1.0850251,0.24302027,0.49627325,2.2725577,0.03250945,0.18524158,0.17001761,0.10647914,0.04863988,0.43303555,0.2847331,0.021552209,0.5408023,4.7442675,0.6364953,0.25424567,0.20823501,0.04527014,0.31274393,0.43220583,0.45551506,0.7295083,0.5886248,0.042802323,all_pothole_images\pothole_images_enhanced_3822a3450eb7c5b6858a91e77331d480.jpg
1.0864701,0.6591597,0.19581617,3.8875725,0.69961345,1.3382115,0.7982784,0.0530115,0.40491048,0.604836,0.6552488,0.9760692,0.012356766,1.1647273,0.6285377,0.005616052,0.30559966,0.5991682,1.3392564,0.21484993,0.694126,1.0416031,0.6105532,1.1404111,1.0288017,0.37257665,0.33839116,2.121792,0.8490496,0.37336734,1.4843017,0.21752441,1.4324149,1.9337435,0.25350022,1.8320161,0.47882313,1.6153094,0.413138,0.96949035,0.26229635,0.011451317,0.54337794,0.6429901,1.0619127,0.11449564,0.5088505,0.10234919,0.14757752,1.6208568,0.5177373,1.1644607,0.22156653,0.06751773,0.23984373,1.5662854,1.5336105,0.79247797,0.46228057,0.20624341,1.0312656,0.44817576,0.0051079034,0.55232227,1.1924378,1.8950431,1.0133024,0.07603372,0.9009974,0.21682341,1.570494,0.44182518,0.76333654,0.16363527,1.7065607,0.8813544,0.10216116,2.0618749,1.1920757,0.12437873,0.8281396,0.48900604,0.013589929,0.46705273,1.553805,0.20819566,0.53226274,0.08221289,2.3905663,1.4298828,0.457374,0.1923629,0.397183,0.45868334,0.5681646,0.047098067,1.8664227,0.32619438,1.2558292,1.5205933,0.1314377,4.279226,0.3781817,2.4488404,2.199891,0.054270346,0.22400285,1.2989713,0.96365494,0.13504928,0.19948064,0.8930892,0.40978947,0.87149,1.1390027,0.20428784,1.6787717,0.34799615,1.0767082,1.1841439,1.6208365,0.40125275,0.07237816,1.702347,0.144003,0.12993516,0.9690006,2.5016277,3.0153346,0.8099521,0.9908881,0.0077378373,0.3219266,0.38424397,0.046331853,3.3755476,0.116394885,3.2615786,0.50449073,0.8960777,0.015164759,1.5704107,0.036344107,0.993013,0.8113523,1.5777828,0.7366199,2.0140116,0.692318,0.17236537,0.76864785,0.65682906,0.3660472,0.8413335,0.44422334,0.67232996,0.51683855,0.022868613,0.4040914,1.7517325,3.2222981,3.083356,0.2532899,1.8478527,0.56333005,0.87982625,0.3681633,0.3654225,2.2035282,0.48991984,1.6247823,0.2708934,0.15554687,0.0031742854,0.26256713,0.29836443,0.39332446,0.07926171,0.53927505,0.12970491,0.45736897,2.6819382,0.31806034,2.54908,2.1845124,0.6467431,0.10874803,0.98403805,0.62451816,1.2069358,0.0010465656,0.69441056,0.1357416,3.7585492,0.33602345,0.5750803,1.5080802,1.5060557,0.8896795,0.1616663,0.40238792,1.7756375,1.1394035,1.5545199,0.36486527,0.37893957,1.6462439,0.68087274,0.66872156,0.2602201,0.27834606,0.06862234,0.75041837,0.5270221,2.2460678,2.3071392,2.1564922,0.074586906,1.1730752,2.0587249,0.22963092,0.7582749,1.1705219,0.4053623,0.3520377,0.33040383,1.8335971,0.226882,0.62358487,0.11579515,0.6186823,0.7444621,0.7185189,0.23934767,0.44784218,0.119295634,4.914189,0.1811446,0.38047895,0.26005107,1.2388288,0.08122182,0.74184555,0.55066204,0.14109951,0.08653495,0.51464987,0.68855566,2.7809806,2.7916975,2.3281984,0.17479089,0.47966042,0.6035885,0.0071340255,0.646442,1.0893021,0.05965009,0.30804813,3.425892,0.6875138,0.12905261,1.3726277,0.2720668,1.5232407,0.24625991,1.2505172,1.1463653,0.34225234,0.9342349,0.117312975,0.096708104,0.20660922,0.780298,2.361314,0.19323009,2.8742971,0.5315506,1.3456564,1.096276,0.53796303,0.07162615,1.0089763,1.4789306,0.80889213,1.3531789,0.80080974,0.87498814,1.5737628,0.59109545,0.44897097,1.0860254,0.18290247,1.5666755,0.15828758,0.49652958,0.43650162,0.54799485,0.44018483,0.6688948,0.23264569,1.0549729,0.5304326,0.21014181,1.7589478,0.59529567,0.91591495,0.5893108,0.14544314,0.48400247,1.4879835,2.3784819,0.6980886,2.1349936,0.41368687,0.28174558,0.113967195,1.3319082,1.0152496,0.39355814,3.3194182,0.6001905,0.4939401,0.28304338,0.7168852,0.85006076,0.7773112,0.31962815,0.6086497,0.74354553,2.069397,0.79701614,1.342831,0.28942916,0.059741806,0.71245825,0.91360843,2.2137768,1.0313827,1.234141,0.8023697,0.30826464,0.42878422,0.78957343,1.9588909,0.06871854,1.6427014,0.5524573,0.6183591,0.5939157,0.5388424,1.5913631,2.0209217,1.3203666,0.59893185,1.1438527,0.49660218,1.8435878,2.2152135,1.2783028,0.49903977,0.87077874,1.6127197,0.84052545,0.012945743,0.20080557,2.5441344,0.90920895,0.7344739,1.6075847,2.7742746,0.59430474,0.2565387,0.4891049,0.29382998,0.33656353,0.29584685,0.103850365,0.71399254,2.5404048,0.74232686,0.35661405,0.75999576,0.49056676,1.2358556,3.74926,0.5648397,0.004788842,0.26711234,3.0984774,2.1958516,1.4595889,0.0,0.065138005,0.78207856,0.17499697,4.255394,0.032877855,0.53179234,0.13338786,2.147121,0.3581182,1.4155849,0.26484883,0.73428416,0.75895804,0.8037544,0.18602742,0.19185328,0.0033526635,0.94420886,1.3572545,1.0540808,0.58887583,0.060248654,0.5823815,2.6947,1.0627319,2.0755625,0.2635427,3.069339,0.951525,3.3128572,3.8142276,2.3993309,0.12809952,3.991263,1.0703928,1.4318583,1.9240968,0.16981095,0.546379,0.28936478,0.29460645,0.85856754,3.2192569,0.9436358,0.9400898,0.85287476,0.5929303,0.03871091,0.75152874,0.4576691,0.1702317,0.15461774,0.0,0.6672343,0.5213933,2.4441462,1.4706072,2.4913855,0.19430177,0.12220437,2.25054,1.6652596,0.75808483,0.4406095,1.3826936,0.9348775,1.3916261,2.0772889,1.3743165,0.3326363,0.68630296,0.5928619,0.24853195,0.26915345,0.31260842,0.60780054,2.2404637,1.7740697,0.04625699,0.8395846,1.6896851,1.081799,0.13078193,0.6729843,3.2408278,0.9705722,0.8382188,1.085558,3.6944423,1.6111709,0.62494475,0.0,0.32424873,2.0072637,0.31772387,2.577452,0.30350912,0.62161994,2.276111,0.10296732,0.21553232,0.9587686,0.77480423,0.3451307,0.19992726,0.818969,0.4208358,0.36374745,4.8572273,1.2914058,0.31147167,1.9294907,0.6980561,1.5313642,0.19726373,0.23879085,1.759627,0.9563195,1.5924667,all_pothole_images\pothole_images_enhanced_3860b3312c0f91c11ef6fcb7c1ffd14b.jpg
0.04670481,1.3213595,0.081436485,2.1437397,0.06675397,0.1372547,0.005153922,0.0,0.57602525,0.28665966,0.07809688,0.0372644,0.0029464087,0.73883337,0.19977789,0.13350795,0.052977804,0.8264605,0.1966245,0.08352456,0.17313236,0.8195,0.034971338,0.15076937,0.31677538,0.49531773,0.41233668,1.3040892,0.4618457,0.22273289,0.48727813,0.31367815,0.017545525,0.15046357,0.12349352,0.18974191,0.2601671,0.18737075,0.18401402,0.030232256,0.117095724,0.16149622,0.2678711,2.8002963,0.4256353,0.039896168,0.09470015,0.5438695,0.022447169,0.27048776,0.027936872,0.13614771,0.100240916,0.00026636847,0.16328011,0.4297267,1.059159,0.63014543,0.08394449,0.0010824661,0.028547414,0.06259337,0.15554526,0.1453029,0.41644692,0.38386962,0.1416662,0.00547205,0.07986269,0.21319474,0.13859473,0.08729629,0.3594366,0.028175492,0.5073927,0.04411125,0.046427365,0.32896233,0.053350452,0.0,0.0,0.5542169,0.55651605,1.8043447,0.06977915,0.0029206201,0.21574077,0.051729664,0.95212233,0.09989002,0.009954478,0.10072044,0.07852632,0.12366956,0.45908985,0.0673745,0.08124212,0.86133754,0.3062461,0.060000934,0.12083802,0.011321975,0.10986889,0.3143013,1.7689372,0.023607755,0.123482406,0.0107307965,0.23354709,0.4599917,0.0066459007,0.51284903,0.19773841,0.0,0.30688927,0.063235864,0.32648003,0.043725304,0.90350634,0.072038114,0.6023354,0.012548387,0.009116478,0.47141308,0.17298982,0.36021137,0.2812995,0.015965635,1.7477846,0.009071742,0.07948506,0.08146398,0.081442796,0.021409059,0.42612603,0.18999243,0.07643066,0.4558598,0.3975956,0.00041447868,0.0793756,0.34496105,0.41773313,0.058503956,0.0012398151,0.120879635,0.003982907,0.15622492,0.20252846,0.16696912,0.59297776,0.006014494,0.031375643,0.3622364,0.5617111,0.19267912,0.0,0.007490611,0.3382211,0.26413488,0.47585264,1.637694,0.33233416,0.17318301,0.55709815,0.06249234,2.1713057,0.1556596,1.8098339,1.3785603,0.056614053,0.0,0.0,0.060192738,0.4130825,0.06965973,0.49470443,0.05312351,0.5425756,0.15668665,0.0,0.23981409,0.67535883,0.080233954,1.5435809,2.2025986,0.23360816,0.14360005,0.0,0.29749072,0.17225191,0.0527824,0.67207927,0.68302524,0.1993014,0.0,0.63265365,0.13425703,0.14917834,0.2898033,0.13346916,0.18867575,0.044673618,0.23581724,0.2674427,0.3786913,0.3246782,0.11263768,0.90085465,0.111986965,0.04788429,0.22311191,0.2834475,0.052032504,0.9637721,1.3379023,0.0027588746,0.50984734,0.32718867,0.23012361,0.58666897,0.032618083,0.19791284,0.06627397,0.00078591215,0.0,0.82807094,0.004607029,4.001357,0.31231248,0.22672126,0.052204516,0.048174016,0.013823708,0.038643077,0.04689761,1.6791447,0.0,0.039912015,0.07258012,0.10512145,1.2040464,0.5521041,0.36863193,0.04980914,0.32082495,0.5751637,0.081005126,0.9081173,4.729905,0.44366828,0.24185137,0.07150923,0.1079525,0.0036951224,0.11736361,1.1295457,0.16046616,0.042592864,0.838645,0.004253868,0.24757649,0.2546489,0.13346025,0.5100227,0.090895414,0.0011315934,0.4417462,1.2363412,0.09569302,0.030889846,0.0053338506,0.16459766,0.0028667187,0.72511625,0.45338514,0.04377529,0.61324275,0.05518812,0.18248953,1.397108,0.011578365,0.26559466,0.48503697,0.23229918,0.8390785,0.2684141,0.02688438,0.81000227,0.007359976,0.005257464,0.026021922,0.041043572,0.17245694,0.03225693,0.14687996,0.002617842,0.9288101,0.2158825,2.0077567,0.18896486,1.0105233,0.004769196,0.009011599,6.4871464,0.03294989,0.21139789,0.10675905,0.08991333,0.056574114,0.0,0.31940362,2.729144,0.8551332,0.28545225,0.116875805,0.11710241,0.06886801,3.658433,0.20793107,0.016343173,0.33135802,0.088665344,0.4341721,0.045445863,0.24041659,1.7422597,0.0,0.20586242,0.026724404,4.4169135,0.14034635,0.254968,0.19462648,0.009969157,0.001792431,3.0303156,1.0526651,0.12947994,0.1523435,0.07569696,0.49036732,1.3157308,1.0417881,0.9272311,0.06435037,0.0,0.82896984,0.40254408,0.5438665,0.22328189,0.2241171,0.014544569,0.6059848,0.0042171986,0.034140266,0.0,0.9652985,0.09070673,0.21443717,0.4164339,0.9201864,0.33826312,0.14110762,0.44385302,0.0832215,1.1184012,0.021298792,0.043404873,0.55884385,0.45846772,0.012032427,0.020067789,0.016793637,0.040261116,0.19310124,0.29459745,0.051832873,0.10976697,0.071732804,0.14118534,0.053856872,0.17339975,1.140473,1.7101104,0.08379963,0.2482577,0.06669138,0.0,0.20808582,0.33355024,0.1579827,0.07020165,0.46238473,0.0,0.027654586,1.4652387,0.08688847,0.18551025,0.09166158,0.40911546,0.23177396,0.13232058,0.25519547,0.15554808,0.20721985,0.23886509,0.7421634,0.13534465,0.043575957,0.12771921,0.85965216,0.01057749,0.24829485,0.23479806,0.016810993,0.42117324,0.40251848,0.2965324,0.11047546,0.86742663,0.057811856,0.11283404,1.6382418,0.19434573,0.049399395,0.40718207,0.24869238,0.012176195,0.19717655,0.2661677,0.0037710331,0.20444854,0.15352839,0.007821965,1.2446612,0.057933114,0.05032336,0.086571455,0.4155021,0.03745574,0.01969009,0.1535607,0.17818795,0.088103555,0.007155403,0.08330188,0.331885,0.5358096,0.30750188,4.4127088,0.087700464,0.011127535,0.0167095,0.5472216,0.48071012,0.050647896,0.17109236,0.073380455,0.7563731,2.0377665,0.010361428,0.3591661,0.0,0.35391697,0.0,0.030889925,0.018637944,0.25891942,1.2863867,1.5298004,0.49357605,0.048838645,0.0,0.019221472,1.2665976,0.026584396,0.9558462,0.0,0.22897822,0.002366269,0.30289832,0.95222306,0.009865647,0.03766253,0.22233601,0.15442204,0.005599314,0.5804831,0.0,0.45001635,0.6477272,0.0,0.018117527,0.0,0.009012473,0.0047392705,0.017173126,0.0321246,0.10949362,0.027685544,3.2282557,0.7636786,0.30582258,0.033005457,4.227899,1.1350018,0.03353904,0.018227413,0.2231286,0.017180793,0.13646445,all_pothole_images\pothole_images_enhanced_38a08e428e5cb20f34bf2da2e64f3604.jpg
0.2862192,2.4034476,1.2892598,0.4752275,0.21000668,0.589402,0.89367586,0.13513066,0.63482165,0.46873587,1.1735295,2.4585106,0.3774648,0.19058776,0.34804344,0.8057727,0.474445,0.878097,0.44580084,0.9359774,0.7018815,1.1579736,0.31142718,0.81298053,1.1423225,0.64706725,1.0023892,2.7235131,0.7260311,0.539634,0.3974228,0.13168678,2.4516757,0.28008226,1.5090917,1.5599799,0.8411404,1.0159636,0.36103636,1.4092153,0.006986622,0.50929487,0.5686676,1.4009737,0.1935278,1.2629876,1.3060265,0.014379445,0.30603328,0.39145017,0.0028497507,0.74541956,0.18359302,0.25244787,0.681115,0.6409063,1.047797,0.23577616,0.28871813,1.566978,0.80780756,1.1771433,0.6804296,1.2667899,0.5710211,1.2034531,0.46128654,1.0528764,0.3808886,1.3258455,2.599762,0.6026939,1.2294393,0.5905567,0.41571108,0.16504735,0.862267,0.95083475,0.18568929,0.21360998,0.8995093,0.6308015,0.17956927,1.2717154,1.012115,0.3384256,0.26029,0.11878511,2.252186,0.10578551,0.35122642,1.0778737,1.3149742,0.18153547,0.7869588,0.18427575,0.65945077,1.299869,0.8901828,1.1431663,0.39221796,2.2033885,1.548991,0.7396458,0.13266318,0.87337935,0.69161415,0.37037772,0.66699904,1.8210409,1.2716819,1.4967432,2.227962,0.3021373,2.0888546,1.607161,1.1922042,0.42967448,0.65433204,0.6589652,1.5949942,0.18404824,0.2875064,1.3308843,0.42288214,0.75485337,0.7899425,1.1671404,0.7416022,0.7683775,0.8517602,0.3354041,1.2805842,0.0070007923,0.048804555,1.8101778,0.31843424,0.4252425,0.15272391,0.10272424,0.24690667,0.91759473,0.29588026,0.07164135,1.4301668,1.6149807,0.16155182,0.68244076,0.37275118,1.2741058,0.5655491,0.8450422,0.50207275,0.2490647,0.22567157,1.7531422,0.2549185,0.05561616,0.6607607,0.16496728,0.9611557,2.2625995,0.389474,2.835072,0.45092595,0.33801946,1.893414,0.5377993,0.15282388,0.61270994,0.999409,0.72938615,1.4921423,3.3262873,0.26861936,0.124243714,0.44966444,0.13100868,0.65535,0.23886847,0.11646541,1.2388748,2.5392857,1.120446,1.3457377,0.016056722,0.051034085,1.1260296,0.25079143,0.7182737,0.6846772,0.07366907,0.68537354,2.2595692,0.6631798,1.0288578,0.7135099,0.24696694,0.562613,0.35777366,0.13227113,0.8392228,0.54439795,0.35057595,1.0361753,1.6191592,1.2809932,0.6942704,0.9675609,0.58906543,0.22399524,0.45045605,0.85805774,0.3492891,1.9157428,0.97279036,0.9802937,0.30306354,1.0713154,0.72712684,0.64208394,0.22723748,0.95709735,0.06030207,0.5177692,1.9371468,1.012442,4.1837645,2.1430206,1.4869674,0.49563402,0.75622123,1.5770432,1.4066947,0.19169699,0.09634719,0.37395927,0.37919,0.19610806,0.32264635,0.53493613,0.16387968,1.4736806,0.9224234,0.4188592,0.6643529,1.3037968,0.122434296,0.72515917,2.158203,0.18533294,0.13243082,0.5688198,0.43915385,0.0452349,1.9134187,0.3453383,0.10229859,0.5083311,1.885337,0.3077602,0.2862028,0.63173485,0.23185256,0.5444177,0.5878861,0.87053704,2.1588829,2.0533614,0.4394228,0.32907757,0.0,0.10582512,0.21720393,0.28925043,1.0521199,0.00090659223,1.1985738,0.6722927,0.7249448,0.33774325,0.26630065,0.310942,0.50272995,1.0782541,0.12616254,0.9958119,0.5230931,2.8336089,0.74616086,0.14026755,0.67446387,1.5600466,0.44855702,0.4122268,2.5449173,1.0694214,0.6159557,1.6634845,1.6078036,0.12456796,0.1737523,0.046079684,1.3065614,3.8429728,0.16036865,0.08571497,0.14677213,0.3747789,0.3875266,0.21183072,0.57212406,3.453409,1.7046235,0.5052606,1.4008468,0.17835684,0.5913606,2.4683118,1.9228244,0.7394971,0.079237856,2.3563268,0.10837175,1.6734972,1.7617614,0.50952077,0.008931489,0.68568635,0.4300623,2.0557287,0.47826767,0.38213977,0.15635006,0.33155775,0.20770793,1.0844344,0.79114556,1.578499,0.5716662,0.1416858,0.28737906,0.92405623,0.96293724,0.7783212,0.44085097,0.33907232,0.031821728,0.16770159,0.17508495,0.23877837,1.578067,0.72052157,1.7251431,0.14082754,0.31766418,0.64101166,0.07941882,1.1920233,0.1957896,1.2812704,1.0299212,0.44314632,0.3725514,0.18017724,0.3009803,0.26089934,1.9350775,0.7126315,0.27063113,1.1556296,0.36216548,0.88171154,0.6129739,0.04433224,0.7374123,0.3819711,0.42755422,0.7888962,0.63717973,1.8158666,0.30610135,1.4003276,1.0873544,0.94142973,0.46366197,2.133262,0.25027597,0.20371927,1.597014,2.2872722,0.48016834,0.22617622,0.10808692,0.08876969,0.19133747,2.1598475,0.054564767,0.15789127,0.43855545,1.4953908,1.5867503,0.4457353,0.6574268,0.45426363,0.22549714,0.15603702,0.4542608,0.9572103,0.90309256,1.4205477,0.39611095,1.0531043,1.2500896,0.37819886,3.2618961,1.0110909,0.5391526,2.6529186,0.33581516,1.4964478,1.4384485,1.320632,1.5211036,2.0480614,1.3446057,0.11174579,0.42326915,0.8874281,1.6581652,1.8213899,0.00618227,0.4405144,0.4309891,2.367156,1.8460534,0.5829699,1.051558,1.0281602,2.0714529,0.79431844,1.3159629,0.26373696,0.39903352,0.5511818,0.26141447,1.4538797,1.7823616,1.0380361,0.7877866,0.790685,2.2346468,0.7618053,0.33521563,1.4309603,0.53468233,2.137912,0.35765344,0.42800075,0.54889077,2.8590088,0.049639694,0.21410593,0.93041855,0.25288743,1.1621581,0.16416244,0.0017831819,1.4496988,0.7984739,1.8845794,1.2385077,0.19814172,1.1268702,1.386936,1.1099224,2.0556839,0.39725816,1.2682527,0.24415559,1.4112368,1.5452679,0.45362496,2.2904239,0.20080592,0.0023077962,1.9300723,0.804434,0.093012646,0.44478354,0.6415999,1.7524741,0.6258313,0.22070402,0.013052271,0.97045743,0.14560159,0.65220433,0.4545796,0.055310454,1.1380111,2.6477666,0.5813915,2.062013,0.77650607,1.4629314,0.9439224,0.39650452,0.8736896,0.0,0.27384782,0.14160983,all_pothole_images\pothole_images_enhanced_38f3bb9853cab180cadd57761e0d9747.jpg
0.4087364,0.32224265,0.014378608,2.0776992,2.383099,0.16937752,0.43537617,0.06784795,0.74083567,1.4301699,0.7503439,0.10852967,0.0,1.903636,0.34743765,0.12222901,0.14658587,0.20832019,1.6318489,0.5656584,1.4611664,0.20459032,0.11782551,1.7816433,1.8643811,0.43645617,0.5236412,2.5879836,0.664695,0.14899501,0.47650757,0.216476,0.48101163,0.5729965,0.004878343,0.99255735,0.3968294,1.1896425,0.9146161,0.40905133,0.027940165,0.043703754,0.24247444,2.1214418,0.83926404,0.14413184,0.06323961,1.1665212,1.347127,1.0514007,0.56887263,0.40130302,0.15703852,0.00035264826,0.16002522,1.0463781,2.1877522,0.57479656,0.0046045175,0.23463894,0.024974626,0.22352323,0.19585265,0.1078148,0.8429634,0.54907125,0.11414278,0.20565537,0.09235202,0.0,0.34067795,0.089605756,0.8618714,0.0023083938,0.6270484,0.27241012,0.07455915,0.6585616,0.040833876,0.61651474,0.0035362218,0.37884563,0.69771254,0.18937314,0.40384108,0.0,0.008575403,0.050930116,2.3401585,0.047700424,0.36290437,0.075952515,0.35334843,0.67728966,0.8358271,0.05332772,1.5655345,0.54929525,0.5113513,0.67348415,0.048137527,1.7769973,0.1103811,0.31651843,2.444151,0.18819436,0.26343745,0.21738729,0.019927146,0.33481583,0.009647473,0.47668895,0.24198908,0.97238016,1.6070262,0.20705268,0.07280649,0.49001575,1.6954083,1.2178421,2.4591517,0.7912674,0.0870883,0.23295243,0.6533338,0.4339627,0.14912061,0.5235078,0.78336066,1.1083444,0.029170558,0.03556559,0.05138353,0.17799518,0.27667916,0.48735777,0.08116087,0.12818673,0.23577267,0.11123015,0.1335247,2.8954704,0.53069735,0.17515527,0.06922973,0.30960292,0.3892879,1.3181037,0.26778102,0.2785641,0.22828802,0.32079342,0.096774414,0.706926,2.163077,1.1431566,0.71478784,0.34227315,1.2210388,0.6009336,2.4368203,1.0389212,0.9534856,0.07861002,0.8983753,0.7282743,0.123144574,0.112562716,1.1781257,1.4987663,0.15988874,0.15970674,0.030671615,0.68403536,0.35413033,0.5849103,0.28369895,0.04298458,0.0,0.16008665,0.22235242,2.0942812,0.6997956,0.9610479,1.4398775,1.6930132,0.21579434,0.0049029207,0.0948022,0.96571934,0.0,1.0686649,0.30536148,1.1617554,1.1129752,0.77734846,0.87328196,0.43974528,0.47823578,1.4662687,0.8266375,0.6751879,0.49816173,0.23870698,0.041975465,0.24215814,0.08272505,0.3420421,0.7302758,0.15672639,0.0,0.18935357,0.8272794,0.7491995,1.9896302,2.738209,0.09665666,0.037704755,0.9431521,0.79424566,1.3453529,0.0,1.1143906,0.95917827,0.01788498,0.0,1.5343516,0.24570188,1.7118506,0.4952693,0.5858992,0.0,0.9092494,0.856703,0.4836378,0.4275933,1.8115362,0.75793177,0.26820043,0.04630115,0.16672218,0.5715091,1.835662,1.003409,0.46392688,0.0,1.0752274,0.38683677,0.3938397,4.97125,1.5236967,0.5132409,0.6380391,0.15341039,0.5192567,0.8341031,0.08894825,0.5951664,0.32611254,1.4787445,0.8383794,0.24165937,0.68276215,0.23312658,0.2785567,0.77855605,2.1460824,0.0,2.054499,0.14459129,0.41671288,0.0,1.5140209,0.0017479789,0.04957522,0.61585224,0.0,0.8129279,0.5469509,0.24590202,0.35785776,0.92137057,1.6574982,0.16583712,0.41650942,1.9749355,0.64453745,0.464877,1.1156079,0.578606,0.0031874464,0.57607645,0.18821985,1.5829387,0.92622817,0.27575567,0.4445646,0.0,0.0609224,3.494145,1.0596095,0.77713275,0.0,0.1610981,3.267426,0.027722433,0.53243744,0.33377892,0.6668452,0.033275753,0.77897066,1.7277212,1.7374339,2.2321827,0.5397367,0.22058524,0.0,0.8100923,3.1896946,0.44017798,0.4549603,0.2898851,1.0997142,0.46578652,0.35415965,0.18277082,0.9213323,0.004211455,0.24303025,0.7183752,1.646367,0.097321205,0.07509735,0.06774293,0.20215449,0.20039193,1.9052233,0.9533797,1.4776632,1.1725742,0.7153593,0.0,2.6707091,2.5396924,2.7152257,0.022846859,0.46271655,1.0741229,0.020669963,0.010891126,0.038661566,0.16769113,0.11664378,0.3300283,0.14224137,0.03225773,0.02971883,1.8853599,1.212195,0.35076484,0.30044547,0.24990338,0.6776141,0.7607931,0.053897046,0.50573766,1.4663625,0.064518176,0.6639096,0.34112027,1.0826479,0.27595335,0.17993514,0.01600428,0.040349133,0.5601705,0.062334903,0.19986185,0.0,1.2994076,0.77473325,0.23498023,0.11103412,0.8548271,1.6562119,0.15705258,0.18145491,0.0050988123,0.01422874,1.4565917,1.6854341,1.5240496,0.99255055,0.40484765,0.0,0.045237724,2.4480817,0.71270704,0.51231027,0.2926867,0.46343678,1.0546602,0.38352233,0.31005338,0.26862994,0.39501354,0.4641484,0.22809203,0.8106095,0.0,0.0,0.33729213,0.081706524,0.8671651,0.035371404,0.44163918,1.804919,0.4022441,1.0043546,0.0,1.144396,1.2721639,0.027130717,2.5600622,2.0457325,0.016224936,1.4363581,0.17006119,0.42750627,1.84557,0.43507588,0.4793714,0.41200694,0.2842998,2.2369175,1.320181,0.394564,0.23434246,0.22660409,0.02533013,1.6527238,0.26415488,0.06436615,0.13032809,1.0118921,0.0018389289,0.9978758,0.53861076,0.45301595,1.637976,3.2547865,0.3802058,0.4498464,0.08443957,0.32322103,0.80654323,0.46540877,0.0,0.5065056,3.4567575,2.8515196,0.5492088,0.80352205,0.0033857408,0.8659813,0.00867547,1.4298122,0.0029517198,0.5072978,1.0831194,0.59483,0.5663098,0.030178264,0.03908635,1.6942846,0.20869276,1.0684121,1.4553387,0.95729834,0.17893608,2.2781138,0.88905,0.98122317,0.33069664,0.50800127,0.08876505,0.3828616,0.13915624,0.018282523,0.0030032063,0.38466012,2.767497,0.11472398,0.00074982416,0.10918859,0.0,0.28922027,0.13995881,1.0167067,0.302226,0.13890915,3.1986902,1.7491219,0.147869,0.071110405,1.6149261,0.7803209,1.2967364,0.12117371,0.70222384,0.2567925,0.0073820534,all_pothole_images\pothole_images_enhanced_39035b1c44ee8bd27f3fb63afeafb922.jpg
0.61525124,0.21942711,0.28174195,0.630176,0.28954035,0.2237961,1.1912856,1.0925947,0.9146861,0.33468437,0.0327176,0.08417439,0.26906884,0.22978567,0.27246234,0.16307963,0.058581304,0.19414574,0.692287,0.006433597,1.1048613,1.3930732,0.24341306,0.0020065415,1.1639678,0.68383944,1.3546673,1.5233357,0.3599958,0.4287857,0.029918209,0.5061027,1.0682485,0.30121166,0.0018811901,1.4442114,0.23448293,1.1463861,0.1670597,1.9119517,0.13457341,0.0022456462,0.37317982,0.6431143,0.51628333,0.53425425,0.352572,0.024085507,0.7077423,3.011492,0.532378,0.44783586,0.029903825,0.38384533,0.43114495,0.82095146,2.840949,0.13303398,0.4395385,0.14896168,0.004725778,0.58112425,0.22084147,0.18719275,0.8931022,2.9471836,0.5119452,0.09985981,0.7083234,0.014409856,0.010566768,0.34574625,0.3733767,0.4014796,0.70719314,0.31300354,0.093778975,0.46532556,0.16283393,0.009036045,0.0071339593,0.0,0.1076878,1.3957672,1.2573005,0.23366274,0.025212647,0.69080466,1.8429403,0.1809507,0.23152758,0.009778966,0.0,0.12646654,0.34462166,0.02277253,0.39555746,0.7088076,1.4135455,0.20776774,0.0031002327,3.1920543,0.36861023,0.16520324,0.11418695,0.0004066471,0.23773837,0.82858616,0.015680265,0.1727266,0.09076438,1.563759,0.88643456,0.08694398,0.090523556,0.35905522,2.380391,0.0,5.541829,0.8156286,0.53230846,0.30977434,0.07965906,1.121167,0.20326528,0.80336607,0.024741702,1.1172255,0.21069548,0.0,0.03854534,0.0016905115,0.02403306,0.089980066,0.0,0.018539993,0.102723405,0.9622284,0.013145665,0.049021132,0.36650836,0.015797695,0.19623362,0.0031442265,0.004170005,0.33896592,0.052274212,0.41233474,0.72198135,0.7274554,0.621081,0.42042878,0.027497604,0.004114896,1.0129715,1.3462654,0.18803266,0.4518034,2.7030756,0.2245097,0.16927843,0.07588228,0.03191545,0.43768036,0.10549288,0.40842468,1.5464882,0.13584721,2.2911818,0.26087505,0.0,0.21718891,0.0039809067,0.05324051,1.1190385,0.0,0.033775248,0.0,0.06129262,0.08310357,0.10500359,2.4661899,2.1593378,1.4592752,0.63630325,0.5705245,0.28630394,0.59782517,0.44641015,0.46089655,0.15973413,0.1575812,0.0034396856,1.7287616,0.026584843,0.3238949,0.1916035,0.24172436,0.21126372,0.03480499,0.35481548,0.06324673,0.049680013,0.58298165,0.413988,0.0037491652,0.45110703,0.8569894,0.80375504,0.36250043,0.0,0.0026013805,0.08094385,1.8468294,0.5559387,1.745187,0.5508647,0.016666412,0.10698236,0.19288445,0.25712642,0.1943709,0.4116635,0.4225095,0.20105533,0.9298669,0.38512,0.34328842,0.5527253,0.7179289,0.6819216,0.0,0.5528357,0.31027743,0.65638304,0.30311558,1.6897066,0.0067895073,0.0,0.046861306,0.7232214,0.34257782,0.004015573,0.4520266,0.15367933,0.0,0.41783383,0.32556626,0.0045406437,2.6279633,3.1222813,0.76261044,1.423556,0.25204924,0.47167563,0.48297843,0.6829875,0.28508276,0.6865807,1.8859993,0.00082295376,0.03240034,0.5896161,1.2992307,1.1848261,0.4356079,0.0,0.38384658,0.1311229,0.21863797,0.115473256,0.0,0.0330714,0.0057098,0.99550796,0.60646874,0.58611864,0.0866563,0.1981198,0.35479474,0.37215358,0.74875766,0.02940679,0.6647658,0.44382885,0.58292997,0.6434502,0.1121461,0.46648127,0.8653358,0.20761813,0.052718434,0.13246177,0.82502353,0.006918618,0.19803666,0.066998556,0.8773107,0.17099899,0.8551489,0.08570193,0.5063781,0.09308068,0.43554828,3.1451502,0.95120215,0.015888488,0.23856793,0.07116402,0.32282135,0.91224545,0.9433902,1.0677462,1.7774346,0.043232955,0.860434,0.1673269,1.7921616,3.1988223,0.17578623,0.089846164,0.011002954,0.057634663,0.2235208,0.15246932,1.9021103,0.27335426,0.004604128,0.05870936,0.03196562,0.65726596,0.65778905,0.037192438,0.0,0.023001492,0.21756856,2.363594,0.5201649,0.0027006536,0.51452506,0.40028423,0.105006754,1.9648514,0.18204685,0.8542202,0.44764912,0.05001966,0.028852116,0.8406151,0.47571754,0.67017615,0.760046,0.11787144,0.13138811,0.17271684,0.10838186,0.39601585,0.85821176,1.1663843,0.73530585,0.0,0.0059895306,0.090592846,0.17172593,0.3048387,0.5047804,0.21999456,0.087822475,0.374952,0.0021994167,1.4464388,0.0,0.94222325,0.0340252,0.70257145,0.29297885,0.99303573,0.3036152,0.25364423,0.026822189,0.098656714,0.013466245,0.42283925,0.2710376,3.0257928,1.6041778,0.50033987,0.0,0.6026361,0.49606314,1.0099564,0.31260642,0.2752084,0.52415437,0.030513534,4.8133024e-05,0.35185435,0.18323322,0.012902537,0.71038526,0.5455697,0.20851366,0.3827283,0.04614366,0.5175698,0.022434736,0.017799158,0.03640803,0.29648927,0.26069468,0.62122333,0.12558126,0.1288388,0.28208315,0.070484996,0.41107488,2.2565453,0.07860229,0.5454171,0.07043784,1.5211356,0.11983539,0.6327029,2.1784263,2.1889875,0.26823178,0.22634812,0.5190661,0.06921481,1.2831621,0.4890268,0.049138427,0.7091559,0.006023995,0.7249024,3.5659,0.9455185,0.17874597,0.1284818,0.9442332,0.05013965,0.058975905,0.06016053,0.9186926,1.5186138,0.121516705,0.88717866,0.19655013,0.03203543,0.15830271,0.45470098,0.716958,0.39099082,0.4818147,1.0309018,1.8977611,0.48818743,0.15880145,0.503332,2.1077101,0.900527,0.027148493,2.4801173,0.32380784,0.718176,0.38639963,0.19071524,0.2835711,1.1916043,0.21212174,0.526996,0.7288427,0.43130842,0.13697773,0.54077756,0.4947543,0.048777897,1.855513,0.0022953723,0.5311892,0.19773999,2.742973,0.49037376,0.1879274,0.033249665,0.0,0.55617404,0.4164723,0.22518134,0.40849817,0.38198042,1.0357417,0.13331372,0.11022076,0.35587427,0.1538826,0.0,0.05189373,0.0013992429,0.07507411,0.08670228,4.5846953,0.6399256,0.047196932,0.10054757,1.503213,0.0,0.24719572,1.4890351,0.40411866,0.3691569,0.3148869,all_pothole_images\pothole_images_enhanced_396fff0614d4e9428fd7bff3f2456773.jpg
1.0681286,2.0737143,1.5733837,0.48850468,0.16032463,1.1990291,0.46496272,0.10720429,0.36332056,1.0984153,0.08401039,0.18163002,0.10196383,1.189477,0.256507,1.0484025,0.018287294,0.8667692,0.5822874,0.14795534,0.5968692,2.8997955,0.50716865,2.2155826,0.4978292,1.2167479,0.10450627,1.5333236,0.055221815,1.008714,1.5701509,0.5373235,1.6783497,1.3205818,0.50119233,0.041592956,1.2727876,0.70395535,0.4838622,0.38418886,1.0621933,0.67218345,0.12312315,0.8033279,0.93941015,0.17399158,1.0248383,0.008413746,0.6753677,0.12496769,0.42527357,0.42676508,2.3395712,0.61489207,0.28125772,0.37958083,1.8873428,0.22562163,0.47071776,1.0295153,0.4888871,0.28361195,2.038059,0.6136656,0.22262968,1.1539283,1.2411776,0.22410813,0.66905695,0.52907866,0.32201943,1.7664349,0.3409751,0.012636576,0.18491429,1.0671394,0.44405356,1.0573554,0.57461417,0.54635274,0.9725222,1.2193774,0.1865789,2.695904,0.76705295,0.31691137,0.19984528,0.56901556,4.233092,0.5860957,1.1778988,0.8480052,0.29853547,0.1969131,0.277438,0.43947926,0.5139827,0.8639615,0.11147203,0.31262738,0.33558914,0.8552671,0.38893533,0.5843139,0.027009664,1.297323,0.3386654,0.27888036,0.8837362,0.79848045,1.7063111,2.0509074,0.20839508,0.4633543,0.5663387,0.95598435,1.2472225,0.34924942,0.3208678,0.6239932,2.043945,0.82746387,0.93260056,0.9252129,0.5210124,0.38194758,0.50778455,0.58018315,1.2971306,0.497736,0.722584,0.40951312,0.2998461,0.014553695,0.119221665,0.008178587,0.0,0.21950449,2.391341,1.3449398,0.8426213,1.2978302,0.12504184,2.3604114,1.1147006,0.65524143,0.7307007,0.0016745627,0.3042208,2.018061,0.16400664,2.5614252,0.051038492,0.18199605,1.5579687,1.0902181,0.013809563,0.5954334,0.3134537,0.73602945,0.78497934,0.46427554,0.027828252,3.9515173,0.27340975,0.25593472,0.7645961,0.36148617,1.1048806,0.18718344,0.6337472,0.17125839,0.5517642,0.13881989,1.567808,0.57223433,1.6616076,0.52621466,0.37574682,0.52458113,0.010099077,1.5103679,2.2758117,1.0348922,1.2067082,0.7556488,0.97189826,0.09346261,0.5063694,0.31503472,0.7960521,1.0578979,0.9317702,1.7840253,0.090898834,0.59175426,0.17518638,0.4540703,0.4269749,1.1356289,0.55137455,0.5304307,0.89173543,0.77118874,2.5003164,0.62247473,1.4144866,0.42417008,0.032218877,0.022318572,1.3248456,0.3948897,1.1614118,1.7021992,0.6829642,0.15334436,1.0262157,0.33612683,1.4483769,0.783453,1.2662109,0.3897103,0.2746204,1.7942663,0.056896307,0.35855192,0.994812,0.20528479,0.66091686,0.2994796,1.3288665,0.42351305,0.030451318,0.46855372,1.9300642,0.0054202164,0.98483837,0.5270391,0.09505272,0.0047825715,0.019453116,0.0964211,0.14103685,0.39778063,0.0,0.31975093,0.43193173,0.2730446,1.2534522,3.3919933,1.4514259,0.0,0.71996135,0.62426853,0.35968313,1.4537517,2.7790112,0.5047879,2.7556126,0.4492853,0.62732327,1.2289872,0.58348,0.68544704,0.23631123,0.4700217,0.09395526,0.73581284,0.07354298,1.8278288,1.3850412,0.22015257,0.47628862,0.2831209,0.60825634,0.7299707,1.3013052,1.4364014,0.31150302,0.7082493,0.59966826,0.28920114,0.1306262,0.5548569,0.6982069,0.17613247,0.5323042,2.4191904,0.60928434,0.050080728,0.37764022,0.96046996,0.025134988,0.57760864,0.45005327,0.95946866,0.9700077,2.1465898,0.66920626,0.7758093,0.22299579,0.14619505,0.5008074,0.52280456,5.3283634,0.4271065,0.2928936,1.3294145,0.51240724,0.006396347,0.37332955,1.0396593,3.3642955,0.43618998,0.43066698,0.6038043,0.93084145,0.88284993,1.3444643,0.85852164,0.0,1.3495293,0.37104383,0.1484886,1.0332125,0.78943086,2.5019433,1.5722634,1.7139452,0.88886476,2.7627904,0.3913253,0.9900427,0.8147665,0.9645959,0.10996865,0.7076396,0.36200437,0.04732951,0.15286233,0.19045928,1.117901,0.8201763,0.10463322,0.73969394,0.13599834,0.06934281,0.3599317,1.4076363,2.3208528,0.07775511,1.041844,0.2809657,0.28327844,1.6898414,0.02839587,1.6069571,1.3551269,0.10725664,0.6333712,0.13829044,0.50233716,0.82730204,0.7562589,0.013326825,0.7233024,0.8018996,2.30451,0.36198008,1.6050392,0.7934578,0.5725449,1.8783915,0.5329966,0.9906372,0.79300314,0.5191971,1.0269995,0.38031647,2.0316412,0.16869342,0.09050404,0.6004367,0.8801247,3.147275,1.0901507,1.6218083,0.053364564,0.3491188,2.034743,0.8672068,1.1480857,0.97166526,0.74014294,0.12505832,1.1258007,0.0067879776,0.9443549,0.34848392,0.40651888,2.1074638,0.519659,0.34056184,1.0075727,0.0032229982,1.2653434,1.3267252,0.22336794,0.33605123,0.4628179,0.42293617,1.8094777,0.8681582,0.50235236,0.4167022,0.22570477,0.43469116,2.9140854,0.0,1.0131433,0.78864574,0.403029,0.6405051,1.1864282,0.7389742,1.0741614,0.2550076,0.7855956,0.058944117,1.0755377,0.67774403,0.73184466,0.0052771326,0.20774747,0.9706742,3.297499,2.284874,1.5676733,0.9354696,0.9842154,0.039766658,0.59362614,0.142567,1.2649885,0.666003,0.86754435,1.5839231,1.7519699,3.3826604,1.124294,0.7457863,0.33872312,1.3880287,0.97238654,0.684743,1.4759884,2.0145588,0.8228921,0.15160684,0.203132,0.7124767,0.051133923,1.0600598,2.0264506,0.48123148,1.8282152,0.4272564,0.22628304,1.3710593,1.6062214,1.8053763,1.6187797,0.9320839,0.014549529,0.35787636,0.4414868,0.041795183,0.31577334,1.0563935,0.1972924,0.38582394,2.6584616,0.5296415,0.45581502,0.06009953,1.0721905,1.3249127,0.648025,0.2807128,0.07810012,0.31394607,0.42375416,0.2640584,0.15516949,0.23291728,0.048581794,1.3861929,0.037451793,0.79915553,0.13327123,0.13853362,2.3150325,0.16836223,1.7405616,0.36109102,0.5777938,0.0737687,0.29737964,1.2421005,1.4200271,0.30017406,0.19306833,all_pothole_images\pothole_images_enhanced_39808d69f68b4b44de673e7506986537.jpg
1.3221626,0.30011928,0.00066184177,1.9969183,1.048128,0.07085131,0.33185133,0.13478735,0.04180373,0.15697332,0.015010203,1.2552602,0.78079176,0.34877813,0.1419745,0.0017135134,0.024428051,0.3503021,0.56086355,0.50896287,1.2971904,2.303487,0.0676917,0.21944913,2.4062116,0.16238588,0.8358854,2.8185318,0.06024997,0.38512737,0.89729214,0.35390326,0.40962085,0.17233175,1.6994959,1.4593719,0.6174539,3.0174716,0.648711,1.1725311,0.0,0.0,0.15066272,2.31601,0.06353103,0.2770779,0.041900624,0.12092167,0.28701997,1.8471625,0.4963132,2.0937867,0.16144972,0.01568734,0.12982313,1.2920487,1.2038715,0.29687926,0.41465938,0.20269918,0.42109382,0.18245508,0.4467268,0.26084453,1.6284747,3.113227,0.09382745,0.61798185,0.64839435,0.23137546,1.0602733,0.44690445,0.2418627,0.7475645,0.058534134,0.04473733,0.37354943,0.31156173,0.0906642,0.16157384,0.49444664,0.027313674,0.0,1.6883168,0.46158513,0.31905955,0.4922602,0.20866394,1.9435976,0.20110054,0.55880386,0.44406936,0.02592409,0.0,0.01305171,0.016808238,1.3456614,0.38306955,0.8963354,0.24221763,0.14451334,1.6865107,0.8970974,0.19138399,0.17707948,0.18458061,0.6549947,0.7389995,0.25621146,0.47057566,0.00082874496,1.0193944,1.3322582,0.13883573,0.49260268,0.4094485,2.4939773,0.032835484,0.7002885,1.4325069,3.2402723,0.10298098,0.11936456,1.4578212,0.9195235,0.9023718,0.51318544,1.2686285,1.5663574,0.40624028,0.7519106,0.0,0.862398,0.10400413,0.09450735,1.0683004,0.119155794,1.5412676,0.6592963,0.05219249,0.6190672,0.3539133,0.017554939,0.5289904,0.43444055,1.4030493,0.21063341,0.14426908,0.092972614,0.34188554,0.52177256,0.7440629,0.011411301,5.8825273e-05,0.29807046,0.5958532,0.8424704,0.06917992,0.61225975,0.5592019,1.76216,0.8391643,0.033939898,2.5320632,0.0,0.20596959,0.07904282,0.069258615,0.5918756,0.309554,0.15742159,0.094013005,0.43689936,0.8810001,0.27878967,0.0,0.0,0.016777225,0.57151765,0.17070003,0.18121235,1.5779973,2.7826743,1.3019271,2.9545512,0.031898748,0.028336275,0.15078776,0.9464989,0.16456307,0.18357985,0.79956746,0.1838384,1.9355073,0.14224267,0.9399381,0.06364256,0.019044824,0.0,0.5032212,0.20419654,1.4459459,0.9450255,1.7453389,1.7205038,0.8609317,0.1225286,1.0445286,0.12162304,0.16064312,0.046772208,0.0,0.08969561,0.1830788,2.023356,0.633959,0.53645813,0.028304478,0.8426646,0.021281986,0.65980095,1.2561882,0.39492393,0.015473245,0.22194903,0.9225245,1.5374031,0.19690679,0.7669816,0.7054731,0.30598325,0.19801778,0.8863393,0.773248,0.0014268633,0.29318586,0.84972745,0.039327092,0.07752063,0.7413168,0.72417146,0.05803444,0.5576688,0.028110996,0.32463175,0.137345,0.7164831,0.5491895,0.66756856,3.5134077,1.4380108,0.6738429,0.69155306,0.43433535,0.1334327,0.5130545,0.39281493,0.1804779,0.064893045,1.1011434,0.31578872,0.09388873,0.6375106,0.06420094,0.99407506,0.36889166,1.1933653,0.63396776,0.4180311,0.07772524,0.058059826,0.23423202,0.053918187,2.0467663,0.50816935,0.90420383,0.26802048,0.62760663,0.0,1.2035605,1.8215647,0.06382981,0.7821292,0.0,0.9246591,0.32675302,1.3962215,0.43568173,1.9654602,0.7879746,0.07196903,0.1375017,0.6483121,0.6177031,0.008897639,0.10381432,0.09517361,1.13109,0.32719338,0.87242544,0.32396093,2.8130255,0.07454673,0.19320005,5.402836,0.5728307,0.0,0.17509297,0.00309533,0.72012,1.258205,0.43382868,0.53785384,1.4603883,0.101125255,1.2399925,0.28208527,1.1605723,1.9546179,0.11100643,0.07419381,0.18335164,0.13764118,0.40996334,0.68231374,1.2164712,0.9179289,0.012073144,1.1877227,0.04746072,1.8942912,0.22278789,0.41889554,0.10183386,0.07837182,0.27004018,1.1759374,0.9283903,0.13760816,0.39129502,0.68500346,0.5671865,0.95709634,0.74983627,1.0219983,0.12534796,0.06536038,0.38090366,0.53867847,0.08156676,0.43878752,0.80140793,1.163695,0.23777118,0.0,0.25188723,0.114600845,1.3398255,0.8664015,1.5534924,0.10343937,0.39433268,0.33060548,0.33359215,0.15502007,0.0,3.008582,0.26253438,0.015829721,0.06332315,1.3198115,0.275875,0.4096071,0.03631237,0.28306457,0.19107822,0.02433929,0.003163347,0.42237133,1.0155002,0.88189745,0.04189297,1.0648377,0.06917057,3.9710646,2.2546449,1.2614744,0.0197626,0.27677107,1.1652838,2.2406778,0.7182818,0.17810275,0.12256365,0.36146048,0.07872254,1.2729685,0.1579221,0.06666952,0.16441888,4.112533,0.80580676,0.6488193,1.1037084,0.2053373,0.18663137,0.19367054,1.3563324,0.17690575,0.32141575,1.7744318,0.8183652,0.3055875,1.6794516,0.6184894,0.28225115,0.10348514,0.65541464,0.37125134,0.04102607,3.714948,1.3040684,2.089247,2.0976021,1.9204811,0.2764024,0.71644956,1.0426382,0.046334248,0.35649732,0.17144495,0.25380915,0.7737546,1.4571245,1.3223414,3.0487506,0.19986321,0.114006296,0.30928537,0.121029615,0.010028476,1.4110078,0.03735169,1.3216207,0.30936512,0.1366683,1.1352066,0.010056187,0.114375435,0.7822149,0.5583232,0.35658637,0.44651088,0.45623678,0.8068713,0.027829053,0.5184037,0.10921976,0.96450245,1.0218934,1.7921015,0.14857101,0.68486273,0.03355176,0.11093013,0.31546828,0.5639504,0.011944368,0.25443602,0.27783996,0.49814138,0.57664657,0.17888014,0.799502,0.36256894,0.029896546,1.1408585,0.9650317,0.70231766,0.041712776,0.053211994,4.229429,0.03003649,0.25452194,0.0032208774,0.5259942,0.46853054,0.033588283,0.38960272,0.031400796,0.020261705,0.15059659,0.03242979,0.21431893,0.030343553,0.3941936,0.08047965,0.17717057,0.35028037,0.9496198,0.025042316,4.5805078,0.40539873,0.12418188,1.1078061,0.18629763,0.3852317,0.45174274,0.015340821,0.2897067,0.89421856,0.9968911,all_pothole_images\pothole_images_enhanced_39c540c03f44054f130095fb1a0966bf.jpg
1.9760265,0.648387,0.6208724,0.7812841,0.5484645,0.13316765,0.98673105,0.15739256,0.60055655,0.37836358,0.45392928,1.0666064,1.0096121,0.18723598,0.29646745,0.60682213,0.49084875,0.24538137,0.4941681,0.29640657,1.0381277,2.077773,0.18616898,0.20478258,0.7181827,1.105305,0.39144787,1.9136791,0.14973947,0.097178265,0.34785098,1.0401784,0.18689075,3.6177893,1.4684572,2.5035822,0.11628285,0.096930094,0.7908273,0.6443559,0.16730145,0.12892404,0.20670047,1.3969681,0.46485433,1.081604,0.09933765,0.012263991,0.7801965,0.80423826,1.8542248,0.33371174,0.051328517,0.434073,0.1679633,1.9602357,0.89602953,0.4720473,0.33042562,0.012567004,0.0,0.5142552,0.2681894,0.22394094,0.7688447,0.9874082,1.0157628,0.96664476,0.90617704,0.043049198,0.9005639,0.374132,0.18778645,2.1479533,0.4692097,0.047109254,0.15220569,3.9889317,0.41249874,0.39245072,0.81316173,0.14803493,0.662643,0.42350605,1.3125006,1.2292005,0.15847686,0.7654874,1.9905162,1.371138,0.82173866,0.17569962,0.10020199,0.74014443,0.21126848,0.0011844125,1.2389576,2.4664133,0.75075376,1.2368187,0.5794301,0.6440466,0.6808971,0.42914078,0.38222915,0.3141595,0.8533269,0.40834877,0.10919213,0.4547926,0.0998719,1.9483355,1.4492661,1.2658687,0.40510282,1.4433309,1.4760112,1.0168052,2.1022034,1.0906961,2.5577674,1.0310017,0.28922698,0.46897736,0.055680014,0.8414245,0.81066716,1.9742607,0.6055454,0.3192206,1.7595602,0.33573475,0.17942068,0.14641808,0.13616651,1.1166521,0.55524254,0.47327816,0.6078779,0.57897544,0.48400357,0.21981849,0.09423224,0.7369691,0.16692804,1.3799187,0.6627073,1.3771337,0.68222535,0.6679622,0.6526922,0.99025166,0.5520432,0.03299756,1.2075714,1.7585533,3.2723489,0.07852688,2.260639,0.064466074,0.56042403,1.2963674,0.100133225,1.5584472,0.29304692,0.3017067,0.3949848,0.043482833,1.7689056,0.07341622,1.0864412,0.11761285,0.78974974,0.88997096,1.5738477,0.01890066,0.28121895,0.09978442,0.88966966,0.37093297,0.016522609,0.49161652,1.8652645,3.4375463,2.597109,0.4801826,0.12422731,2.334958,2.5805361,0.8821439,0.8684943,0.82194567,0.58062077,1.164105,0.5830486,0.1736412,0.9849219,0.23065126,0.7707247,0.18023384,0.54498124,0.64494675,0.8587278,2.120641,2.005724,1.8919903,2.5208216,0.3839025,3.4651654,0.55109006,0.13106664,0.11317792,0.39931372,1.3798479,0.21423239,2.0450199,0.39571404,0.1171896,0.39971766,0.13667622,4.1978045,0.70181173,0.4026909,0.10948607,0.000101921505,1.2990801,0.6527067,0.36858678,0.52587837,1.203848,0.0007968471,0.4596569,1.715705,1.2138023,0.04622259,0.16416222,3.970097,0.38033566,0.051352713,0.49920246,0.49432278,0.560571,0.045197047,0.08113976,0.35140786,0.34336415,1.4505864,0.16387515,0.15338223,4.1093717,1.5460521,0.2007939,0.9327802,2.401137,0.028976994,1.9574172,1.3009348,0.47752756,0.24391769,2.5096512,0.06000199,0.6334145,2.43649,1.3415656,0.42148757,0.44526297,1.5042009,0.8190692,1.0020102,0.04822843,0.09199333,0.06035125,0.2061839,0.6950796,1.8837948,0.42173398,0.94976807,0.39171728,2.1385527,1.0957724,0.8778287,0.016173718,1.3163692,0.6375955,0.00041200675,0.5854386,0.71772814,0.047138795,0.6386425,0.67705,1.0567962,1.4537518,0.2826313,1.0750809,0.58591866,1.0615916,1.8291953,3.6820579,0.36824474,0.9264632,0.81660867,1.0011859,0.43767413,1.1841199,4.2996316,0.7958095,0.2511006,0.7110374,0.0,0.34937653,0.56658196,0.62111086,3.191317,1.5749828,0.95406586,2.220268,0.1286553,1.0196183,1.8960456,0.0,2.1227715,1.2190077,1.1580205,1.5176004,0.0,0.44109687,0.9387906,0.16094539,1.8442283,0.7458927,3.0279684,0.4234493,2.3529441,0.0,0.7776219,0.02492242,0.93621296,1.7642187,0.3905398,2.3789308,0.9918884,0.320885,1.86265,0.48590067,0.27101704,0.14942953,0.7165812,0.27037725,0.010546209,0.3628147,0.017929053,0.93587875,0.19075935,0.2692728,1.144759,0.21306236,0.45745012,0.30430996,0.74535275,1.4524912,0.021713363,0.6005467,1.4340943,1.6716336,0.43523437,0.6080796,2.1603816,1.1728159,0.3916153,0.004877189,1.0070577,0.6085904,3.3247776,0.0020890513,0.8897638,0.077973396,0.4016727,0.35006642,1.1697204,0.8041168,1.120711,0.0060679354,0.39987862,1.8976642,2.9769714,0.85656434,1.2817948,0.0,1.025002,0.82643116,1.0651125,0.9319492,0.0229364,0.3191678,0.03550786,0.17381689,1.7942435,0.040899523,0.7894268,0.6150617,2.4079328,0.7063326,1.6403311,0.1564406,0.86296064,0.44875035,0.4109551,1.2620094,0.0,0.23719421,0.91528255,0.9139732,0.35811377,1.3083364,0.0,1.2656771,0.83328694,1.2026416,0.10877841,0.40591055,1.738734,1.8538927,1.1593686,2.578574,1.8048904,0.58928525,1.5461057,1.0707207,0.18891747,1.2979611,1.044238,0.52948034,0.2625772,1.3622645,1.1442139,3.3100011,1.4321544,1.6495965,0.3246322,2.665237,0.5280624,0.5124786,0.48498186,0.7835997,0.5971287,0.07865823,1.1267638,0.30058947,0.037115555,0.87888473,0.9057603,2.2042763,2.0113943,1.5000707,0.894967,1.2399149,0.4851039,0.15743615,0.333681,0.84567904,1.3891923,0.27170473,0.73665524,0.22665389,1.3254812,0.05387629,1.0227249,0.2778315,0.232193,0.4530093,1.084612,0.6725213,0.1849738,3.079225,1.6592847,0.21723753,0.7238615,1.8199646,1.2493522,0.40654165,0.8330559,2.5531285,2.2938538,1.8287624,0.22916314,0.36377716,1.1309296,1.3996437,0.43838394,0.27085435,1.1555898,0.53375506,0.082296334,0.082948394,0.049815934,0.1963976,0.008023975,0.19806509,0.22006652,0.0,0.79606616,5.4160905,1.3126955,1.0124496,0.236732,2.1291268,0.23116446,0.10676711,0.2008709,1.8712709,0.22436094,1.4177681,all_pothole_images\pothole_images_enhanced_39d4c65cc76520a63e208dd17ccdca79.jpg
0.57442063,1.6018957,0.76190704,2.7954898,2.1716175,0.06540993,0.63992184,0.3620802,0.2536611,0.2719647,1.3482965,0.6830402,1.3306277,3.292164,0.5869517,1.7707012,0.15947033,1.4585434,0.74984694,1.5669131,0.13536042,0.6154063,0.6651078,1.7442776,0.9559424,1.3147588,0.26526442,1.5906807,0.9004169,1.2189176,0.44946483,0.14470202,1.0648872,0.34479296,0.9479961,0.3120443,0.8015562,1.7336684,0.33026117,0.51656497,0.2976685,0.113906555,0.56745595,2.176858,0.4956882,0.8872063,1.3582927,0.02009662,1.1810733,0.42243436,1.0533569,1.1304758,1.1727977,0.85070676,0.17568639,1.7353578,2.1800077,0.4664142,1.849179,0.35997352,1.0455121,1.3251609,1.8740636,1.032567,1.13785,0.7349831,1.0140611,2.7316632,0.08254363,1.8773819,0.5796679,0.40812936,1.2930944,0.69716114,0.44295594,1.4998926,0.32416704,1.1181371,0.26354378,0.51392144,0.10759447,0.27391312,0.21913181,1.075945,0.596476,0.5370446,0.64220226,0.18205206,2.8755884,0.24921302,0.23618285,1.4593618,0.326899,1.1680003,0.58806723,0.7335415,0.5163284,1.4104952,0.74719214,2.5679317,0.38328636,1.0044996,0.47160625,1.1614032,0.48718816,0.15678637,1.9698727,0.26566407,0.72853374,1.5068573,2.298869,1.9817038,0.26314798,0.36508414,1.1535468,2.4957943,0.946836,1.0896764,0.7045073,1.4361397,1.3244451,0.5984101,0.6893739,1.6711861,2.1222463,1.0376328,0.2146925,0.50280815,1.1757331,1.3296282,2.159902,0.28508586,0.87529564,0.29560354,0.28541052,0.34944612,0.56673336,0.66181797,2.0491536,0.57831484,1.4468472,0.7806503,0.68564475,1.4998821,1.0625969,0.50936633,0.6891696,0.8377559,0.35174704,1.970176,1.0185945,0.60627896,1.6060951,0.64058036,1.5260708,0.851903,0.78640366,1.8853568,0.612967,0.7915924,1.2265935,0.87325054,0.3216079,1.7215629,1.4025251,0.094099395,0.42130867,2.4672866,0.2675345,0.82236046,0.32828957,0.42884082,0.68143636,2.2575986,0.8584821,0.024734426,2.1076226,0.2638664,0.16279122,0.16125536,1.0838552,2.613374,2.0116,0.6679576,1.2938437,1.0134776,1.1763029,0.2967172,0.052786373,1.3940881,1.6442425,0.7136544,0.029363403,1.6355678,0.07001436,0.5169679,1.2872013,0.86438656,0.27506623,0.5364103,1.1104506,1.1360615,1.6555667,0.14204757,0.30129832,1.1629535,1.0406862,0.8185512,0.92716944,1.0798876,1.10481,0.667259,1.5348155,0.89572763,3.2817051,1.0928982,1.1295426,1.046218,1.5675657,0.19510931,1.8483497,0.061774872,0.45539543,0.85201657,0.56435907,0.66474557,1.6162674,2.1169417,0.77812725,0.38001436,0.48188898,0.76768726,0.73160607,0.32511663,2.306826,0.33159578,1.3215532,0.5320547,0.032391794,0.67448705,1.8477099,0.15337428,0.45248693,1.0894442,0.13320704,0.0079841865,1.1996292,0.44066405,1.7020503,2.9809623,2.3244803,0.15584531,0.07352169,0.41011062,0.40561986,0.89827204,1.8141996,0.9539686,2.0415337,2.3125079,1.545109,1.5555824,0.7789884,0.55959296,0.4421088,1.6783326,1.0716152,0.22998272,1.0341847,0.8227337,0.43815425,0.5042511,1.2846428,0.029207682,0.669266,0.9234401,0.32502675,1.1137986,1.6978878,1.1554792,1.3012605,0.2755821,0.85269374,0.60697883,0.913002,0.6137183,0.28151217,2.0526807,3.0971766,1.1304607,0.94275165,0.50026804,1.7582397,0.9426888,1.0266988,0.7681441,0.8210253,0.8461347,0.56142515,1.4420184,0.37619758,0.7478387,0.6532867,0.5658185,4.399485,0.8888559,0.13497652,0.6429825,0.8004141,0.839075,1.3406677,2.6757221,3.5218418,0.93084645,0.67573434,0.7344777,0.31525597,0.53531826,3.6740742,0.8482482,0.18830106,1.2513821,0.3460031,0.9491651,1.2782404,1.3038441,1.9437333,0.6484678,0.94035804,0.8779765,1.4941617,0.403891,1.7061057,2.0175312,0.837142,0.7172138,2.474531,1.5694256,1.0506355,0.38033426,0.7894202,0.49385446,1.001297,0.70960605,0.31352234,0.023533931,0.75015676,0.8897935,0.99501586,1.2564735,1.7581121,0.5548661,1.105901,0.05563415,0.0,0.12114494,0.29942846,1.5630013,0.44300398,0.5095591,1.9869306,0.7527005,1.2607373,0.65803045,0.010138338,0.14280204,2.2311168,2.0888019,0.7945621,1.5491261,2.786171,0.9539514,1.6523606,1.2622138,1.199366,0.97563636,0.34999332,0.8744401,0.9736809,1.2496024,1.5987284,0.6862929,1.5487894,0.48541903,3.2823427,0.9335738,2.6076155,0.84755,0.37777123,1.7652065,1.2072293,1.5179323,0.57531875,0.24561495,0.24710779,0.13210769,1.4052988,0.59715,1.9267753,0.4850459,1.9799353,0.9959293,1.6911567,3.447841,0.57268906,0.89624023,0.4355844,0.72554225,0.6467683,0.46161798,1.5667868,1.3314147,0.3973395,0.5704029,0.6109006,0.97984624,0.96829736,1.4219444,0.5157601,0.53110427,0.7869278,1.3651571,0.37754342,1.7774795,1.0510377,2.3189027,1.243206,0.7785751,1.1987144,0.8745205,0.3852823,0.977911,0.879078,1.5109311,0.52292746,1.9267483,0.6030707,0.7438986,0.19086544,0.53562593,2.0163655,0.5953589,0.47713012,0.733517,0.5326156,0.8651373,1.7024256,0.607953,0.5122121,0.7367225,2.2280233,0.57313496,0.8895842,0.30600706,1.2477467,0.87224376,0.98284584,0.719509,0.19342187,1.2848209,1.5190125,0.3217457,1.335188,0.36233613,1.1960322,0.544656,0.7516022,0.48727158,1.9520799,2.6544464,0.39137882,1.2265702,0.53748345,0.7205262,0.2979089,1.4590795,0.5325749,0.85653126,1.6491141,0.22080272,1.6499635,2.0451086,0.5876801,1.7405502,0.0,2.4842355,1.5825762,1.050705,0.9408418,0.9739104,0.43037826,0.8241893,0.722721,0.35962287,1.8391998,0.7883434,0.5504462,0.0348133,0.8102918,0.39591768,1.5475928,3.2415068,0.19249079,1.5863376,0.71902156,0.35049742,0.85288966,1.1277136,0.21506402,0.58868843,0.51474804,0.40175432,all_pothole_images\pothole_images_enhanced_39ef7ea8bcc7fc4dbb76f84ec6626163.jpg
0.32898214,0.24418081,0.0023924895,2.5570803,0.43141937,0.0,0.119448215,0.012164747,0.23638156,0.32414144,0.7070424,0.01531691,0.0,2.3772542,0.0003835044,0.16235825,0.048552617,0.7368528,0.40031657,0.24410121,0.7458752,0.41971478,0.50235146,0.31913108,0.88809484,0.38406846,0.06419569,2.5971508,0.1980894,0.14048089,0.0,0.0107352575,0.14848496,0.060335293,0.0007824375,0.86439526,0.11452053,0.055860966,0.16680916,0.002228237,0.020918818,0.24499449,0.49538204,0.824058,0.2638606,0.12913483,0.0,0.8967767,0.4669799,0.3276066,0.27578247,0.0,0.12855698,0.14321285,0.22438453,0.6881206,2.270997,0.022761125,0.0,0.082400545,0.027046831,0.21310319,0.0067868433,0.47067162,0.30581346,0.2458994,0.03215672,0.01989993,0.0003116647,0.2087304,0.16288225,0.16337296,1.0291907,0.0019570412,1.0604798,0.0,0.0015482684,0.7798574,0.0050292052,0.40080604,0.0,0.35303858,0.02907868,1.7591803,0.113231346,0.0,0.0011741349,0.0,0.87958145,0.017612856,0.36083665,0.20225811,0.0,0.017067865,0.48666033,0.005006473,0.030358316,1.156837,0.3148724,0.07692779,0.057546362,2.3276556,0.20178826,0.0036440466,1.2569643,0.015642507,0.92250144,0.6069064,0.0,0.46071294,0.0061274446,0.07558413,0.44992104,0.24250999,0.14174137,0.05865101,0.08495111,0.00479365,2.7284083,0.21497278,0.6696672,0.012575767,0.028843341,0.53959465,0.5532934,0.35365131,0.4538689,0.062705554,0.13109717,0.038100075,0.043556027,0.059681494,0.0,0.0,0.35603982,0.2702145,0.45953342,0.006908354,0.058504328,0.08376697,0.07858298,0.01879254,0.0429596,0.024360113,0.0,0.2747104,0.0,0.09140801,0.20461571,0.0048968033,0.085437715,0.9812999,0.02540563,0.14941931,0.483329,0.95970017,0.06179684,0.102964535,0.6263031,0.0969241,0.41419074,0.77874815,0.38595465,0.13716306,0.5280477,0.37461525,0.75692916,0.0050108363,1.0844641,2.6787083,0.0,0.0,0.015860915,0.0,0.0076190718,0.011208086,0.16601992,0.015889047,0.0,0.039702307,0.0,1.288103,0.46774006,0.5547593,0.8904371,0.21462578,0.10394724,0.8566232,0.14476624,0.071986206,0.05488112,0.0,0.4018592,0.14430329,0.07866514,0.22619867,0.75372577,0.0,1.3576543,0.0030158132,0.059354283,0.5372996,0.028083563,0.04175221,0.015025263,0.30139995,0.15444553,0.0,0.3915756,0.1536697,0.0,0.0,1.4648312,0.41888854,0.9945247,1.2654675,0.27365398,0.13680075,0.07429805,0.10378038,0.25431588,0.01636429,0.20319058,0.28437865,0.0,0.0008601737,0.8015681,0.17565441,2.220328,0.16007295,0.0,0.023896154,0.6924967,0.21136586,0.11682561,0.46318653,1.7445594,0.10120946,0.08582436,0.5871226,0.24168357,0.0037941884,0.11627055,0.0,0.12251078,0.0,0.3689516,0.068207674,0.0057867495,6.042451,0.8767995,0.037869006,0.012933028,0.2764609,0.0005337295,0.0012657371,0.87105215,0.47058207,0.11530257,3.894077,0.0,0.05369336,0.4860007,0.35754293,0.49720892,0.010703364,0.54987967,0.25182354,2.0043497,0.08900833,0.17092077,0.0,0.117315486,0.04868656,0.24146652,1.2808995,0.10042433,0.0,0.24989307,0.17938785,0.8908511,0.2981128,0.20641322,0.46256745,0.0,0.07858857,0.2502745,0.057048384,0.19642973,0.06512689,0.0019892359,0.045792215,0.0,0.6018584,0.24678339,0.21965764,0.0,0.12413881,0.088570915,2.3755517,0.23000604,0.5483765,0.09711251,0.05256855,5.7659106,0.12622546,0.009828168,0.005427955,0.35171375,0.47904244,0.0,0.12443807,1.2945102,1.4170692,0.013190596,0.1662894,0.0,1.5215014,6.443498,0.070425905,0.26747236,0.0028226734,0.07854854,0.11673201,0.20668076,0.6142291,0.92164695,0.008482725,0.008820679,0.0,1.1655922,0.20325719,0.0,0.010570908,0.0,0.0,3.2445734,0.474853,0.15290187,0.49221623,0.18221816,0.0,2.2386367,1.0357276,0.5261056,0.030757884,0.2262651,0.16480735,0.018364325,0.013130141,0.021953793,0.019234745,0.0058838055,0.76455456,0.12213588,0.08581918,0.12009523,0.35529727,0.46725494,0.26898745,0.1337019,0.15718026,0.012241727,0.036588036,0.0,0.0029479463,1.0669034,0.08541457,0.020305634,0.18987212,1.5731411,0.0061916877,0.29340434,0.0,0.0,0.31937948,0.062219948,0.043887533,0.18036447,0.0278204,0.39373532,0.00272338,0.0033849026,0.16366532,2.183029,0.07897944,2.096428,0.0066336654,0.0063651255,1.4342959,0.059901733,0.06179565,0.0,0.006561008,0.0,0.1673174,0.31592208,0.0024351776,0.04022003,0.0073394263,0.14382526,0.801524,0.29858503,0.004135289,0.0,0.16559137,0.24563822,0.21390203,0.95540273,0.024821125,0.0058225794,0.0,0.0,0.22091144,0.065347254,0.430916,0.3246533,0.027407475,0.53352606,0.119454086,1.7535391,0.027277375,0.002164463,0.35437915,1.8082434,0.0061292667,0.26644316,0.043777425,0.07871501,0.17239204,0.28139764,0.06405287,0.31129372,0.21114294,0.063136615,0.41775605,0.16705444,0.509894,0.0,0.109805115,1.2858728,0.108047135,0.0050807176,0.00070638035,0.0,0.0013258785,0.12785938,0.6257999,0.73953134,0.26122007,4.2853627,0.07343287,0.24426393,0.047418155,0.82056034,0.33718497,0.03632206,0.060372416,0.0003977557,0.28305763,3.4088202,0.031839013,0.92042834,0.0,0.4949315,0.0,0.0,0.0,0.12605387,0.2397156,0.26863736,0.6462011,0.0032837563,0.17583354,1.1075542,0.043250266,0.04655473,0.42686072,0.16859171,0.03612131,0.0,0.92623776,1.7051656,0.039143782,0.1967857,0.011481054,0.34344256,0.0010716569,0.26702094,0.0,0.32228664,0.54677695,0.0,0.0036238425,0.0,0.1898521,0.07229501,0.02661629,0.023768172,0.01985911,0.014488166,4.0068755,0.05282458,0.07807675,0.0,1.7202575,0.81705916,0.14929059,0.0,0.0845043,0.0,0.0010668389,all_pothole_images\pothole_images_enhanced_3a23b23ff4b216bad9c9245fc056a544.jpg
0.67473507,0.6991441,0.16800651,2.9940248,0.03887693,0.40610465,1.4340487,0.08454779,0.006515504,0.47238976,0.40829933,0.45308024,0.0043088114,2.4612792,0.0057953913,0.04188575,0.0,1.0454248,1.51143,0.10160187,1.0366373,0.2804567,0.07955542,0.7883441,2.1086535,0.93553066,0.9668,2.3185155,0.12901981,0.009213475,0.36425707,0.76804477,0.0,0.69134223,0.4538857,2.4503431,1.1022824,1.9478991,1.7702568,0.034327555,0.024366224,0.29418063,1.116649,0.17905535,1.3544856,0.7271758,0.299664,0.2467006,1.5929615,0.23883471,1.7307695,0.70536584,0.28605938,0.539896,0.14508155,1.1044317,0.3129036,0.4333151,0.4819015,0.7168963,1.419417,0.67909366,0.17259936,0.41170907,1.6355064,1.1380036,0.5119653,0.6594224,0.8606774,0.0027883174,0.7913076,1.2310823,0.1328284,0.21494856,1.7310638,0.033109803,0.8862013,1.4614997,1.0972931,0.8729389,0.037285756,1.1075964,0.9154093,1.600859,0.22998062,0.0024384563,0.43588722,0.0,2.009911,0.68400586,0.067650996,0.3612318,0.613219,0.23019718,0.1004085,0.0,1.3027799,0.22933422,1.4867305,1.7277249,0.2556362,2.0120027,0.64571595,0.29752344,1.5018607,0.07647042,1.0264775,2.2527866,0.5574909,0.1069304,0.56835836,0.4791213,0.2286225,0.5936569,1.0873893,0.30671084,0.017029384,0.28781438,1.3245949,1.3131194,0.4023474,0.008422557,0.6679579,0.9897807,2.6115572,0.3257417,1.7424599,0.0,0.6824736,0.93196976,0.03780959,0.45027447,0.5581706,0.0,0.9235866,1.261222,0.9448281,1.4064804,1.4098856,0.0,0.16360684,2.3134456,0.52003795,0.9632422,0.59266496,0.7091986,0.5304288,0.0061549237,1.321801,0.044258423,0.08034489,0.7315829,0.48474914,0.1483642,1.7393916,0.56964487,0.3684535,0.3025941,0.78816533,0.7008049,0.51020354,1.1222903,0.1069843,1.5884771,1.1859777,1.1402832,1.045456,0.03354942,0.6064258,2.833488,0.22465524,0.0061677317,0.031148564,0.54258955,0.1134287,0.26530987,0.34823385,0.0055408766,0.5260699,0.37013283,1.1070589,4.803843,0.45701632,1.8875313,2.7832432,0.2030946,0.8150638,1.243872,0.06287801,0.5959061,0.03770215,1.5650243,0.1170791,0.27914816,0.6126752,0.34195468,2.43589,0.89155346,2.3079598,0.71374106,1.5438681,0.1613733,0.018574579,1.6657026,0.10256858,0.0,0.32300338,0.030268013,2.480359,0.23628321,0.0,0.0,0.5765371,0.22050756,3.1829572,3.4690475,0.0,0.0,0.17905816,1.6589524,0.9249126,0.05957575,0.53084767,0.20259078,0.0,0.5040083,0.4861194,0.020766921,3.1395564,0.91813505,1.8217037,0.0,1.262346,0.09365346,1.1377842,0.8033041,2.14623,0.1775531,0.28865954,1.8621254,0.6984215,0.2783593,0.02644258,0.0889101,0.49157014,0.0,1.655795,1.6843283,0.78373426,7.092534,0.18691371,0.9149358,0.13507704,0.20002677,0.114724115,0.34653908,0.59433955,1.4229537,1.1372062,4.8074203,2.030308,0.71708345,0.59878314,0.004832426,0.711667,0.15292123,2.6587405,0.049393486,1.2786015,1.2887696,0.8943327,0.0,1.6294963,0.48443213,0.8849313,0.34003282,0.0034038308,0.09300337,0.7226187,0.55409783,1.1725478,0.23120911,0.2398379,0.053008214,0.006635827,1.4224443,0.371799,2.443318,2.5825162,1.5895853,0.07503324,0.7857908,0.019039102,0.1575429,0.133751,1.7664579,0.036888834,0.32210952,0.6881227,3.836066,2.7374048,1.156362,0.44315025,0.032294966,6.4018292,1.4063622,0.62266666,0.0,0.20360072,0.5037124,0.56717104,0.050448537,1.7806586,4.1545825,1.5734576,0.8808256,0.13991219,1.2445439,5.4878936,1.873112,0.038548008,0.0,1.3762736,0.85310364,1.2763907,1.7964854,0.9432759,0.01842199,0.24890883,0.84161365,3.2281892,0.41157138,0.0088885855,0.895514,1.8647625,0.23191625,3.2238069,1.2416303,0.12820452,0.7564029,0.4978124,0.0,3.1647515,2.2769806,1.5958723,0.74482507,1.4042854,1.1185741,0.8215671,0.50021464,0.0737094,0.26530665,0.5465319,0.7542313,0.12372679,1.7026657,0.34678343,1.6288744,0.47776324,2.6442802,1.3836206,0.64680326,0.08948661,0.28789628,0.4367389,0.010425624,0.26660728,1.1965364,0.30495164,0.32360202,0.07329529,0.12548225,0.27012175,0.24342346,0.08493096,0.20552756,0.03073444,0.17525193,2.498002,0.096809976,2.589556,0.3310124,0.5117312,0.8282421,1.9483681,0.3012852,3.112662,0.46325672,0.38810915,1.752493,1.9639237,0.46427906,0.26443073,0.89966816,0.17335035,0.042704917,1.3761581,0.0602339,0.1703235,0.31955692,1.035163,0.6815464,1.972277,0.46985412,0.9072317,0.027575461,0.23067659,0.50692767,1.1738954,0.538591,0.05990536,0.0,0.0,1.3953066,0.8010191,1.4772899,0.0,1.7723008,1.5891633,0.0053045102,3.548386,0.08205576,1.0295478,0.30265343,1.9831688,0.46225765,0.0495443,0.3422765,0.93673325,0.9093173,0.32461283,0.8375962,1.256726,0.14323707,2.5628521,0.29838166,0.47604716,0.43128628,1.5720841,0.062273342,0.56843054,1.5450691,0.43312725,0.08149965,0.046313785,0.07226898,0.82952756,0.5663115,0.28496596,0.89446574,1.6513987,0.35309285,1.4779472,0.23597701,0.26147902,0.0032055338,0.6253963,0.26862818,0.12769644,0.4600465,2.177787,0.53539735,0.7963408,0.07690925,0.6883129,0.61677325,0.0,0.009855763,1.0077043,1.066184,1.4116498,0.9015098,0.13714345,0.6839004,1.9353842,0.0018433034,2.781357,1.9498897,0.10388864,0.062121127,0.014360724,0.6470553,2.8429446,0.23820966,0.14344724,0.35274017,0.010055166,0.0,2.3056507,0.012224739,0.6944589,1.8664379,0.8696374,0.39154994,0.0,0.13198136,0.42888138,0.40742686,0.08218857,1.3408844,0.8138502,2.8424988,1.8515081,0.33736986,0.62887466,0.5778174,0.9191944,0.37508455,0.73486197,0.13748068,0.045779355,0.031009205,all_pothole_images\pothole_images_enhanced_3a244235a0cb8c23281c34c523adfacd.jpg
1.0534818,2.4823978,0.6074179,0.3385356,0.25449008,0.20407087,0.53020513,0.8563185,0.14033553,0.44531554,0.73703116,1.2830215,0.48229763,0.793204,0.04789211,0.3036323,1.4468994,0.7682841,0.08113474,0.8739697,0.22144568,1.9531832,0.7073381,1.6261257,0.3745729,0.46994668,0.10909851,0.47038817,0.51750225,0.8223924,1.1244285,0.0444682,1.4759412,0.31624147,1.6958609,0.20118608,0.4959986,1.8115412,0.107895516,0.26015633,0.5131217,0.6694708,0.45682582,0.7876369,0.119774826,0.9541179,0.1450549,0.0019694923,0.088161,0.21542276,0.19071127,0.6633496,0.8100933,0.631071,0.1511297,0.4996168,1.2598146,0.0698284,0.53191185,0.97579753,0.47016448,0.043560788,0.6002828,0.24578053,1.2884237,0.29436606,0.17408966,0.033806693,0.17693138,0.29249674,0.023751918,0.26011497,0.7211277,0.08267002,1.3910798,0.65473914,0.08371501,0.4669879,0.0,0.0009083823,1.2056282,0.92306936,0.12296793,1.860054,0.4027756,1.1100827,0.06950714,0.22173062,2.0143845,0.07773885,0.4225398,0.025754714,0.29188353,1.6156374,0.014825642,0.08943074,0.5599276,1.288531,0.87125254,0.600522,1.1131372,1.5568079,1.1889033,0.13579649,0.19911146,0.6136467,0.101406634,0.8088712,0.08648959,0.9256475,0.88268715,1.1711484,0.42719162,0.65556,0.57009816,1.5569642,1.3763089,0.9533453,0.8644923,0.6303164,0.26897928,0.6692454,0.9804688,0.4009474,0.7405648,1.0633049,0.30121958,0.047107164,1.6086164,0.727832,0.83211654,1.9677943,0.6630992,0.31367835,1.4744335,2.8320231,0.14521179,0.43908083,0.7081005,0.48200125,0.12790038,0.56547606,0.7562333,2.5306196,1.160143,0.19301465,0.46024972,1.019475,0.19960202,1.3225586,0.14075501,0.08797465,0.12986918,0.02403692,0.31698927,0.017087117,0.17513849,0.55068624,0.2582683,0.36649093,2.0351703,0.49277058,0.10846788,3.2063966,0.23905125,0.24818291,0.7857161,1.4640819,0.5431658,0.81481963,0.002838898,0.5213364,0.4278782,0.0996262,1.2996297,0.59361976,2.7016633,0.09431595,0.14166147,0.4704047,1.1095754,0.7777718,1.8470095,1.0546933,0.5676197,0.5854774,0.04698663,0.29121545,0.11871821,0.26657134,0.75974184,0.5210593,0.3301707,0.9303425,0.3087167,1.1002824,0.7934062,0.806583,0.051609106,0.5238004,0.2424736,0.30647182,0.25604504,0.060688276,0.80865526,1.0887811,0.6886205,1.2985297,0.24985449,0.6053423,0.065435424,0.2284784,0.5569642,1.644998,1.3137954,0.12915911,0.93095934,0.72562194,0.2942697,0.20502435,0.32202947,0.07485569,0.2974327,1.298597,0.14830719,0.11987907,1.4998324,0.29576048,0.61406195,1.0335522,0.0839197,0.35698113,0.77715933,0.47873116,1.1511639,2.176115,0.6346788,1.6946144,0.06568341,0.03079534,0.6358517,1.231082,2.316897,0.57230973,0.40695915,0.3056256,1.9380157,0.08055718,1.8308849,0.93356586,1.7206488,0.0,0.027634233,1.1973792,0.25923946,0.070195384,0.79469126,0.16398795,0.2212255,1.7130488,2.1365054,0.1334173,0.35712448,0.07177414,0.44849885,0.029976733,0.262185,0.26555252,0.62241036,3.652566,0.027247526,0.0155032715,0.459832,0.8775701,0.8609057,0.21899189,0.29321367,1.700868,0.6440647,0.15837675,0.35402375,1.1577296,0.6947778,0.006305232,0.90251523,0.15261243,0.3524053,1.6281571,0.753512,0.47916862,0.27541235,0.49834877,0.5710677,0.7234198,1.3852998,0.15353593,1.2386448,1.8082135,0.106870726,0.9140395,0.35849562,0.5091931,0.29642642,0.54156864,3.0723734,0.18392473,0.015973842,0.3481765,0.7478976,0.32191834,0.6744184,0.5991638,2.9284973,0.7663895,0.06758321,0.98220927,0.21924978,0.12214785,1.1114273,0.20577224,0.13990034,0.55820316,0.065839015,0.030365475,0.06184882,0.71718067,0.11135038,0.71830875,1.0809836,1.7880876,2.9749768,1.0900898,0.18112144,1.3553898,1.3822979,0.92460585,1.1297071,0.17685455,0.50537,0.031848207,1.4508184,0.4048864,0.5611165,0.13056086,0.08537582,0.648284,0.39533478,0.70293355,1.7592036,0.8733714,0.0036233158,0.8911967,0.15273502,0.057986785,0.13848612,0.18546659,1.6021268,0.14361975,0.02281312,0.23244841,1.0397925,1.0887489,0.20494021,0.45178255,0.18405484,0.37223995,0.7915062,0.52799785,0.60893977,0.4120772,0.55883723,1.6016562,0.76564115,0.7345002,0.24806134,0.83457386,0.398298,2.3174264,0.19092613,1.0333917,0.43294284,0.32860568,0.11505125,0.8714558,2.3428526,1.2482702,1.0074117,0.68258554,0.280518,0.5437746,0.38401404,1.3156359,0.18961583,0.6159605,0.043341976,0.19487311,0.66424793,0.0024274618,0.054705944,0.048616666,3.9629471,0.9750907,0.5137891,1.6697263,0.13733765,0.05395826,0.36867967,0.8970793,1.0144963,0.31976613,0.077605896,0.19217557,0.12875335,1.3559754,0.9117305,1.1526247,0.12352532,0.90492886,0.6364653,0.4174776,0.5136517,1.6353563,0.6089401,0.5071672,1.6564281,1.4295766,0.63307935,2.7364283,1.8736522,0.14064242,0.9564787,0.5139063,0.29171944,0.2783917,0.70189065,1.828566,0.1362979,1.3530127,0.7964645,0.53931737,1.3242365,0.393294,0.13382901,0.28839958,0.119447745,0.30804622,2.9501271,0.10297178,0.091874376,0.26379138,1.2158419,0.34370145,0.40812242,1.0193892,1.0655751,0.16064863,1.2554934,0.2681794,0.25339386,0.42839664,1.2652148,3.070877,0.05924465,0.018034276,2.0950196,0.7013034,0.3037799,0.28646,0.09026658,0.9426601,1.5639719,2.1538818,2.2401235,0.3157397,0.9265129,0.16072486,1.2501851,0.41157004,0.30033472,1.1442914,1.6764977,1.244133,0.027779525,0.8384846,0.0,1.2061403,0.45778063,0.50659037,0.9779651,0.19986752,0.45010814,0.81421894,0.7618899,0.77076745,0.7260943,0.6744072,0.28459498,0.2460426,0.5318925,0.25995058,1.6045622,1.9768718,0.17361693,0.3585742,0.051772483,0.33548868,0.06775814,0.84796995,0.16117893,0.032138657,1.2087234,0.0910288,all_pothole_images\pothole_images_enhanced_3a4d92db896e04fe0edf1d6cb840e0fe.jpg
0.30907434,0.75941557,0.06510895,2.2678268,1.0746983,0.34301835,0.3893154,0.018498821,0.9223376,0.30994886,0.30907625,0.9596846,0.0,3.3192768,1.4551286,0.06651225,0.25867832,1.5158312,2.80696,0.18225315,1.0868751,1.0357199,0.011781297,0.57886773,1.2566841,0.41592827,3.0435617,3.1652246,0.24263301,0.139352,1.187845,0.08665753,0.39348158,0.04104982,0.16816331,1.8528737,0.346983,2.2196047,0.15919207,0.5012284,0.09472193,0.09330737,0.445523,4.319111,0.25840446,0.3606128,0.2539598,0.29327497,0.06471762,0.7143682,0.16519104,0.6003312,0.30458567,0.032567956,0.2253851,2.3180857,2.8413312,0.67705953,0.12974909,0.06999319,0.5305362,0.27227592,0.35158068,0.20521611,0.64548224,2.7506807,0.49616072,0.03380882,0.0062589943,1.0942278,0.29714933,0.47284812,0.6901203,0.096167825,0.29906553,0.116131485,0.08176161,1.4407183,0.3055059,0.27527976,0.13020177,0.024668759,0.059893306,1.8005483,0.19118191,0.0,0.07428659,0.009940189,2.5615396,0.04943422,1.0416569,0.0,0.21977313,0.014682077,0.03221503,0.016034214,0.10251263,1.3879675,1.9278508,0.07454474,0.3478185,3.4787884,0.0021925732,1.0583313,0.41150096,0.25357264,0.5234604,0.08962677,0.93851596,0.1554732,0.0,0.9856581,0.38211963,0.027710013,0.3357287,0.7655703,0.819827,0.23443553,2.089627,1.8333868,3.1614532,0.5346182,0.1270092,2.0986638,0.79751724,0.080664314,0.82910323,0.85775983,2.9051538,1.1063156,0.12709327,0.07989907,0.31756288,0.040349815,0.28840622,0.34129348,0.97760963,1.2710686,0.65649366,0.20387332,0.83760136,0.08792187,0.017726723,0.10820211,0.85277337,0.44212982,0.13935961,0.3847157,0.047461342,0.23532312,0.848636,0.4574304,0.0,0.23416214,2.2759333,1.513697,0.2843791,0.6432864,1.0273701,0.8499215,1.4193305,1.5530865,0.24569678,1.2145746,0.5745506,0.0056269197,0.4516342,0.43395987,0.9551406,1.8494121,0.13846458,0.10808704,0.0015899984,0.099546604,0.27944648,0.37636706,0.3077468,0.14260785,0.085882224,0.16589947,0.0,3.672672,1.9075955,1.4612485,0.48555225,2.3491192,0.046113443,0.6004742,0.015765574,0.19525458,0.13313451,0.27129504,0.23068027,1.03752,0.022196673,0.66328716,0.30994686,0.16133729,0.008361903,0.9314278,0.8504482,0.024619391,0.06496135,0.9759426,0.29884997,0.22686659,1.1805615,1.3648149,0.36609846,0.59294164,0.1419783,0.07367821,1.5578725,0.32779124,3.4742548,3.4944906,0.79220283,0.056911882,0.19853312,0.35753974,1.3730674,0.113352306,1.2242416,0.029619122,0.031696543,0.06487521,0.88018066,0.6624496,0.15574603,0.56255513,0.41382816,0.0443576,0.058172148,0.5980881,1.4992605,0.12260536,2.2715447,0.084461,0.15267815,0.4152083,0.43145487,0.48576957,1.2717891,0.44664124,0.77387685,0.6745183,0.43533993,0.009171983,1.2318914,4.0476747,3.3974497,0.639237,0.19248573,1.5622449,1.1754864,0.08290027,0.5286963,1.1511706,0.48186418,1.3806505,1.3623937,0.07795041,0.87403184,0.041551143,0.51374346,0.4726559,1.1381336,0.7628456,0.31448197,0.029436326,0.22780912,0.001862176,1.6340008,0.031720385,2.427624,0.16005056,0.0,0.3446564,0.31648913,0.5655853,1.7077662,0.0068690823,1.2454971,0.43378416,0.66477734,2.3750002,1.4278443,0.31120533,1.9517,0.010260493,0.00046269657,0.033997167,0.072997496,2.7002954,0.09073758,0.7299523,0.22988786,0.19621582,0.11550927,3.621036,1.001523,0.704204,0.112031095,0.32864937,6.1496,0.19828932,0.11651021,0.1146967,0.24827637,0.10050727,0.77741325,1.4559983,1.0302757,1.7665199,0.38099086,0.6132092,0.07379167,2.7139652,3.178952,0.43912143,0.15748002,0.0,1.1262696,1.645449,0.31875688,0.81619513,2.0451906,0.032295942,1.0460298,0.21744506,1.8438135,0.26888862,0.6777685,0.47615394,0.16735555,0.2140931,1.8487124,2.3902617,1.7632142,0.49463183,0.3867804,0.9451126,1.2075263,1.014656,1.4860883,0.4366136,0.1481137,0.55557597,0.586948,0.013903012,1.286859,0.18350925,0.18745315,1.4492692,0.07046154,0.09657766,0.11377525,0.26925823,1.3042079,0.375976,0.039261006,0.51661307,0.7457079,1.3558418,0.0015978183,0.12496335,0.49155915,0.4279962,0.68247414,0.55467004,0.9969702,0.6321231,0.53739923,0.0,0.37973088,0.051854707,1.7450007,0.0,0.56854665,0.41645336,0.49639484,0.21975532,0.022049252,0.24515209,2.4457564,1.0420992,0.14349174,0.072817326,0.001084269,1.1468264,1.3622756,0.012526724,0.62672955,0.0068311277,0.06930374,0.34227243,2.807528,0.21953252,0.01874201,0.09092974,0.42808133,0.5619315,0.2619585,1.7679583,0.5859919,0.2720719,0.0754622,0.37983957,1.1300123,0.12546648,0.39820695,0.4238218,0.099351384,1.1999698,0.58599204,0.43429324,0.6863091,1.5779378,0.23951177,0.01844638,3.7056406,0.19274625,0.47677472,3.780917,2.3635619,1.4125301,2.0744784,0.9356837,0.0850456,0.48079532,0.8353701,0.0,0.11495355,0.45348957,0.63285875,3.3944325,0.16052264,0.050082125,0.16981196,0.13878143,0.65170056,0.0,0.07084347,0.56887317,0.17195171,0.009753306,0.6528994,1.409478,0.2046191,1.4986176,2.4809422,0.0040443153,0.049947627,0.3740984,0.65653133,0.8787323,0.37189978,0.14309584,0.28803125,1.6118665,3.112543,0.20919973,1.2291815,0.00062978663,0.48931497,0.046659976,0.051897105,0.08677503,0.453794,2.2881775,0.91409284,0.5745893,0.2675601,0.8235017,2.1806548,0.17705578,0.0,2.8521292,1.2553961,0.07194058,0.25340584,3.1278849,0.53646576,1.3473071,0.48324126,0.041841727,0.120450325,0.046888374,2.6108077,0.09775394,0.0,0.9454512,0.54627514,0.0,0.015303971,0.1528703,0.0024975222,0.033925444,0.35223183,0.6815014,0.39034364,2.891774,1.060527,0.12787318,0.8978343,2.9378674,1.0113248,1.0439098,0.021908239,0.14960115,0.09796378,0.029905021,all_pothole_images\pothole_images_enhanced_3a551f9847fbf6e0661b0497bcbdc1d0.jpg
0.5373594,0.14176247,0.0,2.380199,0.19557281,0.22159147,0.20059516,0.0,0.60625494,0.40314397,1.6420957,0.04565634,0.022996651,2.389422,0.2914555,0.5709934,0.12644166,0.3124418,0.945736,0.14006127,2.4832504,0.45363078,0.15839551,0.34848112,1.7682955,0.74108994,0.96132314,2.559707,0.3575146,0.07289296,0.6390841,0.32925248,0.021019278,0.5872077,0.23753405,1.5956434,0.26915473,0.2797712,0.6977062,0.0,0.49149403,0.105928496,0.7486743,1.7041142,0.28244883,0.8750227,0.0047294674,0.97369164,0.884907,0.4966046,0.3794374,0.46956798,0.071765184,0.2818983,0.1063248,2.4053087,0.6695163,0.2566854,0.0019340616,0.019726362,0.07776933,0.43314478,0.12198415,0.7095731,1.3691754,0.25352874,0.021590685,0.20258835,0.009710749,0.019980827,1.1285807,0.0371346,0.53764296,0.7166304,0.009630195,0.591387,0.03890692,0.21745177,0.0,0.5445336,0.02320207,0.36949664,0.5315397,0.63240504,0.0,0.0,0.0576426,0.05380928,3.2270014,0.10483082,1.3627073,0.010585508,0.009511665,0.019119373,0.13490552,0.12755372,0.645719,0.5399965,0.19468607,0.8599613,0.054531068,2.7247834,0.13400716,0.0,1.3138992,0.0,0.8443962,1.0295916,0.17709814,1.1199282,0.008374854,0.21972005,1.1516935,0.5121183,0.28347522,0.39271957,0.4152724,0.12248155,3.020407,1.239362,1.7179089,0.0,0.009165233,0.7599927,1.2576892,0.41103536,1.6052964,0.42144766,0.011177732,0.21884273,0.0,0.010339061,0.0,0.0,0.38423645,0.2219141,1.7343191,0.20021084,0.2412796,0.0,0.8267643,0.044073906,0.8860017,0.034637004,0.19703154,0.5091632,0.005320046,0.0015500492,0.6566115,0.012699558,0.06573965,0.9450774,0.039528992,0.32633907,1.2510571,1.5113844,0.55617535,0.2769172,2.010048,2.7113466,0.8066448,0.94809735,0.0052720825,0.30255458,0.60582185,1.9911988,0.15500759,0.037680943,2.3783245,3.1565857,0.0,0.057832703,0.3016791,0.18449408,0.15971883,0.25142828,0.62943745,0.40781674,0.016197598,0.4806975,0.04711825,2.1305,0.0946408,1.1400372,2.501237,1.5883526,0.12657279,0.34982798,0.0041316915,0.6222164,0.0024871428,0.0374609,0.95835114,0.4563918,1.0964583,1.0473639,2.0937383,0.060750708,1.6754835,0.17225821,0.6041744,0.3690809,0.017175345,0.5925946,0.032578014,0.012878344,1.3008727,0.008062556,0.93465096,0.0732675,0.0,0.008404276,0.39087328,0.8471337,1.8681554,2.9676967,0.22708082,0.0,0.21771564,0.511112,1.6889359,0.0,0.4347681,0.025053179,0.0,0.82589734,0.40263265,0.84722745,2.9629753,2.2442968,0.08490719,0.069022395,1.0425004,0.3042857,0.16980676,0.15834115,1.9519567,0.0,0.8020513,0.20473492,0.7212106,0.034751114,0.15768938,0.16886066,0.54174393,0.0031759366,0.23211902,0.081002854,0.2002474,5.8453145,0.16993555,0.6778042,0.0017703503,0.73448896,0.88195956,0.009611816,0.12733929,0.39777577,0.38228774,4.018064,0.15697303,0.70035094,0.8881297,0.0,0.06803258,0.3804399,0.2220081,0.47019508,0.20332406,0.6704858,0.11358081,0.0,1.0641296,0.09383237,0.48780847,0.32298398,0.2861993,0.03338158,0.11548822,0.299424,0.026448114,1.0600781,0.99232584,0.008905248,0.0,0.8887515,0.89787066,0.16480185,0.38683218,0.0034663184,0.030436723,0.11030339,0.02353448,1.7070671,0.06534131,1.1725065,0.7508361,0.00062806753,0.21030262,4.9042497,1.0773051,1.5582565,0.30354702,0.27884182,3.176,1.2156373,0.25221977,0.0,0.9771493,0.55812836,0.3967049,0.18140996,0.93548876,3.8118641,0.22391681,0.10510837,0.021159165,1.5346209,6.2498984,0.6898611,0.09091959,0.0010868845,1.7056265,0.10967729,0.40809482,0.97465336,0.16779774,0.23931189,0.00094720686,0.048802033,1.1953125,0.057868987,0.29143053,0.092959054,0.02706241,0.007042763,1.5658884,0.2045236,0.94007456,1.3872153,0.44013098,0.009802981,3.783847,1.6947457,0.24229756,0.28563935,0.21772836,0.51058257,1.7873576,0.016424531,0.61040604,0.32645872,0.028384551,0.8846627,0.06282634,0.25250873,0.17610596,0.47009632,0.8774696,2.47873,0.35158187,0.0019107154,0.9038185,1.3758653,0.88258976,0.07605524,0.4014041,0.057963975,0.89467835,0.13708521,0.63695025,0.11486798,0.36820796,0.0034947684,0.0080490615,0.1407398,0.21367684,0.18186378,0.1631493,0.33400172,1.3825473,0.3297923,0.021169005,1.4150512,1.6250622,0.8431901,2.3009262,0.1492705,0.6812289,2.5491118,1.0756902,0.034315333,0.03121459,0.010069317,0.0036615243,0.19076705,0.86016345,0.38114586,0.21793023,0.123258434,0.12896584,3.0286965,0.34796798,0.0021707672,1.4399714,0.5657301,0.022191238,0.5567956,1.3830292,0.008041152,0.010649051,0.0,0.02347378,0.59013605,0.0010509215,1.0793208,2.4248857,0.15245196,1.2013168,0.15091255,1.6985168,1.0760567,0.1736348,0.18414512,2.7650008,0.05696658,0.47766265,0.13261953,0.95786375,0.40389138,0.011526818,0.0,1.2847457,0.83383346,1.7126701,1.1762863,0.50898206,1.9608549,0.07562069,0.003482159,3.5361097,0.0,0.0007590764,0.114960164,0.15674114,0.0,0.50837,0.49569312,0.029399855,1.538033,2.7902505,0.5647745,1.294184,0.021204272,0.18408652,0.098581575,0.8064712,0.1045997,0.35890383,1.7964256,4.922632,0.18393098,2.6855052,0.28031045,0.7508411,0.00020679944,0.0,0.0,0.30475426,0.69567573,0.08282531,0.13250853,0.0054312153,0.3148716,2.1505716,0.035129927,1.5397465,1.298413,0.7322825,0.12533838,0.06693708,1.6365801,0.16057138,0.69429106,0.6302621,0.11835621,0.040377513,0.3087293,0.21430269,0.0,0.47635946,1.8115978,0.2650659,0.5870993,0.0,0.007242341,0.045945857,0.05012733,0.04249668,0.21499597,0.81982505,3.98565,0.36453706,0.9442183,0.68204105,2.1722758,1.0852823,0.13373879,0.11964154,0.27160308,0.022334728,0.36787444,all_pothole_images\pothole_images_enhanced_3a92e32ff445fef2eb322fd5553d1886.jpg
0.42448822,0.65559536,0.08739866,3.0696821,2.4588377,0.27630505,0.39390478,0.14854796,0.7483519,1.0855662,2.2985158,1.0514277,0.10640491,3.0288231,0.0107463095,1.165752,0.113114335,1.150119,1.7024817,0.08027987,2.234905,0.32840028,0.3569196,1.7824054,1.5960892,0.3643074,0.06254316,0.73512065,0.32774696,0.2989168,0.08559498,0.09445602,1.2015017,0.8116618,0.25330365,4.340632,0.6016406,1.2241057,0.45173728,0.36494058,0.0,0.15407546,0.16707578,1.3823606,0.09133139,1.0144618,0.7589031,0.043498456,1.401617,0.3891762,0.47224262,0.37456948,0.08546282,0.61254066,0.34152082,1.8769226,2.131138,0.20924118,1.0381186,0.102432005,0.25194955,1.4134867,1.2679434,0.2029739,1.6976761,1.4338762,0.057024583,1.0978276,1.188747,0.5131536,0.50734663,0.14300731,0.043799292,0.37092137,0.0633565,0.25860268,0.88258266,1.5137985,0.41934997,0.78630704,0.044703584,0.07684655,0.12904936,0.7742583,0.08046847,0.21254224,0.013409421,0.08614099,2.634636,1.5196846,0.5119151,1.092133,0.53531045,1.5082151,0.0014385727,0.20562401,0.80832064,0.84098923,0.46480426,1.4834121,0.8994164,4.188999,0.02550528,0.07137531,3.3627925,0.25959507,0.48169708,0.48884457,0.5028568,0.79028505,0.17538086,0.32525438,0.10157153,0.5371655,0.68767715,0.55685556,1.4375018,0.1032967,3.4954195,0.75803,1.4296547,0.1673515,1.1175417,1.3926008,0.8610237,0.5101238,0.0366935,1.7414957,0.82764155,1.1809497,1.1133621,0.10266183,1.0499431,0.16297424,0.49318916,0.58907145,1.6006068,1.1274028,0.6407932,0.009210218,0.42815888,1.0352252,0.21028921,0.35999545,0.41378066,0.46841362,2.3500943,0.18715827,1.9098227,0.55846286,0.28564262,1.3117213,0.7813445,0.24778318,2.4768207,1.4725565,2.5080085,0.53394574,1.1145848,0.64745367,1.6601776,0.48372972,0.086746566,2.6346073,1.3245581,0.454087,0.72169495,0.28418547,1.364579,1.6599637,1.3680874,1.0982082,0.19277284,3.4135857,0.55416584,0.29938582,0.39451754,0.12988046,0.20319055,0.20733693,0.137397,1.9367124,1.8720099,1.834697,2.11402,0.8133934,1.2929336,1.4501206,0.5262252,0.28559434,0.0066633667,2.258445,0.44795382,1.3964484,1.1709203,1.0210477,2.0902882,1.2350429,1.0968196,0.06711981,0.61581147,1.0031393,0.32703194,0.421076,1.8657293,0.5822638,1.3602457,0.17099781,1.5136817,0.5159824,0.8102832,0.036184072,1.3503103,0.4669562,2.799512,0.31518826,0.64237744,0.21700118,1.6762747,0.56413066,0.14073008,0.5696023,1.1987948,0.0,0.20500675,0.6866153,0.064089455,0.8361321,3.0414224,0.46904576,0.20881419,0.16809301,0.98623234,0.5862906,0.07647213,0.19969788,1.9746308,0.31313112,0.71253675,2.268834,0.020980155,0.0,0.4852981,0.75217885,1.1846848,0.34109193,0.42001978,0.73343223,1.4198016,4.1139374,0.48063526,0.18072066,0.54475677,0.095565364,1.0572199,0.8914692,0.592941,1.6107281,0.3861836,3.1504965,2.0896647,0.5209181,1.2497143,1.2701162,0.8663026,0.4723711,0.96222436,0.8937152,1.569184,0.960303,0.14197251,0.03275557,1.9042681,0.59505755,0.12957194,0.050204642,0.7010447,0.23763055,1.4658406,1.0170132,0.916575,0.5620491,0.7493465,0.06797955,0.28960633,1.656327,0.5488922,1.2112017,0.9632315,0.758831,0.013446531,0.19599746,0.43336883,2.6725242,2.6749198,0.17650999,0.5652419,1.14241,0.28404722,1.8036586,1.6374491,1.1458832,0.6576129,0.11594207,3.688713,0.23590654,0.11237111,0.009115137,0.72367704,0.56229174,1.2754753,0.39454797,2.1514525,2.5830936,0.5970197,0.2738299,0.42790356,0.51122665,3.459409,0.8501969,2.2394347,0.47037536,0.8314067,0.19252627,0.062815115,0.83247286,0.264097,0.16634427,0.5576671,1.1184744,0.9242573,1.2910421,1.6600301,0.2480979,0.13004573,0.08770765,0.6612052,0.24650219,1.9109824,0.45245725,0.61791074,0.9811564,1.6008962,1.5289029,0.39318278,0.11519045,0.1840024,0.28505382,1.4461187,0.7671781,0.4303451,0.7724698,0.058016133,0.48308748,0.6257864,0.40153646,0.29806605,1.2110963,2.0545433,0.9930787,1.2081232,1.044006,0.78088325,0.8893152,0.08935568,0.21627446,0.5425175,0.4684519,1.0140897,1.6128801,0.8140758,0.28610522,1.2037488,0.6654533,0.9040848,1.9591402,0.754303,0.07920075,0.301563,0.5330478,2.0343015,0.026265562,0.10866417,0.42192233,0.7963021,0.6292157,2.4399734,0.73316824,0.33051285,0.83635694,0.69334793,0.24640492,0.33733323,0.1456022,0.21112418,0.61384124,1.0946391,0.666291,1.2858465,0.12562783,0.6317216,1.5991282,0.23684528,0.07812584,1.6039543,0.012584311,0.57779855,0.37642676,0.47891188,0.25675726,0.52160335,0.09336886,0.07915652,0.22550507,0.20183976,0.78435963,0.34033775,2.4233751,0.33424568,0.18239294,1.722548,1.8547477,0.7849618,3.1067438,3.0986109,1.2861378,2.3160372,0.7314252,0.7474416,2.6393638,0.18614851,0.28788275,0.9493693,0.11913319,0.5828822,1.9310523,0.81716716,0.43636847,1.0944693,0.52569723,1.7313491,3.4249942,0.90388846,0.05326151,0.09479173,0.39093807,0.8619462,0.1877557,0.44120523,1.8057191,1.1122793,0.1631655,0.41054553,1.4223642,0.5589453,0.754139,1.0095395,0.9858945,0.6841083,1.8696066,1.5205128,0.7358823,0.57462794,0.35436073,0.56768227,0.052698743,0.22580646,0.39398223,0.57214844,0.70078886,0.30124697,1.9569175,0.036595907,1.5653312,0.7598801,0.24617071,3.5077538,0.8499845,1.0832794,0.03735533,0.38390654,1.9037201,0.65478003,0.89242303,0.2900164,0.18873338,0.13790295,0.03091797,2.7464528,0.5815259,0.35211238,0.08676964,0.050963353,0.002222948,0.38174656,0.014681059,0.030300196,0.006687911,0.0358141,0.9887231,1.4843156,3.9235497,0.42808095,0.45523587,0.7231671,0.9070486,0.25423232,0.80829525,0.9498205,0.27330697,0.5770994,0.5161288,all_pothole_images\pothole_images_enhanced_3b09ccf26057152f11bf659308836c10.jpg
0.33945635,0.35644284,0.027879898,2.8624961,0.015812175,0.012127533,1.8785449,0.00076329487,0.5112795,0.24743535,0.31725034,1.341942,0.32453606,1.5070666,0.41478893,0.23124157,0.2209257,1.5158408,1.034711,0.052932076,1.6273943,0.03738205,0.26580888,1.5209438,1.5246502,0.04295785,0.4271754,0.6817681,0.35770524,0.14401282,0.07890952,0.107283354,0.0,0.45843288,0.020432752,0.8763781,0.71454823,2.0959635,0.30517232,0.16382487,0.026892086,0.36391056,0.5233188,1.4272071,0.45004997,0.78929216,0.31228045,0.14218232,0.030946864,0.33326405,0.87463516,2.5505805,0.18731566,0.24265893,1.249783,2.534389,1.4666959,0.9051839,0.20475876,0.38279685,0.20785439,1.1989733,0.3050291,0.3621848,1.8023282,1.7988546,0.37391165,0.045927595,0.48768413,0.0,0.9092118,0.03507733,1.1619513,0.78390753,0.7898019,0.27332172,0.111114696,1.1024576,0.26807067,0.009724078,0.18782622,0.5662488,0.2393025,0.49880108,2.0451233,0.019910756,0.07099861,0.38360524,1.7627871,0.23059669,0.42677435,0.04650672,0.9959155,0.6796358,1.5599754,0.13520911,0.852035,1.3493979,1.6773249,0.98134905,0.30888247,0.8363476,0.9240291,0.19213048,2.275871,0.5406626,1.3711197,0.71793973,0.13672271,0.5091047,0.026972754,2.6155083,1.4381844,1.8894762,0.30022416,0.53761935,0.051838003,0.73576736,1.96603,1.3482778,1.9183253,0.41975072,0.0040321643,1.5154345,1.213192,0.0027260883,1.0903434,0.32708615,1.3248764,1.0320103,0.53290164,0.061248682,0.10192483,0.8621247,0.13271374,0.1388642,0.84820586,0.9605215,0.047259282,0.0,0.21188961,0.89259034,0.7509197,0.44945845,0.734545,0.107671194,0.25095746,1.2763445,0.25549313,0.24347834,0.051707618,0.65792954,0.054515745,0.12753633,1.8732318,0.46282926,0.037830275,0.1683072,1.7560925,1.7704084,2.7976344,2.4198089,0.2517061,0.68918186,0.68621725,1.6929032,1.0710256,0.13252991,1.6661912,1.2086388,0.08839566,0.70842284,0.57869416,0.33285105,0.79192847,0.4608746,0.0020039862,0.02964662,0.31833756,0.10349795,0.2399443,3.4726574,0.75606257,1.587279,2.102337,0.8584382,0.43605614,1.7321045,0.72863144,0.53022903,0.23528811,0.3383626,0.11083994,1.528001,0.02043145,0.20523427,0.84948933,0.96776164,0.85604453,0.95878005,0.616101,0.3131943,0.1939612,0.8296102,0.10349704,0.003787031,0.123111404,0.07313626,2.3638425,2.2871697,0.0,0.92330384,0.35361838,1.072706,2.268886,3.337135,0.84697247,0.22442387,0.115351714,0.09922942,0.23325418,0.06543536,0.41229612,0.47962245,0.0,0.056923058,1.5907309,0.30591846,2.3855553,0.9249845,0.76725876,0.0,0.27061442,0.06409589,0.01049527,0.6571302,0.6085605,1.0490454,0.084869124,0.025326915,0.42203185,0.21691163,0.56043786,0.3330008,0.048958864,0.013135022,0.50704014,0.57980454,1.392541,6.0605927,3.1221743,0.5405935,0.0,0.909942,0.63421047,0.11727896,0.1938596,0.99903196,0.47223687,1.4442624,0.5676081,0.7634947,0.16184734,0.18026394,0.6988982,0.38355917,0.9470989,1.093088,1.9848943,0.043999467,1.0686322,0.005758382,0.57325727,0.30480155,0.097183846,1.9909939,0.04288008,0.8787437,0.36638236,1.1223434,0.26336554,0.009937204,0.4991353,0.07721208,0.021779498,1.0755113,1.4449189,0.15636015,0.67953724,0.44991994,0.035264023,0.70158553,0.039008126,1.6332568,0.78955716,0.9795245,0.2999698,0.17944974,0.5894578,5.4428086,0.61886466,0.7678697,0.13277213,0.22854604,2.4894617,0.035829958,0.09164798,0.046108898,0.28947297,0.18379296,1.2072675,1.0376782,0.65658975,2.5583088,0.2874089,2.217032,0.038811047,1.4993731,4.6399527,0.5068058,0.40036157,0.0,0.46387807,0.8734778,0.02755948,0.6699708,0.5672879,0.05337851,1.2085931,0.5228857,1.2212378,0.07051373,0.42547253,0.5658167,0.7169719,0.0,3.6237319,0.7349324,0.19326445,1.2405472,1.0496215,0.023898441,3.5154655,4.15816,2.6308403,1.0638841,0.09481641,0.9862562,0.8410587,0.5471079,0.25998402,0.10974417,0.018280327,0.07257081,0.0,0.28898254,0.017106244,0.13275349,0.3690715,1.1083405,0.33175725,1.3917146,0.9406799,1.392358,0.11102833,0.09478467,1.4645398,0.10094784,0.3229609,0.08524044,0.5947399,0.8206507,0.4270943,0.119777285,0.31516922,0.5422054,0.6388363,0.19633186,2.35516,1.4045483,0.0020470722,0.0,0.44179368,0.64696705,0.71987,1.0432601,0.62848866,0.2483523,0.0,0.112518996,0.49231586,0.21537714,0.0,1.0931443,0.0,0.004300869,1.2730565,0.05490728,0.13547385,0.19702381,0.73708475,1.5843023,0.7772879,1.0125892,0.50515467,0.026727585,0.49077842,0.10741317,1.394743,0.59922385,0.49064562,0.9731187,0.15377459,0.62203103,0.021240238,1.2023069,2.0325875,0.12085228,0.1018672,0.0,1.85969,1.5000103,0.016379248,1.8743759,1.8906736,0.31795174,1.0878031,1.3834496,0.7370535,0.21321496,0.41489083,0.014726899,1.969547,0.6634974,0.75365394,0.411179,0.0101347985,0.3420853,0.69451684,0.011795458,1.1197066,0.08123444,0.036230307,0.2671,0.20507613,0.03460686,0.10877349,0.11396161,0.06189093,0.5623387,3.5187278,0.5729202,1.0324906,0.030629985,0.6397282,0.64357513,0.0703647,0.053754855,0.15787756,1.2935027,0.78899634,0.42296016,2.22406,0.47150028,1.9302547,0.0007220644,0.4600093,0.28533095,0.48308322,0.1916666,1.4827195,1.051966,0.091756344,0.08570773,1.3079972,0.37833348,0.5509407,1.5462979,0.0014435619,0.002391763,2.529616,0.9420167,1.2804985,1.4315802,0.21143344,1.2218027,0.32849136,0.035621393,0.84994256,0.20845279,0.09263313,2.6680737,0.5346726,0.02284299,0.0048664445,0.3822879,0.16396515,0.0063683223,0.0,0.33756867,1.2240236,1.9333189,2.486538,0.75497746,0.56024677,3.2311532,1.3591369,0.7923419,0.09338571,0.87750375,0.022069367,0.2867067,all_pothole_images\pothole_images_enhanced_3b24e19ed4a442aea8e1ac432630a6af.jpg
0.63734424,1.5261908,0.7942744,0.5629848,1.7356757,0.1401638,0.15142028,0.85436094,0.40935197,1.536395,0.37057713,0.2275134,0.101680286,0.63833433,0.0661033,0.37603852,0.038789526,0.11102135,0.37093696,0.2079872,0.27802458,3.4479585,0.9185534,0.99356854,1.7912589,0.6587429,0.60065794,2.6391432,0.1813108,1.175354,0.61255234,0.2714884,0.5364617,0.3780462,0.92649525,1.3711895,1.2578195,1.5788541,0.13142797,1.4560381,0.11796546,0.45744678,0.019796403,0.63470334,0.52432925,0.65814143,0.2360871,0.29240385,0.67566735,0.92954344,1.4631659,0.15660082,0.35503554,0.39639574,0.118650116,1.0030587,1.3980868,0.0,1.1364229,0.5569446,0.118250534,0.12967722,0.83768266,0.486914,0.35674018,1.9106816,0.8465804,1.1431322,0.21224812,0.059128914,0.5213108,0.97269547,0.19709893,0.05814086,0.31907183,1.75025,0.41586486,0.3670735,0.009400694,0.414597,0.6135263,0.47833514,0.8104361,2.1310062,0.11642476,0.2752528,0.85103315,0.26408055,3.1977956,0.2652254,0.18090226,0.4620278,0.0013457378,0.13640979,0.13493522,0.59374845,1.3336228,1.468413,0.4055657,0.56169444,0.57216716,1.3353704,0.86592,0.35050255,0.05135762,0.057965137,0.058555737,0.35521245,0.18458106,0.9566868,0.26287308,2.9318628,0.12609217,0.15826754,1.5713872,0.3861545,1.1549712,0.0018066359,0.68330926,0.3541415,2.8470662,0.9824233,0.2999479,1.7884197,0.7183917,0.85819054,0.10627723,0.42411867,0.029802531,0.11972603,0.55766225,0.7572829,0.7082367,0.04755241,1.0245019,1.0270036,0.23645395,0.33821976,2.1266294,0.19074677,0.3137505,0.41704613,0.49242848,1.675045,0.29558632,0.44221547,0.13929653,0.43669844,0.117148414,0.35109633,1.1889936,0.478721,0.23274542,0.12897344,1.8061785,0.04247848,1.0968393,0.057678126,0.096799836,0.86219937,1.6862385,0.12831792,0.10512056,2.3113842,0.010624616,0.1903417,0.12421384,0.6466793,0.43565896,0.8152208,0.27826276,0.012433299,0.057241347,0.4629452,0.9425227,0.06326658,0.56977445,0.09203555,0.31773075,0.25050563,0.39732507,1.3553834,1.2630749,1.7908581,2.0924647,1.5880506,0.15691079,0.019623935,0.53968257,1.790874,0.36274606,0.06764471,0.059772976,1.3375709,0.87984806,0.26486337,1.2072474,0.047052987,0.7145389,0.8422427,0.0661925,0.9859563,0.018870858,0.62249553,0.79429436,0.9296866,0.017712824,0.61517674,1.0139533,0.3361796,0.1525764,0.35370484,0.996901,1.3364701,1.0368073,0.81878006,0.38762614,0.36643523,1.5959848,0.036985084,1.4693601,0.42966098,0.41906953,1.0167711,0.41081855,0.59920585,1.0478005,0.25037494,1.5332,1.1329263,0.00090627046,0.8030639,0.42142352,0.059949975,0.8520232,0.0,0.44471833,0.79985994,0.08976036,0.050498076,0.5829115,0.08663502,0.12040854,0.7343308,0.045444265,0.10424119,1.4452181,0.03714541,0.20014109,3.7357016,1.4530524,1.3314439,0.15851787,0.3888349,0.20293124,0.6230569,0.7761447,0.28340292,0.36802685,2.2032633,0.46953946,0.52340776,0.71609604,0.2819777,0.7679968,0.6308338,0.30030605,0.54129183,1.2539843,0.76054066,0.55126566,0.026530951,0.036291603,0.76474404,0.5823049,0.3096482,0.46451455,0.3185604,0.063090496,0.49476984,0.08570627,0.41584352,0.83810997,0.0042167804,1.489756,0.20916627,2.025392,1.1792867,1.847143,0.08099072,0.34448433,1.1935053,0.2792393,0.14583938,0.099355355,0.38744104,0.6376442,0.7951122,0.16369946,1.6341676,0.23107147,1.0884379,0.19104211,0.60055816,4.125466,0.42410815,0.15074979,0.7799675,0.46285522,0.80532366,0.17381358,0.0,3.8477185,2.286785,0.2951438,1.0136064,0.28317145,0.6285534,1.2939206,0.14680633,0.015976565,0.47184417,0.38313642,0.4795047,1.2392687,1.1300375,0.80562544,0.38182274,1.1015261,0.9067124,1.9476894,1.4343573,0.049172353,0.2295976,0.6629419,1.1743952,0.7790064,0.3735047,0.05026463,0.26720867,1.1741493,1.0116649,1.7632661,0.0,0.4422655,0.14437854,0.020313116,0.24185996,0.054640234,0.41979298,0.44019082,1.0392263,0.3633297,0.8985781,0.34689713,0.28370556,0.6127451,1.035558,0.26500717,1.1832184,1.2303247,0.2158152,0.30745074,0.2760593,0.16474651,0.05701059,0.5730707,0.20896235,0.29438093,0.5909863,0.88005275,0.6662367,0.71407676,0.5280494,0.6583385,0.28074902,0.0,0.6033901,0.16567443,0.18326928,0.59577703,0.25848344,0.63380456,0.85881716,4.1049848,0.9112575,2.2189803,1.1283383,1.3959696,1.9990586,2.0603507,0.6367283,1.2116336,1.6508988,0.43599746,0.0341451,0.5896868,0.34544855,0.27891907,0.4634035,2.949008,0.7956424,0.1861737,0.39314106,0.38782722,0.05334956,0.29492003,1.2554604,0.36487272,0.105441645,0.21057811,0.11616014,0.71117514,0.8640304,0.054419722,0.6734726,0.25935414,0.4541119,0.57723457,0.7461045,1.3837224,0.17390198,1.8670222,0.76504093,1.9041497,0.7971296,0.45656422,1.4171666,0.37811944,0.32140517,0.4022816,0.3821991,0.55702984,0.59917533,0.50058985,4.119091,0.9119779,0.97671837,0.18711232,0.72232753,1.4905641,0.44924334,0.1762277,0.4501201,0.7410405,0.8570653,2.5708547,0.16351566,0.34425014,0.9399066,0.9389789,0.66794777,1.8586553,0.41849786,0.26241985,0.27075306,0.95276296,0.25566027,0.20473373,1.1518443,1.121039,0.118205436,0.2603886,0.1896617,0.7093906,1.3769678,0.38540152,0.4818928,0.034802437,0.6776462,0.97036266,0.10444231,0.6656892,0.2876953,0.30881223,0.6069481,0.09943216,0.08775757,0.6642154,0.33354798,1.0062982,1.2370108,0.21396415,0.46276158,0.0,0.05988094,0.6471563,0.036141817,0.25263253,0.029518472,1.3706375,1.7936099,0.0066403686,0.10638647,0.03273651,0.009478299,0.2759008,0.23774225,0.055877335,0.9893652,0.17059003,4.7033777,0.26749083,0.15421964,0.6400628,0.20571697,0.0,0.36888418,0.24470952,0.6177304,0.7003507,0.036245134,all_pothole_images\pothole_images_enhanced_3b5c4ca30b8a4d3d2270e940e13fd25e.jpg
0.43721405,1.3621083,0.094794236,2.051209,0.9355111,0.49026763,0.26362813,0.003270036,0.26095864,0.39621404,0.6981598,1.1216927,0.0,2.5143228,1.1733798,0.088575184,0.046416905,1.1369435,2.375996,0.51911557,1.033895,1.1874387,0.042155154,0.8899307,1.186443,0.5371339,2.2101219,3.2615845,0.38455597,0.07727265,0.90189046,0.036087766,0.61731946,0.11137296,0.21192966,1.4472572,0.6915273,2.3535273,0.11357556,0.28225708,0.019307917,0.020415237,0.7359819,3.6845503,0.39420792,0.3677298,0.28553614,0.12061009,0.28843734,1.0114148,0.23713148,0.5536088,0.39371124,0.07372151,0.16382666,2.6819093,2.555236,0.7533292,0.21011621,0.14076394,0.8045337,0.14174394,0.27652237,0.23213145,1.3568039,2.5749032,0.23184398,0.0,0.06937523,0.33851358,0.0,0.4032634,0.2311005,0.18284544,0.3786418,0.73701704,0.15893918,1.2108686,0.09949991,0.43357632,0.0096610645,0.03741447,0.027519103,1.4735032,0.20520484,0.0022684433,0.057993617,0.07780161,2.3060434,0.13261794,0.6998304,0.0040838975,0.11706414,0.009483043,0.006263356,0.0042067254,0.08911513,1.6226094,1.7091861,0.068872504,0.8020806,2.947636,0.07022012,0.70650464,0.5641301,0.460633,0.38857505,0.099728666,0.67619044,0.10884614,0.0,1.5614032,0.48731288,0.38550714,0.47858873,0.89809465,1.0174433,0.52040684,2.6743197,1.6062409,3.8546066,0.6524017,0.08780123,1.9958125,1.6477826,0.12072185,0.77179205,1.0807629,2.476315,0.15848817,0.27617288,0.033539817,0.3230496,0.038468618,0.65197814,0.30477548,0.7231156,1.3225728,0.43230975,0.07635474,0.3827351,0.31161958,0.21020068,0.17193447,0.9622127,0.49630117,0.24247858,0.25722963,0.11216511,0.28500807,0.63252807,0.009595421,0.0014619258,0.28624538,2.7773898,0.7058207,0.5540327,0.4621581,0.9276477,0.46196848,2.430448,0.9525335,0.7612242,3.4643936,0.028348757,0.38685966,0.50997484,0.41053826,1.4966197,1.8330054,0.0007224459,0.06668526,0.076666325,0.021804122,0.20504902,0.46535978,0.44971597,0.03450343,0.10429672,0.060612645,0.0010442865,3.802328,1.5330459,2.0592768,0.40196946,1.997489,0.18308242,0.48480478,0.009015282,0.16134024,0.014818002,0.36017954,0.26099414,1.2612879,0.107955694,0.8054722,0.67114776,0.16370597,0.0,1.2804631,0.9308154,0.024519773,0.14944586,0.84322,0.67019403,0.041097563,1.5176181,0.7485667,0.52384907,0.5288741,0.0,0.0032594344,1.0283078,0.66787016,3.6871958,3.2557285,0.74381405,0.07783381,0.14181297,0.92256576,0.8532258,0.21292664,1.0160862,0.031892076,0.035707023,0.1082204,1.3640398,0.17283466,0.052527778,0.7480805,0.73243076,0.0064047645,0.23585118,0.22947346,0.57512105,0.22244364,2.238328,0.26294824,0.12869109,0.46885002,0.15132613,0.20887254,1.510134,0.28948915,0.8997625,0.0,0.5993877,0.003024502,0.8218992,2.9757333,2.9906194,0.389429,0.07948813,0.51475966,0.82961273,0.071875535,0.3895733,0.99293625,0.38354784,1.5203817,1.4367685,0.061234523,0.31039438,0.12418116,0.23285727,0.71781856,1.4268805,0.6510184,0.5654984,0.17239773,0.4189657,0.016037332,1.0191144,0.0,1.7722574,0.29268777,0.0,0.511063,0.32091653,0.5544638,1.0314515,0.0050423164,1.3464037,0.13774875,0.31408283,2.2794254,0.55493957,0.37992594,1.0943356,0.048950553,0.0072319494,0.081898056,0.04022871,1.786404,0.16113606,0.86111426,0.07024011,0.28973794,0.4259046,2.7553375,1.7111355,0.33693358,0.15017942,0.2807504,5.4727235,0.004538638,0.13702472,0.12556584,0.14149182,0.17625321,0.5893814,1.4311056,0.8910129,2.0607328,0.07594181,0.6575607,0.053601243,2.0525553,2.465249,1.0305303,0.33813414,0.0,0.4708449,1.9650925,0.85273063,0.90087575,0.92945987,0.033667482,0.47079068,0.06357295,1.8600146,0.33602414,0.07679628,0.1053936,0.4347125,0.29093978,1.0509404,1.5810556,1.8309923,0.052236296,0.26557407,0.9015966,1.3799845,0.75938946,1.814966,0.3976039,0.17461778,0.5547982,0.46999085,0.02697747,0.97505933,0.21388486,0.11510839,1.3191295,0.17667879,0.03599242,0.10872202,1.1806852,1.9648873,0.4135179,0.00689625,0.36981264,0.6294918,0.72095746,0.0485587,0.5692248,1.1632264,0.321639,0.34373924,0.55175287,0.6697222,0.081473775,0.54568315,0.0,0.5025849,0.07407109,1.2079356,0.0,1.5430349,0.29299,0.41867346,0.20615235,0.020174844,0.4563873,1.6318095,1.2494766,0.17629816,0.06618267,0.0,0.9089985,1.011043,0.1585844,0.58276474,0.025124172,0.17410396,0.2521306,3.514714,0.32074127,0.057113413,0.11165016,1.3317367,0.9618141,0.5900261,1.7748665,0.21928021,0.56723493,0.3369693,0.7135757,1.053622,0.36115786,0.42039502,0.21842563,0.013706971,1.4597455,0.17378908,0.69170207,0.38532898,0.9646758,0.46180737,0.015070973,4.192486,0.12395584,0.40920958,3.3001764,3.225681,0.7475399,1.7413921,1.112511,0.022029635,0.37401295,0.87848055,0.29265746,0.26732567,0.35243076,0.8921121,3.5632021,0.7910193,0.0,0.0857057,0.4210071,0.7434446,0.0013314143,0.009905013,0.69218415,0.16864347,0.024547966,0.65322524,1.1604954,0.039298978,1.6233923,2.8776731,0.26821876,0.070426635,0.5009711,0.39880714,0.711572,0.22501841,0.3391758,0.08828387,1.0691253,2.0253553,0.4582072,1.3393408,0.012510244,0.5854576,0.045825053,0.0113295335,0.09443658,0.71026057,2.034582,0.93829906,0.7042652,0.2010064,1.0618972,2.1406753,0.30768573,0.11406269,3.0874422,0.00010157468,0.0059853634,0.5428309,3.4770958,0.9809576,0.40340883,0.09858828,0.009138972,0.1296532,0.10804019,2.3639712,0.19265553,0.058686703,0.7279394,0.35686445,0.0,0.0065515973,0.0661988,0.0,0.22270668,0.43588167,0.29483175,0.34251675,2.8794384,0.7898832,0.23433115,0.5026331,1.6170632,0.18050264,0.21848159,0.026920954,0.23074894,0.010677437,0.020657947,all_pothole_images\pothole_images_enhanced_3be8bc3df29dda9e79eda07491c7cde0.jpg
0.5004639,0.15716831,0.03883822,2.6316602,0.41728234,0.015125432,0.9804642,0.0,0.2411672,0.7032829,1.0969721,0.44845647,0.07874986,3.9625,0.05432335,0.67339337,0.023453997,3.303105,2.4129856,0.067093365,1.6050782,0.011155076,0.6087849,1.1377621,1.6279014,0.044182293,0.6027553,1.96212,0.003081746,0.075829156,0.17676102,0.026682897,0.09690953,0.93257767,0.6877411,1.8633657,0.073901206,1.1196476,0.49108168,0.00935043,0.0,0.2036265,0.4397061,2.4124281,0.3118642,0.17475392,0.3311038,0.08784486,0.5867117,0.398637,1.1133755,0.13699871,0.32850647,0.0006106036,0.93721294,0.7655423,1.389206,0.018550994,0.9089254,0.11493735,0.44429627,0.19864686,0.8566353,0.22188248,1.1945084,1.7692721,1.2543169,0.006840496,0.105816625,0.39880174,0.8101097,0.18197632,0.18890598,0.006792971,0.10661341,0.0,0.49946958,0.6160681,0.0010896057,0.41595903,0.10115151,0.11980551,1.2040411,0.20104162,0.3727324,0.00050844083,0.0065023275,0.02173459,1.3597546,0.07531965,1.6253121,0.04451301,0.13134506,0.06339524,0.06834017,0.12062086,0.34924585,2.454655,0.04794852,0.12896118,0.62109363,2.5493836,0.41134036,0.13186343,1.1732064,0.46177074,0.20698489,0.24686962,0.9706915,1.0808817,0.11518846,0.0,0.0,1.086005,0.543279,0.026342085,0.016369939,0.0,3.2557304,0.6725938,1.9381212,0.17828085,0.1273213,0.17403395,0.4031695,0.04946889,0.23189731,0.31781462,0.06869608,1.542377,0.2474881,0.21981671,0.00069603807,0.16648531,0.0072401846,0.0,0.59295154,0.15558322,0.036927294,0.0,0.6458969,0.0068643712,0.93311375,0.503302,0.1006535,0.8127795,0.51879895,0.0073895394,0.35907468,0.778869,0.051671974,0.7186167,0.009041002,0.03896881,2.1106384,0.6735456,0.49797893,0.5120848,0.7433614,1.4464027,2.1730375,1.988827,0.2925246,0.79173976,0.5277838,0.09586163,1.0685173,0.07441128,0.054651964,3.8634624,0.41819915,0.23422953,0.16621742,0.36198348,0.0005556934,0.61700106,0.078054495,0.0001402514,0.25385904,0.17906186,0.014320681,3.7450068,1.0505579,1.0339866,1.01795,0.72852856,0.3841021,0.48857072,0.49606058,0.6012791,0.085008204,0.09125469,0.80444235,0.5815957,0.5580136,0.73569053,1.7703605,0.51350605,0.47292638,0.09850455,0.48796353,0.2609445,0.31002885,0.43778625,0.18299381,0.6440161,0.9702058,0.02358621,0.41483155,0.58238494,0.097294375,0.54981023,0.5019395,0.018529648,1.1914456,0.88629943,1.0573018,0.09558761,0.21377704,0.3043911,0.00024562178,0.20386228,0.30604723,0.21172054,0.0,0.0,0.3217056,0.067928106,1.5631963,0.96901184,0.10769885,0.0,0.8472069,0.044394962,0.21968359,0.33804783,0.9835442,0.20354399,0.09406628,0.03121572,0.03285352,0.08371008,0.054239977,0.34981936,0.07268164,0.3089227,0.3286264,0.07524981,0.47943854,5.89407,1.484253,0.07576186,0.0,0.039828997,0.22629938,2.1939042,0.43911913,0.7787611,0.32201788,1.9490232,0.7544792,0.46856833,0.06653631,1.0246128,0.68042326,0.24473368,1.0907786,0.49744338,0.68637186,0.117222615,0.10634766,0.16899292,1.015266,0.16874582,0.23452328,0.5629615,0.10645509,0.00089919695,0.62111163,0.4535949,0.18951368,0.16703379,0.44209257,0.033263844,0.03724896,0.50386053,0.34212574,0.038547546,0.20175418,0.0033785156,0.006949342,0.33158118,0.061184336,0.8785389,0.48187223,0.36940274,0.113600835,0.19916958,0.21135548,4.2414618,0.79326487,0.40540913,0.5090123,0.0,4.22798,0.005993905,0.5031651,0.00044989327,0.21821132,0.81049854,0.43627006,0.8709886,0.42709327,1.3125149,0.3694069,0.6355039,0.6171677,1.1999,7.259134,0.32093897,0.3244971,0.0,0.5644833,0.7371046,0.05017683,0.19692366,0.16045348,0.0,0.52478373,0.40316483,0.40083775,0.30492666,0.55417883,0.0225148,0.18469867,0.0,2.2439244,0.32834244,0.8091668,0.93750685,0.24663159,0.04406335,1.8391886,1.8033488,0.3449542,0.44897437,0.18246639,0.39265823,0.6161239,0.09381517,0.12106201,0.5501634,0.051223595,0.5661052,0.016519394,0.31440127,0.107787706,1.7914968,0.06630874,1.331162,0.5786379,0.16990827,0.93765193,0.51849145,0.0,0.009365244,0.13191484,0.24701999,0.37095302,0.21467198,1.0187114,0.55120564,0.8874184,0.81720513,0.5931836,0.9622182,0.058018547,0.0059281043,0.4769248,0.84403926,1.260513,0.0,0.049058046,0.7036969,0.23254143,1.0136646,0.90887135,0.0,0.0,0.31613004,0.25259048,0.09458166,0.12207263,0.11979706,0.14885104,0.575024,0.42754573,0.6817997,0.6202185,0.0069126748,0.031552635,1.3674054,0.17553769,0.08422769,0.32938287,0.007205612,1.0026776,0.35727537,0.3259494,0.9676604,0.22725333,0.163168,0.24664836,0.3512963,0.23677315,0.7179232,0.34534773,0.06780359,0.27672654,0.0038858703,1.3016086,0.6175797,0.0,2.401285,1.753276,0.14365548,1.594336,0.5036683,0.17419651,0.10161781,0.03101086,0.26709577,0.0867263,0.6756139,1.2489887,0.41066235,0.33652255,0.7303149,0.0075156945,0.06666772,0.70766944,0.014478009,0.004561186,0.09673891,0.102452196,0.0,0.1094906,0.027807308,0.94853044,1.308611,3.673163,0.34630576,0.39391318,0.17373756,0.09438421,0.9682551,0.013148643,0.01947374,0.04951435,1.3042487,2.846732,0.3871406,2.4427907,0.56138533,0.0554072,0.12855768,0.006908614,0.28288013,0.01789938,0.14071357,0.98950505,1.7991279,0.0121115465,0.07082684,1.5752498,0.20238155,0.16666324,0.5241646,0.16043462,0.0,0.3478885,1.3178452,0.22244278,0.62811655,0.24065502,0.0059111677,0.012950742,0.14134127,2.6173933,0.22346391,0.063695505,0.7588824,0.4608722,0.58785456,0.123181865,0.15766864,0.04837905,0.0,0.09277369,0.23767911,0.660274,1.2454416,0.058633663,0.14042151,0.6117648,0.8147497,1.9353447,0.08198782,0.1494736,0.4681467,0.0,0.40453467,all_pothole_images\pothole_images_enhanced_3c5d19682afead4783b05f44db64cbc0.jpg
0.32131508,0.64080477,0.16932245,2.0298145,0.78340894,0.13656333,0.28305772,0.064552434,0.19214204,0.94207186,0.22753672,0.29841974,0.0,1.6738434,0.035541777,0.55840456,0.08336464,0.44906864,0.24795541,0.10658065,0.6792173,1.1295199,0.35895935,0.64367115,1.1913085,0.74780405,0.38049087,2.5853496,0.48475412,0.049451515,0.11096598,0.010197705,0.1295671,0.11238592,0.0513402,1.0613174,0.23833066,0.7112953,0.56186795,0.25261444,0.0042434633,0.042139076,0.44016838,1.0296597,0.61300844,0.2472443,0.044721525,0.0,0.97282517,0.5999536,0.22374526,0.08899095,0.039684825,0.3693289,0.17135677,0.8645439,3.0787878,0.0,0.19092485,0.06932735,0.35801068,0.15824117,0.57386434,0.52741444,0.57744855,0.7912755,0.65766144,0.10185117,0.019592395,0.19718443,0.43552792,0.07861568,0.2133721,0.10018716,0.3228828,0.13646723,0.32125127,0.098327145,0.0,0.07474235,0.0,0.007017388,0.6527751,2.7282705,0.2249999,0.019017825,0.22417825,0.23620653,1.1612866,0.061486393,0.21836835,0.15718554,0.26817247,0.026065163,0.5894806,0.118745394,0.26822117,1.0058123,0.91007197,0.26683697,0.16078472,3.189803,0.35798964,0.0,0.2222223,0.025586005,0.20686321,0.3699206,0.03653952,0.24974811,0.14859188,0.8328597,0.19982879,0.32942477,0.7866193,0.46748573,0.10643662,0.012035735,3.8937109,0.39494133,1.9915484,0.33173215,0.0,0.43580922,0.42697307,0.5293199,0.18903798,0.29738355,0.24739185,0.16148087,0.0517561,0.22567445,0.13729085,0.44060332,0.06932868,0.20305993,0.2398457,0.06570688,0.5538852,0.054215007,0.026682824,0.34939298,0.55168515,0.18940252,0.08190148,0.45708776,0.054830506,0.013184922,0.50955653,0.107556224,0.11361803,0.12682906,0.027551651,0.14766406,1.7571065,0.42495564,0.71511877,0.14282812,0.7138215,0.38038254,0.60312057,1.1206143,0.34665337,0.56473297,0.49075907,0.088385835,0.67936254,0.15951544,1.3824748,0.99627036,0.011144396,0.01690521,0.0,0.17036515,0.14699864,0.024460422,0.495516,0.13129875,0.09203959,0.009909202,0.0,1.7383941,0.77591956,0.48516688,0.8376973,0.85062915,0.19902976,0.6110705,0.3049247,0.47884306,0.031082897,0.0015759391,0.005795746,0.44787395,0.35680643,0.15169698,0.6870768,0.07862687,0.63553673,0.16613139,0.23856671,0.21280298,0.012040625,0.40929526,0.5246793,0.09030235,0.31578353,0.20715003,1.277445,0.501939,0.015276935,0.03253223,0.71554655,1.4934297,1.168383,1.0602965,0.16881569,0.090460755,0.13109499,0.39091825,0.40204853,0.052689362,0.42055553,0.26815775,0.0,0.09042862,1.6790087,0.15819597,1.2765331,0.71839297,0.07274776,0.10163634,0.106776536,0.14413957,0.41184187,0.0,1.3625938,0.0010537299,0.21545178,0.31761366,0.3130813,0.16625334,0.12985085,0.43738595,0.1565179,0.0060846074,0.9361416,0.53326654,0.012286688,5.2700653,3.1042361,0.013762234,0.04318926,0.09701822,0.0,0.4703892,0.7878905,0.09301562,0.5908295,2.4631057,0.004495256,0.13394439,0.33452508,1.0479748,0.040165648,0.12888755,0.064142235,0.1628965,0.5053512,0.033446126,0.15603256,0.0019686497,0.27100658,0.018081136,0.77655846,0.6904013,0.023009732,0.01666161,0.07204549,0.33488736,0.83185345,0.89165074,0.20981115,0.11820523,0.17488553,0.017591834,0.67960215,0.20348132,0.734375,0.09367718,0.03411239,0.07009771,0.034102462,1.4382187,0.0074711726,0.5787288,0.027673153,1.0421474,0.2408233,1.6861092,0.593046,0.54300916,0.037518673,0.108745396,5.0860577,0.46532834,0.19483235,0.058772985,0.0025807153,0.32382283,0.08565977,0.30286884,3.0782924,2.1777341,0.45594966,0.6658705,0.020884395,1.1362345,4.248484,0.25002116,0.0,0.009470152,0.5545356,0.2317175,0.64892155,0.2685087,0.500863,0.018000472,0.21081384,0.10296673,0.3848779,0.08493105,0.011954078,0.0029989851,0.034438763,0.056897577,2.3998184,0.47580943,0.09305185,0.1794129,0.229303,0.107818455,3.0073802,0.22356072,0.20868024,0.4239547,0.0061537526,0.03448468,0.5276665,0.41922075,0.3003989,0.19603544,0.28566223,0.6362432,0.35331273,0.0,0.13946079,1.3696586,0.42643148,0.56570286,0.15790863,0.023987422,0.55179167,0.18720268,0.008355295,0.003126598,0.2289275,0.10519425,0.15040551,0.066103876,0.23225383,0.022441508,0.4814152,0.033368714,0.0,0.51500595,0.0033636633,0.018657902,0.07352944,0.68170244,0.3396542,0.0,0.22087424,0.26147464,2.554336,0.26621944,2.092285,0.01350257,0.5208703,0.3860349,0.78487146,0.17410843,0.06499073,1.1805604,0.0,0.022324882,0.4940897,0.14951864,0.0,0.53819156,0.5894118,0.87647104,0.2866277,0.38266557,0.20882405,0.11944686,0.3591602,1.10568,0.5163802,0.012844409,0.020912364,0.0,0.013848783,0.04732875,0.07212191,0.7189186,0.8523662,0.2823155,0.6215552,0.16599953,1.0032995,0.58503735,0.13416255,0.835902,2.1604085,0.3681698,0.44295895,0.0005830218,0.46735832,0.36851233,0.66558504,0.11076897,0.060919907,0.2738336,0.25250039,1.3305458,0.6644979,0.9101416,0.122163184,0.15602383,0.56160057,0.18826847,0.0,0.0026989654,0.4328625,0.23100112,0.74331117,0.24609242,0.2108793,0.37091812,1.1604118,0.66773474,0.8866832,0.0005676678,0.750141,0.33218345,0.795102,0.096548945,0.18587379,1.4667823,1.0982118,0.030228283,0.88746375,0.026662977,0.5539251,0.2169987,0.0,0.033988476,0.069168516,0.3763966,0.19475444,0.76284844,0.062431313,0.031959925,1.2450845,0.017520951,0.7427145,0.6438158,0.30674934,0.029176531,0.7213806,0.79076976,0.8895645,0.17619973,0.073496595,0.35614613,0.7191529,0.019734757,0.47575432,0.0607246,0.19464499,1.0601863,0.19060202,0.0047569075,0.03957804,0.0024793441,0.21420616,0.2704757,0.008740518,0.7378861,0.25803483,4.4770074,0.83255774,0.18258984,0.07538298,1.0835172,0.02426781,0.07099748,0.5455406,0.28472713,0.84070563,0.14580649,all_pothole_images\pothole_images_enhanced_3c708681822779ae4f2880d599f1b0fe.jpg
0.5229297,0.15977094,0.6964066,1.6783727,0.8265898,0.0034355074,1.1125408,0.039893895,1.2127644,1.285545,0.17027695,0.054043535,0.006531968,0.5442397,0.006836627,1.2043601,0.03213814,1.3642693,1.5115992,0.15150928,0.40091679,0.5285538,0.39564532,0.95026565,1.5440636,0.31284148,0.12238666,0.25327757,0.11586454,0.07726075,0.026047327,0.011904555,1.1022477,0.5754139,0.106974326,0.92845744,0.049396634,0.6335064,0.37461114,0.30295387,0.0011602443,0.16350156,0.019355925,0.48376572,0.54379535,0.621077,0.16504188,0.0,0.72449625,1.4368937,0.24114643,0.86775696,0.109732255,0.35770968,0.6717591,0.9308915,1.670571,0.030690314,0.5611292,0.06762624,0.022270212,0.50161034,0.10058406,0.4051261,0.09844668,2.0626929,1.2611789,0.10960097,0.6381177,0.060479976,0.0001641234,0.10092542,0.06335714,0.16828482,0.31115073,0.023840303,0.17315887,0.3717027,0.0,0.009606243,0.026118979,0.23726712,1.3369069,0.82468647,0.65885454,0.006197024,0.54361135,0.31110403,0.8709456,0.32808468,0.00080320984,0.112101346,0.0,0.0,0.14813443,0.30770323,1.2327929,3.1326225,0.06625123,0.5627919,0.018764073,4.1160426,0.66036,0.053384107,0.3347214,0.5272592,0.02406838,0.06797824,0.025910642,1.7622128,0.2300772,0.95086515,0.036941644,1.0137296,0.59453994,0.5088975,0.12113099,0.0066049793,5.1685653,0.47552696,1.5099005,0.47137618,0.020797784,2.544195,0.6309468,0.7425792,0.17525847,0.52515495,0.38341245,0.006565123,0.22113946,0.32551825,0.22554348,0.33144405,0.0012717098,0.17751493,0.00094835,0.06303947,0.53378,0.029662263,0.35065815,0.06334581,0.3310187,0.2476939,0.006950645,0.1406531,0.08579117,1.202841,0.023183404,0.2538471,0.5752465,0.25889146,0.19338465,0.027420798,1.9282316,0.30100954,0.55759454,0.03473153,0.7209156,0.3976759,1.6417269,2.159629,0.014410195,0.91911924,0.082879685,0.0,0.5680398,0.19273917,0.34081665,2.4613478,0.34337416,0.0066140504,0.02463304,0.0961759,0.2875624,0.06763513,0.07740872,0.031772453,0.27763706,0.0,0.042500995,1.4187663,0.7467903,2.673831,0.95104545,0.47408682,0.86868334,0.46194246,2.668551,1.0610431,0.20879887,0.0,0.013937144,0.46759313,0.43189734,0.6335135,2.6017978,0.31603622,0.6212465,0.22818613,0.0,0.69972414,0.0065846136,0.06269099,0.99357945,0.30220246,1.1560647,0.25221443,2.1743681,0.8132431,0.029926702,0.016455363,0.045793984,0.49224174,1.2605135,1.0475203,0.52287066,0.054186985,0.15082023,0.00938283,0.16545247,0.5584951,0.68411595,0.24052797,0.0,0.103384405,0.55594796,0.2977891,1.4060924,0.57899266,0.06352582,0.119277634,0.5543978,0.1699,0.32215104,0.0,1.7205497,0.0,0.09197678,0.001154306,0.26821172,0.006325673,0.0,0.5975007,0.05031427,0.0029066831,0.6230604,0.15157224,0.67931557,3.4852288,2.0572088,0.0,0.04679961,0.06145091,0.04947052,0.88587636,1.0748973,0.061121754,0.46586588,1.3696108,0.17736006,0.14822836,0.3697029,1.487414,0.21121706,0.422425,0.6333455,0.16201887,1.5367239,0.19623917,0.09093089,0.0,0.35498294,0.76703596,0.33266893,0.7256443,0.048202846,0.1031286,0.44279906,0.41154563,0.28091365,0.20040052,1.1003425,0.034423392,0.16487382,0.07198674,1.1137067,0.35912812,0.1568327,0.00033522453,0.4377115,0.35343087,0.20023517,1.2869542,0.01601094,0.37409776,0.24858546,0.28412324,0.0,1.6808451,1.1804624,0.08262352,0.063785456,0.03697622,4.6714926,0.6947736,0.3327632,0.052710626,0.08788247,0.22030348,0.11429186,0.584465,2.2059608,1.7068154,0.46083203,0.35584545,0.0020423129,1.7369791,3.5465236,0.03380802,0.7851551,0.08565151,0.2505169,0.04178699,0.41699344,0.055836994,0.5957216,0.07572369,0.113450415,0.0,1.0043899,0.07468484,0.08222767,0.0,0.083185956,0.5875055,2.5413864,0.036732644,0.2609877,0.4987858,0.28206968,0.33304957,2.3763418,0.42374063,0.34613603,0.0,0.17296514,0.008003412,0.061006904,0.14197315,0.3854106,0.71856743,0.09387922,0.37495887,0.15700348,0.225611,0.12052174,1.9653049,1.1648041,1.4589236,0.74856955,0.52710474,1.1129841,0.0,0.032251824,1.1510735,0.312196,0.0,0.26843816,0.7284,0.18454038,0.22895202,0.6516391,0.34585005,0.8615538,0.5700297,0.6317814,0.15288301,0.058122594,0.1642369,0.5771295,0.0,0.74980927,0.068140864,0.9373356,0.15022935,1.9090582,0.18449773,0.116760425,0.031342585,0.098204456,0.14027831,0.33731896,0.11510494,0.031088222,0.04582194,0.42178708,0.14753501,0.51832014,0.35046673,0.032402266,1.2030555,0.24624318,0.46538138,0.86621934,0.12855475,0.12599969,0.2772284,0.3598376,0.010060652,0.35897446,0.29064605,0.06707377,0.14508577,0.03360582,0.20974557,0.366462,0.26034114,0.79188436,0.108008236,0.5968768,0.20419338,1.0084524,2.0983865,1.6029772,0.48095134,0.8288674,0.5758392,0.20027511,0.34696442,0.46130744,0.107679114,0.5298516,0.0050354023,0.19729602,2.0856903,0.27845922,0.2223678,0.0889338,0.5044897,0.09513341,0.069975965,0.035897516,0.033042196,0.15298216,0.43549144,1.2469007,0.38297024,0.03089351,0.6688281,2.7688289,0.47547215,0.38906637,0.17046699,0.72931325,0.94123137,0.62751913,0.05281736,0.4530828,2.0241253,1.5595617,0.2372035,0.5673206,0.020751167,0.8720465,0.9758269,0.0032424063,0.0,0.2710674,0.39390212,0.07569216,0.35820225,0.0,0.72233003,0.63223416,0.06779609,0.07354305,1.8365017,0.011331327,0.2661438,0.68666214,1.9052018,0.3725104,0.040602747,0.017939096,0.13578494,1.2918901,0.1686238,0.35864934,0.12629949,0.08611523,1.8996534,0.151533,0.024067562,0.0,0.030799622,0.25963306,0.0,0.021988329,0.22405325,1.2443972,4.395896,0.45842862,0.03688156,0.83347243,1.3425492,0.37498975,0.6182904,0.7539529,0.3119693,0.5277003,0.044219308,all_pothole_images\pothole_images_enhanced_3ca2839b2fb6f4c2d2c58fbe5b63f4a8.jpg
0.7007717,2.846489,1.0332979,3.2854426,0.61228025,0.5765693,0.582063,0.24460539,0.45859852,1.2208594,0.29324433,0.8223775,0.1184564,0.45054263,0.4096218,0.46205866,1.5920177,0.07777538,0.8153589,0.14150755,0.60441643,1.5165198,0.8134983,2.460026,0.97512853,0.23737714,0.1286847,0.5896437,0.32656613,0.8132928,0.5408598,0.016838606,0.5445245,1.0982009,0.3467404,1.4037467,2.1028237,0.07678165,0.84558153,1.8770926,0.58289677,0.29257232,0.11145091,0.037499446,2.323599,0.24428153,0.2115177,0.5620462,0.5670231,0.14032093,0.60658646,0.41304803,0.4518934,0.85256565,0.0,0.9596222,0.37336874,0.43597496,0.8154233,0.59679234,0.09928271,0.48389134,0.24037425,0.81743085,0.14985107,0.56017095,2.324417,0.3974742,0.52486265,0.10196664,0.4366145,0.16788034,0.7200124,1.2585014,0.30424574,2.8096588,0.75736105,0.74467915,0.08520414,0.62226987,0.55516857,0.7730464,0.43046546,1.2231342,0.8134384,1.2430314,0.042782124,0.45959488,2.5957394,1.8211222,0.21859647,0.37468088,0.1571982,1.5172844,0.29359308,0.0875919,0.88811874,0.7077566,0.18788956,0.45548582,0.366944,0.50915205,1.1501172,1.5988379,1.0103971,0.0,0.25598606,0.57041395,0.114472926,0.92395467,0.44032332,3.2291842,2.690663,0.5071097,0.44873753,0.19863074,1.288263,0.55438435,1.6562634,0.8844391,1.2961649,1.0203389,0.1547066,0.31382743,0.47710106,1.0628474,1.2512565,0.35442427,0.44262937,0.00959995,0.6502285,0.25990763,0.14948648,0.5489404,1.1974102,1.8454053,0.031170709,1.0825617,0.31172326,0.0014007881,0.38104793,1.2833899,0.29599944,0.22479492,0.46251148,0.50059104,0.47384688,0.4881516,0.9588939,0.27506584,0.48301196,0.45632768,1.3274803,0.15638703,1.2496655,0.05197943,0.9753256,0.79850817,0.56637996,0.4522586,1.770125,0.29500666,0.18166374,0.024056386,0.5857468,1.4641731,0.48801807,0.007869658,2.2248669,0.26330543,0.09711178,0.0,1.0911794,0.020548495,1.7420888,0.2057593,0.97552633,0.030961467,0.994384,0.28329387,0.9384339,0.3598795,1.0168108,1.8521161,2.6429093,0.2765897,0.18076223,1.0877655,0.13536558,1.0787888,0.3095865,1.1919653,0.08414434,2.4933002,1.0921283,0.11226103,0.19600973,2.2552369,2.8256927,0.91287595,0.36684462,1.810758,0.094517685,0.39559236,1.1332703,0.40960887,0.17561519,0.22534537,2.3163545,0.53436947,0.10555636,0.20185336,1.0726609,2.0843692,1.2898737,1.1105173,1.0479364,0.3364248,0.55908376,0.9970047,0.90380126,0.18180497,1.5044795,2.076948,0.7066162,0.9179932,0.59884655,0.49324447,1.1439898,0.08394669,0.12804744,0.22779246,0.7207921,0.4612857,0.66059065,0.14134714,0.67271274,0.67602086,0.571049,0.4885935,1.5721486,0.10108387,0.5603876,0.13077788,0.14059377,0.07472716,0.34443656,0.000705812,1.3002509,3.5487995,0.027974289,0.73684907,1.0873393,0.055355474,0.17659609,0.15217227,1.527377,0.59717125,0.9892515,2.6147377,0.28928924,0.039178897,0.82017726,0.5849037,0.20139785,1.9365178,0.8770861,0.39680415,0.8617203,0.32106036,1.989231,0.0,0.26033986,0.4465298,0.705922,1.2448199,1.27838,0.61198187,0.2120317,1.4115571,0.10980355,0.9960601,0.7639417,0.1556215,0.5429225,0.63821495,0.9495942,0.7973577,0.29834262,0.6033338,0.5827283,0.79466105,1.1535017,0.82221717,0.49884734,0.9454282,2.2854786,1.0799952,0.24228248,1.4113085,0.12434184,0.5451127,1.174377,1.9486309,1.0822626,0.5842913,1.3582364,0.7768701,1.0102834,0.14996797,0.45547065,1.0017152,6.3601236,1.5646975,0.20107448,1.9599525,0.2036212,2.3216374,0.5024892,0.4756743,1.5828415,0.9650889,0.98993415,0.12673962,0.7492797,1.1688,0.27179703,0.8161141,0.94192994,0.31891027,3.799829,0.6607277,0.07435101,0.051359557,0.20571595,0.23632324,0.64066684,0.17720285,0.15189661,0.743889,0.7428037,1.5479083,1.6033459,0.11544712,0.3194541,0.13201737,2.4452727,0.34156817,0.07943969,0.50635684,0.68711776,0.63678294,0.6055142,1.1776943,0.94839734,0.30723998,1.0046233,1.0493431,0.69699025,0.87565005,0.37680843,0.28068903,1.3326087,0.9130872,0.260075,1.0567614,0.6334048,0.44817093,1.3757856,0.22220945,0.33142266,0.7348117,1.2043012,0.5212612,1.7939657,0.47238696,1.1291887,2.2008722,0.14708512,1.952887,1.0759212,0.658987,1.7899272,1.6690812,2.769351,0.7508032,1.9868104,0.3647278,1.9481,2.1992376,1.0749054,1.5815275,0.6365536,0.52582484,0.17409797,0.9033505,0.6525692,0.82352394,1.306707,0.6047306,1.4542277,0.36791143,1.1261059,0.16320466,0.15742351,0.058032364,0.9009115,0.8419381,0.26781246,0.07760961,0.3424423,0.42817435,1.3793874,0.23305169,0.0057656965,0.53498584,3.067455,0.2749333,0.8534524,1.7687892,0.28161672,1.491432,1.8480422,0.3215194,1.6355568,0.9586589,0.9420459,1.0923276,1.9120773,0.43062174,0.5364451,1.0900519,0.3799207,0.43092105,0.7359144,3.4423008,2.8921576,0.20233275,0.7667496,2.0990636,0.90118456,0.75759107,0.0,0.4818258,1.4035008,0.33851922,2.1169157,0.30127728,0.3598957,1.4153535,1.4161652,0.7034437,1.602236,1.2013662,1.5392249,1.03733,1.8451936,0.07012453,0.68155175,2.0163853,0.2950971,1.0075612,1.06533,0.49198475,1.4747063,0.7831551,0.7383541,0.16560866,0.7131846,1.5188682,1.126564,0.07246976,0.9603656,0.33937922,1.5321487,0.09159937,1.0215919,0.38345903,0.9063259,1.7646507,2.767681,0.8316887,1.2500409,0.64816576,0.0,0.8128231,1.3354402,0.14636464,1.4996222,0.050799172,1.0140599,2.0621998,0.20157148,0.14798643,0.48213926,0.0,0.66070944,0.5984291,0.34584433,0.17991962,0.25281897,6.5133286,0.7205326,0.6905724,0.14097871,0.5528109,0.0069243857,1.6561806,0.8325395,2.2530487,0.6916026,0.7569594,all_pothole_images\pothole_images_enhanced_3ca31b2265617c988e65b2c2562073e2.jpg
0.9045502,1.411963,0.25872475,1.9840374,0.6365013,0.0,1.3463608,0.09084965,0.5529653,1.2390611,0.61569506,1.7173985,0.99749464,0.9125965,0.044681996,0.2469405,0.10576248,0.12019552,2.2295344,0.02632733,0.55987966,1.1018529,0.8404241,0.34576344,2.433405,2.1600535,1.9287803,3.5851939,0.8995018,0.021691855,0.03163381,0.14610402,0.8194463,0.45436218,0.5677673,1.2384669,1.0050867,1.081461,0.5866409,1.0532292,0.0,2.3282819,0.1487644,0.6948823,0.007656286,2.9554515,0.15767285,0.1469252,0.046223704,0.05502616,0.71912396,2.350981,0.28939432,0.004982021,0.0,1.8495717,0.42526934,0.0,0.203238,0.23033772,0.9815499,0.8000209,0.28266937,1.0008204,4.3612742,2.0684092,0.5153691,0.058631197,0.7355443,0.15094055,0.51969385,0.17027469,0.09718483,0.40677634,0.15702093,1.3279942,1.0139152,0.7478653,0.94563055,0.31736392,1.0448446,0.271675,0.015406449,0.46841967,0.38627097,0.7500587,0.06415875,0.2795102,2.6085143,0.23393796,1.0285555,0.7761678,0.0067048706,1.1641823,0.5930506,0.08954797,2.4819345,0.21592855,1.5473197,2.548563,0.0,3.1211715,0.25776392,0.6140073,1.8872867,0.14500667,1.6219046,1.6026216,0.012711438,0.084356345,0.17100704,1.9064032,3.4763892,0.64526504,1.7482259,0.062076382,0.113085605,0.8778104,0.0018416521,0.61172813,0.5593681,0.041410573,0.09140127,0.7138263,1.4316524,0.013226638,0.8256789,0.0,2.4957387,0.48322338,0.13747999,0.8137418,0.021454815,0.009966735,0.49788877,0.9358656,0.1313981,0.8463812,0.25989252,0.15922172,0.0,1.8018028,0.43976778,0.18174346,1.7976955,2.078414,0.5538031,2.588618,0.1907964,0.0,0.20634067,0.09624419,0.012412693,0.04167546,0.831523,0.04544115,0.3601933,0.050443575,0.8085836,1.472399,0.44764483,1.636377,0.1617344,1.5134776,0.8907154,2.623007,1.131565,0.12081547,0.6755229,0.81496847,0.68270445,1.3446357,2.2802467,0.15002352,1.248146,0.12388573,2.172446,0.167629,0.011024441,0.0,0.68459815,0.8186264,1.2897229,0.78861314,1.5109527,0.32478696,0.15852642,0.5682727,0.31243542,0.16112544,1.0945741,0.94799864,0.0,2.2435007,0.901311,0.06939581,0.1819488,0.52710426,0.7866899,0.8924833,1.093684,2.2877557,0.6902016,1.0160453,0.02076239,0.032400023,0.24505478,0.034583915,2.7919295,0.12722051,0.0,0.8370858,1.3867599,1.0700277,1.4754649,2.2852416,2.4984934,0.024222199,0.2403868,0.0041586915,5.9435263,0.0,0.87842536,0.38304254,0.39868608,0.14738336,1.9785688,1.3010911,0.27607274,1.0027086,0.84152097,2.257475,0.06881363,1.3570694,0.25323954,0.33976948,2.1817498,1.3699689,0.9013479,0.33186156,0.24826565,0.5483488,0.25924578,0.04892446,0.57990533,0.0,0.005239,0.64630127,1.6240227,4.7773585,1.0562947,0.012376322,0.007884152,0.0,0.07670291,0.015647614,0.08871766,1.0269724,0.72494227,5.0473437,0.8965567,0.16607884,0.7680484,0.010713011,0.734082,1.873106,0.3852064,0.4358399,5.4500895,0.22106323,1.2521497,0.05224967,0.15999848,0.0,0.15486586,0.24037294,0.2733548,1.14136,0.087576166,1.0505066,0.037470404,0.59550786,0.52142483,0.09186046,0.1946471,0.44247168,0.8843206,0.26918322,1.1405642,0.3711673,0.33403295,0.7173261,0.56414056,0.0014416883,0.44769073,0.015377371,0.4871014,0.5938526,0.1623812,3.2546897,0.30487904,2.2521167,0.008010225,0.021695448,2.0617177,0.15971613,0.0,0.005648231,0.08501231,0.69189143,1.2722397,0.82095164,0.5351331,0.6882684,0.1353862,2.8480916,0.17912868,2.4536507,0.45068246,1.4492031,0.031786874,0.24425997,0.09749909,0.005638131,1.5456951,0.02501957,0.107498966,0.1572496,0.97892606,0.4053861,0.8129256,0.2150699,0.0,0.99013317,1.694447,0.29340583,4.3515463,2.176578,0.41587862,1.6026245,0.609294,0.4380951,0.649714,1.8783102,1.0110463,0.2453131,0.045997277,2.0217779,0.48578647,0.60383844,1.2168716,0.021606958,1.4775692,0.4486126,0.088457674,0.13520999,1.0089025,0.9870713,0.26929566,0.072887786,1.4807388,0.044007875,0.91240436,1.6912409,0.018904598,0.016059091,0.3745251,0.6834171,0.13214488,0.07676495,1.7880051,0.020654337,0.076630905,0.56333506,1.1875452,0.082864895,0.050242648,0.16696435,0.1546493,0.40206948,1.8251963,0.0048575746,1.0436767,0.76846933,0.45169732,0.33033744,1.2338151,0.10394795,0.15288305,0.76727635,0.4264834,1.8661764,0.022171466,1.2330846,0.07765518,0.13662153,1.3190731,0.03345325,0.16158861,0.1932979,1.3141959,1.3567795,0.021966942,1.997653,1.2609372,0.40680304,0.89092594,0.7355983,1.1923656,0.3958453,0.49635145,0.13115461,0.011013222,2.280677,0.014238761,0.5575752,1.3695673,1.5833569,2.126219,0.05197303,3.2618732,0.8017392,1.415748,1.4874924,2.4244814,0.036229197,0.45744234,0.71322656,1.029089,0.11026415,0.26475403,0.7980287,0.42516634,2.0287786,0.7534775,2.9823186,0.6950557,0.8928428,0.35148206,0.62608963,2.3333285,0.41533497,0.08107985,0.012340185,0.0026022298,0.0,0.77403957,1.2945883,0.16278186,0.40367737,1.3558137,0.5469964,0.0047700903,0.0,0.31698805,0.9690384,0.2082847,0.027360355,0.00399252,0.82818407,0.5144708,0.1287747,0.50501156,0.21982962,0.88155925,0.16935913,0.22034863,0.9780857,0.89792645,0.33785743,0.41461742,0.111661755,0.14276913,0.058351837,0.011067706,0.31142408,1.829506,0.28906888,1.5043154,0.74572295,1.7074668,1.1114365,0.08275099,1.6444067,0.04509901,0.018546969,0.24885559,1.1903607,0.44379836,0.010378132,0.6368066,2.6230307,0.67442983,0.9315975,0.0011180396,0.055076838,1.4138234,0.018336577,1.2362014,0.04634175,2.012608,1.3845383,0.054630887,1.034371,0.08056727,0.75471115,1.1430702,0.28419465,0.27888706,1.9135298,1.4638834,0.4039289,all_pothole_images\pothole_images_enhanced_3cafb9f173d53e0d774bf8a337579aa3.jpg
0.1666671,1.2302022,0.27047613,0.82486653,0.19549283,0.029081067,0.0,0.0,0.112225965,0.27407852,0.15854695,0.17780198,0.0014944826,0.0954691,0.0,0.22047456,0.094477914,0.09728506,0.0347695,0.23235759,0.3472205,0.8964803,0.97176665,0.954699,0.6826048,0.7719169,0.12137357,1.4872594,0.0023070886,0.007903985,0.27783978,0.0,0.097898975,0.3656007,0.2888443,0.07920414,0.1351559,0.62639654,0.16471432,0.16718625,0.024249211,0.38465384,0.09797128,0.07987596,0.56013274,0.017209282,0.0,0.36061108,0.0,0.09900123,0.06746734,0.3640119,0.47802633,0.32464707,0.07996834,0.045714,0.77139264,0.017183332,0.0,0.010348857,0.013213301,0.0418387,0.6099564,0.3818313,0.6365171,0.823947,0.024908353,0.0019711808,0.0,0.13058117,0.18208359,0.013409314,0.26913768,0.09694161,0.0037768695,0.09247275,0.039738625,0.4865572,0.0,0.0433621,0.0,0.0,0.37047786,2.1626832,0.10299032,0.0013813069,0.0,0.033731658,1.2757192,0.25269586,0.10700081,0.39723384,0.18937023,0.08468332,0.12890643,0.24348065,0.7289005,0.7904587,0.038313564,0.010118886,0.12732458,1.2603556,0.040884674,0.07844025,0.79238725,0.13635325,0.109562226,0.27252182,0.19324957,1.5049108,0.046393648,0.9604679,0.50685614,0.5649124,0.2259764,0.6879682,0.1035361,0.0015953466,1.0720619,0.17660378,2.2554305,0.047301237,0.08130596,0.5327176,0.2856779,0.1582685,0.0,0.0948055,0.36015013,0.12169587,0.12993039,0.023413936,0.0,0.012451919,0.09819197,0.13100721,0.17450847,0.0,0.08870418,0.020117067,0.28718436,0.11704341,0.32900777,1.1568375,0.101208955,0.05881841,0.0,0.3199283,0.2523542,0.00024353986,0.02788524,0.17659195,0.011319339,0.39264783,1.0460963,0.09518328,0.068962336,0.4868677,0.27545798,0.5590614,1.8374952,0.74617285,0.040764097,0.23952666,0.0,0.05991699,0.36534423,0.11762731,0.78554887,1.30187,0.0058455067,0.031720914,0.1489883,0.0066107535,0.33332038,0.044629026,0.23807885,0.0,0.044268005,0.36038435,0.009614432,0.49080157,1.1503986,0.588289,3.6712396,0.105427906,0.06741282,0.012332022,0.60817504,0.9616615,0.08683363,0.07537346,0.20611447,1.4534883,0.21573253,0.0025205284,0.43190008,0.2010457,0.3509112,0.13186763,0.01888924,0.29654047,0.0,0.63036126,0.016707381,0.5936386,0.052445665,0.16590595,2.0573053,0.1871404,0.0,0.033172406,0.15519944,0.19368269,0.023564285,0.20978372,0.31732407,0.056028754,0.07623522,0.0012009069,0.17249516,0.0,0.40646684,0.1895674,0.025865657,0.0651885,3.1217,0.19108674,2.7129738,0.5299621,0.0789607,0.023803476,0.026934639,0.024926944,0.2871303,0.015897019,0.61032593,0.07633225,0.3132846,0.22665077,0.14278437,0.0036882588,0.5544554,0.14993668,0.11452491,0.003667224,0.46455657,0.12928021,0.024175016,4.820779,1.1801083,0.020888736,0.0,0.0008125955,0.01165448,0.0,1.2472872,0.11351259,0.014639488,0.53156483,0.5295013,0.28309622,0.20079425,0.12568171,0.041135937,1.3218474,0.08111923,0.4181483,0.46188837,0.091080524,0.021031547,0.0,0.051431596,0.50128007,0.40860048,0.8569459,0.0,0.68383074,0.087260276,0.19153948,0.43132517,0.321365,0.60062927,0.0,0.27105495,0.0069308123,0.24480912,0.10495337,0.06405366,0.08708979,0.0,0.261753,0.0030386278,0.75678545,0.0,0.82464445,0.33127096,0.0048503554,0.015736246,1.4588242,0.34449264,0.45712566,0.043594256,0.04136709,4.6531568,0.122988775,0.09295545,0.38027355,0.140741,0.0444463,0.026117675,0.6129321,4.2871866,2.905533,0.2074537,0.28290582,0.0,1.5527452,2.8612745,0.1482252,0.42039835,0.007868055,0.3399882,0.13555191,0.25520942,0.030623961,1.3234993,0.12453548,0.0007046228,0.018269002,4.0416994,0.0064542047,0.0,0.0996686,0.11084903,0.0038703873,1.2368468,0.003907472,0.14471835,0.044017904,0.055183444,0.40838844,2.9406059,0.47696677,0.40334314,0.03161047,0.01485653,0.12023002,0.5259156,0.033399057,0.009444467,0.18962657,0.06771009,0.22869469,0.2341789,0.119211525,0.020001136,0.13675523,0.017479995,0.045679606,0.39794707,0.1549453,0.29400313,0.014745741,0.028763592,0.0062880917,0.73342705,0.5214098,0.04120213,0.013758965,0.36231616,0.0053940173,0.14329535,0.040641703,0.2870341,0.18756351,0.1519598,0.9272012,0.14115864,0.9832217,0.09584985,0.0,0.16044404,0.338427,3.047154,0.0,1.9987829,0.38651252,0.0,0.1388505,0.32609227,0.23517597,0.037117448,0.27250656,0.0,0.2875267,0.11246685,0.73152876,0.01760956,0.049526196,0.80635023,0.45182732,0.12863356,0.021149723,0.2814243,0.0028335848,0.08016203,0.20128256,0.3277773,0.0,0.03302727,0.06768736,0.62855846,0.2513411,0.0032110354,0.5916889,0.366366,0.76135767,0.107478775,0.008156865,0.15986069,0.056353837,0.76090074,0.45242098,0.23384047,0.30333132,0.5066222,0.087510504,0.6043492,0.19465116,0.25151128,0.70327246,0.06911651,0.058060903,0.023982296,2.4164848,0.30534312,0.5579282,0.21483155,0.020162417,0.5277118,0.10493264,0.0057432144,0.043883666,0.1607225,0.01067319,0.3141235,0.4910234,0.11755436,0.46328858,1.9020958,0.029964762,0.92599064,0.0,0.37847242,0.34004822,0.35854822,0.0,0.113736585,0.28521118,0.8169473,0.13642535,0.15574378,0.0011581846,0.04978992,0.066053696,0.0,0.003143764,0.0,0.37581193,0.76507705,0.011252555,0.17728634,0.092672095,0.28747836,0.0,0.020220282,0.45639083,0.8656856,0.072545335,0.69507736,0.6365215,1.3854011,0.50619143,0.024192417,0.39518395,0.15001795,0.0313737,0.083491966,0.0,0.08293115,1.5103816,0.0032437535,0.0,0.0,0.0,0.8356331,0.0,0.015937809,0.13683686,0.020456329,3.6860967,0.52687615,0.4187663,0.0,2.373655,0.17635722,0.059517663,0.30625397,0.29353547,0.92331403,0.06508164,all_pothole_images\pothole_images_enhanced_3cd85e8667e803c2d086a19ecbe45f4d.jpg
0.7499768,1.1664251,0.07523134,0.08074901,0.07338625,2.0128067,0.55121243,0.4364184,1.578022,1.2084634,0.36299744,1.737759,0.92743665,1.1748321,0.38205776,0.059746664,0.11205468,0.94806755,0.7396353,0.1494639,0.92028075,1.6209674,0.28523883,1.4181463,0.89187264,0.51764876,0.26331028,1.7176828,0.6703243,0.3739136,0.25879517,0.21865253,0.48439714,1.8504872,0.49523696,0.12715298,1.493392,1.4630302,0.14578976,0.5732128,0.6062997,0.22150455,1.1803601,0.47024283,1.164157,1.0655241,0.6436725,0.0,0.72087973,1.4218053,0.50737137,0.52846426,0.27970636,1.035829,0.4590089,0.2470266,0.84912616,0.10455449,1.2613231,1.0851425,0.72525716,0.572903,1.3886516,1.232276,0.6630537,1.7075379,0.28322092,2.1332257,1.1342177,0.40027007,2.5376062,0.41800743,0.23641086,0.38200024,0.5095968,0.07327245,0.25838518,0.18144894,0.0007384473,1.7295809,1.1255473,1.2255532,1.0864381,1.4454175,1.3382446,2.6325097,0.7349447,0.49525008,0.412621,1.9977189,0.36631447,0.6244256,1.1191115,1.8091751,1.0012031,1.0497538,0.8217044,1.0917354,1.7824168,0.03981102,2.057905,0.5622337,1.3334693,0.5088568,0.17865919,0.9964845,0.35765964,2.337837,0.81236655,0.34128305,0.18432623,1.7910013,0.6704267,0.9415121,1.2567747,0.0068198047,1.0117935,0.72705024,0.9444105,0.88387144,2.990712,0.95653796,1.2692736,0.2433681,0.09943562,0.13780202,0.1617599,2.9103224,0.7745723,0.6972418,0.9703914,1.0942886,1.4527584,2.504291,0.23921454,0.17865057,0.5519564,0.2905803,0.09265837,1.3470855,0.98672247,0.60367185,0.12105902,0.46293774,1.1116607,1.650962,0.33170515,0.0895698,0.24871057,0.4872617,0.20806867,0.6343917,1.6870918,0.07993715,0.94690895,0.39935622,0.7110396,0.29773355,1.7771631,0.1146416,1.92815,0.48197562,0.44051766,1.6035732,0.4443839,0.38810754,1.2534101,0.14928812,1.0614198,1.0073856,2.6026146,2.6299481,0.77691936,0.874346,1.2662538,1.0915786,0.05169536,1.3348192,0.3605132,1.8660586,1.1989927,0.50890297,1.5382665,0.5582064,0.8380447,0.17681089,0.117871955,0.50175744,1.1526262,0.7983519,0.22956863,1.0623714,1.1988606,1.8616923,1.438291,1.9284384,0.9089314,0.730024,0.57383573,1.2405515,3.6310751,0.28528962,1.9151405,0.66976273,1.477265,0.15384498,1.279679,0.447311,1.0650945,1.3319637,0.88903785,1.7453507,0.92888325,0.55470216,1.1657071,0.103390284,2.4921188,0.9304612,0.57855844,1.4540585,0.011199957,0.905549,0.9769589,0.0010869405,0.7435197,0.21402782,0.7871142,0.038478896,0.6938741,0.53155005,2.633914,0.74348736,2.2988594,0.8890613,0.33011693,0.76352644,1.8099605,0.8469704,0.72157526,0.97800255,0.30287245,1.3968033,1.2012473,0.24737605,0.5137205,0.06002369,0.70112866,0.14684969,1.187192,2.6695817,4.55375,0.81396765,0.75647885,0.19401884,2.179302,3.102176,0.35353956,0.12327926,0.30826294,0.51784873,0.3827503,1.2687764,0.11263567,0.9292308,0.016423864,0.3152189,1.4580274,0.84929335,0.41965446,0.19901645,0.84579676,2.0839124,1.219649,0.7102944,0.12735064,0.28890967,0.6347352,1.0488247,0.565058,0.2586876,0.48766395,1.6291313,0.20681097,0.6563522,0.9253663,0.13552113,0.45370996,0.57757556,0.13217913,0.5219074,0.6604768,1.478804,0.20199586,0.37074906,2.8566985,0.10494798,0.6691465,4.069834,1.2622813,0.63668925,0.5899402,0.8059284,0.05537884,0.048113894,2.9010737,0.33591366,0.014868498,0.13471414,1.1719294,0.06849096,0.45754698,0.41832274,0.405968,0.5684838,1.3031363,0.39592367,0.7102549,0.3025366,0.70867246,0.71387815,1.0490804,0.16240191,0.24314201,0.8175271,0.5750784,1.0724528,0.8642587,1.0690088,0.6218217,0.9923835,1.9084108,0.2924686,0.12948596,0.077803776,0.028632132,0.62676185,0.32052428,0.018341819,2.4451847,0.5785441,1.2430503,0.6684159,0.4256197,0.4355114,2.1446853,0.6193891,2.5668976,0.58874977,0.17079315,2.1279392,0.36858064,1.1107016,0.79069847,0.70158976,4.628429,1.0238441,1.14571,0.9057776,0.9063512,0.13488926,0.37064248,1.8972815,1.7545745,0.072816394,0.54762983,0.11849017,3.0617986,1.1196244,0.8566549,1.4185618,1.9587144,0.6210603,0.5897827,1.1555396,1.0740366,0.3048086,1.3784125,0.9774709,0.23066324,4.6133337,0.06487567,0.5456545,0.7985215,0.97552615,2.4655395,1.9075632,0.6084225,0.5351926,1.2005289,1.8768363,0.92115736,0.5574479,0.15028556,0.2816132,0.03540014,3.6941938,0.3806456,1.7443334,0.4867897,0.8724715,3.181625,0.60434926,0.16821729,0.14400299,0.22636658,0.23674656,1.0860337,0.28547361,0.041739784,0.65508294,0.64891,0.4454085,0.6082259,2.4098346,0.40797275,0.3526828,1.5875124,1.1097134,0.8642449,1.2314974,0.007279379,0.25349522,0.58931947,2.885683,1.1706105,0.23185395,1.0211508,0.39550883,1.0876905,1.5738121,0.82140535,3.1572766,0.12397388,0.7416657,2.0126498,0.3694586,1.0260991,1.0905296,2.3802574,0.78221905,0.363883,0.012541678,0.09779549,0.3422083,1.9412838,0.40708464,2.0204659,0.09381085,4.046661,1.6332941,0.56912625,1.815705,0.019957883,0.08969181,1.3916236,0.5021289,1.5465176,0.75106966,0.68924683,0.49430153,0.5916549,2.486402,0.4873246,0.49926776,1.5577327,0.740739,2.2431722,0.016828023,1.8611484,0.2490436,0.37117094,0.30968174,0.10900513,0.2479095,0.80817324,0.16835296,3.5244114,1.4874277,1.0660737,0.2430729,0.4592072,2.018281,0.09895723,0.286882,0.73971665,0.15392601,0.82087857,0.9659625,0.10145913,0.00916585,0.90651786,1.1137538,0.021121884,0.5824582,2.1574552,1.0858898,0.039745186,1.0803223,1.01184,0.47593772,0.20584184,1.4519053,0.11077903,0.24916808,0.0357537,0.072195716,0.18215722,0.93102014,0.10606481,0.25757545,1.3870419,0.4479554,all_pothole_images\pothole_images_enhanced_3cf48ac0292a2dd2279046bf0b66ff96.jpg
0.0017746638,0.483125,0.025185939,0.9060633,0.38985717,0.018036611,0.64933777,0.017074587,0.68871206,1.408687,0.5548636,0.646947,0.031348106,1.9215153,0.3372399,0.03125638,0.35571584,0.40014878,3.515844,0.50549567,1.3618643,3.157908,0.13380623,0.40620142,1.2649928,1.1139531,1.3122764,3.5708363,0.40449524,0.97624344,0.5576401,0.005790597,1.7425568,0.087635934,0.6587841,2.1845083,0.20200247,1.1769327,0.84662277,0.4162596,0.058631048,0.0,0.05604073,3.3187845,0.63825685,0.20576048,0.3274145,0.9367536,1.33396,1.3140867,0.3648527,0.6622986,0.7979418,0.017100394,0.16826613,1.3688745,2.2003973,0.34501302,0.12905465,0.71331227,0.7433099,0.27600098,0.6229787,0.116453975,1.6020352,2.2470868,0.4145773,0.20771523,0.010322491,0.5667037,0.031183418,0.69132495,0.30494416,0.40465653,0.6959428,1.1237869,0.103739135,1.5933799,1.2247326,0.59416026,0.9891165,0.033091642,0.9506333,2.0636513,0.08031092,0.08399725,0.5380309,0.0037196449,1.4235713,0.07080489,0.4764571,0.8381671,0.24371497,0.18159652,0.003407265,0.13179861,0.18664722,0.35562506,1.090782,0.37825105,0.9959295,4.601201,0.0,0.04989011,1.7723597,0.01164913,0.25454774,0.1579415,0.8732799,0.59585327,0.10856162,1.1098119,1.4118913,0.033223763,1.284356,0.9662662,1.9107575,0.8330159,1.4488189,0.15165558,2.9430392,0.25377136,0.25249758,0.6353576,1.1947727,0.73747134,0.04249315,0.3229623,2.6801202,1.9372727,0.24604346,0.02845207,0.009634035,0.22350314,0.3172968,0.017168008,0.51725024,1.0549936,1.4683691,0.85005313,0.38469028,0.258856,2.1494138,0.52539253,0.47018093,0.80278176,1.6483108,0.38158098,2.1571465,0.035883833,0.68886286,0.43146265,0.2086182,0.10667124,1.840655,0.9885142,1.061724,0.70535874,0.07765889,0.9451504,0.90365225,0.95946306,1.4028219,1.230564,0.00606889,0.16325672,1.5694381,0.6052013,2.3173864,1.3731575,0.09703821,0.310354,0.2510352,2.2657735,0.2784369,0.1648082,0.6377427,0.042389438,0.43710512,0.27632526,0.24222694,3.059679,4.429304,0.5801365,2.0468876,1.0447254,0.5995784,0.8640069,0.03209419,1.0831355,0.16334917,0.6855688,0.016419342,1.7912656,0.03708534,0.30737585,0.38373303,0.034730118,0.47243994,0.35812682,0.15901086,0.7739877,2.140368,1.2900157,0.428994,0.09503747,0.267593,0.53650236,0.41619223,0.024159905,0.39501214,0.6370039,0.7881785,0.88059604,0.98062134,2.2307453,1.3363903,0.0536157,0.81644654,1.0075299,1.2169961,0.0890089,2.340195,0.8405508,0.043323472,0.20639369,0.8223868,0.8360421,0.46515778,1.3371633,0.44094226,0.07894018,0.46903634,0.4824482,1.323173,0.164832,2.2991962,0.05807211,0.0798967,0.34995192,0.23184048,0.48345488,0.5104497,0.7817503,1.3696839,0.31452653,1.541498,0.05526834,0.68604237,4.810961,4.0113106,0.21792336,0.2057616,0.26217166,0.035935353,1.7677974,0.4797923,0.007550598,0.67678785,1.492952,0.089390196,0.4520436,0.11836351,0.058077626,0.5300108,1.5596081,0.2769276,0.5598101,2.6449597,0.30021054,0.31010944,0.008360523,1.6045021,0.07881806,0.9197362,0.15807706,0.048046257,0.58366585,0.62054175,0.1565496,2.7396824,0.28844824,0.3310138,1.4230598,0.35403478,3.9624035,1.1626338,0.36335582,3.0269632,0.24749237,0.05064498,0.42418188,0.21885027,1.673317,0.26996547,0.24883609,0.10319736,0.28073928,0.8400885,2.0934756,1.336724,2.913082,0.40868416,0.16140941,7.598954,0.08571736,0.4260959,0.32597917,0.0,0.72736406,0.763465,1.8375679,1.2501444,1.8279359,0.026670257,1.3909576,0.026334813,2.449401,0.7607758,1.09011,0.0,0.12531008,0.74238575,3.875775,0.8211019,0.46112892,0.90829825,0.0070164204,1.1819837,0.39831015,2.1406958,0.4463308,0.5134951,0.049927108,0.1807658,0.1046713,0.38476908,0.45780173,0.13723259,0.31368202,1.1211369,1.0748444,1.3317046,0.45214286,1.6886648,0.12080037,0.0833294,0.39250487,2.0969353,0.13695009,0.5786374,0.030504746,1.2333802,0.72694063,0.092577815,0.054966863,0.2790251,1.4402797,3.4092002,0.41330782,0.0,0.040485438,0.92627805,0.97232646,0.04628443,0.19271077,2.266542,0.9245528,0.16260833,0.18610637,1.2905988,0.0,0.79943496,0.13315791,0.31208786,0.045011394,0.30680686,0.0,0.60533684,0.43473846,0.107302666,0.40592045,0.95161885,0.15895358,3.3529842,0.5091799,0.4515934,0.08048865,0.0046945717,1.8403566,1.452292,1.5260708,0.81058276,0.50356483,0.118512385,0.009853035,2.1330326,0.43550777,0.016783897,0.6902787,1.3991693,1.0217302,1.0397909,1.3178777,0.41986784,0.28401744,0.081032194,1.7780203,0.9250735,0.6352367,0.375265,1.3369423,0.005075745,0.38542137,0.21552311,0.9898088,1.1786257,0.42505485,0.054154664,0.0,3.68105,0.47681078,1.4179494,2.3848102,3.2743342,0.20497052,1.9862322,1.2410638,0.20791668,0.06419335,0.7062749,0.32244733,0.30029806,1.1391789,2.5053961,4.255677,0.7395253,0.38772622,0.42368346,0.76319224,0.59588015,0.31363875,0.24924974,0.1968443,1.1086367,0.11043627,0.44805145,1.3254608,0.07396002,1.2527249,0.8019109,0.21123849,0.21018186,0.27607208,0.74017346,1.4500656,0.79943365,0.84427977,0.5892662,1.714643,2.1542356,0.6599623,1.3433769,0.025602253,0.91924816,0.049559947,0.10967496,0.31858483,1.0113692,0.72242707,0.22621533,0.24376379,0.4140536,0.04188039,0.5956734,0.29675815,0.33020806,0.45396784,0.53972346,0.0056754,0.032233544,1.9915575,0.58605504,0.28671518,0.11698239,0.047637843,1.0599183,0.15870231,0.088489026,0.07267705,0.88754714,1.5945674,0.43756655,0.059692048,0.12125251,0.12527747,0.060698103,0.85004413,0.8303871,2.4227939,0.024565693,3.2792072,0.87050307,1.443516,0.15251713,1.746582,0.2795376,0.0,0.83172745,0.29100874,0.56980515,0.32641014,all_pothole_images\pothole_images_enhanced_3cf7f11d0751ca1725e0ee6fd198669e.jpg
1.0912582,0.93863505,0.9702838,0.66649985,0.33621824,1.212512,0.2737111,1.0641361,0.70536935,0.353014,0.032701097,0.24038133,0.17169212,0.59509104,0.3231508,0.03603224,0.0076595326,0.42056203,0.8225231,0.1126273,0.4686372,2.0302484,0.22796008,0.64991623,0.76448935,0.070988856,0.68975455,0.52845275,0.8325035,0.059687234,0.6047044,1.6256454,0.99182856,0.3835875,0.10109489,0.17800911,0.9074774,0.12443142,0.062417544,1.6198605,0.21674263,1.1427237,0.0,1.3155118,0.49064183,0.052945316,0.5181558,0.032471478,0.16144659,0.5370137,0.66190755,0.3308279,2.5216837,0.13065903,0.37268105,0.011617736,1.4767301,0.31118596,0.08700347,0.32134253,0.572121,0.58013725,0.41691348,0.9746331,0.02644312,1.9712405,0.6243119,0.015798789,0.17742763,0.31021658,0.5514981,1.1753168,0.23358949,0.18754666,0.015667904,0.21182935,0.5229864,1.3050028,0.0,0.0,0.07585226,0.39616296,0.18295448,2.2022216,0.05367017,0.18967585,0.93408823,0.0,2.4530635,0.02935021,0.19318502,0.23342559,0.09855471,0.107437775,0.2013811,0.17752254,1.7286719,0.17542066,0.019478947,0.06916572,0.2602467,2.432538,0.9086978,0.68265617,0.085829414,0.0626724,0.0047285114,0.25120243,0.9148261,0.42353073,1.4464877,2.853583,0.88444704,0.22781876,0.2557349,1.41583,1.0774893,0.3658342,0.48378417,0.3324368,1.740821,1.0334276,1.6136813,1.8622539,1.6445386,0.2384102,0.5512802,0.7829687,3.4685476,0.11364029,0.14829485,0.0,0.019861007,0.094445914,0.120466515,0.663423,0.24296246,1.3822246,0.56285197,0.73838556,1.479853,0.77030087,0.17177801,0.6711114,1.3442115,0.7893312,0.116332635,2.1096358,1.341634,0.6816289,0.40634936,0.88684005,0.3805137,0.17766076,0.6674905,0.66467285,0.24507472,0.59045315,0.38856778,0.33242735,1.1676285,1.795784,0.4048287,0.14170559,0.0,0.31856,1.508785,1.828655,0.83460605,0.20237236,0.0,0.0,0.26352587,0.35572323,0.5203834,0.09133314,1.5832119,0.5498885,0.49497262,0.5173606,0.66006887,1.2089258,4.5704637,1.226537,3.39151,0.88383824,0.38653195,0.18476851,1.2889365,0.46351078,0.11442702,0.2229777,0.44706282,3.5465941,0.10266161,0.62671,0.05244144,1.4963887,0.3831316,0.6995196,1.2051653,0.20498772,2.2790124,0.7637153,0.48808113,0.4401186,0.876266,0.04551692,0.2961591,0.3607145,1.8674297,0.35037985,0.25492164,1.2858915,0.7941102,0.9793933,1.269874,1.6421998,0.8344327,0.038940046,0.56542605,0.13767509,0.43971938,0.45539972,0.16108723,0.11785363,2.0006893,0.0069870483,0.14588428,0.43755907,1.4552491,0.9272509,0.32032868,1.2245383,0.24158542,0.09940527,0.6544753,0.6671734,0.19966707,0.25789732,0.2706586,0.39199513,2.2251303,0.019467639,0.12053593,0.35301277,0.46247676,0.25863183,0.88350207,4.55442,2.0273116,0.21093991,0.40099296,0.23136555,0.11682464,0.89576006,1.3879126,0.07292843,0.061425965,0.5632594,0.09864741,0.8773519,0.5719848,0.6198202,0.18441685,1.082871,0.02899915,0.43619868,0.8525389,1.3029639,1.1245842,0.8678749,0.32590514,0.5765803,0.99996525,0.46709847,0.3847309,0.85672647,0.16698436,0.4082019,1.6863734,0.07595528,0.67370045,0.22435807,0.51950413,0.61001015,0.73132706,1.4643427,1.6427917,0.22164302,0.20050979,0.92128474,1.1597981,0.39343327,0.2280027,0.17491363,0.0045089503,0.8229172,0.5235631,0.65632,0.6345619,1.4882183,0.5475977,0.27300966,4.403964,1.1973833,0.5342041,0.33988824,0.5238623,0.015594272,0.14927502,1.6270428,2.1029453,0.7289572,0.025001219,0.03370234,0.05967394,1.3051648,1.7277869,0.5745425,0.05486751,0.43893513,0.14072557,0.3911117,0.674641,0.6977539,2.1602397,0.23115376,1.1685426,0.16791098,4.2033787,1.2250249,0.51523614,0.9832929,0.4163868,0.7337771,1.8806862,0.32613885,0.28409567,0.293567,0.015903564,1.3729212,0.665259,0.033408903,1.7917994,0.042613447,0.16776063,0.60354626,0.87112194,0.3904328,0.32192317,1.0849684,0.9180054,0.8307948,0.10224908,0.62489617,0.54415435,0.70447993,0.018847406,0.74747956,0.39254305,0.0,0.6911772,0.26212576,0.023420956,0.11514177,0.8589918,1.2041785,0.4321701,0.727352,0.8824647,0.2180055,0.33693415,0.41057435,1.0584767,0.027994534,0.60051906,1.9530914,1.1308583,1.9508324,0.43791845,0.09352147,1.3327519,0.7043465,2.0540912,0.63220465,0.71225524,0.37169564,0.008978387,0.36581346,1.1573242,0.5649934,0.29765904,0.3977635,0.011096316,0.23450649,0.4432344,0.30490348,0.10796018,0.47674322,0.54666185,0.0930663,0.9298387,0.8230981,0.0,0.97637844,0.12571552,0.23701358,1.2274663,0.057635233,0.3129446,0.6260198,0.5057083,0.10155525,0.18327755,0.5488129,1.6698387,2.2478356,0.16021042,1.5019634,1.3104792,0.08068092,2.6672359,2.1892698,1.111308,1.9613447,1.3812418,2.2293553,0.6083036,0.51352847,0.16706845,0.4540755,0.0014777265,0.0,0.09566362,2.73919,1.0982053,0.640606,1.56204,0.7803709,0.35143143,0.6547266,0.2774058,0.14289196,0.458048,0.6323485,0.4680504,0.051786188,1.0335857,0.7106814,0.51089996,0.29046014,0.10171186,0.22179529,1.2734196,0.3616637,2.5255668,0.30083108,1.8214571,1.0015672,0.94547844,0.7035706,0.3499133,0.5391462,0.3032561,0.5159282,0.00473542,0.47388312,0.8734159,1.8023435,0.7193541,0.54488045,0.98564357,0.0056927106,0.26278412,0.040681202,0.25052223,1.1904739,0.97667396,0.014401982,0.2816106,1.7109295,0.27662104,0.3174151,0.00038462298,0.9567351,1.7724279,0.16295192,0.69511706,0.012326334,0.01945186,3.4275944,0.0,0.5518161,0.0014578215,0.0,0.362445,0.116347834,0.23545568,0.6645388,0.19039294,1.9324225,1.0318582,0.79642105,0.06575997,0.9215253,1.6751267,0.35748067,0.4096203,1.6316881,1.4894497,0.45432276,all_pothole_images\pothole_images_enhanced_3d0727585758a46d556d02d372e98611.jpg
0.6936605,0.8653369,0.11494718,2.7810109,0.30808434,0.848699,0.19067225,0.036821686,0.049611285,0.54353327,0.14608929,1.0820905,0.14582722,1.5142517,0.16971315,0.46528262,0.043735426,0.14568111,0.0156901,0.6388919,0.55755204,1.0621378,0.14949341,0.28582677,1.2626159,0.99807644,0.4124765,2.7807057,0.32839128,0.020321837,0.73151815,0.79906195,0.4007571,0.9634065,0.21233028,0.07205937,0.17359155,0.42881376,0.45273232,0.32570228,0.41557267,0.06884506,0.4373449,0.5291304,1.0090936,1.1198498,0.041841477,0.09214598,0.83628064,0.06409027,0.23165512,0.0,0.20262724,0.07626816,0.01851621,1.2983744,1.2355256,0.7082629,0.2517033,0.014318329,0.17712288,0.09830841,0.7540204,0.40853655,0.36137256,1.7306969,0.50806946,0.091550514,0.7069501,0.024342608,0.7596624,0.21091416,0.14971237,0.16138586,0.7326872,0.098102175,0.018568948,1.2612216,0.31241977,0.16493283,0.06158016,0.23136584,0.78965044,0.45552215,0.4734342,0.4539294,0.8396741,0.14467101,1.8066021,0.1360794,0.31895915,0.009411853,0.015425058,0.5523681,0.0026629986,0.046122186,0.4619,0.49818808,0.65887684,1.3509508,0.087306485,2.2354424,0.31930315,0.3376278,0.09563209,0.024837002,0.87724775,0.47763437,0.0059318943,0.29661444,0.0,0.67470723,0.52877957,0.28533825,1.035549,0.19016212,0.9185113,0.09732635,1.4351302,0.6408687,1.5194165,0.110742636,0.3036307,0.39068073,0.6439696,0.76944405,2.2061775,0.44283986,0.70997626,0.45935366,0.07307548,0.050835945,0.064894296,0.33702156,0.40430745,0.83642554,0.7815519,1.2091682,0.77103764,0.22946684,0.04822124,0.40776625,0.0018030138,0.529887,0.3161356,1.577682,0.0,0.07841678,0.59052503,0.088414505,0.85857695,0.53469926,0.27704823,2.076646e-05,0.5809944,0.63486844,0.5155777,0.11532353,0.5238403,0.32399768,1.1308017,2.4651005,0.07072591,1.4681515,0.0,1.7302943,0.87425095,0.4912425,2.9756968,1.3174397,0.0,0.0,0.19537045,0.0,0.19715878,0.27428392,0.14196084,0.026260877,0.9392734,0.30161208,0.0,1.5277638,1.2147326,0.16302724,1.9089798,0.009673909,0.00090855954,1.007967,1.2434149,0.0859375,0.39077827,0.10895785,0.3478908,0.8706365,0.8928323,0.38194683,0.71641445,0.44117138,0.7589178,0.747124,0.44522408,1.0184441,0.37055486,1.0603263,1.2154204,0.3280974,1.3106003,0.12331776,0.86632305,0.76750654,0.0,0.0,0.29281953,0.36336872,1.1007525,2.032963,0.0967839,0.14417809,0.045889363,0.23908739,1.7558215,0.73727494,0.70408255,0.04851451,0.0,0.071113236,2.2759614,0.22100775,0.64892536,0.8874082,0.077534355,0.0044572223,0.26105586,0.04732369,0.09912036,0.007660273,3.3406606,0.0037375703,0.36662057,0.43503204,0.44591433,0.19724134,0.11000929,0.075523674,0.07954489,0.0,0.4706627,0.52203095,0.20925058,5.600739,0.7587424,0.084363684,0.4876989,0.43663344,0.0,0.5020234,0.58664644,0.26761073,0.086002156,3.0311964,0.15238094,0.19912435,0.14532046,0.5911049,0.18149191,0.27204013,0.24463376,0.31129596,1.8327988,0.21321811,0.66888034,0.066342,0.3353951,0.41130018,0.9451454,0.21570423,0.7884672,1.3528048,0.15896712,0.89427274,0.62345326,0.0023640308,0.6565135,0.6023628,0.5058741,0.45614108,0.8435194,0.41212228,1.0722513,0.05620647,0.060546305,0.11614599,0.0028223793,0.5428876,0.31059462,0.36239478,0.018426348,1.8275274,0.059320856,1.8642057,0.704315,0.09599271,0.056168746,0.2383566,6.035459,0.4768096,0.0052368743,0.13717043,0.022303505,0.8683521,0.015885139,0.92765594,1.814964,0.62823087,0.22970028,0.42771313,0.0845281,0.91466725,2.9766388,0.34623387,0.14846805,0.018969625,0.10410825,0.29492772,0.19735216,0.13364613,0.44106933,0.122327395,0.5539669,0.112770386,2.8511403,0.026644925,0.1177055,0.0010351829,0.17038096,0.024802582,2.1833723,0.38079163,0.18883374,1.6471425,0.29403457,0.9350254,2.6783435,1.0374469,1.0428687,0.012165587,0.9809564,0.85545564,0.56762433,0.08238336,0.90209484,1.0989867,0.18128523,0.7291987,0.12520891,0.0,0.034211155,1.2484034,0.12230848,0.095038004,0.075954676,0.07462485,0.4422988,0.030549822,0.0013183333,0.027506176,0.73938316,0.4340864,0.014077446,0.20884056,0.10558632,0.24414574,0.047240645,0.038508285,0.12943365,0.44227168,0.0,0.0,0.84411186,0.056516685,0.31073532,0.12542737,0.22733113,0.26638716,2.0486157,2.0640678,0.7935509,0.0019715333,0.13774717,1.3137802,0.27071106,0.39905298,0.01866827,0.16328807,0.2054614,0.4730825,0.30933243,0.57473314,0.58048713,0.70689446,1.1129802,1.2087129,0.6216208,0.62853724,0.46326002,0.8821226,0.20854703,1.0893351,0.6986343,0.56841797,0.7257723,0.29423228,0.15103824,1.3055779,0.0,0.10424379,0.07661428,0.113775834,0.90664244,0.44390845,2.3450723,0.0,0.7614179,1.1040728,1.7672417,0.016668243,0.4094757,0.8389642,0.19037533,0.2972568,1.0606521,0.17326242,0.19101469,0.15146199,0.7948733,0.8523533,0.19839205,1.3668857,0.12340431,1.7680287,0.5205481,0.18513943,0.1366483,0.08623681,0.043325566,0.012064415,0.57681805,0.99704087,0.09024054,0.6530984,0.99281883,0.78914696,1.0070021,0.44933894,1.0445685,0.4400406,0.29107907,0.3107876,0.7717764,0.40073332,1.7120186,0.2721787,0.47472388,1.1109943,0.8529653,0.072861314,0.47117034,0.0,0.7146485,0.76108706,0.27663356,0.32460737,0.26928246,0.20280942,0.44425866,0.0005179354,0.4404251,1.5019264,0.49682057,0.06242379,0.11196004,2.1845229,0.99659336,0.44739252,0.043947227,0.0011741117,0.28665313,0.1773333,1.0937576,0.123505756,0.055234186,0.4981013,0.0012043728,0.026243402,0.017444978,0.120443575,0.034647852,0.0049978336,0.0062876064,0.4046466,0.5262891,2.857675,0.8890315,0.103730425,0.18069161,1.3972174,0.9603335,0.03484083,0.17491913,1.1669339,0.19649786,0.4600735,all_pothole_images\pothole_images_enhanced_3d0af342019afde478d07f7a258c6b48.jpg
0.22491801,0.6856435,0.32185912,1.7662402,1.0602365,0.26384684,0.108633466,0.000501123,0.5491055,0.3924623,0.2857052,0.6676066,0.24521244,1.076243,0.033426244,0.3223232,0.3508258,0.67922723,0.44638115,0.15676323,0.33063424,0.70797116,0.51244295,0.9398509,1.944791,1.5759283,0.3071147,2.4318602,0.03150921,0.48927665,1.1100756,0.6535037,0.62306577,0.67016935,0.45114532,0.47189197,0.28397578,0.88504916,0.66273636,0.04378844,0.06270448,0.52877575,0.30185786,0.09325612,1.6628922,1.3403854,0.038744032,0.2571595,1.1507478,0.366935,0.8913458,0.657839,0.39721367,0.8928399,0.71732336,0.1669861,1.0008698,0.2785886,0.6096131,0.06837274,0.0,0.27253398,0.5058757,0.41652423,0.7925339,1.8110024,0.76396024,0.023178905,1.0049549,0.32346526,0.9598808,0.51630884,0.8108846,0.14749101,0.12696634,0.37972143,0.2289697,0.72685695,0.037610676,0.47143975,0.0,0.010661528,0.49349204,0.6319463,0.431219,0.61351275,0.50829655,0.4194891,1.6030341,0.48797154,0.5004709,0.49362043,0.800486,0.43161285,0.19169904,0.06268021,1.4106823,1.1742169,0.5226985,1.7980362,0.07014036,2.2070892,0.83903307,0.17587303,0.53620535,0.4253978,0.8115753,0.18777463,0.18405046,1.0583545,0.17062214,1.1344761,0.6013342,0.08709234,0.8894773,0.7313103,1.3375144,0.30653003,0.27528346,0.88774693,2.3462124,0.051885117,0.34334302,1.0660949,0.5976088,0.9755993,2.2467747,0.118430875,0.66503525,0.8444174,0.2222508,0.05504168,0.34577146,0.18035881,0.16325292,1.2741816,1.5963217,0.36154434,0.97783726,0.7548042,0.45515257,0.29559314,0.45248178,0.569572,0.8195821,0.4635767,0.18894093,0.7494929,0.90045786,0.21486369,0.52995104,1.1846273,0.42230293,0.15609577,0.6527196,0.3550552,0.8481318,0.23858523,0.0033967579,0.9559387,1.805628,0.7484643,0.18796414,0.70581895,0.060265597,0.03774971,0.35446352,0.08296842,1.8528209,1.8198596,0.4943231,0.09969753,0.0017175195,0.0035167073,0.1141274,0.288423,0.5865875,0.03491911,1.0829346,1.1707402,0.0,0.91784436,1.1814158,0.51355654,3.3555114,0.23188871,0.44883734,0.6790795,0.567805,1.3581524,1.160695,0.3863812,0.26186222,0.94963866,0.045327004,0.017553842,1.0646229,0.08266347,1.4918617,0.4886265,0.60691965,0.18331853,0.039819073,1.7745333,0.31699917,2.0566933,0.40774179,0.83749783,2.2820754,2.039773,0.014841975,0.33249867,1.2666907,0.2946052,0.32468525,1.6021566,1.0572457,0.18627957,0.2774367,1.1970881,0.6176054,0.3733253,0.93669033,0.40484792,0.068974964,0.17480831,1.7331464,0.62533,2.0523105,1.1629806,0.029489689,0.41350147,0.7823701,0.4465575,0.3096193,0.004910441,1.3917339,0.8539732,0.8740921,0.86853117,0.811747,0.0,0.28089726,1.1541109,0.04818877,0.090946704,1.1024561,0.91049534,0.76912093,3.8080647,0.96547306,0.013196439,0.80221874,0.2131754,0.019183595,0.25149775,0.7449593,1.0955236,0.008209213,2.0022306,0.5491239,1.2012025,0.46773523,0.2997447,0.7550268,1.773789,0.49579272,1.2261807,1.6001658,0.86383444,0.012942558,0.11367884,0.26707876,1.2501794,0.72583014,0.54452866,0.20732161,1.0496851,1.1245989,0.6189047,0.037324842,0.05808054,0.12086328,0.00091911457,0.6322714,0.067217045,1.6043942,0.7517717,0.7658867,0.13557962,0.1295044,0.44919395,0.39039096,1.4743123,0.16212873,0.45269376,1.2769675,1.3376459,0.07854863,1.5317968,1.3428712,0.27138722,0.1395372,0.23432799,3.4514709,1.6660961,0.015877996,0.42218262,0.6758802,0.7615016,0.24692722,0.413699,3.6776402,2.7714398,1.0838857,0.45280638,0.82409006,0.5999323,2.8788283,0.45484003,0.2992987,0.2156992,0.7593379,0.3656543,1.7437592,0.9854575,0.8372211,0.5257007,0.7393792,0.29482442,4.0341983,0.06903382,0.42744702,0.56201434,0.5460351,0.20176627,1.4214947,0.23202312,0.48453844,1.2958231,0.15172878,0.6168297,3.9424102,0.5747048,0.6035823,0.66555184,0.31530562,0.31295124,0.31247982,0.1761596,0.22783543,1.0809836,0.6440632,1.209682,0.35522017,0.13285017,0.43055713,0.81603193,0.3077676,0.35303885,1.0156658,0.06470832,0.2848686,0.15701099,0.1809053,0.03255546,0.79502594,0.45518306,0.24370345,0.42571884,0.9894191,0.8124301,0.612834,0.43741405,0.38071764,0.8326923,0.42298996,0.43571985,0.3580354,0.47717315,0.30228314,0.010090676,0.7254207,0.5368562,3.4110157,1.3685848,1.5280657,0.54932374,0.24795161,0.8068049,1.665049,0.7983121,0.33502382,0.4388165,0.058175698,0.4374282,0.52688533,0.8095501,1.5289932,0.24111389,2.1049857,1.4422826,0.13857968,0.15432031,1.5889452,0.0699969,0.011534281,0.4925054,1.1304039,0.124293245,0.08588177,0.45832014,1.2327199,1.1592404,0.0,0.25682434,1.1495193,0.92755646,1.4247569,1.0316993,1.1384751,0.01979425,0.82813954,0.29778522,1.6302141,0.5620444,0.74137473,0.7914709,1.2512357,0.56194896,0.20969844,0.86054003,0.057709634,1.216541,1.0473723,2.1569355,1.0384349,2.1880727,0.21343704,0.8281527,0.87819326,0.4075652,0.4622752,0.34492713,0.3789271,0.06758578,1.357932,1.0696701,0.09278695,2.4933813,0.8409215,0.17535026,1.7631836,0.25243586,0.6383926,1.1097935,0.12847534,0.5681221,0.51361537,0.5806845,0.79320616,0.29520738,0.37336022,1.092723,0.14898233,0.7713848,1.4023737,0.1391035,0.34918168,0.7312697,0.89111966,0.25158462,0.32907325,0.17130673,0.5242974,0.039705325,0.70446146,0.7050225,1.5485784,0.31766385,0.18245353,1.5263376,1.1271517,1.3685682,0.3054379,0.028741792,1.0239742,0.07651685,1.3898846,0.39293796,0.6105027,1.3184814,0.07190165,0.16205953,0.22247365,0.23248291,0.24057338,0.017463818,0.35829115,0.5782966,0.04007887,5.370913,0.32373744,0.5256796,0.5297221,1.687813,0.7560255,0.5189968,0.08782013,0.7470399,0.42876068,1.2001978,all_pothole_images\pothole_images_enhanced_3d13f32e52ec6d07a8c4de4173adf7ff.jpg
0.9599043,0.9127622,0.94723153,2.1333551,0.5804151,0.95290405,0.36419848,0.16384903,0.22008216,1.2575285,0.62279755,0.65692973,0.039632063,1.1035694,0.17543362,0.5045037,0.028390402,0.13301416,0.7055601,0.41252753,0.76077783,1.2094241,1.3836998,0.47587135,1.9207957,0.32850692,0.6640595,2.7762632,1.4326315,0.6405694,0.9068932,0.116163895,0.3138933,1.1137612,1.3216289,0.136931,0.8312668,2.5000558,0.1873553,0.3552625,0.17880166,1.0339683,0.9232383,1.6752843,0.6600001,0.6019958,0.23796178,0.18425947,0.23094851,0.08301445,0.36093184,0.5680852,0.4130655,0.5019781,0.047051955,0.49835944,2.2295744,0.28858623,0.08328327,1.0673597,0.5657075,1.0772252,2.51216,0.5156572,1.6015584,0.71640635,0.06285897,0.0060474025,0.0442652,0.46750966,0.9633382,0.3043907,0.022285296,0.5695545,0.9175284,2.8093112,0.1281367,1.0667874,0.28929862,0.24243733,0.5906554,0.87180156,0.12508783,1.0707046,0.3861677,0.9474757,0.79196405,0.2508724,3.1059895,0.29079515,0.30382323,1.44607,0.8255665,0.24756524,0.074437834,0.38781348,0.14572197,1.3898462,0.9972224,1.7495112,0.08213368,1.194165,0.19473213,0.36135513,0.32339242,0.045299787,0.10082203,0.078019135,0.17518693,0.42504132,0.7901904,1.9217312,0.5867239,0.35602573,1.0464878,1.1034495,1.8360885,0.075703144,0.41134584,1.0591737,2.1211255,0.42934838,1.99778,2.3523512,0.74634683,0.67015743,0.44787908,0.21080716,1.8625886,1.7198502,2.04638,0.55661595,0.5987361,0.7862399,0.19446722,1.1272212,0.59074736,0.9066816,1.6760038,0.05410152,1.2308565,0.51705986,0.19852296,2.4038606,0.669513,0.3797373,0.33223754,0.10375096,0.013903036,1.3054731,1.1055602,0.029931819,0.3433876,0.08747617,1.4083151,0.7608772,0.20058888,0.6502147,0.77387065,1.3366247,0.5889575,0.15235393,0.7821954,3.0084708,0.43314442,0.93747765,0.97618926,2.2772818,1.3684707,0.98303336,0.48388588,0.2861393,0.9450291,0.46166313,0.9864169,0.46278703,2.136388,0.3648561,0.33414903,1.4214382,0.12700662,1.5475451,1.6580828,1.9374071,1.0819001,0.983438,0.32188702,0.39754656,0.6456693,0.23275557,1.4812522,0.069309235,0.2872917,1.8426989,0.4284031,0.15525642,0.08650529,1.3717957,0.118514806,1.5250872,0.552238,0.35779765,0.45932,0.8249552,0.6278312,1.3201398,1.1217483,0.26253667,1.3978317,0.07003801,0.7546486,0.2420469,0.99274933,2.5924065,1.6580253,1.3492093,0.8555555,0.22102325,2.2079368,0.64311993,0.96509314,0.21960083,0.28063765,0.34926924,0.27598196,0.6149852,0.79398066,0.9690711,1.2994366,0.6383817,1.3075486,1.8348953,0.3334042,0.07692232,0.56500727,0.6658648,1.3680117,1.339746,0.3694255,0.5794238,0.51122457,0.12204447,1.3261179,0.26717034,0.19458735,0.10423293,0.50649685,0.758874,0.84422135,2.8876865,1.0184566,0.6404545,0.2421142,2.0057175,0.99461955,0.2018844,0.6578668,0.2963139,0.91912854,2.8530328,1.3453689,2.0518486,0.80881613,0.096602455,0.66174877,0.44969884,0.069824375,0.54178864,0.46545792,2.279707,0.23772821,0.5570679,1.0203537,0.4464518,0.18531083,0.43530813,1.5729853,0.72757703,0.8902528,0.128837,0.2237164,0.03490455,0.97262305,0.8646863,1.1115714,0.2619002,0.4929326,1.4488286,1.5247549,0.25768897,0.50883186,1.7315865,0.22897993,1.9314883,0.8283928,0.14254782,1.3769053,0.2763345,0.3918094,1.631476,0.39499488,0.27809793,0.02192448,0.5795336,3.7403464,0.1004056,0.6975871,0.85413754,0.62902486,0.440733,0.32122642,0.5223456,2.2556636,1.0083015,0.104525946,1.1974947,0.014955405,0.9192022,0.6008975,0.8142225,0.30880433,0.6401567,0.15893544,1.3317169,1.2582835,0.8419313,1.1643946,0.80200577,0.48384884,1.0879532,3.2009332,0.8148848,0.10300803,0.71073925,0.70201325,0.29451883,1.9708728,1.4516913,1.0789311,0.41564015,0.7189298,1.1155045,1.6781628,0.049159735,0.7176145,0.0049178726,0.08356063,0.94556504,1.182019,0.717521,1.2403916,1.0685921,0.6223287,0.399234,0.3670866,0.07552049,0.79450816,0.17390823,0.28838158,0.6886482,0.64975446,0.06847489,1.0253298,1.0912036,0.15870164,0.102864236,1.5433611,1.3749604,0.086196914,0.7126252,0.7214743,0.23304147,0.050047144,0.47674707,1.454569,0.3263003,0.4365854,0.630057,0.7128861,0.28713492,0.07578169,0.07340487,0.21746959,1.531266,2.6665804,2.2778916,1.6313059,1.6205442,0.1683183,1.8139826,0.9169047,0.5628669,0.25609684,0.7147173,0.2786997,0.3968676,1.0647763,1.2538605,0.1696179,0.14097464,1.4572663,0.9915406,0.013132884,2.1355433,0.4111212,0.11691943,1.3919007,0.43968025,1.0775229,0.95263773,1.1001879,0.45485765,0.60850143,0.975135,0.21256463,0.31388652,1.2317024,0.780645,0.044590697,0.8263553,2.065979,0.06968267,2.053307,1.9047562,2.0482044,1.3881106,0.64596796,1.8445884,0.8547434,0.71449065,0.62106085,1.238699,0.36937305,0.25324896,0.6817467,3.4399784,1.1483053,1.2181971,0.5186097,0.32147604,0.7275769,0.044724517,0.24426556,0.8089447,0.08988738,0.7664742,1.7772138,0.553241,0.86460227,0.7790129,1.5659857,0.48731565,0.5155809,0.3536587,0.77463454,0.30567554,1.5782222,0.5092647,0.21170788,0.6353809,1.1810832,0.4771531,0.7955241,1.1722391,0.6511706,0.87533426,0.20928729,0.76087224,1.2965575,1.252031,0.8327445,0.45602855,1.1643763,0.5080941,0.9970871,0.22943631,0.22607815,0.4896141,1.1133031,0.42097402,1.2473876,1.7885972,0.1699166,0.7523819,0.06526513,0.35987052,0.49088714,0.45864078,0.97321004,0.449593,0.102974355,1.0759969,0.0,0.0,0.12581548,0.72605646,0.11479785,0.23746544,0.15137322,0.15574615,0.54936457,3.7386873,0.2469633,1.3224411,0.979714,0.28067425,0.0351411,1.0734859,0.01654413,1.3199384,0.24551812,0.21334429,all_pothole_images\pothole_images_enhanced_3d34d6587351794d026ad04175f18cf2.jpg
1.9129031,2.5783393,1.5608413,0.7526006,0.010117789,0.29684925,1.7399828,1.116244,0.32440233,1.4581649,0.08081948,1.3485917,0.8855483,0.87103134,0.26736036,0.6287954,0.67212325,0.5715758,0.36359727,0.4394141,0.17535844,2.1782753,0.16662388,1.3487983,1.8066717,0.034540113,1.1699206,0.9468768,0.057831373,0.8272133,0.8446355,1.1646924,0.08189398,7.2059064,1.2791026,0.8080338,0.0,2.4912403,1.9470873,1.3338938,0.18721753,0.04413616,0.33615053,0.6818357,0.64441097,1.0489392,1.1531572,0.0,0.63469976,2.0788984,1.0603797,0.48561236,0.5935868,0.23343484,0.42267525,1.8996071,1.568455,0.53037995,1.1402992,0.27325267,0.5924808,0.7619962,1.2439029,0.14321567,0.5328869,1.0124656,1.1948804,0.8707344,0.142613,0.6049559,0.0,0.74119973,0.42024866,0.15384078,0.55849916,0.06405793,1.052942,0.42143497,0.5851129,0.03482887,1.3359473,0.11026343,2.2833822,0.4618429,2.1482697,0.89962065,0.10179029,2.4035814,3.3376179,0.78676236,0.8618185,0.40673384,1.5143952,1.8427571,0.75755715,0.10075092,2.259932,1.4087113,2.3165019,1.905205,0.034717184,1.8286353,0.035793044,1.5491105,1.7690431,1.9566498,0.15730295,1.552236,2.574851,0.29368183,0.4601105,2.2244918,0.25248197,3.233312,0.0,1.3852829,0.78887343,2.175182,0.5260526,0.8702198,3.8389275,1.5832657,0.7403079,1.8071698,1.0585572,0.34509534,0.1271068,2.5227325,0.5998919,0.2643918,4.03833,0.08186812,0.5346797,0.9384664,0.5075474,0.13169447,1.4296361,1.0152351,0.47774917,1.0368019,0.22533108,1.3389221,1.6572038,3.233427,0.115762435,0.12423089,1.694914,0.76278746,0.5456679,1.7166138,0.48828214,0.71644187,0.5604176,1.201769,1.9417686,0.5255901,1.228277,1.7703127,3.5889995,0.0054199216,0.9448436,2.0641263,0.62143886,1.6467918,0.03763458,1.1766318,1.1600641,0.032799955,1.4744655,0.53381264,0.6212069,1.3654202,0.22229859,0.45318174,2.1108167,0.8003033,1.0943267,0.29362658,0.8272607,0.98544854,0.17677028,1.7991326,2.7067404,6.25807,0.6858525,1.2019247,0.28264174,2.3797722,0.5278769,1.1321052,0.28478023,4.4710555,0.6703815,4.227842,0.89971906,0.17768328,1.1549723,1.7482753,0.22303514,0.2921912,0.8984579,0.39379007,2.5836992,0.78492326,0.056122623,1.2133142,2.015603,0.56728244,3.5324128,0.40577182,0.017514974,1.8151809,0.36796844,0.6365213,0.07390809,0.28344667,0.19450569,0.0013382054,1.6317273,0.20919229,0.91476166,0.2381688,0.95356816,0.30417606,0.9790325,0.88334286,1.3162915,0.09950617,0.59367424,0.10855024,0.5105381,0.3794529,1.4624313,1.2593465,0.0,0.3992621,5.036772,0.23011756,1.7182364,2.578406,0.15006007,0.084711336,0.44765586,0.77559227,0.35777378,0.012170224,0.45567274,0.97011626,0.25163862,1.1617457,0.8584474,0.5362181,0.8859457,0.17748727,0.9374296,0.25820982,0.8056855,1.3469814,0.032262344,0.70439845,1.2177396,0.9358211,1.948108,2.1928875,0.07470862,0.6767912,0.5061055,2.0257304,0.88418263,1.4056047,0.31323156,0.09965691,0.23962854,0.0030161582,1.6608146,0.6449391,1.9503715,0.26779658,2.6046975,1.4071711,0.108763486,0.09518925,0.022060959,1.4775285,1.9960368,0.66354483,0.029394962,1.3089137,0.13249731,0.8157248,0.31735486,1.4112748,0.10074132,1.2425053,0.40023845,0.32415605,1.4496325,0.42908737,1.405782,0.09576338,0.038911276,0.55303496,1.1199274,1.3825908,0.7934386,0.0002843996,0.56296027,1.937884,0.20463978,0.2721647,1.2538747,4.0170436,3.3562489,3.1004562,2.7172184,0.017548023,0.40757203,1.6414876,1.0620515,0.2222227,1.5190831,0.9139449,3.083296,0.64201814,0.42353454,0.2617453,0.02599549,0.7428038,0.4640808,0.4897502,0.44854587,0.23800223,0.23994727,0.51436836,0.6268243,0.5906616,0.16346091,0.259362,1.1309592,0.886763,3.1437047,1.0670717,0.39683205,0.8590318,1.367184,0.42874655,1.5038016,0.078965455,0.0,3.8473678,0.741269,0.7310332,1.4662757,0.37626952,1.4541954,1.3044705,0.59368056,0.46081582,1.0814208,0.4334416,0.8333385,0.4191493,1.2715901,0.32250607,0.074379385,0.66464716,0.8165993,0.98229605,0.7872626,0.54367507,1.7219245,0.29352415,4.9233804,0.0,0.45220938,0.9747476,0.08931538,0.75923747,2.2505841,0.68619615,1.3026682,0.51344156,0.0,0.46080893,1.731573,0.07748693,1.415636,0.07312788,0.62371606,2.1617315,1.2435758,2.3963122,0.27917773,0.18181293,1.6793759,2.7746706,0.37990177,0.31028247,2.43895,1.4931718,0.8592606,0.05165695,3.6030934,0.2572636,0.046148527,1.9618669,3.105082,0.61721456,0.12747149,0.17660093,1.1818467,1.2255622,0.5015917,0.6975974,0.3201222,0.51172584,0.8522809,2.839249,0.2945084,0.00640959,1.2737279,0.3558154,1.2364397,3.4218335,0.9880709,0.45488352,2.3753574,0.8855911,0.6693827,1.6933926,0.049020987,0.91053504,1.2364331,0.15082517,0.14798921,3.6261823,1.2874581,0.25702024,0.24638723,0.12696813,0.16321376,1.0314571,0.20600735,0.69313157,0.052979965,0.018185813,0.353567,0.74730134,1.4018925,0.24430954,0.081334576,1.7617618,0.5675262,3.6088574,0.0015294363,1.310785,1.2413652,1.969166,0.050802883,0.22269003,0.0100296475,1.0709527,0.03899288,0.021831531,0.026887007,0.5672648,0.15429324,0.5210869,0.75285107,1.2618551,3.4368634,1.0394485,0.16306664,0.5349576,1.4001137,0.14872757,0.7422806,1.1731633,1.0062416,0.9105296,0.71564025,4.1459355,3.1457572,0.5007398,0.0017945865,1.1421565,0.9726129,0.20348005,1.0639857,0.049463615,0.019073553,2.2587008,0.33731806,0.5507868,0.4012796,0.14470954,0.5558943,1.7864649,0.53756547,1.0785519,0.21490972,0.12666816,3.5068994,1.2469584,0.71879256,0.467188,0.07379276,0.40404195,0.28972557,0.24295692,1.4159445,1.1124331,all_pothole_images\pothole_images_enhanced_3d85fb5b0d0ff35e9bc083c4883ef12b.jpg
1.1999242,0.661154,2.718933,0.45441365,0.34380203,0.14502467,0.15585382,0.13468327,2.2583992,2.003217,0.9076496,0.0,0.060086813,0.65289307,0.004145124,0.79724556,0.0,0.8396928,0.7060669,0.5408495,0.0,0.052292638,0.6222745,1.6282202,1.1269429,0.049999338,0.365566,1.0087101,0.1799143,0.045245823,0.1536828,0.23602079,0.1587923,0.8329832,0.108987056,0.25281844,0.1118854,0.6660272,0.2402487,0.86861885,0.2735951,0.029519299,0.40322828,0.7355007,0.032394364,0.12532404,0.04036768,1.432516,0.08956386,0.53043884,0.41182175,0.8778056,0.025054192,0.0,0.0664964,0.06469435,0.5072216,0.7949675,0.14206697,0.091837786,0.13671406,1.3191789,0.09261659,0.074257396,1.0868807,0.62771845,0.74726075,0.40340486,0.095554255,0.04318103,0.009065653,0.116574235,0.10816333,0.0,0.34350476,0.06762982,1.6117586,1.6552833,0.0006176007,0.0066770716,0.0,0.061775766,0.083777845,1.169676,0.7817778,0.16358438,0.28915665,0.013385468,0.7125593,0.11149527,0.053688247,0.27835125,4.9266073e-05,0.08156495,0.1112169,0.14748232,1.3941529,1.8665845,0.18604593,0.0036631166,0.2508085,0.62269974,0.43421113,2.1545093,0.41312873,0.31174994,0.0070438324,0.014879733,0.035695143,1.2038295,0.0,0.28729737,0.0073493365,1.5500287,0.79861,0.22948688,0.43219927,0.078414045,0.9151712,0.2695224,1.8417604,0.836454,0.17994201,1.8644964,0.6985284,0.22854856,0.31078285,0.29845613,0.008262664,0.13357764,0.36888304,0.44047114,0.0050552487,0.39579162,0.13568668,0.7651265,0.4169288,0.030101793,0.4415224,0.0035736344,0.59234667,0.020411907,0.69382656,0.73966867,0.34420067,0.010286363,0.0,0.7589697,0.35376585,0.13505146,0.39214185,0.49720585,0.05440123,0.5209872,0.8432183,0.074256495,0.84584844,0.22141737,0.0,1.0197694,1.311175,1.5764318,0.1689029,0.6650993,0.028656805,0.5565142,0.27919516,0.08379078,0.00058771967,2.9028394,0.18639648,0.0,0.042471875,0.07153907,0.018916989,0.448678,0.1976307,0.0,0.0009740949,0.36153057,0.015768094,0.35379714,0.41616216,3.0781188,0.9494375,1.5804261,0.013570793,0.09331353,1.8074709,0.71973544,0.09625139,0.0,0.14241032,0.3667136,1.9995909,0.45771992,1.4703146,0.6881336,1.7612792,0.21699698,0.63338244,0.30552295,0.0065540057,0.0,0.4287898,0.17492257,1.0136307,0.007318291,0.5854941,0.9127412,0.032449935,0.05253746,0.13614488,0.0055153756,1.4240906,0.8012966,0.32030785,0.15421358,0.14271659,0.054836877,0.81002635,0.23362188,1.2563001,0.23180479,0.0037538055,0.0,0.39758587,0.15880956,2.1365178,0.16403186,0.40708783,0.0020188007,0.47592333,0.43432796,0.2826634,0.010309728,0.8523023,0.17697248,0.4393362,0.37874874,0.039490357,0.09639732,0.11514306,0.8171677,0.3445971,0.09251423,0.27242467,0.278217,0.0,3.5167341,0.018383758,0.14643763,0.07863255,0.28635564,0.6968782,0.039254036,0.0,1.1491336,0.12763824,0.23865828,1.3424237,0.45071152,0.29292744,0.16407682,0.042209294,0.21866624,0.9989652,0.06702825,0.7512014,0.48723072,0.25704667,0.08576632,0.5302895,0.5175061,0.45344555,0.22992231,0.012252376,0.14640853,1.145237,0.52378654,0.20378797,0.55022,2.9638603,0.0038756526,0.17599462,0.2121417,0.3169622,1.1698216,0.1493617,0.10845591,0.0541871,0.16515848,0.0,0.0084889345,0.41007692,0.19516964,1.3397284,0.18102747,0.21016033,2.370931,0.90864235,1.0433527,0.06649887,0.88664585,2.6045427,0.006453786,0.12900725,1.6631511,0.040822614,0.039324917,0.31232396,0.05507886,2.7349136,1.505267,0.29865843,0.29035798,0.32908103,0.72315633,2.3771772,0.23104553,1.0929043,0.23254058,1.3959905,0.3855929,0.11940209,0.1090288,0.85025054,0.020997329,0.11592703,0.04728478,2.2332978,0.76458585,0.052572824,0.0,0.6455903,0.008905932,1.3577195,0.15108788,0.37473845,0.123626806,0.12204439,0.0,2.0363886,1.5491152,0.025879275,0.03941636,0.36702323,0.52164334,0.074641205,0.0,0.0015724311,0.11110542,0.1301534,0.54695106,0.04639977,0.0,0.074978866,0.59308225,0.08573717,2.4821043,1.6706691,0.0,0.33871475,0.28051895,0.20959663,0.5125375,0.7668831,0.51016,0.59213597,0.41167986,0.25940838,0.27390715,0.46336472,1.6068716,0.9166365,0.11679703,0.037131928,0.9764192,0.0,0.105192006,1.0389959,0.4956186,0.8168621,0.2605438,0.26438916,0.0,1.5893428,0.12291363,0.4414297,0.67672604,1.4314445,0.39481792,0.33893284,0.3431726,0.012814725,0.26062784,0.6272583,0.5289435,0.21900102,0.06094524,0.80544543,0.859973,0.6376188,0.22699632,0.4017999,0.010391323,0.7485256,0.25127175,0.21132542,0.305996,0.06116314,0.18488473,0.18470907,0.17809099,0.25425193,0.43130264,0.0,0.18551257,0.47437596,0.048560016,0.0025622929,0.3724224,0.26208222,0.92715466,0.579889,0.059303895,0.3258367,0.3552394,0.09512917,0.13467263,0.75047815,0.07868443,0.009675159,1.1504686,0.19523779,0.92787075,1.0056463,1.3390418,0.16961952,0.12320777,1.0312723,0.017979292,0.22195546,0.28304785,0.019576637,0.010171093,0.5076074,0.052087866,0.16511796,0.16558564,4.2077513,0.7860884,1.742753,0.27154574,0.030670496,0.2508092,0.19363512,0.10916627,0.18420067,0.66637075,0.6400356,0.26777065,0.31301153,0.004062247,0.08091036,1.1317685,0.31295142,0.0,0.109535374,0.08614314,0.38546503,0.4214405,0.0,0.43525478,0.24324611,0.37619966,0.23053211,0.65407956,0.8361044,0.27543747,0.77514553,0.9823792,0.8802129,0.34616986,0.17198098,0.0812792,0.037957493,0.21131513,0.87212354,0.19812019,1.6434058,1.5126791,0.5029358,0.010170831,0.01729985,0.4206912,0.13809146,0.85137284,0.097247586,0.012642547,0.95791173,2.0480278,0.9920268,0.33681262,0.0,0.97212464,1.0436169,0.032262683,0.6197391,0.0,0.14942564,0.0006426003,all_pothole_images\pothole_images_enhanced_3da3a0af2b80a116bfb3c54d706d5c12.jpg
0.64410895,1.2382238,0.2513516,1.7365769,0.25563475,0.21194096,1.1762811,0.0,0.0901396,1.2925366,0.65654385,0.43420124,0.003331167,1.4556255,0.1082421,1.3493999,0.08472866,1.2375051,1.5026606,0.63586104,0.8009805,1.8220522,0.7082476,0.6438439,0.0,2.4211223,1.6720097,2.351721,0.5707391,0.39637378,0.4331447,0.67991364,0.42226082,0.12586965,0.44286072,1.8600215,0.69062495,1.8454297,0.22588952,0.0,0.0,0.20967343,0.23864031,4.181855,0.5645688,0.034175903,0.054795947,0.40504014,0.43462136,0.1878585,0.14270027,1.8701141,0.5713329,0.20194711,0.2364944,0.81652117,1.0778775,0.08659042,0.056762807,0.02514592,0.00077254453,0.3793281,0.28145006,0.2193818,1.1638881,2.155884,0.34173712,0.84434843,0.2350976,0.31377593,0.07024245,1.0968267,0.13144603,0.019530142,0.054912996,0.103835784,0.40443346,1.1335479,0.5495472,0.60151714,0.2691393,0.52743703,0.69528204,0.61174506,1.357164,0.056314707,0.6431682,0.102656394,1.8424277,0.27140078,0.22531225,0.09709986,0.0039548357,0.3389342,0.1281392,0.01438271,0.7860819,1.7279522,0.49779236,0.0,0.044811312,1.0168287,0.007556654,0.0034051866,0.76965266,1.2598566,0.16414839,0.0,0.7171189,0.11948657,0.0013858825,0.68481773,1.0525578,0.22299486,0.6997757,0.055566277,0.3254737,0.25081423,0.80923086,0.68055993,1.4045858,0.24422798,0.29764086,0.15228775,0.77269185,0.0,1.0223106,0.3573845,1.3180512,0.014705575,0.9486979,0.12339226,1.5554883,0.05899746,0.5081105,0.019058142,0.0035295123,0.09582995,0.7108215,0.033724755,0.17659658,0.04240154,0.7223906,0.42035702,0.1502271,0.38673797,0.19763806,0.27836892,1.6454791,0.6739203,0.43396306,1.5101218,0.0,0.14008921,2.0904927,0.4007326,0.7775528,0.11338952,1.0995446,0.35424602,0.98135847,1.261319,0.34296766,1.5232906,0.0501555,0.0,2.1647935,0.0,0.85362303,0.40247858,0.9630695,0.05163977,0.1644362,0.67139137,0.32388288,0.10769725,0.11071394,0.10149859,0.79434717,0.5762985,0.18894082,0.2614225,2.2759688,0.6667722,0.58078086,1.1056595,0.1958738,0.8743134,0.017872278,2.0234416,0.5391213,0.18821438,0.11760373,1.0113124,0.0,0.6823921,0.018166164,0.5342934,0.49836013,0.75353676,0.43012306,0.8061437,0.5349463,0.15766896,0.18419062,0.032101825,0.8235414,0.0,0.8569968,0.34930122,0.34944332,0.55021334,1.6108034,0.7665166,0.24537478,0.6835057,0.6331078,0.14576718,0.64024174,0.54789346,0.28690687,0.160946,0.27866215,0.31737804,0.53471375,0.0009497703,1.4792655,0.013286365,0.258564,0.95211905,0.20469786,0.0005558945,0.33842382,0.30187717,0.37442172,0.013580804,1.1228056,0.082598686,0.00023422831,0.35286972,0.0,1.0481637,0.076634616,0.39419964,0.7611177,0.66672766,1.1419353,0.0069287126,0.29812038,3.9565516,1.911567,0.42285493,0.023638533,0.321905,0.77211314,1.8520892,0.58062387,0.15204498,0.0012989523,2.0081766,0.15690501,0.15985797,0.24576432,0.009900057,1.0655605,1.1210108,0.0455259,1.0340577,2.4686248,0.0,0.14053693,0.004483473,0.0,0.85928047,0.406109,1.209876,0.11043986,0.0061252657,0.28514892,0.30292892,0.71911705,0.08269818,0.039533183,0.27254555,0.018496944,0.028003005,0.64885235,0.20924918,0.5907654,0.004347786,0.13155521,0.063822016,0.050288882,1.1466509,0.278276,0.89495975,0.58845496,0.58617026,1.50172,2.2576568,0.48460993,1.8184888,0.007359934,0.0,7.6484733,0.28612056,0.07074513,0.22383662,0.0,0.31679386,0.11314501,1.7151253,1.2874379,0.2802035,0.62467235,0.59838486,0.5253134,0.68492264,0.96390265,0.3936694,0.51328003,0.024657734,0.3427994,0.7915895,0.05443567,0.3234515,0.66965437,0.09279275,2.821862,0.1992073,1.9759803,0.022988422,0.83166873,0.052884247,0.89221585,0.11424802,2.436109,1.3042625,0.049395148,0.0,1.0304009,1.1081924,0.40239498,1.0372293,0.29222384,1.5742046,0.00014599261,0.20084137,0.35282138,0.1558943,0.19082277,0.06699559,0.40608603,0.0003872326,0.36514923,0.012347547,0.6833801,0.6611618,0.35280743,0.025298502,0.024914416,0.4632974,0.9817598,0.2250351,0.062474515,0.013239962,1.1615257,0.49106357,0.024622004,0.2138146,1.2174382,0.204713,1.6737946,0.013866165,0.31433916,0.07156281,0.88835627,0.0,0.3371696,0.050444208,0.39618245,0.094803974,0.13103208,1.8476893,1.5444695,0.5320852,0.94017667,0.086233325,0.34640375,0.34470448,0.64817804,0.28857917,0.22586559,1.2189128,0.22232115,0.0,0.52893674,0.14974977,0.95385265,0.030173771,0.41955873,1.3443351,0.10837022,0.7080978,0.22447251,0.31413957,1.1698848,1.2934127,0.4213453,0.21535556,0.43760464,1.1439663,0.49953607,0.86705524,0.0,0.259014,0.017633881,0.8466099,0.007851159,0.19705932,1.6827389,0.075491585,1.3727427,1.3616893,1.8246161,0.8324114,0.6847834,0.6432627,0.03962557,0.31499213,0.09430677,0.5066124,0.0,1.2383821,0.3365644,2.5054178,1.6576387,0.4133272,0.32982498,0.38496774,0.5422255,0.08099904,0.06436871,0.046859972,0.92289233,0.1896545,0.7314884,0.18089996,0.40168685,0.9175311,2.0405557,0.7607512,0.2526559,0.23544884,0.52446806,1.0505818,1.0868633,0.170728,0.052796587,0.21678795,1.6499282,0.04813525,1.4218003,0.018866565,0.28907204,0.39421278,0.001959842,0.0064291144,0.08796524,0.8882714,0.101966284,0.20093864,0.3062238,0.18499637,0.4510385,0.0070132976,0.69537276,1.691059,1.1386486,0.101793095,0.45037043,1.3040189,0.8502904,0.7583908,0.38330844,0.4971194,0.6153134,0.24890268,0.04286479,0.023442622,0.04848342,0.4511146,0.23338148,0.6785543,0.0,0.0046951743,0.011922495,0.17063206,0.091759436,0.042660967,0.45554712,3.845052,0.07918739,0.21240732,0.18517508,1.2011702,0.118580036,0.14838418,0.10038875,0.5048158,0.10304611,0.3784421,all_pothole_images\pothole_images_enhanced_3db54a0551f3f022971c55b424aa7234.jpg
0.016501863,2.2258494,0.80581796,1.142023,0.07609993,0.20578226,0.26213086,0.55529374,0.86828196,3.8759832,0.68288374,1.2822672,0.28766513,1.8609828,0.011910081,1.4913458,0.46462852,0.9528863,0.5719956,0.660219,0.3092465,2.122216,1.8797839,2.32427,0.019765284,0.5021438,0.035754513,0.13623722,1.6761247,1.486869,0.14648329,0.3054348,0.1614549,0.2618609,1.6464169,2.5121708,1.9390099,1.3921953,1.2874066,0.5891536,0.038719222,0.47811934,0.14539824,1.9239433,0.2518689,0.09686968,0.8076321,0.4867848,0.18499114,0.022079205,0.95081216,1.2217119,1.3579859,1.3617024,0.0713317,0.61681575,3.0366898,0.74672365,1.0378139,0.8319313,0.05331831,0.5304137,1.5137218,0.67908186,0.05938484,0.83605856,2.3030937,0.39425296,0.61644334,0.78009343,0.35833997,0.54485714,0.29916474,0.0,1.1045886,0.70906764,1.0455327,0.5873425,0.0,4.8179274,0.04613331,0.42677453,0.22331089,2.1315737,1.1685618,1.531127,0.75564605,0.98198354,1.4938219,0.99506843,0.6973972,0.08379526,0.020600172,2.5566275,0.6118867,1.3471359,0.7555064,1.124138,1.6842802,0.6066287,1.4837266,1.0094075,0.018773297,0.2821712,0.52999145,0.9204614,0.33579934,0.043836966,1.3847224,1.0288212,1.6614884,2.883608,0.04226232,0.5161589,0.75101686,0.09096732,1.1267194,0.25394344,0.87799865,0.16149391,1.6600837,2.112928,1.2111593,0.20165978,1.2734851,0.2541677,0.16029501,0.41684914,0.6961412,0.39917818,0.42808342,0.89407337,1.0510188,0.17962871,0.2922439,0.5992266,0.051632583,0.20923075,0.5145943,0.4400348,0.110773414,0.7353523,1.1000661,0.37824115,0.0,0.17035647,0.73899794,1.1003786,1.9126518,0.55385774,0.31223613,0.23095642,0.26431537,0.078702815,3.0066369,0.88520235,0.025730988,1.5797675,0.50277734,0.15883376,1.9525205,0.44472837,0.21582484,2.3790054,0.29773,0.5763084,0.5100972,0.5426535,0.47755393,0.5200859,0.32482722,0.1127768,0.49380752,1.0155847,2.2742953,0.84493566,0.1651192,0.010341729,0.016251508,0.32349893,1.0578481,2.381671,1.0931554,1.7712969,0.46254602,0.61060065,0.033711914,1.6192845,0.40843022,2.7500732,1.7272304,0.5732714,0.9138345,1.4734917,2.1913364,0.19639641,0.3033523,1.2590996,1.3878893,0.8073626,0.339236,1.4696039,0.47002405,0.06986679,0.49991408,0.06522705,1.2260376,0.07027393,1.0143521,0.5874074,0.0,0.34417626,2.8774762,1.1107643,0.05886728,0.09834665,0.45227966,1.5575645,0.51336247,0.9289993,0.35384566,0.6878998,0.08572328,0.92473996,1.2753494,0.0089505,1.6099727,0.17228098,1.1348932,0.012124699,0.12072618,0.16819432,0.37394556,1.6561722,1.3804387,1.2063583,1.0266886,0.13118197,0.04281879,0.45199972,0.068098255,0.31858575,0.46080545,0.8429749,2.4464645,0.061957512,1.7349782,0.0690564,2.0470188,4.341163,0.70075846,2.0596213,0.14007235,0.09149562,0.13159455,0.28760517,4.867226,0.9682282,0.04354298,1.118471,0.32798213,0.42725947,0.21223226,1.5125147,0.23681712,1.9664699,0.49529922,0.89416003,1.3131034,0.26836002,1.4401373,0.79719555,0.06801238,0.875368,0.14601465,0.88070303,0.07192466,0.48328304,0.18784434,0.7861949,0.15314835,0.66524327,0.13675722,0.4791891,1.2341349,0.076398164,1.044549,0.89180607,0.0011292042,0.0016248564,0.39974383,0.041235704,0.0781574,1.620827,6.274386,1.5278529,0.50017,0.942478,1.7728015,0.45277485,0.065903276,0.06061839,0.39576495,0.34305078,4.895759,0.7368586,0.22653638,0.11133041,0.41108206,0.15016377,0.7635479,0.18207441,2.340561,0.2513242,2.003959,0.6459549,0.5801445,0.03029659,1.0587072,0.050152894,1.1302255,0.37884545,0.10230436,0.04742511,0.07584977,0.46712175,1.1355239,0.29991698,1.0959226,1.228622,1.1748111,0.895029,1.8367025,0.0,0.0742526,0.67300904,1.30362,0.07636684,0.008448262,0.025307434,1.5164486,3.2856693,0.8074322,0.5733725,0.5146662,1.0279841,0.035251252,0.43717358,0.0029462995,0.2715063,0.19998893,0.086473726,0.6148158,0.6186826,0.8440534,0.7891778,0.718895,1.3660717,1.0735338,0.19769269,1.3624948,0.1418783,0.13462755,0.26447633,0.02811638,0.5171323,0.21215974,0.01631969,0.61043864,0.5500179,1.4018275,0.34216282,0.95568323,0.24523892,2.341044,2.029437,0.24175403,0.044767477,0.7957416,0.35807005,1.5465732,0.6346988,0.0686266,1.3521565,0.74575794,1.7018282,2.7504988,2.860879,0.3777143,1.3708851,1.2609279,0.21605492,0.34348714,1.6884313,0.26139587,3.2416418,0.6001327,2.236763,2.5267246,0.31287497,2.7734299,2.0573747,0.041063022,0.924767,0.37276116,0.015419047,1.1956818,0.9957292,0.01805207,1.0971278,0.11725633,0.1371122,1.1519302,3.3233862,0.0,0.1016624,0.10955615,1.3997178,0.3532248,0.017162744,0.08136215,0.1557656,2.2472963,2.3008056,0.6224519,1.2824416,0.48550504,0.6492149,0.34137413,0.4809975,0.68305814,1.7204943,0.04745655,1.1410565,0.08168748,2.8161166,0.46702823,0.68710005,4.3339486,1.9049689,1.8398649,0.046387866,0.52382237,0.053034354,0.36129665,0.1863724,1.5629491,0.0021725176,0.19954866,0.10115288,0.4129559,3.7930741,0.8892723,0.049193222,0.93105125,4.412788,1.0068277,0.7884932,1.0271494,0.36036026,0.2113466,0.21164957,0.17296714,0.12628594,1.8646919,1.2756743,0.007282775,0.0004258925,0.03863886,0.40046355,0.2722424,0.36929548,0.94543433,0.43851197,0.00069550186,0.064557895,0.89065844,0.23387422,1.5406774,0.36110726,0.85056585,1.327978,1.0035774,1.0522876,0.81342727,0.64479834,0.3596796,0.27434644,1.019932,0.17270777,0.45781645,0.78085214,0.08140096,0.0037307644,0.014778507,0.16051306,0.6137781,1.1139098,0.21860786,0.3459262,1.7995646,2.4315994,0.12970506,0.3837434,0.3145282,0.57010627,0.047919594,0.8783058,0.32932854,1.4532844,0.5801984,0.34566957,all_pothole_images\pothole_images_enhanced_3e03bf5598c7813b7fd331d601e5f54b.jpg
0.4298143,0.28079787,0.052920762,1.4038382,0.42438853,0.14526361,0.34043807,0.079077944,0.0656164,0.21957767,0.1798438,0.3925363,0.32471865,1.0413682,0.04152455,0.014821948,0.15632312,1.3288215,1.6505871,0.23118097,0.343189,1.9597056,0.06429995,0.056121226,0.92359066,0.54433566,0.2782726,1.4721336,0.31363752,0.015322896,0.58495986,1.1171799,1.1348234,0.17658007,0.60133284,1.7912275,0.314359,1.3252766,0.17628872,0.29391736,0.018854145,0.14562537,0.011679117,2.083087,0.36633733,0.79392505,0.16427577,0.008801593,0.61644167,1.8943052,1.1353476,0.05467716,0.547258,0.20086291,0.03637018,1.6123638,0.52981144,0.16599505,1.0146222,0.104929164,1.1756983,0.06438862,0.080959834,0.009249898,0.7718666,1.4283421,0.3457582,0.4413824,0.5964939,0.10841889,0.16159959,0.006669142,0.027671667,0.99566436,0.50949156,0.52943933,0.09760596,0.63479114,0.0074824155,0.2099348,0.10187525,0.008609316,0.21531451,0.15516572,0.4206024,0.03420992,0.18808722,0.1432679,1.9822266,0.78864443,0.04322836,0.8549409,0.0034435506,0.04117289,0.0,0.026649002,0.97199595,1.2699703,0.3748205,0.4334164,0.022833673,1.3780314,0.71795046,0.016835786,0.83396465,0.50131416,0.5041575,1.2162853,0.026132846,0.04647247,0.01668986,1.6405605,0.07645073,0.7557945,1.5517517,0.44993794,1.6085113,0.2988461,2.1016939,0.49708602,1.753738,0.013685048,0.07676018,1.5128344,0.21500424,1.091469,0.27661735,0.7967314,1.5903491,0.08087014,0.40364447,0.09487329,0.12031298,0.28342474,0.003181089,0.13326322,0.05211732,0.63330907,0.8817703,0.059301455,0.49123,0.03677269,0.3491852,0.6642447,0.044132978,1.0094305,0.22940378,0.8930332,0.114111744,0.014048514,0.880039,0.04995654,0.027477404,0.0002372648,1.7614908,1.0774151,1.2433543,0.047927737,0.6423815,0.7185389,0.4352505,1.3839942,0.038949654,4.3760257,0.009552367,0.11849128,0.12671396,0.3976245,0.7869538,0.9112762,0.00949765,0.009073115,0.029371703,0.22177824,0.9428767,0.24355647,0.05551125,0.13174212,0.23299742,0.14030477,0.0,2.1903548,1.1554878,1.5839343,0.6640913,1.1876875,0.71116585,0.3002447,0.7973412,0.13894497,0.0036084945,0.21595225,0.001671386,0.8049025,0.0025937934,0.47496578,1.2488127,0.07630703,0.3857905,0.17783187,0.40082198,1.68858,0.55474555,0.7831845,1.4482691,0.5993928,0.72865385,0.652485,0.48631823,0.043196727,0.13794953,0.04184995,0.52973145,0.8833319,1.7157474,1.9087063,0.5022235,0.11812911,0.28753272,0.01518202,0.6037132,0.5979984,0.24468338,0.16548477,0.0012109833,0.30114457,0.40539566,0.3165063,0.5011725,0.73275083,0.0,0.03358349,0.13302055,0.23835544,0.12666126,0.065001264,2.7849674,0.0021955823,0.00019702608,0.3358198,0.19251342,0.13527589,0.0,0.0079099415,0.33352968,0.34434134,0.46090648,0.56684977,1.133409,3.64999,2.202981,0.10760798,0.29577973,0.3889535,0.10282371,1.6905246,1.0263102,0.28940997,0.3736424,2.3674,0.032044973,0.15846424,1.0187181,0.4842045,0.96532285,0.20942752,0.11387485,0.33564422,0.20163217,0.4275691,0.0047706235,0.002629277,0.09434323,1.9714582,0.7802454,0.48103705,0.24353492,0.15006621,0.7243067,0.43735948,0.5604711,0.11072888,0.49923074,0.09831992,0.25277138,0.17880803,0.62195337,0.16052876,1.5926307,0.18441804,0.7055433,0.095692575,0.27557454,0.29855117,0.031968713,0.0,0.09571994,2.533381,0.1777333,0.31560922,0.9735635,1.0410329,0.25117287,0.5473762,4.420205,0.56304365,0.010721049,0.24925153,0.07948996,1.0906601,1.6031744,1.0221037,1.6230419,1.195445,0.46532547,0.6146614,0.010487075,0.9677812,1.76479,0.13713486,0.5928192,0.05057054,0.23291142,0.1730931,0.5455754,0.025698831,0.506297,0.0047751204,0.3677508,0.020209014,1.0907937,0.35886636,0.22336464,0.0,0.0,0.53287524,0.21849513,0.12018027,0.30703586,0.6296909,0.628848,0.16396798,0.3439395,0.115059786,0.749174,0.08388796,0.31022072,0.11229382,0.37657422,0.94292057,0.96645963,1.1101564,0.27719483,0.04540407,0.20524302,0.1039156,0.73182106,0.49936095,0.98092496,0.9067636,0.35606238,0.76063615,1.0147046,0.3528646,0.11285332,0.22111353,1.618629,0.08162389,0.028651033,0.4998744,1.1842127,0.14005318,0.5813144,0.17768303,0.056178372,0.2815239,0.5538522,0.41893795,0.17500807,0.13528055,1.4486818,0.00080659386,0.09466792,0.38124278,1.6618379,1.214771,0.75082904,0.08040737,0.85246325,0.4243269,0.55378747,0.36135244,0.7916828,0.020343697,0.066194385,0.019430758,1.5396951,0.15194647,0.22297178,0.12781654,3.5080705,1.0092937,0.09897863,0.71663105,0.6017675,0.042132035,0.07234506,1.0693259,0.4030813,0.1409076,2.2442167,1.6940936,0.23797573,0.38559937,0.0,0.2649469,0.3501745,0.18557984,0.091926105,0.18314101,3.22823,0.106163435,1.2959343,2.544145,3.5466404,0.09559492,0.47399488,1.2147069,0.3145146,0.42836854,0.5371542,0.38815364,0.8911374,0.59132665,0.6841074,2.358495,0.18772557,0.43100792,0.15124322,0.30765548,0.12714912,0.14524123,0.773262,0.334852,0.28485185,0.018944355,1.6791453,0.12743345,0.17693974,0.70598817,2.596918,0.13042119,0.046748716,0.341734,0.4788323,0.8484634,0.7662283,0.18649821,0.07973294,1.9067165,1.5532802,0.27900726,2.0022209,0.007522448,0.6991759,0.22818165,0.19194667,0.046226475,0.5038054,0.81088585,0.31643713,0.776031,0.013276056,0.42762694,0.25366607,0.19108085,0.19342667,1.1808102,0.1871268,0.013134141,0.24413443,2.7510884,0.29061508,0.017116262,0.009312736,0.3980141,0.15077044,0.25300148,0.81912035,0.015078167,0.5861321,0.32050553,0.08637919,0.18748245,0.008486382,0.0078520905,0.04480911,0.005731146,0.39083347,0.31297567,0.41115716,4.690291,0.3448078,0.10434531,0.89164126,0.057927616,0.04303175,0.19194363,0.064502016,0.14628012,0.77228296,0.8016977,all_pothole_images\pothole_images_enhanced_3e18508dcfa3a70a9ca360730c05b95f.jpg
1.1992993,1.8980292,0.5045098,3.4611068,0.68740726,0.0871892,0.41886896,0.0794777,0.09064351,2.4640539,0.014565967,0.46285242,0.19660302,1.579474,0.08297011,0.41783985,0.10320875,0.909397,0.26032853,0.25084856,0.13212715,0.79748243,1.7304901,2.9779034,0.38154376,0.6900865,0.9129125,1.5026245,0.2734694,1.0695026,1.5989336,0.024961792,0.27864978,0.7945943,0.5079869,0.8614169,1.4668529,1.1636757,0.43178815,0.37412277,0.008348136,0.78345376,0.13063343,1.7402656,0.55111086,1.1713083,0.35935318,0.10199408,0.8476876,0.047737256,0.6273252,0.5325686,0.33433652,0.029102359,0.020447461,0.66947705,0.61639965,0.36313182,0.5926741,0.062126003,0.04656282,0.382669,0.6822322,0.6009158,1.0867218,0.63390183,0.82841974,0.0,0.05314497,0.18805149,0.78318596,0.60130376,0.037897736,0.02927568,0.13559137,1.2493408,0.27074218,0.35101217,0.0,0.24447177,0.005839261,0.7226929,0.67248255,1.2720838,0.6638301,0.459525,0.12846883,0.2904716,2.8614838,0.57319236,0.088674925,0.8571877,0.08099611,0.48359203,0.086659364,0.13595484,1.35011,1.3039178,0.76529366,0.17158003,0.2458289,1.183888,0.14336786,0.40470636,1.2481462,0.4009372,0.06217175,0.30674046,1.1590995,0.9245819,0.46607572,1.0939572,0.5345365,1.8385079,0.599389,0.7260913,0.3442868,0.31100368,0.94575185,0.57546896,2.0221946,0.5319715,0.37829697,0.8246885,0.6677958,0.59393036,0.5305184,0.22723655,0.28963515,0.2584087,0.75131047,0.35407007,0.106165215,0.11618106,0.055919472,0.763684,0.05892159,1.2458978,1.2775611,0.2781604,0.78146034,0.60149217,0.35837168,1.9147046,0.26641896,0.5582206,0.1621024,0.83114684,0.4173902,0.4670333,0.69760394,0.19590405,0.1676123,0.012435359,1.1087122,0.44106275,0.6752948,0.017851256,0.9755003,0.55832124,2.5310917,0.62029904,0.17216565,0.93510824,2.6804814,0.18301247,0.4713466,0.23262428,1.8772578,1.0530428,1.1032648,0.01292157,0.018180083,0.09252994,0.7555054,0.40152374,1.0593866,0.049762428,0.35695955,0.06584963,0.024227265,1.3586894,1.3547229,1.7647362,1.6195735,0.44248244,2.2031054,0.4140713,0.2485322,0.68712264,0.4887557,0.20390472,0.15958986,0.4789027,0.44779447,0.02935932,0.49573764,1.4152089,1.0832256,0.348693,0.19706224,0.7456022,0.13440357,0.3381457,0.7587126,0.9610074,0.526697,0.14713502,1.7545621,0.48259848,0.21956909,0.16461435,1.2161868,0.8438703,0.7828319,0.18680467,0.6953858,0.27523226,0.22679007,0.12150362,0.9820497,0.0062459903,1.0654434,0.5843574,0.0,0.01403233,0.92558897,0.055136267,0.30115598,0.31056488,0.13945563,0.26698416,0.33872738,0.92660004,0.34462497,0.055344064,1.5011383,0.26735067,0.2757826,0.34000096,0.55787826,0.13878946,0.17897539,0.19131555,0.5457341,0.030282952,0.6234377,0.47161007,1.5811696,5.57746,0.1817508,0.05352919,0.03154575,0.36915728,0.057896957,0.42898577,2.2863932,0.85048306,0.09311485,3.5036397,0.18250583,0.48439306,0.051529698,1.3434784,0.09950159,0.3616693,0.0629269,0.14463535,2.3768096,0.44825074,1.3025968,0.14458402,0.29373363,0.8907408,1.3320384,0.66078615,0.12975109,0.6198047,0.78429663,1.3656455,0.47975186,0.45650104,0.5950898,0.010427059,0.2790253,0.8475324,1.435381,1.3900627,0.2352772,0.24106683,0.6447731,0.1223771,0.103909284,1.2269826,1.6414297,0.82159275,0.86497045,0.59242314,0.7054465,1.7426997,0.44357052,0.47539946,0.017632747,0.20945868,5.4482694,0.31820473,0.26246095,0.24453166,0.015058838,0.343473,0.055818684,0.80770326,4.6624713,0.5401413,0.31220856,0.33839142,0.14743827,0.37793732,1.7264736,0.04468627,1.7015449,0.022107458,1.0641944,0.27503583,0.17045894,0.07199924,0.7803622,0.18318488,0.99186593,0.5384107,3.4503636,0.045336302,0.16169477,0.0,0.32346475,0.02726885,2.2896187,0.0022722043,0.09720094,0.1147748,1.1124415,1.6059014,1.2812604,0.09194728,0.09653317,0.1651518,0.20371313,0.3779255,0.075079784,1.5639777,0.4572167,0.79300565,0.13447627,0.058548216,0.23256245,0.031212004,0.3494333,1.5645738,0.18800655,0.8009609,0.7756816,0.71980894,0.7848508,0.8688951,0.10002142,0.028469376,0.46190026,0.47037688,0.5307018,1.3406637,0.08329796,1.2124802,0.7298645,0.0822205,1.267939,1.4042221,0.4739685,0.36902776,1.162303,0.456102,1.4642985,0.15366137,0.47559285,0.76824707,1.9671471,0.9346686,2.0481133,0.21355864,0.27228895,0.9872284,0.7200111,0.54549736,0.07471832,0.8211852,0.10746144,0.22099076,0.68538195,1.4741675,0.6047698,0.13553078,0.41790098,1.7372699,0.2263095,0.26245633,0.6340999,0.35383722,0.9899306,1.166576,0.21556798,0.28319472,0.19157748,1.3391275,0.2683322,1.1350057,0.0023240088,0.48340866,0.3356355,0.78705174,0.25118765,0.060334254,1.2904564,0.50882244,1.3733374,2.0954165,2.6456785,0.9662772,0.42084673,0.9317325,0.2093783,1.1425794,0.16876061,0.17213339,0.15671207,0.711288,0.21228634,1.6130172,1.4005466,1.6271861,0.8031161,0.6852988,1.0676192,1.1021287,1.34331,0.07969894,0.5424623,0.10070596,1.4326279,0.14244412,0.53497523,0.5083031,2.0851514,0.4906224,0.3097873,0.8155632,1.0859247,1.2841531,1.0302672,0.4044798,0.47150296,0.8439011,0.95966786,0.43761954,1.8835564,0.25689596,0.35242754,0.19351731,0.0041459273,0.07689664,0.16759284,0.6292807,0.45979097,0.06544165,0.5454697,0.30275792,0.8136055,0.11913399,0.5922306,0.37523636,0.3748408,0.7130783,0.48274618,1.1795208,1.495588,0.4429388,0.085859105,0.77690697,0.439901,0.05502288,0.30909505,0.0140981255,0.074010216,1.509366,0.0,0.11130436,0.022393635,0.13506562,0.20866838,0.0471018,0.48590025,0.037983306,0.5138757,3.9486358,0.40502617,0.645741,0.12675637,0.7214543,0.2523834,0.49858233,0.11645216,1.6418747,0.0016037853,0.6690466,all_pothole_images\pothole_images_enhanced_3e4ed0dc1280ada0585cf128ccd4bef9.jpg
0.13671063,0.6524609,0.00024507428,0.999983,0.7096517,0.004854486,0.46580994,0.053170998,0.8545047,0.03902982,0.0945589,0.7774926,0.014013187,1.3518872,0.03550813,0.12240826,0.09018016,0.2498843,0.15921207,0.1019112,0.23198287,0.18555559,0.20532806,0.1995818,0.09314875,0.022133827,0.34060794,0.31791013,0.0,0.35150412,0.114118166,0.0,0.038694575,0.10989303,0.12894389,0.55746543,0.5185372,0.009535017,0.13337791,0.0908294,0.6494879,0.1340952,0.27683234,1.472053,0.46551514,0.0414168,1.136411,1.0928808,0.058167115,0.1314702,0.62191373,0.16151187,0.0,0.5201637,0.3788091,1.8202175,1.4837575,0.37941393,0.004460531,0.0034324687,0.25950572,0.00217152,0.86529803,0.069328554,0.08239442,0.4962896,0.16689736,0.05607958,0.0018397502,1.3970592,0.3322874,0.290243,0.12613143,0.08739908,0.060406532,0.0,1.7148583,1.1844723,0.0,0.30119842,0.49912283,1.1261185,0.13741228,0.5100601,0.16051961,0.0,0.05832725,0.02153377,0.5776314,0.0345242,0.34229067,0.037315484,0.35038602,0.22775798,0.31332257,0.291596,0.0,0.29271978,0.21037766,0.311886,1.2980713,1.9095428,1.039035,0.003288902,0.65344626,0.09659552,0.740675,0.3311122,0.0055891555,0.3476255,1.4871844,0.072594404,0.05159192,0.0065744766,0.6832086,0.30771723,0.43474546,0.042179108,0.526152,0.10529395,1.5265042,0.02898101,0.028331863,0.13990039,0.775215,1.5556867,1.8585119,0.98170346,0.6190564,0.0,0.104425535,0.072335914,0.3210596,0.50834584,0.36725914,0.25343314,0.7028914,0.001985093,0.069379725,0.0077437926,0.8065849,0.1495849,0.27500793,0.02394399,0.64534074,0.103293605,0.29507586,0.70401263,1.5827965,0.08060583,0.0332267,0.2861363,0.12784195,0.5655994,0.029097581,0.23050416,1.1222337,0.45705897,0.17206632,0.98898596,0.3233539,0.23309362,0.17225297,0.331507,0.81762475,0.064627565,2.3306336,0.27728608,0.79565847,0.8602489,0.07869339,0.07349244,0.018135589,0.85620075,0.04354815,0.5681604,0.114851184,0.2104542,0.1305888,0.24356422,0.043296557,2.4075098,0.8391775,0.17632042,0.8498427,0.00071727583,0.6908888,2.6973734,0.018684752,0.04189067,0.23211938,0.04698941,0.14354035,0.69232845,0.33822688,0.030489704,1.3518795,0.09112696,0.12406973,0.12938902,0.013879562,0.767717,0.6374362,0.20686041,1.5167309,0.5389407,1.1215347,0.007078038,0.5550154,0.1280184,0.0,0.089018665,0.4194531,0.11640769,2.3035212,0.2085581,0.14347875,0.121992715,0.04079404,0.4084521,0.0652303,0.023737751,0.034247737,0.09245961,0.02576867,0.8809803,0.3275664,0.0,4.9502354,0.64285964,0.615985,0.02767863,0.049526885,0.0,0.4406826,0.002793989,1.6386913,0.22905555,0.57871765,0.12923619,0.16565076,0.029595438,0.17396624,0.25087053,0.8635797,0.04140911,0.2463589,0.043462865,0.07539733,3.211062,0.24597718,0.3158743,0.7842295,0.110683806,0.19403581,0.9909076,0.119201355,0.10783264,0.32197562,0.5771132,0.17636573,0.6623952,0.257109,0.12431603,0.21710151,0.03697163,0.120709784,0.20993055,4.6713033,0.13466036,0.13042258,0.07826637,0.0015758388,0.0,0.21735816,0.7921017,0.2512316,0.4256353,0.28343067,0.60886216,1.5565583,0.9792242,0.53640336,0.016157446,0.0,1.2968715,0.8783918,0.21559979,0.6199398,0.18951677,0.15193877,0.3538506,0.006847258,2.0823348,0.23729122,0.113570385,0.1474762,0.10965452,0.61928177,2.0422733,0.68868,0.004958379,1.5788804,0.15653156,6.2133994,0.081337295,0.9827929,0.0,0.4218128,0.5681187,0.0,0.22438413,1.0681839,1.4811226,0.59960186,0.94009584,0.021743476,0.40983242,3.3453486,0.013941075,0.09327679,0.0,0.14260164,0.6469814,0.0,0.5430631,1.0771906,0.0,0.5320456,0.08497836,1.2908533,0.20261776,0.03499956,0.25374526,0.028423596,0.0,1.3080385,0.4689255,0.042816743,0.7261554,0.6000477,0.5956536,1.4237276,1.468763,0.39581072,0.69633394,0.39414573,0.20827931,0.29164192,0.016370375,0.4448718,0.0,0.0,0.41165987,0.05795431,0.016299391,0.48601717,1.1467153,0.87559015,0.03591493,0.0,0.74726766,0.6771871,0.40204686,0.56377155,0.10372633,1.4684321,0.12818873,0.5698271,0.0064492184,0.2947116,0.0119394995,0.2030997,0.8499189,0.39094466,0.39660668,0.18982051,0.062146045,0.28584257,0.16398239,0.25489208,0.2940824,0.46420318,0.73599976,0.5577373,0.7045289,1.6712542,0.00017693949,0.0003328067,0.0027703536,0.94025224,0.008386075,0.0855755,0.15315726,0.102183886,0.0695197,0.021662174,0.21724167,0.0,0.42285335,0.43800485,0.830688,0.13494208,0.06155005,0.570784,0.0,0.26294252,0.03296469,0.29315662,0.25947833,0.095934756,0.05942299,0.0,0.03551263,2.1086643,0.91268826,0.59329695,0.17903006,0.32642812,0.0,0.3802104,1.3107057,0.7228976,0.19179402,1.285288,0.8170689,0.32355526,0.09092442,0.6239536,0.05391872,1.1654316,0.0732229,0.16388266,1.9918948,0.91353375,0.33062407,0.17337526,0.18380864,0.19585149,1.0534767,0.12674643,0.06274778,0.013636703,0.0010587256,0.30843446,0.019010458,0.60261637,0.0676339,0.23081623,0.5992449,1.8188243,0.104863495,0.11970943,0.003839844,0.71215427,0.21417859,0.35404235,0.0,0.096173264,1.6866081,1.5046769,0.1611878,0.068631865,0.014586203,0.0825606,0.33041546,0.03747332,0.18402863,0.6645196,0.7901719,0.8138574,1.6431137,0.13201512,0.14621305,0.5631679,0.10394317,1.1610188,0.0,0.44703788,0.0009776289,0.012909742,0.9196903,0.3928976,0.19133344,0.3185941,0.056512058,0.35948655,0.02030832,0.13967502,0.8219528,0.5009789,1.9299428,0.18337157,0.113543145,0.5779848,0.07351548,0.37885004,0.03663294,0.0,0.1099219,1.719991,0.91087496,0.631917,0.13392048,0.0,2.2953594,1.1845071,0.0,0.09206404,0.47375202,0.104107134,0.0,all_pothole_images\pothole_images_enhanced_3e717b2ddf5c8bae55907fa26a829aaf.jpg
2.2325459,0.599817,0.48723173,0.84555775,1.5153342,2.03226,0.9260987,0.0594249,0.74254185,1.4247824,0.45391247,1.5404729,1.7541093,0.2921392,0.5991549,0.031136887,0.19698285,0.47658327,0.15806742,0.6473377,1.2312398,0.5978509,3.7250407,1.9949081,0.33236673,0.13319306,0.44261363,0.44157246,0.31963325,1.5273786,0.4028419,0.0649348,0.33581588,1.9769685,0.33927605,0.017990129,0.85912603,0.3620415,0.6169158,0.08587366,0.0,1.4105186,0.14613351,0.2829338,0.34318426,0.38641593,0.3681869,1.6661812,0.20522194,0.07272512,2.0699806,3.7892456,1.4957399,0.40022784,1.1782304,0.22599792,0.8038844,1.3189572,1.3450724,0.8458393,0.0862686,1.8924532,1.149122,2.090986,0.8461416,0.3571399,0.43549156,0.42260364,0.048786882,0.43791497,0.48304218,0.28774992,1.9602165,0.025157144,0.8421282,2.1648211,0.14680377,0.27816707,0.02070895,0.1077427,0.51879805,1.3827131,0.78773856,1.1630158,1.6606302,1.0726135,0.5699276,0.7370504,0.74905545,0.6839753,0.723653,0.44800803,0.81008375,0.12199733,0.65959805,0.54811835,0.9445117,0.66988206,0.1090888,0.020012964,0.14155032,0.48362568,0.035313405,0.27540112,0.78823256,0.45190698,0.3400681,0.43912983,0.31679323,0.6156521,1.0134572,0.66474444,3.6414053,1.4223871,0.68992627,1.2332959,0.52041763,0.11462285,0.110944554,0.62075114,0.31163964,0.8187198,2.079731,1.6481267,2.3084254,2.5218904,1.0098068,0.22390772,2.3588395,0.7229862,0.40670133,0.20093355,0.035434872,0.28251004,0.05566841,0.65089864,0.21362229,0.8698044,0.9250552,0.15563288,4.429972,2.712875,0.15985663,0.8353835,0.09662858,1.6731583,0.026904805,1.0057297,0.35111585,0.40916634,2.8337352,1.2876116,0.30745435,0.06048769,0.17457798,0.3658751,0.6803378,0.33508268,1.0669805,0.4086615,1.9025686,0.07354504,0.04350987,0.52187264,0.93016255,0.45600775,0.4336187,0.2229525,1.6109346,0.56473553,0.10243004,0.06903187,0.0,0.12588075,0.9842088,0.78219974,0.33556804,0.045473106,0.36673588,0.25929952,0.3347579,0.23402788,0.58123165,1.6058611,2.0007389,0.2276263,0.19691911,0.034887955,0.31447098,0.14170268,0.545674,0.059680022,0.35177478,1.2958655,0.035645824,0.66641337,2.0691314,1.219881,0.8232484,1.3737993,0.76369804,2.3644226,0.13913949,0.27084553,0.14336458,0.8322709,1.0927322,0.6997452,1.3680346,1.429074,0.39692602,0.54958296,0.066631615,0.4251371,0.90572137,0.20951064,1.9078462,0.52855027,0.60939556,0.27540058,0.62845737,0.019764787,1.5418249,0.39465025,0.647464,0.035820402,1.3863268,0.15267274,0.67853075,0.0,0.52152616,0.83909833,0.3046749,1.6299587,0.7893025,0.0,0.0037257706,0.5124558,0.5899041,1.1183702,0.3818442,0.14373566,2.3794363,0.16705996,0.048392788,0.31514096,0.34926534,0.37350172,5.172163,2.0486815,0.4799923,0.044216387,0.13237318,0.10350836,1.0244044,0.21266598,0.1991469,0.5115045,0.13429417,1.261023,0.36674675,1.7487286,0.25074393,0.16463292,0.15202613,0.41986457,0.28986734,0.8350986,2.5187573,0.5145983,1.1023114,0.25541592,0.46984684,0.5337885,0.2692433,1.0665753,0.6322991,0.21503557,2.077529,0.19406492,0.06374194,0.65355045,0.42374527,0.22187571,1.073518,0.5408754,0.2737466,0.36489004,0.83977354,0.114763975,0.7472875,0.11147268,1.3542044,2.4040377,0.33330142,0.68180096,2.8580263,0.7351834,0.3812734,1.1243579,0.4468101,0.109189935,0.15299332,0.30884644,0.92576504,0.4441414,0.9740098,0.081200086,0.27813986,0.059723273,0.3432745,1.3208975,2.327706,0.7643564,0.21860069,0.037543006,0.39416185,2.0095289,1.0405535,0.7946648,1.2171954,0.41511232,0.44969636,1.4076024,0.8050537,0.8199333,2.005427,0.5332019,3.5939567,0.34237635,2.496741,0.6558872,0.0020960032,0.74056435,0.2597871,0.42504454,1.9013697,0.037078865,0.46385732,0.12520213,0.78715676,0.8740752,0.24524829,0.25432307,0.58241266,0.32520184,0.481928,0.5262899,0.18384895,0.647045,0.1643809,1.8211417,1.3321244,0.48524266,0.5468044,0.15132804,0.9632818,2.4780529,0.055975348,1.5970201,0.7646269,0.041500535,1.7008134,1.6007123,0.046239797,0.03626369,0.7626379,0.5667991,1.3675034,0.89699864,0.29521796,1.3617299,0.24231876,0.6936458,2.706627,1.6971921,2.323336,1.2873646,0.9257569,0.93893355,0.29778594,0.044390988,0.95887333,1.1274894,2.5021756,3.2603874,0.9951661,0.02435545,0.27589917,0.9011803,0.2014463,1.8985453,0.60691196,0.5430623,0.105165735,1.1240712,0.045722,1.2237569,0.3442519,1.2584339,0.10370599,1.519867,0.3626046,0.99675727,0.9080611,0.3259696,1.9939195,0.1346913,0.28874534,0.7212499,0.62428826,0.66100246,0.69409496,0.08363208,2.1419382,1.030251,1.3190607,0.5513245,0.31560406,0.06735099,0.03660228,0.5730423,0.7931442,0.68556553,0.680904,0.96963227,1.7836698,1.4857738,1.0236272,1.2689576,0.3619146,0.7828818,0.0,0.29540774,0.001045361,1.42818,0.24954745,0.99735045,0.6318641,0.681757,0.8672462,0.19833767,0.21158047,0.59066427,0.52646583,0.11389876,0.9278071,2.1513474,0.99146134,1.2135514,1.5348893,0.15679812,0.14193098,0.27234942,0.40492192,0.7907041,1.5094337,0.0,0.55314445,0.3167622,1.0108554,0.51386446,2.161652,1.5234156,1.2832876,0.5159396,0.0034621363,0.052408267,0.48231086,3.5222933,0.516171,0.040946074,0.5455309,0.6420734,0.53099734,0.712826,0.102392964,1.0764868,0.2211207,1.4871968,0.71563774,1.2190523,0.36902535,0.8761475,0.23902547,1.0421199,0.90045214,0.02052548,2.104538,0.48454937,0.19163026,0.6592509,0.12259706,0.9676751,0.47530556,0.004427707,0.9398646,0.0013644524,0.03549716,0.012347102,0.84272105,3.1726353,0.27974033,1.8345901,0.9573013,0.6678485,1.0161433,1.2252041,0.061438914,1.6664699,1.3540522,0.30730054,all_pothole_images\pothole_images_enhanced_3e83d2b23ac7e79d40f32122cf92af4a.jpg
0.0,0.6741822,0.13236701,1.788676,0.47656664,0.09183934,0.46210188,0.0036944856,0.13911033,1.1677815,0.51997596,0.13617568,0.088160165,0.6964611,0.017121842,0.0033708615,0.11264976,1.6047388,0.09627669,0.17031296,0.38767618,0.75900173,0.6572673,1.4057593,0.40445793,0.78262216,0.34559286,1.9240392,0.031556033,0.10550645,0.19777496,0.02011309,0.05473452,0.6838705,0.51671034,0.9809652,0.2964107,0.26576447,0.18987007,0.15225983,0.0,0.9008701,0.30778408,0.64068604,0.5051373,0.5186009,0.19644845,0.09131122,0.6819584,0.47485965,0.2559497,0.18586795,0.11594817,0.006563405,0.15845709,0.52891934,0.780094,0.27794492,0.07472009,0.04001329,0.03977146,0.25077975,0.74012756,0.09248251,2.0262403,0.5134187,0.37373897,0.115070604,0.07125354,0.08610695,0.12512988,0.2576988,0.12310724,0.0023019554,0.18196465,0.3021303,0.08383695,0.2048104,0.0015537627,0.04631455,0.009312557,0.32717514,0.99509555,0.20887972,0.31742966,0.019880056,0.2522183,0.014383142,0.8930019,0.048383433,0.0027395585,1.0993288,0.32472762,0.14980194,0.06510429,5.367254e-05,0.71422154,0.57110584,0.49935016,0.16758157,0.44643,2.6869497,0.008170574,0.04690101,1.6560034,0.67987674,0.18557347,0.03620932,0.053270504,0.84055114,0.022831919,0.06064518,0.49041137,1.2097781,0.47621226,0.31876907,0.47140917,0.13460925,1.4810227,0.5652795,1.4935269,0.32004246,0.07905357,1.5024937,0.36050963,0.38402915,0.056520756,0.06989319,0.9035511,0.15947987,0.5612426,0.23356979,0.0,0.22790739,0.13759185,0.14899841,0.021433821,0.022248093,0.55174875,0.0071230084,0.6104546,0.06575997,1.4510406,0.71886396,0.08711546,0.6075802,0.8865507,1.1112055,0.23816709,0.03555849,0.12558383,0.057526063,0.22745988,0.0010416469,1.2664292,0.45198572,0.29201418,0.4692327,0.24631096,0.72216856,1.2478303,1.1063594,0.5567142,0.15557219,0.2804953,0.0143661825,2.5665777,0.107390404,0.8467319,1.7638893,0.57947296,0.0,0.074101835,0.0045845485,0.11445287,0.59374446,0.15255162,0.039133284,0.33004043,0.023868347,0.3402615,1.2491775,1.3454235,0.06009428,0.82161736,0.10765404,0.5643902,0.6964943,0.08367986,0.3977227,0.71884334,0.3853154,0.57743424,0.10776025,0.27684447,0.007950583,0.7392286,0.39474046,0.8630583,0.0,0.086066864,0.49426144,0.60502094,0.079257965,0.65174407,0.74324965,0.17511772,0.2475823,1.258625,1.5178409,0.009800458,0.098721564,0.6026569,0.5496162,0.18048383,0.56558526,0.77177715,0.14882849,0.10003812,0.68144596,0.7596761,0.7608322,0.4113732,0.028451428,0.0,0.0012303502,0.33807087,0.0,2.223651,0.66243017,0.12448874,0.0200387,0.4892367,0.030000791,0.43690255,0.009243208,1.606363,0.41289246,0.35490054,0.13146527,0.2254457,0.02185438,0.12148948,0.38177902,0.05580174,0.23330341,0.75640184,0.6272339,0.022534182,5.2088265,0.1615296,0.05036239,0.004689598,0.17953056,0.0,1.3742956,0.2704001,0.26399472,0.19241457,2.0794983,0.016213171,0.35753116,0.12976529,0.15244499,0.07780524,0.10310254,0.60294527,0.42932135,4.6574483,0.0019116859,0.34180894,0.0,0.4851058,0.80153507,0.043453474,0.1508592,0.043202877,0.014304869,0.36815107,0.5537847,2.2785146,0.16220276,0.29862916,0.0,0.000496833,0.04306658,0.15588954,0.2908593,0.926274,0.35839197,0.27113047,0.05346197,0.0009362311,0.78668404,0.22323585,0.14080797,0.48514345,0.68051046,0.03047422,2.555948,0.49919283,0.3307132,0.0026186246,0.05567806,4.4951525,0.43067464,0.0,0.009072101,0.003900707,0.56537646,0.22244333,0.5659558,1.0388991,0.49158028,0.35160157,0.048739765,0.012607778,0.7122912,2.59892,0.17651796,0.6362522,0.12408428,0.028999027,0.6284098,0.8751577,0.1381687,0.106095985,0.059313852,0.21777344,0.14621553,1.2246668,0.0,0.7479413,0.021319555,0.017776398,0.008310266,2.6118968,0.3106201,0.036049023,0.34388542,0.60886115,0.1392345,2.127755,0.4262806,0.27247453,0.17197059,0.0992837,0.050146133,0.7038974,0.059741426,0.09020905,0.10712294,0.08603594,0.47877377,0.32907844,0.12861596,0.06567221,1.1201962,0.009952472,0.2705949,0.37232512,0.5414264,0.11365902,0.12856998,0.034268487,0.0,0.6320784,0.0,0.54626447,0.34701046,0.45567843,0.18282495,0.37263492,0.036993235,0.37470376,0.11386704,0.09105871,0.2239647,0.26472464,0.11997754,0.12924108,0.013439263,0.78448343,0.47491154,0.8300902,0.016673306,0.59058493,0.0551669,0.31368497,0.71503985,0.93176705,0.5146707,0.0049326513,0.4838998,0.0,0.0023470165,0.1531238,0.22034006,0.47120658,0.071529604,0.017432407,2.3646617,0.3487315,0.06446407,0.7326984,0.23715766,0.20195621,1.4238708,0.6410301,0.3095777,0.07740036,0.55244094,0.07936417,0.15722884,0.14628223,0.30013055,0.6915734,0.5172869,0.122246884,0.045145005,0.799438,0.6628525,0.9056184,1.0649512,2.4201245,0.105577305,0.64168775,0.07028246,0.04222762,0.21844092,0.102448784,0.5370762,0.04056899,0.04639785,0.88459754,0.26139697,0.6336962,0.18794347,0.25445345,0.058327038,0.6712879,0.31337693,0.05551243,0.0058080223,0.37715903,0.14929974,0.31639895,0.06527875,0.16351822,0.7009109,2.0065706,0.31513453,0.32497498,0.06984938,0.0025202876,0.5536845,0.37499112,0.31089497,0.10928559,0.65564126,1.9402742,0.5667048,1.028099,0.104642056,0.23224522,0.0032039396,0.030984027,0.09951856,0.47310856,0.560925,0.080416426,0.26864508,0.06807835,0.0,0.37702063,0.10078109,0.031732857,0.017191175,0.3202067,0.024018263,0.1620781,0.22339816,0.7987783,0.18253365,0.39286807,0.1568991,0.6390803,0.029935464,0.038684145,0.03327532,0.4626217,1.8733915,0.0017761297,0.053295884,0.039133437,0.21651793,0.10704318,0.10145518,0.0045696762,0.71711427,0.3890988,2.2128015,0.025452536,0.02608347,0.006663472,1.2907115,0.5381775,0.12831706,0.3296838,1.1140324,0.017359817,0.012555898,all_pothole_images\pothole_images_enhanced_3e85603d0a76791ec4ede3dfe7b148d5.jpg
1.2640667,1.3197031,0.6713151,1.3694714,0.46551782,0.8548702,0.36144358,0.043841142,0.46144637,1.1212549,0.7732803,0.3376379,0.19675814,0.5587955,1.0086262,0.28748152,0.083918534,0.63853806,0.72118,0.23298341,0.77719444,2.3412552,0.8141189,0.4998617,0.3793651,0.27399826,0.13006377,2.9235249,0.04865765,0.28097463,0.6482984,0.064025484,0.1412866,0.9812115,0.6726336,0.7988454,0.44605178,0.39521915,0.31825194,0.40859157,0.19351701,0.03988175,0.77618086,0.8350159,0.5534676,0.2606558,1.335604,0.18005161,0.45406178,0.14676237,0.12128538,0.53307295,0.13022698,0.07688615,0.15259033,1.3169994,1.4858974,0.121103264,0.16644366,0.126477,0.12687969,0.34997243,1.7582399,0.29531106,0.3454666,1.3527396,0.25254112,0.50036275,0.7206016,0.5607844,0.2782901,0.029615454,0.25132388,0.30331045,0.07321698,1.0973929,0.065772854,1.0055441,0.026118075,0.31051186,0.6067958,0.5267194,0.17058216,1.5683453,0.40776858,0.7155449,0.57282317,0.6452069,1.2755946,1.6475413,0.53410846,0.2214537,0.35042074,0.2507511,0.033009026,0.06926555,0.36386412,1.546595,1.1720191,1.0469561,1.3112905,1.713595,0.0812727,0.7369046,0.270493,0.33898968,0.09033096,0.17448503,1.4232421,1.0079283,0.75236464,0.8583184,0.61939293,0.10550063,1.236824,0.23237006,0.7142186,0.37253878,0.69729704,1.4215115,2.266563,0.30826545,0.45206618,0.63436794,0.61252815,0.9704715,0.35328445,1.0818808,0.47992694,0.8063998,0.21649732,0.031609826,0.7132052,0.14723319,0.39433503,0.22712696,0.9206128,1.114797,0.081221975,0.11856168,0.6413675,0.37005678,0.008311813,0.8719579,0.9513438,0.99166137,1.2703776,0.07293371,0.33191234,1.4003578,1.1172825,0.57932717,0.4087848,0.41074905,0.6620348,1.1226865,0.22931622,0.8498964,0.24951795,1.7898232,0.78241676,0.040476043,0.31235585,2.5375218,0.22156927,0.32392985,1.3332158,0.18005493,3.0831242,0.97986364,0.04674119,0.0,0.5060164,1.5044116,0.6708801,0.6165734,0.13932742,0.12083014,1.1843462,0.5690465,0.1883536,2.1448278,0.436608,1.0204334,2.0759723,1.3763748,0.13502307,0.30861303,0.3848627,0.5641096,0.40969974,0.48944628,0.6203937,1.6360186,0.23099576,0.2712104,0.57594246,0.873021,0.2255834,1.2681061,0.23258959,0.12116028,0.11787953,0.2785048,1.7462968,1.3974881,1.2268062,0.09655892,0.21701586,1.2092016,0.23286644,0.53940225,0.7018673,1.6066327,1.3932403,1.0742083,0.9665915,0.23666471,1.1886951,0.31319213,0.7610185,0.32806307,0.32087526,0.05519932,0.38196158,0.28676808,0.7335757,0.298486,2.849906,0.28236914,0.2550298,0.56365967,0.42772347,0.17309462,0.6437126,0.0,1.0913337,0.17043078,0.7492982,0.33289966,0.12906033,0.037351232,0.5278957,0.026209407,0.0,0.36161822,0.015546367,0.1367803,1.7106682,3.479765,0.8888035,0.2546959,1.323146,0.7566055,0.31558588,0.35794464,1.4464086,0.5419487,0.55335146,0.86573696,0.98300093,0.8530567,0.6833392,0.14614089,0.36442032,0.3551029,0.6127921,0.79707766,1.963885,0.102711774,0.7789615,0.23246543,0.04839646,0.609937,1.0907421,0.8009725,0.93402916,0.49866784,1.7338936,0.45410582,0.5381916,0.013021415,0.4148224,0.06408275,0.4825552,0.35850307,1.2446512,0.13911584,0.54174197,0.19073403,0.24243782,0.3519203,0.101503305,0.4487697,0.26715255,0.86046296,2.2579548,1.3085929,0.0,2.5365314,0.7081529,0.42583618,0.09485629,1.106666,3.0147007,0.351045,0.41332334,0.3863214,0.40770152,0.012137426,0.45177755,1.1385447,2.7424471,1.7495342,0.9804708,0.159489,0.24810207,1.7171129,2.391634,0.01840263,0.7496023,0.051159516,0.3980969,0.7498317,0.16105717,0.8126876,0.8559924,1.1506011,0.9722827,0.28836665,1.9936816,0.29897308,0.58816856,0.48832583,0.08644376,0.12540008,0.06414136,0.6478126,1.5981293,0.24749908,0.38223407,0.33020976,2.0962145,0.0,0.37179628,0.24152496,0.18066765,0.040602997,0.4940374,0.45616442,0.6721087,0.5454561,0.53048265,1.3054296,0.13339464,0.0025868586,0.5113361,1.7267249,0.5927535,0.6983003,0.5542986,0.2642779,0.80255944,0.3825906,0.101319976,0.7193164,0.32376507,0.20038664,0.3605486,0.5189683,0.6398104,0.10314671,0.94496393,0.25260866,0.5716203,0.15929548,0.0025000914,0.6090895,2.1343684,0.61844575,0.3946654,0.10456506,1.0338149,0.6471462,2.0708609,2.27893,1.3531873,0.25641778,0.88758326,2.391182,0.9741874,1.2183743,0.3610975,0.2824752,0.292289,0.2783061,0.43731397,0.41969183,0.21931511,1.0164651,1.8445649,0.3527904,0.4051523,0.39258683,0.66319025,0.013915831,0.5626157,1.1997097,0.6468552,0.49250126,1.1161351,0.08632663,0.38726336,0.031850923,0.83908284,0.8778562,1.4876313,1.0698102,0.12261929,0.074623786,0.4200272,0.095336355,1.7222829,0.81099683,1.5837919,1.9575415,0.638143,0.60745263,1.1217172,0.54349524,0.77433586,0.22971873,0.0044942414,1.1866411,0.2082655,2.0923858,1.4701538,1.2569243,0.90543544,0.62821066,0.3303164,0.26466095,0.10820306,1.1123452,0.6695603,0.14485879,0.8449707,0.31642902,0.19404845,2.2782342,0.72290355,0.17467183,1.5314147,0.56843394,1.4604774,0.07575066,1.153303,1.0599046,0.1867161,0.6168038,1.8742031,0.020761104,0.7538203,0.13954976,0.18074179,0.64498377,0.02169288,0.32965654,0.6643183,1.3330374,2.1174543,0.28385836,0.3291482,0.84122974,0.41728237,0.05123079,0.04392038,0.75064474,1.0130413,0.25981328,0.74763715,2.3367474,0.35022327,1.079978,0.6446126,0.37153378,0.8321234,0.091308974,0.97240496,0.06458773,0.4270077,0.101109385,0.35761997,0.08388292,0.10595162,0.8132139,0.2058472,0.1529374,0.43521756,0.038636215,1.071424,3.481338,1.4501487,0.5716731,1.2471478,1.903769,0.050741658,0.4338309,0.11913325,1.9957623,0.52351224,0.4766472,all_pothole_images\pothole_images_enhanced_3eb7d2a327bec17505410b0614f57bb1.jpg
0.6453102,1.2388206,0.8189687,2.6455152,0.49177468,0.19443603,0.5770472,0.45329666,0.0,0.40295556,0.31760293,0.72986436,0.032223877,0.9518822,0.5292056,0.46718714,0.19358969,0.3304049,0.2946402,0.31089634,0.09279197,1.7094607,0.47792298,0.48914203,1.0659403,0.08414571,0.24151799,0.49012125,0.23731849,0.40808144,0.40926212,0.24054484,0.15124235,0.37543833,0.0065998603,0.5097464,0.05583224,0.57137847,0.23523186,1.3757993,0.044212475,0.013782287,0.0,0.23189731,0.3611734,0.07838269,0.10024847,0.015512841,0.079123944,0.77653706,0.0,0.78966874,0.5537771,0.31329736,0.17134261,0.30025265,1.0681343,0.15704007,0.6565992,1.0811335,0.05584147,1.0150524,0.14809455,0.24936156,0.021594437,2.8214357,0.55799013,0.35462043,0.06088639,0.0,0.19356252,0.2962882,0.22218966,0.050105482,0.037888277,1.323383,0.44143936,0.19055565,0.0,0.0,0.46649063,0.4395202,0.68329984,0.92313135,0.0007828236,0.34498966,0.00018196082,0.34029534,2.1329997,0.0957585,0.02485948,0.06177308,0.0,0.12238132,1.071133,0.3604,0.415169,0.9304541,0.048240438,0.094289556,0.0010162222,1.6017625,0.47369525,0.4654288,0.26706678,0.070618555,0.00020868376,0.37277323,0.2601811,0.12005119,0.027974999,5.8260417,0.2461818,1.6207377,0.29064208,0.035795387,0.18170677,0.69958663,2.1332278,0.69296885,1.5825294,0.7588788,0.00091732875,1.3627253,0.15720806,0.7591147,0.03708669,0.0037842116,1.9062995,0.034212418,0.28747928,0.13774864,0.085278586,0.6882261,0.55809224,0.20677945,0.00425405,0.059029903,0.33545226,0.45237356,0.15359122,0.3793238,0.38748538,0.4545386,0.18957484,0.10909272,0.115137056,0.33243018,0.8086431,0.080795236,0.31795922,0.25551072,0.19800304,0.007586771,1.3148457,0.086821474,0.11338922,0.55821973,0.79935545,0.40647978,0.70850635,2.149312,0.0,1.7027273,0.060769305,0.7451536,1.1394306,0.31676793,1.8712943,1.016549,0.0054601203,0.07298212,0.11095467,0.1033275,1.4088297,0.028015725,1.0160573,0.0,0.23591095,0.11998356,0.025407674,1.901579,3.761227,2.0963612,1.0474004,0.48884472,0.03554755,0.041848667,1.7368586,0.9886013,0.23609746,0.0032445511,0.008859942,1.1366383,0.990477,0.33189398,0.28085667,2.4920096,0.3520445,0.99464417,0.23561783,2.9612164,0.74492615,0.49645185,1.1042432,0.21855782,0.06932873,0.06490337,2.7502809,0.06811264,0.032141834,0.004758099,0.16543588,1.4814973,0.18447432,1.1538073,0.2866654,0.08984242,1.2297034,0.030330842,0.20666079,0.27409425,0.32841554,2.353921,0.15379298,0.27114964,1.8775424,0.007489234,0.0077738264,0.1664767,0.89716405,0.1402676,0.0007182963,0.048718106,0.17796542,0.0,0.87633616,0.27842957,0.0384708,0.0012361772,0.3559873,1.503568,0.031035878,0.0,0.056233328,0.034860346,0.48505113,0.60857546,0.30110106,4.9901996,2.6942544,0.291678,0.16792093,0.38883144,0.063299894,0.8101441,1.0389653,0.3522796,0.88218033,2.1153045,0.0,0.02538028,0.45650855,1.5284643,0.06226828,1.5651166,0.034068227,0.28216958,2.821593,0.017896717,0.20715262,0.0003578736,0.16928554,0.04940482,1.284462,1.4430177,0.03622144,0.16449393,0.057208616,0.3300944,0.37910685,0.4188526,0.8824855,0.20481175,0.23750854,0.06899306,0.9104592,0.15338323,0.019386286,0.37991607,0.09688531,0.016281627,0.3220245,0.82862437,0.12681171,0.3286985,0.10824771,1.7327429,0.6899893,0.6046193,0.41953692,0.31051788,0.0047733234,0.8685568,3.8074946,0.02796239,0.0,0.42764452,0.0,0.13813448,0.22746424,0.6568767,3.2107024,1.4368124,0.05609425,1.5317051,0.11198964,0.9695174,1.7417289,0.79254305,0.45103064,0.0506859,0.19061454,0.111245014,0.26197037,0.16600497,0.109878235,0.021859609,0.97937787,0.30105898,2.346925,0.59692854,0.037441116,0.082790636,0.015270346,0.2938162,2.151859,0.0199421,0.02156814,0.64407575,0.0797772,1.8431449,1.750884,0.6739849,1.503677,0.70709586,0.09637378,0.022128334,0.47728503,0.020148804,0.6183545,0.27467552,0.13112459,0.37578416,0.14515202,0.119293846,0.0024069382,0.13356264,0.27939555,0.23314312,0.32311806,0.49446532,0.33576646,0.1280575,0.0,0.22830896,0.7671166,0.012906333,0.06822638,0.008082139,0.44188184,0.004982324,0.8067256,0.027304405,0.23542184,0.047774512,0.2616432,0.009960123,0.97647476,0.42866307,0.008719853,0.018028365,0.029890765,0.7698255,1.8067504,0.5026349,0.8123305,0.0207145,0.035036474,0.58242196,0.41287154,1.0524886,0.15359166,0.7550985,0.014017948,0.075321324,6.274476e-05,0.27458838,0.111158915,0.44564018,0.6008678,0.39299843,0.41791934,0.1259523,0.033708047,0.39563122,0.9896145,0.62983906,0.23808622,0.010396029,0.42486194,1.1359141,0.0,0.22395371,0.1777169,0.018853331,1.3297116,0.09161978,0.07376169,1.4469763,1.8743423,0.42086017,1.937031,1.9643312,3.15696,0.15302962,1.116605,0.37953022,0.26713836,0.30874294,0.56743306,0.53999186,0.07311709,0.061603833,0.17640327,3.143727,0.9229951,0.21366611,0.7018575,0.56637156,0.07226392,0.51284236,0.67583555,0.0052205627,0.32530177,0.009791015,0.39880806,0.38042474,0.0043493384,1.0332913,2.1315596,0.15215105,0.6202576,1.0481421,1.3633753,1.9938817,1.4199966,0.44099185,0.14441751,1.5978106,0.082510985,0.80003184,0.52681744,0.033203196,0.22541086,0.13834116,0.26559776,0.09351714,0.13051261,0.55062747,0.80027425,0.6483995,0.22338451,0.0,0.07060392,0.0,0.60408294,0.6638976,0.95748705,0.03930706,0.80881894,1.3421005,0.6972789,0.12819408,0.0,0.4682738,0.674812,0.38707134,0.8541278,0.061912157,0.44097486,4.1364594,0.0,0.16613702,0.0008224969,0.0025034652,0.118733995,0.099666245,0.007445016,0.61873144,0.125695,2.125904,1.2220405,0.09839336,0.3786723,0.72814965,0.067913786,0.8187941,0.21437493,0.15248916,1.3747895,0.06810916,all_pothole_images\pothole_images_enhanced_3ef077970794ca78157c427307dcb3fb.jpg
0.75884753,1.7770936,0.2616722,2.2135632,0.87717944,0.88660663,0.14547783,0.31473947,0.13622545,0.6352207,1.2404665,0.7049708,0.26429582,1.8551062,0.3658009,0.83039856,0.9582571,0.5940846,1.4189045,0.5758483,1.4569857,0.77391076,0.3477677,0.41792428,0.47157598,0.38649574,0.4417364,4.6554704,1.7871758,0.2837255,0.43431613,0.63940465,1.5423434,2.3698375,0.0056403107,2.084653,0.5814055,0.48006803,0.30044177,0.89669925,0.69692135,0.0016858889,0.41800666,3.5169826,0.49114832,0.70158714,0.187237,0.12236593,0.5995321,1.2576199,0.5788275,0.5405438,0.7780889,0.63674074,0.13158326,1.1228731,0.46044198,0.24526292,1.523174,0.14720225,1.270153,0.49185488,0.9503345,0.9326789,0.79507864,0.8251796,0.405207,0.38779137,0.15146479,0.062488228,0.6176984,0.77783483,0.33069918,0.82281643,0.45552817,0.32501826,0.29579145,1.5461441,0.025117636,0.48317546,0.5080351,0.13030699,0.03995789,0.85638565,0.4500484,0.71117866,0.6010159,0.16644134,1.9422791,0.20095712,0.058919273,0.01171432,0.36815968,0.7236909,0.18812771,0.77693176,1.123542,0.79882544,0.7133191,1.0440652,0.0077403286,3.3349018,0.2889377,0.8467135,0.22956002,0.29094115,0.57430637,0.36526507,0.7490832,0.2207039,0.08264618,1.692081,0.48813123,0.5613006,0.566166,1.2231462,1.014223,0.7961997,0.47442275,1.6960166,1.4010576,0.65074116,0.1858778,1.6507076,0.59886485,0.9229096,1.2939789,1.2929287,0.83038074,0.34355912,0.9973492,0.035166144,0.19000314,0.7407312,0.6272051,1.6748767,1.3191891,0.81758606,0.7883358,0.65752614,0.40468246,0.07385089,0.5148196,0.94762015,1.1122143,1.9201283,0.40882316,0.26723137,0.6008888,0.87264353,2.3270864,1.1422918,0.22378817,0.32947198,0.8927317,1.4840436,0.738279,0.46297804,0.7341131,0.93908906,1.0359583,3.8576672,0.029367808,2.4108644,0.050837167,2.0590127,1.4522437,0.3895512,0.6667826,1.8890358,0.922413,0.80758476,2.0565329,0.6800785,0.05600934,0.9115848,0.4830559,0.03911109,0.066707075,0.95268935,0.03613917,1.4097688,2.6135914,1.2456843,0.8654147,0.55948395,0.09317348,1.444294,0.703629,0.7463756,0.35152677,0.19648655,0.7700345,0.64355737,1.4568881,0.9459952,1.5334631,0.12338003,0.3599673,0.22045313,1.4233456,0.511261,1.1621377,0.4374155,0.9254397,0.21524706,0.8741047,0.20382649,0.3392647,0.22172476,0.24455906,0.59894204,1.0997534,0.6689956,1.3451062,3.1037154,0.589529,0.062739156,1.9455019,0.6060907,1.7999132,0.17201065,0.98717344,0.62854946,0.3157876,1.0598603,0.098610684,0.9695639,0.9421139,0.82776874,0.5675047,0.12735468,1.3397005,0.12314845,1.3530126,0.2371077,3.176804,0.4382414,0.068762474,0.62791836,0.5225493,0.27524304,0.51035,0.0,0.9734661,0.038873613,0.5727227,0.7357995,0.12811315,3.7448344,1.4221181,1.4910995,0.13687137,0.72982955,0.37143213,0.6185538,0.5307527,1.1109657,0.98717505,3.6944096,0.8065908,0.62779236,1.9038205,0.043447815,0.19797087,0.72862095,0.23636882,0.8003589,1.5727824,0.43281528,0.5838969,0.26593778,0.4357467,0.66730326,0.43649945,0.50405234,0.36674792,0.91837275,0.54663736,1.1128312,0.73395574,0.8391377,0.36470616,0.8713357,1.5318242,0.017846193,1.5345138,1.0052176,2.0524526,0.47693697,0.50193715,0.78913355,0.105067454,0.40694147,0.65860295,0.93814117,0.5590366,0.8573474,0.911317,2.348238,1.2138332,0.61658204,0.9386399,0.4206611,4.650527,0.3307378,0.97454005,0.1267614,0.086398005,0.56272185,1.0252548,1.0553056,1.0773295,1.7156761,0.9356398,0.056405418,0.3126263,1.5702567,3.1858933,0.9236746,1.3270011,0.46021554,1.3680072,1.2775137,0.85333186,2.3970885,0.55163455,0.520945,0.5949159,1.4533342,0.9456888,0.5975876,0.15969618,0.029401096,0.21333364,0.42858276,1.2287743,0.9319396,0.42553997,2.0199404,0.42725798,0.523621,1.0251749,1.4344546,0.828941,0.8546469,0.43733573,1.2816931,0.8524814,0.08986344,0.92585707,0.37893575,0.36064255,0.40686873,0.36480013,0.256903,0.17468405,0.49157605,0.8096947,0.78495336,0.0,1.4322553,0.8985938,1.0742569,0.38875148,0.30845916,0.3658389,1.4114497,0.7075125,0.6237229,0.29093677,0.74483716,0.5822995,0.2268839,0.6779621,0.3697741,1.0491872,0.111505605,0.61418456,1.1944723,1.4056796,0.47374743,0.56554705,0.8322983,0.78809327,1.3714811,2.2097397,1.0719124,0.30093133,0.98061764,1.7794777,0.30321744,0.801305,0.3016294,0.23878728,0.2590943,1.6256745,0.6839629,0.83279353,0.023584226,1.1907434,1.8004798,0.67937326,0.58476025,0.33064702,0.89292705,1.1369808,0.11088718,0.5416949,1.1101694,1.3724263,0.8391271,0.29146048,1.6627972,0.0039100847,0.5269056,0.8416821,0.3675699,1.2748009,0.27245197,2.461739,0.33916768,1.5961233,2.0797365,3.988607,0.044185627,0.9459,1.8620714,0.17603204,0.7686107,0.60131323,0.26309565,0.8698425,0.9896634,1.4836955,1.4926882,1.1357045,0.36522382,0.2142037,0.5969487,1.4963288,0.6054406,0.22917503,0.03341125,0.20850353,1.1849817,2.5283437,1.1149144,0.1680802,1.3093327,1.0420741,0.22034255,0.19476481,0.14621289,1.1454967,1.163607,0.70822406,1.1320767,1.0418668,0.34659842,2.18102,0.19724327,1.7027967,0.44660085,0.22607072,1.1785371,0.99437696,0.14223571,1.5037344,1.7180883,0.39169326,0.55516046,0.21332265,0.31952134,0.4029457,0.23907633,1.1719645,1.3273565,0.8525263,0.5899016,0.36250317,1.9610093,0.57530844,0.6141211,0.70717925,0.04463311,0.08502271,0.12871812,0.036365807,0.013440106,0.9622943,1.7340567,0.3118247,0.37710065,0.5195241,0.4930877,0.14534397,0.47804546,0.4785931,0.89306206,0.9098878,2.2288904,0.16975099,1.8073941,1.3564489,0.89166117,0.72986585,0.17927794,0.5068742,0.5825929,0.098914035,0.3251981,all_pothole_images\pothole_images_enhanced_3f532dcd0dc582c4aff5555208c1408b.jpg
0.5172478,1.4973223,0.12363267,1.9101098,1.308627,0.542631,1.1033067,0.0058690575,0.14375457,1.7085384,0.45852995,0.8546744,0.078932695,1.3634646,0.050316524,0.106123775,0.5770504,1.1796223,0.3201248,0.048714574,0.56774354,0.5975645,0.96271795,2.3906322,0.40869534,1.5127057,0.16935955,0.79383534,0.6675028,0.389007,0.23745546,0.31895173,0.0,0.48972577,0.31681564,1.6744508,0.29702434,1.5566946,0.16342671,0.10382599,0.053166967,0.2611017,0.45490292,0.7359203,0.21410334,0.5805254,0.011678022,0.5742214,0.20504741,0.7040965,0.56515193,1.5642153,1.2479221,0.16390593,0.47596818,2.5962086,0.51479316,1.1209788,0.8009611,0.40436617,0.11863376,0.7643721,0.12308731,0.031468373,1.4652594,1.4152812,1.3597001,0.5204348,0.1449236,0.014482579,0.58160233,0.05469882,0.23656148,0.2557368,0.09151881,0.99351144,0.72809243,0.5302513,0.093686014,0.006994597,0.07250762,0.084439784,0.8959785,0.29660773,0.9581459,0.03170695,0.3890833,0.033088543,0.9395778,0.21097198,0.37364894,0.16309488,0.18121439,0.31197616,0.8037786,0.5962146,2.1145022,3.565497,0.3282181,0.48177832,0.8592594,1.8105817,0.08098828,0.966858,0.7809169,0.98022926,0.08195702,0.72743654,0.06530014,0.3760819,0.12335017,0.034957137,1.402231,1.5993431,0.83732885,0.036586322,0.026378028,0.23220044,3.0702484,3.222795,2.1996086,0.32697767,0.018261228,2.8541682,1.7883797,0.69888717,1.7542781,0.68713325,0.24203733,0.1862034,0.39934033,0.21733014,0.12581147,0.5526169,0.13408934,0.041246764,0.83847225,0.25943416,0.21171989,0.21626672,0.9344796,0.013325586,0.9365647,0.81284136,0.7484724,0.49730697,1.2403357,1.1320024,0.16827458,0.12490516,1.0379329,0.65431005,0.004356091,0.016756408,1.349453,0.7238771,0.9993532,0.28448442,0.906487,1.0967923,2.546365,0.81552774,0.44658756,0.33228186,0.6557271,0.22807945,0.9451504,0.12958904,1.5285598,2.357418,0.27192447,0.35263497,0.5160156,0.370631,1.4831848,2.4145453,0.86342835,0.17439714,0.36984557,0.17829606,0.7312526,1.5416017,0.9915856,2.1243703,1.2782019,1.000085,0.62949765,1.2513344,0.7324296,0.7935794,0.24109377,0.53528506,0.21919543,0.39882725,0.53201216,0.0021174145,1.793029,0.511851,0.9782917,0.94083714,0.3504291,1.1988224,0.26385224,0.05664693,1.486003,0.3162631,0.99515396,0.03706006,3.440888,3.1841877,0.04220378,0.2025967,1.0815083,0.8307921,3.0632312,1.556865,3.0045843,0.08227057,1.3209108,0.059557352,0.38303337,1.3294011,0.7896324,1.2073214,0.16130495,0.0012995686,1.0217134,0.012442797,0.69659,0.8549749,0.092251524,0.016552571,0.24557726,0.42150363,0.102115415,0.09610704,1.1188864,0.7185489,0.29918298,0.13033128,0.15986393,0.5576711,0.44521332,0.9035238,0.0015868888,0.5937089,0.24481648,0.02278632,1.720311,4.866334,1.1206737,0.07438626,0.27290142,0.05980508,0.89980406,1.0874556,0.9377217,0.22488572,0.46133414,1.6913004,0.47889903,0.28492835,0.8968878,0.20725329,1.3022168,0.16284831,0.16075511,0.008948594,4.78974,0.01567501,0.106591076,0.009327701,0.59933764,0.8878523,0.42376179,1.2017728,0.008168921,0.31696877,0.2094354,1.2862169,0.6640369,0.010724152,0.26739913,0.0004011952,0.058337852,0.4188395,1.182639,0.30602401,0.5726256,0.8914776,0.42019606,0.41878182,0.22997469,1.1743816,0.91407025,0.5821832,0.6360003,0.15808448,0.014356662,4.077871,0.74498177,2.1359375,1.1877533,0.08292484,4.0802794,0.28344738,0.26035145,0.08930095,0.0821062,0.4584404,1.4625338,1.1054214,1.9618925,0.97237486,1.456144,2.015521,0.107592896,1.3714261,1.232988,0.00044741743,0.47179836,0.0060489597,1.7345983,1.5070196,0.17278272,0.46444705,0.55316263,0.4003632,1.3712962,0.21010815,0.89933294,0.16807318,0.70535046,1.157047,0.027961034,0.24872783,2.6793518,1.1373246,1.4142839,0.6903151,0.59267336,0.17049439,2.230121,0.7605488,1.8194474,1.4952499,0.00791688,0.09446029,0.51279825,0.58457416,0.27211013,0.20839442,0.42980632,0.4138882,0.31124818,0.05632064,0.1852357,0.569149,0.24833979,1.0677221,1.2011948,1.3353592,0.8397649,1.370243,0.5795311,0.03560121,1.7457724,0.002503368,0.61687523,0.6933919,0.7810109,1.88066,0.92774105,0.003254497,0.4292776,0.0070073465,0.028284138,0.11693917,1.6770114,1.3684822,0.5510236,0.52234685,0.6249695,0.8235848,0.81731415,0.5023407,0.3149887,0.034804963,0.6341268,0.6035583,0.9765432,0.21404943,0.0,0.14735124,0.0,0.13771784,0.53011763,0.25038642,0.14879782,0.018903876,0.2808213,1.7586092,0.70832443,0.9041659,0.4571922,0.17144465,1.8047955,0.6444446,1.6126609,0.16899544,1.5542139,0.7023376,0.10127069,0.78541344,0.19212793,1.0557201,0.4796299,0.7437157,0.0020149907,0.15211195,1.3241704,1.9288403,1.4161918,1.4380016,2.3326132,0.25922143,0.5328002,0.9695504,0.2782304,0.19592002,0.45224935,0.24438216,0.18950132,1.5427476,0.23597729,1.5831157,0.8109762,0.8360454,0.12319053,0.45365727,0.4578556,0.840722,0.15119374,0.8448771,0.6385668,0.0025207826,0.28190917,0.3622113,0.03608342,0.9247447,2.4130852,0.77229196,0.8260842,0.3618302,0.0,0.8328205,0.53550965,0.13482013,0.030532956,1.2366091,1.2671922,0.36847958,1.1602585,0.31514618,0.13185635,0.016444072,0.22699207,0.10015273,0.7473722,0.19325584,0.44354606,0.29394674,1.0427756,0.015009992,0.19931431,0.002143565,0.8700935,1.2575394,0.3803795,0.08685694,1.5940549,1.2445796,0.67555034,0.7442304,0.055949293,0.84882134,0.93157744,0.01657275,0.02815839,0.114384554,0.5795996,3.0537715,0.2775829,0.1468909,0.017215207,0.1037281,0.13284175,0.047019694,0.33987612,1.2032585,0.544306,3.2220564,0.60013926,0.8216783,0.4036449,1.9456645,0.79645574,0.18727176,0.73599356,0.6405032,0.031094747,0.7646886,all_pothole_images\pothole_images_enhanced_3f93dc5007967711b3c77879669c923b.jpg
1.1950458,0.8593853,1.5520447,1.5273032,0.44164017,0.6087583,0.18624866,0.72569925,0.92420274,0.34615573,0.01134665,1.4029912,0.119357534,0.058872223,0.9147057,0.024570711,0.38948986,0.08947752,0.057501588,0.43611705,1.6071353,0.5731925,0.035853084,0.2869186,1.7173078,0.070163034,0.25017405,1.806384,0.29620367,0.0870947,1.1593364,0.17225577,0.043096736,0.8543829,0.123800606,0.6642627,0.26293877,1.4888223,0.6392422,1.0441301,0.3724055,0.6133057,0.10776502,0.8181993,0.5611851,0.26420936,0.61385155,0.16266294,0.0472772,0.16531797,0.07068189,0.22910531,1.226536,0.023487108,0.0056625595,0.47467273,0.8560268,0.15375446,0.4212621,0.40886873,0.19561212,0.20116992,0.045846716,0.5871761,0.09504468,2.2514079,0.15675002,0.0,0.2894608,0.09440286,0.9024012,0.5684464,0.9271507,0.15535514,0.040923547,0.102102295,0.6572899,1.7000219,0.011178614,0.00017970106,0.012397036,0.06410323,0.08701373,0.3660248,0.09978044,0.2025751,0.048238203,1.0139707,1.7934047,0.61330247,0.011416193,0.05706788,0.097972915,0.2887206,0.826548,0.00014324604,1.0344061,0.7227947,1.117485,0.06841304,0.38793597,1.0418265,0.01882868,0.40723664,0.2715625,0.120966665,0.21191433,0.21873465,1.0651814,0.08266263,0.027915355,2.0643466,0.3583308,2.1409996,0.2175285,0.7035287,0.32420006,0.13968857,0.23902181,0.02940135,3.0457034,0.94751287,0.23898351,0.96587497,0.12933515,0.24439548,0.06285663,0.58109486,2.567552,0.057836976,0.05338232,0.10674481,0.03092654,0.18838373,0.3382651,0.9353891,0.06974583,0.5963007,0.4658252,0.005922056,0.0,0.8294799,0.14402717,0.472447,0.47531268,1.3518428,0.43665257,0.73699313,0.04723365,0.6136431,1.0022196,0.060844477,0.0,0.036769915,0.70832443,0.6542508,0.091317125,0.32866415,1.6183515,1.2226119,0.95349324,5.155471,0.48238906,0.49005407,0.00024819045,0.52906156,1.1224966,0.03167613,1.5594469,1.4141711,0.0,0.0,0.76481813,0.014545337,0.5262706,0.0015689834,0.9424796,0.090730995,0.104889214,0.16057198,0.018771743,0.9805855,2.4751465,2.26032,1.9083647,1.1256297,0.54613,0.16740361,1.6744285,0.9695481,0.06811891,0.09615295,0.08970042,0.9816208,0.7008217,0.45677832,0.27881423,1.1637927,0.31127432,1.1765045,1.259599,0.48755938,1.24766,0.62323034,2.7277975,0.31770545,0.5077907,0.048309043,1.4946631,0.9920937,0.06487501,0.030545052,0.47747287,0.32219037,0.6152794,0.42247576,0.075381674,0.15374656,0.1843112,0.0,0.75187695,0.58280903,0.3805736,0.45221832,0.0,0.20120895,0.8931166,0.03836936,0.37278855,0.7266323,1.0013572,0.0042325133,0.05934171,0.92667013,0.2458605,0.26576003,1.6442479,0.033255517,0.22607487,0.08269049,0.30973575,0.24594341,0.22756518,0.026297294,0.048013404,0.049887307,0.26939136,0.25197402,0.0734452,3.9625797,0.9944563,0.40363908,0.06316675,0.3837121,0.043393932,0.1545145,0.84900725,0.33109933,0.009673796,1.2141637,0.030729068,0.27951205,0.3065703,0.35827106,0.22785303,0.27680936,0.4095005,0.12080813,1.8324332,0.012171706,0.33381984,0.021744356,0.113192916,0.32003552,1.4056306,0.7601279,0.25866958,0.21268618,0.12897204,1.5997822,0.9079801,0.0,1.4384874,0.017846938,0.6865379,0.49969637,1.5982251,0.3763564,0.078034386,0.5358526,0.021529047,0.008159542,0.17357008,0.60971224,0.25457248,0.219796,0.0,1.6530851,0.50006896,2.39324,0.68813604,0.29322007,0.012417153,0.14483152,2.7331533,0.20005786,0.11404342,0.43793982,0.0070781917,0.0,0.12108817,0.29843217,1.1785039,1.8277713,0.0,0.117160425,0.50879097,1.503623,1.1246942,0.63130975,0.11286612,0.0,0.9682,0.07453279,0.59708685,0.29635885,0.5021216,0.022349572,0.7172213,0.04655139,1.8988848,0.09816753,0.0,0.0575223,0.13611016,0.25698158,1.8068346,0.046662353,0.18653063,0.2763157,0.2320654,0.8309286,3.3398774,1.3669312,1.6918151,0.63210183,0.4109694,1.7832031,0.3604813,0.99955267,0.15576862,0.6602744,0.14968632,0.56701237,0.0337224,0.012925693,0.483608,0.60490274,0.08020899,0.53151894,0.49439254,0.5486444,0.49920353,0.5657588,0.23075536,0.3759843,0.898536,0.001947791,0.06037262,0.06114871,1.7918564,0.3498579,0.15248421,0.002026625,0.45778236,0.72124135,0.1705018,0.12359268,1.0997657,0.70451,0.013648298,0.0,0.7782291,0.2886179,1.7016313,1.9543005,0.52346116,0.007384525,0.0,1.4186747,0.577279,0.34257102,0.014833193,0.8316585,0.35921362,0.18682277,0.9557921,0.12537436,0.0046945354,0.8679915,2.0899332,0.6214869,0.079035416,0.014163952,0.25475514,0.33149123,0.11927129,0.52051157,0.61719936,0.0,0.8119251,0.5322011,0.38871467,0.7198877,0.1137017,0.8365016,1.9969295,0.55263597,0.19871232,1.1023302,1.2995205,0.06205692,0.52164,1.4829508,2.2540078,0.17636947,0.41637254,1.0711452,0.19571927,0.6997875,0.18611908,0.0,0.6660234,0.007273313,0.040163346,1.8160113,0.16913407,0.47704703,1.0923861,0.4730809,0.2925307,0.22237107,0.39980367,0.44824514,0.18401702,0.09555515,0.26330736,0.09619669,0.10503541,0.6957961,1.3790636,0.23452073,0.040853053,0.90574014,0.7392101,0.7165677,0.19989504,0.41696224,0.14712968,1.0465373,0.39433482,0.25991234,1.6548207,0.0054545826,0.3637135,0.15954112,0.02336026,0.15530829,0.11902588,0.45258072,0.37023875,0.23445222,0.046515018,0.0009165484,0.28537902,0.086795166,0.1658851,0.4019256,0.76548254,0.52531254,0.8225258,2.4465325,0.5074451,0.15953054,0.0244466,0.22594951,0.049832206,0.45087737,0.16490598,0.03843109,0.71192026,2.3596268,0.0,0.36944816,0.0,0.10659243,0.32330146,0.015550824,0.10618883,0.00032239244,0.44996813,1.8971286,0.5010823,0.20224535,0.016562011,1.5675824,1.3488555,0.35755098,0.13543074,0.77369857,0.35537034,0.3552155,all_pothole_images\pothole_images_enhanced_3fd09bc2736b37dcc38a8a6d1c448936.jpg
1.1165831,1.7108257,0.3012652,2.0081441,0.76129264,0.33694497,1.2004119,0.5223397,1.0627538,1.0049703,0.12473247,2.829487,0.15039669,1.9758736,1.5414084,1.0066487,0.4455349,0.33396164,0.6299928,1.2917342,1.9457604,1.6636925,0.77901334,0.4332819,2.3381503,1.0511874,0.42778397,3.640311,0.08431763,0.5008775,0.25494173,0.14735849,1.7362566,1.1720074,0.44497135,0.48970708,0.0123102125,1.3991235,0.19608475,0.94603765,0.7161788,0.93609595,0.12153054,0.62787944,0.4414238,2.5837555,0.20724006,0.30216497,1.4067118,1.2463871,0.4213478,0.8284356,0.5375428,0.97588915,0.61523926,1.123701,0.37735945,0.2003433,0.6580864,0.010614646,0.43083358,0.42095986,0.72532904,0.42478383,0.12339351,2.6104646,1.6766329,0.50184375,0.32552865,0.53245544,0.48738524,0.76876116,0.2693225,0.25085044,0.19274934,0.26549482,1.104081,1.7901806,0.13297448,0.23455252,0.71804506,0.12819992,0.23768203,0.4658917,0.6143252,1.3710368,0.46551245,1.1853029,2.1447394,0.56416154,1.0691216,0.066429615,0.53417116,0.36401242,0.9412921,0.18254805,1.297449,1.4287231,0.49070174,2.7090104,0.016666753,1.5885245,1.3588064,0.4469297,0.690371,1.3952307,1.0480351,0.8628935,0.25023103,0.2958014,0.5689744,4.1318316,0.836657,0.031119896,0.81614816,0.09769167,1.3884826,0.22159915,0.4297361,0.9515528,3.289605,0.0,0.20915312,1.9113495,1.6144938,0.5885885,4.914971,0.28250012,0.5598183,0.45163205,0.72319627,0.14152002,0.087274075,0.8764832,0.77981067,1.9714106,0.67004925,0.08144843,1.3436282,0.1451522,0.85397416,0.30832177,0.006733095,0.03599014,2.5951202,1.5428911,0.7283241,1.265319,1.7452118,0.1591699,1.3295263,1.3503577,0.2778787,0.1521453,0.793382,0.9290549,1.2031881,0.053765275,0.46015486,0.94676733,1.1145588,0.91505843,0.014939432,1.5062023,0.039610416,1.8411064,0.5799884,0.23063044,1.0125841,0.50351393,0.6619255,0.12183126,0.3937778,0.28951797,0.14719588,0.6997994,0.53484863,0.095658034,0.867483,0.854729,0.17002219,1.3790605,1.0245503,0.91935956,0.8999474,0.3949511,0.37861392,2.6875176,1.4442543,0.74946296,0.8705745,0.2704018,0.0046314592,1.042283,0.16017143,0.39970842,0.5575756,0.75070024,0.49009436,0.37366077,0.44086978,1.2246543,0.56411153,1.0903456,1.4850703,0.64753014,0.57038593,0.3426163,0.56896675,1.3725371,0.9433754,0.08251547,1.506771,0.8396142,0.76712114,1.1959006,1.1841608,0.014367531,1.2429893,0.5248193,0.71275514,0.9151942,1.5320518,0.43218106,0.19024208,0.66305476,3.921466,0.05094855,0.19905621,1.3271456,0.113593385,1.1746324,0.68786854,0.30894375,0.6854713,0.29921466,1.0666462,0.11857192,0.2415355,0.12590457,0.8085508,0.74278337,0.0,0.08585448,0.1475995,0.0038491073,0.70523584,0.23743318,1.5072587,1.1107045,3.112418,0.6121081,1.54873,0.42593607,1.2416333,0.7552132,0.4455157,1.220404,0.16736902,2.4339197,0.5087312,0.3862571,0.25474092,0.58154607,0.55039024,1.8113375,0.42164528,1.1916468,5.725297,0.57760227,0.6024593,0.36647975,0.0008792513,0.69977456,0.49719128,0.85555774,0.23869798,1.3590801,0.13844773,0.83336085,0.23144296,0.424025,0.62621576,0.30750984,0.6638823,0.09796917,2.147213,0.20729339,0.29042038,0.18619074,0.9628493,0.48505354,0.36351207,0.7401238,0.15487465,1.5613098,0.49037793,1.3526443,0.81352997,1.2614428,0.47976646,1.0874492,0.7314016,0.66501725,1.825205,0.5943115,0.05271205,0.4402092,0.9547265,1.2459394,0.3575737,1.5381664,2.0611742,2.0509489,0.24769452,0.8193629,1.3137776,0.7334765,2.0642471,0.25638586,0.4701242,0.052743126,0.5996756,0.7545082,1.5560222,0.30226368,0.05041126,0.27374038,1.7059622,0.46766353,1.7205114,0.68561435,0.24556664,0.38784844,0.08543571,1.0223424,2.5692222,2.5165308,0.08322243,2.0932517,0.79141986,0.7402539,2.9399545,1.2438112,1.3461708,0.48171258,1.0155003,0.34961373,0.46953806,1.0619842,1.0889359,0.75544745,0.9526744,1.3542057,1.5414724,0.15030526,0.48056215,0.5660771,0.1544327,1.0004139,0.64070845,0.11267023,0.26663008,0.47045976,0.079935454,0.8426691,0.664514,1.2669992,0.09037995,1.5109779,1.2136034,1.0424869,1.5104758,0.6919149,1.2752554,0.7467942,0.99824613,0.36693406,0.43097118,0.5904505,1.2219692,0.11488574,1.86209,0.8686802,2.7777202,0.7343813,1.5129211,0.0,0.34851572,0.9270061,0.37927923,0.56731194,0.54650444,0.69674915,0.16408649,0.7173,0.5962228,0.69635624,1.803643,0.5170689,1.0650123,1.3137028,0.22507153,1.984038,0.13232432,1.9187703,0.809972,0.6136964,0.8969745,1.2164123,0.387313,0.69089645,0.2700936,3.430707,0.15237114,0.21053329,1.7968943,0.7400819,3.2121036,0.29683876,2.0644646,0.8900157,0.24480876,1.4605159,3.3818226,0.0,0.63795775,0.5313364,0.32456136,0.6358703,0.80834895,0.15265626,0.44223014,1.3155137,1.9544129,1.903735,0.9691374,1.0473428,0.9664785,2.1623664,0.611963,1.0679178,0.04511454,0.0155106345,0.7481909,0.15161969,1.0620008,0.8385972,0.18579486,1.3017782,0.3205462,1.2912562,1.7339567,0.081745885,0.8861367,1.435898,0.88442874,0.83194685,0.645639,1.2703407,0.57478905,0.3800432,0.7165376,1.8526891,0.1879916,1.4758424,0.69189966,0.28553742,1.0364733,0.78856206,0.74051523,1.5350755,0.28308824,0.3938996,1.3076609,0.8920242,0.29440424,1.3874247,1.7923702,0.63485146,2.3310893,1.9582672,0.40972862,1.5119398,0.85201776,0.014909629,1.7371954,0.74922055,0.9619134,0.42552325,0.0995213,2.0225968,0.53488714,0.6178154,1.1623327,0.21675695,0.5624138,0.23825452,0.33888975,0.6861608,0.91526234,2.0752466,1.8356203,2.0061827,1.7689759,1.5587875,0.6589537,0.31737882,0.0708824,0.5593305,0.24432221,0.934274,all_pothole_images\pothole_images_enhanced_3ff5939da1e83d1d7708df02ad429f94.jpg
0.6796631,1.0079308,0.66999567,0.14172627,0.71136904,0.671574,0.526289,0.0046050525,0.68952614,0.2967596,0.3269328,0.033712212,0.45888594,0.19792666,0.006886457,0.09505445,0.0,0.49334428,0.29288238,0.7161398,0.080916375,3.0273817,1.8139523,2.0003073,0.029611174,0.24958667,0.077604555,1.4754361,0.089740984,0.8289914,1.1350591,0.022958819,0.7222494,0.06437811,2.1491706,0.0,0.52996933,0.56219393,0.26882106,0.2809438,0.10719844,0.04204188,0.023281088,1.3753799,0.60202336,0.0,0.1828338,0.009469231,0.071093604,0.06696064,0.48366642,0.02791065,3.3514783,0.025673715,0.44882798,0.14474566,1.1385702,0.1355558,0.21337122,0.7665316,0.2561516,0.034742314,0.18286642,0.09987015,0.83279186,0.408968,0.5968437,1.2356322,0.52178395,1.4492294,0.4002584,0.62833345,1.0952088,0.018856592,0.043141793,2.1432953,0.3894973,0.2482748,0.002552769,0.15644693,0.17393205,0.8354676,0.018172478,1.2138702,0.19119869,1.0883191,0.07593837,0.009206499,3.1096334,0.008077756,0.64718544,0.8500651,0.6183924,0.2651325,0.08841907,0.18505181,1.4899259,0.08799042,0.06999186,0.15001073,0.32440466,0.11437983,0.17458604,0.0,0.64901185,0.2475906,0.036825024,0.0,0.0154448375,0.8357535,0.77174604,3.3880954,0.37934065,0.0,0.08887658,1.6841543,2.2706697,1.2556651,0.12151829,0.659876,0.8266465,1.6145519,1.8272479,0.11149071,0.037938327,0.5870449,0.018371252,0.8597197,1.3244853,1.6244808,1.5239211,0.27243963,0.32231897,0.0820143,0.14287864,1.6819196,0.19494593,0.0036468846,0.99166423,0.5956666,1.0497149,1.2240312,0.5288345,2.576968,0.30004266,0.08480019,0.96138966,0.26319432,0.40213066,1.112995,0.030436954,0.11830826,0.03970182,0.39092115,1.2639416,1.0091484,0.13545409,1.3094132,0.0,0.6067207,1.8415799,0.22360909,0.04976657,3.1576438,0.106726505,0.121732995,0.20497487,0.075606585,0.4230792,0.0013637128,0.05867299,0.0,0.46966514,0.5900493,0.019784892,0.28081778,1.286631,0.0,0.43479943,0.14181215,0.33535403,0.43756688,3.6431327,1.0374296,4.4570546,0.13589452,0.19733782,0.013340275,0.014770999,0.4400944,1.0113441,0.063522525,0.0685148,2.3050084,0.15168075,0.03924825,0.0017330468,1.3545666,0.001403508,2.1769726,0.13915046,1.2739143,2.1649194,0.5805352,1.9713687,1.8541876,0.35668808,0.10527529,0.524442,1.4859354,0.307268,1.2206813,2.8833387,0.8225789,0.10442644,0.95035034,0.3572931,0.7087568,1.0707593,0.30334702,0.5216633,1.0806148,0.48796555,1.5385998,0.21432744,0.76617587,1.7022674,0.01088692,0.36970574,0.0010500685,0.15537296,1.6482188,0.18809581,0.004806288,1.8453584,0.22303458,0.19880071,0.083692536,0.0,0.014658611,0.3942972,0.31102753,0.4620334,0.026282597,0.036323916,0.05562755,1.3867356,0.37324703,0.36230698,2.1885633,0.40955046,0.21256225,0.42456537,0.9505572,0.0374139,0.0059508705,1.500837,0.1812797,0.99020725,0.5370126,0.097862594,0.90007126,0.4890752,0.09894867,0.058509365,2.0530984,0.5330589,0.2607311,1.2197026,1.0908799,0.25401527,0.26906553,0.13700625,0.7601271,1.1353863,0.9384457,1.1121815,0.24375966,0.103910714,1.791246,0.08323685,0.3703935,0.09798657,0.57335067,2.072336,0.30928418,0.16479975,1.036678,1.544094,0.26521346,0.25533795,0.36303574,0.09484717,1.2173452,0.21043697,0.13150574,0.8411042,0.68817353,0.33870676,0.0026610591,0.46110946,0.38357618,0.10164578,0.07222281,3.5259256,0.007421566,0.053849634,1.6119553,0.7878315,0.033664986,0.18181175,1.0750849,4.870008,0.8261801,0.076349705,0.055922706,0.13401075,0.090062186,0.68358916,0.04587477,0.041213006,0.73019826,0.0,1.3680977,0.9602854,0.45325375,1.2269689,0.9572858,0.36129496,0.4918408,6.4903736,0.13325582,0.0,0.95995635,0.5270468,0.31013444,1.472405,0.36560115,0.14407286,0.04831537,0.8607833,2.7345636,1.4119512,0.30604902,0.029774193,0.019477319,0.042267848,0.5617657,0.23351943,1.9792156,0.004708147,0.67791057,0.34107158,0.016249554,0.08166791,0.012639352,0.032019224,0.7617297,0.1701052,1.0976193,0.06474876,0.004437993,0.14127168,0.28478062,0.067532875,0.00013907763,1.6821047,0.8676773,0.70145833,0.17647848,1.3657217,1.1926833,0.14866386,0.032162085,2.0638213,0.7433962,0.18637243,0.4345101,0.7657636,0.7054727,0.25569305,0.028490635,1.5933064,1.6530757,4.2792635,0.11972448,1.5709866,0.03544593,0.114070445,3.375819,0.93310636,2.600701,0.11322279,1.4571925,0.018192053,0.12968446,0.24537025,1.0854028,0.6299663,0.06683234,4.56512,0.20733427,0.67867893,1.2492286,0.16574726,0.2560346,0.5329769,0.06093309,0.002854959,0.5251191,0.16027421,0.09169518,2.253163,0.45541686,0.063892715,0.58616614,0.17984292,0.94068635,0.30358943,0.0,0.20325668,0.2954108,0.598088,0.021870257,0.40726694,3.1727204,0.5727252,2.6920602,0.74183464,0.39992234,0.083050095,1.6595963,0.5163316,1.3527579,0.16242301,2.6508422,0.6898997,1.3560407,0.9352048,0.3437434,0.982663,0.083005846,0.014827443,0.25264934,0.056887865,0.53899187,0.87856454,0.21175355,0.04480634,0.61236954,0.27697855,0.58422595,1.1079706,1.1916404,0.40453604,0.87041706,0.21155766,1.0626755,0.012126573,0.4921766,0.8429488,0.4849651,0.38145322,0.028739376,0.8823424,0.6602321,0.41994455,0.0026663754,0.27757782,2.206325,0.9275274,1.0474433,0.11188756,1.6228868,1.5294095,0.6454179,0.00040150402,0.08581163,1.6333872,0.0,0.5417588,3.7078583,0.32805532,0.4433674,0.04169786,0.54618293,1.6712166,0.10504341,0.7505675,0.20190789,0.018716393,0.06018335,0.081741855,0.048082974,0.21447158,0.016146697,0.08199439,0.15251483,0.12095588,0.047012124,0.03004145,3.0706375,1.341393,0.7643913,0.27447805,0.8350671,0.33446634,0.7837639,0.37396404,0.6216536,0.112967774,0.27586636,all_pothole_images\pothole_images_enhanced_3ff82872c6f8336422339649120b323a.jpg
0.67932266,1.6024302,1.2386327,1.7608032,0.9732029,0.8987718,0.7600432,0.0016028576,0.34922594,0.64215165,0.27424914,0.011033418,0.039975855,0.41527367,0.020977285,1.3576314,0.5113088,0.044926696,0.59140927,0.4575035,0.097318664,2.2954042,1.1944325,1.1404619,1.2966336,0.09777881,0.043979563,1.2251191,0.023871917,0.22138801,0.37232196,0.10517146,1.5025821,0.30793276,0.5732559,0.54050446,0.14745711,0.764249,0.03358263,0.94172823,0.13639973,0.20727153,0.5184003,0.069995165,1.1412504,0.35903206,0.8056113,0.039821886,0.4582947,1.7433454,0.011091061,0.14687644,0.45021313,0.46555743,0.049779158,0.45308396,1.0246828,0.0,0.22829679,0.33959112,0.44498712,0.07623807,0.304629,0.6555727,0.50232345,0.84106094,0.10817874,0.5749067,0.68785614,0.3127848,0.23159517,0.08892927,0.61271757,0.026004974,1.4430686,2.274717,0.43756273,0.76170534,0.14990611,0.17658597,0.25832555,0.25399175,0.8638916,0.94767046,0.7440519,1.237329,0.022855291,0.08989153,3.4198103,1.1026931,0.016876156,0.19510971,0.2391348,0.11885521,0.491123,0.4376978,0.70008504,1.9785635,0.3090167,0.34932166,0.15359166,1.2309539,0.4328976,0.0539303,0.01914267,0.0028835675,0.28145972,1.6358943,0.018406495,0.91840774,0.7871704,3.4346557,0.36905852,0.34835452,0.2329457,0.15662777,1.5418887,0.003621304,1.9031619,0.9593282,1.5234693,0.9922618,0.4274267,2.731705,0.021321522,2.2351973,0.11845509,0.75177157,0.028897556,0.62150073,0.18245862,0.066249736,0.4882688,1.206517,0.112564646,0.45001644,0.18168443,0.79925984,0.021785732,0.10491429,0.38280907,1.0643886,0.24364373,0.5255023,0.32582417,0.4782438,0.24313585,0.019172056,0.15400472,1.1604688,1.5848956,0.26164192,0.3209032,0.5894783,1.6671755,0.081375934,0.55373645,0.14901103,1.2599235,0.26655093,0.8033844,0.41127738,0.09900221,0.45274243,0.21849225,0.74060106,0.98605734,0.0,1.4376378,0.24176644,0.09979992,0.0053923177,0.23483457,0.22960389,1.1931539,0.041552942,1.1913934,0.0784872,0.6490695,0.7822991,0.57627434,2.349539,1.2900804,2.9092956,3.163098,0.33095524,0.48884228,0.24010608,1.5609376,1.8811826,0.13936202,1.0243754,0.0,0.57412434,0.21285473,0.3716545,0.9121117,1.4547338,0.5434684,0.7234668,0.14939724,0.62983304,0.3505828,0.06790066,1.8925767,1.1752706,0.34480622,0.32037407,2.012645,0.2180171,0.07372815,0.817548,0.34834436,1.005117,0.5924072,0.6908113,0.27353808,0.0,1.8730431,0.47853616,0.7092555,0.40274888,0.60419047,1.1137131,0.004620724,0.4143606,0.8285104,1.1309471,1.5941743,0.89731425,0.16145207,0.70145065,1.0447364,0.12362312,0.9366221,0.3719822,0.7066051,0.05226072,0.26570117,0.0,1.5666,0.012900994,0.31215367,0.8208148,0.0,0.24503715,1.0308466,0.15976407,0.40094632,3.6787724,0.4721222,0.0033517461,1.0036693,0.13104846,0.42580992,0.21865985,0.9041375,0.18551534,0.46669096,1.7828506,0.08541375,0.25197664,0.6762035,0.32852796,0.025289718,1.413523,0.24933921,0.55693233,0.42642733,0.890291,0.33770347,0.2037053,1.0803728,1.4807755,0.6446816,2.1295013,0.4999949,0.12700158,0.53905535,1.1636307,0.0835285,1.0902258,0.30239558,0.4348109,1.3246431,0.8445393,0.70140225,0.76601464,0.48900557,0.030932892,0.19419561,0.4507794,0.31148002,1.0512344,0.020437066,0.20126645,0.71466714,1.9446456,0.25653157,0.8955659,0.21559705,0.53502333,0.22020228,0.73993105,3.6426315,0.9635025,0.22929884,0.7970086,0.6709712,0.16812308,0.007994161,0.30535093,7.7552786,2.9650025,0.055456217,0.6442093,7.870838e-05,0.4141693,1.9594758,0.0,1.1439737,0.052949093,0.15381789,0.02179959,0.1187451,0.24911673,1.1903965,0.010373505,0.26822752,0.1993595,4.752799,0.3904852,0.001533355,0.21966556,0.11358138,0.59423923,0.4277617,0.17285499,0.3393323,0.16221224,1.153931,0.62663215,2.8645523,0.0022248041,0.0757635,0.42296314,0.22498725,0.00976292,0.3735957,0.5730713,0.078344636,1.6804215,0.9972214,0.103732996,0.6319375,0.17843203,0.51811546,0.7722667,0.27333215,1.3626821,0.16568193,0.51700306,1.1011056,0.0767181,0.08788053,1.2110113,0.2239411,0.78094715,0.20149723,0.8160128,0.5212533,1.068089,0.3453157,0.27362698,1.1124241,0.598744,0.053045884,2.2618961,0.117265075,0.48776308,0.06853366,0.3916322,1.1628551,1.2770436,4.205029,0.8395982,2.6927207,0.017910141,0.9498727,3.364239,1.3639007,2.0671225,0.09718348,0.17051017,0.0,0.49915192,0.544393,0.5597203,0.0011167761,0.6674493,3.031992,0.19268456,0.15969622,0.7353364,0.050140113,0.11833212,0.33256942,0.34260434,0.44099152,0.00158545,0.7178695,0.0097345365,0.77006096,0.036899906,0.10389167,0.7852376,1.1639391,0.29942358,0.47070554,0.9473081,0.16886355,0.5345479,0.899955,0.74853706,0.54088706,0.79224247,0.4113433,1.002305,1.0567975,0.63751405,0.86915284,0.22655106,0.6777947,0.9504983,0.50794256,3.4595432,0.7704486,0.6275535,0.16411014,0.73171085,0.13096507,0.13291842,0.016446974,0.64547706,0.6857473,0.14446016,1.3271033,0.93866765,0.35835952,0.33221373,1.6579515,0.89386296,1.6031064,1.2424672,1.6609795,0.086028,2.9796665,1.0626681,0.035036918,2.0210128,0.4066546,0.78510344,0.36290327,0.102142684,1.3475531,1.3879843,0.29508576,0.10240038,0.67217624,1.7502793,1.0230037,0.040978547,0.019740218,0.32346094,1.4866253,0.122395925,0.10852414,1.1682724,0.5986458,0.3294937,1.2417257,3.0322828,0.6286204,0.18577613,0.1936502,0.87221634,1.2013847,1.5277854,1.2709424,0.023124823,0.33743036,1.3645471,0.43341503,0.009429861,0.2808802,0.054772727,0.0417624,0.011162507,0.11995527,0.23738246,0.17213541,5.2357097,1.610265,0.5431592,1.0404067,0.62279487,0.010448143,0.4535537,0.506649,0.030194992,0.8262886,0.93751097,all_pothole_images\pothole_images_enhanced_401be5c69a1817fbab4a81be066fa092.jpg
0.94486,2.7756655,1.2179626,1.2489357,1.5123801,0.9682814,1.0217303,3.0959759,0.45693415,1.2599949,0.56656426,0.04898264,0.16528893,1.7234724,0.83121574,0.27102724,0.27284652,0.086630605,1.6568242,0.24510431,0.82287866,2.4845796,0.7087759,0.7017296,1.6615627,0.81230736,0.37092113,4.196062,0.39210472,1.0194885,0.80811673,0.35791746,1.3806366,0.23339514,0.41667676,0.385119,0.4045541,0.29636168,0.6160449,5.304797,0.23206495,0.1253545,0.5868838,0.44297233,0.1443007,0.564577,0.0056149946,0.20795226,0.78926456,1.3290713,0.4298461,0.07833784,0.5893786,0.6154471,0.37558904,1.0420533,1.8477895,0.46054593,0.30416775,0.7340187,1.1912476,1.2219042,0.6779818,1.4740168,0.16833909,1.8450121,0.23823428,0.63950247,0.48818168,0.7114952,0.71514815,0.3698124,1.0738086,0.67889035,0.52586836,1.848984,0.35930455,1.3278099,0.135538,0.24951278,0.4753863,0.8856215,0.034277827,2.1588993,1.0003481,1.2778982,0.34427363,0.01486963,4.2256804,0.078426294,0.31851253,1.0910642,0.06429536,0.778064,0.3700454,0.09483345,0.246512,0.828223,0.64279467,1.4576685,0.051493995,2.2529173,0.19351412,0.43101585,0.13932917,0.16356826,0.32046932,0.32309362,0.025593746,1.7883455,1.2958069,2.3825793,0.48685056,0.05724024,1.5459356,1.5928652,1.3936297,0.39336503,1.4661295,0.6717087,1.921645,0.9966286,0.42865455,0.79186517,1.2615722,1.1746277,0.41824347,0.70153934,0.11554734,0.7876668,1.681195,0.6959152,0.17602189,1.7449002,0.3152628,0.36522776,0.13161723,0.8162362,0.72196054,0.23293874,0.5870202,0.07005152,0.5546689,1.37153,0.61825514,1.3563901,0.30792126,0.27514023,0.9005618,1.4005519,0.5669704,1.0177844,0.29336905,0.56214154,1.8017439,0.48828155,0.84489477,0.49842253,0.15770723,1.5755881,2.0924,0.2255656,0.8674612,2.2059307,1.3061477,0.32943687,0.84346503,0.1495555,2.9990244,1.1396943,1.627994,0.08284076,0.3526482,0.92664415,1.1998756,0.34991696,1.0829852,0.0029387914,0.14327459,0.09290193,0.10005724,2.2398512,1.2961329,1.0931976,0.69256616,0.708956,0.32753032,0.25267226,0.55191904,1.2191609,1.5430105,0.72411346,0.12978408,2.0241334,0.48717225,0.1396722,0.2386317,0.28365877,0.6250263,0.6036431,0.825751,0.4868958,1.6338633,0.80952454,0.29854283,0.4515117,0.6952639,0.9774447,0.75853616,0.28880468,0.75574726,0.47643656,1.7925974,3.054824,0.3805945,0.46901906,0.6186901,0.4252308,1.449058,0.78652394,0.9620743,0.23441334,0.40180874,1.6563692,0.21088876,1.7854614,0.9519881,2.2698362,0.29377213,0.36462137,1.2487057,2.367443,0.2638372,1.0987537,1.8824813,0.17671235,0.39724174,0.8445297,0.28521872,0.21047066,0.35545433,0.0066313795,0.9046383,0.8286733,0.4911595,0.021733088,0.69120723,0.6432862,0.7067296,3.302333,2.6976013,0.059366323,0.7134351,0.42324004,0.22230762,0.17346454,2.257866,0.18685621,2.0446658,2.762433,0.079106726,1.1477858,0.5299889,0.3575386,0.16931714,1.4583756,0.16365944,0.6430748,0.8983663,0.24950774,0.2967293,0.9150295,1.0281591,0.56307685,0.41078776,0.87974226,0.22785518,0.56255364,0.29186195,0.4653979,0.20411958,0.7258757,0.12212452,0.8920592,0.8858707,0.016892027,0.83155215,1.4079897,0.458612,0.2189929,0.97287345,2.252988,0.10960398,0.30101103,0.0,1.0190872,1.335433,0.89261246,0.4351775,0.61844045,0.09045695,0.3036153,0.083692394,0.4296954,0.97714424,0.35497195,0.012021364,0.13453628,0.6875166,0.40509874,0.8551022,1.091434,2.7914038,1.1731864,0.15481175,0.99877477,0.025835868,0.7788336,1.8746345,1.2449751,0.01301567,0.31831095,0.26421648,0.23675245,0.8971134,1.1367142,1.2244376,0.5815362,1.3710126,0.8661459,2.289723,0.6808165,0.6029506,0.5654415,0.6447292,0.8751296,1.7318482,1.2616838,0.34515616,0.65911716,0.29001635,0.80724955,2.6679344,0.23571889,0.7195564,0.002546754,0.074114114,0.36736694,0.15149993,1.4631587,0.33163658,0.40571663,0.83034295,0.91179514,0.23292746,0.45539024,1.2246222,0.8227315,1.3114085,0.8253361,0.43137375,0.047875784,0.65617824,0.55167025,0.06380682,0.2461087,1.7328105,0.7428063,0.01298756,0.6864251,2.7872326,1.31035,0.7178238,0.5858383,0.9529646,0.12657502,0.2338131,0.15453169,1.2999508,0.41447312,0.52770245,0.08732058,1.7336224,0.704715,2.9185746,2.6530213,2.0706613,0.35052383,0.38634375,2.9183748,1.5797645,0.44485417,0.0521253,0.6977259,0.1685085,0.0011556294,1.1575165,0.70366293,0.36187416,0.1985582,2.8693197,0.24171835,0.07987544,1.2998374,0.20397346,0.6002934,0.5730041,0.26246664,0.7716232,0.05731366,1.578243,1.2904108,1.6413065,0.36928332,0.1762417,0.9081497,1.2884717,0.6239051,0.9670836,0.38887483,1.5356199,0.05136161,0.77370435,0.55913043,1.5795331,0.94313174,0.62721586,0.41634604,2.3457818,0.5282805,0.40853974,0.7562145,0.26544645,1.0671256,0.7780829,4.20105,0.9861967,1.1335918,0.44599104,0.27285114,2.4456794,0.07988464,0.16604225,0.039599467,0.881468,0.37797448,2.8012605,2.856751,1.4475728,1.2259251,0.5369883,0.7755013,0.97244143,0.41350648,1.0392789,1.2351236,2.2997928,0.7702572,0.24899766,1.1160923,0.50587195,0.19540462,0.62447494,0.64235103,1.8234773,1.4180893,0.31003866,1.0216544,2.7787929,2.8914912,0.99288493,0.28887933,0.16290396,0.5531426,0.66729975,0.30466193,0.111518584,0.17914017,0.9694464,0.8088141,1.8379523,2.5130274,1.3930987,0.41476902,0.069006056,0.16806503,1.8150458,0.14026794,0.59997237,0.49540016,0.770411,3.121499,0.047350883,0.14262761,0.13262387,0.10640039,0.121053755,0.29307446,0.39334902,0.19387357,0.9339175,3.293568,1.0925248,1.4333136,1.6762147,0.10718279,0.14635041,0.73429954,0.44943547,0.98625654,1.289122,0.0068818647,all_pothole_images\pothole_images_enhanced_403140c5ec068ff2c54e075a2cd14e05.jpg
0.12538052,0.21636918,0.28664994,1.0768104,0.59953636,0.47065863,0.5770755,0.09737615,0.47283304,1.1495537,0.055632498,0.10083282,0.21868676,0.18284237,0.009432312,1.1582563,0.17506284,1.5332232,0.55109304,0.024128774,0.47658724,1.3552873,0.91582376,2.1696172,0.98433393,0.01291963,0.0,0.6528161,0.035557702,0.038383786,0.06742029,0.024516616,0.5136941,0.62340194,0.19797243,1.894838,0.17208341,0.5940694,0.19462658,0.3605231,0.21328793,0.0068732286,0.044102333,0.28835395,0.7953841,0.4512646,0.29964888,0.0011421434,0.8212237,1.0833788,0.7094079,0.20445801,0.1278709,0.59234834,0.68983495,0.72453135,0.66506076,0.07564055,1.063704,0.13169307,0.028350413,0.026162865,0.4731596,0.32561573,0.27230135,1.3762423,1.3284426,0.02024751,0.0,0.024625413,0.0011870697,0.23026074,0.27663496,0.019267594,0.43015265,0.0017441715,0.046762396,0.58895385,0.03840208,0.04813662,0.0017317575,0.02667534,1.9321305,1.2989256,1.2724736,0.45366204,0.28928533,0.053323675,0.293205,0.35547122,0.11127869,0.29779804,0.009246258,0.007136004,0.1315688,0.42157733,0.961889,1.9599861,0.032146588,0.023596639,0.30286545,2.865273,0.7371197,0.0,0.2997279,0.4545933,0.06295161,0.35009083,0.19915003,1.4045279,0.15786025,1.949228,0.09725216,0.7459523,0.57742923,0.38198215,1.3801632,0.021166168,4.6735654,1.1149075,1.3437831,0.9535756,0.033713788,2.4476244,0.44341433,1.496187,0.15153807,0.8544162,0.08152368,0.0030956257,0.40482274,0.14252299,0.37363276,0.3658409,0.05201405,0.14025941,0.0,0.053609375,0.3417134,0.14518014,0.33497125,0.0017334984,0.40839478,0.58382255,0.030994436,0.038140126,0.005186662,1.0102571,0.2670254,0.12991676,0.08306333,0.15918496,0.46113282,0.0,1.6332896,0.16214688,0.636877,0.53615886,0.46592754,0.04613654,2.0747757,1.531621,0.016565818,0.6998403,0.2902246,0.00084059226,0.52712905,0.104394324,0.47000954,2.3912597,0.30482265,0.0,0.02518213,0.003533015,0.5782804,0.18111344,0.061657913,0.009489874,0.2136026,0.22094919,0.0,1.6400514,1.2589706,1.8598049,1.2076477,0.6109754,0.5287954,0.3246174,1.2550213,0.49149653,0.32796884,0.0053883404,0.09580068,0.8554555,1.0013927,0.16639814,1.3515636,0.6335486,0.4707908,0.13438591,0.06955243,0.32780525,0.48962316,0.83462065,3.4577,0.29912323,0.7761079,0.21100892,2.514135,1.1625477,0.0,0.06694105,0.46410885,0.54124445,0.46428508,0.43100503,0.9500568,0.2005351,0.7310511,0.12443908,0.06360363,1.6967928,0.5506786,0.10192704,0.0,0.013258213,0.4150913,0.50322634,1.9888338,0.23355974,0.028807499,0.04877701,0.80824286,0.09182305,0.34897962,0.0,0.3629688,0.05674062,0.18111706,0.022083374,0.40413925,0.27124265,0.041088212,0.28640804,0.25821695,0.26277488,0.79202455,0.081153676,0.11583052,4.2227974,1.4289566,0.15641984,0.042259123,0.051677834,0.034210302,0.67405474,0.70143795,0.1885327,0.75767493,1.1427455,0.019514523,0.13454005,0.644338,1.76567,0.24343878,0.27971604,0.1825867,0.13106798,0.87769675,0.56139076,0.1780339,0.0055981553,0.15748656,0.95379716,0.46269208,0.59407127,0.18740615,0.07169466,0.31886023,0.65306354,0.6812881,0.25946325,0.20152946,0.0,0.4456686,0.01979064,0.4676737,0.27231163,0.07077581,0.060136847,0.3992708,0.40155366,0.10129806,1.7282459,0.049360566,0.44585714,0.41853604,2.6131194,0.4125464,1.2378709,0.27243212,0.08753956,0.13740374,0.033275302,4.1887455,0.38015676,0.13350977,0.39451337,0.16571383,0.20144153,0.23098852,0.6901905,3.6903455,2.413643,0.29790473,0.037436318,0.051384844,0.21996419,2.7817895,0.06146498,0.56628877,0.28820866,0.5134567,0.1554429,0.7698993,0.59605545,0.09890996,0.06924683,0.28945738,0.0,1.5464382,0.53891104,0.092675984,0.0,0.005763821,0.708646,0.8796219,0.006149113,0.09403285,0.22141694,0.2699532,0.33544824,2.249348,0.06809374,0.44783875,0.13484459,0.14368562,0.0,0.078559935,0.5188054,0.13932355,0.8109729,0.016631905,0.30656293,0.18240474,0.5977752,0.43154812,1.3054374,1.4678841,0.82368696,0.2852611,0.1914267,0.31068686,0.0,0.114690185,0.71020055,0.6122375,0.16531742,0.5932106,0.14046426,0.05973581,0.21056356,0.9341152,0.25868332,0.4931726,0.2429437,0.18185078,0.295984,0.14233373,0.17312314,0.067774,0.07939513,0.5982639,0.9303173,2.3546302,0.2738719,1.0863644,0.057823777,0.59670866,0.36831918,0.49598366,0.4060034,0.060261775,0.95936614,0.055997048,0.0585083,0.6912679,0.25856847,0.4618376,0.41781312,2.0008287,1.4302409,0.16259669,0.037890546,0.5240201,0.003532228,0.2799137,0.6664719,0.10033908,0.12239682,0.18040177,0.30173096,0.255144,0.21398807,0.046759687,0.06931259,0.17149337,0.05559656,0.19292212,0.40713054,0.5619199,0.30551878,0.7103701,1.4098767,1.0518985,0.3793198,0.26013672,0.7224572,0.028781652,0.41627645,0.71838635,0.5075937,0.3170267,0.39921764,1.0732528,2.4527998,1.0527357,0.24453011,0.13774107,0.36923805,0.30339223,0.21391821,0.33197442,0.3741347,1.0343609,0.29158556,1.0833561,0.047020894,0.0,0.8350444,0.71046424,0.62503344,0.44495773,0.52201873,0.6659427,0.96528125,0.35329977,0.21255401,0.1231169,1.2141873,0.77233887,0.34533584,0.94578534,0.054676663,0.27951235,1.074133,0.1428984,0.084566414,0.30362567,0.19379432,0.18520413,1.1547441,0.039382156,0.73931485,0.3491299,0.0025041604,0.008882875,0.88129437,0.009433356,0.098589405,0.37704352,2.327576,0.45227486,0.20332037,0.015982233,0.51124305,1.0023811,0.020159766,0.48999062,0.0,0.1913271,1.8454368,0.0044126413,0.038838543,0.095783375,0.11099415,0.18178578,0.2492253,0.15847251,0.053660523,0.6867656,3.5660322,0.69250065,0.06556223,0.034563955,1.1535304,0.004545311,0.022088908,1.1537663,0.2974001,0.19844608,0.09674927,all_pothole_images\pothole_images_enhanced_4046eb4cf08e1742156178f32080fa11.jpg
1.1363994,1.3282458,0.41811097,1.85936,0.32090962,0.7614514,1.1735898,0.43118897,1.5195826,0.8499423,0.10062651,2.3177288,0.22547884,2.2985716,1.4860336,1.0075834,0.77484715,0.13428897,1.0643342,1.3805951,2.3557546,1.5643417,0.52299803,0.117799096,2.2832305,1.344886,0.8697976,3.2830474,0.15003845,0.49727854,0.17548499,0.39241284,2.0769506,1.1995096,0.46654642,0.7044503,0.0063159354,1.3447382,0.4422156,0.6490232,0.6098231,1.2879388,0.0150597915,0.63621545,0.42307085,2.5873077,0.046050772,0.2905338,1.7446401,1.3321186,0.7125132,0.3398456,0.6017503,1.2035431,0.517758,1.6057699,0.40216827,0.21314692,1.2860087,0.047223672,0.19825828,0.60277146,0.5464289,0.3913568,0.05902333,2.357562,1.538266,0.7846826,0.31974396,0.3911638,0.33577183,0.8564267,0.45341063,0.12512496,0.3539191,0.055370048,1.1967669,1.8791239,0.09564394,0.17113014,0.6094727,0.13227506,0.50233865,0.219881,1.1366304,0.9549998,0.25264442,1.1281193,2.2089374,0.4593911,1.2516973,0.2230346,0.6687203,0.43567902,1.5466852,0.07481352,1.6722882,1.4798777,0.40656397,2.5847957,0.0331221,2.34296,1.4766665,0.6066474,0.49634573,1.3913814,0.836064,1.3226293,0.06317081,0.43209943,0.73027927,3.639925,1.4694742,0.027684152,0.5585341,0.048349537,1.2459352,0.09531715,0.97433615,0.8030159,2.7602377,0.0033953397,0.13934259,1.8116785,1.6721889,0.9096841,6.553901,0.4610218,0.5993749,0.68576694,0.41072223,0.12632824,0.003100543,0.7452237,0.7842278,2.268743,0.80532825,0.094303206,1.5398718,0.2260345,1.5423605,0.42166442,0.0,0.004568957,1.809192,1.2018545,0.7324852,1.0921113,1.310938,0.3150838,1.1667788,1.3447719,0.041484866,0.030898066,0.83065045,0.8123958,2.2064345,0.030776342,1.2121966,0.8314787,0.92466265,1.2781647,0.03559498,0.7624591,0.15708369,1.4173948,0.5532902,0.15098007,0.7348511,0.8654903,0.688172,0.3901525,0.38394678,0.082935534,0.15403809,0.58440673,0.32487315,0.031015484,1.0738425,0.9835902,0.15364215,1.6484993,0.96194863,0.8118076,0.8448142,0.57925403,0.70005953,3.418402,1.2911822,0.7935911,0.7158175,0.48931295,0.0021130505,1.1867938,0.15967603,0.30942595,1.2986612,0.5690619,0.777946,0.6575184,0.5570809,1.6767249,0.3940856,1.0550275,1.1220819,0.91140836,0.9817238,0.29686773,0.53993154,1.075369,0.21960892,0.009397797,1.9462115,0.61211926,1.3516566,1.9724829,1.0513133,0.031466126,0.6706769,0.6522867,1.5841821,0.7509535,1.6173407,0.70024955,0.10963504,0.26493388,3.4155734,0.09434546,0.19805355,1.6267936,0.042030286,0.6895328,0.46617138,0.736532,0.4353387,0.32066935,1.2430923,0.1483028,0.35235423,0.053414583,0.7825972,0.67232716,0.0072604823,0.29700723,0.035332773,0.03215796,1.0416534,0.24656634,1.8124008,2.0949879,4.029866,1.0011637,1.8731122,0.71542233,0.90367776,1.1165776,0.24643713,1.6370001,0.085649244,2.925824,0.6559093,0.31975642,0.35324037,1.0828418,0.84581196,2.050012,0.16868892,1.3164556,6.2746925,0.40206012,0.5380746,0.3133252,0.007112998,0.9505355,0.37276387,0.5278829,0.13131766,1.314744,0.26739493,0.32211217,0.084333606,0.528557,0.25120282,0.26636663,0.64566344,0.27565593,2.3492837,0.1371011,1.2147866,0.16643177,0.9742419,0.80715,0.61852354,0.99414253,0.3406334,1.222325,0.15429668,1.2617874,0.6248278,1.4453925,0.24818404,0.8072752,0.71592724,0.6508636,2.191729,0.74992967,0.09717722,0.3906342,1.3053105,0.92855924,0.20041999,1.5918083,2.102131,2.155942,0.22100785,1.7275497,1.0222747,0.49698642,2.528413,0.29717207,0.19654359,0.047266524,0.39393923,0.89172643,2.3014708,0.42603645,0.10303774,0.0,1.909142,0.24427666,1.8907766,0.74405044,0.19855642,0.19417046,0.19182925,0.5472576,3.1081433,2.2217913,0.03990671,2.37585,1.2155682,0.68096423,2.917612,1.3665013,2.3154063,0.7518519,0.9350311,0.39391732,0.23202044,1.1629331,1.7658539,0.95555633,1.1493601,1.5682415,1.8970848,0.18743853,0.5174472,0.5224627,0.3769869,0.86247283,0.9558775,0.1415834,0.21611552,0.9344112,0.0076769264,0.8283852,0.5681752,0.99276435,0.14327697,1.1589153,1.0293652,1.0136416,1.5377563,0.6695814,1.2244335,0.7627648,0.5978622,0.2555571,0.49237755,0.39685306,1.6428865,0.1988066,1.9162318,1.1491536,3.3589246,0.47566307,1.1219025,0.0,0.30797136,1.1132425,0.9111205,0.19872226,0.31736895,0.7911655,0.077057466,0.71700925,0.601353,0.5435393,1.2510871,0.35420093,0.8243252,1.1360887,0.30882442,2.47934,0.27898,1.147314,1.3170395,0.6569937,0.7077154,1.6265311,0.25085932,0.7480609,0.09492856,4.4389863,0.1475748,0.72852004,1.6194584,0.9269194,3.9384425,0.79274523,2.8816888,0.71328974,0.06658131,1.7239691,3.1683567,0.005579875,0.60093313,0.6687884,0.59000295,0.74640197,1.1051503,0.2650315,0.20547126,1.4861796,1.4753596,2.0098119,1.4653635,1.5319164,0.9045905,2.6393487,0.38357747,1.2159996,0.13781531,0.036136437,0.8598916,0.033880766,0.7888262,1.580388,0.10650366,1.6421331,0.44588488,1.5955968,1.5128031,0.1235255,1.2654604,1.5633962,0.583602,0.40581018,1.030201,1.5780721,0.9840032,0.5057629,0.7461881,2.0664885,0.46744412,1.4976726,0.6541402,0.21363844,0.9065698,1.1646228,0.76081145,1.5173886,0.32050127,0.10079839,1.4854225,0.86642075,0.8420899,1.6088339,1.7127596,0.6106334,1.909984,1.7952576,0.30116084,1.2293433,0.71878064,0.0,1.8586111,0.27730197,1.089598,0.06824451,0.0901563,2.2953944,0.42064145,0.9793031,0.51168007,0.007403041,0.35242054,0.33640763,0.37658247,0.7947174,0.64557916,3.0815291,1.7357012,1.87099,1.9055471,1.7839854,0.6458777,0.190752,0.06180254,0.44057277,0.27457008,1.1682276,all_pothole_images\pothole_images_enhanced_405c364baee6804dfb2e7e9021bb15d1.jpg
1.5968754,1.7429056,0.4242349,1.926811,0.9127203,0.4756972,1.3822821,0.43565106,1.2578005,1.3026121,0.10718149,2.582751,0.0818855,2.0834427,0.8903578,0.8777772,0.30324948,0.102249786,0.63223356,1.1597145,2.3153105,1.6415352,0.46612003,0.29786316,2.9382832,1.4110081,0.5465519,4.1849027,0.05855885,0.48806474,0.27186587,0.2030032,2.025986,1.1847094,0.2891273,0.5003116,0.013556641,1.2538106,0.13699739,0.6304697,0.71058184,1.2271903,0.0759404,0.56730324,0.45084208,2.557834,0.110047534,0.24268605,1.2083812,0.96904606,0.41865683,0.58315647,0.32115194,0.8541649,0.6522243,1.2138633,0.54672635,0.16406456,0.4070355,0.061246745,0.25835544,0.35466322,0.5257238,0.6545532,0.31691536,2.1065688,1.0429361,0.22107416,0.17821455,0.67805797,0.55104125,1.3823076,0.3905256,0.07031483,0.43067056,0.30439264,1.3278815,1.3802688,0.0025826658,0.20537944,0.6739226,0.11672634,0.17311886,0.690447,0.44070554,1.2336774,0.3083971,0.7366285,2.4824748,0.5248464,0.9977178,0.031697113,0.80653864,0.3816283,0.97462195,0.12942837,0.9008232,0.9843824,0.33112422,3.062684,0.028395932,2.086434,1.2558414,0.27773717,0.49655437,1.2439678,0.9126269,1.3550862,0.12934296,0.26294547,0.620274,3.469635,0.71444607,0.0043874662,0.694174,0.07699866,1.3649892,0.10772467,0.5035219,1.239795,3.028834,0.0024869754,0.3035855,2.0787694,1.4052439,0.6504436,4.8515286,0.41360512,0.486564,0.32207397,0.31440157,0.15454286,0.009144547,0.69980294,0.9186728,2.6259727,1.0110054,0.04030023,1.068768,0.041591275,0.8265295,0.3558054,0.050575055,0.09085121,3.0206783,1.2925361,0.46492004,1.0535755,1.3641332,0.20553999,1.2117761,1.6302747,0.043255854,0.1040735,0.43150407,0.5220972,1.4187486,0.0052579246,0.52482086,1.0058236,0.58675355,0.9144037,0.031920344,1.5114493,0.036378723,2.0115936,0.63240594,0.2526785,1.2466773,0.946477,0.5269358,0.16037089,0.2038174,0.15508777,0.06919195,0.6731298,0.50849223,0.030821688,0.5186765,0.70930713,0.19786017,1.1290514,0.9987751,1.1427462,1.2863532,0.15448877,0.27081823,3.2338662,0.9788787,0.7868878,0.46178022,0.20597026,0.0048481845,0.8773853,0.06853834,0.14918375,0.8560802,0.5019903,0.8963847,0.39721438,0.47139937,0.90740204,0.47238058,0.83682,1.0977389,0.5381608,0.39956057,0.40089187,0.73709714,1.4418188,0.39696747,0.0881767,2.0940485,0.64497846,0.6639214,1.822362,0.96296376,0.0,0.8914516,0.54660326,1.2451723,0.26819232,1.5123163,0.25217348,0.10440086,0.65398717,3.3176737,0.039578084,0.25208268,1.5854301,0.124471664,1.1576291,0.3939345,0.2484682,0.4676829,0.2250495,1.246487,0.076829374,0.138933,0.11806308,0.30411252,0.72839075,0.020866072,0.18850665,0.10812364,0.0017951766,0.73051655,0.20196657,1.2016972,1.4778589,2.9052024,0.596639,1.5536326,0.55041456,0.79203033,0.54379874,0.12691334,1.214537,0.12262879,2.5170252,0.58293307,0.75972605,0.31800422,0.5124318,0.17050676,1.3842217,0.40754294,1.1974276,5.7756896,0.6074848,0.46130776,0.33694983,0.0108592305,0.724273,0.35049552,0.83375305,0.09628344,1.3500662,0.108736105,0.68882954,0.11305078,0.5693943,0.2946716,0.2438513,0.93838656,0.10922306,2.007662,0.11970469,0.4718585,0.0786372,0.6544802,0.46940517,0.37486312,0.6186758,0.16750903,1.0212564,0.42094117,1.3182256,0.5974275,1.5067462,0.3945587,0.91416234,0.4836886,0.75132155,1.7588265,0.91330045,0.10007567,0.20152672,0.77934855,1.1103932,0.2805464,1.0757827,2.5817845,1.9690197,0.68554187,0.8316574,1.1675045,0.8605474,2.1126528,0.25820497,0.14779702,0.04016603,0.47496027,0.83112264,1.6460372,0.36615872,0.08227552,0.7155436,1.7003678,0.23868327,1.7031159,0.62163603,0.076333106,0.41887918,0.17080209,0.6922967,2.64339,2.064668,0.058234297,2.2403417,0.813042,0.616985,2.9921074,1.0842934,1.2094789,0.4005315,0.9398724,0.6119764,0.30563697,0.6661004,0.92210364,0.67235667,0.8578434,1.2726402,1.0417117,0.09233288,0.5270137,0.8892928,0.070244804,0.8485535,0.59272903,0.10123622,0.20413275,0.8277744,0.007068489,0.59407324,0.46724498,1.0006543,0.16487165,1.2432933,1.0011914,0.6305946,1.4193667,0.7829196,0.942448,0.4900747,0.5124411,0.29582727,0.57633895,0.54169744,1.2276617,0.30185774,1.8285484,0.6995467,2.916695,0.7772324,2.294268,0.0,0.26414976,1.0216664,0.23598386,0.33913788,0.38484535,0.775523,0.06549297,0.59299785,0.90939623,0.9174376,1.7628795,0.315184,0.96941185,1.0858438,0.2117739,1.3628926,0.29921257,1.8403056,0.29232645,0.507406,0.77687734,1.1647288,0.23689328,0.6085651,0.17472063,3.9584181,0.28625914,0.22638844,1.916071,0.51540613,3.7533116,0.42083526,2.4093525,0.9494695,0.32139733,0.9430956,3.4462385,0.0,0.46116453,0.6074695,0.31260827,0.4700797,0.6316861,0.1469436,0.64106876,1.3582928,1.6655914,1.5715923,1.5702448,1.0323709,0.53479433,1.9591861,1.0762184,1.0584575,0.0752689,0.0050427285,0.46822107,0.0586154,0.7464914,1.3674954,0.058524627,0.9425008,0.3934469,1.3544303,1.8024399,0.10815539,1.0440799,1.299337,0.72934294,0.56852674,0.7136645,0.71038187,0.29576537,0.42536056,0.5117697,2.2136517,0.14576414,1.6603904,0.5002284,0.18003795,0.9582264,0.71025395,0.846841,1.3224711,0.23873691,0.1548737,1.3245047,1.1137835,0.3261807,1.018514,1.4152228,0.14742252,1.8059326,1.9034498,0.22837953,1.1986369,0.693764,0.010662462,1.7354245,0.46234348,0.8451857,0.561483,0.06551932,2.1374838,0.5141713,0.4875536,0.9675161,0.261131,0.56392294,0.2792776,0.44698068,0.3728318,0.8518344,2.2547786,1.5312269,1.5754743,1.3719268,1.1269584,0.23057798,0.16989322,0.106254466,0.4971143,0.2528355,0.8080256,all_pothole_images\pothole_images_enhanced_4074cdecded1782e5be360b2867816a2.jpg
1.1584798,2.1048298,0.43684402,1.5833669,0.26753658,0.86992097,0.39516544,0.0,0.3534273,0.574969,0.5962641,0.4036497,0.40007493,1.9874135,0.26424426,0.19307654,0.5076983,0.15860407,0.4500228,0.53026164,0.38251042,1.4595455,0.3154761,1.5109087,0.8680494,0.42156592,0.9636556,1.8036588,0.19952379,0.94065386,1.2382276,0.16214243,0.78654253,0.37060788,1.5238186,0.16090204,0.43457723,1.0344836,0.00685468,0.7488295,0.0,0.14795756,0.1746999,1.8595989,0.66091853,0.10246458,0.026318932,0.18927209,0.16572018,0.98567075,0.2649286,0.35037652,1.0120045,0.15998347,0.26571742,1.829743,1.9642825,0.32678354,0.55439955,0.4188854,0.1237327,0.20140025,0.21692196,0.053580396,0.50154036,1.4270767,0.43987277,0.37800145,1.3249674,0.5971932,0.45247617,0.9892037,0.913605,0.38907078,0.26125798,1.2597611,0.164734,0.49984467,0.047056235,0.31250936,0.3841998,0.59756565,0.021372575,1.4751645,0.6256388,0.7350268,0.28594813,0.5105621,3.6484725,0.20575736,0.46592152,0.16782461,0.59215975,1.3141841,0.05856301,0.1732735,0.28652495,0.7665699,1.1493818,0.71746606,0.027327906,1.094661,0.24189314,0.8724538,0.5233918,0.514178,0.50457174,0.09512461,0.028097989,0.62868637,0.058718767,2.1077504,0.34483516,0.6210681,0.68792194,1.2270882,2.0290546,0.07170649,0.37590802,0.330211,1.6130744,0.60841703,0.6870225,0.9917079,0.7320847,0.6112651,0.20070441,0.69177496,0.32565537,0.31907037,1.2472656,0.29866055,0.39975664,0.16899881,0.096799344,0.55662006,0.3423429,0.57578367,0.9166887,0.2797318,0.12047412,1.3705735,0.18555869,0.7945871,0.08807196,0.75646234,0.3911933,0.011383144,0.8530782,0.81135666,0.26004997,0.643866,0.0033817012,0.28306705,0.91579807,0.5055519,0.62024355,0.22844937,0.79682857,1.0069362,1.796478,0.6096694,0.10226627,2.0142708,0.1727562,0.74596155,1.4217005,0.029429134,0.31817234,0.84863365,0.03898886,0.00068340235,0.33050373,1.1762085,0.9215536,0.16366749,0.7376046,0.10973486,0.056239583,0.5635127,0.27469093,2.3446434,1.4539917,1.230143,0.8092355,1.23865,0.048578344,0.1237342,0.54848146,1.3320156,0.84259516,1.2845297,0.35676885,1.5077378,0.0035623407,0.09254323,0.35555896,0.6607262,0.24920098,0.84298486,0.044343464,0.6551507,0.011342676,0.513956,0.95626956,0.61445755,0.7412133,0.33624235,0.28063208,0.0021502215,0.17930934,0.35993513,1.0319809,0.28256118,1.2499056,1.3045514,0.42122653,0.48651344,0.3522118,0.12331983,0.6245299,0.14310852,0.9071864,0.7968216,0.8077213,0.76730275,0.57631195,0.73114747,1.7423565,0.04738649,0.25259182,0.299009,0.5993574,0.6525417,1.4729279,0.5445626,1.5955166,0.1254108,0.017954163,0.0,0.041301083,0.4718322,0.19164558,0.10081182,0.37567165,0.13099493,0.7990123,0.26240382,0.32357422,3.4751663,0.5167867,0.27081126,0.6246361,0.4497921,0.22812597,0.0,0.82078576,1.0674176,0.39055243,1.0936452,0.3264814,0.18938343,0.8693684,0.041915514,0.4658965,0.38902885,1.2585367,0.5684382,0.65877455,0.576043,0.5784077,0.0014952468,0.0071575446,0.14306192,0.5875379,0.6843563,0.6293509,0.11201138,0.6871191,1.1526753,0.8075603,0.1744919,0.9724697,0.23151882,1.3997058,0.39557216,0.47411454,1.209173,0.6136927,0.6430993,0.4201883,0.17901523,0.47539163,0.55454916,0.3917135,0.20637259,1.3324538,0.36947677,0.4866089,1.9016973,0.3068604,1.097316,0.083353624,0.9689853,3.9707174,0.39471042,0.009751928,0.99967307,0.5205391,0.0045274324,1.1294075,0.09597601,2.524779,1.2294543,0.2245593,0.4131357,0.41402185,0.6471386,2.4739654,0.5397946,0.16806641,0.23305766,0.021039639,0.3534561,0.63753694,0.5867337,0.356398,0.5776184,0.8574426,0.49833858,2.6489577,0.36216837,0.35284603,0.38795203,0.760089,0.4104035,1.1241175,0.81577796,0.29839522,0.5185366,1.1016212,0.5345802,0.9435375,0.47108096,0.1864508,0.67457765,0.026865168,0.52366614,0.015146991,0.38295242,0.0,0.8013491,0.723932,0.5526425,0.13419715,0.3065208,0.4618791,0.9089987,0.15277487,1.0965354,0.11821188,0.13042258,0.13742258,0.38895875,0.0,0.38220328,0.48965096,0.09362489,0.15853803,0.2795958,1.4725181,0.7251518,0.39001635,0.05599246,0.7568889,0.6475257,0.005582154,0.45016572,0.62476015,0.24400574,0.57680446,0.41826263,0.1502062,1.6562685,2.2280333,1.7896585,1.0006094,0.63269347,0.2265637,2.5311518,1.7446966,1.1828977,0.10378959,0.048528865,0.029333785,0.22106794,1.4803843,0.13975215,0.39971536,0.056618247,2.5291588,0.7396595,0.6652922,0.8637083,0.235055,0.35720676,0.20658025,0.74012524,0.0059305434,0.45849422,0.16381551,0.5442505,0.409252,0.38471767,0.008881124,0.51076365,0.8839154,0.27910087,0.9319013,0.049654793,1.3691512,0.5024143,1.5677154,1.6773664,1.1086601,0.430195,1.0433253,0.83105886,0.42841682,0.63013726,0.019470336,0.549745,1.8558397,0.4125654,0.043301374,3.138314,0.39564165,0.5872203,0.2857405,0.18349914,1.1468028,0.05780317,0.29315826,0.51686144,0.14830069,0.07630569,1.0502537,0.9461072,0.42145655,0.36552313,1.9184692,0.3034658,1.0679227,0.58837587,0.14185543,0.48229077,0.389806,0.5498643,0.11140831,1.072277,1.7006223,0.09484106,0.2081979,0.2306209,1.219018,0.37177062,0.704276,0.11146041,0.2948752,2.1128097,0.88760024,0.7847384,0.123430505,0.27228597,0.6461011,0.2537922,0.25947988,1.0571184,0.74778736,0.20008415,0.73909307,1.8360019,0.72881585,0.69868654,0.013856085,0.61600286,0.40304914,0.5684925,0.46783322,0.028249506,0.83006793,0.5865739,0.3860356,0.089582756,0.14582145,0.20140901,0.90200305,0.018720238,0.20118077,0.2369296,0.36073193,3.7439363,0.5159529,0.8900849,0.2033605,0.49393627,0.34042802,0.44830835,0.554902,0.52689177,0.041172534,0.12924501,all_pothole_images\pothole_images_enhanced_409aa60afbd5f7cbf073faf8392a5bee.jpg
0.8856318,0.8310804,0.13000037,2.3317955,0.37908256,0.88702786,0.2061967,0.014865279,0.095248535,0.6842628,0.06118735,0.8829423,0.17130382,1.6106873,0.19908392,0.23016961,0.084961735,0.055419262,0.013568764,0.5453327,0.895486,1.1844418,0.14383134,0.42121372,1.51927,1.2476519,0.2763492,2.8412812,0.38175026,0.13867591,0.9921988,0.66977847,0.48378685,0.7971294,0.28799576,0.12790304,0.19185142,0.23793851,0.4586538,0.34325513,0.32719523,0.06417392,0.35402772,0.28846765,1.298798,0.85943055,0.11173106,0.16161034,0.60893404,0.05095481,0.25162396,0.0,0.29011402,0.035657458,0.005667031,1.2391422,1.4999732,0.72076124,0.36354104,0.032557324,0.11137182,0.05396413,0.6355503,0.34670842,0.48695683,1.4720423,0.39851028,0.105372906,0.96058834,0.058053005,0.8541518,0.19413975,0.23248781,0.18170702,0.590852,0.20792918,0.025982976,1.1043296,0.24895774,0.049770437,0.08030022,0.3453923,0.7340523,0.67925817,0.5746115,0.46484962,0.71432316,0.14372694,1.637724,0.15881306,0.3199541,0.039291896,0.03560496,0.6920502,0.0,0.0378529,0.45473078,0.26515463,0.6994903,1.2514507,0.109331556,2.1884065,0.3460008,0.30720556,0.17371422,0.0056646,0.9985059,0.4634692,0.039957426,0.4526722,0.0018752284,0.6727578,0.80424786,0.3392057,0.89011866,0.31243485,0.9321775,0.03498567,1.2413832,0.5967692,1.3252212,0.21930729,0.38062006,0.4968899,0.80616647,0.93974006,1.8519137,0.49946928,0.9571172,0.48453045,0.09974935,0.09779634,0.06873277,0.45213598,0.35561833,0.85429674,0.60480577,1.2425185,0.77448463,0.097426705,0.17353131,0.5290374,0.0,0.6800856,0.3999914,1.6466467,0.0,0.06013062,0.4138822,0.037320565,0.7304564,0.28699434,0.23553926,0.0,0.6361522,0.82525134,0.6966092,0.15047479,0.43301874,0.26793236,1.2925469,2.6108592,0.05138165,1.4178236,0.07925533,1.2900244,0.8039099,0.5443636,3.5743043,1.019976,0.0,0.0036905324,0.17206925,0.0,0.33680752,0.3170125,0.23242544,0.010746031,0.86194307,0.25618577,0.04580662,1.5937397,1.1405573,0.28359604,2.217991,0.0065813386,0.010409288,0.8966675,0.9164646,0.10019577,0.37128899,0.19019814,0.33046284,0.97545534,0.62426513,0.22214107,0.6365458,0.34966877,0.7075913,0.80968344,0.5372051,0.65260744,0.48590156,0.9022385,1.7465979,0.46385032,1.4336193,0.086028084,0.8786075,1.277449,0.0029434236,0.0,0.36970347,0.27364546,1.0578961,1.9627421,0.23763411,0.20384842,0.03109003,0.04739851,1.6724685,0.92751515,0.6052989,0.12876926,0.0,0.11457476,2.0508447,0.19848572,0.69173163,0.77255934,0.025015179,0.0063110422,0.32849035,0.17297858,0.13095433,0.020129032,2.8299677,0.0025731823,0.52069193,0.64220613,0.45334336,0.26878303,0.1937336,0.025170831,0.05497723,0.0,0.77020216,0.63535434,0.21428968,5.4123545,0.7243625,0.11185386,0.51929337,0.37601325,0.0056730984,0.390245,0.8302481,0.21252072,0.0494564,2.4746819,0.14672884,0.2933987,0.049950995,0.43813953,0.22231105,0.3644516,0.30338523,0.3202104,2.0789127,0.27482998,0.48875636,0.07482182,0.70383,0.45644036,0.75541294,0.1912905,0.8248952,1.4687662,0.1803065,0.90546936,0.87972414,0.0058905627,0.5796573,0.6536222,0.482796,0.41746116,0.9100686,0.41137007,1.2028077,0.092283696,0.006944686,0.19816363,0.0035292227,0.6202401,0.2314379,0.5132148,0.06536435,1.7530246,0.06278875,1.611734,0.57281923,0.1265474,0.08055339,0.17754948,5.5361333,0.31349477,0.02323022,0.17131758,0.030791,0.618668,0.03143463,0.64568967,1.8029455,0.6114597,0.1263908,0.3275608,0.0979801,1.105049,2.517938,0.39357075,0.19462611,0.0,0.04560102,0.59682906,0.14270811,0.25476673,0.69718844,0.1028872,0.34003434,0.08497056,3.091369,0.020557372,0.21113454,0.001010334,0.12693633,0.05256,2.0432923,0.33282718,0.3293621,1.178663,0.40024152,1.3167003,2.7682953,0.69999987,0.7217623,0.022527516,0.6598264,0.71806985,0.52072287,0.08836908,0.7721693,1.0142939,0.15979312,0.82152694,0.10072932,0.0,0.032235455,1.3481953,0.25214106,0.14007348,0.096206315,0.010142561,0.21318132,0.016894376,0.004305365,0.051899362,0.9286702,0.399808,0.008305411,0.43437544,0.122489676,0.35643503,0.08745236,0.025703693,0.16596603,0.4640178,0.025889535,0.009222625,1.0090599,0.054777678,0.4316569,0.13963369,0.21231985,0.31084007,2.4147022,1.8886479,0.9231209,0.00819441,0.038718835,1.3762558,0.29502487,0.39341894,0.020392196,0.24234606,0.17621669,0.5545947,0.41490686,0.44524398,0.5391436,0.6940952,1.3280449,1.32685,0.52052623,0.7006729,0.41240746,0.739494,0.17450644,1.1087018,0.37489364,0.7875371,0.81229967,0.14194044,0.24941206,0.9085485,0.0,0.1296515,0.16022137,0.24239181,1.0713847,0.26860607,2.1606255,0.070740774,0.7292329,1.0359294,1.6292914,0.06259052,0.67020804,1.153234,0.37559715,0.35055098,1.1928751,0.21898906,0.16544135,0.13246612,0.53017986,1.0094911,0.23165882,1.1199471,0.16691507,1.4311692,0.5644512,0.28693217,0.07743766,0.09682027,0.030480966,0.026534406,0.57273066,0.9443037,0.14013442,0.67386323,0.8114208,0.8594378,0.83176935,0.37937254,0.979478,0.2719706,0.24653572,0.16196747,0.7539368,0.27538335,1.615387,0.38615978,0.60876334,1.1389364,1.2027887,0.015165096,0.4310055,0.0,0.7911598,0.8131532,0.30091673,0.2884602,0.29334855,0.31559148,0.55327106,0.0,0.3360138,1.4355714,0.5641401,0.054999836,0.08656894,1.8195691,0.923924,0.2996811,0.081821404,0.016105568,0.21951334,0.24187274,1.3091666,0.124631286,0.20375283,0.3805354,0.0020071536,0.043885425,0.048344903,0.04802559,0.062085487,0.011733516,0.017631289,0.57361674,0.44692346,3.0023777,0.55633706,0.20634994,0.2469766,1.4475688,1.1695012,0.14977011,0.075620726,1.3063768,0.5168864,0.58443946,all_pothole_images\pothole_images_enhanced_409bc2641792beb698a2bd826b7ba7c3.jpg
0.82812434,1.8582726,0.6832822,0.062132988,2.44243,0.80007637,0.7886053,0.73891807,0.07786625,1.1578188,0.8521319,0.3224817,0.008702327,2.0601857,0.15509163,0.85115445,1.4171013,0.6018261,0.23959938,0.36968175,0.7142828,1.8810166,0.85981196,1.4761059,0.066185474,0.58455074,0.15551512,2.077069,0.8822828,0.05890093,0.19739386,0.018688079,1.5434351,0.014219368,0.02689978,0.8843533,0.13912801,0.48935997,0.13510622,0.807158,1.2416337,0.37565985,0.13305645,0.8831731,0.38221744,1.016378,0.23681237,0.0,0.29501608,0.15745845,0.63969475,0.2857402,0.9892841,0.28418,0.37640545,0.040958744,2.7687173,0.08061184,0.48946926,0.5687112,0.01367873,0.15048829,4.5514364,0.5908646,0.03780163,0.6553579,0.4755335,0.28277496,0.43680122,0.4574452,0.08228753,0.5201661,0.013641351,0.6553418,0.17446582,0.30501187,0.5377645,2.2683852,0.039899413,0.49869466,0.11103611,0.03872525,0.061088603,1.284265,0.40500864,0.60881436,0.27288038,0.008486652,1.4488014,0.40138564,0.069383115,0.42963257,0.5409791,0.44747546,0.096534565,0.24779373,0.27393955,1.024429,0.18380745,1.6909832,0.29758164,2.5089967,0.43550172,0.110178754,0.71882564,0.39924926,0.46419054,0.4703067,0.60827875,0.61048496,0.7194807,2.930281,0.11194299,0.2095997,0.021902086,1.7755668,1.1320821,0.7332252,0.29958847,1.2810956,0.71420616,1.1151204,2.1840243,1.9535874,0.18725763,0.37578192,0.23154032,1.2041155,1.2091954,1.3006749,0.18067071,0.68949455,0.80875766,1.165885,0.7460963,1.0662454,0.03290324,0.26039687,1.6507,0.64052665,1.0243032,0.010461622,0.20303287,1.2353541,1.744566,1.3663499,0.6132141,0.6035607,0.32326704,0.69132113,0.56049323,0.9778376,0.13473472,0.11940015,0.6876211,0.041933782,0.08686451,0.391758,0.1338636,0.2887067,1.0866407,0.34437072,0.08874527,3.7655683,0.61756927,0.23571207,0.86132777,2.002757,0.13251534,0.14795539,1.9534556,0.41605198,0.40946612,0.5838003,0.8598638,0.5250895,3.3855045,1.1895614,0.02236975,0.5396802,0.052064195,0.4839853,3.3551927,0.534915,1.8574978,0.061453834,1.0659068,0.34001726,0.20873488,0.18541539,1.4139183,0.0625118,0.0035041447,4.324955,1.562552,0.49535578,0.67310184,0.5175951,0.081070036,0.85580224,0.120124646,0.5762565,2.0285954,0.25819448,1.9895879,0.6363747,0.45659378,0.42119145,0.14169878,0.59054273,0.04158975,1.008056,2.9476964,1.398614,0.7375299,0.0899614,1.519293,0.045211393,1.7422984,0.30065224,0.49935064,0.95158935,0.40769023,0.17437074,0.0,0.21189743,3.6388044,0.35343957,0.36237913,0.45826498,0.25252238,0.91450626,0.07258468,1.0952942,0.7306096,0.4686002,0.5617653,0.76192206,0.1218321,0.3673608,1.1790128,1.1170624,0.5051374,0.5881,0.22485961,0.022537773,1.114176,0.9378584,0.25105527,0.98224103,2.5689769,0.13123901,0.6301095,0.82472694,0.5513647,0.22828218,1.1493658,0.28338933,1.9301118,0.89883786,0.89521646,1.1498774,0.76193094,0.67232203,0.07730859,0.47537875,0.25929546,0.9850624,0.85581243,1.984994,0.3972028,0.42509833,0.005487588,0.64227736,0.24381001,0.24564835,0.5693081,0.9056616,2.320093,0.052684914,0.3045835,0.7520584,0.12707134,1.1622688,0.36398545,0.20247272,0.020972293,1.6778276,1.0654155,0.21828105,1.000001,0.15783569,0.51653457,0.8441801,0.21176237,1.6407377,0.5391506,1.0015469,0.42281246,0.2569806,0.17882381,0.3381184,0.11071577,1.1380664,2.7836332,0.24394941,0.3015181,0.37012208,0.5829869,0.55364764,0.1765622,1.051949,2.0182672,0.8723591,0.015071241,0.012982327,0.75166893,1.7102866,1.0146677,1.3741634,0.5207145,0.14804077,0.14979118,0.81154156,0.804978,1.0683975,0.8005743,0.6586729,0.8880347,0.9051652,0.8868973,0.55503947,0.3304353,0.6988673,0.6077207,2.544388,0.45225626,0.4036504,0.6642474,0.19138213,0.091075614,0.61850524,0.053163107,0.4197961,0.23674297,0.23812614,0.22115993,0.16644049,1.9254036,0.57673275,0.08478953,0.11820693,0.5289984,0.8216497,0.02182518,0.24411991,1.2198452,0.052286886,0.19916841,0.0019603462,0.060167115,0.10335005,1.2375872,0.24518701,0.22315298,0.25009343,0.35725155,2.505829,0.08833794,1.245253,1.9740497,0.3764585,1.5810736,0.4569586,0.79965425,0.98291844,0.5095655,0.0254906,0.68712944,3.156833,0.1368183,0.96157366,0.29522756,0.93234056,2.795071,0.14349145,2.5528824,0.5116768,0.6416294,1.2232406,0.7761211,1.5571772,0.31085417,0.030152276,0.76562804,0.17341982,0.07024819,0.49623707,0.33787963,0.23351811,2.441006,1.159771,0.45327455,1.2798194,0.0,0.011416181,0.8950099,0.3290025,0.32983705,0.38075197,0.19295572,0.50629485,0.24092057,1.6092023,1.0154172,0.12331976,1.0265769,0.7521749,0.49744266,0.7820743,0.3143946,2.2347581,0.4935522,0.7968329,2.0214791,0.75031996,0.9608548,2.9805644,0.2587645,0.35256606,1.2012291,0.39004883,0.097083546,0.14213018,0.07065145,3.3509588,1.6617901,1.0229952,0.41871503,1.4959401,0.49615785,1.1827083,0.49242884,0.060644142,0.041346334,1.185104,1.6969309,0.08794128,1.2076831,0.9714552,0.69909835,0.09766324,0.03340532,0.009702893,0.46306843,0.7648611,1.340392,0.15086192,1.1336914,0.26454213,1.2413149,1.4282578,0.7486131,1.7711412,0.12980475,0.7215053,0.53582036,0.36291784,0.006115834,0.5850396,0.85962635,1.1214122,0.5578306,0.25273818,0.1084091,0.11371308,1.736635,0.333542,1.7100896,0.04317049,2.3259785,2.0768764,0.30877635,1.5743551,0.0,0.57323974,1.2339011,0.94920814,0.43029496,0.53511477,0.050826743,0.9276857,0.029654449,0.7301631,1.7225789,0.3853918,0.31071147,0.9307821,0.11502287,0.087065645,1.4911689,0.7421691,0.2062939,1.7777029,0.2974298,0.19387366,0.0064212186,1.2351043,0.23401079,1.0395008,0.7645287,0.0,all_pothole_images\pothole_images_enhanced_40decb0903d3c71bd72de84d91bf07f6.jpg
0.72484976,0.7402462,0.44578025,1.3859594,1.3887446,0.36835802,0.57256085,0.09983363,0.8500471,0.36900637,0.7701269,0.75813866,0.0,1.3276995,0.5612155,0.48547858,0.2351475,0.027775671,0.15181403,0.3202443,2.4100642,1.0436575,1.559895,0.95451874,1.9000839,0.014040487,0.17514637,2.169397,0.15038687,0.016886229,0.501182,0.51706755,0.008953193,1.221585,0.3980811,1.1580955,0.62109613,1.205945,0.49088338,0.69593817,0.038030233,0.2188424,0.33083865,0.8560182,0.3997625,1.3604412,0.23949489,0.43856615,0.4725057,0.0,1.046548,0.9321011,1.7870938,0.0146829905,0.4031501,0.8534732,0.35038686,0.4563329,0.24814811,0.33486462,0.53642344,0.2157619,0.72219604,0.20107028,1.188401,1.5276383,0.73991644,0.9992672,0.2501239,0.004924049,0.92525387,0.11787245,0.1426272,0.49326774,0.2040415,0.12775843,0.76448345,0.8103859,0.0,0.05770618,0.99876463,0.06341951,0.5003546,0.7119401,0.09537367,0.0346661,0.91018766,0.25069132,1.0738323,0.7613712,0.054949045,0.019399492,0.4040666,0.5678617,0.5038547,0.79416513,2.182856,0.73483276,0.3084708,1.0622609,0.9040378,2.133559,0.66164017,0.004484267,1.1092595,0.017631559,0.6470905,0.6755131,0.083217174,0.95460236,0.023358203,0.49815372,0.4602447,0.7189707,1.2096708,0.14835952,0.0016543103,0.26038864,0.49084362,0.9073952,2.5391815,0.052496377,0.40695173,1.5307608,1.5235852,1.1425145,1.6683539,0.042508293,0.14148808,0.3630327,1.00055,0.009606223,0.22743692,0.68232375,0.20219621,0.49229577,1.1840702,0.15400888,0.5106274,0.013523849,1.3530198,1.3731941,0.50461245,1.0919868,0.9812742,1.0226259,0.33821058,0.032586064,1.9162728,0.86552566,1.0116861,1.1182394,0.51325333,0.6658699,0.19043233,0.350988,1.5317227,0.7559011,0.87565714,2.957905,2.2630854,1.0054079,0.18412784,1.0388459,0.04944423,2.2992544,1.0671592,1.445924,1.4921252,1.5851872,0.0,0.056746442,0.11798701,1.6332333,0.006375049,0.28158608,0.23330015,0.5793206,0.9621704,0.3528434,0.0670071,2.5000947,0.5536527,1.34765,2.1250212,2.26531,0.37916186,0.19956832,1.2781463,0.81127375,0.33972827,0.79351604,0.81266105,0.58750826,1.2558222,0.8481184,1.4579794,0.22844382,1.4718945,0.93526447,0.98960024,1.3024538,0.0031575481,0.07967506,0.1819261,0.0035489858,0.879508,0.0063446513,1.8285042,0.20419152,0.0,0.10137275,0.0019344412,0.26752615,1.6527697,2.181716,0.50108385,0.0,0.3830526,0.013945049,2.502653,0.0,0.47514716,0.12739159,0.0,1.4786494,0.45375687,0.0,1.751486,0.8580114,0.08491061,0.0,0.49112308,0.4788653,0.32565105,0.027825296,1.5056839,0.07374064,0.14897273,0.38753042,0.47419128,0.49067092,0.08946991,0.17266536,0.4075234,0.5597144,0.14354645,0.25301713,0.14114012,4.0363073,0.64342237,0.43073806,0.046297077,0.19661802,1.4651672,0.107108444,0.19155657,0.3774372,0.22942676,2.1271076,0.3827449,1.5293523,0.052202053,0.011806937,0.20282829,0.77822626,0.99564576,0.2947066,1.3099914,0.9404951,0.7169307,0.12534258,1.1880229,0.8036925,0.4191117,1.0107225,0.07835533,1.1203845,0.9721416,0.38580275,0.5629418,0.5516886,1.5399721,0.31426078,0.47728658,0.008305627,1.0145477,0.5345571,0.21618302,0.013588918,0.23594622,0.13623914,0.18911928,0.12479593,0.20456053,1.0491217,0.23951869,0.08938297,0.51878774,3.9002268,2.279631,1.0385002,0.390068,0.2539172,2.5016506,0.03428805,0.80325496,0.16654283,0.9922043,1.1678579,0.21812807,1.0529675,1.5793082,3.7245452,1.1637249,0.311329,0.27744457,2.2247865,3.0753438,0.6447221,0.22146499,0.50508434,1.1328316,1.0931554,0.24255171,0.90557355,0.7787838,0.52416366,0.52044195,0.54606575,1.1557984,0.20548521,0.6285614,0.2719368,0.5699422,0.5270004,1.1181651,0.40352148,0.15443696,1.7721394,0.028811125,0.0,3.7252264,1.3724469,1.320218,1.0775397,0.90529495,1.1909212,1.6575407,0.12950253,0.62129,0.35613236,0.06501239,0.5353279,0.17424029,0.020339563,0.15565799,0.5610035,0.0006412012,1.9833285,2.1057966,0.08803043,1.46421,0.42464453,0.8838939,0.20722364,0.5918853,0.62976336,0.21764837,0.24665645,0.11553097,0.6263893,0.6783537,0.5148718,0.72799146,0.4425638,0.15686905,0.5024352,1.0554942,0.41561273,0.99943465,0.12422521,0.30301508,1.0516936,0.89914715,0.50899315,1.1846253,0.04736357,0.13014121,0.5604519,0.6095564,0.24378812,0.0541322,1.1761204,0.00039401627,0.90297014,0.44639462,0.3510105,0.5410217,2.11025,1.1041356,1.6206646,0.61312836,0.59480435,0.6392982,0.38011393,1.8690686,0.27782777,1.9324771,0.7304108,0.79634994,0.14555746,0.020485077,0.86293185,0.32617295,0.75892365,0.75493526,0.30217513,0.09705485,1.0181924,1.0362238,0.5161361,0.10454335,0.6358552,2.1647472,0.56621933,1.4611722,0.6463931,0.87059224,0.5058334,0.24926353,0.07258283,1.079476,0.7731576,1.9560158,0.6337613,0.7011063,0.50741446,0.9910963,0.3504392,1.5965948,0.36883304,0.047473762,0.58011985,0.020284712,0.52541375,0.77162385,0.052266866,0.09116804,0.8115454,0.97129554,0.7066366,1.9219866,0.0,0.34771502,0.25908354,0.26684472,0.00031936535,0.018842945,1.7683375,2.724997,0.014558755,1.1594479,0.50905657,0.43705827,0.99362004,0.3842903,0.060999226,0.61134565,0.6214223,0.48463377,0.34379658,0.0017504956,0.6918429,0.72162193,0.022843026,0.35696074,1.2821965,0.22255507,0.04746771,0.25326416,0.85355896,0.19728321,0.4917608,0.5061692,0.05718489,0.0,0.041673485,0.04622689,0.5273224,0.3713173,1.4629226,0.10122153,0.5089576,0.0,0.0,0.35833073,0.0059530837,0.03419041,0.62015814,0.85102445,0.95259637,1.9752102,0.60170066,0.8167653,1.580505,0.7422397,0.0031621887,0.5482918,0.022736242,0.20113571,0.13412507,all_pothole_images\pothole_images_enhanced_40e745d3215570b4778b10b1035c79b0.jpg
1.4346509,0.6989518,0.018267272,2.3468988,0.0544584,0.44809932,1.0765271,0.19747743,0.40191016,0.39044392,0.9891083,1.677242,0.37948093,1.6902595,0.0,0.14962123,0.07235464,0.92594963,0.48918664,0.10858222,0.44967693,0.50855505,0.7459414,1.2841207,1.874189,0.40049824,0.9625062,0.94918954,1.0098034,1.0691601,0.78903836,0.0,1.3903372,0.2732998,0.0927217,1.542246,0.011688178,0.6014429,0.23519538,0.39900988,0.10746467,0.32787046,0.091675855,0.30368027,0.66952467,0.016585417,0.19721596,0.8768309,0.902903,0.019186929,0.4895418,1.9533483,4.92369,0.20599906,0.47192663,0.70667857,1.1482773,2.185131,0.792749,0.46314535,0.39286986,0.84677696,0.7941565,1.2993968,0.013288753,1.6926582,0.55310005,1.4382324,1.2276875,0.7080419,1.0483247,0.08397227,0.8826567,0.33260694,0.908026,0.051900484,0.0,0.45568398,0.046550736,0.12429925,0.0965634,0.6195339,1.5411052,2.4923575,0.7404318,0.19998312,0.32766953,0.079506144,1.2995441,0.4906472,1.5555248,0.12903291,0.69867194,0.88491607,0.29425055,0.14518605,0.57620674,1.5024679,0.018817132,0.009365167,1.4202275,2.4488583,0.9679474,1.1145014,0.9604343,0.22689152,0.41797677,0.0,1.4677622,0.2639765,1.514976,0.3313716,1.3354504,0.33999088,0.9671925,0.9575691,0.029791525,0.9159554,0.25124827,1.0517226,1.3948178,1.2185633,1.2640175,1.8266436,1.8607488,1.8616086,0.0,0.020642377,1.7212495,0.17855646,0.55500436,0.0,0.028916892,0.41652477,0.34632137,0.1124852,0.60787606,0.7335507,0.15633945,0.83529586,1.035755,6.297044,0.08044804,1.2540859,0.26155254,1.2264167,0.3071043,0.5450776,0.5101309,1.6807559,0.30518112,1.5970815,1.2349763,1.1309799,1.7573065,0.023208626,0.0072012735,1.2981913,0.13387035,0.18146142,2.0307455,1.8237127,0.8552389,2.4100368,1.7498978,0.010042725,1.5055991,0.64312094,0.6595579,3.6178634,0.14105676,0.03250033,0.12123041,2.5328808,0.24989134,0.20057642,0.15447232,0.006125787,0.4358216,0.15775365,1.7068092,2.0784454,2.3057513,0.7998151,1.8068767,1.155498,1.1198071,0.010255985,0.7927333,0.5067609,0.8826467,1.5230628,0.11490477,0.7249209,0.078981966,0.22598675,0.08283209,0.51232636,0.099299274,0.9030615,0.08218131,1.5287569,0.0,0.8634899,0.7791355,1.4175153,0.8310204,0.58667636,1.5607963,0.31401837,0.0,0.15911643,0.73849344,0.39727783,2.3736923,1.1496536,0.8295397,1.067955,0.44413507,0.26195475,0.6035989,0.28270862,0.32885933,1.2122281,0.0,0.094746925,1.7621429,0.0010902417,1.3639064,0.05020288,0.105479054,0.9094501,0.45982233,1.0309036,0.5547452,0.21272449,1.616465,0.059550293,0.208168,0.4523795,0.59654224,0.07646719,1.3611163,0.19436577,0.015909266,0.697746,0.24560173,0.012062432,3.0960994,6.4132924,1.0972701,0.41622245,0.0,0.36884743,0.14261995,0.009690893,2.3782063,0.8869434,0.24094649,0.74624,0.2940185,0.98321766,0.36453837,0.034469754,0.16995433,0.70400757,5.1437497,0.7139554,1.1710378,0.119756125,1.2992927,0.075617105,1.6040599,1.5017416,2.1548147,0.794673,0.15087162,1.2883794,1.3546555,0.18691956,1.9079748,0.023366967,1.8325597,0.14081271,0.2842448,1.3912412,0.05322382,0.2062404,3.1083255,0.4149028,0.0,1.1292074,0.053871233,0.7653789,0.68562096,0.11628628,0.19715464,0.4549379,0.70432407,5.2298255,0.90058666,1.0048591,0.24087031,0.019998899,5.4352555,0.20814355,0.46065566,0.77284217,0.80218834,0.04872802,0.23365492,2.4731638,2.9598734,4.0561924,0.61215544,0.73332345,0.6095433,2.5506632,3.195085,1.1256133,0.14621802,0.6014243,1.3354293,0.8507475,0.61185074,1.4163254,2.2005665,0.7656317,0.5921432,0.094791494,4.1755314,0.11820152,1.1196529,0.7242921,0.2958369,0.017510962,0.5128779,1.3691056,1.1638025,0.4269436,0.39311823,0.7494312,0.94782436,1.5927055,0.5364499,0.096312314,1.2489827,0.9562488,0.030575454,0.37473717,0.45227197,2.0252748,0.88213474,0.9805409,0.3220614,0.07320793,0.66968316,1.510072,0.5021088,0.31257272,0.8924646,0.1397906,0.21681973,0.2833565,0.0023142225,0.23639351,1.9312688,0.3288301,0.66139686,2.2151792,0.3984399,0.25042868,0.90409267,0.8841576,0.23245099,0.18881577,0.37811038,0.21453618,1.8876644,1.4813025,0.6645215,0.38881698,0.39133337,0.041903388,2.0090404,0.6780932,1.448085,0.50878143,0.0,0.81890917,0.15303224,0.80039454,1.0667808,0.5475485,0.07295551,0.50180966,1.1623317,1.5909327,0.0017367211,0.6016363,0.46746397,1.0347562,2.246921,0.38511384,0.64807916,0.20879047,0.81011486,0.18758024,0.7876732,0.64749396,0.67985773,0.42278156,0.6154445,0.069255546,0.31008992,0.39240447,0.47549197,2.477388,0.6965749,0.27717495,0.19000447,0.9334803,2.42684,2.304181,0.76675886,2.9911642,2.5757527,0.03306116,1.5851396,1.0562078,0.7097269,0.17041887,0.9350613,0.37036186,0.19842952,0.83254755,0.484564,1.3839747,0.62272364,0.5181332,0.09107816,0.8125405,0.387534,0.09627021,0.027723419,0.06428477,0.2861665,0.6791731,0.13503698,2.3995197,2.930279,0.0,0.90703315,0.9123655,1.5278264,0.22455026,0.06607715,0.12461683,0.12196322,0.42595953,1.076688,0.44700006,0.13098139,0.060242087,0.30098486,0.18709357,0.002093581,0.0,0.05384012,2.284607,1.1530763,0.4299441,0.44320354,1.0198278,0.7234121,0.8607506,0.27215594,1.5652623,0.7124011,0.5867614,0.49527538,0.23029625,2.254068,1.258743,0.016034199,2.031644,0.4680203,0.0,1.1264259,0.34008715,0.9247798,1.2451268,0.35477236,0.32774797,0.0,0.11702067,1.4691035,0.0064302944,0.35790512,0.1314256,0.44068682,2.543296,0.5907496,0.33690432,1.3951988,0.7608697,2.1954567,1.1079174,0.024581498,0.5711619,0.6246577,0.7801718,all_pothole_images\pothole_images_enhanced_40f712173470203a7091786b913ea53c.jpg
0.64547014,1.6244031,0.014574132,2.3035455,0.48995018,0.17890406,0.6473276,0.019582164,0.024324013,1.4564099,0.066339746,1.2743282,0.83201075,1.9272529,0.59331506,0.135311,0.07752681,1.0563651,0.39800486,0.47880447,1.4197448,1.0786155,0.7134794,0.14373851,2.9499047,0.522592,0.7067984,3.722602,0.23376128,0.20205891,0.7910698,0.09968912,0.04698291,0.21430697,0.13874552,0.9164927,0.050565455,1.7253517,1.2164271,0.08424251,0.0,0.9520826,0.080296345,0.53203213,0.45871773,0.25073248,0.97376543,1.1685816,0.106212825,0.007029715,0.53117025,0.310888,0.7926225,0.07533763,0.04334612,2.0477421,1.1056819,0.32031018,0.050428875,0.17327099,1.008541,0.31872833,1.4418814,0.52948076,0.84553105,1.8868626,0.44633386,0.1514987,0.013699913,0.44823915,0.62721694,0.05894447,0.18378572,0.0958166,0.06285799,0.040208194,0.115227476,0.27886254,0.0023875386,0.19611333,0.60547227,0.09974592,0.7022234,1.1223083,0.23127182,0.0014333524,0.08131476,0.0,1.2933087,0.050410327,0.14537366,0.61596304,0.14478265,0.16755408,0.06388048,0.0229839,1.1608945,0.1710422,0.84653395,0.76672906,0.119397074,3.8026552,0.031664822,0.19243532,1.3660537,0.0,0.24056995,0.7582079,0.008481677,0.26181412,1.2274973,0.30602208,2.1199622,0.292128,0.953433,0.027991407,0.0008718995,0.07384541,0.15421282,0.9994426,2.5900743,0.0027866382,0.70806056,1.8057752,1.0064856,0.7324913,3.9810247,0.0,0.6547786,0.36540377,0.5152541,0.18708225,0.0004361486,0.14543772,0.9075834,0.67248535,2.63867,0.284065,2.4794495,0.36522254,2.453378,0.3632955,0.539717,1.2863969,0.008829648,1.5140159,0.33316422,0.83702177,0.16251107,0.07172802,1.0961548,1.6611857,0.097449265,0.06664238,0.10835406,0.60236216,0.8527354,0.20100132,1.0879023,0.15827627,1.7512375,1.3130463,0.37822622,0.94946647,1.2842407,1.3578925,2.0076196,0.4414135,0.6870206,1.9420863,0.40627658,0.2636997,0.13184384,1.0479757,0.0071292263,0.5424324,1.23706,0.36930516,0.14272563,0.13314961,0.100358106,0.8119186,1.2276775,0.13376485,2.41439,0.018275961,0.9186149,0.7140501,0.040686168,0.41959426,1.0911857,0.54477555,0.005607651,1.2707549,0.9178086,0.0029213424,0.9948459,0.3033493,0.29438326,1.3006362,0.35932213,1.0768101,0.65329283,0.36876577,0.15185858,0.03850699,0.8073176,0.35945764,0.82416064,1.0810775,0.0,0.2400515,0.82755697,0.09693273,1.2037823,1.5359776,0.2235065,0.51455,0.8770546,0.0,4.1416264,0.011202299,0.5016531,0.31090355,0.009510986,0.08211958,1.2517203,0.55393624,0.9927804,0.34982833,0.2667443,1.2055298,0.2520616,0.32165545,0.07540111,0.02258481,1.9154978,0.31360054,0.46008253,1.1231852,0.01122441,0.0,0.55303156,0.2759191,0.46957046,0.109296866,0.03577485,0.09407423,0.65060055,6.6395926,2.316111,0.73389614,0.0039348807,0.09418943,0.038895648,0.1384863,1.1669027,0.8931517,0.72880834,3.7430623,0.06887733,0.80674654,0.6389409,0.06281366,0.079182655,0.42728695,0.8489509,0.47173098,4.6785727,0.38065323,0.33269772,0.23242652,0.40061685,0.18948562,0.17695777,0.5208328,0.0064728665,1.2350184,0.27722904,0.59713596,0.75605595,0.08842608,0.24018323,1.5209799,0.9050724,0.1207228,0.84200543,0.5078784,3.4335787,0.112879306,0.0025688023,0.27209002,0.12536885,0.69154245,0.05700112,1.4189506,0.3674385,0.32849437,0.09687042,2.1334908,0.051361658,0.16057141,0.13025053,0.0046698777,5.0320106,0.071453884,0.57926184,0.025253331,0.28825223,0.21225454,0.31245428,1.150936,1.2542561,1.3443867,2.0253446,1.4522269,0.121414535,1.9110026,3.2981672,0.8333251,0.026420144,0.0,0.7939084,1.4156662,0.30542743,0.40226746,0.45883763,0.15586054,1.5085975,0.6139125,2.2013335,0.12921827,0.21340938,0.60555696,0.00034171387,0.0,3.6844525,0.55675405,1.0491958,0.7228051,0.34340826,0.2375329,1.5020424,0.950919,1.2194026,0.76651955,0.5732182,1.0045577,0.8283389,0.11203439,2.4416757,0.08064747,0.57354236,0.62793934,0.2682729,0.01802443,0.09905108,1.332393,0.0,0.024579603,0.7215061,0.56247634,0.7624421,1.1086493,0.000902675,0.0,1.1305623,0.090205505,0.17461202,0.74534357,0.52363914,0.11544683,0.84134907,0.031702787,0.071036704,0.23049305,0.05339809,0.010214782,1.4414401,0.23889513,0.9927941,0.014119491,0.115314014,1.5194662,3.084256,0.10903913,2.842423,0.0060455087,0.14852673,0.51745313,0.8247892,0.010945871,0.009259957,0.46029836,0.09537578,0.5001925,0.0046228664,0.519512,0.0,0.39015007,0.5034263,1.4929403,0.33240896,0.68933076,0.5699766,0.6280078,1.2491823,0.85942996,0.48800513,0.37741128,2.1233017,0.58988744,0.063404255,2.534635,1.1696497,0.9423724,0.25048473,1.0473043,1.2559912,0.11773702,3.9139004,0.04756356,0.3140315,1.383638,2.7078571,0.014545522,0.34104034,0.9883499,0.46861523,0.089890845,0.8210344,0.23522653,0.0033268316,0.29344684,0.39558184,0.9730164,0.08136455,0.3449436,0.015248713,0.60602784,0.14066187,1.6802684,0.019166917,0.07980989,0.16264792,0.0,0.8371133,2.6938105,0.28470662,1.480043,2.055263,0.268027,0.6474984,0.12502061,0.01650641,0.1967047,0.9319411,0.018399773,0.04781143,0.037134103,2.9423232,0.02612924,0.38465664,0.0373256,0.38973787,0.62286997,0.0,0.012352221,0.39459002,1.9623687,0.822022,0.45216107,0.047288265,0.33797637,0.10788082,0.08726548,0.81877524,0.86027515,0.7980175,0.23816925,0.11291788,0.6614464,1.2394028,0.67620856,0.0,0.20137127,0.21811754,0.002768542,0.37923166,0.15229501,0.0009070178,2.027585,0.0055386606,0.41918278,0.0,0.101673335,0.31344494,0.017235545,0.3319655,0.2644545,0.7793678,1.2408688,0.095550776,0.8359688,1.2027429,0.75542074,0.7278369,0.40899354,0.1219741,0.07798353,0.1203265,0.21655753,all_pothole_images\pothole_images_enhanced_412a6f1d05224a60c47965478d6bb318.jpg
0.34143937,0.63831633,0.13809237,2.6053445,0.33891237,0.122482315,0.3820484,2.0779047,0.2369112,2.0278168,0.44754285,0.545346,0.25705513,1.4882945,0.00088007405,0.86902785,0.10093856,0.8659845,0.8335984,0.2134528,1.6884872,0.4067308,0.059383,0.39925376,1.4624767,3.0205712,0.50270844,1.9485607,0.4027322,0.1048573,0.08815272,0.15892841,0.0083561335,2.1981022,0.50941896,2.0385766,0.22820534,0.54706484,0.14194581,1.3360288,0.0011820071,0.024462545,1.0448866,1.2740765,1.7029973,0.03895885,0.0103426855,0.0,2.9408898,0.40248373,0.60464156,0.7679545,0.44065017,0.15476984,0.30648145,2.0632083,1.1499203,1.3139772,0.6634688,1.7096757,1.512504,0.5630283,0.58272386,1.0028651,2.1954548,2.5525925,0.18657705,0.35825476,0.17744511,0.0071815043,1.1576777,0.32362452,0.9516391,0.081185356,0.74997395,0.50918794,0.028367734,1.612035,1.3073531,0.8314728,0.6096247,1.5173414,0.8541413,1.4264425,0.2855576,0.43902415,1.7925122,0.010766983,1.6542846,1.0366914,0.09793406,0.21865287,3.125828,2.0308084,0.3948249,0.36670053,0.53684574,0.495386,0.9413737,1.1476129,0.27543154,4.9608254,0.6044754,1.1576588,1.9296678,0.2540316,1.2187128,1.6444285,0.48672447,0.02513129,0.64957225,0.05537173,1.5777211,1.3403363,1.0359279,0.25984776,0.17560835,0.7024077,3.9828465,2.37936,1.2171177,0.046265315,0.1166236,1.0092442,2.1596766,0.11939119,1.5263118,1.4154688,1.7245383,0.94000006,0.33260667,0.0,0.46264374,0.4185482,1.7378962,0.059324294,0.8396192,1.8964641,0.9892391,0.24550667,0.1087975,0.39550847,1.4504715,1.6148367,0.1605955,1.392541,1.0746579,1.1126146,0.2471652,0.9024333,0.7212095,1.5306057,0.8024706,0.28230748,1.8500528,1.1741351,0.82822174,0.23298588,0.74903697,0.23008537,1.361705,2.1443543,0.53496045,1.6259309,0.42902958,0.39550394,1.5068979,0.27190608,2.0773714,2.7365267,0.51127344,0.16893348,1.775144,0.3273677,0.704418,0.18709055,0.7398962,0.2844248,0.1413763,0.37473592,2.6314118,2.457354,2.0191648,1.7510177,1.2680831,0.7933731,0.63464975,1.3508556,1.2420697,0.4370761,0.0069539645,2.871429,0.0,0.9017075,0.7499129,2.3541777,1.5446467,0.98377085,0.39696914,0.119174615,1.2252674,1.033868,0.28317577,0.07374159,0.11332859,0.03725903,0.6616809,0.12020094,1.5550269,0.4223778,0.33755803,0.068070725,0.73638844,1.1345285,2.431587,0.8962479,0.64421004,0.17523186,1.2325411,0.87181336,0.11451627,0.08763836,0.7922329,0.6824883,0.12612128,0.8600178,0.9032145,0.311754,0.4649379,0.70868695,1.9926016,0.1737409,0.41192198,0.96527725,0.03179495,0.6890394,1.4631685,0.92750055,0.044045053,0.51403034,0.07564929,0.5834045,0.76348597,0.27895507,0.6948906,0.18033482,0.54594356,0.82616675,0.8643466,4.997818,3.2163172,0.26849052,0.4391879,1.1188831,0.42513746,0.9654491,0.74682367,0.16640119,1.2664291,3.7140458,2.278275,0.38140965,0.5425214,0.0684116,2.0880518,0.14702515,1.4947131,0.000894439,1.1182792,0.14844544,0.6619832,0.06977497,2.8404317,0.30224434,0.52428824,0.35693443,0.16176586,0.84291184,0.121884264,1.6004496,1.5190008,1.2659185,0.61563027,0.45260534,2.6279275,0.6307895,0.8773973,2.7964594,2.5032425,2.0059707,0.0,0.48342997,0.22324981,1.1724603,2.0970285,1.1666518,0.033854496,1.0445117,0.2693934,3.0927522,1.6960808,1.1845436,0.991463,0.041731864,4.0586166,1.1584486,0.45680696,0.0,1.6772752,0.31071055,0.75547296,0.70533884,2.2686152,0.47578093,0.73900944,0.6754428,0.13260177,0.66098607,1.948347,0.5429013,0.40862498,0.27491447,1.1829388,0.89935166,1.0465589,0.24030636,0.0,1.2799296,0.7942623,1.4628394,1.2200235,1.0798181,0.10375911,0.6952685,1.7501818,0.27218628,1.9054781,2.4765913,0.898622,0.7586757,4.613604,0.93150926,1.834186,2.1173737,1.5495758,1.1971855,1.3017987,1.1289662,0.57403874,0.4573442,0.19231777,0.21182117,1.4962763,1.004967,0.671749,1.203947,0.1570539,2.381958,2.8231866,0.9952048,1.2184668,0.3634803,0.29837537,1.5141934,0.014997209,0.63030267,1.400109,0.67285365,0.7177852,1.4098369,1.0421025,0.0,0.3374728,0.19926842,0.114023626,0.15975122,0.27431008,0.0,0.89326084,1.403709,1.6061467,0.31721842,0.36932486,0.667269,0.98164433,2.632756,1.4151322,5.7318,0.30702868,1.0122741,0.64645165,0.33408666,0.6683103,0.2939973,0.27534923,0.50042516,1.0501362,0.631525,1.0508351,0.5276338,0.46317422,0.79660785,0.58083504,0.24833651,0.8321231,1.556105,0.28692245,0.7263372,1.2364672,0.0053988406,0.68744814,0.014196414,0.0,0.9780381,0.457166,1.2857572,1.4737953,1.544122,0.49476185,0.7868249,2.156075,0.38536483,2.0694013,1.786027,1.6886297,0.20415895,0.5842791,0.67609864,1.2161686,0.751118,1.1300733,0.51908314,1.2888459,0.21914765,1.3534749,1.1196721,2.6190634,0.9072281,1.3000231,0.5605882,1.3148831,1.344194,0.93827504,0.19653453,0.5432887,0.44062018,0.5212136,0.78109807,0.108801015,0.9559678,0.45618153,1.4135604,0.24658887,0.9924413,0.98797214,0.9322964,0.7377355,0.3063843,0.86953074,0.56683797,0.67840356,0.24398361,0.09824347,0.5542156,2.4223552,0.8038906,0.29554677,0.12240817,0.30247334,1.5868964,0.011566681,0.1565775,0.49682873,0.15054126,2.1624117,0.002547615,2.6647618,1.0065061,0.62692994,0.40530166,0.65658146,1.0922552,1.7381635,0.0,0.22163393,0.26252148,0.48672026,0.0131345745,0.56828296,0.0,0.67452544,1.891376,1.127608,0.15697277,0.25861862,0.13277622,0.09240193,0.82328,2.587374,1.1433753,2.4630291,2.4368284,1.355209,0.23128365,1.8221428,0.9596906,0.20337524,1.2244878,1.9042374,1.0579431,1.3275406,1.5910286,all_pothole_images\pothole_images_enhanced_41330160b9996d6d5e0c40ef32f6ee14.jpg
0.27126268,1.5321952,0.13348219,2.1655066,0.36766845,0.009038556,0.25171968,0.0067597977,0.26768485,0.90530115,0.3918475,0.47176087,0.10936102,0.83385706,0.037398044,0.010677645,0.26194182,0.10892571,0.8997336,0.32967785,0.60445327,3.2962022,0.6195892,1.1350442,1.668691,0.9615592,0.5984957,2.9361248,0.51249385,1.0318283,1.3147507,0.322487,0.7655523,0.051197518,0.95883363,0.09060619,0.17942561,2.0568259,0.13016671,1.0024259,0.003548961,0.097016774,0.49362248,1.7750348,0.9098249,0.45318687,0.024669552,0.00085272203,0.044452235,0.56640136,0.9122303,0.027274525,0.9411945,0.006662641,0.3475035,1.2394044,1.1599749,0.4284745,0.05522162,0.46370876,0.25962877,0.47760606,0.9077586,0.0110017825,0.69167894,0.5331291,0.37869096,0.43784496,0.9338813,0.62434304,0.9412082,0.1693971,0.30087528,0.47569153,0.4682235,0.5863989,0.27881506,0.21552454,0.111810334,0.052614026,0.13991262,1.3137991,0.0068653887,2.1645825,0.29877046,0.46177334,0.3892675,0.22742409,2.6653197,0.20094238,0.0,1.2884798,0.0,0.25826114,0.018541422,0.1492555,0.72257954,0.6411488,1.2823656,0.4610035,0.16487366,1.2142384,0.5696888,0.09217791,0.031914696,0.55626994,0.4000191,0.03832651,0.02618335,0.082442,0.013989513,1.8252763,0.6023045,0.062712185,1.4548194,0.11330732,1.1375339,0.2356674,0.4126393,0.49116904,3.3262157,0.35902724,0.38018432,1.6623719,0.5540121,0.69002384,0.50971353,0.16593917,2.1272237,0.13373628,0.6486534,0.045542408,0.36184758,0.18677375,0.76713496,0.4713991,0.20997185,0.78393084,1.5535985,0.703365,0.7591231,0.30822146,0.0014160549,1.2673572,0.2467981,1.2102896,0.16120923,0.0,0.34583306,0.17894745,0.33463413,1.218381,0.020656364,0.14070225,1.3016843,0.12985818,0.28287053,0.011635468,0.27593666,0.4960699,1.3511804,0.51882786,0.17067352,4.0438232,0.004320739,0.024971925,0.78854454,0.08460633,2.0898788,0.20320289,0.09243745,0.0,0.000482186,0.104186326,0.26887444,0.10163861,0.5166891,0.02341268,0.5160596,0.09341053,0.19902322,0.48600948,1.6017842,0.63023186,1.9883062,0.9194401,0.15544862,0.0,0.2309434,0.27947107,0.71039665,0.44026724,0.1348369,0.97712797,0.03861634,0.7027293,0.021369202,0.23280184,0.0,0.8413119,0.1829136,2.0664055,1.7153208,1.4385269,2.4132068,0.81215674,0.01189162,0.25444195,0.5368684,0.031714886,0.3103451,0.042227447,1.1759793,0.33563226,0.9400455,0.8766888,0.9862557,0.020247752,0.87004703,0.31928375,0.4801908,0.3048853,0.1524935,0.045771647,0.015799921,0.6216795,0.2374187,0.020109367,1.0218059,0.9556176,0.09430488,0.3951039,0.35759276,0.13989444,0.5058822,0.17919515,1.2355776,0.0034040883,0.024042362,0.09422218,0.29520908,0.00087755645,0.14181112,0.13736995,0.10559364,0.0,0.18178278,0.2930269,0.8818194,3.785582,1.2865444,0.0012098928,0.6237265,0.27735204,0.05522983,0.070020735,2.0635607,0.102235794,0.6176597,1.0412472,0.2427762,0.22607343,0.5943686,0.2047122,0.5407378,0.29771262,0.0,0.98147696,1.1318194,0.5710864,0.0,0.013359179,0.17192602,0.1437099,0.95211846,0.97034454,0.16764891,0.6867074,0.27058107,0.5653971,0.8702735,0.19299863,0.3743625,0.6359925,1.5253053,0.28464207,0.9495527,0.970515,0.67485553,0.109249026,0.10472609,0.0009237476,0.0,0.44386894,0.32938835,0.10701059,0.41029117,0.6388644,0.054545023,0.68979776,0.89243644,1.2111781,0.060488954,0.2864674,5.3850474,0.5246252,0.00090021867,0.78559023,0.031476654,0.2930078,0.036647193,0.97858435,2.6772006,0.36427632,0.0,0.93442297,0.11750229,0.92264867,0.86542463,0.19984736,0.10560239,0.10796244,0.026630038,0.20805009,0.9476393,0.7336732,1.4507194,0.62597907,0.46167055,0.5165582,3.1321971,0.10184663,0.63821346,0.19495901,0.12201183,0.4245027,0.30621052,0.58042943,0.05376895,0.13043946,0.66271615,0.61964536,1.6075808,0.27657667,0.76696557,0.015987126,0.14182532,0.6452509,0.98574716,1.4136587,1.2555263,0.67910135,0.0,0.62111664,0.15042359,0.09699848,0.5237968,1.4899613,0.29413158,0.39172024,0.08706991,0.040535226,0.032294285,0.50748265,0.094304726,0.0,2.6488485,1.1896551,0.014609147,0.8125336,0.6882526,0.5159566,0.048990607,0.7004907,0.13233387,0.62811255,0.020296821,0.74964625,0.04693822,0.14717564,0.021972124,0.042213503,1.2581669,0.8951272,4.1269603,1.125416,1.2070771,0.14934477,0.0014346957,3.6864178,0.91108966,0.016540471,0.027794866,0.9197358,0.18774875,0.23733987,0.84020525,0.050696716,0.045113698,0.10391648,2.992449,0.42975873,0.0,1.3887525,0.03529548,0.38730365,0.44979808,1.0007293,0.37218413,0.257428,0.21700352,0.07370628,0.7894321,0.33136156,0.25654072,0.39125067,0.37108338,0.22068615,0.0,0.38163355,1.9891634,0.076465346,2.0088189,1.8889107,1.7796515,0.17280762,0.936316,1.3151363,0.30465356,0.625951,0.48763445,0.12816215,0.03179606,1.0130265,0.17710425,2.840206,1.0115075,0.72623825,0.5000881,0.17939575,0.42961976,0.41782835,0.31859106,0.9113834,0.08882378,0.14824653,1.5577406,0.3241087,0.50080216,0.87990695,1.2147975,0.1773081,0.11121667,0.031188615,1.1492065,0.11087552,0.47677323,0.46233553,0.46818212,0.48622373,0.48790157,0.6341987,0.6159752,0.0381897,0.6538712,0.5240451,0.01831654,0.019885141,0.8727239,1.6082954,0.39632607,0.34784037,0.31140766,0.5579924,0.12221426,0.07141948,0.16916734,0.6129786,1.4726132,0.03203044,0.084956996,3.1431599,0.5704992,0.35793903,0.0054253223,0.075720906,1.0089929,0.01393853,0.19553131,0.05157363,0.12933548,0.40363693,0.111412235,0.1303638,0.0,0.02509644,0.05009466,0.0687872,0.08009027,0.049016405,0.08786803,2.7994099,1.1834524,0.15938288,0.98354506,0.61545664,0.06287864,0.78663605,0.13682652,0.0479685,0.60220766,0.06811926,all_pothole_images\pothole_images_enhanced_41487113331118f258ea8c8f2230cdaf.jpg
0.31008723,1.3037875,0.25366706,0.90889627,0.6554841,0.0017085703,0.39996845,0.6871951,0.017600117,0.31777626,0.059079412,0.46295854,0.7218634,0.30886906,0.08000437,0.443991,0.39548633,1.8543966,0.5382984,0.64634144,0.299108,1.4983679,1.040449,2.4091332,0.40138668,0.3346928,0.11728991,0.18644209,0.0025876672,0.37372595,0.4752797,0.26809788,0.23288839,1.8630368,0.41661292,0.67576015,0.11616695,0.63387257,1.3034843,0.70172834,0.23446633,0.12161605,0.073979594,0.10781808,0.570155,0.18212534,0.16143915,0.008679655,0.4108315,0.43673456,1.2019334,0.51097447,0.28703856,0.037763264,0.0020054637,0.39332867,0.45205638,0.15341799,1.1047945,0.07112615,0.0,0.2171919,0.13296504,0.057494774,0.35438883,2.328928,0.70195174,0.8064255,2.3645735,0.43345392,0.022735914,1.250637,0.059082054,0.020357959,0.027723936,0.10161305,0.47766012,0.698704,0.0,0.036514275,0.095124036,0.11840425,0.3949365,0.10877655,0.55131423,0.7293412,0.08352281,0.1601077,1.7424867,0.15537106,0.30686256,0.45983148,0.20197564,0.76451623,0.19625813,0.28017333,1.4496216,1.0288676,0.0019090375,0.069026425,0.5318596,0.85729957,0.32865348,0.065368615,0.50403625,1.480128,0.0051526176,0.20975637,0.009886056,1.2282544,0.0070285904,1.2121625,0.3990035,2.2151413,0.16077052,0.35636926,1.6083062,0.041979857,1.5619469,0.44654238,0.7720045,0.58594495,0.64232737,0.18825845,0.32336852,0.862266,0.34871966,0.61173564,0.5228599,0.3946429,0.9696304,0.5781998,0.30469248,0.23247398,0.011496146,0.61744726,0.072026886,0.01592017,0.8481075,0.15252624,0.65906626,0.4335993,0.5043517,2.1991043,0.032589383,0.0,0.52652097,1.2489889,0.14952616,0.530155,0.2759381,0.84854513,0.02878873,0.028666306,2.445123,0.66780305,1.4183664,0.27078456,0.5200937,0.19408755,1.5585706,1.180613,0.055539727,0.670413,0.3952629,0.037598483,0.9180979,0.07538946,0.5644429,0.8160386,0.9012999,0.03512443,0.032487392,0.0,1.1077883,0.3581723,0.06910604,0.0,0.29126623,0.46337312,0.0,1.1221015,2.416219,1.0375384,2.7495792,0.6613501,0.10554127,0.3799651,0.7235379,0.55690235,1.1662875,0.17660396,0.40409392,1.5074519,0.056228656,0.0031464598,0.6454065,0.73487735,0.08277741,0.3322031,0.029363547,1.6402107,0.94908327,1.0303296,1.6456336,1.3883982,1.1108767,0.052833635,2.3847108,0.74702096,0.006215309,0.03284245,0.11659107,0.3317465,0.1967225,0.026898254,0.82079697,0.11377011,0.3166863,0.026977133,0.8244307,3.7529027,0.77553046,0.8213446,0.064908855,0.019247204,1.0607704,0.038920805,0.33489522,0.00041113322,0.03565647,0.20982027,0.64417005,0.058025844,1.1478517,0.079181135,0.49493295,0.18695052,0.24203524,0.70632607,0.16078766,0.11257054,0.13371736,0.020990927,0.19322701,0.016355779,1.0962938,0.012157187,1.439801,3.3388228,0.71274734,0.19631799,1.0050783,0.04454888,0.007827014,1.0767237,0.7912082,0.58967716,0.21838145,0.56817394,0.04430507,0.3241936,0.32655805,1.6867551,0.6244683,0.4641255,1.2809323,0.8391697,2.2781677,0.12967671,0.12041612,0.33183727,0.3064528,1.7551357,0.2841562,0.84811586,0.7968677,0.062379684,0.2717105,0.34437928,0.36959738,0.061958425,0.885123,0.0038902427,0.16112025,0.014242296,0.14526929,0.027472548,0.23144032,0.65417415,0.8658568,0.31739578,0.2106895,1.1530375,0.102584,0.31149605,1.1887078,1.9214742,0.5722009,0.92323226,0.10347839,0.25075713,0.0,0.3751725,2.3613474,0.11428271,0.041712943,0.4776034,0.0,0.17611545,0.6383189,1.0046254,3.8075852,1.4623348,0.54232234,0.33760813,0.23649472,0.19095592,2.719573,0.6248822,1.324735,0.14862178,0.07876304,0.7012765,0.25422344,0.3285095,0.19583346,0.08004929,1.4549241,0.084473744,3.9785311,0.6236011,1.2988871,0.0,0.16394636,0.47331446,0.8561996,0.1593571,0.00055121153,0.26012954,0.26691028,0.44551608,1.1074991,0.13946496,0.06999442,1.0412192,0.2245223,0.08095024,0.08969826,0.31313345,0.09495097,0.4697112,0.22880892,0.075540125,0.12113324,0.74124396,0.023285035,2.0211532,0.48287356,1.0508608,0.69628304,0.5324216,1.1678842,0.14892277,0.04555339,0.07820834,1.7513729,0.115258835,0.608203,0.010692218,2.7209322,0.3309415,0.84955573,0.21031407,0.7943314,0.38227075,0.033656143,0.7622242,0.22248785,0.46135414,0.57246894,0.036127217,0.29341978,1.0226552,2.330615,0.07264086,0.46192947,0.0012867271,0.31030452,0.92066574,0.20036294,1.8400571,0.513785,0.1331656,0.06841532,0.011188624,0.43080932,1.10748,1.1054691,0.38339838,3.246114,1.4773245,0.65158194,0.3558426,0.30986443,0.18741293,0.9033901,0.8224916,0.0,0.15658146,0.13476658,1.81485,0.42351988,0.8245144,0.08992131,0.05496584,0.07776766,0.23870821,0.13542627,0.0,0.14534196,0.7477201,1.2467661,1.9653745,1.0199144,0.25627548,0.4551397,1.1136948,0.08471284,0.60698426,0.36761436,1.0944763,0.062402606,0.7542379,0.61283875,1.5347648,0.51037496,0.12064432,0.368783,0.60178655,0.0030789021,0.3676631,0.2893148,0.39940986,0.6061164,0.22732289,0.6675253,0.12340976,0.0,1.0975567,1.1967108,0.9281957,1.6148572,0.54179424,0.043988038,1.444737,0.6765772,0.0066481037,0.45764568,1.0258372,1.7673901,0.54422355,0.94536495,0.046298105,0.121508755,0.31472012,0.077925794,0.01867841,0.62448895,0.18942344,1.0817034,1.2814564,0.03989601,0.43872973,0.98049307,0.078189,0.15644762,1.1245639,0.52155304,0.09611729,0.42830136,0.8498264,0.8586872,0.4045404,0.007501696,0.018301679,0.23569554,0.16863148,0.40664557,0.016846571,0.8728697,1.5003301,0.052620277,0.20451199,0.01796853,0.027443314,0.21220224,0.5183323,0.045623,0.085092425,0.5227391,2.6691277,0.1529564,0.8012955,0.0006515901,0.89645344,0.5593901,0.21385626,0.5791153,1.6763492,0.011915861,0.34700727,all_pothole_images\pothole_images_enhanced_41dfaa5c42fede527665bd8e727304d3.jpg
1.0229764,0.55872315,0.7095807,1.60925,0.026209585,0.37787378,0.2885314,0.019908505,0.47710884,0.23633958,0.48356992,0.2252411,0.43121147,3.1773307,0.32575327,0.0,0.0,0.2033604,0.01654374,0.079785675,0.0352393,1.7907406,0.12191272,0.8323515,0.70233804,0.29005373,2.0168455,1.5451763,1.0762821,0.98313665,1.0890808,0.26237407,0.3914682,0.5520895,0.68482476,0.6149622,0.302649,1.2225581,0.77360845,0.5453996,0.17958222,0.5140607,0.87643445,4.0462766,0.811854,0.09740907,1.3939312,0.09766329,0.76750535,0.9861771,0.012944084,0.53733623,0.97506696,0.06367901,0.18899208,0.5054596,1.018815,0.42801896,0.28417334,0.3782566,0.7009637,1.3030291,0.2919247,0.34024012,1.0410419,1.0763272,0.6422259,0.34688556,0.4003761,1.0422418,0.9378927,0.1900568,0.13796632,0.12231447,0.33842304,0.7764713,0.5695607,0.3757213,0.32923764,0.28305262,0.4047625,0.9931558,0.0755369,1.4772183,0.0965657,1.1162523,0.47529843,0.06849934,2.4551182,0.42284903,0.55247086,0.52811444,0.5013609,0.19053684,0.3610134,0.18672188,1.5754269,0.34012336,0.3333551,0.03654772,0.03139317,0.074579805,0.061361074,0.2140142,0.97922033,0.81028247,0.032104023,0.28042984,0.33663434,1.454291,0.05788255,1.1046668,0.7527548,0.30612215,0.84011286,0.21315314,2.7899191,0.28799504,1.4900739,0.22704361,2.003332,0.2847513,0.55541295,1.0909054,0.39563322,1.0020485,0.50031185,0.08357926,1.7620186,0.6439281,1.0971664,0.025221102,0.34329337,0.24134289,1.1170081,0.14623168,0.40313607,1.7943046,0.78987527,0.6037029,0.5778893,0.19394787,0.74487865,0.7384301,0.08328748,1.5308551,0.3213031,0.29819933,0.33085352,0.5165187,0.10490092,0.57668304,0.06107561,0.021634506,0.28938904,0.70236015,0.60752654,0.4875199,0.048235044,0.7035648,2.1729984,1.2702597,0.051868264,1.6803856,0.5937352,0.06284409,1.0883281,0.41276366,0.30888593,1.7125235,0.17755035,0.2229384,0.57741123,0.8915871,1.326789,0.05264831,0.6802857,0.0,0.23048103,0.06462033,0.6681237,2.237266,2.242204,2.3329325,0.5565751,0.94898176,0.7366092,0.5072732,0.2081571,1.074922,0.17173041,1.7486838,0.78258574,2.1892486,0.039116256,0.81564015,0.039697636,1.0425828,0.13537988,0.28203315,0.031949677,1.5350463,1.3901405,0.30564848,1.9794674,0.46690342,0.55830085,0.2134453,0.7476795,0.6155919,0.23477492,1.0954107,0.68653643,0.014942265,0.65314716,0.6306079,0.4952927,0.59518516,0.839925,0.19098367,0.26443425,1.3872263,0.61957186,0.6818563,0.39099997,0.1608583,0.13680194,0.69689447,2.1953292,0.63243675,0.53667843,0.5972947,0.17545235,0.9623994,0.08252524,0.0774953,1.6484213,0.30568752,0.022614425,0.2923175,0.09850931,0.09076364,0.42122012,0.43138167,0.07147573,0.17304395,0.58838654,0.15731072,1.1385691,3.6679049,0.5620638,0.525876,0.33134362,0.14013857,0.2179957,0.26103297,0.8471647,0.10794484,0.2434915,0.55292267,0.12581322,0.2942368,1.9206415,0.40838358,1.2909293,1.6716894,0.15362981,1.485116,0.5417182,0.35059172,0.122233994,0.33813515,0.7705646,1.0886347,0.23656338,1.1646358,0.45448405,1.2244537,0.3927415,0.7410299,0.8600796,0.0061543034,0.3569875,0.26961085,1.9079773,0.10706962,0.6471412,0.82145953,1.1129173,0.19235013,0.07706843,0.8788015,0.9441227,0.0674173,1.5351964,0.0009805543,1.0861712,1.0030189,0.6498721,2.2763488,0.5704189,1.4053285,0.028240155,1.2226743,6.2291017,0.35866383,0.043733776,0.3618209,0.09046348,0.014673807,0.35295492,0.6664902,0.7176054,0.44910073,0.26491424,0.89933634,0.059522662,0.28357378,0.8672237,0.096084855,0.8949789,0.39597625,0.41954404,0.29791978,0.27862248,0.49302876,2.251054,0.058972653,0.78296864,0.6472533,1.631252,0.21964893,0.07103515,0.43305632,0.65869224,0.23553614,2.148511,0.0764664,0.6411896,0.24118222,1.2339025,2.6714704,1.0449141,0.44624195,1.2326657,0.20998442,0.015028768,0.19492197,0.3649367,0.73935854,0.5493609,0.6970581,0.16963552,0.17126718,0.71938485,1.0498185,0.0,0.8804816,0.2217993,0.27999473,0.11281326,0.2654495,0.011955243,0.21747585,0.07399581,0.009139729,0.7669676,0.37244955,0.5853511,1.4689851,2.0276911,0.57481074,0.66774,0.09603613,0.60751545,0.78095853,0.3660078,0.38323948,0.83816916,0.9779925,0.25396353,0.20708536,1.2648083,1.5792764,1.2817004,2.2662191,0.33302805,2.0848048,0.030393438,2.1874614,2.598933,0.7815402,0.10626715,0.36847168,0.019488554,1.3579192,0.47105592,1.0791519,1.1361867,0.07404214,2.4015007,0.8029699,0.16194022,1.167509,0.3612808,0.13612367,0.3200297,1.0152959,0.04944558,0.2635422,1.9539766,1.1047684,2.0357232,1.0918894,0.5162943,0.18920898,0.3772704,0.17485364,0.2571449,0.8904797,1.6280019,0.001584605,1.4746277,2.961431,1.0179323,0.038999293,1.7104802,0.2159475,0.39504156,1.0379099,0.059394762,0.3091919,0.18381889,1.4898362,0.7326195,3.917341,0.65065837,0.3270053,0.27775207,0.032113586,0.109883405,1.0327219,0.35195035,1.1036907,0.36490777,0.19630298,1.015864,0.62943393,0.70687,0.08476464,3.1133778,1.5231528,0.36776733,1.9084082,0.26024607,0.12367571,0.50881183,0.23540045,0.0018277984,0.25490728,1.9043865,0.4207987,0.19530164,0.2597871,0.8582049,0.91604984,0.62724745,0.11893818,0.3239949,1.036128,0.08129325,0.22704996,0.041971818,0.1705489,0.18704587,0.3191208,0.8520609,0.24014303,0.4224223,0.05384358,0.11228424,2.3034852,0.4747022,0.5353536,0.10462486,0.48110914,0.3686546,0.013004047,0.8182829,0.0,0.24983063,0.43962967,0.20248048,0.22529761,1.0932759,0.13396682,0.0351191,0.35103366,0.011558533,0.85243845,0.0025784099,2.2105126,0.27444157,0.59069544,0.4066671,0.66519445,0.46270615,1.3047508,0.63492763,0.53352165,0.08485317,2.1622064,all_pothole_images\pothole_images_enhanced_424a9b49566abdaebc6a050de4d63653.jpg
0.070727214,1.2013929,0.16238336,0.97064346,0.15082256,0.023795506,0.0,0.0,0.27424482,0.18022862,0.29110804,0.1524572,0.0077054827,0.15578872,0.042337183,0.001660093,0.05384274,0.09323671,0.017154,0.21390405,0.44478178,1.2019126,0.6872566,0.6303371,0.7462561,0.5929241,0.3155491,2.098463,0.10056299,0.21134341,0.44755876,0.0,0.01586946,0.47645968,0.2680204,0.13967128,0.1698142,0.78723377,0.18729982,0.16554248,0.023534527,0.19912423,0.11102821,0.32557172,1.0789216,0.004162793,0.088564366,0.23904397,0.0,0.08733574,0.12552114,0.26289356,0.5134802,0.09196327,0.15174398,0.46475017,1.2493088,0.0,0.0,0.04335712,0.001292814,0.04507208,1.3242905,0.28217793,0.29723543,0.8229033,0.022148533,0.0,0.0,0.20588964,0.14020988,0.024318092,0.07250249,0.051232085,0.0997999,0.006250873,0.0,0.50832206,0.0,0.07757033,0.012238141,0.0014022315,0.0069016437,2.2058084,0.07991577,0.08564183,0.0043914784,0.071402974,1.4043223,0.5840411,0.038940214,0.6825924,0.19016667,0.0005149516,0.07998753,0.09984516,0.26255393,0.6001668,0.1733113,0.07251148,0.070063755,2.346711,0.09078954,0.013832601,1.2083052,0.15057458,0.36485195,0.011653604,0.16857201,1.4243512,0.1058026,0.7317799,0.5216036,0.26382032,0.25482443,0.74743015,0.17988996,0.018417697,0.47382113,0.16130462,2.4588857,0.04600327,0.11283761,0.73799336,0.48761228,0.15961333,0.0,0.01342057,0.9300618,0.13424294,0.05804002,0.03237767,0.0,0.33716428,0.22886626,0.12305849,0.046942648,0.07943402,0.23832838,0.17952551,0.3639312,0.12279376,0.31007463,1.0819454,0.13430817,0.32331213,0.0020176827,0.28559595,0.30720252,0.01934003,0.017941568,0.09574932,0.0031789949,0.26918918,1.0377105,0.11219938,0.111003414,0.5811048,0.09691941,0.8065795,1.8411679,0.6193619,0.06746496,2.1325772,0.08148825,0.0,0.2301707,0.27497813,1.1344285,0.89059603,0.0037645174,0.006416087,0.032992,0.036430348,0.3378891,0.03884928,0.28555244,0.004680581,0.02147506,0.3707417,0.0115897935,1.1748583,1.6353196,0.5428448,3.1500096,0.3030078,0.2519366,0.0015174549,0.10797132,0.82754236,0.046517838,0.120200455,0.16152954,1.4917604,0.11963968,0.0,0.15522856,0.085371636,0.14836356,0.037652347,0.010152801,0.29975402,0.1550847,0.67853963,0.22380689,0.49006367,0.14199033,0.24528542,1.5975573,0.18410444,0.0,0.21487957,0.2745477,0.12845282,0.1258154,0.3177929,0.322402,0.05981689,0.19344541,0.041356456,0.36110222,0.0,0.22858405,0.02704817,0.02279889,0.13516045,2.3422973,0.013391973,3.2989473,0.20714833,0.025233295,0.10846186,0.023618216,0.04333554,0.30367646,0.05270428,1.4175916,0.068660825,0.33031553,0.11155348,0.0326165,0.033938635,0.36588523,0.03250606,0.1741864,0.001374953,0.3354065,0.032597054,0.022124125,4.4214706,1.4937918,0.07251685,0.010760733,0.02938853,0.0,0.0,1.1839868,0.008762647,0.0072088684,1.1212388,0.40650228,0.24021183,0.31227487,0.01662802,0.07960912,0.5388256,0.021760542,0.21298192,0.84552157,0.22041063,0.013865004,0.0,0.11665517,0.3774474,0.37367707,0.54522014,0.0,0.9443406,0.16331242,0.19670081,0.5881747,0.08147519,0.41223487,0.022102796,0.24386078,0.03908539,0.19082408,0.08679676,0.11530054,0.009721248,0.0,0.033090837,0.0,0.379841,0.0020089317,0.3970033,0.16138439,0.0,0.008744904,1.1199358,1.2019359,0.44544584,0.06982374,0.08234156,5.1748314,0.058964532,0.06944567,0.12500598,0.06796767,0.15089679,0.0,1.1099554,2.7268445,2.932297,0.15124616,0.118040316,0.023826532,1.5299275,1.8162105,0.13855381,0.39350194,0.0041964822,0.17958613,0.36222678,0.34493434,0.11076387,1.516585,0.038570806,0.0,0.034490794,3.84714,0.0,0.0,0.17574736,0.052773617,0.005719311,0.8743648,0.109993525,0.25464788,0.19256993,0.028702881,0.33757454,2.3264494,0.3437868,0.5585387,0.0016405435,0.023282913,0.12197214,0.43273538,0.09582387,0.027425932,0.26583868,0.0,0.15369694,0.25182587,0.08003767,0.0034256985,0.15828441,0.20421222,0.022458037,0.2861785,0.2006375,0.12939599,0.0018253487,0.049763225,0.027520118,1.0326722,0.41439915,0.0694142,0.00097279384,0.6224399,0.0,0.048515335,0.128464,0.34099165,0.12309841,0.11138937,0.656013,0.4838003,0.35726616,0.2813205,0.0,0.006007895,0.368651,2.5899243,0.018170003,1.6084114,0.16201107,0.0,0.17252296,0.069416516,0.07276973,0.06136969,0.16487782,0.005584099,0.039713245,0.32896173,0.45964637,0.023580631,0.059932854,1.4170783,0.906969,0.15165362,0.048192523,0.11133334,0.0,0.05377805,0.12566093,0.19187275,0.012139611,0.14077568,0.19216576,0.4115939,0.24900344,0.050987594,0.56214815,0.33674365,0.8520531,0.17375879,0.09452576,0.563056,0.022616372,0.85004985,0.83954245,1.3321229,0.31711724,1.0893397,0.08849971,0.7155539,0.10125483,0.5186939,0.50210625,0.15568091,0.065375514,0.05479382,2.8149383,0.41246465,0.47468057,0.53627807,0.23893626,0.41485026,0.043634336,0.084864624,0.011714987,0.0213223,0.016770162,0.27320582,0.6394092,0.16626567,0.7448897,1.7104467,0.0,0.3444098,0.0,0.31486169,0.32838526,0.007333978,0.012994854,0.040170427,0.27029765,1.1147959,0.15712468,0.03869972,0.007764334,0.15299578,0.04467306,0.017646331,0.0,0.009831226,1.2998097,0.8676051,0.0015437235,0.3346805,0.041076113,0.34751815,0.0,0.012444147,0.464349,0.84994596,0.09742072,0.5632279,0.8090781,1.110547,0.3831138,0.040942598,0.23093243,0.21082714,0.0,0.053343587,0.0,0.037649795,1.3069564,0.009491342,0.01605887,0.0,0.0,0.81620014,0.0,0.014415765,0.08423694,0.041456215,3.012681,0.7164916,0.39606568,0.0064907395,2.4315124,0.054699015,0.14446923,0.20163925,0.010577179,1.1983019,0.004902552,all_pothole_images\pothole_images_enhanced_428f21c929646bc911d91b61a250aff4.jpg
1.6803187,1.1530105,0.42485455,0.53689206,0.1414807,0.29846916,0.56580824,0.12687996,0.05765077,0.6059818,0.44037274,0.02667266,0.04086224,2.4983582,0.13593937,0.24751696,0.3356124,0.828552,0.0256759,0.03980569,1.3585569,0.6577696,0.41617388,3.0692017,0.65884805,0.3551496,0.16283956,1.930504,0.01941009,0.041585833,0.42146194,0.53899074,0.22833388,2.9012644,0.30589262,0.20377122,0.1563665,0.7418033,0.18843393,0.9344364,0.1671582,0.2524206,1.6685834,0.47827598,0.92511827,0.81971544,0.1567172,0.7536876,0.87371916,0.7932043,0.39767766,0.2273363,0.01739066,0.02944462,0.008216988,1.3955188,0.08595572,0.40763447,0.16834891,0.076349854,0.5671407,0.18355536,0.9155636,0.59161764,1.6656255,1.3003714,0.4818494,0.22464523,0.1382675,0.12072166,1.2749168,0.060022544,0.0,0.21265878,0.8572162,0.14995363,0.11509699,0.9431745,0.029390791,0.0016130983,0.016124109,0.24408397,0.25891456,0.5185924,0.39494458,0.15630706,0.26931196,1.0248355,1.0707216,0.0547071,0.20186852,2.6909733,0.9336546,1.1229686,0.0663991,1.1074098,0.80898017,0.83118343,0.3972262,0.15319994,0.037530746,0.14872666,0.29010507,0.025584364,1.2852725,1.0822963,0.22333558,0.1937057,0.22918119,0.7239449,0.037863754,0.3469833,0.40798,2.064604,0.62362033,0.2723623,0.16474284,0.013077645,0.7129665,1.1016793,1.8049715,0.76942885,0.07153412,1.8651515,1.6819855,0.064653486,0.31532088,0.63707334,0.3229915,1.5433444,1.1740217,0.13366266,0.036842633,0.7937371,0.11681477,0.079259284,0.12862028,0.4581016,0.111402586,0.19390671,0.83661807,0.15046443,0.6556745,1.5419095,1.049402,0.8916815,0.5857178,1.184833,0.038886793,0.07451087,0.39658254,0.27343014,0.7169268,0.030614972,1.4113384,0.76735026,0.44945633,1.4100363,0.3429082,0.48418695,1.8692732,0.58999085,0.5824367,2.6649225,0.6501663,0.6184551,0.49708608,0.5478956,0.86038244,0.5759212,0.73533994,0.0072458326,0.12066746,0.41215813,0.9354852,1.8712133,1.2609061,0.31657657,0.16053984,0.30641007,0.44727358,2.6281788,0.015998367,1.0618764,1.1721646,1.5562476,0.2594589,0.3191643,0.7820338,0.12350243,0.12837996,1.0360216,2.2260206,0.83169377,0.18238348,0.8393619,1.3579396,1.5240114,0.17821191,0.118443854,0.56569,0.41338432,0.31234464,1.8846544,0.32073593,0.46418372,1.6589997,0.45852986,1.7015651,0.60670054,0.09509541,0.038810745,0.13209279,2.7405696,1.4681888,0.22999032,0.7411026,0.32120395,0.19900109,0.0011110638,0.17480735,0.066617705,1.2637665,0.03714273,0.0027573183,0.31160903,0.7852601,0.25366777,2.7107553,0.3164257,0.40627524,0.042566124,0.19433995,0.8180218,0.16354373,0.0313095,1.5297961,1.0172795,0.23993514,0.6097935,0.034151018,0.045066345,0.11809214,0.09479873,0.16050306,0.05846327,0.4586685,0.6165722,0.20092325,3.0829604,1.6194305,0.17033306,0.7348284,0.044890776,0.9498684,1.4337587,0.28485474,0.21910985,0.21801162,2.5640848,1.3247927,0.633623,1.3194084,0.040149257,0.93803686,0.049991354,0.053678755,0.6690071,0.62310797,0.22148725,0.59855807,0.36144462,0.7498357,3.704532,0.3289598,0.20357513,0.36132354,0.19364293,0.5114967,0.24473177,1.3712219,0.262523,0.58028805,0.0,0.9954308,0.58939826,0.11314259,0.40926677,0.3692061,0.023384575,0.023063166,0.92484903,0.53819567,0.56201637,1.0151291,0.30648935,0.108346626,0.6320868,0.1750802,1.6480588,2.8912919,0.9591118,0.34813735,0.091809526,3.8695858,0.123537876,0.0060726535,0.0,0.0,0.041125827,1.3132212,1.589528,1.2239248,0.62393886,0.29618117,0.6313538,0.0031057787,0.5407365,0.96724,0.42528066,1.3120484,0.0,0.9286052,1.6423576,0.57549596,0.5841364,0.69697374,0.1316036,0.3001861,0.043870322,1.3746048,0.45755112,0.19560474,0.17273805,0.42074946,0.041210946,1.0731239,0.7156509,0.5794899,0.4754013,0.07710563,0.21299936,1.4718798,0.98296726,0.22502291,0.0,0.20855829,1.0363001,0.8088293,0.53924924,0.023305967,0.8744073,0.16834573,0.36255524,1.0361342,0.403212,0.010804166,0.723295,0.90013796,0.2726221,0.8027887,0.37040916,0.41681966,0.09021535,0.026974846,0.0043248166,0.8878001,0.2465471,1.3730531,0.7144596,0.641717,0.39780936,1.0324674,0.19872239,0.07782247,0.13254516,0.5363453,1.1982586,1.0256791,3.0667512,1.057273,0.0034293234,0.014918785,0.48951837,0.82734156,1.3188894,0.4559483,0.8021984,0.263977,1.4659872,0.16530189,0.69787174,0.39389333,0.0069349846,0.0058029084,0.66537684,1.2178725,3.1381373,1.6142324,1.1481827,0.0346361,2.9635642,0.45077732,0.039923206,0.58400226,0.5575611,0.27414048,0.59741265,0.886639,0.47112796,0.59608066,0.7528623,0.52503353,1.1487083,0.018897256,0.82288045,1.2305772,0.87949324,0.104808085,0.42732954,0.8629365,0.69808555,1.0811775,2.1618397,3.4592223,0.01922422,1.8972226,0.28436688,0.764149,0.05352068,0.007979842,1.6370636,0.66342115,0.19804658,1.5459267,0.87027144,0.14547293,1.3229637,0.27799413,0.044680502,1.1037889,0.21227564,0.058128323,0.1043612,0.046462875,0.018119236,0.69534457,0.17653415,2.2801993,1.6042156,0.5424533,0.20413058,0.24621418,1.0906224,0.036006775,0.45810077,0.36614725,0.563396,0.6706638,0.85658723,3.438337,0.56051344,0.66520256,0.113973424,0.40689933,0.006538183,0.32200664,0.5891442,0.28211424,1.2587739,0.45677492,0.24565226,0.33376658,0.101905,0.8313358,0.35435677,0.1865247,0.26264971,0.21916015,0.10571544,0.49350324,0.14358869,0.022252506,0.664824,1.546875,0.63084143,0.49087015,0.15261446,0.0034506998,0.0,0.2358325,0.12930098,0.3021131,0.0,0.3038213,0.16097532,0.1846122,0.052525397,0.8901479,0.8528773,0.2502079,4.0252357,0.94172704,0.44608626,0.0031355394,1.0345886,0.09216833,0.6233872,0.10857902,0.7422255,0.3001494,0.010967482,all_pothole_images\pothole_images_enhanced_42dc21df1b9e7693365024aed66ddc1c.jpg
1.42418,0.5009599,0.23373044,1.3650534,0.33934993,0.39974406,1.456703,0.07607703,0.9278035,1.7807156,0.12089486,1.7563031,0.086572185,0.5344117,0.0011655522,0.7682801,0.091888525,0.7053223,0.67986524,0.3513934,0.5360387,1.1556494,0.016607227,0.6216513,0.4343928,1.9382614,0.1308409,2.5121496,0.18777409,0.13926743,0.06875019,0.5743943,0.21732512,1.1413373,0.041963734,1.0849959,0.10370617,1.1865277,0.014133398,0.15652315,0.3811116,0.5818352,0.5390023,1.8605044,0.90552676,0.610305,0.054566894,0.0,0.9838607,0.87321675,0.0142814815,0.15509303,0.034530852,0.30034998,0.5709791,2.2915664,1.4587216,0.7607987,0.5418496,0.43814844,0.0,0.12898889,0.49104288,0.8370459,1.3159238,0.99053353,0.5977586,0.8205332,0.47416636,0.3912593,0.5502932,0.26562688,1.0991548,0.012232932,0.3611524,0.42445996,0.14150614,0.17153917,0.066436656,0.17169262,0.5801212,0.48709083,1.0916641,1.178032,0.34845495,0.082613416,0.14912269,0.16196686,1.8318325,0.27047023,0.28233036,0.49250317,0.124171585,0.38837045,0.61652243,0.053937268,0.36323082,1.3001846,0.2472709,0.061358318,0.20483351,1.6592553,0.8705945,0.07216052,0.19903536,0.3909504,0.25269896,0.11800188,0.23017415,0.17230938,0.0032052621,0.5465235,0.13260926,0.12400866,0.80497944,0.017628836,0.13100795,0.2293595,3.4827526,1.5585393,1.1385521,0.0,0.39604038,1.1749039,0.5382879,0.7338906,1.7341981,0.16127226,0.18025614,0.050191965,0.22447614,0.08986484,0.26739153,0.2696889,0.36242777,1.8307533,0.5344315,0.055598147,1.4335428,0.08826374,0.06641658,0.22018115,1.1121612,0.2874663,0.011853473,0.53913826,0.0,0.26221177,0.26199085,0.56564784,0.23796956,0.16107082,0.26068953,0.13077734,1.2463604,0.20630643,0.34850162,0.23477739,0.72540843,0.47494018,0.031309787,0.91223955,0.44967946,1.0553207,0.24366437,0.10063864,2.5195384,0.003527172,2.2683148,1.9692043,0.11812841,0.026540503,0.061348747,0.0070114722,0.25111535,0.22380412,0.25365135,0.015197052,0.9910241,0.512442,0.013500166,1.0102597,1.085729,0.7682414,0.61810136,1.3062018,0.057903457,0.41572317,0.065674745,2.3796368,0.11137884,0.014706385,0.08052822,0.30184916,0.6203182,0.75501984,1.2060132,0.33237004,0.06347888,0.34555134,0.25519055,1.014973,0.5576622,0.13153085,0.9843349,0.6312128,0.9042112,0.81992275,1.1353112,1.5812683,0.0023522887,0.11646444,0.30424815,0.878741,0.29919916,1.0399357,0.24672613,0.41502157,0.39940634,0.6911207,0.34798157,0.7062045,0.6018826,0.30917636,0.0,0.0059485002,0.9620974,0.13384533,2.2663646,1.5111167,0.17371616,0.01828956,0.6902896,0.008668211,0.12044803,0.016312718,1.2282426,0.16639996,0.0,0.22778365,0.32665563,0.86051875,0.3851619,0.2900213,0.029050453,0.22576214,1.0997636,0.044390853,1.2680031,4.248488,1.666398,0.2007763,0.047294512,0.29942897,0.17266934,0.48260054,0.7991961,0.30958766,0.48629677,3.2571402,0.07530758,0.3630228,0.18233934,0.06771205,0.5667906,0.078452446,0.29547474,0.112006575,1.6089141,0.6433564,0.094305836,0.022013843,0.14748883,0.22650854,0.67342556,0.7317791,0.0,0.25764245,0.2971881,0.27440566,0.50903517,0.56783545,0.19437008,0.67921436,0.04945739,0.5741454,0.44978607,0.074515596,1.5487067,0.36090788,0.0,0.0643831,0.25029907,0.85532004,0.35136098,0.115063354,0.07582385,1.3812788,0.16511056,2.6531866,0.042960934,1.1630358,0.030284956,0.22338195,5.0939026,0.15789987,0.19164725,0.0,0.30259782,0.4799361,0.5175489,0.44792417,3.0220268,0.5186888,0.7656902,0.8620445,0.68975604,0.23473397,4.430968,0.7849482,0.11184778,0.13841818,0.35448176,0.0,0.03367112,0.17201646,0.15993595,0.4742393,0.8209527,0.8178976,1.7467293,0.006347555,0.052353214,0.4604466,0.0,0.6580434,2.8062224,0.2034197,0.077807516,0.2706308,1.6176201,0.14485492,2.9922366,0.3714873,0.38570267,0.20336363,0.26161858,0.2848266,0.12656204,0.32999948,0.27032325,0.08361546,0.13324969,0.10110557,0.8253202,0.081118345,0.38576725,1.4466339,0.1840004,0.4006031,0.8349607,0.36176586,0.20131189,0.8436217,0.08944163,0.27204058,0.76731217,0.0011414995,0.014080998,0.8165446,0.56527364,0.3672552,1.1418421,0.019720064,0.0,0.7377812,0.14464845,0.0748416,0.17991875,0.6567048,0.54359573,0.33558196,0.1652338,0.8697671,2.0386412,1.4331284,0.9566602,0.0315229,0.6308708,1.0271227,1.5387087,0.17299885,0.053317696,0.25509134,0.0,0.095445946,0.20599607,0.25575644,0.62200576,0.0022633597,1.1405224,0.79331636,0.014094384,0.10625102,0.37362358,0.5015097,1.1138318,1.3477157,1.26619,0.022197008,0.16941716,0.6096372,0.017962808,1.4041585,0.64720684,0.18213746,0.59499025,0.41108805,1.0191197,0.44507194,1.4940919,0.8819385,0.27724037,0.6820593,1.33157,0.039959896,0.1332715,0.4942135,0.043990374,0.5746125,0.21685082,0.28228036,0.06519424,1.3710847,0.24494135,1.2340847,0.7488015,1.414826,0.0,0.9243992,0.15945596,0.036007553,0.19581012,0.035345215,0.65381795,0.0032437334,0.4961023,0.30965784,0.22196034,0.60003585,2.5533183,0.1949006,0.64448243,0.18672745,1.4686503,0.36554265,0.70658046,1.3226038,0.5364626,0.61005515,0.896653,1.5964997,1.3541574,0.5210393,0.21104106,0.39014423,0.06696685,0.023756087,0.68465424,0.2750397,0.10462632,0.801587,0.02956976,0.07537083,0.21153496,0.11719682,0.8886345,0.3438935,0.61030257,0.007251635,0.10400735,1.9624981,0.010538222,1.0481918,0.056626067,0.8479935,0.46974766,0.80488217,0.5133584,0.0,0.45896152,0.6867713,1.4733894,1.2564192,0.16777065,0.005448935,0.040891375,0.232866,0.52621615,0.96788746,1.488753,4.201892,0.39831504,0.09753184,0.47689515,1.9059771,0.33808962,0.19383872,0.27235863,0.43116042,0.027308706,1.1688466,all_pothole_images\pothole_images_enhanced_42f1f92ad42f48edca8e99496ec2c93f.jpg
1.0967517,2.0520396,0.7748372,1.7405798,0.6657875,0.85401434,0.11750158,0.0,0.46238443,0.3777408,0.36255902,0.15742846,0.0,0.47225642,0.5605615,0.72604823,0.15833806,0.0,0.06112274,0.17216514,0.5253599,1.346172,0.74198353,1.6148398,0.95207137,0.27524817,0.104138926,1.4499537,0.06867848,0.7932483,1.4593387,0.016475301,1.4660786,0.46802333,0.22778958,0.406556,1.3114355,0.29278427,0.48999792,0.3364131,0.40719402,0.17251264,0.434405,1.1731936,1.4296952,0.019643333,0.17338254,0.478093,0.24067244,0.08556742,0.42715785,0.41014224,0.14833406,0.21433578,0.120436706,0.7073574,1.1037706,0.0064389524,0.093194515,0.32256317,0.0,0.115202844,0.64398694,0.49374452,0.17915519,0.27628872,0.16289148,0.20995834,0.045667693,0.0070146406,0.640265,0.40446693,0.44083437,0.22114336,0.0070064506,1.344226,0.40905687,0.7445198,0.034260347,0.5838834,0.3540155,1.1260947,0.4008297,1.3735067,0.56686145,0.5974921,0.20595472,0.007127522,3.8541303,1.0085601,0.13622093,0.017337246,0.015855854,0.17249033,0.46443164,0.07096532,0.45411813,0.62445736,0.19712634,0.45620883,0.072348945,1.441867,0.72644866,0.18466456,0.79466814,0.0,0.17615663,0.88115233,0.57015985,0.5110668,0.010541391,2.4317973,0.98354346,0.2950672,0.29576296,0.80266255,2.1147947,0.24373798,0.9574834,0.8962894,1.460187,0.31004414,0.2852255,0.69854707,0.4456379,0.77411664,1.183584,0.75604135,1.0632031,0.22022267,0.4839689,0.015834427,0.32077265,0.02807215,0.68682337,0.40825316,0.3427838,0.64930034,0.1542673,0.05115378,0.16988121,0.3939209,0.0070797503,1.0309669,0.036999725,0.20711493,0.1271016,0.810768,0.15081303,0.3097585,1.2698133,0.72933984,0.4856357,0.4703014,1.0836066,0.6598898,0.5070794,0.30005664,0.7371717,0.32174903,1.1507705,0.22573833,0.057439182,0.26103514,0.64124024,0.696312,0.91244763,0.0004182622,2.070018,0.55028695,0.055184994,0.37599403,0.10679525,0.5030415,0.88930523,0.21316828,1.0707294,0.029222103,0.23461808,0.280484,0.065367885,1.3296489,1.076422,1.3197017,2.8407211,0.39419025,0.049627848,0.5566893,0.56739753,0.16205041,0.19707261,0.35892272,0.28937826,1.7799022,1.5474777,0.009894021,0.8382963,0.9526154,1.2079623,0.43682173,0.6087454,0.47754943,0.06989661,0.6731041,0.04695557,0.85176504,0.7542151,0.029689958,1.8737986,0.0,0.34485438,0.12782452,0.40239957,1.734392,1.5637524,1.6516172,0.13593419,0.108555585,1.2761133,0.33635274,2.1016102,0.0,0.108893394,1.4325665,0.068267226,0.52348554,2.101567,0.46958518,1.7580658,0.53217226,0.24838844,0.00045928123,0.77508265,0.016212862,0.48329163,0.0924869,2.6668239,0.020855032,0.66511536,0.40010184,1.4080012,0.33133864,0.7438564,0.42329866,0.16982974,0.0,0.44859853,0.007709375,0.51983565,3.7475438,0.89168376,0.34042054,0.4028666,0.14768492,0.2473519,0.054690488,0.50220793,0.35464865,0.12747265,1.9853989,0.43517038,0.4640822,0.7880194,0.31870976,0.34911537,1.0614878,0.99146813,0.89106625,4.6995378,0.37895578,0.8094927,0.014286646,0.030251611,0.2151911,0.61922073,1.282962,0.5997035,0.35931566,0.59343547,0.6312272,0.049724452,0.21479739,0.4572911,0.5652983,0.15926743,1.0062606,0.4093568,1.0491568,0.4383054,0.073370785,0.19176811,0.6090354,0.11106595,1.3418434,0.057351783,0.84195894,0.447284,0.26885268,0.7711424,1.108072,0.33011892,0.24625301,0.2054612,1.0306233,6.7923846,0.61554754,0.43522915,0.39188448,0.09708288,0.07063312,0.08452871,0.814399,5.5537343,1.4118633,0.30408737,1.2980646,0.005058913,1.2617561,1.222878,0.14588645,0.93421024,0.50361884,0.39503497,0.14098169,0.0,0.3932668,1.3373771,0.64593273,0.5742717,0.48770282,5.136863,0.11326365,0.12141465,0.09449371,0.08538164,0.26700827,1.0611895,0.1878617,0.47893944,0.106960595,0.74362195,0.7243177,2.8343477,0.102362946,0.5682255,0.13592356,0.54355645,0.04144788,0.6090611,0.048398327,0.40883192,1.0151621,0.07684235,0.57453555,0.5410466,0.05878716,0.26084003,0.5369135,0.18961048,0.5383835,0.0,0.46897814,0.42906648,1.0708776,0.08487645,0.7998914,0.5298022,0.5145861,1.1234868,0.051470034,0.4622199,0.2254206,0.1618009,0.04051086,0.21164273,0.08109312,0.43864813,0.38690796,0.40928954,0.41632402,0.2458575,0.42600366,0.6252471,1.1892502,3.583945,0.7720493,2.137913,0.013133341,0.041710082,1.0092481,0.52244616,1.3076762,0.24149528,0.16941395,0.0041970494,0.17849508,0.6675004,0.3294103,0.035387427,0.25946048,0.61931205,0.78137136,1.2061592,0.54539275,0.58376116,0.28937414,1.0046959,0.23655808,0.03720992,0.34335116,0.37926337,0.0019274297,0.070700124,0.8720991,0.07691555,0.2582051,0.79728293,1.4081773,0.6577282,0.0,1.7568182,0.10658485,1.7913566,1.4783673,1.2284744,0.5723635,0.7511746,2.3237526,0.5527356,0.92275363,0.23112802,0.34902942,0.034361426,0.19784649,0.2671857,4.0168114,0.59804803,0.15666017,0.13783512,1.4565744,0.20104685,0.6932969,0.07699788,0.02868807,1.1202499,0.150979,1.869623,1.0418789,0.103811815,0.73719114,2.2798736,0.7334987,1.5756873,1.0563384,0.49423924,0.43200752,1.9538945,0.44599184,0.62405115,2.0218613,0.89916474,0.36447036,0.62268966,0.012708558,1.1589739,0.18727309,0.13967635,0.00043450692,0.25547644,1.7522745,1.5435504,0.0,0.39752966,0.621981,0.23351212,0.0,0.3558514,1.403117,0.04885904,0.44177276,0.19409677,2.5172148,1.9230176,0.13410139,0.13526744,0.31545398,1.9334382,0.24470946,0.5983049,0.04907301,0.22684179,2.4263217,0.031186668,0.18855052,0.0051487326,0.11527421,0.23300393,0.29667458,0.0,0.08384362,0.09510358,5.5326567,0.7508794,0.6337396,0.27276033,1.9055431,0.0,0.11311675,0.7114281,1.0610951,0.031933513,0.5235478,all_pothole_images\pothole_images_enhanced_433d825a4906ee44baa5d2eb51b81770.jpg
0.0782241,0.88996845,0.5623638,2.1596684,0.61795217,0.008595424,1.1654943,0.9576833,0.18241115,0.77900267,0.6645795,0.5608025,0.025099397,1.3757685,0.0,0.43087187,0.74854416,1.9598302,1.7399149,0.026587816,0.77772933,0.29406655,0.5926322,1.269435,0.4485195,1.2230039,0.58291906,0.15629342,0.0,0.26526085,0.10388853,0.24601945,0.20519313,0.10063951,0.28694153,1.113654,0.14389925,0.13051732,0.17523892,0.724614,0.0,0.73360825,0.7275017,0.29338995,1.3181862,0.64226717,0.97230685,0.0,0.9531192,0.59441435,0.7781406,0.28034556,1.1040455,0.0014507835,0.94935966,2.7765696,1.4546366,1.0207174,2.0956426,0.1806096,0.33743355,0.18031514,0.35747007,0.077883855,1.4936311,3.8054729,0.43703634,0.40971488,3.410772,0.41524613,0.26016253,0.4440408,0.19617,0.00054478814,0.36411983,0.035298638,0.85661596,0.836493,0.011042735,0.06176261,0.0024181008,1.1041061,1.8830009,0.94579494,0.8597126,0.4678271,0.776836,0.10283598,0.7811783,0.61583185,0.004170308,2.2971041,0.40355253,0.1555621,0.23223417,0.2372475,0.9409688,1.2608865,0.12522109,0.07118907,0.5479732,4.144494,1.109395,0.6075753,1.1884084,0.49518535,0.29548493,0.6367519,0.15592426,0.36565924,1.1391112,0.9492775,0.40280843,0.63403064,0.38564098,0.5951194,0.11248768,0.16469075,1.9880315,0.10758654,0.0057707457,0.14788494,0.26259366,1.4941853,1.3586116,1.1909671,1.3542669,0.33024004,2.1602523,0.0,0.5838859,0.61251295,0.5561673,0.3751307,0.2678213,0.17348982,0.019386644,0.2926696,0.36450833,0.124833085,1.3741847,0.47902703,0.8846697,0.6794301,0.039976943,1.2134811,0.2354741,0.6296004,1.5544349,0.38758773,0.2512516,0.43230695,0.11093559,0.05753672,2.8247654,0.12713149,1.1775357,0.42200792,0.0060298564,0.31379995,1.097656,2.6865544,0.41144428,1.0410062,1.5255172,0.00817744,3.2165442,0.8345647,0.49089387,3.1300485,0.13864079,0.0,0.006715821,0.041393667,0.4365998,0.24590531,0.09264577,0.22249483,0.7470904,0.10140483,0.25861192,2.2139146,1.5222892,0.6720523,0.7172651,1.2236205,1.1863283,1.1860602,0.20614986,0.804275,0.22316313,0.0008857315,0.28786632,0.9091528,0.012997774,0.18643342,1.705355,1.5377808,0.056069538,1.2046776,0.12527671,2.0914469,0.11143201,0.07591816,1.3869417,0.54973626,1.4748049,0.4014318,0.8121419,1.5115541,0.040418565,0.080843665,0.20024846,0.48332214,1.3651444,1.432774,1.1876762,0.434909,0.038851228,0.11243977,0.22922021,2.505488,0.2571593,1.2558192,0.0,0.020545438,1.1297768,0.25862738,0.55657107,1.4916724,0.70305544,0.6931555,0.25823352,0.5107849,1.1030654,0.0289788,2.438303,0.72744507,0.022998713,0.07499215,0.20418812,0.7061307,0.0656027,0.98141366,0.19355279,0.69866055,2.4207256,0.22384854,1.4928865,5.7278657,1.2603945,0.011669105,0.41794524,0.17658357,0.0,3.969482,0.41328222,0.7430918,0.7945331,1.1888297,0.22631896,0.015109588,0.0990028,0.21064174,0.49919245,0.01851075,1.3474952,0.25215277,1.7512773,0.06274977,0.8457545,0.0,0.47100797,0.56902945,0.06881375,0.5611459,0.10528645,0.56736505,0.34538436,0.3022204,2.5095885,0.6754622,0.37709135,0.011915288,0.0006721363,0.15322888,0.11499813,0.040582307,2.5519776,0.35178173,0.22352545,0.19277436,0.31613058,2.3350976,0.5091854,0.12711377,0.06950753,1.3910387,0.11912654,5.1084657,0.57681155,0.10923325,0.0,0.004378446,4.356505,1.2297384,0.074883014,0.3390629,0.09234983,0.34839955,0.53443605,0.9947114,1.8819951,0.59367955,1.0651271,0.49385852,0.26335785,0.43693417,3.030766,0.20419143,0.39987057,0.09424683,0.2125698,0.8333746,1.7639853,0.8052941,0.16419624,0.018269654,1.1702328,0.0019717542,1.5853345,0.3609173,1.6090322,0.0,0.0013044794,0.5389859,1.5509595,0.20162673,0.57225525,1.0312859,0.59201795,0.31240308,0.28667003,0.75887966,1.1416738,0.32891417,0.008168184,0.15142721,0.21827112,0.04598777,0.38967782,0.21259603,0.9393331,0.37789232,0.030083902,0.32642344,0.45708466,4.482294,0.89263356,0.33402473,0.74714875,0.3650966,1.6748741,0.035689294,0.19628038,0.089299515,2.9213593,0.0006980014,0.5620219,1.2547442,1.8350912,0.20332988,0.3995615,0.31425798,0.84878594,0.21621726,0.31006363,0.35199064,1.3483374,0.15028904,1.4121945,0.08203224,1.0295199,1.0001428,0.43560573,0.49576497,0.9410244,0.06390299,0.19563855,1.1328439,1.950206,0.098405845,0.37281245,0.5724169,0.6669381,0.009391911,0.97495735,0.8162341,0.6452287,0.0842285,0.37904605,1.4098629,0.07889857,0.8076785,0.71474034,0.3012231,0.4782686,1.2898589,0.26948893,0.16749544,0.010979549,1.2761507,0.19982961,0.105914,0.72274375,0.6705976,1.7996761,0.37080428,0.39294714,0.0023997782,0.7804897,0.55415696,3.880339,2.6885934,1.088241,0.1348056,1.1892219,0.011660208,0.33018827,0.05970958,1.1214029,0.9855391,0.30411744,0.0789383,1.7197304,0.94199526,0.052566115,0.13998713,0.866629,0.11897845,0.09452982,0.35112777,0.1399325,0.010024337,1.0669352,0.2628732,1.2701983,0.5485938,0.3378656,1.9048468,2.8733726,0.13627623,0.07625424,0.0010113479,1.9489064,1.1258566,0.44218063,0.18299496,0.3347719,0.6582621,1.9393399,0.26358005,0.92981285,0.0070791165,0.31231007,0.63222563,0.09286939,0.12506828,0.3059845,0.5494688,0.13691933,2.7747324,0.9815782,0.059280824,0.81305647,0.13416922,0.22133002,0.88767505,0.31455448,0.104187995,1.5211471,1.1919076,0.60968274,0.091713026,0.15904318,0.49231353,2.7802525,0.25973877,0.70286644,0.0,3.2161708,2.4231527,1.0353856,0.22027007,0.0,0.049873788,1.2406896,0.568743,0.8737378,1.5254984,0.33339745,3.1544855,0.14949434,0.63689214,0.41720745,0.2995043,1.1519686,0.39204782,0.6920731,0.7604949,1.0422895,0.42569485,all_pothole_images\pothole_images_enhanced_43902c34a6f66766bfcefa8fd29147cb.jpg
0.60331094,0.9957195,3.1910136,0.7908129,0.61144775,0.002366232,2.9075372,0.0,0.23209707,1.528658,0.53532165,0.9018639,0.11434915,0.7494351,0.06473789,1.2013245,0.27089375,1.1993747,1.2692416,0.6047777,1.1718132,1.5992589,0.6966808,0.92038333,1.8126061,0.07915394,0.9114305,0.5640926,0.031992313,0.9668147,1.0188122,1.3213142,0.44565645,0.15116885,0.23378862,0.70457,0.68468624,1.434507,0.06160457,1.1904738,0.45463568,0.2633298,0.2964577,1.2064239,0.5370151,0.2015151,0.6840734,0.018846657,0.3833906,0.36986634,1.2347437,0.4910177,0.80931294,1.88156,0.632654,0.14624576,1.7137756,0.63448286,0.8774079,0.5030429,0.2866674,0.9987509,0.18914953,0.0868591,0.25779408,0.7076911,0.024277024,1.0630553,0.44700575,0.39002925,0.08713952,0.058751605,0.227121,0.45276174,0.23815559,1.2430283,0.7544466,0.97253674,0.0,0.61083674,0.33411425,0.23537602,0.0,1.521641,1.620602,1.4931264,0.0,0.28172433,2.7031112,0.49712402,0.46771342,0.19568501,0.13635759,0.044632886,0.0,0.05463965,0.12763868,0.9527907,0.25929186,0.5879532,0.18566033,1.5326355,0.09171261,0.0053873286,0.06876629,0.6334241,0.011383521,0.4796219,0.10845363,1.5240006,0.28680006,2.6655126,0.056670208,0.7664823,0.5882745,0.825317,1.5087893,0.13774592,2.9411926,0.63040835,1.2918121,0.97707725,1.4557598,1.4889022,0.67504054,0.9639343,0.47576225,0.47996703,0.21047729,0.154598,0.14759968,0.51767606,0.4506118,0.12793282,0.03277347,0.1578103,0.3485947,0.02645268,0.26407814,0.55834043,0.31449166,0.29515472,0.81155163,0.95462984,0.02017678,0.00889429,0.467738,0.2103104,0.9787431,0.49452657,1.2930717,1.5221574,0.16748692,0.6227755,2.0772402,0.0,0.35981318,0.13435048,0.15298718,0.20460185,0.49271348,0.35368755,0.2623851,3.56177,1.4144965,0.9980165,0.5914168,1.666657,0.38153106,0.18954207,0.0047793807,0.002140405,0.052032582,0.14672244,0.6854905,0.08252193,0.19408537,0.0,0.17931506,0.5573008,0.17864628,2.648381,1.5956981,2.1564164,1.3580126,0.25688744,0.22468497,0.7472642,0.74462676,0.52820194,0.81466675,0.14555009,0.0,1.1485587,0.15884568,0.016815899,1.3515131,2.5452006,0.9810154,0.28577486,0.2986897,1.3137141,0.2491703,0.24986745,1.3847747,0.6501275,0.8925683,1.4659246,2.751053,0.35651973,0.039118174,0.13018687,0.7055143,1.4303747,0.41362295,0.4959099,0.46472755,0.035563868,0.6830051,0.03772087,0.56134886,0.21283668,0.23540449,0.5869436,1.1304694,0.68072164,0.42460275,0.08156576,0.15344697,0.035292823,0.21637608,0.44626376,0.60809445,0.038862105,0.5913475,0.15776466,0.7507195,0.36182854,0.5990057,0.4665651,0.43948865,0.10165316,0.13984594,1.2670697,0.14752573,0.13113767,1.2804995,1.3721684,0.22605285,2.169217,0.113311425,0.35192052,0.46737164,0.7751512,0.5718293,0.5948784,0.61719114,0.7009955,1.635378,0.8953278,1.0502985,1.2963613,0.71912473,0.80050343,0.09554228,0.8804944,0.089800686,0.535726,0.38335022,0.71567535,0.8313754,0.028510604,0.16158438,1.0916042,0.25540853,0.90099365,0.02079931,0.22886813,0.673962,0.32018414,0.0,0.6066265,0.95267093,0.0,0.13853739,0.36457077,0.14921644,1.5963781,0.9672587,0.24919996,1.2068911,0.5664645,1.1734922,0.36247227,0.31923956,0.298799,2.8898644,0.98659277,0.10927586,0.15852362,0.49533966,0.29260984,1.0782624,2.3733978,2.1827114,0.2493175,0.2775881,0.57962114,0.5167576,0.19679816,1.8334175,0.54519826,4.4799476,2.548562,0.42048192,0.651965,0.0038029265,0.30255985,2.688583,0.44681105,0.58255273,0.0906189,0.265164,1.6949388,1.0484747,1.4280509,0.3022181,0.26014924,1.0057719,0.8203232,1.8716605,0.2454333,0.26279002,0.28457588,1.5848863,0.28391984,0.7238859,0.6633166,0.23608159,0.051244114,0.7708069,0.45421717,0.691949,0.12704442,0.13590704,0.066403896,0.1344071,0.36458567,0.039068043,0.071540765,0.1503475,0.59642214,1.6426458,0.4375013,0.028382875,1.5887939,1.386723,0.5143869,0.25474775,2.1974468,0.15710522,0.3933471,0.23306808,0.6598087,0.4267074,0.5959537,0.4288845,0.18798123,0.5732275,0.012583182,0.46954894,0.51275164,0.9935486,0.39068806,1.213802,0.08614633,1.0419433,1.2603099,0.52825344,0.19819279,1.4214745,0.32683274,1.1234627,1.0363972,1.5977231,0.84372103,1.3984325,0.0023710413,0.32978344,1.633017,1.0355738,1.0988712,0.7918195,0.41107094,0.14067474,0.32567245,1.1394743,0.9563645,0.980423,0.10306899,1.6338629,1.1989706,0.3688431,0.5725208,0.1466011,0.8021418,0.2201034,0.024361366,0.042464834,0.24642901,0.17453519,0.19941415,0.8206559,0.8069075,0.19536528,0.6138803,0.2883746,0.0038058136,0.1404823,0.09378803,0.15456739,0.19941434,1.4774079,0.79567707,1.2817186,1.1390004,0.7741522,1.563162,0.2143998,0.45173925,0.35292205,1.3226653,1.4335628,0.6098657,0.27928865,2.6508167,2.0094888,0.6965321,0.23509769,0.4793497,0.18326595,0.06685295,0.0,0.6177688,0.9069982,0.06548802,1.3199601,0.41067496,0.013366334,0.74698,0.442862,0.043879766,1.5497645,0.43155462,0.8328906,1.3154035,3.0076501,0.5327961,0.020850651,0.6857974,0.78747636,1.0943404,0.20807827,0.29287326,0.5916621,1.4286412,0.26956925,0.20313905,0.49091688,0.12505747,1.554356,1.9855214,0.1824297,0.50278115,1.1312646,0.13517727,0.50152105,0.19295365,0.11885742,0.13028572,1.8645147,4.001616,0.72651327,0.615251,0.008788852,0.4023274,0.8453309,0.3596436,1.0158808,0.79912347,0.60268533,1.8860065,0.1972198,0.04277982,0.28311518,0.052863408,1.0282687,0.18209314,0.06585361,0.20955524,1.9614265,2.1118064,0.5085149,1.193295,0.31439945,0.0027416972,0.0,0.41472238,0.35659358,0.09108643,0.7526595,0.08781608,all_pothole_images\pothole_images_enhanced_43edd1a25619d47b00f6a6c71d653ad8.jpg
0.3108475,0.28479427,0.64407504,1.2595763,1.5335546,0.1368228,1.645813,0.027950425,1.0737088,1.9289192,0.79095775,0.50561297,0.1167305,1.49342,0.18965437,0.6786832,0.022972306,0.70243144,2.5353026,0.8381911,0.65979826,1.1710863,0.2537975,1.7747992,0.67436105,2.5573668,1.9208179,2.1938188,0.06320817,0.06335385,0.07773491,1.0739257,2.0615745,0.5772055,0.6410451,1.6786368,0.35880163,0.8407398,0.047377825,0.07392537,0.5205607,0.70747405,0.9524768,3.4498928,0.40834007,0.7820051,0.9693212,0.009281649,1.3635876,0.6424886,0.9746026,0.6956006,0.9434068,1.201439,0.29696244,1.3223752,1.6889726,0.12275079,1.3186408,0.0020552855,1.5927042,0.27106825,1.8238189,0.46950334,0.9459137,2.072525,2.2408001,1.1654192,0.13781394,1.2142372,0.028773597,0.17272212,0.21287271,0.29739606,0.9690349,1.1222537,2.0678098,0.18403497,0.07577543,0.32997996,0.18251762,0.19834572,0.99513006,0.6509431,0.51137054,0.370526,0.013291222,0.09269559,1.5580876,0.10530613,0.45706853,0.20772758,0.0,0.0,0.0,0.123541676,1.1320822,3.276602,0.07461435,0.15911561,0.0,2.746438,1.3484432,0.10356806,0.37403682,0.3829552,0.17613932,0.3137556,0.76303774,0.4243753,0.63978255,1.2064285,0.08881324,0.43083915,1.047518,0.03494084,1.1054113,0.14755553,2.8921225,1.40154,3.3000388,1.8529994,0.22579053,3.687544,0.9820069,0.67473507,0.43155533,0.3448174,0.11763745,0.11373559,0.8025615,0.18615806,0.71744394,0.72712564,0.15660818,0.03198594,0.077219576,0.101697505,0.49984524,0.049206212,0.5996873,0.02871816,2.52866,1.7894253,0.51563764,0.65684235,0.1591198,0.0047968053,1.5185552,0.9633291,0.7527641,0.22440599,0.0006227604,0.0052231,3.3274932,0.4223297,2.3015213,0.36372367,0.05877021,1.579074,2.6731582,0.2983933,0.04823909,1.4811656,0.43277273,0.07432035,0.97394675,1.0528877,0.19231345,4.5791006,0.11682561,0.32883748,0.22648811,1.1096387,0.0077962945,0.36432132,0.41144726,0.08506072,1.1408429,0.06750418,0.1576002,3.0591252,2.8067539,2.1511838,0.11020099,2.2890904,1.2182386,0.040168308,1.5006667,2.2681649,0.25434956,0.12555596,0.7449445,1.2473089,0.91892177,1.5675904,1.8025514,0.6537062,0.30152828,0.5405672,0.0047074845,2.0377243,1.178625,0.35951146,0.998094,0.23834251,0.6712632,1.3569912,1.0678886,0.13345754,0.0,0.41894802,0.5696958,0.84623384,0.675795,1.6390063,1.3314552,0.66529644,1.50298,0.41455466,0.24926282,0.6048909,2.1251223,0.5308785,0.0647293,0.4015764,1.7336752,0.9591298,0.7190181,3.2047312,0.19485283,0.53506297,0.28975087,0.17609252,2.5540721,0.0,0.89306885,0.03822755,0.004548631,0.002856738,0.27227938,0.3547669,0.08542777,2.3003192,0.22042155,0.43184826,3.404409,0.19318311,0.46519524,4.1276364,3.461308,0.8615959,0.17471625,0.4701221,0.612345,4.378493,0.7771428,0.2702894,0.9473392,1.078669,0.39818284,0.25366187,1.07665,1.3111538,0.16900471,1.2230953,0.035814952,0.61593306,0.37559572,0.07809191,0.0758886,0.16775446,0.30480015,0.5446861,0.41655883,1.4161206,0.37727806,0.16953461,0.8567473,0.33889037,0.11002318,0.6254892,1.9565862,0.035213582,0.47080657,0.20409666,0.98825365,1.0479802,3.5292542,0.0011578433,0.36993006,0.9436878,0.37524134,0.8103175,0.022605529,0.647636,0.548126,0.87238145,0.3782608,2.0919712,0.11397177,0.8410317,0.6667358,0.032893565,5.1238227,0.6287053,0.18730545,0.80844194,0.09853178,0.8136706,0.7008471,1.1706692,3.5616987,2.1712549,0.27813026,0.5073237,0.7118426,1.0249989,2.785027,0.40830803,0.4963321,0.05158299,0.29164484,0.09382164,1.7320431,0.061422765,1.490735,0.048678756,0.32761547,0.13079843,1.0019343,0.13257645,0.016539825,0.032187816,0.9949677,1.7057496,1.8065599,0.5361582,0.43199247,0.16149445,0.7275586,0.74387413,1.4157811,0.06985827,0.39297912,0.12790428,0.2287015,0.11724782,0.2650495,0.24227364,1.6038,1.1399521,1.9743246,0.050470926,0.039269693,0.75766706,0.51727843,0.61682665,0.8915401,0.05552059,1.3648915,0.23808584,0.36935398,0.06276001,0.2914157,0.69468844,0.6734086,0.08091664,0.79961663,0.80576533,1.0163529,0.7865089,1.5449221,0.74623245,1.4994031,0.83914745,0.6505998,0.0006805,0.44931877,1.2387172,1.3465796,0.077079006,0.836687,0.667617,1.5109605,2.2135832,3.0937824,0.16751191,1.1266972,0.15888666,4.500056,0.088096,1.9900154,1.1138524,0.26971692,0.26460004,1.4745601,1.5164069,1.0860562,0.0,1.4950253,0.48578957,0.14047039,1.4119568,0.14240812,0.50100285,0.3532655,1.9268341,0.17966035,0.47806984,0.8334249,1.3682721,1.0176195,0.60193807,0.15273377,0.504923,0.57832855,0.19854058,0.39529714,0.15478376,0.937123,0.10868734,2.6630797,2.5223548,2.2818272,0.16810277,2.5512307,0.36535215,0.05211143,0.10317313,0.38715407,1.5330664,0.6457764,1.9565986,1.8123941,2.290442,0.5478824,0.9075218,0.061092082,0.0,0.31669867,0.11854328,0.21760048,0.016882734,2.2859058,0.008797923,2.49255,0.30710757,0.7083474,0.74101335,1.9786918,0.27581957,0.27646664,1.2081896,0.4599803,0.51636636,0.6909383,0.6501979,0.11893976,1.0599333,2.345509,0.35039634,2.1264386,0.59302706,0.378011,1.1563624,0.045253184,0.05663119,0.71505797,1.9285729,0.3403337,0.8584649,0.3113927,0.28123677,0.1109073,0.54211426,0.2489842,1.2295694,2.1801412,0.25859854,1.5400115,2.352662,0.58941114,2.1067197,0.0,0.49391407,1.323923,2.5379038,1.0604962,0.48194027,0.07840058,1.8545473,1.7688601,0.73257244,0.20492542,0.0,1.4271065,0.054468967,0.4208701,1.1608477,0.18922198,3.2087164,0.40729764,0.64002746,0.77516764,0.1595627,0.088892244,0.04995129,0.4639111,0.25140658,0.3584175,0.59060156,all_pothole_images\pothole_images_enhanced_4404d9d65f39109ec4e048eefbb39254.jpg
0.3972411,0.30775583,1.10949,1.80131,0.3924071,0.20445544,0.43247673,0.35970968,1.3490338,1.3397816,0.24708405,1.1820893,0.294805,2.0067215,0.14376113,1.5862497,0.43198115,0.403027,3.0240746,0.780376,1.3574735,1.4783615,0.30100283,2.0249264,1.3215644,0.5492116,0.07943096,1.3358563,0.30993378,0.13922757,0.26180208,0.330953,1.2801207,1.1291561,0.20247754,1.7473944,0.3565071,1.7160274,0.62478137,1.1175802,0.14672282,0.03774019,0.4152481,1.4041387,0.6112214,0.45149073,0.073307574,0.5142935,1.6292344,1.1003078,0.27427006,0.0962959,0.88982874,0.38139248,0.19021589,1.421988,1.9468064,0.20068,0.60625565,0.66876435,0.08367911,0.1650521,0.26590234,0.43003327,0.33531556,2.1833785,1.035984,0.063597426,1.2768542,0.15990205,0.014272298,0.19869044,1.3556411,0.3216384,0.3980032,1.7263585,0.17603366,0.743228,0.2696473,0.25406453,0.12969004,0.41749167,0.38091627,1.822606,0.60400146,0.55496156,0.07263088,0.42762595,1.4414475,0.75198364,0.50970715,0.03148686,0.03145756,0.517885,0.40221912,0.0067765857,1.9147613,1.7956614,0.4023217,0.059041437,0.47302952,2.249096,1.404835,0.012345006,0.60236263,0.39870247,0.17637272,0.12910339,0.87150025,0.1165833,0.0,4.392878,0.67893225,0.19615863,0.5197419,0.12936696,1.9800496,0.9833937,4.544768,2.8210664,2.1750453,0.68362397,0.54103434,1.3643254,0.70961946,0.69220203,0.33694753,0.93269765,0.8938124,0.044621307,0.71052915,0.0,0.37928092,0.08193338,0.121207796,1.591295,0.361752,0.6885063,1.1127881,0.12868759,0.05611827,2.245166,0.29144007,0.32632604,0.14404249,0.33231747,0.17561902,1.2261815,0.8952899,0.0025623683,0.53518075,0.5710963,0.16505705,0.027666954,1.8558279,1.2287073,0.45469368,0.8944126,0.25264674,0.3074585,2.3564756,1.7640606,0.22170864,1.2725642,0.04417401,1.0099492,0.18548408,0.30249208,1.0583038,2.793398,0.0060085277,0.0040579326,0.11040504,0.53102046,1.107923,0.26527968,0.25656763,0.005266194,0.05393062,0.47657618,0.13692544,1.9196787,1.1305538,2.485529,1.9459814,1.195656,0.7255669,1.005528,1.6401557,1.7700517,0.15310496,1.4619408,0.0,3.0009022,1.4304098,0.795592,0.65342337,2.7672343,0.7421895,0.859282,0.6900985,1.0515828,0.62230027,1.0133712,1.66972,0.031286906,0.10174154,0.17991069,1.4683084,0.1137735,0.24387495,0.012556342,1.4502609,1.2488136,0.98892295,0.47956347,0.36282647,0.29423568,1.1400452,0.16981858,0.12091936,1.5402044,1.3651824,1.5131516,0.018259903,0.09628128,1.9616238,0.9221133,0.38016602,0.9908006,0.13217087,0.008086396,2.301802,0.5257618,1.3467953,0.5858356,1.1801175,0.27478045,0.06684144,0.65161765,0.60393953,1.7309688,0.20555058,0.8622396,0.3113104,0.03530883,1.156579,0.4623853,0.48954505,4.2431407,3.4717815,0.6123251,0.21367817,1.4036598,0.032021005,0.08988422,0.71434486,1.7565542,1.0853988,1.1594784,0.095918715,0.01494679,0.0215117,1.5386268,0.81822854,0.8745993,0.3607896,0.30226135,0.8028522,0.47871366,0.519935,0.19883032,0.0,0.99208295,2.4210844,1.0368536,0.47549224,0.4329485,0.38144892,1.0855312,0.18884817,0.73696303,1.0257258,0.07169331,0.11002998,2.4521422,1.9389738,1.5280594,0.2791122,0.49805832,0.16666383,0.24268535,0.21934478,0.98223525,0.65875787,0.8779499,0.3595422,1.5292282,0.67376024,0.83831775,0.12807375,1.675768,0.32370943,0.46678647,4.270525,0.009359228,1.0596468,0.49816468,0.5787908,0.22600563,1.2752581,1.083107,4.2396555,1.7960426,0.005826132,1.9580956,0.09321617,0.5493773,2.0627923,0.20299685,1.5168017,0.28717196,1.163034,0.17370118,1.3095387,0.14755541,0.20612101,0.71969855,0.4275827,0.63617533,1.7084821,0.8970361,0.026391737,0.24200913,0.30631217,0.1659403,0.9945481,0.29350063,0.07437512,0.020114215,0.28048828,0.8711694,2.4746575,0.43537116,1.5548295,0.11198884,0.0,0.23885174,0.45363796,1.6867416,0.07751234,0.07899715,0.30733004,0.9726036,0.22477683,0.7979554,0.03507004,0.5883835,1.7798336,0.8447759,0.05353546,1.0717047,0.39088368,0.7487702,0.458847,1.1602598,1.8316149,1.0519704,0.098413706,0.6782499,2.0891154,0.23433371,1.4356529,0.08424678,0.7883238,0.15138294,0.1186631,0.36088607,0.37479144,0.9796177,0.38527614,0.01845526,0.612445,1.8424754,3.5112076,0.27537,0.3530621,0.0,0.09520828,1.7280687,1.845629,3.1202254,0.50871694,0.28329584,0.11485132,0.16461489,2.3341596,0.45571136,0.5498384,0.026303858,3.0442667,1.0776209,0.3989404,0.32707354,0.26647243,0.25542876,0.13347405,0.49686205,0.10868231,0.0011757235,0.0,0.40622935,0.15443727,1.5811615,0.006383858,0.3933627,0.71515274,0.27261093,0.52705854,0.7077779,2.6063266,0.3845404,0.39694956,2.4921253,1.4318355,0.39346215,1.6880398,0.5772711,0.15578727,3.1269562,0.17485479,1.6024942,0.054526307,1.0510032,0.59083384,5.009274,1.7588202,0.5947185,0.9824555,0.92057365,0.28772137,0.9172267,0.1909881,0.9516182,0.32831648,0.40238905,0.7567711,1.0203775,0.021517573,2.1040578,1.5264366,0.4343755,0.31123415,2.1698225,0.8078197,3.2843387,0.53746206,0.74830115,0.654202,1.9467446,0.097564206,0.49832636,1.2541713,0.1359272,0.75069714,0.8152111,0.9660182,0.0,0.054549254,0.1638546,0.86896294,1.3521098,0.13587178,0.3657706,1.7904017,0.552728,0.589515,1.5987757,1.2961589,0.013428661,0.97210336,4.85401,0.77679086,0.3508496,0.0,1.3362721,0.6861493,0.2193579,1.457157,0.30981112,0.71378875,1.7784413,0.21766764,0.39381534,0.19068687,0.028411264,1.0776591,0.24306464,0.5439393,0.5369925,0.19151816,5.573105,1.4792312,0.007981981,0.5028102,1.1171772,0.12689388,0.2609309,1.5368775,0.26524827,1.6335008,0.37075263,all_pothole_images\pothole_images_enhanced_44141d3703659d17835be63036972727.jpg
1.2721497,1.112768,0.6632332,2.5209014,0.6136121,0.29617968,1.024795,0.47790208,0.44747177,1.0934267,0.79568076,1.3796401,0.051393975,1.4269751,0.12957059,0.8665935,0.24547538,0.29897562,0.25899002,0.31596264,0.46825486,0.42276224,0.58877015,2.2834709,0.1492957,0.26794067,0.0,1.1812724,0.2182532,2.072605,0.7935358,0.20366244,1.211286,1.5729965,0.25983492,1.0755228,0.7103526,0.37261534,0.34158057,0.4616121,0.48068953,0.18413468,0.25010246,0.44622433,0.24744812,0.8791306,0.05936957,0.12054122,0.22861356,0.014704741,0.5307948,1.5927513,0.610431,0.060653005,0.13483185,1.7333299,1.9003108,0.50037265,0.58508754,0.0021789353,0.0031145061,0.6280053,0.9769835,0.307274,0.13270184,0.22825022,0.12586917,0.93587977,0.014895468,0.07617694,0.22215283,0.005461294,0.14267075,0.231035,0.15762211,0.842435,0.36347184,0.7811409,0.22235222,0.44742566,0.77235746,0.32534245,0.2423198,0.174138,0.031621363,0.37132925,0.067775466,0.05974215,1.9198079,0.276242,1.0080199,0.23959112,0.011953792,0.25531262,0.6440789,0.20731063,2.201576,0.8254351,0.23449613,1.5924932,0.015288488,2.525261,0.522014,0.55203736,0.8422643,0.4258254,0.25664437,0.25914723,0.4351067,1.2132281,0.104188964,1.2975796,1.4562014,0.8118893,1.2200619,0.16205297,0.13706774,0.98076737,1.0203797,0.1666934,2.993126,0.049649697,0.46770695,0.99392456,0.581427,0.23330396,0.75346464,0.69332457,0.20738624,0.060625847,0.23231412,0.14272676,0.31684193,0.83273584,0.73793775,0.7322487,0.2851738,0.6470002,0.40044847,0.24939229,0.5531393,0.7735322,1.3534904,1.4076254,1.069781,1.0530695,0.81987613,1.0720278,0.6369588,0.23505639,0.39042258,0.82676226,0.5570851,1.4151031,1.8905683,0.2915808,0.69088197,0.27940106,0.123720884,1.7238991,2.4655025,1.1112645,0.072266415,1.2732385,2.3808472,0.100482054,0.2420151,0.0829939,2.9832795,0.7258629,0.07136116,0.14816558,0.2731119,1.104851,0.45614612,0.6930398,1.3409181,0.0047095753,0.4632703,0.26521108,0.2052002,1.7233248,1.1674021,2.093186,2.1822457,2.1149042,0.87647617,0.10594884,0.4435627,0.46461618,0.40520242,0.110549495,0.005260871,2.9937875,0.73198545,0.32933632,0.9777357,1.6097529,0.5232062,1.650764,0.60092187,2.1626391,1.2600148,0.25718558,0.07842373,0.56966525,1.2491803,0.5283801,1.5181346,0.45309883,0.055952452,1.0311217,0.87403727,1.2619555,0.6770091,0.6832174,0.53533226,0.044281237,1.7129822,0.008984263,0.3850496,0.20843187,1.4506286,0.20230481,0.12170452,0.49151602,2.2574549,0.23616731,0.49106833,0.19430447,0.022165008,1.8323936,0.055651985,0.45956576,0.34294766,0.089668885,2.494221,1.1671255,1.5342332,0.41543502,0.621132,0.09659209,0.4834034,0.16198397,0.081816606,0.0,0.051015384,0.29179597,1.7151227,1.8710283,1.4293672,0.08181457,0.7124751,0.048913624,0.40779147,0.5790563,1.3495783,0.10489984,0.47592562,2.7051375,0.6877346,1.0258602,0.6377238,0.61778945,0.01665379,1.6127458,0.8144209,0.06888611,2.8339887,0.45275462,0.027955003,0.0,0.27911228,0.02120692,0.32084024,1.4290624,1.536178,0.99341506,1.094211,1.7222342,0.070155926,0.4527731,1.3504903,1.0784206,0.14575383,1.8571509,0.52983207,1.0067637,0.049481098,0.26464614,0.2676323,0.32067534,0.75708514,0.8808661,0.014890678,1.2763122,0.18544571,0.29195976,0.23972635,0.84373343,0.6152202,0.26986164,0.16092683,1.2051038,1.7881954,0.54771125,0.8002005,0.7696289,0.25690717,0.74390817,0.8007638,2.5359824,1.887132,2.2568998,0.31925482,0.6036496,0.014785085,1.1876986,1.1072013,0.19857775,1.465998,1.0374422,0.89547473,0.5414853,0.11264261,0.9568237,0.23590955,0.8710626,1.0799736,0.5350727,2.116537,0.00036914105,0.015771255,0.17788598,0.23011036,0.24647065,1.5070096,0.5731142,0.7196521,0.291577,0.82117903,0.25425455,1.3059056,0.45480213,0.31760725,0.03520359,0.30956393,0.13660067,0.48229504,0.38097668,1.102326,0.3090181,0.111492,0.19799636,0.13906568,0.20279534,0.5068256,0.96005136,1.265701,0.3711535,0.7397568,0.41522667,2.1333477,0.6286848,0.021863583,0.025499297,2.4925694,0.03216988,0.9598643,0.47936317,1.6647406,0.0916831,0.4449293,0.6437613,0.75326616,0.48313308,0.6235951,1.4135981,0.35282516,0.7901793,0.49221906,0.14724311,0.03469128,0.37771747,3.2562227,0.36813685,2.295791,0.3967055,0.015648097,0.65206236,0.23397842,1.3822001,0.43795207,0.11062967,0.026079198,0.13771561,0.93932074,1.1891644,1.3925782,0.7053758,0.99020946,1.4212129,1.7550832,0.7090997,0.108019486,0.037136875,0.9454226,0.060768206,0.7289124,0.052000236,0.014565212,0.30722466,0.0,0.4475435,0.009208042,0.35322562,0.7817613,0.39903897,0.7552316,0.23086227,0.20378107,0.43320686,3.0449474,0.2529821,2.0531163,1.2010909,2.0969856,0.56446135,1.8460827,1.284158,0.14390573,2.1089478,0.38137963,0.58321,0.9690588,3.0831044,1.928436,0.66706115,0.3314596,1.1028655,1.2426152,0.9462652,0.0131592555,0.03404746,0.34368134,0.052985977,0.2892262,0.11383859,0.046324246,2.1859329,1.1967945,0.16133447,1.1897265,0.40139574,0.4405042,0.85822713,0.8174616,0.44760224,0.7357997,1.238211,0.6520681,0.94091046,0.22381945,0.26891437,0.92322445,0.13433243,0.010434315,0.28466344,0.32988527,0.44213223,0.40706626,0.38904867,0.47932947,0.60425496,0.48358434,0.06240441,0.6411789,0.95937794,0.8519151,0.027214205,1.0392774,1.459553,1.6252158,0.38153535,0.040307265,1.1991736,2.092191,0.118682176,0.32863465,0.012878403,0.47741908,1.5920545,0.05021445,0.122632995,0.24627464,0.033157457,0.58929527,0.0520567,0.4774718,0.21970193,0.62243026,3.2301962,0.8396543,2.2429497,0.18334077,1.551388,0.64984155,0.7157687,0.03066802,2.112916,0.30858743,0.20795265,all_pothole_images\pothole_images_enhanced_441c84b7ca03b1eaa4899e394e91283c.jpg
0.6948047,0.57094944,0.59066546,1.7414273,2.0910978,0.35966218,0.894913,0.0,0.07333704,1.0896107,0.101812504,0.61107165,0.6188447,0.46481767,0.198691,0.008410156,0.88019776,0.78377825,0.09750549,0.51060253,0.08369735,0.9048447,2.053418,2.7232807,2.3800638,0.34690833,0.72883743,1.213017,0.02765923,1.5017552,1.8099912,0.7790256,2.6906335,2.4257896,2.0000997,0.63735133,0.8801087,1.3517646,0.3020469,0.6151666,0.47147936,0.5374154,1.0477498,0.10179995,0.10050091,0.6815204,0.9013113,0.8914889,0.5050785,0.66795003,0.67094433,1.1988119,0.54032004,0.762877,0.3462133,0.2453755,0.30645332,0.08247679,0.10830042,0.21908776,0.025025075,1.0976679,0.28809792,0.16319792,1.0872816,0.55693406,0.30468076,1.345032,0.33195472,0.09208677,2.1922019,0.12226969,0.2224539,1.2729492,0.42484176,0.05842986,1.4570254,1.8210233,0.057342395,0.47765917,0.2925721,1.3635355,1.0917921,0.34148726,0.20725584,1.7080063,0.010751362,0.76745325,1.5634084,0.8074058,0.5698522,0.1297918,0.010644274,0.004293399,0.026992472,0.5708284,0.7068129,0.66140234,0.44030964,0.60962886,0.02067023,1.77795,2.2416365,1.9463401,0.68671644,1.2775128,1.0499598,1.8531303,0.14597292,1.4553062,0.74605715,1.8916591,2.2580032,1.4680288,0.44945005,1.1057507,1.4004467,0.32655707,1.2118012,0.98570436,3.19434,0.52328235,0.013814399,3.2006319,0.7288043,0.34853044,2.1164467,0.6053214,0.03574942,0.994158,1.3701693,0.8117414,0.55135304,0.8587611,0.90974253,2.0141983,0.08398644,0.3014928,0.31932965,0.22438563,0.75971985,0.21244115,0.7936644,2.93942,1.479646,0.43819523,0.08036103,1.5834943,0.17824776,0.03414283,2.3618057,1.7275009,1.1810273,0.6467941,1.2480637,0.67282856,0.974087,0.22257431,0.5914567,1.9448916,1.086044,0.9358575,0.020369407,1.0847973,0.36873695,0.44405547,0.15831235,0.3688426,0.14398158,0.10725031,1.582266,0.22136676,0.1624849,0.11300584,1.0359117,0.49323288,1.1385515,0.040785328,0.25018987,1.0304005,0.22528048,0.84885,0.7677489,3.0025353,1.6889741,0.60326153,0.13280603,0.3691152,1.1685333,0.516322,1.8521899,0.26297498,1.0440786,0.090498894,0.6122616,0.2678511,1.0365775,1.7141793,0.5300872,0.55249375,0.9328831,1.4307599,0.046039786,0.1297641,0.6932228,2.0253162,1.5281166,0.62644327,2.4218402,0.32003054,0.0007652953,0.57266754,0.27014202,0.52105755,0.6364508,0.033094477,1.4618214,0.05166879,1.4056269,0.0,2.466399,0.053296544,0.4235021,1.6326119,0.033508666,0.89872485,1.5054582,0.46754125,1.1816672,0.40801442,0.47945076,0.23274314,1.2919014,0.79764974,1.1700635,0.3277175,1.7078874,0.9153999,0.51464903,0.507113,0.73013735,0.021513036,0.10767659,0.5535056,0.0,0.4344087,0.5257618,0.36496556,0.1596363,2.312557,0.20086634,0.56280565,0.56993324,0.06492862,1.3066666,0.19659723,0.6384957,0.24190415,0.262124,2.278902,1.7183757,2.214772,0.19685835,0.21586242,0.9852441,1.4058782,0.62161934,1.3947622,2.955167,0.26612952,1.0183148,0.26809812,0.3246317,1.4423732,0.118394285,1.2900648,0.0039707986,1.0634887,0.7506608,0.7460814,0.20463608,0.48229665,1.1129674,0.38542396,0.1636398,0.30450618,2.088985,0.7499624,0.3310677,0.28006542,0.3862456,0.055123623,0.31155166,0.4940412,0.15892543,4.348135,2.1003497,0.5016581,0.0,1.0745021,1.1108963,0.65519404,0.019050442,0.6231017,3.1909597,0.7338135,0.8509237,0.092389375,0.203471,0.7118584,0.34345564,1.0291165,2.3931046,2.2810032,0.19673577,1.3656902,0.35742328,0.6784075,1.9661293,0.87639755,1.9477808,0.6522724,1.5907041,1.1276568,0.95052004,0.74885345,1.9794018,0.29993495,2.2426221,0.21191724,2.2235568,0.043715246,1.166053,0.5684903,0.09547968,0.049543623,1.0283827,0.576064,0.20507634,1.1326221,1.1583844,0.56089926,2.1070235,0.48288348,0.16244407,0.6465674,1.2885429,0.21466346,0.6209626,0.22275278,0.40652257,0.90356904,0.54173964,1.252083,1.2892356,0.27454528,0.21711357,0.14222878,0.22802556,1.5685267,0.6121638,1.1089541,0.6143861,0.7633896,0.47870407,0.7384715,0.2572313,1.5701144,0.4172984,0.6616375,0.25480402,1.9766201,0.2618267,0.6619376,1.4901433,0.81337994,1.0118741,2.0318007,1.4950237,0.6653272,0.59175396,0.10243371,0.72870815,0.30183956,1.596459,0.5011054,1.9922874,0.2819084,0.083104596,0.587129,0.2201466,1.1808277,1.2843224,0.05426909,0.3932284,1.8292277,0.3952359,0.4700339,0.2561112,0.23862398,0.5231172,1.8123467,1.790099,1.2017478,0.699152,0.091495655,0.97599757,0.7340437,0.47112286,0.6091728,0.65328026,0.60499865,0.9965385,1.090964,0.20272106,1.4419135,0.7054027,1.4019914,1.9948331,3.5996418,0.7294395,0.76020825,2.6032252,1.2724072,1.3949224,0.64741516,1.6160783,0.7571674,1.5718651,0.8519125,1.5970865,1.4060111,0.7124599,0.9537688,0.21392141,2.423992,0.6915909,1.2710159,1.0535257,1.3428117,0.08972556,0.15939385,0.091130316,0.43960118,0.13681564,0.06896186,1.379222,1.414702,0.3074731,1.2985268,2.1093698,0.3978413,1.26586,0.7666901,0.37621814,0.7096657,1.2615079,0.31329706,0.054134835,0.8259467,0.68192226,0.72168297,1.1806886,1.0646433,0.17601854,1.3183428,0.24078822,0.48148364,1.1489353,1.2416408,1.9698054,0.12998724,0.15246679,1.02842,1.0491536,0.07324483,0.20642102,1.2243572,1.3336079,0.1411372,1.3320118,1.4860744,2.642675,2.533711,0.960281,0.43109837,1.894276,0.0470786,0.64334905,0.6475956,0.6328369,1.0494791,0.9943628,0.018113084,0.43420023,0.72616357,0.6681363,0.24890709,0.02400156,0.46617448,0.39613506,2.6629317,1.7385743,1.5087581,0.8068652,2.0302663,0.5270169,0.7236861,0.7473094,0.0,0.2118297,0.3843773,all_pothole_images\pothole_images_enhanced_446f8002b352a0c2425b3f935729c34e.jpg
0.035357185,0.7874827,0.6463607,2.3787816,0.16534431,0.18378255,1.853095,0.022019561,1.2529678,0.49466696,1.0300491,0.2548458,0.3874197,2.5324197,0.024701817,0.9794861,0.3634618,0.9278031,2.456186,0.016469903,0.0025655215,1.5511603,0.16786645,0.8223618,0.3518781,0.052765217,0.5919567,2.0182738,0.44491643,0.23296009,0.14083953,0.2506981,1.4227048,0.68025315,0.16871738,0.5210091,0.00079016783,0.21496476,0.09093045,0.009780897,0.59344864,0.006316356,0.67317384,0.76088446,0.53848726,0.2109274,0.70527494,0.0,0.07468665,0.995836,0.2535729,0.03466469,0.56666106,0.8470406,0.18435757,1.403802,0.29379055,0.28274253,1.9142265,0.50014687,1.5332414,0.45793244,0.7423878,0.72431546,1.7317892,1.3583312,1.7441733,0.017755173,0.18238652,0.28168452,0.09210892,0.0,0.091126196,0.03677548,1.0069877,0.22861876,0.05760354,0.5052588,1.3806382,0.061198972,0.05911997,0.16706717,0.30954555,1.0638534,0.34011415,1.0084431,0.39555246,0.15799615,0.23231146,0.5020232,1.036277,0.31608617,0.06699649,0.91170704,0.4847521,0.314904,0.23164873,1.6868068,0.080841415,0.7346326,0.04336118,0.83821106,0.029602896,0.24895659,1.3822942,0.3661108,0.10525026,0.132068,0.083885014,0.2283645,0.34128734,1.3714895,0.0,0.28953832,0.084744036,0.0066816593,1.1932762,0.54456174,2.0712428,1.7023674,1.5850835,0.45487118,0.31104827,1.6742169,0.4858025,1.1920583,0.01265885,0.12224421,0.2743658,0.22269005,0.70072603,0.09042842,0.18582799,1.213767,0.32666,0.256887,0.5788822,0.2500832,0.20375061,0.7938371,0.29402643,1.2117574,0.54630613,0.08676085,0.2879264,0.55156296,0.20676316,0.015167526,0.41314673,0.36857027,0.09641098,0.32349217,0.08505436,0.055440642,1.2623944,0.4683345,0.85792226,0.2659889,0.0396824,0.3158144,0.9143356,1.4265361,0.06353937,1.6162064,0.82391036,0.07145498,1.0002271,0.24725126,0.44574994,3.100003,0.26533413,0.14713052,0.0046223574,0.6983238,0.49530035,0.82654,0.9192915,0.0066986145,0.3082572,0.2774713,0.07187183,1.2153846,0.8834079,0.2940312,0.70808613,1.2371874,0.71803474,0.3567819,0.3989184,1.0690669,0.006244894,1.6906252,0.49906388,0.8499705,0.07204739,0.28072143,1.6834767,2.1491745,0.3603372,0.40506837,0.14836791,0.8630469,0.7507108,0.13675737,1.5520431,0.3385457,0.47005367,0.21093573,2.6609173,1.0843425,0.23505671,0.2525559,0.010418817,0.63731354,2.9385219,1.4484309,0.21037911,0.8612338,2.4075224,0.29647058,0.15138012,0.6741115,0.5939692,1.2344363,0.0015971569,0.00980862,0.7125679,0.20376912,1.6477196,0.18320873,0.08817739,0.26242992,0.2946675,0.78887594,0.3155618,0.1446368,0.20681918,0.1314937,0.4824054,0.6246347,0.041276384,0.7190629,0.21137244,1.4020845,0.4817418,0.017193526,1.180645,0.60280585,0.2590492,3.2688055,2.1405935,0.0,0.33264202,0.2261469,0.16574307,0.6717518,0.44581228,0.7246313,0.27598318,0.83034855,0.9248816,0.42912063,0.76401687,0.8605577,0.4400377,1.0047958,0.16048154,0.7922692,0.71934134,0.6955515,0.114903904,0.25918505,0.2968425,0.022236012,0.11473855,0.44472197,0.6775394,0.33006606,0.4786422,0.04550934,0.67437565,1.2976696,0.16210735,0.54364866,0.9603178,0.94860744,0.46918437,0.31248894,1.1115754,0.035972312,0.16611318,0.33242863,0.4821427,0.221741,0.44841284,0.039311785,0.31944326,1.9612775,0.05020472,0.64575964,0.6545762,0.54649276,0.08696991,0.06756899,2.6444542,0.009324933,0.5237751,0.4464154,0.54789937,0.06277013,1.1943169,0.689945,5.86849,1.516493,0.68667626,0.8474174,0.0022745102,0.46917334,1.3348364,0.46677902,1.911937,0.25965735,0.2633236,0.274751,1.4000204,0.13771708,0.3200475,0.028652469,0.065089636,0.19494706,2.283305,0.21949871,0.3830296,0.13624404,0.14973967,0.08197935,0.5497505,2.109849,1.2895913,0.0,0.12074572,0.7915682,1.9063321,0.27325445,0.38461903,0.34171396,0.18089536,0.13088314,0.28406993,1.3757509,0.8122165,0.6350928,0.8912816,0.8973415,0.49284667,0.45221803,0.008038862,1.1948967,1.0726756,0.320052,1.1257187,0.21234503,1.0616512,0.027233398,0.10686234,1.0268728,0.5755242,0.09699469,0.15597054,1.4703369,1.0127001,0.38294372,1.8659065,0.29118973,0.8135341,0.5457215,0.0049285875,0.012781801,0.17363295,0.9461033,0.6926239,0.8842001,0.23929843,0.7663828,1.5730817,0.8798355,0.48568335,1.0995831,0.546048,1.0291222,0.94841135,0.9970131,0.6501621,2.5615988,0.4832769,0.87444633,1.0850636,1.592694,3.0282032,0.010179483,2.3125858,0.10556791,0.1220507,0.37230587,0.3443137,0.3813865,0.3591718,0.14028558,0.13013808,0.025843168,1.5390905,0.5787952,1.7262655,0.020286953,0.1435913,0.08775042,0.7350205,0.2025574,0.20013742,0.04639616,0.00946078,0.044950746,0.11360653,1.0436047,0.82238364,0.48487636,1.7196577,0.38116315,0.29390597,0.39701957,1.2167237,0.80545527,0.37683555,0.012862191,0.09153513,0.72563756,0.38017678,0.50871795,0.014732256,0.33265194,0.5718961,0.64581734,0.9152052,0.057723623,1.4842635,0.21399163,0.8140033,0.39758676,1.0166854,1.0097412,2.6904287,0.14511451,0.4741041,1.073275,0.74414647,0.13217089,0.12488362,0.11147245,0.27119106,1.5134946,0.39233056,0.4060977,0.5810988,0.8745639,1.0665354,0.72946775,0.52443904,0.09752491,0.8046222,1.8497087,0.25019917,1.1695993,0.082578026,0.24701497,0.17904805,0.32490444,0.55368394,2.5604877,0.8530259,0.2541963,0.63276,0.9870861,1.7897942,0.09023108,0.01638463,0.9726294,0.516826,0.042522717,2.690382,0.65029967,0.9893986,1.3785095,0.1364685,0.0049795886,0.3196173,0.017478907,0.07710972,0.32791317,0.2527554,0.6325277,0.9513794,3.986745,1.2295059,0.262702,1.1962318,0.8466836,0.47393635,1.1895568,0.8372298,0.096804954,0.62672335,0.04282643,all_pothole_images\pothole_images_enhanced_4481e97344e92426e53c60610f995793.jpg
0.49487856,2.3462324,1.4994085,0.7714531,0.30070862,0.5586544,0.9286041,0.12894556,0.42666885,0.6380746,0.49850065,2.21313,0.23407836,0.27812892,0.1551217,0.86712533,0.27383995,0.45391744,0.18353356,0.80208385,0.5870347,1.3396862,0.43494493,0.58461416,1.3782246,0.6630848,1.1847688,1.6006813,0.08915755,0.7916817,0.2526845,0.25038236,2.3700519,0.28104916,0.97022605,0.7544518,1.2354652,0.9060726,0.26303226,1.2396542,0.016874604,0.53745914,0.7211873,2.0919182,0.27227518,0.99986994,0.7189557,0.024472816,0.2357586,0.29042313,0.015575036,0.63318044,0.19121954,0.26176566,0.7030164,0.8396218,1.4572281,0.5724229,0.3245215,0.57391983,0.39463514,1.2185233,0.9406765,0.32884717,0.099755324,1.4910793,0.58296376,1.1854911,0.34814197,0.6838977,1.7962083,0.37387303,0.4510921,0.80845004,0.65341216,0.22987966,0.6955722,0.56938815,0.022458386,0.20952384,1.161962,0.48632112,0.09865535,1.0996279,1.0220127,0.3013453,0.25677624,0.12160832,2.997041,0.30188355,0.21542323,1.0595107,0.51655614,0.51487917,0.29542637,0.1506412,1.1420921,1.222804,0.9737524,0.7557532,0.24494903,1.8868165,2.1065476,0.21026644,0.1475654,1.1824241,0.85920715,0.8859907,0.73441267,1.4422455,0.6707762,1.885461,1.8752042,0.39127722,1.7243935,1.2195094,1.6991256,0.963591,0.7363078,0.6662544,1.4622662,0.10965707,0.32533428,1.3256638,0.46015906,0.765251,1.4940485,0.9571913,0.52737916,0.3539752,0.9882162,0.49168766,1.1628159,0.043097954,0.056110058,1.6736901,0.07428013,0.7134166,0.44769987,0.15546058,0.3276336,0.42612892,0.24753915,0.31079435,1.5505292,1.8141521,0.54917675,0.48254275,0.53960913,1.5703441,0.48971215,0.66739076,0.4148456,0.22433035,0.54717535,2.1865969,0.6051675,0.017882288,0.75507027,0.052115735,0.90184593,1.4154136,0.25501925,5.157473,0.48757148,0.045311265,1.9001023,1.2039149,0.16572215,0.25426805,0.41666737,0.26667884,1.2533063,2.668963,0.26912048,0.092547335,0.3582124,0.18242152,0.6276826,0.18358016,0.30865222,1.6389191,2.4006052,1.1659124,1.4039495,0.0,0.047133446,0.7899855,0.57136786,0.41161934,0.87034994,0.044994973,0.9273555,2.2795515,0.6186653,0.9027561,0.56845987,0.27501214,0.19616133,0.514167,0.15257558,1.2985878,0.4273659,0.8019498,1.0439109,2.4984887,0.80073047,0.929993,0.74244297,0.050375782,0.540023,0.4103526,1.0957481,0.53229195,1.1374137,0.9512764,0.59875077,0.023604227,1.4579735,0.5686134,0.5823617,0.22558697,1.0484198,0.15007022,0.49027768,2.4289541,0.8919648,2.1661143,2.0298612,1.2464373,0.6744633,1.0371574,1.1087332,0.8105751,0.18967536,0.1352604,1.1158293,0.8637636,0.08537998,0.35992786,0.54005545,0.19745445,0.43134212,0.998563,0.37755153,1.0625689,1.1860602,0.36116675,0.9494794,1.6507632,0.14005151,0.20346186,0.86404806,0.5176752,0.056009006,1.9346285,0.39535287,0.18515012,0.5005555,1.3920459,0.36589444,0.3340911,1.1820596,0.20386912,0.9544019,0.6280145,0.4655809,1.7095414,1.7343851,0.34373358,0.301855,0.0,0.2872407,0.15910795,0.12641,1.034714,0.020918734,0.5950128,0.39254662,0.3996423,0.38724625,0.1905528,0.21365389,0.41929162,1.0215896,0.1528197,1.566353,0.44779563,2.8714898,0.6064748,0.14402421,0.93994623,1.13536,0.37758362,0.2238717,2.6973228,1.1235617,0.42159235,1.272518,0.5858759,0.46008736,0.57198447,0.16720475,1.3210789,4.893096,0.094809376,0.051620074,0.3710433,0.57436687,0.31095496,0.47669122,0.5872889,3.8895783,1.679219,0.020811178,0.7192048,0.8215257,0.2698599,2.0363812,1.1396666,0.6009111,0.35664654,1.17919,0.055779282,1.1943531,1.0527248,0.776206,0.05418345,0.5954019,0.26755458,2.6245341,0.2895912,0.7298505,0.30947384,0.44089586,0.10367982,0.85173017,0.7444894,0.6563236,0.65641147,0.22921155,0.4938317,0.591021,0.25938883,0.781527,0.058338985,0.17995612,0.08430958,0.28307977,0.36240634,0.47745475,1.4194015,0.9381239,0.97360027,0.06446158,0.30519915,0.37177378,0.055445824,0.4406594,0.16984744,0.7580175,0.7216897,0.022443373,0.22195105,0.12242156,0.2616043,0.5413931,1.5640304,0.39088726,0.18962882,1.1315374,0.8342764,0.6428132,0.7365022,0.029391944,0.7580473,0.43969664,0.49759144,0.36694494,0.7337981,1.473043,0.30352974,0.7756206,1.0382415,0.80966955,0.49139303,2.5880258,0.1439402,0.4040032,1.5203494,2.9033022,0.48482528,0.42277184,0.17557919,0.03588493,0.24862102,1.7573797,0.066988945,0.20058577,0.065332286,2.527926,1.1171643,0.09524024,0.7108538,0.29363373,0.15809168,0.291465,0.8968759,0.51391166,1.0957733,1.1374227,0.33770603,0.8208229,0.75949377,0.20316328,1.8078102,1.2639812,0.612647,1.7209972,0.29210696,1.2355964,1.1685871,2.2518299,1.5303916,1.9797617,1.114476,0.19508663,0.28719154,0.13472511,1.3075885,1.6884485,0.035691213,0.24022125,0.49763146,2.8802738,2.3645756,0.7323965,0.585832,0.934198,1.2869447,0.29549414,1.8175161,0.16155885,0.40410262,0.08441369,0.10787919,1.8689685,1.6543921,0.5462291,0.7449498,0.8782612,1.7034062,1.2538676,0.88502157,0.60965014,0.51550657,1.3804194,0.3156525,0.9199667,0.68639743,2.4382591,0.2945288,0.3295357,0.88383204,0.33544004,0.84366226,0.14478856,0.015646668,1.4334723,0.63387585,1.8078476,1.2711909,0.11049181,1.4297872,1.3024765,0.44652328,1.2142724,0.3005465,1.0328584,0.4576802,1.0659024,2.1972272,0.75484055,1.656691,0.24593328,0.041211165,1.6537135,0.21720928,0.19489838,0.46884942,0.67672914,1.561475,0.24099852,0.27311185,0.015470249,0.8155723,0.49289048,0.52314323,0.026999544,0.25584403,0.6672835,2.0879693,0.7916841,1.8495331,0.7875685,0.7950681,0.5439108,0.54675275,0.6257105,0.0007925421,0.2614498,0.16106859,all_pothole_images\pothole_images_enhanced_449d13800243d37b93532ab3e90cbd4b.jpg
1.3441838,0.71744895,0.41010517,2.6228707,1.7012136,0.13700113,0.74720496,0.123872854,0.72204643,1.0931414,1.277529,1.0249313,1.3297449,1.9784073,0.0032031122,0.6221528,0.16368718,3.167197,2.2043786,0.45120892,1.1596566,0.29036805,0.7884459,2.0732117,0.968715,0.05489482,0.26488477,0.8253314,0.09950365,0.35427272,0.07487123,0.0010252659,0.991946,0.53264344,0.22632538,3.3313465,0.15510035,0.14596465,0.36203843,0.2908351,0.008731772,0.7636633,0.04635987,1.2513419,0.20259939,1.2623672,0.64482033,0.041340042,1.522071,1.5098974,0.96047133,0.62771285,0.012933262,0.26536113,0.8994924,2.0508063,1.7616552,0.6868928,1.1839521,0.07881643,1.0863982,1.5013441,0.43006095,0.26012233,1.8362367,1.5549119,0.18545108,0.548043,0.1865487,0.5207688,0.70656973,0.16811946,0.20839843,0.4012701,0.26392248,0.19891042,1.1033499,1.1285794,1.1411629,0.26983207,0.006143394,0.074691944,0.47284526,1.3297187,0.7695862,0.15648738,0.053497255,0.016161552,1.5961484,0.7743742,0.94087,1.1242993,0.2786034,1.2112023,0.041168038,0.12484245,1.001952,1.7373867,0.32199252,0.40712503,1.0159274,4.59346,0.3023233,0.02279014,3.1432834,0.6592432,0.5344076,0.43562868,0.6237254,1.0611187,0.6003148,0.20764568,0.2955383,0.66016775,0.6462526,0.49220446,0.8334804,0.4366564,4.6453295,0.70650005,0.5300895,0.13473417,0.37739298,0.85773605,0.87442386,0.5938498,0.16960385,0.9526218,0.5601148,0.8280807,1.3592097,0.18287863,1.0454834,0.56728643,0.72230935,0.7416078,1.5186687,0.7232824,1.2878784,0.25682512,0.8066743,1.5975461,0.30933887,0.14244781,0.40291142,0.34152406,1.3284649,1.4843571,1.3516027,1.220901,0.26303294,0.7584396,0.65420616,0.14113435,0.9826373,0.45151293,2.052101,0.9441785,0.62493664,0.15227355,1.580152,1.9598844,0.029264566,1.8627577,3.4399545,0.367357,0.83973145,0.35468584,1.8056403,1.9619998,2.253674,0.8879693,0.03341781,2.4365795,1.292358,0.08669958,0.54237556,0.0,0.13168032,0.2411788,0.3534872,1.4394269,1.5849885,1.7315029,2.246381,0.19571768,2.5923746,1.8042462,0.057418752,0.6551926,0.6857892,3.1036193,0.26192325,0.9521685,1.2336738,0.7289768,2.0721254,1.1330688,1.0766753,0.09025898,0.5932969,0.5835413,0.3246096,0.16790798,1.382819,0.23952831,1.0395241,0.18041995,2.0547733,0.6640343,0.32469463,0.71146405,1.2946543,0.6710127,2.3458579,0.67729896,0.7440094,0.34089425,0.6275592,0.083086126,0.2877244,0.049871955,0.62837875,0.06958166,0.0,0.26937798,0.35245404,0.44971153,2.7954237,0.39637086,0.5138016,0.29514083,2.252098,0.5871878,0.024205558,0.25269952,0.93085307,0.041154865,1.5427243,2.0805082,0.075599596,0.1695431,0.50276756,0.69806135,1.2568905,0.3662592,0.11811078,0.6260809,1.2275892,4.0512247,0.90907466,0.02229274,0.33025375,0.33853826,0.44773147,0.91562605,0.22811832,1.5311805,0.59726626,1.7158586,0.53124285,0.61504805,0.40495083,1.5769721,0.6666642,0.24851851,1.4692942,0.5910868,1.9229586,0.62059116,0.067735784,0.002376833,1.4339137,0.91626024,0.6271144,0.12632881,0.59984046,0.23353387,2.8332787,1.1155422,0.39627814,0.5021825,0.37681103,0.098307386,0.29806003,1.682365,0.28193873,0.86509687,1.8689547,1.2210675,0.3492985,0.75090015,0.1793485,1.8881913,2.0947742,0.27626824,0.61690867,0.30422246,1.0569627,0.9828194,1.4142456,0.8033916,0.62710446,0.35469723,3.060086,0.02490836,0.36810377,0.15961151,0.96991783,1.2926942,0.7700329,0.6276184,2.578228,1.4618334,0.99415827,0.32511696,0.14381658,0.6015261,5.2350817,0.28921622,1.3337051,0.61364174,1.365172,0.28530052,0.015097742,0.51615673,0.027550213,0.14005584,0.36842513,0.10912989,0.8403384,0.3336008,0.8606501,0.6159228,0.14159568,0.12077847,1.4040947,0.395943,0.63826394,0.44661334,0.7498933,1.0173492,1.5928022,1.0052493,0.25068578,0.06740834,0.13966346,0.023783712,1.0028042,1.4581461,0.44145685,0.44832042,0.047894,0.94158506,0.83046925,0.31009004,0.4559475,1.9761037,1.1385119,0.4827303,0.9335471,1.5010386,0.9693398,0.91083807,0.07983123,0.18895042,0.29956162,0.47515643,0.19093,1.9548903,1.0021216,0.24732813,1.5588883,0.348508,0.86133325,1.8752447,0.014365591,0.035987843,0.54670966,0.086828075,1.3408477,0.009478024,0.22666913,0.7547987,0.70662016,0.031868756,1.9153582,1.2090441,0.40097243,0.5750774,1.3357884,0.20533408,0.10386895,0.28601053,0.0105110295,0.05191067,0.69248915,0.47266006,0.5854241,0.5157596,0.08817801,1.666298,0.42476055,0.028224068,1.5824087,0.0,0.20301205,0.8811331,0.25070724,0.08083529,0.2057778,0.33914748,0.19489892,0.5410561,1.2285182,0.8675352,0.8666835,1.4594584,0.6691625,0.12521528,0.89659405,2.5867558,0.3390035,2.6401448,2.3091822,1.3404591,0.5471158,0.5749546,0.7697403,2.7548878,0.7058514,0.34479237,0.04537429,0.11388309,0.73858905,1.686135,0.61287576,0.37167078,0.6736,0.98535293,1.307227,3.6262405,1.7400215,0.03166018,0.025460754,0.25450787,0.4398349,0.47928494,0.1461763,0.82641304,2.0804563,0.034684483,0.1268381,1.1832844,0.7266279,0.3903092,0.5413095,0.37011072,0.5459702,1.8573259,1.5479136,0.5236681,1.0934705,0.2928196,0.85649675,0.15537307,0.33651656,0.26549092,0.9326125,0.637038,0.9097738,2.2424152,0.078608334,0.85969275,0.5138049,0.11593002,3.0137887,0.9117673,0.12356663,0.036785096,0.16165066,1.2714386,1.1924573,0.5569091,0.115372956,0.3734324,0.51575696,0.006970784,1.6521463,0.5732198,0.28660426,0.63042015,0.03619585,0.23764601,0.22642307,0.059784804,0.11457984,0.024263775,0.051164396,0.4701355,2.6042314,3.0832705,0.5412774,0.086151645,0.064102955,1.6650846,0.42426255,0.501914,0.7582346,0.12575977,0.29135564,0.68846184,all_pothole_images\pothole_images_enhanced_44ec013231575b82cf8a0fdfb5c7c972.jpg
1.0515761,2.3363662,0.4913489,1.58725,0.20053726,0.55599695,0.4267871,0.0,0.4260262,0.32835987,0.5768593,0.29218233,0.5857836,1.9451327,0.3223131,0.19529755,0.47113258,0.18920273,0.45003498,0.605393,0.44666055,1.293514,0.32127482,1.8681235,0.83544695,0.32196665,0.9105696,1.6360395,0.26924148,1.3997836,1.1814679,0.093515456,0.65278137,0.33505645,1.7163752,0.03468903,0.5205215,0.76221794,0.041066665,0.6008191,0.004922243,0.1906261,0.0831782,1.6587305,0.7156754,0.022055302,0.07403548,0.36728048,0.06955197,0.72728354,0.44467193,0.5036154,1.0451399,0.15950999,0.4786946,1.777078,1.4818685,0.36702085,0.5839958,0.45720527,0.14756319,0.48317775,0.28288,0.09157417,0.4398767,1.3675468,0.5902627,0.4835113,1.3392209,0.66578966,0.49150848,1.1786543,0.7074767,0.24570778,0.16629004,1.1294404,0.31918696,0.59537655,0.032654643,0.382094,0.18327242,0.710407,0.06440968,1.6227257,0.73094237,0.8287728,0.15796709,0.5037944,3.6206982,0.21296377,0.5586735,0.1585139,0.5846332,1.2056402,0.10637242,0.20273739,0.34624824,0.83142376,1.0162755,0.583431,0.0378405,0.7264768,0.13239023,1.162214,0.5435664,0.50539756,0.24242814,0.10552462,0.012833179,0.8253765,0.048476227,2.1757383,0.4693452,0.63873684,0.49250185,1.1688812,1.768892,0.046467874,0.33154476,0.1964556,1.225842,0.6303526,0.6306079,0.7221948,0.9313289,0.7595272,0.2162811,0.5877434,0.41077453,0.2626404,1.2824506,0.34446746,0.63222957,0.113792084,0.12929791,0.40268642,0.30205327,0.5117275,0.92674536,0.4181978,0.16084954,1.4540534,0.19516014,0.83099645,0.018687498,0.80490935,0.43723705,0.012376564,0.7946946,0.96928304,0.23924531,0.8406574,0.021093719,0.30744365,0.72095615,0.27476406,0.47937077,0.11585684,0.8390646,0.89569056,1.7888193,0.539529,0.12020935,1.3928418,0.23630606,0.47362697,1.1384182,0.0,0.28681841,0.92281044,0.024018165,0.009872497,0.31016672,0.9334547,1.006065,0.22013576,0.93069386,0.103308395,0.06526391,0.604813,0.34227788,2.2341943,1.4667324,1.5173573,0.9172213,1.1235362,0.025991423,0.02532073,0.8376888,0.9206937,0.8841024,1.7259026,0.20209803,1.5618968,0.013896938,0.117962845,0.49618652,0.923644,0.20794322,0.78197044,0.19311304,0.7480312,0.028081149,0.5936028,1.1058518,0.6358593,0.7988933,0.2601988,0.39255688,0.006368894,0.23754428,0.3958669,1.1244017,0.24555162,1.1626674,0.7870175,0.53163177,0.5762288,0.34632266,0.10103274,0.785507,0.11208582,1.4431353,0.89488715,0.818537,0.6406396,0.73995054,0.4721305,1.8119118,0.007317168,0.20541446,0.45592442,0.7447403,0.7322891,1.6084713,0.7687262,1.2343394,0.099951476,0.015785323,0.0015669982,0.04246224,0.62027204,0.142708,0.09289008,0.22246967,0.1626423,0.8878803,0.23603778,0.3898771,3.7273796,0.518999,0.22746906,0.7915151,0.48982447,0.31348866,0.0,0.9943615,1.1714604,0.54561794,0.747609,0.4835376,0.24787568,1.0313289,0.039875273,0.39200896,0.39309552,1.1032765,0.6329945,0.8219821,0.58875793,0.5775473,0.0,0.02928947,0.122982286,0.44349277,0.76751405,0.6706885,0.1310804,0.8065592,0.88894373,0.5135463,0.18812124,0.98764396,0.19712356,1.351517,0.615334,0.2674256,1.3921117,0.5954245,0.6802172,0.5528025,0.18679456,0.5050172,0.54017,0.26880446,0.33655903,1.545342,0.49334368,0.4109188,2.0430338,0.15164708,1.0505582,0.14103104,0.9793065,4.0022697,0.38576332,0.00862844,1.0891806,0.63417,0.0061814077,0.5550213,0.026752703,2.6178079,1.0923156,0.14973581,0.56097764,0.42836633,0.70411086,2.3550165,0.45701128,0.21858649,0.25788504,0.042431455,0.31579006,0.74088854,0.48026264,0.50979686,0.71272486,1.1513419,0.57803434,2.8266318,0.1341888,0.19234551,0.46841004,0.94492555,0.32518864,1.4333955,0.7915291,0.20144977,0.3703498,1.2785718,0.5862348,0.6912879,0.590772,0.3013586,0.81852674,0.18951046,0.45277295,0.016855322,0.5312119,9.389033e-05,0.8300528,0.9881783,0.60836995,0.15323173,0.3031347,0.5780993,0.9127706,0.061719578,1.1397182,0.07623704,0.077400886,0.10186059,0.44355035,0.0,0.5288131,0.6400081,0.11447518,0.48301366,0.17864078,1.3590785,0.919437,0.47755978,0.03724947,0.91668934,0.69415516,0.0046910234,0.45776984,0.43164152,0.39849854,0.35760885,0.5767134,0.2463919,1.6435653,2.6267567,1.8093507,1.0879589,0.7041385,0.21677138,2.7404966,1.3679422,1.1079328,0.16056602,0.18071455,0.030287845,0.26814672,1.2447714,0.2937721,0.45884266,0.0240304,2.5637527,0.52336234,0.46500006,0.9369273,0.24242607,0.3755367,0.25096107,0.806049,0.053991087,0.40379706,0.080647714,0.3403335,0.4669589,0.6906451,0.062457833,0.46945032,0.85419774,0.52997345,1.0393614,0.06800664,0.8797847,0.28725442,1.1863111,1.8246887,0.51723653,0.41401157,1.1463621,0.8612248,0.33939132,0.30212128,0.017975917,0.7478814,1.4836447,0.43048546,0.034554057,3.3110852,0.44074872,0.62948865,0.24866602,0.18104222,0.9010791,0.0225161,0.23747377,0.4218138,0.3835057,0.06502174,0.84933585,0.967552,0.5679886,0.3098914,1.5365062,0.3738975,1.3379203,0.6947183,0.07015069,0.4027193,0.40081456,0.55415535,0.08385046,1.0439947,1.3055658,0.115669735,0.22631353,0.22838098,1.0377929,0.33851206,0.75466615,0.21253271,0.35353056,2.038571,1.1549908,0.71295047,0.1657514,0.12596877,0.40479273,0.2493999,0.2460517,1.0290481,0.56999075,0.48860556,0.89227945,1.6784319,0.74986094,1.0611513,0.007612298,0.66900986,0.51832765,0.57935023,0.64169663,0.0331058,0.8179146,0.9527736,0.31394988,0.05568405,0.1601244,0.19040515,1.2137468,0.011310617,0.22704871,0.19957729,0.40557143,3.197737,0.6354094,0.83989745,0.18926881,0.5506947,0.31298962,0.55466115,0.69023347,0.440241,0.03588975,0.13366632,all_pothole_images\pothole_images_enhanced_44ec09da823a989c93bf8d949e073284.jpg
0.30787188,1.2078975,0.33012024,1.6214055,0.6034053,1.0867565,0.0073675127,0.0595059,0.8098124,0.76107633,0.10532202,0.05543509,0.0315383,2.146819,0.036937904,1.5893118,0.063097104,0.5044105,0.040376548,0.3803092,0.5596192,1.7691488,0.6576854,0.6309471,0.06378253,0.08323138,0.16441227,1.3461277,0.8220098,0.92217726,0.39116427,0.015804667,0.29495627,0.7612546,0.15088129,0.60481954,0.3283949,0.23048447,0.39672312,0.4937935,1.5173383,0.26613748,0.012462978,0.42958546,0.81919426,0.19581428,0.1940965,0.2736602,0.66088194,0.3182744,0.46715584,0.005989028,0.24992926,0.084935285,0.029465444,0.17464295,1.8963789,0.084793955,0.30612102,0.5229624,0.10807321,0.27043802,0.6160686,0.43112335,0.40477136,0.17429347,0.3109518,0.18050082,0.0,0.47418898,0.069853924,0.08027165,0.65268326,0.20294262,0.69833153,0.3814239,0.4844624,1.7723862,0.24625106,0.64813006,0.004676152,0.1555943,0.42606243,1.5294468,0.11259066,0.37239888,0.18455155,0.016443372,1.5949986,0.31220633,0.2888246,1.4953526,0.0,0.4544224,1.0066285,0.07286362,0.60103315,0.51455486,0.10101989,0.0,0.04810953,1.5289574,0.2545211,0.43620485,0.83217883,0.0,0.101082295,0.120821394,0.2670397,0.8439761,0.1701069,2.1985934,0.42020562,0.35341746,0.12643999,0.0009865011,0.79689646,0.096908726,2.2686522,1.5083517,1.7049878,0.26124534,0.001937535,1.348864,0.17349492,0.650481,0.3066371,0.009529907,0.6361781,0.055818785,0.012711104,0.016098734,0.07777546,0.0504049,0.4584375,1.3302948,0.18945731,0.45820078,0.14188837,0.16697736,0.37752637,0.46406865,0.47438794,0.860783,0.073277906,0.048625633,0.013078634,0.86919945,0.033377938,0.03997625,0.3719537,0.5345341,0.48762888,0.021495108,1.3500189,0.13563982,0.25523362,0.2502908,0.31181276,0.002391183,0.56836694,0.49828383,0.14712946,0.12665951,0.61291224,0.45288843,2.0698705,0.10360227,1.0150509,0.9050072,0.0,0.0,0.0,0.009873163,0.909594,0.07235112,0.6293573,0.037963666,0.19003512,0.22234075,0.3184408,0.3127854,1.4013397,0.5252378,2.2822185,0.89909625,0.032918084,0.5844252,0.11286963,1.2038783,0.07195858,0.0,0.05959379,2.977568,0.6846564,0.00022946375,0.66634697,2.6782622,0.5973728,0.9036874,0.24346684,1.4568725,0.62732834,0.71494305,0.088863604,0.25197354,0.5735285,0.07516583,1.8368211,1.1568056,0.00069662783,0.140395,1.4883817,0.7014471,0.2025981,1.4980903,0.19848742,0.29940552,1.2958785,0.4495812,0.14733842,0.07950676,0.65818554,1.2448953,0.003967052,0.010382041,2.4982007,0.070283756,2.3606648,0.09262966,0.05112289,0.018264357,0.15618777,0.42554218,0.7668114,0.009494398,2.146041,0.47470757,0.30663222,0.5175418,0.3081939,0.78612953,0.2089524,0.33189213,0.23151413,0.50518703,0.13133706,0.3500059,0.11072443,5.371769,2.394278,0.40609872,0.46208796,0.12959602,0.1614686,0.022285203,0.610889,0.7695426,1.2644106,3.5969038,0.4706495,0.18548189,1.3963922,0.19611771,0.2683321,0.52725255,0.0010879019,0.057302926,1.1261371,0.3350842,0.62833935,0.29739657,0.021341562,0.1423447,0.5272337,0.38076952,1.0511016,0.26493162,0.13804846,0.34408116,0.7125659,0.85167676,0.0,1.908154,0.27432063,0.6759883,0.2902123,0.23969498,0.6242847,0.1895546,0.0,1.0527016,0.27361098,1.4181322,0.36035824,0.12447841,0.26822004,0.52432823,0.21668541,1.4472915,0.00796743,0.19016922,0.015756717,0.24474134,4.2094083,0.46287784,0.5422331,0.109831,0.3572942,0.07149659,0.06837579,0.5304107,4.358026,1.5998708,0.11807125,0.33095008,0.13211069,0.32349065,2.7695456,0.5963768,0.91053367,0.3303084,0.059727676,0.48437566,1.4800835,1.0713477,0.5047197,0.06127089,0.96938074,0.95507187,3.2106695,0.43661746,0.0012626615,0.04073321,0.0100321695,0.029481094,1.4834546,0.16092251,0.09995947,0.29561582,0.70562774,0.70366293,2.4344547,0.11773415,0.49006033,0.21140322,0.31816453,0.36748406,0.64310145,0.038342346,0.62676674,0.67674667,0.15734403,0.3297595,0.78056484,1.5421073,0.23929666,0.34208888,0.29252985,0.8817956,0.37794766,0.14874074,0.54213315,0.19917776,0.010974165,1.1237048,1.0874207,0.23885334,0.7106517,0.18391399,1.7691249,0.6291543,0.15792188,0.21642457,0.33671305,0.273748,0.6355616,0.64888304,0.018187486,0.54886085,0.16769637,0.14515087,0.84306955,1.6121732,4.1871524,0.0016148409,1.5148262,0.12181858,0.062152483,1.4762901,0.37607518,1.5424073,0.031908818,0.22410087,0.0,0.18753417,0.3679523,0.66196346,1.0182213,0.21039312,0.23155193,0.6672063,0.9734038,0.10526457,0.014237311,0.022417603,0.28804684,0.1068439,0.014896484,0.0,0.024656354,0.44897726,0.016409181,0.32309008,0.303797,0.04881049,0.8696141,0.5443364,0.0702486,1.32697,0.8725189,0.045601256,0.5586923,0.77683216,0.946568,0.26808888,0.46155462,0.14254506,0.4735741,0.05103655,0.50340265,1.7750012,0.03030713,0.25939393,0.45697778,3.9926116,1.7646593,0.31057724,0.0,1.3290476,0.53949755,1.097151,0.19694686,0.039229,0.22134656,0.25514582,0.62142724,0.37264758,0.060941335,1.2124186,1.7865168,0.06818479,0.8723219,0.631658,1.2699808,1.6348927,0.90830636,0.07704046,1.1810415,2.4949152,1.0730171,1.1390853,0.08365954,0.09611191,1.5661328,0.095496505,0.063752726,0.0,0.03753644,1.2274987,0.29307112,0.023621498,0.114181824,0.081126004,0.3155981,0.054075144,0.08008354,0.9593229,0.5003378,0.21592684,0.035539087,0.9768046,1.5942228,0.4171023,0.0022272135,0.6218634,1.1733973,0.18184513,0.6881799,0.03192381,0.22890355,0.76214445,0.13530034,0.0,0.20413542,0.011971046,0.42559883,0.16897844,0.1719787,0.0712175,0.15297739,6.6025743,0.7037216,0.4824607,0.0,1.0059857,0.10800509,0.6978394,0.6687208,1.1802232,0.08856158,0.18948244,all_pothole_images\pothole_images_enhanced_456e019f12547a1c24c46929b00c9c02.jpg
0.54872507,0.5338025,0.0050683618,2.609732,1.385962,0.028119288,0.47828147,0.5676079,0.07529972,0.72080165,0.46475163,0.9722654,0.5936656,2.0543783,0.04892793,0.20070174,0.0123210475,2.2371657,1.1008763,0.4198793,0.23417161,0.2786637,0.15625946,0.355517,0.77472514,1.7146255,0.81044424,1.9722642,0.17849427,0.0074926545,0.12780325,0.020973928,1.1965815,0.2596432,0.09629118,2.7185755,0.17031662,0.4962108,0.41650116,0.049690492,0.0,0.4641022,0.24297473,1.3414421,0.1361555,0.4075515,0.52861226,0.1033508,2.3808792,1.3239956,0.094744444,1.4766012,0.014864347,0.010210013,0.046543363,1.0427579,2.7688184,0.038885325,1.1468086,0.15428008,0.12233652,0.1365153,0.06386742,0.41966456,2.3062804,1.1128857,0.09161877,0.532594,0.024925526,0.8552623,0.01242106,0.5587956,0.5594735,0.26894873,0.538668,0.084063925,0.12471363,0.26377657,0.4237575,0.4774067,0.6188409,0.26975715,0.692051,1.665901,0.14808403,0.0,0.36471653,0.0007257393,1.7842863,0.13831021,0.21933873,1.1950332,0.88692605,0.04004425,0.06770552,0.0,0.5593893,0.44438148,1.0959036,0.27663323,0.0039763274,4.523711,1.3712703,0.0043420955,1.4287913,0.024866013,0.3418194,0.71820384,0.008879974,0.045508415,0.012846609,0.0,0.53152716,0.2920679,0.7741173,0.64614755,0.6228722,0.5816265,0.94745535,0.44366035,1.0168742,0.0,0.007493755,0.71066755,0.5819849,0.8545541,0.30369523,0.92764264,0.81563514,0.6141225,0.16981992,0.11545522,0.15111987,0.20314741,0.69937,0.53739506,0.054586306,0.11965631,0.7195925,0.061007716,0.5677199,0.2261144,1.447199,0.9467191,0.81379884,0.9748811,0.3793851,0.42292264,0.4902868,0.008904391,0.99587685,0.1107824,0.0111994045,0.34291,0.75959647,0.5425781,0.909136,0.07098554,0.73358244,0.05308854,0.5280752,1.5146873,0.23076643,1.2089663,0.6417539,0.18244936,0.7583392,0.9526223,0.4966757,1.0356152,0.47331864,0.5064276,0.55065113,1.1313037,0.2824965,0.12943359,0.09612694,0.05744696,0.24683602,0.017128287,0.050560858,3.2503316,0.94334996,0.13148311,0.9329669,0.0,0.9172433,0.16811147,0.06102276,1.4027461,0.30939972,0.5279745,0.0,0.0522826,0.17004967,0.20966,0.43821824,0.0046612243,0.19649032,0.14455344,0.07261075,0.8133906,0.068308905,0.060604747,0.0,0.6189866,0.05104202,1.1869079,0.68069893,0.30109975,0.0,0.0026449447,0.9691054,0.074318185,1.5153475,2.0553107,0.12786226,0.12264071,0.16986719,0.7179052,1.1773505,0.28524163,0.34396914,0.2837364,0.0,0.4717949,0.8125936,0.4162082,0.9899937,0.70062864,0.05829702,0.004643961,1.0982002,0.005301929,0.1477671,0.05449509,1.797669,0.31674314,0.32181785,0.12366306,0.17840001,0.0,0.33440664,0.007938051,0.5293715,0.0,0.50411576,0.65255696,1.0690534,5.3845286,1.3788825,0.21145782,0.15114616,1.3104004,0.0,1.3612401,0.29533055,0.30414897,0.14085235,3.564739,0.22236113,0.00032345744,0.19404373,0.15190253,0.29023203,0.113230735,2.568873,0.2837252,1.6160504,0.077534385,0.035510235,0.0,0.50804466,0.66512275,0.47015628,0.7003331,0.0,0.10036583,0.64145064,0.919938,2.412681,0.6524109,0.54577863,0.2661364,0.07818824,1.0733622,0.43080673,0.32980567,2.7486596,1.5684372,0.056435592,0.0539044,0.63503003,0.60607374,0.037347965,0.35295033,0.04739152,0.25941232,0.021764854,1.2555,0.37783727,0.6050173,0.12026997,0.28704578,4.825497,0.46477714,0.028617596,0.0,0.6096836,1.3675157,0.48238093,0.891768,0.63644314,0.9919228,1.6835709,0.050986405,0.53288406,1.4912218,5.5354276,0.14866465,0.050711792,0.08141734,0.08623222,0.2081742,1.0667437,1.1467241,0.1966158,0.03730402,0.40377674,0.07819987,0.3852051,0.42988616,0.09074737,0.3022024,0.004668101,0.042596657,2.6830297,0.19060989,0.26410428,0.866089,0.81240046,0.014075619,0.79712254,1.343864,0.22196193,0.2904227,0.51071995,0.32302377,0.09177345,0.6354512,0.3496483,0.02627435,1.0610586,0.20523213,0.2905488,0.16728991,0.08239415,1.7343588,1.6369208,0.49759758,0.5265233,0.75800866,0.20706566,0.060228165,0.0,0.0,1.101233,0.02549294,0.14615752,0.14676562,1.3947514,0.0,0.17296024,0.13012473,0.0,1.5924293,0.02108081,0.0,0.035552356,0.52762866,2.005723,0.079029925,0.30541143,0.0141259665,1.8777418,0.023923086,1.5722235,0.08216591,0.24288078,0.46860105,1.745454,1.57854,0.33590743,0.23978521,0.48705766,0.017904965,0.34782237,0.008289005,0.15877141,0.67025304,0.3683426,0.7482061,1.2586453,0.1868232,0.32279325,0.19706957,0.19648127,0.9759438,0.24670234,0.37519175,0.008714089,0.54707843,0.0,0.4309644,0.42791116,0.29800388,0.38777202,0.46081346,1.6098396,0.0,3.6210046,1.1714339,0.34921852,1.4615633,2.642598,0.04210313,0.5043273,0.26850262,0.48357522,0.41594562,0.20020773,0.3619399,1.3306377,0.3678903,1.8704892,0.4966454,0.010634933,0.106390774,0.11639257,0.1428402,0.7695735,1.4485495,0.027722342,0.33701226,0.34766445,0.05368709,1.0068626,0.2670295,0.4213182,0.47976676,2.4358022,0.056924973,0.44482416,0.099546626,0.4226268,1.1802806,0.15400276,0.07611202,0.16365407,0.7892912,3.131345,0.040550992,0.6766117,0.011809614,1.0539274,0.102121666,0.010596945,0.07662755,0.4311941,0.73906326,0.4910953,1.1607941,0.0089892605,0.698534,0.97521704,0.21331146,0.69054013,0.40838522,0.23600508,0.121629216,0.18034174,0.67104274,0.92154974,0.24221471,0.16398762,0.056418307,0.16542444,0.08943943,1.3457046,0.16842203,0.71612966,0.88828546,1.698106,0.13731325,0.006161084,0.11651259,0.58732194,0.8179474,0.461771,1.7570599,0.4810073,2.7496176,0.0048522856,0.022230158,0.29540414,0.25840396,0.67681193,0.08086592,0.0976068,0.45392373,0.57926863,0.6810175,all_pothole_images\pothole_images_enhanced_4590cf9c3ec1561060e02960c7e0097a.jpg
1.1520294,1.4499807,0.4355972,1.1686726,0.40738505,0.10381021,0.019349895,0.05172846,0.19163866,0.095697954,0.9810618,1.0989813,0.53772664,2.2532585,0.2792524,0.24952269,0.21913065,0.9914431,0.43510157,0.8849546,0.5083394,1.118323,1.6161054,1.2803797,0.08960611,0.11374255,0.22616425,0.9823538,0.12586768,1.4856455,1.5065289,0.0,0.2888646,0.76245564,0.47217873,0.059640635,1.0847911,2.8258758,0.5250148,0.062572084,0.022645645,0.4136086,0.92036605,2.1439826,0.09331663,0.49014157,0.5930556,0.25567853,0.01617347,0.008212178,0.6307257,0.056573648,0.66287416,0.10602488,0.0017571414,0.029109415,0.11068091,0.065660864,0.3145479,0.09528071,0.0024061077,0.018259564,0.9804454,0.5092297,0.6570842,0.3089136,0.40224177,0.6070035,0.32716295,0.22237343,0.020109002,0.63219464,0.28374773,0.15445462,0.062505595,0.15738012,0.07642706,0.71693623,0.01968075,0.098292336,0.20005693,0.861321,0.32009956,1.2397672,0.2423533,0.96383756,0.018596299,0.042862017,1.7840856,0.0,0.6431463,1.0655965,0.13679689,0.52010095,0.43653035,0.2876249,1.1416088,0.52562225,0.4577266,0.8237461,0.24960361,0.7831673,0.04169606,0.00487518,0.035996623,0.45739308,0.6470688,0.05713891,0.01847338,2.0009809,0.46566716,0.34574053,0.17131469,1.0648847,0.13941275,1.2158582,1.7189423,0.0069481595,0.90240204,0.22075614,0.46337298,0.9504457,0.95308495,0.15552159,0.1948515,0.20790784,0.5737603,0.02153411,0.84239435,1.5625683,0.6300675,0.96658695,0.41787046,0.013299423,0.09844384,2.0404527,0.21740857,0.050152816,2.6593487,0.13748099,0.6787143,0.013549645,0.06166921,3.569864,0.86297923,0.10515211,0.60287017,0.5267088,0.20711876,0.6634746,0.040517766,0.45861134,0.57809144,0.2422074,0.23459302,1.1167765,0.32064885,0.035080243,0.105279475,0.64983976,1.167193,1.2984741,0.7591825,0.3291475,0.4814628,0.06680035,0.8311096,1.6473161,0.21210451,1.3526845,0.0,0.019065768,0.54079914,0.04210051,0.20958678,0.17078757,2.5274062,0.15571955,0.059078902,0.25304782,0.09848354,0.56431836,0.30929118,0.42442486,1.6104777,0.14392035,0.39152136,0.09842079,0.012876852,0.12581865,0.6493182,0.088547006,0.63787675,0.08287768,0.277777,0.13529474,0.07825179,0.58614826,0.84919035,0.116471484,0.17661647,0.51835126,1.2196467,0.38652006,0.7651651,1.7608873,0.3877617,0.400809,0.72488075,0.14337368,0.22254235,0.0,0.66744435,0.00154915,0.5992581,0.096569315,0.6878248,0.19243897,0.41894445,0.009316822,0.42564726,0.62556034,1.2769707,0.4845503,0.06394943,0.6808436,0.85579175,0.16989033,1.6040356,0.60992825,0.18688615,0.032338157,0.25242242,0.5975449,0.12368421,0.057069477,0.6570657,2.3058727,0.25751176,0.9645562,0.45761064,0.19466956,0.53509456,0.44749963,0.56229144,0.25217298,1.6559637,0.39092284,0.51430243,3.9085014,1.1460806,0.028421605,0.15249404,0.68858135,0.011237454,1.1351303,0.50049907,0.72191423,0.25679067,0.6680613,2.8789217,1.6557548,0.2538657,0.22573557,0.15382992,0.12121636,0.093593724,0.6181888,0.7825231,3.3835032,0.10163223,0.034387883,0.0,0.05953124,0.164739,0.62066066,0.20283048,1.0750127,1.0854908,0.57838446,0.31066883,0.07454113,0.6121503,0.0,0.9542886,0.14165697,0.13617289,2.4874196,1.0325797,0.1525734,0.0,0.08474251,0.5737181,1.1076485,0.018903028,0.8564344,0.9338418,1.7317009,0.15942831,1.2854167,0.44263166,0.84387356,0.0052122697,0.10666801,4.9639387,0.14478955,0.42830968,0.26589411,0.31983295,0.052976277,0.04494644,1.0770108,2.7181091,0.9057465,0.0,0.16615887,0.28022245,0.14338267,3.241123,1.2100954,0.012012615,0.0,0.22790904,0.8313878,0.25356534,0.10477687,0.9282049,1.5876508,1.4953995,1.3477219,3.1773257,0.47598267,0.09626205,0.43422464,0.35368744,0.23970133,1.9765567,0.4906343,0.13771425,0.0006918825,0.13276525,0.9070334,1.2909429,1.12654,0.2065838,0.49779016,0.17278914,0.29755336,1.128361,1.110671,0.2627063,1.2352161,0.038929995,0.0,0.0780167,0.19658121,1.1517069,0.33396637,0.026020804,0.28329152,1.0367075,0.16033067,0.0,0.04575124,0.14120845,0.35084063,0.5447315,1.1529479,1.0668752,0.23071048,0.26783845,0.2513713,0.41891223,1.0829846,0.45269385,0.9142242,0.42277712,1.2290825,0.5373138,1.0875952,0.97970235,0.013391956,0.17147492,0.53014266,2.6271486,0.19766554,1.5555503,0.06409713,0.07026656,0.89478487,0.5519302,0.38857844,0.23907392,0.21758573,0.8727669,0.002070547,0.302587,0.38965878,0.09965658,0.5108934,3.556311,0.018295836,0.53672725,1.5639066,0.48755887,0.17298412,0.8739671,0.76286167,1.9441777,0.3629172,0.0087035205,0.05059322,0.05694432,1.6358407,0.42267996,0.55792546,0.10743517,2.0102818,0.18939745,1.0171661,0.61893404,0.0041921088,0.45446107,0.25558063,0.13143352,1.6567591,0.21173725,2.3853831,0.001081949,0.3581318,0.36265972,0.85523474,0.35886338,0.26671472,0.4455932,0.42619616,0.055729304,0.4962539,0.018214352,0.3776399,1.1266527,0.1363471,0.09548751,1.0002156,0.2571596,0.3640891,2.8436878,0.10330566,1.119691,0.6485287,1.5378088,0.767779,0.1790164,1.0404317,0.04237025,0.0,0.6393444,0.2675637,0.13176635,0.22120559,0.20192209,1.6352159,0.38557917,0.010191663,0.09935319,0.38874757,0.036365278,0.6766985,0.20441253,0.09395161,0.1140706,0.7022898,2.9137363,0.34165782,0.20419486,0.0,0.07290724,0.08543172,1.1519339,0.33481082,0.13268897,1.184854,0.09472361,0.3116566,0.15708652,0.14050967,1.0061014,0.209723,2.0809782,0.13792908,0.11361909,0.67426157,0.036917515,0.39131078,0.018960118,0.3482469,0.6846431,0.0328329,0.15148601,0.17052728,1.649728,2.1820676,0.05162904,0.569329,0.12417148,0.718783,1.1144263,0.031079253,0.31791222,0.232903,0.03251334,0.3747599,all_pothole_images\pothole_images_enhanced_45c480755d50b666e995060f79fa5729.jpg
2.253892,0.5284844,0.3627953,2.367696,1.4925791,0.3753055,3.9091802,0.13985713,0.3380094,2.0368764,0.21550046,1.73669,1.7494797,0.97084135,0.63408226,0.61603236,0.39187208,1.2494024,1.6513385,1.8039085,1.0462525,0.4864881,1.1278987,1.4970558,0.36628467,0.6702261,0.17495354,1.5484809,0.4073106,0.5685195,0.657958,0.08546331,0.49011806,0.7975228,0.67329556,1.00669,0.0,1.0676925,0.24855068,0.0,0.7888832,1.3622341,0.2425791,0.24373697,0.5308506,0.15315348,1.8389193,0.10149695,0.13499735,0.9347459,1.9348634,0.3533465,0.5522054,0.33315563,0.99215496,1.9723417,0.75620854,0.8951809,2.603422,0.23038381,2.4106402,0.28122014,0.46540475,0.30732602,1.2879217,2.1110911,0.8269923,0.7143235,0.1886137,0.85625136,0.37568974,0.26106745,0.25889158,1.267543,0.17712672,0.38945585,0.8666528,0.7676598,1.6403961,0.21074346,1.8555412,0.16979465,0.3440843,0.18891951,0.9114704,0.12514396,0.39171413,1.8512502,0.9713866,0.26691747,0.604062,0.8548295,0.144043,0.1807304,2.8489056,1.9053049,0.36193714,0.4053903,0.02509711,1.9366227,0.26913607,1.334927,0.85766023,0.9759185,1.938726,0.6173261,0.0076279403,0.070968926,0.07105679,1.3033226,0.06050459,0.35291916,1.6790793,1.5820792,0.9766276,0.0056456863,1.2305489,0.6449474,0.4532359,0.64514804,0.94367665,1.0948188,0.9170568,0.79066074,0.0076826336,0.43473032,2.7571006,0.5324208,0.54659724,0.43127635,1.1403228,0.35768354,0.051424287,0.28759468,0.5829498,1.2731817,1.0207063,0.73517936,0.9872178,0.72533023,0.5982917,1.0522658,0.6864138,0.7008664,0.29619348,0.8162252,0.6946633,1.9441979,0.4707759,0.96312666,1.7985353,0.8806247,0.25376076,0.12859638,0.70262676,2.3364134,1.6430323,0.71956694,1.3933364,0.89751166,4.13252,0.9942366,0.4220672,0.44106147,0.29712301,2.573437,0.36327288,1.3601357,2.3988566,0.2419136,0.53358954,0.7318532,0.056604616,2.3972356,0.51083016,2.0198388,0.8589077,0.40985644,0.793147,0.11183832,0.23753536,0.59592897,0.0051377197,1.9698696,1.070444,0.29764837,0.17149265,0.54632276,0.51051843,0.43051645,0.8853798,0.56084853,0.6204361,4.0753465,0.05683931,0.37812844,2.0866559,2.4394104,0.38921714,1.1462605,0.5507411,1.651148,1.2385371,0.029180054,0.2516138,0.29912037,0.33491647,0.5122507,1.5756578,1.9897672,1.1057838,0.47239155,0.0113894595,1.2554781,0.799942,1.6119518,1.2597414,1.242365,1.2162744,1.3311219,1.0909154,0.050416254,1.3946058,0.3155932,0.0026893094,1.6331387,0.60383147,1.2856989,0.13215776,0.38325068,0.39960647,0.40418535,1.4400108,0.34573722,0.4395453,0.15938716,1.0241411,0.55614305,0.31280115,0.2829917,0.13025352,0.13037904,0.25965008,1.1284156,0.12138312,0.14222747,0.7944655,0.6890215,2.4206114,1.4026235,2.1770573,1.1562835,0.6709857,0.16348267,2.316332,1.1761994,0.04794548,0.68440014,1.3715496,3.9465892,0.8705672,0.8653441,0.44880566,0.47846344,0.4588457,0.5854878,1.6723145,0.28877455,1.048144,1.390212,1.0968847,0.6221192,0.8194046,0.11783191,0.14748581,1.0348884,2.0147014,0.22115855,3.181307,0.8019166,0.26383534,0.9997849,1.5099479,2.3942952,0.5536213,1.0856042,0.5051337,0.0,0.64661777,0.9815797,0.5829771,1.0650208,0.6327675,1.0865318,0.06438425,0.13604131,2.1171095,0.073728666,0.17227213,2.048827,0.51102066,1.1822081,1.1800787,0.46218854,0.2672884,0.35964128,1.2379786,0.49100664,1.0625249,1.1109892,2.619366,1.8514146,0.8997175,1.0639617,1.6461219,0.64953434,0.7440299,1.6541737,0.87538517,0.09669292,2.5838199,1.1468389,0.38666221,1.5797701,0.12788208,2.3872833,0.15889081,0.497406,0.33228573,0.23969392,0.047296755,0.032633413,0.08495027,1.0046198,0.15173668,1.4845842,0.86588144,0.80678916,1.1947279,1.2325321,0.23737966,0.3624881,1.3678858,1.4025153,0.98092866,1.664212,1.3768908,0.17278995,0.73969036,0.7791359,0.7170927,0.6137277,0.10198122,1.0266513,0.47998482,1.6544236,0.94178236,1.9891021,0.83711195,1.5554708,1.0066594,0.6133032,2.176989,1.3930757,0.26687297,0.0072911056,0.98716265,0.08360386,0.7349547,1.5415715,1.1876739,0.71406823,0.8341816,0.42937997,0.71617293,1.137302,0.7543925,0.09903908,0.55728847,1.9099392,0.07038638,1.8136241,0.82325137,0.4995631,1.1826651,0.8579774,1.1779561,0.05099481,0.61286277,1.7551656,0.1356043,1.1761194,0.0,2.3409677,0.032098856,0.28443196,1.9329823,0.1342655,1.6174157,0.77601016,0.065436885,2.559943,1.3133805,0.27193242,0.5094906,0.08087136,2.46591,0.05943016,0.9154608,0.58694357,3.133421,0.5479852,0.41392112,0.45795828,0.15848356,0.048050266,1.9128938,0.8445387,1.1501262,0.6702713,1.4275392,2.424556,0.03390379,2.392011,3.532647,0.26317653,3.1461802,2.2415476,0.88203335,2.1867476,0.04165712,1.109024,1.5782726,0.2845435,2.0456412,1.1909456,0.0059981095,0.57533646,0.019485874,0.21464309,1.2711617,0.23368967,0.110402904,0.91650856,0.3177685,0.11369937,1.31002,1.4649093,1.5583305,2.7159386,1.394069,0.22439201,0.9140891,0.93786323,0.45448723,0.12424547,0.5998424,0.07740488,0.51892865,1.0307447,3.3206325,0.6757289,2.0687728,2.496231,0.30366045,0.519217,1.2505018,0.71805245,1.2130804,1.3826556,0.5914563,0.37850916,0.25306445,2.6986167,0.7340317,1.3339573,0.70444083,1.9863658,0.024701698,0.3870387,1.8247726,0.63896155,1.520657,0.7579674,0.18293855,0.32035983,1.7732391,0.3102572,1.3813875,0.32527974,0.02301724,2.056109,0.1957044,1.6972835,1.1034372,0.4214342,0.13227624,0.179878,0.28807932,0.5527923,0.82849985,2.4696574,0.025962522,1.6340425,1.0628737,0.8217082,0.54340285,2.9293754,0.010028075,0.6074632,0.24075496,0.85559595,all_pothole_images\pothole_images_enhanced_45e57b58d2b63aa04ea51ef0a6580cf4.jpg
0.6039459,2.175084,0.60558075,2.1447096,0.26049882,0.9872834,0.51363593,0.40088785,0.6546484,0.47532097,0.55498433,1.1883292,0.059179466,1.3893745,0.58602226,0.8289982,0.9779755,0.1550234,0.6897307,0.9494212,1.25321,1.5182302,0.23354511,0.8694654,0.815303,0.6008136,0.20094803,3.4314232,0.79384184,0.29479122,0.42224213,0.30691996,1.2672777,2.289689,0.21966809,1.4487737,0.37580544,1.0244188,0.045934904,0.9911913,0.45979452,0.09734318,0.96251786,2.5024683,0.71477365,1.3389027,0.4949269,0.061869048,0.10466334,1.2984655,1.0139991,0.45991623,0.9458937,0.5130138,0.34321928,1.0842788,0.05221863,0.038876045,0.9186949,0.26684976,1.2400444,0.4236682,1.2409475,0.42563784,0.37067437,0.87266755,0.3761733,1.1819296,0.5383284,0.5838271,0.67877626,0.27947322,0.3068473,0.33147943,0.7999364,0.6980441,0.73855144,1.4024119,0.016770435,0.31961843,0.82765895,0.2699593,0.05500064,1.07166,0.781848,1.0902171,1.1058725,0.5302577,2.8471549,0.01034765,0.32386532,0.09354836,0.36611563,0.638783,0.01756046,0.6316906,1.124882,0.6701628,0.598508,1.1195706,0.06350202,3.2114615,0.70489985,0.3298799,0.13637014,0.2597114,0.33866385,0.4177418,0.364554,0.2426229,0.022806821,2.071732,0.6545621,0.2202967,1.0811508,1.2006261,1.4277914,0.7216044,0.43712288,1.4801701,1.2343833,0.90368736,0.96720105,2.1518312,0.24956764,0.2420427,1.3938321,2.0330486,0.6951379,0.43647632,0.48186374,0.0,0.26266655,0.7323318,1.111547,1.6877706,1.7537502,0.81582373,1.0348818,0.694738,0.21375506,0.22036594,0.16607508,0.4694874,0.90296817,1.9442255,0.5956194,0.061045773,0.29980814,0.63267446,1.8030299,1.3344147,0.07477314,0.012554095,0.1491795,0.8818237,0.4527296,0.31607476,0.6863392,0.6852113,0.49082464,3.1974378,0.0,2.7353222,0.005920283,1.8031392,1.1645997,0.5883385,0.5365674,0.7717543,0.7589432,1.2473907,1.7801383,0.64074326,0.2641554,1.1797321,0.3744397,0.021432113,0.21304883,0.44144112,0.15802294,1.7875712,1.9261212,1.8743588,1.0508692,0.13443299,0.14551999,0.9757678,0.8046039,0.5703665,0.65543175,0.62729347,0.22060873,0.5841419,1.2762523,0.7743833,0.828378,0.099701375,0.07915412,0.68840384,0.653478,0.36364403,1.2233312,0.43587044,0.8931229,0.34358943,1.4247397,0.2757389,0.1320158,0.13896918,0.95018876,0.052793406,0.5513659,0.23199931,0.9900405,2.3268797,0.56921077,0.20355323,1.9990928,0.25596827,0.9368303,0.017033687,0.5595219,0.25160438,0.11537068,0.7576104,0.49093544,1.3735578,1.3609616,1.2480026,0.3257627,0.5531604,1.8377407,0.02435155,0.7575799,0.0070863115,2.2600448,0.1301217,0.06291977,0.70638305,0.5782664,0.08406422,1.1012973,0.007938007,0.72409225,0.08450683,0.24751514,0.6439294,0.5017363,3.1002252,1.5301355,1.6705381,0.46963793,0.77074355,0.08510479,0.29268834,0.263281,0.10370821,0.33679503,2.778148,0.47799122,0.9269527,1.968792,0.09136484,0.12427252,0.16927563,0.15392321,1.6531403,1.4309204,0.8544297,0.20093606,0.048092335,0.15784726,0.9580713,0.28630862,0.8486337,0.49333438,1.0309561,0.61457235,0.8410589,0.531031,0.37447643,0.12771423,1.0731212,2.0788984,0.04170894,0.91136175,1.1132494,1.6499753,0.020685477,0.20520918,0.18839684,0.32168776,0.5275614,0.70936114,0.26441815,0.82166773,0.6047035,0.69163465,1.9557934,0.60738283,0.8244515,0.79666245,1.2351654,4.3927794,0.40691695,0.4022773,0.83470744,0.39272022,1.7746035,0.22975111,0.6643256,2.2714014,1.1975379,0.36261752,0.8370182,0.017810825,1.1796604,2.9480317,1.213609,1.0384098,0.20575736,1.0939788,0.8283506,0.7617423,2.0863893,0.42250013,0.8478655,0.7557934,1.4298967,1.9114819,0.56296283,0.12413512,0.15502682,0.18724842,0.4497376,1.202297,0.50313294,0.44345698,1.3851756,0.8365716,0.31537873,0.6828156,1.0666995,1.0109657,0.45499796,0.43428984,0.6750296,1.2208655,0.5448272,0.696736,0.3018363,0.10357988,0.12692732,0.6016665,0.22051877,0.2461752,0.29382864,0.5977885,0.3752156,0.013654695,0.32925835,0.9034489,0.90640944,0.35612655,0.48683512,0.70475066,1.2570413,0.49879602,0.783633,0.509407,0.81646585,0.43477637,0.4610379,0.077145875,0.20835553,0.7514983,0.04119481,0.3077419,0.43992096,0.778708,0.705248,0.9023232,1.550348,1.4699687,1.1826899,2.4811258,0.73327804,0.06820009,1.3308092,1.4150946,0.33698785,0.37956277,0.19973755,0.07039401,0.5433408,0.8097587,0.4375381,0.4653595,0.030811574,1.7242143,1.2726845,0.44182333,0.52521604,0.33710963,0.72860104,1.1667701,0.06660481,0.37115136,1.3101664,1.210242,0.3052063,0.66757745,2.0544412,0.0,0.24091561,0.5380676,0.38141575,0.88564885,0.29963663,2.5317283,0.665406,1.4021869,1.5867143,2.9343965,0.19955234,0.41084087,2.6815403,0.30554837,0.9847591,0.25927687,0.02712676,0.9089875,0.33881965,0.78782016,1.1837269,0.86813504,0.23190019,0.038991265,0.9798707,0.79179543,0.7089817,0.36528566,0.21791244,0.099686384,0.69442177,3.0961597,0.88757896,0.56263095,0.9196729,1.0137801,0.59484047,0.49477026,0.46812612,1.0897547,0.35424772,0.83451,0.75361687,0.61587167,0.077357255,2.2780876,0.09407674,0.66572934,1.5711884,0.116500035,0.9610357,1.9418795,0.042982217,1.5419799,0.7486228,0.63218176,0.43932405,0.37127686,0.16794485,0.33144894,0.0898791,0.8339176,0.780079,1.0183359,0.2499697,0.8625703,2.3194292,0.49641627,1.1297278,0.3142993,0.03912719,0.6104015,0.73718953,0.22407493,0.1496207,0.68629056,1.7828931,0.17486544,0.73126376,0.6327742,0.6531205,0.11537041,0.24096107,0.105920225,0.1435152,0.73034155,1.941797,0.020656807,1.62142,1.5162132,0.7898862,0.70979315,0.30543083,0.36336377,0.5340047,0.43988943,0.45632404,all_pothole_images\pothole_images_enhanced_45e9cd011ddcaa7b653e450f10cb1a4c.jpg
0.8927822,0.29473457,0.006367402,0.40606844,1.7412158,0.27085206,0.09342203,0.91773784,0.08236778,1.02635,0.48069867,0.1767902,0.0,2.19293,0.6584394,1.1040348,0.4840819,1.3463715,0.91178286,0.39767456,1.3888856,0.45083502,1.0311109,1.5427345,1.22132,0.8528788,0.21342474,2.4943082,0.7419706,0.039858058,1.0272886,0.43461642,0.35330734,1.055343,0.099361576,1.2275214,0.0298551,1.4014565,0.37759858,1.2556759,0.72446895,0.031404782,0.07898694,1.5660964,0.38188162,2.920018,0.0,0.07368004,1.4729656,0.7118259,1.0388533,0.101902686,1.2210872,0.1861957,0.5144826,1.3907329,2.118903,0.27997944,0.2802057,0.23867431,0.26004222,0.25873062,1.2448194,0.095632724,1.0173013,0.57921576,0.051570576,0.3451476,0.023281997,0.07968143,0.15285072,0.038371388,0.31657657,0.8613354,0.7048781,0.18643157,0.022075796,2.6359797,0.0,0.27948788,0.09153243,0.17933162,0.7208815,0.33659616,0.681766,0.51202804,0.41571456,0.24084398,1.5184522,0.3540362,0.39558956,0.010739856,0.3873476,0.23858948,0.59592026,1.0960358,2.2557955,0.441832,0.6218796,2.0988479,0.016442686,4.333761,0.87893325,0.0,2.4166763,0.8246587,0.21489717,0.34879005,0.012330232,0.61528116,0.02301294,1.2543522,0.66284436,0.8153013,0.22676098,0.24126266,0.49307302,1.5537906,0.9593157,1.3170532,3.9896302,0.5566046,0.0,1.1942114,0.70954925,0.33424568,1.7560416,0.49706975,0.6292452,0.070227586,0.2020064,0.07152913,0.09342812,0.75625104,0.36756086,1.1075298,1.3332114,1.9650607,0.06473489,0.23448963,0.25156212,0.055894073,2.3692179,1.7698554,0.59928364,0.93838793,0.71278113,0.91143,1.2778345,0.0021998885,1.0152153,0.329048,0.10409003,0.56226856,1.022152,0.1343241,0.39506784,0.77997845,1.25717,1.89283,2.4939492,1.2368109,0.20290445,3.9451265,0.083671786,3.1000328,1.2143041,0.9851658,2.033729,0.70775104,0.05425713,0.009051723,0.17876469,0.54210556,0.11665307,0.3028816,0.69214207,0.3577619,0.011262561,0.16499315,0.23164263,2.390494,1.6751244,1.655809,1.3254422,0.6839273,0.17816626,0.73530227,0.5352037,0.74082625,0.07173088,0.45830858,0.68649554,1.5871273,0.43880823,0.8223412,1.259829,0.15772352,0.43243968,0.28805026,0.5222682,1.4292427,0.62899256,0.9976655,0.2769023,0.12181226,1.0519991,0.61507833,1.2730608,1.0106968,0.054227374,0.11108285,1.4422256,0.27693763,0.07908315,2.0165274,1.1810999,0.22463128,0.6470961,0.17403172,1.01291,0.045904532,1.4634196,0.033165455,0.008371756,0.674213,2.166778,0.69685394,0.5221153,0.39807448,0.122128755,0.14081834,0.98070383,0.053118568,0.4725334,0.12332414,2.877459,1.0816773,0.22734272,0.047286194,0.051953044,0.22190484,0.19129597,0.3808111,0.6386288,0.059730187,0.007745583,0.8820488,0.062988274,2.303312,2.2453134,0.5255648,0.28903234,0.608694,0.42709807,0.8063624,0.30835608,1.0328026,0.4122314,2.001511,0.34346756,0.24094374,0.68043846,0.16175187,0.05416745,0.5432761,0.14634489,1.0279202,0.64142436,0.289993,0.022367552,0.0,0.3899094,1.01001,0.015936758,0.16074698,0.34837434,1.0960413,0.34965038,0.754668,0.7966223,0.8141942,0.4172213,0.69343907,0.32657278,0.33616167,1.0953193,0.54864573,0.52713466,0.053076886,0.6887617,0.86183244,0.100099295,1.1169541,0.4970747,0.34785917,0.4265178,0.35276133,0.046948295,1.5857357,1.3695002,0.024775267,0.475413,0.25551063,0.88944805,0.22628812,0.07942114,0.026935268,1.195242,0.5849103,0.6802658,2.631026,0.81837803,3.271761,0.73294675,0.024848465,0.10626081,1.1875149,1.512028,0.110135816,0.11195529,0.679312,0.6628119,0.79395014,0.35625383,0.99199224,0.0,0.19211158,0.39273688,0.32961267,0.24096979,0.073531866,0.005486626,0.08681514,1.2437242,0.6634633,0.38679248,0.8269381,0.62107426,1.3844378,0.05252834,0.017801639,1.6733472,0.95333827,0.5615905,0.008580579,0.0003698547,1.846017,1.1005214,0.23628986,0.81419396,0.57423025,1.0364305,0.24904296,0.98067844,0.14182389,0.049799815,0.7197144,0.77299625,0.3894369,0.10161491,0.2999582,0.829849,0.07546564,0.3902429,0.26508614,1.2006671,0.60137045,0.9087624,0.70656633,1.2469405,0.33923125,0.385949,0.8223232,0.31121278,0.31258664,0.47402313,0.084839255,0.7617486,1.0499381,1.4184256,0.019634716,0.032040797,0.44883487,1.1814162,0.6934218,1.0507199,0.112948485,0.00035313683,1.5016955,0.8525353,0.23839405,0.055024877,0.9365357,0.62772757,0.4022279,1.0488464,0.4424467,0.43092015,0.5428468,0.49409717,2.5885136,1.5651817,0.1697086,0.1104074,0.7091539,0.35683736,0.37314498,0.9280409,0.08330501,0.19210821,0.06391198,0.07341907,1.4802369,0.0,0.56787443,1.5028745,0.8261177,0.85577595,0.13404037,1.6891109,0.95589334,1.0271896,0.6114268,3.9536464,0.30598852,2.0856755,0.08418742,1.9964043,2.0901237,0.30575937,0.72364634,0.9438169,1.1440828,3.04528,2.8735998,1.4601512,0.15083916,0.14972769,0.9259423,3.2259526,0.56709653,0.019614577,0.056129128,0.016426865,0.22403316,0.89719623,1.307403,0.12681706,0.64142996,0.58547896,0.34419012,0.6668393,0.42280445,0.383759,1.1750983,0.10707808,0.22568484,0.8972667,1.9673953,0.7519813,0.06405106,0.15738858,0.2241098,0.46469504,0.45459124,0.83768845,0.052977648,1.3989139,0.6989138,0.8196137,0.97034466,0.20986961,0.10226187,1.0194144,0.053869776,0.15796833,1.7428647,0.91992795,0.08275589,2.0387502,1.9237972,0.29276624,1.4860913,0.114190355,0.20753692,0.46128047,0.03757519,0.25438756,0.026873628,0.48640448,0.6848122,0.21232396,0.33671686,1.1153775,0.28530747,0.37508738,0.028374158,1.3785967,0.8889942,0.9984065,1.4752393,1.1783254,0.28278273,0.29332057,0.3536127,0.05153179,0.011686269,0.08127311,0.3506684,0.8974707,0.20195867,all_pothole_images\pothole_images_enhanced_46dd33c667372408ff4628d02bcfff24.jpg
1.0184158,0.38150406,0.085781105,1.2104425,0.39980748,0.30350265,1.3605022,1.8878654,1.254833,0.31898502,0.0045287153,0.09041116,0.0,0.28201714,0.02057791,0.9366074,0.20840025,0.66822505,2.4577265,0.20175067,0.3725816,0.2244271,0.84775925,0.055397756,1.0483775,0.2926209,0.43817717,0.08553677,0.35206234,0.5406506,0.0,0.60968703,0.40507916,0.5697712,0.006066013,0.27109382,0.026198013,0.4609866,2.247735,0.49813938,0.79007316,0.9357245,0.32469666,0.0,1.5022533,0.19269857,0.8760484,0.750364,0.09247532,1.217885,0.15241498,0.28661162,0.0,1.1118084,0.107828215,1.1247071,0.013574438,0.27607548,0.69572866,0.22273853,0.21580438,0.51428497,0.47362024,0.122153066,0.14394645,0.27700505,2.2204301,0.23108755,0.085485876,0.100277804,0.6574758,0.20730613,0.03886014,0.67323714,0.90185094,0.6540845,0.54936814,0.3039229,1.3039491,0.7555479,0.097997546,0.0119141415,1.5958004,0.558239,0.64656276,0.40719175,0.7700155,0.3209325,1.4354708,0.5774285,0.006011443,0.5171721,0.07087993,0.46381563,1.3472047,0.220945,0.8450334,0.02243437,0.009176144,1.1640978,0.41305953,1.1236582,1.2176094,0.509598,0.944962,0.0,0.0,0.47064424,0.14638266,0.71630967,0.109592825,0.3101661,1.0113028,0.11334808,0.22171631,0.6682407,0.06784105,0.24252829,1.4399259,1.033915,0.5354422,0.48424676,0.13068491,2.3331385,0.43798423,1.2101249,0.12832423,1.4760535,0.23221907,0.42996138,0.24480554,2.2968078,0.5626069,0.38388902,0.25709414,0.52592987,0.21980433,1.2772108,0.07480145,0.3976024,0.8373515,1.7633917,1.5373448,0.030965818,0.028763907,0.6185755,0.17401645,1.4012629,0.26169592,0.25531608,0.41371474,0.6410007,0.38596895,0.29107526,0.09928955,0.37594658,0.16746213,0.28844312,0.78900117,0.1871956,0.48181108,2.0378728,0.3060557,0.0,1.9074442,1.3709794,0.59773326,0.04787703,0.7977137,0.23372626,0.36142793,0.17131065,0.021534733,0.25354904,1.4698371,0.3067197,0.99025226,0.28091824,2.1648748,0.016011778,0.3325999,0.3614879,0.9186943,1.1424223,3.0176427,0.28145027,0.0013420838,0.47437838,0.0,1.5115258,0.1522527,1.6699551,0.06592822,1.2005802,0.8952981,0.075454675,2.2005696,0.67066765,1.4919692,0.3977806,0.32198855,0.32836956,0.18014088,0.05064353,0.17864254,0.045051534,0.29900613,0.3424664,3.4200082,0.37897477,0.028041868,0.41250554,0.023370834,1.340285,1.1418417,1.71677,0.2123014,0.25116938,0.57551205,0.7374543,0.40485385,1.0744857,0.50866497,0.4928437,0.17744057,0.68898743,0.45945892,0.51929224,1.1520798,0.23689902,0.29747808,2.0842905,0.38072693,0.15844926,0.56674165,0.19452655,0.33833453,0.16237094,0.766232,0.9407792,0.41326967,0.56253624,0.42864344,0.9839356,0.42769668,0.2147077,0.6051296,0.16567194,1.5139619,2.6629345,1.624442,1.6570262,0.9886022,0.07131594,0.55660063,2.2309124,0.0,0.5040264,1.012665,2.8987656,0.3385263,0.05663343,1.2119274,0.471003,0.0,0.95983976,0.5878508,0.007182952,0.10586624,0.25492185,0.7901151,0.18059257,0.16501765,0.8047072,0.43892255,1.3833107,0.6152851,0.14430398,0.39004558,0.58706135,0.61562395,1.443219,0.55194306,0.9984067,0.56688905,0.28199542,0.41793567,0.27853456,0.59647304,0.13928248,0.030942012,1.0504218,0.9941585,0.8676692,0.11594597,0.5224141,1.1580645,0.3082519,0.14851369,0.74870455,0.050314624,1.6351452,0.39423725,1.2186798,1.0051763,2.0878077,1.9048951,2.366891,0.7619696,0.79194933,0.86084646,1.3810939,1.8817985,1.3411205,0.30446503,0.66371787,0.09863349,0.84305936,1.0720562,0.12828735,1.7135488,0.5415935,0.6545944,0.39883485,0.26586258,0.041150045,0.76932514,0.6610792,0.65524065,0.0042792484,1.5772645,0.29007927,0.95135343,0.2564515,0.9982527,0.1562158,1.7498957,1.354258,0.33060116,0.78286695,0.18236758,0.065658346,1.0813606,1.253651,0.59287006,0.3868162,0.71281713,0.6874226,0.061039377,0.3607194,0.034394547,0.60835934,0.59495956,0.41291964,0.92140263,1.5198044,0.007211382,0.71617997,0.621023,0.7358715,0.10918738,1.2676612,1.6867454,0.8155512,1.1657827,0.30118454,0.83508873,0.57869816,0.47144985,1.0061148,0.23932482,0.86778384,0.13564639,0.0,1.0901418,0.39461812,0.08590684,0.73076355,0.0,0.95445555,0.30323806,0.70000464,0.32953912,1.3987818,2.6068108,0.04609371,0.9280117,0.04754566,1.783078,1.5182147,0.53632,0.5234428,0.5994859,2.2068613,0.05143967,0.70245135,0.7280546,0.74654627,0.973668,0.045359805,0.0,0.76116973,0.63523644,0.49175313,0.6786754,0.1200994,0.006223709,0.6988168,0.049104404,0.08669672,0.5437031,1.1117737,0.3980304,0.39693794,0.011405752,0.31387368,1.5310997,0.868776,0.74322444,0.9035792,0.7951648,2.0329146,1.317563,0.10079401,0.3140025,0.029523825,2.4567997,0.28295085,0.9330829,1.3021121,0.989484,0.7387347,0.5370495,0.2355428,0.188611,2.182256,1.1024877,0.034385942,0.31247124,0.31362993,0.96098125,0.6805453,0.41148454,0.14174128,0.4970028,0.023942407,0.70628405,0.5643929,0.08558596,0.5061012,0.72434044,0.2435217,0.7932318,1.1634598,0.34054163,0.96576035,0.37704593,0.0,0.46085116,1.7658373,2.116082,0.2082128,0.86168796,0.18337072,0.26498383,0.7545228,2.4338968,0.04391838,0.20003206,0.94368494,0.36487648,0.6553966,0.58486634,0.8064935,1.5856234,3.0427146,0.64007926,0.6695756,0.1644649,0.8086035,1.3506343,0.083231464,1.5066948,0.7501683,0.31960386,0.71902436,1.2233919,0.16158901,1.5156113,0.3015169,0.39761573,3.4326482,0.3959397,0.22286205,0.26708415,0.09655326,0.79587585,0.16611955,0.2673389,0.107821636,0.102584906,3.1053042,0.21721675,0.17436366,0.38970628,1.777056,0.20946589,1.1323507,1.1124746,1.2511919,0.19906858,0.95182866,all_pothole_images\pothole_images_enhanced_470579404d38b5549250f559bb93b693.jpg
0.36959752,2.4184403,0.85261726,1.5728976,0.6316431,0.20384751,1.1348099,0.13588993,0.30125132,1.2061286,0.19948842,1.617497,0.133897,2.0706222,0.48775184,0.86638117,0.57241666,0.7746626,2.7053587,0.66522807,2.1319785,2.6973188,0.47713172,0.8924401,0.23478822,1.4647475,0.82361203,3.3687165,0.40742207,0.3124944,0.80171186,0.037907757,0.6074161,0.42016485,0.6437691,1.8605118,1.3213636,2.435613,0.72914964,1.0846974,0.30469966,0.41447768,0.45130247,1.2392409,0.86420107,1.34725,0.45350295,0.0012037798,0.3246383,0.7255826,2.23966,0.163796,0.2062163,0.529332,0.36359167,1.7478712,1.219841,0.010972365,0.94578147,0.14009824,1.158035,1.9886266,1.7571826,0.08555699,0.54785115,1.8558354,0.923858,0.1458881,0.53232867,0.5141824,0.04597315,0.49388525,0.4900985,0.6059566,0.61391675,0.8619488,0.37266147,1.8332855,0.052983493,0.1021204,1.1319203,0.059205897,0.34496313,1.8485312,0.675592,0.16259329,0.40044418,0.26053125,3.80611,0.1651902,0.12178281,0.289442,0.2922861,0.36495328,0.2760798,0.021676924,1.1764919,1.5771441,1.5524961,1.2131841,0.06850269,3.3896098,1.0508714,0.6964106,0.40552,0.156289,1.0137779,0.15065798,0.17337936,0.9428379,0.08351635,2.732903,0.8285938,0.04394327,1.444279,0.59080786,1.7945905,0.7868388,1.8269815,1.3139925,0.69162834,0.3451897,0.12619753,0.71383893,0.6296924,0.21314958,1.8197892,0.57861364,0.46202374,0.22701181,0.41162008,0.20129426,0.6769331,0.26025847,0.0738214,0.3891466,0.24951896,1.1813318,0.3950702,0.12718064,0.8781827,0.017743196,0.1495674,0.9638416,0.52454716,0.8510546,0.85956275,0.11869296,0.9069782,0.96941715,1.6274482,0.7364835,0.0,0.09917987,1.2351782,0.60405254,0.7021517,0.20196745,0.83953655,0.88512397,1.3099295,1.2400912,0.37664923,3.2871149,0.20237383,0.9958176,2.6938732,0.6143781,0.7863277,0.6354503,0.3482254,0.3764752,0.24419425,0.63152224,1.2205452,0.008544041,0.21388118,0.118636385,0.55570567,0.430789,0.2340458,2.3785393,1.4516665,0.8804892,0.71427536,0.48061433,0.3197625,2.584912,0.14114413,0.90993685,0.8587293,0.37669665,0.043057926,2.101521,0.01727526,0.083598785,0.9448215,0.22163121,1.4900901,0.36864758,0.09220309,0.9046451,0.71455735,0.5673761,0.63176787,0.2760855,0.1422687,1.2918518,0.3762748,0.13303229,0.07918885,0.04468527,2.2862654,0.8274522,1.5065483,1.1337032,1.4128234,0.068136096,1.2585907,0.10829552,1.2028356,0.16435836,0.42906272,0.27540377,0.12978667,1.7461905,0.44988406,0.64016604,0.5518637,0.82493466,0.50075424,0.44874114,0.3678557,0.13922219,0.13777928,0.17666163,2.3800924,0.80354524,0.00058844977,0.13004601,0.24226959,0.10585308,0.2219169,0.33558217,0.33507705,0.12499447,0.34078842,0.09815884,0.6998693,2.9229558,3.0686505,0.09506233,0.8178701,0.5917241,0.20004387,1.5137453,1.3057276,0.9385955,1.5941254,2.3095691,0.4713482,0.16796577,1.2300287,1.151794,0.45023984,0.20468912,0.28404313,0.44716862,0.38760135,0.27715823,0.18499282,0.42465293,0.1065814,0.07024667,0.7723724,0.38530815,0.61263597,0.9813724,1.6364949,1.0494765,0.17203245,0.18245164,0.07204912,1.4415438,1.0350407,0.6479018,1.3397336,0.37029827,1.3252364,0.41589892,0.41872805,1.0499437,0.43061054,0.2826163,0.089701906,0.055586535,1.0998861,0.7282659,0.6214667,1.3184587,0.26992473,0.98983496,0.7481951,1.7436337,3.4813223,0.41188264,0.29158145,0.86390334,1.0669298,1.8708248,1.7201675,2.0376327,3.0273392,1.1118062,0.80557215,1.228699,1.4568794,1.4403101,2.1680295,0.26473233,0.0,0.34931213,0.36381796,0.16575992,1.0556654,1.2202399,0.06522308,0.0,1.2083738,1.3446739,0.6120728,0.64734674,0.19785388,0.12576166,0.452787,0.32853588,1.5291923,2.0479114,0.08992979,0.8309424,1.2847692,0.5921352,0.7162675,0.31849083,1.283109,0.9355214,0.43542168,0.35033646,0.8030663,1.1389129,1.1746439,0.72707295,1.4027131,0.019025411,0.021135993,0.6191377,0.83250415,0.6353869,0.057742424,0.45385656,0.3096268,0.5038553,0.22811359,1.3054541,0.93108535,0.5107481,1.212812,0.5162026,0.43112296,0.14840715,0.9919,0.29904357,0.7916691,0.32372278,0.08088499,0.53965414,0.0435997,0.50030494,0.16015121,0.27691165,0.9179365,0.6146269,1.6283932,1.3148729,2.3685555,0.5673767,2.3235385,0.1417722,1.0301062,2.905047,2.6472783,0.0722212,0.18124214,0.80645585,0.14298841,0.05369378,1.0141456,0.046689708,0.56829226,0.12747529,1.0994593,0.88231707,0.17666085,1.0524223,1.0520828,0.023861077,0.79813594,0.90843695,0.74512607,0.20576186,0.76701164,0.49198946,0.43423787,0.7517183,0.101603314,0.16516382,0.22830017,0.8572333,0.13544476,0.44983748,3.264525,0.82810193,1.6134275,1.6459243,2.527601,0.389107,0.10694962,1.7237542,0.4716936,0.39245108,0.14779088,0.091667786,0.32582077,1.3385895,1.7253221,2.8641214,0.64627147,0.78375834,0.2827009,0.47414583,1.9074913,0.20960791,0.38603318,0.057916902,0.21124783,0.030353535,2.6817968,0.6686691,0.61288583,0.35841078,0.8436496,0.34048828,1.6258669,0.64223623,1.175611,1.2908108,1.7020802,0.5125437,0.37459785,0.87238854,0.116967365,0.17712721,0.7813739,0.28535187,0.70630175,1.4191452,0.37497628,0.2505283,0.8033933,0.96787953,1.3300445,1.028323,1.101269,0.34354758,0.52447444,0.33949053,1.4511477,0.43428445,0.5393088,0.15568304,0.4556679,2.7485657,0.10284122,0.36315963,0.3916528,0.047749568,1.0869313,0.026303446,0.5671609,0.73485166,0.5973377,0.8720564,0.736659,1.6756314,0.043377653,0.07956169,0.42809945,0.943934,0.041015044,0.30629447,1.6767827,3.5827637,0.1285486,1.1538153,1.0355046,0.5497162,0.13821429,0.1717729,0.35108122,0.62714165,0.094136156,0.4353695,all_pothole_images\pothole_images_enhanced_47218b4b7c7d74e742b186ce4b00736a.jpg
0.116704226,1.9916148,0.8566089,1.9442683,1.1349686,0.8525945,0.32800922,0.34167385,0.2803911,0.5438649,0.14489526,0.6478531,0.071978025,1.3359914,0.07049902,0.19950964,0.2605685,0.05875688,1.4339925,0.7797358,0.22196154,1.4347979,0.6329429,0.60703456,0.32977235,0.39583912,0.12498808,2.2893276,0.323983,0.5677157,0.681116,0.8052939,1.5239269,0.11482515,0.89307487,0.92469573,0.15015134,0.6839482,0.3756807,0.71634626,0.7257793,1.3309535,0.12043802,0.6536184,0.38658556,0.10032037,0.8528806,0.0,0.4785328,0.8454161,0.49456576,0.25963107,0.56547797,0.2789564,0.3931325,1.1222084,1.0756547,0.25367802,0.4270685,0.33739552,0.20065264,0.13490775,0.5949188,0.27141336,0.504609,0.6940754,1.2233622,0.107789375,1.6867994,1.0626013,0.08116485,0.80436593,0.2494968,0.16356945,1.0543207,1.1299872,0.5790147,1.0829818,0.07951566,0.44115222,0.2524276,0.56043875,0.0,2.8222275,0.55743027,0.81573254,0.53215307,0.06479513,2.524029,0.80288833,0.21873592,0.20382017,0.09871699,0.29560998,0.11219166,0.026303815,0.8182018,0.789216,0.1520174,0.48079532,0.7632884,0.6835455,0.3744754,0.03765226,0.30341494,0.5351687,1.0946131,0.1061422,0.32428274,0.35137907,0.49230346,1.8359019,0.66088593,0.54608166,0.28127307,0.6708309,2.7572114,1.093075,1.1790146,1.1616985,1.0747606,0.49445146,2.5267806,0.44077456,0.17824677,1.0815643,0.15894032,2.02669,1.5094078,0.9238317,1.0154912,0.10913806,0.57968575,0.33886427,0.4781117,1.265947,0.0966673,0.4379067,1.541266,0.3292764,1.291278,1.5121671,0.016978385,1.0500662,0.3113363,0.1050508,0.038138747,0.21591093,0.9370922,1.4602783,0.856163,0.76427037,0.0017953453,0.7842916,1.2084265,0.5827059,1.1539152,0.27552712,0.0009241639,0.2906147,1.825174,1.2438761,0.24543898,2.0742466,0.012937452,0.098262355,0.1897899,1.235024,0.87944525,0.577583,0.21845518,0.0,0.14374442,0.6886567,0.21086796,0.0,2.5926936,0.35870174,0.26567915,0.25458896,0.055584732,1.5305675,1.4376115,0.54147685,2.2542114,0.93980306,0.45623302,0.31658646,0.054554645,0.7956144,0.7482855,1.5492289,0.10774711,2.0494268,0.23157302,0.007872418,0.227472,0.3882145,0.63495505,0.97436243,0.16807228,0.64540434,2.148122,0.9041983,3.8475626,1.3474108,0.007890742,1.1413175,0.32137397,0.63089204,0.22540355,0.07605206,2.0414197,0.3603143,0.95346916,0.5699207,0.07487488,0.36091933,1.1982398,0.59308285,0.35883,2.5086815,0.49825376,0.6075074,0.072394334,0.060231026,0.34393442,0.27391508,1.0668514,0.023918519,0.11896516,0.27265346,0.85940707,0.5663666,1.7842093,0.9782352,0.5008004,0.23782898,0.17899662,0.13299443,1.0365379,0.26304522,0.6683344,0.3424373,0.03365176,0.002700481,1.8236971,0.5520707,0.6886584,2.4865105,0.8875527,0.28813475,0.6338008,1.4109089,0.0,0.41199714,1.2766851,0.27206996,0.69106865,0.4478049,0.31671262,0.9772222,0.19395164,0.80181944,0.15454164,0.6251674,0.36523163,0.42187405,1.5684583,1.8642008,0.07263944,0.040206976,0.013208632,0.3764438,0.6007949,2.5515013,0.10886663,1.0143554,1.6238238,0.9221822,0.30650365,0.31508374,0.7416797,0.6827197,1.2508082,0.68088096,0.9053678,0.6430819,1.3877397,0.57499814,0.32893792,0.025428845,0.42105332,0.72665435,0.15567891,0.6838779,0.30276206,0.3282985,0.27561,0.21315216,0.31439108,0.21510226,0.46771604,1.084549,3.6679437,0.67407227,0.37295866,1.5347224,0.1521027,0.31768447,0.20057514,1.1351557,3.476162,0.79266727,0.16606091,0.50081027,0.013696361,1.356714,0.934037,0.24031264,0.28008822,0.27248165,0.0,0.7945407,1.0221289,0.67166466,1.2996256,0.61705977,1.043989,0.08986107,3.9211519,0.7693469,0.3025504,0.6790503,0.3463056,0.26107267,0.6254184,0.51092637,0.065752976,0.24659069,0.27951983,0.87336975,0.5841387,0.06152251,1.0198435,0.9604714,0.07951717,0.84853655,1.0228974,1.1277578,0.48422185,0.71144533,0.052512493,0.20980883,0.03352244,0.065060176,0.54486656,0.8263149,0.29164785,0.95390636,0.5945905,0.17384566,1.6815809,0.13425836,0.25072727,0.31843165,1.1744976,2.0528772,0.03923534,0.8684302,1.1624861,0.3342265,0.88460904,0.11952486,1.3481766,1.53774,0.3712741,0.46482357,0.3749343,0.5252548,0.20948687,0.018096361,1.3493068,0.3476982,4.103574,0.34078902,1.8051474,0.018437982,0.2007869,3.53143,1.4439366,1.7235051,0.79521066,1.5443728,0.6910194,0.97467893,0.23095812,0.6572507,0.4871309,0.1832865,6.19479,0.0985013,0.26652762,1.1442438,0.036391784,0.007993704,0.87197626,0.026878621,0.7572917,0.14740422,0.17859913,0.24605039,1.9612267,0.73763645,0.9196649,0.26841494,0.6025559,0.6637718,0.060614675,0.47127664,1.2355572,0.21825475,0.18275747,0.7033862,0.4959449,1.883167,0.6835514,1.2685374,0.1658075,1.0328014,0.0892398,0.60052156,0.15491295,0.996241,0.7979037,3.1039546,0.93813586,0.20305368,0.12478877,0.7909974,0.0018887689,0.3332895,0.54007584,0.54760355,0.05268928,0.8475055,0.6012429,0.5628531,0.30353716,0.48511314,0.78128517,0.36914074,1.4134588,0.65596884,0.76503223,0.7463435,1.0557802,0.5275183,0.5739626,1.0033281,0.2417237,0.7333813,1.0909343,0.58476925,0.29865557,1.3320502,0.10779622,0.101966426,1.6073207,0.7814726,1.2286332,1.0053557,0.719663,0.9552425,1.097986,0.09455656,0.17915073,0.74106926,1.2039794,0.22312084,0.11797286,2.889545,0.42610136,0.29458064,0.043482766,0.0027836158,1.2470953,0.16676003,1.7614853,0.12981412,0.19074811,1.158401,0.26407075,0.03070698,0.08043864,0.2721396,0.7702097,0.48576328,0.0010449515,0.14334005,0.627518,2.8634896,0.73955226,0.79719263,0.4002968,0.13343287,0.74740535,0.61887914,0.5296353,0.17052557,0.121688664,0.45988914,all_pothole_images\pothole_images_enhanced_47642e945eb8a4980650c150f5c86027.jpg
1.4937756,0.39840412,0.37152162,0.8026444,0.60228676,0.049485866,0.4591166,0.054412246,0.42898312,0.6158747,0.27160904,0.33072206,0.49434522,0.2858677,0.02058817,0.25711572,0.137603,1.439558,0.75885725,0.14016935,0.42658278,2.7410667,0.6257337,0.8884268,1.8644706,0.29438904,0.02697579,1.8738085,0.12170587,0.0039570746,0.26995042,0.59423405,0.7334925,0.5943604,0.33450243,0.831266,0.18634036,1.832448,0.41720968,0.5992843,0.002863159,0.036263008,0.028018786,0.25470114,0.3155327,1.1522565,0.034147087,0.43094003,1.0852042,1.2550191,0.975405,0.41684458,0.124047235,0.41529623,0.56962126,0.8067472,1.0064849,0.18984531,0.49975348,0.2552096,0.09728032,0.9147009,0.17004292,0.11688002,0.6626981,2.5198512,0.34473652,0.04872806,1.2995794,0.094055794,0.0032861894,0.27711186,0.6404149,0.34412566,0.42106846,0.27957782,0.15956223,0.19151683,0.019515803,0.011118942,0.015318546,0.020940391,0.20983595,2.1612113,1.1777519,0.12217914,0.103654355,0.14744085,1.4674972,0.5299236,0.43895543,0.057428297,0.0061861183,0.02862645,0.0036579233,0.087725386,0.91896236,1.0710057,0.58693475,0.093156286,0.09631365,2.2565231,1.3314174,0.024177115,0.08122156,0.35977685,0.14521892,0.9297053,0.0746796,0.6607099,0.012668812,2.75773,0.7458773,1.1700633,0.6393638,0.9488017,2.0543878,0.1248796,3.3518455,1.7779766,2.5860276,0.4496266,0.58183795,1.864881,0.29180974,1.316686,0.018080031,1.3727367,0.07337077,0.009032991,0.42235735,0.0008483303,0.06522467,0.12345715,0.03939178,0.6892311,0.13694647,0.94256544,0.041283593,0.0052055935,0.38970456,0.010873895,0.5883658,0.4336758,0.05422975,0.24983543,0.007899159,1.4369081,0.20864694,0.03291962,0.7664193,1.320717,0.029540837,0.061155878,1.6156924,0.5737259,0.562502,0.32611224,2.0082855,0.004426229,1.06772,1.9076285,0.047313806,1.2344251,0.009089943,0.6949267,0.56221324,0.15551753,0.6767723,1.2004251,0.13394164,0.079256535,0.0,0.016215915,1.0723405,0.038038354,0.0082395505,0.030885516,0.011662055,0.0036358817,0.021560892,2.2704947,1.873272,3.3131902,1.1035056,0.8804805,0.29643604,0.378188,0.9432038,0.35343543,0.25559825,0.23206815,0.061302263,1.4261256,0.29250512,0.85852814,0.8706746,0.30343354,0.38671076,0.7872424,0.25491974,1.1105112,1.0884726,0.8797246,2.1138213,0.16379006,0.52302575,0.6621026,1.0151262,0.2654157,0.022195593,0.0007816541,0.29126066,0.7994185,1.1415967,0.65921056,1.0109668,0.3704219,0.4682371,0.004057992,0.088185325,0.6390503,0.38418606,0.65675896,0.11517989,0.60555685,1.0429012,0.75340253,0.70649093,0.0553776,0.0052067097,0.13468345,1.8307594,0.23018914,0.074740395,0.05465977,1.869054,0.0291456,0.10896804,0.62674594,0.14510961,0.038802262,0.104649715,0.62245595,0.69660807,0.0030259858,0.46558705,0.62819797,0.17973785,3.60363,3.174931,0.67585963,0.13216321,0.35292092,0.12628242,0.23198491,0.27620682,0.4419227,0.4218946,1.0195149,0.04846335,0.0,0.16739668,2.074627,0.26614356,0.36555138,0.8960382,0.6343877,0.28415945,0.4122427,0.15979266,0.05213172,0.0260506,1.3454688,1.272008,1.3283175,0.04530114,0.20527473,0.37909773,0.5474927,0.2342883,0.32726762,0.42719325,0.08457372,0.74190706,0.3774997,0.9432315,0.66394067,0.15319438,0.58543915,0.5182135,0.16306987,0.12966785,0.591875,0.08295622,0.095076665,0.48713258,1.271729,0.14348954,1.3622564,0.52241355,0.5694596,0.0,1.0188142,2.2313163,0.5668222,0.0,0.41212213,0.08327179,0.25633174,1.6856219,0.0696444,1.9041356,1.7865226,0.07991474,0.7251081,0.023734087,1.7173251,3.7230678,0.01752535,0.5402412,0.011934197,0.30556723,0.042643946,0.4545251,1.2081318,0.07031374,0.09011464,0.4203658,0.00853293,0.5110108,0.40803832,0.010211747,0.010879101,0.25189602,0.5124733,1.2131349,0.01877553,0.0635246,0.03471212,0.09946383,0.14553674,2.1125538,0.40102822,0.6621053,0.31272408,0.23563786,0.23547135,0.3978852,0.8458665,0.3024853,0.93391836,0.0,0.45450345,0.1437703,1.0403973,0.19929956,1.7352235,0.66571105,1.8853339,0.17779505,0.090205304,0.042052727,0.26894432,0.4984752,0.8822258,1.4523307,0.15745413,0.12631272,0.08648369,1.2519215,0.0027342797,1.0854794,0.020449735,0.82834244,0.090633325,0.09910441,0.3991454,0.46494898,0.14433864,1.0561912,0.0,1.0980959,0.38151222,3.6202605,0.13029851,0.60460687,1.0326928e-05,0.3087452,1.6128429,0.99625957,1.0448859,0.37539497,0.5070342,0.011396972,0.16494478,1.0195775,0.18966246,0.10817184,0.34376347,2.9464426,1.3566825,0.83381885,0.11290357,0.48276055,0.40452135,0.10694861,0.4963373,0.0062413206,0.40242335,0.62734765,0.31679666,0.2970151,0.5170773,0.15098578,0.07793202,0.14647365,0.31426975,0.9854253,0.08634218,1.9135422,0.33038157,0.45822766,2.2823312,1.1704099,0.11787377,0.15086116,1.2176272,0.014950614,1.57042,0.54330826,0.05415195,0.5227237,0.14013308,0.28987312,3.868006,0.9689714,0.28475326,0.18286934,0.35381335,0.22604693,0.7866407,0.23478018,1.1034893,0.22823025,0.010156883,0.61533916,0.5063429,0.23357087,0.57028764,1.4084713,0.7291281,0.5224541,0.51364887,1.210828,1.3084424,0.67898816,0.056052197,0.011081204,1.5480891,0.5419533,0.24961974,2.8152838,0.054174423,0.7764748,1.3663043,0.21575503,0.00860001,1.2858053,0.060418732,1.0128028,0.9860337,0.0048043565,0.7583064,1.1079987,0.28204,0.3696812,0.77481943,0.021481164,0.45544472,0.63549906,4.864319,0.39266407,0.16153002,0.033446524,0.35013112,0.36938134,0.02615804,1.0276475,0.27897784,0.27609906,0.93851256,0.0,0.15648952,0.29650712,0.2091516,0.07894262,0.5821658,0.37465698,0.034806352,0.77765965,4.545354,0.87722284,0.02030241,0.23598976,0.46669528,0.070977524,0.120302975,0.8771663,0.15501331,0.7022673,0.36592394,all_pothole_images\pothole_images_enhanced_477a1c415ab88fef83fcec0371653df2.jpg
1.1616673,2.3964965,0.62073797,0.8283605,0.5220517,2.0295658,0.87064767,0.012230573,1.1257542,0.66173506,0.1557779,0.24861053,0.46080685,0.31678385,0.6092379,0.44566387,0.8219874,0.0,0.12531789,0.11144274,0.47394004,1.8032285,0.13553476,0.9915157,0.65950024,0.6841239,0.39072087,1.8327318,0.80704165,1.1850855,1.3332572,0.68007517,0.5822671,0.4498094,0.5468373,0.6966212,1.0408828,0.7351035,0.22264096,0.46729228,0.27299207,0.004171592,0.30675188,0.43001315,1.6496482,0.055022262,0.17857529,0.8987685,0.97344494,0.57089543,0.30729827,0.1067392,0.35004848,0.37220725,0.25840795,0.34775904,1.0437686,0.66585666,0.19806819,0.9154895,0.1326657,0.43591604,1.0674659,0.13691838,0.19337039,0.6382391,0.6945941,0.7266534,0.35361207,0.11721666,1.2013094,0.4563111,1.1664723,0.5756017,0.5476462,2.3861525,1.534699,1.9356431,0.35007733,1.2134537,0.97141576,1.4602027,0.20282494,0.7153356,1.2529036,0.71200746,0.15364917,0.14364383,4.9260163,0.4023741,0.25690222,0.21447356,0.29243815,0.6934313,0.3768667,0.3860356,0.8857252,1.6998711,0.65629065,0.40988073,0.012015209,1.3633398,0.27270037,0.20083135,0.18152887,0.14164658,0.65951425,0.13434343,0.25369614,0.9328261,0.8420848,1.8529035,1.5940701,0.43802327,0.51768565,1.2932334,2.1311338,0.20790496,1.5586656,0.34952474,0.5627702,0.83286315,0.56880707,0.60736084,0.12882356,1.8041788,0.3218572,1.4903684,0.42626703,0.612326,0.20490237,0.1218657,0.09146692,0.0,0.37508687,0.9978962,0.9356476,1.3582838,1.9122946,0.53885645,0.44494355,0.22389418,0.06447763,1.1799251,0.5544196,1.2688433,0.35872668,1.5257446,0.10693197,1.0100205,0.75774956,0.7670716,0.6487286,0.20425558,0.902552,0.9454285,0.7561494,0.12320358,0.42330316,0.4276877,0.90526813,0.5120481,0.24948911,0.77644813,0.0,0.4103988,0.64961624,0.1402815,2.2826793,0.17830308,0.21242675,0.28263986,0.38717067,0.30021685,0.841124,0.40050367,1.5920557,0.13605464,0.3086004,0.17651145,0.376692,1.0233121,1.0252802,1.9263775,1.1664629,0.7665385,0.47618675,0.6196028,0.24344702,0.70943934,0.5955679,0.2642286,0.28486106,1.9791429,0.6845305,0.14328602,0.6249431,0.52070874,0.65895313,1.6144795,0.5468742,1.0299033,0.0,0.7928401,1.2078339,1.4056072,0.60437924,0.035042133,0.040058963,0.04489039,0.874298,0.07193469,1.1622305,1.5262123,1.072084,0.8118717,1.7174201,0.17172377,0.77005064,0.41809112,0.32420272,0.0,0.5128626,0.8572292,0.23587939,0.9000906,0.9485476,0.8655431,1.0449047,0.61507666,0.23494627,0.5301881,0.07180116,0.17979835,0.6076338,0.37468502,2.0110002,0.42651126,0.27492303,0.3984017,0.44444835,0.048040852,0.36547342,0.43963185,0.07468437,0.03645449,0.93417054,0.32942656,0.16079782,1.6567842,0.99584305,0.16198055,1.6084199,0.07810503,0.15330699,0.1006666,1.3578975,0.5711255,1.0732812,1.5500152,0.10262888,1.6460114,0.8813456,0.014942006,0.66127366,0.49124947,0.0,0.64997894,3.3473964,0.43511826,0.25445986,0.041695427,0.096353896,0.8205153,1.2193116,0.6971788,1.2888459,0.55469364,0.54375505,0.68071353,0.1300246,0.22310957,0.024274344,0.90412736,1.7600874,0.44661853,0.7489073,1.3303385,2.0199451,0.12852414,0.37949827,2.1137772,0.17623241,1.5256017,0.43294096,0.6498089,0.5321233,0.0592935,1.092708,0.58203316,0.35270566,0.73743653,0.50781566,0.89246434,4.61809,0.47985318,0.43422624,0.4528735,0.7077161,0.9625591,0.361912,0.882769,4.160343,0.15798393,0.1525099,1.6007606,0.3824004,1.8656019,0.30022478,0.3120348,0.14419673,0.14374207,0.66257185,0.46345812,1.0531666,0.6510529,1.8637087,0.9302363,0.41440597,0.46334687,3.7941096,0.79301465,0.0060945954,0.0,0.5100412,0.98704696,2.159514,0.27732033,0.47675386,0.3156349,1.830695,1.728715,2.3816745,0.09479721,1.3737462,0.32921147,1.126195,0.17962544,0.84894127,0.06586329,0.44345972,1.4003872,0.36983693,1.0368363,0.5136481,0.49114522,0.46302587,0.6409893,0.799478,1.2261099,0.034134325,0.17862347,0.5830819,1.0047215,0.29023772,0.62736154,0.22419223,0.44232845,0.3358018,0.44847417,0.31447908,0.4767048,0.6698063,0.09374279,0.6551213,0.7300924,0.6728748,0.081819795,0.584531,0.28481993,0.21290872,0.12352203,1.6890916,1.4394603,3.005832,2.4225056,1.7629862,0.680762,0.54860926,2.5617876,1.5753734,0.8423921,0.2990208,0.04514358,0.0,0.22710158,0.6436577,0.2149566,0.3097039,0.09531587,1.0347533,1.3166697,0.15634298,0.86747044,1.2458966,0.368862,0.24256146,0.63684595,0.820298,0.20890777,1.3288423,0.12364751,1.2729609,0.5795608,0.02641643,0.7476207,1.188558,0.7042693,0.32333183,0.004229037,1.1430979,0.479393,0.35784778,0.97468036,1.0928168,1.2291771,0.24649999,0.9064917,0.33232105,0.82676774,1.0554973,0.2614156,0.16615197,0.5965037,0.80818266,4.900064,1.2493722,1.1570545,0.0010578237,1.527993,0.9585359,0.36626804,0.48327842,0.056803618,0.38176146,0.3507571,2.3158548,1.1706592,0.613798,1.0346334,0.3725747,1.5131068,1.512353,1.3322461,0.76697195,0.31722817,1.1161169,1.0871793,0.58999985,1.4993358,0.9506406,0.08164523,1.9992402,0.9264886,0.4687292,1.001035,0.6262882,0.4636397,1.4867992,0.6915081,1.1810609,0.05268352,1.2328517,0.20366888,0.5452016,0.26708648,0.07215273,0.46226394,1.0075445,1.1233639,0.6869645,1.9169062,0.12941107,0.02423154,0.35740158,0.027038345,2.3070443,0.9016561,0.35371658,0.52407426,0.26126486,1.7301539,0.14794786,0.027261762,0.25121903,0.1531454,0.26591942,0.0626003,0.017807376,0.08442794,0.0,4.785929,0.25634155,0.5905938,1.1501576,0.88539964,0.13658892,0.5970283,0.2785427,1.9628623,0.0046495525,0.82860845,all_pothole_images\pothole_images_enhanced_479f37a3ab4ea6a41526b0c9063d4c6c.jpg
0.4262759,0.80319345,0.10613011,2.0857568,1.2670082,0.37366766,0.47564077,0.006536751,0.9309133,0.3119771,0.33926624,0.70580417,0.0,3.4190524,1.5632365,0.116179064,0.21149893,1.6051676,2.8079786,0.20932308,1.1722138,0.8650318,0.0075851013,0.6240036,1.1763082,0.3948582,2.9386723,3.2490077,0.4012862,0.13499662,1.1321512,0.080737375,0.3407312,0.19056116,0.14604151,1.9581494,0.31206086,2.3947473,0.28318325,0.47432193,0.07039267,0.074911594,0.48004445,4.484102,0.320942,0.41429493,0.16000938,0.3885208,0.14288048,0.9514149,0.10921981,0.707383,0.40265954,0.027127307,0.20065564,2.1204007,2.7901094,0.6799147,0.08452384,0.08989958,0.4874863,0.12737536,0.28601927,0.18001106,0.5899444,2.59551,0.43788394,0.042951263,0.010096903,0.95169604,0.32704926,0.55628824,0.73413634,0.14169605,0.13717568,0.09050447,0.10862397,1.5490319,0.23382632,0.3929229,0.09114685,0.05296644,0.030510116,1.9558187,0.0856242,0.0,0.113096975,0.008397861,2.4787962,0.029211907,1.0062149,0.0022211184,0.35656628,0.012267975,0.04048804,0.0054277047,0.085017554,1.5568941,1.8972028,0.08098876,0.31873426,3.3204246,0.0,1.0042875,0.41438827,0.22132336,0.46388823,0.16899085,0.97421837,0.16013297,0.0,0.8970622,0.34240767,0.115268365,0.32052672,0.81322074,0.64705664,0.17550904,2.2354686,1.8060867,3.3811483,0.452575,0.15678094,1.5185565,0.74282,0.07988333,0.75268143,1.1952546,2.9981713,1.2292421,0.14409342,0.07193449,0.2013482,0.047996957,0.3057367,0.1411271,1.1124359,1.2450395,0.5996839,0.19702691,1.0338647,0.008329302,0.016945353,0.09265853,0.7721439,0.35224417,0.07756526,0.57001156,0.03999014,0.19835174,0.8066115,0.6151933,0.0,0.2528653,2.242431,1.5139914,0.61401904,0.46752694,1.2107002,0.6249149,1.4478464,1.6489255,0.3684934,1.2620636,0.3859457,0.014530524,0.5222694,0.36680532,0.8226843,1.9370877,0.07528848,0.14307183,0.0046229074,0.10958402,0.15762198,0.36708832,0.2589446,0.1463851,0.04767477,0.19583137,0.0,3.4199243,1.9603897,1.5401998,0.36917356,2.156741,0.05852787,1.0152981,0.029097384,0.29507262,0.09835591,0.35032988,0.23135799,0.8970017,0.025264233,0.59653187,0.24322653,0.015121333,0.021502243,0.7991165,1.0096837,0.03907166,0.094074264,0.883174,0.28321734,0.17530002,1.419947,0.7712552,0.2928355,0.39835426,0.16046841,0.1385594,1.814441,0.25853187,3.7030995,3.750482,0.7260369,0.056337874,0.091758214,0.309129,1.0533057,0.092594884,1.321327,0.005432419,0.024899486,0.08173151,0.75168586,0.6155456,0.1946632,0.57360864,0.4062523,0.01233906,0.057172928,0.49471125,1.481902,0.16201971,2.4157388,0.052423682,0.14600417,0.6805163,0.38279435,0.5173921,1.2436008,0.4094327,0.7562855,0.6733658,0.5120898,0.0024053017,0.92542875,4.02334,3.449738,0.47390932,0.19297783,1.7911105,1.0717514,0.117741875,0.5858847,1.2130965,0.38432336,1.1542745,1.315115,0.10252233,0.8287174,0.045384564,0.5182733,0.52725637,1.0763593,0.8426707,0.52896345,0.010432573,0.1559678,0.029127995,1.477963,0.008563329,2.1518245,0.18514782,0.0,0.4486028,0.3364575,0.49585223,1.8106493,0.011102459,1.2218478,0.3738345,0.96830356,1.9014868,1.4353156,0.33438864,1.7337099,0.01141199,0.0010861935,0.021224994,0.049778208,2.6332173,0.12043376,0.6283083,0.21912068,0.20246635,0.14923792,3.5990968,1.1492507,0.6518397,0.1829441,0.32275328,6.233446,0.15182036,0.20162283,0.12179067,0.27281326,0.11275136,0.6896882,1.4541987,0.9232615,1.9124155,0.5628545,0.5887891,0.053729903,2.709535,3.3881617,0.2823615,0.23577183,0.0,1.0979856,1.671631,0.21701021,0.6951837,2.2017822,0.02263695,1.1235936,0.19853394,1.652727,0.32831457,0.64743906,0.2923221,0.14574794,0.17345972,1.9599947,2.29396,1.964406,0.6907926,0.5186659,0.9545362,1.0224482,1.2778424,1.3096685,0.5717552,0.13338627,0.5687558,0.54802394,0.00923396,1.1121216,0.10102299,0.09464519,1.613559,0.07514766,0.057835028,0.07295698,0.2868185,1.2673512,0.5297062,0.10325988,0.54193354,0.81480414,1.471892,0.012451556,0.25668576,0.5259826,0.41415107,0.5223978,0.5066277,0.795519,0.47828844,0.8011439,0.0027271488,0.37773246,0.08024816,1.7900108,0.0,0.49761888,0.4949505,0.5412297,0.14882188,0.019206466,0.2896507,2.1593902,0.8017938,0.18163174,0.088759966,0.0,0.6477218,1.4123102,0.0034039014,0.7025244,0.0069231517,0.08172079,0.42380717,2.6039014,0.1753123,0.020875532,0.08562509,0.35058534,0.6464389,0.3723378,1.7069983,0.45859417,0.33007246,0.11324228,0.43726048,1.198336,0.06261595,0.555804,0.6754021,0.113821745,1.2868145,0.594693,0.41770583,0.5165329,1.4363714,0.2958243,0.010183283,3.6540258,0.17435424,0.3383487,3.8671327,2.3805742,1.3700086,1.9574046,0.9250781,0.06702728,0.47490516,0.7743996,0.0,0.17140871,0.52129316,0.44017348,3.123498,0.089536384,0.03213842,0.09794646,0.1666675,0.6790026,0.0,0.056429006,0.67333674,0.21196577,0.01077743,0.6781388,1.4680272,0.20397983,1.4980054,2.5221038,0.03546575,0.15111513,0.30367914,0.4848454,1.0223464,0.3835296,0.051641725,0.2640112,1.5357388,3.1533823,0.2565619,1.2469438,0.0056827376,0.51649064,0.045398537,0.16146283,0.024198033,0.4258657,2.2248302,0.84399503,0.5474159,0.24264634,0.64925563,2.3287947,0.26861495,0.0,2.820333,1.1053351,0.067939036,0.18125263,3.0105298,0.4357992,0.9686204,0.44660047,0.06502962,0.14690205,0.095628366,2.3893716,0.22178252,0.003374957,0.78286594,0.2554948,0.0,0.037034385,0.10313428,0.0019208045,0.009047398,0.36611977,0.5726239,0.34746984,3.0171208,1.0595251,0.19847336,0.9962329,2.9780872,1.1319679,1.0094609,0.038177144,0.12886374,0.07901771,0.041934367,all_pothole_images\pothole_images_enhanced_47aafc52ad72ad9656b1341a4741d897.jpg
1.1685356,1.6572266,1.9570262,0.2163516,1.2087498,2.7007573,0.5348264,0.14631245,0.7376257,1.2075169,0.03278608,1.1051481,0.20072341,2.0557706,0.9843123,0.57067335,0.08315564,0.43733177,0.25488406,0.59290653,1.7264148,3.6511235,0.56511724,2.0455458,0.89747924,0.89768296,0.95276886,3.034843,0.86188674,0.9613579,0.28242803,0.56178576,0.81078726,0.6019746,0.71388024,0.85131645,1.0297945,0.5380897,0.666921,0.46755022,0.39618567,0.29535162,0.26433626,0.76778597,1.08242,0.8492031,1.059885,0.27467158,0.76913404,0.36410755,0.9446003,1.0768148,1.55423,1.2278742,0.4734068,1.1372873,2.6387687,0.36932537,0.045490712,1.9486275,1.145621,2.1863112,2.4553888,1.7486289,0.7086331,1.799751,0.058720555,0.35509884,0.15618546,0.6364133,0.82217014,0.40393576,0.8939963,1.2802252,0.57889366,1.4952674,0.53372145,1.8303521,0.7982212,1.101806,0.8172524,1.2281896,0.3241095,2.3252592,1.1337724,0.34617138,0.2855182,0.28164762,4.5264797,0.4635543,0.18631049,0.67530984,0.48922527,0.3050898,0.55822754,0.5842057,0.6173636,0.44645715,0.17937319,0.5013484,1.0072602,2.35889,1.8471711,1.1450346,0.8621405,0.0,0.33430028,1.2503247,0.031232886,1.6098111,0.38352615,1.4463559,2.3272908,0.074215524,0.25472346,1.7067463,2.839508,0.5297024,1.1080639,0.7110176,1.2389811,2.1496327,1.131917,0.71876323,0.030303488,1.1174676,1.4111854,0.68877864,2.620694,0.7735159,0.69587356,1.304717,0.33784434,0.8484338,0.247228,1.2082657,0.07138043,0.25524518,2.313725,1.3569902,0.93333113,0.5955052,0.35726804,1.0465398,1.6530335,0.21731427,0.40505466,1.4951742,1.1699966,0.7973831,1.2946904,0.24482723,0.62011695,0.2492742,0.51497215,0.114506155,0.8336691,0.74067014,1.4938815,0.79919744,1.031768,0.40379357,0.1206699,1.6023403,0.1669788,0.6598824,3.4279323,1.962932,1.9174782,0.3048655,0.68961287,0.6686033,0.15114263,0.48559615,0.78806216,0.70698047,2.1948571,0.89628303,1.8253547,1.6760662,0.09306459,0.36511183,2.4709656,1.1908251,1.9555975,0.15780182,0.7691665,0.3907495,0.9135341,0.61827993,1.0918252,0.5323733,0.31919587,2.6446455,1.0158019,0.3280673,0.060381573,0.62610435,1.4978431,0.6256098,0.57809895,1.5174555,2.4300747,0.89566076,1.2090571,2.1353087,0.11539012,0.8459291,0.78455,0.5616857,2.0503151,0.4704365,0.9186778,1.4656602,0.8460188,0.7001526,1.39241,0.27757707,1.6158454,0.30765358,0.86075085,0.06805143,0.2880837,0.9261483,0.09725507,0.5386886,1.6579294,0.15665883,0.87548596,0.020820921,1.1534457,0.25456363,0.1936064,0.3312277,0.8546109,0.73368305,0.7818432,0.1488593,0.31162176,0.33246708,0.19391945,1.4543457,1.4915345,1.6069527,0.91260636,0.26992777,0.6182323,2.1973295,0.7184161,0.6231817,2.4660347,0.1611767,0.7951084,0.24360608,1.6475621,1.3605558,1.1175333,0.17038834,1.0335153,0.43531394,0.07799938,1.3355097,1.2700983,0.41282758,0.7637586,0.83879435,0.008651717,1.0072215,2.3302965,0.97806996,0.449008,0.5567968,0.19178413,0.8526886,0.6569951,1.1396171,0.2777225,1.470416,1.3122711,0.85104525,1.0354674,0.9988005,0.23796079,3.122212,0.92886794,0.3163671,0.20535842,0.56702495,1.9073604,0.22042358,2.6217356,0.8114569,0.15674193,0.73629886,0.16221862,0.06844157,1.4561602,0.29618108,1.4970363,0.022082413,0.33468747,1.1780242,0.13873132,2.3075023,4.137903,1.0505117,0.99127364,1.5080874,1.045905,0.7669666,0.75271094,1.214664,4.229014,1.8868855,0.42906788,2.073577,0.062399372,1.5493547,0.6536368,0.598137,0.55738544,1.4036362,1.1203697,0.81286305,0.41320062,1.1356556,3.5894246,0.9552058,0.8014959,0.3924895,3.973938,0.82731754,0.15512748,1.7168419,1.1057948,1.3496594,0.53847575,0.13477191,0.9312758,0.10052768,0.70591563,1.2481529,0.21214263,0.026796136,0.58066165,0.92028505,0.7442844,0.013762105,0.37581137,2.1194053,0.26062524,0.61398137,1.1206601,1.0864198,1.6061809,0.75895846,2.2653146,0.056609485,0.014904318,0.41555685,0.5429438,0.5705885,2.4500766,1.5892503,0.9029706,0.65519786,0.44255129,2.813509,0.72958905,0.4240418,0.040724106,0.35523924,1.1390406,0.15859978,1.5473486,0.8074407,1.1204439,0.58651686,2.233795,0.41553918,0.0106896525,0.11743394,0.9102884,1.5409611,3.5658493,0.35619563,2.2044177,0.440468,1.0380715,2.0321226,0.81978655,0.6188311,0.17408219,1.0910593,0.420921,0.03147542,0.24546207,0.28019205,0.38623276,0.5266673,2.5359883,0.49329242,1.1471643,0.9532885,0.26167977,0.56184167,0.6018429,0.19747753,0.539504,0.43425095,0.96404153,1.2396231,0.7993109,0.26585284,0.29831988,3.2510624,0.5122975,1.4837729,0.20134725,0.21122637,0.6526467,0.8725992,1.0264763,1.0893475,1.5965884,1.3533266,0.46343854,2.487958,0.54727775,0.44251457,1.2257967,1.8906537,0.0378954,0.44869682,0.70981294,3.0924876,0.5282152,0.2498583,0.8426715,1.3572422,0.7777408,0.120514676,0.49806878,0.81220734,0.73713636,1.2619783,3.3241694,3.0732646,0.72711813,0.31857353,0.24357118,0.9091093,1.1562884,0.49967435,0.55418026,1.0288974,3.005462,0.66661155,0.3687963,1.2627003,1.7435318,1.296067,2.0756078,0.5492553,1.6102383,0.8123655,0.24062583,2.0857327,2.5610476,1.0119053,2.3288825,0.9722128,0.3686333,0.068931155,1.6009412,0.3824078,0.5412493,0.74716246,1.158082,0.8718548,0.032158356,1.8633465,0.9395841,0.65821123,0.34248123,0.16666083,1.3216925,0.3832653,0.737436,1.386158,0.5966156,0.7551341,0.18380044,0.30335528,0.123064786,0.01735068,0.7572734,0.89046144,0.5796515,0.9833208,0.08666936,3.363482,0.5669464,1.3090456,1.3517325,0.9653224,0.100491054,0.8510503,0.18366466,0.692423,0.63373435,0.5072639,all_pothole_images\pothole_images_enhanced_47dc389e4481b49be557c6c7c43e3345.jpg
0.00022795802,1.813818,1.21009,1.1442177,0.5182943,0.2880596,0.69009423,0.0,0.19424713,1.4866142,0.69483286,0.9232903,0.1369489,0.63344014,0.33718836,1.0843753,0.062084172,0.3381091,0.69654423,0.24697807,0.16451797,1.4222704,1.1435765,1.4659139,0.66972256,0.70145684,0.14052045,2.4651406,0.38201985,0.9024418,0.4850561,0.0,0.586505,0.04465195,0.27564913,0.33312443,1.2600281,1.2243496,0.10269949,1.4898419,0.0,0.52154136,0.47091198,0.7645571,0.6891098,0.29917517,0.002920242,0.0,0.4537242,0.012733805,1.0403452,0.291567,0.66460603,0.26397392,0.06374111,0.17005114,2.620732,0.0,0.36568907,0.13341032,0.31311417,0.106080696,1.6857392,0.3162569,0.14464492,0.34035498,1.0430421,0.264948,0.037706062,0.26943162,0.2746184,0.1603837,0.5292968,0.38569367,0.07179469,1.0765673,0.009482951,0.10856111,0.0,1.0046265,0.005157997,0.1488722,0.57847303,0.883988,1.0477369,0.6666827,0.117633924,0.18372455,3.1124463,0.80448437,0.17076533,0.6029538,0.12643677,0.0022567413,0.029998373,0.07791545,0.040744144,2.2538736,0.5725383,0.47038043,0.55255467,0.96551245,0.6186142,0.2981978,0.1969597,0.13327989,0.22803704,0.09478648,0.5803057,0.92645466,0.05532697,1.9683875,0.18781516,0.49892735,1.4501379,0.18071163,0.033558067,0.27099246,0.80224556,0.06658302,1.6496105,0.09305719,0.5491486,1.8563497,1.3629732,1.1692898,0.8484986,0.041911766,0.43732482,0.9735855,0.0,0.3630761,0.11526026,0.5665132,0.1356191,0.010442235,0.104000986,0.46458626,0.51687264,0.066283666,1.0211903,0.2329475,0.08038074,1.2353543,0.2283204,0.44610563,0.040968854,0.07709349,0.008693844,1.3139175,0.9484796,0.077825285,0.19317013,0.0004423631,0.5704653,0.14426224,0.24453661,0.49621177,0.00015172757,0.5701217,0.920969,0.48211622,0.40539768,1.3803666,0.9037721,0.016390573,2.7452524,0.075841695,0.77211666,1.4880723,0.013315626,0.26648164,0.17597647,0.029359883,1.3368541,0.0033750557,1.3118664,0.15958703,0.083612,0.28258336,0.3300356,0.027716056,2.6661766,0.4198679,1.2959417,0.7030454,0.072613716,0.050480723,0.4138017,0.6607674,1.4212608,0.2693912,0.009935688,1.828489,0.6116583,0.10288071,0.36228585,0.5631528,0.24060185,1.1104293,0.17009127,0.49952614,0.29399967,0.67274123,0.9026586,0.9372888,0.406346,0.1691505,2.1322284,0.37308514,0.5688543,2.060956,0.86170346,0.8951828,0.35664102,0.4896916,1.7088218,0.023241682,0.08998026,0.23900305,0.4935888,0.057779558,0.19348781,0.49312827,0.00834003,0.12238169,0.91073793,0.5715178,1.5155095,1.0456663,0.019506186,0.30685833,0.044762697,0.0036671963,1.1165025,0.10369736,1.2591748,0.0016577716,0.035494804,0.17944889,0.3385202,0.0,0.12285951,0.2882724,0.0,0.0,0.030242827,0.104824476,1.1841155,4.07778,0.3223332,0.29244173,0.0073047266,0.056324754,0.6955961,0.019957358,1.1881464,0.022663174,0.35420558,2.3623917,0.038660113,0.1586778,0.37125054,0.029514667,0.23118244,0.8263787,0.025367288,0.42554846,4.159912,0.26503232,0.9257805,0.2932758,0.20206112,0.48410887,0.34420216,0.8808455,0.0031182845,0.2253904,0.13370048,0.3207456,0.14040208,0.19127047,0.14254494,0.4589285,0.8896212,0.21594441,0.6385366,0.17654777,0.034045745,0.012627016,1.277519,0.19137472,0.25447756,0.88354653,0.5143339,0.7799812,0.2256117,0.47141057,0.47579563,1.391173,0.013993244,0.13924426,0.013097274,1.2728261,5.045595,0.6999974,0.09309776,0.012142001,0.4601266,0.2783012,0.031095337,0.6040555,6.6976004,0.39403996,0.009309298,1.2410308,0.41015568,0.24567728,0.93003607,0.5078089,0.22269732,0.4233624,0.8449627,0.2171144,0.9990795,0.8412899,0.36910936,0.3773138,1.3633821,0.2041152,4.002297,0.20354213,0.027065288,0.0,0.0,0.008835007,0.9320737,0.12691288,0.11132215,0.18461482,0.06310621,0.682635,1.6522331,0.0,0.03459467,0.06989083,0.122400455,0.7504288,0.9371257,0.7918791,0.20810041,1.4560637,0.20966971,0.14598918,0.03440517,0.0,0.51126915,0.48404378,0.0017770273,0.35783464,0.5310419,0.07064952,0.5512297,1.0140117,0.054945644,0.18711199,0.51875114,0.27545625,0.15749332,0.15724394,0.7716409,0.5138749,0.17593037,1.0603083,1.3551556,1.0155394,0.44584757,0.7102985,0.10328951,0.12524934,0.00560772,0.0006040165,0.9822917,0.8366484,3.110899,1.7828755,1.9270529,0.19598944,0.036390327,2.340786,0.10453547,0.88630867,0.6471001,0.07380374,0.2813543,0.40435782,0.059290145,0.9337476,0.138521,0.43780443,1.6149105,0.29333013,0.09836376,1.8498288,0.90949386,0.013356261,0.047326732,1.0064468,0.2785619,0.605782,0.2600403,0.52351457,0.08312229,0.34046263,0.051887598,0.34981695,0.36117217,0.1461062,0.3219669,0.6537661,0.88621294,0.0565624,3.2108788,0.13522679,1.4847745,0.6355833,1.152087,0.4612052,0.71345556,0.121055715,0.92863876,0.6604996,0.09771817,1.6215719,0.16819936,2.891914,0.10158462,1.5572945,0.93698376,0.22327563,0.07663402,0.12530494,0.21837476,0.07032466,0.033693098,0.06744767,1.0475394,0.26356024,0.555414,0.8953075,1.5435009,0.03373647,0.63039243,0.7163073,0.15855499,0.5079243,1.2854669,0.988934,0.32186502,0.3798315,0.082209215,0.34463295,0.5826412,0.14699659,0.35586897,1.0386118,0.0,0.015383186,0.4063061,0.6509525,1.1635587,0.075347364,0.6486979,0.078355476,0.08590899,0.10085021,0.07373115,0.05004657,0.13576679,0.16749156,0.2600975,1.5118047,0.30060446,0.1969353,0.0,0.27560893,0.9040528,0.4475407,0.0,0.208861,0.06988274,1.612967,0.35948804,0.0009951362,0.03447862,0.34767938,1.1090813,0.15546647,0.23696546,0.084173374,0.069932364,3.9435935,0.04541005,1.0362926,0.21975619,0.13515083,0.0037111808,0.8212652,0.9503111,0.46320522,0.421897,0.8797956,all_pothole_images\pothole_images_enhanced_4843bf96ac8274158e2d2f0471b1d2bc.jpg
0.23129007,1.7713522,1.1675478,0.053277276,2.3525684,1.0105473,2.086532,0.59035766,0.10535507,0.44124952,0.55144393,0.02064017,0.3236706,3.1403973,2.2263696,0.40263,0.6269713,1.2749006,0.7898415,2.3533735,0.75177735,0.8570041,0.8873775,1.0520512,0.74114585,0.34591427,1.1375233,1.7524831,0.16726814,0.82879066,0.69992435,0.75363374,0.17941698,0.47054335,1.0911425,1.6664449,0.052212607,1.5903693,1.236601,1.4199876,1.0847291,1.9429109,0.109513104,0.68097943,2.0012693,0.76617444,0.46957085,0.030959211,3.3865366,2.6261322,0.84798825,0.9878465,1.9111961,0.5053362,0.2949705,1.3804989,0.46486488,0.092377216,0.7147527,0.44700918,0.92388135,0.48254287,2.1298404,0.90073884,0.50442475,1.5101222,0.5676129,0.34367627,0.37001804,0.10993123,0.054734867,0.6715999,0.056171376,0.9806384,0.65376127,0.8080513,0.32114455,0.35581425,1.7352479,0.7671283,1.3866371,0.39731082,0.727969,1.0197214,0.41801405,0.6748953,1.6159537,0.957733,1.3146832,0.06459945,0.61555123,0.44837978,0.6620468,2.7490227,0.65729314,0.81066984,0.68066865,0.88612884,0.31706044,0.58549166,0.8347814,0.07473307,0.046313014,0.77184683,1.0552342,1.3919291,0.5369242,2.5401876,0.060798652,0.4505728,0.9651871,1.030793,0.49828276,1.1599455,0.63296074,1.5798187,1.0864015,0.5034458,0.74854565,1.2102216,1.4872483,1.7504289,1.1258729,0.04488322,0.5986917,0.24694045,0.89376956,1.5330511,0.6417353,0.9578106,1.1549276,1.0617435,0.9258632,3.8914552,1.5183431,1.7254548,1.5818967,0.47097123,2.9954731,0.5451163,0.52447486,1.70861,0.025766205,1.2493192,0.26656044,0.88595784,0.48257428,0.10259268,1.0741556,0.44198027,0.66878283,1.229207,0.54432017,0.46397042,1.7575179,2.6848373,1.1847968,1.6700785,0.69155055,0.61641526,1.1917824,0.5959136,0.2389911,3.8924224,0.361808,0.94297117,1.717042,1.270938,1.9703696,0.37395164,2.0389822,0.855285,0.1390756,0.5700889,1.3181986,0.45713034,1.450032,2.0277002,0.39972192,2.236584,0.04477558,0.5051236,2.3947768,1.4838098,1.4073029,0.06011348,0.9335613,0.20287502,0.85857016,0.62731373,3.377756,1.7550384,0.3704806,0.5657955,0.731821,0.842643,0.872917,0.56207764,0.9707782,2.620333,0.71322566,1.2262876,3.7300782,1.1583875,1.8474071,0.8078233,0.12315345,0.8088843,2.4656482,0.8705753,1.988132,0.6163833,1.0505724,1.7063285,1.555055,0.99657935,0.51318157,0.16412164,0.9408161,0.15957865,0.10494238,1.1751996,0.88447595,0.85874486,0.56573117,1.0732905,0.98374784,0.59464043,3.6828058,0.41009104,0.6124448,1.3290929,1.7616282,0.24811113,1.9159747,0.6943785,0.10725223,0.1617632,0.63912493,1.3605113,1.6810228,0.21032998,0.02824008,1.1621841,0.18180889,1.6469829,1.1894528,2.189101,0.5180708,1.0903625,1.127635,0.2747446,1.9629304,0.32648557,0.75231844,1.496214,0.83736295,0.37675235,0.21850112,1.4530151,0.62033254,3.0725484,0.91043496,0.3607433,1.6841547,0.5144373,0.59656614,0.10557531,0.3073948,0.45478553,0.015642213,1.31514,1.0714045,0.082314216,0.11998464,1.4572713,0.0,0.33780456,3.186174,1.0872717,1.1229888,2.7469478,0.7658274,0.20672531,3.727697,0.37588227,2.850795,0.6515585,0.87909603,0.077542335,0.88545084,0.32123536,0.5109777,1.4737723,0.3309293,1.163175,1.3697563,0.62780315,0.90130943,0.647479,0.35040057,1.7765154,0.69222695,0.50538576,2.045549,1.161551,1.1356343,0.5484701,1.2264451,1.0910745,1.3273127,0.9137615,3.2620966,3.9724152,0.6049835,0.9012355,1.6491761,1.2490555,1.1969343,0.46709582,2.14485,1.2123415,1.8057857,0.7448897,0.4010469,0.37963465,0.8187567,2.6999307,0.20278597,0.72914696,2.1960742,0.39243883,0.12739317,1.5499351,0.2668294,2.775056,0.49281302,1.5473956,0.8985779,0.6520664,0.78326225,1.092329,0.6872781,1.2679713,0.69008446,0.15989974,0.58805025,0.20109586,0.2538634,3.1455836,0.35948184,0.66434366,0.49545342,0.34675774,1.5990832,0.23455067,0.3357435,0.81922007,1.0123336,0.17947255,1.4599273,0.880115,1.4369202,0.13396981,0.10644774,0.5086669,0.3206804,1.8380855,0.3157082,2.1535342,0.49564236,1.8070924,1.19266,0.764006,0.79219615,1.0480183,0.12317897,0.14849809,0.030656664,2.152034,0.9117612,0.6287847,0.24804434,0.5150207,0.79167616,0.6355383,3.6649077,5.9050827,2.0013194,0.025188122,0.41375798,0.61325365,0.9096647,0.677449,0.8856931,0.89728934,0.40193698,1.9399376,1.7912992,0.7225241,2.316168,0.00058568025,0.7428417,0.15976596,0.56627846,0.22301848,0.6146071,0.5807476,0.902415,0.17039707,1.2240213,1.4256864,0.54628575,0.32722327,1.49481,0.6349088,0.10125657,2.199983,0.0884222,0.062233776,0.58741057,0.98499143,1.2546557,0.89843076,1.1596264,2.3106048,0.07263551,2.8800602,0.96604383,0.33897474,0.9512436,1.2368685,0.49848887,0.12006946,1.0927707,1.1344793,0.52101684,0.48993087,0.6074509,2.5111043,0.27770665,0.1228304,0.13102973,0.37096968,0.45088807,4.7348676,2.6006289,2.8200054,0.31619596,0.13292281,1.7407893,0.010930528,0.68472826,0.21030657,0.7756554,0.06385435,2.522094,0.01318553,0.85188353,0.85641503,1.4635825,0.7058546,2.4240506,2.1856997,1.239374,0.27345228,1.9443047,0.35241678,0.45768014,0.10880445,0.63644624,0.47734466,0.41174462,0.5515849,1.9820821,0.13905974,0.7725887,2.462204,0.78000027,1.5100796,0.81899166,2.2508066,0.7248437,0.88246995,0.0,1.7112328,0.9698578,0.115655154,0.32422197,0.29666898,0.15474011,0.917558,1.9588816,0.3356637,0.5709865,0.0,0.6315727,0.59166586,0.7642536,1.1071093,0.89816016,1.5971844,2.2557662,1.6568321,1.7387367,0.24934414,0.18572542,1.9493573,0.869215,0.5374807,0.91183454,0.48539913,all_pothole_images\pothole_images_enhanced_488a4200eef9366294265552006258a5.jpg
0.9787913,0.3308831,0.05229304,1.676947,0.90151805,0.12205365,0.6542741,0.05415159,0.24581861,0.48612753,0.15435171,0.33076045,0.3041309,1.3604896,0.15187167,0.1264619,0.15760525,1.2080859,2.256516,0.29731542,0.7336217,1.6657143,0.020180807,0.34715736,1.1746966,0.5829679,0.6231387,1.9970406,0.39991713,0.034131285,0.45183104,1.3915089,1.2877718,0.56256753,0.2936254,2.8783054,0.22131401,1.4283565,0.4090711,0.43490744,0.0,0.2482097,0.0018894067,3.4089203,0.1892479,1.4832697,0.35334918,0.0517115,0.8582686,2.5712442,1.2034715,0.12243539,0.6118657,0.19210897,0.1422347,1.6742468,0.8328423,0.050585113,0.73213685,0.011378576,1.1817391,0.06274271,0.24285433,0.016762773,0.5441195,1.2542938,0.1880394,0.54761916,0.5463123,0.13070548,0.09792712,0.09459035,0.086119965,0.9918615,0.26339898,0.33888802,0.03948576,0.95173424,0.08780384,0.27629027,0.079749756,0.0028414638,0.5858025,0.07827201,0.73661804,0.07447642,0.09588926,0.07888989,2.1098094,0.6463848,0.20893824,0.4456075,0.013391924,0.0,0.0,0.11559997,1.1518079,1.8267891,0.2850342,0.37627092,0.007321199,1.6073344,0.6849508,0.014134407,0.90641874,0.49081486,0.3134534,1.3835919,0.15952316,0.09342044,0.11085473,1.6012259,0.3180213,1.2764527,1.3287787,0.4812176,1.3686442,0.21554899,3.0202942,1.1001501,2.1993191,0.033868972,0.06703447,1.636667,0.07557027,0.70098954,0.654542,1.6954031,1.2657855,0.061970916,0.27354866,0.025566412,0.2544033,0.2906699,0.0,0.0959769,0.17834519,0.88791484,0.58066136,0.010326319,0.58337665,0.0,0.45995477,0.6384421,0.06605016,1.1066685,0.40478694,0.9965465,0.25927,0.19436124,0.8932182,0.543471,0.0222372,0.006873087,2.5518422,1.0816566,2.2466857,0.010090661,1.1487591,0.7646696,0.5076872,1.6016176,0.04159114,2.825066,0.0017810157,0.11166067,0.12276936,0.08497332,0.8788404,1.7662191,0.011050682,0.03697878,0.005190994,0.38586786,0.81131107,0.21138534,0.16193052,0.103444494,0.4164148,0.09234239,0.0,1.7381619,1.7827029,2.0551605,0.72010523,1.8868271,1.0297626,0.68154514,1.0852948,0.5332258,0.009507732,0.36277622,0.009272424,1.1693338,0.022722736,0.43150583,1.7090658,0.067248985,0.61756796,0.1466617,0.19073509,2.1950018,0.6163801,1.247627,1.2942004,0.4039073,1.151373,0.4237622,0.7275643,0.010894442,0.10315008,0.118327014,0.964959,1.2514734,2.0745065,2.6544693,0.7842309,0.14500242,0.81431913,0.009870542,0.59590954,0.4143134,0.2550626,0.35165304,0.008272987,0.42432752,0.34499896,1.0561035,0.35988623,1.3180664,0.0,0.05399293,0.58105344,0.30732954,0.17686102,0.07361378,2.9843698,0.0001964599,0.00025163422,0.4362933,0.1800135,0.21429548,0.004124951,0.016014611,0.28698543,0.69825387,1.0409318,0.26313952,1.0203645,4.1647696,2.4060235,0.18769373,0.24937205,1.0136659,0.15382253,2.217071,1.6809511,0.43415102,0.6015728,1.8167008,0.0012022202,0.15792604,1.1448311,1.133189,0.9608275,0.34286326,0.08623641,0.67294484,0.34139735,0.37301654,0.0,0.015415495,0.13993505,2.1943176,0.5965325,0.59670126,0.31831577,0.09931555,0.7518698,0.57031274,0.38380477,0.106713496,0.7246954,0.024848979,0.23712152,0.24714442,1.0765293,0.12942797,1.5686748,0.03661219,0.8560095,0.12729913,0.4634599,0.67372054,0.09098454,0.0021671501,0.09182658,2.4002516,0.37686047,0.7215631,0.67825025,1.8052642,0.27848902,0.79034793,5.102652,0.6781456,0.039355166,0.38739944,0.042152062,1.2180668,1.525723,1.2488214,1.9045553,1.7222098,0.7930757,1.1084658,0.0,1.2213044,1.9545665,0.1854866,0.89678174,0.0,0.5719933,0.43206647,0.24909914,0.07118468,0.49461558,0.0011471306,0.78423905,0.00858522,1.026622,0.26075888,0.19512877,0.0,0.015582882,0.8080064,0.24143969,0.12454231,0.40009472,0.5984477,1.0150571,0.17279626,0.65960807,0.29073173,1.041838,0.10381598,0.19676565,0.027630037,0.36905685,1.1273144,1.2794577,1.034671,0.13045862,0.055284325,0.11159866,0.28234574,0.49633336,0.29883537,1.3136562,1.1365881,0.420062,0.9518336,1.7706012,0.67207485,0.22429137,0.3844799,1.3600594,0.08929683,0.09912975,0.5824791,1.6082337,0.098280594,1.1951723,0.1371156,0.2543373,0.23174737,0.9603874,0.34648913,0.12615897,0.09277112,1.4045544,0.0,0.10311419,0.77956647,1.8783998,1.5716319,1.2854741,0.15301879,0.77503574,0.31518865,1.0957341,0.47766322,1.3563181,0.019380486,0.01814929,0.0056609847,2.2075188,0.22830057,0.12532222,0.022050707,3.048028,1.5233818,0.094013445,0.7413471,0.42777666,0.02977194,0.12871547,1.3682861,0.53957963,0.08728957,2.5369217,1.8617641,0.14528972,0.84508365,0.018255087,0.42775795,0.52141374,0.3713477,0.09508021,0.15016893,3.2479696,0.25463885,1.3184537,3.207365,4.021442,0.10910607,0.90248543,1.6899786,0.22901301,0.9044943,0.34762132,0.32018325,1.1782619,0.7123808,0.541726,2.3475857,0.43494126,0.42209524,0.043578394,0.24634534,0.27535626,0.346378,0.95948476,0.3138779,0.4508704,0.021182887,1.6323284,0.08611625,0.20115836,1.0418533,2.8988373,0.24542595,0.013019334,0.8440062,0.4618676,0.97006935,0.61395997,0.18568936,0.092253745,2.3829048,2.284958,0.2281999,2.9364252,0.023243811,0.71956664,0.17333388,0.3037864,0.018680884,0.9793354,0.84060895,0.2270943,0.4665339,0.0,0.37367725,0.46423703,0.23288693,0.25879517,2.1922224,0.32417795,0.0,0.32275537,3.0099664,0.14861695,0.004103733,0.0,0.17770661,0.23512138,0.5130316,0.49779865,0.004931551,0.3422892,0.42720973,0.47486624,0.30818126,0.0,0.0016832525,8.9937384e-05,0.00625561,0.7566511,0.33091703,0.49511367,5.838907,0.26208204,0.26242447,1.3461739,0.56518734,0.10512856,0.44345257,0.121452264,0.14529872,0.26858646,1.3669149,all_pothole_images\pothole_images_enhanced_4893b99929fa953c474c2ba54a5c3edf.jpg
0.61528295,0.109112695,0.09636676,1.4567937,0.94423425,0.11507136,1.5018405,0.27799115,0.043114077,0.8408384,1.0787796,0.43311185,0.07857476,1.3860227,0.0,0.100301154,0.5437781,1.1734511,3.510115,0.03910705,2.3703887,0.4578986,0.20919076,1.0299463,1.5625224,1.1145077,0.64468026,2.5713062,0.00051642477,0.041405357,0.4105079,0.7852008,0.12509733,0.70479614,0.29960865,2.5458412,0.10449897,0.4227308,1.385167,0.21416062,0.71836954,0.102629855,0.05308173,1.193269,0.22973686,0.6095925,0.5671926,0.007194416,0.19863239,1.8852427,0.11692349,0.1826034,0.8716995,0.047114857,0.3558041,1.0252962,0.9092945,0.27847272,0.04478704,0.03921815,2.1756377,0.025007902,0.6711066,0.24231683,1.5850623,1.1091967,0.8276914,0.1379297,0.5052897,0.119807675,0.46221817,0.3447529,0.08737567,0.012750423,0.27890104,0.02167763,0.2149483,0.5985544,0.75758713,0.114795715,0.033452764,0.25022605,0.5095636,1.3435441,0.31646442,0.099929154,0.1718809,0.21575683,0.68604183,0.031033637,1.2633103,0.075818814,0.021985058,0.0,0.05751939,0.0415493,0.023068348,0.8194169,0.025503742,0.6069166,0.95015824,1.7253343,0.63602763,0.04176825,0.53746504,0.54912436,0.06689158,0.6354393,0.061219715,0.06043001,0.0,0.46496886,0.20040914,0.30974674,0.19626942,0.7792181,0.23057914,0.1890985,1.8549774,0.73584336,1.2403896,0.058063827,0.63760006,0.1820045,0.14494336,0.9856566,1.3294808,1.9508998,0.32896233,0.23618005,0.10656962,0.0,0.15456347,0.45749182,0.39654234,0.608936,0.9996031,0.0532445,0.20575193,0.0,1.0485313,0.013408709,1.5717875,0.18946566,0.10433348,0.6975993,0.02102768,0.03038332,0.09320574,0.49428198,0.0046207923,1.9574859,0.006242214,0.01129778,1.4941238,1.6400728,0.64947385,0.2006917,0.73191386,1.0767232,0.30034414,0.68189734,0.24672827,1.0996301,0.078344926,0.22403961,1.6829896,0.08808694,0.25826314,2.6251874,0.40290442,0.35190585,0.029716391,0.35902762,0.0,0.24570161,0.005510596,0.039443433,0.90639764,0.7088799,0.0063030147,0.7332164,1.9657409,1.3816001,2.1009972,1.0418826,0.36350194,0.8988469,0.8604518,0.401456,0.12253343,0.3145391,0.48556393,0.2634807,0.21742918,0.8818095,1.3147026,0.24604365,1.0833945,0.13597472,0.7955107,0.030553475,0.815496,0.034349978,0.25249657,0.0073308176,1.0972068,0.0046930234,0.849698,1.322876,0.35463816,0.4322996,0.9275682,1.0829622,1.97451,1.2988135,0.26290333,0.3182627,1.1936618,0.580107,0.18810867,0.9779065,0.27113622,0.19170843,0.0,0.0,0.31684864,0.5474033,1.4412801,1.0429333,0.0,0.008268525,2.278209,0.1757162,0.70124143,0.5487753,1.6277294,0.0,0.002174576,0.54877913,0.023876088,0.023207413,0.119933784,0.03366211,0.24617195,0.04189443,1.1208622,0.13758428,0.69221103,6.171281,0.19632272,1.5341743,0.02568785,1.5917579,0.15997139,1.9021846,0.541296,0.9458111,0.0,3.5790975,0.33374506,0.45625082,0.15580776,0.0017533195,0.008821433,0.15717754,0.91126436,0.01203236,1.4660851,0.14974965,0.2808838,0.4259607,1.5964347,0.11317476,0.32830802,0.19854411,0.056606155,0.015471897,0.24816965,1.0696956,2.543502,0.64403933,0.38342977,0.18710221,0.0062705344,0.95074946,0.51035345,0.004997338,1.1262969,0.0,0.048942357,0.059330963,0.0,1.0854915,0.99358046,1.1674343,0.2971931,0.53703535,0.5818494,3.2292423,0.918938,0.8441643,0.24427877,0.0,5.0345693,0.13102011,0.9366741,0.08597436,0.19666274,1.1665722,1.3016678,0.1659517,1.2104342,1.0011191,0.78097767,0.23072204,0.043723553,1.8153971,3.4983215,0.36131734,0.7185806,0.0,0.74666524,0.92502046,0.123603,0.91560906,0.19403198,0.03881755,0.6673858,0.024412138,1.4924628,0.20563768,1.239246,0.0,0.054935124,0.31901535,1.2487925,0.5980185,0.5675062,0.7427305,0.16863775,0.0,0.80331105,1.6916347,0.020690504,0.45964837,0.0,0.8194356,1.2309694,0.34663776,0.1811825,0.19429082,0.0023525003,0.053235278,0.018147448,0.030869305,0.030454582,1.4072403,1.2072921,1.8701661,0.08737741,0.5068855,2.0004783,0.8543974,0.0,0.0020395068,0.61336863,0.5055314,0.075925045,0.35295975,0.8867339,0.24603291,1.3242595,0.05988934,0.16088206,0.046413835,0.8623086,0.019402312,1.3404313,0.0,1.5295799,0.047032326,0.03538525,0.26890048,1.3161073,0.108867995,1.7028714,0.174812,0.17482792,0.6380339,0.60729104,0.12726621,0.44405624,0.26743048,0.28097975,0.06935429,0.93503803,0.052739814,0.39260495,0.08292021,0.81812006,2.0736241,0.044780977,0.051779766,0.20115665,0.12436184,0.20583299,0.33103892,0.5763947,0.022962078,0.21153598,0.03248829,0.07413815,0.4065421,0.024372378,0.82804435,0.10527704,0.18509728,0.23598753,0.034259822,1.4527918,1.2402225,0.043965787,0.5647992,2.2734363,0.8027731,0.44078046,1.0658783,0.09857813,0.19677182,0.09640371,0.027158475,1.1538073,0.5398588,1.71108,0.49488238,0.0108359875,0.31631547,0.19274987,0.06007318,1.3217636,0.0118621355,0.048275504,0.012662226,0.27678907,0.03647984,0.24374424,0.3228094,0.05189775,2.0408523,2.606934,0.6810326,1.0384853,0.06325416,0.45503095,0.9923575,0.0030392688,0.05293737,0.03132285,0.42258278,4.3862762,0.22380203,2.513427,0.12762558,0.7124214,0.0039480426,0.21392769,0.0,0.93244797,0.71710086,0.10552334,1.3681289,0.0,0.12063273,2.030037,0.0,1.9936383,2.3095295,1.6962031,0.0,0.1691613,1.379764,0.15906627,0.2775898,0.37440965,0.0020427345,0.06385533,0.0350343,0.14539517,0.029902002,0.7446773,0.5487983,0.73807913,0.31318372,0.0,0.4214099,0.09170006,1.0010854,1.6984574,0.43331933,0.8240401,2.7805357,0.009527099,1.546926,0.40720055,0.70561355,1.1333427,0.357192,0.001373603,0.56948775,0.042685553,0.008227818,all_pothole_images\pothole_images_enhanced_489ce4d37c8f31a07dbb75143ccb35f3.jpg
0.22188455,2.7096841,0.60465086,1.4953816,0.94522804,0.29894885,0.2851125,0.009797135,0.009361255,1.3196657,0.6998116,0.32030243,0.39280212,2.9037929,0.1781207,0.57731336,0.7192025,1.0252215,0.8477524,0.48876163,0.21089314,0.24229388,0.5165278,2.2117844,0.2780598,1.2920963,0.08041395,1.923614,0.77699035,0.26048672,0.52971697,1.1145515,0.32011798,1.105582,1.4114691,1.3808726,0.7509346,0.58838004,0.2431392,0.18706559,0.6359129,0.5639469,0.26647463,2.3051753,0.7628121,0.1113301,0.617833,0.4177977,0.70093507,0.9205432,0.89571124,0.081830606,0.7855024,0.42486116,0.64881647,1.6587509,2.6809351,0.7032895,0.6488927,0.29465938,0.43495464,0.7660141,1.1776978,0.024716,0.48594457,0.3377035,0.09377538,0.9823522,0.074799545,0.51265484,1.1010586,0.41533044,0.41645235,0.77041197,1.5657492,0.15535465,0.02035489,0.74620855,0.36012825,0.51777965,0.11885925,2.1928134,1.5270373,2.4754078,0.52452666,0.76669425,1.425789,0.39652455,0.6705646,0.34512174,0.20544505,1.4851055,0.28966138,0.8018415,0.056421407,1.3791417,0.270239,1.2563488,0.24870747,0.2305701,0.57223785,2.0196328,0.8654297,0.3443887,0.7563054,2.1789436,0.4277663,0.056035604,0.816477,0.1720091,0.46716416,0.6850073,0.0439161,2.0879295,1.2369803,0.2670628,0.7753505,0.8736416,1.799753,0.51285416,1.8677566,1.774838,0.02308085,0.56608605,1.2843449,0.59884804,0.515872,0.39331296,0.32585707,0.14719367,2.6574244,0.18716659,1.054364,1.0349704,0.9223568,0.44476914,0.22216867,0.6713466,0.11156136,1.5081276,0.28695768,0.28991076,1.9598292,1.5358723,0.05213731,0.34646544,1.1304482,1.1148432,0.66304064,0.8295887,0.52014965,1.2507075,2.0879724,0.22899958,1.0861013,0.15335342,0.8826427,0.9939017,0.1348667,1.5736085,2.4760358,0.22326587,0.10233454,3.6430104,0.66350996,0.077104874,1.3428499,0.2938887,0.43757915,1.4284614,1.0969677,0.5864947,0.0006421919,1.0322399,0.7174315,0.62866044,0.7478211,0.009400843,0.22132301,0.032646324,0.40159398,2.3183935,1.3446996,1.648369,0.76186174,1.7298955,0.6842438,0.74180657,0.711332,0.68535066,0.2137056,1.6435786,1.3924495,1.5540265,0.41435063,0.74079335,0.80744916,1.2223092,0.6235174,0.16403887,0.4280692,2.036646,0.13188602,0.14696003,0.99995154,1.2681333,0.65056396,0.58861154,0.24819528,0.17661546,0.09121336,0.61001813,0.33655283,0.46687266,1.2660004,0.68314064,0.5448514,0.4810199,1.7818083,0.0819454,0.80344176,0.019940816,0.88847214,2.2338831,0.12198132,0.50634515,1.5307518,1.2707953,2.0515146,0.47662818,0.29376605,0.3800896,1.0783297,1.4039695,0.25440642,0.0773101,1.3968278,0.61038184,0.04022305,1.5026126,0.013947512,1.1234719,0.18432707,0.29232374,0.8513467,0.2916315,1.7956635,0.30217707,0.31619266,2.6956735,1.0648717,1.4843308,0.08156677,0.61485183,0.7532779,1.3390673,1.4704076,0.6102445,0.59314394,1.395457,0.16735029,0.07162731,1.0122076,1.072493,0.6829437,0.31313232,0.5363496,0.76192397,2.0727382,0.6443368,0.19807978,0.7473066,1.5122589,0.651841,0.38086203,0.47827855,1.5566189,1.0777657,1.0439892,0.6395882,1.1415331,0.72695595,1.7792715,0.57851315,1.1231647,0.62136483,1.2691777,0.5041443,0.9487076,0.5263433,0.7112566,0.35099924,0.45673522,0.15289713,1.7540777,0.377003,0.60054797,0.21354975,0.79128826,0.3574111,1.459046,1.7166194,0.4938425,0.5440392,6.5919504,0.88906235,0.3373439,0.26200345,0.0776445,1.4422877,0.84109396,1.5663488,1.9285553,0.47338322,1.730068,1.3614967,0.5837435,1.0509428,0.930873,0.48871073,0.88036674,0.14506027,0.5957306,0.56347245,0.18846437,0.9690231,1.2255751,0.28666812,0.012700508,0.52219194,0.58359474,0.4830148,0.57509094,0.010473733,0.6534036,0.339335,0.3670263,1.2362914,1.1646875,0.41705236,0.3003338,0.7450331,0.14811589,0.5890242,0.717829,0.15246907,0.283188,0.20334446,0.2451033,1.1054652,1.3052114,0.29191718,1.225908,0.1962835,0.34049657,0.6904356,0.05847814,0.6954484,0.61876464,0.453072,1.3023739,0.5787684,1.3947643,0.7154003,0.078499645,0.056913756,0.9244978,0.17509684,0.3742092,1.0953577,0.93781966,1.0664396,1.5485463,0.71347564,1.0826308,0.29406363,0.14731961,0.04259168,0.35798466,0.86972046,1.1088393,0.6123984,0.29977748,0.9184687,1.6748358,1.2575892,1.9805628,1.617858,1.5430875,0.4732448,0.41522947,0.80687535,2.5436478,0.093605295,0.14708845,0.4927271,0.38906968,2.534933,1.259623,0.5249972,0.58476037,1.8614377,0.76508975,0.22506735,0.31868875,0.019997891,0.6637523,1.0063273,0.75167114,0.5474646,1.130607,0.48705268,1.0570436,0.744419,0.08268704,0.2574814,0.49103805,1.7261833,0.0436506,0.82179224,0.071604334,0.16640624,2.7491317,2.3328657,1.1196424,0.36111417,1.4692286,0.14791492,0.4947939,0.09030743,1.0235285,1.9741024,0.6622741,0.458711,0.41470876,1.1729484,0.26705453,0.2240002,0.14492103,1.3929268,1.3964254,1.4172908,1.186134,0.16263129,0.668452,0.30974552,1.7333951,0.34593144,1.4616226,1.2770658,2.8570783,0.25188458,0.38826105,1.3625623,0.27003035,0.2253306,0.59050936,0.875052,0.4805259,0.9078884,2.280786,0.61630577,0.87636197,0.24821144,0.68198127,0.32242778,0.70294964,0.5865341,0.21693455,1.8977443,0.49019617,0.19392906,1.0332252,0.05865676,0.1538701,0.21863829,1.6446505,0.88674784,1.0929433,0.26280388,0.3246235,0.6386745,0.75307614,0.8184809,0.3394941,1.5779825,0.9866205,0.4530941,0.43687445,0.47655156,0.6432114,0.14328696,0.76178366,0.69863075,0.012893764,0.4975149,0.4517014,0.37912896,1.0840849,0.061517928,0.46990207,5.1250563,0.28417757,0.8597329,0.99769807,0.6258037,0.07644683,0.6297873,0.23267263,0.102973215,0.24359375,0.33040956,all_pothole_images\pothole_images_enhanced_48a00d1d9cdbc2f35e9d27dabf70c755.jpg
2.2889645,1.955149,1.1966325,0.52931494,0.5065393,1.3239756,0.51828206,0.28349814,0.58179665,0.7589697,0.15608574,0.022128789,0.15754741,1.9594374,0.034058414,0.61162114,0.33144167,0.9984024,0.011388373,0.8401667,0.66390383,2.4696894,0.6237058,0.556596,0.66236705,0.84794664,1.0617151,2.294645,0.07276475,1.0468497,0.14446487,0.24099122,1.7381376,0.11588807,0.14601539,0.06801551,0.9091235,0.7205524,0.6579727,0.17231095,0.30555922,1.7553437,0.51942325,0.52274,0.32945436,0.7790939,0.044194475,0.122675434,1.1266799,0.22042136,1.3534857,0.19622825,0.23410322,0.08190194,0.16767454,0.090088494,1.3485495,0.007510859,0.034849055,1.013548,0.20138183,0.50883543,2.8163333,1.1308235,1.9740982,0.5625903,0.15842438,0.22519514,0.0,0.3881261,0.12779357,0.4836609,0.08262385,0.5522744,0.05552281,0.20533042,0.6174411,0.87938154,0.22988519,0.07379343,0.25558686,0.04663738,0.0,1.6463461,0.06492619,0.14131267,0.16614749,0.088792786,1.9753327,0.010483837,0.55130017,1.1481196,0.40480468,0.62857234,0.01688289,0.037254013,0.48437032,0.41263774,0.7091586,1.6438051,0.27458242,1.4615786,0.25741288,0.22326897,0.051657822,0.14167391,0.055090237,0.30570287,0.060986534,0.466237,1.1024617,0.9360308,0.622981,0.21666177,0.35200423,2.0011446,2.4384441,0.13715936,0.42286506,0.24961516,0.21100417,0.06393286,3.9873042,0.7592457,0.42347094,0.31809476,0.22293371,1.5103312,2.737546,0.81761146,0.62700367,0.81337464,0.620336,0.31990132,0.47637513,0.07159495,0.49324474,0.118195295,2.8146935,0.73245806,2.1779563,0.31225735,0.26989952,4.183077,0.15018821,0.65390855,0.39984477,0.15489021,0.64699185,0.9518151,0.19417344,0.6388206,0.24707891,0.6035746,1.8405372,0.7356108,0.7013215,0.3005933,0.73842317,0.21021718,0.82042897,0.33494583,0.28992856,2.3790166,0.32780918,0.077650815,1.8287482,3.4563692,0.8156482,0.12582658,0.8757819,0.055928603,0.5642681,1.6543806,0.71334714,0.1767182,4.0231857,0.32418805,0.0993427,1.6449684,0.4743955,0.10519913,1.2158232,0.16291715,1.9775864,0.06930377,1.9410157,0.48338673,0.073243245,0.08874357,1.5420822,0.10310987,0.67819244,0.2497719,0.11475313,0.72977686,0.18965381,0.7816683,0.3209242,0.28718495,0.09465229,0.65156585,0.7161398,0.30908763,0.35187694,3.2337341,0.34575677,1.0929303,0.35002026,0.24447311,0.4478044,0.060994953,1.7140437,2.216106,1.0684439,0.42440724,0.5262706,0.3669579,1.0901446,0.30414477,0.47701505,0.25311297,1.8297536,0.9292928,0.0,0.19566308,2.0332258,0.039803386,1.3413333,0.12739672,0.53541726,0.7959087,0.08329207,0.6646729,0.27926028,0.8379342,1.420374,0.29533708,0.024781322,0.27359867,1.6359848,0.01572595,0.28734365,0.32972667,0.02921754,0.069899045,0.99519706,0.7183917,0.36964837,1.8034863,1.1931673,0.06392461,0.031752978,0.795868,0.11757857,0.25393263,1.0919276,0.4134677,1.1411897,1.0813498,1.3082454,1.7332495,1.1901748,0.013548006,0.31235653,0.26331484,0.36456835,0.8129153,0.45446435,3.6044111,0.030561104,0.1283602,0.062459175,0.28629282,0.1204403,0.550596,0.9289414,1.036529,3.6053553,0.27750012,0.629223,0.7545149,0.30103022,0.30925614,0.3908491,0.21137723,0.3991816,1.5570309,1.5052955,1.3702217,0.031100286,0.39635703,0.73145217,0.34119684,0.05042642,0.581322,0.88032395,0.7673587,0.26156324,0.856213,0.48676524,0.5897907,0.0,1.0481635,4.0992875,0.034030147,0.7901955,0.9423826,0.77594966,0.0,0.21550587,0.7737076,2.795199,0.8872768,0.01360898,0.115416504,0.7289445,0.58760643,1.232447,0.15736434,0.045094382,0.09002649,0.26173946,1.3837672,0.31596935,0.24403852,3.249642,1.3384949,1.0340716,1.3518643,3.1723266,0.21318969,0.0032235335,2.2877657,0.78316355,0.28799978,1.5275624,0.38905913,0.25510165,0.02817338,0.54255754,0.11545636,0.3937841,0.007969583,0.34165397,0.03178115,0.043912236,0.956706,3.112137,0.9547059,0.34547934,0.95967084,0.05858649,0.06801118,0.62933415,0.26448402,2.095384,0.45904619,0.036015615,0.45852572,1.0533743,0.12608878,0.029151084,0.39128602,0.033870075,0.8211377,1.5062014,2.0383463,0.42424116,0.3603551,0.72767514,0.20626216,0.930229,0.02365303,0.16243103,0.4117473,0.03133936,1.4253755,0.75395966,0.089475095,0.103888705,0.0,0.5988894,0.95097363,3.0586872,0.64814717,3.7590976,0.2338472,0.07333295,1.5309399,0.5493883,0.49475226,0.9998429,0.15167749,0.4569793,0.13920775,0.03706748,1.1594458,0.0,0.17843217,2.8066611,0.4108527,0.9476867,3.3241954,0.37428874,0.09430988,0.96501327,0.4038261,1.5728261,1.2452859,0.0501833,0.42174137,0.3226424,1.0585756,0.71504223,0.4360471,0.02789279,1.7468463,0.14006226,0.48450232,1.0507144,0.4967762,0.42261916,0.6740283,1.453489,0.7957331,0.6037554,4.629813,0.6633416,0.09292731,0.49231148,0.40548307,0.20867133,0.25542232,0.5159717,0.7508381,0.61251473,1.3581823,0.09678295,0.12317879,0.17412867,0.13782999,0.0,0.2813835,0.35912862,0.8497439,2.7510328,0.22619079,1.0341848,0.11112128,1.0195776,0.3000165,0.4186766,0.3801944,0.5295148,0.08848846,1.3875977,0.08093968,0.13104524,0.04879251,1.4424484,1.4705555,0.6274334,0.1366378,1.2660041,0.1156979,0.04830192,0.17070562,0.0,0.5521935,0.48246706,0.79104984,0.5989151,1.237675,0.28927445,0.11317212,0.1092655,0.3858623,0.755746,0.70042163,0.15746053,1.3576691,0.09431142,0.57092816,0.06682686,0.6578032,0.34623975,0.13198861,0.18756326,1.2598029,0.079296075,0.170249,0.6355577,1.0569139,0.24703343,0.29567423,0.43445823,0.33852226,0.0038846596,0.017013663,0.07767714,0.97383606,0.049265828,1.876444,0.05741694,0.15964735,0.53897274,0.30484408,0.12582655,0.92560047,0.46881968,0.17702383,all_pothole_images\pothole_images_enhanced_4915e0594af85bd275763fd8d95fe710.jpg
0.020295568,2.0308056,1.8931341,1.3127733,0.43395162,0.3033487,0.6998327,0.061589066,0.10616077,1.1293315,0.43940237,0.14242335,0.13990515,0.09097439,0.005032747,1.0402235,0.023936767,0.037835404,0.4106245,0.5677109,0.093310416,1.6428497,0.28202948,0.13048722,0.81385803,0.23299691,0.24529752,1.0214713,0.49821022,0.43531686,0.336992,0.0035510159,0.24527654,0.023674361,0.8705903,0.22774649,0.8615581,1.0315446,0.44111824,1.1035352,0.025074804,0.05690475,0.98589593,1.0151393,0.9985528,0.4605582,0.26434612,0.1231623,0.006920004,0.7025042,0.20262994,1.4658955,0.34670377,0.5020995,0.24836336,1.222818,1.841941,0.3939221,0.26712155,0.025697274,0.20668742,0.6062332,0.8082597,0.04286266,0.7513275,1.5449748,0.17804103,0.26554304,0.20124334,0.20636566,0.6331371,0.014737782,1.0110785,0.24303754,1.1964736,1.6362185,0.13798878,1.0523183,0.0,0.88931364,0.30487022,0.08817079,0.115613565,2.3860526,1.3286637,0.9514342,0.15409552,0.35390845,4.361103,0.9972196,0.09869542,0.27258596,0.03879711,0.1460085,0.14951468,0.1390025,0.66335195,2.4137707,0.9955697,0.1607336,0.59872586,1.6041526,0.26724297,0.13864796,0.06252368,0.3097684,1.1092969,0.16237618,0.10433464,0.3723543,0.10039512,0.645047,0.15528849,0.22896093,0.14183547,0.51592743,1.0673609,0.59308314,1.2872593,0.21478471,0.8967937,0.09488541,0.20970185,0.84250057,0.66813004,2.1318605,0.5626522,0.86576265,0.35029718,1.0981585,0.5292291,0.0131254755,0.14409931,0.08875861,0.23925015,0.386422,0.39924994,0.81045496,0.6501852,0.10950131,0.5231158,1.3561345,0.3176167,0.27628,0.41837987,0.3146178,0.28451756,0.057863954,0.0,2.6830854,1.0811509,0.3233677,0.41169593,0.23357302,0.69949037,0.13427766,0.86940295,0.01513993,0.27164286,0.96838796,1.5509251,0.8379012,0.6481766,2.425425,0.14696856,0.0094201965,3.032961,0.105623834,0.85537654,1.1438473,0.23695324,0.0040235454,0.41264787,0.22144435,1.2327296,0.10571725,0.39219812,0.39463976,0.06138202,0.5919345,0.4995054,0.91076,0.50198257,1.3444295,2.0982482,0.45037398,0.3827797,0.5363923,0.039058175,1.2307541,0.020153875,1.1465228,0.2522947,2.0727956,0.03304478,0.14791308,0.1632114,0.8796978,0.30172184,0.59278303,0.9409791,0.00074124883,0.003081962,0.3024615,0.44126424,1.0588595,0.075854324,0.24864492,1.1618996,0.31665754,0.15659347,1.1538553,0.88014466,1.1573964,1.5545448,1.1247408,0.70978266,0.006840803,0.58302915,0.8598399,1.0303468,0.28307623,0.08177856,0.65000314,0.49436077,0.57681614,0.06177269,0.907456,2.428337,0.3336797,0.091557965,0.6562114,0.1512489,0.10879421,0.14357941,0.3188589,1.8320553,0.042988338,0.05251877,0.024590643,0.6543853,0.13164076,0.32423207,0.5164463,0.41990662,0.0,0.10488752,0.61833864,0.11446827,3.087786,0.21901979,0.014270652,0.811408,0.4537243,0.59447014,0.0,0.78679824,0.058569502,1.2115785,1.8700125,0.29236642,0.2642359,1.2296865,0.0,0.6922767,0.43473947,0.42419374,0.6233741,0.5794038,0.30538324,0.54822266,0.6897383,0.12549362,0.3722115,0.21365136,2.3043633,1.0723674,0.0172333,0.36546963,0.8765433,0.23265396,0.31285506,0.11581699,0.38935626,1.1506134,0.47423857,0.33953443,0.29248655,0.42351684,0.29673833,0.20913005,0.8203146,0.24035251,0.8096266,0.88596624,0.62211055,0.28445658,0.402563,0.40394494,1.7180443,0.68787444,0.66077936,0.62829435,0.9057289,4.044729,0.34488732,0.042292126,0.3318538,1.4175481,0.85804045,0.020792255,0.09129645,6.2571745,1.5563416,0.2420655,0.5967796,0.12686472,0.8710513,1.0838617,0.032537125,0.63111293,0.22074522,0.2190301,0.326387,0.887612,0.751895,0.9894032,0.027543208,1.0328456,0.036115948,4.7416863,0.13516797,0.029798334,0.07562478,0.63803124,0.095000826,0.34095228,0.33577195,0.8928983,0.13129635,0.24969222,0.1357519,1.5982885,0.035249136,0.7618068,0.12118165,0.033078257,0.016767556,0.39327654,0.60352194,0.06541533,0.78817225,0.11867037,0.03662826,0.0011625384,0.0,0.23875612,1.9693757,0.38841978,0.9442661,0.07985207,0.07362548,1.5727203,0.400526,0.28574753,0.39201283,0.5229918,0.2024535,0.47796655,0.2614858,1.5547391,0.35840407,0.3463926,0.23601983,1.1679145,0.89571536,0.14277512,0.569785,0.056556564,0.16279452,0.0082588205,0.0,2.1435142,0.74551874,1.7708987,2.252946,1.4696468,0.03282089,0.12167374,2.6705,1.4607626,1.3502209,0.51893306,0.15664436,0.00889595,0.0,0.5567543,0.29179853,0.12697594,0.18465842,3.211715,0.38137722,0.045547556,1.1645389,1.0636263,0.0038562142,0.35987058,0.67487854,0.64857787,0.046925567,1.606002,0.09771001,0.5873423,0.12290996,0.17840418,0.2451113,1.6307883,0.0573627,0.028042413,0.05279665,0.9316223,0.008580445,0.9205317,0.30866876,1.4893819,0.2983698,0.7066625,0.59802675,0.89745647,0.06895157,2.825937,0.11791548,0.79509723,0.95835376,0.47765332,3.8116367,1.1178335,0.31385195,0.34221968,0.14715031,0.60788167,0.13083433,0.11604838,0.8804153,0.27565983,0.0012973503,2.8324008,1.8495018,0.23968668,1.534775,2.8390634,0.48502126,1.9590914,0.4815385,0.44348666,1.3679286,0.122247905,1.3700627,0.14152502,1.4646144,1.2721224,0.11172174,0.36685917,0.13695033,0.32502288,1.371451,0.335437,0.20053698,0.7806686,0.43810654,1.2375036,0.024202168,0.50080585,0.14024635,0.20179375,0.1786571,0.0026970957,0.34043077,0.3418623,0.49887878,1.4600209,2.2715015,0.44341612,0.03655129,0.0021311145,0.00575295,0.19706441,0.2510189,0.2682838,0.16274606,1.2914613,1.8296069,0.66213214,0.030641202,0.19506957,0.7938651,0.01163076,0.05940512,0.42867115,0.04204231,0.20317867,5.529468,0.21451415,0.8482951,0.657061,0.7352121,0.033405297,0.77803046,1.0307524,0.373313,0.08170834,0.5141272,all_pothole_images\pothole_images_enhanced_495204b99272f80d1156a206f3e7e12f.jpg
0.4181931,1.2463648,0.20842177,2.160168,1.8638821,0.5535382,1.6444314,1.2200449,0.4210947,0.8133078,1.001098,1.0705583,0.27616686,2.0379968,0.73534864,0.51189125,1.4869161,0.79580563,2.4974964,0.7300904,1.74042,2.3712375,1.2074131,2.953424,0.6227171,0.6040454,0.87258136,1.9184679,0.02841527,0.5241013,1.3838989,0.08849374,1.0380079,0.7455508,1.2295524,1.5105097,0.19247745,1.1771276,0.11323138,1.1449482,0.66037405,0.015353634,0.43762174,0.5028117,0.84500587,0.45329413,0.6493576,0.7385272,0.20322427,0.894044,1.0286729,1.0680709,1.9210134,0.42159957,0.2460735,1.3821268,0.2683324,0.7365446,2.2763681,0.054085195,1.3969157,0.32781562,0.57138395,0.56452674,1.6818538,2.3364456,0.6907123,0.2582747,1.1486512,0.96201277,0.49756816,0.2096245,0.57856643,0.0832544,0.41920105,1.6992184,0.30915466,0.8438533,0.0,0.0,0.447965,0.5993545,1.030027,0.6747088,1.301811,1.3760475,0.26108742,0.20659944,2.2672658,0.08827823,0.37596655,0.3817059,0.5794922,0.7458827,0.5264399,0.5426923,1.4001106,1.3217205,0.0032518485,1.4655356,0.3159692,2.8007574,0.39905712,0.6262741,1.0748557,0.44606087,0.021772318,1.026902,0.12644681,0.28385183,1.605327,2.5139222,1.0214485,0.908708,0.5032568,1.6175808,0.82173985,0.29429936,0.8328496,1.2495328,1.1669056,1.5730492,0.6748522,2.1892037,0.40350294,0.23825172,0.691059,1.5816271,0.862863,1.2472912,1.1689442,0.006628353,0.27278328,2.0302682,0.3826434,1.0214192,0.54763156,0.23888619,0.9565324,0.9897062,0.7331669,1.2962003,0.19358654,2.2514708,1.2386208,0.26653486,0.43220183,1.2611411,0.69404304,0.6183866,1.3160589,0.89110845,0.040346134,0.13930559,2.8019035,0.42931902,2.3199048,1.6455685,0.58781147,1.2497404,3.395547,3.8020391,0.5069942,0.60634404,0.19959657,1.0171633,0.97444415,0.5136131,1.7273546,1.3802938,1.2426286,0.6726931,0.47125515,0.57426536,0.37968475,0.70825016,1.2643998,0.38168734,0.28829107,0.06519707,0.56919754,0.6366849,0.51648724,2.1999998,1.140675,0.93975055,0.563674,0.13533863,1.2975707,1.3693131,1.1905764,1.6338243,0.17009246,1.2991973,0.31147817,0.59287345,1.1787074,1.1002328,1.2769408,1.2327455,0.3385057,0.6608337,0.74196374,0.16310015,0.23423947,0.17331761,1.81414,0.19277303,0.74629015,0.86378664,0.38137135,0.4144979,1.0331092,1.3384788,2.1912987,1.3956691,1.5758389,0.24732496,1.284965,0.43207198,0.48511207,0.27204093,1.5057883,1.3949417,0.011514612,0.6054049,1.2040112,0.78705627,0.3291073,0.32099327,0.3851105,0.8615893,1.5225424,0.88100797,1.6043067,0.17326796,0.2601396,0.7129158,0.50553805,0.08335614,0.41448137,0.29028174,0.45316792,0.6185111,0.5051996,0.38759503,1.8667736,1.8448282,0.81200814,3.33298,1.8066199,0.060414925,0.8225935,0.28549734,1.0474528,1.6452316,1.6649388,0.6964528,0.10868206,3.5454948,1.088142,1.1020111,0.5365058,1.5877726,0.033466928,1.0754297,0.6601133,0.28256342,0.755288,0.81971955,0.7415274,0.5595996,0.36285526,1.2313491,0.12560898,0.85485506,0.8422563,0.49953526,1.5548497,0.98141617,0.50168043,1.5037822,1.2765907,0.9419455,1.7939117,0.5853164,1.1012168,1.4758556,1.5408602,0.05558526,0.61159205,0.53217036,0.55283684,2.4972293,0.25532472,0.72342694,0.31796557,0.28305897,0.36382535,2.3658328,0.12671368,0.33756566,0.26584592,0.24697775,0.668098,0.32397124,0.45125225,0.5488991,1.1650281,0.17560774,1.353821,1.5369817,1.3266679,1.9149944,0.5112761,0.8416464,0.39126614,1.4167676,1.1590118,0.37478313,1.8281561,0.27815813,0.34420356,1.0445932,0.7753555,2.2446592,0.29888666,0.7134324,1.1039546,0.57522464,1.4966593,1.4188232,1.2905568,0.32810724,0.90724933,2.2179983,1.4994018,1.5000635,0.83730906,0.58797145,0.7539281,1.3164121,0.7256816,1.2857409,0.60028553,1.202573,0.73106945,0.22076894,0.9075581,0.061097387,0.31967446,1.0336161,0.67099386,0.8462334,0.43125337,0.12764335,0.36134472,1.1542519,2.3521516,0.71606046,1.4900687,0.27973068,1.7295276,0.6608693,0.0,0.34872353,0.7926502,0.771191,0.20874767,1.8256444,1.0057166,1.2234837,1.9769365,0.22769663,1.1123025,0.93380076,1.015172,0.02169955,1.0475763,1.9862133,1.7833971,0.770642,0.4697784,1.126005,1.7519763,1.8931682,2.0139658,0.25139827,0.042082787,1.8699359,1.7180935,1.7747686,0.66304123,1.2281566,0.12719147,0.06299019,1.8064979,0.7316902,1.1367687,0.25681055,0.6565872,0.8835393,0.3178084,0.58228946,0.9256539,1.0231799,1.2379354,0.15735425,1.3207552,0.39762586,0.8717878,1.2996438,0.8199272,1.1135461,0.11701493,0.9519718,1.0565242,0.5399429,0.84363335,0.73273116,1.9327352,1.0740027,1.7493796,1.688792,3.774384,1.5897356,3.733711,2.2935698,2.0178778,0.86627334,0.13746294,0.36129487,0.35246226,0.62694836,1.4383637,1.497213,0.62711483,1.2806952,0.82390344,0.62627333,1.1991758,0.085013896,0.07591743,0.6799002,0.09420742,0.7511416,2.8210158,0.6178738,1.9580213,2.3583314,0.91959673,0.6987274,0.64986676,1.0019815,2.0036588,0.9356937,1.6785163,0.2378596,0.1538659,1.2537925,1.818545,0.42000732,1.2811791,1.1218625,0.39474493,1.7835029,0.50641406,0.38778105,1.2358623,1.2550293,0.5333401,1.7061229,0.7681211,1.0326483,2.6497147,0.12531346,0.3155913,0.47526923,1.2517649,0.8866025,3.116635,1.7538754,1.6186368,0.87788904,0.09336971,0.103446424,1.8163228,0.5718059,1.6356126,0.27287734,0.3695823,2.6728842,1.1256578,0.007900199,0.48381326,0.1431139,0.3841094,1.1364732,0.83289057,0.43368357,1.726179,2.050405,0.5713521,0.1816212,1.306658,0.46607012,1.475471,0.40859088,0.13323152,1.1383686,0.75622135,0.28729856,all_pothole_images\pothole_images_enhanced_4960ea53915ea0f0222bea69b10c4728.jpg
0.68073934,0.52735627,2.1033783,0.5693214,0.14358005,0.11169567,0.28408524,0.20376046,3.676577,0.5084574,0.82177836,0.06399823,0.07166761,1.8013169,0.0025166853,1.4868886,0.3549399,0.67310786,1.1982411,1.4113193,0.38705412,0.1537297,0.06315209,1.3355374,0.1373334,0.514665,0.049370833,2.6556275,0.40652198,0.23103215,0.09150162,0.022600595,1.3133707,1.5016624,0.34581783,0.7714267,0.04441945,0.3895312,1.6635723,0.06768901,0.27013567,0.05061785,0.67937875,1.3751414,0.807384,0.87282234,0.6760295,0.04446086,0.039689586,1.4337875,1.2108747,0.092848815,0.14412726,0.063118,0.16752379,0.30503836,0.17902975,0.19964646,1.0529917,0.024803944,0.103537224,0.011633126,0.40895233,0.19151405,1.9787817,0.38411686,2.0264332,0.08114066,0.1986823,0.23639204,0.14001127,0.6784945,0.15249294,0.088842526,1.302081,0.099604286,1.2493114,0.22746533,0.5762722,0.04335087,0.2765648,0.7456704,0.11140941,1.145466,0.22050445,0.14966615,0.635198,0.43577695,0.47980362,0.14209114,0.10593804,0.6608734,0.17544298,0.52338165,0.8097041,0.021473587,0.29982933,2.3439448,0.061076682,1.1324508,0.18405166,0.12182118,0.42403513,0.20237911,0.8544314,0.8554981,0.2976078,0.0,0.19208112,0.89118534,0.08534007,0.2689867,0.0,0.98633784,0.5992673,0.2426475,0.7523703,0.07762915,0.8848653,0.30613944,1.1412221,0.14440742,0.078437425,1.1579808,0.4317679,0.5539601,0.23491825,0.0952207,0.080569595,0.0,0.744773,0.5742279,0.0,0.9034875,0.7222863,0.36717027,0.3711807,0.7340235,0.17054057,0.25695255,0.32054657,0.27687025,1.1635442,0.43720505,0.3969153,0.19316801,0.0005531777,1.7376844,0.54710424,0.9215903,0.9735425,0.3889185,0.4108103,0.5755574,1.0754626,0.16865492,0.805979,0.008163739,0.02671397,0.516951,0.94450814,1.5992484,0.25245205,0.7950179,0.02691924,0.06922882,0.34126806,0.0,0.093587786,2.86215,0.1620779,0.018348208,0.12062906,0.9149746,0.029760413,1.3229672,0.1366887,0.00567091,0.38643938,0.024664395,0.0,0.31480783,0.53682476,1.9108386,0.07239453,1.4400779,0.07149109,0.70251334,0.59501356,0.47011557,0.2328997,0.7367862,0.8795935,0.51326823,0.3004946,0.60008264,1.1527506,0.79499424,2.045547,0.0,0.04692277,0.3378788,0.036292907,0.05725486,1.4716991,0.77411276,0.31438458,0.2853295,1.0475204,1.0065459,0.12325079,0.105009876,0.03526364,0.067260675,0.77774405,1.1410786,0.39926222,0.7880313,0.2142991,0.2955355,0.0009289247,0.7190824,1.4904714,1.437323,0.0,0.0016439405,0.22326009,0.27345568,3.4185314,0.20051613,0.09569038,0.26395458,0.5873058,0.2654535,0.8388032,0.06669985,1.8954225,0.20241378,0.018666057,0.47756076,0.17540896,0.65543705,0.15760338,2.526278,0.368754,0.4067925,1.9587609,0.29111728,0.3980595,1.65836,0.31719083,0.5718446,0.0,0.3085841,0.15903905,0.3135816,0.64171517,0.06692615,0.0027547558,0.13131246,0.69878465,0.1752265,0.8655778,0.4505411,0.0,0.062890895,0.14198062,0.62070084,1.2669976,0.1548309,0.024015073,0.0,0.410547,0.77233696,0.06912554,0.38570955,0.25764123,0.11864316,0.5884636,0.21098037,0.14342901,1.0992367,0.6724626,0.24007824,0.55705774,0.3128971,0.31231272,0.16323705,0.0338309,0.08936181,0.3774794,0.81943744,0.06792987,0.4775924,0.017646015,0.3005561,0.9589198,0.26466408,0.28043884,2.2683122,1.3312929,0.4681454,0.26492065,0.15496673,2.4116206,0.027172176,0.053536277,0.70897645,0.100107014,0.21872655,0.6646021,0.09203192,3.6635346,1.7597657,0.2552764,0.35767063,0.06493013,0.31825796,1.280829,0.0064752144,1.0578668,0.25313625,0.04362534,0.19541687,1.0140345,0.5642688,0.73787487,0.03565099,0.12691344,0.1119025,1.0050329,0.008436937,0.026742248,0.091235444,0.553848,0.41097507,1.655576,1.8576741,0.21078537,0.3989714,1.1423371,0.21427232,1.0044912,0.86392903,0.20223777,0.2792242,0.7808254,0.013886434,0.0,0.20929877,0.12119351,0.2710739,0.14593372,0.623334,0.668537,0.5846495,0.21499953,1.5734609,0.72041506,1.6977857,1.585144,0.28906626,0.6864795,0.22555284,0.68944716,1.7014602,0.23117943,0.4093023,0.21143335,0.1310622,0.21666227,0.08718244,1.1453897,0.3002106,0.3993967,0.40475363,0.17038268,0.22952071,0.0,0.056479756,0.32780844,0.7735647,0.58140165,0.9610034,0.10911017,0.0,1.6451429,0.21882623,0.48279828,0.20551202,0.80277866,0.45868257,0.058135714,3.541966,0.017235301,0.27165604,1.1566902,0.31600752,1.396955,0.010148306,1.1565126,1.2650411,0.6809822,0.47206733,0.62877685,0.29239568,0.85267794,0.8989643,0.3052146,1.014303,0.15110362,0.85428107,1.5628768,0.83793396,0.0,0.20691748,0.09966087,0.24754734,0.67768836,0.0862394,0.058855746,0.6552884,0.003159084,0.89648193,0.31406644,0.020913895,1.0490499,0.112834714,0.0,0.07216593,0.5643215,0.29464677,0.36348677,0.2991889,0.014281973,0.59072834,0.055626076,0.04045317,0.6240641,0.39968273,0.22364779,0.16991465,0.85714144,0.0,0.24527526,0.31808114,0.7315341,0.50447196,0.00058409653,0.2682073,3.255112,0.4886579,1.0067713,0.18525532,0.24115539,0.17494766,0.0,0.9121362,0.028791094,0.9846377,0.75778025,0.49315378,0.3596338,0.0,0.9902146,0.40654653,0.38819942,0.03195288,0.7511481,1.1893542,0.14251973,0.43468124,0.0,0.24546391,0.11126035,0.051348068,0.29439026,1.4685223,0.50826937,0.5231876,0.90481263,0.0,1.2364303,0.10804491,0.81529766,0.4187059,0.48705354,0.27823222,0.5100236,0.32518172,1.0464778,1.6022538,0.09202887,0.060707845,0.0012547617,0.014705157,0.006611262,0.95153034,0.08450409,0.37174022,0.7582187,3.4097009,0.66335803,0.3460202,0.03509153,0.79974693,0.18264797,0.0,0.5121843,0.61447847,0.34380254,0.15499921,all_pothole_images\pothole_images_enhanced_49a891782d67e948985e0351112dfcd5.jpg
1.0300925,1.6030691,0.51546884,1.5633246,1.1282606,0.79943055,1.2996434,0.18751784,0.4538834,1.2200952,0.47377738,0.5607292,0.6107714,1.8723944,1.2291727,0.16173975,1.4563304,0.39181277,1.2548474,0.95255035,0.71238667,1.4305739,2.2959955,2.31243,0.28210807,0.5348638,2.2739131,1.6914192,0.65708566,0.21739048,2.4893327,0.59588635,1.2048069,1.3869996,1.3818794,0.5601349,0.22176641,1.1359774,0.17811567,0.7305031,0.8873165,0.25754154,0.343446,1.5920637,1.2817088,0.7644903,0.28690276,0.41848493,0.6015727,0.6613617,0.23223644,1.0202135,1.5782036,1.8218259,0.6092299,0.7365711,0.24116533,0.17301674,1.3189708,0.49415004,1.56342,2.8064113,1.4967425,0.36139578,2.0007405,0.32789788,0.3825103,0.45704976,1.2117171,0.25607505,1.6013383,0.27265903,0.859887,0.15002473,0.94933116,1.4528023,0.92040217,0.5985984,1.0120859,0.017107636,1.4452338,0.6161278,0.36287463,0.0014208233,1.7626507,0.750826,0.17530032,0.46243745,2.756426,0.01704443,0.27961475,0.97693413,0.5920592,0.8097633,0.61953324,0.4403237,1.5721934,1.1273551,0.17239514,0.38637295,0.0029814483,1.3539836,0.13292977,1.0194229,1.1950499,0.4368987,0.29371896,0.12640566,0.2198016,0.6724819,1.2213085,2.4640315,1.9871114,0.5814667,1.8073672,0.30199882,1.523,0.09427977,1.0200957,2.0240314,1.5989015,1.5196453,1.9857959,3.4902215,0.5191138,0.20554715,0.1911841,0.69568443,0.1583162,0.8880919,1.0139102,0.046667624,0.52446765,1.0740962,0.40716833,1.3903108,0.002717272,1.1328934,0.5995925,1.5672526,0.9477716,0.5492959,0.09603878,1.8949922,0.7811287,1.4079837,0.805231,1.828515,0.430229,0.7047948,0.68980676,1.3740082,0.05845703,0.03389299,1.5374385,0.39156023,0.6825715,0.40128118,0.72645193,1.0216374,1.3822668,2.0385075,0.31033328,1.6804065,0.35834682,1.5709487,0.4063401,0.48815972,0.9399082,0.0568487,0.84635556,0.35831288,0.41470757,0.12524846,0.9031648,1.1144184,0.51710343,0.026543856,1.0879439,0.79682046,1.3292928,0.4896389,1.4140129,0.7717443,0.72701263,1.7665747,0.12348741,0.35992876,0.5413961,0.8565293,1.39392,1.0713809,0.116407976,1.0862575,0.18848146,1.7209048,0.15803172,1.8253924,1.2976465,3.2874675,0.77665895,1.6149257,1.7085766,0.6558357,0.4256698,0.9434138,0.46316558,0.46362343,0.72905636,0.17239583,0.775656,0.3253483,0.6007293,0.6613355,0.8613286,0.84544754,1.6294284,0.35879314,2.8492706,0.7502505,0.69440347,0.081058055,1.7508982,0.013847633,0.4841849,1.5169983,1.5395077,0.5497027,1.009351,0.387418,1.5418177,0.2993443,1.554006,0.0,0.89432204,0.4273957,0.6158803,1.5876884,0.3746618,0.12831205,0.6349847,0.19123153,0.21636333,0.34402457,0.00021640159,0.3459155,0.9291992,1.2419593,0.42561424,3.5848994,0.7642894,0.56105876,1.1326344,0.5290642,0.66213924,2.101204,0.5660066,0.16340248,1.0714357,1.7615994,1.2062846,1.5523657,2.2397532,0.70108235,0.19418426,0.35632992,0.36514962,1.1058086,0.3750427,0.07540556,0.2907484,0.26848367,0.47501063,1.0429859,0.54654676,0.26401573,1.5880402,1.0915732,0.35071313,0.5046471,0.08469939,1.7460489,1.4021337,0.4946068,1.9853415,0.7291352,0.59391725,1.3543748,2.579697,0.034972005,0.662553,0.98123866,0.3334339,0.09809062,0.26255926,0.55535924,1.4044576,0.5555542,0.12413146,1.7853904,0.05436818,0.8326979,0.46942303,0.38019347,2.8501935,1.6343863,0.09099133,0.9290077,0.43432644,0.5179805,1.5577669,2.2514749,1.9811193,0.5922799,0.18934016,0.45197847,0.71816385,0.27284393,1.2762364,1.8007756,2.5748398,0.42578927,0.0070791403,1.2328411,1.0945249,1.2967312,0.32215565,1.6764778,0.7110093,0.77131045,1.4432597,0.44818172,0.79657114,0.0901267,0.5808111,1.265643,0.8990624,1.2465104,0.92456144,0.6244778,1.567205,1.5516118,0.20143041,0.42123085,1.5357714,0.35472527,0.88183266,0.083409764,1.1373056,0.08882265,1.7957755,0.21311024,1.8442914,0.5292776,0.54890424,1.222265,1.0914758,0.099199146,0.5720958,0.1802397,0.6592603,0.5061502,0.07345033,0.5212253,0.32450885,0.00903955,0.94007593,1.8886583,0.5947792,0.6107696,0.62669486,0.7998177,1.0993068,0.11485246,0.38718492,0.78743494,0.97931254,0.49003428,0.51778966,0.729269,1.4616985,0.9937138,0.57729334,0.5219627,1.7465546,1.1028906,2.8761399,1.7014587,1.6998436,2.9849236,1.8356051,0.8367073,0.7438114,0.99365216,0.1304019,0.44954795,0.7600004,0.6288644,1.1730758,0.484811,0.39989373,0.23590718,0.46702397,1.4405876,0.56812716,0.18791504,1.4034783,1.1458818,0.18275414,0.5643325,1.5415481,0.8782126,0.7353433,0.6018435,0.012140072,0.15287535,1.4045157,0.71446556,0.42233825,0.34134424,0.9607629,1.3978591,3.6142309,2.0368235,2.195382,1.0688285,2.3319697,2.1853278,1.2078966,0.3848539,0.12147587,1.2489492,0.60446066,2.370849,1.5525062,1.8349506,0.6688077,1.16066,0.48285273,1.1363825,0.7630456,0.42731538,0.63143766,0.32212785,0.3158892,0.86812544,2.5537891,0.14347026,0.9834766,1.9616828,0.93688285,0.41573465,0.3256863,0.95728177,0.59705114,0.16688533,3.5191483,1.5114559,0.37485954,0.064569786,1.7216583,0.54921263,1.1513631,1.3910102,0.48738346,2.098775,0.5295075,0.009804307,1.0599797,1.4143697,0.51717424,0.4107216,0.767638,1.0177587,0.26168427,0.41968742,1.0239972,0.104730904,1.1096476,0.4011162,1.3188539,2.1333418,0.9226141,1.0940517,0.21616752,0.6377619,0.7307995,0.40027225,0.68995994,0.016857162,0.27733943,1.556057,0.03937178,0.0798852,0.9590396,0.2021918,0.44255885,0.087999836,0.06291682,0.15020297,0.6561488,0.81719995,1.4887166,0.285052,2.14584,0.3353118,0.83162576,0.81900775,0.04159913,1.78712,0.64203453,0.1366803,all_pothole_images\pothole_images_enhanced_49deae4d9811b2e1ed449125eaa468c7.jpg
0.66734874,0.26240748,0.3677375,1.2274482,1.7282848,0.8608358,0.40381777,0.003976616,0.75278574,1.7597497,0.23570013,0.60282284,0.5123723,1.1128709,0.3309769,0.08408465,0.029576715,0.033835936,0.08309591,1.3251837,0.098384075,2.3038456,0.25411046,0.6253952,0.15880187,0.9708749,0.27407798,1.0576267,0.29464367,0.28006005,0.6910039,0.34712595,0.53028345,0.03828482,0.8222309,0.23987357,2.003831,0.8877465,0.11926098,0.92164916,0.28409576,0.4846174,0.30296126,0.30093384,0.58208555,0.11669939,0.88680536,0.17506982,0.67881066,0.2202047,3.056305,0.32610643,0.93038166,1.2427878,0.2791224,0.5262334,0.35772404,0.08243615,0.17592563,0.5883058,1.6402918,0.81947494,0.17562628,0.48237368,1.0355499,0.46966544,0.5490508,0.15551868,0.9254805,0.02319461,0.29738984,0.30211532,0.60904723,0.6875293,0.6964279,2.246061,0.0003057634,0.39703336,0.43509424,0.2173187,1.1711234,0.2403019,0.36790174,0.677042,1.6771045,0.19656165,0.46952763,0.5045162,0.72027725,1.1548969,2.075511,0.53323776,0.09106526,0.6028906,0.16343148,0.41179922,0.2896153,0.49182704,0.9664417,0.75405025,0.1482124,0.54499024,0.7730576,1.7701122,0.0756026,0.9760206,0.28274804,0.32628503,0.021030834,0.8591156,0.17115122,1.6353486,0.3855446,0.25918642,1.6881795,0.33426136,1.726801,0.5595704,1.1537023,1.4925258,1.0066159,3.0917363,0.19482887,2.166428,0.7705598,0.3230527,2.295454,0.6270274,1.1931009,0.5709286,0.8266983,0.40287352,0.5934965,0.68360275,0.2069748,0.11979817,0.16177574,0.84569234,0.30214682,0.88224775,1.0542835,2.2587285,0.13824655,1.3511515,0.24830565,0.924568,0.8260196,0.6146301,0.4455979,1.0826209,0.34415567,1.2344357,0.24365266,0.063459754,1.2717837,1.2397753,1.3387638,1.5189424,0.13145134,0.5180319,1.09135,0.04419739,0.08504209,1.8068022,0.14438082,1.600136,0.7382347,0.24388504,1.2671499,0.5186427,0.28480384,0.62266856,0.43909737,0.06351476,1.0434685,0.66565484,0.64798826,0.014243218,1.9873184,0.095988005,0.18112166,0.43678233,0.16165529,0.2277255,0.9917931,1.0035776,0.78376627,1.1668,0.8520518,0.057362642,0.89260966,1.2041183,0.4612352,1.884141,0.69364476,0.10421929,0.25987002,0.9565682,2.2080479,1.065248,0.54559016,1.0097516,1.5829167,0.21451673,2.15114,0.4077937,0.93631095,0.038263705,2.3045166,1.4757061,0.31380954,1.3777053,1.2911427,1.8124717,1.6943558,0.69061977,0.73088944,0.45532972,0.46809468,1.2780836,2.2343333,0.89001924,0.97465277,1.0537161,0.88118976,0.51377547,0.35651976,0.3975185,1.307472,0.089101896,0.22467571,0.9524008,0.21796604,0.22501622,0.100418165,0.45456573,0.29675356,1.031801,0.078343086,0.26926398,0.9715581,0.044346187,1.0391889,0.7422129,0.04029643,0.62973636,0.052500542,0.060310557,2.063524,1.8389282,1.1580944,0.12170388,1.2222086,0.16998598,0.33115566,0.44036794,0.16255684,0.34940514,0.2614228,0.5818692,0.7948134,0.60083526,0.31581688,0.27551395,0.03846582,1.2494229,0.2783158,0.2586163,0.49031478,0.8592164,2.1317198,0.20021053,0.041567393,0.4736134,0.7670241,0.35653117,0.56914085,0.94191843,0.054862,0.10043057,0.09360292,0.2172669,0.30419144,0.21415687,1.1202105,0.17682496,0.8775214,2.1465626,0.27368742,0.5072543,0.07278418,0.62091345,0.32581043,0.30909994,0.013013675,0.10673634,3.4498334,2.1351714,0.1146022,0.7767139,0.13153607,0.01639322,1.4228985,0.35136998,0.86516255,0.6723947,0.3542099,0.13281772,0.6473494,0.03057693,1.4745424,0.054933965,2.1797175,0.66526574,1.1597724,1.6855587,0.0971125,0.27658868,0.21366714,0.28722546,0.4440312,2.2665823,0.7975647,0.693672,0.3572585,0.90478045,0.8124006,2.6829183,2.9091566,0.0057650404,1.0655508,0.0022268526,0.047671765,0.3702139,0.923264,0.106244974,0.076933116,0.8561667,0.6811104,0.9539832,0.48337245,1.271755,0.69740826,0.11848395,0.3424399,0.82658947,0.56263345,0.39360052,0.21047856,1.1604245,0.41439033,1.292511,1.1432283,0.23273762,0.31378025,1.1528431,2.57362,2.0363414,0.56273,1.554366,1.427299,0.44707513,0.94987905,0.89498466,0.5106609,0.8100745,2.285372,0.14220762,0.46741077,0.33811015,1.7148945,0.67299855,0.17073123,0.3860836,0.53208435,0.024609623,0.60546416,1.4100438,0.0909699,1.7058462,0.3789667,0.01750464,2.7997649,1.1093867,1.6719315,0.504396,0.2219152,0.17580962,2.2951212,1.8128179,0.3770422,0.7085247,0.19231492,0.68447375,0.3288169,0.15721975,1.6951879,0.42074278,1.0761255,1.001007,6.593452,0.49983394,0.22876751,1.3827275,0.16757014,0.26523566,0.3463706,0.39672127,0.21350487,0.1859714,2.0460916,0.89391047,2.7525172,0.92961514,0.15055296,0.96542585,0.13798293,2.4425776,0.21498142,2.0122797,1.2865689,0.3238864,2.079973,0.5786461,0.22744207,0.8889954,0.1171872,1.4608577,2.041069,0.43080863,0.33406824,1.2290208,0.9850655,2.055429,0.6140476,2.5252,1.1391268,1.4887977,0.13610199,1.009469,1.2397478,0.0530126,0.19133398,1.6597036,1.7787467,0.468505,2.3575516,0.33496806,0.44371706,1.8471098,0.8718839,0.75042063,0.18373927,1.309862,0.29895937,0.6580269,2.1474247,0.13577624,0.008281765,1.1723478,0.25106305,0.7050806,1.1159797,0.05771163,2.675998,0.43767756,0.74701095,0.2278046,0.9294394,1.595542,1.5806688,0.5640419,0.892305,0.5488146,0.3850961,0.4384462,0.9905501,1.9671792,0.060395632,0.52631617,1.1462895,4.343719,0.6325251,0.22816394,0.006356498,0.86890954,1.5490621,0.002751601,0.211464,0.14335394,1.1548861,0.65624046,0.9612174,0.11275988,0.052611787,0.09352053,0.34054518,0.2806393,0.07479992,0.42933914,0.70135605,3.2926126,0.3372453,0.29999962,0.96979344,0.04108229,0.001875412,1.420214,1.8959059,0.4818798,0.5777387,0.27417248,all_pothole_images\pothole_images_enhanced_4a522379b6af4c6be82e2721b609b780.jpg
2.6791081,0.46055716,0.29877403,1.7782421,1.4981647,0.22222833,0.76745534,0.013010562,0.08895382,0.77078325,0.23125447,1.3244364,1.2023401,0.24786147,0.44586363,0.543773,0.31094372,1.1898223,0.1790065,0.34845543,0.70913875,1.996477,1.0656266,1.5583544,1.0982318,1.408536,0.49336842,2.305657,0.17738318,0.17751445,0.2736913,0.68025315,0.7111056,1.5895942,1.351437,1.5261167,0.40251502,1.0247835,0.4220111,0.09641349,0.32054624,0.024877876,0.21156368,1.1464822,0.5956677,1.5618299,0.19300881,0.1093791,0.8239889,1.4700462,1.167866,0.28793296,0.26518974,0.17042805,0.17238484,2.0867732,1.6034319,0.5307368,0.87980574,0.32959396,0.0030043114,0.25126213,0.4989514,0.33114764,2.2731154,1.171503,0.31606755,0.18235417,2.257347,0.07206414,0.4546252,0.19270277,0.44091848,0.47728533,0.941686,0.18832095,0.20305659,2.2531404,0.44620275,0.00057228055,0.27660424,0.01532523,0.30255586,0.30698645,1.6601967,0.5454195,0.29609773,0.87637556,2.250828,1.4235413,1.0774409,0.02766073,1.0060266,0.19110975,0.15238966,0.059565704,1.9447966,1.0006403,0.39644432,0.7501788,0.69138294,1.7251456,1.2765365,0.42169914,1.1403246,0.23729032,0.42481095,2.1286747,0.2616059,0.49180984,0.02508922,1.1447767,1.7204478,1.6832784,0.44817188,1.895607,1.9554994,1.1652056,2.1268167,2.1879606,1.8231397,0.98356026,0.3259867,0.75057286,0.1615825,0.7527894,0.98591053,2.0183685,0.9668733,0.022817533,0.49221072,0.0029896682,0.5181099,0.105315894,0.31310266,2.3190734,0.4263097,1.0017227,0.48713747,0.09445794,0.39972714,0.54083884,0.70519286,1.049647,0.50460684,2.5513573,0.07982065,0.95577544,0.5789188,0.49090874,1.3264917,1.1631421,0.2842306,0.06900576,1.0272379,0.9627047,2.149167,0.18026148,2.0121427,0.20602304,2.1693342,0.8221599,0.18485864,2.95258,0.29743937,1.5122441,0.43373248,0.22320767,2.162734,0.03277152,0.35329896,0.100516744,0.061601054,0.18809211,0.92092144,0.4329001,0.08452355,0.002822172,0.7686624,0.369927,0.0109105725,1.2629215,1.1169032,1.226534,2.1077662,0.53178763,0.0,1.7703369,1.4774526,0.6671768,0.20028698,0.7279844,0.29440606,1.0063168,0.17312579,0.78011274,1.3774327,0.2790452,0.34584332,0.40763107,0.15738755,1.0326494,0.51138896,1.3967856,1.6550114,1.0038041,1.3352132,0.7255965,2.555923,0.947796,0.13819574,0.02805324,0.45964718,0.24666844,1.6563276,1.7084801,0.9664303,0.17948268,0.59718084,0.3391332,2.156579,0.90015566,1.4114184,0.12524517,0.010993677,0.9361159,0.9973537,0.21187319,0.1685093,0.41503048,0.21235085,0.3507065,1.865587,0.43326533,0.028916962,0.10770283,3.6874628,0.22952203,0.035968445,0.5123289,0.3692593,0.40728673,0.5680064,0.25848725,0.24881907,0.1523128,1.2539458,0.76129335,1.193768,3.505808,0.84181833,0.109302305,1.0605935,1.3817649,0.07135643,0.71356875,0.55769473,1.2842234,0.3489239,3.0552952,0.03258593,0.31156045,0.5676249,1.4545476,0.8873427,0.6266301,0.6542648,0.66097647,0.35194904,0.17290232,0.11031873,0.120385215,0.052846104,0.6038512,1.5721167,0.22569767,1.0362198,1.221209,0.75489414,1.4017961,0.531671,0.030928282,0.33646378,0.1592937,0.32860172,1.0231228,0.82237524,0.022754168,2.341527,0.7094201,1.26497,0.36354828,1.2241149,0.9905388,0.02033521,0.27790132,1.6011207,4.396394,0.31529984,0.4504413,0.5431623,0.5889749,0.002300194,0.52217114,3.686448,1.1631596,0.08744548,0.94992197,0.102287754,0.3011793,1.0680829,1.5238959,2.6506739,1.0402801,0.59051913,1.1148599,0.41388655,0.86354953,2.2894104,0.46189708,1.0804693,0.90339905,0.3375761,1.0173025,0.12148412,0.6460369,0.25228593,0.27011284,1.4596894,0.61238635,2.7518578,0.53532493,0.43026268,0.0,0.16385844,0.039786786,1.0409728,0.1610638,0.6675384,0.9008098,1.0123143,0.17077798,1.4323705,0.22497359,0.48067597,0.53749615,0.69055706,0.57237697,0.008738605,1.0721282,0.2875844,1.3650672,0.84532756,1.1139393,0.650163,0.111036666,0.46343875,1.2794479,0.49352214,1.9407985,0.5773945,0.8701391,0.79590976,0.7130585,0.24902166,0.43927422,1.6542556,0.4145377,0.8220534,0.8770115,1.4692705,0.97691965,0.976089,0.22035484,0.75205266,0.5054581,0.051118966,0.15740442,0.6058189,0.54798275,0.7554344,0.0005504248,0.06188143,0.47911888,3.0022645,1.3740315,0.25064686,0.009938805,0.5978493,0.0754803,0.18966617,2.120585,0.47354284,0.24441327,0.3140053,0.23570013,1.3092122,0.13133182,0.7497915,0.39542955,2.2987323,1.9495575,1.3226514,0.016599733,0.79647225,0.75563973,0.40460324,0.6545608,0.008362851,0.86709344,1.5543677,0.8409681,0.07164657,1.5955609,0.01712772,0.67935336,0.33512384,1.0785382,1.6147009,0.020370519,2.1227262,2.1537726,0.32908,2.4538734,2.5476491,0.030504027,0.3933925,2.0522897,0.2823326,2.328993,0.80823267,0.40772566,1.2555488,1.1850748,0.8719806,2.7131424,1.6611297,1.1068848,0.0,2.0182314,1.1553231,1.2391226,0.67278093,1.0254445,0.5108637,0.079124644,0.40192747,0.71243453,0.3059754,0.72156894,0.9908766,1.4839768,1.1810052,1.7076528,0.5104138,1.0702888,0.5265544,0.626232,0.45997253,1.3949494,2.4552484,0.8027669,2.3523288,1.2402616,0.8778853,0.1696045,0.5368556,0.035446618,0.37790838,0.8313966,1.7664365,0.9631718,0.10836361,1.3654329,2.0672982,0.4418803,0.6670513,2.1079657,0.6167061,0.68812495,0.7909344,4.0097876,1.4030509,1.9832246,0.03634141,0.42276108,0.11735316,0.22334461,1.517565,0.21523565,1.138506,0.14415066,0.12272245,0.40690675,0.80324477,0.652747,0.13615665,0.08155765,0.40844095,0.15062867,1.1491702,4.8900695,0.36541164,0.0461493,0.54117656,1.0135463,0.022893542,0.009594603,0.24710627,1.4436214,0.42460173,1.0732409,all_pothole_images\pothole_images_enhanced_4a8c971420139dfc60a001b17688173c.jpg
1.1852632,2.2364697,1.1601524,2.2041013,1.1349342,0.48211372,0.1645119,0.069619715,0.36709863,0.9343611,0.18889754,0.4164374,0.4671835,1.1262604,0.030308003,0.28787923,0.12283238,0.019029668,1.4976212,0.53136545,0.4295878,3.0851934,0.38192788,0.724751,1.8238134,0.20762031,0.0,2.8825927,0.06965399,0.35911486,1.1997102,0.34386995,1.1215267,0.2643895,0.35497746,1.37225,0.904082,1.5818039,0.65794295,0.7000221,0.30698463,0.17328192,0.24135676,0.22448345,0.7208987,0.48460972,0.6662763,0.00053819065,0.8254133,1.2475736,0.51705736,0.11489113,0.16491103,0.121839665,0.04096668,1.4935312,0.51836556,0.20471528,0.33149672,0.01973032,0.0,0.30083415,0.34787688,0.05697677,0.48303065,2.0955713,0.63720125,0.31879604,2.0006576,0.8355404,0.4769457,0.5241395,0.35130036,1.1733369,0.9874216,1.0732901,0.18208809,0.26958933,0.92953753,0.86554146,0.0,0.16802244,0.35524055,0.9726578,1.3298264,1.1731176,0.16156282,0.4723994,2.7894118,0.93475103,0.116257995,0.44575158,0.0,1.3529297,0.30077338,0.026970277,1.0905799,0.37396073,0.4006803,0.06680933,0.5754392,1.3203155,0.503258,0.0,1.3313745,0.33253574,0.15529403,0.99895805,0.026224358,0.6958896,0.0,3.542642,0.8436619,1.6183579,0.72906274,0.42618865,2.0746255,0.26377487,1.5833544,0.927309,3.335259,0.18011776,0.34664497,1.1502024,0.25777847,1.4514996,0.26353955,2.8936112,0.53588957,0.77409065,0.39097047,0.0,0.05345871,0.11902556,0.88155574,2.0823836,0.25132737,1.4177797,0.56516683,0.15567242,0.46253943,0.7733737,0.06719037,0.70477945,0.003917539,1.355024,0.0,0.5357278,0.3467883,0.22785035,0.5805506,0.5611216,0.1536239,0.17209212,2.0292876,0.8079855,0.59922993,0.434896,1.7163607,0.16086027,1.8303899,0.876079,0.7727477,1.3819119,0.1982939,1.0529869,1.6578219,0.0,1.9441015,0.92945796,0.3783721,0.042954426,0.0,0.08314684,1.5911871,0.12143432,0.5300942,0.5074728,0.03719171,0.0002976379,0.0,0.8261856,1.2585729,2.0114682,1.7289133,1.2432271,0.375001,0.07701902,0.6377624,1.2081556,0.59281105,1.0288347,0.001375656,2.523176,0.08082305,0.6454372,0.52205366,1.2719758,0.20913674,0.86551553,1.5860356,0.75374913,0.99294156,0.9859609,2.747343,0.3424032,0.6766531,0.27861366,2.0645487,0.3989805,0.040396012,0.07800475,0.8425642,0.976465,1.1589098,2.0908976,0.29562888,0.24009606,1.2024329,0.33945552,1.1346804,2.0313451,0.9156156,1.466941,0.083663255,0.050964266,2.0988688,0.3398398,1.0038663,0.013319333,0.08554091,0.28637877,1.7474558,0.40974253,0.9895295,0.23345496,2.5094893,0.064627804,0.13361934,0.42909026,0.818425,0.2992597,0.45663887,0.42951894,0.74614805,0.009598554,0.9601232,0.85492283,0.29053843,4.6210027,0.70661515,0.6010967,0.9368901,0.30829176,0.07376292,0.007280307,0.798215,0.25439075,0.8882796,2.835005,0.03115852,0.0,0.4593341,0.62369627,0.005815536,0.6911243,0.96157724,0.23946518,1.75457,1.5615648,0.14263147,0.0085405465,0.2732416,0.0077704936,1.8300787,1.0081953,0.53603846,0.61725855,1.0341921,1.8437386,0.05134398,0.6328757,0.97220385,1.0622436,1.2017112,0.9345366,1.2590116,0.27363613,0.31992733,0.92644477,0.11644087,0.73890764,0.072602026,1.9385735,0.35296452,0.06594335,0.79672575,2.4806178,0.21114644,0.85380286,0.48018458,0.6773165,0.17689382,0.3344676,4.2188478,0.5671179,0.09208407,1.2301958,0.34307867,0.0,0.9177209,0.8534724,5.4887185,1.5434427,0.032444745,1.1491352,0.03968286,1.8391057,1.7649859,0.09615282,0.7717441,0.02694521,0.07121075,0.6982221,0.42605793,0.10436689,0.32876217,0.013841801,0.1754141,0.32701105,4.1309066,0.25861242,0.18150476,0.0,0.01274994,0.758513,0.13907185,0.4142088,0.4431034,0.3567889,1.0006441,0.5626207,2.4551501,0.0,0.4169945,0.619997,1.3960129,0.0,0.5455043,0.2734422,0.19866031,0.899933,0.16105394,0.61116034,0.6002579,0.31273395,0.3846788,3.5135207,1.5332693,2.4686677,0.077394366,0.55438995,1.1525323,0.4087827,0.07582508,1.3306824,1.9499099,0.15137479,0.8269646,0.92147505,2.2789443,0.1848141,0.9176072,0.030901982,0.6284019,0.40084946,0.018630942,1.1582091,0.0,0.47647977,0.9366271,0.8616031,0.22760287,0.8606949,3.9185746,0.6885635,0.83470875,0.15418424,0.19459298,1.7127984,0.650633,2.6780345,0.4822795,0.98410404,0.0,0.42462593,2.4135928,0.9688937,0.0143955,0.027037257,5.076216,0.77736264,1.0419992,0.4852497,0.96661276,0.31850776,0.2326654,0.5346378,0.004309634,0.08262151,0.5430936,0.12781447,0.75956154,0.79063225,0.035562474,0.1328957,0.53514373,0.46726677,0.9299084,0.1096365,1.1171875,1.1261742,0.3601439,2.9350545,0.9722888,0.4790987,0.12905638,0.99892515,0.36468458,2.4198587,0.7423548,0.190295,0.52545404,0.86872894,1.1699029,4.8682313,0.9145356,0.91080254,0.43567905,1.0374073,1.2185892,0.20060492,0.41589308,0.30618784,0.55429316,0.004712005,0.5147078,0.25025138,0.5189401,0.66979265,1.3394517,1.0799392,2.61033,1.1043013,0.9526292,1.1721935,1.0799586,0.23370832,0.7711866,3.263119,0.44049034,0.70495325,2.2268996,0.15701081,0.99297535,0.69608927,0.8582726,0.08682083,1.3148128,0.5682603,1.2967798,0.7789239,0.25553894,1.5378326,2.6796517,0.5031237,0.108253546,2.85954,0.46851215,0.7355992,0.31863153,3.1859114,2.4333098,0.90225804,0.004915284,0.1730629,1.2151988,0.8075807,1.4526529,0.2555861,1.0674962,1.7297146,0.4420105,0.0,0.42610288,0.076846935,0.13712017,0.5242721,0.7031092,0.5303143,0.55872416,5.852314,1.363313,0.43284878,0.6659609,0.20744447,0.25470528,0.74522054,0.36496753,0.5779566,0.17793651,0.6045332,all_pothole_images\pothole_images_enhanced_4a964bda8796a1b8a2983540cac6a3bf.jpg
1.3324722,2.3559043,0.9715984,1.8135992,2.6525714,2.0162477,1.2902898,3.8454945,0.2649687,1.4804596,0.4786295,0.06387726,0.13839152,1.4423686,0.52370435,0.42366478,0.5353063,0.2694041,1.401702,0.31202525,1.1434455,2.790248,0.8393408,0.38330942,2.0597973,1.0924954,0.4004308,5.1023574,0.4339094,1.5083959,0.9140432,0.32924333,1.1041086,0.48806566,0.5767296,0.7045827,0.3416349,0.16740575,1.0048956,5.972808,0.34264517,0.13702983,0.9688169,0.74817556,0.27268192,0.35418528,0.08233162,0.060220864,1.24085,2.016464,0.46742114,0.1848183,0.60539925,0.9324193,0.21274067,1.2444364,1.5752121,0.48875383,0.14121258,0.63851094,1.937727,1.502156,0.83114356,0.93118215,0.13822728,1.5663749,0.09821494,0.8820362,1.0561464,0.8966623,0.5036929,0.30360323,0.7782276,0.8363641,0.794291,1.5919124,0.570039,1.6155508,0.14049123,0.2877614,0.77714247,1.5386164,0.08508795,1.6086934,0.762425,1.5891308,0.40781918,0.33289883,4.3730445,0.16098766,0.9911227,0.90998673,0.267195,0.9031714,0.5153894,0.10796209,0.3111648,0.9023911,0.6944372,1.8492706,0.1253985,3.0154998,0.14833699,0.70890975,0.211072,0.11576799,0.023865266,0.7362512,0.24138702,1.5654373,2.037524,2.1818998,0.29676718,0.06823164,1.1856111,1.186049,1.8952736,0.16864875,1.565264,1.005118,1.5837966,0.68387836,0.69327825,1.684034,1.1328264,0.92511797,0.3551603,1.0718325,0.25993428,0.50405526,1.3925946,0.49536195,0.3317608,2.430401,0.32331973,0.36494893,0.49735227,1.018233,1.409494,0.43146303,0.91794115,0.22312076,0.40944558,1.5552843,0.30542228,1.7411087,0.43958828,0.14452596,0.5961283,1.3827966,0.68648654,1.8338511,0.33549613,0.64948696,1.8339909,0.9726184,0.5550028,0.6620276,0.12587565,2.5356674,2.2336073,0.11409226,0.8708754,2.376026,0.8944794,0.24998291,1.1043469,0.11678297,3.8650603,1.2190603,2.4997547,0.05366586,0.4496248,0.74060315,1.4272466,0.23087586,1.0159433,0.00083207974,0.27018476,0.3223367,0.42907932,1.6247051,1.1498829,1.3959768,0.8464859,0.50063324,0.38321048,0.18394616,1.5139604,1.3323616,1.113966,0.78957164,0.06602053,1.8271836,0.5382856,0.1447209,0.44167572,0.11852309,0.5923018,0.40665644,0.69640255,1.0439484,1.9702729,0.59821975,0.2617636,0.88143593,0.5941654,1.2000389,1.4336005,0.8533141,0.84649426,0.35566515,2.1872885,3.0583632,0.8129879,0.27549657,0.6703891,0.2099013,1.4767666,0.77370006,0.4177811,0.33703336,0.7784257,2.3485699,0.23399353,1.9908478,0.8985863,1.7418857,0.34882256,0.3869685,1.431398,2.689048,0.35390556,1.2008828,2.0441167,0.19941306,0.42362097,1.1758845,0.051668722,0.25901538,0.18607129,0.00030600867,0.8016764,0.47624087,0.52776664,0.13649526,0.38469797,0.88979673,1.3089187,2.6938472,2.1385114,0.13230117,1.4100624,1.0837529,0.61654836,0.45744565,2.0883386,0.56196475,2.3072054,2.852166,0.19235693,1.3915402,0.6569861,0.18061385,0.25080442,0.8999668,0.5538548,0.39822656,0.5525732,0.21371476,0.60408294,0.81738317,0.99954635,0.6194769,0.5456506,0.6621739,0.33406135,0.51323986,0.7121848,0.5663565,0.2841319,0.73443234,0.08098508,0.97981036,0.5992677,0.07746586,1.0855081,1.3566258,0.625099,0.40056834,1.1727409,2.3695912,0.12208842,0.4084942,0.017491564,1.1048371,1.5865456,0.9864424,0.3067171,0.51234496,0.09708496,0.7154026,0.12253256,0.47779655,0.5569688,0.3510071,0.007070254,0.10412386,0.65700173,0.51305735,0.8739581,1.3405327,2.8225346,1.5890467,0.21052521,0.7488373,0.29834512,0.51099277,1.7282114,1.0529221,0.014273158,0.8896585,0.31612244,0.1694462,1.4266078,1.2740694,1.0960945,0.9532655,1.8021787,0.83351046,2.0490746,1.2498959,1.1086507,0.6541329,0.6893464,1.174613,1.0458124,1.5431448,0.6147232,0.8818802,0.3758244,0.44093627,3.0114412,0.20012435,1.3552039,0.0009163626,0.09470892,0.3922146,0.25229532,1.8702613,0.33778197,0.675116,1.0863166,1.0818092,0.1630035,0.646473,1.3143668,1.3903592,1.5621349,1.01355,0.6483933,0.08225372,0.2543375,0.990874,0.13860291,0.30627683,2.165899,0.7755516,0.06499838,0.79951507,2.1815336,1.4014157,0.8573996,0.39259735,0.7970328,0.0,0.06841084,0.33995742,1.6302973,0.5253742,0.6094059,0.09987686,1.4105158,0.6319778,2.0712762,3.1233318,2.4475658,0.1622015,0.5198084,2.9797428,1.9587427,0.3970021,0.2406271,0.4981214,0.43197888,0.0,1.4220217,0.56019676,0.2400759,0.2881912,2.4799278,0.1138762,0.12711929,0.772091,0.23928387,0.86565244,0.8157417,0.29091823,0.6376499,0.07796503,1.6624959,1.2773992,1.7496166,0.46622837,0.49872175,1.4785693,2.0144215,0.7885448,0.90303427,0.6389408,1.4956436,0.3465542,0.978479,0.32384357,2.1753948,1.3481107,1.0710744,0.22218466,2.3572147,0.52726513,0.33369482,0.92055565,0.34507844,0.77829105,1.2965423,3.8613884,1.0378705,1.1261007,0.90159637,0.2490543,2.062432,0.08484424,0.34812373,0.27861843,0.6768918,0.58647865,2.5338962,2.886504,1.2203275,1.3744645,0.7077254,1.0061345,0.70817244,0.45549217,1.1576099,1.2780285,2.4863021,0.91928816,0.23100282,1.1677008,0.46194372,0.2935781,0.70754474,1.2010335,1.786611,1.8181357,0.4673728,1.0048338,2.7995956,2.9926183,1.022916,0.34190267,0.07565299,0.7706906,1.3210088,0.23287812,0.15267779,0.35470346,1.022089,0.9763463,1.8269207,2.7316127,1.0463749,0.22934692,0.037148308,0.11806257,1.6383007,0.07513401,0.55043626,0.46323285,0.89588475,2.8941727,0.13125294,0.14932506,0.40450725,0.2634663,0.24899715,0.3698517,0.82765627,0.14615197,0.48691592,3.2532017,1.5344104,1.5177134,2.4753878,0.09056895,0.072996646,0.7659358,0.75318855,1.3700104,1.5351702,0.19227576,all_pothole_images\pothole_images_enhanced_4aadc2f7c88eb77a3f0e5a2989148e02.jpg
0.75935876,1.1755368,0.6343881,1.7065419,0.5646544,1.6435442,0.7777016,0.39897385,0.016832836,1.1910101,0.017245052,0.9434288,0.70333046,1.9228017,1.1018815,0.48767218,1.4219763,0.715641,0.4213532,1.4787529,0.664767,2.2834246,0.9478445,1.6774043,0.97969663,0.43502125,0.5090221,2.5310957,0.19491951,0.91676027,0.7640641,0.18739066,1.5940284,0.51114374,3.0720906,1.243,0.009633383,0.88580984,0.024887387,1.239095,1.4234391,0.0,1.3272483,0.36630255,0.10630882,0.9657328,0.013400976,0.06327711,0.7172981,0.5151364,1.2841101,0.59066856,2.4937398,1.5911494,0.07982244,1.2307614,1.8915935,0.13403974,1.2856046,0.14840294,0.5146912,0.3652635,1.0881729,0.41795388,1.1278514,1.8462149,0.011160004,1.3403523,1.1821404,0.22520596,0.3240758,0.5664997,2.825565,0.2793931,0.9653636,2.8145242,0.687995,0.48423642,0.17414513,0.18004724,0.10277409,1.1002458,0.30067563,1.3587265,0.9442813,0.65069383,0.0068431846,0.62086916,3.1333792,0.023920946,0.10280957,0.07368959,0.6510049,0.803446,0.12832606,0.0035600725,0.50383484,0.34848213,0.70118076,0.56325275,0.41976693,1.4967091,1.2360277,0.004378179,0.015922828,0.3654613,0.26061195,0.35941964,0.01288255,0.11282757,0.124401666,3.8626153,1.477477,0.07540798,0.79473734,0.48002768,2.396094,1.315323,3.0842512,1.3691988,0.7905416,0.8711436,1.0986736,0.52284193,1.6999692,0.88523865,0.882959,1.5918324,0.42789802,0.78679633,1.5429547,0.008149766,0.3286606,0.2631194,0.14698176,2.9884791,0.87460047,0.4236243,0.481499,0.75197893,0.22518311,1.4926312,0.1942208,2.478805,0.6991903,0.35676053,0.42084315,0.47459355,0.7453241,0.38966656,1.572136,0.19260749,0.2348848,0.2826509,0.9289844,0.19510362,0.28120166,0.21292798,0.5518554,0.78534955,0.9184555,1.17,0.049972396,1.945943,0.73366034,0.5873716,1.0171821,0.755636,3.7294161,0.3702296,0.0,0.07858909,1.1026267,1.2904001,1.5446132,0.116947524,1.4039457,0.016211327,0.30456507,0.35625067,1.9932872,2.7846804,1.6174028,1.5895139,2.1437705,0.69296074,0.043569803,0.41030806,0.12000644,1.1575449,1.0962778,2.1858394,0.0,1.3243587,0.18598293,1.311458,0.011802753,1.6221198,1.286994,2.9934554,0.37987444,0.37180203,0.99425215,0.72181654,0.25415206,0.6098092,0.035255358,0.52439934,0.21038336,1.0482457,0.7471989,0.32624543,2.7228158,2.735539,0.46958447,0.9077025,0.6578875,0.6549019,0.53003204,0.13100898,0.006254994,0.037521675,0.5048955,1.141563,0.059958093,0.6500083,2.0555618,0.29383913,0.5138163,0.4166671,0.01949495,0.6316513,2.0689087,0.008167439,1.903707,0.0,0.4699103,0.0,0.14702307,0.0035778552,0.803445,0.84879357,0.08950734,0.13474622,0.017316291,0.0,1.8949565,0.50528306,0.069291584,2.2327402,2.644968,0.5999479,0.70756465,0.7844923,0.28728044,0.6201172,2.2807314,1.3999919,0.8397335,2.9745646,0.044974476,0.2690441,1.0408056,0.4736414,0.6853711,0.85236824,0.2699985,0.3731009,1.1073977,0.921915,0.02889638,0.19836637,0.0,0.79572177,0.5745399,1.0122468,1.9995733,1.3415991,0.13752438,4.003644,0.11989063,0.15516445,0.82570595,0.8898926,2.163832,1.1640005,0.23502493,0.9178843,0.5979718,0.07324423,0.7375782,0.17739572,0.74059665,0.10414604,0.42057496,0.7068355,0.7116897,0.09026515,0.1597438,0.8101229,0.09413277,1.3258377,0.710939,0.8132864,4.188677,1.3003176,0.19809069,0.60806954,2.746151,0.599574,0.38320836,1.2557606,4.259545,0.81964904,0.29820842,1.2523942,0.3046283,0.57722694,1.2730305,0.21014883,0.1288117,0.042502593,0.07850383,0.69125646,1.3237116,1.9868528,0.13162518,0.44737834,0.44393772,0.35045007,2.071202,0.41141444,0.015945205,0.8324824,0.92323506,1.6749718,2.4650934,0.9306387,0.49195167,0.3842894,2.4858575,1.021129,1.9229568,0.048098583,0.30613953,0.36666742,0.32767645,0.16420673,2.6690657,2.1409302,0.5875424,0.32920772,0.4985075,0.55007064,0.011580441,1.5222605,0.049791433,0.8653949,0.70331967,1.0793673,0.10166561,0.15028517,0.60208684,0.7966676,0.22093973,0.032728523,1.0829709,0.042629514,0.0,1.9538552,1.9659327,0.7386017,0.16616607,0.14473915,0.18891963,1.1505572,0.5428516,0.104862474,0.99644715,0.5617524,0.5818302,0.49221548,1.0259037,1.8458389,5.068125,2.1832707,1.6310066,0.28104317,0.92969096,3.5028234,0.78042614,2.235412,0.31332433,0.49234256,0.0011619073,0.1154276,0.5090953,0.7639728,0.18811719,0.0,1.6527811,0.668107,0.021222794,0.7617431,0.88735074,0.008545884,0.15024503,0.3348966,0.22874038,0.009716165,0.38074672,0.09411669,0.3649885,0.8672859,0.0,0.035244066,1.8635412,0.5054446,1.2766705,0.002078376,2.98714,0.121524334,0.6576179,0.19796908,2.7676733,0.96482396,0.49576047,1.7057003,1.7157946,2.165523,0.057422042,1.1965599,1.421435,0.5722173,0.77604425,3.394884,0.3954071,2.064469,0.48657483,1.3055848,1.50868,0.52082443,0.08216301,0.37459952,0.92927456,0.2124932,2.8822248,0.34610212,0.5763823,1.0715752,1.3159455,0.5150415,0.5881611,0.7473816,2.053474,1.7167933,0.61858684,1.3967403,0.2659132,0.5107827,1.0479217,0.3595481,1.5816205,0.009692851,1.5327144,0.969287,0.15303268,0.18574648,0.9468946,2.0961528,1.7938843,1.4760318,1.1045402,0.21052659,1.1684434,0.9884603,1.1620201,0.49787053,1.808211,0.18895888,0.8591037,3.0419536,0.20915382,0.2850388,0.0,1.2472143,0.668879,0.06908249,0.8975312,0.08319861,0.13696752,0.9641559,0.19742997,0.63978064,1.3978103,0.27153325,0.3764486,0.034500778,0.08462455,0.014036235,0.7331001,5.280093,1.2910064,0.0016034414,0.7114517,0.20518361,0.16349073,1.293248,0.03346512,0.75161463,0.5586639,1.4326662,all_pothole_images\pothole_images_enhanced_4aeec76c7bab726e8ef09b08add9928a.jpg
0.08182861,0.9309952,0.08091581,0.670874,0.34650794,0.009767877,0.23468079,0.006374179,0.00032294195,0.8229806,0.5488305,0.27275422,0.0,1.5571516,0.14248274,0.023819776,0.5067167,1.6324261,0.3580259,0.23462003,0.5845614,0.99524796,0.24674647,0.5192205,0.031919193,1.3376647,1.0073453,1.7668747,0.60713446,0.7904518,0.96413356,0.0018923413,0.28904554,0.36756328,0.41346925,0.511526,0.057522666,1.1541817,0.073309205,0.094091736,0.014862741,0.0,0.32463735,4.050731,0.41535974,0.1023445,0.04865527,0.013042822,0.19170372,0.039013386,0.0300706,0.19481686,0.11942096,0.00022261878,0.0,0.62877864,2.2170792,0.35041317,0.059005227,0.024051795,0.007898419,0.12618463,0.5984302,0.0900482,0.27137768,0.4584187,0.25491717,0.35048038,0.19791152,0.03454796,0.31268132,0.6052232,0.118012026,0.066001534,0.20279805,0.015039088,0.0,0.8837344,0.0,0.22180589,0.14027411,0.30206984,0.48770297,1.3120506,0.103346005,0.0,0.407264,0.40534997,1.8716921,0.17410463,0.030279392,0.46483263,0.07368353,0.1204999,0.015738957,0.23261327,0.639683,1.9836361,0.94426835,0.10922858,0.102136046,1.6483694,0.024156967,0.00023795922,0.83490753,0.9675187,0.028658342,0.0,0.07542014,0.35332578,0.010507435,0.036824208,0.17525457,0.69624585,0.21929647,0.12311892,0.41575176,0.27053145,1.2606541,0.26455352,1.9116986,0.26468173,0.015026482,0.32112992,0.48716775,0.1206495,0.08920181,0.267489,1.6614869,0.11648432,0.21555552,0.23824275,0.26216394,0.26156393,0.11463237,0.20679119,0.0026017749,0.42048493,0.79763716,0.06337078,0.4679238,0.13189776,1.5415157,0.29633513,0.033888344,0.4740903,0.13892348,0.64077604,0.45117372,0.015446314,0.11013147,0.16764781,0.060619283,0.1821221,1.5814557,0.4422577,0.37953594,0.13036889,0.7529952,0.20419416,1.7411283,1.3176727,0.15784752,2.1249583,0.13412821,0.0,1.157953,0.1395439,0.58895576,0.5345662,0.25527444,0.10256284,0.108862795,0.0247879,0.019535154,0.26546165,0.37183964,0.13215506,0.06845773,0.10074979,0.0050046532,0.6810159,2.3066225,0.50964606,0.5148731,0.77409935,0.26804787,0.70051247,0.024792843,0.2815332,0.15776138,0.47305033,0.27941993,1.0336741,0.004451794,0.0017314991,0.5807567,0.14442775,0.4908514,0.08377797,0.038593847,0.12254668,0.22571597,0.2970142,0.3696744,0.2913019,0.50463736,0.3264026,0.24806595,0.4117077,0.028816137,0.19025132,0.45158476,0.21632537,0.44751987,0.28699273,0.3344008,0.18058169,0.1580635,0.1576491,0.36299604,0.33116165,0.07528621,0.016602822,0.0,0.027122919,1.3709937,0.39794326,0.17296714,0.7879622,0.09562954,0.0,0.40917045,0.4257598,0.0403768,0.042443845,2.1291413,0.0,2.8976161e-05,0.28172326,0.18374318,0.3681804,0.29941767,0.9339621,0.34113163,0.0029484322,1.0723811,0.124016814,0.08421292,3.4691927,1.7000427,0.0018026752,0.020864602,0.40801394,0.18834715,1.3485861,0.43303585,0.0021232888,0.12352322,1.261264,0.08535564,0.041135613,0.11611211,0.1547348,0.62206286,0.22354178,0.0045071235,0.47499585,1.399249,0.0,0.03059883,0.08537264,0.19347388,0.28880185,0.39641938,0.32928187,0.031597413,0.004628295,0.11480923,0.4251607,2.1769052,0.028022936,0.15700108,0.5892994,0.17576697,0.12114275,0.926045,0.1919147,0.5287617,0.0,0.24172284,0.002087224,0.04348199,0.71292645,0.23478605,0.39147198,0.20574681,0.1473158,0.13009496,0.98068345,1.0973486,0.84823656,0.0,0.0066438257,6.1245856,0.0314504,0.0,0.04133285,0.047237188,0.40044495,0.4599331,0.4963912,1.2756597,0.046158284,0.12837347,0.4192453,0.036256492,1.0903124,1.6567854,0.037583817,0.51072496,0.00525554,0.03198479,0.07308645,0.041392725,0.017681245,0.49770674,0.0024201402,0.50086975,0.08699936,1.5602803,0.1019773,0.33859843,0.0,0.09007765,0.01879006,1.4840748,1.0945052,0.42172793,0.06317069,0.3372869,0.29203123,0.4956074,0.43915394,0.025188392,0.2302166,0.075555,0.19498135,0.10095851,0.27889785,0.8190987,0.58935064,0.09291036,0.26381397,0.33297846,0.051770326,0.10058537,0.52059704,0.009118191,0.044509206,0.06004343,0.08553676,0.36580282,0.3213599,0.03785604,0.02807785,1.0789527,0.062036064,0.14947133,0.3529738,0.55954075,0.23911922,0.35832018,0.030448651,0.6504667,0.14658906,0.33459044,0.0037478541,0.06571592,0.33501434,0.15449394,0.00043271203,0.048019126,0.5624006,1.9410926,0.20138074,0.7204356,0.07686983,0.007112617,0.230441,0.8403522,0.13806616,0.04882138,0.19673717,0.08430226,0.0,0.80446327,0.20406844,0.10948473,0.06759933,0.513203,1.789795,0.59964263,0.29743123,0.13869415,0.27708653,0.09844133,0.97963756,0.16532609,0.3435007,0.27470252,0.3761068,0.011981062,0.35875157,0.0,0.15842982,0.22689189,0.30123892,0.32812575,0.0,0.85554844,0.12091419,0.91977113,1.860249,1.9889731,0.3181606,1.1332041,0.40321815,0.02387799,0.2469538,0.4853784,0.02721542,0.28533134,0.036623653,0.07782329,1.8530307,0.048030805,0.05295705,0.4461265,0.19536439,0.72796947,0.03814847,0.09815933,0.0014435308,0.08052295,0.013813519,0.5289431,0.14984356,0.13608393,0.585093,2.6455295,0.5190321,0.0,0.1019447,0.02178897,0.7923392,0.023321662,0.20055132,0.27148247,0.5482748,1.5216222,0.064405456,0.80952054,0.00997598,0.4801936,0.0,0.0016108361,0.0,0.21678926,0.49593765,0.05145069,0.14496174,0.10778692,0.23561467,0.48956037,0.006801477,0.1016724,1.6581576,0.39835784,0.17696883,0.16345094,0.53508943,0.5656096,0.10579914,0.032182835,0.0922002,0.44807127,0.081140846,0.13845778,0.0,0.08714404,0.17293787,0.0066292193,0.13371763,0.0059757554,0.028458407,0.0,0.23402603,0.26279342,0.06575103,0.3428386,4.208245,0.15742463,0.1084701,0.1505365,1.2824405,0.30997288,0.009327015,0.009560328,0.96879625,0.03566381,0.09986617,all_pothole_images\pothole_images_enhanced_4afb0df57c58b63e18f9eebbd16c2328.jpg
0.26986554,0.4015402,0.61465096,1.3795977,0.9484037,0.13113289,1.4073598,0.015497344,0.1155983,1.8988103,1.0056348,1.0298977,1.2557899,0.89589345,0.49632028,0.29818135,1.1251948,0.69489247,0.88840187,0.15095095,2.4632018,0.20866281,0.78949696,2.4279513,2.2696362,0.6590422,0.21251151,0.59091043,0.45811415,0.5848934,0.8063536,0.11594666,0.5513644,1.29986,0.49712247,1.3723813,0.110396795,1.2387533,0.58224857,0.3046163,0.3425466,2.0585952,0.98981804,1.1971298,0.38133445,0.47761995,0.4174617,0.4630991,0.38959417,0.36455107,0.5428712,0.3466755,0.9240614,0.12768264,0.2506208,1.1829128,0.5881523,0.6535223,0.6946254,0.76815826,1.0210823,2.0214524,0.018811606,0.64067614,0.23965216,0.8002101,1.2154748,0.5998585,0.04832613,0.386193,0.4077308,0.029273061,1.1840321,0.556847,0.44401768,0.0,0.15935804,0.1418066,0.24969174,0.092872605,0.1078088,1.2955518,0.5212525,0.80036503,0.32915622,0.3549722,0.014413546,0.6135461,0.53290135,0.25505716,0.80270815,0.40804952,0.18295181,0.003417111,0.2702261,0.08031132,2.4549177,3.1852775,0.0017937919,0.35967982,0.4986189,1.1418045,1.1012251,0.8195125,2.308519,1.2619283,0.43356597,0.8666251,0.7855498,1.3421241,0.47932798,0.2902757,0.7415334,1.6335618,1.0134541,0.5735396,0.43713352,0.2573359,1.2759511,1.6980006,1.6489727,0.24666172,0.44379058,2.751088,2.625009,0.6410708,0.024232289,0.14202154,1.1192902,0.35971475,0.7504618,0.2049408,0.018086642,0.15475705,0.7263655,0.33852845,0.31347886,0.5831259,0.0976622,0.046347953,1.3291551,0.37894383,1.1076696,0.53654605,0.33316624,1.0332992,0.97293144,2.5894637,0.0,0.19404165,0.25526866,0.93137544,0.0952735,0.009115575,1.2364677,0.8726528,0.095487185,0.2310404,0.5240374,1.0377468,2.4808137,1.1068497,0.25738823,0.51106524,1.1101642,0.2549977,0.15839115,0.046821762,0.15011393,4.1638637,0.82075995,0.19307856,0.059107132,1.101099,0.041237354,0.855497,0.5151791,0.14143074,0.22119734,0.24653254,1.029402,1.9432201,0.3382266,2.836361,0.24223432,1.3291763,0.69376373,1.2188433,1.6107112,0.616605,0.262046,0.8258983,1.2343584,0.10108552,1.1441575,1.3689088,3.0364435,0.2911429,1.7705162,0.36834946,0.08583145,1.2626246,0.3620845,0.2678875,1.4736303,0.5514409,0.6633568,0.014774561,0.74700326,1.3393118,0.049888592,0.48726568,0.23044811,0.5128017,2.6667786,1.6354367,0.6123036,0.5836817,1.2397658,0.0,1.677446,0.5888377,0.20035884,1.1476918,0.00029053606,0.052724876,0.85035074,0.9905375,0.9930691,1.2362773,0.2914927,0.26250264,1.7801499,1.2049282,2.2100635,0.09358028,0.70171046,0.23597078,0.92051834,0.5241312,0.23367329,0.1492619,0.16200352,1.6103668,0.33469164,0.20105077,2.20944,0.4897173,1.464253,3.7944024,0.0784442,0.649434,0.023364952,0.4403387,0.5667112,0.1110879,0.5551216,1.3261793,0.2788499,4.107928,0.6779771,1.0849599,0.9776312,0.3971749,1.8157061,0.19743502,1.278436,0.22982804,7.134666,0.1948765,1.1444702,0.35348016,1.5349702,1.5621964,0.19882433,2.0582986,0.028535565,0.34488195,0.8859061,0.53448045,0.4789395,0.46099144,1.6183431,0.00383284,0.0035746852,0.061512902,1.2077788,0.9425403,1.1541857,0.03610983,1.0304389,0.6219281,1.4321195,0.39919856,1.3115493,0.090887405,0.402401,0.34850898,0.35368982,2.3048353,1.3816408,2.1797786,0.09972827,0.019826585,4.5198617,0.46163678,0.5189561,0.061830573,0.12783702,1.0348701,1.1431847,2.056485,1.6377409,1.0363052,0.27765974,1.5810974,0.028456483,2.1108305,2.375949,0.061661124,1.2663784,0.102236986,1.1108495,0.1607841,0.20132823,0.65450084,0.74343526,0.11665667,0.2851022,0.006256573,0.7168705,0.6054286,0.17430416,0.25378582,0.6295813,1.1422467,3.0476384,0.8785948,1.4101188,0.3275702,0.22367688,0.24692161,2.0083342,1.226028,0.2875492,0.0,1.2597644,0.0780422,0.17625156,0.08094558,0.075550795,0.97429734,0.2960092,0.48521367,1.0581298,0.23491009,0.58250225,0.6559563,0.9298833,1.1233348,1.9284409,0.25856718,0.10556765,0.5415111,0.008011312,0.35760725,0.27861238,0.46576107,0.35837063,1.2014925,0.8501081,1.9940279,0.40359947,0.7699881,0.92319804,1.0846121,1.4726924,0.20174958,1.1985674,1.5806249,1.9545188,0.0033192341,0.77626866,0.13651001,0.69025344,0.17302774,0.23720852,0.10623965,0.29049778,0.20607859,0.4719593,0.20445283,0.497574,0.12381604,0.0,1.1882255,0.7699979,1.1031098,1.3080313,0.11918383,0.17340071,2.0403714,1.2541006,0.31879073,0.90982896,0.42597172,0.15594965,0.104643755,1.2998465,0.7391394,0.7202807,1.2495805,0.18633054,1.0912861,0.27417833,0.48745894,0.07115841,0.53499836,0.6700501,1.2652503,0.67411053,1.425941,0.9230714,1.2303257,1.7090476,0.016076785,0.90379345,1.3214121,0.89904255,0.49517643,0.2531843,0.40151983,1.2387258,0.14039093,0.61618364,1.0824335,0.1472646,1.4254245,1.3703793,0.60200995,1.1226952,1.2457695,0.67453253,0.49795523,0.030772028,0.14385246,1.2917007,0.7475812,0.85244435,0.2863974,2.9864433,1.0422348,0.3798996,0.2236117,0.29977193,0.5852092,0.8665143,0.077541254,0.27210176,1.178067,3.3433166,0.51996213,1.3250228,0.023999916,0.15499558,0.37817293,0.013202434,0.00044487728,0.7071767,1.4248087,0.7171206,0.036361977,0.0,0.93468195,0.6623568,0.26542518,0.5274221,0.63217795,0.08725309,0.6603946,0.6861792,0.3596587,1.8244162,1.0844582,0.02713013,0.3563282,0.4279002,0.13716452,0.28326166,0.036123265,0.4022812,1.8015556,0.0,0.5422961,0.21441135,0.10036023,1.4527873,0.05304386,1.2179134,0.40178922,0.65035856,3.6165373,0.07290898,0.81587607,0.87194836,2.3364184,1.617961,1.2597111,0.005973248,0.5220904,0.006360245,0.0018490294,all_pothole_images\pothole_images_enhanced_4affa039140e62a2214e567e9f556711.jpg
1.4066596,0.71831155,0.1754982,1.7497576,0.60488635,0.3927563,0.55028343,0.04907926,0.17717661,0.7866764,0.23659067,0.8132968,1.5253073,1.0676363,0.29710257,0.00021257017,0.31619072,1.2226728,0.40325463,0.031803526,1.5781695,0.16339196,1.2847459,1.8519682,1.094151,0.08444574,0.7369365,1.4164777,0.14141747,0.3667404,0.13679373,0.007903023,0.04439455,2.5128946,0.1655766,0.6738996,0.34418818,0.5186942,1.3223119,0.020035783,0.0,0.25176296,0.42460647,1.2961831,0.16948172,0.06997699,0.5190316,1.1356103,0.011933627,0.57087034,0.31900546,0.33962008,0.6435189,0.2053512,0.53514475,0.35039586,0.14374164,0.1169696,1.003345,0.3833607,0.12338327,0.15846026,0.27674228,0.9955774,2.018572,0.7980058,1.4967135,0.3292905,0.08535678,0.13953929,1.0095657,0.16132274,0.60925907,0.0478583,0.15104084,0.027018962,0.6598998,0.81600523,0.024674624,0.030998979,0.7572612,0.8431099,0.6174634,0.2757633,0.6774006,0.054913275,0.09722126,0.60891455,0.2891501,0.47204858,0.94998455,0.18346995,0.5455483,0.1679726,0.4902549,0.2734481,0.8488487,0.82830644,0.33358705,0.23981115,0.21814346,0.24416927,0.7520185,0.6076108,1.0663264,0.902412,0.026982779,0.7574672,0.18975858,1.5437719,0.27092084,0.13229287,2.9584222,1.5936556,1.0607574,0.252664,0.037355114,0.02835644,0.42492458,0.9455897,0.704393,0.36390677,0.38459855,0.6897139,0.33890688,0.18653758,1.2324111,1.2018692,0.2751073,0.72438025,0.30920175,0.4832403,0.0167396,0.06745462,0.96157914,1.6387515,1.216556,0.46782956,0.6490378,0.07474386,0.6179819,0.385949,1.4868704,1.1373513,0.3064835,1.7771939,0.70003027,1.626179,0.0,0.08601558,1.2244188,1.9341351,0.0050841887,0.0,0.6159621,2.2916944,0.58682555,0.45975357,1.8182396,0.5042561,1.631631,0.2825669,0.062759355,0.83212745,0.5379988,0.7617157,0.6522529,0.13711421,0.18863665,2.179583,0.37483844,0.6471058,0.6253207,0.43237966,0.03973883,2.3015063,0.23216511,0.018828126,0.277138,0.37265077,0.21619107,0.874851,0.05856284,1.9672699,1.5370634,0.5521588,0.019023063,0.3953418,0.836562,0.31808197,0.1348703,0.84723383,0.7186302,0.7374326,0.5090358,0.25679284,2.1116264,1.047434,0.7813149,1.0945275,0.24526902,0.9803202,0.20314798,0.03350449,0.1920487,0.57653207,2.71265,0.0024839505,1.896256,2.2837603,0.00073279464,0.7860787,0.13120346,0.25864244,2.1833467,0.81651026,1.58897,0.7314911,1.2186269,0.0,1.8861595,0.07793125,0.71022445,0.21238482,0.10314757,0.04311382,1.0901251,1.7141604,3.085949,0.6702933,0.15010335,0.043514576,0.9362484,0.4330304,0.17142023,0.08318642,0.55834895,0.808573,0.77120036,0.3354143,0.00033443683,0.0,1.0839057,0.25021455,0.32944682,0.026648875,1.0418792,0.46468425,2.6960635,4.7475076,0.031905364,1.0950553,0.01490855,0.028756533,0.20654826,0.6134229,0.5376046,1.0651444,0.02793939,3.9889538,0.62558657,1.5215124,0.6270171,0.36982867,0.2827777,0.5221896,0.87289816,0.59496766,5.481687,0.09231826,0.72935313,0.3679575,0.38320214,0.44927564,0.034749825,0.93408126,0.29447109,0.23822916,0.05627343,1.5191886,0.051370174,0.010331441,0.5447684,0.01791649,0.8985594,0.64514303,0.9639287,0.043173123,2.1658604,0.0004172054,0.0740136,0.20630723,0.43697515,0.2744249,0.18705356,1.0657613,1.0003814,0.045596536,0.93617696,3.3546853,0.9672067,0.41429263,0.03544531,0.0,3.8947105,0.0026149284,0.3392455,0.0,0.19747368,0.0,1.192585,0.2476679,1.379899,0.88304186,0.9449329,1.2695241,0.4349821,1.2098931,2.472319,0.45603707,0.85107476,0.0058234055,1.2120048,0.62277246,0.17209788,0.14738637,0.5824298,0.05603521,1.4091407,0.02587241,1.112757,0.747625,0.19479193,0.24262387,0.0,0.0075941654,2.8877058,0.053201616,0.6996405,0.21818939,0.5564917,0.5886866,1.287463,1.3060111,0.95449233,0.92709535,0.506525,1.364843,0.25153533,0.02710476,0.68111634,0.4578665,0.2180686,0.4939976,0.760981,0.7161982,0.10841851,1.2060314,0.3551513,1.3687642,1.0729975,1.6684763,0.4447272,1.148499,0.0,0.03809076,0.04729875,0.024316179,0.77589726,0.898842,0.050202124,1.0045916,0.32518545,0.11923346,0.3799445,0.29617745,0.41382515,0.39997637,1.7204794,1.1414297,2.6967537,0.18041582,0.21616359,0.35636118,1.1309135,1.6504585,0.8939363,0.0061301338,0.4370301,0.020129438,1.3924495,1.1942629,0.57885617,0.24663356,0.09953252,0.7094613,0.30165482,0.6077971,0.44288528,0.42769054,0.058397897,2.2564688,0.11448019,0.03073163,1.0568101,0.04133756,1.9796485,0.47095495,0.53366596,0.67032963,1.6932501,0.5386735,0.052712344,1.249127,0.6681277,1.300194,0.16679068,1.108422,1.325179,0.004029983,1.2195909,1.71438,0.17665151,1.5036359,1.2993888,0.42078567,1.5522962,1.219016,1.0649441,0.6446477,0.02543091,0.1347343,0.4001768,0.22755645,0.5129039,0.5129344,0.100806475,0.48996064,0.021248296,0.9177531,1.0244963,1.3213955,0.056113586,0.3814367,0.33650872,0.06449642,0.4177372,0.805107,1.1517264,1.1228004,2.4544053,1.3975017,1.0870463,0.17568454,0.0,0.38940796,1.2759473,0.0102106305,0.0,0.2395518,4.2376294,0.3794177,1.0731219,0.7879939,0.27808842,0.6249704,0.0,0.0077531678,0.5029356,0.8120194,0.9167142,0.044904873,0.0062241904,0.17209157,0.42864102,0.07112602,1.257034,0.35774195,0.0,0.35641104,0.40044668,0.43287495,0.40105465,1.7981716,0.38233888,0.22453496,0.007264765,0.13728453,1.1454496,0.0,0.12844074,1.0423738,0.43701917,0.27255094,0.13667372,0.34514824,0.19400813,0.25762525,0.05950767,0.37320378,1.4557109,2.351665,0.15292478,2.0404356,1.2811811,2.4591546,1.4865729,0.020807538,0.08941226,1.0857352,0.13842486,0.16909643,all_pothole_images\pothole_images_enhanced_4b14d22728ab78c8d54a8901cd70bd85.jpg
0.21176852,1.8918684,0.034786373,0.77202106,0.6430838,0.49532565,0.55230737,0.010077508,0.028427107,0.22476803,0.042099208,0.27175704,0.2680498,0.9134679,0.079333656,0.59571725,0.2781882,0.0,1.733193,1.5872967,0.19273269,2.5713253,1.4376096,0.75433576,0.29418296,0.6391481,0.24277197,1.5007284,0.07166813,0.050186887,0.3044204,0.26918992,0.48534685,0.00091430434,0.5164958,0.18937774,0.5362961,0.14210275,0.4076132,0.2599776,0.005945915,0.0044877706,0.08260541,0.7289173,0.5249594,0.70778686,0.26360652,0.0,0.0,0.1566499,1.3631368,0.9821673,0.6852615,2.5578272,0.47458953,0.13516654,2.3022425,0.119063936,0.5275251,0.23842396,0.05393374,0.8588992,1.3417603,0.030728003,1.2799183,1.1639773,1.7108954,0.6587584,0.37513137,0.4497439,0.18771619,0.016147217,0.046611477,0.12811778,0.29675707,1.2343013,0.13284679,0.56801486,0.06523394,0.38850456,0.059174076,0.2680359,0.263252,2.5596108,1.8100363,0.34813386,0.3591252,0.4528308,3.8541255,0.68247616,0.16800117,0.79293215,0.5298814,0.2431672,0.5570382,0.065755434,1.6574734,0.9674115,1.0955977,0.20453686,0.2386269,3.6752875,0.25985152,0.20691204,0.09156904,0.17758471,0.16793957,0.4196246,0.01195145,0.75517815,1.304601,1.0927293,0.8952602,0.6677176,0.95395887,1.2897232,1.9305294,0.44178474,2.6656344,0.872281,1.266922,1.2231487,0.20613436,0.9371534,0.42717808,1.2572606,1.5844549,1.4069086,0.08019138,0.09318768,0.9442241,0.074233204,0.88426423,0.43861455,0.034117714,0.47383347,0.15095381,0.54341847,0.19931474,0.5029162,0.3303983,0.4599471,0.13024674,0.9008436,0.29553354,0.3269309,0.76665324,0.49449882,0.37583765,0.2974701,1.0573354,0.6083037,0.24380897,0.29370564,0.5400964,0.14686622,1.2833409,0.56967425,0.079906695,0.66726154,1.4845967,0.17985176,0.010529591,3.334766,0.0027611945,0.09922942,1.7726152,0.12948154,0.525621,0.20059605,0.31389603,0.0,0.59106225,0.25491574,1.1745962,0.11937995,0.0,0.040167544,0.08628854,0.104063965,1.6121528,0.26340783,1.3627387,1.6680157,1.1938128,0.076299794,0.23347044,0.45072562,0.40020207,0.75645196,0.3979743,0.5966347,0.0028508424,1.1020974,0.033328373,0.20087461,0.08194508,0.44373468,0.022159278,0.59203136,0.07386886,0.3899857,0.8069211,0.12963958,0.49689338,0.7574878,0.007047528,0.1334291,1.1013459,1.0630059,0.046487436,0.5210245,1.0817167,2.4200685,0.3266712,0.30200633,1.3687103,0.22175772,1.0016481,0.6149944,0.30494702,0.6500877,0.2029266,0.5294552,0.06791208,0.9543967,1.4370977,0.09342334,1.0127779,0.29454398,0.5950251,0.832074,1.0094805,0.2561525,0.1281994,0.0,0.7642331,0.13216995,0.0,0.2825083,0.22364433,0.071904324,0.53375554,0.13064459,0.17448623,0.064553924,0.20189159,0.02878287,0.74830407,2.3960264,4.2958646,0.050199945,0.0786578,0.044483267,0.17810427,0.82232386,0.53031445,0.19195992,1.3257958,1.6512849,0.12390288,0.5014209,1.2869416,0.53405404,0.11957701,0.62590337,0.040601894,0.22171086,1.4244286,0.0,0.2800345,0.012932535,0.14190781,0.38997135,0.38078517,1.2009498,1.4807628,0.23419714,0.024848595,0.20654014,0.14409481,0.19988939,0.0,1.3866029,1.6754453,0.014696273,0.19461727,0.58147097,0.14193262,0.6781282,0.27880952,0.5753535,0.0031127054,1.5415158,0.25546625,0.54794663,1.3909928,0.025444385,0.07791365,0.42691553,0.044047322,0.124564566,0.21148233,0.7440134,5.058305,1.3515177,0.008060413,0.42506894,0.19366018,0.27181464,0.17444289,1.8014722,4.8676763,1.1055461,0.32164836,0.88528407,0.3727654,1.423309,0.4755442,0.106052086,0.8075994,0.49519444,0.06374177,0.19417493,1.1733431,1.0500249,0.3359181,0.33122474,0.19180056,0.75454444,1.3397192,0.69029623,0.18587139,0.2728174,1.1639795,0.27812842,0.9430364,0.054459594,0.23006439,0.24736013,0.77946144,0.7805378,1.3013635,0.013011305,0.27210018,0.04144229,0.0722027,0.05182701,0.015847838,0.4995922,0.15540977,0.8288636,0.5955542,0.038764983,0.18417743,0.5026388,0.46110892,1.5723529,0.120257296,0.30270854,0.16750814,0.14337821,0.27186087,1.5333768,0.002324241,0.2709964,0.6327332,0.6522795,1.3310218,0.034883104,0.52261996,0.47173288,0.6163864,0.94186044,1.3450686,1.0351511,0.07717839,0.34092015,0.42030147,0.4961794,0.3045174,0.13122395,1.5971603,0.18068843,2.089804,0.58609116,3.054653,0.052883882,1.6726784,2.3712056,1.2215289,0.059681263,0.24519986,0.2731898,0.3377775,0.059555497,0.36891773,0.22738317,0.31307286,0.3099819,1.6195287,0.45094374,0.48829576,0.5747053,0.43759957,0.0,0.52433544,0.08621293,0.00015440682,1.7591629,0.48276067,0.021951262,0.89034814,0.0670743,0.043794036,0.817214,1.1139534,1.0964288,0.016777666,0.0017218927,0.97523373,0.114446245,2.9872391,0.4674486,1.6133087,1.3728762,0.58127975,0.6089185,1.030368,0.3391722,1.617746,1.1230266,0.95224434,2.421771,0.081467584,3.8049736,1.1859509,0.12893671,0.04164359,0.062158775,0.88002014,0.2374243,0.049907025,0.40854737,0.5929499,0.52257687,5.3410683,1.3040274,0.004899247,1.0087624,0.19445871,0.26678562,0.87243193,0.17299812,0.78298825,2.2053306,1.4911685,0.023418125,0.28583652,0.21568476,0.6764112,0.05043828,0.30918112,0.024734164,0.57934535,1.6284547,0.15600242,0.066324234,0.71298677,0.96584845,1.3760891,0.0,1.2245271,0.40494716,0.46091577,0.18357153,0.16566464,0.3220743,1.0477964,0.5261277,0.40153176,3.035407,0.8317642,0.17121531,0.0,0.6854879,0.87053615,0.008884154,0.32029906,0.101198204,0.055192035,1.2269431,0.13465197,0.031096531,0.08354092,0.055699658,0.50355625,0.019321993,0.07370936,0.0063914377,0.06622612,4.721973,0.23072812,0.6342584,0.64753336,0.59928364,0.006213323,1.2461903,0.6638178,1.5184674,0.8558169,0.2818599,all_pothole_images\pothole_images_enhanced_4b196bba69b0670c9ed898d2cb54a0cd.jpg
0.35315245,1.4114467,0.8211381,0.7299546,0.90235275,0.41695976,0.07620424,0.00424618,3.1857548,1.1860873,0.75291556,0.11297107,0.30950296,0.45601746,0.41757244,0.4331591,0.66033906,0.0,0.0037574999,0.1978444,0.0035319175,1.3719453,0.062288225,0.22147326,0.0,0.7355093,0.019979898,0.513284,0.06564434,0.12538522,0.05430473,0.07630781,0.60307604,0.1310364,0.22025098,0.52614826,0.026655367,0.036781978,0.263304,0.024397796,0.16507904,0.08683282,0.22476229,0.6261468,0.6623773,0.06770178,0.71352476,0.21298416,0.061249673,0.885393,0.65857834,0.1951626,0.40159148,0.8308066,0.001431297,1.967177,0.21142499,0.3142826,0.31816477,0.28362837,0.59758884,0.2097975,0.6549531,0.20999262,0.37149012,0.22293063,1.8637253,0.3948376,0.043957327,0.9506079,0.16592118,0.0,0.37536243,0.30204168,0.15482126,0.22553974,2.2250705,1.2331003,0.06416939,0.078139566,0.040007662,0.8877524,0.33253142,2.1877775,0.006392386,0.12748012,0.10657836,0.0,0.746326,0.053442977,0.0,0.42071095,0.005844294,0.100768805,0.088858284,0.0056899292,1.0819441,1.4386624,0.0,0.1565929,0.66382223,0.062932506,0.23077755,1.1562821,0.10538163,0.0109708365,0.2540064,0.00064610527,0.0,0.82497615,0.9598803,0.48030388,0.38475785,0.02299981,0.32123455,0.14412561,0.20320216,0.5087154,0.77588207,0.14950535,1.335496,0.24909954,0.047504026,2.948162,1.9619006,1.1652931,0.59530103,0.16434968,0.0,0.11723166,0.48661593,0.11061353,0.02247896,1.1464498,0.00032175545,0.4646907,0.21102504,0.014382784,0.46642628,0.4695539,0.5488941,0.024787426,0.94246525,0.8200574,0.012782442,0.004091877,0.025547532,0.57609016,0.25087488,0.22733489,0.9925002,0.0956796,0.50577956,0.49478787,0.14932078,0.17742571,0.10942274,0.41511402,0.0007493438,1.1647745,0.4786799,0.56523645,0.048996497,0.21829118,0.7157444,0.050281078,0.7360933,0.31800848,0.19437759,3.7344596,0.52447456,0.0035316667,0.084016904,1.1459377,0.4946426,0.13709728,0.7495916,0.28488812,0.6352599,0.0,0.0024514766,0.23876104,1.1014292,1.0434846,0.07995368,0.47994488,0.6647468,0.016145514,0.56490856,1.3632152,0.0062136073,0.103614435,0.47764328,0.053537942,0.9048682,0.0,1.2193996,1.2356713,0.7787614,0.32816875,0.0,0.5629955,0.0008069468,0.06378369,1.4783602,0.12992308,0.12485047,0.18189076,0.07351496,1.3730154,0.0,0.12379551,0.52537066,0.60483295,0.73485935,0.13105705,0.0,0.8162327,0.048296984,0.14765602,0.029849451,0.4620879,0.34766433,0.67906934,0.024983767,0.111797825,1.7500783,0.1537972,1.7715902,0.4424565,0.0,0.0,0.029496688,0.09334202,1.3930336,0.0,0.80316067,0.0135900555,0.0642072,0.022210235,0.04887373,0.23890845,0.10914995,0.5448768,0.010345678,0.001242319,0.76486266,0.19038317,0.20678414,3.8532526,0.25300917,0.14325494,0.030744577,0.015548628,0.5491927,0.95199037,0.9738622,0.35643378,0.5726159,0.6083363,0.2203448,0.91736066,0.9554267,0.20277761,0.11282724,0.7069895,0.2344208,0.190987,0.7252071,0.0,0.4455385,0.115337975,0.21513134,0.5211993,0.1396143,2.0455832,0.016811159,0.2930569,1.0230027,0.43654382,1.5913646,0.35035327,1.1472262,0.05272834,0.0047147977,0.11366769,0.37470502,0.5720024,0.9002849,0.5329741,0.08674364,0.8759512,0.43483686,0.4078668,0.6235927,0.46930897,0.06807743,0.67791075,0.15359026,2.8256848,0.06424388,1.2815543,0.41842842,0.9518747,4.3075414,0.0,0.33157843,1.9703355,0.60389566,0.26556474,0.2018598,0.41891533,5.73146,1.4987177,0.82401973,1.279698,0.26691616,0.3228751,1.2655613,0.2875152,0.33916515,0.051889867,1.2181534,0.34862432,0.28973475,0.33152428,1.8244853,0.059605382,0.0078080487,0.5046784,4.241116,0.2245584,0.90619266,0.5021923,0.032380596,0.05010901,2.412043,0.26327914,0.8260992,0.19754606,0.8931959,0.6342637,0.3169648,0.8042631,0.6064402,0.06135524,0.15869184,0.15058883,0.75641364,0.05982357,0.3697958,0.27642635,0.6892062,0.15340929,0.6130725,0.95810044,0.21849613,0.21856901,0.6497232,0.34756258,0.99342626,0.15570031,1.3023328,0.18820433,0.07715393,0.3313394,0.59228677,0.73424506,0.23341233,0.4747684,0.30449823,0.020500068,1.066618,0.84613097,0.040283654,0.43589315,1.1149243,0.40833718,0.86037713,0.61067975,0.3265837,0.19054931,2.4379475,0.04398233,1.3229955,0.87755865,2.110028,0.41072658,1.3215891,1.150769,1.6694176,0.0,0.58697736,0.25577417,0.0,0.16690686,0.08465856,0.6060971,0.4906297,0.1620206,1.177614,0.0,0.37351882,0.012584834,0.57666427,0.25879177,0.466414,0.024774011,0.30920655,0.094147585,0.31668752,1.1456118,1.9851366,0.012472333,0.1560649,0.06900589,0.83883446,0.009705807,0.10665211,0.024584195,0.06128916,0.26247543,1.1865109,0.09528804,0.6434524,1.3014783,0.60006577,0.0,0.011091566,0.65637445,1.6258647,0.7246671,0.60548437,0.38679224,0.10243419,1.8924024,1.3496927,1.5031542,0.44445878,0.33052218,0.048542313,0.31338713,0.8929713,0.75467664,0.9749692,0.60225713,3.5604758,0.14541517,0.0,0.5175822,3.7605205,0.113399826,1.7753621,0.32521504,0.83435494,0.67242277,0.301855,0.32309785,0.06159273,1.9307983,0.5579636,0.028263811,0.61508566,0.03279703,1.0550141,0.36779112,0.4158083,0.0747893,0.10699728,1.5639224,0.009030557,0.9039552,0.0,0.11987904,0.2987028,0.021467926,0.7934916,0.015886726,1.9033995,0.42232183,0.9354447,0.2541935,0.7497122,0.7595996,0.0,1.2884629,0.20595804,1.1490191,0.114248894,0.052298926,1.1661677,3.250525,0.4519992,0.123044364,0.2124827,0.077260174,0.29950744,0.15279783,0.009680833,0.008672851,0.25896478,4.8104177,0.09810173,1.8393981,0.07563728,0.43073747,0.5528198,0.019420989,0.23282441,0.16709515,0.59750336,0.0,all_pothole_images\pothole_images_enhanced_4b1a77e97f603c5c2e2a2417282b9d7f.jpg
0.41159776,1.5033311,0.80341023,1.8231659,0.2761055,0.23748335,0.29353523,1.1754949,0.16296163,0.7070341,0.25432605,0.21055856,0.1992287,1.7996427,0.0,0.6079709,0.85218275,1.0935558,2.5693474,0.1876055,0.36704054,2.8751364,0.30414286,0.12387306,0.2485501,0.836402,0.09963455,0.9993594,0.0,0.24382432,0.0,0.49374953,0.07627882,0.039917026,0.020332027,1.0058305,0.8391419,0.7278488,0.45365158,0.5676628,0.9116717,0.04138415,0.06184683,0.28664708,0.2991172,0.28693154,0.89657265,0.014887121,0.88726974,1.8898377,0.12554133,0.49708447,0.75638586,0.6496156,0.6106019,1.5658411,1.0072163,0.30244416,1.6340512,0.45549646,0.0945652,0.0,0.18206166,0.004696834,0.24755065,2.93358,1.3953185,0.2713585,0.14301202,0.07877314,0.454481,0.30055028,0.07365692,0.09271801,0.69567364,0.0007743066,0.9994896,1.118621,0.24259247,0.7532397,0.24891964,0.12616354,1.23567,2.3102703,0.05698661,0.47475657,0.827738,0.7040489,0.663195,0.47510204,0.00326255,0.31940868,0.11231389,1.1487182,1.2127808,1.1497844,0.5500178,1.2696695,0.08736577,0.30622378,0.6872305,1.3456402,0.9011954,0.35981718,0.0,0.8929665,0.17424701,0.31238648,0.0,0.040870942,0.015966643,2.477098,0.41547322,0.13918762,0.8239204,0.0047076116,0.03500325,0.23209998,2.0533538,0.6704544,0.50683564,0.7812027,0.12842989,0.4831662,0.13474083,1.7527574,0.6131851,0.83884513,0.32024768,0.65194875,0.4682916,0.505467,0.30020693,2.0377827,0.4275972,0.17946064,0.01937116,0.15922861,0.37753662,1.7262996,0.018796261,0.38905773,0.7140808,0.8368524,0.0,0.19258226,0.3182605,0.33179817,0.65058476,1.0136878,0.40045172,0.51614094,0.03700745,0.40403548,1.6866691,0.7758176,0.95192766,0.8226642,0.124351926,0.45879886,1.1888229,0.5368127,0.18331496,1.5679221,0.53166384,0.4671626,1.8963506,0.7474173,0.9513405,1.5814099,0.56755376,0.00043741433,0.089958854,0.8201216,0.9611825,0.30396804,0.31418464,0.42515117,1.2428368,0.2993845,0.394785,1.7910753,1.3937714,0.42828044,0.0038847884,0.28499955,0.6921464,0.3038053,0.5306914,1.2372396,0.3217128,0.7893744,0.49465987,0.12117874,0.2609633,0.04729321,0.37175354,0.5015873,1.1570283,1.0543609,0.6349065,1.137791,0.04604822,0.06754115,2.65033,2.6868885,0.031411696,0.49006945,1.2690852,0.7451574,0.5597149,0.45959294,1.7215298,2.3275495,0.3219835,0.80307096,1.2486042,0.28596643,0.34263435,0.97161186,1.0535876,1.3872627,0.95203227,4.138191,0.57836866,0.32024965,1.5615393,0.044657744,1.3036722,0.0,0.287045,0.76029366,0.6286442,0.3865364,0.14762573,1.0975467,0.031547483,0.7201426,0.060347263,0.16083783,0.4921884,1.03629,1.0638458,0.25174418,0.8967051,0.52031004,1.2643814,0.07391285,0.41829833,4.7331724,5.2080464,0.52105045,0.69732714,0.15808162,0.0,1.9759263,2.9065669,0.8675012,1.7304485,1.4231929,0.28578448,0.0077738967,0.3216328,0.9448072,0.86787045,1.1390941,0.77208257,0.038575955,1.095748,0.87849283,0.16252059,0.70897406,0.0099901315,0.23060344,0.29308248,0.18502364,0.24998368,1.1283939,0.7594282,0.48531944,3.4743922,0.4069652,0.3705938,0.12532854,1.2955729,0.060984507,1.0880551,0.030383436,0.40667462,1.2153541,0.0062031476,1.6071699,0.1077321,0.26031098,1.5719773,1.1604043,0.36169776,2.4498968,0.32560813,1.6563929,0.4332086,1.2147316,0.7468676,0.71705717,3.647938,0.08144563,0.89904225,1.2944051,0.95612663,0.085962266,2.4132338,0.006835402,2.8919322,0.5314759,0.7392045,0.49868387,0.40591305,0.4409011,2.175667,0.37885514,0.31746566,0.5955548,0.3425985,0.04957031,1.1893803,0.7584908,0.5775707,0.03849243,0.7522997,0.739904,0.27588806,1.0001469,0.85064787,0.84109044,0.023473242,0.3640927,0.71963936,1.9263548,0.39471653,1.2991464,1.4824313,0.98420095,1.3334098,0.15252402,1.1278449,1.5229719,0.12061733,0.032259263,0.08179417,1.1395336,0.48072246,0.38280416,1.1710203,0.7653321,0.42219493,0.7315588,0.35134518,2.7560124,1.1812681,0.2732916,0.069493845,0.54016733,1.1811187,0.21353553,0.026419507,0.87979156,2.346294,0.30045894,0.0790657,0.1250741,1.0668871,0.25431633,0.9559588,0.5241661,0.65681034,0.18018624,0.041342136,0.88143957,0.058839165,1.1647031,0.65416825,0.1682367,0.7223512,0.3921482,2.4505265,0.17633267,1.7163159,1.5900041,1.7542226,0.78918314,0.9924679,0.92629606,1.5101031,2.9583783,0.10655401,0.9030223,0.95507216,0.42614287,0.11596543,0.043461252,3.9881241,0.07489355,0.13692242,0.56907594,0.5783596,0.0,0.23922093,1.0194577,0.21338981,0.5214889,0.39706156,0.48253575,1.0444007,0.029055372,0.028961897,0.048230983,0.8424152,1.4385048,0.4301631,1.8958828,0.70729303,0.39155272,0.5605062,0.9387104,0.19189613,0.28194976,0.3384615,0.46428034,0.27070528,0.49304494,2.0421677,0.27260804,1.0971833,0.19313228,0.66873735,2.2833061,0.69385237,0.3043284,1.4382001,0.023881825,0.10933874,0.30182442,0.530261,0.20806308,1.5872834,0.28384885,1.3878318,0.57967144,0.1685358,1.4641051,0.3983206,0.20214826,1.5188295,0.48962536,1.2139158,1.561867,0.64715016,0.77408254,0.7562754,1.5873438,0.4767407,0.15714301,0.6536588,0.0,0.71963865,0.94545656,0.9589802,1.7960877,0.005301613,0.85167056,0.3423854,1.9201965,0.34266144,0.1353773,0.45296714,0.10594384,0.25876883,0.5908972,1.3287556,0.47127298,1.3659027,0.42612508,0.9512973,0.041520365,0.11524831,0.3538254,0.8329364,0.57009244,1.3130153,0.22253917,3.1727848,2.2777882,0.66091794,0.26701227,0.022946246,0.19666007,0.33072653,0.9539766,0.6999144,1.9154404,0.3251328,3.5331616,0.3081164,1.0548179,0.011618117,0.07360481,0.07535633,1.0781987,0.92954034,0.31759065,0.74774945,0.14805649,all_pothole_images\pothole_images_enhanced_4b21564571e8c5489468acca5f70a1e3.jpg
0.6234093,2.2019024,0.85186315,1.3385984,0.13733576,0.69595826,0.8370308,0.12831049,0.52483726,0.67765,0.10659807,1.5055442,0.16005474,2.2902715,0.66178876,0.7191686,0.5986319,0.6186912,2.2238388,0.7749103,1.5917222,2.8630402,0.23010802,0.38780648,0.22216564,1.0227063,0.44096202,2.9637158,0.70896053,0.20947477,0.17347644,0.0,0.27002516,0.1113543,0.7480609,1.7625122,1.026503,2.130308,0.48396707,1.1200106,0.25606084,0.26483274,0.8690232,2.364374,0.69735605,0.75849,0.35316,0.102396324,0.30781344,1.4296694,1.4421978,0.4815364,0.19803292,0.8486799,0.050327096,1.9846685,1.6974051,0.26253915,1.2149422,0.18907706,1.127703,1.8631501,1.3037945,0.27195415,0.20572911,1.5035313,0.73725533,0.38294193,0.5860939,0.63652897,0.32672825,0.16990575,0.08709607,0.70602137,0.94903386,1.0078791,0.676071,2.2622323,0.33198532,0.41317278,1.0934567,0.008137524,0.12178161,2.0314634,0.9495099,0.08528585,0.19221704,0.3169245,4.3225007,0.31890056,0.2400865,0.59980327,0.12694286,0.13373297,0.42587155,0.09430909,0.89069396,1.0586014,1.8612174,1.047682,0.13664454,3.9187543,0.57572883,0.46947378,0.3826464,0.3261103,0.89825696,0.21709862,0.04708837,0.5751557,0.051908072,1.9827739,0.094696686,0.020110626,1.2606423,0.69653785,1.8385885,0.6278975,2.5429077,0.7765729,0.66238433,0.5685268,0.2339507,0.35829824,1.437287,0.2739582,1.3755912,0.63763815,0.48056823,0.40348086,0.028077817,0.23774582,0.40278047,0.17318487,0.0525854,0.42578894,0.41063923,1.2373768,0.80401397,0.0800588,0.4782078,0.11597112,0.10819713,1.016213,0.5513479,1.3764633,1.0982261,0.017814558,0.43219543,0.7186842,1.664676,0.47002906,0.021025855,0.5040194,1.4784714,0.83157414,0.73779756,0.163461,1.1570168,1.0133343,1.0749247,1.2564688,0.34869072,2.7556028,0.6083034,0.62257713,3.1458278,0.6001824,0.4248731,0.16117187,0.51342404,0.1843485,0.74287695,0.61369383,1.8617541,0.03119239,0.30826822,0.36979565,0.25993124,0.52166635,0.65164363,2.8548346,0.9157367,0.68433076,0.31969646,0.50753874,0.16221732,2.1115623,0.021310758,1.0253718,0.57771575,0.75931495,0.00078175653,1.0638641,0.07438746,0.04006197,0.54444337,0.2829748,0.9015516,0.34172454,0.030434754,0.74608666,0.87554306,0.4781277,0.6075832,0.6727151,0.24885836,1.4002652,0.19762735,0.12672181,0.49816766,0.051880393,2.5331037,1.4651097,1.5955362,0.8993655,1.4772509,0.005501983,1.1818075,0.32731277,1.1602285,0.07007979,0.56280136,0.38110277,0.15190898,1.2439585,0.4074909,0.86004853,0.5422964,1.1308174,0.6084576,0.50976235,0.21517259,0.12751642,0.16981353,0.22389333,2.4246845,0.7477954,0.077806436,0.13575558,0.9243103,0.01011287,0.056838613,0.17005034,0.7390572,0.05668361,0.44958892,0.081622824,0.9355417,2.2172837,3.7108474,0.0,0.8115955,0.5101424,0.17777716,1.735205,1.3920443,0.781819,1.1372834,2.3845072,0.31690133,0.65081006,1.3188208,0.7355499,1.2578707,0.08180885,0.076354615,0.36005127,0.20520549,0.35944676,0.6808023,0.29735065,0.5199163,0.06395246,0.34857908,0.54971486,0.44838104,0.23421493,1.2517171,1.1459466,0.2485355,0.10375775,0.21240717,1.3734015,0.9617733,1.1322929,1.1148467,0.5059632,1.9795083,0.9738279,0.6622364,1.5926011,0.73070514,0.31270343,0.18806496,0.21411929,0.7917529,0.7650491,0.6532181,0.9266121,0.2600736,1.9093478,1.0060923,1.719493,4.3424277,0.29015908,0.34960917,0.885948,1.0388653,1.7288538,2.1675372,2.2456617,2.2967482,0.9161386,0.47101358,1.5018097,1.0421411,1.4501624,2.321328,0.24040954,0.027019437,0.25666738,0.5026912,0.037131313,1.017831,1.6834718,0.22497967,0.061898008,1.5952073,0.8786629,0.5353837,0.6190318,0.18692553,0.765168,0.5756033,0.45445955,1.3501164,2.0601037,0.17150727,0.38553125,0.9323938,0.25592917,1.1410779,0.32259265,1.235613,0.4114872,0.085695684,0.04256653,0.51620924,1.6528002,0.44232655,0.32625636,1.8916031,0.024429953,0.13188742,0.3649563,1.0186656,0.90461373,0.3152509,0.35088208,0.04161637,0.9097894,0.13640448,1.345581,0.35051954,0.36517563,1.164075,0.684887,0.33954316,0.037473604,0.93857735,0.53655726,0.59962493,0.4880758,0.25426617,0.8897362,0.03383376,0.34634298,0.0918885,0.54731524,0.5841197,0.21025196,1.3357958,1.5100235,2.4565334,1.1238846,2.0935385,0.07350431,1.569335,2.5822573,2.809399,0.041829363,0.18686323,0.85448664,0.10749573,0.0028978048,1.3258153,0.080360234,0.3282679,0.18701343,1.522035,0.57867086,0.2919668,1.2549453,0.7865216,0.022409162,0.32559025,1.2475778,0.96253294,0.4523316,0.7390043,0.22056338,0.21136633,0.19730704,0.17596781,0.5342814,0.5390457,1.2799315,0.28107706,0.09200676,2.7881682,0.5863898,1.1017509,1.7921616,3.0747924,0.37170553,0.19982536,1.3699737,0.064182,0.43386522,0.75977963,0.04508477,0.32299477,1.0001878,0.86084354,2.876088,0.8244884,0.99404705,0.42886382,0.76910657,1.9634517,0.3366722,0.19959106,0.17080766,0.5744132,0.064988114,3.217845,1.4094142,0.6896236,0.20590432,1.117918,0.6441067,1.4240707,0.69155765,0.5076842,1.112372,1.7414744,0.748551,0.15998137,1.2088726,0.18940951,0.09918526,0.75062495,0.25062943,0.3909687,1.5751898,0.74876964,0.97908276,1.1536947,0.5589399,1.1467402,1.0457467,1.1606101,0.40725872,0.7331637,0.358521,0.94151616,0.71119297,0.07909771,0.5437433,0.8295157,2.5713232,0.029138606,0.43648964,0.22747697,0.0,1.095534,0.11467749,0.7229513,0.86015254,0.6398634,0.7843964,0.6933684,1.9995875,0.081827044,0.123498864,0.19040567,0.67315596,0.07888328,0.19643287,1.1858908,4.1160693,0.22479734,0.910695,0.90182316,0.77324784,0.07399233,0.21144481,0.33501178,0.36956662,0.026728751,0.61106265,all_pothole_images\pothole_images_enhanced_4b898c3f6f6607c0b72ee756874078e4.jpg
0.58704245,0.038178205,0.093405195,0.41088602,0.606457,0.02460716,0.42694604,1.4435319,0.019825751,0.38507807,0.58252037,0.26193503,0.0004896249,3.2773604,1.1544449,0.8450511,0.03805406,1.3412414,0.30458122,0.6575616,1.1156857,0.7957332,0.22885095,1.1468309,1.9305264,0.5410177,0.9343246,2.3630154,0.54453975,0.05415419,0.5916385,0.31069773,0.021489497,0.3618447,0.015690736,0.053149085,0.009740048,1.5767545,0.90200245,1.4110677,0.009515134,0.31522292,0.15182218,1.1689728,0.16891164,1.6766943,0.006885233,0.0,1.0982386,0.06216417,0.69104016,0.07215071,0.4846531,0.018585138,0.3087933,1.1168101,1.6237266,0.2934129,0.12068335,0.11913141,0.10266329,0.3453222,0.672229,0.7282374,0.037833095,1.3636105,0.0,0.37242895,0.0020780796,0.4033874,0.03935325,0.3180802,0.21407492,0.8067852,0.032879137,0.599044,0.0,0.33467382,0.0,0.28200197,0.038274087,0.07643411,0.54909056,0.41471955,0.07111422,0.009308001,0.36241475,0.08407108,1.0637889,0.13258547,0.023142027,0.18396892,0.5094238,0.21251754,0.17333928,0.41365463,1.1645797,0.43575126,0.3065345,0.59143394,0.13450676,2.1877456,0.06625364,0.7929785,1.7615736,0.48785725,0.18022749,0.106686376,0.15833022,0.6728249,0.0,0.57809997,0.720756,0.8772069,1.0618702,0.3300326,0.022305842,0.24585323,0.9767537,1.0542053,2.965916,0.91667485,0.0,0.06479421,1.5428774,0.15103917,1.9358242,0.19283701,0.7407232,0.0679178,0.4524296,0.068474226,0.23395686,0.43725267,0.23157501,0.3727683,0.9855812,1.1289395,0.81505084,0.0,0.1996064,0.35698205,0.6466438,1.1026517,0.7912241,0.7267721,0.19713475,0.8295461,0.6121525,0.12325285,0.24238794,0.14229399,0.009597617,0.028417503,2.1114912,0.24748747,0.94927984,1.1984892,0.5203878,0.48296025,3.3982692,1.9084378,0.63076127,2.043497,0.30009025,0.38866365,0.46366748,0.37022978,0.7298923,1.8929548,0.038527142,0.057581637,0.1912388,0.11470655,0.06409073,0.85514396,0.017413491,0.0064834477,0.08309478,0.015780179,0.007303976,2.8207939,2.3191369,0.690744,0.6489781,0.2116848,0.41531214,0.12973654,0.24609426,0.26519182,0.29002497,0.034360204,0.08085404,1.8043478,0.2233124,0.35065612,0.4846579,0.21241581,0.09336914,0.3458204,1.0505294,0.61827743,0.989309,1.2016108,0.21794549,0.0,1.2265811,0.40432334,1.1682252,1.1646011,0.0,0.082540095,1.4569124,0.25344977,1.1773132,1.6848795,1.0262606,0.31362253,0.04469227,0.2664629,0.948713,0.19795614,0.9934977,0.018371668,0.1572954,0.25305548,0.7260719,0.6399617,0.28608084,1.2823421,0.313091,0.040395625,0.085906744,0.50567174,0.119472295,0.0,1.7652631,0.8864022,0.37995785,0.2617895,0.54723376,0.13258417,0.12004901,0.20324433,0.14694144,0.018386567,0.07310284,0.11348982,0.38530666,4.129153,2.783537,0.21552375,0.2169302,0.21771108,0.13528381,0.82812047,0.07278652,0.46978047,0.84504026,1.7531698,0.1777698,0.15029962,0.30344653,0.22127014,0.0,0.19868657,0.78445715,0.261484,0.35327935,0.023287613,0.5828723,0.32348338,0.7393274,0.60548174,0.10254525,0.18510662,0.0,0.6557725,0.6395435,1.0474926,1.6397398,0.01718494,0.46069407,0.20157427,0.8217873,0.110896334,0.39117563,0.28246847,0.80039024,0.0161053,0.2507316,0.083847314,0.036976196,0.5782722,0.3852836,0.34658718,0.41202158,0.38060963,0.0,2.8885734,1.088118,0.087647185,0.026648832,0.27213123,1.5746897,0.0024987003,0.00041980052,0.5251187,0.5595524,0.07116786,0.7754751,1.0045372,0.07724806,1.8763084,0.17294578,0.0057276892,0.016385043,0.7938241,2.3924615,0.5031925,0.3934709,0.0009669011,1.2792423,0.927955,0.05565253,0.4309802,0.0101658,0.13382569,0.6902014,0.07050286,0.12684213,0.0,0.028911836,0.39065313,0.28894222,0.21850446,1.7521054,0.7516119,0.33718306,1.3950282,0.028376127,0.13343532,1.0625135,1.3619123,1.2061534,0.0022151868,0.09111521,1.0857987,0.8627948,0.17609417,0.314411,0.03749136,0.16840279,0.60240793,0.017596481,0.3019564,0.033094347,0.7785999,0.06688127,0.085939705,0.8483508,0.22724472,0.05069493,0.079738155,0.07333223,0.04541251,1.0393656,0.108611554,0.63030714,0.044061963,0.74302787,0.15607119,0.43030727,0.51045907,0.27770633,0.14444962,0.0,0.024563033,0.56089795,0.015291637,1.3680537,0.005783559,0.15346402,0.33831742,1.5305315,0.70719784,0.15956819,0.026458265,0.0,2.4350874,1.2999746,0.30071282,0.050773952,0.82732046,0.12870544,0.13226503,1.4915553,0.20611797,0.024626495,0.41621864,1.3847486,2.1922436,0.6619845,0.34744394,0.015711823,0.25059596,0.36476165,1.0245094,1.0260845,0.42795515,0.9131964,0.45887,0.032738168,1.3767467,0.1947378,0.71462226,0.44044268,0.4800408,0.54260796,0.060080983,1.481115,0.7274223,0.049375277,1.9530756,3.865572,0.30147678,1.011106,0.08837511,0.6747532,0.056284934,0.63735145,0.103061385,0.63503516,0.5572274,1.4181545,2.0923536,0.05793876,0.5074102,0.036302675,0.15473585,1.3070807,0.07016674,0.031211765,0.5910933,0.058561597,0.21227206,0.24572316,1.4844464,0.0,0.20865874,1.2152488,0.4214333,0.3597944,0.02255122,0.59427845,0.687543,0.9233506,0.0,0.29558048,1.7890494,1.6662533,0.17810653,0.6237949,0.0985996,0.49042627,0.29216695,0.4786492,0.17892942,0.49562666,0.6401602,0.22839686,0.696912,0.0,0.0037324713,1.3033953,0.03799065,0.046739396,1.2131808,0.082121514,0.12667595,1.4040184,0.9904481,0.26090348,0.6019606,0.0,0.06854127,0.0624685,0.141447,0.73037755,0.00015437274,0.59501517,1.239852,0.5367912,0.05733641,0.090928465,0.16823408,0.084197454,0.07071206,0.52386546,0.49294552,0.251246,0.92972976,0.17580739,0.02581968,0.02462434,0.27739155,0.5178935,0.2346903,0.03210833,0.37090215,0.60450923,0.23230797,all_pothole_images\pothole_images_enhanced_4ba7f62cef8c36274c185dd0144e503e.jpg
0.77340025,0.3335527,0.0518116,0.8684898,0.94047296,0.5252883,1.2776617,0.24443687,0.0,0.2288634,0.62688863,0.8235581,0.10406165,1.286313,0.061375458,0.44215015,0.8077464,0.6645556,1.3659263,0.5535498,0.8115077,0.8667013,0.6342906,1.1287313,0.88881177,0.11892696,0.0,0.18194233,0.11322375,0.07396789,0.09201965,0.08236939,0.8135379,0.1850165,0.2927105,1.9626752,0.47144434,0.3367989,0.1807304,0.58816016,0.12894101,0.06852769,0.32219782,0.92972296,0.52179885,0.48682517,0.19823204,0.0,0.49156672,1.6233215,1.6298131,0.10624781,1.1690727,0.63853586,0.2631671,2.0795364,2.151619,0.44328898,1.1441375,0.5298883,0.48258248,0.05691259,0.22199562,0.0632016,0.11468768,0.94644535,0.28158784,0.032761436,0.104721494,0.39504802,0.0030970476,0.010638524,0.33959836,0.18153346,0.8171245,0.012021333,0.01300408,1.611841,0.055024292,0.06373065,0.0,0.6943666,0.008685161,1.6718223,0.66238576,0.3756451,0.0,0.503373,0.6059193,0.34637693,1.2313368,0.10164739,0.050515033,0.087183386,0.49517485,0.0,0.8540646,0.9964092,0.20049924,0.5794896,0.46767548,4.379643,0.6213084,0.032297533,0.7217932,0.96110296,0.3849864,0.8533173,0.16250007,0.48477554,0.78411233,1.5623591,0.13501132,1.1281292,0.27739632,0.7559966,1.2853268,0.38465962,3.2987325,1.7363423,1.3518175,1.2061305,0.13946812,0.9359531,1.077908,2.2260315,0.5543229,0.7676064,0.6877437,0.015888356,0.09541171,0.0,0.32286057,0.123715356,0.13534823,1.4709653,0.5088235,1.0577458,0.098081954,0.040719584,0.31684056,0.12215509,0.13603275,0.45600206,0.18564193,0.5333782,0.026109792,1.8838573,0.2283,0.055370808,0.15198568,0.5904363,0.046390276,0.014463072,1.0310712,0.62592274,0.9986745,0.26744226,0.5337374,0.3960452,1.3456992,0.781866,0.06714243,3.2309358,0.16247593,0.35139504,0.55931276,0.07234543,0.8895486,1.3743984,1.1034588,0.0,0.03521544,0.3930443,0.25896358,0.045348518,0.36261103,0.0025690638,0.0,0.03727818,0.07468565,1.971596,1.656735,1.6288575,1.0054681,0.16950925,0.21138906,1.8097484,1.1933614,1.0488311,0.6478405,0.0225377,0.3641345,0.665626,0.10979344,0.70271486,1.4072782,0.34540245,0.8614124,0.0027585207,0.14206679,0.5316546,0.5934166,0.55104744,1.2572356,0.15095724,0.5811811,0.32067177,0.72350997,0.5814952,0.0,0.22663322,0.5476605,1.2011029,1.4532646,0.5345474,0.81823355,0.26635745,0.140369,0.8091792,0.22466195,0.4460961,0.12092107,0.45357862,0.08267479,0.14363004,1.0012661,0.16468717,0.06208442,0.25270337,0.0,0.031076998,1.3789103,0.77460766,1.2612263,0.10000211,1.5397666,0.012414207,0.11743873,0.06438333,0.9246217,0.020310372,0.07440475,0.2591647,0.23403564,0.13560277,0.2669287,1.2685213,0.079545304,2.152555,1.0117451,0.013627661,0.2035431,0.6124965,0.52522427,0.36691836,0.39950287,0.579127,0.10981555,3.4129257,0.20549504,0.021179661,0.47903895,0.5682617,0.9444996,0.44035453,0.2932186,0.8209621,2.2422254,0.17940706,0.039164376,0.18455096,0.3848142,0.7747071,0.8381025,1.0951657,0.06785501,0.06914205,0.12249651,0.2965472,0.20275061,0.8725539,0.14828287,0.03672933,0.14263706,0.12955332,0.225589,0.4133618,0.20049459,0.07413829,1.6631522,0.3006626,0.028852569,2.0231566,0.20606555,0.19114661,0.08030011,0.8159111,0.15778789,0.4468905,0.99685997,0.15259875,0.13760665,0.39989567,3.5939968,0.39311555,0.11000993,0.4874596,0.4416114,0.34094307,1.0412477,0.92699444,2.2004216,2.415011,0.07639034,0.81036764,0.0,1.2673489,2.272294,0.040660746,1.1266651,0.30516857,0.24389899,0.6517939,0.5708729,0.53964734,0.11669957,0.08431458,0.20414492,0.0,0.7605808,0.748748,0.36007258,0.0,0.17976348,0.74600995,0.6275852,1.2175516,0.61342263,0.23714136,0.29177803,0.29674777,1.0855105,0.6043271,0.031117385,0.270673,0.014896067,0.032429025,0.073661216,0.6115164,0.07217367,0.32371885,0.40568936,1.0736607,0.04401368,0.12390561,0.6177614,0.9139817,0.9294712,0.65197015,0.045043763,0.5360524,0.87974966,0.0014447164,0.13633448,0.75694436,0.19123119,0.3780453,0.33210722,0.32338837,0.90630746,0.085215166,0.66994566,0.6145445,1.1297897,0.5665199,1.1780915,0.06562064,1.5758766,0.4274531,0.69633335,0.0021822758,0.9023362,0.28734758,1.3885411,0.7287125,1.2684261,0.0022681772,0.33874464,0.52790344,0.31064686,0.7982896,0.13915251,0.3306842,0.18750454,0.0031766056,2.005422,0.017892491,0.46724093,0.1939051,2.001871,1.1528155,0.8626863,0.2598139,0.269131,0.007387048,0.05406836,0.0,0.4820119,0.66177416,0.43020606,0.28659326,0.5707692,0.4790679,0.05096895,0.5130485,1.0558865,0.2416815,0.7713481,0.10064435,0.7453036,1.3404487,1.0062165,0.6103547,4.254978,0.70400625,0.55257016,0.30440062,0.8437506,0.3597163,1.6361395,0.44622186,0.24869996,0.21180782,0.1422018,2.588378,1.6933202,0.42982897,0.33240545,1.6313378,0.21249872,0.65613335,0.7131516,0.32436204,0.46406096,0.54441434,1.5899681,0.6156752,0.0,0.608121,0.42727917,0.3855653,0.56765485,0.4414551,1.0465219,1.6095685,0.28824645,0.5171575,1.1314834,2.2619414,0.87983066,0.3770938,1.3967613,0.033500746,0.7049068,0.0977934,0.20548894,0.32664165,0.81622946,0.68250334,0.99915063,0.71079713,0.21698172,0.52846843,1.3672264,0.013728178,0.26598784,1.5412488,1.4698218,0.73410845,0.15222053,2.7318943,1.5595278,0.3257191,0.032903943,0.04279201,0.75825655,0.2867315,0.5625859,0.39302194,0.83113945,1.197092,0.2792013,0.0,0.16258839,1.0240611,0.4414641,0.30646446,2.0458882,0.11391616,1.5594894,5.7429247,0.20867951,0.11389243,0.42608136,0.13768859,0.31996846,0.22880195,0.93773484,0.31704548,0.8644198,0.8538745,all_pothole_images\pothole_images_enhanced_4c37d4582a10e7e3cb667a98c8e0b8df.jpg
0.48877558,1.225194,0.6393875,1.345486,1.2437924,1.121937,0.6253208,0.0032837642,0.17635767,0.15801208,0.14287788,0.71983093,0.10887487,1.0451844,0.21809295,0.24426238,0.7763846,0.14508288,0.21371004,0.095944695,0.8284996,1.2970947,1.1610817,1.9291914,0.5411558,0.664517,0.725235,1.5761161,0.11051731,1.0335159,1.1154618,0.04258201,1.5518788,1.0160384,0.48282662,0.36566168,1.0790914,1.2751489,0.38287538,0.31270093,0.6491815,0.359236,1.1617061,0.59814847,0.78357047,0.18752123,0.4646163,0.12136973,0.48641768,0.69947624,1.3998475,0.05914777,1.6084077,0.7766379,0.7386814,1.1563222,0.87814534,0.06705069,0.13902353,0.84472734,0.11032547,1.2636945,1.7542928,0.17389788,0.47057372,0.43867296,0.19951576,0.17910452,0.39419842,0.739268,0.1934757,0.21880792,0.49070194,0.48816764,0.7921725,0.896153,0.56281054,0.5369284,0.3045252,0.46875298,0.36844546,0.7563816,0.16937423,1.1442629,0.6457909,0.6476896,0.17206092,0.31049895,3.7087748,0.25377563,0.36982426,0.59921455,0.39349112,0.27730742,0.7147514,0.059205394,0.54465103,0.117328815,0.9952721,0.5361979,0.09543944,3.4303815,0.21420386,0.1333065,0.2582186,0.58360535,0.61610115,0.78625554,0.22346129,0.2648366,0.31213206,1.4062668,1.4899597,0.1928786,0.18347877,1.1952927,2.219768,0.7558791,2.3300884,1.5400304,0.9388176,0.2882056,0.9103221,0.6001641,0.4708756,0.8561582,0.9053027,3.4626153,0.7952859,0.82039446,1.6887586,0.06909571,0.09679187,0.7207795,0.59675646,0.76590437,0.06999399,0.6858083,0.51489186,0.45802936,1.1516327,0.29751834,0.40694457,1.805617,0.46119028,0.94985586,0.106891125,0.028772324,0.77697664,1.1222801,0.93404806,0.7056207,0.0,0.5002547,0.5993284,0.44675973,0.42261955,0.26685673,0.7112491,0.680614,1.2288805,0.22289146,0.08469547,2.7873926,0.2910812,1.0973146,0.5169197,0.6348906,1.0303472,0.59077233,0.2594293,0.07468488,0.27881163,0.06785884,0.1294854,0.07634336,1.5019792,0.36826426,0.10920198,0.68734795,0.10492895,2.9019053,2.040822,0.6464829,2.6501925,0.049807142,0.9280454,1.2438755,0.0,0.32360676,0.55875176,0.44696784,0.08744961,0.91491103,0.01089964,0.35279605,0.92347187,0.71960574,0.3484434,1.9621185,0.3079664,0.6437107,0.88822615,1.3359532,2.0053177,1.5445325,0.36085495,0.37973648,0.8792807,0.32336342,0.14868432,0.043956853,1.5407115,1.3659527,1.3215307,1.1248304,0.53770834,0.08498756,1.7157016,0.49882188,0.80354214,0.17299597,0.45059994,0.4163677,0.6133736,0.6864292,0.9868353,0.18358475,0.97567016,0.08645906,0.9667146,0.6267302,0.38691172,0.11865928,1.9647394,1.0807871,1.4299853,0.14686085,0.065342,0.054170784,0.33335394,0.07633749,0.594762,0.23395199,0.0537663,0.0,0.8607373,1.3836222,1.2602278,2.160062,2.040182,0.42952034,0.8497137,0.89834577,0.11364655,0.24297094,1.2695764,0.55118406,1.5171398,1.8049552,0.52407306,1.1082759,0.6923323,0.43653786,0.119159006,0.74070084,0.0,0.17383671,0.83786136,1.5092785,0.15057154,0.0,0.0020597605,0.043296132,0.41789284,1.583663,0.46455958,0.71702445,0.56593096,0.8696318,0.13022505,0.23279783,0.27234802,0.6860264,2.521406,0.44926444,0.41907057,0.72081923,1.4883463,0.1760844,0.16558221,0.058751427,0.19094817,1.7278587,0.2767206,0.9248088,0.6340981,0.48583165,0.03328076,0.6554841,0.3572892,0.15811567,0.9365642,0.2258357,3.3504465,0.5383395,0.5846346,0.73878586,0.8494772,0.21295424,0.33578682,2.0971055,3.7903547,2.6297514,0.023503795,1.0177287,0.09982431,1.2586206,1.9341437,1.1491162,0.17286329,0.17841148,0.0068286546,0.7455949,1.2507069,0.5794507,0.56041217,0.09896075,0.36429793,0.75048333,2.5528264,0.54415673,0.063798584,0.51224405,0.15212917,0.51936793,0.30539268,0.68889105,0.589115,0.45634833,1.3249762,0.49852613,1.402096,0.19833672,0.7901124,0.3979052,1.0785565,0.2920294,1.1271893,1.3245345,0.09315206,0.55752945,0.09113769,0.6617526,0.38840857,0.011874803,0.15539147,0.5569819,0.35524935,0.32562497,0.0701138,0.11383099,0.4038001,0.72121024,0.15490076,0.28509405,0.5613946,1.936603,0.974917,0.5326159,1.621699,0.43892848,0.19979091,0.37857842,0.15970208,1.0457699,0.06657584,0.32593754,0.6246067,0.32725823,0.07839411,0.021901019,0.6012913,1.1565877,3.4682155,2.507696,1.7359315,0.9676937,0.26869765,1.5432447,1.1592693,0.14944117,0.19772919,0.1680589,0.15871127,1.2720242,0.8578458,0.21904078,0.32380572,0.052871585,3.0015478,0.32825932,0.25921082,0.5453204,0.7650589,0.14734454,0.65256155,0.10838051,0.14294252,0.1986655,0.28645217,0.2700127,0.657691,1.3227707,0.19888002,0.7842326,1.3996412,0.8811745,0.26933333,0.18250011,1.099381,1.1948812,1.0637324,1.0964448,1.6037183,1.4509532,0.18970917,1.8274256,1.8580658,1.6473973,0.93486947,0.1995589,0.52238566,0.114165924,0.20243184,1.7170315,1.7338482,1.852051,0.10573784,0.36185434,0.75631714,0.17783943,0.41144016,0.26345497,0.1088062,0.7923121,1.7462504,0.6508777,0.4196527,0.7293571,0.41572055,0.72116476,0.6535596,0.8820986,1.0128617,0.48426265,1.1217458,0.3006526,0.5670223,1.0460604,0.5735189,0.92322886,1.4977046,0.4893158,1.3436224,0.69878376,0.115938455,0.18059285,1.5479692,3.4633331,1.4575593,1.466907,0.9247419,0.32331023,1.6479234,0.0466559,0.68781215,1.3182634,1.7964963,0.3386049,0.25432414,3.5811746,0.7206103,1.0600207,0.2723293,0.03389263,1.2348425,0.059531998,1.5627367,0.12927599,0.38659367,1.4282397,0.010758062,0.41619974,0.79857737,0.11719168,0.06072271,0.29288945,0.0,0.059242826,0.6534025,2.3737183,0.7097966,1.0109746,1.6757457,0.74738646,0.23273048,0.56532836,0.47281942,0.16194978,0.5209616,0.05389149,all_pothole_images\pothole_images_enhanced_4c5d349425c9126898361b6125253c17.jpg
0.0045784325,0.34902078,0.01664187,1.8697054,1.082886,0.6549693,0.26070532,0.05575576,0.65388095,0.46243247,0.27294114,0.65469015,0.018858958,1.278833,0.0,0.008142969,0.11456799,0.10870992,0.30653885,0.25501212,1.8691422,1.6279122,0.15712646,0.08264065,2.305069,0.4907112,0.90911007,3.215785,0.046491165,0.047358084,0.0454354,0.16584396,0.3331042,1.2333766,0.85248005,0.3328078,0.72775775,1.2900006,0.33115286,0.6523606,0.0,0.5634658,0.10983893,0.7382549,0.56688344,0.21569742,0.58189094,0.14315233,0.60308033,0.54111797,0.3206356,0.118010335,0.12854251,0.069933474,0.31485942,1.374646,1.7493505,0.20703954,0.0,1.1716125,0.5903969,0.23091832,0.81926304,0.23450299,0.8721892,2.0666263,0.09482455,0.26546532,0.056024656,0.5360299,0.57347476,0.12678558,0.4701289,0.15859656,1.3350898,0.44150406,0.1442476,0.48922712,0.0,0.20998141,0.011530725,0.95294124,0.061239388,1.3783485,0.014313837,0.0,0.53030443,0.08349137,1.7772864,0.22425495,0.10993032,0.9029973,0.7421031,0.12813647,0.30814937,0.039000917,0.17041229,0.2935564,0.6017513,1.3399764,0.4758089,5.0653877,1.289463,0.0,1.2128541,0.070137516,0.72358394,0.82728845,0.0,0.83438313,0.41964605,0.43716794,0.34167576,0.7259736,0.3430667,1.2703396,0.58336055,0.03254253,1.8106394,0.42268348,2.2065988,0.069154516,0.0,1.7714249,0.8005138,1.0356427,0.13836005,1.3744233,0.8390246,0.17157125,0.3605309,0.01365013,0.0,0.7269793,0.96491146,0.38642922,0.08883535,0.49002665,0.15876518,0.18727525,0.44343388,0.15963566,0.40546665,0.116553664,0.37559634,1.2863497,0.27740714,0.2778445,0.21720769,0.12462692,0.07288066,0.033468835,0.057482734,0.024945779,0.8425976,1.1260757,0.22726241,0.32940486,1.7304354,0.7814898,0.10915383,0.31635654,0.7103989,0.74167913,0.8979694,0.07600848,1.9930081,0.8989078,1.0594805,1.7577146,0.14494528,0.1157217,0.12696338,0.35305458,0.054240536,0.070939995,0.040080525,0.09673893,0.23757052,0.0,0.015341899,3.6108851,1.2509346,1.4553963,0.8095692,0.46591777,0.24213043,0.37163576,0.2644849,0.73946565,0.0253601,0.0070041716,0.021772375,0.6879784,0.43508407,0.44741508,1.2359161,0.007521449,0.4719236,0.0,0.46209508,0.24269037,0.3205305,0.04575549,0.52035874,0.2750779,0.7403227,0.2848964,1.0769507,0.7021288,0.0,0.039059278,0.027974105,0.37137672,2.2487671,2.087304,0.047804393,0.0037591301,0.22244911,1.0118219,1.2386004,0.013635068,0.053001847,0.019402573,0.0,0.56211406,0.7199126,0.35124898,4.036192,0.7314398,0.1793889,0.004335792,0.400169,0.28114402,0.46224493,0.021646747,1.3856736,0.00782661,0.22563423,0.1115284,0.024566967,0.07294921,0.663383,0.005750545,0.99239236,0.00022913556,0.22349851,0.7317813,0.5458232,4.7615504,0.5527291,0.5144994,0.24777381,0.05573926,0.003436329,0.2266744,0.17358674,0.38127354,0.060708717,4.2161465,1.4323121,0.15435867,1.3867004,0.53213674,0.49850062,0.0482256,0.7263683,0.13093448,2.8211505,0.19764249,0.2903675,0.0,1.019648,0.316934,0.20717046,0.31603152,0.33656132,0.537767,0.20504107,0.8019015,0.6211063,0.291977,0.12169793,0.08870761,0.69753,0.010874428,0.19656374,0.5587597,0.7531442,0.31901327,0.07462622,0.11147639,0.19143048,2.2243361,0.13234232,0.2466105,0.080197126,0.13408534,0.13360551,2.4635582,0.882529,0.0,0.18379378,0.10775443,3.9261491,0.9036071,0.10189495,0.0017699635,0.19766295,0.6490968,0.34572855,0.6271847,1.1741335,3.0600052,0.61119777,0.61386156,0.04988278,1.0552888,3.7768834,0.41504535,0.0053401473,0.26176772,0.2600017,0.3237213,1.9160717,0.26290005,0.10895722,0.17955029,0.061511055,0.018479256,0.7750356,0.49361554,0.08754695,0.07462989,0.075586356,0.052748095,1.1821545,0.17855053,0.87333363,1.4179881,0.14898257,0.048452415,3.3492467,0.5264629,0.9501483,0.024368899,0.9913336,0.44992605,0.41661975,0.23821764,0.2477981,0.50691044,0.12737457,0.5428536,0.61862373,0.09795275,0.17480826,1.6012635,1.6790955,1.0440735,0.7160787,0.035343844,0.025723247,0.11083951,0.092674166,0.12297939,0.06784165,0.02959557,0.88755447,0.0028975138,0.34470475,0.0,0.033158712,0.37924284,0.35380492,0.4715406,0.1414476,0.021265836,0.7907693,0.07068416,1.2727005,0.0,0.21610849,0.06275008,1.877508,0.7563772,0.8746249,0.053430006,0.32209823,1.9134483,0.24264693,0.0,0.0,0.08405189,0.22429933,0.11562061,0.61658007,0.2384898,0.017241346,0.12705956,0.6135826,1.6148902,0.39834344,0.0024468596,0.79751694,0.8882027,0.03757,0.07793831,1.0838714,0.017548997,0.11936252,0.55898803,0.0,0.120694414,0.21001473,1.602387,1.4878964,0.6248755,0.6062199,0.50895905,2.1115448,0.53203326,1.0435594,0.7704415,3.1341786,0.38651866,0.75672823,0.20052102,1.5355303,0.30175552,0.49804613,0.11070452,0.8763965,0.024326874,1.3636123,0.2596485,0.53954643,0.14864463,1.0500717,0.049911667,1.3818117,0.29654416,0.0077412794,0.0,0.042899877,0.21252054,0.87654114,0.5578637,0.040444627,0.66852313,0.75749433,0.46102732,0.46154633,0.0023892324,0.6382062,1.1791936,0.6711924,0.008177803,0.22905618,1.046812,2.3099384,0.08536062,0.16128285,0.16721356,0.23221183,0.44084954,0.02652816,0.10308245,0.67639625,1.014952,0.24350646,0.4158189,0.09168415,0.43892342,2.5894756,0.0,0.56879056,0.6253564,0.29500094,0.017421411,0.19068724,1.6282248,0.3634276,0.22542658,0.4414946,0.0,0.7996494,0.0052138725,0.1894873,0.014982026,0.5846462,2.0596151,0.16550979,0.23741582,0.013716127,0.064121194,0.38044232,0.3272167,0.84192085,0.3125915,0.95378876,2.7098489,1.0565293,0.099090464,0.7328982,1.4268624,0.27833065,0.24153802,0.10781136,0.20411913,0.8903194,0.12530957,all_pothole_images\pothole_images_enhanced_4c9d510ca7dd0cc0f92434bc60b7900c.jpg
2.1119242,1.1305616,0.6470706,2.099753,0.8221871,1.3053932,0.94136935,0.067342505,1.4951892,0.65162796,0.06810317,1.5730485,1.7102152,0.762454,0.37729892,0.24212985,0.44198635,1.1429847,0.40439963,0.49044922,0.43485883,2.1156147,1.3747431,1.0857935,0.5641209,1.0081108,0.8094191,2.299826,0.13565926,0.77877337,0.43058768,0.33957684,1.0385281,1.3559079,0.3043262,0.8085073,0.1846399,0.31409523,0.75411946,0.01592052,0.10086229,0.34035134,0.3459759,1.5986211,0.6185656,0.49633628,0.9460277,0.16267423,1.0500702,1.2778248,1.6201106,0.5528373,0.79438025,0.038950667,0.68928766,1.3777298,0.5976636,0.35210404,1.8284186,0.112885,0.069646984,0.24013413,0.6325941,0.94284475,1.3399596,1.4833673,0.47328305,0.9838759,0.20633122,0.93086165,0.95349187,0.22986473,0.75460345,0.81668043,0.8047968,0.70912296,0.13519835,1.7144501,0.015458533,0.1298859,0.6710342,0.28907686,0.29359555,0.05170903,1.9343737,1.3475505,0.51615435,0.24441108,2.54954,0.610415,1.0647482,0.48315132,0.60606694,0.47964543,0.12826502,0.23824497,1.0679802,1.5095139,0.05510979,0.13862646,0.009534086,0.7795897,0.79207337,0.36597368,0.43323025,0.68214023,0.5290087,0.56861347,0.1137466,0.7297018,0.054855287,0.66849375,2.2557108,0.6663186,0.7743912,1.6817328,1.9978083,0.52481216,0.15148957,1.2557248,0.9607644,1.0922226,0.7796172,1.3977088,0.07848158,1.2426548,0.93413013,1.2833084,1.6545756,0.6404868,0.3461589,0.80797344,0.2651662,0.16435248,0.12985207,2.7159262,0.311288,0.7769743,0.23571812,0.7458471,1.7405713,0.072869584,0.41633612,1.1267946,0.6054756,1.33973,0.52723175,1.0832516,0.415687,0.51202744,1.9768479,1.0105876,0.098168276,0.05009837,1.6604861,1.4474931,1.033435,0.38400924,1.3353151,0.700602,2.4466236,0.6407205,0.09444256,1.7857904,1.1578704,0.2623539,0.1734274,0.44537556,3.127578,0.3012485,0.8774417,0.23710881,0.19140391,0.7754196,0.7960832,1.2875223,0.15536232,0.14228916,0.8778783,0.42121255,0.051912084,2.2634704,1.0315379,0.82174385,2.073119,0.29331842,0.67502874,1.831116,0.76383257,0.85188884,0.6630962,0.12152934,0.5878066,2.0562322,0.5516864,0.3923259,0.90579313,1.272833,0.25449494,0.94886446,0.31841382,1.7191286,0.6928875,0.7057789,2.4737537,1.5635967,1.2809918,1.3282175,1.3789489,1.8838339,0.06191756,0.37455407,0.5563475,0.10038942,1.573253,1.4384142,1.8352754,0.528334,0.10185744,0.8485246,0.5878406,0.7344817,0.8423303,0.844664,0.03175307,0.32244018,1.2495131,0.39179122,1.5313498,0.03437489,0.6128521,0.4584113,0.4166552,1.1470577,0.4772176,0.07682992,1.5150863,0.20581004,0.43864956,0.29377562,0.27027217,0.26526397,0.16495863,0.08461997,0.10269353,0.7590246,1.5736828,0.43076923,2.3582275,3.367958,1.1427906,0.37884948,0.996868,0.61926574,0.11011647,0.8485076,0.9424345,0.6879563,0.11232231,1.4592873,0.62546563,0.7329072,0.8291734,0.4348601,0.060930707,0.87484115,0.103850596,1.7627629,1.5946004,0.21446721,0.30632195,0.37482852,0.1013936,2.110901,0.91115165,1.2089362,0.8666208,1.0264819,0.97156686,0.818545,0.24012417,0.2043952,0.106407434,0.25218195,0.45749706,0.45586702,1.2552319,0.11572337,2.0744658,0.3841109,0.44544148,0.40249994,0.32723683,1.3886023,0.29188454,0.6755504,0.9417446,2.1746252,0.7546009,1.1517357,0.21071698,0.14723767,0.06755343,1.0899233,4.0490994,0.5187694,0.12463793,0.63288414,0.12729062,0.9846129,0.9571805,1.0011995,2.295657,1.5972569,0.9738336,0.26387665,0.19823909,0.2870995,2.6460075,0.13742906,0.94818485,0.20654522,0.2616428,0.9405816,0.56817997,0.54204184,1.312739,0.12686749,1.438379,0.6972044,4.269015,0.0088367555,0.7084897,0.0,0.02097268,0.11986251,1.0990701,0.1870083,0.48949936,0.5495468,1.3205385,1.0548413,2.0789204,0.10551014,0.5139234,1.5696113,0.7101258,0.33177707,0.13580455,0.8978293,1.1874311,1.9712795,0.6844976,0.63590556,0.5605298,0.2339119,0.82589364,1.3792344,0.14904709,1.3884314,0.58840966,0.104934774,0.6249777,1.5243286,0.007147823,0.6359271,0.5603693,0.28207904,1.4356605,0.28400144,0.8063929,1.9321697,0.6954959,0.24715419,1.158646,1.0237075,0.59548736,0.20755719,1.4925035,2.2734284,0.8808714,0.44057316,0.22699861,0.77898186,3.5725973,2.5144687,1.1972997,0.10429384,0.05968631,1.1484586,0.7587451,1.3648655,0.31742072,0.75090414,0.08207728,0.37721175,0.40075296,0.93414843,0.31709993,0.671161,2.705059,1.8749558,0.05374975,0.89992124,0.7304792,0.23653698,2.2287774,0.097192906,0.40388402,1.6570023,1.2684026,0.76283413,0.87949866,0.6056907,0.19141719,0.8811244,1.263104,0.3712534,1.1686132,0.07309414,1.0185047,1.4284989,0.3601123,1.7724631,1.4459548,0.48735127,2.4081964,3.6844718,0.6581796,1.1115274,0.37273943,0.6831727,0.07023889,0.71972376,0.49381828,1.5252397,0.6220398,1.5539099,0.1630984,1.2077068,0.430743,0.7086861,0.46826658,0.6676489,0.56273115,0.15848418,0.3785431,0.07585062,0.6658443,1.6950226,0.9741774,0.95193213,1.245415,1.5960883,1.4853817,1.5965506,0.5370201,0.506465,0.48958376,1.4930285,2.0614672,0.54754484,1.9107738,0.7948105,0.6568286,0.24767889,0.0292594,0.00451927,0.181238,0.90672535,1.6603892,0.5189135,0.101667896,1.1825815,1.1572706,0.42879626,0.17245534,1.2079573,0.14317168,0.076954775,0.17443828,2.2756155,1.3786504,1.8109115,0.21901846,0.23973028,0.8169299,0.25224894,2.3470767,0.2173481,0.1825977,0.5853823,0.1895835,1.2020103,0.15616553,0.0,0.05067578,0.27229896,0.11536277,0.22921202,0.6197938,4.2244916,0.45463514,0.83860683,1.6827343,2.3230844,0.777563,1.0237706,0.3586133,2.5047123,0.20808274,1.6838585,all_pothole_images\pothole_images_enhanced_4ce2fe26079d75c3f28d61e5acba414d.jpg
0.13529633,1.4521884,0.84945947,1.2802124,0.7766683,0.38596216,0.7000384,0.0,0.016295014,0.687959,0.7868633,0.11200894,0.1153928,1.9681596,0.11627302,0.71238256,0.3079804,0.14506365,0.8200116,0.06987611,0.69343644,1.8477626,0.27986977,0.8268895,0.807297,0.26118013,0.5156822,2.237253,0.53290945,0.13311519,0.46544537,0.17044859,0.06500256,0.3266863,0.3209996,0.53835547,0.3172403,0.7666255,0.41095454,0.7886887,0.16449721,0.16231178,0.29832113,0.7032509,1.2120745,0.3904616,0.018169403,0.0,0.78417414,0.44252688,0.52348006,0.13526091,0.5186181,0.31605762,0.108276725,0.9007857,1.9221686,0.42660287,0.4080114,0.41968843,0.4667574,0.17736307,0.39923072,0.014804826,0.41288298,1.4206477,0.59480274,0.30663863,0.19168778,0.55627996,0.24547064,0.8758592,0.36163914,0.08347838,0.39105877,0.6364868,0.12214308,0.4700464,0.02322111,0.7078144,0.14341773,0.11994157,0.15330938,2.5259113,0.69539475,0.581782,0.12406591,0.11392231,2.1148422,0.6848691,0.28464457,0.66211474,0.016005317,0.17372268,0.054328594,0.15912451,0.7969432,1.0810932,0.35448435,0.58908665,0.31378207,1.9522023,0.38459358,0.29430923,0.27878618,0.19793779,0.34294936,0.08637428,0.27203074,0.32080543,0.26468343,1.7782024,0.08120245,0.20676383,0.21426117,0.3272623,0.801939,0.33037427,1.3848525,0.2787567,1.0166408,0.8537201,0.19243923,0.47471824,0.8814171,1.3761541,0.922173,0.057530012,0.377271,0.5544504,0.0053586173,0.24786302,0.37595543,0.219537,0.3373375,0.08798923,0.6448916,0.27447438,0.2656332,0.09217259,0.25262737,0.67643344,0.050207872,0.22670664,0.10374973,0.42195302,0.18808505,0.051592257,0.22622369,0.79564434,0.4273671,0.5342931,0.08714375,0.32182443,1.3234025,0.0897781,0.330502,0.17379044,0.35953513,0.7481734,1.2777067,0.88576335,1.3718271,1.9864985,0.8276515,0.20169896,1.4772016,0.09086264,1.9728154,0.7542105,0.005163656,0.10249269,0.05524831,0.19804683,0.6755545,0.05421265,0.5533059,0.05704872,0.06832674,0.52512264,0.033514872,1.6979259,1.8983166,0.61656123,1.2950441,0.48393393,0.26722908,0.2712698,0.6771068,0.64619774,0.024026075,0.3589596,0.08674682,1.0128506,0.32009766,0.25223583,0.23778307,0.71553206,0.37930012,1.0801828,0.31058112,0.7246462,0.37132156,0.34468475,0.9542125,0.19845623,0.057641957,0.015446823,0.5956118,0.4479398,0.24522127,0.56351244,1.5328885,0.4290172,0.5071852,0.8253387,1.2150533,0.03866124,0.7586001,0.35923046,0.50072896,0.060325544,0.960936,0.50766563,0.42513636,0.15161192,0.66731185,0.21785623,0.33377048,0.56297314,0.20344709,0.36737928,0.14679082,0.053748213,0.30702832,0.18642502,0.59982336,0.08026411,0.17373383,0.17636913,0.59233236,0.06305874,0.44349912,0.29799855,0.13032554,0.020502308,0.38615075,0.13977635,0.02578078,3.3577132,0.6659408,0.047990214,0.5491418,0.06908176,0.24135731,0.18605241,0.8822531,0.5585412,0.8771463,1.5200584,0.40715864,0.21918082,0.49648377,0.31304246,0.5639184,0.7187399,0.11220331,0.4240018,0.6679899,0.00077984395,0.7634611,0.062420473,0.39815935,0.35489616,1.0046582,0.9399831,0.31934604,0.39293188,0.09072434,0.042079248,0.77541846,0.18908201,0.12702982,0.68305874,0.56178075,1.1082437,0.6536227,0.3461022,0.57732683,0.17277154,0.37232664,0.46829188,0.20777406,0.75613356,0.38455504,0.6597537,1.1232101,0.6386426,0.50542,1.0280325,0.26280877,0.5463501,0.034834962,0.9545807,2.6343937,0.072983526,0.016943268,0.97883695,0.27138796,0.42211792,0.39888185,0.54286087,3.8299441,0.91555995,0.1719695,0.2477399,0.233929,0.8352882,1.9380374,0.13944486,0.18096359,0.07663766,0.07953853,1.2165036,0.6585449,1.769795,0.42565247,0.20082699,1.2551557,0.8505727,1.9936854,0.41066867,0.017348116,0.0319657,0.33538336,0.063807584,1.5419654,0.26682672,0.31023535,0.25443175,0.16183732,0.20671463,1.290773,0.6254811,0.2696571,0.19636948,0.0828525,0.23963052,0.11655695,0.2829699,0.10819062,0.9856417,0.31159458,0.86765915,0.24728915,0.16317558,0.7965069,0.20789504,1.1970614,0.8993648,0.0022630934,0.0,0.9246156,0.32691208,0.11001117,0.41380188,0.92145973,0.69350433,0.35757184,0.14039828,0.82198113,0.5235425,0.7280999,0.45147657,0.76793593,0.36912638,0.07497363,0.11069123,0.07605769,0.16276684,0.27263394,0.24156506,0.9625194,1.0781368,2.3188338,0.21002607,0.9511119,0.063715816,0.50173324,2.5917857,0.7132822,0.8046166,0.14176835,0.48792028,0.098838426,0.063885376,0.09751769,0.3469006,0.41278514,0.05914574,1.4607586,0.9290793,0.054059967,0.9717619,0.13560805,0.43549085,0.3632026,0.4417179,0.3878259,0.05835355,0.4779838,0.14452045,0.18977098,0.47746253,0.04011687,0.35360694,0.22367138,0.2055868,0.36973017,0.077144824,1.3960257,0.23449188,0.23219335,0.54543555,1.920473,0.1861617,0.98311716,0.63411546,0.26927516,0.36079705,1.1237663,0.24471113,0.28340635,0.41790015,0.70834506,3.082419,1.1917063,0.10688696,0.10728624,0.32205698,1.198734,0.25293586,0.10225239,0.49168944,0.38524884,0.1880768,0.96581936,0.7658565,0.13235928,0.5827316,0.9874378,0.36485407,1.113107,0.25064942,1.2003534,0.94991976,0.5708936,0.7689658,0.22401689,0.35293952,0.3719962,0.21419106,0.43826848,0.48168755,0.106177054,0.82196605,0.87892616,0.061454218,0.64793444,0.3783231,0.6515789,0.48100486,0.13882405,0.01249786,0.5464415,0.14813258,0.35719064,0.19969776,0.7733501,8.212574e-06,0.88856333,1.9719577,0.86395556,0.279343,0.058967907,0.31369227,0.67948353,0.0,0.22173597,0.0815253,0.77278143,1.5591677,0.006199912,0.013576496,0.04023374,0.37183854,0.30048332,0.14524265,0.688768,0.04405004,0.019715086,2.1540112,0.4877673,0.5749699,0.09877352,0.22097793,0.04749116,0.4027356,0.14653395,0.783309,0.22458751,0.33172783,all_pothole_images\pothole_images_enhanced_4db2150ed437d25a973ef3aa3eb6e9cf.jpg
0.24244401,0.036746744,0.04791368,2.2378511,0.22203659,0.0,0.021990571,0.014011115,0.09966201,0.19034465,0.09313408,0.3503759,0.0020593645,2.7234132,0.01885377,0.000677995,0.030230239,0.36247218,0.7827836,0.012369484,0.8073626,1.7203629,0.0012566715,0.0,1.6022884,0.016891982,1.0547714,1.3904419,0.15735798,0.19733489,1.181239,0.06719881,0.8724994,0.08302912,0.369573,0.61005193,0.17009045,2.1207848,0.047545325,0.9811219,0.0,0.024682732,0.21405865,4.061511,0.07791009,0.041384052,0.0,0.0,0.24746971,1.1358374,0.60731715,0.555489,0.29261553,0.22624965,0.19778095,0.7442378,1.7517308,0.042771004,0.018947726,0.100847594,0.05794098,0.22602434,0.46977326,0.22123772,0.7657861,1.8437533,0.044896983,0.016488634,0.66192096,0.18484761,0.5482751,0.013785871,0.016119434,0.20086043,0.62637085,0.02205965,0.09675409,0.39005083,0.06876323,0.021315657,0.29235196,0.003932295,0.03905761,0.90552473,0.46665642,0.07215372,0.039343625,0.17106606,1.618804,0.30468935,0.2891408,0.0,0.017248394,0.066268444,0.0,0.0,0.47279364,0.45729932,0.63623315,0.014331273,0.0537865,1.6434377,0.45481974,0.10955831,0.2703332,1.4013293,0.106835574,0.4826038,0.22747354,0.07744567,0.0,1.7775131,0.009326223,0.04829272,1.1561097,0.04397157,2.3178248,0.3426636,1.7452945,0.41718045,3.436191,0.4059005,0.0,1.938614,0.05546387,0.107769676,0.0,0.7067315,2.1193275,0.08213396,0.5832556,0.020068765,0.18986349,0.0701214,0.42968524,0.17667557,0.04386689,0.6040267,0.13222939,0.13079406,0.43340024,0.60956466,0.35265064,0.43798208,0.0012358112,0.9193381,0.012182332,0.5459138,0.2752702,0.07347097,0.30335706,0.4726026,0.068840295,0.070179746,1.5738999,0.11555014,0.17293708,0.11211511,0.7536932,0.06603449,1.6692206,1.1126688,0.016595216,4.6619,0.0020916862,0.035024315,0.49679986,0.41093525,0.5290538,0.7962743,0.013684627,0.0,0.053120885,0.45370692,0.688174,0.07639306,0.14271525,0.12814783,0.035653222,0.020693678,0.0028181337,3.709135,1.8608961,0.9189436,0.53328174,0.76165986,0.0925083,0.037743017,0.33792722,0.2577687,0.013736868,0.5818978,0.09382887,2.6133747,0.12822889,0.793658,0.27101654,0.2878013,0.03101101,0.7010839,0.5342665,0.19177951,1.2731396,1.4039054,0.76091474,0.30521348,0.21139911,0.39335707,0.021281164,0.0,0.0,0.013990704,0.22946751,0.7842653,0.59282374,0.22293825,0.11923261,0.052910153,0.7610814,0.021565525,0.008792434,0.33670822,0.009088693,0.05679617,0.40252024,0.3232748,0.68689805,0.18370236,0.4075428,0.22232229,0.18348293,0.045434844,0.45305544,0.7188927,0.021706708,0.051952362,1.8493115,0.0063379416,0.2839349,0.07214834,0.0063209306,0.08678668,0.13061552,0.058865905,0.40902296,0.0,0.06859215,0.63703114,0.05617996,3.1650324,1.6721318,0.29075244,0.5931448,0.013628284,0.2564732,0.5956745,0.15751916,0.21566308,0.32904756,0.75322086,0.2286166,0.047939446,0.63754904,0.21305624,0.5442538,0.45654988,0.43827823,0.75323015,0.48299944,0.38101506,0.01625764,0.02024948,0.083209254,0.09676489,0.7776414,0.43148866,0.54265934,0.58139706,0.30601284,0.15170805,1.2210505,0.07475679,1.0219194,0.0512644,0.43568498,0.8294391,0.8099378,0.51836836,0.37322262,0.403265,0.0,0.043123696,0.07895897,0.15345892,0.08797082,0.058744058,0.26696166,0.60020715,0.15101032,0.9821132,0.8832311,0.77049124,0.058518905,0.7668295,5.8661523,0.12822543,0.00040932547,0.49647063,0.007990296,0.23567769,0.09035412,0.77051514,0.35571623,0.5953926,0.032033466,0.16606012,0.020382097,0.59327424,2.2539754,0.15664561,0.29069677,0.002657786,0.27615926,0.14060621,0.2728916,0.29608476,1.0838987,0.004672456,0.35905463,0.040996194,0.9464981,0.33723775,0.20440511,0.02962795,0.05598973,0.064246885,0.1579614,0.37324986,0.36686185,0.03830593,0.05792746,0.16423285,0.23176165,0.089298666,0.8521208,0.4672698,0.0,0.038892474,1.0423213,0.18470384,0.5495689,0.61824983,0.03321487,0.104395874,0.068204924,0.16051683,0.4481054,0.84124196,0.8340689,0.6988226,0.056641657,0.23716928,0.38168198,0.050395027,0.004693233,0.035878792,2.4689262,0.35443828,0.135877,0.38398236,2.7867362,0.18603566,0.21613759,0.1544935,0.26109773,0.045056853,0.025124455,0.0024427618,0.077863924,0.24084555,0.17568241,0.14872888,0.27693817,0.30628717,2.1277072,1.5816875,0.25881785,0.0061423983,0.048623282,0.3945594,0.63551754,0.27161166,0.20696805,0.052532125,0.7485675,0.45275408,1.1443368,0.3788671,0.012842496,0.21738392,3.315429,0.572205,0.107617006,0.6296233,0.4231107,0.015126841,0.09410452,0.63267976,0.23384102,0.0,0.2867106,0.41144854,0.5308175,0.32414916,0.097058214,0.008475579,0.426679,0.015853662,0.005937,0.003183539,1.9599235,0.12215698,1.2402647,4.1198726,1.514259,0.28501096,0.7339636,1.307759,0.22545706,1.782317,0.07864987,0.36640364,0.48359495,0.08796576,0.7808564,3.7418199,0.39969337,0.38781357,0.15619989,0.1815532,0.37598196,0.3395111,0.21608506,0.55575424,0.285031,0.0,0.9589406,0.27428135,0.45422247,0.9111957,1.9947653,0.10850929,0.09838121,0.29548174,0.51552165,0.47950658,0.3121687,0.22615929,0.15514661,0.8214312,1.826386,0.4645125,0.9504596,0.0029600067,0.5772392,0.24594015,0.033618163,0.0,0.11410462,0.11522545,0.81473196,1.0660604,0.031092225,0.36887825,0.050160598,0.051288184,0.22660734,1.2852335,0.017600287,0.007347262,0.17537743,4.8881574,0.58426267,0.002542672,0.014589263,0.34558722,0.19741894,0.0,0.786644,0.09461716,0.51762784,1.0145476,0.0,0.13047288,0.011905396,0.0014815058,0.105991974,0.09288503,0.2803295,0.0037740085,0.04718089,2.854537,1.2370428,0.4469733,0.007961426,0.23777308,0.52555233,0.068986155,0.09420329,0.0,0.26517007,0.34559876,all_pothole_images\pothole_images_enhanced_4dc4d14efbbef3d6a89a3a21c299c14b.jpg
0.19050796,1.3224955,0.19125985,1.6056637,2.0000975,1.4309582,0.96192575,0.27166983,0.0013702089,1.4706217,0.17827575,0.91560876,0.34321734,0.5216607,0.014346677,0.11940744,0.25077775,0.44456318,0.9733544,0.13079119,0.43569642,3.5169303,0.4499517,1.3768815,0.98523474,1.1033697,0.8789071,3.957595,0.1689058,0.12230044,0.24585877,0.067316376,2.441857,0.0,1.4094198,1.9049156,0.5671955,2.393919,0.16282167,1.2603129,0.020294614,0.07207319,0.21948977,0.49123272,0.39399126,0.0034160758,0.49528936,0.018535143,0.8285226,0.2093235,0.7004298,0.25119132,0.124263704,0.4468074,0.042925224,1.7794694,1.627824,0.28985885,0.18695061,0.29237986,0.66398555,1.3217027,1.4381945,0.030781185,0.34197733,3.2526474,1.05584,0.63669,0.3267815,0.7285629,0.56542826,0.052232653,0.38076848,0.86251396,0.57200414,1.0663383,0.08414829,0.30643353,0.29937083,0.49917412,0.30336392,0.09070116,0.12990211,3.2453291,1.2548476,0.3221417,1.126767,0.05661137,3.502134,0.30909473,0.29787776,0.5499667,0.0091390945,0.23327753,0.35459214,0.0,0.08543623,0.30619308,1.3439257,0.4450636,0.011151638,4.641765,1.2583631,0.123081535,0.11547052,0.10279242,0.38147727,0.02880042,0.0053579216,0.20148398,0.1652495,1.5126126,0.8929907,0.07928695,1.1235907,1.2894139,2.624392,0.2972766,1.2080626,1.6030483,1.8363183,0.2568687,0.95738375,1.4005952,0.4020283,2.7395835,0.18524273,2.8165927,1.1120532,0.951148,1.4756513,0.004892858,0.23023812,0.30378672,0.266027,1.5155554,0.062046092,1.4128135,0.33593398,0.6506092,0.93488854,0.39934835,0.031498224,0.37978837,0.45753762,0.842509,0.54121447,0.07318281,0.30400124,0.6517783,1.026339,0.5043666,0.010193912,0.086527064,0.6485677,0.651714,1.2737993,0.06902088,0.7588581,0.12378833,0.8771622,1.064989,0.119749226,2.030216,0.34093592,0.17650224,2.4856355,0.9598441,2.1330082,0.64957726,0.21710923,0.043239623,0.022307687,3.028897,0.6931934,0.2549621,0.33361903,0.6780515,0.07606485,0.33621585,0.48240292,2.1328983,1.5434825,0.5791078,1.3721145,0.41072446,0.11217228,0.23133244,0.016516853,0.7011803,0.567251,0.8461136,0.0,1.156211,0.102161355,0.11727582,0.35171536,0.42240098,0.26500714,1.1724752,0.27599204,0.49837697,0.44551396,1.5186875,1.3612729,0.7875481,0.084600426,0.5749197,0.63778466,0.5392406,0.51510715,0.34660432,1.1363997,1.3537605,1.549108,0.7828996,0.6777814,0.4894818,1.3597872,0.45281452,0.52928185,0.20349777,0.026633764,0.24417187,0.24650905,0.54101866,0.39940727,0.6343475,1.699922,0.018739082,0.05861097,0.42409554,1.0515963,0.41470695,0.95013744,0.113834076,1.2468523,0.048009854,0.0025015934,0.049059138,0.10402098,0.0,0.7130835,0.14272633,0.2797101,0.0,0.26060998,0.22314422,0.47225857,4.3689966,2.351361,0.35906917,0.5754562,1.0259781,0.06743141,0.18899603,0.657542,0.0068366705,0.6323139,3.7097132,0.40256628,1.6612221,0.4502877,0.433963,0.007075627,0.502481,2.2948308,0.02664738,1.2874392,0.5682584,0.5842263,0.4639312,0.24353978,0.115359515,0.7525848,0.5737325,0.25928956,0.2469601,0.68796706,0.78167325,1.6948494,0.10682438,0.34156072,1.2649972,1.6418251,1.177931,1.2775502,0.17199454,1.8957263,0.79020727,0.18157654,0.49105707,0.19228019,1.2623006,0.54187924,0.13467717,0.32976723,0.63588387,0.10617833,1.1393423,0.020089263,0.7988046,0.38121825,0.7432488,4.3896756,0.37417406,0.40359768,0.11296549,1.1874155,0.6628224,1.7756593,0.47398058,3.9367003,0.9673077,1.3079057,0.3459544,0.13041286,1.4575379,2.2513192,0.0029869408,0.17013454,0.03527243,0.033904042,0.3229691,1.570036,2.2424533,0.67960256,0.05673795,0.55535215,0.15101539,2.4582224,0.48016706,0.014392571,0.3104324,0.00085823634,1.2236074,0.7246904,0.09870511,0.37628025,0.55390334,0.09482699,0.5997163,2.1755328,0.10820274,0.30437848,0.22985722,0.6802129,0.07247732,0.10862348,0.9255825,0.83493686,0.6668231,0.13628852,0.71940863,0.0828915,0.020883312,0.22251247,1.9549689,2.0998516,1.3445704,0.1990342,0.09613146,0.2362319,0.65864766,0.01586383,0.10488177,0.8468147,0.7200412,0.3903361,0.19783638,1.6998359,0.03712294,0.78719014,0.2993705,0.7375768,0.54862183,0.023555985,0.09834888,0.21449684,0.3656623,0.56704605,0.0,3.0942934,0.2385872,3.957099,1.3517048,1.9637971,0.0041347193,0.60716355,2.3374634,1.4023851,0.14501981,0.049722854,0.6207965,0.009271057,0.015925845,0.817801,0.11099171,0.47092235,0.5131352,2.0535786,0.2908681,0.31592152,0.2695969,0.51622844,0.0,0.20295875,0.15794557,0.29225495,0.13767824,1.2948312,0.17098764,0.13215958,0.3759807,0.36755207,0.1460271,0.2608964,1.060158,0.7183721,0.062769726,3.8991425,0.6573181,2.3632143,1.2248731,2.6096418,1.7289186,0.7249532,1.2828257,0.553101,1.2282022,0.71131665,0.0554664,0.65315944,0.18259817,1.3457649,2.067114,0.67166096,0.6722108,0.8101017,0.12728001,0.68468094,0.24576277,0.41027045,0.48490468,0.43635526,0.5339828,3.0501597,0.7312871,0.22441615,1.7287786,0.62601346,0.24264392,1.6495638,0.83100027,0.98017895,1.4533741,1.1437441,0.34632465,0.20052882,0.54621595,1.1788095,0.21556406,0.13570157,0.39598724,0.69706213,0.643944,0.40905854,0.43359953,2.2747889,0.44397983,0.5296566,1.0542791,0.04205032,2.1336267,1.557541,0.03049349,0.44015035,0.97809887,1.6552318,0.035252288,0.28959805,2.4993987,0.7332488,0.2912541,0.012536822,0.072609104,0.9705503,0.008234904,0.34536391,0.059833534,0.7291353,1.6007179,0.10002198,0.044753097,0.01703134,0.353471,0.0325493,0.68073744,0.014344009,0.0,1.0303471,5.4730983,0.11114016,0.36715597,1.7407905,0.14215776,0.28102735,0.78476673,0.32781827,0.36995018,0.5508536,0.157849,all_pothole_images\pothole_images_enhanced_4dd6114ca37d7d8bb41753ed2237d164.jpg
0.62734455,0.95971894,0.14506984,1.0187916,1.8354663,0.9077754,1.2043085,0.6602682,0.6949141,0.036732934,0.17307355,0.21523918,0.25243086,1.5659481,0.29788274,0.34454173,0.0029940703,0.83142024,0.113676526,0.44545943,0.70261586,2.3484821,1.1826547,1.7892066,1.4176953,0.17769058,0.46321175,4.018931,0.2634606,0.8158445,1.3748454,0.15357488,1.9345618,0.5041787,1.4471903,1.1373047,0.699002,1.8908602,0.12722063,1.9116532,0.85160655,0.11843603,0.3110512,4.539685,0.345869,0.88073045,0.22297464,0.05395537,0.6602877,1.17507,0.8145867,0.34022978,0.959878,0.18961382,0.0965386,1.0239046,1.2238222,0.48189417,0.16059844,0.042502165,0.87272066,0.9680417,0.8125876,0.047544576,1.1347843,1.5816417,0.5622335,0.20929064,0.00055579754,1.1125356,0.6246002,0.6598917,0.62969667,0.21360812,1.0705328,0.83941674,0.5218709,0.5524227,0.049243983,0.1615636,0.5601162,0.68253964,0.0,0.89420146,0.34308383,1.8998775,0.5996432,0.31378794,2.340618,0.10617293,1.026954,0.5590357,0.78937846,0.16913098,0.14069632,0.24641845,0.23721157,0.59469044,0.41575068,0.48501056,0.1444248,0.7361211,0.36677006,0.048842322,0.38622415,1.218963,0.77247846,0.09319134,0.2592115,0.58096075,0.9924922,0.43201372,0.017209882,0.2711613,0.8408796,1.1402234,2.6746943,0.58252305,0.49529523,1.1033078,3.1025558,0.36561304,1.0061626,2.4821079,0.9852267,0.5467872,0.042304948,1.4748787,2.400407,1.8300681,1.4654766,0.5832537,0.82145846,0.46371433,0.2791001,1.7563425,0.1109391,1.7730578,1.2339467,1.2336217,1.2421187,0.08079009,0.08508787,2.3966982,1.0720206,0.9789407,0.5819295,0.59192616,0.28657126,1.1173362,0.61176914,0.84700555,0.15564409,0.041269306,0.88885784,0.2343893,0.7499108,0.41339168,0.25144354,0.8185697,1.6588811,0.3282926,0.18586296,4.277674,0.666461,0.0,0.9870166,0.73105574,1.2892367,0.60467994,0.6841915,0.11012645,0.04349276,0.7602367,0.6455136,0.050888658,1.735889,0.16535054,0.18533881,0.45139033,0.033160422,1.8134003,2.9579499,1.1841056,0.8278547,1.189044,1.757032,0.032550976,0.25397515,0.50368416,0.720535,0.6326683,0.21323451,1.6890869,0.021173807,0.9502414,0.080857664,0.26833296,0.023514219,0.4770148,0.24370235,0.5335483,2.1368265,1.5650047,0.6676178,0.7825583,0.3817819,0.43654275,0.47736862,0.06399547,0.817579,0.5572192,1.0434412,0.7921545,0.69722325,0.48069555,1.0159018,0.09998602,1.5616213,0.03340687,0.54119873,0.15647437,0.049894396,0.5906875,0.13536075,0.3135503,0.6203168,0.49034274,0.2920519,0.4296963,0.20994374,1.3759181,0.6024399,0.14438567,1.3276653,1.5624596,0.8982855,0.34794983,0.0036723588,0.18660863,0.07527982,0.022496628,0.14551242,0.26041806,0.152045,0.29177073,0.34450892,0.07754159,0.8290663,1.4098045,3.2081223,0.37680835,0.7509929,1.0570518,0.80292,1.2555636,0.38734964,0.030447524,1.4616431,0.07452894,0.40698034,0.74338686,0.54859936,0.69312644,0.5549128,0.14375164,0.0,0.87462384,0.76296717,1.2953163,0.05177379,0.28793862,0.16093619,0.48853254,0.060116284,0.90883446,0.1352864,1.9298571,1.0420313,0.6999713,1.7746154,0.4311579,0.8048382,0.34639606,1.065715,0.18044105,0.87762153,1.5280454,1.2216315,0.015884412,0.44185582,0.9719608,0.07505771,0.9995153,0.5492985,0.14606443,0.1910779,1.0441034,0.45563093,0.25897345,1.3899112,2.4145803,0.1462819,0.6066766,6.031251,0.06954582,0.006194453,0.17414933,0.09705459,0.7468731,0.16882594,0.5778056,1.6419257,0.7616104,0.034182277,0.63916606,0.088527076,0.24450226,0.46751636,0.0089095235,0.71498185,0.28466314,0.03004502,0.24518892,0.77101094,0.37464386,2.3295023,0.9754357,0.465735,1.7791022,2.5708678,0.030103812,0.73855805,0.7992242,0.68880934,0.8873428,0.84427726,1.9374585,0.49682173,0.13115738,0.6873465,0.4184764,1.0778598,0.3619613,1.6788404,0.018824954,0.072115645,0.2007602,1.8675705,1.3527704,0.25377676,0.9251303,0.44675693,0.114199035,0.50656927,0.36700657,0.9916439,1.312088,0.55429226,0.58322674,0.07490987,0.0015536741,0.28311202,0.2445447,0.19124068,0.4249761,2.7212558,2.4222884,0.08987962,0.99627954,1.4466207,1.4229895,0.38968402,0.46038374,0.7923253,0.1488648,0.35176748,0.24927843,0.7603476,1.5382829,0.03799861,0.16584454,1.5984538,0.50847906,1.9930092,2.1206532,0.92335397,0.086681366,0.025023425,0.802981,1.4890612,0.08236549,0.43841138,0.66494864,0.30246776,0.025348237,0.9986304,0.037896007,0.11041784,0.04135954,2.9624248,0.720977,0.13603073,2.171707,0.08953328,0.4296117,0.4781149,0.7519155,0.36915642,0.54642063,0.83041483,1.1269857,0.6999558,1.0930228,0.182646,0.5541661,0.4819249,0.8321539,0.04229276,0.24840742,1.4195832,0.96692795,1.5477223,3.7228587,2.0259128,1.5533123,1.2084136,2.4631715,0.14661,0.26424205,0.7303426,0.110377125,0.26873848,0.29071608,0.16189474,2.2474053,0.41940248,0.27803642,0.9633281,0.2705051,0.4727024,0.2928409,0.19909509,0.35153764,0.4976199,0.65696526,2.8882663,0.4063388,0.83007777,0.12204797,1.725253,0.51036614,0.7763352,0.4098521,0.98806393,0.114450745,0.63246876,0.46742263,0.38101032,0.38407114,1.1610099,1.7018718,2.5042615,0.5191247,0.1938315,0.060572624,0.8367976,0.8344967,1.6544774,1.095375,1.4149455,1.4770453,0.45860726,0.058154237,1.1187897,0.41357973,0.12673114,1.8303614,0.98843426,0.032935984,0.67814666,1.9434354,0.24685396,1.3772408,0.12866376,0.35903028,1.6730652,0.61120284,0.25938675,0.8976759,0.24818154,0.0863091,0.076743565,0.22192842,0.31772655,0.06350661,0.0,0.10422862,0.43215573,0.044286314,0.7103574,2.2979877,1.2182059,0.9150012,1.4746503,0.2204849,0.645731,0.3972858,0.012855694,0.46026236,0.64639187,0.17699078,all_pothole_images\pothole_images_enhanced_4e0d8a24281f8ee504b7a0913b655fbc.jpg
2.1506236,2.081189,2.3599715,1.1513959,0.5577765,1.1604965,1.2211543,0.8422443,1.0123626,1.34853,0.20135228,0.34112972,0.3044561,0.6748101,0.4500191,1.5185223,0.86657804,0.34304473,0.7282036,2.0855968,0.37567028,3.2088563,1.449523,0.9892146,1.1757854,0.4093384,0.5669334,0.9550808,0.7643496,2.0622842,1.2606305,1.4403411,2.2873602,1.1986037,0.5022243,1.5024217,0.20741674,0.46439344,2.106304,0.817448,1.1504564,0.5617376,0.20904891,0.4597871,0.26214936,0.36331004,1.8241335,0.20164867,0.64169085,0.6252659,0.5941841,0.108210385,0.08531386,0.34004048,1.0350606,0.9592348,0.3677976,0.0,2.214809,1.8466061,0.20469089,0.18676475,0.24665384,0.0,0.19620642,0.7116686,0.3845887,1.5118175,0.05698379,0.25788638,0.91464216,0.41279873,0.9906401,1.253094,0.39811692,1.4992259,1.0994613,2.2508187,5.462329,0.54979855,0.01372401,0.0,1.27395,0.22907549,0.7211596,0.07791093,0.24279608,0.2158328,3.0697138,0.529949,0.29362532,0.1708416,0.7881138,1.0115936,0.048707332,0.0111039365,0.64936525,1.0998766,1.257014,3.0855403,1.4644655,2.3657095,0.59046185,0.8328261,2.7756097,0.18397051,0.007380572,0.5585923,0.69787,1.2093017,0.25406304,3.3210778,0.4452112,0.8515661,0.00935185,0.2647831,1.3630162,1.1371893,0.36542985,0.5253803,2.2548501,0.6718442,1.3682914,4.104575,0.8385997,2.1262426,0.79677314,1.2400249,0.44183034,0.78080034,0.02714405,0.06561909,0.41482976,1.7658459,1.5885663,0.48567644,1.7864716,4.333437,0.43307254,3.1194458,0.6515446,0.068987526,0.111119114,0.48248112,0.86105734,0.8291784,0.23623449,2.319991,0.22965382,1.5365552,0.96296316,0.2876892,0.06011226,2.018264,0.41335672,0.9361749,0.42320275,0.4141434,0.7468934,0.7927256,0.26754087,0.6057772,0.29409397,1.0892555,0.82636464,2.2161186,0.054526377,0.014963556,5.4425874,0.59457546,1.3933517,0.18150964,0.009532401,0.6548836,1.7987138,0.3519689,1.7003776,0.0964804,2.4401093,0.39663061,2.4849195,0.96961784,1.9572477,3.8472943,2.9917064,0.05659258,0.412341,0.2101331,1.1435567,1.2629182,0.54880524,1.1084417,0.15845563,2.0810082,0.4393346,1.2429028,1.0077931,0.77803445,1.50553,2.7659576,1.1125667,2.3841777,1.8367536,0.15404709,1.5652821,1.9498261,0.36645356,0.7713041,0.8080007,1.1586503,0.78595513,1.1250873,0.4441893,1.5428108,1.4061643,2.2608707,3.3330731,0.41779333,0.84994894,0.041162618,0.23298801,0.17811812,0.7551437,1.5475918,0.08465777,0.5310372,4.199301,0.9584134,0.5065156,0.26080677,0.068313226,0.23551576,2.4827998,0.35491985,0.053441856,0.5114758,0.28979185,0.21213311,0.53332084,0.6502379,0.65333354,0.34861678,0.31555876,1.6688712,0.4234098,0.706177,1.0633315,1.1059308,2.3692636,0.8896216,1.0107415,0.8627107,0.67865926,1.0138844,1.2376028,1.2800087,1.1788019,0.25586286,1.112019,1.0468935,0.28031033,0.09508784,0.31237814,0.6004502,0.0,1.4884107,0.12881197,1.9805524,0.21561575,2.315769,0.0049212584,0.9884037,0.3854262,1.8618709,3.6617823,1.0451226,1.7457161,2.2856963,0.33723348,1.3681804,0.30082607,1.470521,0.41931808,1.7180274,2.2577147,0.7429963,0.74874675,0.8787094,1.6179827,0.17487134,0.49341786,0.64533603,0.10905604,1.194744,0.3285947,0.09254705,0.8962475,0.24655399,0.7362913,0.85414964,0.14744347,0.49491373,1.281575,2.2422862,1.0997418,0.6725816,0.7649701,2.4378753,2.352542,0.5844115,1.559277,0.44313794,3.866478,0.72353035,0.35251272,0.62758964,0.42987037,1.6481202,0.5050223,0.058501422,2.8274124,0.42273796,0.65252376,0.917271,0.07005536,0.52712613,0.91752577,0.420921,0.04941664,1.0455976,0.4513916,0.49258772,0.62816036,1.1364001,1.1729385,2.5243,0.65755695,2.082845,1.5737033,1.0525185,5.3952613,0.57238466,2.3515348,0.14576213,1.6605207,0.23713787,1.6585574,0.05788436,0.9565212,1.2784588,0.27493468,0.47607982,1.0922955,4.290094,0.5008753,1.4803993,0.5068212,1.3755468,2.1352675,0.60839707,1.0432268,0.6927106,1.051743,1.316347,2.7179914,1.6152633,0.9234203,0.695724,0.9416089,0.97778726,0.6006743,2.5047703,0.57453966,0.010086751,0.74255383,1.1471255,0.5971528,1.2293614,1.8199391,0.17900504,0.39259884,2.0613098,1.6831546,0.5371968,2.4259129,0.1036821,0.62626356,4.292257,0.57028514,2.3710184,2.455353,2.0745454,0.013293976,0.5840069,0.60907614,1.2360728,2.7598531,0.2857468,0.14097615,0.731287,0.8129514,1.6401337,1.9736493,1.0503595,0.46078956,0.90914947,0.30702358,0.72014874,0.2792168,0.932165,0.5841494,0.629499,0.97779894,0.08476659,0.0,0.9273932,0.4797385,0.84371907,1.0816785,0.14679502,1.4750452,1.0295714,0.9909391,0.5047414,0.3736801,0.5864515,0.76753116,2.2797859,1.1865174,0.6311323,0.11978411,0.7794393,1.1584452,0.25290683,0.7866054,4.4772325,0.04473933,0.04299948,0.6472297,0.3568599,1.2559707,1.3530384,0.26080915,0.1851642,0.51145744,0.20200744,1.300784,1.0640266,0.101955295,1.3616239,0.2406549,1.7035273,1.8988694,2.4028518,1.4651555,1.0560285,0.7480619,0.7299852,0.41719946,2.6106374,1.7048386,1.878553,1.1271459,0.014055774,2.7704318,1.4850906,0.7437247,0.7021526,0.72234935,0.98287696,3.262502,0.06783689,0.13191243,0.7478676,2.6613195,0.45668185,0.5405293,0.6291356,0.4255899,1.4513503,0.61769813,2.173155,1.0679048,0.7351892,0.003390395,0.45196858,3.3643813,0.31877318,1.3445411,0.12613603,0.83483654,1.6284099,0.3765494,0.057152513,0.3762969,0.78264236,0.8999987,0.34301406,0.9759912,0.87272847,0.59939015,2.2129958,0.8208672,2.6819823,2.219646,0.018362403,0.36767197,2.3376727,0.21924523,2.8115869,0.005753009,2.0976942,all_pothole_images\pothole_images_enhanced_4e1520cdad8f94c215050d595eadd866.jpg
0.37973994,1.5841516,0.9394403,0.88779324,1.581449,0.085833706,0.29180044,0.47080943,0.841039,0.517995,0.3726937,0.22264437,0.3945015,0.022532934,0.0,0.47207797,0.34694302,0.0,0.8208145,0.11894917,0.06771295,2.9959817,0.713105,1.6264585,0.52673095,0.4360384,0.042624243,1.5335956,0.525256,0.18358456,0.7429856,0.0568542,0.56813735,0.35800087,0.62967527,1.218639,0.19670883,0.7256378,0.19728151,0.6194397,0.059382867,0.11755073,0.03607293,1.3499204,1.0753495,0.01361716,0.08577752,0.19853014,0.76024866,0.81619376,0.623423,0.117865264,0.14201789,0.15625499,0.023998715,0.21251462,1.9923266,0.011890396,0.5406907,0.25217414,0.052160293,0.33123162,0.55553716,0.13859545,0.08125702,0.7505636,0.6151676,0.08912854,0.14038989,0.63935703,0.030771235,0.53939193,0.09371096,0.0047517014,0.12073535,0.9146899,0.41571072,0.24130768,0.0056435415,0.3302803,0.047924697,0.0871337,0.078560844,1.4768976,0.79356444,1.0196744,0.046620782,0.09473547,2.8827581,0.61387146,0.0,0.12671399,0.020313937,0.008081376,0.60970396,0.4020335,0.56631476,1.2591743,0.02543242,0.19828399,0.28099483,0.24598989,0.17715703,0.35034707,0.05328549,0.0,0.049442656,0.23902301,0.11548546,0.16891958,0.28601733,1.8454418,0.29738462,0.22974408,0.12094667,0.5633792,2.3010538,0.00093889574,1.2924901,0.6116112,1.2778165,0.9482626,0.27146116,0.7839944,0.025461758,2.2983544,0.056260448,0.6122345,0.47794586,0.60129786,0.26708233,0.044659067,0.18029216,0.16038609,0.14695051,0.99712276,0.13398694,0.1467094,0.49734542,0.17002134,0.28780314,0.07612065,0.024139063,0.8896274,0.016882721,0.26062888,0.24775232,0.4031782,0.36617154,0.86167854,0.9874748,0.35201064,0.058237825,0.0,0.90371156,0.08429187,0.44458225,0.21060579,0.7562525,0.033772983,0.63957727,0.21019694,0.23105465,0.5457203,0.07622033,0.19034246,0.17660728,0.0,1.0719556,0.028002743,0.04010736,0.2855037,0.057078227,0.0728742,0.6979286,0.01906722,0.89181983,0.0,0.08700264,0.17256694,0.0,0.6056158,2.032586,2.0539668,2.4713283,0.48393834,0.156147,0.27425572,0.9827719,0.28027835,0.09190061,0.12197152,0.09905727,1.1447326,0.1953565,0.06988455,0.46115965,1.0310605,0.24906775,0.99748194,0.22992824,0.30293623,0.0932603,0.6000331,3.067309,0.70970136,0.18975045,0.03954298,1.7407081,0.02297257,0.012711416,0.46489754,1.1986806,0.6620893,0.43087006,0.0804563,0.9390293,0.021796115,1.2778301,0.13608317,0.91327935,0.39807868,0.5376342,0.59423393,0.11531942,0.08133489,0.15490268,0.1292496,1.1093447,0.0775203,0.001140719,0.064640045,1.0670196,0.0126523655,0.72617847,0.35624593,0.6660276,0.012966021,0.002086057,0.0018021208,0.54775447,0.10802938,0.7298621,0.27351955,0.11298756,0.0,0.6340957,0.17783262,0.7565367,4.292812,0.38146988,0.103459165,0.2715319,0.11004563,0.031449955,0.017051099,0.85044605,0.028235294,0.8019043,1.0811238,0.06470914,0.10638991,0.6613596,0.38163415,0.12548248,0.49612674,0.17840527,0.38047627,1.4851614,0.40246025,0.17729653,0.06751284,0.022009304,0.9365688,0.61967885,0.9198873,0.15076932,0.08259965,0.4380365,0.56600684,0.14918254,0.22050406,0.17117424,0.114755705,0.94885546,1.4016618,0.19821805,0.62610745,0.5969362,0.2111491,0.5079125,0.019421296,0.041627552,2.3275359,0.16775267,0.20795096,0.2710604,1.4410759,0.5598545,0.38356048,0.06677694,0.4672337,0.016386969,0.15243274,5.849131,0.267174,0.09639341,0.38379496,0.011951327,0.02032889,0.0032248958,0.2830261,7.1110716,0.8506886,0.009766001,0.22269048,0.03167733,0.037825093,1.2091601,0.0053172717,1.2303272,0.049546786,0.021172129,0.54635096,0.4201114,0.797393,1.1852626,0.49850726,0.4938953,0.3413519,5.267337,0.1653006,0.0,0.00044899693,0.003230254,0.36048687,0.6171022,0.03511791,0.023156427,0.1408747,0.077268675,0.80649036,1.4494975,0.0860242,0.18893248,0.0075960774,0.010363655,0.052151233,0.12344667,0.9197437,0.25991762,1.0926924,0.07299276,0.8950681,0.17717476,0.06261148,0.78311,0.77381504,0.6777327,0.8877694,0.021774959,0.07286793,0.47815084,0.024697943,0.0030324294,0.64697605,0.3948583,0.7597571,0.3093238,0.24206112,0.5426767,0.72782934,0.35846174,0.12845357,1.2682314,0.75234425,0.2156992,0.22883281,0.01983397,0.3240292,0.028935261,0.2847682,0.3375069,0.94350743,6.015801,0.8678061,1.4866675,0.030993234,0.36147782,2.3035603,1.0026021,1.2437487,0.0028143106,0.15650228,0.043493595,0.20125678,0.4500396,0.09532703,0.016606208,0.22967564,3.7414358,0.056947645,0.12825187,0.5111021,0.062265992,0.0,0.28694806,0.59497577,0.010893366,0.0014934357,0.08766932,0.07343669,0.11581555,0.37545624,0.019339282,0.09542822,1.655765,0.054532066,0.08963688,0.041414246,0.098251104,0.7638123,0.49333054,3.3354137,0.73703647,0.6126671,0.65311444,1.3680308,0.03232869,0.54136735,1.1163987,0.43750894,0.018792525,0.4328202,0.23576324,4.860161,0.6926448,0.4471391,0.0140271,1.068082,0.073041566,0.19489373,0.01935914,0.5245706,0.3675047,0.079237826,0.7476486,0.46872064,0.61267865,0.81034535,1.4049689,0.5435914,1.1509714,1.014666,0.792648,0.33763236,0.9206292,0.42399436,0.069389924,1.3705653,0.48291707,0.11383058,1.1744015,0.030930435,0.33462593,0.26326117,0.1582249,0.0070571653,0.27444965,0.50992376,1.1325365,0.3237229,0.056572344,0.056236647,0.1504117,0.42081124,0.040474337,0.46762258,0.54026383,0.36746222,0.8081495,3.7233226,0.94970423,0.33239838,0.0,0.049296904,1.0600889,0.4922612,0.74479026,0.05161809,0.1735819,1.8514966,0.11292224,0.014232248,0.08578423,0.05562803,0.0,0.14750609,0.12523387,0.0,0.047870517,4.0603952,0.618743,0.2384048,0.15374523,0.9811972,0.00433085,0.153321,0.3016712,0.051150538,1.410229,0.15171972,all_pothole_images\pothole_images_enhanced_4e35793a456fdfdb7fa5acd78cce15ae.jpg
0.4643062,0.15455182,0.02376675,2.092218,1.9527977,0.11826005,0.13724442,0.037902955,0.20145686,0.4424581,0.5580487,0.121092044,0.0043288763,1.1563097,0.45971102,0.04596849,0.08202239,0.8431921,0.77621645,1.4856168,2.3591552,0.5845853,0.094823234,0.6081154,2.669114,0.5775468,0.43830022,3.207408,0.62697273,0.2909623,0.8656328,0.0,0.060490355,1.1000763,0.72770876,1.0134104,0.4168681,1.9792851,0.9577559,0.21965949,0.0,0.0010596014,0.9826902,2.3981216,0.8891955,0.2342963,0.00892923,0.0108752325,0.99205077,0.30505598,0.42564774,0.20590149,0.002551706,0.00094179885,0.2389035,0.95645076,2.3829484,0.27491134,0.0065266164,0.4014642,0.0,0.41901147,0.1654674,0.37721062,0.71114147,1.2169237,0.8354892,0.23337656,0.56923175,0.045889862,0.3997522,0.23832092,1.472948,0.3628235,0.81817484,0.80416274,0.01986295,0.7347517,0.06362932,1.0209862,0.0548719,1.1553195,0.14359258,0.71559143,0.0,0.0,1.0726434,0.8987502,2.942101,0.006054722,0.14092028,0.14043786,1.0437824,0.75638145,0.5197393,0.01370585,0.23431703,0.46557426,2.0090208,0.7452896,0.11862075,3.4048045,0.015390447,0.0,1.3164276,0.028894234,0.72327375,0.053605285,0.030616447,0.4703501,0.0,0.3108268,0.11291399,1.0806243,0.8466568,0.11786491,0.08458044,0.013162634,1.9790244,1.632162,2.4673893,0.9459532,0.0,0.25077882,1.1167673,0.84254587,0.03259732,0.8111883,0.7626033,0.7366864,0.32470465,0.3208456,0.05211627,0.16182098,1.0297929,0.30708286,0.4872189,1.7093923,0.6860196,0.084515385,0.02310145,2.3498828,1.7109483,0.20250373,0.3226026,1.5337799,0.22684754,0.18569402,0.32152602,0.3338232,0.4960405,0.30722845,0.0,0.37197804,1.8634307,1.3440884,0.95501643,0.26082328,1.6355036,0.87064666,1.7230463,1.2295876,1.0922241,0.89599,0.22394352,1.9720836,1.6312029,0.02232292,2.6092477,2.3682625,0.004425631,0.068123765,0.8215597,0.9714428,0.09850017,0.7410265,0.03838622,0.17540918,0.007255756,0.054723788,0.011694978,2.0307565,0.8583107,1.4475377,0.7297618,0.588591,0.12642853,0.120240465,0.113381654,0.63575995,0.07717981,1.6421444,0.057423215,0.44912696,0.21138185,1.1866764,0.93096036,0.18348405,0.73412734,0.14653003,1.0315083,0.25874946,0.23538598,0.8796983,0.024804592,0.25526324,0.13341773,0.86224145,0.7633237,0.10715368,9.277204e-05,0.0,0.038038567,0.28371143,1.6444013,2.5480502,0.017598918,0.0,0.75771666,0.2722414,1.3084567,0.0,0.13323748,0.009152296,0.015146793,0.49304822,0.36644712,0.2090289,2.3858936,1.1788201,0.45207658,0.0,1.2163299,0.81188464,0.42418396,0.24730188,2.8241613,0.16232926,0.09453492,0.5045771,0.39132375,0.010839905,0.97921216,0.6336541,0.73094565,0.009463514,0.39608866,0.21738958,0.520821,5.2709613,1.270137,0.2388496,0.0,0.9966849,0.092529014,0.8723636,0.13554493,0.22915328,0.03856102,2.0092394,0.75306726,0.0043067145,0.90493476,0.012380831,0.016830042,0.0036341946,2.376385,0.27370632,0.99248207,4.2575397e-05,0.058176395,0.0,2.13362,0.0,0.07697801,0.27312487,0.00708444,0.0880685,0.49064705,0.94310385,0.8833962,0.4174064,1.1697662,0.30550116,0.7638293,1.2687113,0.62526345,0.7634487,0.9648148,0.17619623,0.0,0.120582916,0.029839193,2.132551,0.046003085,0.27092093,0.27889204,0.33136111,0.0,3.4837935,1.8083608,0.2130213,0.021229735,0.08937322,4.2758055,0.20553312,0.05294835,0.067758255,1.5687389,0.3838841,0.5093617,0.31154156,0.9201048,1.6094594,0.8619368,0.014261099,0.06939449,1.6273091,4.3452086,0.06378508,0.06637891,0.08068946,0.48695576,0.6452715,0.037649464,0.62273425,0.17200516,0.21891277,0.007160078,0.20844224,0.8339264,0.17978401,0.11835394,0.026539877,0.0022721882,0.080070265,1.3891329,0.524548,1.0788673,1.7725004,0.7374825,0.049304303,3.3130424,2.0530365,1.3643788,0.05420774,0.747508,0.9508304,0.76114327,0.0,0.256081,0.37673926,0.058577076,0.42020944,0.16498639,0.006606541,0.0043303943,2.0773814,0.6726792,1.0492377,0.0019082658,0.21826458,0.5124862,0.2154713,0.36728698,0.0049786316,0.6084311,0.0,0.83088595,0.06573893,0.19059429,0.0,0.3162036,0.03497618,0.0,0.22574666,0.013834664,0.010534369,0.20581518,0.25800774,1.1553453,0.0007175295,0.18437669,0.14269459,1.2414479,0.80700403,0.65012157,0.051704265,0.018491738,1.7019684,1.6817378,0.72764415,0.00095255265,0.02900161,0.043982822,0.068513855,2.1211882,0.0,0.0,0.5589432,0.21122919,1.1750718,0.45331222,0.08430654,0.41404435,0.81973445,0.22054157,0.33417147,1.6687157,0.10761875,0.5001598,0.0,0.0,1.0555427,0.0,0.8731354,0.52162164,0.4668091,0.8337131,0.04450791,1.6993043,1.1907626,0.643892,3.0791721,2.3583918,0.66960514,0.7625262,0.24080195,0.49857965,1.25942,0.7336464,0.017658176,1.0296699,0.016707245,3.2187972,0.6262052,0.069920346,0.068704285,0.32881647,0.0021193516,0.9822358,0.026474763,0.05620105,0.18963312,0.097238384,0.017741743,0.037677687,0.39712486,0.42940566,0.43111208,1.629247,0.25639454,0.8285836,0.0,0.92217666,0.4200843,0.49766633,0.02967031,1.1758784,2.4069543,2.4497101,0.048214387,0.29356876,0.0,0.6881572,0.0005252392,0.25546643,0.3096065,0.83340186,1.6489223,0.24595392,0.03202968,0.00032461615,0.77566093,2.3999119,0.07069426,0.80333257,2.1903274,1.295015,0.6905739,0.5834091,1.0394003,0.14347251,0.18700472,0.6804752,0.0,0.21525753,0.31459466,0.3870978,0.043730006,0.2573644,1.2706705,0.09237629,0.03855659,0.0,0.034652866,0.010510787,0.64762,0.30490538,0.654996,1.2117426,2.9813356,0.60411245,0.0,0.40597853,1.2401305,1.0006794,0.3479726,0.39506257,0.6779449,0.3199491,0.6140496,all_pothole_images\pothole_images_enhanced_4e929fd44e8dd9710787de36254f878d.jpg
0.6742129,0.81532073,0.15992899,0.7680762,0.31108373,0.2348978,1.6179252,0.575,0.034303363,1.6478056,1.3417847,1.4262893,1.6707067,1.0948101,0.82868207,0.19102669,0.03994452,0.52597636,1.2872751,0.24271959,0.1744182,2.7960002,1.8059363,1.2570496,0.033181474,1.2296869,0.47065586,0.8805257,0.4146304,0.19609353,1.3396566,0.08126832,1.3692049,0.38769367,1.5275178,1.9042102,0.25053725,0.88911265,0.21234132,0.1952682,0.5025393,0.9390704,0.35612628,1.2235479,0.165873,0.54975194,1.4000659,0.31212196,0.35110542,1.6071322,0.829284,1.1740863,1.2720975,0.59600115,0.15813014,0.8010481,1.1654401,0.4520123,1.019699,0.44858068,0.85372365,0.4522867,0.6364737,0.17392358,0.9232145,3.1401877,0.5310662,0.38696027,0.050318815,1.850114,0.98816025,0.44045871,0.73485476,0.22550313,0.48604476,1.1251159,0.2983038,0.8353203,0.13620876,1.277352,0.6434568,0.58610874,0.84007955,1.3788602,1.3496045,2.546297,0.08793542,0.4442651,2.0711088,0.34889075,0.85944176,1.8994008,0.16712539,0.0372179,0.15571284,0.50984025,0.6168463,0.5789,0.8804207,0.26112568,0.72429204,1.8335302,0.09347279,0.8110179,0.74966276,1.0717334,0.95160836,0.33681393,1.0235279,0.24302204,0.2576675,1.0285374,1.1935508,0.80992335,0.99697906,1.0163718,1.767215,0.83848417,1.1015732,0.66874236,1.020685,0.81255573,0.32416165,0.61957914,0.117441505,0.95917726,0.42078927,2.0845132,0.57423663,1.7752692,1.4590185,0.86927193,0.13813879,0.3757194,0.024204949,0.60072225,0.3980552,0.6870664,0.8354551,0.3498811,0.73736304,0.9665201,0.68133116,2.653283,0.44717178,0.7358038,1.4366345,0.6648008,0.40901592,0.62679243,1.642209,0.20679303,0.118028365,0.4548202,1.2467297,0.46335748,1.4442406,0.43046558,0.5485129,0.8114263,2.29511,0.43675354,0.29652852,1.9631032,1.8073004,1.1353675,0.6323424,0.6625316,0.9243969,0.42631313,0.028770331,0.033166256,0.4897688,1.8224299,0.5136955,0.9970868,0.07988089,0.028670756,0.4538159,0.11281943,1.9239073,1.8044547,1.3486499,0.40029138,1.0778524,0.73934466,1.204025,1.0257344,0.20613581,1.378441,1.2006421,0.43134758,0.22697222,2.7396872,0.7723452,0.038418293,0.41868111,1.2707733,0.116911866,1.5192515,0.4898726,1.488408,0.87466496,0.37480804,1.9266496,0.030590737,1.0181748,1.1186875,0.47553673,1.539444,0.028545208,0.7194186,1.4642527,0.8254377,0.41370937,0.46769068,1.8051542,0.15071522,0.4125258,0.43944925,0.78645027,0.42119083,1.6085863,0.39667496,0.55217266,0.43092602,2.850931,0.01509986,0.3501676,0.050091714,0.24336615,0.66342473,0.4403368,0.59403557,1.2567105,0.15218578,0.3268938,0.19783407,0.004473158,0.15814513,0.16577908,1.4905378,0.39578515,0.5042242,0.17418721,0.10669519,1.6400383,0.290125,1.5559169,4.391334,3.0836449,1.2062626,0.3267051,0.27636674,0.8115307,1.2807864,1.3795168,0.07021359,1.1693369,2.0518925,1.0902619,0.6570568,1.151526,0.8462297,0.17942059,0.49672475,2.0525074,1.255403,0.862307,0.39347425,1.6957638,0.4739819,0.0807731,0.5017042,0.65935886,0.9278344,0.8340541,1.1281352,1.1945583,0.33147663,1.5696456,0.79292095,1.3233113,0.54508793,0.99746156,1.0610747,0.2086537,0.102867424,3.465961,1.0475336,0.5495487,0.30725905,0.5471698,1.6611763,0.4553552,0.08609859,1.3974922,1.1229068,0.98322,1.5205313,0.19018373,0.80704385,0.7436011,0.47588482,3.09119,0.25058526,0.3427287,0.29052815,0.16526625,0.5231074,2.386011,1.9510612,0.796427,1.0603099,1.6452276,0.97991496,0.14492263,0.6534384,1.9173961,0.51194406,0.9134642,0.10541076,0.16791387,1.6743752,0.7423641,0.7052054,0.34275472,0.12248456,1.1365149,2.5057704,1.8397291,0.70492196,0.03477629,0.189922,0.03626996,0.28430307,0.53188306,0.336004,0.23008302,0.14060086,1.3011363,1.4317143,1.2327143,0.15002273,0.12603664,2.6407542,0.32166496,0.038076486,0.17275915,0.14622249,0.63357514,1.8386228,2.3040054,0.42292288,0.6396213,0.19400597,0.98077375,0.43482652,1.0895772,0.50964826,0.54169613,1.9830663,0.6115058,0.20026785,0.16920689,0.40249407,2.1313891,0.38811505,0.90543145,0.046429936,2.0948832,1.2385899,0.6502306,0.110432,1.3055015,0.80676246,0.22054952,0.3939167,1.6106182,0.78074694,0.6553118,0.3168468,1.3722383,1.1056448,1.6284318,3.209664,1.7274384,0.03814036,0.8891975,1.352389,0.8716236,2.3396785,0.27235556,1.2060328,0.006725766,0.09059299,0.7108448,0.70156866,1.2310653,0.23806758,4.897317,0.72519284,0.6706042,0.5517514,1.0186,0.018301219,1.9586958,0.42965737,0.059639078,0.8202431,0.80663353,0.7271554,0.9120701,1.0281864,0.3881428,0.28838766,0.69486934,1.0100412,0.33785698,0.9371372,1.533449,1.6365138,1.3029238,2.3256829,1.4034749,0.45051175,1.0661656,1.8830273,0.66561383,1.3233521,0.4106291,2.0822213,1.3826019,2.1346805,0.8976057,2.6024098,0.5045082,3.2811122,0.13469584,0.27059174,0.5513097,0.39198956,0.056123804,0.09379881,0.646651,0.34162515,0.8522633,0.5024972,1.0647819,1.4632462,0.4767164,0.081175275,1.3575361,0.6809813,1.4348587,1.1289954,1.3176011,0.7990067,0.72692674,0.8997035,0.9735579,1.6595455,1.7393821,0.60446864,0.24235243,0.3401421,0.16347829,0.18512703,0.75589526,0.9337393,1.6958272,1.8952982,0.75833535,0.3358844,0.6301572,0.62005204,0.2734784,0.2586631,1.4052207,0.076585576,1.3448539,0.8622415,1.4901868,1.7521898,0.49230233,0.75655115,1.7282379,0.30548748,1.2891753,0.04922223,2.0979543,0.9377636,0.92773575,0.8053393,1.8246224,0.5166173,0.1301416,0.4024493,0.09089,2.4381282,1.7005169,4.232156,0.18110996,1.1673323,1.039478,0.4504067,0.38870284,2.8096685,0.09764848,1.6136719,0.22946759,0.37207428,all_pothole_images\pothole_images_enhanced_4ed3e9d73195bbc46bead7168392fa14.jpg
0.0026749005,2.413776,1.2629348,1.0583916,0.45022455,0.43315762,0.7379116,0.044986047,0.10943607,1.5697505,0.897502,0.5221607,0.20931087,0.9060428,0.44604507,1.0186692,0.1612048,0.17297588,0.80371004,0.26608855,0.02903872,1.4531412,0.6012532,1.4307626,0.29463613,0.8377518,0.21597372,2.3466501,0.3890068,0.97527045,0.4756596,0.0,0.5449278,0.083527565,0.5347407,0.24701828,1.447287,1.0782645,0.058828577,0.9121012,0.0,0.49238688,0.36526453,0.5319938,1.4615409,0.37890017,0.0044431114,0.003721598,0.7082401,0.015209477,0.87404114,0.17050776,0.52306616,0.5726158,0.077497445,0.63542986,1.7527817,0.027234264,0.43454525,0.12053713,0.3092973,0.26431176,1.6259727,0.30677477,0.29060003,0.516505,0.3532747,0.32924348,0.03006968,0.3782241,0.3692102,0.18388325,0.9624411,0.5014038,0.007365253,1.0070838,0.0,0.360707,0.0,0.66526747,0.029621124,0.56109965,0.73757505,0.71803063,0.92071545,0.5946496,0.102178104,0.1966586,3.05248,0.60417765,0.062274873,0.99689484,0.14783251,0.012276479,0.01554537,0.023857737,0.033608675,2.1788914,0.48692477,0.137579,0.6210131,0.63327575,0.9641234,0.35053298,0.20348696,0.16907209,0.43502375,0.060851336,0.4132484,0.62386227,0.039165903,1.300352,0.2863507,0.6413302,1.3424042,0.22878195,0.087597355,0.19301423,0.2515032,0.012950337,1.9572293,0.05110655,0.3472242,0.65684086,1.1630777,1.3050555,0.35754064,0.065756336,0.46417874,1.101493,0.00818555,0.5497237,0.048881616,0.55447143,0.20305286,0.0,0.08011189,0.32838267,0.46144626,0.026085226,0.52168465,0.40895596,0.19328335,1.0752743,0.26793084,0.24439846,0.011462685,0.032376066,0.18495145,1.4307324,0.6514954,0.13185218,0.3239234,0.018549534,0.5215632,0.24316822,0.16795224,0.38144898,0.004936034,0.5935334,1.0599458,0.53687465,0.44392666,1.0635334,0.9794862,0.03283221,3.4145813,0.20298077,0.6418706,1.5074403,0.0012918507,0.21369445,0.16552715,0.14679787,1.4419593,0.0007771723,1.1742489,0.26588973,0.37265116,0.4608929,0.1922125,0.16564322,2.258195,0.29974622,1.3886673,1.0696623,0.26310527,0.035677675,0.22410446,1.1836416,1.2452177,0.5141313,0.02962435,1.6163869,0.3391337,0.08777663,0.11087256,0.77320987,0.17357291,1.0390762,0.13509086,0.25355375,0.2129869,0.3970688,0.9625978,0.84097093,0.07369873,0.03912261,2.067026,0.16724925,0.62833387,2.242688,1.0400406,0.8617942,0.47529888,0.3931431,1.4034357,0.08070786,0.07327881,0.26429537,0.078484096,0.13341214,0.13285233,0.13249297,0.0,0.10752851,0.88655657,0.4434893,1.8140117,0.6566372,0.05883285,0.17071007,0.20475002,0.0077209175,0.92307204,0.025145365,1.02024,0.027237725,0.13237032,0.0662385,0.08754654,0.065384276,0.11316342,0.2871346,0.008127252,0.06837607,0.09688004,0.37207508,0.7963657,4.3439097,0.17021748,0.13249263,0.07547243,0.033665165,0.8861328,0.04946548,1.4259226,0.07674919,0.3175792,1.5638742,0.05407897,0.047097813,0.51480675,0.16248617,0.37783897,0.5958518,0.006349151,0.9541082,3.7841775,0.052077252,0.53215414,0.1926025,0.069818795,0.80890745,0.36425343,1.548109,0.02693369,0.48372033,0.31213596,0.5996255,0.17829059,0.17052747,0.15110695,0.650211,0.8741207,0.19098869,0.43234524,0.12951596,0.30796343,0.056249578,1.3738927,0.3063736,0.28275797,0.83336943,0.37128875,0.49071205,0.19861166,0.35031852,0.35620415,1.1537644,0.060414243,0.20524669,0.049366657,1.5121121,5.7660384,1.109047,0.045526925,0.06986658,0.73160076,0.34630737,0.007373168,0.7574539,5.829777,0.46027958,0.008438591,1.0042483,0.30254626,0.35856292,1.3222104,0.3178131,0.17115542,0.20239982,0.35833094,0.1374063,0.91059077,0.7785942,0.45014933,0.45467976,1.1578492,0.052709296,5.12493,0.19186541,0.014248113,0.0,0.00011806761,0.0,0.8082716,0.04333966,0.1924961,0.17076027,0.23478991,0.5125627,1.2623627,0.057097882,0.06793668,0.07491138,0.32881904,0.6786957,0.87009084,0.5441636,0.10333045,1.556602,0.4313897,0.21361443,0.035909276,0.0,0.059791215,0.93191475,0.0768755,0.13096026,0.33559418,0.39500535,0.63793045,0.41119796,0.0896678,0.35328954,0.42913327,0.19390808,0.079730004,0.23171954,0.7154264,0.49583346,0.15866749,1.1595538,1.0532916,1.338647,0.4143902,0.8696103,0.18824998,0.056616966,0.019485712,0.064981915,0.6625158,0.74475914,3.205374,1.1775293,1.7452836,0.46101752,0.024319375,2.5575733,0.12740879,1.0539653,0.7987333,0.0630424,0.120722495,0.28829005,0.08697072,1.5027223,0.34253412,0.5617725,1.5453864,0.24941124,0.10267131,0.99069273,0.6987446,0.012503072,0.06962684,0.9406277,0.34630704,0.7345058,0.4147789,0.48587114,0.07825749,0.120325744,0.012942797,0.37321362,0.45058385,0.19725151,0.019838909,0.393549,0.61204576,0.02163281,3.2415588,0.21101305,1.3012097,0.9473522,1.21883,0.5813682,0.85267806,0.22770105,0.6778763,1.1870161,0.23405674,0.9944855,0.14421558,2.3773773,0.26146483,0.9207628,1.17204,0.1608029,0.22952309,0.29143178,0.10103481,0.16451658,0.02959535,0.12587963,0.85837084,0.3975975,0.4982777,1.2259455,1.6739857,0.09064247,0.7642654,0.6430702,0.3666252,0.5608198,0.8125487,1.3670905,0.03032272,0.4628439,0.23769037,0.4192258,0.7849984,0.18775812,0.14874545,0.84918493,0.0,0.046417277,0.43704465,0.9123286,1.277732,0.12389323,1.3260355,0.024198605,0.022733565,0.0023034543,0.26821956,0.05607255,0.19078156,0.25887424,0.16137244,1.4538351,0.4135159,0.41088718,0.0023629908,0.19283287,0.8165011,0.30072206,0.0,0.19052674,0.12861764,1.7102582,0.57403034,0.035327353,0.0,0.4441323,0.7565734,0.055376984,0.3026771,0.18663202,0.14747594,3.2817976,0.015759617,0.7069448,0.49310023,0.22098912,0.08641218,1.3722086,0.66538954,0.45296866,0.32205638,0.81856817,all_pothole_images\pothole_images_enhanced_4f0fcf5c5ebcbc170bde664790b00f8c.jpg
1.0874441,2.1955678,1.521779,1.1811765,0.19104095,0.18136154,0.43363371,0.0,0.06001449,0.9449609,0.24355446,0.6105069,0.10414941,0.12523125,0.28278425,0.3933492,0.48200485,0.4650067,0.29235175,0.34676936,0.33769256,2.716853,0.8205977,0.8099208,0.44773412,0.79758435,0.47528768,2.273149,0.060524296,0.58433515,0.99556637,0.103570014,0.4204075,0.6638705,0.294553,0.2224768,0.05479659,0.9503527,0.45236403,0.3389167,0.038095545,0.31064355,0.033048905,0.8817925,1.3066417,0.15778981,0.5147604,0.10951495,0.09217404,0.15122181,0.6534699,1.0573192,0.28015202,0.065098874,0.0,0.32892144,1.3935024,0.48772374,0.5104217,0.0,0.10270275,0.25609657,0.8303917,0.07827794,0.9956562,1.1615473,0.15915036,0.45240867,0.26200375,0.27937692,0.3964899,0.8702044,0.54733855,0.3304252,0.099956475,0.5555261,0.060245387,0.23204266,0.00027090675,0.28610507,0.3778827,0.16569297,0.5497773,1.3040786,0.6727896,0.65703595,0.5117594,0.19760598,2.293225,0.15033881,0.28246796,0.44742498,0.57057136,0.16264708,0.49169925,0.08328206,0.57567364,1.2314942,0.64257747,0.35768992,0.15323344,0.27976912,0.030236227,0.4782906,0.7116934,0.14172238,0.0013703783,0.46146843,0.35138094,0.22023179,0.024759777,1.9663457,0.62532127,0.4001852,0.49420768,0.21336532,1.5362428,0.0708271,0.2254408,0.2645811,1.5383509,0.06794482,0.5991445,0.9148863,0.7356712,0.8443231,0.5873485,0.5646484,2.7328322,0.28273112,0.55726135,0.0037768118,0.30447808,0.09011464,0.28543076,0.36883652,0.080166124,0.5166455,0.7614187,0.20465484,1.0560013,0.2022564,0.23280096,0.49846756,0.025522787,0.62081754,0.32896858,0.17625652,0.17072411,1.2103145,1.4132482,0.16657838,0.1342115,0.18361473,1.0366355,0.16405451,0.3001597,0.046858534,0.022327034,0.43056795,1.0789394,0.162455,0.6490984,3.5396955,1.461432,0.0,2.945612,0.29130995,1.9268577,0.12935758,0.20592117,0.40079403,0.0,0.014797775,0.757236,0.0058286376,1.4332805,0.030619824,1.1127056,0.60316527,0.14681727,0.9155887,1.6156573,0.4461174,2.1232226,0.02898709,0.23802964,0.4081105,0.30702108,0.5510058,0.044208463,0.26772797,0.3355599,2.2474444,0.0358899,0.0,0.5142792,1.1050464,0.06439421,0.96434534,0.39400053,0.742535,0.6023045,0.3604298,0.4341626,1.5087799,1.9725044,0.42691338,0.7600789,0.69808245,0.16150439,0.5539865,0.20536189,0.3021069,0.22698936,1.0685745,0.15255529,0.0061304555,0.19354318,0.556499,0.5860253,0.026631026,0.07369847,0.58417535,0.5425837,0.15350558,0.695504,0.38205707,0.38362992,0.525068,0.0,0.6682416,0.2683179,0.09056913,0.6143377,0.32227883,0.5655186,0.0,0.31779307,0.9789796,0.018999442,0.15209782,0.25314844,0.085584484,0.104482494,0.01287156,0.867078,0.38398546,1.4899759,2.4678705,0.91571563,0.0638301,0.7751252,0.009100641,0.31204215,0.14808254,1.099269,0.044285692,0.780247,1.6173142,0.0065337066,0.3447511,0.2082457,0.5921813,0.53306705,1.2024739,0.55559087,0.8691552,1.9364505,0.51124114,0.17052765,0.2094852,0.015089814,0.471484,0.4389129,0.98704356,0.21932267,0.22053228,1.1279154,0.68633425,1.2759362,0.06966403,0.32319397,1.3584423,1.3940849,0.56021136,0.03384694,0.08872718,0.9991078,0.23778884,0.68193626,0.5284149,0.20691617,1.2991649,0.21545015,0.13501476,0.97727853,0.87020785,0.7678342,0.44284326,0.010888403,0.073952936,0.11508058,0.99541426,3.3244894,0.15680642,0.07034745,0.4476931,0.2433809,0.020699102,0.24180636,1.7532792,4.673549,0.119640365,0.35215467,0.2776173,0.2102011,0.4695928,0.62331665,0.95027757,0.51016736,0.32858726,0.23609765,0.3882211,0.15739611,1.6462349,0.34292844,0.095705286,1.0992901,0.07898348,5.702017,0.5610134,0.6292568,0.018560817,0.07873677,0.044055097,0.34489405,0.26887938,0.58324826,0.0035132433,0.7329282,0.9299222,0.25639927,0.18131593,0.11189122,0.41194564,0.07704052,0.27806738,0.05504841,0.7346048,0.21673027,0.7106764,0.099065185,0.39585093,0.3662355,0.02346461,0.11126224,1.6404805,0.23696844,0.74908525,0.18722029,0.0061449273,1.9512497,0.26805758,0.0042521977,0.5785023,1.2912797,0.2832247,0.15319866,0.54495287,0.7495796,0.16821559,0.17000872,0.08052909,1.6702645,1.058649,0.7860143,0.9138351,0.13999711,0.004378686,0.32731044,0.22896394,1.2313337,1.2986022,3.3168247,2.2547581,0.47951177,0.34230652,0.028855937,2.3127658,0.48883772,1.8381642,1.0811301,0.72258025,0.3686433,0.1187165,0.29476258,1.0283235,0.69829214,0.4798791,1.5314348,0.67270714,0.26633492,1.2590799,0.7793733,0.2783582,0.441053,0.40856597,0.08728965,0.18682176,0.96258277,0.8668738,0.7077818,0.13713972,0.18622376,0.14202122,0.57349455,0.19362153,0.69420326,0.02272819,0.8651009,0.18611006,1.3475827,1.3410136,1.4945529,0.09199098,0.56928664,1.7691137,0.7651845,0.6662942,0.4191297,0.7865532,0.032688767,0.34338737,0.059229646,3.1677053,0.331501,1.342561,0.33877435,0.65715396,0.10773843,0.04982847,0.058113273,1.3304901,0.2186849,0.051148042,1.0445833,0.39017323,0.3464073,0.9411439,1.6108103,0.38024992,0.8321928,0.41978377,1.4266149,0.99134886,0.3743887,0.8012734,0.5156905,0.28419137,0.35820413,0.42670575,0.5336532,0.7009885,0.68295044,0.64135945,0.07242152,0.0538753,1.1147021,1.4549031,1.3108958,0.19349396,0.4523004,0.14946619,0.4781444,0.74034274,0.18257324,0.8739881,0.45380685,0.007588143,0.45498118,2.3009586,0.42591769,0.41188756,0.024179347,0.24301706,0.23773515,0.18077247,0.7127743,0.04134253,0.10684675,0.06621012,0.14276977,0.0,0.08775962,0.19630778,0.0,0.07990505,0.2552746,0.051607486,0.22948596,3.746095,0.40507156,0.96239686,0.10801641,0.20672686,0.0,0.73327076,0.051503394,1.6615089,0.36029574,0.41745812,all_pothole_images\pothole_images_enhanced_4f2e398789ab6e53e9c649a1daa50cbe.jpg
1.2340028,0.69211936,0.021861134,1.9751526,1.3308657,0.15334961,0.40873662,0.17151295,0.82794094,0.28077456,0.20133173,0.5442753,0.0,0.30409473,0.07852257,0.75052005,0.14145923,1.165346,0.015839646,0.29063043,0.163392,0.31829748,0.38647872,0.21228471,0.45028815,1.2683945,0.5216231,1.6241008,0.157079,0.108240224,0.05429696,0.1564305,1.8465263,0.44255307,0.2456096,0.6573787,0.2231821,0.6312862,0.043804206,0.06683267,0.008823587,0.02021554,0.14052239,2.8051097,1.0394444,0.1779254,0.30389187,0.28563786,1.0395317,2.2727358,0.07319698,0.71001524,0.25472087,0.10141948,0.82725805,1.6927032,2.3923576,0.6313212,0.2825242,0.059974886,0.0,0.5796024,0.5671586,0.81960374,0.21970288,1.7258123,0.41210002,0.502628,0.7667174,0.6335815,0.71711665,0.23949,0.27137473,0.41834518,0.4049851,0.0,0.0039438345,0.44648212,0.0,0.2087015,0.15836297,0.36472923,0.5821447,0.7463399,1.038352,0.0053451145,0.43824628,0.08715913,2.142596,0.3182099,0.28326985,0.6187918,0.42990625,0.12702791,0.581612,0.14844197,0.4687063,1.2354097,0.37208435,0.10089729,0.008991572,3.2634308,2.2880218,0.17095561,0.84386027,0.020029046,0.7845503,0.5225855,0.15761204,0.34404388,0.0018335695,0.13071465,0.4965063,0.09595475,0.31862882,0.93214303,0.8468793,0.002645923,3.5578887,0.58676654,0.9819599,0.08133853,0.0135893915,0.8897789,0.19029377,0.53320944,0.07772194,1.5530117,2.082452,0.0,0.48541176,0.11289302,0.23997875,0.027402941,0.12362841,0.0023896107,0.09434526,0.075383745,0.5537258,0.11188394,0.5196485,0.03462882,0.85225934,0.29615074,0.004389905,1.1360786,0.53381515,0.7526449,0.010499274,1.0052993,0.8417877,0.7294755,0.16461858,0.076708935,1.211362,1.1284176,0.55922896,0.00020186369,2.5671742,0.44576737,0.2570977,0.9280884,0.17103463,1.7222327,0.86787045,0.0,1.1489055,0.4453526,1.4842608,0.11146183,0.07434455,0.3053548,0.013440271,0.23093075,0.7796661,0.041681837,0.11504797,0.027534178,0.5733782,0.10546824,0.035599038,2.8679965,2.3141184,2.301737,0.28188887,0.2966745,0.68112093,1.0287333,0.38465512,0.07816718,0.101224914,0.03631709,0.0013728449,0.7670195,0.03285667,0.014385765,1.4621507,0.051445518,0.018605903,0.022123434,0.17319651,0.37732294,0.98465294,0.3167251,0.54992217,1.2455571,1.0018041,0.80466664,1.6826258,0.16147572,0.0,0.027648777,0.41656977,0.44412014,1.0471056,1.7351292,0.3454027,0.029507734,0.43289268,0.39374727,0.48631516,0.16166948,0.12017902,0.12513581,0.009242742,1.082902,0.7811142,1.2470572,1.6952084,0.28688994,0.005119008,0.012939681,0.46780077,0.023255995,0.26862812,0.13675676,2.9133809,0.034929305,0.0016469103,0.26209572,0.005994666,0.11270655,0.06949189,0.09706584,0.5152581,0.051954765,0.9566265,0.14419723,1.0071199,2.9601927,2.4381108,0.027461737,0.87680006,0.8324222,0.98069334,1.1776844,0.63299924,0.28554782,0.65453476,2.5073662,0.048397847,0.026023762,0.30139884,1.3428357,1.5270581,0.08097971,0.34460962,0.4241006,2.7157495,0.0,0.5520167,0.005512817,0.1110523,0.31145787,0.26228052,0.95134205,0.14330469,0.23913375,0.17986661,0.3670905,1.1482706,0.88476413,0.0,0.09769813,0.11292221,0.054545708,0.3131257,0.02036731,1.3334907,0.177862,0.20712385,0.24376413,0.45113015,1.9577044,0.023411322,0.12960887,0.03484616,0.9354883,0.38064137,0.93341655,0.1797438,0.18460661,0.18683875,0.26824555,6.1894093,0.24827354,0.06211203,0.04526496,0.0867321,0.66697943,0.68116874,2.256196,0.43901768,1.575198,0.6793898,0.96364576,0.0060366658,0.7312109,5.1010013,0.28441313,0.3359474,0.2837127,0.003250877,0.00066174107,0.31011122,0.110357925,0.79217565,0.0,0.14618087,0.04369264,0.6864437,0.051971745,0.36640096,0.11079067,0.0074621113,0.046935674,1.9132581,0.08449771,0.29204735,1.2016964,0.62051666,0.2516414,1.5416235,0.45398554,1.1007899,0.0036820513,0.01820423,0.1118771,0.0059293485,0.512981,0.71953815,0.5345034,0.18188535,0.10708997,0.542426,0.18941748,0.12807357,0.71278614,0.58741343,0.47602034,0.0,0.7224841,0.02358925,0.4331612,0.11821922,0.5124243,1.4740742,0.0696688,0.54086244,0.24542958,1.0807127,0.0032033548,0.25359267,0.06954523,0.512037,0.38202712,0.4548353,0.00038901612,0.0885335,0.17568672,0.7929126,0.0,0.10561679,0.3923524,1.6875658,0.8779724,0.8285595,0.041677468,0.11871414,0.0,0.049457297,0.0,0.86830646,0.007844336,0.068241805,0.053082507,1.3735145,0.022460941,0.1151622,0.28270447,0.39567757,0.28255132,0.10251424,0.25467715,0.22923489,0.07147541,0.26529095,0.30643746,0.005962756,0.83866274,0.42020023,1.3610765,0.13120091,0.106126085,0.020066896,0.40165213,1.4979316,0.840313,1.3368227,0.022867687,1.4240043,1.5590352,0.73151356,3.1647327,1.8849138,0.12805209,1.1508292,0.22842023,0.10064508,1.9365225,0.59447575,0.45522213,1.2379559,0.07427214,0.28265908,1.5311635,0.33904675,0.069734804,0.31477246,0.46511078,0.48985627,0.08224355,0.41658634,0.038807914,0.8360924,0.0012345925,1.0538836,0.41035086,0.14048776,0.1697687,2.325692,0.33333796,0.016799416,0.53714305,0.36990672,1.2100693,0.13324253,0.08805238,0.030927613,0.80300295,2.5745468,0.17365272,1.1394527,0.04784247,0.9305609,0.05563712,0.14231753,0.04435156,0.74899805,0.7563887,0.25529936,1.5285127,0.15439317,0.9674729,0.84035087,0.9559286,0.08984935,1.0619494,0.03370866,0.46861166,0.15210819,1.7379904,0.1295332,0.3216261,0.11108152,0.021867659,1.5414635,0.50941885,0.80025965,0.05036633,0.761245,0.54577535,0.58101606,0.3311234,0.18540645,0.0,0.0,0.005228854,0.2670111,0.0104660485,0.13143532,4.453951,0.54968184,0.22559454,1.001014,4.109358,0.025402304,0.26796576,0.66776025,0.7940783,0.0921444,0.14708133,all_pothole_images\pothole_images_enhanced_4f363ff00dc42a843f93b3366279f639.jpg
0.2568051,3.3720138,1.3038868,1.7434705,1.9032284,0.75257224,0.23381637,0.6701477,0.57398766,1.0886495,0.53886485,1.0751787,0.1302905,1.0230311,0.8633657,0.8879553,0.116058834,0.6563179,0.525798,0.6730095,0.05125912,2.5341854,2.092406,3.0232556,0.0868874,0.1477171,0.100818045,1.1455841,0.83637935,2.2903779,0.91308826,1.322549,1.708267,0.37331548,0.63666505,1.0944849,1.0269897,1.1753246,0.18525195,0.83470213,0.43723044,0.02665237,0.028149191,0.6507954,0.3907463,0.13885078,0.14002685,0.049969975,2.4616747,0.018956931,1.3826085,1.513797,1.437879,0.01020449,0.49207756,1.6535546,0.90567625,0.02509065,0.5863703,0.48045114,0.34530562,0.99663424,0.5041965,0.62612903,0.009705181,1.0018914,0.45735237,0.42064068,0.43438098,0.80020165,0.72039163,0.79652137,0.1399018,0.5024706,0.28487462,2.940125,0.31541747,1.0669931,0.008084078,0.12820783,0.87684274,0.2786772,0.22235069,2.3434207,0.49564314,0.8012559,0.32249224,0.06578965,2.9493208,0.55655843,0.07615821,0.91191226,0.68197733,0.6655208,0.33273137,0.64503276,0.6388138,0.82104445,0.024791045,0.21496801,0.3797612,1.6877983,0.5153412,0.63137424,1.6425923,0.59427255,0.8924294,0.09429184,0.6878661,0.85747653,0.080413245,2.1611288,1.6833642,0.68781793,0.7534533,1.7047629,0.85313743,0.23790571,0.36576262,1.0204775,0.6152432,0.42792347,0.17962563,0.7235772,1.7763461,0.8256158,1.3526608,0.74020576,0.5469927,3.3552587,0.8833204,0.41622606,0.8573264,0.44973326,2.7622123,0.17966384,0.04655585,1.958803,1.8014675,0.6694182,0.90901774,0.0591707,0.77833927,3.1130395,0.5236667,0.7436496,0.33194086,1.2255775,0.4310028,1.1362605,0.948447,2.1101453,0.34771556,1.2049191,1.0779057,1.4805895,0.9874782,0.50608367,0.0579384,0.25500634,2.460657,2.0271556,0.64023626,1.5499687,1.7386745,0.34650555,0.04422506,0.3370197,1.1847452,0.09828072,0.9213171,0.061651897,1.1920738,0.3986214,1.6109391,0.10602565,3.4826663,0.0,0.026787225,1.3152477,0.010829284,1.335369,1.7080956,1.1212444,3.4823747,0.483796,0.32361838,1.1574279,0.18392785,0.8282331,1.295007,1.9281887,0.05134192,2.1477306,0.35172138,0.5468255,0.1383653,1.7342433,1.0978969,0.22309752,0.24656436,1.010258,1.3804053,0.42909753,1.558043,0.9272375,0.03513405,0.25140017,1.4950085,0.5344651,0.6406709,1.101798,1.4824167,1.3933032,0.33224136,0.07446621,1.0744019,0.80262244,0.5495336,0.6579302,1.689862,0.7268807,1.017011,1.1773112,0.1066914,0.44248104,1.5231048,0.0380177,0.20633215,0.1404485,0.04731803,0.38291973,0.030136006,0.78241706,0.43999177,0.17842597,0.09725873,0.0032381995,0.18442847,0.95966166,0.8276233,1.1184524,1.2544546,0.6278673,0.24048217,0.49934712,0.40766957,0.3676476,2.1116421,3.649867,1.6185477,0.035722747,0.3828898,0.49559233,0.057773992,0.25189498,1.3194315,0.32724202,1.1969109,1.9435018,1.7451879,0.23036969,0.14888261,0.25673428,0.59894115,1.0599651,0.08131817,0.38578394,0.8782217,0.2282498,0.075037315,0.07867567,1.8970319,2.0269969,0.76786983,1.9061671,0.04622148,0.35296676,0.41167352,0.75680596,0.11875094,0.42097896,0.21756896,0.59734154,1.6492126,0.20515877,0.6382826,2.3959496,0.3231546,0.36669827,0.42211574,1.3062721,0.59540164,1.3934052,1.4168268,1.3231475,1.1639634,1.4757327,0.3877818,0.4177787,0.03189078,1.0565083,0.5061768,1.2843772,1.9624977,0.40622857,0.5750207,0.21475379,0.99174637,0.5825992,0.52687895,1.24688,5.358605,1.2445235,0.058246426,0.8402739,0.0,0.15240997,1.0643051,0.24793383,0.29864603,0.08545507,1.2008357,0.92499244,0.5358719,0.09214072,0.8448891,0.64989245,2.1535285,0.0,3.377521,0.25621733,0.08935869,0.7181788,1.1284621,0.47647157,0.78127795,1.1095923,0.24641651,0.14217532,2.6080601,1.9228674,0.3923236,0.26686162,0.3097904,0.8805266,0.2548785,0.23841356,1.0780919,1.6832485,0.021087458,0.5916176,0.2603908,0.14562471,0.69824296,0.64828473,0.562008,0.61137164,0.64616144,0.5214456,0.32850125,0.19905125,1.4875556,1.7640347,0.030232916,0.6991519,0.8412333,0.848754,0.16993484,0.5533093,1.0428222,0.2592203,0.33622745,1.510169,1.0239112,0.35936978,0.10427505,0.3057303,1.6854026,2.931554,0.23559394,0.69586945,1.7371578,0.6690916,3.7322829,0.30204096,1.4150336,5.281942,0.68007034,2.315647,1.0666682,1.3846728,0.16437197,0.71905947,0.78682685,0.14774857,0.27398148,1.2362858,0.1277356,0.42418253,3.0890772,1.4043952,0.51735866,1.1743937,0.0,0.3102154,0.63604414,0.071987525,1.4173492,0.110849924,1.0188,0.45190316,1.2922626,0.7105935,0.28357804,0.7649399,0.13990599,1.2417017,0.08528838,1.170336,1.1529268,0.3602945,1.2668334,1.6709819,1.8373592,3.0550356,0.8237859,1.4718413,1.1009792,1.9123145,0.7588522,0.3481213,1.1158545,0.6965636,0.09885643,2.9579086,2.2171237,0.26580855,1.9836222,0.2010593,0.12664464,1.6055778,1.2405477,1.0508714,0.20313165,0.9894089,1.2094594,0.79862136,0.4939844,1.0822204,0.2442238,0.114135265,1.0602024,2.7212849,0.9616502,0.99087185,2.3028471,0.5117882,0.09028055,0.5901826,0.40258694,0.33169147,1.985054,0.21231952,1.3984513,1.4761508,0.4864585,0.52806586,0.4336846,2.1545186,1.4108644,0.4509083,0.98048025,0.119610995,2.0404165,0.032996736,2.4519413,0.557729,1.2998582,0.4436622,1.1652979,1.5778096,0.5782778,1.1680626,0.0,0.7450959,2.2005823,0.14088173,0.565869,0.102945685,0.2312211,2.2656536,0.213486,0.089670435,0.14350487,0.13796784,0.15205078,0.09463174,2.1746252,0.033884984,1.3232987,2.3524761,0.71837986,0.7154691,0.99198955,0.6112279,0.115310796,0.95306766,3.6117742,0.5131529,0.87787414,1.1999849,all_pothole_images\pothole_images_enhanced_4f384c8179d506c85a4d591696783cc1.jpg
0.8890336,0.52339286,0.3687357,1.9070508,1.8792922,0.077794746,2.4816055,0.8926995,0.49699536,0.7372053,0.013737854,2.2041905,0.34129706,1.4704345,0.029096488,0.13678761,0.01852317,1.9078252,0.30744845,0.7705958,0.13437729,0.026027191,1.18929,0.5641107,0.9869889,0.76101255,0.35189983,0.18665059,0.12622082,0.17971817,0.8412975,0.35937834,0.98781693,0.11849125,0.70884705,1.4036831,0.5052857,0.95988524,1.2292334,0.09247613,0.021063926,0.3722615,0.79705817,1.0109286,0.16454245,2.16001,1.2930304,0.0,1.2690395,0.2527796,1.1004231,0.81533027,0.42681938,0.0028211556,0.29950127,0.7125659,1.1266067,2.6963644,0.30095828,2.1835513,0.38416675,0.3527375,0.7126155,0.090912856,0.483282,0.5187374,1.2328079,1.1562877,0.6816747,0.18782371,1.088845,1.4190925,0.29506058,0.42642376,0.2905024,0.06121935,0.911671,0.4889585,0.0042234617,0.21997163,0.5629208,2.6188579,0.016638918,1.6156368,1.7613765,0.5722779,0.1346952,0.62696517,0.09494563,0.114793256,0.24367695,0.45930764,0.06726607,0.17828466,0.042633962,0.53362817,0.2361274,0.32760152,0.25359055,1.5867144,1.2070259,0.11582546,1.4556246,0.15291907,0.03043288,7.4794583,1.0026561,0.4940866,1.1054714,0.0039055578,0.3293548,0.20522636,0.97473097,2.359947,1.2971082,1.0485929,0.2447241,0.59859693,0.6560583,2.3682113,0.2795733,0.29310456,2.8584738,0.1322789,0.93168366,0.11929856,0.93985265,2.1080627,1.8676168,1.1433694,1.6554489,0.37487748,0.31134763,0.12163888,0.37311515,2.8604827,1.1575091,0.3529403,1.2928549,0.06985379,0.76064384,0.58332473,1.038165,0.8365982,0.025512917,0.018129824,0.71632385,2.1677704,0.7632819,0.3085565,0.08935469,2.1938128,0.33654013,1.8949063,2.9204,0.59752744,1.8416128,2.7075102,0.3875998,0.8680113,0.13841832,0.9355719,0.49397832,2.743076,0.7298932,0.28166568,0.63138753,0.77532786,0.52723,0.010173206,0.46164042,0.2015863,0.47670567,1.6764019,1.4523381,2.5406241,0.42503777,0.6121908,0.23699583,0.6633973,0.70070213,0.8506122,0.0012107503,1.0210111,0.053084962,0.023113241,0.65673864,1.3419585,0.0103940405,1.3187857,0.98079884,0.47331697,3.20122,1.5179298,0.33799964,1.1461327,0.14677332,1.0510573,0.78136975,0.7256228,0.6799024,0.50652593,0.31498986,0.23404013,0.44971886,0.43316218,1.1826173,0.19466847,1.652037,0.24114269,0.0,0.652436,0.28843716,1.1498622,1.9614527,0.50442326,0.5646749,0.7783461,0.36082172,0.023170006,0.035338107,1.0375744,0.37109494,0.5868118,0.9693622,1.3447266,0.21688347,0.6631284,0.32892346,0.15300746,0.5122665,0.1793045,1.3862175,0.0,0.66983265,1.0393431,0.43244818,1.3445559,0.21921745,3.6010966,0.6157075,0.029443035,0.58779603,0.7167229,0.31941807,0.85394573,0.3074646,1.3928031,1.6627833,2.3757472,0.019356146,0.017554462,0.8647275,1.3685491,0.10992846,1.8390366,0.27843282,0.49725088,0.31187588,0.038173467,0.88020486,1.5934414,0.14642036,0.1462731,0.024555717,0.39367068,1.2060843,0.9639708,3.6236048,0.67003226,0.41618758,0.22159007,0.07482325,0.34582558,0.7641328,1.8357687,0.21807672,0.60639125,1.5092994,1.7733963,1.2298596,0.04344282,1.5096874,0.24512203,0.11747888,0.14533107,1.4874426,0.7441178,0.8637872,0.54757774,0.7358377,0.3627513,0.16834287,1.1309541,0.38873276,3.0712726,3.129461,0.29219767,1.673087,0.95007306,2.6748455,0.09506486,1.0225029,0.037728306,1.770871,0.0,1.1434784,0.0011381919,0.4809738,0.073593974,0.72474897,0.00011774465,0.013758701,0.59203017,1.9400258,0.12059871,0.001199195,1.6742616,1.4546633,0.82886416,2.110252,0.3067677,0.7290829,0.3329219,0.13092925,0.22401881,0.8332149,3.6829927,0.73109674,0.5021714,0.22304949,0.31387937,1.4004654,0.841802,0.73844534,0.98398054,0.074351475,0.03164769,0.11801661,0.33266604,0.113295086,1.0957705,1.1084793,1.681891,0.019315237,0.20786135,0.043487415,1.4365317,0.6059377,0.7035533,0.97016,0.046463426,0.0,0.20152546,0.6896587,1.4984423,0.75606424,0.6475782,0.61000377,0.35762203,2.2539277,0.43262252,0.612141,0.54794985,0.8573708,0.603015,0.86085725,0.6221739,0.5076498,1.451049,0.011007511,1.0133891,1.5490719,0.071930036,0.33944547,0.16124953,1.9081208,0.04727004,2.1397433,1.9932272,0.61005604,0.8341671,1.2105848,0.31893724,0.028219528,0.36057568,3.7055655,0.61655015,0.0,0.056538504,0.2576167,0.0,0.9866492,0.83145916,0.25011092,0.121840835,0.43486854,0.58952564,0.4113618,2.008619,0.075238496,2.5161433,0.3431247,0.36053962,1.6075782,0.05312114,1.8490329,0.27978182,1.31279,0.054359507,1.1930997,0.79648954,0.29935303,0.20089236,1.2326508,0.34974295,0.38327563,0.6200857,0.4687058,0.027053097,0.12002152,1.2510267,1.3450859,4.7711935,0.16825671,3.7090383,1.2285166,0.058678277,0.37032548,1.5201347,0.5855431,0.98523116,0.38010216,0.84953475,0.4049691,0.1664919,1.8876517,0.014997681,1.3172177,0.8351113,0.0056869723,1.7213689,1.0758948,0.15735906,0.010392559,1.7745072,0.43416137,0.2287004,0.26141888,0.36111417,0.9378808,1.210106,1.0428432,1.379828,0.53403497,0.026873639,0.41543785,0.11672568,0.3930832,0.309587,2.5887609,0.86133015,0.18894535,1.3249675,0.3083877,0.84752506,0.00038324745,0.3133997,2.3109484,0.07349064,0.07111712,0.884727,0.014044445,2.1069,0.88906515,0.040500913,2.034763,0.5434695,1.2900759,0.52491015,0.561113,0.050056685,0.882682,1.4126008,1.9685662,0.6950925,1.377082,0.048264988,0.98890543,0.93536186,0.31260103,0.0015098773,1.0875937,0.121631116,0.117114,0.076425515,0.95190495,1.8778054,0.7752988,1.0970438,2.214337,1.717297,0.38978475,0.8574914,0.3457746,0.16260119,0.28604722,0.16484922,0.8603207,0.41398093,0.010892566,1.2426996,all_pothole_images\pothole_images_enhanced_4f5fd14210cb4098d3f964b975d98129.jpg
0.065547526,0.3838447,0.18416147,2.501635,0.7912634,0.35122335,1.0358638,0.046682946,0.37937278,0.6212764,0.5876555,0.47122788,0.031049887,1.233493,0.012094756,0.57865673,0.28728756,2.45479,0.4242447,0.63205415,0.48786485,0.46119803,0.66264325,0.63646185,0.40183526,0.28640097,0.33676514,1.5722195,0.053607143,0.1281104,0.012264475,0.068152644,0.05282917,0.3547715,0.15428485,1.5488281,0.35458982,0.27884325,0.5920775,0.05493616,0.0009485129,0.14345276,0.19653587,1.1099671,0.08973899,0.44055963,0.23263621,0.61925733,0.7352052,1.0418628,0.19160922,0.4501751,0.0,0.010075966,1.1358914,1.9973869,1.743751,0.8245266,0.36773697,0.0702677,0.0224345,0.5000844,0.18190551,0.19853099,1.1588564,0.7004768,0.9744601,0.7159539,0.72628516,0.0736084,0.032214988,0.2532934,0.6103784,0.0,0.65073836,0.0017746838,0.11673088,0.37270075,0.074052304,0.1523092,0.0,0.5244461,0.49265996,0.3990934,0.65255946,0.0,0.2723171,0.07064085,1.3145992,0.095184915,0.13190229,0.68393564,0.0716315,0.3925434,0.29115728,0.008539072,1.0515736,1.615797,0.14515033,0.57129526,0.05716959,2.3947742,0.24626295,0.0062088915,2.0085175,0.78217065,0.2521247,0.037898123,0.0914562,1.0867932,0.0119621055,0.17904332,0.42061076,1.5503553,0.37415725,0.27522895,0.04261209,0.2480368,3.0710332,0.4915418,0.6810555,0.30319327,0.1464168,0.2785069,0.49810925,0.46632272,0.09702671,1.5653445,0.04760867,0.053038947,0.54247206,0.48324272,0.166456,0.20274533,0.40090764,0.06053343,0.0034587863,0.026142402,0.04965314,0.0,1.1949881,0.0580666,1.045021,0.58625066,0.0013169462,0.16191205,0.006314123,1.0947207,0.73029023,0.036877263,0.14846839,0.4078219,0.10113542,0.15228489,1.8607316,0.74529725,0.893337,0.14321211,1.3430568,0.06860345,1.2207239,1.1839578,0.24222375,0.38181484,1.3518901,0.076387465,0.8024344,0.044027746,0.7045052,1.5308982,0.39369994,0.0036111537,0.18181288,0.019695276,0.1672628,0.05894292,0.02197006,0.0,0.5943227,0.0064485422,0.016390959,1.7127798,0.32002994,1.4399892,0.6816913,0.46213803,0.6069409,0.49060595,0.1333325,1.3765236,0.38122705,0.15045422,0.53790945,0.06334582,0.0136578055,0.07386934,1.1091495,0.32290998,1.0475702,0.13257311,0.0064940234,0.32837346,0.23007439,0.0,0.14324768,0.31462523,0.21323656,0.7048994,0.7593784,1.5216147,0.0,0.009953103,0.7578494,0.37635264,0.9569056,2.0236623,0.3683688,0.078117065,0.064313665,0.26292795,0.39079845,0.17783463,0.34543318,0.035410833,0.0,0.015239372,0.63240004,0.0013618149,2.5414543,0.33838108,0.13731673,0.0,1.416223,0.10756122,0.2774593,0.11198951,1.145643,0.061127473,0.21316987,0.12251186,0.24536666,0.07543948,0.040514443,0.34126115,0.026158826,0.023542276,1.4098278,0.19545746,0.12010744,5.8697486,0.89804494,0.25803438,0.0422668,0.70715314,0.019578103,1.6586143,0.07380332,0.5032173,0.34452242,1.6813614,0.251453,0.033760224,0.66158265,1.2442316,0.052944332,0.05727797,1.1016326,0.38407826,2.1930106,0.08190874,0.32517853,0.014367879,0.09126639,0.66741025,0.0026467321,1.2125494,0.14470541,0.062746435,0.53073955,0.9007903,0.4284024,0.74921227,0.21775557,0.0,0.0,0.13171695,0.26648608,0.20488557,1.1283165,0.6729601,0.34575492,0.14221607,0.0016359921,1.6317666,0.13050544,1.0027417,0.20264839,0.16575256,0.047588523,3.0111928,0.89839643,0.036411006,0.08188906,0.07941473,3.738622,0.6049952,0.026070395,0.037906986,0.22047769,0.47634202,0.20766114,0.4961045,0.30066147,1.4259967,0.6936244,0.26768273,0.001090838,0.7789467,5.758092,0.00951796,0.73596764,0.0033661197,0.02505197,0.006574599,0.4768865,0.27291897,0.042672973,0.038612306,0.24543673,0.0,0.2639539,0.08855452,1.2884625,0.0,0.04197178,0.0,3.4431899,0.4797502,0.21941087,0.8378011,0.77488184,0.014677442,2.561147,2.2845504,1.2928782,0.5643627,0.20022233,0.059645604,0.0061996467,0.0032627552,0.14420348,0.06004452,0.0,0.15302025,0.003582405,0.18649937,0.2306042,1.7851064,0.8964495,0.2263483,0.6105436,0.5148225,0.8001753,0.029369904,0.0,0.024208458,0.32123885,0.0,0.23687728,0.36535814,0.33695626,0.18471387,0.87094444,0.0029726545,0.49242646,0.67420506,0.18457597,0.03151225,0.49098706,0.14698756,0.99130917,0.0,0.0857522,1.1623467,1.0415847,0.07115614,1.595779,0.053363785,0.6237204,0.53251594,0.4472857,0.10748902,0.13568012,0.48327962,0.0024483914,0.008986141,0.9098929,0.06258448,0.3658074,0.3174967,0.0,2.2214375,0.4466365,0.28886095,1.1301425,0.015087666,0.36872926,1.0490084,0.77238286,0.060971156,0.026532788,1.2970796,0.09496603,0.38256827,0.016673345,0.15916592,1.1542853,0.058448143,0.62617224,0.008439971,0.93326646,0.7572834,0.33092073,2.247739,1.7218298,0.25939193,0.097765125,0.0044855513,0.021586394,0.406625,0.56926054,0.11020416,0.29135206,0.17906807,0.8465391,0.53060013,0.43541318,0.18300419,0.8002257,0.27120838,0.08961051,0.13474673,0.018371806,0.0,0.42820302,0.07362679,0.42604917,0.059069462,0.01176376,0.37952778,2.566744,1.0099853,0.9323518,0.06582851,0.75123703,0.7680186,0.37007546,0.04864718,0.10980652,1.2626884,2.658184,0.110445485,1.6685094,0.06364156,1.052823,0.0,0.0697935,0.08892814,0.21784855,0.7663112,0.2282436,0.8204862,0.0,0.560511,1.5075741,0.12582746,0.02170198,0.6534493,0.062091067,0.30146736,0.9128109,0.8001478,1.8034126,0.15335877,0.70456445,0.12628172,1.149111,0.042655874,0.99232256,0.0014772032,0.021357602,1.5801189,0.26050583,0.009699762,0.0,0.06801069,0.038909543,0.050838225,0.007692513,0.43605867,0.953953,3.059205,0.50783056,9.830849e-05,0.0,1.9580103,0.12348962,0.3438027,0.26018748,0.4387664,0.0060382267,0.110425346,all_pothole_images\pothole_images_enhanced_4f8d7b989e0a6bcb22ffa23bf0958bf1.jpg
1.8860611,1.1399822,0.32849276,1.2784698,0.97357845,0.6260659,1.1057154,0.21788777,0.29111296,1.3092301,0.20252475,1.2819732,0.97743934,0.6510492,0.38002068,0.015423874,0.007219261,0.53696376,0.0,0.62606335,0.52425975,0.5060265,2.4943457,1.3580586,0.83861214,1.0352021,0.3815995,1.10957,0.06311491,0.27965602,0.31131363,0.06341657,0.19203982,2.1871712,0.121300235,0.13571842,0.067521915,0.40795225,0.46575245,0.0,0.0,1.4395727,0.31849456,0.3037571,0.16417557,0.17295052,1.3720576,0.4930359,0.24537717,0.42427346,1.3138787,1.2158984,0.5046991,0.6006627,0.43450397,0.20330378,1.9837927,0.045312967,0.86825866,0.07552884,0.043217916,0.54259604,0.56329894,1.5173042,1.2808208,0.4332962,0.31821722,0.051596094,0.006148903,0.42325762,0.55874455,0.6524475,0.6362148,0.14594096,0.78605324,0.03348242,0.41340274,0.5050421,0.0,0.0,0.7886742,0.10364781,0.76861495,0.26336393,1.7737402,0.7299177,0.9533845,0.5751116,0.38786963,0.98725486,0.5545465,0.4390377,0.7797751,0.25732908,1.2461634,0.36491558,0.9615296,1.0853063,0.050355464,1.1282511,0.19594876,1.2069077,0.12200791,0.45568207,0.64109874,0.519173,0.2820797,1.1499064,0.74539715,0.59414583,1.2356925,0.45427868,3.0693817,1.9122312,0.900231,0.23676316,0.040692035,0.017171577,1.4092444,0.53895223,0.772635,0.9075755,0.095089786,0.7038069,0.55630547,0.7079053,2.7699716,0.9454008,0.6946851,0.20127885,0.49003702,0.13172925,0.030700272,0.2023604,0.6593035,0.36104712,0.005512329,0.316839,0.38934097,0.71396804,1.2259506,1.2214868,0.24764559,0.98369956,0.47571877,2.2419305,0.0045458497,1.4352837,0.00699601,0.2544767,1.5143194,2.0004194,0.19757684,0.16042249,0.66962737,0.6897676,0.909637,0.36407423,1.876685,0.3662623,1.8118126,0.60871375,0.074250296,1.2493848,0.5882181,1.2389694,0.44985917,0.4320811,0.9144793,0.1497857,0.32150498,0.12203625,0.12610209,0.011784921,0.0567432,0.87623405,0.528407,0.08341186,1.1301976,0.009716634,0.27752328,0.6810862,0.19008683,0.7388116,2.648218,0.11986763,0.05114345,0.84631395,0.98392296,0.18069655,0.44765577,0.07895462,0.43431807,2.536972,0.0,0.19740112,1.6233526,0.96232516,0.7606828,1.2569753,0.12169236,1.4555843,0.03445833,0.032907154,0.32554135,1.1553125,0.5408765,0.24241264,2.8734865,2.9910371,0.07860289,0.018249258,0.36266434,0.061619934,0.5727638,0.17313132,1.2860262,0.3240987,0.45251864,0.20242515,1.9385796,0.033437565,0.4769738,0.26822877,0.0815951,0.21051146,1.9732043,0.073992476,0.67760646,0.0,0.21224125,0.031880837,0.06446237,0.6299837,0.17411266,0.00783,0.6670678,0.37434494,0.3409064,0.22156368,0.15971906,0.005656201,0.20407824,0.22420941,0.056232966,0.0064820247,0.41797084,0.4399291,1.68899,3.0283053,0.29794145,1.203176,0.23309831,0.0,0.8307026,0.35890874,0.4531402,0.21587722,0.23572104,2.4534009,0.7827021,0.7097286,0.16494662,0.7126587,0.13629387,0.43521616,0.07144533,1.1092757,3.196083,0.0,0.25004792,0.27056152,0.14605376,0.066143945,0.04105831,0.84513634,0.4604686,0.919437,0.52197355,0.5631904,0.08135059,0.12678349,1.1168568,0.14036237,0.080145985,0.32879502,0.835734,0.010231568,1.288191,0.04615881,0.661012,0.078831844,0.37714005,1.7460518,0.14304136,1.7358836,1.6698132,0.19134101,0.28725156,1.5534886,1.0429524,0.120928794,0.04911922,0.13238476,2.4737816,0.9930317,0.10362388,0.07401466,0.036266904,0.9160119,0.33215076,2.0281482,1.9475226,2.5813675,1.1535728,0.8279355,0.37128004,0.5003721,1.5049288,0.18494652,1.5881252,0.06243746,0.067060165,2.0544224,0.9306796,0.23503147,0.62332946,0.14505394,2.4719894,0.068883486,0.9812889,0.47419614,0.0,0.058092106,0.0,0.0690928,1.948722,0.2138019,0.62392634,0.32295138,0.25105956,0.13191473,1.5250006,0.7723982,0.7118403,2.1396048,1.9552509,0.09781301,0.028093545,0.14589693,0.7669401,1.8502749,0.5730998,0.58083725,0.5420612,0.09944437,0.14362954,1.1915827,0.0151942065,0.42692557,0.57126385,0.15445797,0.3098337,0.63603574,0.00051037647,0.3973901,0.31272292,0.09572885,0.87613523,0.18994284,0.13211444,0.37002632,0.28759173,0.20313454,0.27234647,1.4602882,0.28811568,0.2010357,0.95673615,0.60203725,0.2037978,0.38900477,0.22879598,0.010903629,2.2015822,2.93144,2.5428934,0.0,0.0,0.7096284,0.0032643522,1.9405991,0.365144,0.7366698,0.001416414,0.6926161,0.101329364,0.6265381,0.5108967,2.0877712,0.14859787,1.268515,0.42900634,0.5214356,0.4277146,0.7502043,1.6039189,0.64790756,0.23613991,1.1202682,0.5309809,0.5289207,0.044751298,1.3984611,0.68090194,0.24928775,0.9086666,0.73136085,2.4679658,0.4684962,0.9607174,0.4006199,0.69522625,1.0770352,2.5120347,0.008785466,2.1675901,0.9784936,1.2972585,0.84452474,1.1340343,0.3043268,0.034055475,0.09577063,0.2483779,0.37350544,0.49360675,0.8925869,0.018595306,1.0611634,0.46025255,0.90040725,0.15284432,0.7868134,0.041315593,0.027823973,0.4797233,0.85355794,1.0054086,1.2497934,2.3304193,0.4101441,0.6114759,0.16521715,0.175951,0.4003904,1.219449,0.05566262,0.35800526,0.18052997,2.1442518,0.3862009,1.0252609,0.7822393,0.11041672,0.1846385,0.0,0.006337016,0.6635162,1.3298371,0.3939587,0.22347753,0.11177076,0.6052265,0.45875922,0.11022683,0.4105974,1.1608317,0.012323611,0.26955432,1.2947457,1.3208945,1.5120784,1.7371954,0.2909394,0.19426435,0.45593706,0.038876187,0.8997432,0.0,0.23171103,1.0844128,0.010069432,0.17778969,0.22623365,0.31504232,0.4486598,0.19350214,0.21164328,0.28288725,0.28225484,2.1979806,0.4329461,1.2571366,1.4662964,2.0634966,1.0160475,0.19386196,0.011530344,1.0756489,0.546321,0.16658278,all_pothole_images\pothole_images_enhanced_4fb08bed286f070a9ab1aba996de2f30.jpg
0.5869912,2.694648,0.10307594,2.1245582,0.7137892,2.076619,0.014614226,0.074837334,3.6717604e-05,0.20507002,0.011662736,0.11743537,0.0,0.6597525,0.043777473,0.20328122,0.1251407,0.054528125,0.5722826,1.7971326,0.334089,3.3197048,0.19855785,0.3557207,0.12158955,0.90484136,0.28758496,0.9582929,0.09327337,0.3285821,0.5353492,0.03790852,0.5115202,0.07921738,0.18212898,1.043886,1.3203639,0.9200791,0.1746477,1.5012308,0.09622103,0.0,0.8695389,1.6699053,1.0162716,0.013977047,0.00894965,0.25851172,0.21633662,0.57756,0.65918815,0.25797907,0.07896746,1.7071841,0.36174,1.6627346,1.0938367,0.02919058,0.8453626,0.11031492,0.46505868,0.77460706,1.2860361,0.092017986,0.09485968,1.5225571,0.66269124,0.084123895,1.0007167,0.62436545,1.1524303,0.68883395,0.07038221,0.3727758,0.47694376,0.7728724,0.47425443,1.1308814,0.25769013,0.11328021,1.6901696,0.13650627,0.08923042,1.779103,0.17590024,0.11895635,1.0017433,0.20297095,4.3276577,0.51915234,0.11845778,0.08860326,0.3003004,0.31849614,1.4448049,0.01577804,0.3142959,0.79237986,1.2901256,0.09443621,0.0,2.202542,0.6227731,0.22102754,0.033792973,0.3526487,0.022327287,0.18793713,0.106690824,0.090002984,0.18737432,0.9445994,1.0202563,0.23243633,1.1355143,0.072528176,1.9156832,0.026901877,1.3377736,0.9388243,0.1968508,1.4494784,0.52267355,0.9579276,0.5802542,1.2688297,0.8966667,0.22470984,0.6555556,0.017636966,0.41884118,0.017626697,0.6000412,0.42553052,0.5026166,1.1120363,0.09089395,0.82668495,0.83936906,0.4151926,0.28678507,0.40218955,0.08781306,0.6507501,0.29200783,1.1517996,0.48026648,0.30577177,0.24119505,1.2024419,1.6175174,0.3570805,0.0,0.026745584,0.08255326,0.30235618,1.3581808,0.13856818,0.3942998,0.6533646,1.1262717,0.56476694,0.09456909,3.0167735,0.001965029,0.25193816,1.9311931,0.26674902,1.7210665,0.035751957,0.9386635,0.06973609,0.0053721485,0.39182973,1.5772313,0.56607187,0.22489606,0.38429648,0.12530853,0.35653603,0.23222478,1.0305122,1.5241902,0.5516787,0.7556931,0.1512876,0.0,0.21445777,0.26989383,0.31701666,0.2710582,1.1719354,0.00649618,0.5348995,0.0,0.03430641,0.01569834,0.1990005,0.35927474,0.7563245,0.008106905,0.27622676,0.070060566,0.90617245,1.35716,0.5947238,0.09882504,0.33928376,0.5047289,0.00024253692,0.0,0.0,1.3113546,3.973573,0.67058474,0.19206996,0.4607738,0.22350457,1.8357693,1.1971656,1.3808235,0.29381785,0.09755341,1.1414584,0.20895153,0.9273987,0.57452494,0.24358098,0.849646,0.36081025,1.5918778,0.27343383,0.21649249,0.20850317,0.19600411,0.14056793,1.1511428,0.9819468,0.0044477186,0.09677335,0.13325699,0.011358619,1.0751323,0.0,0.3737318,0.21080068,0.27043352,0.009515482,0.7776637,2.7048955,3.6305704,0.2517719,0.44255027,0.36692524,0.07813725,1.9414103,1.6453178,0.024286676,0.8446643,2.4578702,0.028770927,0.7803416,1.3084226,0.2533287,0.49393925,0.4919231,0.012434857,0.33906814,1.7550135,0.14314044,0.0018893285,0.0,0.2825432,0.56386274,0.5800426,0.18646628,1.3815496,0.34142205,0.6727625,0.49391204,1.864676,0.0,0.22099897,0.26105163,1.2656878,0.3463609,1.537165,0.6355213,0.6046435,0.009771731,0.34038594,2.5468845,0.0028236164,0.6968887,0.09349767,0.47713754,0.40775225,1.2121218,0.15248773,0.8918181,0.33170545,0.24740721,0.06915529,0.5049093,7.69065,0.2114767,0.16308962,0.89761597,0.34948838,0.56214404,1.711572,1.2797883,2.8333182,0.46740586,0.003752392,1.2748764,1.243737,1.06489,0.69352174,0.2928091,0.025119156,1.0919989,0.018663207,0.021336392,0.5037436,2.3465304,1.5941272,0.0,0.63457465,1.4909714,2.2455406,0.139476,0.17724605,0.5059158,0.18770456,0.84924686,1.6260864,1.2726166,0.031608257,0.0567863,0.60700864,1.4948665,1.2371416,0.3825095,2.1254349,0.17806558,0.21446988,0.20804341,1.0852511,0.86445874,0.56371593,0.43507078,1.7171932,0.58107895,0.6654539,0.40603238,0.0,1.3821405,0.40695554,0.45531526,0.0,0.47282392,0.051086403,1.2886397,0.46626815,0.3658581,1.0511507,0.21720047,0.092811115,0.33047903,0.21806267,0.22548035,0.29615292,0.020759614,0.44435227,0.096707344,0.18691486,0.08387999,0.14332019,0.15488964,0.21408676,0.052676845,0.47789347,0.14162393,3.3195221,2.2421732,1.9859058,0.0,2.5983274,1.4397981,0.6223497,0.029658118,0.38411075,0.7634501,0.020813616,0.020335993,0.74114835,0.008123344,0.15652514,0.3940523,0.79541504,0.23155062,0.0916942,0.54130363,0.37334085,0.07937406,0.6095621,0.3493787,0.10658468,0.30882734,0.86835873,0.31216034,0.1566203,0.68581545,0.10864314,0.0038578953,0.37209472,1.6354371,0.20398642,0.0,2.4245722,0.5969804,2.8552475,1.9703997,2.914755,0.28240916,0.63149685,1.330588,0.095555305,0.26145998,1.3751551,0.002369786,0.058494274,0.16202345,0.8018652,3.2844014,0.77396405,0.31587198,0.18267503,0.7020606,0.49088344,0.28530413,0.20022693,0.910713,2.3393133,0.031416684,5.4296637,1.4332083,0.3259599,0.7877064,0.91968256,0.5767377,1.0652803,0.56535834,0.58434474,0.6855397,0.9093967,0.10029041,0.5513366,0.4924333,0.98327744,0.010160679,0.08374037,0.19942845,0.64298993,0.5156467,0.57482606,0.37006518,0.40859768,0.76852405,0.87593526,0.20195611,2.106914,0.22171573,0.15350811,0.0,0.23566501,0.3784751,0.7794192,0.8542577,0.89497,2.0722818,0.41240975,0.074845456,0.0009400655,0.060173575,0.8729631,0.05998345,0.39527068,0.21923497,0.5997276,2.4564786,0.030323872,0.030520754,0.0,0.16404782,0.26844049,0.16597088,0.008612836,0.009878548,0.08134006,4.5815997,0.25447044,0.872354,1.3434087,0.32207343,0.039221812,0.0,1.3471717,0.40387067,0.41966572,0.43027154,all_pothole_images\pothole_images_enhanced_4fcae68cb12e8ecd68a9b8c50f348317.jpg
0.46762738,0.49830326,0.049439225,1.4056997,0.27856436,0.015734568,0.34027722,0.0,0.1638412,0.24403553,0.17799781,0.15517466,0.26330024,1.033917,0.006584458,0.022588212,0.07319699,1.4845258,1.1359848,0.035367224,0.51184094,0.4165222,0.38718072,0.7172947,0.41615286,0.121001944,0.14382787,1.3690203,0.0,0.16331309,0.013068068,0.0744245,0.29727316,0.546228,0.3578846,0.40851685,0.7867608,0.27855697,0.5802243,0.042993087,0.015161707,0.49419737,0.29664433,0.71391994,0.038194764,0.11304328,0.40674964,0.045016263,0.07317257,0.46691185,0.5447778,0.047908228,0.17045482,0.06876836,0.16048135,0.20475204,0.19243057,0.047237795,0.99859947,0.07964748,0.38842982,0.20336643,0.36347014,0.14698525,1.6841705,0.7505124,0.79652256,0.0,0.0054749097,0.11325292,0.20511574,0.0,0.027619198,0.07877194,0.17619091,0.008161675,0.2642965,0.49234957,0.06431954,0.15042688,0.02203907,0.009107586,1.2093503,1.9012133,0.15757133,0.06526378,0.05719036,0.09712281,0.34120503,0.18056405,0.54455566,0.2017502,0.03682888,0.21526368,0.06683133,0.2231244,0.47751632,0.79499924,0.023817057,0.0,1.1132398,1.6616648,0.20272541,0.20885149,1.303895,0.33773732,0.0,0.060145933,0.40901393,0.6313359,0.034166213,0.54596907,0.027555326,0.3602755,0.53393644,0.008153566,0.22470754,0.024756003,3.151453,0.25111812,0.5324396,0.31268105,0.13328025,0.38198423,0.10700232,0.6174631,0.1265564,0.47811934,0.1798698,0.07804112,0.40109816,0.056817308,0.017139036,0.040415637,0.019283354,0.24234575,0.09816876,0.27995056,0.07744789,0.2025589,0.25006866,0.058439437,0.49892756,0.402357,0.025158877,0.18946496,0.003714047,0.100248635,0.08866672,0.3743719,0.100277744,0.27343443,0.029645577,0.013175273,0.9151054,0.1435367,0.7907507,0.6206522,0.1146427,0.21481001,1.1722242,1.2998521,0.19468139,1.2287643,0.9449226,0.0147020705,1.7356303,0.2689989,0.09202812,2.2918181,0.04310278,0.2675247,0.031503033,0.05791448,0.009306368,0.57877016,0.57698625,0.0033474169,1.0225589,0.18432613,0.12221133,0.64488214,0.44868702,0.50368786,1.1374222,0.37112582,0.24802883,0.23078088,0.19792016,0.24630344,0.07822139,0.14587043,0.7402981,1.1984919,0.44598418,0.11706724,0.790031,1.05214,0.7313399,0.16733463,0.12522404,0.11329519,0.16016057,0.1576615,0.6186105,0.086111575,0.5940866,0.0054578087,2.0170047,0.949265,0.0,0.4405945,0.69009507,0.32891953,0.46221593,0.3755694,1.2971206,0.327695,0.35471007,0.043594535,0.2673061,0.29267228,0.59384775,0.18114185,0.0022713759,0.0050312397,0.13897863,0.026921133,2.3728452,0.301494,0.050224774,0.43820623,0.4503843,0.0062799933,0.02361564,0.03009438,0.56020176,0.09577376,0.13342075,0.12101918,0.012140727,0.07552031,0.050208274,0.69138426,0.06771113,0.01453025,0.72334063,0.6202787,0.49671826,4.1500087,1.4672502,0.052731268,0.0,0.13133565,0.08145382,1.5151514,0.46376765,0.31370798,0.25281745,1.0331258,0.4908412,0.19919617,0.18172789,0.65093285,0.033337686,0.5947983,0.28077835,0.6818922,0.7411636,0.3564724,0.11797163,0.2527479,0.15555654,0.040601175,0.16606078,0.440526,0.5718694,0.0793355,0.20008129,0.18239523,1.0807425,0.22158808,0.26640925,0.050346706,0.08491705,0.22993872,0.29315433,0.015798492,0.4490629,0.07872593,0.051327217,0.13705558,0.1380847,0.36852622,0.107089885,0.34821948,0.5451479,1.2648184,0.0032862981,2.2709846,0.56793004,0.0648025,0.04144575,0.015820203,3.6620016,0.0,0.25691208,1.2371612,0.08671945,0.16530472,0.7194508,0.4175708,2.8018844,0.43729833,0.40146598,0.40288797,0.064202055,1.1578861,3.8431334,0.05274934,0.7039076,0.21294203,0.2783814,0.44381815,0.16408293,0.4183831,0.41320926,0.0,0.14756304,0.12241737,1.3629543,0.0,0.19215104,0.07401565,0.008938425,0.07078992,1.2049336,0.014139349,0.5103079,0.044935264,0.21914032,0.10745768,1.4515885,0.4405991,0.16763912,0.09939945,0.0029659083,0.6097033,0.47209728,0.54271466,0.009725143,0.25507733,0.0016083258,0.4678711,0.15339404,0.21940584,0.004739024,1.0874544,0.06463936,0.037458196,0.82094157,1.198793,0.70329744,0.00862358,0.3475065,0.075742066,0.5591986,0.3570534,0.5800094,0.24142843,0.2946695,0.4511579,0.991287,0.21381202,0.37880167,0.7387215,0.4139659,0.048368376,0.25078237,0.90010417,0.774795,0.0018441287,0.31260303,0.7834239,0.9462124,0.6626603,1.4655746,0.11105558,0.41614395,0.3568979,0.43674803,0.3663173,0.0,1.7726842,0.08238623,0.21002492,0.8320197,0.55212504,0.8439401,0.09560787,0.5615055,0.32667163,0.18999332,0.37463102,1.1007727,0.040445,0.4302427,0.78352356,0.043004192,0.44745374,0.13361193,0.34700468,0.1953443,0.15503149,0.06920151,0.16740699,0.4209422,0.14779837,0.4634201,0.042690646,0.4733104,0.46509057,0.016869502,1.5290893,0.6246734,0.49741814,1.5719914,0.08031133,0.16706634,0.01364432,0.21228358,0.8514895,0.12178783,0.3346676,0.16045114,0.7062216,0.19528957,0.39586848,0.005040279,0.0,0.36233926,0.29338315,0.47393003,0.01682371,0.39903122,0.082937345,0.5276159,0.11753445,0.9564771,0.5307636,2.4199462,0.4090564,0.51857626,0.4557531,0.2794213,0.5981909,0.0,0.07438189,0.25130278,0.42503667,1.6162059,0.5047559,0.7991384,0.14383477,0.32509872,0.30689162,0.4046089,0.030616507,0.20614882,0.040111262,0.47522533,1.8062401,0.18005504,0.1000983,0.29001546,0.49395993,0.043246288,0.3106862,0.093182564,0.006174658,0.33927453,0.4746477,0.25360048,0.45095006,0.023007108,0.4874804,0.36201793,0.19380133,1.8385142,0.015165648,0.63357896,0.71126205,0.05827691,0.0014861574,0.058550794,0.011792239,0.1321499,0.2897853,0.19447367,0.23719686,0.31153458,2.2500196,0.09516838,0.026426937,0.037574574,0.7940181,0.40369827,0.17535655,0.15463103,0.28261083,0.27115384,0.12451313,all_pothole_images\pothole_images_enhanced_4ff2267298b8ce12c96aeb260e7e050f.jpg
0.423229,1.1902368,0.36531562,1.1875837,1.4261175,0.31976616,0.18658803,0.043198574,0.12656455,0.99919313,0.11328087,0.21157071,0.22874266,1.8743255,0.345707,1.0185102,0.0,0.22440441,0.4379804,0.46462554,0.9960791,1.6119462,1.3922135,2.004667,1.4875276,0.8383077,0.4018424,2.0890548,0.87993634,0.7628134,1.1596823,0.3902544,1.2004883,0.9833463,1.0079342,0.20179224,1.4928446,1.3426129,0.09387014,0.14605041,0.83378094,0.35069713,0.30646724,2.3988385,0.48236388,0.43506888,0.13799185,0.0,0.14428514,0.102596544,1.1096988,0.23744027,1.1953015,0.6452749,0.092292495,0.64057386,3.470505,0.0,0.59840584,0.14024149,0.7691399,0.6133512,2.1865685,0.5036633,0.7104306,0.73491997,0.25544858,0.0004965301,0.07760016,0.43368256,0.53624946,0.3518797,0.3243871,0.97775954,0.75772345,2.2966425,0.18583953,0.7545865,0.0033513668,0.12731011,0.16089758,1.2961013,0.021007339,1.6285335,0.3371374,1.4474088,0.17023921,0.024072953,3.7151225,0.12690616,0.15970051,0.35025483,0.052924905,0.6882335,0.25892156,0.062139086,0.64882743,0.4469705,0.075215325,1.3899513,0.08624366,2.007598,0.1077074,0.012014126,0.6536139,0.5630627,0.162299,0.67735875,0.10797893,0.5149728,0.33362773,1.2725372,1.6183761,0.22094844,0.73955137,1.018778,2.5633302,1.3689083,1.7762622,1.2471771,3.1616158,0.8607944,0.995534,1.3581057,0.58202827,0.754565,0.046795066,1.9229616,1.9947176,0.40530497,1.196369,0.028286675,0.6740748,0.34634733,0.02630687,2.1002328,0.3474257,0.9802999,1.7715594,0.5762573,0.38406184,1.0258794,0.028059224,1.1437988,0.56048214,0.9640652,0.33108583,0.98883826,1.1577026,0.5837737,0.7346437,0.5026575,0.25646004,0.20996068,1.1905357,1.218823,0.8655317,0.6310649,0.21368097,0.45833412,3.6166162,0.5061985,0.1265893,3.7904096,0.10877574,1.0686686,0.19914666,0.7678079,2.4742088,0.28340465,0.3154719,0.6002333,0.01492809,0.6615118,0.33894944,0.06297028,1.7401764,0.13075824,0.07099826,0.006848226,0.19187784,2.1655366,2.1362534,1.9894893,2.4170823,0.5713615,0.32915527,0.33966064,0.088019304,0.44244558,0.18219197,0.8195395,0.04276511,4.085995,0.013867885,1.9711537,1.3616953,0.6474388,0.789232,1.127773,0.6555161,1.4195075,1.5362514,1.2500225,1.612896,0.24234329,0.6214068,0.22589181,0.5809673,0.24765626,0.8047012,0.29202774,0.48986638,1.1082102,1.6979946,1.5220965,0.7378986,0.2898086,2.7247288,0.2478533,0.5020946,0.0079509355,0.04643345,0.35338414,0.16551693,0.5767158,1.9593048,0.7885783,1.2090085,0.15732753,0.16354564,0.36308548,1.4827423,0.044895697,1.5307684,0.255772,3.0285394,0.22572298,0.05247857,0.19093767,0.47261733,0.024746476,1.541759,0.8717474,0.25769135,0.004516777,0.9918812,1.0067306,0.48577234,3.4914563,1.0287856,0.02390515,1.1288474,0.24314907,0.14207639,0.29858878,0.5227298,0.25858685,1.4793502,2.5032132,0.16286254,0.97169507,0.8464646,0.8270397,0.7757315,1.232147,0.2119305,0.20653617,1.2108834,0.9155002,0.17477344,0.02022217,0.63105875,0.055787586,0.336245,1.1222123,1.6722206,1.6829561,1.1183531,1.6731204,0.05610355,0.5075131,0.48291335,1.0114597,1.1766179,0.43539777,0.5186144,1.5295326,1.5995499,0.10056191,1.140213,0.37342456,0.12953077,0.9346153,0.20792973,0.12105335,0.094764374,0.39532843,0.18771012,0.36640152,0.6950471,0.7786504,0.36736983,0.020808129,7.169817,0.08138482,0.72952455,0.3456552,0.33306342,0.18516128,0.58600396,2.0752077,3.6071234,1.7708852,0.0,0.55284876,0.012162022,0.8643107,1.1491818,0.6794167,0.27569324,0.6757567,0.040597267,0.55491835,1.1874985,0.29892525,1.7124004,0.7951473,0.0016583386,0.94791424,2.992809,0.12014128,0.077031024,0.55578583,0.33264446,0.6286389,0.99635625,0.98848456,0.041565124,0.090362735,0.49321893,1.3982702,2.302052,0.025950296,0.34243765,0.0026371756,0.4170931,0.20579049,0.94270235,0.9083123,0.14792216,1.2083935,0.47784486,0.15517469,0.11529583,0.19141626,0.051829103,2.3976371,0.33870265,0.91718554,0.0085890405,0.12096443,0.6545209,1.3972613,0.0062089665,0.6192263,0.9460883,2.3298028,0.021177545,0.9801267,2.0744205,0.7598635,0.13726659,0.2911571,1.2688968,0.4229932,0.04676851,0.19529775,0.49282837,1.4504923,0.21897063,0.05740376,0.06807747,0.8181137,4.308566,2.6580234,1.3395994,0.07530791,0.029348865,0.81322104,0.4736929,1.4991249,0.36165166,0.13434501,0.17817377,0.055607922,1.2941742,0.70574427,0.88718426,0.052354496,3.0995905,1.5178574,0.89030886,1.2165405,0.063436724,0.39600933,0.75308925,0.058305074,0.24834955,0.06177569,0.7223521,0.15552692,0.43959287,0.050732616,0.006981639,1.0983789,0.82074845,0.699276,0.19064823,0.14837468,0.9060716,1.323108,1.0763,1.6004536,2.0017567,1.8282664,0.83851624,2.0004559,0.72370815,1.4120674,0.5165808,0.53846216,0.06166632,0.32879162,0.29964378,4.6742916,1.3395793,1.0471066,0.1091217,1.0740596,1.092407,0.72690284,0.31757525,0.51802254,0.04623442,1.1658509,1.6053207,1.132235,0.4235722,0.17774136,0.5879504,0.64782995,0.28063446,0.58905125,0.6639763,0.3520151,0.90381545,0.65695477,0.38548493,1.4248302,1.1383139,0.26551864,1.8606168,0.20316683,0.6048295,0.040953692,0.64565694,0.058247633,2.2264428,1.8786805,0.48048806,0.5750807,0.49532858,0.79520696,1.1413126,0.25758398,0.74898016,1.634363,1.1995478,0.0,0.46086997,4.775509,0.81917214,0.87992805,0.0,0.91287386,1.1114857,0.6684575,1.1717303,0.09187534,0.13217367,0.9363473,0.0,0.3110441,0.11761484,0.036834396,0.43600172,0.0041262666,0.4492,0.13013044,0.76583076,5.4179225,2.1408126,1.1892081,0.7059375,0.18983261,0.16622613,1.0566614,0.097430244,0.8426578,0.7749369,0.20266028,all_pothole_images\pothole_images_enhanced_5032528d894e41e30bcda3deffb28751.jpg
0.8717492,0.75186133,0.08459737,1.5409044,0.36800617,0.0830309,1.6258429,0.010890649,0.09620329,0.13171813,0.13792205,0.8911398,1.2251209,1.1914604,0.13610798,0.590958,0.12258841,1.2862164,0.5540611,0.17608188,0.14679796,0.7399747,0.14915767,0.41240534,0.49781686,1.350794,1.7974375,0.26911137,0.0027236603,1.5258507,0.89454496,0.43962625,0.37335148,0.12319836,0.110201314,0.20361674,0.9698408,0.5629319,0.8868914,0.254105,0.0,0.60346174,0.87628746,0.62038815,0.33254358,0.41869724,0.3836141,1.1542405,0.3018541,0.020111935,0.36878374,1.0495754,0.8051389,0.406505,0.07631591,1.443625,0.22439267,0.8640109,0.80934864,0.20754269,0.12650178,1.211894,0.17526454,0.7874153,1.2530681,0.67415905,0.480614,0.8863935,0.0076766396,0.39868534,0.28134918,0.23724441,0.8096346,0.6701196,0.6030948,0.5892205,0.35633323,0.24134588,0.12782726,0.6825468,0.7137375,0.04300307,0.6739259,1.6208038,0.2925321,0.16874255,0.018023398,0.32724434,2.33813,0.43651643,1.3900926,0.7960102,0.54999495,0.0715549,0.4721183,0.009717049,0.6921176,0.44820702,0.23128872,0.03826099,0.25461882,0.18987924,0.4430995,0.7120756,0.3447186,0.05864133,0.28943965,0.46298894,0.0102133285,0.21611983,0.11109506,0.92746437,1.2296664,0.0,0.8173643,0.7918109,0.56862104,0.0006284393,1.4635317,0.21689618,0.020875566,0.0716152,1.0708628,0.7453247,0.98545945,0.14880414,1.2610699,0.0511121,0.8852932,0.2733854,0.19585663,0.6892536,0.2044565,0.0,0.24977529,0.5611647,0.0049066134,0.15314561,0.7195659,0.102931924,2.2042742,0.979788,0.19454964,0.2525335,0.79307157,1.1494551,0.002652895,0.37326866,0.45661893,0.13912311,1.050546,1.306624,0.29007065,0.09818148,0.19170317,0.28645664,0.17727903,0.529602,0.44074994,0.36487064,0.57055235,0.6032004,0.0,0.45003843,1.6126556,0.5137337,0.17284615,0.27176815,0.16714829,0.17369258,0.48900568,0.094624706,0.6167071,0.048100207,0.58836365,0.16404533,0.71127653,0.0697809,0.7800362,0.29376698,0.31725553,1.952978,0.41200307,0.33059934,2.696325,0.06604635,0.16045478,0.23404962,0.045936797,0.5447327,0.8092805,0.00023290877,0.07488488,0.06737669,0.02275587,0.0004420621,0.18769285,1.5372937,1.463119,0.69162405,0.4132219,1.8986171,0.045336585,0.0761236,0.08681546,1.4876297,0.4473057,1.3080965,2.4656553,0.8570527,0.07699395,0.031243261,0.56947666,1.9342171,0.6283549,1.111841,0.98483306,0.4274067,0.16124476,0.48386717,1.5842434,0.35344648,0.765994,0.8894664,1.0074341,0.51779556,0.66648483,0.06114382,1.8020785,0.17058179,0.33300295,1.5327481,0.22540648,0.5726769,0.5093382,0.29153162,0.5201469,0.17513448,0.46143827,1.092839,0.1082312,0.34858337,0.20899965,0.42449942,0.108358175,0.110761404,0.90868264,0.011458825,3.303164,3.7569673,1.3669548,0.9740102,0.49554837,0.14838973,0.5011627,0.5529176,0.5492282,0.68196857,0.8335972,3.4642417,1.23896,0.29877955,0.17522547,0.29844522,0.75573045,1.7598691,0.5251237,0.49694762,0.5505661,0.26294652,0.7441018,0.0,0.22625536,1.3088934,0.56973,1.1817704,0.16924453,0.43304777,0.12971132,0.3120496,0.65416366,0.46455145,0.4457477,0.031227812,0.22571096,1.229213,0.0942629,0.64144015,0.7787697,0.87906295,0.034697138,0.103189155,2.2986953,0.30815527,0.16294388,0.92428243,1.9967031,0.7614154,0.14424033,1.9403727,0.27693966,0.35695118,0.47702184,0.25984046,2.8334105,0.97892445,0.111320145,0.2745056,0.14862056,0.36415425,0.6090879,0.8217107,1.820267,0.63295996,0.2546816,1.6599259,0.3425901,1.1557373,2.8992648,1.7571819,0.5605859,0.13784961,0.3460185,0.32223567,0.12467483,1.0440594,0.93522024,0.13224947,2.1251752,0.5827699,3.4758117,0.04856423,0.61776847,1.4690871,0.5701311,0.0,2.3569622,0.71724635,0.54386246,0.12585913,0.19145903,0.9520592,0.3790108,0.7909354,0.29294536,0.690461,0.2608503,0.89942896,0.0682608,0.2169563,0.2643325,0.44808164,1.5757147,0.2160987,0.19285305,0.5706544,0.8734587,0.4126618,0.10326592,1.1980033,0.57260597,0.046399277,0.018204205,0.98252994,0.111097,0.004822678,0.72522664,0.24574527,1.651077,0.26015428,0.4967873,1.0373782,0.25670955,0.14732869,0.5300603,0.47392413,0.751665,0.7054326,0.646215,1.1139345,1.0443349,0.1432489,0.094457276,0.14642923,2.385724,1.469012,0.5122282,0.32790732,0.9124742,0.8305139,0.19494613,0.89124715,0.8263581,0.28231454,0.29264194,0.11279559,0.22311786,0.43739906,0.17920113,0.1353222,0.4747911,1.5445908,0.21584487,0.5116352,1.8574021,0.15636776,0.14956413,0.509971,0.17604493,0.7803963,0.2990939,0.6116883,1.0145037,0.5228317,0.8082485,0.30882585,1.3263214,0.088446744,1.4334966,0.024611743,0.5609772,0.40369594,0.69941103,0.43429285,1.0582962,0.5152898,1.2454581,0.44329345,0.46374795,0.33467054,0.6081853,0.71774757,0.5241786,0.15681222,0.3483497,0.70536333,0.92919403,1.8800223,1.1614075,0.42743838,0.683485,0.22005571,0.31626624,0.34926417,0.5834274,0.051978435,0.7972144,0.52675074,0.27730075,0.45986843,1.092818,0.31680354,0.9622618,0.49743608,0.27611542,1.0331283,1.1544725,0.1515461,0.24415953,0.57999074,2.276639,0.80911386,0.984273,0.42705324,1.1305746,0.0474666,0.0,0.0861426,0.28908545,0.83210903,0.08755186,0.3101915,0.43534946,0.11917653,0.6665645,0.637,0.42654043,0.01749389,0.02262221,0.8611883,0.9881056,0.27818817,0.3052003,1.510691,0.016600695,1.2543073,1.0709065,0.6889961,1.6128722,0.0,0.062129278,0.8690076,0.7945742,1.0240728,0.538953,0.11404319,0.58989567,0.008307731,0.010458654,0.027300552,0.97933406,3.9067557,0.15687817,0.52224433,0.38199747,1.4304866,0.37419346,0.5478361,1.2546364,0.6633915,0.09554229,0.7712797,all_pothole_images\pothole_images_enhanced_5052bb8df3144e39fa9612815b7e0dea.jpg
0.01953409,0.65746576,0.34853768,2.5142617,1.3907067,0.374231,0.12079185,0.0,0.2566993,1.5102631,1.1296132,0.7299348,0.102322385,1.9678097,0.0,0.7430967,0.10086563,0.6654982,0.13245109,0.07155503,0.5892846,1.0949562,0.4053496,0.93596786,0.6252772,0.14068638,0.50713027,2.052911,0.107755125,0.65187943,0.51299524,0.16161625,0.58895606,0.54546136,0.32838103,1.8220118,1.1993073,0.20447528,0.7318538,0.17341782,0.018668147,0.7757794,0.100108005,0.2654561,0.49432614,0.8321561,0.8702281,0.09604397,0.44297796,0.620779,0.032401837,0.036296476,0.11379354,0.33590418,0.1654152,1.565039,1.2980837,0.31005472,0.26490963,0.27363068,1.2743535,1.3852403,0.8142357,0.052986912,1.734347,0.6664042,0.08616075,0.24978478,0.25991228,0.7075891,0.12096047,0.19276005,0.62350374,0.51805174,0.14615892,0.30876732,0.5451449,0.26603964,0.7346349,0.1093998,0.007009275,0.80927604,0.3179391,1.6063573,0.022707162,0.017657276,0.52128243,0.05099173,0.91774356,0.7837403,0.9342543,1.1328211,0.5914511,1.3741287,0.19539256,0.017768856,0.1699254,0.29815608,0.36349556,1.1576095,0.63605064,3.8918295,0.08575514,0.0,2.1564608,0.2643894,0.45316437,0.100625485,1.3462094,0.35218614,0.081976265,0.13013718,0.27431774,0.056529123,1.3454429,1.1349996,0.9176893,1.0153949,1.6560287,0.88538593,1.0516834,0.24074027,0.35304928,1.0300908,0.66191643,0.9436298,0.5128134,0.9759646,0.49523517,0.7525203,1.2095375,0.40517822,0.3321636,0.26726788,0.850052,0.21260498,0.69443905,0.55054647,0.11520311,0.65983504,1.4376785,1.7392482,0.8291496,0.18577786,0.18594722,0.50439936,0.8186273,0.1874936,1.6157848,0.8116855,0.063863516,0.51052564,0.7227194,0.0051379804,0.49395078,0.18102832,1.2613014,0.8214308,0.5673974,0.43918204,0.35857382,0.524267,0.111041434,2.9033253,1.895807,0.2970991,1.6007266,0.4871978,1.346923,2.0935702,0.8414076,0.67701703,0.05930303,1.398693,0.48321906,0.061152495,0.4372617,0.029415222,0.5543207,0.21017112,0.053580444,0.70702165,0.82203674,0.45057,2.5941274,0.2534063,1.643554,0.99109024,0.09740273,0.4610633,0.47630024,2.9377995,0.49668416,1.3591937,1.2537856,0.017684454,1.365536,1.4880595,0.60025114,0.15746334,0.22017612,1.1264029,0.53988284,0.18599258,0.2730749,0.29658434,0.3688654,0.0807087,2.0480473,0.24688631,0.17751594,0.5239046,0.9934324,0.46489084,2.990314,1.4864035,0.0044256733,0.07416778,0.1955403,0.94103074,0.9598303,0.03877443,0.33776036,0.1452811,0.29147753,0.52081144,0.13975668,0.08390459,4.7494516,0.05756967,0.9942363,1.0606582,0.6958453,0.4711856,0.51910573,0.1039866,1.7752199,0.2734593,0.48847115,2.2775981,0.07738554,0.12004167,0.49553803,0.4179278,1.6021336,0.58432376,0.30856493,0.21218503,0.41616064,3.841931,0.4376757,0.13901564,0.21090996,0.64709353,0.17789029,0.61013687,0.117438145,1.7376643,0.6015261,1.3956618,1.3682765,0.2796867,0.67320883,1.0882736,0.08195322,0.07787019,1.2378632,0.59793574,3.0553303,0.3191835,0.21105964,0.034008842,0.70336163,0.01725542,0.813352,0.1189746,0.56491023,0.16631982,1.7686808,0.95145136,0.95983315,0.6199549,0.32695255,0.13786605,0.25391886,1.0206137,0.57062656,1.2738347,1.497951,1.2842185,0.14764266,0.08080104,0.06985665,1.6069262,1.4394035,0.39760405,1.3847659,0.28760812,1.2955517,1.219088,1.900635,0.1567873,0.06229759,0.11297488,5.193293,0.13896945,0.4245954,0.3606871,0.7027924,0.39214414,0.20779465,0.29628438,2.9053745,2.02265,1.9490992,0.17398255,0.020599965,0.36352524,2.9161685,0.91581446,0.98531806,0.75657636,1.0299356,0.1929959,0.18503152,0.6420067,0.44866967,0.16464585,0.52220017,0.8122702,2.769028,0.044575676,0.8502287,0.5237565,0.735436,0.0,1.535433,0.69647187,1.1095487,0.4793479,0.47935027,1.0941507,1.4267578,0.8323308,1.0614535,0.17472051,0.5218525,0.1702675,0.6935347,0.25047436,0.31022766,0.36380914,0.10001195,0.39241448,0.9286103,0.18724705,0.32863835,1.1760519,2.0356364,0.5490903,1.1739385,0.8028328,0.54310745,0.7171688,0.26050484,0.028616423,0.46377227,0.1255868,1.0080229,1.2788502,0.47292194,0.36388466,0.4629188,0.44089293,0.16380684,0.54470396,0.10183964,0.00093808596,0.63458824,0.44839415,0.47549522,0.0058821826,0.11542766,0.80193937,0.7737788,0.06537577,1.8488401,0.5626368,0.86188155,0.6331502,1.5804955,0.09303851,0.5483759,0.81856006,0.046154965,0.33171228,0.3307854,0.538274,0.86752963,0.16940516,0.30053166,0.9286902,0.3965613,0.05082438,1.7674669,0.23377095,0.20152244,0.30562934,0.6876143,0.06756506,0.074266,0.17762966,0.03175139,0.11333442,0.7070275,0.42622492,0.934057,2.2817187,0.12924725,0.03758014,1.1098948,0.50543994,1.0595077,0.18813905,1.2112156,1.5302927,1.0000647,0.5280069,1.1003565,2.2686791,0.3544094,0.7177572,0.08078068,0.003242572,0.24815314,0.7750739,0.39702266,0.12155887,1.838396,0.19378401,0.298916,3.026501,1.9238315,0.0,0.009939288,0.25105277,0.8533875,0.71969056,0.044944905,1.4948286,1.5629908,0.0920121,0.4582591,0.43421647,0.27245843,0.5411277,0.08349892,0.649547,0.61667335,0.62036216,2.576781,0.43903694,0.15069243,0.15557468,0.72961175,0.032007292,0.12505479,0.29929247,0.17482287,1.0300318,0.58347917,1.3565183,0.014867472,0.46823925,0.60552526,0.0,2.7953734,0.58053035,0.11531189,0.024166476,0.063302435,1.3281587,1.8005596,0.5421009,0.25458798,0.35702038,0.8147004,0.0,0.72147757,0.29883757,0.728658,0.65608424,0.07783301,0.04290147,0.0025853226,0.013841436,0.3513347,0.06613487,0.03686713,0.48448983,1.1013867,2.7816038,1.0776525,0.38126957,0.58361197,1.9483664,0.23470128,0.31211585,1.0651153,0.1644006,0.3924799,0.033913817,all_pothole_images\pothole_images_enhanced_50a8a2305c781768fd56e771bf4d1edd.jpg
0.83731,0.52571166,0.12217399,0.9950371,1.1046102,0.45347103,0.9427888,0.38879576,0.0011068899,0.3032032,0.8667001,1.001854,0.105075166,0.9526375,0.08945717,0.6422469,0.5464558,0.764507,1.1236296,0.6951865,0.573345,1.1061158,1.3217921,1.9240774,0.4412911,0.0070301644,0.01782771,0.2653563,0.020558467,0.015967162,0.08213475,0.11424723,0.7992638,0.29322258,0.1415397,1.9162298,0.5390565,0.57418907,0.22395332,0.7782123,0.2516019,0.112821035,0.36727166,1.0063947,0.7134266,0.3986304,0.2514815,0.001812995,0.6364435,1.5622458,1.6652,0.20484538,0.7561196,0.64194614,0.50916934,2.289588,2.3589623,0.16274983,1.6554799,0.67434764,0.23465484,0.012993857,0.47269928,0.08220102,0.19251218,1.2583067,0.30560163,0.011993287,0.14297462,0.4816042,0.0056382474,0.0262562,0.16812696,0.12834962,1.1775764,0.017226804,0.047777582,1.3015164,0.05407663,0.029759051,0.012452533,0.7714692,0.035696134,2.0592666,0.93422294,0.65579104,0.020865165,0.36690497,0.9882909,0.17143008,1.0164001,0.046693027,0.098602936,0.21008275,0.6083764,0.0,1.0167015,0.92630345,0.0993495,0.70241505,0.6016602,4.068983,0.87449455,0.009237486,0.51779443,0.77936816,0.6221158,0.8070158,0.093767755,0.79060644,0.8369131,1.8223786,0.03289182,1.1239915,0.20332624,0.7210112,1.3795646,0.38221973,2.8728626,1.6921287,1.4255841,1.4308228,0.14973217,1.4411254,1.2489321,2.099713,0.4886882,0.7462001,0.76003593,0.039964408,0.2414706,0.002792745,0.3377528,0.17807591,0.11268518,1.669265,0.30030954,0.9055683,0.026637224,0.05751431,0.3537559,0.19184144,0.10391673,0.5338423,0.21734288,0.76210433,0.04942313,1.5746771,0.4439806,0.110151865,0.22591437,0.77971023,0.15587299,0.00136299,1.0525658,0.655132,1.1486533,0.34618467,0.36644846,0.54187495,1.590282,0.66500914,0.07320608,3.30733,0.23678248,0.6144996,0.62738746,0.10150004,1.4149451,0.9736505,0.86307687,0.0,0.0,0.3500342,0.44005245,0.07677041,0.25647303,0.14186166,0.008038546,0.03235576,0.08045633,2.0506637,1.5209345,2.0109918,1.3578846,0.14159453,0.15131398,1.9799633,1.1113125,0.8524727,0.66374767,0.32895812,0.41774666,0.6526906,0.14248203,0.85155976,1.3479954,0.72897345,0.8494301,0.0031977033,0.047472436,0.79209447,0.4223745,0.40078163,1.3858082,0.09797185,0.746427,0.19864693,0.98633766,0.52385706,0.013305581,0.18624917,0.4619789,0.9980602,1.5958833,0.31538922,1.0584952,0.24097195,0.23662913,0.79673094,0.1342467,0.5108682,0.22599329,0.46669745,0.049447663,0.15381572,0.84950906,0.1832268,0.4215223,0.28305224,0.0023012564,0.05926021,1.813044,0.43939653,1.4157455,0.1220212,1.484172,0.054779656,0.1844501,0.01907207,0.90430814,0.03525856,0.14059693,0.24240604,0.19747616,0.078708544,0.30957368,1.4173839,0.08059684,2.0721273,0.83646095,0.019835064,0.16157147,0.23785312,0.793555,0.5483206,0.28699332,0.4117222,0.013849419,2.5907338,0.2763687,0.04758077,0.42998123,0.7009656,0.65632784,0.60437894,0.25555474,0.8040892,1.9370941,0.12635542,0.018667493,0.14857097,0.3045555,0.6699862,0.97339225,1.2891126,0.13597561,0.043610554,0.15653616,0.3543002,0.14881825,1.1929113,0.13945945,0.033891033,0.30228794,0.23839992,0.17802633,0.4143929,0.28750908,0.014368681,1.615623,0.41432914,0.08634925,2.2128685,0.23639297,0.22892196,0.23303802,0.7257467,0.34831524,0.7075386,0.8010936,0.1660819,0.19170907,0.55235445,3.189248,0.16055678,0.2478439,0.49675515,0.4962105,0.42531008,0.9126679,1.3131638,2.7286127,2.5277517,0.19372495,0.41054568,0.0,0.8945291,2.189992,0.020420277,1.2759352,0.340276,0.13732788,0.6886107,0.65881956,0.60759103,0.12517287,0.10330608,0.13983294,0.0,0.86344355,0.4736211,0.23600376,0.0,0.069979705,0.6550716,0.29398814,1.387445,0.48634863,0.28736678,0.458436,0.30594993,1.2146697,0.42255673,0.016666258,0.18360464,0.08407896,0.012930144,0.005951786,0.6447174,0.13202192,0.28946277,0.3169344,1.0233593,0.18018894,0.19413671,0.49610704,1.2389014,0.6931565,0.61152595,0.074341215,0.6232012,1.0281695,0.0,0.22097735,0.6670373,0.23498733,0.47558212,0.4598545,0.49447072,0.9506176,0.09907678,0.7296951,0.61393404,1.3481895,0.63266414,1.0615956,0.28085455,1.3538164,0.44751856,0.37890047,0.02804346,0.8479239,0.3349518,1.2368463,0.6398807,1.1401417,0.11471788,0.09311857,0.5101853,0.39469737,0.64712226,0.055163067,0.61112773,0.37943953,0.023534115,1.9392859,0.041973323,0.49896476,0.3282397,1.7233609,1.1092074,0.6922994,0.3865457,0.3742998,0.020005317,0.11825711,0.0,0.26694182,0.8144152,0.42206255,0.4155852,0.41877428,0.37586296,0.028717311,0.36744237,1.1864896,0.13981077,0.6660568,0.029003644,0.584066,1.6743665,1.0659083,1.0260929,3.6833594,0.5956109,0.61217606,0.40987247,0.81994283,0.25001505,1.6459199,0.54806656,0.19034635,0.22943977,0.17724037,2.198933,1.6407689,0.2641997,0.35030916,1.7157071,0.3039106,0.67505056,0.651601,0.36644992,0.24221574,0.9698573,1.9315381,0.3318297,0.0,0.6040375,0.6044378,0.30230787,0.5553845,0.73826724,0.9441145,1.5814617,0.34684753,0.41001803,0.7755244,2.1274922,0.895122,0.3852356,1.4648992,0.06135224,0.75999373,0.11399114,0.21278307,0.26548746,1.058944,0.514718,1.2054588,1.2854705,0.24185511,0.80172104,1.6701919,0.022926753,0.030385407,1.6056206,1.3852551,0.735908,0.25166193,2.81123,1.572302,0.47585475,0.15898693,0.29293892,0.6554637,0.04930464,0.78822875,0.35967177,0.8049782,1.0042707,0.28719306,0.00081282604,0.31961235,0.7436074,0.4395189,0.35683125,1.3307054,0.20100364,1.487906,5.4037843,0.40519708,0.11083474,0.4414964,0.20850964,0.03140237,0.12950982,0.92260206,0.21503079,0.69080335,0.6454599,all_pothole_images\pothole_images_enhanced_50caf2e7ae9907e5d3a7e954d1e04c50.jpg
0.33045235,0.7751465,0.075074844,2.224739,1.1285188,0.45307338,0.4994999,0.0031463192,0.79769224,0.43705028,0.4485859,0.9170002,0.0,3.3747172,1.7261608,0.07047025,0.12845726,1.4768764,2.6875727,0.22232449,1.0841675,1.0225618,0.0063199904,0.598129,1.2570585,0.34982708,3.1588109,3.1397974,0.4830779,0.16783589,1.331328,0.0772489,0.4264397,0.087330125,0.15049459,1.7517879,0.4614815,2.18091,0.10948626,0.49559003,0.177501,0.065487966,0.56150883,4.548812,0.1913542,0.24230291,0.23661107,0.24509484,0.07147295,0.6131904,0.23219626,0.56553954,0.35931623,0.044900194,0.19534278,2.3756144,2.8643947,0.63116825,0.1354233,0.07807569,0.60040337,0.45510715,0.33243233,0.19400573,0.51538515,2.969209,0.36594975,0.0,0.0060179927,1.0819958,0.21587086,0.5428038,0.5964073,0.15577236,0.30629078,0.1815817,0.105277106,1.3669119,0.25669032,0.5103612,0.12288193,0.0220404,0.03360443,1.8535286,0.10687049,0.0,0.09493502,0.041178357,2.6668513,0.0730649,1.1172689,0.0,0.18969338,0.0075516105,0.033445816,0.028429158,0.13235576,1.2678761,2.3757372,0.17837396,0.28042963,3.6030786,0.0,1.1415402,0.5153641,0.3062116,0.46424258,0.12846218,0.9821486,0.10619429,0.0,1.1318579,0.44454637,0.031935714,0.24616969,0.8224264,0.871419,0.29031676,2.232777,1.809807,3.0401306,0.50516886,0.120978415,1.8769151,0.8868261,0.052745033,0.8367308,0.8709995,2.9463952,0.77979356,0.11349601,0.057603043,0.41074955,0.042133857,0.37081087,0.3709358,0.98507816,1.3095108,0.52665263,0.17359772,0.72758937,0.14865792,0.045562927,0.08898315,0.9957426,0.50076854,0.15079223,0.4620828,0.15950467,0.24325848,0.9362053,0.46610242,0.0,0.32996267,2.1200619,1.2822057,0.3677639,0.5358438,1.0963459,0.73642534,1.4670684,1.4992316,0.20639078,1.3450308,0.4147028,0.020528812,0.58100116,0.5462583,0.8129327,1.9976802,0.0590112,0.15383595,0.00013024024,0.08819568,0.28197262,0.29308084,0.36789617,0.14316759,0.09447695,0.27124256,0.0,3.6729786,1.9726646,1.6346301,0.53507733,2.6518087,0.079545796,0.74462414,0.05502251,0.188849,0.09847015,0.30915642,0.22425492,1.2113086,0.046030317,0.63797265,0.3803025,0.20461896,0.0,1.0309138,0.84037364,0.05144987,0.07036988,1.1071055,0.19987196,0.08251778,1.1525459,1.1938463,0.33122107,0.46875116,0.083573595,0.045879982,1.6682924,0.35982925,3.6900365,3.7641246,0.90061915,0.13146006,0.27114683,0.29684004,1.4680127,0.12264914,1.2846111,0.028145002,0.047306776,0.13206929,0.9945413,0.8024745,0.05987117,0.62663317,0.5563601,0.012282703,0.1503641,0.37869495,1.3445332,0.21032964,2.5028126,0.09561442,0.16958952,0.4606063,0.45273238,0.52663743,1.4250544,0.4541601,0.8249896,0.5419028,0.41412264,0.0044620433,1.4143281,3.728893,3.564009,0.6661911,0.20906284,1.5511456,1.2637012,0.08549795,0.5402757,1.2418319,0.441512,1.3622533,1.3443385,0.05134777,0.87795144,0.04242989,0.58570534,0.5522489,1.1031913,0.8534133,0.28758678,0.038646273,0.175788,0.017587192,1.3893514,0.014259106,2.566387,0.23331784,0.0,0.4457927,0.4412697,0.5989942,1.7150403,0.007264414,1.4109885,0.42735204,0.78690904,2.1681557,1.2935054,0.45396608,1.8256909,0.011544459,0.0,0.040060908,0.13089429,2.4516714,0.078796715,0.4693105,0.1874121,0.17303178,0.14046663,3.563919,1.1520202,0.6875816,0.19189595,0.2380443,5.8929095,0.3299734,0.114936136,0.10243324,0.2905638,0.21833521,0.7296819,1.4974285,0.9757739,1.9951494,0.49119148,0.7254959,0.068831384,2.731901,3.3698182,0.4057174,0.18891422,0.0,0.9918765,1.3771387,0.2695117,0.82387006,1.9224728,0.058667302,1.0959724,0.2848178,1.7693675,0.2628499,0.38033158,0.55028105,0.2195728,0.26507613,1.6405545,2.261675,1.8361955,0.54042906,0.25999954,0.9613439,1.1187024,1.1692871,1.7931612,0.3373371,0.32209918,0.528476,0.61467445,0.03898263,1.4208152,0.3123511,0.3368702,1.6033988,0.04913853,0.08623852,0.07922797,0.22436488,1.2287252,0.3954839,0.06935737,0.50023526,0.6735232,1.2450516,0.053861115,0.27410644,0.5216969,0.42402813,0.65604955,0.6043789,0.94272995,0.6139801,0.4047238,0.0,0.3283371,0.06657391,1.6586559,0.0,0.75249684,0.41256142,0.45535395,0.2336056,0.010707117,0.34712565,2.3661075,1.0846127,0.25905886,0.10708179,0.0055655604,1.0478445,1.2892394,0.022450006,0.67844194,0.0065353573,0.08403085,0.33020034,3.0341609,0.2813639,0.03125885,0.09348154,0.43773252,0.6600563,0.3546154,1.7492685,0.46714848,0.30803496,0.022306588,0.52757037,1.0050864,0.09438488,0.6028145,0.4765015,0.06792554,1.3673443,0.6351506,0.4492976,0.62507015,1.5559326,0.30733538,0.01891131,3.738722,0.04870868,0.4679854,4.037004,2.5915549,1.1701963,2.1956415,0.919456,0.14718707,0.3987895,0.8126699,0.0,0.19887017,0.2772267,0.28365198,3.3691823,0.24335551,0.026684958,0.1660904,0.110973455,0.84893376,0.0,0.11619043,0.7096438,0.20347373,0.0,0.7214844,1.6221752,0.2281927,1.5141212,2.7964365,0.004567655,0.018369166,0.47557378,0.5127624,1.0781386,0.2730575,0.22430034,0.2653317,1.9554739,3.0998828,0.221525,1.2546331,0.018256862,0.5045391,0.049129523,0.08855394,0.06282145,0.6031301,2.4874043,1.1587207,0.53305286,0.26359677,0.61521983,2.050106,0.17632715,0.006056395,3.1892924,0.95722055,0.0925609,0.36795443,3.2506075,0.67639935,1.4036504,0.29885915,0.113323756,0.13544701,0.09273681,2.51725,0.16372249,0.0,0.87113523,0.51097625,0.0,0.0061120777,0.16217606,0.0020823686,0.005867402,0.20879555,0.77459854,0.31686616,2.7826512,1.248514,0.16221733,1.1443803,2.9209838,0.85050976,1.0289263,0.029663244,0.11357226,0.07681724,0.04622236,all_pothole_images\pothole_images_enhanced_50cf9cc400e717c137d99741772eb79b.jpg
2.1613314,0.18550003,0.06488471,2.199705,0.5057928,1.2009156,0.37267253,0.00441121,0.552627,0.21233508,0.19589612,0.026271533,0.50251865,0.52286905,0.28873003,1.6657665,0.38124782,0.3312218,0.30725625,0.005023728,0.36343136,1.033617,0.57253313,0.54596287,0.6563925,0.9430741,0.049871467,1.3186238,0.020069245,0.35582888,0.6273027,1.1709734,1.2773788,2.1568189,0.11119118,1.250881,0.49462625,0.21466422,1.6045163,0.17205475,0.1313184,0.031719472,0.20322962,0.57651925,0.25450456,0.6072348,0.019170841,0.11349449,1.9969177,2.9624019,0.98618275,0.23454235,0.9784378,0.28609687,0.28397605,1.9291797,0.86018324,0.443246,0.71378607,0.021278566,0.018118078,0.8326032,0.018399544,0.43564063,0.6449038,0.7679205,0.099450015,0.7912914,2.44517,0.16468245,0.044064507,0.6430459,1.1870517,1.1830747,0.22640978,0.7411002,0.095558085,1.302914,0.51420856,0.121814094,0.078088164,0.37845132,0.7917156,0.10468208,1.2148123,0.15323654,0.69409966,0.13139962,2.7525187,1.219478,2.5542305,0.28362218,0.25765875,0.6162722,0.6279268,0.045334384,1.7431681,0.16153522,0.015638271,0.7029013,0.24487083,0.9376239,0.89273036,0.049818236,1.711528,0.20556484,0.25972542,0.46973968,0.332383,0.8223061,0.0,3.372472,0.9404335,1.2888707,0.015505368,1.1082565,3.3585494,0.7162659,3.4990153,1.5837181,1.5224173,0.31740993,0.4100826,0.5040907,0.10481532,1.1273991,0.24295044,2.4463825,0.32474345,0.0,0.17622331,0.0,0.09259084,0.0,0.014399878,0.6643123,0.49538213,2.0349789,0.1421279,0.41415787,0.16262633,0.00013030651,0.3769801,1.3159947,0.0,0.9291235,0.04383109,0.70732486,0.50639814,0.076581515,0.3363814,0.80793536,0.3547431,0.29605007,1.828096,2.8102946,1.196198,0.1306042,2.0842712,0.023299957,0.72370005,1.6136405,0.07055111,0.81411386,0.8553423,1.3137616,0.0434576,0.0,2.3386455,0.87087095,0.15950635,0.27990085,0.05226558,0.033931978,1.8620687,0.0,0.26975682,0.08324152,0.9913258,0.47939405,0.08990736,3.0779088,2.7519302,2.2508588,3.0481346,1.4930899,0.8434207,1.4178127,3.040855,0.85989815,0.021583203,1.0706415,0.14665565,1.4415392,0.44624823,0.298323,1.936611,1.1041611,0.9431504,0.41214877,0.71145356,1.6404294,1.7909913,1.3163711,2.2799194,0.54787683,1.0530717,1.2633929,1.9467963,0.15196346,0.039566427,0.00071464386,0.74235743,0.15624644,1.0188954,1.7006729,0.11212705,0.38526088,0.17144822,0.17809317,0.26811752,1.1772608,1.3329262,0.3997729,0.16006072,1.0791619,2.6896698,1.0282878,0.7823871,0.14390208,0.029686864,0.10334989,0.8396401,1.6388317,0.6764483,0.82723343,3.6009614,0.06536141,0.5947726,0.36045003,0.6066367,0.9377323,0.0107676275,0.026217671,0.39612737,0.02367472,0.49553534,0.30884576,1.4202706,4.0677733,0.33802313,0.7154293,2.962482,0.8121827,1.0116225,0.004581753,0.26599428,2.262253,0.2618133,2.2212255,0.03509782,0.28382596,0.4251971,2.9441652,0.7372541,0.5614376,0.7430762,0.8869286,0.71790415,0.5220596,0.047066618,0.08556291,0.05083822,1.4415205,2.221449,1.4280214,1.1102097,0.13356212,0.7475767,1.2500552,0.0,0.38672233,0.06346019,0.076967746,0.15233667,0.80015314,0.52157223,0.69533443,0.68477154,1.2024952,0.9308649,0.53330517,1.2042738,1.6606194,0.07341717,0.21292657,0.59072465,1.2603374,1.0192405,0.032743517,0.4266864,1.5893825,0.046119396,0.94041127,4.4325724,1.5227139,0.2133142,0.7449201,0.6157863,0.34666175,1.4167844,1.2445619,3.4832613,2.3210003,0.0,0.6429786,0.004147122,0.20651187,4.248287,0.31342015,1.1986446,0.31257465,0.32492334,0.25153288,0.7907809,0.15004513,0.15974258,0.51755244,0.12735312,0.03694671,4.0546575,0.30156198,0.29168963,0.0027534424,0.12378195,0.36536968,1.2684283,0.087327704,0.028089512,0.8760232,1.101832,0.2770546,2.9326787,0.7139,0.4865859,0.8955466,0.21842368,0.27700844,0.45764828,0.65226954,0.30117875,2.5053873,0.28327388,0.07731383,0.065425284,0.43486893,0.33387592,0.5087661,1.3278403,1.9699937,0.0,0.30862266,1.3036028,1.0760126,0.44003427,0.56681985,2.1472995,0.21735023,0.15785573,0.08166698,2.5620942,0.5159857,0.93420154,0.0,0.5865426,0.35316008,0.13217176,0.3919716,0.63471794,0.15172166,1.6795646,0.0,0.054746713,0.6807256,3.3981037,0.94912404,0.4232549,0.030567251,0.34034312,1.0448766,0.84753275,3.066372,0.43336412,0.0048480094,0.32949796,0.075401835,1.3328552,0.6703153,1.3642502,0.23975882,4.3955173,0.8413455,2.111066,0.026274204,0.65945697,0.2959561,0.41179457,0.36326212,0.053762008,0.19442733,0.6081365,1.0849173,0.40792903,0.79271495,0.01508885,0.082402036,0.62690824,0.09931056,1.0024595,0.07174229,1.9635862,0.48864472,0.5350747,1.0159137,0.74679625,0.10367499,0.39037266,1.1529853,0.03587764,3.2142725,0.23447768,1.5439372,1.556283,0.92831373,0.34321007,5.777625,1.6275355,1.0875182,0.0079796715,1.7859659,0.90401316,1.6932335,1.2011837,0.52744687,0.20540924,0.060913008,0.22186422,0.329253,0.029959649,0.41895768,1.5273048,1.6313008,0.32702884,1.9119456,0.6021859,2.085523,1.0334203,0.36522397,1.222753,2.5936081,1.5280219,0.4902363,3.587984,0.34076717,0.83133495,0.6744897,1.6856598,0.044691168,0.023353763,0.1655899,0.6054311,1.0817493,0.24708393,0.1712126,2.402477,0.092279814,1.8076305,2.3471003,0.46053433,0.2607764,0.00523585,6.7864265,1.3647239,0.6780004,0.0008371328,0.4180013,0.47058606,0.4230343,1.8487704,0.046913084,0.5029326,0.8343202,0.16700818,0.90092796,0.36110362,0.0122908,0.19669148,0.21709709,1.1261772,0.14036414,0.48378322,6.216854,1.517319,0.9082192,1.5203661,0.73337466,0.85115516,0.3786352,0.6747696,2.1303635,0.10536357,1.1674596,all_pothole_images\pothole_images_enhanced_50f6391dad4d00211b7dfd1b55f9814c.jpg
1.787262,0.5599548,0.13743569,0.95313084,0.6500199,0.67170745,1.4161611,0.040576044,0.7173923,0.47945392,0.77965695,0.8785444,0.38168412,0.8728847,0.1776888,0.57385033,0.06331844,0.9042201,0.2815518,0.47000864,0.018353697,0.2575718,1.1411582,0.7940591,0.026623035,0.124508396,0.20742577,0.38687897,0.021300966,0.42751795,0.3861248,0.03557947,0.24138863,0.0,0.72243917,0.9074454,1.1713085,0.0,4.073702,0.34781903,0.64314324,0.0797533,0.26511782,1.6518974,0.93079257,0.91497386,1.5628387,0.17930168,1.1088686,0.68951726,1.3065534,1.4844092,0.04951534,0.2752871,0.16296549,1.0918297,0.06451627,0.38730994,0.43988907,0.0661844,0.27021667,0.112836055,0.5131167,0.1981012,0.75669986,0.5865825,2.9112267,0.03614207,0.02109433,0.5330153,1.1456218,3.1324859,0.2723131,0.018750986,0.032603484,0.36092618,0.5547849,0.30833977,0.0055689956,1.9284562,0.05140513,2.3432739,0.46165356,2.31785,0.34988332,0.82474315,0.03657506,0.0557446,0.65579295,1.1847948,0.3354043,1.5016586,1.1339747,0.033613954,2.5375376,0.4586172,0.9846182,0.42939842,1.4900204,1.2423022,0.31163818,0.66740173,0.010228957,0.76388156,0.51456785,0.883262,0.65522623,0.2197789,0.39693844,0.66003245,1.6779324,1.2783208,0.46403384,0.09552033,0.61809653,0.5568281,0.33840463,0.52882,2.415812,2.4155679,0.05495429,0.052767124,0.053204015,0.28477487,1.3868171,0.41177234,1.6853487,0.35805666,1.2142997,0.052880958,0.70318615,0.018179981,0.2214945,0.9607209,0.0019425756,0.25817224,0.5126908,0.20043474,1.1050625,0.524925,0.5454923,0.20416325,0.6883281,0.033889674,0.013499436,0.04733841,0.4361823,0.02822447,0.03571676,0.9135016,0.0,1.0578966,0.7057453,0.7832131,0.5422103,0.78743273,0.67238027,0.637254,0.038882166,0.9144994,0.0796081,2.6060672,0.008958197,1.4581454,2.467641,0.18468292,2.2781677,0.034267075,0.89920664,0.2588803,0.19161856,0.0,0.48184568,0.74057215,0.8199286,0.048133597,0.033603355,0.0,0.09468489,0.42373174,0.0824578,0.06789574,1.077593,1.6251915,0.38909817,1.1857787,0.8796972,2.3614507,0.28796634,0.6138796,0.024405995,0.26510942,0.85286015,0.39016077,0.67408144,0.098927274,0.68352175,1.7089199,1.4921778,0.11071849,0.4056296,1.6730626,0.2913786,0.0980142,0.42458484,0.24295421,0.17377561,0.0062927385,1.7363704,0.5581618,0.47841316,1.0641061,2.0266936,0.65053505,0.9978175,0.33839393,1.7540498,0.37534556,0.3893382,0.82182515,0.49561557,1.0755969,2.5370185,0.10805008,1.1803868,1.2496425,0.24692059,0.030875865,1.0860453,0.03921461,0.5178867,2.419521,1.0577956,0.0,0.6373003,0.9612367,0.086324975,0.020746216,0.0,0.043764446,1.8646775,0.6802593,0.0034036357,0.04433661,0.04359708,0.0028530401,0.48351508,0.48801008,0.9899244,1.1868111,1.8296999,0.2430373,0.024178429,0.62987286,0.20757426,0.47949323,0.7040928,0.000628683,0.23971128,0.62863296,0.7832919,0.25040075,3.6482494,0.24312319,0.046658263,0.98586404,0.76112753,0.88618577,3.0947134,0.0,1.1524762,0.03740883,0.012410614,0.2177266,0.21326214,1.2245189,0.20420465,0.018663906,0.24476385,0.977471,2.192332,1.1460048,0.77005637,0.66867626,0.11778539,1.4450622,0.52470064,1.7570121,2.6200037,0.13945858,1.6102457,0.07897505,0.021602536,2.2397275,0.087555885,0.21594436,0.5188128,1.6836202,0.43237406,0.96023035,0.2549832,0.16775185,0.50913656,1.0994756,4.7487717,0.02062526,0.84767216,0.04025581,0.036658723,0.24247876,1.1257743,0.46026617,1.5034398,2.024998,0.16286696,1.0127633,0.19901018,0.4821673,2.5169415,0.16563411,2.4033196,0.44709802,0.2362312,0.28239608,0.07237896,0.7125464,0.9528771,0.38519293,0.76616675,0.14952515,1.6153128,0.00965789,0.0,0.5305369,1.0262985,0.30715275,3.0410728,0.0,0.0016990767,0.042234935,0.36673138,0.9452174,0.63933283,1.4881202,0.32020637,0.7259855,0.50965166,0.20956226,0.46133974,2.8442743,0.1878998,0.034117274,0.37045977,1.3821143,0.023485065,0.35115215,1.870607,0.23657934,0.48545876,0.020672832,0.34260067,2.0320134,0.5139161,0.48616552,0.65710324,0.24489978,0.5510468,0.18622413,1.6455106,0.9879594,0.34625754,1.1112041,0.3726682,0.34900245,0.8479346,0.9115751,0.32425925,0.0,1.159072,0.8663026,0.7032576,1.3423687,1.6070209,1.0460848,0.019584186,0.56980205,3.205004,0.40462658,0.23674323,0.62835234,0.73369586,0.40218636,0.13349499,0.8198782,0.026115369,0.79020923,0.5813784,1.1778916,0.25807354,0.25676343,0.017104976,0.057382096,0.8645552,2.2367423,3.3400776,0.048310697,1.2177062,0.48040256,0.008360065,1.6965975,0.073881455,0.22142819,0.70799994,3.0477967,0.5068522,0.46452528,0.9971385,0.61279756,0.769632,0.05990433,0.22630571,2.3411062,1.5291134,1.1842207,1.3383632,1.0937052,1.2810684,0.79307306,0.010372381,0.020340765,1.6343415,0.59123886,1.206434,1.1354716,0.04836549,2.3441594,1.351679,0.29820606,0.5072741,0.27410647,0.007573434,0.06026923,0.014924266,0.39522302,0.8104839,0.83491576,0.40454346,0.351519,0.028544031,0.006659693,1.7402819,0.9682491,1.6761546,0.8664588,2.8035872,2.180897,0.06388317,1.0647551,0.8394459,1.5330081,0.41804177,0.51476717,0.4693947,0.3934445,0.7136501,0.060826343,0.0007944766,0.025816793,1.020752,0.35831568,0.081378154,0.9340692,0.53561914,0.1638923,1.183706,1.5635012,0.28909227,0.21715882,0.74890757,0.3577587,1.383744,0.20174243,1.0245082,0.047388796,0.58248174,2.4360127,0.8443404,0.36556628,0.46318036,0.3169761,0.23335864,1.2517709,1.3912655,0.0056743473,1.1204709,0.5753682,0.003613634,0.8953169,0.27327764,0.8866264,0.09895431,2.0610662,0.25842515,0.35989806,0.50869834,1.0232574,1.1094579,2.61124,2.7459486,1.581597,0.36494526,0.5643366,all_pothole_images\pothole_images_enhanced_50f9466785d0ae339403464a501f0589.jpg
0.42220932,2.470281,0.5855967,0.48089594,0.490564,1.7902094,0.7838268,0.11878284,0.4924321,0.22709656,1.5789856,0.32235184,0.36441064,1.2855916,1.0151772,0.627979,0.9095891,0.5040588,0.9729572,1.2100769,1.7144744,2.924702,0.3536798,0.868376,0.06366223,0.6388371,0.48143724,1.4803631,0.26747924,1.7725857,0.44933832,0.38398698,0.9440764,0.04060006,0.14066082,0.9842389,0.30452773,0.49766046,0.43030104,0.22487329,0.90112334,0.26545203,0.077660955,0.9963662,1.3002889,0.3809254,0.26623142,0.034118608,1.0844092,1.347574,2.068492,0.2828252,1.3292135,0.59464246,0.6448036,0.58559227,1.5762459,0.28361896,0.6258252,0.360654,0.16146138,1.3646001,2.5494974,1.2363751,0.37521493,0.8677325,0.8124153,2.478394,0.21980244,0.7440669,0.35615355,1.5467008,0.10065965,1.3635072,1.1134044,0.65615803,0.21562642,0.9866364,0.12417758,0.6953695,0.7236563,0.30007353,0.49618495,1.5621933,1.5977428,0.6384321,0.5346685,0.8045081,3.9472363,0.37838098,0.25014073,0.880017,0.2480722,0.9880633,0.21489196,0.51291424,0.16979161,0.9877848,0.42475626,1.0848594,0.13041358,0.29263213,0.4991079,0.02642194,0.6484156,1.0806389,0.022334779,0.120968774,0.27052096,0.4265783,0.27373308,2.461992,0.12810884,0.08913469,0.21256988,1.6291983,1.1453816,0.95128536,0.69143677,0.14798401,0.6606633,3.0407887,0.24860926,0.34017017,0.27191606,1.0147194,0.20598117,1.5597862,0.20090893,1.95559,0.5842608,0.3228029,2.176367,1.634812,0.97402215,0.085627645,0.89231277,0.22732991,2.85517,0.5960981,0.46023965,0.75446767,0.12155097,2.4432957,0.6007945,0.62874377,0.67572206,0.009112409,1.7102376,1.945156,0.9302189,0.56378907,0.03805834,0.5211248,1.0827882,1.2672495,0.19421208,1.5946248,0.6629382,0.3208175,0.7885277,0.060346525,0.033658646,5.0736847,0.32664412,0.012846374,1.7228028,0.35771462,0.62600946,0.41707796,2.241245,1.0738335,0.73272127,0.44948086,0.2077322,0.19972962,0.32779604,0.046046052,0.5797161,0.5732022,0.06986602,0.53173494,1.9164232,0.060869932,0.5324154,0.35091525,0.965718,1.3369532,0.8098226,1.0793426,0.96753216,1.7617091,0.076798536,0.5489204,0.49382123,0.15200388,0.401908,0.05686093,0.054082543,1.0209652,0.12740144,0.68567884,1.1101565,0.58315504,1.7089442,0.7891037,0.18651472,1.3819993,0.31713873,0.45882356,0.05145679,0.8231748,1.640079,0.26410982,0.021616517,0.92491585,0.48407573,0.14727883,1.219033,0.9746014,0.40322202,0.6855744,0.43024808,0.6241313,0.52733994,1.1512954,0.49544927,0.4683597,0.7527781,0.26432797,0.20662932,0.24238247,1.109591,0.06251939,1.6208661,0.088756695,0.17599553,0.018960852,0.023645103,0.077990614,0.30453247,0.2626843,0.09909892,0.20629899,0.1517134,0.08432565,1.0864997,0.18492264,0.4434107,1.6958889,1.1412798,0.5232389,1.4017166,2.070264,0.23252818,0.41258484,0.33039358,1.2223463,0.49375993,0.95753133,0.23208408,3.1170828,1.195227,1.0451396,1.4031814,1.6765788,0.016479986,1.9263176,0.541886,0.32931727,0.27388644,1.6116037,0.48535562,0.0924799,0.1875577,1.0178474,0.3429596,0.47944072,0.78184056,0.091212496,0.35191,0.57146406,0.08493701,0.4610999,1.2785989,0.50793356,0.40288892,0.36227188,1.582487,0.05778714,0.30570704,0.6386898,0.819744,0.16016702,0.19337514,0.58317167,0.3939722,1.8659853,0.6417511,0.60630906,0.46304336,1.0203189,0.058994263,1.6889036,4.875825,0.302525,0.051498685,1.393178,0.8363624,1.2026598,0.006291893,0.056908753,3.0709069,1.2993098,0.12712206,0.053089246,1.2212679,0.26092118,1.1115527,0.94777334,0.021158773,0.91510516,0.21310234,1.5634806,1.160818,1.5480231,0.8251781,0.2617554,1.3104275,1.5280173,3.1756723,1.4747432,0.25197166,0.0,0.65301436,0.64760333,1.2741853,1.0257666,0.38629627,0.43619695,0.52485144,0.23816843,0.46200502,0.045985546,0.10688081,0.96482503,0.17070338,0.33230683,0.8093146,0.44181925,0.0066106725,1.0043424,0.3979134,0.9417977,1.1752812,0.023346081,0.7304598,0.6587208,0.07431976,0.09392664,0.0023723433,0.052546933,0.75007474,0.6623737,0.044450272,0.23863271,0.6175267,0.51296407,0.037774753,0.17578408,0.7794258,1.4136695,1.1972303,0.74337703,1.66567,1.2199587,0.1065903,0.10694009,0.71728545,1.6406652,0.06180989,0.74816704,1.0121269,2.0311007,2.1082344,1.2689079,1.6139975,0.5715516,0.8146349,1.1655759,1.8419836,0.6827466,0.21426171,0.18619505,0.37144414,0.064842805,0.3017534,2.2770388,0.47321814,0.19368057,3.9876308,0.39592132,0.5532849,1.3426,0.25473535,0.20424607,0.5801165,0.83288914,1.0812608,1.6163757,0.34201908,2.0307586,2.4287498,0.41906106,0.11673589,0.37550673,0.062730975,0.3605117,0.29876524,0.36012283,0.18104605,1.1221058,0.90379155,0.7458548,0.16016981,0.41150874,0.15298325,2.6292672,0.3242691,0.7429157,2.2989872,0.22383799,0.12189063,0.8657992,0.11434448,3.0058064,1.3715999,0.6417834,0.10401605,0.79471374,1.7101777,0.0045901234,0.18447965,0.31507918,0.49107274,2.2778897,3.7504427,2.5590653,0.3368374,1.1879498,0.9717986,0.5869687,1.4409688,0.20709968,0.7282781,0.678738,0.32363296,0.73037946,0.6303278,0.005417462,0.49690455,0.1767985,1.8129461,1.0357244,0.16480441,0.46426937,0.59617406,0.015555388,0.4502385,0.9662986,1.4413072,0.60862815,0.032151774,0.10626785,0.12580058,0.9465401,0.4482643,0.17627189,0.54430157,0.10381728,0.62500715,2.1708415,0.14398369,1.0586026,0.011485572,0.064826764,0.35944507,0.28451046,0.51716506,0.003648627,1.4524646,1.5806254,0.9006925,0.27743608,0.015367665,0.83633864,0.33619556,0.27345413,0.25866002,0.5192554,0.5025922,0.6882502,0.06765662,1.0688239,0.39357078,0.22839496,0.0,0.60595524,0.5256256,0.4909144,0.82614774,0.2799075,all_pothole_images\pothole_images_enhanced_5101bb661effaefef50aea242cb1af80.jpg
0.57464993,0.6185792,1.6556603,1.379146,0.5899509,1.3321881,1.6161007,0.30535614,0.9474656,1.0744339,0.1297512,0.2809007,0.767594,1.1762339,0.14099422,0.8369005,0.1765751,0.35660407,0.93625623,1.8372457,0.5113767,1.6243052,0.6476121,1.2036701,0.31221086,0.6948807,0.022582013,1.0533122,0.13015749,0.26768202,0.12368512,0.24885169,0.9536161,2.007754,0.039369363,0.95080376,0.62935,0.36036152,0.6436878,0.10999814,1.0975878,0.05803299,0.68545,1.2975973,0.5830012,0.4635164,0.6020353,0.072754584,0.542287,2.664271,0.44012696,0.30952662,0.61945313,0.5864064,0.89940643,0.9897864,2.6990063,0.06579,1.0990757,0.34181547,0.2952385,0.9413377,0.33113384,0.23329124,0.46069798,1.8881496,0.54677814,0.3624999,0.72968787,0.65533394,0.27976248,0.26889253,0.68634844,1.6304113,1.1575876,1.4121203,0.19522351,1.2683898,1.1806769,0.26574227,0.038544253,0.5501332,0.42438456,1.4973593,0.05394416,1.0479523,0.33153412,0.5783153,1.2714574,1.0712872,1.3491497,1.1257291,0.0025525382,0.9063467,0.7390857,0.0009592911,1.6328044,1.2177978,0.32171756,0.22937575,0.28468338,2.4709888,1.2212691,0.040478896,0.37208596,0.7902636,0.47166252,1.2894528,0.45754847,0.23021705,0.2738619,2.815201,0.69800985,0.2269262,0.32051396,0.0,2.319502,0.8556171,2.818926,2.0472147,2.5376694,1.0998878,0.79941773,1.0524964,0.96466094,0.6212301,0.43584418,1.844128,0.4350765,0.0,1.0232732,0.03692619,1.0161135,0.1339275,0.09623334,0.7523184,0.39371082,1.323507,0.52087903,0.3323189,0.15827717,2.3569942,0.5417709,0.26751515,0.47918656,1.1076118,0.069879524,0.65109134,0.45685425,0.08155784,0.9151625,1.3588915,0.27378088,0.29933974,1.4894131,1.3314154,1.2602526,0.65183777,0.39266017,0.4146101,1.80211,0.30347896,0.4786208,5.819914,0.8520251,0.90346557,0.36596528,0.21447745,0.6073245,0.8322978,0.30532926,0.2447792,0.062213153,0.6847816,2.154347,0.015423724,0.5003318,0.08007909,0.6688771,0.39819342,0.60261995,2.2162776,1.7100639,4.1319623,1.5769404,0.88474816,0.7078133,1.1158203,1.7711278,1.5354326,0.09555038,3.018899,0.016372278,4.0785856,0.26872924,1.4940711,2.2106042,1.9367889,1.3018633,1.2606514,0.40612614,1.7651266,1.083033,0.43864655,2.095349,0.08359397,1.521981,0.28883043,1.3780392,0.22220303,0.10557388,0.18568628,0.5334873,0.44654825,1.8538989,0.4386592,0.3872728,0.09304572,1.9695381,0.0035136128,0.019749282,0.6983459,0.14553255,0.6922132,0.050902892,0.3936013,3.5655477,1.7894323,0.59395456,0.11646871,0.13966972,0.0,2.0182106,0.33142254,0.8396304,0.10284536,0.8306313,0.008801059,0.17235053,1.3676672,0.23740098,0.4183661,0.18373863,1.1849049,0.5316342,0.18637508,1.7499453,0.35041988,0.6134575,1.9206332,2.1576867,0.6083315,1.7812867,0.8066048,1.6722404,0.050352328,0.19934335,1.017654,0.97727394,1.5314412,0.08378633,0.08662578,0.16321324,1.7251436,0.8271582,0.6576145,0.15129761,0.15907805,0.38264596,1.0286381,0.21551424,0.32373995,0.06102844,0.5691307,1.416621,1.4306366,1.2697026,0.9913391,0.5786497,0.934604,0.08180416,0.78794783,0.6554438,0.29746452,0.89735395,0.96587557,0.65924287,0.957211,0.6635278,0.45440787,1.1639351,0.48125106,0.56132716,0.36083266,0.514182,0.3694531,0.5941943,0.984159,1.0493423,0.050429575,0.8608074,1.2378477,0.27997696,0.94815075,4.1324816,0.013622773,1.1846827,0.7907288,1.0933118,0.91171557,0.6283486,1.3672615,3.12305,1.3190844,0.006765914,1.204223,0.037339326,0.559554,2.369046,0.35196614,1.3936765,0.23495781,0.012829741,0.9766306,1.0900437,0.31636977,0.3183899,0.24474126,0.3726935,0.18030123,1.2232473,0.9496368,0.10963066,0.15751152,0.10785092,0.4032051,0.21689208,0.26429412,0.07972131,0.16512185,0.61097515,0.30600753,1.1583222,0.102007926,0.7039401,0.08046093,0.07107854,0.079136655,0.22265238,1.3985968,0.15399325,1.2303021,0.38059887,0.11761005,0.52551645,0.77936894,0.029065453,1.012102,1.7644426,1.1256522,0.008651299,0.36330533,0.67199194,0.14709096,0.041924458,2.3948944,1.3678477,1.4298284,0.0057522613,1.259163,2.5696568,0.2230367,1.196097,0.31118226,1.8552134,0.82464284,0.14474414,0.7074096,0.4433993,0.88238853,0.45510992,0.42430666,0.10081086,1.6306792,2.3646865,1.4331154,0.3078353,0.20715961,0.1916764,0.8249533,0.88856333,2.5817006,1.8568434,0.022434928,0.20907338,0.9055744,1.3413717,1.2237383,1.1631525,0.2819866,4.206112,2.0971487,0.6066546,0.42489523,0.1286258,0.15090528,0.121869504,0.3750731,0.01104363,0.41165587,1.2429211,0.47443956,0.7782042,0.478455,0.28028926,0.4862927,0.55691814,0.21482737,0.46636212,1.6273514,0.44222975,0.97801846,0.28405467,2.0995374,1.7501563,0.16257618,0.9837709,1.3500055,0.5065427,4.186022,0.7868475,1.652444,0.62272775,0.6856979,0.35232726,5.015478,0.9172517,0.4127166,0.3882831,0.84205145,0.23470388,1.3705533,0.20835939,0.81564724,0.025018306,0.16774672,0.99533606,0.42007905,0.46134543,0.4092793,1.9419577,0.5878242,0.09410267,1.7881393,1.6541221,2.1271973,0.68224186,0.18818995,0.45380315,1.5283124,0.82529855,0.1516768,2.520224,0.14610787,0.8013021,0.63907397,0.82897604,0.09955105,1.5154381,1.6898025,1.6674016,1.2153503,0.05834564,0.52906746,1.7742727,1.7008021,0.656193,2.377095,0.7525595,0.17317368,0.2325149,6.0886664,0.7084288,0.72026074,0.0,0.50626767,1.0350369,0.3471081,1.0843475,0.90637696,0.6210029,0.14592637,0.57480127,0.36585516,0.05501997,0.037491333,1.1014477,0.67184496,0.7284325,0.48208624,0.24193892,5.143224,1.4281204,0.7855882,1.1446462,1.0335131,0.0,0.5640515,0.56116223,0.1164404,0.43207502,0.096397035,all_pothole_images\pothole_images_enhanced_510cb989556a067509d8f2c4aa7f78f0.jpg
0.27332908,2.0920367,0.71203166,1.2111864,0.49098936,0.76200897,0.022616409,0.0,0.20206611,0.3771216,0.027724594,0.0648572,0.048195034,1.2597636,0.030303173,0.28647453,0.16840772,0.033553105,0.1474561,0.10749612,0.11740644,2.7989085,0.067990236,0.090615496,0.19908893,0.2577213,0.13861813,1.3798355,0.0,0.24490917,0.31684184,0.1558802,0.5138346,0.011508196,0.13480897,0.4175422,0.51610875,0.33688697,0.47882906,0.42191976,0.015934149,0.0,0.17742322,1.4626256,1.0037371,0.020651514,0.32564685,0.0,0.025871351,0.4885053,0.20767087,0.11921735,0.016306577,0.35189655,0.08801607,0.908876,1.2799736,0.05660463,1.042044,0.0667419,0.14823996,0.036854286,0.7299778,0.076934285,0.19675632,1.0652168,0.55588406,0.29266956,1.0135235,0.15539657,0.43345287,0.51942223,0.103608936,0.14415868,0.004412114,0.8082988,1.2349249,0.59401715,0.12364739,0.08724996,0.19273382,0.19995806,0.2120285,1.8001742,0.8887181,0.30174613,0.014765769,0.19894753,2.2699273,0.23414962,0.11734147,0.3112917,0.0051197507,0.25235137,0.6853066,0.07525374,1.0597023,0.48884404,0.49752277,0.025727022,0.01097936,0.7048851,0.24709493,0.08316431,0.008308674,0.11328704,0.09971794,0.16655025,0.021419989,0.23080556,0.02480876,2.07991,0.50446314,0.09903479,0.23986645,0.23533933,1.600872,0.018457074,1.5317358,0.3110144,0.55687785,0.53568405,0.004453653,0.24568488,0.29614258,1.1593293,0.09819452,0.16189225,0.355152,0.046539836,0.48166725,0.0014446235,0.12821712,0.10836377,0.005341876,0.34584612,0.03854331,0.07648751,1.17502,0.106908485,0.010878849,0.3769888,0.003368369,0.5948672,0.0,0.8527441,0.019486563,0.007915198,0.20134081,0.6301337,0.11359736,0.056120683,0.011316169,0.0,1.2211279,0.70175624,0.23907268,0.0,1.0783613,0.43465447,0.633388,0.46403295,0.16828327,2.319564,0.008993369,0.030138073,0.94312197,0.0,2.531286,0.075725846,0.20243539,0.0,0.024920693,0.30202582,0.7986062,0.17059651,0.3972876,0.035078906,0.8486522,0.07320949,0.056288987,1.7027472,1.700086,0.93064994,0.4903309,0.15790088,0.06897511,0.17561844,0.51244825,0.49457386,0.027372349,0.24558982,0.0,0.5383729,0.060594592,0.0,0.20696853,0.22599989,0.24069169,0.55876285,0.043899287,0.79317504,0.1095879,0.68759966,1.2385517,0.25960696,0.25383103,0.18888785,0.73968196,0.16244178,0.028182283,0.006905482,0.5235564,2.1156132,0.3212709,0.6623681,0.083475284,0.021363674,0.52337384,0.24094807,0.430909,0.0,0.36425245,0.9309034,0.018447159,0.23373044,0.74117607,0.14919898,0.65638983,0.053703647,0.04763495,0.008747219,0.023641994,0.005393827,0.036311977,0.024847478,0.9640898,0.1146592,0.0026703768,0.021270486,0.060699932,0.05021474,0.020642767,0.0,0.05052885,0.0,0.7622058,0.03988335,0.20879944,3.1978939,2.2170954,0.035315294,0.6015407,0.062507704,0.0,0.99260104,0.8483368,0.09706576,0.52717906,1.2316805,0.0,0.42796835,0.7599239,0.37059414,0.5098364,0.77767813,0.0024148077,0.5947001,0.70186263,0.00020778054,0.15616281,0.036589596,0.11449265,0.4337419,0.8846991,0.71345985,0.81462526,0.12561686,0.22147061,0.4936898,0.576137,0.40997243,0.006466494,0.021851359,0.5676666,0.20158005,0.31462395,0.072594255,0.7502452,0.13224384,0.16271067,1.3028369,0.09728039,0.41056022,0.038266115,0.0015018004,0.27930528,2.1438537,0.42139617,0.3436454,0.1195091,0.10421042,0.0,0.19186085,6.331938,0.039477836,0.0013279682,1.0988231,0.064440735,0.0004065441,0.34608018,0.36585045,3.3979354,0.76693445,0.024823787,0.8169758,0.6307168,0.43050477,0.92801446,0.46341604,0.012265132,0.02447571,0.07761333,0.2102567,0.29233786,0.58724827,1.5510938,0.06867623,0.37632364,0.077930436,3.0581584,0.5453305,0.03986281,0.026316896,0.18885067,0.29600966,1.7226284,0.035680354,0.0020667792,0.04759641,0.7526243,0.9458428,1.7148479,0.01805107,0.6643851,0.540201,0.04431383,0.002784568,0.547419,0.7329115,0.12968406,0.698172,0.25623834,0.45683774,0.32796854,0.4100698,0.40135515,2.2160816,1.0480458,0.47930515,0.060919214,0.015225612,0.54126877,0.09229244,0.053228635,0.08201542,0.5748212,0.33680296,0.43596533,0.13358863,0.46735576,0.08221412,0.41247717,0.0,0.3740511,0.10343766,0.00062071125,0.10285782,0.2585654,0.04936411,0.0,0.03803759,1.4965415,0.5197752,3.1670282,1.7204204,0.7472706,0.00923527,1.3528925,1.3703569,1.0743542,0.38235107,0.27122277,1.3440217,0.0,0.006423056,0.19403255,0.30412996,0.0,0.2530755,2.7445276,0.043920238,0.099492654,0.7117778,0.4557911,0.08286873,0.15193841,0.74826735,0.024420096,0.14887226,0.584297,0.13006109,1.002178,0.01677542,0.10637993,0.0061795185,0.96876913,0.2514451,0.15127477,0.025083717,0.7858244,0.06902976,0.52199,1.4099452,1.8151687,0.09213111,0.06534083,0.18857169,0.039147746,0.24743508,1.1210039,0.0,0.21346661,0.7727615,0.1398767,3.8807623,0.54847234,0.20428622,0.12894076,0.57976615,0.19309692,0.09063956,0.045410432,1.1984915,1.7528658,0.1083294,1.900406,0.43610567,0.68543726,0.23387368,0.50369203,0.3755543,0.9137624,0.7245947,0.71051866,1.2425246,0.6541815,0.8139372,0.00043778916,0.90732753,0.17578404,0.00041427204,0.84140825,0.028721634,0.68238956,0.33043155,0.26313108,0.47221774,0.7028404,0.7484413,0.5091849,0.107369915,0.3584243,0.22773108,0.49521238,0.08528392,0.019387305,0.43863487,0.10771486,0.45389822,0.4474888,2.4407904,0.24118166,0.13061887,0.0,0.0019722066,0.30513853,0.49769267,0.6635267,0.04044103,1.7071524,1.2675807,0.23518111,0.015254964,0.0,0.0034466812,0.09131797,0.028194845,0.0,0.11241903,0.0,4.7795095,0.29598212,0.7105933,0.0076715397,0.9190721,0.0,0.5074708,0.33566144,0.7562175,0.10454185,0.10724986,all_pothole_images\pothole_images_enhanced_5115b6483b7ac96853555adf13cfaa8b.jpg
0.014489269,0.86221796,0.10399196,2.5613792,0.78480136,0.13967533,1.3072073,0.0,0.86494195,0.005468339,0.17793436,0.84851915,0.5693949,1.7967542,0.3225703,0.17175907,0.41284293,0.7130759,0.97619486,0.3219922,0.01586693,0.23495677,0.42689317,0.8211734,0.49805164,0.60123813,1.0452718,1.402595,0.3351036,0.37786102,1.1430769,0.07136146,0.26328993,0.6050488,0.66555476,1.4634261,0.60487145,1.0243318,0.11361229,0.06453358,0.07155069,0.0011225241,0.25713453,0.76738393,0.45449564,0.38762936,0.25535187,0.3211463,0.02771807,0.20479456,0.76026,0.83630806,0.068911076,0.07543847,0.490853,1.2390784,0.5884825,0.45641738,0.3449342,0.0,0.12211885,0.014322686,0.16293961,0.09309734,1.5683849,1.0912033,1.5737214,0.106133275,0.18625656,0.058815848,0.43199483,0.5226995,0.69019455,0.046981543,0.010261151,0.2615468,0.2946219,1.5159323,0.070308015,0.11125235,0.6168898,0.31301346,0.017355401,0.7071309,0.2715971,0.24790461,0.0029309178,0.04054198,2.3265822,0.13687693,1.0007486,0.007814774,0.010613835,0.18977612,0.47142875,0.005813798,0.8698072,0.9188215,0.48753908,0.0019714346,0.0,1.7420819,0.032622032,0.24818145,1.6389625,0.10579599,0.23204838,0.0,0.20006508,0.0014333199,0.0,0.56732666,0.7497303,0.056329384,0.9316976,0.14185764,1.168007,0.24640344,1.3384461,0.66343135,1.3799535,0.3198088,0.26844177,0.8923844,0.7270869,0.43135536,0.1501433,0.35759467,2.5465052,0.27132455,0.41162306,0.23079148,0.64969206,0.04843486,0.25168708,1.0008593,0.12666519,0.50706655,0.38903984,0.14506938,0.79821885,2.0213308,0.13375774,0.6377361,0.36914983,0.41579518,0.025893437,1.299206,0.18593834,0.02337247,0.57419217,0.5071232,0.07969687,0.2624147,0.81713086,0.24207056,0.40146032,0.08056537,0.061853237,0.6146358,0.49109194,1.714673,0.03632469,0.30914664,0.041240253,0.054423954,1.1257229,0.0021915287,0.6022264,2.1192238,0.0009807382,0.0769028,0.035291653,0.0,0.6381212,0.17528594,0.6499692,0.0059219967,0.24472137,0.28389388,0.0,1.2143018,2.0001974,1.393563,1.6638803,1.4283218,0.059559513,0.032521646,0.8457325,1.1294942,0.5561021,2.4243433,0.1347927,1.0473429,0.15255369,0.06831528,0.74710053,0.76844,0.86348456,0.8039092,0.06097715,0.69471693,0.31225586,0.50142515,0.06713816,0.7801107,0.23264799,0.5653341,2.5522757,0.05731637,0.0072862944,0.08482381,0.4666657,0.00046123168,1.676995,1.494646,1.2015932,0.261732,0.8901872,0.10108398,0.7974084,0.20326407,0.5470989,0.16226053,0.07155901,0.0045696762,1.0640475,0.42357382,1.0855923,0.33344695,0.05420471,0.0,1.0899668,0.0015849785,0.28229326,0.38426265,1.1246803,0.38179883,0.44755507,0.64601576,1.0488201,0.13196921,0.30677462,0.71376216,0.0,0.029467002,0.5667742,0.027874606,0.45629567,4.252787,1.6817906,0.41988847,0.28623188,0.57138413,0.47599515,0.068786636,0.4336139,0.08169305,0.019873554,1.7849722,0.21192977,0.47137886,0.5593797,0.3479637,0.1419433,1.1250296,0.5571754,0.6415314,2.5224607,0.25636348,0.065412655,0.0,0.34945157,0.18945391,0.33505267,1.6294194,0.2825944,0.7202888,0.8180791,0.5062206,0.62632406,0.012382779,0.77648884,0.7675001,0.105275005,1.990283,0.35566494,0.42550322,2.0211563,0.28426304,0.0,0.5554474,0.12681092,0.87415904,0.09516472,0.029083883,0.16032918,0.0,0.061083574,1.4695731,0.366717,0.5723152,0.022696096,0.019811803,4.5748444,0.106298074,0.040848006,0.25962043,0.40610433,0.66480106,0.14439169,0.64915615,2.9382114,1.5974647,0.35425496,1.9962876,0.023884451,0.5378278,2.386767,0.296682,1.0082821,0.0012951638,0.2035221,0.3691289,0.24812709,0.21917515,1.1052699,0.008011098,0.6397872,0.111410916,4.066154,0.049423568,0.061970614,0.2313833,0.40302417,0.4687442,2.226127,0.24014507,0.5388021,0.0994929,0.7763441,1.2184184,1.8740455,1.9347776,1.7794292,0.07233377,0.4609445,0.26869148,0.35464174,0.08744186,0.60479784,0.4218018,0.28609934,0.30931732,0.014705083,0.008708688,0.31449577,0.8181093,0.21091029,0.1884798,0.43591526,0.20271575,0.8405073,0.23480819,0.0,0.36429036,1.4648869,0.540088,0.025636299,0.592589,0.3508494,0.29004177,0.5146414,0.13773634,0.36965224,0.70636886,0.768758,0.5355365,0.17650394,0.5304186,0.16418426,0.117265545,0.3019154,1.1336722,1.819684,0.07125183,0.83478403,0.26939836,0.003761524,0.19936794,1.4731069,0.997111,0.37668064,0.29121035,0.080927,0.42829913,0.9122462,0.14378706,0.1911382,0.21415922,0.097877465,0.17128564,0.3058704,0.79085803,0.9037588,0.008706059,0.7538477,1.5852001,0.4247607,0.23875766,0.19858006,0.033802077,0.17541064,0.6633319,0.040886804,0.0,0.13647495,0.9542703,0.5339776,0.0,1.5711118,0.072193,0.6958922,2.1676192,1.0547307,0.93920743,1.0075624,0.9351733,0.0049741976,0.18532667,0.22213636,0.12575032,0.0,0.91770923,0.09680311,3.1197634,0.38610834,0.012327641,0.00060206983,0.9362905,0.0,0.2604738,0.032478046,0.059713032,0.020437796,0.0,0.80369174,0.34352258,0.027752617,0.5954228,3.8056684,0.053135436,0.2953526,0.29443365,0.36439696,0.39696428,0.4015549,0.13718188,0.07199226,1.432776,1.4723592,0.41883254,0.2180073,0.0037009045,0.2912343,0.35945377,0.24113712,0.0,1.4698604,0.43511268,1.3493534,0.32069564,0.09422004,0.16864377,0.318682,0.0,0.8083787,1.625164,0.9535189,0.1460365,0.27844408,1.472464,0.74399316,1.2497665,0.014938523,0.41547003,0.06389276,0.2650609,0.94552726,0.30678383,0.0058679124,1.6911944,0.4773851,0.0,0.0,0.0,0.07752216,0.03126256,0.0,0.66084117,0.2730534,3.748208,1.0311681,0.16579364,0.31332996,1.3268254,0.9066539,0.050590523,0.39694282,0.5942779,0.012255722,0.10931667,all_pothole_images\pothole_images_enhanced_5119718a29dc76dcc5c80f0f0f2d520d.jpg
0.704992,1.7475928,1.0634865,1.8557065,0.25891817,0.45359942,0.83646226,0.10837581,0.624013,0.8961747,0.123194866,1.4231243,0.13328016,2.2554076,0.6488404,0.89809906,0.5737259,0.5946727,1.8246582,0.46208018,1.5256454,2.31277,0.08548865,0.4768011,0.5071719,0.60579324,0.49147868,3.0561438,0.4552834,0.414813,0.079570256,0.014731389,0.20199712,0.545519,0.488054,1.5150093,0.791841,2.3672566,0.38736942,1.1799355,0.40520212,0.21043612,0.46946225,2.196119,0.63558847,0.932483,0.17542617,0.28673944,0.35800877,1.4640943,1.7717806,0.44013545,0.19970675,0.957003,0.106997184,1.5551633,1.3515419,0.35369414,1.1212298,0.1965654,0.9883228,1.7147645,1.4393742,0.3044655,0.18446706,2.0509546,0.558902,0.40259558,0.6668353,0.25233364,0.38289517,0.41842383,0.09102508,0.60972846,0.9326686,0.9478941,0.6026997,2.786008,0.16611585,0.40987462,1.2984018,0.07746211,0.09935885,2.0193195,0.9203474,0.033070955,0.16595618,0.12724599,3.875994,0.3888183,0.2328515,0.37639362,0.16453558,0.13131666,0.31612027,0.094693914,0.8926354,1.4454149,1.7377795,0.9537033,0.22600712,3.8112457,0.65893567,0.7627785,0.29564556,0.123297065,0.7712393,0.18409514,0.027805045,0.74362266,0.14656043,2.163529,0.020010412,0.072074264,1.0588862,0.43895614,1.750519,0.5507015,3.3103032,0.9915033,0.86652434,0.6410091,0.15319437,0.5886262,1.2129784,0.43109718,1.5724533,0.8927025,0.6633771,0.3868883,0.050986446,0.22945362,0.33082834,0.11986713,0.022220178,0.19869962,0.65632486,1.0648661,0.93099326,0.12035503,0.422082,0.055515457,0.09917982,0.5669195,0.5983519,1.1048102,1.2524691,0.032099947,0.21808863,0.8431364,1.7547874,0.6172656,0.08713074,0.507409,1.1541023,0.8861761,1.0259202,0.11964553,0.9220951,1.1940057,1.1213031,1.4331808,0.31427693,2.2916484,0.56637585,1.2451737,3.006013,0.88412887,0.46162102,0.28292152,0.27046677,0.063831374,0.45988187,0.7683857,1.5581152,0.04824637,0.3678543,0.2204148,0.4304692,0.57798105,0.39250436,3.5187123,1.1726593,1.1415929,0.32830778,0.79029065,0.12780403,2.9675317,0.114536,0.67782545,0.5034204,0.50892425,0.027384523,1.1454784,0.028652612,0.17287648,0.68612903,0.2559277,1.4497539,0.43926504,0.028308298,0.3702173,0.8201799,0.49287212,0.5799278,0.30409285,0.27321216,1.1364202,0.30554387,0.1101906,0.5797366,0.019683588,2.0003052,1.2593037,1.4488169,0.8701862,1.2545402,0.022249416,1.057369,0.16807723,1.0731145,0.119262345,0.60433626,0.6236475,0.18910901,1.2415473,0.16929202,0.9176774,0.72614324,1.2256147,0.52910954,0.48039386,0.20457312,0.068666436,0.17653117,0.090774834,2.3947082,0.74171245,0.148939,0.32022852,0.24870303,0.13183476,0.0815011,0.25172225,0.5479041,0.0,0.25453132,0.16482118,0.78129226,2.6458561,3.7790072,0.023354486,1.084323,0.3249101,0.20937341,1.4596351,1.5371583,0.6867604,1.1474413,2.2253366,0.5229129,0.62776697,1.313787,1.036106,1.3367596,0.12400837,0.06856034,0.4266522,0.09905264,0.45869324,0.78718853,0.58526814,0.35394862,0.115084246,0.2264967,0.6090247,0.5932698,0.6335948,1.2614585,1.1623744,0.30478707,0.0469009,0.11512383,1.5733268,0.92615825,0.9904045,1.4529235,0.47534674,1.5741842,0.5798506,0.4041884,1.6711793,0.80849135,0.63205385,0.3546223,0.18619566,0.5898469,0.84285694,0.59675485,1.0153115,0.25825417,1.2749006,1.4540873,1.7781814,3.686821,0.17753278,0.6659543,0.63989335,1.4332293,2.17943,2.3777149,2.184589,2.1666536,1.3091408,0.44697878,1.7196045,0.75670266,1.1245183,2.8657105,0.22845097,0.0025251808,0.20778182,0.7580389,0.07299445,0.7238319,1.2808621,0.3880134,0.08723815,1.62859,0.9940746,0.2881386,0.57948565,0.20825128,0.6404736,0.42478257,0.4171879,1.407953,1.7637086,0.22566754,0.8735681,0.958783,0.36507854,1.7365855,0.7770122,1.6457211,0.4669492,0.05906008,0.06803811,0.8826501,1.3514614,0.66374725,0.40061608,1.6153903,0.041192338,0.16207698,0.48834622,0.6369588,0.77584904,0.48371792,0.2933385,0.004810281,1.0147883,0.24385747,1.5426203,0.3127243,0.38783368,1.26301,0.9540484,0.4646153,0.12479646,0.746097,0.36901274,0.7837168,0.5387174,0.18624674,0.9753877,0.10338247,0.24206442,0.20837583,0.47655308,0.78301656,0.3132647,1.7831607,1.4278717,2.25402,0.8049756,2.3362067,0.04686084,1.131843,2.5031474,2.7249603,0.09816405,0.1607148,0.9060316,0.043602284,0.008932467,1.1966938,0.13995312,0.3657593,0.362552,1.3311859,0.34948793,0.2886588,0.9328647,0.59264344,0.026274024,0.27879655,1.0943404,0.754158,0.12813978,0.98748004,0.22632061,0.18197478,0.29899698,0.3688791,0.32267904,0.3156643,0.70597667,0.24474388,0.08747492,3.1379304,0.6374026,0.7755914,1.9918785,3.1787128,0.34829596,0.1794986,1.0932139,0.036267225,0.47971803,0.5466559,0.0029542898,0.46746787,0.7391205,1.5454099,2.6597178,1.0040628,0.8162327,0.4399413,1.0578666,2.3162434,0.22363569,0.23821943,0.4599606,0.70726955,0.26208356,3.1128178,1.3921574,0.7188555,0.25037348,1.2039925,0.7689515,1.6000046,0.8853293,0.8745832,1.033407,1.6874675,0.88650846,0.13253815,1.4585372,0.31019038,0.024315692,0.35541245,0.20809951,0.40466464,1.6120051,0.8815555,0.8572952,1.0667217,0.3357093,1.0821708,1.1544329,1.2052851,0.35655758,1.0389525,0.21963127,1.0316377,0.540739,0.15654264,0.33650452,0.62220216,2.5805693,0.019947091,0.20115077,0.88183933,0.0,0.660079,0.015051433,0.6948261,0.68424225,0.58650106,0.80732584,0.17042232,1.7135589,0.20691216,0.057959072,0.14891338,0.7988837,0.15980665,0.3318625,0.93330866,3.786783,0.2940044,0.89792025,0.99045086,1.185074,0.14149113,0.12986119,0.3861217,0.42939606,0.01934168,0.19101577,all_pothole_images\pothole_images_enhanced_513230c8936b28c83710edeecbf4b12c.jpg
0.76971895,0.45786566,1.0884848,1.6009384,1.8922853,0.612741,1.5390353,0.4585699,0.37226173,1.0533636,0.12961656,0.7668383,2.4540317,0.6216295,0.80093867,0.004345909,0.38578585,2.5395954,0.49672076,0.011138623,1.0946006,0.06533566,0.94239634,1.4621542,0.54994667,0.8180917,1.5520991,1.1926612,0.725952,0.4406063,0.53269285,0.23153357,0.8146098,0.85522366,0.53481114,1.3017817,0.48973387,0.84780526,0.09979163,0.01632585,0.85993993,0.8516704,0.4245626,1.1822871,0.3571321,0.5018154,0.3957915,0.20786855,0.810384,0.2526545,0.9991069,0.7806445,2.2937164,0.27161685,0.58414865,1.7341186,1.115217,1.5451423,0.7280951,1.3063396,1.1228467,0.636134,0.484191,1.9254091,1.103026,1.1694881,0.094475724,0.91737986,0.34277892,1.114729,1.6188905,0.108005755,0.9173227,0.9873098,1.3964448,0.39569095,0.52185494,2.4986937,0.0,0.43654525,0.62607276,0.76091486,0.18620689,0.9860962,0.9018683,1.1861025,1.1590006,0.72869754,0.7077518,0.7015129,0.22372688,0.5537556,1.0568027,0.66335964,0.037921805,0.6132628,0.29759252,0.855732,0.39301112,0.36481047,0.28140536,0.35461557,0.6467275,1.8080398,1.3871478,0.49731857,1.0360174,1.177445,0.6289102,0.24074188,0.7661957,0.05704899,1.9606034,1.1450939,1.1137487,0.8949255,0.33560815,0.49522606,0.7017502,2.1672566,1.1657435,0.18844916,0.81227374,0.61219615,0.7800896,1.4714991,2.126655,1.1327668,1.8128297,0.6603387,0.8590407,0.037875425,0.01344711,0.17738038,1.9669669,1.4275199,2.9341567,1.7260773,0.6937849,0.36107814,1.8959188,1.275105,2.6406133,1.1534896,0.9187371,1.6779125,0.97475725,0.7945021,0.5559706,0.0141175175,1.7973405,2.0573142,0.5624807,0.916652,2.3045218,1.6710744,1.6245207,0.34517154,0.61055654,1.3677334,1.6112758,0.97060204,0.30002204,2.4999645,0.36773226,1.1456196,0.7429069,0.49037084,0.56616795,1.5886424,1.3635104,0.10729705,0.052126598,2.0668771,0.24358511,2.1917932,0.58219767,0.51082873,0.13217895,0.8344214,1.0010126,0.8264988,0.7401109,1.5635148,1.3171623,1.3679008,0.019204404,1.0674746,0.43331954,1.2160374,0.19043931,1.7071611,1.1055579,1.0304418,0.4721558,1.5865036,0.98419076,1.1335454,0.07728041,0.38415924,1.1386577,1.5049922,0.11104175,0.21754539,1.2357312,0.8067412,0.5434475,0.64511585,0.58028597,1.6827812,0.2843451,0.381589,0.9060987,0.96422076,1.4594821,0.42550206,0.50620514,2.2211368,1.218973,0.036095086,0.65783286,0.47048822,0.93304604,0.07874309,0.0,0.46886468,0.696691,0.31036708,1.2094945,1.2888098,1.5804439,0.05956182,0.92574555,1.8904724,0.45571443,0.10760022,1.478287,0.67617923,0.061440457,0.27123532,0.29128805,0.5183154,0.5405544,0.60539246,0.273566,0.32626945,1.4944901,1.7847729,1.2500163,3.7026565,0.84253365,0.25822437,0.20884222,1.5321285,0.6495293,0.99441123,0.8328787,0.17670253,0.5802141,2.5485687,0.35076132,1.0357096,0.77284926,0.2447307,1.552125,0.35752353,0.061534222,0.4156023,0.7237154,0.09324214,0.92612153,0.9729234,0.80086845,0.95675224,0.1518672,1.5293728,0.15052477,0.5772692,0.61785096,0.9311557,0.41643324,0.50715154,0.8519697,1.4205054,0.75266135,0.93238306,1.8586026,1.1512734,1.9444642,0.36980698,1.0671587,0.5852586,0.61324143,0.9162576,1.0222098,0.33865643,1.2233766,0.6629105,0.17164212,2.1339707,0.9111443,1.119879,0.5494093,0.12214531,1.3703206,0.1386711,1.0595313,0.0025226285,1.0994084,1.4746003,1.0191932,0.8020821,1.6812513,0.88300323,2.2042003,0.74187577,0.8508486,1.2387491,1.5323253,0.929591,1.1621109,0.3150369,1.7684418,0.8685046,0.049748853,0.3856802,1.7992042,0.5111105,1.932019,0.008118779,2.0193052,0.3397258,0.0018643863,0.97966015,1.1692911,0.29851568,0.73330855,0.43836823,1.4663787,1.037016,2.0447147,0.66802007,0.38211206,1.4043692,0.7222285,0.15173228,0.53347903,1.6587117,0.56353945,0.5700966,1.5262351,0.86913484,0.8799166,0.5695121,0.9436079,0.35221994,0.11128392,0.7782128,0.16684039,0.5375465,0.5947002,0.80556744,0.74431545,1.6435926,0.03672668,0.057918984,0.48893535,0.64268565,0.20257907,2.6611826,0.0027009887,1.153434,1.3634084,0.4289827,0.9856818,0.95309246,1.2064153,0.12647866,0.62988734,1.4936943,1.6679423,0.52621055,0.22883227,0.73360085,0.6921576,2.3365216,2.1750832,2.0894654,0.32452583,0.41104412,0.98869425,0.2191594,0.90554386,0.25397232,0.27524954,2.608499,1.078646,1.3462204,0.32891935,1.1416712,0.13349812,2.2554643,0.08393979,0.03606413,0.6746091,0.91136616,0.92830336,0.23985913,2.535659,0.56565166,0.927458,0.35817927,0.009223433,1.7860366,1.1730422,0.25371873,0.9764852,0.09874676,0.60945404,0.983079,1.174873,1.1701609,0.9837266,2.120446,2.6044257,0.68575877,1.8012549,1.3358699,2.0433018,0.72282803,0.8502124,0.12736648,0.62840545,1.7003753,0.8232903,1.1764698,2.4853263,2.4398532,0.49905047,1.2578593,1.09023,0.20712802,0.96035826,0.16790009,0.51870877,0.114074044,0.40243492,1.5358156,1.6256663,1.0837717,1.9796556,0.3805466,0.31991577,0.15439425,0.9322502,0.7449476,1.519562,0.14374433,0.71792275,1.1110402,2.1215148,0.4449248,1.5309526,2.0793421,1.059061,0.81372815,0.062203232,0.05333355,0.47614932,2.0435073,0.5475889,0.31557426,0.55567217,0.7038784,0.59013605,0.2564928,1.2344618,1.8324176,0.846839,0.35926613,0.32174352,1.3796757,0.66475487,1.5832464,0.17430319,1.6507903,0.15053318,0.02893654,1.6919334,0.34004584,0.6642845,0.11928365,0.36058825,2.2264705,1.1842884,0.34038016,0.01926999,0.0,2.1170068,0.64597255,2.2408533,2.487055,0.5068086,0.27283737,1.1338745,1.5864503,0.9198789,1.0797673,0.97423935,0.58073306,0.48904994,0.87112856,all_pothole_images\pothole_images_enhanced_513dbcfb780887ba5f2e97ade54e463f.jpg
1.2307715,0.6438933,0.11624032,2.233527,1.0113299,0.20517613,0.43565464,0.2940724,0.03945752,0.6443586,0.118859686,0.49874115,0.45973462,0.49572754,0.007855999,0.61435217,0.14149402,1.3121487,0.17819467,0.24559517,0.19001403,1.7930791,0.8892667,1.4744418,0.76811856,0.04381215,0.0042473483,0.77215666,0.0,0.3092784,0.15108798,0.29937324,1.1726364,0.36065573,0.40271312,1.6155713,0.52596414,0.76049584,0.26462746,0.43663076,0.28407037,0.09570649,0.003814484,0.18062381,0.41790318,0.12935813,0.07260808,0.010753255,1.188839,1.4237086,1.1148568,0.22071025,0.094720684,0.23687859,0.31515515,1.14661,1.8428372,0.086273715,0.3426206,0.08498268,0.03076636,0.04588995,0.253537,0.19752836,0.6346629,2.1294086,0.09309566,0.23956181,0.5622276,0.22656424,0.0,0.6919699,0.38621753,0.3772716,0.09716206,0.09210387,0.21152344,0.44448784,0.0,0.07080932,0.034737255,0.1048292,0.081472136,0.81721586,0.55215,0.51349133,0.13307014,0.31883383,1.4367234,0.6333578,0.2460894,0.08288577,0.0028610083,0.10928733,0.31517118,0.0043115537,1.368238,0.4279954,0.63358843,0.05611285,0.0127213495,3.3747044,0.81661505,0.047019754,0.4956083,0.63965094,0.10775287,0.71902555,0.031199839,1.6294566,0.06651137,2.2913277,0.7475648,1.0613691,0.104380846,0.87200755,2.3438551,0.436562,4.237145,1.5016255,1.4544487,0.96428335,0.2524265,0.94113857,0.16833028,0.5029196,0.15682065,2.0603092,0.83168525,0.01103475,0.28040788,0.24840365,0.147932,0.09546875,0.010398681,0.85116357,0.0050881035,0.7412858,0.07920846,0.0026841094,0.89604807,0.3565533,0.5322388,0.67293024,0.0,0.7987956,0.056375206,1.294367,0.7943597,0.2979707,0.09629136,0.50691664,0.117493704,0.09056366,1.9235184,1.1009033,1.1231221,0.2614791,1.4947314,0.053695105,1.7817507,1.5963395,0.040802654,1.8345389,0.009389146,0.43671855,0.6700085,0.13849589,1.8191886,0.38362798,0.08893665,0.0066981167,0.0,0.17387405,0.656833,0.08761651,0.014553062,0.0,0.21887437,0.14636177,0.0,2.4923635,2.797527,1.0896194,2.589026,0.28659713,0.295245,2.535714,1.0280707,1.395332,0.49653327,0.40825972,0.017897926,2.3279095,0.04909792,0.099693395,0.6295724,1.0153147,0.36646345,0.37242195,0.26368776,0.51964766,1.2141151,0.5072317,2.1024191,0.58774376,0.19624223,0.67423946,1.246034,1.811372,0.0,0.0048514046,0.15385462,0.34440166,1.4917129,1.1522117,0.78801674,0.19602263,0.14137825,0.078015365,0.13540432,0.74437594,0.8403849,0.511527,0.05072596,0.6279505,1.4959816,0.15685393,0.51878035,0.0,0.07917148,0.0483511,1.2961777,0.03905227,0.71001154,0.047883064,1.1934386,0.14653543,0.29254445,0.5111221,0.57005036,0.07444355,0.052550547,0.511595,0.0014960772,0.05320798,0.36185798,0.53144044,0.09322559,3.9189732,1.0920118,0.09214954,1.4910736,0.42724687,0.02525992,0.65960574,0.75031227,0.644112,0.6296054,0.8664976,0.09623646,0.0,0.48098174,1.8022015,0.23862572,1.0095923,0.040942498,0.3452683,0.95946175,0.19889602,0.30517337,0.05663697,0.019477772,1.2155774,1.1188774,0.6928047,0.72478575,0.40393588,0.362021,0.90952146,0.057069562,0.0020912464,0.017763935,0.24032372,0.31168047,0.46589923,0.47952276,0.35985392,0.14602754,0.4903677,0.43874463,0.028522253,0.39537305,2.066673,0.016359951,0.021389907,0.82670593,1.7849295,0.3372978,0.24458714,0.40531266,0.31635997,0.048237458,0.2914945,2.5553267,0.72243065,0.03720215,0.5398253,0.12582476,0.36697888,1.2911793,0.8814529,2.5470393,1.8946377,1.1004826,0.21396077,0.014165966,0.9935047,3.197798,0.30347034,0.6242982,0.08797086,0.18984658,0.35377532,0.8427915,0.15960835,0.016271884,0.18748538,0.42603803,0.12392821,1.4169719,0.023440138,0.15371737,0.0,0.27024814,0.0657792,0.5699088,0.020685006,0.03345522,0.15959541,0.549722,0.6038299,2.3825886,0.2372381,0.14384228,0.685422,0.09414066,0.013464232,0.0,0.77630854,0.36408627,0.78919613,0.14254591,0.25921112,0.03979346,0.2809816,0.26935527,2.2096672,0.07058666,1.3000499,0.08504171,0.35736954,1.0355648,0.36582723,0.15912576,0.5397791,1.3679626,0.09125042,0.5206174,0.14454399,1.5109879,0.16765416,0.55964714,0.04902676,1.6402471,0.17150709,0.37396055,0.33041337,0.2948727,0.19206958,0.27176273,0.009474291,1.0370313,1.0690695,2.3300896,0.15420906,1.6020259,0.017168032,0.27723485,0.4554924,0.45018336,1.4091728,0.07675603,0.3304183,0.021223763,0.02260212,0.40751266,0.2458711,1.055961,0.3414523,2.2276835,1.5826006,0.87336665,0.59964126,0.20333719,0.16521066,0.32498425,0.12145828,0.024247266,0.08168402,0.3120133,0.23339154,0.22999217,0.5086456,0.0,0.039252397,0.58844477,0.6811827,0.37268773,0.1496956,1.2529652,0.49279416,0.43324804,1.9442188,1.6768343,0.46298933,0.13346165,0.7500306,0.68648684,1.4612765,0.25576386,1.0541035,0.39561057,0.06630146,0.18638727,3.2324078,2.2087345,0.21630003,0.29225248,1.2717407,0.21480045,0.45179483,0.23590846,0.45833656,0.43041402,0.08054851,0.088391416,0.05284377,0.0,0.9587659,0.56577945,0.7444461,0.29588348,0.7218763,0.8944711,1.2284158,1.1208878,0.12463631,1.3047739,2.8595562,0.6853158,0.74126536,2.1833446,0.06749716,0.6242278,0.6843618,0.5789361,0.09709928,0.28554922,0.4809723,0.15958406,1.0451565,0.4053337,0.90485007,0.7981083,0.0053905654,0.11918268,2.0339167,0.011246276,0.1732944,0.14548391,4.216826,1.4226105,0.383322,0.08602907,0.113284945,0.54789126,0.008285714,1.4033262,0.10230568,0.3296615,0.6714415,0.0,0.008515919,0.22184871,0.059118383,0.115337536,0.45970014,0.055775438,0.1197711,0.7392522,4.9548225,0.731733,0.0006292846,0.23172255,0.42613164,0.11617623,0.15182154,1.4977413,2.5096254,0.39287123,0.5140971,all_pothole_images\pothole_images_enhanced_513fa3ebca11168933929e4999b1dda5.jpg
0.06020074,0.7974682,0.7449948,1.797438,1.7443839,1.0309129,2.0183086,0.666229,1.042665,0.9987056,0.8837126,0.8071639,0.0056792246,0.80440015,0.3266582,0.49485373,0.015586551,1.2080581,2.7227707,1.0832956,2.0263941,0.47196877,0.4070189,0.58086026,1.1300148,0.4072017,0.22579555,3.1581223,0.768315,0.27488622,0.6179161,0.0317665,0.74903435,1.6899424,0.17158549,2.198446,0.70252436,2.3895285,0.7831614,0.5660742,0.3527658,0.4400177,0.76483214,2.8685725,0.31381544,0.17988758,1.0237416,0.27877033,0.85466236,1.0903612,0.14250204,0.35204726,0.60563326,0.3041307,2.420994,0.74396104,2.3190339,0.64225066,0.9573795,0.9294342,1.245847,1.2705212,2.3787718,0.20328256,1.7157984,1.2888414,2.1982036,0.69350106,1.1681266,1.5284079,2.3038497,0.45857793,0.0941469,0.23375738,0.77268016,1.3743665,0.007652661,1.793379,0.041752107,0.6129972,0.17619962,1.752846,0.22978206,1.0254892,0.017978309,1.7495369,0.74908704,0.34994435,1.4143143,1.3360975,0.09850327,0.60171455,0.89924884,0.61135685,0.64953494,0.8299555,0.71182835,1.1158719,0.6761571,1.7025514,0.018784186,1.0396882,1.512383,1.813129,3.200597,0.3992783,1.1579093,0.13367233,0.8584213,0.80343145,0.22559397,1.4063413,0.43443966,0.012859499,1.0361968,0.64611185,0.4617483,0.3494838,0.5802739,1.636892,1.7698961,0.009069809,0.32711425,1.765679,0.27758026,0.39823937,0.35046196,1.135788,1.7987671,0.98817426,0.6495034,0.354885,2.906078,0.6969755,2.125407,2.5365746,1.6201502,1.106311,0.1586859,0.20074189,0.7565547,0.6362482,1.8155866,0.570492,0.7708032,1.2270235,0.60530937,0.19068603,0.6609408,0.25997806,1.1976608,0.41456348,0.30473655,0.6829746,1.5131907,1.2045497,0.61016417,0.16829579,0.80974936,1.2825179,0.41206694,0.7383179,0.9261323,3.047366,0.35833502,0.19096585,3.002766,0.9940215,0.33119127,1.5594449,1.1856076,0.41668,0.34558198,1.9889315,0.3596198,0.73743796,0.40131092,0.6610118,0.13950595,0.80909127,0.65573573,1.5830576,1.5579444,1.6736273,1.2229682,1.4574465,0.2823441,0.43382758,1.3388036,4.5931516,0.031016394,0.89653075,0.9914269,1.3025764,1.7628769,0.98418486,3.6907415,1.323191,0.01914796,0.12314874,0.15615705,0.81652147,0.9584501,0.024311917,0.5091454,0.11775559,1.2502697,0.52623594,1.120139,1.9560002,0.28672203,0.7168094,0.6745853,0.2457858,2.1421475,1.3610849,0.34580266,1.8816248,3.0018876,0.2913685,1.4807129,0.34332976,0.0609684,0.81521434,0.13048671,0.9322861,0.08360815,1.6601565,1.8256195,1.4626828,0.72454333,0.05177721,1.2657405,0.42169297,0.25416258,0.6914416,0.4126643,0.42228153,0.0,0.7355285,0.5072599,1.354503,1.251941,0.8227849,0.32586575,0.9515275,1.8988295,0.36954045,1.7567023,2.5573869,1.3497797,1.1521934,0.072990954,0.7471365,1.0769914,1.6304333,0.31689733,0.012770011,1.1567353,1.41254,1.2648549,1.5571604,1.0953704,1.535434,0.69634414,0.17160377,1.1834098,0.073244795,2.148633,0.20987931,1.1240002,1.3041044,3.6939163,0.1485106,1.3697832,0.39871672,0.29989177,1.6381048,0.16586125,0.58396536,0.5346438,0.3767913,0.438384,1.4634247,2.3296218,1.4315873,3.4335113,1.7097414,1.5580512,0.063767,0.05964148,1.1383247,0.7392945,1.157654,2.302156,0.21248607,0.12507947,0.31506354,0.17876014,1.349934,1.4110743,1.8011935,0.8976256,0.4997656,2.3960714,0.041315705,1.4618446,0.55619264,1.0284952,2.3140156,1.3941622,0.7792885,1.4424275,1.3777303,0.65604454,1.9278948,1.102742,1.3266941,1.8492521,0.27582136,0.935451,1.1653047,0.74072,0.06063121,0.01767437,0.8487698,1.022146,0.7780777,0.8050333,0.60577625,1.118032,0.82337403,0.61501664,1.2055272,1.2093062,0.6527347,0.9138215,1.4249827,1.9321417,0.6649444,1.1866249,1.7816151,2.0785558,3.1478567,1.1876696,0.06704372,0.25923198,0.7560936,0.33110404,0.9772772,0.7916743,1.080564,0.6617348,0.1568536,0.21231012,0.0,0.07869492,1.3620459,0.78769743,2.143496,1.273751,1.19732,0.25018623,2.206903,0.48447055,0.7818558,0.86457366,0.68540525,0.14174956,2.9565775,0.37426975,0.60310954,1.3917904,1.1919998,0.87612057,1.0242726,0.3337204,0.26670772,0.16285495,0.16489671,1.6681886,0.2401803,0.2834655,0.0852577,0.24227037,1.2990229,1.055849,2.619695,0.33931476,1.5985662,0.9989373,0.19544512,0.7831444,0.29384777,0.06423065,1.6183219,1.688692,1.1668673,1.3897288,0.12182561,0.011951212,2.2837198,0.2626081,0.056740444,1.5401533,1.1211241,1.0881351,0.28831574,1.1834162,0.37903252,1.3992255,1.451887,0.25968707,1.009347,1.0990987,0.45667616,0.67993116,0.678028,0.55146146,1.2430241,0.8682415,1.9874909,1.0423733,2.9798515,1.324907,0.45242235,1.5911281,1.3218125,0.092876896,1.0491481,0.19445598,0.14369996,0.38753805,0.6152131,0.38368148,1.6547465,0.8506991,0.4741258,0.5279964,0.45725447,0.6571926,0.79714173,0.671551,0.0067554098,0.04442884,0.11909746,0.40334702,0.49178585,0.6186501,0.40057096,1.3393041,1.5991914,0.77612454,0.69964194,1.4842469,1.641994,0.05942339,0.46422404,0.6410073,0.2804108,0.8332342,0.1365456,0.7406574,0.76135767,1.2111119,0.851162,1.2457516,0.44489014,0.49156195,1.3317082,1.8232511,0.13658665,0.0018164084,0.13045326,0.13923088,1.5122951,0.10297134,0.8608829,1.1794369,0.072285876,0.14299873,1.3321398,0.4584664,1.4459184,0.46497703,0.65169084,0.35240176,2.0727997,1.0650996,1.0641435,0.26426092,0.23352477,0.78251964,1.0460405,0.10482801,0.18173042,0.05647235,0.18517226,1.9891047,0.8831422,1.9075329,1.7624859,0.3371736,0.8197965,3.3472433,2.858117,0.81159526,1.3291122,1.6425354,0.7873215,0.64213985,1.1520687,all_pothole_images\pothole_images_enhanced_5153caa8c002d2787fd8ecb1a4b2a18e.jpg
0.9562893,0.6412043,0.05387547,2.2119238,0.68319124,0.27686715,0.4927676,0.09055713,1.5910935,0.47426227,0.48550493,0.33038175,0.07254467,2.646042,0.1643219,2.2833395,0.039618142,0.13317893,1.204298,0.21521161,0.47147602,0.537931,0.19014056,1.9524131,1.1967806,0.21106796,0.7885903,2.4625854,1.1239108,0.42813155,0.7267831,0.15967058,0.8342184,1.5642463,0.26152742,0.69557077,0.2233562,0.182941,1.3048579,0.09717468,0.5539339,0.0015990327,0.27585572,0.73958266,1.0630901,0.17622268,0.57105875,0.28917807,1.6691163,0.6115364,0.53167367,0.23396271,0.5899426,0.0028200923,0.2759228,0.1822092,1.7536801,0.58543426,0.7720969,0.8246824,0.021330848,1.0739646,0.87360036,0.14128388,0.8770046,0.35817516,1.003756,0.30962497,0.06538069,0.39090264,0.17604785,0.36725336,0.5785233,0.4418974,1.1718986,1.3773826,0.56865764,2.0839446,0.0,0.15304548,0.11172557,0.65662473,0.39787167,1.2420863,1.0512202,0.26204863,0.53627443,0.19344509,2.9212484,1.8005159,1.824868,1.7604467,0.3278863,1.227855,1.1371609,0.024985949,0.7645232,0.73890364,0.22124147,0.80089337,0.062489297,0.7851535,0.38492996,0.58434564,1.1855447,0.0,1.2290059,0.034051318,1.2570722,1.1488944,0.39767995,2.2187536,0.5424127,0.16347627,0.040876232,0.8260992,0.925439,0.044818282,0.46869335,1.7841339,1.353315,0.6766491,0.19462025,0.99442554,1.8849026,1.7036597,0.0,0.42797413,2.335383,0.5836737,0.5400664,0.014865218,0.06869628,0.16237693,0.80675685,0.3921746,0.2664163,1.3938715,0.033451896,0.1641777,0.3661901,2.123719,0.17976567,0.45475963,1.6446149,0.90594417,1.4177201,0.6521521,0.11815485,0.64435816,0.19740131,0.59863186,0.83418155,0.63186425,0.6863943,0.20104797,0.11105115,0.34326226,0.6343658,1.2836306,1.4857306,1.5994425,0.27238038,1.2242643,0.52112806,0.8639618,0.4516402,0.17327979,2.284141,0.953708,0.04504481,0.40074503,0.048975628,0.27717716,0.5334014,0.24999812,0.99297196,0.0,0.81711054,0.16450866,0.4223216,4.1362247,1.6669527,2.6478128,3.8755455,0.3839033,0.4239139,0.33757526,1.0562245,0.7101291,0.6151045,1.531651,0.0018156173,2.1694634,1.1401105,0.01731637,1.2452962,1.8605642,0.56297964,1.0722933,1.7307104,1.3943038,0.110226005,1.4447163,1.7106662,0.55376595,0.8696109,0.31724185,2.247555,0.52368426,0.12425328,0.19055793,0.75014704,0.45227394,2.3887577,0.45279735,1.8172264,0.03029372,0.39573357,1.4387192,0.88624585,0.07276279,1.7279979,1.2537997,0.11475627,0.8410356,0.6465668,0.5520519,2.392067,0.3693464,0.1052763,0.6654901,0.8470986,0.6270759,0.55774635,1.0718206,1.3049322,0.2904687,0.20614098,1.130564,0.2652559,0.08050856,0.36741778,0.07944021,0.040340826,0.33284917,1.2910451,0.07666424,1.5632932,6.092279,0.16717842,0.43979204,1.727613,0.28683868,0.7072726,0.0,1.9629554,0.6847542,0.9379305,2.6984425,0.6327066,0.16308023,0.31120324,1.2043906,0.1594893,0.86787397,1.5094371,1.4341639,1.0186418,1.4034948,0.29807714,0.19915499,1.8169947,0.7525542,1.546741,0.6902893,0.4182066,1.2495285,0.098445654,0.4227931,0.18697831,0.63115376,0.6387948,0.4476025,0.06401001,2.2760456,0.46087125,1.668032,0.07042633,0.8861621,0.77352,1.3499718,0.20111862,2.2628372,0.93665874,0.493815,0.9076317,0.6922412,0.7559673,3.8606937,0.1942702,0.49608612,0.175553,0.31632292,5.07368,0.13374673,1.397807,0.89194137,0.59377176,0.9735579,0.24168912,2.0563192,3.9871378,2.1900115,0.034467254,0.36042124,0.056988243,0.5836076,3.338258,0.29674685,1.2584962,1.1947048,0.7321177,0.6147777,2.3747094,0.9630989,0.644778,0.13050927,0.25818008,0.39482412,2.9274223,0.0076994807,0.18985698,0.26167893,0.27201715,0.28522387,1.8256801,0.045812234,0.48302352,2.4866917,0.8487122,0.79125494,5.001281,0.9492163,1.4273463,0.0040474106,0.36819637,0.53436637,0.7522112,1.6657853,0.14153673,0.4725831,0.12526935,0.23528387,0.25281498,0.009955983,0.29957467,0.6095035,1.1171242,2.079114,0.5700962,0.19254138,0.10805141,1.8225886,0.68264675,1.2078569,1.7366656,0.7942964,0.10748884,0.2355136,0.8196215,0.3986734,0.20864432,0.5437502,0.66335523,0.51918226,0.18659219,0.6450343,1.7165741,1.6587694,0.37012294,0.49863207,1.5751297,0.90431136,2.8609126,1.559508,0.06956548,0.017167259,0.0,2.997822,0.38640875,1.0815508,0.4085382,0.049641326,0.006572181,0.6548796,0.98800987,1.3183132,1.2784507,0.29470906,0.7568068,1.6850499,0.8035255,0.36284357,0.37097803,0.0007487791,0.42008036,0.122570425,0.5390615,0.09529034,0.038086895,0.51987237,1.2522119,0.20224969,0.034795303,1.0660596,2.4493854,0.54981214,0.033434253,0.37649077,1.1243527,1.4461757,0.33840147,1.5553937,0.7341531,0.565467,1.5989761,0.40830737,0.91718805,0.93776983,0.16383006,2.500548,0.9330813,1.1417396,0.16141188,4.3811846,2.176758,0.79590183,0.30433416,1.4019098,1.4923061,1.4841212,0.6577596,0.07863143,0.101200454,0.014385821,0.54087013,0.2052868,0.34336838,2.2614987,0.4344561,0.04160474,0.4086507,1.4983522,1.1680979,1.9391794,1.1379265,0.26437655,0.058927987,2.2299297,0.9232355,0.56475663,0.62048805,0.05921135,0.90183026,0.20389628,0.78174794,0.035294946,0.55043185,0.49026212,1.2161738,0.2848291,0.08459673,0.17948973,1.2921641,1.7550235,1.1539038,0.21651581,0.8009617,0.011207302,1.2145361,3.6508775,0.42815685,0.44426122,0.07683736,0.880425,1.742479,0.13521826,0.4216788,0.0753334,0.82316166,2.409392,0.5214705,0.04137449,0.33327574,0.0045289686,0.33011198,0.0038361417,0.3929442,0.024380326,0.25061414,3.0354152,2.0665646,1.430442,0.91109526,1.9448009,0.7863381,0.8209715,2.1284006,1.8148932,0.48051837,1.6954286,all_pothole_images\pothole_images_enhanced_51d378ef1e65cca284957e1e94f91da6.jpg
0.64635783,0.19318908,0.06332882,2.033461,0.547951,0.38485032,0.20715341,0.0,0.14185454,0.86368865,0.09206431,0.7276019,0.51484525,0.8400007,0.0,0.5101898,0.5054451,0.39364687,0.8156859,0.0076440712,0.2672586,1.547615,0.9933302,0.4376981,0.7397156,0.4849186,0.015075916,1.7682602,0.07641304,0.2020309,0.106206,0.090838164,0.21902977,0.5645049,0.3663638,2.224522,0.31953448,0.19581778,0.19390853,0.39769596,0.12285659,0.019396007,0.19216762,0.07707098,0.24196804,0.67787075,0.23206896,0.0005404861,0.52135247,1.476324,0.7044587,0.09054425,0.18162195,0.71696,0.42305252,1.7275231,0.3569798,0.18570514,1.6215817,0.13961054,0.2867538,0.3332173,0.2157587,0.3375462,1.5763049,1.83216,0.2663513,0.0,0.8092174,0.10300426,0.2918769,0.13702655,0.23050736,1.2571615,0.44612244,0.056384977,0.014790814,1.2861546,0.58494025,0.13434127,0.0007784382,0.0018317944,0.42012575,0.7070687,0.74914986,0.14859147,0.04226639,0.088124536,0.95839036,0.5207157,0.85461175,0.0929087,0.032472912,0.9347224,0.053497743,0.16546977,0.6465843,0.8075863,0.17625773,0.4600898,0.5289412,3.274117,0.5627627,0.18286529,0.7394928,0.11318869,0.093249045,0.30185,0.34576723,0.10427208,0.15757139,0.6410423,0.1230655,0.30498376,0.46146217,0.10401767,2.520076,0.24358681,2.9088628,1.784638,1.5635849,0.22017552,0.32219067,1.3868314,0.11912197,1.1445757,0.45907354,2.9320464,0.46598566,0.14590672,0.19662622,0.0,0.32220146,0.2019953,0.005084334,0.39436144,0.31998238,1.4455888,0.14443639,0.44413498,0.3726203,0.21193866,0.07362375,0.3959207,0.061994404,0.23119082,0.03183235,0.77954787,0.112780504,0.44478753,0.9575751,0.5536519,0.41912663,0.0012993109,0.532857,0.9211117,0.6738976,0.3835611,0.8570649,0.64818245,1.4888933,0.95474815,0.0053462842,1.6635543,0.039739266,0.8921388,1.3359787,0.13020292,1.4671606,0.85571724,0.0033820502,0.25071537,0.0,0.18712234,0.84802496,0.37672478,0.022167455,0.04776521,0.7702106,0.075674854,0.17874755,1.3026155,0.5922301,0.6325484,2.389394,0.82965475,0.23970845,1.0835205,0.99821705,0.41927546,0.0,0.13842614,0.39292505,1.8888795,0.064371124,0.48236382,1.3457922,0.65816087,0.989598,0.1302902,0.5882958,0.33991626,0.53677887,1.1059958,2.0765853,0.41523188,0.83915013,0.055541832,2.1430414,0.9100174,0.04289717,0.031771805,0.44610688,0.3955408,1.4217389,0.83705914,1.0741704,0.15759608,0.43903142,0.29361647,0.07981052,1.476677,0.7571602,0.26922235,0.042287856,0.56989986,1.2045186,0.58592373,1.1918466,0.05216427,0.035603106,0.06414565,0.9611355,0.10492241,0.048165545,0.18434381,1.7540542,0.11853962,0.20352511,0.25049233,0.50104195,0.2427535,0.24387589,0.33365655,0.55352753,0.01588558,0.26883513,0.9532402,0.657956,3.2956538,2.3809025,0.30076128,0.69897366,0.5955721,0.48846847,1.1031135,0.14033395,0.9556557,0.8915731,1.7412771,0.5454924,0.20032968,0.27462378,0.72280586,0.4389445,0.370253,0.0790815,0.71755326,0.11048108,0.78988,0.02564181,0.10355854,0.04426821,1.141837,0.8423374,0.15432705,1.4072212,0.582211,0.35353893,0.69765,0.55591136,0.31426433,0.42341286,0.5765055,0.23873138,0.7237747,0.6851011,0.035496235,0.90193486,0.5740547,0.11749704,0.2128508,0.2750706,0.7862621,0.09608086,0.10639783,0.7974786,3.1641653,0.21643509,1.468849,0.5603357,1.0968152,0.29405522,0.39946824,2.2343423,0.19776441,0.69835305,0.3604673,0.32887486,0.11189665,1.3402857,0.7711887,3.3387446,2.2941074,0.63234854,0.40875104,0.4168853,0.4495364,2.511484,0.19645989,1.7626414,0.064552635,0.12755276,0.25742984,0.85724014,0.9047283,0.27639,0.15547448,0.32275006,0.23609293,2.1856458,0.4762563,0.2027893,0.22515409,0.063807,0.09147746,0.0,0.100169376,0.46960342,0.30406022,0.7735056,0.2489734,1.1816874,0.13610703,0.17652902,0.906126,0.06852167,0.068135165,0.4937614,0.85243714,0.4406136,1.3918017,0.4122966,0.5383293,0.17716773,0.8069703,0.20433559,1.2501187,0.98070604,2.223581,0.4830745,1.1386102,0.59255725,0.2899,0.5193225,0.72655416,1.5847672,0.8053821,0.76086,0.44915482,1.1611524,0.089305945,0.49862242,0.025711996,0.38979316,0.5990822,0.72135144,0.49306604,0.14176966,0.93300205,0.97462654,0.12762158,0.28552455,0.07507417,2.713724,1.8591014,0.75878704,0.10625411,0.9185789,0.46393803,0.15291573,0.60059685,0.16852228,0.92873615,0.013373287,0.47658163,1.9063148,0.4929147,0.43740812,0.23015387,3.2253778,0.6600223,0.7135976,0.057538502,1.0732671,0.101193145,0.15708227,0.30427948,0.0,0.12073479,0.85739803,0.082000665,0.5261269,0.0,0.09156523,0.63630533,1.2176511,0.052823834,0.6052145,0.047724616,0.64242274,0.5447262,0.21408449,0.9555125,1.3147091,0.4237277,2.3449216,0.8811069,0.2837865,1.7474076,0.45023796,0.96353036,0.98396236,0.4718579,0.7144752,2.2888649,0.49839646,0.9057972,0.06574724,0.6583594,0.8131717,0.36974084,0.38076785,0.58591664,1.1159631,0.06782831,1.2539268,0.13106176,0.70664406,1.4950354,0.8966192,0.33257177,0.8364311,1.0501174,0.40924376,0.9591839,0.21096458,0.32425192,0.8138384,1.7673012,0.7971962,0.48004705,1.649325,0.2467064,0.55968386,0.31814805,0.80232227,0.016830333,0.8382785,0.41719088,2.0486298,1.0305707,0.17130512,1.2285038,1.5156766,0.049049884,0.28592518,1.9594016,0.10813825,0.06930164,0.55653864,2.3633757,0.33922926,0.5888702,0.15209027,0.22378154,0.14736407,0.032156076,3.165536,0.12897035,1.0124245,0.28763413,0.100265756,0.05348589,0.8034688,0.405623,0.035032958,0.0055505433,0.24135159,0.2142005,0.46447486,5.6932235,0.4701231,0.48626408,0.9834099,0.090573184,0.07585986,0.01088187,0.52233046,0.31659448,0.29863495,0.5716857,all_pothole_images\pothole_images_enhanced_51f0e8e06c81dff89bc144a050aba432.jpg
0.68847007,0.05717581,0.58818,0.7154088,0.34839416,0.50768334,1.1770853,0.270739,0.7019175,1.0291995,0.042454023,0.9714435,0.33710048,1.670876,0.26382512,1.1297475,0.44113305,0.19724125,1.3543881,2.3309033,0.5787314,1.3217577,0.39563593,1.2309188,0.6405888,0.75370485,0.17284326,1.4857178,0.42449686,0.008857919,0.37676188,0.12999518,1.1139749,0.88225025,0.16525148,0.694822,0.041444957,1.5363541,0.852757,0.040959332,0.4248989,0.015096448,0.30417067,1.579831,0.71576905,0.6680877,0.0,0.3023522,0.8065292,2.0593908,0.89301896,0.35261577,0.9100498,0.27975148,0.49443933,0.88938606,2.0296319,0.10333458,1.0766103,0.8985457,0.47443825,0.34120724,0.45526758,0.05370775,0.46002865,1.8609731,0.20908944,0.33519748,0.78152806,0.32475612,0.0010820746,0.15705036,1.2212001,0.15867671,2.3298721,1.544902,0.06958809,1.365855,1.3052645,0.36398774,0.092358075,0.06893807,0.1335654,1.2608664,1.1202806,0.20370676,0.051688325,0.59515107,1.6519953,0.582142,1.3706957,0.3613985,0.08387166,0.26852894,0.40995133,0.0,0.6725213,1.092974,0.6076535,0.28593075,0.1816983,2.0078783,0.8213763,0.15741889,0.8836353,0.8438789,0.43964085,0.8701119,0.5247234,0.15713878,0.0,2.862852,0.100884594,0.5776897,0.070095815,0.010959436,2.390715,0.70227563,2.3788538,1.39843,2.36072,0.8677411,0.63498265,1.3113341,0.77364457,0.4571666,0.44262448,1.4400555,0.43864805,0.0030728828,0.33274665,0.0,0.4395952,0.3805924,0.05810059,1.3218755,0.35125485,0.8205412,0.36651626,0.37524226,0.15429156,2.4360087,0.38748798,0.45128152,0.10897259,0.34069622,0.005762981,0.24133575,0.32561937,0.0,1.1244402,0.057466954,0.013477753,0.33588257,1.2259611,0.4766967,0.5573177,0.5815422,0.12120787,0.11664225,1.0957909,0.38678488,0.022603078,4.4875593,0.08632158,0.6920163,0.22871673,0.50313944,1.4196484,1.2708584,0.0,0.17778403,0.04025252,0.551045,1.8140012,0.03907286,0.2962769,0.034058068,0.300515,0.58895236,0.41970548,2.3261955,1.2867022,2.5218215,1.4601583,0.5871371,0.28913733,1.1375568,1.9058168,0.9126945,0.06657991,2.3229864,0.0,2.3930788,0.10986997,1.1784554,1.4086605,1.74031,0.47053126,0.71450853,0.06873727,0.5805834,1.3515677,0.9188774,1.352175,0.3520382,0.19020323,0.46073583,0.6869393,0.118902415,0.019081175,0.0116461655,0.15073077,0.77208287,1.4930273,1.1978866,0.0,0.07218214,0.84784836,0.34510484,0.019466015,0.87478024,0.07652606,1.5447338,0.28596953,0.37208837,2.9447186,0.5221844,0.2845726,0.20049858,0.5028347,0.057631984,1.5536633,0.778803,1.8081951,0.37783906,1.7465764,0.16749258,0.00095215,0.74663985,0.13670269,0.75454396,0.1478747,0.99992555,0.37704188,0.043629587,1.4129218,0.74671465,0.886537,1.65518,2.438036,0.6289965,0.7268921,1.0954067,0.8905145,0.10316502,0.19607286,0.86084247,0.7578188,1.0004044,0.19388409,0.011912679,0.06935528,0.919259,0.5325828,0.8670465,0.2987682,0.0768915,0.23083982,0.49226293,0.024383254,0.21089281,0.06375733,0.6831561,1.9193859,1.5526862,0.61174,0.4734361,0.5761681,0.36956725,0.11478254,0.55550385,0.49256134,0.40306628,0.74513376,1.6948283,0.79424775,0.44489545,0.74375355,0.13286889,0.23446095,0.3152462,0.4133051,0.37741485,0.06687698,0.34812698,0.84066737,1.3882564,0.7118007,0.2722167,0.5623901,0.57536197,0.48414055,0.7368145,3.4017258,0.039020285,0.20305246,0.43591002,1.2104238,0.6064796,1.1826967,0.76332,3.7014227,1.4414052,0.013847371,1.8835324,0.07518927,0.29027364,1.4509556,0.47780052,1.6131518,1.043113,0.60150576,0.19405584,1.5009034,0.63013345,0.21325652,0.26909587,0.1690934,0.28024232,0.9656548,0.35186645,0.0066251745,0.13463302,1.2830237,0.20521015,0.06791671,0.3038032,0.46647558,0.033876475,0.7509493,0.02561109,1.473787,0.3366417,0.8449622,0.40935063,0.042478997,0.092371844,0.10907507,1.5689791,0.08636809,0.9187193,0.36449805,0.12619603,0.16140305,0.57922393,0.05663551,0.5624158,1.2076498,0.22935382,0.42295983,0.40793768,0.071144305,0.6933473,0.13685547,2.0351949,1.7725469,0.8402797,0.028570162,1.0504899,1.864852,0.74964404,0.8424722,0.046740074,0.17680728,0.15885682,0.11819103,0.14393806,0.15152155,0.94409025,0.58222246,0.41272902,0.009588321,0.9434045,2.5250828,0.78858155,0.081924535,0.11193601,0.069209255,0.24334542,0.7808839,3.1598947,1.3617988,0.19697835,0.07102652,0.12673056,1.5177252,1.0416539,0.71336347,0.0,3.3844168,1.5953618,0.83626723,0.2259745,0.08876502,0.26708314,0.3553784,0.21381041,0.04474243,0.08443464,0.28598645,0.8753108,0.6086869,0.41236904,0.07133772,0.06724576,0.3346438,0.25420257,0.2546852,0.44939464,1.3412014,1.07643,0.27024537,1.7848966,1.6830823,0.14037134,0.6030409,1.11263,0.19918108,2.7851079,0.16319133,0.9644987,0.3269208,0.6958595,0.47219747,3.8078446,0.91757643,0.99931717,0.15817578,0.5980915,0.108671285,0.7574098,0.23096073,0.40155417,0.41552228,0.048479475,0.8294338,1.0644176,0.1536065,1.1088495,1.3375483,0.24129452,0.31842467,1.6359361,0.7758715,2.323717,0.4478214,0.19164173,0.36527282,1.0232183,0.55942905,0.33731297,1.5423149,0.03886868,0.79032344,0.88418627,0.5708223,0.0,0.59032184,0.26261628,1.8649818,1.0763208,0.15794446,0.29482958,1.7503114,0.74584025,0.57789594,1.8551937,1.0702715,0.0019652836,0.5801788,4.96642,0.60094476,0.24567528,0.0036555077,1.4375252,1.1765904,0.25446516,0.62517875,0.35356367,0.10675885,0.55166435,1.1600763,0.67029864,0.19696127,0.20938526,1.4755925,0.44708017,1.0176009,0.4081185,0.22300796,4.553199,0.90120924,0.45900843,0.359158,0.42667633,0.03589966,0.41358292,0.37375057,0.09188505,0.66647696,1.0194584,all_pothole_images\pothole_images_enhanced_5200c94d08b5712b25cfc7e8c3e5e2c5.jpg
0.27082723,3.1412919,1.9051791,1.2664928,0.6937603,0.6273754,0.27544424,0.6480385,0.20867363,0.98249316,1.0173013,0.18937667,0.54828477,0.06232828,0.050815426,0.16907427,0.6646812,0.11520962,0.853549,0.6981975,0.72463614,3.3269615,0.71693116,3.2459753,0.54689664,1.626206,0.071116835,1.4235432,0.05400914,1.3741022,1.9200461,0.42326993,1.1080613,0.9186938,1.3097245,1.2432805,0.71001285,0.6697399,0.8816324,0.14942907,0.46313646,0.0061444053,0.025261061,0.31453532,1.1445239,0.07485896,0.2893586,0.20934634,0.2431989,0.5155305,1.2748423,0.5661241,1.4664855,0.12845832,0.024266325,1.3111831,1.6580477,0.0075377785,0.24523255,0.44254085,0.0,0.083737954,1.2961779,0.5858092,0.7692941,0.59097946,0.40514314,1.0422839,0.0,0.25629696,0.19035845,0.88942575,1.1594629,0.44849142,1.0187627,1.56695,0.14123665,2.1707401,0.507606,0.57470036,0.2560674,0.36201316,0.113489054,2.8494377,1.368663,0.43746555,0.19488904,0.015870035,4.639915,0.6942752,0.0010892027,0.65302277,0.4440211,0.72808504,0.0064932946,0.37881392,0.39900947,0.81933445,0.5883075,0.3806997,0.34157676,0.6394671,0.40213478,1.362938,0.9408735,0.05065338,0.067398734,0.048952993,0.43360013,0.643862,0.95067906,4.1998963,0.60911393,0.0041801366,0.064601235,1.195081,1.352147,0.22357823,0.04591093,0.8054415,1.5456433,0.75787026,0.6159339,0.6491679,0.8128002,0.9804754,0.57546055,0.020467551,0.8411637,0.84238464,1.7458987,0.046536308,0.34273583,0.035770692,0.041521218,0.6426799,0.60021645,0.25055635,0.7046565,0.20245408,1.4519844,2.039366,0.8285551,1.8638352,0.24735197,0.17962621,0.5504171,0.3017165,0.39218235,0.10188393,1.5946596,0.42805913,1.1612298,0.054575462,2.2735965,0.88896006,0.44298762,1.2888863,0.070455536,0.48135445,0.8207869,0.03116715,0.14182138,1.1442035,0.6085694,0.08766316,0.12108372,0.43328607,0.4896244,0.4236336,0.25100198,0.0,0.83766705,0.051564798,2.0038242,0.3706954,2.0174432,0.0,0.022328379,0.6975226,1.8323255,2.1057885,3.8475134,2.54673,4.7742176,0.9978752,0.18908803,0.05842451,1.1700476,0.51139885,0.44487497,2.9341686,0.13644718,1.7458224,0.2926373,0.6868908,0.5207196,2.9202147,0.35387066,1.4018074,0.38247237,0.064249806,0.016679803,0.07726339,1.4187292,0.764204,0.63845253,0.31680247,1.7771853,1.1144668,0.009208243,0.88067955,2.266651,2.8109455,0.10755933,0.6817539,0.6082221,0.55231994,1.7834179,0.5775533,1.1274345,0.20904522,0.59607285,1.8315005,0.032007933,0.11106561,1.9686341,0.001657783,1.1167396,1.126242,0.111510955,0.052364744,0.6670993,1.3431066,1.2370666,1.0244975,0.50563085,0.37741065,0.15157798,0.07460548,0.48995414,1.0358822,0.83032376,0.11303932,0.0017051011,0.08496346,3.0925772,0.21104847,0.99852407,3.3601186,0.7897214,0.07739554,0.78888726,1.0323888,0.73857504,0.0,1.3100909,0.3632064,0.24829587,1.9630483,0.2634835,0.40441686,0.42539525,0.01142694,0.2358355,1.935422,0.24621895,0.5511913,1.4928143,1.6896006,1.3917542,0.025155723,1.189465,1.1844826,0.5355016,0.6294991,2.2691236,0.3795774,0.13545038,0.8026206,0.10742744,1.1001842,0.28785712,0.45051047,1.7589493,1.2309536,0.5821014,1.2028922,0.76621497,0.059239537,0.23788309,0.55652755,0.14786552,1.5051905,1.2848068,1.749168,1.0040823,0.27699405,0.010101121,1.0571034,0.36350965,0.5900022,0.13651346,0.11068797,2.0916681,0.45031288,0.00072290533,0.8264783,0.97180605,0.047139317,0.20340164,1.0046189,5.980658,1.1452938,0.070154235,0.08918089,0.0078089335,0.037364252,0.7780281,0.46542263,0.8150036,0.3988482,0.51057875,1.7430977,0.6066793,1.0600032,0.62473714,0.9659794,2.2447255,1.2136545,6.5481653,0.06880089,0.77706254,0.82719266,0.67939377,0.56989884,0.3503267,0.4750011,0.32398745,0.21741736,2.6412184,1.913903,0.8361685,0.040753957,0.402189,0.50203496,0.26162896,0.3896595,0.266553,0.3896205,0.12058371,1.2969917,0.56826246,1.1755157,0.65919834,0.19911614,1.0559998,0.027326198,0.8805436,0.9539669,0.14108413,0.04213372,1.1486416,0.99594,0.25565222,0.4716172,1.137308,0.51394695,0.5808617,1.3771318,1.0198696,1.200677,0.89751536,0.01371001,2.4145231,0.8141188,0.07164058,0.27450293,1.1778086,0.6623952,0.9034824,0.11625586,0.3468231,2.5363538,5.8295417,0.623092,1.7258344,2.8140645,0.06557446,3.2835045,1.7988582,3.2809317,0.022427345,0.7810782,0.17179635,1.6237271,1.0373272,1.2811412,0.29974017,0.46833003,1.9656276,1.9943461,0.40664354,0.32833862,0.58137065,0.49414933,0.44460037,0.89030606,0.41167933,1.052337,0.105054095,0.09813151,1.6393598,1.7563549,0.07355338,0.42522857,0.7843633,0.64451534,0.4962888,0.4019369,0.8855096,0.38213554,0.93631643,0.8318982,0.5096403,1.2012451,2.8940485,1.961531,0.5757997,0.14008161,0.16714738,1.3128058,0.5820122,0.17469975,0.89759725,4.6892924,0.94066983,2.0511832,2.4505432,1.0916576,1.539126,0.021664532,0.07694098,0.5049567,0.24945691,0.85388654,0.37719285,0.85924053,0.019242266,2.4761076,0.67360866,0.46626195,2.5062735,0.44042882,0.75745827,2.6330602,0.9980156,0.5977163,0.06083157,0.38358283,1.7139288,0.4608719,0.46990916,0.00028153392,3.1066203,0.071485594,0.06059134,0.080065705,0.065253064,3.2015543,1.5849863,0.16075204,0.8149441,0.2189745,0.38012418,0.23459059,0.5479592,0.5677929,1.9775332,0.3397993,1.0481455,1.8527102,0.73211926,0.7116367,0.0062559783,1.2394724,1.9566832,0.33313096,1.7995415,0.0,0.22711298,0.7072452,0.023039352,0.080816366,0.3673616,0.010295387,0.37724146,0.23984556,0.28890085,0.48194262,0.2737518,5.004723,0.7091192,1.0639259,0.1692746,1.4039627,0.050275277,2.7935812,0.79592085,0.18702087,1.0643474,0.19834,all_pothole_images\pothole_images_enhanced_52140463244938994deaa239a877d911.jpg
0.5159508,1.3074617,0.5513917,0.6224595,0.115146615,0.2235966,0.6092157,1.1028495,0.2966347,1.6180803,0.33942646,0.49011883,0.010430163,0.81951934,0.1380907,0.3801702,0.24797443,0.07711822,0.18691307,0.14299731,0.664119,1.8394868,0.43881932,0.8735752,0.44098857,0.9973483,0.57836735,3.392139,0.40653253,0.69261664,1.2310385,0.41567105,0.22902834,0.14493583,0.14165689,0.32380348,0.7458669,1.8232669,0.0022768916,2.4013906,0.0,0.050815206,0.13406254,1.3725654,0.8258186,0.1320033,0.1157433,0.022425264,0.18496867,0.01731091,1.0585021,0.4809091,1.0190645,0.0,0.0,0.2081053,4.0643754,0.11629519,0.28746822,0.0024760761,0.029670822,0.09315488,0.6003368,0.1573371,0.0055799806,2.5390456,0.68140393,0.29001552,0.33349255,0.041710302,0.09759922,0.6676359,0.19087403,0.3320317,0.0,0.27409697,0.111558184,0.21613924,0.020860579,0.32431427,0.0,0.0,0.22843704,2.7999673,0.8146386,0.5497735,0.6130318,0.24252784,1.9953977,0.3754285,0.21804596,0.03860794,0.0,0.31351936,0.049456343,0.031934977,0.0,0.57449424,1.4505484,0.12426641,0.21776737,1.1418916,0.01648649,0.12925288,0.21329209,0.3309715,0.04177507,0.0,0.38436,0.7166744,0.014323407,1.273343,0.05426072,0.1448063,1.2987311,0.14287102,0.47685024,0.03362104,0.018624984,0.04650517,4.1025085,0.6091854,0.20243488,1.3585211,1.3869563,1.0098037,0.35457182,0.10584647,1.6717124,0.030551342,0.13367756,0.19137189,0.37206706,0.14912573,1.1767533,0.070221275,0.07106342,1.8420357,1.1724117,0.033059802,0.05331672,0.036735367,0.13977683,0.3380214,0.19605593,0.4515803,0.23163787,0.020833885,0.047633726,0.20422542,0.5789352,0.014733681,0.0,0.043425407,0.9798501,0.077027395,0.12295733,0.14768061,0.13609196,0.47953638,2.0198162,0.68759996,0.55141604,2.6455326,0.0,0.089951776,1.4873506,0.16340162,1.7668891,0.90840334,0.031668797,0.07441922,0.017523725,0.13157675,0.23634066,0.12694994,0.54854566,0.0081725335,0.009203106,0.3086047,0.027429366,0.93359864,3.5726,0.14572875,0.6506719,0.75910354,0.0800781,0.0,0.430405,0.7279346,1.1370964,0.08341316,0.08956375,1.5942647,0.40948564,0.013578377,0.042070057,0.02418299,0.018408298,0.42896596,0.039082546,0.053852662,0.35571316,0.84256005,1.4233726,0.19179507,0.72102445,0.27123246,0.3113603,0.057315778,0.04869854,0.6233394,1.3377209,0.0007527312,0.085687384,0.3895448,0.6577978,0.06676229,0.36542982,0.016497342,0.6220453,0.20544837,0.51091605,0.26437303,0.08092421,0.00540343,1.6785117,0.2751106,0.9646592,0.07727801,0.02008816,0.068182096,0.015425565,0.16853707,0.31903428,0.04517026,1.846642,0.0,0.0022184842,0.06472835,0.043341752,0.0,0.022658978,0.73794705,0.0142609095,0.0,0.61104816,0.04844714,0.07044779,5.0957284,0.7964348,0.05458537,0.021060811,0.0024323552,0.10228341,0.031317875,0.9131836,0.0,0.34419417,0.60935473,0.0,0.0,0.10660506,0.098004185,0.13490494,0.77781767,0.09274143,0.6788437,2.5015707,0.0,0.16056558,0.10396875,0.2783816,0.030950623,1.6075754,0.31501457,0.00020902175,0.48227432,0.39210612,0.4519843,2.4583876,0.047554772,0.38090223,0.22984721,0.92365855,0.0,1.0911392,0.13233116,0.044495326,0.10391067,0.7870054,0.0047131493,0.0,0.6274466,0.16666082,0.32702982,0.20576772,0.5266769,0.40731636,1.591823,0.045345817,0.5292849,0.0,0.049598027,7.4010262,0.024208808,0.0077593825,0.11545068,0.00010086255,0.17602897,0.18597285,0.024099732,2.580318,0.58180755,0.0,0.30038905,0.7576107,1.0028867,0.8819093,0.41495228,0.0,0.004238692,0.1635457,0.35004666,0.325565,0.9437028,1.6512254,0.0,0.8974887,0.2838921,3.290325,0.0,0.44171667,0.0,0.050387643,0.9251628,0.7357619,0.5902699,0.09012193,0.08761728,0.07275958,0.9436186,2.0337179,0.1331674,0.29968664,0.033220068,0.07371474,0.13266744,0.0,0.7065506,0.47622007,0.64876735,0.07178698,1.9953156,0.055001594,0.06568711,0.01395065,1.5196477,0.0,0.30800876,0.05808403,0.08850868,0.11021716,0.12331566,0.0018786354,0.1156476,1.3471794,0.23420267,0.0,0.098508455,1.1316756,0.08885616,0.22606586,0.0019258385,1.6180077,0.07733431,0.004796135,0.007639706,0.34998932,0.05622047,0.26329336,0.14771347,0.6301413,0.51260334,2.842137,2.255189,0.785533,0.0,0.005521543,0.57178915,0.33042362,0.06780123,0.26256153,0.4994265,0.08113966,0.037560176,0.12006738,0.067674525,0.012804419,0.24125035,1.5493683,0.3048844,0.6088582,1.2346458,0.032035314,0.13430315,0.49336797,1.7578855,0.048764117,0.33726832,0.25233394,0.46171993,0.10681312,0.20050165,0.0,0.045723356,0.051952746,0.046773948,0.1303811,0.15255494,0.72115976,0.0,1.0960604,1.4237761,1.8998581,0.22736222,1.0872507,0.08044873,0.10485903,0.35224372,0.8187403,0.051239237,0.0055789594,1.2140291,0.0,4.4248614,0.12797396,0.4881419,0.33742636,0.29187766,0.053099666,0.015843056,0.07914298,0.0628247,0.40648016,0.46065965,0.11087486,0.36460066,0.1764707,0.58134806,0.74146724,0.04468651,0.36000186,0.06345881,0.45466924,0.19156072,0.0,0.71496946,0.010784428,0.5513639,0.71983117,0.0,0.10328784,0.050229717,0.49870664,0.13975178,0.1533245,0.0,0.089717396,0.7807807,0.23358874,0.10436971,0.22976618,0.30251935,0.05575067,0.041221716,0.0,0.6005413,0.33664462,0.26750594,0.74990714,1.5476956,0.45960382,0.30177808,0.004981788,0.0058477684,0.5355304,0.028253121,0.023607055,0.090562545,0.57942754,0.84585553,0.0,0.014810413,0.0,0.09494918,0.13276501,0.15672612,0.064651646,0.053008206,0.0043846546,3.4520917,0.36986947,0.09392312,0.0,0.22922301,0.0,0.09775804,0.14247186,0.94657373,0.6692503,0.15334,all_pothole_images\pothole_images_enhanced_522af85dfe8a4d6d0bddecab5b921c06.jpg
1.8852658,1.1984489,0.10336216,1.864142,0.32409227,0.467677,1.0435574,0.34811407,0.040586177,0.48692593,0.68057364,2.014486,0.39849755,1.5698837,0.5724148,0.3985925,0.0392973,0.8680208,0.3912506,0.6015064,0.09470473,2.328959,2.1679187,2.3001668,0.6040919,0.73079604,0.7950313,1.0055319,0.18847053,0.5429485,1.0051782,0.7665793,1.4495689,1.0519475,1.0934435,0.9562565,0.18944126,1.2115567,0.112421446,0.10306251,0.38776094,0.20762949,0.65122616,0.35982862,0.7418661,1.0257436,1.2242169,0.26162967,1.1315385,0.92330915,0.56685936,1.4449158,0.72919184,0.28338328,0.015904088,0.27425873,0.57798094,0.15497647,1.0110761,0.36291465,0.5733174,0.2642051,0.2293994,0.80052495,2.467875,0.9586004,0.053767227,0.61641246,0.44913107,0.38810533,0.1268072,0.3493101,1.0363437,0.027850183,0.5398224,1.5236701,0.19113533,0.055718586,0.13154183,0.011389838,0.8596739,0.7104951,0.029492714,0.8050857,0.79353344,0.9104449,0.18659537,0.6139766,1.6389064,0.41938034,0.66116905,0.30465612,0.33001137,0.23014432,0.33298457,0.2860279,2.060653,0.28655538,0.5805803,0.13693264,0.01201565,0.7022199,0.4328294,0.7140763,0.88155264,0.44895583,0.18119293,0.8106898,0.62850684,0.5052239,0.081654705,2.300572,2.1783676,0.7930589,1.0710042,0.21414511,2.519347,0.15779297,0.28616652,1.4829582,1.5242907,1.2610942,1.1904567,1.2068728,0.47776115,0.34006387,1.0167532,0.62994593,1.0992825,0.48799443,0.65911317,0.09046523,0.89121455,0.08375449,0.027241932,0.46118194,0.17378257,1.1746846,0.22996353,0.7477733,2.129942,0.3857,0.2912416,1.8140662,0.5009774,0.41553712,0.3915737,1.0017147,1.3088843,0.09276832,1.4679881,0.93547493,0.2762657,0.13137856,0.988193,0.67085886,0.9167047,1.021039,1.1213899,0.6472509,3.4637437,0.37828818,0.0,2.2646284,0.51569414,1.1223074,0.1535843,0.25408792,0.9923147,0.73072535,0.09577482,0.291139,0.07568987,0.23352058,1.7058225,0.839738,0.53562,0.0067148986,0.6991517,0.70517886,0.40626106,2.492491,0.8241412,0.98737603,2.7933643,0.5235035,0.07324484,0.2102124,0.33538,0.54456866,1.2537087,0.6769539,0.27002162,2.9312766,0.2878067,0.82213724,0.33843032,2.6094553,1.14872,0.27659827,0.51606786,1.7442174,3.0188115,0.066706784,0.9448836,1.3296225,0.90402097,2.1247222,1.3190551,1.4147345,0.010916304,0.19132952,0.36173838,0.14853095,0.80411816,0.81973016,0.7352064,0.64497435,0.80583805,1.3739344,0.45814237,0.9441592,1.6257677,0.6815803,0.11524291,1.3017814,1.5579218,0.012208187,0.8721585,0.15513204,0.98087496,0.40801615,0.6633167,0.4094541,1.2162755,0.13020658,0.22911495,0.85029817,0.35676667,1.0001578,1.0016716,0.0,0.9711391,0.32548115,0.18444349,0.030732607,0.9077934,0.24411692,3.107122,2.9594698,1.4715108,0.12882365,0.35190296,0.0,0.25891703,0.11227997,0.7407275,0.37996075,0.39886528,1.7205501,1.2153438,0.20810777,0.9793938,0.73349,0.17907196,1.2920243,0.5720669,1.7703829,0.88206005,0.91322505,0.44570062,0.2232171,0.18001147,0.98183733,0.682229,0.8392983,1.1194533,0.27054575,0.4163522,1.2259154,0.39483997,0.5624252,0.7296846,0.6135952,0.30930966,0.63227665,0.11127902,0.28803343,0.7933594,0.52728355,0.07528918,0.29156354,0.2915452,1.2997428,0.07663108,0.2996093,2.8772795,0.93109196,0.22922733,1.2401173,0.03311749,0.9711914,0.71548015,0.38623965,1.4954469,1.5325668,0.0,0.4636194,0.0017309926,0.32814142,0.84932536,1.5139917,1.4919994,1.6915272,0.51745003,0.9116723,0.063142665,0.57490164,1.3409781,1.1770723,1.3089292,0.49083945,0.055444334,0.19463085,0.6659795,1.2966985,1.2610552,0.48730382,1.2951024,1.1057103,2.3646235,0.090828545,0.007649085,0.9611802,0.32355517,0.29628,0.6428871,0.032491095,0.3348969,0.0453205,0.6153173,1.1661993,0.590472,0.7480738,0.54481494,0.9333449,0.5817104,0.1496413,0.18815422,0.6973685,1.018732,0.58759826,0.93822324,0.15028603,0.50628763,1.2581996,0.8284588,0.9920774,0.08687154,0.38086388,1.4485949,0.24557425,0.44289544,0.43941155,0.041319534,0.09023127,2.3528683,0.56572604,1.7070675,0.60491943,1.4003872,0.763308,0.17386732,0.46910578,0.6876694,0.5666821,0.78023756,1.2590462,0.5091789,2.1440785,0.49515992,0.11633778,1.3340739,1.1903207,2.4170465,1.1190717,1.2395113,0.0012984658,0.3768677,2.300712,0.9041761,3.0463617,0.2341544,0.69750214,0.021609189,0.74235076,0.7005253,0.24130446,1.1016779,0.4436118,2.32055,0.9738645,1.0050516,1.3617661,0.005922745,0.5385038,1.4971893,0.61867225,0.38034976,0.47930488,0.67645794,1.0284103,0.71815896,0.8216171,0.11488307,0.1803853,0.4697524,0.9707807,0.6467244,0.06721614,1.3641843,0.5606267,1.7176893,1.5264369,1.473285,0.62225074,1.9774315,2.250203,1.6406547,0.45524335,0.0,2.5636642,0.44127262,2.2594025,0.33991387,2.5576875,0.83884037,1.3117582,0.17625421,0.09492469,0.6800201,0.70614326,0.011511093,1.1046412,0.51442325,0.015385771,1.4178977,0.12513326,0.42674676,2.078583,0.42914587,0.308071,0.203994,1.9542685,1.1069438,0.45796752,3.0818348,0.30559495,0.13718227,0.8260157,1.7275575,2.1052687,0.6326752,0.38342083,0.7977875,0.7790177,0.058971055,0.028638398,1.1524721,1.070784,1.1823518,0.5514972,0.1271579,0.69416976,0.7780951,0.14884801,1.1531053,0.9901157,0.81507415,0.6021755,1.010309,2.9277246,0.9269671,2.3335893,0.0,1.254107,1.3377545,0.49225503,1.613399,0.016972445,0.022829635,0.2534943,0.5720104,0.33535767,1.0934763,0.42630285,0.04244975,0.6422786,0.051944945,0.7976247,1.2585878,2.932172,0.49804094,0.47854266,0.35582197,0.8956294,0.21538074,0.7225317,0.030380307,1.7296268,0.6726823,0.9711597,all_pothole_images\pothole_images_enhanced_527f97cffb9d68af9c41591cbe3bc3ad.jpg
2.4216337,3.0198,1.5440732,2.986831,0.68507993,1.7818111,0.61156535,0.097302824,1.9970808,0.2463686,0.27805904,1.2017074,0.8990217,0.57802594,1.1160779,1.0426128,0.6845258,0.567918,0.38599283,0.77010685,0.62409437,1.3769091,0.7841994,0.49609572,0.2679426,0.39523992,0.31998464,1.6985846,6.536126e-05,1.6733096,1.9448264,1.0275054,0.5925796,1.3297364,0.6184167,0.7134196,0.89536524,0.23648697,1.6411014,0.15869614,1.8109062,0.19266558,0.04452709,0.447821,1.7603136,0.54200244,0.11415858,0.36310887,0.96737033,1.6073496,0.31584382,0.3863596,0.6161639,0.11458906,0.4068052,2.3227508,0.54414666,1.1334767,2.830007,0.7979047,0.017044373,0.034730323,0.09590878,0.38502514,0.4173753,0.3563755,0.7048859,0.2611394,0.6484573,1.5798607,0.6891211,1.0339692,1.539618,1.0031606,1.3783576,1.9727709,1.3608577,0.9480272,0.093975514,0.41536945,0.97991365,0.41026098,0.19144307,0.9046125,0.5909978,1.2823789,0.09881759,0.35548642,2.981868,0.64781344,0.06289331,0.9290328,1.212635,0.7103724,2.3155131,0.18924657,1.5350124,0.8111865,0.2301749,0.08255094,0.015883341,0.06083443,0.6629327,0.4184727,1.9502413,0.31244266,0.043194186,0.29412112,1.1516582,0.20048225,0.09419341,3.0030131,1.5263104,0.9536296,0.49057046,0.36167604,0.6211393,0.7586711,0.5882671,1.2194875,1.1031221,0.22089332,1.2950479,1.4935262,0.15509287,0.7852056,1.8066823,1.2902398,1.0428957,0.41045627,0.83482057,0.46156567,0.12186524,0.06748881,0.40246734,4.168803,0.021570094,0.45532763,0.41443446,0.07193845,1.5020754,0.61237395,0.6554922,0.6945564,0.7025123,2.077031,0.0,0.341453,0.4298076,1.1694216,1.3655034,1.1185857,0.049011637,0.104145,1.2040443,1.4036903,0.35392419,0.433958,0.9571358,0.4212109,0.97751147,1.3115056,0.4371599,2.219902,2.6654427,1.1999086,0.42550266,0.22822705,2.580394,0.1132778,0.34401664,0.031223757,0.08768013,0.27008232,2.0295951,0.4102734,1.5648056,0.018217284,0.90148425,2.4918096,0.08245796,1.5643556,1.1225703,1.3748775,2.2819705,0.36755416,0.6840668,1.1527904,0.44495672,2.3968542,0.113515064,1.6070359,0.026726063,1.3820722,1.1151983,0.35940146,0.51756126,4.0267544,0.6341359,3.0024712,0.00693043,0.7720217,0.44858247,0.4773367,1.1489702,0.7732161,1.5378773,2.226353,0.9265949,1.929143,0.0258923,0.5588129,1.1740315,0.62701404,1.5224073,2.041542,0.2125049,1.2650806,1.2173494,0.44890162,0.5608889,0.79243606,1.382865,1.5058419,0.09618128,1.0508496,2.6751566,0.102034226,0.7124932,0.025277093,0.30846754,0.6296361,0.016188644,0.15593639,2.1662102,0.16358007,0.26026192,0.15511127,1.2531507,0.14337404,0.96743447,0.9898014,0.85634595,0.3666607,0.12317738,0.051470805,0.81535697,0.21484788,3.3819392,3.613537,0.25767416,1.1803586,0.73855996,0.055773765,0.3838623,0.0,2.430092,2.31295,0.29613823,2.9948409,0.13703276,0.10564868,2.2810194,0.4733692,0.5167365,0.94122547,0.54006547,0.41237313,2.2668777,0.6590388,1.998942,0.053368032,0.004241017,1.7894965,2.0234609,2.7201915,1.6905843,1.5574139,0.67643285,1.5802354,0.0,0.15053539,0.13170068,0.6099363,1.129257,0.4117136,0.14371656,0.05762069,0.74234855,0.9990968,0.07486209,0.8578102,0.086920895,1.2134234,0.66500986,0.059506964,0.47283417,1.2565824,1.4418341,0.44199362,0.2651018,0.09069203,0.46492538,1.0089301,1.7334514,0.103868425,0.7330345,1.4889604,0.17424434,0.016560419,0.3059747,1.5817444,4.6558924,0.81216943,0.57427275,1.3121185,0.081328966,0.87558293,1.8274117,0.869706,1.1504916,0.0,0.08791507,0.1294802,0.92450184,1.1546981,0.2677285,0.8998414,0.96276295,1.4086783,6.8958545,0.11519909,0.3621823,0.14193046,0.05234924,0.21926399,1.0552925,0.0049749836,0.12434376,0.0,2.6841218,1.261574,2.21222,0.43028438,0.23377374,1.6609942,0.86114806,1.7777425,0.0028000248,0.9513945,1.3687739,1.23901,0.089569345,0.4860244,0.30080768,0.42232287,0.35623512,1.2776564,0.02035707,0.71902347,0.20908967,0.4161284,2.9400666,2.405821,0.0,1.2147155,1.2877265,0.07161795,0.8017153,0.05176303,0.11553804,4.3308177,1.3653245,0.11355417,1.758313,0.8627579,0.7286653,1.3864278,0.97931534,1.105127,0.7122076,0.18781327,0.82631266,2.9354355,3.3070548,0.9056214,1.9147326,0.13289511,0.917061,4.234786,1.5989697,3.2630448,0.094050154,0.5049397,0.22509773,0.4141766,0.67973405,1.816509,1.5883507,0.025099833,1.5419866,0.87552524,1.2421892,0.3990391,0.47514388,0.14907332,1.4156346,0.026255023,0.004892504,0.40374056,1.6938479,1.0399226,0.34715143,0.83427566,0.0053694663,0.28988233,1.9960798,0.44716045,1.0982537,0.0011664346,0.9723925,2.396625,0.27876386,0.44644386,0.89916533,1.2675384,0.8007363,2.1601348,0.8810616,1.4220709,0.3082517,0.8487373,0.6431948,1.3935287,0.07988594,3.8295019,2.5597453,0.15995727,0.4283771,2.3459167,0.33297706,1.0999659,1.3470778,0.23176053,0.19394667,0.14593339,0.11767609,0.63254416,0.055022206,0.8289518,2.0319278,0.38764933,2.3522146,2.8151546,1.2811303,2.0001981,1.3908503,1.4668304,1.8385026,1.7542931,1.3298945,0.9789305,2.4209535,0.7684873,0.8733414,0.4943552,0.52157354,0.0,1.060587,3.3917816,2.5167072,0.61218464,0.7622846,0.15390128,2.6753044,0.5570115,0.50454926,1.920838,0.4041835,0.87041765,0.12300902,1.6868616,0.9858638,2.427663,0.05570437,0.5032903,0.7886779,0.7025537,1.7064002,0.2510941,0.13582343,0.06970575,0.32816046,0.23893516,0.070588425,0.059037644,0.2408102,0.055961464,0.84061915,0.1736374,0.69621694,5.4461274,0.7723104,0.83186305,0.6466241,1.1104668,0.22283973,1.06287,0.015756309,3.2495365,0.054348096,1.3906349,all_pothole_images\pothole_images_enhanced_52cc555c56bc7efcba8a0ccfaf0101c5.jpg
0.2698471,2.1008277,0.932667,0.57920074,1.0367305,0.10864789,1.5088214,0.3477404,0.5099099,0.7246315,0.7107128,0.6387129,0.19191675,2.5942552,0.37417275,0.95900935,0.087684706,0.6092665,1.2808913,0.36549723,0.20906277,1.5945,0.9265065,0.6970729,0.4406969,1.0979695,0.52528083,0.8460997,0.2979828,0.13160965,0.23596612,0.09495417,2.1877983,0.051593956,0.834903,0.6599973,0.77304393,0.59825754,0.0081364885,0.13209781,0.33503285,1.8506263,0.30837312,3.1011744,0.13897549,0.18060204,1.092619,0.15706138,0.42726266,0.37957382,1.3818396,0.75289303,0.62451,1.221197,0.33707213,0.51823235,1.4254867,0.02380799,0.7709657,1.0969237,0.502605,0.3313211,2.105405,1.3123944,0.7957393,2.1428216,1.3258994,0.16743724,0.09677757,0.6210612,0.044250242,0.30540603,0.8540588,0.18571725,0.15837656,1.0705876,0.7129876,0.5759623,0.24086465,0.5006693,0.87922776,0.79323244,0.44480884,0.3011741,0.3452253,1.3927531,0.24264209,0.26912612,1.3353266,0.365058,0.014202977,0.6935919,0.5777265,0.02157007,0.0061520566,0.24128489,0.7426793,0.60142106,0.2871982,1.2680223,0.23886776,2.6846354,0.61348754,0.8910861,0.40198562,0.6102255,0.1935414,0.52273494,1.0515586,0.7534337,0.11566834,0.4581089,0.064345054,0.024945103,1.6813136,0.65748006,3.2646284,0.4041405,1.6220968,0.97453356,1.0432504,0.35943928,2.031422,0.84951127,0.0,0.12229177,0.20303144,1.7466054,1.0858723,0.36083317,0.2657312,0.3611388,0.1514826,0.21575454,0.08555861,1.011695,0.0640607,0.5331402,0.39666373,1.4392751,0.3956026,0.017823683,0.703021,1.0887238,1.1273372,1.4401317,1.5172503,0.526771,0.5171347,0.966393,1.5382444,0.33646607,0.031065624,0.4462397,1.1156372,0.3443352,1.0026758,0.9380504,0.42719337,1.0619503,0.32846972,0.17480019,0.37967864,2.4170375,0.5462031,0.51416594,0.48151404,0.4842792,0.3005219,0.24942446,0.9685899,0.3226661,0.17308457,1.6568239,0.45184124,0.2947922,2.121783,0.071575895,0.99488676,0.18783551,0.16819102,3.5800135,2.7705314,0.3727885,1.5033681,0.37465417,1.1125156,0.37169343,0.52893627,0.7662651,1.749717,0.08200451,0.44081298,1.1745603,1.6816864,0.2167515,1.0216961,0.4486295,0.3984781,1.1768472,0.4070123,0.29141438,1.6700903,0.45832887,0.29473418,0.5440521,0.22855462,1.0443163,0.66909724,0.23835704,0.022602737,0.71827203,0.45139846,2.459386,0.3396608,0.3491836,0.5449746,0.2768347,1.5640559,0.45166436,0.50219125,0.33596793,0.15190336,0.32680413,0.89595604,1.1991236,1.8707535,0.53114724,0.0221886,0.44736698,0.049336042,0.38451096,0.97996676,0.3364959,1.2528263,0.17596692,0.6871871,0.61394346,0.2964264,0.4870617,0.7966721,0.1892781,1.0939639,0.5464175,0.22101133,0.069794364,0.19953658,0.74030083,0.60305387,0.66095656,2.593603,0.013028678,0.100405574,0.022944761,0.32580993,2.8491647,0.5726195,0.00065728126,1.3758591,1.8347393,0.22765914,1.144802,0.28555647,0.64164525,0.15612854,0.921182,0.1448178,0.15395068,0.5772921,0.7688169,0.35237586,0.119046345,0.07926652,0.3358235,0.012124427,0.088175334,0.69954133,1.9859271,1.4760269,0.8152805,0.42336452,1.2174786,0.4987367,0.8417458,0.61180377,0.54662,0.5594005,1.2027174,0.8486741,0.111602604,1.444562,0.18525867,0.63006157,0.7979364,0.3389201,0.70486325,0.62146467,0.26913074,0.5613547,0.10108339,0.059835028,0.40059203,0.5455458,0.5710185,5.2860737,0.7000399,0.0009638104,0.1664121,0.4135285,0.8274193,0.90636873,2.158467,0.7736187,0.41200286,0.9103545,0.511788,0.4545627,1.1932249,0.7638954,0.63389885,0.9728239,0.90720177,0.057657566,0.2620683,0.51396644,0.36432803,0.96456146,1.8037193,0.13373396,1.9282441,0.39012173,0.22714771,1.1370988,2.1834295,0.56478244,1.2156715,0.6801602,0.31223133,0.9442562,0.42598346,0.945132,2.238687,0.42894977,0.3425237,0.77777183,0.17556743,0.82134473,0.055150643,0.22520778,0.2767226,0.50181603,0.07602692,3.8649857,0.36693755,0.9616962,0.22571832,1.5423146,1.7902532,0.36739314,0.036163203,0.26704335,0.05787511,0.4785273,0.4794784,0.37836075,0.08819426,0.35825363,1.3302983,0.05384078,0.29096302,0.2115318,0.88248223,0.52481645,0.3946204,1.3289227,0.09079377,0.01925871,0.7290164,0.52047366,1.3733882,0.47637638,0.5832296,0.63825136,0.35494792,0.92363685,1.0706128,3.5299451,1.4282991,1.4451431,0.33730525,0.60375786,0.4256529,0.027601782,0.9297349,1.1152014,0.18435806,0.31073117,0.9336841,1.186374,0.36408553,1.0984226,0.22728363,0.15339294,1.2542173,0.33010802,0.62170535,0.22947237,0.09824588,0.4078935,0.107786246,0.21248643,1.3256096,0.7698176,0.09878414,0.010734598,0.26671642,1.1393529,1.8856248,0.1285515,0.05286678,0.32327136,0.8267839,2.11982,1.8657008,1.0105822,1.6713533,0.5174994,2.2457633,1.3976102,0.1818732,0.116303205,0.94518745,0.114217885,1.3953346,0.63378954,1.7693849,0.44532484,2.0046072,0.38229737,1.921298,0.30818877,1.0182139,0.05718854,0.052673295,1.8678595,0.4522844,1.8896683,0.22273394,0.05540198,0.57679313,0.6986601,0.10532698,0.733956,0.21891412,0.0080425795,0.36655113,2.4260092,0.16370232,0.6658435,0.95333385,0.9091142,1.2346736,0.9420102,0.8692816,0.15443163,0.19537748,0.25014073,0.43610588,1.3365262,0.79442567,0.21587476,0.557835,0.40815938,0.5404472,0.10245803,0.26081485,0.54851615,0.6631674,0.68860155,0.5925545,0.38328275,1.2595739,2.072512,0.69469815,0.16839881,0.060008913,3.6093113,0.08644989,0.6745697,0.70644486,0.63363516,0.37346655,0.06761631,0.8711652,0.7799245,0.13244444,0.28942874,0.0200616,0.3757857,0.46573964,1.5021014,2.4218292,0.6968657,2.024559,0.44694865,0.3001009,0.108574115,0.1074717,0.14113194,2.2717373,0.0760528,0.3658389,all_pothole_images\pothole_images_enhanced_52e2d7a904b8f34d3b2d60cfd8f74716.jpg
0.6366895,1.5225277,0.1085079,0.6689491,0.17709137,0.13338944,0.009547807,0.11733053,0.15142576,0.70259106,0.95642835,0.520689,0.038013916,2.1607459,0.5659898,0.055611484,0.27644995,0.602288,0.6850428,0.22400586,0.4464394,3.5201654,0.1570515,1.5945009,0.89289093,0.55980265,1.2088722,2.9405568,0.014541577,0.53459024,0.538039,0.091647945,0.023827674,0.3785205,0.40477192,0.50375944,0.8328495,1.8165364,0.1043623,1.0705284,0.1315348,0.0011847031,0.8990352,0.64117867,0.25528052,0.9101034,0.014223404,0.23334008,0.48931777,0.11137903,0.96883076,1.0753415,0.8261551,0.05041609,0.2917329,1.9899008,1.0862939,0.12330917,0.124471866,0.34136626,0.43600747,0.7302476,1.1722791,0.051637277,1.5413972,1.1378107,0.69236207,0.8715431,0.6385617,0.14805624,0.1430035,0.18221724,0.5205287,0.14562358,0.14334455,1.1678231,0.23790775,0.9875488,0.110667236,0.15559457,1.0489914,0.3835708,0.18976672,1.8108212,0.32044488,0.17817229,0.05950002,0.0021079038,3.3687682,0.34720275,0.11287545,0.4414589,0.6302578,0.5049371,0.19127198,0.07986407,1.2823128,0.86822695,1.1256331,0.76472324,0.91398203,2.4532807,0.030086653,2.2006073,0.82090104,0.029951923,0.0719618,0.7827582,0.07448601,0.88502175,0.022652462,1.8870618,0.6495202,0.11920194,0.73477995,0.8904691,1.7319882,0.41953483,1.245601,1.6696731,1.9538012,0.37243924,0.33609658,1.7204826,1.4181515,0.6465455,2.1250188,0.79831785,0.28298396,0.5615708,0.6474914,0.062343318,0.11663924,0.5675543,0.2220367,0.9571938,1.1278224,0.63079065,0.98559904,0.3840276,0.24414866,0.16635974,0.67960185,0.6160777,0.35682702,0.6306448,1.9414965,0.21445575,0.5861016,0.5537824,0.19495738,0.34163618,0.009117799,0.6400868,0.88934034,0.1336258,0.6760986,0.7745456,0.3200261,1.3402857,1.5749489,1.7104034,0.44457796,1.1902597,0.10397583,0.42797384,1.7044036,0.45446178,0.48760426,0.97622645,0.037561662,0.057135638,1.2353868,0.60385805,0.4029682,0.19932489,0.61043495,0.05240967,0.13780928,0.19792324,1.0930899,2.5927641,1.5229671,1.9654983,0.5820139,1.0624983,0.66208047,1.4096733,0.56330466,0.5742625,0.0019196541,0.71641284,1.0699508,1.51804,0.18211669,0.12399152,0.37529984,0.48880658,0.10498317,0.5608774,0.20193964,1.6340394,1.346673,0.30943274,0.382119,0.123552054,0.7480227,0.82147956,0.20854284,1.0563966,0.045218296,0.21915945,0.89868045,0.1047809,1.3189732,1.7310477,0.7568515,0.6274242,0.032008607,0.04058213,2.0550923,0.39363676,2.0930145,0.07860931,0.5815382,0.6528508,1.1369901,0.21924648,0.5266899,0.7943569,0.13598521,0.39938208,0.058873773,0.2742297,0.16036253,0.015765835,0.8162955,1.0995139,0.033707675,0.09910401,0.012951314,0.27915022,0.3579909,0.5864696,0.056223948,0.3155812,0.24711452,0.10549481,0.8921216,2.5546365,2.4674406,0.024397971,0.45501125,0.19684337,1.0184186,0.054052453,0.4562845,0.6063171,0.788014,1.9371488,0.49118748,0.48625493,0.7271969,0.12026718,0.20808387,1.0239013,0.43914148,0.4317697,0.7035591,0.48894063,1.6251874,0.13803555,0.73112375,0.41327503,0.7948103,0.031357102,0.48682612,0.6230896,0.15690155,0.6167269,0.5580547,0.06326684,0.57799524,1.3590975,1.2165583,1.1696454,0.5434286,0.5431022,0.8118444,0.24497324,0.26926643,0.28429043,0.21088462,0.7381281,1.2297285,0.8041184,1.5338409,0.3591932,0.05698314,2.6094236,0.01640714,0.41165525,0.0481936,0.92416084,0.8014151,0.5844664,0.12625757,0.25900957,0.5057469,0.012279626,1.1791651,0.93830556,2.413061,1.1385058,0.38634962,0.98718387,0.33663094,1.0580975,0.33508867,0.9628009,0.57358795,0.73967564,0.9998594,0.8668724,0.9068042,1.1682295,0.08647369,0.08457407,1.1412604,1.3386806,0.6325752,0.8433538,0.27715462,0.7110762,0.5749717,0.3136602,1.4611318,0.90266937,0.60056436,0.8209695,0.40046948,1.310412,1.0881398,0.5928467,0.6515959,0.056635126,0.3541082,0.7386101,0.11169514,0.98776996,0.79890984,0.14463554,0.6723485,0.87051034,0.8198471,0.23264016,0.46223035,0.15297069,2.0350292,0.18139514,0.9479116,0.0,0.50746226,0.2627274,0.09638364,0.033573683,2.1987853,0.37343827,1.2736022,0.26645756,1.3180704,0.53112495,1.0450635,1.2500163,0.8906174,0.74348474,0.039657693,0.44421875,0.17571604,0.8987104,0.87372184,0.28236017,2.054555,1.6711652,2.1799276,0.38167414,0.44379196,0.21044172,0.38340172,4.73249,2.2747648,0.018798014,0.08924026,0.51019007,0.535955,0.6198369,0.852513,0.5812634,0.6468263,0.0060816268,2.2342103,0.6219683,0.67890507,0.20682214,0.87924844,0.2321779,0.35970765,0.22867724,0.7415148,1.1753381,0.75850207,0.5720066,0.59353906,1.0018164,0.59684473,1.3174919,0.26324773,1.1973896,0.31470448,0.00056593015,2.2419486,0.06857299,1.4224159,1.1403098,1.4258851,0.2731114,1.5591793,0.6562856,0.80353093,0.22343129,0.31911886,0.6088122,0.21881656,0.49614435,1.7742174,3.0369337,0.8238164,0.8809028,0.38696873,0.05358574,1.348489,0.58957094,0.0055877776,0.6681114,0.11598765,0.20462458,2.0744915,1.0529583,0.60443103,0.620536,0.99785423,1.5201693,0.81293005,0.23649032,0.17256443,1.3166267,1.1061773,0.29374406,0.06701226,0.38960105,0.74768037,0.40233007,0.028512726,0.19861624,0.740424,0.95483947,0.2853096,0.5686547,1.0404261,0.63713235,0.41426462,0.8953779,0.30291742,0.2063338,0.276931,0.6467188,0.0713119,0.047272246,1.5601822,0.16301098,0.5079147,2.2303374,0.12227046,0.66846013,0.08150047,0.15499994,0.29263774,0.17066099,0.6324689,0.017610272,1.1758891,1.4441297,0.044145633,0.03705378,0.27622965,0.019358974,0.00021185871,0.3927293,0.53852624,0.4772974,0.56775343,2.3377964,0.10700237,0.78168845,0.4240474,0.20675643,0.47514406,0.03691578,0.44824886,0.7196249,0.15514727,0.46021476,all_pothole_images\pothole_images_enhanced_531d1e74b0673e3b552564348c75e200.jpg
0.49261436,2.5960262,0.65225375,1.0993274,0.5307549,0.11900388,0.6748072,0.7357249,0.16619654,1.6021724,0.039972644,0.41183737,1.0687231,0.46968982,0.0152016375,0.36859924,0.47914147,0.0,0.35180908,0.1792094,0.046270497,1.7256765,0.394987,1.0404557,0.18359375,0.8166218,0.27541,0.79380786,0.15364024,2.983516,0.14302467,1.3022736,0.4495871,0.9980717,0.86407316,0.8130066,0.29199293,0.9098947,0.022779865,0.44281974,0.1590603,0.58780384,0.30809763,0.23919074,0.89260846,0.08093029,1.1348677,0.016471215,1.4278061,0.064423665,0.75569135,0.4663156,1.2834098,0.51286024,0.0535748,1.0554218,2.197325,0.5520402,3.0003753,0.59523475,0.19705702,0.9044279,0.5762153,0.26598245,0.24762104,1.0357522,0.24183832,0.81978595,0.28235203,0.33804756,0.7712843,0.27696595,0.6083501,0.102929674,0.8589045,0.3277401,0.6219567,0.400772,0.11796826,1.3065388,0.9318642,0.9789911,0.7536176,2.1756017,0.92379236,0.89026487,0.61536366,0.8143146,2.820315,0.2255061,0.24289715,0.3074068,0.37579197,1.353377,0.4648948,1.4829687,0.6774616,0.8934935,0.432708,0.6798004,0.1346882,1.0784134,0.45168158,0.18284664,0.4592906,1.307453,0.4584285,0.5897592,0.38967657,0.0043771756,0.5755933,1.5768588,0.9729429,0.464272,0.6434036,0.5892287,1.3265169,0.8022386,0.47391158,0.22873054,0.27671564,0.4020851,1.2002085,0.16874512,0.83414906,1.0788219,0.6862872,0.79983425,0.33712593,1.1568633,1.27656,0.5438413,0.58036816,0.4778496,2.5274866,0.33967435,0.48243818,1.752566,2.0381708,0.9015476,0.5065164,1.2674701,0.98682684,0.7954677,0.3082397,0.21572204,0.08822039,0.10221431,0.67285675,1.1256223,0.24297321,0.98165166,1.3395407,0.24066322,3.563086,0.40647182,0.7969821,0.38280034,0.2747786,0.04928618,0.8734376,0.16246273,0.6541723,4.8220935,1.6314307,0.12875389,1.2892759,0.3069925,1.2383094,0.21170336,0.23108396,0.797858,0.61999387,0.19749072,1.1672852,0.12425983,0.99232125,0.21673432,0.11964285,1.1633909,0.47226697,1.9355052,2.4067132,0.6095743,3.504181,1.1330639,0.53471905,0.78940403,0.5235119,0.89051205,0.70985115,0.07090081,0.431301,2.0432994,0.17969957,0.39283136,0.6287493,0.40593633,0.018186688,2.084017,0.504948,0.87884724,0.120103724,0.33116746,1.7260321,1.7323723,0.5940282,0.62521565,1.0899653,0.3578826,0.19768944,1.1160815,1.0156318,1.9405118,1.4629514,0.93030655,0.45584667,0.63955826,0.1973335,0.042804085,1.7288336,0.33781222,0.46557418,0.7514976,0.5235126,0.2632902,1.7321742,0.43047705,0.7502795,0.23881572,0.6310666,0.70385337,0.36687022,0.47205716,0.5882869,0.2412161,1.3373439,0.03856419,0.17959645,0.86091155,0.40214685,0.117625184,0.23208284,0.22552054,0.042849038,0.20203866,0.79001385,0.13828823,1.9509295,3.6583922,1.3237507,1.0803204,0.4873537,0.6820981,0.60988426,1.5403439,1.2673235,0.23091273,1.018928,1.6588782,0.69006675,1.3935251,0.38857487,0.42210466,0.96835136,1.1755035,0.123369895,1.6162003,1.8718024,0.46786264,0.74674857,0.0,0.8585985,0.20924114,0.23714359,1.2372147,1.2490269,2.0397954,0.3729505,1.1534439,0.05587596,0.89995325,0.8542659,0.38769457,1.3237581,0.69998586,1.5530095,0.5153272,1.085119,0.643472,0.3523784,0.08333734,0.6068172,0.620315,1.5724162,0.5840255,0.9350968,2.0194004,0.69974977,1.7795799,0.19225706,1.507694,0.04195937,0.5241955,5.667365,1.3356498,0.11639704,0.9557138,0.12695181,0.6833238,0.62085265,1.3203601,4.569015,0.38852414,0.35173988,0.7742951,1.4356246,0.6261265,2.0885484,0.6141647,0.49073207,0.5194215,0.0689616,0.8955836,0.73455566,1.5516833,1.0280733,0.80484456,0.39575693,1.2386062,4.1469316,0.62848103,0.07564799,0.0029530495,0.6060002,0.73315465,0.67496425,0.1675067,1.1060065,0.39932305,1.9254075,1.0692767,0.3973676,0.1262437,0.14897256,0.535832,0.063816,0.6306294,0.17935145,1.2157949,0.5962065,0.8154969,0.89435834,1.0259198,0.7144535,0.06258325,0.09010118,2.5195541,0.2913672,0.38826102,0.42969823,0.16013393,0.8240056,0.3734623,0.0,0.2700604,1.7412386,0.3931226,0.3718609,0.15123846,1.6412207,0.1265507,1.0119948,0.5665688,0.78694874,0.9967925,0.03577039,0.25867832,0.24580434,0.97051376,0.1253204,0.2445219,0.18209559,0.31137505,3.896523,2.6414504,2.152649,1.8007793,1.2915541,0.70961666,0.26008978,0.48887742,0.92693776,0.3422833,0.042371802,0.5615609,0.3937285,0.36707872,0.5723903,0.35565212,2.5717225,0.64809084,0.31193498,0.6217959,0.120794244,0.14697886,0.5902959,0.9244611,0.69803494,0.7731573,0.45411325,0.22241575,0.65423137,0.12314072,0.19270942,0.05298596,0.66577584,0.76612407,0.044618152,0.048352085,0.13106509,0.4121465,2.840074,0.8452661,1.8794215,0.51060253,0.9627257,0.30436778,0.3950202,0.33122006,1.0343646,0.8745947,0.6338348,0.2643678,0.14631762,2.087591,1.1477033,1.9117285,0.69456786,1.1980329,0.2571472,0.42621866,0.5118164,0.3721455,0.16802883,0.5978814,1.322206,0.638327,0.7664088,1.0510714,0.4058322,0.59138244,0.24235074,0.63056904,1.3027669,0.7784559,0.80144715,0.40986958,1.2228459,0.28358006,1.633993,0.14319688,0.62891763,0.93092155,0.7539683,0.3842233,0.14070727,0.27051753,1.5323533,1.836251,1.444294,0.55435693,0.72129494,0.020901076,0.28326184,0.48637575,2.035478,0.51169103,0.12221505,0.3202629,0.93545616,2.9852328,0.96009874,0.8304764,0.00059481605,0.6650778,1.5372978,0.107154496,0.6336381,0.13170232,0.4838035,0.80926806,0.87002033,0.30842417,0.31792066,0.41975585,0.7245339,0.38986525,0.47798413,0.6581528,0.78778243,3.3680968,0.67700785,1.4923489,0.5167064,0.99635404,0.0,1.2982855,0.4646983,0.23507541,0.90787697,0.33781266,all_pothole_images\pothole_images_enhanced_532db0cb9c2823953c565ab1aa823539.jpg
0.31353635,1.7859237,0.5223664,0.8136,0.19203155,0.19672541,0.20155132,0.7619207,0.4540217,0.29559734,0.74226224,0.5154281,0.3169729,0.4238163,0.24986207,0.6774575,0.18491627,0.6865964,0.98769456,0.006825492,0.24183762,2.7016158,0.92243046,1.5913025,0.14175849,0.2768243,0.008907927,0.86684823,0.021927273,0.8258388,0.54159313,0.0014712806,0.09113857,0.13711458,0.63354504,0.44911206,1.1612089,0.17608891,0.09073035,0.14935592,0.6369513,0.28305483,0.46916237,0.68144417,0.4437449,0.43090314,0.3503763,0.43993634,0.48935336,0.15018977,1.4205693,0.025369719,0.6471639,0.14813542,0.0,0.6151082,0.46892068,0.20284325,0.86741513,0.42294365,0.0,0.64890575,1.3075258,0.7730877,0.63926923,1.253203,1.5678365,0.6102572,0.048568714,0.8650518,0.0010441839,0.3021224,0.017358627,0.035914462,0.8190535,1.3284757,0.055432152,0.4066198,0.0,0.4698755,0.23534529,0.09315422,0.6516994,3.4447277,0.71790606,0.41604894,0.2623716,0.111345306,3.035566,0.11836001,0.03235209,1.1889328,0.16620556,0.07559957,0.08461549,0.9217036,0.052339107,0.40629795,0.56577355,0.15263143,0.12147476,0.84964067,0.14567941,0.23716652,0.53545374,0.23964408,0.24657263,0.38423532,0.440083,0.49428362,0.43847248,2.6091998,0.035553526,0.0,0.6930575,0.7171872,0.7948929,0.047024265,1.1419264,0.39606646,0.6975655,0.55760723,0.7661695,0.51472026,0.16532439,1.3508788,0.021735195,0.005986006,0.07159392,0.26687366,0.55316335,0.6976425,0.9677847,0.36431605,0.580505,0.44223925,0.054970425,0.07233724,0.99618465,0.5944684,0.71801066,0.86363626,0.1412991,1.352329,0.01708827,0.679835,0.04708704,0.011778639,0.32880974,0.31591365,0.4832585,0.3492891,0.21080603,0.16362809,1.4639416,0.42703852,0.2232069,0.5724631,0.10057305,0.007991447,0.344891,0.36913595,0.13110432,2.0893593,0.607353,0.2146968,0.4103867,0.20189835,0.27788725,0.85772705,0.10943877,0.066550955,0.49811202,0.30769086,0.70388013,0.31814072,0.55129975,0.08813261,0.00093326607,0.28081605,0.093040414,0.877721,1.2000177,1.3967083,1.8166302,0.67436296,0.57561594,0.11623962,0.4810851,0.8314368,0.2128123,0.062155113,0.016562669,0.63936836,1.1367229,0.12339272,1.0667467,0.7570877,0.14200483,0.79816794,0.32848895,0.9043345,0.048930217,0.0073403767,1.1756763,0.25451228,0.44940937,0.28590277,0.3360127,0.4600356,0.051740758,0.73405063,1.2949861,0.66852623,0.36662677,0.8866799,0.22576207,0.21296524,1.4124801,0.025454199,1.5072926,0.45603237,0.529267,1.3500067,0.26228014,0.2301532,1.6233414,0.70429564,3.0342076,0.37085715,0.21481691,1.2570686,0.45388338,0.12007837,0.82703453,0.08797874,0.3874769,0.10531761,0.012636763,0.22076263,0.1107882,0.66064227,0.0069997935,0.36342907,0.08223336,0.006301429,1.0622039,0.09423248,0.35856465,4.6234894,0.956752,0.23142064,0.016845262,0.012982521,0.375937,0.035565194,1.4913962,0.072611,0.6887411,1.350132,0.18176024,0.22142655,0.4813088,0.8215949,0.12724914,0.43025753,0.41380364,0.32807183,0.39657852,1.1598955,1.0691814,0.01808091,0.11862301,0.41061243,0.4696316,0.20555593,0.87065005,0.51394063,0.26856714,0.07727718,0.23346797,0.3229618,0.80421144,0.18640736,0.034099936,0.06266951,0.6402548,0.6678051,0.64225966,0.014135881,0.28622422,0.45702174,0.28576723,0.063495,0.24088983,0.48077655,0.952639,0.63438576,0.035433736,0.87316144,0.10606139,0.6105965,0.135487,0.3201959,4.9483314,0.12591729,0.18914287,0.9063909,0.7145331,0.44592628,0.02137024,0.009520887,5.7488422,0.62954587,0.30426306,0.21169344,0.14073002,0.48727983,3.2516098,0.6539767,0.47849062,0.46603113,0.017951464,0.0071056252,0.61779135,1.4474727,0.8681955,0.22137694,1.2281345,0.21123037,4.213152,0.4163633,0.061803456,0.23466386,0.07265747,0.64540607,0.84561,0.033693712,0.07860793,0.2591491,0.88690794,0.30620182,0.6364375,0.008022654,0.3710802,0.34337768,0.07612633,0.014392086,0.08969137,1.2350646,0.41740462,0.2525135,0.3930778,0.1093264,0.05096843,0.2720813,0.5609827,0.6658167,0.01733889,0.2628739,0.29394394,0.29763106,0.39142242,0.0,0.024241608,0.6777286,1.143132,0.41728956,0.14666861,0.12155423,0.6808289,1.4824554,0.5523114,0.6152846,0.71278924,0.18740644,0.0054322463,0.4778182,0.08941606,0.7850104,0.957948,0.90831643,0.6485886,1.9852103,3.5192392,0.20864601,2.3119347,0.7056774,1.5942638,1.5900471,0.7091185,1.0492753,0.018650675,0.4974753,0.0,0.043538433,0.66018754,1.1766582,0.60198504,0.07954829,3.5415437,0.38666916,0.30827808,0.7654362,0.4784556,0.3882909,1.0931184,0.59967524,0.067250535,0.43991554,0.022049015,0.95695573,0.011925715,0.8746901,0.10340842,0.32573166,0.20857827,0.6158961,0.8659593,0.6068289,0.48474324,0.04513292,0.6209195,1.0415443,0.4624621,0.4866921,0.47405627,1.5008384,0.06427185,0.025830993,0.9700987,0.2669324,0.04932637,0.41033065,0.0947587,2.4182444,0.47924885,0.43828002,0.21439974,0.6020232,0.6363619,0.05411496,0.049516845,0.00062323065,0.3398078,0.036068723,1.8705035,0.20777659,1.2962958,0.8515606,1.6995282,0.089401536,1.662578,0.6240163,0.6225989,0.29996586,1.883384,1.0032436,0.15059023,0.294928,0.80254614,0.13518919,0.848813,0.3869712,0.24035317,0.81569606,0.4382754,0.061277445,0.16556677,1.077083,1.0116016,0.355952,0.22485317,0.236983,0.14072478,0.6814858,0.04233111,0.040403757,0.27146077,0.25474265,0.43677512,2.0694308,0.44980192,0.18813397,0.03392585,0.45789978,1.4186789,0.22173706,0.94749224,0.06506859,0.64370906,1.2339128,0.20555098,0.23333277,0.04077348,0.15156488,0.81002617,0.27695096,0.20812589,0.10185748,0.97081363,3.9842544,0.25247025,0.8781881,0.17584166,0.6273609,0.036394622,0.6537914,0.6270082,0.31400996,0.30205783,0.0909057,all_pothole_images\pothole_images_enhanced_539378b8ddd2f0ca0126b6385b8b1574.jpg
0.975007,0.34844002,0.12353364,0.86051065,1.3501589,0.23215811,2.6718526,0.32602444,0.12092945,1.4463502,0.53063333,0.5842527,0.07944244,2.2606368,0.3419192,0.48317492,0.073312424,1.3052995,0.6490552,0.6061519,1.288711,1.0851579,0.32725742,1.1165783,2.7621632,1.2502913,0.8664359,2.4468012,0.80033606,0.0,1.217793,2.221843,0.22406095,1.6476104,0.21740353,0.4794634,0.0,1.49421,0.12376674,0.22218674,0.4491221,0.93909466,0.27920404,0.87695134,0.6799105,1.3807914,0.053337853,0.0,1.5933093,0.41519865,0.33288518,0.23646648,1.4144887,0.28130263,0.095342904,0.9136854,1.5603149,0.40799218,0.59009385,0.019265106,0.22464888,0.14512597,0.5396052,0.3360546,0.9764306,2.079357,0.33500457,0.44462296,0.2342171,0.24118376,0.82859087,0.13710633,0.45682847,0.18308762,0.08725507,0.1966167,0.12912327,0.5847808,0.029453406,0.16509819,0.345293,0.26765504,1.5234244,0.67543584,0.03485397,0.80298865,1.4858592,0.34495035,1.0990607,0.26289323,1.023228,0.024609463,0.20289955,0.28489175,0.117804535,0.25330225,1.5083308,0.9159371,0.15784214,1.4515107,0.23062728,3.3085277,0.7610772,0.29545859,1.3577765,1.7492191,1.0170937,1.7933687,0.08435062,0.17843197,0.4845295,0.4203558,0.19785374,0.82821405,1.4931086,0.16249767,0.0054803765,0.0,2.3334663,1.6714033,2.9721794,0.63447595,0.69523543,0.32286048,0.9701133,0.10137603,4.5836616,0.22394545,0.21079941,0.0,0.17135426,0.107788354,0.34444332,0.923437,0.32293475,1.3877734,1.7283756,0.95404917,1.1327827,0.045543376,0.7725904,1.2675718,0.64945364,0.4345265,0.2933513,1.6520314,0.032168396,0.8176218,1.6373506,0.2079461,1.0928828,1.9355085,0.1434115,0.7005341,2.341556,0.5357364,1.6933589,0.7348466,2.1600404,0.62620676,3.1282291,1.285337,0.36158574,2.0750792,0.8119966,1.7509452,0.91180885,0.080271274,2.224548,0.7633426,0.33465517,0.4808457,0.07906203,0.08079243,0.09423486,0.6829479,0.64532334,0.35198683,0.36359537,0.18624753,0.14296532,0.9282223,1.4512509,1.0764585,0.91839147,0.8272032,0.15184526,0.24023592,0.87329084,1.2657453,0.2180312,0.43793786,0.3049669,2.3897252,0.46228454,0.58099174,1.5479447,0.18949725,0.98748404,1.023924,0.8304876,0.871492,0.97600186,0.32074675,0.3525003,0.00079567364,1.5962529,0.0355249,1.967376,2.4094725,0.0029033632,0.50868946,0.88251245,0.39501208,1.4313725,1.3999062,0.34479636,0.12514168,0.8228796,0.56500113,2.4631379,0.05338911,0.2982146,0.14872156,0.07659155,0.013516959,1.1155189,0.016346583,0.37975177,1.1297519,0.32875538,0.21126844,1.2920339,0.15189521,0.2593646,0.2155819,1.346211,0.34281236,0.26384038,1.1609298,0.75574416,0.14558922,0.6164858,0.7240979,0.033186313,0.2015686,0.40315005,0.079657674,0.8262887,5.044882,1.7223238,0.26178873,0.4304613,0.040667992,0.9954328,1.0285318,0.4419756,0.91507965,0.100662686,3.7875428,0.0042758235,0.88153285,0.22830468,0.15530564,0.20839164,0.4763414,1.1830995,0.020165153,1.0298283,0.31774038,0.66363883,0.3321386,0.71043366,0.83282584,0.073375896,0.19467297,0.03632188,0.563887,0.19136226,1.4572409,0.08621737,0.4422405,0.42886353,0.7441582,0.45701784,0.4949462,1.4589082,0.10088356,1.0668896,0.05721218,0.58798987,0.3042079,0.11378626,0.9006175,0.15497293,0.818059,0.5717935,0.9499377,0.018513283,3.1447966,1.269165,0.6017124,0.97759515,0.09915263,2.3640356,0.345711,0.19812693,0.009107204,0.72429484,0.40557456,0.91053736,1.9873812,0.9794664,2.5921686,1.467414,0.3505711,0.5798782,0.71670187,2.9023795,0.32141048,0.7728692,0.14332171,0.69490904,0.9210997,0.033289514,0.5803271,0.026621843,1.5155213,1.2159976,0.025941286,0.35428268,0.021300545,0.11337011,0.42873225,0.32773897,0.61228216,1.7002757,0.7071612,0.14500669,1.1936446,0.7552283,0.021465793,2.0748818,0.840867,0.44046557,0.49167594,0.46858647,1.4089983,0.0057318886,0.18084934,0.5934712,0.4350364,0.5618678,0.15053195,0.18504597,0.409821,0.28735974,0.7672949,0.32580477,1.1184399,0.8780935,0.18720138,0.7735415,0.054239076,0.13672338,0.27749002,0.662979,0.31331965,0.21025795,0.51639533,0.9470456,0.1336996,1.3301185,0.7176514,0.17498349,0.48856348,0.088016674,0.02022827,0.48170605,0.42090964,1.2520611,0.023756325,0.110254675,0.9755311,1.9201307,1.0649618,1.5182182,0.039934207,0.47427312,1.6497765,0.45368528,0.4044083,0.22210854,1.236314,0.05057094,0.3009529,0.884721,0.003701341,1.121992,0.3542768,1.2690574,2.1839235,1.1274176,0.24705301,0.5014724,1.6205164,1.0210398,0.10862259,0.57946146,0.06748535,0.26984748,0.58792496,0.5788944,2.170604,0.39888763,0.7577527,0.6630222,0.8318388,1.8014287,0.50724524,0.685199,0.4444962,0.45718014,1.7988966,3.6112742,0.23085576,0.8917507,0.4419061,0.80608976,0.44293204,1.1758765,0.045475233,0.4110153,0.7290657,1.4803042,1.2440578,0.5380384,1.8339682,0.043017887,0.99722445,0.8035596,0.49514744,0.096552156,0.22394453,0.42467397,0.042030733,0.24712235,0.2067804,0.0,0.9306339,0.96357054,0.98573583,0.4639174,0.0,0.7066272,0.27800423,1.7274581,0.1809575,0.61370826,1.1675171,1.4375916,0.4514136,0.85339165,0.6711622,0.46073368,0.48500615,1.1301631,0.010519661,0.7727085,0.92163646,0.2757411,0.6227956,0.08540914,0.17248721,0.9230733,0.61200935,1.4715501,3.0866764,0.8233961,0.0028207544,1.2743568,1.9378027,0.7194519,1.0492946,0.10479199,0.20043787,0.42508397,0.05870141,0.07761146,0.08103412,0.7529951,1.444928,0.53526473,1.3467541,0.33302906,0.08566336,0.19803724,0.1503233,0.8348273,0.5730368,0.26646733,2.0477982,0.3198829,0.1530595,0.11546379,0.42486906,0.17974034,0.5692234,0.030960275,0.10058718,0.45869896,1.136132,all_pothole_images\pothole_images_enhanced_53cb010d43811d2b16061f10e2a82a08.jpg
1.4257737,0.2475741,0.03608874,2.6149843,1.2284563,0.6040658,1.2219971,0.015907096,0.55615556,0.7861096,1.3353215,0.9744062,2.4823368,0.79338044,0.16242053,0.050013583,0.64348704,0.9653468,0.04290355,0.12384753,1.3036358,0.15754013,1.5437998,2.573504,1.097611,0.25911114,0.90383816,1.9452069,0.0348231,0.6132678,0.4920933,0.2111699,0.07226461,1.814232,1.167489,1.3358302,0.017579185,2.1791842,0.7925719,0.0,0.013136148,0.2884597,1.1503956,0.96706414,0.18109393,0.30417222,0.7027641,0.5710503,0.61472976,2.1638925,0.96346974,0.2942571,0.7763456,0.85958916,0.47048193,3.2568612,0.44856146,0.5197933,0.42823145,0.11683968,1.135019,0.024019236,1.3207829,0.25536212,2.038838,2.3759983,0.528258,0.12626635,0.13512334,0.111801304,2.6850066,0.0019976557,0.07620008,1.1315165,0.33822376,0.0,0.35814977,2.7082357,0.008813786,0.228054,0.173073,1.212984,1.4205769,0.5161659,1.316067,0.7293142,0.18024097,0.12409269,0.18859825,0.074711494,1.2114016,0.5475386,1.0884231,0.090132505,0.39469522,0.40348208,0.57678336,1.0362749,0.045768365,1.3661643,1.5194471,1.3585098,0.2984424,0.6451388,1.2340927,0.42301843,0.021717908,1.2425656,0.007375301,1.1051936,0.93618506,0.11223807,1.4639617,0.8997476,1.2937322,1.5019821,0.33128688,0.0137133375,3.3696074,1.1520439,2.4567525,0.1515865,2.7868528,1.0104645,1.0965095,0.9699647,5.0925074,1.8157526,0.3660638,1.8388506,0.49599603,0.007770588,0.49457055,0.35440215,0.01380487,1.8415066,4.080849,0.19355676,2.3929894,0.10934617,1.4273188,0.0,1.2720606,1.6365511,0.9565005,0.37477526,1.4337028,0.79440993,0.069598705,0.4056477,0.070848025,2.8575056,0.034465533,0.23094878,1.1814169,2.7020135,1.8258466,1.8111687,1.4024144,2.0603638,1.3345302,0.8601108,0.87914556,1.1570495,0.6797465,0.44240537,1.0582235,0.7204109,1.3101834,2.1204588,0.14475077,0.08967868,0.0,0.27493647,0.0,1.7253718,0.27954987,0.09507597,0.705437,1.1089262,0.15099543,1.2135286,0.8140092,1.1629877,2.0028446,0.5427661,0.1059189,1.4764752,1.3999559,1.2566166,0.08863828,0.05159375,2.1255038,0.75675505,0.48350313,0.7656675,2.6959813,1.5249786,1.7612205,0.038749933,1.5473355,0.7437627,1.3116397,0.032455083,0.584709,0.74079996,2.3144228,0.0,1.1507832,2.372647,0.8538809,0.172634,0.52263844,0.21735585,3.0999749,1.819094,0.9229768,1.2674516,0.32184938,0.5055544,0.5483825,0.2963175,0.83965564,0.5529,0.0,1.0683174,1.0633463,1.094887,3.545959,0.94698215,0.1317634,0.0,1.7592082,0.25528905,0.20590796,0.004395917,0.35365912,2.3089802,0.3129994,1.5679119,0.44410315,0.34389654,1.3111583,0.5695462,0.25982493,0.9384955,0.9149308,0.66558534,1.3139838,5.177157,0.23539035,1.1960588,0.81922865,0.71401733,1.0611203,2.0098321,0.26485172,0.28614882,0.6513403,3.867675,0.50463283,2.8610353,1.2690964,0.0850332,1.2922086,0.56231266,0.15845704,0.44457084,1.5318671,1.3162129,0.6901105,0.7665411,1.3460975,0.95561296,0.22908098,1.2740281,1.2926506,0.040966976,0.6047933,1.3391395,0.21396989,0.7777996,0.8749159,0.87075275,0.45102715,0.9475809,0.7033612,0.3950553,3.0166035,0.68822515,0.0,0.7275732,0.051063716,3.5754027,0.61674327,1.3243268,0.8046996,0.09437529,0.22886838,3.3311498,1.886796,0.3965812,0.85721856,0.008235314,4.0383053,0.1188475,1.5078713,0.14271471,0.86738354,0.21120897,1.608954,0.4628379,1.0711966,1.9045264,1.5291413,0.077792846,0.64978087,0.072928585,3.5197766,0.3650388,0.90456116,0.008121772,2.02484,2.5033739,0.090889566,0.9987868,1.004932,0.6831955,1.2976252,0.04068607,1.6263535,0.3624358,1.0809543,0.20551541,0.16603765,0.0008890161,1.9255708,0.36164302,1.604377,0.27388686,0.6023412,0.36624506,2.7906823,3.2919526,0.5023343,1.6717697,0.14511837,0.5118384,1.3226514,0.32962635,0.24017185,0.39227498,0.024120126,0.71186966,0.04378934,1.2612199,0.43152276,0.9489321,1.0452087,1.3310696,1.5165772,0.7444931,0.025562465,2.278866,0.017003745,0.44702473,1.0890108,1.0262799,1.3616146,1.3261524,0.37815443,0.67405933,1.0189173,0.089983925,0.76709884,0.48532337,0.48364452,0.48056054,2.0950708,0.9398006,1.6757162,0.0860612,0.09579567,0.3764722,1.9925686,3.0721092,2.7945077,0.19015257,0.021830486,1.2452769,1.24213,0.34852082,0.005349232,0.97823477,0.0,0.4545496,0.64064294,1.2036161,0.23142405,1.0117233,0.07725058,1.303779,0.2109396,0.0,1.3809633,0.39804056,3.5642874,0.07962703,1.9648576,0.38742268,0.23224802,0.17784718,0.024818543,0.43318114,1.0979896,1.5052832,0.4218326,0.53470695,0.680714,0.83050966,1.2588233,2.4836035,0.07597651,0.7955587,2.8552687,1.5718195,2.262743,0.57214504,1.3814504,0.018859161,0.21308765,0.87827283,1.1908072,1.0726284,1.5627749,0.1468087,0.47763112,3.780786,0.21520627,1.033522,2.307498,0.7751349,0.091799036,0.25470784,0.13180599,0.0,0.08141772,0.692032,0.7969813,1.3375177,1.3049161,2.3624923,1.3152941,0.07208088,0.92162555,0.05490742,1.0163116,0.17500523,1.0413718,1.7988546,4.1238656,0.92366236,1.4866323,1.3199509,0.18220271,0.9768718,0.0,0.087685116,0.69755536,1.0584962,0.038166974,1.081775,0.00053644524,1.9548122,1.9136571,0.0,2.4878356,0.44323936,0.89482766,0.011614303,0.4095107,1.1786999,1.1265405,1.68962,0.6102891,0.03591604,0.5990279,0.13577838,0.70842993,0.0,0.13522068,0.086296506,0.3022598,1.4204288,1.089698,0.07443343,0.01710922,0.014969368,1.2628616,0.7512515,2.1023645,5.032432,0.846461,1.5526606,1.5045736,1.36993,0.92683446,1.310993,0.18837821,0.1487428,0.2335211,0.17124121,all_pothole_images\pothole_images_enhanced_54c81196fbcff459566777ecd88dd660.jpg
1.025425,0.91175264,0.7205757,0.9148361,0.6034526,0.9871567,1.3926823,1.3676137,0.74025786,0.894687,0.4259926,0.28638425,0.038745187,2.5992162,0.6874327,0.5522137,0.09471739,0.70613533,1.3477665,0.26927748,0.9376865,1.4490768,0.18581079,0.9998943,1.7192314,0.7433114,1.8851482,1.7536852,1.5707089,0.7517665,0.8703489,0.6363107,1.1311693,0.26505056,0.02637318,0.54337794,0.62343574,1.3848335,0.3188497,1.2255133,0.9915318,0.6394245,0.50699586,1.3677903,0.9148652,0.4429965,0.71461904,0.27598637,0.67779803,0.16352318,1.1003045,1.4241785,0.6891083,0.071239516,0.22226766,0.088644594,1.0261896,0.050926164,0.0039328234,0.6037204,0.7893492,0.85415393,1.0329902,0.77246666,0.6362391,1.1940817,0.7056783,0.13834287,0.09185845,0.20632903,0.0011260655,0.6514043,0.16987105,0.17285194,0.51378644,0.6808298,0.5411622,2.6066654,0.2944137,0.3384548,0.2521421,0.102461286,0.27584004,0.67292154,0.94818765,0.268724,0.3245414,0.11607045,3.8792617,0.31774235,1.0278033,0.48130295,0.43739134,0.46314028,0.0066573764,0.01791034,0.61282265,1.1338573,0.47439668,1.5575541,0.028867373,1.7548047,0.43904692,0.9534781,0.38355753,0.81504756,0.25099286,0.34467435,1.5147518,0.17543578,0.741712,1.0326473,0.64550865,0.30517533,0.8786636,0.73102367,1.5346869,0.63287514,0.16445796,1.4303542,0.543746,1.5606868,1.6116847,1.6635058,0.35544857,0.2956413,0.27249688,0.74843836,1.1538014,0.95390147,0.055922925,0.48532182,0.2185909,0.6075256,0.10427724,0.3812987,0.2657908,1.0972013,1.0106722,0.5367055,1.5334016,1.1451384,0.7945229,1.0972503,1.6238195,1.6958588,0.28186476,0.23459959,1.1890049,1.8361211,0.704596,1.1584337,0.039518617,0.41581905,1.828743,0.19836453,0.7541634,1.0649018,0.94597983,0.1764018,0.77112234,1.4235797,0.5994541,3.2617137,0.03900457,0.7191061,0.7564814,0.8234991,1.0391577,0.047507703,0.3620955,0.011272601,1.0083828,0.4638698,0.9670123,0.08420518,1.5951896,0.10339973,0.45634133,0.21659848,0.55387646,0.94970477,2.2344565,1.0554298,1.3770615,0.7220757,0.6522776,0.15731199,0.20184106,0.5349381,0.5057813,0.8937749,0.4655566,1.3676735,0.333703,0.2119421,0.0,0.9721227,0.5728339,1.3700813,1.2245634,0.73089397,1.5985736,0.5958224,1.5862504,1.2369137,0.09165171,0.8820911,0.8197249,0.6304216,0.78687525,0.62062174,0.8595572,1.2495642,0.89238787,1.5701468,0.8255115,0.0029047502,1.1937728,0.37065962,1.051445,0.0023374078,0.41231832,0.24077286,0.28650904,0.33502522,1.3062313,0.0027736248,0.79969734,0.37697718,1.3728136,1.0526222,0.0,0.66188174,0.6330669,0.63887906,0.8927536,0.6915567,0.25256652,0.25359926,0.7808156,0.33052763,1.2741538,0.82706964,0.56334966,0.10149409,0.56354153,0.22570568,1.3462561,2.5652118,1.3084866,0.10337877,0.2795448,0.7227227,0.26430917,1.495896,1.0799133,0.5025997,2.005945,1.7221081,1.4297146,0.8371521,0.45099944,0.26024243,0.035690535,0.11932584,0.38174707,0.5581278,0.24145438,0.60017663,1.2463939,0.06979604,0.64170927,0.6578781,0.23355772,0.30927363,0.2470105,1.1636623,0.98641473,0.32960504,0.59983736,0.4158507,0.5436683,1.245066,0.34457326,0.49544126,0.28496405,1.0745758,1.8380226,0.4762382,0.47847915,0.8163728,0.23314989,0.22435065,0.08409813,0.6834323,1.26275,0.46439585,0.146061,2.2093768,0.4403737,0.71435094,0.08348195,0.7873512,2.6226301,0.49657407,0.16372563,1.0752666,0.39741966,0.014542811,0.6786779,1.7319112,2.1882765,0.4860231,0.018776515,0.1464877,0.40208575,1.1499827,0.70240253,1.5540888,0.12626149,0.9873819,1.1747514,0.07867835,0.7770295,1.4003893,1.9261094,0.25798437,1.5803627,0.5508316,1.5699774,0.4825942,0.09609012,1.8491269,2.0917122,0.44578907,1.0214171,0.5825827,0.29499346,0.47424397,0.6140477,0.68269986,0.6646774,0.4603333,1.9230283,0.32528546,0.35398483,0.9227477,0.86834973,0.87974715,0.44834572,0.9658259,0.4875622,0.2248173,0.4239231,0.5617336,1.5384903,0.25482145,0.36256668,0.64113,0.39191285,0.35515878,0.5091439,0.9944551,0.18410158,1.1370713,1.0156803,1.5200379,0.29679894,0.027209805,0.52398473,1.1312723,0.9889835,0.32282206,0.7111947,0.36745545,0.2496144,0.69637436,0.57077545,0.8877797,0.3089587,0.25383025,0.28461468,1.1728114,1.4246966,1.2568301,2.367046,0.43479732,0.10845897,1.6400458,1.6150559,0.6160707,0.5578664,0.7758274,1.3278468,0.16047469,1.0740068,0.686337,0.48977396,0.24992672,1.4859647,0.4038707,0.091374785,2.0168722,0.521685,0.53876656,0.03255112,0.38919035,1.5722958,0.5465774,0.16470808,1.5969518,1.229916,1.4138504,0.26505268,0.32935196,0.79526275,1.3882838,0.2682859,0.8635282,1.105823,0.39526916,2.1955009,1.4198706,1.9948875,0.7010644,1.3529289,1.99487,0.57186717,0.48365712,0.35969296,1.1173916,0.8101084,0.46821243,1.3527392,2.560397,1.1116862,0.79065716,0.20329884,0.39178473,0.643186,0.2280898,0.25161132,0.049612638,0.13953237,0.29348835,1.9331223,0.50674754,0.37715083,1.0258446,0.45635313,0.3117477,0.3194708,0.53833747,0.53931797,0.5421693,2.1058562,0.31684887,0.7729731,0.3121315,0.8823476,0.37274107,0.76673293,0.7526897,0.5716361,0.6148371,0.68117213,0.42241368,1.8428687,0.49556613,0.9367223,0.7509677,0.98000115,0.24938737,0.17075507,0.45209548,0.21578623,0.39874858,0.9861772,0.40640634,1.6896943,1.6881278,0.39934197,2.2256904,0.09539091,0.26489758,1.4381973,0.13218498,0.80683774,0.87725794,0.42567712,0.9218367,0.69147843,0.743274,0.22857389,0.14318281,0.49770215,0.042965714,0.18949224,0.14705788,0.38058907,0.71635544,0.42740664,1.5216473,0.45813376,0.013712605,0.08540782,0.81940717,0.64790595,1.2127138,0.34879678,0.7871476,all_pothole_images\pothole_images_enhanced_54feaad49aae1fab9840eb5d48f4b800.jpg
1.6552999,0.75266296,0.46610835,1.3489537,0.3240423,0.28883633,0.29909092,0.6443108,0.21349128,0.9726766,0.008892573,0.97041506,0.523539,1.4095724,1.3155935,0.9941009,0.050726455,1.4410827,0.29440778,0.59233856,0.9280713,1.0688074,1.0007933,2.393759,1.4856466,0.008817251,0.5247342,1.5180321,0.6384832,0.5458659,0.72657806,0.56662923,0.7915653,0.5149701,0.24062832,0.26714694,0.62764084,1.3644782,0.29318833,1.1232628,0.01188276,0.02613724,0.11662846,1.9092463,0.103365555,0.5074769,0.19046271,0.24790995,0.51606506,1.0354962,0.7775905,0.9854104,1.0742325,0.068840556,0.35180905,0.26925218,1.9264547,0.15524223,0.92805064,0.07818583,0.017864188,0.4783505,0.10673032,0.50350356,0.4238144,1.8737886,0.060097013,0.46446687,0.082469024,0.6884354,0.13077411,0.4237346,0.7073883,0.31312484,0.4127314,0.4749293,0.29226872,0.24386692,0.0,0.1202148,0.18916737,0.28107062,0.07780434,1.2591089,0.94653636,0.5020407,0.41780454,1.0958354,2.3022914,0.0037391155,0.10661958,0.16875944,0.073368974,0.0,0.23057392,0.05904082,1.3130795,1.4400342,0.8180125,0.05985116,0.096482925,1.4078914,0.70218563,0.035727687,1.0157048,1.3639288,0.09900416,0.17834963,0.0,1.0727569,0.001663279,2.5001547,1.5051255,0.96470237,0.7955384,0.53665304,1.0263854,0.04999898,0.07083844,1.232332,1.8907639,0.5717566,0.28022236,1.9321747,1.365824,0.7241822,0.5137655,0.30137348,1.9241611,0.040815957,0.4936848,0.04925653,0.34080026,0.31407607,0.16082382,0.4959109,0.01873749,1.4068528,0.70199186,0.0044235415,1.2677801,0.5910258,0.20996846,1.169127,1.0504308,0.7693442,0.33748755,1.7294688,0.0,0.11423688,1.3188243,0.38191488,0.034144465,0.021682588,1.1030946,0.32097277,0.11296318,0.023627007,1.0959322,0.33991712,2.8750777,0.31191418,0.01187077,4.7707653,0.04864973,0.34418252,0.3630879,0.1279472,0.49654356,0.2300204,0.1291097,0.032806795,0.09732364,0.31628016,0.45412296,0.6043924,0.33933136,0.0,0.16053921,0.012258121,0.0,1.9424363,1.5545009,2.07799,0.21892473,0.42220032,0.20081434,0.06395258,0.72761446,0.14399575,0.49328455,0.71124494,0.31971496,1.9776222,0.009973838,1.0834601,0.18644068,0.79733366,0.0088270055,0.7958489,0.42535898,1.8862467,0.12083325,0.9835971,0.91693956,1.4925097,1.6519239,0.74237674,0.93170977,0.8373075,0.00022928929,0.0,0.23997301,0.695791,1.2298824,0.8931041,1.8637568,0.64942074,0.61517024,0.0,0.27760586,0.4872143,1.5465131,0.6485492,0.28920457,0.3929909,1.6462651,0.39990258,0.71034294,0.5858777,0.16227461,0.06442114,0.44758847,0.13449538,0.63504547,0.092592575,0.90060145,0.10405103,0.29681352,0.059638586,0.30379122,0.04399383,0.6256706,0.15519726,0.0,0.0074960636,0.46320647,0.28505707,1.9406601,1.1751788,0.89537096,0.63043094,0.43046835,0.0,0.92975664,0.029576145,1.2931445,0.2289048,0.24251617,1.4702214,0.26967022,0.051734407,0.26468828,0.17421395,0.5124865,1.290264,0.0057627885,1.8721957,3.2369776,0.14415924,0.27796414,0.036355224,0.18054855,1.4982891,0.33796188,0.76314414,0.017369047,0.5830353,0.39747992,0.14790465,0.091952085,0.017532706,1.3066705,0.097050555,0.97602487,0.08898377,0.58376586,0.40679994,0.2001225,0.110565245,1.0754206,0.28226304,0.843039,0.043711446,0.05035324,0.26775974,0.9190959,0.36841697,0.65858215,0.67861515,0.8938167,0.71976924,0.036610555,0.30094394,3.8372622,0.0,0.0,0.009599934,0.42955488,0.3206082,0.29536623,1.155775,1.2216344,0.75435895,0.14193788,0.3221473,0.029492894,0.4060374,1.708535,0.38875756,0.6045859,0.024947906,0.055022143,0.124537565,1.0731447,0.3029645,1.0541834,0.018598689,1.3103997,0.032957822,1.787825,0.14455011,0.039251387,0.15703475,0.055305548,0.64630365,1.8739319,0.44460404,0.027627774,0.2617329,0.36683923,1.1561015,0.64209366,0.07354969,0.36820883,0.0003217337,0.17877127,0.04616585,0.23600137,0.5854886,0.3808068,0.2808332,0.7594878,0.49052233,0.86238486,0.23274817,0.06716981,0.4704679,0.06014321,1.5631776,0.52959865,0.34998664,0.15874071,1.0826766,0.08922243,0.4566695,0.7528539,0.29417887,1.1713626,0.30046704,0.7130857,0.33562845,0.43774745,0.40845996,1.660529,0.146711,1.9451528,0.4300975,0.7024186,0.5776718,0.805058,0.07662009,0.5873113,0.84196115,1.6941228,0.6886987,0.093727596,0.0,0.0,0.35154584,0.23668508,1.6786385,0.60315615,0.38462633,0.030445816,0.55604637,0.66308004,0.22703062,0.1330361,0.18866883,0.4751231,2.2548766,0.19245085,1.8215464,0.0,0.2258746,0.51800036,0.16513182,0.7913134,0.6588675,0.98386204,0.371218,0.05996697,1.4882504,0.1880866,0.23040594,0.52554107,0.29153043,0.8613458,0.05410195,2.1752698,0.778789,0.3758192,2.0749984,2.924533,0.112217024,1.1561733,1.3132406,0.6496874,0.72164184,0.18749765,0.23841919,0.30382383,0.3835386,0.034678396,3.7343924,0.4539055,0.050837487,0.27576312,1.0563469,0.3033594,0.099687256,0.07060942,0.13383305,0.0045796596,0.028846849,0.65361893,0.700981,0.49516296,0.51393163,0.96628195,0.12939288,0.3979494,0.80955595,0.10524751,0.5708189,1.4700909,0.22823323,0.06177275,1.9179217,1.7004508,0.5512914,0.8177458,0.14796726,0.4376265,0.15652253,0.0036905918,0.19389868,0.3728946,2.958344,2.071049,0.60326135,0.0175515,0.4754358,0.57659614,0.26402098,0.0,1.631165,0.031007878,0.5166987,1.2220459,1.6632534,0.49987984,1.5724834,0.07718074,0.14431311,0.17181289,0.2699818,0.98538625,0.23067603,0.0,0.5661149,0.0,0.33090135,0.29845324,0.07955333,0.37707537,0.014306923,0.10691549,0.39035785,0.4496362,3.1455867,1.2073139,0.6225614,0.7017812,0.65135723,0.0056961784,0.3246018,0.017715408,0.43162692,0.23701353,0.26574478,all_pothole_images\pothole_images_enhanced_550d2336b7740560ee7c8597c841391c.jpg
0.990059,0.27258378,0.016553845,3.29296,2.9951808,0.12989855,0.86859035,0.4032194,0.05146838,1.1835485,0.8202185,0.63660973,0.059970573,2.4973402,0.011433873,0.12493013,0.18148361,1.1966687,2.069807,0.2424567,0.6457263,0.72989666,0.30099893,0.31906855,2.115887,0.14081013,0.18455133,1.7231803,0.13397163,0.1095741,0.4893058,0.36937293,0.090928465,0.34469464,0.19186318,3.205807,0.8785646,0.46706825,0.50448656,0.1770738,0.098376796,0.2105669,0.34973124,1.0242468,0.4641004,0.37103546,0.24680653,0.088027805,0.46874097,0.5178708,0.55100876,0.6051406,0.2959676,0.09418642,0.45012918,0.8125985,2.845678,0.7044366,0.34272325,0.2401246,0.338393,0.047168095,0.65317774,0.3325245,1.9715449,1.5772437,0.95042294,0.0014509402,0.36130005,0.40714365,0.26070803,0.053189684,0.85828096,0.72948736,1.1206893,0.15417689,0.22680295,0.8940614,1.4515991,0.5466698,0.056955166,0.26211315,0.16984801,2.5674162,0.10920583,0.23066622,0.41814983,0.4012525,0.5397088,0.38285652,0.35404682,0.012465506,0.7826571,0.10982514,0.008678965,0.0,0.099897586,0.99038696,0.2562022,1.0290334,1.249312,3.1121533,0.15665717,0.0,0.57843393,0.11218046,0.47012854,0.66940993,0.38998234,0.10231927,0.026997184,0.5673819,0.858021,0.4359857,1.5145594,0.50179183,0.1567007,0.055402383,1.5920161,0.7438222,2.3204155,0.35676578,0.78224313,0.45525423,0.9146689,1.7992475,0.8586091,1.1393459,0.33582318,1.9780986,0.34607923,0.1571705,0.2420131,0.34293965,1.450474,1.6233747,0.9819233,0.8916764,0.108460486,0.076448314,0.7451595,0.27387917,0.38925487,0.332444,0.47336212,1.9691521,0.18076453,0.70970744,0.14416532,0.18522465,0.6422688,0.89940625,0.36117116,0.11142189,1.5062084,1.5194536,1.0662898,0.88636744,0.37022913,1.0563052,0.6033417,1.0485317,0.6709045,1.8155253,0.93255496,1.3887395,1.0602242,0.5932896,1.2541769,3.3240674,0.15595889,0.14068142,0.39617366,1.5718032,0.07641682,0.31128627,0.65732867,0.06281311,0.04020689,0.029316751,0.030891882,2.3956475,0.29475972,0.613694,0.80956733,0.2747133,0.05409128,0.86392367,0.35629082,0.55441236,0.39070567,0.13536493,0.3238051,0.22240378,1.3597414,1.1689234,1.2846433,0.20706826,0.6462354,1.5055277,1.07844,0.17326479,1.201758,0.11608719,0.069758385,0.025176879,0.03896469,0.705447,0.6810581,0.704047,0.21927264,0.12306506,0.9752234,0.6312448,3.2921722,1.6801459,0.22308066,0.7877876,1.275305,0.6817096,0.9725304,0.39599493,0.34347254,0.7768519,0.046774536,0.24879958,1.243744,0.18028294,2.9353738,0.3154572,0.015625995,0.32242167,1.7522299,0.12704858,1.1627786,0.22359264,1.8716162,0.03319679,0.61162937,0.7498062,0.1626159,0.13410282,1.6975262,0.58667845,0.8431082,0.03925475,0.80642265,0.3609419,0.3197552,6.1164613,0.39330718,0.53101856,0.036807902,1.0250286,0.06352337,0.05868524,0.6974719,1.6901693,0.65341043,4.1117783,1.7015507,0.39421114,1.3282685,0.12142644,0.11535732,0.15033585,2.9308107,0.103939444,5.0643983,0.08910657,0.52925706,0.58989745,1.6121008,0.009976131,0.23662475,1.6970618,0.15363556,0.368556,0.22828041,1.819561,1.8514893,0.3554886,1.5112258,0.040046982,0.05932834,2.1628468,0.81295013,0.80718195,1.312322,1.214199,0.0,0.0056116628,0.06480284,1.2964336,0.47869498,1.4437053,0.44918403,0.71506894,0.11643812,2.2090726,2.168091,0.03652584,0.7964711,0.12590544,5.020892,0.06788884,1.5172064,0.77735096,0.897102,0.75896996,1.0674884,0.118577525,1.7273761,0.27930835,1.8031423,0.3157052,0.110916115,2.3861551,3.6199453,0.62704134,0.28020775,0.075376615,0.44696972,1.8241061,0.33381352,0.7252526,0.06916522,0.07049386,0.54206705,0.098477624,0.95740116,1.2464811,0.89627945,1.1855112,0.016421154,0.19836336,2.1342707,0.033860803,0.6916291,0.91156983,0.6477493,0.054874387,2.00858,0.9877304,0.4284622,1.321286,0.18130556,0.30314964,1.1806903,0.07887184,0.25676426,0.038660977,0.11064792,1.538094,0.41992632,0.0020789902,0.40619352,1.8238274,2.8451562,1.6434027,0.015792195,2.1865711,1.6687851,0.74255204,0.0,0.0,1.2825555,0.23598346,0.08448511,0.41487044,3.0761232,0.002677221,0.47658864,0.20838718,0.0,0.35324058,1.0196894,0.016836766,1.3730772,0.25372678,1.2895173,0.27097788,0.2871056,0.42018726,1.6395749,2.323093,1.4816484,0.3193452,0.14688116,0.57750934,0.96626854,1.0423248,0.36819625,0.25046593,0.82765704,0.6321569,0.5555954,0.011663018,0.9856103,0.8515223,1.280324,0.71065474,0.86062294,1.0749389,1.2471325,0.1615794,1.6368592,0.732632,0.8133096,0.13619195,1.5286199,0.10912369,0.15464759,0.45758393,0.4160617,0.30461687,0.0060605416,0.31453326,1.7972277,0.0,2.3260458,1.1171069,0.30363336,0.16458645,0.9841434,1.196347,1.078481,0.61363524,0.86901903,1.4092827,0.96648264,0.20987315,1.3787141,0.5887653,1.8863797,1.3546392,0.08970583,0.5795294,0.09863775,0.18892315,0.6344791,1.1787777,0.069276206,0.23914161,0.038511273,0.26231834,0.82450765,0.645921,0.38674307,1.1031282,3.2356424,0.46547067,0.9132203,0.0,0.58399045,0.83193296,0.5617928,0.563592,0.7764847,1.0015192,2.9574373,0.10737832,1.4457608,0.3437896,0.78075176,0.12747078,0.2228982,0.0742446,0.99818856,1.0266976,1.6323818,0.97298086,0.00076096563,1.3817135,1.7482505,0.18490689,0.262279,0.7939125,0.86960477,0.17097117,0.052259423,1.8744917,1.1162612,0.5422708,0.37757266,0.75635076,0.14938481,0.0,1.5711889,0.32835865,0.37477952,1.4128304,0.69723254,0.0030153696,0.34458378,1.1089017,0.43829387,1.2420717,0.40760425,0.78779125,1.8094535,4.0634103,0.30736238,0.37233788,0.32230842,0.7245605,0.9957156,1.1037616,0.0704383,0.54053754,0.18490507,0.5651443,all_pothole_images\pothole_images_enhanced_5520e020bf34cd6d20b4ca409873345d.jpg
2.087989,0.67316484,0.1572671,1.5283066,2.0620105,0.1752714,0.81285864,0.61731803,0.3311469,1.1241691,0.7629799,0.32603624,0.77135754,2.5587454,1.2104518,0.21456924,1.4234233,0.3832131,1.5761045,1.9853019,1.7681412,1.0789797,1.8694277,1.8632966,1.1627687,0.20733203,1.7655368,1.4396477,0.3020856,0.81999516,0.7512105,0.016683878,0.34322965,0.7683375,1.4845036,0.0016212083,0.7822534,0.7399151,1.0591288,0.19985099,0.36335135,0.076013416,0.5551919,1.0934099,0.609118,1.0735885,0.17107028,0.66941786,1.2209005,2.110047,1.5230085,0.6345399,1.1231673,0.2949435,0.35707587,0.88108677,0.51723,0.08190008,2.5407872,0.68790156,0.5900361,0.6737208,0.7388619,0.65744203,2.8697734,0.503893,1.9986137,0.039738964,0.10031058,0.5192226,1.1186076,0.7408819,0.22423677,0.3267106,0.70888406,2.440125,0.21988258,0.14626612,1.4201736,0.14504278,1.802119,0.18936121,0.2382254,0.5116886,0.72288287,1.2040594,0.6612542,0.33346075,1.6329348,0.10346263,0.25146103,0.5318003,3.1141825,0.49216527,0.2754976,1.5424496,1.1263269,1.7674588,0.17304792,1.7795372,0.33956388,1.4370886,0.56872463,0.77334905,1.3496325,1.0114913,0.19233038,0.5757446,0.015251563,0.53595155,0.25113696,2.0726426,2.6984415,0.5220638,1.0107961,0.9579459,0.35291532,0.10500724,0.23103052,1.6944673,1.3610616,0.90909183,0.27185228,1.252198,0.5524551,0.39597225,0.31879538,0.4954623,0.4966444,1.0258313,0.40182003,0.4432807,0.015017042,2.0434294,0.36631086,1.5770825,0.42370325,0.49690673,1.0765362,0.61263466,0.024027187,0.9438864,0.67710656,1.6600304,0.83209133,1.927552,1.0155551,2.4330971,0.07699288,0.10866852,0.8096096,0.17666908,0.35974407,0.26143095,3.3557236,1.9379954,1.7291132,0.10519767,1.2112513,1.4504339,2.0182395,1.03217,0.93316305,2.2896,1.0301516,1.6521375,0.8234568,0.104237616,2.5577111,0.9659097,0.026215421,0.14082617,0.25734305,0.19678402,0.47675735,1.6660621,1.0338776,0.0598435,0.39426348,0.12386142,1.4105984,0.19429813,0.23706877,2.0950332,0.8676105,0.09375118,0.08259684,0.2460883,2.3219476,0.067363195,0.7457405,0.16032255,0.55287975,1.2757599,0.43365446,1.3284062,1.3182952,0.48315257,2.320408,2.194906,0.64691997,2.171094,0.79929364,0.15631671,0.2246282,0.25125304,0.57098424,1.0966713,0.8859482,1.0799598,1.3350434,0.12647557,0.11397465,0.52901447,0.5149842,2.09213,2.9939811,0.08680568,0.9377767,2.626277,0.7772654,0.0493197,3.1986525,1.4551641,0.8900551,0.5038752,1.4425173,1.1924253,0.4718884,2.055134,0.19091862,0.7793356,2.3270252,0.4838912,1.7275611,0.2737431,1.4355229,0.8749757,1.400592,1.1668631,0.5713057,0.21647184,0.13255605,0.22825404,1.1062773,0.19687973,1.2797115,1.0809829,1.2951678,2.4781113,0.7998615,0.1835494,0.7453662,0.61998314,0.8912512,1.7755821,0.013007693,1.1899529,0.17140411,3.7731903,1.6901001,0.5031714,1.796123,0.09260535,0.037851196,0.24683332,1.2076175,0.4775683,0.583152,0.15332118,1.1385036,0.077289455,1.1551847,1.0000839,0.1393625,0.97051114,1.2133269,1.0971389,0.7410962,0.9616148,0.35348922,2.3356912,0.97148514,0.8716668,1.1352683,1.9927567,1.6069819,0.8088758,2.1818876,0.22930619,0.9558933,0.5115046,0.73200756,1.8622754,0.48025545,0.049128085,1.2922735,0.0032151495,0.09149942,1.7319607,1.0027512,0.3556595,0.15378027,0.035130125,1.2405726,0.22893193,0.0034475033,0.07138829,0.21289985,0.38458857,1.8962156,0.7764784,0.6159478,2.0021274,0.32983568,0.26294357,1.9402661,0.22687392,0.15735428,0.055537373,2.6145985,0.38420096,0.3238614,0.96231,1.020781,0.10185379,0.08792369,0.9715646,0.12222027,0.50443465,0.5733239,0.8923397,0.3719484,1.4966401,0.43141395,0.62326336,0.9458996,2.3297331,1.6293789,1.9898214,1.1647629,2.141704,0.8905671,0.46242693,0.5472475,0.4773621,0.6255992,0.26736882,0.33063665,0.17462598,0.095495924,1.4947398,1.6632868,1.0089973,0.9599353,0.76549333,0.67745334,0.5542368,1.6210897,0.80286366,0.89451784,0.40229902,0.14884846,1.0695969,0.029253308,0.1537702,0.93205476,1.2441462,0.43132633,0.58198726,0.114828065,1.5173824,0.28296345,0.32547623,0.6250862,0.67354786,0.30414096,0.097640246,0.09922527,1.9866387,3.2641196,1.0702044,0.24834874,0.48701185,1.2094958,2.0593014,1.5592611,0.5210828,0.6703478,3.556661,1.6935985,1.0320258,0.18386053,1.0417788,0.65527296,0.15670314,1.7707255,0.402822,0.9391916,0.27720714,0.23448613,1.3200823,0.6559132,0.8502292,1.051878,0.98192376,2.4355235,0.6799983,0.4788971,1.5072949,0.31274134,1.3653489,0.3349578,0.62034553,0.15551169,0.48556775,1.6802505,1.5276057,1.661613,0.68748444,1.2474098,3.1545477,1.51553,1.7860912,2.55528,0.76568353,3.9206831,1.694765,2.4053562,0.6237465,0.21258894,2.050009,0.91966224,0.48564008,2.4329963,1.7651123,0.15500595,1.4835114,0.06316258,0.49603736,2.995381,0.77355486,0.71816796,0.26194656,0.005968008,0.7919094,1.1709775,0.6221716,0.61571,0.9050341,0.18670498,0.6551442,0.05098026,0.19581705,0.02864819,0.13365832,0.48381236,0.707411,0.54473567,0.23337683,1.4225395,0.37409133,1.6704152,1.2353542,0.08975927,0.98098284,1.2095428,0.30647886,0.34661457,1.039133,0.20389234,0.0900614,0.4600607,1.0957395,2.7216432,1.1362642,0.4970594,0.2232186,0.0054548867,1.6501893,1.7144394,1.2288572,1.392496,1.109364,0.5396643,0.32555544,0.18281132,0.65960604,0.9963441,0.0072438326,0.24746718,1.4639435,1.1089419,0.17314813,1.0897372,0.0,0.7798157,0.30761483,1.1579412,0.86778617,0.17019673,2.550395,1.0743624,0.6272739,1.1800537,0.2080894,0.95123225,1.2110648,0.0,2.405995,1.6584253,0.56762105,all_pothole_images\pothole_images_enhanced_555f407f389ffbc494912370a9034b71.jpg
2.3717709,0.27584457,0.068397634,0.5903321,0.9864188,1.1216493,1.7849828,0.016969658,1.2414991,0.49790466,0.17857279,0.2487601,1.3022214,0.25973225,0.6083728,0.0,0.4502392,0.7048922,0.0,0.019489313,1.6702785,1.1192076,2.2523646,1.151967,0.48130023,0.11996709,0.850635,2.3909981,0.8372922,0.2849329,0.18442072,0.12391456,0.35205552,1.611406,0.26723045,1.6430646,0.05879671,0.114975736,0.7520064,0.0,0.0,0.06760526,0.43738657,0.2364176,0.27318496,0.029034464,0.064260595,1.1659954,0.33948642,1.2649317,2.2163806,0.57248074,2.2870822,0.42421395,1.4358045,0.11197519,0.66660166,0.34295374,0.9831861,1.3905966,0.06045943,1.24121,0.85376966,2.9275486,1.1273844,0.80656445,0.24346657,0.28836572,0.15505798,0.17946039,0.15339847,0.11757957,1.3310374,0.7272175,2.153401,0.40362105,0.016534308,0.26682994,0.0,0.23533075,0.40686303,0.015822481,1.0034971,0.7693946,1.9788398,0.0012026088,1.176409,1.1849661,0.57474595,0.17379354,1.6244625,0.1586042,1.4297643,0.56582266,2.4192784,0.6816931,0.98738766,1.0235022,0.04837995,0.0,0.0,1.4242395,0.23486862,0.38666487,0.3460742,0.41110295,0.70915514,0.61359215,0.33217177,0.37571245,1.6694673,0.15551282,2.6535919,1.1136101,0.94088185,1.1604664,0.6015984,0.06583416,1.9926515,0.9536945,0.28766325,0.5673743,1.0709505,0.17278624,0.91266817,1.0588228,0.025107069,0.59525436,1.2785972,0.28409505,0.33137256,0.42160127,0.010189479,0.03555289,0.0,0.007144227,0.03667022,0.7321959,0.38520175,0.9599964,1.701567,2.447658,0.3790418,0.5154186,0.14049393,2.721621,0.28243586,0.44758797,0.015624883,0.052100062,1.8197339,1.1030746,0.0053197606,0.0,0.47506496,0.6848755,0.39436483,0.07470785,4.207551,1.0040625,2.3508341,0.8973699,0.16890685,0.41387624,0.43133435,0.18419027,0.24438821,0.39142716,0.72294444,0.5068623,0.041209966,0.3320029,0.035350043,0.11408563,0.5260611,1.0090458,0.27809912,0.07432497,0.13201655,0.0,0.105787545,2.025717,0.10804275,1.4287763,2.173778,0.13123047,0.21337894,0.02544915,0.8639848,0.013745517,0.07511228,0.05671724,0.27534395,1.8942431,0.0,0.9686631,2.8188336,0.4806072,0.39992428,0.49449468,0.011248783,1.964498,0.020032747,0.5032234,0.09307764,0.53217185,0.58703077,0.5242393,1.2399511,1.2228795,0.07004745,0.0014828242,0.0,0.3078688,0.3565059,0.0,0.8753123,0.08960734,0.17083721,0.73951924,0.8196729,0.036939546,1.0170575,0.47852814,0.0031684681,0.02259089,1.3691792,0.44527268,0.8306567,0.0,0.10587012,0.010333689,0.1551394,1.5631394,0.06685477,0.0089790495,0.14895824,0.65086585,0.0066020414,0.020726036,0.008221548,0.020826928,0.53012884,0.09868088,0.032519866,0.19943511,0.68105584,0.21971448,1.9891937,3.4871652,1.9242306,0.13821316,0.101669915,0.0,0.13362333,0.02795194,0.23120335,0.14483608,0.11399391,2.7989705,0.6304287,0.53762877,0.11199119,0.55455333,0.027052261,0.27885163,0.32961583,0.90151477,0.31104252,0.47793722,0.9705466,0.016614508,0.49052873,0.78084373,0.13934804,0.7005853,0.6296976,0.38009274,1.3552797,0.02266783,0.0,0.45673946,0.08736528,0.3895018,0.5287143,0.5758004,0.296206,0.04900794,0.75323397,0.09176554,0.49131095,0.05586868,1.1877757,1.0253251,0.090346396,0.064984664,0.75237155,0.17902853,0.56101507,3.1208873,0.21308844,0.6594388,0.0,0.01996645,0.46789432,0.26305738,0.0011695222,0.06147484,0.074434884,0.48257232,0.4468864,0.9670143,0.7001788,2.604103,0.20777094,0.06160864,0.002528725,1.1725061,2.4831934,0.37567994,0.40495306,0.034073308,0.20677054,1.2685473,1.0323467,0.06420407,0.8529023,0.09291005,1.2273277,0.059049584,0.25023708,0.39035788,0.0,0.3361892,0.011759263,0.15710151,2.4717748,0.023852523,0.5559784,1.1508951,0.5042965,0.41345295,0.7685978,0.32808787,2.8177135,0.5890409,0.1917735,0.051376265,0.20476885,0.08813564,0.61356145,1.7442007,0.8682287,0.8034628,0.48362547,1.0455843,0.5243921,0.47334403,0.3845538,1.7641271,0.57754326,0.02542162,0.31087804,0.4769955,0.0,0.27272552,0.42795488,0.19655311,0.6845635,0.19751148,0.030287758,0.056763425,0.34884167,0.6220846,0.16685183,1.3809081,0.10276993,0.3532021,0.5135549,0.83557206,0.14071016,0.0,0.27609813,0.0,1.5573282,2.9481418,1.129148,0.009996992,0.0049774786,1.2907196,0.014864667,0.95896786,0.47950646,0.8751043,0.005908849,1.1336391,0.087428205,0.46825323,0.011997295,0.6578668,0.11412667,1.3962002,0.012538101,0.029290676,0.6243175,0.081638254,2.2154052,0.08215819,0.086333,0.68240565,0.45868745,0.19111757,0.13993171,0.043625996,0.36080426,0.3323807,1.2683355,0.5446919,0.607327,0.0,0.79948246,0.76432145,0.043635786,1.1032716,1.2813741,0.1117846,2.258926,1.151941,0.30163583,1.521491,0.061219078,0.15181395,0.16868916,0.01706583,0.15321039,1.2069153,0.61622465,1.2908337,0.012536968,0.664488,1.2141525,0.0,0.009935943,0.63765115,0.094202295,0.019272415,0.2247232,0.8990128,1.4700029,1.0556142,1.1005251,0.43538868,0.46935412,0.21064481,0.15728188,0.19561392,0.38972172,0.13256253,0.018205648,0.5675594,2.1362424,1.1899179,2.485801,0.25796348,0.66475475,0.15176125,0.07581294,0.13178986,0.060128167,0.43150166,0.17545186,0.11160718,0.033246666,0.045562997,0.25124943,1.1293072,0.0,0.118130416,0.005615942,0.9899052,0.6256134,1.1176577,0.06025618,0.18695216,0.54715705,0.20622739,0.09939894,0.21085815,1.7274528,0.0,0.05050707,1.3747193,0.010717984,1.091733,0.094615,0.054172933,0.2624654,0.024045395,0.03241049,0.27091855,1.3518744,2.5861447,0.19037719,0.7837279,1.7877471,0.5645192,0.9132577,0.021142315,0.4063917,1.7112424,1.5174205,0.13360839,all_pothole_images\pothole_images_enhanced_5575a11733f691e86668b088d1b35c5b.jpg
0.08977121,0.2884863,0.12459916,1.4913691,0.018154366,0.29684922,0.5423586,0.01212859,0.50437367,0.01445981,0.14278379,0.24674848,0.2865281,1.3387513,0.03415028,0.019497069,0.21031177,0.8720493,0.19849555,0.00062448543,0.8491305,0.021775506,0.55264705,0.6929905,0.58839536,0.11296508,0.9337387,1.4466177,0.18557891,0.31949595,0.19541089,0.27075338,0.012030677,1.3794832,0.09941556,0.107402645,0.093785286,0.29649022,0.61551917,0.057652637,0.0020673845,0.09082195,0.13841088,0.3524777,0.15214235,0.12243013,0.18182889,0.27888438,0.0072574723,0.1497513,0.0,0.65060115,0.11780009,0.06458834,0.47540832,1.0636564,0.64641994,0.47471634,0.09339926,0.25116444,0.01122448,0.31894025,0.53184086,0.2530786,1.5328926,0.87585956,0.7565586,0.16344756,0.07515578,0.0,0.50666565,0.012102533,0.44258365,0.12883602,0.39771435,0.0,0.07412488,0.19810574,0.0,0.002047473,0.057997815,0.27431422,0.7383444,0.4663627,0.19579308,0.045170117,0.013553888,0.21699138,0.50591445,0.38173598,0.65842664,0.42085764,0.31706023,0.31422934,0.5532037,0.2913441,0.06534985,0.26968786,0.032917775,0.09301272,0.5020407,0.7554376,0.2510854,0.100277536,1.8682368,0.5274992,0.19345503,0.043575373,0.44617677,0.999793,0.4285054,0.22883824,0.5752299,0.98047495,0.4294457,0.24923281,0.07617233,0.54932255,0.431494,0.117083155,0.550532,0.48821718,0.08525425,0.91657704,0.91958773,0.061837934,0.41082394,0.2375571,0.29017332,0.4528514,0.27607706,0.09573962,0.0,1.0082633,0.098609224,0.12477223,0.18573157,0.1802432,0.11207956,0.14844544,0.8149494,0.41879708,0.30693716,0.3810543,0.15795274,0.29443017,0.090014085,0.016396683,0.35024846,0.16389003,0.035068035,0.007801203,0.043145135,0.14774084,0.59034485,0.12515584,0.45702425,0.60622096,0.6069757,1.5782628,2.5513744,1.6180654,0.014439198,0.8555988,0.67910534,0.05657316,1.1110572,0.22576158,1.1218821,1.2735329,0.09431452,0.40808323,0.078837216,0.032313112,0.12842858,0.8206839,0.022681888,0.0,1.5227168,0.12073865,0.0,2.2614074,0.44782847,0.40627837,2.1061704,0.4660434,0.20127599,0.042057592,0.409706,0.39597335,0.13636655,0.40133122,0.7153739,0.5880445,0.031112833,0.046874776,0.48020047,1.332877,0.40699118,0.35275128,0.062134158,0.4094479,0.05827164,0.13522808,1.0186607,0.21534272,0.45762423,0.001082682,1.8653069,1.8836218,0.0,0.08991481,0.02074491,0.033892117,0.66012067,0.48821124,1.0067514,0.21427472,0.00023911751,0.06231191,0.20007044,0.031034082,0.6852527,0.0,0.0,0.025448468,0.26341423,0.003338534,3.9744763,0.14019002,0.050854575,0.0,0.058976278,0.20096555,0.0,0.0049159597,0.56131494,0.4039953,0.1096578,0.03652205,0.08176122,0.07240209,0.04769621,0.175301,0.0042217053,0.066660255,0.69074935,0.29749656,1.5852525,6.3965616,0.27100855,0.14769195,0.0,0.0,0.07192441,0.49967527,0.07992894,0.3942667,0.070062324,0.95639086,0.5914477,0.34604928,0.013706947,0.1500668,0.054979578,0.6015723,0.15445538,1.4030637,0.16363116,0.07113558,0.059744883,0.05758637,0.63425225,0.8603095,0.058805108,0.9852983,0.2344929,0.5661216,0.07779981,0.02933993,0.7735866,0.014352961,0.33799288,0.026841229,0.028894547,0.6169086,0.46783924,0.056102607,0.29878595,0.12820317,0.0,0.048703652,0.0,0.89193445,0.09435243,0.5833397,0.5913321,0.087889545,0.0018502277,4.878552,0.71114886,0.18989083,0.015115759,0.0949736,2.831579,0.0,0.20547329,0.0,0.031909164,0.008248554,0.28101376,0.89281905,0.86333674,2.843699,0.2564607,0.030779473,0.9655598,0.9249591,4.051431,0.28861332,0.9577362,0.0,0.063868865,0.3178467,0.007903953,0.021679822,1.0029974,0.0,0.10870902,0.0,1.6280993,0.0038313642,0.42537197,0.00843869,0.0,0.0,2.3544016,0.00085248996,0.72359157,1.5307366,0.22828974,0.32069835,1.8762398,2.7659283,0.7431474,0.17900683,0.090946764,0.7239124,0.34323204,0.011043143,0.2720481,0.15437281,0.01848022,0.23827179,0.021563223,0.39471802,0.0,0.12579909,0.10100973,0.6590526,0.94929516,0.27201834,0.8301234,0.3845042,0.0013487117,0.013759579,0.29823828,0.0790306,0.82830495,0.108928785,0.012150125,0.8476133,0.19773851,0.027163062,0.26998726,1.4533769,0.3550448,0.07054203,0.6662328,1.2956284,0.26143655,0.0,0.06647181,0.0,0.4048888,0.78351843,0.2753831,0.04567286,0.0,0.3130321,0.42244592,0.24801622,0.03096754,1.0679584,0.0,0.88768065,0.27030677,0.52015364,0.09260041,0.23371136,0.22671498,0.9446707,0.094924256,0.0033065071,0.6415947,0.0,0.23705003,0.27743694,0.33005643,0.67220396,0.098365515,0.98863757,0.22323465,0.04063201,0.011669351,0.4537014,1.7462662,0.20716941,0.6599823,0.008037408,0.18970174,0.3865752,0.09359774,1.1935036,1.2211558,0.19979171,3.2309837,0.0033224863,0.25668564,0.081480965,0.34627765,0.1477818,0.18056183,0.6473078,0.29385543,0.006568878,0.0,0.7550821,0.5115364,0.10684957,0.030066723,0.14308235,0.022007588,0.00788393,0.02061708,0.07332496,0.16059881,0.03477016,0.6673254,1.3968261,2.4477239,0.11724565,0.8991074,0.18977022,0.073148414,0.2087532,0.031207725,0.014677585,0.0015770124,0.2731245,1.8559844,0.4250809,0.50598615,0.15204798,0.18979771,0.01746672,0.037544478,0.028181778,0.04383435,0.25963426,0.96871096,0.55325085,0.023033852,0.01203624,0.6028091,0.21064007,0.1649117,0.11649909,0.009400589,0.0019106007,0.50502485,0.050691895,0.35985455,1.0354019,0.7184733,0.080167316,0.0,0.03354579,1.096437,0.0,0.103940204,1.0508153,0.1124362,0.271384,0.05482369,0.0,0.17282525,0.0,0.00030142008,0.13985707,0.42430076,0.33310992,1.4860802,0.6008268,0.55042326,1.9302741,0.890348,0.09124276,0.0031210214,0.15900941,0.415233,0.35197034,all_pothole_images\pothole_images_enhanced_558a9fcc5a58377ba55708608f01085a.jpg
0.27849424,1.2157775,0.4179715,2.868261,1.6017889,0.15618813,0.3218844,0.037238564,0.44553673,0.56678164,2.0310159,0.4844274,1.3336484,2.0577972,0.10362906,1.5454276,0.040227793,2.5860534,0.53081053,1.0766666,0.1116616,0.68474865,0.26649967,0.433711,0.87574816,0.45781067,0.14370927,1.8392487,1.389876,0.50759536,0.22016723,1.0803735,0.13981164,0.7439018,0.0035331857,0.8181947,0.5356637,0.52529705,0.5052493,0.58102477,0.07230348,0.15693057,0.53780997,2.259382,0.6850849,0.31051242,1.2723343,0.041284025,0.8638224,0.109950684,0.5588128,0.57731795,0.26145884,0.36060148,0.15998036,1.5772351,1.2847549,0.772372,1.6810247,0.35553333,0.9029068,0.45376244,1.697486,0.3347157,1.0382497,1.2418219,1.0513372,2.809604,0.016316684,2.438581,0.6649274,0.03526167,0.54420036,0.72390777,0.30626458,0.37235647,0.31344375,0.9901568,0.34343705,0.61254907,0.0,0.022329189,0.48131007,1.515833,0.13639398,1.0179087,1.4700283,0.12159513,2.422565,0.4754377,0.10471331,0.6912694,0.18616602,1.3633616,0.29788157,0.7352056,0.4979979,1.4328803,1.1664056,0.9461662,0.858898,1.3954544,1.4673421,0.14658825,1.2455907,0.013026755,1.1241751,0.20295532,1.0239733,1.1201879,2.6086571,1.399444,0.05985473,0.4328208,0.91924363,1.0307775,0.57885724,1.4882398,0.70412964,1.2074366,1.5554881,0.25289205,0.41099706,0.59383214,1.5131655,1.8464199,0.64153224,0.40661165,0.86186767,0.3403399,0.69968706,0.21614322,1.1615155,0.19140336,0.2083657,0.54808134,0.75006384,0.86579996,0.17851596,0.41226593,1.7391849,0.96657467,0.8407852,0.30859607,0.5779483,1.3209188,0.0010298406,0.6146386,0.22340335,1.5345639,1.5017142,1.3923349,1.9101695,0.91300225,0.7933289,0.318866,0.30543703,1.5018158,0.675292,0.20114754,1.7249756,1.7572908,0.06788293,3.1837828,0.7632646,0.05422264,0.50984293,1.7607546,0.4133731,0.7280938,1.0323325,0.32870075,0.43029147,1.540823,0.91212946,0.35465887,0.33440676,0.5319132,0.6169479,0.27859315,0.34492594,2.2249594,3.283951,0.7828855,1.0295699,0.54428315,0.40763554,0.029126752,1.2726724,2.2260091,0.35060704,0.030038962,0.16520025,0.8701363,0.037408184,0.008555322,1.6315166,0.26514414,0.084690906,0.2091465,1.2638221,2.7146697,1.2629762,0.21855208,0.6550469,0.2655082,0.78205264,1.1561277,0.8095959,0.96944237,0.04221746,0.4306107,1.0439676,0.15408178,3.2339046,1.6520286,1.7480258,2.4102037,1.7738781,0.80426556,1.377362,0.40066007,0.33049142,0.42355922,0.26802638,0.70967394,1.2586762,3.174811,0.9758403,0.6194076,0.6673737,0.65156907,0.9069998,0.1342463,0.4213983,0.11581288,1.5073507,1.0543993,0.09499201,0.5678771,1.5274096,0.01342493,0.68471134,0.14169881,0.13485318,0.5014286,0.33747157,0.06878376,2.0772943,4.227875,1.4094397,0.154535,0.25747907,0.32610896,0.43957537,1.256006,0.6489892,0.8159203,0.36418265,1.4027314,0.72225374,0.40846276,0.6631721,0.13944079,0.5038314,1.4342011,1.7553545,0.6167025,0.8054518,0.09771431,0.05653765,0.1973622,1.2649341,0.6475527,2.5205042,0.9701206,0.061978694,0.33531398,0.78779525,1.744692,2.07027,0.45282915,0.6413632,0.7825563,1.3542598,0.5806123,0.512088,0.5672268,2.1466348,1.6179613,0.34653065,0.91909903,1.6762954,1.2771611,1.3828685,0.6862623,0.60638416,1.0803319,0.22825706,1.240794,1.2694,0.24921966,1.1786059,0.45110378,4.2891703,0.1955447,0.34912425,1.2037848,0.51495486,1.3071653,2.731756,2.5050445,3.480054,0.65777546,1.4612514,0.55645144,0.70004624,1.1295835,3.9467149,0.23966579,0.31328568,1.5952443,0.66966325,0.71462816,1.3982184,0.66819215,1.3930018,0.0067568035,0.45202395,0.17909922,1.600118,0.328564,2.4686158,1.7240556,0.24668585,0.0857857,1.6560109,0.8713585,0.5835447,0.65848416,0.2541626,0.51544666,0.28373903,0.5609979,0.24095066,0.061316937,0.62299687,0.5583773,0.2879064,0.5423516,2.442303,0.8175133,1.6485683,0.29005712,0.18096046,0.2763958,0.391818,1.5360222,0.76268095,1.1926224,0.35480982,1.0052371,1.2303995,0.21468544,0.14237994,0.042984407,2.256695,1.3868947,1.7729605,1.05189,1.5372031,0.68555754,1.0932312,1.685457,0.7616516,1.4403796,0.08928358,1.5448941,0.11326498,0.57016855,0.83384424,0.100883745,0.49574664,0.19588013,2.0169313,0.6289887,1.5449378,0.07334778,0.32017472,1.6965003,0.16203648,0.66383713,0.74532014,0.47431636,0.27474916,0.5577828,1.0291272,0.31152266,1.1881088,1.000177,1.0700861,1.1674329,1.8636408,1.2345752,1.3209797,0.10524089,0.17373653,1.5399731,0.052861374,0.3380849,2.5362732,1.6295751,1.0232164,0.31768462,0.61810666,1.1565175,0.8562549,0.34612405,0.57273346,0.015814785,0.4603797,1.7025158,0.58123684,2.1547432,1.9516354,0.49575087,0.75234735,0.06345637,0.60711724,0.7799488,0.7102909,0.6524363,0.66830504,0.7641942,0.21080275,2.7380452,0.2569578,0.14504696,0.15077718,0.10664569,1.6917976,1.3298861,0.17258246,0.7393125,0.098261654,0.34034795,0.45836973,1.2579813,0.12499192,0.33413938,2.5151217,0.48827353,0.29110473,0.63235074,0.89615834,1.6368084,1.1533682,0.2991361,0.49384212,2.4378977,1.6432822,0.078190416,1.3908203,0.2117865,1.1282414,0.4574589,0.57624996,0.05464694,1.2608862,2.5812366,1.077777,0.40612355,0.19793965,0.56997377,0.40811282,1.6529582,0.2903687,0.8052895,0.7418585,0.15793048,0.9379263,2.122755,0.9306995,1.8576162,0.006408587,1.284145,0.7548958,0.7446496,0.94258475,1.0509566,0.34820673,0.7666707,0.24257733,0.86464435,1.2816875,1.5010581,0.07527388,0.051824305,1.4998344,0.040028755,0.8418136,3.4428082,0.15247586,0.6913244,1.3696005,0.16882534,0.1974726,1.1385589,0.27131367,0.93043876,0.16472183,0.80617255,all_pothole_images\pothole_images_enhanced_55ce31a1a84e3b6efaa96f553635fa1d.jpg
0.67610353,1.432372,0.18509413,1.0202081,0.022490691,0.32707003,0.13406369,0.02788476,0.024846816,0.5085327,0.07476622,0.372473,0.21609744,0.15580845,0.3061681,0.11249387,0.17565149,1.1533575,0.00834979,0.061526082,0.11897261,0.62344706,0.49227932,1.0230758,0.21513341,0.5159441,0.5696473,1.2824916,0.15977646,0.28562582,0.28443173,0.009832724,0.2171223,0.8558513,0.21007068,0.36650008,0.27618015,0.32609576,0.12995331,0.022537258,0.0051942626,0.3261697,0.20958851,1.6553073,0.19868463,0.101274684,0.16323341,0.7515686,0.15833199,0.23799902,0.16886705,0.045473658,0.27001894,0.0,0.04262762,0.5301108,1.0685592,0.26270953,0.43211892,0.08172086,0.0059710504,0.14269632,0.35971454,0.26747116,0.9073215,0.4715331,0.41139832,0.029358787,0.13328026,0.18465832,0.047920104,0.16324514,1.0150458,0.15308258,0.9843608,0.057143122,0.0876628,0.2488159,0.0,0.0006628934,0.07376824,0.13218684,1.132668,1.3182876,0.2292314,0.08620149,0.14205311,0.17731783,1.1439077,0.22044984,0.20445529,0.41458014,0.1354268,0.11878856,0.526688,0.4436011,0.02779839,1.3727435,0.3658751,0.0,0.18934911,0.15506302,0.06809904,0.40988883,1.3162664,0.49043328,0.15215105,0.0029029362,0.2449658,0.31824645,0.10376344,0.028556386,0.58602315,0.7391431,0.46140066,0.14610685,0.19469903,0.0009804767,0.72154766,0.23043321,0.5630113,0.22792536,0.11220886,0.80737287,0.45811453,0.6532214,0.027562143,0.13911572,1.3812364,0.42528024,0.46906453,0.22989741,0.015464556,0.041810382,0.31194338,0.23426943,0.09790119,0.6512891,0.49619174,0.09899074,0.4397995,0.53938264,1.3873612,0.70846105,0.07361676,0.49731693,0.0,0.3229808,0.011080365,0.5106468,1.1840684,0.10768443,0.1951787,0.21341415,1.248509,0.17479213,0.30117992,0.22628506,0.4461611,0.31006342,1.3745332,1.1248528,0.5806441,0.17517522,0.9128116,0.047530357,2.2404723,0.29774264,1.1135639,1.1501809,0.16613908,0.04883009,0.0,0.18336101,0.4627659,0.7589539,0.43141657,0.153459,0.53585607,0.40060347,0.018874297,0.07209785,0.6735799,0.066010214,1.6324584,1.4841392,0.21407907,0.08007173,0.19135015,0.41982287,0.34801418,0.47651213,1.0605215,0.72995865,0.054347437,0.0,0.42895952,0.73318774,0.13821968,0.2587259,0.016277945,0.20634943,0.0050769234,0.09550503,0.15770185,0.8387479,0.4594448,0.111190505,1.1206917,0.43783143,0.0,0.2852883,0.16943684,0.13999805,0.7300873,0.39287248,0.6406138,0.43623227,0.11333686,0.12498433,0.19640811,0.078539446,0.17884238,0.079069406,0.0,0.018473588,0.99922985,0.034669112,2.927106,0.0042797946,0.117025964,0.027359843,0.22632633,0.3470543,0.047343366,0.040991187,1.1670053,0.085847415,0.020540431,0.17806964,0.054803576,0.53795403,0.1980458,0.70109636,0.30213335,0.084692605,0.71609986,0.39531225,1.1871696,4.693758,0.1833858,0.2096049,0.0,0.0021774226,0.18065898,0.25872102,0.88847196,0.13444932,0.013438367,2.121027,0.08781654,0.1178959,0.06797255,0.21169105,0.14124107,0.61993307,0.1946974,0.70128477,0.9126959,0.034022924,0.3730872,0.28506804,0.109825745,0.113332376,0.35249802,0.63358176,0.08274534,0.21938089,0.42337486,0.12127053,0.9773992,0.087768845,0.5281704,0.4026968,0.15575813,0.39486438,0.30364892,4.1534706e-05,0.41430858,0.04655382,0.057840385,0.4800058,0.18175921,0.400648,0.14375499,0.15545917,0.19437234,0.57934546,0.4959863,2.2310832,0.3721833,0.74698967,0.0,0.004172565,4.5204453,0.09059357,0.19605847,0.07487582,0.15224421,0.09539895,0.20459037,0.6002952,3.162016,0.49387795,0.23532271,0.03745245,0.46263838,0.2207924,2.7806838,0.11615901,0.83862615,0.15677954,0.038544536,0.4866375,0.029051928,0.43315163,0.87766,0.0,0.8129532,0.0,3.9081028,0.120453715,0.07539889,0.07559645,0.0,0.027699804,1.5757611,0.26259327,0.2024322,0.1275843,0.1601812,0.27883586,1.0568241,0.7888472,0.41782203,0.28220713,0.03195014,0.66080713,0.019313758,0.14107496,0.21518295,1.4299179,0.0,0.09991023,0.20194867,0.48110402,0.07987322,0.3814676,0.020483116,0.3536988,1.1468146,0.91910845,0.4906994,0.052308407,0.19634132,0.07783729,0.9425969,0.048145965,0.361486,0.7092878,0.42769256,0.31741434,0.37612736,0.07365704,0.39795977,0.32017794,0.21059787,0.025261931,0.18697189,0.6534356,0.07909189,0.049005207,0.26064745,0.8944799,1.5814927,0.5192004,0.47603843,0.15006186,0.001721866,0.26966682,0.005103234,1.2378047,0.060878374,0.6119128,0.016542368,0.0908673,0.8882058,0.92149556,0.66690177,0.3079224,0.37213328,0.69553846,0.51479256,0.1381597,0.21329215,0.04090816,0.9031711,0.5635449,0.42242384,0.3288962,0.17328218,0.95075554,0.016856134,0.059060518,0.46221596,0.08866895,0.5147611,0.36012974,0.3978484,0.21842736,0.51220554,0.24147578,0.10644955,1.6387459,0.53270954,0.033822533,1.2263399,0.38271692,0.09501868,0.0811294,0.41366336,0.35647187,0.71446025,0.47328725,0.0065244404,0.8589524,0.01065029,0.37762412,0.083055116,0.03785632,0.16244271,0.026207734,0.2070653,0.080704235,0.03799901,0.038349364,0.26806715,0.6104265,1.1966573,0.59871256,3.763175,0.026924575,0.1905927,0.24126692,0.2076766,0.1697455,0.023584506,0.22684212,0.12707531,0.55287397,2.328765,0.3748436,0.76832175,0.20931742,0.16726114,0.0104224505,0.09987218,0.013148441,0.30935743,0.51617724,1.4181536,0.30099237,0.014660459,0.0125937695,0.17475656,1.0692172,0.055076648,0.54936457,0.0028140678,0.034884386,0.18795723,0.062770955,0.50497746,0.20344776,0.078759484,0.21733484,0.19499165,0.15781428,0.53718346,0.036287554,0.5297962,0.34302145,0.031687435,0.16477892,0.012205452,0.23727584,0.00661845,0.010434842,0.2080574,0.11726842,0.13372806,3.3620517,0.12505041,0.2094602,0.031840503,2.1041746,0.856567,0.15857178,0.022884225,0.40554792,0.022739628,0.22230397,all_pothole_images\pothole_images_enhanced_55e2f367b146530536535e53697cbf27.jpg
0.65677595,0.3633161,0.1480736,1.3119451,0.5550492,0.1681752,0.6247378,0.30235302,0.5976995,1.1410193,0.13503589,0.8717334,0.16057049,0.9358254,0.049491208,1.3234301,0.19000557,0.8737008,2.0655923,0.14975493,0.21099164,2.0526447,1.4490526,0.6665314,0.712214,0.093826205,0.13484962,0.7053665,0.035889223,0.026824428,0.14538544,0.40321013,0.46626985,0.351537,0.23603097,1.4005084,0.0,0.54138803,0.4008222,1.1593634,0.0,0.053141817,0.08159736,0.11222183,0.6421581,1.0763816,0.0783126,0.074930124,0.33380336,1.1527706,0.46098104,0.40207726,0.3929539,0.40146017,0.28592834,2.1986828,0.59519196,0.44042084,0.8203409,0.1321559,0.018812772,0.066232905,0.08048454,0.54309744,0.2858578,2.6932547,1.0841082,0.22519189,2.0728061,0.41490546,0.16075942,0.17434889,0.06371054,0.038820352,0.3176218,0.4230759,0.0622684,0.091202825,0.0,0.07994339,0.0464814,0.6715905,0.44011664,0.78739303,0.956745,0.24593462,0.14073354,0.34380037,1.4227955,0.32828265,0.08467046,0.23871088,0.068812445,0.136135,0.087097965,0.025725242,1.5234976,1.6217992,0.0,0.35187593,0.11951825,3.0647063,0.13517153,0.019145306,0.118550785,0.63094014,0.13034153,0.24433322,0.06684354,0.9702704,0.08385618,2.2331135,0.33454156,1.4662341,0.26697898,0.2926884,1.1288589,0.055792496,4.839573,1.5940953,2.028779,0.37385184,0.30771127,1.5744519,0.20187911,1.639619,0.39970937,0.76899135,0.13259362,0.012934627,0.7873729,0.0,0.14735219,0.45200717,0.027722899,0.765566,0.1666048,0.7574171,0.6926082,0.11575009,0.35774797,0.063600115,0.11068989,0.71007466,0.0,0.52842355,0.14339876,1.6223187,0.80749214,0.42608833,1.0392448,0.4004826,0.03040279,0.0,2.4659464,0.8299581,1.1803575,0.10472782,0.2988382,0.02728403,2.154658,2.1321888,0.0,1.4764111,0.021463143,0.5099917,0.718191,0.11663464,1.4889582,1.3517402,0.0981194,0.03764785,0.0,0.24750713,0.9035431,0.14998697,0.0009624136,0.0007657883,0.18691175,0.046472277,0.092125036,2.3243089,0.71676165,1.6982526,1.0191907,0.40034428,0.41931903,1.1795145,0.7871081,1.9320132,0.22322938,0.21846688,0.008485438,0.76765347,0.25634313,0.6339058,1.2515087,0.64587826,0.79951537,0.58002734,0.35873517,0.84788245,0.99725187,0.54316443,1.3251064,0.17356142,0.6260845,0.9966813,1.9456327,0.32644475,0.0968341,0.07602505,0.8950906,0.8811906,0.83307797,1.4329429,0.6300001,0.20701246,0.40866885,0.045464072,0.030633684,1.2546575,0.49904725,1.246846,0.066401444,0.39202553,0.4668648,0.0,0.82768327,0.22546901,0.0,0.20107627,1.2015096,0.087749004,0.9033827,0.0016965483,1.5697149,0.0861804,0.034088563,0.15795404,1.0238466,0.52463806,0.12730484,0.58396727,0.16750549,0.026421834,0.94388974,0.17050107,0.09329885,4.5844426,2.9460423,0.002235768,0.24846263,0.22643289,0.006171731,1.3087118,1.661755,0.34401897,0.38733461,0.9707537,0.0069947885,0.0143913785,0.48141867,1.9030645,0.10808916,0.8560945,0.35044283,0.01659952,1.5414557,0.016417501,0.092322074,0.08036475,0.032885786,1.3409027,0.63769513,1.0539876,0.43382326,0.19115296,0.16331679,1.3405181,0.2922681,0.33625785,0.6116056,0.0,0.34787595,0.228155,0.86705124,0.7550346,1.0592701,0.5268486,0.6713787,0.25239936,0.1685482,1.2826637,0.09686828,0.0727152,0.61048096,3.3067474,0.2734716,0.77964705,0.38708067,0.08510231,0.27567166,0.55009913,3.037618,0.6309719,0.3348882,0.3623947,0.18792766,0.095794305,0.6953421,0.41504696,2.9398582,2.0984335,0.63971055,0.43366084,0.0,1.2243688,2.9240427,0.049967784,1.1589919,0.0,0.076380946,0.12705263,0.35242668,0.18179725,0.04156466,0.17727368,0.4285608,0.016966583,1.8662816,0.08226054,0.18950151,0.0,0.21852033,0.65254617,0.82058966,0.02591865,0.0898588,0.11415857,0.990254,0.24482748,2.333603,0.47017452,0.059486758,0.6783408,0.089863844,0.010310813,0.0056746504,0.29992986,0.28921092,0.968153,0.19158772,0.113784164,0.27854005,0.7172282,0.004628077,3.0868595,1.0628371,1.6816806,0.4404956,0.70104635,1.010453,0.013952692,0.14455797,0.6822175,1.1812817,0.02378455,0.19036204,0.25676137,0.5697273,0.27132446,1.284366,0.034047622,0.8999917,0.6226207,0.22381718,0.31931356,0.6787886,0.17701107,1.0754775,0.027738253,0.2898335,0.36310425,1.9752833,0.32759693,1.7009385,0.0,0.8525445,0.9635006,1.0098644,0.54284614,0.015778443,0.6091487,0.014171074,0.0,0.67295897,0.83858806,0.33847213,0.26366642,2.8054945,1.6272334,0.347493,0.23714086,0.27199522,0.28249055,0.30158678,0.38584915,0.114949085,0.04289421,0.3902064,0.26901662,0.12936231,0.5428661,0.0,0.09570414,0.90550995,0.005399951,0.31879494,0.08661347,1.4661288,0.24199857,1.6753484,1.7666728,1.5095302,1.1337959,0.36439374,0.7488076,0.07999641,0.6971675,0.47918627,0.31764144,0.74661595,1.2258022,0.3470173,2.2644,0.79783684,0.13694212,0.24657737,1.2232841,0.05953029,0.47788027,0.40496004,1.0126505,1.6355842,0.42247313,1.4033084,0.48855922,0.0,0.5898532,0.58258677,0.51575243,0.37377933,0.113832235,1.402596,1.0894432,0.8589035,0.40843415,0.8667881,2.2291677,1.2028016,0.42065927,1.468599,0.11357486,1.0292333,1.0564519,0.035087798,0.009432499,0.42204076,0.8269122,0.08297215,0.65790355,0.07869173,0.87147886,1.5037701,0.0,0.13285556,1.9322796,0.108833,0.31703562,0.52312136,2.942797,0.39824963,0.02321542,0.043168623,0.5953868,0.29502106,0.23293817,0.94451886,0.052004345,0.48549873,1.5603414,0.0033942412,0.010415209,0.17865635,0.018493323,0.021103026,0.30083704,0.34863517,1.0157415,1.6355592,5.0283976,0.4262615,0.084804624,0.5919713,0.460222,0.22317432,0.48082736,1.0072504,2.2896147,0.26088628,0.2652992,all_pothole_images\pothole_images_enhanced_55fa0d9ce528ca3af75c257d44f3cc59.jpg
0.577566,1.9553518,0.22728533,1.1383356,0.84743387,0.17474672,0.5779149,1.0840535,0.027498206,1.8327668,0.42039514,0.2996767,0.17362502,2.683997,0.018585633,0.47912332,0.23637968,1.9425447,0.13168684,0.41338596,0.053390473,2.070955,1.1649541,2.9991643,0.4369816,0.13750543,0.3124158,0.74206084,0.032553874,0.5202869,0.6975929,0.72070295,0.9789981,0.09529318,0.8169697,0.26029623,0.054589525,0.26141876,1.4663169,1.020609,0.04102078,0.25103357,0.27581424,0.07542003,1.0036926,0.26783293,0.003921241,0.0,0.43547365,0.42093316,0.8765786,0.7263645,2.5023756,0.032121513,0.0,0.34615186,2.0345907,0.92226094,0.86886644,0.8110873,0.3640132,0.09679051,0.22581038,0.06720646,0.12080245,1.8458585,1.228863,0.9053206,3.1930883,0.104382105,0.20233096,1.486925,0.0038223905,0.002704808,1.3141464,1.2881411,0.110057235,0.16600935,0.252105,0.010328765,0.05202481,0.4096766,0.22552131,1.7276261,0.2169938,0.20833632,0.6554433,0.027389042,1.7907192,0.01588648,0.5149089,1.850622,0.32598838,1.5733144,0.015174464,0.019275615,1.3228713,0.53699666,0.0,0.20565653,0.55005467,1.3588848,0.3835734,0.8162102,1.63088,1.4815768,0.09336595,0.14333375,0.059065964,1.0987757,0.30083779,1.5388302,0.66705436,1.1151196,0.20508367,0.47322872,0.5188231,0.27134478,0.16276619,1.1824299,0.75953394,2.061038,0.34073895,0.94607365,2.5022476,0.62632275,0.0005750197,0.1606641,1.5924212,0.13295983,2.4759803,0.081902325,0.011013873,0.19276947,0.27815148,0.6986766,0.0008748306,0.99926925,0.50115097,0.0851169,0.34780777,3.5570683,0.09285893,0.7850166,0.47897586,0.5408311,1.865743,0.82279587,0.2705488,0.55976856,0.3423564,0.89638394,0.010925802,0.68573415,1.6274105,0.6343732,0.2810998,0.6433169,0.16162091,0.3201323,1.9345609,1.6038861,0.824057,4.4778023,0.5004234,0.39657775,2.5287912,0.08675233,1.6099331,0.052312855,1.6423126,0.023544233,0.013241152,0.49341723,0.5612056,0.50063676,0.4581159,0.0,0.94536513,0.013034961,0.5217128,4.011001,3.0343783,1.707574,2.06555,0.43441314,0.113047026,0.6290963,0.3726461,0.98398674,1.0348355,3.8140807,0.013931087,1.4515457,0.040251043,0.22761995,0.31893155,0.5410433,0.25798333,0.8952965,0.04538897,1.5176585,0.93995756,0.7538676,1.3625969,0.7453657,0.6646238,0.75583786,0.576576,1.7806016,0.046581864,0.081525825,1.730451,0.9349723,1.5986,0.5006666,0.6962705,0.4696498,0.24003063,0.34938246,0.4590429,0.7252175,0.9134596,0.9862507,0.13867597,0.00089286664,0.91887957,0.02761819,0.25931722,0.0,0.12763642,0.93170774,0.1564111,0.70899606,0.67617327,0.05571879,0.45545074,0.2407708,0.012183272,0.7302377,0.3260208,0.09875705,0.27554512,0.09108105,0.31250775,0.30722177,2.713627,0.20288938,1.6585048,4.0185847,1.742192,0.29882407,1.0358438,0.023653585,0.13243608,0.38600704,0.86453784,0.7328594,0.40250424,2.1758244,0.101258025,0.40890065,0.0019152365,0.37659505,0.086253464,0.62962246,1.0817865,0.73220295,1.7060417,0.16106698,0.91552216,0.17698115,1.4607233,0.97397906,0.3157355,1.0782677,0.16936174,0.6380799,0.2886622,0.4931185,0.99106765,0.027860923,0.18298705,1.2456607,1.3063554,1.5537177,0.96101385,1.8786713,1.6159878,0.25717208,0.4693226,0.32881522,0.020034943,0.9200486,1.2977163,0.31022483,0.96036834,1.7058976,0.8275309,0.8133151,0.49891374,0.447552,0.36192593,0.80897427,2.3733342,0.0042447066,0.13421328,1.2595464,0.39531443,0.40782648,0.7797997,1.4693985,2.851619,0.6354023,0.3596582,0.029713584,0.06746455,0.5458783,0.8935909,0.05849093,0.37017483,2.214427,0.9983884,1.4626714,1.7941103,1.4294852,0.3538951,0.112996265,0.87749887,0.1253196,2.239297,0.05416366,1.1050799,0.0,1.0260698,0.5499359,1.5155402,0.28798178,0.1564295,0.5566216,0.5175028,1.0458081,0.765442,0.3258875,0.0,0.0,0.3349524,0.42775413,0.02588668,2.2765524,0.06764778,0.7754242,0.5410123,0.34597543,1.1887735,0.1032224,0.17605324,2.3582697,0.7164033,0.87559444,0.92695594,0.06407974,0.98009145,0.5787455,0.0,0.0,2.2348154,0.47837207,0.3055874,2.556721,1.5353981,0.9281297,0.3956851,0.75457895,1.4544816,0.41208273,0.011233891,0.11024841,0.53755134,0.5481486,0.7006383,0.03721206,0.87441516,0.56902546,2.3624063,0.18146305,0.10796108,0.1741693,0.5225484,2.1308963,0.4977634,1.0490892,1.144489,0.10955369,0.3463012,0.69140995,0.73342144,2.764786,2.1437585,0.17282315,1.6998942,2.856364,0.37409857,0.5247376,0.11476511,0.0446486,0.21520533,1.0399765,0.28130487,0.71417063,0.37241733,0.5657498,0.9639097,0.52881974,0.0060244827,0.1798228,0.09800851,0.7454567,0.2636856,0.056476057,0.6007702,0.9325517,1.935476,2.7238028,1.6985842,0.3510226,1.0379511,0.5214743,0.17278776,1.0818598,0.29157397,1.4608839,0.33405584,0.3995879,0.29047856,2.5464807,0.9845226,0.37270355,0.25715607,0.8299976,1.1887251,1.203686,0.07909229,0.23050699,0.1082614,0.35578993,1.3701632,0.46032003,0.71411055,1.083342,0.64301854,0.18421336,0.52711344,0.9609754,1.1469467,2.0210977,0.76818985,0.6412817,0.013504478,0.13061161,0.61890775,0.40880713,0.64294064,0.27750033,0.28748113,0.4652286,1.2170302,0.045926638,0.673345,1.0876983,0.4917427,1.2375852,0.017646482,0.23188867,1.0247074,1.4275695,0.8775515,0.13572498,0.9328347,0.031327173,1.4638911,1.4753822,0.11403844,0.09254104,0.0234105,0.63631237,1.5131286,0.039298024,1.1665894,0.0,0.61732715,0.52784956,0.0,0.01937553,0.0017232782,0.12610888,0.24693222,0.33429185,1.0532913,0.87787807,0.24163814,2.9343204,0.132864,0.31878692,0.0019729186,0.27025092,0.24175224,0.6286225,0.60427475,1.1367143,0.1336686,0.491901,all_pothole_images\pothole_images_enhanced_55fbbf0a5cd24c461461f252e939dc64.jpg
0.28364614,0.6843377,0.12869613,2.038989,0.21672338,0.021904817,0.7821107,0.6445444,0.8273126,0.15617192,0.3388465,0.4518129,0.0972615,1.2386618,0.6016985,0.29429978,0.26691368,0.84528464,1.3901181,0.032051153,1.2039298,0.4730886,0.11716431,0.3149528,0.8686132,0.7657911,1.1593686,1.602503,0.0,0.05329603,0.036578424,0.06610092,0.7579442,0.18323936,0.11588393,1.6001465,0.58258265,0.0714532,0.3572467,1.0626026,0.24116594,0.8333812,0.0,0.14449248,0.6365328,1.2151419,0.40505296,0.19101855,0.5750554,1.8437413,0.13828044,0.15693738,0.50169164,0.093573704,0.0053120297,2.5879586,1.0996308,0.6459749,0.85288674,0.074877515,0.280015,0.02935948,0.13384691,1.8629924,1.3628473,1.7336382,0.15183853,0.085438885,0.016173515,1.2171998,0.039458804,0.86641973,0.2533653,0.38935867,0.35824025,0.44549635,0.040749867,0.22630364,0.0,0.19246107,0.2151505,0.11217385,1.2773153,1.7118443,0.03456347,0.024013823,0.04142025,0.11472335,1.5254964,0.13277307,0.24108113,0.7903183,0.660185,0.19471532,0.008482704,0.0,0.5498331,0.5280045,0.123409666,0.0075302483,0.083656564,3.8719075,1.0330073,0.008867068,0.90454507,0.012424514,0.5394021,0.9461653,0.20143464,0.29172945,0.17507476,1.190666,0.9355484,0.10877609,0.47784927,1.1805131,0.7143668,0.4993082,1.9796989,0.08433295,0.7265773,0.0,0.017845908,0.92927605,0.38947338,0.5592573,0.3846385,0.3216506,0.9719412,0.012923153,0.009980097,0.025472086,0.0328315,0.29258442,0.39725536,0.9136407,0.017128192,0.29532486,0.30424488,0.0,0.64897907,0.021938257,0.21996328,0.03547383,0.6203204,1.0502489,0.013130995,0.12614855,0.87682015,0.0,0.32541203,0.16518193,0.0,0.0031842443,1.5340642,0.7617505,0.79105264,0.29640082,0.4995911,1.0485575,1.1681423,1.9398022,0.52353317,0.56623137,0.32632646,0.28225484,2.3220015,0.21939011,1.3603437,2.1306968,0.5627871,0.021812724,0.0331703,0.03000327,0.3793666,0.18083328,0.15182465,0.06539947,0.14548473,0.1492093,0.013156569,1.789093,1.2851402,0.08748783,1.8039302,0.3667881,0.8868724,0.0528015,0.15203823,1.6126434,0.46199882,0.050353505,0.022003539,0.2753601,0.024318751,0.12695989,0.60093176,0.1103282,0.7871862,0.49127057,0.028394183,0.9153431,0.008397527,0.73368084,0.043531895,0.011282528,0.08330425,0.6850623,1.2693883,0.84385765,0.0,0.0,0.7159684,0.34927356,0.70464075,2.0928252,1.1514423,0.30550563,0.043266807,0.8532879,0.8051694,0.6488528,0.4601703,0.20114689,0.04160443,0.5874021,0.8599109,0.02733968,0.95572364,0.9655654,1.0959432,0.58483124,0.6577324,0.3440245,0.40060285,0.0,1.5798113,0.24581581,0.023353547,0.04624735,0.49233603,0.19185346,0.12271837,0.0,0.6919677,0.09407444,0.37210774,0.77492774,1.0005114,6.504175,0.5699268,0.058060616,0.103423655,0.17046534,0.10831849,0.91219264,1.443685,0.5265312,0.32017356,3.2064493,0.0037474784,0.03388123,0.42529565,0.71107745,0.17743956,0.68542796,0.74157035,0.33251852,0.84415746,0.26278374,0.11673592,0.02687026,0.104791716,0.37075084,0.684237,1.3478266,0.0144829415,0.15216388,0.32796204,0.30343527,1.9174426,0.86170334,0.38696715,0.005033112,0.021198316,0.2379213,0.23363954,0.0015816373,0.9193915,0.33299324,0.18600102,0.031504944,0.24694318,1.4900147,0.0,0.25812402,0.0,0.60715115,0.0017880601,2.7940397,0.40824667,0.5082514,0.048956398,0.20421381,4.090569,0.7554649,0.012068991,0.009995476,0.11493338,0.71337306,0.43463865,0.9026502,1.5382951,2.9248264,0.350952,0.80225605,0.4794085,2.2572174,4.6797485,0.1339941,0.0068557863,0.039001033,0.0931724,0.06174284,0.15660033,0.11056113,0.48352346,0.06673343,0.21991974,0.09875871,1.948491,0.2478423,0.08034529,0.17804615,0.023591973,0.22796096,2.4544697,0.080873236,0.07657307,1.255417,0.38403404,0.17514801,1.2158763,1.1396648,0.3483439,0.055858515,0.38092056,0.2231184,0.4137833,0.17911701,0.14514802,0.020259347,0.32465273,0.46477675,0.007949472,0.12360538,0.08543421,1.1891451,0.907782,0.3331611,0.22988245,0.4019537,0.44414926,0.014120295,0.011584649,0.002158347,0.42881006,0.28265435,0.024449509,0.21497567,0.6786116,0.0,0.5693353,0.3245134,0.15195948,1.2116375,0.33824384,0.038773105,0.5775677,1.302551,1.3424339,0.016250422,0.46320647,0.34664384,1.0093917,0.85377485,1.5523219,0.012748522,0.287373,0.3233015,1.2109032,0.093644954,0.0044233142,0.77101505,0.0,0.0,0.514079,0.06965781,0.34202212,0.5876239,0.08338525,1.0571669,0.40232545,0.2047596,0.60700285,0.1827623,0.06642014,0.5599027,0.1590411,0.03367468,0.1569837,0.997668,0.1416553,0.04627889,0.5535955,0.48321795,2.3434956,0.3960072,0.5517513,0.1334961,2.5623407,0.976047,1.7324591,0.88424,3.153778,0.5460538,0.4866341,0.18810225,0.2276333,0.28205055,1.1365173,0.037873216,0.27223012,0.2658549,0.4447361,1.20086,0.6190321,0.28127056,0.10081419,0.17386016,0.8452126,0.895443,0.29868186,0.108930066,0.6592605,0.5286398,0.88904136,0.49636397,0.20066693,0.79200566,1.7569734,0.22274622,0.35206938,0.15090272,1.7180295,1.470489,0.9108389,0.48538315,0.03617935,1.609241,2.2858157,0.17914861,1.3683807,0.4944423,0.5961843,0.066299595,0.036577806,0.08868669,0.10333363,0.2728532,0.74423486,1.8612487,0.21224813,0.1014069,2.3290782,0.0864858,0.048076764,0.18062373,0.32815683,0.20357965,0.17685714,1.0292192,0.9200203,0.41053635,0.26925218,0.098981105,0.49064907,0.28440946,0.30111724,0.37043998,0.64034826,2.7694464,0.5014553,0.16946189,0.0,0.0,0.2643369,0.67084277,0.29006863,0.7684504,0.8467912,2.8826008,0.20948814,0.09843655,0.16523047,1.4925939,0.7351425,0.0039062933,0.2762363,1.5886476,0.470421,0.36441538,all_pothole_images\pothole_images_enhanced_56088124e148b92b891681953de0255a.jpg
0.9416172,0.11177567,0.15443596,1.2620821,0.042870514,0.21350542,0.27715096,0.3455283,0.27648383,0.57157844,0.2373058,0.06918578,0.2823262,3.2873342,0.27938166,0.13178726,0.0,0.1588513,1.6803503,0.37500808,0.9708575,1.4482661,0.11747428,0.2056012,2.182973,0.60785764,1.5230908,2.1694436,0.07455448,0.033429943,0.746149,0.5001847,0.005248785,0.15708774,0.40492746,0.1254242,0.5725561,1.8503517,0.9715408,1.3378745,0.0,0.11188085,0.67619807,1.3629297,0.47238216,0.19476263,0.41829282,0.02669088,0.8559864,0.9681061,0.3020994,0.55775106,0.024228858,0.008692678,0.0,0.27646482,0.5395832,0.9226485,0.016529834,0.054356866,0.118115775,0.3493612,0.35639036,0.120953545,0.5820812,1.9640263,0.0917938,0.09179513,0.1730963,0.028970292,0.081129454,0.19985291,0.19576076,0.376996,0.10947973,0.36784744,0.13804868,0.4412011,0.014937684,0.035177555,0.0,0.028626256,0.17885974,1.459305,0.13400067,0.28446895,0.3283116,0.48402244,1.9559908,0.16243759,0.13022284,0.24939044,0.124781385,0.60787565,0.03492505,0.0,1.5017961,0.2873998,0.832702,0.16736457,0.17707884,0.6159195,0.5075867,6.9111804e-05,0.1728801,0.8740073,0.28517243,0.8301938,0.017291289,0.9891763,0.0,1.1800381,0.27666065,0.16108681,0.1232262,0.2477302,1.0267268,0.07604171,0.9577696,1.0455446,1.7925707,0.11500505,0.227143,0.50590867,0.32394436,0.5025992,0.61657816,0.8740945,0.1768956,0.9343031,0.40606785,0.026800364,0.0,0.3383929,0.16662866,0.2507164,0.34293264,0.8956994,0.59727526,0.003031113,0.09759321,0.12986618,0.49065882,0.19108461,0.006788636,0.12767938,1.0317314,0.0846496,0.30670685,0.073415995,0.03605608,0.06556293,0.26955938,0.18827419,1.7040045,1.19492,0.46525246,0.2877477,0.88176376,0.37012255,0.7464685,1.7579564,0.29006192,2.370904,0.082666375,0.64323133,0.605239,0.08999524,0.9659888,1.8534883,0.08774693,0.0,0.8342789,0.0,0.4316325,0.0,0.0033349579,0.05003251,0.0031519358,0.23661537,0.30339172,5.1889033,1.3659145,0.882502,2.9407563,0.6226034,0.62793124,0.18550707,0.21978189,0.5085628,0.00045405055,0.7271015,0.019213423,0.82676196,1.0814139,0.082249515,1.023457,0.5410457,0.48296356,0.079500005,1.026964,0.18600944,0.556973,0.834181,0.82329726,0.35215873,0.2416144,0.53786427,0.62393266,0.6975485,0.0077827876,0.033598278,0.41501942,0.43782276,1.0550982,1.8656222,0.3816979,0.1716652,0.0033618333,0.58702135,0.625778,0.31828207,0.7437256,0.1647944,0.020727092,1.1285789,0.27273887,0.005056564,2.5091715,0.8876709,0.8152985,0.1995263,0.038636032,0.37442523,0.13810834,0.036112674,1.3251221,0.012578249,0.4026893,0.9260694,0.33900848,0.25039157,0.086058535,0.14813238,0.16684665,0.0,0.39515102,0.2665393,0.2368552,5.35903,1.2094624,0.23040634,0.16769238,0.67847925,0.008358882,0.03667426,0.17818439,1.4740149,0.511261,0.8911205,0.58744377,0.32444108,0.42010123,0.15404673,0.33655638,0.97756505,0.9155292,0.3964656,0.9704867,0.12734286,0.1519998,0.016709208,1.2414051,0.31848797,0.51407635,0.6266731,0.5182519,0.25277913,0.3285393,0.2840325,0.996344,0.39637542,0.88433594,0.0,0.2176945,0.34688342,0.30584973,0.754672,0.26658136,0.64894164,0.106362455,0.0,0.094995,0.026744336,0.06479129,0.5213521,0.72183126,0.21560028,0.009326106,1.6948043,1.0575055,1.0972463,0.124964334,0.72141194,3.762719,0.30898073,0.28510043,0.2568998,0.021104459,0.44454014,1.014526,0.15651079,2.3405974,1.1993461,0.02875185,0.0,0.001952778,1.3681579,3.001694,0.75750685,0.014136049,0.0,0.3907294,0.26666284,0.64860225,0.30997363,0.4202819,0.035446793,0.09924577,0.21709958,2.6308506,0.18092774,0.50152403,0.06963979,0.4006457,0.26426458,1.3296535,0.16424347,0.29935035,0.9767666,0.0,0.01730741,3.1322095,0.7747477,0.39960626,0.5121201,0.20569663,0.37708515,0.11007522,0.7747709,0.4168022,0.07845732,0.34609556,0.24442698,0.08372743,0.18690354,0.041396525,1.140789,0.044057053,1.6880931,0.1381297,0.25970635,0.028858412,0.36099166,0.24310455,0.0,1.0238662,0.23478463,0.029172312,0.013774679,1.698294,0.450841,0.09700086,0.21884665,0.19066969,0.20267265,0.013830361,0.17711952,0.2844377,0.07965994,1.1543707,0.0,0.3445933,0.7960191,1.8788989,0.836033,0.4886018,0.0,0.15067932,3.247866,1.3516129,0.9130436,0.02772142,0.34087718,0.0,0.3099513,0.36366248,0.47224247,0.2053603,0.024111724,3.0362875,0.6314589,0.76119035,0.28681895,0.6573365,0.032076847,0.42131236,1.766865,0.66970503,0.2966488,0.7732361,0.5075274,0.33999056,0.7501609,0.003196906,0.3156604,0.3462662,0.23584569,0.16677235,0.07212617,2.3385715,0.01404425,0.41564777,0.9902052,1.2070143,0.00023203206,0.7284661,0.28239512,0.3525034,0.6714943,0.009731584,0.6281219,0.6401623,0.016075315,1.5711858,2.577069,0.6775328,0.34590262,0.83325726,0.0,0.8398768,0.23679823,0.14534415,0.43706346,0.012300019,0.04349887,0.015733153,0.19957104,0.06544852,0.8035211,0.8832635,0.4048937,0.59440345,0.3447186,0.38916707,0.76121706,0.7261112,0.013679426,0.6198393,1.0925646,0.99493766,0.18615554,1.3393062,0.0073675434,0.19108939,0.2884462,0.49856287,0.08356964,0.57585895,0.71448505,0.13047479,0.14383519,0.15734027,0.021463696,0.45348695,0.074291535,0.3465473,0.29493997,0.023207132,0.1002464,0.15504068,2.2702355,0.52037865,0.0034511657,0.28741625,0.027609682,0.0,0.053382363,1.4651748,0.07483291,0.110993326,1.0923955,0.015432108,0.8834161,0.017502809,0.07997325,0.004091015,0.18704288,0.0025324475,0.15380637,0.3080069,2.624237,0.45032772,0.015677635,0.3127269,0.8405697,0.48272794,0.32573855,0.110541835,0.7209656,1.0561162,0.11814236,all_pothole_images\pothole_images_enhanced_561aab6b31e09d4599185bb615c3507d.jpg
0.52824074,0.78076965,0.5152357,1.2814654,0.5496857,0.5593503,0.46419334,0.7886313,0.03940126,1.3910594,0.13739449,0.45504284,0.16921376,2.6230226,0.61805177,0.28971297,0.10634101,1.6310432,0.49455783,0.25832558,1.3017411,1.6147265,1.1583377,2.2738833,0.67243963,1.2269034,1.4031667,0.7726703,0.3411362,0.14345439,0.7832202,0.48128772,0.21019916,1.574855,0.13104226,0.7135863,0.32752126,0.8932377,0.008474746,0.77154094,0.39995995,0.028377553,0.017104322,1.198042,0.3843665,0.95599705,0.11969472,0.21706106,0.41533184,0.34076566,0.6507277,0.7991568,0.7435042,0.20434882,0.04835934,1.0378441,1.5890098,0.077451214,0.7461007,0.085337,0.022568066,0.26338783,0.1474045,0.55706555,0.20098522,1.7301877,0.71403134,0.3249881,0.27621102,0.40989164,0.025584081,0.53421,0.5105294,0.3558871,0.06963281,0.8217822,0.11212429,0.36220542,0.0,0.20680971,0.0924402,0.018122926,0.600216,0.9878184,0.3642201,0.38856584,0.20524082,0.14755851,1.4418412,0.6457439,0.13721412,0.10212196,0.060014803,0.6248499,0.26511788,0.25450608,1.088,0.74484175,0.594591,0.05317143,0.12113175,2.2900176,0.18474929,0.5058206,0.20885499,1.0093889,0.044639427,0.8340551,0.53990966,0.8359971,0.072905205,1.257198,1.148254,1.870647,0.14134102,0.15445131,0.47376278,0.12529115,0.6653572,1.6903137,2.8104374,1.0531727,0.011899708,0.6489617,0.39226103,0.7044094,0.7059784,0.7968381,0.6150884,0.12972884,0.65300846,0.23218633,0.21286805,0.21987495,0.12451916,1.186396,0.0016319783,1.4338757,0.36765537,0.0684715,0.6323726,0.25752562,0.9583582,1.2792066,0.59141386,0.56108576,0.14635235,1.0363835,0.52721035,0.012161906,0.46817872,0.5333306,0.019259544,0.18141499,1.7836353,0.5653545,1.1474271,0.54294735,0.79548675,0.9520776,3.4280202,1.6814412,0.046824496,0.68659794,0.10032786,0.8243658,0.4363151,0.17702302,0.6702058,1.1123326,0.2099308,0.08394762,0.04985196,0.0050925342,0.6127744,0.20306602,0.52497494,0.0037693237,0.112204805,0.08857436,0.06640937,2.705287,2.1086967,0.87891185,0.888014,2.1144495,0.32144552,0.52663505,1.0318968,1.0910281,0.2434667,0.716903,0.2955957,2.8410451,1.2506777,0.5492968,0.55901086,0.5027876,0.18518627,0.68398595,0.77905536,0.9041909,1.3865286,1.4237225,3.0256047,0.16885108,0.34699878,0.29078528,0.92152214,0.81921625,0.0,0.21104814,0.49620095,0.23243976,0.6866931,0.6672773,1.22949,0.09190585,0.43083844,0.47115085,0.52179164,2.1447046,1.9873545,0.24612804,0.2548806,0.035448868,2.1797783,0.025597377,0.21307173,0.8190372,0.2538935,0.08404516,0.23738553,0.79506284,0.5819987,0.2872624,1.1817529,0.6062051,0.2824619,0.6483579,0.4259796,0.5304139,0.3822778,0.4398504,0.20141463,0.089139216,1.3464831,0.14523204,0.87508863,5.510138,1.389545,0.56751037,0.6990618,0.39531073,0.07090098,0.99850017,0.6294079,0.39189684,1.0917323,2.1856568,0.59143955,0.015153636,0.6098019,0.80813086,0.3648679,0.056042902,0.14053947,0.89129484,0.5218889,0.026016697,0.39163232,0.3058782,0.14629357,1.0686146,0.5969363,0.6246226,0.320299,0.4684901,0.47290263,0.8019076,2.0089862,0.18460032,0.81572026,0.24159779,0.2606058,0.53350574,0.6040624,0.28362602,0.7458792,0.41639042,1.195126,0.061563134,0.21200867,1.1987498,0.5893975,0.12805219,0.7336509,1.1239454,0.35899842,2.0440886,0.08460089,0.83063877,0.062477898,0.13981418,2.447385,0.70147765,0.031437777,0.13447572,0.008762139,0.16309738,0.8045052,0.9472097,1.5436323,0.92789024,0.57750326,0.15190145,0.19301201,1.2959273,1.2785203,0.44663852,0.8838684,0.11205167,0.06482914,0.4099771,0.3409802,0.10404434,0.45792434,0.48167336,1.5991503,0.06886795,0.66721153,0.46625215,0.08401418,0.0,0.045142338,0.2473779,0.80496585,0.29954186,0.16056013,0.80702907,0.5088497,1.1716077,1.1347867,0.25448078,0.30374932,0.58112127,0.2880868,0.28947425,0.29638532,0.6532982,0.32339376,0.3757847,0.45415816,0.5190241,0.1277002,1.0430962,0.024279667,1.3838077,0.19115162,1.2429899,0.59763235,0.5305456,0.8933795,0.13950561,0.018552437,0.23849998,1.9934139,0.099267684,0.46526125,0.23775472,1.2052671,0.6773918,0.6870525,0.5683545,1.5920941,0.70945257,0.46326625,0.37824148,1.0174268,1.6995479,0.58359516,0.16625512,0.31353474,0.6730731,2.2254603,0.7055998,0.57347465,0.006172813,0.054078218,1.4234698,0.8844386,1.7077837,0.30321783,0.5449091,0.383617,0.19962369,0.55008036,1.3328844,0.4910668,0.13701497,1.5742753,1.9968218,0.60260636,0.3155532,0.19582736,0.2402913,0.9147218,0.79968446,0.12641643,0.03914515,0.589374,1.503001,0.021035712,0.55944526,0.30986002,0.24262962,0.3795969,0.34783286,0.13440381,0.37307617,1.2063979,0.4305204,0.9289295,2.4402447,1.7649584,0.322834,2.2302089,0.68109435,0.41367874,0.6468184,0.5669749,0.6993933,0.09848906,1.3678184,0.38095754,3.335963,1.0136154,0.5485154,0.042817026,0.17579024,0.48753396,0.62280583,0.0027783762,0.014202237,0.4380082,0.068519056,0.30365133,0.37021565,0.35590768,0.92261076,0.73337615,0.17313543,0.49786633,0.6540553,0.39903632,1.3133069,1.6324264,0.4195804,0.676074,1.0604329,1.6092982,0.8535712,1.9487149,0.5384323,0.29576868,0.6991048,0.2900161,0.05181515,0.2773964,1.0309947,0.7394406,0.55955935,0.3919719,0.03929663,0.99358094,0.03631123,0.17232163,1.5614642,1.3535514,0.015326524,0.7320753,1.2152146,0.5274064,0.60358435,0.05884597,0.528419,0.19565165,0.15182902,1.8423452,0.013425537,0.531359,1.4658866,0.50545007,0.1932155,0.2761202,0.14767112,0.30481514,0.4223109,0.18543614,0.8975505,0.46358654,2.3849232,0.93456733,0.031310387,0.48999646,0.18255997,0.643981,0.11950153,0.36555165,1.3793987,0.1314009,0.7760895,all_pothole_images\pothole_images_enhanced_561cc317c537cc38d1af9d09cb7d74fc.jpg
0.8656078,3.7227101,1.1815602,1.4421047,1.9275743,1.1108145,0.91144824,0.5154481,0.5265226,0.7066135,0.38742438,0.37151814,0.19939438,1.2865753,0.48820356,0.3909803,0.0700946,0.002842359,0.62093925,0.69091654,0.43386224,2.31109,0.7402074,2.0373309,0.16829292,1.253926,0.04863879,1.4690142,0.7199688,1.6629523,1.3962914,0.52738994,1.5869813,0.1964585,0.13212614,0.07086795,1.1437092,0.69607615,0.29266897,0.90042686,0.7310715,0.2558689,0.64643294,1.289677,0.5373175,0.6241722,0.18428506,0.0065036993,1.2246301,0.4602724,1.5460978,0.69665885,1.8246655,0.43135315,0.4513457,1.2020642,1.504438,0.32456678,0.76206857,0.57176703,0.57529294,1.1210378,0.96766585,0.4689625,0.07042557,0.58158696,0.28899992,0.2755784,0.29178497,0.7632768,0.06196601,0.2768447,0.16194804,0.36340603,0.11207662,0.96846116,0.4876854,1.0811372,0.11246632,0.04917927,1.150624,1.6425086,0.048415463,1.2798412,0.33286685,0.6404771,0.047688738,0.007902516,4.120819,0.40135017,0.36349338,0.69485253,0.0,0.08272519,0.5447337,0.042164486,1.4592814,0.9552216,0.56050134,1.3269161,0.0058169444,2.0288858,0.142775,0.9530574,0.29915056,0.7305397,0.8357321,0.2165284,0.36165762,1.0315765,0.698396,2.5828383,0.7151723,0.08231716,0.74603176,2.3346732,1.5015769,0.7776726,0.28094277,0.73049855,0.8542302,0.87279356,0.8045235,0.78356963,0.8120668,0.6533439,0.37452155,0.570001,1.0604191,0.828237,1.1917325,0.3418736,0.020083081,0.23491232,0.78043896,0.03856121,0.08422172,0.68708456,1.7316406,1.3382354,0.37129036,0.58543825,0.4988054,1.831234,0.9414923,0.6274669,0.47870737,1.1807568,1.0493234,1.7384428,0.34587845,0.86967826,0.30255005,0.5213761,1.1784252,1.1011761,0.2480914,0.20154338,0.18973905,0.74634814,0.7288981,0.50747705,0.15090275,1.466338,0.9323018,0.08871769,0.8171415,0.5332349,0.6639555,0.01871833,0.44835702,0.0098215435,0.15230648,0.64482456,1.6401037,0.457877,2.8643177,0.048735473,0.19986884,0.47484145,0.5073229,1.2562464,1.5323265,0.49354807,1.1728662,0.14388916,0.31376112,0.7064254,0.052733213,0.9840379,1.5884477,0.7837738,0.1595527,1.3682644,0.36538085,0.03559252,0.18350823,1.3296708,0.4260703,1.2086279,0.104485705,0.40206262,1.5075235,0.093856856,1.1058586,0.47480577,0.34359592,0.2783598,0.4098246,0.0656396,0.36484388,0.23122297,2.5982125,2.910442,1.0668273,0.13894093,1.075298,0.80109996,1.4072495,0.13698635,1.8107944,0.03639018,0.20669995,0.38041398,0.31561896,0.5188621,1.8246361,0.25766286,0.008231937,0.0066029774,1.6796178,0.93885756,0.53074574,0.5268169,1.5566236,0.030590976,1.2741015,0.62009734,0.0318398,0.14622453,0.6078697,0.19311678,0.73272383,0.6427632,0.1082554,0.1812359,0.9776967,0.4717349,1.3288032,2.2434723,1.5237484,0.09475372,0.4340504,0.5349956,0.1397821,0.031485897,2.7207544,0.36412176,2.338143,1.9759481,0.681231,1.3161559,1.0113136,0.42904916,0.32106724,1.1101725,0.2772703,0.39082783,3.2572188,1.2722484,1.3997601,0.0,0.05865755,0.047202,0.3213663,1.3621057,0.50451833,1.7701005,0.956132,0.50592506,0.027821604,0.36021236,0.17557792,0.6549083,0.2623785,0.3002776,0.60661376,3.29507,1.654209,0.10968407,1.40028,0.7956562,0.43737254,0.34949917,0.9701626,0.14078674,1.1693181,0.36581373,0.089939095,0.7208107,0.04040695,1.0618658,0.6536227,1.0293834,3.076686,0.59483194,0.010662027,1.4497952,0.42766863,0.31419602,0.18390512,2.0897963,2.306605,0.57733226,0.08576982,0.42522913,0.08873758,0.27822405,0.89982074,0.44479886,0.12813072,0.3504241,0.008853358,1.501708,1.2416862,0.4404479,1.3547394,0.5657537,2.024376,1.081832,2.3767116,0.20321943,0.48925668,0.5977227,0.54783404,0.7810893,2.4905205,1.1649541,0.0884088,0.72071666,0.5980605,0.53165054,0.7218761,0.20797758,0.9404648,0.03798895,0.034773987,0.20642462,0.8695844,1.0525705,0.29220176,0.22041142,0.22430524,0.33218178,0.031392526,0.25340945,1.0241033,0.5701112,0.11141012,0.23157679,0.3022089,0.086968705,0.7694787,1.0997255,0.23370454,0.07983036,0.7882675,1.9481905,0.06651096,1.1407756,2.361565,0.75849366,0.7598685,0.21560371,1.9181488,0.82032025,0.058340173,0.94034576,1.1010073,0.24252917,0.05963522,0.9814456,1.2417262,2.3538904,2.9830241,0.48298764,1.5583963,0.28432775,0.06536548,2.7911637,1.276459,1.1478368,0.13253504,0.7719368,0.47131187,0.004295813,1.025574,0.59236276,1.1599505,0.017266054,2.4916718,0.5273484,0.411326,1.6568115,0.17544718,0.16676325,0.49142537,0.24358699,0.30871034,0.19746062,0.025582366,0.86150855,0.27894664,0.49506152,0.25980264,0.060136348,0.5439884,1.1136752,0.0056272903,1.100665,1.5905675,0.42514488,1.2842798,2.0014572,0.56623393,1.5456768,1.830087,1.5134994,0.6250399,1.1559556,0.1723734,0.8617622,0.49537086,1.059954,0.27063382,3.482537,1.7867123,1.4194404,0.6740459,0.5355114,0.70854115,0.18140617,0.18715076,0.60537946,0.31196213,0.61830175,2.132919,0.6810796,0.3873074,0.5852566,0.6473246,0.3768528,0.889122,0.29666612,1.1690084,0.2075475,1.2505366,0.4738121,0.049109943,0.5816491,0.57173747,0.6955392,1.1700975,0.90715295,1.4496783,1.5995642,0.6109909,0.50436246,1.2174771,2.9131677,1.0151886,1.4147676,1.5291944,0.14620288,0.20456971,0.14389247,0.12498339,0.34426185,1.6867902,0.15733433,1.745508,3.332887,0.9264328,1.0722758,0.6932281,0.13317469,2.3488727,0.11077205,0.5773322,0.15630253,0.9297951,3.7643642,0.037908472,0.043654654,0.43998823,0.0018609457,0.26868266,0.0022368804,0.24866799,0.086534284,0.65932184,1.3396508,0.7297766,0.8960747,0.6248527,0.30301934,0.53178114,1.1450598,0.77022326,1.2351487,0.29092726,0.10765076,all_pothole_images\pothole_images_enhanced_563eabf0595f8b0d05cbb402049393d0.jpg
0.029527819,2.2392063,0.76391447,1.5397501,0.93194693,0.11134273,0.00040614395,0.790839,0.1358625,1.8110226,0.28563923,0.70188344,0.0,1.3360531,0.0,1.1265957,0.13769004,0.0055773347,0.054437447,0.6123582,0.0075511406,1.2136749,0.7961569,1.8336457,0.2296491,1.1165909,0.27569076,1.2326148,0.101636864,0.9889092,0.58710223,0.106015086,1.0298653,0.4581302,0.38485506,1.0362567,0.06524063,0.3352788,0.3018874,0.10468793,0.032895826,0.35940227,0.070961066,1.5301467,1.1714538,0.34834343,0.49203306,0.009258808,1.5182735,0.44590423,0.97684485,0.118499435,0.46030965,0.05421691,0.010465266,0.76660895,3.0044718,0.10576726,1.0685345,0.14608724,0.040355153,0.0,1.170435,0.5114333,0.026638366,0.9572182,0.572235,0.71921647,0.0036976368,0.9886593,0.0,0.35632235,1.0795155,0.027050553,0.015361735,0.30154112,0.48427823,0.50127596,0.022708679,0.025515426,0.0,0.32662052,1.9409304,1.5060482,0.38908902,0.017136103,0.506905,0.012526227,1.4745531,0.07892229,0.00696709,0.56094605,0.009410703,0.07088593,0.08336348,0.26597393,0.4167964,0.9489666,0.13037814,0.08722927,0.19940287,0.72274095,2.439624,0.14955002,0.67400795,0.06912024,0.35238895,0.15086034,0.6793125,0.28244328,0.08558394,0.6092683,0.22917683,0.010769523,1.2255255,0.036989804,1.1252253,0.3691708,0.46485078,0.15583844,2.505823,0.63973826,0.07080397,0.63095605,1.5344459,1.5486135,0.98897254,0.0,1.59265,0.12205742,0.5953236,0.055643022,0.4934616,0.0710099,0.15765701,0.019576909,0.00891601,0.06584958,0.6356934,0.14363082,0.61579216,0.6300772,1.2295196,0.94722074,0.37933704,0.5109951,0.13553126,0.50197023,1.0249931,0.6557255,0.63182455,0.2507446,1.0129033,0.1533858,1.0066785,0.006197517,1.0497706,0.78788006,0.03412935,0.5581084,0.42250583,0.42702928,0.050779756,0.9741987,0.4404688,0.016884679,1.8042054,0.6265556,0.33512768,1.1731839,0.010958219,0.040016625,0.0,0.2755819,0.060620006,0.013912678,0.29065734,0.0,2.335067,0.10100585,0.013118174,1.5039426,2.6046147,0.21033806,2.5714734,0.58593607,1.2198321,0.10759711,0.16892458,0.75159657,0.27147368,0.30023625,0.056640882,2.1839142,0.6696678,0.08660054,0.77573675,0.14953832,0.08907052,0.21545686,0.4258086,0.8893443,0.39863625,0.21529543,0.10797715,0.34527573,0.062155843,0.014615417,0.5737296,0.035471957,0.0,0.18947437,1.0109183,0.023927761,1.8376049,0.94266087,0.0002581311,0.23627938,0.24131851,0.48928544,0.3381051,0.21371405,0.025608554,0.4594995,0.0,0.06160581,1.759334,0.32951424,1.1784266,0.26222807,0.037003696,0.098804764,0.24861777,0.0,1.1879796,0.0025153202,1.5890957,0.0,0.1296703,0.32985044,0.40363085,0.3418888,0.72421014,0.46049333,0.13842411,0.36537606,1.0625666,0.0,0.15843919,4.551673,0.46088672,0.03135212,0.08109755,0.017984746,0.18283758,1.6812694,1.5667949,0.19141366,0.4462703,0.73781383,0.0,0.13049144,0.034454234,1.3276557,0.65184313,0.45170033,0.5546615,0.92954034,2.77208,0.025574971,0.11031866,0.00118768,0.19775653,0.9067136,0.47148296,0.33410203,0.025993468,0.35282937,0.4423648,0.44849828,2.6151142,0.5788478,0.77664477,0.6017702,0.086181454,0.3105507,0.23957115,0.17212126,1.7607311,0.3276879,0.14460912,0.073052146,0.0022773019,1.1025356,0.1552009,0.22090164,0.02402875,0.8392442,1.0459043,0.41420937,0.0,0.44287077,0.0146292215,0.13791955,10.449902,0.8526821,0.07184337,0.84761745,0.078611486,0.81130373,0.017855354,2.3326502,3.5307765,0.94454384,0.7441031,0.9193226,0.021465018,0.124263965,2.4734516,0.11297739,0.08561317,0.53072655,0.017317165,0.351502,0.36269423,0.36235428,2.7517476,0.0331373,0.07310571,0.038344525,4.6149526,0.0,0.43658313,0.020766929,0.017603658,0.08112021,0.88784546,0.101861134,0.30203226,0.04232614,1.0017333,1.1374483,0.6649166,0.03713805,0.13804372,1.160555,0.52751946,0.0,0.3771215,0.40362182,0.9993063,0.07095723,0.9454878,0.80137867,0.27454895,0.104369864,0.019647185,1.1366678,0.6047942,0.06850708,0.5081543,0.53179383,0.9627866,0.0,0.36381733,0.55108994,1.7682569,0.20945124,0.0,0.12128966,0.37315544,0.09866581,0.18329597,0.22923526,0.6259742,1.0871433,0.037709847,0.06569301,0.6287408,0.46263847,0.086307146,0.06900739,0.28867364,0.017086295,4.901405,0.09630855,1.4637604,0.09934569,0.17539549,0.18557625,0.45152882,0.90188444,0.7806035,0.9055026,0.09878748,0.5493891,0.12885277,0.78108704,0.67674625,0.27093074,1.1609268,0.28856516,0.2701493,0.48935068,0.0,0.44475257,0.36716145,1.2524935,0.0,0.55455405,0.020580785,0.35334745,0.07838949,0.16648918,0.0012077863,0.123576336,0.23118922,0.8484881,0.154032,0.01755162,1.2121027,0.008414005,1.9734912,1.5351542,0.98260075,0.81992775,1.9526227,0.1312649,0.3777644,0.16160367,0.5327953,3.2398942,0.14903456,0.8346247,0.050046112,1.8185028,0.008225863,0.114448756,0.17689273,1.2318506,0.0385195,1.3139639,0.14325564,0.30937627,0.98016715,0.13711654,1.1005914,0.070311904,0.6099846,0.59259945,2.058058,0.014815815,0.24718034,0.32060575,0.23648651,0.70750564,0.14199866,0.012326082,0.027472913,1.6382234,2.7853718,0.0,0.4814114,0.0,0.18103401,0.034837574,0.0,0.0,0.17945935,2.1383839,0.61810476,0.9477014,0.11584819,0.003112221,0.049779184,0.082974,0.44419953,0.62922925,0.38079697,0.024153981,0.2013301,0.8418412,1.353048,0.3216144,0.0,0.32810116,1.7860631,0.39902183,0.517897,0.12624542,0.0724283,0.78757244,1.8753937,0.5904861,0.026004475,0.04209466,0.17585449,0.24007691,0.5694051,1.1044496,0.0602221,3.7550633,0.3258019,0.20939605,0.3730165,1.3640411,0.26752377,0.2431829,0.21170215,0.22377187,0.19592679,0.08601329,all_pothole_images\pothole_images_enhanced_56523f1fd285de241eb35ba52131cf09.jpg
0.12911797,1.34982,0.41182256,1.5028367,0.63233244,0.047488794,1.2627935,1.6173648,0.5157518,0.8568929,0.11593133,0.8750895,0.36881712,1.1948833,0.003095576,0.8748233,0.004646597,2.8078413,0.86668503,0.6538964,0.042555973,0.54850966,1.5037723,2.8961186,0.6790197,0.84672904,0.8290071,0.6322797,0.03920485,1.4479005,0.5954627,0.40210888,0.5384187,1.3200628,0.50888836,1.411423,0.5915311,0.07397349,0.5654289,1.1668731,0.04224051,0.21509053,0.037664287,0.14842272,0.5915601,1.3398483,0.05570782,0.0029216767,1.8781507,0.20422213,1.383692,1.6094296,1.1633254,0.10165882,0.26609793,0.43249327,1.3484757,0.33060473,1.786669,0.64554924,0.5845613,0.19530742,0.707604,0.22610213,0.34619957,3.5315876,0.85670817,0.5632937,1.9252927,0.028072704,0.1560193,1.2757113,0.17523429,0.2821744,0.2945803,2.347579,0.03999483,0.54732555,0.070164114,0.57923734,0.26439807,0.69875056,0.6062969,0.8787276,0.2812516,0.5925659,0.11277705,0.119901136,3.1055372,0.27520663,0.9012753,1.2615296,0.087403804,0.62965757,0.055355348,0.022069843,0.74161744,0.75688535,0.44829687,0.023629023,0.0074831685,2.0477107,0.23523188,0.590261,2.0485244,0.9169535,0.89025915,0.08685485,1.3683584,1.3455167,0.51647425,2.0287726,0.48886395,0.28800407,1.4155513,0.84900826,0.53562194,0.94232976,0.82233787,0.42923206,0.499185,1.2368673,0.8671342,0.6345638,1.8691128,0.4123005,0.008428618,0.07744614,0.9462959,0.2766395,1.5812322,1.1295787,0.7579771,0.060846534,0.4001638,0.29411423,0.0040272656,0.5236267,1.1426574,0.33843413,1.1564248,2.9955251,0.18442532,1.1699928,1.8417623,0.68826926,0.16096932,0.95063376,1.202628,0.9008222,0.63698125,0.73862207,0.46284562,0.0737798,1.4051927,0.27814576,0.32507798,1.0068649,0.026566928,0.36806813,2.3369696,1.8065677,0.124264315,4.0756297,1.650613,0.14563155,0.42096585,0.836601,0.5731418,0.62353665,1.5623256,0.07159769,0.0893541,0.3739474,1.8702731,0.10729603,0.97012264,0.14699109,0.11423938,0.20978554,0.021351084,3.4590802,3.8129926,1.4540315,2.195319,0.38655275,0.9940326,0.16507888,0.11078867,1.5906285,2.572758,2.5655022,0.060130443,2.3473754,0.26092428,0.23080662,1.7262324,1.4068084,0.21631362,1.0279665,0.062756024,1.0372205,0.5841656,0.6941696,1.4477687,0.778485,0.8225806,0.86785585,1.2812271,0.8939217,0.240145,0.67451185,1.1897802,0.77773523,0.19193465,0.26264563,0.7362901,0.5728416,0.58626986,0.4371529,1.2372634,0.68841195,0.6556907,0.83371663,0.6713965,0.40482622,0.61138636,0.26535097,0.08574527,0.080622576,0.068396606,2.3636708,0.2191803,0.26705682,2.4109993,0.057480324,0.68541765,0.618354,0.3813425,1.0769129,0.5692488,0.49891958,0.46115074,0.39210314,0.107057616,0.24518776,2.3953967,0.06958497,2.276725,3.119608,1.338148,0.3810701,0.08441958,0.02193853,0.4763173,0.46449286,1.543512,0.6550024,1.2311132,2.0912917,0.19831225,0.6679783,0.034398966,1.409361,0.3102229,0.41629714,0.77166075,0.46823502,0.964516,0.25813988,1.4657676,0.0,0.7564062,1.5045407,1.4947042,0.96606165,0.11053128,0.52149856,0.47980338,0.46919966,0.41029918,0.03477804,0.2971728,0.054134134,1.1151906,0.96804154,0.58915025,1.7526344,1.8129786,0.2796507,0.22577319,0.7696066,0.23928623,0.23500805,0.43660954,0.5268852,0.8127076,0.42828637,0.6013636,0.62226,0.23391637,0.18658964,0.045230437,0.37584993,1.7526479,0.18424538,0.06111616,0.91180533,0.6589261,1.2238464,0.30326262,1.5675391,2.4621944,1.3624594,0.53350866,0.26726398,0.008631153,0.026938386,2.8987052,1.7708175,0.41640666,1.9154567,0.9458364,0.071588226,1.0452887,1.357634,0.519927,0.810374,1.542453,0.6480599,2.240419,0.17319857,1.3633276,0.12867485,1.3033493,0.5069909,2.2573247,0.12778342,0.05191218,0.50262046,0.85145164,1.5139531,0.47407788,0.5495283,0.06760893,0.14133663,0.04991872,0.37438318,0.0,0.67127717,0.5330773,0.2793668,1.258457,0.21442498,0.40836692,0.2083191,0.6862626,0.4576968,0.047574475,0.717185,2.0338805,0.4717231,1.074307,1.230348,0.008450956,0.4353478,1.5226121,0.79852855,0.09703561,2.505977,1.5504991,0.43836573,0.42474392,1.1192071,1.3459284,0.4869971,0.0,0.06797572,0.47212717,0.20224084,1.9362313,0.12053437,0.13673444,1.0937989,1.8621292,1.2547932,1.047002,1.6003947,0.3754359,0.5329849,0.9923742,1.8155266,1.8911409,0.44453594,0.24397336,0.5438724,0.31020114,1.9394643,2.201409,0.022467311,2.2787561,1.7041062,0.011300743,0.9755688,0.53332174,0.3888685,0.36777177,1.4913195,0.17543843,0.2031475,0.2936202,1.8352646,1.1020296,0.6321429,0.0071618543,0.09354869,0.17482543,1.7734619,0.84330624,0.30723816,0.7509598,0.14377066,2.80042,1.779329,1.534908,1.179203,0.7264652,0.7228517,0.1681261,1.6495806,0.17328034,2.4110126,0.0792693,0.74502575,0.11511263,2.1967325,0.560288,0.8319283,1.310687,0.38610992,1.0002781,0.9997744,0.74533564,0.0056086304,0.07174035,0.30530274,0.6325117,0.573367,0.118673906,0.59192735,0.37854695,0.07871813,0.45134518,0.7565248,1.0939118,2.1094334,0.19472994,1.1043547,0.12765123,0.20030072,0.4621785,0.09910501,0.8573505,0.24328998,0.054057956,0.1448581,0.483259,0.09756234,0.48662356,0.802573,1.5048448,2.140807,0.6672423,0.06465479,0.3283961,1.9889946,0.5491329,0.11163823,1.3060945,0.08820623,1.4368935,1.6164383,0.24442762,0.13034922,0.016426763,1.457104,2.6029027,0.17707272,0.9401343,0.15557487,0.2821883,1.6913221,0.464714,0.044883735,0.010445981,0.1014184,0.91794187,0.022636281,0.09401742,0.31373563,0.7061152,1.929552,0.06452687,0.5707981,0.0619674,0.05914867,0.0812814,1.2655246,1.0206743,0.10241956,0.3178121,0.8620406,all_pothole_images\pothole_images_enhanced_567482bdf78d760ed03b6bfe202493bd.jpg
0.17751472,0.73034877,0.24075688,2.7400136,1.2409134,0.0,0.3387277,0.03859091,0.37150845,0.38932714,2.1010907,0.66888785,1.4444387,3.0035207,0.28987217,1.3172073,0.08163621,2.6322753,0.9237501,1.2069308,0.21118966,0.6675573,0.5498324,0.2739113,1.1924095,0.5566923,0.19573829,1.7232908,0.95961493,0.4635283,0.26434442,1.4267163,0.28351924,0.18451641,0.12813273,0.6392537,0.19671446,0.6897335,0.6697409,0.6821621,0.014562512,0.10936036,1.0473236,1.6063585,0.5765611,0.38404223,1.0023062,0.07464145,0.83964974,0.09553347,0.48768318,0.29296023,0.4107835,0.6365448,0.113156445,1.6704088,1.5920101,0.8475253,1.977468,0.37271374,1.0810895,0.23892203,1.4094061,0.21011218,1.3230834,1.326756,0.69556844,2.2455719,0.0045275902,1.8787094,0.6865505,0.02983536,0.7668351,0.68465203,1.0854869,0.55767035,0.61165863,0.45503488,0.38227352,0.5188166,0.096485466,0.0111017525,0.13416395,1.3441479,0.1346104,0.8225479,1.1753747,0.014554768,2.249092,0.29995412,0.041326843,0.64257026,0.4700911,1.195891,0.2521579,0.4318908,0.28146392,1.4581965,1.3606819,1.1327435,0.71502614,1.4074856,1.8406054,0.0926455,1.4569861,0.08363686,1.2946224,0.12121227,0.47602648,0.95217615,1.6853034,1.4683707,0.10555405,0.2864049,1.6694806,0.6894813,0.35249212,1.0391414,0.9745421,0.63484544,1.3368571,0.14707908,0.3092815,0.961476,2.140742,2.2475817,0.3875902,0.35823315,0.6972769,0.35893193,0.64655644,0.114183046,1.2073764,0.33171985,0.13437182,0.408937,0.7313492,0.47434443,0.16716108,0.18867905,1.8423473,0.6357108,0.5237106,0.24332072,0.83934206,1.359846,0.004614097,0.9272808,0.3531346,1.329683,1.7824041,1.2630452,1.1990972,0.8605227,0.49591562,0.5446511,0.34149295,1.778245,0.44101155,0.17727838,1.7575735,2.3305786,0.057704024,2.8925068,0.69329005,0.042109672,0.47866642,1.6601737,0.5383649,1.2308505,0.9180904,0.3935602,0.33254164,0.9830737,1.0082288,0.42346486,0.3035073,0.44796097,0.47911364,0.31198695,0.7025038,2.5980096,2.8496687,0.56313854,0.771548,0.59925437,0.13544844,0.015531289,0.7992996,2.0245078,0.37217388,0.07336258,0.07932806,0.7832292,0.11475019,0.24966401,2.4991057,0.25420812,0.18784268,0.3090392,1.5863833,2.3716395,1.2288444,0.17802095,0.49927932,0.24051698,0.76860887,1.9409559,0.60981876,1.3668716,0.08829509,0.3621975,0.9864322,0.2816378,4.0892873,2.0435033,2.0967097,2.2606905,1.5611702,0.3887401,1.7934891,0.18934825,0.2588166,0.5101471,0.2371509,0.7111037,1.1150879,3.5552888,0.51512605,0.88501585,0.06807031,0.84685016,0.9456038,0.28211752,0.59964544,0.11502593,1.0330383,0.69730794,0.2003924,0.624272,1.5426688,0.026150724,0.9514718,0.30935118,0.42468923,0.0,0.5215671,0.012063868,2.2370713,4.167811,2.1932046,0.33325964,0.19785,0.026990695,0.6696269,1.4792293,0.5623752,0.8467337,0.20143405,1.9908086,0.5343287,0.42374286,0.42354175,0.22441739,0.0695678,1.3339641,2.3236818,0.26097444,1.0645959,0.0011203629,0.0607231,0.34498608,1.5726736,1.0435436,2.6160963,0.9647382,0.016501363,0.26422435,0.23460138,1.8233291,1.8956012,0.6381677,1.1622919,0.88667685,1.0750228,0.7972417,0.48045456,0.5303965,1.7061219,1.5921907,0.21137813,0.5562946,1.5424875,0.53264886,1.75008,0.5323873,0.37938294,1.2828575,0.36040935,1.2554845,1.2354778,0.43439025,1.3418856,0.42168063,4.304616,0.28878728,0.38322768,0.58439755,0.85515463,0.91235083,3.1938655,2.2261305,3.0806568,0.37232795,1.5774554,0.9721487,0.9579829,1.1702999,4.069933,0.24355222,0.27486134,1.1846913,0.7792669,0.7194519,1.6024811,0.50205815,1.0993507,0.0,0.27639306,0.31176317,1.098749,0.26561853,1.8985075,2.1123152,0.36721244,0.10504708,2.1599178,1.1060929,0.6590038,0.6431418,0.6318748,0.4147681,0.23270723,1.1021096,0.21353671,0.042100236,0.5487522,0.7070549,0.24490409,0.96675736,2.2288606,0.5324393,2.1004286,0.087991334,0.1663063,0.30221,0.18108208,1.8249788,0.90393794,1.1480757,0.6443986,1.2010989,0.88929373,0.4766088,0.064756304,0.045125842,2.7696354,0.9836867,1.6087201,0.569923,1.7027413,0.83169883,0.17804304,1.778707,0.92432386,0.8904598,0.09069544,1.0731777,0.08965744,0.5293711,1.3566921,0.095869966,0.7939662,0.068640225,2.2637672,0.895512,0.9038,0.06943456,0.46421152,1.8853381,0.13265534,0.69629747,0.8780816,0.23448125,0.17762667,0.39146188,1.0068395,0.38405457,1.5070959,0.7542603,1.0217112,1.5480343,1.284319,1.6092756,1.0042231,0.2711034,0.16732992,1.6004641,0.06956352,0.2816048,2.1532297,1.360289,0.5787426,0.23262152,0.6103575,1.3753422,1.0814108,0.28135353,0.814646,0.0088218395,0.642158,1.5136629,0.39474028,1.8447943,1.9808767,0.09441826,0.56572986,0.0,0.5067948,0.334288,0.8855234,0.60871047,1.0504409,0.7158105,0.18419129,2.6704478,0.039244633,0.12768051,0.14720416,0.10371056,2.1249647,1.184709,0.095011495,0.2889573,0.08207954,0.2717311,0.70061475,1.8052044,0.2045889,0.37412125,2.9788802,0.5461665,0.18130137,0.5257813,1.0119325,1.8445115,1.0467125,0.1826079,0.25255615,2.3297524,1.6007279,0.00030651822,1.2634878,0.18065178,1.8152511,0.5638472,0.48591518,0.010555399,1.9615133,1.9430783,1.057449,0.8259679,0.21011487,0.47230256,0.49715036,2.1161509,0.5111099,0.8609943,0.5047962,0.16913937,1.0136883,2.004988,0.3159148,1.3694444,0.0042137173,1.0957552,0.86703336,0.6756811,1.0995443,1.09714,0.7020986,0.8579723,0.33728373,0.8729184,1.1630265,1.2859182,0.12714198,0.018095128,1.3263903,0.015128598,1.2216759,3.495784,0.048487894,0.90401,0.58309567,0.04544519,0.42166463,0.7428431,0.23302023,0.73956466,0.21702278,0.88337487,all_pothole_images\pothole_images_enhanced_567489cf29386b350a9ece4418b03265.jpg
1.1517102,2.1402206,1.4810523,1.1010189,0.21380843,0.14457078,0.34932116,0.0,0.004758382,0.8892505,0.4186905,0.74054885,0.2652925,0.18321913,0.30813143,0.5148688,0.3564273,0.5866531,0.281876,0.37912104,0.2820406,2.7098475,0.85040873,1.0066186,0.3453207,0.8605215,0.63180214,2.1122065,0.076634504,0.40015835,0.85179627,0.09389984,0.6707442,0.51728207,0.32329193,0.2541274,0.17339392,1.1548227,0.26483637,0.21382092,0.04004514,0.40574035,0.033769775,1.2306842,1.6807195,0.041401625,0.6814469,0.041683905,0.0670782,0.20190604,0.66573864,0.9561782,0.15188845,0.11902886,0.0,0.4158979,1.4551643,0.384798,0.46694833,0.0,0.12672001,0.11287604,0.6431955,0.15903999,1.1507727,1.0228568,0.122140385,0.28599793,0.29696792,0.47003943,0.8005262,0.8982418,0.5187061,0.38956535,0.13080384,0.52014923,0.049132124,0.19700447,0.023936236,0.18121563,0.6813342,0.18369249,0.33997434,1.2502666,0.8866981,0.8401,0.5507731,0.22856744,2.2075098,0.2838624,0.18810451,0.42148566,0.5850515,0.08437287,0.4546648,0.018054973,0.8229195,1.2969731,0.6109164,0.4340154,0.15671922,0.29258248,0.12297774,0.30503055,0.65578574,0.13618205,0.0,0.42796975,0.46230417,0.26530904,0.01962557,2.0919573,0.9188685,0.2844588,0.5345113,0.20447631,1.5801578,0.09284481,0.21509002,0.4063357,1.6094042,0.055874318,0.7363918,1.0911465,0.68015087,0.9323092,0.9261643,0.5970617,2.5407364,0.20028429,0.6501808,0.0,0.3305204,0.019729912,0.26216492,0.68986636,0.073167846,0.55951166,0.760636,0.22585972,1.3174504,0.12035402,0.19460692,0.73581403,0.021158904,0.8994596,0.46249837,0.20713961,0.13914248,1.070962,1.2358468,0.14205496,0.090563886,0.08640586,0.9526421,0.19192691,0.35204723,0.039628696,0.17161371,0.5019616,1.4064816,0.084526554,0.51786643,4.3467345,1.073953,0.0,2.6567402,0.24998535,1.9292186,0.083342835,0.042906698,0.2824511,0.0044326647,0.0031859328,0.64464307,0.01926064,1.4186555,0.0063643428,1.285866,0.58439624,0.24495731,0.9211892,1.8821865,0.60614,2.170467,0.0011479557,0.07126872,0.6131092,0.30707902,0.46711686,0.10527956,0.28379777,0.40070623,2.36053,0.02737636,0.0,0.5225929,1.0056431,0.059193436,0.9362906,0.16450146,0.9214417,0.52065253,0.29698008,0.5645155,1.8634127,1.9888536,0.39604282,0.85310566,0.7627406,0.091990136,0.74474597,0.20612872,0.39245299,0.3109678,1.2234343,0.44732976,0.0024866243,0.25300092,0.659589,0.7170696,0.054441202,0.103141576,0.6912234,0.50903195,0.161342,0.752283,0.28417626,0.37708697,0.73483425,0.0019037147,0.29919082,0.3476065,0.029780867,0.5271968,0.2700722,0.581729,0.0,0.13940272,0.89973897,0.002228709,0.11826943,0.26092747,0.030925473,0.05669021,0.021689568,0.91694516,0.16140376,1.5414357,2.2152803,1.027079,0.05051794,0.8078132,0.021492077,0.23329036,0.5057897,0.83956414,0.052293506,0.7851852,1.7315916,0.014788934,0.24454874,0.22138923,0.49248886,0.32277703,1.1682347,0.4853178,0.80302507,2.1292956,0.74568456,0.15722677,0.16969085,0.0025982643,0.5342473,0.36446637,1.1379887,0.26528797,0.30155197,1.0877686,0.7632393,1.2334255,0.020120915,0.21595682,1.0480931,1.2883395,0.5301284,0.039693203,0.0307028,0.80516565,0.25568023,0.72385913,0.6031305,0.1902511,1.1716673,0.12400282,0.070360415,1.1613464,0.7912962,0.7548175,0.3570361,0.10428896,0.10463881,0.12019587,0.8165742,3.8378458,0.13361892,0.0674565,0.20180424,0.15642715,0.025908297,0.18136208,2.0562046,4.789876,0.074250564,0.54103756,0.41366926,0.3146789,0.37808266,0.41588378,0.7835351,0.4592587,0.21380831,0.3055316,0.31988806,0.15376337,1.4632126,0.38017756,0.1198469,1.1756816,0.093934245,5.716589,0.5275067,0.238167,0.0369192,0.049358055,0.072482914,0.3323044,0.13720702,0.7567528,0.010397336,0.68296385,1.1794511,0.16039245,0.14434199,0.28108835,0.2589349,0.17543991,0.2296886,0.080811955,0.61225563,0.25672463,0.5102781,0.07617081,0.24398819,0.363974,0.032381777,0.112651646,1.7360989,0.10381938,0.5357574,0.25249577,0.02185266,1.5685412,0.26365176,0.011416487,0.4189368,1.1337621,0.45567945,0.29207778,0.3857524,0.5822416,0.16138078,0.19030066,0.024709236,1.6524633,0.8990317,0.6700125,0.9283959,0.17612274,0.024111249,0.2516295,0.19762047,1.1273544,1.5243205,3.230019,2.265074,0.56868255,0.2049482,0.011667266,2.0231094,0.6524455,1.5249214,0.75428176,0.7360069,0.29690453,0.20192687,0.33505926,0.8991427,0.6053044,0.67390114,1.4892905,0.5730981,0.2093417,1.5225929,0.7327116,0.1701659,0.5736608,0.6364149,0.13881212,0.31962895,0.9828942,0.7433314,0.6058638,0.36147785,0.13023326,0.19495815,0.53916514,0.32102248,0.74284893,0.003511793,1.0245459,0.42554238,1.710434,1.1379722,1.6867377,0.21421203,0.43929306,2.0664256,1.0867065,0.4072683,0.56604177,0.78358626,0.008905204,0.562396,0.14763495,3.514312,0.39039397,1.7281942,0.4413241,1.0749346,0.12657851,0.09956431,0.034937933,1.214237,0.19060512,0.014075227,1.2480623,0.46008334,0.18710771,1.066802,1.3447071,0.74816644,0.80199003,0.43972135,1.268329,0.7772274,0.6287612,0.7038048,0.6899814,0.264527,0.53223044,0.42442155,0.47378793,0.82126445,0.4410579,0.58559614,0.037161656,0.10512457,1.0823228,1.1645285,1.3763908,0.38952106,0.5450296,0.2756167,0.5196907,0.36729404,0.21264896,0.9824958,0.46351916,0.012780356,0.4071783,2.5582132,0.3607746,0.6361244,0.0,0.26785696,0.26719028,0.20403121,0.5339046,0.015209627,0.055978365,0.026846783,0.20293383,0.0,0.082333155,0.10131112,0.0057973163,0.031101046,0.15133923,0.043746572,0.42221037,3.7951398,0.44758543,1.0830872,0.07297684,0.22013676,0.0,0.4359094,0.055525243,1.5146726,0.23381004,0.4271688,all_pothole_images\pothole_images_enhanced_56790354ff0c7f96d630a28a05e0759c.jpg
0.68974185,1.266539,0.5896921,2.0758677,0.7158367,1.0477264,1.7220476,0.005173201,0.7806446,1.5165046,0.38799328,0.9698743,0.040204734,0.86970127,0.009504386,2.0647938,0.08522616,0.07714166,3.209841,0.1647702,0.42216942,1.819193,2.202894,1.5162284,0.7988031,1.1362399,0.006605356,2.6014369,0.095691524,1.2304337,0.32098362,0.2753116,0.8492454,0.456072,0.5394872,1.5906231,0.96509314,0.9144058,1.9028562,0.40540674,0.19879489,0.85725594,0.055957366,1.5808393,0.19594118,1.415857,0.46203235,0.3237796,0.88577425,0.32463562,1.0130866,0.8383986,0.20829801,0.12136934,0.053752445,1.924129,0.9515246,0.31367284,1.4683098,0.38513234,0.5237612,0.36265418,0.754646,0.016711144,1.6359615,1.6837816,1.6850756,0.43829042,0.81370264,0.8638756,0.670908,0.11697879,0.0,0.63350374,0.680416,1.994064,0.33613828,0.027722862,0.010558633,2.2589638,0.22230417,0.6116685,0.5322966,1.0381874,1.2871822,0.6449315,0.06791531,0.5134417,1.7637973,1.8945695,0.9894001,2.7174554,0.0,0.14621851,0.45584297,0.250185,1.9201101,1.3943009,0.97614527,0.34855387,0.059922297,0.74963224,0.26418415,0.35675696,2.1461349,0.63293356,0.22755148,0.96242803,1.6684606,1.6334213,0.027420934,2.3343654,0.38364422,0.29775912,0.84458137,0.2731155,0.80814767,0.6310973,0.17486115,0.48806706,2.7578056,1.2135179,0.15446664,0.8087865,0.21662836,0.25360474,0.48645273,0.16627581,0.14348567,0.23841277,0.19105245,0.68997014,0.97302026,0.46843344,0.1342182,0.23487714,0.20205848,1.6928093,0.5588304,0.49824968,0.3515354,0.2015533,0.3491651,1.5872467,0.23150216,0.38209793,0.57051677,0.30030155,0.64304835,0.62950325,0.7021063,0.0,0.035420526,0.57036185,2.5884318,1.3048594,0.9111057,0.5084608,0.66629446,1.0271939,1.2349825,0.09218139,0.2004235,2.629167,3.0806828,0.1352718,0.2310161,0.15099372,1.4514664,0.97328323,0.45730364,0.32411852,0.087696366,0.12781101,1.2425015,0.09479008,0.0078052143,0.0,0.7956735,0.13215299,0.059161916,2.240291,1.2857355,1.1638572,1.2591391,1.1510069,2.6898005,0.97316664,0.4891776,2.392752,0.3577256,0.0,0.13269728,1.967039,1.4660386,0.008305613,1.2272619,2.459982,0.4521907,0.83251256,0.39295378,2.347661,0.8304906,0.15289164,0.27811754,0.4052985,1.0457648,0.3136555,1.036809,0.039301727,0.0036595967,0.7193088,2.119885,0.6908319,1.7410133,0.8298489,0.58359456,0.011777875,0.668418,0.2691081,0.4398724,0.26246998,0.7807929,1.4907756,0.3273192,0.797618,2.1525924,0.2365167,0.29223645,0.41834024,0.34011415,2.1452405,0.4219712,0.41351813,1.8223602,0.29580167,1.7008648,0.023147639,0.26138514,1.6643633,0.30921343,0.34796402,0.008861896,0.27462074,1.2981278,0.1199192,1.105373,0.054480333,1.4452577,3.1068757,2.329207,0.012914416,0.38520214,0.55483425,0.20426528,0.48203906,1.9869308,1.3511901,1.0468166,0.92448354,0.15580688,0.029270649,0.605475,2.611426,0.067549095,1.3096967,0.36266825,0.9399026,0.9575137,0.08920862,0.024848076,0.30648807,0.011320708,0.36099547,1.0931021,1.2820573,0.8671039,0.4801127,0.10562806,0.68585193,0.018050097,1.7987438,0.38389772,0.1506175,0.36703292,0.38800314,1.650703,1.1292924,1.1214081,0.001640869,0.4497162,0.3179525,0.08854711,2.0533645,0.27711678,0.44726703,0.6781194,0.6886092,0.35605848,0.27676743,0.14645882,0.9412392,0.77762955,0.920532,2.8625014,0.32865384,0.39979908,0.97283477,0.09720907,1.4665961,0.53356004,0.64233196,2.5493956,1.0186632,0.42166176,0.92400795,0.45748132,0.66226184,2.55581,0.39512113,2.0499363,0.29805467,0.07628272,0.20435695,0.9663503,0.3866985,0.5215445,0.20799017,0.79926556,0.28865713,1.9892606,0.23871462,0.25729275,0.034623176,0.46704182,0.12310422,1.4233565,0.21017201,0.018647833,0.1888214,0.9926575,0.66077393,1.2403325,0.5969961,0.09012557,1.0574094,0.44777963,0.4117467,0.004910314,1.3526616,0.6324763,0.39513537,1.5585837,0.8198245,0.0010456023,0.35724223,1.3544943,2.833813,0.9670531,0.49273083,1.5546292,0.4411461,1.7659729,0.06825577,0.22088856,0.62260723,1.5600532,0.051952034,0.42925254,0.1396023,3.0570912,1.3217165,0.33906445,0.16575141,1.9958183,0.1399209,0.052782543,1.4405518,0.789594,0.41197398,1.7211843,0.0038457476,1.3367932,0.6752074,2.486097,1.793042,2.3954234,0.009558304,0.7028321,2.3536832,2.6705945,0.63794506,0.15755446,0.6994335,0.60889274,0.30548888,1.6616781,1.2717474,1.3459753,0.0074917413,5.7474737,1.4174919,0.22391577,0.7263954,0.87335336,0.007034699,1.112636,1.7077098,0.008957968,0.039861653,0.12672718,0.7289963,1.5153387,0.6974566,0.23438959,0.361133,0.7920032,0.6014715,0.6456639,0.32230738,0.5002151,0.13821909,2.4559367,1.1061932,1.4140444,0.5172999,0.36026636,0.40812925,1.2528462,0.38538158,0.6049216,2.0412912,0.37043366,2.7753377,0.4761683,3.881791,1.5193309,0.7938027,1.0232178,0.5201787,0.49021912,0.43504587,0.48756403,0.25319415,1.3563523,0.024070853,0.80885404,0.52985275,0.31534138,0.64384085,1.1483675,0.45483717,1.0532577,1.0096242,1.6304044,4.268572,0.8867506,0.5492573,0.3118813,1.035505,0.23088141,0.98569924,2.3714316,0.20359722,0.2962118,1.3269908,0.040874198,0.15430047,0.44514948,0.887025,1.8891157,0.20276855,0.06276354,0.5535552,1.1359392,0.798643,0.82852536,1.8338919,0.8956051,0.5724616,0.8020211,3.4146945,1.5339606,0.17071675,0.0415761,0.2757223,2.1773827,0.9890406,0.77442855,0.108229384,1.1650093,0.7107684,0.76034176,0.12686688,0.1958561,0.2144043,0.89200884,0.12365916,0.33734637,0.6330266,0.9641149,3.849214,0.6761986,0.7997477,0.9286504,1.7436554,0.28245118,1.2369306,0.8598596,0.8935822,0.33747166,0.09695645,all_pothole_images\pothole_images_enhanced_56a9a7d180401cd0962892d3f1c0eeeb.jpg
0.3982343,1.1238909,0.26513276,1.8223181,1.5498308,0.45080033,0.6860744,0.09975017,0.50726134,1.0056185,1.5021832,1.6821225,0.49367198,2.4966602,0.025502082,1.3131111,0.08388306,0.9604056,0.59486324,0.09844309,0.6948227,1.2032536,0.1671235,1.2615424,0.9119155,0.7613424,0.06326607,1.8236921,0.012112613,0.45853546,0.6638968,0.030204227,1.3929212,1.8899649,0.37197027,3.2437317,0.2017088,0.75639874,0.46827763,0.103980936,0.1923763,0.14840573,0.126576,0.47938707,0.117576756,0.45767507,0.4090214,0.0,1.1506315,0.8529274,0.23696339,0.30378464,0.1500588,0.7266627,0.27752405,2.5931966,1.1187481,0.03838089,1.4198873,0.07540434,0.4495124,0.1472561,0.24044675,0.117791094,1.5621283,1.0146502,0.25531864,0.15157697,0.9386668,0.9291098,0.010285602,0.43313184,0.16666621,0.4576097,0.098868206,0.22734165,0.3888787,0.45586395,0.091293044,0.13612358,0.12718204,0.017214159,0.08827538,0.4063211,0.62531674,0.4155749,0.04977091,0.027964268,2.1727571,1.8884987,0.8836641,0.29392868,0.27711388,1.394831,0.006729208,0.3571862,0.59021574,0.8730765,0.5981809,1.3714914,1.1239322,3.6833756,0.33688918,0.54970574,1.6106989,0.46255282,0.105243914,0.41692868,0.7908146,0.41235188,0.16199121,0.54875493,0.45696518,0.906321,0.35806337,0.48414898,2.1955693,0.8838845,2.1022196,0.9023278,1.362089,0.56037766,0.5601369,1.1192724,0.024082828,0.8855146,0.44128028,2.1154068,0.52591145,0.523005,1.5219029,0.007817081,0.4195168,0.05017844,0.23169197,1.6088282,1.5846832,1.137992,0.12113464,0.092474446,0.61012673,1.7378967,0.3468755,0.3488781,0.08612157,1.1383793,1.6300889,0.17146161,2.0787117,1.093021,0.46666196,0.69335157,0.14516802,0.34295148,1.6052592,1.3285214,2.452542,0.28259563,0.5901773,0.71058667,1.800372,1.2284076,0.0048885634,3.3285472,0.45338625,0.40556127,1.4921942,0.7925583,1.7662284,1.1537124,0.06887066,1.0340741,0.1865934,2.3243237,0.45491976,0.31047535,0.20785825,0.05974632,0.4824869,0.45721957,0.26584902,2.8891895,1.3309261,0.6437506,2.8431473,0.6668979,0.6405397,3.5382936,0.68293965,0.29186773,0.10910196,2.1708903,0.45331776,2.594462,0.48354805,0.34888253,1.5073166,1.451283,0.43034548,0.3499365,0.35760617,1.2335414,0.48360887,0.35082984,2.9858794,0.49539644,0.6053763,0.09117163,1.9100012,0.47024232,0.025412163,0.14251076,1.4219695,0.02626185,3.5422306,1.2462839,0.8374352,0.04744296,0.16540025,0.5405582,0.25790575,0.73075956,0.9848276,0.18484403,0.0987043,0.62939566,0.51934004,0.29410896,2.406587,0.12694085,0.017136486,0.058257125,1.2010077,0.048728123,0.13067496,0.6808023,2.34504,0.056746442,0.35643035,0.68690693,0.11589669,0.09125177,0.9190099,0.17832986,0.96511,0.63550144,0.42630368,0.23618421,1.2128786,3.6210144,0.3211179,0.36904386,0.8287801,0.97521394,0.6864012,0.99141073,0.33474454,1.5812106,0.62449086,1.2808015,1.217128,0.1423574,0.482561,1.0395699,0.8087851,0.33941427,1.1052226,0.946283,1.8470434,0.25629526,0.27233294,0.1978089,0.051640566,1.1419276,1.5486482,0.4747237,1.6056432,0.3392323,1.0719352,0.9640232,0.860395,0.1056799,1.0942081,0.63118714,0.33163622,1.8135979,0.62929136,0.045206547,1.5079569,1.2112099,0.26611683,0.028262325,0.4140943,2.9339375,1.6573807,0.052387178,1.0877502,1.1470591,0.77390707,0.97010523,0.7399144,0.8365747,0.12001687,0.619589,2.6060593,0.20145273,0.18129224,0.17666548,1.3537973,0.5324228,0.88268363,1.4810399,4.0202646,2.7525423,1.07111,0.06925672,0.32335883,0.32803348,2.1402035,0.36904284,3.1402225,0.118188635,0.35550252,0.82533884,0.62704057,0.93550354,0.112680115,0.31955495,0.66357046,0.1428536,2.4645784,0.32048008,0.1838704,0.041125637,0.36093515,0.045737125,0.0038169106,0.6819728,1.1419764,0.31787416,0.5210034,0.20753847,0.7440847,0.6161589,0.0,0.5936653,0.4590877,0.1262729,0.84085137,0.42669123,0.6612041,1.5986522,0.05105245,0.80195856,0.1272587,0.3021216,0.10623109,1.0155673,2.7699065,0.32482296,0.5853571,0.65507054,1.3102404,0.8673678,0.29442284,0.24816763,1.3635256,0.18821137,0.7837392,0.42976215,0.56556475,1.1656685,1.4862428,0.24957146,1.368331,2.4607484,0.11268234,0.22168191,0.002826993,0.66860354,0.70726347,0.037454117,0.09649771,0.5841929,1.8602225,0.54119295,1.2850881,0.00031953622,0.14372782,1.359882,0.58914804,1.6989723,0.2005792,0.47844663,0.12961784,0.64435893,1.3107337,1.1197276,1.3199381,0.25397748,1.769192,1.2947782,1.2941782,0.03113091,0.9572007,0.025259139,0.26270565,0.62027365,0.0121365,0.75413984,0.52073616,0.27769527,0.11848946,0.21210869,0.109179825,1.0262069,1.1505713,1.0772443,0.18373814,0.2546418,1.8373296,1.3896357,1.4845792,3.1315339,2.457266,0.63673115,2.6343343,1.5043609,0.2232991,2.2631726,0.1895745,0.52532554,1.0286208,0.5528466,0.42985538,2.7396536,0.67557675,0.71749395,0.30706227,0.75586575,0.8847278,2.2246637,0.06430908,0.067152925,0.010924361,0.1300549,0.8524528,0.18365009,0.531809,1.704709,1.1191981,0.16583385,0.29551336,1.3390651,0.36547112,1.263824,0.4381738,0.3049602,1.249466,1.2824737,1.3838334,0.520046,0.39325657,0.3150223,0.8044797,0.28490847,0.24928348,0.054137215,0.71708256,0.33756784,1.1394858,3.2605228,0.41610646,0.7036899,1.245757,0.05343256,2.019672,1.6345937,0.4265498,0.007112964,0.1693492,2.5169935,0.13221149,0.77416915,0.079773575,0.5917348,0.3912896,0.03363879,2.4207225,0.31354535,0.6520669,0.26488867,0.9863116,0.070315324,0.15156266,0.09549624,0.06603674,0.039251283,0.28573403,0.2394181,0.9984811,3.4744163,0.48236364,0.6003727,0.43913704,1.2385633,0.028330842,0.5584745,0.9507063,0.5493665,0.06518599,1.685317,all_pothole_images\pothole_images_enhanced_570157dba0f7822a553420d92137e271.jpg
1.886284,2.0287876,1.866513,0.3306577,0.30861187,0.7091708,0.3331939,0.36291608,0.6836596,0.8137693,0.24124476,0.0037557704,0.3769883,1.2272131,0.026707625,0.8507454,1.0182033,1.0277908,0.05272065,0.90023476,1.4578813,2.098861,0.43067124,0.25250998,0.66008186,1.125621,1.250052,1.0940967,0.074640386,1.0414151,0.13457589,0.24274223,0.96972156,0.025363373,0.19043744,0.13420475,1.6988324,1.1818265,0.6446602,0.02928778,0.46947128,1.2021574,0.20854463,0.6028466,0.6189641,0.5472637,0.05366985,0.14630887,0.98280084,0.4436131,0.7627898,0.18003985,0.76043093,0.14047886,0.02935115,0.22937801,0.8315804,0.0075330227,0.10249252,0.7803566,0.1728951,0.3065884,2.890397,1.7851197,1.3018551,0.4757752,0.23878886,0.04067089,0.038999874,0.08508832,0.2575417,0.9131377,0.3329792,0.5405488,0.33973444,0.0066228434,0.43635932,1.2837353,0.21861625,0.09118981,0.832579,0.17897874,0.037472885,2.056,0.009366696,0.11936898,0.4988156,0.19323628,2.2208807,0.002115163,0.80369735,0.4432339,0.7165446,1.2522043,0.008276262,0.023286337,0.5886875,0.48749757,0.5672882,1.6305865,0.3923404,1.4613686,0.2887558,0.29149753,0.008125895,0.13918038,0.0442864,0.26027393,0.09975055,0.2669674,1.0658294,0.8092723,0.8058171,0.043112278,0.16432425,1.681805,2.7785056,0.21526769,0.6896182,0.22506511,0.3835189,0.10046234,3.6537983,0.7896328,0.20330937,0.10237531,0.37687406,1.7772509,3.139849,0.4878673,0.5974015,0.51574916,0.17612529,0.25714493,1.02857,0.08885189,0.35981178,0.18434069,2.6610498,0.8185133,2.3156972,0.36357427,0.26378757,3.5931053,0.52010125,0.6339884,0.6052182,0.16703746,0.45451736,0.58354783,0.31168288,0.93601274,0.117668055,0.46096945,1.4864556,0.62720007,0.73055154,0.16968822,1.2803422,0.3781529,0.75184256,0.08217093,0.22196417,1.8390754,0.29143625,0.05769337,1.2973795,3.8338118,0.2037702,0.17774265,0.7151802,0.09807628,1.2068758,0.91579753,0.41823748,0.17328945,3.9085836,0.365751,0.3016751,1.6877123,0.833079,0.19371916,1.3831712,0.17422567,2.135972,0.19808517,1.4727997,0.38764572,0.0909808,0.021055587,0.62786674,0.31203097,0.654179,0.17504834,0.176164,0.8392367,0.214574,0.24545138,0.58326834,0.31493253,0.078762315,0.55297285,0.53416836,0.08376942,0.58610237,2.9221609,0.19229065,1.6200287,0.4649341,0.24307801,0.5637292,0.0063077183,1.2128567,1.7892127,0.62651825,0.5130808,0.39777094,0.31564823,0.77288324,0.32512525,0.9810432,0.004525005,1.7408291,0.9848707,0.010759443,0.61477035,1.9944937,0.13140535,1.0116549,0.10480001,0.46493754,0.36712572,0.06602646,1.5402343,0.08310468,1.5319562,1.6915257,0.7897336,0.046333127,0.07737966,0.97641736,0.08912265,0.3452487,0.60284954,0.37226602,0.1676863,1.2166102,0.46739477,0.2922567,1.3906296,1.5459508,0.052810047,0.11006127,1.1424075,0.09719715,0.34522152,0.9951192,0.4913472,0.91039413,1.1954741,1.713793,0.7857727,0.9583555,0.026603993,0.3191175,0.25239313,0.049684428,0.8588504,0.32078353,4.2994294,0.0191626,0.01617229,0.02242643,0.33653584,0.065916546,0.71325946,0.9179186,1.2071992,3.266389,0.13873164,0.997506,1.0149149,0.26227066,0.08787249,0.6107528,0.17381598,0.20049484,1.2769437,1.5182668,1.1944863,0.060659114,0.3287623,0.4489092,0.2704792,0.2335866,0.76050276,1.1469857,0.437053,0.23419675,0.7283308,0.43934384,0.27640256,0.06818766,1.2441261,4.4648223,0.05858239,0.4991514,0.92804015,0.9552824,0.006653443,0.2054471,0.6123305,2.9763613,0.7183129,0.03142591,0.08756088,1.2900976,1.0118464,1.5654198,0.24044758,0.028789572,0.0632001,0.069779664,0.59549993,0.40328464,0.33538285,2.6365635,1.3253522,1.3285728,1.3926803,2.6577852,0.6018271,0.03094362,1.9417737,0.7761984,0.61273724,1.35,0.7022592,0.31528962,0.00045337272,1.1171659,0.15732788,0.38874048,0.021833774,0.97367907,0.33870792,0.043733288,0.68400025,2.783516,0.66254103,0.29248452,0.75990194,0.03271194,0.28316692,0.80641884,0.046124496,3.0159395,0.44324002,0.0043610423,0.47918856,0.4073513,0.20865183,0.16951817,0.16038622,0.20555116,0.7563184,1.6522746,1.6220673,0.39155316,0.20155284,0.73279727,0.098811224,0.8373929,0.016083503,0.26281267,0.5896108,0.11499775,1.1623743,0.28343976,0.41162303,0.1399824,0.0,1.2385036,0.97053766,3.6204407,0.15826108,3.5260751,1.0043012,0.06425412,1.7037318,0.6973381,0.27459347,1.1491928,0.13974737,0.69573146,0.98471427,0.1388516,0.75921834,0.0,0.18416293,2.5675507,0.47703132,0.80936736,2.665668,0.8067208,0.024199573,0.88027126,0.545239,1.2124908,0.97713953,0.010332115,0.5671891,1.1062313,1.3482387,0.72278595,0.48314276,0.0759708,1.6940192,0.083745204,0.6220892,0.8249289,0.38989285,0.35791314,0.38363966,0.76759696,0.703681,0.25332978,4.5565224,0.33635142,0.252904,0.7710419,0.11235928,0.077829696,0.15058419,0.88749796,1.2265165,0.855113,0.70862794,0.05956906,0.47778594,0.59038043,0.10581307,0.14540458,0.19266473,0.7763906,0.64936316,2.9049706,0.4049223,1.0235989,0.049190164,0.8432173,0.98193544,0.7252447,0.13226938,0.5599848,0.013843211,1.5411122,0.21312581,0.14103568,0.035961006,1.5502111,1.5793401,0.7798426,0.5675469,1.7203926,0.1820082,0.019981945,0.17522113,0.08190355,0.28094876,0.20536125,0.41401407,0.7216716,1.4240638,0.31685233,0.10606735,0.26754117,0.55182153,0.6647533,0.9516981,0.056926288,1.2034457,0.065578245,0.5368964,0.35161826,0.30624166,0.10108656,0.11440084,0.02269539,0.50958073,0.33352768,0.3829659,0.49521473,0.9074903,0.10619265,0.10337372,0.42255464,0.19539301,0.11747444,0.050656173,0.7083902,1.3270012,0.10225588,1.5945083,0.23565735,0.3195873,0.42017254,0.07457928,0.08507252,0.38397473,0.28408858,0.20703195,all_pothole_images\pothole_images_enhanced_570fd895523e3b318b9fb51ba9bb7caf.jpg
2.5891879,0.7324906,0.85091335,0.19757184,1.0342559,0.0063418555,1.8470608,0.4967582,0.18262832,2.503844,0.15461828,1.4981679,0.015326485,0.28796735,0.027819673,0.63845885,0.21544635,0.6728619,1.3183217,1.2157081,0.8400572,0.18595488,1.1798639,3.3589358,0.87892693,0.89957106,0.24734421,0.690501,0.22814529,0.01666653,0.22706752,0.011395615,1.5101732,0.75551814,0.07934721,1.6521889,0.150355,1.5109621,0.8797909,1.0548686,0.10807982,0.31509912,0.72132796,1.1924489,0.17532974,1.4276987,1.0654691,0.2540561,0.19972381,0.9831679,1.3329704,1.2925178,0.9620736,0.10389369,0.5607624,0.0863411,1.0972995,0.10820927,0.9070311,0.9190847,0.093838625,0.12100163,0.9664493,0.14820321,1.007041,1.6752739,1.2058337,0.6649781,0.18296516,0.04550178,0.1613952,0.38906926,0.073237054,0.3628084,0.097278185,1.4410553,0.7126526,0.70268947,0.0,0.028048702,1.1438489,0.20896894,0.9120843,0.65835166,0.38163552,0.19516982,0.13041872,0.29452348,1.6410576,0.6383467,0.0,0.28869876,0.13469313,0.0,0.22415063,0.90398264,0.85348487,2.0178251,0.6778119,0.14689654,0.1532502,2.155171,2.1405892,0.18252583,0.5811973,0.65885097,0.04573862,1.0243057,0.6193199,0.5201013,0.03850883,2.475638,0.8351934,1.4894345,1.2689723,0.5852746,0.12914184,0.0,0.35324967,2.5521457,1.8208822,0.7514746,0.10543792,1.8028194,0.73627704,0.47303772,0.37204203,1.1384879,1.410855,0.077078685,0.42258033,0.30388913,0.36609235,0.23376843,0.6240776,0.194469,0.272929,0.4128912,0.49097294,0.06582538,0.21944816,0.22163737,0.99202704,0.5339727,0.25741568,0.76766396,0.57508683,1.4975821,0.09751835,0.6038656,2.4064212,0.7050817,0.019152991,0.087831706,1.228157,0.31146583,0.45745715,0.014484995,1.3441523,0.012616171,1.0156845,0.8169683,0.020354344,1.896109,0.059603184,0.47529835,0.99400413,0.2751208,0.8316527,0.0921609,0.7874202,0.53845453,0.4702203,0.26221174,0.9610187,2.00944,0.23544198,0.3643471,0.0,0.04995338,1.0875845,1.4137034,1.5507156,3.700343,0.8131407,0.049420707,0.047944225,0.64762294,1.0173296,0.079716064,1.1693773,0.2281963,0.2754748,1.1340436,0.5372258,0.2846422,1.9293505,0.13367045,1.1918598,0.35649863,0.656247,0.79259086,1.5441215,0.05435698,0.65349346,0.17066714,1.0405324,0.08108124,0.98391885,1.3406559,0.0,0.41903055,0.041841943,1.0792459,1.0150425,1.004306,1.7287887,0.09854697,1.8544831,0.060977515,1.564948,0.52626276,0.078697056,0.97956014,0.042862087,0.4729457,0.0948411,1.6781265,0.20477931,1.0523713,0.093350664,0.055275355,1.8425196,0.025118789,0.09309584,0.11980268,2.6072001,0.08831676,0.04734242,0.09150657,0.332136,0.13169684,0.6378438,0.8265657,0.92583245,0.06291617,0.8199516,0.30964488,1.4818442,2.744676,0.5077268,1.3744955,0.09525093,0.1580097,0.19317907,0.17714319,0.6640173,0.10867663,0.71640545,4.416214,0.6564557,0.16364786,0.22002076,0.9793551,0.16415907,0.7266166,1.6171561,0.45185944,5.4127584,0.10672579,0.18952844,0.08162832,0.5299484,0.7755357,0.8997,0.47150427,0.029548109,0.17681153,1.6552807,1.0750647,0.5211938,0.8788715,1.0074261,0.010470599,0.5674468,0.10921721,0.86756957,0.8536098,0.5685656,0.090643644,0.84263873,0.6897505,0.90937346,0.24428211,0.16020587,0.12113682,1.3005607,0.49225286,0.3051785,1.577665,0.5948473,0.18603373,1.0434502,0.29497916,2.7624989,0.0,0.4971603,0.007154479,0.025107648,1.5350555,0.4265309,0.65838504,1.4589953,0.7520834,0.16432297,1.4892998,0.23153676,1.4145778,1.0037174,0.6116562,1.4716918,0.5251252,1.2293781,0.19920641,0.19619454,0.60369617,0.2764385,0.29306462,2.2329953,0.012285864,0.34909377,0.21139123,0.0,0.27346626,0.0156774,2.0780554,2.063604,0.0,0.131713,0.36643693,0.7944912,1.26511,0.62326634,0.2702057,0.4257101,0.37037912,0.26348466,0.024303384,0.33931985,0.26047748,0.24115795,0.32912782,0.3347892,0.09970942,1.2110374,0.13918285,0.9360395,0.8207446,0.10983366,1.0415605,1.1229703,1.4019145,0.534966,1.0359231,0.18474758,0.59879464,0.66034937,0.21067078,0.32699382,1.3642005,0.78627867,0.37329242,0.31941167,0.0714456,1.5764806,0.054878682,0.1830087,0.17874281,0.1444626,0.557827,1.2367289,0.51888394,0.87891746,0.4871718,0.19289309,1.6676124,1.8185437,0.042610757,0.06910623,0.34008992,0.35583916,0.63196653,0.26957035,0.14464462,0.21973497,0.3109051,2.103685,0.05616217,0.54644215,0.9606239,0.5816726,3.0677204,1.1931345,0.79965377,0.72384983,0.12774302,2.0411527,0.60246694,0.16691643,0.82295024,0.80577916,0.8889065,0.2080138,2.034062,0.13502991,0.43208778,0.0,0.31164563,0.56970596,0.06964813,1.9738536,2.5392084,1.9096497,3.0873873,2.7834902,0.005776821,0.66498476,3.3559053,0.4920004,1.6356347,0.010282733,0.24699701,0.23241478,1.1152508,0.3009436,3.5493014,0.0,0.108575486,0.0140008945,1.1029847,0.5006124,0.60726887,0.36352125,0.14585127,0.5607937,0.03591303,1.3432093,1.1972243,0.1658178,0.5724355,1.5683721,0.5337823,0.6094803,0.29224682,0.26706454,0.51264673,0.4502049,0.72895783,0.16610268,0.37723833,1.1478022,1.6871394,0.648652,0.32112083,0.5235082,0.2006997,0.49703032,0.0102618355,0.94955856,0.27179247,0.8415429,0.01561985,0.009645651,0.3894215,0.2891967,0.3739757,0.07695079,0.63479114,0.01526328,0.07588649,2.323383,1.2052249,0.04280211,0.57704836,0.012573309,0.72762793,1.3955073,0.0902284,0.12512508,0.07401355,0.58322215,2.1478672,0.1603336,0.64252067,0.15110657,0.07472938,0.22026101,0.2615102,0.70324457,0.43450508,1.3566957,2.7345533,0.005268525,1.0188222,0.4341043,1.2343429,0.080288686,0.23607223,0.8385077,0.7973709,0.31541345,0.087038085,all_pothole_images\pothole_images_enhanced_5711bfc96823e75374dbbed43b358b95.jpg
0.13480456,1.5947983,1.0546155,1.2258425,0.5537842,0.25190613,0.28309065,0.0027603023,0.066359565,0.60123926,0.91554797,0.029613828,0.079986885,1.8766147,0.21107724,0.54356956,0.13651678,0.31406602,0.58725226,0.21876922,0.9940542,1.5620896,0.30036125,0.5151192,0.6308473,0.39651686,0.4896682,2.0032048,0.2551628,0.031773813,0.1683375,0.044774055,0.035742417,0.039482184,0.17739017,0.72105235,0.30860612,0.75886816,0.6795324,1.0609784,0.12870649,0.15225941,0.3909772,0.47522253,0.9767719,0.41593704,0.054951716,0.007541275,0.66251564,0.32781047,0.5396194,0.19352996,0.21056414,0.15253107,0.0011823617,0.8682372,2.305373,0.3136664,0.500408,0.14650427,0.39440727,0.030014787,0.4742171,0.021354925,0.3851157,1.3754842,0.30834103,0.252595,0.23203392,0.641958,0.17022751,0.827342,0.4375097,0.08437173,0.19202432,0.79192644,0.081950754,0.2697678,0.01729898,0.5789852,0.0694783,0.08054059,0.009275329,2.731367,0.4570086,0.5255429,0.09737638,0.06259778,1.9116265,0.582223,0.24591608,0.2880844,0.09444215,0.12754783,0.051937502,0.10509637,0.11659688,1.1666983,0.40088525,0.9137553,0.36448798,2.4999628,0.040530313,0.035595495,0.183589,0.12826042,0.38030183,0.0383498,0.13480818,0.25977966,0.22236796,1.4339464,0.04652505,0.4525878,0.41577274,0.17875141,0.5340941,0.1562156,1.4206966,0.44703305,1.0282727,0.48327804,0.036508985,0.41277122,0.9444225,1.6167042,1.6334043,0.14027086,0.256884,0.5657698,0.010559389,0.0,0.28561443,0.31216064,0.24266706,0.21315485,0.5210974,0.11904387,0.44158292,0.003821096,0.3140007,0.24195772,0.014576125,0.108843744,0.03577485,0.10311751,0.3449473,0.09021695,0.18665336,0.6543879,0.39955318,0.54947937,0.065130435,0.40109646,1.59577,0.2898995,0.44092947,0.22504465,0.17623615,0.55904543,1.0488576,0.7591794,0.9532016,1.7642676,0.44714206,0.10187659,1.5017862,0.036004577,1.7424568,0.7030015,0.008508308,0.011728236,0.07245423,0.1720704,0.6067388,0.27112216,0.301645,0.08687979,0.0968105,0.19559959,0.04300038,1.7011182,1.662673,0.7398458,0.74181426,0.27059963,0.12506455,0.15055253,0.46925938,0.43093535,0.032135457,0.21085423,0.07529025,0.59879196,0.13669917,0.22251329,0.19297124,0.41360322,0.35697407,0.6689004,0.43525657,0.74324954,0.1612422,0.54768205,0.8811743,0.30119094,0.16133407,0.016256941,0.45404816,0.39059862,0.12243516,0.2462087,1.5779727,0.5835927,0.60123104,0.61986667,1.4314857,0.011308809,0.6951614,0.4975539,0.49178484,0.05250769,0.5086722,0.61693937,0.20916048,0.010017814,0.5556264,0.1645667,0.16963585,0.5047026,0.07798998,0.091625534,0.045208063,0.022558777,0.21449235,0.30178633,0.45055267,0.058255,0.12557258,0.22081186,0.46843237,0.038761776,0.36108288,0.31407234,0.07580147,0.0,0.6140676,0.08987595,0.018199617,3.9978623,0.7205038,0.15634601,0.31453708,0.08556401,0.09778052,0.11742287,0.851113,0.3244496,0.6769701,1.5397711,0.44625187,0.15662314,0.36027694,0.27079442,0.20175673,0.7754449,0.10288363,0.3814172,1.0349828,0.012613846,0.39753386,0.011359522,0.34522972,0.23607154,0.3375839,0.7285363,0.0133980755,0.08469079,0.058536984,0.14514802,0.95808905,0.14793198,0.12865214,0.4393008,0.5065494,1.0037445,0.41203955,0.25406417,0.51509565,0.0941957,0.40670297,0.46409148,0.09064964,0.87369144,0.31084433,0.70592856,0.6338827,0.2692201,0.6923656,1.3499477,0.10077038,0.3016938,0.024416188,0.82930005,3.1808395,0.059189785,0.00936759,0.36989072,0.134932,0.5526368,0.35686338,0.15902655,3.5208933,0.7401568,0.1331309,0.48822194,0.27723426,0.79609585,1.8834904,0.26503408,0.0,0.0,0.12771848,0.9202287,0.7580865,1.6683911,0.38188505,0.15135375,1.157131,0.349209,1.6524955,0.37248337,0.017878022,0.0,0.1608527,0.13402012,1.390936,0.292826,0.21495469,0.25026762,0.15404752,0.23901567,1.1677518,0.53844184,0.16144201,0.16731226,0.021534763,0.107918024,0.14873339,0.31258932,0.429188,0.6160589,0.11704182,0.77058285,0.13317358,0.16591626,0.91445374,0.32928443,1.3224607,0.7632187,0.00075947476,0.008560675,0.5574681,0.1919576,0.047113385,0.5366735,0.92546654,0.61958164,0.3051933,0.09096432,0.9302114,0.39479703,0.58520436,0.48181584,0.95378417,0.17318738,0.02100401,0.009769964,0.10267427,0.006871142,0.23401193,0.32981902,1.3533676,0.7060847,2.1514716,0.4564025,0.963321,0.0056541883,0.17027,2.3041232,0.7142146,0.6360551,0.062025983,0.386585,0.0,0.017381284,0.041083567,0.45128626,0.17620462,0.013498273,0.9669182,0.7538971,0.032590464,1.1002532,0.19260852,0.34035864,0.38203374,0.35989526,0.7368824,0.095372744,0.39353794,0.24351549,0.21660294,0.7133434,0.060424957,0.24144784,0.5152773,0.005118179,0.6478155,0.019947393,1.5961021,0.07083755,0.15120675,0.5365596,2.317432,0.07732498,0.83691585,0.49879906,0.034810826,0.36762384,0.9151114,0.14555763,0.17975327,0.34942022,0.85934013,2.865074,0.82120246,0.11471434,0.06930131,0.2599226,0.621071,0.08427048,0.16015364,0.37493935,0.26646596,0.08704152,0.7701137,0.7910928,0.3213611,0.70306176,1.0932708,0.18367451,1.20123,0.15287153,0.7098132,0.8862725,0.53859794,0.5627546,0.14613928,0.33302358,0.5595119,0.14008237,0.4000763,0.33214626,0.104149275,0.5303155,0.30672586,0.039441578,1.0123535,0.09555835,0.46411672,0.30485764,0.047260158,0.05605051,0.6932338,0.043447845,0.07557403,0.120008275,0.2641342,0.03284484,1.1099125,1.861836,0.39847216,0.16161099,0.20874287,0.10760356,0.2589166,0.008760872,0.09875525,0.08094995,0.5629536,1.7381414,0.0,0.012000188,0.011288426,0.31437296,0.17035243,0.27270412,0.7378258,0.010464555,0.056651138,2.556136,0.09772577,0.6091008,0.013650959,0.2488425,0.26066917,0.18796217,0.03222057,0.41154802,0.45883426,0.17072736,all_pothole_images\pothole_images_enhanced_573bca4befdd51001824962ec69f6723.jpg
0.4578324,0.8003475,0.15711196,1.1714154,0.29406583,1.0657861,2.1106,0.08881952,1.0961136,0.9362645,1.269804,0.89228106,0.75556284,1.6827815,0.65927154,0.29393288,0.120053776,1.0423487,1.2652228,0.30469996,1.1864604,2.3949695,1.6054943,1.4185162,0.06339833,0.4284453,1.5257403,2.297629,0.60725963,1.5336795,0.6167853,0.24657595,1.0080587,1.2142099,0.2638505,0.8619278,0.14106561,0.99742186,0.39391723,1.1149756,0.20316488,0.7959172,0.78038025,0.769438,0.15561736,0.9009659,0.25867105,0.0064924676,0.81005925,1.3590146,0.58707464,1.8050182,0.9427193,1.5838623,0.8202248,0.7309795,0.98519236,0.37885565,1.1270285,0.5122469,0.7567833,2.8068585,2.0314925,0.875096,2.8384256,0.6136909,1.0378386,0.02551021,0.15320285,0.49749413,0.12868372,0.41848505,0.26591578,0.17397031,1.407508,1.3590175,0.38457683,0.01129712,0.27925414,0.933856,1.0830415,0.11101136,0.13455285,0.8960811,1.0754453,2.2349412,0.6722154,0.9126519,1.7505401,0.36263618,0.7759024,0.5634232,0.85088676,0.18248071,0.18610942,0.14005065,1.0877839,2.501124,1.0310192,0.38968334,0.16533044,2.7777088,0.046670362,0.5568347,0.5484837,0.9733983,0.22826964,0.29511547,0.4110583,0.5112172,0.2343704,1.1528096,1.207124,1.4289988,0.62577844,0.40448117,1.3408117,0.25882822,2.1975296,1.5519829,0.6826719,0.757762,1.2788602,1.8068535,1.1440223,1.2454776,0.47649568,1.2854137,0.79830015,1.1858362,0.25572774,1.0393803,0.8260526,0.881468,0.035997357,0.2791556,0.25605193,1.511163,0.07456885,0.39846382,2.1827166,0.25915545,0.2391699,0.68593377,0.26334324,1.6823523,0.8457324,0.1868255,0.25852105,0.27794558,1.5748426,1.3310105,0.03876713,0.09161836,1.2627822,0.4409453,0.9504614,0.31087193,2.286975,0.4647468,2.8253946,0.08620749,0.19492143,2.9816215,0.9129771,0.0824742,1.5805889,0.1399551,1.655988,0.90711445,0.09312608,0.027421348,0.27207646,0.26760456,1.6350845,1.0904583,0.12753497,0.01616435,0.8570077,0.31485185,1.4113038,1.4288102,1.9204035,1.6255696,0.30848378,0.23395903,0.18749753,0.08007165,0.14756607,0.46164837,1.0067844,0.53632325,0.26493824,1.7675974,0.0878945,0.4022707,0.9888864,0.8682717,0.6008372,1.0590701,0.34085006,1.863526,1.6670252,0.27197054,0.49101132,0.19103375,0.62913066,2.1042595,2.7137263,1.5621568,0.20496355,0.16430044,0.13820165,1.8642517,0.32091105,0.56342477,2.1601465,0.16405006,1.5461556,1.7555084,0.0559413,0.5122201,2.086741,0.7384557,0.22017023,0.6808146,1.8988186,0.3464866,0.6371058,0.33425868,0.3553578,1.6066891,0.06619066,0.41834405,0.4751183,0.048814744,0.04162242,0.740904,0.007968794,0.5484378,0.33818352,0.0985309,0.5215481,0.446608,0.044261616,0.6889487,0.6418598,0.16831724,2.793259,1.999234,4.368884,0.025322178,0.4684983,0.092667304,0.43018696,1.7530621,0.021371756,0.029024357,0.6171781,1.7735133,1.0035625,0.00065666344,1.7626159,0.485009,0.13358633,0.26847717,0.017202666,0.84802073,0.26740038,0.5226741,0.46843863,0.36496282,0.33834484,0.27433887,0.06788126,0.11025419,1.4619315,0.33638537,1.5414298,0.27104503,0.55592114,1.5393509,0.3494268,1.4268795,0.7614615,0.7067246,0.16490111,0.08572063,0.8208563,0.039780665,0.8515872,1.1014622,1.9825573,0.13803713,0.29917526,0.19646493,1.7706091,0.5571878,0.49798927,0.7676064,0.40221205,0.8640653,0.19633898,1.096534,0.3335697,0.91361314,0.090902716,0.44653437,0.42698765,0.6413552,1.9648491,1.4857384,1.9742336,0.9676819,0.12510478,0.6370452,1.0485865,1.0937299,0.7343867,0.2646717,1.5316479,0.6039544,0.12580827,0.9501986,1.8200502,1.0700684,0.077273004,0.4891946,1.9418747,1.3532467,0.0035300169,0.34799615,0.08398636,0.63168806,1.043075,0.18566921,1.2495986,0.8540104,0.27841696,0.6899522,1.0465047,0.24615404,0.33327323,0.0073961,1.7446058,0.24576,0.2583674,0.12104945,0.29121462,0.66989726,0.5833076,1.2935339,2.088261,0.41484925,0.06372825,1.1295722,1.0244842,0.08866203,0.33838418,0.79964805,1.1913892,0.92663395,0.06429635,1.5899432,0.48309848,0.01877108,1.3015724,0.39662924,1.4481181,0.079444036,0.28673267,0.74490243,0.4605121,0.35678676,2.351012,0.85861105,0.4866846,0.11444925,0.010332883,1.5836924,0.2768685,0.27567372,1.3552678,1.0022755,0.8485352,1.678385,1.9571381,0.044668585,1.6482916,2.3071802,1.0486019,0.4631063,0.2877037,1.9391818,0.0,0.5993843,0.53450406,0.66479754,0.5837085,0.057003774,0.56598234,1.1716975,0.6213197,2.410375,0.5523871,0.0045210747,1.2551386,0.62460214,0.40008888,0.8265747,1.396699,0.80354214,1.1596192,0.83149475,0.5084063,0.22480606,1.0622966,1.3823689,0.22679648,0.0032574595,2.0367937,1.4202787,1.6014341,1.8352567,3.4211857,0.012958962,3.393833,0.6229723,0.6416978,0.5339709,0.12448354,1.2128628,0.008348552,1.2828199,0.6730644,3.0453522,0.7085116,0.7303188,0.2252446,0.20949952,0.62814254,0.289647,0.029990174,0.2468618,1.2288179,0.0075101564,1.2172813,0.26711565,0.60795957,1.2177421,0.22047973,0.7255264,0.44078472,0.5278447,0.21933131,1.6582695,1.8686846,0.24573372,0.328455,0.31021056,0.7507669,2.0450048,1.1771231,1.5480638,0.9367355,0.88899165,0.32841817,0.37374768,0.42682308,0.9578873,0.68170494,0.36535522,0.9309851,0.7643238,1.091112,1.4963808,0.070093565,0.5637298,0.012028993,0.50258154,2.480778,1.4643348,0.31318936,0.8585243,0.014168156,0.3300115,1.3045595,0.04506704,1.6048535,0.54797715,0.35675848,1.3252708,0.36573854,0.5241893,0.4377667,0.07639699,0.7754087,0.10971918,0.0016618277,0.024928808,0.27607846,2.277213,0.4513901,0.91053116,0.8937035,0.2753606,0.0,0.4826546,0.100923456,2.1981897,0.8684797,0.9584606,all_pothole_images\pothole_images_enhanced_580cd0bc5deb86f148fa3921543c1d66.jpg
0.394012,0.3449005,0.0149992155,1.8298742,0.0374864,0.21146394,0.73633105,0.06738704,0.62573385,0.07852576,0.24932756,0.18292503,0.2350345,1.2992307,0.020255044,0.019916037,0.40186754,1.2667487,0.22338225,0.0,0.62730825,0.029280273,0.36157766,0.78537375,0.4374918,0.058356263,0.7638719,1.6342927,0.19989648,0.08569186,0.11526341,0.47612566,0.05584193,1.5024284,0.14076488,0.24830402,0.03828668,0.031028328,0.52028483,0.0791663,0.0,0.14523531,0.08631017,0.4531704,0.06982048,0.18961093,0.10725083,0.6273328,0.23296885,0.7503632,0.0,0.6019862,0.1382431,0.017497823,0.7963249,0.99569917,1.0960597,0.5442036,0.5119767,0.5284831,0.0,0.20045073,0.31049338,0.20628992,1.3616899,1.2006756,1.0221031,0.26371682,0.30299416,0.019563952,0.5038982,0.03220914,0.6324778,0.02708545,0.5348541,0.0,0.08399866,0.14887597,0.0,0.0052007176,0.030979443,0.27109674,0.94900006,0.5239257,0.28054607,0.05120495,0.08871123,0.1802514,0.85946906,0.2411889,0.7706994,0.6674271,0.26330394,0.2231912,0.23885623,0.19501683,0.19303194,0.69208205,0.0020108619,0.13312647,0.40207952,1.2945806,0.3752735,0.23129943,2.1864867,0.41717187,0.25028202,0.09741956,0.3727463,1.037111,0.30803883,0.085869595,0.26278535,0.8955083,0.101674505,0.25826046,0.08249941,0.4464717,1.288542,0.29810438,0.6791042,0.48420233,0.15670782,0.48627594,0.8257253,0.33565444,0.24115355,0.51859295,0.39772573,0.19184229,0.33658007,0.045883484,0.0,0.60571337,0.09916868,0.18250017,0.33432615,0.14030418,0.025582196,0.05326349,0.5134124,0.10340315,0.9764097,0.23866731,0.095419355,0.35242984,0.05176665,0.31448758,0.27570814,0.30254656,0.009130042,0.13686113,0.03730683,0.1397339,0.9101162,0.31446093,0.5801089,0.34858266,1.2349341,1.3476537,2.3394327,1.5718863,0.16501175,0.13505206,0.6048547,0.10547234,0.44866073,0.13866629,0.6157173,1.5336183,0.032689314,0.22574942,0.08000186,0.03658476,0.08828244,0.93346155,0.120320365,0.0,1.0699589,0.06036768,0.0,2.7714605,0.6154391,0.49042553,1.9768695,0.2822153,0.12646252,0.23619814,0.626621,0.82971686,0.14818026,0.3398705,1.344431,0.9920349,0.051470794,0.17185755,0.8547793,0.9964587,0.56076175,0.3566042,0.037242226,0.8108053,0.008285173,0.032347318,0.5233656,0.41141516,0.36234346,0.0019642906,1.1684424,1.1200249,0.01454876,0.021387396,0.03497745,0.044792548,0.7656812,0.98190624,1.3664914,0.14227048,0.0,0.20362987,0.15060452,0.0016406216,1.1472545,0.0015609979,0.0,0.0,0.40849653,0.021840723,3.2028496,0.22805825,0.050098088,0.0,0.089398965,0.20329954,0.016436948,0.13008232,0.75063276,0.36808032,0.07217013,0.045433015,0.11576921,0.05357704,0.07224768,0.09012939,0.0094795255,0.017871771,1.1256719,0.32129377,1.5230007,6.2612877,0.27088022,0.32136586,0.0,0.11307548,0.13114114,0.84792036,0.044486526,0.37170565,0.22672921,1.3573029,0.44207135,0.3226242,0.089532636,0.7018619,0.14677803,0.48663807,0.2285808,1.5832369,0.29323527,0.22848347,0.1784012,0.07200854,0.8486076,0.9321288,0.09913846,1.0688428,0.48084807,0.3004355,0.04638268,0.024410332,0.2586049,0.19996764,0.34254348,0.06736966,0.0,0.63185984,0.18486497,0.0293498,0.5519321,0.15191522,0.0071799047,0.12337984,0.002685515,1.5775685,0.18462321,0.5405695,0.4507803,0.017335637,0.00436712,4.524706,0.35601762,0.17105606,0.0,0.011620495,2.5841615,0.0,0.22964643,0.0,0.13727483,0.307644,0.40167177,0.67813426,0.38935095,2.037118,0.649286,0.0,0.50175875,1.192838,5.622417,0.28557903,1.192761,0.022749988,0.013801201,0.33960333,0.108965494,0.0004722587,0.57159156,0.0,0.16966552,0.008677639,0.5759019,0.043812916,0.57470924,0.0014393018,0.008457288,0.00035964095,2.9484947,0.005980355,0.7268112,1.890423,0.27798194,0.22106878,1.8812491,2.8477142,0.95869774,0.17297095,0.10104555,0.8552512,0.16240837,0.0039048337,0.23661953,0.20448957,0.0066203396,0.17444372,0.0038539541,0.65271896,1.7078628e-05,0.18911523,0.3534963,0.97954684,1.0453373,0.05587213,0.96174306,0.2543036,0.015993154,0.029882552,0.21728872,0.013447635,0.918161,0.22563903,0.024528714,0.5372831,0.44004917,0.07793024,0.33917603,1.3259648,0.5652537,0.03983655,0.66083854,1.3174955,0.5075497,0.0,0.04553666,0.06378219,0.5827528,0.7042895,0.3536317,0.024675421,0.0,0.33192283,0.6291027,0.37047923,0.00059346785,0.5632739,0.0,0.60858774,0.28946313,0.6137856,0.3255915,0.05830932,0.024166668,1.0267963,0.09397438,0.0,0.34905764,0.0,0.39066228,0.24499464,0.5039002,0.5733131,0.07015432,1.27998,0.123387925,0.057107147,0.007889528,0.40060937,2.3346546,0.041491903,0.99225724,0.007849388,0.2119505,0.80317974,0.0,1.5579768,1.2564745,0.073270425,3.1479628,0.0,0.14071974,0.06390553,0.11868531,0.13397406,0.3649615,0.7384069,0.46299323,0.0462289,0.060954668,0.65306777,0.1534988,0.0070183123,0.16139188,0.2222346,0.01902904,0.0020266143,0.044604283,0.0077918353,0.123179056,0.035410617,0.67556393,1.1093414,2.2918446,0.18531819,0.9513464,0.1799707,0.19556369,0.28324413,0.027671926,0.039070677,0.015197616,0.5503789,2.3993108,0.48520687,1.1478761,0.28788158,0.1864239,0.038632378,0.100967005,0.005701167,0.01903187,0.1403167,0.89570504,0.82762194,0.0,0.00031556524,1.0156206,0.45613962,0.19895604,0.16217555,0.084828824,0.08229079,0.88259053,0.14484075,0.4850543,0.79808587,0.6867287,0.041669294,0.012286926,0.13612927,0.83916324,0.0,0.19067952,1.4382367,0.05309029,0.81713474,0.07939081,0.0,0.117345944,0.0,0.097288415,0.15013821,0.58591974,0.97955835,0.75052345,0.6938309,0.5659324,2.0727308,1.2935246,0.025266893,0.021995623,0.24924102,0.7783415,0.60925263,all_pothole_images\pothole_images_enhanced_58382ae09c7755cc9850b7dfcaa33033.jpg
1.6575096,0.027062863,0.8021754,2.7779777,1.3333471,0.6013822,0.67197365,0.19548646,0.21579571,0.049315657,0.162972,0.2604023,0.15811051,1.5602996,0.46643004,1.5293236,0.08848818,0.3709484,1.5183278,0.2202337,0.7879527,1.1318489,0.9555516,0.11343543,2.2488253,0.34030938,0.8084578,1.8888185,0.6387042,0.12853399,0.3421545,1.1406955,2.0321524,0.09708671,0.24801369,2.6208565,0.0,3.0210676,0.24133593,1.5342723,1.8151351,0.54549664,0.049459487,0.5211551,0.007436733,0.930072,0.47102284,0.045356583,0.93261826,1.7177289,0.32772171,0.394852,1.0561259,2.0368242,0.3454495,1.2067809,1.7139741,0.2035648,0.38030654,0.22986966,0.19489637,0.8222868,0.25452766,0.277926,0.1379726,3.3620324,0.060728177,0.2365853,2.1769216,0.20692657,0.25431314,0.47185874,0.55779046,0.23569149,0.12837452,0.9010409,0.19078052,1.1702101,0.044382542,0.47471532,0.0706935,0.0,0.06312476,0.2204661,1.3685583,0.6485937,0.12411684,0.29265964,0.88932407,1.1675376,1.4359686,0.012888218,0.0,0.2088018,0.9073105,0.22002915,0.075540185,1.4658571,0.7358432,1.396158,0.42790392,3.2690575,0.86233044,0.12298047,0.23561057,0.25737333,0.31274423,1.1079019,0.0,0.49101803,0.0712048,4.6063466,0.95055413,0.33367577,0.4545295,0.22735909,3.3600988,0.108834304,4.4262714,1.2411468,3.272143,0.50030756,0.05643764,2.0628037,0.3745989,0.3924857,0.9713044,1.9424927,0.33990368,0.035321064,0.6241149,0.0,0.15707268,0.59290236,0.074260995,1.4404808,1.7246584,1.6527392,0.29122394,0.00070623396,0.42804983,1.1681987,0.611531,0.20076732,0.12421803,0.35991913,0.0887729,0.17494172,0.94954836,0.13999899,1.121605,0.7858961,0.095453516,0.38278592,1.7983996,0.9591731,0.5822749,0.93779,0.88288003,0.5084168,1.1112263,1.6995659,0.0,2.745018,0.0,0.9227189,0.22812647,0.013327229,2.426538,2.7217183,0.05335144,0.16987,0.023253037,0.38140532,0.51707894,0.02202388,0.16620527,0.036835305,0.12712607,0.37088895,0.0,1.9421748,2.9515817,2.5610433,1.7032158,1.8238955,0.35703218,3.2856364,2.5689402,0.5116419,0.58191806,1.0731579,0.03422362,2.9566252,0.34018928,0.30858457,1.5662175,1.0609753,0.6799993,0.082021326,0.59546864,0.9671509,1.8990872,1.0829579,3.0916398,0.30294663,0.83408,0.55792624,2.0996723,0.26728937,0.033658925,0.00038510194,0.88315696,0.24016899,3.141812,1.0240855,0.6512967,0.37676868,0.18770352,0.058996756,0.19791819,2.5052257,0.8944683,0.5872817,0.014909729,0.7011535,0.7810341,0.9090294,0.7508419,0.7234807,0.050214924,0.15304622,0.89548194,1.0786513,1.3794267,1.1709615,1.5370667,0.003641998,0.1106138,0.47794202,1.3001108,0.49518666,0.103276536,0.53307855,0.14435717,0.4568071,0.18689176,0.11677606,0.23071519,3.2177553,1.5413105,0.22458313,0.8353124,1.0349976,1.1646125,0.269154,1.1385579,0.2539998,0.18792826,1.2711039,0.22839028,0.9632847,0.40971175,2.5340893,0.99291086,1.6383026,0.0032857948,0.30371812,0.37651965,0.83709383,0.2894581,0.70670956,0.003384391,0.1651148,2.5224006,0.6410077,0.49767965,0.9709432,0.53274155,0.52960587,0.07837222,0.52232444,0.44053555,0.52617544,0.2123421,1.2419555,3.1110535,0.45871285,0.17788619,0.33060455,1.008956,0.10646421,0.34435567,0.8699992,0.23316386,0.20564683,0.42808282,0.3797507,0.2365029,1.3078624,0.19375178,1.370698,1.2224219,0.5522686,2.7985508,1.3397228,0.2702579,0.16024558,0.95610327,0.31795385,1.4420204,0.3039369,2.465333,4.5095415,0.7373295,1.5588757,0.022466186,1.033947,2.4716973,0.05701391,1.1039187,0.10047708,1.1919892,0.43859538,1.6784272,0.3663925,1.0086522,0.0,0.45298973,0.036179367,1.5537428,1.2867403,0.016054083,0.19485228,0.44045058,1.0926936,0.0388852,1.4533355,0.2514032,0.47602162,0.1884422,0.43580315,3.9323967,0.20374937,0.82836443,0.6813939,0.21230628,0.074723236,0.1141582,1.2240306,0.64680123,1.1536732,0.3368327,0.85883796,0.4240045,0.34099293,0.07718897,0.7806692,0.98459905,2.1114702,0.7571928,0.9295377,0.816106,0.84042674,0.7311597,1.3663509,2.1624596,0.18911007,0.27575135,1.076757,2.320634,0.30508742,1.537323,0.5024834,0.46909657,0.050084703,0.18935442,0.22431707,0.2981746,1.0240129,0.34502327,0.6666202,0.06457883,0.7115149,1.874199,0.24501407,2.1724977,0.040909193,0.29096812,1.1678188,0.5125138,1.5420909,0.17742145,0.11948139,0.04656216,0.3795379,1.8385231,0.042420838,0.91660917,0.45573258,3.24792,0.8408268,0.28934503,0.11874267,0.33033168,0.16634147,0.0961051,0.2558116,0.55446965,0.0,0.90950453,0.18377921,0.49873358,1.7664511,0.02916322,0.10121228,0.5702962,0.38122985,1.0586226,0.7436695,3.784537,0.034050133,0.80386794,1.7861207,0.73537165,0.016149856,0.27563655,0.11652226,0.42749825,1.099405,0.09236622,0.9786835,0.8321061,0.59743035,0.15581179,4.9950824,1.8196406,2.654993,0.7746445,1.4334544,0.21216547,0.11567301,0.12929444,0.06499965,0.16735551,0.0077434876,0.22839046,0.14830662,0.1512277,1.034462,0.88198525,0.3589437,0.07517477,1.823429,1.7147926,1.6506217,0.40664715,0.07506035,0.64850295,1.7375072,1.6087736,0.18520509,1.3953664,0.45893422,0.36615172,2.5821996,0.28154442,0.048794337,0.19454832,0.14011797,0.48347446,0.9324694,0.54993343,0.29033226,0.5460184,0.13291256,0.28197864,3.067225,1.3963695,0.17063351,0.14249684,5.693288,0.7404122,1.187614,0.0,1.0557756,0.33702675,0.06210361,1.1393627,0.23904455,0.04084079,1.2581693,0.93136,0.27846983,0.30809653,0.012141328,0.22532363,0.33084413,0.82169855,0.23627162,0.32097384,4.086679,1.6756582,0.40270722,1.346097,1.1953726,0.52996916,0.70561635,1.7776521,0.48082694,0.35450503,0.92772114,all_pothole_images\pothole_images_enhanced_58880e81633491d960364a4fc3c108a2.jpg
0.97499114,2.4614012,0.27159536,0.88186145,1.4955282,0.24860428,0.25366592,0.45000362,0.20394525,0.18071793,0.9579494,0.061959848,0.2744049,1.5139203,0.069691524,0.35243303,0.5423957,0.28710938,0.15855443,0.25544593,0.30228233,0.81051075,1.0434964,4.16143,0.33467165,0.33735266,0.49573925,0.5397514,0.30801135,0.62725943,1.7994437,0.468068,0.836719,0.20141788,1.5182683,0.23874776,0.7156006,1.4845072,0.2548192,0.44776714,0.59650296,0.2168387,0.10095228,0.22816283,1.0066894,0.265107,0.18657283,0.244018,0.25427887,0.2888342,1.1806136,0.66688675,1.3090577,0.36295414,0.2461394,0.57206905,2.1773744,0.0069787838,0.35845098,0.11788624,0.30229548,0.049173787,0.6967996,0.20887639,0.46928728,0.35693184,0.1468837,0.42751262,0.32188722,0.32064694,0.42320797,1.058246,0.5389576,0.14255844,0.75826323,1.8288165,0.5994676,0.6544918,0.012865202,0.0405183,0.29567954,0.8270793,0.3760253,0.36422983,1.1709831,0.24755263,0.09719995,0.105821736,2.7074547,0.042004574,0.28909507,1.1215909,0.10150158,0.40286663,0.12817542,0.1488839,1.2619497,0.9832797,0.37311327,0.677801,0.0023752276,2.1771007,0.55981976,0.7768957,0.3066064,0.845444,0.20981911,0.15478802,0.06406619,0.70605904,0.06935502,0.28571993,0.89303106,1.7259934,0.54956794,0.41007194,1.414174,0.15984775,0.45783964,1.1909505,0.6990365,1.891052,0.5222018,1.1422218,0.07108924,1.1010222,0.12998931,0.7336643,0.8051219,1.2064167,1.0119097,0.30824944,0.62902385,0.7701192,0.022090936,0.8017129,0.3155962,0.23649073,1.7786907,0.63170207,0.8188766,0.6470376,0.891121,1.7715645,1.3899533,0.6579278,0.9440125,1.0324568,0.10747426,0.5295815,0.35985947,0.47534695,0.11456985,0.28938457,1.3600805,0.42879018,0.47010693,0.31559384,0.20598583,0.545337,2.2434876,1.1062044,0.044168238,0.43034914,0.4927582,0.009957548,0.6777278,1.1550585,0.77352995,0.8431323,0.3153346,0.058001954,0.20253852,0.25632602,0.29324555,0.80427223,1.7235892,0.0035046875,0.18437977,0.36082727,0.33402753,1.2537822,1.7897532,0.95675635,2.3243158,0.5479885,0.5472941,0.49582535,0.55433905,0.38619375,0.25429815,0.6391612,0.055316653,0.8958562,0.036335476,0.3072086,0.7306989,0.5773594,0.10284969,1.0214514,0.021846488,1.7983079,0.5035516,0.15079959,1.9461844,1.3111968,0.5963442,0.1766777,0.90255743,0.3824169,0.092480995,0.56216824,0.66782105,0.71412784,1.2895495,0.7070501,1.3008692,0.12556772,0.65123177,0.0070250668,1.370455,0.05641133,0.86038697,0.2509205,0.028170431,0.5066505,1.4395219,0.23322843,1.0041018,0.5855181,0.34040084,0.40756777,0.06364479,0.33256432,0.45799178,0.5183737,0.9833515,1.0673337,0.11069776,0.06338946,0.37521863,0.3919759,0.1384255,0.40289718,0.007757773,0.50321907,1.3840282,0.6200141,0.50013536,2.4999297,0.31052232,0.15064295,0.64780855,0.54205215,0.28336033,0.67937624,0.5267442,0.2549952,1.0807837,1.0628285,0.8122292,1.2167658,0.1705508,0.19807799,0.6398281,0.1764748,0.091688775,0.711849,1.3279134,0.6904081,0.33825177,0.06601772,0.042480443,1.6788182,0.39855525,0.64344126,0.8012798,0.9619442,0.92727846,0.45807424,0.11227225,0.058487434,1.1158309,0.45862478,1.130685,0.22976871,0.06483122,1.1939193,1.4072196,0.15255488,0.5795644,0.18211238,0.0,0.77456397,0.2902729,0.14944434,1.1322392,0.34567875,0.6313562,0.8125176,0.03149042,0.17864935,0.053550024,0.2963635,4.010065,0.38966992,0.063777976,0.40903527,0.08403826,0.6630936,0.44712478,0.72545546,2.7206328,0.81396496,0.04678946,0.34386078,0.33484375,0.16024579,0.42635924,0.24516058,0.5927476,0.22972943,0.23094356,0.4699603,1.3162563,0.67651606,1.0240402,0.32001713,1.1933004,1.4110814,2.692405,0.06210291,0.20655608,0.42566225,0.5159805,0.31485665,1.14881,0.32471585,0.5880798,0.0823879,1.2334437,1.1470366,1.2039026,0.2098288,0.21056047,0.9301352,0.4938711,0.04051082,0.46282616,0.5776412,0.32614535,0.59212434,0.19124892,0.6201679,0.74048924,0.16632998,0.4640048,0.6437337,0.3763335,0.33591133,0.44755772,0.46072063,0.28275496,0.89583945,0.01922055,0.5202366,0.621774,1.024779,0.4707812,0.39739075,0.6514324,1.2968355,0.729816,0.77598935,1.8136715,0.95085347,0.012786853,0.17263685,0.25391874,1.0184786,0.20056994,0.4405628,0.2419764,1.6000608,2.6506002,0.10663065,0.982561,1.2034714,0.7432122,0.87566715,1.497497,1.2439516,0.53774154,0.4987318,0.08606432,0.089477964,0.19293469,0.684678,0.74261504,0.2615713,1.0326244,2.6406608,0.5487599,0.7076679,0.0,0.29666373,0.94000244,0.9188755,0.3196887,0.487998,0.045402993,0.7220276,0.15227352,0.38755277,0.08554129,0.21903388,0.432665,0.64369243,0.017119931,0.6080402,0.6133167,1.4212307,1.8007566,1.658079,1.7587364,0.9333304,0.86305285,1.7630299,0.2688283,0.28200632,0.5669741,0.40249258,0.4695908,0.4343772,0.3729599,2.6973085,0.79736614,0.17986362,0.0103861885,0.6586101,0.9585597,0.7143238,0.175759,0.24032247,0.49423274,0.5146932,1.6858512,1.0233219,1.5049871,1.161595,0.8267329,0.31220013,1.9028251,1.0484633,0.2354855,0.70754164,0.9170383,0.29776278,0.23273247,0.8651096,1.9630891,0.5781464,0.89199597,0.9732181,0.26033342,0.03672903,0.71744764,0.3803987,1.1707773,1.3544489,0.32088527,0.45996296,1.1428021,0.3867843,0.50118005,0.24873938,0.40519267,0.26186982,1.9039556,0.10113415,1.1876047,1.4618319,0.42495042,0.95212036,0.09822417,0.24830526,1.4301119,0.90137047,0.98813933,0.10081486,1.1389964,1.7391673,0.3584609,0.30610713,0.35012108,0.11425454,0.2649855,0.119808756,0.21764235,0.49319828,0.8052279,1.6512566,0.47293183,0.5854501,0.2222879,0.21767838,0.080689594,0.6964801,0.22592236,0.57003653,0.18029848,0.27323678,all_pothole_images\pothole_images_enhanced_58944e03e5c1f64a52443d7ece3dcfb2.jpg
0.13428642,1.910744,1.2845168,1.3675827,0.63880867,0.46846485,1.882197,0.5076313,1.0335995,0.63559455,0.19815838,0.49458358,0.5414109,1.4722221,0.74477345,1.2972708,0.16271846,0.52595264,0.89861006,0.13676184,0.45127693,1.267408,0.6868378,2.0764031,0.94669074,0.49144015,0.078803934,0.85460186,0.45318627,1.4601852,1.2028791,0.77926385,1.0806724,0.6008504,0.5145252,0.24105565,0.9858409,0.551957,0.053826362,1.3441265,0.20411307,2.0673425,0.83529395,0.5293345,0.3836058,0.26465654,0.24688089,0.22971168,0.010862367,0.16040152,1.1109718,0.7556114,0.51679724,0.20767017,0.08370136,1.0143234,2.1543653,0.84634477,0.79007787,0.49357077,0.3874775,0.7294322,1.6761339,1.5705822,0.28237137,0.6996061,0.7921632,1.1455206,0.030515576,0.856038,0.4005149,0.058164533,0.11002322,0.46408987,0.7176565,0.97974,0.2683445,1.0665126,0.47075042,0.19923669,1.366216,0.52248234,0.22097397,1.2693428,0.94180197,0.9893899,0.22667131,0.5355775,2.7770298,0.070996895,0.75700444,0.5023807,0.3798236,0.3630195,0.03459462,0.10239935,0.4233451,0.79502344,0.32598495,0.70689654,0.14260134,1.3643783,1.7151059,0.40599838,1.5375494,0.65341425,0.18592033,0.28289226,0.0647192,2.4378407,0.38290966,2.3328645,0.6838982,0.8317025,1.1244982,1.6262589,2.0963306,0.33412695,0.7977657,0.3701273,1.0423405,1.0644181,0.9551303,1.1489707,0.12889375,0.7747725,0.01955428,1.4009799,1.6280905,0.56745595,1.0974457,1.8589866,0.30629984,0.583096,0.56049055,0.6509655,0.09966351,0.34395614,0.31854886,0.2271461,0.8695135,0.6776073,1.0505902,1.8216717,0.27953896,0.61133575,0.35877904,1.0603565,0.9026826,0.9797629,0.59532934,1.5537544,0.4451307,0.77676,0.41332963,0.63053954,1.2983128,1.0640144,0.3236977,0.70556873,1.7704118,0.25446248,0.41916344,2.0844772,0.46507415,0.30339795,0.9150475,0.36921418,0.2809469,0.25612664,0.8077995,0.6221944,0.08626459,0.7711116,0.46981615,0.37420467,1.0370085,0.31767365,0.72150326,0.2990321,0.2502396,0.80204827,1.3300629,0.87042594,1.0056281,0.19052184,0.33282483,0.90255797,0.20776606,1.6279716,1.275787,0.21269147,1.3510147,1.4904766,0.50902647,0.07298458,1.2994788,0.29501435,1.1877894,0.1681219,0.3864654,1.1748136,0.20732962,0.27176294,0.38145834,0.7564289,0.8920462,1.1104759,1.2086657,0.0,0.8588987,0.39247206,0.24609289,1.9110368,0.67550236,0.87703145,0.67815864,0.36836502,0.8673966,0.22358903,2.6692352,0.0,0.56344,0.9778232,0.4247095,0.3686695,1.8588839,1.5277925,1.4135286,0.54975075,0.3835805,1.003416,1.1532475,0.05974229,1.1450554,0.0150261065,2.4712834,0.24255702,0.2979869,0.36103356,0.29280943,0.13679042,1.4948392,1.4019573,0.4357692,0.19504644,1.8574992,1.2217597,0.37738308,1.5789467,0.29859588,0.8450855,0.7523918,0.4531577,1.6209524,0.2717022,0.6851418,0.03830144,0.7654355,1.4071803,0.17378892,1.5579382,0.4294055,0.6625222,0.18703836,0.76605886,0.34092343,0.5860097,1.7453645,0.90450543,0.8299935,0.31769782,0.2574233,0.3850965,0.50141245,1.3284454,0.44352335,0.8999261,1.5470852,0.77401096,0.44582468,1.2229462,0.86843836,0.6971135,0.2747604,0.18484122,0.38135433,0.8654521,1.692187,0.11915668,1.0570508,0.5341252,1.0824946,0.9564154,0.27617496,0.28252262,2.5421941,0.46871695,0.056191597,0.20607373,0.32269827,0.73513436,0.52133167,1.4174327,2.1875517,0.25870258,0.7507897,0.72536176,1.0619495,0.37866506,1.5801073,1.6250653,4.3434367,0.94045925,0.677935,1.9806967,0.17978549,0.84610885,1.2585663,0.3324528,1.5428613,0.9572589,0.958262,0.14117093,0.30725282,0.18220694,0.8049183,0.24111019,1.213435,0.13603933,2.743048,0.3821293,0.80811995,1.4309471,0.43848705,0.4200453,0.23766063,0.32096434,0.47851962,0.22886717,0.10906148,0.68283236,0.40144697,0.2701161,0.012507734,0.09880132,0.46919748,0.3415136,0.08138986,0.73506147,0.35543618,0.84135956,1.265782,0.045749497,0.7574819,0.08043762,1.679686,0.5408803,0.15639666,0.88833517,0.32119188,0.90176034,1.2037116,0.08845126,0.3091093,0.040615052,0.6496071,1.0171089,1.1581311,0.48950174,0.87995994,0.8225348,1.0400558,0.5399501,1.3625805,0.722756,0.08248669,2.2635446,0.5210024,0.80634445,0.8179714,0.21164852,0.2045241,2.192208,2.0917206,0.5129826,2.569723,0.11792892,0.44805914,0.37661594,1.7635189,0.9465932,0.0045571523,0.26923013,0.1950512,0.6630064,0.6176886,0.36847007,0.9100151,0.31280515,1.7642466,1.0155218,1.728802,0.6499188,1.1911228,0.43560353,0.76660156,0.8747047,0.038541015,0.21197085,0.61948127,0.9943935,1.614095,0.10558817,0.50043994,1.0200506,0.664859,0.4428022,0.31135935,1.1427923,0.33438212,1.5908986,2.051812,1.9020193,1.7632213,0.90684074,0.64716923,0.5146777,0.52890617,0.95560384,0.49675554,0.900378,0.4770242,0.4934394,0.3736856,2.8396864,0.36749005,0.74544203,0.31580314,1.5313472,0.8624647,0.10440618,0.21546644,0.276797,0.07956853,0.06655601,1.349817,1.322775,1.7503326,0.42045918,0.89805377,0.41497868,0.9363632,0.6242513,0.2295214,0.20240568,2.7875433,0.0040450166,0.1796025,1.0973587,2.8104355,0.85067916,1.1607851,0.71061105,1.2579458,0.078770064,0.7427578,0.20650268,0.22504249,2.0139782,1.7798744,0.8612002,0.18548465,0.7374334,1.3235663,0.77576417,0.7428638,0.5655878,0.86574847,0.90512145,0.6023803,1.4657211,1.9049011,1.0531965,0.17512617,0.7137576,1.6640673,0.25803182,0.44573838,0.13893084,0.13659737,0.9436387,0.33959603,0.8106749,0.58489734,0.715996,0.9381593,0.123241045,0.30157524,0.8423228,0.42175153,4.906348,0.82847416,1.7808744,0.08114576,0.45068198,0.19389853,1.3455864,0.30695456,0.3161485,0.7318528,0.023259247,all_pothole_images\pothole_images_enhanced_58c8287ee179d1e4b1a8a67677d471c6.jpg
0.4170134,1.4115429,0.34664842,1.2544173,1.5457313,0.7794259,0.8735146,0.054650594,0.17664701,0.5521874,0.43804908,0.89025116,0.431781,2.241225,0.51177526,0.29982787,0.12632397,0.25579083,1.2333841,0.29840088,1.1065228,2.2088432,0.30145127,3.5039055,2.1188948,0.41951233,0.37070027,3.0930312,1.0880859,0.20464383,1.6642506,1.1270775,2.1042907,0.7851878,0.21274795,0.46100646,0.5124515,1.9313514,0.071026035,0.7609924,0.7511239,0.33973888,0.31032893,1.1977336,0.35859254,0.28689632,0.031552043,0.028144268,0.81428075,1.3984377,0.7611131,0.18563992,1.1441495,0.67476386,0.121480145,0.5209536,1.7692293,0.034065112,0.18566188,0.30049247,1.1000584,0.016101332,1.1540707,0.6647016,1.0521853,0.9430573,0.6213018,0.3915562,0.019287651,0.13263838,0.053255375,0.7895038,0.485272,1.658041,0.39930305,2.5886133,0.37165502,1.8373153,0.21317561,0.25456816,0.047993425,0.094017096,0.14914346,1.2982457,0.32836765,0.48027006,0.5586988,0.5096528,4.379139,0.014968547,0.17805782,0.30809128,0.08596853,0.69058967,0.34695318,0.33829382,0.6124055,0.48838067,0.7580382,0.2847269,0.015640276,1.6528276,0.4895208,0.24787824,0.8278039,0.34070727,0.048861444,0.7834442,0.45586395,0.5791698,0.16518359,3.5009851,2.333487,0.55415785,0.39996663,1.2379806,2.7931788,1.3346224,1.1784465,1.0097251,2.9538457,1.2371447,1.3140159,0.89375454,0.34056565,0.42238694,1.257997,0.78626996,0.9855801,0.692154,0.22884847,0.03808313,0.04802736,0.5944979,0.22778244,0.82634,0.5212653,1.0604655,0.37596467,0.5953158,0.6545784,1.3599515,0.0057044625,0.627507,1.252291,2.1999862,0.24030705,0.17115593,1.2160214,0.60258234,1.1742336,0.7277018,0.04516317,0.0024095841,1.4791085,1.4718918,0.7784762,0.5953782,0.8407515,0.8412295,1.6948868,1.0171212,0.91317433,2.508613,0.0073379427,1.9458839,1.18347,0.47741362,1.8975341,0.24657945,0.65659994,0.10993866,0.73533255,1.8395851,1.0960684,0.84564316,1.0481788,0.57634485,0.1573134,0.32106048,0.0021587752,1.8801368,3.564374,0.92650074,1.6881515,0.5833871,0.44185257,0.6104248,0.6820659,0.8452017,0.3629104,0.78965276,0.06096071,1.8428731,0.80963755,0.82229537,0.1013545,0.38312587,1.0982455,0.53313804,1.9319415,1.2815198,2.0524862,0.7080562,2.067967,0.05606337,0.1388173,0.39931923,0.21660858,0.24065503,1.4674673,0.231635,0.09274785,1.0629272,1.9777498,1.8984247,0.8648257,0.2682833,2.1292987,0.22515525,1.9388082,0.038121454,1.1833178,0.49907294,0.04326077,0.55738604,1.6076152,0.90732193,0.3038757,1.1103243,0.2537214,0.926511,1.1082,0.7355893,1.0852641,0.13617468,1.4618287,0.16321638,0.07431729,0.3854781,0.5886832,0.29946738,1.2165976,0.065488525,0.74190426,1.0721946,0.81665194,0.024932615,0.90671843,4.8578386,1.0368996,0.41716248,0.65167135,0.43568844,0.70076096,0.5936999,1.0525473,0.5688258,0.31743878,2.6217268,0.4486402,1.1044562,1.1607674,0.0,0.26698792,0.21573105,0.14788863,0.20648104,0.84982884,0.9635592,1.3969475,0.14531669,0.17439112,0.20391133,0.36745083,1.089793,0.46519268,0.82834494,0.387173,1.1432049,0.34019282,0.2121918,0.54652137,1.2296687,1.5725502,1.3208017,0.47049016,0.85360414,2.373216,0.5973979,0.7687552,0.7818044,0.6705902,1.4999166,0.5853147,0.18183114,0.8298631,1.1682167,0.6824642,0.99704385,0.13840735,1.0680127,0.5401194,0.62811166,4.1746354,0.6154334,0.20244563,0.7681682,0.57331395,0.25972342,1.1189737,1.531188,3.6978571,0.54171056,0.0131854545,0.5681813,0.0117275035,2.2502263,1.2381525,0.72328395,0.20988993,0.60384,0.124750406,0.91763383,0.6393906,0.96986413,1.0300392,0.8367915,0.92294884,0.2512603,2.0524945,0.6210729,0.17510241,0.844822,0.21225621,1.5055299,1.1558391,0.8786427,0.39646244,0.9515035,0.5906018,0.3867357,1.5319674,0.09926106,1.1228317,0.32957512,0.8699929,0.31640512,1.1159884,0.21308169,0.29620397,0.4201157,0.46570018,0.8666702,0.2421119,0.010551484,0.688908,0.5980725,1.4636039,0.44575924,0.03582517,0.18585598,2.1680694,1.5273839,0.032601163,0.51149887,1.5620693,0.99478996,0.081797995,0.0010892316,1.212463,0.79058045,0.20403355,0.46461424,1.0540258,1.1456364,0.14039178,0.42397982,0.12789725,1.2840902,0.22669095,0.028548317,0.48059407,1.3618288,2.615239,0.8051703,1.5169415,0.0,0.09208785,3.0746622,2.2508638,3.2833989,0.1617484,0.4879775,0.23393643,0.46501517,1.6677638,0.095316805,0.15386276,0.26314086,3.0248764,0.65032434,0.2830134,1.4375588,0.028853714,0.4363706,0.14716236,0.3633773,0.74680436,0.4380251,0.9978054,0.7649363,1.429464,2.0414195,0.056460116,0.22965224,0.71469206,1.659836,0.6606872,0.575285,3.383532,1.1818812,2.0519876,2.002591,2.7694366,0.88156295,0.33963278,2.938561,0.89304656,0.74589115,0.25964215,0.19053905,0.8709799,0.6221837,0.9161414,4.1080556,0.7016958,0.3201176,0.57001,0.5569721,1.7959259,0.52201486,9.348968e-05,0.18784791,0.071072906,0.23127769,2.0663736,0.77711874,0.119795516,0.43806198,0.9771015,0.56036645,0.5846997,0.8046438,1.529594,0.977975,4.312386,0.2640639,0.61483926,2.085629,2.1284382,0.16256836,2.38812,0.29602686,0.57406604,0.52867365,0.70126873,0.30257648,2.1825469,1.0516543,0.7944796,0.6042949,0.2512706,0.2020361,0.5675922,0.1291547,0.17704463,1.055128,1.9880486,0.2810019,0.38970262,2.8436809,0.3577285,1.5725855,0.0,0.8604778,0.97501,0.52627194,0.36496127,0.2801063,0.26358366,1.2755541,0.48926902,0.0,0.0,0.020475715,0.5576661,0.04881136,0.3745017,0.27474052,0.4809195,3.2059057,0.8966642,1.147701,0.82863986,0.10637131,0.013955316,0.63066864,0.96892536,1.3659083,0.47295368,0.6693593,all_pothole_images\pothole_images_enhanced_58d6300c34109250fac722c22386f1cb.jpg
1.8820007,0.25517565,0.13578135,1.1711984,1.3011073,0.020191796,0.35214126,1.0098399,0.16223224,0.42138997,0.0032572746,0.6145673,0.16962646,0.06386895,0.1267812,0.13314034,0.11710747,0.0,0.107921205,0.11471027,0.7341221,1.795432,0.6617885,0.3544832,1.7575098,0.16381738,0.34609532,1.5453402,0.08199351,0.0138213495,0.22773236,0.31162292,1.6807444,0.33597246,0.4919225,1.1234086,0.0,2.6752481,0.5023264,2.0112557,0.0075285207,0.05861491,0.08592568,1.027043,0.47884458,0.12326061,0.105731875,0.13347365,0.34123802,1.4546617,0.85531884,1.2160248,0.6493805,0.13289917,0.24200818,0.6611793,2.0547373,0.07378827,0.327232,0.3263139,0.00070024753,0.38434866,0.25821474,0.46728274,0.2681893,2.7632785,0.44732812,0.038335226,0.64086056,0.08945924,0.15113677,0.16069871,0.15380721,0.0704003,1.2523179,0.15299329,0.16193156,0.57270896,0.0,0.02037759,0.36763623,0.030960126,0.29442772,1.4436224,1.0249692,0.47651127,0.30728492,0.66254795,1.429552,0.307041,0.12561575,0.035271462,0.03486137,0.02551458,0.4025405,0.39365354,1.0257605,0.99014115,0.30367094,0.3321048,0.0,2.3074818,1.1760234,0.019180719,0.20548868,0.00956333,0.40737432,0.9329153,0.07587583,0.024964448,0.088651314,1.8103342,0.27153885,0.36020356,0.5024954,0.84673804,1.7508663,0.035356693,1.0702325,1.480151,2.2170367,0.1374552,0.020563686,2.9987829,1.2767355,1.4074045,0.06554808,0.9369719,0.4914967,0.046130266,0.24575603,0.14880843,0.056875285,0.31700987,0.087048605,0.67937297,0.0,1.4708252,0.5839141,0.69338274,0.071512334,0.22002247,0.032833304,0.8108926,0.0032734682,1.3643465,0.24886605,0.7758051,0.038143445,0.09278143,1.109904,0.4766522,0.0049717384,0.06728461,0.85892534,0.06729073,0.53501266,0.03307273,1.8586383,0.4562317,0.69922024,0.95018744,0.007350463,2.8021433,0.008105098,0.3464206,0.27740178,0.17950428,1.1469266,0.74161583,0.14776042,0.00022382509,0.025741255,0.0035677517,0.42392582,0.11798463,0.2775374,0.016543843,0.054975975,0.07604333,0.056111436,2.5211306,1.5992285,2.261466,0.64597803,0.36106116,0.01683731,0.5830067,2.4050865,0.22618231,0.1429663,0.14278346,0.0,0.79601794,0.34016854,0.8021549,1.3717669,0.16189498,0.11256995,0.19709569,0.0030186416,1.1694374,0.73680925,0.83653647,1.0653017,0.20854992,0.82771915,0.6156807,0.99633116,0.52296317,0.0,9.193712e-06,0.20707083,0.43521824,0.758875,0.2094006,0.19886678,0.0,0.3775092,0.07708222,0.35678905,0.6348929,0.029463148,1.2509254,0.0061468226,0.43433756,1.1422269,0.07111699,0.24000455,0.19016184,0.063635804,0.020252837,0.3192311,0.27217484,0.34509152,0.0008266752,2.2400768,0.06581081,0.0,0.14551301,0.16177194,0.1432192,0.006477205,0.035206586,0.14509818,0.0,0.70395046,0.38064578,0.39807776,3.2939777,2.9370646,0.55665135,0.6757557,0.08432323,0.018134072,0.24698874,0.42352098,0.0,0.30085745,2.6412995,0.06323635,0.0034792505,0.072409846,0.99111885,0.5422158,0.5459355,0.9024998,0.75624615,1.3983759,0.016015664,0.069042616,0.013930503,0.94044423,0.503449,0.7465169,1.303195,0.17993388,0.711748,0.027116131,0.3429046,1.5078275,0.7818133,0.7495514,0.12727453,0.41790435,0.23092774,0.5973604,0.05206072,0.18901716,0.50125057,0.28819677,0.25515136,0.0708917,0.56516397,0.0017329981,0.08711828,0.17199402,1.8957449,0.22420567,0.40384656,0.77750224,0.8729257,0.07042109,0.6398706,3.177512,0.18128219,0.0073488923,0.13387212,0.0,0.29641604,1.1283587,1.1380043,0.730744,1.177295,0.11574536,0.50675964,0.18454608,1.2615364,1.0566959,0.21510941,0.2840546,0.33217004,0.3130739,0.032313567,0.3883719,0.27557385,0.6869225,0.042792704,0.46015427,0.12419848,0.7213854,0.73278606,0.0074585285,0.015388368,0.16123484,1.3591077,1.4550457,0.14411831,0.103989854,0.38048363,0.265427,0.23322985,2.0401466,0.23376842,0.62502956,0.004417183,0.06897735,0.001238391,0.22241735,0.45548517,0.3579477,1.2791481,0.6829249,0.23273659,0.50578505,0.5414179,0.38257146,1.8080298,0.75675887,0.76169723,0.13196538,0.25446606,0.19202535,0.060824763,0.063467026,0.196468,2.1241496,0.021504149,0.0613689,0.57776546,2.1086404,0.029360875,0.32049483,0.0573238,0.071590655,0.34434018,0.23816311,0.12017277,0.32595676,0.17743784,0.44680545,0.0,1.0578638,0.026416166,2.3859527,2.4595044,1.3477263,0.0,0.074873686,0.06375983,0.56865245,0.23480278,0.18782803,0.29083356,0.43974334,0.089852594,0.44528985,0.04320358,0.0,0.41688707,2.5284266,0.08987402,0.39782003,0.2842585,0.81838137,0.0,0.87216175,0.31188673,0.6645417,0.35548228,0.8802636,0.42251158,0.20164743,0.2905932,0.015115881,0.108616896,0.26776555,0.20166354,0.5916782,0.07566531,2.3488035,0.67632735,1.2184741,0.6838645,1.9299967,0.08955927,0.63968885,1.1331122,0.38113177,0.7831891,0.5159872,0.064539745,0.6449816,0.32791293,0.22207779,2.554223,0.64350456,0.6478119,0.13948877,0.6802088,0.010184208,0.7468455,0.2105447,0.71481323,0.25940397,0.13839102,1.3585825,0.56308275,0.30167773,0.81692934,1.2003881,0.5051822,0.075685635,0.36210498,0.653666,0.60914063,0.2996978,0.18917973,0.38871032,0.87257135,0.3224484,0.6643835,0.95666206,0.28362387,0.33368495,0.7085889,0.4474652,0.26281685,0.16825186,0.09708984,0.38857213,0.4292625,0.35123193,0.57634133,0.32974973,0.32668218,0.010027423,1.1452019,0.23946893,0.28531787,0.4746256,2.4875581,0.6677654,0.047300432,0.092086986,0.57354254,0.11794304,0.26098657,0.44736853,0.13429795,0.054167893,1.1906872,0.103837185,0.7602595,0.2996021,0.006793272,0.13528381,0.026734728,0.32798976,0.0038749757,1.0479747,4.272787,0.5130927,0.0,0.85557693,0.64017415,0.30330762,0.19860849,0.19058166,0.95590734,1.405709,0.33003238,all_pothole_images\pothole_images_enhanced_593662237478d2c73c1fef0c3b2be675.jpg
1.110087,1.8772672,0.2554953,1.9877326,0.11888211,0.29936674,1.0134002,0.25493687,0.50563174,0.7157458,0.25272527,1.5886496,1.1261612,1.856814,0.7717736,0.57862866,0.28240436,1.5069398,0.6263049,0.4454666,1.1194053,1.3024436,0.9618363,0.1042643,1.502334,0.4321012,1.1015425,3.0043356,0.22616172,0.035574596,0.9266556,0.042790696,0.514716,0.012844369,0.24828899,0.8668473,0.05341595,1.1241341,0.69754565,0.34210363,0.0,1.3565471,0.11158676,0.4182561,0.2072164,0.06156207,1.0442618,1.1330328,0.012515717,0.066225275,0.063373275,0.14607798,0.68900794,0.19050314,0.039432604,2.1901817,0.8255962,0.024145953,0.41167006,0.3394687,0.63171834,0.20492207,1.1799014,0.19688545,0.897519,2.343488,0.35624638,0.15441014,0.0087886965,1.8865316,0.3143743,0.11080905,0.008168026,0.060870677,0.0015546606,0.022286037,0.3544637,0.2280382,0.0,0.16924705,0.5457243,0.0,1.5123612,0.6164736,0.26970783,0.06899879,0.13067856,0.0116414,0.62595886,0.025436683,0.05514644,0.6360187,0.06832973,0.2848636,0.45593828,0.143238,1.2267555,0.48909035,0.32158124,0.71299994,0.327234,3.328108,0.8639957,0.31279486,0.4324331,0.116081245,0.11867235,0.5052815,0.030981604,0.27492297,2.021615,0.47844493,3.048694,0.2848213,0.6469501,0.012728297,0.053594213,0.05035324,0.21057348,0.44929177,2.4544458,0.00766883,0.73122597,1.4939729,0.61438495,0.97923917,4.9971757,0.19423166,1.1746165,0.08685449,0.6388565,0.09324507,0.0097611565,0.21913077,0.9019903,1.506723,2.0129817,0.032670833,0.57160467,0.13731514,2.4860926,0.13191502,0.9274632,0.80081004,0.24520525,2.1719491,0.13844652,0.5427789,0.25096208,0.044630516,1.1091278,1.0017911,0.021811385,0.058261976,0.19778284,0.06317051,0.6881714,0.09244877,0.8650302,0.29574183,0.7204944,1.2232316,0.13969791,2.5229993,0.8572557,1.9292595,2.338981,0.84099686,1.0074159,1.6435064,0.7469074,0.35339862,0.018831344,1.7163254,0.35556525,0.3060227,0.92788863,0.51683295,0.3155061,0.43048456,0.08512682,0.5871259,1.6902782,0.05076283,2.6155558,0.03325267,0.41524965,0.9257637,0.17154528,1.0080448,1.2295623,0.22407061,0.04445591,1.8603017,1.0044209,0.015539615,0.34726092,1.4927249,0.062188353,1.3880409,0.25974134,0.7642273,0.7351042,0.94343495,0.18859579,0.08620349,1.178757,0.41580826,1.1601641,0.866672,0.0,0.78294665,0.66436166,0.03722484,1.216505,1.1856371,0.9890826,0.96300256,0.31560847,0.39157662,3.639375,0.23370388,0.61701506,0.09303751,0.021019164,0.17856133,2.1792123,1.150953,0.8538769,1.043291,0.083349384,1.3931633,0.45347092,0.00960832,0.22410345,0.031727694,0.9064927,0.31045052,0.8622138,0.29110515,0.021876408,0.0,1.4810781,0.07790003,0.5239994,0.79465,0.25876686,0.29538572,1.2470512,6.404484,2.0549622,0.5337903,0.18096334,0.1512131,0.019090796,0.5192927,1.1690922,0.4338584,0.7635459,2.3073237,0.12102823,0.20667295,0.472816,0.25067455,0.12484441,0.74565923,0.72779334,1.0457795,4.48757,0.6197876,0.19060421,0.87030727,0.16359366,0.14915168,0.45593262,0.7646207,0.059006836,0.9754205,0.39587528,0.42421877,1.6182411,0.014795247,1.0352832,0.8672488,0.2802971,0.20148896,0.4836427,0.120704696,3.699525,0.18642333,0.0,0.40560374,0.24103723,0.5636153,0.14584531,0.9398925,0.1383475,0.6491796,0.26269132,1.858758,0.053442866,0.13899791,0.6622561,0.030181821,4.391264,0.008805642,1.4590425,0.027809381,0.0598022,1.0373409,0.18139508,1.1247159,1.6242299,0.7973153,2.0538824,2.179865,0.36522603,1.3147147,2.974754,0.49934655,0.017100818,0.0,0.5064305,1.1425885,0.9479505,0.029947594,0.16236016,0.0048402315,1.4123739,0.18617892,2.8858027,0.18952987,0.14931324,0.26443627,0.06420984,0.0,1.8363807,0.18015958,1.2244706,0.5653565,0.030057399,0.25205234,1.307829,1.1634227,0.886081,1.0664649,0.45081857,0.47593257,0.55669457,0.6725157,2.6791222,0.087340705,0.41200486,0.89226264,0.270649,0.02209746,0.103944585,1.1279268,0.024216313,0.057701793,1.3412968,1.066161,1.3842744,1.3101588,0.0012279914,0.0,1.3302534,0.02848974,0.112556174,0.74730796,0.22895047,0.02987287,0.34090358,0.1793166,0.112422526,0.17108844,0.050443504,0.81872445,1.0304965,0.3204879,1.1756644,0.36482486,0.23647368,1.0277613,1.8341033,0.36175773,2.8136668,0.08525463,0.07185871,0.45510986,0.7000916,0.2133683,0.054343704,0.2556073,0.14020608,0.8559377,0.1692884,0.4881881,0.0055693504,1.0639386,0.3610972,0.71301687,0.583035,0.8585605,1.4718491,0.07075447,1.4053681,0.9400595,0.22008891,0.7970164,1.8202561,0.7127263,0.023097217,2.9336882,0.85632837,0.7186819,0.8302869,0.97025466,1.7519509,0.792319,3.5551584,0.026919255,0.5946422,0.95936567,1.9918284,0.059549592,0.28186074,1.018221,0.94502527,0.17877097,0.7583619,0.36186987,0.0,0.51673394,0.2069636,0.815167,0.07221592,0.771652,0.2302599,1.7397414,0.263716,1.6559033,0.1709567,0.042382788,0.27945033,0.011582097,0.7169243,2.0428348,0.43718714,1.2861308,2.0632248,0.23018014,0.578658,0.23721582,0.11305743,0.42694822,1.3892218,0.08544275,0.33149964,0.1661417,2.5036066,0.09028921,0.071220346,0.43178526,0.29808226,0.42222002,0.0015088429,0.00085800025,0.033181936,1.5459465,1.5400736,0.65747,0.14739871,0.69956106,0.11777475,0.017942622,0.5843626,0.89696205,0.75834465,0.054155864,0.1055216,0.54911506,1.0316714,1.8597049,0.002040785,0.43797943,0.18025514,0.036657866,0.30885568,0.12344692,0.05738802,1.413792,0.11722776,1.2226349,0.0,0.3429363,0.14129384,0.07859208,0.30508158,0.17234129,0.742836,1.2760257,0.32200462,1.3528317,1.4699969,1.2591232,0.7502419,0.027724683,0.20679805,0.1500988,0.13007495,0.10276621,all_pothole_images\pothole_images_enhanced_595082e103dc5fbcc42c1461cc63d3ed.jpg
1.8276958,0.42995268,0.27325058,2.3168683,1.2396455,0.4258681,0.29513702,0.136344,0.92692363,1.586432,0.23612578,1.8819194,0.0,1.3871542,0.34065086,0.065697424,0.0867734,0.07176935,0.2694237,0.87900466,2.05305,0.69077784,0.10916497,1.1479591,1.9519229,0.95382625,0.39316955,2.916082,0.21559462,0.1953534,0.47586852,0.19942272,1.2702392,0.655579,0.3926327,0.1885849,0.74725217,0.77226645,0.8642416,0.14949255,0.0,1.3401333,0.566183,1.2544789,0.9247617,0.8132313,0.033528775,0.95690066,0.07064814,0.1743425,1.0794255,0.5038218,0.18820022,0.015181191,0.07840069,1.3148394,1.5631994,0.037558254,0.08614896,0.16430466,0.23875657,0.38128412,0.09776367,1.4096155,0.1006886,1.3791488,0.43442425,0.19160537,0.026638074,0.07008481,0.4549763,0.44740385,0.120378084,0.90170616,0.43409503,1.0435717,0.11748203,0.3267039,0.0087014055,0.42815837,1.0053514,0.28037342,0.8056117,0.6983729,0.046893135,0.0,0.7996446,0.23963207,2.3693726,0.24230754,0.08004905,0.08318186,0.4138124,0.28866693,0.17832829,0.41265658,1.6216112,0.9637918,0.36842224,2.3770478,0.004221991,2.586062,1.6970787,0.15447712,1.8433048,0.0,0.6142961,1.4257289,0.10474501,1.2245679,0.0,1.5713308,1.9793959,0.84708935,0.5659479,0.73634183,0.0,0.11176055,0.46735618,0.67321,2.3812525,0.107232414,0.025232049,1.1381365,1.3530284,0.07985655,2.1858063,0.106496885,0.7870404,0.36555788,0.03465793,0.06722149,0.0,0.14979778,1.1295738,0.14484648,0.5662488,0.329576,1.0903852,0.04147016,0.49457118,0.6794757,0.11222284,0.16454686,0.84023714,2.8964462,0.17052336,0.6825299,0.31923828,0.21703386,0.7789165,0.5595624,0.0,0.02265878,0.6824535,0.9378113,1.2717576,0.12965357,1.543234,0.59040844,0.6160061,0.5315408,0.16837336,0.90004224,0.06963486,1.4729698,0.4146403,0.6874336,0.6862901,1.5325465,0.0,0.16777273,0.18692721,0.06007459,0.05950604,0.5320885,1.142231,0.4204159,0.3358999,0.007360334,0.036943596,1.2384496,0.19724822,0.73297024,1.1617589,0.0,0.18991128,1.3489548,1.4320058,0.61515766,1.2351142,0.21856417,0.28017998,0.819337,0.76219875,0.42736107,1.9771521,0.04262278,2.074492,0.50877714,0.6551593,1.647865,0.22559707,0.03354297,0.0,0.18486181,0.58670104,0.1358768,0.89490914,0.2170702,0.36262754,0.0,0.23928171,0.29895282,1.2832892,3.2909384,0.104963884,0.00023912167,0.3849128,0.06522538,3.792916,0.0,0.54152256,0.30391252,0.038296755,0.47403604,2.0829396,0.24717627,0.6966516,0.8109815,0.20871368,0.32752508,0.6688386,0.11588301,1.009394,0.01780162,3.8023849,0.00141041,0.3982,0.4461158,0.107149154,0.21451823,0.064929105,0.2095658,0.29307765,0.0,0.17572139,0.47835773,1.1754233,3.7994843,0.99101907,0.8297188,0.0187616,0.77851135,0.109289505,0.68798834,0.6376278,0.6221735,0.23836067,3.5152736,0.046619575,0.040660962,0.30669573,0.62010086,0.10356259,0.1539434,1.1985438,0.1610423,1.6916448,0.01460805,0.27340558,0.0,0.47600257,0.0,1.0170681,0.865118,0.0,0.6339488,0.52396077,0.64246774,0.08831791,0.23870787,1.39769,0.21052574,0.005848346,0.016665842,1.2697583,0.2607689,1.1893026,0.0,0.16816704,0.3445949,0.23933102,0.9426861,0.0030505273,0.29398423,0.2661239,0.14711897,0.0053709336,1.683253,1.2969733,0.077805765,0.27444133,0.7044374,4.107203,0.6210734,0.1091376,0.0008036048,0.6715614,0.97251016,0.04477444,0.8335107,0.5215361,1.1374168,0.6596668,2.0331578,0.17417039,3.2229247,2.4640603,1.0746777,0.060248762,0.17875251,0.43468085,0.09848682,0.06817363,0.06969566,0.7892398,0.034644835,0.8299586,0.119774796,0.41940525,0.05550437,0.016024368,0.32817706,0.14444588,0.051336415,2.9875772,1.1332632,0.4674811,1.9722995,0.3990745,0.3942396,2.3032675,1.1303508,1.0482545,0.10900673,1.7777649,0.92096394,0.24145749,0.0,0.45084053,0.090070285,0.24367149,0.2031018,0.45321238,0.0,0.016195714,2.0177636,0.008204027,0.41628736,0.9888302,0.35100013,0.43597978,0.64533854,0.152642,0.09904225,0.19287819,0.13564621,0.31623605,0.16535218,0.16967808,0.1333678,0.20225984,0.0111144995,0.090237714,0.24923046,0.004107491,0.012958293,0.64929754,0.38129503,0.8358664,0.0010499432,0.29553595,0.033427473,1.7805712,0.7417457,1.9166125,0.003909487,0.08224453,0.78610486,0.93098015,0.002030641,0.15277933,0.20301157,0.02358258,0.0,0.39254308,0.37231156,0.0075618634,0.29912278,0.65512186,1.8731128,0.34854794,0.9229536,0.6554053,0.9681365,0.5930807,0.4888824,1.3207272,0.27687123,0.19587949,0.41125253,0.0,1.6853501,0.27376413,0.6291364,0.27165678,0.8639931,1.5457555,0.42999882,2.444279,0.55104613,0.47950262,1.2374206,3.1208887,0.37936726,0.5991815,0.72528243,0.92910343,0.35442364,0.46117473,0.08739734,0.26016504,1.072627,0.69615847,0.6700211,0.09103836,0.6921238,0.0065770014,0.40494543,1.544105,0.09390925,0.0884245,0.07276007,0.058501806,0.0,1.2452527,1.7181727,0.2591227,0.6206067,2.302251,0.48601204,1.1406994,0.267271,0.111795284,0.51790005,0.69994587,0.104248434,0.20005304,1.7136691,2.0213132,0.2731217,0.86937386,1.1921881,0.75215054,0.13714966,0.0,0.0,0.44192645,0.49167734,0.31751,0.013370455,0.046051495,0.5186288,1.8097624,0.09686172,0.19181718,1.3360453,0.07208465,0.21507512,0.591231,1.4046475,0.4368971,0.5906959,0.44256604,0.14964846,0.27801824,0.21155478,0.0027431499,0.054780073,0.137994,1.0307404,0.5588942,0.17010342,0.003594649,0.089297645,1.2273147,0.0002214843,0.074525446,0.27772808,1.9592606,1.8503984,0.0657838,0.34405237,0.53531134,0.60921353,0.55579054,0.16962236,0.0009338568,0.4611381,0.1962788,0.50851756,all_pothole_images\pothole_images_enhanced_596b5f00cb4b74c0985524eef7c973ac.jpg
0.23832197,0.055298887,0.66197467,0.7954997,0.0640732,0.23936991,1.4911399,0.05057974,0.016190069,1.4530207,0.088992186,0.63790864,0.059430428,0.13761647,0.0336919,0.37041283,0.43443683,1.6086789,0.1876844,0.07389024,0.3615465,0.90157956,0.91977847,1.8241225,0.75123036,0.35841244,0.0,1.6625388,0.16631101,0.119078144,0.12117002,0.024317816,0.58272153,0.45955142,0.17667569,1.1144857,0.13259165,0.2849328,0.045667302,0.030121606,0.17307505,0.707547,0.09394235,0.023219405,0.8473017,0.04953183,0.1113245,0.040941395,0.54573053,0.52741987,0.17036009,0.005460481,0.0007723486,0.24990891,0.9344026,0.62990797,1.7578921,0.6971611,0.29863566,0.36944625,0.120213896,0.2884649,0.7005751,0.67388946,0.3685154,0.6358018,0.109130315,0.026002724,0.0059006023,0.36906254,0.51425725,0.23825489,0.30940184,0.18825091,0.2801969,0.05113096,0.025011018,0.2273154,0.009660066,0.12897477,0.09194057,0.13719155,0.021753693,1.7816576,0.17947975,0.14778028,0.06368031,0.15347286,0.6295924,0.71511215,0.0855369,1.2174965,0.016891088,0.16541506,0.7430543,0.04302319,0.73287785,0.51345545,0.017837685,0.0739047,0.11688077,3.7680564,0.73107636,0.10512665,2.238959,0.6386278,0.30298454,0.31728265,0.2944208,0.41744182,0.08712602,0.81271267,0.2550411,0.96553683,0.1652242,0.3242424,0.40961316,0.6596759,2.4120934,1.1245114,1.595906,0.3882035,0.117715694,1.1351608,0.32413164,0.15485337,0.15250231,0.1201839,0.19940329,0.17801705,0.1994776,0.021280002,0.067813426,0.31721818,0.0012149641,0.2753176,0.2856043,0.000188486,0.00416767,0.110953175,0.30660048,0.046655573,0.31198305,0.43572992,0.20172597,0.47666308,0.02739797,1.3804144,0.0015878958,0.08577229,0.28487894,0.2920918,0.074795656,0.100724615,1.1265532,0.4075176,0.61691475,0.6133559,0.7748505,0.25748187,1.8333066,0.8085141,0.14346291,1.2790238,0.361111,0.04005658,0.9913399,0.08327225,1.5412675,0.34056035,0.26868653,0.05037341,0.018357938,0.046694554,0.2160866,0.322642,0.14956957,0.014034418,0.008679717,0.17032355,0.13782275,0.83505654,0.59794694,1.1104172,1.2405204,0.2710494,0.0040101414,0.34218168,0.10591635,0.74594325,0.22073367,0.007863432,0.57167345,1.6892532,0.04378747,0.0637073,0.54729545,0.5875567,0.58144784,0.098086946,0.19327527,0.12058248,0.5113615,0.033785302,0.26680392,0.5271323,0.12850475,0.005824757,1.5291035,1.5821944,0.0020375226,0.28787377,0.35625666,0.41321772,0.03220697,0.2757107,0.57044595,0.0034611723,0.55181193,0.28865957,0.028011546,0.18212532,0.20614874,0.26754847,0.0,0.021266086,1.3281199,0.02440873,1.1814749,0.18063428,0.3543487,0.0,0.653079,0.30310005,0.4137805,0.19859691,0.19000672,0.17812522,0.028550263,0.48500755,0.4990031,0.036778323,0.21192583,0.2261197,0.025024323,0.018692978,0.34562442,0.5043931,0.05246445,2.629371,4.5199122,0.1493266,0.17965324,0.09636073,0.048765376,0.30888,0.035473965,0.53777605,0.27627924,3.2101064,0.31869373,0.19736464,0.72032803,0.38859472,0.16155423,0.046944723,0.067574345,0.25823325,1.3607829,0.3223117,0.45246214,0.12228123,0.15970528,0.2913043,0.4070718,0.37878042,0.25287005,0.12587388,0.74825424,0.13331525,0.3064297,0.6515299,0.06868993,1.5218171,0.1082278,0.002408789,0.1360464,0.008580225,0.19591208,0.22782111,0.3894074,0.30167952,0.008234528,2.002616,0.27683505,0.47623295,0.7816361,0.5962945,0.23207322,0.75196105,0.46277142,0.4145808,0.09468164,0.19473743,0.82718915,0.0008700416,0.21401955,0.055249397,0.036118563,0.13589036,0.16944687,1.0548669,1.34999,1.4737834,0.19304189,0.023058096,0.003539464,0.8558141,3.7636998,0.20526454,2.0162144,0.03109473,0.1922977,0.35958531,0.0057625747,1.3233633,0.25999895,0.16188999,0.50128627,0.11003159,0.37452573,0.08148635,0.029246723,0.031837195,0.2528578,0.03213091,1.5914363,0.024297424,0.007899595,0.22700444,0.6653288,0.07666008,2.3975463,0.83501583,0.5151056,0.0,0.37475526,0.059360433,0.100487456,0.12418574,0.0,0.22081535,0.0,0.56355685,0.4232507,0.26644847,0.24483474,0.17928582,0.41191152,0.24244106,0.26463985,0.051362872,0.12857933,0.0,0.0056629847,0.22688316,0.9525833,0.25669497,0.42977968,0.21095245,0.07769411,0.11393617,0.44272858,0.013328647,0.45252025,1.0224379,0.41165024,0.331625,0.18249956,0.16551913,0.36596283,0.0,0.1770994,0.32097363,2.6820383,0.025669385,1.1876231,0.3798835,0.08289227,0.64393115,0.4316577,0.88587034,0.0,0.5544544,0.0,0.37905034,0.5065157,0.19544499,0.5478453,0.119356476,0.035089932,1.4391708,0.40976208,0.0,0.1951719,0.017594807,0.10787007,0.4460045,0.15102233,0.09317069,0.016065354,0.21822539,0.17526706,0.09217335,0.327932,0.23098561,1.0963551,0.14822724,0.83693165,0.498488,0.26731735,0.61955315,0.28630728,1.4219126,3.0583613,0.08660437,0.5929626,0.24503697,0.037157454,0.4629012,0.2848861,1.2598567,0.0,0.83619416,0.3133721,1.3990846,0.8723168,1.2155149,0.4459144,0.10707582,1.1077275,0.035173267,0.03982051,0.12654269,0.26280415,0.011591296,0.59333456,0.16400516,0.0,0.46171126,1.714785,0.3259007,0.44859836,0.1421411,0.938709,0.54537874,0.4055357,0.0059131067,0.23343424,0.5765454,0.2853566,0.21840991,0.426224,0.038118746,0.5701402,0.15151832,0.12583274,0.028265242,0.32647508,0.43320924,0.4096964,0.7255741,0.02007797,0.6656242,0.86304635,0.008939001,0.33996546,0.27105534,0.48703068,0.014799226,0.94741833,0.13074546,0.90031946,1.0021446,0.0786487,0.73641735,1.3776547,0.0048413584,0.32541528,0.0,0.41167822,0.62285155,0.0,0.0,0.17799412,0.44349784,0.22437574,0.09673109,0.0,0.24068537,0.15203203,3.533082,0.030753851,0.008865139,0.052931394,1.3523264,0.0017609275,0.40187308,0.40934882,0.4965399,0.32288802,0.07840997,all_pothole_images\pothole_images_enhanced_59f4ce231b4d950b36dcf82680106c95.jpg
0.31533548,0.48357323,0.5835618,3.260655,0.8725061,1.2145426,0.8214612,0.014723303,0.14368933,3.063255,0.07640845,0.8323502,0.03553855,1.0467234,0.47963783,0.46642125,0.043375082,0.39607936,0.77156556,0.61836445,1.5093399,3.5803971,1.0026973,1.0448334,1.7819316,1.1908283,1.9294223,2.6888187,3.651055,0.33809462,0.38788176,0.5538709,0.79135233,0.4206209,0.30722776,1.0235361,1.3448178,1.6436088,0.5601272,1.1715642,0.06762453,0.00017361809,0.73669666,2.4068239,0.75460684,0.5465899,0.120157175,0.11709077,0.012135978,0.023571819,1.0635451,1.6561457,0.2592293,0.35509273,0.0010047875,0.37225184,2.6867177,0.05042399,0.54792833,0.31227243,0.3004485,2.2259285,1.57909,0.1470993,0.19489953,1.7918204,0.134894,1.340827,0.08334263,0.26075208,0.8482585,0.032903917,0.15670459,0.65128917,0.5571403,0.8255347,0.1870789,0.61810297,0.3768561,0.5869551,0.058586024,0.058191728,0.014746336,3.381074,0.20828235,0.5449513,1.0643469,0.07083524,2.9803503,0.52915937,0.042774834,0.05974637,0.020953069,0.026401244,0.2239117,0.09616642,1.0605633,0.747271,2.0943496,1.0942067,0.22481982,4.0558877,0.11098299,0.397617,0.17004777,0.27845883,0.12155191,0.20850539,0.43305835,0.37266502,0.263506,2.4314733,0.32076395,0.02865003,0.90242714,0.10044516,0.5565699,0.013804154,1.2001796,1.6002197,3.2665856,0.6840492,0.06306487,1.2298948,1.8801335,0.773705,0.7972401,0.16892032,0.9762666,0.09570964,0.22108768,0.21540645,1.025439,0.0026220048,0.08525843,0.19150594,0.21587865,2.7687776,0.225249,0.31336322,0.045391414,0.56412816,0.35436523,0.49368444,1.0238854,1.33738,0.32657024,0.52291167,0.345667,0.21165842,1.849131,1.4081568,0.3140178,0.27931815,1.6224856,0.6488343,0.79805475,0.680749,1.0587229,0.7472064,3.8138163,1.0685313,0.16336997,3.4878178,0.5282906,0.2182406,1.6344622,0.24111907,0.8496684,0.14806086,0.13861279,0.05917712,0.53552914,0.2789958,1.2120867,0.100467786,0.9262563,0.0,0.15362483,0.27535087,1.2034047,1.1219649,1.9706788,1.9630544,0.85385615,0.48646536,0.029722905,0.7253174,0.16713576,0.12284169,0.26503325,0.17004886,0.14972547,2.1973963,0.06798603,0.5426057,0.1526645,0.37110963,0.5690763,1.422466,1.2207689,1.9706614,0.93222713,1.2622454,0.86308444,0.035894837,0.45774576,0.15068336,0.9614151,0.26182553,0.13298616,1.0148599,1.7798682,1.5252703,1.5366211,0.912978,2.336011,0.2074937,2.8194776,0.13709472,2.0184011,0.1868425,0.19006236,0.9168099,0.06739312,0.3838035,2.1035507,0.09652138,0.37978458,0.72223586,1.5455848,0.88055265,0.3160578,0.180881,0.18171045,0.031208938,1.2458111,0.17377211,0.0,0.17641394,0.505589,0.042628307,0.8536324,0.47719806,0.07049389,0.030947937,0.20661724,0.0141598815,0.8250568,3.398372,3.6954167,0.34278148,0.24456364,0.20057094,0.34189332,0.0,2.1670153,0.8150569,0.3039449,1.7852275,0.038805634,0.011387003,0.260065,0.5187411,0.32129303,0.18139762,0.36823788,0.031548183,0.8017381,0.0,0.29195142,0.084935345,0.631149,0.16229397,0.9058903,0.120243944,0.7487486,0.77285975,0.1400174,1.7537814,1.4698848,0.14416116,0.48897636,2.372877,1.5298159,0.24710593,0.3740629,0.4796643,0.18947776,0.3377461,0.9700727,0.36799675,0.20321754,0.25847247,0.8774531,1.3981204,0.6276361,0.19767751,0.083881296,1.8274965,0.53580385,0.57502365,0.0,1.0133573,4.3293457,0.20392214,0.0,1.055727,0.23225914,0.23021953,1.7808366,2.1853926,2.8094769,0.41571254,0.40048918,1.3784792,0.50661534,1.6692065,0.2693193,0.12701449,0.0405884,0.2861306,0.13232872,0.62316763,0.6859589,0.7840105,1.3990484,0.1490099,1.0716405,1.7780546,0.7334412,0.2979226,0.532283,0.36568958,0.16744691,0.68300563,1.9453585,2.6471243,0.08842132,0.2480921,0.55976117,0.46882862,1.493879,0.28211293,1.2413118,0.027188405,0.4324973,0.59174037,0.6395313,0.755419,1.0382676,0.31422576,1.0039899,1.265981,0.09286011,0.10652562,0.45714203,1.1602944,0.05010632,0.2902891,0.17985035,0.24680775,0.29649523,0.92995155,0.27527368,0.17348677,2.3651311,0.21447569,0.63448685,0.10145302,1.4774312,0.8087963,0.25950208,0.35897818,1.0108439,0.13937081,0.0068820403,0.5219969,0.66694653,0.37211815,0.04293178,0.0081963,1.063789,1.168126,2.9919415,1.1465292,1.3996089,0.0,0.16428378,2.6544464,0.59407294,0.15137853,0.119778015,0.2806191,0.039605368,0.0021100675,1.8594073,0.18796478,0.17700855,0.02942637,2.0912728,1.8444288,0.28320643,2.228524,0.095438264,0.2546829,0.2036422,0.11510516,0.059527464,0.044173766,1.8429835,0.59023577,0.7442748,0.57202893,0.08436882,0.06364239,0.92906815,0.2789747,0.029571569,0.18760224,1.8694323,0.18957978,1.597988,3.2367005,3.8309672,0.19736926,1.2700379,0.99414223,0.55429995,0.773375,2.0923529,0.48911658,1.0396899,1.3233138,0.68116385,5.602453,1.1139939,0.25826702,0.3129803,0.054637287,1.3016486,0.03879599,0.0,0.97894984,0.59884125,0.18322867,2.3796084,0.58461714,0.10529278,1.2343501,0.72790027,0.83255845,0.35527372,0.13372834,0.91064787,2.173897,0.6749363,0.45388812,0.47329563,2.56545,0.87437564,0.22782308,0.6617103,0.08883402,0.47598106,0.26754528,0.4284199,0.43452314,0.63723207,2.615441,0.42045608,0.19503021,1.306779,0.12130974,0.24603955,0.39647922,1.0476083,1.7337382,0.61332405,0.40465602,1.4736562,2.455834,0.08120244,0.6136373,0.036746103,0.2521147,0.73794603,0.0,0.0019693899,0.66178864,0.9460785,0.7441063,0.0035704356,0.041638553,0.11897593,0.9163488,0.0042302627,0.11518704,0.04537533,0.016385006,0.4873788,4.1028676,0.41963133,0.19840923,0.9765938,0.116145715,0.0765581,0.9805828,0.2602137,1.323362,0.16663855,0.21777016,all_pothole_images\pothole_images_enhanced_59fbe8a7b4689eec619507234d0dbb75.jpg
1.0090023,2.2101939,0.14813843,2.096029,0.859892,0.226043,0.19569512,0.34242874,0.053566203,1.5816875,1.3093202,0.7208923,0.33962923,1.4194506,0.39629593,0.41577008,2.6368778,0.099512234,0.5014441,2.1156905,0.16807106,2.758665,1.4146608,2.9714797,0.7701413,1.7915515,0.11927228,1.2295015,0.20224458,0.64042485,2.0704362,0.260858,0.059937563,0.2462316,1.5511945,0.9227244,0.75471276,1.4191101,0.67037797,1.593735,0.17840736,0.084267855,1.102263,0.36155286,1.674318,0.32925725,0.030999148,0.0076545123,1.3204997,0.8640757,2.0600066,0.32572985,1.5603765,1.095391,0.82390374,0.7582564,1.6757498,0.23388983,0.64176303,0.51049656,0.08359613,0.12418443,2.6359499,0.51943517,1.060459,1.8537681,1.0021019,2.3060253,3.325566,0.49002066,1.4026545,0.8850217,0.33035702,0.9226103,0.6182304,2.1639311,0.045974545,0.4030269,0.5526937,0.3276048,0.16900884,2.2237356,0.51876247,1.0325905,1.2645981,0.090977386,1.7082764,0.36918342,2.946587,0.21571676,0.38141173,0.7521411,0.3979293,3.1438398,0.12702452,0.43915582,0.4532542,0.36962834,1.6305813,0.9457477,0.105959475,0.7375935,0.38838845,0.31311738,0.84439796,1.1682892,1.5799716,0.5191703,0.37230143,0.0924718,0.51379454,2.2631116,0.25790626,0.6636557,2.5848744,0.21093473,0.13066863,0.5640111,0.48059416,0.9036046,1.9280202,2.3635268,0.7111528,0.21359828,1.9904541,0.40906718,0.2098767,0.29496986,0.013468798,0.1956896,1.7130251,0.017264968,3.0344477,1.350509,0.8682654,0.66287243,0.7107252,0.7064585,1.2885085,0.5067819,0.15004583,2.3842342,0.0039079897,0.5909586,0.46539488,0.35320514,1.2143266,0.07998193,1.9214891,0.756796,0.31088668,0.9042207,0.5690575,0.3388048,1.5725645,0.20204018,1.2718745,0.3811121,0.06346739,0.18381141,1.243612,0.06970631,0.8137076,1.6036375,0.6555199,0.19523957,0.9505128,0.06495738,1.1295862,0.3394898,2.688649,0.7260628,0.19220322,0.2549278,0.6619827,0.09257256,0.70230365,0.7134062,0.21255565,0.5706508,2.6061466,0.37673876,0.6141404,0.8356468,0.7659262,1.5605063,0.95688564,0.0161541,0.6490825,2.190605,2.394984,3.1092741,0.1292414,0.63553727,0.37287158,1.0106227,0.1406658,0.006716812,0.07459011,2.3007967,1.4763205,0.254041,0.7930393,0.85452676,0.58831453,0.35453492,0.71668273,0.00042020992,0.7074916,1.9116251,0.67381984,0.55211633,1.553492,1.1595039,0.8603394,0.3067767,1.4011092,0.13632196,0.77976084,0.80858994,0.64780253,0.14380012,1.1959193,0.40221187,0.54909563,1.0032458,1.1294954,0.074672036,1.8297263,1.1449387,1.3168789,0.716859,2.4957166,1.0633258,0.3561052,0.37408543,1.0905567,0.3830622,0.26104698,0.80218935,1.0649487,0.6926481,0.78084934,0.5536416,0.18779837,0.69383126,1.1471992,0.45767134,0.1353295,2.4718192,2.4244697,1.1408759,0.6628957,0.2479872,1.1974916,0.06905743,1.4408603,1.1845491,0.3132848,2.1639175,0.33609495,0.9359767,0.3432062,0.7402951,0.22206564,2.142123,0.24092092,2.0174117,0.67637306,0.43188164,0.12642933,0.012234055,1.7286627,0.47616223,0.6658,0.65545005,2.366447,0.61197686,0.33401978,0.44691816,0.13605545,1.0664964,0.65300494,0.068625465,2.655173,1.0206622,1.4798696,1.3316901,0.32593608,0.32833636,0.4058855,0.24454445,0.040935747,1.1276966,1.274469,1.1584309,1.2565974,1.9732078,1.0723461,1.4071465,0.3200066,1.1534493,0.16639104,0.451023,3.5674653,0.9427905,0.2985432,0.42611045,1.7933819,1.1320065,0.5737739,0.81699073,2.34751,0.5935746,0.29072016,0.43700325,1.0690237,0.43534508,0.6662662,0.5674126,0.39893347,2.5352092,0.48225427,0.36388072,0.68062824,2.2030306,0.4915444,1.5706091,0.2178718,3.0336072,1.1599647,0.50050026,2.7792757,0.5004756,0.6814627,2.3083568,1.5394415,1.096824,1.9887693,0.041968036,2.8172433,1.5847671,2.460481,0.3642089,0.5585257,0.47255224,0.96542513,0.07539256,0.6656874,1.1191565,0.047168322,0.3421732,0.3259936,2.5520012,1.6634867,0.17423905,0.587329,2.6215222,1.2479714,0.91378564,0.57050294,1.537173,0.5258127,1.6764414,0.27355605,0.65138596,1.933504,0.1319209,0.19070794,4.1812215,3.1181865,1.8541168,0.4864829,0.95872027,0.13947833,0.8004847,0.66729593,0.26671705,0.024205923,1.7138588,0.22883481,1.3998194,0.6620899,1.447496,2.3607311,2.1599333,1.9095913,3.4924397,2.4172924,1.843056,0.88101584,0.069329,0.9339593,0.49490294,0.03267582,0.9186282,1.9214594,1.355561,1.202112,0.37693405,2.7334356,2.4868667,0.0043753074,0.74805427,0.23984127,0.26670226,1.7527995,0.9655184,0.9598353,2.4029584,0.08457031,0.07800536,1.256952,0.56822014,0.030424245,0.4583797,0.222868,1.0488749,0.8294936,0.45001253,0.18122566,0.21159919,1.4015335,0.19468501,0.92798746,1.1122917,0.13490462,1.1139679,0.31923094,1.9291226,0.29492098,0.5693814,0.22409308,0.626715,0.00033411928,1.1189324,0.6879397,0.9117902,0.72192633,1.4378512,2.0317585,0.16414572,0.21893854,0.50172156,0.92309374,1.5313627,1.7989626,0.20834568,2.4245121,1.6095083,1.2922709,1.6384691,1.3322389,0.056956347,0.26959658,0.08978279,0.6034915,0.4017783,0.14986686,0.040967517,1.1319232,0.7009478,0.53316784,0.48427784,1.6693064,0.170172,1.5640035,0.6649629,0.25869304,0.72223914,0.54190856,0.26738155,1.1630446,0.08741498,0.16650762,0.745575,1.4727714,0.102747425,1.1058664,0.105538495,1.6220613,1.5083363,0.99352306,0.1708656,0.41085207,0.20511545,0.016193137,0.09584571,0.05775434,0.35552242,1.3311437,2.4411952,0.2830034,0.013342195,0.44351503,0.08966274,0.5258159,0.29458135,0.04042408,0.63259554,0.7410714,3.5560079,0.1919019,0.28126994,1.8043951,0.71632755,0.0045458125,2.2887049,0.52944064,0.3286825,1.1695962,0.07957109,all_pothole_images\pothole_images_enhanced_5a0f0a699ef2df9367c6046360fc1512.jpg
0.38510555,0.16126856,0.03343067,2.3306994,0.25852978,0.077901386,0.42445406,0.32251555,0.423186,0.20574082,1.908692,0.47594726,0.22956112,4.489817,0.13321637,0.47066006,0.097611904,0.527035,2.7624075,0.0,1.4809154,0.05298024,0.4329324,1.4501389,2.5462658,0.73028904,1.3951675,1.8935366,0.5071573,0.0,0.86056745,0.4153242,0.6631826,0.32760537,0.64152515,0.5567958,0.073972456,1.4264264,0.2821667,0.06862233,0.026872484,0.19883068,0.5779289,3.2492545,0.05940104,0.35688737,0.040842578,0.13616075,0.3315422,0.7919417,0.088042066,0.80719984,0.57761765,0.032662895,0.79125476,0.44747177,1.3832226,0.17441273,0.06283525,0.041045733,0.38575453,0.15930282,0.30699527,0.28929296,1.8612499,1.3772804,0.24433412,0.0025125914,0.16083016,0.011704084,0.08630403,0.18793516,0.032767043,0.060981113,0.4651271,0.1303743,0.6473105,0.13601527,0.13177174,0.27283165,0.05407753,0.09231209,0.6338901,0.5132184,0.4775669,1.1742141,0.044242546,0.18195541,0.70728505,0.030172635,0.95434755,0.13792415,0.1687615,0.07253963,0.0,0.016832106,1.0771664,1.2748411,0.09263021,0.053785246,0.10695636,2.7043846,0.11744863,0.8063228,1.2004395,0.86314416,0.4587976,0.227147,0.14466524,0.24326059,0.09701462,0.98798835,0.080263786,0.9758419,0.031504937,0.28760645,0.65794486,0.09046354,1.5610917,0.59872144,3.2030873,1.358426,0.008285811,1.4737474,0.2508961,0.24892312,0.47788012,0.9919088,1.7255579,0.13837713,0.09111577,0.10177041,0.27944678,0.43483928,0.11247849,0.052569263,0.05876529,0.56306225,0.013931661,0.037569843,0.13852933,0.09995026,1.2666106,0.34603727,0.35825714,0.7099568,0.51415616,0.09555363,0.5004009,0.007062462,0.11487909,0.4543541,0.0,0.021218529,2.082735,0.024730507,0.34343112,0.13638653,0.2969085,0.8638589,3.0327194,3.0150607,0.2533457,0.7053253,0.03442444,0.011875083,1.3544573,0.082593,0.37387893,4.3024464,0.09111118,0.027671238,0.77757215,0.0,0.00342397,0.4877914,0.10454416,0.0,0.47284615,0.36937743,0.036222544,2.991034,3.2855685,0.7183304,1.2201622,0.5106493,0.69832534,0.654007,2.4748187,0.3991187,0.18840481,0.81807494,0.39453995,1.297378,0.35969746,0.89357203,0.68561083,2.3253508,0.25500095,0.017029699,0.10918122,1.6625097,0.9671881,0.41302788,0.142739,0.0014323409,0.5956092,0.13694407,0.52459747,0.088778086,0.19601613,0.00553157,0.20169958,0.007123703,0.98908794,0.43181685,1.8485107,0.21689576,0.75629056,0.31371623,0.02872866,0.092259884,1.862426,0.23991095,0.06704335,0.10386284,0.7361286,0.0050856876,0.09719353,0.7036335,0.1949669,0.50287163,0.45722148,1.5404897,0.03531137,0.51177365,0.9571956,0.49923036,0.0017891596,0.3139417,0.11900703,0.56076336,0.01877226,0.9766613,0.16683975,0.019472439,0.44467285,0.3780983,0.8461745,5.0869374,0.9937038,0.019065525,0.0,0.16772193,0.0018344047,1.6502848,0.38253558,0.17289703,0.24205801,0.29791215,0.621163,0.0,0.21545887,0.42017394,0.12517774,1.0792094,0.32990804,1.0194325,0.045108415,0.048620865,0.08657261,0.29969066,1.1264589,0.5672059,0.16629612,0.6859047,0.46907437,0.18097232,0.2662762,0.20172438,1.2080756,0.24479538,1.2882271,0.27069268,0.23478375,1.1882855,0.41367406,1.1384201,0.17394455,0.01820787,0.05205881,0.16439977,0.15277362,0.60879505,0.09454603,0.71861625,0.5943461,1.0072505,0.17579946,2.5787475,0.7705796,0.5199253,0.031567685,0.015665928,2.7638683,0.41093308,0.0,0.017325792,0.0,0.1272566,0.075892344,0.47862357,1.6109259,0.8928259,0.008222939,0.22717592,0.1258923,0.70336276,1.8792151,0.33137527,0.5415892,0.0038784845,0.11432108,0.32717156,1.1878171,0.01891241,0.2790942,0.002124361,0.28810576,0.022645174,0.6916667,0.2673243,0.1082695,0.01206888,0.23799238,0.27617982,0.92829823,0.022967007,0.7713359,0.81509256,0.045477554,0.20123847,0.69655794,2.127999,1.0997311,0.19598833,0.16877267,0.18355608,0.17532489,0.110088676,0.18538459,0.21783361,0.63165677,0.28835234,0.011771304,0.24813196,0.35366693,0.8780178,0.71145225,0.7747607,0.6671306,0.21600227,0.1391672,0.019486988,0.04691131,0.015719026,1.600078,0.24402626,0.67506814,0.93446124,1.2882572,1.2234569,0.5469031,0.8723462,0.37918764,0.16911788,0.061452206,0.02359213,0.18748754,0.65215683,0.25685024,0.070485346,0.5955215,1.7138357,0.37817606,1.5143045,0.52034223,0.0018096047,0.006338373,1.2339377,2.3066552,0.32059416,0.0068636206,0.3227559,0.429091,0.16264987,0.60614336,0.50011736,0.16952324,0.0,1.6559415,0.72576475,0.18255247,0.67989635,0.2137511,1.394159,0.3336858,1.3759965,0.12847158,0.08450851,0.14282237,0.3893653,0.27561867,0.6003026,0.0,0.27631766,1.1292846,0.4692429,0.033551183,0.17610687,0.9184298,0.14180225,0.45399025,3.6569932,1.0176921,0.0068454207,2.6743665,0.20244618,0.12095976,0.19859086,0.026281497,0.7054901,0.21519941,0.5613989,0.39679432,1.4205673,0.42847422,0.48421192,0.15565525,0.00910001,0.4264605,0.0783237,0.068049885,0.6642967,0.5072507,0.0,0.14081046,0.821299,0.97588253,1.6286982,2.5610359,0.39190716,0.048966087,0.39771986,0.68172586,0.8248613,0.937291,0.3671721,0.20871988,1.0285066,0.9024483,1.0583495,1.4443184,0.09538147,0.1413801,0.6569654,0.47269312,0.0,0.14354898,0.03988261,0.37458014,0.68341154,0.042026874,0.2733982,1.0735357,0.39520636,0.31291187,0.9128005,0.93207985,0.02697938,1.1271222,3.7377324,0.76486915,0.5209185,0.15119766,0.37891737,0.55947673,0.28905627,1.5912875,0.004713987,0.8785405,1.4147137,0.18367629,0.14216839,0.006873805,0.06798917,0.39478758,0.11862918,0.6298269,0.032263786,0.09224907,1.4996271,0.16973507,0.11686068,0.5783481,0.013681663,2.176291,0.15386495,0.0,0.19150785,1.0691503,0.19560467,all_pothole_images\pothole_images_enhanced_5a17f4d875abd5c8a56a6fd2729739cf.jpg
0.46776924,0.7662914,0.2159913,1.020436,0.28186408,0.11994206,0.6361571,0.05504171,0.040435616,0.48192665,0.75881964,0.24284439,0.1368995,1.9016472,0.26616797,0.07172299,0.009994355,1.2857323,0.17184506,0.00087144645,0.05210961,0.5573261,0.75106317,0.91408604,0.70977616,0.2312144,1.052675,0.8664117,0.7613877,0.63705134,0.78988254,0.1646667,1.1487916,0.63546807,0.27160987,0.2016563,0.080943815,1.5089266,0.0,0.072282486,0.0,0.0,0.3282561,4.065757,0.17175479,0.051054403,0.12969133,0.05327011,0.24193503,0.875128,0.41603515,0.8236904,0.5380054,0.013706396,0.14213146,0.29865542,2.714773,0.063135535,0.6798702,0.032802764,0.0653956,1.0025425,1.0535568,0.12809862,0.7069623,0.44870886,0.30625328,0.17772868,0.011840953,0.0067424085,0.07038336,0.06756693,0.5195499,0.107869826,0.7927911,0.23290494,0.09470995,0.29564577,0.030089883,0.34969345,0.24482831,0.04094483,0.2353432,1.3111205,1.0945514,0.519687,0.34977436,0.43166497,2.2966332,0.015337311,0.7115543,0.34861124,0.023815699,0.081008926,0.0,0.6828047,0.0813155,1.5638405,0.51920164,0.044400696,0.006746572,1.3382759,0.0015685862,0.39040834,0.7767856,0.6775587,0.120538026,0.04271008,0.13274176,0.7053903,0.16570029,0.89626604,0.22754158,0.5361805,0.52876925,0.49455914,1.3330492,0.10979558,1.0252652,0.5920461,2.2573,1.1181818,0.6964636,1.1848742,0.53672963,0.18355969,0.04021095,0.7235403,1.6551727,0.6263991,0.35256907,0.057654317,0.20366766,0.15630175,0.12763229,0.1428638,0.16164325,1.0014305,0.7396479,0.6932584,0.8304209,0.029911133,0.8207642,0.75305235,0.10983627,0.36862716,0.05948812,0.10957847,0.07669683,0.18242413,0.8647298,0.7593549,0.30991727,0.0014334959,2.1480248,0.24159504,1.1226268,0.3606622,1.2268116,0.46093,2.7002506,0.07898511,0.08744236,3.1607742,0.3012914,0.07300167,0.13591093,0.48950958,0.5504068,0.0053943554,0.012716044,0.16098017,0.02562992,0.90036273,0.7095106,0.4872029,0.5023789,0.029439434,0.1982572,0.004205824,0.033713307,2.4316933,2.1836627,0.83621407,0.9810759,0.98518896,0.04515879,0.0,0.75071675,0.52144265,0.24200995,0.2502702,0.56770265,2.7210026,0.0,0.34240177,0.2957548,0.92298675,0.0031861423,0.52114177,0.17690043,0.9292548,0.48609093,0.5894351,0.5238708,0.63731706,0.9359785,0.797416,0.4413013,0.21616866,0.006269489,0.19634497,0.067593366,0.51152796,0.71083397,0.6661908,1.371345,0.038637962,0.4009573,0.0,0.14998136,0.0,0.66859365,0.06809119,0.10687237,0.2784447,0.7844831,0.5740544,0.70409364,0.20058604,0.08067057,0.022439959,0.17936432,0.41648012,0.14967467,0.030569756,1.6907885,0.15008608,0.02048231,0.17097105,0.13483693,0.013367845,0.2231327,0.0894512,0.5091691,0.0003635843,1.4782732,0.60199606,1.1560465,2.5054817,1.2549921,0.11171848,0.25037223,0.04243217,0.720601,1.268235,0.84436834,0.0,0.10852767,1.1774851,0.79502356,0.30163744,0.0652614,0.3622474,0.462725,0.5066243,0.0,1.4644198,0.43583527,0.4325759,0.0008695095,0.18849221,0.55557173,0.35342664,0.2663733,0.26487052,0.44923696,0.110594556,0.22785525,0.19828942,0.57855785,0.44109693,0.43431896,0.15533611,0.5689462,0.23462455,0.40433782,0.20013137,1.28219,0.06194681,0.2352779,0.133317,0.5061702,0.7094094,0.25870678,0.01828892,0.66305715,0.35277632,0.0027942364,0.42744854,0.5763138,0.8240751,0.02736373,0.2425581,5.3381033,0.22180773,0.0,0.030490879,0.110449865,0.17897749,0.4766648,1.5998399,1.5052236,0.217603,0.4290568,0.3994553,0.0058127055,0.5254728,1.7181816,0.08849872,0.6859872,0.06542672,0.004022949,0.23554619,0.07044964,0.3036226,1.4003186,0.2351761,0.2733559,0.06012553,1.6212066,0.45174804,0.19244927,0.09074024,0.12924992,0.50452,0.27946785,0.090645,0.66956896,0.124229185,0.117301986,1.3422856,0.13613655,0.054209962,0.5318733,0.0,0.03734271,0.09118115,0.064367585,0.15477043,0.96938634,0.8603582,0.5050371,0.06128955,0.13954228,0.2873332,0.7783704,0.24994338,0.21304375,0.48593396,0.50243294,0.14071535,0.093985505,0.49327603,0.006546524,0.0756089,0.9786582,0.41675785,1.0366311,0.45238808,0.9830954,0.5435798,0.5292515,0.2902645,1.4759853,0.65564245,0.8668857,0.011553538,0.059543595,1.4921445,0.5631931,0.0880825,0.081060186,0.46048456,2.1515474,1.6999409,1.0197107,0.056424864,0.0067393403,0.15870206,0.29938486,0.64489645,0.48596832,0.3478162,0.07306634,0.17200477,0.84260035,0.7394985,0.42522764,0.42636272,0.3378207,0.5356477,0.23644264,1.1457886,0.26196906,0.02120111,0.33011213,0.39152652,0.036823332,1.1532786,0.77848464,1.0766913,0.15577091,0.08417603,0.2475352,0.13591324,1.2008078,0.18638435,0.22651738,0.016731774,0.92745984,0.051675286,1.1768577,3.1577427,2.0936506,0.58946294,3.7240257,1.5141674,0.6069092,0.23517269,0.5237875,0.6738111,0.36492404,0.08743839,0.019408321,2.5446117,0.031303298,0.24664438,0.10581811,0.14582159,0.8159477,0.06662541,0.4446193,0.10716327,0.3439729,0.007180625,0.6245282,0.10686348,1.483518,0.5146469,1.0642335,0.0,0.028310247,0.5363863,0.55592364,0.31387386,0.9237443,0.14650537,0.09067108,0.492298,2.023854,0.6004835,0.5569894,0.61268216,0.7839564,0.24262068,0.119565435,0.000120550285,0.19044316,1.1873606,0.5043828,0.026546828,0.26448122,0.28064615,0.04517082,0.2670165,0.098584816,0.95805484,0.051883325,0.052048508,0.5277509,2.0882642,0.23668532,0.43280333,0.0006876551,0.051201925,0.49551246,0.07919789,1.7472923,0.05358463,0.0,0.30732474,0.017208926,0.03732118,0.16913396,0.004065588,0.0,0.0,0.14780289,0.32040942,0.06389631,3.4966269,0.6716398,0.12235975,0.47393143,0.9272544,0.0,0.079375155,0.13364352,0.12014123,0.87263566,0.4561465,all_pothole_images\pothole_images_enhanced_5a303728b1eafdf1e291362bdb169508.jpg
2.3086054,0.80979794,0.0664235,0.5705469,1.0336962,0.96361226,0.12109449,0.0069908677,0.3924579,0.119159415,0.32185397,0.6418742,0.5707503,3.4872043,0.8812511,0.3372464,0.12447673,0.113477595,0.7797506,0.60436094,0.531498,2.2977753,1.3140306,1.3465374,1.4907879,0.2390857,0.5517643,1.5943469,0.33178747,0.8169208,0.17629018,0.6934965,0.68225557,0.046494786,0.7690389,0.14114605,1.2060801,1.5541338,0.7746884,0.44546357,0.35336918,0.88163096,0.40957898,1.7744097,0.95520616,0.50645775,0.038874753,0.12626487,1.8309704,0.24011974,1.6090302,0.3376749,0.44630525,0.32194144,0.014390238,0.16802359,1.0083824,0.021820085,0.17659903,0.517105,0.11627016,0.021074135,2.4956536,0.6925181,0.839625,0.17017664,0.34412146,0.14347927,0.17105216,0.12904684,0.20254676,0.43265074,0.76171064,0.46790102,0.36296427,0.31628835,1.5764158,0.5369047,0.4238032,0.26392463,0.8999733,0.77715844,0.3281502,1.6280243,0.4900106,1.0330757,0.02411321,0.0089943465,1.5806458,0.11017657,0.6147589,0.53124005,1.086536,1.3798492,0.8698546,0.18412928,0.6116096,0.5191633,0.013142425,0.43750525,0.26313716,0.5612807,1.3448179,0.12151165,0.17862564,0.6853337,0.8344946,0.4705705,0.032919995,1.242145,0.40081972,2.0001276,0.2635115,0.05850317,0.22575429,0.94722074,2.2048702,0.96466,0.86197644,1.0424148,1.5281695,0.6702858,2.77315,0.37695912,0.078473695,0.23560105,0.076310344,0.0002028438,0.96804786,2.7928529,1.7220708,0.5225756,0.7588741,0.3422861,0.05522321,2.2570202,0.28985435,0.02570618,2.6477005,0.005496051,0.8377984,0.23545834,0.09741144,1.9164039,1.3165092,0.260559,0.16638707,0.2213016,0.1615975,0.674432,0.4632411,0.6152755,0.60439295,0.120384865,0.8820759,1.5682874,0.81419,1.4073198,0.5793797,0.54489297,0.58112246,0.09145873,0.42743027,1.7025646,0.9241278,0.14005,0.50667644,2.3249922,0.4304077,0.8896945,1.1570464,0.46771866,0.16367044,1.4821095,0.048043218,0.49489814,3.6838043,0.1888476,0.1867308,1.5452001,0.017775502,1.709406,1.7891693,0.4668573,2.777229,0.66091263,1.0182879,0.20517708,0.046620775,0.05452524,2.074532,0.18793927,0.23513451,0.1747063,0.83905375,0.43347386,0.6672397,0.3054972,0.9464762,1.1841224,0.15703085,0.38207245,1.4480536,1.2902296,0.6308246,2.7549849,0.13777359,0.96107894,0.57941866,0.028525602,1.5853065,0.87227756,0.8764234,2.1853693,0.801296,0.19137542,0.82456374,0.028617099,0.38421974,0.109955125,0.8328754,0.44112742,1.0034567,0.6796576,0.00712198,0.092637956,1.5616488,0.4807865,3.0434217,1.055992,0.14244851,1.0743233,0.30952796,0.35948905,1.1037306,0.30432668,0.9959175,1.1794237,0.14299506,0.2253968,1.1875079,0.088961564,1.560038,0.36249307,0.05331223,0.017184492,0.89368063,0.20833156,0.5056891,1.7972623,0.26282954,0.047206216,0.13212864,0.32022727,0.008056248,0.45237988,2.2111657,1.2287672,0.3394029,1.4430249,1.7585558,3.7021422,0.31194413,0.4362441,0.28159145,0.8480142,0.34935433,0.50430256,0.91523707,3.2062106,0.0067213564,0.12329364,0.2958963,0.06610973,0.07652197,0.88019264,0.6354653,0.37434456,2.2939174,0.09140788,0.057568472,0.89386714,1.1154857,0.15912491,1.3846751,0.26078448,1.6627818,0.79021186,1.9871203,0.2890431,0.1162028,0.9639556,0.55021894,0.51655686,0.082850136,0.83676356,0.93241173,0.28391305,0.44508648,0.77775353,0.8098845,0.66368914,0.017793592,0.065380424,5.6702437,0.51409364,0.7434003,0.6818128,0.8899527,0.0799339,0.24826057,0.62400585,5.1251884,1.3421637,0.20503905,0.28628856,0.15561622,1.1551311,1.4155178,1.8302132,0.10305104,0.5684732,0.91599995,0.51396483,0.4973153,0.16384506,1.6552898,1.7342933,0.52895683,1.1699066,3.6195602,0.9351601,0.12891962,1.9634007,0.0837345,3.9092636,0.68722737,0.9324619,0.22121763,0.5747728,0.14853303,0.9078799,1.1026604,0.52662444,0.06246836,0.04050808,0.202689,0.18073186,0.44192594,1.5147827,0.042974956,0.9523478,0.3959263,0.32296008,1.5181116,0.312936,1.1317065,1.3340358,0.16597214,0.31755957,0.685663,0.84057486,0.33892134,0.17516387,0.38225058,0.057322185,0.50273246,2.7450187,1.094609,0.31745505,0.88374084,0.5613421,0.5309519,0.51854587,0.6905933,0.3929158,0.0032378733,1.0150629,0.70444494,0.6888813,0.8287445,0.012998475,0.58781886,0.6190315,2.840157,0.14562425,3.5315495,0.62211084,0.25285706,1.284708,1.018638,0.11750965,0.18073145,0.37887147,0.37290308,0.075200744,0.25798512,0.9122127,0.67872167,0.042652916,2.3562174,0.1144063,0.08514872,1.6638224,1.1381685,0.29836127,0.7097659,1.245466,1.0418395,0.0794631,0.13806283,0.048008457,0.40163547,0.2677503,0.7229249,1.0171163,0.22941767,2.3453963,0.10989362,0.05041959,1.6536295,0.45015693,0.5178416,0.540908,0.96474004,1.4403642,0.21701972,4.5361485,0.45195052,0.32027093,0.22155967,1.1880109,0.2212496,0.355373,0.49993202,0.62802356,0.4748771,0.54640883,0.6066781,0.42446533,0.7742892,0.07833086,0.07322775,0.055573765,0.28260073,1.5674657,2.8233082,0.46309552,0.20936464,0.5441804,0.80882794,0.33377874,0.6857624,1.2243934,0.20515297,0.08573205,1.2366171,0.0504037,0.10158183,1.2741959,1.1702865,0.4808358,1.0638361,0.013364335,0.35994676,0.35468698,0.22707665,0.36434498,0.003644602,0.6577846,0.2696559,0.68516874,1.1007254,0.47934824,0.56734097,0.004884506,1.3013629,0.7495492,1.7154709,0.59091175,0.09102772,2.539923,0.20228723,0.49312365,0.6949473,0.3492417,1.4806302,0.28170437,0.69559133,0.39837244,0.35748383,0.38733354,0.36028308,0.13391057,0.024494005,0.25715762,0.31613624,0.4172826,0.079715535,0.8256829,0.57688457,2.2548716,0.81154054,0.19039878,0.33445644,0.18753274,0.17599249,1.378319,0.16922948,0.5938437,0.09116478,0.54569334,all_pothole_images\pothole_images_enhanced_5a49717a260e6d573ec13216d1e84e87.jpg
0.024899404,0.9292898,0.14731662,1.8961962,0.39220554,0.7781224,0.32463473,0.0,0.2729648,0.97401226,0.028537562,0.1686232,0.012078764,1.6189954,0.12615536,0.3935997,0.0,0.5413793,1.6021291,0.044914596,0.46386802,2.6892939,0.6228931,0.19880119,1.195179,0.119685054,0.18642919,1.7593981,0.5106538,0.05183133,0.49066532,0.0,0.30233386,0.05452239,0.3375279,0.6640572,0.8545027,0.9036406,0.86523485,0.50896657,0.10216688,0.27947402,0.025897892,0.17693032,0.8627804,0.5139178,0.17716019,0.06698364,0.69601345,0.44710606,0.68059057,0.144082,0.3081511,0.8986125,0.07275409,1.8895416,0.43719795,0.24995416,0.1516936,0.32714784,0.76691484,1.3096468,0.8621219,0.06201521,0.4358286,1.0172161,0.765442,0.11899736,0.06574494,0.74544734,0.33008525,0.03003475,0.108181305,0.09072677,0.17524333,1.1261159,0.038743023,1.0045035,0.028576592,0.20340623,0.041601885,0.0015968094,0.07182122,3.0032785,0.33830798,0.11169804,0.23552157,0.20388278,1.6720878,0.699229,0.19947885,0.41007295,0.007085131,0.12700537,0.1644506,0.056099758,1.2282928,0.84738296,0.6026512,0.4819547,0.7254092,3.822316,0.39325768,0.2612442,0.38787767,0.42383772,0.11707373,0.00697379,0.3484384,0.6389273,0.17155968,1.0130779,0.83540726,0.1603659,0.25268793,0.19670036,1.5557827,0.42985612,1.9608848,1.0850537,1.7746567,0.23465785,0.017443016,1.2202793,0.64775085,1.9561886,1.0954082,0.38698643,0.021659775,0.1448843,0.37404114,0.022092383,0.103986755,0.1317704,0.07937584,0.98763156,0.42463398,1.2223117,0.3488089,0.31815764,0.56069636,0.48370722,0.3139815,0.20610264,0.32988504,0.15346184,0.8613867,0.3308782,0.42179364,0.2533066,0.49601126,0.27325717,0.029872764,0.14653978,1.1714104,0.09248842,1.3429637,0.26736295,0.3746172,0.99577713,3.002323,1.5619677,0.48685992,2.5414317,0.0895635,0.14373642,1.8788668,0.4260865,1.311968,1.649879,0.24671768,0.0,0.044971656,0.44696972,0.2924959,0.19370307,0.109632954,0.06995832,0.24219681,0.6333168,0.51154923,1.7298728,0.55610126,0.21017072,2.2987776,0.60910046,0.3668852,0.74259603,0.01021081,0.96560806,0.062317457,0.40683308,0.45288068,2.1301243,0.46612448,0.034202233,0.723253,0.45492965,0.32794344,0.5619985,0.43654814,0.7005891,0.71812344,0.79274064,1.229795,0.011542703,0.14407617,0.053576827,1.6853198,0.17262462,0.07937277,0.007793223,1.4752519,1.188174,2.0361204,0.25581273,0.63134164,0.3220677,0.45196635,1.2221639,0.5293186,0.34566414,0.7225727,0.57442117,0.27921796,0.7556911,0.095307015,0.09492163,1.8119628,0.045809895,0.08780483,0.8127164,0.1198695,0.09461072,0.10371154,0.20767768,0.72076887,0.11311198,0.01863068,0.10980409,0.9300976,0.00086180965,0.31293842,0.0,0.47844416,0.08696432,0.0,0.041887097,0.14105175,4.3407845,1.9815377,0.048180804,0.6744598,0.08987119,0.07625544,0.2439873,1.0319846,0.48745397,1.1979393,1.2230705,0.13617626,0.2621456,0.71656454,0.6458376,0.6360573,0.097327776,0.15758498,0.17544854,1.3325759,0.07371708,0.53111863,0.19210383,0.029954748,0.09899796,0.8810852,0.5092236,0.83310145,0.21328135,0.33113965,0.47940427,1.4526893,0.22341089,0.21797201,0.4618082,0.8709855,0.22993553,0.16942787,0.40765893,0.1252727,0.4437788,0.24764287,1.1877886,0.11783846,0.6777398,0.20476782,0.16968155,0.26920596,0.48435062,0.22670601,1.9778962,0.635866,1.1283431,0.041521553,0.7036444,1.9565468,0.0857018,0.30155554,0.73148334,0.42558172,0.3964099,0.5876729,0.56697744,3.5930078,2.001632,0.78830564,1.1401153,0.05419253,1.3778723,2.061139,0.08171282,0.5055688,0.20314343,0.5298462,0.16888785,1.8095368,0.95985234,0.61693704,0.08791327,0.60803324,0.10886196,2.3415651,0.35463086,0.010030864,0.28847775,0.9707779,0.18795608,0.6309787,0.18460047,0.37568438,0.47499228,0.12252297,0.010908117,2.131355,0.074534714,0.58520794,0.16244096,0.01619654,0.20885736,1.3370813,0.9759056,0.66864556,0.5191458,0.5399739,1.0298499,0.17075427,0.67660195,0.056530736,1.1245129,0.43797737,0.85061985,0.9119075,0.20208564,0.8530549,0.43230164,0.328486,0.0,1.725703,0.03307697,0.25798848,0.056953434,0.95099485,0.24646766,0.8599894,0.8766548,0.4415806,0.042121965,0.068807855,0.42384803,0.41562933,0.23545529,0.23171377,0.030847918,1.2565267,1.2079525,1.8152822,0.34037152,1.3394791,0.024806285,0.62070054,2.3950202,1.0106361,0.5310738,0.018235883,0.8903487,0.03377464,0.10080879,0.7985556,0.09264151,0.5215899,0.17062822,2.2795653,0.8175064,0.15511826,0.5123993,0.4516719,0.0,0.40611184,0.78016084,0.17644773,0.02821026,0.6018888,0.15422964,1.1048061,0.038624562,0.02871188,0.28497475,0.96019393,0.30382663,0.023814794,0.38486812,1.5365692,0.12451684,1.0083908,0.4174477,2.4609299,0.85373205,0.4371516,0.005788666,0.9519619,0.34830347,0.84477663,0.75929934,0.012786962,0.361,1.2364864,4.09862,2.7211745,0.6299949,0.06545081,0.056462735,0.60048264,0.65510124,0.17995493,0.34573975,1.0232409,0.527372,2.8042784,0.5873901,0.009832025,2.4085586,1.0864584,0.2606622,1.2657359,0.585165,0.48785353,1.4115216,0.13891003,0.07530498,0.45921993,1.0828413,0.6708744,0.03858299,0.5796891,0.41632506,0.2912403,0.5779674,0.3141889,1.019297,0.11685603,1.0691605,1.1662465,0.49243748,0.9270521,0.41229904,0.9212774,0.08283117,0.5602849,0.58200306,0.24526857,0.5309468,0.43804604,1.152669,0.5418229,0.088929914,0.004815049,0.22921334,0.4749962,0.00083797605,0.28363323,0.92640543,1.6006322,1.9594183,0.012294305,0.26631412,0.035962664,0.4240723,0.012387738,0.39662012,0.041941553,0.0051757935,0.4318379,4.5991654,0.11838332,0.45675537,0.35273677,0.63522893,0.30023232,0.19210492,1.5197794,0.02000352,0.13361819,0.38498092,all_pothole_images\pothole_images_enhanced_5a4b849154f1d8bbbd733e19a72657d2.jpg
0.4733949,0.39158273,0.043586593,1.7459445,0.8001976,0.116191275,0.5330125,0.065263934,0.11134285,0.54959804,0.15961584,0.73719186,0.3467311,1.5527021,0.011203524,0.107217975,0.22192746,1.2567769,2.0418043,0.28465945,0.34470546,1.722293,0.11903688,0.26146314,0.9348166,1.0004363,0.19207823,1.6293162,0.36624387,0.0019839222,0.481201,1.1935785,1.1682795,0.17056048,0.7896853,2.5135436,0.25128084,1.3117772,0.18714772,0.3427978,0.024464529,0.16085863,0.015617064,2.1994715,0.3521968,1.2227612,0.28198996,0.0,0.744083,2.0110495,1.1727124,0.01818899,0.31535834,0.24430525,0.015009305,1.7746719,0.6647187,0.15806217,1.201886,0.016613066,1.0537049,0.010935515,0.15462452,0.00072441297,1.098352,1.5479842,0.41510874,0.32449332,0.6370494,0.19483332,0.098330066,0.04243457,0.0072653047,0.9511333,0.2803384,0.757308,0.11491922,0.85689044,0.08596617,0.32455543,0.056090344,0.030452915,0.27889135,0.17048486,0.61066514,0.06955188,0.16212459,0.13822995,2.27728,0.6926333,0.044305712,1.1459126,0.01347478,0.043059736,0.0053021787,0.06040411,1.0144187,1.3213519,0.53480744,0.40719128,0.010298263,2.0460439,0.81145847,0.010300843,1.0911107,0.48848128,0.38914916,1.049187,0.018260717,0.062398676,0.06922894,1.6360408,0.34677747,0.74174255,1.7424613,0.372886,1.4949918,0.32807034,2.4808664,0.725003,1.7602526,0.008732571,0.06553983,1.2770553,0.20194894,0.83819234,0.5784354,1.3944132,1.510586,0.07494017,0.30135396,0.096775055,0.12444233,0.26654154,0.021413462,0.2819854,0.03010494,0.72642857,0.8996751,0.059759427,0.38268325,0.05470304,0.33762032,0.7548112,0.03248971,0.79409766,0.21057759,0.9168399,0.24117848,0.05890499,1.1874249,0.13438761,0.018494792,0.0,1.9662372,0.99598616,1.5520504,0.035742957,0.6235158,0.55332476,0.41494897,1.266143,0.009437856,4.721111,0.0065873945,0.14998282,0.117505856,0.18490767,0.93523234,1.16742,0.19371614,0.00073029153,0.19401756,0.26306653,1.0357711,0.24504168,0.067360334,0.12714961,0.16927339,0.1045454,0.0,2.0973794,1.4183038,1.4651082,0.61662227,1.1653361,0.8090972,0.38501015,0.82361853,0.17429796,0.168168,0.45840392,0.0054936945,0.5608467,0.012021015,0.5007497,1.3289465,0.049207624,0.43478766,0.323835,0.19916324,1.5889798,0.54364103,0.8279243,1.5829444,0.5299609,0.65435636,0.70519596,0.56656253,0.017904524,0.08396025,0.048378736,1.0355282,1.0258929,1.8837965,1.9958847,0.776263,0.28874233,0.2809177,0.07026838,0.51574796,0.67146885,0.4802858,0.19204614,0.0048448495,0.13304318,0.37256226,0.42551616,0.4438338,0.69471335,0.0,0.021512851,0.2915307,0.28188503,0.28568324,0.06761275,2.9077117,0.0028888597,0.0,0.4398827,0.2595117,0.12167499,0.001601393,0.004932464,0.35127413,0.30311435,0.7205096,0.34298068,1.297107,4.0580106,2.317391,0.31798166,0.31110877,0.592925,0.11845314,1.5156449,1.2963115,0.14968988,0.55900115,2.7356617,0.030219594,0.14758338,0.7385629,0.6062285,0.8331543,0.15883517,0.16911533,0.37402007,0.20719007,0.35632136,0.0,0.0023308084,0.048701305,2.030602,0.80281705,0.35412437,0.16182047,0.17653511,0.7201075,0.7229096,0.73539275,0.10892884,0.41671854,0.048894253,0.3430967,0.23632509,0.9632305,0.21228206,1.735527,0.29149106,0.7073352,0.16911405,0.23209533,0.40783355,0.06350045,0.0071561118,0.1348415,2.2240772,0.11773356,0.37245473,0.7209679,1.1687393,0.38955298,0.33485568,5.016016,0.61648357,0.058246464,0.30366063,0.16453299,1.3248148,1.480209,1.2061336,1.6717547,1.1507324,0.43963102,0.7224413,0.029047046,0.77946347,1.8670772,0.19331779,0.9163547,0.063792534,0.32980055,0.18858019,0.7128976,0.13161187,0.3962101,0.013248028,0.68956745,0.039314214,1.0792843,0.24723797,0.42486498,0.0,0.0,0.5518041,0.24976882,0.066674836,0.25413427,0.78697205,0.98986614,0.38587788,0.27468872,0.25820276,0.5878813,0.110167965,0.378087,0.11294247,0.3679568,1.0757962,0.89185846,1.1318748,0.33178,0.06230046,0.2951065,0.08167834,0.6548697,0.5445849,1.2859405,0.95504355,0.37360868,1.0779334,1.3324058,0.5920461,0.06843506,0.33801553,1.620245,0.057668664,0.05017646,0.97297513,1.3365495,0.16432941,0.5732501,0.1010055,0.09243264,0.60245544,0.52398026,0.4625144,0.040371843,0.2290513,1.6688559,0.0,0.06547608,0.53482634,1.7740319,1.1603577,0.9976771,0.04165168,0.68109,0.35642517,0.7795625,0.52095765,0.77139777,0.11166646,0.034398586,0.018219814,1.492484,0.10439211,0.29679322,0.1598802,3.2009017,1.2388855,0.11946707,0.77562964,0.65574455,0.07357565,0.12170642,1.4896797,0.3173852,0.055906564,2.2664666,1.5530487,0.24812993,0.8630155,0.0,0.48534185,0.25308245,0.30634922,0.41138184,0.10540829,3.5805383,0.5186625,1.5393738,2.733289,4.1030903,0.09742022,0.6699505,1.2691059,0.2434423,0.9220928,0.43072993,0.30693623,0.87977755,1.058218,0.76097876,2.7328882,0.30031198,0.5730499,0.12981135,0.5460161,0.17649588,0.19180459,0.6859053,0.27594608,0.20467609,0.019423317,1.8044162,0.06493715,0.26993558,0.8531701,2.70462,0.19721371,0.024033206,0.643757,0.8242435,1.1045258,0.7584494,0.19842586,0.09641417,1.8651375,1.9606614,0.5695443,1.9769318,0.013029963,0.66279346,0.19839118,0.2884289,0.039086662,0.87170744,0.71797544,0.23933706,0.89433455,0.019654173,0.35696983,0.45474127,0.13311526,0.4266855,1.2115911,0.3140263,0.00060901686,0.37233022,2.9581618,0.44848675,0.08096822,0.006044732,0.26777273,0.13280232,0.38909864,0.5609776,0.0,0.46883035,0.3401076,0.56096774,0.0656933,0.012226561,0.023832304,0.10446941,0.03828187,0.4769746,0.49331024,0.62556267,5.19099,0.22962394,0.21239398,0.7022102,0.12884998,0.0134189725,0.1634537,0.19609556,0.17243636,0.48154122,0.8822943,all_pothole_images\pothole_images_enhanced_5a5f702fc2f39b08635a9874efc00e72.jpg
0.035811376,1.3164409,0.033575818,1.893205,0.3739638,0.4798377,0.16469274,0.020782597,0.0,0.42926028,0.20210496,0.2871823,0.0,2.4987295,0.058435317,0.0,0.1417349,2.0586329,0.044527337,0.09958227,0.04566161,0.5271809,0.16059381,0.5740701,0.48392072,0.34948885,0.94271165,1.399907,0.17306207,0.23564325,0.28407946,0.0,0.10533684,0.2625691,0.32011363,0.85050565,0.31925702,0.3505323,0.041321095,0.033804026,0.18930957,0.14558133,0.31632134,3.3051956,0.4761825,0.68448716,0.07402629,0.18078685,0.77860445,0.8068948,0.064327866,0.23863293,0.05953823,0.0,0.0,0.8165545,2.1112478,1.1542121,0.08895715,0.006483257,0.049628403,0.039108895,0.69196814,0.35340732,0.533454,0.405923,0.3340351,0.1579283,0.18869121,0.12779169,0.021789227,0.19939527,0.27203757,0.0024480985,1.0011115,0.0,0.0,1.4078138,0.0,0.0,0.008779725,0.32149845,0.68931055,0.33571944,0.23309536,0.0,0.28100497,0.12119638,1.3529924,0.24785906,0.098221846,0.055885203,0.028290553,0.09378281,0.0,0.003499766,0.39868444,1.1816015,1.0729458,0.10433067,0.70341706,1.7883608,0.48953348,0.055096403,1.3358521,0.9728,0.4333753,0.23825419,0.05673853,0.20681082,0.03698676,0.0,0.08003886,0.73813504,0.6288045,0.12612414,0.38464922,0.2411047,1.3726075,0.67659146,2.0095725,0.2813739,0.014429667,0.284322,0.22263618,0.51714426,0.33859992,0.54399997,1.362624,0.0053918976,0.23085463,0.003620206,0.13794962,0.19027731,0.10693183,0.1683496,0.082632475,0.21958135,0.46206957,0.05854187,0.5965046,0.024211517,1.395211,0.53016126,0.014403297,0.72418654,0.116055876,0.9588679,0.10250182,0.071222514,0.06833005,0.2921489,0.06063725,0.50990915,0.6904979,0.27236855,0.15350983,0.40780398,0.46827677,0.374733,2.1345494,1.8752843,0.2900563,0.8545293,0.107239485,0.12201116,1.6946146,0.02871619,0.21397796,1.9244165,0.1993942,0.0012188333,0.039777238,0.25021982,0.16628046,0.34982482,0.043655552,0.12355326,0.5599747,0.0024043699,0.0,0.6984058,1.9545833,0.27340963,0.59660774,1.4284042,0.7616646,0.5996683,0.112911254,0.35802156,0.10969515,0.6522921,0.94833386,0.6934588,0.11359337,0.0743937,0.73913246,0.038409155,0.364663,0.011941768,0.26246804,0.17923597,0.2627503,0.32781184,0.07846145,0.19593035,0.19682683,0.111971416,0.13606118,0.07571518,0.0794854,0.097428136,0.3647217,0.043491665,1.4178245,0.8424786,0.27532756,0.4370447,0.009779744,0.032901756,1.0263832,0.22340183,0.18272617,0.0058599394,0.0,0.087708086,0.44957826,0.08831784,1.1916841,0.54112583,0.17950381,0.0,0.5396843,0.29999205,0.06277458,0.010998907,3.1572244,0.21213815,0.35040897,0.09120751,0.19111419,0.36398962,0.16703656,0.8551197,0.36155093,0.14881851,0.3302679,0.33292392,0.019085608,4.9478498,0.26117706,0.0060921153,0.008831004,0.52001595,0.0011819229,1.5495383,0.54255813,0.13100235,0.13570172,0.9846695,0.0025089087,0.22514503,0.22649765,0.2493963,0.063910626,0.035518087,0.74794215,0.8737946,1.5393648,0.062045302,0.6303453,0.031140814,0.13666907,0.58007634,0.5638031,0.47214198,0.06477702,0.14511864,0.1186233,0.2203242,2.0218515,0.07841688,0.68613213,0.94373435,0.0014718558,0.20539439,0.8270885,0.0,0.53622246,0.011249511,0.1526218,0.08930248,0.0041322447,0.5313645,0.11013145,0.49370867,0.09255016,0.3343195,0.32616523,1.9481268,0.68359184,0.28233346,0.0,0.007337325,7.9185534,0.3865209,0.0823513,0.0038804754,0.14046355,0.57362986,0.40031376,0.44066736,0.55365145,0.65729195,1.1303619,0.51616704,0.08106538,1.3413682,3.2072809,0.0,0.47240043,0.51265615,0.052016743,0.291132,0.0,0.076053455,0.8710538,0.008893334,0.042940382,0.010291007,1.1853273,0.010242776,0.23376033,0.0,0.015063844,0.049926493,1.4855626,0.17279084,0.19085366,0.35202715,0.03010917,0.21040843,0.601717,0.82487094,0.25747338,0.7660703,0.01758341,0.09183817,0.8247861,0.45225525,1.0019807,0.09871344,0.084968545,0.27076536,0.3845,0.0,0.0,0.4283675,0.08106455,0.0940643,0.21917512,0.39506245,0.68590474,0.0059824074,0.36620548,0.022421574,0.49882585,0.20885341,0.1491148,0.36319527,0.4638164,0.1346715,0.20236607,0.11756926,0.23036486,0.14511986,0.025535563,0.0,0.23892145,0.31374747,0.11379424,0.0,0.013647363,0.3960326,1.5042986,0.02661811,0.39662477,0.030042047,0.041848715,0.02474066,0.5637731,0.15010296,0.11192579,0.1686765,0.015944766,0.005847244,0.449285,0.35054708,0.13733202,0.3317356,0.2097639,2.143299,1.1353989,0.014555244,0.15469754,0.6322297,0.4285887,0.7873563,0.21016763,0.0822326,0.3583468,0.5074399,0.0,0.22368357,0.054853607,0.3632703,0.15428096,0.8321855,0.0681083,0.0,0.8849994,0.24032289,0.35517552,2.429765,1.8631766,0.3870813,0.94419974,0.26964048,0.09057914,0.24314757,0.50890535,0.04160533,0.4747885,0.14200324,0.56672436,0.6120057,0.07927743,0.0071030483,0.023636272,0.1348633,0.37564752,0.088842615,0.18325377,0.02758886,0.082010984,0.017906666,0.46500447,0.5157575,0.78451717,0.70012474,4.521351,0.20063582,0.18802996,0.17365879,0.002663509,0.30327803,0.028530903,0.11832375,0.079760894,1.142982,3.3558629,0.18712057,1.761815,0.16218238,0.4693764,0.0,0.054280147,0.0,0.6629407,0.6219178,0.3205428,0.41488233,0.0,0.37033668,0.64460194,0.03739268,0.08306419,1.7421943,0.18478937,0.030122664,0.15671223,0.67053527,1.526409,0.11193665,0.10183436,0.0051738033,0.3751227,0.020049414,0.252945,0.14573672,0.5234017,0.28307894,0.0,0.45799765,0.12144109,0.09107253,0.0,0.3648993,0.38156477,0.14446236,0.42622948,2.4852884,0.14654753,0.0,0.65967685,1.2093524,1.3473989,0.0044642454,0.0,0.34199128,0.07699068,0.54117596,all_pothole_images\pothole_images_enhanced_5aa9e7400ea3c1622e253f221f83848c.jpg
0.3253467,0.6527664,0.092773765,2.4222014,1.0825696,0.31247324,0.13951074,0.065764315,0.3656239,0.34437472,0.5631509,0.55562484,0.59093654,1.5365329,0.11514323,0.22486207,0.25172704,0.6537643,1.3627418,0.01018446,0.7255551,1.765376,0.17086563,1.0794748,1.077219,0.62191623,0.32784474,1.8279426,0.0,0.1497527,0.63654536,0.49311295,0.9203026,0.8287398,0.93878126,1.9737484,0.6587189,0.57719785,1.0391077,0.3041,0.05201227,0.013930703,0.35138518,0.40863752,0.44437066,0.48641306,0.09120046,0.1718515,0.9323316,1.7053828,0.45467275,0.0037872803,0.14450344,0.19996402,0.10409102,1.684642,0.67703235,0.10134504,0.58958304,0.06527773,0.23608872,0.15495782,0.06259805,0.45037484,1.4761782,1.1786445,0.22619694,0.40687382,1.1345565,0.3562524,0.05415061,0.47379076,0.60517776,0.0214089,0.000998456,0.1694773,0.050556872,0.65659803,0.27720857,0.47626662,0.010429758,0.8193246,0.22720712,1.0786326,0.13580805,0.26052624,0.28378806,0.003053399,2.1013155,0.15296423,0.8373355,0.15731618,0.8098237,0.62081754,0.002334326,0.035251714,1.1858938,0.15821384,0.41648865,0.623369,1.2075998,2.385196,0.7822903,0.06352086,1.0302064,0.20997648,0.13444807,0.9116599,0.24923131,0.3219073,0.0,1.339492,1.0832007,0.21044388,0.17369863,0.34702978,2.6452417,0.88513935,4.0416903,1.4439074,1.5035034,0.0,0.30040208,0.118417196,0.25077096,0.9258301,0.28869632,1.1635454,0.7499139,0.68926024,1.6035066,0.0,0.3158767,0.0016723617,0.038713176,0.8630156,1.2640132,0.961573,0.6699156,0.077300526,0.25942963,0.7683484,0.017753555,0.59771794,0.003902645,1.4047726,0.9152692,0.0066388207,2.2373743,0.25246987,0.08962518,1.0983031,0.07341297,0.07637741,1.2823883,1.3211876,0.8994388,0.1720073,0.84290034,0.03844663,1.9176023,1.7146317,0.18801321,2.2190652,0.063293345,0.9790675,1.2566526,0.070951656,1.0781639,1.5386333,0.5672528,0.59607834,0.037099633,1.3357239,0.739586,0.0,0.03508902,0.01836313,0.2647295,0.042692874,0.099133275,2.1574085,0.85911924,0.57797116,3.6441252,0.81128985,0.6631659,1.5863729,0.635421,0.51170164,0.31586608,2.5967553,0.15790413,2.0658374,0.26710078,0.7264888,0.9508802,0.6012988,0.76674867,0.12842768,0.27096778,0.9223036,0.3150551,0.6187374,1.0106701,0.2944739,0.5785964,0.5558653,0.97380966,0.09051291,0.08473088,0.003760655,1.522294,0.09215196,2.3345737,1.2236619,0.03581491,0.03564142,0.036412794,0.69271123,0.22447251,0.34276173,0.92867225,0.21054812,0.09602258,0.4053729,0.4767413,0.04522713,2.9159245,0.46803072,0.0,0.0377722,2.2031586,0.2782344,0.28908458,0.27944854,3.3519714,0.02438136,0.5214172,0.45566526,0.15450418,0.30610773,0.2641517,0.18132459,0.10016676,0.1376776,0.25858897,0.12820831,0.19927064,4.9758472,0.4349383,0.33698818,0.6718479,0.86116356,0.35107872,0.25356987,0.58081627,1.9514079,0.00864864,1.0565604,0.3344479,0.0100538405,0.258808,1.8567559,1.0850439,0.3594148,1.4746846,0.6824783,0.53176486,0.025421344,0.09481371,0.07835655,0.0027653018,0.6461617,0.78982514,1.0233591,1.055514,0.30775648,0.8297585,1.5032239,0.2095714,0.24253486,0.5298012,0.051686272,0.29545087,1.4500989,0.47236314,0.42869237,1.41111,1.2757833,0.057923287,0.0038879467,0.10468348,1.0820704,0.96670216,0.058355253,0.12485721,1.1731267,0.27420262,1.6612433,1.0502737,1.6537687,0.021851785,0.24062213,5.8007374,1.1100224,0.0755551,0.21067129,0.33444485,0.08307185,0.2642673,0.9173285,2.7795851,1.867738,0.5275492,0.20684111,0.055843752,0.2605576,4.850077,0.109228045,0.4135267,0.0,0.23846062,0.29323143,0.49912682,0.63992476,0.26754883,0.6988748,0.054337963,0.030911926,4.1497416,0.057364322,0.6744939,0.22189373,0.033618264,0.090968005,0.417696,0.5534066,0.2531288,1.2108731,0.64509034,0.05140566,1.6488903,0.909181,0.69851404,0.8782907,0.049153376,0.56388265,1.133663,0.66571355,0.027126856,0.27701446,0.0016666678,0.20639822,0.13099068,0.19136696,0.0,2.1191792,1.0358565,1.063056,0.025779009,0.83798987,0.6821861,0.51558125,0.11523935,0.0,1.6237127,0.34048194,0.04257593,0.21864817,2.4138675,0.12403456,0.718705,0.0,0.097262464,0.31552583,0.0018516079,0.1317723,0.18216804,0.33997515,0.8339501,0.09864414,0.348567,0.76255906,3.2841535,0.48472607,1.2242724,0.017119799,0.2574703,2.5795968,1.0213007,1.4614749,0.0790921,0.0,0.47326183,0.17556612,0.5208454,0.7723128,0.16623911,0.055053767,2.6261353,1.3491361,0.7373704,0.14103469,0.8376013,0.16233146,0.20162132,0.47245586,0.056033414,0.019380001,0.43119344,0.1654728,0.12754509,0.77779895,0.018678663,0.3353418,0.46306923,0.83026326,0.32650125,0.045966454,2.2273831,0.5129153,1.1231529,1.8110908,1.2702141,0.28248557,0.27455574,1.511229,0.31467938,2.0535128,0.17994049,0.50366884,0.83066684,1.0188543,0.74943954,2.9125226,0.66330034,0.74124175,0.26791278,1.6883137,0.3039193,1.1718396,0.16737248,0.61524105,0.0965394,0.18612447,0.52782446,0.30618376,0.16921729,1.2066644,1.8674542,0.2954816,0.64907986,1.0889406,0.6768079,0.69010097,0.65196824,0.7513732,0.49709702,1.7065781,2.1521556,0.9354955,1.4712272,0.19869204,0.5413788,0.11478768,0.6612077,0.004603758,0.358008,1.0988797,0.28958517,2.2764325,0.079299144,0.4479944,1.0289263,0.08011873,2.6367486,1.7667575,0.5272659,0.23615615,0.0,4.674748,0.21674208,0.049928576,0.10972552,0.2921285,0.14925264,0.0,1.9319103,0.10789164,0.35523173,0.639484,0.8301047,0.3354526,0.2037994,0.4546252,0.06241281,0.19653288,0.0,0.7061126,1.2882504,3.819121,0.7865865,0.08048868,0.10660058,0.9054671,0.6340204,0.25994515,0.32386118,0.266314,0.106477015,1.3015671,all_pothole_images\pothole_images_enhanced_5abb05b246df5520462f5b3d1a965610.jpg
1.3133404,2.6792839,1.0278507,1.2558936,0.60429794,0.73643035,0.8967705,0.17189237,0.20055151,0.4895492,0.07109683,0.57618415,0.67204577,0.33401766,0.9750575,1.5311626,0.59695023,0.087007135,0.7640077,0.9618866,0.7644153,2.1524951,1.0687206,1.0842413,0.80860215,0.8052015,0.08254236,3.2413101,0.05287763,1.5008545,0.53527445,0.0,0.7982696,0.42325494,1.48467,0.27262825,1.2284861,0.32665437,0.94834936,0.63900954,0.0,0.0,0.46064097,0.39091203,2.1061695,0.58911484,0.6073997,0.00022063416,0.27585417,1.5187293,0.5143875,0.08296741,0.5659569,0.72904307,0.0,2.1752863,0.2661426,0.40113997,0.47918168,0.29431662,0.37883356,0.65234715,0.9654835,0.4861486,0.34544006,0.9541157,0.36656308,0.62174755,0.5370413,0.8422153,0.74478,0.22572742,0.43403116,1.7169176,0.5643165,1.4389254,0.19995756,2.004568,0.005673965,0.23210394,1.1121291,0.050858103,0.54691833,0.34118778,1.7224942,0.86144054,0.3919953,0.4978958,4.995095,1.2277205,0.14059758,0.52997595,1.1714703,0.26513618,0.2296863,0.4303212,0.49139342,1.0965395,0.34322706,0.459967,0.47736514,1.9133652,0.3873205,0.20626336,0.065053225,0.0011740628,0.5000475,0.5582057,0.37115404,0.33412233,0.8286555,1.3652186,2.0878508,0.6542537,0.6249356,1.5550674,0.799993,0.30533484,1.0890146,0.8162346,0.24416868,0.40600777,0.35487244,0.43401763,0.98248607,1.8162907,1.3807139,1.8781174,0.26380032,0.9216647,0.19162075,0.029281402,0.87727034,0.5372667,0.44060922,0.9260114,0.0876256,1.8221787,0.34482905,0.010023927,0.8850304,0.5596415,0.020173067,0.09810247,1.1611543,2.4577103,0.42199484,0.008777966,0.01802671,1.961791,1.0392102,0.3797372,0.66901445,0.18067954,0.79442734,0.2848367,1.2455609,0.25679675,1.1827096,1.7558992,0.6481975,2.459379,0.6567652,2.594471,0.17996934,1.1005213,2.2775803,0.100642875,3.429989,0.41567534,0.5427157,0.053146187,0.30172226,0.12726861,0.6525916,0.097217284,0.34913865,0.13117757,0.9508556,0.9054897,0.75279033,1.0378232,0.67958176,1.3093054,3.8179057,0.032268595,0.33985534,0.49197292,1.1524522,0.83952314,0.06136322,0.6344945,0.1390169,1.3131579,0.8337218,0.12897167,1.1564087,0.4943866,0.28864232,1.3521882,0.94001377,0.6471715,0.08517432,1.2157719,0.599443,1.2154772,0.50097626,0.77714473,1.5716888,0.6850798,0.4319027,0.044844404,0.32207972,1.5340466,1.3851959,1.2319814,0.3950853,0.18833733,0.5633443,0.36309704,0.66476935,0.025846832,0.21988425,0.14941056,0.033317093,0.81604254,0.3330517,0.9565685,0.76283777,0.11898684,0.06098705,0.78817403,0.23591964,0.97299606,0.15839009,0.36259565,1.8826246,0.20001192,0.0,0.5026235,0.45528114,0.0007664192,0.05084558,0.0,0.9300058,0.09130532,0.7149999,0.20880751,0.72010225,3.5004141,0.8729757,0.53282017,0.94476587,0.024047842,0.37207222,0.6973113,0.43123338,0.22041818,1.1073447,2.972924,0.18290706,0.114730895,0.58225363,0.07291069,0.16588601,0.257934,1.575005,1.030797,1.0120214,0.3886967,1.1890607,0.5616966,0.7379945,1.2112024,0.90701836,1.0349145,0.2481459,0.52613187,0.5336774,0.6837215,0.9659626,0.39819795,0.8205683,1.4046335,1.4113759,0.61976445,0.35909504,0.32270837,1.0460211,0.47277945,0.13985348,1.1514136,0.28812,1.0427496,0.12817141,0.47931305,0.53260905,0.9489805,0.59637463,1.1362588,0.8977007,0.6364278,0.6468569,0.56910497,5.2390466,0.38689998,0.37869057,0.48471138,0.82017964,1.0875793,0.17323317,1.1610576,5.5014386,2.3450494,0.05079483,1.0549152,0.34421775,1.9794202,1.0144286,0.12879962,0.933181,0.20313303,0.32492837,0.1859786,1.0378189,0.7659776,0.31343302,0.37007457,1.7597717,0.23326874,4.1556606,0.338171,0.0,0.02470744,0.15043265,0.05976904,0.3404808,0.012496325,0.63284564,0.38466763,1.3432083,0.2957395,1.9527196,0.22336765,0.6308766,0.55959624,0.6399593,0.27652264,0.42411023,1.0117087,0.5689706,1.1252797,0.47470278,0.119941846,0.08085045,0.18727191,0.49224213,1.4948746,0.4978885,1.4841911,0.24836452,0.43511444,0.23416764,0.70326674,0.12876548,0.9149768,0.8352457,0.16761923,0.30774334,0.0044354554,0.07610154,0.4151319,0.29898858,0.23432423,0.661744,0.43664578,0.12852314,0.42465836,1.2075822,0.912435,0.47283798,0.14497925,1.4426473,0.5277818,3.0987356,3.3778229,2.2548447,0.9871503,0.94074357,3.0801945,0.5677392,0.46794903,0.0,0.4431458,0.0,0.061032444,0.85021114,0.46181607,0.118547566,1.6334931,1.6343635,1.4245173,0.4796653,0.5813122,0.079232626,0.008232257,0.2863965,0.59071064,0.2845214,0.73372763,2.1212237,0.067963436,0.10767845,0.7465101,0.13963673,1.9879191,1.269292,0.5635842,1.5069768,0.37953216,1.3215014,1.1292573,1.4114295,0.04704199,3.4530876,1.1726369,1.3365067,1.0066154,0.92010623,0.601534,1.4105973,0.13445438,0.6280452,0.96581316,0.44343543,3.23825,0.7369545,0.10170782,0.13748813,0.86306286,1.2168027,0.78231823,0.6078265,0.16247635,0.3519128,0.450497,2.392796,0.5887488,0.7458578,1.9876126,0.5053813,0.36127663,2.0571604,1.1579082,1.0458822,1.1472559,1.2106676,1.2989067,0.88071066,1.1995465,1.4191259,0.31314027,1.491485,0.5791708,0.3147799,0.72381395,0.5624206,0.29190868,1.6047435,0.4599074,1.6785086,0.09206877,0.5358293,0.5575028,3.3792176,0.10658164,0.18064794,0.51584774,0.030362496,0.3947696,0.23755996,2.275792,0.2571418,0.70405936,0.024723817,0.015227264,0.69212884,0.3575808,0.15417747,0.3570223,0.5176532,1.5490476,0.8063831,0.36879876,0.01833339,0.22610226,0.2627876,0.14639878,1.1596887,0.0008415693,0.5009184,4.807506,0.45918056,0.44464585,1.953855,1.2160994,0.16304429,1.0454787,1.1420884,1.2147982,0.08145152,0.82448816,all_pothole_images\pothole_images_enhanced_5aeada52287efee7a603cfd88dd2ddde.jpg
1.3261389,1.3731564,1.3845332,1.7040564,1.4104952,0.2451953,0.6477078,0.1486898,0.2362598,0.49452838,0.38758895,0.032721285,0.08426921,1.6960442,0.6358409,0.27542025,0.033051874,0.026495134,1.165213,0.5538158,0.21215509,1.9658631,2.3671718,2.2372537,0.35417843,1.5560985,0.5631965,2.184887,0.036599085,0.35726732,0.7427453,0.03198935,0.99910355,0.1725247,0.59929645,0.1316336,0.80172205,1.332722,0.06791972,1.4386551,0.5799544,0.37951022,0.7052086,0.86674094,0.2952828,0.9405091,0.09812515,0.4359942,0.32140744,0.10358852,1.3586987,1.034561,0.94566244,0.4644945,0.8084259,1.5110422,1.3171041,0.0,0.48936826,0.026957853,0.37972748,1.1223375,0.9976808,0.036002535,0.4254925,1.9594382,0.51924366,0.052011255,0.37347165,0.68137515,0.20475349,0.5683845,0.65222704,0.16229801,0.23396888,2.5830152,0.31504908,1.4417299,0.43772092,0.038546193,0.08847594,0.043860942,0.33537334,1.018493,1.4286629,1.2549975,0.14126544,0.14341018,4.488912,0.10493328,0.37612256,0.116302274,0.10907205,1.142661,0.31073755,0.05293122,1.5443305,0.7162809,0.833469,1.0247998,0.031370156,2.1347923,0.32503885,0.14785884,0.575867,0.68747413,1.091669,0.13769622,0.010213456,1.2391899,0.5676096,1.8430405,0.8806995,0.55988514,0.5257859,1.8032099,0.6016328,0.6186572,0.2364232,0.5906623,1.1611723,1.4350771,0.79581815,0.5934656,0.8292286,0.7701226,0.23063508,1.3751149,0.24952771,1.0633173,1.5159286,0.07680073,0.66747135,0.29905662,0.16862309,1.4317694,0.07874486,0.9024438,0.72435606,1.0866817,0.34774387,0.17046873,0.10845321,0.6970892,0.6677199,0.7106514,0.33998758,1.6948035,1.2964357,1.5342404,0.29170573,0.98958343,0.10093888,0.23713876,1.671961,0.37409428,0.77947724,0.8460717,0.19853124,1.035586,1.495074,0.8463748,0.1919208,1.2735254,0.7027708,0.772311,0.4247535,0.8502098,4.0672016,0.36535734,0.5773906,0.19681154,0.1010669,0.42158934,1.8355731,0.4404997,1.0340939,0.24205676,0.014862092,0.35491234,0.21914689,2.318424,0.82137656,1.4861081,0.9403652,0.6648712,0.48653924,0.6114712,0.037449848,1.0208085,0.7360353,0.23152614,0.044030815,3.1753647,0.17752776,0.433182,0.57999706,0.7155935,0.40316615,1.5573695,1.0877646,1.1616452,2.0137615,0.4556304,0.6938249,0.022027114,0.29187313,0.19908683,0.3179759,0.39832282,0.7209217,0.9310667,1.6873126,1.3726631,1.00852,0.6003681,1.2522293,0.6206089,1.5006715,0.32577848,0.7863025,0.08823844,0.37731698,0.43964136,0.9279155,0.31690845,1.8468325,0.9075498,0.8881196,0.16871162,1.2002106,1.8112755,0.23008487,1.2649156,1.9383581,0.1507319,0.9702228,0.33928668,0.0632293,0.0,0.8110276,0.40029213,0.5556915,0.5411523,0.21145865,0.22502708,0.39388025,0.6904745,0.43402827,2.635601,1.1196532,0.16035286,0.34955665,0.43606916,0.13010143,0.0,0.29021114,0.34185052,2.0528948,1.9318004,0.37394804,1.237838,1.2608675,0.5232189,0.022843204,1.2510866,0.5846798,0.66901606,2.0074377,0.098326586,0.065156214,0.09747683,0.1418553,0.16488458,0.8760265,1.0195419,0.9193554,1.1389555,0.33166316,0.7739093,0.0010658235,0.7802437,0.5289752,1.2741536,1.378124,0.88588595,0.7433062,1.2305332,1.0991024,0.05032513,1.0341061,0.7670157,0.13518348,1.9749917,0.46947423,0.32006103,1.2282134,0.024951873,0.109663375,0.9358582,0.17351264,0.5099411,0.6080524,0.8802911,2.1573715,0.13519694,0.13737252,1.2028402,0.68962157,0.06300243,1.1799611,1.5556653,2.518178,1.4445096,0.0,0.2512559,0.08720834,1.87054,0.31232312,0.43613243,0.14460823,0.7125647,0.15658581,0.53681725,0.35724342,1.2095021,0.48271662,0.34291458,0.1556092,1.292686,1.4009289,0.09752747,0.10033058,1.0275961,0.7366903,1.7486238,2.731136,1.3776321,0.24222763,0.0716049,0.71109796,1.4428803,2.7563262,0.0690195,0.26251307,0.11846803,0.4876792,0.05777487,0.06700101,1.683181,0.28763133,0.32147604,0.5830298,0.17366646,0.100322135,0.24734582,0.6132171,1.4726201,1.5223364,0.6930042,0.09652797,0.034640603,0.50036514,0.9057401,0.11918418,0.13626343,1.2941378,0.57693887,0.6153573,1.0466989,3.5549788,1.3841453,0.734957,0.06500286,0.7075404,1.1594707,0.2100291,0.2854911,0.795784,1.908547,0.38585174,0.12913944,1.8871862,0.49911818,2.7170236,1.3252863,1.1512643,0.6520134,0.3963912,2.7652175,0.87241423,0.605812,0.011805515,0.2537623,0.30876094,0.0,1.742433,0.1882868,1.3006891,0.110606834,3.589188,1.8600999,0.37939847,1.186238,0.8812656,0.4179929,0.74111265,0.0,0.46094936,0.18958272,0.16300528,0.051143363,0.90588254,0.5685102,0.047860343,0.7197057,1.1796613,1.2236142,0.5639321,0.00801381,1.5231649,1.7390763,1.9190888,0.88843113,0.8253727,0.80007464,0.97409767,2.2958488,1.1739938,1.5025373,0.14206497,0.27880308,0.42198336,0.6923437,0.9506387,5.571664,0.9422433,1.2321225,0.5438873,0.009415032,3.0055015,0.11229818,0.15706234,0.16910711,0.5235378,0.85442036,2.644784,1.0549682,1.1647128,0.9918376,0.2987182,0.33598664,1.2280604,0.75920135,1.317386,1.7717593,0.34758502,0.02886214,0.19179888,1.2580891,0.9522855,0.104943655,1.8903631,0.6728752,0.9272599,0.5026467,0.5129353,0.59966344,2.7071197,1.7212837,1.4308647,0.50149995,1.3753287,0.53905624,1.3709083,0.5242715,0.16244254,0.26162565,1.8354464,0.5032561,2.430318,3.606602,0.8019211,0.7816915,0.10434851,1.6097758,1.1149659,0.56759816,0.90788704,0.20236358,0.811771,3.9253116,0.09929827,0.38060588,0.39259502,0.0,0.026358657,0.28072578,0.359601,0.028863402,1.4478441,2.4303513,0.26741394,0.87154114,0.57254523,0.5477911,0.48013842,1.3110951,0.19025919,2.35771,0.32829723,0.26992086,all_pothole_images\pothole_images_enhanced_5b2e9441946a0bd7be497dffa689a5b2.jpg
2.7486715,0.6703697,0.6828012,0.52288264,0.5561268,0.3422364,0.19548887,0.0,1.0840878,1.9424694,0.83215386,1.6713096,0.0006908546,3.044524,0.93370795,0.24482538,0.16745815,0.025693402,0.004715179,0.8688881,2.8869784,1.4365908,1.1789418,0.5098629,1.5484198,0.3900892,1.2616707,4.0629888,0.11393356,0.0,0.11102543,0.40860447,0.002347823,0.6018083,0.09614957,1.0740268,0.16737239,1.5034562,1.1146125,0.16551489,0.0,0.15844259,0.17403956,1.0735773,0.3582965,2.1243649,0.18112224,0.5978513,1.1772865,0.1545314,1.2039839,0.94945854,2.8061717,0.19054666,0.08800886,0.8818831,0.30293623,0.09757163,0.5886572,0.06265749,0.63599813,0.017270327,0.0,0.35308322,0.40233916,1.5379666,1.5614334,1.5040264,0.04558367,0.0,0.6753043,0.46460775,0.28879133,0.5909433,0.45726028,0.24157557,0.7947554,0.31814072,0.0014836867,0.030813543,0.7518609,0.3320834,1.2551534,1.0067207,0.96286494,0.0,0.8865413,0.18728313,0.6782369,0.25947016,0.21655935,0.0009161949,0.16140361,0.22716144,0.40175927,1.4434896,2.1461165,1.4446408,0.11340801,2.0374117,0.05363817,1.8091081,0.22668384,0.19884865,1.1345185,0.0720503,0.28203544,0.7421682,0.0035558627,0.6515426,0.3123306,0.8819754,0.47592002,0.11268454,0.5380992,0.10150275,0.0006383404,0.0,0.60239494,0.4523925,2.9742923,0.07722691,0.064287335,0.4742187,2.2430055,1.475625,6.3477583,0.12818478,0.0374112,0.2596929,0.42602894,0.021185536,0.0,0.39507574,0.9152736,0.7959263,1.2673992,0.50860214,2.589908,0.05639039,0.28468338,0.86739045,0.04077543,0.23409979,1.0284153,1.3832804,0.08038454,0.33103365,2.7475352,0.06405839,1.5711077,1.0793446,0.12495548,0.24181773,0.16122825,0.41775537,1.4036988,0.28284484,0.6302618,1.7799262,0.7377567,0.4721126,0.099388726,0.871618,0.1318842,2.6706948,0.25805518,0.54826444,0.24223159,1.4646865,0.27596352,0.082260445,0.88209647,0.30866075,0.0069906875,0.3536512,1.116989,0.40886283,0.81583744,0.36650774,0.16231896,1.2492862,0.22505407,0.7970429,1.7572908,1.413732,0.14902039,0.981195,1.8388612,0.1925073,0.6211062,0.47568768,1.0338069,0.8319545,0.4246332,0.954081,1.8142614,0.019653583,2.4974353,0.31707332,0.23059797,1.0287869,0.20592539,0.7215127,0.18471844,0.096813105,1.3896817,0.118938744,0.62011594,0.90414274,0.23818648,0.15524969,0.3571771,0.15596847,1.7378347,3.0655124,0.099688135,0.0,0.087359905,0.10135184,3.7730026,0.0,1.5644064,0.22376324,0.0,0.5933719,1.0723683,0.00650655,1.2625058,1.4780637,0.0,0.025123445,0.16991891,0.97558373,0.23243102,0.027310744,1.4224885,0.00083597755,0.022662777,0.17869805,0.4422848,0.5674085,0.0005278967,0.760077,0.40228435,0.020952424,0.39303643,0.024624685,0.25326893,3.8559515,1.0271573,1.0986379,0.11783029,1.3462007,1.0511143,0.78537977,0.32832754,0.36952135,0.046769872,3.3033977,0.8281513,1.2351952,0.57624674,0.0,0.12592502,0.6384863,0.50952166,0.92962456,1.8974142,0.013592758,0.42191008,0.20045987,0.19146958,0.7247347,0.024883056,0.15350622,0.0,0.73010916,0.2762626,0.52399814,0.17144892,0.40900755,1.946031,0.09030738,0.5395573,0.06906982,2.6599233,0.30536476,1.2177728,0.0038306408,0.16225325,0.110589825,0.25722623,0.13397644,0.03392237,2.2113006,1.1059177,0.0014268587,0.065507345,4.45791,1.7413,1.0402455,0.57299525,0.5479607,3.2677612,0.19563392,0.14578529,0.10137063,0.37862626,0.32178986,0.1468378,0.07049069,0.89949876,1.8381985,0.35085312,0.29950958,0.22237332,1.96789,3.0491467,0.85238683,0.3321573,0.43354344,1.6321858,1.6539861,0.019445684,1.2241712,1.1658514,0.2920818,1.7903088,0.5703117,0.512589,0.18180898,0.30604184,0.23193532,0.3778168,0.5028199,3.16297,1.9079254,0.25465462,2.0726595,0.0858381,0.19287293,2.4923,1.6878349,0.5327225,0.5472564,0.17275496,0.70093465,0.34302622,0.028351482,0.36691245,0.39910832,0.14033583,0.71305627,1.4447374,0.0,0.058053404,0.40519592,0.009387127,1.5217425,2.118042,0.090051025,1.2371424,0.57112294,0.6285728,1.4587318,0.08211693,0.89007443,0.2561056,0.5568949,0.10994152,0.20444624,1.9529127,0.49133262,0.027349606,0.20099466,0.11846393,0.009607641,0.5454568,0.7456083,1.7981639,0.15566729,0.7057481,0.7785061,1.3375776,0.71542126,1.780822,0.0,0.4098701,0.8284172,1.5325279,0.35151646,0.6509978,0.2880081,0.08908667,0.55941045,0.4980507,0.41807443,1.289594,0.6026708,0.5747471,2.1563528,0.24456845,1.1338947,1.5926825,1.2230825,2.0321867,0.498239,2.5623252,0.5803504,0.575367,0.37169063,0.1363535,3.4335587,0.14682755,0.32340968,0.320281,0.49438363,2.3342726,0.66659296,2.2008238,0.07552377,0.021324022,0.4389443,2.2896621,0.07700476,0.67537487,0.5085332,0.2699392,0.43185234,0.44472635,0.08608376,0.6765227,1.1960144,2.4480443,0.8665114,0.38491082,0.604431,0.0046470333,0.44739485,0.95760626,0.026428862,0.021862945,0.21328455,0.0,0.010983143,1.4175792,0.329022,0.09158085,0.5946026,1.4591444,0.86992973,1.4308777,0.0052906205,0.48764706,0.19164862,0.38825956,0.021521293,0.62032443,0.42700493,3.8141022,0.04692587,1.6009619,1.024275,0.01012482,0.46564204,0.42675525,0.106324896,1.855712,0.32666913,0.07231469,0.34883276,0.0,0.7768963,0.9510933,0.02309194,0.45995274,2.2350812,0.442007,0.30586222,0.75315106,0.42317173,0.18345541,0.7963089,0.6414038,0.12288441,0.3834285,0.30157563,0.03657023,0.018012304,0.09696713,0.48848495,0.21963319,0.6840556,0.0015678235,0.22064841,0.08678608,0.39936373,0.3284357,1.1947845,0.63926387,2.6092064,0.63658255,1.3982489,0.4961547,0.9920723,1.3741568,0.0,0.04121318,0.10988786,0.1804346,0.07407867,all_pothole_images\pothole_images_enhanced_5b5e706902f7336264ffa26bacae1e88.jpg
1.8237286,0.27492237,0.26696151,2.0624688,2.6447704,2.0821226,1.7047455,0.101398215,0.37091693,1.240337,0.12219529,0.7094611,0.6259722,0.7990288,0.0053369235,0.22412485,0.56457657,0.70114017,0.74749047,0.081566915,1.0434995,2.8648326,1.1595174,1.4437764,1.1972697,0.32710257,0.31111604,2.613129,0.62583333,0.85081154,0.33816513,0.24392384,3.460294,0.9671013,0.32609957,3.5987446,0.026353339,0.72502685,0.0,1.31069,0.0012746268,0.022816848,0.028164433,1.0690948,0.012287243,0.8271754,0.5619709,0.054941192,0.5426809,5.154031,1.4881794,1.0141182,0.71324295,0.078999855,0.6800362,4.0589437,1.8128158,0.65686655,0.9280351,0.1468709,0.53742296,1.040114,0.7345182,0.4382309,2.5164382,2.2271957,0.8987969,0.0687151,2.3044634,0.2717967,0.04435067,0.04516106,0.5186984,1.1412216,1.657724,0.26738656,0.033045545,0.8777942,0.030544443,0.059147216,0.20475872,0.42866558,0.6429317,0.01864388,2.9826872,0.8047178,0.500562,0.59019214,0.68119407,0.566843,1.8708112,0.21466523,0.08421629,0.33824366,0.062110685,0.5011939,0.3519115,1.0166539,0.8886753,1.0000892,0.089357,3.345208,0.8571463,0.85778046,0.65928966,0.3563094,0.22229089,0.9165643,0.0105185965,0.15364236,0.40797567,1.6819658,2.321261,0.8299269,0.63978094,1.6555895,4.1634436,0.35377204,2.8929539,2.5690994,1.528884,0.8815184,0.6235022,3.6946597,0.2828867,1.3353366,0.39381593,3.631828,1.8319554,0.3248942,0.6603272,0.004211839,0.084667206,1.1636727,0.064011395,0.87110865,0.23056218,2.6321218,0.37825063,0.23214543,1.446721,0.08148063,0.049312882,0.25248367,0.47015485,0.87912434,0.3564589,0.0743515,0.1517201,0.5534667,1.1547235,0.47138295,0.1913254,0.0,2.0624058,2.415285,2.4354045,0.30201167,4.154681,1.289124,1.9812317,0.31696445,0.0,0.96985656,0.005498934,0.51983476,1.1878138,0.36279246,2.8308654,0.14539067,0.5935102,0.07545977,0.0,1.7834111,0.5032992,0.43744776,0.07679699,0.09373766,1.3827688,0.039088763,0.24504161,2.3797185,0.9646653,2.2356703,1.9387904,0.15778534,0.66166574,0.6413818,1.6279933,0.6539727,0.2072564,0.26626483,0.47629553,1.9377544,0.30574054,0.8374113,1.2839495,0.529779,0.5110999,0.095423676,0.04236517,1.947459,0.34668198,0.9430346,2.1606097,1.4083297,2.0464344,1.2033175,1.8017989,2.1503162,0.060934026,0.0,0.15084518,1.1625993,2.2910106,0.74342054,1.9190228,0.19258042,0.1823744,0.18967965,0.2622884,1.361542,2.165019,0.49508226,0.0028509304,1.0723213,0.25577024,0.9657605,1.8726257,0.0,0.21280597,0.5874842,1.168712,1.1359235,0.43483812,0.3251989,1.2071967,0.45639253,0.0,0.08888852,0.11175532,0.051240686,0.0,0.04637688,0.28896883,0.6198256,1.1654238,0.3204388,1.3051488,2.5177891,2.6423097,0.18831529,1.7742879,0.52437466,0.6400649,1.6460571,0.744077,0.35804397,0.19140583,3.3114207,1.1699008,0.09623919,0.38478032,2.0749414,1.0424731,0.4052202,0.46635863,0.9986148,0.21399896,1.591907,0.7137202,0.2703004,0.6926708,0.9881706,0.20425467,0.11775609,0.95021677,0.4582211,0.7014501,1.0051234,0.20541473,1.3044217,0.11006195,0.72247505,1.0764884,0.64055055,1.1859758,0.008493752,0.84255546,0.5314913,0.58049,0.26148438,0.56695837,1.8738531,0.29368877,0.29568416,0.38716346,2.8317137,0.706559,1.7275865,0.25221848,0.5822157,0.115059026,0.34384784,1.8570625,0.6643842,0.23335356,0.012304286,0.1531668,0.3434266,2.1177425,0.43871358,0.878389,3.0545716,1.3235917,0.18244496,0.11189896,0.42004216,2.2082193,0.0,1.3138608,0.4632548,0.5541465,0.506711,0.51707125,1.25501,0.32142323,0.21658936,1.021533,0.113045044,1.010048,1.5052854,0.2574513,0.07575572,0.004637536,0.36581755,0.6291598,0.04316327,0.60673976,0.97255254,0.2899243,0.47459188,2.2602954,0.027727773,1.5803941,0.6477053,0.107756406,0.14368173,0.13742675,0.52983403,0.6459242,1.3372443,0.28261667,1.26582,0.11496355,0.4390853,1.520031,1.1728022,2.432704,2.700628,0.7442684,0.20840907,0.762761,0.4022077,0.16899198,0.9890494,0.94491076,0.19506778,0.5961555,0.94700265,1.6362852,0.045630455,1.5882105,0.20514059,2.1719828,1.3201954,1.3353299,0.50913894,0.87687665,0.91810566,1.1642237,0.0,1.0458094,0.4903543,1.7147143,3.7683191,1.6742961,0.0,1.2691054,0.40586293,0.94124633,0.41574776,0.85823125,0.9301015,0.27447966,0.44956422,0.9183854,0.15494582,0.21354426,1.5394319,2.7077932,1.114357,0.16143659,0.2887916,1.4846334,0.0002553553,0.34635225,0.23551728,0.99330604,0.74583167,2.3177173,0.90206033,0.7972481,0.3003878,0.08789538,0.37453803,1.4879147,0.77382797,1.7507131,0.23888467,2.292135,1.0972611,0.36204264,1.407867,3.8398929,0.63789207,3.1256123,2.6655679,0.3025712,1.9133135,0.7726894,0.10533042,1.0444093,0.37477696,1.2299533,1.4530947,0.72989565,1.1666471,0.2642371,1.424028,0.80412525,0.1393838,0.28788975,1.6482407,0.9939379,0.26786515,1.3698945,0.5073374,0.53268814,2.0008464,0.5211176,0.84390116,0.61940897,0.4621786,1.0009015,1.7495826,0.3941003,0.57865685,0.3107511,1.7778677,1.4224397,1.4547055,2.979989,1.0238428,1.6330882,0.44814968,0.68176943,0.1646523,1.4259565,0.47216445,0.5400385,1.4316063,0.0,2.003705,1.7273262,0.652116,0.07047073,1.3163356,0.009692558,0.18817002,0.6718197,2.8154128,0.028728113,0.11854482,0.03659543,0.0,1.7618067,0.0963654,1.9696895,0.14843042,1.2663068,0.31133145,0.39045218,0.069623515,1.800661,0.23109674,0.0017064367,0.03398103,0.49928907,0.18825601,1.2948575,6.799827,0.5775482,0.43399256,2.641077,1.009978,0.16282244,0.3277992,1.1421674,0.16866857,1.2460622,0.8630885,all_pothole_images\pothole_images_enhanced_5b701101fce30a0884546fa93f8ed59a.jpg
0.0005610431,0.97725755,0.07250574,2.7373285,0.7025557,0.060580622,0.6925122,0.3751223,0.007761956,0.6315636,0.85414886,0.6573125,0.0,1.2179753,0.012406357,0.16841497,0.49089935,2.0878484,0.5889064,0.29682684,0.16036555,1.0280544,0.33602425,0.5250379,0.40678522,0.51527905,0.33500725,1.7688122,0.0053120316,0.050445754,0.007736403,0.0058167716,0.07626393,0.26079506,0.38652816,0.8807493,1.0266467,0.7659411,0.7332653,0.40176308,0.0,0.4034072,0.08969873,0.506925,1.0206937,0.030015035,0.45395362,0.020734245,0.24959955,0.1021356,0.16463673,0.05465123,0.13445243,0.026144687,0.117581576,1.8937365,1.1450386,0.27147144,0.12825517,0.33137667,0.9140229,0.23643576,1.5030025,0.27580106,0.77817863,2.5486996,0.96170664,0.2588628,1.6156476,0.73921764,0.02640188,0.7262029,0.04654672,0.022661261,0.021547088,0.0,0.45741636,0.2779372,0.0,0.0029930265,0.0017072002,0.24759197,0.6765485,0.5726469,0.32459176,0.0,0.11417825,0.019420661,1.1821442,0.3851559,0.0,0.846003,0.10323207,0.4777257,0.09048014,0.0,1.1097033,1.0666585,0.5074404,0.69763565,0.32441974,2.909197,1.2310482,0.42813334,1.6517761,0.81864196,0.21938308,0.0034300734,0.012597237,0.8507394,0.072187945,0.3879555,0.4342724,0.7966737,0.7730714,0.14922535,0.0032639864,0.5052898,1.440535,0.17035015,0.60735995,0.082666755,0.03638627,0.56796974,0.9135939,0.539217,0.023510408,0.023006273,1.3565973,0.16619624,0.71005094,0.440607,0.5512537,0.26497692,0.15811662,0.15944754,0.0079740845,0.017151343,0.064012684,0.013855736,0.4738996,0.042670343,0.060247287,0.25613534,0.3603363,1.2721089,0.13795426,0.9854979,0.11197424,0.23616257,0.0,0.5822668,0.054457877,0.15183508,1.4457583,0.1396764,0.3618363,0.28573155,0.5631056,0.566711,1.2947226,2.4860768,0.27124578,0.6529873,0.8809081,0.0,2.1030297,0.5648355,0.91534007,2.2705388,0.29774928,0.050870184,0.07738268,1.0118713,0.0947896,0.33000857,0.2431122,0.029795976,0.41339406,0.100185215,0.008872157,1.7670771,0.8124583,0.29480538,0.43733984,0.46448138,0.63131714,0.313389,0.27049923,0.5800055,0.2638608,0.106609166,0.42914394,0.31003213,0.31756487,0.080087274,0.31169707,0.2022119,0.26027086,0.129415,0.21067882,0.7337016,0.03128788,0.034763407,0.60470027,0.059114296,0.1938628,0.015269336,0.8959822,0.8083655,0.029876815,0.066475905,1.111883,0.17536113,1.2458112,0.8760498,0.8552327,0.054199174,0.31468362,0.39990196,1.4776256,1.1277003,0.21851066,0.23991215,0.0,0.010790807,0.7090489,0.19851345,1.4434649,0.09301438,0.02362018,0.2761237,0.9407213,0.13708077,0.21192,0.06858983,1.750488,0.3599546,0.5710905,0.040711768,0.41523018,0.066092834,0.0359698,0.049455713,0.059697013,0.0,0.347933,0.35501534,0.3458571,5.52497,2.1574519,0.011797961,0.12734516,0.052482605,0.032448433,1.24875,0.16557294,0.792144,0.44525585,2.4009264,0.269995,0.0020001486,0.46650437,0.13640524,0.33806565,0.15531622,1.5398428,0.013353616,2.7530224,0.0,0.28692684,0.02633501,0.34701842,0.2824492,0.27574697,0.36780536,0.03040069,0.7556463,0.21728547,0.42165914,1.5089315,0.008550301,0.2738442,0.009395478,0.022635326,0.0,0.23234873,0.023121715,0.73266536,0.42739487,0.040265497,0.25932476,0.0,1.2392,0.15036014,0.5356242,0.03669203,1.460558,0.3728885,2.4548163,1.1424338,0.027399464,0.01547996,0.08639604,4.846051,0.0,0.020469392,0.13168734,0.2554294,0.28040612,0.3125924,0.68318766,0.6037072,0.5224959,0.9994723,0.19303773,0.026359485,1.5858462,3.4962742,0.06384301,0.33899766,0.19033822,0.06865269,0.1731923,1.1243156,0.13519563,0.17497689,0.0060430327,0.41306856,0.08850206,0.8828936,0.048227314,0.3986176,0.050521616,0.013598458,0.008246685,2.6766875,0.9103211,0.31305918,0.16956732,0.24169561,0.004323951,2.1838076,0.7371794,1.1103976,0.5962085,0.36021847,0.38394713,0.08250377,0.69428563,0.56119394,0.24410927,0.012527001,0.25866422,0.09660058,0.0066114217,0.085280456,2.2492397,1.0811911,0.3786507,0.23264468,1.2688878,0.58906174,0.0,0.010997822,0.014442356,1.9446554,1.06753605e-05,0.18500534,0.24589616,1.0135998,0.22364639,0.12522796,0.15574001,0.16312836,0.24781477,0.0008364756,0.051562853,0.19231446,0.15395448,0.30363318,0.0,0.62179893,0.7102163,1.169935,0.001449571,0.8347278,0.0,0.0,0.45537457,0.08388107,0.042023376,0.0,0.5191972,0.056222856,0.01390166,0.7330882,0.033901736,0.3684532,0.11088213,0.9565164,1.4797512,0.2938833,0.76899654,0.63196194,0.26549038,0.42886353,0.6755316,0.39313492,0.153182,0.08293788,0.3514468,0.010452939,0.117193386,0.015573754,1.2097203,0.28727686,0.28272524,0.9448838,0.15889926,0.9670703,0.44346237,0.19654116,2.2834883,1.4786023,0.035252206,0.4466638,0.1334436,0.0398754,0.10731735,0.5404895,0.18338938,0.49922943,0.36040768,0.8387645,0.5177666,0.24598818,0.02490226,0.46208337,0.0,0.6276235,0.10322451,0.06194627,0.0,0.11886236,0.028738363,0.22961104,0.17542751,0.63543534,0.64471084,3.4548628,0.05913528,0.7756461,0.1513591,0.2521247,1.5435107,0.01174547,0.03903764,0.004106128,0.17848037,1.1718904,0.049351763,0.9445755,0.0,0.39003715,0.05102222,0.005130885,0.0,0.5448137,0.6534782,0.6800372,1.7207534,0.06469027,0.16150652,0.54297894,0.20856911,0.40324706,0.7136081,0.4679052,0.39166453,0.3751708,0.25622538,0.61311275,0.044852324,0.16887648,0.12464991,0.9507421,0.14387013,0.849596,0.013465645,1.9973587,1.7891985,0.41323027,0.0014508627,0.0,0.0822088,0.48756143,0.13059333,0.11740889,0.014529428,0.78196335,1.6541835,0.10772331,0.19467774,0.03795579,1.1592628,0.5849015,0.56408745,0.093076564,0.5652989,0.11639552,0.12683597,all_pothole_images\pothole_images_enhanced_5b9f2d62774003b80df04b3a50dc3c06.jpg
0.1743388,0.8034971,0.015688762,1.4252188,0.027191292,0.021921635,0.63764066,0.0,0.6422875,0.21886265,0.6494518,0.0,0.16177656,3.1426528,0.0,0.29861787,0.0028266145,2.4722524,1.2538625,0.033621892,0.30655795,0.0046568685,0.23785843,0.5070421,0.53477883,0.2531702,0.30118692,0.55534333,0.06716069,0.11796142,0.019601218,0.06453248,0.035593364,0.5226027,0.06070716,0.25741386,0.012336276,0.1575311,0.027673546,0.110787824,0.012815215,0.95651627,0.05478338,1.5221514,0.22637662,0.046040077,0.046621356,0.13244489,0.5880639,0.08413623,0.06778809,0.091488175,0.19750653,0.104811035,0.7017452,0.15006322,1.3379589,0.07025164,0.5674162,0.2540165,0.0036586276,0.061928608,0.25316274,0.20048164,0.24183239,1.4510707,0.37844077,0.0038583805,0.03749865,0.09151196,0.045628045,0.0031684826,0.5369359,0.044118848,0.21132298,0.0,0.0074672173,0.12364392,0.0,0.00033875284,0.0005706032,0.11951556,0.83786774,0.88349915,0.14865896,0.0011613156,0.10098795,0.10589788,0.23803076,0.0060808603,0.5381748,0.12984745,0.0035542194,0.087926716,0.024289753,0.1582338,0.13697778,2.3673143,0.07232081,0.0013936649,0.08161407,1.6774398,0.4312412,0.2177938,0.9170909,0.70279115,0.23892072,0.0,0.1236053,0.75169325,0.03627746,0.45377746,0.0,0.52930665,0.17131776,0.45132655,0.11138805,0.048514195,2.6234841,0.2222882,0.7829654,0.29702133,0.0030691186,1.1326983,0.2636767,0.35117975,0.0,0.217074,0.051718403,0.16673757,0.19534585,0.21215762,0.02440162,0.3585701,0.045885682,0.0,0.075176,0.098428346,0.0009268257,0.10793745,0.09447232,0.0,1.2269201,0.20435825,0.03176894,0.17021243,0.0,0.3919505,0.109117135,0.070042305,0.026346434,0.25391003,0.03177288,0.085632525,1.2172407,0.020898283,0.29014257,0.5046745,0.35451913,0.33990756,2.3694904,2.164344,0.09095796,0.27621907,0.5512508,0.05361625,1.0196488,0.15477525,0.29713434,3.0194528,0.104789674,0.11036803,0.12286077,0.05169411,0.0847682,0.35850912,0.06626391,0.0,0.25458616,0.012290038,0.0,2.0239518,0.59922993,0.02074025,0.68099445,0.39885828,0.090382084,0.13119073,0.39830062,0.55993205,0.20666033,0.28272957,1.4784288,0.92388874,0.04379031,0.14120412,0.98518074,0.9831513,0.043775167,0.37029392,0.0004324244,0.3860391,0.14072455,0.16215426,0.22694081,0.024016287,0.43598634,0.09687666,0.9723054,0.111199394,0.0,0.01876111,0.61772764,0.0903404,0.46938658,0.5483683,0.6186109,0.16504297,0.0068889367,0.0,0.012551805,0.10522865,0.30573896,0.004677054,0.0,0.0,1.2790552,0.06038528,1.0531205,0.031090911,0.06856168,0.08363647,0.32252026,0.2829704,0.09832778,0.4580326,0.494605,0.07057947,0.044212673,0.0010647777,0.20375414,0.22656374,0.11579129,0.696773,0.03781726,0.0,0.30918744,0.49168605,0.05516987,5.393052,1.6210794,0.032678653,0.0,0.056664515,0.023836596,1.0401051,1.0212163,0.035327014,0.29989895,1.0507942,0.25178647,0.0,0.09729704,0.51892036,0.0,0.34796065,0.9240212,0.6765457,0.30637765,0.062447492,0.47597504,0.22127368,0.15752742,0.10126937,0.7155815,1.6243796,0.12555751,0.1670051,0.26783326,0.028158037,0.33123994,0.63111484,0.4951677,0.12381215,0.0,0.18213019,0.06499996,0.17668428,0.015575284,0.00083469704,0.0059536635,0.0746156,0.0027432344,0.1767923,0.18729053,0.31046176,0.2575344,0.48004296,0.0008705493,2.274063,0.4934168,0.2657794,0.0,0.012318691,5.0740395,0.0050600744,0.04325624,0.017902952,0.3017423,0.28945306,0.17629148,0.5892419,2.2645357,1.2952332,0.1568812,0.50076485,0.13015775,1.4499122,5.4582033,0.08092209,0.6144016,0.0030369877,0.014470166,0.14849955,0.29224247,0.08983457,0.17634243,0.018266786,0.06953879,0.013150033,1.6811973,0.26026797,0.13129066,0.02044531,0.0014011478,0.0,2.287878,0.078613006,0.40404525,0.04943112,0.08686801,0.0030409987,1.0414659,1.1867392,0.19939248,0.0630566,0.16057968,0.4690764,0.10618504,0.047529157,0.019253677,0.590482,0.013386639,0.0025407595,0.14198296,0.33187056,0.0315994,0.15807657,0.21544272,0.31982994,0.352143,0.21187389,0.9752777,0.0,0.046935465,0.0064811525,0.040250365,0.04241325,0.30430436,0.3897273,1.0310633,0.41563252,0.45783174,0.33103588,0.320076,0.16881798,0.35129794,0.033106778,0.035116106,0.8171276,0.25532725,0.0003347566,0.008595177,0.79825246,0.11332555,0.2652142,0.6164557,0.00023419276,0.0,0.015597846,0.08425659,0.19271189,0.051405367,0.19546472,0.011775979,0.29381648,0.089571185,0.7199774,0.39861056,0.040648498,0.08167172,0.7292331,0.46136233,0.14633657,0.08352338,0.0,0.1500261,0.3058268,0.22897033,0.18693663,0.01504719,0.25968418,0.040304206,0.28418696,0.0024348039,0.0,1.0053946,0.0129007995,0.12787303,0.08543282,0.35548395,0.066077046,0.017496645,2.2209146,0.4373674,0.023262247,1.2537452,0.004266385,0.1948314,0.022833167,0.11006981,0.5791189,0.16226223,0.035314865,0.16657035,0.8149802,0.23324957,0.23485816,0.0,0.0,0.22510415,0.0,0.029758906,0.0,0.0607064,0.0,0.28514585,0.26735303,1.1185617,1.1407989,3.4732018,0.0,0.16805288,0.17797022,0.3486054,0.21159689,0.0029869566,0.04133402,0.08092481,0.88111734,2.72354,0.25923884,1.1197995,0.09734997,0.5054544,0.0077168066,0.06775036,0.0,0.015202131,0.38481218,0.9008851,0.6764827,0.034159455,0.16067341,0.6532507,0.34050867,0.015529578,0.46545312,0.0,0.0017240047,0.24323465,0.17034289,1.1759262,0.29600415,0.2963333,0.050207235,0.07401681,0.020722695,0.83868486,0.021282306,0.024889357,1.7103152,0.0068558245,0.0008792262,0.01580812,0.008564069,0.20307332,0.0017077881,0.14283535,0.06545864,0.27203402,2.1754627,0.15239336,0.112026125,0.0,1.8039238,1.2850697,0.58567655,0.18046966,0.053005476,0.080360696,0.21003272,all_pothole_images\pothole_images_enhanced_5ba099e6371dbefb71b5df18c9bace45.jpg
1.2077216,1.0255727,1.0743049,1.217245,0.9730432,0.250501,0.03260322,0.0,0.344547,0.89289904,0.5048861,0.28160483,0.017089454,0.4254727,0.17085293,1.7444109,0.0019345852,0.14402187,0.005638056,0.22354205,0.32420614,1.1022269,0.53373766,0.4642004,0.98203343,0.59678197,0.6671647,1.1572545,0.37357286,0.25844464,0.59417504,0.32530406,0.26406518,0.9729045,0.004259438,0.8510996,0.17245607,1.4985827,0.41641223,0.5188894,0.32171103,0.06045094,0.008689721,1.0541517,0.15309608,0.03232006,0.06051657,0.11198699,0.67403877,0.9393354,0.09851835,1.7251161,0.92536354,0.28418577,0.09398452,0.51064324,0.8589617,0.27085266,0.17518109,0.38200867,0.017542731,0.36760634,0.049361374,0.56662095,0.4000871,1.644596,0.051262315,0.02493743,0.49679768,0.048749566,0.06338347,0.4662055,0.3331472,0.37423325,0.08713719,0.8042892,0.3683393,0.75893897,0.0,0.114253186,0.15168868,0.060667038,0.4879741,1.2064439,0.3545793,0.31676325,0.085207224,0.02910035,1.9061061,0.7106764,0.12178494,0.0,0.0,0.101100124,1.0195498,0.6772379,0.8962805,1.785027,0.068285316,0.05538942,0.0019027998,0.47570816,0.7177316,0.11676477,0.10103734,0.0,0.16608562,0.441634,0.11920042,0.8727252,0.0,2.4555194,0.18799333,1.1239485,0.6806915,0.2537956,1.2600229,0.0,1.6187059,1.5348253,2.341623,0.64975005,0.0,1.1132908,0.87849784,1.0636218,0.00037097174,0.21792656,0.33010942,0.0,0.032558348,0.16672197,0.0047533065,0.0,0.004321174,0.5871339,0.016249934,0.23885603,0.24695237,0.15214042,0.0,0.037755772,0.37687457,0.7383258,0.020274881,0.2650068,0.0065107807,0.38663742,0.13762842,0.11471129,0.87376773,0.48557562,0.08361737,0.31044367,1.3790168,0.60220236,0.117483854,0.28555787,2.323478,0.5039865,0.67671263,0.5911669,0.09830645,2.210091,0.29154158,0.45571306,0.28157648,0.027725542,1.1696068,0.88381505,0.0,0.0365173,0.2653508,0.0,1.3356427,0.03481569,0.5942497,0.006239548,0.056384135,0.07881464,0.0,2.5516794,2.8937638,2.916809,1.2893225,1.5827242,0.080245435,0.124983765,1.4945583,0.4439712,0.018593885,0.008311533,0.010460934,1.1874732,0.5535245,0.15579543,0.6156808,1.2124183,0.4949431,0.2724531,0.35056296,1.4861462,0.13726409,0.9415741,2.4460664,0.55641335,0.9024714,0.431494,1.7572876,0.54623985,0.0,0.04074795,0.23184325,0.24586876,0.58559006,1.1336138,0.13932537,0.009106904,0.590311,0.019845795,0.60071754,1.1368768,0.40975952,1.2052431,0.06270093,0.064675376,2.2837398,0.55966634,1.1218271,0.460529,0.055871826,0.0,0.04514979,0.077054285,0.25704038,0.024105458,1.7334319,0.06697178,0.17542033,0.055635586,0.50324035,0.7363557,0.13294168,0.016714707,0.09533781,0.0,0.6380318,0.38143322,0.5183927,4.658451,1.344387,0.2778352,0.37232956,0.08073451,0.23786323,0.052057844,0.86308545,0.8079018,0.38724586,1.945941,0.060441438,0.006413934,0.51719356,1.3753521,0.4649834,0.6225345,0.26752433,0.31747887,1.2204059,0.0196998,0.19413564,0.011190156,0.08291489,0.24543959,1.3117355,1.5122548,0.019711642,0.061225306,0.12483556,0.32156625,0.030524941,0.63121647,0.882614,0.045628913,0.47150168,0.49245128,0.16699158,0.013100074,0.043025825,0.35260764,0.06440351,0.007659227,0.23484528,0.7551587,0.056357738,0.4495619,0.04952717,0.9503306,0.17645082,1.3431641,0.3859313,0.9657702,0.06587998,0.255732,5.0532393,0.32893935,0.0,0.32060683,0.17202385,0.29499865,0.11928891,0.3293766,3.8945184,3.5036528,0.2646213,0.432532,0.119176924,0.5246212,3.0650613,1.1959141,0.471595,0.23451914,0.71866643,0.09909665,0.8412463,0.06546415,1.2351892,0.09172167,0.5416432,0.09863189,3.6158612,0.70959944,0.0,0.0004421587,0.05208768,0.013811596,1.5978669,0.45280245,0.08285918,0.32255659,0.13188806,0.88080645,2.3088303,0.32099625,0.181379,0.35466132,0.39077166,0.06625365,0.13775936,0.2200196,0.3832071,1.2260094,0.26334465,0.044126786,0.36335173,0.1825659,0.12198734,0.94987845,0.5989132,1.7537721,0.30776086,0.68440044,0.8394789,0.4310304,0.10623087,0.6365202,0.6018053,0.036890313,0.38531142,0.24050449,0.19800411,0.019317813,0.53227204,0.11405326,0.4719998,0.046176706,0.058793295,0.64566076,0.2837105,0.4824995,0.44235626,0.101976,0.17173286,0.49836266,2.995882,0.90329957,1.3030847,0.0,0.0661062,0.4796985,0.1164556,1.2531962,0.59691745,0.16408952,0.0899868,0.05429238,0.45421714,1.3705454,0.09281525,0.38758242,2.1165488,0.57983357,0.43836153,0.11760928,0.31102937,0.27739632,0.61997646,1.0244783,0.4157446,0.34880146,0.788176,0.6182031,0.017332561,0.20837632,0.0,0.056511693,0.24868797,0.18556471,0.51312536,0.35280913,1.2177774,0.47569594,0.7340832,1.2277977,1.5124377,0.082884096,0.7066798,0.77364033,0.002240309,1.0018159,0.52786577,0.7623272,0.66728336,0.6875629,0.11419425,3.625153,1.030639,0.7623694,0.009135284,0.97977024,0.37823218,0.48681888,0.15844241,0.09680309,0.028232682,0.0,0.030270616,0.33551845,0.05756577,0.8211455,3.4090395,0.29764768,0.7284122,0.7636269,0.5250577,1.5295268,0.8069299,0.48990113,0.35064557,1.1720889,0.5478908,0.23811595,1.7378991,0.0,0.19568974,0.23997937,0.019050673,0.0049857665,0.16266096,0.051669795,0.7007897,0.2561939,0.123401776,0.045656,0.11920832,0.41375083,0.12765995,1.3982916,0.048394598,0.15798949,0.29892334,2.3623533,0.45578218,0.57352114,0.006355227,0.38955554,0.20102699,0.41326928,2.0500147,0.022230756,0.049741663,0.9407313,0.22141552,0.69585824,0.0044801077,0.0,0.1152548,0.0,0.0035393608,0.0,0.36747557,4.247156,0.9034318,0.43127188,0.31351003,1.6320101,0.032541364,0.5832707,0.29605997,0.41726792,0.5483556,0.14513715,all_pothole_images\pothole_images_enhanced_5bf649ab9c9bdece6ecd1c415c4dd81e.jpg
0.1432674,0.6948574,0.12078281,2.1525073,0.33355317,1.1286596,0.39971036,0.042810634,0.2039994,0.33692363,0.2181283,0.23142397,0.16010699,0.41507226,0.055192046,0.4740377,0.1425704,0.11591066,0.5037198,0.00030576275,0.8135447,2.2617044,1.0027416,0.16523895,1.1232942,0.1705063,0.041928314,1.7658988,0.1958266,0.13386124,0.43665516,0.5972492,1.1053606,0.3636726,0.42939726,1.6462303,0.3453064,0.90527993,0.23970655,1.1891817,0.112357445,0.0011698634,0.34947857,0.5712177,0.91426915,0.17572317,0.4004568,0.06098754,0.63980156,1.7721587,0.9412458,0.0013944912,0.013130403,0.91378874,0.09377892,0.881897,1.0132779,0.018246748,0.6247596,0.18950756,0.33897147,0.23341411,0.8536781,0.20261891,0.17764069,1.7947359,1.2244871,0.06286848,2.0440106,0.011050702,0.2114261,0.06842072,0.5844086,0.030321432,1.2460594,0.31027946,0.29887724,0.61229557,0.11616386,0.075699866,0.0031006476,0.32995495,0.52653635,1.4953928,0.72762436,0.12552775,0.14379291,0.52144915,1.4091167,0.55454177,0.092526354,0.17431897,0.006123465,0.591963,0.9528105,0.0505412,0.074419506,0.056132894,0.8913049,0.29030466,0.14768597,2.5048203,0.6517029,0.064463325,0.14293848,0.025232032,0.5104485,0.44551355,0.13045993,0.35463923,0.03341376,1.6189849,0.20934556,0.14231674,0.8107748,0.12500429,1.4402341,0.17231731,4.839003,1.395344,1.5310287,0.18186565,0.05695406,0.98826146,0.5012711,1.7541893,0.034220528,0.9392359,0.32765114,0.0827865,0.6296337,0.0,0.13786474,0.00055635173,0.06967897,0.69395274,0.16040415,1.1912014,0.5120852,0.011187923,0.08109299,0.5768974,0.17417802,0.6622826,0.0,0.44625783,0.07122157,0.0040719397,1.0034714,0.7425675,0.3776267,0.09386416,0.5647553,0.124911994,1.3898458,0.85522085,1.2796079,0.10982606,0.3749258,0.5937989,0.13660751,0.5566256,0.15677172,1.1082612,0.0040455605,0.7156947,1.4240822,0.032300618,3.0846272,1.2020094,0.0,0.0,0.0,0.0,0.68218,0.012599747,0.0,0.010182035,0.5285434,0.08677371,0.062267072,3.2690609,1.5103012,0.47400248,0.71453464,2.1571033,0.10981369,0.5561186,0.547519,0.74991137,0.11105267,0.0593648,0.0,0.6578438,0.61891615,0.05920444,1.3477784,0.23349279,0.6859322,0.092644885,0.63924295,0.3196431,0.1946951,1.5920453,2.2251098,0.27504402,0.36184466,0.5543485,1.4870988,0.30314252,0.0,0.033861723,0.75768137,1.7111533,1.2838188,1.4685405,0.23457903,0.067329295,0.32010606,0.7925922,0.0399367,1.1639584,0.6746,0.76579255,0.016085647,0.11420326,0.8757042,0.18892962,2.5793228,0.60090107,0.0,0.0,0.3522376,0.05567567,0.79312545,0.20626184,1.7609377,0.0064621717,0.08871326,0.4445968,1.2075607,0.30610162,0.023619968,0.024528831,0.49083358,0.0745735,0.6244261,0.17238864,0.0,4.0930943,2.1358852,0.31808752,0.45977253,0.16994879,0.006228763,0.6048194,1.0004064,0.33756703,0.2578771,2.6238484,0.016796825,0.51324093,0.7553517,1.47193,0.3347243,0.25066322,0.104541175,0.09642007,0.36305976,0.21145643,0.11244692,0.044402756,0.42922,0.011970195,1.1651337,0.37572736,0.7145829,0.15189315,0.7065553,0.2372735,0.26082882,0.16745369,0.21173559,0.36787018,0.7613225,0.4142871,0.9258062,0.17751555,0.80269206,0.61684173,0.13737792,0.17771047,0.0050011147,1.1667901,0.23341046,0.21163866,0.088549614,2.671387,0.5895233,1.8124248,0.10210855,0.7264596,0.49488276,0.21016864,4.914014,0.6585927,0.6562907,0.39747658,0.16960989,0.38101798,0.48691475,0.3103464,2.9363213,2.199805,0.5312601,0.20791502,0.16335838,0.7248974,2.383828,0.44864607,0.19343713,0.0,0.30602366,0.37991893,0.6590945,0.86742413,0.50189954,0.008684552,0.2861099,0.07924087,2.0459,0.6737223,0.11110033,0.0,0.20731768,0.06951453,0.31854093,0.012704001,0.23511441,0.6743192,0.68496,0.24419387,3.841505,0.11158782,0.73935264,0.59413564,0.29410556,0.26214522,0.62713635,0.5936199,0.6776316,0.78676885,0.50645673,0.42631662,0.018457277,0.1112603,0.0,2.8477407,1.076621,1.1210382,0.007115611,0.09755778,0.3563937,0.014448652,0.0674375,0.1899343,1.0604194,0.20312558,0.05073562,0.0066772895,0.524228,0.028507568,0.8227877,0.06370935,0.42411727,0.25250536,0.049188644,0.33279067,0.867867,0.0076743267,0.39956924,0.024595097,0.2350448,0.21001212,2.814963,1.7892859,1.3246185,0.0025230239,1.3007022,0.7611225,0.4929488,0.51364225,0.21191569,0.6593196,0.0038961917,0.42844334,0.5175807,0.12551619,0.053395435,0.6501745,2.5479755,0.005115383,0.14311968,0.04019123,0.7912498,0.06004045,0.46369043,1.1668262,0.36781886,0.116184905,0.7587836,0.0733191,0.045066487,0.05388028,0.11612134,0.005415191,0.58324045,0.049850624,0.31181052,0.22689453,1.8187016,0.08917891,0.96951944,0.8303242,1.2322037,0.020973662,0.14862107,0.53273666,0.40710622,0.3861101,0.9647956,0.1480704,0.29938978,0.109263025,0.84836924,2.5812783,1.7414607,0.8431189,0.16711906,0.9061709,0.31544518,0.552478,0.34606782,0.4200773,1.2528694,0.0022440678,1.0770372,0.19358008,0.02110734,0.45036206,0.36231256,0.28324458,0.66817075,0.59357053,1.6379293,0.744693,0.9092416,0.66358197,1.2720584,2.111071,0.2518995,0.1627868,0.9826925,0.1610464,0.505585,0.8270424,0.0060819285,0.07846616,0.17863834,0.26594427,0.17055768,0.7078527,0.42900115,0.3831505,0.3925859,0.00081260095,0.4382963,1.0815021,0.21844319,0.18885297,0.13923582,2.6633162,0.492046,0.016470661,0.10980345,0.09762326,0.68747634,0.2788617,2.0620713,0.011896019,1.5202311,0.83166564,0.62863463,0.2126313,0.31427592,0.051041953,0.16134672,0.17199136,0.0026582151,0.4147335,0.1562327,6.0734973,0.7586653,0.05845283,0.2453398,1.2210222,0.096388325,0.00057468907,1.9591291,0.6064386,0.04130937,0.19679981,all_pothole_images\pothole_images_enhanced_5c29e3ceb1dc4f69c7cec88620972efe.jpg
2.0768874,0.6500583,0.9560329,0.5372897,1.235242,0.41602227,0.56276023,0.015695507,0.8591662,1.4271274,0.5920865,1.4121947,0.12854761,2.2571883,0.31550536,0.18731786,0.58076805,0.03973298,0.010483572,0.8985253,2.7464354,0.61201465,0.44328994,0.24999464,1.6415248,1.2533073,0.61838514,3.9904144,0.06649129,0.0,0.06124685,0.18389823,0.027525332,1.7759875,0.12595522,0.9998854,0.37762824,0.7852009,0.651106,0.061139572,0.008368857,0.041150615,0.48768148,0.5130965,0.30344504,2.8513606,0.40388262,0.8905892,1.3725804,0.32670897,0.9720279,0.56856865,1.2909813,0.032674283,0.402371,1.4256635,0.19887392,0.14793949,0.5174673,0.07820541,0.15258254,0.020481277,0.04509929,0.34882775,1.1044883,0.6223209,1.0419806,0.43458813,0.1386153,0.04473295,1.3876243,0.43942314,0.31318188,0.43748423,0.9312874,0.09684226,0.7721156,1.526587,0.1458798,0.5948871,1.0341194,0.37518114,2.3355966,0.5800925,0.5631093,0.2468097,0.31195047,0.024080526,0.20413862,0.7659071,0.36484528,0.07827406,0.31223673,0.26674503,0.6472862,1.548997,0.9872423,0.6010507,0.3175083,3.6111622,0.43806922,1.8188535,0.13745283,0.7860635,0.84716654,0.28147367,0.49103832,0.94980216,0.20076537,0.38315004,0.08323218,0.60604227,0.50327116,0.05387415,1.4310907,0.15186647,0.0611015,0.28100643,0.4281075,0.5801529,1.4112645,0.2417314,0.03199856,0.48603904,1.7115098,0.91334665,5.3405175,0.20572358,0.7917206,0.55129033,0.061095618,0.0,0.17315738,0.4188954,0.8329351,2.1509652,2.1430898,0.11979534,1.5372498,0.0049277805,0.49296367,1.1901165,0.2371453,1.0139999,1.6047251,1.6431592,0.11316377,0.06246109,2.3734965,0.27203515,2.8269348,0.98385274,0.30297485,0.6200362,1.0073445,0.345029,1.6041129,0.2523417,0.30152693,2.2994308,0.39839965,0.09224676,0.38523093,1.2894531,0.1007108,1.7513367,0.034499157,0.7265236,0.5599096,1.0478934,0.04501327,0.15291989,0.38707,0.23520255,0.00899472,0.4422915,1.6908346,0.23492016,1.0372258,0.7204663,0.35397184,2.066165,0.9104913,1.0643109,1.6016952,1.4596708,0.059928562,0.2657683,1.7500428,0.1125469,0.53081226,0.24475333,0.9340209,0.26031977,0.7952642,1.2973769,2.2810724,0.04042639,2.359569,1.1566631,0.6234208,1.001569,0.7732131,0.9107532,0.7172819,0.0,1.1276723,0.2925414,1.5821798,0.5363832,0.010726155,0.52820677,1.1677009,0.65669173,1.1560242,3.0113792,0.65221316,0.003230416,0.7751234,0.20736364,3.9785488,0.00032312507,1.0212321,0.012226832,0.086783245,0.4748616,0.8527391,0.00067652535,1.1928465,1.0868517,0.039145503,0.0,0.10662843,0.17004038,0.3679211,0.21589845,1.9424217,0.50771177,0.11269003,0.17180362,1.1248784,1.4505373,0.079193905,0.5346639,0.5142459,0.1679889,0.7077206,0.44286892,0.4745477,3.407127,0.6382222,0.2357215,0.17683601,1.3585455,0.39697435,1.0934191,0.52222806,0.051013205,0.70681584,3.3954716,0.26916015,2.8356898,0.6050181,0.0003760775,0.0,0.7667249,0.6036799,0.0543057,1.8972871,0.49684387,0.90968156,0.0,0.2912834,0.4316545,0.24454622,0.30359834,0.39769152,1.471793,0.7187764,0.64045304,0.6183278,0.6199503,0.89848125,0.08118367,0.7636429,0.39590976,2.145493,0.27392069,1.4335858,0.0,0.92316234,0.5181663,0.13868515,0.40213054,0.31950733,1.4446818,0.50784683,0.0047844825,0.2530236,4.4724007,1.9419369,0.3820951,1.0313952,1.5920733,2.1531436,0.23121168,0.9715126,0.48501378,1.1261476,0.8054832,0.5982924,0.989857,1.0072232,2.676417,0.79690474,0.8510021,0.5923772,1.5290405,3.0052226,1.1242057,0.15154324,0.6967276,2.4063928,1.8425847,0.17660592,2.472712,0.31057334,0.8381606,1.5199854,0.24362376,1.3086289,0.15542035,0.38445795,0.15163666,0.35951567,0.7007345,1.6779339,0.52719074,0.03231141,1.434542,0.34560457,0.046684664,2.5101516,1.3133944,0.8845459,1.0528854,0.6106045,1.2025021,0.78453064,0.0010817708,0.467331,1.1667378,0.94412524,1.5031193,0.36283398,0.049883697,0.5850769,0.14827709,0.0031784656,1.644747,2.0787997,0.04622142,2.2098622,0.21697032,0.7399622,1.647606,0.86820024,0.52524257,0.43448403,1.2252406,0.074697785,0.5633325,0.5941278,0.5554302,0.11840999,0.2942161,0.0144577,0.07959225,0.5476825,0.6108393,1.9364558,0.137637,0.883605,0.9017451,1.7865068,1.4279597,1.4012764,0.027498957,0.9686174,1.5997663,1.1174214,0.943368,0.61911696,0.9800011,0.8932544,0.4003205,1.5026953,0.197288,1.6848801,1.1990231,1.5080942,1.5482503,0.73920244,0.7373268,1.921401,0.9576211,2.2398586,0.35865006,1.6192231,0.018192075,0.27265063,0.9538587,1.2992615,2.0243123,0.004740235,0.076670006,1.1889187,0.76129097,2.1376042,1.149027,1.5569193,0.30576336,0.16735013,0.44189054,2.0317101,0.06805477,1.0205518,0.03678503,0.33787957,0.7763466,1.0511842,0.17404194,2.1545084,1.1437141,3.096147,1.1651157,0.6037809,1.6608831,0.13802658,0.5255337,1.0096443,0.1469316,0.0431585,1.0043269,0.14924064,0.034273326,1.5211763,0.5644716,0.11081935,0.36513686,0.8679972,1.2794968,1.7530607,0.0048610587,1.3819408,0.3177469,0.5664655,0.5321766,0.24746387,0.6711005,3.4417222,0.426359,2.0646913,1.7033302,0.64660233,0.18805721,0.83082455,0.017697293,2.6470597,0.42958152,0.68852204,0.4824101,0.10877181,0.13866934,0.6204437,0.054872166,0.5012042,1.7025726,1.0284257,0.25021586,0.61659765,0.7691834,0.20692793,0.75796926,0.07920226,0.1674855,0.2606122,0.052836582,0.026120735,0.22385754,0.85590315,0.65295297,0.69551474,0.5178555,0.0020261316,0.010681367,0.31245694,0.03783563,0.13651167,1.6862357,0.3053787,2.7064118,2.1306071,2.170513,0.8483142,0.7792946,0.2689057,0.017389338,0.0,0.2085798,0.3335734,0.020165103,all_pothole_images\pothole_images_enhanced_5c3fa376b7a330a531e9a287caf8c8ce.jpg
0.6833093,1.1513689,1.3183198,2.0277438,0.7025693,1.2828082,0.40215534,0.09180979,0.52633274,0.99295616,0.006832668,0.60074127,0.07061335,0.23167872,0.31468865,0.16357577,0.44637057,0.101844475,0.8065058,0.3198991,0.21872246,3.765146,0.88975,1.0083628,1.135406,0.43000525,0.5712711,2.8464377,0.34484318,0.001865745,0.8132704,0.19084829,1.1281,0.5438545,0.24052012,1.6137229,0.3524071,2.0493984,1.0115412,0.7946027,0.008389037,0.0,0.5078265,0.95345104,1.7251114,0.01480704,0.045088246,0.33369285,0.38901976,1.5317096,0.2383201,0.46241075,0.18685964,0.6159824,0.054236516,1.3333862,1.4252876,0.26570618,0.78982073,0.4156148,0.29140726,0.9406569,0.3410581,0.1762474,0.114534184,2.0368273,1.1498355,0.298587,1.3992862,0.42436644,0.052559968,0.2639689,0.6448354,0.004968568,1.2217315,0.8937717,0.57301587,0.7716123,0.38873458,0.47063535,0.11646062,0.07665486,0.39017043,2.781043,1.5772178,0.61348253,0.58110297,0.52106065,3.426745,0.9711712,0.18354784,0.12818752,0.115228556,0.09815473,0.89097905,0.18166542,0.83891684,1.1587079,0.9794645,0.12001788,0.2823529,1.9416105,0.46423885,0.7067151,0.3505168,0.10500916,0.17376642,0.16511326,0.11151219,0.20723523,0.12998427,3.85927,0.23013975,0.3093719,0.04352036,0.25116476,3.056869,0.23001651,2.6971679,1.1117011,2.3336043,0.346417,0.14106385,1.5244735,0.54992014,0.962641,0.47480103,1.4643549,0.8853423,0.11093397,0.9048234,0.021807091,0.89073867,0.2657942,0.3886036,1.0371361,0.29882944,0.23055862,0.5221004,0.48346487,0.22810984,0.32443455,0.13447754,0.8331375,0.18940566,0.81937957,0.64882547,0.11933899,0.24377258,0.57615995,0.68445677,0.71778536,0.042153172,0.22695252,1.9008515,0.055521205,0.15052406,0.33353806,1.3955277,0.18833183,1.2350602,0.7826511,0.00036283932,1.6536413,0.014552943,0.23342812,3.3908217,0.042853583,1.7406139,0.25491568,0.1769726,0.018424446,0.031721707,0.46579242,1.358142,0.123451315,0.523071,0.0,0.15970968,0.26452887,0.099808946,1.5839071,0.16661552,2.0305107,1.2074722,0.87148875,0.6722888,0.3081655,0.6026459,2.1800725,0.052551765,0.5403016,0.014224762,1.8537651,0.19315854,0.42089173,0.515516,1.2588434,0.49055117,0.52891296,0.1948691,1.0429918,0.16029364,0.14587773,0.7000403,0.091482125,0.49467537,0.29135093,1.2842681,0.14994992,0.087354675,0.08947501,0.6318541,0.23155273,0.46699396,1.2957702,0.15620466,0.054516196,2.6575618,0.39012375,0.7260328,0.054600943,0.24068353,1.9349321,0.2735729,0.10031386,0.7388955,0.41086304,1.3807974,0.08601603,0.56192446,0.015061372,1.9586229,0.17217667,0.3147115,0.09357409,0.7257233,0.03141148,0.0,0.025582174,0.13306184,0.16740645,0.37602264,0.07771212,0.045855615,0.0,0.3564354,0.21744245,0.6392934,3.2659214,2.065561,0.34767213,0.43497765,0.71459085,0.206936,0.020928776,0.55256635,0.120751046,0.35836926,1.5289975,0.38100472,0.0,0.11545183,0.33332115,0.22365385,1.2473266,1.3069866,0.44725043,0.57968557,0.2862683,0.23585403,0.49077088,0.21982887,0.70542115,1.2127578,1.4660201,0.038204532,0.1476402,0.57032835,0.62222403,0.30037004,0.08371631,0.36950612,1.9586635,1.8380322,1.0926048,0.9448756,0.4542339,1.5657977,0.64602244,0.02160805,0.49782237,0.11009347,0.9371626,0.07145605,0.18899673,0.43133622,1.6430202,0.6008731,0.8422457,0.11806168,0.31818593,0.19575296,0.8985993,3.0075047,0.40537128,0.18119442,0.33400792,0.8685791,0.17005344,0.4417486,0.18388768,5.025205,1.8104357,0.03871702,0.95541924,0.18239495,0.47825217,2.0871131,0.33410954,0.35690984,0.1091948,0.15451188,0.113252036,0.08946894,1.6442215,0.7748667,0.109251186,0.9123432,0.29156736,3.3350358,0.89043134,0.2407495,0.53079224,0.115421,0.52158797,0.15724996,0.4102091,0.32852343,0.0,0.31387597,0.27765036,2.5273254,0.14199167,2.1968622,0.6169527,0.032905005,0.008430155,0.14815113,1.7382051,0.7399186,0.64291364,0.24323452,0.5352963,0.23647922,0.7613284,0.22020999,1.3127056,1.5751069,0.548983,0.0,0.28452778,0.6246994,0.084200285,0.08592875,1.4097452,1.354746,0.19317614,0.4827917,0.49748424,0.6454028,0.23731315,0.9498099,0.009897539,0.69582456,0.5197743,0.37605533,0.60747975,0.03426088,0.549674,0.19954684,0.08046721,2.5962017,1.1658667,4.422427,0.5001004,1.4483929,0.016048405,0.40295094,2.661325,1.1335336,2.206518,0.25790632,0.5118552,0.09777031,0.0,1.1771663,0.30804136,0.016124459,0.823797,3.153237,0.0047916025,0.5465812,0.5566484,0.75905454,0.02518456,0.545651,0.35527235,0.046538897,0.060761508,0.86129236,0.0003959495,0.2555187,0.4916982,0.83744437,0.0,1.2918688,0.21517248,1.0714513,0.010768091,1.822288,0.7221996,0.15680356,2.998879,1.0149732,0.09569045,0.40372753,1.8645374,0.19984105,1.835929,0.7339163,0.030517349,0.9649997,0.49826902,0.7787161,3.682818,1.3600465,0.37289315,0.26460546,0.16767585,0.050256886,0.1882186,0.19740114,1.4605906,0.8641373,0.024571057,2.4472816,0.6960724,0.9949059,1.2452146,1.5072271,1.0252402,0.958692,1.2524464,0.8742789,1.2091947,0.87245846,2.0833158,0.3372772,1.128653,0.4806201,0.57340515,0.5318945,0.029475836,0.36594066,1.9464691,0.21219248,0.16008708,0.9319246,0.47788373,0.7600055,0.4502893,0.0018537892,0.5448509,1.1042694,0.43867275,0.050481714,2.014609,0.6562897,0.45839748,1.0905478,3.821087,1.1024848,0.744941,0.19102731,0.099211566,0.508468,0.7777434,0.470979,0.22060798,1.2811214,1.6432543,0.45173585,0.14301096,0.0045390674,0.032028016,0.0005142173,0.80396336,0.23946518,0.15697907,0.084455326,4.208701,1.3932337,0.38132697,1.3681469,0.81252646,0.047747184,0.90808994,0.7526078,0.35002148,0.15258966,0.7452386,all_pothole_images\pothole_images_enhanced_5c4a87c00d6f1a723c09a3d2d0484fee.jpg
0.8157076,1.8659711,0.12586357,1.0038519,1.3967845,0.8069814,0.9827071,0.026673857,0.10161423,0.020358829,1.4249369,0.43466836,0.06727112,3.0618098,0.536034,0.22576098,0.01951414,0.18129511,0.7304566,0.72629577,1.6452495,1.0469632,1.4072051,2.1483307,1.2362369,0.21948242,0.66417444,1.077211,0.20517428,0.4920174,2.5029168,0.37400794,0.8065766,0.5464143,1.2779702,0.029355146,0.19376992,1.4690573,0.0609574,0.24499558,0.14368992,0.06516705,0.34385327,1.4326398,0.87949634,0.05492545,0.037188653,0.16638942,0.44033667,0.29641092,1.4587715,0.52241355,1.2534236,0.21878955,0.1372697,0.5958683,0.6954258,0.032913912,0.41753787,0.018839959,0.016257955,0.20629326,0.96462256,0.68760914,1.589382,0.8210013,0.26924765,0.1587746,0.11886808,0.0166929,0.093492255,0.8306575,0.061318308,0.2923375,0.26808062,1.7847064,0.54772264,0.97324586,0.0,0.06432836,0.49045742,0.45619637,0.43776214,0.53113323,0.90723544,1.5646672,0.40002713,0.0100790905,2.2189171,0.0,0.5319261,0.5199861,0.22564949,1.3243003,0.2746633,0.22366431,0.25354007,0.9080711,0.0015322458,0.9949789,0.008135029,0.8408384,0.11059676,0.43972743,1.0800747,0.8089271,0.25167418,0.14859848,0.24988973,0.74741656,0.117442064,0.79768103,0.07902263,1.3871875,0.2909995,1.8980166,2.0499225,0.45435783,0.2798024,0.4428583,1.0834229,2.5355978,0.9335928,0.5098204,0.13855755,0.7307102,0.0,0.66730577,1.2883165,0.9835007,0.9097932,0.052643202,0.9616731,0.9479867,0.056070648,0.9323334,0.34104437,0.44829783,1.4070054,0.12815069,0.245802,0.17101596,0.2550298,3.3964765,0.7551478,0.06422438,0.22281341,0.47901714,0.021188665,0.8934867,1.9503263,0.401681,0.09900447,0.09663098,1.0251493,0.64867973,1.0588179,0.707399,0.10620821,0.28433114,1.7730242,0.3982717,0.046248738,2.2905898,0.011714486,0.20126231,0.78747076,1.0956607,1.0049349,1.0745732,0.69266665,0.0814195,0.14529808,0.7327119,0.20988512,0.9791321,0.94331133,0.42560124,0.022067659,0.38365558,0.05750273,2.4759822,2.3443081,1.2673581,0.7644527,0.3916212,0.31158006,0.0035120589,1.5246093,0.009322571,2.4556406,0.6496077,0.39213282,2.0085468,0.6286341,0.28404647,0.100152016,1.3282644,0.8457081,0.8268191,0.82151693,0.42383334,0.93230826,0.800529,0.75111437,0.9572945,0.19521287,0.095903315,1.0555393,0.028822228,0.7565263,0.4481259,0.1353822,0.29617667,0.79086256,0.30778265,2.0881257,0.1565062,1.6372368,0.04622075,0.8805601,0.04816692,0.6101186,0.2614126,0.26779467,1.2118174,1.2867264,0.06323776,0.7464245,0.11843688,0.2790452,0.60282946,0.303358,0.31963474,2.1929636,0.36860332,0.86227834,0.19006173,0.18855566,0.10499523,0.045486838,0.16185895,0.19720002,0.41398352,0.31022894,0.3011725,1.3897228,0.7083271,0.118576944,2.2624283,0.47244626,0.54446405,0.5843023,0.22153157,0.26048684,0.65468603,0.8311506,0.06899019,0.20433098,1.8430045,2.0011828,2.86761,0.40959463,0.09640301,0.604936,0.3989952,0.3787501,1.4841349,0.8910023,0.62684196,0.0,0.8985937,0.7982952,0.5641788,0.054201588,0.38155466,0.31949374,0.56011516,1.600662,0.05309895,0.17223237,0.33581316,1.7408111,0.25806496,0.707972,0.3868903,0.098218076,1.0707773,0.84829396,0.17820086,1.8424166,1.1419507,0.08694274,0.42456895,0.43365696,1.311109,0.55722344,0.22832574,0.71842176,1.3403541,0.3288922,0.85752773,0.0,0.25815347,4.0758157,0.8173943,0.018075878,0.18671927,0.3144831,0.22891875,0.42856342,1.0830697,3.4230702,2.027588,0.27390495,0.25306857,0.12541549,0.7510259,0.3147715,1.3639444,1.038406,0.595569,0.23856999,1.6671231,0.3561871,0.9860894,1.6825007,0.7205618,0.8859189,1.9828254,3.9115155,0.58649,0.019062871,0.36712244,0.59413093,1.8543535,1.0296626,1.1248156,0.48763624,0.076733805,0.27091867,1.1742885,1.2591312,0.28485692,0.39781302,0.07935585,0.4593758,0.08322831,0.37558153,0.15658271,0.0,0.60731846,0.15012157,0.061540022,0.49050102,0.05440309,0.6950429,0.15262586,0.6263735,0.16652854,0.8115301,0.057283204,0.47040203,0.54767054,0.019023612,0.050284274,0.3681028,1.1897622,0.33195484,0.5164949,0.9693996,0.85581845,1.2963805,0.80791175,1.3021429,0.43616337,0.029098535,0.18950036,0.5060898,3.3873663,0.14737113,0.3889055,0.11812971,0.81836957,1.7900649,1.8231941,2.0520804,1.9389112,0.134958,0.5133038,0.58864474,0.43765825,0.0727598,0.0094796335,1.0495193,0.34062532,0.36690184,1.0165443,1.2818593,0.23254758,2.7928526,0.74683136,0.2941071,0.94290423,0.70823616,0.96353406,0.55128855,0.20157777,1.2666755,1.183831,0.2960844,1.1053095,0.18756808,0.34803575,0.0015796452,0.03675782,0.21377221,0.5918026,0.015002315,0.23272109,0.658576,0.24138963,0.9428462,2.122298,1.1137016,1.3978162,2.2997396,4.088531,0.40545475,0.257925,0.33634692,1.6248507,0.46170074,0.004916882,0.19388284,2.1777277,0.641825,0.41973367,0.39290372,0.5700789,0.9577638,0.037882734,0.09264973,0.36806807,0.036954407,1.7440416,3.0747035,1.6232175,1.1077583,1.0671402,2.018395,0.023665268,0.6191477,0.44122416,0.42682686,0.21094629,1.8198438,0.19192728,0.68624854,0.39067903,1.787723,1.332195,1.3577461,0.17217915,0.26278418,0.34800917,0.6229708,0.23835564,0.8497439,0.45437214,0.508038,0.08989291,0.8985995,0.5965543,0.1370246,0.0056592505,0.07523706,0.77831656,0.3251708,0.17290536,0.8612648,1.8596375,0.13478333,0.43326467,0.0146898925,0.70332044,0.5095527,0.6229056,0.7197443,0.05920615,0.54323506,1.4742693,0.02672065,0.004567991,0.45754614,0.03058883,0.70220566,0.11446919,0.17817536,0.22718865,0.9791832,1.9820013,0.3377402,0.6270796,0.07163793,0.08157418,0.3719589,0.3098132,0.009225034,1.1595184,0.20794554,0.25714377,all_pothole_images\pothole_images_enhanced_5c5e74d9f27d4b308b19d6bae930f66d.jpg
0.7068535,0.34866565,0.17824487,0.3746223,0.61638445,0.04261448,0.18166274,0.33014843,0.0,0.29328522,0.16775641,0.0072992635,0.059342187,0.41141465,0.099691056,0.2797009,0.063844346,1.3608466,0.27470565,0.063634105,0.38500533,1.3888263,0.8194038,1.671508,0.21290483,0.17482418,0.12416993,0.49432352,0.11489615,0.11875369,0.4689988,0.009001505,0.08772438,0.59084564,0.2037709,0.23112427,0.075615875,0.54683226,0.11701705,0.3014427,0.0053287377,0.025948025,0.09917847,0.18018796,0.0064887013,0.13698104,0.04002957,0.11448362,0.03130666,0.09820003,0.41404286,0.18792486,0.22450271,0.029258564,0.0,0.050186973,1.1926471,0.0955587,0.12969589,0.25985554,0.034585346,0.020698562,0.7078754,0.0071243728,0.6354458,1.1016959,0.43649715,0.1496677,0.45057628,0.20004416,0.013423528,0.27253836,0.13756946,0.021952963,0.022106778,0.08586177,0.05132977,0.2809127,0.0,0.07095253,0.10851186,0.025610043,0.31207624,0.84802896,0.35648337,0.1245664,0.15785164,0.41889158,0.5546079,0.11160061,0.12950274,0.36776245,0.012297504,0.2768852,0.07916761,0.0046028947,0.6944833,0.5992987,0.14113168,0.0,0.17635618,2.0533204,0.061792314,0.019962665,0.36248988,0.5935471,0.026443863,0.0006527553,0.10636724,0.779466,0.015632497,0.014547304,0.36055127,1.3135897,0.26666033,0.26743177,0.8626788,0.00995155,0.25224456,0.7210913,0.9662357,0.7259278,0.26653555,0.43173218,0.5732217,1.4880737,0.006842077,0.3636327,0.3628798,0.005420816,0.3263677,0.028515182,0.23377542,0.31867415,0.041480023,0.38445336,0.0,0.53265464,0.3404006,0.07473804,0.56566775,0.022663968,0.38743365,1.3508278,0.0725909,0.26665267,0.07786708,1.0522542,0.042417828,0.14080118,0.35223138,0.13776132,0.006264619,0.01179655,0.73981255,0.19359997,0.6195674,0.04379716,0.30641484,0.03191665,1.9703618,1.0484673,0.06308379,1.2111683,0.04919574,0.0013413703,0.7799937,0.16062994,0.37838998,0.5849101,0.22352666,0.0,0.00392983,0.003811805,0.10626532,0.644858,0.008859281,0.0012687409,0.20410234,0.060778305,0.008660478,0.44970018,1.9893888,0.421674,1.624278,0.23843364,0.011004696,0.0,0.46202493,0.36520696,0.46483064,0.09895768,0.29104194,0.6273127,0.043779712,0.150157,0.0015847208,0.19669147,0.07196188,0.20731044,0.13176727,0.19399549,0.25403178,0.71098053,1.93523,0.6583755,0.3337457,0.20799297,1.0348507,1.5787729,0.01904095,0.00266086,0.084589675,0.65110815,0.09890105,0.008630749,1.083936,0.2928879,0.12566091,0.0013427929,0.17179479,1.2272345,0.33362558,0.031512316,0.0,0.029860184,0.63741,0.13365129,0.37786436,0.01242596,0.16703077,0.0018879309,0.018106762,0.29536003,0.16978684,0.025111202,0.40757394,0.12551516,0.04229377,0.093283154,0.023147957,0.02214146,0.13602136,0.26270306,0.25562623,0.029569594,0.9749846,0.24410209,0.030041292,3.8705368,0.4864979,0.015594547,0.10258861,0.004715315,0.06578146,0.26134476,0.35662514,0.32390878,0.15666558,1.773548,0.31071863,0.003876026,0.13906485,0.1675164,0.08792319,0.28425598,0.04496648,0.09872071,1.0586168,0.0553015,0.28511462,0.13981085,0.15494944,1.7072525,0.061874818,0.11158219,0.022243341,0.0845502,0.29461238,0.7233516,1.4112966,0.003160925,0.43418443,0.004050241,0.045575988,0.029130112,0.005130468,0.036299687,0.052387062,0.19156268,0.5347903,0.0109566245,0.0,0.4362234,0.13724469,0.14378668,0.68865025,1.6771705,0.0016703397,1.1396408,0.15084329,0.42194772,0.010588369,0.032507952,3.4590862,0.07555404,0.0,0.26359048,0.005332797,0.17695022,0.58969104,0.31018257,2.452556,0.3469461,0.07301963,0.10201923,0.1027044,0.21560676,0.58180726,0.06092787,0.43104413,0.068003476,0.05984071,0.19158576,0.46149433,0.07445541,0.33490512,0.046165865,0.46234196,0.000899729,2.1199822,0.20411704,0.08355516,0.0,0.03493145,0.1460796,0.77492785,0.023518583,0.16978006,0.03244179,0.40090382,0.35622394,1.0884496,0.042244814,0.0501056,0.2340692,0.12933244,0.019252611,0.1443307,0.42303658,0.051359184,0.44042206,0.02747505,0.20103636,0.13181706,0.21505775,0.0025970805,0.6893344,0.029802755,0.37118483,0.36667943,0.19918203,0.034398522,0.01066855,0.014418937,0.19236504,0.94606614,0.17663531,0.43064258,0.03358126,1.0571429,0.030072076,0.2082231,0.108838625,0.9626511,0.12873697,0.04806964,0.19746827,0.3819676,0.19714397,0.24664156,0.0,0.19626121,0.21035315,2.2287931,0.53406715,0.34961364,0.0,0.36987713,0.13409472,0.0,0.39208758,0.05396766,0.39688078,0.1436558,0.08694417,0.08853561,0.089199685,0.2086482,0.58392614,2.037778,1.8483989,0.35370356,0.12789252,0.19166063,0.0,0.35296154,0.6807562,0.080689475,0.21814902,0.14777815,0.28335053,0.008904183,0.111633055,0.0,0.26191258,0.01294063,0.10826124,0.1035995,0.03625896,0.18106106,0.3910195,0.5325685,1.0626228,1.8225734,0.24217588,0.46160585,0.3737758,0.25676757,0.03708041,0.72826844,0.17373295,0.1047755,0.39013064,0.14450692,2.018193,0.13048792,0.18879136,0.017871924,0.1296168,0.1944691,0.32132193,0.14424558,0.24171601,0.3827632,0.19577423,0.64798546,0.13974988,0.2019844,0.47000518,0.2594656,0.06891171,0.43089893,0.43292832,0.0,0.3804263,0.458054,0.10629527,0.18297546,0.41191247,1.0288875,0.54082996,0.2518386,0.03786446,0.14792457,0.10116568,0.044253908,0.169298,0.11122079,0.14478564,0.65490973,0.28246778,0.021325102,0.11392264,0.31853953,0.0,6.805843e-05,0.18889758,0.0083182985,0.026463741,0.9085269,0.5274876,0.11559823,0.5101248,0.07157232,0.26354507,0.0904366,0.061576627,0.3399866,0.0,0.8766449,0.96612763,0.008645074,0.006289101,0.0025927443,0.19524391,0.06412039,0.084991105,0.48579282,0.07937149,0.23891892,2.7623835,0.016425967,0.025251213,0.0,0.07694901,0.09627506,0.048250124,0.32660332,0.62105817,0.41020006,0.16701825,all_pothole_images\pothole_images_enhanced_5c667998b721e78fa24e41bf6d69383d.jpg
1.0294259,0.40917408,0.10632837,1.7487377,0.14067706,0.0,1.5997815,0.14758073,0.007825714,0.10656834,0.865546,0.57955444,0.62823737,1.3556406,0.7305606,0.096136235,0.07006516,1.6403297,0.94905436,0.3927396,1.3529843,0.38759238,1.3835225,1.5926638,2.0867984,0.32091758,1.1402544,1.1407844,0.81528,0.73014677,0.395343,0.0,0.32053605,0.55752075,0.33516178,0.59932107,0.14102212,3.1830008,0.077991456,0.61191,0.0,0.081531346,0.4823972,1.0858207,0.036683276,0.8727448,0.17932676,0.09622377,0.25439432,0.573214,0.6458444,2.4426503,0.55470276,0.34147367,0.36521953,0.6322446,1.115358,0.1753165,1.0048759,0.09292467,0.12873267,2.2795217,0.7231369,0.21357702,1.8509191,1.4644887,0.018338665,0.18871047,0.25747824,0.062447626,0.5083898,0.08530913,0.26689273,0.44593,0.72824657,0.5551795,0.18708536,0.19664022,0.01406508,0.10169905,1.4349996,0.008526364,0.106159225,0.39466584,0.56004953,0.76277417,0.5898688,0.65047693,1.3475623,0.07916542,0.35869068,0.22704646,0.22441253,0.03398179,0.2123994,0.25316256,0.052207027,2.14243,0.70288783,1.3175055,0.3566521,3.8251603,0.10816884,0.34483504,0.44274616,0.39095756,0.13063513,0.5520289,0.14157288,0.29179028,0.16764899,0.22535492,0.6490833,1.688037,1.5063277,0.20072418,0.18106332,0.0368801,2.0584757,1.1606699,1.5110593,0.7257747,0.06876051,2.2841868,1.1622641,0.04715546,0.6005334,0.6733009,0.77666676,0.043456193,0.29711646,0.19278546,0.012272984,0.25629935,0.2994864,0.06142762,0.092850946,1.6025141,0.8111829,0.53090125,1.4141296,0.06632474,0.086784974,1.420063,0.20744722,0.6226229,0.050065666,0.081043795,0.010169263,0.037005097,1.6104447,0.6936005,0.0,0.045970336,1.1773765,0.17746039,0.8487603,0.12337612,1.1360447,0.74376225,3.142798,0.49205124,0.032636736,2.5295148,0.7107402,0.36389145,0.99752885,0.36905715,0.8935192,0.47743967,0.15455067,0.08891584,0.42004713,0.5077671,0.31693304,0.568626,0.51146686,0.13137998,0.4145887,0.162991,0.1093468,0.81121695,0.63395196,1.7366295,0.6096851,0.2763977,0.122466974,0.13221277,0.21734962,0.37237602,0.5649141,0.069356695,0.14801349,2.0517316,0.0043831305,0.6930311,1.1345949,1.2743824,0.22461322,0.31863645,0.10912078,1.0649947,0.033070795,0.6962833,0.018212711,0.29191333,0.6668041,0.8879421,2.2889335,0.50971884,0.06483616,0.050174028,0.048740704,0.5625494,0.88648754,0.2570267,2.4347022,0.18514223,0.24816915,0.0,0.33107987,0.07639233,0.94740355,0.04905291,0.19157659,0.8373894,0.6866102,0.031496502,0.4407743,0.23781145,0.11301238,0.57437414,0.061902046,0.06605722,0.40901992,0.08920259,1.3388017,0.1366519,0.0,0.13707091,0.124832444,0.0,0.0,0.069269225,0.5399068,0.06239675,0.39041907,0.80005085,2.0737755,3.1576686,2.656657,0.12972589,0.04289809,0.02147493,0.4272886,0.7770489,0.7364501,0.0,0.4369871,2.691783,1.8298259,0.2389552,0.20885807,0.3592714,0.085754655,0.0849987,0.60578436,0.81766856,0.45096797,0.4016748,0.35083175,0.015233385,0.22206399,0.43774202,0.24849987,0.47869885,0.22816454,0.124030985,0.6638277,0.7101431,0.6726637,0.3962877,1.0037993,0.65722,0.3000888,0.40424073,0.036447242,0.51425713,0.86314684,0.048871525,1.1383754,0.12389928,0.6162174,0.46312082,0.0046085157,0.476767,0.76705635,0.6403449,0.108411536,2.151636,0.7069075,0.27802563,0.42372075,0.034560498,2.4745705,0.39522693,0.0,0.042675413,0.29163998,0.65311503,1.3321626,1.3383209,0.71179086,1.3619788,0.11188319,1.170646,0.48119572,1.3670248,1.9178798,0.23196787,0.59113955,0.15086733,0.1422335,0.17560758,0.3923699,0.060158897,0.08937375,0.12595122,1.0305468,0.25143832,0.05151957,0.4352188,0.086693205,0.28784356,0.0017881871,0.9744008,0.71041095,0.86288357,0.26710555,0.54772234,0.29495335,0.647646,0.2586827,0.44182768,1.0123452,0.08622379,0.6721809,0.034527984,0.48510933,0.35103396,0.8859007,0.3649706,0.85684264,0.38289618,0.017651202,0.27883956,0.15404084,0.83081305,0.20053059,0.48596486,1.8450053,0.7852384,0.13301076,0.36902618,0.013842258,0.03839022,0.529017,0.20430136,1.2999501,0.1815758,0.4293986,0.07619197,0.30710417,0.55595297,0.7619035,0.781745,0.658031,0.047846936,0.28477147,0.8633748,0.7308824,0.06518466,0.28597385,0.2883646,0.6132806,2.1161141,2.5328562,0.11450133,0.20617811,0.42075562,0.18089138,0.15454406,0.109806806,1.2907408,0.0119163925,0.22796078,1.0475285,0.0053519644,0.23354176,0.6065581,0.14301766,1.0347948,0.27832577,2.146599,0.35229585,0.025343439,0.407064,0.67021924,0.5280411,0.25319132,1.4771657,1.4168698,0.028412044,1.9154216,0.42727914,0.09812699,0.68954873,0.67041373,0.5577618,0.031874582,3.091223,0.6658786,1.9243767,3.3866506,3.7489345,0.044011947,3.7135296,0.4472499,0.71669006,0.3174176,0.25455707,0.23554213,0.16474672,0.33276036,0.60358196,1.0876002,0.12520379,0.24175873,0.30327228,0.055407126,0.1107145,0.20060933,0.60302895,0.46457624,0.24357717,0.0,1.0801895,0.010915823,1.2585602,1.5604414,0.5332179,0.09499986,0.19775067,0.25592023,0.24797766,0.093257666,1.6911988,0.2359496,0.35669482,0.87385154,1.071947,1.1564931,0.52967346,0.61267143,0.42540422,0.85022485,0.12372783,0.046684485,0.3170265,0.31453198,0.5911692,0.40000978,0.767161,0.19607413,0.7560026,0.2242028,0.0,1.0141402,0.15687442,0.0653986,1.3541269,0.719363,0.079877414,0.48470408,0.048144974,0.31459156,0.5354622,0.3301145,1.7462054,0.04477789,0.0,0.63463426,0.27421632,0.046209957,0.052653383,0.32605267,0.106103994,0.007964519,0.18554243,0.25958833,1.2167913,1.3480012,0.3534151,0.052956775,0.8391289,0.047671862,0.0012959803,0.0028461954,0.001081527,0.28574517,1.0970607,1.0105456,all_pothole_images\pothole_images_enhanced_5cfcec917a3070a139cd6b8f6d822733.jpg
3.3792791,0.427247,0.18905577,2.173975,0.7213191,1.707837,0.81964797,0.014825148,0.030846233,0.4107567,0.3302701,0.604453,0.16469862,1.5514956,0.083380006,0.17225622,0.7053693,0.0030105612,0.7942417,0.16256355,1.5055364,4.1704607,0.27296394,1.9648353,0.69480723,0.66603506,0.015366627,1.5071087,0.45012793,0.6575358,0.49615064,0.19890188,1.5383898,0.6168669,0.0960576,2.6895254,0.8983892,1.3628733,1.1169087,0.9807743,0.35013542,0.015041672,0.065705895,0.13135199,1.983035,1.4271563,0.058026,0.2802405,0.40114868,2.3726902,1.2015584,0.048840802,0.60709393,0.29559648,0.0,2.6750114,1.1570195,0.4576458,0.3869313,0.29442105,0.0,0.45740512,0.17947851,0.6689229,0.59014064,1.0658357,0.621313,1.94571,0.66120636,0.22405055,0.28958178,0.07840602,1.7116218,0.9213253,0.513538,1.7492696,0.22758643,0.56082386,0.2520668,0.12222276,0.61639434,0.4792218,0.73406273,1.8839104,1.3177704,0.19832174,0.13982779,0.6460034,2.7874293,1.3603493,0.29093987,0.12925573,0.14146319,0.064444326,0.22807553,0.17997228,0.93638396,0.47987092,1.4953173,0.028308848,0.50577617,1.2337422,1.3724873,0.13844115,0.07895774,0.020378457,0.16976815,1.2732383,0.16390756,0.13371976,0.0008652593,3.0227523,3.2739525,0.4744555,1.0833955,1.059979,1.1839129,0.15842292,3.1724896,2.473616,1.6080197,0.37103513,0.003277673,0.40895927,0.127899,0.8768499,1.0552334,1.8545494,0.0602065,0.16523479,0.5118709,0.0021438017,0.0361256,0.16858444,0.23533078,2.2989948,0.09670575,2.0862064,0.34613764,0.86341614,0.18469965,0.35253245,0.02187275,0.9961096,0.18810984,0.26727435,0.54907036,0.6832306,0.8147391,0.0,0.31254813,0.49180666,0.12558475,0.013498272,2.0243316,0.4568858,1.2996391,0.548365,2.491815,0.13615681,0.49956286,0.80252624,0.14521573,0.5688467,0.025057606,0.62304896,0.6253657,0.02951502,1.554248,0.45871493,0.26273298,0.003352698,0.07631645,0.48042786,0.36735144,0.0026979786,0.84015477,0.011184191,0.7482186,0.00065754476,0.12574908,1.0300832,0.4194277,1.7290169,1.7634763,1.5142759,0.9818108,0.31464174,1.6924684,2.3621502,0.19829531,0.22547092,0.0,0.77885926,0.8910681,0.45024413,0.11006241,0.82849157,0.92195976,0.56813717,0.17360772,1.2901446,0.2725254,1.6458819,0.65191686,0.1704532,0.5165542,0.048645023,2.3691297,0.1726442,0.15766016,0.08584793,1.4278846,4.192805,2.0556395,1.1679037,0.21328108,0.042165536,0.6697534,0.28867903,0.74484175,0.62085915,1.016896,1.4871992,0.0072771395,0.1303339,1.003883,0.08180634,2.4462063,0.17911944,0.33215535,0.29407603,1.3723963,0.9715417,0.6896808,0.28411707,2.2162611,0.061895117,0.0027682765,0.008740319,0.3745686,0.41743863,0.058515552,0.029884316,0.03831533,0.089672156,1.4437644,0.55774003,0.82024395,5.096898,3.508881,1.3544608,0.45476067,3.129831,0.031172816,0.5340149,2.9155753,0.28587106,0.26111045,4.948723,0.03209479,0.13667895,0.75582045,0.7094392,1.7563875,0.36481652,0.32464314,0.58506787,0.44087148,0.20039651,1.6890721,0.6498907,0.045676097,1.5886374,1.6970204,0.4224527,0.8450873,0.09729479,0.029939504,0.35753256,0.5907654,0.24965912,0.82488215,0.1880598,0.07827396,0.8402349,1.1506263,0.27923208,0.6099063,0.0731716,0.18705927,0.97775716,0.17774518,1.0808625,0.13695721,0.28994915,0.036280666,1.0602719,0.23381606,1.730001,0.09394891,1.1387947,0.17694493,0.64158297,4.9217477,0.98964983,0.08456886,0.8717575,0.3356009,0.032030616,1.7857027,0.18949941,3.0114944,2.07649,0.33457258,2.2047458,0.031928238,2.2066076,0.76923525,0.031199206,0.098384835,0.04174267,0.38770333,0.32231614,0.16640252,0.2830511,0.87456036,0.04944744,2.441788,0.13290963,3.6032588,0.5636285,0.31187558,0.51995796,0.0,0.27422848,2.2016935,0.109313175,0.07778516,0.27216157,0.61747843,1.1578372,2.7723594,0.050155304,1.3882011,1.3042762,0.35641798,0.014818439,0.7896126,0.6573919,0.3052352,0.35022178,0.2198463,1.6376369,0.97845083,0.79385155,0.054087773,0.32525557,2.2259455,2.4724674,0.33793056,0.7178673,0.43085498,0.46686935,0.0,1.035136,0.9717256,0.033098258,0.022042682,1.0534086,0.9358646,0.0916677,2.5210958,0.111627705,0.6104216,0.553103,1.0346949,0.06741795,1.8062227,1.1119937,0.8796986,0.066783965,0.5666543,1.1293815,3.2552452,0.46214497,1.6830384,0.027354972,1.1518916,1.8095322,0.42855477,2.7069116,0.31074223,0.9687647,0.0,0.041733194,0.654631,0.12522024,0.27971503,0.39046586,1.3702354,1.2263671,1.7724818,0.025559068,0.7348185,0.35804525,0.95310444,0.4564462,0.024844559,0.4002894,1.243739,0.9165544,0.016697694,2.9293225,0.20129287,0.5405324,1.243263,0.2506771,2.275737,0.8978294,3.9947536,1.1006583,0.7546179,0.29014024,3.6992493,0.68405986,1.2123811,0.21079242,0.36343104,1.7295972,0.36507723,0.9258717,0.94520146,0.8931181,0.2700482,3.826818,1.4488963,0.5607252,0.45846143,2.433208,0.4467551,0.31522372,0.17222609,1.0945904,0.98238736,0.18366037,1.5501915,0.36313316,0.12977563,1.2867814,1.6200119,1.1986505,2.926454,0.8380734,1.1403912,1.3650782,0.82884824,0.39228597,0.42081997,1.7963442,2.7683892,1.8145757,2.9183064,0.92072964,2.17293,0.053083364,0.7361131,0.57542014,0.42127648,1.0243273,1.2265764,0.0494376,0.47759584,0.4540537,2.9038208,0.17289346,0.0057893237,1.429646,0.5868566,1.1539626,0.48451862,1.7441453,1.6047469,0.3625847,0.076458275,1.0985128,0.13352089,0.20279834,1.0765523,0.08051689,0.15989916,1.3049896,1.3939031,0.014747744,0.33362383,0.05795947,0.93901217,0.99382627,0.18979378,0.1387107,0.6338062,7.840088,0.87346435,0.0,2.133518,0.8844628,0.059096638,0.63123906,0.28400436,0.5261777,0.4858808,1.3212678,all_pothole_images\pothole_images_enhanced_5db991d3e851402e469c7c761e4ab518.jpg
0.96654433,0.7250516,0.98599887,2.3557189,0.2025343,0.18352796,0.20540018,0.014678667,0.24661307,0.87741345,0.40194604,0.2648818,0.066829406,2.6327696,0.242365,0.25426143,0.026058683,0.42262095,0.0011023771,0.05454331,1.0079848,0.49479502,1.2979532,1.5574152,1.1695817,0.9478491,0.76840997,2.3179386,0.23194869,0.52336425,1.0359567,0.0061752084,0.39715606,0.41103673,0.28959855,0.82797146,0.07257164,0.63531196,0.4302648,0.23313569,0.13696495,2.455904,1.2416098,1.7766241,0.61370885,0.81294507,0.37747324,0.07342188,0.53080714,0.7698827,0.8690506,0.26597765,0.14227974,0.21292165,0.029764583,0.87994856,1.6612614,0.009391317,0.33419317,0.0,0.06281213,0.55330765,0.24659847,0.76902604,1.5200121,0.23893104,0.6068507,0.0,0.0,0.33089906,0.59958655,0.27305698,0.18844849,0.23332833,0.5362984,0.78211856,0.10521918,0.36908165,0.004176832,0.0,0.21588644,0.0,0.49458134,0.16786104,0.21561949,0.03635948,0.06571622,0.20073636,1.8834693,0.22125874,0.24977103,0.78715616,0.3956864,0.5069955,0.34470993,0.11913113,1.1527562,1.854685,0.28824955,0.88812524,0.0,1.3836904,0.010481985,0.51017374,0.91177166,0.48623696,0.14744872,0.83530563,0.55546856,1.13354,0.17674899,0.53010374,1.8798442,1.7012136,0.63314235,0.5183644,0.009748365,0.021753846,1.6039487,1.1242045,1.0208943,0.235174,0.44134003,1.0575662,0.6801649,0.18273748,0.690597,0.44291806,0.9592855,0.7191699,0.14810139,0.06535207,0.080204606,0.1419954,0.0032765141,0.09963218,0.49844185,0.52528054,0.33879367,0.0039036423,0.53028923,0.0812867,0.9610258,1.0868715,0.0,1.9065955,0.0151893785,0.28558546,0.07670686,0.19575076,0.9143566,0.6956206,0.0,0.018659307,1.5408757,0.55528027,1.0478481,0.5105607,0.6927663,0.5395046,2.2875204,1.0756762,0.11675572,0.28117147,0.2970015,0.11133233,0.55833364,0.15868698,2.4065683,1.593632,0.0,0.050000016,0.0,0.54621583,0.55649704,0.6494771,0.56083,0.19728668,0.34692982,0.09213143,0.039496392,0.8950835,0.8315582,0.5077287,1.5238897,0.94926107,0.025033107,0.9350863,0.31424323,0.8866329,0.034286812,0.16107966,0.648668,1.8997325,0.12067294,0.13895872,2.0507407,0.88972676,2.4550185,1.2597305,0.28426698,2.0505307,0.17370456,1.3291603,0.009509056,0.5141921,0.23545298,0.35819212,2.3750591,0.9642106,0.023291932,0.073857516,0.8284738,1.2058238,1.1333336,1.2728868,0.76221716,0.16164353,0.32174754,0.021735298,1.3888724,0.0,0.772068,0.24869128,0.0008526783,0.3242673,1.2656094,0.85186213,0.5403768,0.6658559,0.20430769,0.19337927,0.1316596,1.4076631,0.63320696,0.0019246086,0.61157894,0.2649962,0.41224244,0.5813873,0.49883258,0.0,0.004623919,0.97674793,0.10640384,0.051046122,0.76482624,1.1177053,0.38197964,5.3433514,0.77933997,0.04455547,0.18645975,0.34190112,0.04058592,0.70148575,0.96393186,0.020979716,0.6757324,3.98523,0.52797115,1.1913444,1.7109548,0.033854667,0.14530785,0.8152387,0.17843394,0.4195858,1.1344967,0.23985578,0.030269802,0.13866019,0.32924527,0.032673627,0.41493294,0.70922196,0.10351696,0.002587446,0.94906235,0.38512662,0.0345163,0.3773001,0.21304463,0.38795736,0.28387436,0.4211256,1.8300486,0.64513284,1.4090431,0.043768648,0.23831406,0.34733284,0.55224127,1.2646613,0.113803595,0.17038701,0.614742,0.15294634,0.4410187,1.9358038,0.8444102,0.33184394,0.07342012,0.18196857,4.5152917,1.185969,0.32319796,0.066580884,0.031788856,0.1258783,0.65602326,1.2054327,3.9463818,1.6613078,0.38425624,1.563518,0.099025376,1.8974833,0.9311805,0.5519448,0.753004,0.0,0.28459707,0.44739372,0.4527802,0.23988451,0.22276688,0.24088861,1.2084137,0.32921973,1.0389429,0.23021303,0.0,0.46705315,0.28398857,0.028632792,2.1111276,0.7705697,0.9126146,0.09983842,0.39099547,0.52122086,3.4360507,0.2634028,0.3531089,0.3762151,0.91232204,0.262251,0.37347436,0.4490154,0.51497203,0.90640676,0.08188497,0.08272356,0.51698464,0.35531226,0.236463,0.43859705,0.22897692,0.23582847,2.0428185,0.09518965,0.31337044,0.27193022,0.0074826865,0.00091793144,0.13983504,0.25894806,0.45478657,0.253521,0.33805838,0.97833186,0.60120034,0.02645487,0.56085336,1.1899958,0.061696522,0.38487932,0.33715534,0.7638738,0.29368716,0.002026738,0.072454005,0.52870524,2.0839775,0.81195104,2.6416757,0.0051399437,0.015361379,1.6813304,0.68567973,0.7619527,0.11441382,1.018047,0.009510958,0.54654926,0.47623074,1.2506777,0.58211863,0.81856394,0.12974414,1.4817313,0.63402814,0.017563632,0.9517469,0.4376194,0.40150833,0.41565368,0.86168164,0.25938195,0.12357032,0.23389684,0.13751063,0.584582,0.17336123,0.2807783,0.26632047,1.1443487,0.14854603,0.9740627,1.4696813,0.5548423,0.46605223,1.665144,2.141955,0.029635677,1.2565926,1.838897,1.9144005,0.13936168,0.052247435,0.5656892,0.26771793,0.5679568,0.2917165,2.249316,0.41420433,1.964489,0.25882286,0.21446882,1.8268278,0.62462753,0.12424204,0.066009104,0.28752664,0.014474036,1.1131229,1.2257917,1.393416,0.49600422,1.7608608,0.14734527,0.48245066,0.546619,0.71285236,0.9290085,1.6861426,0.10727981,0.2740386,1.1483091,2.097651,0.8870036,1.7608979,0.21224098,0.60863656,0.08193938,0.0031879873,0.0,0.12118651,0.64860034,0.15099995,0.0022794018,0.036604393,0.07518196,0.869617,0.0069771516,0.27914575,0.61376244,0.5892968,0.26032022,0.4488498,1.1956547,2.0034192,0.67498356,0.0049374024,0.27991337,0.34758243,0.050222192,0.67236483,0.0,0.0715637,1.2432084,0.17940274,0.0,0.027659805,0.0,0.052438125,0.05996307,0.1927323,0.41731116,0.4540286,4.636492,0.06807362,0.83483535,0.01621935,0.60064405,0.2003154,0.5890517,0.07234718,1.6373105,0.15732576,0.106398776,all_pothole_images\pothole_images_enhanced_5e0afc86282b9fbafbc344e547629b81.jpg
0.66258115,0.30306703,0.054211035,2.145414,0.98754054,0.021664772,1.2590631,0.07280894,0.28256556,0.8287,1.0531672,0.40263218,1.4119898,3.0587425,0.19998324,0.3793147,0.14461048,0.8067897,1.3746477,1.3694311,0.46310508,1.0258448,0.45821023,0.43684545,0.89125305,0.41546085,0.09346968,1.5933132,1.4297485,0.47293422,0.14774236,0.8161789,0.33028302,0.3670319,0.0611943,0.33288488,0.042703796,1.5352224,0.6322553,0.28757763,0.0071767415,0.7405112,1.4541616,1.8731593,0.36119437,0.0933059,1.1642658,0.002501888,0.35156262,0.09624365,0.9843988,0.12420074,0.5337169,0.6303156,0.73582166,1.2101867,1.0413623,0.02228841,1.2956842,1.1971183,1.4275509,0.9076958,2.030362,0.07476117,0.9530973,1.5059302,0.9745583,2.7502356,0.1749759,1.3228596,1.2739279,0.11762005,0.3837596,0.13728568,0.6947999,0.11631071,0.22097284,0.7260663,0.8046573,0.62248266,0.008792515,0.22887696,0.28123477,1.1702738,1.3325691,0.40053308,1.33272,0.005380003,1.1092805,0.33711907,0.13079461,1.2584437,0.4107726,0.7493207,0.5510822,0.6618467,0.52658343,1.1469601,0.76517814,1.9660606,0.4522675,1.055971,1.1284467,0.6086793,1.3033903,0.31889358,0.5424205,0.006221188,0.007884103,0.92861736,1.7133381,0.9178292,0.2765976,0.23623568,0.6628673,1.1228441,0.0,0.8320025,0.9966103,0.99129397,2.0155668,0.350908,0.73820823,1.1668525,1.8137062,1.0365516,0.565373,0.11918015,0.0844021,0.36486098,0.7704738,0.6018426,1.8000662,1.2047048,0.2331472,0.5096275,0.60551107,0.7653605,0.109920375,0.63599426,0.9933755,1.1804037,1.0764759,0.6102941,0.029468458,0.9626456,0.0,1.6431581,0.79135346,1.7740613,0.15737735,0.9359406,1.7021068,0.6591642,1.7736558,0.26256472,0.09825183,1.5708845,0.3713074,0.14979859,1.2539427,2.4605384,0.09667398,1.8818163,0.8763286,0.36531532,0.3184785,0.5496939,0.4729627,2.211041,1.4972287,0.24017783,0.21786912,1.4244804,0.40306553,0.23878416,0.35061267,0.24693747,0.54802984,0.4258346,1.4238677,1.885829,1.7953483,0.23501836,0.47404975,0.7538694,1.1394917,0.4092042,1.291771,2.4788325,0.1071057,0.60021883,0.08348293,1.084101,0.2232497,0.054660182,2.5352807,0.27531478,0.05511718,0.4570442,0.84481645,1.8794225,2.4692476,0.16251913,0.71454597,0.09217602,0.4338531,0.07030962,0.8468687,2.3774474,0.03585446,0.3686362,1.064585,0.03530792,3.6799078,1.7013434,1.4340792,1.719454,1.7501003,0.36370793,1.1808647,0.43951538,0.32774404,0.50429225,0.039283965,0.27420425,2.4805362,2.3843129,0.9239574,0.50644696,1.0734842,0.017580507,1.8642437,0.61036664,0.15409988,0.02082982,1.169064,0.3546486,0.10603858,0.22595923,0.6601245,0.2642906,0.4836772,1.6727377,0.0,0.0013071517,0.7091042,0.30622667,0.94840276,3.681874,2.3172805,0.35646912,0.23626031,0.27047578,0.37285963,1.7822737,0.3637975,0.59744555,0.55448747,1.2582062,0.819694,1.0842786,0.73321086,0.6538677,0.2542346,0.89708537,3.032985,0.06790209,1.9854411,0.027105462,0.024625897,0.726922,1.0696383,0.30436903,1.5402751,0.99987197,0.039773464,1.1802844,1.2069623,1.515434,0.98591846,0.64665425,0.88073987,0.93365514,0.7428058,1.015418,1.2554743,0.8129277,2.169365,0.5519918,0.23837891,0.5143214,1.453404,0.3757375,1.6456741,0.1993786,0.5279769,0.84860945,0.0,1.8894902,0.7414223,0.8842118,0.14147149,0.16107441,4.721961,0.12847057,0.5643093,1.8354573,1.4762508,0.96252906,2.1913118,1.1237574,2.138229,0.50263983,1.23717,1.5076772,0.749456,0.96664953,2.9423223,0.16551161,0.77711874,1.040573,0.34478456,1.0427283,0.70967203,0.82675636,0.99100035,0.04890001,0.38873315,0.13260399,1.3307736,0.023075795,0.97441185,0.9135654,0.27303264,0.036256794,2.043174,2.4924755,1.9443356,0.4498585,0.5440282,0.49294543,0.8650762,0.91326445,0.72259504,0.008910032,0.65677905,0.58206236,0.12537773,0.9867626,0.92273927,0.73918927,1.2726389,0.28336492,0.060590744,0.6265701,0.03320698,2.0772743,0.5152202,0.5844103,0.20351551,1.047673,0.5684036,0.24912366,0.106319904,0.1053827,2.1761036,0.5632559,1.0499105,0.9768099,2.022338,0.84792435,0.8833774,1.2515606,0.4199902,1.6899755,0.09611121,0.8719378,0.44141656,0.084741704,0.89997584,0.225184,0.6759362,0.22468649,1.824777,0.2270378,0.9269202,0.07389755,0.086971246,2.0106301,0.08130572,0.1448891,0.059350315,0.5095629,0.29368132,0.032155816,1.4143271,0.6652957,0.64320457,0.3076021,1.712747,0.94168293,1.636804,0.5515966,1.970448,0.15607871,0.8201074,0.4167998,0.20462973,0.73798245,0.7526972,0.723037,0.29222015,0.83397275,1.36603,0.2286433,0.115184605,0.24715826,1.1441724,0.102492936,0.5115456,1.3878323,0.251818,2.5040092,0.7686204,0.039832197,0.70978475,0.20180674,0.702266,0.3404951,0.64652014,0.7118168,1.7502884,0.4264501,0.22929022,2.5878007,0.020606903,0.3983261,0.02371391,0.049677532,1.3860551,0.6833486,0.10232853,0.11726558,0.039738894,0.6981738,0.74684656,0.888777,0.10442107,0.3815075,2.937416,0.8117138,0.11772115,0.26263547,1.5595548,1.5266011,0.5400567,0.11296598,0.16759938,1.7629462,1.7617133,0.14736822,0.84666604,0.26721683,1.5365988,0.85085183,1.8322959,0.025434902,0.75190586,1.7457465,0.9419917,0.92680997,0.20817955,0.39741102,0.14522749,1.4025763,0.68832445,2.0945234,0.31648096,0.31473786,1.0254112,2.2240674,1.0201154,1.7973838,0.0,1.0565448,0.9439678,0.24582297,0.65661675,0.667168,1.0396123,2.3886666,0.3400042,0.3202459,0.75837475,0.36193645,0.25497985,0.013956403,1.5768229,0.114881754,1.0001909,3.072202,0.2794573,0.57015455,0.9825975,0.18460053,0.44136974,1.1198845,0.19989862,0.7569277,0.028578797,1.009608,all_pothole_images\pothole_images_enhanced_5e79fcbc9e8036ded421ee3d4acaa206.jpg
2.033337,0.784977,1.2643201,0.6850593,0.2845742,0.6030156,0.5918724,0.37216792,0.72682,0.2895214,0.9172799,0.62096095,1.2430948,0.37346897,0.010599821,0.19383134,0.08500154,0.6854645,0.1807437,0.20145302,0.3001682,2.2412064,1.0392891,1.134859,0.43222693,0.3538942,0.25629303,1.0266815,0.7249572,0.32998988,0.57707673,0.9737979,0.84008396,0.9127317,0.16773862,0.76854223,1.1248425,0.5909825,1.2264743,0.3806425,0.26270783,0.0,0.92329156,2.0617044,0.25140867,0.21891706,0.2361868,0.0014265107,0.82507765,0.3886675,0.30958706,0.38971105,0.3268537,0.28785548,0.94729376,0.4802672,2.9387975,0.15439892,0.96974343,0.29968137,0.34003043,0.58760655,0.3590045,0.27843538,0.34720185,1.691689,0.0062384647,0.07804027,0.87910587,0.36940235,0.08302899,0.3233377,0.2124911,1.3883567,0.03177822,0.15004802,0.29408547,0.29090372,0.08291712,1.174412,0.42031136,0.10487697,0.087639205,2.4678378,1.6151812,1.1775258,0.5987378,0.24376388,1.6273,1.1666952,0.33142617,0.6073024,0.13344462,0.6493526,0.20332168,0.054845925,0.8974871,0.46439365,0.5444463,0.103762195,0.33458164,1.4451041,0.062458914,0.08456924,0.8147709,0.52225286,0.03219298,0.61886305,0.36055118,1.8785809,0.11041769,2.4235423,0.32822904,0.6340701,0.08495213,0.473817,2.7744143,0.1867181,2.1992197,0.7289197,1.4046255,0.8463845,0.6657377,0.3637812,0.23322734,1.3363996,1.152774,1.6461294,2.7249951,0.07416771,0.41501376,0.6821407,0.15505746,0.2359138,0.06264917,0.63805604,0.0876408,1.4284487,0.29671106,0.9684014,0.5940601,0.04307196,0.2659489,1.0135424,0.067843914,1.0025897,0.4767866,1.1278175,0.11205188,0.29559535,0.43726838,0.74085486,0.061129633,0.36528924,1.2209784,1.213162,0.76502943,0.31899118,0.7623649,0.12601839,2.2455468,0.44391367,0.32976943,4.785494,0.8735406,0.0892637,0.76306725,0.34273213,1.1075956,0.31589913,0.21104465,0.49543715,0.14002068,0.19776633,1.9766176,0.017972393,0.84021693,0.06310153,0.08419549,0.026774209,0.007168433,3.1872702,2.4258392,1.863663,1.8610313,0.44605958,0.41697592,2.67022,1.0153188,0.1937491,0.2564528,0.40943277,0.6983425,4.3755717,0.040711116,0.040728603,0.4620475,1.7317104,0.58064544,0.60602415,0.06687264,0.96751267,1.7942271,1.1318008,3.0997348,0.64645284,1.570196,0.4402804,1.9180644,0.46366936,0.039576154,0.28058225,0.6769867,0.19038829,0.65106493,0.5604817,1.0440993,1.0013704,0.7508152,0.33390734,0.3322725,0.5571712,0.9666761,0.684766,0.5527263,0.9445173,1.5095276,0.4959118,0.6587916,0.38022235,0.14338395,0.028824324,0.13617685,0.32007045,0.3924298,0.1714651,2.347863,0.7575741,0.16048884,0.5744709,0.30786315,0.10854789,0.508463,0.38322797,0.36491585,0.37189677,1.153514,0.9460518,1.4565233,2.5040185,0.62021005,0.032613322,1.8405827,0.7121165,0.22492945,0.2908489,0.6243998,0.16724308,0.412375,1.0423948,0.23715699,0.23178639,1.0733974,1.1116856,0.8896668,1.1542315,0.04415534,1.0977051,1.1826212,0.22613996,0.5027219,0.13283764,0.102939,0.80720454,0.9341602,1.0084078,0.9916815,0.6543327,0.13048345,0.80600023,0.34183127,0.09148654,0.043733604,0.12717207,0.89514375,0.25274616,0.28789333,0.35733226,0.7202318,0.15012486,1.3664429,1.0921825,0.27695626,1.8895118,0.22208427,0.47315705,0.9219223,0.5323071,0.4234525,0.009920158,0.85554785,0.06572387,0.64737535,0.8140485,3.784132,0.4640678,0.017521456,0.36611483,0.30728102,0.23825476,1.3060294,1.3214376,3.28979,0.9807386,0.054621443,0.5267972,0.0050560236,0.2157331,0.6332876,0.16973734,0.5487067,0.70353353,0.06718776,0.120310985,0.6265887,0.20209885,0.7918063,0.08509628,0.16212937,0.044885878,2.8244455,0.84220815,0.09240171,0.4988892,0.071987845,0.56143093,0.5500054,0.1829532,0.28203052,0.331797,0.5533793,1.9134712,0.81588703,0.0612396,0.9921339,0.12395296,0.1776338,0.092452936,0.30220282,1.615262,0.4401179,0.9689682,0.6570593,0.7958226,1.6435379,1.6295427,0.1565208,0.91872895,0.6230951,1.0033965,0.1319767,0.5306946,0.37635183,0.51362807,0.040796343,1.0251225,1.5627863,1.0137054,0.84060997,0.50776285,2.213352,0.21113022,0.5187534,0.19115391,2.1288867,0.5542291,0.63812244,0.43067187,1.3441286,1.2991586,0.27494994,0.05735375,1.0456618,0.90856355,2.1159708,0.6955248,0.47606105,0.0,0.0073687616,1.0497539,1.5848345,1.1464744,0.27132776,0.29297245,0.08720665,1.5569984,0.43833324,0.12993962,1.4709808,0.16907166,3.1180034,1.9201025,1.2239016,0.72055846,0.43998888,0.18523079,0.304061,0.5643517,0.0018085581,0.16917272,1.4774216,0.47401154,0.8583013,0.39470875,0.20566766,0.25765985,0.2946755,0.6877952,0.16097641,0.0,1.8672394,0.22675471,0.7775089,2.3509688,1.5827974,0.11558702,0.7943762,0.2589654,0.24003845,0.7283481,0.3674356,0.5649531,0.35892057,0.8035983,0.3806244,5.489885,0.98325104,0.9505671,0.36274377,1.3044273,0.568794,1.3786697,0.2656379,0.24716769,0.0,0.027713994,0.48952046,0.49560893,0.92479694,0.33028322,0.59926194,1.3666282,0.04813672,2.1137998,0.3327431,1.9746487,0.26831365,0.24889083,0.06582005,1.2225062,0.29443213,1.0423735,0.95973253,0.002849409,0.62223667,0.6420774,0.16242774,0.54448193,0.5925131,0.95916784,1.7690614,0.8632291,0.40928653,0.569235,0.8945538,0.093840286,0.5753344,0.6905085,0.4385414,0.36386073,0.20547009,5.372211,1.5484585,0.6956617,0.057987966,0.16459744,0.40569356,0.17726867,0.8344158,0.40889743,0.42431766,0.40460664,0.0,0.20815,0.102394775,0.2858443,0.37245497,0.7234594,0.065884694,0.45458204,0.109338135,4.050462,1.0540347,0.91657466,0.60318446,0.25372383,0.0015822356,0.176335,1.1833493,1.2717458,0.7016824,0.9736823,all_pothole_images\pothole_images_enhanced_5e8013f3777bd3d376d0bc2dacf91c78.jpg
0.124480665,1.2149063,0.89141047,2.6168225,0.3768393,0.09692149,0.15071073,0.49532908,0.65120685,1.4660888,0.36863172,0.77763444,0.12064661,2.6695893,0.0007692355,1.6133746,0.0,0.2898302,0.38665113,0.06572795,0.3641046,1.2098801,0.32294056,0.84452486,0.87708855,0.14038877,0.24278891,2.448303,0.8799395,0.16404094,0.64107686,0.0046269284,0.36223224,0.4494858,0.08647139,0.85030544,1.0250224,0.4035639,0.21387425,0.99691516,0.66312456,1.3153528,0.5253451,0.3147389,0.8396815,0.018503144,1.2319924,0.0055016303,0.6932139,0.22060709,0.42532,0.26907435,0.31584173,0.41074032,0.0,0.68285495,1.1866431,0.08583258,0.9761405,1.2586563,0.06920532,1.4221523,1.4129664,0.8131963,0.6552851,1.7256658,0.44861844,0.019736325,0.54240036,0.102495424,0.0120533155,0.29460564,0.042456046,0.0,0.012039462,0.9347547,0.38901576,0.17853834,0.0,0.15281045,0.039580546,0.8630175,1.3090436,1.1636202,0.055804394,1.0071146,0.06761786,0.03684377,1.4992052,0.028897962,0.029139379,1.0258862,0.0,0.37745023,0.48922062,0.082673974,1.6669286,0.37028643,0.37060532,0.10314771,0.25730723,0.7718607,0.070088655,0.9802928,0.79154253,0.00239924,0.08038099,0.0450316,0.5506261,0.30977452,0.04482813,4.223763,0.2165912,0.09835721,0.70535505,0.37827548,0.9111655,0.14642775,1.4118775,1.3629771,1.0788933,0.40519035,0.24925709,1.6236565,0.44860834,1.6545893,0.049726304,0.04587795,1.0968676,0.10299042,0.3076852,0.1548874,0.1725467,0.16380392,0.20564607,0.8401254,0.096861586,0.29495937,0.18217278,0.0,0.08013879,0.90505666,0.10785828,0.7086304,0.2140947,0.69293135,0.21868706,0.12940861,0.3473562,0.4365516,0.24647653,0.13164055,0.048806466,0.0,0.89759594,0.09011292,0.20463574,0.62983054,0.72775966,0.31934002,0.5729331,1.2979971,0.062846705,0.7078959,0.6090256,1.0445185,1.681003,0.10230823,0.89095306,1.7563641,0.3044349,0.43741077,0.101385854,0.09836411,0.38439357,0.4614682,1.7066859,0.016940953,0.36110267,0.36983433,0.022577701,1.3494265,2.0360115,0.20941336,2.440712,0.5739426,0.17462294,0.29895318,0.6326146,1.3900461,1.3049937,0.19390666,0.023154886,1.202175,1.8112218,0.0012782958,0.66187066,3.7916245,1.7047709,1.061672,0.48351103,0.5293279,0.53758794,0.38537043,1.4981633,0.029823963,0.27742296,0.026640384,2.6114483,0.6297123,0.17934945,0.027185895,1.7037427,1.4217438,0.12474171,0.4579575,0.66230375,0.18497737,1.2822045,0.7854759,2.2695944,0.08558745,0.5681508,1.6476858,0.31839713,0.52154726,0.59966695,0.07229959,0.8334847,0.69222677,0.39275244,0.6959096,0.5776405,0.057573073,0.86374,0.035242524,0.8224597,0.04691754,0.61585224,0.45835513,0.6812739,0.19262908,0.43538183,0.58006626,0.104331344,0.0,0.5897649,1.351413,0.19768696,7.8829737,0.57176274,0.38095474,0.20874801,0.12012065,0.02092867,0.075776175,1.9699557,0.79895985,1.6112025,4.0263786,0.6793353,0.0075683235,0.35264906,1.1575716,0.54925656,1.5509722,0.011660795,0.6549919,2.063535,0.848977,0.8983895,0.58923835,0.21203607,0.049151365,0.6688391,1.0509126,0.6081959,0.4232272,0.4000912,0.5062432,0.19487499,1.4985765,0.36666092,0.45013422,0.31905025,0.5287637,0.2629585,1.3575047,0.2864933,0.46863052,0.16625397,0.054740738,0.077079706,0.71236205,1.0590628,0.21511078,0.8579881,2.7142873,0.28157106,1.9227469,0.061149824,0.081083976,0.18311267,0.4096571,4.3224187,0.11228833,0.3680563,0.6833461,0.20937577,0.27004525,0.085439526,0.25252113,6.0362773,0.6180438,0.7179932,0.46232128,0.052849866,0.28123868,2.5758839,1.1357801,0.94137985,0.012792039,0.1702341,0.033903982,1.4825304,0.18440782,0.10882659,0.57280695,0.63239884,0.54091793,2.7763636,0.13060878,0.02873153,0.13281927,0.19130264,0.21819232,2.1661139,0.008541345,0.49215603,0.080271065,0.49434856,1.5347837,3.4800994,0.14815779,0.5167096,0.71678114,0.032519907,0.20473705,1.538176,0.43739286,0.35637015,0.30172306,0.05728213,0.2295573,0.20203108,0.04866845,0.977741,0.8713932,0.073959164,0.6174303,0.36688223,0.1849172,0.90660846,0.15087312,0.0,0.273423,0.7890405,0.33693177,0.45872524,0.7901459,0.43344185,0.11606364,0.24670845,0.15557341,1.2013752,0.18917803,0.3128423,0.5362149,0.04174586,0.09934246,0.6416977,0.10383439,1.0605898,2.7981536,2.8210747,0.5684669,2.420221,0.23772475,0.38336948,2.0703025,1.3476707,1.6909543,0.20891249,1.2973329,0.60484755,0.25264585,0.1596643,1.1054894,0.43572024,0.026450748,2.400509,0.14883947,0.0071581686,0.6397098,1.1503459,0.5166426,0.47275788,0.5821829,0.1462284,0.027319273,0.12957579,1.0830916,0.749891,0.32368436,0.008772698,0.018375479,0.48610526,0.22480616,0.21858527,1.0581751,0.28312498,0.009908191,0.28166738,1.4319427,1.2955619,0.49885565,0.34655088,0.21228914,0.40219435,0.4624889,0.10391194,1.8630941,0.004244943,1.0974472,0.0034012303,2.6896508,1.9212433,1.7036194,0.38189,1.1160367,0.08792063,1.2099206,1.0657433,0.060950723,0.7839022,0.081021406,0.94634354,0.33738747,0.43361542,1.3881668,0.93771595,0.24078585,1.1882738,0.68868583,0.47063234,0.4392283,2.206135,0.44462323,0.14600869,0.844266,0.11392324,0.72237223,1.0218043,0.016183328,0.65953046,1.1942297,0.7962388,0.4664275,0.3279072,1.4267437,0.06410362,0.36914712,0.13546982,0.17157544,0.18501501,0.0,0.9920587,0.038909204,0.30656973,0.043552324,0.40984055,1.51859,1.8728396,0.36617395,0.008859592,0.6382641,0.31987152,0.025192462,2.0623274,0.16799164,2.0302498,2.6867654,0.17630628,0.0,0.13526301,0.035591573,0.60775256,0.06583132,2.6882079e-05,0.5749281,0.20122379,3.254601,0.81579447,0.109209396,0.03072331,0.34872872,0.016595092,1.111953,0.7187928,0.43347365,1.6999106,0.00432879,all_pothole_images\pothole_images_enhanced_5e8fee1e528f2164ad6f51bcf08afa86.jpg
0.6332898,1.109975,0.90783775,1.3410871,2.2136674,0.516724,0.50239533,0.13698854,0.24139279,1.4069382,0.5189572,0.6937478,0.20606142,2.239155,0.19905752,1.2117198,0.21179654,0.016186085,0.8605573,1.0953794,1.7469965,0.82962805,0.90301013,1.1369536,2.9067988,0.13639675,1.1915003,3.5802612,0.40425825,0.73721963,0.7489928,0.22257818,0.93159544,1.2554959,1.0117825,0.2517863,0.16348319,2.4568152,0.4042614,0.9537858,0.27874583,0.1779966,0.14430453,1.3797332,0.24245982,1.2023118,0.099704474,0.32978886,1.3637944,0.6079894,0.3127626,0.3713229,0.8487554,0.50861806,0.12712456,0.5254093,1.2445582,0.015562067,0.7512685,0.05401513,0.94680995,0.099143036,1.2744036,0.58066297,0.22628394,1.2643188,0.7534343,0.74780566,0.008887342,0.9107703,1.3602529,0.46574345,0.88313043,0.16783772,1.2576722,0.86501557,0.6309162,0.24634536,0.015294918,0.2811828,0.062569164,0.23055407,0.85700125,1.5305353,0.5714348,0.5281255,0.6720286,0.60567313,2.8500137,0.36762992,0.35141778,0.35485792,0.5291376,0.45266217,0.19369882,0.56143105,0.91138566,0.57052374,0.15884672,3.1745956,0.05480552,1.6340191,1.0555214,0.045171045,0.36965793,0.25879255,0.61788774,0.2967811,0.0017769312,0.60531926,0.06517294,0.964425,0.08281343,0.0,1.225013,1.0871869,1.3136886,0.22852272,0.22467737,0.26157454,2.2674325,0.2430234,0.35840142,1.229546,0.76148814,1.548793,1.7995082,0.6092049,0.23227444,1.6856366,0.78149986,0.056416277,0.5684044,0.3606136,0.95550525,2.1582046,1.9197301,0.48494747,2.0244296,0.34103215,0.6930406,0.8437129,0.24087761,0.6479008,1.260318,1.4833592,0.119376995,0.031208843,0.7239073,0.9673305,0.54428744,1.5302234,0.731835,0.29570574,0.5242909,0.6710398,0.42532542,0.33199728,0.22299969,0.70052797,0.35136008,1.5820334,0.30729485,1.8259623,0.035849746,0.90891886,0.9160173,0.50812966,0.88086355,1.3806123,0.3095714,0.32127154,0.36303937,1.4511948,0.06335348,0.14393671,1.3930609,0.12468688,0.23233108,0.43990067,0.072754495,0.80737877,1.168778,1.7854402,2.6342237,1.4295422,0.21503241,0.2963576,1.6784881,0.2116988,0.5276495,0.081931375,0.24583752,0.54250157,1.4368297,1.8450699,1.6444494,0.053203322,0.9262703,0.5922967,0.24500027,1.6459484,0.55321515,0.576064,1.2291641,0.8469195,0.29799294,0.22791833,0.2680389,0.07937149,0.7625258,0.6051508,0.99046177,0.029469244,1.6773758,1.3873489,0.08677346,0.38060474,2.5011861,0.0783603,1.5537906,0.011601219,1.2770363,0.35322988,0.20673126,0.74143374,0.62763506,1.2042356,3.0092075,1.5294673,0.022848124,0.5224609,1.012904,0.051852975,1.6390098,0.49858302,1.8698345,0.07200864,0.05854496,0.0350443,0.30487913,0.04863019,0.58659923,0.8692709,0.0517691,0.06209007,1.0295153,0.73741007,0.55933124,3.628742,0.61149275,0.5494598,0.55174136,0.6763075,0.41479635,0.20710757,0.5599178,0.4133044,0.4855057,3.137409,0.8625672,1.9265164,0.5105214,0.18868868,0.805715,0.5671266,0.056387074,0.6370894,2.5914326,0.9317035,0.4404728,0.05444111,0.99496424,1.6141781,0.19022828,1.428353,0.50157565,0.50969636,0.47669682,0.7942393,0.43736565,0.8114406,0.97836226,0.5296906,1.8382761,0.22804536,1.758435,0.894136,1.0669684,0.041604288,0.058955483,0.21822158,0.3960242,0.7592425,0.9838471,0.17938901,0.8297265,1.4622824,0.8675093,1.7587016,1.0042952,1.7465256,0.034966517,0.050020806,4.7928057,0.561019,1.5005707,0.10386772,0.82007927,1.531055,0.32576606,1.0659418,2.8929505,1.0797554,0.22293079,0.061456483,0.25486284,0.84477043,3.02764,0.5819763,0.44758204,0.9612962,0.6935547,0.7483728,0.99695486,1.4575944,1.2481894,0.80973643,0.5720839,1.0387306,2.7381022,0.93527377,0.08610533,0.38934788,0.39158353,0.5296366,1.2466282,0.014754011,0.69181836,1.1889689,0.41894773,0.18521425,2.9400768,1.0474948,0.32148546,0.0,0.36439326,0.50033224,0.5947085,0.6915879,0.7199618,1.0027307,0.004581336,0.6756436,0.15023844,0.0,0.25741297,1.2091619,0.7590768,1.6713765,1.2378366,0.2120766,0.60065013,0.711652,0.5089628,0.4225159,1.1576298,1.81369,0.00021605442,1.0089498,1.5208541,1.3754084,0.8380858,1.8987727,0.0992101,1.5343525,0.16351135,0.27331975,0.3927789,1.524856,1.727028,0.11252029,0.41081637,0.48146427,3.0377126,1.9698917,1.9593446,0.5725406,0.73653,0.75021094,1.2664694,0.63118327,0.10858917,0.18113804,0.0050912267,0.6314713,0.53705937,0.5888038,1.5459459,0.064307,2.3040333,0.9010987,0.036293894,1.5507548,0.8108419,0.5104441,0.5319155,0.359822,1.5155742,0.28951365,0.8191519,0.31156418,0.032666605,1.2332015,0.09559901,0.113121174,0.6614685,0.20504934,1.2181708,0.4142262,2.0711174,0.85178095,0.47810197,0.36320195,2.1951456,1.141114,1.3340719,1.1070747,0.31972528,1.5788636,0.6485634,0.37028316,1.107476,0.7882704,0.57491815,1.4289619,1.0321482,1.0057223,0.0024989743,0.28045186,1.0194873,0.79901606,0.2931048,0.28795674,0.021571932,0.91868526,1.3331127,0.6848679,0.3495519,1.1374605,1.1196518,0.69255996,0.33970442,0.10673548,1.2673137,0.85492146,0.44687107,0.40788594,0.86921096,0.3409856,1.5404365,0.0,1.1474057,1.0187209,0.0019453592,1.1820436,1.1666937,0.04685529,1.2346385,0.6259109,0.117422335,0.77222645,0.24296083,0.22445776,0.7168814,0.5238511,0.08989688,0.14362134,0.9511625,0.09679384,0.85974556,2.2790368,0.21598181,0.2754847,0.0053577884,0.41527098,0.6301409,0.40827385,0.1986027,0.0,0.19142799,1.0177175,0.15074947,0.11260592,0.7524984,0.5297823,0.35373527,0.09513706,0.60048085,0.2440693,0.07095389,2.5980892,0.8091266,1.1909132,2.020139,0.8995117,0.33637953,0.48696202,0.0445457,0.35805616,1.4598705,0.94027174,all_pothole_images\pothole_images_enhanced_5e93ebd353f299fb8e47d3a83993e2c1.jpg
1.4614401,0.5976629,0.024691628,2.0923796,0.7433076,0.555388,0.39659232,0.19629766,0.8435838,0.62702006,0.80779994,1.1656592,0.10226121,0.625922,0.21265866,1.1085176,0.17910977,1.0532368,0.6185048,0.1871008,0.12412003,2.422159,0.47717634,0.7303414,1.037174,0.5813159,0.6054351,3.0172255,0.079472415,0.019407524,1.1119385,0.32290754,0.02031288,0.76772356,0.53091955,1.3454597,0.0,0.854894,1.3794369,0.68666714,0.27950814,0.0,0.21110263,1.1684041,0.14791901,1.2708722,0.19746076,0.6667606,0.0008188892,0.9385962,0.53166795,1.4193158,0.15476283,0.037758406,0.13710265,1.8579357,1.0776403,0.90858305,0.0822826,0.17533016,0.3397712,0.16163038,0.7632399,0.12618932,2.3203216,2.2341604,0.70397735,0.13400696,0.39866325,0.14885266,0.14995486,0.059458446,0.87197834,0.19074547,0.08867219,0.23233098,0.31774384,0.9849005,0.67820615,0.1386218,0.5412975,0.028473036,0.002329365,1.8313987,0.8763577,0.275926,0.051650204,0.08018396,2.0729792,0.14703733,0.6268977,0.01722828,0.44823888,0.0842728,0.0025821428,0.11655021,2.0543284,1.2793849,0.54031825,1.4047693,0.06095164,2.091299,0.18591674,0.8686886,1.1563263,0.12330269,0.60111344,1.0030118,0.2952056,0.011160888,0.0071725072,0.16620114,0.7002086,0.7221036,0.20355548,0.22974046,1.7203295,0.6147422,0.6476303,1.1025535,4.3300147,0.53437865,0.123001896,1.8329252,0.34452656,0.08712753,0.3268851,1.3922241,0.70879567,0.9735635,0.1970852,0.031484846,0.26442635,0.3618393,0.12846744,0.7475966,0.9773861,1.0481876,0.89914656,0.17763864,0.209212,0.20925936,0.36818698,1.1176487,0.7528959,0.81496274,0.19749883,1.8453395,0.41713408,0.23208061,1.0094457,0.9061248,0.059081826,1.1131042,0.8248574,0.3183599,0.66394395,0.0,0.096315846,1.3068615,2.5378056,0.8264728,0.0009729053,1.5419937,0.06911481,0.6216247,0.3961008,0.4999535,1.2482574,1.5088847,0.16668923,0.026127689,0.05725294,0.26487508,0.69261503,0.0977427,0.093161054,0.0520845,0.12930147,0.01915944,0.23020487,2.1341593,0.5757202,1.7600228,1.3975515,1.1053777,0.46540785,1.9985119,1.157126,0.19303705,0.043504983,0.6813286,0.092176855,0.84104407,0.8158932,0.38517165,0.56787884,0.17083335,0.46117097,0.80688274,0.33552963,2.1939852,2.269227,0.49636832,1.3884171,0.70075554,0.23830144,1.0170246,0.3327531,0.31275263,0.093530014,0.0,0.93018353,0.42852074,2.3833807,2.463528,0.22922912,0.27745506,0.34866682,0.051570673,0.64335185,0.63075864,1.6519504,0.32189572,0.13826929,0.60799944,3.4881573,0.14000845,0.8850497,0.52545893,0.18884157,0.79749626,0.4247158,0.04033924,0.69903564,0.2936042,3.465901,0.05156616,0.57602066,0.7671472,0.22480379,0.072958976,0.8912354,0.124321274,0.5724389,0.0,0.18293044,0.41058087,0.04013789,3.6007385,2.6515677,0.26839826,0.2097889,1.6029721,0.26936406,0.03656261,0.4086235,0.32516012,0.17814042,0.73107404,0.5499883,0.07917206,0.6671707,0.4697003,0.24384429,0.3013831,2.266637,0.27293694,0.9331858,0.08094485,0.2544355,0.33128932,0.10424818,0.47734225,1.9232597,1.3972402,0.7039946,0.833865,0.97494954,1.227521,2.585245,0.16408452,1.8649341,1.2487944,0.22542217,1.392618,0.7464069,0.9169425,1.9022309,0.6819172,0.14847155,0.056049634,0.0812963,0.8807963,0.4074138,0.3180114,0.23352833,0.8921675,0.24974734,2.2170553,0.42446843,0.9693843,0.048857562,0.7253162,3.644507,0.42174202,0.35547963,0.32674003,0.10263802,0.9908071,0.18402813,1.4126154,1.2551113,1.5329359,1.1154238,0.466156,0.006417918,1.8365617,2.2310052,0.16046719,1.6033325,0.16756411,1.32854,0.0,0.7142832,0.3824374,0.64863825,0.041756343,0.24853042,0.5718165,2.077687,0.49488953,0.9927038,0.59160054,0.121458136,0.45449632,0.80912334,1.2723264,1.390255,1.0978945,0.18989196,0.0,1.2642757,1.5825186,0.4815145,0.12907702,0.16181612,0.3834732,0.5678142,0.12134379,0.2790612,0.3250701,0.6145738,0.37467068,0.21911532,0.18391374,0.23127882,1.6622545,0.881216,0.29164618,0.41964394,0.33436775,2.4708564,0.6663109,0.14546771,0.055592816,3.5727968,0.24421132,0.55431795,0.28220725,1.9761608,1.0002946,0.35050115,0.11291547,0.03577494,0.0058500473,0.018917536,0.20388661,1.666786,0.0434869,0.4185331,0.49048138,0.17682408,0.01586634,2.8217797,0.4723311,0.8979824,0.13590647,0.0035537097,1.5829881,1.9447713,0.6363174,0.33629486,0.22183058,0.18259327,0.20948893,0.5969892,0.048720524,0.112305306,0.09926354,2.3849363,0.7473422,1.2586133,0.69758946,0.44418633,0.5680487,0.4027194,1.0580612,0.74347633,0.012195091,0.6553701,0.45115817,0.07840784,0.3629105,0.52149016,0.24126793,0.24459758,0.8669908,0.5615161,0.0,2.2348328,0.7369598,0.9556087,1.9579536,1.0702176,0.65950936,1.4313837,0.9172412,0.29316044,1.3049761,0.8838096,0.053467527,1.1724503,1.0833892,0.30051088,3.1323254,0.6521845,0.8654391,0.0027909486,0.40517518,0.58386356,1.0211525,0.27712312,1.3969839,0.4837273,0.016460013,1.6422554,0.15134315,0.035773803,0.20763925,2.6800885,0.16487008,0.45694855,1.3113973,0.6439363,0.91489613,0.0351494,0.2767906,0.3364252,1.0337814,2.0626504,0.19309501,0.4744892,0.104974434,0.7745959,0.6427621,0.26217183,0.019409038,0.5430345,0.08868132,0.8715017,0.2912045,0.47570005,0.6083377,0.37392122,0.0014654394,0.23495284,0.87258565,1.7434387,0.1771342,0.30823395,4.61333,1.5533459,0.20647681,0.022521531,1.327391,0.0239975,0.038180646,0.72966677,0.49105164,0.012161907,1.0334398,0.42432457,0.095458634,1.3629041,0.3796405,0.27826637,0.08238485,0.04961458,0.8018397,0.54615283,2.86675,1.811261,0.17378272,0.8291161,1.0752382,1.1217183,0.0,0.26445875,1.2285212,0.4266936,0.99118656,all_pothole_images\pothole_images_enhanced_5eb9e28e2cd6a002c3751fc189f315a7.jpg
0.6662582,2.3375235,0.7305434,0.6985995,0.44370574,0.6725596,0.67176306,1.1175007,0.44472522,0.5624766,0.16960572,1.0721872,0.007292968,0.099985786,0.04793309,0.1558899,0.30594543,0.22624914,0.15603134,0.20000458,0.12943502,1.0194963,0.6083094,1.6633786,1.096986,0.9677203,0.30964,1.6037884,0.019323459,0.123562865,0.62796146,0.21957411,2.2170203,0.8939115,0.3978202,1.1353141,0.8860447,1.3043253,0.49975592,1.8356514,0.106622756,0.14079656,0.28581548,0.10863481,0.39802825,0.45705223,0.16832052,0.09218147,0.43210843,0.6600287,0.8101215,0.80080897,0.9908207,0.032350365,0.12730944,0.4479388,1.8281873,0.7005593,1.3998022,0.61293286,0.4881661,0.2967954,0.5210178,0.48811498,0.09166875,1.2956748,0.39870492,0.6450103,0.38974386,0.46135885,0.37081933,0.50325245,0.4869988,0.087473854,0.43230662,0.83694065,0.57632506,0.39256707,0.012771551,0.14856784,0.8047267,0.8036172,0.39362988,0.8051931,0.5030166,0.48468706,0.18500437,0.055078268,2.6428297,0.42290217,0.009005234,0.25633436,0.2329738,0.025463926,0.15561472,0.6139259,1.4829249,0.83271086,0.28486034,0.057275653,0.1510754,2.7217784,1.6661649,0.10968406,0.6269402,0.23710594,0.040692423,0.46210104,0.7642299,0.54808867,0.46234924,2.1777148,1.0874841,0.37177798,1.8523622,1.8736619,1.0743556,0.2903431,0.07705954,0.35908625,1.3483367,0.6009969,0.40081838,1.8498865,0.1405572,1.6580899,0.16739175,0.42426383,1.099731,0.2206969,0.9113521,0.16143367,0.15924378,0.15024583,1.5103155,1.1751573,0.04645938,0.6271577,0.46769193,0.4000402,0.60979915,0.5719204,0.12234667,0.5250442,0.61948526,1.7638997,0.11939675,1.6879599,0.05633121,0.48415896,1.1792132,0.9655175,0.04893009,0.0,0.52055764,0.18315357,0.1813511,0.0,0.47088152,0.1828622,0.8921285,0.29086494,0.14468244,3.7281036,0.35594574,0.013924255,1.1740469,0.76912767,0.25385314,0.534598,0.21090694,0.7858033,0.07263848,0.34321257,0.2247804,0.81493247,0.56392044,0.124393664,0.17793033,0.032491498,0.31458378,2.2770097,3.0309033,1.9891671,1.2932366,0.20942517,0.011948154,0.2004886,0.8634833,1.1082928,0.3778627,0.064308,0.012300982,1.5088223,0.89947915,0.31686467,0.59748,0.06561151,0.29615214,0.7973486,0.15671135,0.57680815,0.2192543,0.043837477,0.58966774,0.53819746,0.27350134,0.68927485,0.4943943,0.7106832,0.14416331,0.10251399,0.54274505,0.6608046,0.6733524,0.5540813,1.2113343,0.10123997,1.5158317,0.31225842,1.2722363,0.35945857,0.0023716104,0.76418835,0.013704201,0.7313615,0.71296364,1.3489197,0.11663307,0.6529702,0.62168044,0.5556412,1.3685508,0.06573504,0.5710862,0.0,1.155749,0.17852306,0.023068678,0.024617817,0.47244123,0.17735565,0.388288,0.4938496,0.15325978,0.0041198363,1.3030335,0.11975234,0.47978184,2.2260773,0.52251023,1.4839966,0.34976438,0.15527482,0.078643575,0.6755021,0.6918221,0.058308415,0.89677817,2.9384005,0.51717526,0.053471297,0.958867,0.47258276,0.25728872,0.3465135,0.9663483,0.8009135,3.2181687,0.28674704,0.063279495,0.020971766,0.61533386,1.1192558,0.70389736,0.8792301,0.25018215,1.7859904,0.35419768,0.7500048,0.222881,0.24801742,0.26508787,0.56909925,0.90017945,0.052056886,1.065661,0.7024875,1.8171337,0.10821278,0.9220489,0.21377271,0.36762127,0.4713004,0.61828357,0.074361295,0.366507,0.17636451,0.43329614,0.6011888,0.26368204,0.27326578,0.13197461,0.36776236,3.3589935,0.19858338,0.014207261,0.23016232,0.049419515,1.2044661,0.34674188,0.46564984,2.5143516,0.8788201,0.25128108,0.94434416,0.19060256,0.7242452,1.0473044,0.45423153,0.6613096,0.0,0.44567692,0.0,0.51509506,1.8214749,0.7760179,0.53181326,0.6762396,0.2373642,1.9274858,0.30835253,0.23118317,0.0,0.0456525,1.4463445,1.7991848,0.0,0.10340714,0.33859393,0.2532407,0.41146296,0.11279033,0.33593622,0.52926534,0.172618,0.27429968,0.023430994,0.08797737,0.37861398,0.37468514,0.87574095,0.9317328,0.31734684,0.4334308,0.0048446013,0.5548129,1.1040231,0.090614885,0.4140796,0.4391269,0.62804645,0.013748283,0.20418984,0.0018405379,0.36552352,0.29672512,0.9239678,0.6570596,0.9340302,0.7483511,0.72047967,0.21618083,0.44716528,1.0442435,0.57690895,0.025413973,0.36851555,0.09317826,0.3628951,1.4455103,0.42089683,0.6318209,0.61663175,2.3147748,1.0271013,2.396569,0.3128779,0.36792922,1.1220874,1.9245318,0.24923296,0.085469306,0.26063594,0.13912278,0.10420133,0.63885003,0.5061529,0.0808144,0.17223628,0.9611641,1.5504478,0.21538578,0.29290444,0.095066264,0.61438787,1.3335303,0.27026716,0.057083838,0.89858586,0.73177224,0.6053848,0.22259885,0.073571056,0.15101045,0.677349,0.26468423,0.88624346,1.0543287,0.07391714,1.0554979,1.2354057,2.587003,0.6830568,3.0605152,0.2925237,0.6224703,2.0922358,0.5042232,0.5920931,0.413898,0.023121186,0.12799957,0.036257174,0.11444715,3.33596,0.20688237,0.3333217,0.48661944,0.8898797,0.5698388,1.0576353,0.29127258,0.15939388,0.161157,0.07774983,1.9652972,1.3741874,1.1307341,0.35546437,0.8356049,0.8341246,0.7911397,0.4231903,1.0021571,0.9063655,0.3692532,0.43418196,0.17908125,0.56643367,1.64259,0.32631016,0.56009626,0.37270793,0.12046606,0.8712348,0.032701097,0.0027462654,0.5170583,0.7179711,1.371773,0.42529655,0.74500984,0.27495152,0.304538,0.24044585,0.23903653,0.3588456,0.15378001,0.33097503,1.3947098,2.2649722,0.20383835,0.08455222,0.01821907,0.20589234,1.5728925,0.025287058,0.28153074,0.12557465,0.78250104,2.1201704,0.0,0.43246284,0.3038553,0.20056279,0.4792829,0.089045316,0.4620243,0.036468096,0.41248912,1.7367928,0.6452714,0.42101368,0.9276085,0.1289901,0.11502417,0.73212886,0.9134529,0.7308147,0.5173092,0.04481119,all_pothole_images\pothole_images_enhanced_5ebac68b880b27e64ed59bc6b2cd5a7a.jpg
0.025765968,0.93678063,0.07122169,1.7310405,0.24580905,0.14459479,0.5805367,1.0599731,0.26429257,1.5436974,0.25880843,0.697915,0.2420866,1.3966908,0.0051727393,0.20003621,0.19776659,1.1588533,0.8680072,0.34934568,0.92420256,0.8258663,0.0584854,0.20209281,0.818561,2.5386152,0.13165566,3.3910964,0.24498203,0.23804665,0.03191404,0.11791215,0.035475135,1.6622548,0.2937961,2.1814108,0.21279725,0.75996566,0.10652515,0.5362659,0.043482594,0.085346475,0.6260784,1.4459455,1.0303192,0.0,0.01202182,0.005561726,1.4714824,0.62004364,1.3544153,1.0809575,0.045752253,0.08078445,0.25958544,2.5734406,2.1558948,1.4523084,0.5588292,1.0849047,1.2451138,0.2252516,1.1579665,0.7659655,2.6911106,2.4130776,0.12923644,0.16087595,0.15749884,0.03482272,0.6378301,0.6726328,0.5401039,0.2568872,0.75567794,0.5308578,0.17201711,1.8039705,1.0278543,0.5245179,0.2525419,0.72334135,0.37804958,1.7604035,0.19639717,0.77142066,2.2563384,0.035642285,1.0632763,0.5346184,0.031755634,0.4542463,1.631829,1.511413,0.43894842,0.42291924,0.26225236,0.6389504,1.6703197,1.595231,0.34353334,6.019106,0.76466554,0.25063223,1.3452734,0.24501997,1.3477346,1.5712134,0.39091557,0.06832247,0.5970189,0.28571415,1.5981208,0.7295594,0.9388725,0.078395315,0.6813304,0.83261216,2.6991813,1.6825567,2.2169995,0.050393455,0.043438945,0.6457972,2.1131608,0.1588119,1.7406765,1.2159256,2.176649,0.45544627,0.36957628,0.0,0.242954,0.7863276,0.99362475,0.11579418,0.9163443,0.75991553,1.2995528,0.6601059,0.46049285,0.47778606,1.8984683,1.300988,0.040826477,0.8479745,0.9120466,0.60242635,0.40965602,0.5220708,0.7937284,0.62777174,0.27822417,0.3252486,1.4366928,1.2531916,1.3227341,0.4510769,0.64399576,0.106523074,1.2618614,1.3359658,0.48755568,3.4376295,0.6936689,0.021782378,2.0874991,0.15553221,2.2352357,2.4925475,0.1948016,0.21178283,1.3187119,0.28807613,0.5730215,0.2908889,0.27242777,0.27145058,0.1664464,0.23638818,1.2093399,2.1866395,2.5514882,1.1697557,1.0433692,0.6511665,0.43411523,1.4710685,0.06750124,0.34856635,0.0,1.8195345,0.0,1.7372228,0.39092144,1.1979954,1.4870129,0.5194908,0.5611392,0.10805961,1.0047241,0.90293837,0.8710408,0.01991691,0.5084128,0.0,0.24322636,0.3311249,1.5907851,0.6327932,0.06657185,0.027736736,0.696181,0.6891666,1.865967,1.0675825,1.3270185,0.080470696,0.9432313,1.0612127,0.2752662,0.23971558,0.6893909,0.41282934,0.031899206,1.0254452,1.3092211,0.16467936,0.437572,0.7099705,1.0420352,0.05548539,0.8216213,0.50733465,0.15434504,0.25715387,1.4153315,0.32555535,0.02019343,0.3926772,0.0488011,0.33813047,0.6894802,0.24110377,0.915801,0.13122222,0.6525519,0.41043428,0.44957066,4.180249,4.0529804,0.17288812,0.31873557,0.6888735,0.57115424,0.922944,0.59228355,0.10190495,0.9512844,2.5390625,1.232075,0.26079637,0.16287607,0.021257346,0.92512625,0.2443713,1.5222256,0.03681525,1.4945242,0.12978193,0.35666656,0.07457161,1.747961,0.13765238,0.34113708,0.25034064,0.30427042,0.87231755,0.06916966,1.5655894,1.9588282,1.378023,0.43659988,1.3137895,1.6904435,1.1344336,0.72176874,1.2979732,2.499975,1.4552213,0.0036839917,0.4474227,0.27416894,1.0308126,0.92062056,1.370693,0.08596954,0.76872224,0.43383858,1.9157057,1.1818814,1.4742068,1.0274183,0.06714912,4.0683646,1.0707377,0.058749206,0.0,1.2124699,0.75032604,1.1754605,1.0562446,1.7842264,0.9713014,1.2967781,1.0007905,0.16275571,0.81535596,1.6056528,0.20568068,0.48052588,0.16942036,0.3615643,1.493324,0.40448967,0.20324475,0.02655929,0.27412188,0.7806029,0.46957996,0.8618666,0.7683062,0.0054130554,0.9987361,0.29971105,0.6218411,0.92899245,1.4376622,0.27014267,1.3207546,2.8054218,0.81677276,1.3341749,0.9487557,1.3133134,1.1767561,0.6088354,0.5113925,0.4823469,0.49105376,0.4607726,0.057465807,1.7826616,0.7507258,0.3461131,0.8472307,0.05789835,2.1006615,2.2147691,0.45314604,0.5012484,0.026998047,0.63818246,1.0271815,0.2065864,0.38976675,2.059525,0.5184156,0.93539584,0.88246065,1.2762595,0.0033354992,0.6003602,0.0,0.51696223,0.09507848,0.07838729,0.0,0.7317587,1.1787211,0.91372633,0.78777856,0.4650434,0.5815788,1.4325802,2.1053023,1.5840436,3.5965002,0.09568015,1.0023452,0.8631721,0.41596237,0.24848731,0.314836,0.12742956,0.3766564,0.9681849,0.8572021,0.5279789,0.7005053,1.3328924,1.1380515,0.14883006,0.40222758,0.3532566,1.0238541,0.43631408,1.0566281,0.9017994,0.0013169155,0.7722422,0.02999775,0.0062988265,1.4881456,0.2794621,1.2521298,1.6124386,1.1027298,0.90070045,0.28436118,3.01068,0.25642598,2.0485737,2.0640364,3.3986495,0.08442179,1.3744314,0.6286454,1.0879183,0.42637855,1.3157511,0.7058989,0.9606795,0.4169845,1.8041556,1.3181504,1.6518377,0.7489117,0.8467225,0.63066363,1.0809473,0.7582195,0.5875265,0.010315145,0.33686432,0.11384793,0.4580548,0.3671074,0.07823455,0.9617635,0.4926075,0.6629324,0.11112716,0.24882494,0.41792443,0.748151,0.38912433,0.22308782,0.64692724,0.4362758,0.83068377,0.17715691,0.10478716,0.32900319,1.9913285,0.49611336,0.097947,0.056067538,0.720058,1.2124004,0.06820236,0.1921395,0.877828,0.25169083,1.4194949,0.030820068,1.5781013,1.0302904,1.0190848,0.02167368,0.58807486,1.4606212,0.9966267,0.0081937015,0.091324665,0.10472946,1.1539401,0.0027615114,0.2820528,0.0,0.42099184,1.212226,0.8604867,0.5254575,0.019479148,0.30318815,0.2993003,1.1527206,2.3185754,0.780642,1.4431138,2.785946,0.886386,0.43693924,1.3615999,1.0121223,0.18087687,0.77254313,0.93874,0.86354715,1.1703583,1.1652197,all_pothole_images\pothole_images_enhanced_5ee09e4f2b7523c729d0d3e1a54f56ff.jpg
1.2135439,0.84064543,0.22957961,1.4749862,0.84324396,0.87491655,0.70137507,1.0573727,0.20039548,0.2023495,0.23641138,0.06137492,1.5192741,3.764122,0.16237395,0.014369469,0.16392162,1.3844948,0.7138919,0.51811755,0.2582082,0.9375845,2.0899713,1.0654856,0.9683691,0.0044919755,1.2509148,0.65262794,1.1673763,0.29648644,0.6873983,0.42652345,0.52962744,0.36532807,0.3203077,0.07438173,1.9037905,1.5385499,0.6540422,1.29693,0.43592712,0.29885522,1.0553888,0.61487603,0.682002,0.66330695,0.37303287,0.0,0.6107438,0.056654584,0.5553342,0.35316312,0.32819548,0.8614525,0.0035329761,0.2735498,0.75345874,0.12663716,0.16122992,0.43352184,0.7783382,0.3643025,1.8796402,0.32224914,0.93849397,0.86087316,0.075018704,0.029501926,0.16434233,0.22742362,1.2137709,1.5682294,0.03577633,0.4726438,0.045056,0.5879884,1.2943377,0.4875668,0.19148096,0.058056958,0.18496642,0.9424305,0.13603146,1.0903322,1.3478419,1.9736539,0.1990012,0.072437726,0.17368738,0.4912064,0.24154678,0.15970062,1.4416201,0.47771135,1.4352968,0.22969863,0.8058101,0.12320176,0.70175296,0.1671722,1.0919563,1.4068131,2.5359266,0.25629482,0.6257015,1.6220149,1.0799135,1.2991647,0.24082491,1.7493547,0.53120023,1.6684525,1.2662442,1.8674815,1.0304934,0.7741938,0.8192308,0.7808973,1.6343346,0.9589101,0.57451046,0.46338558,2.183306,0.24590293,0.2215154,0.00053077587,0.22548155,0.2384518,0.78182995,0.86227757,1.8823899,1.1581808,1.2759933,1.4005646,0.08226671,3.4101853,0.41700336,0.57802653,1.3654599,0.103547156,0.41879863,0.010994119,0.33199224,1.9734858,2.46907,0.65863144,1.0537179,0.8813976,0.17877574,0.5313623,0.0076850303,0.52195513,0.047299676,0.51176614,1.2079365,1.7649002,1.0410968,1.0666025,1.1784589,1.8661515,1.8796804,0.81474584,0.018795237,0.95244557,0.45659682,0.66665864,1.2121302,2.2982936,1.5654272,0.2583466,1.8298961,0.31872648,0.50629616,1.5567002,0.35778278,0.32898596,3.3644545,2.7425628,0.46364802,2.1016498,0.4997583,0.8315404,1.9105301,0.15007934,0.73101556,0.19929981,0.3587301,0.20997106,0.49105376,0.21034208,2.5430424,0.15108497,0.670393,1.340446,0.67038727,0.4701884,0.48125055,0.4592772,0.5548269,0.15850832,0.27854732,0.3379985,1.5350556,2.7239444,1.5253221,1.9837714,0.097289346,0.39569107,0.9795336,0.89484644,1.0317487,1.2530644,1.5245651,2.6071813,0.78352,0.033563383,2.3568556,0.104464024,0.88928795,0.03473766,0.66398144,1.0449669,0.7569209,0.557963,0.0012463741,1.1476632,1.1679811,0.63354975,2.0057764,0.51233566,0.61830395,1.3685356,0.47072068,0.5699784,1.3065374,0.48414713,0.09859697,3.0411336,0.6510376,0.9546812,2.353932,0.33340007,0.9950018,0.032299332,0.42532563,0.49378413,0.48857257,0.86995226,0.98447824,1.6904383,1.5310198,0.0024122088,0.5656474,0.9808676,0.14241281,0.6725096,1.2406994,0.15384264,0.29306203,2.1759684,0.4859284,4.3768864,0.25750616,0.26855394,0.40481853,0.07182275,0.14092307,0.8131899,1.1409739,1.9793066,0.13716319,1.3626136,0.18407895,0.43514204,0.27077973,1.6749009,0.8746713,0.17637642,1.9224498,1.3710754,0.6268504,0.60753787,0.39898002,0.073661454,2.1043231,0.105226494,2.475681,1.610063,0.25988272,0.48096293,0.43269303,1.0296017,0.19837898,0.32289627,0.23409875,0.93962127,0.81468123,0.7122602,1.0818238,0.13387114,0.5342467,0.62895715,0.19961357,0.3252939,3.0639217,0.67429805,0.9184937,0.27237833,0.34820595,0.035197772,0.4461799,0.934114,1.9953767,1.8046916,0.2614405,0.44651678,0.06780331,0.86045253,0.9929712,0.913146,0.4836008,0.4739112,1.1890246,0.96485525,0.9750349,0.07642672,1.6661984,2.5409253,0.08355231,0.6479812,3.0904734,0.77474093,0.0767879,1.2719653,0.35632223,1.3973286,1.3858639,0.923009,0.3556308,0.41490778,0.21836965,1.7225777,2.5558484,0.8791107,0.5477321,0.122685306,0.34260476,0.71668535,0.5242176,1.9621663,0.067551404,0.6065517,0.726132,1.146341,2.1962895,0.043456912,1.4890056,0.12625398,0.79363203,0.088047005,1.0731158,1.9688579,0.36487755,0.2913866,0.113744654,0.14191522,1.1790525,2.363391,0.5569989,1.2535392,0.5034237,0.5483978,0.5974599,1.3567704,0.8913557,0.4474889,0.33325875,3.0018513,0.67144674,1.958107,0.35881594,0.109812655,0.62187296,0.40701655,2.6386995,1.0217323,3.6223655,0.6057083,0.11060661,0.9751328,0.001721365,0.32348308,0.41964504,0.29537216,0.019494753,0.053382147,0.06715015,0.3179898,0.41827565,0.004057344,2.0337734,1.3002424,0.16820998,0.23970401,0.80299324,0.047682792,1.1031662,0.28307906,0.6649455,0.09072321,0.50991714,0.16223176,0.54610807,0.5876823,0.65149206,1.2701477,0.3051401,2.3399968,0.08985288,1.8413968,0.74292046,0.89746505,1.0659276,0.67083776,1.7932388,1.5274574,0.32470948,3.33694,1.777088,0.33337596,0.07596025,2.9500544,0.09507825,0.2985252,0.27116472,0.31065482,1.3039868,0.80775416,1.4265716,0.46821678,1.8417063,0.54373753,0.31918773,0.13237198,0.022674726,1.2279675,1.0411352,0.093710154,0.87726074,0.07479631,0.50487083,0.66234916,0.007438166,0.42125538,0.6493595,0.40880564,0.88788897,0.25613558,0.40997112,0.26819813,1.4720677,1.0291013,0.5240992,0.66781396,0.121978015,0.5907665,0.4781617,0.67445445,0.15825601,1.0125275,0.8553737,0.60418266,1.0911098,0.74027634,1.0590816,0.0,1.971339,0.7765201,1.3202969,0.6650135,0.48527464,1.4366502,0.7418786,0.3742241,0.14142764,0.3202214,0.4418123,0.31476757,0.24260426,0.5001717,0.0899883,0.689681,0.112508304,0.18008952,0.08721644,0.3672512,0.27073961,0.47195315,0.0,0.48790526,1.1241755,0.5994796,0.45455575,0.47389233,0.23037875,0.609818,0.65848273,1.3633307,0.2351442,1.3158457,1.1845655,0.2936552,all_pothole_images\pothole_images_enhanced_5ee8c366f5aa066ba1d5cc4a60c1564d.jpg
0.097216606,1.7756507,0.93428814,0.64565563,2.8971364,0.4968877,0.44094148,0.6473019,0.07207695,0.5018518,0.7867394,0.42947924,0.6574734,4.1123686,0.7840838,0.6724704,0.60812926,0.3541854,0.36111957,0.55399734,1.0800236,1.3154347,0.18636777,1.3386543,0.9505503,1.0163482,1.1567626,2.9942327,0.5849226,0.11628371,0.32213974,0.38445753,2.0307276,0.1773928,1.6163487,0.67637074,0.6041673,0.76912457,0.0017945853,1.485775,0.36279634,0.49979463,0.7053933,1.8542156,0.63212514,0.8429119,0.06490046,0.022036284,0.76611257,0.69903207,0.98096263,0.5183532,0.78515905,1.6105982,0.2922066,0.22609434,2.649063,0.019421855,0.49106893,0.33548915,0.19869931,0.083515234,2.0156372,0.7879868,1.503604,0.73477966,0.16966559,0.79743004,0.04028012,0.80891854,0.53281844,0.6204287,0.9041108,0.11917057,0.2949617,1.7896781,0.8335839,0.6756131,0.015296577,0.14690197,0.28113982,0.48700333,0.062362928,0.66601294,0.6964809,0.33501962,0.10507062,0.18350336,2.2500877,0.086695164,0.28928253,0.50822115,0.8742549,0.37866974,0.06576701,0.74756145,0.524437,0.40488032,0.8438566,1.4853796,0.32170516,1.2539551,0.73626053,0.46343607,0.0053099017,1.3158085,0.38550076,0.40272015,0.0916961,0.09945457,0.9587326,0.5518053,0.22721758,0.646294,1.8020607,1.3848335,1.5908114,0.28178504,0.87281394,2.152174,1.8253809,1.1477832,1.0610721,0.85584027,0.264643,0.36051714,0.82327497,0.96418417,0.37047958,1.2819699,1.1376035,1.0643991,0.14624397,0.6217349,0.27207327,1.4991453,1.010104,0.3235007,1.8074439,0.09112915,0.8295329,1.2216784,0.38636836,0.8769931,2.520919,0.6734874,0.14024806,0.061411586,0.14885065,0.80883557,1.1579566,0.44466227,0.049020916,0.009345883,0.33889824,0.16538595,1.6889278,0.08054982,0.36793065,0.42586854,1.7804216,0.0,0.9812116,3.7652943,0.4873536,0.94455665,0.7920492,1.0515441,1.0713619,0.7007178,0.3695753,0.042499773,0.46826687,1.5841681,0.14018539,0.37750357,1.5685997,1.6039684,0.19437574,1.054572,0.41489705,0.6626509,1.1841353,0.43715736,0.82629937,0.6960417,0.35909647,0.046447754,0.09230328,1.209908,0.5527275,0.2626094,0.0329267,2.6755965,1.1677358,0.34181684,0.24618047,0.12923653,0.01945149,1.9194425,0.20271327,0.40701076,0.5886118,0.7771714,0.7361349,0.7564532,0.10505646,0.15778962,0.9889404,0.18941797,0.57011557,0.85392636,2.1129978,1.9317347,0.465652,0.70981425,0.7259946,0.09909752,0.6484921,0.092448816,0.50966334,0.016599355,0.17931387,0.17029187,0.1088757,0.51254094,1.7049751,2.173593,1.0698885,2.3343246,0.032890633,0.37698746,0.5714815,0.6160482,1.2907555,0.4993269,0.5903405,0.2554924,0.060483202,0.017523482,0.30767536,0.48412594,0.75531703,1.4646215,0.11133075,0.030508026,0.32436222,0.412979,0.7649888,1.8598951,1.2050465,0.01330542,0.47937953,0.5132895,0.7215788,0.7907763,0.5856127,0.3581814,0.29132614,1.7373333,0.6830453,2.4385502,0.6562576,0.5461414,0.23404752,0.41611814,0.010610783,1.7189195,1.6073321,0.5711985,0.05629363,0.042399246,0.17484973,0.40730157,0.39345282,0.44501883,0.034417693,1.2328825,0.8821752,0.8655099,0.18338746,0.5499888,0.8835862,0.73607874,2.6922257,0.66703016,1.2793322,1.3927125,2.9606712,0.091857575,1.4121324,0.023252951,0.2249578,1.2384298,0.25375482,0.24187146,0.841615,0.17384933,1.1642585,1.073268,0.14278679,0.6181845,0.3000495,0.93658614,4.7374887,0.38581833,0.11591867,0.2177781,0.7255312,0.21934274,0.022080962,0.7920732,2.1750782,1.3025975,0.55395544,2.722358,0.24969232,0.8735247,0.44410402,0.55234075,0.27195883,0.20704237,0.51192266,0.6590341,0.74357516,0.91048056,0.8172474,1.8317683,0.16220854,1.1533424,2.1124563,0.33178356,0.06331149,0.6329743,1.5460446,1.1295244,0.78297675,0.69582975,2.0320723,0.12423445,0.34335935,1.5234873,1.0240887,0.17148462,0.81848484,0.070083834,0.78504187,0.72885585,0.58196574,1.1324449,0.17190793,0.39265567,0.55615896,0.70633554,0.13281296,0.20548601,0.94480145,0.308544,1.0500742,0.12559174,0.27420437,0.14394592,0.7578016,0.5962477,0.021406421,0.000442129,0.62967944,1.0598241,0.049426626,0.8106415,0.88900787,1.7416443,0.45680735,0.8121295,0.3461959,1.9142975,0.5951151,0.12845404,0.22313993,1.0937788,0.036164045,0.8324974,0.21133725,0.42868978,1.8535109,1.7973471,1.8757751,1.2069894,0.2526584,1.5083044,0.83378446,0.16223867,0.8648506,0.43873614,0.5450082,0.1266179,1.0590972,0.79327315,0.829022,0.027886173,1.2231116,1.5737214,0.113871805,0.7156545,0.2666969,0.31404206,0.36926556,0.27921364,0.54068327,0.3381242,0.22085166,0.85895926,0.48335138,2.7303383,0.6827528,0.8623535,1.4752866,0.4034194,0.3437131,0.23909333,2.6398745,1.2174921,1.9492503,0.81755173,3.0691297,1.4280108,0.51008904,2.4501748,0.86606383,0.59643555,0.23303677,1.0120986,0.6266687,0.94061977,1.1619525,2.4083974,1.137017,1.3257157,0.0,1.167359,1.4495882,0.70704913,0.11619509,0.57321525,0.6119266,1.5966979,2.4920654,0.58328986,0.25211275,0.8440061,0.86431026,0.1741059,0.74583673,0.061730277,0.8192327,0.07524768,0.8614343,0.4054203,0.63477105,0.7613318,2.0237288,0.64173675,0.32513648,1.495245,0.31174502,0.17208858,0.5079435,0.59270453,0.4739806,1.1714289,0.5335124,0.19513997,1.5512809,0.06405752,0.3743459,0.20248549,0.11149305,0.30424765,2.2399979,0.65123636,0.47630176,1.4601796,0.2034792,1.8427213,0.009691491,0.36656785,0.8464221,0.9372264,0.20600675,0.9386894,0.20773531,1.1919733,0.56455165,0.06325255,0.1365642,0.3666502,0.29198846,0.01947712,0.5479906,1.0295745,2.2284179,2.5233405,0.18073536,1.2119054,1.0855913,0.21377322,0.0038809164,0.72921956,0.06442645,0.33718023,0.21411432,0.45626482,all_pothole_images\pothole_images_enhanced_5ef73c623f0156a8d889c6468016176d.jpg
1.0295787,0.632495,0.26023877,1.8220186,0.36850512,0.010381894,0.19575666,0.025610164,0.2963491,0.46845135,0.5765714,0.6454924,0.042821884,0.12629949,0.0907116,1.1469572,0.12232539,0.6078983,0.117012456,0.6374652,0.24333338,0.4831167,0.99670166,1.0937932,0.7160389,1.5168159,0.18620354,2.0538342,0.4667244,0.07664333,0.11659623,0.17824027,0.2836881,0.12556064,0.0046829293,0.3736046,0.055419113,0.55245566,0.102835715,0.043502115,0.0074486705,0.4476164,0.72394717,1.0092831,0.6223301,0.06544768,0.28406912,0.22167301,0.6410348,0.1499969,0.5511615,1.6352524,0.4874572,1.4012661,0.8373681,0.32661164,1.8129494,0.023372795,0.30719703,0.20153333,0.022336429,1.0576525,1.5670664,1.0192913,0.78405356,0.8000016,0.43718702,0.04230981,0.0012652716,0.081216075,0.18318573,0.21595891,0.20702705,0.42092502,0.503976,0.61277074,0.07400114,0.38108546,0.0,0.11242223,0.52363545,0.15701708,0.55049753,2.5244646,0.0948602,0.06892806,0.27898586,0.0077083935,1.8857372,0.22473131,0.09185225,0.15565382,0.030612083,0.0059759263,0.9426235,0.076114684,0.07896254,2.8933156,0.12546703,0.004314882,0.112488575,1.7273023,0.48244125,0.0,0.23783986,0.0013916567,0.20398028,0.60518515,0.10500776,0.25058794,0.16626671,0.8729539,0.6274028,0.036036868,0.72386336,0.09655424,0.017251937,0.00041821963,3.043551,0.41613972,0.7278058,0.044550832,0.031684477,0.8475248,1.1403348,0.93848747,1.1953934,0.047565706,0.110003896,0.0,0.08899441,0.058369514,0.014224052,0.031348895,0.012867542,0.3546166,0.0024015824,0.21678269,0.61457366,0.013046912,0.22495206,0.213933,0.04066798,0.3063352,0.29701886,0.22975308,0.0,0.022101484,0.0010192145,1.1398399,0.793353,0.43140987,0.0077705393,0.06097958,0.54193634,0.0205838,0.44871745,0.15750398,1.3577291,0.14997277,0.46731254,0.8523506,0.040678658,0.62319136,0.26156124,0.17695802,0.80151814,0.0030090492,0.49533686,1.0977182,0.2839906,0.08480264,0.22541228,0.0,0.20731616,0.036230832,0.40027624,0.1719702,0.9729631,0.0,0.017330367,0.73517543,1.1877867,0.6693708,1.3367337,0.027658109,0.2701064,0.2921595,0.41407776,0.50943696,0.23600383,0.13919944,0.0,0.8093479,0.43529874,0.019482266,0.58331466,0.6359541,0.67775136,0.30702615,0.016549274,0.072179966,0.0017077331,0.13900854,0.22140372,0.28589687,0.9065291,0.37242192,2.2285068,0.5065818,0.009200996,0.18057509,0.61672646,1.6105357,0.4992774,0.4185524,0.65799725,0.010900061,0.7765216,0.44662628,1.5403628,0.26262513,0.78752095,0.7898871,0.0,0.10023045,1.355164,0.10273899,1.7809857,0.9012735,0.33471423,0.067974046,0.2850932,0.013981183,0.5236405,0.0,0.9411224,0.120628625,0.1505939,0.021197591,0.2988128,0.40409806,0.13825844,0.107663326,0.017835274,0.0,0.4543161,0.19102523,0.9923096,3.969866,2.1206512,0.11442318,0.0,0.13769671,0.17379172,0.1350348,0.9189833,0.004416108,0.3617317,2.9031394,0.06366311,0.022016034,0.18695611,0.5098199,0.035608258,0.12234174,0.109913714,0.017300967,0.77482915,0.01774962,0.15032832,0.0028388589,0.2689689,0.0,0.40827194,1.3283219,0.23447154,0.1038801,0.15019692,0.1653531,0.25853023,0.56896704,0.57933575,0.0069446224,0.37122726,0.034211256,0.66611964,0.15933628,0.41867033,0.3814729,0.04242386,0.894691,0.4627836,0.5185806,0.041347872,2.2271483,0.31536993,0.90857726,0.2064469,2.2902393,0.24425358,0.53396285,0.1243348,0.1497413,5.017751,0.26975355,0.0034182929,0.12213284,0.11397433,0.15286784,0.120844096,0.8535281,3.7647383,1.6199636,0.30810532,0.7864981,0.09953477,0.7893242,3.5495076,0.6770562,0.06293857,0.67193377,0.17985967,0.10935682,1.0064583,0.08068558,0.54972315,0.034967527,0.84206593,0.08820901,1.8577522,0.0,0.07406473,0.5197723,0.1059612,0.079112634,2.9508903,1.8501391,0.039262485,0.21134153,0.49025714,0.24550535,1.8575562,0.028803477,0.6691687,0.21350506,0.58504444,0.2934938,0.1797121,0.05095395,0.42717835,0.42966625,0.581662,0.10304351,0.2995777,0.0067402986,0.10042246,1.2631817,0.10216587,0.4985054,0.1681104,0.7486206,0.4287463,0.9426632,0.0,0.19956,0.1575477,0.47824618,0.4040893,0.25929216,0.28913885,0.2105881,0.25289357,0.146841,0.24045207,0.2803003,0.01703259,0.011632176,0.013448439,0.22508083,0.60832226,0.0,0.045299772,0.61452025,1.7648306,0.72547585,3.1041584,0.11515584,0.4077966,0.0,0.40851632,0.5646413,0.07749423,1.0909551,0.028617961,0.1894068,0.097016335,0.10544641,0.040100638,0.22595549,0.4971058,0.4377271,0.053530253,0.24212798,0.40833727,6.6679124e-05,0.4673512,1.110041,0.4658927,0.31041804,0.49405396,0.15285319,0.21767318,1.4208081,0.026621507,0.13109696,0.39030355,0.6892194,1.4147316,0.060485445,1.8477051,0.67600006,0.5308406,0.14991075,0.98948526,0.15969925,0.48855442,0.0036143397,0.07157626,0.017465308,0.602278,0.4132913,0.02223337,1.2806293,0.32758826,1.082328,0.52381974,1.2814498,0.17645505,0.94434154,0.08107923,0.1325559,0.55988705,0.03731435,0.06964137,0.009402353,0.8781945,0.74304485,0.09219185,0.59656453,3.4731836,0.57159483,1.0421311,0.006507955,0.06379478,0.24264507,0.6026287,0.030683074,0.0,0.12457064,1.328384,0.0150432605,0.65137607,0.24079567,0.51452357,0.3711998,0.0020215486,0.05144846,0.04577496,0.9167245,0.2799697,0.8132561,0.350127,0.30161747,0.15252139,0.23927717,0.46132407,0.37183768,0.11632532,0.027119685,0.4042656,0.6497066,0.6333885,0.52001184,0.0,0.4223317,0.647458,0.016973648,0.84299904,0.0,0.018868918,1.3008726,0.06405148,0.37549645,0.050926074,0.074405976,0.3515413,0.0,0.0508023,0.0,0.87406343,4.1320996,0.32372785,0.19384567,0.2423036,0.8140051,0.0,0.25194645,0.45553094,0.5679759,0.107726164,0.009814831,all_pothole_images\pothole_images_enhanced_5f264f9892ccd4b86c27f1df0d025b2f.jpg
0.08678908,1.1716906,0.050796438,1.9322114,1.0871292,0.4180513,0.21876355,0.0,0.20164803,0.45192692,0.44661283,1.0478785,0.0,3.0750096,1.1192796,0.045533285,0.09115869,1.3689405,2.164241,0.22187176,0.6880169,1.1942968,0.0068104784,0.9881699,1.0217448,0.36947536,2.080637,2.9329715,0.73338014,0.15146172,1.0578147,0.021607734,0.6109561,0.032389067,0.1991922,1.2493702,0.33087483,2.0979095,0.0,0.21696246,0.15609118,0.0353272,0.70029914,4.5285635,0.25059614,0.040386535,0.33086872,0.18256225,0.20534344,0.6430248,0.5640461,0.57592773,0.48376086,0.033036422,0.1837163,2.3142958,2.4348087,0.78221625,0.12652081,0.09629855,0.8884825,0.5573721,0.60983276,0.39161807,0.6602291,2.6454885,0.1698105,0.0,0.02691209,0.20076022,0.0,0.41894475,0.21084674,0.083985135,0.31198537,0.33619153,0.09496603,1.6385543,0.10820682,0.5955993,0.14871886,0.034993082,0.0016388379,1.5594712,0.1436421,0.0,0.11711721,0.06391743,2.2416518,0.0011754249,0.6899241,0.024866885,0.034031115,0.0,0.018366562,0.011402434,0.05579417,1.9335903,1.8392956,0.2811379,0.36212462,3.3755407,0.029278161,0.4995493,0.5961451,0.43466592,0.3269425,0.06484975,1.0017334,0.0884233,0.0,1.5359671,0.2867999,0.12145685,0.13465375,0.6325225,1.3250442,0.867572,2.5748332,2.108771,3.956034,0.44560584,0.096240304,1.9656129,1.4896877,0.052664336,0.68440735,0.59437996,2.2012565,0.058817476,0.18444356,0.04111274,0.35452297,0.05259261,0.3100265,0.061532523,0.8661618,1.0023779,0.5380486,0.35682756,0.48372462,0.027447538,0.36771145,0.5774267,0.6360786,0.28505042,0.14465523,0.16247469,0.06857367,0.21010673,0.7224131,0.21659477,0.0,0.39878973,2.7615106,0.7922308,0.3187304,0.6221312,0.969515,0.60062283,2.2686517,0.7176025,0.5856373,3.211183,0.098972164,0.0014883556,0.38200834,0.6796964,0.7663764,2.106699,0.0099248495,0.0372484,0.13620466,0.065181874,0.1758955,0.40228695,0.5041101,0.0,0.15923436,0.18398936,0.0,3.9267285,2.0682106,1.6363597,0.43939173,2.290064,0.13953409,0.815709,0.017624797,0.1600386,0.035032365,0.2675452,0.2673413,1.3105732,0.046129517,0.48305842,0.46228525,0.13363144,0.026147725,0.80304974,0.5766782,0.034488138,0.3229716,0.6261689,0.5588642,0.0697642,1.5064546,0.79269797,0.39485618,0.5188172,0.0036789482,0.0,1.1396571,0.83877057,3.0789533,2.5353239,0.50065666,0.083429314,0.2682442,0.61043537,0.31456095,0.0964506,0.71771264,0.019457936,0.029145371,0.17912997,1.5194058,0.42279935,0.040303435,0.56141615,0.43600354,0.00016936935,0.29273105,0.1350567,0.9465768,0.319107,2.076699,0.24039309,0.1662094,0.37890434,0.11877753,0.09473257,0.8882776,0.24505934,0.5595442,0.0,0.44789538,0.008611312,0.5316343,2.426204,3.6918402,0.1228611,0.12326356,0.8976497,1.1925958,0.19621629,0.6144839,1.1589642,0.39854044,1.2845371,1.4996004,0.09116352,0.46712548,0.12614098,0.60862243,0.38649672,1.1986656,0.6258848,0.4972074,0.15004002,0.1611892,0.0797167,1.1900775,0.010067135,1.6955272,0.17271309,0.0,0.7690909,0.51943594,0.79682827,1.1416416,0.007536609,1.3426285,0.16501926,0.3207678,1.914742,0.753713,0.47673398,1.1544641,0.022640685,0.005217767,0.066752374,0.08190977,1.3215725,0.1175247,1.1573757,0.0019655414,0.25465164,0.20619503,2.4931252,1.6583921,0.5858654,0.13680616,0.55980146,5.601833,0.07466482,0.12725481,0.06794026,0.3102321,0.44129544,0.3345491,2.1605103,0.6301969,1.9202766,0.4026563,0.75293833,0.011699813,1.8710037,2.5989785,0.90819025,0.19820203,0.0,0.5766116,1.7888252,0.64484566,0.98657393,1.0946927,0.030345727,0.60113955,0.19561864,1.7020293,0.1937631,0.1738006,0.3584952,0.32785672,0.18740396,0.87974757,2.3745935,1.4262645,0.07218983,0.16579786,1.0125747,1.1885875,0.62973833,1.6737976,0.22407177,0.16233042,0.38963994,0.54911834,0.017495751,0.86738586,0.1723745,0.29964858,1.0753534,0.13630207,0.046746496,0.08329207,0.60075164,1.0479008,0.3085032,0.022039015,0.42896938,0.53447527,0.42858583,0.20354013,0.14953154,0.92671967,0.5501084,0.343692,0.6239088,1.2585248,0.03322864,0.6880974,0.0,0.58007884,0.060681254,1.1751281,0.0,1.9234776,0.20292042,0.54477113,0.30174127,0.004950137,0.54783946,2.4606173,1.0580873,0.12879615,0.065289296,0.0,1.1025355,0.88401294,0.027306685,0.66199183,0.017740823,0.17344706,0.18910335,2.9782615,0.53156257,0.00987755,0.06889263,1.2313125,0.6601126,0.45398295,1.7936947,0.069756456,0.82818717,0.19765347,0.6277877,1.2871609,0.08835789,0.5280057,0.25819695,0.005375901,1.1807804,0.19897926,0.96610165,0.14521053,1.0222299,0.23862515,0.002945798,3.577144,0.041659124,0.43046317,3.2553492,2.9914017,0.7818192,1.9091393,1.0616522,0.21193807,0.2890706,0.65511054,0.12786402,0.21049581,0.42039794,0.7967809,3.5295904,0.6994929,0.0072904737,0.05957502,0.16679992,0.8837205,0.0,0.02046355,0.87846935,0.33939072,0.002378742,0.59955686,1.063107,0.08067042,1.3734746,2.5710802,0.04812489,0.0034229779,0.71568257,0.16032413,0.6704634,0.32459798,0.25992778,0.041439604,0.8054554,1.8075559,0.41850147,1.1601707,0.02667644,0.26842958,0.030974925,0.0,0.24386051,0.77323586,1.9672328,1.0717568,0.56378233,0.5096777,0.95823365,1.7512239,0.3705113,0.011111195,2.977801,0.4055457,0.0,0.44350255,3.6715224,0.705143,0.46257043,0.19522521,0.0,0.15372622,0.12260758,2.5122883,0.02572848,0.031271186,0.4900312,0.43453223,0.0,0.04183318,0.16366336,0.0,0.23282528,0.23249915,0.28007525,0.34182954,2.7886977,1.0859479,0.14169404,0.6733188,2.606215,0.33683395,0.46512467,0.02007789,0.22950771,0.016846547,0.06057522,all_pothole_images\pothole_images_enhanced_5f96662932acd3e67648fd4ca834ea5e.jpg
0.87783265,3.0854578,1.2159753,0.99335533,0.51716363,0.9410416,0.21201271,0.38944602,0.6428554,0.39627826,0.32375222,0.34953997,0.38775718,0.29720977,0.06270468,0.6572716,0.18929835,0.18332045,0.0842284,0.12327369,0.1635434,1.9143094,0.2949748,1.6970303,0.3017506,0.8615552,0.21492217,2.09042,0.29125568,0.93842524,0.56908196,0.27143148,0.7270115,0.110402375,0.3687877,1.2188283,0.45569134,0.58646244,0.6005775,0.21400881,0.22109073,0.46688944,0.24245806,0.6247608,1.7859077,0.48849902,0.20626388,0.17971422,0.7838741,1.5016792,0.074119225,0.19556038,0.2032612,0.10311659,0.17444953,0.8687636,3.293213,0.03996211,1.6586716,0.8380192,0.33758512,0.015720416,1.03546,0.9612931,0.123366535,0.5861395,0.18291296,0.14044242,1.0466552,0.7962574,0.3883666,1.0711446,0.4456344,0.26985982,1.4144704,0.6497518,0.5020571,0.41066575,0.54665196,0.7993308,0.80278945,0.06810068,0.029284766,2.053608,0.57346654,0.056230437,0.7537071,0.29181847,4.5663147,0.4530721,0.1411109,0.43061656,0.26879564,0.5697927,0.2047678,0.009746136,0.16658981,1.1677504,0.3882805,0.6708521,0.008976308,1.635634,0.19776218,0.73003364,0.25350282,0.22828498,0.26733282,0.9295718,0.26511922,0.5243975,1.0545182,0.51198953,0.19886032,0.6096085,0.73340124,1.1964551,1.2539341,0.41563842,0.9672171,0.4251596,0.9454938,0.41451457,1.0926515,0.740296,0.00017927664,1.1258837,0.09644364,0.656645,1.2830604,0.23537858,0.34317112,0.23359105,0.3928233,0.051373918,0.15107983,0.04635269,0.10566028,0.6549273,1.877474,0.30791894,0.34483278,0.5524087,0.15042974,0.78225005,0.28107435,0.98151183,0.2699644,0.13559438,0.43639633,1.7327236,0.4025861,0.6857201,0.062396374,0.12772182,1.3433253,0.4504621,0.23446515,0.6751399,1.2795631,0.38050884,0.6905726,0.46794555,0.27543396,2.8667974,0.106805265,0.31600067,0.9673828,0.2987409,1.0896122,0.0,0.8671405,0.3404906,0.6447616,0.33512753,1.2883173,0.0075743673,1.3601813,0.026812825,0.1434061,0.35187918,0.020494258,1.8009746,3.4401505,0.9102814,2.4969652,0.33993936,0.90019774,0.23614968,0.6984925,0.9863916,0.6123683,0.7669271,0.26159704,2.115242,0.15735392,0.15444711,0.08538266,0.1041611,0.0060280063,0.569295,0.11327181,0.5342692,0.20436606,0.3839619,1.6540462,1.4572772,0.057280052,0.4182483,0.6031377,0.014374837,0.6946821,0.44231176,0.9775976,0.58568275,1.1216402,0.78720635,0.48080787,0.046781037,1.8170822,0.1791818,1.179558,0.1864052,0.017373465,1.5021594,0.0,0.26357922,1.2617154,0.14995442,0.91571414,0.22101651,0.5200596,0.4679278,0.1201238,0.04982232,0.57292616,0.25167128,2.4366822,0.20267835,0.056051992,0.03811847,0.7735229,0.020127494,0.6043725,0.011901637,0.18624356,0.13187641,0.9000811,0.083877794,0.5561176,2.8700972,0.39566118,0.014505239,0.28053883,0.34975922,0.10515855,0.12169477,1.4049053,0.47547,1.2022145,1.1989832,0.020476533,0.50815684,0.49507153,0.11853699,0.57424015,0.76103747,0.0,0.2868237,0.10110392,1.2323717,0.8439632,0.025574917,0.063804515,0.730315,0.5432932,1.5122626,0.37207544,0.7770458,0.22817588,0.7011404,0.13464688,0.039732624,0.04572607,0.7236309,0.55472624,0.21304055,0.2221318,0.66891366,0.9901059,0.63758403,0.13219522,0.31343812,0.004725034,1.5937164,0.91429985,0.3111155,0.4086661,0.47975415,0.7526848,1.0906392,0.0698058,0.7997603,0.043664917,0.73078316,6.2362447,0.54533565,8.039389e-05,1.7371175,0.39267313,0.47194308,0.2203986,0.67019755,3.976032,0.68217576,0.045039847,0.36365983,0.77575314,0.69276154,1.0566595,0.38613412,0.0893919,0.97722554,0.020846672,0.2631377,0.6977888,1.2020181,1.7805538,0.52348423,1.0307184,1.4665595,2.6135845,0.48216096,0.22239992,0.746291,0.12955868,0.021956118,0.46045536,0.27682647,0.45537254,0.4691352,0.86415595,0.24476545,0.52383155,0.1014321,1.5478725,0.2254763,0.087170474,0.0,0.8870764,0.5383573,0.005612811,0.4110357,0.10526999,0.5051412,0.3037246,0.16882314,1.0304399,0.386147,0.66672724,0.4631715,0.15693934,0.12431642,0.3154129,0.65848905,0.081157185,0.5247946,0.86385626,1.1422611,0.12766322,0.1093036,0.710817,0.7291934,0.67695385,0.18871129,1.1477463,1.4968022,0.2034317,0.0852416,0.17591695,0.16559184,0.005446484,0.22030583,0.34620818,0.8201493,3.6561391,0.5406393,1.6873122,0.13299981,0.23360229,1.2161194,1.1147738,1.1137382,0.38787782,0.0968095,0.17074053,0.9644277,0.8806374,0.7626602,0.055422727,0.13731778,1.742,1.6857153,0.522815,0.9430777,0.026967019,0.0,0.20019613,0.8628485,0.113641694,0.90775937,0.31534553,1.0751516,0.7407169,0.20124416,0.0,0.512942,0.21039377,0.4839725,0.024666714,0.028463742,0.71052843,0.9087197,0.8480246,2.7327273,1.4833127,0.7582043,0.52219653,0.93699473,0.20657365,0.30781808,1.2775656,0.11883179,0.4537414,0.48564264,0.7514845,4.531644,0.86324465,0.5706733,0.040721968,0.5314103,0.29964632,0.38801998,0.0963027,0.34804145,0.010613064,0.3050447,1.1724827,0.78165436,0.8244734,0.22157182,1.0886587,0.88644475,1.1213043,0.49459043,0.35688415,0.6296657,1.8822949,0.2796363,0.0,1.2206517,1.8130893,0.0058565517,0.84621316,0.88722765,0.85994095,1.1923299,0.2879677,0.031670287,0.6753462,1.0836945,1.9727076,0.616011,0.5373652,0.35946617,0.2563938,0.4068577,0.07092083,0.6530345,0.45192528,0.31133276,1.3974401,3.6403818,0.31757268,0.34997508,0.0025828772,0.028811472,1.2365577,0.4840556,0.105018556,0.070175745,0.58826077,1.0945575,0.3692874,0.190583,0.1835521,0.118005544,0.16173199,0.13995756,0.055461936,0.05508191,0.03366513,3.1820312,0.06523495,0.79900384,0.23977949,0.28804505,0.13889395,0.59727436,0.45117965,0.13591963,1.0471293,0.6141633,all_pothole_images\pothole_images_enhanced_5fe6250db9d329c352f2509c845533cb.jpg
1.0893112,1.6123297,0.4249358,1.5789169,0.87129366,0.42150098,0.4754152,0.035141554,0.036187693,0.42343625,0.3311962,0.041101504,0.5474642,1.5285856,0.2746993,0.01919547,0.21950029,2.0150964,0.3628416,0.6157033,0.072822414,1.3471702,2.095747,3.1340752,0.40298456,0.3273326,0.58125514,1.4203087,0.13540225,0.98546463,1.579184,0.07956362,0.91761804,0.4319117,0.9056379,0.10378191,0.89421827,1.4896108,0.15028541,0.10334022,0.016603496,0.3263036,0.6112099,0.43551284,0.4014982,0.627349,0.05023179,0.023794534,0.2148629,0.046295278,0.7091988,0.40697977,0.11199275,0.0487523,0.010801818,1.1838206,1.3661768,0.31115326,0.45247152,0.11525582,0.21798325,0.5315599,1.7746158,0.39816353,0.78116477,0.931545,0.0025957804,0.08679305,0.06208478,0.49311048,0.08728967,0.62725,0.6246235,0.33615097,0.24914719,0.6837302,0.3857704,0.5062395,0.0727189,0.2682603,0.33347917,0.3850335,0.36820024,0.6104181,0.7122407,1.0319011,0.06488493,0.2849688,2.003588,0.0,0.23243263,0.22568686,0.5653284,0.79807204,0.19417264,0.04057583,1.2679008,0.17502996,0.54200286,0.82772326,0.12573649,2.8221648,0.46752852,0.50532115,1.0168538,0.74852175,0.5315322,0.38045043,0.09893126,1.2261533,0.04700725,0.47512564,2.3059142,0.8100986,0.10530423,1.7551025,2.143763,0.24667583,1.3551763,0.4189427,0.37566242,0.6675523,1.1579901,0.59631354,0.4909203,0.42040518,0.6959133,0.14029217,0.6140092,1.2623674,1.9096916,0.88382554,0.62464726,0.43746135,0.48643538,2.6059558,0.71002245,0.27990687,1.1527761,0.11456809,1.8995078,0.005759869,0.3455335,3.0879078,1.2160876,0.9847365,0.0,1.052957,0.4942682,0.4782376,0.34112033,0.09194986,0.32572225,0.071116805,1.249463,0.5966635,0.3600604,0.36799952,0.2476761,0.35219198,3.3926952,1.1497506,0.033920415,0.634636,0.69773173,0.022371868,2.1686177,1.1767982,0.49350718,0.7735313,0.60203123,0.42817,0.05169598,0.5833792,0.6452942,0.60977715,1.9155085,0.2162435,0.25660816,0.39968708,0.14645503,1.3952807,1.2301505,0.10456436,1.1687927,0.05129454,0.37846538,0.7388078,0.123171784,0.11443718,1.5486796,0.42855445,0.5097483,1.0933727,0.056633938,0.2006374,0.64411896,0.19239943,0.49277273,0.87413174,0.0576236,0.83870304,0.7213502,0.49191177,0.1294841,1.1369948,0.3603156,0.6842507,0.4203143,0.63259876,0.38948646,0.3645829,0.5000658,0.6464134,0.7533837,0.0076415977,1.1584344,0.2723621,0.24185565,0.27093884,0.8245413,0.12821971,0.49404186,0.10674174,0.006737487,0.34646964,1.0619419,0.22684784,0.6581167,0.04625462,0.286969,0.8189515,0.78154385,0.18261181,1.5447406,0.16672656,1.1981275,0.86642635,0.6237566,0.18572025,0.07131379,0.15852283,0.74644375,0.1696681,0.1797361,0.0059322715,0.66078854,0.34120867,0.6802972,2.4950414,0.6696908,0.00082300755,0.6743094,0.5646836,0.040746197,0.79297817,0.11153026,0.8671191,0.265926,2.5100346,1.0780343,1.9674491,0.12905918,0.2100157,0.10932805,0.21005894,0.05902637,0.12345312,1.7878797,1.8507565,0.047735307,0.2129499,0.3870794,0.6111107,0.017644228,0.2365491,0.24570714,0.7964219,1.0884533,1.107449,0.6525647,0.15247436,0.18547767,0.18460694,0.7542171,0.1030097,0.008553735,0.8163114,1.5206844,0.25090235,0.5062611,0.6090098,0.12222848,1.0377532,0.4450288,0.19643539,0.7392091,0.6984607,0.15796755,0.36223236,0.2274635,0.06286289,0.0,0.16861261,3.706299,0.3533403,0.03965868,0.023460237,0.5329057,0.45270622,0.7092316,1.3160874,1.2406614,0.3331145,0.24615951,0.66685855,0.012497324,0.95420164,2.0780895,0.6030857,0.20331529,0.1039007,0.32991657,0.47953293,0.062424965,0.46355915,0.57168233,0.4929053,0.27786312,1.2392524,2.9300416,0.20387599,0.25098416,0.66936564,0.373847,0.8498521,1.901994,0.7462482,0.086920165,0.047656734,0.50894266,0.91333544,0.8113254,0.028407633,0.06931827,0.26574823,0.523456,0.019271392,0.55226445,0.34770942,0.008861666,0.32366315,0.07994697,0.1902446,0.6101184,0.01817959,0.692941,0.80038464,0.035419703,0.026664643,0.3809456,0.27462938,0.2997714,0.43286172,0.08611921,0.03616601,0.28515872,0.96126693,1.0832893,1.0471697,0.92493606,1.0220013,0.9365848,0.110907905,1.6818767,1.6067749,0.21687554,0.9572175,0.58118844,0.36119843,0.65058315,0.1401553,0.17357649,0.4938089,2.721918,0.3511725,1.3048819,0.8055766,0.048380923,0.26027316,0.77296257,0.6730669,0.0404896,0.093903825,0.2951166,0.13270634,0.04546838,0.47951853,0.8718257,0.2841329,0.92408454,1.3347074,0.14156389,1.1080967,0.41887248,0.075854935,0.4738926,0.22062823,1.4640698,0.24417412,0.023170693,0.45822886,0.0785455,0.020090638,0.09721969,0.85543555,0.22745977,1.0053579,0.3581873,0.0,0.6449891,0.58345854,0.8474917,1.2196938,1.0969975,1.6565711,0.21564448,2.9015718,1.0960853,0.5889114,0.15162034,0.4937059,0.018745318,0.16775629,0.27180824,2.1664095,0.013634252,1.4634039,0.8392133,0.12770893,1.3423386,0.6743477,0.49531445,0.081040934,0.0986024,0.3645203,2.1323898,0.4761367,0.17933677,0.37770298,1.1990876,0.6601388,0.023599094,0.23742843,0.5891353,0.5508119,0.71188784,0.12132619,0.09866029,0.17135991,1.310898,0.7807961,1.9237409,0.11927174,1.1107897,0.1836667,0.020934792,0.1890764,0.6962352,0.9578926,0.6743086,1.0334754,1.0283134,0.7318787,0.2739647,0.22744556,0.28414282,0.13444652,0.95268714,0.6805537,0.3004803,1.2456071,0.625158,0.79156214,0.07745552,0.449843,0.76862186,0.23686315,0.6918198,0.15445672,0.3540573,1.1028658,0.49736306,0.05521231,0.098985486,0.12235022,0.31665307,0.075259484,0.1507882,0.14715865,1.7477928,2.2620049,0.21611871,0.6766047,0.044478863,0.25937766,0.90449387,0.8994413,0.1415073,1.101382,0.05726211,0.16682501,all_pothole_images\pothole_images_enhanced_60087f4a0b4dba44e06bcb67bdbf6c40.jpg
0.07093552,0.96872437,0.51687276,1.9870169,0.7426972,0.040589415,0.29366842,0.3260433,0.5521354,0.128507,0.28215334,0.20863089,0.030024698,1.3562893,0.010372495,0.12652577,0.039976984,1.677176,0.70796555,0.20322856,0.032026645,0.29348692,0.16306041,0.3626259,0.38432455,1.1355891,0.5206041,1.4611888,0.0,0.14412664,0.0630668,0.5982015,0.171694,0.23481528,0.010954261,1.4092017,0.25576225,0.12593982,0.28600633,0.41336447,0.096385606,0.13389096,0.061522152,2.0817275,0.71136326,0.21970794,0.23919354,0.0900745,1.7366127,1.1382408,0.31278273,0.14652993,0.23828211,0.11140481,0.1017189,0.54397315,2.2116232,0.26285264,2.2675548,0.21665668,0.15929596,0.14607179,0.45832965,0.12194252,0.3500704,0.83179224,0.1532496,0.9980518,0.034821745,0.584828,0.049267214,0.20872831,0.18460102,0.08743066,0.354494,0.26737905,0.24711037,0.13829759,0.008265384,0.32146543,0.0950581,0.20414896,1.9843508,1.0752761,0.08438625,0.31630948,0.71915084,0.006385518,0.69535357,0.105103575,0.15232575,0.80369264,0.28589314,0.0068285647,0.08295518,0.58356565,0.4239759,1.1593695,0.19772206,0.037274856,0.13066582,1.0856322,1.3306586,0.05002412,1.0134614,0.09328134,0.014251662,0.48515022,0.103155404,0.5985119,0.024413,1.3740524,0.25766543,0.11041257,1.3813052,0.01402439,0.747314,0.08099044,0.99603844,0.22792615,1.0186144,0.22484705,0.07961181,1.1740389,0.302631,1.0143927,0.4363234,0.09455872,1.6607401,0.0,0.06835984,0.09743601,0.17160773,0.22103456,0.10109917,0.24130712,0.019290294,0.13243791,0.19909494,0.58334625,0.2869902,0.021366468,1.0717968,0.32529354,0.19482735,0.123127796,0.011330105,0.4890646,0.8769491,0.13096702,0.92872244,0.05851139,0.056038506,0.1253472,2.1903481,0.10424304,0.37631786,0.07079023,0.124050096,0.32545283,0.53436434,1.566709,0.013866235,1.3964673,0.29506662,0.0028213148,2.111822,0.16696595,0.54603064,1.5254934,0.0864724,0.31915942,0.1440761,0.22361922,0.339844,0.16743217,0.20198621,0.01315368,1.6714841,0.003971789,0.0,1.684507,2.5219343,0.20116903,0.6965923,1.031424,0.7960994,0.12957455,0.2072574,1.590169,0.0216016,0.047394294,0.16253822,0.8077701,0.4980552,0.00694656,2.0603895,0.51327777,0.08558491,0.046372164,0.034709755,1.5427316,0.072275095,0.08356892,0.460974,0.19279093,0.31432974,0.5051869,1.1117417,0.0,0.078022316,0.104120776,0.5388229,0.18110123,1.242177,1.7952678,0.78969926,0.16231766,0.34061578,0.7204543,0.52438074,0.2794253,0.18800172,1.339047,0.04481995,0.18748604,0.44264627,0.99176306,1.5751914,0.92299205,0.038629685,0.043215357,0.3957886,0.0,0.89188755,0.025547499,2.3247144,0.18211994,0.099280566,0.07843475,0.027110834,0.43269444,0.16668315,0.16492917,0.14305896,0.13777179,2.0251596,0.24048597,0.9135029,5.0756927,0.5969692,0.10613259,0.12124756,0.023138674,0.31087276,2.1277637,0.7310507,0.13378562,0.09242369,0.63784534,0.0,0.057010826,0.14650628,1.26926,0.22591472,0.5781381,0.6193218,0.5768582,2.0437167,0.0024847004,0.18877171,0.0,0.34949255,0.5389751,1.0002553,1.188976,0.0039303997,0.47468045,0.17813106,0.12714979,2.2696247,0.9000917,0.71810836,0.06731393,0.13548896,0.1107489,0.4204469,0.0029638617,2.1723855,0.21912721,0.2979893,0.44491667,0.2875815,0.46276543,0.0382364,0.027121237,0.021158392,0.93292195,0.49249426,1.2971424,0.09506777,0.3991838,0.23758958,0.29299578,7.790961,0.68679434,0.043839883,0.20765355,0.3199882,0.7818372,0.07763735,1.0881027,2.046036,1.2507026,0.46141556,0.9637564,0.2528997,0.37443608,4.4022326,0.30573672,0.080234304,0.14461698,0.030212343,0.11018736,0.50992095,0.6112671,1.5938858,0.0,0.0947953,0.03729009,2.6816204,0.07627179,0.31649253,0.08583762,0.0034727945,0.15639807,1.633178,0.06900628,0.056770887,0.47494867,0.33838537,0.69320613,0.27487484,0.6549508,1.0947262,0.3196667,0.034217443,0.008970262,0.37808976,0.23848638,0.7578077,0.25022772,0.44903493,0.23253931,0.04971856,0.17731152,0.19846764,0.85600084,0.6111612,0.19563322,0.26849884,0.78521794,1.4082748,0.12141232,0.27528605,0.2846304,1.0983304,0.061556727,0.120701775,0.20632705,0.3202755,0.10968723,0.68191886,0.29036513,0.77172965,0.6644939,0.69485664,0.13790053,0.028794792,0.010622141,1.0900853,0.028389068,0.39282793,0.46746054,1.9664298,0.17231096,1.0032327,0.0,0.0067320988,0.028346715,0.91522527,0.9802565,1.7647122,0.30547982,0.041891214,0.07506766,0.45098993,0.7280935,0.18367255,0.36952978,0.39676553,0.46043923,0.14042798,0.96074325,0.274735,0.038064502,0.27824655,2.1921947,0.06373629,0.08004857,0.31494266,1.7047135,0.2657983,0.016485132,0.40544415,0.08877788,1.0049055,0.09946247,0.78516245,0.0026118576,1.4948599,0.29010773,1.4472351,2.915567,1.4790924,0.1708315,1.476109,0.07125398,0.029175738,0.20794259,0.28430367,0.5249512,0.06264324,0.27495685,0.6620119,2.5064828,0.18346125,0.016330063,0.26468435,0.77133054,0.0,0.6564827,0.29458812,0.03851386,0.21110748,0.032851905,0.2868149,0.12217801,0.2865078,0.86135584,4.0785713,0.084820144,0.0810574,0.11185352,0.26289886,0.9126244,0.43078625,0.54532087,0.106700875,1.1505911,2.4374657,0.0,1.3121574,0.07602106,0.11046316,0.4542997,0.03051116,0.2820936,0.27655423,0.74851096,0.69336957,1.6859454,0.28137106,0.08000471,0.18757495,1.2206883,0.36726907,0.5418375,0.21785331,0.0064635472,0.24179396,1.1407505,0.6424978,0.21122935,0.033144604,0.12312907,1.2386211,0.54130685,0.8354684,0.32545197,0.27153844,1.5686309,0.7843307,0.24653527,0.017978398,0.0,0.06443791,0.088436544,0.19263321,0.89132845,0.4205356,3.2491448,0.57895416,0.7033531,0.41433313,1.168013,0.4806187,0.4845649,0.08909091,0.001193434,0.7306114,0.30296978,all_pothole_images\pothole_images_enhanced_6034e3eba7e060ead9350becc10df25f.jpg
0.04214508,1.5158396,0.1960464,3.197564,1.9679796,0.006406526,1.5607244,0.16101132,0.5764229,2.0226676,0.0016401878,0.19214089,0.12495726,1.0332997,0.11920486,0.2856005,0.45597458,0.5407901,0.935712,0.5490819,0.9126282,1.4228759,0.035835143,1.3411692,1.4027025,0.07272223,0.07771683,1.6225598,0.09620517,0.8373075,0.7288509,0.013909734,1.143736,0.45869753,0.30979717,1.1746817,0.0694729,0.8123004,0.014172028,0.85437864,0.2024984,0.27367797,0.048738137,0.67226624,1.5939857,0.07453764,0.48257026,0.0022973143,1.4911969,1.3824335,0.038097084,0.265188,0.7314014,0.13392842,0.17164844,0.74498326,3.2969532,0.22465885,0.626335,0.9345482,0.35317937,0.13197416,0.48450062,0.54931307,0.15275766,4.080032,0.7121628,0.2854818,0.48322898,0.4607245,0.29492274,0.17787659,0.12117689,0.044815667,1.306513,0.5092946,0.10303164,0.8828784,0.0021659068,0.10670437,0.0,0.79808074,0.5197421,1.9382584,0.5967561,0.13832895,0.026971122,0.19675523,3.3326285,0.0694481,0.07233529,0.97749686,0.28843358,0.019041566,0.4760584,0.12606534,0.910332,0.68248224,0.33495843,0.32297614,0.08163837,3.8322628,1.5876642,0.0,1.2420284,0.00076353457,0.3091259,0.022331102,0.07833614,0.35248122,0.5311063,3.3691518,0.4991497,0.032051597,0.6745772,1.1865143,0.6874243,0.4631434,3.8875034,0.53512126,1.279913,1.0417181,0.36721647,1.5811661,1.3950052,0.48905873,0.6692755,1.4600965,0.7632188,0.61268204,0.5896303,0.017409757,0.33228916,0.20201644,1.7198305,1.0599132,0.037100505,0.6468128,1.4057409,0.031569645,0.9584743,3.608814,0.38930073,0.30595487,0.45009404,0.53292364,0.0752892,0.18029267,0.9129087,0.0997112,0.32740518,0.14368454,0.13185762,0.04517622,2.1907835,0.20825653,0.49333054,0.01358816,0.3351083,0.55671555,2.3235433,2.1601799,0.24483302,0.9980151,0.94104904,0.31381837,1.2155005,0.22858024,1.5201805,1.2480948,0.33988196,0.0,0.015830602,0.50268435,0.28782073,0.010436886,0.6448914,0.11366569,0.35426897,0.10183239,0.01389929,1.4199601,2.719058,2.358141,3.163838,1.369961,1.13672,0.1562551,0.57271427,2.1581542,0.6930992,2.0980008,0.023424827,3.0212092,0.12958741,0.15206362,2.0394323,2.2257643,0.04839955,0.92362225,0.068965055,0.08590899,0.31711617,1.0147017,0.2487273,0.09971854,0.62485677,0.038251564,1.698043,0.6958964,0.0038545728,0.021699432,1.0546641,0.96610975,3.0154798,2.5644836,0.114557326,0.3469666,1.8797085,0.58744824,0.31679675,0.3339143,0.19398041,0.75866586,0.0053450223,0.16338585,1.3336425,0.04210483,0.7767256,0.42318377,0.26141712,0.000116313175,1.6677152,0.10352221,0.84750724,0.14858146,0.89464986,0.0,0.06459682,0.31096452,0.7325714,0.41340572,0.68708295,0.5114873,0.0020163967,0.01741426,2.4660482,0.6895973,0.4650218,6.326135,2.4936247,0.77586365,0.8705357,0.39886275,0.30602416,0.32180518,1.7179201,0.18467034,0.69865406,2.9481936,0.018524904,0.43771213,0.31277737,0.5968296,0.17985778,1.1452123,0.31465665,0.13076298,1.7674987,0.153161,0.38564035,0.0038973668,0.46309566,0.09264173,0.62007594,1.1904742,0.059243545,0.46187595,0.34636223,0.6110812,0.11335285,0.27833357,0.0,0.033133943,0.8490585,1.9591743,0.56009704,0.98803204,2.5583282,0.31916785,0.12448006,0.46406975,0.46215,1.8713862,0.057190735,0.19214095,0.018619206,1.5600858,0.14533208,1.5785911,0.20440587,0.54939735,0.054010224,0.011755416,5.146155,0.04939509,0.3982585,0.4262102,1.0190175,0.6868691,0.15633115,1.2838362,4.1438766,2.727336,0.069553725,1.2281814,0.022172937,0.32506046,3.8854558,0.32168198,0.15272062,0.05127639,0.016946884,1.0162277,1.7398214,0.4651052,0.13847388,0.010427308,0.2652302,0.1772465,4.434827,0.08419496,0.2110628,0.031990286,0.037679072,0.14607868,2.268751,0.0025036805,0.51280403,0.5739027,0.6925786,1.3064008,2.9600987,0.5993507,2.5772321,0.07922442,0.12037577,0.08782579,0.57846385,0.25429362,0.47810537,0.5732671,0.13826296,0.5317466,0.026945118,0.15485404,0.0,1.0775279,2.1121824,1.520985,0.05981385,0.0023264613,0.9861009,0.10568725,0.002075715,0.52809334,1.2649726,0.8805672,0.054362427,2.171589,0.8690988,0.00029532597,1.0289471,0.2672764,0.4496882,0.9088547,0.36364982,0.02799654,0.38602313,1.2148167,0.53085566,0.07426181,0.35235658,1.280605,3.5445032,1.3904871,1.8095589,0.2778648,0.007956956,0.9048773,0.69987625,2.2479055,0.25867414,0.6806849,0.014858043,0.008213566,1.0812261,0.5309129,0.5749093,0.019392874,0.28814214,0.37717873,0.070062876,0.31495422,0.009844803,0.7050097,0.5119049,0.6767701,0.06457743,0.04286113,0.18061015,0.69273,0.010846729,0.9648394,0.16753149,0.083014615,2.5071893,0.17726532,0.90749687,0.0778669,1.8521919,1.3971756,0.95671654,2.39155,2.752397,1.0251073,1.509429,0.5139741,0.01895738,1.7546352,0.40248585,0.15693289,0.11052233,0.08201227,0.49587038,2.7450032,1.1090288,0.7906987,0.966229,1.3698171,0.016677367,1.2474433,0.2650317,0.018332696,0.01951082,0.087136455,0.60689455,0.1942763,0.102501564,1.1027623,1.5687771,0.48778114,0.19067352,0.22389777,2.6857085,1.7494217,0.67359143,0.3705755,0.50412226,1.6738683,1.1268935,0.13498761,0.23348217,0.4766416,0.5846587,0.18311946,0.15359722,0.0,0.9639778,2.4925418,0.3899431,1.3229324,0.057094835,0.21718909,1.0942979,0.61312747,0.25841832,1.5547887,0.70959204,0.0050085206,1.4013753,2.1292489,1.5843371,0.37797114,0.0,0.2542781,1.9123194,0.10533075,0.6859526,0.012756481,0.011574042,3.1294093,0.16343069,0.06906029,0.05624625,0.023775484,0.9180308,0.5039659,0.0010732518,0.073838934,0.4134729,5.107592,1.6745102,0.25700963,0.7409104,1.7449005,0.056369945,0.59966666,0.777678,0.42078188,0.8240317,0.14701302,all_pothole_images\pothole_images_enhanced_6073a083f77bd43c60ec33e8d965e331.jpg
2.3078609,0.5500177,1.4893824,0.5450678,0.38298458,0.35110658,1.0837706,0.5285927,3.3480458,1.0558339,0.02242187,1.0511079,0.29409546,0.35554886,0.6831729,0.93154657,0.099390395,0.07869427,0.97572386,0.41621614,0.4270783,0.052099578,0.17039502,1.1024103,0.9933389,0.5500232,1.0369498,1.2440293,0.21618919,0.15224214,0.29869822,0.6997369,0.81112427,1.4021288,0.11280678,1.3342794,0.33789968,1.5534742,0.7293945,1.9105463,0.84518164,1.1968019,1.33281,0.8971149,0.09121104,1.6210523,1.5590926,0.20351928,1.0124581,2.0267425,0.51356745,0.6109058,0.6966487,0.13522258,1.0579921,0.031614937,2.494852,0.7735803,0.12131646,1.1448656,0.20242557,0.3129258,0.8064309,0.7207914,1.3278381,0.35392866,0.09179123,0.43463174,0.23730426,0.05282959,0.7276689,0.71288717,0.59071296,0.99033946,0.9208529,0.40950814,2.7137158,1.14578,0.10089296,0.12825333,0.22882515,2.5188022,0.6618655,1.3522656,0.5199027,2.3913023,0.5159763,0.57649463,1.3719691,0.007521934,0.02203626,0.85442007,0.14993763,0.04899558,0.056460653,0.9119339,2.660591,1.8145205,0.34182045,0.5578348,0.02751766,0.22903198,0.64022714,1.0447886,1.2542309,0.5709013,0.0284276,1.9926215,0.3143194,1.6697886,0.11977117,4.01341,0.08797577,0.8681665,0.4695669,0.88862413,2.939156,0.30099195,0.42413655,0.48323408,1.178498,1.5189931,0.46070963,1.6924807,0.43468666,0.026661308,0.6265444,1.5459244,1.1874096,0.007214908,0.16207138,1.3205304,0.47272697,2.5669935,0.4328046,2.2136648,0.20084025,0.41835448,0.10457637,0.90610766,0.18515463,0.63674533,1.2124543,0.9793379,0.54453653,0.14537469,0.03695274,1.5292553,0.4913665,0.35129437,0.3636143,0.10009832,0.8131752,0.9168877,1.7789125,0.337652,0.28157583,0.12864347,0.26161522,1.4397767,0.77127504,0.13779166,0.09968735,0.79909015,0.4041614,0.09409272,0.7542829,0.18848497,0.038149007,2.2386978,0.09163819,1.4816197,0.38485762,0.3656707,0.3903552,0.7426339,0.94320184,0.12907599,0.55932015,0.26660338,0.072330505,0.1193741,1.4445299,2.4800255,1.8681991,0.501003,1.3823981,0.58552915,3.4182568,1.8001413,0.9654237,0.073566675,0.6911429,2.673392,2.9154327,0.7531249,0.70865864,1.904506,1.2818742,0.17780226,0.5802519,2.2256465,0.17225628,6.356318e-05,0.7247998,0.30638653,2.3757486,0.81903416,0.5482967,2.2319167,0.013557247,0.38762116,0.74727917,0.1571687,1.0916235,1.5541384,0.7317793,0.18615262,1.8872088,0.03554153,0.9074061,0.34978688,1.37069,1.9067874,0.24856652,1.0726755,1.3427775,2.4153655,1.7881019,3.05199,1.2239091,0.5347389,1.2032777,1.6981004,0.35727325,0.97245103,2.0897524,0.55136704,0.08370426,0.25586468,1.5377215,1.0571953,0.31884515,1.4312068,0.010817151,0.07779984,3.2080314,0.19973595,0.19907898,1.2364564,1.117257,0.7676453,0.39411092,0.2628056,0.5696132,0.4156705,0.98523813,0.05814481,0.15503304,0.0036324603,1.7573026,0.7673252,0.3414749,0.68876904,0.16974615,1.2939662,0.11636439,1.043729,1.7013382,0.63374007,0.053412743,0.22347821,0.09966839,0.50122285,0.6928305,1.5965267,0.15440564,3.5611787,0.4309999,0.466178,0.24156116,1.549904,2.3953872,0.18291366,0.04298384,0.8283696,1.928672,0.9834071,0.52661216,0.53861237,1.1171494,0.40740818,1.6371028,0.5218455,0.23781943,0.42806423,3.033931,0.0,0.89269704,0.5867133,0.5314974,0.3505123,0.16156012,0.14901155,3.5168538,0.0023373074,0.11007881,0.71635604,0.44221732,0.095494315,0.4206732,0.41713747,1.7867111,1.4236922,1.080898,0.60524166,0.03698258,0.33623388,1.6997375,0.15860973,1.6031117,0.18468864,0.47228995,0.11727248,0.4438509,0.95353603,2.6233392,0.26858318,0.5018525,0.07590817,3.4353433,0.7655411,0.25145397,0.08150984,1.208613,0.29131684,2.479997,0.2743846,0.59495634,0.53142434,0.07685167,0.9429032,0.8004685,2.1802647,1.025591,1.1971155,0.11885784,0.69024,0.88480425,0.58844995,0.8136449,1.2246269,1.3815575,0.068537466,0.14158076,0.6064519,0.60145146,0.18012215,0.08343738,2.281223,1.5610725,0.61603457,1.3515329,0.58052605,0.7195348,2.645791,0.7194832,0.22926947,1.9823664,0.7369981,0.7250057,0.7215966,1.7651224,0.47413898,1.4268162,0.13661143,0.20341323,2.3520918,0.019861752,0.8284359,0.78025705,0.70081735,1.1072891,1.1205449,1.7144439,0.5710454,2.6030862,0.17258948,0.027097384,0.7801761,1.9857804,0.96965855,1.8102448,0.31338495,0.0023762314,0.20263234,0.1197644,0.58052856,0.36716682,0.031052528,1.550814,1.4092999,0.9288708,1.3278687,0.4959989,0.7173091,2.9069965,0.45941877,0.19117403,0.10116649,0.6992733,0.85861015,1.8700455,0.5903837,0.430984,0.8609652,0.96098536,1.4070292,1.921633,0.108196944,0.048551567,0.27409947,0.86179084,3.4181633,1.0756748,0.13470684,1.4676081,0.22191526,1.3521316,0.49360037,0.26153696,2.9218335,0.8032312,1.2230734,0.09453826,2.160896,0.21684152,1.0134752,0.055421416,1.0155944,0.088659145,0.14648564,0.15583776,0.17599633,0.98805803,0.17806162,2.4747195,0.009405172,0.6914561,0.6230264,5.249371,0.9033806,0.41415444,0.38220623,0.49460787,0.80410534,0.6328726,0.29447135,0.48937482,1.8076305,0.6951079,1.6632073,1.4834479,0.53683,0.6016392,1.7228957,1.288354,0.9063701,1.9996232,0.8818806,0.16339067,0.48116878,0.39971256,0.05246326,0.03175049,0.9593432,1.0962023,3.365205,0.56530553,0.07355275,2.3963737,2.1714895,1.6137428,1.308668,0.8167885,1.0682647,1.2782316,0.85625225,0.71752536,2.567939,0.119176924,1.0552611,0.10476155,0.5510261,0.77290934,0.053257283,2.446997,0.67291695,0.14802858,0.9169313,0.09498486,3.0963314,1.7709724,1.5003624,0.5993869,1.3015758,0.96848637,0.11816462,0.29518354,0.27420348,1.6853452,0.15738854,all_pothole_images\pothole_images_enhanced_6099a979b208ceec8d122ecb933cba8d.jpg
0.47749385,2.9690466,0.1748108,1.2454357,0.52154946,0.5584288,0.9333569,0.12300413,0.38150704,0.46998137,0.7760729,0.52121705,0.66433746,0.33589235,0.033526998,0.14437155,0.39771986,1.4118028,0.7156118,0.16423817,0.1259034,1.6849846,0.484897,1.920503,0.43346792,0.0733432,0.33200186,0.645173,0.054072622,0.7724885,1.6432856,0.3775944,0.6156986,1.8428643,1.5323726,0.8992852,0.26830432,1.2997648,0.0547112,0.09430759,0.2671686,0.0020003456,0.41651642,1.8248216,1.403419,0.21249561,0.104128376,0.0,0.27928013,1.376438,0.039445754,0.5952367,0.04019602,0.11011446,0.027669813,1.1406939,0.71965057,0.501107,0.32513052,0.017360376,0.017817838,0.0,0.26683488,0.29756334,0.9127537,1.7186185,0.4223837,0.0006942737,0.67713255,0.523817,0.05945236,1.2970729,0.041846722,0.08479932,0.8404986,0.15265413,0.6365318,0.15521026,0.0010148073,0.30251807,0.039363492,0.33882412,0.043015573,0.20897588,1.2400929,0.43489057,0.6957583,0.75965476,1.9886757,0.30991888,0.14419572,1.5955735,0.10389462,0.9232033,0.000119993696,0.013207411,1.1358496,0.6630562,0.1261693,0.077042356,0.22305942,0.6746245,0.1829758,0.18675114,0.8513441,2.1788812,0.3916559,0.31574553,0.13772851,0.3151833,0.18038219,2.011908,0.85675657,2.0234163,0.21790788,0.04148252,2.6024377,0.51769096,0.36359832,0.8766356,3.1957703,1.4122747,0.186055,0.12250846,0.6397471,0.13211137,0.14249572,0.91236097,2.2901688,0.4690378,1.511877,0.00034685555,0.5952722,0.28650248,0.051372483,1.0015682,0.5494357,1.3733852,0.8520948,0.0,1.2106583,0.41296762,0.028445713,2.1958702,0.3269468,0.60180503,0.46270764,0.17216654,1.3077476,0.53494906,0.4445024,0.3250693,0.12717628,0.20169044,1.5024109,0.41463003,0.7623622,0.53583986,0.42291096,0.49632555,5.4254193,1.4500184,0.5300509,4.2665935,0.36349174,0.47062665,0.5334878,0.2700379,0.49958155,0.48073557,0.34840077,0.0020615384,0.15847114,0.21129812,0.5010842,0.19047359,0.55285054,0.050383057,0.097578056,0.17469138,0.0,2.459607,1.848037,0.5737367,2.928409,1.1511258,1.0473448,1.0822775,0.040454444,0.45235243,1.0369751,0.4675298,0.3047219,3.8773,0.17520984,0.26560274,0.16170098,1.5576223,0.41544285,0.7772332,0.4003802,0.8969722,2.5815158,0.6701333,1.3882427,0.5942695,1.1863123,0.82529384,0.33111244,0.01849764,0.009441639,0.85414916,0.23943344,0.0033059728,0.31513938,1.1398717,0.5055184,0.19329537,0.55013376,0.28006083,0.08670068,0.7776966,1.5371658,0.0027960902,0.005222943,0.7312673,1.1191792,0.011788599,0.7597388,0.084057726,0.2279157,0.19443741,0.88818985,0.43912467,0.5600854,0.16205987,0.8317742,0.21588416,0.25394544,0.92231154,0.42282555,0.23500437,0.13157786,0.04291296,0.32672042,0.35541105,1.0979372,0.7830374,0.4272669,2.5664248,0.7027723,0.27589753,1.1630536,0.018050134,0.3805053,0.19883066,0.65637475,0.35882342,0.0,0.26460686,0.41026476,0.10687788,0.08357522,0.48064205,0.5397037,0.44282767,0.19118437,0.8598991,0.25700927,0.3708639,0.22952934,0.26873308,0.038463663,0.31257463,0.4710111,0.3907569,2.8460941,0.5188096,0.30156302,2.294096,0.25930512,0.14383522,0.46201175,0.10699712,1.0015697,1.0236447,1.0444973,0.3487707,0.98400813,0.7774906,0.8571004,0.03507932,0.19032378,1.0246958,0.35005182,0.15905109,0.5191082,1.2888794,0.5915404,0.18999915,0.96605736,0.77634925,0.23116906,0.050930128,3.9331772,0.52655464,0.13273476,0.91301614,0.0008041434,0.34948033,1.1299177,2.3224516,2.5546465,0.67497826,0.23862243,0.4698894,0.22582921,0.20569059,1.0869049,0.0936429,1.1946806,0.48516175,0.060751043,0.4723689,0.4367368,0.62893176,0.12752958,0.1338988,0.10076785,1.0939512,3.830107,0.5363869,0.42035946,0.0054045506,0.030184647,0.23793875,0.0137039395,0.23063883,0.07697602,0.42729703,0.23150782,1.050919,0.4000103,0.1516745,0.17975174,0.61511,0.5567137,0.07806996,0.21244535,0.29501337,0.72323364,0.45190296,0.25292015,0.35002214,0.3609658,0.46905026,0.06784438,1.2762703,0.2724497,1.3607045,0.58829707,1.0596771,0.8120908,0.032901827,0.083410025,0.15342957,2.564217,0.05855074,0.4655959,0.01013415,2.769618,0.9822269,0.93889946,0.35764915,0.39414755,1.0556498,0.024249256,0.44417223,0.04192077,0.8679423,0.19836521,0.40272692,0.057990428,1.5145522,1.6584092,1.2251089,0.95894533,0.0,0.031927973,0.71006984,0.9696104,2.0843287,0.021739598,0.37565398,0.42092124,0.23149468,1.1927747,1.1281692,1.1106963,0.46918312,5.903746,0.91255754,0.37310466,0.41257215,0.035167374,0.1967975,1.1531217,0.65012586,0.0,0.29881224,0.3144258,0.2704759,0.8907347,0.69333816,0.045817606,0.07200114,1.1060928,0.24057445,0.026153287,0.0769513,1.8293,0.48804897,1.5934194,3.7258549,1.9000856,0.48273933,0.767881,1.3176789,0.19770272,0.17953931,0.017447425,1.4307243,0.638699,0.6399849,0.78966653,2.7990124,0.6368151,0.23014648,0.6901141,0.6996748,0.55372745,0.6878243,0.117282726,0.3833409,0.38110086,0.5749459,0.18450743,0.21406265,0.62950206,0.7489015,0.97986054,0.10385304,0.39404008,2.0325885,1.0515518,1.2346332,0.47440735,1.3153672,0.18624856,0.98583156,1.3546201,1.2340715,0.6625825,0.00894596,0.29927385,0.0702865,0.013114202,0.019333087,0.53419787,1.9286658,0.6924365,1.2189035,0.51740247,0.0061120335,0.7783156,0.032352675,0.30447245,1.4972402,0.92633754,0.14623378,0.3000531,2.9174707,1.3501823,0.5647216,0.08088485,0.880569,1.1614559,0.506945,0.5670164,0.013522789,0.9600221,0.32892597,0.22357957,0.020762915,0.101972684,0.21477823,0.0016489814,0.26312482,0.014361869,0.16525486,0.67286175,2.6949532,0.913659,0.15434343,0.33639672,0.56804436,0.33988875,0.021100217,0.32988223,0.35943985,0.34519568,0.50987124,all_pothole_images\pothole_images_enhanced_60c0816b93813cf97bb24a5e0653eb65.jpg
0.10526057,0.37655807,0.1308465,1.0187068,0.15096484,0.27766404,0.0,0.13953975,0.2072632,0.12410185,0.13320298,0.12566568,0.23075281,2.1610565,0.12804967,0.02758337,0.106158175,0.3532418,0.5554715,0.04539666,0.29123598,0.6760056,0.15600167,0.53782946,0.9511794,0.0,0.28010765,1.4586194,0.1341879,0.03929458,1.7614534,0.18212059,0.046915274,0.20783025,0.37828943,0.13751787,0.32442123,0.6456702,0.3655505,0.30332968,0.0,0.24882361,0.72687185,3.7356784,0.2812974,0.0069091637,0.018387135,0.266907,0.31501666,1.0500954,0.5178727,0.123554654,0.67775816,0.23766163,0.19710563,1.029654,0.075917594,0.18298583,0.549427,0.25555205,0.39321357,0.005483562,0.23884599,0.22374572,1.0419002,0.00087473495,0.0916698,0.2617812,0.27065605,0.7187419,0.2718631,0.2932263,0.423706,0.16104949,0.29330054,0.23599072,0.15241963,0.21372366,0.007395015,0.056973383,0.18934225,0.3262641,0.75518626,1.5217301,0.25866032,0.4551158,0.46493685,0.18390906,1.6475456,0.25687763,0.41015658,0.8767352,0.20761688,0.4633998,0.14892933,0.06962339,1.2203851,0.5133307,0.0600915,0.10547661,0.13934427,0.035308205,0.20897986,0.087501615,0.08392544,0.6616997,0.15456562,0.3216393,0.25037158,0.5847305,0.023447016,0.2955436,0.13628075,0.10156881,0.21297556,0.027610652,2.6675587,0.04560988,0.30469447,0.17872055,2.519302,0.16293944,0.07920863,1.2950988,0.16457026,0.87983984,0.23951542,0.0028372847,1.0694155,0.26646867,0.4969562,0.07182742,0.35659853,0.015870688,0.16035444,0.63834125,0.50505257,0.53252715,0.34696624,0.029279146,0.518391,0.04789687,0.132661,0.30779403,0.027178066,1.2391529,0.33602473,0.057233863,0.16646653,0.17849995,0.09102206,0.08399676,0.013329216,0.0119954785,0.20608333,0.45903754,0.17219044,0.09777542,0.011972571,0.8748491,1.818043,0.9859608,0.022877721,1.571199,0.0,0.17199169,0.92389363,0.014140917,0.4210334,2.1463685,0.08932919,0.290921,0.05900391,0.28955436,0.055202365,0.056156337,0.3594731,0.030540617,1.0072291,0.09299426,0.054105368,2.1295838,0.29454166,0.6796936,2.520813,0.9800299,0.35362297,0.055211183,0.43212026,0.68833876,0.06825045,0.5393196,0.9990708,0.6085191,0.21480319,0.04171383,0.28598574,0.09436907,0.41863233,0.15783297,0.37689075,0.6278953,0.89206177,0.55781144,0.8182297,0.5654289,0.021860227,0.75124747,0.46183395,0.07873004,0.0173133,0.25878853,0.3110787,0.0138710635,0.62925845,0.6820515,0.118464544,0.09436804,0.97297776,0.0,0.0649552,0.21875782,0.07585897,0.19835341,0.5355494,0.8210126,0.26931483,0.5294102,3.4113932,1.289085,0.3269268,0.47417822,0.41190192,1.3260548,0.22222063,0.4242179,1.3036598,0.12732857,0.2140315,0.27116916,0.05113932,0.007794867,0.17863166,0.26389605,0.52817,0.036929835,0.694878,0.50329584,0.47801083,3.6316178,0.024005909,0.0115476055,0.4284812,0.28482383,0.42665666,0.659546,0.35257748,0.67695445,0.1944387,0.3369839,0.31832108,0.0,0.26503912,0.108670756,0.70988876,0.28670138,0.07313493,0.34945413,0.24667975,0.15704511,0.094775654,0.15894456,0.29761407,2.0223446,0.48672205,1.6253927,0.038405728,0.13643563,0.049886532,0.3376669,1.4598643,0.14745261,0.7421157,0.0,0.9255479,0.15970339,0.79543334,0.56962943,1.4219289,0.35886204,0.41270038,0.16836658,0.12487899,0.23736754,0.3836816,0.08477096,0.35410136,1.1097031,0.37815335,1.8318192,1.0592554,0.7628093,0.00014204506,0.23461577,6.3922815,0.41329628,0.18820289,0.14274147,0.16591245,0.20057169,0.10078599,0.08966929,2.802054,1.0179087,0.12933965,0.2237081,0.26676002,0.059845895,2.5371776,0.40803176,0.2600684,0.28481185,0.10603883,0.14757602,0.7724518,0.85823506,0.9853005,0.055598497,0.0,0.29058194,3.8354301,0.48360476,0.6831957,0.09745284,0.37356123,0.43018803,0.4285863,0.43096963,0.178755,0.15314253,0.1252778,0.06653749,1.3810608,1.1848917,0.4198218,0.011834845,0.00061174616,0.6928399,0.6599605,0.5966541,0.12844993,0.5707894,0.31370655,0.011866161,0.19990826,0.67285764,0.0028628013,1.1208847,0.37575436,0.7880591,0.21368983,0.42731914,0.5253596,0.0145745,0.25738063,0.0,0.46413702,0.18312603,0.07493063,0.16986547,0.74228674,1.277968,0.0460404,0.28666586,0.2617261,0.6638141,0.61370057,0.6516175,0.8751351,0.36673534,0.6957391,0.0,0.1074243,0.9588833,2.9308453,1.7450223,0.7768815,0.15431803,0.7623199,1.9717307,2.3592446,0.24410576,0.06029551,0.42754522,0.6134086,0.033400048,0.98573035,0.13052902,0.3823845,0.17167608,4.9900217,0.23227914,0.03509211,0.09558891,0.660493,0.0,0.0,0.7998479,0.24542335,0.0347294,0.26480934,0.1896143,1.0654289,0.29885435,0.11095429,0.38312155,1.5015397,0.048340652,0.00565422,0.5036456,0.80390257,0.1905191,1.5785662,0.34229222,0.8576733,0.26786083,0.36278588,0.25717276,0.6365536,0.7745116,0.370041,0.35214186,0.44228214,0.43300465,0.4680498,2.0063033,0.32810572,0.24947214,0.27415726,0.08297747,0.32749954,1.2745513,0.6239745,1.2390006,0.5404734,0.31474674,2.260017,0.16724205,0.0018631276,0.3346368,1.9677804,0.2706647,0.098153114,1.005491,0.14746638,0.30859187,0.13740121,0.46008524,0.20285735,1.0839274,1.8788582,0.26197615,0.5223057,0.0,0.40440896,0.1258794,0.101313315,0.0,0.06419563,0.10461276,0.33281663,0.821693,0.100686595,0.08286021,1.3119304,0.23440357,0.77520776,0.5192141,0.2289158,0.11945494,0.04192929,2.8513966,0.08107964,0.081907436,0.13526312,0.070904836,0.053151887,0.30652583,0.37460932,0.110800214,1.4449917,0.31408742,0.0,0.04402345,0.0,0.11527823,0.0015899653,0.16396329,0.054680366,0.44354853,0.017535027,2.8616133,0.78352135,0.45372152,0.47449905,0.91977334,0.75970143,0.070258975,0.27524075,0.17813067,0.09295417,0.85994273,all_pothole_images\pothole_images_enhanced_60d11e6a2308b9a4911507d975284989.jpg
0.15354806,0.305908,0.012155165,2.5209231,0.34648833,0.0,1.1838838,0.07337974,0.23839125,0.7125624,1.2952659,0.98468286,0.0,2.6368248,0.18280877,0.051005177,0.004646595,0.37114754,1.8793362,0.017156834,1.1013166,1.2395605,0.21385616,0.06905817,1.4105207,0.62108916,0.92765325,1.9770765,0.8552003,0.04028626,0.4232399,0.12875746,0.058793515,0.29882666,0.71946675,1.7045727,0.48387545,1.2215136,0.7364011,0.23797463,0.0039197193,0.25622296,0.45469156,2.8149936,0.66427547,0.22061993,0.04786501,0.59024084,0.013410383,0.11701574,0.12474567,0.25152525,0.24939978,0.09972248,0.1944364,1.5669312,0.98395014,0.34223136,0.0,0.014041099,0.29697463,0.16864993,0.45631167,0.34765553,1.161704,1.4295844,1.4090608,0.0,0.38191637,0.08608777,0.40219626,0.33547896,0.2803559,0.19290896,0.10375077,0.49253196,0.3515361,0.8694366,0.037561145,0.79515636,0.28316304,0.012946417,0.39050248,1.510138,0.041971605,0.018182993,0.092315204,0.096705675,2.7339737,0.0034379745,0.36497498,0.0,0.104124606,0.17070782,0.0,0.0,1.5435307,1.8088441,0.43449828,0.17166573,0.06211043,2.3394961,0.009861343,0.31110168,1.7538122,0.12586561,0.6791313,0.13614775,0.9239651,0.052354354,0.0,1.1780759,0.9172235,0.23536965,0.37258732,0.12934159,0.73718107,0.16519178,2.1271827,2.0042958,2.2026052,0.006162385,0.32696253,0.76277184,0.45327407,0.48400638,0.069809034,0.099827394,1.5180521,0.60701096,0.036210734,0.78554916,0.10214482,0.015692089,0.41608652,0.09663111,0.1536471,0.21168204,0.6187143,0.028139586,0.52816546,0.22638464,0.3896004,0.004013365,0.6692434,1.9994559,0.080117665,1.572637,0.055294342,0.042960364,0.068353064,0.9904852,0.031707164,0.13501707,1.9804852,0.97761905,0.20215169,0.01031038,0.7646543,0.64716846,0.73496944,1.3988184,0.15179923,0.03137342,0.05479988,0.01251979,0.18209001,0.09799433,0.35880294,2.372095,0.09397931,0.0026402764,0.46414605,0.124563746,0.7621041,0.46711972,0.30476642,0.0,0.1055104,0.06289115,0.58992195,2.0748684,1.9123423,1.0182428,0.7375482,1.1203595,0.14543653,0.46253753,0.8312823,0.8037346,0.28697625,0.37429658,0.23520555,0.7268722,0.9638167,0.58012366,0.43920836,0.12834449,1.6590053,0.9394484,0.74532914,1.4046463,0.8207213,0.67267877,0.18883798,0.0046596415,0.12942964,0.63799185,1.3320694,0.0815667,0.038974207,0.008231894,0.8566794,1.2021774,1.45179,2.2975638,0.51026595,0.13064632,0.72978723,0.17745654,0.965602,0.27435872,0.16567464,0.110444516,0.01114102,0.12892658,1.9419873,0.53859866,0.5874481,1.2057252,0.04029285,0.04401713,0.58535576,0.5788985,0.5110679,0.15211652,2.6113646,0.21214429,0.08901281,0.38444725,0.28915817,0.29065835,0.17552502,0.61488587,0.21792972,0.0,0.39738595,0.21675354,0.0,5.991258,2.2088265,0.008393637,0.13396122,0.22546706,0.0515735,0.7185798,0.7595778,0.057061054,0.23176466,3.6829183,0.76913124,0.08917844,1.1150019,0.037351813,0.23292442,0.36550358,1.5081799,0.25296867,1.6800722,0.0,0.13511437,0.30617097,1.3182955,0.03996757,0.19166477,0.8893736,0.013314697,0.27740955,0.11328781,1.1000433,1.4288367,0.22325109,0.63193065,0.4984073,0.035630994,0.28813595,0.37954774,0.15467204,0.5543318,0.013588362,0.0041301483,0.009388508,0.3740785,0.4978318,0.55912405,0.97180057,0.16562894,0.30597082,0.008489769,2.363126,1.1510885,0.464879,0.033924337,0.0700318,6.2277756,0.24820997,0.013822927,0.04231514,0.005406712,0.45344162,0.09792999,0.85829645,0.9898004,0.20336331,0.24399671,1.9936775,0.07564791,2.105552,1.7590204,0.40589058,0.25633833,0.0,0.6785215,0.32337824,0.2781582,0.014282002,0.8332841,0.045501046,0.5789052,0.323287,1.0747672,0.12488898,1.0074608,0.090985216,0.17031199,0.17160107,3.4460099,0.7618134,0.25772512,1.1260555,0.3987714,0.5161599,1.6870946,1.0837727,1.0372525,0.31453475,0.20924048,0.21270806,0.8084092,0.12872009,0.542352,0.022234133,0.4552054,0.24153456,0.06759526,0.06550952,0.36627263,1.1743304,0.5261743,0.09676795,0.023606904,0.072207056,0.59390306,0.18990996,0.0859602,0.0,1.3353871,0.08960337,0.3000656,0.06943753,1.0622739,0.13421729,1.1009188,0.00050720474,0.8787909,0.011733192,0.08912916,0.04949805,0.7724393,0.5347137,0.32858944,0.010550036,0.2592737,0.9964942,2.2590535,0.18127985,0.3858808,0.15198721,0.12505218,0.79637223,0.9832133,0.11837941,0.10547484,0.6536317,0.0,0.011823401,0.23728684,0.09471615,0.19601238,0.08626938,0.18360133,0.3216121,0.35225943,1.1898798,0.8829421,0.45049787,1.1465571,0.41984105,0.55179167,0.0,0.7802269,0.10696365,0.025673496,1.2847334,0.039233025,0.7383452,0.49097863,0.62234396,0.48985812,0.0,2.0890427,0.09146437,0.42706463,2.3839834,1.8439138,0.4859549,0.30690625,1.0491128,0.12444484,0.475786,0.030282315,0.14496902,0.00069293677,0.23730437,1.2383891,3.7336974,0.08048814,0.16053231,0.046719648,0.074688755,1.0474105,0.22050412,0.04811337,0.025322227,0.53334045,0.0297994,0.86301637,0.8269138,0.16991697,0.570258,3.2248795,0.21623327,0.20455864,0.10203393,0.027045857,1.7426652,0.3406052,0.20460518,0.08903866,1.2357178,1.3333384,0.24382721,1.2711799,0.10786935,0.79618084,0.16915824,0.248687,0.0,0.12652855,0.21274516,0.07011496,0.0,0.39342314,0.77340573,1.0697227,0.35757667,0.29321906,1.2104611,0.95738405,0.11121712,0.51674986,1.8805956,0.72691613,0.14813063,0.22980842,0.03519031,0.08378302,0.2573521,0.36601773,0.38389704,0.088959865,2.4248667,0.019632831,0.013230817,0.0,0.07241568,0.2512816,0.3074573,0.025218759,0.098330565,0.10478498,5.4997926,0.14389426,0.22962917,0.22038685,1.0141885,1.9340798,0.36923254,0.616929,2.123704,0.03861283,1.2965796,all_pothole_images\pothole_images_enhanced_61b5d0952aade2ce596dc2ae4fc0b5f7.jpg
0.5378823,1.1930801,0.027975108,1.6823939,0.4783871,0.5270661,0.7098203,0.13182807,0.09244323,0.64669037,0.18257888,1.8464195,0.28425106,2.1735091,0.39734757,0.51282305,0.10104963,0.11243089,0.61278385,0.25026095,1.6358788,2.6873648,0.19767767,1.1343822,2.291968,0.056930084,0.4466998,2.5287344,0.20397781,0.63526607,1.1244072,0.27415127,1.4903427,0.12972204,0.423878,0.46278897,0.6066587,2.5372334,0.5571571,1.0089539,0.006125062,0.021293769,0.31140342,1.1580942,0.7786641,0.32685727,0.056310833,0.42840844,0.6683159,0.5134638,0.5385101,0.069902636,0.2816591,0.02517431,0.0,1.4496157,2.1231215,0.012768851,0.08043168,0.06279375,0.0380642,0.0,0.82240003,0.09533505,0.10655068,1.704445,0.11503483,0.3068885,1.0354118,0.41130307,0.36089566,0.19270322,0.016429048,0.9073354,0.5082733,0.6321295,0.08473517,0.3601343,0.025669733,0.40915152,0.4146074,0.027411738,0.0,2.228584,0.30360174,0.13555387,0.5844017,0.5896335,2.7537475,0.320689,0.44051874,0.6656503,0.017492471,1.0003428,0.11778059,0.12240958,0.56745964,0.23504083,1.025748,0.8396857,0.4317267,1.9608477,0.64471424,0.025793552,1.0457228,0.16896543,0.049093984,0.106742464,0.029871719,1.0331097,0.031705458,2.2307703,1.4701642,0.5525708,1.2083138,0.17146431,1.7628189,0.2723895,0.83263105,0.8024008,4.590333,0.91755456,0.2906632,0.85206795,1.4787421,0.08527528,0.82211286,0.73811793,1.412552,0.23677254,0.20353264,0.12353843,0.3465692,0.30770978,0.42404976,0.4882864,0.8420222,2.0889552,0.6289808,0.099064074,0.3449964,0.64939445,0.0,1.0825343,0.86329144,1.1823089,0.2926931,0.04965166,0.7719463,0.11294413,0.6503581,0.5886536,0.2274257,0.019184913,0.56574047,0.23493163,0.7454723,0.60878944,0.19077253,0.9149986,4.19034,0.30996197,0.29718423,5.379302,0.5058419,1.1698872,0.88973504,0.43841457,1.9340118,0.337911,0.07583415,0.0,0.16990556,0.8095391,0.42711118,0.48085767,0.7538882,0.09512183,0.016577926,0.24646157,0.11936249,1.9502194,0.5447609,0.29352534,1.6671422,0.6197977,0.6338456,0.044874072,0.05062721,0.73234427,1.0708314,0.5803659,0.7346599,4.495539,0.084020175,0.89114225,0.19208485,0.7067386,0.14873387,0.51988965,0.94903016,0.9486754,0.30441123,1.3588051,1.1034667,0.6554587,0.90448636,0.4561996,0.05690752,0.27514312,0.0940326,0.07730762,0.47059965,0.26925656,1.1074963,1.8174214,0.7514438,0.06158842,0.41035843,0.0015091744,0.7943953,0.42427114,1.4034469,0.11797436,0.03948126,0.5952617,0.847967,0.48661995,0.8775744,0.42366067,0.045314893,0.77998644,0.14637712,0.441683,0.0127900755,0.28402093,1.465242,0.17365432,0.015544772,0.058635745,0.16420263,0.012436272,0.5423793,0.031620014,0.32249868,0.02629162,0.44874117,0.20440646,0.7311015,2.7723231,1.7606176,0.5712065,1.6763427,0.0026375263,0.29103073,0.40436187,0.84710217,0.17654364,0.34778962,1.2501152,0.6215657,0.05487336,0.32397178,0.17535937,0.21921158,0.16092198,0.15183553,0.7039383,0.30131117,1.0436361,0.20092162,0.014102259,0.68145597,0.31710434,0.9120173,0.5647481,0.34867656,0.54167795,0.30211958,1.1893255,1.018618,0.012245067,0.818554,0.30197757,1.098199,0.19895911,0.98900634,0.46389788,1.2008865,0.049697757,0.052826498,0.0,0.41734713,0.7408483,0.36741772,0.046880275,0.6006178,2.09135,0.016043218,0.88937104,0.87749946,1.3252239,0.17369273,1.0982543,3.507779,0.13760994,0.017201634,0.60204524,0.14214492,0.34149912,1.2970145,1.1416422,2.5242467,1.1186259,0.02275084,1.1902109,0.048637483,1.4200246,1.266776,0.055544186,0.09994155,0.19607157,0.22343788,1.3275146,1.1407498,0.42039013,0.5734552,0.13287343,0.046426754,0.41667077,2.2076347,0.6553793,0.21728858,0.026491482,0.26078814,0.43278196,0.19397031,1.1586736,0.39805898,0.116522394,0.074878156,0.71733123,1.0229151,0.28331017,0.8500873,0.0,0.0036962254,0.22481634,0.6307109,0.9614483,1.2599769,0.37560228,0.43643507,0.5416885,0.26281968,0.03766394,0.17147027,1.4073774,0.30089453,0.67095923,0.5085615,0.7891393,0.33205718,0.20581552,0.02183463,0.021359324,2.9384449,0.19440538,0.16527815,0.2235358,1.4300712,0.15913871,0.07750384,0.3678509,0.23672779,0.16015132,0.009110315,0.85544664,0.2957283,1.4176031,0.7915101,0.23497328,0.43761206,1.0592545,3.9853263,1.1370736,0.60128576,0.057414044,0.21815173,1.9993749,0.52258897,0.5089154,0.030977141,0.11990453,0.44957164,0.22663906,1.6631064,0.29657906,0.21608464,0.2710499,3.9023666,1.0940267,0.5513954,1.0620567,0.05981763,0.025197998,0.20401026,1.2047191,0.547304,0.1673259,0.52826947,0.1615717,0.40009502,0.98435885,0.33527544,0.3649456,0.8052863,0.31383637,0.29301763,0.053208962,2.5093462,0.3029361,0.7032895,1.7081907,2.0336847,0.21878341,1.5092402,1.0443232,0.27051944,0.795384,0.38927713,1.2665774,0.38805532,0.9756417,0.5403543,2.9252553,0.5433477,0.22656964,0.41297713,0.2578132,1.193694,0.3461373,0.15233806,0.94965607,0.35765943,0.14448512,1.93136,0.7919141,0.1897695,1.0691086,0.62463987,0.35625502,0.79522485,0.75083494,0.7195354,0.42318165,0.5684703,0.33567607,1.3284253,1.2503841,1.1801072,1.0867331,0.002127367,0.020623814,0.41386458,0.31864402,0.15515302,0.023761442,0.15814883,0.68537855,0.54119873,0.82768583,0.019946419,0.46903774,1.2195165,0.017773727,0.17854552,1.1680709,0.49870318,0.03555514,0.32232723,1.925297,0.113219045,0.9671569,0.0,0.27360472,0.4419024,0.024687456,0.53118,0.0023532659,0.85400736,0.079632856,0.30633864,0.010396914,0.16513304,0.3085914,0.17246364,0.10624473,0.57525235,0.38196543,0.22743405,3.4844105,0.8974147,0.038363386,0.4388398,0.085628174,0.0,0.52204585,0.20460472,0.22329763,0.9427733,0.3364388,all_pothole_images\pothole_images_enhanced_61bc1376b91a35f3dbc07606281125bb.jpg
0.37328333,1.956987,0.51533985,1.8220866,1.4899182,0.680863,0.6345744,0.0016410077,0.046221387,1.1423718,0.4001957,0.014473872,1.0406352,1.2615263,0.704022,0.26516867,0.15620212,0.034646373,0.5681234,0.8239902,0.37559614,1.834732,0.9393672,1.6258724,0.65008277,0.8331267,0.4081937,1.0811775,0.8870074,0.39168626,0.82917255,1.0291106,1.1418828,0.028843045,0.80578816,0.922669,0.51018566,0.31502193,0.032988843,0.29033577,0.0,0.0,0.9742254,1.0679592,0.67903876,0.2499723,1.2244831,0.123682134,0.056933142,0.7970606,0.07739793,0.5708912,0.35109392,0.5314082,0.44150177,0.99790674,3.0464857,0.055489462,0.15988559,0.3715346,0.48556355,0.9753439,0.83630484,0.18441768,0.34539196,0.32695705,0.5318152,0.75277257,0.15439385,0.76415503,0.5106153,0.8362115,0.10105268,0.043282002,0.31654835,1.5247142,0.8489133,1.0958521,0.19675379,0.50631887,0.6111914,0.21156007,0.12673943,1.8000352,0.75379443,0.56622046,0.78092164,0.025193915,3.0953076,0.0238759,0.012876405,0.98372555,0.02154269,0.040923744,0.20755859,0.013270454,0.27195284,0.50449634,1.4918085,0.94988316,0.31788576,3.8804133,0.16347753,0.008371273,0.1797437,0.29620817,0.30260313,0.20483884,0.030374806,0.80262893,0.6034477,0.9387881,1.1170765,0.3812192,0.85161614,1.1477437,0.5020005,0.14541519,0.6461751,0.9267759,1.1746083,0.85346997,0.60778564,1.0859553,0.27592385,2.2708054,1.3894157,2.0182986,0.32037333,0.25995776,0.96939504,0.009874882,1.1902759,0.09021928,0.76221436,0.514999,0.57080215,0.5506829,1.3362087,0.30700555,1.7000402,0.25958064,0.5574909,1.9362981,0.98018754,0.27681267,0.07427839,0.005717477,0.4203058,1.5884097,0.94889563,1.3837901,0.10833454,0.8265224,1.3415278,0.6531736,1.456356,0.1660112,0.25276008,0.5161799,0.6884479,0.6739695,0.16281034,3.3203094,0.0021073404,0.1464751,0.69181097,0.29268304,1.6078076,0.06045374,0.5589046,0.0077025453,1.0330878,0.21140845,0.490591,0.018480659,0.53941095,0.0,0.686544,0.3753634,0.38665748,0.6183917,2.2948072,0.93711984,1.6325527,0.2215972,0.046735667,0.66834813,0.29922792,1.2222059,0.32272097,0.47647646,0.28300515,1.2180369,0.038163643,0.31871718,0.040807724,0.066117465,0.08056116,0.94876826,0.35090986,0.5883639,0.86884075,0.60819536,2.1868472,1.383167,0.32207766,0.9714286,0.1703446,0.38454935,0.27111912,0.8048846,2.1048965,1.9374652,1.1689624,1.2058917,0.83840626,0.26774034,1.2153496,0.05884319,1.6798375,0.0007251947,0.044143558,0.040640336,0.0152854305,1.0805924,0.48737037,0.04858103,0.81828904,0.18965705,1.0425202,0.24302785,0.1339145,0.16026624,0.5329782,0.0075870347,0.67190146,0.11088872,0.041895073,0.44157097,0.7895432,0.024255278,0.15457448,0.21334676,0.102760516,0.004703408,1.1693189,0.11206331,0.94665974,2.966452,0.57006836,0.460439,0.44775486,0.16023734,0.34335127,0.5688413,1.3029964,0.017782766,1.6351299,1.9034399,0.48005217,1.3744435,0.09348037,0.27673244,0.36554897,0.2639774,0.0,1.0182015,1.9113424,0.43019056,1.0442827,0.13515712,0.24884751,0.7553287,0.881556,1.0677863,1.0193516,0.12845401,1.7795662,1.0421839,1.5002853,0.1254319,0.19411865,0.65256184,1.1822692,0.40173423,0.1404514,0.41217148,1.3208706,0.36304745,0.539727,0.5169343,0.0,0.22169888,0.3819668,2.6767912,0.42703,0.08663772,0.59099567,0.5983703,0.25933746,0.3068653,0.2716971,0.64690185,5.0904703,0.84393245,0.12357277,0.6173997,0.34224522,1.130216,0.2655826,0.9239962,2.6321507,0.66118014,0.42249912,0.68997484,0.13638431,0.6379027,0.85333824,0.16069879,0.0,1.0024217,0.08591498,0.31897968,1.6227342,0.7279241,1.3303436,0.18838485,0.8860467,0.3694627,2.0219126,0.35007343,0.5241243,0.18912,0.4006602,0.061091423,1.1249357,0.121303715,0.063017845,0.35752308,0.8390928,1.0655975,1.306423,0.08444451,0.49396896,0.100135654,0.35402632,0.044922844,0.8656906,0.18807392,1.5393325,0.24041647,0.3794319,0.72154903,0.013798338,0.16487713,0.18220307,1.3681273,0.33239925,0.492833,0.08033,0.0916488,0.3283642,0.8428032,0.0,0.1097877,1.3098863,0.44608337,0.7102983,0.0070249783,1.3526324,0.42729643,1.3348471,0.7108361,1.5448831,1.8676169,0.14105035,0.3528991,0.14883016,0.042700656,0.16865541,0.14648052,0.6374734,1.2157342,2.8609793,1.914613,2.240906,0.06538334,1.3333066,1.6260045,0.33550963,0.69077176,0.5940507,0.47451034,0.15167986,0.0579091,0.23250589,0.019115603,0.5674599,0.9722723,1.3463212,0.59744006,0.08610697,0.8666911,0.29176646,0.18126717,0.35288444,0.59764665,0.026931643,0.61822593,1.0640388,0.16738054,0.46243382,0.5148291,1.0218617,0.76622987,0.6910487,0.6932455,0.9065089,0.017979966,1.7325523,0.6420372,0.80528694,0.9314136,3.0575583,0.63913584,1.325679,0.42905977,0.1885171,0.61779594,1.2868711,0.08712819,0.07078053,1.748849,0.5008977,4.172753,1.2692784,0.55852073,0.010052717,0.10691764,0.8365824,0.61029047,0.090516604,0.30944055,0.40611896,0.4592223,2.2272165,0.80975956,0.46094707,1.9789736,0.31865633,1.1448165,0.96265113,0.31484798,0.8039904,0.8662553,1.4901886,0.87687886,0.4790489,0.3389641,2.0740492,0.0014318182,0.36363465,1.1255895,0.90884465,0.8070298,0.33882558,0.19685173,1.93749,1.9030874,1.4680889,0.58542234,0.668366,1.1100501,0.42147437,0.21914603,0.005495676,0.55379105,1.954019,0.06887987,0.78663415,2.100043,0.27400872,1.4497086,0.056061752,0.008522795,1.8147326,0.18484475,0.083851285,0.7863239,0.33504972,1.0757794,0.8635953,0.08767662,0.0,0.32207796,0.004971494,0.5428922,0.10755142,0.0,0.09107957,2.4284892,0.1815068,0.39662468,1.0475786,0.4703859,0.006238739,0.5045624,0.097993106,0.04485246,0.27488238,0.44326997,all_pothole_images\pothole_images_enhanced_61c4a46a8b32cb9dfe149fdb90db5ef4.jpg
0.9326503,1.4300392,0.6384594,0.95951325,1.3978498,0.22511858,0.39492378,0.012711084,0.2891349,1.0112281,0.17678408,0.15193877,0.36004817,0.26246774,0.69250846,0.14659792,0.21128833,0.40634832,0.5974369,0.16610822,0.12187463,1.8556321,0.2748029,0.6299615,0.92890435,1.2017663,0.17785104,2.6079745,0.1481068,0.9060918,0.36731994,0.27549863,0.57191247,1.509008,0.12348134,0.46078312,0.40124822,1.0856352,0.12004749,1.1894482,0.23483774,0.64883685,0.34633362,0.7560767,0.47416088,0.3709891,0.1960691,0.10895991,0.88678116,0.68399024,0.50225633,0.43531963,0.47244003,0.3549117,0.018630058,1.0725092,0.37217686,0.029823001,0.85777515,0.38243502,0.043807793,0.05718313,1.3327278,1.1901505,0.6886468,1.0038002,0.2586878,0.4587689,0.8485467,0.77653736,0.70670587,0.3941774,0.3711346,0.25005254,0.52149,1.1733018,0.32480535,0.082574666,0.2465854,0.057290476,0.92423785,0.6069581,0.10591284,0.7680191,0.35639805,0.47740713,0.2908587,0.21987475,3.7796226,0.28307727,0.43369004,0.29591718,0.3584338,0.32758528,0.091477275,0.124974236,1.2006234,0.41504988,0.04638587,1.4728816,0.09649385,1.8971819,0.43478984,0.11914402,0.16748531,0.18862993,0.7912928,0.7832386,0.41316342,1.0206374,0.5329624,1.0527991,0.41004518,0.04468751,0.5247038,1.0199041,1.1552327,0.733066,0.49447733,1.1131226,1.0638865,0.49474722,0.30684617,1.0116898,0.14678857,0.81744474,0.006112007,0.65292674,0.26534635,0.55501604,0.951439,0.28211498,0.22180697,0.26506707,0.26280096,0.878081,0.61228204,0.34343114,1.053675,0.69598556,0.37756494,0.16920923,0.15334825,1.3763148,0.5201379,2.2550805,0.32819906,0.15190667,0.4042013,1.4938372,0.7595279,0.72052926,0.4526959,0.31851348,1.2862164,1.0024873,0.7497163,0.19369039,1.004899,0.8231237,0.9019346,0.37976003,0.23536853,2.3427465,0.3260432,0.36611384,0.11790222,0.29037935,2.4439425,0.9327233,0.8718301,0.4107673,0.09874323,0.068950795,0.9571037,0.47467172,0.93953806,0.06924564,0.4506002,0.14507647,0.048874397,2.141804,0.5810535,1.3929598,1.1305443,0.5813993,0.5557496,0.34206066,0.4507528,1.7154461,0.71176505,0.42825145,0.4781425,0.93308944,0.6017224,0.18455406,1.1229407,0.07131705,0.060973838,0.78237534,0.3109733,0.46818405,0.6937558,0.37778816,0.43144143,0.47900647,0.67595375,0.73712003,1.082952,0.00920425,0.42583433,0.16990505,0.996431,1.3708451,0.3464867,0.7764628,0.68708277,0.015497554,1.1786653,1.0413278,1.0322601,0.022631677,0.09995943,0.51326066,0.32147866,0.79487365,0.58633894,0.79815656,1.3977542,0.62104857,0.21889894,0.7167125,1.1607798,0.649346,1.3448833,0.07211177,2.1330912,0.016195793,0.27118886,0.014486476,1.4031525,0.0,0.50202686,0.0072996607,0.27331576,0.0,0.94456416,0.36609834,0.7453411,2.379733,1.289436,0.09192642,0.51153755,0.88466096,0.014394996,0.24234654,1.0059226,0.10122272,0.312652,2.2592254,0.1412203,0.6908401,0.508058,0.5415822,0.374366,1.2433859,0.7464173,0.09542317,0.6942815,0.47507107,0.45214906,0.068618804,0.69907206,0.4994464,0.4976752,1.3530709,0.4528459,0.6810778,0.5039386,0.6543135,0.028609304,0.5600154,0.32479656,0.5778832,1.2296696,0.83670944,0.43939227,1.4529511,1.1810646,0.10268353,0.18782075,0.7435174,0.2644665,0.8249982,0.696663,0.09213838,0.930061,1.585496,0.41757432,0.52192646,0.39711368,0.039157216,0.13384624,0.33839455,2.5040648,0.11518612,0.21227793,0.63413656,0.38926256,0.96077883,0.38420466,2.6838942,2.054581,1.6665488,0.71772766,0.24303032,0.15855536,1.0433784,2.3332727,0.5441688,1.0126721,0.08856857,0.29683805,0.36479104,0.24869023,1.0023537,1.0143285,0.2445667,0.8915246,0.6123235,2.2277763,0.13346286,0.26751223,0.6363811,0.657703,0.58280903,0.6149679,0.24755433,0.365655,0.5731817,1.2319087,0.07095608,1.3207438,0.30208248,0.3612946,0.0063290563,0.41678885,0.8676532,0.598533,0.6195635,0.16210595,0.72297555,0.27106708,0.12969,0.3656971,0.2242379,0.6249417,1.5208718,1.0079322,0.35193023,0.24775171,0.43184313,0.9402654,0.33344156,0.0329454,0.014695213,0.727084,0.93049127,0.2802299,0.324746,1.4318042,0.22856016,1.3338801,0.077041246,0.32616758,0.91254985,0.40807042,0.46410438,0.38901812,0.30476755,1.6618649,0.023691896,0.71318245,1.2663563,2.9903738,2.3917124,1.6555138,0.8504947,0.3707277,2.2233386,1.247278,0.2380761,0.16337122,0.53757644,0.5924775,0.035693225,1.1089383,0.5099687,0.3231874,0.47109693,3.0681205,0.49985635,0.025757283,0.6579911,0.5585104,0.6733677,0.3808331,0.34681764,0.77312624,0.0491307,0.95554686,0.4869835,0.30088493,0.5249379,0.096927725,0.40095317,1.067502,0.3263277,0.8063335,0.5491413,0.8188144,0.9741664,0.90442175,0.84121805,1.6804641,1.0094645,0.38467944,1.5130702,1.6781135,0.8038358,0.27351108,0.13244827,0.40920985,1.2358606,1.286734,1.8437469,0.7105939,1.1952331,0.86927223,0.58303535,1.4473253,0.0,0.33549842,0.6878149,0.7014417,0.28179884,1.3729559,0.61887676,0.45584214,0.3480463,1.0950279,0.93904144,0.49726808,0.20127398,0.91707313,0.5090812,0.6871791,0.1773714,0.31132457,0.6847028,1.2409673,0.29164547,1.4389819,0.31534186,0.82094145,0.28163612,0.8523598,0.43004292,1.3878253,1.2658774,1.2002603,0.8125487,0.2978799,0.47350287,0.7041037,0.42086333,0.1271982,0.51396483,0.8686201,0.46223187,0.33612436,3.0002718,0.21474642,0.6936316,0.16541874,0.046662156,0.4999513,1.2678286,0.3575182,0.01915783,1.2097162,1.5005269,0.30678692,0.24985729,0.43444955,0.12494702,0.010055474,0.13311237,0.1931881,0.15301548,0.82081246,2.697735,0.112006955,0.8241628,1.021939,1.4106094,0.27272078,0.75935376,0.12916858,1.059394,0.23921059,0.55780554,all_pothole_images\pothole_images_enhanced_61f7b4ec34781840f0a8713115bb930b.jpg
0.40036875,0.96108663,0.6103482,1.9292941,0.20888542,0.42654312,0.20330843,0.4495236,0.49703738,0.87122655,0.18677153,1.0320958,0.6160006,1.382098,0.059956316,0.7754725,0.13464047,0.62018466,0.45030054,0.07158598,0.7792849,2.7224786,0.021285862,0.6132899,1.1028663,0.8422527,0.3485572,1.3800253,0.35626882,0.44787624,0.44087416,1.4195278,0.7492297,0.5857504,0.28711364,1.8352575,0.08953921,0.039800763,0.14918575,0.4589024,0.089237,0.20298342,0.05997251,0.6174878,1.1063268,0.23005244,0.84056306,0.08771865,1.3431977,0.047754142,0.9144178,0.78715885,0.5700262,0.067882374,0.043106683,2.144283,1.7179995,0.51329225,0.89992017,0.82777977,0.17667143,0.26590082,0.2429464,0.22650607,0.16800898,4.104294,1.1023463,0.0,1.9854189,0.0428575,0.2662521,0.12731382,0.12073972,0.54556686,0.15700029,0.70826185,0.06020648,0.13261439,0.090194,0.05109139,0.05373974,0.35386506,0.27876773,0.616267,0.016989406,0.34603935,0.6371732,0.097620204,1.9937243,0.06506655,1.0523657,0.15042695,0.0037031416,0.2916524,0.0320418,0.0,0.43798944,1.9604505,0.14400259,0.61644495,0.57498217,1.3883592,1.2940857,0.099440604,0.03852638,0.31416065,0.26856083,0.0680635,0.49426067,0.3201188,0.2736317,2.7644546,1.0627506,0.118983075,0.93649834,0.33654097,1.9940773,0.8089964,0.3724966,0.41047442,2.3833666,0.8908965,0.12258505,0.32759085,1.2367594,1.51828,0.81781006,0.2713907,2.126345,0.0049239,0.2110589,0.47368258,0.17728642,0.06552777,0.48839828,0.37151814,0.018539745,0.4199984,1.0973058,0.049055945,0.3969657,1.2373921,0.2111619,0.913938,1.1654007,0.6436184,0.16262196,0.4810198,0.4686267,0.89551467,0.22009405,0.33199972,0.022603428,0.02506592,0.58897674,0.04352574,0.13343601,0.9886957,0.24859753,1.4093553,1.1504955,0.6030247,0.25035292,2.1907647,0.0,0.0071186665,0.16145448,0.23557913,0.8123378,1.697007,0.017562829,0.04927367,0.11448842,0.0,1.4520432,0.25820836,0.03277932,0.0,1.2248286,0.15597098,0.021648543,3.2808769,4.4074435,0.16439725,2.6636233,0.9917878,0.63254046,0.4271123,1.7657206,0.33637813,1.282519,0.46068907,0.070080385,2.3850882,0.14223489,0.027814876,0.20547466,0.5137576,0.3806712,0.8905975,0.16965218,1.666653,0.7726642,1.3878131,2.689674,0.8203749,0.02779945,0.15960187,0.43959084,0.07987929,0.13573962,0.0026783338,0.12998004,0.87245184,2.4493816,1.5669065,0.2573154,0.9820781,0.3501062,0.5551725,0.095049694,2.2433894,0.54233444,1.2742914,0.09380216,0.122740686,1.6385738,0.0024292152,0.57465386,0.47761768,0.0,0.183508,0.030490901,0.2281512,1.0005225,0.0900022,1.3497174,0.4750485,0.056540888,0.052339386,0.14017689,0.20795284,0.7258625,0.11787453,0.065122776,0.24508788,0.9246441,0.0726369,1.3979529,5.4960027,0.52845573,0.04746404,0.5710519,0.07889729,0.037342742,1.3192942,1.3131062,0.35248208,1.3513856,2.1289937,0.031545136,0.059123684,0.28817904,0.86538655,1.0316901,0.8719442,0.122920774,1.0994797,1.0441988,0.7040971,0.22501382,0.054814085,0.02764752,0.707579,2.013182,0.9477191,0.11989753,1.0336316,0.027677989,0.8115745,0.671697,0.09372683,0.78525823,0.027102284,0.077536836,0.36487034,1.2307396,0.5667652,1.1077303,0.33504975,0.8469366,0.10785676,0.040758792,1.4872661,0.43191776,0.05139979,0.056550317,1.3633693,1.3417068,3.116012,0.34033528,1.2857189,0.08030364,0.06387718,6.8623495,0.63974875,0.00076987606,0.8233735,0.0,0.93769884,0.13583785,0.74081874,2.1231024,1.6420366,0.19869913,1.6501305,0.1753593,0.60247827,1.5769274,0.36835873,0.038429137,0.067918435,0.16344759,0.13095443,1.4276751,0.23523964,1.1377364,0.0,0.35121742,0.026871452,2.805491,0.45331132,1.0053078,0.006358628,0.15762551,0.19629507,1.5067172,0.81459594,0.28103077,1.2070647,0.14636327,1.20473,1.157267,0.048888464,0.5736636,1.3758498,0.22603989,0.075132705,1.1610073,0.46791077,0.8333727,0.61633927,0.06547839,1.0553855,0.020104513,0.33651164,0.7990378,1.0481197,0.4178817,1.4936261,0.32357132,0.0043965587,1.9909201,0.7452965,0.29268283,0.043045092,1.7341537,0.86297977,0.3190981,0.7461877,1.2333906,0.03940114,0.7378751,0.06876449,0.42490062,0.023687612,0.0,0.28358632,1.3412447,0.75353277,0.0035169781,0.027063595,0.26818174,0.23491007,3.6469314,1.2227888,0.08325602,0.025803305,0.047571316,0.9222583,0.2295219,0.4261083,0.69720864,0.6927771,0.18049814,0.026587345,0.2168769,1.0273575,0.041132018,0.09930872,3.3197763,0.8971487,0.0074235965,0.60050035,0.17202505,0.30449295,0.03145916,0.6708743,0.80972874,0.23367412,0.28226015,2.2782388,0.82027185,0.053940553,0.0,0.47966018,0.35478723,0.5166322,0.17866664,0.37251344,1.4958969,0.0931681,1.0360347,1.3844712,2.1302648,0.30706698,0.33135584,0.75551784,0.27301776,0.017637677,0.3450887,0.57832265,0.17083156,2.0314054,0.5111695,3.2434576,0.6297508,2.44861,0.6273929,0.6425095,0.025891075,0.5518914,0.20218652,0.09197485,0.4980947,0.1322058,0.20478547,0.24604926,0.43148842,1.7606914,0.93749905,0.043612108,1.0221562,0.22029261,1.1359165,0.4785104,0.43498796,0.110335685,0.022766178,2.7415948,2.0266864,0.1004118,1.7762401,0.21844046,0.32247263,0.03999332,0.034117453,0.07586535,3.5936966e-05,0.6242044,1.2132275,1.1285764,0.08618339,0.036988527,0.39974695,0.16166206,0.8165709,0.39254296,0.57937974,0.0058984384,0.06812134,1.8694832,0.7079151,0.63353914,0.12811813,0.024313405,1.0885711,0.0,0.11453642,0.11872337,1.1870086,2.2021167,0.30352825,0.46415803,0.00087731465,0.0007815123,0.96903235,0.06208344,0.30313623,0.9250873,0.58693147,4.6275744,0.62598187,0.32704255,0.38394397,1.1983347,0.61368775,0.2887412,0.2755553,0.27692634,0.16895652,0.39472836,all_pothole_images\pothole_images_enhanced_624d03891e7ca907ff4042526792e433.jpg
0.031175924,0.4626193,0.057966486,1.6881695,0.035124447,0.06760613,0.8722332,3.073868,0.41817918,0.2659088,0.48403192,0.28948426,0.04676734,1.0655445,0.09271543,0.122913174,0.15301087,0.5414269,1.4393834,0.0,1.1835368,0.24957904,0.07872363,0.251957,0.38812298,0.16575192,0.49029875,0.54555106,0.10575045,0.20248091,0.018238511,0.020400042,0.1307635,1.1229565,0.07658624,1.000512,0.34724832,0.0030674927,0.07135411,1.8781459,0.0031780412,0.106710546,0.25231522,0.8048089,0.47740242,0.19738773,0.24327877,0.0,0.0,0.18240364,0.26432207,0.62534887,0.07156159,0.21034555,0.0092192665,1.0489424,1.1850816,0.24129221,0.8023443,0.09079254,0.008272709,0.14951989,0.36744067,0.26435483,0.70390445,1.6424079,1.0635065,0.023393903,0.09992301,0.15890403,0.02248197,0.26842347,0.019541377,0.046975438,0.008937471,0.0015595774,0.03028607,0.52546227,0.016336156,0.040648594,0.018087227,0.59965473,0.16003792,0.5080054,0.0009323208,0.3823469,0.06389052,0.22733015,1.0845696,0.016718892,0.029436637,0.026352683,0.0,0.0,0.6893502,0.0,0.105820656,1.0872875,0.19536285,0.3941311,0.15687813,2.4438825,0.29052234,0.42200243,1.1001942,0.09440198,0.052809335,0.12644215,0.373971,0.16724695,0.10971869,0.9414075,0.12669407,0.22413082,0.3900819,0.01859226,0.043258816,0.4403482,1.0495923,0.16233276,1.0514178,0.31437626,0.12494803,1.2141547,0.2130892,0.15104535,0.11065254,0.2370716,2.0446782,0.0,0.0004930207,0.91431886,0.040657576,0.9924166,0.16131507,0.08651021,0.094326094,0.19621673,0.067752175,0.0010110409,0.0085792,0.20285556,0.11932446,0.33330396,0.6305982,0.42628586,0.0,0.11633536,0.10900122,0.12813829,0.17610584,0.09227191,0.02174509,0.021138556,0.4112044,0.1813284,0.21022317,0.3608989,0.104460225,1.0407289,1.0670732,2.1235888,0.06572151,2.1847866,0.247209,0.3708466,2.838887,0.15028298,0.7317954,0.37660465,0.0715894,0.03532393,0.1795901,0.040695105,0.5093257,0.6344868,0.049774703,0.029570222,0.034833413,0.031101834,0.07203199,0.5971486,2.9893625,0.7792877,0.47526792,0.375859,0.010189677,0.009093747,0.27509242,0.31868452,0.07713736,0.01691235,0.24692968,0.96255517,0.10287434,0.26779526,0.28254896,0.26955488,0.6717916,0.0683724,0.3173431,0.53377455,0.59479505,0.066013716,0.5140895,0.0101625705,0.47990867,0.0,1.4724609,0.5869996,0.007917401,0.07654117,0.27146623,0.9673745,0.33249193,1.5843074,0.9306262,0.20758249,0.22664092,0.09858721,0.48949578,0.6394232,0.06574771,0.5670945,0.0,0.15098926,0.6186692,0.01482561,0.8627752,0.24868193,0.6570246,0.7706258,0.012829484,0.05635813,0.15073428,0.004679326,1.8804408,0.7458515,0.0,0.35472035,0.2834899,0.08833052,0.0154950265,0.102822885,0.23452552,0.013446027,0.15178229,0.42237154,1.3568354,5.6838155,2.4277592,0.0061243456,0.05453706,0.17629124,0.10269022,2.7897599,0.44947934,0.008700301,0.040765945,2.276054,0.19208857,0.10424134,0.28166878,0.13808787,0.19802439,0.0757693,0.021632362,0.45936045,1.3652036,0.10035616,0.117288314,0.0,0.27353758,0.11821871,0.14148878,0.13853082,0.24506712,0.009861773,0.05655365,0.23700806,3.3153007,0.12440481,0.055990223,0.09774266,0.10769102,0.103959724,0.20416535,0.038492773,0.18851581,0.0034823262,0.07075123,0.18744622,0.08467643,0.5189462,0.0136273485,0.1223018,0.014000159,1.5901546,0.18498172,3.1454167,0.86324996,0.11154688,0.28353912,0.0,3.2957332,0.115280055,0.019561063,0.0,0.13220313,0.10165283,0.5469907,0.5825176,0.80504125,1.0067005,0.40694278,0.78313655,0.07379269,1.3421332,2.564314,0.10195498,0.5771418,0.2072688,0.037981104,0.2433056,0.010060479,0.7617355,0.31420264,0.08758584,0.48556647,0.11437472,0.5946389,0.29077494,0.58686674,0.02849431,0.11080868,0.024871305,1.3071998,1.1605382,0.27670267,1.4194015,0.005016045,0.99444515,0.45926565,1.9290764,0.18126746,0.008956285,0.539176,0.6056653,0.14998016,0.015930176,0.27050635,0.039875004,0.062191814,0.5545627,0.0,0.27278373,0.5455074,0.15310408,0.0697208,0.08480385,0.25703773,0.30260098,0.99693096,0.08058165,0.034099437,0.119861804,1.4075023,0.00047761694,0.38910955,0.11121423,0.16669647,0.04544524,0.3710751,0.4182466,0.37339285,0.32726762,0.37896556,0.0075756162,0.04318733,0.50558674,0.38007206,0.074876115,0.24773146,0.0042758645,0.062256645,1.2721815,1.0991664,0.0048065754,0.03080803,0.4470534,0.08551965,0.089267395,0.032118212,0.865254,0.020585176,0.03525852,0.3926284,0.011027703,0.7122049,0.16917357,0.051699065,0.1796245,0.038476583,0.13517489,0.30898908,0.003621367,0.30118096,0.004232301,0.22559595,0.10212085,0.21526825,0.79484665,0.22824536,0.21930389,0.12586832,0.22368275,0.8657502,0.53472847,0.23496293,0.44463518,0.91556233,0.010277673,2.0637288,1.7994965,2.9845612,0.75734514,2.7080407,0.12753966,0.74829614,0.02632215,0.26165542,0.299652,0.12550513,0.09899206,0.109603375,0.303574,0.029990014,0.18190111,0.480222,0.36363935,0.041618112,0.074573,0.39514992,0.0,0.19647631,0.0005166512,0.12859744,0.008662603,0.6797588,0.76765174,1.9576341,0.10830778,0.065000035,0.026166672,0.6925972,0.68921965,0.2323297,0.2958943,0.22053237,0.76180965,0.5596833,0.46524763,0.0422991,0.048979256,0.061357725,0.34965748,0.14475074,0.024830345,0.0,0.3291658,0.27416298,0.5834737,0.46218917,0.0010391474,0.062931746,0.11703825,0.030293819,0.50747716,0.14268614,0.15900522,1.4916149,0.1450047,0.13300453,0.05247696,0.0044391244,0.019918695,0.55136776,0.0760322,0.9612548,0.44211045,0.13802059,1.9054023,0.040143393,0.0,0.007352617,0.0,0.37897992,0.24652223,0.0,0.29757422,0.26244766,1.0966446,0.16384,0.09747067,0.43073437,0.57793754,0.5889054,0.11921931,0.1276186,1.2029576,1.108406,0.12932844,all_pothole_images\pothole_images_enhanced_634020e916b78f67df5f0cb4a88896ae.jpg
0.31821522,1.4823289,0.015615571,1.9785011,0.62167156,0.27043456,0.0,0.0,0.22935216,0.84638524,0.32185507,0.25133905,0.0,1.6434052,0.21622336,0.39769515,0.1322974,0.10707147,0.20752665,0.06396902,0.6032634,1.364123,0.6166187,1.0519325,0.9674735,0.7277086,0.10157092,1.6207421,0.11195809,0.6799441,1.3872951,0.090781,0.6717069,0.29765338,0.101453766,0.22567663,1.1243558,0.8458629,0.19401114,0.21895576,0.048967566,0.09948923,0.6380694,1.2338347,0.6009128,0.06250101,0.26944217,0.49213764,0.08094865,0.065680504,0.23332354,0.2821301,0.071769856,0.044585504,0.017511992,0.64274865,1.1898618,0.03364603,0.018525155,0.0,0.0,0.13159052,0.8825003,0.2660079,0.17854686,0.19852531,0.27380612,0.0023019586,0.040845957,0.26849478,0.70091254,0.17209315,0.2755534,0.08720781,0.06224754,0.79510856,0.00619703,0.636365,0.066442706,0.33207005,0.14677857,0.60252863,0.01786493,1.368747,0.057942066,0.40883502,0.056118593,0.0,2.7194488,0.39120647,0.33622807,0.0033879126,0.14306487,0.1940377,0.13206844,0.0,0.060083263,0.89265424,0.50598484,0.555045,0.16431706,1.455737,0.53872305,0.09250351,0.73037875,0.021543121,0.28838253,0.20975375,0.029078217,0.41704866,0.0,0.95142114,0.75231606,0.57152754,0.8182905,0.5240576,1.4770818,0.0024453718,0.7603504,1.031914,2.2346694,0.0054031145,0.06611204,0.7390269,0.42639896,0.6829191,0.229467,0.8329585,1.2621247,0.2848618,0.26488185,0.018074233,0.027824,0.0,0.28607792,0.2806209,0.6043365,0.6901769,0.14996675,0.019192485,0.3180518,0.027551265,0.15402374,0.74017423,0.035273306,0.12876007,0.008545483,0.8284359,0.12785915,0.17496823,0.7455958,0.6157318,0.21639107,0.4322476,1.0200477,0.62470406,0.20270857,0.040918306,0.5977688,0.1570149,1.1459733,0.14037143,0.28895563,0.1403311,0.47805116,0.33943823,1.4872296,0.089395836,1.2510064,1.0884199,0.12748812,0.15912129,0.107165664,0.114746064,0.2882485,0.3391308,0.59531295,0.12104963,0.3825084,0.05209784,0.04857385,1.9401156,1.184041,0.6539382,1.4686764,0.6292092,0.05407098,0.3254787,0.14558691,0.30026954,0.31732166,0.2375627,0.27782574,1.6133562,0.5784401,0.030511787,0.47093877,0.24236746,0.37933782,0.20931807,0.4836349,0.45660764,0.05970885,0.42377853,0.04477484,0.6216161,0.45389867,0.11600553,1.2860297,0.003199059,0.0,0.41800478,0.6707998,0.7074287,1.2668916,2.0127034,0.60520524,0.09645091,0.40208352,0.097533636,1.1128092,0.023083497,0.0008524592,0.49850515,0.11507828,0.31113374,1.7295223,0.5070195,1.2333649,0.4004667,0.31927934,0.008564213,0.1473918,0.1202543,0.34177327,0.10167536,3.264213,0.009178007,0.5180763,0.50228816,0.122440085,0.06733572,0.6515714,0.50356203,0.5768965,0.029006334,0.4101223,0.0,0.21666394,3.81463,0.5599443,0.47512478,0.058778264,0.17905395,0.47114122,0.119924724,0.92201465,0.6240642,0.06410091,2.1395614,0.3181937,0.32431683,0.7009262,0.28407466,0.12173382,0.6081687,0.68764085,0.3607746,4.113422,0.022395745,0.16638005,0.0,0.4057764,0.13211882,0.58584017,0.7428078,0.007085516,0.06812116,0.26228914,0.35430047,0.38862386,0.17032495,0.3312774,0.9430318,0.27584454,0.4409491,0.69940174,0.3382719,0.90297735,0.05904875,0.24743703,0.095340446,0.12139521,0.8523403,0.6041047,0.22771314,0.18156016,0.029740807,0.09142413,0.78045666,0.13346194,0.5288876,0.07420351,0.49347994,6.397803,0.47191784,0.42234063,0.2522194,0.029936416,0.053037364,0.42600822,1.9408602,4.9786186,1.069129,0.19056657,1.4057506,0.018951789,1.8027792,0.89492494,0.17225249,0.37805086,0.0,0.3126742,0.27591106,0.003437867,0.10734956,0.9309466,0.046223227,0.3641425,0.33530796,4.0383167,0.3231843,0.027206015,0.36209172,0.38850328,0.19474569,0.87001103,1.1376739,0.71047443,0.17472857,0.76120925,0.42316452,1.5294466,0.02235767,0.47116143,0.21789537,0.71922815,0.3408328,0.24576594,0.021886198,0.33241457,0.9020485,0.15356259,0.48039347,0.24879953,0.006822778,0.08196523,0.9450676,0.14442994,0.7110232,0.0,0.66417676,0.3717488,0.41899672,0.025015792,0.24067505,0.52493495,0.02660581,0.16603212,0.05824485,0.67460555,0.14848115,0.074391656,0.010967771,0.31610653,0.09049925,0.17969191,0.7806142,0.39657357,0.31099805,0.6380235,0.106921256,0.56419194,0.16292463,3.33897,0.5199966,1.0037774,0.10106402,0.03695073,0.8060911,0.19172949,0.4962433,0.37782788,0.43527162,0.028159248,0.15331614,0.98005736,0.59770787,0.0,0.023921601,0.43432695,1.0435642,1.6103444,0.2563927,0.44649288,0.6279023,0.47659168,0.16006477,0.19618705,0.31272563,0.5418386,0.048643228,0.11034304,0.09029932,0.14070295,0.8677724,0.02066077,0.84780985,0.07990181,0.002324372,1.6542788,0.14706554,1.7651802,1.5999264,1.2158364,0.71197397,0.8659422,0.8857192,0.06558047,0.37897748,0.06759557,0.15099826,0.60988396,0.34978238,0.14905326,2.7086852,0.13060634,0.17468596,0.046267543,0.7253673,0.8458062,0.24978317,0.4511214,0.12886429,0.280794,0.0,0.9587227,0.54996115,0.11881193,0.24235465,2.5579162,0.30716062,1.2290895,0.74175555,0.28571355,0.55406076,1.3495618,0.15615037,0.14097016,1.6083188,1.2780259,0.13135102,0.46227708,0.0071402336,0.8101009,0.057226006,0.0,0.0,0.3304237,1.5094147,0.99207306,0.19628641,0.16867384,0.23334199,0.52599186,0.02308429,0.35617563,1.3553169,0.24975805,0.14775436,0.06891104,1.5877365,1.2576672,0.30109575,0.06062359,0.21178521,0.725354,0.1569977,0.79765576,0.27492103,0.37015027,1.2262546,0.21408516,0.00024795014,0.005414428,0.030803721,0.1616674,0.23834346,0.0074950485,0.13914658,0.09283509,4.5332775,0.46546128,0.6102641,0.3302498,1.2468162,0.08173429,0.09028883,0.29809877,0.85839766,0.04550473,0.29285136,all_pothole_images\pothole_images_enhanced_6353faca2513c28b114776fbc8923b3a.jpg
1.8207403,0.57355523,0.4723028,1.8132452,0.69899577,0.14483158,1.317542,0.12512586,0.595511,0.6590548,0.15606873,1.9221847,0.0,1.4235721,0.007033352,0.112398595,0.0,0.8588479,1.1235393,0.6348461,1.0610852,2.076261,0.08747992,0.037231177,3.1199777,2.0326104,0.54600817,3.443542,0.09565141,0.3579266,0.00076457375,0.10426628,1.3645865,0.09416041,0.12058786,0.27748418,0.035978675,2.0024946,0.031367444,0.12107757,0.0,2.471216,0.1593051,1.738701,0.6116797,0.6500554,0.5699786,0.045780964,0.16352324,1.20628,0.20859091,0.48650008,0.2246134,0.010813438,0.43340254,2.5374262,2.9192457,0.29268584,0.018736878,0.0,0.24943332,0.7732092,0.9311852,0.5165033,0.099451445,3.137433,0.44871163,0.08621154,0.08163698,0.5757841,0.37712815,0.8110012,0.015861414,0.7388425,0.49116978,0.042651877,0.26659945,0.05527268,0.0,0.29110077,0.9566297,0.051227544,0.052093633,0.46744093,0.20810674,0.0,0.82540625,0.13428578,0.8022452,0.025973642,0.25681895,0.2129918,0.0,0.20734125,0.23045166,0.058335867,0.3037104,1.2734997,0.69969696,1.9258761,0.0019214697,5.0836425,1.0496067,0.16833961,0.0310589,0.027587637,0.46140912,1.1001796,0.0,1.1614192,0.053086534,0.79076904,1.3782219,0.1450042,0.5673309,0.17803036,0.0,0.017819785,1.2813735,0.056012474,2.7908106,0.055078577,0.027081843,1.449086,0.71104914,0.04636496,3.0245578,0.109373555,1.2364008,0.0,0.16011809,0.029645381,0.05488774,0.71218884,0.2648757,0.5913892,0.5561494,1.5498952,1.3266995,0.3560789,1.0963601,0.005139588,0.15826653,0.019794133,0.25396338,1.2247545,0.040893335,0.16086954,0.03428154,0.05823187,0.4492649,0.34143168,0.0,0.061317146,1.105452,0.39762458,1.0017163,0.11279011,0.99804693,0.7585961,0.6628986,0.05003296,0.36430502,1.6449993,0.17619778,0.30588454,1.1378218,1.4332336,1.9445437,1.5965724,0.0,0.008128768,0.0,0.8925171,0.091739595,0.0,0.57711595,0.23324776,1.6887883,0.25415757,0.03417242,1.7193123,2.6077814,0.53322065,0.8804922,0.28331488,0.7733651,1.2370106,1.7134087,1.3842175,0.7215927,0.026353706,0.0600658,1.8698832,0.5503801,0.18169792,0.8029232,0.32179794,0.28885245,0.22775431,0.06071086,1.8544931,0.7119202,0.8248268,0.33052677,0.251946,0.37490082,0.9590363,0.32606936,0.23975006,0.0,0.16860104,0.42825964,0.35701406,0.85002977,1.6589816,0.1886043,0.0062965094,0.2879994,0.04987955,1.4990946,0.25617287,0.55772954,0.045763526,0.0,0.20742054,2.3607872,0.0,0.6998024,0.7244873,1.0499176,1.6427263,0.0665267,0.19211571,0.55974174,0.0,2.1693714,0.0068890695,0.01089476,0.273671,0.123186916,0.0026608882,0.0,0.009416397,0.35457847,0.0,0.11274285,0.16284843,0.7883825,3.6417398,4.5345364,0.21004461,0.03395883,0.57264864,0.013677916,0.62724763,1.8020072,0.020315072,0.8297359,1.7224233,0.018485038,0.27023217,0.31189477,0.85709924,0.032265928,0.5028975,0.116714925,0.13403383,1.2566649,0.06754764,0.03976051,0.086041324,0.29493353,0.0,0.51985985,0.09694655,0.0,0.5566439,0.53703076,0.17545003,0.60310096,0.0603141,0.6503467,0.5625463,0.0033800723,0.18133928,1.9645113,0.26237017,0.84624505,0.0,0.5740553,0.12446583,0.037182953,1.0939692,0.036542278,0.22706105,0.2108798,0.658442,0.3094278,1.1417924,0.6434348,0.9655198,0.8047141,0.42389733,5.0450425,0.5474277,0.19325157,0.17629665,0.33049518,0.7637172,0.40358981,0.68942314,0.15151212,1.4962059,1.2515386,1.7059054,0.5758331,2.2344437,2.51815,0.056629688,0.01864933,0.11019039,0.01596095,0.0,0.7068565,0.090039514,0.40092292,0.13888924,0.683469,0.12146062,0.13098063,0.32139623,0.012258526,0.4295063,0.0036428685,0.53985393,2.4617696,1.6311154,0.15772279,1.8336049,0.078854926,0.5563461,2.3519912,0.43893152,0.94373554,0.0138288215,0.87103736,0.49720973,0.09318965,0.44179535,1.9480199,0.17020343,0.4347275,0.83079016,0.033940416,0.04048639,0.32838914,2.5036979,0.06180055,0.6119897,0.9922807,0.029693218,0.053154886,0.45241144,0.032609396,0.0029303017,0.80318856,0.029939963,0.17572393,0.36584103,0.9976078,0.017074766,1.0245125,0.024592958,0.23813023,0.19324423,0.008149883,0.0,0.19493645,0.20278628,0.08757534,0.0002966025,0.5212767,0.63135195,2.6769285,0.22987553,3.585063,0.0,0.025807146,0.54258394,0.8851349,0.0,0.064461105,0.40882036,0.038325198,0.0,0.758533,0.023776283,0.122064725,0.3862279,1.0936286,0.7434848,0.18320808,1.3976529,0.2837222,1.1321391,0.05138161,0.4745913,0.75657856,0.27275205,0.60888445,0.49206963,0.0,1.0696703,0.55416274,0.13060775,1.1231979,0.74656576,2.4453263,1.0516661,3.1752272,0.04970571,1.968592,2.0318003,2.8602717,0.03518652,1.0248983,0.45557123,1.1891031,0.042175137,0.626477,0.030406602,0.17227072,0.6347229,0.37508753,1.2128677,0.4684983,0.5253162,0.7839117,0.26207668,0.1927015,0.015523363,0.0047786385,0.12641874,0.99021095,0.004616848,0.29756242,1.5056521,0.291418,0.8016295,1.5670519,0.055916406,0.66737276,0.05476893,0.22132835,0.4894141,0.7655053,0.021066291,0.060221437,0.8942191,1.3698202,0.30550474,0.029780392,1.2392532,0.5165049,0.12646067,0.0,0.020887248,0.16426398,0.85536814,0.30620575,0.8498965,0.07088939,0.0758262,0.090150245,0.086486846,0.35851583,2.3085692,0.73130083,0.0,0.24474147,1.5185472,1.0954199,0.77587676,0.0038872384,0.023622146,1.1435866,0.022639766,0.32630938,0.0,0.38183904,0.18755665,0.05026513,0.9983758,0.005804962,0.069521464,0.9054553,0.043578118,0.08490481,0.82811236,1.3272178,2.518417,0.23354642,0.47612932,0.48224354,1.3734716,0.04234737,0.0,0.112479635,0.0076764748,1.0057324,0.1384291,all_pothole_images\pothole_images_enhanced_641f005c4f0f5cb00646a12ba3aea31a.jpg
2.070864,1.2468506,1.0896418,1.3535697,0.40740508,0.39957377,0.8934893,0.6719508,0.1972863,0.13378137,0.63739645,0.35726392,1.5534221,0.44280666,0.094234325,0.20215139,0.92108,1.9947237,0.85985816,0.6565836,0.53867996,0.0,1.6014727,2.8522596,0.07390925,0.46816093,1.1151446,0.9967055,0.5814675,0.36211956,0.17678422,0.83873504,2.3866887,1.6349378,2.6124556,3.6498687,0.4803583,0.38922516,0.7189276,1.1745591,0.0314968,0.20840976,0.33310753,0.94032466,0.058887657,0.49732932,2.11984,0.8073854,0.06271047,1.7101486,0.4817251,1.8226188,0.94009006,0.046247452,0.45438796,0.31758487,0.24301009,0.120098576,0.8990952,1.7226053,1.1897386,0.3033427,0.6540198,0.51401013,1.7052449,1.8063701,0.2616867,1.602218,0.61327946,0.2672493,1.2666494,0.5688652,0.27880064,0.06784801,0.00020024569,0.042666055,0.7101456,1.3498241,0.064254954,0.56210184,0.73680145,1.2671493,0.70601577,0.6782487,1.0047239,1.1962122,0.14002444,0.00860089,0.51498014,0.15707406,0.023986967,1.8759675,0.6839905,0.041541662,0.7528476,1.2971077,2.008533,0.8871836,0.69805896,0.17213202,0.009947506,0.59506273,1.3026906,0.29188964,1.5719849,0.52734995,0.015112925,1.5660365,0.08525095,2.1338944,0.04209765,1.6245555,2.587918,2.4622748,0.6438433,1.2685137,0.5805944,0.17611505,0.2847039,1.1408561,0.08087659,0.21469949,0.48039317,1.5986602,0.69378006,0.11175515,0.37329444,1.0745496,1.4897753,0.15087725,1.1948104,0.7013103,0.9195242,0.1768666,0.042859506,2.028907,0.04851631,0.13672303,0.5207251,0.8644034,1.9682069,0.15335381,0.80250144,0.9231027,1.1161611,1.0888823,1.6518732,1.1041324,0.10651534,0.1230313,0.25356942,0.78399205,0.45923668,0.0,1.4613323,2.0579326,1.3032585,0.009196928,2.438339,0.0014524129,0.6139527,0.78558475,0.0,0.17408074,0.2261497,0.26439685,0.3870884,0.05454463,0.4729968,1.4255282,0.48134276,1.6633149,0.75029457,2.388022,0.49545142,1.857263,0.24478398,0.4599978,0.17599328,0.7708942,0.4414377,1.075841,1.9321796,2.9988914,2.3344548,0.010624567,0.056205075,0.14647695,1.7378842,0.005631218,0.26189628,0.29507434,0.889279,1.0060681,2.002053,0.27039495,1.3125666,0.32153678,0.9076571,0.20641798,0.15821469,2.5141172,0.05973068,0.46812662,0.5605153,2.3772023,4.1287384,0.016292917,1.8523784,2.9220383,0.0,0.6952368,0.33393088,0.41478553,2.5301785,0.7484604,2.3394969,1.0414231,0.6740928,0.057432644,2.8427188,1.5873687,1.3787272,1.1610925,0.055723574,0.4501809,1.0150708,5.6993194,2.2888625,3.264923,0.4283389,0.16248387,1.616216,0.7821689,0.040495243,0.71288097,0.81820476,1.8822709,0.3942649,1.7635146,0.10910037,0.44403908,0.61214703,0.16908859,0.10644396,0.8043913,2.1990092,0.5777285,1.5378764,3.036504,0.17637883,0.9816325,0.92071944,0.2972747,0.57637787,1.9069606,0.5526221,0.88271767,0.13109526,1.916557,0.09593849,0.6683485,0.5184474,1.4251866,0.13860902,0.37094465,1.4392674,2.0241873,3.8323724,0.41341382,0.23045084,0.0349209,0.23495764,1.678279,1.2280457,0.34762284,0.57299876,2.090302,0.21113563,0.55106634,0.08094295,0.66428256,0.34480503,0.0,0.19785449,0.09564152,0.5841009,0.02064884,2.2944696,0.25870988,0.6687481,1.2475357,1.1643796,0.29829255,0.2010318,0.9793442,0.89500034,0.21056801,2.0675786,1.0313928,0.36746752,0.75702775,0.19004373,0.08012634,2.7710135,0.009764412,0.1740076,0.0,0.008177324,0.16946614,1.2116051,0.2092586,1.0714078,1.7037061,1.9295365,1.9163657,0.1149531,0.25034982,2.7817945,1.1603175,0.7398529,0.16783787,2.1405075,0.77278465,0.9932452,0.7253497,0.56578493,0.02292496,1.9332688,0.29986638,2.6581569,0.70219016,1.9007905,0.26686242,0.0830912,0.0062092007,2.1034615,0.81122917,0.7237244,0.18824387,0.29402375,1.3601971,0.85733706,1.1969632,1.4445039,0.81596404,0.1774457,0.45610467,0.091903,0.05130453,1.1483253,0.92807776,0.4960138,0.46156138,0.51499265,0.99309427,0.45066214,0.09802978,1.1506366,1.745419,1.1714815,1.8931066,0.6298365,0.67713535,0.030949255,0.092211336,0.84887505,0.48107427,1.6755393,0.91641384,0.117964916,0.8078368,0.61112297,0.15631029,0.37049752,0.015160406,0.3879628,1.0362905,1.2499447,0.67316437,3.4673111,0.18285637,0.20141126,1.8157024,1.6966853,0.053015508,1.7851313,0.941078,0.027938314,0.114971265,1.056748,1.8365682,0.7253821,0.17437506,0.3162002,0.27334303,0.9157823,0.09891387,0.58538634,0.48560455,0.049611498,4.5175114,1.4041057,0.09248433,0.6181989,0.0,1.5419253,1.2977589,0.044598855,0.2770146,1.1737559,0.5384399,1.5044817,2.808434,0.08851456,2.658003,0.5077248,2.0567946,1.9928867,0.022156233,2.0571215,2.808885,1.1300691,2.6007855,1.8320981,0.5069738,0.7402072,1.0165248,1.3715217,1.3373754,0.062460188,0.4022061,0.6923158,1.9008751,2.3373356,1.1805503,0.25337338,0.21047382,0.11442951,1.5200251,0.83790284,2.0499067,0.26247543,0.32124698,0.32666796,0.08440498,0.5781489,1.7308655,0.06634156,0.9525332,1.6378537,1.9127,1.2503862,0.89103746,0.0013872817,1.0380323,0.70753026,0.043861136,0.3918362,0.24417883,2.68918,0.4331467,0.56703234,0.9343437,0.36012673,0.4070577,0.3199044,0.037828803,0.56215024,1.4262422,0.79443306,0.6193803,0.10920415,0.6506853,1.225617,0.11987937,2.2267795,2.4475856,0.97206223,0.25040296,0.57074976,0.14135315,0.24890198,0.7951195,0.08495372,0.8173501,1.0234417,0.93100536,1.0287335,0.018319387,0.93700653,0.33518833,0.081175864,0.617525,0.0733763,0.2861273,0.8023013,0.15509456,1.0499603,0.20979647,0.5716835,2.1546743,0.20815697,2.828701,0.9714841,3.1023612,0.54608226,0.07772847,0.39066416,0.9109837,0.5829328,0.23344222,all_pothole_images\pothole_images_enhanced_6456796aedcbffa91f1f04f14d3c7b80.jpg
0.23529723,1.910077,1.0669891,1.341388,0.9626963,0.21647727,0.4352473,0.0046874243,0.02539336,0.6783613,1.1938783,0.14008397,0.13426447,2.1320276,0.15277576,0.765928,0.3716419,0.03564906,0.64555264,0.12538329,1.0740135,1.511886,0.38209003,0.9880698,1.0490625,0.28102967,0.34512392,2.3931928,0.32758832,0.23211347,0.3850314,0.08194659,0.058967154,0.23307063,0.27975583,0.34594715,0.3639431,0.84124225,0.50002855,1.1640356,0.11535658,0.10078739,0.50886464,0.75431925,1.2356402,0.4969073,0.027173122,0.0,1.0290427,0.35272443,0.6666746,0.062447265,0.66196996,0.257373,0.019741764,1.1525973,2.1542356,0.3050762,0.3008935,0.1653148,0.62686723,0.08985072,0.48612523,0.07801492,0.24563004,0.98521185,0.3726246,0.24188598,0.15355137,0.4847696,0.20656751,0.79680234,0.56315637,0.14952998,0.3950665,1.0050435,0.1440438,0.6673276,0.0040246155,0.84196705,0.22738244,0.2144237,0.11286047,2.5571089,0.5906683,0.55458564,0.059002064,0.07659486,2.4104004,0.71225905,0.35828173,0.62577873,0.027770912,0.17870104,0.041777045,0.18515891,0.4344607,0.9668443,0.32899287,0.79462403,0.22736777,2.056828,0.17915367,0.1742236,0.23876382,0.25633016,0.4206609,0.1930258,0.26363224,0.52103174,0.17796867,1.9733526,0.038746458,0.36696172,0.29243454,0.3777236,0.7466607,0.40812868,1.4157193,0.56035596,1.3465289,0.72258514,0.14902598,0.75500816,1.0197622,1.7201933,1.3000294,0.0676761,0.41334096,0.48152384,0.022171564,0.23940852,0.14581466,0.31306076,0.3045337,0.11327484,0.7466958,0.18106174,0.4877405,0.0024865423,0.45037517,0.52413017,0.036806285,0.23659414,0.036582954,0.33915654,0.1547981,0.034388874,0.16159578,0.80188173,0.2779736,0.6760308,0.13792647,0.3946375,1.4618853,0.2862962,0.3880141,0.3050763,0.3085104,0.49797136,1.200935,0.6553171,1.1142823,1.8905007,0.6335337,0.29564887,1.0584859,0.13593313,1.6268412,0.75148237,0.009145379,0.108958796,0.18213046,0.11252391,0.68742937,0.24349947,0.5279591,0.061658185,0.037584424,0.4140466,0.001965538,1.9531698,1.8586621,0.72382075,1.5446901,0.18178497,0.3368705,0.4461614,0.7209626,0.47480595,0.14551,0.21262337,0.22408956,0.9554624,0.45064855,0.0769533,0.13233219,0.63845694,0.39350054,0.84643924,0.46067327,0.87065315,0.347875,0.37876034,0.74608874,0.20664273,0.11903436,0.053243674,0.37030527,0.32024148,0.116172925,0.5055744,1.6110616,0.689577,0.64357424,0.8664834,1.0977877,0.022145877,0.6409659,0.43872526,0.49237245,0.026949352,0.7295758,0.46103823,0.30915064,0.12783526,0.69810945,0.34462878,0.23300026,0.5972379,0.18480939,0.43446755,0.104247384,0.09297906,0.1655622,0.25014612,0.7148141,0.10924042,0.20283705,0.12747695,0.44606608,0.061490122,0.14500411,0.4112371,0.31373805,0.0,0.44089118,0.07787029,0.1036698,3.6813593,0.3194199,0.1398304,0.5717925,0.0261307,0.20538968,0.027817074,0.8298553,0.5709308,0.9164622,2.0174632,0.446768,0.12546119,0.53358495,0.1325735,0.3716971,0.72488964,0.14364938,0.57073367,0.7965301,0.0,0.62476933,0.008598659,0.53195024,0.40651315,0.75669,0.8570283,0.21630709,0.20718174,0.024793785,0.1073086,0.63319707,0.2630066,0.13411057,0.2320567,0.7227137,0.62444973,0.37942636,0.42826056,0.61424065,0.2158123,0.6411115,0.4861803,0.16143367,0.84692305,0.25139233,0.95804316,1.1081637,0.51932967,0.62785685,1.2509507,0.208372,0.24763425,0.041108735,1.1658533,3.2040672,0.16519262,0.0007101686,0.80484927,0.3383278,0.687391,0.19764806,0.2994375,3.954855,0.84221256,0.08878931,0.23152037,0.1388871,0.89375365,1.709126,0.15771958,0.12072958,0.12872475,0.13886578,0.8191645,0.9902014,1.5163122,0.27900422,0.37467194,1.14903,0.8852704,2.1736033,0.3000323,0.027812695,0.0,0.24039708,0.16096486,1.3676621,0.43021724,0.36796615,0.2568232,0.1419848,0.2207119,1.6350088,0.38592693,0.3173446,0.103200994,0.032709185,0.22592862,0.22315027,0.25019395,0.41571888,0.887352,0.3092934,0.53639257,0.2223283,0.08296525,0.8671056,0.14638598,1.0254767,0.73470914,0.0007037396,0.0,0.7723185,0.32734624,0.07246411,0.36731493,0.8258869,0.7998198,0.31817392,0.15934496,0.90839064,0.65027666,0.5529068,0.5102314,0.87532514,0.21245295,0.036644254,0.08975774,0.08904546,0.19410847,0.16262709,0.21910651,1.0431179,1.2234569,2.6248913,0.533005,1.176582,0.01946638,0.46469268,2.8658075,0.76283824,0.8603159,0.08986921,0.35389826,0.09204338,0.017479138,0.16366611,0.5783133,0.33062074,0.013933754,1.6768204,1.0380768,0.050684143,0.9873963,0.108475156,0.5242933,0.18732767,0.3030663,0.75215185,0.084488936,0.24873266,0.114992775,0.27778548,0.4064222,0.021046044,0.41855544,0.4141032,0.16324465,0.5030526,0.20478392,1.6819458,0.20152107,0.3297427,0.46562392,2.487172,0.06750866,1.0934509,0.63550735,0.36553368,0.36652184,0.83572567,0.44137624,0.3942177,0.4871144,0.66713166,3.011954,1.2306995,0.15407145,0.14629066,0.31844312,1.5408353,0.30419618,0.061485846,0.58359987,0.2969658,0.26447257,0.89450175,0.75059277,0.2548219,0.77724254,1.0202155,0.13569662,1.3413363,0.2045701,0.7962988,0.9002651,0.6342153,0.57295173,0.24857302,0.49260777,0.51959723,0.1794618,0.35459256,0.26483878,0.13563079,1.0047215,0.49700078,0.03760092,0.7076979,0.36948648,0.58617675,0.25385746,0.0875269,0.032291826,0.9360375,0.2392977,0.35224548,0.101738945,0.6251102,0.030307146,1.0251678,1.9984764,0.8332948,0.13350546,0.18986209,0.18966652,0.8446364,0.038164906,0.09077096,0.1494935,0.672753,1.625941,0.0,0.018885966,0.0041177073,0.4491384,0.32070896,0.26881373,1.0176291,0.051906146,0.02001837,2.6202781,0.4049126,0.6954732,0.041805238,0.19920376,0.13730441,0.5824951,0.054608047,0.8049615,0.45915377,0.15694632,all_pothole_images\pothole_images_enhanced_64b9644beeb3a1c52f749ca55b55880c.jpg
1.0632461,0.23216295,0.0017135704,2.3149042,0.80202544,1.428165,1.271377,0.27041513,0.24664785,0.9403382,0.5203482,1.687614,1.0098859,0.9827376,0.1434299,0.1759484,0.25019795,1.7636002,0.4888956,0.1207676,0.6256055,3.4649305,0.8925837,0.66507226,0.6111715,0.11622039,0.6906221,3.0866342,0.2955106,0.4488907,0.83309054,0.8631081,1.2337453,0.69747037,0.5616597,1.1239921,0.41041082,1.1268424,0.089057125,0.3308304,0.0009992967,0.46356043,0.2255232,2.0146122,0.05636214,0.36145547,0.14701563,0.2434297,0.98525417,2.5442169,0.85353214,0.5145855,1.5587896,0.68499297,0.9164373,2.2040906,0.771961,0.86137635,0.38068748,2.101514,2.214021,2.1368563,2.4977355,0.40700546,5.197941,3.287656,0.14231421,0.29654893,0.37395006,0.83738506,0.4289732,0.109803505,0.45492274,0.27240977,2.2248104,0.8478295,0.15107195,0.45737284,0.21934436,0.026793841,0.48576704,0.1900444,0.33078256,0.58681065,0.4141402,0.32500508,0.6630544,0.6596388,1.5237404,0.0531008,1.0347136,1.61344,0.6009203,0.08166129,0.36449757,0.5753829,0.0803387,1.0050534,0.23945582,0.036259938,0.0217673,2.3380485,0.9527322,0.38851565,1.5129772,0.52918136,0.96820056,0.3469829,0.013493941,0.7734761,1.138446,1.8540853,1.6201112,0.60860074,0.5115962,0.4156044,2.0244896,0.6996652,1.4988303,1.0629044,2.2203772,0.7584063,1.0341552,3.7428482,1.1764253,0.79783356,0.08229111,1.1457818,2.3919594,0.74143165,0.2091486,0.061926752,0.38771364,1.4957534,0.000502227,0.21820438,0.11458686,0.95283556,1.0524364,0.82340986,3.0711439,0.6742269,0.15461384,0.63568383,0.34079298,1.1891,0.34185362,0.04317534,0.1324355,0.412697,1.5911015,0.4925885,1.0368358,0.004428311,1.8401891,0.10890959,0.7804934,0.8156249,1.6839396,0.73672235,2.910533,0.64755654,0.004824727,3.0956771,0.040427614,0.13862063,0.79622275,1.7181554,2.9685237,0.42104647,0.31712726,0.1332464,0.10910697,0.32852712,0.98025155,0.47157356,0.0727074,0.296625,1.09086,0.48804346,0.24331178,2.7430375,1.3826139,0.09177166,0.7387712,0.5847453,1.0940698,0.12650745,0.49629572,0.72326356,0.1506914,1.0176153,0.23863395,1.8923068,0.0,1.1316582,0.80674773,1.1088688,0.5394358,0.91143405,0.73097456,1.8093694,1.7765179,0.61028624,1.2895101,0.5781276,0.5773846,0.5626617,1.1449089,0.8837677,0.2698689,0.16995285,0.41793284,1.0654455,1.1811233,0.72192675,1.9682144,0.36974987,1.083964,0.6270442,0.13928428,0.25235513,1.7913121,0.04046143,0.037406396,1.392842,0.84278876,0.11513853,0.6758434,0.1456096,1.121992,0.14977555,0.11386434,0.81765395,0.22593336,0.20893577,0.055365376,0.700222,0.0,0.6623508,0.422655,0.023656245,0.2315135,0.2140496,0.33605802,0.018326225,1.1747034,1.3872764,0.98291075,3.485348,4.3299384,0.05245189,0.5649946,0.002473657,1.1991395,1.4895045,0.11976398,0.34076658,0.61751837,1.4599284,1.2114768,0.53921586,0.25355685,0.24033098,0.9560218,0.9808669,0.0056411116,1.8803031,0.041261274,0.30474994,0.71136326,0.4800358,1.1662436,0.78683954,1.0289227,0.41676793,0.8115167,1.5531033,1.8818392,0.17525363,1.1121807,0.8163498,0.28228328,0.47001997,1.1276846,1.130005,0.75244856,1.3839351,2.5240686,0.42294392,0.08361536,0.2675462,0.8609129,0.79404736,0.057451844,0.19672681,0.83321124,3.1313617,1.0113108,1.1839321,0.04891811,0.74155337,0.016119214,0.56728333,1.5521663,0.19014518,0.26014134,0.19800739,0.032847017,1.3107531,1.6242392,1.2122637,0.5371177,1.0021446,0.30032265,0.291013,0.1573475,0.6190728,1.7773687,1.0944872,0.5852465,0.020727351,0.003988873,1.1244543,2.6893976,0.45860133,0.8633074,0.2595319,1.5737258,0.30891275,0.48493868,0.33225858,0.27605987,0.22797152,0.1066514,0.20667528,0.88193667,0.6291009,0.99751043,0.18650582,0.56298566,0.4193752,0.7868797,0.1962956,2.2126844,0.56965446,0.03277119,0.39430326,0.72944283,0.036128365,1.5775766,1.4403219,1.1166917,0.2976119,0.45434794,0.29136834,0.62464786,0.6838155,1.7752894,1.2300682,0.6301751,0.027800782,0.08405551,0.67581695,0.22954726,0.0,3.6291819,0.58866733,0.2800232,1.5739799,0.6197387,1.0843345,0.70962983,0.23768222,0.8928753,0.5236189,0.8945674,0.3810809,0.6425378,1.2446451,0.21896519,0.006780305,0.39154804,0.12389687,2.5956533,2.669461,0.7441669,0.2753165,0.41842163,1.3306032,0.735208,0.8390541,0.46077782,1.162255,0.10218469,0.8376391,0.8451574,0.72144645,0.093159325,0.79919815,3.1825166,0.57328707,0.29155812,1.788852,0.9132749,1.2255884,1.0929121,0.7602231,0.7869174,0.7867334,0.91443795,1.725441,0.5409218,0.11169504,0.55966145,0.37118724,2.651642,0.513586,0.09983286,0.9516378,2.676467,1.1977602,0.7738437,1.8266703,2.7440164,0.67143404,2.9591138,2.4230146,0.40296078,0.69282097,0.36055857,0.46311653,0.348358,0.025166212,0.4640749,1.293703,1.0193319,0.4441614,0.39636758,0.29640013,0.5533513,0.29361483,0.98739624,1.0534942,1.1591384,0.32342845,1.142269,0.40134174,0.8576997,1.3985056,1.0092456,0.5260841,0.005279041,1.037609,0.9374838,0.45397848,0.8504433,1.0849807,0.41412207,0.312944,0.7290113,1.5845098,1.8237809,0.7820207,1.0411584,0.13097075,0.061507385,0.39965558,0.52401704,1.0798123,0.9213059,1.0594636,0.14167814,0.5468611,0.38228875,0.65600353,0.030500105,1.4296753,0.041546743,0.0012908548,0.38979307,3.036306,0.89286435,1.0269928,0.22886431,0.8936244,0.4191263,0.025875611,2.2153008,0.013347461,0.4145446,0.5596332,0.33354026,0.49674067,0.24163382,0.2476886,0.34135017,0.05542056,0.36511898,0.35696006,0.23028095,2.1929417,1.9161651,0.6002102,1.2146151,0.35209036,0.0,1.0253657,0.1759025,0.4309085,1.1836876,0.37015852,all_pothole_images\pothole_images_enhanced_656b2485e852e58a352b5063c5c90b7a.jpg
0.609221,1.3346897,0.038820185,1.3433982,0.023543583,0.07791265,0.34748134,1.9780973,0.47690558,0.21639341,0.37380716,0.620151,0.0098942965,1.8986131,0.050794393,0.28446323,0.48009816,0.3565347,1.5629003,0.080325365,0.51948637,0.7610743,0.1832437,0.5625629,0.03378647,0.24919322,0.012489117,1.2597615,0.2902808,0.25557822,0.043718692,0.097311154,0.28587946,0.03870854,0.0,0.45462683,0.470861,0.8683629,0.56939465,2.696041,0.08887892,0.012448021,0.23866965,1.3036319,0.7070451,0.46123663,0.0,0.19631006,0.51909137,0.08513203,0.006920948,0.09615249,1.0194983,0.017158905,0.017129611,1.2023807,1.4641873,0.044476196,0.0,0.06226356,0.0,0.053700637,0.38723207,0.23101553,0.08568055,1.442655,0.8940227,0.122735195,0.3544177,0.33867225,0.43555722,0.24528189,0.09774566,0.007914137,0.05316592,0.056705553,0.0009021168,0.2670363,0.2517119,0.08825919,0.043844596,0.48873845,0.47526145,1.8965993,0.3191359,0.21709204,0.2987619,0.052062996,1.3998235,0.16809884,0.0,0.18912728,0.0052715717,0.023423666,0.07594431,0.00639098,0.32343242,1.2101046,0.07724796,0.037377752,0.26059937,1.7829704,0.2654198,0.0,1.1478467,0.025420412,0.07786859,0.0,0.0012026647,0.16625461,0.04414297,0.24723968,1.1365846,0.2817281,0.47583494,0.2982465,0.0147332875,0.016904302,1.2938796,1.4284756,1.7103411,0.12620379,0.012944191,1.2900304,0.1851625,1.4604634,0.13884252,0.16316265,1.0279682,0.011390496,0.014049101,0.05939503,0.0027424414,0.3675191,0.44254124,0.48624542,0.0,0.7380735,0.0756191,0.01889255,0.2625476,0.0,0.63373435,0.1203427,0.02399799,0.7868914,0.07721401,1.0761307,0.09669593,0.22586508,0.77309525,0.30731407,0.012122672,0.045657866,1.3054466,0.045174647,0.17446819,0.0,0.6591321,0.38491744,1.1042683,1.3983384,0.07198104,0.20438461,0.68309253,0.0,1.6284267,0.046765484,2.564042,2.2939627,0.058281954,0.00426217,0.0017342331,0.067756556,0.5989068,0.20529729,0.03560345,0.0,0.06649496,0.0,0.16283637,0.28832403,2.2877269,1.3725525,0.1288453,1.0588557,0.26800242,0.15925999,0.059157282,0.38372397,0.024090314,0.046883438,0.023431081,1.4498305,0.23666248,0.0,0.040316943,0.06146715,0.1105101,0.4546765,0.101365946,0.7721556,0.9337406,0.38061166,0.34433988,0.01242796,0.6517343,0.08248543,1.5667629,0.6200538,0.0,0.18497175,0.78663456,1.3081808,1.2896085,0.68501794,1.7138659,0.2531661,0.15124708,0.11633931,0.05078484,0.5446257,0.43201587,0.43343827,0.014074791,0.0,0.9312837,0.0024323226,0.72910815,0.15631625,0.010105188,0.40667483,0.17003778,0.05117425,0.035952613,0.048977315,1.767021,0.05559133,0.0,0.06427413,0.10448672,0.29793838,0.0007988238,0.06037411,0.43345305,0.010486272,0.25209445,0.001031611,0.3356577,4.465497,1.2260295,0.0,0.045916528,0.32410225,0.037094623,0.1324585,1.6882819,0.00011246289,0.13178888,2.0588958,0.0,0.15696259,0.77124697,0.02884395,0.03954792,0.4184868,1.4101841,0.17808628,3.49532,0.015226938,0.34573388,0.02770718,0.8677964,0.072665244,0.11360834,0.41437194,0.14779507,0.35091734,0.10432702,0.20050426,2.0240135,0.21415071,0.55104166,0.3178011,0.1951499,0.101777405,0.013051671,0.037302665,0.7819548,0.02661463,0.36821288,0.03709021,0.0155049125,0.39776495,0.056961164,0.7264611,0.028483806,0.48433778,0.11759651,3.1610508,0.2238704,0.36107737,0.0,1.0346987,6.0727997,0.0051461,0.037145313,0.15495649,0.010477848,0.031085677,1.1563859,0.46102807,2.6522932,0.18861283,0.174869,0.8078114,0.028817376,2.3374393,0.40212783,0.123791456,0.39398617,0.0,0.14974117,0.0066186236,0.058197435,0.051305722,0.6551679,0.0,0.24561942,0.08559316,1.1392095,0.0024096775,0.15703125,0.0035901123,0.010615215,1.1134577,2.5681016,0.25628978,0.07481098,0.0,0.89543456,0.54941285,1.3438324,0.017865254,0.71535563,0.14484783,0.18448393,0.09330677,0.77749443,0.3787522,0.07295276,0.1189957,0.26681557,0.9148027,0.0008032105,0.52596664,0.0266538,1.2678425,0.058191553,0.18014261,0.033180337,0.49456578,0.7649363,0.15945126,0.36937603,0.00601219,1.7043238,0.0071843723,0.37660295,0.10243329,2.1881545,0.031088918,0.053153746,0.030416075,0.62693655,0.11834088,0.9533285,0.0,0.41132098,0.25046608,0.4002419,0.0,1.9164201,0.6959475,0.856558,1.2755766,0.4771833,0.040976547,0.26859003,0.40401703,0.029032571,0.19177966,0.19689251,0.24373229,0.023405805,0.022590375,1.448183,0.48217154,0.27358857,0.19489981,1.1339686,0.33799082,0.9692801,0.95573,0.87608594,0.016029194,0.19374587,0.32025173,0.27674013,0.1311679,0.5757894,0.5288044,0.1524941,0.17649317,0.0063787526,0.09062904,0.42562085,0.38909277,0.046564236,0.0,1.5521642,0.3247416,1.3020959,0.816275,0.81808114,0.0016341744,0.8959735,0.043758083,0.6847067,0.024184022,0.8149979,0.2545687,0.22347392,0.09495368,0.05717077,3.595024,0.06343441,0.06484462,0.45655233,0.36594608,0.5260916,0.14169788,0.3050959,0.0,1.0733957,0.0,1.6054158,0.15237252,0.36569968,0.5984527,1.9335452,0.1074707,0.9860292,0.010959848,0.7155221,1.0780382,0.34602675,0.20802213,0.18871213,2.145417,0.6393638,0.1761247,0.9761813,0.0023082416,1.0598769,0.0073549263,0.0,0.0020092276,0.046237573,0.722137,1.5176073,0.06758416,0.20053813,0.08383845,1.1140246,0.37453642,0.0,1.4370079,0.37316972,0.41706792,0.83892787,0.65909916,0.579599,0.1710546,0.0054375352,0.057117842,0.072143205,0.017810203,0.17294852,0.096268855,1.3221096,2.7693064,0.042512838,0.10844518,0.0,0.12604918,0.001085019,0.7592288,0.09397079,0.2043555,0.16693635,5.3543763,0.09168219,0.1114976,0.31207973,0.7567699,0.78028667,1.3148723,0.09250744,2.842022,0.48378602,0.11065664,all_pothole_images\pothole_images_enhanced_656e4c23aa5b4332dfef04482d129b30.jpg
0.5977638,0.7501374,0.08875076,1.0522021,0.480226,0.14709209,0.9416616,0.13824375,0.9377964,0.25853366,0.17554937,0.102613114,0.7276546,1.3657343,0.0,0.01015318,0.55521184,0.40415272,0.95640874,0.019992188,0.23141113,1.8693086,0.40167928,0.6921913,1.0860267,0.38167533,0.3895555,1.5483111,0.06917518,0.07017934,0.678464,0.8549236,0.030738182,1.2257608,0.21830116,0.35967892,0.11154412,0.45994383,1.0636036,0.32036424,0.03256369,0.13194369,0.0,0.13280058,0.747138,0.91072106,0.24782857,0.07568441,1.3339142,0.5386337,0.43851382,0.44575807,0.3489282,0.4038019,0.58984226,1.4635272,0.8510235,0.7068162,0.67628133,0.15953724,0.20268323,0.4332054,0.30879277,0.18535787,0.7546067,1.3019241,0.14758652,0.1259768,0.27160558,0.043386687,0.52312547,0.1479573,0.35958573,0.10924527,1.356745,0.0031115855,1.3240361,1.1254915,0.0065387553,0.039981734,0.011643878,0.38822913,0.08709405,0.7177601,0.2016757,0.4736749,0.041156884,0.1469217,1.2708148,0.35383675,0.32173628,1.3504751,0.22993933,0.3869712,0.15157288,0.027709544,1.7004349,1.0776283,0.44831127,0.65901667,0.0773656,1.2437072,0.6424218,0.3248439,0.8343408,1.1997238,0.6072977,0.42751163,0.123160146,0.56443846,0.36973056,1.2557368,0.48568845,1.027322,0.16789006,0.15119077,1.9220467,0.20911534,0.89256084,0.64608335,1.1627932,1.0493075,0.2541585,1.8883872,0.30441388,1.1295491,0.0036848471,0.49382883,0.6203259,0.31119406,0.07245691,0.086548105,0.0,0.5328695,0.07583761,0.08624246,0.07392535,0.5065769,0.14332972,0.09823298,0.4999774,0.2207668,0.71754205,0.6116063,0.19611521,1.4740311,0.16756101,2.1364353,0.8597278,0.07182202,0.08190873,0.86192936,0.04922076,0.09631759,1.3029956,0.19571397,0.7253508,0.62192917,0.6293884,0.80452305,1.830921,2.8669767,0.064764164,0.70015144,0.16983268,0.57919014,0.9002908,0.19404954,1.0137265,1.1459256,0.20424208,0.09993381,0.24342762,0.0,1.6027865,0.22713391,0.0,0.06676591,0.1571202,0.051511433,0.03825442,3.86323,1.1629349,1.1270518,1.0169508,0.734928,0.06935839,0.84406644,0.6605073,1.0295552,0.2532442,1.0725601,0.68923604,1.6532294,0.009911958,0.15464143,1.2574636,0.68476415,0.015471101,0.16395812,0.45406434,0.9815202,0.96744543,0.30043858,3.1538994,0.3140439,0.6588642,0.21757916,0.77881265,0.8946861,0.058619827,0.07779094,0.16770548,0.04153705,1.3202021,1.0212749,0.691197,0.06474178,0.11986191,0.20003788,0.586595,1.1429026,0.8165236,0.37226042,0.06650757,0.36471257,0.7396151,0.0271705,2.3113446,0.46775734,0.14276563,0.615806,1.3028704,0.52825207,0.7101655,0.56814796,2.057534,0.29291523,0.26312712,0.6335941,0.31340826,0.45744228,0.40519708,0.24094616,0.13033126,0.00054281193,0.6646721,0.43814585,0.3831041,4.4329963,0.74045926,0.18940946,0.38048813,0.35546622,0.1985573,0.8395527,0.38139373,0.80180794,0.34063205,0.24955733,0.46502444,0.750807,1.0090368,0.70588034,0.25714934,0.07939075,0.57341975,1.2421918,3.1210713,0.009729239,0.1537836,0.008663974,0.30581126,1.9921054,0.3128083,0.7779681,0.076706834,0.5632705,0.66273123,0.88966423,0.73296446,0.01864105,0.6670428,0.25531456,0.025828378,0.5827887,0.37846592,0.5058973,1.4598796,0.7041045,0.116848476,0.16110986,0.019102532,1.28927,0.38493398,0.13276094,0.7492251,1.1814843,0.221848,2.9345636,0.47752064,0.2105268,0.093547136,0.644587,3.604621,0.43272874,0.16260111,0.6487931,0.0,0.63087237,0.3898538,1.4361638,0.83606166,1.6340747,0.3256022,0.3329546,0.0,1.4867607,2.6532829,0.080813475,0.7693508,0.0,0.3556264,0.60661584,0.46179765,1.2307466,0.8093604,0.002502949,0.26577565,0.05358981,1.1009547,0.0449275,0.15298535,0.0,0.5625127,0.15797767,2.2733035,0.18998228,0.008000397,1.398899,0.12051834,0.116594695,1.1190271,1.5989436,1.5365405,0.18908584,0.09415497,0.15098077,0.40846187,0.64795864,0.2389705,0.10923752,0.8314365,0.3444104,0.1953652,0.09579639,0.024066625,0.78552943,0.5539763,1.3166924,0.09225852,0.17396693,0.11796783,0.05985443,0.23346199,0.024767553,0.78290534,0.10929223,0.814977,0.084403746,1.1798592,0.37334126,0.39304072,0.04231504,0.58842504,0.9532345,0.066095226,0.30181497,0.85033697,0.61924475,0.60046726,0.0030046653,0.46262914,0.14558423,2.4869792,0.113064714,0.55672425,0.01726896,0.26199517,2.647087,0.83296466,0.9449915,0.6167298,0.56654084,0.04065821,0.2690146,0.4483668,0.48759693,0.26177886,0.31414843,2.3922415,1.8007615,1.1383748,0.1345877,0.10738093,0.38453516,0.052868165,0.705799,0.5600604,0.09558889,0.3958314,1.0123308,0.1457151,0.08296428,0.2614568,0.40223747,2.2016664,0.5622312,0.19712022,0.093295574,0.5170472,0.60507643,1.1340486,2.3520184,1.6962246,0.026513088,1.5889325,0.36561126,0.29212597,0.6951894,0.5830794,1.0149137,0.33933926,0.09344258,1.1234314,3.1246257,0.25476688,0.048163462,0.9835665,0.64247245,0.04362622,1.0854751,0.32992303,0.6229746,0.1194062,0.0024234115,0.6838404,0.019567208,0.03077846,1.0670885,1.1461788,0.23194456,0.7547681,0.6451104,0.82357407,1.4074733,0.15284461,0.022324333,0.38887125,1.6821877,0.61363083,0.023962086,0.96587807,0.12430089,0.19666405,0.36948675,0.12203148,0.039957784,1.3084381,1.0208488,1.2568756,1.0513079,0.6103526,0.14322862,0.14305301,0.5570699,0.12360916,0.93759006,0.2643414,0.3004914,0.64926994,2.3791568,1.1054975,0.5366135,0.021102406,0.20807126,0.8292461,0.24330579,0.660075,0.06680875,0.39374432,2.245677,0.038871102,0.033015873,0.115570135,0.35258287,0.6396098,0.2604021,0.06568903,0.12617576,0.30962053,1.6996368,1.4136893,0.7446387,0.06916686,1.6010041,1.5330852,0.12411974,0.637291,0.75089294,0.2192098,0.40900344,all_pothole_images\pothole_images_enhanced_65889271c2e3d7a83b756d9f7e878bd9.jpg
0.6585107,0.7338542,0.03214876,1.1055264,0.041595362,0.057313476,1.1318703,0.011608435,0.19494385,0.13660349,0.3614147,0.10943238,0.500803,2.0307465,0.0,0.053919345,0.06077182,2.7070303,0.2743429,0.6134046,0.6345099,0.06781661,0.16560313,0.5737111,0.2620862,0.2221437,0.2232963,0.9602236,0.0,0.19533803,0.10572206,0.3973837,0.019372629,0.73231924,0.10738326,0.39426666,0.3572291,0.18710807,0.33587953,0.34540153,0.0637394,1.7752367,0.2710293,1.05109,0.21751976,0.20579544,0.031748533,0.23820356,0.36290678,0.07243134,0.21265148,0.0,0.1244406,0.069000535,1.1292042,0.6509176,1.0394089,0.58314395,0.8822557,0.62457424,0.5649891,0.5802373,0.49901935,0.37608328,0.55806994,1.740094,0.18349488,0.2752579,0.026230967,0.15229812,0.098985896,0.0019887278,0.57055557,0.16832183,0.5092383,0.0,0.020387696,0.0738722,0.0,0.0,0.0073620905,0.1466755,1.1023585,0.5011265,0.13774258,0.0029146362,0.0006364226,0.07786323,0.54762477,0.022382488,0.47206473,0.8972759,0.050835676,0.15004955,0.36986357,0.23160648,0.6749222,1.6629786,0.10135686,0.44600952,0.107634194,2.320439,0.74615705,0.17233486,1.645003,0.92045736,0.5162072,0.23978719,0.1678613,0.8650981,0.02709245,0.4612107,0.48560655,0.52327406,0.08410054,0.34061965,0.0774007,0.17895962,2.4703536,0.18368565,0.3326954,0.20789798,0.021377802,0.87939173,0.5790342,0.5828282,0.16705175,0.49356553,0.1413925,0.1591883,0.33922645,0.34868348,0.016494196,0.58180183,0.03605604,0.08959191,0.10437002,0.024121547,0.1777216,0.15735708,0.5717421,0.17406206,1.3193477,0.36277235,0.124853395,0.7324211,0.051504236,0.3567425,0.06853782,0.15504915,0.30383673,0.14229676,0.0075141573,0.020524818,0.9531581,0.11115983,0.41842717,0.39019993,0.39794198,0.22236806,1.9303834,1.562792,0.002121087,1.08192,1.257855,0.14602527,1.3253881,0.28526968,0.50889957,1.9757345,0.20380051,0.07014025,0.086838886,0.26104715,0.097984664,0.47278047,0.04350626,0.0045379624,0.35112494,0.0,0.0,2.3879733,0.7102988,0.13063104,0.8912848,0.35484517,0.54398394,1.0859125,0.016667532,0.12482917,0.28677487,0.309538,1.3406821,1.1869844,0.07121799,0.04414637,1.926824,1.5190167,0.6162738,0.37979573,0.0,1.0099269,0.30698314,0.11280373,0.42322227,0.18200998,0.43479845,0.22186828,1.0291735,0.26953623,0.015174005,0.018752929,0.12529157,0.15561338,0.8800148,0.93603563,0.60785747,0.17494996,0.12441702,0.10558099,0.63857555,0.07598877,0.6052399,0.028287176,0.0,0.025151746,0.7771024,0.0,1.7883824,0.12667641,0.021143202,0.08504858,0.80121773,0.044180177,0.14816277,0.32433903,1.0828336,0.15795015,0.13630524,0.093028545,0.024547998,0.09146887,0.033826865,0.20380601,0.012040114,0.0,0.5014455,1.384726,0.27748728,4.910793,2.2412474,0.1936558,0.0011411177,0.361136,0.10877151,1.4925253,0.1892594,0.17568532,0.06792737,1.4626343,0.24508464,0.014067126,0.63968843,0.38046753,0.03348108,0.2899085,0.41103727,0.7491298,1.8457501,0.026157534,0.33117867,0.2223524,0.32548732,0.0025151244,0.57202405,1.6665827,0.5460572,0.17961064,0.34756857,0.26767576,0.23154533,1.2625585,0.09332108,0.007925834,0.018311461,0.14531153,0.018993594,0.0022131945,0.63835484,0.33941776,0.16078435,0.18399404,0.022674253,0.3457108,0.12155283,0.015463936,0.18400583,0.5956488,0.03450551,1.6938883,0.5854129,0.02126615,0.060688116,0.022987192,4.275155,0.091615774,0.09804663,0.086322725,0.34332842,0.677796,1.0247353,0.95233804,1.0663962,1.0065053,0.6447371,0.9879499,0.16500765,2.0546432,6.3745747,0.6020038,0.7699138,0.0,0.011168601,0.110737525,0.03498757,0.037257902,0.2865414,0.018157385,0.025064955,0.07513283,0.67820597,0.037016988,0.000574247,0.10389596,0.0,0.008592783,2.1651635,0.15415452,0.20829383,0.6005325,0.025253363,0.002536646,0.97369695,1.3012776,0.4969473,0.19503462,0.19723943,0.46826863,0.059584513,0.18354955,0.046008166,0.5099624,0.001837374,0.041917738,0.24780187,0.21386676,0.0,0.9154155,0.14821173,0.31734446,0.6638049,0.5034694,0.8924196,0.21582937,0.1806347,0.0,0.11062738,0.16321987,0.3628406,0.5048205,0.76084167,0.4403944,0.54338884,0.08471849,0.29784924,0.22129507,0.16996741,0.0029932274,0.07074734,0.9738404,0.5743913,0.0028520916,0.043355357,0.6684103,0.36760038,0.35355508,0.57414025,0.0022078885,0.09909102,0.018081533,0.07960232,0.21665128,0.013511018,0.47306013,0.0,0.3913402,0.16243209,0.65766764,0.37306392,0.00330193,0.14621294,1.204453,0.21156591,0.29325432,0.9044686,0.003818557,0.3709426,0.9398405,0.5676594,0.20522596,0.24050017,0.95655173,0.10082935,0.43293038,0.004319722,0.022505788,1.7107254,0.16640444,0.2868532,0.041623864,0.35424173,0.35370246,0.12151316,1.8709414,1.4240428,0.0,1.9468807,0.04469932,0.2523161,0.01779891,0.033942133,0.36678723,0.32337523,0.13018404,0.30723622,0.05964162,0.012425955,0.29973182,0.30484167,0.0498828,0.26076314,0.54039466,0.481076,0.011108212,0.048160233,0.0,0.077821925,0.39287305,1.3374708,0.91129035,2.5711372,0.0020861465,0.31040192,0.19336678,0.046691768,0.20024198,0.007752839,0.04733059,0.08727755,0.5589043,2.7011225,0.33748883,2.026564,0.048820242,0.4907994,0.0,0.031059777,0.0,0.38257313,0.59285027,0.7052324,0.98160917,0.084205866,0.008461267,0.066270985,0.45588285,0.13312066,0.5774597,0.02669437,0.0068796566,0.35333964,0.09884902,0.88628346,0.32077923,0.29927832,0.06389523,0.023898026,0.08626586,1.2731514,0.016904308,0.07346043,1.1476665,0.043480903,0.11731211,0.011218748,0.08828915,0.52498627,0.00015493075,0.0009931709,0.05936159,0.3454693,1.7096019,0.14887255,0.184009,0.033410564,2.141397,0.74883986,0.1801134,0.06653226,0.032677677,0.3990364,0.13973124,all_pothole_images\pothole_images_enhanced_65d989381f64de233d70ffe02bc5369b.jpg
0.605607,0.31362846,0.0016103467,2.3850548,0.98551583,0.0066983066,0.032879118,0.027030079,0.17363144,0.21459335,0.24875522,0.114821635,0.0035294716,2.1488128,0.0025564276,0.080320776,0.036990914,0.5632859,0.35968322,0.2962024,0.84815925,0.8603857,0.49676093,0.5415033,0.91382676,0.6008193,0.026638774,3.0995703,0.11341076,0.0983732,0.14260332,0.0,0.344729,0.29115832,0.0031356697,1.0471674,0.1878287,0.19494733,0.1811196,0.0050116633,0.010926967,0.32330155,0.55305684,0.7208884,0.2017682,0.4337522,0.010159895,0.3946639,0.43952677,0.49952334,0.5424451,0.0,0.14894596,0.39490834,0.037442066,0.8962784,2.2299144,0.0025661285,0.0029109253,0.12099762,0.120037116,0.2101909,0.1325788,0.29381305,0.58181256,0.21704051,0.054034747,0.071279526,0.0009360846,0.25416058,0.22817402,0.20953605,0.5670634,0.10501253,0.58851075,0.13285707,0.0,0.3897188,0.0,0.1709765,0.0,0.35914573,0.12956247,1.5134501,0.05058647,0.0,0.0,6.1624916e-05,1.1270764,0.0,0.11780162,0.171123,0.0,0.0,0.4133853,0.002947061,0.06906988,0.64943194,0.55086845,0.17595018,0.012824897,2.835651,0.18075716,0.0,1.1027975,0.023439558,0.6059387,0.74423933,0.0,0.46786413,0.0107910335,0.0132696945,0.92482865,0.12041572,0.74137264,0.1059885,0.07046379,0.0892794,2.1606667,0.32189322,1.1884571,0.08005873,2.8398714e-05,0.60631084,0.8395066,0.47820094,0.5683647,0.17467022,0.12413496,0.121574,0.1686413,0.017620284,0.0,0.019964648,0.46049136,0.7898221,0.27711004,0.0,0.15603806,0.059066787,0.045936346,0.041469593,0.27658278,0.41434392,0.22081126,0.33972338,0.0,0.019688308,0.28070214,0.010462444,0.18961287,0.40296346,0.056262083,0.22082303,0.46477437,0.7618337,0.6791893,0.13603206,0.52815735,0.5573556,0.38067278,0.69766396,0.09784177,0.36995804,0.43415442,0.4015337,1.2075714,0.070213124,1.2314639,2.5897675,0.0,0.008750719,0.023704013,0.07612166,0.013427698,0.023241388,0.19822694,0.030339435,0.06334321,0.01833169,0.0,1.2114912,0.92272466,0.7405716,0.63720024,0.088970676,0.19678646,0.4434208,0.095855616,0.069404,0.060842596,0.0036930114,0.22850293,0.24472067,0.26175675,0.2167569,0.6077227,0.0045209685,0.75674856,0.005106599,0.04176299,0.5085977,0.10480058,0.10968117,0.052049063,0.33975384,0.19277453,0.0,0.5969661,0.50711507,0.0,0.0,1.319516,0.69233656,1.1480547,1.1209886,0.41657692,0.10506402,0.17449208,0.14622243,0.33161712,0.08018951,0.062445268,0.502711,0.0,0.050129946,0.55867577,0.6424332,2.413625,0.24597672,0.0,0.028140657,0.8549989,0.0706434,0.40742365,0.27175784,1.5916988,0.02281708,0.055537898,0.31886563,0.1031466,0.0033622743,0.12040905,0.012197746,0.18369232,0.0,0.62219924,0.027318394,0.004958515,5.587136,0.84421337,0.09235345,0.00792668,0.22963165,0.007944619,0.023421817,0.7781497,0.16421026,0.090108976,4.3907967,0.0,0.13492914,0.5062758,0.44402954,0.5908335,0.00805285,0.4576848,0.022777772,2.4668064,0.21051192,0.09961107,0.0,0.15398034,0.04126095,0.16068155,1.3245435,0.063860215,0.1243577,0.6757175,0.3335631,1.4926764,0.26244155,0.30633062,0.5791083,0.0,0.06593122,0.27082852,0.12419016,0.5137705,0.08164744,0.10217051,0.23608609,0.012957567,0.51266795,0.3270792,0.12489465,0.00088356546,0.02829281,0.20966156,2.2381468,0.25087297,0.75933635,0.45493641,0.07435701,5.2246504,0.11058055,0.04065632,0.0,0.37613678,0.7947533,0.037874565,0.09736176,1.8543336,2.2790654,0.14139824,0.4746257,0.0,1.3155036,5.250771,0.047053255,0.3206382,0.0025400184,0.20819291,0.005449764,0.14430876,0.3832652,0.79932237,0.004583776,0.00083693914,0.043330766,1.3716344,0.34054196,0.00036947208,0.025667122,0.0,0.0,2.809881,0.4834345,0.27264646,0.28051654,0.19450082,0.0,2.3603885,0.7026566,0.55871797,0.07440231,0.110152885,0.08323412,0.09113404,0.09519026,0.020343266,0.09005702,0.0035219046,0.6030957,0.22453387,0.06094299,0.13106601,0.38302472,0.3250662,0.412884,0.3424681,0.09717501,0.072323985,0.100829706,0.0,0.0016542202,1.0589514,0.048137147,0.037276536,0.3730473,1.4167963,0.026522582,0.4780078,0.019033352,0.0,0.6459947,0.106002666,0.06591213,0.08025988,0.027502254,0.7129678,0.0059064236,0.003634786,0.2121152,2.20122,0.19939704,2.530422,0.0033498886,0.16557069,1.1832511,0.15584941,0.33181727,0.012124853,0.04798854,0.0,0.14049417,0.58903694,0.004384546,0.04839471,0.090413675,0.3938233,0.7585912,0.33640784,0.0,0.021672213,0.11399222,0.30059895,0.24715483,0.6910359,0.061868142,0.030289572,0.0,0.00079063355,0.16565514,0.103540055,0.46150813,0.30788565,0.14688206,0.9229951,0.0694611,2.017026,0.1601976,0.1266295,0.32401577,2.8411248,0.057350308,0.4527247,0.017477775,0.33125374,0.306645,0.39369902,0.09179802,0.42868885,0.26298496,0.3063741,0.56546324,0.33533493,0.6152003,0.0,0.31105658,1.4149033,0.12364511,0.00042631433,0.00829303,0.0030468353,0.009739617,0.6644186,0.8227795,0.6178636,0.18846539,3.8755493,0.058832336,0.27697513,0.03694299,0.43692327,0.24603513,0.005702873,0.06361501,0.0,0.7913663,3.4231923,0.015764192,0.8507413,0.0,0.47027555,0.0,0.0,0.0,0.4745542,0.43435955,0.5216761,0.66204995,0.0,0.044972993,0.9820272,0.026035916,0.09662045,0.3786136,0.2571109,0.061968885,0.0,0.4733517,1.4296235,0.49477863,0.11178262,0.06768464,0.1715282,0.018732842,0.17419681,0.012852782,0.36405322,0.6104219,0.13344538,0.0,0.0,0.0,0.14466265,0.10920253,0.070424855,0.29724988,0.026624436,4.1034827,0.03637355,0.113346174,0.024319962,1.5213975,0.45515755,0.048294008,0.0,0.060891565,0.049474034,0.0019660068,all_pothole_images\pothole_images_enhanced_65dad02f3bf111cc4e4ee267d67cf525.jpg
1.484838,1.2573954,0.24434835,2.2350774,1.1756742,1.2242911,0.69023013,0.36598983,1.1645263,0.49998054,0.36968628,0.8174866,0.5256483,1.172819,0.5357721,1.038601,0.74935883,0.3165643,0.8509928,0.04787334,0.27902693,1.654616,0.3813696,0.42009827,1.3925613,0.16300616,0.006274061,3.0462203,0.4223093,0.70659244,1.196032,0.7456419,0.50491494,1.382642,0.32839787,1.6698005,0.16609918,0.91290545,0.16001719,0.8267666,2.0269055,0.005329728,0.37512565,1.9226081,0.99940574,0.79782915,0.123110905,0.43796876,0.712384,1.7038641,0.91111195,0.08114131,0.3274315,0.035036363,0.35031244,1.6531836,1.2234639,0.21070299,0.736991,0.12135444,0.26813096,0.20713463,0.18836169,0.5538358,0.34276596,1.4046612,0.6265584,0.21270543,1.4020255,0.022579584,0.37084267,0.07966076,1.4040799,0.008346853,2.1233685,0.16510582,0.033068046,2.9494038,0.68833065,0.19676247,0.08744878,0.47868174,0.4321527,0.54758555,1.4184804,0.93471915,0.07952379,0.7036041,3.4006016,0.8170675,1.1387777,0.14068754,0.12514734,0.60016257,0.80273765,0.0,0.5844599,1.2004691,0.20744015,0.1365515,0.0025037294,1.4580857,0.1433594,0.14060843,1.7276713,0.25271866,0.07759101,1.0450404,0.6441542,0.0049462155,0.005047427,2.7691734,0.32905316,0.7114172,0.1827451,0.011134982,2.4872644,0.853612,2.356655,2.6929626,2.4762912,0.36992982,0.5875194,0.63914895,0.11634331,0.7025955,0.50907695,1.9389168,0.68398637,0.24614704,0.14937522,0.017003,0.080083355,0.17391129,0.8600915,1.8306041,0.83115697,2.035593,0.526919,0.20151988,0.3474306,1.1731904,0.57133365,0.9166908,0.39395034,1.5407919,0.008448681,0.8968647,0.4920901,0.6227493,0.94369864,2.5066507,0.38358307,0.120676726,1.6510117,0.794237,0.5055379,0.13563819,0.9751987,0.17963065,0.75400823,0.47723648,0.23111637,2.3023524,0.07192785,1.549318,0.2514553,0.0237072,2.3822412,1.1752031,0.0,0.017029775,0.11148905,0.0498934,1.7000318,0.007308601,0.41590562,0.0,0.0,0.0932157,0.11336425,2.2689764,1.8647436,2.5190687,1.2748349,1.8432777,0.32864133,2.3149662,1.3772328,0.40145415,0.114591405,1.1301159,0.26129246,2.195854,0.021329999,0.6232331,1.3580914,0.72550696,0.6099111,0.65377915,1.6125425,0.75200534,1.6140916,1.3408958,0.6096858,0.5201228,0.69044024,0.1709185,1.5154489,0.1969896,0.07824672,0.005674755,0.57306886,0.17068408,2.1849022,2.491488,0.015257553,0.43664783,0.34110248,0.70902467,0.47383147,0.8038061,0.41570505,0.30947176,0.27124807,0.11035526,2.1397626,0.47624105,1.0559453,0.73375535,0.017453313,0.0016983172,0.7165239,0.48763365,0.3791711,0.7293394,4.811468,0.30022994,0.22596379,0.48969042,1.3284087,0.82397574,0.21999943,0.1579366,0.3765534,0.11233935,0.47892562,0.31968588,0.0970324,3.1688187,1.9648339,0.22085007,1.5956078,0.95016515,0.53040135,0.26590216,0.5091329,1.6239767,0.07706268,2.7255929,0.3706824,0.45964524,0.34861678,1.1343145,1.1923723,0.57722867,0.55104774,0.6589964,1.5510017,0.7389708,0.965872,0.0744955,0.0072645354,0.0823653,1.1056701,0.6495225,1.2852759,1.0042864,0.19788313,0.30462763,0.12926066,0.93080044,0.011387357,1.4511989,0.43743196,0.7537469,0.7938958,0.06597981,0.90601665,0.7599823,0.01100779,0.4236514,0.071467526,1.3627598,0.123738095,0.00503183,0.425211,2.0204003,0.20567252,1.5433817,0.44871533,0.2299099,0.066982314,0.7995477,3.9209201,0.47114354,0.06494151,0.48104367,0.3270859,0.23504768,0.82694024,0.9557744,4.2036886,1.3626925,0.30271408,0.9424482,0.0,0.7493882,2.3352697,0.4019201,1.3854055,0.16897376,0.39921555,0.071075484,0.53968805,0.8710745,0.14837089,0.27984482,1.4320134,0.26831433,2.9581735,1.4068918,0.021153009,0.0057906737,0.08082943,0.15883107,0.3609656,0.6544493,0.5478619,0.68771195,0.8538328,0.2586504,2.469792,0.23138037,1.5665029,1.4083524,0.439223,0.5099863,0.2576087,0.32205564,0.5416974,1.4535725,0.24469694,0.2317647,0.4971222,0.19640848,0.25225085,1.0926739,0.54337305,1.0565892,0.0006529567,0.44242737,1.6691122,0.3548926,0.14778668,0.777314,2.0750337,0.25871715,0.7582198,0.30450028,2.0560532,0.3526487,0.80657256,0.0,0.22217752,0.22639383,0.028574964,0.354282,0.83946747,0.3047306,0.5899529,0.39887556,0.22678445,0.60310555,2.6733074,1.2258222,1.044978,0.02625867,0.04435643,1.5272198,1.1740255,2.039956,0.08315697,0.4849108,0.13282947,0.35031462,1.8162934,0.6308463,0.28027418,0.08507405,2.44839,0.7976917,1.4336525,0.20860863,0.15078461,0.29924488,0.23839734,0.6039154,0.6369197,0.0,0.77066356,0.36839995,0.5165775,0.40084082,0.21934944,0.5301934,0.39600363,0.30534083,0.36253068,0.16999589,0.996793,1.0647857,0.5282586,1.9710686,2.5899673,0.089619175,0.5436126,2.045459,0.34799236,1.2093333,1.0062191,0.27771994,0.9780938,1.0666711,0.5222875,3.0722446,1.2461762,1.0914351,0.04475722,1.1946561,0.84809685,0.6449814,0.58258486,0.18918434,0.28565907,9.703198e-05,0.65723825,0.3154037,0.46941134,0.77112734,2.4135315,0.5353506,0.6802719,1.8886147,1.7834506,0.9910566,0.9763792,0.6457594,2.078162,3.3726604,0.42204106,1.0261587,1.4476446,0.21075492,0.63303506,0.20168495,0.55311865,0.02788756,0.38416615,1.1459659,1.5230474,0.33539814,0.12761587,0.3598505,0.9907273,0.05114322,0.73079324,3.1672485,1.8130735,0.11366364,0.10150538,4.044248,1.9331132,0.44144788,0.32426792,0.057451937,0.80594873,0.3719039,1.0671574,0.056902904,1.1679746,0.44735953,0.01107041,0.1854638,0.6725406,0.25395343,0.2540723,0.20063765,0.75043875,0.7079077,0.6703179,6.241976,2.365716,0.08685923,0.024172949,1.1029581,0.0,0.3067547,0.71097624,1.6608416,0.2141789,1.3263351,all_pothole_images\pothole_images_enhanced_65ec2c381d745001b62cb3f08bba3d48.jpg
1.5522747,1.3601483,0.2745731,1.3438283,0.48060894,0.92388767,1.3990332,0.6791222,1.0166816,0.9330125,0.69717836,1.7772475,0.39344093,1.4119376,1.1153634,0.95185477,0.06326275,0.5304421,0.80849546,0.83139443,1.7628863,1.752358,0.3966125,0.786072,3.3656356,0.38580424,0.373098,3.378769,0.30324876,0.7539814,0.09288283,0.075508244,2.0126061,1.2655265,0.3403557,0.44635648,0.038033433,1.0831039,0.21058352,1.7440114,0.21446282,0.268496,0.19117059,0.62147975,0.83192533,1.7053602,0.0074174246,0.21491343,1.2002504,1.6297249,1.2194862,0.3538946,0.24541278,0.911654,0.4601466,1.5528679,0.8337452,0.32494992,0.8482443,0.07277611,0.11549975,0.37128657,0.9427735,0.6197539,0.34251598,1.9326769,0.57421875,0.10091563,0.07636649,0.21226145,0.24242488,1.0917574,0.14855152,1.3962408,0.5691116,0.7137293,0.39657083,1.8826962,0.0,0.41621962,0.62839717,0.15783185,0.36770442,0.7151545,0.51367795,0.98355865,0.46506262,1.2480236,2.7291808,0.11539143,0.5233005,0.0768756,0.50998104,0.6481219,0.48392117,0.0,0.8832918,0.33173013,0.2489321,1.8138812,0.0061815977,1.7261996,0.7549228,0.422269,0.42886013,0.9498798,0.53019184,1.086355,0.33386993,0.4823479,0.29833412,3.2952428,1.9758738,0.21971722,0.6606545,0.51447964,1.1373227,0.0899393,0.53455526,0.6575761,2.4935398,0.18332933,0.07602919,1.204381,1.6443576,0.92347884,3.861367,0.14551404,0.47074026,0.19272792,0.29447743,0.1175405,0.06142736,0.5140715,0.84084016,1.9490577,0.77656764,0.9475502,1.1166587,0.18877514,0.15653451,0.6968882,0.0,0.07284343,1.3822136,1.4568937,0.3041699,0.98161703,1.2233852,0.40629488,0.89929616,1.0559108,0.09769873,0.28461912,1.223795,0.794497,1.1233479,0.03524471,0.74381137,1.90886,1.1403874,0.49589047,0.19611803,1.9062413,0.10783482,2.5263333,0.53426766,0.13302515,1.7329001,0.5462455,0.19242384,0.2331985,0.15311271,0.3109415,0.1464171,0.6815776,0.9675916,0.047882404,0.13295698,0.4685921,0.08411205,1.8760917,1.5586269,0.6656472,1.3467244,0.0022858707,0.2525276,1.6086884,1.1756752,0.34729275,1.054427,0.49811727,0.0,1.8172277,0.04178501,0.1523496,0.87563133,0.7407628,0.75328326,0.2994236,0.57277954,1.2359221,0.3661428,1.027856,0.34498912,0.4976087,0.4330062,0.5579065,0.6179662,0.41367722,0.20228936,0.28052375,0.7332865,0.50163347,0.56565917,2.162131,0.5927524,0.21466833,0.28387406,1.2679623,1.8456004,0.23693146,1.5290452,0.8502197,0.23992737,1.4200734,2.6776748,0.0250802,0.21774961,1.4027888,0.5450211,1.2853701,0.41512132,0.48415637,0.8399336,0.5813803,1.8423159,0.16431765,0.17329575,0.1370091,0.39328328,0.22001429,0.36570585,0.012049521,0.21226409,0.0,0.7936613,0.14700992,1.5339042,1.9251899,2.2619436,0.4896513,1.8261546,0.1500901,0.52222145,0.7816727,0.92403394,1.4092952,0.13659178,2.865453,0.2966983,0.09637474,0.460337,0.7568884,0.7735538,1.6201986,0.42284852,1.1453606,2.3471365,0.5072829,0.49656898,0.12292182,0.28482047,0.3176916,0.78356767,0.4146537,0.19795951,0.7089951,0.51736933,0.33011946,0.07414989,1.0653284,0.5812359,0.57921046,0.3631672,0.51687205,1.2572372,0.17563702,0.7423411,0.2898253,0.26263982,0.26540926,0.49952635,0.9443004,0.20208849,0.99949175,0.29267076,1.5491495,0.47737902,1.2002759,0.5447345,1.0211158,0.44950414,0.29531154,2.5406008,0.6433886,0.0098308055,0.27499905,0.32870066,0.6069869,0.59868777,0.8814959,1.7419555,2.9375904,0.7511402,1.6888255,0.30214703,1.4301238,2.441546,0.33912417,0.20155859,0.26018712,0.3224973,0.22420348,2.1081796,1.0934764,0.14375812,0.06308986,0.7447914,0.50219786,1.8568016,0.62574357,0.19302543,0.074725896,0.111410335,0.778324,2.1934824,1.7190248,0.11001124,2.1839714,0.24755238,0.47292066,3.3292422,1.051918,0.7214181,0.19243002,1.0701337,0.49421573,0.26473424,0.49778774,0.7621951,0.93954456,0.925071,0.7861676,0.92861724,0.012515747,0.25771698,1.0980892,0.32201207,1.0428187,0.47064325,0.11359267,0.7807933,1.0326818,0.24377234,0.38215852,0.8047404,1.1218982,0.2540296,0.46858254,0.65024513,0.3614163,0.58492494,0.81642103,0.76455677,0.264143,0.00046588568,0.44366977,0.741082,0.3363354,0.7470713,0.09632373,1.0733359,0.59492946,2.6950452,1.5473411,1.9971457,0.0,0.17453778,1.2987938,0.948875,0.21086194,0.09418739,0.6108151,0.081548385,0.37946948,1.1438863,0.61762357,0.8873339,0.7202086,1.700787,1.5754151,0.29922158,1.0752835,0.063391365,0.988829,0.512698,0.45862803,0.57965726,1.4157635,0.3513119,0.5660714,0.22966999,2.9793196,0.19811594,0.77698046,1.8856801,1.1481781,2.98561,0.48342323,1.8602235,0.78651947,0.42198175,1.3020698,3.5251446,0.13093318,0.3581961,0.9479465,0.79435855,0.14627932,0.80700946,0.2445623,0.28217733,0.5643637,0.6784951,2.2828119,0.59047735,0.81844014,0.45767963,1.8536146,1.212575,0.80684465,0.046679735,0.25660235,0.76231027,0.013086508,0.65820795,0.9989956,0.049692806,0.53248936,0.5473582,0.3555303,1.7759869,0.52452976,1.9541628,0.81580937,0.91349286,0.36277163,0.46863395,1.6142646,1.1121365,0.9650907,0.99407125,0.6922242,0.38473207,1.2928734,0.20292512,0.14232302,0.16006075,1.628978,0.81844556,1.0832859,0.34544563,0.08345405,1.6849371,0.82258767,1.0942782,1.7166113,0.65680426,0.3193875,1.3226231,1.9067751,0.29859504,1.223691,0.6545692,0.12473953,1.2580543,0.5782441,0.5825902,0.070520006,0.091043346,1.025302,0.6987122,0.530051,0.3422427,0.21966611,0.06424756,0.2712586,0.37803635,0.20614581,0.7830824,3.4779098,1.4268465,1.2908388,1.0739625,1.0547668,0.47588584,0.32641277,0.25063947,0.4806581,0.48217183,0.6757157,all_pothole_images\pothole_images_enhanced_65f6a606b0c8cc09f15061eb415f9d7c.jpg
1.1662744,1.8691617,0.72470665,1.2999948,0.27002686,0.7284359,0.1983936,0.52934194,0.24940595,0.925526,0.11383858,0.2954031,1.1368606,0.16591263,0.20360865,0.13013156,0.18424907,0.56229514,0.496584,0.04552411,0.1622499,2.0280428,0.6203561,0.83713436,0.10138728,0.07584729,0.1432628,0.7106133,0.17331263,0.76937675,0.76533747,0.23400326,0.6339417,0.65263677,0.6005641,1.504443,0.18691865,0.71941805,0.21445446,0.1476353,0.13459787,0.0,0.13787113,2.9788299,0.454901,0.052385163,0.13550867,0.023541478,0.809905,1.1218275,0.75903785,0.48891252,0.7970406,0.2524488,0.21932964,1.574878,3.031068,0.42599276,1.133078,0.24404883,0.3047805,0.31315085,0.30957308,0.0016861648,0.7011246,1.4913757,1.0364931,0.07205931,1.4089005,0.13814744,0.05685942,0.8117847,0.36942792,0.08178614,1.4103901,0.505473,0.64728934,0.0,0.0,0.48244,0.25308198,0.08476694,0.2167037,1.9405406,1.197517,1.3213644,0.11237329,0.6067535,1.5135286,0.20620963,0.55253667,0.43354684,0.011614653,0.2697638,0.4322997,0.31401742,1.0616852,0.8165943,0.7468489,0.09806313,0.40974596,1.9723253,0.06219465,0.21309741,0.37552857,1.1308396,0.000551737,0.09961128,0.3622505,0.21880819,0.13022676,3.022214,0.058922358,1.202057,0.3005047,0.001989221,3.4886112,0.50093675,2.1397774,1.3342016,2.7936468,1.1325376,1.3221076,0.8181545,0.298305,0.8938019,0.008474024,1.9960268,2.3737314,0.40622687,0.46156254,0.0,0.20123187,0.1382861,0.08784689,0.7038094,0.34012455,1.1269478,0.3369143,0.25873488,0.61935306,0.4672403,0.74837583,1.0216924,0.10288426,0.6950119,0.87925035,0.03057721,0.33837712,0.42150682,0.3796925,0.25564486,0.037491973,0.038039654,2.05951,0.63416296,1.5368222,0.3057779,0.30196828,0.24541102,3.632965,0.1592092,0.035221566,4.3241744,0.098741636,0.6783537,0.712674,0.09584347,2.0035753,0.44849893,0.0,0.12653787,0.013229915,0.2557079,0.7165652,0.35612106,0.19369625,0.0,0.27826396,0.114384815,0.4427986,3.4416354,2.403687,1.543481,1.8488302,1.0902264,0.08300207,1.5244243,0.54906285,0.6783143,0.11933237,0.15147491,0.66844153,3.4655762,0.3808763,0.18576127,0.066821,1.5019705,0.20269318,0.48115796,0.20365341,1.176021,2.4958074,0.54847234,1.1824384,0.42518553,0.5349437,0.90218556,0.6770781,0.29247138,0.038221564,0.54085773,0.53486496,0.5783675,0.39819717,1.5431815,0.81069213,0.021037633,0.43707773,0.6065845,0.22845945,1.3626972,1.2523834,0.9655795,0.18940048,0.78507334,1.9235054,0.048604768,0.23226579,0.17337032,0.13299887,0.13594404,0.26592308,0.08976915,0.5934269,0.028620303,1.3963323,0.092281654,0.0,0.49170566,0.22664998,0.13161474,0.08133941,0.17176254,0.4243016,0.04424335,1.225513,0.24997114,0.7424418,1.8664751,0.5506519,0.42463124,1.3716617,0.0037502851,0.124812484,0.4609631,1.696982,0.061182752,0.3253257,0.94224626,0.2927266,0.20628935,0.41863716,1.6102529,0.7558512,1.4460647,0.1472354,0.8516979,0.76752317,0.30804047,0.24488957,0.35931513,0.03592733,0.19450627,0.9586902,1.5232843,1.976077,0.39409295,0.4181942,0.7443108,0.56158584,0.1608864,0.17490694,0.29308635,0.7974734,0.1796567,1.3476849,0.39613348,0.73001605,1.1213768,1.1158752,0.10741218,0.60480094,0.5869513,0.20051277,0.0557057,0.44410238,0.70343184,0.6205939,0.16132855,0.5956957,0.65393347,0.28750437,0.5890572,3.6403906,0.17013957,0.0096820425,0.41915682,0.0,0.124189414,0.45964858,1.1743011,2.6998045,0.5142837,0.14679527,0.012976818,0.048663903,0.14674461,1.1668168,0.029782154,1.5316806,0.0056023635,0.048890464,0.12300544,0.6143295,0.58727545,0.2883726,0.16744496,0.35298008,0.41117164,2.6151254,0.7415031,0.17390493,0.24885868,0.09058931,0.90745604,0.09105868,0.0,0.24458283,0.32250062,0.6446063,1.9523829,1.0016266,0.090805,0.72648185,0.40562135,0.11514641,0.13942903,0.13586533,0.37374967,0.6613004,0.2942047,0.906349,0.21585199,0.14625145,1.2798202,0.057873063,1.9008878,0.79326206,0.84980685,0.42116967,0.33320254,0.30923676,0.0,0.03296708,0.07842017,1.6316347,0.10174384,0.8271202,0.034912497,1.6327645,0.5288143,0.5243387,0.17630179,2.9379928,0.46851826,0.31101283,0.1556835,0.81772363,0.90383506,0.20520549,0.27095297,0.4943407,1.094536,1.3212745,2.1226432,1.4810528,0.005680109,0.30252892,0.45868573,1.3944219,1.7262269,0.05087656,0.9206665,0.013525707,0.23983072,1.7188839,0.5685148,0.57570434,0.25327662,4.0683904,0.72972167,0.30744255,0.7915999,0.08085039,0.006089592,0.23789972,0.45580104,0.0,0.09700566,1.0705056,0.56268954,0.52898645,0.1379057,0.014552336,0.03881836,1.2599499,0.0,0.08937581,0.079349406,2.2696435,0.35935974,1.0551561,2.5546746,2.8723817,0.124477975,1.7271943,1.6969595,0.012689749,0.8846775,0.09055479,1.5428443,1.038351,1.7066702,0.3413203,3.7090392,1.5073445,0.5706204,0.7553626,0.82649153,0.22235267,0.4538402,0.010286419,0.92681086,0.55479103,0.12765737,0.38940713,0.07944517,0.87849313,0.6863304,0.13275482,0.9292764,0.26385072,1.098529,0.93881035,1.2105747,0.48776525,0.7056381,1.6535581,1.5741885,0.71788186,0.5383411,0.6332316,0.634679,0.17059416,0.72283465,0.060932904,0.025725408,0.083618894,0.72271967,0.31309405,0.68331784,0.56013197,0.76095384,0.7623061,0.1660551,0.31767273,1.5331377,0.26349357,0.019416785,0.6050658,4.8808746,0.8451922,0.35488692,0.0072600963,0.035176083,0.86835027,0.18501717,1.5104595,0.0,0.59785867,0.018956436,0.009050398,0.41780412,0.29546002,0.008736219,0.20078424,0.116147675,0.35074466,0.3627317,0.25262216,4.2600737,1.5616239,0.15097204,0.5159187,0.4185417,0.0,0.20719294,0.55911547,1.1265376,0.24636015,0.20141633,all_pothole_images\pothole_images_enhanced_6621787814b7331a2abbf9d58825fe8e.jpg
0.8509186,2.5196552,1.2349082,0.23237944,1.5895945,1.0718608,0.6882533,0.9889431,0.44690323,1.804007,0.6041296,0.3110432,0.0,1.0123667,0.16255206,1.0206716,1.4435939,0.9722425,0.35542983,0.078165,0.6665878,1.4406588,0.6334215,1.9254372,0.07509262,0.6993387,0.23504558,2.0146914,0.62614596,0.047599543,0.012519987,0.0016225191,1.8259614,0.120808445,0.02673259,1.0934871,0.14652862,0.38298446,0.23355897,1.0489879,0.89641094,0.3356869,0.12558116,0.5768425,0.5448654,1.1621083,0.24985653,0.031015383,0.25728598,0.61371815,0.6991512,0.12409195,0.752641,0.1822463,0.20230772,0.0788372,1.8920164,0.061964393,0.35539615,0.7230784,0.07483223,0.10653267,3.9580824,0.90537935,0.1091961,0.44113198,1.0468966,0.09003962,0.44270998,0.57405305,0.12455754,0.8823362,0.037640046,0.25171927,0.14805487,0.72193,0.45494047,1.9005407,0.10191347,0.2991585,0.2900036,0.185836,0.12861337,0.84057957,0.25603408,0.87577295,0.34050602,0.2725563,1.24568,0.77952385,0.052513488,0.9665507,0.66650796,0.22584498,0.23710492,0.21231608,0.2287123,0.79879564,0.17787762,1.6803274,0.21148847,1.9354327,0.03986787,0.5776253,0.5096695,0.44857916,0.22915258,0.7307819,1.1411407,0.29815692,0.47329614,2.9327354,0.37616578,0.27532557,0.009542937,1.7024709,1.263708,0.392305,0.5420171,1.0543677,0.72767437,0.64820784,2.2153397,1.6972259,0.12847716,0.5308778,0.085101046,1.556398,1.9776284,0.8978149,0.40593508,0.27197778,0.60383916,0.85271746,0.7461703,0.88401645,0.06153129,0.43646497,1.2601031,0.5872116,1.0118634,0.25746644,0.09300985,1.2263368,1.8036022,1.6766013,0.64650726,0.6964799,0.9219489,0.9190695,0.6543419,1.0460126,0.073512636,0.112612315,0.80758345,0.011079284,0.11043263,0.35320204,0.24311596,0.38957137,1.6336374,1.1602093,0.35100317,0.75514907,0.3202406,0.21764533,1.5901765,1.6386495,0.27295494,0.26799372,1.476304,0.68597865,0.1695462,0.89976126,0.71035314,0.3655838,3.6635094,1.2015398,0.18157463,0.721372,0.02127538,0.42139518,3.3202078,0.16876563,2.2169528,0.30388302,0.85701627,0.09240275,0.34499666,0.3010996,0.61186516,0.60065395,0.109733164,3.5907454,1.0574113,0.5674347,0.81006294,0.543303,0.09667346,0.8001391,0.34507525,0.30233938,1.8618609,0.24709862,2.1192474,1.0871568,0.18395089,0.8688083,0.44422415,0.53838784,0.044262584,0.7656371,2.6425378,1.4659914,0.63235396,0.5096511,1.2131879,0.094174325,1.2511784,0.46533272,0.06799766,0.8728761,0.59528565,0.17410813,0.0,0.22901595,1.9319226,0.1422927,0.31685254,0.29265025,0.34768388,0.57321054,0.043719567,1.9118456,1.0059506,0.8082723,0.5163972,0.8144626,0.09695671,0.58048993,1.1601157,1.1814147,0.94626725,0.31695902,0.27156264,0.04486479,0.9550475,0.7558808,0.19163318,2.0100183,2.0698252,0.11084036,0.7260555,0.5300023,0.1886607,0.54326105,1.0757029,0.11797027,1.8289272,1.0549893,0.7561351,0.6569118,0.6980367,0.5456305,0.19212767,1.0676218,0.1564819,1.0556134,0.722259,2.0134017,0.32495305,0.9103055,0.1232336,0.6092304,0.6635092,0.1665087,0.44222507,0.855867,2.3942776,0.35682315,0.54893214,0.9560427,0.19601665,1.0002726,0.27212194,0.4580029,0.15631893,1.389201,0.7622392,0.16805632,0.42739028,0.21442242,0.200761,1.3636601,0.26192334,1.4100871,0.09993563,1.3556811,0.6174328,0.37352496,0.0,0.2358185,0.0787875,0.8324581,3.5918612,0.46981576,0.18720245,0.2909156,0.3111851,0.5013061,0.16757832,0.85922676,2.3577735,0.7193144,0.017894855,0.0073696477,0.57857096,1.6850237,1.2040553,1.2552953,0.5848456,0.14388277,0.29711238,1.3564469,1.0144277,1.5805537,1.2835354,1.250643,0.6396576,0.73650366,2.3149304,0.6046085,0.16566773,0.14501283,0.6221981,1.7911993,0.5060793,0.29469144,0.6040388,0.1068953,0.089007825,0.3928,0.40981546,0.5761894,0.48176286,0.5157919,0.3103666,0.22938575,2.0288765,0.9641994,0.021725241,0.49044418,0.26970118,1.0125715,0.52479804,0.0,1.3356102,0.15081471,0.14880693,0.0,0.17027797,0.14758958,1.9746984,0.020531608,0.2714307,0.45634222,0.41090408,2.686683,0.10647684,1.4468404,1.4551722,0.18405853,1.7055669,0.4276049,0.9163404,0.5840279,0.79122597,0.069591075,0.52477646,2.1741307,0.0,1.0433047,0.4310217,0.37321466,3.4548812,0.33288687,1.8942932,0.5417537,0.5489286,1.7742518,0.60170996,1.2342386,0.45383185,0.08976286,0.7492733,1.1217533,0.061247826,0.7097389,0.45144317,0.1901684,2.1438706,1.3285332,0.334225,1.1088916,0.0,0.15300249,0.92557126,0.15762882,1.2508612,0.41068333,0.030265626,0.30454102,0.4125705,1.5424834,0.6852283,0.06097953,0.833562,0.7460113,0.3231131,1.0072458,0.24872923,1.5612967,0.29957646,0.77860194,1.4619,0.47216788,1.1261309,3.414667,0.12875986,0.4188279,1.0917346,0.24579868,0.05485632,0.22892368,0.16490784,2.8902495,1.5681015,0.92589754,0.38733953,0.9518056,0.29260728,0.53259844,0.23067553,0.376625,0.23363854,1.2084473,1.1111681,0.21792781,1.8669828,1.6210408,1.0142643,0.06811229,0.096982606,0.08902202,1.0387092,0.83987737,0.9801372,0.43161714,1.0875612,0.20542026,0.97858536,2.443695,0.7194793,0.9817109,0.29649177,0.20851651,0.67619735,0.36208397,0.030817313,0.49108353,0.2990582,1.1253512,0.49666977,0.23415016,0.14919338,0.039066903,1.5242398,0.3964512,1.8463933,0.0018693572,1.6566261,1.6964513,0.3530531,0.7022354,0.0,0.44155046,0.8352496,0.8861711,0.595394,0.633403,0.43081805,1.4744664,0.020072969,0.8451622,1.9234283,0.08168696,0.11185963,1.1437609,0.08958087,0.24423143,0.64092594,0.90517414,0.4170438,1.699636,0.26007497,0.2591534,0.1899041,0.7315621,0.104230314,0.92662823,0.7619989,0.029599486,all_pothole_images\pothole_images_enhanced_663a9557ba07bc56c3647619beb14430.jpg
0.301569,1.3949224,0.17788222,1.6620895,2.1930888,1.7744825,1.022466,0.14361861,0.062362242,1.3121157,0.21218202,0.61861676,0.396629,0.70922506,0.002567113,0.07106428,0.54083925,0.45453432,1.2322339,0.0018905456,0.2003688,3.3688998,0.5760328,1.9611436,1.0073948,1.1817387,1.1085836,4.5003734,0.42927557,0.05980875,0.3179877,0.20191644,2.0812542,0.013568843,1.3528966,1.8379247,0.41873133,1.6514236,0.3587391,1.6261907,0.24308087,0.12581351,0.14531663,0.4899383,0.46125114,0.06623315,0.3335999,0.0481432,0.9379939,0.6087683,0.8393608,0.16363773,0.21862069,0.45819768,0.07948055,1.2879816,1.3785187,0.23790371,0.16328482,0.23344989,0.8135972,1.4003328,1.287438,0.037438057,0.3042229,2.8149378,1.3254213,0.40209824,0.2566381,0.5712289,0.49288702,0.096949145,0.35092124,0.7915645,0.7048206,1.4359189,0.079169594,0.66468835,0.31449637,0.56155455,0.05672449,0.15074958,0.22692594,3.2363753,1.3954046,0.6105116,0.95954055,0.029490504,3.8521748,0.38609448,0.41907874,0.5310146,0.01018907,0.34486696,0.5110335,0.024333794,0.10270998,0.39248344,1.2084796,0.2590477,0.039438948,4.153057,0.8736296,0.09105569,0.023711525,0.023580449,0.32385266,0.055036426,0.053920697,0.12957047,0.53641653,2.0813923,1.0440711,0.022401975,0.812125,1.8508682,2.6102335,0.27945557,1.8944774,1.2567608,1.6754996,0.2806594,1.2088103,0.941648,0.2705753,2.604379,0.2396135,2.8201456,0.80541295,0.9970894,1.2935841,0.0,0.1717038,0.26869598,0.26871547,1.5690961,0.17202768,1.2384933,0.5317777,0.80969393,0.99822325,0.41707003,0.029988108,0.31226826,0.231584,1.0860325,0.30370167,0.13438863,0.6554526,0.9229805,0.9528347,0.9317736,0.0027754623,0.17967905,0.7941203,0.7354584,0.9763446,0.104686715,0.9523469,0.19715226,0.74922013,1.8853486,0.18379872,0.695248,0.31477445,0.08251858,2.1658354,0.47640756,2.2846866,0.80623937,0.18158442,0.03694261,0.03747948,2.9009643,0.86584437,0.11815127,0.43290475,0.7473209,0.27556303,0.27711493,0.41349503,1.6467165,1.4633107,0.79695135,1.7458577,0.61507654,0.1483824,0.43140948,0.099254765,0.9390781,0.57629454,1.1452287,0.0,1.059965,0.09006287,0.08239445,0.5775768,0.5771498,0.51339686,1.2610086,0.22417103,0.3440223,0.49868998,1.853981,1.4277145,0.80761516,0.18558116,0.18799143,0.91082674,0.59831554,0.68053484,0.18114276,1.757297,1.3572919,1.6265103,0.7889728,0.6079812,0.64717054,1.4819077,0.56899315,0.6902527,0.19085304,0.014696046,0.24759701,0.16687572,0.26916963,0.5302519,0.8192897,1.7838622,0.017026246,0.13313222,0.44090486,1.4139172,0.4977003,1.3358451,0.1184168,1.578621,0.010104269,0.020243566,0.024765901,0.13968536,0.007202717,0.3356629,0.16721897,0.10909907,0.0042379457,0.5257189,0.4147271,0.6406892,5.020834,1.9588251,0.37631652,0.398693,1.3456863,0.12711118,0.03865732,1.3214852,0.11993774,0.61352944,3.9045575,0.14371948,1.7899039,0.53437376,0.756206,0.00534546,0.74082637,2.1707904,0.01305285,1.3542175,0.35936862,0.6650174,0.5574578,0.10023153,0.27231205,1.3124243,0.72650707,0.2198692,0.18899778,0.6884108,0.8508981,1.5958476,0.06891559,0.2963384,1.5455521,1.6634789,1.3983266,1.343447,0.13270989,2.322651,0.54724675,0.34289733,0.78518724,0.07125768,1.3579224,0.6003508,0.13962542,0.37026915,0.6226846,0.22907393,1.3799874,0.0033064678,0.8508947,0.26617616,0.75631,4.1384025,0.669262,0.7984647,0.18053792,1.3103064,0.5555298,1.3643622,0.39454615,4.6723027,1.2282466,1.3421652,0.40185535,0.03732129,1.7521291,2.4334314,0.0033750767,0.16753116,0.02679228,0.00088973454,0.6330775,1.5383857,2.229139,0.9181486,0.08110378,0.82462114,0.13857506,3.6168106,0.5558015,0.0,0.25504255,0.0,1.4710045,1.3907492,0.09913169,0.2725922,0.51111746,0.047782183,0.59584135,2.3396137,0.27323738,0.4495651,0.17529604,0.57875645,0.14635028,0.06984196,1.0705346,0.6658536,0.95116603,0.017781163,0.9908152,0.16527615,0.092790075,0.22937615,1.739035,1.9852313,1.4518199,0.10492669,0.056067172,0.79871583,0.6202577,0.027249902,0.15342622,0.5643262,1.1155347,0.11207433,0.44585824,2.0881658,0.13731869,0.8510097,0.10172327,1.0426906,0.771698,0.08671484,0.1174656,0.34725204,0.14627333,0.46684182,0.0,3.0340283,0.29297116,4.4987564,1.3277203,2.3526196,0.03777522,0.61238366,3.0184102,1.6488647,0.20367725,0.050998423,0.52132183,0.043817554,0.06328301,0.85528934,0.22201973,0.557944,0.42242557,1.9205582,0.2143717,0.36061928,0.16740642,0.6883433,0.0,0.21515764,0.08331735,0.16693652,0.024089718,0.7766579,0.14894421,0.1196001,0.4630338,0.4172252,0.107706845,0.3719431,1.2599229,0.8372612,0.1351883,3.868334,0.47767913,1.8625585,0.9117424,2.2104392,1.9792914,0.8679806,1.6477386,0.633146,1.7283505,0.63921124,0.076000884,0.45999175,0.20656414,0.48507932,2.5560157,0.7625937,0.8429948,0.71442336,0.19238111,0.71693784,0.05748365,0.40022302,0.3458367,0.2825857,0.35797182,2.6564221,0.82987237,0.4000289,1.690482,1.0161169,0.4998663,1.6089222,0.85376483,1.503378,1.656871,1.0022314,0.5503704,0.16899224,0.680186,1.205496,0.20717916,0.6045175,0.34881285,0.732233,0.6450158,0.4344197,0.4618322,2.6824217,0.669012,0.5982441,1.076125,0.17503352,2.1058264,1.5315211,0.019687166,0.23775075,1.631803,2.1135538,0.046128135,0.20500553,2.68066,0.91987383,0.37745085,0.0017374039,0.09997473,1.1964468,0.0,0.572783,0.07045475,0.710874,2.0060942,0.16146071,0.009241074,0.00653857,0.42145988,0.025958532,0.71400017,0.049243245,0.0,1.1277375,5.7244,0.279014,0.27946156,1.5776314,0.2697766,0.30823553,1.0594777,0.1776444,0.7754573,0.33528078,0.33073884,all_pothole_images\pothole_images_enhanced_6686eaac98bafc98084482f67aaa592d.jpg
0.80441815,0.8773937,0.37193713,1.2925664,0.34595525,0.0964659,1.9642832,0.0,0.5447807,1.1785429,0.9297029,0.4442232,0.018458217,1.0595347,0.040832225,0.70121264,0.058420774,0.48137715,1.4930855,0.88847256,0.5283771,0.2533713,1.9356452,2.28171,1.1556121,0.25753435,0.25681153,0.7864708,0.0005236413,1.4765846,0.20949182,1.07852,0.13944092,0.66342264,0.22051017,0.86105156,1.507247,0.34213886,0.3629358,0.1994137,0.16172443,0.95985085,0.22114699,0.3598961,0.39032608,0.7039368,0.9565197,0.65784484,0.09194225,0.041329265,0.22604129,1.6173527,0.2332048,0.81665635,0.7001427,1.1665965,0.8793151,1.0878898,0.44397902,0.078207694,0.34722722,0.9803444,0.17069949,0.28367603,0.30296606,0.46039423,0.8353975,1.1058282,0.13521425,0.09681181,0.6827452,0.16870175,0.3225912,0.012935066,0.41318637,0.25135943,0.2840431,0.57028794,0.37685496,0.69779676,0.69190204,2.577415,0.2717307,0.85201544,0.32633117,1.1721803,0.014556444,0.069991745,1.8662467,1.397482,0.09169712,0.41474143,0.0,0.15441214,0.80577457,0.06383808,1.4676272,1.3427532,0.0016728657,0.11377946,0.51506186,1.2248394,0.31886652,0.1709509,1.7141548,1.9560542,1.3759418,0.45222333,0.06342887,2.2057362,0.07382038,0.5136755,1.2824453,2.095846,1.7115806,0.28584674,0.0674965,0.23814182,1.0496526,0.10841591,0.73328274,2.0019164,0.20294894,1.1860968,0.79262775,0.23228687,0.33549386,0.16185778,0.6630842,0.20950815,1.1235354,1.4478613,1.6393672,0.2725015,0.1867414,1.0589215,0.112312354,0.00023167123,0.007185549,0.76807106,0.1879829,0.36458486,0.8404946,0.73799145,0.03547003,0.33306658,0.17887029,3.738569,1.4536672,0.1971591,0.33855188,1.497227,0.9533202,0.0,0.888316,0.44369867,0.4535014,0.40957984,0.26645544,0.58720636,2.0165443,0.5619956,0.01936745,0.97866833,1.4703615,0.22633547,0.35451204,0.1025952,1.245848,1.6913503,0.38141316,0.083680004,0.08564218,0.23735729,1.1678408,0.34985897,0.20841475,0.098654725,0.02846586,0.020259412,0.37326023,1.7654744,0.24748188,2.6250548,0.81257117,0.5215686,0.1621587,0.3268062,0.67491865,0.89958984,1.4410077,0.053246327,0.39762005,1.1386735,1.3895622,0.5744849,2.1398678,2.1889048,0.9791379,0.09290094,0.63371146,2.9541688,0.35487103,0.08659787,0.5730195,0.42948523,1.4734635,0.14655241,1.8078387,0.4971672,0.0154001685,0.99136835,1.0658315,0.995824,0.11064511,0.88023263,1.18215,0.687081,1.1410441,0.24971737,1.6477362,0.45027062,0.93951374,1.012488,0.9210376,0.00046365775,2.0854034,0.06439263,2.3813152,0.7004267,0.4323053,1.7310181,1.0844153,0.3808772,0.4998474,0.14452891,1.8358766,0.65378964,0.20231059,0.6204235,0.5901129,0.91270727,0.7915047,0.30430144,0.44279543,0.3405654,0.58518296,0.07641055,1.6446047,3.9435797,0.9585025,0.6781535,0.1329111,0.34575883,0.1637483,0.07715713,0.7568255,1.0833075,0.039988548,2.2409935,0.93458384,1.9458959,0.70673424,0.6395312,0.14117339,0.9282303,1.2170988,0.573139,7.406478,0.06520163,0.5140798,0.0014469812,0.44885018,0.64374006,0.010017701,0.99204713,0.016109362,0.27052784,0.18731041,0.07436221,0.0,1.0355282,1.590653,0.014653768,0.050069798,0.03651499,1.0779732,1.2674506,0.76881516,0.42040864,0.1680202,0.13049138,0.22825319,0.5445954,0.7681034,0.08775142,1.0392715,0.21749061,0.053599406,0.86895406,0.97771883,0.70223236,0.67851,0.84622216,4.7404757,0.39361274,0.49167094,0.0010691115,0.057776753,0.112222485,0.6846399,1.3721282,2.8897064,0.8785011,0.22345099,1.2500938,0.016807921,1.5727348,2.721206,0.2693407,1.7664932,0.081950605,0.4931164,0.089278005,0.7723485,0.17977837,0.72776216,0.35762712,1.2250859,0.031028796,1.7402384,0.16916116,0.8452775,0.65218043,0.90895766,0.13923858,4.1690865,0.023474332,0.18885271,0.3874194,1.042224,0.8185016,1.4874558,0.39632142,0.70570683,0.3582999,0.5516421,0.28999358,0.0,0.42204273,0.08812126,0.15496165,0.82495564,0.26766148,0.09958288,0.6079446,0.7460364,1.0576419,0.52931917,1.3710568,1.9661248,2.1317194,0.46801338,0.46073315,0.026739594,0.062889,0.34346905,0.0,1.030516,0.531783,0.9196059,0.5840995,0.075923555,1.298587,2.0589073,0.18848167,0.33523792,0.75988394,0.96024615,1.9111773,1.697494,0.06365401,0.22320054,0.6479092,1.2782043,0.03504803,2.052529,0.23594517,0.7713199,1.1255584,0.27229553,0.40645802,1.3728844,0.08566126,0.0,0.34788784,0.68711853,1.0040586,2.056188,0.025880428,0.92080563,2.54983,0.98571885,1.6455115,1.1105213,0.109152615,1.0834627,0.6319599,0.19056924,0.20213279,0.13806763,0.70184994,0.94342345,1.1092829,0.44763643,0.54687536,0.8887249,0.79994,0.074442506,1.0059276,0.236424,0.9626184,2.725621,1.2596378,0.57892174,0.45907295,0.6062436,0.3536514,0.58013284,0.6457195,0.7364991,2.1345754,0.6970495,0.66140264,0.37443414,1.759495,0.28870454,0.28686485,0.86524516,0.6828296,0.7826415,0.24693826,0.40222803,0.0076001966,0.6501547,0.01743133,0.88960856,0.4101067,0.063924976,0.38943022,1.7232713,0.13521889,1.833876,0.409198,0.31541052,1.1173581,1.0114355,0.43806693,0.6344026,0.14559872,0.8608475,0.34343225,1.0279604,0.052155405,0.3827652,0.08242438,0.45608738,0.4441143,0.21287365,0.95222235,1.2140334,0.42527598,0.32268977,0.36838904,0.30860925,1.132723,0.08532894,0.82195437,0.94208807,0.2566446,1.5263987,0.860496,3.8556287,0.655588,0.36535007,0.27446198,0.8294299,0.8869772,0.62901485,0.35639036,1.0311158,3.2294536,0.15060128,0.034611452,0.0,0.068533294,1.4598675,0.18238626,0.17659315,0.94882566,0.7350747,3.4881754,0.26733014,0.5013171,0.019286111,1.352317,0.70729727,1.4820856,0.22014968,0.5812872,0.080046706,0.007531046,all_pothole_images\pothole_images_enhanced_668a1e5650f6dce839e1dec5f90d6472.jpg
0.7992776,1.5072769,0.21379589,0.43408918,0.03938212,1.1983657,0.40672398,0.75799614,0.61013794,1.3782142,0.4384026,1.4756118,1.3945786,0.20909946,0.38720262,0.4067233,1.1129564,0.52333385,0.5053291,0.9848549,0.8219866,1.7944179,0.8333337,0.8489581,1.3317206,0.88152295,0.41548717,1.4987737,0.2709115,0.9845615,0.19287825,0.35695857,0.5416064,3.8444138,2.2589934,0.889304,0.08061608,0.55026394,0.063832864,0.9073382,0.07872152,0.029701125,0.56215376,0.20428894,0.32034236,1.18454,0.43691412,0.013007935,0.7848569,1.7233126,1.1286681,0.27433822,0.40355787,0.5487054,0.54384035,1.2198038,0.61740094,0.5793439,1.7907593,0.388103,0.10949645,0.6540238,0.2503329,1.2187054,1.0582459,2.0938675,0.43639717,1.0224693,1.6568142,0.4810199,1.0389218,0.110849805,0.3862124,0.34970948,0.72734195,0.36916497,0.64439833,1.2423406,0.00034575642,1.4764919,0.1613545,0.8074969,0.6559157,0.500164,0.3729391,2.3032851,0.33109415,0.5183561,1.7478293,0.8042314,0.3088722,1.2846401,0.8406673,2.4691653,0.048490465,0.5683357,1.4127893,1.1268948,0.5564528,0.21792896,0.898628,1.0087456,0.14859,0.5256819,0.24001676,1.9383353,0.33914825,1.211271,0.19276436,0.55958486,0.08100342,1.7690623,0.8377609,1.8078772,0.08242882,0.12442341,1.554821,1.4044492,1.7287812,1.2567577,2.242324,1.4162252,0.7725949,0.7839427,1.318104,0.9955053,0.978963,1.2533166,0.89228976,0.5458913,2.9100926,0.5888088,1.4040188,0.8188938,0.8809662,0.76813895,1.3743149,1.0517248,1.2923032,0.39717725,0.478561,1.6529406,0.6350914,0.84673667,0.35099918,0.32773024,1.2191079,0.90280795,0.20074336,1.8242564,1.021722,0.072519094,0.4496528,0.21169105,1.9168943,1.0899324,2.1234374,0.57771283,0.51302826,0.91211003,2.070465,0.86053747,0.5919914,1.6138642,0.499428,0.6149045,1.3288319,0.28057343,1.4815823,1.6065309,0.5324743,1.7331345,0.5996471,0.049429398,1.0775443,0.47669107,0.73019665,0.17157467,0.2525835,1.710202,1.0664517,1.4146501,2.2481022,2.7954865,1.3716217,1.2373354,0.32114983,2.208367,0.5357581,1.2230581,0.71189505,3.1428652,1.0961381,3.0803623,0.39443487,1.2956415,0.60428363,1.4503601,0.077571526,0.79083186,1.2473059,0.6688917,1.1250199,0.4167899,1.6106687,1.2838728,1.5414097,0.42339823,1.8106878,0.41577795,0.024748709,0.81647754,1.2131442,0.3383949,0.51188195,0.28867215,1.5589694,0.08001162,0.09877088,0.18004902,0.05427496,0.84038466,0.59819984,0.52460235,0.8439731,0.98199874,1.5466442,0.04561091,2.004776,0.675323,1.1367354,0.29408672,0.4440876,1.1573819,0.59533775,0.49601993,1.6287966,0.7576415,0.26166824,0.97920215,0.36387563,1.4119871,1.1315806,0.52453786,0.5826781,0.058137894,1.2739557,0.24065177,0.4266163,2.4016798,2.7445688,0.7055947,1.59862,0.51603234,2.0101547,1.9586991,0.14845863,0.37496695,0.54724795,0.43603617,1.4558212,0.176152,0.32832795,0.6732728,0.4033342,0.31916365,0.7368572,1.7924374,1.0211262,0.5488136,0.77896965,0.7856177,0.3257738,1.4070755,0.3033245,0.98701453,2.333046,2.377416,1.2721916,0.3255036,0.2510258,0.5393914,0.63810635,0.12578547,2.245904,0.1291893,0.20064873,0.11101355,0.13248387,0.10556067,0.41667825,1.171449,0.16088466,1.6605358,1.6508179,0.1502342,1.0930384,2.1260986,1.2706232,1.2324239,0.76477903,0.234946,0.37991318,0.6266949,1.5989972,0.18067996,0.03878695,0.5127276,1.1026192,0.24216442,0.563516,0.37977454,2.2174265,0.92773885,0.36016548,0.38501003,0.18852082,0.15386239,2.085327,0.68332326,2.1688018,0.3097151,0.14777166,1.1443409,0.0051949928,1.1823211,0.122438036,1.0233749,0.6661294,1.5299236,2.8185956,1.0721272,1.0261871,0.0,0.23573764,0.40420672,0.2517058,0.6970632,0.75117344,0.33453014,1.5909903,1.1802163,1.6103276,0.39358088,0.3101204,1.3470439,1.1355778,0.86378974,0.52060306,0.09812222,0.13167807,1.1651657,0.4073598,0.58339024,1.7138435,0.43187806,0.30001506,1.3634349,0.14959069,0.99088824,0.59583396,1.0029001,0.9929609,0.38768783,0.5046148,0.86934537,2.6631207,0.2059896,0.8402464,0.39449266,2.710622,1.7820183,2.224824,0.11977241,1.2671958,0.54117864,1.3256228,0.8586123,1.3689799,1.6367794,0.5594048,0.25702694,0.09325792,2.221386,2.564415,2.2823262,1.4493492,0.16585363,0.33260572,1.9769267,1.084917,1.573301,0.4486565,0.04438283,0.104346655,1.0657544,0.7558347,1.3363446,1.6940243,0.5739259,4.9664855,0.8189719,0.10816845,0.044897515,0.1277118,0.23533212,1.4750637,1.1345143,0.2761723,0.12784,0.9126224,0.9434154,1.3058009,1.6323833,0.12190301,0.27563113,1.4336987,1.4176102,0.41057527,0.79363793,0.37789935,0.7298997,3.2568858,3.040093,1.4372132,0.5226581,1.3060992,1.0400667,0.65742326,1.6801544,0.46712282,1.5856146,0.47915307,1.4046946,1.5505955,3.015955,1.6736048,0.35997015,0.53337276,0.21642914,0.2149202,0.07214958,0.203263,0.5383471,0.84070367,0.53291583,1.4055445,0.39165613,0.42012876,1.2280561,0.25409296,2.0832837,0.81481326,0.4483954,1.3792125,1.341764,0.15706284,0.9441092,0.9771974,1.0389348,0.42866293,1.0483551,0.9253009,0.3790449,0.148683,0.35333264,1.1589295,0.0600461,1.7673478,2.005416,1.1997225,1.717715,1.5693421,0.10021567,1.5455813,0.10831354,1.5951532,1.8953527,1.5834609,0.52090615,1.0677118,2.0997245,0.05670381,0.24015498,0.65776193,0.35428166,0.70224047,1.0079277,0.5643027,0.0007242268,1.2246797,0.9638223,0.05311822,0.2460083,0.106941745,0.043894008,0.012725083,0.7458847,0.38091016,0.6059016,0.85970014,2.8770285,0.59579015,0.2326062,0.7532563,0.6475595,0.44970155,0.57807827,0.21012111,0.6571185,0.85213476,0.5910087,all_pothole_images\pothole_images_enhanced_669157ce4a1fa77ee1d4f1e4b4855b48.jpg
0.4849532,1.2329326,0.95888776,0.9538489,0.61628866,0.6351789,0.03144524,0.9737296,1.1187327,0.5942936,2.2269666,1.2553296,1.0215465,1.5099584,0.19447882,0.6676344,0.8431211,0.39132375,0.5606722,0.007171909,1.0631226,1.9586539,0.103737965,1.4394602,1.2408327,1.078355,0.35819018,2.948433,0.49419928,1.3207409,0.7698965,0.42173287,1.3986009,0.008184921,0.8052034,0.4729377,1.5016321,0.9629893,0.12963285,0.48107943,1.1530442,1.7143967,0.94739795,0.72502923,1.4822296,0.28783888,0.027089301,0.23701625,0.83533,1.0572301,0.62867373,0.24249645,0.9532151,0.08492125,0.24316154,0.8177466,1.5697511,0.25834018,0.6341699,2.0561712,0.6217134,0.3266744,1.2421452,0.66738164,2.4295166,1.4817003,0.14499508,0.4020416,0.30077899,0.18836428,0.29133406,0.9348599,0.75707966,0.96187574,0.91629773,0.80745214,0.10608142,0.8717975,0.71179044,0.39107934,1.4263407,0.22915249,0.054774467,1.9396762,0.33728704,0.60797524,0.88299245,0.0350567,4.921616,0.5378452,0.7421542,1.0263736,0.87186104,0.4476863,0.03790947,0.04278055,0.34158865,0.71613365,0.4410457,1.5236399,0.0014720025,3.4198723,0.51894134,0.56027377,0.15872432,0.08278665,0.5125751,0.32088175,0.15388416,0.5420949,1.6657442,0.6048257,0.36443105,0.14137912,0.4312326,1.6624341,1.9184359,1.8610164,0.8145369,1.0674907,0.67219836,0.29965383,2.147308,0.7884675,0.2561768,0.7682877,0.043143153,0.8298437,1.9441966,1.2638781,0.39189848,1.3568921,0.50947374,1.5438148,0.6379078,0.7889384,0.053390678,0.2898585,2.8227606,1.1658505,0.63330925,1.0922832,0.6691149,1.9084183,1.0143671,1.4611458,0.8997924,0.07567531,0.91149634,0.7618732,0.057705488,0.32363147,0.085999176,0.2018199,1.0881237,1.3682637,0.12896372,0.31476897,0.93257475,1.1230246,0.75920475,0.37382996,0.54167104,3.464442,1.2729483,0.03209193,0.30006,1.4213313,1.3158488,1.4249033,0.21657556,0.067985944,0.8046277,0.8073141,0.7894874,0.30810055,1.9994441,0.02490732,0.03999671,0.7961146,0.3410109,2.2018585,1.6523885,1.1322469,2.0325058,0.17919712,1.7134832,0.3557833,0.22397725,0.11432177,0.90943146,0.505756,0.8984339,0.9313404,0.73493,0.83224577,0.11028497,0.50975925,0.5900785,0.35571572,0.48501828,0.91623515,0.2701242,0.583321,0.12753175,1.2509439,0.19598193,1.1730015,0.15801997,0.12553316,0.6284965,0.31451204,0.6480989,0.85148776,1.6040595,1.4403727,0.19316292,0.06299457,0.7841081,1.3680745,1.3707213,0.4215294,0.48191273,0.7263124,0.23793977,0.20134729,2.0449445,1.526053,1.5119959,0.5317143,0.4670695,1.2689263,0.4567664,2.1928568,0.5268418,0.9850619,1.3191901,0.3938075,0.68362147,0.32858813,0.36790434,0.051187806,1.2945398,0.0572986,0.92495507,0.33209398,0.44890139,0.2542975,0.0868377,2.162701,0.48972893,0.04549484,0.124508254,1.2838559,0.13396414,0.38349724,0.50922227,1.5319153,1.4199605,2.4683783,0.9212799,0.38532764,1.4407206,0.056561112,0.485433,0.6313146,0.3693136,0.41999272,0.17876208,2.7169213,0.699879,0.09254899,0.49890494,0.5380364,0.32897744,0.4454892,0.9652873,1.8896205,1.5269228,0.13316889,0.09551915,0.7092634,0.12438443,0.3146226,0.41207546,0.25692326,0.5181895,0.856317,1.8977418,0.41783458,0.21248324,0.60822827,0.23616588,0.65405816,0.5952012,0.055530537,0.5867651,0.08396292,0.16324824,1.5738045,0.7777914,0.5330452,0.15283552,1.0414349,2.4531016,0.121376075,0.059307855,1.6305772,1.0449095,0.1711864,0.9151261,0.49774265,3.087368,2.1576614,0.21996963,0.71009046,0.89281315,0.72095317,0.9366956,0.7385819,0.02109299,0.5520392,0.18389009,0.5707618,1.8940735,0.8363696,0.38137642,0.47445717,0.7596051,2.09037,2.5668318,1.8829311,0.14614692,1.5212296,0.8163676,0.074357376,0.42871156,0.524875,1.3336502,0.5064882,0.13971956,0.010510289,1.1678512,0.020072766,0.9651035,0.17432137,0.19946074,0.9830182,1.0643771,0.42816588,0.07998214,0.9183767,0.30536938,0.30952364,0.5549905,0.4618929,1.4145566,0.2313219,0.8113886,0.42981774,0.8634103,0.039542962,0.19252679,0.4657986,0.06375522,0.21563587,0.14502247,0.4581508,0.27050838,0.0075183315,0.87237716,0.71760696,0.4238297,0.058019035,0.3633918,1.213328,0.00016009565,1.8559893,0.1622852,0.18428952,0.7556339,0.25900462,0.20111823,2.199007,1.3113596,0.4916788,1.2564828,0.3672842,0.08628125,3.3891587,2.4791956,0.468498,0.2743631,0.33082008,0.57513136,0.10929904,1.2169609,0.8734378,0.3029699,0.03710354,1.8778094,0.8272687,0.55109155,1.0391057,1.2550347,0.17771614,0.18351917,0.49944177,1.5131826,0.94247437,0.19435468,1.2822944,1.3180095,1.1322248,0.15005459,1.0695221,1.0631905,1.7447888,0.395827,1.1916463,1.5758739,1.16678,1.395133,0.5232166,1.8950094,0.9846789,0.63499403,2.5877717,1.7809943,0.7430479,0.9158976,0.6667502,0.85257065,0.37904915,1.6492406,1.5315793,0.5232972,2.3956382,0.62046283,0.3261995,2.8216436,0.31379503,0.08048471,0.06912024,0.13666683,0.20746094,2.0754278,0.90332854,0.3162496,1.0277476,1.2398041,0.2165752,1.7588584,0.08998456,0.11596653,0.84668434,0.74899757,0.14402911,0.12913896,0.82119656,1.6002585,1.44446,0.8503194,0.8067739,0.49335697,0.64123213,0.65942866,0.17865397,1.1703467,0.5280644,0.61668843,1.0060412,0.7082203,0.7856774,0.471034,0.16219166,0.8851729,0.41556454,0.82296276,0.56450707,0.36786133,1.1974163,0.3183071,2.2620656,0.2783415,0.08891496,0.20424433,0.12895755,0.25372395,0.32689148,0.6588192,1.0067968,0.28604057,1.4232142,0.059984513,0.15430583,0.4258328,0.2687194,0.4082217,0.45520997,0.3481084,2.415272,0.1092503,1.3829789,0.10948388,0.21578407,0.05405627,1.0949717,0.29178908,0.78227186,1.5465972,0.19522445,all_pothole_images\pothole_images_enhanced_66e2645f7f98bae20645c639d8e9cfc2.jpg
0.1306878,1.7657981,1.4240445,0.98726654,0.17007563,0.55527425,0.34566885,0.0,0.87245005,0.58289486,0.059015565,0.04143246,0.010694672,0.02540224,0.08045876,0.059365798,0.0013178309,0.002407044,0.16706473,0.01855903,0.07500694,1.6221712,1.3085632,1.7875696,0.97779804,0.11329853,0.0,0.24295644,0.0,0.20818749,0.8452157,0.044953726,0.21937862,0.33246806,0.06850337,0.13546374,1.5623947,0.3266865,0.9933753,0.19379649,0.11434679,1.1942079,0.23648313,0.019813672,1.0980022,0.22807884,0.17860173,0.26502892,0.0,0.06290367,0.3382063,0.0022714057,0.26433706,0.5386887,0.25285625,0.085950956,1.0263013,0.11754873,0.053872604,0.040666595,0.0015943957,0.11356224,0.93406737,0.17405726,0.5822016,0.24318711,0.88386303,0.14996135,0.001516364,0.23848988,0.016756682,0.009388578,0.032049567,0.0,0.0,0.65276855,0.37774187,0.22346668,0.0,0.029899282,0.0,0.24541,0.08048291,2.470697,0.936615,0.27902842,0.057037227,0.0,0.37237945,1.4732615,0.0,0.05599365,0.23011494,0.042407468,0.23162372,0.0,0.8932004,0.19524442,0.20762357,0.059125908,0.9447275,2.0731606,1.0612243,0.0,0.4598911,0.5396366,0.0013819442,0.12321919,0.056817092,1.2013046,0.011003347,0.4977665,1.0169336,0.16415608,0.45387015,1.0310515,0.6745941,0.049909685,0.56043434,0.12834132,1.1921709,0.086749285,0.26479375,1.7865361,0.11289597,1.146504,0.45282057,0.7067561,0.60805595,0.18079804,0.07640283,0.004415607,0.17469387,0.10832924,0.58338094,0.176799,0.13958015,0.0,0.2051198,0.0029349301,0.4540346,0.2691366,0.86863005,0.7212489,0.012137352,0.038590387,0.66032994,0.2909795,0.273832,0.009485066,0.17253974,0.1966022,0.36642712,0.18933512,1.0667552,0.093469344,0.5834896,0.56875265,0.09379107,0.03538899,0.40299875,0.61860263,0.04161214,1.0030457,0.1982024,0.108729795,2.3648608,0.02508042,1.3151256,1.8534663,0.22097342,0.011864096,0.0,0.11864234,0.79686284,0.07267418,0.33220333,0.014994941,0.25924122,0.027854722,0.0034507385,0.0124874115,0.7553267,0.66161585,2.7057343,0.68380135,0.92540944,0.31087518,0.5906059,1.4224727,0.49363086,0.09430126,0.24660142,0.9712549,0.9837531,0.0,1.4989835,0.42986545,0.370474,0.21393014,0.110734895,0.1549071,0.029630104,0.9906825,1.3268651,1.2233303,0.08935358,0.038337577,4.79118,0.95919305,0.0,0.24220158,0.7501958,1.2698536,0.67271394,0.0128322765,0.3830332,0.15259103,0.21458127,0.2799507,0.42088026,0.73900247,0.248358,0.15733919,0.0074686566,0.23955704,1.1991061,0.02367258,2.9868343,0.0655295,0.018950203,0.3165596,0.39211366,0.02102977,1.8374232,0.0,1.0139948,0.027909381,0.7043124,0.3816326,0.51266944,0.054515973,0.45483717,0.23346552,0.06267673,0.0228609,0.6097026,0.6281009,0.000899471,2.9917016,0.49183857,0.7032713,0.0,0.47192568,0.0,0.0,0.13426603,0.10509494,0.093518905,0.60376114,0.1669538,0.43306845,0.37058163,0.6877579,0.13719676,0.2807129,0.12976044,0.0053640176,5.371355,0.0300824,0.4569383,0.061757855,0.01797132,0.14101887,0.47028506,0.5300514,0.006668789,0.112229936,0.71465755,0.18457787,0.7564301,0.4738162,0.2958468,0.028812632,0.010390746,0.075061545,0.10772653,0.75190187,0.27784178,0.23105274,0.10390225,0.1504244,0.12733649,0.5339832,0.077536635,0.60100186,0.6769664,0.55464345,0.2006035,1.6474329,0.23336916,0.49243528,0.04039008,0.06993177,5.669578,0.34555933,0.92918473,0.07799226,0.19157602,0.012459545,0.0,0.09833914,6.467148,1.7899517,0.2480097,0.5302868,0.10232659,1.3772049,0.3197116,0.5042204,0.82421935,0.0,0.40855974,0.09102911,0.45815912,0.26499876,1.7394325,0.04779155,0.046262935,0.0004026709,4.978866,0.01847889,0.017195188,0.114075854,0.320851,0.062234677,1.1442077,0.0013778153,0.21920122,0.0025766448,0.20564677,0.39137924,3.202214,0.011851682,0.71016884,0.14061491,0.02661316,0.24749632,0.6135844,0.7077204,0.0,0.035322912,0.10709858,0.53685796,1.1065383,0.3936418,0.06110343,1.6508107,0.051510323,0.11376963,0.44108978,0.15194665,0.008001968,0.38745645,0.4257108,0.057101093,0.30038208,0.0770364,0.6104908,0.001196127,0.24829657,0.052128192,0.120747484,0.01799124,1.1153709,0.03654848,1.0240389,0.754388,0.74644935,0.2987497,0.2667772,0.0074832696,1.70385,0.32515934,2.2444713,0.0017472518,2.2578394,0.17964117,0.21858712,0.19665785,0.102064624,0.21868546,0.0,0.67625254,0.00036400746,0.6888374,0.45550224,0.45603502,0.01693117,0.14498743,0.65631187,0.42324665,0.4237318,0.130575,1.4754372,0.20948876,0.38117638,0.21313563,0.09867228,0.048192658,0.10973678,0.015278003,0.27328295,0.19980302,0.00067253807,0.12458013,0.42850003,0.974889,0.051095262,0.14555418,0.0076586357,0.3980143,0.5540365,0.062715165,0.55434513,0.64712065,1.0414933,0.33406714,0.4916986,0.0553656,0.2678089,0.40180463,0.0,0.049328238,0.026245384,1.6725023,1.5458822,0.6782553,1.4737056,0.7615401,0.2684448,0.7591362,0.24952294,0.06471948,0.18145098,0.10287479,1.3006355,0.25262722,0.0,0.97992384,0.96889627,0.32198364,1.5813802,0.14440165,0.03069065,0.8876774,0.23911387,0.0,0.024827855,0.19696943,0.12665723,0.049069747,0.18146126,0.023098653,0.38106912,0.40174675,0.0,0.0038275863,0.0,1.1362617,1.2683138,0.08033295,0.18619989,0.13793366,0.30334485,0.0,0.77070475,0.65410036,0.3881938,0.66637325,0.5216077,1.0345495,2.7702062,0.4374976,0.32701826,0.36538446,0.8427591,0.0,0.069890305,0.24020377,0.62953794,2.2499893,0.03468424,0.36197704,0.012046972,0.0,1.7067856,0.06690888,0.0,0.0,0.039651528,3.9674733,0.25365567,0.021867462,0.0,1.6043609,0.040795434,0.061387304,1.1479783,0.3349947,0.5136224,0.053075742,all_pothole_images\pothole_images_enhanced_670aa7acdc788a532b910061ec65704a.jpg
1.8896704,0.18400499,0.25883102,1.2668533,1.9821917,0.66730434,2.498091,0.33544084,1.2308023,1.8391882,0.7092355,1.0042533,1.2445785,0.31046548,0.44029063,0.0063254205,0.8096438,1.0408077,0.11007161,0.14793694,0.88077575,0.14056243,3.510903,3.7603161,0.23210649,1.3305712,0.6801664,1.4791695,0.4849771,0.24853498,0.83276117,0.17193586,1.3004025,1.7944145,0.35810718,2.1483502,0.28850612,1.0127751,0.4968755,0.061721087,0.30358028,0.5014749,0.13469508,0.5555247,0.028349288,0.58708876,0.91543406,0.53854764,0.6084529,1.0134877,2.067814,1.0679122,0.38813114,0.309803,0.5873446,0.41669342,1.1399106,0.13189122,1.2932332,0.23781283,0.17872305,0.74072117,0.75998974,0.8636079,3.346572,0.37153187,0.5252378,0.5656849,0.11686532,0.2644361,0.19215797,0.04606114,0.37303105,0.58395416,0.40463006,0.87299144,0.45309684,1.4537264,0.016496174,0.0,0.6827861,0.07047715,1.256459,0.2516595,2.1234007,0.94418883,0.532774,0.7258497,0.26227424,0.07019677,0.544122,0.16154106,0.88062316,0.029852618,0.30811706,1.7114388,0.8695898,0.5342326,1.2650568,0.0,0.0,2.4186728,0.4178443,0.55670774,0.2873381,0.40190613,0.38506398,1.3130524,0.46655974,0.48568007,0.651162,0.4107666,2.164177,1.1279217,0.71603125,0.0981947,1.1816963,0.09738347,1.0587552,2.7035747,0.6282913,0.5815183,1.2138035,1.9076836,0.80620784,0.7759376,1.3001498,0.5373985,1.0966552,0.64877963,0.60147285,0.68034816,0.40122926,0.48267457,0.27779692,2.1384273,0.03354279,0.7472137,0.5175139,0.7113345,1.7204648,0.6714884,0.80754143,1.633255,0.37911853,2.5297601,0.17715847,0.054804996,0.20687783,0.00092603994,2.2962928,1.1448503,0.16735561,0.11363551,1.012898,2.213218,1.1327906,0.3887958,3.108719,0.7912959,1.5186805,1.3321489,0.026553277,0.363037,1.6572604,0.28016147,0.14231233,0.515519,1.6767524,1.085258,0.65190697,0.02824178,0.036399983,0.27417216,1.4451444,2.528801,0.39169794,0.18926863,0.5735257,0.12698288,0.16268806,0.51572466,0.07851934,1.6641474,3.057794,0.29066682,0.0,0.021153795,0.7446346,0.20064421,0.33058283,0.0,0.2706076,1.6447688,0.04657936,0.7179962,2.965377,0.5629978,1.179532,2.093317,0.83080775,1.2897141,0.21135563,0.66962785,0.4956454,0.6925374,0.88156843,0.4727403,2.0328526,4.2011504,0.14594354,0.23212187,0.017400227,0.49858963,1.0624267,0.47575837,1.0522406,0.48217636,1.5612534,0.11641472,1.2621787,0.15752554,1.1078662,0.54336125,0.00096830825,0.0,0.76362765,1.5578573,0.44983563,0.4457789,0.080432825,0.041214358,1.3013974,1.6580673,0.95093906,0.09614744,0.5460978,0.6063044,0.5106067,0.79936576,0.2547577,0.10485271,0.22801647,0.099857874,0.042321187,0.16502053,0.49117956,0.21545196,3.4560485,3.500868,0.669957,1.1406488,0.088455394,0.75340766,0.51137286,0.11045871,0.0058800695,0.24146654,0.0026166418,3.5628707,1.633126,1.7022076,0.4117137,0.007648174,0.2119455,0.10582735,1.8778545,0.2904977,1.4038365,0.17634179,0.32792044,0.1403711,0.5649012,0.21171653,0.20131642,0.5337435,0.6951221,0.27660504,1.5255291,0.41452694,0.12555373,0.36395457,0.58047944,0.8803053,0.17206448,1.4858196,0.6812484,0.0,2.0967696,0.15102911,0.5002871,0.11082049,0.5721221,0.78521234,0.0017284066,0.79859453,1.2936665,0.15298767,0.70442,3.4637074,1.3292588,0.39789456,0.35357565,0.1532062,0.1789462,0.47083604,0.017595874,0.0,0.34863555,1.3736879,0.73084944,0.17390856,0.78987837,2.4126518,1.2105113,0.26103905,0.2317388,0.11325582,1.3499588,1.2598344,0.7583349,0.0,0.74298126,3.0584273,2.1741989,1.6115468,0.40854052,0.38967374,2.8150709,0.008800305,0.16667229,0.19971466,0.0,0.60626507,0.018567039,0.048492327,1.5458075,0.009570914,0.32716236,0.5520181,1.4759334,0.071423136,1.6884522,0.3853979,1.0552121,2.2934966,1.2504975,0.68423724,0.11324256,0.55466783,0.56035215,0.7263876,0.12806717,0.15687175,0.4689915,0.30452207,0.3767302,0.51494604,0.30649272,0.16067502,1.3163625,0.6792532,0.6514974,1.8804287,0.009726497,0.6055279,0.22303857,0.9758598,1.5479678,0.028944535,0.19368109,0.3746886,0.2732005,0.43529922,0.7955455,0.6638312,0.23079093,0.79229325,0.34965,0.87500155,0.06721016,0.58382744,0.63608855,0.2927617,2.2151122,1.4280305,2.3583298,0.026292937,0.009181437,1.0051281,0.83409405,2.791031,0.28688785,1.4164206,0.11644745,0.264258,0.8251875,0.1591205,0.48664364,2.156074,0.7962922,0.741359,0.1665896,0.93760705,0.6007643,0.027784562,2.8264358,0.37779438,0.5296664,0.82752967,0.3748685,0.2961657,0.04646778,1.1206304,0.82329965,0.50396144,1.6188341,1.4255574,3.0372808,0.23548654,2.0766668,1.4236796,0.030376459,1.0383285,3.0480788,0.23555425,1.8846445,3.5916457,1.1740224,1.0485234,0.24296287,0.24495183,0.08405381,0.28588235,0.22234301,0.22378647,0.012876785,1.9529874,0.015297455,0.27698693,1.1270604,0.5810227,0.03468388,0.70750403,0.09869978,0.0041195853,0.36130223,0.097506486,1.046829,2.4331312,1.3704808,0.8555989,0.41981778,0.10425254,0.23893404,0.29938814,1.4310371,0.008996315,0.56856,0.3101291,2.8284802,1.479531,2.925704,0.8224928,0.57084274,0.50607526,0.1982722,0.29182965,2.348853,0.067087315,1.0251127,0.10296696,0.01324209,1.4779629,1.1302437,0.6934828,1.120135,1.0086899,0.09036656,0.034744762,1.5173439,1.069117,0.55986863,1.569474,0.21931489,0.50557506,0.39992025,0.035130195,1.236103,0.18293765,0.48152766,0.65990025,0.42218685,0.022990191,0.47938436,0.4620006,0.074493974,0.8602102,0.78260815,0.5384156,1.2143937,3.3138328,0.31827205,1.6267121,0.48515725,2.1578937,1.0001004,1.7110264,0.0040423013,1.6513317,0.44505453,0.06989587,all_pothole_images\pothole_images_enhanced_673ae1fb1a06a05801a9d67ee9702d3e.jpg
0.0,1.6049296,0.7646314,1.2000676,0.15276434,0.36642322,0.023178753,0.012606335,0.11250001,0.49736673,0.022870844,0.35006833,0.4443224,0.14182845,0.18535537,0.05142902,0.40510756,0.14010698,0.07525568,0.2703222,0.16711032,2.098439,0.31189185,0.28377143,0.02195694,0.31231236,0.39916384,1.519192,0.0014213808,0.46612728,1.0994611,0.11717029,0.23163526,0.12316386,0.28496492,0.18201068,0.6475588,0.26763535,0.008872519,0.31549838,0.009931834,0.05573044,0.052792653,1.8904352,1.8188462,0.14732827,0.017490212,0.0107174255,0.031284586,0.0,0.8562611,0.09431559,0.48194617,0.022205781,0.051439166,0.30414727,1.0839931,1.447288,0.45185295,0.0,0.002474709,0.070688866,1.014445,0.168035,0.09143632,1.4978918,0.6612861,0.16802844,0.51266664,0.2648658,0.16853039,0.4280147,0.49757245,0.04039746,0.0,0.4835856,0.10080245,0.7845485,0.0,0.001875059,0.0,0.32415608,0.14513065,0.9178226,0.6152522,0.63996583,0.13681567,0.00047161634,2.1739192,0.79239655,0.0,0.04069546,0.25563815,0.37888023,0.0026899034,0.11142457,0.24795672,0.9219799,0.68254626,0.0,0.41151467,0.26248804,0.27842328,0.028294908,0.077739544,0.6468163,0.4548288,0.00041427242,0.051788494,0.19927566,0.0,1.2883534,0.10883831,0.24968736,0.3649845,0.08264988,2.2060006,0.5724812,1.4072644,0.20585817,1.2775116,0.10460994,0.39146537,0.6526414,0.6291599,1.7144673,0.030637378,0.0,2.0006852,0.13310829,0.2661836,0.0080619985,0.17702861,0.057431445,0.04788708,0.69744885,0.0041667856,0.13533022,1.4206461,0.049285654,0.0029921038,0.42903098,0.28888625,0.6822597,0.03904108,0.5458001,0.15215123,0.1065892,0.033456918,0.37469527,0.39243537,0.0,0.016126221,0.11280515,0.7616046,0.16151033,0.083075844,0.09302671,0.11604086,0.49603674,0.5253276,2.5700788,0.089858636,0.9516317,0.004753842,0.040873177,3.3183353,0.027667722,1.1708138,0.66192687,0.0,0.006024157,0.07772917,0.0,0.35099187,0.21229778,0.2803571,0.03225362,0.11823842,0.3426246,0.0,0.41274223,2.9352405,0.15661903,0.89073616,0.65218765,0.30770034,0.012014505,0.57571435,0.1993732,0.12305553,0.101468466,0.0035075361,1.2660309,0.11136983,0.0,0.06375742,0.13734199,0.041692447,0.6677545,0.089232534,0.0010993684,0.40954387,0.89098823,2.2716393,0.97311705,0.12228773,0.002677434,1.6404327,0.06997012,0.08738936,0.14305831,0.51537293,0.10539138,0.16656278,0.29290465,0.34794456,0.19033632,0.40387374,0.0743997,0.5897865,1.3673772,0.0065036453,0.6164767,0.12151605,0.0,0.24318177,0.094357945,0.8214707,0.31379768,0.015749687,0.002169233,0.45103753,0.0,0.49735808,0.06093077,0.91211295,0.00590489,0.76604724,0.1405034,0.20710252,0.32174557,0.46145147,0.13377437,0.061327778,0.012798223,0.49741977,0.6389417,0.0638162,3.717447,0.5190051,0.015448553,0.3958255,0.14011109,0.16626327,0.11717116,0.37334698,0.2701428,0.48088342,0.46237123,0.0034020871,0.8274954,0.079956755,0.23864977,0.37597433,0.6039805,0.06837907,0.7988081,2.7536972,0.06310369,0.00057283044,0.06679262,0.0668349,0.22256206,0.43574604,0.572457,0.077776656,0.5416045,0.12256194,0.3419504,1.5685921,0.0,0.6583095,0.11877757,0.5231148,0.5228488,0.62518334,0.05592636,0.8808427,0.58545595,0.028007278,0.34828278,0.038140662,0.4776828,0.16549672,0.29984906,0.043664902,2.1076825,0.4893013,0.88806766,0.35658023,0.60929453,0.0,0.10868425,6.4305587,0.014224057,0.0,0.28233328,0.0792461,0.19774549,0.0784224,0.124621,4.5187507,0.5936691,0.045817897,0.17878945,0.07667204,0.6127197,0.8717657,0.32640392,0.055867467,0.0,0.0060517257,0.84590876,0.03344439,0.06064231,1.0815055,0.08188993,0.24622594,0.084792465,5.8257966,0.0561238,0.088820785,0.021086803,0.06677958,0.044055253,0.7295364,0.2809478,0.16924998,0.0,0.041785605,1.1382294,2.1673734,0.007128706,0.9359188,0.31244838,0.0,0.046086073,0.67053175,0.36003143,0.17103647,0.7104994,0.07054232,0.46083432,0.008455256,0.112343535,0.0014858162,0.7660563,0.048209082,0.28658447,0.0,0.031501476,0.07997983,0.00015170233,0.0031774226,0.1492288,0.7315278,0.5640486,0.0,0.18049695,0.36415207,0.0027999403,0.4372318,0.008915834,0.42275319,0.287269,0.29197565,0.024718642,0.5838523,0.08807424,0.05598905,0.49291447,0.34042656,0.8601339,2.3679738,1.2625587,0.22269706,0.010702598,0.0,0.5639045,0.22189128,0.42090088,0.10403544,0.16957779,0.055365216,0.13907595,0.04953871,0.753536,0.0069770487,0.33345568,2.521184,0.78650665,0.012098542,0.039319713,0.2333705,0.19200549,0.5944934,0.74909115,0.19429246,0.23138097,0.14701818,0.08428742,0.16426082,0.07954465,0.0039700456,0.13761845,0.014712415,0.006484308,0.034045458,0.006161837,0.57219267,0.0,0.4053902,1.3954458,0.42704588,0.33054286,0.16840966,0.91000277,0.0,0.29065207,0.92960995,0.015281828,0.0432701,0.043938197,0.086286254,1.7940986,0.8594365,0.25331122,0.46150747,1.013432,0.16241017,0.017659178,0.27456245,0.07101696,0.32794848,0.014570371,0.45045003,0.59100163,0.22367363,0.40156874,2.1573315,0.52390265,0.55754685,0.37136745,0.14006425,0.12585974,0.0109366,0.40169773,0.018350776,0.58963376,0.5165744,0.12360597,0.8911166,0.009556804,0.114814214,0.06251204,0.0,0.0,0.34633985,0.73350734,0.44378203,0.2431982,0.033271573,0.0746726,0.007152567,0.0,0.0,0.1761238,0.28236657,0.081669375,0.0,1.0908926,0.28304622,0.0018955141,0.0037119759,0.009679666,0.022507558,0.017602684,0.9020163,0.021339664,0.3251805,1.8395981,0.0,0.10301561,0.0854088,0.0,0.06707673,0.17615436,0.038586378,0.013433253,0.08218262,2.0689116,0.44535804,0.07571922,0.020181468,1.1744881,1.3494885,0.035395917,0.10421442,0.80896336,0.014048951,0.1777879,all_pothole_images\pothole_images_enhanced_67525d850d93223b1932106786900f88.jpg
0.018592626,0.9166533,0.16647041,1.3675241,0.41048932,0.054159556,0.8740556,0.053062014,0.20443757,0.12115567,0.40197995,0.8695808,0.02888142,1.9032425,0.008367625,0.10541862,0.13178253,0.6638065,1.3574276,0.0026480872,0.7209488,3.1002588,0.005588264,0.7683363,0.39551497,0.13374747,0.23853672,1.4828875,0.016127355,0.2505105,0.5593747,0.17074336,0.13693962,0.0,0.24018016,0.6001832,0.28484932,0.6630403,0.30528787,0.581491,0.0443018,0.019845039,0.08674054,0.7340141,1.3039024,0.087445736,0.09608332,0.019808402,0.04941806,0.5856383,0.96270615,0.020518683,0.18240789,0.030612115,0.0,0.710298,1.2453207,0.45714113,0.27630416,0.06986076,0.19220169,0.08776592,0.61808646,0.0031717583,0.14911072,1.9412473,0.9217554,0.03862503,0.61994565,0.45881203,0.0015716087,0.2524633,0.15955167,0.0,0.023221234,0.3577075,0.014851264,0.180773,0.04399918,0.1883411,0.0014049024,0.057664618,0.19860479,2.985793,0.09748771,0.033225935,0.12280836,0.08467914,1.5564393,0.45948327,0.051963378,0.48099902,0.042082585,0.028984478,0.035716496,0.07347172,0.90390605,0.5853953,0.17287841,0.039228998,0.2061947,1.4868335,0.5571402,0.08071311,0.22394887,0.6298649,0.07582659,0.0515145,0.08089515,0.26894987,0.0,1.7430837,0.083993874,0.0,0.20945193,0.10894144,1.4130286,0.4860017,1.0451167,0.01099207,1.1864096,0.44470155,0.12501398,0.05868299,0.24734193,0.85962385,0.8036893,0.10884697,0.73925513,0.68024504,0.15458386,0.004510033,0.3501173,0.058198065,0.07958536,0.080822684,0.16996679,0.29334036,0.7560408,0.026317615,0.25098068,0.6860915,0.0027969843,0.98037136,0.17246741,0.3317567,0.19446102,0.05967565,0.46194223,0.22564895,0.11833169,0.2900046,0.0,0.0141263055,0.9881399,0.021253891,0.32153103,0.68500173,0.02524245,0.18333088,1.2309625,0.88680124,0.21901768,3.8301578,0.56294614,0.019279698,1.2325385,0.098370425,0.29110512,0.7074624,0.008388263,0.0009736,0.02527576,0.0030204833,0.11345877,0.07252441,0.23825559,0.010972895,0.17840426,0.08403147,0.0012521249,2.305619,0.7381954,0.053065203,1.9220648,0.43888894,0.562009,0.15398617,0.040423904,0.6787051,0.21711521,0.23434214,0.12143666,1.4863701,0.084484674,0.014622474,0.1996568,0.30681828,0.31151593,0.3645808,0.07775717,0.49590796,0.93669456,0.5570181,2.1178038,0.28680763,0.075409524,0.30521157,0.21341142,0.13413267,0.0,0.19295847,0.77675843,0.10959199,0.26094642,0.8363698,0.5153831,0.09662328,0.48326325,0.28524897,0.13178015,0.8292453,0.4483306,0.15358521,0.1932309,0.12200102,0.3596784,0.07807436,0.66510034,0.07712444,0.0029033602,0.34874004,0.08475747,0.0,0.268089,0.05894609,0.5453657,0.02802279,0.061298043,0.11961746,0.053604465,0.06366642,0.14265206,0.17745355,0.0142522305,0.024613215,0.41390654,0.07007354,0.27580026,4.9894614,3.0299509,0.0,0.7506888,0.014855001,0.04684948,0.8779739,0.27600303,0.48167717,0.49322617,0.5630488,0.27350095,0.023726534,0.09332935,0.52530694,0.18162262,0.15785414,0.2816671,0.26421994,0.8913789,0.20884669,0.17930761,0.0022847867,0.14414363,0.153548,0.8606267,0.90539485,0.035908427,0.25395587,0.3897367,0.42393017,2.2936115,0.054802515,0.18295237,0.46451724,0.47149244,0.39479282,0.17170069,0.08197992,0.98586744,0.2850629,0.03800735,0.047833346,0.023204524,0.83546776,0.077922575,0.11674268,0.3264251,1.6214353,0.4157149,1.5526634,0.70557946,1.1027368,0.098306,0.8492883,4.1612687,0.0,0.010480413,0.9541663,0.20504038,0.44043046,1.2572278,0.18599525,3.0066633,0.66007763,0.05536909,0.862941,0.18404879,0.589469,2.7588825,0.109954275,0.0,0.010456445,0.22762436,0.62729263,0.47205865,0.33518797,0.86734736,0.027847199,0.6740524,0.39426818,2.662493,0.33971018,0.26613042,0.0,0.050841097,0.035508994,0.7249477,0.4634265,0.071630314,0.055905413,0.22215796,0.1925185,0.6047201,0.24272425,0.31605938,0.48418748,0.0,0.02212901,0.5780618,1.0315105,0.1319374,0.048062913,0.13895766,0.67755103,0.010512913,0.16853932,0.23735414,1.7683536,0.03778288,0.5221649,0.010037787,0.2044285,0.87986386,0.010775707,0.004602767,0.09227439,2.9432254,0.537127,0.103917785,0.014529807,1.689034,0.0030021514,0.17008308,0.2852326,0.051411755,0.1667225,0.0,0.0,0.19534971,0.2523415,0.2392219,0.010541631,0.60719,0.68836653,3.8693526,0.09913376,0.6665022,0.0,0.0028419516,2.0956137,1.4584652,0.19552012,0.0,0.45511666,0.015841976,0.0,0.6302612,0.17665859,0.013745003,0.14224544,4.1338367,0.1191551,0.06997987,0.8781291,0.41180795,0.0,0.11020995,0.54900944,0.051447455,0.10391241,0.005464574,0.16469698,0.7163656,0.18045612,0.141151,0.059446868,0.08716936,0.0848178,0.12855908,0.0,1.1661682,0.041070983,0.14985298,1.7016913,0.9654455,0.16335289,0.05610452,0.5772154,0.14124486,0.74654496,0.5504285,0.18861066,0.08150227,0.33146378,0.32847404,2.782064,0.38647258,0.25050625,0.19984077,0.02498467,0.08576549,0.19525811,0.0,0.39917338,0.7038821,0.04259275,0.90058345,0.46515697,0.0848129,0.68813956,1.4981437,0.23777603,0.85439867,0.09808712,0.49202314,0.8547203,0.060684904,0.39760262,0.5209986,0.9533975,0.5032774,0.20571178,0.537904,0.0058022942,0.21946122,0.2628456,0.29700935,0.12344317,0.20785065,0.18422267,0.6358842,1.1741542,0.3175822,0.088072784,0.22631781,0.03968163,0.002979409,0.87144125,0.34903646,0.0030646422,0.30236298,1.7851294,0.17791168,0.59048843,0.06072234,0.2508907,0.6066465,0.008397306,0.42953748,0.2231314,0.82317436,1.0635029,0.16939418,0.08121548,0.0,0.1389478,0.29165044,0.1465503,0.1396951,0.16357145,0.0066952314,3.1341615,0.4544833,0.09768753,0.038194012,0.49099278,0.13224305,0.04615193,0.4790748,0.28015152,0.0,0.42468435,all_pothole_images\pothole_images_enhanced_6790f8406c82e26a35d71b374e65a46e.jpg
0.087461226,0.4307711,0.036296688,1.7847435,0.15833056,0.14421517,0.4418675,0.008650916,0.15006983,0.057743877,0.23348808,0.13358824,0.23245437,1.7719973,0.14794539,0.0,0.18160477,2.1058064,0.35219333,0.020513354,0.2357862,0.11731642,0.26052976,0.7365914,0.32354432,0.0,0.40847123,1.3920473,0.041476067,0.0,0.036308672,0.40838686,0.38446882,0.9861219,0.36355004,0.33678117,0.017395966,0.059995335,0.007434711,0.09813633,0.0,0.024752256,0.31297365,0.84607023,0.0076983795,0.32387555,0.022633962,0.48443583,0.28847173,0.5029065,0.29861054,0.0034435077,0.07051704,0.0013861072,0.56116414,0.4766238,0.3131681,0.62032455,0.242064,0.2264025,0.104268394,0.15907809,0.48822588,0.3025943,0.5180379,1.0302687,1.1122727,0.03705228,0.09982562,0.0,0.31449056,0.01012214,0.47075626,0.047721528,0.3639851,0.010111643,0.017752396,0.37743536,0.0,0.23342985,0.06814659,0.059333295,0.5279798,0.091727704,0.2258305,0.008128095,0.017948702,0.07281023,0.5555309,0.011922118,0.85755616,0.2698364,0.1719236,0.21781605,0.13967974,0.22195143,0.113722116,0.6922405,0.06275432,0.02320369,0.01750511,1.6997126,0.08647299,0.39120525,1.6951146,0.618059,0.44594067,0.12257889,0.2789052,0.28700972,0.07724443,0.17677091,0.016975775,0.7514939,0.090953395,0.10842948,0.28222314,0.43518275,2.3492694,0.45135424,0.53861934,0.15748806,0.086722955,0.7637719,0.1564042,0.27850989,0.005593144,0.31724033,0.074488424,0.30838418,0.5726214,0.11758002,0.0,0.40368783,0.019138673,0.0051265517,0.12436397,0.16059096,0.0,0.20102826,0.2161765,0.022290627,0.7985222,0.20217018,0.005762904,0.50898033,0.16967978,0.09217962,0.15961456,0.13148451,0.0,0.030738581,0.048655163,0.04148601,0.73797816,0.37360194,0.5284771,0.27155983,0.32924935,0.38847286,1.5799336,1.8817347,0.022126086,0.0079717785,0.45399833,0.049168292,0.58370817,0.12326685,0.13018455,1.7757427,0.1255472,0.16387336,0.050031096,0.0893733,0.0076032463,0.51825535,0.27396387,0.0,0.234127,0.013626472,0.00013882638,3.3621695,0.9360881,0.1281035,0.6207874,0.25931865,0.18547459,0.02196456,0.34577274,0.21235968,0.04301165,0.31811324,1.3598231,0.83681905,0.48033664,0.07935704,1.1119481,0.66686565,0.14986524,0.0022646922,0.020832524,0.35341847,0.12330791,0.35117918,0.19721174,0.102667205,0.439134,0.058125854,0.43342623,0.7198988,0.015727714,0.09323591,0.0017315894,0.2684124,0.14845756,0.24207626,0.40339488,0.057889912,0.0,0.21326555,0.067494884,0.17118913,0.64769655,0.08399674,0.0,0.007723956,0.59959173,0.0,1.9325308,0.22765942,0.054489058,0.06475786,0.1877774,0.14822084,0.06323458,0.14461182,0.4302052,0.24206282,0.082500435,0.19855411,0.07101824,0.0018937855,0.026746122,0.04607695,0.04868799,0.0,0.45122427,0.16668303,0.08834526,4.052483,3.1468916,0.058147848,0.0,0.0,0.0857736,1.5363328,0.15957488,0.25778323,0.06150592,1.2897327,0.24066222,0.14347884,0.11304785,1.1271676,0.0005437894,0.48516592,0.5816531,0.8197439,0.093232185,0.24973208,0.6713113,0.20993976,0.6654375,0.7721541,0.0085811475,0.44185156,0.15082562,0.06397883,0.25731227,0.012594073,0.21718803,0.18735911,0.034171086,0.18337764,0.01187405,0.16835918,0.36867258,0.08534523,0.10006444,0.0,0.0,0.18460076,0.058657095,0.26397595,0.39733568,0.42827204,0.07284024,0.3523812,0.021047514,1.9213039,0.34756437,0.004080741,0.003917987,0.007992636,2.4210052,0.078441545,0.0039391923,0.0051701274,0.07845092,0.2289321,0.238694,0.93944407,0.5443494,1.4896741,0.19874434,0.1285691,0.011985564,0.59983426,5.7017584,0.15516326,0.8718113,0.0,0.15794201,0.03265024,0.010352911,0.1486506,0.31268606,4.120191e-05,0.19078371,0.054878656,0.36892202,0.15756142,0.16975866,0.059172258,0.0037099903,0.0,2.410883,0.13805684,0.4160515,1.0860186,0.071411386,0.09251162,2.2105677,2.4622695,0.9437526,0.00630458,0.13681118,0.5894313,0.27908972,0.13176498,0.010665247,0.17243665,0.0,0.08782199,0.07245399,0.2362023,0.0,0.03089874,0.17044036,0.009180558,0.71223336,0.13077371,0.21541287,0.0,0.0,0.017564785,0.008557502,0.10827535,0.29760158,0.3973641,0.08944458,0.46946722,0.9395172,0.12207369,0.21334851,0.45714357,0.4531984,0.036556456,0.5997521,1.3462898,0.88268745,0.0,0.022522524,0.2074599,0.4973861,0.29066575,0.2778996,0.033166908,0.0063071195,0.4828185,0.0016200694,0.21382155,0.0,0.48007083,0.0,0.6499659,0.21811485,0.7554212,0.5315508,0.06640234,0.021821078,0.6606733,0.32261193,0.0,0.017043896,0.0,0.06944894,0.22742665,0.16256471,0.3502384,0.05243132,0.3568887,0.1324789,0.13255781,0.014037199,0.4167876,0.75062966,0.3775541,0.093371935,0.0,0.8133683,0.3341732,0.045523517,2.0982487,0.9884787,0.18531229,1.7099185,0.0,0.1436063,0.016803281,0.02926764,0.23891242,0.101738304,0.026012415,0.42874774,0.12155645,0.31444883,0.28474382,0.093633555,0.0,0.6295085,0.020378334,0.041147377,0.006324622,0.22673483,0.04871962,0.18661354,0.20524171,1.0262156,0.6653408,2.2370589,0.10002096,0.065551825,0.16160999,0.022147866,0.5206006,0.21993735,0.13042471,0.21960843,0.69953966,1.8617703,0.52727455,0.84871405,0.18348782,0.03125936,0.00045429336,0.06962248,0.024029184,0.06744849,0.24377817,0.61297303,0.8369263,0.033683717,0.0,0.47804227,0.013008961,0.09675223,0.70360625,0.08274705,0.0025237482,0.40243432,0.59374124,0.54846185,0.5079549,0.5548275,0.009122431,0.17291686,0.15302995,1.4276083,0.0007639508,0.05201714,0.92257655,0.013151662,0.079635516,0.13217343,0.0037453766,0.0017650435,0.0,0.058225572,0.11716868,0.120686606,0.5639217,0.38271612,0.091119654,0.13590002,1.2323371,1.2205389,0.011304703,0.18440007,0.5062512,0.05772965,0.24544828,all_pothole_images\pothole_images_enhanced_679d7f01beaf23c6151c27f94f119f26.jpg
0.44703096,0.61352694,0.27216697,2.4215093,1.5991653,0.896067,1.4464077,0.19695926,0.04493444,0.5679413,0.11063846,0.12871432,1.0885612,2.1055677,0.07285021,0.22147128,0.033427197,0.49337262,0.4495779,0.11880579,0.20702934,2.267379,0.9991291,0.3122268,0.5923214,0.36697254,0.85439336,0.63685596,1.3771074,0.7614958,0.93186176,1.1167455,0.7710384,0.10687594,0.2087789,1.658004,0.3628171,0.16193381,0.041561395,0.35151735,0.44884408,0.1004784,0.47344008,0.61971754,0.34937057,0.19385631,0.31175047,0.009752406,1.0288006,0.37610084,1.1066228,0.5156519,0.4996137,0.7143487,0.32167026,1.60392,2.304003,0.003167682,0.6338248,0.9354279,0.78734714,0.64106953,1.047256,0.4932956,0.6234826,0.7223373,0.1003798,0.763008,0.039785754,1.0761073,0.024495518,0.16339971,0.017230876,0.4913271,0.6356318,0.5837186,0.39240727,0.666112,0.46129888,0.44939733,0.20817111,0.24806298,1.4007571,1.4156967,0.8794055,0.7749482,1.122644,0.09382234,2.0175645,0.05319273,0.10377163,1.1293805,0.14881757,0.033766463,0.7382113,0.056662563,0.104024574,0.69319224,0.29320818,1.1363046,0.8187598,3.479514,0.76743674,0.5367708,1.3055321,0.15067735,0.6045167,0.45307508,0.3470613,0.7445175,0.94794756,2.3024337,1.1752577,0.12807451,0.4812585,2.3464112,0.7968141,0.90882903,3.131935,0.9859178,0.15056852,0.8125052,0.68262774,0.41076994,0.19846568,1.5962944,0.22618939,0.40285963,0.24011143,0.1009167,1.3147525,0.47466448,0.6778298,0.732309,0.190801,2.000994,0.5554265,0.05724832,0.90100485,0.3466459,0.69415796,1.7019577,0.16852671,1.7581322,0.40176034,0.7849781,0.02773008,0.77657187,0.8801618,0.28034392,0.34015045,0.249113,0.6840696,0.5144982,0.9701325,0.49155444,0.9597512,0.96394694,0.92836493,0.50264853,0.5059457,0.86808455,0.31872582,1.8347241,0.93059134,1.4482362,1.1839122,0.36186966,1.9001455,0.050370734,1.2225596,0.4702375,0.4492089,1.9795641,0.623909,0.5990895,1.3846328,0.61500007,0.53648424,0.14479023,0.18043412,1.4905931,2.079116,0.46422642,1.1694647,0.039003238,1.3299382,0.9597163,0.21610858,1.042498,0.7815117,0.65465534,0.0,0.8782431,0.2378526,0.1521978,1.173644,0.84413487,0.4638896,0.6881938,0.051141772,0.9716016,0.4723927,0.3417922,0.98777694,0.87761813,0.19597703,0.09040047,0.69710004,0.91730714,0.72268945,0.41702536,2.2732978,1.8875697,0.96529734,0.9978916,1.0255803,1.4180275,1.4097561,0.16923325,1.2224652,0.0,0.5132163,1.5064722,0.10807447,0.282919,1.50459,0.79083997,1.8141501,0.013098482,0.031278417,0.8024526,0.7200391,0.4451009,1.0346286,0.12796114,2.0406072,0.16197418,0.20907812,0.52263373,0.9135125,0.119055696,0.77799696,0.0,0.10595699,0.60638165,0.6114849,1.02867,0.62313074,4.0328946,2.3793619,0.40667248,0.7222355,0.5146637,0.11357607,0.9240612,0.6386878,0.08447902,1.1193448,3.7404988,0.18070234,0.99870425,0.7549745,0.7709789,0.52749246,0.28442433,0.72687227,0.0129725635,1.3953586,0.6460994,0.89811814,0.039290093,0.29330516,0.18220936,1.5745718,0.82615393,0.20925525,1.3667772,1.1119581,0.07421,1.4777234,0.8581295,0.39142272,0.8125502,0.58201176,0.7649689,1.0309442,0.77162474,2.4479465,1.5052645,0.24794072,1.2687794,0.11151449,1.3687856,0.44821376,0.32595664,0.4806467,0.91270214,0.048119903,0.9732335,0.112144955,0.25229242,0.13014105,0.48386818,4.587028,0.8583126,0.91874224,0.3635839,0.94202715,0.65139,0.89178616,1.4436367,2.4314811,1.6603869,0.6360333,0.31665784,0.13828632,0.6006992,3.4217854,0.42062545,0.5180932,0.6750333,0.08499094,1.2097452,0.33454418,1.1868246,1.063779,1.0986499,0.08661923,1.1078098,1.4593593,0.85421705,0.3431858,0.49388662,0.21604504,0.43417677,1.8661337,1.1141193,1.1776282,0.46819344,0.5179265,0.8504785,0.8935893,0.5337719,0.8097044,0.13783906,0.38233697,0.058889296,0.22920522,0.46675026,0.593964,0.29813498,0.13238285,0.42231578,0.570933,0.20330228,0.6781512,0.3242563,2.1387787,0.49303275,0.48616055,0.24510078,1.1842712,0.5209813,0.1277481,0.8254225,1.5123807,1.1115663,0.2492715,0.8959419,0.92058206,0.23378827,1.3104554,0.875012,0.41161212,0.9291311,0.09498489,0.13350356,0.8661542,0.29121932,1.3643831,0.07147256,0.11369324,0.72401434,2.634667,0.13050762,2.808199,0.44202557,0.33931768,0.7225953,0.0801143,1.8467053,0.42848095,0.24095365,0.52786046,0.16184193,0.1578102,0.0,0.55873215,0.56127334,0.8552023,0.13361675,0.7065023,0.81950986,0.57657653,0.11038965,0.24349621,0.2843306,0.4650853,0.57618165,0.3209824,0.58714634,0.16408274,0.1814991,0.44889987,0.25649446,0.6328878,0.84868884,0.67390805,0.3070456,1.8550385,1.0203491,1.2205144,1.8002431,2.6820204,1.9605134,1.0007075,1.0264636,1.110435,0.5009484,0.9927539,0.4296024,0.8661141,0.12800281,0.03420522,1.2707742,1.1280631,0.87909746,0.9283891,0.9833134,0.8929601,0.89708596,0.27232558,0.026854517,0.06785685,1.0351614,1.1661102,0.7069082,0.06871636,0.34111765,1.2953559,0.15603739,0.17565735,0.38058096,2.003901,1.1452963,1.7939886,0.23450975,0.6664894,0.4815805,1.3533005,0.15600076,0.65581954,0.22909795,0.9764328,0.2736635,0.055645093,0.7478905,0.23687726,0.7573968,0.5079338,0.9772766,0.49206343,0.65074295,1.2812085,0.7939439,0.7204445,0.40932712,1.3027611,0.28711388,0.36252,2.1815817,1.9780214,1.2568535,0.015146552,0.9542205,2.4686,0.38397092,0.8667629,0.5255852,0.78009677,0.95686495,0.30387995,0.06905827,0.69378746,0.34088033,0.4991107,0.7499603,0.23664631,0.46648717,0.7455526,2.7901258,0.69273466,0.87917864,0.7545523,0.3901444,0.11847743,1.2659152,0.21531482,0.16708069,1.3238606,0.780479,all_pothole_images\pothole_images_enhanced_67d48ce38e9781a64f5cec28001537bd.jpg
0.6156504,0.62909704,0.22500668,1.6312884,0.0035387967,0.2473382,0.17106952,0.20138763,0.08107544,0.2506418,0.2502427,0.28425506,0.37980402,1.4574794,0.088825315,0.059456624,0.04830597,0.9824693,0.3666573,0.040436085,0.4345211,1.4278249,0.20058456,0.30935615,1.2880315,0.054673675,0.4591098,1.3264126,0.165809,0.17727314,0.87681645,0.42579463,0.43135646,0.8436608,0.64465433,0.29133156,0.0072774547,1.9835206,0.025014449,0.9272662,0.0,0.02945422,0.38054773,4.1236053,0.21859632,0.18588813,0.30570418,0.055040274,0.3422386,0.9230893,0.3637234,0.24801396,0.3739771,0.21870168,0.2599742,0.41180184,1.7719805,0.43065315,0.3423371,0.08991211,0.22196294,0.5452281,0.7022952,0.17309141,0.08623582,1.5162324,0.16581313,0.09591834,0.5310372,0.18850628,0.3294602,0.044378884,0.4069366,0.20883852,0.19052947,0.0044319,0.037171245,0.37171388,0.087510124,0.038466744,0.4051567,0.22012275,0.32160398,0.40362298,0.6387891,0.21611108,0.08190295,0.34033927,1.5653443,0.09288951,0.49036908,0.21549629,0.0,0.17593715,0.16731626,0.13997234,0.3546224,1.1727128,0.15651509,0.009827799,0.0,0.6164719,0.21348134,0.31538054,0.76979357,0.8430538,0.12288332,0.12452126,0.06620713,0.82151234,0.0040393104,1.2989918,0.023546675,0.34357873,0.43638796,0.056402337,2.0458896,0.31517866,3.1123438,0.6506393,2.890861,0.63505924,0.045426287,1.6711137,0.2235349,0.63511705,0.005366662,0.7343104,1.5147417,0.1945988,0.6876306,0.0021248136,0.2808374,0.03649041,0.029423598,0.6328366,0.107458174,0.6537888,0.17844628,0.09245275,0.15445696,0.11642925,0.57614326,1.0437692,0.00084487925,0.40987784,0.14963636,0.47810215,0.8758121,0.6999981,0.32819498,0.102921784,0.006136009,0.0149056595,1.704299,0.3563511,0.84666926,0.2375323,1.0685261,0.37523454,2.409037,1.4219102,0.045018625,1.5867536,0.097478926,0.44078928,0.9094058,0.2356186,0.8596888,1.1672235,0.0,0.32415774,0.030023968,0.52007633,0.450726,0.24392098,0.24564752,0.04773903,0.6494374,0.19513422,0.0,2.017086,2.2836394,0.51646966,0.63873625,1.2630155,0.16264662,0.03549449,0.5868969,0.45155555,0.13158615,0.56742805,0.47984785,3.160987,0.19245078,0.8844593,0.27389094,1.3903855,0.020027079,0.7549017,0.46495578,0.2128102,0.62012583,1.4356941,0.54866564,0.28752753,0.511134,0.18762623,0.13879207,0.17195888,0.0,0.34331492,0.25254107,0.57588655,0.21746257,0.3947983,0.74969566,0.11636144,0.28275895,0.31416026,0.0016039361,0.099171676,0.4491655,0.010906117,0.1497361,0.39779484,0.45849615,0.22029091,0.319185,0.26021174,0.4083674,0.004994892,0.61172515,0.38041726,0.032859508,0.008845166,1.3298367,0.16348949,0.061682988,0.26954576,0.03881117,0.2312274,0.07644484,0.35031477,0.1953037,0.0,0.42373174,0.5759741,0.3662394,3.316979,1.9085923,0.016900247,0.8960959,0.029776173,0.41991127,1.4896725,0.5810135,0.168163,0.6488811,0.21974887,0.24604915,0.21261114,0.51670563,0.5159571,0.4509363,0.77307665,0.0067598214,1.7520168,0.026350664,0.56521964,0.02128226,0.32067275,0.04801757,0.9329356,0.49716952,0.7000039,0.44355243,0.332539,0.58011144,0.17351723,0.8563086,0.09373694,0.5307038,0.009878134,0.95123935,0.35406837,0.38522974,0.43984547,0.29076156,0.22522725,0.15832436,0.08094574,0.11876995,0.7579403,0.1982039,0.1401142,0.26437083,1.3271586,0.159682,0.872443,0.338869,0.607846,0.01075403,0.44034138,5.9284854,0.14109643,0.003159008,0.49885356,0.000522614,0.10289848,0.6686915,1.4711087,1.4859421,0.3224265,0.40917656,0.2613286,0.0485993,0.18919957,3.0707228,0.09096419,0.8744312,0.014186603,0.061832525,0.056416675,0.09238291,0.19265692,1.2099168,0.053312562,0.067810945,0.23967452,2.2694042,0.03642755,0.458702,0.0,0.0028346742,0.14851832,0.25038362,0.16002378,0.24709472,0.037073318,0.00965606,0.5922958,1.4155878,0.51119244,1.2305362,0.16397409,0.017491348,0.080718875,0.5190555,0.51552314,0.57252234,1.5645099,0.30052635,0.022165673,0.08213553,0.22328265,0.095795736,0.5090043,0.33199096,0.62220925,0.3310293,0.10894635,0.57640857,0.0,0.0067614517,0.27801678,1.3855014,0.34305298,0.60280377,0.56274176,1.4462541,0.39740336,0.78140676,0.13596,0.5748305,0.24541767,0.22235465,0.22712491,0.50226116,0.6948634,0.14974403,0.06456942,0.034694437,0.73595273,2.74102,2.4830723,0.5898873,0.0013187522,0.0,0.8905211,0.3113002,0.6076942,0.09300583,0.18177326,0.15615726,0.2713082,0.7153481,1.1662172,0.35554212,0.089011386,3.1300235,0.45814058,0.09966241,0.40969813,0.14822783,0.008619594,0.26272556,0.91281563,0.0010513416,0.07430335,1.1635419,0.99039525,0.37663424,0.5410835,0.08424191,0.008101193,1.1800941,0.09311953,0.086900525,0.02225561,1.2724495,0.03993313,1.5046906,4.972527,0.84473467,0.15284611,1.2583104,1.0630974,0.02018754,0.9679066,0.12133072,1.0376693,0.20793942,0.03893644,0.32934225,2.8816335,0.70241797,0.16605453,0.06656282,0.3271061,0.22476067,0.21703883,0.6399889,0.74997085,0.5714907,0.05129442,0.6929555,0.3581815,0.885186,0.54845285,2.5456746,0.15459125,0.03768746,0.684886,0.9893056,0.26373348,0.41833484,0.2005405,0.24775882,1.2386774,1.8482254,0.5211789,1.4786527,0.12714916,0.2225901,0.13306078,0.044996377,0.010587108,0.6161807,0.7595434,0.5121504,1.0673534,0.11527179,0.1356123,0.022970088,0.01918152,0.3048959,1.6464269,0.312024,0.045261167,0.198915,4.3347325,0.557718,0.16912383,0.050151255,0.09052654,0.28921336,0.16202678,1.1506231,0.006414714,0.6203814,0.74241793,0.008838466,0.10378136,0.110766314,0.024229918,0.0,0.11364681,0.06596031,0.08734293,0.0730799,3.0348756,1.2281257,0.02637155,0.3475698,0.8888795,0.7389512,0.10269191,0.032548554,0.004790888,1.0287249,0.2175585,all_pothole_images\pothole_images_enhanced_67ebb8a2292619ce1e679d0ee53706c4.jpg
0.42082712,2.3071175,0.15657546,1.929505,0.46499455,0.71553814,0.60965216,1.1868616,0.32394215,0.5089722,1.4558173,0.20975909,0.19793867,1.5650264,1.6308967,0.80055094,0.2791479,0.13913341,0.7695608,0.22928226,0.3606701,0.6764567,0.24731384,0.62700576,0.49541703,0.26575646,0.16610807,0.8028362,1.1813046,0.8399239,1.5094866,0.2753711,1.9146246,0.7008062,0.63758093,1.5452677,0.34317702,0.90610313,1.0927474,0.44982198,1.1459969,0.5653118,1.3194165,0.6151204,0.9827255,0.36553183,0.3979693,1.0955966,2.2790537,0.15881822,0.29790074,0.30222696,0.2286724,2.0023706,0.118154176,0.5496866,1.8572596,0.16009712,1.2911078,1.5933888,1.4380226,1.9886786,1.2797016,1.1828722,0.19723977,0.49334925,0.41167152,0.82488173,0.099439785,0.69177765,0.6373559,1.0221853,0.4295301,0.53418154,0.94274485,0.81391585,0.065093055,1.1530321,0.38353005,0.33033115,2.0390966,1.0619417,0.79090554,1.8287777,0.20880279,0.86233443,0.13816811,0.0,1.1336192,1.8177212,0.534691,1.4204935,1.4244548,0.49961534,0.6699533,0.3780555,0.5010701,0.6406646,2.5188227,0.61553895,0.09324586,1.6791162,0.51696545,1.1896211,2.4132326,0.11634582,1.2161071,1.7106305,1.1929346,1.5937419,0.2912663,1.3226608,0.4979672,0.9100956,2.4030378,1.2016661,1.0404518,0.03808722,1.397544,0.7480667,0.388809,0.07348142,0.19393457,0.8275892,1.6849667,0.26738122,0.4725422,0.09552286,0.6223209,0.75860626,0.50772446,3.4037924,0.5481576,0.9254171,1.0405555,1.2780514,0.24751876,2.0428846,0.32993183,0.4284648,0.22082579,0.57228494,0.46284997,1.5290505,0.62382954,1.0298976,0.3199707,1.6701436,0.16987263,0.16525923,0.686837,1.3747408,0.52561593,1.0981163,1.4128412,0.759067,0.30113643,0.13968661,0.9909836,0.19544889,0.60842514,1.1845013,0.26455373,0.9077159,3.3955495,0.59260535,2.0930688,1.1143324,0.26795343,1.3973145,1.4257369,1.9513727,0.6838295,1.1519202,0.4964971,0.38519338,2.027334,0.4217607,0.35613623,0.8928778,0.46949098,0.64902395,1.3467674,0.54665303,1.9160349,0.095953286,0.6894039,2.0768597,0.9698746,0.46924707,0.81280905,2.018381,0.4019594,2.9226964,0.32301426,0.51596755,0.6649282,1.661526,0.38055447,0.03557551,0.15622745,0.2926238,0.03863616,0.6515575,0.24281307,0.9200392,0.98252845,1.0563557,1.2247201,0.26864707,0.88653296,0.375138,0.73267746,0.41733545,2.1549962,0.44824895,0.18643913,1.0253013,1.2559606,0.02351923,1.0460477,0.31243685,1.0088452,0.6580757,1.0068129,0.46578217,1.0010905,2.003612,1.4592624,0.37178412,0.44588813,1.4754822,0.27325317,0.2721094,0.46547312,0.72424847,1.4847794,0.9326702,0.90224737,0.5362804,0.94040424,0.21372958,0.4033651,0.79439527,0.7777512,0.060483217,0.8471869,0.5061175,1.4349056,2.508259,1.0877764,0.21359685,0.26238066,0.25584704,1.1679709,0.19005956,1.4305575,0.16818546,1.1163187,2.0026393,1.4553509,0.11924108,2.0617526,0.9406877,0.61800057,0.32252353,1.131533,0.50566286,1.4748886,0.32185403,0.2944191,0.3878166,1.5818316,0.6557429,1.270671,0.43967277,0.37643814,1.3849919,0.10190086,0.1882166,0.3699298,0.4589178,0.96110445,1.6749293,0.55600804,0.13768835,1.2729888,0.77615803,0.6692226,0.5378766,0.24240415,1.7731258,0.18263076,1.2439842,2.3012476,0.23008963,0.64951444,0.5412306,0.0588237,0.74294895,0.0014565302,0.49365398,0.8542163,0.43957323,3.974276,1.2459024,0.30367348,0.37064296,0.8478437,1.4686992,0.4631882,0.8920294,2.8920014,1.3787221,0.5401338,1.6520025,0.14120308,0.46360078,1.4846102,1.7283767,2.0614872,1.0109601,1.8993365,0.022882361,0.4932968,0.6397225,0.77381295,0.5311945,0.5075297,1.4411433,3.825819,0.33406773,0.47029248,0.28433937,1.6257229,0.18285303,0.34085324,2.4758685,1.0939999,0.21893388,0.66836673,1.8610588,0.54805094,0.17253566,0.4883098,0.005070104,1.459301,0.861169,0.19298711,0.9356658,1.2440991,1.1458653,0.61572254,0.7516754,1.42876,1.2511518,0.07361199,0.4839188,0.043837316,0.014801821,1.179006,1.9524866,0.6787974,1.4579582,0.04687639,1.0620158,0.55321723,0.3775981,1.6768639,1.0664667,0.8094361,0.5707015,0.44765675,1.723819,0.80958664,0.32770213,0.46810165,0.5951834,0.7263045,0.6213745,0.7841836,0.76593524,0.30765024,0.8548478,2.3139703,0.2654604,3.7199516,1.2615434,0.7098569,1.1547389,0.08989685,0.88559026,0.21968214,0.5203513,0.5127042,0.5684808,1.4926646,0.7576976,3.3228223,0.030757623,0.6719251,0.3243424,1.1444918,0.67074084,0.6704128,0.4847601,0.45556995,0.7180055,0.15253818,0.09627279,0.11511156,0.5330372,0.58686674,0.42061594,0.018401904,1.0531489,0.22135791,0.9160698,0.5676015,0.2809257,1.7960917,0.013361776,2.8404136,3.418982,1.2052004,1.3895899,1.838108,0.37971053,1.0233036,0.84952277,1.0691917,0.5272227,0.7041912,1.8324671,0.0053341207,2.3911772,1.3962313,0.17775172,0.4818465,0.54140335,0.081554234,3.6121776,1.126976,0.02023268,0.18037468,0.20596753,1.047863,0.26104543,0.44776168,0.6871457,1.9215851,0.5963702,0.7954156,3.708957,0.8347215,0.46298766,0.5879805,0.7355798,0.32303223,0.045318734,1.014679,0.09309858,0.13934612,0.70567834,3.4225874,1.2658757,0.6594677,0.027244937,0.18824285,1.7906415,1.103851,0.20172839,2.8128736,0.41487044,0.87528664,0.7349612,1.7563952,0.7917235,0.090390556,0.9786494,0.31075367,1.1587642,1.9305762,0.18803656,0.079163946,0.94712806,2.6906197,0.07368143,0.7851223,0.58391947,0.2045793,0.7922967,0.1155929,0.007929154,0.18633848,0.45236662,0.3337408,0.43513513,1.0870198,0.6338851,0.66566294,1.8316813,1.304363,1.0570701,1.2208427,0.78403145,0.9521444,2.4432683,2.3565876,0.013231057,1.2230127,2.4821272,all_pothole_images\pothole_images_enhanced_684d198744cfde393dc6fc385672345f.jpg
1.2868359,0.72297716,0.1537226,2.1719654,0.632078,0.12350839,0.5268883,0.655244,0.26234868,0.1446853,0.41223857,0.5876106,0.15545145,2.454162,0.24663158,0.71036536,0.5699965,0.17222305,0.87858486,0.09553758,0.71951365,0.6797069,0.7661978,1.1092768,1.6179168,0.31473547,0.068833455,1.8499403,0.26358685,0.24227297,0.43363604,0.017949985,0.3606383,0.20496969,0.035476565,0.23327617,1.0730608,1.1389527,0.32726267,0.57979715,0.018100543,0.10535278,0.3800164,0.813051,0.46147054,0.488055,0.03371426,0.20175236,0.22699516,0.8213604,0.085026674,0.18755756,0.7807088,0.107732326,0.17923364,0.6776426,2.551725,0.015184356,0.1691995,0.0406112,0.02294175,0.18510151,0.77795166,0.46382555,0.95785904,0.13013706,0.72747684,0.16238987,0.10964432,0.43473816,0.61984885,0.0313809,0.5904732,0.19135596,0.8045522,0.34507304,0.11388004,0.19943431,0.13566339,0.1030031,0.109459035,0.6411144,0.19748689,1.4840941,0.07849345,0.2988317,0.034206223,0.36059177,1.5774177,0.5770617,0.26969373,0.0,0.079131,0.2855498,0.14837632,0.015625805,0.52726877,0.8035958,0.2302411,0.31339058,0.12180931,1.8744915,0.24488585,0.017220404,1.73322,0.0,0.074690655,0.46835816,0.22098105,0.562913,0.0,0.67922413,1.7732201,0.8951302,0.72541654,0.21412173,0.32692316,0.011498992,0.56594884,1.1522341,2.420553,0.33164597,0.20097607,0.6555847,0.25595188,0.6451074,0.13703087,0.3674272,1.3126297,0.0030737275,0.115283474,0.0005377442,0.08350964,0.15263656,0.4458376,1.0412251,0.0,1.1868302,0.028542418,0.00056331576,0.71613526,0.11365158,0.22876345,0.13617468,0.04574763,1.2355752,0.0,1.1616422,0.0099201,0.008634116,0.47696814,1.1965233,0.028945949,0.015310449,0.9431028,0.3566363,0.28484443,0.019166771,1.0221756,0.119225346,1.6353995,0.3345658,0.25697845,1.0468516,0.33385104,0.1895951,1.6997622,0.012324409,3.0818374,0.7370084,0.0027398968,0.044096842,0.06531519,0.034530893,0.29782975,0.19768508,0.2805494,0.07354786,0.24652997,0.015280999,0.6631916,0.59792715,1.2494177,2.0897882,0.64973116,0.50807035,0.12452921,0.08885324,0.3162398,0.48712584,0.1226298,0.030476898,0.0832598,2.4114404,0.021365106,0.048481338,0.28146958,0.61183876,0.3868337,0.6331168,1.0138912,1.1180549,0.9647956,0.5684184,0.1833029,0.061962098,1.1563737,0.05491899,1.4906646,0.71155477,0.0,0.19012222,0.2705412,0.21863718,1.6217605,1.4688029,1.598668,0.11030299,0.98074037,0.20191675,0.63138014,0.050027836,0.3430364,0.47906086,0.04500741,0.055683266,1.231396,0.5174383,0.84128755,0.13609403,0.034506597,0.45320192,0.8386711,0.30219305,0.31713066,0.15351772,2.2037272,0.041451007,0.063576184,0.013930416,0.7286131,0.0,0.35409912,0.07590283,0.17804132,0.00880689,0.6169519,0.029894503,0.9012043,4.182445,0.16343112,0.29986924,0.34037578,0.20290813,0.023097128,0.0,2.422201,0.12681866,0.07816571,3.1102574,0.10307172,0.11240258,1.7036505,0.08224694,0.0,0.47536013,1.583859,0.05403136,3.5581086,0.031715766,0.26580402,0.05686916,0.56136125,0.25346744,0.22211833,0.9242737,0.36684588,0.25485545,0.334336,0.6545392,0.5122683,0.2890955,0.73279494,1.3993636,0.5910768,0.39273784,0.075369805,0.27296275,0.24804763,0.15343468,0.7323604,0.01716731,0.6374228,0.25312564,0.036957093,0.08318327,0.5346017,0.13872145,0.061558034,1.6609527,0.163456,0.10824506,0.04093329,0.4650867,3.701272,0.008283493,0.218497,0.20581742,0.3567117,0.016457941,0.2642219,0.82676196,3.7177148,0.9082114,0.04420734,0.8153924,0.013450338,2.9922874,0.6379663,0.18431938,0.942336,0.07050248,0.05405131,0.10241384,0.17404988,0.02261408,0.6903074,0.09213131,0.36352092,0.12108491,1.2136679,0.66883796,0.023231588,0.009904673,0.015767196,0.6362634,1.7931961,0.15288614,0.23550722,0.03402398,1.2723852,0.81909907,0.9464881,0.07007895,0.38928628,0.023422416,1.0511247,0.3235218,0.07360247,0.47559065,0.010075342,0.38210526,0.4786052,0.32723382,0.049287852,0.052811123,0.41514438,1.2941848,0.36086285,1.3046061,0.19469206,0.47322896,0.4094267,0.44476864,0.0,0.19375522,1.4230866,0.00052466145,0.7962302,0.1978578,1.1613321,0.004636689,0.025260122,0.09213169,0.81520826,0.30701733,1.0604243,0.6815858,0.2999528,0.13678946,1.2953225,0.1094094,1.2945275,0.21400599,2.4955704,1.368275,1.0806748,0.044742804,0.14297093,1.0017277,0.13179244,0.50944704,0.270694,0.3579136,0.003225239,0.28112042,1.6210713,0.3380485,0.04424199,0.23022063,0.25831833,0.3872204,1.7995788,1.1460276,0.5559822,0.40427,0.29990906,0.03281663,0.031847667,0.20338157,1.5330939,0.39534473,0.37319782,0.2815355,0.28914115,0.15386808,0.89823925,0.79683256,0.1993884,0.0,1.4058459,0.490034,0.8950802,1.2262855,0.6629825,0.01610285,1.2975171,0.33574018,0.85134387,0.42580304,0.31995562,0.4359682,0.68805695,0.065754965,0.06803415,3.4707153,0.17305467,0.2797194,0.03504082,0.81812155,1.0724442,0.31271234,0.17542204,0.05850679,0.15027806,0.0,0.56515324,0.5379078,0.34032872,0.19777209,1.6173544,0.42116866,0.49995577,0.24765502,0.8645315,0.37856427,1.1329516,0.27905458,0.18411227,1.8675548,0.48553255,0.4272147,0.56148344,0.2474013,1.8316855,0.13806808,0.0005237927,0.0,0.0618792,1.4972796,1.803954,0.024803426,0.0011105291,0.49521658,0.99463665,0.16305092,0.01459526,1.8492252,0.13702601,0.28522673,0.6137892,2.0992155,1.60802,0.42676988,0.028676013,0.19452165,0.06978462,0.20546207,0.9462515,0.08863396,0.82533884,1.0445001,0.0,0.09023784,0.21340631,0.0,0.5151432,0.100316584,0.7135095,0.25852862,0.20423765,6.1433697,0.47306722,0.27881172,0.74391425,0.20130216,0.60805506,0.72681457,0.12674955,2.6710556,0.048631277,0.5314776,all_pothole_images\pothole_images_enhanced_6861ac616517f076eadbe7f0bd1375f8.jpg
1.220387,0.26650354,0.68677473,1.6317403,0.7316236,0.003984771,0.34947142,0.25603855,0.36913532,0.58173245,0.16464253,0.5595973,0.9900088,0.3988185,0.7982544,0.34816062,0.020230843,0.082099795,0.98699075,0.112751104,0.8444645,0.84533536,0.58008534,0.44497845,2.5377643,0.76208484,0.81689405,1.2725909,0.18297659,0.0031100137,0.29964584,0.3952292,0.8689889,0.22685854,1.3656027,2.2791598,0.010076344,3.4925642,0.14938802,1.1206733,0.7647525,0.26392075,0.18423298,0.32767582,0.15133615,0.56750333,0.71442103,0.57871246,1.6573985,1.8145388,0.021464713,1.2956741,0.94851434,1.9355761,0.3010946,2.3502872,2.2502882,0.19694068,0.28187746,0.25395036,0.35953906,0.2632737,0.19510664,0.46848658,0.04687942,3.2595634,0.2707026,0.05624778,2.0915506,0.31553707,0.16310963,0.4258028,0.40744284,0.40329766,0.19595239,1.3732215,0.04643243,0.80048347,0.013508114,0.47077152,0.0,0.10519932,0.19761927,0.4536937,0.6961128,0.54460514,0.49032408,0.4351106,1.1316592,0.8891897,0.87238467,0.008455181,0.00072799256,0.6407772,0.5352393,0.64930636,0.20898126,1.4960002,0.642081,1.7908516,0.6486342,3.0391188,0.5639525,0.03948191,0.11704275,0.26084015,0.34707034,1.5110514,0.036154944,1.0081965,0.05996944,2.78377,0.7863215,1.0116979,1.4345013,0.6009229,2.8818078,0.0640134,3.5877914,1.8459814,4.5215545,0.5209413,0.039764166,2.474145,1.0396795,1.9164472,0.39747548,1.6194714,0.9485127,0.11372071,1.0624124,0.0009878767,0.21249409,0.035523687,0.12384305,1.2036469,1.4243065,1.2426744,0.9965948,0.39542675,0.45325157,1.9331484,1.1439033,0.7268845,0.08054646,0.9283077,0.3791265,0.9191473,0.2956447,0.3211812,1.6334435,0.15928397,0.09407272,0.059184317,1.7421356,1.0889844,1.2247506,1.5068253,0.83303094,0.8693466,1.5893514,1.1700006,0.058488186,1.03994,0.0,0.73743314,0.42252582,0.0,0.99803674,3.5836573,0.011914254,0.05961802,0.06912741,0.40120956,0.8107092,0.6402324,0.025840975,0.033709858,0.27019817,0.6689845,0.06593501,1.9087412,2.8289218,3.6081471,1.56685,1.6817985,0.1264603,2.9349358,2.3049762,0.87160736,0.6452002,1.7702867,0.022602987,3.2470453,0.75846285,1.3777344,1.5748334,0.13197602,0.36671337,0.6087732,0.91997325,0.9114309,1.3449045,0.27868843,2.381026,0.1393543,0.94590586,0.734502,1.7238939,0.061073884,0.30259448,0.09829331,0.47495773,0.4005279,3.145976,0.7813216,0.39977065,0.46724448,0.09791889,0.008388526,0.15710421,1.1772681,0.6704198,0.4130165,0.08272569,0.6711574,0.9391953,0.50196743,0.58749413,1.1720247,0.03156496,0.012013863,1.0024914,1.060302,2.3372917,0.77219456,2.2389958,0.053817313,0.18958914,0.25763446,0.83903426,0.1308057,0.06363284,1.1748886,0.096535236,0.016173603,0.38422096,0.1401677,0.2070242,3.0449698,0.79283553,0.30783045,1.0678275,0.6700097,0.30144823,0.06816445,1.0863322,0.018225253,0.14826342,1.7823086,0.17882463,0.87367123,0.19074443,0.6645298,0.6025248,1.1159171,0.018458853,0.31192327,1.0842456,0.6688114,0.43621588,0.58086485,0.009069536,0.3425577,2.1958895,1.0046873,0.49230734,1.0061042,0.2595612,0.56453305,0.4686881,0.16648228,1.8795518,0.7129507,0.87144965,1.3682299,2.522701,0.55661726,0.26116794,0.7060932,1.2383647,0.1941712,0.08082,0.3872135,0.30611488,0.28809303,0.41619435,0.11008938,0.47284436,1.4274166,0.13549387,1.4955139,1.1108712,0.12248584,3.412739,2.2478514,0.07349243,0.059768744,0.62298274,0.19008695,0.9269342,0.5738728,1.9328068,4.036456,1.748924,0.61389947,0.06041655,1.3485166,2.701104,0.048993114,0.9843951,0.2256799,1.3302355,0.64432406,1.1220236,0.72031176,0.71633273,0.095359705,0.17340973,0.023186354,1.8658422,0.24512069,0.008045452,0.0865668,0.08296278,1.3778889,0.35361433,0.9860418,0.26066065,0.5835317,0.8312635,1.0236684,4.3370094,0.06466487,1.2163968,0.9388625,0.5436837,0.100816764,0.2663004,0.5403594,0.18113574,1.614202,0.5078703,0.53759193,0.8718822,0.18024853,0.02994795,1.4381515,1.5238856,1.8025671,1.5580505,1.0961308,1.6623263,0.6643675,0.9157954,1.2668563,1.9006754,0.12956385,0.4969503,1.003538,2.4307938,0.079485856,0.5605129,0.34840587,0.7394174,0.2566625,0.036359686,0.2164407,0.27849367,1.4615465,0.7503884,0.6078707,0.76282054,0.409633,3.1264968,0.9712014,1.6062963,0.18332621,0.16881295,0.4203312,0.6200274,1.4697661,0.4426826,0.003175419,0.26637706,0.38973662,2.1056898,0.21563521,0.43957028,0.74238455,3.2044609,0.67329013,0.26417124,0.009152983,0.0,0.4283027,0.30195755,0.20900485,1.0224966,0.009178853,1.1961308,0.7392198,0.21626276,1.468764,0.113889985,0.19122092,0.5784684,0.8219316,0.9098817,0.45163727,3.2348313,0.12425233,0.7121137,1.4327445,0.64334327,0.0,0.1375423,0.09532497,0.92502576,0.68389636,0.06844454,0.5320611,1.3288183,2.068836,1.0239582,5.1300244,1.4463081,2.230605,0.32215562,1.3032458,0.0,0.108230814,0.1273879,0.6398071,0.3597761,0.028891703,0.46266952,0.6967485,0.29037765,1.5569968,1.4898201,0.23315565,0.2261167,0.30978483,1.4858919,1.1020077,0.6414227,0.06519175,0.5868058,2.2635274,2.5421507,0.6267888,1.400105,0.5150859,0.09026556,2.3523238,0.18030806,0.21363704,0.9245713,1.0428191,0.15019333,0.44787145,0.07987749,0.5007815,0.51939565,0.059878547,0.45285258,1.893271,1.5946362,0.11571888,0.21259059,5.386857,0.6416978,0.48989183,0.0,0.7675153,0.11330376,0.25648877,0.74345434,0.08205987,0.28431043,1.7377204,0.14309415,0.5941526,0.5569308,0.048441004,0.24870431,0.5360271,1.0504414,0.9266206,0.94967014,5.163003,1.4183304,0.28902867,1.0605302,1.4074485,1.7759575,0.46466523,1.3703201,0.36478376,0.6080625,0.71567225,all_pothole_images\pothole_images_enhanced_68694c9e4d1a1e481444ebb7dff476c8.jpg
0.33506092,0.7422371,1.5046878,2.2930443,1.8307744,1.3867768,1.6366222,0.084978566,0.15396756,0.6258846,0.2202804,0.7861866,1.5905406,2.5384967,0.069579214,0.033594996,0.9993912,0.16784339,0.32907805,0.6271948,1.7320167,0.92270786,0.27141592,2.1393738,1.2510684,0.39353696,1.6882685,2.5052705,0.034871392,0.62152815,0.55116546,0.12791355,0.43218336,1.8789781,0.49767062,0.42928314,0.98662245,1.1990676,0.63815504,0.11505674,0.20066074,0.10092079,0.78207165,1.9911596,0.7287761,0.05090218,2.9177363,0.44804388,0.005643579,0.58803546,0.25177506,1.5936489,0.047014747,0.054829795,0.5064962,1.2418928,1.158022,0.12715119,0.40631092,0.0153712435,0.2522075,0.35427138,2.0986292,0.31190515,1.1811714,1.6755586,0.975709,0.90637827,0.15977168,0.6297651,4.206069,0.18056074,0.6199882,0.47360522,0.50437194,0.06911559,0.35603613,2.039099,0.026206486,0.68205476,0.2463655,0.43339416,0.39018846,0.6634815,2.9262404,1.1958023,0.43611366,0.1805448,1.4329357,0.74066985,0.4944465,0.34792382,1.2582158,1.6170492,0.51823276,0.34715667,0.047402706,1.5440643,2.1343544,1.7581834,1.2307487,1.337327,0.3022967,1.2701002,0.54837376,0.9596146,0.21347253,0.18563013,0.48452154,1.1742831,0.5779462,0.3873996,1.6407295,0.97902423,0.68958944,1.6874884,0.50279343,0.5480932,1.5941346,0.9306432,2.4484456,0.9661372,1.100003,0.7437124,0.9165838,0.9790403,2.7597842,2.442854,1.81223,1.4226167,1.3396175,0.51126367,1.3238863,1.0659008,0.6683022,0.97451025,1.8204844,0.34154758,0.16476242,0.055750377,0.6947667,0.34255934,0.7613224,0.31006947,1.3052485,1.7122854,0.31725082,1.4023165,0.62101376,1.3215797,0.23736778,3.8065221,0.16895889,0.43162054,2.0674202,0.1911063,1.1868614,1.0292512,0.758814,0.5697131,2.3798485,1.0179527,0.30970946,0.7513256,1.728703,0.07297753,1.7452395,0.5332364,0.62125486,0.7541667,0.25648153,0.5983005,0.9105744,0.16589577,0.44518402,1.0665294,0.6287385,0.4644478,1.370163,0.4444133,0.08183892,1.2724363,1.12131,1.218631,2.0301764,0.50342554,0.0,2.5559409,0.26517287,0.50944173,0.6264787,1.1190482,1.190103,2.5356433,0.0064262846,0.48197508,0.66831464,1.0021087,0.12177177,0.99689215,1.5836554,1.248707,0.99403256,0.113744944,0.88921446,2.496324,0.86292994,0.0,2.0859644,1.2757065,0.3167374,1.5313854,0.5513738,1.5443414,2.5576682,0.6016084,1.6357343,0.36597207,1.6350088,0.43512025,2.2722256,0.9531358,0.59848154,0.09491574,0.50692123,0.0024945736,0.7438536,0.9824608,4.1525745,0.14089283,0.5382612,0.1865232,2.200505,0.11772655,0.19876838,0.27071026,2.3796895,1.1489007,0.029129136,0.17706555,1.0532242,0.82711995,1.0510951,2.424719,0.122778654,0.083609544,0.8021248,0.2753058,0.55211115,3.7443585,1.0625457,0.6698069,1.258148,1.8357865,1.1012288,2.5379872,0.1755436,0.6989972,0.44380736,0.9752402,1.8209962,1.7062645,1.1847264,0.12840286,0.27273697,0.88000286,0.04125907,0.911073,3.0648522,0.1268919,0.24149144,0.1489919,1.7468542,0.123516895,0.07206056,0.3205142,0.40727443,1.0488958,0.24028292,1.2742727,0.7211081,0.10083917,0.33090988,0.4957055,1.414412,1.6673995,2.336287,0.42044175,2.264983,0.22194941,0.033267915,0.9447152,0.1418565,3.407723,0.3126,2.2942433,2.1448736,0.91209817,0.057000082,3.4357202,0.78990704,0.114092864,0.4582243,0.40933996,7.3775525,0.21335451,2.0075092,0.063315436,0.9271824,0.67380154,1.4693158,1.6243217,1.3541937,0.48095214,1.1469967,1.5500116,0.14799991,1.1388949,2.2824345,0.24830674,0.8097819,0.6418695,0.5557115,0.8526545,0.06165728,2.4693372,1.6529222,0.08573863,1.8150752,0.28716257,1.1926208,0.14087044,1.3888397,0.3184078,0.06069189,0.23433813,1.0844915,2.7298415,1.6871355,0.22993088,1.1690084,0.7674839,0.9975274,0.1572338,0.8742114,0.39731476,0.3272271,0.15179433,0.46791908,1.252913,0.77325547,0.5536504,0.8014132,1.2136049,0.31236514,0.056555454,0.06424294,1.0461086,0.57058495,1.3116913,0.5901976,1.2715199,0.32755145,0.85457623,0.11258008,0.08007559,0.69291174,1.0495033,0.9966732,0.42733675,0.78705984,1.682757,0.94357735,0.10069155,0.6418568,0.33604,0.33865044,0.37578988,1.7801007,1.8620768,0.1477924,0.7324216,0.04071162,0.3944154,2.7598393,1.0246887,0.9675388,0.40799046,0.26126215,1.4199259,0.3438993,0.3929347,0.019036885,0.63308096,0.013412338,0.6424357,1.4495195,0.7734554,0.31349945,0.053040106,0.939294,1.9999382,0.20194326,1.0417701,0.14285916,0.43446457,0.47776833,0.18725085,0.8659447,0.59402937,0.047603372,0.20612024,1.6574352,0.17171478,0.31239757,3.78866,0.5192627,1.0477294,0.5906184,0.25581488,0.23481466,1.9004074,0.69568694,3.6517944,1.9106538,1.2577035,3.2328107,1.6157407,0.4439058,0.56300235,0.4239815,0.34326163,0.3507351,1.3001794,1.7232877,0.88446194,0.08817542,0.73298097,0.20710284,0.13467726,1.8116455,0.0,0.05406981,0.4305213,1.3730758,0.006731123,0.3958047,0.22929028,1.2947044,2.129756,1.6011533,0.2992892,0.92712706,0.20782709,0.05960738,0.5815503,0.41905966,0.07236965,0.6897469,0.26242515,2.1889806,0.9911482,1.5829495,0.38099605,0.8036174,0.07332694,0.9583655,0.0,1.7226801,2.4001496,1.5215945,1.5914897,0.14749572,0.054980777,1.4242986,1.37328,0.3549514,2.1191814,0.95460355,0.01055448,1.6813573,2.312328,0.72529536,0.73310775,0.5626795,0.70574075,1.8014363,0.5790187,0.53771347,0.15576051,0.49508366,0.85819995,0.8320764,0.48248523,0.6753024,0.16952291,0.1734461,0.21567993,0.538948,0.17203444,1.4987403,2.0557852,1.3206756,0.857585,2.0668917,1.9977399,0.3693899,1.6855382,0.65906715,0.19308232,0.054217264,0.06865361,all_pothole_images\pothole_images_enhanced_68a898b2c8ee9346297da888d25c4821.jpg
1.1066128,0.2857146,0.11509047,2.0804305,0.7717743,0.41619402,0.25785384,0.0,0.4889935,1.1439338,0.08002662,0.748127,0.71375483,1.0620948,0.02287179,0.54735416,0.73337245,0.26335648,1.0426142,0.048659373,0.5344316,1.5191803,1.1528758,0.912703,0.47254682,0.53776443,0.002765057,1.7929802,0.17705041,0.19886363,0.08529416,0.16162105,0.56922805,1.1379062,0.32388383,2.1657493,0.5320401,0.15631409,0.47499084,0.30027026,0.2123489,0.013706978,0.18375927,0.18518804,0.37210763,1.2790626,0.22574247,0.0015087725,0.9322861,1.9000916,1.2034785,0.061438106,0.32391867,0.6218868,0.2983355,1.3019787,0.16518518,0.19043097,1.9637161,0.14358522,0.27540794,0.22299445,0.16827497,0.5022663,1.405019,0.80645335,0.55570006,0.0,1.0861343,0.15370621,0.19876927,0.09543273,1.014896,1.2024503,0.20880686,0.22170617,0.011353353,1.2755904,0.9367046,0.022705331,0.0034483536,0.2077123,0.5365672,0.5700513,0.67813545,0.19617824,0.00018772436,0.058903206,1.0851991,0.86700284,1.1324687,0.05941677,0.02182057,0.9885629,0.043880392,0.1502786,1.0066836,0.8292904,0.027827922,0.49776107,0.51691586,2.1231766,0.7185374,0.36712232,0.83423334,0.04410777,0.26565135,0.28267315,0.40091848,0.24527942,0.06534723,1.0084046,0.20164186,0.5125707,0.21004365,0.2839714,2.586665,0.36780846,3.274376,1.6409221,1.5114987,0.3383553,0.3804159,1.2227398,0.1325338,1.0876311,0.55667317,3.1731613,0.051261004,0.19082583,0.24445394,0.0,0.31356946,0.053110473,0.007727393,0.7922306,0.3220331,1.527311,0.17371091,0.082680985,0.15656517,0.18144877,0.067313954,0.6453806,0.062351704,0.1820232,0.030336073,1.2310356,0.3825538,0.37370646,0.895233,0.65378875,0.25787392,0.00023105124,0.5173502,1.2553117,0.89677185,0.4540445,1.285342,0.7437455,1.7625526,1.2718898,0.0,0.09529894,0.0916454,1.4480084,1.1036534,0.101996146,1.4421433,0.7104607,0.0,0.13437259,0.001835794,0.10894859,0.97754836,0.32293373,0.17883456,0.0,0.7823898,0.08870736,0.18504396,0.8844903,0.19379266,0.5486174,2.8584049,1.4320934,0.37790114,0.60147333,1.0772749,0.85800964,0.0193673,0.1214835,0.53489554,2.1511204,0.035523154,0.70779634,1.4216735,0.83853877,1.5838946,0.1015965,0.7834924,0.75148964,0.69332135,1.0015928,2.1623695,0.16257955,0.9735911,0.030366525,2.0758045,0.9226991,0.16678712,0.08255977,0.74230283,0.37450454,0.97160167,1.061458,1.299784,0.14408934,0.3983867,0.3797683,0.1699042,1.4026082,1.508744,0.32541776,0.01296419,0.11095407,0.72976327,0.5188222,1.2950052,0.15985751,0.096242525,0.09009905,1.4194728,0.20432994,0.1561173,0.20935078,1.8147458,0.15755326,0.17031658,0.19960187,0.962564,0.422966,0.15033902,0.314417,0.36847216,0.0,0.22278766,1.0839592,1.461764,3.9644551,2.056928,0.53867036,0.46497554,0.7333651,0.5552926,0.9953848,0.3100066,1.6175935,1.0356354,1.7081736,0.42356557,0.062064078,0.2394847,1.0603524,0.20413062,0.26039928,0.17130372,1.0353901,0.06748199,0.8950385,0.024405293,0.116936125,0.010015341,1.5209391,0.9066913,0.6106632,1.4342963,0.4477815,0.6259276,0.63459027,0.18497692,0.2124733,0.38278222,0.38914827,0.1829412,1.0976554,0.7459513,0.09679999,1.1750286,0.38715813,0.35045418,0.14533885,0.42592123,0.9575053,0.14230798,0.050242398,0.9356088,3.7662497,0.31925887,1.6247611,0.25864255,1.0939487,0.050842524,0.6678257,2.560976,0.74950475,0.7374031,0.51742077,0.17273158,0.0763975,1.8750781,0.6439955,4.224136,2.6084008,0.40274262,0.5208948,0.3920376,0.39448577,3.353899,0.24835376,1.8515378,0.12626208,0.04970204,0.45798212,0.50507313,1.0469295,0.38263732,0.55853504,0.49031782,0.34299305,2.7539785,0.5419949,0.14248766,0.15029739,0.025918294,0.24840713,0.039059274,0.066289335,0.3994807,0.39996478,0.8136528,0.22780477,1.8808981,0.18427852,0.15763654,0.81600654,0.03248193,0.17121336,0.6133201,0.7663377,0.44643435,1.6705239,0.35925663,0.46508232,0.14000285,1.1846927,0.23097575,1.1014974,0.7992252,2.3932621,0.5258738,1.3409928,0.6356631,0.43742993,0.2481823,1.1551299,1.4119166,0.9401413,0.7693956,0.43889531,0.8615752,0.12307423,0.55931175,0.08860303,0.44664198,0.74244153,0.82004166,0.8183339,0.28976,1.1736364,1.1251954,0.1469385,0.53131944,0.04039648,3.649391,1.2509401,0.8928984,0.060682002,1.1185099,1.6713185,0.48668122,0.8273884,0.092461936,0.90409553,0.00038396518,0.31010428,1.8327674,0.46999303,0.8739081,0.1791282,3.6560535,0.69399667,1.0637169,0.097948074,0.6086116,0.13664047,0.31177288,0.27433497,0.0,0.12458285,0.25557655,0.030771708,0.88889873,0.0092279,0.115213335,0.45812893,1.667722,0.041205678,0.5098931,0.14518523,0.6685654,0.57723576,0.19229256,1.3001299,1.0187714,0.4369109,2.1046028,1.07043,0.08169106,2.2867002,0.4410084,1.7387992,1.1399336,0.36058667,0.48246866,2.497979,0.8262609,0.81826556,0.034849275,0.7326638,1.3963305,0.43976036,0.5568222,1.0559102,1.6370834,0.109789036,0.99194986,0.11364201,0.599167,1.3088664,1.0798558,0.68253464,1.1462892,1.1460466,0.49508604,1.1666577,0.2088798,0.36900175,0.74875087,2.000242,0.967713,0.880867,2.5417573,0.19912168,0.6719116,0.22338003,0.7646371,0.014760071,0.6133963,0.37175882,1.938693,0.9795085,0.10316932,1.0529451,1.9425752,0.1075552,0.3651421,2.0476649,0.14154142,0.19976617,0.48409286,2.9218783,0.5724392,1.0389436,0.13682215,0.40561828,0.17654921,0.05538906,2.922329,0.17270757,1.3022058,0.5752244,0.095758945,0.14869769,0.68557227,0.47358018,0.043054637,0.12796995,0.08695122,0.28835264,0.36926553,5.654197,0.42471763,0.64183104,0.94713527,0.1531171,0.5383601,0.007078155,0.4854325,0.7284546,0.045559008,0.4842906,all_pothole_images\pothole_images_enhanced_68f4d99577ef2f8be5bad8d025ad2edf.jpg
0.022500744,0.6349951,0.058540344,1.6845878,0.25281256,0.34632453,0.26465747,0.113441385,0.18414156,0.8616997,0.1064829,0.116299964,0.44744268,0.46793061,0.0,0.04018502,0.055899624,0.32009262,1.6782051,0.06389907,0.2965106,1.3187613,0.3399114,0.7307752,0.75664675,0.736344,0.067953356,2.1177154,0.00850593,0.23835906,1.0513834,0.14180116,0.10853521,0.44513157,0.10352783,1.271748,0.4879349,0.15500201,0.87805516,0.49557623,0.034990665,0.08961872,0.026945189,0.116463855,0.9173549,0.16037075,0.017111713,0.0071175913,0.60896957,0.54147196,0.415099,0.0015409918,0.123586565,0.08918798,0.0,0.4304385,0.5126075,0.35382086,0.68382496,0.11133928,0.11749423,0.19007048,0.52886415,0.1901156,0.7554233,0.6997236,0.47335052,0.0,0.31395516,0.47156808,0.110830866,0.36331156,0.09746083,0.18808621,0.12815027,0.32644755,0.02154906,0.15231955,0.10973944,0.17094344,0.0,0.1205987,0.70787376,1.7872388,0.16802278,0.8371994,0.13978703,0.02398457,0.8819707,0.3546969,0.26585546,0.9173154,0.17928976,0.60237324,0.10258254,0.0067378646,0.15359199,1.1735774,0.22082616,0.33637974,0.45665362,2.354308,0.03645097,0.0,0.19029102,0.0527155,0.23975563,0.26785827,0.32475612,0.22348951,0.2591473,0.39941615,0.41938633,0.08870861,0.47366664,0.31617582,0.89469844,0.17757933,1.9671135,0.2546962,2.239267,0.060279813,0.5397725,0.5360184,0.7424539,1.4860235,0.119883284,0.24391308,1.0532218,0.25516915,0.31332237,0.0,0.012448206,0.25043082,0.624057,0.475544,0.032815356,0.48798624,1.0494198,0.16648573,0.55267316,0.7169694,0.111759126,0.81376445,0.06361378,0.436137,0.68145126,0.14643617,0.8962647,0.02555476,0.18642136,0.10849517,0.028527252,0.0037600398,0.83708394,0.21408561,0.4054862,0.28132117,0.031969357,0.16662979,1.5705291,1.2056439,0.17110294,1.4182013,0.87247354,0.0155682545,1.5437725,0.124575816,0.7504232,2.585026,0.7971652,0.033634152,0.037051603,0.050201885,0.31043586,0.0,0.04430165,0.0105579775,0.2828647,0.22763611,0.02430594,1.4812746,2.3586948,0.09215968,3.8621619,0.3944476,0.93190795,0.47067648,0.1857797,0.70864195,0.2735478,1.4271789,0.038544036,0.67279285,0.55949247,0.097183734,0.67030865,0.67544556,0.19981094,0.12301881,0.23012818,0.32725757,0.618412,0.8892744,2.077386,0.440924,0.24508177,0.24910556,3.8932526,0.32540253,0.0,0.022564545,0.8507891,0.19987261,0.6109729,0.34577587,0.88777345,0.33160374,0.22074239,0.86668205,0.30757,1.2420578,0.21116768,0.046020802,0.027975949,0.1299889,0.40227613,0.03153502,2.9169364,0.16057609,0.01991879,0.7260913,1.1499677,0.26174048,0.05281159,0.49673787,1.2815366,0.07733475,0.25929195,0.56732744,0.10775321,0.40698826,0.5588192,0.12592483,0.36021227,0.05052654,0.6511414,0.12816589,0.12532777,6.3488507,0.38636672,0.0,0.4155532,0.36972815,0.014041185,0.13912836,0.515725,0.5818646,0.2527934,0.88142425,0.055433642,0.0604129,0.19787116,0.92151207,0.007072213,0.30723614,0.78019434,0.04227789,1.419239,0.23327325,0.00019382214,0.04842064,0.96342593,0.15180889,0.6494448,0.29110667,0.29050907,0.38150188,0.05396653,1.0113983,1.4284319,0.34558046,1.082581,0.0043308204,0.32206908,0.898799,0.1325975,0.039720416,0.9167882,0.67469114,0.070350274,0.32683945,0.0,1.4956129,0.32267028,0.13358004,0.013233734,1.3245122,0.12858178,1.1628622,0.32219607,0.6110168,0.086930156,0.0,5.6430187,0.26407242,0.05226814,0.117817625,0.10859567,0.7270279,0.059722934,0.5244435,4.160615,2.122127,0.055441584,0.38399494,0.0,0.5616977,2.5109508,0.06738702,0.11215193,0.04659636,0.5695727,1.273419,0.8879158,0.08609954,0.13965058,0.02174557,0.028519617,0.018453084,5.180098,0.0413235,0.57219243,0.0056103654,0.2838406,0.07674237,0.4100044,0.28511694,0.21011177,0.15426406,0.25243947,0.6177254,2.0397062,0.10743367,0.4544386,0.31030622,0.026776316,0.014138552,0.20429423,1.1231705,0.08580901,0.14210373,0.3882496,0.9048518,0.15965076,0.2304784,0.027491383,2.2366319,0.8555441,0.24968809,0.001850007,0.7324323,0.17619324,0.26699853,0.30105284,0.028900657,1.7367947,0.7104548,0.046397567,0.43089995,1.4044176,0.082151175,0.068325594,0.07352157,0.9727348,0.32236773,0.0,0.15279002,1.1385021,0.054603007,0.28384653,0.0,0.06889497,0.60634553,2.7229645,0.27388278,0.6023694,0.025051858,0.07494907,0.79523987,0.5154584,0.3490848,0.20540917,0.24708775,0.038681142,0.27379048,0.5680667,0.68644434,0.054379042,0.31783473,2.732623,0.97530824,0.14058758,0.012323643,0.4908282,0.0002739175,0.08534172,0.70386773,0.17324656,0.008618244,0.18486007,0.30210868,0.14938904,0.41602823,0.002040282,0.38175994,0.4675918,0.23646744,0.32499677,0.096633814,0.8944782,0.10688789,1.0166134,0.85476,1.3573589,0.31293646,1.3952923,0.8129964,0.17083009,0.6948456,1.2217815,0.5751527,0.24029295,0.31746516,0.7194489,1.3860439,0.49707848,0.38369584,0.43526757,0.6490478,0.049892705,1.0599649,0.5378808,0.02798896,0.08550081,0.43204793,0.07882901,0.57854587,0.19937643,2.4029155,1.1630427,0.058444314,0.42858827,0.040429566,0.19385807,0.98059833,0.022951316,0.24544838,0.32584718,0.39200953,0.85237557,0.24680026,0.3828771,0.0018847488,0.08101605,0.0,0.042452164,0.12441819,0.29494825,0.40743542,0.8064715,1.3844509,1.0226293,0.16462167,0.4979905,0.08383033,0.947215,0.37134606,0.41979483,0.035494886,0.0055233766,1.9651805,0.2236234,0.021693623,0.03401215,0.17960939,0.5466553,0.037860885,0.4197911,0.051254805,0.53048533,1.5652878,0.070930235,0.16638628,0.03434654,0.029453408,0.26398897,0.04632505,0.33546028,0.075376764,0.3425601,2.8854437,0.98886955,0.013157938,0.09048831,1.4230064,0.16066107,0.14511983,0.8867005,0.040936552,0.8804293,0.37812448,all_pothole_images\pothole_images_enhanced_691cbd7ff34c1f54f89dca9443a42247.jpg
2.3138537,2.237974,1.2404877,1.4569428,0.43581417,0.40260345,0.070670344,0.3955667,0.1652777,0.96208423,0.2270456,1.0889785,0.4430699,1.3580945,0.31332728,1.0606437,0.5952545,1.0338459,1.0748649,1.1636698,1.0585568,2.0940175,1.2482489,1.1235168,0.5969126,0.93830156,0.78393054,1.3267313,0.45375726,0.17692854,1.1611543,0.50313705,0.033546213,0.028476685,0.9747984,1.4405805,0.8574186,1.0242608,0.6910221,1.2499193,0.018170793,0.19721416,0.54942715,1.8080903,0.0,1.336868,0.0819865,0.36405092,1.0538473,0.9960832,0.15296389,1.6163065,1.3867089,0.849536,1.348884,1.1385108,1.7226313,0.050467193,0.21221393,0.30093095,0.601431,0.38680032,0.3301937,0.45301834,1.3297877,1.7818799,0.05545107,0.20478335,0.4663066,0.38823685,0.91455966,0.7365196,1.2267896,0.29958454,1.1052111,0.9663143,0.3350314,0.3821524,0.39431462,0.97581494,0.17500243,0.046804912,0.32593334,0.95544183,1.041544,0.45158902,0.18423179,0.037313968,3.0707545,0.22881892,0.23950292,0.08721797,0.3277492,0.68742853,0.26754954,0.029802624,2.0259023,2.6904607,1.706063,0.9421833,0.079536,1.9579031,0.11776457,0.7684022,1.3050684,0.9025798,0.14023644,0.19131868,0.5067818,0.9183464,0.17318404,1.3046896,0.5257249,1.2987529,0.18189086,0.08991421,0.8312986,0.07976644,1.7618867,1.4921168,0.6775482,1.5769604,1.3180722,1.5961515,1.4023758,0.5577176,2.2186532,1.2927369,0.86044157,0.81644285,0.9566358,0.5192769,0.71092474,0.2883801,0.33250287,0.6562747,0.2422237,0.6138591,0.55784917,0.17558269,0.84934694,0.97533756,0.8234025,0.8944415,0.6694812,0.7523722,1.0862768,0.31386104,0.24672426,2.7196126,1.3348598,1.0485682,0.019968132,1.0369622,2.3189702,0.217129,1.2630254,0.45625585,0.95991325,0.36629233,1.0870045,2.0122297,0.21044673,1.5303696,1.1313032,0.30048174,0.5461263,0.02409126,0.5669068,0.899477,0.67706656,0.0412971,0.9898911,0.4630595,1.3236909,0.39928514,1.0362148,0.09485811,0.70043945,0.3623721,0.7987153,1.461517,3.6512513,1.5313436,1.9924074,0.6052097,0.10061824,1.1119425,0.8792388,1.4432721,0.4672027,0.48928913,1.156116,1.9797711,0.11825909,0.64512163,0.030012568,0.893756,0.5210306,2.061231,0.6545681,2.238216,1.250067,0.4276572,1.7022203,1.9132823,0.30324286,1.4512001,0.21902508,0.8092504,0.08308638,1.4884999,2.0099368,0.14291875,0.5616363,1.6252805,1.6617612,0.1626222,1.490467,0.36427435,1.3656323,0.11807901,1.1326016,0.54032284,0.5856341,0.8697724,2.5248713,0.36810014,0.00020027129,0.44311085,0.3365561,1.0629307,0.04976917,0.42907327,0.24463552,0.43420416,0.26823506,0.41117975,0.4886308,0.04154497,0.24292141,0.24781998,0.23278454,0.92817646,0.16716889,0.57143295,0.72889,0.27805072,0.6146399,2.211721,2.2851698,0.79871625,0.1913428,0.7654785,0.712848,0.4584398,1.5683718,0.86854786,0.74244595,1.0189587,0.056813058,0.010340437,3.0515542,0.008521903,0.41586268,2.6311536,0.23625085,0.74847525,2.0325525,0.3086943,0.17102033,0.10746606,0.2755036,1.8216674,0.7259016,1.2584574,0.7033247,0.10797953,0.6328842,1.220096,0.18367088,0.0691281,0.7790334,0.91522574,1.0015818,0.07222852,0.029160136,0.8676804,0.63296545,0.19779705,1.0531993,1.2171531,0.43442628,0.5243707,0.9829592,1.6370028,2.014921,0.0,1.2850006,0.41021976,0.03172686,0.12836841,0.61965346,0.97559357,1.1471058,0.093255855,0.0,0.3058855,0.17943111,0.3014541,1.4593395,0.4798439,2.868548,0.28558606,0.4536714,1.4854474,0.19713296,1.6442105,0.7751692,2.5239756,0.60798454,0.32219505,0.26646575,0.31961918,0.7484931,0.59197015,0.1951802,0.092477456,2.968259,0.6457426,1.5653595,0.6138271,0.06489964,0.28896368,2.7952998,0.34598503,2.023943,1.0513587,0.12492562,0.12991929,1.0452104,1.0738941,0.4350233,0.44242495,2.365401,1.0556297,0.037449025,0.3994892,0.049892094,1.610601,0.6470633,0.26171824,1.1903156,0.548203,0.08999237,0.14606538,0.34649423,0.4692932,0.6081948,0.9672278,0.5282324,1.0893452,0.68982023,0.3120216,0.24277258,0.21756728,2.23962,0.26907322,0.4245013,0.028092919,2.2232077,2.4757817,0.5765782,0.12554456,0.8734196,0.7310873,0.030680494,0.51815677,0.20957032,0.4713131,0.38369593,0.21479355,1.127172,3.25746,2.5470982,1.3733399,1.4159998,0.20035118,0.32015604,3.9347322,2.3879836,2.034203,1.6685619,0.53541034,0.11613227,1.048073,0.47236314,0.9650594,0.8357405,0.3220308,2.6348119,1.0215977,0.41829777,2.5283134,1.6682696,0.5857803,0.37381184,2.6912088,0.11182328,1.0395342,1.3487906,1.3918414,0.7007263,1.360302,0.04005162,0.926234,0.38957417,0.41668713,0.31085235,0.38315228,1.8896104,0.02797669,0.7341533,0.9155974,0.69138753,0.23429209,0.43922633,1.4549756,0.0647978,0.07884875,0.44086245,0.673257,0.45646083,1.204781,1.400966,4.99335,0.30919138,0.43488777,0.01298447,0.033350315,0.77237654,0.7655484,0.122746736,0.17802025,0.04625592,0.0025629653,1.3490744,0.33437112,0.4977225,1.3479422,1.4263886,1.0202044,1.382134,2.8331654,0.052563522,2.4356098,1.7355262,0.9825968,0.10740443,1.3008993,0.052675333,0.36197242,1.0525913,0.3253965,1.0611119,0.64311713,0.23980007,0.037841037,1.6306602,1.3613985,1.7193516,0.101549864,0.50413007,0.60031724,0.61028373,0.6242913,0.17573932,0.46247405,0.6524326,0.9341339,1.7491157,3.1514766,0.09903285,2.0457132,0.13388702,0.16488345,0.86180013,0.805727,0.19943824,0.14390665,0.5874855,0.67109895,0.12350378,0.14644128,0.23743103,0.5657188,0.5180337,0.57981575,0.1655119,0.06471909,0.21900688,2.3392406,0.028947338,0.5703573,0.018437909,0.037596896,0.34139422,1.2899767,0.5863837,0.6370236,0.2692201,1.002406,all_pothole_images\pothole_images_enhanced_691e19c28c2a566764fe01c467bff849.jpg
0.6486304,2.9126008,2.29526,1.5027379,0.25409654,0.10133707,0.39490563,0.4296223,0.21728715,0.34899583,1.2559893,0.53069514,0.3619352,2.2725177,0.22979604,0.5430579,0.9224332,0.24464673,1.214348,0.5033611,0.44183788,1.0945618,0.33057684,2.591191,1.2150087,0.44340223,0.29848394,1.434032,0.37041035,0.2293876,1.5265387,0.21959619,0.11092203,0.1955955,1.0982724,1.0631775,1.4095657,2.555054,0.75178814,0.69171435,0.40517595,0.003988782,0.28626063,1.9818102,0.49403587,0.36423382,0.066321716,0.37584576,0.7167241,0.8194395,0.42137316,1.2693542,1.2770499,0.09077543,0.42510253,0.5253812,0.5725434,0.1410895,0.19569324,0.069531314,0.473975,0.37509662,0.16600265,0.0,0.112545,1.4025362,0.3845166,0.3857284,0.771204,0.20292328,0.4939774,0.32994148,1.4881881,0.6576149,1.0813824,1.2100462,0.36412546,1.2382962,0.28760475,0.48364156,0.6629622,0.092348926,0.06030903,1.0263323,0.80839217,0.38243398,0.22813582,0.46347395,3.6306145,0.34095678,0.27162406,0.010488977,0.11305266,0.1807393,0.5369472,0.3708756,0.6600729,2.3669589,0.49485207,0.017820718,0.068807915,0.6376655,0.23280004,1.3699516,0.5968552,0.76666725,0.7529105,0.25930426,0.25422874,0.67821246,0.20973508,1.73431,0.22320439,1.0420921,1.3304168,0.19512443,1.2540776,0.26996583,1.2997881,0.53343165,2.340742,0.08042841,0.19475213,1.9561689,1.0138822,1.4528235,0.7434098,0.18324058,0.23266083,0.9897966,0.5542969,0.031809717,0.5239787,0.15206213,1.2642869,0.24143255,0.11590562,0.47025883,0.4481844,0.5091378,0.5814842,0.6110792,0.6288447,0.35266367,0.25169155,0.41515774,0.10772029,0.3296894,0.17062308,1.1156359,0.54419464,1.1863673,0.11944574,0.15993449,1.0529029,0.053938843,0.04557268,0.28595582,0.08336882,0.5091485,1.7997454,0.83327407,0.50803626,1.0858864,0.0,0.42982566,0.73959756,0.08937177,0.33342057,3.172271,0.45177525,0.05383689,0.7189033,0.37615865,1.5546165,0.15123679,1.1133794,0.29799664,0.0,0.9713868,0.0,1.896843,1.9379188,1.7278218,1.0313458,1.9134977,0.43225956,0.11792088,1.3046713,1.1405075,0.3867977,0.7136841,0.73026735,1.0742491,0.14773637,0.36402765,0.4865906,0.833464,0.19238484,0.8602631,0.020125749,1.3799876,0.2553482,0.299607,0.7140137,0.7243093,0.71041113,0.26325265,0.071391545,0.0,0.44007185,0.7080563,0.645911,0.9893932,1.3459315,0.41203058,0.1200992,0.48573184,1.3639334,0.0008923563,0.878169,0.28486407,0.51744056,1.1213,0.0,0.07726755,1.0320065,0.76829696,0.46510276,1.3172573,0.28461853,0.37771446,0.63480717,1.1359535,0.35211837,1.4747442,1.0756537,0.6557979,0.27016437,0.05235503,0.59486127,0.53288656,0.7362905,0.42669538,0.18582842,0.6792135,0.7806291,0.03830008,0.39386132,2.6685715,0.33463684,0.0952503,0.15241906,0.29276332,0.7607898,0.0006756299,0.7451061,0.29512832,0.8284033,0.8230159,0.50979245,0.10117012,1.3803083,0.19375508,0.7770864,0.97160834,1.2712666,0.396308,1.9601147,0.35627928,0.28218627,0.024255069,0.4015576,1.3806183,0.25669846,3.5714436,1.1320385,0.5296394,0.33023375,0.672371,0.12021655,0.262789,1.6807433,0.56437314,1.3272407,0.55398685,1.2154602,0.94451153,0.5059145,0.027019663,0.46281028,0.5109058,0.016608557,0.27538782,0.98774225,0.5527401,0.60655475,0.051005416,0.71046406,2.1274374,0.5595483,2.1443365,0.14907388,0.8428472,3.6878667,0.032964088,0.1417144,0.5311957,0.97375286,0.32703042,0.094867274,0.294354,4.790365,0.902027,0.0,1.2223366,0.3925948,0.1819954,1.6179694,0.31009468,0.6787623,0.2076575,0.55043495,0.032004997,0.19357358,1.5923213,0.59005046,0.11265836,0.9705737,0.564116,3.1211002,0.27584764,0.27605885,0.036688697,0.39102265,0.36692816,1.3875136,1.5547706,1.5354779,0.034703556,0.8610835,0.22622114,0.91983825,0.5272878,1.4855835,0.46581212,0.40254545,0.032933712,0.077383846,0.7999082,0.10117995,0.6330742,0.058082823,0.48622325,0.09555439,0.049798105,0.16240774,0.6145674,0.23420325,0.7002714,0.36689085,0.12291176,0.51254857,0.94296265,0.050689477,1.1537743,1.3984392,0.08719289,0.019587515,1.1392844,1.7938087,1.1517982,0.1161705,0.58397835,0.057868864,0.25079188,0.16723222,0.96947974,0.07013324,0.5707908,0.19363558,0.5308351,1.323648,1.574279,2.9404118,0.8311376,0.5099925,0.8906137,0.54643655,3.0304453,2.6374226,1.2128848,0.7376874,0.06271033,0.20443295,0.73764366,0.6576238,1.0696434,0.20771773,0.0114064235,1.5495775,1.2220702,0.8718791,1.3144547,0.29360923,0.14569077,0.31410986,1.4282777,0.9237796,0.28634393,0.4181872,0.4754381,0.7203634,0.7662613,0.0014957199,0.09052609,0.08858205,0.03784279,0.07014013,0.3044454,1.0243019,0.22018746,0.9648733,1.3612775,1.0488752,0.03604625,0.6721012,1.2836535,0.08141887,0.476354,0.74742496,0.0075147916,0.65526503,0.8042611,1.6022371,4.5348825,1.1027696,0.84643734,0.5726941,0.054952726,0.51585704,0.81553257,0.2409675,0.5877552,0.08130124,0.0,1.6916597,0.82871914,0.9639648,1.4972235,4.3234296,1.0312154,2.6951356,0.58947396,0.45880997,0.9777187,1.4861478,0.32424444,0.14796726,1.0853902,1.5463338,0.032614205,0.5107495,0.29265594,0.57218814,1.3850093,0.6100351,0.0022749996,0.96541315,0.36908898,1.2890743,0.3331697,0.113260455,0.5543132,0.32322738,0.44114906,0.39449924,0.9637663,1.5304824,0.085913695,0.75859565,1.7788551,0.43911758,0.6231163,0.027053827,1.0297602,0.5115863,0.53939044,0.35285032,0.024169203,1.1206717,2.3535511,0.01591924,0.16914329,0.005607858,0.061977696,0.0,0.090623446,0.33250177,0.23746341,0.1233621,3.338008,1.042102,0.8841488,0.25637016,0.60988057,0.58869535,0.24769656,0.78481305,0.19347839,0.0,0.34131086,all_pothole_images\pothole_images_enhanced_692f8c96e4eb98017d764aef97e61a30.jpg
0.25388873,1.5268351,0.41927886,1.845152,0.78974134,0.30743593,0.44066715,0.22114094,0.24943341,0.62652665,0.9042206,0.8285583,0.060351633,1.2464658,0.31218517,0.90268403,0.4391742,0.5199914,0.92137563,1.2218882,1.0905629,0.8158529,0.20423438,0.6761373,0.8895813,0.45926082,0.23940265,4.6240473,1.1431228,0.1637679,0.6859825,0.36065564,1.4328551,3.1931539,0.13548864,1.5357579,0.32164204,0.5658194,0.004870395,1.1886424,0.234848,0.0,0.59587526,3.845514,0.8776072,0.3552703,0.23414549,0.15218422,0.63504076,0.94529444,0.44297484,1.1583192,0.17336717,0.8041042,0.21075976,0.81622326,0.59768844,0.123221435,1.6256751,0.18582815,0.3093607,0.3700577,1.7042903,1.2273166,1.0816065,1.2150637,0.51081175,0.18563375,0.2879922,0.053375214,0.8505403,0.3856713,0.14015618,0.81879234,0.42452738,0.5848005,0.49377853,1.1382977,0.036573973,0.23044673,0.6117575,0.19376235,0.15380691,0.69489145,0.36797947,0.8297331,0.6921123,0.31904885,1.6969419,0.1607871,0.21699099,0.0720225,0.2722977,0.4129196,0.18856959,0.70314103,0.45028564,0.94152004,0.9107268,0.7924751,0.04503459,2.7885034,0.43530086,0.3661393,0.08343875,0.2908554,0.76128477,0.34712887,0.7564678,0.3427132,0.026733393,1.1947998,0.42808533,0.38058627,0.8341301,1.4737331,1.1376202,0.58424884,0.14816287,1.1922332,1.5703064,0.98130494,0.2520463,1.7360697,0.57449716,0.6743727,0.77791846,0.43089488,1.288978,0.22937536,0.9740464,0.101455785,0.0666785,0.6895514,0.8556527,2.2130218,1.503417,0.907879,1.1605242,0.597009,0.21236487,0.0055828355,0.17972511,0.878608,1.6786205,1.5265844,0.29230002,0.14959514,0.16570702,0.71307045,2.675027,0.42230427,0.09392079,0.17393893,0.3993782,0.576894,0.89708465,0.4041191,0.37898192,1.2453405,0.49671048,2.696293,0.0026123018,3.604419,0.09787538,1.0775632,1.4985718,0.4290809,0.4745205,1.6669159,0.96979856,0.98822975,1.4203447,0.5776216,0.059145026,0.94893503,0.6517354,0.105608225,0.082984105,1.2544872,0.009474934,1.6786748,2.931021,1.2414224,0.9725421,0.41525593,0.020480536,0.91247386,0.3626558,0.9521535,1.0019436,0.023169719,0.45561233,0.7495835,1.2635386,0.672167,0.76856774,0.1852822,0.021139178,0.5599587,1.20998,0.0797248,1.1356066,0.5291767,0.97257435,0.3933989,0.978897,0.30303493,0.41889113,0.008986184,0.09178012,0.48515543,0.46303877,0.3622092,0.7435843,2.3204718,0.6998371,0.0910374,2.645301,0.41203633,1.4280941,0.12075637,0.42792043,0.68627244,0.17477891,1.4831707,0.14171696,1.5812372,1.2086465,1.1917427,0.487423,0.23128201,1.5690454,0.07752782,1.6281195,0.10876862,2.3473682,0.16638133,0.06191597,0.5391079,0.74968266,0.10753785,0.6690886,0.0101952655,1.0202254,0.004185129,0.9463677,0.50884116,0.19544776,2.8883045,1.4784734,1.6563375,0.10925377,0.62345004,0.44294757,0.66936404,0.44476816,0.09629892,0.520356,3.445841,0.7537467,0.9426514,1.6309749,0.022603996,0.08700949,0.51076674,0.26578176,0.9270284,1.8809637,0.893883,0.2607565,0.14904071,0.8206401,0.88039386,0.29900092,0.5961011,0.46727437,0.87507004,0.6340984,0.8164745,1.1173375,0.7275066,0.5110898,0.6659892,2.0183134,0.11852782,0.98492074,0.87805605,1.6171361,0.2221462,0.7502899,0.7519969,0.031467874,0.4735181,0.50973856,0.58888525,0.5544172,0.7389098,1.1413165,1.8446611,0.86431414,0.8508306,0.46208313,0.49636632,5.289884,0.4375303,0.85792136,0.1926085,0.070849605,1.4452785,0.2549754,0.6307038,1.3455038,1.5825741,0.58356214,0.5535004,0.72644013,1.1740625,2.4783762,0.7506772,1.4930826,0.48565674,0.7334997,1.3999213,1.3020498,1.9147619,0.5196276,0.23836043,0.57491344,1.2651273,1.7737056,0.24515459,0.027484199,0.29209015,0.18257996,0.6495276,0.977984,0.6631065,0.52188003,1.3021735,0.41535288,0.39046305,0.8054945,0.935213,0.7639519,0.13833256,0.35921913,0.95640045,0.9348257,0.046929635,0.6120203,0.088769056,0.4931103,0.5216434,0.22516026,0.12951869,0.16738982,0.4379076,0.6668023,0.22542372,0.0,0.66702574,0.80682904,0.53661335,0.32453302,0.09003168,0.83581626,1.527861,0.25085402,0.96718687,0.31754133,0.5564546,0.27106252,0.4014861,0.4186035,0.2578756,0.61094445,0.11799108,0.47121412,0.508955,0.8636539,0.60352224,0.46195188,0.53351665,1.1802441,2.0156538,2.2662206,1.0339849,0.36513066,0.7157792,1.968564,0.31988734,1.1062917,0.1973105,0.5552788,0.28207,1.5265263,0.27963126,0.70803714,0.011808916,1.6801053,1.2259308,0.19814818,0.86351305,0.17237383,0.8456284,0.91031116,0.296205,0.41362947,1.8386812,0.9280565,0.5923783,0.34753,1.5730485,0.014385804,0.4025896,0.62538964,0.16374473,1.0363315,0.08735181,2.3992422,0.2727494,1.8463778,1.8656286,3.664559,0.055527996,0.80230916,1.5698924,0.13723752,0.6063703,1.045284,0.22546025,0.5110177,1.0199792,0.9273253,1.5563703,1.0962737,0.8141302,0.054590758,0.74249774,0.9214941,0.3987786,0.38515186,0.15094589,0.25117138,1.3794914,2.9503453,1.2117174,0.14166243,0.79997563,1.3926235,0.04930655,0.11787745,0.03541656,1.1719121,0.7111046,0.65670836,1.0372367,0.69219035,0.16365346,2.2973528,0.081102274,0.9508666,0.46185994,0.100462146,1.0422176,0.79994935,0.031944156,1.49861,1.206595,0.931305,0.35286945,0.53395486,0.18493737,0.27803215,0.5142278,0.66703767,0.597045,0.93425673,0.8631903,0.28322172,1.6991941,0.25888804,0.6366211,0.29236564,0.0065889535,0.14750326,0.45802936,0.0071069323,0.12527682,1.0788244,1.3881024,0.14474025,0.36421853,0.6209274,0.5661508,0.076862745,0.2844283,0.06627475,0.7379774,0.6978668,2.239529,0.081957035,1.5681657,1.7412364,0.92124516,0.28445625,0.28230315,0.23405291,0.7137155,0.08953263,0.41604567,all_pothole_images\pothole_images_enhanced_69431fc61d52d5fe41d47e4c7ec1ed3c.jpg
2.46645,1.4668025,0.21738154,3.2300048,1.4578971,0.48192266,1.11148,1.2136352,1.1270856,1.1711582,0.29203978,2.1748261,0.6578179,2.0391715,0.72029567,1.6999087,0.71137345,0.80446875,0.7726154,1.3635945,0.59873515,0.95638275,0.709979,0.79253435,0.5311413,0.6389306,0.33669055,2.844619,1.3131028,0.14713117,0.22332783,0.3134623,0.48171338,0.66474277,1.0245839,0.2630267,0.436274,0.6643138,0.117499396,1.0139831,0.71913916,0.49378562,0.6501428,1.7909507,0.38362437,0.42801335,0.4439859,0.344943,0.5475178,0.5037966,0.69794536,1.5600467,0.18759088,0.044606578,0.079325445,1.6566932,1.8068279,0.40884122,1.958922,0.7162199,0.11202898,0.81872594,0.23639393,1.0133299,1.1492069,1.1312863,0.19300453,0.5942753,0.061460495,0.35831252,0.09433373,0.159577,0.60033923,0.99661493,1.14847,0.24547699,1.2391909,3.2091675,0.08321433,0.18093243,0.31869054,0.159835,0.6662362,0.9212744,0.48368818,1.8584259,0.6172325,0.09541347,1.940227,0.13681269,0.027979514,0.34182778,1.7527409e-05,0.5808329,1.6281579,0.31857646,0.3777665,0.7745023,0.16567466,0.69640684,0.13283011,0.4989341,0.37778363,2.0032885,0.66928774,0.013763712,0.045415513,1.6040223,0.3638125,0.20815188,0.2726702,2.4158843,1.2548392,0.031361543,0.32650098,0.22156915,0.10545028,0.6458927,0.4501689,1.6556078,0.6551772,0.2673248,0.013650858,0.7961047,0.71518916,0.48953566,1.312929,1.3633641,0.89620745,0.10155449,1.0220433,0.10922369,0.11050346,0.6622531,0.45558575,2.8395262,0.3684455,0.25584486,0.60410255,0.21729901,0.2543507,1.7939085,1.3255726,1.1558843,0.23619613,0.05528841,0.08196333,0.5848402,0.2637918,0.8498468,1.1022042,1.056444,0.56744444,0.89881194,1.1787893,0.5125431,0.05820294,0.13482009,0.9239088,1.2727655,1.2036813,1.3174537,0.43545204,1.8613842,1.4770769,1.63529,1.0216684,0.055919394,1.6941265,0.61820906,0.097373135,0.3839323,0.2511196,1.6910596,0.5820316,0.05243899,0.86318934,0.0027917733,0.38214827,0.3179756,0.059684865,1.3746487,0.87262475,0.96492803,1.1359441,0.410426,0.03931061,1.4505246,0.258074,2.1592166,0.51613754,0.1172439,0.0819659,1.2857958,0.46748817,0.17457724,0.7368604,2.0947464,0.4948092,1.7190086,0.75707805,1.2096163,0.23255393,0.17007789,0.018860133,0.7285234,1.2981778,0.077004775,0.63069826,2.0427077,0.041792538,0.25304553,0.96682113,2.0809166,1.217338,1.9844724,0.26622963,0.61354953,1.1065472,1.1757911,1.3795197,0.034557037,0.97456247,0.85757256,0.020968566,1.315949,2.7881699,0.38828766,1.1331195,0.39591357,1.0730934,0.22144465,0.8921837,0.020685865,1.352437,0.08496157,1.4274896,0.22818537,0.49615404,0.068294324,0.19027561,1.2130857,0.7671868,0.16541262,0.038715772,0.051288523,1.0110986,0.7482437,2.1731484,4.7579722,2.2205377,0.7174996,0.4529232,1.2440212,0.39281696,0.50988525,0.6197605,2.5865762,1.3668884,4.224924,1.3354707,0.32777187,0.70028263,0.035089657,1.073677,0.96546966,1.0283042,0.5658795,2.404487,0.20879227,1.1850504,0.16891418,0.022596855,0.0372911,0.50682193,0.81069064,0.38948244,1.1340047,0.97255087,0.39605573,0.9342357,1.3057766,1.3188975,0.6982385,0.54542303,2.1331758,1.7504463,0.024448497,2.0391922,1.356622,0.17469618,0.59009796,0.24177216,1.1199727,0.35212368,2.0492187,0.9038002,1.2611297,0.46876633,3.229699,0.028369222,0.97331876,0.02958792,0.79338,3.5644598,0.16414827,0.24332772,0.37872058,1.6479225,0.12341236,1.816824,1.9825392,2.8737848,0.6788389,1.7275406,1.3290428,0.16389109,0.97490555,3.4960637,0.2168269,0.8324261,0.35548544,0.05950917,0.28320697,0.5059278,1.3475822,0.2405318,0.49681002,1.0635849,3.4144948,2.464946,0.46759,0.25700974,0.39221707,0.08370084,0.11584136,2.4350739,2.3157794,0.8525826,0.6835643,0.38250285,0.80818826,2.1772974,1.8750148,0.6610341,0.41929695,0.37631735,1.3806143,0.15526685,0.627772,0.15103388,0.16494516,1.033403,0.578915,0.28296867,0.20865525,0.36315733,1.0619503,0.09179702,0.49271423,0.5477176,0.81464106,1.4772938,0.8986421,0.12656973,0.9424984,1.0072777,0.33215496,0.8076394,0.50793684,0.6037891,1.811875,0.7458838,0.5151325,0.4465907,0.4171655,0.5251079,0.35319144,0.9073682,0.6639771,0.7774584,0.81398576,0.5308227,0.28392786,1.751492,0.68083906,2.3207006,0.08212418,0.10933368,1.5548553,0.67906,1.0160807,0.19025993,0.30371776,0.029247994,0.031094495,1.7964423,0.19160095,0.47027463,0.21465027,0.37290153,0.46076578,0.42230237,0.85942346,0.49703285,0.036992256,0.9899494,0.35205725,0.9735268,0.69342524,0.62110245,0.87085813,0.03027224,1.2489078,0.46031663,0.44067046,1.246833,0.35503286,1.985866,0.2586073,1.1504575,1.5933224,0.72986835,1.3986473,2.578461,0.82238615,1.7729701,0.2733094,1.7741349,0.60605747,0.43676,1.6596102,0.7293717,0.88820225,0.39160421,1.9515337,0.8945346,0.8760692,0.19004975,1.4186307,0.337277,0.6560428,0.2355436,0.0,0.04197682,0.05133128,0.9035352,0.2157465,0.08851728,1.0616698,2.779872,0.10746454,2.0358493,1.3970205,2.1808848,0.656856,0.9316522,0.35012633,0.9851404,1.8664762,2.1383975,1.2087458,1.1860546,0.1082354,0.64562416,0.26395914,0.11423579,0.014843911,0.15968087,3.2261152,0.4118365,1.2984312,0.5930601,0.89467186,0.6348029,1.95336,0.37767148,1.7873653,1.7872996,0.31457105,2.5413048,1.0531219,1.6375515,2.4958398,0.061884996,1.3844037,1.3353647,0.4441873,1.9865559,0.37332457,0.48560807,0.9488799,1.8666003,0.20334177,0.71297383,0.4732182,0.27701324,0.5360763,0.3296621,0.45900944,1.8732275,4.7532334,2.406586,0.22109511,0.62684274,0.9502208,0.5415564,0.35545418,0.0,1.2111033,0.76506895,0.7392485,all_pothole_images\pothole_images_enhanced_694cadf7148b850ce28a1b867f94c720.jpg
0.11712203,0.8392022,0.20034735,1.3216394,0.30814222,0.0014114634,0.25183544,0.005932042,0.03229278,0.68771815,0.72011286,0.48160872,0.00034223328,1.9360161,0.057043288,0.2682355,0.5050283,2.3293157,0.5523642,0.2110148,1.1493245,0.8351596,0.26798916,0.49392802,0.48108524,1.6957438,0.9007157,1.928354,0.63524556,0.8077044,0.6016511,0.095606394,0.36669242,0.3625692,0.38757133,0.8206136,0.03750516,0.8919427,0.19342487,0.092307806,0.13228226,0.053438254,0.16901061,3.531957,0.4607062,0.17791198,0.075038716,0.2032413,0.8174729,0.23995177,0.019415285,0.09675106,0.08694243,0.0,0.05986478,0.77454823,2.256957,0.5724537,0.16565521,0.017041463,0.0,0.17416911,0.45686233,0.44095832,0.108248934,0.43296203,0.4195952,0.38610548,0.32463077,0.11132695,0.33069155,0.9045949,0.2376341,0.059262592,0.398754,0.0,0.00097065646,0.67228264,0.0,0.4513736,0.15660667,0.25257337,0.30544305,1.237639,0.07148479,0.0,0.40794453,0.20664611,1.2540354,0.23654296,0.033811767,0.2028518,0.2121009,0.40301272,0.03890135,0.22981034,0.29141742,1.9126369,0.68032694,0.19905436,0.22992282,1.9944822,0.06988861,0.011070697,1.2565739,0.76290846,0.11405028,0.06664106,0.069514014,0.60792243,0.0021185323,0.0,0.098601624,0.72299755,0.31398898,0.20599619,0.1921455,0.09332429,2.0992315,0.24055417,1.8696547,0.20716994,0.00854791,0.45321023,0.34554932,0.19959515,0.04641177,0.19420607,1.1103414,0.10754695,0.21442686,0.401106,0.27586594,0.179074,0.08240073,0.37457368,0.007978382,0.31127372,0.59221387,0.024504934,0.79239655,0.12041014,2.3873584,0.20981364,0.023513,0.5327204,0.08309699,0.85343355,0.7921428,0.022426184,0.085932985,0.49564826,0.018726248,0.3100544,1.7778102,0.50534576,0.50134194,0.2115522,0.7372198,0.154187,1.8320268,1.6151683,0.104044825,0.37212563,0.17309247,0.005871235,1.4363433,0.3397394,0.50926083,1.1558305,0.1884989,0.10816959,0.16250516,0.079945765,0.037757397,0.19579111,0.36152878,0.060928248,0.229554,0.10027107,0.019461682,0.5858769,1.9963869,0.23755929,0.5546634,0.9203627,0.43226966,1.1221176,0.043982856,0.87241936,0.17609733,0.5739138,0.48967618,1.6413319,0.0051998063,0.08761489,0.7196238,0.13628584,0.67888576,0.03345801,0.13257097,0.17746998,0.2599017,0.25799084,0.21575698,0.2052173,0.5560945,0.31960523,0.22255011,0.55095094,0.016563999,0.14239234,0.73015887,0.10419707,0.7690817,0.4401319,0.30374354,0.31996605,0.09543366,0.049093723,0.28934115,0.3789674,0.1260074,0.0,0.0,0.02642206,1.5634253,0.3603784,0.15445887,1.1743424,0.18605407,0.0,0.5313541,0.5447123,0.4902483,0.055588312,1.7846218,0.0,0.062152356,0.35143194,0.045696247,0.62901306,0.077996716,0.87150323,0.34409177,0.008415596,1.1233292,0.17801335,0.15242751,4.084094,1.3134304,0.0,0.0073516276,0.48668313,0.01599683,1.491697,0.6717171,0.14498183,0.43245354,1.4397858,0.20210324,0.05063956,0.09922181,0.5857579,0.30475983,0.11506158,0.14721984,0.63905615,1.3427767,1.8958246e-05,0.061183166,0.093211524,0.118723325,0.3082719,0.30391964,0.50636196,0.0065917373,0.0018642118,0.12673363,0.6557018,2.0227165,0.1849522,0.3590092,1.0892965,0.1546997,0.08311768,0.9160943,0.17736362,0.64571494,0.00397597,0.30873394,0.0,0.01990257,0.6993301,0.37552378,0.62176245,0.1466987,0.18260327,0.060124658,1.6443257,0.513573,1.0089997,0.0,0.0053554336,5.2363057,0.36143816,0.0,0.009612508,0.101508744,0.5372757,0.41758668,0.31388015,0.95358926,0.08062723,0.39001846,0.19489998,0.008534191,1.2743034,3.0647817,0.005387023,0.46963954,0.0014364409,0.021904016,0.05165138,0.08390779,0.07536745,0.27986208,0.077211365,0.3437808,0.015412757,0.84612787,0.035989456,0.80050766,0.0,0.41608238,0.017104683,2.0817904,1.0179232,0.38940322,0.06822238,0.5381997,0.13827127,0.82462895,0.5948589,0.05576816,0.44057935,0.06978921,0.67897797,0.2288647,0.18284744,0.9120362,0.29278404,0.038542025,0.4956382,0.0761089,0.06107159,0.06514936,0.925388,0.0,0.10206517,0.050497342,0.03449196,0.49849632,0.43997788,0.01670362,0.040519077,0.6075556,0.1781759,0.117022686,0.39719138,0.91966414,0.15910631,0.48800603,0.0007573335,0.7117658,0.29607332,0.5202994,0.015531735,0.16213909,0.22484927,0.5311228,0.0,0.13273881,0.56549245,2.3792846,0.15563688,1.1048762,0.120946735,0.013640122,0.52888846,0.8114189,0.110558145,0.09977101,0.40932506,0.18759912,0.0,0.6586299,0.25013486,0.22431746,0.09786812,0.3146997,2.328581,0.8143693,0.14442477,0.071651824,0.2896688,0.0680104,0.93774337,0.27550256,0.15711392,0.07870897,0.6476199,0.00081707956,0.5285492,0.0058078845,0.4973089,0.26704863,0.29257208,0.73311216,0.0,0.9864978,0.12075054,0.4890001,2.1419637,1.6739632,0.49320298,0.65310496,0.37356693,0.06613679,0.4297015,0.2916874,0.042385805,0.27933392,0.06417609,0.072959825,1.5910733,0.30524063,0.030696305,0.4908565,0.12228607,0.9332088,0.12142331,0.057747204,0.0025558353,0.17811947,0.05170288,0.4899409,0.21062475,0.10057895,0.7371141,2.676062,0.44626796,0.23460354,0.077985175,0.036695495,0.5522012,0.06304683,0.09351373,0.63471437,0.99537915,2.7140539,0.082910195,1.2923502,0.0039098156,0.73175126,0.057729393,0.0,0.0,0.22964777,0.67911,0.049482826,0.40005937,0.030679459,0.381997,1.077727,0.0029832297,0.12339173,1.7457643,0.5994594,0.12325901,0.14217111,0.41208893,0.8036454,0.067267254,0.0450318,0.068622224,0.38366723,0.092965744,0.23780823,0.0,0.10637999,0.27969006,0.044507366,0.27032787,0.000113811664,0.031966303,0.0019074308,0.4321935,0.8434945,0.11352988,0.89924467,3.8783917,0.11121124,0.11314246,0.056576654,1.4345629,1.0686421,0.0052595777,0.20818838,1.445222,0.0011224294,0.24370216,all_pothole_images\pothole_images_enhanced_69b14a721063cd51faff8ea8b92579f3.jpg
1.4565669,0.41132307,0.10925115,2.2094715,0.15673052,0.0391349,0.019431395,0.24138002,1.2286729,0.18862432,1.428863,1.1935368,0.6393359,1.1790922,1.1851419,0.83210844,0.0134049095,0.37241787,0.43613896,0.048936002,0.7709095,0.5780515,0.051891617,0.16248237,0.8928841,0.35216603,0.55428386,2.0427885,0.64499193,0.32156157,1.5443492,0.2568705,0.6734391,1.3276621,0.5581348,0.8739876,0.16219372,0.78024703,1.1455004,0.6748928,1.2176819,0.015166394,1.2380964,1.5458218,0.14425196,1.024352,0.5613847,0.2765787,0.3103761,1.1416328,0.5077782,0.43152663,0.17948999,0.06309624,0.06454905,1.0391873,1.7565694,0.1590241,0.082179435,0.055463318,1.3243312,0.0,0.99839205,0.65500396,1.262109,0.9702207,0.029716944,0.0,0.24552651,0.23169456,0.368069,0.08943733,0.7418836,0.66717464,1.286515,0.20702052,0.74197465,1.2397029,0.24278593,0.56796074,1.4757428,0.34159267,0.0003030509,0.59587365,0.18475248,0.5341063,0.10668383,0.008796522,1.9246948,0.056375083,1.0329388,0.025873043,0.9007262,0.2579041,0.0,0.05034811,1.9266526,0.2700168,0.80641335,0.42895678,0.1441023,2.8532372,0.11699343,0.056766693,1.3931031,0.1808972,1.3329259,0.76469433,0.67427796,0.021360803,0.0,0.56896937,1.4563164,0.032755364,0.27635822,0.6464869,2.8014345,0.19020897,1.213743,1.1665275,1.8540523,0.00019765593,0.18599977,0.23123713,0.4363944,0.5826596,1.7076945,1.22093,0.85413,0.1302833,0.09258369,0.0,0.00081209367,0.3071174,0.79764163,2.0498087,1.6753405,1.8230243,0.9728892,0.0028568765,1.5503654,0.030255273,0.09956123,1.4640979,1.5874157,1.806968,0.3168249,0.5541988,0.2470499,0.23204215,0.53955954,0.62397516,0.019956656,0.8840056,0.327668,0.15291007,1.06955,0.0,0.7107512,1.4843185,2.1237564,1.8329377,0.0066945385,2.470718,0.2678012,0.45283768,0.038032338,0.16952375,0.2674615,1.8510457,0.38640025,0.5261267,0.56705165,0.03329238,0.048969347,0.6218881,1.7009282,0.0,0.35985097,0.82902706,0.13951819,1.1831408,1.6579946,0.31572837,3.27687,0.8658158,0.364329,2.1676614,0.53292847,0.53159463,0.078104764,0.25289664,0.54656595,2.6601582,0.5498755,0.29645535,0.77859277,0.08933526,0.39799714,0.38707376,0.2733664,0.8702732,1.1293397,1.5419586,1.5585939,0.24813166,0.6419171,1.8136836,0.21622178,0.08026133,0.0,0.012800574,0.4099334,0.060692202,2.2516356,2.262981,0.0071303947,0.3864071,1.1050891,0.021718053,1.6235545,0.5670931,0.28536293,0.4575782,0.048689015,2.5419612,0.7424513,1.9182154,1.0686057,1.738611,0.11457241,1.0858755,0.027839426,0.57258373,0.49986562,0.2164043,4.20248,0.08280131,0.31110632,0.86678016,0.087167375,0.19233088,0.3198813,0.5718054,0.52572465,0.0,1.0774184,0.5884434,0.28445116,2.7067118,0.43701908,0.7644517,0.5382983,1.148002,0.22204778,0.0009699981,0.88845545,0.11188566,0.34243277,2.4653273,0.032516036,0.18962428,0.4608446,0.43010408,0.63278186,0.44745478,0.124187775,1.1105092,0.2844961,0.26577914,0.515714,0.66141915,0.11004182,0.42287982,1.201811,0.95956266,1.711659,1.7548227,0.021362582,0.8990144,0.25965032,0.58504725,0.29825807,0.639448,0.28027576,1.2391545,1.6912432,0.24775937,1.882705,0.3814611,0.3785383,0.31733564,0.2940274,0.21089117,0.81346637,0.031763416,0.27840844,0.6949575,0.27148113,0.7422657,0.3452294,0.91593254,0.6211632,0.29518604,4.308275,0.4741267,0.23842001,0.009192281,0.022408174,1.8898072,0.16437691,1.7483246,2.3371415,2.038023,0.74961734,2.7971497,0.007993759,0.39513206,1.9067497,0.84986204,0.33288473,0.6900076,1.1253506,0.063241236,1.2661977,0.53848547,0.53928304,0.0,0.071366325,0.0982332,3.9134858,1.2150611,0.03128624,0.38452435,0.024710499,0.3283262,1.5867316,0.8207182,1.5574238,1.4790492,0.4858064,0.47177792,1.9753627,0.8109987,0.17259504,0.4317378,0.21546632,0.36878973,0.9189606,0.016962437,1.2880456,0.23201934,0.08319066,0.3243855,0.6435526,0.24041869,0.10921745,0.50078213,0.09683391,1.5652344,0.022269957,0.92724997,1.9553031,2.1002307,0.1530592,0.0029853105,2.715263,0.6003667,0.056719225,0.666674,2.9219553,0.94082975,0.13387312,0.010604836,0.28019595,0.08018279,0.010844109,0.23185809,0.30233437,0.728138,0.9934675,0.2107586,0.02290242,2.744922,3.1664677,2.142773,1.6469698,0.0,0.0017944075,0.66814834,2.4473128,0.94956994,0.41741502,0.0,0.7057419,0.021679027,0.60541415,0.34257957,1.282752,0.030240603,4.79062,1.6009226,1.3561859,0.025567923,0.32520962,0.602471,0.76548016,0.17576867,0.23698775,0.03717409,1.7454768,0.87635094,0.24423641,1.4008468,0.20094427,0.5128892,0.8655172,0.9396089,0.8786485,0.037195727,2.6200726,0.8205926,1.1369737,0.3004462,1.9224043,0.006337844,0.410734,0.68731844,0.57198805,0.58082247,0.40167692,0.33981073,1.0193962,2.4947038,0.3182118,3.3490586,0.5637566,1.6195872,0.11904615,1.7149848,1.184293,1.7473629,1.4011823,0.30242658,0.1025887,0.018348208,0.9381257,1.3426379,0.104917765,0.791449,1.8206098,0.2680022,0.0,2.186071,0.040420238,0.14077188,0.019301947,0.33769774,1.0292352,0.5976761,1.5686309,0.37103257,2.4128845,0.29580766,1.2046409,0.26746804,0.1444645,0.0058137896,1.0965843,1.5147331,1.184177,0.2889992,0.6428119,0.5713337,1.3228415,0.23535265,1.6690066,0.7952259,0.7376124,0.056406695,0.0033851762,4.6114683,1.189125,0.09454668,0.07513033,0.03089211,0.25259402,0.0985668,0.5093685,0.25278568,0.5681054,0.0870061,0.029533053,0.5412866,0.18384594,0.28739595,0.15131304,0.061340015,0.23812741,0.23683158,0.28890437,3.8162344,0.7335865,0.47885114,1.3645399,1.2464292,0.21220826,0.029971927,0.29490918,0.77055144,0.6439893,1.0665076,all_pothole_images\pothole_images_enhanced_69b321416f824093a7b99014ee3c617e.jpg
0.4990492,1.643964,0.63144493,2.0922108,0.5271119,0.47842422,0.22288017,0.26692897,0.6151187,0.33590788,0.58891743,0.9948939,0.010693944,1.296848,0.6830578,0.74773276,1.0111867,0.25975195,0.82304,0.99033564,1.1539054,1.4071665,0.24774031,1.0133244,0.87041736,0.62639934,0.2251746,3.337183,0.54573435,0.3450792,0.4589753,0.27903053,1.3418976,2.0970268,0.45541894,1.4044211,0.56173205,1.2745912,0.0529538,0.9234516,0.45153072,0.117663935,1.0518705,2.5229588,0.7551262,1.2276992,0.37312856,0.080827616,0.27147746,0.94961065,1.1152552,0.38519058,0.9662018,0.5559798,0.4601896,1.2049904,0.19173776,0.03447838,0.54475623,0.26669338,0.8395613,0.3320215,1.4810731,0.4424799,0.43283495,0.7734462,0.2572581,1.0685925,0.64702564,0.53215,0.9112941,0.25122404,0.21156739,0.59270364,0.49836987,0.9494887,0.6842519,1.2820816,0.039888494,0.256861,0.72947526,0.16916116,0.07676097,0.8024461,0.81557447,1.1294416,0.9721594,0.45394367,3.082639,0.018424433,0.24312302,0.05319648,0.39810506,0.75181526,0.01507855,0.4058289,1.2714678,0.66493213,0.49878228,1.5195761,0.040979415,3.0955825,0.93717283,0.44125158,0.052353762,0.1660647,0.56691176,0.6814766,0.39875025,0.2647967,0.0,2.316391,0.75372446,0.18412858,1.016912,1.221642,1.4630027,0.6923498,0.37745112,1.2988136,1.2770101,0.90551305,0.88255423,2.0784993,0.23780635,0.14447223,1.0940337,2.0363343,0.828353,0.57637936,0.7796216,0.0,0.21639808,0.6485699,0.99044746,1.621335,1.4351753,0.8101532,0.90873265,0.5672317,0.29043454,0.1272168,0.14653501,0.5926329,0.96020025,1.9254366,0.5625297,0.10347295,0.3121466,0.6910951,1.9507412,1.1888787,0.07943332,0.018695291,0.20297034,1.0612568,0.3010985,0.42300624,0.7339093,0.66267455,0.46480623,3.0185735,0.0,3.1306198,0.034239188,1.4460841,1.0823506,0.62969184,0.39070496,0.66455215,0.8394939,1.222598,1.5573051,0.6438068,0.2782061,1.0679705,0.557617,0.026448421,0.2105118,0.318992,0.12346554,1.7725614,1.8902156,2.2749074,1.0148492,0.14037313,0.080763854,0.88713074,0.7595643,0.25838524,0.80603236,0.51213354,0.2555705,0.7612113,1.3461086,0.95272064,0.8817896,0.06299691,0.06061551,0.5590477,0.9019656,0.27526033,1.316176,0.43106768,0.95080084,0.19712298,1.2786692,0.27207634,0.15306313,0.13353373,0.8161134,0.018216424,0.46840623,0.1866789,1.025758,2.2482646,0.79905784,0.13396446,1.8781766,0.4583219,1.0825474,0.028213246,0.5491399,0.18570079,0.102127366,0.92954344,0.39275873,1.665805,1.2122184,0.9227955,0.10415231,0.4032868,1.7112452,0.031341378,1.1252102,0.001037689,2.3180246,0.07009359,0.04406694,0.77979666,0.6962566,0.096382394,0.7608682,0.038780987,0.7438444,0.045561336,0.28279907,0.74080235,0.10880143,2.792794,1.5475042,1.5465511,0.46215993,0.7777547,0.17674878,0.32081217,0.20526387,0.087609895,0.44953987,2.9887066,0.5095562,0.8382039,2.0478275,0.074522205,0.15706125,0.27047512,0.14256915,1.4300793,1.206005,0.60834473,0.16799304,0.056861646,0.25967368,0.6337002,0.1525295,0.8924774,0.5108562,0.91949344,0.63333267,1.0470375,0.398856,0.40033183,0.1967242,1.2257596,2.0185943,0.008171688,0.53714466,0.88832057,1.3566114,0.05097362,0.37664953,0.112527676,0.25875756,0.72039926,0.5972252,0.45734006,0.97698444,0.5911994,0.71726197,1.9019098,0.7611529,0.80648786,0.68086326,1.1552486,3.9341323,0.58995616,0.17205788,0.7545414,0.35176647,1.7365769,0.37051713,0.67170155,2.1835139,1.410667,0.23113392,1.0548711,0.011291399,1.0837406,3.0935538,1.3489218,1.0419083,0.2685487,1.183565,0.6101621,0.9827568,1.8185365,0.5131247,0.68686223,0.7251389,1.4047652,1.6362355,0.5015025,0.07242414,0.174724,0.19774768,0.62648594,1.2647903,0.5864285,0.48852327,1.1563854,0.9769054,0.24865897,0.7377847,1.2027999,0.8848662,0.40971166,0.333733,0.8443705,1.1580335,0.5328967,0.443563,0.28679988,0.16952623,0.11995813,0.6680392,0.1608655,0.23405725,0.31803885,0.48626018,0.41563746,0.03459483,0.5385661,0.8152718,1.0418355,0.3481727,0.41211474,0.6173964,1.5860994,0.5001533,0.5773819,0.685364,0.79868263,0.17968711,0.3533048,0.03017767,0.12718254,0.63891613,0.056269016,0.11920882,0.5639998,0.89694196,0.5540332,0.8771756,1.5308015,1.4291621,1.4644607,2.38972,1.0383449,0.060392544,1.331516,1.2554908,0.2924228,0.4803447,0.31918967,0.1579487,0.35225987,1.1417958,0.45478788,0.40376133,0.03893586,2.052745,1.1365923,0.24289909,0.8059077,0.32379958,0.6105456,1.1520656,0.09029869,0.39000982,1.1219462,0.8539831,0.33551496,0.72269213,1.8011594,0.0,0.3949204,0.6513,0.39218703,1.05301,0.19639143,2.3307164,0.7374407,1.3747848,1.3299394,2.46395,0.10085964,0.37736636,2.5733168,0.5061349,1.1467683,0.20134081,0.03887861,0.8510419,0.62702936,0.6288275,1.3102463,0.86316323,0.5272142,0.04567083,0.9478307,1.0579629,0.41055366,0.41830826,0.19124572,0.09057425,0.7883349,3.0644393,0.8844997,0.4054084,0.83110994,1.1790142,0.6389827,0.45996723,0.25069708,0.6916528,0.5014351,0.7719561,0.793572,0.70978326,0.08233602,2.1290512,0.06878373,0.9697147,1.2627343,0.15619926,0.8648492,2.108844,0.09937806,1.5503827,0.3784086,0.6567539,0.564727,0.3132542,0.21368091,0.29952812,0.1726377,0.80411506,0.63660604,1.1186317,0.18666396,0.93326724,2.1711912,0.40625903,1.5019915,0.25967458,0.11594084,0.56130403,0.8008588,0.23539114,0.09132506,0.7434019,1.4949653,0.19187942,0.50738496,0.8041206,0.5063975,0.09348254,0.13319992,0.18175825,0.12282206,0.9444908,2.3030908,0.03541542,1.7230903,1.5154951,0.7809227,0.5769719,0.32194555,0.33802596,0.5461833,0.4482895,0.33450863,all_pothole_images\pothole_images_enhanced_6a1528c6f667f51958408a88a7f292f7.jpg
1.342121,2.6792483,1.1226171,0.63747895,0.3816591,0.6793997,0.45955533,0.06794604,0.60696065,1.0405835,0.4502709,0.06217828,0.25863054,0.91882104,0.748859,0.6553141,0.052515864,1.2889669,0.11963218,0.686748,0.989668,2.2860515,1.2018968,2.3594894,0.452815,0.08889338,0.39227054,0.49559963,0.10733259,2.0174265,1.0730239,0.005776634,0.07416315,0.44458038,0.1251561,0.2422409,0.56820136,0.7521405,0.85030395,0.5529903,0.8699693,0.18283305,0.11324421,0.23644595,0.96873957,0.3522385,0.22551548,0.10653086,1.4293482,0.015726445,0.7279826,0.40388653,0.6395123,0.07777584,0.017113097,0.30923402,1.2299521,0.050365977,0.6686683,0.33435705,0.033823863,0.47755587,1.1826718,0.89245975,0.19311678,0.24203654,0.16847941,0.6447741,0.22979307,0.20581843,0.0,1.0054975,0.94948024,0.5931586,0.19365606,1.5431356,0.49581036,0.3123505,0.13032515,0.28549415,1.2581258,0.2790823,0.5088356,0.6955473,0.4539241,0.50614125,0.06161213,0.41772786,4.205567,0.38509512,0.26553205,0.5965692,0.23629121,0.27292272,0.36939645,0.10455338,0.9521119,1.1771647,0.026500642,0.45088655,0.024886286,1.4507537,0.023129193,0.56825507,0.121970184,0.5167035,0.11403676,0.012976853,0.45943457,1.6525233,0.35504523,3.5049448,0.49375057,1.1343511,0.3102603,1.0741742,0.93235403,0.2005123,0.98397446,0.36703774,1.3855532,2.676792,0.75110424,1.3503582,0.07547312,1.4225307,0.19364358,0.14693867,0.34667385,0.7132523,0.20343742,0.1461439,0.38137248,0.43149117,0.43362606,0.059881665,0.25188783,0.06925824,1.1031952,0.2407961,0.65458345,0.70024854,0.06547551,2.5133753,0.931973,0.6209128,0.78498524,1.5724041,0.09539536,0.75347304,0.5865014,0.271,0.27778113,0.046843007,1.8480202,1.4124255,0.14880803,1.6398872,0.94657123,0.21036609,2.1663868,1.4284202,0.0980313,1.1529503,0.65932375,0.82077587,0.8771869,0.8116511,0.83013,0.19335769,0.45401865,0.16020475,0.5467023,0.3410295,2.322758,0.24090046,1.2804104,0.050440777,0.053665116,0.37036195,0.55557156,1.1606437,0.7924457,0.84434485,1.0510039,0.058753982,0.33911353,0.5425069,0.7636478,1.2697283,0.9619662,0.7499866,0.02229578,0.88128585,0.54714805,0.26879147,0.22823322,2.055307,0.24645863,0.41058707,0.44475085,0.5616599,0.81462437,0.067161284,0.5599528,0.56263226,0.2805555,0.858941,0.6022876,0.23298419,0.9030955,0.28853738,1.1269552,0.81047386,0.27070445,0.64152306,1.0097418,0.22769146,1.2430845,0.079607025,0.60697335,0.11430667,0.84261966,0.7401226,0.5690611,0.7868688,1.3181336,0.37311503,0.76587355,0.19213377,0.4727449,0.23920888,0.36243036,0.8625843,0.5699545,0.36855525,0.90692,1.710098,0.6302777,0.0,0.59196115,0.3420087,0.17928036,0.39390633,0.0013795416,0.35532907,0.56675196,0.033730794,0.35178483,4.076679,0.46222535,0.024773598,0.5566115,0.4864971,0.22825943,0.5939037,0.3705626,0.8940847,1.0775504,1.1340389,1.1291541,1.5274755,0.7150404,0.43422726,0.4923803,0.4978176,0.49527085,0.354368,1.0343012,1.836695,1.1524665,0.14911118,0.05959662,0.7943212,0.5658832,1.157516,0.85654855,0.44037682,0.28260145,0.9077897,0.122313835,0.16159844,0.8973539,0.106172495,0.2500931,0.09489254,0.017758012,1.4510607,0.801792,0.41801566,0.2557082,1.1733493,0.48361734,0.77376324,0.07695542,0.2248866,1.5858035,1.1891763,0.39619818,0.55556715,0.042821553,0.16262496,0.15246436,1.812665,2.7819052,0.29217148,0.0019183052,1.1641827,0.6269434,0.11359264,0.2417283,0.72191507,3.430102,0.78996074,0.02144505,0.014193949,0.78709084,0.64349896,2.3925202,0.28052697,0.92196405,0.26224008,0.3405232,0.977179,0.1251747,1.096158,0.50980693,0.92923355,1.7145334,0.75098646,2.1076555,0.0,0.0,0.4526154,0.2320019,0.373854,1.2033038,0.28000215,0.118892625,0.41207814,1.2630185,0.20228395,0.97737104,0.076236136,0.2710022,0.5380429,0.27349803,0.0,0.9059142,0.48972005,0.3116956,0.46666634,0.024857888,0.12846918,0.76525646,0.1561877,1.4650022,0.3868047,0.1504002,0.2917965,0.3020902,1.0778376,0.21226355,0.91205394,0.0,0.7299208,0.6965587,1.0275911,0.78690374,0.055833805,0.84800005,0.7492101,1.2120652,0.19614579,1.5310929,0.46645254,0.61499035,0.760981,0.49731237,0.9782006,0.28768238,0.35302612,0.93444127,1.2362673,2.7930655,0.023491222,1.286238,0.29322383,0.3253887,2.019103,1.1755368,2.3602698,0.04946787,0.1843772,0.35743728,0.07245491,0.05274678,0.84005815,0.51464134,0.372657,1.1645288,1.2451042,0.854258,1.478878,0.052082766,0.2467289,0.79791397,1.9282179,0.3619983,0.5619654,0.56839734,0.5399324,0.14263378,0.39050058,0.056046844,0.24545313,0.900293,0.34012145,0.085504435,0.34811783,0.20227562,0.2440904,0.864307,1.7353309,1.7908982,1.0970192,0.69797146,2.4061213,0.089741305,0.47957253,0.69487184,0.65745014,0.25730827,0.24500996,0.96615934,3.282838,0.4935833,0.04829723,0.029704137,0.41628048,1.188004,0.2919571,0.02211325,0.19495012,0.13373134,0.5514197,1.8612045,1.0887241,0.084225416,1.0713532,0.58700335,0.8956302,0.70398813,0.6695486,0.40781355,1.3839058,2.9364114,0.5482475,0.5466226,1.0242432,0.28483993,0.29521444,1.5066522,0.4251517,1.37278,0.84009296,0.17900167,0.20329621,0.400381,0.69082725,1.4121563,0.8589675,0.25568023,0.47074488,0.32677206,0.5572016,0.028156687,0.13688381,0.060706683,0.53828555,1.1980933,2.8053195,0.42129228,0.22313207,0.37269238,0.69539934,1.001991,0.26986006,0.074014634,0.016491758,0.21449244,2.8186283,0.030423127,0.2789809,0.06371376,0.28301448,0.6674705,0.04871015,0.15085141,0.0,0.566377,1.4668444,0.3545119,0.508482,0.1872228,0.09420168,0.43474516,1.2474257,0.19478829,1.2946955,0.39482182,0.14821517,all_pothole_images\pothole_images_enhanced_6a53f012b2121ca3d5609fbfb11a3b10.jpg
0.57560575,1.7234024,0.60927254,2.1179056,0.32667238,0.66579473,0.26578864,0.34265974,0.6605073,0.35556874,0.7508377,0.9481749,0.051527392,1.4584936,0.791178,0.6771589,0.9732196,0.22090581,0.54212964,0.8817707,1.0367264,1.87656,0.37046215,0.9033497,0.6204272,0.72854877,0.25193816,3.7261214,0.5276199,0.2411597,0.6782613,0.29776895,1.3294568,1.7186971,0.22362874,1.3806431,0.36999172,0.8520473,0.10286919,0.8675196,0.5931343,0.19790328,0.7873686,2.0578492,0.7726121,1.3975987,0.2837239,0.07352727,0.062639475,0.98911345,0.98325455,0.37864068,0.99774057,0.6114452,0.39643383,1.0992966,0.08716975,0.04749512,0.5302647,0.22802457,0.8655684,0.3576692,1.3577846,0.3313279,0.5227947,0.8286732,0.21227486,1.274897,0.5141062,0.48019525,0.55355936,0.27077284,0.17102686,0.35670337,0.68710047,0.9787688,0.96073616,1.1914597,0.03406164,0.3122648,0.577451,0.2185545,0.05104553,1.0452408,0.7762568,0.9530154,1.0792028,0.26617903,2.849991,0.099176474,0.16349229,0.027655397,0.38794637,0.6347328,0.05705487,0.36319062,1.0983157,0.5166929,0.69014585,1.2901635,0.05035862,3.017877,0.81327945,0.407184,0.07364484,0.1409086,0.7690446,0.57350683,0.4510308,0.21699943,0.028901976,2.4704192,0.54369044,0.2068975,0.7206948,1.1559547,1.3844154,0.7654303,0.24449892,1.186822,1.6286794,0.76548207,1.0187062,1.8121802,0.28574824,0.16952206,1.1062359,1.6051111,0.6009969,0.43639934,0.46660736,0.0,0.1746876,0.6575231,1.0563018,1.2988936,1.2288951,0.89294,0.872359,0.48179498,0.15894938,0.3204158,0.048018437,0.41203773,1.1069518,2.0111427,0.59948474,0.07188785,0.28107303,0.54645216,1.8583186,1.1868902,0.12665102,0.061844047,0.15855613,0.67400265,0.3888354,0.38173524,0.26330882,0.3508764,0.47358337,2.856287,0.0,3.160139,0.013696923,1.2496314,1.2429085,0.62636685,0.37513268,0.6541747,0.713146,1.0780064,1.3428644,0.50411755,0.5199001,1.0840336,0.6619907,0.0059648165,0.36747554,0.22179191,0.11803653,1.4772545,2.2513797,1.7763896,0.9118037,0.11763166,0.33723477,1.002693,0.7800843,0.29175606,0.6027644,0.557639,0.101491205,0.80144686,1.2184721,0.9286205,0.6429523,0.101819485,0.1129433,0.58116126,0.7166759,0.57382596,1.4281077,0.58578527,0.79679376,0.26728627,0.9931468,0.39587116,0.084085815,0.2699415,0.95558786,0.046815287,0.48779836,0.074212596,0.9160798,2.128932,0.5805625,0.1895839,1.9496752,0.50064325,1.0831705,0.023921553,0.654537,0.231503,0.1651141,0.6617792,0.64807206,1.2047246,1.3019717,0.9398471,0.15202636,0.56218654,1.3282588,0.058052357,1.0215892,0.033465885,1.9215766,0.346387,0.09053546,0.60128385,0.7776934,0.2484958,0.8898172,0.008374159,0.8628968,0.0369128,0.33658832,0.58988076,0.24752699,2.904421,1.792864,1.5286434,0.49054578,0.82511866,0.221237,0.2430988,0.15644838,0.02053312,0.4366855,2.3326578,0.3022447,0.87827605,2.1203163,0.19683553,0.11383921,0.23576896,0.1326443,1.5267738,1.35268,0.6848634,0.21237718,0.03956735,0.09097742,0.6138827,0.20790453,0.75407004,0.50015384,1.13387,0.5497674,0.8468914,0.6323052,0.31409883,0.38080853,1.3398801,1.7470613,0.0019074801,0.59381115,0.9569926,0.9607857,0.028317511,0.3017584,0.25869948,0.154131,0.47685128,0.6609073,0.33097163,0.8955328,0.52064127,0.65112996,1.9791067,0.8450468,0.75246006,0.717671,1.4325279,3.8630116,0.3957769,0.20565307,0.9566432,0.42862666,1.5669247,0.36381307,0.24104917,2.0958755,1.1604861,0.2814385,0.93008024,0.020022066,0.910889,2.6598074,1.3479137,0.8691812,0.28288966,0.93743217,0.7668007,0.95039016,1.9303616,0.45128444,0.7858201,0.74895483,1.7870367,1.9486787,0.37762967,0.10749973,0.31352907,0.26501498,0.30722588,1.3389792,0.6541916,0.47322938,1.3520353,1.0591362,0.1896876,0.7165576,1.3275986,1.034072,0.48783866,0.40166917,0.49853164,1.0022984,0.65546775,0.31374696,0.18814373,0.067070216,0.24864213,0.6485278,0.2724914,0.20056458,0.16720141,0.42417172,0.32893032,0.027815297,0.50865364,0.7041507,1.0815792,0.4564669,0.5725946,0.8003123,1.4713371,0.50316274,0.5025699,0.50695974,0.69784886,0.29795393,0.38343406,0.048505336,0.18206291,0.7841205,0.13432032,0.13376535,0.44552162,0.45018035,0.5037312,0.81078297,1.7229863,1.5033754,0.99157214,2.2716782,0.846414,0.07343766,1.4819987,1.5304321,0.4408669,0.40891165,0.28117248,0.061980776,0.45411542,0.7529763,0.4882385,0.5692282,0.021238089,2.0245855,1.1740587,0.43153533,0.6644385,0.27231833,0.5581025,1.1033674,0.1798265,0.30333433,1.2137048,0.8268504,0.39701313,0.7793819,1.8430257,0.0,0.20281935,0.69863,0.30094376,0.8772705,0.23785692,2.222301,0.53805476,1.1901449,1.1282327,2.406068,0.0713369,0.24299158,2.3909876,0.35252544,0.81604534,0.47964072,0.069041155,0.7850682,0.58033,0.5021548,1.4713435,1.0105685,0.4145771,0.06340695,0.7143123,0.88011616,0.52756894,0.20386264,0.23159243,0.05921097,0.76732874,3.1273055,0.7769532,0.51002276,0.71476287,1.3175377,0.65727186,0.4221265,0.2705074,0.80959445,0.52525973,0.80402076,0.7761271,0.37762293,0.05346489,1.8005047,0.1817231,0.921969,1.4758734,0.19890922,1.04075,2.3656702,0.12492635,1.3110058,0.5421905,0.75160164,0.4949475,0.40491027,0.1914325,0.23983085,0.10176901,1.0516775,0.6672613,1.2049911,0.18255058,1.0908444,2.1150858,0.43864673,1.4782805,0.2938715,0.079013936,0.5768538,0.79211766,0.27432212,0.14528847,0.65767956,1.4884785,0.169326,0.6412963,0.8293692,0.6549693,0.105652586,0.14993156,0.13018656,0.14136952,0.90276366,1.9646767,0.066899054,1.6012802,1.3655779,0.7736436,0.6774733,0.37261537,0.23409086,0.87544614,0.55639607,0.1945152,all_pothole_images\pothole_images_enhanced_6a83ea653ba180c60165230480c92e81.jpg
0.44206974,1.5619159,0.31474152,1.8742274,0.6302164,0.42328888,0.35050115,0.29844224,1.3141384,1.330811,1.228543,1.4675565,0.42393103,1.797931,0.16526085,0.61984515,0.120118275,1.3939974,1.5168276,0.20779908,0.4627547,0.05412197,0.21274751,0.2927096,0.1836171,1.3811533,0.002378367,1.4365306,0.05688291,0.4434937,0.31773993,0.28932893,0.48938143,0.8988849,0.027054947,1.6741503,0.16089207,0.97823423,0.89871705,0.061063852,0.8810908,1.7927634,0.40093052,1.8450485,0.65854883,0.17191747,0.4933806,0.1699042,0.41222808,0.8377226,0.4832945,0.22689351,0.13966508,0.06702101,0.58434385,1.9834402,0.40431148,1.5818471,2.071456,0.29063582,1.4547627,0.6860012,0.6271952,0.36808872,0.37208962,1.1358134,0.59138733,0.93264836,0.07055932,1.6001812,0.4243529,0.12698944,0.306763,0.64914227,0.5107484,0.27167365,0.6311277,0.90371764,0.25223938,0.18267779,1.536816,0.4016387,0.24753287,1.6144798,0.30010587,0.36156267,0.0092979865,0.0,1.2868567,1.4024988,0.45923644,1.5413945,0.31124386,0.994426,0.9431515,0.8683637,0.18689705,1.6284475,0.45591584,0.031226235,0.31763956,0.5845812,0.0803718,1.0312563,2.5591443,0.27058348,1.2823447,0.13410424,1.5709605,0.046859287,0.3856573,1.0029821,0.851879,0.19947746,1.3827866,1.1807387,0.18454196,0.948158,1.1380951,1.2483689,1.2742019,0.0010071094,0.16799659,1.5726324,0.99613076,0.46986732,0.21268621,0.6413427,0.49250266,0.7718226,0.16256925,0.028569086,0.876157,0.23204343,0.607888,0.8973186,0.68136203,1.3401734,0.13332371,0.32681128,0.45466986,0.12452105,0.31281188,0.3230265,0.18578607,0.4100464,0.949132,0.4796306,0.1847634,0.37894747,0.9403131,1.5060326,0.36975816,0.8290871,0.07404511,0.92281175,0.40774184,0.050119128,0.8219851,0.45493755,1.1898428,1.0133775,0.8627091,0.8362166,2.1721783,0.37960398,0.04397714,0.5067752,1.104411,2.3494668,0.50591785,0.35687134,0.15112446,1.6989244,0.2894338,0.14604372,0.18130895,0.3581927,0.4598889,0.46912906,0.0,2.5289083,0.837,1.5508419,0.9704413,1.5596355,1.569421,1.6654801,0.7257049,1.1280178,0.2118165,0.49004865,0.66854066,0.5443156,0.73115396,0.04789107,3.8143802,0.8652457,1.5005633,0.100081444,0.06801891,0.9926001,0.08510165,0.36548507,0.7625501,0.31533253,1.1099364,0.9856805,0.9512142,1.3187408,0.012621939,0.004052902,0.7229323,0.3817536,3.1526713,0.7504655,0.033219337,0.6953757,1.1516085,0.2170586,1.2100741,0.54689825,0.73232704,0.38341126,0.11581762,0.21824217,0.92781156,1.1517558,0.4770288,0.22323146,0.17374939,0.9131995,1.0556313,0.6822345,0.57625616,0.09805438,1.609145,0.4483001,0.17376557,1.4833401,0.4000412,0.22285253,0.024314983,0.64416134,0.27089542,0.5942445,0.6994387,0.008914878,1.8164101,4.584131,1.3272483,0.41173357,0.26953092,0.6745578,1.5360386,0.9265053,1.2531652,2.8155751,0.35800403,2.0369647,0.2758263,0.05609918,0.1798221,1.3433452,0.056982618,0.30492458,1.364974,0.29571995,1.6365775,0.12653032,1.4996518,0.22278742,1.4957895,0.22153564,2.9805322,0.51337224,0.011365994,0.41871163,0.2179732,0.8810609,1.3331945,0.82411224,1.1089894,0.26301587,0.25764677,1.3684784,1.1942031,0.06685808,2.1647675,0.54468614,0.08918894,0.27526364,0.14735949,1.321252,2.4352365,0.05849825,0.26736906,1.4326106,0.13965365,1.7277671,1.0341051,1.5074857,0.977561,0.33866996,3.2160645,0.54282904,1.1949962,0.4016304,0.9120946,0.16382833,1.7215953,0.7444,3.8888643,1.8627465,1.0240196,1.5078384,0.5352924,1.4403266,4.215528,0.3379317,1.2625421,0.06519999,0.3394393,0.4872195,0.030924022,0.42692658,0.16353817,0.0002796692,0.09357402,0.6483204,2.332546,1.2260393,1.1046426,0.99626845,0.09147947,0.50270474,1.8459378,1.521056,0.88215387,0.61195564,0.8614278,0.6793742,1.1317255,1.3916783,0.7266872,0.12592773,0.5332188,0.31333822,0.005882768,1.2015818,1.4228573,1.2401184,1.6435786,0.18412513,0.20236418,0.3562945,0.15026379,1.7433279,1.0443197,1.740863,0.9233864,0.71823156,0.8596798,1.6577456,0.009694084,0.85491437,0.37033173,0.111124836,0.6110424,0.8203953,0.7005842,0.77989453,0.593317,0.65305656,0.44440654,0.49321964,0.22254092,0.876069,0.66396713,0.3260416,2.4553196,0.17322594,0.58990026,0.2015199,1.3309437,0.19193079,1.1194973,0.060651653,0.82357275,0.9083438,1.0720916,0.36114645,0.030416941,1.0506375,0.04375026,0.25942063,0.8018996,0.48118317,1.3154583,0.01437011,0.5644464,0.20092204,0.6871056,0.025489833,0.9627368,0.19316766,0.31427756,0.31858602,0.05350442,0.100982934,0.93788594,0.24417055,0.07392072,0.27096602,0.6955429,1.534576,0.7636117,1.0443298,0.267531,0.3180729,0.48938066,0.7914684,0.39129677,0.40348783,1.3837872,0.10031017,0.62984174,0.06962466,0.33609506,1.1442832,0.17627893,0.17447697,0.14120187,0.10562688,0.20880966,0.9566904,0.32155374,1.476115,1.1642454,0.71185863,0.6440334,2.5642989,0.80542475,0.06881094,0.08686702,0.03871708,0.10484932,0.48399687,0.07257334,0.90842843,2.5621996,0.12749343,1.1125365,2.1220572,1.3607193,1.3342015,0.7750174,0.84910023,0.2450651,1.1166981,0.64568406,0.21563734,0.9226468,0.08749512,0.64380854,0.58137596,0.018961802,0.0,0.19679777,1.3046893,1.0513743,1.3054725,0.32561797,0.05650492,0.6842106,0.24135496,1.8085364,1.0747029,1.541663,0.36441436,0.04110491,0.71063447,1.1441083,0.9857374,0.4801097,0.42577353,0.5782519,0.17175496,2.228701,0.004628872,0.12145128,1.0110626,0.56074756,0.5534182,0.10860472,0.66434383,0.15459098,0.069807634,0.82382315,0.22107811,1.7064464,3.9337204,1.1665583,1.2894104,1.5377011,1.3191377,0.8154696,0.40915897,0.76356876,0.6671092,0.0,1.5113752,all_pothole_images\pothole_images_enhanced_6a9060d34480631bab9206a544dc22df.jpg
0.07866341,1.8448018,0.5390699,1.5569062,1.2531829,0.7274936,0.65030396,0.13919355,0.09130822,0.9432518,0.16108789,0.3993083,1.0338923,0.6059742,0.8877159,0.19984117,0.21332112,0.027656756,0.6622942,0.9132594,0.6832713,2.5940607,0.88740146,1.4138749,0.47796845,0.87093025,0.3245529,1.1966999,0.84506845,0.4154511,0.5488722,1.062082,1.2092499,0.11114453,0.9137887,0.90579224,0.45678446,0.21597601,0.03007719,0.83388984,0.0,0.0,0.5650684,1.6349123,0.3291428,0.17243318,1.1923225,0.33364335,0.0002563289,0.6628421,0.0315177,0.8001939,0.34917527,0.2619045,0.46663597,1.1192604,3.2990427,0.0712184,0.2435964,0.37825564,0.6566715,1.4778836,1.040071,0.05810284,0.05121524,0.76123416,0.3398885,0.9065466,0.3244466,1.5000851,0.54279107,0.208372,0.119231574,0.1668725,0.56908005,1.7052213,1.0884839,0.74730664,0.31098002,0.7212518,1.0399721,0.2519647,0.02884586,1.9403166,0.7787588,0.60075164,0.595617,0.14740646,3.8106751,0.20088238,0.08018494,0.9609584,0.12276348,0.049986716,0.42543858,0.02905017,0.013654643,0.52256525,1.6330383,0.6596932,0.069310695,4.5829363,0.10208915,0.01927038,0.16844605,0.46701947,0.08538572,0.08705695,0.02742051,0.7773557,0.42697462,1.0851103,1.2279836,0.18211976,0.63753897,0.9356291,0.7415879,0.20572343,0.9069164,0.7276955,1.4660208,0.5780365,0.6469191,1.3341908,0.27229333,2.3551486,0.9353911,2.0245025,0.6975001,0.28819007,0.69806147,0.0060811876,0.84357655,0.27108756,0.996955,0.36614335,0.45933756,0.97210515,1.1365547,0.8863116,1.7616844,0.31553528,0.64251965,1.3596969,0.95340633,0.40145212,0.15621491,0.031473543,0.443106,1.7227648,0.9719387,1.0788541,0.0724733,0.4807666,0.9962854,0.64327824,1.0715222,0.13932393,0.31749356,0.8334446,0.9403222,0.48825163,0.07768172,2.7932386,0.056086205,0.090968385,1.0453705,0.29062247,1.5914377,0.042386387,0.33099294,0.0,1.1572611,0.39200458,0.5443354,0.0035594446,0.45219383,0.0,0.17551705,0.31243744,0.97373134,0.62360764,3.004288,0.9483829,1.4381108,0.051472027,0.11707288,0.61462146,0.30169475,1.1422048,0.31138209,0.4701735,0.4117703,1.5426618,0.0,0.43287727,0.0083127115,0.11609991,0.0042341785,0.8313296,0.4749189,0.90058273,0.5269107,0.6141714,2.3323438,1.2756673,0.3976736,0.3908615,0.13505976,0.38833582,0.5281453,0.89072883,1.3204129,2.1209533,0.95782876,0.7559448,1.0698144,0.058834583,1.3386685,0.06704612,1.4906846,0.005201752,0.0069672028,0.15500909,0.019866493,0.28158087,0.7674487,0.11657896,1.1952658,0.05044896,0.7935818,0.58599526,0.13218017,0.12409251,0.4135369,0.01923476,0.66869926,0.07593608,0.011601464,0.12785307,0.3143295,0.00027337746,0.22914496,0.24528767,0.16955441,0.0,0.65378976,0.039583173,1.4619254,2.7914298,0.5720619,0.2548383,0.52566844,0.30832756,0.30464178,0.5928299,1.0324496,0.0,0.99815196,1.7410108,0.099225685,1.2407523,0.07363904,0.061333146,0.2461051,0.17888488,0.013346382,1.0224701,2.0030649,0.39827985,1.1234341,0.022910558,0.48245075,0.5381362,0.2626137,0.6241269,0.7601453,0.67078143,1.4043586,0.91732514,1.5806214,0.0426941,0.10917285,0.5366498,1.3312163,0.32177907,0.35197768,0.27788797,1.006517,0.29060885,0.38333806,0.39366776,0.12175403,0.36064243,0.4206224,1.4231089,0.43538353,0.102374695,0.35687107,0.7737329,0.18728021,0.35429668,0.28648025,0.71848893,4.841718,0.55643755,0.21508637,0.561792,0.40224272,0.58023655,0.19332115,0.7707968,3.213953,0.55424076,0.11255716,0.8309655,0.19057077,0.57888883,0.4229609,0.07123239,0.0063640326,1.1174988,0.10868317,0.35148662,1.4293611,0.53607726,1.2659004,0.18242773,0.875231,0.52418894,1.7483598,0.44459146,0.45125422,0.48547223,0.116545014,0.0818123,0.4284249,0.1510818,0.0933395,0.30199015,0.7476604,1.1470636,1.5118505,0.050329313,0.892349,0.023744566,0.32702857,0.0,1.0410229,0.110862955,0.9877185,0.3167322,0.46618125,0.67961323,0.053090386,0.26816198,0.173606,1.5292183,0.27127475,0.36555424,0.0,0.052655224,0.09354056,0.6487638,0.0,0.1235968,1.543413,0.22461396,1.0080062,0.015828691,1.6235778,0.4165347,1.0845448,0.47396958,1.4218241,1.8726224,0.13109669,0.49721393,0.3471894,0.036079757,0.0052963444,0.15545383,0.7115112,1.187016,2.5901616,2.4407618,1.5036459,0.011538618,1.3582097,1.4534278,0.5146245,0.6690697,0.4116196,0.20299588,0.16778237,0.14898121,0.18557271,0.0,0.1473323,1.0839708,1.4130851,0.5874721,0.05313885,0.97464687,0.15275553,0.013293506,0.060510527,0.6677651,0.01946057,0.37620166,1.2966672,0.13715355,0.61601704,0.08403836,0.958356,0.75730395,0.6705214,0.56615597,0.7940867,0.045136664,1.7976285,0.688636,1.5067403,1.4071873,2.8575933,0.5167568,1.0064267,0.25290784,0.3776928,0.7379144,1.8780738,0.012981213,0.27811623,1.8416204,0.30698958,4.7740393,1.0066106,0.41390482,0.00026003586,0.13279401,0.78576255,0.34776813,0.045163266,0.28334886,0.22369385,0.20925009,2.1869085,1.0436822,0.5604781,1.6896623,0.10853337,1.3458753,0.8104037,0.19469903,0.48062885,0.82049286,1.6569549,0.59711266,0.30430892,0.43080017,1.618538,0.010961926,0.30310312,0.9567004,0.8708512,0.49518046,0.3040913,0.25380477,2.45984,1.9220955,2.2443857,0.4232285,0.8087608,0.39026856,0.41711465,0.25484064,0.010667364,0.46543095,1.8230326,0.09161334,0.90533614,2.166492,0.31272396,1.3311726,0.023790129,0.013491387,1.9868827,0.27043602,0.016297245,0.5301427,0.38375807,1.130986,0.45348743,0.012561612,0.006409071,0.19175561,0.022293516,0.23429868,0.119046494,0.0,0.18968159,2.5987604,0.104843505,0.6344662,1.5508785,0.31753373,0.0,0.46138525,0.09721471,0.08361451,0.7071035,0.59673613,all_pothole_images\pothole_images_enhanced_6a9463b4fc542d694ab1b86606ce1360.jpg
0.16025418,3.0634105,1.3960953,2.2043815,0.99174184,0.89331925,1.7038337,0.04518296,0.07416542,0.4849649,2.2580407,0.88383216,0.64121515,1.3886174,0.60280764,1.3981181,0.113158785,1.7870517,1.0570365,0.7655634,1.81293,0.9656706,1.2684715,1.65636,0.98656285,1.4561739,1.4497805,2.0860307,0.9861165,0.48790997,2.200738,0.1624209,0.2560776,1.1010624,0.97266084,1.6658132,0.7214781,0.23531075,0.14298476,0.1601278,0.15401913,0.090828426,0.48271522,0.6537181,2.173547,0.261383,0.45736122,0.14154704,0.70459265,0.5568636,1.0075111,0.68172926,0.7182244,0.6469545,0.676253,0.743275,1.0857787,0.54441243,1.1672057,0.10975892,0.28579852,1.0849864,0.6677674,0.6626999,0.7768148,0.47812232,0.56914836,2.6390924,0.0918397,1.4460613,0.8030836,1.1861746,1.1026224,1.9132812,0.12402678,1.5828172,0.19965576,1.3535662,0.14228712,0.07343208,0.5634665,0.14783196,1.5070297,1.0325518,0.7344073,0.984296,0.67734504,0.67276454,3.9715526,1.1561055,0.45636588,0.7588052,0.82902396,0.08443448,0.2899163,0.34724864,0.20605947,2.072035,0.51640356,0.036919616,0.31508806,1.1897287,0.46308112,1.3949602,0.19334234,0.41934273,0.5562171,0.37202454,1.6026001,0.90852207,0.32471165,0.7850887,0.5565197,1.1076088,0.71690834,0.91807634,0.3823591,0.99530137,1.5019197,1.5997115,1.4160172,0.80050534,0.6220793,0.8443128,0.38408864,1.6128261,0.07101995,0.53864473,0.5479345,2.2497294,0.4452537,0.00047073644,0.5994186,0.43839577,0.2945131,0.2643742,0.6525711,0.18827543,0.16626868,0.091342896,2.0855305,1.6731514,1.219885,0.9619193,0.17180124,0.40130565,0.14873767,0.09907919,0.7027705,1.1725222,1.2983464,1.2910341,0.5556496,0.08309052,1.4043046,0.9136566,0.82142717,0.5096728,0.22705962,1.0296824,3.2640111,1.5343859,0.66798896,0.51358265,0.16842584,0.006079297,1.5324588,0.53406173,1.3216954,1.4505061,0.6925209,0.087172344,0.97454107,1.7428713,0.40141946,0.66422224,0.8320741,0.033780392,1.0888311,1.229612,1.2410157,1.1950074,2.4030082,1.156094,1.9139559,0.14456315,0.78828835,0.47657222,1.4702282,1.8491899,0.21465921,1.3802775,0.43392235,1.3349606,0.19061975,0.078653745,0.4537107,1.3336052,0.6547643,0.5530967,0.18868199,1.2996609,0.040562976,0.52375203,0.5712745,1.051144,0.5492804,0.63063186,1.8171679,0.6155786,0.10716842,0.6437979,0.43665305,0.70119995,1.535174,1.1676251,1.9390597,1.36892,1.7576126,1.1216171,0.0646229,0.10264506,0.77735704,0.568456,0.59068483,0.09288521,0.3782585,0.3043682,1.1615993,1.3338509,0.15531388,0.16874912,0.63877255,0.37489527,0.9190797,0.5780324,0.35867846,0.7277491,0.16045602,0.23319782,0.17562485,0.25854853,0.84641033,0.12747678,0.16909161,0.9920174,0.9006234,0.26640493,1.1272534,5.766817,0.6065096,0.17329001,0.41415343,0.34856814,0.14686108,1.1008037,1.3876513,0.54363096,2.5612857,1.7531698,0.4821306,0.32694295,0.93250275,0.15500185,0.7882301,0.9500378,1.1003591,1.4984,0.61262804,0.12105466,0.79550284,0.15017945,0.4224044,0.96883374,1.6014776,1.8653677,0.9108354,0.03459436,1.1583459,0.87361807,2.3270483,0.016069032,0.73186696,0.70848453,1.6965052,0.6984101,0.16139752,0.7620629,1.4602269,0.7769381,1.0370961,2.3443196,1.4250052,0.82621473,0.46184772,0.75992125,1.6873622,0.5765063,0.57059044,2.8064852,0.52887917,1.6900865,0.029084953,0.51660764,3.9272006,0.48348498,0.05932507,0.5347921,1.5174257,0.50559205,0.8164907,1.605646,4.1637335,1.6698259,1.1230996,0.9673076,0.78669316,1.1009228,2.027068,0.8831749,0.76630354,0.0,1.074192,1.8477117,0.7378109,0.57453865,0.5769682,0.817313,2.2523527,0.6587196,3.2397044,0.84718156,0.26799238,0.22935525,0.6904729,0.029956032,0.5959836,0.76481104,0.6274769,0.41372454,0.9561944,0.18346366,1.1866527,0.12672742,0.4630876,1.243301,1.5121868,0.28431034,0.33693045,0.14225686,0.73121345,1.839963,0.32700825,0.5516892,0.3221312,0.9251661,0.9038907,0.1691631,0.5916819,0.9484888,0.6219289,0.05076458,0.3983378,1.6618552,0.07804356,0.86463827,0.93046784,0.543103,1.560493,0.554738,0.10188599,0.96557236,1.061552,0.71609545,1.0937467,0.8239444,0.46859163,0.24044359,0.69708794,0.62335247,0.6411968,0.7876947,0.55864024,1.0404103,2.6252055,2.1539624,0.98948526,0.98215306,0.67929584,2.1381192,0.9415922,1.1043098,1.3036208,0.34975514,0.16434783,0.15287922,0.2822054,0.59830385,1.1131337,0.9266074,0.42047578,0.7129484,1.4407014,0.998349,0.25407636,0.972196,0.6632596,0.86681473,0.38452274,0.5409251,1.2792912,1.600132,1.3451492,0.36880305,0.3220528,0.7397176,0.70989597,0.60165733,0.55289096,0.3951117,0.5793448,0.10221664,1.8575124,2.5049345,2.18367,1.7605063,2.3568423,1.0934702,1.5225892,1.2194036,1.5872672,1.1593931,1.3008245,0.6539621,1.1578285,3.132245,2.4509292,1.6280423,0.10607005,0.019746648,0.7076187,0.3223054,0.017764552,0.7082275,0.67806447,0.9391747,1.4457263,1.3465782,0.70837134,3.0236201,1.5632601,0.7141296,2.1553972,0.74767464,0.8742101,0.9415182,1.2094828,1.0032359,0.3946161,1.5282015,2.379802,0.6377103,1.4165962,0.77194846,0.7427343,0.7793856,0.19796978,0.22783427,1.6537195,1.4458547,1.7797898,0.2784053,0.5056985,0.5608143,1.6137732,0.15781784,0.62289643,0.6096067,0.6679391,0.1482732,0.6727408,1.1597085,0.2839878,2.3841472,0.2953425,1.3200401,0.57517946,0.2583183,1.6567299,0.19326057,0.09356337,2.1127026,1.0659685,0.86518514,0.088240094,0.36680755,0.39729962,0.055509917,0.43985412,0.7083288,0.46453682,3.9773874,0.2699036,0.5528678,0.7997788,0.5455511,0.22688888,0.34845275,1.0735162,1.3216136,0.062142737,1.1043763,all_pothole_images\pothole_images_enhanced_6ac7eb6bfe2757ad0e68c93e2134c439.jpg
1.2819449,0.09853084,0.8467413,2.7659793,0.58204126,0.9302214,1.4421866,0.51103324,1.3605506,0.7367158,0.19252124,1.6458606,0.0034967074,1.9727931,0.12534086,0.40055674,0.0,1.9373916,0.41705558,0.09496385,0.4126708,0.27164438,1.4296722,1.0202179,0.9360458,0.20019932,1.6342183,1.2618526,0.77413344,0.25672102,0.081192434,0.53043157,0.83291936,1.1216458,0.3906652,1.8825699,0.38377234,0.8151116,0.382841,0.46623975,0.3551407,1.7536331,0.36613253,0.46134418,0.83068097,2.6641448,0.83487195,0.0027241448,0.5551419,1.3046545,1.3132753,0.81605124,0.26524726,0.39128357,0.17715901,0.5551452,1.3703538,1.0030295,0.66722476,0.3214564,0.44922778,1.091862,0.5978435,0.24778654,2.7821028,0.43192697,0.2428191,0.26477304,0.14039312,0.079136536,0.10153947,0.26500857,0.23782337,0.21121782,0.36551848,0.52179986,0.7063619,0.47523257,0.009052678,0.4011092,0.3550799,0.08218954,0.42861852,0.25511923,1.1908704,0.20042403,0.2724596,0.022651099,0.71777993,0.13038117,0.7861954,0.72067744,0.00064911554,0.1364911,0.33526647,0.15982828,1.6194657,0.60654575,0.1662247,1.0433513,0.17686646,2.9271405,0.76534957,0.5648566,1.6678395,0.24934337,0.57956684,3.1892507,0.7960059,0.47027552,0.45471394,0.19624051,0.21845978,1.4471534,0.5897675,0.9164066,0.43254027,0.09390746,1.1533225,0.8150986,1.3673302,0.4142604,0.74931514,1.7218924,0.40560314,0.24792907,1.0345438,2.163019,0.7279973,0.013637853,0.3365684,0.9115006,1.1628894,0.70765513,0.056313857,0.37415305,0.12656169,1.7618738,0.30293578,0.013231469,0.8668926,0.7049772,0.2994358,0.59007823,0.3908205,1.3208873,0.8664739,0.9407607,0.25062612,0.26496533,0.13502277,0.21542342,0.0533316,0.31903094,1.6690743,0.5711862,1.6135403,0.112979576,2.6398401,0.5264212,1.7576356,1.6495676,0.5985735,0.37802193,1.8718542,1.6307611,1.4942552,0.786279,0.7959321,1.85562,0.3126398,0.31919086,0.008556687,0.11809168,0.11180615,0.3275187,0.067135826,0.00092118944,0.9041253,0.49272397,0.005052156,1.9061798,0.7584736,0.86535496,1.183129,0.1262733,1.5909318,3.182941,0.34357497,1.2289294,1.0514442,0.45343864,0.42528167,1.7740601,1.591649,0.21844764,3.271791,0.9340211,1.8540629,0.08826368,1.0206991,0.86119086,0.48801383,0.040476512,0.39042598,0.48420435,1.5940166,0.7863259,2.713917,2.02043,0.056468826,0.08431343,0.27762,1.0013405,2.6635947,1.5136935,0.3553103,0.43295813,0.08321756,0.4878199,0.9428914,0.10617049,0.8390452,0.001351359,0.5369393,1.5433705,0.20807223,0.029552825,2.2853518,0.07493875,1.4540552,1.333957,0.14933467,1.1835355,1.0525037,0.009259819,1.6068487,0.16652712,0.9369943,2.68904,0.15755634,0.09216401,0.18157682,0.29106742,0.58859617,0.30561128,0.13076125,0.5495225,0.67945385,4.326366,0.2674724,0.89570385,0.038281363,0.6198056,0.27069795,0.38185343,0.5539794,0.4942651,0.7016075,1.9647502,0.7305917,0.20033778,0.008383109,2.1808598,0.0023361046,0.03313729,0.26799417,0.5082444,1.2919124,0.15545411,0.5558651,0.00970942,0.20792961,0.42979214,0.56601137,0.1277676,0.59205127,1.2569926,1.1986903,1.2068421,0.12741679,1.2388184,0.13695045,0.7505224,0.010202069,0.8474275,0.5901541,2.5069673,0.38769293,0.51003927,0.9937719,0.3367083,0.3994005,1.0028088,0.15547848,0.44822913,1.6813025,0.21281931,0.6093583,1.5702153,0.16168335,0.43058002,0.41075146,0.34789672,1.6511314,1.1474229,0.17617063,0.08159347,0.016358236,0.85601914,0.6825083,1.1388713,0.91360325,1.7867389,2.6315567,0.18978776,0.011609555,1.0318094,3.2240849,0.30290163,1.3033439,0.218012,0.44617328,0.25462568,0.09850131,0.7497889,0.042969376,0.7004824,0.55800205,0.61048657,0.8839318,0.0067886254,0.31770533,0.11828262,0.70447797,0.019010305,2.674206,0.099061534,2.737544,1.2114275,0.8610563,0.36796805,1.3889447,1.5263053,0.19044812,1.1804888,0.562692,0.9915834,0.049312748,0.9494113,0.72861075,0.002879244,0.72421247,0.18309066,0.7049012,1.0932612,1.2128046,1.1006573,0.11483791,1.3038725,2.2549753,0.93336535,0.34826368,1.27985,0.80435103,0.68052876,0.40686595,0.13668962,0.88813424,0.55440354,0.86801744,0.051890515,0.59810996,0.45104015,0.38667235,0.22559555,0.54952234,0.32658035,0.47253665,0.20647551,0.64977187,0.22412351,0.5351694,1.0776869,0.4766329,0.44228265,2.2671127,0.21037091,0.7943429,0.93386644,0.11332757,0.10781828,0.3554146,0.30476817,0.008680751,0.9846579,0.2601788,0.6725856,0.3185139,0.08160419,0.20427825,2.941934,0.20749068,0.016371189,0.6928552,1.0530926,0.969838,0.19103,0.25863218,0.08242557,0.98812747,0.6520905,0.089914165,0.5644087,0.13226026,0.16868025,0.7078891,2.2758129,0.9262712,0.37505242,0.307397,0.66384655,0.4435814,1.6452682,2.1622448,0.1603266,0.21386567,1.5302883,2.5935104,0.757172,0.14249489,1.2591988,0.47255376,0.543615,0.5815906,0.35913777,2.687078,0.6364035,0.612268,0.96920353,0.935387,0.6934503,0.2907785,0.06450247,0.37193844,0.01014557,0.20974644,0.12599918,0.67954624,0.7314889,2.190004,0.5016933,0.5226677,0.28317988,0.13229755,0.2292049,1.6342901,0.02920723,0.28234348,0.8657934,1.5313072,1.5390136,0.4261191,0.4984299,1.1733243,0.28242707,0.10451963,0.35957986,1.3307312,1.7357388,1.0026039,0.82765365,0.0,0.7267804,0.14458553,0.00083430135,2.8982387,2.683661,0.31094852,0.056663204,0.31086692,1.9019573,2.3744202,0.81852627,0.012733144,0.4944418,0.30526912,0.07304158,0.961323,0.6717888,0.32834435,1.9458258,0.109796174,1.1289723,0.51537675,0.104011126,0.67460716,0.10367985,0.0,0.22197719,2.1185944,1.2680041,0.26314786,0.15665664,0.520473,0.7837238,0.5716104,0.0,0.4616748,0.48346457,0.28586668,0.009950235,all_pothole_images\pothole_images_enhanced_6b0a9924ea84cb170774d66f66b33381.jpg
3.4100137,0.4310564,0.12548074,2.136826,0.79289275,1.7556264,0.9210857,0.0,0.03724013,0.37316778,0.3985834,0.52061635,0.082868166,1.646022,0.19009152,0.27513203,0.5761997,0.00039797826,0.7568733,0.10924857,1.4315668,4.183017,0.31963816,1.9214453,0.5319553,0.80395746,0.00151962,1.4988832,0.4554895,0.5700116,0.60799444,0.2523434,1.4869531,0.5977954,0.09668823,2.6686585,0.9462744,1.3294649,0.99177885,0.7244701,0.4297229,0.013963806,0.07116812,0.14853792,1.9040788,1.54294,0.11767247,0.2935037,0.46788538,2.398099,1.0812291,0.0071363687,0.5784816,0.36989325,0.0,2.7278192,1.239179,0.51982194,0.24405222,0.3447448,0.0,0.43013224,0.36877543,0.66598636,0.7089463,0.7729882,0.6573351,1.9749366,0.54025024,0.27320358,0.32084775,0.13490476,1.5773988,0.69802904,0.33854803,1.8211616,0.28906518,0.5510574,0.34680155,0.13394907,0.70998204,0.52168727,0.4697767,1.4645987,1.206123,0.1840084,0.13084921,0.5513038,2.6662023,1.2169441,0.31901857,0.31132323,0.25747278,0.059527084,0.29343635,0.056441218,0.92493004,0.48768964,1.3180791,0.0627921,0.5023353,1.4186658,1.2521995,0.09800693,0.071458496,0.009488484,0.13068828,1.2445805,0.12353218,0.19419163,0.00020215113,2.9382985,3.1239948,0.8272915,1.0985727,0.81832993,0.9816806,0.10108557,3.1430352,2.3646066,1.7074585,0.45411423,0.017070431,0.30636194,0.111630104,0.8652965,1.0694778,1.8235929,0.08326577,0.30769914,0.46127325,0.0005651286,0.027064303,0.23261023,0.23204753,2.0810611,0.23008054,1.9375781,0.32668608,0.9296538,0.18915108,0.15384087,0.07667244,1.1684071,0.20023383,0.17665662,0.7112078,0.7923694,0.89170253,0.02063007,0.40223923,0.3295161,0.05902466,0.014319217,1.8627291,0.6247277,1.3584671,0.6172869,2.5542784,0.3069758,0.48928452,0.6379505,0.2578614,0.5827729,0.08668435,0.67007935,0.5153202,0.03688036,1.716636,0.34243473,0.30089802,0.008583805,0.03358334,0.35273984,0.44079426,0.01991832,0.95327103,0.012816888,0.5920067,0.004931714,0.056260653,0.95656055,0.43588758,1.6888423,1.4179729,1.4975141,0.98842496,0.2629889,1.6289887,2.357905,0.24302076,0.16979638,0.0,0.6359952,0.6949022,0.48782372,0.09019626,0.9727093,0.7789097,0.6969559,0.17018534,1.343951,0.49528375,1.5257185,0.71668774,0.2736641,0.50086576,0.033065833,2.4305694,0.1341497,0.21946153,0.05442558,1.3964297,4.272473,1.9425259,1.207261,0.38369638,0.035070676,0.49761152,0.5249614,0.63213897,0.55820507,0.9497089,1.3424053,0.0050106295,0.14694531,0.86893386,0.09274599,2.4779322,0.2575367,0.51043284,0.28388327,0.9988981,0.79311496,0.58834356,0.38158736,2.3429623,0.117276646,0.0034113987,0.017659286,0.35822046,0.35854962,0.14251187,0.029228967,0.028534358,0.1978269,1.2522458,0.5996648,0.6226181,4.969975,3.1570306,1.2526723,0.5519775,3.108587,0.034389414,0.79428893,2.9434185,0.2484156,0.3755959,4.7916436,0.013530412,0.23084214,0.7415357,0.9360574,1.9500169,0.53071845,0.08975457,0.62297916,0.6705236,0.23259291,1.4182073,0.51689655,0.0508877,1.510261,1.7827944,0.3779468,0.9149277,0.08961744,0.026504274,0.24555044,0.3988971,0.27479377,0.8181618,0.23504245,0.04687616,0.8943223,0.8973225,0.25897062,0.43839,0.04642846,0.20053694,1.04617,0.13162248,1.4418437,0.1573253,0.41385004,0.07409635,0.7780957,0.21581315,1.4645498,0.07477776,1.1000377,0.07399645,0.8167905,4.9479504,0.8059956,0.09614647,1.0737685,0.25900882,0.016402444,1.7478342,0.29805106,3.0894694,1.9249829,0.48651913,2.3350875,0.027354347,2.0986814,0.65475374,0.025101583,0.36941877,0.03200727,0.42135385,0.47430402,0.14813235,0.17160383,0.85742325,0.15696262,2.5880818,0.16822542,3.4092746,0.466705,0.26308668,0.30637473,0.0010495209,0.24588321,2.0924482,0.08454437,0.026403563,0.3647269,0.67001086,1.253602,2.8418062,0.05322176,1.2537917,1.321939,0.34673604,0.00779119,0.7217149,0.71611005,0.34708905,0.5022468,0.30283287,1.679168,0.9609946,0.59070814,0.15985237,0.19787979,2.2351758,2.2804477,0.33325198,0.82612824,0.35055828,0.59212065,0.0,1.3366023,0.91454095,0.010879783,0.108756036,1.0801673,0.76501244,0.053061362,2.5178976,0.14603111,0.61291754,0.52581686,1.2144831,0.053840082,1.7620428,1.1193916,0.7061347,0.06315247,0.3880427,1.3945583,2.7304344,0.352089,1.5382463,0.04684784,1.0692927,1.7572094,0.46749115,2.4288027,0.32873535,0.86491483,0.0,0.04194425,0.64741975,0.1004165,0.38480127,0.3319978,0.82110626,1.3858709,1.437224,0.029235955,0.86396676,0.56975746,0.8846889,0.57011414,0.09170857,0.3488288,1.130519,1.0535219,0.053840086,2.7490392,0.21858343,0.5238684,1.2766858,0.16233997,1.9411906,0.86658555,3.697254,0.9594673,0.70191914,0.23566096,3.6446173,0.4999611,1.1622051,0.24699734,0.21285936,1.7631761,0.43089792,1.199106,0.6687851,0.9104037,0.33132172,3.7415247,1.548658,0.6333029,0.5606191,2.4937034,0.35710937,0.2555562,0.17180614,1.0097525,0.9198484,0.19113281,1.2689922,0.5446355,0.14660922,1.2599844,1.3090706,1.4440681,3.0016692,0.8573635,0.9432482,1.2232504,1.109806,0.15217565,0.41719398,1.7534242,2.8673873,1.6284846,2.8115833,1.1365916,2.1454513,0.029446525,0.7516648,0.77246857,0.42334545,1.0043861,1.2808812,0.03832576,0.47576702,0.4861314,2.6479013,0.15625435,0.0036288456,1.1898397,0.72460455,0.99868554,0.52923936,1.6111172,1.661732,0.42571414,0.07824489,1.0421606,0.1587564,0.20792557,0.8461999,0.073208936,0.13123178,1.5343854,1.1935061,0.020243485,0.29742,0.080307364,0.81206,0.86683965,0.28915766,0.23593949,0.5902413,7.4894366,0.924528,0.0,1.9806387,0.7559125,0.032960605,0.6824856,0.34473768,0.5519348,0.3143805,1.2292755,all_pothole_images\pothole_images_enhanced_6b9c4a9d53da14f2f3fbde5e628657a8.jpg
0.3260359,1.4512051,0.1226836,1.772857,1.2494143,0.9630639,1.3188483,1.7882482,0.478244,0.36244938,0.8669801,0.5969806,0.2998778,3.040338,1.1509763,0.35772923,1.5792093,1.7738665,2.726945,0.93743616,1.2389857,3.3915203,0.82244223,1.9270159,0.789342,0.46253648,0.62938815,1.8965513,0.18842597,0.62716484,1.2569618,0.009064174,1.3352927,0.6510065,1.5953679,0.632626,0.09861609,1.1282179,0.3999516,0.9976973,0.47148404,0.15204811,0.49108607,0.1736334,0.9281209,0.40594947,0.60900044,0.31135082,0.028276024,0.9788231,0.9658379,0.27294546,1.618813,0.7682136,0.112881005,1.744741,0.0016062825,0.41825333,2.2325287,0.09164044,1.3271973,0.11618217,0.7313332,1.2581367,1.044007,0.9508587,0.44977957,0.29798603,0.5003977,1.9466596,0.3350198,0.5226101,0.41629726,0.2079979,0.2661232,2.1025407,0.17188627,0.72231245,0.029680485,0.00423103,0.8968446,0.74108,0.37930107,0.49954847,0.8270193,1.1167152,0.3121021,0.13809821,1.2759756,0.14606355,0.010442198,0.77816236,0.9446208,0.9351228,0.62743944,0.31049624,1.1016316,0.6620858,0.026257038,2.1645465,0.40784678,1.809937,0.86430806,0.5315783,1.085597,0.36650658,0.0,0.518782,0.017554747,0.19481565,1.0771352,2.0705433,1.6184175,0.31929895,0.07320491,1.2866007,0.37256324,0.60244036,0.3990174,1.5392605,0.87949556,1.4748838,0.5051264,1.793883,0.39996657,0.5617575,0.54980314,0.80743814,0.3674398,0.7085536,0.6186262,0.020452246,0.123546734,1.5804349,0.49379745,1.3068181,0.89630204,0.51483107,0.45016608,0.95809305,0.63769513,0.7906977,0.2337209,1.6079912,1.445988,0.4127209,0.47106385,0.93715453,0.45922983,0.301328,1.1042734,0.745706,0.089447975,0.39622855,1.568501,0.60643566,2.0609784,1.0377457,0.66404146,0.8492665,2.3432803,3.3034618,0.93849576,0.29116225,0.34502074,1.3315492,0.85039604,0.16906057,2.2397146,1.4079137,0.81519425,0.4296688,0.39364517,1.627444,0.39541486,1.1495637,1.4118934,0.37222445,0.44299877,0.06706067,0.8876201,0.7105307,0.66843927,1.9493971,0.7368592,1.1389803,0.3565243,0.035514005,1.0529954,1.0667436,1.4535408,1.5273355,0.041494,0.38200513,0.27626455,0.27055183,1.3960985,0.34629598,1.1924562,1.2543843,0.8941613,0.37719592,1.4190106,0.32277516,0.70306176,0.16437423,1.203411,0.10301706,0.6930314,1.6649104,0.62403107,0.3667636,0.9085636,1.8179492,1.9217145,1.6559786,1.0873483,0.8554853,0.90865225,0.8398972,0.67605,0.43601874,1.0476813,1.0806721,0.003319856,0.37192184,0.770106,0.7941396,0.6535559,0.64602494,0.27652758,1.2918385,1.83407,0.5283066,1.8350424,0.23624647,0.37954652,0.44879344,1.0690719,0.37505192,0.8332471,0.20496467,1.2551184,0.33758953,0.50930744,0.15577933,1.2395828,0.96614516,1.1193044,3.2504914,1.5595642,0.06285168,0.8847167,0.27615646,0.52279204,1.6026969,1.7956077,0.42798436,0.1563317,4.2489157,0.5147528,1.7304038,0.939005,1.2826916,0.012539535,0.54429424,1.4469953,0.36388364,0.59101015,1.0557301,0.89452654,0.60931927,0.49286956,1.0044534,0.40441266,0.4566989,0.85427564,0.37212878,1.4160118,0.6552264,0.67684865,1.6986971,0.92069757,1.3108526,1.9337338,0.6140295,0.35033774,1.2476847,1.186257,0.039268054,0.7743399,0.44440934,0.32700214,1.2334481,0.43159586,0.6195489,0.074458905,0.610199,0.34709123,2.387806,0.17402576,0.511575,0.7542352,0.20673314,0.4889021,0.49378708,0.3721839,0.61016,1.1019719,0.2338597,1.2868989,1.9720716,0.84727246,1.4502146,0.43191338,0.8859854,0.19605307,2.0889854,1.7570455,0.25711694,1.4748079,0.33035013,0.49762642,1.4520779,1.168591,1.8820237,0.2813625,0.70766276,0.3129822,0.7771512,1.2090949,1.3859576,1.0526125,0.6579562,0.65699065,2.2964878,1.6406733,1.830514,0.59096473,0.86087906,0.6813147,1.3166927,0.87741333,1.4375467,0.5622592,0.8272311,0.9487418,0.20857343,1.2073836,0.0891143,0.22506323,0.76979715,0.67436194,1.3717669,0.40953842,0.14053895,0.43136525,1.4975427,2.96577,0.49959424,0.91445047,0.02191397,1.1639626,0.7606598,0.05129323,0.26990128,0.5705806,0.50556767,0.123294875,1.6695791,1.0323558,1.1284202,1.5557089,0.36980182,0.81805605,0.49365616,0.86361647,0.2810827,1.746039,1.3484982,2.289319,1.3358114,0.13042283,1.1993586,1.9572186,0.47897154,1.2188895,0.32015324,0.16971903,2.909007,0.989842,1.1314305,0.15809685,0.91194636,0.11510658,0.077436365,1.6522142,0.24071206,1.264358,0.6214061,0.62210923,0.7493676,0.7369696,0.60806257,0.43018892,1.2877624,1.3258032,0.26659158,1.2357495,0.44389012,0.57613885,0.95969355,0.5720435,1.3479041,0.4486908,0.75648016,1.3874629,0.58819306,1.3055395,0.597042,2.5030015,0.67674875,1.6780127,0.48971912,3.451107,2.0959966,2.0715244,1.8696036,2.4710784,0.8468906,0.09366783,0.5772156,0.27959394,0.26540768,0.9000458,1.171917,0.38138515,0.8164908,0.57585216,0.9171121,1.5602666,0.13234806,0.09765002,0.79915243,0.24522524,1.401047,1.6140494,0.25211313,0.8924591,1.6101638,0.93256253,0.46568912,0.7026693,0.8990529,2.046447,0.60577875,1.816218,0.00589258,0.105197966,0.82434833,2.225673,0.13049814,0.6685779,1.1595018,0.5739477,1.5831395,0.47507128,0.842789,0.5950377,1.1354446,0.3233081,1.4952844,1.4936188,1.0080357,2.679173,0.09555375,0.14175688,0.11858118,0.89590687,0.6525259,1.8890635,1.002362,1.3565836,0.70630753,0.023510395,0.07411443,0.9856897,0.67599595,1.4401939,0.06886669,0.6939481,2.0342276,1.0955048,0.035755698,0.34906834,0.113219835,0.5427018,1.9764987,0.33912462,0.060174055,1.3022889,1.819368,0.6876544,0.23456612,1.5961515,0.6149193,1.0694783,0.43002376,0.050399948,1.5049304,0.36338508,0.17966259,all_pothole_images\pothole_images_enhanced_6bc665fdaad1317106f943175c4dc220.jpg
0.10913167,1.2804453,0.006226944,1.9262203,0.7096022,0.007245241,0.41899714,0.18407573,0.0,0.45293483,0.0056990883,0.11144762,0.014925764,1.3286271,0.06868562,0.010216357,0.59673214,0.69780123,0.26852635,0.42846242,0.19863911,1.5291758,0.39490876,0.67644066,0.35271037,1.0686153,0.9972327,1.6697388,0.10055151,0.29751602,1.182529,0.06020135,0.32980156,0.6833857,0.20804147,1.1195259,0.0,0.67831635,0.6019636,0.16579655,0.0,0.00010547772,0.022079462,2.9310155,0.98132616,0.21140277,0.0013388693,0.0,0.23255903,0.85947305,0.0035073915,0.08707607,0.6161484,0.0,0.0,0.8312851,2.8285007,0.8023611,0.19559073,0.00037521607,0.0,0.019045262,0.96163434,0.3762174,0.040446155,0.8150539,0.6822583,0.7132895,0.1470295,0.55046874,0.29128247,1.5705892,0.10275899,0.0076968553,0.30074212,0.0,0.10902649,1.0881352,0.0,0.091684625,0.21812256,0.033102877,0.8377877,1.1851921,0.66277516,0.023337042,0.059151746,0.18026169,1.9016134,0.0,0.0,0.024680335,0.01001693,0.16080484,0.0055121426,0.0,1.5108477,0.42333043,0.7841834,0.039583847,0.028746711,2.3441823,0.11972092,0.20505773,1.848743,0.56773466,0.00884807,0.0,0.0771205,0.33810887,0.058350712,0.3406016,0.39098322,0.67944336,0.30261803,0.19178388,1.3021977,0.19297716,0.8124268,0.2798187,1.2798175,0.7456212,0.04712156,0.2980655,0.1855586,0.48679706,0.0,0.38764665,3.3808475,0.035888992,0.8880485,0.052497085,0.05850137,0.066050746,0.82584876,0.46006253,0.0150863705,0.06734546,1.5028725,0.5777047,0.89911485,0.16199188,0.98328656,1.0457804,0.0530347,1.0532054,0.20545565,2.0401027,0.76633936,0.03664503,0.06203596,0.18893184,0.025407163,0.16137294,1.6705889,0.8361622,0.41362336,0.082975104,0.59235996,0.5546209,3.0102346,1.8224621,0.040413707,0.5648264,0.7454016,0.012208817,1.4734406,0.37170184,1.1707214,0.2163579,0.10885208,0.07040016,0.13109289,0.013981915,0.01591081,0.32566,0.41508546,0.0,0.31543902,0.06774672,0.08248907,0.89773726,2.811489,0.13134837,1.2922474,0.23696981,0.16220826,0.15625234,0.14046338,0.6778502,0.3923844,0.26677516,0.44948545,1.9238476,0.026445398,0.012758836,0.15560094,0.19579437,0.08595614,0.33461723,0.021752508,0.3244165,0.60787696,0.75383896,0.09983553,0.25208458,0.5473474,0.1503559,0.31191614,0.4924418,0.0,0.044065855,1.695105,0.0,0.23081966,0.93964565,0.48694882,0.17988543,0.17993307,0.18133426,0.40552625,0.0,0.33206978,0.0325319,0.0,0.03916021,1.731663,0.063928686,0.0009482876,0.4222039,0.07103549,0.0,0.36536077,0.22065037,0.6445214,0.0,1.984984,0.2705549,0.09566283,0.12765774,0.0,0.16747786,0.22079502,0.18943916,0.14220457,0.076863654,2.0262918,0.036847193,0.5306114,4.752611,1.9812374,0.0023900156,0.105913065,0.35910282,0.0,1.3919821,2.2122884,0.33358818,0.08026954,1.7221463,0.1342727,0.18516256,0.4443566,0.055101164,0.37875688,0.17112093,0.2522897,0.25948027,3.2439842,0.0083623035,0.011674481,0.040528882,0.5198407,0.95159465,0.13995555,0.37905595,0.07324368,0.961476,0.16440992,1.0526557,3.1928823,0.049127918,0.020285292,0.41967914,0.39219996,0.27653864,0.13801739,0.00059542316,2.066473,0.012720129,0.27953395,0.042709753,0.11467921,0.9875398,0.37951687,0.39553565,0.4989376,0.6355263,0.051404193,0.34458968,0.076746844,0.062288508,0.004018618,0.0,8.598217,0.13458547,0.0,0.22652844,0.0,0.25689206,0.199711,2.417913,0.87402916,0.4208811,0.51024836,0.016770864,0.012203413,0.56084925,1.710107,0.007179455,0.4077965,0.023755232,0.06624276,0.24306943,0.03802784,0.18025818,0.94317687,0.032961406,0.14920922,0.19690827,3.3410196,0.033903394,0.60729504,0.0,0.10905439,0.100547224,1.8364936,0.0063809757,0.014692248,0.17959692,0.5134798,0.83912235,0.92518395,0.12184714,0.9894511,0.071977854,0.019151492,0.6038438,0.30860138,0.4431502,0.7767672,0.11601423,0.17038386,0.18761146,0.13101816,0.0025556763,0.06840158,0.24515264,0.4978316,0.0033150734,0.06620317,0.11751994,0.088431336,0.08429903,0.0,0.0,1.3134285,0.23931028,0.5537626,0.39316654,0.6194758,0.09582762,0.63019,0.040700275,0.5933614,0.6673953,0.52964354,0.0045179045,0.444831,0.10254758,0.34518877,0.0018109197,0.003755855,0.5013044,4.445603,0.5564143,0.46520653,0.07459372,0.013806538,0.025171582,0.19384202,0.284955,0.22414818,0.5847445,0.18697983,0.0,0.66025263,0.06575757,0.4716515,0.24116287,0.5505871,1.0892577,0.3192883,0.59859157,0.055365566,0.20196478,0.43652642,0.7666352,0.002755546,0.045029495,0.48170254,0.89462775,0.062385388,0.07736167,0.0,0.49320024,0.3009524,0.62179667,0.4987834,0.0,1.1319456,0.70367926,0.7958841,4.0054064,2.7220912,0.7335261,1.0730677,0.20082264,0.076842025,0.6852168,0.4818081,0.1894897,0.06514716,0.065385595,0.5714082,1.4062877,0.0,0.067368664,0.15787953,0.14000961,0.46839246,0.4667493,0.26573828,0.093642674,0.12824422,0.45686334,0.7868549,0.42058733,0.12342835,0.5555208,1.4927111,0.5694013,0.064428166,0.25299123,0.56974345,1.080415,0.13520461,0.43308207,0.36388704,0.18714593,2.3957202,0.7305438,0.5138846,0.053613298,0.72371,0.0005588097,0.050572902,0.0,1.0397996,0.6468376,0.42618564,0.9544918,0.09922231,0.06855171,0.5489086,0.40934944,0.054509945,0.56584585,0.7850066,0.027980823,0.09394831,0.8632052,1.5353334,0.105739914,0.04573609,0.021419138,1.0943658,0.15081176,0.5560712,0.015148196,0.13130091,1.550584,0.10135479,0.0,0.0,0.1290711,0.3548724,0.32161996,0.33307537,0.16259542,0.0075834584,2.9625418,0.044393778,0.29357654,0.04546649,1.5999247,1.2613072,0.25850517,0.0,1.0040843,0.30309823,0.35284555,all_pothole_images\pothole_images_enhanced_6c0b385d5c53ce8a3f1110513031142c.jpg
1.5436821,1.679831,1.894094,1.090089,0.38474825,0.8971472,1.468837,0.9361899,1.2991955,1.1880927,0.12417973,0.685144,0.25904182,0.65814745,0.7009235,1.768179,0.95148826,0.18446082,0.77525765,2.7986403,0.35992345,3.676481,1.6803414,1.2847348,1.144452,0.81513375,0.30404985,0.6251984,0.9569006,2.0266654,0.5187588,1.0577195,2.8382218,1.400695,0.20560716,1.5956013,0.42322528,0.21520935,2.8061433,0.6951711,1.2967393,0.9733859,0.26239327,0.11676156,0.21533942,0.93912554,1.519009,0.50735724,0.24714936,0.84351104,1.2288507,0.15271075,0.36573398,0.29131645,1.1610429,0.9237362,0.03715264,0.0,2.6208916,1.5390584,0.16805893,0.14513475,0.23909226,0.023867656,0.14024502,0.4580237,0.39405918,1.1479242,0.17365526,0.4464192,0.7421525,0.5849163,0.5754967,0.77432895,0.61352146,1.6282222,0.8104594,1.8549896,5.6756024,0.5122976,0.008332278,0.0,1.3468156,0.5228488,1.0753051,0.14848197,0.41339976,0.16445918,3.006011,0.98830646,0.39607257,0.1745978,0.3356697,1.116009,0.2862763,0.017596252,0.87201905,1.1041275,1.3445959,3.7243595,2.208432,2.4846988,0.9453639,0.44103393,2.6794214,0.13869871,0.0012239671,0.5307416,0.48188183,1.4546727,0.42071027,3.0224497,0.6537238,0.68603605,0.0,0.10425475,2.1695845,1.0448397,0.52357143,0.14696059,2.3598342,0.636733,1.849391,3.8886974,0.78105605,1.95845,1.0801915,2.0165873,0.3884407,0.3747629,0.00068465545,0.2909089,0.70138705,1.8197347,1.2538046,0.11464149,1.829126,4.3711767,0.66111386,4.072471,0.47550386,0.0090599945,0.14029428,0.8924806,1.1695464,0.2593018,0.51261973,3.3527663,0.24357013,1.6630734,1.1097697,0.52932405,0.034748036,2.1762536,0.36306584,0.97325414,0.41631913,0.40281478,0.5379538,0.4249034,0.21518004,0.8117086,0.20260292,0.26597837,1.025443,1.5130503,0.0,0.055351656,4.524488,0.77536494,0.8044928,0.029753601,0.008211555,0.5030025,1.655648,0.42637753,2.0296419,0.20657335,3.2680178,0.8145874,3.1340437,0.78975177,1.136574,3.829803,3.5070689,0.0892073,0.40888366,0.94795305,0.88727045,1.9154716,0.26435134,0.6101934,0.4564893,2.022671,0.35164785,1.6054006,1.8127865,1.243246,2.4017255,2.4442906,1.3028221,2.2742853,2.1758833,0.53765434,1.4715959,2.0713592,0.681878,0.40294752,1.0726775,1.1766822,0.6326212,1.1760106,0.73762465,1.7865049,1.3967391,1.6856923,3.656101,0.48620105,1.2730998,0.118376166,0.15559798,0.3358201,0.27570152,1.5429257,0.07203569,0.67542475,4.3795104,1.1066369,0.68247473,0.19172092,0.257024,0.35752708,2.7287965,0.25865775,0.2866003,0.27322748,0.53110266,0.17195657,0.78806645,1.097901,0.5760246,0.40625516,0.22770278,2.2553394,0.72143555,0.12942716,1.2637703,1.2089747,3.312064,0.5186115,1.2412559,1.026648,0.6112264,1.2291925,1.946635,1.4019027,1.4504389,0.18679917,0.9344101,1.103777,0.17642702,0.08445889,0.3475942,1.2443498,0.0,1.8461217,0.14558603,2.2214124,0.20772871,2.766962,0.016270848,0.9406865,0.5414406,3.2217138,3.1849802,1.579559,1.5810264,2.0254343,0.088367224,1.238406,0.05875919,1.2682011,0.34014815,1.6404114,2.4140034,0.60208863,0.6172666,0.6855522,1.8926522,0.22825778,0.4862985,0.8146307,0.10623469,1.134751,0.13816187,0.11122998,0.70235974,0.124953404,0.86334103,0.4527118,0.2574289,0.20678565,1.5954102,2.0890934,0.815735,0.87608606,0.54383445,2.32686,3.0338058,0.348784,1.0129085,0.3505062,4.3569875,1.0312021,0.15259196,1.0816002,0.75657225,1.417237,0.389598,0.0035686544,2.9045124,0.45556596,0.22159907,0.7468967,0.25610337,0.8490001,1.1196823,0.48617858,0.016120195,0.71212417,0.7361909,0.5969504,0.5315825,2.2839925,1.3651992,2.3327758,0.4105781,1.8943493,1.0135388,0.6017032,5.050862,0.46904212,2.335772,0.058673147,1.816186,0.311394,1.661839,0.002006559,1.8078507,2.2362752,0.20590848,0.6389063,1.2157139,4.623479,0.8697029,2.1186492,0.666817,1.1199542,2.1667836,0.6304743,1.3716513,1.041427,0.7359085,1.2298073,2.5657215,1.4734318,0.53022975,1.0530237,1.0393676,0.8259314,0.4240238,2.078516,0.39339155,0.0075531607,1.0431782,1.2873571,0.7104978,1.835216,2.6847608,0.2694189,0.22517675,2.3671741,2.3673158,0.82876134,3.2568839,0.034525733,0.6755526,3.4825134,0.6434463,2.9203806,1.9178342,2.093256,0.0028298108,0.80717963,0.37874728,1.2700658,2.8245676,0.77534485,0.5847398,0.6754597,0.78775567,2.1984508,1.6401713,0.37235743,0.68053126,0.64918095,0.3453704,0.18511066,0.22003508,1.0537553,0.67042524,0.6349312,1.452681,0.15630649,0.0003195318,1.1302415,0.7621837,0.8179832,1.1887286,0.31166762,1.6917949,0.4818619,0.78497577,0.41614842,0.40306994,0.56306505,0.89266056,1.774559,1.4839736,0.8826045,0.16652012,1.2491782,1.5829729,0.26316682,0.3385732,4.6222124,0.09966636,0.0,0.886365,0.10330385,1.6650141,0.83591473,0.35416234,0.35538575,0.40600538,0.053207133,1.5202812,2.1859705,0.09700776,0.92806447,0.29696557,2.195064,2.009552,2.3816783,1.2733265,1.5323371,0.74276257,0.70397925,0.1498398,2.9100966,1.3856137,2.2100446,1.4477025,0.0,2.353052,2.4329023,0.9514395,0.5038918,1.3882535,1.260644,3.468259,0.10322637,0.3821017,0.9845214,3.3596084,0.73672646,0.24102755,1.0679823,0.9145185,1.6821877,0.57862455,2.1551757,1.5597733,0.977932,0.017143305,0.20246696,3.888056,0.15562946,1.1078744,0.26734537,0.93039733,2.0147305,0.411815,0.20368186,0.75109535,0.53892547,1.1438422,0.8111488,0.7417341,0.6377285,0.36852396,2.8330293,0.6761337,2.5521924,2.5262809,0.005505348,0.41223162,1.9020792,0.3215953,2.177748,0.05866159,2.6048343,all_pothole_images\pothole_images_enhanced_6c35373abd777b62df28bb16f4397d9b.jpg
0.27864447,1.7191324,0.7729011,0.41687322,0.31747985,0.37316677,0.22477613,0.23677492,0.37159678,2.2639537,0.53200084,0.31508052,0.14387628,1.2292843,0.22153616,0.05211444,1.5483205,0.14502543,0.03203408,0.1799681,0.67865014,2.2868118,0.004635284,0.46259022,0.57748896,1.0812033,0.99691415,3.7028701,0.4691629,0.09532475,0.0013217092,0.84614146,2.471614,0.97053075,0.2288941,0.12662588,0.64550483,0.889444,0.06544393,0.2704247,0.68217736,1.2264204,0.1518924,0.77863944,0.2789239,0.2035828,0.3658034,0.4828029,0.52387846,0.43218297,0.39610854,0.08250005,0.69061416,0.30175787,0.23116945,0.8387616,1.5085881,0.21162446,0.3814854,1.3559371,0.88138545,0.31800583,1.1699334,0.7365102,1.1775339,0.2836071,0.21873996,0.6085341,0.31317598,0.32429752,0.1849101,0.051250864,0.6559421,0.026813604,0.55400336,1.1384116,0.2707377,0.9156335,0.53812504,0.013276621,0.35397783,0.53735685,0.025395568,1.4127692,0.28160125,0.29887065,1.0204486,0.35313126,1.6076308,0.2724578,0.011284264,0.41930294,0.90422463,1.2105463,0.06289648,0.64337033,0.718922,1.2905583,1.2873299,1.0683025,0.21919118,2.1915658,0.26453304,0.11946781,0.0017577263,0.17897359,0.044821594,0.12265696,0.4293259,0.27071282,0.56510925,0.5811171,0.013021433,0.49014616,0.31024665,0.6808602,1.554523,0.73626554,0.15691485,1.5251756,1.7988024,0.19874029,1.8633806,2.2853942,0.3903327,0.69409716,0.34472048,1.7114693,2.093461,1.1477958,1.1070993,0.943136,0.19982287,0.9641833,0.9567788,0.074581884,0.18369907,0.49628717,1.2336568,0.9010031,0.9733697,0.16822179,0.71599144,0.46699527,0.14929213,1.4476334,0.058150087,0.32497558,0.4396335,0.4473608,0.5263424,0.6383472,0.051285062,0.10849209,0.6639969,0.10416461,0.5444277,0.23811011,0.39160615,0.40444887,1.6279755,0.789019,0.043445796,2.9671967,0.24095905,0.08187566,0.69437104,1.9785972,0.68381757,0.53838813,0.73496246,0.062316805,0.20992883,0.31304136,0.94620496,0.23921199,1.69068,0.013767792,0.13127282,0.77459747,0.19682294,1.3030295,1.3629155,0.7718896,0.7246472,0.55393285,0.26427066,0.6652184,0.60133475,0.18584403,0.06745264,0.04287059,0.13259153,1.7140728,0.2853209,0.5491554,0.5446211,0.07904069,0.025765097,0.35708088,0.11315935,0.80209756,1.0950568,0.023610136,1.5002121,0.7730362,0.6941254,0.7260977,0.4424844,0.26134968,0.1598876,0.6436377,0.39655304,0.91894716,0.783664,0.70070577,0.018273506,0.34473282,1.0198053,0.42918503,1.047878,0.18420725,0.0948081,0.4112463,0.0,0.08845858,1.1343247,0.2074676,1.7779276,0.5559436,0.049631104,0.3822544,0.12716214,0.29254836,0.7484932,1.3367599,1.1377395,0.027033474,0.14348055,0.030467367,0.23862709,0.37512058,1.2667807,0.019002106,0.07027124,0.0,0.22675388,0.053324882,0.3957947,2.4982004,0.9605462,0.16110982,0.32452494,1.7782503,0.08439405,0.46890387,0.37667814,0.08590876,0.72624236,1.4759417,0.20183197,0.78348565,1.0917473,0.33875632,0.8954707,0.06719698,0.05646325,0.6881651,2.2827616,1.1199013,0.18576361,0.46226758,0.30255252,0.21794252,0.3285941,0.1433382,0.8216296,2.3912046,1.4602801,0.53819394,0.6150556,0.103096046,0.25642073,1.5531566,0.7153859,0.035230525,0.9925044,0.22163492,1.1620445,0.7045492,0.42093873,0.11968797,0.27590516,0.23579502,0.20802209,0.0461751,0.34188277,0.22807485,0.7098396,1.1357741,0.045469765,0.9310239,0.265227,1.2254834,4.4683514,0.22127432,0.05152901,0.7101112,0.089403614,0.119735256,0.33557945,0.56550723,2.3845327,0.22906116,0.11877821,0.47282985,0.019958662,0.46608612,0.5901372,1.2536057,0.028537102,0.34009355,0.2467027,0.5839905,1.0418695,1.0401716,1.5823402,1.0288509,0.89945126,1.4458752,1.7325735,0.20990907,0.20782909,0.99201685,1.0406139,0.043598052,1.7528129,0.7853653,0.50644284,0.29208642,0.96001256,0.08927108,1.2915308,0.026297078,1.11119,0.016217448,0.40791276,1.4313507,1.5515703,0.7787474,0.43783396,0.2999872,0.024799863,0.57493156,0.23765533,0.36596087,0.62224156,0.1367754,0.25996393,0.17820194,0.18005943,0.066622205,0.5441139,0.60492855,0.0027892091,0.25130728,1.018634,1.3027698,0.024416208,0.43696365,0.9206719,0.17275819,0.5034749,0.108562075,0.51451546,0.27334803,0.103997074,0.0,0.13533172,0.51936936,0.09178058,0.0049247723,0.9724773,0.81950337,1.9956082,0.13061878,0.8182336,1.3736587,0.18639039,1.6124301,1.084397,0.0967401,0.46697584,0.8691862,0.13105722,0.1111392,0.12921558,1.1145602,0.028084567,0.21464483,1.8571917,0.8640818,0.66742176,1.6400026,0.0,0.8255537,0.7040787,0.002929483,1.1643709,0.3272598,0.33053097,1.4629633,0.13631631,0.7401691,0.26308662,0.27151215,0.37673685,0.5611305,0.09886434,0.31260258,1.3383636,0.6045667,0.53319484,0.07262911,1.3954988,0.1288088,0.2702722,1.6762617,0.7363836,0.3145753,0.3723371,0.079672776,0.30603462,0.7967996,0.23504233,2.038387,1.1984128,0.5772558,0.35976186,0.24661933,0.24812426,0.102945626,0.16852804,0.6664355,0.20690374,1.3229754,1.3636624,0.52255183,0.2428243,0.045187082,1.0379472,1.0755948,0.57043767,0.35456973,0.2276352,0.2194327,0.11374328,0.43055502,0.87846935,0.058470838,1.4802327,1.2394696,0.54756856,1.1669115,0.8572609,0.2081817,0.8356384,0.81528604,0.67718923,1.5798237,0.22958109,0.4257744,0.33457595,0.49930975,0.080570444,0.5069866,0.08811617,0.7241984,0.58792865,1.0673823,0.10653402,1.1514882,0.09992982,0.27552202,0.0,0.11234398,0.37235057,0.0,0.14119333,0.17340885,0.81764436,0.8130117,0.20147918,0.6495074,0.42174837,0.1791212,0.26565892,0.33738828,0.360523,0.0,0.6091451,1.3715919,0.113877356,2.747363,0.24356538,0.5905242,0.06167477,1.1727809,0.08421227,0.51331925,1.1195167,0.013012811,all_pothole_images\pothole_images_enhanced_6c897cc54c7f8d76d521950da5f8a08b.jpg
1.585315,2.7862802,1.3582801,1.7837936,2.5386348,1.8119186,1.3367096,3.950115,0.37169522,1.4213324,0.5523787,0.0903921,0.07286792,1.4302688,0.52874804,0.39951217,0.5045917,0.12260849,1.5528879,0.26268414,0.86312515,2.3864949,1.0220337,0.66730255,1.9487338,1.026991,0.50628555,5.387741,0.41107774,1.3125691,0.99490017,0.9244821,1.4104879,0.39311764,0.5956267,1.1011429,0.36659142,0.15691721,0.92650795,6.2517447,0.36464196,0.16815206,0.6063688,0.50564563,0.2959539,0.6405099,0.03658745,0.104245424,1.4315913,1.9364164,0.42088833,0.2116867,0.29985523,0.6218878,0.2848912,1.1798302,1.7557034,0.36116147,0.1285107,0.5315685,1.7974045,1.0595313,0.7252752,0.99125403,0.24511178,2.0426686,0.08457336,0.7334203,0.85198265,0.6834674,0.2997101,0.23997596,0.9237714,1.2628304,0.72809607,1.6576285,0.5195556,1.6860616,0.14695592,0.4080457,0.29337436,1.3328543,0.10550256,1.718981,0.7492237,1.8279991,0.47921667,0.29539385,4.608134,0.11736814,0.60720336,0.73937285,0.027235104,0.6719061,0.29438767,0.052417483,0.23672996,1.115019,0.67578024,1.4778495,0.074189164,2.6700706,0.07977744,0.8012775,0.24617939,0.10030397,0.043834023,0.8114141,0.3262952,1.7102915,2.1339133,1.9784818,0.53579056,0.17310551,0.80385727,1.4974238,1.9088807,0.23541403,1.8186433,0.62255794,1.8919848,0.64412117,0.7320961,1.4514859,0.9697969,0.96466076,0.6610509,1.521723,0.1631146,0.6921194,1.7018816,0.2514251,0.22311163,2.7071466,0.27181306,0.16387485,0.40949747,1.1634234,1.3619318,0.19510813,1.1309404,0.19902137,0.28865346,1.2135785,0.44838142,1.4931017,0.15171282,0.090470724,0.9860902,1.3656412,1.2459636,1.6912384,0.20653561,0.93274033,1.7897959,0.6107987,0.6093454,0.8008649,0.057050284,2.31233,2.1945372,0.33858317,1.1256303,1.3001356,1.060756,0.0975069,1.008445,0.001901335,4.3938503,1.3418345,2.4394982,0.030364055,0.27264968,1.021283,1.5965858,0.17862378,1.3118695,0.0039882427,0.19254342,0.18479016,0.30323124,1.658686,1.2565212,1.4706718,0.9375787,0.5027365,0.46923867,0.15134208,1.1718252,1.3363962,1.2096148,0.92714846,0.051150594,1.7861025,0.659228,0.10786409,0.29263508,0.11514074,0.8800411,0.7483635,0.8314589,0.64568645,1.8568428,0.6053348,0.26431203,0.93014884,0.62150574,0.76784605,1.2582142,0.7007984,1.1948928,0.47409382,1.9910617,2.8653524,0.7433428,0.19799507,0.617666,0.1676489,1.3610771,1.0832125,0.41202378,0.30220455,0.7800385,2.1555984,0.11543771,1.5408487,1.0470511,1.8744841,0.23538846,0.34010813,1.3808064,2.4532964,0.45130834,0.99151284,2.1406004,0.12722889,0.29582635,0.89146346,0.113703065,0.29350102,0.36378315,0.0012799802,1.2047573,0.5707887,0.45939377,0.019275563,0.5191005,1.0226997,1.0098498,3.0453975,2.144102,0.1055198,1.1277622,1.13852,0.37120172,0.5856976,2.007747,0.30367678,2.4902856,2.4862611,0.15216771,1.4150046,0.4647525,0.22122587,0.056794476,1.3417304,0.5195489,0.32380903,0.4912223,0.17639771,0.48516306,0.8893149,1.1491873,0.8521749,0.5652532,1.1755313,0.2960891,0.6395112,0.4909526,0.6859591,0.44063792,0.53014964,0.20577002,1.1542742,0.36605352,0.18924518,0.9916528,1.0294963,0.7128808,0.35933238,1.2476783,2.339126,0.08058537,0.4759985,0.015397438,1.0950199,1.0790277,0.7469971,0.17343618,0.4956664,0.050187383,0.4118674,0.007395819,0.74215186,0.44084704,0.32539138,0.011788463,0.33503115,0.9849327,0.4926138,0.66128016,1.0560249,3.1606586,1.2587847,0.12422665,0.57291394,0.061135806,0.5378567,1.6394091,0.7702662,0.026122749,0.44553086,0.27480176,0.18415485,1.0823827,0.85251284,1.6334144,0.7395908,1.6797264,1.060791,2.4991267,1.4716365,0.74510175,0.66678226,0.723216,1.3499,1.4129112,1.2341633,0.6001935,1.0724484,0.32403052,0.410756,3.1232781,0.3266126,1.3558556,0.0,0.0282733,0.3587803,0.36531714,1.750535,0.25514027,0.46756434,0.68277925,0.98952544,0.15444109,0.49766088,1.0869635,1.5024551,1.65165,1.0077742,0.65696824,0.042028826,0.90052396,0.8773939,0.13783573,0.3552162,2.1393752,0.82341933,0.023966134,0.7420347,2.345015,0.9676204,0.83780676,0.18429361,1.0641536,0.042443518,0.18304949,0.33844543,1.5443149,0.38700318,0.61741227,0.10219653,1.3791547,0.5067859,2.5314946,2.6891785,2.196255,0.40430403,0.19899324,3.24391,2.971045,0.33352703,0.30044505,0.52844167,0.3234379,0.032093763,1.0402894,0.53475106,0.1788109,0.45717946,2.2424624,0.097159036,0.1932302,1.1894834,0.13332878,0.61459535,0.7344801,0.39477473,0.8904255,0.0541032,1.5669724,1.4200461,1.9202912,0.7262406,0.2212986,1.2994093,2.001052,0.62516695,1.257036,0.26956594,1.7780225,0.24211816,0.82480097,0.61079156,1.662927,1.2838053,1.0014321,0.3927674,2.223777,0.8460488,0.49504152,1.0160456,0.39615557,0.62506515,1.3354591,3.9079683,1.0335822,0.6501322,0.71037644,0.07004388,1.9131078,0.06114177,0.16819432,0.09240498,0.8621443,0.53486097,3.0252025,2.8249242,1.2736686,1.3763976,0.54062957,0.8659749,0.8391684,0.33866727,1.3913754,1.3683748,2.5543056,0.76114386,0.36651647,1.5245557,0.41612908,0.1630297,1.3998294,0.9561475,1.7985348,1.884524,0.6464367,0.8516492,4.0540195,2.6826296,0.89399517,0.27279115,0.13191898,1.0741752,1.5054865,0.28401342,0.05474451,0.43211955,1.2069045,1.1155716,2.205804,2.5200553,0.90607965,0.24519075,0.0039205053,0.058649868,1.6309781,0.04495217,0.44941038,0.4898448,0.9281171,3.1995497,0.1756009,0.030451342,0.18189134,0.115527295,0.20868804,0.59451985,0.77095056,0.11842382,0.19814125,3.0499704,1.3685421,1.2285188,2.2178862,0.06109547,0.107550524,0.5379336,0.74794006,1.750899,1.4967262,0.209418,all_pothole_images\pothole_images_enhanced_6cabfd96cc37d965aad508bdce6f4d3a.jpg
1.429968,3.453163,0.79506713,0.6424085,1.3076888,1.1703151,0.09446188,0.30764127,1.3511953,0.59051365,1.5891645,0.4239226,0.21849118,0.43547112,0.24685107,0.31395712,1.1344354,0.04398605,0.23635721,0.41492388,0.7027562,2.7389305,0.3130922,0.5222492,1.1913184,0.4304084,0.0015949903,2.0840158,0.43157035,0.29488274,0.7971168,0.05450003,0.4950145,0.13168596,1.0981269,0.6864304,1.023247,3.001047,0.12894076,0.6115356,0.36831322,0.040450215,0.54245985,1.0482228,1.3556914,0.38096046,0.005343936,0.38431016,0.90005773,1.841534,1.4083517,0.0556145,0.2856037,0.74159074,0.32409826,1.2835691,2.3992636,0.3185463,1.7526062,0.017079854,0.048013803,0.06740489,1.1193967,0.2389402,0.39884403,1.0688423,1.1303899,0.7085513,1.7780151,0.20177491,0.9503801,0.29701993,1.2770449,0.30995968,2.0277405,2.0775802,0.41128463,0.30735263,0.0770459,1.1813941,1.2782183,0.39984086,0.057998393,3.307286,2.4500604,0.39246362,1.6198467,1.348561,3.8467133,1.0002687,1.26442,0.52040416,0.038232252,1.745984,0.06866637,0.39010945,0.040726583,0.60553324,1.7768358,0.9030752,0.3795648,1.0822898,0.85738295,0.2807902,0.073911324,0.3813469,0.42400983,0.2789231,0.1362964,0.095044695,0.45795643,2.338613,0.19343786,0.119649634,1.9950063,1.5606691,1.6115507,0.07528823,0.34738636,0.88820785,2.8092315,1.7024909,0.03297752,1.1428092,0.1843733,1.2880098,0.17009528,0.92300856,0.40323976,0.013264085,1.348941,0.12814571,1.0173049,0.834153,1.4276527,1.1837257,0.21674672,1.7418083,0.47951058,0.33307025,0.022739649,2.6497765,1.039422,0.8565372,0.4275996,0.96177655,0.62752974,0.0007575112,0.27631256,0.7873718,0.7344396,0.65483606,0.5618292,0.1313167,2.5574517,0.6440855,0.81964076,0.46837643,0.6341625,0.56235605,0.36301258,0.0075283707,0.065388374,3.5479565,0.041024208,0.96904516,1.0619575,0.58233184,1.8558215,0.22376846,1.4188905,0.23479418,1.3057858,1.2979538,1.6676862,0.4962025,0.21825953,0.013361079,0.12094456,0.2029247,0.036775857,1.0772264,1.4461701,1.8833624,0.27704817,1.8855652,0.6270684,0.21829897,2.0564218,1.1775937,0.70636606,0.63330793,0.19536422,1.7379667,0.86746204,0.9145944,0.44541,0.0,0.08196311,0.85705566,0.18083605,0.5318691,0.0,0.35898125,1.2998458,1.559613,0.6274909,1.3850694,0.30418867,0.013688364,0.20059124,0.33155757,0.78568333,1.6904857,2.4648721,0.6133288,0.32546642,0.39414215,2.755047,0.24960133,0.47994056,0.27366403,0.682016,1.1946203,1.0722659,0.50010914,1.7025601,1.1265241,3.4347677,0.46510136,0.20412923,1.0976502,1.2387931,0.6707095,0.25445873,0.75440836,1.595098,0.43473136,0.18887226,0.07459691,0.63536626,0.056542255,0.0,0.07813528,0.35612416,0.46639213,0.55464405,0.0,0.27947286,1.5306294,1.6817745,1.3014243,0.6371295,0.71231115,0.55925316,0.06764481,0.8608204,0.06301676,0.5045962,1.6285764,0.85742277,0.12753384,0.84848124,0.07863658,0.80177134,0.28598875,0.20763755,1.1036819,0.1356072,0.9803213,0.6562572,0.7763764,0.6474531,0.27832076,0.28882158,0.3278964,0.8473685,0.21566601,0.71167177,0.3393522,0.07668604,0.05657594,0.556456,0.15770039,1.4988586,0.3837699,2.6442273,1.2124044,0.017955732,0.022020943,0.32312632,0.7516412,0.091280915,0.41155136,0.82160676,0.1957195,1.52835,1.2076845,0.5799296,2.3814797,0.2723649,1.3250647,0.47401994,0.63179636,3.6928275,0.35590237,0.0405715,0.63123274,0.7600396,0.613821,0.8177849,0.042808253,1.826225,1.2105556,0.07922874,0.53059715,0.44797352,1.2122545,1.4296422,0.30343267,0.2401125,0.9276553,0.5104026,0.08956963,0.1196091,1.9223284,0.8442612,0.38199922,1.3439498,1.4722632,1.027261,0.92042845,0.177247,0.0064195124,0.11000433,1.18351,0.67400235,0.033258643,0.775585,0.20743999,1.3240236,0.40207204,1.7776343,0.0,1.4571519,0.7599592,0.31202015,0.11844438,0.019264178,1.2656028,0.38758436,1.2222764,0.43632078,0.9749655,0.5727712,0.12716874,1.009197,1.9069445,1.0585492,2.5025864,0.078449264,0.13154346,0.3272787,1.6935879,0.15010229,1.7674197,0.43557683,0.0811896,0.46059963,0.32723072,0.86702156,0.93861794,1.170552,0.39253235,1.6130625,0.08998096,0.14368162,0.6418546,0.14155377,0.94860804,0.36874112,0.8088797,1.0652441,0.851352,2.9228215,2.7030222,1.7783414,2.1361346,2.7730377,0.75684005,0.58931905,1.070565,1.0207444,0.06258259,0.0,0.33724022,2.1326015,1.069044,0.3212525,0.4249162,2.8360713,0.34865355,0.013599358,0.4627847,0.64796525,0.09492629,0.24685293,1.9298563,0.7807032,1.5241201,1.7124441,0.16633065,0.24157666,0.5605538,0.31904343,0.16658548,0.74346346,0.41018218,0.51985455,0.7201135,1.0470351,0.5973892,0.9495675,0.80038434,1.3385856,0.1647995,0.0924895,1.9350293,0.6711624,0.8108673,1.5285784,0.027162228,0.3723723,0.42992175,0.3707001,4.333737,1.0145539,1.1304921,0.3961441,0.67965424,1.7430824,0.18672729,0.080289595,0.26198125,0.41798368,0.6876008,4.0259647,0.47946757,0.58758086,1.5655254,1.4271159,0.35824674,1.2033595,0.15924107,0.8817109,0.37793502,1.0203338,1.2868118,0.18000579,1.114875,0.76799977,0.03054306,0.76326,0.55987054,2.5197382,1.6967096,1.2655921,0.12580152,0.11457439,1.1865712,1.5097935,0.15586083,0.25882638,0.4604106,0.71844035,0.35843292,0.18599817,1.4240451,0.5006425,0.64974797,2.391438,3.9544048,0.2915847,0.59475935,0.2241007,0.014108256,0.9628352,0.7340234,0.22089319,0.11263951,1.218944,0.59316415,0.28390044,0.60663855,0.109697066,0.1299247,0.27510554,0.39111352,0.2089737,0.027222348,0.3105388,7.1931343,0.46678784,0.8398135,1.1394083,0.8883871,0.0,0.9888033,0.5485309,0.20528434,0.5586156,0.28510198,all_pothole_images\pothole_images_enhanced_6cc289b36dc1cb78e50516a8f278ccae.jpg
0.46371663,1.18073,0.29095858,1.7857622,0.5022776,0.60073954,0.8103806,0.9105973,0.04823562,0.36479393,0.4419322,0.31645492,0.17680946,2.08967,0.30362296,0.10965481,0.11868906,0.10962042,1.1118852,0.2119107,0.4089961,3.0810614,0.0644377,0.18564399,0.3702903,1.5101147,0.8913151,2.877307,0.69470745,0.25282595,0.37778398,0.16210943,0.55444974,0.10160411,0.101978905,1.2288384,1.114146,0.5149901,0.3640389,1.4200116,0.0,0.0,0.2907104,3.083761,0.60947025,0.07241342,0.08458372,0.1061032,0.4496641,0.84650755,0.741674,0.13324833,0.17258053,0.37801698,0.0,0.8830414,3.0552723,0.05972222,0.5018854,0.25951868,0.17962323,0.5969911,0.7033108,0.16973428,0.16590913,1.204616,1.1487529,0.33865422,0.16795024,0.23992339,0.33759955,0.21642375,0.26398796,0.32564768,0.2314818,1.5400137,0.80719686,1.231332,0.25373802,0.19015282,0.06978064,0.17686565,0.029526824,2.1811984,0.57034975,0.76061845,0.19645853,0.2707131,3.5238547,0.84176207,0.080306366,0.40957683,0.13830411,0.2696373,0.0,0.0029728895,0.3989189,0.6986643,1.156787,0.06198831,0.0147620775,0.21973963,0.025199883,0.12213399,0.327407,0.049514167,0.00076036534,0.12118448,0.32829806,0.11132568,0.09913705,1.9018312,0.717079,0.029715423,1.1775174,0.64083964,1.1504574,0.1480632,1.054503,0.33824602,1.3680615,0.84229183,0.1576472,0.2675211,0.62157106,1.1375631,1.0436419,0.08322427,1.502049,0.30377495,0.28612307,0.35929158,0.7916613,0.018320456,0.4244386,0.45301405,0.07747348,1.6032643,0.990029,0.37331358,0.021725187,0.6224488,0.004098978,0.56468165,0.014886977,0.9310865,0.079725936,0.5094618,0.3111824,0.42397618,1.1039416,0.85181284,0.115065426,0.0,0.6813034,1.4544363,0.9705411,0.18038346,0.47614202,0.52168334,0.72567916,0.104803294,0.16320005,1.6786745,0.62337095,0.24894203,1.3040358,0.17043833,1.1699277,0.0026266605,0.15249431,0.031159014,0.011936535,0.84064776,1.6429754,0.032076914,1.0988883,0.21115825,0.06385409,0.16975838,0.009136141,0.8456508,3.1265535,1.0191641,0.403751,1.0991656,0.5717835,0.089060664,0.070317104,0.72398156,0.51122046,0.7537566,0.0,2.7673807,0.09282298,0.0027185038,0.0,1.0543325,0.26427191,0.7018692,0.34700298,0.7798271,1.1459782,0.13394707,1.3613455,0.31543365,0.29238033,0.6580532,0.65082246,0.09995867,0.15499042,0.42000404,1.5896335,1.9779532,1.0005513,0.46097228,0.79319733,0.0331937,0.9668382,0.48285663,0.7866921,0.04935006,1.3277844,0.68896234,0.15606685,0.072555415,1.339736,0.45892227,0.60049284,0.5040095,0.20220128,0.38943005,0.0523214,0.18021058,0.23299637,0.04549962,0.6269738,0.21430197,0.0,0.2927194,0.07931585,0.44691855,0.1970449,0.09613887,0.38971537,0.20578629,0.7529203,0.0014486746,1.0625384,4.9734535,2.269155,0.04337554,1.3138165,0.27217823,0.47204325,1.1328572,1.3565202,0.06891012,0.2593867,2.8756661,0.0093223285,0.030265696,1.4068955,0.2977953,0.9543935,0.18932045,0.122975655,0.6307265,0.77059454,0.06335486,0.55318654,0.03646701,0.51027346,0.47260237,1.2936726,0.46337935,0.30647996,0.27465865,0.66497785,1.2048372,1.4024343,0.15728392,0.054023195,0.63829404,0.6750566,0.5235896,0.52255636,0.20938924,1.33622,0.6798786,0.30535918,0.6894216,0.24086797,0.7635575,0.64590704,0.33976185,0.1824154,0.55875635,0.38661677,0.8560864,0.17465988,1.0401008,0.035374105,0.8657492,7.39334,0.4151931,0.0,0.6940936,0.37852925,0.04928871,0.65070873,0.3240585,2.8803275,0.04280219,0.0,0.09425469,0.41259676,0.40013635,0.051953267,0.089115,0.058137257,0.33623648,0.0645106,0.11313419,0.20092203,0.6168007,1.2755291,0.42567983,1.9719745,0.5573566,2.182444,0.6660282,0.3092363,0.0072497684,0.3203657,0.32261366,2.3473308,0.55090886,0.14080492,0.13466792,0.4355637,2.3118098,0.8946241,0.0055002337,1.5559278,0.25019395,0.0039361557,0.17010824,0.3518742,1.7293922,0.40500882,0.6764313,0.9453029,0.9866303,0.056528185,0.10086291,0.6297157,0.34909388,0.55435884,1.2102919,0.0,0.45653656,0.020910943,0.9834347,0.05933067,0.51350564,2.085552,0.20369345,0.046311855,0.17408562,1.6266725,0.26311126,0.26682627,0.07145314,1.1383059,0.52304184,0.26701716,0.029302193,0.52910453,0.33437213,0.07675079,0.0,0.9436631,1.387295,4.265468,2.2448628,0.89933,0.04467389,0.47102204,3.1753986,1.3504665,0.53627086,0.45127413,0.58668953,0.0023286513,0.1449042,0.8389768,0.04317739,0.107281044,0.26733592,1.478996,0.7254527,0.22571597,1.9701765,0.11941238,0.14770985,0.399437,1.0389102,0.17412132,0.52059036,1.4681197,0.7645175,0.49488062,0.42535928,0.06409845,0.45139965,0.14420839,0.9654008,0.22115868,0.014045396,2.6775107,0.12890814,1.3882314,2.5076287,2.5608046,0.8117292,1.6379036,0.3608499,0.20064475,0.88969827,1.1413307,0.19858852,0.51814395,0.78493905,0.055497065,6.266659,0.56998885,0.27402884,0.18798158,0.89694214,0.93003654,0.54734284,0.006333516,0.055737376,1.4811432,0.21317656,2.206197,0.31013525,0.9718633,0.48828194,0.678491,0.31249714,0.6467158,1.3788711,0.42544803,1.9205658,1.4905573,0.48472673,0.1420926,1.0242578,1.3294339,0.027791986,0.47053972,0.13981806,0.650143,0.24653794,0.6663161,0.29003236,0.23637259,0.9965951,0.99058485,0.33737224,1.0133201,0.0,0.16623777,0.7108697,0.4316302,0.35239697,0.27058637,0.7445,0.65969574,1.8621427,0.2855489,0.40761113,0.0,0.5884225,1.1181437,0.4839834,0.32798782,0.5152603,0.4101722,0.9188726,0.11491787,0.021130377,0.013076488,0.056528606,0.0,0.054041702,0.1977368,0.17758459,0.2487131,6.236851,0.26247054,0.96643305,0.41117898,0.42262408,0.0,0.31618923,0.635741,1.0702125,0.3277722,1.5977682,all_pothole_images\pothole_images_enhanced_6cd99e2ebeb6077d4e63ba80397a0b57.jpg
0.05243474,0.865726,0.0014490095,3.3885694,0.6044573,0.04171485,0.84104854,0.04157067,0.14423722,0.39461777,1.2750171,0.50507885,0.058986314,2.689024,0.018345118,0.2528785,0.07447811,2.2051232,1.3600675,0.26759812,0.10722619,0.4972195,0.04544702,0.10442292,0.2088978,0.5286448,0.08385315,1.1568886,0.0024238,0.0,0.014718975,0.21315646,0.0,0.008728806,0.08242604,0.5415626,1.1630433,0.33844355,1.4748751,0.1505948,0.0017398489,0.43020052,0.37111822,0.488749,0.9757396,0.018111233,0.25214434,0.1650446,0.97299504,0.4699395,0.45648056,0.052090947,0.5299962,0.0,0.32699525,2.0244567,1.0536529,0.8370468,0.26348004,0.72441596,0.35328636,0.39134312,0.46058565,0.50477755,0.7388639,2.0869627,1.7477189,0.529992,2.7300744,0.6577522,0.43182465,0.4944588,0.040227193,0.0,0.11238527,0.0018656345,0.73366416,0.012590885,0.0,0.0,0.0,0.8660054,1.285685,0.8523761,0.3154826,0.0,0.942989,0.0,0.5450145,0.12782665,0.33843097,1.6207337,0.5894953,0.3209553,0.20725511,0.0,0.6248231,2.0780241,0.31890386,0.35340932,0.6931105,0.77517915,1.0589404,0.4432218,1.2600312,0.2972629,0.3474743,0.0,0.3830596,0.33503023,0.48993263,0.3547412,0.21129838,0.417029,1.1702025,0.069265045,0.0019141212,0.06260631,2.0915735,0.10178986,0.32599118,0.04346556,0.020153666,0.04827835,1.0962946,0.7251448,0.029372463,0.22371899,0.602001,0.47518644,0.23060364,0.27666935,0.685773,0.10405725,0.28076598,0.029980797,0.0077679167,0.017780447,0.10123521,0.07128885,0.15950339,0.20644261,0.06456041,0.3162501,0.006560304,1.1336293,0.08575542,0.05139098,0.0809497,0.07515826,0.0,1.482362,0.0071401563,0.05510613,1.0514729,0.4879991,0.18621568,0.022900304,0.67101526,0.25427693,0.42783985,1.9301234,0.2655059,0.46374893,1.5282857,0.025038324,1.2321352,0.055667926,0.13481078,3.1630743,0.419568,0.036323886,0.07592961,0.23646852,0.05743699,0.059558067,0.13001761,0.0,0.74360967,0.024831211,0.027557163,1.9011669,0.20750283,0.48003072,0.49191374,1.2312157,1.442735,0.08909159,0.6025241,1.0949649,0.2519399,0.04163286,0.18562044,0.09906293,0.30598348,0.2474793,0.7153695,0.23962893,0.75035363,0.36089924,0.044364095,0.4841722,0.08063037,0.017368585,0.39036936,0.025065064,0.35860193,0.000927704,0.80374396,0.6987458,0.08737449,0.0023864715,1.2413574,0.2251041,1.8095862,0.8156803,0.588687,0.022639094,0.44753322,0.3897796,1.3056691,1.224499,0.79285663,0.38519618,0.0,0.0,0.91772723,0.07981728,1.7011688,0.196086,0.19671685,0.3255127,1.6087581,0.15048479,0.15974686,0.1268443,1.6635433,0.22537413,0.4638256,0.2614072,0.07227878,0.10905463,0.06450359,0.0807657,0.14526539,0.0016006554,0.6472617,0.5936727,0.40832022,7.7029076,1.1259968,0.04052461,0.3319607,0.10957725,0.034594182,1.4342476,0.3356008,1.3628709,0.12717888,2.6208663,0.31916654,0.0,0.5143354,0.37677258,0.31292856,0.10684755,1.849752,0.030595608,2.7389927,0.0,1.05673,0.08117478,0.8999626,0.0008863054,0.23650923,1.273926,0.10177165,0.53085756,0.056516577,0.25667253,0.8473945,0.22399633,0.7336088,0.005006543,0.02125056,0.010598528,0.36159438,0.007218862,0.86583257,0.5066431,0.009396273,0.09959712,0.0008463832,1.201482,0.44781953,0.91459864,0.00095629384,1.782742,0.1637961,4.024583,1.0910316,0.048857942,0.05209999,0.0,5.9883943,0.013905435,0.119713664,0.00374258,0.24001436,0.38833088,0.41679916,0.33845925,0.61494637,0.35917458,1.2174811,0.6285628,0.09790554,1.4693666,5.722073,0.51500696,0.041252587,0.0,0.1280906,0.30331928,0.86372185,0.3262208,0.14647388,0.0011875851,0.62152785,0.019687386,0.48131055,0.0528685,1.2028712,0.048866477,0.066568434,0.0042531216,4.047857,1.2765069,0.6567918,0.37840325,0.43400288,0.0,1.1241176,2.3443027,1.0379735,1.1773498,0.12337696,0.55957204,0.07848261,0.6006814,0.032468796,0.0378143,0.0052948482,0.5675565,0.032440074,0.2126222,0.06365243,3.575266,1.022011,0.95416933,0.16314973,1.6413455,0.87516034,0.0,0.010823298,0.0,1.6316401,0.0030264312,0.01693737,0.41687757,1.7752976,0.024537804,0.02392561,0.41313148,0.007846293,0.3172061,0.088700585,0.11833281,1.2010447,0.051645774,1.7861243,0.0,0.6742493,0.9936237,0.7745318,0.005684917,0.69718534,0.020813158,0.32081562,1.1346328,0.15333658,0.0010822616,0.52306706,0.7317096,0.176242,0.0059542586,0.78135055,0.26930824,0.7446323,0.18791713,0.40405098,1.0812384,0.2453892,0.5423682,0.5950532,0.65883964,0.67672205,0.73032975,0.31434008,0.053736627,0.124347664,0.78304213,0.0,0.09684766,0.010644973,0.84946316,0.16850576,0.14660105,0.7522253,0.20233773,0.54670006,0.34957784,0.025238542,1.14445,0.29709625,0.12434252,0.15416114,0.0,0.0,0.20505765,0.348102,0.021892153,0.66157794,0.13174783,0.26350918,0.25193787,0.36314672,0.034343995,0.2596335,0.018241841,0.4628945,0.30187917,0.0,0.04088677,0.73896074,0.172364,0.34280628,0.036884364,0.78252923,1.2830652,3.9450572,0.571707,1.7543757,0.05538752,0.1983996,1.4879191,0.039745282,0.019480642,0.0,0.65970284,2.3252223,0.0,1.5916039,0.008688871,0.8078942,0.0030639356,0.52707267,0.008105792,0.17146105,0.8396874,1.0218424,2.0918272,0.0035033682,0.12118433,1.4136548,0.25126022,0.67089534,1.0367854,0.581189,0.3160092,0.32748005,0.22680216,0.9152573,0.022175083,0.72995836,0.058784112,0.5398827,0.109847575,1.5103217,0.020966018,2.6607761,1.1083555,0.47103453,0.06518294,0.0,0.066017725,0.062472157,0.1367395,0.6565552,0.018036531,0.25905937,3.1578655,0.1046496,0.38293093,0.5290888,1.0510823,1.5136095,0.3638261,0.17556423,0.8538623,0.030397179,0.07733958,all_pothole_images\pothole_images_enhanced_6cfa4cb9219a99c343922fdda2b5cdc2.jpg
0.2867282,0.40978232,0.07925899,1.7771367,0.8154217,0.54339427,0.37992582,0.27991882,0.32296544,1.0431322,1.4553452,0.3141777,0.4134059,2.2663786,0.19837049,1.4069307,0.07038417,2.008434,1.647848,0.26497933,1.1124396,0.05032959,0.6225133,2.6680746,0.6190423,0.16660672,0.13883087,0.47050172,0.5321404,0.3644184,0.02496568,0.23213527,0.6730144,0.42469335,0.097023554,4.876263,0.6526156,0.33584446,0.69320357,0.10465419,0.6732985,0.47541302,0.26090994,0.18463646,0.040118337,0.9601786,0.5820784,0.22186549,1.6017417,0.71803653,0.8678304,0.4165511,0.061619714,1.433778,0.6544999,1.460643,0.92515004,0.1542365,1.6361412,0.14330116,0.3620143,2.1763177,0.31944108,0.28649247,2.2857842,0.431073,0.140088,0.3655809,0.23305537,0.07940025,1.1180135,0.4647163,0.3089836,0.37088698,0.064320035,0.6971212,0.66855216,1.0436075,0.61836606,0.27038398,0.027567364,0.92755014,0.20696262,1.7846208,0.10064612,0.7356804,0.10993748,0.014673416,1.6490276,0.8979942,0.22114715,2.1440241,0.97825295,1.1335359,0.27125522,0.053241357,0.8611212,0.7215884,0.8290227,0.98571247,1.7297509,4.347016,0.08117219,0.0579978,2.7236934,0.698025,1.085053,1.6809225,0.544661,0.6595396,0.31439513,0.22082286,0.5529322,1.5612103,0.6374844,1.5832497,0.22633412,0.38930264,5.449124,1.0811148,0.43780074,0.103428155,0.29109508,0.6983773,1.1559328,0.10342881,0.42713973,1.1964848,0.3629907,0.200799,0.65939665,0.66448903,1.0936748,0.32610276,0.79250777,0.6246091,1.2501525,1.1818026,1.2198613,0.22674955,0.3738865,1.2409536,0.12882921,0.2822025,0.20594575,0.31567088,2.7958305,1.0066167,1.2015976,0.61454004,0.21334317,1.0816327,0.947156,0.70737034,1.7296271,1.2965852,2.529099,0.20478529,1.4652885,0.4494269,1.1768174,0.85654664,0.06193986,1.2252749,3.3580766,1.1530504,1.2819306,0.11731056,0.9659033,2.1826944,1.1333308,1.6364586,0.2402775,3.2143285,0.49701315,0.16915683,0.2251985,0.06410742,0.3046193,0.1073579,0.45292276,1.6826912,0.69307196,1.2204057,1.9133277,0.35968053,1.52814,2.8699634,0.18507157,0.43565497,0.4091994,2.6383018,0.18464878,0.5760066,1.1750509,0.9978707,2.1311202,0.8937799,2.1307247,0.031429373,0.7568099,1.1019835,0.028449472,0.0,1.2297094,0.15085624,1.2178019,0.036439966,1.3569882,0.8767001,0.10781969,0.15339085,1.8100125,0.54589003,2.919621,0.40625677,0.84827375,0.14998007,0.34330052,0.5872779,0.41375935,0.0014927903,1.1363475,0.16504557,0.14828281,0.5751705,0.58122814,0.46279246,3.222525,0.48672706,0.37486374,0.030578747,1.4344926,0.43383294,0.031027531,0.9465148,0.64986986,0.2267472,1.2282284,2.2773654,0.08756626,0.03351716,0.12504949,0.33254758,0.66808176,0.3974723,0.22594213,0.5151255,0.06951497,4.59072,0.32534823,0.2953079,0.33725056,1.0486076,1.0966728,0.3701957,0.28477424,1.5423127,0.58810186,2.6606622,1.6175979,0.3102535,1.5182668,2.7302108,0.32778144,0.12924565,2.547862,0.39311752,2.3749418,0.28628188,0.43165413,0.020962635,1.5548507,0.5894621,0.13777645,0.25881955,1.1514114,0.6332001,1.562321,1.6882752,0.5659676,0.9156032,0.5783105,0.038304545,0.0063059847,1.5785059,0.5377,1.9224118,1.2733196,0.98475224,0.12467742,0.40768272,0.108219735,2.313592,2.6929295,0.24627985,0.42149916,0.20535827,0.8415754,1.3020958,1.4205182,0.8049419,0.6922474,0.039474312,2.6992822,0.7095066,0.60999626,0.07560346,0.83544034,0.71380854,0.5143312,0.5250916,2.5918655,2.141219,0.6353983,0.09052894,0.05824846,0.32063422,4.55841,0.5514606,2.0452445,0.029289033,0.82918406,0.29230314,0.04054736,0.8336108,0.0008592251,0.2551332,0.0070699137,1.0468091,0.97240657,0.80743206,1.0608348,0.47247678,0.4179203,0.0033505857,0.9418448,0.433597,0.5033371,0.5390213,0.84989786,1.075657,2.1707058,1.1564552,0.8342776,0.8714135,0.10086106,0.058372118,0.8017482,1.0155959,0.36768597,0.14684324,0.06872997,0.9010369,0.781193,0.08408885,0.41193172,1.9315026,2.087176,0.5313814,0.6977072,1.5194579,1.4054601,0.808287,0.35441053,1.0096257,0.1635689,0.60322833,0.49370924,0.71422344,0.91485703,0.29304853,0.5223659,0.6156601,0.8565086,0.9035669,0.024182156,0.07718497,0.27187142,0.12458249,1.962169,0.014661291,0.3618274,0.5369016,0.5560614,0.018720845,2.394342,0.6931691,1.3674419,1.154782,0.98906076,0.40495646,0.31351444,0.056427456,0.0,0.043887034,0.16944936,0.6206528,0.52445596,0.018563386,0.11473873,2.6511877,1.1612604,0.001119921,1.7004615,0.0038476204,0.8868007,0.42982778,1.2243048,0.70004106,0.052033454,0.19374213,0.21581942,0.9864653,0.4778761,1.6602067,0.6420771,2.567922,0.18651925,0.18118064,0.91945773,2.4695745,0.3923826,1.9810748,2.9367762,0.8848676,0.3855132,1.3869944,1.3989569,2.0365436,1.1419319,0.21341166,0.38284448,0.57825965,0.5958998,1.1602068,1.5439612,0.7384038,0.8347501,0.97361225,1.4776032,3.8151302,0.8631429,0.053448934,0.009800916,0.22191752,0.3437148,0.16801897,0.26565215,0.56822914,1.5043285,0.037991814,0.52590895,1.0964993,0.6148077,0.42728403,1.4212475,0.63667464,0.5448967,1.9009786,1.9203749,0.71234035,1.3116187,0.07626823,0.36264792,0.057385493,0.88200426,0.6957217,1.1037124,1.1337565,0.26124635,1.4968319,0.4983675,0.14131664,1.3003166,0.047359847,4.036329,0.7213125,0.17812788,0.08414977,0.21028213,1.0619761,1.1676699,0.87322134,0.30916628,0.56427175,0.25922513,0.0016124691,1.5082631,0.9077494,0.3777901,1.0477175,0.5278099,0.11630074,0.089844584,0.15318282,0.13906577,0.162175,0.057290707,0.70888066,3.1914034,3.2673936,0.8711947,0.11663478,0.06090125,1.6053337,0.36062193,0.4510346,1.2463415,0.5393373,0.4400895,0.4710603,all_pothole_images\pothole_images_enhanced_6d02f8e8c058fe5701a59cc359ff746d.jpg
1.3436874,1.2157989,1.2585378,1.9406916,0.013874353,0.04706469,1.0460922,0.30936998,1.3920935,0.46570083,1.0974121,0.82290626,0.7579855,0.72532386,0.67548394,0.23842846,0.9094382,1.3808893,1.2903242,0.9582479,0.19466555,0.40932637,0.6631616,0.7645,0.16206269,1.0260316,0.773288,1.1598059,0.4707676,0.0,0.41381213,1.3593552,1.0871261,0.726813,1.2467006,1.1322194,0.29888415,1.1504554,1.0577189,0.21347205,0.73015314,0.9200233,0.30204323,0.80429995,2.2908826,0.12979017,1.466387,0.42018828,0.35861632,0.3561928,0.14500481,0.0,1.1907617,0.52351254,0.27924222,1.3836735,0.55402344,0.06944304,1.5103015,1.229237,0.60094947,0.768303,1.3086869,1.1794486,0.2457364,1.3147745,0.17742227,1.497935,0.19050154,0.12431826,0.48889098,0.69791573,0.39480072,0.8287178,0.05683211,0.049158927,0.68976593,0.78033257,0.0010329293,0.28410512,0.6162008,0.017189922,0.9472214,0.7882807,0.040085148,0.43476835,0.10454232,0.0,0.3370215,0.074164025,0.169177,0.7062506,0.308903,0.042410746,1.0207343,0.55556375,1.7462149,1.2433236,0.012184405,0.5461544,0.05439639,1.6680989,1.5351562,0.41038808,1.0092812,0.15321735,0.061007835,1.2511258,0.23756342,0.2957062,0.103497855,3.066491,1.4419979,0.66203105,0.6169684,0.038166415,0.027492765,0.24851148,3.9665227,0.44813934,1.6660868,0.07079537,0.4671348,0.723377,0.39122805,0.18339871,1.7272687,0.053356297,0.89377344,0.11900919,0.8252908,0.14329362,0.22773688,1.268682,0.0154358875,0.2699291,0.15310338,0.16397451,1.034847,0.6535244,0.98898345,0.16414134,0.17283905,0.5696019,0.95764095,1.4686345,0.54363155,0.7484442,1.043149,0.06803777,0.12688689,0.6522187,0.015255444,0.20969225,1.4515182,0.12511015,1.1805815,0.09414914,0.8433122,1.0438888,1.5070989,0.7534561,0.0008459605,1.1957333,2.1305187,0.24129824,0.27651042,0.5307955,1.6759074,1.7802211,0.4049187,2.1019723,0.39021823,0.81561357,0.23526542,0.5282353,0.66261804,0.027308969,0.04086475,1.0368506,0.21881819,1.7293565,0.8237084,0.9395034,0.28226322,0.9564667,0.34409425,0.82866955,0.5551954,0.37425894,0.057401918,0.04990823,0.3125367,1.3937291,0.843374,0.28035355,1.8399141,0.9422419,1.6875908,1.0020481,0.1398518,2.7017007,0.07386821,0.09607309,0.6189364,0.84006715,2.840569,0.0,1.7050482,1.3937026,0.08938522,0.77511847,0.33500516,0.9792207,1.8722011,2.009208,0.5658028,0.18643565,0.700976,0.56617093,3.2255976,0.5962719,1.253266,1.3753848,0.0011842407,0.40739927,2.3689702,1.107001,0.38302815,2.7674897,0.7160979,0.55055016,0.84578097,0.51693237,0.92717844,0.06793751,0.8728317,0.2771651,1.0426213,1.7350118,0.049232896,0.47349352,0.8372837,0.18545695,0.05625597,0.15665476,2.5457218,0.49661335,0.76599455,3.1168895,3.1567924,0.40313572,0.1900349,0.15373792,0.4056623,0.8228578,1.4421743,1.0542542,0.9744735,2.9478784,0.110186525,0.30442744,0.77501535,1.4873729,0.297079,2.3379421,0.913292,1.5454067,2.0049155,0.010208426,0.66355217,0.27517563,0.045326956,0.35076368,1.1630365,0.6068419,0.29040283,2.838887,0.35193965,0.3429016,0.025973637,0.6771395,0.9651769,0.25184077,0.0076414933,0.057685763,0.5009654,0.042786777,1.7594767,0.07525194,1.8653104,0.28869134,0.7667812,0.4045309,0.24545918,0.51672816,0.088210784,0.6443858,0.22653182,0.95889026,0.77920264,0.2917456,0.5995964,0.7937483,3.865727,0.26042497,0.64909285,0.070175834,0.13111117,0.30361867,0.60742825,1.7825091,2.0518005,1.8220955,0.5132705,3.1103292,0.011220124,2.3325589,2.1541095,2.0816693,0.78534913,0.05479683,1.1651902,0.24477594,1.2108859,0.0757413,0.3902793,0.20539863,0.7733579,0.4528082,1.8019903,0.015241696,0.24211493,0.22168486,0.11502248,0.35243663,2.6055963,0.85914075,1.0405304,0.21677034,0.2676525,0.6080842,1.6981559,0.450995,1.4395285,0.89153165,0.41209546,0.38564712,0.32593384,0.6233284,1.5300326,0.7381288,0.6494072,0.8582167,0.25342155,0.10517959,0.20148696,0.23904726,0.38600546,0.0056410017,0.37695903,0.87663233,1.7990503,0.35609275,0.1412147,0.40704784,0.78501016,0.027276905,1.0472312,0.34932995,0.32475382,0.50120044,0.43749642,0.31907725,0.3363069,0.04141492,0.23317795,0.96453834,0.62004584,0.49898952,0.89314437,0.04017908,0.3324356,1.7134743,1.0039366,0.7429716,1.4645566,0.13271663,0.20293987,0.55214906,1.2783967,0.32224795,1.526085,0.1462886,0.049248353,0.017556773,0.81088287,1.0508729,0.47175884,0.30977166,0.49796185,1.707338,0.7144246,0.44516215,1.7064604,0.54600537,1.3586687,1.0277598,0.061508458,0.046965543,0.91542816,2.3340015,0.993706,1.7232208,0.08309007,0.96906346,1.2659888,1.7233518,2.1983123,0.91637784,0.52537537,0.34009767,1.207024,0.8895844,2.1496441,0.004888432,0.10218595,0.228073,1.680165,0.085587546,0.68517214,0.46386662,0.3458814,0.062167313,0.6018815,1.4345179,0.6414631,3.1823022,0.64750427,1.3618151,0.7573764,0.20806612,0.2920989,0.001319855,0.2961488,0.014187769,1.1018124,0.7073744,0.07942532,2.1774292,2.4147587,1.1416165,0.91964275,1.3114555,0.9701049,0.16084895,0.9414656,0.118599266,0.18090136,1.6848116,1.3351313,0.44954503,0.7491891,0.28884146,0.56732,0.44843438,0.4745913,0.009992226,0.052569628,2.1672404,0.277646,0.28375536,0.45973048,0.2581063,0.3107632,0.559594,2.9961927,1.5271612,1.5381764,0.8459164,0.24109715,0.4132825,0.5925153,0.87256575,0.032867905,0.55075556,0.56345034,0.71470284,0.39706576,0.005102183,0.14012204,1.2915748,0.13700789,0.61469406,0.0,0.0,0.7873446,0.94197327,0.083496444,0.4123975,0.2625639,4.0601397,0.4953147,1.8737503,0.49681222,3.1147785,0.7678085,0.10891136,0.08979298,0.6752102,0.35679883,0.45800063,all_pothole_images\pothole_images_enhanced_6d10f5fb52ec2a775a54b21bf797d2de.jpg
1.4384269,2.2037952,1.070862,0.34355003,0.998386,1.4516016,0.38358772,0.308085,0.40245134,0.33666307,0.24312855,0.5851631,0.19147399,0.53423923,0.7800419,1.259319,0.07112158,0.14209232,0.1327086,0.3009429,0.25924864,2.1957247,1.4288571,1.8265861,0.6724164,0.30261788,0.05505945,3.8458543,0.6764485,0.75568616,0.77473885,0.071829505,0.4868358,0.03072394,0.19352907,0.28835776,0.7402512,0.656951,1.7583848,0.67468286,0.4575274,1.2975204,0.33180514,0.35174286,0.21955651,0.8843983,0.15739144,0.28136238,0.28521875,0.0,0.22403732,0.3161129,0.8924244,0.5109348,0.6132647,0.35771197,1.579569,0.0,0.631636,0.847229,0.8242117,0.43318138,1.2665682,0.061512034,0.7342738,1.7366943,0.026183117,0.00828093,0.13083097,0.17036088,0.33855143,0.50015116,1.780014,0.6878316,0.16693085,1.2495041,0.546218,0.8516312,0.4806014,0.6457869,0.23618312,0.22467132,1.3108984,1.3313309,0.07488824,1.2826159,0.0008338164,0.032102603,3.7721558,0.5628643,0.48208308,0.9098878,0.043840464,0.12213798,0.97774976,0.024087608,0.8156486,0.48758322,0.5621544,0.61106956,0.018506767,0.7971675,0.030192625,0.11036568,1.3359946,0.19171104,0.014561559,0.8483512,1.9027599,1.2442968,0.40625876,3.0003269,0.8336314,0.03706149,0.21727489,1.0506849,1.3394673,1.6840376,0.8296562,0.96279347,0.6440611,0.25643015,1.1378477,0.43678275,0.58600855,0.69476175,0.74138975,0.37076694,0.34552997,0.09020949,0.52770644,0.96002924,0.5013247,0.24436557,0.016862337,1.0919371,0.09981232,0.34408316,0.36326644,0.66515046,0.49273503,0.7972834,0.32335615,0.6715379,0.17665496,2.535783,0.8646673,0.39068827,0.34321612,2.0798314,0.5581901,0.5793202,0.6200233,0.2788403,0.9243771,0.95817935,0.14406171,0.5470034,0.34859276,0.2956115,0.38431168,0.73711014,0.1587991,3.3872225,1.8839015,0.32300228,1.1346153,0.036625724,1.3501842,0.08531107,0.23554309,0.11742503,0.5428262,1.2743049,1.2939544,0.04331974,1.7149192,0.7066631,0.84609765,0.72389627,0.49489763,1.5809873,2.6089096,1.125178,2.4289162,0.042773582,0.54327554,0.21317695,0.13049014,0.9902017,1.0897173,0.05998717,0.32224825,1.5155247,0.63172364,0.0076996,0.32246315,2.2997952,0.44106638,2.0157495,0.052445114,1.4903992,0.43422076,1.9337374,1.0763031,0.88619083,0.56443095,0.3741019,0.6925461,1.0504205,0.024838187,0.4336518,1.8402969,1.4341929,0.32149366,0.31702805,0.85927963,0.19299065,0.94455117,0.2852195,0.16916831,0.23190798,0.0,0.5725381,0.40424645,0.7607006,2.5245113,0.5051306,0.4483001,0.30876318,1.5152364,1.8646187,0.34586883,0.0,1.1442682,0.2225634,2.1495438,0.0,0.12838958,0.0027655791,0.24076265,0.77924776,0.0728706,0.25492427,0.049504675,0.0,1.2475818,0.15413973,0.22501145,1.3336248,0.87050277,0.061505307,0.48410153,0.098289646,1.1784582,0.42057103,1.9230664,1.3915472,2.0930338,1.5901082,0.0021168792,0.7410284,0.674438,0.8416314,0.9128569,2.0994608,0.19503714,0.8251701,2.1578453,0.1414363,0.15826848,0.2537511,0.027538152,3.756068,1.4838033,1.1056998,0.17056257,0.3645325,0.06790601,1.9275836,0.0009710917,0.60623443,0.03775669,0.8270968,0.6829287,0.11792247,0.3571093,0.19823363,0.8260304,0.5955921,1.0206393,0.06103603,0.79312783,0.87621194,0.11942046,0.44711366,1.1201715,0.9229093,0.4003656,0.16108769,0.101714544,0.4901066,0.0014344176,1.1749983,3.2958193,0.044095326,1.0977312,1.6300528,0.7058221,0.0026700986,0.7622595,2.5990875,3.155246,0.5925688,0.15885334,0.0586487,0.11353912,1.1405803,0.38654733,1.0923895,0.24970178,0.51452035,0.43981212,0.10884378,0.24657437,0.26721704,0.19011898,0.100156724,0.22133346,1.381859,3.5414238,0.68010664,0.005806705,0.7126949,0.16087611,0.3680085,1.7283702,0.53384864,0.10386801,0.23549503,0.4193751,2.2346537,1.3367982,0.036294796,1.0296997,0.005083687,0.050231796,0.565007,0.37130654,0.8050004,0.15641391,1.2657734,0.8070306,0.098959684,0.40288016,0.009183992,0.13564943,0.47273067,0.2252764,0.5523498,0.22867015,1.284895,0.48250508,1.1753006,0.12839341,0.34576103,0.040174294,0.041864365,0.26468465,0.26197362,0.8574443,0.80027413,0.17228164,0.0,1.3168299,0.9954496,0.34867406,0.89450383,0.48943967,0.39318636,0.25241432,0.0,0.80335295,1.3378267,3.7537959,0.82941824,1.5122113,0.20648722,0.50936764,3.5621765,1.1281265,2.2774045,0.018757287,1.2809087,0.6415892,0.45352247,0.08205504,1.6774752,0.61411667,0.106210016,1.5490277,0.69638175,0.51619226,0.33852682,1.4661494,0.0,0.3289143,0.90134096,0.13350935,0.6013355,0.3317709,0.20883447,0.8231359,0.46461767,0.19642939,0.9744498,1.0469916,0.758115,0.8958044,0.019240594,0.64594215,0.7606577,1.7559801,0.24891408,2.101104,0.14953487,0.23981217,0.6958761,0.702638,1.1789353,0.41716772,1.343839,0.055620234,1.3268707,0.62177104,4.607002,0.60946256,0.7480853,0.3459484,0.65777093,0.4267711,1.5144609,0.23540251,0.13218385,0.0,0.19771945,1.3685894,1.5582812,0.014688036,0.5621349,0.09519136,0.17245232,0.9160722,1.5677872,0.39872694,2.4405103,1.512287,1.6442679,0.36410305,1.0242916,0.6161662,1.8996208,1.0421661,0.07492447,0.9798554,1.1415756,0.30849603,0.540973,1.2545949,1.5176704,2.0322595,1.11873,0.28064018,0.05897905,0.20817694,0.403553,0.93970346,0.16961226,0.50443554,0.5902603,0.5166009,3.8073318,0.15426694,0.3064017,0.0,0.6774236,1.8956509,0.54537505,0.6588954,0.00021552773,0.8236205,1.2528261,0.04277848,0.34289733,0.17064324,0.7038563,0.7949857,0.1711541,0.11720066,1.184533,0.026588783,2.3539767,1.4320533,0.68450266,0.0013767659,0.18042916,0.0038469876,2.113718,0.32679927,1.0560797,0.82872576,0.21811578,all_pothole_images\pothole_images_enhanced_6d413d51d8268e3eaf1e1b3bd8d94a28.jpg
1.1665115,0.45151162,0.2866394,1.4851509,0.6427091,0.27546996,1.941347,0.022638155,1.2652084,1.3208736,0.35306907,2.2098403,0.22958459,0.40923592,0.06191647,0.7309559,0.068834156,1.0907729,0.7689262,0.37305343,0.54682344,0.91314214,0.0016173105,0.47196668,0.34806377,2.1225786,0.14421368,1.9352971,0.3524342,0.055113014,0.02588273,0.7175906,0.26272562,0.84200925,0.022460332,1.0367708,0.17317599,1.2752122,0.012338678,0.20746695,0.22026606,0.6790589,0.9143939,2.5722387,0.7374457,0.84250724,0.182009,0.007813547,1.1576471,0.8267942,0.008297844,0.13273108,0.022662247,0.39471602,0.80471194,2.286771,1.5663632,0.91622025,0.8740166,0.40836638,0.037867688,0.10009602,0.7133429,0.71761525,1.3809559,1.0923321,0.82957155,1.061499,0.43486917,0.42656147,0.4321975,0.3215342,1.3021374,0.014564369,0.36052907,0.41939625,0.21958584,0.0769182,0.08000938,0.18099888,0.95437855,0.7943794,1.0356715,1.170455,0.34766176,0.14146346,0.1739968,0.083664924,1.4953979,0.23257568,0.28859517,0.35178196,0.11205704,0.316046,0.60928684,0.040161915,0.51488304,1.4053864,0.16205056,0.059543565,0.21229775,1.4579474,0.78892833,0.0014003873,0.07793913,0.5288869,0.46043897,0.23909232,0.39138445,0.044010233,0.03261861,0.54413205,0.13410684,0.03586889,0.84485877,0.014110738,0.15077253,0.24618639,4.0610857,1.8781329,0.82248753,0.0012803074,0.59028906,1.1052195,0.4654171,0.65601987,1.4691879,0.13986245,0.21920371,0.097814664,0.16157474,0.0241942,0.35031092,0.11566022,0.33545864,2.016205,0.6934085,0.13387272,1.4366467,0.08556487,0.06435388,0.08435697,1.298526,0.26687744,0.0025424592,0.63758266,0.0059731053,0.17182457,0.22110128,0.7734876,0.09249287,0.4137454,0.07659168,0.023396423,1.3654393,0.27678323,0.60143363,0.16983071,0.9788801,0.5066078,0.021284685,1.4115877,0.8917221,0.5382989,0.3956548,0.07384693,2.3261442,0.006034891,1.6641983,2.1987069,0.058306884,0.07915218,0.041784417,0.056816977,0.09751092,0.38876206,0.24269149,0.003883397,1.0575293,0.48436362,0.03168639,1.4727031,1.4342266,0.5001459,0.5382554,1.2624642,0.46712577,0.5635054,0.05650324,2.6681468,0.29830137,0.053084303,0.07011912,0.29877037,0.6325085,0.7668031,1.4032792,0.498051,0.047830224,0.34105292,0.37105846,0.8794238,0.3839362,0.18531811,1.1072413,0.39914224,0.895795,1.1502589,1.0084429,1.259711,0.0,0.25719824,0.32938975,1.1836169,0.38154212,1.1176236,0.48730832,0.49952996,0.28215653,0.5815031,0.2972785,0.7772869,0.7028254,0.4049139,0.0,0.058293838,0.7770246,0.15184332,1.982725,2.2631574,0.12870108,0.010869186,0.6067328,0.0,0.43418336,0.009911615,1.1522969,0.46659312,0.0,0.71517116,0.21013193,0.96128947,0.46364078,0.18938442,0.01054006,0.44345555,1.2138122,0.11799702,1.3967979,4.305058,1.9338503,0.18043387,0.020438837,0.52536845,0.13193467,0.7377551,0.7404434,0.31515858,0.72958153,3.0799308,0.14152937,0.54209113,0.2449622,0.18132313,0.5703278,0.24907996,0.29699698,0.16974023,1.218578,0.7688032,0.069383234,0.036090907,0.08049221,0.10762567,0.75769895,1.2026643,0.019232186,0.128223,0.59930384,0.32403836,0.5463766,0.9096894,0.08242969,0.3938885,0.03766508,0.7441985,0.4783177,0.35756594,2.039945,0.47273985,0.002667452,0.038632184,0.19520697,0.92792857,0.45235813,0.110325634,0.08382849,1.8219239,0.16255064,2.7581053,0.0814076,1.2640204,0.27991882,0.24786921,5.3583546,0.10072341,0.14171188,0.024266282,0.33300945,0.508581,0.97594047,0.5529696,2.568284,0.40742418,0.90309453,0.93741494,0.765328,0.37579632,4.8629074,0.6546904,0.05335017,0.05549278,0.40957057,0.05377095,0.03237403,0.13595791,0.1480274,1.0418742,0.7092065,0.89336926,1.4006119,0.0003136953,0.007765753,0.44207916,0.0,0.745839,3.3080027,0.22125384,0.2273797,0.31424832,1.4647024,0.14050604,2.715843,0.78184634,0.51455516,0.2466698,0.18968977,0.56225824,0.23019962,0.33879843,0.30313823,0.11546993,0.11806154,0.04865717,0.44450602,0.21167612,0.37380397,1.6839345,0.19618177,0.2093881,0.7125272,0.28005108,0.3254718,1.2950714,0.039950594,0.2725837,0.48895913,0.0096864775,0.022692505,0.8563201,0.6015031,0.26165706,1.4588813,0.073558465,0.0,0.80787235,0.1348223,0.043104623,0.096900396,0.7768517,0.687154,0.39460832,0.23356217,1.2097325,1.5649551,1.7250801,1.0264345,0.038873754,0.62429667,0.49494457,1.9489992,0.09767965,0.039548475,0.15476678,0.03245426,0.033122934,0.30568317,0.14594218,0.45119208,0.020905674,1.1088887,0.49601215,0.010028165,0.23057793,0.32467797,0.3439006,1.2814143,1.4400284,1.4576371,0.022303691,0.29223126,0.4414855,0.030310713,1.7043849,0.9976739,0.18874864,0.6572216,0.20136541,0.8841648,0.2588281,1.5270981,0.8084508,0.20916876,0.7786957,1.0828161,0.11491656,0.13108945,0.4534681,0.0029977644,0.5067741,0.20613985,0.24924164,0.044419818,1.3195668,0.4085756,0.9864375,1.0510882,1.0979278,0.0,0.8892853,0.14997773,0.2540842,0.14049304,0.099653326,0.95350987,0.0,0.44559065,0.21052071,0.19322792,0.43764338,2.286497,0.19415398,0.400125,0.2166035,1.4723666,0.11104943,1.0146292,1.3078367,0.31022388,0.72948366,0.80823874,1.3544898,1.8137856,0.5164391,0.1990242,0.6343372,0.21350762,0.047024477,0.6499721,0.24823892,0.06418554,1.080418,0.09461753,0.1802379,0.18542452,0.013969161,1.3462001,0.3816346,0.6342251,0.008178067,0.09667444,2.0720232,0.11953173,1.4073172,0.078672096,0.9774348,0.3921603,1.0214306,0.52561504,0.03589611,0.46276715,0.8468853,1.5253195,1.9039888,0.5459793,0.07872422,0.0,0.21836428,0.42194408,1.3190422,1.7612051,4.080793,0.27714875,0.010160272,0.6213602,1.7791018,0.39461765,0.06843118,0.49580148,0.2702315,0.015516652,1.4473252,all_pothole_images\pothole_images_enhanced_6d7966df380544e9dd9361d870171c9c.jpg
0.6817985,1.8810987,1.7637744,2.0460677,1.2193675,0.043933652,0.23205125,0.0,1.3580316,0.13951658,0.05857196,0.70417845,1.3432403,0.8517485,0.7560543,1.203907,0.06080556,0.0,0.36588162,1.1697252,0.5705055,1.7619395,0.11190899,2.427908,1.7037203,0.049316872,0.52739686,2.14252,0.1374042,0.7524908,1.1125877,0.5919421,0.36621606,2.2556732,0.2813969,0.28566894,0.65858316,0.44089895,0.80157703,0.8869395,1.0112249,0.04326505,0.13643067,1.0753945,0.96249396,0.032842863,1.6359181,0.264943,0.43133295,0.3450206,0.13300996,0.75809747,0.29489547,0.06261188,0.051206674,0.11979654,1.4236745,0.008700252,0.15889087,0.5944766,0.09253007,0.68732095,0.3460096,0.07908612,0.24786504,1.7953763,0.033951838,0.003505754,0.13779151,0.4702107,0.21023712,0.1822293,0.4964447,0.03541627,0.13802801,0.9265652,1.6324725,0.9507805,0.0,0.13817246,0.1798012,0.41846675,0.19374695,1.1132659,0.39220816,1.593859,0.08163837,0.9101525,3.1769109,0.22541723,0.06776259,0.5600041,0.40070328,0.1705269,1.6117666,0.50065076,0.27857554,0.73174906,0.60066795,0.29060596,0.13458087,0.23506622,0.003403185,0.99228233,0.050041806,0.13069284,0.057316557,0.14467332,0.37784225,1.0718116,0.7379717,5.122217,0.8613094,1.2341704,0.44188377,0.53962195,1.8469467,0.12324402,0.32494465,0.55723584,2.4102345,2.4043655,0.46877408,0.93840355,1.1978297,1.0853786,0.7049797,0.88406044,1.498842,0.24257275,0.73292166,0.03353988,0.094749354,0.07359811,0.30180168,1.5863057,0.1669003,0.22522455,0.30359995,0.09174004,0.16510902,0.23839335,0.16091734,1.007805,0.12671006,0.09817817,0.7753185,0.8447454,0.8596027,0.7130652,0.82020247,0.3193417,0.19505574,0.24230684,2.088275,0.09725317,0.3315323,1.4082338,0.50332415,1.3866496,1.0049648,0.8931667,0.026256923,2.0989156,0.09874256,1.2431936,0.08431823,0.0011012108,0.7817472,0.7852568,0.0016910257,0.006255768,0.37295932,0.15742569,1.6021932,0.06318895,1.187455,0.0,0.26380885,0.344932,0.0,2.663236,2.7009408,2.9581757,3.1994193,0.6055033,0.06679478,0.98664844,1.3579178,1.7444891,1.0927876,0.6157377,0.010492011,2.2700553,0.981605,0.0,0.14815299,5.2990503,0.3639573,0.65439767,0.58336216,1.108337,0.44868502,0.6223681,2.6094546,1.7566032,1.4733579,0.3747795,0.81083274,0.52569455,0.0193056,0.26087135,0.5285914,0.4450515,0.41764325,0.8683587,0.087737046,0.8181648,1.8166397,0.32718456,0.99380887,0.0037021467,1.103527,2.6798384,0.06813051,0.2188105,1.5127436,0.2468693,0.8382607,0.0801778,0.329282,0.44427663,0.78979415,0.0851861,1.2798094,0.5569029,0.8344573,0.7397777,0.32399562,0.057346333,0.821415,0.0025632281,0.18094541,0.11494091,0.0,0.21398973,1.5081708,0.12772417,0.8759415,3.4300942,0.46602523,0.101060964,0.9478456,0.44246942,0.14566834,0.0,2.3404646,0.41516525,0.14982532,0.23103781,0.37586397,0.033510536,0.56996346,1.2702045,0.02060315,3.2092562,0.11270517,0.4842706,2.5357373,0.5380166,1.006011,0.22402547,0.013545839,0.8380854,1.5525585,1.4043876,0.18168293,0.9352297,0.48027766,2.041412,0.06563868,0.44675618,1.2834567,0.27840823,0.88755965,1.0241814,0.67848855,1.0707763,0.13884044,0.54291135,0.28969288,0.044985186,0.2506371,1.6283311,0.6357237,0.29901087,0.60415316,0.820796,0.56541616,0.8327955,0.46996465,0.035695456,0.8821368,0.8869415,3.9088585,0.232661,0.0012329412,1.2333405,0.061015118,0.07710223,0.01176643,0.41538173,5.692767,1.5424212,0.32085383,0.93573684,0.0055509824,0.28786042,1.7934439,0.21931522,1.0782737,0.23097754,0.28033054,0.34842184,1.5662742,0.41290054,0.521989,0.0,0.2382206,0.31260875,4.3132854,0.06811903,0.20080192,0.07994724,0.03347563,0.015213558,0.64748025,0.054573633,0.06901524,1.3103555,0.27567545,2.9381413,2.559494,0.7271161,0.90910697,0.03499758,0.340854,0.21601646,0.011232491,0.8542407,1.2118616,0.50857455,0.5011729,0.12057554,0.0058324775,0.037473015,0.12292824,0.6613027,0.023593238,0.9017399,0.63939804,0.19567622,0.66586256,0.7106558,0.0,0.596936,0.33638692,0.71106327,1.1166053,0.15806715,0.34057724,0.79868907,0.55714315,0.59647626,1.6135001,0.9948403,0.24715215,1.4780997,0.76530546,0.30904785,0.006714288,0.096671894,2.1641624,2.2818487,3.724676,1.0412064,2.371268,0.0363321,0.009889691,2.4443922,0.7265821,3.4499078,1.6758091,0.08087944,0.023050562,0.9469987,0.415976,0.8150778,0.7069085,0.8495913,2.3035305,0.35934046,0.123353414,0.7348447,0.3413499,0.05568432,0.82138807,0.7155809,0.11502808,0.014800173,0.31698918,0.9185817,1.6170037,0.20393512,0.10611377,0.36662483,1.3641541,0.47696406,0.17092687,1.1192068,0.11125219,0.024514558,0.60519874,2.5440319,0.96250397,0.3811843,1.2117299,0.49864405,1.1048183,0.38788724,0.26077092,0.6663795,0.0785142,0.43237895,0.01745897,4.4347463,1.8339185,1.5660042,1.1038096,1.2948638,0.22887392,0.43841544,0.022455132,0.7104022,0.06397364,0.13477722,0.25615242,0.18665563,0.13020769,1.6047983,0.95149726,0.028908487,1.0067573,1.7647722,3.0236695,1.1021577,2.583917,1.2465192,0.2107747,1.75574,0.06463596,0.5364776,0.10250108,0.11113543,0.0109258415,1.649287,0.32150573,0.72597533,0.4099405,0.3327264,0.6735737,0.836775,0.1455595,0.0043765474,0.26430842,0.4875832,0.0427476,1.1729385,1.7809783,0.1032914,0.8660885,3.9400322,2.167699,1.8823159,0.20695242,0.21678199,2.2368255,0.71901333,0.83134866,0.23755811,0.11132711,0.84721786,0.3748418,0.09696614,0.005208363,0.0,0.05036345,0.1619574,0.0005825917,0.047777895,0.74148595,3.4362786,2.326855,0.2584957,0.14947058,1.8232913,0.0630513,1.2337428,0.15018068,0.47772807,0.23247051,0.18665949,all_pothole_images\pothole_images_enhanced_6d7b2461441ad9b2473995d4a5acc2a7.jpg
0.010939671,0.668369,1.0184059,2.120933,0.08597051,0.9422221,2.1049848,0.16638704,1.057218,2.0861626,0.3751453,0.48950732,1.0585614,2.505022,0.8801646,0.54295725,1.0385684,2.0040329,2.128165,1.0701367,0.5478851,1.3759623,1.3347249,0.8617831,0.125922,0.4239627,1.7832638,0.53564924,0.92496717,0.20982096,0.5392921,0.68848294,0.45746362,0.8463558,0.6330279,0.22826318,0.8852227,0.7630876,0.66310626,0.5331345,0.12869713,0.289707,0.5125055,1.7328305,0.12333912,0.61087364,1.0040292,0.92773664,0.35222363,0.6232735,0.36224028,1.5971828,0.49966118,1.5560212,0.70801854,2.3256025,0.784151,1.3433701,1.1451102,0.65282995,2.0914752,2.054611,1.0284256,0.8232798,0.3191141,0.5370716,2.1134796,1.2230409,0.70778745,1.7249805,2.094292,0.20734623,0.2721621,0.5709799,1.7510204,2.2415438,1.002555,1.1143436,0.89049935,1.2816777,0.19119027,0.46472856,0.9832261,1.4979835,2.2866647,0.500278,0.34551805,2.12421,1.886319,0.6488374,0.48645204,0.43592414,0.7781582,0.33501893,0.49446806,1.3900753,0.7135531,1.7072725,1.4741671,1.3062208,0.6940066,1.2352992,0.2782695,0.7591721,0.8839638,1.1088215,0.30089983,0.60756034,1.5568615,0.9732529,0.70985144,1.805057,1.2035722,1.6219233,0.3079514,1.5268974,0.14989652,1.4349157,3.106487,0.5782806,0.19854778,2.30198,0.280741,1.5563525,0.38499674,0.59141105,1.9126596,0.8089557,0.27876964,2.1242995,1.9930888,0.48346522,2.6965234,0.798673,0.077405654,0.5043007,0.7134942,0.04565409,0.063568555,0.62652713,2.4041963,1.0399767,0.84086555,2.3707747,0.44338816,0.074005775,0.7165571,2.819461,1.0049537,0.5200809,1.5936612,0.3633475,0.3215591,0.17056592,1.5703589,0.3684251,0.7261691,0.16263959,0.75499696,1.7570355,0.3281843,0.44029358,0.008717849,1.9178507,0.96339476,0.87498707,0.810285,0.3759107,0.70383644,1.0221956,1.3564163,0.6040339,0.5397946,1.570049,1.8172343,0.3482559,0.02667042,0.051460423,1.3916339,0.16251914,1.1010549,1.4187297,0.61008364,2.7903304,0.039553754,1.4365381,0.23947991,2.2998002,1.3029126,1.0017847,0.33517542,0.32646096,0.16850477,1.1656479,1.5418274,0.4546421,1.2208699,2.433594,0.6271599,1.414037,0.5276874,1.6146115,0.3731891,0.10892126,0.45993975,0.84625983,1.3466161,0.7241549,2.5652225,1.3673905,0.8042901,0.748241,1.1465199,3.1595433,1.4074508,0.9103956,1.671231,0.30497983,4.322307,0.16327453,0.4855403,0.96783143,1.9776995,3.5647857,3.0780628,0.6161252,1.9650686,0.87446237,0.6148366,0.2955323,1.1298364,1.8866739,1.1360456,0.6970073,0.18879868,0.5885822,0.054380544,0.7373772,0.532446,0.3013239,0.8878119,1.2820663,1.9266415,0.47800615,0.1787276,1.3655657,0.5594614,0.042833842,0.5358337,1.2736148,3.3148823,0.34475622,0.15548657,3.3508096,0.96255165,1.8787279,0.81885225,1.7044556,1.204997,1.3449719,1.7447482,3.1474192,1.0913771,0.53408325,0.17387412,0.5001338,0.3652837,1.0778153,1.9695051,0.036769304,1.4624783,0.59929204,0.7747743,0.10768291,0.36148667,0.37319085,0.5194851,1.9064827,0.540664,0.2976344,0.18564168,0.05850378,2.5437763,0.3656121,1.140392,1.0052675,0.62926584,1.753701,2.5817835,0.7390919,0.4596077,1.2120595,1.8734819,1.6202103,0.5054925,3.052151,0.42238328,1.4398504,1.3372421,0.89746934,0.3291654,0.93362796,0.1107808,1.2828847,2.5676951,0.24581957,0.5074348,0.85558534,0.37826622,0.9444356,0.54848033,0.5119962,1.7521013,0.616282,0.6936475,2.4415803,0.06908286,0.7443647,1.1450106,1.4660712,1.2093841,0.24895257,1.1970419,0.95431656,1.8976048,0.5588406,0.56378704,0.047399558,2.6673567,0.64741117,0.32703516,0.15758961,1.2696462,2.6070051,1.5370888,0.19983949,2.7639983,1.8528047,0.5682389,0.47149485,1.9052992,1.8273581,1.4051249,0.40655077,2.6114028,0.48850498,0.09640237,0.30012935,0.2157836,0.16594863,1.999474,0.47462952,6.291307,0.6492223,0.026929729,1.7051994,1.1069864,0.25750706,1.7000122,0.5232742,0.7519629,1.2473124,0.66912514,1.1522771,0.07004807,0.7895294,1.459978,0.57445747,1.2282338,0.93474,0.9009568,1.2219795,0.7562956,0.2640094,2.831953,0.035099175,1.563971,0.99839175,1.5985768,1.2818412,0.6095972,0.22061768,0.54355997,2.5428183,0.56199723,1.1493924,1.6204938,0.18105082,2.1269057,0.17729987,0.8430444,0.7007409,2.1663995,0.65050876,0.07248805,0.10482147,0.8690688,1.0673414,0.41883585,0.15656035,0.5944638,1.3661739,0.5582093,3.1732433,0.40504214,1.7331014,0.99795777,1.5845383,0.5297369,0.38178775,0.8518383,1.942035,2.6214237,0.28753343,1.1055474,2.8141696,1.8529909,1.5710802,0.17406383,1.9748825,0.43676555,0.8210968,1.0834712,1.1358612,0.8012805,1.1002274,0.6890318,2.4331784,1.4843963,1.2898872,1.1082183,1.0068604,1.1946161,1.0627062,0.085094415,2.5450163,2.2010167,0.8193479,1.5561261,0.49049073,1.3188635,0.8365029,0.22134504,0.115515396,1.56577,0.0,2.1617062,1.5582031,0.2921624,0.26712874,1.93493,1.035071,1.5595547,0.2839219,0.015852645,0.51399,2.0342085,1.164704,0.7014377,0.43685532,0.8097331,0.31225148,1.1663065,1.3026997,1.3176626,0.8343684,0.38582605,2.3789806,2.5480907,1.6850283,3.0994518,0.7609671,0.07846361,0.3858177,0.34177905,0.86406994,0.2724735,0.74586076,1.9818044,1.0142547,4.45056,1.0180353,2.3514078,0.9160869,0.12216902,1.8626834,3.777775,0.57945275,2.7601154,0.056187034,0.94774055,2.8269708,0.9374983,0.26984254,0.52581114,1.7216642,2.4432132,1.1267855,0.36761832,0.304883,1.0597135,2.5490007,2.5690947,2.6738527,1.7935482,1.0365076,0.060439833,1.8964753,0.7022213,0.17494439,1.0575724,0.32389787,all_pothole_images\pothole_images_enhanced_6dd15564f63c2548b0c11b2fe028bb55.jpg
0.16684198,1.9386482,0.38777363,0.26183033,0.66653603,1.8685415,0.18868081,0.36382845,2.0561311,1.0495152,0.355388,0.984638,0.53827256,1.4324642,0.4922409,0.0033864055,0.014615166,0.3612577,0.77660197,0.033386692,0.3914931,2.5141861,0.1424222,0.20513359,0.84076893,0.89261687,0.08109527,1.170989,0.41038603,0.8263875,0.23554116,0.025823466,0.9171736,0.17979012,1.5863765,0.22599815,1.2501547,2.14781,0.10782799,0.456091,0.7470146,0.37726825,0.5648548,0.3241436,0.8463005,0.13314985,0.086095825,0.0162905,1.1192273,0.0833218,0.67785615,0.73175824,0.2573134,0.9083118,0.08856809,0.27950138,0.6256674,0.11654433,0.18180943,0.82357895,1.6537058,0.85315657,0.47885677,0.7331701,0.5047978,1.417355,0.6280199,2.8478305,1.6736615,0.20105286,1.9273211,1.1311898,0.1436985,0.015266408,0.5787723,0.42964998,0.4702473,0.084786706,0.072289415,0.7767802,0.92075855,1.1881535,0.28159687,2.5464177,2.287315,2.3792076,0.50740826,0.43960145,0.937514,1.3000796,1.0073707,0.50157416,0.6825565,2.6774256,0.4682656,0.14306776,0.92868245,0.2624921,1.4641545,0.09600935,2.3733757,0.17968547,1.6614108,0.079117276,0.08174001,1.7266359,0.17560694,0.8173466,0.08219414,0.00682032,0.011568264,2.193505,0.4532902,0.70353097,1.230844,0.22849631,1.3928263,0.9970259,0.82153726,1.3936306,2.3509119,1.3630605,1.7991897,0.8152403,0.016178135,0.40258065,0.06402647,1.8169119,0.86399305,1.8256059,1.1268979,0.6971355,2.4642308,3.0917678,0.61932445,1.3258629,1.4426662,0.041801676,1.7182629,1.1119609,0.5114065,0.7804704,0.004400868,0.41619164,1.6180756,1.2737396,0.5010928,0.83067226,0.365277,0.2336717,0.098902956,1.872474,1.3972626,0.21714258,0.55724657,0.4306703,0.019538604,1.5287058,0.87577724,0.14876992,0.5988598,0.9721277,0.41709435,2.8124378,0.10330629,0.33168146,0.5514421,1.3232849,0.82324076,0.6235234,2.3824496,2.3336043,2.198887,0.9390914,1.6482544,0.2628202,0.027738797,0.80135965,0.20488349,1.6609489,1.4260101,0.4166928,0.9778219,0.49322322,1.2656217,0.1559717,0.13450031,0.031084036,0.88205624,0.19048445,0.9817604,1.9488164,0.7020343,1.6055379,1.5219284,1.9255698,0.00042665444,0.9709715,0.192621,1.0538225,2.6705234,0.24330555,1.6283921,0.43542993,1.6453773,0.07906222,0.09664377,0.34448615,1.2117778,0.53261524,2.2167,1.2735907,2.30695,0.8749214,0.6882182,0.012715127,2.1183898,0.70119256,0.4780264,1.2872738,0.28952906,1.6355337,0.448503,0.108832166,0.64755845,0.058127172,0.98667717,0.0043166825,0.4973951,0.010870882,1.0135586,1.2518739,2.6070688,0.2615593,0.7785266,1.174249,1.1008275,0.72492737,0.31224874,0.22431576,0.7480836,1.8903021,0.40701094,0.38278517,0.9995363,0.0037364855,0.11394775,0.32384828,0.53568774,3.4047196,3.0586061,0.23322113,0.42009774,0.87889975,0.9259,2.3998482,0.48929068,0.38580504,0.38265157,0.0756237,0.26927048,2.4331517,0.118936926,1.1225815,0.29485238,0.3835309,0.82151264,0.90199494,0.80517656,0.782902,0.7029189,2.7599711,0.27761224,0.36384684,0.52882445,0.9715955,0.08029351,0.25268483,0.32134226,0.9553006,0.44855684,0.8600215,0.26889676,0.40790087,1.3754262,0.10324003,0.48963654,1.6932945,0.007790746,0.5278761,0.005549239,1.6782117,0.0012368511,0.09008415,2.6201003,0.31507555,0.83212066,3.9499798,0.5295778,0.15452012,0.5012584,1.8764902,0.025083672,0.1719637,4.061152,0.2747558,0.1362634,0.6695964,1.0654536,0.16035981,0.09582214,0.018843248,0.9435275,0.05514527,0.4747237,0.41846117,0.68798435,0.91488326,0.45291245,0.07520297,0.4068332,0.050170805,0.44056726,0.63728905,0.7056399,0.7836189,2.1521387,3.4660125,0.32192534,0.9865845,3.5455782,0.10424361,0.000642211,0.35864836,0.69645536,0.97522646,1.6738411,0.011177159,0.7508355,0.1197797,1.1450891,0.3632371,0.51629543,0.38362673,0.90622646,0.07256915,1.4285548,0.56097764,0.9191295,4.343824,0.44724476,1.4545842,0.90197456,0.7333769,4.512105,1.3747395,1.7442873,1.5734624,1.2578385,0.6215412,0.03886866,0.21293391,1.2823269,0.07175455,0.16239293,0.09076185,2.9464884,0.7969016,0.6210436,1.826725,1.5954053,0.31919906,0.1852649,1.196479,0.9589916,0.05869798,0.8613259,0.25962585,0.05987754,4.4262385,0.07239517,0.2703852,1.4398849,0.34485438,3.9243693,0.69853246,1.0589135,1.1175152,1.1924405,2.3382764,1.8252772,0.24609493,0.027225232,1.0022358,0.06294718,0.9055654,0.1349504,2.1987488,0.064555556,0.5834251,5.0575366,0.24604037,0.05801206,0.15868281,0.12569214,0.09285028,0.4900116,0.36144322,0.02566176,0.070044436,0.18834934,0.07161917,0.46006525,2.3476846,0.12115167,0.2807867,2.2651408,0.24139328,0.19556837,1.7431674,0.03953359,0.0,1.0374752,2.640157,0.45821184,0.10855156,0.025266355,1.439071,0.09741183,1.7335837,0.41927135,3.5301998,0.17483103,1.1017544,1.1262157,1.3527718,1.5401845,0.31314301,2.047645,0.9088782,0.06282706,0.1704903,0.0001872461,1.2008202,1.058098,1.6877,2.315716,1.0355555,5.2350492,1.508374,0.3591098,1.3375225,0.12915331,0.29765826,0.82990557,0.2648239,0.41799468,1.4894222,0.2156282,0.2994492,0.18022889,1.3730962,1.0175955,0.94683206,2.7889912,0.47493666,1.9344205,0.0,0.9776072,0.2884665,0.72093123,0.28116894,0.21711248,0.3313554,0.7353656,0.11775146,2.492204,0.60931575,1.182966,0.8010437,0.47646794,3.0673912,0.35471478,0.013949956,0.040218554,0.6907424,0.71745354,0.30150297,0.1610836,0.011241376,0.711892,1.1575854,0.060724266,0.5580073,0.3800432,0.8849247,0.09651462,0.93736994,1.3251623,0.5172467,0.7455606,1.6982017,0.129554,0.06810159,0.30962896,0.111098744,0.51862115,0.29594892,0.84930104,0.2419439,1.9260867,0.6444395,all_pothole_images\pothole_images_enhanced_6dda65449ff7ae559ae9c8aacdd2c21c.jpg
0.10776586,1.5665718,0.92037135,0.45905155,2.6151192,0.47958156,0.39546064,0.52941865,0.111380115,0.6581529,0.97633314,0.50595015,0.68584937,3.7598135,1.2394109,0.6467809,0.51354825,0.06193893,0.33042097,0.7179605,1.1783134,1.3434908,0.5862155,0.8427999,1.2351406,1.0513012,1.1810914,2.6620977,0.5729616,0.09103222,0.42383438,0.27103832,1.0647097,0.4960456,1.1752336,0.3174432,0.60721654,0.80413723,0.0054298304,1.4662391,0.47496387,0.38723108,0.5884164,1.1618357,0.5963362,1.169231,0.110277526,0.05964594,0.71522933,0.70576364,1.0298089,0.52471656,0.989221,1.4134182,0.4346599,0.5470046,2.1430118,0.03864418,0.20560817,0.45239723,0.26762637,0.07924738,2.2521,0.48957443,1.1362972,1.2191952,0.36035118,0.7241129,0.0550567,0.8310135,0.4890932,0.67848694,1.022043,0.10653319,0.37648505,1.8834592,0.76439273,0.5908137,0.004737082,0.07351512,0.37038344,0.73135227,0.22135131,0.8110629,1.2599132,0.24627206,0.26377472,0.2512989,2.6984315,0.045429185,0.10204492,0.26767355,1.0454785,0.6119415,0.16807672,0.60935235,0.4933916,0.33386895,0.8359764,1.109362,0.30887786,1.7150362,0.2707147,0.5114762,0.038068235,1.9196545,0.3905199,0.738218,0.086788036,0.12346538,1.3527813,0.7397388,0.060806513,0.87349963,2.028567,1.1987516,1.1745061,0.47516367,1.0871776,1.8536216,1.763001,1.0540849,1.1808732,0.575196,0.5263418,0.58653855,1.2403036,0.76048774,0.45082566,1.0223057,1.119607,1.5990275,0.28822765,0.9415914,0.34155405,1.5494703,1.3019899,0.39391088,2.0973468,0.12817815,0.7297059,1.2013831,0.23699452,0.69732106,1.9289032,1.0487938,0.25764558,0.10222324,0.2915621,0.9422277,0.74122095,0.9802657,0.13030893,0.008841403,0.38900235,0.25872698,1.4491813,0.24357192,0.13908972,0.28014037,1.6301724,0.018199367,0.7675374,3.3938353,0.27036446,1.2203034,0.86551446,1.0249482,0.93918717,0.5704941,0.54380697,0.01417054,0.2529626,0.9431853,0.40210584,0.28477442,1.3038198,1.6567055,0.24152185,1.4998206,0.35429296,0.73086905,1.7132045,0.46777427,1.1474478,0.487716,0.23354962,0.30977297,0.02894692,1.063943,0.6591306,0.24630626,0.052842207,2.5993357,0.5554839,0.50926244,0.46304703,0.0895781,0.16581905,1.8829734,0.1613123,0.5142933,0.5366329,1.2061099,0.24547939,0.5066305,0.098862454,0.05322246,0.58246577,0.25942725,0.55238706,0.9795012,1.9189554,1.5597562,0.49806753,0.65100145,0.501168,0.29109737,1.2373241,0.07112487,0.68183744,0.021434745,0.123859264,0.17988701,0.18995318,0.41401908,1.916974,1.677822,0.89970225,2.3937414,0.19829725,0.76834285,0.6283384,0.7380137,1.0898539,0.22265075,0.77101517,0.34516588,0.023855146,0.068087384,0.4727833,0.38239062,0.91145325,1.413013,0.047378365,0.0,0.18501304,0.4352904,0.71211886,2.1767118,1.1936843,0.10390181,0.54268783,0.5814379,0.7608694,0.2792994,0.15532875,0.42996803,0.07135338,1.5580014,0.7226089,2.71566,0.69150734,0.38141418,0.24598904,0.71725106,0.0393308,1.5268682,1.4838126,0.37637734,0.018630289,0.218748,0.4247579,0.28495768,0.50364745,0.4229116,0.04462015,0.89035946,0.9599393,0.51316386,0.054568835,0.9567742,0.70943123,0.5174515,2.7149901,0.73175824,1.73037,1.2958928,2.7581375,0.12402449,1.3911369,0.00968164,0.36095867,1.4635233,0.31385982,0.45070532,0.86501014,0.032508068,0.93329316,1.0252076,0.19463186,0.8958397,0.37107,0.70974714,4.602496,0.23094356,0.20889279,0.18255231,0.9058875,0.16750872,0.017148519,0.93314326,2.4472346,1.5885292,0.3999727,2.249931,0.30779535,1.014323,0.5579918,0.61313915,0.19726406,0.33010843,0.6862986,0.6668678,0.57281274,1.2396859,0.4713901,2.1521056,0.30253178,0.9305215,2.9133239,0.71697503,0.12420163,0.40075135,1.7434855,0.9538131,0.87894654,1.2527696,1.5087246,0.27443698,0.37962162,1.599588,0.86793494,0.19861834,0.83622026,0.026702572,0.56550586,1.0669367,0.15248135,1.161585,0.14447415,0.3751458,0.69163674,1.1714667,0.26853186,0.10491941,0.705155,0.41183463,1.0476081,0.074323244,0.3891653,0.039675273,0.57011306,0.5579959,0.042065512,0.002053092,0.4328177,0.91504294,0.0015453122,0.7225059,0.7350115,1.7861191,0.52158743,0.97057277,0.42715964,1.5233132,0.5719915,0.1956444,0.54527754,1.3285404,0.00945454,0.8791082,0.24501511,0.6415737,1.7967383,1.8688469,2.6113355,1.2681357,0.4191455,1.4478827,0.65977895,0.0,0.3493827,0.09872503,0.4238036,0.13461208,1.0568722,0.61258155,0.8899127,0.1543233,1.0679854,1.2120999,0.17056262,0.38815156,0.30752575,0.28153282,0.6352352,0.1824014,0.5314053,0.27319807,0.3936404,0.98914135,0.5243657,2.4252756,0.51586527,1.6353834,1.1262596,0.5940837,0.44417563,0.3269439,2.4793236,0.9502044,1.944173,0.6112035,2.7413583,1.4948704,0.28457224,2.4133394,0.6188401,0.59361494,0.64854616,0.868089,0.38838443,0.84751874,0.6596841,2.48934,1.4051157,0.93002707,0.045902558,1.3152282,1.3124355,0.4124233,0.18572661,0.5180706,0.25181276,2.4841988,2.1724105,0.9064161,0.3902254,0.77077454,0.80867827,0.15452036,0.8379122,0.06148304,0.67144346,0.022592016,0.9417351,0.5056353,1.0150822,0.5626617,1.7381018,0.76865935,0.13814172,1.7505379,0.07752995,0.1683285,0.6205243,0.24033701,0.9399294,1.2635348,0.80149484,0.16230051,1.6519874,0.037777644,0.39088905,0.086578555,0.2797562,0.98406833,2.4778163,0.80764335,0.41631892,1.527471,0.29887566,1.6741518,0.0,0.38959584,1.1820617,0.49281564,0.21071772,1.0255165,0.24042237,1.1688832,0.24256435,0.07167313,0.0,0.18351316,0.03617144,0.0032819575,0.8454506,0.66153544,1.7072184,2.8784301,0.25942525,0.87785953,1.1841941,0.19844107,0.0,0.91742206,0.21787705,0.42009494,0.2876759,0.8167902,all_pothole_images\pothole_images_enhanced_6df889d516835c3a70602e5197f9fb13.jpg
0.43690065,1.7966392,0.4241977,2.083355,1.4551709,0.44058523,0.56018174,0.36545327,0.051194333,1.7182254,0.35682762,0.23932482,0.98771495,1.0542492,0.91726667,0.4783135,0.22162636,0.23325686,0.720635,0.83417386,0.35117486,1.9287707,0.7037357,1.6320182,0.5353588,1.2070233,0.59970254,1.4819127,0.75572085,0.3904843,0.77463996,1.0026057,1.3430578,0.044997204,1.1319126,2.196697,0.4211874,0.27298513,0.02609122,0.37126696,0.0,0.0042355363,0.40099907,0.90649223,0.65792453,0.23986222,1.5615381,0.20205691,0.47445634,1.5057772,0.12858835,1.0854092,0.36390418,0.40164238,0.36539766,1.8959285,2.6626174,0.07801863,0.31901324,0.17016819,0.53066885,1.0938095,0.6260587,0.16181716,0.9071265,0.3612248,0.6043562,0.5122697,0.18656667,1.7230324,0.5797108,0.65207577,0.17386617,0.17968637,0.31169504,1.4705038,1.1266445,1.0986401,0.18752797,0.71157205,0.733031,0.20569032,0.10015937,1.5609498,0.5965329,0.26329547,0.76214504,0.060300224,2.9565108,0.1493699,0.013206681,1.2597903,0.064199574,0.147144,0.28681207,0.0138266655,0.3356879,0.85747313,1.074578,0.8414543,0.48076797,4.0950065,0.28625476,0.014449326,0.13308169,0.30922323,0.31326687,0.30685148,0.31605634,0.684948,1.3076929,0.5478593,1.6200851,0.33030948,1.0155523,0.9418836,0.54423344,0.19765946,0.81314504,1.1054684,1.4304303,0.71665406,0.41053805,1.5901712,0.72710425,2.144174,1.6915454,2.2269983,0.2728832,0.46279806,1.0000315,0.003708,1.2081809,0.12841673,0.7038129,0.54722095,0.2961843,0.6855142,1.1180602,0.31667307,2.2679238,0.21519022,0.6176923,2.062426,1.2370603,0.48772755,0.32341796,0.048237044,0.8862124,1.6085699,1.1595446,1.4594901,0.08636529,0.77570707,0.95163333,0.5402148,1.8875799,0.22246598,0.14469652,1.1475956,0.8682516,0.42514062,0.07318255,2.5914714,0.020706188,0.30994126,0.56164366,0.7492626,1.8234779,0.23117746,0.8770325,0.044799015,1.3061668,0.8500771,0.31921244,0.003187193,0.4190539,0.0,1.3113935,0.61689514,0.42812043,0.734774,2.1442962,0.9435451,1.924525,0.24912338,0.05775554,0.721623,0.36254165,1.5954988,0.6493402,0.7911802,0.3743409,1.1288836,0.022725401,0.5611181,0.01371457,0.015107071,0.05144639,1.4051535,0.26061246,1.4479295,0.8872254,0.75623024,1.8056933,1.550924,0.30988926,1.513195,0.15690334,0.69934064,0.23711468,0.9401128,1.9792325,1.779564,1.5893053,1.7929006,0.7248741,0.12523916,0.8804736,0.1649284,1.5918856,0.0708767,0.11308033,0.036632255,0.01293754,1.0355539,0.4059768,0.4273409,0.9543514,0.18662588,0.8187096,0.4795545,0.1958643,0.24201638,0.5177481,0.0028932472,0.46146828,0.08587084,0.052111547,0.43797174,0.93695,0.0075955354,0.3012536,0.28360614,0.25549176,0.051133543,1.2485917,0.07622795,1.1167452,3.3315108,0.563666,0.14752531,0.5797081,0.3052255,0.22590162,0.72067016,1.3659221,0.0376457,1.4380691,2.0918868,0.59583294,1.0578856,0.07159856,0.14588693,0.2678265,0.29143998,0.13931493,1.0138167,1.5814074,0.28656757,0.8733795,0.08405742,0.28481895,1.1938176,0.6278535,0.726456,0.9231016,0.17429157,1.867444,1.087993,2.1001923,0.032522283,0.6189006,0.6125741,1.3750703,0.7085753,0.31928405,0.31321412,1.7328112,0.44056523,0.4697679,0.5763768,0.034808546,0.36610398,0.21446282,2.89139,0.35684234,0.061741024,0.54219484,0.8728896,0.17841648,0.70584387,0.49338472,0.48688933,4.8200197,0.9269777,0.23126203,0.5004884,0.26496002,1.3738307,0.19264947,0.96600044,2.2001688,0.7626982,0.92719114,1.072376,0.23732011,0.6202887,0.96405613,0.10499275,0.0029861243,1.0840185,0.031908087,0.2989393,2.2835522,1.367985,1.117174,0.22614062,1.0480385,0.26914266,1.8358887,0.3109342,0.846285,0.2519775,0.43714625,0.02311573,1.4044111,0.3587862,0.10299416,0.6260483,1.1524389,1.1239394,1.1993798,0.08761893,0.37193406,0.054778483,0.41639435,0.001115825,0.89361596,0.21377476,2.2422707,0.34926784,0.7025272,0.81771857,0.02985794,0.23910081,0.100559235,1.902974,0.98552716,0.47972503,0.2413977,0.08060624,0.9976179,0.6130201,0.0,0.09022695,2.0652196,0.28828016,0.5603087,0.009191243,1.3637824,0.6833285,1.2029197,0.7073598,1.2470863,2.0667968,0.043353304,0.31259137,0.15570587,0.15733737,0.18127413,0.25348198,0.79811907,1.2693375,3.0907602,2.1484935,2.47321,0.15039374,1.5331782,1.6605499,0.80497336,0.524214,0.63693714,0.26013348,0.18079913,0.11524224,0.20332044,0.019022647,0.9269893,0.6806008,0.93035454,0.59523046,0.122084655,0.8282234,0.17065798,0.27742365,0.16245015,0.30541164,0.016696524,0.7108455,1.5471985,0.25624642,0.58478236,0.3529883,1.0730149,1.1510261,0.8847527,0.9441147,1.5547513,0.052368347,2.345829,0.6470401,1.4677476,0.499039,3.0487545,0.56172794,1.3956652,0.7033006,0.30946538,0.9567241,1.0013943,0.23726802,0.04399333,2.1210387,0.46857876,4.0540605,1.1919975,0.3554338,0.029312417,0.1914083,0.70809513,0.8316796,0.04708529,0.3308234,0.74544114,0.66784114,2.2950046,1.1438336,0.6915406,2.4009063,0.35967317,1.0793614,0.7276315,0.40525156,0.7938287,1.1734942,1.4787385,0.8351437,0.5434603,0.333129,3.284732,0.0,0.257898,0.9708606,0.8727,0.6399573,0.29586124,0.092725724,2.2521305,1.9178767,1.3467176,0.96389806,0.31051838,1.4700954,0.4548755,0.5055672,0.021419296,0.44361106,1.967181,0.12329294,0.7183821,1.5837626,0.2741549,1.8986508,0.026668645,0.06616695,2.338266,0.25507683,0.050085664,0.6869118,0.30484,0.68805057,1.2952573,0.11636004,0.0,0.19231297,0.0024167239,0.9193686,0.20529988,0.0010070542,0.15955415,2.55074,0.22585739,0.34213006,1.5748124,0.436843,6.7378794e-05,0.50667393,0.14564542,0.4788907,0.23135103,0.4870191,all_pothole_images\pothole_images_enhanced_6e16848d3f32ccb50c5324ff4528c0b1.jpg
1.397405,1.0836219,0.6103536,1.2677821,0.9933602,0.13227972,0.8217789,0.009005024,0.26849023,0.29883918,0.38101852,0.16972607,1.1206558,1.7986287,0.02901332,0.17048177,0.09170797,0.6946073,0.45765144,0.43183932,0.13189381,1.2362459,1.2852962,1.7158144,0.4582487,1.0879186,0.9250954,1.6780332,0.2470835,0.02044223,0.6491356,0.92740023,1.4820647,0.79678535,0.6505907,0.7042315,0.3426155,1.5003768,0.027783506,0.2732116,0.24985531,1.4742488,1.0818837,1.4675351,0.24355549,1.8923408,0.036746733,0.0,0.64727926,1.179734,1.071462,0.32185498,1.1954784,1.355614,0.06961461,0.8506748,0.4463391,0.09794439,0.93459755,0.48330778,0.13418192,0.7319753,1.6316046,1.0009929,2.2610595,0.78325814,0.33744246,0.41502163,0.13277087,0.25952262,0.9081521,0.9372583,0.58074445,0.21305287,0.21276614,0.34065974,0.66774195,0.3608906,0.06317149,0.12650245,0.11358881,0.63079333,0.64929307,0.8373815,0.59343415,1.3000256,0.71694434,0.21239646,1.9103488,0.010714858,0.47584483,0.22186357,0.029138735,0.2572767,0.30736497,0.053684525,1.0507963,0.80991346,0.7893471,2.0719416,0.032466337,0.71390605,0.585178,0.41689268,0.032733608,0.8649911,0.57047063,2.040786,0.13232318,0.44396123,0.28085408,0.9967897,1.0899755,0.25576097,0.5744532,0.8938465,1.4972795,0.6126029,1.626733,1.3022699,0.8532378,0.39036727,1.7411817,1.0837331,0.23149808,0.30680045,2.0415134,1.3896053,0.06739892,1.3078974,1.1768541,0.5177625,0.7189736,1.0282271,0.0012690811,0.91479737,1.089994,0.5628903,1.9933981,0.8910376,1.0611614,0.5673053,0.13260297,2.02657,1.0119463,0.96699,0.056786187,0.15507647,1.0600938,1.371836,0.26970744,0.65419716,0.21397686,0.12806366,0.7824178,0.30934963,0.99826723,0.19041826,0.88971514,0.55217654,0.51803464,0.37990272,0.040299885,1.8736167,0.8699445,0.589246,0.65730083,0.5858928,0.82475066,0.81500536,0.46088913,0.16993809,0.11544469,0.2598361,0.80921847,0.26604757,1.356823,0.11231255,0.35554776,0.2593496,0.21038188,1.8889211,1.0229146,1.0421615,0.6428632,0.22519436,0.7524174,0.7183616,0.08981434,0.37122345,1.5825531,0.74199885,0.6624864,0.76477003,0.029229501,0.3372859,2.1266458,0.015689325,1.4309592,0.16300844,0.26542294,0.5281001,1.0371889,0.46133783,0.77582735,1.00022,1.1187686,0.11517008,0.97419137,0.28915328,0.22405869,0.36115238,0.93003035,0.92501956,0.86793363,0.6596909,0.33222184,0.074551135,0.9462618,1.0023518,2.289732,0.028394055,0.5656601,0.46337712,0.074869506,1.6335084,0.9119446,0.8482633,1.6309642,1.1964358,0.27883723,1.4516411,0.76961344,0.06875589,1.3273771,0.09620568,0.42398295,0.41760004,0.24699385,0.9202532,1.3917559,0.09449801,0.92736053,1.1458232,0.111470036,0.087135136,0.8877851,0.19947974,0.8294606,3.0190148,1.4045284,0.13213097,0.074155934,0.555941,0.11102492,0.787074,0.8828069,0.16154592,0.66693836,1.5477382,0.37628776,1.4024869,0.64726084,0.72834355,0.48437664,0.5656862,0.16670312,0.9016195,0.4834899,1.4905356,0.3504812,0.0025231645,0.039508224,0.4885112,0.24956878,0.469094,0.70502096,1.7759833,1.6840044,0.7201325,0.044610836,0.42186472,0.47999832,0.07502047,0.82932967,0.01746291,1.1191826,1.7488325,2.205378,0.2072295,0.7581691,0.77745605,0.5797475,0.26784292,0.48491797,0.735158,1.7072436,1.1679021,0.782123,1.6488863,0.60479426,0.4396885,0.2986294,0.742774,4.0133753,1.1254648,0.008402719,0.26094046,0.5171327,0.13187434,0.39481208,1.0415076,1.5439023,1.4916534,0.5484138,1.323028,0.05941161,0.25717065,3.5512223,1.085846,0.71280885,0.50211906,0.64571136,0.17938252,0.660713,1.0307591,1.0035995,1.2763807,0.96717364,2.433077,1.9715755,0.20179266,0.41591364,1.2527643,1.4956878,0.1105712,3.162786,1.031936,0.42003816,0.34598362,0.4554121,0.39783084,0.77324545,1.6043066,0.18866496,1.0117958,0.46971157,0.27562442,0.70637727,1.2974504,0.6542552,0.80042624,0.48281622,0.17628863,0.5785159,0.05589134,1.1658874,0.15583333,0.41559583,0.13839616,1.7093203,0.21942441,0.5322303,0.38150832,0.0,0.31269887,0.6670009,1.2502965,0.099209115,0.94471645,0.33167735,1.0458361,0.7245211,0.07573737,0.6371925,0.7579667,0.21999438,0.46325144,0.07988853,1.181375,0.69116503,0.0,0.6570602,0.7086058,2.1306343,1.392386,3.229394,0.085391484,0.96901065,0.4976025,1.503976,0.5950363,0.31839252,0.9401915,0.15738177,0.43197817,0.15477678,0.49503538,1.066954,0.27052414,2.2267735,0.27815723,0.11215921,0.9798653,0.61642784,0.32522252,0.815934,0.8063658,1.082818,0.037503555,0.62274486,1.2321398,0.48035532,1.699218,0.41503608,0.2737708,0.8008851,2.820865,0.7210768,0.6189249,0.9092046,0.59538263,0.7324818,0.6299406,1.0180831,0.66884744,0.16419454,1.4395524,1.6906495,0.42739502,0.20818329,0.49946764,0.11309088,0.2146496,0.43974116,1.5367657,0.6748082,2.315003,0.37956825,0.8781418,1.2404883,0.557183,0.46356297,0.8765089,0.8919218,0.41290858,1.8288031,1.3404889,1.2912726,0.07604617,1.6645782,1.1809072,0.81359136,0.50234705,0.755947,0.28980777,1.4307365,0.46124497,0.91024065,0.21186747,1.246491,0.63836515,0.89050865,1.4415905,0.20325762,0.81011325,0.59215546,0.09113576,1.9635075,0.75634694,0.90105873,1.1329579,0.46305308,0.44922307,0.038029637,0.41039085,0.80335855,1.6841029,1.2147356,0.3566434,1.0749279,1.8965248,1.0137131,1.6612661,0.0022763382,0.8477903,1.5803488,0.47666553,0.22383603,0.6315776,0.23687358,0.40032136,0.69461757,0.973137,0.18137811,0.20048246,0.10883814,0.0,0.122399054,0.16287972,1.7597717,3.2255461,0.203897,2.0107968,0.55014634,0.76846874,0.64301056,0.3916957,0.11944447,0.28159475,0.15847632,0.47443178,all_pothole_images\pothole_images_enhanced_6e46fa8a53422204a74b0e914121467d.jpg
1.2274803,1.465881,0.51557815,1.9201874,1.4546587,0.123769075,0.54887974,0.42157978,0.3291551,1.7535369,0.93642336,1.0396807,0.008897513,2.4597108,0.07289778,0.84489673,0.1391791,1.1277401,0.19559836,0.16154622,0.5809831,1.3783485,0.4777166,1.8415747,0.56181306,1.0702977,0.082672134,1.9488192,0.12537082,1.4995499,0.8074777,0.1599973,1.4187629,1.2668937,0.063744485,1.2090024,0.33292902,0.2261419,0.1443831,0.5813483,0.21980947,0.2782729,0.13682908,0.8568331,0.68835044,0.36288428,0.0048646657,0.031212505,0.69484633,0.3788549,0.5889075,0.861375,0.8142143,0.025264228,0.4936753,1.4761755,2.8833885,0.45032227,0.31551313,0.080683514,0.2580628,0.19853354,1.0985738,0.51886225,0.1905802,0.52713317,0.15382951,0.26673022,0.0,0.24350157,0.34839514,0.19157825,0.21202469,0.27519467,0.16038652,0.9892017,0.18524964,1.0458894,0.24277002,0.28240755,0.5214326,0.1037332,0.4413131,0.88046294,0.04748972,0.31457585,0.030660138,0.011673301,1.8277763,0.10953552,0.5100966,0.22598368,0.116723046,0.22649711,0.7276826,0.035513613,1.5148462,0.38948283,0.21507068,1.1595621,0.012811045,4.2679925,0.6536596,0.49132997,0.82206243,0.2117721,0.012672285,0.38807413,0.34767294,0.7972435,0.3162753,1.0979241,1.0949616,0.07903294,1.4515269,0.16918533,0.13439664,1.2291093,0.85134745,0.22484474,3.4798646,0.09715503,0.17165841,0.6412032,1.3712578,0.20770575,0.9357965,0.64483947,0.15690553,0.0096885,0.260911,0.3614276,0.08160766,1.8240668,0.7551824,1.4232059,0.24975622,0.40801126,0.14173506,0.40688542,0.68065643,0.30973372,1.9052294,1.1898127,1.2542557,1.5213196,1.8082545,0.5550821,1.5588574,0.4381878,0.05902653,0.5050682,0.3524354,1.0232594,1.8227696,0.17254606,1.3128115,0.31267416,0.12915772,1.9798378,3.0836706,1.1327232,0.18098052,3.0894332,1.5146383,0.1779108,1.62104,0.5709814,3.6880596,0.789958,0.14712243,0.35017732,0.59063274,2.1462438,0.4482514,0.66002464,1.7760174,0.10582178,0.24621578,0.36093998,0.2652257,2.0839477,1.8522573,0.91052854,2.3108337,1.9288794,0.32280612,0.3727594,0.19181608,1.239343,0.22334455,0.06016487,0.023145432,3.595109,0.72051024,0.2999928,0.8334193,0.83457416,0.77221435,1.4622797,0.19865286,2.3484259,1.5618505,0.34739488,0.30691236,0.45465234,1.1636355,0.95101327,0.9732756,1.4682796,0.08472685,0.88541985,1.0198239,1.3078666,0.99022317,1.7918657,0.88937634,0.020423222,1.5240618,0.11060343,0.059010204,0.10016375,1.1897033,0.73766184,0.059934013,0.32215297,1.3807088,0.10281345,0.9156244,0.24912277,0.1929003,1.3181983,0.015614446,0.5168952,0.42222497,0.048804536,2.0065157,1.0938523,0.3109599,0.20838675,0.20907354,0.3145634,0.7047837,0.15450591,0.0,0.1338023,0.2643964,0.3338253,0.9644845,1.5535396,1.5562055,0.059462316,0.24245316,0.07372862,0.14854121,0.59564495,0.9326885,0.057015736,0.39166012,1.8905103,0.43660358,0.39505467,0.46488392,0.16758405,0.0,0.40667662,0.8621079,0.1661508,2.5210657,0.45137802,0.04054214,0.04211088,0.11836217,0.14449589,0.1274857,0.84941053,1.0035203,1.4930212,0.8650203,1.7528348,0.9459021,0.18443097,1.0609816,1.5675371,0.18172938,1.1980499,0.22550164,1.0859176,0.029338364,0.19108795,0.71889585,0.011016942,0.19995841,0.9208155,0.10461492,1.0124805,0.2527079,0.14781739,0.8608543,1.5300467,0.39458063,0.42901936,0.6224447,0.5802944,1.7675364,0.07487076,1.1303817,0.54356116,0.5712524,0.3011418,1.3091803,2.080284,2.0700922,2.9685445,0.5022644,0.4274283,0.10568524,1.4718684,0.5572497,0.18251222,0.8539664,1.215346,1.1731714,1.0031312,0.58108723,1.2968559,0.63798034,0.70907086,0.42086193,0.58690995,1.7749186,0.034503095,0.19612059,0.5886888,0.13724017,0.19140983,0.94546026,1.3485845,1.2010576,0.33345017,0.56365764,0.59602785,1.1093906,0.27351373,0.10871067,0.053106662,0.20982687,0.35941124,0.34328306,0.49543247,1.0612619,0.35404128,0.028816987,0.2985915,0.48068014,0.10587213,0.590677,0.97310823,1.2567917,0.32021967,0.08974026,0.105530575,1.6622535,1.2461145,0.1356236,0.019158855,2.8012445,0.09332768,0.525794,0.41051385,2.7375002,0.10882286,0.7195534,0.59503156,0.061210085,0.28873914,0.46126634,1.4066356,0.5909448,0.58936906,0.58709544,0.6579801,0.12172891,0.6586497,3.4073215,0.3448076,2.481111,0.31374732,0.0,1.059171,0.4655143,1.5447115,0.38066787,0.112087615,0.054447986,0.18946326,0.75850844,0.8084209,0.92500204,0.6233708,1.1883967,1.8412834,1.6892494,0.4002748,0.082463115,0.04986259,0.9068156,0.02106982,0.33076146,0.12640908,0.060056053,0.07053224,0.0,0.3300954,0.040453214,0.46783462,1.3064791,0.34497628,1.1502937,0.0033832907,0.7971996,1.0044503,4.281112,0.68623644,3.3671064,1.4631727,2.7519705,0.16458574,1.4314653,0.93025285,0.3276029,1.9794174,0.115285076,0.49812424,2.3306882,3.6343408,2.1943836,0.6815822,0.44550255,0.8545462,0.3977563,1.1761194,0.023731526,0.08888719,0.056583825,0.18025246,0.6057406,0.3605648,0.013541905,2.049924,1.2949355,0.13718197,1.2809379,0.5369438,0.66410875,0.5618613,0.40760884,0.41744307,0.48481128,1.1990262,1.6580058,0.6536031,0.023781287,0.06246742,0.8198443,0.14051354,0.0,0.22792906,0.41560617,0.58949363,0.91993743,1.5366155,0.75981826,0.45786202,0.76720417,0.03218773,0.5568153,0.6037735,0.99251664,0.0606567,0.35509104,1.4054503,1.0871109,0.75037616,0.022923172,0.6467517,1.687403,0.9139782,0.24481966,0.01764934,0.26350036,1.1578982,0.6480228,0.34470865,0.044083457,0.082522154,0.5028029,0.29909873,0.7558042,0.47815415,0.35476092,3.260902,0.36441246,2.3822057,0.011428151,1.003366,0.4532269,0.4227644,0.016803563,2.2006702,0.59954286,0.029677184,all_pothole_images\pothole_images_enhanced_6e591664bd8548770b68e8c94176663e.jpg
0.3766211,1.2634772,0.3885875,2.891632,2.1106112,0.09780639,0.75678223,0.05313301,0.57757413,0.30778888,2.0527232,0.67359143,2.3440547,3.2872396,0.9497389,1.5808525,0.2243576,2.8398447,1.0323299,1.3898302,0.30014184,0.2704251,0.5749356,0.4660242,0.9588324,1.1072168,0.54644966,1.7746843,1.4028991,0.36332783,0.35539117,1.7306967,0.6366929,0.9396828,0.03944923,1.0459701,0.28738785,1.634311,0.53414166,0.43706787,0.12503745,0.042805504,0.5400862,1.4384065,0.8474368,0.52267075,1.3119859,0.089674234,1.8014935,0.26303214,1.0111778,0.40150586,0.4324213,0.7500844,0.23550075,2.7143636,1.2437403,0.9067459,2.3490314,0.83556396,1.5372111,0.7001369,1.617827,0.73197925,0.8708189,1.4778819,1.4940366,2.9823415,0.03495623,2.8630269,0.6547407,0.049768467,1.0860003,1.1312505,0.49080345,0.55072427,1.5150598,0.5666776,0.18963349,1.0700333,0.3236491,0.05440962,0.4957688,1.3233954,0.074347116,1.0929,0.92296886,0.0,2.4847798,0.45495,0.16507956,0.82439107,0.5182696,1.3547164,0.6577218,0.5159765,0.49709794,1.5157651,0.7058292,1.2845798,0.5839754,1.3879818,1.4718983,0.8593232,1.8797432,0.029687349,1.8940461,0.33825815,0.8863152,1.0522174,2.2068863,1.476179,0.14862096,0.6145668,0.99377465,1.1365317,0.6429279,2.4195118,2.0404987,1.5280733,1.3771033,0.14980122,0.3747303,1.2441118,2.149625,2.39762,0.93448186,0.6632336,0.6079258,0.6787,1.3449595,0.1656523,1.3749255,0.51264274,0.22503161,1.1185732,1.033698,1.0550771,0.48556042,0.34419554,1.6488657,0.67344666,0.8494171,0.47856927,1.0449466,1.3983105,0.0,1.1766504,0.6123966,1.3796196,2.2991557,2.0367556,1.7780249,0.899907,0.2217858,0.49198356,0.67807645,2.1406825,0.79552317,0.63168347,1.1964107,2.8522964,0.046985775,0.521259,0.6011731,0.13053322,0.90323687,1.7336512,1.1833799,1.5867126,1.0562184,0.53365535,0.19975466,2.1444204,1.074646,0.38855806,0.84112257,0.8255932,0.6350375,0.2345737,0.7785777,2.172613,3.1367767,1.1868488,0.6151031,0.81103843,0.7870108,0.10403629,0.99382156,2.8255005,0.93404794,0.2857354,0.15179077,1.0408453,0.051051274,0.47434622,3.2151017,0.4024711,0.61065775,0.24744341,1.2280508,2.5772593,1.0239162,0.2626801,0.80020726,0.17398706,1.0590231,1.5818082,0.8572178,1.012618,0.44109157,0.22655849,0.8410821,0.044729453,3.9148178,2.40839,1.8692038,2.6807942,1.9406011,0.08704403,1.0986277,0.4246553,0.41523296,0.39855328,0.1907977,0.4813544,1.075346,4.328278,0.67937213,0.710991,0.20408517,0.8979447,1.4761988,0.59465694,0.6857695,0.09680688,1.3386105,1.3270911,0.0793868,0.76604414,1.4811103,0.11287279,0.5357852,0.5983851,0.11838993,0.09405753,0.44040582,0.21157782,2.2982829,4.792298,2.883947,0.356169,0.106804915,0.07518807,0.71421164,1.4903947,1.0129943,1.2020719,0.58418,2.3042595,0.82151854,0.76951087,0.6051246,0.89038694,0.2942869,1.5291796,2.5520134,0.2922235,0.80165976,0.00050910085,0.1312966,0.29962787,0.8299085,0.6607286,2.2479105,1.7300935,0.0031605503,1.0632349,1.5995315,1.7056948,2.2938225,0.61568505,0.8015366,1.9862579,1.3270961,0.68386215,0.5070337,0.7372722,2.4920654,1.8225852,0.68107975,0.49120364,2.6001012,0.6520472,1.3908068,0.40453032,0.3195701,1.2740854,0.34288538,1.5625514,0.7062848,0.62194574,1.5989683,0.94640356,3.8504174,0.38120082,0.23452678,0.48232657,0.93276626,0.8909183,3.0215,3.0461612,3.4568992,0.92027724,1.9410988,1.4889565,1.9629823,1.1546344,5.122466,0.114693165,0.5688248,1.0193939,1.0832174,1.0411544,1.2350968,0.7304671,0.92358965,0.060339548,0.2653056,0.2711099,1.2004852,0.4040074,2.0156963,1.850134,0.51286185,0.17701381,2.4272494,1.0012546,1.0358192,0.8629661,0.3088106,0.5391577,0.42647827,1.4540106,0.42949146,0.103660785,1.1266918,0.7281916,0.052166354,0.88812566,2.5755527,0.6363711,1.7135806,0.12571283,0.050270766,0.79549795,0.20394066,2.2367983,0.8775584,1.1518278,1.3609611,1.6147087,1.205873,0.2885091,0.033342436,0.30887026,2.200632,0.9225135,2.275988,0.89627135,1.9290106,0.64403117,1.8510948,1.635497,0.6411485,1.7671708,0.11179788,1.0304432,0.7019191,0.40576315,1.4799702,0.27327353,1.3661379,0.40256423,2.5543838,0.76065713,2.064165,0.15853773,0.5919935,1.9519261,0.2607164,0.8199977,0.9722679,0.14017935,0.4920993,0.44551653,0.5444437,0.49020338,2.038392,0.7789172,0.22802112,0.67964864,1.6858339,1.1047232,0.9978267,0.49539697,0.13255262,0.95434624,0.09226651,0.13397804,2.7930312,1.8591915,0.84079164,0.30568203,1.4587682,0.86408395,1.2572398,0.5744922,0.82406896,0.020810843,0.6750797,1.3842423,0.29613787,2.4109726,1.7439821,0.6286639,1.0831345,0.0018942615,0.75655645,0.79033816,0.8637961,0.8112967,1.4518313,0.76342726,0.21822971,2.0602148,0.35629398,0.5600578,0.17650063,0.26224855,1.5506152,1.6129371,0.12107166,0.9428007,0.29220644,0.75822806,0.80566543,1.8860918,0.25863928,0.21012098,2.9192057,0.8713296,0.43932676,1.0456026,1.9140403,1.496114,1.2970241,0.2675968,0.2814531,2.9219017,2.292189,0.00033645667,1.9220675,0.63392955,1.4614091,0.8021027,0.6845357,0.042921405,3.638473,1.823401,0.5921805,1.2176164,0.35503352,0.5142663,0.2990366,2.3051567,0.6051747,1.3058767,0.8833163,0.21393573,0.7242665,1.2960572,0.38290596,1.6492554,0.010463977,2.0326986,1.6197724,1.2974445,1.2217205,1.5260589,0.7154234,1.0057497,0.5484777,1.2670019,1.2929553,0.5562154,0.06340267,0.3062078,1.1882824,0.51721054,0.95165837,4.1831384,0.12721734,0.5616859,1.4146286,0.16528565,1.038502,0.47480398,0.32147196,0.68921405,0.09124622,1.7136475,all_pothole_images\pothole_images_enhanced_6e9e182ef393e97eb1b1ba8e3c0952c9.jpg
0.44465715,0.46317306,0.20642935,0.98656124,0.51093566,0.6402538,0.18146145,0.120643824,0.009763789,1.590531,0.11016141,0.9505343,0.0,2.1301382,0.1626096,0.1600187,0.2586779,0.23729397,0.028560502,0.5856618,2.3580413,1.239903,0.51346093,0.42375273,1.4457295,1.6591868,0.7987137,3.2396245,0.6769194,0.07045414,0.64812195,0.052314796,0.2059323,0.06829841,0.25461,0.7285938,0.84543234,1.5870302,0.14823088,0.6440804,0.0,0.084565975,0.6310963,2.4308825,0.10987219,0.66524816,0.098827444,0.8137177,0.032147765,0.006665482,1.3242615,0.6552879,1.0145686,0.30209425,0.54119885,2.1253102,2.035635,0.21396068,0.0,0.007876491,0.14495194,1.4220779,0.23030522,0.22269309,0.81578994,0.91887444,0.22276613,0.2965979,0.050002605,0.08985517,1.1973011,0.112327866,0.25066945,0.27175072,0.14274274,0.44540602,0.00061598554,1.9128577,0.0,0.17839879,0.022959799,0.2971936,0.56971157,2.3708985,1.8551673,0.2990127,0.18511437,0.30993676,1.5128062,0.1126616,0.19763377,0.24111357,0.0059594773,0.48950008,0.015338708,0.3322483,0.0030770116,0.32911807,1.7848283,0.6461907,0.44515002,3.4891086,0.27168742,0.026577123,0.4056566,0.056516614,0.079452604,0.3114448,0.010649642,0.5737299,0.0,0.1591898,0.46193242,0.39859077,1.1346873,0.13651608,0.13896397,0.0034286005,1.0719928,1.0114858,2.8673475,0.42155552,0.00085797417,1.0589839,2.0613256,0.35476685,3.625807,0.5672548,1.5107696,0.08705891,0.09192432,0.63447154,0.025043363,0.2479554,0.8960931,0.030880144,0.30439162,1.5431325,0.4407964,0.49506938,0.5775183,0.35813943,1.0592982,0.11601945,0.0,0.76285285,0.12996824,0.34679794,0.12104865,0.05764245,0.66697615,0.5290047,0.03789954,0.065306775,0.9669095,0.38076338,0.48540077,0.170173,0.39310244,0.5328163,0.59367865,1.080775,0.06062233,1.1566802,0.051769678,1.5665286,2.5824564,0.06879038,1.7200501,1.5276407,0.06350927,0.03237878,0.41997793,0.40834254,0.06909623,0.052982952,0.5114015,0.19639015,0.45073375,0.15612322,0.59479,0.29911983,1.5859222,0.48522854,0.30352992,0.32731214,0.012285635,1.1863121,0.3052936,0.14998658,0.038635712,0.28469416,0.17796536,1.2951728,0.20139484,0.1428963,0.10325499,0.24090046,0.45037428,0.01858218,0.16916995,0.6101126,0.4647343,1.1608975,0.23787716,0.08641205,0.6954548,0.062680595,1.1387295,0.19202362,0.02149659,0.38946038,1.2169116,0.5894292,0.87091887,0.9728858,0.9248353,0.21325102,0.055299982,0.090472996,1.8267181,0.0063674254,0.51360065,0.004372528,0.32481447,0.34798953,0.6951492,0.16949864,1.2884636,0.47163928,0.31206813,0.44913387,0.16124178,0.34115693,0.0555957,0.04326811,1.993024,0.9743531,0.026753075,0.07806036,0.5118775,0.0075192936,0.024490189,0.91878664,0.26252243,0.0,0.20797348,0.31850767,0.54775447,4.3035583,2.0905206,0.19210912,0.024630295,0.6215015,0.13395302,1.0052638,0.72429174,0.07868894,0.4897141,1.7836291,0.23926514,0.0,0.34988278,0.000959445,0.16776036,0.36264625,0.29744998,1.1761082,2.586315,0.04715785,0.15093653,0.0036912863,0.5123942,0.0012130162,0.67785937,0.025067694,0.0,0.14129978,0.22241363,0.5453855,2.5621486,0.04224026,0.6583114,0.4047888,0.38416275,0.017090198,1.3950354,1.4471946,0.87359756,0.08420908,0.13494994,0.59590924,0.006167992,0.43742776,0.12820046,1.1679018,1.2967159,0.17394468,0.040826805,3.1876287,0.45658615,0.36052498,1.157831,0.050729595,5.25526,0.34030253,0.068064496,0.016044786,0.4429117,0.094980374,0.48017955,0.22977199,0.69761807,0.19886324,0.44889107,1.3380181,0.10938378,2.151133,1.0524739,0.3374305,0.02968186,0.5985673,1.0864882,0.27280533,0.22292024,1.0090022,0.62078094,0.15792519,1.1246696,0.3855362,0.53835547,0.08800386,0.2950122,0.091086656,0.53453964,0.23866172,1.3013608,1.0271548,0.17203303,0.8487237,0.16670424,0.41836256,1.9288608,0.23738419,0.67790735,0.009225082,0.12988733,0.520882,0.32346353,0.2653008,0.9674392,0.19723946,0.63160324,0.88466924,0.386708,0.019673768,0.678816,1.5521952,0.0,0.73501694,0.22605579,0.4172994,0.023288159,0.99067384,0.5314349,0.03967152,1.7783043,0.10686898,0.39821428,0.30176592,1.0494717,0.24900745,0.15431894,0.05763345,0.045698084,0.5136503,0.67124504,0.0031300497,0.49875328,0.52854705,0.33828914,0.0103531955,0.7547705,0.72983,1.0634615,1.7097377,1.7198044,0.0,0.21655363,0.8832848,0.35070935,0.0,0.0,0.4720005,0.013593992,0.20653898,1.0705053,0.12943369,0.021479392,0.94373083,0.5490453,1.3836894,0.80407315,0.97308594,1.5688716,0.46092364,0.10600268,1.4710592,0.73820126,0.19290192,0.5204142,0.054670606,0.0,1.4902618,0.021372814,0.3352925,0.33009636,0.94279134,0.22233716,0.23008583,2.9044046,0.055643197,1.6231147,1.4820135,1.8252,0.42840058,0.85720295,0.17198004,0.8331409,0.40891472,0.73386943,0.20556818,0.023598505,1.0362444,1.2858893,2.263146,1.2121695,0.53711265,0.026885036,0.12786637,0.8803021,0.33079758,0.0684633,0.002585075,0.3621717,0.06655346,1.6550273,0.42107955,0.25885457,0.5151446,1.6546247,0.2785711,0.20561053,0.09800432,0.28693,0.56128377,0.55905104,0.18796892,0.20046249,0.6232386,1.1086044,0.11387572,0.7297518,0.4906982,0.5182291,0.17771444,0.067464076,0.12914911,0.46413097,1.2680742,0.3109959,0.2107592,0.6359761,0.32733095,0.47532466,0.005478082,0.11351064,1.4176854,0.62797135,0.5295863,0.35228956,1.6989788,0.4486139,0.14014754,0.027507352,0.03231514,1.2453386,0.0,0.09402572,0.0,0.46584988,0.4303313,0.08897601,0.8699535,0.0,0.1065177,0.0,0.3339129,0.04720723,0.057793904,0.48029622,4.449143,0.04997117,0.39475763,0.5950408,0.31967697,0.10660333,0.01852449,0.2084127,0.24251945,0.46110064,0.0070418497,all_pothole_images\pothole_images_enhanced_6ecc2ff31a1ed0d801363429a1a7d8b6.jpg
0.44373336,2.2697866,1.3121629,1.6600578,0.872459,0.23720723,0.823519,0.13957803,0.37995255,1.2997401,0.14067742,1.5464208,0.059910346,1.8218136,0.5023379,0.843103,0.3785614,0.7784326,2.3565164,0.38691252,1.181298,2.3408055,0.42065966,0.861086,0.31656608,1.2461661,1.0705522,3.6494625,0.24203415,0.20677842,0.7892602,0.051395882,0.42852315,0.289487,0.6344875,2.0829318,1.4006943,2.2298992,0.61437607,0.6277663,0.45142674,0.31667742,0.40354252,1.4006604,0.7006702,1.1725341,0.22554253,0.4359014,0.20786908,0.7303844,1.9543372,0.29817656,0.488367,0.61590177,0.2481639,1.6351056,1.5000763,0.02111322,1.0626497,0.3007524,1.0636561,1.417591,1.4271209,0.5144002,0.7811321,1.2249999,0.6325524,0.08168239,0.20215034,0.51133657,0.20547473,0.882438,0.54373837,0.38266298,0.9253451,0.9202821,0.7797719,2.0903707,0.08994018,0.15669307,0.8958245,0.035034943,0.35043883,2.0918608,0.8449687,0.10775799,0.35873374,0.16793978,3.6952775,0.20500839,0.1851179,0.11231837,0.17257817,0.27328485,0.19888146,0.0,1.1436973,1.8398572,1.4225545,0.9658477,0.31515944,3.0607984,1.0635803,0.70771915,0.32023492,0.107544996,0.7778588,0.06027859,0.18241483,0.9289803,0.057510152,2.5200453,0.7729693,0.034860402,1.0376755,0.50787354,1.6067156,0.9934337,1.8509427,1.3336803,0.5758276,0.54523367,0.47065803,0.82707804,0.32140386,0.46994114,1.5384668,1.0986856,0.33123899,0.30250436,0.6773896,0.07092472,0.35123068,0.181147,0.0024430708,0.40923098,0.48233902,0.67506903,0.3553462,0.11967431,1.209879,0.062822126,0.18200457,0.9866722,0.7500713,0.9270312,1.0422269,0.19178323,1.0522245,1.4732012,1.6866274,0.98234946,0.0056982655,0.14031474,0.8768974,0.73607713,1.1712948,0.56217766,0.83831674,0.9826108,0.98479015,1.9420972,0.43939573,1.9300143,0.27569813,0.66841877,2.5463607,0.9073375,0.5065344,0.7523634,0.16278416,0.19168277,0.3034956,0.71765345,1.2482209,0.14688946,0.119256504,0.0429273,0.5776524,0.36962283,0.18379714,2.5341175,1.5571712,1.0351807,0.95361537,0.51446974,0.26256582,2.4329274,0.036126953,1.1313329,0.50285834,0.44565,0.0382108,2.1267467,0.03174103,0.1049088,0.90496993,0.30313376,1.7057457,0.41619518,0.16291744,1.1641631,0.7764403,0.25553408,0.547733,0.18371597,0.2671427,1.464458,0.23779306,0.058630396,0.068026125,0.19803995,1.8926668,0.6959956,1.4550737,1.1237599,1.2473959,0.233258,0.9115754,0.2574895,2.3870096,0.015546137,0.421566,0.43864167,0.35110334,1.5579096,0.59575355,0.6002679,0.4659081,0.9105975,0.56173027,0.5601382,0.6238496,0.090102986,0.1101444,0.067514084,2.036921,0.7611141,0.02095276,0.42766246,0.2108558,0.32139742,0.27361155,0.22555555,0.40131742,0.25788268,0.91023535,0.016088113,0.89491117,3.5832825,2.7921565,0.22128552,0.6739314,0.8269703,0.24677786,1.2645522,1.5366995,1.3208421,1.7126415,2.047591,0.7094137,0.4840695,1.0588948,1.3997335,0.71607184,0.3837937,0.10925251,0.5834791,0.49691728,0.33730716,0.51565915,0.5297165,0.1619102,0.14902714,1.3927182,0.4492643,0.74054956,0.5353911,1.6248776,0.9364788,0.20424573,0.09360568,0.39005068,1.9027137,1.050905,0.88339144,1.0694631,0.58724403,1.833691,0.48138165,0.12111753,1.2558287,0.39987555,0.22324559,0.26439634,0.11097423,1.2015953,0.8190977,1.1220115,1.0346998,0.14861494,1.2170382,0.9029423,1.8388817,3.3561497,0.2799954,0.3532288,0.96389467,1.1597462,1.802667,1.8221029,1.3092287,2.9341514,0.74444276,1.3302108,1.4386251,0.73616725,1.182388,2.4559312,0.28308898,0.014302084,0.4932729,0.36906195,0.04024161,1.2481574,1.1851074,0.2495302,0.010697015,1.0650601,1.3714515,0.6918551,0.5575783,0.025162643,0.11226652,0.5523522,0.08715275,1.9041449,1.2611313,0.03969024,0.8087054,0.95643896,0.5486341,1.2232002,0.6334593,1.0448064,0.77562237,0.45024875,0.15511438,0.96651083,0.8497674,1.5512565,0.35356566,1.8411099,0.16101083,0.041918997,0.5330317,0.7659979,0.27366725,0.043245576,0.099119596,0.25905797,0.5129737,0.3343889,1.3519496,0.78293276,0.46629018,1.396128,0.7292133,0.32484123,0.13253383,0.8591587,0.49588415,1.0727063,0.506333,0.19380912,0.7633153,0.22988315,0.4164348,0.040882982,0.44086638,0.9439128,0.6015104,1.6755524,1.7953608,2.2484157,0.24470434,2.1666834,0.0,1.0835328,2.2166982,3.0532157,0.16098647,0.1644187,1.0007915,0.10962659,0.08967966,1.356188,0.10455436,0.6599937,0.49780935,0.8127925,0.6236527,0.048178263,0.7114815,0.7919335,0.0036157356,0.82792777,1.4460903,0.6842399,0.25287822,0.83399177,0.23049338,0.19855557,0.8181754,0.099975996,0.07779474,0.31285313,1.2035717,0.10077842,0.38815284,3.5974736,0.5979154,0.62463874,1.755679,1.9367661,0.7462975,0.16507724,1.4917699,0.23386835,0.56275034,0.06321341,0.18422556,0.053216636,0.6899634,1.1934367,2.4732676,0.6478025,0.81920826,0.15529734,0.5045093,2.688719,0.502783,0.23206851,0.0860672,0.25720063,0.09179205,2.523703,0.5947618,0.76286036,0.5666901,1.1723115,0.4605086,1.3560019,0.858767,1.3750983,1.0775182,1.8868994,0.64225787,0.2317381,0.7532721,0.5295864,0.08920078,1.0268959,0.38541698,0.298131,1.6586194,0.2129047,0.18725008,0.7556695,1.202327,1.1551752,1.6309154,0.6877491,0.69996136,0.4804491,0.45764172,1.2168512,0.33910555,0.827545,0.14173973,0.4402686,2.560655,0.030685024,0.52917564,0.5456941,0.2949114,1.287178,0.03370375,0.88703644,0.34145242,0.5899298,0.95591253,0.49756446,1.9954616,0.05978498,0.33005026,0.029986694,1.1502941,0.07642286,0.3124617,1.7542392,3.5113425,0.1434506,1.2176931,0.86425,0.8965144,0.33062023,0.08573622,0.21022396,0.5637084,0.102768585,0.34186718,all_pothole_images\pothole_images_enhanced_6efd7c991a0787131e3d99c81a8823d4.jpg
0.3215164,2.2914836,0.7873314,1.5819395,1.4937618,0.08883102,0.7852161,0.8990555,0.73852795,0.883786,0.37084597,0.34902245,0.42412457,0.57658994,0.3190881,0.50209814,0.34302655,0.09661081,1.0874827,0.29805282,0.83939093,1.9683245,0.9163532,0.68297154,1.0767883,0.75222206,0.11673964,3.0802248,0.30588448,0.8774901,0.59685427,0.2137847,0.33461487,0.3703185,0.2418627,0.25311276,0.60528153,1.2190226,0.156464,2.7374587,0.19832286,0.39158458,0.6372538,0.25798732,0.17711051,1.1429164,0.00024979937,0.09126529,0.6020833,0.59585035,0.41401842,0.32747778,0.09976912,0.057400547,0.34340367,1.4745793,0.98042685,0.6152942,0.30881074,0.028482031,0.27998677,0.0703825,0.90033126,1.2696728,0.4493932,2.0504646,0.29094145,0.18704979,0.22448789,0.52639896,0.27794966,0.057017047,0.13067746,0.56561744,0.47644508,0.95403,0.26155567,0.94960815,0.1006048,0.6371058,0.13372965,0.39619127,0.0027628266,0.68444175,0.61316603,1.3824486,0.086310044,0.443363,3.4991548,0.15890563,0.53294414,0.46905187,0.01735437,1.1614151,0.07304046,0.03642698,0.7293035,0.52586716,0.27253821,2.0931287,0.22371283,2.7112489,0.74658483,0.1926204,0.5746284,0.02931945,0.75714326,0.39016667,0.046898443,1.5866605,0.2748904,1.8224844,0.3048102,0.3812743,0.7486209,1.0444396,1.6947685,0.65528744,0.8976459,1.0344182,1.3635818,0.32156122,0.40019956,1.8074661,0.529084,0.68410754,0.16865261,0.78692687,0.13579547,0.67152494,0.58174765,0.99139,0.17323154,0.743259,0.6028956,1.7190392,0.7771989,0.44824994,1.1560241,0.5213014,0.1605107,0.2953367,0.60481566,1.1896513,0.6781795,1.1786379,0.29145634,0.37374216,0.18502712,0.8337573,0.4130846,0.04281491,0.6121819,0.5489454,1.8040173,0.7661581,0.8605706,0.4263132,0.23307931,1.73128,1.3524038,0.2588748,0.5466276,1.2271852,0.19287021,0.6032109,0.37902233,0.8198311,3.4563448,0.8514267,0.7019532,0.21558072,0.18485864,0.12459543,1.6904603,0.112598196,0.8573622,0.15330635,0.22522716,0.05290517,0.026874648,1.8835318,1.1446149,1.1204647,1.5981318,0.4267171,0.77401257,0.3918218,0.6263464,1.2335452,1.4978317,0.65962756,0.17363466,1.609626,1.7597866,0.064149864,0.93734103,0.73689586,0.04649712,0.7873243,0.8216297,0.6115116,0.21196598,0.8190565,0.37066853,0.47949767,0.17927177,0.9739179,1.3070465,0.37005684,0.30032238,0.007406473,1.6830828,1.9135104,0.6872605,1.3848864,0.77893656,0.2707603,0.26886132,0.98243487,0.39911658,0.0653442,0.31618133,1.20302,0.05224366,0.7910862,1.75342,0.4510927,1.8687099,0.65745145,0.26987565,0.95777255,0.54252535,0.5271663,1.0900087,0.47800323,2.2090821,0.41467404,0.38488895,0.024314221,1.8071185,0.18403643,0.9938619,0.0,0.86546934,0.0,1.1216775,0.76833826,0.2976198,1.95929,1.8916641,0.041552544,0.389414,1.1945226,0.47727373,0.2827957,1.6495081,0.3030743,0.4148725,2.038741,0.55767924,0.27174824,0.53675526,0.049857352,0.68652695,1.1316671,0.3665436,0.19282502,1.8429475,1.3267492,0.30899203,0.00879131,0.27234736,0.26729277,0.74419504,1.4425626,0.18810183,1.2529331,0.5244296,0.64788485,0.14324783,0.9460661,0.19019206,0.7777034,1.2191694,0.6659155,0.10591451,1.327794,0.7107798,0.7278914,0.7432145,0.6938477,0.29475218,0.83405614,0.20050302,0.065938674,0.5628107,1.1706234,0.5271792,0.57803327,0.49964082,0.4874663,0.18712015,1.1785238,0.9325091,0.03441441,0.024742054,0.45229,1.2348173,1.1646421,0.13892964,1.732361,1.6897666,2.3071973,0.6517147,0.20053695,0.024455257,1.8528932,1.8041761,0.41691926,0.46983546,0.14085034,0.32551682,0.3336233,0.33197168,1.5137036,0.35696983,0.5127091,0.5541384,0.9165063,2.329725,0.31956655,0.1940849,0.22094809,0.5121549,0.43796983,1.1177357,0.53145206,0.33474958,0.8474923,0.5948156,0.79009056,2.5559607,0.15477933,0.6842468,0.048554864,0.82230663,0.460502,0.5534121,1.3299255,0.10374123,0.59548146,0.5566256,0.39025822,0.45256206,0.2609008,0.61294454,0.9835756,1.5352331,0.8193686,0.47408104,0.15767272,0.613933,0.4270808,0.24555583,0.431027,0.4826565,0.42637852,0.041589417,0.9715281,1.1604083,0.31017536,1.0985492,0.3229021,0.8515025,1.120794,0.32153788,0.65010685,0.91387033,0.6025182,0.51373404,0.064854026,0.22029692,0.8683866,2.9975586,1.9755572,1.1338117,1.397964,0.043822385,1.6891267,1.3101038,0.48286718,0.38175145,0.597585,0.81808347,0.29365498,0.81619096,0.8086207,0.1752155,0.0033601464,2.4700656,0.7824397,0.002174761,1.3111826,0.6755578,0.52788574,0.012996493,0.386314,1.8636371,0.05771771,0.78300583,0.12120076,1.2679923,0.44115844,0.0,0.34320784,1.5559871,0.5020668,0.25876138,0.12966044,1.1941311,0.30810285,1.3249474,0.5905664,2.381752,1.0073885,1.8005315,1.716113,1.5329698,0.9912125,0.58269244,0.46286696,0.26128742,0.8825084,1.2512261,2.5505123,0.6472011,1.115057,1.0381919,0.90866506,1.6730719,0.13464068,0.6917143,0.49494433,0.39252776,0.39271355,1.7831215,0.54806435,0.58200693,0.904482,0.72611034,0.54774535,0.32928023,0.084985316,1.4010847,1.3219162,0.5076452,0.44937417,0.2545571,1.9242603,0.553773,0.32477906,1.470622,0.47035834,0.6274548,0.61743045,0.71329665,0.25979176,1.38715,1.138774,1.3732711,0.85658497,1.2197903,0.56248105,0.28608844,0.61942863,0.2147207,0.8645358,0.61351067,1.4148154,2.137443,2.2706637,0.93139493,0.16761388,0.19627057,0.35346392,1.0460703,0.38429075,0.43717346,0.9358241,0.61147803,2.337686,0.010501998,0.47910425,0.2434877,0.1432435,0.33300963,0.16621052,0.051642377,0.45465356,1.1978381,3.2053883,0.3821132,0.6653024,0.6008841,1.5272518,0.35634005,1.2695735,0.333266,1.7835262,0.3533816,0.4182198,all_pothole_images\pothole_images_enhanced_6ff75bbcdfa43e1faa50fd5ac70444c8.jpg
0.17054544,0.9355048,0.31660575,0.67798483,0.044537168,0.06767979,0.41739157,0.00011413012,0.18354659,0.5520982,0.21110618,0.1569677,0.048669882,1.4960246,0.023727115,0.12730318,0.22519462,1.674025,0.19036302,0.49351493,1.0221344,0.6193883,0.052827887,0.16887894,0.2074149,1.8396447,0.6291496,1.2275347,0.0050786594,0.04222422,0.22099572,0.61095643,0.13710405,0.17648017,0.89512384,0.6651564,0.5991097,0.9457862,0.33737066,0.06957878,0.0,0.29741147,0.004868078,2.4010456,1.2201128,0.012137554,0.011354921,0.502213,1.1889416,0.18732657,0.6957553,0.26323524,2.436738,0.19899924,0.08841213,0.518427,1.3002923,0.7022954,0.7852053,0.05906153,0.0,0.01207525,0.11231968,0.8671398,0.104040205,1.0416372,0.6959241,1.2736722,1.3316402,0.65159655,0.90138376,0.22544838,0.15761037,0.11606548,0.11660416,0.07977716,0.0045488477,0.43465322,0.04847837,0.17353642,0.0084805675,0.6035621,1.7216606,2.0445995,0.09630425,0.0,0.34157383,0.09743884,1.3272786,0.28971717,0.43734187,0.37071446,0.46980482,0.9574217,0.18622398,0.05329571,0.5897703,1.2498215,0.09120789,0.0,0.3724955,1.2500718,1.1652635,0.0,0.06564455,0.045587465,0.0038988704,0.10579939,0.2756471,0.19597793,0.17287509,0.27678266,0.38118076,0.051956613,0.7124431,0.1432086,0.5591146,0.08752829,1.7793208,0.60707825,1.3900504,0.10226889,0.6982067,0.80554634,0.8155695,0.9596811,0.018757919,0.37167537,0.9987434,0.011677481,0.12648894,0.18154241,0.21905851,0.019531252,0.73016864,0.05211393,0.0,0.34074852,1.0636129,0.26688656,0.77090406,1.684909,2.5414846,0.10088766,0.0,0.8530465,0.16838883,0.2065308,0.34676367,0.03978343,0.035029206,0.7545228,0.008969673,0.21504526,1.3405976,0.37063572,0.041821234,0.046885177,0.25744566,0.5113481,0.68849546,1.5052307,0.26225856,0.8289035,0.22154237,0.0,2.1122818,0.008605416,0.03818361,1.9696465,0.13458152,0.0272316,0.51230973,0.30063432,0.19659507,0.08860235,0.16226183,0.17236094,0.8828039,0.2023252,0.8775097,1.6205052,2.3854096,0.6355187,0.836669,2.048512,0.20015256,0.20711444,0.32270816,0.7504783,0.13746464,1.8958606,0.20690113,0.49413478,0.0,0.18168564,0.31652638,0.32457352,0.25949505,0.90767854,0.0,0.42096367,0.018796777,0.50138116,0.85516614,0.2336653,0.36396387,0.2145786,1.0823137,0.07293841,0.0,0.08075837,0.7061705,0.32785,0.10349735,0.30329454,0.017801119,0.61715895,0.17210425,0.4511625,0.110494494,1.1409041,0.36797854,0.08711745,0.0,0.0036623292,0.8192515,0.17944768,0.83920467,1.3670893,0.0012132241,0.0,0.61854327,0.9065234,0.5989109,0.001690059,1.391031,0.018721862,0.019882444,0.075311385,0.0,0.4665343,0.07987766,1.3014154,0.18273571,0.036811367,1.584643,0.3832198,0.23811354,6.9405293,0.63296735,0.011667366,0.07898696,0.6747843,0.0,2.1841176,0.731585,0.3396533,0.77682346,1.9520255,0.22434916,0.13461243,0.3799092,0.08179386,0.9123267,0.60923976,0.81735057,0.9561755,1.3914827,0.0,0.79993397,0.010644231,0.50200814,0.6636149,0.79109406,0.8610293,0.00094844855,0.29450217,0.017629249,0.41882974,2.7119865,0.5719083,0.6811008,0.0,0.31917548,0.17657791,0.31893286,0.11283917,2.046623,0.6555954,0.113699466,0.43336627,0.041391943,0.1325592,0.0380371,0.28144813,0.17950137,1.2523737,0.24831578,3.3968477,0.5288369,0.7621631,0.0070055057,0.061882384,7.9430056,0.65205973,0.00075404433,0.18590458,0.6211235,0.2856931,0.26180977,0.23271117,2.0746205,1.2692019,0.5232873,1.1848756,0.3148864,1.556688,2.3717952,0.89826214,0.46495304,0.0,0.5985068,0.772802,1.0579848,0.035477627,1.2463567,0.37488255,1.0582831,0.008327954,2.7728066,0.038781233,0.15820616,0.0,1.1836483,0.08620969,1.4727714,0.5976126,0.46758908,0.009504017,1.4758282,0.6328268,0.33515778,0.4581879,0.2701286,0.70064574,0.03505003,0.41784838,0.16518238,0.67497236,0.0004226536,0.7213217,0.6396601,0.33556598,0.327923,1.2765155,0.36700276,1.1522478,0.17531791,0.35984585,0.0,0.0018497916,0.25531068,0.1880068,0.13076326,0.023310177,0.5827655,0.33832613,0.024172366,1.107074,0.71265924,0.036790147,0.74458265,0.119664304,0.38930264,0.028582264,0.9303009,0.014820175,0.82626575,0.4739655,0.7320849,0.09128979,0.07856059,1.1822999,2.789471,0.6279134,0.41059977,0.7921861,0.19184342,0.2547071,0.5933179,0.4884603,1.7274224,1.1034584,0.55131793,0.028887933,0.042630408,1.1847948,0.1458676,0.47098383,0.0669239,1.5780808,0.56599486,0.1529502,0.15441091,0.26618752,0.04530112,1.1086812,0.02357231,0.11355026,0.0048481743,1.1367369,0.028004065,0.26438108,0.0,0.056604438,0.040825255,0.5833321,0.25329986,0.072801895,0.42861685,0.11694466,2.1184962,1.1177483,0.22556864,0.9784777,0.93043566,0.035814993,0.029374639,0.7662611,0.79701525,0.11747513,0.2161161,0.087756895,0.9494047,1.4664019,1.1717976,0.9715388,0.92467904,0.07938291,0.1788807,0.5311191,0.58864033,0.0044849063,0.424378,0.3272136,0.7412058,0.51057225,0.7400548,1.0664546,2.121639,0.26150027,0.19480854,0.1289511,0.18156365,0.17533697,0.001111344,0.1983823,0.01889535,0.26279342,2.0256217,0.23459406,1.419213,0.03256454,0.30143106,0.007573917,0.07504731,0.0029766173,0.22916591,0.95848644,0.21661352,0.7861084,0.24312843,0.7024979,1.041282,0.17241147,0.7203963,0.6565771,0.89768666,0.09594654,0.17288515,0.16086368,0.68510777,0.4828322,0.1835309,0.14580882,0.029301535,0.098289974,0.8374901,0.0,0.29879004,1.4906856,0.49171498,0.76375747,0.0,0.0023165583,0.30437636,0.4476549,1.6970521,0.62977135,0.13916011,4.3540363,0.15823133,0.62146825,0.24555431,1.4110851,1.2218846,0.020970523,0.49935374,0.19733214,0.20883225,0.24737743,all_pothole_images\pothole_images_enhanced_6ff857a544bf590f699ed5dc30e616ee.jpg
0.18281378,0.83321226,0.7708693,1.7331696,1.6858988,0.5174646,1.1341972,0.081554316,0.70482033,0.84937555,0.15905346,0.11017237,0.20053679,1.6437703,0.2460024,0.5644048,0.09756066,0.020839296,0.23586579,0.25421393,0.41003925,0.40201586,1.4203416,1.9144913,1.0774584,0.5256871,0.12101562,0.9420146,0.27850866,0.2529443,0.5998749,0.006359445,0.6265556,1.5797442,0.19684272,0.058395855,1.0038697,1.3338242,0.0031437376,0.08383586,0.15138856,0.305292,0.640077,0.8286754,0.4805434,0.72804934,0.25329998,0.6525227,0.122039035,0.35030034,0.32238898,1.108227,0.2914259,0.40273362,0.27860424,0.35073245,2.097041,0.015967391,0.21238266,0.057554234,0.0,0.06413076,0.27143773,0.049192496,1.2256062,0.19517224,0.030711528,0.2588996,0.12939371,0.18032274,0.736862,0.025544064,0.5418303,0.45508468,0.03033175,0.9446536,0.03761614,2.3345833,0.0,0.045456428,0.2558954,0.6139937,0.49538332,1.0024145,0.3090749,0.7696064,0.0016399478,0.4566813,1.7990068,0.38016763,0.026021322,0.0016914961,0.040527586,0.008127778,0.9351644,0.28319752,0.76980144,0.2806437,0.40657234,0.19083177,0.03352731,2.0949686,0.36130092,0.11438819,0.6057989,0.091404565,0.079452306,0.33835125,0.0,0.9076363,0.004839494,0.33641845,0.52365375,0.34752,0.96636444,0.7017086,0.7103516,0.030702762,1.0930953,1.0125853,2.205273,0.109842844,0.2982295,1.725787,0.2972787,0.18996654,1.1546874,0.9668078,0.90078413,0.43014568,0.5437713,0.06257028,0.08525684,0.37740326,0.08367589,1.4550781,0.024581436,0.7957516,1.1674343,0.048045848,0.69163144,1.0130819,1.5621564,1.0134691,0.22189528,0.3185135,0.011788273,0.49987686,0.5891728,0.029848108,0.7053858,1.0258071,0.74700415,0.077016376,0.35650995,0.42606142,0.24159949,0.14719495,0.19031076,0.7636745,1.664771,0.7321252,0.06989025,1.8633723,0.108409256,0.89527893,0.09693637,0.13775608,0.8740211,0.10936057,0.1502676,0.0,0.01017887,0.21925604,1.1658212,0.19819911,1.2322139,0.6212509,0.0,0.40772763,0.06522285,1.6817079,0.6603041,1.7012904,2.6057637,0.16920218,0.53345156,0.21631603,0.2935659,2.0632756,0.049520973,0.4718132,0.008856463,2.072671,0.35441533,0.1945097,0.87814564,0.4725502,0.82935965,0.33041516,0.83430105,0.23734127,0.17204736,0.17626673,0.43728486,0.69096386,1.3627065,0.14452969,1.2544308,0.67191124,0.005455742,0.1417,0.08838282,0.4920747,0.6237091,0.5268387,0.31422257,0.44132158,0.76288515,0.017539019,1.2976879,0.23295005,0.28357154,0.5551624,0.05339052,0.053651545,2.711862,1.0082327,1.1179428,0.3194417,0.040675864,0.0,1.0736498,0.0865278,1.6173784,0.11258597,0.9858053,0.2585825,0.8858254,0.57024103,0.79242146,0.066274986,0.8275443,0.57928926,0.0074889464,0.0,0.32827362,0.21317318,1.2286654,2.611212,1.2484477,0.9556741,0.097012885,0.21031882,0.37537515,0.093719795,0.19889307,0.0036567461,0.1303672,1.48791,0.33577335,1.591055,0.014028549,0.08225778,0.12976246,0.44489586,0.25661942,0.08722998,2.2063549,0.8622605,0.012430274,0.006006742,0.0927374,0.2660016,0.3303005,1.035023,0.43182087,0.61570036,1.2939341,0.6576393,0.42310458,0.13398361,0.75061905,0.519641,0.34968215,0.31523642,0.35728613,0.9783003,0.5837552,0.34617412,0.15634103,0.035515178,0.72750497,0.656027,0.043387994,0.16943584,0.6222145,0.056417193,0.023112385,1.3354723,0.50236833,0.6506397,0.24420074,0.0015708252,3.0529282,0.51467824,0.3657761,0.02461824,0.45751113,0.40990987,0.024565673,0.5319786,3.0857036,1.4523236,0.45319638,0.69696695,0.11456164,1.5483111,1.463063,0.59851176,0.5745985,0.1290727,0.90017545,0.44946533,0.6466748,0.5321308,1.6622716,1.0039817,1.6780658,0.02550383,2.349595,0.3646046,0.003022673,0.07115355,0.03992198,0.14991175,0.8953953,0.18932363,0.50993574,0.25229278,1.0205822,0.15336181,0.78667325,0.06302894,0.2412323,0.019715853,0.20946366,0.093552195,0.029854827,0.5157153,0.1722205,0.49946517,0.46209747,0.32338744,0.2673889,0.047265332,0.44734097,1.2686338,0.0700277,0.710049,0.85262686,0.058629658,1.4792776,1.275352,0.0,0.10114364,1.106532,0.27208534,0.0723019,0.5037575,0.059105445,0.075482465,0.004004464,0.5922865,0.62944925,0.19065388,1.0684371,2.4127877,0.19036612,0.73969686,0.07627773,0.012049899,0.6250255,0.11086614,2.8170872,0.44001192,2.883776,0.696921,0.0,0.5368792,0.38790658,0.9933342,0.22803697,0.17813927,0.48477185,0.1457089,2.3065138,0.45416063,0.17823386,0.48675793,0.7527017,0.83420765,1.4174399,0.23391955,0.41245937,0.2944904,0.7182585,0.12859598,0.31291622,0.039342113,0.07479593,0.3915412,0.25321516,0.26309583,0.20708492,0.43306655,1.2569206,0.21483923,0.09840608,0.22791106,0.39534906,0.20763488,1.0174968,1.1240664,1.4551427,0.987738,1.2349015,0.48954812,1.5490028,1.0951045,0.3097966,0.77544564,0.14814736,0.05399318,0.009017408,1.6127617,1.091095,0.42919764,0.016987879,1.3046024,1.0571972,0.1963178,0.1510736,0.59429634,0.0010904331,0.33610398,1.1076384,0.89751214,0.15899861,0.7193237,1.5163797,0.07764675,0.28789535,0.5225851,0.6520167,0.15894695,1.4781389,0.12986739,0.37865627,1.4417064,1.8415695,0.93137753,0.9381293,0.99646086,0.41656315,0.42976713,0.01493962,0.1418316,0.026664918,2.18868,0.60219437,0.0,0.010628005,0.023297964,0.44397727,0.14807965,0.2859399,2.8300283,0.4745471,0.09332937,0.5252796,1.7704782,2.203226,0.9758779,0.009030187,0.221296,0.22439489,0.39580566,0.72479606,0.58306473,0.052945126,0.14210337,0.33231932,0.16518681,0.5534397,0.009213495,0.05065005,0.0,0.6818678,0.8458481,1.4591421,6.557033,0.20825297,0.4207262,0.07756316,0.18481106,0.009309677,0.28485024,0.25113276,1.4510056,0.016938617,0.07511792,all_pothole_images\pothole_images_enhanced_7016014e62e86e5a154e7e3eeaf583f3.jpg
0.92529565,0.6268906,0.045370154,1.1566118,0.89688975,0.20552915,2.859346,0.27075002,0.00019254442,0.73427933,0.63587266,1.0364306,0.15051892,2.0474477,0.5498281,0.34549993,0.22826844,1.8165395,0.45512334,0.44185692,1.4410304,1.0292863,0.38992426,0.81234616,3.2782269,1.670184,0.96733105,2.7293663,0.74815243,0.0005473347,0.6687483,1.3271074,0.2942252,1.5297263,0.08834455,0.89540154,0.022754513,1.4257413,0.21148796,0.58975226,0.100326665,0.9474518,0.266245,0.86815655,1.0263991,1.7540046,0.0,0.0,2.4466186,0.9471044,0.35247904,0.15143001,0.9382307,0.38324496,0.09039975,1.2695465,1.2990266,0.69789046,0.8231816,0.14760377,0.53186226,0.13197285,0.30956987,0.49658802,0.9469089,2.5468678,0.5616028,0.060520563,0.19923912,0.1482754,0.26140735,0.12999228,1.0361093,0.22836144,0.40704706,0.18656012,0.02308569,0.5342749,0.020100022,0.66576433,0.32025066,0.054521296,1.3843426,0.60367966,0.022322431,0.11666868,0.75357306,0.28685504,0.8931471,0.42252553,1.1321008,0.027022157,0.5339298,0.67718893,0.6042441,0.20954482,1.6911814,0.9310349,0.17860526,1.8628454,0.10981014,2.939445,0.9057684,0.07691871,1.6967082,1.2677808,0.72641015,1.3984835,0.23246899,0.2679953,0.19518459,1.1233435,0.68951935,0.80412763,1.5112453,0.19576767,0.11496566,0.13704702,3.077414,1.3910915,2.2214773,0.50635415,0.65109974,0.13446735,0.7408872,0.12575756,3.6734476,0.21608423,0.21852967,0.016269047,0.18138847,0.03262619,0.27918807,0.6806061,0.12835072,0.66288537,2.1497386,0.53547335,1.7318937,0.031434026,0.6303168,1.1504314,0.5505974,0.31535727,0.4237428,2.0223622,0.034879565,1.026873,1.3273882,0.07738506,0.63588315,1.2833735,0.02693427,0.35711774,1.7761513,0.66843826,1.5284803,1.1879371,2.740535,0.5353511,3.1309328,1.7447346,0.36213621,0.6662534,0.6206014,1.7747281,0.8502375,0.09352294,2.7220035,1.0528643,0.1394228,0.898606,0.20798165,0.18205814,0.14452393,0.932415,0.7753598,0.17575513,0.74928385,0.12005928,0.22275896,0.85085833,1.1463231,0.5869592,0.8989891,1.0509377,0.42830688,0.5051166,0.651622,1.552867,0.31949085,0.6172761,0.11427493,3.4376874,0.32949936,0.39046794,2.041801,0.13423711,1.774991,1.101801,0.5067599,0.7850774,0.75226855,0.31629655,0.23897785,0.025860468,0.98479754,0.04152495,2.201352,2.095819,0.055358686,0.42688933,1.6164058,0.34622222,1.254447,2.1785026,0.52362674,0.04490772,0.38157672,0.5495589,2.4219928,0.069011204,0.66557294,0.37677816,0.0059171547,0.13073905,1.3515683,0.12354956,0.2239068,1.3243263,0.43129286,0.23390968,1.4960884,0.14573033,0.40429258,0.28959417,1.3396736,0.334353,0.60364705,1.2947031,0.5955944,0.060788702,0.29785863,0.262822,0.08927105,0.16082342,0.705707,0.15902863,1.1438962,5.2177825,1.7978305,0.112023585,0.3986421,0.1818621,0.6319816,0.94439477,0.64613885,1.3767236,0.15735258,4.425619,0.0,0.57603544,0.18843834,0.2017004,0.26036236,0.343441,1.8386897,0.066036716,0.7290696,0.6170696,0.61778796,0.17917086,0.12857531,0.5980778,0.2503275,0.72156495,0.12608185,0.75729245,0.30168927,1.3731751,0.18265148,0.4340919,0.35253718,0.5976113,0.46256924,0.25660387,1.3667666,0.09480903,1.6896892,0.055039573,0.34965238,0.31368157,0.3814723,1.2864925,0.14078832,0.54247266,0.28678176,0.8477985,0.019040052,3.380219,0.8780643,0.7516023,1.2821851,0.11535789,2.0576956,0.6065492,0.13338023,0.0014816736,0.8703176,0.37681252,0.944027,2.0846093,0.4783535,3.175372,1.9751801,0.46275255,0.6838108,1.4333619,3.438763,0.5867642,0.6577558,0.06527484,1.0837978,0.9354978,0.055568196,0.57866806,0.0392205,2.633938,1.1736481,0.21282655,0.48075682,0.08549762,0.03907519,1.029659,0.13235174,0.6574319,2.0874605,1.0666448,0.5877556,1.4944352,0.54514164,0.0013194424,2.529034,1.6496583,1.0355312,0.5694537,0.30874842,1.1326095,0.10143634,0.083728895,0.19010556,0.6658997,0.46101597,0.3941338,0.092046306,0.40059972,0.50662684,0.6464335,1.0624055,0.7027385,0.6701244,0.16105643,0.7543897,0.02236191,0.045958925,0.33035424,0.77234685,0.29001376,0.13872598,0.59736943,0.81478155,0.07212953,1.083599,0.23157884,0.12843232,0.61460966,0.091324665,0.03385553,0.51571476,0.9367364,1.4761486,0.0,0.26967195,1.2451868,2.4670825,1.3539674,1.1465832,0.049709853,0.6483411,1.5194342,1.1341796,1.2376581,0.07816604,0.9908441,0.02837543,0.08542013,1.0440109,0.029516088,1.3374608,0.43661454,1.058564,2.0769136,1.4858333,0.012581168,0.737648,1.2731308,0.33241683,0.2788569,1.0596178,0.09588613,0.13009189,0.66641605,0.5707463,1.7996622,0.7071406,0.38307315,1.6655118,0.82024646,2.2280405,0.2685282,1.321952,0.40121847,0.14853568,2.0558803,3.2375724,0.13718832,0.39588255,0.3899103,0.94062626,0.40793437,1.1802244,0.108394094,0.6420544,0.3779808,2.0747159,1.2519549,0.9742015,1.9537455,0.053618334,0.89545363,1.5720192,0.78794175,0.10177191,0.5077322,0.61617744,0.0,0.23395771,0.5561848,0.00053514977,0.6748291,1.3914692,1.3942128,0.1838981,0.029983254,0.81121194,0.30626607,1.2008799,0.21646108,0.25185773,1.5278144,1.9294434,0.55057824,1.1395822,0.43549144,0.47815284,0.66632235,1.4454621,0.0,0.7635275,0.44503143,0.28369778,0.8864058,0.33686516,0.06946473,1.0449622,0.2779793,2.0262942,2.5773556,0.61473477,0.24086617,1.1889353,2.2889018,0.56260157,0.77081406,0.017704401,0.082523264,0.46029726,0.08199241,0.0462205,0.0020197371,1.6584439,2.0097294,0.6814036,0.8818039,0.4568758,0.25923067,0.30434054,0.36715385,0.96674377,1.0407948,0.35561222,2.5663567,0.30909175,0.042722255,0.045023035,0.31935987,0.41371042,0.95719594,0.074190974,0.3436431,0.19137274,0.8930776,all_pothole_images\pothole_images_enhanced_7018d15f2c48152c5648b320880882f9.jpg
0.20158483,1.8633928,0.24962874,1.7871729,0.74096227,0.02987607,0.5849908,0.50862545,0.17408717,2.0377026,0.5151883,0.13868637,0.5275185,1.5556626,0.08544877,0.22544742,1.1382117,0.009248192,0.43279272,0.5214967,0.3310448,1.8295586,0.24055865,0.6487544,0.7775259,0.85444653,0.27939636,0.91491044,0.21810913,1.47117,0.14002357,0.24093443,1.5982394,0.30593318,0.16903846,0.2018164,0.51098275,0.4395601,0.012749874,0.5015133,0.4603245,1.0131621,0.09189621,0.9669574,0.5391732,0.6048635,0.8970131,0.045008816,0.42027122,0.016535912,0.73109317,0.37599036,1.2067965,1.2270582,0.08929055,0.67927814,1.3938131,0.26168728,0.571658,0.26643628,0.48395133,0.46857548,2.8887541,0.78475136,0.7715432,0.17733024,0.46953183,0.47113216,0.04495619,0.71509534,0.22737111,0.26625875,0.7305705,0.11235564,0.32964602,0.9238933,0.18169898,0.7999856,0.024246326,0.025103506,0.678887,0.5566402,0.4644127,1.1004106,0.27017838,0.6525019,0.33321127,0.2501356,2.671591,0.024209065,0.06395507,0.14887182,0.6985872,0.80961657,0.0,0.14106348,0.5351033,0.43453148,0.56696224,1.7961931,0.0020496182,2.6751006,0.3158715,0.015357253,0.26075897,0.061879236,0.43368608,0.010060727,0.19317394,0.19484992,1.95938,0.32123688,1.0848405,0.2845219,0.5673888,0.7318451,0.627535,0.81139255,0.45241338,0.69497967,0.36074167,0.055601984,1.671625,1.2066096,1.3785677,0.37933278,0.37939578,0.39534748,0.70753604,1.3037913,0.89576364,1.0133456,0.09033716,0.19496046,0.27221656,0.3424795,0.090414844,0.28328648,2.9607353,1.0018419,0.36133337,0.14910424,0.2958386,1.7062309,0.20827046,1.5438752,0.6847792,0.300368,0.42197442,1.5475237,0.49725997,0.7417702,0.5435028,0.15127409,0.71485096,0.46764427,0.3679149,0.46651146,0.29770005,0.6420466,0.6964106,1.0333788,0.3257752,1.7200673,2.051039,0.10913049,0.37063715,1.9759554,1.4590482,0.49461624,0.35297337,0.00735386,0.22775692,0.9954842,0.44937134,0.070054725,1.959758,0.09657497,0.5121602,0.038146358,0.32252985,1.0722233,2.1411064,0.0749862,1.8866696,0.5084897,1.5833979,0.56618446,0.044456173,0.463709,0.97552043,0.06433067,0.0,0.801894,0.035755686,0.4303911,0.025203606,0.08079999,0.18286999,1.2468791,0.10282602,0.4135857,0.6967479,0.06548622,0.20386583,0.6903525,0.19869925,0.4709028,0.54354906,0.25278136,0.057265095,0.43570802,0.587541,4.0024724,0.251181,0.7138692,0.055625558,0.10154871,0.49220377,0.112635046,1.0253344,0.0,0.07578463,0.1597058,0.09842238,0.7613409,1.1802441,0.08551003,0.55588007,0.018347928,0.03600029,0.95430577,0.22715798,0.3485363,0.31537113,0.19681333,1.2175206,0.092432626,0.19514935,0.021717597,0.37161198,0.15075111,0.06001819,0.20273177,0.28812018,0.0,0.40618163,0.09379105,0.6514624,3.2365286,1.5741692,0.025779206,0.06310848,0.70445263,0.052223913,1.6280591,1.243658,0.12469801,2.1375763,3.2757516,0.5279502,1.3879995,1.2265736,0.30100548,0.6213512,0.19147222,0.20022957,0.67545074,0.84831065,1.3744127,0.101303875,0.2926268,0.5153939,0.21493553,0.3522826,0.11415242,0.7857949,2.738557,1.8825023,0.592505,0.23069124,0.38426286,0.047269933,0.89297235,0.31540233,0.35437876,0.44306222,1.6359242,1.7038099,0.05572155,0.18325743,0.007938268,0.6672406,0.14290297,0.8801679,0.6365818,0.3694996,0.75933367,0.07759859,0.07258528,0.29137334,0.08212992,0.23638445,0.08794228,7.248112,0.8565951,0.19844599,0.5869137,0.38270658,0.38516927,0.9135099,1.4895195,1.8710593,0.02765456,0.24197821,0.116263874,0.26892027,1.1334974,1.031132,1.0967158,0.009481943,0.34979996,0.05042572,0.930468,0.7817348,0.55113524,0.8474717,1.102785,0.6496116,2.7707155,1.7681742,0.3219646,1.0287374,0.4733909,1.4796221,0.10326864,2.2478962,1.074044,0.2143612,0.055058215,1.3496121,1.0130929,0.58353186,0.009346795,0.745019,0.02102042,0.57512754,0.8345891,1.3512223,0.5029519,0.73993945,0.39717448,0.27231663,0.10407848,0.030987551,0.08070964,0.55538726,1.8246229,0.1173293,0.31048843,0.86165386,0.00023578743,0.08780225,0.75814223,0.01805935,0.07312288,0.06791127,0.8980448,0.044475954,0.51309377,0.83852345,0.24030071,1.5563045,0.0,0.41370234,1.0756514,0.1171519,0.15562753,1.1343925,0.34572563,0.16907822,0.24004275,0.20034866,0.037555758,2.4210045,1.5536795,1.9917964,1.9629742,1.2664632,0.8885092,0.2956493,0.23813446,0.17586377,1.1848682,0.42980385,0.055903394,0.06487395,1.1592933,0.7376175,0.850779,1.2628536,0.7159532,0.36198336,1.4490471,0.07362279,1.1947212,0.35196573,0.028708879,0.29211646,0.13886656,0.44188517,1.1652409,0.12355329,0.10357726,0.12707627,0.8424757,0.5875294,0.78581023,0.15041618,0.42481613,0.69290245,0.61732316,2.0887718,0.4558158,1.9683622,1.3242645,0.5548091,2.2893791,1.0231478,0.16338918,0.4750486,0.020493288,0.023173096,0.42939532,0.36944848,2.2764926,0.445393,0.7129161,0.32385933,0.5292267,0.59045017,0.5396792,0.12488017,0.08546811,0.77433586,0.8921705,2.1922557,0.14680073,0.41526762,0.27631244,0.21543734,0.29845458,0.15657502,0.16596647,0.6484396,0.6741681,0.9075452,0.23381974,0.3558177,0.028213862,2.1622856,0.9631536,1.4291625,1.193075,1.3687159,0.32031518,0.032045435,0.35845354,1.049219,1.954021,0.22344445,0.1686009,0.8087078,0.4317349,0.09555985,0.19826554,0.10467724,0.064693466,0.34230664,0.6278554,0.49148235,1.3904388,1.0111321,0.7057734,0.0,0.17782347,0.6999095,0.14014708,0.5662707,0.15508357,0.09001244,1.960863,0.80528086,0.23749067,0.41562876,0.023078524,0.35351527,0.08252787,0.22939481,0.2667066,2.1436868,1.7373006,0.46285272,1.8292121,0.34401664,0.26270172,0.18334983,1.0517168,0.13088289,1.7608409,0.6025154,0.19339246,all_pothole_images\pothole_images_enhanced_7077ccb7c09b65fc03dd39feb673a454.jpg
1.3053505,0.98819435,1.626296,1.2067548,0.7795737,0.40154207,0.71919817,0.29153508,1.5565091,1.3798653,0.27170876,1.6076417,0.5009067,0.18383709,0.2889005,0.18889435,0.14369062,0.64936453,0.59194076,0.47927162,0.8637836,0.266425,1.5427744,3.5923803,2.2762685,0.0011873583,1.3230057,1.1556538,0.080988854,0.5128863,1.5964383,0.69647574,1.3030258,1.6464571,0.7484862,0.2966478,0.018911054,1.3616292,0.107474625,0.2931946,0.40442422,1.8690451,0.16821335,0.6197262,0.5370789,0.8724401,0.76917344,0.369575,0.7297583,0.32689658,0.22943754,1.375478,0.86698407,0.12771794,0.9745888,0.008799233,0.30899042,0.4372377,0.7916696,0.7069036,0.46132642,1.6237075,0.85016507,0.06140296,2.1473846,0.43190888,1.7054448,0.5538449,0.16042696,0.12850222,0.4071681,0.20758624,0.7605423,0.002937509,0.14969505,0.38734183,0.876101,0.7419233,0.22821403,0.0,0.03428483,0.27499497,0.6475253,0.36246684,0.76361275,1.5675944,0.06281863,0.6806376,1.587402,0.36731625,0.6046228,2.21092,0.50961816,0.21298862,0.6696398,0.45919776,0.6194619,1.856804,0.1942167,0.06932477,0.29553553,0.564748,0.0,1.6909379,0.88679045,0.92129326,0.015028671,0.41486385,0.27178827,1.116623,1.3306473,1.6851782,1.3706834,3.134314,0.30685824,0.6861029,1.3214033,0.0,0.51134413,1.2971622,3.5709305,3.1724825,0.71167654,5.1266003,0.52762216,0.7862727,0.11860028,0.6657267,1.9559746,1.3027992,0.3942631,0.43270054,0.0895871,0.60193765,0.6204044,0.534383,0.30717292,0.18316983,0.2310536,0.5839825,1.8749019,0.8654753,0.79525435,1.3673128,0.6204266,0.13933945,0.60537475,1.7707196,0.0,0.63990676,2.724446,0.43750736,0.04555001,0.12055311,0.5707179,0.048624426,0.87600136,1.013051,1.7861043,0.23331478,2.1258924,0.5331488,0.41050547,0.57885945,0.7136737,0.41858268,0.5390696,0.23075303,0.96530074,0.47799572,0.760821,0.16817284,0.15879351,0.060344227,1.6716763,1.2043637,0.30664462,0.0023365973,0.5334558,0.5733729,0.28440595,0.28488255,0.7023865,3.3738382,1.8890779,1.1356523,0.28137767,0.5733443,1.2170868,0.63256025,0.47853512,0.024629943,0.5638571,0.842483,0.46694973,0.5489487,1.1088034,3.9913416,0.6839672,1.0299034,0.5279073,1.3166356,0.36780033,0.1297282,1.4666581,1.8102798,1.0305091,0.114777625,4.4320927,1.2171648,0.5463048,0.53915834,0.00033374055,0.5136995,0.37697437,0.0,1.6719081,0.008549582,0.63347375,0.010162319,1.6581483,0.07489119,2.1311173,0.31270796,0.02788028,0.45850793,0.5591551,0.19730806,0.9598555,0.014925763,0.24187909,0.8893266,0.6630786,1.1532257,0.76435524,0.1285092,0.73821974,1.2877342,0.32352102,1.3510519,0.65878916,0.11970879,0.0070668575,0.8538305,0.0,1.05533,0.93663585,0.42815506,0.82128936,2.6618605,0.20222788,1.0939413,0.14743416,0.14371604,1.2465967,0.19605201,0.114853,0.52826023,0.11391202,0.8905431,1.973951,1.2586747,0.5853144,0.28934222,0.28499493,0.62755364,0.015134458,1.0064815,3.5521488,0.6092906,1.6333727,0.28170416,0.59240776,0.5139255,0.14868653,0.44542313,0.55123705,0.6733213,0.5950649,0.41783512,0.062647395,0.4658924,2.1266205,0.2685108,0.8903489,1.0786502,1.0185236,0.68580246,1.4543282,0.3625941,0.27822372,0.3542995,0.93018603,0.7282263,0.33346152,0.5161426,1.3069093,0.76532465,0.48658586,2.4742959,0.3327615,0.5779284,0.0,1.0160116,1.7182546,0.44154555,0.53464377,0.12877598,0.0,0.009281132,0.69116753,0.85376614,3.6790264,1.260821,0.1274815,0.2761247,0.21644615,0.65291965,0.6323377,1.3080126,3.2881968,0.08303604,0.81977856,0.60728556,0.8904455,0.75341624,1.081275,0.0513281,1.1219245,0.08226968,1.2132193,0.066658586,0.27095672,0.07149347,0.81168634,0.24427682,1.2479949,0.0007800497,1.1289779,0.8984714,0.8213335,1.2559485,2.2331274,0.57805425,0.6888225,0.7216316,0.3152977,0.31714633,1.2665864,0.46113524,0.48043862,1.0507944,0.2996024,0.64115894,0.66057366,0.7222593,0.25472522,0.6856304,0.30226701,1.4719342,1.7063909,0.70874125,0.16860643,2.1875591,0.09464515,0.31829873,0.4975638,0.59328806,1.3239722,0.22268723,0.11280236,1.3296098,0.58544457,0.6746119,3.7087846,0.72749543,1.3316728,0.604871,0.04769655,1.3646789,0.59616226,0.027963536,1.9081131,0.4329216,1.4271957,0.036607455,1.3644528,0.25504154,0.0,0.7195901,0.32683447,2.877837,1.1691725,0.5161033,0.7946925,1.6545244,0.75015396,2.020398,0.47498593,0.9047681,0.0019084464,1.1742529,0.8155515,0.9824181,0.6107057,0.9034238,0.8165299,0.30949813,0.8094274,0.97469467,0.41274732,1.7660701,2.1728933,0.99953955,1.4640107,0.6176087,1.5249499,1.1187861,0.27756906,2.0631835,0.107030615,1.1247779,1.7429491,3.1488442,1.4022046,0.07495139,2.3683903,1.0673194,0.25011802,0.43186957,0.54695,0.8363837,0.024836862,0.46739912,0.30600306,1.2364082,0.2691578,1.0287759,1.1241693,0.62174666,0.49735242,0.2877419,0.3247882,0.790419,0.8899372,0.029672638,0.7377579,0.2446681,2.313436,2.8070714,0.44584188,0.7445608,0.19476898,1.2249295,0.54628927,0.28905287,1.1294781,0.4692011,0.49549994,1.157721,0.57795244,0.5517803,1.0827107,0.3447084,1.0870062,0.6774042,0.14153649,0.8233018,0.28420675,1.4281145,1.4546198,0.12993395,0.010161544,1.0708508,1.1123602,1.966415,0.0970109,0.28466496,1.3883978,0.25596482,1.6042635,1.0552984,0.76974624,1.2811632,0.5775644,0.71753424,1.9369354,0.45515487,1.9791554,0.6071121,0.087981746,1.1913512,0.48753753,0.0,0.27154827,0.36757314,1.16156,0.116007425,0.3380514,0.40064752,0.13603944,0.9265982,1.5949636,0.63902473,0.17431013,2.484054,0.29241204,1.5206782,1.3652928,0.3252652,0.72320926,0.04586835,all_pothole_images\pothole_images_enhanced_70bde38e2ab6f45039e9bb7d3d6d567c.jpg
0.18865955,2.2553298,1.1457616,0.8805117,1.2482224,1.2985455,0.401879,0.2565177,0.59366643,0.71850085,0.19083144,0.4872797,0.9690684,0.9672119,0.39237243,1.572499,0.7604146,0.04990473,0.40032226,0.46987852,0.23080763,2.7179477,0.7335892,2.4876337,0.13078739,0.48170602,0.91949517,1.6855526,0.26054513,2.210389,0.45290852,0.6349908,2.1383474,1.2247972,0.6392482,0.9793898,0.57262874,0.9539815,0.012505777,1.4663864,1.1860257,0.27902874,0.7310397,0.6570352,0.5007209,1.2384602,0.06514413,0.37302768,3.026214,0.05988373,0.94289225,1.0780956,2.966985,0.2324612,0.070735835,0.83130884,1.1060777,0.4223573,0.88310903,1.079889,0.0034874445,0.5579156,2.3030684,0.9801215,0.7365715,1.0970179,0.6656016,0.7766137,0.412924,0.46314487,0.7008792,1.1792066,1.285111,0.70751125,0.35074872,2.6486757,0.15697695,0.89304155,0.044624638,0.13086253,1.744678,1.5614258,0.3047212,2.4120328,0.41867873,0.3618337,0.28944352,0.6756655,4.8844237,1.2464294,0.098712996,0.48792103,1.6786815,1.487619,0.44676632,0.3342729,0.59371996,0.92427367,0.60608816,0.16615397,0.61139965,1.4020907,0.35735577,0.07357511,1.0372883,0.40913987,1.7515663,1.0066682,1.4008298,0.587355,0.1848102,2.858057,0.7044815,0.16874395,1.510604,4.107011,0.7630717,0.7052531,0.50687695,0.90818465,1.2104322,0.16253035,1.1037694,0.9849162,1.1195444,0.8687654,0.26384676,1.3349917,0.3785345,3.2510827,0.76294875,0.93550515,0.25041053,0.38680843,3.1090965,0.24740852,0.63491046,1.7788829,2.8495188,1.7612036,1.1949087,1.1099008,0.38716182,2.5869205,1.7624733,0.9054851,1.2082694,0.27923232,0.38420042,1.5808108,0.11807402,0.555565,0.53892094,0.6741583,1.5509114,1.4012244,1.0863543,0.6502238,0.20132579,0.47261268,1.135812,1.0748634,0.84207726,2.1602597,1.7275954,0.29058692,1.0045071,2.5296905,1.3738755,0.13323435,0.3519491,0.045885004,1.0231117,0.6237102,1.4130102,0.21546707,3.1953683,1.5435354,0.061765105,2.2033741,0.5063816,1.903352,0.8519995,0.2305329,2.9510849,0.7337729,0.36379343,0.9066033,0.0958677,1.8857193,1.1640375,1.2988105,0.15866967,0.59014165,1.1380234,1.0580744,0.0046811695,0.9749204,0.43627763,0.9065323,0.44223017,0.29744044,0.45283043,0.6510976,0.6702322,1.5939143,0.42666137,0.8649915,0.73289436,0.021033645,0.9053765,0.24449974,2.3952606,1.9844289,0.60432965,0.44302228,0.34918135,1.1850296,1.5668769,0.108142704,1.4594057,0.11457323,0.63487154,0.97901136,0.22521903,0.6367751,2.5392745,1.2423835,1.2574136,1.3207796,0.836962,0.123577274,0.28856993,0.47995123,1.1255054,0.56287575,0.7392383,0.19402033,0.7913795,0.9296663,0.56599236,0.8767679,0.7986759,0.8891147,0.09866171,1.4326657,0.66224295,0.24870583,0.4586704,3.7500677,1.7754817,0.07761389,0.46542588,1.2306261,0.64425576,0.15946281,1.8114767,0.5005177,0.9653028,2.1194708,1.2573081,0.6495497,0.9324266,0.35520896,0.4284292,0.9091495,0.24131142,0.55514145,1.6538254,1.4090538,0.32659405,0.017682573,1.3969265,0.7727667,1.0664694,1.9739263,0.7441521,2.3185792,1.219454,1.172643,0.03477136,0.6997216,0.51480335,0.53725594,1.8407353,1.0308342,1.1868865,2.5081155,1.3456072,0.36088753,0.34382415,0.56354743,1.528702,1.4840245,1.8606213,1.0439732,0.6622031,1.1955982,1.20817,0.6019356,0.04367754,1.5019605,0.29868722,1.4445039,3.8125398,0.25754213,0.22881559,0.80690515,2.0145824,0.14680398,0.07444954,0.593106,4.7096777,1.4806368,0.051893108,0.556424,0.73507255,0.4504208,1.6345971,0.88222283,0.054900777,0.19969426,0.95498455,1.598379,0.7880583,0.56237346,1.0939872,1.2177093,1.164129,0.85690635,5.7066545,0.7153969,0.26518476,0.1193545,2.0265357,0.2729585,0.4163493,0.61075324,0.22934729,0.108980305,2.3832133,1.3210373,1.506534,0.117883,1.0443476,0.18179439,0.07518017,0.9747859,1.0598552,0.9464091,0.41608453,1.2402587,0.06082419,2.1232798,0.6281075,0.08093416,0.8938324,1.2526209,0.88096756,0.273843,0.35410655,0.0,0.8251796,1.3281341,0.015984943,0.515885,0.38630918,2.5573256,0.04900845,0.6571044,1.8723015,0.7150924,1.3969082,0.6555462,1.3913683,0.6925067,0.29110274,1.9936014,0.9523141,1.6524234,0.61970925,0.36384916,0.609876,1.317265,4.8048816,1.100746,2.1264312,2.7598624,0.6446043,1.8940971,0.445431,0.8940791,0.51594085,0.26805496,0.99034864,1.0444224,0.20319016,1.673815,0.10632652,0.12585266,1.61765,0.68716216,0.039856233,0.7045149,0.11642283,0.284291,1.0751891,0.47178772,0.8265313,0.07577626,0.18108912,0.56424004,0.11938801,0.5745575,1.2457322,1.3156155,1.3794011,0.93682796,0.02306084,0.38605708,0.47665286,1.1669056,1.3787731,0.8231013,1.2518352,2.964781,0.80900943,3.1562798,0.57999986,1.6909868,1.0711132,0.17167106,0.4727874,0.435738,0.31801865,2.3345797,2.3110652,1.3172276,1.7618349,1.8288717,1.8037926,1.1534795,1.5218568,0.116132595,0.34992775,0.78203595,1.6579785,0.86157674,0.4493836,1.2209884,0.28483593,1.3405344,0.60714,1.5285752,1.1144607,0.2606632,1.2757094,1.5766937,1.209736,0.9864012,0.76813084,1.4759477,0.9970442,1.31377,1.4450045,1.0597792,0.29766133,0.19037484,1.131783,1.7597127,1.4403101,0.7887399,0.9706539,0.09810824,1.4359738,0.7039459,0.49467584,0.36592266,0.951233,0.51470697,0.8892634,2.1743848,0.19904804,1.2274358,0.15750115,1.223217,1.5125368,0.11251469,0.5390522,0.08568291,0.322872,2.1833766,1.060217,0.029512433,0.6364993,0.048330553,0.30984598,0.108496904,1.3660636,1.730333,2.6261263,2.3693666,1.4901944,1.0406313,0.5239183,1.3018317,0.4686894,1.5133929,2.1841104,0.33994222,0.3990245,1.7033101,all_pothole_images\pothole_images_enhanced_70cda3d479585b9d6a6874b0045edf49.jpg
0.10624772,1.2077544,0.7779289,1.2059073,0.9059535,1.3310533,0.63379145,0.117387556,0.83257985,0.45630434,0.35562927,0.15605928,0.5226236,2.4106274,0.3608064,0.40813857,0.0,0.84294975,1.0226555,0.4131175,1.2043229,1.4136841,1.8126395,0.33286044,0.921351,0.25051305,0.4783163,0.6691378,0.049249172,0.72872704,0.0140111605,0.0,0.07924825,0.31420606,0.08829448,1.1280787,0.66648364,0.20155062,0.5078439,0.03772194,0.58531743,1.136306,0.35434252,3.0710561,0.49272424,0.41692355,0.621337,0.06605963,0.3957184,0.19637085,1.4251568,0.7985701,0.3946433,0.35849816,1.2336715,2.3421082,2.9760778,0.13390489,0.06617966,0.41658968,0.24847446,1.1250473,2.0124836,0.27258795,0.7443603,1.2810895,0.23254503,0.034842044,0.023758342,1.3202648,0.52819926,0.41770062,0.36458436,0.1875622,0.29919598,0.24129629,0.9414651,0.5046799,0.18790582,1.271172,0.7777586,0.06794207,0.33394438,0.7312363,0.9458562,0.17504814,1.0443385,0.06876226,1.0904121,0.11078593,0.33199334,2.0304966,0.88259745,0.21888764,0.076174304,0.034007,0.0063997954,0.79786783,1.6550411,0.4954677,0.9661965,5.2383533,0.23136756,0.26071316,1.0465467,0.24743399,0.6941734,0.24133424,0.06515755,1.0605298,0.23149793,0.0,0.13360482,0.044829592,0.7928375,1.7668648,0.78158146,0.34979022,2.1505568,0.90373194,2.188,0.0,0.09284281,0.5828469,0.3995922,1.0338452,1.1611718,0.45989272,0.50359577,0.15616585,0.59487885,0.92827743,0.4113746,0.56203717,0.07787003,0.5293119,1.0085099,1.0287939,0.3347533,0.75870764,0.77432513,0.3992564,0.976828,0.60403717,0.73763466,0.19336359,3.4508433,0.29211324,1.5642349,0.9272815,0.07841022,0.617815,0.691212,1.2574513,1.6576544,0.1515815,1.4546338,0.757048,0.80521965,2.2202988,0.80350626,0.6225413,0.11761447,2.3710456,0.9616455,0.9803745,2.0146945,0.5263264,1.9514471,0.71295434,0.23500776,0.18658988,0.14166793,0.7717168,0.31527424,0.11813464,0.16254291,0.79486066,0.46539208,0.37553635,0.6869795,4.3833494,1.932431,0.43208492,2.1049376,0.5517682,1.7606075,3.5375195,0.12200509,1.1073822,0.00085155,0.15714073,0.0022468874,2.0310864,0.9178353,0.008715732,2.2419696,0.1969871,0.69251746,0.43488547,0.12474344,0.48185992,1.5976102,0.77914613,0.5138496,0.56731135,0.30636686,0.02755292,1.3635553,0.28226587,0.15728958,0.3588313,1.9488385,1.0065479,1.899992,0.17097571,0.44459376,0.51544446,0.790707,1.0009867,0.4897714,0.009234446,0.31305662,0.2973562,0.19524328,0.50605553,1.3407912,0.08513139,1.8344595,0.15135205,0.24206546,1.0357534,0.0,0.13796087,1.1715716,0.011481946,1.3066473,0.36957315,0.005704191,0.7749442,0.71918267,0.12954639,0.09804713,0.12229592,0.7004327,0.41811797,0.03522743,0.4977202,0.6836485,2.0558023,2.3456361,0.017600335,0.88145477,0.16878872,0.13452582,1.3198173,0.19270623,0.81043893,0.79537785,0.6382588,0.7312551,0.19482067,0.69005114,0.9638204,0.5374928,1.3649355,0.039127156,0.099122144,1.048061,0.09134099,0.4246122,0.13400263,0.15411328,0.0016360292,0.21750183,0.44118392,1.3993409,0.56100345,1.45827,0.74708086,1.734661,0.73203313,0.20957847,0.5924278,0.08783677,2.1654546,1.1972145,0.92965823,0.556689,0.3713734,0.38467064,0.16769587,0.3124764,2.8688526,0.19518702,0.2605466,0.02684133,0.69506276,0.20455761,1.0039657,0.13654079,1.1999134,0.6677808,0.39189643,4.3873053,0.6291248,1.3429898,0.036728594,0.4593437,1.098102,0.63247144,2.003691,1.1766999,3.3377206,0.99564284,0.75450623,0.15947005,1.228633,2.7466812,0.15077974,0.9513449,0.5369518,0.09433055,0.11326955,0.41939086,0.68601924,0.6937894,0.010834852,0.27723825,1.0104419,0.6334968,0.074437246,0.25889865,0.8575858,0.46781632,0.0063007423,0.66074634,0.9351853,0.3333908,1.1754231,0.42962918,0.41062483,2.056773,0.34318444,0.7889707,0.107265614,1.1313847,0.12865819,0.6346607,0.6164047,0.7421072,0.0059521515,1.8801397,0.7776681,0.80629027,0.7823969,0.7089826,2.1355321,1.1904339,0.42056146,0.15016626,0.4529559,0.70347935,0.57332397,0.12503216,0.66983616,1.8043864,0.8502284,0.4472084,0.4830976,1.3386003,0.150572,0.104165204,1.8867154,0.22888413,1.4900699,0.1719909,0.43483874,0.66047287,0.36041766,0.055848878,0.5130229,0.57527,0.4876994,1.3361701,0.8579113,3.9554698,0.22350562,0.8274298,0.7726148,0.23364188,0.028370319,0.0,0.35321978,0.13395195,0.23889628,0.79941595,0.623825,0.20024538,0.7811033,1.5751679,1.4596486,0.16240337,0.8563477,0.27529153,0.057478875,0.17681468,0.6438358,0.112781584,0.13349666,0.5154946,0.3846352,0.499897,0.43480518,0.51963675,1.2310448,1.195802,1.6338061,0.0045845388,0.067116655,0.8913061,0.075319424,1.1991937,1.0528013,2.733844,0.49387997,0.34987554,0.05692505,1.8734963,0.1113478,0.6108946,0.52873886,0.2756312,1.2780641,0.38000923,0.93370956,1.6861883,0.6450616,0.49252033,0.41305166,1.4795214,1.7638729,0.032616347,0.35341862,0.9543365,0.009018644,0.7950609,0.099160016,0.2008025,0.8792291,0.8503978,0.10058798,0.6543742,0.4313254,0.9093318,0.28979814,0.6837127,0.37759444,0.3459217,1.7396145,0.9109564,0.19078146,0.59460497,0.21129821,0.2826749,0.25927815,0.030598596,0.37557176,0.08399558,1.8327591,1.4003078,1.5662507,0.78580356,0.08216715,0.8610327,0.6983671,1.3718109,1.272205,1.292563,0.037410624,0.45310897,2.4040313,1.559998,0.3525398,0.32450098,0.7460554,1.6253761,0.028639622,0.974203,2.5783849,0.3655548,0.3432718,0.2411699,1.1698784,0.30079693,0.0,0.17724961,0.0,0.06302158,0.20266134,0.5788567,2.615699,0.7835698,0.5451746,0.90385824,1.9250205,0.3755078,0.39044952,1.0231003,0.9578318,0.2286554,0.12840131,all_pothole_images\pothole_images_enhanced_70f7c9e65faf4c49e4aae541e1e92182.jpg
0.70148313,1.8780863,1.9147569,2.04171,1.1789739,0.05641227,0.21898492,0.0,1.2980264,0.123497024,0.045646366,0.659391,1.3768252,0.85622084,0.74866825,1.2043159,0.050601363,0.0,0.35334817,1.205874,0.5720092,1.6654371,0.15855417,2.5462418,1.6060663,0.04424696,0.5423525,2.010087,0.14579995,0.78412473,1.2059257,0.63471717,0.33069766,2.2603629,0.2751108,0.30295947,0.599625,0.47252685,0.84494746,0.8530879,1.0073041,0.049203366,0.13316388,1.0335567,1.017064,0.03185204,1.6722972,0.22884038,0.43095312,0.38181078,0.14955187,0.8010367,0.26800177,0.06175413,0.0344997,0.10658389,1.3908956,0.0075050374,0.18292174,0.5729677,0.08307355,0.7715079,0.31828183,0.082942225,0.23872827,1.62558,0.03611725,0.004194615,0.13649368,0.4448492,0.20048271,0.21732369,0.47734535,0.021270843,0.14605859,0.9461757,1.5883807,0.9750198,0.0,0.13064554,0.1855872,0.4405325,0.23983264,1.0456156,0.38043672,1.5598991,0.059835814,0.94365627,3.1960044,0.1947058,0.08760306,0.43070936,0.33818236,0.18801416,1.6783117,0.4993936,0.3073671,0.64539194,0.5303573,0.26253682,0.11131943,0.20898479,0.0007182375,1.0609685,0.069392964,0.1482498,0.041847084,0.13646339,0.32552198,1.0576675,0.66811883,5.0823812,0.919775,1.2733889,0.42740446,0.50023174,1.9092672,0.109751716,0.3619742,0.5713171,2.3230636,2.495432,0.48840174,0.99406207,1.1161089,1.1850454,0.6581245,0.8779005,1.4296002,0.19582863,0.7305167,0.039284814,0.09280958,0.04405178,0.2886882,1.5962023,0.17431629,0.2297153,0.30625412,0.076021604,0.16638206,0.21095805,0.13663153,1.0165969,0.13856477,0.10394551,0.7701947,0.8952113,0.86996466,0.6972939,0.8330206,0.34303385,0.18339476,0.23707736,2.1589708,0.076448485,0.31763032,1.4232128,0.5653424,1.3681818,0.95148855,0.9656943,0.026936341,2.0314603,0.06500687,1.3541608,0.08481532,0.0,0.79066855,0.7744309,0.0040925425,0.0077958205,0.36016548,0.16486657,1.6194109,0.036923036,1.090173,0.0,0.23672152,0.36967304,0.0,2.6957865,2.8566482,3.0345302,3.3429577,0.67248917,0.05976928,0.99781203,1.3085192,1.8085796,1.071922,0.57774615,0.008183525,2.2488253,1.0236738,0.0,0.17790899,5.371377,0.3985035,0.7040657,0.63751,1.1216285,0.4523414,0.70515877,2.7537389,1.776123,1.4461627,0.40247485,0.8985985,0.5236421,0.014917597,0.24472268,0.54011637,0.53022546,0.39934805,0.8395961,0.066377304,0.8033231,1.8144397,0.28348848,1.0609189,0.015767993,1.0638356,2.6742616,0.045039106,0.25006938,1.527548,0.21595784,0.8003171,0.07865487,0.34658006,0.45860806,0.7741888,0.10182184,1.3014504,0.5824962,0.79475,0.7396438,0.30231565,0.059269,0.78286296,0.005383085,0.18370406,0.10686779,0.0,0.23738962,1.5693829,0.0986333,0.87438864,3.57875,0.43165475,0.104290076,0.95374984,0.51914686,0.10641918,0.0,2.37816,0.4394117,0.11088217,0.2924586,0.3761643,0.042767946,0.5565229,1.305927,0.01789312,3.2049098,0.0825355,0.53837013,2.5521805,0.52047944,1.0216801,0.2249335,0.02741555,0.89110726,1.5812945,1.4156942,0.20243664,0.7576696,0.4943779,1.9877056,0.07402781,0.48246765,1.3480027,0.27782214,0.907171,1.1183277,0.59180963,1.0610727,0.17548041,0.5320656,0.25544137,0.043377534,0.2252476,1.5302765,0.56869817,0.3221785,0.62543905,0.880831,0.609979,0.8989919,0.3836477,0.0767532,0.837851,0.89623123,4.126076,0.2594339,0.0041689784,1.2849133,0.0356825,0.088125765,0.0020442803,0.42434907,5.8489566,1.5474956,0.31206086,0.9579754,0.007960267,0.2843658,1.7897482,0.24397935,1.0968404,0.22085024,0.29132098,0.33541927,1.4742799,0.40023765,0.53698134,0.0,0.25448662,0.26097238,4.4172792,0.058452606,0.1538644,0.0652126,0.039677788,0.016414057,0.71716696,0.052363317,0.06863147,1.202894,0.2987955,2.9828808,2.5901315,0.69103163,0.9050232,0.032207206,0.28632292,0.17191558,0.008503386,0.79481775,1.1962507,0.45925802,0.4497657,0.12705871,0.0023545758,0.040362015,0.13333248,0.65955585,0.051001415,0.8808709,0.6764789,0.20324484,0.67135215,0.702355,0.0,0.60240376,0.34618798,0.7001774,1.0106848,0.18167733,0.27194524,0.7724533,0.59173644,0.558835,1.6681617,0.9771495,0.21926214,1.5107076,0.78958356,0.36660782,0.0016279087,0.08506109,2.1137278,2.3182812,3.6991537,0.96501875,2.356302,0.04223119,0.010007272,2.391305,0.72495043,3.5759919,1.7409104,0.115598485,0.03181156,0.9836604,0.4254196,0.77304995,0.725218,0.7576895,2.3237197,0.40072033,0.13181078,0.7345343,0.2966775,0.06371043,0.80082715,0.7765522,0.11184121,0.018216578,0.33347085,0.8513179,1.6856263,0.18517624,0.07691471,0.26420012,1.2045934,0.49617285,0.13094981,1.1470273,0.11033138,0.026708452,0.62332153,2.4933655,0.97958136,0.38914964,1.1849749,0.5283752,0.9504158,0.40468648,0.23061211,0.68469936,0.07187457,0.433357,0.00790674,4.451293,1.8764024,1.5319413,1.0370985,1.3910173,0.20579988,0.4578177,0.026533153,0.72340804,0.04934103,0.17132962,0.24597195,0.16638376,0.14821075,1.61425,0.9938831,0.028101357,1.0838393,1.7485622,2.9944055,1.1162819,2.6816032,1.2240452,0.17738646,1.6585047,0.048733924,0.50231814,0.11882399,0.103210576,0.0043176003,1.6298391,0.28646994,0.74632823,0.45184338,0.28086865,0.6215341,0.8617409,0.13788086,0.019087646,0.26689017,0.47117156,0.070823535,1.0765011,1.7188574,0.08468673,0.8335518,3.8692932,2.2281208,1.8278775,0.18579273,0.25070572,2.2504468,0.676833,0.859948,0.2009411,0.14597163,0.8674847,0.35214645,0.11925049,0.0,0.0,0.036335982,0.16756801,0.0,0.045882154,0.67314327,3.37163,2.3127027,0.22953707,0.14428139,1.8783413,0.04811607,1.1991012,0.14137207,0.47138387,0.24820964,0.18175115,all_pothole_images\pothole_images_enhanced_7138f041131aae39e426611f4b9f353f.jpg
3.2414129,0.6693551,0.0039155134,1.9242691,0.9578431,0.3239319,0.0,0.4328704,0.05275988,1.383808,0.02709319,0.79482,0.0,1.6732576,0.7452772,0.7362003,0.2709743,0.05534538,0.075954214,0.2737894,1.9072409,0.77772325,0.17066321,0.6312193,2.0512652,0.9729572,0.0,3.2748876,0.40161124,0.24684972,0.44548762,0.57536733,0.2595487,0.976867,0.07903016,0.22507752,0.000695707,0.682163,0.90827143,0.7574201,0.0768637,0.15493077,0.18542121,1.4990916,0.7612442,1.1634966,0.044558484,0.021974381,1.3763708,1.3495936,0.6654996,0.0,0.22140798,0.016480802,0.0025140767,2.2701287,2.7884989,0.42248994,0.0,0.0812012,0.117954016,0.09796711,0.51578784,0.6318308,0.29241604,0.79018795,0.70132554,0.0074830353,0.21524861,0.12507178,1.463441,0.21034174,0.85895306,1.8174089,0.10613761,0.57246065,0.004230259,0.6816589,0.035126604,0.22988024,0.026477698,0.0095854085,0.32557762,1.5088516,0.078081965,0.013792709,0.59360176,0.51954573,2.9780579,0.05661312,0.6537423,0.09244595,0.38285026,1.2686613,0.16803293,0.15870884,0.4973466,0.1591468,0.42491734,1.3907067,0.018770587,2.7415783,0.4605346,0.004723829,0.48674718,0.0010047972,0.32941607,1.2243431,0.042481605,0.5758086,0.033841416,0.27096143,1.093618,1.774129,1.2438004,1.2783257,0.21389437,0.19018243,2.1374757,1.4485705,3.5725038,0.5815481,0.0,0.5100613,1.2659307,1.3919729,2.132753,0.7316845,0.36095762,0.04678561,0.12399756,0.0,0.08917792,0.15366785,0.63309884,0.48218378,0.77862537,1.040494,0.52705336,0.0,0.05096268,0.17792422,0.7522454,0.0020371878,0.12124389,1.6405905,0.0064784386,0.8499243,0.019553814,0.0555123,0.3513542,1.4416262,0.057588298,0.17466809,1.9480792,2.6411524,2.2780685,0.14898156,2.0467126,0.5144207,1.3302182,1.4070938,0.73659766,0.28969577,0.23193935,2.4738975,0.26882824,0.15880175,4.993886,0.7800377,0.0,0.06777273,0.0012027108,0.11196106,0.5662108,0.59975535,0.6887939,0.16896178,0.6417226,0.0,0.019248588,1.1344011,1.3261114,1.6099316,1.013915,0.047900014,0.0,0.26455042,0.8190706,0.55277276,0.014957863,0.15002982,0.8742801,2.2022324,0.75301546,0.28462443,0.51543015,0.033585537,1.0242286,0.5194949,1.7505316,0.7428839,0.8406409,1.2858741,0.18902397,0.1197191,1.3910924,0.13461399,1.0308391,0.30983484,0.08882075,0.012344557,0.5853966,1.5784211,1.4337922,2.6842763,0.15485515,0.0038639596,0.6870657,0.04097422,1.4224722,0.017972669,0.6155518,0.0914917,0.0,0.34431893,2.0194335,1.8321619,0.6894536,0.81961447,0.0035877253,0.047910247,0.9389949,1.0078686,0.11497727,0.0,2.9478464,0.0,0.19067313,1.2307996,0.18798402,0.00081987923,0.10179298,0.0179482,1.0613953,0.0,0.7791157,0.000117131145,0.39401218,5.922481,1.1505499,0.7453434,0.04059912,0.28182665,0.0015426304,0.06724006,0.5863594,0.6446017,0.63106567,5.1645093,0.0,0.12156767,0.9742096,0.07150882,0.21614222,0.19541292,1.134441,0.011641809,0.89353055,0.121477045,0.39587885,0.0,1.73491,0.0,0.6279205,0.5843474,0.26042765,0.57510537,1.1453371,1.0709363,0.8399445,0.32575867,1.2386216,0.8888643,0.096308045,0.18359213,1.0460678,0.18882467,0.41281027,0.10440487,0.20233078,0.06999815,0.16198368,1.3941122,0.07205483,0.9901391,0.16673158,0.59519285,0.28089318,2.0181303,0.068916395,0.3098896,0.042194895,0.6491618,4.452656,0.699414,0.04951017,0.0015788337,0.03765145,0.8573484,0.6049712,1.1665097,1.0570552,1.264019,0.954814,0.110311955,0.0,2.5077913,3.1230443,0.4580421,0.11917243,0.0,1.1476068,0.1727196,0.18475203,0.23433205,0.1864217,0.15281507,0.24679245,0.061042514,0.6687076,0.094275065,0.01020799,0.0,0.003831812,0.3250216,2.3155959,0.04169158,0.28516242,1.7968086,0.7549485,0.039861552,5.0353084,0.2565294,0.52747166,0.003637955,0.2886853,0.25501084,0.06380143,0.155644,0.46347943,0.87360895,0.109908216,0.32210314,0.0549278,0.10737404,0.10054413,1.7290039,0.9521276,2.193763,0.123136826,0.06302776,0.8265333,1.0221626,0.0,0.30010465,1.6448255,0.0048455107,0.06975997,0.039548747,0.89424366,0.07794145,0.05694477,0.0024612157,0.007844676,0.16112176,0.0,0.27530843,0.31352088,0.118714556,0.5133284,0.011723585,0.39463937,0.047223877,3.933731,3.2737176,1.9311974,0.026563823,0.12836151,1.4011296,0.08711133,0.3878197,0.22090857,0.026990226,0.010784042,0.20329218,1.7936504,0.4277719,0.5017613,1.2309223,0.53930557,1.7899219,1.2070119,0.23049988,0.07341814,1.3875881,0.13493264,0.6230626,0.60750437,0.52917373,0.4332436,0.04791621,0.0,0.70170826,0.0,0.7154874,1.0612963,0.56939024,1.5304526,0.15824462,2.6004727,0.17719291,0.52837306,0.77500486,3.4776542,0.044671398,0.77233976,0.042816743,0.671756,1.2839706,0.36999497,0.32931852,1.223143,0.92183733,0.71358657,1.787091,0.23537995,1.2961551,0.0,0.726822,3.9515953,0.06389744,0.25244138,0.098143645,0.5300589,0.007676369,0.62567365,1.273349,0.13382986,0.02809388,1.2811233,0.97929245,0.48858213,0.48682684,0.3825196,0.38025576,0.7036563,0.13495463,0.35729975,1.9124432,3.0302641,0.1320118,1.6162641,0.19934458,2.3185332,0.038067963,0.51417655,0.0,0.5978869,0.7408145,0.037667282,0.05573077,0.06647176,0.42393726,2.7182343,0.3131105,0.8691448,1.2667058,0.10421446,0.16914456,0.46933308,2.8869298,0.40714428,0.5606748,0.1006321,0.034376305,0.06369359,0.4174933,0.12135444,0.006479463,0.44650346,0.49737695,0.04087801,0.26944852,0.22019471,0.2568522,0.13232206,0.31741795,1.192095,0.015517229,0.03910689,7.0009866,0.17522979,0.72709507,0.07269223,1.5590476,0.36166516,0.041201193,0.04301403,2.6807466,0.497382,0.30682224,all_pothole_images\pothole_images_enhanced_717047f9920852811e6d0712f92a2d85.jpg
0.0,2.0583153,0.89220035,0.022241933,0.6194425,0.18449865,0.6377676,0.5163694,0.6684531,0.2933252,0.25475693,1.0374836,0.46630758,0.71887827,0.08541522,0.32151145,1.0592209,0.06952807,0.9177676,0.58482784,0.21546093,1.1216832,0.87991846,2.6996167,0.21327463,0.9067579,0.09705987,0.7954916,0.21338609,0.2792144,1.0887018,0.0,2.4713783,0.42518398,1.2703912,0.86275727,2.2929492,0.216549,2.0887263,0.17037176,0.16520481,0.1435158,0.13309973,0.33537802,0.6099289,0.11200309,1.6904851,0.06688125,0.39773077,0.6901029,2.023395,0.6656919,0.1699769,0.19829324,0.7859552,0.2855358,0.7747982,0.18265285,0.41386506,1.0965902,0.16512434,0.39608437,1.6202084,0.46612975,0.26332578,1.1647286,1.4925982,0.0592451,0.10186705,0.98178285,0.7815177,1.0767992,0.0424836,0.06780787,0.52024585,0.36995217,0.5539407,1.3623408,0.0013498515,1.4008478,0.31531563,2.2893922,0.04084808,3.1268177,0.15603319,2.2002127,0.63292474,0.90228176,1.4615948,1.0693587,0.38653964,1.7121887,0.26658916,0.30372748,0.13032888,0.5063793,0.11491872,0.6325414,2.0163374,0.3339752,0.5947894,0.85086983,1.4711568,2.2300403,0.6438069,1.0450839,0.63047624,0.21035801,0.41227487,1.5165824,0.49238655,1.2398869,1.4965655,0.27510315,0.62265265,0.565029,3.462355,1.8213041,0.41654706,0.65722454,1.5932447,0.6863523,0.21207257,0.06435579,0.1046566,0.15072148,0.30937478,0.7365218,0.12208243,0.08524063,2.6095502,2.229464,0.3518969,0.36110002,0.0844145,0.9684947,0.045542035,0.41080326,0.65812767,1.2286106,0.6528609,0.15219447,0.5568049,0.6661672,0.34081167,0.11936927,0.9003644,0.31679928,0.5645386,0.35071528,0.14283772,0.8094885,0.39616328,0.15555033,0.9180785,0.80205727,1.6415612,0.47614568,0.030714437,0.5367491,0.421749,0.089015625,0.0,4.7053165,0.3937236,0.974425,2.415855,0.74134314,0.08816148,0.07134405,0.18084058,0.0068221786,1.2581172,0.692685,0.84866184,0.3564549,0.7238866,1.120947,0.13729717,0.37746802,0.31925562,0.46072808,1.7204478,2.2815154,0.9761855,0.46913853,0.44933242,0.9049844,0.039913315,0.24454977,0.6953715,0.25179714,2.9374557,1.9587184,0.39355817,0.4863524,0.14848283,0.46549523,0.28580594,1.0654291,0.05955556,1.3566111,0.040583078,0.0,1.4501836,1.6374488,1.2844564,0.13290358,1.0130028,0.4601629,0.4575993,0.07584668,0.8690348,1.3226105,0.41885135,0.011278538,0.28030738,0.6660701,0.64210457,0.115531825,0.76983696,1.1520574,0.3749428,0.5168893,0.8201295,0.5789914,0.8626766,0.08726499,2.1464794,0.09190242,0.5228767,1.0619527,0.4597653,0.14403448,0.49368823,1.3025497,0.87923115,0.3809755,0.12402526,0.31479633,0.067650735,0.13477568,0.4086567,0.18337694,0.54954034,0.3118454,0.69208074,0.16993468,0.23924834,0.14944223,1.9785128,1.9021145,0.043586563,0.41826457,1.1677663,0.09128111,0.28812143,0.61442786,0.3077843,0.11744354,1.5934054,0.57094204,0.8862169,0.22525075,0.3005306,0.28046536,0.19456026,0.35344446,0.8957476,0.29611757,0.8508589,0.06967058,0.22776294,0.03963903,0.016917847,0.7834453,0.47322863,1.7008057,0.14047556,0.20558377,0.9173559,0.6223842,0.8916856,2.1326025,1.5452195,0.12261255,1.0499986,0.69510144,1.8146684,0.01559736,0.46180257,0.29751673,0.0,2.8440511,1.1633215,0.58188957,2.4039876,0.5851079,0.5045624,0.14138076,0.5709159,0.013455506,0.002971106,1.4380966,2.4175968,0.024523705,0.24498649,0.18368724,0.7411934,0.639614,0.4677797,0.2959288,3.482644,1.4743032,0.5193195,1.3315191,0.046361882,0.17716283,0.513748,0.3747842,1.2621399,1.3589214,0.032287262,0.14534941,0.21829657,0.19449751,0.77067363,0.5760719,0.5617294,0.72922415,1.4579116,1.8105036,0.13050269,0.14408684,0.24168383,0.16406935,0.011349314,0.38191494,0.8027004,0.0,0.47745475,3.1947331,0.16979721,0.061332945,0.05703445,0.5084833,1.8804486,0.11790823,0.034392674,0.26102102,0.0102994405,0.19921283,0.40393072,0.75002986,1.9138857,0.0153199695,1.1720648,0.17861897,0.70012164,0.0,0.2247045,1.0271739,0.099354506,0.30938926,0.37095836,1.1174394,0.04413087,2.155023,1.1883565,1.6818004,0.5936921,0.41112277,0.3443704,0.90602756,0.8756412,1.9196156,0.564382,0.42698762,0.16106312,0.46359277,1.0422422,0.8015518,0.10067925,0.85885584,1.2879484,0.16422462,4.9551425,3.944932,0.6988533,0.2639608,1.4068067,0.7401048,0.34788504,1.0856053,0.43754464,6.389799,0.3596523,0.79856324,0.6912219,0.2805013,0.7058843,0.24153519,0.018561922,0.26090455,0.9361866,0.056198344,0.54364985,1.6700246,0.17356054,1.8474141,0.05643362,0.031244915,1.4847527,1.47096,0.4396088,0.21418925,0.25952575,1.8488826,0.4606737,0.21874417,0.43413717,1.2687553,2.7740653,2.5917475,0.586155,1.6543326,0.38052684,1.3169029,0.64022565,1.0734919,1.730507,0.34407339,0.24716027,2.5410023,0.33991155,3.0605266,0.91201,1.2219012,0.43590432,0.9797774,0.09641362,0.46375328,0.27039242,0.2575898,0.14212735,1.7630054,1.6591065,0.23809569,0.05078545,0.4024353,0.8599571,2.338858,3.1178756,0.8494233,0.7349472,1.0219426,0.65463203,0.10233429,0.2279321,0.2256484,0.8618617,0.011604557,0.68223757,0.6469324,1.3683662,0.4828123,0.103619955,0.109464,0.11625227,1.1901336,0.75704914,1.7171981,2.1135962,1.0536755,0.37428778,0.43163314,0.38733944,0.2722543,2.5706043,0.9482333,0.8175192,0.89825565,0.4608924,0.120155886,1.554524,1.5274363,2.3978937,0.88062936,0.15624143,0.3460959,0.44022352,0.2747178,0.9119984,0.089134894,0.49269167,0.23471656,0.113871306,1.7818083,0.20001706,0.14671014,0.8800317,1.5794699,0.00060572417,1.0337018,0.23196578,1.1138707,0.11606955,1.6466726,1.1447814,0.026917554,1.338008,0.55950016,all_pothole_images\pothole_images_enhanced_71a8094d6ccbe74f166659bd476192ff.jpg
0.36037934,0.7983412,0.06645118,2.2252014,0.7248778,0.5134328,0.29385963,0.0,0.38818854,0.53521883,0.68083066,1.4162797,0.018014919,3.2078323,1.3307496,0.05585496,0.09276075,1.352589,2.8263168,0.30815777,0.7360955,1.2034241,0.0024459916,0.9947279,0.680519,0.6397203,2.743795,3.1210876,0.55079323,0.31991774,1.194598,0.027649729,1.1596043,0.13503365,0.06202463,0.7891168,0.6065964,2.2772667,0.020242611,0.20298368,0.045039937,0.06569701,0.7318466,5.4004607,0.13957742,0.19900793,0.47734755,0.2308704,0.2860747,0.48492914,0.44370794,0.6164439,0.44113278,0.037438385,0.12615746,2.5226324,2.2282515,0.64266455,0.15671523,0.110622466,0.72847074,0.7463609,0.37129623,0.37206805,0.55131257,2.278511,0.43377715,0.0,0.07620468,0.37954792,0.00926973,0.7887634,0.15330645,0.12852941,0.2604826,0.38591555,0.21665542,1.4094846,0.09674997,0.59899807,0.36226004,0.020467376,0.011941345,1.2296724,0.031538058,0.0,0.041223772,0.015440411,2.6175776,0.09604744,0.61877936,0.13176765,0.12046709,0.0028222979,0.013787035,0.03858995,0.1676512,1.4836731,1.6399617,0.15228792,0.22453843,2.7304451,0.09812369,0.6297817,0.9698522,0.6161499,0.27430722,0.014494296,1.0453987,0.093822114,0.0,1.7982458,0.5417731,0.07064167,0.29916772,0.40334868,1.3821068,0.951883,1.9767754,1.8376762,3.5916252,0.91524005,0.08641974,2.1130881,1.3220047,0.01924196,0.99831474,0.48435834,2.50305,0.24661084,0.32435447,0.14706002,0.20243174,0.20319706,0.8889297,0.50754243,0.41589525,1.009556,0.71185994,0.20542628,0.3857336,0.25639245,0.5689631,0.35360754,0.96415406,0.80398035,0.09405124,0.34306136,0.3919022,0.20722911,0.77333486,0.22075863,0.0037164176,0.31190774,2.6551404,1.1332242,0.6805186,0.35394076,0.7634469,0.83058196,2.5956345,0.9223999,0.3634308,3.4868953,0.3262815,0.11912203,0.41864473,0.57189006,0.8022118,1.9855301,0.01742031,0.13057305,0.09218786,0.03920525,0.19808345,0.66632766,0.30792266,0.026995094,0.17134115,0.20424971,0.0,3.6123273,1.8474426,1.9772323,0.23043743,2.7853892,0.2880481,0.61180645,0.0035035016,0.3242668,0.025608111,0.34793386,0.56694186,1.470841,0.098425806,0.40166053,0.4663695,0.38980737,0.17442855,1.12157,1.0573816,0.31533208,0.434637,0.8826536,0.5023114,0.09317863,1.5260223,0.900023,0.33960384,0.4542712,0.0,0.009906608,1.2220286,0.53539765,3.0444324,3.414645,0.8391965,0.025450492,0.21650247,0.8377852,0.872479,0.17785132,0.8699191,0.07698062,0.3229961,0.27008316,1.0960555,0.7369985,0.013116775,1.090833,0.51497036,0.0016339299,0.39579594,0.2080587,0.9956897,0.33523458,2.4970124,0.31674072,0.26139313,0.4867258,0.060019318,0.46467713,0.6084682,0.40673542,1.1233393,0.001303947,0.37435752,0.0040042223,1.2483271,2.3160424,3.4167209,0.21118055,0.17631105,0.64016426,0.9992881,0.27230853,0.41479445,1.181462,0.47092542,1.3899469,1.2557358,0.10220359,0.6579248,0.24414234,0.37886435,0.6836788,1.0386182,0.77859217,0.37602493,0.032411087,0.327207,0.035280403,0.86392593,0.0,1.2064726,0.23232873,0.0,0.48348078,0.7554204,0.6859882,1.1326078,0.0022003977,0.9608416,0.34452528,0.34961224,2.407329,0.88593125,0.38613972,1.9641569,0.009920997,0.0025775828,0.14724346,0.16870804,1.3315822,0.08567568,0.85489076,0.01748944,0.35732344,0.27458513,2.1455495,1.7291046,0.6208956,0.36779007,0.5262574,5.6021595,0.017328199,0.15667911,0.2116206,0.21659753,0.39232332,0.7153999,2.3126392,0.6518565,1.8954545,0.24789725,0.7364498,0.0016191553,1.8627738,1.8914403,1.2747545,0.26656213,0.0,0.45801494,1.2357126,0.4261938,0.9550462,1.1313006,0.023925796,0.701029,0.1470706,1.4113882,0.25593075,0.22741579,0.114412546,0.2956752,0.181798,0.98973393,2.0631769,1.2272868,0.07933013,0.23443542,1.2020957,0.8502541,0.7554631,1.9719225,0.19032487,0.26153913,0.91340715,0.43718714,0.00309046,0.96451825,0.19278558,0.38586387,0.8833293,0.17846975,0.08678113,0.028156115,0.6789753,0.939667,0.31842583,0.0,0.2481354,0.67954123,0.61752886,0.14784843,0.28578767,0.6405652,0.50533843,0.6507021,0.4891095,0.45614135,0.20445941,0.38610336,0.0,0.59299165,0.04963508,1.4303579,0.0,1.4806106,1.0280937,0.56770575,0.2735962,0.009707017,0.5141063,1.8387734,1.0395205,0.21383339,0.041612018,0.0,1.6069778,1.9645386,0.017747238,0.78544396,0.10265974,0.1644012,0.052241042,3.9152527,0.71300375,0.021406135,0.08999129,1.2396919,0.81459504,0.40085578,2.0158045,0.18079834,0.85465074,0.3714077,0.5886755,0.9271534,0.39758697,0.6732039,0.571361,0.21611685,1.4194412,0.1349941,0.6619629,0.69771916,1.5424818,1.0819561,0.03010831,3.9629896,0.06097252,0.86470246,3.4029288,3.264324,0.62448984,2.5079355,0.82592976,0.34219378,0.19323401,0.7271934,0.085509665,0.14437947,0.49164745,1.0426643,3.558473,0.6362914,0.053462274,0.45811063,0.16849731,0.8361382,0.030337632,0.09941314,0.54047227,0.57391685,0.004801564,1.085555,1.0848699,0.0485794,1.3000742,2.873471,0.15713207,0.015602513,0.85971755,0.24468544,0.9836849,0.34002015,0.85270315,0.17897956,1.5962745,1.5167532,0.21992455,1.4026978,0.0035759741,0.18514802,0.08951197,0.0075286254,0.09587215,0.6659183,2.2423446,0.848857,0.5633138,0.37694657,0.9707512,1.6050671,0.3626496,0.08923805,3.1016083,0.28041944,0.010208598,0.5048181,3.1898654,0.88235754,0.792731,0.08667651,0.0017983691,0.33944365,0.11414612,2.433968,0.0509536,0.064992,0.54469836,0.79579365,0.00054816686,0.0063030007,0.072067104,0.0,0.40555918,0.05431378,0.48862892,0.059657544,2.7128177,1.0139828,0.30223566,0.7802099,2.3426907,0.2845655,0.30774236,0.10031373,0.0721277,0.02840939,0.05480077,all_pothole_images\pothole_images_enhanced_721accd5d3424c36b02eba7ca8842356.jpg
0.8063179,1.777302,1.4003545,0.5632974,0.85191905,0.6463289,0.27819443,0.26490745,0.48744977,1.8037115,0.40706056,0.65362126,0.13998492,1.7647468,0.20824893,0.23228908,1.2469083,0.17651108,0.09727195,0.26626357,0.8176502,1.4258922,0.057026666,0.5374765,0.7251636,1.1467018,1.3483622,3.5691388,0.38010228,0.050330743,0.0,0.7391299,2.679354,1.3751888,0.12941025,0.15411304,0.50746536,0.97668797,0.072251126,0.27717534,0.5463799,0.77347934,0.07608093,0.73781615,0.2656922,0.67936575,0.49547482,0.71350586,0.9071222,1.0252632,0.57564634,0.21452561,0.5322522,0.37884337,0.33343887,1.0585934,0.9371403,0.3140591,0.7269781,0.5880331,0.65617776,0.55458057,0.61377203,0.5996771,0.5601262,0.47754315,0.33513108,0.7957888,0.30201557,0.27543005,0.35595438,0.09788178,0.7922103,0.104487024,1.0341449,0.9423036,0.47230518,1.6492507,0.56602687,0.0,0.9065998,0.88392484,0.067561485,0.9864035,0.4247864,0.06868559,1.160229,0.22928871,1.6771115,0.34146768,0.03140597,0.6521618,0.5257303,1.2220722,0.13454188,0.8677625,0.94245255,1.4783175,0.7703332,1.7012126,0.1396873,2.1387675,0.3957822,0.36212578,0.035747193,0.12904844,0.18646286,0.13235717,0.25162256,0.6072504,0.78098685,0.5229552,0.011153615,0.5712881,0.53016216,0.7043968,1.0594254,0.5226593,0.059335776,1.338396,1.9151449,0.1216994,1.4064374,2.0645106,0.32703385,0.6468647,0.69699126,1.8278732,1.6141263,0.99243146,1.477027,0.9898006,0.14329265,0.42717245,1.227803,0.019203253,0.37052822,0.42005292,1.116934,0.7914856,1.3009444,0.14260696,0.6005015,0.2468981,0.6480413,1.1075929,0.21561795,0.2863643,0.6857478,0.4662405,1.1987717,1.3064275,0.019351153,0.14496836,0.5837798,0.23216721,0.85057116,0.15616916,0.24409138,0.3893278,1.7333959,0.6765026,0.07765209,1.7478108,0.12540896,0.5786837,0.56034833,1.486943,0.6227686,0.33227655,1.2773159,0.03504885,0.20947845,0.6226514,0.7285197,0.18499471,1.7507911,0.06750255,0.061331067,0.39359742,0.17192626,1.7935687,0.76854473,1.2260015,0.78526,0.96348935,0.3742912,0.97052485,0.62242997,0.11146048,0.24565974,0.044447366,0.35120752,1.3964473,0.21965055,0.57728016,1.0455759,0.085255444,0.09032534,0.5122783,0.09520486,0.5972,0.81646067,0.021421459,1.3551979,1.3341426,0.87460333,0.70935875,0.43077633,0.19950594,0.31964964,0.4631612,0.7856206,0.82710934,1.0923316,0.82431036,0.13017698,0.17786434,1.0310575,0.66821194,1.2230269,0.041804653,0.10227415,0.38456362,0.0,0.16933389,0.50819063,0.5118401,2.3452342,0.47059754,0.06389115,0.4532606,0.17785165,0.54176813,0.6414417,1.2903811,1.4808797,0.10937587,0.09321232,0.010265538,0.42229578,0.19516039,0.983116,0.29541346,0.08558415,0.0,0.14562921,0.1526809,0.9131921,2.6963155,0.40487075,0.59362084,0.6207545,2.3989155,0.074506454,0.95868534,0.41426405,0.04706524,0.8397471,1.7029765,0.48614419,1.2969106,0.8097272,0.42599645,0.56139416,0.20371561,0.29335803,0.7654482,2.13459,1.0624206,0.50160396,0.22506379,0.34871036,0.6990204,0.21990505,0.13460277,0.79804057,1.9321734,1.5652491,0.83161753,0.21490262,0.11329591,0.46495947,1.5428559,0.82093173,0.06282139,1.3340926,0.5666245,1.3780875,0.579231,0.6486806,0.14467642,0.35900903,0.30092567,0.2714627,0.30861127,0.47114593,0.13002764,0.5880333,1.5917741,0.056426413,0.4347023,0.2712658,0.9322134,3.6587775,0.37991184,0.18781467,0.55610365,0.25173286,0.6215045,0.18809167,0.7675753,1.950307,0.30788118,0.12006839,0.29634297,0.09874792,0.45787942,1.3851646,1.2456628,0.00426878,0.17582291,0.4112601,0.7326216,0.9609134,0.66316533,1.8873832,0.812332,1.1322931,1.3792986,1.6383489,0.21308793,0.29767385,0.69027305,0.90383,0.34543228,1.5626142,0.88231266,0.69437814,0.4228475,0.55149037,0.1882753,1.1882181,0.10118825,1.2335728,0.06725544,0.4106339,1.1698171,1.1825966,1.0204569,0.5034749,0.5117789,0.06397706,0.4281968,0.25626028,0.19633709,0.98933613,0.5611741,0.53374606,0.4080162,0.6646937,0.123189054,0.7007946,0.67126715,0.053555034,0.5372455,0.90049475,1.3926173,0.077766985,0.5862788,1.1590365,0.5505856,0.687453,0.36726406,0.6350138,0.19349663,0.06484027,0.016849345,0.4230126,0.571442,0.64849913,0.007217337,0.80225503,0.734923,1.6738125,0.24468695,1.1850297,1.6309804,0.3212351,1.6305274,0.9308637,0.1425084,0.6150785,0.9409635,0.123617224,0.16841011,0.32489672,0.738454,0.13422662,0.582593,1.2015853,0.9008766,0.3928207,1.6665322,0.07755335,0.8585439,0.56126934,0.015154175,1.2656158,0.37923104,0.51877123,1.2705408,0.18190818,1.020625,0.1018322,0.2753023,0.43401328,0.6312557,0.18533073,0.20103481,1.8463075,0.42420796,0.46136552,0.29329932,0.84082186,0.13640526,0.22727932,1.7603859,0.5388114,0.7110369,0.35806736,0.21361175,0.44913438,0.86615807,0.45806456,1.5058433,1.4322379,0.7196452,0.24231157,0.18432006,0.48758087,0.38746005,0.5297859,0.7599079,0.23458152,1.303555,1.6623429,0.35564166,0.2345166,0.21220274,1.2059189,1.2587128,0.6809904,0.23017536,0.43328056,0.103962466,0.45818952,0.255412,0.8648184,0.1895785,2.358174,0.92399454,0.4819967,1.1147752,0.89022934,0.2987941,0.9176838,0.836845,1.5865725,1.1266938,0.18462309,0.25264436,0.3541771,0.39269835,0.17136715,0.41858298,0.06318684,0.66299003,0.5820992,0.8469483,0.13893417,1.0384183,0.15509474,0.45206755,0.019660186,0.05798833,0.3222594,0.056603573,0.13991268,0.1848268,0.51491946,0.5799978,0.188278,1.0168725,0.36967966,0.018083544,0.09098844,0.2831349,0.30338928,0.002887703,1.0335063,1.7635963,0.15739234,2.6996522,0.77234775,0.5438789,0.22539642,0.9572534,0.02408324,0.45597935,0.7685064,0.016098328,all_pothole_images\pothole_images_enhanced_72969ae819efb0fb5d2660bc55809c9b.jpg
1.2799054,0.39309072,0.07186183,0.36821052,0.15806058,1.2476625,0.5774976,0.0,1.2285444,0.833325,0.6131113,1.642908,0.6276361,0.3102669,0.34853685,0.3131774,0.0,0.381396,0.032017794,0.3130188,0.14524914,0.1517786,3.1336968,2.2966506,0.10652861,0.17129861,0.22332397,0.6264853,0.08882857,0.51611793,0.07975782,0.052976962,0.30746996,1.5766009,0.0814799,0.19384591,0.0011521708,0.44279653,0.6612036,0.016698489,0.00080341264,1.3173187,0.15081313,0.048662174,0.0038653861,1.4821874,1.0798222,0.8090384,0.7483584,0.44707954,1.9120735,2.4739528,0.5550082,0.048194427,0.24651603,0.122038856,0.12082163,0.63413376,2.2936263,0.029402848,0.06600175,0.39922604,0.9188729,0.91248435,1.0849766,0.2510703,0.5699466,0.45582604,0.041562293,0.2641568,0.094772145,0.32699144,0.7739836,0.005108838,1.6192287,0.8922165,0.08519972,0.0,0.038122986,0.24100831,0.105820246,0.1309175,1.4996736,0.24908295,1.8330923,0.30401808,0.3129276,0.30583236,0.12867323,0.6921542,0.5303957,0.6740039,0.71696204,0.083730005,0.019754255,0.77228314,0.8354182,2.2205865,0.25630525,0.12566082,0.017807515,0.16753943,0.010506988,0.15974818,0.37996355,0.57021797,0.40179384,0.19892332,0.33062032,1.5985326,1.1508628,0.2052632,0.54869926,0.8503813,0.40997016,0.025888486,0.10395382,0.25634995,0.013111476,1.031049,0.108249724,0.48998058,2.0653386,3.0822625,2.1834023,1.0706283,0.39409885,0.20715871,0.027216438,0.98292935,0.21888295,0.10019078,0.29902765,0.17515197,0.11997834,0.29505873,0.053918842,0.16150519,0.25029963,0.556979,1.5399867,1.2026608,0.26883265,1.3462664,0.0,0.39385498,0.053188615,0.35928655,0.004020764,0.03811835,2.041671,0.41615084,0.44276887,0.01665275,0.5590896,0.11106846,0.525362,0.81041604,0.28273174,0.7405961,1.2371099,0.48171458,0.0018097253,0.97817415,1.3925959,0.11696329,0.08335585,0.19081561,0.39758235,2.2553155,0.3782447,0.0,0.021122722,0.41015652,0.67142624,0.7171942,0.06907691,0.0,1.2466491,1.1101614,0.14907815,0.9900321,0.2777404,0.35321653,2.4058273,0.51871437,0.9142736,0.030887479,1.1456847,0.7790937,0.5101904,0.10058601,0.39065486,0.60282725,0.34148446,0.32662326,3.1326344,0.8078396,0.20779496,1.0428326,0.065576814,1.3214475,0.039227143,0.113274895,0.28754798,0.46566844,1.8511928,0.83578515,1.0160795,1.3275228,0.06872166,0.2797716,0.0,0.028098758,0.7898405,0.021348663,0.86180013,0.48088557,0.47942072,0.19430393,0.025945578,0.08295208,0.85133773,0.29186365,0.0015238778,0.14540291,1.1031326,0.13120453,2.19608,0.08196634,0.1322189,0.97350264,0.15037042,0.094866514,0.916303,0.0020654076,0.27094394,0.19608968,1.1960714,0.78801817,0.1568778,0.0,1.2382737,0.34313816,0.007673068,0.040945638,0.3897712,0.71444553,4.3730183,2.7376983,0.12183763,0.34589836,0.009244261,0.016398836,0.64691895,0.28019142,0.1853858,0.4475445,0.07531474,1.0209311,0.8274316,0.6790611,0.03824209,0.6002128,0.1745259,0.24122922,0.09698413,0.93427867,1.2433962,0.7424925,0.10298854,0.0917191,0.88178486,1.3825935,0.19526306,1.6872783,0.37002897,0.10974459,1.4572041,0.047453385,0.21425803,0.6421539,1.6402756,0.35624298,0.19228436,0.28594765,0.61340827,0.0032426063,0.20573649,0.036244918,0.121553645,0.33912227,0.43828994,1.2145749,0.06825731,0.07542938,1.2541066,0.27289796,0.5477905,1.2515911,0.42929822,0.22209756,0.5189258,0.054039862,1.2129692,1.1093123,0.24669425,0.32034895,0.47707343,1.2682916,0.52985495,0.85157883,3.5096743,2.4694788,0.46556014,0.0005418582,0.5509031,0.3982208,3.2990746,0.28217486,1.3129599,0.15349635,0.15500444,0.33493748,0.65140265,0.52919525,0.48764512,0.26484284,1.2552961,0.12979764,3.262549,0.27017105,0.021076974,0.26757824,0.0,0.32111517,0.551603,0.18781306,0.50574064,0.2656544,0.88671017,0.106904045,1.2706236,0.6688109,0.0,0.53976095,0.9312224,0.2472322,0.13386866,0.07550714,0.06406549,1.560454,0.12074048,0.18893752,0.8426761,0.2805739,0.30522975,1.4157584,0.2895694,0.35710227,3.657249,0.8681287,0.7754861,0.40493354,0.029014917,0.026059559,0.022697521,0.33684698,0.5195534,0.37232843,0.0,0.4197808,0.343003,1.765259,0.8678413,1.8954796,0.6890455,0.8587192,0.34180132,0.7619691,0.88139296,0.497195,0.1889089,0.42772004,1.2286853,0.49795654,1.7067784,0.28847405,0.14070067,0.28629383,0.5194817,1.5695727,0.3177998,1.5909425,0.06416536,0.96909255,0.16748106,0.7586905,1.1092384,0.5430467,0.4325048,0.5733721,0.35079423,0.49795997,0.95126265,0.0005045273,3.102686,0.13741308,0.2513706,0.87575173,0.25443655,0.4378596,0.18471123,0.027550185,1.7252274,0.16458829,0.18151915,0.564624,0.27423215,0.05697236,0.24764442,0.25678927,0.5441577,0.69217896,0.74537486,0.07821927,1.3100402,0.1564306,0.969833,0.59252304,0.16345318,0.7845876,0.11624366,0.63802385,0.0,0.17669459,0.32145473,0.53007567,0.14316879,0.3504687,0.14990331,0.7491086,0.10705453,0.0380127,0.089844316,0.28662178,0.3879692,0.8940692,0.75829655,1.5607824,1.9435261,0.011681017,0.1531008,0.08482247,0.13780376,1.3504272,0.39441186,0.036132865,0.09020956,0.14723206,1.1648697,0.2260124,1.4074687,1.3901514,0.21856907,1.8060849,0.008768015,0.1129157,0.6529861,1.4960146,0.91023177,0.060815245,0.14555766,0.665694,0.4779951,0.25648257,0.07539723,0.32113162,0.038910992,0.0,0.20464307,0.77133626,0.7436677,0.30872414,0.27098045,0.5297584,0.26599157,0.009697888,0.7869141,0.06505965,0.1257368,0.36183453,0.23034629,0.76759547,0.1277331,0.0572708,0.15935801,0.040842764,0.061539657,0.6622663,0.69227684,1.5198996,0.10118854,1.4901314,1.0497215,1.6821042,1.1876414,0.59638894,0.059071243,0.59625965,0.4175325,0.18206654,all_pothole_images\pothole_images_enhanced_729bbbbdffbbb0f53abada95a5f0bc35.jpg
0.8940164,2.7880244,1.6936078,1.0285611,0.22601856,0.0019691894,0.13149677,0.14385515,0.049587496,0.5308321,0.75390434,0.2931071,0.41993204,2.096888,0.24782784,0.44274846,0.7364093,0.2316361,0.89623976,0.42236283,0.36017585,1.4462572,0.5106615,2.8771417,1.290289,0.33767933,0.3989378,1.4805201,0.21043707,0.052749205,1.661961,0.23210305,0.35190013,0.3334433,1.197147,0.31730098,1.3158514,2.9163208,0.39677963,0.48253834,0.123692736,0.0016029343,0.3732207,1.8851595,0.19352852,0.30143312,0.004541924,0.21796112,0.40160614,0.3119192,0.3004579,1.6040127,0.68373233,0.100843534,0.3215817,0.2965415,1.2489939,0.0009616646,0.24342565,0.10005516,0.15597232,0.40291888,0.11994363,0.0,0.40127492,1.2047203,0.23348302,0.15719648,0.56538314,0.14763384,0.6566992,0.08793272,1.1641184,0.47345403,0.48256022,1.2984543,0.41621324,1.0930641,0.2875706,0.25128052,0.4866255,0.02367196,0.051281746,1.0744824,0.52988124,0.18272841,0.1342025,0.6591049,4.069749,0.0008206532,0.2876104,0.04986377,0.08790748,0.23231542,0.44428053,0.27593806,0.7199685,1.8764837,0.49230367,0.0068409764,0.049025077,0.9089589,0.31981212,0.8351748,0.733721,0.867225,0.528954,0.2045627,0.042498957,0.8328669,0.04312859,1.4679114,0.4544086,1.0889877,0.9906211,0.09089988,1.6888331,0.26854533,1.0368819,0.31799632,2.536295,0.036754988,0.14839786,1.9514122,1.1797973,0.97764415,0.83255213,0.11269878,0.22914244,0.7929726,1.0859963,0.004176098,0.19177538,0.11734995,0.7377482,0.63904583,0.106487684,0.32170147,0.40958178,0.31755498,0.30205745,0.42213976,0.52388155,0.459721,0.41709423,0.13423325,0.048384648,0.3921655,0.062975705,0.836011,0.5334719,0.72623813,0.16493498,0.22176561,0.81739575,0.003090089,0.18624598,0.09230666,0.0011419475,0.42975274,1.7632779,0.54970956,0.4432823,2.7056975,0.0,0.58430237,0.9413572,0.10789284,0.4636949,2.5166187,0.4968295,0.12525487,0.2204298,0.4641757,1.5324453,0.09531787,1.2101442,0.30857164,0.032803778,0.5520282,0.0,1.4018822,2.0169723,1.882258,0.93034065,1.5946368,0.1522908,0.1266601,0.664771,0.71746576,0.35010472,0.67036575,0.33930972,1.4457687,0.076536,0.53397477,0.29870275,0.83770883,0.20505695,0.83367425,0.0045886915,0.79687625,0.075494304,0.3329552,0.45926327,0.8923045,0.43055612,0.19073549,0.06386569,0.0,0.23867829,0.90014225,0.59051335,0.93024147,1.1475104,0.21711382,0.22975218,0.3438152,0.9349865,0.0008455089,0.9540947,0.14199014,0.26115963,0.5204404,0.0,0.1426498,1.2489976,0.5754163,0.36201084,1.052859,0.05967542,0.18436554,0.6413706,0.6058221,0.11943856,0.9661418,0.99129295,0.39894998,0.09396362,0.07282098,0.7702309,0.26879594,0.91209674,0.5306274,0.036525924,0.30143481,0.8473879,0.0059435684,0.26754028,2.0629754,0.46081838,0.13994767,0.11486209,0.15098594,0.9938535,0.0,0.57615596,0.058029734,0.4648481,0.69950396,0.26087344,0.10805593,1.2060817,0.10877218,0.54821044,1.0574017,1.2059491,0.3287041,1.6286331,0.22251987,0.08107921,0.0,0.30771312,1.1282293,0.20502639,3.0999334,0.9978429,0.31536382,0.48451287,0.57083356,0.14381073,0.21687102,1.6521761,0.676352,1.0481094,0.7259576,1.0160179,1.0350741,0.5493194,0.08474647,0.41456285,0.48719105,0.0077313147,0.28051478,1.0174757,0.24954708,0.76776683,0.075985424,0.7811217,2.0516713,0.7476154,2.0181885,0.040650006,0.9878513,3.9274468,0.0037609916,0.122118264,0.20987047,0.55208904,0.20949684,0.061481953,0.21328501,5.2122235,0.71007514,0.0,0.99068046,0.3032526,0.48269373,1.3944597,0.252024,0.96726567,0.28728187,0.6460846,0.034075327,0.24617475,1.419709,1.0688359,0.22912003,0.6196461,0.6182533,3.2628398,0.20745432,0.13078898,0.0708336,0.2922992,0.5440621,0.8788877,1.1278499,1.4251736,0.0033046827,0.66327894,0.36797056,1.0959479,0.27939156,0.6127323,0.04594427,0.2647713,0.0032458191,0.2151123,0.78240365,0.0043810275,0.9882879,0.02581971,0.26219314,0.11408836,0.0904968,0.10157758,0.5797976,0.11265683,0.37792212,0.7390618,0.067896046,0.43992805,1.0034715,0.031154213,0.78233886,1.4475288,0.20678897,0.008753912,1.5141106,1.5969855,1.3348328,0.025120882,0.28659973,0.114669085,0.3336141,0.10224233,1.3623362,0.016338298,0.81075174,0.14468905,0.29478008,0.9301132,1.1475072,2.5104022,0.44371426,0.88732564,1.0287356,0.4075077,2.6020916,2.5380957,1.7736536,0.5878076,0.12417633,0.15329395,0.82006556,0.42174974,0.6596616,0.21499926,0.02245123,1.4086802,1.4597346,0.74687,1.132013,0.18614306,0.085496105,0.42008966,1.5956253,0.6408988,0.32541713,0.27100474,0.39947805,0.72551113,0.89568293,0.0,0.01428259,0.07358697,0.043917462,0.1511961,0.15699637,1.0782584,0.5913722,1.4058735,1.4018773,1.1874552,0.041655157,0.4671971,1.4040985,0.07008595,0.5751766,0.4989542,0.07758091,0.43768734,0.71474177,1.1321723,4.618876,0.9995375,0.7818962,0.3712662,0.0075501553,0.52050155,0.99146295,0.12514973,0.531982,0.029477902,0.0,1.9375844,0.63562113,0.863361,0.98632824,4.3003407,0.68708986,1.8399692,0.6681028,0.44039223,0.57965016,1.7214526,0.21475744,0.10665555,0.8539708,1.4319669,0.073881544,0.5583311,0.16779979,0.6093555,0.92347246,0.39741033,0.021382548,0.7551768,0.36252263,1.154585,0.10389211,0.07307757,0.40547,0.25148335,0.39009428,0.4522937,0.58013,1.6244229,0.07183697,1.006031,2.1592863,0.20840906,0.51153266,0.0,1.2291422,0.37846678,0.46626726,0.13398932,0.03709107,0.64296603,1.1426547,0.060949314,0.048151795,0.024955297,0.018312458,0.0,0.13085079,0.073424295,0.29553112,0.04237873,3.7511368,0.7707596,0.7811257,0.121115156,0.23947385,0.23725174,0.33338815,0.394756,0.13296334,0.010765116,0.060473792,all_pothole_images\pothole_images_enhanced_72d7add58c2d47238cb2b503579ffdd8.jpg
0.25002116,1.5216049,0.09155054,1.9737514,0.63970006,0.4297703,1.1759285,0.020601759,0.080891654,1.551293,0.41473886,0.5923015,0.10039016,1.6584307,0.08633017,0.48250213,0.12733679,0.5564652,0.6532115,0.094051674,0.74917656,0.26617837,1.5232567,2.4282377,0.34906274,0.81127167,0.013959921,0.78675234,0.90303195,0.27889478,0.37426075,0.08513896,0.0,0.15740433,0.22903675,1.0154471,0.5487213,1.4529935,0.15092307,0.10172006,0.03796767,0.29371947,0.68722105,0.58201545,0.29331243,0.66059595,0.0065617324,0.33121023,0.08989239,0.08162137,0.114189,1.0477825,1.179183,0.060989812,0.33588195,1.5960343,0.3625693,0.33021078,0.39358073,0.29356384,0.062001046,0.4951067,0.40408993,0.07011375,1.1966588,1.2592709,1.3174843,0.41828614,0.46563977,0.003763334,0.22502054,0.08536819,0.24503212,0.15906353,0.05251529,0.78433084,0.22360833,0.51404506,0.15286787,0.0051891804,0.059997994,0.13584256,0.8386252,0.08018486,0.5989039,0.0074302503,0.07585166,0.040219188,0.9741941,0.2602303,0.18978167,0.08024848,0.05544319,0.1569669,0.5814167,0.021979507,2.4382834,3.1306338,0.6343679,0.49465212,0.14764969,2.046742,0.12084023,0.2451959,1.298648,0.9484033,0.14966628,0.66104484,0.19617313,0.3764228,0.029494407,0.33678162,1.4400644,1.6931233,0.38588703,0.056144126,0.016576292,0.0129103,2.3899658,2.5627868,1.8052398,0.25960833,0.1420843,1.9800713,1.07825,0.43741295,0.80018723,0.23744357,0.59830666,0.10220057,0.09939225,0.13641031,0.10882613,0.5560863,0.16026185,0.05712437,0.2619583,0.4574829,0.3945868,0.086529195,0.3979354,0.028012352,0.4976675,0.6666497,0.72486764,0.82890046,0.67052954,1.4846212,0.21886355,0.040272746,0.9040155,0.09152398,0.0028878958,0.0,1.3811281,0.4370477,0.27865294,0.03957938,0.4952737,0.4897356,1.7546322,1.2653335,0.058998514,0.7408504,0.37795186,0.09585525,0.7001603,0.166091,1.1006492,2.6825612,0.049259756,0.19985907,0.3328757,0.20514363,1.2627431,1.8117301,0.8936377,0.07041502,0.04520313,0.1234706,0.4248941,1.1368852,0.9247102,2.0943103,1.5863949,0.41382262,0.44450575,1.0646205,0.7692251,0.4106242,0.37301043,0.31724894,0.117562585,0.4956176,0.5325438,0.0,1.9067954,0.6415815,0.9587016,1.1236627,0.23573478,1.2499931,0.29563257,0.22809203,1.0081446,0.11413248,0.87652653,0.097201616,3.7118878,1.9871696,0.0006140396,0.09472008,1.2511064,1.157501,1.984896,1.3269681,2.146681,0.027783772,0.7577289,0.0042940485,0.46136925,0.82708865,0.16993105,0.5875661,0.0,0.005328769,1.5969036,0.0057213334,0.6407492,0.68638265,0.05356942,0.022596896,0.32647184,0.18958819,0.10887017,0.33376107,1.5434245,0.3451449,0.5049102,0.18351024,0.119213685,0.37942982,0.50070924,0.75327516,0.06038149,0.058163103,0.3289515,0.112015195,0.462925,4.179485,1.6788445,0.032567278,0.032820392,0.3990705,0.30112576,0.3407952,1.0804805,0.56896764,0.5135892,1.9272982,0.2789771,0.2779757,0.7303839,0.41138533,0.34044996,0.16578089,0.021162566,0.0016411922,5.464257,0.06829576,0.121019214,0.0,0.26546022,0.6394633,0.50325817,1.0533614,0.017356602,0.4277335,0.12658456,1.0133219,0.058904108,0.004168973,0.2383811,0.0,0.0033914512,0.23035325,0.62304205,0.45429397,0.31372544,0.028445428,0.48876432,0.21058072,0.010863886,0.87292737,0.3100014,0.57882863,0.31767988,0.14583962,0.011713622,2.7256393,0.84590924,1.2455618,0.53194886,0.11210758,4.6370897,0.16780582,0.08164022,0.060929384,0.10434921,0.22931457,0.38149402,0.9611914,2.306069,0.82397515,0.58296436,2.2886355,0.06774228,1.7559973,0.87743527,0.0162222,0.51692915,0.0,1.1424966,0.12614563,0.15204997,0.0752591,0.2899277,0.29240835,0.8292858,0.20356372,1.2115537,0.0,0.26089978,1.0450591,0.02674716,0.1479171,3.1588557,0.624506,1.1040221,0.13412355,0.7350473,0.30973056,2.7491548,0.6873242,2.0896358,0.45855573,0.005883655,0.0014759478,0.71609586,0.5440699,0.26399234,0.048257604,0.24275501,0.3103883,0.10837979,0.004636678,0.00988931,0.3646061,0.0,0.456983,0.8828042,1.1318034,0.37725908,0.66447735,0.4063315,0.031666514,0.90530175,0.0,0.25891688,0.70348895,0.29723385,0.99928004,0.33899945,0.012984856,0.26633027,0.030895952,0.0385696,0.058828484,1.3364971,0.7949653,0.421593,0.27015162,0.38064638,1.0936413,0.6941986,0.41126904,0.49226585,0.1545317,0.12300382,0.34882104,0.74632263,0.061782185,0.005979322,0.09912425,0.0,0.33703527,0.4072043,0.0927078,0.11319437,0.003951015,0.14377905,1.7060771,0.47264192,0.8048033,0.5314004,0.1138657,1.1870781,0.55668586,1.3479444,0.10815551,0.67961967,0.29669428,0.07748923,0.8831796,0.06137034,0.77840436,0.56116456,0.6927755,0.009086555,0.040674686,1.0286342,0.728228,1.1330205,1.4897244,2.1869981,0.061723903,0.7839738,0.7711765,0.4987242,0.32092366,0.299323,0.11816914,0.070842884,0.81488264,0.0924325,1.9751487,0.679449,0.62089103,0.063926,0.20043813,0.51105094,0.71726567,0.02033645,0.34244263,0.30863708,0.0,0.5044579,0.9283409,0.03312141,0.69380885,2.025168,0.62639904,0.4170436,0.044581078,0.0,1.4411597,0.39923844,0.073431745,0.022684338,1.0251985,0.42629948,0.21382378,0.7911227,0.2265659,0.35654098,0.0057155183,0.013948846,0.064260975,0.6469122,0.583669,0.87202185,0.1595389,1.027354,0.023554388,0.37359142,0.0,0.4854673,1.1973116,0.29024664,0.3396172,1.639649,1.3401532,0.39825574,0.35645553,0.013681197,0.62522006,0.6634209,0.0053588864,0.08694354,0.14925297,0.31006137,2.9355319,0.015762454,0.044733945,0.0,0.15131493,0.39501688,0.0,0.0032819174,0.7590757,0.38807592,2.526581,0.40614054,0.29630455,0.3273051,1.604453,0.81974006,0.29069027,0.70913464,1.1242187,0.1973999,0.39969856,all_pothole_images\pothole_images_enhanced_72fdebe20d833d52285d0f364c71f825.jpg
1.3453269,1.9162798,1.3325269,1.8721677,1.0526962,0.5855484,0.16417967,0.10021582,0.71238667,1.1347017,0.03457513,0.31501955,0.4460427,1.1511765,0.06494557,0.38102707,0.24326074,0.12448756,1.3037946,0.09136624,0.4810327,2.4741914,0.19437064,0.9230253,2.1164808,0.15654188,0.0,2.136179,0.038546793,0.4051677,0.9993971,0.120491005,1.3827026,0.304251,0.13019252,0.9938147,0.6218877,1.4567974,0.5557,1.1891538,0.9261926,0.17847855,0.24901666,0.22949906,1.3428001,0.31549492,0.5821275,0.03972423,1.1824474,1.4030242,0.7779387,0.0,0.006834592,0.18447457,0.009785063,1.0389471,0.75486404,0.07037633,0.24804844,0.08843553,0.012908121,0.23754008,0.3718371,0.27640158,0.47713128,2.0902135,0.54476464,0.19288649,2.328434,0.7460124,0.5936109,0.506075,0.446185,0.68117654,1.0586445,1.3307401,0.22588629,0.5090137,0.7977983,0.5241423,0.0,0.33188114,0.6002505,1.0393122,1.5472257,1.2564243,0.37162647,0.35885465,3.17656,0.89175946,0.25622752,0.3144447,0.0,1.4408987,0.35948345,0.0026494088,1.1027721,0.32860222,0.4055785,0.018733056,0.503785,1.3915459,0.7747811,0.0,0.86967915,0.29805398,0.21645503,1.2431513,0.0,0.556141,0.01596837,3.6673963,1.1046668,0.75831616,0.8090902,0.38953525,2.2645645,0.32198197,1.8350444,1.3474122,2.7596984,0.3620215,0.36801776,1.2395985,0.114305146,1.2387145,0.10947981,3.1221094,0.28872737,0.26137373,0.33363423,0.0,0.15338418,0.29043704,0.8161138,1.9907712,0.18013635,1.378739,0.7116798,0.16015169,0.20549805,1.1124293,0.018814055,0.6900711,0.20945421,0.9203213,0.0,0.37595493,0.18019934,0.1939047,0.50815886,0.6052573,0.2569948,0.38242492,1.8642118,0.766465,0.9766805,0.2996934,1.8273178,0.054678153,1.1974117,1.21364,0.3891445,1.5666001,0.24496843,1.4521978,1.2173482,0.0,1.6216224,0.7758123,0.11036331,0.028416876,0.0,0.22550754,1.6015388,0.08902986,0.64255387,0.26992878,0.043064434,0.034236755,0.00045913065,0.89736885,1.5003535,2.7258859,1.8927481,1.7717175,0.3600942,0.19717464,0.5818052,1.3841683,0.311298,0.7106402,0.0,2.5218582,0.45907313,0.47010854,0.65261996,1.2120084,0.28723612,0.87649393,0.762185,0.83462656,0.8928336,1.2859089,2.94218,0.595262,0.676297,0.6940539,2.4111588,0.33059555,0.00034658154,0.07253745,0.8981396,0.9450481,1.2778435,2.223004,0.040564224,0.21459435,1.1997871,0.3279557,1.0878961,2.3102844,1.1335248,1.2120632,0.027346667,0.22328734,2.2229364,0.43808293,0.8770518,0.09395882,0.12883757,0.28593373,1.593064,0.2550914,0.8552252,0.10965367,2.5921793,0.0969459,0.1750426,0.49436587,0.6350488,0.42036974,0.48115885,0.5882836,0.48540968,0.06990282,1.689435,0.7548526,0.19428681,4.4055405,0.8305871,1.220627,1.1441844,0.5402548,0.03721416,0.037716854,0.57503915,0.2851037,1.0271629,3.0706182,0.0032820688,0.00872826,0.19750984,1.0533401,0.05488339,0.38258085,1.0274401,0.15499285,1.2559996,1.5285563,0.26327142,0.0075536314,0.41907477,0.0,2.0326793,1.1097053,0.59363264,0.41885328,0.919153,1.4503163,0.047089677,0.51374286,1.2111928,1.0329139,0.9334888,1.1868815,1.1420227,0.310877,0.2509192,0.62838113,0.2878011,0.87390804,0.07085323,2.0557697,0.187391,0.005775109,0.9371814,2.3566353,0.32460472,1.152565,0.32460263,0.61152095,0.18521596,0.5584726,4.2162848,0.79476506,0.5425716,1.3661405,0.48009855,0.14444892,0.85661393,0.60732335,5.521472,1.5234468,0.0012650435,1.5262522,0.058290936,1.9775801,1.8233203,0.17637184,0.5314521,0.15847372,0.08399985,0.39620978,0.44393212,0.0049730344,0.19199136,0.089055024,0.23124959,0.5991885,3.7430687,0.3135139,0.12194973,0.01540457,0.008961196,0.51574457,0.20952623,0.23127073,0.29731578,0.30806535,0.900687,0.7274528,2.3487482,0.009000321,0.33741432,0.7681343,1.5316966,0.021749714,0.44659016,0.17317791,0.30856353,1.0266565,0.24198769,0.36354885,0.5544049,0.24023758,0.15516335,3.3366144,1.3797375,2.0945632,0.0,0.2613769,0.8942556,0.33430207,0.009007523,1.9079213,1.3709008,0.20741078,0.56323075,0.51434135,2.1390257,0.13978551,0.7372737,0.04213408,0.5725161,0.45846397,0.049423695,1.0747619,0.0,0.47823167,0.93982476,0.65923035,0.12811528,0.75089914,3.545781,0.7049244,0.8500911,0.09891492,0.29163253,1.2273624,1.0355433,3.0194275,0.5038949,0.7322432,0.00053765945,0.70319605,2.1266952,0.8631006,0.0017978102,0.09799347,4.8910847,0.3223898,0.9328963,0.38992044,0.8390725,0.20979984,0.3725793,0.70150226,0.0060766027,0.011901201,0.64006597,0.037831783,0.548755,0.5970586,0.18646005,0.043783344,0.48484656,0.60253143,0.91565967,0.12266628,1.04558,1.4781547,0.2495631,2.1700835,1.258626,0.24890052,0.17011836,1.2396593,0.3397319,2.490782,1.0113844,0.05667094,0.39031014,0.9443956,1.1153345,5.273216,1.4507035,1.046508,0.28139424,1.2171979,0.6967465,0.22508304,0.33728856,0.07735174,0.35722455,0.0122067705,0.26974925,0.16723041,0.534723,0.6019606,1.0044178,1.1222647,2.3743708,1.3029175,1.0348558,1.4181569,1.3085461,0.36331126,0.8838474,3.452465,0.20027575,0.8875443,2.367715,0.04953371,1.1477643,0.8579797,0.7276782,0.054545995,1.4720241,0.4135477,1.3069911,0.8347586,0.18606846,1.1579251,2.9697003,0.44352955,0.16766007,2.386186,0.63160765,0.58755296,0.33096904,2.9297245,2.505617,0.77049786,0.021336334,0.31867814,1.6778827,0.9716157,1.1489611,0.19366357,0.9818675,1.8157647,0.6095787,0.0030255427,0.64146805,0.0057637496,0.19065201,0.40928793,0.3495935,0.70470923,0.46838737,5.9972477,1.6849651,0.45136097,0.6175723,0.64573574,0.11930401,0.68557334,0.58749783,0.37261814,0.13305964,0.81539536,all_pothole_images\pothole_images_enhanced_7309256519029d22e346e32d86dff78c.jpg
0.050935686,0.48253912,0.13840754,2.3660507,1.775247,0.50468326,0.43548757,0.4111764,0.0,0.17574008,0.9365841,0.48137084,1.3406256,3.3220534,0.5752731,0.1205447,0.94325036,0.24854846,2.0901487,0.15080088,1.1692362,1.5450273,0.35316506,0.2846385,1.19417,0.19546548,1.6779441,2.1179235,0.72453517,0.29581425,0.017473513,0.113453925,2.0016124,0.0,0.78266984,1.8542564,0.62424964,1.5361483,1.0513706,0.55791056,0.07081246,1.057292,0.74458957,2.0753498,0.6701595,0.36162516,0.7689802,0.0050248075,0.6549968,1.2208707,3.230529,0.42094412,0.80192196,0.18288492,0.28502503,2.1043847,2.0379934,0.21388882,0.8352722,0.7059337,1.6816167,0.5123252,0.21947825,0.02965966,1.9526145,2.1434124,0.20661949,1.0045048,0.71682763,1.1160457,0.42415446,0.026806358,0.8437394,0.65151393,0.4729508,0.24540654,0.4516512,0.42984483,0.0,0.3087971,0.014213905,0.41778818,0.0037645064,1.4703019,1.3138927,0.38666496,0.019579224,0.7108081,1.3387427,1.3346038,0.28758824,1.3199855,0.06184716,0.08871411,0.01796094,0.2222861,0.39836183,0.5412544,1.9106493,1.7620224,0.13666208,1.5118281,1.50532,1.2712382,0.34181765,0.19386126,0.3960185,1.2584816,0.2077501,0.47419217,0.38229603,1.0897385,0.17836127,0.05142014,0.42812723,0.1554071,3.3084784,0.270699,2.0687807,2.3746474,1.0989624,0.21394008,1.0006199,1.6312913,0.54207605,1.0182651,1.7587078,0.7481736,2.3269045,0.77660173,1.2961802,0.29154867,0.4105824,1.1494943,0.059394814,0.718451,0.56399155,2.0762231,0.38612723,0.080562845,0.948981,2.1546805,0.7987901,0.35842448,0.6565351,0.74799764,1.7832993,0.14337441,0.43556467,0.5660202,0.5008062,0.8704952,0.9499904,0.15332152,0.43149197,0.09423548,0.7733954,0.21733163,0.1098246,1.1961955,1.835256,0.40980965,0.14334165,4.161304,0.69032234,0.4324321,0.6908829,0.97922045,0.7738552,0.5138616,0.74645823,0.21610434,0.91256076,1.9801124,0.05012985,0.42889303,0.24977341,0.2841658,0.26722708,1.414437,1.0539782,2.0156457,0.88031673,0.3314107,3.1603372,0.5289177,0.46163863,2.7565968,0.03622297,0.33804694,0.15038678,0.6635813,0.6232289,1.1317126,0.16847762,0.15363167,1.0129285,0.3800166,0.7721709,0.18678877,0.40266597,2.0031292,0.08324508,0.37988886,0.9341655,1.3233446,0.04460024,0.31172982,0.51245,0.71573585,0.048381638,0.2768236,0.7033509,0.7884349,4.5547323,1.9754946,0.77147645,0.8459896,0.7462936,0.31728628,0.13160443,0.77536416,0.57574844,0.6092016,0.105700806,1.4547594,0.35330504,0.7560899,1.6889946,0.23510987,0.08113554,1.8324442,0.23970471,0.0079703145,0.065871365,0.30854174,0.8272932,0.5929404,0.0067391056,0.025626501,0.25335574,0.03487188,0.4496528,1.6810986,0.3872654,0.30928957,0.17486167,0.788723,1.1619984,2.3519526,1.0050457,0.48869565,0.8684731,0.11260135,0.47043297,0.97877175,1.3938315,0.54139525,0.7330338,1.1643583,0.5484711,0.19091226,1.3130819,0.5007402,1.1884301,0.81890464,0.11724478,1.7715211,0.26499328,0.26158446,0.5305988,0.4799944,0.013370292,1.2996544,0.8197109,0.6542271,0.6795853,1.400811,0.117362164,0.40126944,0.20891084,0.2851146,0.04499239,0.30769825,1.4976339,0.2500078,0.5593436,0.23886783,1.1400371,0.7362073,0.26048523,0.014439918,2.0775654,0.23906565,0.0,0.20554854,2.0653489,0.61343145,0.23288777,1.2860806,0.4371048,0.6457947,0.10475057,1.4627354,4.291672,1.7361833,0.25862768,0.31857994,1.0442002,1.0475727,1.3532412,1.3451146,3.2229803,0.843319,0.7407545,2.1414976,0.117684186,0.42238912,2.0250823,0.07363088,0.43118247,0.40776235,0.07668998,1.2288396,1.411383,2.0555537,0.12144939,0.1712685,0.9789131,0.27186626,2.6356275,1.4331201,0.3707054,0.036210243,0.036751255,0.13679422,0.31970242,0.24277072,1.7795249,0.87984675,0.013195636,0.5833902,0.6370449,0.45541516,1.3731422,0.489407,1.0250722,0.32021698,1.3954326,1.6094437,2.8785212,0.42058524,1.2417419,0.8854996,0.11082014,0.05530157,0.5923748,1.0498337,0.5806503,0.76423067,0.5905839,0.82526094,0.5006998,0.22402439,0.9700204,0.37418354,1.4210865,0.18896948,0.9501595,0.09986815,0.47185445,0.7987003,0.14783336,1.0400361,0.6938264,0.5357763,0.5925962,1.5374345,0.7962348,0.47551653,0.14589162,0.0077745183,0.8766241,1.2534378,2.2900028,0.5252126,1.990935,0.004158248,0.24101494,1.4488138,0.7892977,0.4037126,0.16997868,0.030180061,0.14305007,0.011889334,0.9729691,0.55266964,0.17400259,0.051564187,2.6868787,0.5091018,0.12937853,0.8806392,1.003477,0.0,0.21358588,0.048897456,0.95357496,0.63724875,3.34201,0.63005906,1.1982541,0.49114966,0.065912955,1.5117854,0.52125657,0.5458478,0.10924896,0.04839934,3.1720874,0.56287855,0.6974869,1.7975112,4.035637,0.035544004,1.9456671,2.5371926,2.9310205,0.82976,0.29017976,1.0834556,1.3775905,1.4083389,1.3709987,1.7681366,0.9535073,0.49289143,0.25206417,0.56747997,0.2638836,1.3739824,0.0,1.7884854,0.4537206,0.19589494,2.268607,0.13509001,0.3042302,1.7844219,0.81684864,0.034019083,0.19784768,0.6827601,0.9944316,1.3093542,1.7286909,0.5228412,1.4593729,1.227234,2.0296915,0.9027286,0.008629963,0.006369237,0.15576136,1.8607117,0.04643556,0.0,0.6507009,1.7699134,0.16673745,0.20846148,0.77848893,0.06746511,0.17536096,0.2672506,0.94408494,0.84779966,0.012282975,0.22126079,0.5576935,2.958288,0.44657388,0.17175543,0.086763,0.23480691,1.3792254,0.004936242,0.6174128,0.5658705,0.35737157,0.22300577,0.14188379,0.3234098,0.7522016,0.7613617,0.46766502,0.41494828,0.43770793,0.39291397,0.64125085,4.46164,0.19593433,0.1615809,2.5883102,0.26486874,0.36241293,2.4163215,1.8657806,0.7231227,1.0781764,1.0470612,all_pothole_images\pothole_images_enhanced_7316f2f0d4e9f7ca9262ed4497bff0b9.jpg
1.318596,1.985046,0.28508916,1.8066199,0.8290971,0.13166313,0.3183605,1.2729515,0.36012796,2.8000605,0.21226871,0.34937698,0.19797619,3.4302282,0.0068676793,0.35352987,0.15371267,1.4975014,0.30992192,0.16273984,0.016243182,1.9725833,0.9321209,3.8865519,0.40536925,0.20551562,0.2550744,0.50538266,0.4901015,0.911963,1.533372,0.75497884,0.6216512,0.20244595,1.5467211,0.4873706,0.03736319,0.16488098,1.3221172,1.1925689,0.13128845,0.24935831,0.05222841,0.020121105,1.1998649,0.21011244,0.0041520465,0.07170883,1.1887753,0.5383358,0.88143206,1.2877696,3.5758162,0.035764277,0.0011258674,0.2754501,1.7885352,1.16312,0.44549257,0.98394984,0.6708301,0.16545925,0.056846198,0.32477468,0.027049417,1.7113634,1.4929067,0.81493527,3.1398869,0.012067264,0.36931267,1.6263443,0.20856446,0.0031382234,1.440315,2.0813892,0.07870077,0.35117313,0.031280823,0.0,0.0895182,1.7553025,0.1832139,1.9943881,0.06530675,0.14982891,0.6706757,0.036708403,1.6107467,0.028500402,0.813841,1.1149241,0.035450213,1.4232132,0.0,0.38234967,1.3678976,0.81044143,0.013370216,0.08107908,0.617243,0.66961503,0.09824623,1.476993,1.8626866,1.4556826,0.42949855,0.031451475,1.0914887,0.47149843,0.66018444,2.0869033,0.29731095,1.7604218,0.118184105,0.5577136,0.23253696,0.108649075,0.30525735,1.0205139,0.6269376,2.063804,0.6056819,0.7374761,2.5833845,0.45995742,0.013947428,0.03517868,1.4903717,0.9774712,1.8860165,0.021356743,0.05736221,0.17843223,1.3299598,0.16658339,0.061149936,1.6311215,1.520757,0.09963122,0.51123273,5.0355697,0.18108699,0.6773918,0.87619644,1.0570338,1.3390976,1.049682,0.3456466,0.54415303,0.24372444,1.2470578,0.10740712,0.8196777,2.1616552,0.6620938,0.48701632,0.9297451,0.049223278,0.3920324,2.1089594,2.455887,0.24108003,1.537075,0.49571306,0.3973046,1.6465719,0.11268203,0.8735278,0.41768256,2.4381754,0.04836783,0.1400236,0.41593614,0.8213022,0.3525172,1.4864417,0.027868256,0.8086803,0.04921491,0.66983247,3.7973084,2.7243123,1.8914359,1.8592473,1.0823665,0.2183594,0.25509912,0.9066829,1.89297,1.2320435,4.817038,0.12150896,0.84226716,0.27416366,0.6483769,0.31620255,0.5936254,0.29734662,1.0012593,0.23373353,1.1391889,1.2379051,0.7105409,1.9693799,0.27041632,0.96168983,0.52196527,0.73188615,0.85973865,0.083446376,0.23643275,1.8102612,0.79075634,1.3422004,0.04724791,0.46309394,0.9227488,0.14816964,0.44473356,0.6319745,0.44100603,1.423844,1.4075766,0.09702585,0.002873764,0.4960077,0.13752793,0.0,0.009105368,0.16789934,0.700915,0.25057733,2.1668923,2.0104728,0.050791174,0.22798997,0.046572607,0.050474253,1.3854855,0.6394591,0.17449531,0.4704589,0.58800465,0.1278472,0.37689513,1.9822506,0.23511375,2.109769,5.5750375,1.099378,0.3511899,0.40062654,0.09510922,0.061217856,0.37265682,2.287745,1.3425262,0.13649742,2.055601,0.0732739,0.43879256,0.11795348,0.1736641,0.06751361,1.2633742,1.6747651,0.7806418,1.3939474,0.08988082,1.3651419,0.27120173,2.3260171,1.2938819,1.0162078,1.3966572,0.18865307,0.719234,0.4251244,0.8908449,1.0627835,0.0,1.5010531,1.0172014,1.0345093,2.8659067,1.3910046,2.8366745,1.7700081,0.64603066,0.34798104,0.7391602,0.042702958,0.38904002,2.162667,0.750408,1.0369102,1.674384,1.4251012,1.7288718,0.2859647,0.5631589,0.7430931,0.78311205,1.5226344,0.18468109,0.4730796,1.5263051,0.31190825,0.37397003,0.4349551,0.5541536,2.6736665,0.55486625,0.67945796,0.17548965,0.033935916,0.972332,0.6157234,0.20498608,0.8233103,1.7778977,2.2901096,1.2396611,1.6638305,0.6501074,1.2128627,0.6489047,2.2965713,0.19095688,1.9890267,0.06446263,1.6739105,0.0,1.6558112,0.7928681,2.1587863,0.34567884,0.04415942,0.9477623,0.47123772,1.3000208,1.3798043,0.8942083,0.05482443,0.10749642,0.42461616,0.76506156,0.011209692,3.130149,0.008025387,0.5433692,0.7767409,0.8142619,1.2544942,0.158702,0.19839029,2.2280629,0.98450685,1.7447215,1.2551447,0.018307861,1.4618226,0.6684428,0.0,0.025630372,2.7112355,0.71963143,0.12510152,4.2122436,1.505131,1.6704036,0.2572972,0.6816147,0.6077848,0.73899263,0.0962913,0.041162256,0.6944211,1.0462323,0.48868683,0.10169557,0.86047983,0.65475255,2.539089,0.57074636,0.17434007,0.2737194,0.23885332,2.386676,0.6853448,1.9641297,2.0972924,0.22877514,0.37916896,1.0697036,0.44661766,3.7387128,1.583009,0.17733613,1.4750143,3.2139919,0.6310285,0.60745174,0.024005296,0.18486768,0.64941925,0.65329754,0.6247274,0.1528996,0.5421505,1.1543826,0.72722316,1.4086908,0.0016867841,0.17531542,0.006773148,0.41814435,0.31498447,0.11834927,0.7766508,0.4411358,1.6157572,2.4627972,0.9064968,0.93019104,0.6390613,0.42606518,0.33510596,2.1454666,0.037112758,1.2136301,0.059233155,0.71453655,0.07508631,2.4451501,1.1004063,0.5682338,0.4868094,0.92530555,0.84662867,1.072861,1.300477,0.3707684,0.3729087,0.50507957,0.26861277,1.1140116,1.160079,1.4076376,1.4436866,0.21386613,0.62191,1.1856402,1.208229,1.7118993,0.83378345,0.73610634,0.005719219,0.868229,0.78042525,0.36355504,0.66417867,0.6412747,0.1595831,0.43123937,0.8650205,0.11220524,0.59281975,1.4530402,0.109666176,0.49001184,0.035573643,0.17490149,0.65943575,1.4483018,1.832208,0.17163841,0.9735344,0.009779838,1.6690481,1.4870652,0.38078123,0.1548712,0.0015761694,0.7967929,0.47295558,0.0334305,0.4716048,0.00051190914,0.56421083,1.3730357,0.3205134,0.0026248046,0.0009603712,0.039133698,0.7760763,0.4409962,1.9610916,0.4001098,0.43788517,2.9745364,0.22010921,0.12286606,0.0,0.39223945,1.1157007,1.0621474,0.90822583,1.9953054,0.20183584,1.179073,all_pothole_images\pothole_images_enhanced_7385decaebf507b8865bce2a43b34281.jpg
1.2487694,0.84577894,0.17073163,1.1275276,0.32436413,0.17209798,0.46006182,0.054296747,0.26564214,1.5240089,0.5575069,0.3158257,0.3091263,0.32648188,0.042238217,0.6004563,0.5777105,1.1251792,0.83187395,0.28277433,0.51745135,2.220998,1.0671086,2.5473938,0.3812886,0.20012575,0.0054571335,0.0659185,0.008377146,0.024963148,0.3121634,0.02890073,0.79425097,2.0399015,0.03577185,0.43804845,0.05899797,0.51642835,0.4611757,0.2624684,0.26806837,0.12524733,0.0,0.15512694,1.2562277,0.13517605,0.40290335,0.16019703,1.1669886,0.6060664,0.6530157,0.35831133,0.046400752,0.096529335,0.14081468,0.6632698,0.4688816,0.23112847,0.9191748,0.1565221,0.008320537,0.11119895,0.24709514,0.696223,0.48435077,1.5441291,0.50563514,0.63522816,2.3960972,0.5158653,0.03233982,1.1595972,0.3531254,0.0,0.080075614,0.36646804,0.12754971,0.6372623,0.0,0.0,0.014205337,0.16948879,0.5081138,0.35910097,1.0140183,0.639387,0.15332903,0.20361514,2.1394389,1.1233805,0.08628015,0.41915047,0.28697407,0.96929693,0.28200287,0.3162389,1.5543882,0.5812327,0.079208374,0.07517216,0.45450816,1.377817,0.28398672,0.2907233,0.72500014,1.3319978,0.04522691,0.13981593,0.20137599,1.1647722,0.0,1.619158,0.4055406,1.7053555,0.107140146,0.49126005,1.5516709,0.52912766,1.4931749,0.6421168,1.0641341,0.808758,0.6290441,0.71959645,0.27390164,1.0874659,0.110043526,0.79451483,0.1762524,0.3255853,0.47431225,0.13510646,0.19377038,0.20574561,0.12274532,0.53982043,0.055115033,0.11064906,0.73378,0.41625178,0.30938393,0.73594993,0.40751183,2.0790057,0.008825797,0.012929047,0.18591323,1.6604993,0.3419473,0.2980725,0.6697555,0.06973444,0.091531135,0.29981562,1.5574038,0.6828744,0.7997365,0.28069857,0.5600457,0.523272,1.9250634,1.7930814,0.022441285,1.1355501,0.84087217,0.4742817,0.6329653,0.073341854,1.721817,1.0343686,0.8920664,0.1582095,0.0,0.014576135,1.2574483,0.33045095,0.6717262,0.0,0.041844334,0.58338344,0.0019243928,1.4587173,1.0586443,1.5764741,2.434802,1.8833497,0.19919233,0.39397988,0.9227209,0.64584064,0.5145247,0.25436565,0.27497947,1.2284354,0.2056857,0.07295929,0.71694624,0.9651679,0.02627865,0.3727622,0.0872982,0.026637975,0.71637785,0.688818,2.4319148,1.2231846,1.648053,0.076447494,2.2863083,1.4680048,0.052628797,0.45708656,0.25758955,0.20900543,0.30099246,0.5208425,0.59211016,0.39557946,0.51157,0.26752058,0.23567477,3.373961,0.62768567,0.51252884,0.0,0.17017962,0.92145723,0.036439244,0.9766164,0.23453785,0.09754741,0.016133104,0.4264578,0.22876075,1.0844139,0.1990382,1.4834267,0.20944571,0.8316216,0.20063235,0.63258755,0.16418867,0.27938512,0.23001006,0.054560237,0.025768703,0.70344555,0.39526024,0.8936334,3.0056574,0.7651493,0.15500325,0.7780598,0.060767192,0.19991228,0.23014146,0.50736856,0.7933239,0.30920306,1.1905466,0.045185,0.15811828,0.5920869,0.8807098,0.7570766,0.2639347,0.8375054,0.7080638,3.1721733,0.45212772,0.5059125,0.21493499,0.16843994,1.0020566,1.0404289,0.48203832,1.1935645,0.40521145,0.70402175,0.4114984,0.31954795,0.42546284,1.1589723,0.011985129,0.16529216,0.688277,0.29969263,0.009422375,0.0373943,0.21874692,0.48694727,0.0750095,0.10597859,2.9416442,0.7698759,0.2608891,0.869319,2.1862261,0.3657054,1.4399812,0.71104866,0.2975298,0.0,0.23579302,3.0064926,0.1393463,0.032880563,0.57522273,0.0011196157,0.14021051,0.8371964,0.95136243,3.8417618,1.831475,0.44743136,0.013440169,0.2297211,0.21761633,2.3527968,0.55172175,2.6503367,0.26730555,0.40957963,0.8199835,0.079017006,0.1300641,0.39670688,0.09050309,0.3681649,0.67435914,4.64095,0.3654743,0.46916008,0.0,0.15383266,0.06901323,0.71639735,0.1923982,0.13525654,0.08854205,0.34466597,0.7519428,2.1874754,0.12201983,0.0068944404,1.4555188,0.09836041,0.10135413,0.21959612,0.30724108,0.31188816,1.147404,0.10369129,0.7727676,0.6297595,0.38873258,0.029962968,1.801405,0.9905974,0.7997986,0.38164485,0.3481182,1.6158953,0.29236692,0.11139731,1.3268454,1.1125882,0.050565816,0.62674505,0.36587757,1.7328197,0.6181391,1.5312942,0.054023176,1.0289212,0.31169254,0.77213806,0.49709022,0.40653268,0.4497467,0.58769006,0.15575497,0.27795884,1.2422464,1.9709086,0.13481766,0.30464485,0.1702762,0.0063875895,0.5762571,0.15725046,2.5828445,0.37666035,0.09158052,0.14518413,0.4766163,0.9202042,0.91828686,1.7770987,0.019635152,2.7790895,2.051889,0.897578,0.028505038,0.5758799,0.18993397,0.7255245,0.6013737,0.038019244,0.36573175,0.099909276,1.1499926,0.4666282,0.6840045,0.016451303,0.045926478,0.0811407,0.28518566,0.08975175,0.05923747,0.29645875,0.95474863,1.1149567,1.6974292,0.69955903,0.4278833,0.70254606,1.4947891,0.097315915,1.6456579,0.4356163,0.6349247,0.06323903,1.0680953,0.8142154,2.5256917,0.9371257,0.89449495,0.18951666,0.66310614,0.29136962,0.47662777,0.45754555,0.3444449,0.22885922,0.33194318,0.27591923,0.18321133,0.053219065,2.1100984,2.1195164,0.5998237,1.475154,1.6208318,0.39646623,1.0939547,0.40090284,0.10225889,0.67433494,1.329517,0.99669194,0.71490145,1.5047233,0.4584698,0.50435716,0.14778024,0.12753448,0.24947517,0.70844686,0.17652342,1.0817418,0.8967201,0.028691852,0.32939696,0.89650625,0.082660675,0.104467236,1.3992897,0.5998128,0.015210144,0.3403683,1.0599437,1.643305,0.85857326,0.25788996,0.3713641,0.7850365,0.037837386,0.6285548,0.12228025,0.80845195,1.557359,0.24925597,0.021124644,0.35058838,0.2224079,0.114929624,0.37096182,0.04862679,0.14181626,0.8174056,3.140678,0.80444163,0.83652866,0.11663256,1.8789517,0.5638981,0.43137515,0.6163907,1.5304674,0.09167255,0.98898345,all_pothole_images\pothole_images_enhanced_73a8eaacf5cd55aa382de0bb2d07c46e.jpg
0.06483542,0.956928,0.16202585,0.921047,0.5639217,0.001905253,0.10452239,0.23091106,0.30730972,0.29605877,0.0021130692,0.0,0.0,1.4312088,0.009485241,0.13968477,0.2690455,0.19204202,0.027860954,0.18762584,0.0689552,1.4115208,0.013597163,0.010019057,0.043969523,0.8959638,0.8758525,2.4833002,0.23789889,0.05702799,1.1040859,0.0,0.39039755,0.25360978,0.033517957,0.66883236,0.016270539,0.6824877,0.59286684,0.38044462,0.0,0.0,0.0,4.023918,1.0833389,0.0061222743,0.030885478,0.041829895,0.09706786,0.4474644,0.4504578,0.27623942,0.45600387,0.04290597,0.0,0.21849795,2.7358768,0.47910604,0.0,0.0,0.0,0.09801169,1.5762702,0.22379532,0.10340202,0.60039914,0.56325924,0.3299422,0.094623834,0.1402352,0.050358534,1.6742138,0.039039206,0.0094402665,0.001126706,0.0,0.0059541296,1.5787207,0.0,0.0416754,0.03220182,0.21811658,0.0046359748,2.2642832,0.12656774,0.0039414167,0.12018728,0.0043597897,1.6110785,0.054034717,0.00041346328,0.06879407,0.07749622,0.19683258,0.17105597,0.023775253,0.31327608,0.22086667,0.5581407,0.022885809,0.0631522,0.27306494,0.033801313,0.08738459,1.3456253,0.0640872,0.01992966,0.0,0.21669713,0.0,0.0,0.59047294,0.41431376,0.0100132115,0.31855392,0.0102524115,1.8433456,0.13159254,0.018628182,0.31880882,1.8024014,0.34957612,0.07849618,0.2077138,0.45727655,0.17759866,0.0,0.071753815,3.9243133,0.035963234,0.31179446,0.1546297,0.026596118,0.0056872973,0.8603243,0.25276965,0.0,0.044135954,1.2289611,0.42243898,0.22545606,0.034541722,0.5695154,0.03945749,0.0,0.38062993,0.23911841,1.8079804,0.46161136,0.077236,0.057266448,0.19272125,0.0,0.18206802,1.423605,0.016420823,0.000525222,0.0058843237,0.35467732,0.07213678,0.5683408,1.6749712,0.14855337,1.1239125,0.14357233,0.0,1.2206708,0.25571772,0.1481718,0.13258642,5.5354623e-05,0.036416788,0.001754053,0.0044173915,0.19879824,0.16944677,0.84992903,0.001765955,0.25299275,0.019782614,0.0,0.68782014,4.2861776,0.0442576,0.7738542,0.6480348,0.10371574,0.10789503,0.033101987,0.16886249,0.15794995,0.084296145,0.02466253,1.2198466,0.114987165,0.0,0.10735322,0.013741886,0.020232188,0.09561246,0.004114401,0.04629131,0.66739964,0.63665223,0.08614273,0.023204153,0.2647046,0.023302311,0.5897353,0.032085653,0.0,0.047449782,1.6779088,0.005200424,0.13842592,1.2548234,0.0,0.34961304,0.41982174,0.29589295,0.69127434,0.004247465,0.077906705,0.052246347,0.01099217,0.009656569,1.3932928,0.05276389,0.06677743,0.028668901,0.0,0.0,0.027144384,0.0,0.4900297,0.00089946267,2.1716082,0.06654949,0.03860943,0.44337147,0.0,0.32670644,0.17082858,0.31358412,0.05800271,0.0,1.230296,0.0,0.13049573,4.461936,2.204686,0.20566076,0.18306392,0.34739128,0.028194938,0.30684084,1.5242561,0.044330206,0.20570837,0.49815398,0.0,0.49691996,0.4720841,0.017777367,0.24844173,0.49251562,0.02891701,0.42991382,3.6842635,0.0,0.0,0.051899213,0.32236898,0.023424285,0.32381964,0.047759913,0.0449994,0.8587852,0.021573894,0.40462634,4.4429603,0.091556326,0.16733138,0.7815359,0.33108464,0.40290114,0.053893857,0.02111078,1.8057349,0.11537511,0.010412885,0.009739789,0.01610009,0.26276404,0.05120712,0.21386497,0.018651213,0.6243022,0.22036861,0.35933077,0.27294087,0.4319668,0.028728606,0.11115471,9.850997,0.055607762,0.0047578663,0.3507456,0.0,0.26066008,0.0017053148,0.84815264,1.3505113,0.39608768,0.44701028,0.038655166,0.03510361,0.41396195,0.7963553,0.13839315,0.38011295,0.0034326215,0.09402511,0.41533363,0.10091334,0.33077854,2.2853708,0.0010847865,0.7439698,0.46538013,4.361712,0.06669227,0.21387996,0.0040571806,0.28471985,0.01855429,1.5133754,0.08268844,0.2133089,0.0,0.059044227,1.2470527,0.32036743,0.6823515,0.65714794,0.10561737,0.0,0.0887427,0.43820018,0.6507703,0.6695393,0.31332818,0.0063188993,0.38869125,0.1773355,0.03395408,0.05353474,0.016420182,0.1212853,0.0,0.0,0.041367948,0.27415124,0.08077632,0.0,0.03915301,1.3305498,0.85068417,0.22032359,0.33795103,0.1351427,0.0,0.7517022,0.0,0.6906204,0.19677775,0.77285445,0.0051577473,0.09202623,0.09450979,0.08049951,0.017275205,0.013825282,0.4136692,4.4553175,0.040536966,0.2037988,0.005945098,0.0,0.0070993206,0.0016467886,0.24732937,1.1896336,0.41118857,0.0037815254,0.0018451959,0.109792896,0.33459932,0.22221008,0.33947745,0.8786457,0.05484524,0.21707815,0.5815189,0.05943945,0.3817309,0.4027949,0.61829454,0.0015764823,0.21270327,0.09835623,0.39140335,0.072496876,0.078277014,0.042408947,0.03719734,0.0,0.6836884,0.26600933,0.0,0.77712697,0.47906926,0.10199659,3.7099512,1.4342982,0.4451388,0.96269315,0.1678936,0.0,0.68572325,0.5989515,0.22371992,0.0,0.0,0.20438775,2.3055134,0.054244492,0.1361858,0.0075629205,0.47040507,0.09533739,0.10998094,0.086702205,0.19811232,0.2150484,0.4297258,0.5023746,0.0958589,0.20626916,0.047043055,2.04066,0.3086999,0.027173067,0.14885992,0.20657282,0.6977403,0.0,0.3877562,0.06907959,0.08945844,1.1940879,0.024722412,0.13503143,0.0005795464,0.3743944,0.0,0.03165,0.0,0.25728893,0.88282144,0.13891843,0.62832487,0.2345803,0.04732113,0.049623713,0.43841997,0.0,0.31154415,0.26156354,0.033344142,0.0050844457,1.0171112,0.9686817,0.0,0.09399017,0.0,0.43390086,0.1413192,0.48226726,0.0,0.0027153865,1.5805541,0.06448795,0.0,0.014533739,0.0,0.08001239,0.18425556,0.005519005,0.05485348,0.0,2.4333255,0.21864392,0.53622615,0.06467663,2.3508658,1.3262883,0.17279302,0.0703373,0.35497886,0.3184745,0.0014167707,all_pothole_images\pothole_images_enhanced_73acb13f2178e631057618e38d760d0f.jpg
1.1770036,1.5009155,0.5471681,2.2309039,1.4023402,0.5781741,0.31510165,0.077461705,0.08698249,0.90219396,0.47691208,1.0827224,0.0480732,2.1190906,0.39716685,0.85184026,0.22308305,1.17129,1.2336125,0.45943785,0.8431837,1.8498566,1.9648901,1.2552278,0.8036375,1.1651505,2.0577703,0.886171,1.6117005,0.59184986,0.8796156,0.65456563,0.4744385,0.2867644,0.63180363,0.6882837,2.0000088,2.4527512,0.029451087,0.35626978,0.34112886,0.45866308,1.2594354,3.7958355,0.578405,2.1158357,0.15921819,0.0,0.72678465,1.6307288,1.923952,2.7078974,0.45344022,0.47018853,0.033836655,0.9240028,2.2078295,0.12034042,0.93331254,0.6391289,0.04789329,1.0856026,1.120143,0.007201636,2.310207,0.91883594,0.39882788,0.6018868,0.5910375,0.21156502,0.45714894,0.0057608713,0.20993197,0.86176735,1.8983715,1.7596747,0.19397062,0.39536533,0.46708736,0.48855248,0.4721955,0.18960415,0.07536943,0.46931678,0.59868157,0.36214027,1.2272396,1.014433,2.6305907,0.39577267,0.08638423,0.70726657,0.18135327,0.822119,0.4460761,0.7910886,0.14729859,1.006136,1.5066388,1.4956204,0.51900154,2.3665564,0.30662397,0.5496498,0.604367,0.64237297,0.23971911,2.822626,0.23852198,1.0842712,0.105049014,1.8220505,0.54468656,0.29523143,2.2921891,0.372476,1.2261624,0.17313214,0.42310512,3.3735132,3.262535,0.86315155,0.66412103,1.6166247,0.61344594,0.68297607,0.45829123,2.0154297,0.396234,0.7014074,1.0102241,0.3843172,0.48571318,0.36073244,0.20976591,0.58564407,0.4627056,3.4591699,0.20247981,0.2281489,0.41751483,1.866464,1.7130957,0.8968347,0.3271937,1.180771,0.19253841,0.088207446,0.695356,0.6878093,1.1157622,0.53341645,0.011249038,0.37947503,1.7123528,0.3562474,0.95267487,0.7822949,2.1719372,0.17901249,0.976827,0.18580002,0.32189253,5.463927,0.034569833,3.7594604,0.12696707,0.47193712,0.9279918,0.16360112,0.01088388,0.37549275,1.276308,0.1979474,0.095555626,0.3218319,0.766781,0.13468915,0.43525445,0.20297469,0.09901827,3.2697687,1.4212143,1.5738108,0.50808555,0.63939416,0.19080816,1.3079262,0.35372508,0.34507978,1.0440052,1.1021588,0.34925273,1.3452107,0.1984223,0.5443681,1.6996557,0.7491499,0.3262243,2.078046,1.8532126,1.8922843,0.5007312,1.0500442,0.4724854,0.17808233,0.24890554,0.6631687,0.2992619,0.11678617,0.28092045,0.72323084,0.38526362,0.925645,3.2572482,2.1786263,0.82178646,0.20189376,0.51752365,0.49525192,0.79146284,0.073332325,0.048157144,0.38024616,1.5792917,0.87685174,2.1295493,0.14146243,1.9383175,0.4793621,1.9310285,0.41688997,0.038807973,0.19313373,0.82498896,0.2012432,3.1293933,0.43591985,0.073159054,0.2676231,0.9038064,0.20773055,1.002158,1.7976451,0.2474064,0.5483106,0.14724874,0.34180075,2.6067266,2.228586,1.0751501,0.53125364,0.19045226,0.63991493,0.2805828,0.55757856,0.8833431,1.2042744,0.43216723,2.0619993,1.3520772,0.2331788,0.13855769,0.32693535,0.3700863,0.619183,0.032566275,1.5469334,0.2120873,0.912405,0.1844433,0.021837993,0.045492347,0.0013813103,0.26614118,0.24736245,0.010320727,0.5177905,0.43174845,0.19524863,0.026326826,1.0527506,1.3646922,0.2642956,1.8342386,0.68919706,0.9645458,0.49587575,1.7720597,0.5504752,1.1041408,0.23552755,0.0642508,1.1132748,0.41507277,0.16491243,1.2156845,0.2986973,0.3243616,1.2970735,0.8587596,0.5335763,0.30837598,0.952764,4.217165,1.1682887,0.04700063,0.20991948,0.9236599,0.9163916,1.2885753,1.4136187,2.3108022,1.2342392,2.620145,1.0415293,0.046674795,1.2229123,1.9944234,0.1687058,0.8911242,1.093653,0.057818905,0.79293776,0.6980136,0.6595412,0.6327779,0.041442174,0.6402197,0.39122647,1.2366452,0.7260307,0.37062624,0.2825684,0.33220127,0.6275525,0.61588365,2.249456,0.7370731,1.8719865,0.5263115,1.1132112,0.45120412,0.5045547,0.43983918,1.2588333,0.5711625,0.24029341,0.066761084,1.090973,0.9124013,0.5572445,1.1386019,0.94934344,0.030352056,0.33712846,0.08224325,2.2575083,0.39933872,1.0995101,0.5886938,0.6678442,1.3810965,0.41069576,0.5799132,0.2970499,0.31892735,1.1332414,0.44783956,1.2646433,1.5396491,1.0209584,0.08385761,1.1367614,1.358563,0.4373239,0.30961138,0.24173808,0.50857955,0.8759599,0.19925703,0.2503849,0.38605505,0.9186639,0.99445385,2.4732232,1.0745964,0.16250426,0.31404173,0.5255111,0.7355521,0.68145204,0.5885416,0.34473348,0.21209809,0.15648755,2.0942264,0.7968867,0.50551414,0.054810483,1.9666296,2.3464777,0.2937976,2.6009083,0.29614696,0.19073495,1.4579103,0.26938394,0.652862,0.67947644,1.6603223,0.7863696,0.12746552,0.24753428,0.35033125,0.30680385,0.091671534,0.42448342,0.13789748,0.2620879,1.7380147,0.13030837,2.363329,2.8087962,2.3337584,1.4307289,0.83318377,1.3657583,3.0056398,1.9556781,0.13515751,0.99598724,1.5079088,2.658936,0.480138,2.8118417,1.075132,0.6768079,0.5179697,0.17562792,0.69905144,0.51008207,0.17583872,0.14858983,0.033915985,0.03693156,0.5495856,0.3205522,0.32227054,0.5822343,2.3849444,0.16665411,1.4506155,0.51060104,0.90001935,0.05761632,1.525767,0.9420189,1.4464892,2.958887,0.91015655,0.35053152,1.5660431,0.46714953,0.5073993,0.6057435,0.74064714,0.4154048,0.2422873,3.4654312,0.52431244,0.3192662,0.30316883,0.30650428,0.1129449,0.33174452,0.2912898,4.082341,0.9511266,0.35561612,1.4402351,3.355429,0.44818598,0.90603447,0.5744484,0.5866346,1.006546,0.30154842,0.968176,1.6162201,0.2965452,0.31262332,0.22554627,0.17046535,0.48919716,0.30259168,0.5986916,0.004424966,0.20098703,1.0898011,3.3082867,3.1896896,0.1569909,0.80553204,1.3495368,0.35531998,0.018684562,1.0470465,0.069058,0.045109708,0.7877937,0.46451887,all_pothole_images\pothole_images_enhanced_73f41cdaaf0046042892d39baa664d05.jpg
1.5776725,2.145116,0.913939,0.6566289,0.8384144,0.20862517,0.61740375,0.5760392,0.7583802,0.22046167,0.21587649,0.100639775,0.7497166,4.066682,0.18746033,1.0546476,0.4007946,0.2698263,1.3687277,0.2512105,0.50806457,1.0640968,0.27335835,0.70624095,1.6537598,2.1960826,1.0406114,2.1099193,0.7722904,0.517198,0.33891016,1.2529658,0.8725724,0.3255623,0.030798674,0.6710689,1.3085657,1.6539044,0.36400375,0.05400713,0.9297141,0.50276345,0.6174678,2.033143,0.0332132,1.4110751,0.24891518,0.3175984,1.5750786,0.74441403,0.09827168,0.40171126,0.6089885,0.55591565,0.062183507,0.6302097,1.253024,0.0,0.35652027,0.20323996,0.67211336,0.1544047,1.1455939,0.10341985,0.51414907,0.81137913,0.04159311,0.323456,0.53264487,1.028523,0.2503706,0.0,0.037003763,1.4620377,0.8834466,0.33530036,0.892717,0.75283355,0.88345784,0.7081055,0.32293493,0.1495466,0.123303,1.5554078,0.1694345,0.7483139,0.37030277,0.35527208,2.1623838,0.15575674,1.1571163,0.82238567,0.22674601,0.87905663,0.5329436,0.4837606,0.82705265,1.2814758,0.3091282,0.77772075,0.14070778,3.2344098,0.39441082,0.028981743,0.59721154,1.0179636,0.8964377,0.8441607,0.00065423053,1.2036923,0.984734,0.9314933,0.42128667,0.5408253,1.8704367,1.2083613,1.1160357,1.1728154,0.34537116,1.4901823,1.7503707,0.082558066,1.415622,0.5986624,0.7581269,0.91123164,1.0071968,1.3735046,0.695188,1.368484,0.50438565,0.46941382,0.30037865,0.6898116,0.34957027,0.4712216,0.48481447,1.494448,0.5731212,0.5845251,1.2837518,0.049679,0.050038878,0.5917558,1.5136856,0.69517887,0.5722454,1.0299364,0.66613114,0.18458039,0.71698713,1.2457182,0.5413372,1.1374351,1.1164262,1.2931216,1.4210211,1.5166725,1.0064118,0.7788907,1.6440879,0.54769063,0.66855735,2.9979222,0.28288603,0.38791072,0.42275673,0.7644803,1.3474032,1.7238657,1.3038222,0.43106148,0.18648641,1.4680095,0.9827789,0.014831392,2.6300242,1.031245,0.10116606,0.33130777,0.32502338,1.4355755,1.7387664,1.4925097,0.7541118,0.8960898,0.8797552,0.62035376,0.32326543,0.35881367,2.0044785,0.5889217,1.3405986,0.8508127,0.45401067,0.20527512,0.34991294,0.34380886,0.57874244,0.21763371,0.6210111,1.0478034,0.9281194,0.65631557,0.27575096,1.6491336,1.5149434,0.51580447,0.03873791,0.41611588,0.42933452,1.2595729,1.0818816,0.29153267,1.6920997,0.56030566,1.1896731,0.28376824,0.64009625,0.09831234,1.4253602,0.4319456,1.1350789,0.63935715,0.10299089,0.082347915,3.1093311,1.2861404,0.8287428,0.758456,0.8140766,1.257255,0.37445742,2.0058007,0.4222805,0.23857379,1.2027394,0.53076464,0.053626217,0.8842074,1.0887355,0.49933413,0.5785555,1.1239799,0.60479736,0.1333099,1.378523,0.0071973847,1.3484036,1.2895019,1.9688275,0.029179173,0.15333036,0.57029593,0.19682744,0.38981512,1.6635377,0.41691643,0.16500956,1.5897468,1.3985062,2.2282643,0.83476406,0.7299601,0.32453704,1.8184714,0.17641798,0.49906293,0.43457267,1.6135765,0.30308932,0.44854292,0.45265633,0.5016001,0.12244697,1.3695239,0.6163981,1.5312935,1.8412653,1.0417546,0.06062282,0.47796848,0.50973403,0.6583176,0.730124,0.17230867,0.9642251,1.0365306,1.7419049,0.39949408,1.0164603,0.42345965,1.7349128,0.117125645,0.2043988,0.3307808,0.29333934,0.08551013,0.45946673,1.1856537,0.7560651,1.4127778,0.36180195,0.38984936,2.7500217,0.16511458,0.20434235,0.67195493,0.15605825,0.10906662,0.9438907,2.4178548,2.1160307,0.3426185,0.094150335,0.17310913,0.5076936,0.52470154,0.87617517,0.85635924,0.3177202,0.4808328,0.67721057,0.36413577,0.6071024,0.08944057,2.127428,0.82519126,0.74966353,0.9604042,0.3771834,0.8136827,0.14999603,1.5171839,0.42479402,0.8673007,1.7608424,1.2785182,0.2646465,0.70439833,0.6136764,0.29488546,0.69062537,0.54088736,0.38448176,0.21051309,0.111485384,1.1548548,0.345894,0.7404231,0.05198455,0.63464284,1.0533605,0.23080644,0.6333685,0.13480482,1.1598874,1.1458715,0.38761473,0.59085447,1.7239072,0.2271002,0.9295932,0.65659875,0.162731,0.2857809,0.81866235,2.1785576,0.07592386,0.42645696,1.5856628,0.25099385,0.5091174,0.9011558,0.8025463,0.76573867,0.015540717,1.7808548,0.63537145,1.2848599,0.7182997,0.22266918,1.5536866,1.0068971,1.5484159,2.004605,2.2670872,0.41785273,0.61771566,1.1109558,2.3522205,0.82682073,0.7875382,0.37152705,0.24250017,0.08696545,1.1969291,1.3876797,0.40063724,0.6851815,2.2401874,1.0895023,1.2915062,3.0967891,0.95914954,0.42102876,0.43485233,1.323423,1.3281648,0.13788722,1.4230428,0.57639253,1.4505677,0.59266627,0.6803704,0.15659453,0.27272123,2.0893056,0.70707893,0.67567784,1.1489487,0.6383516,0.6796878,0.46776316,2.0615616,1.0626868,0.7450834,0.32100147,0.41417447,0.37416396,1.2233062,1.0717558,0.57546955,1.8896563,0.5856682,3.139845,0.6040724,1.6043535,0.12314513,0.6651185,1.4961528,0.36065346,0.55016553,0.32355392,0.1771849,0.06448603,1.9079041,0.7232982,0.7819888,0.6321521,2.512527,1.1669596,0.56763405,0.21834259,0.7732354,1.1772423,1.3607453,0.3191344,0.19730303,1.8487551,0.4951704,1.4439725,1.2710205,0.53122926,0.10034882,0.29730076,1.6075296,0.62788695,2.4019046,1.3433988,0.111984,1.2708039,0.433187,0.32485583,0.44484562,0.26548898,1.3195511,1.6760154,1.202416,0.2850751,0.71700597,1.559397,0.024435902,2.3360045,0.16387211,0.41011313,0.9741342,1.628185,0.38170037,0.5936634,0.84246194,0.272489,0.23513038,0.43590066,0.04319001,0.07217407,0.61392343,0.11045288,0.55640745,0.3087234,0.8320145,3.5672917,0.21355654,1.5746207,0.028298873,0.17236671,0.7586189,0.6746522,0.39992663,0.15441132,0.7690395,0.5125347,all_pothole_images\pothole_images_enhanced_74967e5e99b02ecb2ab7d7c68c29f90d.jpg
1.4289404,0.54261607,0.46085906,0.8853262,0.5471593,0.16612294,1.1070689,0.10943977,0.66565377,0.29602176,0.163368,0.5238655,0.93445057,0.06156108,0.24316293,0.6666779,0.30625114,0.30059043,0.37408733,0.33860922,0.4041793,2.0750265,0.21737906,0.38115227,0.5409472,0.8121608,0.5128789,2.0649443,0.28847262,0.16785419,0.34351844,1.623761,0.1775704,3.7775304,1.1982689,2.0706904,0.119185135,0.40522945,0.6456488,0.20869352,0.16154672,0.15358303,0.25246766,1.1413908,0.5205401,0.963162,0.1365705,0.009380009,0.5921247,0.5739698,1.6530911,0.32268706,0.063512765,0.49703956,0.1503614,2.326571,1.0157635,0.45446262,0.22534008,0.0179276,0.0,0.7576183,0.53889364,0.30452836,1.1411128,1.125603,0.36128312,1.2165048,1.413415,0.07965225,0.8918032,0.15353355,0.04823965,2.1310847,0.50199884,0.041157626,0.08578222,3.8342254,0.430815,0.66508925,0.60113204,0.06537418,0.5017424,0.5187121,0.80014026,1.1731505,0.5769641,1.1378738,2.1922069,1.3229115,0.8507048,0.11767204,0.083279334,0.7801845,0.09545453,0.002954051,1.3921936,2.0147603,0.77681136,1.0313742,0.5793098,0.72191226,0.99457175,0.08086515,0.46502462,0.40162382,1.4244117,0.7206922,0.16049369,0.13060997,0.11570181,2.2320237,1.211509,1.883374,0.39304864,0.97840625,1.5213487,1.2183583,2.0097544,1.1899247,2.1761265,1.155505,0.3185864,0.340609,0.17989698,0.67940253,0.68226546,2.5330164,0.7092342,0.13100375,1.2008169,0.3075413,0.45184535,0.25737834,0.07901547,0.73738796,0.4451501,0.7552417,0.40477479,0.87597984,0.57769775,0.17474386,0.06642757,1.0547478,0.38182098,1.61281,0.56234306,1.3256439,0.73743045,0.73699236,0.84871066,1.1231029,0.7078739,0.013951293,0.9942999,1.6427394,3.07972,0.09643785,2.5958922,0.023943847,0.5034398,0.9043778,0.071840696,3.4136133,0.20239586,0.33896464,0.3962394,0.05295269,1.574229,0.12600988,0.820099,0.15418753,0.4612165,0.32041383,1.697254,0.023372976,0.26094392,0.24559034,0.8374213,0.28205535,0.020910691,0.84776586,1.5682043,3.6389954,2.5641181,0.6022228,0.099632576,2.0229888,2.4199085,0.7089626,0.52884597,0.8192513,0.22947408,0.95488816,0.31022838,0.31342098,1.3567764,0.2096081,0.36866212,0.14190122,0.80560327,0.7165164,0.7837529,1.8751318,2.1153765,1.9257666,2.7590284,0.41373202,3.914777,0.66439104,0.1583393,0.06013345,0.39068985,0.8728969,0.30993244,2.5140932,0.49403965,0.13848945,0.2888831,0.10320664,4.0790625,0.8965048,0.401055,0.05450378,0.0,1.3208157,0.85109586,0.38534793,0.39739832,0.7086423,0.0,0.43583745,1.8803599,1.0410928,0.012015055,0.058572818,4.6705112,0.22058412,0.09762217,1.0964668,0.6659528,0.50040233,0.035429347,0.10780571,0.42065993,0.20791593,1.7411118,0.23756565,0.56763947,3.8928325,1.9741265,0.17183304,0.9616014,2.0218604,0.09551852,1.840019,1.2828054,0.5503115,0.1344984,2.368856,0.0065806448,0.58965766,2.0060842,1.305016,0.389213,0.33868283,0.9787677,0.7793328,0.9226651,0.12163477,0.010365015,0.08924752,0.10088861,0.42963666,1.7310694,0.29546684,0.8472365,0.66098505,1.5964147,1.316425,0.70347095,0.009608442,0.9605479,0.56873894,0.015281679,0.5844577,0.5621236,0.03735917,0.750883,0.5661639,0.9525327,0.9496325,0.29437536,1.037464,0.14163171,0.7169357,1.3839233,3.8115485,0.23716864,0.6226328,1.3598039,0.9166059,0.46643174,1.1583173,4.127867,1.2941787,0.029809114,0.69783384,0.0,0.6963796,0.44052848,0.9788024,3.0295198,1.9895968,0.6917483,2.05982,0.17296304,1.1950461,2.0946434,0.0,2.041507,0.7008381,0.8536469,1.5033107,0.0050098673,0.534402,0.99894536,0.0038701,1.8852977,0.6970033,2.3713253,0.43717784,1.8294917,3.5182555e-05,0.31628352,0.0020327999,0.63479847,0.7170724,0.59164745,2.2627003,1.1854181,0.41117492,0.97217774,0.4554329,0.28117004,0.25213614,1.2470073,0.46023723,0.035808068,0.50331885,0.14906132,0.867571,0.2084918,0.14297225,0.7540518,0.18051611,0.37288934,0.60414124,0.5149481,1.4861273,0.06556356,0.8243581,1.496842,0.7422236,0.5592387,0.43062007,2.314996,0.71364015,0.67681485,0.020383954,1.0781454,0.3254517,2.853066,0.0,0.71493435,0.445055,0.15567467,0.49227676,1.0685134,0.6336788,0.71202147,0.0,0.189578,1.0271215,3.077058,0.86574835,1.223327,0.0,1.040219,0.6891907,0.64757264,1.0098016,0.06591495,0.26083183,0.02041061,0.27239615,1.6230134,0.111177616,0.35496762,1.0065297,2.6404526,1.1435997,1.4860231,0.11001022,1.0576001,0.9691592,0.2483958,1.0038533,0.010984428,0.21207416,1.1847607,0.7850821,0.30407992,1.2480477,0.0,0.95354766,0.5342754,1.641296,0.17389955,0.18013223,1.3478135,1.5638449,1.295058,2.812925,2.4311707,0.19212723,1.2787989,0.8606841,0.14023627,1.1322647,1.3486832,0.27094147,0.24009502,0.8960515,0.74171025,2.5973825,1.0980194,1.6631655,0.08507021,2.5662138,0.5624362,0.4163953,0.50496733,0.8169713,0.54655266,0.012732194,1.2543917,0.16390873,0.045781534,0.5789049,0.8297603,2.1577687,1.7918124,1.3067219,0.8414074,1.4831437,0.6123551,0.20403352,0.31154642,1.1540947,1.5051657,0.268784,0.92781526,0.054742213,1.1978302,0.11139892,0.5961144,0.53472114,0.42323637,0.26617476,1.3644506,0.5821793,0.11675557,2.8441684,1.6238792,0.14028625,0.6660691,2.002745,1.1029689,0.33515537,0.5684976,3.294905,2.0371597,1.999209,0.16545543,0.5192318,0.43848717,1.3716296,0.55274314,0.4439373,0.97261757,0.5341008,0.092594445,0.1332599,0.1482465,0.30586994,0.08418015,0.28994933,0.26025817,0.0038276066,0.70574886,4.667945,1.372053,0.51351696,0.27749917,1.7703112,0.04751206,0.026506813,0.18223225,1.1135452,0.21549124,0.91673744,all_pothole_images\pothole_images_enhanced_74df61e06cdbfbbcb23f34f72658d949.jpg
0.20842743,0.07936818,0.6494025,0.93921334,0.59308624,0.11813247,0.5043984,0.26125252,1.1002942,1.1370775,0.043840125,0.17999823,0.99241966,1.8041738,0.036208212,0.28745496,0.47412896,0.2163687,1.9859955,1.5588099,0.91232455,1.6706431,0.47935107,0.8314696,0.4943515,0.15531132,0.20268525,1.1068684,0.026988583,0.35869318,0.09804812,0.005936186,0.91241187,0.65193,0.30762723,1.4496064,0.5742006,1.2071172,0.5781204,1.049121,0.85551745,0.44834942,0.6185505,0.93907535,0.475678,0.66060567,0.13751455,0.07549721,1.3066378,1.5572174,1.2881606,0.11043676,0.24427715,0.94824404,0.51487815,1.6704978,2.5460417,0.0858149,0.88687927,0.6556185,0.3186043,0.855975,0.40604395,0.006300318,0.89853853,1.947539,0.22546469,0.008031639,1.2043062,0.80396986,0.009124271,0.104415484,0.669106,0.29511115,1.386402,0.820913,0.20109992,1.3202804,0.6203143,0.047154844,0.097837366,0.048368383,0.08575011,1.4886767,0.23715179,0.30928248,0.07409834,0.4595108,1.0843017,0.29939294,1.2129066,0.5430131,0.012770849,0.08387964,0.57838494,0.0060495795,0.8329466,0.5394322,0.6746863,0.06267422,0.13692915,3.70953,0.75676453,0.00175664,0.5123718,0.6346777,0.42638388,0.41808555,0.33554617,0.18792985,0.038229465,4.091518,0.16261883,0.18969907,0.39477414,0.0,3.0468526,0.8678542,4.159141,1.8534162,1.6116964,0.24234895,0.96183723,1.6784116,0.86780345,0.8690889,0.9033807,1.2978512,0.8938647,0.002244154,0.6452962,0.030021263,0.2713775,0.51403755,0.016693624,2.0987635,0.6747511,0.9490039,0.46268556,0.3515188,0.5466588,1.4017715,0.8167769,0.13526407,0.04932015,0.1868935,0.029642042,0.41222054,1.0937607,0.13060457,0.5959583,0.32440236,0.24035615,0.013108262,0.8778681,1.0484921,0.900673,0.62543356,0.0,0.1475022,1.2757611,1.0504353,0.34590256,3.9919627,0.05415542,1.0028547,0.58891493,0.30849978,1.000125,1.6319954,0.0,0.0,0.14376797,0.13319364,1.3281493,0.0,0.33541748,0.046351526,0.2025761,0.23415627,0.08993153,2.261951,1.3417734,1.9727677,1.9024583,0.56695276,0.6613963,0.9812239,0.48755124,1.3747574,0.08747694,1.1703838,0.0,2.4760387,0.09357691,0.7012952,1.6631005,2.2747097,0.7107692,1.4780738,0.067904554,0.28115305,1.0440345,1.3259766,1.7268237,0.0,0.112621,0.55809885,0.7521002,0.054196913,0.27383858,0.035829343,1.6788398,1.2716081,1.0928204,0.8416066,0.13888751,0.30552855,1.3254857,0.24314676,0.0,1.3772774,0.27564076,0.992055,0.055557005,0.09484355,1.9327604,0.69715434,0.40033436,0.4891306,0.12076821,0.0,2.256483,0.053342137,1.4021928,0.22016416,1.8676445,0.25435948,0.062612355,1.053977,0.23833552,0.2905983,0.09277627,0.8544307,0.25599155,0.020774405,1.0496664,0.9253209,0.22528693,2.8307724,3.1181386,0.78008485,0.5520638,1.7354914,0.5896146,0.069984764,0.0,1.4877266,0.4189673,0.9571803,0.05589433,0.22191119,0.24496144,1.0444583,0.38989988,0.32872516,0.04419866,0.04026607,0.62865144,1.0368907,0.39250886,0.24270575,0.0,0.7123641,1.435512,1.0830064,0.66498953,0.11533045,0.8554002,0.8572005,0.14465633,0.8237169,0.14558502,0.0009771308,0.09046043,2.36714,1.2855537,1.0121243,0.69430894,0.49445575,0.15222952,0.35075748,0.5200044,0.82476807,0.23158641,0.11652832,0.8744167,1.6832227,0.03232119,0.50067204,0.4173789,0.48959303,0.300055,0.53275234,3.3622472,0.12909974,0.71001667,0.6301646,0.79846025,0.5118876,1.3980002,0.735673,3.8297174,1.9333122,0.13991882,2.0408232,0.0040479023,0.51463634,2.248866,0.39012632,0.9520226,0.49254036,0.21135002,1.0161575,0.9881126,0.51578695,0.08989549,0.07974689,0.45281532,0.2437286,0.7213163,0.67653173,0.0,0.27395344,0.3151553,0.07535889,0.15878747,0.15008026,0.090717286,0.03848526,0.29806027,0.1146472,1.4044659,0.098752484,1.0312712,0.010597634,0.0,0.25575995,0.34592718,1.4619639,0.102541864,0.054409094,0.3167239,0.36610162,0.25390682,0.4123643,0.04167667,0.65699625,0.8316748,0.31065747,0.022536794,0.39407793,0.31575847,0.23394682,0.42432365,0.7647655,1.7647234,1.421629,0.046676047,0.6366062,2.1329107,0.30724606,1.2361773,0.06962439,0.815534,0.5388953,0.36962974,0.499137,0.028600816,0.6152816,0.3290484,0.060155146,0.10162472,1.0785025,2.7057612,0.2900331,0.4553988,0.053011775,0.03582312,0.8866423,1.8808362,2.437502,0.22284043,0.3912223,0.11815799,0.29956982,1.7932714,0.13181888,0.5345014,0.036398456,3.2133284,0.48908773,0.4787505,0.34173718,0.24577904,0.14455105,0.14667378,0.50291425,0.09674886,0.015127923,0.03056892,0.12613568,0.17092113,0.9653029,0.013592308,0.06580624,0.754421,0.17546815,0.48473543,0.65466994,2.1629205,0.6342493,0.34993795,1.3570712,1.7500043,0.07885344,0.82612634,0.64571214,0.026561677,2.2529566,0.34048578,1.7302506,0.10663901,0.43059173,0.79856575,4.209829,1.6041143,0.68078786,0.4297803,0.7116455,0.08710531,0.8829643,0.6821065,1.0679759,0.0049503706,0.15936333,0.7010232,0.47634727,0.024773462,1.1742444,0.85072386,0.08940795,0.10335297,1.4626598,0.64621663,2.1142924,0.3824625,0.13197716,0.5203574,0.9615736,0.22458722,0.30334646,2.3850143,0.07325763,0.7813099,0.6486603,1.2447553,0.0474264,0.91754305,0.1304248,1.3345212,2.6684153,0.19850095,0.2645148,1.6460369,0.29848483,0.41115803,1.9684762,1.0371056,0.0,0.20758826,6.450442,1.1385252,0.54664344,0.0,0.6828955,1.0919839,0.037626494,1.1015513,0.60420305,0.2980711,0.8758205,0.26464683,0.08893866,0.002142568,0.06497187,1.2887539,0.5721283,0.25829083,0.42948094,0.082528606,4.5094113,1.4713628,0.0027827476,0.038258806,0.15280287,0.045169514,0.48447713,0.61012673,0.024710927,1.6656104,0.14708811,all_pothole_images\pothole_images_enhanced_74dff0537598b1648d44b7fdbf73264c.jpg
0.76383436,0.94755274,1.6475847,0.9393108,0.18205786,1.5881823,0.5347608,0.28354064,0.24077384,0.49673843,0.20970519,0.085059516,0.21484846,0.8099114,0.30936322,1.1136179,0.26758072,0.00073943345,1.6650524,0.28496787,1.0365069,2.3032506,1.4613261,0.6748028,0.7955392,1.2156318,0.13219625,1.4222249,0.0,0.48734847,0.4735531,0.110059924,0.5143915,0.109976515,0.061622165,0.7698336,0.9332583,0.43326753,0.57730734,0.8599943,0.1160383,0.2199734,0.70414233,2.4602633,1.04302,0.5661426,0.103511944,0.0,0.047578253,0.7841123,0.7036557,0.91289073,0.43106958,0.7512775,0.48497072,1.3365089,2.983663,0.0,0.12866794,0.035700027,0.1632891,0.69063574,2.3258178,0.66712403,0.31216505,1.2975575,0.04634142,0.016060323,0.2520935,0.40152016,0.017196383,1.0614433,0.15320045,0.19871488,0.0,0.9166769,0.1822747,0.83156586,0.1536092,0.59937775,0.20012404,0.0,0.29557708,0.70920235,0.72283787,1.1643015,0.027670275,0.4491593,4.133255,0.3192824,0.284851,0.04983705,0.6039478,0.1384039,0.39430928,0.0,2.4510417,0.5342274,1.045232,0.3429083,0.0,3.2070303,0.077562645,0.00631767,1.1795883,0.279482,0.14297564,0.5403127,0.8945957,0.7714651,0.24474089,3.1270778,0.31608275,0.15053055,0.0017819689,1.1677225,2.208651,0.9200618,1.5401216,1.1596209,1.1678469,0.12622333,0.3466483,0.4014155,0.5442144,0.77828306,0.934278,1.6971822,1.6339478,0.0466081,0.16042973,0.0074978857,0.34307143,0.18903825,0.07250964,0.3848763,0.1108942,1.3162742,0.122137904,0.3628645,0.95546776,0.010015285,0.47006696,0.554312,0.34342107,1.1385263,0.70482665,1.006448,0.6162465,0.81905246,0.4001563,0.52510035,0.054777198,0.13853683,2.111272,1.0700433,0.25343323,0.17330423,0.8861993,0.11261788,1.4308884,0.7502005,0.021374969,4.1354065,0.11684687,0.3073067,1.1296501,0.080159,1.4853098,0.12601331,0.07656164,0.26854953,0.018076088,0.5347185,1.9000165,0.03379776,0.62517464,0.046277683,0.011161186,0.61732185,0.25010976,2.0764387,3.9296412,0.83101654,2.4514174,0.22376142,0.23964784,1.3460662,0.54262066,1.0265365,0.0146609,0.3008012,0.09362437,2.2437274,0.06694045,0.017053593,0.46460986,0.72243285,0.14806832,2.0177855,0.51820105,0.7932613,0.92801315,1.1101694,0.5186399,0.36318183,0.4427258,0.94143784,1.1294519,0.057990823,0.04666189,0.38225174,0.5738888,1.970126,0.50517476,1.4314728,0.658737,0.029279295,1.8607657,0.31535253,0.51721,0.33095938,0.5546136,0.42514306,0.33091575,1.4776566,2.9966698,1.0610517,0.040121783,0.51472855,1.3742268,0.9475099,0.23640247,0.3902058,0.29801318,0.1717256,2.9098225,0.18796793,0.08198267,0.02088841,0.01701723,0.124303505,0.32945958,0.24521384,0.05303084,0.053472955,0.4253264,0.41020638,0.4650673,2.5064397,3.1013443,0.3402488,0.6071323,0.39496282,0.9022293,1.2316506,0.50008273,0.123549014,1.2276248,1.0507853,0.008360218,0.1073854,1.1736293,0.19615932,0.74917287,1.0652938,0.07355756,1.0569038,0.6065957,0.07754278,0.0,0.08221447,0.267046,0.2656974,1.604623,0.4082099,0.56135464,0.6836713,0.1516754,1.2331396,0.06450826,0.35014227,0.034431577,0.32484743,1.0412346,0.3838063,0.27081028,0.5219607,1.0472227,0.0,1.1114706,0.7962148,0.5517049,1.4597496,0.048378855,0.7151092,0.36195558,0.9107326,0.8338542,0.0073258383,0.40491122,0.9441918,0.08978939,0.34552538,7.4904194,0.2872313,0.13890933,0.7487659,0.06581802,0.023592783,0.36235338,2.562637,3.6269758,0.75824445,0.0078097004,0.41863188,1.0466326,1.5452551,0.4425775,0.7852649,0.25009167,0.029406523,0.0707751,0.12583365,0.86069953,0.26002216,0.56072944,0.009654271,0.73752,0.27256003,3.1073887,0.22391371,0.0,0.4440102,0.58139616,0.997392,0.9938339,0.34959212,0.114747696,0.32948014,1.04292,1.0072191,0.65439254,0.09260477,1.5418892,0.30226007,0.0069752526,0.0,0.33838436,1.9106514,0.99165,0.6512436,1.5241172,0.34830645,0.036473565,0.20511644,0.36974108,1.261077,0.3054952,0.74203986,0.023026867,0.025393227,0.85166246,0.9901017,0.2474459,0.9077739,1.1210175,0.39370158,0.41311294,0.054354724,1.2636358,0.14568974,0.75636166,0.032271184,2.4575067,0.005676433,0.045738783,0.22245784,0.65946096,0.2787446,0.15653339,0.01111839,0.18630761,1.2334546,2.6510913,1.8819225,1.2827123,0.716546,0.1922507,0.9004983,1.2783264,0.69851387,0.7155366,0.2324214,0.082338616,0.27530167,0.35411477,0.2910599,0.006776181,0.053949475,0.9954555,0.78890836,0.1444227,1.308012,1.1621555,0.8986318,0.0991195,0.35980955,0.17418374,0.50211054,0.77872515,0.29048786,0.1464025,0.3193452,0.31318757,0.5742365,1.833601,0.98446655,0.34124318,0.0,0.6663605,0.5973618,1.2922022,2.510444,3.1572683,0.0831988,0.18397856,1.1250674,0.07929267,0.6321877,1.1231905,0.17087606,0.18126291,0.65787435,0.18660538,6.1178474,0.20440085,0.37124446,0.08695832,0.41147017,1.1154711,0.390043,0.25730896,0.07776331,0.15434222,0.030618576,2.0502768,1.3446136,0.84583646,0.7105054,0.43359888,0.60165447,0.38298148,1.5409297,0.47479722,2.128856,1.4846985,0.30044556,0.8197314,1.263741,0.28204867,0.27956557,2.2879322,0.35504597,0.6063291,1.0997652,0.0012157349,0.112998046,0.6754731,2.79544,1.6660937,0.15047652,0.676923,0.28063524,1.0297868,0.69855267,0.38968447,1.7622979,0.88128644,0.40448862,0.8951495,5.9821177,0.39064234,0.85094863,0.0,0.28198805,1.2195003,0.9341622,0.8668847,0.19529957,0.018779675,1.9800941,0.07272328,0.045916006,0.1252178,0.0043338924,0.26157483,0.18095772,0.022011815,0.37558255,0.4291167,3.8030498,1.1378943,0.97505873,0.8259158,0.53779364,0.029768102,0.42877454,0.5746284,0.84269667,0.7591979,0.28766447,all_pothole_images\pothole_images_enhanced_74e72476c6f6c278325fc91cebdd3269.jpg
0.4529527,0.24436499,0.077050254,2.1837265,0.16461253,0.005638053,0.013834553,0.095810264,0.78055257,0.5129644,0.07717377,0.76493305,0.8137006,0.3037026,0.30847877,0.18977712,0.67069626,2.2414196,0.8282421,0.16635095,0.65187764,0.7772464,0.21061523,0.09304146,2.2300527,0.25799325,1.6492494,1.9313731,0.0,0.0,0.12853467,0.28975096,0.71307915,0.5990243,1.2237877,1.3374219,0.24105403,0.3405772,0.67536366,0.13339908,0.31780514,0.4482896,0.00023301675,1.1918261,0.39316973,0.1966146,0.7218012,1.1659516,0.4032896,1.543071,0.89404464,2.258637,1.0794793,0.4213906,0.49484977,1.2600192,0.11478212,0.47983947,0.11612934,2.1296773,1.0365071,0.038421005,0.075942054,0.6478474,2.3532658,2.292739,0.601982,0.0,0.0,0.09279121,0.19832414,0.7099142,0.33555758,0.26583838,0.96764654,0.31442234,0.58459467,0.368631,0.0,0.2835211,0.0,0.5434718,0.16354454,0.8034839,0.1009781,0.0,0.017145017,0.026984408,0.7708356,0.09537631,0.035927787,1.1466964,0.10024413,0.014497123,0.721046,0.039868593,0.09032826,0.3909934,0.20050922,0.75718385,0.32236,1.6294546,0.77955127,0.0004502579,1.3890287,0.0093154395,0.9034397,0.40353405,0.40968978,0.7521241,0.093152486,0.76813257,0.432449,0.24370712,0.28264037,0.3272321,0.280502,0.650807,2.745762,0.85000736,1.1255012,0.06957334,0.0055100955,1.469016,1.1821263,0.02243765,1.3503445,0.0,0.36040056,0.0027606036,0.05816916,0.28263775,0.0,0.03645625,0.43506762,0.4420137,0.9249403,0.0077215275,1.6073279,0.048535142,0.7365954,1.2227712,0.23109849,0.24012949,0.894,0.12474424,1.0815318,0.10382763,0.020945352,0.44059226,0.04039706,0.06801856,0.0034857919,0.0,0.16244325,0.042945042,0.24130622,0.060261693,0.6339857,1.900281,0.5775958,1.3109423,0.5020005,0.43408227,0.11626472,1.4000808,0.5075282,0.0712137,0.5131274,1.9206368,0.04215266,0.39170253,0.9652968,1.264578,0.06464347,0.53250235,0.20908979,0.0,1.0693761,0.13769281,0.05391783,2.6552124,0.34934482,1.3812318,1.5811272,0.4056009,0.80239093,0.53667706,0.19273555,0.034129616,0.08763683,0.53296804,0.064097114,0.7134924,1.1814318,1.1878186,0.6557779,0.049252763,0.5815905,0.5309541,0.13380478,1.2437818,0.047556818,0.12722778,0.07480341,0.5111928,0.57039195,0.25631896,1.136463,0.56867486,0.0,0.10371409,0.007863224,0.29987958,2.1901612,2.6577291,0.0066870833,0.0023960136,0.49539572,0.46233216,0.79750246,0.007742399,0.9883962,0.3098299,0.014464093,0.03128287,0.060254928,0.88344043,4.316685,1.94724,0.15099607,0.00095750764,0.05917467,0.46571815,0.16558863,0.39664966,0.50909936,0.3201419,0.26861113,0.0,0.12199852,0.5538263,0.96768934,0.20134361,0.32768622,0.03854345,0.21766067,0.47869876,0.7309631,4.1906333,0.36080015,0.35252112,0.31998673,0.023184083,0.17424856,0.23160428,0.016255356,0.6877625,0.028001158,1.9837877,0.57850266,0.39431727,0.64355606,0.19232139,0.32833168,0.417218,0.46205208,0.6496669,0.91307765,0.38095334,1.3307705,0.0,0.1712639,1.2867585,0.4136827,0.6595063,0.3228363,1.6344209,0.0033892458,0.035408076,0.73719555,0.2387914,1.0736818,0.06525257,0.035043452,1.2641983,0.8271471,0.28319076,2.3156435,0.86040556,0.0,0.538631,0.086396806,0.53514045,0.109573245,0.9999235,0.1192117,0.042298052,1.2540771,2.967898,0.7170047,0.59834415,0.23885621,0.085439056,3.0370433,0.17778462,0.79446745,0.012531576,0.1796039,0.5155799,0.2556614,0.016575577,0.2582833,3.3980196,0.71354127,0.57366633,0.004900758,0.4615044,4.6284,1.7212007,0.36457035,0.21129565,0.6504364,1.3491445,2.2098918,0.26702434,0.78179604,0.008276402,0.45221382,0.08798647,2.3555088,0.22577667,0.8501794,0.16258128,0.5508197,0.044906393,1.6307243,0.8164969,0.16075207,0.74719775,0.047115058,0.007097703,2.5594919,1.7108316,2.0392883,0.26118815,0.03157706,1.1022555,1.1835167,0.037773672,0.5652304,0.32931927,0.8738501,0.6689164,0.05610261,0.50076246,0.37771404,0.638956,2.3644698,0.49826875,0.7436554,0.3815739,1.1609529,0.17981549,0.26276803,0.1451236,0.44849434,0.84276533,1.1927167,0.010840404,0.5591191,0.40392214,0.38480422,0.23826145,0.021359202,0.037316326,0.077691324,0.092234805,0.5417935,0.06490302,1.1942858,0.4111939,0.1462105,1.1619306,0.58112615,0.055293627,0.86273664,0.1333421,0.110992126,0.38038635,1.414616,0.82387745,0.3394361,0.50261337,0.45533854,0.22932653,0.34847736,0.17049389,0.35935655,0.2709041,0.121815056,2.3293808,0.029595528,0.013111822,0.14030717,0.29948354,0.43709987,0.8367554,1.7143929,0.575339,0.012226658,0.78592086,0.1803303,1.7516701,0.23390639,1.6316158,1.7740114,0.12675217,0.7108541,0.10155103,2.3111117,1.4682497,0.22146875,0.19873028,1.0288548,0.1252909,0.6267008,1.6272821,0.6034224,0.10115962,0.24982543,0.026646053,1.426227,0.5743659,2.786183,0.20066124,0.73989457,0.07038418,0.33832747,0.66593724,0.26978493,1.3610512,0.26015487,0.06815291,0.29469344,0.040020987,0.13332881,0.48843282,0.20533991,0.64002454,3.1913228,0.01592725,0.35289878,0.08066771,0.5688662,0.06163534,0.18487856,0.029693447,0.028978236,0.5200785,5.695193,0.06846017,0.4298091,0.081946865,0.30889928,0.6757279,0.34948286,0.034621555,0.2692139,0.52952117,0.040166844,0.6162129,0.21611553,0.15202494,0.083073564,0.2321272,1.6442698,0.15842669,0.6056756,0.15903416,0.005808378,0.26506945,0.27666345,0.3396596,0.59757286,0.0017170793,0.018462868,0.021171346,0.5695306,0.024482472,0.7793753,1.8063401,0.0011237988,1.03006,0.04549445,0.094427496,0.8179301,0.5403875,0.92327005,0.5874211,1.209815,1.3184394,1.8312262,0.94267684,0.24070677,4.1757135,0.6089307,0.0061807055,0.39030883,0.28684095,0.23252608,0.13985161,all_pothole_images\pothole_images_enhanced_755cd7ab737476bf5445a143df558a67.jpg
0.4370768,1.812793,0.52934366,0.4207117,1.2926881,0.17909864,0.6594197,0.5248489,0.11949629,0.38739717,0.5414948,0.066219546,0.18444197,1.4140209,0.0,0.27829224,0.18557568,0.102061525,0.09461724,0.3641901,0.058654774,0.8450587,1.3250381,3.0425396,0.09694732,0.28235695,0.17334728,0.8388284,0.08241638,0.9822948,1.4476541,0.26496735,0.8366451,0.29963133,0.81606406,0.08078534,1.3362246,1.0947131,0.30474833,0.48011515,0.38312772,0.021299051,0.013802362,0.18662363,0.4620798,0.15928909,0.10667135,0.0073814183,0.019834323,0.17600797,1.196846,0.62522835,1.1494054,0.47077724,0.05475157,0.17889206,1.7976565,0.004778688,0.31620294,0.0024475106,0.1016002,0.003610451,0.97062165,0.008294795,0.411218,0.17876577,0.34482503,0.42009673,0.101977475,0.28417593,0.086327754,0.54829484,0.2649723,0.12904634,0.10750385,1.1962348,0.42005733,1.103277,0.011248932,0.0014532501,0.29140618,0.7209536,0.7613276,0.88926834,0.9871911,0.3623975,0.01289885,0.0055946177,2.471584,0.05353292,0.3808851,0.49076724,0.016298315,0.4517636,0.06988775,0.08088102,1.6434054,0.57761943,0.07304372,0.33689663,0.008980797,2.6912327,0.61587626,0.22095193,0.19401711,0.6462913,0.0925152,0.06458131,0.19873597,1.4409907,0.2830333,0.7563808,0.53480864,0.9793397,0.58696216,0.6725872,1.7253077,0.27485457,0.18262255,0.3553117,0.45745918,1.4173065,0.24750961,0.7607873,0.27503055,1.5953547,0.051191036,0.48159683,0.29963928,0.77016956,1.1105897,0.12744395,0.70712745,0.59800166,0.06613784,1.0985533,0.08864317,0.09101891,1.0730033,0.5346398,0.4858017,0.19331042,0.57775676,1.749812,0.93926686,0.42436033,0.6096565,0.8761432,0.1197218,0.21268795,0.2590023,0.5625946,0.07134449,0.0,0.66499835,0.19876543,0.33332488,0.09551221,0.032880317,0.087046385,1.8628063,0.80486935,0.029589312,2.0317793,0.13267969,0.0,0.90265983,0.80095303,0.39341193,0.58463055,0.52188087,0.08179997,0.12555838,0.23051402,0.2254689,0.517614,1.0861254,0.063089356,0.05599814,0.1078546,0.2610476,1.6153623,2.432979,0.8007777,2.1023197,0.007304645,0.27766263,0.2300009,0.189644,0.4001545,0.7942304,0.2522288,0.116190374,1.1923848,0.1235662,0.0973363,0.5846479,0.81305164,0.10669659,1.043228,0.04152249,0.66198194,0.58035123,0.0733492,2.1269295,0.5674044,0.7411765,0.2701834,0.9683638,0.4740722,0.039430004,0.669134,0.75045544,0.94780463,0.3833654,0.13194597,1.1046317,0.18155578,0.5605956,0.0,1.2392279,0.21359445,0.3016146,0.5600182,0.029136468,0.24629359,1.5223202,0.3693136,0.87074107,0.09099269,0.16403626,0.4374087,0.18191002,0.057046134,0.67502594,0.08305004,0.7842868,0.7979617,0.04840619,0.026219375,0.22766751,0.18201894,0.23177855,0.3947735,0.15384036,0.40617323,1.0322989,0.29606935,0.1887408,2.828603,0.32352868,0.23569545,0.27538073,0.22891624,0.3544247,0.47092453,0.44713214,0.12953974,0.70267856,0.9768022,0.8688656,1.6414945,0.012867282,0.20081002,0.36598867,0.40184206,0.19358242,0.42371088,2.0981507,0.5202739,0.5105378,0.0065124496,0.19057602,1.4727602,0.21729396,0.58273554,0.7291316,0.5934767,0.53794783,0.31018153,0.16977237,0.28890178,0.48886985,0.25767577,1.1205375,0.107655406,0.026546387,1.1467777,1.4093328,0.07204022,0.41786212,0.041854817,0.023122907,0.6595426,0.42388743,0.39788634,1.2919841,0.33810937,0.28408992,0.25643417,0.048133403,0.15358625,0.016530698,0.27288288,4.111068,0.23802485,0.11144789,0.41840205,0.1745479,0.55523574,0.23954664,1.0694057,4.201151,1.2370061,0.09441809,0.31955513,0.30151474,0.11562094,0.38274917,0.33115482,0.24774186,0.45303282,0.21267773,0.2137309,1.0689471,0.48238772,0.7561207,0.19006465,1.0701487,1.0519465,2.3000777,0.058478635,0.26908568,0.36622837,0.39193678,0.5374946,0.49394283,0.058220804,0.10855132,0.05353377,1.0280265,1.0793754,0.7374682,0.10826847,0.01259982,0.36074057,0.24730608,0.014545676,0.09353371,0.949175,0.07910211,0.4161061,0.25919408,0.41205052,0.6780308,0.00771123,0.2973175,0.712877,0.2059922,0.21311934,0.5539907,0.5597053,0.21382977,0.68980366,0.019956341,0.25942904,0.24512182,0.9563059,0.62151825,0.4314291,0.46538958,1.157232,0.68620664,0.7359099,1.8751233,1.2096946,0.0,0.4028841,0.086833365,1.0894076,0.5318583,0.16212791,0.34834424,1.2168447,1.8248861,0.16642559,1.2639294,1.0361602,0.7039767,0.5504627,1.0164167,0.93616587,0.11733046,0.5375022,0.029077865,0.033526737,0.08847961,0.32574338,0.8364656,0.05778637,1.6308451,1.7749567,0.45241007,0.5641561,0.1950682,0.019867705,0.8262299,0.6681829,0.0074269855,0.9991514,0.0,0.17032573,0.3865684,0.2260867,0.0040429314,0.34005293,0.21882135,1.0070459,0.0038276745,0.21972843,0.16319564,0.8987517,1.2541646,0.48207328,1.3874328,1.0928316,0.8634623,1.3311814,0.2792361,0.75450903,0.5956882,0.8808908,0.117773354,0.2783924,0.2344014,2.5074518,0.5113932,0.26457053,0.2107272,0.7942774,0.9511562,0.6016497,0.051668137,0.13193229,0.18682788,0.67492044,1.7107836,0.69177586,0.56531966,0.8399152,0.21751863,0.25665492,1.6542023,0.75481844,0.031124631,0.7195179,0.71043557,0.211214,0.08539851,0.08231212,0.7346129,0.67637104,0.77166325,0.39049053,0.29092723,0.55195194,0.47303843,0.30592763,0.8180402,1.0730366,0.5885326,0.5540666,0.7150462,0.23322693,0.40763175,0.08923493,0.39512357,0.018087259,0.8934449,0.10705776,0.80431086,1.6660436,0.3524922,0.8240388,0.13791035,0.17391925,1.2609136,0.5745667,0.77984005,0.056155562,1.242074,1.9951632,0.09634884,0.07067935,0.32199585,0.14756152,0.86382014,0.013797756,0.07126545,0.12917694,0.6940703,1.3026077,0.16262041,0.9948047,0.10173023,0.016359106,0.06170134,0.7698498,0.5054791,0.55391943,0.4297909,0.20394121,all_pothole_images\pothole_images_enhanced_755eaa61a86bc916f8913c9a23dd2265.jpg
2.3416963,1.0876395,0.33710682,0.6533999,0.66260463,1.0530252,0.42174175,0.011847041,0.6077428,0.26837474,0.56031924,0.45932278,0.4349161,3.6663644,0.6309173,0.20646991,0.46672368,0.6439915,0.803982,0.758812,0.8771884,1.7379428,1.6279483,1.8534268,1.8635123,0.59513044,0.39925945,0.961566,0.25367302,0.7959835,0.15460962,0.40260398,0.95049393,0.18624671,0.73267174,0.37598738,1.4591941,2.0115695,0.849911,0.13954857,0.2955493,1.0815297,0.34462637,2.0231056,0.7107786,0.87073845,0.06510996,0.37743407,1.7550914,0.611626,1.2716111,0.4341226,0.46917233,0.5215423,0.05374295,0.16387379,1.4543372,0.036927592,0.45316306,0.65032285,0.13640106,0.0015519178,2.3067093,1.3810903,0.8861543,0.21621293,0.6342342,0.16446172,0.07163832,0.38841784,0.9857903,0.5954049,0.1928034,0.7001729,0.5513398,0.37761357,0.9901215,0.927719,0.32766286,0.31010574,1.0572728,0.7089101,0.55580544,2.3805985,0.2527037,1.4771221,0.029219,0.005358659,1.4107214,0.18536073,0.7885943,0.8643294,1.0320586,1.067396,0.5279792,0.2153075,1.2309849,0.6677478,0.066903405,0.52863926,0.28286093,0.73533255,1.7339108,0.19654098,0.64359194,0.6993914,0.8044793,0.398902,0.19576259,1.4192551,0.32666504,1.7764456,1.0389677,0.012279148,0.45632336,0.6739786,2.1614425,0.6800336,1.2070425,0.9858445,1.1921638,0.49735883,2.7999914,0.32873347,0.05187602,0.1492066,0.29900387,0.11465925,1.7325492,2.684325,2.2747643,0.8073947,0.89584225,0.31712538,0.077065766,2.2703445,0.37075558,7.3977426e-05,2.9385622,0.049500864,1.0707221,0.24651243,0.16735955,2.561695,1.0139635,0.23186223,0.3480369,0.1338899,0.25573838,0.6972122,0.43754467,0.49995375,0.2959745,0.31154677,1.0655524,1.4543525,0.73235583,1.3502128,0.9017815,1.2745962,1.0488832,0.27280873,0.83758724,0.70713097,0.602826,0.05775726,0.8497125,2.237422,0.8224308,1.0122975,1.2554499,0.5172601,0.053315353,1.4108775,0.06356288,0.65079117,4.432953,0.2955592,0.543993,1.4793233,0.07624903,1.7229767,1.5968375,0.56709725,2.5745666,0.973078,1.6490115,0.13209333,0.027389718,0.25761923,1.2204766,0.26992658,0.6749185,0.52051383,0.80872047,0.97746974,1.0661315,0.20894572,1.2075849,1.0555485,0.22464958,0.6720836,1.111518,1.3568207,0.30959827,2.945699,0.26818773,1.5749857,0.99325,0.033269223,0.52904457,1.017397,1.2530576,1.6715777,1.0656385,0.31999674,0.789826,0.094529636,0.9528873,0.11624112,0.69820404,0.19188668,1.0739372,0.5919575,0.0,0.2990071,1.6976898,0.79324424,2.7950692,1.7751849,0.2323557,0.7715284,0.5850936,0.45735493,0.74872434,0.36313632,0.9572183,1.479097,0.15007073,0.3798513,1.2768015,0.22642349,2.0816593,0.29585195,0.11694905,0.01672383,1.6098303,0.6359068,0.54402107,1.8185133,0.295822,0.06742246,0.16910763,0.76604724,0.17376381,1.0044475,2.281207,0.91590506,0.48363322,1.1646978,1.9091016,3.4577863,0.3779363,0.40984103,0.4679127,0.6275118,0.11353186,0.8234876,0.77180517,3.8029523,0.028213227,0.14007112,0.26881394,0.08585154,0.044472363,1.0862817,0.82584894,0.4984819,2.4365268,0.033021193,0.56976223,0.6409066,0.82847327,0.14113164,1.4892138,0.25024453,2.2057295,0.9800241,2.6687882,0.13640781,0.023377387,0.9609184,0.5874977,0.7323988,0.16873865,1.6699517,0.6988183,0.2545905,0.69610757,0.7487715,0.836113,0.4585366,0.10699181,0.0022306412,5.707785,0.59004056,0.88922405,0.49127072,0.7310229,0.16926926,0.1485433,1.0886085,4.058069,1.8230723,0.047399256,0.25736356,0.2844893,1.3413521,1.8769002,2.0852048,0.047756758,0.5563147,0.59669644,0.71733075,0.5135616,0.17097454,2.108304,2.2557163,0.61800283,1.2760999,3.6122367,1.4038444,0.06321488,1.8053168,0.06349681,3.1120143,0.5960395,1.1025614,0.45291278,0.37501448,0.25007296,0.78493,1.3777701,0.58293724,0.24313399,0.071094766,0.33227786,0.15569435,1.3289279,0.8829069,0.028344344,1.0205725,0.5210452,0.18834394,1.4920657,0.17320053,1.5036755,1.3513637,0.21029665,0.46150655,1.4123108,0.50910825,0.7213263,0.2170491,0.7873907,0.09336027,0.44443023,2.4269006,0.80699986,0.31845897,0.57036674,0.40699577,0.77174175,0.44469136,0.92200404,1.0666102,0.1868559,1.2565274,0.63525987,0.6894066,0.9191516,0.044448312,0.5042901,0.6674647,3.2142367,0.14323269,3.173566,0.4270663,0.17539755,1.2921592,0.7732667,0.38098806,0.5130497,0.41566762,1.0414782,0.17438692,0.24592249,1.2405534,0.67281246,0.09734642,1.8555814,0.1710981,0.19370188,1.7362157,1.4940717,0.46356082,0.79153675,1.3563415,1.2589042,0.16473632,0.022221223,0.1553903,0.5606947,0.36896825,0.5835007,1.2671974,0.36395344,2.8713074,0.079434946,0.07845851,1.4348493,1.0512117,0.6585564,1.0630752,0.38279527,1.1775444,0.33748454,5.410582,0.37590143,0.77422595,0.11347424,1.381978,0.34234548,1.0185032,0.6245819,0.68683445,0.39669067,0.6813478,0.45454496,0.20716126,1.1949713,0.49905005,0.11805805,0.036891785,0.3275854,1.1722844,3.2283244,0.27788585,0.11556168,0.40236282,0.9820629,0.54898727,0.2952592,1.4374453,0.22636364,0.18789618,0.8428568,0.0,0.014023296,0.7677905,1.6243621,1.0768394,1.808481,0.07714461,0.2537608,0.3617493,0.14749928,0.21524604,0.17879017,0.29839113,0.28226668,1.1533138,0.9519019,0.72710186,0.63434434,0.19151282,0.95750237,0.64501834,1.691651,0.43160534,0.1386116,1.823202,0.27508008,0.33148357,0.7331674,0.39074168,1.4679403,0.42067018,0.6728842,0.43223295,0.2233491,0.28940308,0.67272276,0.59593844,0.012133576,0.09555648,0.5329,0.62124413,0.050567564,1.3642155,0.441388,2.5454965,0.80115366,0.93932986,0.28755856,0.2810948,0.5627316,0.9740018,0.10366959,0.36412492,0.0017051414,0.6531495,all_pothole_images\pothole_images_enhanced_75a88e5f3a824fe4e5fedd1a670ddf91.jpg
0.18056157,0.1067436,0.004173941,2.251127,0.016399276,0.0,0.106954984,0.028234264,0.04687769,0.023696765,0.13254435,0.0,0.0044419006,0.4466021,0.004165636,0.1941131,0.0,2.9715414,0.33931172,0.14740373,0.21375027,0.048608862,0.9813642,0.24129069,1.4993404,0.025890494,0.18145892,0.98579293,0.0,0.0,0.0098761795,0.021085303,0.0,0.17289776,0.0,0.13452588,0.11472705,0.013650992,0.24723053,0.2994773,0.016898395,0.7143722,0.18949962,0.2979954,0.012527178,0.014120015,0.0043392503,0.22032918,0.17630614,0.16607001,0.0,0.10820151,0.094915144,0.06679294,0.66404146,0.033534843,0.80975807,0.34039283,0.0050165523,0.01605284,0.1346681,0.25704756,0.35929665,0.53837836,0.11809772,1.4292239,0.23417534,0.020612191,0.0,0.059407137,0.15647425,0.00409504,0.36439374,0.017687228,0.16214895,0.0039045522,0.29181242,0.27966955,0.0,0.17177957,0.0,0.047969952,0.6310334,0.6781738,0.067107596,0.035810217,0.0026060957,0.0,0.7796906,0.0030108755,0.61298376,0.014271872,0.2627654,0.048547193,0.37365225,0.0041558333,0.27576742,0.7253479,0.0017121207,0.0,0.03230865,2.4188004,0.016216747,0.0,0.4623898,0.007532901,0.49163926,0.32177815,0.054599907,1.710684,0.15350166,0.22245815,0.0078776525,0.38729483,0.0,0.19264726,0.22895788,0.026974132,3.3479197,0.077791736,0.021312932,0.0,0.12508817,0.7353465,0.15142033,0.41291562,0.0,0.08748129,0.0,0.0,0.0,0.09372703,0.0011617407,0.01510095,0.0389765,0.0964668,0.24730487,0.005385711,0.084601544,0.012254534,0.46889472,0.0,0.5411571,0.32880813,0.0,0.32603338,0.0,0.0210144,0.00066649914,0.15746951,0.03521221,0.1301588,0.00026609085,0.10542138,0.31617635,0.13971919,0.0,0.24804345,0.14352554,0.22675098,0.98909897,2.9540753,0.0,0.025407743,0.8301726,0.35738945,1.5118699,0.046792798,0.11967659,3.0552707,0.087114125,0.09522817,0.0019977132,0.0,0.107783824,0.0,0.0,0.0,0.059546374,0.004741054,0.0,1.3464377,1.3006558,0.015836699,2.730633,0.04620112,0.14923997,0.027829763,0.47664654,0.55788076,0.25695565,0.0,0.83649445,0.33687717,0.27456084,0.04130556,1.7724992,0.59516686,0.21209452,0.0,0.009479726,0.080725,0.016628038,0.07899502,0.050826523,0.04535453,0.07024638,0.13901797,1.1381973,0.7127371,0.0,0.14741392,0.22550966,0.0008324105,0.13666305,0.122577064,0.14627166,0.04986742,0.011821226,0.007492519,0.27634963,0.11533198,0.07794642,0.0,0.0,0.014117932,0.47805724,0.0033188036,2.7803447,0.10603817,0.06880615,0.0031211083,0.3007793,0.0,0.23084287,0.029045718,0.4610791,0.06000951,0.33002552,0.009819196,0.03468577,0.0,0.14185129,0.14114784,0.0,0.0727904,0.050923537,0.9392663,0.01905475,6.1742115,0.5031132,0.20869294,0.0,0.051013153,0.0,0.053915247,0.13607603,0.3040568,0.22512728,1.5811449,0.0,0.45367804,0.395045,0.5846964,0.0,0.30449077,0.47834167,0.12369854,0.46522522,0.012496503,0.8296879,0.0,0.31097108,0.1535901,0.25075534,1.2671368,0.0022017304,0.14474279,0.12168503,0.06915181,0.029743634,0.3467537,0.104515105,0.010637089,0.0,0.004190076,0.14057587,0.17780873,0.024702862,0.0,0.00010957319,0.27636507,0.0217668,0.15852572,0.26477486,0.73806995,0.08271296,0.36047557,0.027588936,2.6576226,0.0166427,0.1636298,0.0038568915,0.0053881444,3.8196914,0.004145726,0.35783046,0.0,0.22216205,0.19268572,0.0019005955,0.44033858,1.8139396,2.3308008,0.17527759,0.0067161024,0.082862325,0.8108091,8.731729,0.5136116,0.004292184,0.15909807,0.08157001,0.0,0.12351993,0.17651927,0.1952816,0.03242548,0.0,0.019877562,2.4320936,0.044585325,0.34683055,0.11638358,0.0,0.0,2.8529007,0.08782191,0.013418178,0.70572966,0.0,0.0,3.1577568,1.013687,0.22353467,0.0,0.07498262,0.09484072,0.06308033,0.08124436,0.0002962512,0.14980984,0.040436618,0.20248175,0.018121064,0.19213155,0.0,0.3224387,0.0072825365,0.22496468,0.095391564,0.75313455,0.005473956,0.0,0.0,0.0,0.01538854,0.24794072,0.0,0.03173866,0.5472286,0.0,0.1928714,0.118569955,0.0,0.45756173,0.008425918,0.10850856,0.021542795,0.0019329885,0.4058937,0.0,0.008826603,0.4301116,0.2825899,0.019274274,1.4670055,0.010871845,0.016043391,0.004916422,0.12052333,0.07636909,0.011616239,0.19289505,0.0,0.24001595,0.0,0.0,0.10640477,0.00932572,0.055520687,0.36359754,0.08239245,0.011759213,0.41429543,0.0012768836,0.4220743,0.30890635,0.042159215,0.026250128,0.0,0.15454186,0.020093344,0.14755307,0.005402425,0.072990686,0.4426532,0.03146774,0.13383171,0.00014539888,0.45826396,0.12550218,0.044677123,0.7228789,0.0028600423,0.039027736,0.0,0.0,0.019786656,0.02238599,0.07980255,0.008872657,0.04730479,0.08636443,0.13743378,0.48007157,0.33740702,0.34579614,0.0,0.000553664,0.14741528,0.048665907,0.0,0.0,0.009347392,0.004771181,0.03264737,0.72592735,0.019354153,0.14958487,3.5051067,0.083313204,0.11237445,0.0,0.10934556,0.6615527,0.4006399,0.010178487,0.0841219,0.38745272,2.1520286,0.0,0.7940122,0.0,0.024353854,0.32162493,0.059160136,0.0,0.0071676127,0.07638424,1.0622799,1.8327068,0.0,0.15267798,0.039573487,0.44248223,0.053669535,0.1125711,0.018991223,0.011463262,0.021919843,1.2500322,1.13133,0.06827768,0.017799146,0.24381824,0.0081588365,0.05627513,1.1258413,0.0,0.24287707,2.2082982,0.019095631,0.1463141,0.0,0.0035901705,0.030199775,0.0,0.0,0.0,0.6436429,0.89584315,0.0629212,0.20968176,0.1340322,1.6128991,0.92844754,0.004926693,0.27070293,0.48767567,0.13949947,0.0,all_pothole_images\pothole_images_enhanced_75ba36cd4c8588dbc0d6f1f6255fbfcf.jpg
3.4761548,0.71353763,0.4427695,0.2954651,1.0169135,0.062241208,1.3157173,1.2761965,0.43963808,2.0598922,0.20093994,2.048749,0.0,0.7676569,0.11272899,0.6387392,0.37463844,1.0805584,0.9848224,1.067056,1.2667669,0.19398794,1.3637911,2.8679729,1.3202806,0.4890314,0.28901735,1.614174,0.042835616,0.072660476,0.7478415,0.0,1.2703992,0.6484917,0.41908863,1.7532082,0.050790153,1.3148605,1.3234931,0.64413065,0.079484954,0.2672681,0.5803344,1.0080166,0.17739895,1.0623093,1.3120472,0.18632905,0.1320333,0.4760296,0.9116552,0.863997,1.0540023,0.07819102,0.34283483,0.3223905,0.537167,0.07780843,0.7026007,0.96124095,0.35067883,0.09653407,0.33536428,0.3589772,0.9360592,1.0186793,0.9229826,0.49270123,0.2634201,0.09439571,0.26636326,0.6337183,0.13688354,0.66921264,0.2330755,1.2975751,1.3450552,0.30469394,0.036541644,0.17760299,1.2063434,0.075858325,0.5853547,0.89995015,0.44823766,0.30899778,0.15412708,0.37847167,1.344005,0.30261326,0.008301089,0.12660024,0.5316224,0.00020678039,0.46023285,0.9311677,0.9934265,1.7563834,0.15802103,0.21168984,0.7650646,2.3281224,1.9155278,0.0674848,0.9844038,0.48096472,0.01928062,0.39970347,0.39934316,0.5855443,0.10029742,1.49219,1.4262393,1.5934415,0.95572335,0.7566854,0.071243495,0.0,0.03415334,2.3674932,1.9199132,0.6385273,0.3050052,1.4826463,1.4150263,0.49888486,0.7722814,0.9681125,1.6246791,0.030253828,0.47061935,0.3165589,0.5649347,0.06106024,1.0935614,0.57001007,0.63130593,0.24318781,0.41523677,0.005936052,0.43930808,0.33824936,0.721798,0.6566246,0.5266106,1.8214006,0.88006806,1.4162852,0.022444502,0.398386,2.6588845,1.164729,0.0,0.0069799335,0.36583257,0.43037948,0.16110922,0.033142913,1.1730514,0.06813121,1.2646368,0.6689117,0.12436209,1.9973335,0.15053566,1.0176691,1.0035014,0.23304662,1.1607642,0.43185705,0.45012805,0.91709524,0.5750613,0.62092996,0.45602804,2.3545551,0.59922075,0.4302516,0.0003480595,0.10451206,1.513252,1.4189931,1.0119411,3.01809,0.7753551,0.0043250457,0.026069283,0.79621,0.7047423,0.03058713,1.7972246,0.77895254,0.06936516,1.0751373,0.21994497,0.20235987,1.7240918,0.16568844,1.0241312,0.6391866,0.6294121,0.75495917,1.4543017,0.23503362,0.22196117,0.51401365,1.0798868,0.079415634,0.7280029,1.773146,0.0,0.060836334,0.077643886,0.42182198,1.2856809,1.261751,1.7974068,0.05326429,2.1270092,0.23745424,1.8231313,0.23853146,0.061186478,0.8062867,0.0047044186,0.5730931,0.105891585,1.5762945,0.08009231,1.0093902,0.031010302,0.12218852,1.8162664,0.075437576,0.24467067,0.13956802,1.9469228,0.23122527,0.1129374,0.2345999,0.19955756,0.043110974,0.6280279,0.846117,1.0568109,0.0146389175,0.9301748,0.30735224,2.2628956,3.1625297,0.14687803,1.482002,0.5240092,0.010380222,0.19249687,0.4799205,0.44458216,0.51584494,0.26145908,5.132091,1.3037434,0.13707298,0.31591135,0.6603951,0.074488394,0.35005432,2.1617568,0.579581,5.2840986,0.327495,0.14403999,0.2292728,0.8772835,0.5904537,0.7083304,0.45979995,0.008552452,0.11330826,1.7963753,1.7823486,0.95959437,0.9645038,1.0554821,0.13255544,0.5670629,0.108325295,0.8797763,0.9374388,1.2097509,0.012660894,1.0733032,0.52748007,0.9717448,0.24989812,0.124531426,0.07502171,0.9724417,0.3884812,0.36124158,1.3254905,0.9938589,0.10254219,1.3259501,0.11663111,1.6864046,0.0,1.0548842,0.014265055,0.18435614,1.471486,1.077249,0.5400913,0.9153321,0.6076806,0.4442897,1.373116,0.13522963,1.770047,1.0716105,0.69341075,1.4143683,0.72866666,1.2487116,0.65249604,0.15198074,0.30796686,0.027524298,0.4367715,1.9013098,0.16368246,0.21956158,0.17892882,0.0043106047,0.2988131,0.23337951,1.483603,1.5354848,0.03128194,0.204142,0.44016436,0.76999944,1.1528918,0.5445511,0.4949227,0.34798127,0.55376107,0.67984164,0.18099722,0.26369306,0.07619803,0.07507472,0.2519329,0.24633956,0.35144368,2.0955524,0.26158923,0.8451878,1.3502097,0.045984875,0.9023929,1.44835,1.7113949,0.43250328,1.4242117,0.2067868,0.13955824,0.6614897,0.23114815,0.6572868,1.270511,0.35622445,0.30767173,0.21495262,0.03034715,0.8916324,0.09958137,0.23166773,0.13607676,0.4681218,0.50052273,2.0257294,0.73120457,0.8227626,0.16992368,0.37464973,1.6937495,1.6144131,0.0031147962,0.0192499,0.73433995,0.51763076,0.31355754,0.24068369,0.41316712,0.5920463,0.35588238,1.7937607,0.022685727,0.2325942,1.0583783,0.08083324,2.655391,1.4805168,0.8641454,0.58477056,0.30272272,2.8826947,0.53175354,0.2613607,1.0733453,1.2483923,0.17226095,0.15247121,2.1127248,0.08466037,0.5214978,0.024372557,1.3876268,1.1937003,0.13538139,2.512444,3.0504742,1.4164736,2.0761163,2.5453079,0.0374151,0.5284374,3.4692967,0.36516917,1.9336485,0.013860464,0.16013329,0.25283417,1.1165683,0.11885002,2.219452,0.0,0.3538235,0.020374978,1.0081248,1.0236965,1.0330383,0.04773978,0.22349891,0.55495906,0.1392922,0.88427764,1.0947856,0.032409195,0.36494166,1.3143348,0.5160082,1.2746167,0.3004064,0.3679058,0.3550305,0.58578986,0.547412,0.16306378,0.49516085,1.2124226,1.7486466,0.73615795,0.42906862,0.33823153,0.38627818,0.25895423,0.0,0.40415618,0.06995559,0.678313,0.11086976,0.013231309,1.2369148,0.58962435,0.21070836,0.50070596,0.5703575,0.029238002,0.16559021,1.1071545,0.44257176,0.06373275,0.87925416,0.07792411,0.58730423,0.6815447,0.1325566,0.66615725,0.00085177174,0.8591433,1.6240039,0.21967332,0.91834986,0.14764209,0.20563991,0.1776118,0.265507,0.6499573,0.32238242,1.9198705,2.4191375,0.0,1.7550223,0.80302775,1.0985582,0.32437846,0.14805496,0.34379902,1.5560987,0.18971725,0.10016387,all_pothole_images\pothole_images_enhanced_75d21e0adadd60a72e1f350d4bc08d59.jpg
0.32579827,2.3140023,1.1105328,1.1701419,1.9213356,0.07809447,0.72277296,0.92334074,0.20485175,0.6471395,0.68624955,0.8354407,0.5297294,1.1188588,0.061791077,0.86223197,0.60758585,0.12977841,0.32569253,0.75754225,0.019856479,1.5683621,0.74441457,1.7237219,1.1381909,0.87420666,0.040091425,0.97473353,0.091016814,1.3876739,1.6893073,0.094521075,1.8495071,0.38782096,1.3623285,0.8504967,0.17075628,1.3081234,0.09225001,0.65221894,0.08703557,0.45318246,0.20954737,0.38595486,0.0,1.3524159,0.2510731,0.0036203265,0.7856221,0.685168,0.38040426,1.0158434,3.4440584,1.0180999,0.037174996,0.49707147,0.56149185,0.0077742105,0.15872647,0.39170498,0.49509358,0.2613815,3.002703,0.62827915,1.9641043,1.6003995,0.03928388,0.6060347,0.4409633,0.6686127,1.1374301,0.28057978,0.42184684,1.3279105,0.3657102,0.3966842,0.45303065,0.112020396,0.003391503,0.28060085,0.4250644,0.70490354,1.2798826,0.90691125,1.1363695,1.5294813,0.050828457,0.3806186,1.3465301,0.04831875,0.37857094,0.05034304,0.09206249,0.4112973,0.0,0.26033875,1.6229024,0.5847653,0.34916672,0.35419595,0.47897923,1.1833085,0.61105555,0.002060888,0.03391921,0.5278759,1.3120666,2.703757,0.2727946,0.25530297,0.903182,1.3576356,0.8180691,0.8640471,0.72203684,1.7910187,1.5090668,1.0265508,0.29738742,1.2294505,0.77922237,0.23425467,2.061385,1.266677,0.2564317,0.8741941,0.41693255,0.83310324,0.6797882,1.9580237,1.4117057,0.066592894,0.17952807,0.60466087,0.45126972,2.460469,0.21160269,0.8634733,2.0055459,0.12164762,0.6318255,1.3145795,0.069401436,2.4914932,1.7881706,1.5408045,0.0117949005,0.04261073,0.05206441,0.9102794,0.45133382,0.80436254,0.401561,0.46992072,0.80131793,0.35773563,0.58101535,0.003106094,0.51731,1.0548065,0.79730314,0.91845703,0.11601335,3.3234208,0.7530173,0.38656425,0.0904301,1.4682238,0.7974622,1.2284853,0.68461967,0.9496905,0.6279947,0.56521034,0.25528023,0.019795772,2.392858,0.80124927,0.15962183,0.36814854,0.005598298,1.7852608,2.5696533,1.0963788,1.9692578,0.13918336,0.9310575,0.014855905,0.77628607,0.8134991,0.5195609,0.3396565,0.020751067,1.2477051,0.9930568,0.35037687,0.2315875,0.31233934,0.017496534,2.422273,1.5009934,0.69332427,1.7310483,1.0606174,2.9339018,0.35371843,0.27111694,0.19065806,1.3956065,1.6469274,0.741618,0.8000146,0.9553836,1.2490515,0.7958019,0.6719879,0.8481545,0.22315747,0.8757956,0.1802316,1.0372214,2.355099,0.70388323,0.21519919,0.36713275,0.4827068,2.3440113,1.2087194,0.6321546,1.5429145,0.58493024,1.4960515,0.35510153,0.53299165,1.0565432,1.3429419,0.7102618,0.726094,0.36551532,0.44818452,0.90184283,0.2634752,0.209086,0.4168441,0.88467854,0.14123774,1.1200557,1.9564993,0.90795666,1.1152679,2.0014021,0.0017311415,0.043827377,0.07180119,0.05025797,0.35696372,1.206475,0.34906533,0.72980064,2.5060267,1.2979815,0.96495444,0.39554626,0.13012336,0.29179737,1.1392082,0.002583909,0.8798409,0.5079226,2.163553,0.02126673,0.08654232,0.18083993,0.58231133,0.41660836,1.995434,0.23340136,1.8166018,0.5251898,0.72655064,0.039185844,0.75008875,0.7539117,0.07461407,2.0068471,0.420555,0.2773511,1.5762855,0.46823394,0.103149354,0.22009268,0.017287048,0.28796965,0.69691885,0.78910905,1.2674462,0.78570807,1.5745196,0.44180858,0.17239267,0.0461484,0.3939227,0.23043095,0.46496654,3.8556712,0.6139224,0.10225456,1.0714909,0.32129848,0.65008897,0.041299216,1.0166878,1.8404161,2.2517557,0.08632345,0.1862436,0.7303329,0.38888562,0.49712947,0.7223491,0.5253152,0.2757196,0.3018406,0.010569828,1.8155354,0.1878824,0.6009951,1.3950366,0.5196711,1.0284286,1.5274456,0.1954559,0.26424304,0.26718152,0.48728853,2.5365565,1.1036414,0.8821394,0.32258993,0.13790737,2.3937433,2.1420908,1.0189643,0.44716516,0.18395004,0.19189806,0.32481185,0.34593314,2.1134338,1.8197868,0.012285298,0.9169641,0.34350026,0.15488812,0.52165526,0.050925832,0.7420938,0.6533687,0.931382,0.38447866,1.1621115,0.90789616,0.6106305,0.15253536,0.23328687,0.0,1.0030143,0.80175734,0.32554516,2.4724917,0.93043983,0.049745027,0.3741551,0.75555825,0.1556742,2.0900145,0.9457366,0.47163168,0.5561547,1.0496191,0.63798517,0.5790606,0.38147417,0.45694137,3.0526528,1.1588775,3.5196445,2.5537224,0.27046457,1.1983831,0.46630275,0.76784056,0.15765984,2.8926575,0.15936014,1.3464676,1.2204648,0.12104814,0.5948074,0.3189048,5.230239,0.30645436,0.24655625,1.8892703,0.5119075,0.16550231,1.2115611,0.6507395,0.58092356,0.0802592,0.8489233,0.24231961,0.6479802,2.0418646,0.34132326,1.9277842,0.34185657,0.83801717,0.91885614,0.5368458,1.3131201,0.48781803,2.1702402,0.30673528,2.3730738,1.3355099,0.44790432,1.5857418,1.1423614,0.3088398,0.04895761,0.39787397,0.2404994,0.8815383,0.051944233,2.3409414,0.38147298,1.3194704,0.039547794,0.8307644,1.5200546,0.7252289,0.13713472,0.8648013,0.1987586,1.2781775,0.93243957,0.37318486,0.6669523,0.37533453,1.1418086,0.76277953,1.2353568,0.3250884,0.13095708,0.42882058,1.4718186,0.32848102,0.055577934,0.042934712,0.952587,1.610721,0.41059858,1.0292406,1.1622655,0.5827087,0.5111177,0.042685546,0.24741563,0.8541655,0.37488988,1.2329712,0.81461704,0.47352764,0.45751756,0.25402817,2.6114771,0.35271546,1.9944135,0.104602054,0.46610644,1.622672,1.1818718,0.8529202,0.0,0.6746682,0.7799551,1.2508963,1.4393364,0.40484288,0.40751952,0.86209095,1.0175997,0.13508242,1.5457288,0.43301305,1.0659062,0.15295915,0.41610992,0.029828582,1.6968558,1.3061688,0.114453375,0.8817694,1.2142428,0.094135344,0.1294456,1.4953358,0.6052163,0.42922077,0.7290783,1.1280808,all_pothole_images\pothole_images_enhanced_75f01fc94dc751e89556c1737bd38195.jpg
0.071365915,0.82103914,0.33067754,1.1460649,0.23257893,0.00013420016,0.15907532,0.54773563,0.44410482,0.5229204,0.18693638,0.20772584,0.007670886,0.6061501,0.0,0.5562511,0.021850612,1.2839181,0.41670647,0.1758466,0.027409835,0.26455203,0.1553717,0.17896247,0.24195462,0.8541566,0.10345235,1.0752267,0.0,0.16833097,0.034174208,0.48052448,0.0,0.3842416,0.07056071,0.88363653,0.30120876,0.16582355,0.31605688,0.52074265,0.0,0.5370515,0.03051416,1.6544627,0.28678513,0.036071714,0.27959606,0.018788664,0.5355015,0.2575526,0.13027531,0.43958983,0.29964468,0.43621272,0.008851802,0.5896077,1.4901235,0.09078374,1.3270702,0.34202084,0.008306128,0.2245715,0.22426192,0.33989972,0.1179906,0.7458511,0.19129835,0.37031758,0.00032490055,0.28165093,0.011696229,0.16441208,0.06763724,0.061129373,0.23963866,0.23902005,0.22957894,0.1346753,0.0,0.49199328,0.0,0.20838854,1.335543,1.7946668,0.00798798,0.49497098,0.4760781,0.054651212,0.8191736,0.03277474,0.13333245,0.24589488,0.11905852,0.034305103,0.2659654,0.30676916,0.097451635,1.3154427,0.24776268,0.042050708,0.6623409,0.60202813,0.5420957,0.0021620838,0.5918579,0.08494916,0.0077295164,0.26851016,0.04096675,0.33134636,0.023524705,1.0657237,0.027011564,0.20291978,0.8169211,0.010516506,0.24815491,0.11314691,1.2616088,0.4017671,0.51603633,0.29220384,0.062412962,0.81260437,0.7612731,0.9987132,0.14679413,0.0,1.1163894,0.0,0.008678045,0.5505381,0.054929703,0.09470316,0.12086691,0.089155644,0.0,0.25765732,0.1619125,0.26290378,0.13364135,0.0,0.83931327,0.001116718,0.037382226,0.3568517,0.05274282,0.23925187,0.316116,0.298675,0.69726014,0.04395607,0.050125636,0.02465117,1.3700503,0.22449344,0.12932144,0.036337726,0.08943495,0.3597125,0.24593566,1.6377544,0.4046823,1.6703117,0.054059766,0.06525995,2.448285,0.06511335,0.6666072,1.7451159,0.003495455,0.1357445,0.03598536,0.048889518,0.48213258,0.16141373,0.08783957,0.110510394,0.6667791,0.0,0.0015190206,1.491504,2.1490903,0.09253789,0.4786846,0.054735903,0.06275835,0.2747647,0.29795748,0.93965256,0.0089267,0.108822,0.04667408,0.4371996,0.07217693,0.0,1.493776,0.09162089,0.12337231,0.036707,0.23795104,1.5030229,0.08002355,0.018955318,0.5130163,0.3703123,0.35285774,0.29917884,1.2509167,0.4387376,0.04433979,0.4492368,0.56538266,0.07267936,0.7909609,1.74608,0.57016146,0.14908053,0.0860469,0.40275332,0.40880468,0.5072451,0.08177003,0.88019395,0.260379,0.008090108,0.6229264,0.17698205,1.5628222,0.81140417,0.0031636585,0.02618398,0.20593035,0.0,0.6325198,0.058178335,1.5933828,0.08391978,0.020330016,0.17058842,0.00096562115,0.3897276,0.06100555,0.25464633,0.06849002,0.058040686,1.1993045,0.12897438,1.2858398,5.0255384,0.55743456,0.04068522,0.0062449835,0.039893776,0.25525454,1.1869698,1.2239046,0.23673053,0.0862707,0.8378383,0.0,0.0070144916,0.065124914,0.5903858,0.4513496,0.56122935,0.19524588,0.73016,2.4124289,0.0,0.24497621,0.06859802,0.25744513,0.2790608,0.78572106,0.4405273,0.0,0.25917256,0.012836473,0.14169553,1.8743057,0.548834,0.4529852,0.078055784,0.02464471,0.04866848,0.43640175,0.007310281,0.9417352,0.17877115,0.13680702,0.021782756,0.18206331,0.11021156,0.31442636,0.07176615,0.024958288,1.64596,0.32591745,1.5165218,0.24451372,0.27502492,0.05413386,0.25840557,6.851809,0.4417984,0.0807889,0.021200959,0.36730385,0.40556645,0.03710608,0.4418328,2.7894106,1.0527737,0.3996615,0.5146062,0.15066081,0.47725067,3.890889,0.42161784,0.119471684,0.065623514,0.11962888,0.15019251,0.21765272,0.633045,1.0791808,0.0,0.3460699,0.11426688,2.0216792,0.0011071307,0.03756794,0.13379426,0.0,0.09668924,2.0444114,0.25098926,0.0,0.6032357,0.12876469,0.49377927,0.40686586,0.3120288,0.2517283,0.0,0.0124620395,0.20864798,0.07138912,0.43858898,0.26769617,0.07442217,0.61134946,0.17489727,0.1349095,0.026964255,0.24938284,0.89411646,0.09888252,0.38006184,0.2876113,0.6898365,0.63214475,0.10866404,0.26998425,0.02689343,0.27708018,0.0,0.06583291,0.032291036,0.08956887,0.11460826,0.2893795,0.40587884,0.8838781,0.6292936,0.74307454,0.034235474,0.07021286,0.16132717,0.34697208,0.0,0.3679389,0.2866387,0.68148166,0.11522069,0.6313687,0.0,0.07510228,0.010290176,0.45926338,0.69206727,0.31963292,0.6944622,1.8492046e-06,0.052519727,0.21639518,0.57530665,0.08125883,0.079896845,0.48840207,0.122260936,0.06600411,0.52169615,0.25006306,0.03629079,0.0058291345,1.5283594,0.15659864,0.23680072,0.093099736,1.0117073,0.008916938,0.015647067,0.29712817,0.08093901,0.4706051,0.07702623,0.33066082,0.0,0.85144335,0.05607348,1.1590327,1.1025168,1.0919571,0.148804,0.3509304,0.03415767,0.004823259,0.028370997,0.44776008,0.4502523,0.2623783,0.054341625,0.31963995,1.6322526,0.09932944,0.0349393,0.106286146,0.28653747,0.0,0.429656,0.15061502,0.0,0.011079066,0.006734942,0.2726458,0.18758272,0.019416697,0.2932413,3.3289542,0.07037149,0.03198785,0.11151134,0.43948868,1.3371439,0.29210648,0.14350879,0.06142164,0.9219892,1.06507,0.0,0.282309,0.059771672,0.07389174,0.193735,0.04935556,0.10207405,0.0009395391,0.54319847,0.5121558,1.2172368,0.08726665,0.0,0.041481026,1.087314,0.011378089,0.3908033,0.009460992,0.03152577,0.24765876,0.88345784,0.1441092,0.13865915,9.3574214e-05,0.26455745,0.19619381,0.4379395,1.1088388,0.1215911,0.36603382,1.3410791,0.35072842,0.2765158,0.011943464,0.0,0.09901718,0.16074403,0.006524896,0.08150497,0.61749727,3.2068481,0.12783149,0.45361698,0.03511614,0.3397525,0.4100674,0.44239628,0.18174548,0.08012432,0.6028063,0.33900756,all_pothole_images\pothole_images_enhanced_75f3d355cf6cd206dccf320ea1ee1efd.jpg
0.30957192,2.3328903,1.4033402,0.7429792,0.37011337,0.31377524,0.57633626,0.10923974,0.55597025,0.613295,0.5515884,1.9430422,0.3150292,0.26865768,0.15768808,0.7307318,0.20273994,0.41750926,0.32913533,0.84842557,0.50176877,1.3645113,0.42148724,0.6258459,1.1577134,0.5704883,1.432393,1.5334193,0.23694956,0.7334073,0.32033277,0.1873922,2.132633,0.16997144,1.1429781,0.96807504,0.99198735,1.13491,0.34506035,1.0391808,0.030270735,0.6511259,0.65771395,1.7902796,0.3045937,0.8449196,1.122428,0.012889346,0.1670283,0.31924784,0.020374024,0.72269315,0.22703466,0.35997808,0.82243806,0.77187705,1.6624367,0.4663381,0.23327275,1.0354586,0.5591233,1.3459482,1.0445279,0.43382025,0.14716701,1.7870165,0.4149075,0.8393051,0.19369762,0.9488389,1.8096528,0.8541815,0.39363155,0.60880595,0.5842312,0.22219776,0.86587226,0.7399382,0.028149918,0.23979545,0.81622446,0.37815964,0.10100331,1.3965262,1.1817789,0.33385873,0.24255785,0.15142791,3.1921647,0.14257193,0.12369458,0.58852184,0.46446452,0.19710277,0.31705862,0.120792486,0.87507105,0.9841444,0.93120784,0.82963943,0.17860831,2.2873614,2.3571305,0.2810836,0.13347846,1.2414769,0.7119013,0.546637,0.541682,1.2207485,0.7897983,1.2947406,1.5539151,0.43458232,1.9859538,1.3227531,1.7946762,1.4728459,0.5898527,0.7543984,1.2958803,0.18032971,0.3137503,1.0188775,0.34718665,0.85359806,0.89952075,1.3526533,0.8602972,0.60527873,1.2521547,0.59124273,1.451235,0.0064180186,0.024049798,1.6850411,0.15283704,0.51591414,0.42326906,0.22206143,0.43569672,0.76942706,0.27437723,0.33455503,1.3587824,1.4853523,0.298747,0.37800387,0.54785025,1.6029019,0.45454592,0.72506493,0.25554523,0.20751147,0.41065854,1.7009336,0.2642704,0.012800882,0.599072,0.07519188,0.9684705,1.1671622,0.16923164,5.811371,0.17504542,0.18471643,2.131787,1.0802749,0.047407027,0.31411296,0.4478665,0.32728028,0.7560727,2.8038006,0.24778202,0.13441241,0.37634316,0.17222944,0.6619358,0.16683851,0.27501848,1.610685,2.2099297,1.2039657,1.3616333,0.0,0.13315788,0.8532511,0.26498052,0.48232758,1.0458773,0.040798385,0.73313826,2.3243248,0.48173726,1.0308993,0.59024924,0.3324465,0.2926687,0.51433724,0.06713939,0.86688006,0.32101545,0.8541409,0.7884258,2.1211593,0.6969684,0.57003963,0.53128386,0.04419439,0.3993606,0.42087975,1.0108885,0.3533406,1.3700407,0.85244024,0.74944174,0.073778324,1.6330521,0.74332696,0.78691566,0.19973806,0.50110775,0.0861031,0.60074043,2.2457864,0.9958093,2.3924205,1.9105463,0.92454946,0.5189056,0.79023445,1.2481208,0.41556907,0.27713025,0.016476609,0.82832974,0.45369926,0.15305687,0.34856328,0.29356003,0.109388955,0.52597255,1.0159261,0.2715452,0.70558536,1.1036236,0.30475172,0.72932696,1.9434141,0.117320284,0.18799642,0.6236825,0.5084718,0.05851397,1.8525937,0.39464712,0.17086095,0.5348392,1.429624,0.3163589,0.31888196,1.041898,0.22371584,0.81822157,0.5496424,0.31150675,1.7124257,2.0549695,0.30895194,0.35772076,0.0,0.11073108,0.16733788,0.006608413,1.2204523,0.03347168,1.0196611,0.76026684,0.52570134,0.46597648,0.27996626,0.32414243,0.65324515,1.1895069,0.182982,1.3535274,0.49152255,2.8629832,0.35820743,0.15703575,0.78099364,1.1697633,0.29996783,0.29184678,2.4369855,1.079188,0.4806529,1.339726,0.47721887,0.497787,0.47227108,0.08950609,1.3432403,5.092605,0.12170661,0.032458264,0.46061006,0.55142707,0.37374127,0.41569272,0.847799,3.7268386,1.7927262,0.15505733,0.85792744,0.6373023,0.079534374,1.8513249,1.1695793,0.31622463,0.11209733,1.2979374,0.078902006,1.3588328,1.1632932,0.63570213,0.02862285,0.4128917,0.5134923,2.7194269,0.3923434,0.3334904,0.27833256,0.54610234,0.09469498,0.40296173,0.46144828,0.6450289,0.40920702,0.07314727,0.41009015,0.5834564,0.29460165,0.6463484,0.09891673,0.16921623,0.03530483,0.2198341,0.17308752,0.54515725,1.0903424,0.9604325,0.841847,0.05737177,0.28077766,0.3818143,0.169486,0.52937126,0.22808146,0.63581467,0.7831922,0.037209716,0.22883008,0.1405851,0.3803443,0.3578834,1.9477582,0.2983361,0.090866074,1.3419302,0.34918877,0.8474865,0.8579758,0.046409182,0.82295924,0.4273411,0.28984523,0.1863278,0.5828781,1.352873,0.23332255,0.9866698,1.2124224,0.87669635,0.7996871,2.9816594,0.22717203,0.2670438,1.3763773,2.2803316,0.6024538,0.20083646,0.23539779,0.03798208,0.2451938,1.2666651,0.06533894,0.15755212,0.11312015,2.153364,1.1790675,0.029347293,0.65413004,0.5449776,0.16182281,0.4914734,0.5803175,0.8246214,1.0028412,1.1722234,0.44358528,1.0309632,0.86447716,0.13120572,1.4186275,0.5904881,0.66706896,1.6824067,0.24470274,1.3590001,1.4358518,1.7824972,1.8106431,2.0072498,1.1819232,0.13745378,0.5357904,0.1802351,1.5980242,1.7677529,0.0025339746,0.30701083,0.46478832,2.3828022,2.0474684,0.65396273,0.7847279,0.5971432,1.535169,0.38316852,1.1065768,0.13401794,0.5312421,0.025837017,0.05410195,2.0736706,1.6216843,0.72236073,0.67233616,0.95672953,1.4720715,1.0508822,0.82655793,0.93190104,0.5718888,1.4427048,0.27824444,0.6493825,0.58448726,2.6171663,0.045808412,0.3619913,1.1042004,0.060329,0.8633345,0.028404888,0.010338952,1.6090378,0.69888276,1.7549744,1.4070913,0.17451136,1.9337505,1.0318909,0.38366732,1.0785066,0.28034508,1.1391408,0.17293149,1.127257,1.8908974,0.86379296,1.9974371,0.22579107,0.047811437,1.498,0.18453613,0.22570206,0.48812488,0.42152208,1.7155706,0.47442964,0.24883534,0.020705115,0.86031246,0.4260865,0.5060096,0.013187547,0.021835526,0.8392876,1.9886755,0.57404846,1.7277044,0.7209717,0.70668215,0.36681855,0.4800264,0.6878349,0.0041207005,0.2535507,0.12139318,all_pothole_images\pothole_images_enhanced_75ffed6b3e4a597552aa7273b1114df9.jpg
0.6422172,3.2010255,0.9497398,1.385043,0.5958858,0.11862562,1.3200434,0.22969835,0.3854669,1.5128866,0.19994576,1.3915448,0.029652616,2.0863657,0.39898744,1.025824,0.8025661,0.8416213,2.9182994,0.7296298,1.4880089,3.4386005,0.24792089,0.93410337,0.11866071,1.3359346,1.1230769,3.6320114,0.4458227,0.44990394,0.70710146,0.017998802,0.24369094,0.10120016,1.0338224,2.6890938,1.3683522,2.5789897,0.6860732,0.8940023,0.21176149,0.39383635,0.36344013,1.7864205,0.7097535,0.89940876,0.21655893,0.087726474,0.37869784,1.0081071,1.8428305,0.37238172,0.11300628,0.33347654,0.26449353,1.9044752,1.571315,0.08970527,1.3087418,0.1414046,1.5587423,1.674807,1.7907197,0.06739127,0.85007006,2.1761525,0.75108474,0.14652914,0.33558112,0.6905963,0.011135654,0.42883518,0.37170935,0.5592813,0.9749026,0.65816605,0.74378157,1.888103,0.2621986,0.3037881,0.7901105,0.026237046,0.40304264,2.199488,0.8681916,0.12527563,0.44395712,0.22832382,4.283734,0.17722365,0.07856487,0.43922782,0.35850245,0.5183125,0.4221329,0.0,0.9680361,1.7310791,1.5220598,0.84178215,0.11130274,2.5721521,1.1507616,0.81940895,0.50753045,0.29836997,0.76786935,0.09708523,0.2962517,1.197972,0.10972425,2.7962222,0.632693,0.13351062,1.4111493,0.41729254,2.2120502,0.78003794,1.8882172,0.8836991,0.3995582,0.3939413,0.28672364,0.65935206,0.8285461,0.24891141,1.8527479,0.9782101,0.42650643,0.41393948,0.43130672,0.2767585,0.6341488,0.16339706,0.10559727,0.5977517,0.26058984,1.0998105,0.4336006,0.050933633,0.6116697,0.041465905,0.2718641,0.5159418,0.85617447,1.1493075,0.9288288,0.040195514,1.4851203,1.4658213,1.6334271,0.49340937,0.0,0.1981968,1.7627305,0.6871953,0.9346366,0.5150132,0.7865059,0.72977096,1.1252948,0.8869498,0.4366688,3.7286053,0.23753875,0.6653504,3.0064323,0.54662937,0.727487,0.38830382,0.4053064,0.4249915,0.2575179,1.1665697,1.412025,0.020902842,0.16530652,0.08014965,0.905596,0.507209,0.2459654,2.0182698,1.6824673,0.955122,0.9830744,0.538307,0.26057714,2.4034824,0.22827366,1.2815775,0.49021104,0.5034513,0.036876004,2.265819,0.03601629,0.04992751,0.8841666,0.49291182,1.3049184,0.52909577,0.03270344,1.1361368,0.5138377,0.34015635,0.7094112,0.328475,0.22666448,1.3487848,0.16859204,0.20067714,0.09228346,0.088049196,2.1599839,0.9928849,1.8185855,1.4927139,1.3074516,0.04775803,1.0432905,0.18289866,1.1194938,0.20177518,0.4432333,0.48904672,0.116593935,1.4896489,0.8232826,0.59546065,0.6873841,0.74476594,0.50714904,0.37723008,0.50712687,0.13203347,0.030959802,0.13980669,2.2579696,0.89318347,0.01355364,0.33229873,0.1218434,0.1772204,0.37115955,0.292874,0.480306,0.13689746,0.8979336,0.001478307,0.93617296,2.635124,3.3588436,0.01274635,0.76767284,0.6601855,0.354748,1.6742067,1.3569018,1.5060599,1.4167776,1.9498873,0.41977248,0.09273661,0.9995271,0.9206647,0.77501285,0.23871478,0.071713075,0.48824492,0.30440503,0.41344294,0.2346164,0.19014823,0.03778594,0.21360128,0.89168525,0.53367746,0.53453684,0.41056776,1.3968645,0.9413452,0.25023794,0.18939917,0.29021493,1.6523023,0.92230713,0.6972441,1.3206971,0.3218422,1.627881,0.65859663,0.33290908,1.2285712,0.4969944,0.3713738,0.24573448,0.29892296,1.1929725,0.9240744,1.1309354,0.98898,0.30741686,2.1433249,0.8533959,1.6871517,4.4043326,0.29117602,0.31547487,0.8971831,1.0933514,1.7518432,1.7154744,2.16958,3.158525,0.69908714,0.8178866,1.2060634,1.4962095,1.2029691,2.1009297,0.28556934,0.0,0.513099,0.42876098,0.025622012,0.8619604,1.7927185,0.09677782,0.0,1.0046861,1.5664942,0.8651491,0.7075429,0.15055872,0.4081178,0.5432238,0.3075906,1.4368379,1.6477594,0.029031573,0.6353889,1.2810869,0.63496125,0.6425515,0.33239698,1.3482887,0.82964104,0.18670261,0.019985901,0.5824246,1.1462768,0.95222056,0.38118643,1.4266744,0.04920108,0.018801926,0.5033014,0.9093013,0.6129328,0.23488827,0.46729806,0.2203738,1.0587565,0.57534856,1.2328295,0.816757,0.53447986,1.720103,0.44060814,0.19478658,0.07353382,0.86308193,0.7268955,1.1269209,0.25379348,0.15694301,0.31416434,0.04321151,0.3253526,0.011307347,0.6531706,0.8790647,0.75475395,1.4657071,1.5713322,2.5680008,0.4891513,2.4180815,0.12535991,1.3829342,2.6405156,3.272289,0.1655368,0.25605065,0.46075672,0.063803434,0.01787385,1.2435964,0.079502895,0.5210699,0.05977285,1.0335164,0.9378035,0.08207634,1.385805,0.92063546,0.01798267,0.5460743,1.5827194,0.73384,0.51989084,0.6671042,0.5126672,0.23407675,0.48843142,0.04190091,0.14697233,0.25189498,1.1073761,0.12603651,0.33816698,3.1832583,0.7841059,1.6259656,2.3785958,2.9447856,0.41778436,0.052494694,1.8035294,0.06994751,0.70272833,0.16899644,0.110852815,0.28101876,1.7137766,1.4634016,3.3805673,0.77891773,0.64525336,0.17163,0.45901668,1.6545074,0.45463273,0.24764715,0.03480245,0.26470083,0.009340576,2.6910238,0.4339337,0.54215527,0.33572668,1.1384394,0.5419502,1.321848,0.86403656,1.0568099,1.4266527,2.05431,0.58504546,0.341926,0.6354675,0.34912294,0.017812943,1.166135,0.17865926,0.69307894,1.0273416,0.37746313,0.26552227,0.68468904,1.1285156,1.1475236,1.8115066,1.2457855,0.63700926,0.37326005,0.6237049,1.374527,0.6294267,0.5355171,0.28814822,0.46126786,2.8763072,0.047904976,0.31372923,0.40608862,0.16300608,1.5955571,0.049523454,0.5511995,0.70646995,0.55545557,0.3993865,1.2476722,1.6176864,0.035151582,0.07597279,0.3508689,0.9647621,0.07444458,0.40984693,1.1605563,3.9432526,0.033115823,1.1238608,0.8700233,0.9012574,0.020778539,0.12435354,0.35175058,0.28291303,0.066654995,0.6263139,all_pothole_images\pothole_images_enhanced_76f08630bf40898d9fdcf3426b185271.jpg
1.3220758,1.7589111,0.4682515,1.1231346,0.15530157,0.8013198,0.59019566,0.0,0.5841834,0.58277935,0.61841446,0.28678548,0.403888,1.2858125,0.26443842,0.25812846,0.21821289,0.08147596,0.54783225,0.48642847,0.45006523,1.8947781,0.2540257,1.2149949,0.75820094,0.2361115,0.6325521,2.0812938,0.13103655,0.76166725,0.8810379,0.12755138,0.54468673,0.4037833,1.0880404,0.008110989,0.26924494,0.7754156,0.03834839,0.692519,0.0,0.1622684,0.16590554,1.6739573,0.53728104,0.012485599,0.026982589,0.26938698,0.10117464,0.5891392,0.24637073,0.31677505,0.9003161,0.20300063,0.30975586,2.1124816,1.8194003,0.49464765,0.4348815,0.5593239,0.15274696,0.4104518,0.48923633,0.02823179,0.55150294,1.6700714,0.38641772,0.45066363,1.0631807,0.90110403,0.41714388,0.7815965,0.82752925,0.5883771,0.28251714,1.1146734,0.17540932,0.34187078,0.0,0.40506974,0.5138119,0.43363088,0.0065726894,1.7295779,0.58539224,0.580742,0.38770536,0.38287437,3.4702098,0.28988424,0.22495352,0.20498689,0.5585289,1.1208067,0.09111646,0.18328293,0.23065722,0.59674126,0.81705767,0.84046865,0.08384506,0.94615185,0.24836501,0.5423334,0.51308286,0.6310582,0.66205424,0.09904093,0.025917426,0.8531841,0.08207874,2.1214058,0.32094568,0.44320062,0.50916404,1.2655947,1.8827052,0.20803365,0.25991789,0.27645683,1.5022343,0.38603717,0.8416304,1.1614623,0.868276,0.55874723,0.3418249,0.5579083,0.13987127,0.4743691,1.1549608,0.5193075,0.39878923,0.4927595,0.23598792,0.8356306,0.4461831,0.5473634,1.0428352,0.44016522,0.11305892,1.3466314,0.22059491,0.69068056,0.2689702,0.9469534,0.5170427,0.01393104,0.6759121,1.0391054,0.13759549,0.45693985,0.0,0.49503538,1.037615,0.3272548,0.5528096,0.115584835,0.42792764,1.0319872,1.6137614,0.3490461,0.06376577,2.8332725,0.22844005,0.43701217,1.6768976,0.16849037,0.2157994,0.8459466,0.083792,0.00024685203,0.36403477,0.92558515,0.70262796,0.14833142,0.77393425,0.026345642,0.056976058,0.74781364,0.26768604,2.148029,1.5851232,1.0760419,1.0026301,1.1166025,0.066484064,0.077818625,0.5792735,1.0980068,0.73550683,0.8978732,0.44645083,1.5933849,0.0065814503,0.06301129,0.43185094,0.689441,0.1483316,0.9692549,0.048198126,0.58011526,0.0,0.23837733,1.3879925,0.73283213,0.7915258,0.23809592,0.32774267,0.009059204,0.26270962,0.47110853,1.0518234,0.21814533,1.2013785,1.4409726,0.51818687,0.38014874,0.41502863,0.15327267,0.8547354,0.2074898,0.77383435,0.8669322,0.711837,0.919691,0.53891724,0.7545271,2.0133078,0.038708493,0.29406002,0.49277845,0.44248447,0.37078297,1.5271347,0.55205935,1.242954,0.09882825,0.0090920385,0.0,0.04691441,0.37298942,0.18665771,0.17387326,0.38612434,0.05878859,0.7561558,0.34216562,0.20769751,2.9709191,0.43709174,0.17406876,0.4482881,0.16291098,0.24726741,0.0,0.7264965,0.9809212,0.50365514,0.87482196,0.20795934,0.18521401,0.83434254,0.06506077,0.23963417,0.6527139,1.1687155,0.31013063,0.66129977,0.50209147,0.8241631,0.033510696,0.015066254,0.11552836,0.5313464,0.66023237,0.4109538,0.20745222,0.8109246,1.0921308,0.75354695,0.19033912,1.1941141,0.1826504,1.2585894,0.22616014,0.30409208,1.07303,0.5479969,0.7741038,0.31564975,0.17303593,0.5051747,0.40645084,0.5595409,0.4265203,1.507073,0.4959357,0.5788492,1.8821286,0.32287866,1.1805832,0.046350367,0.8215117,3.533879,0.26473227,0.04938982,1.1517801,0.42180035,0.0015829187,1.0977246,0.041056123,2.9873486,1.2747821,0.2849735,0.42269403,0.3981131,0.62450725,2.1416624,0.6380941,0.40212536,0.3183391,0.056171004,0.24377067,0.722124,0.74858725,0.3202048,0.39832407,0.92868006,0.43076456,3.0026867,0.4440256,0.5456531,0.60321194,0.936744,0.27154532,0.6940963,0.7017357,0.4259276,0.3596986,0.70884144,0.5593533,0.8802297,0.31034145,0.096769944,0.6328346,0.010357318,0.43739235,0.0054179253,0.39665082,0.020907324,0.70625746,0.44689012,0.71509486,0.07502797,0.38923112,0.37925658,0.80025995,0.19440494,0.9675162,0.27940986,0.14912932,0.23446614,0.26904327,0.0,0.26301286,0.57982063,0.14605293,0.22971621,0.19892342,1.4909191,0.95141226,0.5841258,0.04517621,0.999774,0.62275124,0.0,0.5721254,0.7597664,0.05479101,0.38954416,0.21711962,0.1240569,1.8062376,1.9971563,1.9840932,1.126466,0.5423286,0.1678469,2.2998545,1.5915505,1.0161752,0.12349845,0.05837102,0.06572972,0.12901416,1.242779,0.1181408,0.38957486,0.0147387665,3.2729294,0.92832285,0.46590105,0.87872857,0.4498809,0.33770388,0.21049353,0.60042346,0.0019060428,0.5801553,0.17428292,0.54745585,0.47945955,0.26762277,0.007161813,0.7771381,0.7549616,0.20654288,0.6664347,0.05572648,0.6471967,0.44701135,1.5218507,1.2260454,1.0358663,0.6479745,0.80100983,0.74784976,0.54574275,0.28526834,0.049278695,0.4359854,1.6430905,0.67550695,0.033542354,3.2315927,0.5253204,0.85619074,0.24884117,0.21784,0.79760766,0.057467315,0.33540002,0.365639,0.053543296,0.09606422,0.9061746,1.0894431,0.25550866,0.47813097,1.8451223,0.275002,1.0522084,0.51013404,0.072036676,0.37757212,0.24286057,0.52135,0.049143847,0.95336187,1.5056276,0.10171004,0.252124,0.19874264,1.195087,0.46918008,0.69067305,0.23780859,0.20665818,2.0847309,1.0485876,0.76673174,0.091829866,0.21520396,0.5814043,0.48816502,0.26318675,0.8733153,0.30093792,0.2021894,0.68781877,2.2927563,0.65382254,0.5435667,0.02704468,0.5769474,0.45371634,0.47286636,0.2176677,0.040956702,0.95926714,0.5357441,0.26959744,0.010226584,0.14600606,0.16784929,0.8348662,0.026563955,0.16402844,0.13132572,0.39279002,3.2680583,0.50315523,1.1824538,0.36277863,0.3472706,0.24584593,0.6331792,0.6927574,0.24778783,0.08221515,0.1061789,all_pothole_images\pothole_images_enhanced_76fd41bdf71a5e6fd4adf2468c38f6d6.jpg
1.2320004,0.76997536,0.82755136,0.88405967,0.28146163,0.77739793,1.2623833,0.72242254,0.20857915,0.30189946,0.87227875,1.0514877,0.8773894,0.103591524,0.020419205,0.18755798,0.0028102035,0.98839176,0.0372369,0.44503254,0.29490754,0.061490778,1.5183407,1.6419736,0.63388085,0.5251633,0.6361685,1.4821854,0.22532523,0.06024413,0.37778547,0.44761002,1.4000005,0.97394437,0.88945895,1.4322402,0.24726865,0.30886477,0.93609345,0.88992274,0.004726157,0.32050583,0.32095304,0.8719045,0.05234445,0.20570408,1.4180706,0.1475759,0.0,1.1319492,0.1356955,0.92041343,0.49025643,0.028323209,0.12716612,0.221008,0.28199673,0.107228234,0.38566533,0.42085373,0.38763085,0.123758584,0.28335327,0.47268972,0.6680819,1.0515009,0.095559895,0.7192992,0.040892895,0.08503761,0.56898326,1.0876429,0.147931,0.02887811,0.0020415199,0.012404717,0.15454057,0.29027882,0.0044005318,0.11451989,0.6015286,0.62492,0.4294125,0.30643559,1.2346846,0.25784987,0.18259844,0.0,0.17776021,0.24144834,0.041306756,0.7655484,0.50690067,0.0,0.4624151,0.20976543,1.4840558,0.15412848,0.41398674,0.30649376,0.018652458,0.34910116,0.9704951,0.032351602,1.3386389,0.36717173,0.0,0.8059292,0.037637845,2.2025633,0.03492716,0.6395644,1.6165946,0.7563953,0.7217898,1.0116113,0.1278716,0.4618186,0.00465644,0.1996846,0.05859126,0.15963477,0.21114495,0.5301918,0.11865059,0.15600887,1.2155381,0.09766725,1.209764,0.13403383,0.43976206,0.17872576,0.18869433,0.087392785,0.0002748903,1.8549792,0.053365573,0.073893,0.083601356,0.13445328,1.3159039,0.00096906954,0.19537741,0.6099975,0.7386385,1.6085304,1.0040952,0.863599,0.03727218,0.045917973,0.03428728,0.65173244,0.12119758,0.0,0.43310258,1.9301944,0.9168246,0.010622358,1.5498729,0.046924096,0.2672485,0.20928147,0.0014193475,1.7552247,0.13119908,0.4405003,1.1004517,0.7844145,0.27043346,1.0873108,0.13920027,0.72036976,0.40158927,2.3501503,0.11737716,0.79960555,0.00058411976,0.5013457,0.26155996,0.5795866,0.24028009,0.44423968,1.4133303,1.3045341,2.3102813,0.0,0.07291984,0.619224,1.6247721,0.23071997,0.22831294,0.24980545,0.47944564,0.35394987,1.8005557,0.031005353,0.97289187,0.5551166,0.68840414,0.108219065,0.038494494,1.1699555,0.14303197,0.07721971,0.2859219,2.115205,3.418429,0.18257731,1.4219747,3.3711529,0.0,0.003852071,0.33071446,0.08711295,1.3696532,0.83253443,1.600758,0.87576777,0.18315007,0.0,1.6676368,0.98671836,1.1436671,0.22254474,0.043483138,0.6885702,1.1974082,4.1198587,1.7240471,1.6984303,0.24765407,0.14579506,0.90532464,0.5965928,0.020565867,0.401502,0.7493251,1.077145,0.23161198,0.3820057,0.03465459,0.015660018,0.51833785,0.26404706,0.06359701,0.3226078,1.1433324,0.70654196,1.8778125,2.6179187,0.054259,0.45989564,0.25661582,0.33111516,0.18954507,1.1729407,0.25159898,0.26073715,0.08406167,1.1672467,0.55875456,0.6316928,0.03151823,0.5302711,0.121335894,0.39070082,0.9556011,1.6003299,3.8118417,0.372013,0.140904,0.0013961024,0.07101176,1.2279106,0.9332769,0.51588404,0.008244737,1.1611177,0.18418565,0.115573786,0.6530524,0.19835885,0.44237474,0.051630832,0.04051559,0.05858495,0.6259217,0.20136833,1.6052517,0.3148299,0.2747929,0.5553314,0.4750935,0.20731065,0.10943044,0.76039684,0.9445838,0.35173243,1.2266507,0.5938319,1.033835,0.43263367,0.009897721,0.051920243,2.7265613,0.0034413382,0.33055472,0.0007698007,0.05201384,0.15760389,0.24625817,0.03561632,1.2188662,1.0734742,1.8923405,1.1769286,0.06958178,0.14311628,2.1712615,0.43553576,0.8263977,0.1374208,0.7331348,0.17254844,0.10794241,0.39090633,0.52526283,0.016119434,0.978501,0.42713,2.5927687,0.3786178,0.9475177,0.08342998,0.007652307,0.0,1.871271,0.12665051,0.31548274,0.19294168,0.056688152,0.9083669,0.57656693,1.9466559,0.5582639,0.1584046,0.27968717,0.6168589,0.010915562,0.048070762,0.6374037,0.69710344,0.31760818,0.4270303,0.3505858,0.1619602,0.47478557,0.06731122,0.5379768,1.2390996,1.816446,1.0581374,0.08616925,0.31663877,0.10243677,0.019550491,0.32410854,0.6032422,1.2567943,0.5615988,0.013991457,1.0177997,0.5726858,0.33694664,0.30944216,0.10025282,0.15633722,0.61810327,1.1476772,0.14517243,2.75071,0.25457764,0.2003718,0.50031394,0.8843659,0.009289818,1.866081,0.11887436,0.12783568,0.19568144,0.7239578,0.94347566,0.0389493,0.07305011,0.105163805,0.17900787,0.7548026,0.030043248,0.36104175,0.41155207,0.1634107,2.7615411,0.3664773,0.046195954,0.52478695,0.0,0.8058356,0.44447315,0.04628748,0.6173613,0.449905,0.114920266,0.0072150035,2.5288472,0.21756352,2.4319787,0.75085855,1.3049192,2.0874245,0.0016578215,1.3661623,0.8746036,0.27148786,1.226039,1.6892521,0.6463908,0.46883768,0.48064703,0.32273787,0.9141252,0.033834703,0.101051874,0.14718133,0.3088587,1.2183596,0.38108727,0.07941679,0.0,0.1411118,1.1826167,0.5059073,1.4544547,0.0369357,0.05104181,0.051457856,0.18434335,0.44422624,0.9307116,0.03278262,0.8079642,1.8932208,1.3764602,0.88779455,0.5146245,0.21141118,0.6817455,0.38804224,0.077886745,0.028659277,0.0033728841,2.1973917,0.18271847,0.16381995,1.0214638,0.2959173,0.8538854,0.03333892,0.06950189,0.2650888,0.11754492,0.5323806,0.35848227,0.063608356,0.7134721,1.3614954,0.0012879025,0.8750558,1.0973696,0.20399171,0.1225191,0.5825661,0.20131296,0.20713833,0.5978163,0.17831393,0.18106562,0.609516,0.270014,0.5283247,0.02510361,0.37610555,0.26043344,0.0,0.31038186,0.025532352,0.7517009,0.13267633,0.16343251,0.10486028,0.3651533,1.1867069,0.8386297,0.17343768,1.7658931,0.6945117,2.1228216,0.34203377,0.09044009,0.10429892,0.36036634,0.3972489,0.04401977,all_pothole_images\pothole_images_enhanced_7744e8066d838fafa4bb1abf943598a6.jpg
0.025165085,0.69399476,0.1412494,1.8987937,0.22253135,1.063979,0.5010485,0.10748855,0.21353614,0.23104282,0.24024503,0.13924785,0.22030406,0.38705546,0.026852023,0.4786861,0.14118934,0.12451555,0.557158,0.0048924563,0.75600106,2.1497688,0.9180428,0.16636734,0.6371414,0.11102325,0.004847966,1.9432744,0.11718558,0.05698925,0.301839,0.79480565,0.6049751,0.16698602,0.62940866,1.212538,0.2335766,0.5335434,0.14747536,1.4409342,0.21901947,0.016617948,0.36970997,0.1314787,0.7612112,0.08038748,0.3022852,0.14627849,0.3487215,0.9355751,0.69374335,0.003395947,0.004058186,1.0807165,0.17606094,1.0171053,0.9480609,0.02873934,0.6795212,0.45858094,0.41431832,0.23394845,0.8117078,0.12803492,0.316573,1.8316327,1.032932,0.036786065,2.0736327,0.019275293,0.0936774,0.03201051,0.3977809,0.085427396,0.9699327,0.85108745,0.36590552,0.46020395,0.08703408,0.18619119,0.0,0.3066773,0.5048408,2.1698315,0.30096105,0.20426944,0.14440948,0.37928903,1.351215,0.36851847,0.0035135373,0.27147946,0.10539845,0.8327118,0.6923213,0.03524325,0.017912189,0.044942398,0.676742,0.2821532,0.44610447,2.1274302,0.47163454,0.009396436,0.077124424,0.09517415,0.3538825,0.27546743,0.20118506,0.30487487,0.051151674,2.1629264,0.09795287,0.16335864,0.8015954,0.09590925,1.0681162,0.2860717,3.9965744,1.394049,1.3253856,0.11325602,0.029547757,1.0645136,0.85049766,1.5954905,0.011310756,0.36939722,0.25649452,0.19066538,0.6943401,0.0,0.149505,0.15395296,0.13451394,0.5573234,0.2623181,0.84291774,0.62134165,0.021084318,0.11553366,0.73569196,0.2078124,0.60186374,0.0,0.4478109,0.0801407,0.0,1.0846819,0.6138753,0.33174655,0.06297159,0.5516028,0.14300902,1.2766242,0.5869386,0.6587807,0.123964414,0.009707065,0.82907975,0.20153388,0.3219799,0.28049403,1.9003643,0.0,0.7596644,1.2269952,0.029764058,3.219643,1.6013222,0.0,0.0,0.0,0.03201874,0.6058715,0.0285539,0.0,0.009817697,0.41577294,0.12997162,0.024670608,2.843437,1.4188575,0.11819987,0.776142,1.7081896,0.1503516,0.5110504,0.6223247,0.5509951,0.22334711,0.026062861,0.0,0.4028928,0.74073136,0.053587906,1.080101,0.43653098,0.7180572,0.13704227,0.4751094,0.26961264,0.07873019,1.2563174,2.0969565,0.17095861,0.18050957,0.61456263,1.350901,0.48495466,0.0,0.0146627,0.575622,1.7923627,0.9361159,1.2031738,0.23353642,0.040437933,0.3183629,0.7040105,0.12999266,1.1275653,0.9267161,0.9311503,0.029088624,0.0803427,1.0574408,0.06520273,2.5038946,0.444233,0.031673256,0.0,0.12893717,0.0969604,0.68829024,0.19596039,1.1693717,0.008278219,0.053862777,0.21866623,1.3856758,0.57886606,0.0,0.036732454,0.32126468,0.06031697,0.78615266,0.111694224,0.0,4.4369407,2.000092,0.29944375,0.42211595,0.045501508,0.000792123,0.7342898,0.837773,0.44744623,0.35342872,2.8222406,0.059434563,0.5787403,0.37538972,1.1398512,0.25179294,0.27087963,0.15406692,0.0149752125,0.57193094,0.26498336,0.21871014,0.050548036,0.35665044,0.004151968,1.4231828,0.28607553,0.5351143,0.1269614,0.6541902,0.078569554,0.606429,0.1992166,0.3613414,0.3005691,0.45030975,0.2875989,0.7798808,0.1312669,0.5429213,0.9160594,0.12147004,0.15941447,0.0,0.8535894,0.4613657,0.37121218,0.20568505,2.5040765,0.49592137,1.9709734,0.38970178,1.0248187,0.73691887,0.16848345,4.4894996,0.5911284,0.7156588,0.3514335,0.13129048,0.32783598,0.4181014,0.14652465,3.2597957,2.0843935,0.5648242,0.20501505,0.22717485,0.9003025,2.2553344,0.8683575,0.0362658,0.0,0.53091186,0.5844572,1.0032736,0.74708337,0.30436936,0.011556117,0.43778446,0.29371998,2.4546635,0.327519,0.042874232,0.00044242002,0.19784927,0.23606078,0.33377883,0.04244766,0.061933145,0.8413456,0.5286872,0.11842475,3.9697247,0.12397029,0.7246173,0.7084524,0.42325002,0.44158942,0.65716684,0.6666144,0.62941694,0.44197252,0.47000447,0.5430086,0.010423438,0.03998686,0.0,2.3994405,0.725641,0.74766654,0.07747335,0.14485738,0.35528442,0.018703552,0.046365105,0.14962241,1.1640123,0.13016488,0.07760874,0.0,0.5104679,0.008125978,0.85210884,0.12077417,0.44462007,0.19919936,0.0035785795,0.2796751,1.0240134,0.0,0.33243018,0.06488811,0.3063313,0.21135098,2.2981625,1.5309227,1.0628318,0.01978334,1.5286118,0.8035693,0.469043,0.44998246,0.09314443,0.84757745,0.020823512,0.26697025,0.23781523,0.092744365,0.14176345,0.30239505,3.022795,0.02895327,0.17846362,0.12320363,0.76689535,0.093736365,0.40641776,1.5092001,0.52148104,0.011765475,0.5068055,0.1456256,0.017329691,0.008145552,0.012115409,0.02187613,0.4196695,0.012414077,0.09053997,0.18296388,1.3465369,0.04930568,0.7198424,0.38138923,1.298407,0.011025553,0.11020309,0.39583424,0.3997298,0.36931655,1.1935085,0.42050678,0.29805413,0.22530165,0.9927611,2.3411126,1.577614,1.0974299,0.5212428,0.78596556,0.31641772,0.49561685,0.31270653,0.19324528,0.9728405,0.02069606,1.2079939,0.25911364,0.040310837,0.6498994,0.29669085,0.12668823,1.2116182,0.36250374,1.49698,0.6877322,0.84129584,0.9253823,1.3264165,1.7004982,0.10636941,0.18871441,0.92311126,0.16261652,0.3168938,0.6946182,0.0153389415,0.18705846,0.04891273,0.2772659,0.45269182,0.8965081,0.45817736,0.2348795,0.36177158,0.0,0.67265224,0.56924623,0.29358706,0.1596668,0.23493922,1.8611563,0.2957056,0.030011134,0.13295044,0.21863581,0.6989467,0.23445188,1.8795387,0.040023427,1.8475218,1.398383,0.66489035,0.288013,0.29945365,0.103154495,0.118513666,0.15905301,0.0055285813,0.50471586,0.43696353,5.358285,0.85542,0.19757196,0.0800672,0.96404475,0.00042702185,0.0,1.3115569,0.4161094,0.055998977,0.15863435,all_pothole_images\pothole_images_enhanced_7805ca59753eb49454d05fb8599c9101.jpg
0.2481478,0.2939524,0.0,1.5651466,0.114882834,0.2158785,0.1799391,0.0,1.04231,0.0,0.14006242,0.09399478,0.0032992363,0.35632035,0.010711794,0.49715728,0.0,1.6485807,0.018594693,0.06543349,0.17520772,0.0,0.24449618,0.2221701,0.18967511,0.037119847,0.43576294,2.3011584,0.21497181,0.08292222,0.06997313,0.1560239,0.0,0.95199007,0.08943879,0.6978572,0.099840045,0.08732363,0.15390861,0.016324133,0.018232035,0.6478652,0.11723023,1.6751466,0.10872337,0.6766828,0.072794504,0.46752974,0.054486692,0.012856149,0.08951168,0.47600338,0.4611555,0.04669589,0.43618205,0.857555,0.22591987,0.533485,0.013704216,0.007988804,0.0,0.4291849,0.16408037,0.6575002,1.7972348,0.7057412,0.1620954,0.123253666,0.3280252,0.02333093,0.1409354,0.60858333,0.16924235,0.19391239,0.44118974,0.05029379,0.0005882442,0.38711882,0.0,0.08350911,0.17194824,0.54429144,0.30240566,0.050214924,0.06950796,0.0063923467,0.06273448,0.5421504,0.7709611,0.057777565,0.30900368,0.3460733,0.08185731,0.047730953,0.9304998,0.09434756,0.16633065,1.2315364,0.01347824,0.06617335,0.0045339465,0.47866517,0.08005468,0.0,2.4300363,0.95701575,0.5061912,0.1181681,0.43057135,0.5115304,0.04183696,0.0,0.115940295,1.1032937,0.39730012,0.13532966,0.010953989,0.11572546,1.4339346,0.08233838,0.8983323,0.019740282,0.07983286,0.070935175,0.31012806,0.0,0.0023678683,0.15650964,0.92193747,0.005515761,0.0,0.3067922,0.0,0.15816765,0.052216228,0.0028302956,0.036644377,0.028095398,0.0806063,0.01910666,0.026329575,0.07212704,0.8097786,0.20715621,0.022742318,0.805926,0.11515125,0.34530702,0.10782699,0.3941802,0.049405906,0.27989024,0.00033848564,0.010479675,1.2217786,0.5700358,0.038849723,0.037110005,1.6289302,1.4479179,0.26756158,1.2601476,0.27336222,1.049316,0.41259336,0.21745208,1.3355873,0.0,0.87415856,1.5086112,0.004518206,0.11915408,0.017463453,0.0050362023,0.2790554,0.50098944,0.019412685,0.033547744,0.17004536,0.12471839,0.010212588,1.2572337,1.8891329,0.63755554,1.1411638,0.7074275,0.31651548,0.057886925,0.40877435,0.8277267,0.029430863,0.15841706,0.38309732,0.39779943,0.21586634,0.0,0.6863234,0.34540728,0.30837217,0.23503974,0.22030407,0.08083487,1.064551,0.23649791,0.01355677,0.2751914,0.004469505,0.0,2.9207947,0.5022199,0.006384044,0.44659555,0.1406844,0.12960804,0.19535144,1.0452322,0.37786868,0.073092476,0.06198276,0.093192674,1.0712771,0.046709523,0.31027317,0.0,0.0,0.013945466,0.24421155,0.03982988,2.7313998,0.050333012,0.1414671,9.3489994e-05,0.29994354,0.009807976,0.14214084,0.11377221,1.2871976,0.040266763,0.051555924,0.3162558,0.22676621,0.061974563,0.0627167,0.001569206,0.17393245,0.14132686,0.121896684,0.028105102,0.10751002,4.589939,0.555073,0.14125948,0.0,0.41338807,0.020452296,1.0080131,0.09958386,0.0,0.15614577,1.2738957,0.07754877,0.43330503,0.051382463,0.36282855,0.0,0.017208993,0.035378404,0.11701757,1.1007051,0.00053685525,0.18909368,0.006909873,0.036988243,0.014089275,0.25178042,0.44124985,0.028787462,0.28020045,0.18361254,0.09587189,0.35977405,0.05034615,0.37803409,0.10287378,0.0,0.15279181,0.45336315,0.0,0.0,0.07415536,0.0,0.23223889,0.0,0.24929237,0.035482462,0.10414849,0.0020646949,0.07930267,0.079558544,2.7849214,1.0990767,0.44352424,0.119046055,0.0,2.713829,0.004761298,0.0060928483,0.0,0.081371084,0.016485566,0.0014172363,0.32766193,0.046271544,1.9553636,0.7926316,0.15877853,0.06443624,1.3349508,3.9728038,0.3671716,1.1109964,0.0,0.24096185,0.01335735,0.13979118,0.013820096,0.2804597,0.015905851,1.0494919,0.0,0.6272481,0.0,0.051693648,0.033209767,0.09778017,0.0,1.9802401,0.54505414,0.015520924,1.4750743,0.004832505,0.0058858027,1.8579587,2.3343313,1.3199124,0.18242791,0.020424424,0.3492058,0.18879548,0.05038626,0.08693861,0.06527068,0.004449661,0.0,0.0,0.123320304,0.28702873,0.15999237,0.1571163,0.27047807,0.80867994,0.12598364,0.65516585,0.015946772,0.14721513,0.10230645,0.54905164,0.0,0.37397668,0.0,0.013658664,0.036140528,0.47240973,0.09699109,0.34637418,0.11168655,0.049759794,0.04100733,0.58344764,0.30956224,0.31160802,0.0,0.029086886,0.47133183,0.0048136725,0.010205044,0.5267665,0.04178793,0.0,0.0019273487,0.024144158,0.1376021,0.0031792333,0.32639948,0.0,0.04681979,0.36744213,0.3887975,0.041406747,0.19084214,0.012947473,1.349571,0.011848899,0.008267285,0.76383096,0.12875049,0.50221306,0.6688455,0.32944623,0.011451772,0.31706354,1.0121981,0.0033336135,0.0075588664,0.008817775,0.1460219,0.92360914,0.5704881,0.25287563,0.26258162,0.93399215,0.029391807,0.043992557,1.5970018,1.5518951,0.21645838,0.6816157,0.12437914,0.033661954,0.0035086765,0.010850556,0.0031332383,0.21961722,0.39717126,0.0,0.008463902,0.40672225,0.19757399,0.4188641,0.11230632,0.6083347,0.0011880415,0.09966441,0.0,0.0,0.0,0.00021236161,0.01357811,0.12854989,0.36256012,3.0869994,0.23469564,0.011151803,0.0,0.09205341,0.23066641,0.22450495,0.0,0.0,0.43938076,1.5213114,0.005490949,1.0123242,0.21082471,0.15501505,0.0,0.0,0.040214147,0.052590895,0.115542494,0.19317722,0.3826013,0.11653722,0.0018275331,0.08277725,0.12937069,0.17972736,0.7048248,0.030811127,0.14667349,0.09112874,0.24581403,0.39790377,0.12672138,0.14552268,0.0034504405,0.06691654,0.0267384,0.11525874,0.0,0.0,0.34184256,0.043539938,0.17138991,0.0,0.0,0.0629312,0.0,0.073544465,0.0,0.44076234,1.0398445,0.66762275,0.026214926,0.018292684,2.8221192,0.24547803,0.0,0.11179611,1.3848878,0.10924374,0.039939746,all_pothole_images\pothole_images_enhanced_78105636f8cae74df7e8e0420b64364f.jpg
0.546392,1.7705038,0.035537217,1.119301,0.669056,0.67153174,0.25180513,0.0002383906,0.03941898,0.5137004,0.1364902,0.2445192,0.32547316,0.859165,0.25438312,1.0656393,0.25457832,0.0033786818,2.0539625,2.2766874,0.7682188,2.8170414,1.4795145,0.6235359,0.4145987,0.9170065,0.488008,1.5385958,0.03198845,0.041364912,0.23627454,0.2285491,0.46783638,0.020673854,0.72559434,0.56937826,0.52248436,0.14089096,0.44414255,0.35212046,0.030185271,0.0,0.18459529,0.90154314,0.61504364,0.6465866,0.23324966,0.052835934,0.0,0.4225642,1.0358281,1.0833179,0.9165204,2.9201736,0.6728518,0.2919391,2.0698109,0.25807816,0.8903032,0.26554367,0.11301608,1.0138928,0.8487381,0.016946191,0.978607,1.2193555,1.6501486,0.90890324,0.31555533,0.49907076,0.33753368,0.032216445,0.09668408,0.28845054,0.42795873,1.7213869,0.38309026,0.7509901,0.13679704,0.4019782,0.017810876,0.20527886,0.25474975,2.3229904,2.033915,0.34242898,0.6145181,0.48662466,3.3599112,0.894516,0.15465546,0.86986876,0.8660116,0.332441,0.69018555,0.40944812,1.4126709,1.718016,1.1637651,0.19514808,0.6963695,3.6965125,0.21012664,0.28417253,0.033288613,0.17971785,0.1535276,0.54794943,0.009925527,0.68026483,1.4717662,0.85145545,0.9857733,0.71758777,1.026668,1.2677716,1.4730759,0.091392994,3.8293893,1.0329081,1.2156341,1.3668747,0.20470397,1.366084,0.7203596,1.4163271,2.1715214,1.5736475,0.0379407,0.12064271,1.0126154,0.1838967,0.8195316,0.66856307,0.049213514,0.63368285,0.3043685,0.68718284,0.18053749,0.41664383,0.5278482,0.32758558,0.10474425,0.60123503,0.32955793,0.3250762,1.0538634,0.6183034,0.40763602,0.5909988,1.053216,0.9916262,0.4957806,0.34186506,1.0584383,0.03843546,1.7428203,0.70849484,0.06705625,0.74580026,1.4662048,0.24127619,0.007638188,1.7295513,0.04241174,0.29724324,2.182699,0.17737065,0.96331674,0.64682233,0.28088138,0.0,0.85350204,0.40472046,0.9294281,0.042977273,0.004446476,0.061405387,0.09459945,0.34474185,2.3753746,0.3288691,1.4693296,1.9865505,1.2956754,0.16703792,0.32759163,1.022481,0.6658395,0.93853605,0.27065045,0.79301745,0.01860688,0.7636443,0.030728893,0.21998179,0.03419229,0.64625436,0.07426912,0.7347501,0.18284893,0.5478036,0.38753146,0.15633932,0.52712804,1.1518646,0.0109970905,0.10654319,0.93609166,0.9826365,0.007128612,0.7312701,1.0928584,2.505521,0.37035796,0.52239543,1.3329773,0.26740652,0.9715954,0.75396293,0.17793223,0.66744465,0.30939674,0.7932929,0.10545086,1.0446808,1.6430415,0.041421924,1.2477292,0.6781738,0.9005913,0.8803055,0.5629755,0.5823439,0.15542305,0.0,0.8535464,0.06397512,0.011315625,0.6364929,0.115994714,0.11371756,0.57671124,0.22433744,0.12830137,0.16787286,0.37543553,0.020540098,0.6180847,2.8174522,4.3248377,0.26021785,0.14344068,0.12640971,0.44329137,1.3495917,1.2257783,0.48282635,1.367594,1.8265046,0.29436675,0.20578934,1.6415884,0.67419463,0.4626181,0.8829626,0.03518069,0.39827302,1.30861,0.0,0.61301625,0.18880536,0.19102684,0.79115635,0.41855314,1.1304891,1.3560661,0.28311327,0.046858095,0.36777604,0.49350178,0.3229937,0.018292673,1.3618419,2.1369843,0.0,0.27334404,0.7746307,0.14025585,0.921326,0.33336794,0.72805464,0.0059464816,1.3922418,0.3865416,0.88632715,1.2215472,0.058353495,0.18660526,0.45769158,0.008581711,0.07749579,0.18720144,0.61571175,5.2819047,1.9500095,0.015160831,0.40205818,0.08833943,0.14663893,0.109662324,1.7059698,4.8197947,1.1395203,0.40142837,0.9450877,0.38151067,1.399026,0.5919502,0.26720065,1.3104764,0.37812912,0.10557646,0.25180292,1.2418191,0.86553484,0.56827146,0.5045512,0.5076795,0.57309425,1.5893221,0.76153547,0.30306667,0.40777555,1.4066523,0.18077533,1.2321858,0.27119812,0.3157842,0.2703574,1.1443996,0.900205,1.6235806,0.01702661,0.7006475,0.18975794,0.13168038,0.014196524,0.1239037,0.8058629,0.45222566,1.0733047,0.7367976,0.014342861,0.2286941,0.63805866,0.53541666,2.039005,0.3330373,0.40384704,0.21666637,0.20007019,0.36761922,1.5444096,0.08689483,0.5071569,0.7292355,0.50768757,1.0515087,0.016162848,0.39341813,0.47977376,0.79751205,1.0364025,1.6001587,0.8639956,0.3985576,0.5942918,0.67323315,0.34447038,0.48053372,0.1953035,1.6096568,0.3798192,2.4273856,0.76175797,3.412354,0.011031039,2.2773135,2.679012,1.6516268,0.0,0.5383744,0.19015288,0.41885087,0.023471044,0.32230026,0.3420386,0.21194161,0.5467248,1.081686,0.42771474,0.58032274,0.74989456,0.44066975,0.0036646654,0.668281,0.19272302,0.06401065,1.4300582,0.9318813,0.038743716,0.5669605,0.05530051,0.026953058,1.1341884,1.117145,1.124627,0.034900535,0.26500225,1.3229381,0.024380742,3.471631,0.56096625,1.4944732,1.4603679,0.5992518,0.6180407,1.282556,0.21505676,1.7840258,0.9259389,1.2487236,2.2524202,0.12195665,3.8776705,1.865969,0.070129976,0.16067904,0.09591618,0.8260895,0.20924117,0.062804215,0.662217,0.9166502,0.72304904,5.290343,1.4795189,0.02991381,1.2071697,0.37758553,0.6473235,0.6694784,0.4434798,1.0380759,1.9283001,2.185619,0.23545904,0.5349538,0.56133527,0.99329996,0.12686484,0.26329514,0.036076892,0.45915988,1.754643,0.10065474,0.08938582,0.7486451,1.4286598,1.1583666,0.021337278,1.3921312,0.37079915,0.7156451,0.13401076,0.4266049,0.9442019,1.2387336,0.95215565,0.32868785,2.875771,0.9234373,0.15203233,0.0,0.889581,1.0653946,0.0,0.3201691,0.117613725,0.040254015,1.2953804,0.15302551,0.15807451,0.2410958,0.13516276,0.48740655,0.06089603,0.05132221,0.06658406,0.11257512,5.401164,0.26649645,0.6644359,0.8816361,0.7495685,0.16554853,1.1595107,0.8488113,1.4775305,0.7879743,0.6132927,all_pothole_images\pothole_images_enhanced_7884f3ff9a41fe02df43bfa0b99b3a8b.jpg
0.9765007,0.78838456,0.05090449,2.0734627,0.28718114,0.5953362,0.5632628,0.25981227,0.23968019,0.7809451,0.057793923,1.8795173,0.27589,1.8999708,0.14053518,0.5407435,0.17522521,0.09848337,0.74216086,0.17311962,1.1617517,2.6751254,0.10101573,0.86966,3.4479244,0.08146174,0.6497038,2.50248,0.4017927,0.6056382,0.50109553,0.07663431,2.0426292,0.14203404,0.46535978,0.7652672,0.3524837,2.3485577,0.70991766,1.5865784,0.0,0.09614364,0.36142722,0.8001081,0.7192539,0.6119245,0.008902098,0.69296324,1.5278989,1.2532055,0.41474712,0.3652102,0.26640555,0.025839245,0.0,1.6264421,1.5687696,0.040085413,0.29000816,0.08188631,0.04815081,0.014687882,0.5241371,0.1305406,0.4065684,2.0080426,0.1834673,0.07400279,1.71511,0.17488047,0.36389688,0.24985017,0.18850479,0.39253047,0.87791365,0.98636234,0.06301482,0.24000768,0.005836477,0.42537123,0.314872,0.08352772,0.039108332,1.718518,0.72468776,0.14146361,0.44680497,0.56842506,2.4940932,0.28761366,0.6303337,0.4553077,0.050158996,1.1918845,0.1407875,0.0017525833,0.62478775,0.2114974,0.3714971,0.8211615,0.6745202,1.5957408,0.6700254,0.07571454,1.1448898,0.095855914,0.16568884,0.184303,0.013285506,0.9405196,0.04060934,2.3570378,1.8657614,0.5735271,1.0265694,0.13721703,2.3081663,0.07025114,1.2767262,0.90854293,4.2676005,0.9700105,0.29635188,0.91744435,1.4034586,0.08526224,0.78922534,1.1306571,1.2998251,0.08179329,0.14195473,0.08577555,0.07938451,0.053496853,0.25958988,0.4127396,1.1970531,1.6937785,0.33361816,0.074464776,0.06413088,0.48108298,0.00032664227,0.43524054,0.8179917,1.1479172,0.21225734,0.1687529,0.6626206,0.19884211,0.589864,0.5775817,0.11113108,0.00019574305,0.8317267,0.11738814,0.84189713,0.5593785,0.4626779,0.85431296,3.1834595,0.7310713,0.79183173,2.650186,0.3589703,1.3747045,1.0725011,0.09438211,2.2871027,0.72063124,0.0029118648,0.0,0.18594489,0.5044689,0.78522825,0.17171723,0.6823914,0.029605508,0.117883794,0.32418543,0.07299187,2.2787344,0.47372198,0.42917633,1.4811271,0.55667585,0.40546867,0.12885974,0.099673815,1.1462892,1.1976038,0.61332875,0.450455,4.509632,0.114171326,0.8745619,0.15519726,0.88949645,0.23646127,0.40833467,0.9951494,0.58016354,0.35417697,1.526625,0.40620264,0.45598507,0.6553877,0.28680348,0.12192224,0.110950515,0.15059707,0.06368782,0.6993651,0.32399622,1.2107505,2.264682,0.8929769,0.039149467,0.0417679,0.00089554104,0.11670788,1.0607281,1.6570396,0.26895106,0.044203892,0.52516806,0.5975281,0.6057589,0.83263624,0.8235392,0.08693245,0.5747088,0.31668004,0.583743,0.13050894,0.33346328,1.5309016,0.12506223,0.0500415,0.0063792416,0.12266332,0.033119585,0.5893801,0.091914415,0.32289162,0.005240079,0.7946215,0.4947412,0.7118591,3.506765,1.0112914,0.30420378,1.6607635,0.0006504793,0.22977486,0.4876713,1.3100648,0.4564616,0.33771023,1.9807761,0.6054401,0.026552057,0.5177031,0.12698516,0.20091683,0.35980976,0.23482306,1.1295198,0.18339011,1.3693097,0.2606493,0.0069621396,0.24675143,0.6086813,0.8396558,0.7682221,0.38696074,0.41622162,0.089457825,1.8152585,0.44701695,0.050846886,0.82694227,0.26299915,0.97240895,0.18693489,0.94830465,0.5607633,1.3755121,0.09600836,0.047520857,0.08852731,0.58069074,0.84251153,0.25235555,0.05730737,0.5580013,2.6608896,0.04376165,1.4252005,0.38496578,1.7781987,0.3207237,1.494988,3.8744357,0.24255247,0.1293689,0.831215,0.09168741,0.143903,0.889443,0.8850126,2.0894022,1.3268071,0.10722709,1.1816963,0.0,1.286639,1.7610708,0.044433575,0.19695698,0.044098113,0.16469736,0.8122884,1.3989458,0.13632604,0.41534767,0.26413107,0.061726246,0.12483007,2.493722,0.7996333,0.15430304,0.06434778,0.7434476,0.38841987,0.40272233,0.8761523,0.13893403,0.19912134,0.078287445,0.45617807,1.7348984,0.46600038,0.9316366,0.031488363,0.0,0.18048108,0.85347086,1.0291317,0.8722283,0.575611,0.34721965,0.56684035,0.6341855,0.015628727,0.22535868,2.4930842,1.0830678,0.6988976,0.49145973,0.52915883,0.48753437,0.033661284,0.010796158,0.036834665,2.8243704,0.1504617,0.1288821,0.52495146,1.6465968,0.14112903,0.19123538,0.0045826877,0.30086502,0.19372435,0.029109458,1.1697423,0.06334747,1.30056,0.75280994,0.036949433,0.8676295,0.95215255,4.350937,1.3858026,0.44964918,0.049140938,0.29801947,2.3011825,0.9660996,0.8192389,0.03756801,0.12964143,0.61839306,0.18142569,1.6593553,0.50537723,0.092743345,0.074662186,3.7271821,0.7650056,0.29586294,0.7824956,0.25580427,0.052284803,0.088708594,1.1931375,0.64430743,0.18725955,0.1356461,0.4838255,0.2456287,0.8274013,0.17607296,0.39346075,1.1829387,0.01749618,0.45805147,0.17568533,2.6863778,0.29207382,0.60029614,1.9419862,1.6198194,0.12888384,1.2938199,1.3810666,0.38032433,0.84780604,0.15684128,2.1965134,0.3649477,1.0445926,0.6998091,3.0340457,0.74830955,0.3953972,0.38870308,0.11257236,1.0451384,0.40022594,0.21896702,0.959812,0.60578585,0.04012676,1.4015975,0.7488083,0.30159456,0.87844956,1.1041983,0.3125815,0.39542133,1.1305659,0.81968826,0.37526017,0.537465,0.3249855,0.8351817,1.6958331,1.1583445,1.1339836,0.26724046,0.0039701457,0.519834,0.60028064,0.24568889,0.016920738,0.28633696,0.36353877,0.49312586,0.9766396,0.0017928876,0.25325048,1.3482808,0.10253688,0.12914635,1.277165,0.02985818,0.075518705,0.17940688,2.3439841,0.05990226,0.5723556,0.024664266,0.2778662,0.704592,0.0126305455,0.50140625,0.0,1.1337934,0.27456295,0.65068436,0.036345903,0.07489755,0.4560244,0.200095,0.2691305,0.5509683,0.37186322,0.24580546,4.6218467,0.93545234,0.0029061867,0.5641986,0.13475163,0.07364669,0.59312296,0.15193719,0.22102597,0.7814736,0.9065835,all_pothole_images\pothole_images_enhanced_78a24bdc9a3d699c0c790ab3457a3136.jpg
0.06517019,1.7600548,1.0599725,1.3848833,0.67745006,0.61241955,0.2759164,0.07798826,0.8654524,0.4778844,0.67561907,0.29172683,0.102146626,0.8157225,0.09976166,0.5524963,0.13801235,0.008489864,0.17502023,0.19565438,0.1597592,0.98722714,1.0790585,0.47982827,0.34540525,0.1781933,0.09289587,0.72381896,0.045214288,0.98896563,1.2008923,0.0,0.001095934,0.3773061,0.32858938,0.39376882,0.8147048,0.74372435,0.73170114,0.76822764,0.38002968,0.8240067,0.6725712,1.0333102,1.3368115,0.33855316,0.16619721,0.033987314,0.010464958,0.0025284633,0.723866,0.086058185,0.15963933,0.44355696,0.13741894,0.1946371,1.988739,0.024930336,0.29422316,0.06904281,0.0,0.08948613,1.2066584,0.23757713,0.3440875,0.3032701,0.9842052,0.08027045,0.007853165,0.27254853,0.31508124,0.72543883,0.29263854,0.15923598,0.29024005,0.76366,0.5616359,0.16697127,0.0036435418,0.15930021,0.021206386,0.6421683,0.17947721,2.7231688,0.46414787,0.8134159,0.058731094,0.34548062,2.0616016,0.10116585,0.053802483,0.0044926186,0.3349978,0.12358275,0.1838812,0.022956239,0.78958523,0.46013328,0.6008031,0.40284085,0.7193152,0.81460595,0.07765027,0.10829959,0.3788886,0.18494295,0.530493,0.000939874,0.15185353,1.599963,0.2547106,0.67445534,0.22151175,0.31562063,0.0130775515,1.4092348,1.0392256,0.0448798,0.89066035,0.40267608,0.2740747,0.54914474,0.3182271,0.08930953,0.5104906,0.99815476,0.28798515,0.0012126843,2.0348125,0.91879094,0.29828393,0.91774297,1.0561044,0.13987173,0.44304562,1.0865418,0.45207292,0.2916688,1.637956,0.16674055,0.46732345,0.54137856,0.31722665,1.6458895,0.29439944,0.12549368,0.1369969,0.8468324,0.2753033,0.9643715,0.15958588,0.1130388,0.04261425,0.19711094,0.45709667,0.6366081,0.006570774,0.2918879,0.18424262,0.5673732,0.9505212,0.8125822,0.111562505,0.55139315,0.87464714,0.2543598,0.67393625,0.6555327,0.945057,1.1297282,0.0017450707,0.03783874,0.24259236,0.13964689,0.30686283,0.13334626,0.8343073,0.01181829,0.14149748,0.1369578,0.024899988,0.4557142,0.94736207,0.34182298,3.0082805,0.3221293,0.38461176,0.55707496,0.24709778,0.88236296,0.31169623,0.56162745,0.22380829,1.1597669,0.5736443,0.07394124,0.47929165,0.89575464,1.0031793,0.4184613,0.06437355,0.29477873,0.10646224,0.81891483,0.32232577,0.9013382,0.017619127,0.3901038,2.208547,0.1727206,0.14187218,0.01942723,1.3342664,0.79981005,0.80007106,0.37364966,1.0662764,0.073345095,0.39623934,0.19443388,0.7941594,0.0,0.18546475,0.79695207,0.07898595,0.22218783,1.0139353,0.2913863,0.9857756,0.41907126,0.047157604,0.09429288,0.14217728,0.3325405,0.6150579,0.107082054,1.4688646,0.4890522,0.01339696,0.17667313,0.9654478,0.12487818,0.59349614,0.46676612,0.042209037,0.45843428,1.6379786,0.47676662,0.27053404,5.387979,0.40619457,0.123881035,0.018866725,0.61914456,0.0,0.0012231785,0.9952581,0.0035213016,0.8238131,1.8088806,1.0919186,0.80446863,0.3570689,0.11622446,0.08826431,0.2753716,0.10739009,0.037690923,1.9507605,0.9122227,0.76773006,0.059674874,0.5166862,0.020062348,0.8015214,0.47100988,0.022674259,0.6132974,0.19716565,0.6541794,1.2855072,0.24584112,0.08322863,0.040959917,0.5154476,0.85847664,0.51636404,0.9493252,0.6697584,0.13887164,0.090354234,0.20776433,0.13004759,1.2724302,0.9495717,0.2474255,0.74734277,0.83474475,0.041838586,1.3810618,0.18272664,0.14657317,0.0,0.0,8.185762,0.40117255,0.75164,0.15002105,0.83499014,0.04418012,0.03392984,0.05743124,5.897573,0.9017706,0.090538315,0.95546174,0.047032397,0.9245973,0.91217303,0.065513745,0.20568949,0.06280311,0.029396344,0.30745634,0.52743566,0.24523331,1.983784,0.60331535,0.51889634,0.5850812,5.1791444,0.34757996,0.03084126,0.42256337,0.80258954,0.19510163,2.2535675,0.35681838,0.25008854,0.086980805,0.34570548,1.5231295,2.283554,0.22899714,0.62912357,0.12543763,0.0,0.15783441,1.2430717,0.5909303,0.17614101,0.78616923,0.1907406,0.29052636,0.055834673,0.094811276,0.87906533,0.58822757,0.15955627,0.31557637,0.11692556,0.17955671,0.30046603,0.47928837,0.277697,0.22256747,0.77980024,0.94505394,0.31889436,0.15350553,0.1604426,0.29827756,0.08658387,0.91361517,1.0002578,0.16011146,0.17963183,1.6260834,0.6822114,0.5531281,0.16749349,0.2818137,1.1790209,0.33366057,4.1495857,0.23518142,1.2527356,0.089792795,0.011276121,0.9670482,0.25165573,0.13759303,0.35140368,0.2762556,0.04887348,0.07504064,0.12487996,0.24584301,0.019979222,0.09711444,1.3331026,0.023739332,0.021150071,0.71836495,1.0906324,0.13357711,0.50371116,0.09203499,0.65538234,0.0344331,0.0,0.0,0.0,0.7590323,0.2792596,1.422278,0.17438951,0.92961586,0.0010768672,1.3904895,0.36973372,0.048039164,0.5362781,1.0679152,0.24253505,1.6786766,0.23448442,1.2258164,0.20903562,0.32763737,0.537803,0.28171042,0.11330328,0.07943186,0.053273432,2.1279626,0.0008939921,0.21745308,0.45003578,0.18045218,0.9195036,0.014187229,0.11959913,0.20404093,0.22606033,0.2711155,2.4238124,0.21322481,0.36991838,0.21500348,1.8658286,0.025837941,0.70238274,0.15838997,0.58663,0.27936822,0.46797845,0.074768186,0.23016645,0.7912591,0.16018394,0.5787486,0.07889537,0.17610678,1.0621089,0.8069782,0.004483677,0.2558655,0.055443052,0.9857447,0.3197426,0.00257838,1.104798,0.17248753,0.68432575,0.0,0.48016912,0.20803276,0.8011592,0.2610878,0.28356552,1.7562273,1.6730158,0.12667093,0.21971391,0.45272338,0.70036626,0.123039514,0.57279164,0.69536257,0.09687037,3.1669059,0.0040710666,0.0018585529,0.17313755,0.25730583,0.7026012,0.081509426,0.1714922,0.32783374,0.91230327,4.029665,0.4004538,0.115225144,0.013857965,0.27525547,0.6164515,0.28186113,0.8462937,0.6837125,0.6639545,0.18573722,all_pothole_images\pothole_images_enhanced_78a5de33321cef9bed5bd413fc86c70f.jpg
1.6416415,0.71821517,0.069708705,1.5001979,2.580945,0.10781472,0.21508026,0.95206594,0.16216893,1.0377594,0.52843404,0.049948197,0.80463594,2.5772073,1.8632716,0.28913814,1.7728844,1.4696116,1.7207675,2.6482077,2.193122,0.52772456,1.7148752,1.6456132,0.71169204,0.30117428,1.9077575,1.4981863,0.37052682,0.70971274,0.65486425,0.15240443,0.8877849,0.84962136,1.7474838,0.16392735,0.6807131,0.39364257,0.83266497,0.23534575,0.23599277,0.34081852,0.54894316,1.4020383,1.0805966,0.43582776,0.22080316,1.1229569,1.1276348,1.3390687,2.1334472,0.23574194,1.3539253,0.5918338,0.1425662,1.001795,0.15005925,0.0,1.6911727,0.60322034,1.0853953,0.4332333,0.70044845,1.2587986,2.2620275,0.4795899,1.7859514,0.018402807,0.7950906,0.822905,0.9758442,1.3139374,0.72047067,0.111042276,0.782883,2.4774458,0.35735172,0.7821902,1.0705062,0.18034619,1.0674059,0.16568528,0.35575873,0.123245575,0.18615878,0.8582325,0.83820546,0.41775456,1.328881,0.132326,0.2851415,0.38670316,2.4537995,0.7524976,0.19972797,0.5510448,0.824483,1.6618515,0.31487894,2.9145977,0.030173365,1.1371444,0.5381451,0.22762209,0.8341133,0.54582036,0.32281998,0.757827,0.06970075,0.15822169,0.5903488,2.0323102,2.675115,0.45133755,1.3967221,0.7912565,0.3977752,0.15224603,0.30573696,2.6152089,0.74761313,0.6869812,0.6950358,2.1504312,0.5559222,0.1993109,0.5158739,0.28548294,0.56493,0.52557373,0.20003225,0.50981516,0.0021884113,1.820608,0.32352448,1.5014747,0.18657953,0.6195649,1.3853623,0.41985336,0.22756831,0.86958236,0.8114677,1.8641068,1.5163704,2.373442,0.9044716,1.7990527,0.0036566718,0.12807445,1.2834703,0.13266668,0.31777132,0.15700506,2.9838474,2.1946065,1.7567384,0.2871841,0.9736562,1.5179684,0.82896143,1.0427113,0.89481926,2.293798,1.0590118,1.5842069,0.37610987,0.22111346,2.694156,1.237338,0.07794601,0.01745802,0.278369,0.10848422,0.429618,1.6878693,1.2724322,0.06926284,0.4711703,0.010816918,0.8717167,0.57882154,0.6417638,1.8052675,1.026018,0.17860788,0.14570466,0.23401773,1.826211,0.04369307,0.40279254,0.0456382,0.43591797,0.24375486,0.5642258,1.2804012,1.5118643,0.15132248,2.203013,2.7165115,1.0845621,2.7563257,1.0259936,0.34050724,0.2906948,0.13283007,0.36097354,1.0429947,0.38476375,1.0414915,0.8855932,0.5474896,0.13518518,0.66278535,0.9377567,1.9879069,1.89754,0.1933685,0.670749,2.204007,0.569427,0.10881473,2.110973,0.90871847,0.55751365,0.4079865,1.2597744,0.9855963,0.09072317,3.05921,0.121430844,0.77533376,2.7931957,0.15321833,2.5454235,0.3763687,1.5609144,0.5466687,0.8603187,0.7988971,0.5264399,0.20495552,0.004571189,0.115835264,0.6025389,0.09185404,1.0012672,0.6253174,0.5813695,2.393409,0.72671646,0.0061773984,0.58975154,0.26185784,1.349526,2.253338,0.07705488,0.8614663,0.6518093,3.4882014,0.9266599,0.45499846,1.7137066,0.32565692,0.049087103,0.22385165,0.9164237,0.25001326,0.50775856,0.23279782,0.6246041,0.0035905312,1.5570955,1.3422648,0.060049098,1.2374122,0.4962184,0.9197324,0.9459386,0.7377759,0.35029322,1.7455343,1.0232086,0.7950589,1.1612493,1.87879,0.80631334,1.1811564,1.3330716,0.47892112,1.4985611,0.6712855,0.56601703,1.6431346,0.35847488,0.17880231,0.3514729,0.06891685,0.03778432,1.9142156,1.0460452,0.0013413657,0.40888697,0.054531932,1.4391497,0.7600225,0.0,0.19314143,0.22519861,0.6903598,1.2104397,1.1541928,0.589333,2.2977345,0.31478888,1.1954707,1.3352331,0.55381364,0.6901895,0.1543797,1.740301,0.45410463,0.63541806,0.53039336,1.047025,0.10664467,0.030298252,0.98741335,0.08153337,0.98735696,0.6585781,0.7599942,0.042498674,1.558456,0.19310436,0.8500013,1.2537837,2.5063345,1.5969499,1.6591425,1.1723282,1.6574179,0.8516959,0.32743585,0.5787679,0.41568258,1.2708203,0.24885407,0.9835728,0.20138521,0.13907608,0.8946686,1.5912323,0.49140128,0.89074796,0.44209978,1.0511729,0.672159,0.9213682,1.0703278,0.16316386,0.17257077,0.2952133,0.74876964,0.042922802,0.066748135,0.44671223,1.1175472,0.043315984,0.26162133,0.06014646,1.830467,0.3821989,0.25254434,0.2956961,0.6037081,0.32628924,0.37713358,0.02690638,0.7587562,2.5581563,1.3073076,0.14351574,0.40347716,0.9912925,1.4873319,0.8458042,0.82530904,0.4128666,3.396371,1.519896,0.98132336,0.2667478,0.38400337,1.0193598,0.0017611152,1.1180611,0.52523994,1.116749,0.37479085,0.24842228,0.6938027,0.33287406,0.6020507,0.4389299,1.1545986,2.0232344,0.5064269,0.91109574,1.3371419,0.5249636,1.0899577,0.6251766,0.6185835,0.06363093,0.37616673,1.8120865,1.0235928,1.1847955,0.5530274,1.5490271,2.6742253,2.1270018,0.5712443,2.8654025,0.7688301,1.6550459,3.01375,2.3167872,0.23253463,0.23312633,1.3401184,0.719292,0.42456096,3.2168217,1.458843,0.13620026,1.5526562,0.008866014,0.45539984,2.006954,0.538781,0.52045715,0.26087666,0.058641378,0.888264,1.4453716,0.58226985,0.054521743,0.72256976,0.09468308,0.20835872,0.0,0.049808215,0.02386847,0.23142359,1.0449513,0.7553984,0.68629354,0.19016002,1.499352,0.11316892,2.9979565,1.4338115,0.26922238,0.48049447,0.6521445,0.20433103,0.57750773,0.83562785,0.33445373,0.26310873,0.37837243,0.8877348,2.9671245,0.73686403,0.2191082,0.079804115,0.24349754,1.70136,1.2817299,0.93706924,0.8185894,0.8813886,0.36500207,0.25834045,0.1445373,1.0075657,0.55505127,0.0,0.4421649,1.1862413,0.6798697,0.2844064,0.8670886,0.012173879,0.90128636,0.103822455,0.94451153,0.77025145,0.6403074,2.6068397,0.78797007,0.8528928,1.8162793,0.029814875,0.6997791,1.8448439,0.05285324,2.9060314,0.49922943,0.43612,all_pothole_images\pothole_images_enhanced_78a6372f4a8804843cde4cf62eb1cba9.jpg
1.3110763,0.1718124,0.15678565,1.0429926,1.6623023,1.5773057,0.22846407,0.28032538,0.19494797,0.2976893,0.003431137,0.48606873,0.08936582,0.82914746,2.4790912,0.0016772762,0.05658441,1.1723233,0.4582676,0.40622386,1.1862428,2.950099,0.33803883,0.14366247,1.727077,0.68936646,0.5321114,2.2000082,1.2352289,0.178651,1.2959794,0.38883558,1.6280305,0.63578945,0.064794,0.72211075,0.7735556,1.7501346,0.0019587914,0.7794708,0.010270639,0.09263547,0.5199222,5.527214,0.3015033,1.4738775,0.14918011,0.039661475,0.8298221,2.0902514,1.2003858,0.5311792,0.4607516,0.11395591,0.07236984,0.9943269,3.4648836,0.3303028,0.32335782,0.022309322,0.07959393,1.4137143,0.59450245,0.023603393,0.6077172,0.52972335,0.07618568,0.40927753,0.9598326,0.3537176,0.09409095,0.5742037,0.35535455,0.6318569,0.76331824,1.4252874,0.06142614,0.9205465,0.12718451,0.049650438,0.37227556,0.0,0.5065033,0.74524313,0.7451965,0.0002082969,0.3739303,0.7523629,2.6484854,0.21148124,0.17682242,1.1062477,0.353269,0.088900834,0.04045676,0.10013291,0.2535722,0.5621554,1.2532911,0.2712771,0.30599332,1.4191544,0.9595711,0.019885099,0.10037805,0.28550184,0.3184986,0.61260587,0.04380804,0.05236806,0.15922818,1.9464917,0.5301901,0.1998893,0.8030425,0.8691834,3.0192008,0.19503532,1.7140082,1.843499,3.2396183,0.32677537,1.067222,2.757994,0.40764186,0.9433048,0.039439663,0.2917477,2.0951078,0.11261457,0.12998295,0.001889284,0.103498206,0.11160525,0.018299654,0.58130455,0.3139531,0.99479705,0.9581772,0.5787714,0.77802503,0.27207017,0.973519,0.3474812,0.9379695,0.12024044,0.28016624,0.08569248,0.08802488,0.33629262,0.8555838,0.010631649,0.10427465,0.11814092,1.6725729,1.3915788,0.80534726,0.029611338,1.839533,0.7572597,0.41415888,0.024546158,0.2533473,1.7902102,0.0,0.9109502,0.122254565,0.2838717,1.71114,0.053921554,0.0,0.701881,0.13309468,0.16731997,0.3994053,0.36420226,1.5506507,0.018766593,0.6242874,0.2799536,0.014409449,1.6192492,3.5702364,1.4291749,0.90962887,0.9198639,0.30598745,0.0,0.5106071,0.30443615,0.0560731,0.29766017,0.11272143,1.4976727,0.046746276,0.39043552,0.38133118,0.0450057,0.16217066,0.11070553,0.24364272,1.0352782,0.7787308,2.1626852,0.4559463,0.7393761,0.21459983,0.8790568,0.12845837,0.09397411,0.06481345,0.008121278,0.5489855,1.1639497,1.1804546,1.1492732,0.7914553,0.20908916,0.9411667,0.5222392,0.9114706,0.27475405,0.6144102,0.44133282,0.05890861,0.51854795,0.8558895,0.31302336,0.06689236,0.14995435,0.058415562,0.050271917,0.20633824,0.015759619,0.17359275,0.17435735,2.4604135,0.052622255,0.0061237602,0.10727347,0.35143334,0.0,0.1389787,0.45348734,0.4467654,0.08736712,0.59585696,0.84378034,1.1861172,2.0624938,1.8621142,0.3832202,1.7834836,0.40467745,0.78894806,1.1523336,0.836903,0.02074213,0.19072413,2.9373662,0.0,0.43206635,0.1390109,0.80574125,1.4685923,0.7736114,0.0,1.108947,0.27772674,0.38730595,0.15917294,0.0966115,0.3963939,0.41128376,0.9152721,0.27476975,0.006659856,0.04507532,0.7385295,0.108109444,0.48086667,0.61679184,0.09644956,0.120227545,0.46823564,0.04883425,1.4702892,0.15249698,0.6340702,0.017802857,1.3571573,0.6319486,1.5072638,0.5682035,0.08801789,0.13008718,0.10793053,1.6694402,0.17045139,0.45351845,0.91104484,1.2176572,0.0023855453,0.18039925,6.0103087,0.31886265,0.0,0.2208341,0.35248455,0.7807883,0.32325977,1.2470418,1.075938,0.7076511,0.09063306,1.9405276,0.05575204,0.9335239,1.3339251,0.13702147,0.3886724,0.6318489,0.123141944,1.0563447,0.026583273,0.041004043,2.1174333,0.34977347,1.0738736,0.07739617,2.5156045,1.4757972,0.22800322,0.0028597359,0.0033172737,0.53452194,1.1674774,0.19243047,0.11518815,1.3740954,0.61479855,1.3277524,1.9441732,0.01179475,0.80481017,0.11781363,0.34985816,0.15319145,0.19120146,1.2637516,0.5951548,0.9198706,1.1920003,0.48235032,0.33724812,0.2243727,0.6755316,0.11732073,0.8232252,1.4729695,0.0,0.0,0.06725434,0.37316597,0.38510793,0.10739641,1.0473611,0.17005669,0.5377175,0.55704194,0.8799183,0.30183366,0.46751815,0.029332124,1.4898012,0.5645696,1.5732561,0.20324624,1.1336143,0.098019,0.71342903,0.01827745,0.02601444,0.9400035,3.1237314,1.635054,0.30146268,0.0,0.0651741,0.38690552,0.11107114,1.2608017,0.13509266,0.45958266,0.15666799,0.05820721,1.780231,0.11511773,0.15114114,1.5082344,2.8769553,0.82407206,0.36554787,0.5121424,0.18364646,0.23752944,0.16812296,0.18116915,0.2872308,0.4253997,1.7050283,0.61971724,0.2875296,1.588916,0.20822105,0.57250416,0.7985126,0.28647664,1.0797157,0.52570754,3.5684447,0.14862144,0.72956604,2.6490889,3.8245182,0.15812595,0.75894296,1.3012697,0.031035256,1.0312771,0.8795848,0.4502833,0.9690486,0.66451216,0.5577643,3.4984298,0.87510836,0.44854456,0.06091543,1.1170468,0.5649971,0.22330989,0.5154417,1.1017277,0.70347804,0.024404334,0.85516626,0.4392727,0.6510745,0.16737221,0.8198723,1.2750337,0.40536243,0.71893847,0.2312042,0.22702576,0.37989837,0.5860172,0.16924651,2.278765,1.3781601,0.26969954,2.185182,0.5463258,0.7251503,0.011895909,0.6394265,0.9550101,0.31766957,0.8515514,1.0236126,0.24612837,0.23020102,0.075864054,1.2966498,0.3537499,0.15568462,0.8544317,0.36929506,0.3559503,0.056469496,2.94724,0.33869177,1.1291671,0.07661034,0.0021176815,0.82350427,0.15798527,1.5135642,0.42006913,0.5089962,0.05114041,0.012955026,0.4702871,0.0155855175,0.18862009,0.0,0.25373456,1.0978795,0.06637176,0.15675484,5.72367,1.448758,0.087442346,1.0246205,0.91255873,0.013594895,0.16000311,0.12069181,0.4422979,0.37684974,0.39270827,all_pothole_images\pothole_images_enhanced_78e5f7844b81798c94d13058ab7f2d06.jpg
0.07579708,1.0025502,0.73842496,1.7587011,0.46045512,0.033779357,0.39316177,0.0061114132,0.60795987,1.6647843,0.2680115,0.21748476,0.25470307,0.86285555,0.038620792,0.43537915,0.19881496,1.4583806,0.16537781,0.21226406,0.09897481,0.7982785,1.0403148,2.441186,1.214796,0.0,0.08653475,1.3345536,0.14785899,0.60952276,0.30285725,0.3122378,0.25603482,1.0219039,0.38713217,0.61932945,0.0,0.28721383,0.049009975,0.52477056,0.0071254224,0.20142393,0.5547153,1.0748761,1.1636312,0.14838108,0.25073177,0.005790653,1.2069325,0.4111845,0.047479432,1.4847695,0.8994495,0.12702884,0.8741765,0.6189006,1.8912821,0.91449547,0.22771387,1.3397105,0.0033922645,0.3635164,0.6503977,0.7853442,0.122300915,1.0388072,0.35118967,0.0510185,0.28874236,0.14384034,0.15246342,0.2027122,0.28610635,0.20068164,1.2612104,0.79350597,0.01599604,0.3484683,0.003920277,0.01700898,0.375454,0.3918611,0.019893384,1.01344,0.17297433,0.040114217,0.42809638,0.071058206,1.8403256,0.2981931,0.0943301,0.76416445,0.30811918,1.6949705,0.5633976,0.10476085,0.4829421,1.5921532,0.0064860648,0.08125836,0.1117394,0.97226435,0.094395556,0.18011038,2.2729087,0.7258441,0.63749367,0.024730535,0.14509098,1.5007629,0.7649128,1.9185969,0.16512915,1.240416,0.22884656,0.5169475,0.12698327,0.13627896,1.3816657,1.5383362,3.7438776,0.4014953,7.1302835e-05,3.1136672,2.6163893,0.3905752,0.15662569,0.09662183,1.4595919,1.041868,1.0420986,0.0,0.003692832,0.5435909,1.0036366,0.18162921,0.3136142,0.21088105,0.12988314,0.36644349,0.23737185,2.4941807,1.0565746,1.0629109,0.51281685,0.06564063,0.32379627,1.6764481,0.7601385,0.05730081,0.19690125,0.01835293,0.3199978,0.39023894,1.6038662,0.27083218,0.4037729,1.3323025,0.15938428,1.2126266,2.884191,1.8729254,0.32108876,1.439938,0.11148906,0.42330247,0.77747697,0.102835715,2.646171,1.8620466,0.1637988,0.018184444,0.06682446,0.031090887,1.645401,0.20056032,0.67502904,0.021797594,0.07256053,0.24564153,0.005970377,1.9730296,2.8538237,1.8733963,2.0630674,2.349694,0.05498337,0.25349915,1.2357906,1.793784,0.2959952,2.8949187,0.19558455,2.9925723,0.7882447,0.068447694,0.89870507,2.49924,0.073729485,0.22919607,0.13696969,0.41442737,0.62976927,0.35603085,0.601754,0.14542337,0.054991093,0.22003824,2.4008996,0.50269556,0.21103644,0.12370641,0.23802885,0.8038936,0.32792974,0.39951673,0.53237057,0.17365076,0.9645183,0.26436314,0.34094417,0.21267816,0.5892744,0.7181745,0.013377595,0.007827198,0.58554035,0.09851597,1.936599,0.2072244,0.12000276,0.0,0.3364472,0.7732497,0.79440975,0.07357665,0.12919828,0.15734005,0.42454574,0.664663,0.3839365,0.97232956,0.62763506,0.5012947,0.078886755,0.0006846886,0.7885867,0.95082426,0.27338418,5.22401,1.3843654,0.19669649,0.5267414,0.008842311,0.12431271,0.33856443,0.6041656,0.0757385,0.8514694,0.8312069,0.4713923,0.62948513,0.70358187,0.15175606,0.043490425,0.9380679,0.12845123,0.30470538,1.7385204,0.18330574,0.32214406,0.10251744,1.5053817,0.17019318,0.7805922,1.7053299,0.021299036,0.58647484,0.52633595,0.35974377,0.14326896,0.1377559,1.2726109,0.001643543,0.21119376,1.2586977,0.3875907,1.3501145,0.09092633,0.1860088,0.22732677,0.4007873,0.3021144,1.2888649,0.9459684,0.7810772,0.48480058,0.7568579,0.30425048,2.577705,1.2736531,1.6397011,0.0,0.4815986,2.67964,0.0,0.42165068,0.0,0.13776124,0.4511054,0.64397985,0.31927902,2.841145,1.4922857,0.123560846,1.2416862,0.0013286939,0.4961964,3.1507802,0.8189701,2.0114746,0.32273522,0.42992434,0.86476064,0.19586855,0.020074297,0.54916584,0.0665408,0.50131553,0.43712807,2.1778538,0.003313955,0.12796573,0.042050708,1.123868,0.034640092,1.7659227,0.30149984,0.18051316,0.19060497,0.7272889,0.9989305,3.8966548,1.9798367,1.7272127,0.05829525,0.17995761,0.13086562,0.68039346,0.26535097,0.030155113,0.20867771,0.12211456,0.44827437,0.14370064,0.5060848,0.0,0.09533734,0.8038674,0.7252943,1.0894264,0.046233322,0.42077428,0.30767176,0.02111883,0.53738785,0.53780174,0.51192176,0.118083544,1.5880284,0.14721723,0.25344634,0.52221274,0.030185264,0.5884667,0.7770953,0.4203175,0.8540246,1.1752009,0.9848519,0.058238357,0.10787209,0.30388227,0.69073194,0.8944492,0.24024607,0.020143444,1.361145,0.0,0.46262464,0.19582592,1.7845684,0.9181117,0.0813422,0.0053528603,0.8625186,0.5322198,2.1232855,0.3787795,0.55947304,0.16910967,2.650038,0.41698572,0.109478615,0.1602598,0.016876042,0.044722516,0.49646267,1.0852865,0.030563636,0.082646444,1.6054535,0.39387137,0.027620789,0.30428937,0.011267675,2.056827,0.016948717,0.07921808,0.4624189,0.76214784,0.55970144,1.1073066,2.1963277,1.3546628,0.17354377,2.8073893,0.36274695,0.063415274,0.7873368,0.28753704,0.7211685,0.1408203,0.29566222,0.05824042,2.614875,2.0466435,0.8640387,1.2973293,0.34511644,0.27663374,0.72757846,1.2154387,0.06978383,0.0055540144,0.04118492,0.22086753,0.42726964,0.0,1.4991127,2.5888555,0.07150736,0.7076414,0.4156702,1.0232594,2.0763237,0.36079282,0.09818196,0.046390574,1.1298256,0.19430713,0.19450827,1.1224508,0.5999482,0.22688314,0.12043331,0.43981263,0.0,0.16002297,0.47009012,0.7571763,0.38471845,0.045033455,0.23414405,0.34396538,0.37958437,0.58029974,0.75373566,0.4771623,0.0,1.3511283,0.48693457,1.2907202,0.83786356,0.097173706,1.5154034,0.20337641,0.003898163,0.66381234,0.07375678,0.037094228,2.5725853,0.04579025,0.0070527107,0.0,0.033646278,0.51096225,0.009697851,0.0767141,0.36767948,0.90136236,2.5860453,2.4407525,0.16733548,0.15545934,3.3155577,0.40767232,0.95333534,1.2915789,1.0052072,0.5652778,0.003406018,all_pothole_images\pothole_images_enhanced_78fbf26cb915f5c1a6c462186ed5b8bb.jpg
1.0648645,0.27799731,0.1354097,2.6158094,0.6310362,0.4199663,1.5703776,0.013783006,0.42534465,0.90710276,1.0187738,0.63245213,0.07077174,1.2460269,0.009390619,0.37960497,0.12835616,2.322818,1.4816314,0.21253757,0.8410301,0.07324209,1.1429023,1.9440532,1.1648625,0.04221508,0.00039139867,1.326767,0.057834994,0.012628952,0.03584156,0.2582287,0.070831716,0.7212167,0.21121378,1.9274999,0.21675704,0.28385875,0.6194928,0.2777792,0.0,0.5145714,0.5597888,0.9117313,0.36408606,0.6923549,1.086712,0.8927056,1.187079,0.7952767,0.6757523,1.161879,0.025610108,0.0075617717,1.0365033,0.77275604,1.349073,0.7362059,0.24139225,0.59224945,0.0037629039,0.26515996,0.08675389,0.1658403,1.5029558,1.1779683,1.1710919,0.07906308,0.54477084,0.007911871,0.11799298,0.17224997,0.705443,0.0,0.06206906,0.0,0.0065962556,0.59867996,0.06706737,0.0,0.008748533,1.2632339,0.22848028,0.17240177,0.38497066,0.0009838179,0.035960745,0.056406338,1.2539225,0.06039844,0.29028723,0.7242915,0.00052553497,0.04805219,0.51257956,0.0057266485,1.2223644,2.4297152,1.1893753,0.3097552,0.08595295,2.849613,0.92735094,0.057266038,1.242668,0.73910177,0.61245984,0.52012414,0.34801698,1.5909055,0.016446227,0.2545151,0.4176771,2.3159587,0.43100107,0.4288304,0.258971,0.1696862,3.047288,1.5051011,0.7423004,1.104712,0.13291372,1.1319422,0.18131913,0.61123854,0.017273454,1.2272865,0.16027407,0.030394087,0.23743649,0.5615092,0.24900103,0.3082412,0.06566092,0.63469666,0.008049219,0.07930843,0.17684777,0.0,0.82015914,0.037602335,0.11832927,0.49380624,0.07965502,0.2727046,0.06538135,1.6860087,0.05472869,0.34456158,0.21457933,0.782121,0.11375252,0.010807143,1.3429297,1.6772319,0.7207515,0.75154346,1.6386995,0.42849505,1.0896369,1.5836992,0.073905855,0.16757837,0.882465,0.18089175,0.106198095,0.024625491,1.1651804,2.293328,0.28704935,0.0037063074,0.103061594,0.16847187,0.46552673,0.3583543,0.032593414,0.0064806063,0.07697348,0.039637547,0.23957151,2.562348,0.5649238,2.480524,0.12680225,0.5175099,0.37933508,0.53160894,0.5057776,1.0256824,0.34196675,0.3229724,0.58693886,0.111841984,1.2616923,0.4228802,1.1321417,0.25871825,1.1560303,0.103515215,0.6792844,0.20093966,0.15166153,0.0,0.6775839,0.6092923,0.81528676,0.46399462,1.0759484,0.94215626,0.0,0.092536226,0.7910773,1.7210191,2.0760581,1.430361,0.6631409,0.29503712,0.12207252,0.33225048,0.12947273,0.4602715,0.15372892,0.042523254,0.004898551,0.087777235,0.56936634,0.30020982,1.9063082,0.46148774,0.63746274,0.06800131,2.0657241,0.6145639,1.3019986,0.3874776,1.126025,0.11262156,0.651784,0.07004582,0.52098054,0.02551969,0.6752401,0.055877786,0.119674794,6.7801244e-05,0.94871175,0.14249587,0.40497732,5.2326384,1.2442033,0.32892406,0.002084953,2.1982377,0.0,0.48954788,0.13473827,0.974941,0.5125282,2.3144631,0.9966085,0.1688117,0.41484964,0.6701902,0.034381043,0.011768606,2.2059057,0.1421215,4.039919,0.12725955,0.8449713,0.039970733,0.8289927,0.5520229,0.16601686,0.89134294,0.012128187,0.098984554,0.49479014,1.0336066,0.4297262,0.36630434,0.97521657,0.21931198,0.0,1.124319,0.087957986,0.87006235,0.34832808,0.20809582,0.24899039,0.05595924,0.0013070748,1.7413983,0.3725818,1.1570376,0.94072396,0.038468096,1.0217173,3.4127564,0.80355793,0.28150162,0.040397823,0.14089751,3.8921993,0.13662046,0.034199055,0.016534228,0.06786524,0.78200793,0.28659806,0.723748,0.29808018,1.0672023,1.5844587,0.0713283,0.0,1.4905721,5.4402833,0.47428137,1.0778005,0.0,0.9910525,0.029647753,0.5611602,0.8026439,0.03900671,0.15150942,0.22070333,0.015833605,0.13257878,0.060848188,1.288096,0.0115972515,0.008238018,0.005981039,3.1756983,0.3901286,0.576216,0.394933,0.16517012,0.038922776,2.894991,2.1252823,0.33677426,0.06424519,0.24290302,0.24014132,0.0,0.083147965,0.04448822,0.2086248,0.017772041,0.08449254,0.008273205,0.07181683,0.8869093,1.083213,0.6468685,1.4625561,0.51768255,0.56822634,0.98863095,0.04104077,0.0,0.1438638,0.07686028,0.0,1.0839106,0.694621,0.69774985,0.10774908,0.5436757,0.0,0.49565828,0.03669602,0.60063803,0.12617889,0.7479218,0.13986517,1.7470351,0.04938326,0.013810461,0.75354576,0.49203292,0.019659456,1.1028899,0.14715128,0.42964426,1.2741174,0.8157097,0.19777235,3.4749213e-05,0.07514789,0.0011732817,0.105941005,0.60326934,0.04475932,0.24204156,0.3096361,0.05631829,2.3430126,0.56640005,0.21058509,0.5835446,0.1335828,1.0239251,0.45137522,1.363179,0.44831276,0.11865362,0.14602135,0.13555518,1.0923351,0.0,0.32446656,1.0068957,0.83813846,1.269578,0.02644826,0.98001546,1.2615138,0.24029496,2.1964924,1.3126028,0.20424941,0.25893268,0.35651034,0.40415993,1.1305702,0.1849622,0.398743,0.19991687,0.95228714,1.8795731,0.7467578,0.49891755,0.24089447,0.76756656,0.24904254,0.30339432,0.08750656,0.0678511,0.30433083,0.19955859,0.041855447,0.21920577,0.05402748,0.043582294,0.8916737,3.1914573,0.76472574,0.8546825,0.09863561,0.7691531,0.5644129,0.1581405,0.019243194,0.008614226,1.2900447,2.7805026,0.73734677,1.6553082,0.09231583,1.0069115,0.0,0.127161,0.059324775,0.5492987,0.70649934,0.3719294,0.49881113,0.006729396,1.0740975,1.2706088,0.024528606,0.5368299,0.85288274,0.5499194,0.21198244,0.6031642,1.0867642,0.7494868,0.024374612,0.5730263,0.101827875,0.3322718,0.022539623,1.0916317,0.019254744,0.20006017,1.7305049,0.05577152,0.0405258,0.11879621,0.073005974,0.6975731,0.76154417,0.09974855,0.0033883716,1.2685883,2.8355362,0.21796481,0.045210175,0.17174575,1.9705049,0.6439587,0.4693646,0.65298057,1.762756,0.0034266387,0.061319217,all_pothole_images\pothole_images_enhanced_7960b67b278fc0ad81bf2f9e58ee8bdf.jpg
1.162462,2.4123988,1.0752909,0.0946422,0.7124571,0.045923144,0.36522728,0.5760379,0.8741801,0.11700991,0.2304752,0.08139268,0.28496557,2.0065768,1.5284556,0.3345865,0.12028069,0.16113526,0.98259795,0.384299,0.42802367,2.0345457,0.23013994,1.2919693,0.16770282,0.45449248,0.3676533,0.86125284,0.4501531,0.38679457,1.038785,0.012702374,1.8103656,0.524978,0.5310398,0.018527748,0.16100094,1.3071502,0.42073846,0.5052005,0.5681334,0.2096271,0.06728586,0.39735824,0.64590454,0.3886519,0.6548101,0.3323518,0.8473954,0.4688139,0.54419214,0.09570535,0.7076251,1.158331,0.11625586,0.35798353,0.6970134,0.0,0.6624077,0.67180836,0.3408569,0.39524475,1.8493944,0.68071115,0.010874911,0.39954504,0.14851794,0.2875702,0.32332718,0.6853185,0.009403772,1.5384605,0.25860825,0.019717708,0.2026415,0.87095094,0.49808127,0.21797024,0.51617384,0.001207572,0.25461927,0.9923651,0.39528814,1.0725565,0.17177628,0.1940269,0.050791923,1.1325116,2.0838664,0.44640648,0.4311941,0.41088858,0.57919973,0.19957075,0.06628721,0.39093715,1.7413427,0.20325097,0.6118007,0.8982331,0.055536687,1.2208833,0.42161292,0.4169059,0.013382162,1.0747509,0.54576313,0.9978239,0.19626991,0.90518314,0.4745074,1.0529382,0.64519906,0.47234607,0.71409947,1.5125489,2.135013,1.2814784,0.28005108,0.5537719,1.3061892,0.5134376,0.9063585,0.47886038,0.20250517,0.96130615,0.010487009,0.45199713,0.5704736,0.23323402,0.51379174,0.1494578,0.32594216,0.1481964,0.30061185,0.043809317,0.23026116,0.18520254,1.3310251,0.049701747,1.0684547,0.3637918,0.066514626,0.9309006,1.2428504,1.030358,1.1657165,0.6627065,0.58878094,0.9839712,0.12194046,0.61008483,0.47145402,0.058344755,0.21575257,0.5444224,0.5910617,0.9042288,0.8979302,1.0456057,0.67345566,0.5856016,0.33379808,1.6561692,0.1544166,0.49476847,0.70634514,0.5514587,0.7286568,0.013958643,0.60369056,0.075538605,0.25702575,1.1579105,0.8494717,0.0129596125,2.3077245,0.17053859,0.06176453,0.01650864,0.78202367,1.573892,1.4130855,0.61189735,0.70970684,0.3660982,0.7433396,0.61887574,0.14672038,0.17429265,0.40271282,0.6232058,0.029139927,0.90652597,0.21081981,0.0013123179,0.5180512,0.47659877,0.1728908,0.038350094,0.21474655,0.17673983,2.1991904,0.182236,1.7200029,0.63983667,0.6395079,0.8047194,0.23983885,0.15461044,0.028493913,0.6269192,0.29706854,0.74976414,0.36946476,0.06431388,0.10122227,0.22264804,1.0578384,0.026040891,0.62526476,0.35207722,0.9251181,0.68848574,0.19580404,1.3172554,1.2539709,1.0662,0.8871733,0.35063,0.19790417,1.2420549,0.19892283,0.72618306,0.21906275,0.30427563,1.0933883,0.85769653,0.72347146,0.16175486,0.39819717,0.061061192,0.8126804,0.19045056,0.5198094,0.054808956,0.6273478,0.043767046,0.15376824,1.2042816,1.4389262,0.017082693,0.28101826,0.18052305,0.39346248,0.59360224,0.34975109,0.28695136,1.2702669,0.63147736,1.4255722,1.2969911,0.39247248,1.0277268,0.36222312,0.117312066,1.0566856,0.10369655,2.080936,1.5484042,0.12313679,0.05242194,0.025750948,0.09682618,0.85205793,1.182843,1.2653569,1.5047756,0.7191786,0.89682835,0.5871424,1.5917882,0.893309,0.2889978,0.8157364,0.25002956,0.14114553,1.6439209,0.8709914,0.036410578,0.5531745,0.060566634,1.7097071,0.25036904,0.59822756,0.0037346645,0.68170273,1.532038,0.2788761,0.1371313,0.11160171,0.26734757,0.19901964,0.6009845,4.7693453,0.21862434,0.36813244,0.54867584,0.123566024,0.18781516,0.16112295,2.0942364,2.0262504,0.34334403,0.09057218,0.20112228,0.34622228,1.4064226,0.44932,1.4922171,0.22320965,0.5862498,0.3880243,0.4689647,1.0601641,0.114971355,0.55934256,1.2866915,0.40905073,1.3698229,2.196242,0.25791445,0.5544051,0.73862004,0.7865118,0.29527503,0.50705194,0.12451659,0.9437811,0.40129364,0.31276694,0.26804763,0.9448558,0.02569082,0.7453464,0.25923848,0.140086,0.031260252,0.38786456,1.0130141,0.44657433,0.49902603,0.4708611,0.2524227,1.0467218,0.023073839,1.7066748,1.0324358,0.16505164,0.14142837,0.09889553,0.33775765,0.17052601,0.104717664,0.011054406,0.57166976,1.5685691,1.6791809,0.5013128,0.18616594,1.4279653,0.81498766,1.1976964,0.7749006,1.1886661,0.060531743,0.21275535,0.6686694,0.6576703,0.6171643,0.37417254,0.2375721,0.863364,0.3299244,2.5808382,0.87109387,1.1050776,0.32177427,0.52306557,0.737274,0.16144276,0.7725876,0.31635085,0.24946266,0.16950019,0.15321544,0.07411262,0.7130949,0.16941845,0.92647004,2.9204257,0.43500587,0.6168391,1.2651001,0.07916879,0.1130765,0.5319103,0.11767185,0.4590458,0.29911917,0.34858507,0.5881131,0.8113129,0.59438306,0.3794894,0.32459295,1.1235819,1.5340735,0.032327734,0.75556546,0.3623557,1.1005342,0.9146589,0.5016361,1.1792747,0.95713353,0.21627048,0.6388705,0.84679395,0.30438054,0.5254975,0.54291046,1.0093037,0.091449164,0.47074953,2.449479,0.6598923,0.3697996,0.17153892,0.9162787,0.680625,1.2756745,0.09028581,0.46929035,0.79491794,0.9958873,0.76608235,0.3727585,0.3520176,0.35879165,0.24196613,0.25416538,0.6190432,0.8580805,0.26268026,0.40393388,2.4459198,0.38420287,0.04490261,0.6314684,0.8369643,0.9069784,0.48300704,1.0504013,0.4247764,0.44855383,0.3862294,0.8124492,1.5539926,0.6363607,0.1464002,0.22851552,1.8607423,0.15764578,0.4328928,0.48378184,0.22738373,0.03046915,0.23228244,0.50255966,0.03034304,1.5729423,0.108620375,0.7657776,0.2534528,0.22412421,1.9868964,0.59425694,0.20998962,0.22408283,0.29876515,1.4568868,0.40774298,0.5623961,0.19825928,0.03715937,0.45856428,0.04095288,0.2160258,0.0064997305,0.53681356,1.0727521,0.17102967,1.2343023,0.091068335,1.3845794,0.22844507,0.525738,0.79250926,0.67754674,0.81284285,0.096593015,all_pothole_images\pothole_images_enhanced_7972a27a131bb745deaf91d97d01e7e4.jpg
0.6981772,1.8663526,0.66020864,1.595006,0.19575103,0.93525517,0.6451999,0.013268933,0.13767283,0.91417605,0.6240576,0.29939315,0.4079586,0.7888965,0.0,0.37771723,0.47683796,0.041203283,0.35730743,0.35965478,0.15332517,2.7913752,0.25063556,2.3968203,0.67141503,0.20281568,0.5325671,1.2712187,0.3085274,0.44639602,1.4406226,0.7575843,0.119485065,0.039093997,0.71452993,0.48311862,0.7553776,1.1792268,0.5157792,1.2328025,0.19203468,0.40805447,0.39816135,0.1912227,1.4590323,0.0075000487,0.19722387,0.15188646,0.31163672,0.70994097,0.25136164,0.079895,1.6300406,0.33442995,0.7321353,0.031643238,2.324879,0.0,0.0,0.39636967,0.23417212,0.3682648,1.6279023,0.0,0.28899524,1.1944003,0.30888233,1.055308,3.8910983,0.35579085,1.1690162,1.2105521,0.03728627,0.1596308,0.60122746,1.8243002,0.3063919,0.2766574,0.2529,0.80244833,0.14919776,0.27621606,0.0729901,2.4364107,0.86259365,0.006845751,0.5266207,0.07568814,4.382491,0.4601155,0.014944754,0.38360023,0.02726028,0.9361394,0.34976873,0.013977628,0.062901966,0.49459106,0.77389663,0.1465552,0.10358182,0.19454443,0.08745967,0.83070993,0.2577535,0.6096921,0.5044188,0.004308913,0.021617554,0.9734815,0.24779245,1.4482721,0.06351293,0.5732556,0.18529345,0.67335254,0.91421354,0.80950534,0.107141,0.0473754,1.2298576,1.7788208,1.1089185,0.54653853,0.22200057,1.7531081,0.027878702,0.00627895,1.0268936,0.22268862,2.0666425,0.3545,0.668169,0.66414094,0.3530616,0.19920605,0.55644417,0.19021682,1.1065038,0.018289277,1.0512252,3.8226287,0.3132227,0.9589519,0.8968877,0.35165837,0.49792144,0.14168406,0.57115245,1.685757,0.08704814,0.9111471,0.061499614,0.20503914,1.4197761,0.13380769,0.24312396,0.19471005,0.14680442,0.038296707,0.56206614,0.6936549,0.037141178,2.9340477,0.1863015,0.077814914,1.3098526,0.1098924,0.49342376,0.28958702,0.5001525,0.0,0.41701457,0.98084223,1.2981794,0.22718531,0.88421595,0.046979383,0.17060603,0.4921003,0.8063217,0.9298859,2.870764,1.1446385,2.7352183,0.57108,0.09493692,0.5906735,0.121676505,1.336518,0.6946678,2.7685907,0.22831605,1.7722096,0.28028283,0.10000604,0.0660494,0.20206973,0.19591872,1.9903265,0.5485632,1.4598399,0.7095962,0.09918056,2.272732,1.28359,0.7367668,0.12984183,0.3542198,1.1585181,0.19914858,0.92255914,1.6704665,0.3923188,0.49768218,0.6724975,0.54675454,0.08740695,0.8046299,0.03597109,0.89003384,0.38735968,0.124531336,0.1835302,0.09963353,0.56156975,0.4178238,0.112342454,1.4435768,0.0585912,0.14690877,0.5482274,0.17695805,0.31606668,0.5609352,0.11476906,1.3054962,0.1653058,0.06450121,0.00513742,0.09140905,0.0037477745,0.1005018,0.1504189,0.0,0.22244215,1.1631299,0.1650166,0.29265112,3.2555535,0.03883693,0.08334847,0.6785487,0.0,0.04898825,0.0,2.0932555,0.34815362,0.27192667,1.1680572,0.0951797,1.4145436,1.0484706,0.07929056,0.17271933,0.39086685,0.34386688,0.28548396,2.2216454,1.0807644,0.8319865,0.010596562,0.17125104,0.35974464,0.76985115,1.010413,0.69418204,0.32961223,1.2518084,0.62852746,0.13435976,0.19015382,0.24636614,1.2560428,1.5305732,0.085119724,0.82799613,1.1903749,0.5468979,0.1349039,0.032004815,0.7551116,0.04583039,0.06459681,0.6617579,0.56414056,0.7063573,0.12331439,0.8858414,0.61965954,0.0881082,1.5188191,0.20966016,0.95283175,4.901028,0.1783506,0.7545486,1.2324182,1.4587663,0.18318368,0.37840316,0.3086465,6.3729353,0.33251473,0.12964623,0.32406983,0.8651299,0.45962808,0.4186495,0.8348474,0.036027677,1.024303,0.13253844,0.45333233,0.20319872,1.7768865,1.4345634,0.3526636,1.655867,1.1450827,4.172897,0.56678694,0.417598,0.023488183,0.18606366,0.41975027,1.2663422,0.30195612,0.09538779,0.08759144,1.7972816,0.82343113,1.2375208,0.0,0.33105543,0.6697319,1.0481901,0.5582572,0.042170573,1.2037644,0.0,0.49808532,0.012320143,0.11060953,0.230579,0.0,0.2808556,0.73562723,0.008510104,0.6124686,0.13087213,0.2148523,0.26389086,0.65634525,0.3675412,0.057359397,1.8488755,0.89265645,0.063138664,0.8709928,1.7156807,0.95333,0.77701783,0.2585771,0.29139066,1.341615,0.023355726,0.2617117,0.0,0.025107887,0.029491045,0.024995556,1.2139007,2.1785598,3.553504,0.28824642,1.0744306,0.1969724,0.4467071,2.8629954,0.7904413,1.2741312,0.517094,0.8650202,0.0,0.39643115,0.41783908,0.69229,0.5308349,0.05331165,2.5362012,1.312897,0.16205285,0.11432079,0.5999919,0.0,0.9347173,0.32714295,0.07566617,0.31915626,0.1433232,0.42337742,1.2712356,1.2204106,0.13693337,0.36792067,0.06612613,0.9604318,0.07979881,0.18296699,0.900336,0.73672354,0.55719984,0.5550251,0.17190816,0.025871929,0.18120119,0.98279124,0.11573878,1.5501231,0.5518516,0.029001728,1.2075083,0.40166822,0.23975235,3.078395,0.34755784,1.029543,0.024495708,0.17108613,1.3160895,0.10394625,0.1967026,0.02434367,0.022899186,0.063648716,1.5438299,0.5458428,1.7452506,0.49397603,1.2244967,0.13383034,1.711049,0.26710516,0.3467465,1.015279,0.67714995,0.18631059,0.5464774,0.42183384,0.71110255,0.2477883,0.24340461,0.13635418,1.0091014,0.9453024,0.41404957,0.24924566,1.7449437,1.4803718,1.2883856,0.32653138,0.298896,0.05432699,0.01996491,0.10700309,0.20598508,0.5065054,0.6532023,0.0031709932,0.39646092,2.7406774,0.55583495,0.401659,0.02954392,0.32867762,0.60646737,0.0,0.040452592,0.017192947,1.0107518,2.0019696,0.00059563265,0.40491733,0.0,0.20533536,0.3560496,0.08898017,0.011748911,0.17687336,0.28615737,3.0955443,0.37142274,0.22475612,0.020614473,0.21768612,0.0,1.791791,0.96989006,0.17196493,0.4174526,0.05067798,all_pothole_images\pothole_images_enhanced_7997eece01092694f8deb8a2938e511b.jpg
2.1848927,0.56771314,0.085250765,2.0627089,0.2858948,0.26948598,1.4822358,0.22099502,0.11905162,1.3543869,0.62751716,0.98415077,1.2543349,0.8520956,0.35409138,0.008298096,0.31127495,1.2250592,0.09899479,0.14806189,2.5013292,0.24098882,0.7598873,1.3455391,1.7674342,1.2766073,1.1790898,2.138073,0.17029917,0.07369919,0.37982222,0.099951565,0.10552169,2.6317284,0.1891317,1.9440964,0.18542844,1.4565283,0.7406465,0.0013260106,0.04124804,0.6709318,0.90217054,1.6922688,0.3670844,0.1973277,1.6100348,0.6322237,0.6719265,1.3590164,0.22160463,0.60509664,0.6929614,0.30188006,0.7794233,1.0036255,0.6819095,0.25108248,0.56088066,0.3794094,1.326482,0.30148906,0.923534,1.2971199,1.042263,2.522549,1.2121528,0.26050067,0.37488455,0.040034994,2.056143,0.008427792,0.6902005,0.009380718,0.4782173,0.06891018,0.41491652,1.5233291,0.0,0.034301106,0.8714127,0.25533637,0.96015227,0.053565565,1.014951,0.116874106,0.0761724,0.17927335,1.8630368,0.6502107,0.7666836,0.0864609,0.4568205,0.4267272,0.49721324,0.600804,0.35798836,1.0963277,0.118345484,0.43536025,0.06045979,1.7802256,0.42355993,1.5550985,0.95107424,0.50779545,0.13893026,0.48315638,0.28637952,0.53792566,0.32355472,0.20115918,1.8524379,1.4030703,1.8661878,0.1131124,0.0053647687,0.23682655,1.5212265,2.297828,1.6991997,0.63236225,0.48004624,0.9260283,0.09605959,0.5060097,0.62941897,1.1894162,0.32037455,1.0983863,0.5286973,0.1425296,0.1880335,0.030126758,0.77201825,0.54498416,1.9414663,0.5599961,0.63372636,0.46315414,0.9759278,0.701485,1.2366986,0.73555285,0.53831565,2.6696746,0.2263597,0.900662,0.0,0.860428,1.2234197,3.5801086,0.016508088,0.26030526,1.2276826,1.8054302,0.56922406,0.84265953,2.3753595,0.5398643,1.9460177,0.79482675,0.69793713,0.24717128,0.20062193,1.0289376,0.54034585,0.325683,0.51704407,1.794975,0.7522993,0.61370856,0.39563635,1.7274898,0.05060513,3.447507,0.1201549,0.015041384,0.36461428,0.3518621,0.599037,1.441455,0.06565573,1.3079065,1.3234438,0.43987218,0.0,0.6862055,0.4733923,0.8133738,0.11727064,0.9378673,0.8462403,1.673499,0.3244503,1.6520388,2.084593,0.67664444,0.5998351,1.0919207,0.85743994,1.2922281,0.1323501,0.10990942,0.0149381915,0.5223597,1.1300846,0.0,0.85548705,2.0719755,0.038483452,0.13903587,0.17241178,0.52722865,1.7363119,1.194178,1.3548117,0.50736094,1.6602241,0.030359024,2.3573163,0.09284179,0.54508156,0.31053555,0.05321646,0.1556435,0.8968153,1.6700335,1.4010626,0.9099842,0.10906627,0.037087552,1.5122055,0.65004456,0.15518597,0.04204518,1.9906064,1.2064768,0.05491015,0.0041605667,0.050283637,0.07294511,0.8106406,1.5081173,0.040497128,0.024489537,0.9451252,0.7755295,2.1348708,5.343024,0.25876456,1.3703218,0.06460573,0.0343397,0.3344202,0.53951615,0.36233005,0.9322886,0.046524905,4.846892,1.190969,1.6913807,0.71756196,0.23182973,0.39274156,0.39797756,1.4240352,0.9408102,4.245141,0.32483435,0.8315527,0.24272858,1.4280701,0.50116175,0.092945285,0.8138834,0.37594062,0.23570482,0.27970305,0.7349574,0.08945808,0.19837157,0.5151774,1.2060183,1.202829,0.7073269,1.4017375,0.057744775,2.5968626,0.015249562,0.063471004,0.5394002,0.16689876,0.36936906,0.60260564,0.13745703,1.274408,0.09480605,0.83412576,4.4766097,0.8611679,0.50906384,0.013590503,0.0,4.1571655,0.1638225,0.11529053,0.06404737,0.27481413,0.11635866,1.1502063,2.0296938,1.1575652,0.9225192,1.4498347,1.0717977,0.5232808,1.2800232,2.5401053,0.41740486,0.6611865,0.0,0.95686585,0.8816316,0.08087881,0.536444,0.51865894,0.12892805,1.2815468,0.09724519,0.83432996,0.6096114,0.0,0.16748428,0.0,0.10808544,2.5625796,0.8063068,1.1910987,0.898283,0.538389,0.4207881,2.1868,1.7250259,1.3252214,0.7161046,0.36322078,1.1153722,0.29292262,0.013186659,1.1888143,1.141369,0.101932876,0.12499707,0.52941036,0.6774201,0.09292219,1.7356797,0.9960157,0.32064596,0.79520565,0.950008,1.0030344,0.86238706,0.0,0.09889791,0.29941177,0.050069228,1.0541415,0.6240872,0.5177976,0.97256917,1.4626117,0.052726477,0.4151694,0.63779974,0.30848294,0.053405635,0.59282357,0.72089386,1.3526517,0.13853766,0.22921012,0.1786438,2.1944966,1.7653351,1.6512853,0.7105945,0.011897738,0.61956346,0.45921153,1.5219458,0.04064649,0.4999333,0.06535994,0.47738662,0.51261455,0.54798067,0.7867142,0.64247596,0.01029289,2.2311864,0.0697571,0.016143028,0.48235008,0.55271184,1.5636033,0.21322429,0.6640038,0.42674536,1.4186906,0.22180007,0.05039934,0.92372596,0.3137646,0.5374746,0.29044417,1.0400867,0.7852506,0.21647815,1.6469963,1.9118048,0.15096594,2.7158685,1.6865723,0.123688936,1.6890849,1.9818915,0.29838875,1.2593676,0.0,0.27469087,0.73034954,0.63346434,1.5809631,0.3732587,0.023454892,1.539987,0.041531198,0.45354766,1.1237997,1.2412171,0.004357731,0.19599567,0.82427776,0.062361646,0.2794764,0.9584614,1.69379,1.9180064,2.2772849,0.76312333,1.4052752,0.27226952,0.8191419,0.07169449,0.7619878,0.081407614,0.04668675,0.7694165,5.2026663,0.53168565,1.5156591,0.83935827,0.21569625,1.0935003,0.027031235,0.0,1.4167231,0.3975563,0.30889323,0.17041849,0.0038167736,0.046336174,0.52770054,0.07692318,1.3490049,1.0193219,0.4464821,0.2566374,0.37051398,0.9455828,0.2962827,0.9132027,0.6115929,0.071907215,0.19086935,0.1906413,1.1805558,0.0,0.3299233,0.89990646,0.06449289,1.1012622,0.15920112,0.6223365,0.10342033,0.55266875,1.2129908,0.54728556,1.8855876,1.7000959,0.07456405,1.2493798,1.2087495,2.288805,1.5535144,0.55713964,0.12091975,0.9902072,0.036907136,0.21760763,all_pothole_images\pothole_images_enhanced_79c1599d32368e021c0bdbf03c5adf79.jpg
0.7785722,1.3652761,0.0068251514,2.7626529,0.21702948,0.27589908,0.102876954,0.0,0.15586343,0.37500307,0.009372518,0.0,0.0,1.1449409,0.0,0.00046129889,0.066616386,0.0,0.0,0.30659425,0.60094804,1.2504869,0.0033097663,0.29508469,0.9865171,0.3660431,0.07198822,1.811107,0.22566117,0.08471997,0.6769073,0.13145714,0.039872877,0.1946517,0.0060060928,0.48642954,0.8537283,0.23117512,0.97293967,0.0,0.012282277,0.03641443,0.55499005,1.1798594,1.3911463,0.0,0.0,0.13839109,0.016313596,0.022575175,0.00018830932,0.0034634871,0.04296957,0.12392386,0.039415535,0.31785178,2.350991,0.16224623,0.0,0.01296438,0.0,0.023649478,0.66125715,0.41360247,0.18963555,0.15533921,1.2569824,0.019435719,0.027039785,0.16374502,0.3140031,0.32436848,0.37735754,0.00037711312,0.3289775,0.543576,0.016686646,0.8951458,0.0,0.0101846075,0.016081346,1.0231162,0.0071817013,1.6131014,0.050884373,0.0,0.21662223,0.16128784,2.4473786,0.03781936,0.00018450133,0.0,0.17834358,0.32119074,0.047569312,0.0,0.34712967,0.24937879,0.6042804,0.09667897,0.07960607,1.148337,0.35562578,0.0,0.37956125,0.040593512,0.9093385,0.07488684,0.0074605537,0.20132399,0.0015598631,0.16785267,2.3628833,0.10785373,0.39922333,0.98726535,0.22102936,0.020009723,0.13967375,0.1467436,1.0335864,0.14292462,0.0008911011,0.2173757,0.34824514,0.99502933,0.0,0.0,0.7658791,0.20131908,0.024245422,0.09162764,0.057741817,0.0019561208,1.4036485,0.31625167,0.31044787,0.3695318,0.9906838,0.050196096,0.017523546,0.42658538,0.041843977,0.0,0.0,0.9139955,0.0050146547,1.0152965,0.14457184,0.012416142,0.01557319,0.38491789,0.035845306,0.06663906,1.2239779,0.35022423,0.021806082,0.01736567,0.22195539,0.13255651,0.9215457,0.69222844,0.22955343,0.12397407,0.055665024,0.13224049,0.42159557,0.062009104,2.4388826,0.78773063,0.011130748,0.005493602,0.044553425,0.0040180483,0.17290808,0.48677254,0.3318844,0.004627094,0.09442913,0.0036131914,0.0,0.7119436,0.81544507,0.6538697,1.9061805,0.08542012,0.0009783792,0.15525056,0.044372287,0.435804,0.010666895,0.32606766,0.020118188,1.4162061,0.2707581,0.0,0.6200972,0.011210167,0.6627274,0.27945164,0.19663475,0.7123647,0.00069968984,0.7041411,0.024195278,0.039557934,0.013447394,0.049629252,1.2613751,0.10551864,0.0,0.0,0.9775319,0.57530975,0.96578634,1.6137736,0.0,0.16641292,0.022468522,0.20442225,1.2326653,0.0,0.006492731,0.2290403,0.0,0.04708254,1.3936882,0.0,1.8481224,0.107799545,0.050907165,0.08548173,0.1850713,0.24525014,0.05685199,0.22836755,2.3546581,0.0,0.023571247,0.79370993,0.22070092,0.084343225,0.25182298,0.16650772,0.0,0.0,0.9816112,0.0016917042,0.08000524,5.3802824,0.01744791,0.18544962,0.03799292,0.04587997,0.0,0.0,1.2825977,0.014607918,0.21242777,2.9529545,0.28270784,0.34984806,1.5236523,0.01584554,0.10787824,0.13914505,0.43892643,0.30138832,4.164002,0.0,0.046510734,0.0,0.2684173,0.061879404,0.37794068,0.7817558,0.35460025,0.110513814,0.021618519,1.0124791,0.49905014,0.15739317,0.08687522,0.10394167,0.011767521,0.19597849,0.5339144,1.0243264,1.2194228,0.015621887,0.0,0.00020793633,0.113097034,0.74863946,0.31562346,0.020107144,0.03051417,0.0044825,0.12297097,1.5408415,0.40757146,0.27146086,0.033027675,0.024055703,8.148104,0.62719905,0.0027575905,0.22137447,0.0,0.6004778,2.2234357e-05,0.13041578,2.3503194,0.053329088,0.0,0.33515346,0.0051918775,2.2026606,1.4901514,0.0401599,0.27215302,0.0,0.014042645,0.05456569,0.030696476,0.23739772,1.6685985,0.14034729,0.0010457905,0.32467338,2.9773524,0.0,0.04522291,0.028661732,0.102772534,0.0033608049,4.406206,0.06216746,0.12569003,0.34224972,0.38383418,0.92225987,2.7039495,0.974569,0.33324322,0.025373979,0.18140095,0.25446463,0.6069389,0.012063618,0.22519821,0.036529485,0.0,0.9560102,0.060667124,0.0016204164,0.21639986,1.0011144,0.7168102,0.30142817,0.0,0.044093918,0.013276821,0.5482474,0.0,0.018711437,0.6363587,0.12552038,0.03212717,0.10285658,0.45728284,0.08413494,0.027451262,0.04248416,0.02028474,0.3403871,0.23584077,0.0,0.4168625,0.46132067,0.0031582774,0.048079547,0.28131324,0.017046135,4.064275,0.59882605,1.1848942,0.0023056753,0.0596005,1.0181406,0.46340224,0.21405897,0.0,0.0015634829,0.0,0.0,0.04839969,0.0028156657,0.0,0.068218865,0.24627517,1.1422892,0.2805223,0.20395115,0.19959204,0.735495,0.34304643,0.04221917,0.56776017,0.18959919,0.025073087,0.0,0.0,0.104080595,0.0,0.057386708,0.29611742,0.31952035,0.06330764,0.0,1.2403429,0.046516754,0.120271936,0.37225956,1.1839004,0.3752073,1.6038749,1.1724378,0.17258263,0.07543684,0.42323506,0.0,0.00042199233,0.0022960051,0.0,2.817148,0.023352198,0.019005533,0.0031946143,0.30950934,0.17206421,0.5109306,0.22311549,0.060748667,0.3365048,0.06024156,0.19749114,0.16322246,0.71023405,0.31024313,1.3690714,0.12566817,0.3004447,0.02102465,1.0241224,0.41750202,0.0,0.2201478,0.04294634,0.14842187,2.386322,0.0064160675,0.11829886,0.0022051102,1.7416562,0.0,0.0,0.052152913,0.053897817,0.6886582,0.053817805,0.0,0.12695843,0.11643614,0.43829188,0.022115026,0.06949647,0.105199784,0.09911274,0.46690002,0.00072490453,1.2849706,2.6236098,9.755666e-05,0.06588481,0.0054689194,0.0,0.1138378,0.00062919006,0.0,0.021663148,2.5917606,0.0,0.0,0.0,0.017484203,0.15669899,0.05198316,0.0034901712,0.0,0.30566078,4.348493,0.033038422,0.09813713,0.0,3.3192568,0.8918259,0.29803824,0.1709546,0.87562853,0.0,0.42634898,all_pothole_images\pothole_images_enhanced_7a1bb0f025468f661b38abc61b9e9ebd.jpg
0.3304937,0.29927388,0.25147822,1.958134,1.1594535,0.061908834,0.6777901,0.0,0.20996526,1.0795738,1.4890871,0.033008073,0.20864579,1.8848147,0.28114355,0.46594486,0.36763516,0.3095801,0.44624585,0.65779734,2.1538203,0.42187214,2.443635,4.139783,1.6296724,1.3863019,0.7053806,1.5015956,0.20749335,0.5053554,0.9542529,0.06882759,1.0986221,1.3191161,0.802842,1.6428381,0.7168981,1.391441,0.12014504,0.09884052,0.16051817,0.65049285,1.9868077,1.50026,0.4643339,0.9239752,0.8234475,1.8482844,1.2247082,0.098187074,3.3566482,0.7747393,0.7125033,0.085526414,0.12918453,0.39194706,0.6444695,0.2065519,0.73516035,0.4459465,0.20880282,0.80976003,0.8489457,0.41249973,3.4123282,0.91663325,0.6837986,0.04900874,0.03187219,0.4599284,0.4616628,0.0370478,0.5781785,0.15615365,0.3741588,0.42670202,0.35311717,1.8990393,0.008709459,0.5355669,0.10572116,0.3018519,0.6776573,1.7425605,0.1984436,0.9180223,0.010618559,0.08685417,0.71526426,0.2440693,0.51406246,1.4212306,0.40921044,0.1087036,0.43224475,0.2546797,0.39371574,1.9975467,0.5721059,1.2514844,0.13412097,1.3139863,0.5070725,0.36548334,0.9494188,0.3802104,0.16599101,0.57200813,1.2387176,2.2645237,0.1121114,0.3193941,0.45844224,0.6837352,0.70942295,0.04674268,1.7293315,0.25194886,1.8745087,1.8777354,1.1118404,0.6561827,0.6408281,1.0653712,1.6330914,0.24190985,0.2900678,0.55998534,0.017971018,1.5497215,0.3886454,0.04989602,0.10436656,0.10071539,0.10546716,1.1051346,0.18971583,0.2518033,1.1944019,0.038924035,0.19432667,0.26131037,2.0290039,1.5845158,0.3227796,0.5192941,0.29330835,0.08499522,0.026930239,0.34690315,0.6388886,2.0249581,0.11887042,0.80396885,2.1231697,0.5829946,1.5425915,1.3868746,0.3762362,0.87970096,1.2381556,0.20419472,0.953729,0.45614585,0.6800291,0.030879185,0.33267885,0.62927663,0.87913245,3.610646,0.42238438,0.07051349,0.19692662,0.13072334,0.17457956,2.6975245,1.0734962,0.29473102,0.24833134,0.8064055,0.5848022,1.3715085,0.23566888,1.4306979,2.3466904,0.28595236,0.059707485,0.16061886,0.17173617,0.6182233,0.81099904,0.043071277,1.9201097,1.0345671,0.39400738,1.0506516,1.8525922,0.6595679,2.4949949,0.5261677,0.9835509,0.46701494,0.2507403,0.6781652,0.1614169,0.27397388,1.0198103,0.18227838,0.93252563,1.5407466,0.5633337,0.3560431,0.6355813,1.1341716,1.1925066,1.0504923,1.7168036,0.35615805,0.6388393,0.34340933,1.0127538,0.22249305,1.0117134,0.7567843,0.19733909,0.22313292,0.60792047,2.4578884,2.341699,1.2296547,0.0015809686,0.15906101,1.4929296,0.862616,1.5731264,0.09424006,1.2400377,1.1489251,0.22558154,0.45878264,1.0553228,0.039778907,0.6572129,3.2048182,0.48840877,0.02426472,1.2999486,1.7343289,0.7858345,2.458526,0.038446624,0.17424451,0.07885253,0.08208591,0.78239626,0.4184278,0.48877352,0.50354916,0.14433026,2.7508254,1.959817,1.758994,0.74806684,0.12966704,0.487717,0.23929192,1.3632501,1.7630267,0.90047467,1.3579513,0.08404325,0.18326627,0.6966442,0.8863642,0.3653207,1.5253314,0.33905894,0.1928999,1.9149379,0.5709354,0.579289,1.0758178,1.3547213,0.32869726,0.66992605,0.30011076,0.6792822,1.2573303,0.93241805,0.05035889,0.007101214,1.0979275,0.33886376,1.8604412,0.049798734,0.82925093,2.3850884,0.08618492,0.033500973,4.086314,1.2300034,0.9813612,0.5752752,0.012852392,3.3844573,1.4230782,0.027702214,0.026192505,0.75366896,0.76503223,0.6429936,0.6925859,2.1443877,1.9954385,0.48799303,0.273991,0.073168896,0.79794973,3.6039684,0.34342715,1.1758766,0.082933776,1.286352,1.7210368,0.8884542,1.3539723,1.5036649,0.927132,0.20263846,0.93494505,1.3866094,0.051273942,0.787514,0.8803636,0.11382103,0.37826806,0.521983,1.0245272,1.0682309,0.3392351,0.49672452,0.0098204855,2.0340116,1.402936,0.008941984,0.40442058,0.68079156,0.059179246,1.4294436,0.057434402,0.18299061,0.82158875,0.13062307,0.93059343,0.5375905,1.00938,0.41762736,0.538883,0.22403145,0.2350784,2.8216343,0.92155385,0.8191683,0.33998924,0.58887106,0.18207887,0.27458724,2.0848296,1.7513562,1.6885622,0.6531859,1.065554,1.4238633,0.3842238,0.62233996,0.6099669,0.633272,0.49472567,0.68591076,1.1232843,0.84972894,1.0706713,0.76070184,0.82270694,1.8395821,1.2433174,3.0717258,0.7784316,0.048722964,1.7820579,1.5004277,2.3152866,0.35184896,0.73408586,0.12584811,0.30862135,1.9823132,0.6009931,2.4880507,0.47466984,0.53802943,1.2286317,0.231039,0.26819292,1.2000939,0.030743496,1.0748175,0.07281159,1.3932337,0.39791432,0.18601999,0.43441233,1.0674089,0.069486216,0.27109605,0.27981892,0.2499726,0.8541828,0.37176886,0.7445313,1.1756651,1.0413686,0.30382982,2.743919,1.838256,0.83840346,1.9012672,0.6745975,1.8214628,0.6202278,0.21822147,1.0788019,0.012340482,0.65126354,1.8110851,0.4869125,0.5070722,2.253546,0.16665803,0.0,2.2468271,0.58981705,0.23263331,0.88863045,0.23392057,0.540957,0.69665027,0.3354077,2.5228515,1.0705744,2.8203156,0.416077,0.5677044,0.46512455,0.8675111,0.16247459,0.17866138,0.7117643,0.2289807,0.82819915,4.53282,0.50580007,1.5236994,0.9612199,0.029108275,0.78631145,0.12204495,0.13627398,0.26182863,0.4338438,0.16827887,0.14686194,0.40090084,0.35450783,1.1757854,0.24808553,0.48817584,0.69935465,0.9634418,0.2097236,1.6013297,1.5885127,1.1375275,0.8616694,0.5860459,0.34870178,1.7767081,0.1774123,1.525637,0.0509823,0.5295159,0.37239793,0.25311586,0.07359935,0.38784447,0.34574765,0.20167302,0.6335279,0.5079975,1.7674924,0.49866843,4.0293813,0.36139494,0.53669566,0.2641939,1.0533998,1.4525335,1.6827484,0.2023417,1.0204872,0.06615908,0.20600568,all_pothole_images\pothole_images_enhanced_7a73fd7555f8259a002219f1dea27320.jpg
2.5234358,0.95569766,1.0254672,1.0035932,0.95511997,0.41872317,0.30706868,0.013233325,0.9961912,2.1070454,0.7674057,1.5079331,0.14663291,2.864235,0.5189609,0.15848666,0.7170214,0.057175707,0.03250847,0.6579812,2.567133,0.94099796,0.34472087,0.38106552,1.8765591,1.3671831,1.00563,3.9336605,0.116777144,0.0,0.029440675,0.30817133,0.015937649,1.2489011,0.2740854,0.9802274,0.36232108,0.95284396,0.76668954,0.04447686,0.00074518454,0.046213474,0.38379878,0.69263226,0.51016194,2.754343,0.2482361,0.749986,1.1688343,0.044256102,0.58683735,0.778579,1.2221972,0.17116071,0.5481575,1.5000043,0.17174055,0.034011923,0.54550433,0.052559827,0.32242218,0.025275318,0.117859274,0.32692844,1.051845,0.88991576,1.5886456,0.8529752,0.21427593,0.00039363516,1.3677579,0.26481667,0.19950101,0.36306602,0.61043537,0.13883927,1.0947644,1.1176164,0.024645206,0.5764553,1.1637176,0.48721227,2.5421467,0.49195355,0.52815306,0.1933721,0.5888598,0.04467143,0.44062245,0.7552493,0.43933526,0.03745594,0.42806616,0.3685012,0.5550356,1.4045107,1.6582022,0.6893013,0.3162558,4.0639305,0.23833634,1.9939176,0.1726734,1.1403637,0.9282804,0.5387159,0.52101564,0.7401518,0.034901552,0.60616237,0.0,0.8621794,0.99600095,0.024780696,0.9758388,0.31026787,0.10932519,0.26085788,0.7321912,0.725418,1.3459332,0.043250814,0.041563462,0.62798166,2.4935017,0.86244637,7.1951118,0.10583704,0.670186,0.37436652,0.040263142,0.0,0.029330175,0.5654491,0.71648395,1.8026156,1.7800366,0.012916479,2.3608103,0.0,0.46467736,0.89774245,0.2148926,0.9652041,1.665357,1.8721992,0.3374102,0.12048369,2.790295,0.14243664,2.7968364,1.0736498,0.13390994,0.451921,0.7235892,0.3780957,2.0274794,0.14739698,0.41228008,2.5591197,0.24364696,0.20492218,0.1495945,0.9143683,0.08519609,2.0126708,0.11759857,0.8785134,0.4908215,0.76205075,0.0061487984,0.044498473,0.6331517,0.077547215,0.004361044,0.4814172,2.411254,0.310268,1.5067663,0.6310604,0.4227912,1.6503904,1.3056971,0.6747785,1.546346,1.8192556,0.057767186,0.5262152,2.699144,0.055377,0.9785596,0.50212646,0.99699306,0.18950337,0.4833725,1.0352086,1.3116786,0.108785056,3.051472,1.0373795,0.6791764,1.1630055,1.0097386,0.9489975,0.5624584,0.0,1.1615589,0.2591778,2.0276432,0.68379134,0.036888916,0.9353435,1.1358906,0.53076774,1.3034062,3.194272,0.70221597,0.0,0.4792541,0.15408449,4.4249053,0.0,1.7333399,0.0,0.0328804,0.6102084,1.0745469,0.04050321,0.95950645,1.0724443,0.0,0.0023458023,0.07617554,0.09302175,0.25029463,0.025445174,1.796103,0.33636227,0.36413682,0.074092515,1.0725275,1.6479665,0.0,0.3478654,0.25318074,0.14650899,0.62238204,0.25047347,0.11789743,3.4435549,1.0453776,0.26313645,0.07339169,1.2942696,0.29380983,1.1409712,0.32251042,0.09394611,0.7147759,4.075855,0.26512945,2.841231,0.35791552,0.009355551,0.03067477,1.2515866,0.54384977,0.17956825,1.8139648,0.44927838,0.98423713,0.0101370765,0.16931768,0.31952876,0.2473547,0.25187752,0.21772064,2.0920165,0.8808217,0.7268584,0.32908073,0.32931086,1.2159173,0.14542076,0.23339917,0.108911246,2.5715997,0.18247686,0.8754691,0.0,1.0448396,0.7476189,0.16668111,0.15738176,0.25044638,2.761954,0.6181867,0.0026267206,0.27260938,4.875097,1.9284866,0.37437204,1.025553,1.7550304,2.6103039,0.49506608,0.7430932,0.4437276,0.811231,1.0263069,0.59736377,0.7045064,1.2565298,2.1451328,1.0971135,0.8354192,0.7603329,1.1548352,2.8519566,1.0978932,0.020705368,0.72521216,2.970274,1.4494529,0.39480957,1.9844743,0.3425246,1.1814862,2.101539,0.16412617,1.439467,0.057400197,0.36242834,0.44383395,0.2586172,0.7486798,2.9648724,0.75516677,0.016803863,1.7976792,0.28526172,0.102028504,3.0546043,1.2417946,0.9234678,1.3007412,0.5708075,0.58999705,0.9195474,0.00414598,0.8718196,1.0102062,0.5464405,0.77747345,0.4096162,0.0,0.450359,0.14326501,0.0,1.6176927,2.4173021,0.035666503,1.7367225,0.54868346,0.40713114,1.6872187,0.71950716,1.074587,0.27204275,1.5108032,0.08183153,0.48370475,0.61876553,0.18875732,0.111872226,0.36713615,0.0,0.06615992,0.4116509,1.0251139,1.7597338,0.09376939,1.1037029,1.4521378,1.9340034,0.6407701,1.5266304,0.012660997,0.998563,1.080321,1.4956229,1.0272646,0.6311685,0.937216,0.64158374,0.16345008,0.8317773,0.48478928,1.9302237,1.293226,1.2960589,1.588557,1.3682578,1.0117127,2.438999,1.3183383,2.4363382,0.32601097,2.2228768,0.14397615,0.39460084,1.0972037,1.1182257,2.5465546,0.010357133,0.17297016,1.150561,0.8934922,2.2474356,0.9357804,1.8933147,0.2395196,0.0452333,0.21804538,1.7984961,0.018222498,0.70634687,0.15831205,0.19314568,0.67213273,0.88904494,0.0059062745,1.6086382,1.4661149,3.190607,1.1911862,0.55588853,1.7009451,0.25981575,1.0847805,1.106823,0.04519838,0.035282888,0.98916954,0.39176685,0.026153067,1.7366921,1.5128751,0.17568117,0.3672072,0.90726686,1.5170072,1.7316045,0.008457488,0.33573255,0.47365144,0.83201367,0.25438675,0.12552498,0.5349523,3.202814,0.22381091,2.2055357,1.9833893,0.8559672,0.16208093,0.59752643,0.019815747,2.3133025,0.54430974,0.5352494,0.1949123,0.12745385,0.24928284,0.6333555,0.03402039,0.62745273,2.0344882,0.34436703,0.26780546,0.72709244,0.7940181,0.38371462,0.890636,0.14208959,0.052827444,0.09362263,0.0046533933,0.0,0.0015598853,0.80975354,1.249331,0.92774236,0.9472807,0.004240294,0.041511614,0.24181394,0.0049823243,0.060169872,1.785496,0.14248759,2.4076273,2.1088073,2.679031,0.9737181,1.260628,0.4406412,0.016602391,0.04891656,0.23866926,0.094432235,0.006523548,all_pothole_images\pothole_images_enhanced_7a88266fc80aa8fbd32d0f20697a4623.jpg
0.19662689,0.31950703,0.68125063,1.8445069,0.52571684,0.04261154,0.16252321,0.0,0.17710972,1.0368332,0.120015316,0.011005546,0.0,0.65343803,0.0,0.17856394,0.0,0.47164553,0.6253818,0.019250873,0.5749335,1.9409705,0.39304596,0.09277032,0.9671006,1.5194749,0.7849004,2.685701,0.04914198,0.13066478,0.18784277,0.09955578,0.6552302,0.0121912155,0.047184117,0.46932092,0.738139,0.8891027,0.14622715,0.06322387,0.0,0.7637419,0.6240087,2.389573,1.1690701,0.114000924,0.596022,0.0,0.6247186,0.006691083,0.155663,0.38725534,0.12693337,0.13169059,0.008273894,0.39337093,1.2858598,0.021445053,0.0,0.007540562,0.0,0.09405679,1.56748,0.49292216,1.2666336,1.5211666,0.06514952,0.0,0.0,0.19994792,0.2068774,0.8632552,0.027227601,0.50629294,0.0,0.37170005,0.13057965,0.1582865,0.0,0.0661611,0.08729796,0.0,0.86549824,0.64971524,0.0018007916,0.0,0.37071604,0.0,2.0968587,0.35479915,0.22687703,0.56641096,0.03535801,0.0,0.19154201,0.005854494,0.16059121,0.639357,0.9078112,0.32964522,0.011970692,2.9216485,0.31115556,0.0,0.54563963,0.034647215,0.1743861,0.13498788,0.5897025,0.50019157,0.06403374,0.8406627,0.48113605,0.07373104,0.77076143,0.10070384,0.21078815,0.06252253,1.7606696,0.92456067,2.1295354,0.0073389434,0.15517345,0.7514909,0.045103643,0.19115782,0.013925484,0.0474629,1.0067486,0.019082543,0.020827342,0.014578129,0.0,0.0039878953,0.0,0.02127968,0.005884842,0.503191,0.6823972,0.22481334,0.22916609,0.0,0.3461514,0.23428275,0.15113668,1.3320101,0.09825687,0.0016470028,0.3258745,0.72708535,0.002113855,0.15387245,0.0,0.013647157,1.1447726,0.47875157,0.20634417,0.03110114,0.50830984,0.45449364,0.65976435,0.68986166,0.3391327,1.8351418,0.46306625,0.014291658,1.4942533,0.6179156,1.5342108,1.2302157,8.4499734e-05,0.23746233,0.099765286,0.03787844,0.099423155,0.04662124,0.3411479,0.19482647,0.6221637,0.009853007,0.04179043,1.1155742,1.718828,0.0848508,0.98242575,0.20059945,0.51944804,0.12251432,0.12927344,0.1911962,0.005830223,0.0134074725,0.0668584,0.67797357,0.7415371,0.0,0.7199834,0.14428869,0.34476003,0.11791853,0.27236912,0.27557945,0.045033455,1.1677294,0.5539968,0.22530377,0.17048298,0.00521368,1.3295075,0.13022606,0.078590974,0.059941348,0.57946306,1.2711039,0.049973283,1.3084027,0.18185407,0.0024013415,0.05312283,0.35817462,1.7623543,0.0047977385,0.18742599,0.0048036333,0.032886773,0.32742727,0.9552486,0.027970843,0.86192936,1.5243387,0.78338575,0.75357616,0.075785905,0.08585193,0.6771978,0.017159048,2.5280156,0.044043023,0.0064612566,0.4643533,0.0,0.10474508,0.17274083,0.46984082,0.7220061,0.0,0.22897841,0.19063328,0.004763466,4.682569,2.4492624,0.029535897,0.0,0.123576425,0.0,1.0136825,1.0449002,0.09921893,0.78464687,1.9236346,0.00025576868,0.38209146,0.20252831,0.40963024,0.06498914,0.7477186,0.0029322808,0.6607422,0.56696796,0.044582732,0.022566916,0.0,0.009350181,0.024035882,1.2824188,0.33979812,0.0,0.00022327853,0.12755105,0.22667885,1.4829184,0.14232917,0.3048429,0.044337798,0.01810439,0.1982576,0.7900239,0.5919914,1.282045,0.014554414,0.0,0.17834663,0.028144188,1.184469,0.02428035,0.4374736,0.27710575,1.4112127,0.19201592,0.9952126,0.5930054,0.12984243,0.0052763843,0.032451916,8.117739,0.34182212,0.08817949,0.17970563,0.015415454,0.20170476,0.1997,1.4667938,2.1842823,0.75107753,0.2744816,0.39209738,0.03783461,2.419239,1.8966069,0.4129613,0.22133231,0.0,0.04269372,0.0049944343,0.15945001,0.00057673064,0.83225715,0.019222198,0.04155864,0.005637624,2.09917,0.0,0.0,0.28232235,0.17898642,0.036633432,1.8592738,0.2287911,0.27152932,0.08492087,0.3321171,0.6205468,1.8582511,0.065121874,0.080308534,0.13227932,0.040191162,0.38830808,1.2286171,0.36883053,0.9326885,0.12506434,0.08184325,0.16471285,0.021642946,0.0,0.030276688,1.8050138,0.0097728055,0.18229194,0.07589842,0.044911128,0.27952605,0.064911805,0.23132414,0.0026938578,0.16024834,0.031033529,0.10738657,0.06569053,0.1638243,0.09207593,0.7201961,0.0,0.051768057,0.043861583,0.025086645,0.076310225,0.16549459,0.09747331,0.26748216,0.0,0.1614594,0.36601263,2.0461671,0.6478193,1.9435321,0.0041249353,0.17917761,0.110870846,0.4267538,0.048392795,0.037165195,0.81017864,0.096180886,0.004070707,0.32210913,0.31456792,0.005911031,0.05374197,1.0782164,0.8201209,0.0056093256,0.070193484,0.6462747,0.561634,0.0,0.74219984,0.024182316,0.012845562,0.051779207,0.15621737,0.0,0.14904742,0.120011985,0.54164845,0.5878872,0.80927837,0.09220501,0.0614739,1.7621237,0.15661082,1.3968178,1.6180485,3.0025985,0.6924487,0.10979255,0.36670575,0.083351366,0.08009029,0.19193886,0.019986259,0.11805777,0.14227742,0.35053232,1.5074341,0.34284857,0.79932207,0.0,0.07095284,1.1945966,0.26737282,0.05365261,0.051250316,0.9053726,0.0,0.12470163,0.12943992,0.10145181,1.2694539,1.1519506,0.0523991,0.19667043,0.20313807,0.18682304,0.23567793,0.59347075,0.25878242,0.489202,0.80566317,0.71358776,0.067357354,0.78546435,0.20066567,0.1018895,0.0,0.0018005873,0.042511977,0.07153036,0.40270755,0.09525023,0.34575048,0.17682967,0.0,0.5872027,0.033616774,0.010585431,0.7693321,0.6123146,0.0,0.014372268,1.4162897,0.59890836,0.07561594,0.07311608,0.042082008,0.44222036,0.35186437,0.23122165,0.0,0.058478586,0.9197123,0.036631703,0.27852824,0.0,0.025396323,0.28927204,0.0075885616,0.021258615,0.0428257,0.20194101,2.5820878,0.03193347,0.053076655,0.15316528,1.0975181,0.05568956,0.025331309,0.11687066,0.6003867,0.11022318,0.07921279,all_pothole_images\pothole_images_enhanced_7aec31f564f6b2aa251b712aecee9277.jpg
0.86503005,1.6567115,0.29169264,2.227693,0.16910231,0.3022478,1.0618362,0.35856035,0.41075745,0.6346261,0.5430136,1.3362352,0.9287556,2.092523,0.35494697,0.56718004,0.4880566,2.2152832,0.9969157,0.23237932,1.3375515,0.9802817,0.96808904,0.17203763,2.0449898,0.27787018,0.81245935,2.7636843,0.3731278,0.23146582,1.1710052,0.07697166,0.62792915,0.0054401495,0.5028137,2.1724126,0.04117348,1.020254,1.0042756,0.3180421,0.006278112,1.4412333,0.09542558,0.4530188,0.25461605,0.22989334,0.6369828,0.84112686,0.014547468,0.10017354,0.10343133,0.21970901,0.71248376,0.2113191,0.050362363,2.5006518,0.53747565,0.019489923,0.5815671,0.39916041,0.90924317,0.27721053,0.9629128,0.3058182,1.2648033,2.4399762,0.2081763,0.2235453,0.04697644,2.0637805,0.5388766,0.066297494,0.19098517,0.099201664,0.018830808,0.025709774,0.5761648,0.2781943,0.24246019,0.25451607,0.5876715,0.01775289,1.8757442,0.727558,0.193209,0.054314982,0.15581483,0.014891772,0.642454,0.022043863,0.13227388,0.6351551,0.115316056,0.24376374,0.45644724,0.34599856,1.1842746,0.7199249,0.56276065,0.49329376,0.37587243,2.9432843,0.6724055,0.29451802,0.7871989,0.044949476,0.1422287,0.7923816,0.2505961,0.198463,2.1250641,0.44549796,3.2635558,0.3972055,0.89346516,0.12827638,0.059017584,0.06762359,0.28821307,0.56990826,1.6576273,0.007593179,1.2099633,1.7626536,0.78023356,0.80353093,3.9555068,0.7901527,1.6766475,0.36850712,0.8291781,0.45390612,0.0,0.19795011,0.7016251,1.7591931,2.5711288,0.03687902,0.5333671,0.2454871,2.6365652,0.131363,1.1649678,0.80011916,0.115758404,2.9006784,0.0075819343,0.4188294,0.2897714,0.06254628,1.2278006,1.4801048,0.04350729,0.06566429,0.26630476,0.04622922,0.8099242,0.09126381,0.9892708,0.43557364,0.8141928,1.3900129,0.09060196,1.9186716,1.1900172,2.035237,2.3903513,1.510938,1.9017563,1.9637417,0.72301364,0.3143011,0.013850098,2.389726,0.40173626,0.24279763,0.62997395,0.7457244,0.28125712,0.5790945,0.06501711,0.6948298,1.6217436,0.10340093,3.035967,0.037718516,0.8287278,1.055297,0.051415194,1.1594336,1.2605305,0.45397443,0.09084855,1.9230745,1.2129542,0.027774032,0.40001148,1.528718,0.0930852,1.4574811,0.2937407,0.63444173,0.45638028,1.7050229,0.20582035,0.045509282,0.986143,0.5377256,1.3879558,0.9944868,0.0,1.2805364,0.63011116,0.056570567,1.8832805,1.4358025,0.7386308,0.8085527,0.654978,0.45113564,4.021474,0.280038,0.47270516,0.1092105,0.015743453,0.15366665,1.8690817,1.5381815,1.0960083,0.94138414,0.3561388,2.2082186,0.38386422,0.16990654,0.2523617,0.033517305,0.590763,0.50145644,1.2391028,0.33154374,0.03939106,0.01635568,1.2758775,0.12391333,0.9477877,1.8839896,0.26915887,0.31773412,1.1777959,7.2821693,1.5800735,0.4297937,0.0977063,0.28770387,0.024666626,0.33851618,1.3797055,0.5527886,0.7545306,2.878918,0.14279403,0.14102207,1.4643645,0.073377505,0.112585716,0.6941806,1.0760107,1.221009,4.223946,0.8733929,0.32367107,1.1610626,0.2892439,0.06871049,0.7898446,0.6722552,0.06653873,0.55473894,0.53482246,0.79825795,1.2773004,0.041149814,0.5792114,1.1272043,0.48518425,0.49215946,0.4399294,0.07459567,3.752209,0.14240184,0.0061446927,0.6168588,0.22443593,0.9543245,0.24983902,0.73331153,0.17310269,0.5778207,0.28040096,2.2738752,0.14672859,0.45135662,1.2532102,0.033572618,4.120382,0.010336218,2.0105228,0.09604757,0.08941515,0.9368686,0.6676175,0.68100893,2.1275704,1.2400221,1.9632934,2.3368208,0.35358152,2.2754734,2.9239008,0.5620411,0.080348104,0.020643886,0.81726885,1.2986426,0.9086943,0.0889979,0.14648068,0.0065753143,1.3227559,0.21956323,3.1184075,0.30478433,0.1886286,0.7484548,0.03779957,0.0,1.9921161,0.4087575,1.0031246,0.10710913,0.16365315,0.14104865,1.2680492,1.0439937,0.6806069,1.4256696,0.45112535,0.37577695,1.1762319,0.5734785,3.0175774,0.14628652,0.2663019,1.045793,0.2909852,0.06658231,0.16044983,1.3892341,0.017946295,0.104996994,1.3767923,0.9838064,2.1689863,1.6755232,0.005897508,0.0015644949,1.0851704,0.008431737,0.15124072,0.80902267,0.1829885,0.036570888,0.3504458,0.1177388,0.08152134,0.35212776,0.03311176,0.85480815,0.7927476,0.33812004,1.345481,0.28600737,0.23753065,1.2186013,1.5864193,0.33426058,3.1832125,0.13699959,0.201799,0.6158986,0.77786523,0.2982011,0.086694635,0.15646169,0.0977233,1.1031903,0.18930945,0.556216,0.013361343,0.99611676,0.3590769,0.89004606,0.75184566,0.67847115,2.3131561,0.012759739,1.1269755,1.057464,0.15695882,0.4879717,2.8379989,0.6255225,0.09073331,2.9071941,0.81020963,1.0738654,0.63629717,1.1493479,1.3497128,0.73629946,3.9620588,0.08292109,0.8242899,0.8758316,1.9025334,0.13032268,0.39705256,1.809929,1.3780396,0.16060759,0.6199905,0.44202545,0.0031077994,0.38078472,0.11137174,1.0447203,0.086229496,0.81299543,0.18416145,1.5589763,0.38694596,2.0411682,0.2680413,0.087146156,0.11743069,0.011266511,0.45175365,1.9437754,0.50288516,1.729054,2.0286844,0.13805316,0.87147754,0.17697798,0.19110358,0.8889562,1.4732134,0.15447602,0.2000278,0.105357535,2.728895,0.06007102,0.25932807,0.22375755,0.41150168,0.45977306,0.0013270694,0.0,0.13074172,1.6199918,2.0004263,0.7779518,0.0869867,0.73395956,0.26756367,0.016778069,0.91021353,0.8587642,1.0357366,0.07251037,0.13692531,0.40136972,1.0239176,1.8011343,0.0,0.49224463,0.20574217,0.011064812,0.4739778,0.26133832,0.14266561,1.3665135,0.21168794,0.9053101,0.0006914461,0.47086924,0.10621602,0.027154015,0.33878955,0.39168626,1.0315195,1.5783082,0.14594641,1.3655987,1.9210134,1.2669387,1.2243147,0.44920617,0.3819032,0.19588286,0.060750857,0.5875886,all_pothole_images\pothole_images_enhanced_7af6f661802ed38153ba052523f4b56c.jpg
0.30111417,1.2358395,0.14183,1.2205656,0.43780932,0.06729917,1.4755254,0.0,0.3994006,1.198991,0.64995396,0.23452017,0.09905249,1.0337378,0.0679368,0.3581433,0.13338059,0.45586142,0.6518153,0.58804,0.6445374,0.27143857,1.980819,1.881832,0.9885171,0.45650005,0.068816416,1.1960795,0.0066644875,1.0221752,0.27515194,0.32694992,0.27668804,0.8905152,0.24861346,0.5029377,1.4422686,0.3912594,0.5765144,0.15160659,0.071080275,1.0332451,0.51040864,0.57193685,0.3633355,0.33410037,0.22460267,0.4913191,0.16086262,0.02606477,0.35416925,1.4684213,0.337766,0.95523614,0.44988304,1.3381541,1.4054017,0.75362545,0.597401,0.019555125,0.23156835,0.91666746,0.41355357,0.5826275,0.51177555,0.9182985,0.6059464,0.48549753,0.03052168,0.33923784,0.64848846,0.2253984,0.3814691,0.12730248,0.28870773,0.36621147,0.0060355985,0.70178145,0.059651744,0.20642197,0.5670181,2.0400047,0.11564653,0.73717666,0.19306245,0.44246888,0.032950908,0.032342166,2.0885355,0.7965125,0.07843052,0.3488617,0.030451212,0.02230179,0.4078457,0.07275405,1.1612543,0.8368554,0.06031067,0.3088442,0.0033865257,2.045224,0.37915358,0.09934789,1.9004718,1.8948239,1.0495055,0.19893342,0.18626927,1.5448427,0.08548352,0.44701207,1.7218783,1.3184524,1.8052739,0.48332506,0.081380874,0.2515368,1.0041922,0.13474919,0.7575725,1.0845975,0.22265099,1.0060503,1.1597117,0.29892257,0.12080886,0.06942683,0.51773846,0.16963018,1.2139249,1.2409797,0.4725299,0.20191959,0.28860974,0.8971729,0.117234595,0.0,0.012491912,0.28762436,0.35908166,0.2221334,1.1830195,0.46642494,0.095033355,0.5248116,0.07763914,3.5091257,1.2295214,0.16567539,0.24096294,0.9737846,0.76275355,0.008476973,1.0519996,0.90813977,0.14905748,0.21866322,0.53095526,0.5688675,2.1047647,0.84501994,0.0,0.8578454,1.0384508,0.22336686,0.24469532,0.14239538,1.3790865,1.6438439,0.3752171,0.061321616,0.029587692,0.4241241,0.9738704,0.59084564,0.5226774,0.03315193,0.03365138,0.27114543,0.019707305,2.09776,0.35657907,2.0803335,0.7246119,0.5212365,0.06139732,0.38448137,0.36452648,1.012832,1.0053048,0.035511594,0.41600978,1.3412541,1.3443826,0.5195066,1.9153613,1.0350474,0.9626751,0.48859015,0.24797669,1.2704637,0.042155247,0.3148279,0.3132963,0.18497416,0.5900713,0.18948449,1.396336,0.63084716,0.0,0.93469226,0.9775856,1.4821991,0.22776872,0.8954288,0.6793551,0.97614145,1.0423636,0.046191223,2.0103102,0.29688358,0.94290376,0.4780126,0.7177303,0.0,2.2180078,0.2560587,1.91459,0.6960247,0.5102015,0.9787711,1.0942247,0.05305103,0.60383606,0.043951593,1.9883934,0.16957617,0.14038104,0.107840866,0.5861575,0.59552515,0.51557463,0.41767544,0.5666921,0.00024907215,0.89435285,0.099123076,1.1666933,3.6841555,1.5845006,0.5750525,0.007893461,0.11894354,0.107075244,0.12260011,0.8125347,0.6053057,0.073811635,3.2081075,0.3573198,1.6162864,0.72640836,0.25956684,0.13456336,0.35679498,0.6278235,0.4077406,7.56615,0.09219666,0.9477704,0.0,0.23671591,0.71390355,0.028208708,1.2538679,0.0055995267,0.42055136,0.21045108,0.12626253,0.0119176945,0.95232266,0.75847876,0.014636538,0.111464225,0.10389916,0.9193959,1.4525349,0.94968325,0.23761766,0.23213476,0.05827081,0.058138322,0.6612295,0.72388536,0.12765118,1.2046106,0.32844114,0.077334166,1.2266378,1.2057594,0.23227572,0.6698575,0.07501775,5.3405385,0.28641248,0.49907044,0.0076583982,0.059491944,0.051606886,0.9365291,2.054354,1.6511261,1.3951406,0.79927063,1.3037535,0.0017693898,2.0435102,2.9551568,0.2199257,1.3855928,0.12113913,0.489849,0.12500867,0.56280553,0.1711274,0.82119143,0.17389515,1.0602455,0.37165856,1.5256777,0.013088703,0.102691464,0.94168967,0.21534836,0.15245397,3.9685445,0.17887817,0.1813083,0.47427282,0.76374364,0.75355035,1.988695,0.35998192,0.6599506,0.09160131,0.18397498,0.40252233,0.1065684,0.50116193,0.17104848,0.29283002,0.80886054,0.29587984,0.08996341,0.46855006,0.54924256,0.70661294,0.54117084,0.55465317,1.4582814,1.5868644,0.45506266,0.80520564,0.003342901,0.045307674,0.36711413,0.000555592,0.7317558,0.3046529,0.49057013,0.8736276,0.112375595,0.760565,1.4179287,0.36916468,0.5152269,0.40782437,0.5671047,1.6927147,1.4867463,0.046918646,0.024145318,0.72562844,1.4968235,0.12909405,2.094575,0.2490928,0.76536644,0.76952195,0.02327437,0.32557693,0.19138087,0.19590454,0.0,0.17832305,0.7827731,1.0901979,1.8619082,0.0955647,0.6904003,2.5112925,0.80665296,1.2157162,0.7178058,0.13181253,0.5519204,0.44796896,0.5008994,0.3096802,0.010989046,0.6629098,0.29792482,0.95994544,0.012313775,0.47819632,0.6671594,0.5786178,0.51314265,0.2554451,0.33853346,1.15696,2.6396303,1.7767767,1.2496561,0.52912825,0.98408335,0.27587107,0.8548467,0.17919607,0.41669497,1.9266465,0.3034492,0.6620703,0.313228,1.528378,0.32475656,0.36547354,0.7383474,0.74307287,1.4292185,0.1824234,0.6154196,0.0,0.45017192,0.03404331,0.9763817,0.5852122,0.061597005,0.16323484,1.8056089,0.111178875,1.230688,0.15912364,0.19283839,1.2145848,0.78144234,0.15794963,0.1602383,0.10070496,1.0757565,0.03890607,0.933207,0.22818452,0.27090332,0.11338715,0.4812625,0.17542072,0.15064557,0.72079086,0.7471052,0.49098027,0.29797757,0.053159982,0.4036911,0.8060405,0.21068904,0.93146163,0.7550301,0.33041447,1.282897,0.72897524,3.2613175,0.74196917,0.23927057,0.29473302,0.9661194,0.39820117,0.46825454,0.31566086,1.0493672,3.16259,0.04247499,0.042440344,0.0,0.06270027,0.6806465,0.003482522,0.050303437,0.67388684,0.7940046,3.7791405,0.5608716,0.39616004,0.0,1.4589957,0.39344004,1.4321901,0.23925582,0.9766419,0.061026752,0.003863501,all_pothole_images\pothole_images_enhanced_7b0b0afc8c2507e1e5dee0e55d8e4b8c.jpg
1.6760516,1.8702763,2.0158777,1.2056681,0.622614,0.9172324,1.1328218,0.88668877,1.5153946,1.0794629,0.03364099,0.1817444,0.25854763,0.8932669,0.47518632,1.4585695,0.8531611,0.15138534,0.98092437,2.6252615,0.39419922,3.0158405,1.4901174,1.1244498,1.1712998,0.5989395,0.26784286,0.66478986,0.762087,1.7194896,0.66305524,1.0784401,2.5416446,1.4421211,0.30324712,1.4766332,0.34649783,0.33305487,2.7216501,0.5441187,1.3433125,0.84200704,0.17466427,0.22209097,0.19699007,0.6313644,1.2766635,0.22856578,0.397285,0.85610336,1.2230623,0.16150281,0.23724519,0.25147748,1.3047446,0.7573488,0.16383249,0.003941397,2.6857598,1.8909012,0.14481708,0.14136997,0.15856023,0.0,0.1398286,0.5078026,0.43306062,1.3957753,0.06738318,0.42479432,0.9092532,0.45139277,0.76312083,1.0310752,0.5545596,1.6239915,0.7827132,2.0243735,6.022636,0.49483052,0.011341695,1.6747848e-05,1.2068915,0.40101662,0.7828986,0.14202943,0.48379466,0.24442844,2.9767082,0.74994487,0.3839457,0.14896262,0.6600424,1.1768091,0.19886245,0.008803496,0.8484217,1.1854075,1.4995496,3.6459045,1.7393107,2.784055,0.78221154,0.7710297,2.7138982,0.25772336,0.023754835,0.59321636,0.28437772,1.3813438,0.2181543,2.6234968,0.45789364,1.0622667,0.009785157,0.13099782,1.8123527,0.9721576,0.414476,0.3466389,2.6827977,0.5135195,1.5686153,3.6797023,0.9383372,2.1472802,0.9200661,1.9495744,0.3567023,0.46056396,0.020305522,0.5491647,0.56561357,2.086354,1.0984858,0.29090863,1.5873344,3.9257317,0.46145275,3.9889183,0.5238558,0.0015605831,0.17058626,0.5090873,0.90093493,0.4929867,0.8190077,3.4954479,0.1671812,1.5971396,0.9224691,0.58599657,0.018328559,2.3105447,0.4305008,1.2505195,0.44892582,0.3657973,0.5848165,0.5475238,0.17742437,0.7150009,0.41211593,0.26506594,0.84022576,1.7420464,0.0075815227,0.0026921465,4.802447,0.9619661,1.2119092,0.120822504,0.020581366,0.7025505,1.4840387,0.3590504,1.635552,0.18818286,2.5641139,0.45788947,2.9523253,0.7459008,1.3058583,3.692412,3.406704,0.06672563,0.38728198,0.71918976,0.87918025,1.8247631,0.36152232,1.0036776,0.27616268,1.8871905,0.27768728,1.2356436,1.7818049,0.72515243,2.1243043,2.1849287,1.1356323,2.2401083,2.0738513,0.1703098,1.3281623,2.3992581,0.49289265,0.48287153,0.7724818,1.2411405,0.6780886,1.26017,0.8019926,1.5236757,1.4370984,1.9351519,3.7165217,0.47978947,1.0303121,0.07199782,0.07847763,0.30395514,0.6211743,1.5243636,0.0590769,0.45885304,4.4088483,0.772184,0.7872363,0.20028242,0.09071547,0.2387492,2.7425947,0.2931446,0.272251,0.29724962,0.49027842,0.11589502,0.7834153,1.152611,0.47655168,0.31398708,0.20632726,2.3301122,0.55426174,0.047511797,1.1640182,1.2735819,2.8883345,0.83247817,1.4667492,1.0248654,0.54031193,1.154007,1.4492916,1.2441336,1.1933492,0.24366719,0.9650054,0.7486332,0.11500006,0.10899458,0.43221548,1.3696218,0.0,1.6493294,0.14705282,1.7100092,0.4273027,2.1251862,0.0024140826,0.8426588,0.26380798,2.4844198,2.869695,1.4634395,1.9372615,1.9361981,0.06560346,1.5426198,0.04926224,1.9839884,0.38416174,1.8666062,2.6793892,0.6271221,0.5740204,0.7793354,1.6600479,0.3118056,0.37906396,0.5596418,0.10405679,1.40526,0.095231466,0.038682535,0.67053896,0.13465005,0.76841736,0.5376607,0.20483106,0.21089916,1.3596371,2.0327783,1.0452502,0.9265799,0.6724967,2.2068121,2.8806481,0.445584,1.3193145,0.37244275,4.089643,0.79325116,0.09832835,0.7408972,0.8807981,1.3141292,0.5111801,0.01233258,3.1556962,0.31664133,0.24667406,1.0143758,0.25545126,0.6722355,0.922112,0.55510736,0.010507102,1.1081215,0.4930761,0.5839641,0.52984667,1.9459342,1.1654441,2.0232522,0.6535933,1.4556762,1.0967216,0.7671339,5.262897,0.39982852,2.2237937,0.126707,1.6226171,0.33238018,1.529228,0.02499537,1.0023896,2.0038629,0.24701557,0.7495703,1.2804021,4.120329,0.9798632,2.3368127,0.8391126,1.6207016,2.5655665,0.7800841,1.1565746,0.9106341,0.74024034,1.4372035,2.3178635,1.930053,0.47368744,0.87880105,1.0296342,0.75363314,0.63955116,2.3206205,0.3657949,0.017275136,0.91779387,1.0301472,0.6931699,1.7006364,2.1276646,0.38322628,0.46463063,2.246674,2.1917815,0.5665143,3.2194438,0.009721668,0.7563465,4.058161,0.8484892,2.6941252,1.9655011,1.8692294,0.002336066,0.6045987,0.45663103,1.2580136,2.5009537,0.6228942,0.39165947,0.5375669,0.73694414,2.2015536,1.827942,0.7430481,0.35787252,0.6953997,0.34685928,0.32872024,0.27546787,0.81132716,0.5775244,0.4896009,1.1712856,0.12745906,0.0,1.201301,1.0166903,0.7065593,1.0235616,0.106381275,1.3316475,0.7878564,0.72021234,0.6579698,0.6318978,0.35273856,0.7642329,2.229404,1.4382274,0.8589434,0.34040496,0.924614,1.4547561,0.13966528,0.5856963,4.4004126,0.010840888,0.0,0.53334117,0.22394222,1.5010821,0.90340716,0.29646644,0.30399284,0.47814724,0.18667033,1.3446553,2.0052714,0.14922926,1.4336011,0.356379,1.7323288,2.0815716,1.9206935,1.3958914,1.4526882,0.94105786,0.5455701,0.3610319,2.866916,1.3471804,2.0105498,1.2239336,0.0015477367,2.2132096,1.7967342,0.8541285,0.4376522,1.0149469,1.2703949,3.1479352,0.028928244,0.17044011,0.8113079,3.5349848,0.69172466,0.2431716,1.0633951,0.5336323,1.3215139,0.7700002,2.0517063,2.2162657,0.7696252,0.06454119,0.19487108,3.4826488,0.08942389,0.9544895,0.25642553,0.63953006,2.330964,0.19612363,0.13031387,0.5240515,0.5755512,0.9059199,0.4941142,0.5835334,0.678551,0.484853,3.0101364,0.6298235,2.2824726,2.0763521,0.022519242,0.63251,2.428852,0.2344135,2.4216852,0.02755038,1.9514232,all_pothole_images\pothole_images_enhanced_7b6f6acb02d16da7b2ca293843bfe51e.jpg
0.20142737,0.1528745,0.4094513,2.3074787,0.3956464,0.043236334,0.36952063,0.0,0.12200513,1.0815125,0.09884673,0.05448194,0.0,1.1504302,0.001086783,0.2334815,0.0,0.7044919,0.6443154,0.019946842,0.8913826,1.5725672,0.24327363,0.04063793,1.4124428,1.4904447,0.94158435,2.5654216,0.073487215,0.044543903,0.2244822,0.17345665,0.6648386,0.031380653,0.011607226,0.8927589,0.80266553,0.82150936,0.25673413,0.053482015,0.0,0.8929958,0.5800084,2.3336732,1.0860219,0.35570985,0.6581086,0.01059219,0.72050124,0.14028168,0.13031818,0.35625434,0.052849855,0.07637517,0.0,0.45453668,1.2242959,0.028904846,0.0,0.018671818,0.0,0.06578542,1.4032575,0.7604997,1.1600033,1.3634975,0.12336474,0.018851684,0.0,0.22813253,0.16503443,0.6157668,0.028818091,0.2724753,0.0,0.40074617,0.11331416,0.2509799,0.0,0.06968412,0.12741536,0.0,1.1047472,0.6556313,0.0021584432,0.0,0.39984632,0.0013256725,1.8570168,0.41254672,0.3283432,0.46401277,0.02918742,0.00049375906,0.19661506,0.0,0.2054935,0.3928313,1.0476625,0.19358857,0.00560334,3.2443528,0.14409009,0.0,0.4826714,0.03703169,0.4162853,0.3079514,0.71581966,0.4797938,0.02467759,0.4991961,0.30113977,0.15980904,0.80184203,0.10585906,0.3417497,0.046909746,2.3520644,0.9916524,2.118811,0.013457123,0.025893334,0.9740952,0.028489728,0.24550979,0.024416612,0.082632855,0.8001366,0.032874376,0.0,0.0025011627,0.0,0.0014531063,0.0026416997,0.013925701,0.01441082,0.38714892,0.62836343,0.21367283,0.15673856,0.0,0.4045695,0.160012,0.25162774,0.99149066,0.11818998,0.010428382,0.2834016,0.54288185,0.022017678,0.057578932,0.0,0.014271543,1.2166042,0.42946026,0.28284803,0.05206573,0.4440748,0.5185563,0.715879,1.4379323,0.37307572,0.27296677,0.6007062,0.09456048,1.5752432,0.52897954,1.5504273,1.4665847,0.0005028488,0.16240859,0.04891376,0.003784614,0.079483494,0.03588429,0.39129332,0.08553571,0.7927626,0.015420283,0.0,1.3978442,1.8164121,0.07446796,1.1112311,0.28940722,0.75062853,0.24547121,0.08847612,0.60740936,0.0044217985,0.016944226,0.029565742,0.40118006,0.62184256,0.0020251716,0.68975234,0.27168772,0.43676695,0.051566444,0.2649966,0.22741333,0.06087175,1.0253763,0.4032075,0.13689852,0.10813278,0.05398345,1.4390361,0.06801901,0.01948873,0.0033694934,0.8168237,1.0250056,0.08403963,1.3596784,0.15883777,0.002888524,0.00018574692,0.13748813,1.647775,0.0,0.25577074,0.0,0.0,0.36841568,0.46011302,0.015040147,0.8403651,1.1832029,0.8065632,0.81340486,0.073731385,0.19993804,0.7255221,0.012449437,2.4587877,0.06456119,0.031558424,0.4549615,0.0,0.11535343,0.047011573,0.5344778,0.6099223,0.0,0.3348306,0.28334332,0.019581094,5.815426,2.0358076,0.024392108,0.0,0.14362188,0.0,1.1569401,1.2874681,0.34222257,0.89819944,2.0259056,0.0,0.32260785,0.18034293,0.54107374,0.03539246,1.001903,0.0,0.6680777,0.4763906,0.042202424,0.050658073,0.0,0.06724484,0.007847711,1.3903078,0.39040774,0.0,0.0013689697,0.33189353,0.20501494,1.6651835,0.32159245,0.38473552,0.056878544,0.026102442,0.35494512,0.6810709,0.6310204,1.2726262,0.109032564,0.0,0.031620488,0.03933068,1.1595031,0.023325603,0.8808785,0.1694294,1.3180422,0.14063592,1.5729743,0.15797743,0.28399548,0.018980945,0.004050103,8.26664,0.8050716,0.10587842,0.20510103,0.020590745,0.41804147,0.26372635,1.1343551,2.003494,1.1310176,0.49183115,0.2386621,0.0901193,2.3487008,2.826036,0.483615,0.12980546,0.0,0.052046068,0.0,0.095249146,0.0,0.9217269,0.101410456,0.07396439,0.029953329,1.7248484,0.0,0.0,0.19485706,0.13756856,0.0043508215,2.2637382,0.08895669,0.33018735,0.17989649,0.540023,0.40649188,2.4486115,0.16941263,0.040702406,0.2093499,0.15223345,0.33385736,1.1446668,0.4223206,1.1983627,0.19362317,0.11948678,0.29521328,0.0090220235,0.0,0.0575097,1.511497,0.06521253,0.13898769,0.18727839,0.053976126,0.42007726,0.109841265,0.043420482,0.02578148,0.076417156,0.14441518,0.11156055,0.15622367,0.072471775,0.07753572,0.97878075,0.0008920005,0.006185474,0.11660936,0.12484834,0.15477052,0.1032897,0.17637256,0.25797027,0.0,0.30459914,0.4182073,2.0970583,0.601098,1.9710587,0.0033643683,0.39866975,0.14111069,0.5863401,0.10003542,0.23582524,0.68349355,0.027993925,0.023021853,0.1180361,0.37461984,0.0036146517,0.11935333,0.4356892,1.0918,0.0121091455,0.08693047,0.60335183,0.60551006,0.007826767,0.8770638,0.06965125,0.002788656,0.12281192,0.30358064,0.00096623506,0.1616254,0.29828352,0.47629103,0.9348664,0.61970526,0.039880227,0.11770181,1.6371416,0.11601952,0.9143505,2.0389729,2.6248496,0.5858687,0.09046199,0.16881417,0.075360194,0.032904655,0.2651211,0.0028089806,0.15639885,0.28511012,0.29767454,1.0024548,0.6793613,0.85140187,9.158873e-06,0.041181758,0.9579192,0.19516055,0.10333389,0.07719025,1.4886986,0.0,0.041795123,0.105870575,0.21157439,1.2554462,1.3039076,0.07000283,0.18223591,0.2578506,0.33846286,0.3060784,1.1081874,0.5312148,0.30668908,0.9958448,1.5974233,0.124382496,1.429969,0.20863287,0.17422055,0.010187067,0.0,0.019360142,0.0091313375,0.17514311,0.0530815,0.26892427,0.07814068,0.0018708793,0.83528095,0.03519491,0.0730033,0.43239304,0.65418595,0.009877628,0.0006621957,1.5197691,0.73314166,0.05136114,0.098432325,0.041237563,0.24799685,0.41373357,0.2786095,0.055230465,0.08687577,1.51626,0.010355608,0.28704923,0.0013735926,0.010659929,0.095112786,0.016197918,0.0012553182,0.17111829,0.40421936,2.3275487,0.018007606,0.070964634,0.20716928,1.3069184,0.47663963,0.017019652,0.15454641,0.5187959,0.02394474,0.17457438,all_pothole_images\pothole_images_enhanced_7bbb5fc594f0fbed9e16b5a742bc39a6.jpg
1.7519002,0.98555934,0.3797088,1.4430785,0.3046024,1.0775045,1.2518091,0.4358747,1.1063478,0.6131777,0.33330166,1.5706763,0.49731562,1.8174495,1.1831907,0.6447726,0.2550835,0.33637536,0.67045146,1.0198125,2.0793865,1.2212241,0.18231915,0.9746601,3.0256858,0.55856246,0.34811485,3.5560691,0.3371103,0.5051262,0.1581447,0.45284417,1.6652628,1.4221077,0.36883092,0.53761184,0.04808849,1.0499929,0.30931666,1.4276004,0.2964007,0.6803653,0.24834134,0.83691055,0.8657972,1.6795285,0.012493368,0.45621735,1.4060467,1.8129777,1.8928229,0.13759162,0.665164,0.8048931,0.39795023,2.0303385,0.8754225,0.46076116,1.3367875,0.12772538,0.03407024,0.4066373,0.7931703,0.5447381,0.10213255,2.443835,0.94194436,0.036353167,0.05817236,0.1346625,0.25809836,1.0181515,0.38104922,1.1214948,0.84582484,0.4662885,0.27932322,2.7078016,0.0011599334,0.36203057,0.28990632,0.27014402,0.5213152,0.32249412,0.6157063,0.8943937,0.7115491,0.9907825,3.1616347,0.11753337,0.8051942,0.1071905,0.36040732,0.6016796,0.7451002,0.0,1.1337463,0.66281563,0.33583146,1.1214899,0.011233014,1.7470847,0.86261636,0.8340213,0.24579465,0.69647324,0.7390277,1.247311,0.28984284,0.5908079,0.3760173,3.2693424,2.10979,0.15579763,0.6283657,0.5041087,1.0223933,0.08117568,0.7929227,0.7980275,2.3120456,0.13808075,0.15426886,0.81675214,1.9721693,1.0088981,4.800726,0.13685814,0.5157843,0.17478955,0.10016252,0.08435285,0.03065119,0.2987026,1.0376581,1.8352784,0.95623505,0.8631819,1.4555527,0.4444842,0.21275002,1.6760936,0.0,0.13541953,0.67787254,1.598258,0.2427153,1.3045452,0.8833439,0.6712116,0.89660114,1.067646,0.0054136296,0.22148053,1.2311054,0.59110534,1.4331285,0.0052929944,0.82161486,1.8216537,1.3271366,0.6783822,0.24777527,0.86305785,0.2005255,2.3971362,0.47663522,0.073835686,1.5113084,0.6970152,0.19369358,0.11260377,0.15140791,0.30286667,0.19659603,0.6861194,0.60670364,0.051977653,0.20926541,0.6812828,0.03459053,1.7843119,1.5799718,0.82366866,1.3985639,0.008362986,0.5949952,1.891681,1.1357248,0.4786349,1.3252182,1.1786344,0.0,1.5931488,0.13582785,0.27182972,1.0450518,0.7941228,0.89187264,0.45701382,0.7173923,1.5931702,0.26385292,1.2345737,0.34509322,0.6322968,0.63842434,0.3244306,0.34728888,0.18240099,0.0922055,0.05472133,0.6770933,0.29835084,0.74977756,2.6015294,0.62581927,0.18602705,0.29400545,1.1678767,2.4194944,0.13165617,1.5782415,1.2643375,0.16897535,0.8477926,2.5401452,0.12052153,0.26349163,1.8247341,0.4913815,1.1310519,0.59516454,0.8730242,1.1103418,0.5461632,1.9764519,0.16965277,0.07133762,0.046098743,0.47509897,0.33855337,0.5950021,0.11188798,0.071558885,0.0063108266,1.1056753,0.18255903,1.6608711,2.8825393,2.4055378,0.6051573,1.6962135,0.53237706,0.6129029,0.73798686,1.0969255,1.4731904,0.09549378,2.9424796,0.14317869,0.11693387,0.5192917,0.5812242,0.79701775,1.7197413,0.38870916,0.97223145,2.2665193,0.082249865,0.9151195,0.039102122,0.31865388,0.57938945,0.6894305,0.29110152,0.19087826,1.0679224,0.6553119,0.12004465,0.011699007,0.9063549,0.5257963,0.5444114,0.41856715,0.48757645,1.701269,0.18530536,1.6649964,0.26097834,0.45604113,0.44082773,0.4971926,1.0087935,0.1357576,0.48570213,0.25895196,1.2870396,0.5560522,1.7305655,0.34871486,0.7324885,0.37409294,0.38048393,3.160783,0.8505226,0.015849208,0.20706901,1.3964328,0.53981876,0.40537095,0.9847443,1.7361609,2.4210489,0.24236356,2.0732362,0.16026063,1.202214,2.7167602,0.07755764,0.17306902,0.47884396,0.31540424,0.5312487,1.8397973,1.0524384,0.35186657,0.04151334,0.84959567,0.41929656,2.0973597,0.31828776,0.24469593,0.106485344,0.076932296,0.415168,3.07544,2.1527853,0.030316932,2.0920556,0.69765216,0.5194862,3.359198,0.97476566,1.1682965,0.33715594,1.3187028,0.42745334,0.19149755,0.5304832,0.72325206,1.0218956,1.1283594,0.83483773,0.8205177,0.013492216,0.36224863,0.6837698,0.3865185,0.7924283,0.35537532,0.09860282,0.6519922,1.3768224,0.23301023,0.5825062,0.43422207,1.1755236,0.38487744,0.51652104,0.50182873,0.7101712,0.53212696,0.3535981,0.68827385,0.42029718,0.0010296782,0.2904639,0.96234363,0.26045796,0.6653165,0.064259596,1.2517451,0.8921647,3.389253,1.0416957,1.0817833,0.0,0.0875605,1.7698203,1.3659775,0.11076247,0.20215645,0.40052238,0.0,0.3834431,0.95100635,0.46495107,0.50788367,0.51320237,1.3124213,1.5114182,0.3885048,1.3242838,0.13214493,0.6710856,1.0172256,0.19918083,0.53338724,1.7041185,0.0801475,0.6839874,0.13814057,4.0608225,0.122451514,0.6257679,1.8153684,1.6917074,2.806331,0.7900337,2.5746384,0.8158213,0.2518995,1.5284816,2.731538,0.07889515,0.41563168,1.1437619,0.71996105,0.3176235,0.8979487,0.31776065,0.15631382,0.6444748,1.3133639,2.5879927,0.7945404,0.95919067,0.5151724,2.2620056,0.83896244,0.48179767,0.043982312,0.3026819,0.78448445,0.012118113,0.57885426,1.5221626,0.051978976,0.94400114,0.32363957,0.40657938,1.5639127,0.6250394,2.1801481,0.80133927,0.97100985,0.43163434,0.43844825,1.8992453,1.5145731,1.0621253,1.1466877,1.1230557,0.5345188,0.99797344,0.35634425,0.15202104,0.02415116,1.7862045,0.3798411,0.84077924,0.439489,0.06812973,1.893094,0.55979085,1.0521113,1.9673427,0.77624434,0.70558524,1.1600344,1.544763,0.57489043,1.0219327,0.92296845,0.017175188,1.079111,0.39232698,0.3442083,0.06301981,0.026035668,1.5571666,0.4545721,0.8295581,0.21141936,0.0,0.051859524,0.33637914,0.3266981,0.15989439,0.31565037,4.0166507,1.149096,1.1758183,1.3135892,1.3902189,0.88110596,0.2956953,0.3456121,0.65550965,0.23956287,0.540212,all_pothole_images\pothole_images_enhanced_7beb5698ba7ca3d86d16c393465f93e1.jpg
3.3074422,0.473275,0.67323714,1.3571696,0.26300535,0.42019948,0.13640532,0.64307845,0.5721867,2.1541183,0.009711184,0.2734792,0.060860783,1.5804791,0.85129064,0.22977908,0.6978307,0.20050545,0.17915256,0.10877148,2.075627,1.2321467,0.25776905,2.1862648,2.7024856,1.3865387,0.14519672,4.3787465,1.3762919,0.33954334,0.6910811,0.47464818,1.0589048,1.4868267,0.08175577,1.2500986,0.29867825,3.0054924,0.85241294,0.82076365,0.0,0.020540724,0.1627772,1.67815,0.61240304,1.3252107,0.6089047,0.20067403,0.5840665,1.355208,1.1483663,0.3525527,1.7578268,0.0056736288,0.014190678,0.5315633,2.3915854,0.0531157,0.21825272,0.011275407,0.050946165,0.4573442,0.48674476,0.20687047,0.7234347,1.6699576,0.88618356,0.74568385,0.29987,0.01311243,0.26908267,0.046912707,1.1032453,0.6037935,0.7595773,0.31386992,0.07049865,1.2149746,0.0035122116,0.054203145,0.16496944,0.27364928,1.6829042,1.1916096,0.7607409,0.072622076,0.35210457,0.9303737,0.9270921,0.46745977,0.47131655,0.022897221,0.75283766,0.023560954,0.46371615,1.1010096,0.34477884,1.0866015,1.2495158,1.3673438,0.00053701847,1.9845036,0.02827833,0.58606964,0.8828983,0.53362745,0.042555984,0.2090511,0.01859439,0.4580038,0.13289082,0.2567502,1.7238265,1.455656,1.5424231,0.45156533,0.342835,0.023909371,0.14674439,1.2002524,3.3624237,0.924819,0.0,2.5724065,1.5528759,0.5467728,0.87083805,1.2988299,1.2769157,0.9734902,0.081264555,0.026294863,0.04081941,0.17413077,0.46154284,0.32663107,0.5055766,3.589591,0.47142196,0.024381638,0.24877398,0.03480862,0.98236287,0.38506904,0.98487604,1.0051539,0.4255056,0.314858,0.047737725,0.2245135,3.1121633,0.106091894,0.12863365,0.327396,1.5443629,0.40969953,1.2081825,0.4989937,2.3683863,0.6609675,2.6197488,0.3622554,0.21338645,0.7563217,0.29831043,0.8909867,0.9240774,0.20585932,2.743027,1.1066992,0.011810116,0.33292,0.00859201,0.1653578,0.2529239,1.1799953,1.4497787,0.12624839,0.47831216,0.05644954,0.102763236,1.8303095,0.92144173,1.8057039,0.21735172,1.47689,0.024778288,0.025421444,0.5081543,0.20785494,0.2937074,0.1425065,1.3281605,2.5089135,0.0025257675,0.6137462,0.93864393,0.47396302,0.44483316,0.78086865,0.75263804,1.396727,0.030393332,1.4826795,0.5011723,0.26848996,1.7823395,0.27404585,0.6283829,1.7762691,0.036559246,0.25724956,0.60220563,0.5480461,0.689175,1.1035988,0.9196837,0.011317189,0.29828635,0.13566884,2.14834,0.21678658,0.74188054,0.1333009,0.16577816,0.03291662,0.8067881,1.3338336,0.34732467,0.057431668,0.13377419,0.03293638,0.0,1.8610831,0.049579732,0.22154465,2.3834002,0.53607315,0.064373426,0.27986053,0.09018783,0.19545929,0.04019912,1.2241223,0.12675694,0.026516382,0.8407656,0.4987058,0.6274104,2.5774379,1.7702758,0.61547554,0.18480262,0.30940887,1.0129114,0.16238861,0.76775,0.0015797493,0.06876958,3.477141,1.46843,0.46150416,0.40776113,0.18782216,0.08523844,0.39977443,0.66748923,0.98504245,2.1374109,0.39319712,0.30147392,0.085329846,0.8051215,0.64687634,0.38391003,0.09633683,0.20816581,1.233783,0.8059233,0.16757272,0.3280162,0.107606865,0.28756756,0.8726998,1.5706965,0.20667796,1.32003,0.025890972,0.5373807,0.0028344356,0.72378975,0.43697897,0.23969607,1.7365739,0.22602583,0.21228455,1.2036922,0.30254942,0.12456685,2.7999434,0.8488693,0.36933798,0.05857093,2.052187,2.9204345,0.085488506,0.052756086,0.1456967,0.50119483,0.0208781,1.0246029,1.096435,1.0348222,1.2347865,0.28067023,0.61663896,0.11700314,1.838149,0.51530284,0.19721027,0.18288557,0.03985517,1.6521261,0.97542787,0.25231576,0.85634667,0.89455926,0.0,1.2700207,0.43703365,0.65270853,0.15078242,0.028881073,0.01680562,0.30417517,0.358663,1.610809,1.3153404,0.50065684,0.9364441,0.33541492,0.684058,2.9439464,0.04634451,0.5935416,0.5275107,0.012935385,0.27972403,0.12934206,0.09164387,0.6371881,3.2123985,0.33417234,1.129452,1.0515714,0.09921533,0.14856686,1.2159481,0.120595485,0.68454385,1.3063787,0.63250935,0.689266,0.53618807,0.01156693,1.4731516,0.5370378,0.01683865,0.8183056,0.8532201,0.68672955,0.13044643,0.22573201,0.4903207,0.49231428,0.5993259,0.40065047,0.14995536,0.49917698,1.5981395,1.2021154,0.04134728,1.2185106,0.12682533,1.8915869,3.063839,0.5416378,0.007485029,0.0316634,0.59562486,0.56527555,1.0894783,0.214356,0.6331232,0.98526126,0.2583548,1.3241639,0.5796469,0.96224415,1.568325,0.8965205,1.3771399,1.3126045,0.43569687,0.9303975,0.031376652,1.111817,0.2484557,1.4453725,0.5064178,1.5940051,1.0182495,1.2196777,0.985509,0.14526571,0.0026514395,0.9965862,0.53307813,1.4114732,0.7697953,1.7478273,0.34977797,0.3553409,2.265665,2.6247375,0.09242605,3.2022266,0.7228822,1.0358409,1.9577861,0.2589057,0.7656848,0.11644676,0.049183033,0.470171,2.96274,0.3383666,1.584884,0.21928966,0.41491473,0.7639287,0.16199525,0.30516073,1.0601678,0.45987865,0.022902444,0.51218235,2.0061734,1.847882,1.6973276,1.1524612,0.4052521,2.2276921,0.2569044,0.93673384,0.2407843,0.25658584,0.51177365,0.25544408,2.159425,2.5471096,0.29353216,1.1854502,0.58012253,0.78827876,0.1289099,0.8683179,0.27216318,0.9437742,1.1357143,0.5952033,0.20442457,0.055174373,0.0019123316,0.5927466,0.052323923,0.10200103,1.193741,0.55279166,0.68937695,0.8364891,0.71403253,0.5313043,0.8992635,0.03538495,0.00909546,0.15852249,0.21825385,1.2417442,0.014031116,0.38376483,0.029870398,0.035875168,0.00093044713,0.21031433,0.022801565,0.04029222,0.45871016,0.98944986,1.0330594,0.6516932,5.7058268,0.5140473,1.3704606,0.9033619,0.6794726,0.08561958,1.1929253,0.072157204,1.3366942,0.38735345,0.72473836,all_pothole_images\pothole_images_enhanced_7c036e5d6d6630febcb3d71912a0cfcd.jpg
1.0896673,0.67183536,0.15428072,2.7340398,0.40676612,0.077377416,0.23558865,0.07663054,0.20691174,1.1935853,0.55176115,0.11132377,0.37536818,2.4335096,0.0,0.57582295,0.7368502,0.64387023,2.1249816,0.038306456,2.0228648,0.065183796,1.0074345,1.6323662,1.3752217,0.4203439,0.047117654,2.2455192,0.024166578,0.15839785,0.20267284,1.2100954,0.04064724,1.0231117,0.2023994,2.10505,0.3903399,0.41966644,1.0757931,0.21041478,0.0,0.73745555,0.52803355,1.7069547,0.76482683,0.6685011,0.34192416,0.4094044,0.5079811,0.5260553,0.8611324,0.03049293,0.7705206,0.12984292,0.5594109,1.4944395,0.21552455,0.0070546456,0.6199954,0.3669003,0.23671661,0.09114918,0.027303077,0.6107483,1.8737556,0.25484723,0.8876562,0.050783794,1.2871265,0.08352492,0.8052765,0.04698847,0.5624381,0.30032843,1.4886183,0.2782559,0.06436105,0.33322388,0.34106234,0.015000783,0.03812354,0.3143602,0.778541,1.1705391,0.2143664,0.0,0.13813291,0.15957408,1.3835146,0.42903864,0.9968533,1.0348428,0.0014116869,0.997093,1.1044499,0.34528947,0.4098257,1.2808398,0.1372675,0.42646363,0.19378284,1.1023347,0.013438368,0.05576724,2.520233,0.52081394,0.38249043,0.30480874,0.23982346,1.252411,0.12595883,0.07876683,0.74880457,1.392414,0.17857565,0.15942621,0.047950864,0.104377665,3.5228896,0.64540946,1.3530256,0.28603348,0.69974566,0.53960735,0.38024196,0.28238517,0.03271457,1.0645095,0.5422325,0.69598746,0.55204475,0.032224786,0.0,0.05074822,0.26346824,0.21819484,0.8415795,0.22726822,0.22918501,0.012717513,0.26225945,0.17192602,0.8322251,0.5071888,0.06165222,1.0022215,0.0073670647,0.13476314,0.0020575952,0.4334863,0.5074494,1.5213298,0.08634568,0.23047341,1.5825939,1.750191,0.35281146,0.42317834,0.5001357,0.6393029,1.9005678,0.58317894,0.40280128,0.2827954,0.5061362,0.2051766,0.26715603,0.038112007,2.8867629,3.1146092,0.039985895,0.09639273,0.05049216,0.17191246,0.20786604,1.355327,0.43141112,0.08000798,0.035307087,0.23863207,0.2247269,1.492199,0.0495905,0.9891145,1.407063,2.6788166,0.098531,0.31580397,0.21571185,0.5549052,0.026562203,0.24635006,1.350521,0.85079676,0.13877325,0.56130916,1.3785298,0.94060093,1.5545233,0.3183185,0.609636,0.6234362,0.110546716,0.2251586,0.13109101,0.115335405,0.79566926,0.0,1.686046,0.90441334,0.14387922,0.20309779,1.6598448,0.7755377,0.8412038,0.9618117,0.8205419,0.15021406,0.5972405,0.07730115,0.905912,0.094039135,0.34542087,0.028786503,0.0,0.0,0.07332014,0.15044023,2.000002,0.2148158,0.00724319,0.123279065,1.222403,1.9892763,0.24539922,0.21089226,1.1300641,0.21065642,0.040911738,0.51160765,0.07155936,0.18288355,0.13334097,1.1188936,0.9210968,0.0,0.7724056,0.7395731,0.7816121,5.89794,0.18267173,0.21845977,0.011533333,0.12775774,1.0622364,0.43241477,1.018856,0.86543816,0.43211645,4.383465,0.6304576,0.8912875,0.87580395,0.15953219,0.031802878,0.4482628,0.7788359,0.27999642,0.6350432,0.7214023,0.4661417,0.23431645,1.9495052,0.3375562,0.5563784,0.6544207,0.58351195,0.117392555,0.36427858,0.30253732,0.030962644,0.5958626,0.27210706,0.09063145,0.13010298,0.89914185,0.5303953,0.03473986,0.050947204,0.029140815,0.120969206,0.20467974,0.08231209,1.1713116,0.55126345,0.55049336,0.52283686,0.044305615,0.011438131,3.6965678,1.7144158,0.48141596,0.09483269,0.15682551,2.5398602,0.1993935,0.67944926,0.090302035,1.0297855,0.055971894,1.6234639,0.77685606,2.2970471,1.322879,0.4824524,0.70409876,0.0,1.8836205,3.8412898,0.24907432,1.0772382,0.096503526,0.34949765,0.48324338,0.24656145,0.44946942,0.35945645,0.038226467,0.0414042,0.18346076,0.80785966,0.67708033,0.5613839,0.14712495,0.042120207,0.061304927,1.8762122,0.3439352,0.43360206,0.04136266,0.61368585,0.06707349,3.01422,1.307184,0.06287894,0.34095898,0.060711417,0.7577139,0.47742245,0.3732918,0.056814242,0.5363785,0.009033912,0.36631304,0.08755745,0.39324895,0.0015432389,1.444874,0.6476484,2.1950626,1.5614555,0.24622878,1.132219,0.15127926,0.05773118,0.10477878,0.20458972,0.09298637,0.36883485,0.41929314,0.670197,0.88005763,0.89819604,0.034268085,0.1991489,1.2603525,0.5920227,0.2662954,0.95581627,0.5855167,2.1658869,0.18232079,0.023036791,0.6670148,0.53924143,0.8864357,0.64480644,0.10275161,0.37596098,1.5061188,0.0,0.5743847,0.02361697,0.6232747,0.047025234,0.6498204,1.6381394,0.83878356,2.5462892,0.31836903,0.8114576,2.7716904,0.4056352,0.0,1.4927313,0.11529471,1.3462408,0.013572046,0.33402967,0.106824465,0.3486475,0.3611074,1.0480118,0.16145267,0.013191616,0.4124596,0.73562187,0.11489296,0.256788,0.28666386,1.278156,0.8627231,0.018935563,1.5253329,1.0173839,0.27808166,1.4912894,0.090945795,0.5652159,1.3796693,0.0017852631,1.0245417,1.1155286,0.39520058,0.17867139,0.8986103,1.2231895,1.4267998,0.0,0.040952425,3.0513031,0.046433087,0.1969395,0.0,0.24633467,0.0124178035,0.07369358,0.2539016,0.6071665,2.101408,2.349562,0.6926446,1.4610494,0.25848308,0.955417,1.5451965,0.26436824,0.21054888,0.090845585,1.9440867,2.743458,0.66352135,2.6778526,0.12987232,1.2993755,0.0,0.2458471,0.0011593826,0.26299807,0.035339043,0.23136075,0.72323966,0.024596216,0.32373032,2.969149,0.10286395,0.33939406,1.0332943,0.8971847,0.52327394,0.24666215,0.43380028,0.24374264,0.31062028,0.59825385,0.14600594,0.088573754,0.05545544,1.3568163,0.0,1.3744371,0.40262577,0.08077188,0.0054293186,0.042521268,0.010914741,0.06859097,0.42380515,1.1419787,0.15934764,0.880951,4.1617436,0.34496573,0.9048045,0.5651085,1.4836543,0.8822468,1.4530963,0.09908432,1.7443767,0.0004403851,0.22190076,all_pothole_images\pothole_images_enhanced_7c0907be4afd6cd426fbce2ba1f27f1b.jpg
0.63890404,1.779001,0.8989633,1.0078714,0.27021796,0.12748434,0.16407196,0.1352426,0.35303932,0.10077634,0.55801725,0.9573362,1.1686087,2.6210136,0.0,0.064993456,0.34100246,0.44741625,0.6340815,0.12600541,1.3057103,1.7451726,0.21755171,1.3946218,0.93653333,0.22231896,0.8506116,1.4648942,0.40846354,0.5948469,1.8106756,0.24611387,0.30671588,0.96195436,0.85905796,0.19913186,1.0088639,3.1774042,1.1445576,0.1761069,0.11411928,0.0008114803,0.6806755,1.9052678,0.42270318,0.55473757,0.041223947,0.12713465,0.08590108,0.32737622,0.93769264,0.13121149,0.5555483,0.017831117,0.05364252,0.26598048,0.44654647,0.17227519,0.05821815,0.052730452,0.15740319,0.040741418,1.0525092,0.09714703,0.8374176,0.77340823,0.08400079,0.5959345,0.5632886,0.19607209,0.18778999,1.3965223,0.16255923,0.029046593,0.39475188,0.030767273,0.2574323,0.8440588,0.0,0.034154948,0.32698393,0.015975844,0.2191505,1.8600384,1.342718,0.09677556,0.08898694,0.74086565,3.5618892,0.0032794597,0.49035943,0.43989465,0.17550254,0.8917087,0.18373631,0.037990514,1.2060717,0.05978516,0.23814242,0.9938088,0.24328017,2.2758422,0.29668304,0.7237229,0.13837557,0.37189257,1.3164772,0.24938649,0.11553868,0.73643416,0.17792854,0.8484642,0.016236473,1.0707434,0.10219324,1.4541333,1.4268571,0.26782683,1.0874875,0.37547523,0.915854,0.75163597,1.2895174,0.6592468,0.24943899,0.9108905,0.6224871,0.1971889,0.9142823,1.8248016,1.6568147,0.33837694,0.12657472,0.25083452,0.11140747,0.15862913,0.17239231,0.28176475,1.5583102,0.25804526,0.94826305,0.7446382,0.34563297,3.236124,1.2143309,0.50639313,0.4903901,0.4274002,0.36481157,0.6067745,0.06540131,0.4899418,0.20171769,0.025385747,0.60646737,0.24792878,0.17930642,0.07028825,0.15204135,0.5613421,2.0208802,3.9555004,0.60480016,1.8786032,0.2306274,0.06772007,0.80822855,0.95685184,0.57136095,1.643953,0.12414676,0.052268036,0.8567174,0.20090473,0.73633826,0.022495512,1.4162353,0.117253184,0.0017760323,0.6506211,0.74274546,3.0392253,1.3404658,0.9889727,2.2103968,0.6485717,0.37904933,1.3453478,0.15520038,0.19289064,0.047302425,0.97204053,0.66056573,0.64997685,0.52292806,0.13639024,0.49701855,0.44788897,0.6498501,0.12276241,0.41949034,0.12894371,1.3258744,0.5993918,2.249739,1.1549851,0.46899438,0.22345011,0.32188073,0.11567847,0.1880321,0.0628144,1.1837275,0.033639383,1.0382144,0.41829038,0.44016472,0.2634627,0.4414599,0.0033553243,2.3322036,0.2637865,1.080267,0.08777879,0.014690429,0.53316593,0.35822225,0.028349562,1.7159781,0.5884782,0.13421415,0.29098365,0.1768994,1.196716,0.22406083,0.1848492,1.4340328,1.5734991,0.3911114,0.22184293,0.11507426,0.083793126,0.7704966,0.34186697,0.5886226,0.29985756,1.2367606,0.2868918,0.7406255,4.7056293,1.0320419,0.06372889,0.04908637,0.22629814,0.025912061,0.42488813,0.69148266,0.5269453,0.22064151,1.0016916,2.6043227,1.7432904,0.60183495,0.03290049,0.2748073,0.19600338,0.07752925,0.18882059,1.2137289,2.6425507,0.30308312,0.0,0.32323155,0.09359656,0.07793914,1.0558503,0.7833907,0.6576226,1.3885894,0.5217753,0.58635694,0.062242683,0.75437504,0.051942717,0.86052793,0.5831858,0.23058404,2.3326533,1.1377248,0.03362189,0.0,0.24025506,0.52777654,0.1990378,0.8909884,0.41834882,1.1609571,0.703045,0.099163,2.2575643,0.6624178,1.2605416,0.2475967,0.61693925,4.3559504,0.12771691,0.40298796,0.25377947,0.2769637,0.48564684,0.07131392,0.8085861,2.1251097,0.9652721,0.13158068,0.048713144,0.73883605,0.5794608,2.704129,0.5680716,0.22040437,0.0,0.22928552,0.60555416,0.5419324,0.286953,0.9828696,0.6971591,1.9036425,0.8259954,2.3431396,0.51658815,0.02410683,0.2689376,0.85766554,0.48896632,1.569562,0.25861356,0.8509898,0.7086253,0.9146899,0.037399996,1.1703471,1.006168,0.1740261,0.5632852,0.004061538,0.093146294,1.4847735,1.0390408,0.059380155,1.1087694,0.0,0.13904472,0.3255644,0.011623109,0.46518478,0.5842071,0.10401593,0.42135105,0.118982896,0.0341678,0.09706063,0.33332932,0.04909204,0.0,1.4057857,1.4248061,0.2659184,0.05382486,0.8467453,1.0740112,0.8690708,0.6979524,0.284631,1.4026047,0.046112254,1.2704529,0.30372992,0.5778537,0.45176002,0.04008393,0.6061658,1.7722121,1.7453731,0.47601387,1.7133013,0.11793518,0.017798789,2.1152444,1.0789711,0.8456821,0.026224798,0.24764253,0.031963706,0.84508973,0.7787966,0.23125912,0.51902056,0.048247613,3.155156,0.31224447,0.27746773,1.4235992,0.90961874,0.019718276,0.47829303,1.373996,0.45820734,0.32529068,0.14385153,0.50595546,0.2651053,1.9166939,0.23741904,0.18270816,0.1719858,1.2454857,0.0,0.6797476,1.5257951,0.027544137,0.38058624,1.1454966,0.66135514,0.68359244,0.47663957,1.9119079,0.014837454,0.40621573,0.21373959,0.007439286,0.8669924,0.011047671,1.4067566,1.0363171,0.16486892,0.72993827,0.27069193,0.24648413,1.6050289,0.48227602,0.21856028,0.7022085,0.032688703,0.030009987,2.6336608,0.10973203,0.53496814,1.5265865,1.4146794,0.97539127,1.0283704,0.59507024,0.30718488,0.16371427,1.1476831,0.21802516,0.11054465,0.43504056,0.5273377,1.1678188,0.32191923,0.000342774,0.2783272,0.7212105,0.41399562,0.31474495,0.08496059,0.7303831,0.05555043,1.3373277,0.812219,0.19114186,0.14249343,0.012775623,0.21105,0.0074988566,1.4775192,0.11646618,0.12715803,2.0999491,0.1585748,0.93864375,0.18428561,0.16515619,0.8069278,0.5013866,1.1617945,0.040010124,0.31786785,1.5192144,0.030790363,0.4381634,0.06947183,0.2753073,0.43723604,0.16884536,0.038129486,0.030123236,1.2260185,1.3619224,0.38912582,0.83098817,0.082294695,0.5776761,1.8939607,0.13019618,0.6378323,0.081005216,0.1686244,0.24076837,all_pothole_images\pothole_images_enhanced_7c51bdfc16509d6f29bb150cc06c83ff.jpg
0.48898023,1.444797,0.30412802,1.8397355,1.0229508,0.4713274,0.9222098,0.3156501,1.3541924,1.6039664,1.5427358,1.3784317,0.3630084,1.8820384,0.13646647,0.87376183,0.36387798,1.1084982,1.6666222,0.23958747,0.6957391,0.14142251,0.3150463,0.39738458,0.1921182,1.2906475,0.0,1.6329491,0.10685108,0.5621446,0.345111,0.4532154,0.5028716,0.8816635,0.040175606,2.7955022,0.24128318,1.3081192,1.1762491,0.12277179,1.1120198,1.2042115,0.22639033,2.1584864,0.7914321,0.21552101,0.6041143,0.22939983,0.24822524,1.698676,0.50678754,0.5284029,0.2492479,0.10744816,0.71775985,1.9960766,0.35813108,2.07111,1.7748394,0.31990853,2.0428095,0.61833066,0.5748742,0.23891507,0.3155308,1.6426504,0.7597839,0.8667685,0.035563882,2.004742,0.31275976,0.11849378,0.20703188,0.97632146,0.35139045,0.25800946,0.40873387,1.2174271,0.34494695,0.22780535,1.6239616,0.54872763,0.33882546,1.9001539,0.44909146,0.374787,0.057563145,0.0,1.19162,1.5539296,0.770114,2.0884926,0.44950998,1.2846061,1.3051891,1.3387853,0.2508868,2.4339416,0.5539836,0.023643272,0.52086973,0.78466547,0.0052695554,0.83630913,2.5347056,0.20419276,1.2499179,0.14837,1.4960283,0.07078845,0.86697817,1.1375637,0.4649277,0.3207805,1.5926994,1.4155436,0.17962082,1.328654,1.6282787,2.147872,2.0051284,0.0025901946,0.18935692,1.2732252,1.4184203,0.9677879,0.68488014,0.82068765,0.594769,1.02838,0.5661786,0.04897172,1.1433866,0.25536206,0.53934747,0.86265653,0.84552574,1.2453167,0.0981446,0.2985281,0.6954504,0.016573973,0.40419558,0.31734285,0.4746554,0.51163083,1.6599838,0.37208334,0.19782998,0.4442419,0.5917939,2.288801,0.6262111,1.0078626,0.109127045,1.3507818,0.5003099,0.08226193,1.0944875,0.9266474,1.069339,0.5789152,0.7016928,0.6387575,1.7907736,0.6478648,0.08227295,0.5244424,1.4983639,2.5809186,0.7441013,0.48894542,0.01286876,2.564624,0.42627823,0.32934368,0.20939884,0.48357347,0.44003117,0.5011312,0.028010007,2.1927187,1.1983479,1.8252685,0.9543549,1.5922608,2.0949106,1.9795939,1.1220412,1.1205901,0.09715049,0.5754661,0.8631847,0.6609404,0.91795397,0.061666615,3.425977,1.2726789,1.1829424,0.06784307,0.016672404,1.1118833,0.13003515,0.4446264,0.84397393,0.36828908,1.5894086,1.1915517,0.8498205,0.9828553,0.0032659285,0.0054429825,0.84643894,0.3751291,3.8265448,0.5593059,0.11654143,0.5980825,1.2754827,0.319146,0.8971387,0.5649264,1.0508822,0.74783385,0.1841079,0.016330156,0.962205,1.1531223,0.78168565,0.2385526,0.10251901,0.9125318,1.3593905,0.77358586,0.4532574,0.19034535,1.4517593,0.78545034,0.17969297,1.7854701,0.60239166,0.37652463,0.03731405,0.5570936,0.519603,0.94456714,0.4262081,0.00754305,1.6266873,4.320942,1.426375,0.47006738,0.38041592,0.9756747,2.1966665,0.8118247,1.8510357,2.8254974,0.23011348,1.4737147,0.29101962,0.08766808,0.29654053,0.85039824,0.28501847,0.21843173,1.4001584,0.16734421,1.5345424,0.31117043,1.3106834,0.23015115,1.3143793,0.16012254,3.5764916,0.53508794,0.00083583326,0.20510213,0.33606797,1.0563956,1.8559355,1.0028809,1.2992498,0.27012128,0.33283532,1.5287081,1.1823366,0.22386281,1.7765948,1.1306965,0.10380695,0.46550068,0.16205542,1.68228,2.7568126,0.10146796,0.2733544,1.0626181,0.58549106,1.9311842,1.2985306,2.0556095,1.3703523,0.33842686,3.4683528,0.35984516,1.7894121,0.3663901,0.7595641,0.3845691,2.1383798,0.633552,3.7116694,2.3591971,1.6268448,1.6395706,0.382635,1.4642498,3.9478166,0.33819485,1.4103502,0.06617576,0.6804205,0.9424028,0.03228439,0.5699469,0.2612395,0.0016212132,0.4536223,0.8063991,2.068436,1.1822298,1.361225,1.2746834,0.16478315,0.5157178,1.1673628,1.9596026,0.7184141,0.8042619,1.027495,0.7433693,1.1441277,1.3063748,0.6678624,0.67462796,0.2789817,0.21764241,0.01769756,1.6759578,1.651354,1.1842152,1.4836996,0.22794808,0.25869748,0.434955,0.21886514,1.8113054,1.3397187,2.340274,0.7361154,1.0898981,1.0870595,2.299171,0.0066054226,1.2010367,0.82404745,0.18431614,0.7424919,0.66169035,1.1937486,0.47589627,1.3448305,0.8033602,0.44714248,0.5559557,0.17675053,0.96314317,0.7235401,0.37097666,2.3510542,0.4331004,0.8497853,0.3822294,1.502586,0.25771448,1.5212642,0.08705638,0.95660233,0.6084666,1.0353914,0.35366455,0.07034063,1.233512,0.057729997,0.28297505,0.5941077,0.4229382,1.8992862,0.29599702,0.7330902,0.2815167,1.0819584,0.05248288,0.8867786,0.32525367,0.6987193,0.12279133,0.05457206,0.0614033,1.5961727,0.13760217,0.1706121,0.18293299,0.9904864,1.9956405,0.59519106,0.8783334,0.26453424,0.20185839,0.5766971,1.2243842,0.31353322,0.39859796,1.5611039,0.6484606,0.860095,0.17402159,0.2694111,1.3003509,0.3358445,0.14788632,0.20572318,0.41265872,0.33072984,1.0834678,0.48390192,1.4959153,1.2642614,0.7652001,0.8185947,2.8175406,1.0079358,0.35123637,0.21587579,0.03717437,0.17016274,0.36640424,0.12854096,1.1482872,2.8815727,0.19397031,1.5360321,2.7032144,1.1822369,1.6325852,0.5730358,0.81592125,0.4459245,1.5000728,0.7134667,0.36292964,1.0131705,0.100856,0.6770211,0.33706704,0.11763197,0.0,0.58605814,1.4203849,1.2542839,1.8906807,0.21494713,0.070141375,0.7383779,0.085992366,2.1192546,1.440403,2.0868611,0.4147109,0.06425128,0.81819004,1.0462445,1.109698,0.7836998,0.46166605,0.40782422,0.300712,2.1706874,0.052131653,0.23332457,0.9265591,0.43635863,0.69081205,0.23266356,0.8038663,0.13411242,0.1196854,1.2098566,0.15041354,2.0487165,4.1801186,1.3691707,1.1691678,1.7358125,1.1556913,1.0283097,0.730834,0.9991039,0.7500095,0.0,1.2522789,all_pothole_images\pothole_images_enhanced_7c6c6c69a7d4742677bedb49a5a2ca47.jpg
0.20460969,1.8292885,0.007529081,1.5164636,0.48189,0.03145712,0.29497406,0.18379742,0.0,0.255878,0.020048574,0.03829228,0.07464561,0.84896696,0.056603752,0.02727069,0.5451574,0.49836513,0.14910701,0.57797277,0.26513994,1.7666781,0.4637192,0.85027677,0.04255999,0.6874749,0.5961101,1.3614334,0.0395968,0.26923648,1.5140687,0.12276625,0.34814346,0.7428963,0.2197579,0.6251458,0.01099186,0.46084657,0.53124994,0.1752984,0.0,0.0,0.00015057845,2.518137,1.0773482,0.10773584,0.08524808,0.004109379,0.010290668,0.30541602,0.03343946,0.0301978,0.48008463,0.0,0.0,0.31904113,1.9390174,0.6718821,0.106647655,0.0015784951,0.0,0.048882823,1.4416372,0.09903164,0.12140355,1.0553454,0.2431269,0.27856717,0.0690733,0.40734264,0.099575914,1.3039445,0.028178405,0.0021533892,0.06177106,0.0,0.07942643,0.8899846,0.0,0.019043267,0.27698997,0.22518235,0.40651867,0.78348625,0.37084112,0.026142925,0.07763113,0.18072249,1.6101494,0.006878478,0.0,0.065053426,0.043039385,0.20476192,0.0013670343,0.0,1.4725074,0.22703019,0.8720066,0.01312739,0.02094434,2.2503097,0.15964536,0.16577713,1.5801597,0.5800785,9.992857e-05,0.0,0.04110934,0.38951918,0.054658327,0.4013236,0.527137,0.7239108,0.25172836,0.21259849,1.5733404,0.16969143,0.34895822,0.28251204,1.2190279,0.99841255,0.0595729,0.23928869,0.29866025,0.64484483,0.0,0.23619221,3.5143905,0.00025471984,0.6751192,7.566727e-05,0.15876447,0.12427636,0.3962995,0.5151924,0.0038324895,0.01702797,1.5057226,0.3503052,0.74379766,0.09250747,0.55905104,1.3947344,0.18155082,0.8085257,0.15837678,1.711915,0.3794756,0.019536898,0.055728815,0.2782787,0.02229799,0.0010431738,1.1433676,0.6451698,0.43530205,0.03419554,0.48782495,0.36702922,3.419918,1.4056839,0.008706163,1.9765601,0.3713159,0.006986658,1.4482373,0.44748873,1.6925254,0.13734046,0.08901408,0.0,0.056855123,0.0,0.096950196,0.6181273,0.37008247,0.007826513,0.064788766,0.09034081,0.02350188,0.45736495,3.5219793,0.05703917,1.3530118,0.0,0.060734153,0.11195206,0.024635896,0.28295034,0.31146207,0.13869801,0.45864436,2.0847452,0.013219332,0.009518784,0.04055736,0.2857903,0.04507642,0.5475246,0.009255613,0.44999024,1.021654,0.76298887,0.2228931,0.43975848,0.67048144,0.08043636,0.43307287,0.69458133,0.0,0.0133073935,1.0554212,0.02583138,0.06496947,0.31181946,0.5944431,0.3284778,0.24696659,0.07841495,0.4241568,0.08541153,0.4284039,0.046285734,0.030796751,0.058071636,1.5755122,0.049746744,0.033793923,0.14899617,0.084423065,0.0026208204,0.085105516,0.03728996,0.45973852,0.024250586,1.436875,0.38685867,0.020860098,0.16896039,0.0021096806,0.2665758,0.2619678,0.04330297,0.12419864,0.060393464,1.6747358,0.032822825,0.3599423,3.6011975,2.0208745,0.047266867,0.17563306,0.14370874,0.0,1.1014472,1.7024314,0.19847153,0.0015889545,1.2043561,0.24640988,0.1676014,0.25330016,0.14803168,0.5431054,0.13936804,0.060070634,0.27792442,3.664839,0.002408894,0.007756643,0.06708098,0.4118372,0.74545085,0.29459062,0.28913084,0.109465204,1.1576247,0.15412661,0.9130267,2.858573,0.015779523,0.06881661,0.43508062,0.6407272,0.09005659,0.02972816,0.010979392,1.4278393,0.011283319,0.34315738,0.043093223,0.11641824,0.5362247,0.14570542,0.21835639,0.43440124,0.5162453,0.24624649,0.021028884,0.21700256,0.040289104,0.027112367,0.0,8.247416,0.0063293423,0.0,0.18923819,0.0,0.12083383,0.31095472,2.588058,1.633194,0.22128768,0.36793393,0.0071277916,0.043813646,0.33238453,0.611151,0.028860418,0.37271655,0.022701962,0.07315853,0.30707198,0.12893397,0.018178774,0.9058113,0.0,0.085872434,0.13881291,3.9248917,0.08015631,0.35773766,0.018987022,0.010835957,0.116115555,1.0137458,0.018360931,0.1454706,0.09626551,0.40545654,1.571274,0.56117666,0.11538459,0.8062602,0.021916242,0.029211849,0.22003944,0.26850712,0.9062109,0.5955075,0.034326788,0.07875021,0.10976277,0.086005695,0.007025972,0.048001606,0.14533761,0.12436048,0.0035915088,0.1405515,0.29098183,0.07346113,0.22351146,0.0,0.0,1.1711558,0.3334141,0.6232851,0.24718122,0.3335275,0.0809199,0.43680993,0.13517055,0.7601579,0.14058809,0.29355308,0.029909475,0.8076974,0.05703834,0.29335696,0.0006102011,0.002165458,0.4178818,3.7359796,0.51194483,0.26138866,0.1142362,0.005156237,0.02130031,0.054131526,0.29040062,0.07865808,0.67790705,0.14227405,0.0,0.47618794,0.044911083,0.5579628,0.15052724,0.82015777,0.9991629,0.22151625,0.6825049,0.030434078,0.1752016,0.37840074,0.8638701,0.0,0.08631015,0.6224979,0.6862499,0.055409897,0.0658633,0.0,0.57304937,0.013281056,0.7799716,0.12475722,0.0,1.0899214,0.333527,0.8899267,3.2576723,3.3666637,0.5897369,1.0337193,0.2900411,0.0546684,0.35071144,0.52753764,0.265112,0.0,0.042861175,0.35176775,1.7407553,0.011038547,0.11884487,0.15602775,0.36959535,0.45778167,0.47589862,0.15700449,0.12872687,0.16958992,0.46302116,0.4217933,0.553405,0.03695816,0.5405545,0.657109,0.42166188,0.0158141,0.4316994,0.19972065,0.9490853,0.09173312,0.42162597,0.48840702,0.0708957,1.2699653,0.8094374,0.20980777,0.0733283,0.46053421,0.0031322523,0.010573237,0.0,0.78843534,0.95957184,0.62203294,0.27182075,0.24583468,0.04008846,0.22508068,0.32195407,0.008894258,0.34898874,0.486321,0.025054935,0.11442678,0.6890943,1.4107276,0.1484885,0.07999707,0.03431022,0.8881518,0.10346379,0.24789219,0.0,0.017094396,1.2566437,0.0,0.0,0.0015148064,0.11045261,0.45958686,0.014108167,0.12604353,0.1086914,0.0064811944,2.241102,0.03922567,0.1879694,0.007643041,1.2207129,0.39283556,0.46944863,0.0,1.0482103,0.31798854,0.08171839,all_pothole_images\pothole_images_enhanced_7c88565abce4bd209e1d628175e6e9f8.jpg
1.7663627,1.8252251,0.83762485,0.48130804,0.81914026,1.4427376,2.1861475,1.1034647,1.8025814,0.4979105,0.15704887,0.9703847,0.49992844,1.704985,0.2582791,0.23790824,0.86996907,0.4228976,0.59563243,0.0046130684,0.218665,1.8584013,0.09920872,0.8862371,2.3352544,0.63681483,1.3512313,2.2554872,0.48089853,0.57911,0.32425904,0.5003795,3.0663476,0.058727298,0.14409582,0.5520216,1.6498528,0.6552968,0.8159035,0.59381366,0.22532432,1.0465826,0.21142107,0.77217335,1.1036305,0.90966743,0.088571906,0.04979621,0.6426977,0.2584439,0.5615728,0.107658304,0.28479582,0.39046344,0.06474161,0.26577133,2.282704,0.02291911,0.29548466,0.79187244,0.43138778,0.03449511,2.7235081,0.8926718,0.738162,1.2943323,0.26857734,0.038407754,0.59677607,0.058976114,0.07142903,1.928382,0.01886169,0.32528502,0.031400472,0.6355843,0.29562062,0.09663477,0.003824307,0.8234246,0.6884426,0.037485853,0.15255949,2.5340478,1.3172145,0.676782,0.82061416,0.063519485,2.1261375,0.63399404,1.2619594,0.16454731,0.8748126,0.9470804,0.62319154,0.07080449,0.54658955,0.45567113,1.8256103,0.8876703,0.5323958,1.4308618,0.4629533,0.6189452,0.031001037,0.4272587,1.0938513,1.7689078,0.42537573,0.86729676,1.8184294,2.031089,1.2816187,0.14387189,0.31344584,2.5823724,3.2732344,0.04362326,0.15022916,1.1379477,1.6983676,0.029311016,3.992206,0.29949436,0.08668757,0.25697765,0.30615896,1.5888581,3.1272943,0.3707836,0.3526959,1.3186427,0.8150091,1.8308274,0.118113466,0.938275,0.21522981,0.9630854,3.0276957,0.5358292,1.5369883,0.073321484,0.049180828,1.3899808,1.674906,0.76269335,0.50918573,0.23396474,0.32886007,0.42705017,0.14839599,0.4420686,0.23475908,1.0176244,1.7787011,0.37179974,0.69889617,0.37967306,0.9009515,1.0499089,1.0609105,0.5662252,0.10249716,1.8914003,0.24225268,0.021517543,0.86634606,3.9349227,0.78020936,0.16828714,0.59103864,0.55784184,1.2494019,0.2751747,0.3957348,0.03279115,4.5267487,0.93902826,0.0035107248,2.060681,0.29085356,2.6614094,2.4616876,0.042479873,2.826013,0.43144584,2.4770854,0.4279314,0.12105707,0.24833955,1.7142376,0.026649749,0.54821163,1.9476635,0.7467925,0.78612554,0.21260537,0.25543645,0.74728143,0.08672194,0.1866901,0.41016096,1.4794561,1.2862731,0.4184225,2.0648806,0.5839203,1.2825652,0.69704163,0.012681265,0.46183807,0.50174165,2.0683239,1.7446027,0.524175,0.20695135,0.025116352,0.10880303,1.2093195,1.0367569,0.9637154,0.70539546,0.95890605,0.43677244,0.0,0.6751363,0.7213966,0.13002573,0.5286365,0.35735428,0.9375764,1.6179135,0.08218287,1.170865,0.47059816,1.8411878,2.1095748,1.1836265,0.44653967,0.15560508,1.9867127,0.025021976,0.15318428,0.7192236,0.6226121,0.021635821,1.360783,0.34845516,0.5159356,1.8059537,2.483382,0.0,0.24126683,0.09619911,0.079902545,0.38178626,2.3137848,0.48397934,1.1013558,1.0118542,0.9971643,1.5517569,0.40151232,0.5813644,0.23954158,0.6073604,0.11819785,0.44570592,0.2504533,3.4963024,0.11187669,1.2127986,0.4070318,0.14595638,0.53883624,1.9092628,0.4949673,1.1410434,3.1146092,2.0333972,0.8484615,0.83731407,0.13282569,1.0240496,0.26746702,0.045444988,0.8563612,1.3860489,0.55817884,0.54204327,0.4600162,0.13974205,0.6276214,0.6639435,0.24977055,2.012481,0.6722702,0.63076097,0.8031558,0.5447939,0.11942363,1.2974935,0.18220183,1.081199,4.8942027,0.181172,0.68281966,0.85934526,0.2603299,0.26667306,0.12898864,0.44804972,2.9918194,1.0410769,0.066814646,0.45328498,0.9567245,1.2415824,0.7870267,1.3986994,0.029987799,0.110384814,0.19760643,0.375034,0.5050883,0.65947086,3.5103343,2.7345605,0.30682138,1.204374,4.437378,1.1443013,0.018071119,1.9118993,1.0918274,0.269132,1.6102561,0.9661354,0.21498613,0.29543987,0.22282241,0.12898058,0.7788425,0.032484703,0.36292985,0.17059532,0.11013531,0.46705222,1.5754222,3.0220928,0.37237763,0.59707755,0.09817354,0.54495883,1.7829927,0.3062308,3.3562133,0.11942636,0.25581086,0.19821377,1.1064303,0.016335642,0.16293928,0.05565002,0.10339763,0.37652057,1.7053543,2.016217,0.18661207,0.29715002,1.6689397,0.0009393931,0.6590943,0.7495779,0.41742125,0.32914492,0.3379972,1.4399978,0.07508088,1.017942,0.11744865,0.6602419,0.5104806,0.54833686,3.393384,0.7139971,3.298724,0.5177011,0.25084946,1.2979366,2.0310745,0.25816604,0.787157,0.50788647,0.35773772,0.9430165,0.5133699,1.1252599,0.0019816118,0.09069412,4.0247445,0.463286,0.66689503,1.5519806,0.47845402,0.07441216,1.3233973,0.6300937,0.8252993,0.4231632,0.14722961,0.7147386,0.81288385,2.5759544,0.4215175,0.7584712,0.12113347,0.71826786,0.19474855,0.2651456,0.64143556,0.14756073,0.5531646,1.2881731,1.0161338,1.0127494,0.48454368,3.2823122,1.027791,0.21629176,0.9603326,2.9676108,0.1130643,0.21848978,0.416559,2.0231123,1.9168915,1.1389195,0.10574202,0.6927367,0.70414555,0.18977419,0.08707226,0.25540286,0.8151142,1.4482677,1.89911,0.6915236,2.6431797,0.18737464,0.71725464,0.7290693,0.07094935,0.64637476,0.9579761,0.28802222,1.4573356,0.56899655,0.4130346,0.3024455,0.81435543,4.124247,0.7172168,1.2987871,0.24597456,0.37698695,0.4956017,0.13392399,1.2862109,0.1073406,0.3576045,0.35923588,0.9546704,0.6053247,0.29495156,0.14651437,1.3314147,0.93950844,0.5120375,0.164159,0.04115302,3.0159638,0.116540514,0.32664272,0.03380869,0.24142222,0.7687521,0.31416687,0.20605509,1.36341,0.23605557,0.968554,0.4218973,0.2546358,0.8944213,0.5705672,0.13806711,0.2014603,0.14619946,0.14531003,1.1292396,1.5798259,0.13253243,0.4727546,0.1713086,0.25507963,0.69679475,0.15879735,0.28720298,0.62666637,1.9673668,0.958335,all_pothole_images\pothole_images_enhanced_7c92e0514f17bbf3251a02fd562a495a.jpg
0.8355326,0.78689855,0.16016829,1.0869025,0.348414,0.22168453,0.47776133,0.14361951,0.06288345,1.3069323,0.7892675,0.21607596,0.24814773,0.3239315,0.028271645,0.44822362,0.28098404,1.2459798,0.3973067,0.3498455,0.8113009,2.266097,0.9851029,1.9804862,0.59732693,0.161534,0.032145374,0.11939077,0.0,0.03065742,0.5812075,0.043216404,0.64562595,1.6194323,0.029173892,0.498508,0.20536496,0.19773214,0.47229093,0.452683,0.31279692,0.17905237,0.0020470975,0.23879945,1.2957456,0.15355894,0.5585721,0.13761552,0.74044776,0.46669886,0.4569893,0.24084753,0.04022448,0.06453249,0.1571928,0.6515847,0.6057741,0.1914795,0.86408,0.1771793,0.00550019,0.13695164,0.28674063,0.870711,0.39780578,1.7831337,0.39423728,0.4518476,3.3473785,0.5848747,0.3390384,1.1835117,0.3743392,0.008975543,0.09372699,0.43452835,0.087227285,0.47292,0.0,0.012492717,0.022434164,0.1338453,0.44886476,0.92069525,0.80874467,0.61852604,0.32947746,0.26707873,1.802153,1.1926682,0.04070993,0.48132074,0.27289566,1.2686785,0.12579224,0.11812266,1.1056732,0.5074142,0.14180659,0.036618065,0.68004,1.5898716,0.32783052,0.2134346,0.60029584,1.3871262,0.07062456,0.10057799,0.23825595,0.9082329,0.0,1.3726742,0.37780184,1.3770963,0.1790121,0.29494107,1.1926755,0.3447025,1.4121435,0.6309565,1.0550009,0.7612163,0.64048445,0.7408086,0.33350277,1.3230519,0.033268407,0.50701916,0.23830678,0.29267654,0.59668905,0.118060656,0.28908366,0.37117207,0.26505706,0.39821827,0.12787074,0.035456713,0.9368966,0.38822687,0.36626709,1.0609319,0.25212193,1.6196134,0.025156625,0.08536398,0.18463796,1.486959,0.20859936,0.3128849,0.50368226,0.32389045,0.033112988,0.34917393,1.7198374,0.7636544,0.97403115,0.2351264,0.28948122,0.44821408,2.1113675,1.6601995,0.02437343,1.80438,1.0754994,0.76406616,0.80683005,0.11540438,1.8072067,1.2615443,0.68023694,0.0803169,0.0014243544,0.031239768,0.8602441,0.24049374,0.31528512,0.0,0.05306561,0.3374882,0.010063224,1.6746267,0.98418784,1.2496583,2.5992088,1.7802645,0.21917251,0.42769125,0.4428972,0.4461427,0.41635233,0.18249057,0.35786787,0.9745687,0.18376802,0.089046575,0.6510048,0.94056445,0.024673399,0.26089495,0.12414866,0.031165978,0.64104486,0.87203455,2.5618718,1.305424,1.4257693,0.07577941,1.9830807,1.8694246,0.013011251,0.45682946,0.3645088,0.25846392,0.3767823,0.5624927,0.6461114,0.26444057,0.6761893,0.3169687,0.37171432,3.761165,0.6960483,0.6439346,0.05561467,0.15179764,0.8551194,0.03974463,1.305877,0.40012163,0.11933229,0.0069316803,0.47853532,0.08807322,0.75157416,0.18641816,1.2175958,0.15375997,0.8590335,0.25313905,0.5834321,0.12952651,0.42594832,0.4295011,0.09079759,0.024766445,0.8864225,0.25770375,0.49928913,3.1222575,0.74995154,0.19390495,0.87480444,0.06844541,0.101290606,0.33407217,0.7161848,0.8206362,0.2730335,1.2122225,0.018006865,0.23172455,0.6640524,0.7475144,0.82494885,0.12490751,1.1404563,0.7379365,2.987239,0.602804,0.74929214,0.33801904,0.42886084,0.780537,0.7948609,0.38780877,1.0064071,0.35096022,0.55964875,0.46296975,0.38224232,0.2443085,1.0608065,0.007160951,0.22829151,0.57822376,0.43462732,0.0,0.13645941,0.17276478,0.4123619,0.19729951,0.024981555,2.3232253,0.8816956,0.36004463,0.8441532,2.2387085,0.3635367,1.4746674,0.89563906,0.2568426,0.008288519,0.2511341,3.3603876,0.21767701,0.17005762,0.48270294,0.0063892566,0.15782101,0.7809069,0.8281855,4.1594934,1.5898927,0.35181877,0.094994426,0.25459468,0.32844487,2.1519318,0.5739619,2.4884055,0.1711931,0.24703738,0.8175212,0.19113421,0.07445145,0.51288444,0.10909824,0.18505198,0.7007956,4.5329714,0.7593954,0.28732902,0.001649946,0.08745744,0.18357064,0.57369035,0.26781213,0.39983064,0.07566472,0.19574706,0.7756325,2.1691175,0.15206884,0.014878481,1.4473724,0.12193116,0.42247316,0.42664608,0.37183577,0.5189193,1.004347,0.07089124,0.60603637,0.74620473,0.2935972,0.029768607,2.209256,1.016844,0.80181885,0.325069,0.25048733,0.9995841,0.14110896,0.10403936,0.9956722,1.211836,0.077017516,0.39715374,0.52272516,1.5906934,0.65480125,1.3554913,0.045249306,0.9715645,0.36406738,0.8333265,0.4122578,0.6397172,0.25114447,0.5457385,0.13906209,0.15365912,0.93252856,1.6724031,0.1393374,0.28262907,0.11719024,0.0051354375,0.60902226,0.0879322,2.234722,0.31394613,0.113495156,0.11540996,0.8110493,1.0603427,1.0304779,1.4869596,0.07873392,2.9963236,2.1069145,0.5467341,0.06430237,0.6662777,0.28536454,0.4904896,0.9618762,0.035793062,0.34868163,0.1301066,0.58579284,0.35886893,0.3749084,0.0486328,0.08402833,0.08489969,0.44219005,0.11057634,0.060179036,0.35802433,0.7388346,1.0423695,1.848715,0.8737569,0.48160592,0.7420894,1.1992856,0.18868606,1.1875398,0.66412735,0.4997536,0.08479612,0.58464587,1.1859645,2.2770722,0.82169014,0.9202853,0.123675235,0.614466,0.26569968,0.7484823,0.50656444,0.22505443,0.15648904,0.31663856,0.27483496,0.35099962,0.088167235,1.9252573,1.6934673,0.37717113,1.7232872,1.5433214,0.49860707,0.82149225,0.22860375,0.22526906,0.6638088,0.8216459,1.0139406,0.43279222,1.1577039,0.25267345,0.31246927,0.23375575,0.021730237,0.09931423,0.56632173,0.3405222,1.2915959,1.0051023,0.044644676,0.30196324,0.9272522,0.049283016,0.075026415,1.279776,0.53955305,0.06798812,0.2895659,0.8832357,1.5872973,0.671326,0.37239963,0.49297696,0.7080417,0.020943124,1.0328348,0.120946154,1.1992731,1.2384331,0.3366387,0.03620103,0.17587237,0.2071186,0.10437152,0.38604957,0.009093757,0.22617362,0.7587344,2.8725047,0.85051435,0.5217136,0.108239956,1.6739776,0.6936601,0.62550414,0.7402052,0.7878704,0.16535017,1.0956839,all_pothole_images\pothole_images_enhanced_7c9822d970588cc9bbf720e3d4c31c56.jpg
1.6411313,1.0186127,0.62530285,1.3534544,1.0945413,1.2236711,1.2366898,0.78825897,0.8413109,0.7110149,0.2821434,1.6462713,0.9667962,0.77265686,0.3465795,0.83515596,0.09667082,0.17772047,0.59916353,1.0125576,0.7742814,1.7882342,0.40839028,2.0756478,0.39438042,0.5680871,0.47546417,1.1654288,0.71032447,1.1285056,0.13779284,0.075390734,1.0689256,0.3534874,0.61608195,0.62987083,1.8599106,0.56763977,0.7457013,0.7473065,0.15447101,0.25360203,0.6708842,2.6192923,0.20077851,0.66063213,1.0342718,0.08870803,0.07681109,1.0717599,0.8361603,0.37023613,0.24076226,0.22784661,0.668376,1.6923164,4.0186915,0.8918834,0.20111205,0.66901267,1.938619,1.7149574,0.46827418,0.63931006,0.5788462,2.456767,0.70932543,0.61687,0.13989913,0.8498398,0.18741119,0.32824504,0.0,0.12231367,1.225974,1.4852465,0.82728785,0.20661183,0.38283265,1.9729306,0.7005766,0.048609197,0.013417475,2.006081,1.4234687,1.1564907,0.1432134,0.5901324,1.8329301,0.039938346,0.4446,1.2997559,0.26359448,0.026295887,0.4852269,1.6044039,0.30345693,0.9181475,2.3946776,1.0149655,0.4445477,1.27148,0.19505984,1.658957,0.5543584,0.30438417,0.150774,0.53051907,0.17664231,1.0140293,0.441308,2.5998943,0.5839144,0.0,0.60020864,0.66345096,2.8882916,0.09610077,1.3204459,1.253353,1.3095556,0.5114429,0.58652115,1.4067634,0.78303856,1.0419925,1.2383008,0.83060706,2.5451431,0.95338124,1.9619702,0.35787067,0.3291512,0.18448673,0.08995515,1.0838543,1.5473907,0.44593877,0.3308434,0.26161116,1.7182826,0.4092372,1.3636816,1.2180033,0.28325844,0.37663436,1.2501373,0.30017397,0.769702,0.57631874,0.4265696,0.91927755,1.1469761,0.17246217,2.0237436,0.71897364,0.74988264,1.6551582,0.462462,0.342413,0.6914306,0.0,0.1944245,2.6677694,2.0117807,0.55450386,0.49196362,0.29834357,0.60963094,0.37846887,0.073059596,0.07844626,0.15321219,2.0156035,0.62064725,0.00078416575,0.34259212,0.16271317,0.06604563,0.42618626,0.9027873,2.6462576,3.5161846,1.0032321,3.4686375,0.1753919,1.6841568,1.2108933,0.88132095,0.61462426,0.82931656,0.20606017,0.48806795,2.0892725,0.76870024,0.1692666,0.39197734,2.7772226,0.4586631,0.7767905,0.8680171,0.4057483,2.2352777,0.82677925,1.0837617,0.9236095,1.3034959,0.084261455,0.23745248,1.1034377,0.0,0.31746054,1.343602,1.9789245,1.468393,0.5284303,0.89223164,0.55159074,0.7615396,0.19442566,0.49243295,0.10509882,1.4354565,1.0500805,0.26579338,1.1673824,0.63531953,0.6139025,0.7356621,0.012613544,0.8522369,1.7778174,0.57525647,0.26603457,1.1143851,0.46485418,0.6715236,0.15119891,0.15494034,0.39067364,0.41710696,0.03718159,0.2919169,0.543264,0.12249903,0.3570411,0.2055017,0.19251877,1.9795426,2.4857087,2.0625274,0.18381248,1.6759257,0.32734564,0.5924779,0.2843661,0.9183826,0.030527776,0.33534703,0.51968145,0.31741992,0.5567145,2.1220067,0.09678241,1.8048096,2.0160842,0.027610095,0.2732659,0.54698646,1.0519412,2.2464254,1.2155738,0.057954885,0.046932627,1.0696927,0.19617806,0.705217,0.08699256,1.212194,1.1623163,0.9465409,1.3237253,0.005194533,0.77988595,2.1983418,0.8154438,0.49821743,1.749995,0.8504551,0.15361166,0.4270564,0.56369907,0.9154027,1.1115872,1.0801213,0.6945424,1.4400685,0.58135384,0.48617825,0.48737773,0.123687424,0.4788643,0.86710715,0.51307166,1.5066419,1.6904415,0.08460916,0.05994614,0.019817585,0.5904132,1.3735222,0.030549256,3.571315,0.34722573,1.4959722,1.8801079,0.13634427,0.28351176,2.003819,0.1587368,0.61145604,0.3284689,0.11926039,0.5856215,0.30292675,0.91263527,2.6194527,0.028281426,1.499316,0.89584595,2.0169144,0.5417985,0.02305359,0.6420265,0.3752571,0.24977247,0.3097408,1.2122182,0.0055795354,1.0996373,0.44425285,1.247255,0.73333675,0.36218587,0.69969034,0.13984916,0.33620197,0.20460561,0.11092425,1.128593,0.6000878,0.116881214,2.4573762,0.13447389,0.4530041,1.4602835,1.9636704,1.8814944,0.16830638,0.7985363,0.94282866,0.021766536,1.0095007,1.7969851,0.31372428,0.04088853,1.9362407,1.0310378,2.2181075,0.24638864,2.4101896,0.907887,1.6909668,0.49501076,2.6703372,0.33875218,0.11762436,0.9455462,0.9756368,0.8850131,0.22526322,0.97681886,1.0426347,1.8486882,2.1559484,0.9174512,2.7575676,0.20365024,0.65381324,1.2480232,0.915307,1.4375734,0.08254965,0.985087,0.30482894,0.062448416,1.3045712,1.0487077,0.50027204,0.9860701,3.4029279,1.1997442,0.067775965,1.8027508,0.5772874,0.09980819,0.50484365,0.9876637,0.039468527,0.78416705,1.9843471,0.09219667,0.22704196,2.2498367,0.74685603,1.1623707,0.5256777,0.4202402,0.38620096,0.28248915,1.1826286,1.0519143,0.16009226,1.7111107,0.5753725,0.48147228,0.4266457,1.0848091,1.0975224,0.09939773,0.19882694,1.3963981,0.18136826,2.1366823,0.3026544,2.2778034,0.5368277,3.0351236,1.0454556,0.5757852,0.6953399,0.20796764,0.10808814,0.39079416,0.7602341,0.19361827,0.42205724,0.8251072,0.16617498,0.5287526,0.35681057,0.68213344,0.53989846,1.941263,1.1160262,1.4840288,1.9518809,0.28950033,0.14704603,1.9754707,0.14907254,0.949495,1.5578889,0.6897728,0.61368746,1.0483136,0.0057708956,0.9504673,0.9222162,1.5074939,0.48038933,0.38419405,0.08706922,0.86757404,0.12732436,0.500539,0.3193276,1.8519965,0.7935766,0.117955714,0.8888326,4.561167,1.9428731,1.1184233,0.15300672,0.43190286,2.251288,0.23077014,0.689515,0.6832993,0.1563735,0.13711098,0.7634956,0.3118497,1.6857718,0.93916446,0.34877324,0.5950277,0.28114715,0.06381173,1.076111,3.8910334,2.2928479,0.15146951,0.041329004,0.23364323,0.15897764,1.9934618,1.1309507,0.64708835,1.4134481,0.33189613,all_pothole_images\pothole_images_enhanced_7cddcf5c388a2943ddca31ad05643f1a.jpg
0.24929804,0.7202268,0.03269347,3.1112602,0.9456126,0.4081804,1.0773947,0.37835863,0.058436047,0.42535764,0.28362775,0.2312991,1.1479907,1.1639836,0.26218605,0.21383432,0.0086188745,0.77687544,0.71156317,0.3526547,0.43553716,1.9713992,0.90828717,0.4679562,0.40815952,0.1815024,1.0386548,0.82147294,0.8999265,0.43919665,0.21363367,0.4563841,0.7998657,0.13691376,0.1259554,1.5276577,0.37973398,0.11147229,0.06671546,0.65110826,1.0171651,0.43787324,0.37417504,1.009728,0.04766795,0.25416833,0.6064905,0.0030122413,1.1296414,1.0744455,1.4215292,0.28198016,0.40895092,0.6681946,0.57010835,2.4354336,2.414768,0.036259186,0.3908194,0.96562207,1.4450308,0.5950395,0.7833626,0.29731017,0.8483087,1.2998123,0.081225134,1.0706651,0.014958112,0.77707726,0.0061591947,0.054485407,0.0403326,0.1607852,0.7611626,0.34211475,0.74227494,0.6517644,0.3755825,0.5350732,0.1860265,0.23098293,0.81261694,1.7193115,0.98693085,0.6669343,1.0462564,0.046747494,1.7105812,0.09660257,0.25294662,0.86338526,0.042841323,0.004617258,0.4898883,0.045831274,0.023624875,0.5227817,0.67026037,0.8504016,0.6714356,3.726334,1.6067442,0.3914386,1.2565142,0.051251214,0.9180991,0.16363335,0.063140504,0.62271434,0.6565348,2.4087403,0.9715931,0.15075848,0.96756214,1.6244316,0.55338454,0.93926734,3.606203,0.8032112,0.54718995,0.9381016,0.31719843,0.60041887,0.33908477,1.4463669,0.34496856,0.48406053,0.31524536,0.0,0.9355289,0.53398806,0.68623084,0.8463692,0.42936885,1.0467552,0.062807135,0.13797621,0.40635002,0.5954049,0.6147172,1.4907426,0.1715359,1.3786478,0.3083423,0.76008743,0.12840496,0.8846863,0.8981102,0.8745222,0.3296149,0.7185636,1.0449438,0.2950459,1.3518406,0.4478714,1.315452,1.0958773,0.79155177,0.29417926,0.47296557,0.90479785,0.13198881,1.919253,0.44280082,0.9911673,1.1428058,0.25559223,1.3867754,0.1952173,1.0517671,0.0017176538,0.046111282,1.6584755,0.58066255,0.28697124,0.8744301,0.3469315,0.9574141,0.07205609,0.62486386,2.2094247,1.8756487,0.402939,1.4979522,0.089757636,1.5020835,1.4061531,0.1344825,1.0256413,0.57871664,0.52288353,0.045760237,0.80698043,0.22595507,0.27029136,1.6375006,1.1945703,0.83086354,0.25800547,0.0294218,1.0780288,0.47825158,0.36470476,0.99156433,0.55418485,0.06579857,0.029789766,0.50427306,0.65313745,0.36097914,0.31660593,2.2976947,1.6663772,1.6041173,0.5814179,0.8943864,0.96859694,1.2522619,0.35803407,1.1325752,0.0,0.45357564,1.1797664,0.010806393,1.2104132,1.6753759,0.29662648,1.9730657,0.07959966,0.25210708,0.6929553,0.9547418,0.17604372,0.40512803,0.0875653,2.3150826,0.27885833,0.09825952,0.70442176,0.89258003,0.0019748777,0.44737044,0.0,0.11322375,0.058683734,0.6061127,0.51671296,0.7692937,3.9659135,1.6233729,0.5220621,0.49828923,0.054671794,0.090633154,1.1150402,1.4391863,0.1190125,0.60788304,3.3559306,0.15962817,0.39824334,0.5871742,1.4551877,0.28647953,0.25350183,1.8538239,0.0021796,1.4327414,0.49191427,1.6075078,0.04982613,0.12823251,0.20227802,1.7785621,1.4386408,0.1944931,0.70572644,1.2263764,0.18638884,1.6773342,1.597252,0.701769,0.8667025,0.5190601,0.25018921,1.0051091,0.60251945,2.128117,1.3524857,0.19251405,0.9315127,0.32355368,0.80671984,0.04314747,0.005588466,0.5388038,0.6373297,0.23118824,1.0468553,0.23613863,0.4572202,0.23348115,0.32864434,4.6443243,1.4179268,1.1431321,0.13647023,0.54490703,0.6598299,0.80825335,1.6404786,2.775142,1.9022629,0.40819743,0.7726124,0.056296654,0.6952223,4.807723,0.13442841,0.5432889,1.0032576,0.016495008,0.28575793,0.4202679,1.2128277,0.88982624,0.346154,0.06362815,0.49237356,1.141035,0.42851365,0.22147334,0.48682025,0.014229772,0.19272257,1.6499228,1.0316055,0.6103548,0.99289024,0.2731839,0.84919953,0.84390754,0.8799515,0.7520536,0.3170362,1.0107007,0.018747516,0.17573184,0.34396738,1.2073106,0.19231862,0.17917636,0.16235529,0.41548133,0.21429412,0.31309643,0.71054894,1.8289343,0.5310985,0.30550998,0.72629446,1.135082,0.28924635,0.0630649,0.87880814,1.5468897,1.1136689,0.2854547,0.6800847,1.1980072,0.26818454,1.2283577,1.0638974,0.8578786,1.0019386,0.0,0.25088227,0.30232966,0.4680159,1.5017382,0.031212343,0.17856921,0.6761465,2.043586,0.17840528,3.247318,0.19062334,0.7057343,0.43371814,0.029922035,1.7155998,0.7088159,0.33360282,0.21295173,0.11927335,0.18344036,0.0,0.6906716,0.668027,1.0523535,0.217057,1.2423388,0.42077538,0.33052647,0.105272606,0.11269583,0.31401333,0.37741154,0.4795829,0.5948309,0.52601594,0.07814447,0.046030384,0.64287925,0.06635697,1.6218725,1.2379793,0.5961881,0.57094985,1.8238289,1.3925737,1.1355175,1.5701534,2.8881087,1.220783,0.43861833,0.7014592,0.91153145,0.09363578,0.77431154,0.43825358,1.2766662,0.020022687,0.015721343,0.7257093,0.74417764,0.3860025,0.874129,0.7073931,0.85060567,0.7954947,0.29505756,0.039435282,0.1340456,0.6534274,1.1718602,0.40241894,0.10143977,0.6613974,1.7990204,0.09070908,0.032095812,0.5444365,2.1616929,1.3124908,1.9964325,0.09293067,0.69721407,1.6725298,1.2123151,0.027054438,1.3851446,0.24768044,1.1395903,0.18303296,0.003985626,0.5154547,0.10142317,1.7901604,0.4683011,1.3744824,0.54198784,0.7974378,1.2054726,0.40657747,0.99092877,1.3391898,0.82230026,0.38461164,0.3911915,2.518276,2.2034366,0.87554556,0.0005710125,0.8142091,2.664744,0.13051814,0.72433037,0.38296542,0.7766,1.0975407,0.4321064,0.32289758,0.3194358,0.21806738,0.1172982,0.60555094,0.0011985688,0.15669222,1.0461107,3.1350007,0.8007845,0.7186794,0.28918406,0.54939395,0.16869381,1.1390922,0.15003154,0.05608491,1.1535352,0.34581593,all_pothole_images\pothole_images_enhanced_7d14114ef3bc3143ae2ca5d562f1e413.jpg
0.33915055,1.1779492,0.1781357,1.6700944,1.6726453,0.45236707,1.2635083,0.05699099,0.64233905,0.9537439,0.3222628,1.3419822,0.9176486,2.661623,0.6939958,0.0053674933,0.49593353,1.7350012,1.7026385,0.6970376,0.16911855,0.9905393,1.4846712,2.4233713,0.7514044,0.36452228,0.6902993,1.5647956,0.9738874,0.2763483,0.76228684,0.24837933,1.6947246,0.6178058,1.9224504,0.4548404,0.37184238,1.5270202,0.18118739,0.33824158,0.034897197,0.082649365,0.6786247,3.2943108,0.32567912,0.24084724,0.0942643,0.010961819,0.86709684,0.62188363,1.2646604,1.1975911,0.66186213,1.0796432,0.11473828,0.34389463,0.8869149,0.32609397,2.915259,0.58842826,1.4141827,1.312136,2.1004272,0.1799263,2.2004771,1.3630393,0.32183254,0.6971772,0.39883107,0.558722,1.2025863,0.09115954,0.6598343,0.39220074,1.4779114,0.99733037,0.85363525,1.1263496,0.11480047,0.23449735,0.96269786,0.10350603,0.38550305,0.31653425,1.6572318,0.48622376,0.053231604,0.5456421,1.7238598,0.0016396339,1.0866817,0.44479415,1.005241,0.10012507,0.0051239072,0.31862998,2.4642484,1.2499361,0.7410764,0.45567697,0.014991169,2.525401,0.54597,0.32763925,2.204521,1.2464712,0.7179505,0.5910409,0.45007363,0.21049662,0.3304974,1.0981841,1.247955,0.36281663,2.5027072,1.3146092,1.4613878,0.5285382,0.49432817,1.1815895,1.2081578,1.410289,1.8163798,2.3501961,0.42742634,0.29156142,0.011208086,1.1439596,1.7555509,1.1611743,1.0196134,0.174984,1.6173265,0.241336,0.005187751,1.6166475,0.04018299,0.8163244,0.3951411,0.7520437,0.6780428,1.5642108,1.0196153,1.4707934,0.5379781,1.7818594,0.23555899,0.81709856,0.5053231,1.234894,0.59261435,0.85556924,0.3356166,0.031851675,1.8474287,1.6297939,0.81425023,0.08525435,1.40941,1.5068225,2.0765371,1.9970398,0.16060495,4.6274433,0.63842225,0.27580702,0.50466126,0.7371133,1.0943714,0.07092064,1.4482404,1.1565529,0.43141252,0.5309538,0.04277115,0.9888813,1.4775555,0.114611566,0.88736147,0.4622854,0.04937689,2.5110476,1.5479858,1.342272,1.0041738,1.073483,0.7269544,0.43975976,0.78068423,0.6476529,1.0508561,1.4467779,0.31567356,1.6397092,0.9482015,1.7108866,0.9421518,0.63338876,1.0282009,1.8795118,0.63280135,0.9055763,0.9957429,0.14316803,0.24932823,0.62909085,0.4023379,0.699114,0.3781112,0.5342034,0.9435352,0.33458143,0.3358063,0.57477134,1.5549979,0.34330624,1.5500841,0.65509945,2.9398224,0.5733895,0.17511618,0.34912622,1.4263779,0.39848536,0.12762459,0.6478134,1.3989487,0.5918397,0.025995838,0.26533484,0.81080955,0.20308483,2.015475,0.14032803,0.8614733,0.021284293,1.069104,0.5726889,0.3218819,0.39056668,1.1929773,0.4469602,0.8643599,1.0627754,0.33475423,0.18386959,1.240972,0.74847084,1.7217768,2.5995944,1.6318421,0.21786425,0.4995374,0.60144156,0.51915187,3.429679,0.3430289,0.25603968,0.33172867,3.3489883,0.76374036,1.0049354,0.82320964,0.32771736,0.068089105,0.5313686,0.40932694,1.3508133,0.6486805,0.1120401,0.123873435,0.011293535,0.48381492,1.1384017,0.14512926,1.076324,1.142685,1.7939214,0.64699984,0.7020041,0.024216106,1.2307868,0.57425666,0.400269,1.2747442,1.6083511,0.7082036,0.79351884,4.078337,0.10645542,0.7992795,0.15002282,1.3040948,0.55303115,0.9392696,0.73559356,0.905459,2.067508,0.47233772,1.4074597,0.9994106,1.1692927,0.16201222,0.26718596,3.224517,0.9671659,0.0,0.4841063,0.57889915,0.7865027,1.5940794,2.2973928,0.5001533,1.018309,0.45699278,0.9875411,0.43215185,0.51366913,2.1286738,0.4746582,1.2525043,1.4544301,0.25448978,1.1774635,1.1100184,1.4095589,0.8286559,0.8327858,0.43896803,1.123262,1.3504794,0.028511623,0.69793355,0.1594211,0.25751483,1.2743589,2.0287051,0.46147016,1.1445185,0.25413004,1.5795809,1.2901348,0.18474823,0.13867623,2.3666916,0.34009537,0.17253801,0.44902602,0.14606775,0.8938729,0.59922266,0.6283015,2.4161103,0.2547207,0.35816753,0.34171987,0.9136575,0.22158612,0.98514557,0.24808618,0.8350179,0.33203495,0.089868985,0.6016296,0.020639382,0.11855407,1.541762,2.691151,0.8617044,1.0716804,1.3674332,1.1173506,0.35096937,0.68177724,0.50400555,0.85241914,0.89514345,0.0005881829,0.33043733,1.3463969,1.6086385,0.21260992,0.64968014,0.696801,1.9781104,2.3245356,1.2724159,0.54132265,0.51074094,0.9467687,1.146443,0.75362813,0.52037984,1.0095729,0.99902165,0.24696608,1.593722,0.652596,1.0246313,0.022011641,1.9766045,1.2068489,0.0314631,1.7144395,0.7006367,0.3604453,1.4503832,0.50774544,0.08696944,1.2554036,0.4868964,0.4315935,0.3637036,0.15372299,0.032714024,0.9084638,0.750938,0.70895565,0.35051563,0.09915696,1.230908,2.097745,2.190638,2.0300658,2.6911125,1.4855027,2.633612,2.393096,1.337491,0.95214313,0.019131524,0.9187558,0.48374557,2.6224232,0.846251,1.7655535,0.99180084,1.4728749,0.46253872,0.95351475,0.7356265,1.1843408,1.1112754,0.6530259,0.16023044,0.31796828,1.7256414,0.27649182,0.7603652,0.9054169,1.2054497,1.0860262,0.1387839,0.7203408,0.24211021,0.046676215,1.7399093,0.87005085,0.26068503,0.5600754,2.2339892,0.76045394,2.5444603,0.99396145,0.6184085,0.9330453,1.1054773,0.09047719,0.94168633,0.73498505,1.4312316,1.6801037,0.12528062,1.0309188,0.37408465,1.2326174,2.2744913,0.060563456,1.5395839,0.14886373,1.9863354,2.1417499,0.6092918,1.6589947,0.031056987,0.27474287,1.5606925,0.5806175,2.1563685,0.35578918,1.4768516,0.6775852,0.09729768,0.10526648,1.0921609,0.29141298,0.2241846,0.060864013,0.23492311,0.21000753,1.3076229,2.5895414,0.6353027,0.72468525,1.314814,0.1956551,0.40630123,0.35798904,0.20138426,0.88056034,0.5560192,0.9623462,all_pothole_images\pothole_images_enhanced_7d6bdd0d18dd5618c92b9a5b248f9551.jpg
0.81474894,1.713094,0.1805246,1.8923056,0.08446876,0.22197458,0.9596639,0.14602715,0.5309782,0.89148647,0.3053541,1.3896604,0.63420385,2.283791,0.5871316,0.47619697,0.31445077,1.5649146,0.89542794,0.38569978,1.2699928,1.3164324,0.72268766,0.15479083,1.779228,0.45461458,1.0040836,3.152346,0.24032778,0.0072338413,1.11347,0.09908104,0.34239924,0.009515139,0.17718597,1.0431658,0.014841648,1.3143729,0.83755755,0.2118262,0.0,1.2078663,0.13598086,0.44407704,0.35630167,0.17727485,0.83088434,0.9324975,0.015458323,0.057169788,0.12944366,0.13767312,0.6790221,0.1563751,0.032136783,2.4333322,0.910726,0.093099765,0.22273912,0.22817187,0.57480544,0.30352813,1.4595001,0.13010731,0.76642096,2.574914,0.13322023,0.17799959,0.0061494526,1.633888,0.30480456,0.09257817,0.028812323,0.04729079,0.0013184885,0.027699027,0.28282386,0.25772807,0.015566867,0.08715334,0.5016913,0.0,1.4516528,0.7792679,0.28793043,0.095395975,0.28414932,0.02407896,0.87093085,0.044206258,0.03776699,0.60982776,0.10165256,0.24329208,0.3931118,0.14775845,1.0013394,0.46905443,0.4760999,0.66607803,0.43408242,3.4082062,0.67673665,0.17373072,0.57505834,0.036821634,0.13682574,0.5306964,0.09291574,0.17846319,1.4923433,0.48230004,2.6185334,0.31732377,0.88205385,0.04119419,0.059854705,0.027977958,0.1551222,0.50184923,2.6888773,0.0044291546,0.7906873,1.5847684,0.708109,0.94720596,4.4966626,0.35649115,1.3847913,0.17019083,0.75010276,0.19009726,0.0030884694,0.2457418,0.8746987,0.98068863,2.1181984,0.07182631,0.6160658,0.16270703,2.8041868,0.1343075,0.8127671,0.69289243,0.2598239,2.1494915,0.21216534,0.42013043,0.23166087,0.07255351,1.1494405,1.1881464,0.02032659,0.036910914,0.27599004,0.042225756,0.7761903,0.04149483,0.950363,0.29836705,0.9852896,1.4962809,0.12774642,2.6462638,1.0533786,1.6321124,2.850405,0.93259287,1.1175448,1.6494021,0.5058309,0.16245538,0.0,1.790848,0.29099467,0.30836207,0.8141123,0.68978447,0.24799,0.52184594,0.1776256,0.7402162,1.7633688,0.051750313,2.5433588,0.024462469,0.6081186,1.1449696,0.0606925,0.88817704,0.99482155,0.43664253,0.10485544,1.7133704,0.9309299,0.012716856,0.42781594,1.2824193,0.03284054,1.3931484,0.29206157,0.509052,0.7299594,1.0526953,0.1935273,0.084445715,1.0241947,0.4150784,1.1021228,0.8356566,0.0,0.82649875,0.7820914,0.077947736,1.5532634,1.4781364,0.7690151,0.71636933,0.44571126,0.32531986,3.4483087,0.18270494,0.40324625,0.060193077,0.007804206,0.15407085,2.0176237,0.89465725,0.85609466,0.8708049,0.16429757,1.3275744,0.35749757,0.010504632,0.23399986,0.019695282,1.1896758,0.20529829,0.8117486,0.40732658,0.0044500595,0.007994396,1.225037,0.14178543,0.77800876,0.88825035,0.29730967,0.21665078,0.9002299,6.764073,2.3893223,0.5435262,0.1715457,0.18054473,0.017033186,0.47640678,1.1873862,0.4393442,0.7056091,2.553166,0.12798929,0.15653549,0.59887683,0.13967831,0.08728756,0.6617336,0.8085348,1.0193477,4.574686,0.6284136,0.30599493,0.95374084,0.34553197,0.13123164,0.43638244,0.616175,0.032372847,1.0017786,0.49921113,0.5807914,1.5369593,0.021127537,0.8305675,1.1784617,0.36984238,0.24914281,0.53895134,0.20410983,3.4350455,0.17094879,0.006919541,0.46752822,0.12780143,0.5961914,0.17474918,0.62041676,0.1318853,0.65006006,0.25688416,1.9100047,0.080508344,0.21120982,0.8366191,0.055939864,4.656693,6.0448907e-05,1.4267087,0.016803488,0.10390906,0.99310505,0.322497,1.292454,1.690167,0.71719974,1.9217485,2.1109836,0.3137859,1.6334132,2.7476563,0.50352126,0.009876243,0.0,0.45762384,1.1433648,0.72483957,0.062747486,0.20091534,0.004080128,1.506568,0.26527342,2.927525,0.18306865,0.14583634,0.31032467,0.045562044,0.0,1.9026536,0.17625052,1.1270397,0.2855496,0.15521199,0.2422244,1.2404443,1.0179379,0.9539607,1.2360954,0.6589498,0.4278312,0.7897284,0.6775632,2.7828107,0.11255917,0.37120742,0.7014175,0.27996442,0.01606732,0.048347242,1.3057271,0.0,0.113143235,1.0997031,1.0680811,1.4001614,1.4880421,0.004583144,0.0026318007,1.478611,0.021311684,0.109211095,0.75803304,0.27826023,0.023242824,0.42038462,0.13731323,0.108941495,0.2770799,0.0,0.6111254,0.8057264,0.3605053,1.1173037,0.28810084,0.19018166,1.3058163,1.8353374,0.33442995,2.6847472,0.0656739,0.069370694,0.47439075,0.80490965,0.18604712,0.037109755,0.32619926,0.10624241,0.80359215,0.15017435,0.6430166,0.003488762,1.085062,0.31575194,0.80377835,0.5570682,1.0263163,1.5474143,0.081641994,1.3241761,1.000075,0.24183738,0.7681591,2.0658767,0.7814092,0.008971588,2.68835,0.81071955,0.5383327,0.7109413,0.9751638,1.357192,0.67480177,3.7012806,0.01820091,0.650244,0.92745245,2.1442747,0.026404552,0.3692037,1.3868014,1.0441835,0.14725567,0.5031672,0.30396128,0.0,0.436219,0.117657006,0.972918,0.06444015,0.69214225,0.19024451,1.3440137,0.35532546,1.5028833,0.16204305,0.016764764,0.20035766,0.0076509933,0.77821004,1.9315414,0.4750426,1.3405637,1.9987286,0.13578427,0.55851454,0.1514181,0.1089707,0.44537812,1.4546357,0.07861798,0.36877736,0.10982324,2.426248,0.09451349,0.115912884,0.38528216,0.40715322,0.37613097,0.0055713523,0.0,0.11369505,1.7976123,1.6164376,0.6903937,0.09747503,0.56726617,0.11257351,0.049077656,0.5059896,0.99791336,0.5687392,0.05657623,0.09400452,0.46424535,0.9881062,1.5740579,0.0,0.4525456,0.16831328,0.00989025,0.34702116,0.12825604,0.018167216,1.3364654,0.07996435,1.0055962,0.0,0.34727913,0.10031005,0.042034615,0.29933307,0.20648561,0.86479175,1.4663891,0.26798627,1.1765873,1.5851789,1.3196021,0.7178496,0.09846466,0.18166202,0.09085037,0.08277128,0.17218663,all_pothole_images\pothole_images_enhanced_7d6cc04d445f019457e062606089975a.jpg
1.0975463,1.1164953,1.3093668,1.7676852,1.3515886,0.40385404,1.1140518,0.15957075,0.16147852,0.24275777,0.3265298,0.053970784,0.007064161,1.7287018,0.30472624,0.54944146,0.02103387,0.11786005,1.5070859,0.25132006,0.25354302,1.7935387,1.9438758,2.322565,0.3627425,1.2409769,0.29565468,2.0750334,0.08273909,0.16757146,0.548247,0.049404815,1.0283102,0.21642436,0.23145106,0.049426652,1.2965674,1.2470077,0.04723627,1.7813649,0.35127935,0.3908549,0.55795693,0.88721794,0.11990512,0.99678004,0.24924164,0.41055414,0.22120422,0.0773551,1.1067761,1.06727,0.9435364,0.6220427,0.78266245,1.2909267,1.6231577,0.0,0.43346626,0.11533118,0.29123664,0.73627174,1.2258644,0.08444535,0.5914928,2.3041854,0.28370884,0.08002926,0.21875143,1.0320973,0.42183486,0.6371195,0.37390777,0.37734646,0.09593977,2.4321024,0.27706775,1.495653,0.22789408,0.05518357,0.18222454,0.07845959,0.31270975,0.8149745,1.1737694,1.3145148,0.15752159,0.13351141,3.9240685,0.18549299,0.2601402,0.10695238,0.17022978,0.9527865,0.27051023,0.016031137,1.4838375,0.55021256,0.8812231,0.6720024,0.0150872525,2.084197,0.52023256,0.15760778,0.87501806,0.9261009,0.94056183,0.08998314,0.05086497,1.3818188,0.6794421,1.6894869,0.9311141,0.28498325,0.71750826,1.5018933,0.27883878,0.5899901,0.103406504,0.62406504,1.2372663,1.3370056,0.8019481,0.50570226,0.68681407,0.6558394,0.2240028,1.6499768,0.20125817,1.059464,1.3592556,0.14537525,0.7811635,0.8004055,0.18120645,1.6660647,0.1863617,1.1512979,0.49540475,1.1611925,0.24011806,0.20153378,0.14398637,0.7544698,0.7779356,0.7750898,0.16258782,1.3126376,1.5211271,1.4449147,0.4586145,0.9906203,0.07647143,0.2919921,1.9039074,0.31300402,0.8850343,0.59831464,0.25467402,1.1708277,2.467288,1.141167,0.063169435,2.992617,0.8643699,0.8314886,0.5522291,0.8240819,3.8052602,0.18007942,0.657647,0.18145086,0.07308136,0.27164143,1.7245605,0.31228173,1.0309367,0.6662514,0.0,0.27331874,0.05082713,2.3427525,1.0732399,1.0986549,0.7526124,0.6243552,0.4476625,0.121686265,0.01940721,1.0016296,0.71212983,0.115405194,0.01316044,3.6134765,0.28307572,0.5092482,0.369922,0.79729974,0.32139507,1.9094733,1.0025246,1.0108057,2.3137786,0.47716275,1.2715771,0.019766534,0.4908827,0.011725827,0.29409677,0.42741254,0.8219261,1.3181189,1.9060831,1.0748678,1.0638376,0.7798354,1.8225185,0.43311262,1.661044,0.22180043,0.6668566,0.0104790125,0.24757828,0.42693263,0.8160798,0.6094154,1.1557593,0.8813373,0.9706847,0.24542461,1.792485,1.9278977,0.096550874,0.49047655,1.8671898,0.03678726,0.7898271,0.21743704,0.053613137,0.00021111478,0.7229857,0.4450552,1.0047965,0.42926055,0.2294735,0.32489064,0.24505647,0.9928738,0.31305853,2.3443704,0.6276761,0.101533495,0.35031253,0.14234899,0.1538942,0.0,0.40003866,0.25375345,2.8126028,1.8988302,0.17158298,0.7909667,1.2294462,0.5662553,0.027912531,1.1045375,0.27555007,0.6870552,1.9668202,0.11306513,0.20764554,0.026852787,0.1762016,0.16928454,0.45533967,1.202085,1.1105331,1.6425976,0.13280196,1.3601524,0.0034787033,0.73270524,0.49141833,1.1750116,1.6737193,0.6819758,0.67168134,0.88202614,0.8558006,0.018046325,0.8723222,0.36926222,0.08984955,2.1896358,0.67394626,0.36381733,0.64948666,0.029264895,0.053339116,1.003881,0.20618193,0.48131526,0.6499823,1.0371723,2.3004236,0.071517654,0.13560411,1.5494117,0.73129463,0.3515845,1.5273536,1.9067062,2.3862274,1.6119606,0.0015559151,0.16652527,0.1403761,1.842092,0.3828152,0.5906186,0.07342506,0.8161734,0.12679859,0.42270014,0.518684,0.9826719,0.5249514,0.21431032,0.12082815,1.2000508,1.3392975,0.10654566,0.06865978,0.9270961,1.001321,1.7477582,2.241695,1.1675636,0.28625098,0.019306218,0.5650008,1.571435,2.2440093,0.07479773,0.044131335,0.07429988,0.33658934,0.1463231,0.18047361,1.01494,0.2315536,0.36262327,0.4327135,0.19553785,0.040026728,0.16813558,0.55924475,1.5527153,1.318313,0.733431,0.06337026,0.1381596,0.5374807,1.2427579,0.10949679,0.27501875,1.5337076,0.4945558,0.3289073,0.65664506,3.1731124,1.1777099,0.5393971,0.3218029,0.825292,1.4267403,0.19916879,0.29223192,0.73899513,1.4150534,0.4000441,0.022157108,1.2948707,0.36191902,2.0044203,1.7935742,1.1916516,0.3727015,0.17098464,2.349334,0.6223106,0.3208318,0.013957208,0.26334792,0.28508607,0.0,2.2112768,0.34046835,1.1243227,0.13732569,4.366337,1.929095,0.21145496,1.4459836,0.99228996,0.4588338,0.7031251,0.027628997,0.28703782,0.42639264,0.046716563,0.118175074,1.0886765,0.24024773,0.009320617,0.8045291,1.0329666,1.0340592,0.47846946,0.043849457,1.6905452,2.1314335,2.870777,0.8148039,1.1131215,0.84024936,1.0711596,1.8244941,1.085665,0.922857,0.20167561,0.36830583,0.70412403,1.1303757,0.85620725,5.696957,1.1584367,0.8838196,0.6469178,0.09162421,2.8661194,0.18354197,0.3716002,0.18892145,0.2221587,0.73643273,2.2568455,0.94418156,0.82368064,0.6006938,0.1864746,0.25179628,1.0205128,0.77398455,1.4528931,1.9352938,0.34077588,0.10370288,0.37033805,1.1656991,0.9318497,0.04678188,1.8015276,0.98818517,0.50955486,0.39189705,0.61197954,0.3875045,2.395437,1.581784,1.8208328,0.68986136,0.9787667,0.56009203,1.4845363,0.6996891,0.04273335,0.3278252,1.3464264,0.16695857,2.2369554,3.9364016,0.8830382,0.86723053,0.056584883,1.8668667,0.92219776,0.55397743,0.62703204,0.63350827,0.9396965,3.0247264,0.14972027,0.07998966,0.26964313,0.0,0.030265754,0.17639135,0.4075403,0.030088212,1.3277411,1.7567083,0.21948639,1.0356004,0.4290225,0.52790153,0.11582687,1.341355,0.29545012,1.9757706,0.38109753,0.26703355,all_pothole_images\pothole_images_enhanced_7d71c401db86602d94057fbf4aa5d5f8.jpg
0.58704144,0.41332912,0.0,2.1122944,0.70356756,0.17386603,0.12585756,0.0,1.1444957,0.09013729,0.398563,1.2318991,0.4216858,0.65418637,0.09694571,0.0,0.098202646,1.390383,0.06676057,0.70680666,0.8444945,0.05714935,0.216026,0.85605836,0.41579032,0.5032579,0.7819164,1.5370418,0.22639033,0.12251356,0.0,0.41840392,0.15092652,0.92907625,0.030028312,0.66137785,0.48871276,0.48919442,0.45883802,0.47005013,0.17159463,1.5622085,0.8533961,0.0,1.5553212,0.897554,0.21598125,1.0989171,2.1526005,0.7822569,0.5596729,0.51089174,0.10076057,0.0,0.6232498,0.69996995,0.29601082,0.55265933,1.4155463,1.0570213,0.6260286,0.0,0.052922346,0.8088453,1.2010783,0.6167913,0.734843,0.3692977,0.082421616,0.00790812,1.1550409,1.776942,0.37544748,0.1345402,1.2744994,0.024145987,0.9640911,0.2694226,0.0040621003,0.034939833,0.31141245,0.3053157,1.6380119,0.012893626,0.04302664,0.0,0.1368627,0.15676297,0.13625726,0.336134,0.0047342535,1.1335478,0.20107576,0.12057345,1.6882701,0.27731353,3.1174173,0.7763917,0.44658038,0.8759621,0.15085094,1.6334784,1.9115338,0.26570553,1.7890422,0.0,1.5466398,1.4078692,0.16387942,0.7038121,0.37013477,0.47293666,0.95828384,0.2770031,0.06304723,0.3384327,0.0014979864,0.038518324,1.2895844,0.77441126,0.32494754,0.13901363,0.26958847,0.78561944,0.48076987,1.5940229,1.238826,0.06531056,0.0,0.019995831,0.0057546506,0.009453867,0.090527356,0.6410311,0.04416059,2.1526814,0.4181734,0.014720878,1.2931708,0.0049374364,0.23623043,0.463034,0.08943711,0.81131935,1.5233847,0.6787993,0.0,0.35846126,0.060432028,0.011513936,0.49030855,0.1192164,0.029022902,0.5516964,0.088399105,0.31458527,0.808911,0.23709406,0.5301914,2.381534,0.52290714,0.82981604,1.1591631,0.3831145,1.9560406,0.15812492,1.1033504,0.15146115,0.96334106,1.9608603,0.28353727,1.0844225,0.27693078,0.032346908,0.009624445,2.241574,0.3796489,0.15827173,1.419591,0.6349763,0.30030298,0.32465062,0.45420703,0.16729489,3.3119326,0.29047754,0.36531392,1.1081871,0.45498338,3.6580842,0.093461245,0.2601046,1.398782,0.07773783,1.5983233,0.28572208,4.054143,0.18148994,2.8803594,0.0,0.03419388,1.7297287,0.04559372,0.522149,0.0,0.027304761,0.24566747,0.26690277,0.6193039,1.4490159,0.026672062,0.03608191,1.5503327,0.002296443,1.6597724,2.139518,0.49021924,0.16859579,0.0043197847,1.2779394,2.2587192,0.0219525,1.0357896,0.31353226,0.0,0.672599,0.05425963,0.201433,2.2645478,0.5642171,0.044679627,0.0009424235,0.16275491,0.20267287,0.29209155,0.01942881,1.6261944,0.21156383,0.73756534,0.10963102,0.9909031,0.02180194,0.21384732,0.16844477,0.3473767,0.40358594,0.9116102,0.942473,0.116177656,4.570386,0.41125846,0.5890142,0.070851974,0.2625586,0.004325404,0.5165488,1.0971203,0.30412382,0.11844528,3.014249,0.2206779,0.9439401,1.3488754,0.7051772,0.22324969,0.12925681,0.4861232,0.047392536,2.5931613,0.45997494,0.18609925,0.0,1.0036691,0.53724855,1.5023663,2.5784385,0.04851348,0.42030078,0.2726607,0.120768055,0.13145141,1.1544241,0.5287733,0.19644795,0.45185113,0.08859975,1.837458,0.3256737,0.7738404,0.29105216,0.18008,0.8077189,0.07649794,0.05063302,0.21612829,0.62497735,0.002045334,0.0946107,0.4251722,1.3074712,1.4172341,1.0705042,0.925221,0.07638315,3.1244977,0.21366426,0.534744,0.020162124,0.16515607,2.124847,0.375491,0.38071758,0.83649933,2.1422942,0.9121016,0.676473,2.1622038,1.6039028,4.7909245,0.07077856,0.4066515,0.13735424,0.27585888,0.39764148,1.1207682,0.31155223,0.49905145,2.1651287,0.4607139,0.3715308,1.9951081,0.3763927,0.008922817,0.30179137,0.0,0.08898694,3.2817101,0.004254747,0.758227,1.3882203,0.2797655,0.0,3.2002437,3.8047874,0.2354671,0.41290665,0.51932526,1.1195701,0.66714585,0.037555,0.5777234,0.41383734,0.18204059,0.3972554,0.16027398,0.0028801123,0.21790753,0.64645815,0.04712421,0.39910087,1.418428,2.8777072,1.1176411,0.062012102,0.050615214,0.0,0.059443973,0.89740837,0.2872141,0.24226636,0.036295705,0.055128623,1.2920729,0.26882935,0.090455994,1.0855044,0.012762006,0.0054623396,0.29946688,0.05467044,1.5510663,0.21003926,0.1693122,0.42113775,0.9984666,0.23942327,1.2853757,0.14496881,0.012459874,1.1625388,1.8523204,0.2787155,0.3267797,0.6612952,0.0,0.10455688,0.24606146,0.0,1.0653155,0.8088796,0.18042515,1.303505,0.042725775,0.060301512,1.8412918,0.4188062,0.7524275,0.8677681,1.9683573,0.115117215,0.398847,0.6647911,0.00013960425,0.46077642,0.742287,0.49203554,0.8876329,0.62874573,1.590481,0.4009906,1.384479,0.76125383,0.71393794,0.22644961,2.6977303,0.0,0.29331717,0.15199053,0.35642064,0.044855934,0.6563218,0.038848,0.0048690904,0.56119317,0.27088028,0.018253561,2.08792,0.6455564,0.6013541,1.0866702,0.88941044,1.7520388,0.09851885,0.09439837,0.2507096,0.34105402,0.08878331,1.1066147,0.6568024,0.18520024,1.3951093,0.9478335,0.21747878,0.05589473,1.9557348,0.7626201,0.17054382,1.2064488,0.5305771,1.260701,2.2907867,0.0,0.7029959,1.217124,0.06207581,0.42496023,0.47976056,0.0,0.92569584,0.025958406,0.035805803,0.14261772,0.4174739,0.21683992,0.5004638,0.049403735,0.084550746,0.0,0.4169758,0.047099404,0.0028340702,0.2658159,0.6212526,0.19800937,1.2000724,0.04889195,0.40574,0.020225806,0.10187324,0.029993322,0.20346801,1.1064911,0.2688347,0.506197,0.0032727683,0.2533253,0.86475605,0.4108137,0.16482696,3.1138809,0.7750276,1.315834,0.31632003,0.24446176,0.19225295,2.7147655,0.9712198,0.017761288,0.1804597,0.1432229,0.026688071,0.14052902,all_pothole_images\pothole_images_enhanced_7d7a79e59c2ef362fbb0dd2efb2041e5.jpg
1.2490289,0.5115838,0.6138734,3.2955122,2.7905216,0.1360173,0.20014489,0.10278392,1.0174264,0.6742161,1.3611702,0.53614336,1.3004236,1.9460114,0.003095035,0.87409145,0.42996627,1.6583616,1.5411941,0.2527222,1.5969393,0.30071896,0.23994389,1.3785594,0.9800554,0.03031596,0.5462251,1.0264581,0.13615747,0.4593687,0.16590324,0.025729993,1.0468622,0.5817391,0.20954579,6.2422757,0.6452218,0.17152312,1.2735945,0.21697693,0.5436093,1.1230978,0.1058059,0.9124729,0.14886422,1.1944261,0.38976014,0.023280036,1.6165615,1.8112301,0.73656744,0.568508,0.046667956,0.6100728,0.72525597,1.9841311,2.138272,0.2894105,1.3081434,0.11719802,1.3059679,1.5158733,0.42149192,0.5022144,2.2486165,1.1383626,0.096067816,0.6768229,0.28006837,0.70822257,0.95946467,0.17400655,0.22448972,1.033656,0.42969644,0.14324,1.3414533,1.4344938,1.3384407,0.6391266,0.021164458,0.0050814175,0.2287888,2.0549707,0.9036565,0.14842303,0.105219856,0.033807125,1.6097702,0.8774687,1.4492372,0.87233746,0.52753824,0.9564019,0.25742802,0.53151906,0.90384257,1.6389915,0.6725863,1.0908581,1.5355592,4.713501,1.1704023,0.21286286,2.9485302,0.008399979,0.55671334,0.49253222,0.46462262,0.5933156,0.89082885,0.12920852,0.35661423,0.32956442,0.43433857,0.9644157,1.4991013,0.71450996,5.1719203,0.040419675,0.7935339,0.08460107,0.16483626,0.8291883,1.2464687,1.1502517,0.31899533,1.4136888,0.89176726,0.84779567,0.8306198,0.29930675,2.16027,0.54694515,1.0153557,1.3809148,2.6099658,0.5286616,1.1769353,0.36103052,0.50991577,1.1192019,0.26833743,0.031706218,1.2954549,0.6833197,1.8647374,0.32540488,1.758488,0.60877943,0.5117567,1.3920549,0.6025468,0.93502223,1.3611733,0.295336,1.966715,0.6985039,1.5162221,0.4454777,0.47550264,0.85075074,0.13648847,1.8014821,3.6805534,0.6198958,0.4963463,0.6676428,1.7480954,2.6663814,1.9011569,0.9928666,0.0041976916,2.7923954,0.8310573,0.023316678,0.6164955,0.011948257,0.18049248,0.35056388,0.056764055,1.223283,0.80397516,2.108723,3.1788666,0.40940428,2.561536,2.620155,0.016011523,0.6851495,0.18804477,2.7251577,0.5052528,1.1724107,1.1765124,0.69329435,3.2406123,1.1821382,2.0125048,0.020174032,0.360234,1.3888357,0.08086736,0.16906331,1.4411079,0.5429353,0.57377476,0.25789744,2.511885,0.77368426,0.22657365,0.13620593,2.2572775,0.6358371,4.49713,1.1748503,0.49963787,0.10770226,1.1313393,0.4693079,1.374336,0.09335794,0.38547656,0.061335597,0.0,0.6019798,0.27863088,0.88386625,4.025707,0.2620943,0.15138768,0.39512968,2.2299113,0.62651134,0.047472447,0.44666818,0.5795228,0.036325533,1.2617891,1.756952,0.12502968,0.123766236,0.4486268,0.34136325,1.0956601,0.041393526,0.13091308,0.6220242,1.1613784,3.8048217,0.5725737,0.16700809,0.30625242,1.2188777,0.3984047,0.11702068,0.31326047,1.877964,0.35979503,2.2337978,0.80252343,0.50723815,0.9924018,2.2332826,0.82210445,0.3210566,0.87687224,0.70939434,2.2542064,0.61629903,0.31690398,0.0,1.3008801,0.096514545,0.48603788,0.3742619,1.1559969,0.1361892,2.169694,1.9036158,0.9556352,0.5003319,0.4193656,0.15379821,0.23320003,2.0976806,0.61035377,1.576614,2.3839018,0.8961801,0.4715896,1.0353881,0.2757384,1.8124082,1.9769031,0.1308595,0.41067228,0.21363176,1.5377061,1.5380622,1.8154216,1.0255408,1.2313758,0.43256992,4.5333695,0.088365436,1.5000113,0.04053235,1.466008,1.7081203,1.0095135,0.308724,3.2567718,2.607633,1.2028188,0.54102266,0.13225752,0.7604897,5.9327316,0.44892266,1.1021072,0.47344425,1.5657743,0.3358207,0.23261778,1.7661687,0.24820732,0.011846209,0.04305639,0.09467625,1.3237801,1.3308328,0.6668594,1.1714845,0.79450226,0.12950629,1.2087615,0.46841925,1.6822355,0.4642688,0.60099864,0.8697505,2.0175953,1.3814728,0.33212775,0.04126016,0.039433718,0.2737485,1.6241488,1.4634671,0.5910711,0.659994,0.007986984,2.1087964,1.4214718,0.8901198,0.620409,2.1898878,2.7552156,1.465094,0.33442447,1.5030166,1.4810156,1.6799716,0.6436251,0.20045583,0.34366584,0.64013445,0.110742755,1.6104585,0.86855835,0.080561474,0.9477499,0.88078433,0.11629742,2.5159485,0.2576612,0.09332537,0.43460405,0.08507785,1.7315687,0.022152362,0.47583395,0.44577092,1.4302471,0.086061366,2.4435277,0.924934,0.23604368,0.9138196,1.1869465,0.01933853,0.14633013,0.056102484,0.047969423,0.5455416,1.3958725,0.5301701,0.292088,0.48414034,0.49591187,0.7528425,0.28402722,0.0,2.012426,0.0024749502,0.22561494,0.8190362,0.050477542,0.004358365,0.116903156,0.12280696,0.14068599,0.48363096,0.3442301,0.86830014,1.0129097,1.6745918,1.38864,0.2803191,1.6264745,3.4327137,0.107382216,1.633692,2.2445579,1.248806,0.8184608,0.99343276,1.1072288,3.274115,0.58348644,0.20140134,1.2513825,0.067043126,0.3307291,1.7908306,0.7082769,0.51745933,0.4136719,0.8319544,2.0090544,4.470868,1.595694,0.07440741,0.0037126974,0.13996257,0.64144504,0.6429586,0.1777449,1.2176837,2.4402022,0.1834109,0.5730745,1.2692024,0.8478834,0.20018294,0.08771818,0.3104548,0.20206484,1.9569077,2.0492725,0.41580325,1.0385251,0.0,1.3491783,0.17307155,0.22630323,0.34744546,0.68756735,1.1311836,1.7848573,2.5952394,0.02272756,1.132345,0.70766354,0.23960699,4.0808005,1.2960576,0.023281123,0.045176953,0.0708858,1.8488373,1.5361437,1.0109936,0.22999783,0.27503386,0.15076607,0.0,1.9875637,0.73846203,0.6101712,0.4554341,0.038386676,0.78723174,0.0,0.036222782,0.20127787,0.15870108,0.010960286,0.083914846,2.5425873,3.9101248,0.4916087,0.17635213,0.23109412,2.1895237,0.61295724,0.59287155,0.8403211,0.13279246,0.23858213,0.24675032,all_pothole_images\pothole_images_enhanced_7d8898eebbd804203fe29dc357d835b3.jpg
0.9589654,1.8579427,0.6053721,2.5462961,1.207153,0.3008754,0.5481412,0.17358088,0.33799645,0.48143747,0.5646689,1.0643691,0.18303661,3.0516462,0.5935347,0.30046192,0.21683179,1.3005128,1.0160842,0.5820394,0.5437388,1.8393763,1.7093874,1.2607806,0.78851277,0.95683396,2.1795719,1.0041008,1.4736571,0.7653185,1.4272518,0.8191761,0.56561995,0.24740012,1.080221,0.78973216,1.7785952,2.862015,0.009722094,0.7010217,0.30425188,0.097467355,1.6132499,4.5004725,0.5444418,2.360563,0.39737967,0.02412928,1.342453,1.1626775,1.4462962,2.137283,0.4620861,0.12646116,0.021231422,0.6099507,2.2296836,0.1987241,0.3154574,0.39870596,0.10399715,1.5330623,0.9007829,0.023127794,1.842145,1.3664212,0.87432003,0.31419656,0.33259302,0.304669,0.1862069,0.0,0.24905251,0.7943095,1.8718206,1.9083147,0.14585888,0.33003023,0.72978413,0.43880323,0.5017852,0.2767066,0.41653472,0.23969829,0.8004952,0.33782196,1.2523292,1.1525339,2.803296,0.17731106,0.15477276,0.9674165,0.08858787,0.9042343,0.31954834,0.53967094,0.31057268,1.6053575,1.3362371,1.5778188,0.21484044,1.7623487,0.700606,0.40193066,0.9811605,0.90541524,0.49158618,2.2367232,0.074661665,1.3854954,0.111731716,1.8528545,0.3317469,0.624734,2.371014,0.60417056,1.1510277,0.08594329,0.7203444,2.6995902,2.5253322,0.3476503,0.5714771,1.3391191,0.633292,0.5015349,0.48900744,1.2342937,1.1840479,0.86749375,1.2288321,0.37130913,0.38238975,0.18986921,0.24842028,0.59148806,0.11262245,3.1144729,0.33196506,0.1353871,0.6328574,1.2891842,1.1087579,0.93843216,0.37837416,1.1303254,0.094887525,0.38531,0.7846893,0.43640482,0.90017664,0.59395826,0.0,0.11770771,1.8224591,0.30361733,0.9301342,0.38610715,2.4976983,0.18815002,0.8642452,0.18478507,0.5547274,3.74249,0.0,2.9689937,0.14614327,0.4306215,0.8631327,0.30171818,0.0859013,0.1312368,0.82434016,0.22352538,0.34226152,0.2948148,0.80857366,0.15046982,0.31242657,0.20909122,0.12264724,2.8315623,0.90735096,1.8599117,0.30272943,1.1378506,0.53724736,0.9019006,0.40555972,0.3805053,1.1011616,1.0750228,0.2014506,1.8072563,0.22271055,0.33573213,1.0489191,1.0649612,0.32530713,1.5677845,1.7379619,1.8307859,0.5613041,0.900456,0.110475965,0.40835515,0.46982172,0.325162,0.3089178,0.06437215,0.40184745,0.7766435,0.25472054,0.9038849,2.8772252,1.4798627,0.82925224,0.21375386,0.40312412,0.12179728,0.6212308,0.07167731,0.32832545,0.2743293,1.7211261,0.41914806,2.6469686,0.18863906,1.5960497,0.21037951,1.484537,0.67713,0.01251176,0.4152869,0.75252813,0.21416329,2.6556826,0.22618246,0.020243686,0.6224604,0.87833005,0.09865637,0.4268676,1.6504005,0.5413971,0.58870757,0.05050982,0.34288067,2.7297468,2.9290345,1.5156307,0.4020564,0.057322104,0.23677643,0.12567936,0.35847855,0.6566288,0.48597717,0.448504,3.1169395,1.5334235,0.15493482,0.17181097,0.35649395,0.88728315,0.45227596,0.104132384,1.3737309,0.16205406,1.1388304,0.11275433,0.0,0.025839848,0.031505622,0.39672443,0.64420503,0.0,0.47573236,0.6961727,0.32332698,0.017923383,1.3131791,1.1403525,0.5207917,1.4077469,0.7997715,0.7183523,0.83215004,1.5136607,0.38494775,1.1477067,0.26747975,0.081229545,1.3575767,0.18446186,0.15992263,1.2292324,0.28141293,0.5679568,1.2067257,0.23382658,0.3903228,0.12547226,0.8613837,4.540866,0.84016883,0.10126524,0.116530895,0.37533873,0.9468392,1.1940546,1.5587109,2.1049554,0.4378247,1.3919027,1.39297,0.0048280098,1.0813704,2.2152078,0.21238078,0.8988557,1.2114135,0.036667783,0.3389817,0.55849814,0.7139748,0.72185427,0.15052733,1.0183328,0.5268504,1.0463897,0.54310185,0.324748,0.284675,0.70743513,0.6689594,1.2522435,1.388257,0.3713281,1.8287226,0.42483163,1.3965266,0.6900524,0.48757216,0.46118534,0.5596755,0.5293086,0.58024406,0.093588926,1.0314312,0.9897487,0.35401908,0.55678236,0.26902395,0.09082004,0.37568894,0.27864343,1.3988652,0.4821223,0.87530845,1.05873,0.21473028,0.7530973,0.082467064,0.49246204,0.25522882,1.1643199,0.6833901,0.33611578,1.7376766,1.8037697,0.99764365,0.02926819,1.0990516,0.9751107,0.77156985,0.25318545,0.5855513,0.6235801,1.2444896,0.35530332,0.31379044,0.91910374,1.0213704,1.0647323,2.1697564,1.1356091,0.47401315,0.20196739,0.45106155,0.564803,0.54451394,0.2350331,0.19222344,0.1996712,0.029039064,2.667481,0.47078824,0.6395787,0.083719015,1.9376999,1.6988033,0.35589528,3.3871005,0.3118043,0.2437479,1.3448051,0.36101997,0.8540235,0.23978846,0.94793546,0.68605334,0.5537727,0.3850117,0.34316197,0.3788515,0.05280158,0.33043584,0.24811853,0.21696174,2.347919,0.04865244,1.884243,3.5582685,2.1235087,1.5468068,0.5381682,1.2901471,1.870715,1.6850704,0.14306837,0.83608896,0.81051135,2.671226,0.35511556,3.5400224,1.0177684,0.3863259,0.45098698,0.059891466,0.58585304,0.07229435,0.097359,0.22780846,0.082777955,0.14353026,0.8560482,0.13971266,0.37608355,0.12921116,3.496105,0.28937548,1.3251786,0.43929788,1.1274085,0.41306394,2.2687705,0.18547887,1.1084383,2.2961802,0.6717314,0.52952707,1.2546668,0.66079515,0.54846,0.5185723,0.40885097,0.996876,0.77017033,1.9832084,0.30099678,0.40049213,0.246864,0.16598848,0.34460697,0.41479135,0.18974869,3.0548177,0.85597116,0.3618117,1.4305317,3.133817,0.85993356,1.0883763,0.21326964,0.87510586,1.1309435,0.39992973,0.86809224,1.1852739,0.43921235,0.21511297,0.289823,0.051322993,0.55743754,0.18602423,0.38469264,0.08392201,0.31905898,0.77988267,2.5330403,3.5133119,0.117292695,0.5794938,0.82396024,0.76470625,0.027560856,0.677567,0.15998662,0.24046506,0.13895735,0.38211077,all_pothole_images\pothole_images_enhanced_7d9069cbc90b8ac270c4a8778c5c5a4e.jpg
1.2405125,0.57720745,0.40702608,2.503609,0.65440315,0.23207735,0.9654189,0.00010122,0.85624397,0.407448,0.25577152,0.37621516,0.20441858,0.8773878,0.09294952,0.35964864,0.09691929,0.44173807,0.43614405,0.41797918,0.69990087,0.48934236,1.4931602,1.8857166,0.5525796,0.23934005,0.027670363,2.6037948,0.032566644,0.054701112,0.4052759,0.18051106,0.598831,1.9566855,0.76700574,1.3428594,0.66379684,1.2176181,0.037495714,0.004802808,0.14335495,0.1660969,0.44172707,0.8272566,0.06588538,1.1553153,0.28532693,0.22566141,0.10865008,0.617511,1.8376579,0.5384188,0.41422716,0.019870402,1.2243993,0.9084071,0.5179677,0.90072536,0.90955836,0.2666732,0.38483137,0.70843476,0.23595254,0.06600262,1.9641557,0.5964408,1.176028,0.21887952,0.06441641,0.15553296,1.0111852,0.0021306777,0.13304378,0.029991101,0.8527784,0.0026170253,0.47071952,1.8092097,0.121637225,0.24922492,0.133664,1.3783085,0.01827456,0.9508863,0.63677603,0.39935246,0.0,0.111146435,0.8119034,0.4233975,0.52169985,0.37660056,0.014398406,0.13568261,1.1016631,0.34891814,0.46118093,1.22587,0.06517171,0.5888428,0.08634107,2.7184734,0.20741552,0.5796556,2.2181761,0.47321728,0.54535484,0.6325151,0.029248195,1.5000969,0.00042107477,0.113439515,0.10473975,1.6112022,0.80789065,0.2786862,0.25206035,0.4167531,2.6448662,0.5777928,1.3539301,0.27151132,0.3419974,0.50934786,0.5086155,0.8832693,1.0524552,0.82065785,0.07586039,0.21571442,0.6405368,0.08355323,0.27826497,0.13224728,0.15269502,1.3197796,0.86345595,0.09547761,0.050736323,0.2917347,0.9133797,0.035674416,1.4185576,1.4403574,0.07465198,0.2135202,0.045497693,0.07041949,0.25972593,0.55127233,0.27620783,1.1632478,0.38129643,0.30608326,1.368591,0.3322904,1.6652994,0.2672493,0.63950866,0.648046,1.986864,0.62261045,0.16275348,0.23182152,0.33921906,0.43161955,0.5895037,0.14633664,1.2791268,2.9940684,0.2749966,0.16068159,0.021493902,0.20848449,0.06694091,0.9117028,0.4442739,0.094822474,0.11924222,0.00988124,0.00055704406,0.96435994,0.33787605,1.902906,0.9608458,1.443234,0.5026223,0.42325127,1.0561447,0.5308257,0.40755862,0.23270272,1.6943783,1.9592693,1.2819595,0.54501456,2.3072546,0.8352695,1.5559204,0.08567347,0.8687192,0.33661506,0.5277757,0.09380609,0.08712966,0.94984776,0.80797863,0.032812938,1.6525488,1.1803682,0.030319115,0.39026144,0.21740088,0.43269986,1.3220744,0.88019156,1.134049,0.1809386,0.37118834,0.11546193,2.0214634,0.1407453,0.69787395,0.45449144,0.0040099174,0.11275322,0.4950299,0.31695616,1.5764173,0.410857,0.06696724,0.08366526,1.0343935,0.14580217,0.8272172,0.018129714,0.6176618,0.41776255,0.26807877,1.3132045,0.9523336,0.554963,0.25977138,0.828273,0.1367955,0.0,0.7609485,0.7257986,0.8162273,3.19785,1.9549143,0.89031947,0.0,0.4612935,0.4647181,0.34711793,0.052136026,0.032025393,0.46239346,2.0194876,1.0303751,1.8524615,0.1856163,0.3356348,0.0,0.4528297,0.5737674,0.5000357,1.6050433,0.84475,0.782421,0.10989529,0.18711497,0.19221286,0.0,0.6962942,1.6035978,0.65812886,1.0266672,0.3561725,0.014569118,1.0800295,0.8002766,1.1047108,0.1194966,0.18334231,0.5029581,2.130075,0.5291744,0.15805724,0.07292815,0.4738063,0.06535866,0.8184314,0.6709034,0.28562447,0.5416489,0.03679711,0.06523834,3.3431222,0.7300123,0.05402239,1.0063921,0.17299978,1.0705492,0.19125812,1.0020437,0.6710941,0.6996358,0.8224183,1.5798103,0.33828267,2.8213286,1.9921856,1.0632373,0.29542762,0.0032516867,0.81606966,3.8216877,0.3762717,2.082169,0.26949412,0.955934,0.16534019,0.5470123,1.7331543,0.15643965,0.2610301,0.21547444,0.57746375,0.4417777,0.0038560878,0.72673035,0.28058484,1.1009345,0.013511847,1.0750012,0.42807505,1.4934437,0.5555569,0.39931214,0.09527327,2.873929,1.2172359,0.53795975,0.60359687,0.11663746,0.74913687,0.7116362,0.16733475,0.22010523,0.57168907,0.01619488,0.35538468,0.21974306,0.40760094,0.20985022,0.98017657,0.03834676,1.2399122,1.7699455,0.4620454,0.9106871,0.65024215,0.043369293,0.0,0.92255867,0.75696385,1.3210174,0.44015324,1.1116481,0.21881135,1.04501,1.5769207,0.63521826,0.5001772,0.7174989,0.62744063,0.7869576,1.324732,1.661679,0.13979049,0.59380686,1.2696737,1.4376903,0.42434877,2.7532856,0.20809904,0.11902861,1.9482226,0.015370959,0.4961178,0.0,1.5075359,0.04782315,0.5583175,1.661596,0.49844944,0.9286369,0.28097787,0.6465172,1.0984986,0.8425062,0.113226146,0.45614678,0.7733773,2.472617,0.0054710493,0.102778435,0.4975455,0.14982033,0.27624872,0.9581333,0.565552,0.0,0.04984436,0.7749763,0.792556,1.1120797,0.14290944,0.44904506,0.9574457,0.13449499,1.8144248,1.3845383,0.6204671,1.7970269,0.26023751,0.8081497,0.80506647,0.05172124,0.65815264,0.72186637,0.5588935,0.6633746,0.2490286,2.243223,1.2303979,0.83809775,0.25123405,1.5692846,0.05655694,0.13193448,0.15937833,0.47309136,0.0,0.53221625,0.022130212,0.61478573,1.2803515,2.6230135,0.32911527,1.5596381,0.17682707,0.6714391,0.15413924,0.07163292,0.051780242,0.3368861,1.3587697,1.848782,0.4162801,0.9961772,0.4340343,0.52556825,0.18998393,0.1637794,0.39398402,0.40658188,0.39787385,0.4889492,0.892846,0.024304837,0.56361413,0.57593906,0.024644049,0.5139558,1.6864315,0.8026401,0.00732011,0.570825,0.8939924,2.9074564,0.33768705,0.11979555,0.038103875,0.12139916,0.23187093,0.9566331,0.025456782,0.380156,0.65511423,0.023107031,0.93694687,0.13868137,0.0,0.12509298,0.23215854,0.006071355,0.29237467,1.4800035,3.1962254,0.254002,0.66033995,0.06538014,1.125782,0.99467224,0.0915535,0.49029002,0.26088157,0.037864916,0.051040735,all_pothole_images\pothole_images_enhanced_7deccdad7a0358c003d9592b708b70a3.jpg
0.3774512,0.9801255,0.93043905,1.7163241,0.050182965,0.0,0.43603048,0.040810872,0.6373523,0.5801505,0.82477146,0.59794766,0.0077710836,1.7251434,0.0411992,0.39677382,0.7835142,0.09032163,0.41295546,0.052056845,0.56761795,0.9026561,0.5257201,0.8146938,0.8807729,0.2980602,0.41132075,1.7184448,0.12077527,1.1323861,0.0,0.12654142,0.012790343,0.43326473,0.5175698,0.37203777,0.096117735,0.6236064,0.6705917,0.07565592,0.18071282,0.11343144,0.11119792,0.001807579,0.3268153,0.06465726,0.6792463,0.4625262,0.9833235,0.34021473,0.21334915,0.65846765,1.4626724,0.08843185,0.27828634,1.0059402,0.73865104,0.40144593,0.18490379,0.56898093,0.0,0.23587884,0.3099518,0.1959024,0.14738953,0.1569097,0.28091162,0.094180465,0.1043475,0.23282719,0.7964978,0.0,0.5613071,0.00842363,0.31561866,0.15137875,0.48880276,0.27228698,0.0093241,0.0028543554,0.109410696,1.0430537,1.3568392,2.5769362,0.33675703,0.33012903,0.4751081,0.015844528,1.1832974,0.42477036,0.11117771,0.6162712,1.3795044,0.79947925,1.0561162,0.45204577,0.24428858,1.581571,0.15081733,0.72837764,1.6408998,0.68873215,0.5503028,1.0108672,0.85053647,0.008832965,0.053033672,0.8382228,0.06066672,0.63170385,1.1399689,1.753404,0.8403127,0.10547283,0.22449139,1.3630668,0.035411905,0.18713197,1.2433492,0.39848903,1.5806993,0.0376955,0.02078887,1.1117234,1.6223507,0.89315677,2.0481184,0.32756177,0.07614072,0.7127665,0.0155662,0.05611837,0.4982749,0.8090129,2.025233,0.70050216,0.23013137,0.3094989,0.048467986,0.016421707,0.6440554,0.6711586,0.69716674,1.2265153,0.0059103416,0.0,0.08865769,0.4608261,1.063299,0.029097034,0.34712082,0.35117278,0.40443364,0.34902844,1.4429519,0.026993278,0.06156276,0.8989233,0.57619995,0.9170442,1.9125966,1.0079749,0.037365556,0.17746104,0.8307277,0.48754463,0.17065929,0.076424584,1.8717134,2.823916,0.027617145,0.0318929,0.36518928,0.004012418,0.09777174,0.1233196,0.7488257,0.0,0.32732505,0.26977217,0.31262,1.6633205,0.8598624,0.95264924,2.9410994,1.2710017,0.07106281,0.44328672,0.63517225,0.13112655,0.14520773,0.436917,0.48343354,0.26634285,1.0335836,0.005181063,1.0678087,1.4958502,1.2070212,0.98166716,0.08063214,1.1512588,0.0008498503,0.09522358,0.8351764,1.0535194,0.20559381,0.35813853,1.3654398,0.634391,0.0,0.0,1.2070812,0.37428322,2.2744968,0.98102707,0.26667738,0.022766123,0.058035605,0.79069406,0.18861522,0.036941923,1.377344,0.94635975,0.003048423,0.0,1.6141744,0.005051103,3.7937603,0.09491492,0.80640876,0.010132183,0.31238493,0.743912,0.33341566,0.44134155,0.07215042,0.0,0.08492972,0.12019308,0.5102803,0.804918,0.09792568,0.24269982,0.31747308,0.18401755,0.32896593,0.09534036,1.2310666,7.455836,2.3030424,0.22331737,0.085751854,0.30610135,0.066409476,0.5277075,0.68489915,0.97203577,0.83805144,1.3150036,1.1219479,0.43705598,1.1920875,0.322797,0.14205441,0.94984883,0.12233354,0.71752346,1.3357514,0.3809567,0.6295855,0.0,0.47550333,0.40549406,0.3879771,0.43359992,0.053136792,0.7696496,0.026499497,1.1495918,0.3730001,0.8101311,0.64969003,0.019176427,0.56820035,1.191955,0.36892247,0.29718155,0.56552386,0.16271314,0.0,0.20768306,0.029506052,3.212091,0.94993997,1.8092209,0.32675666,0.2290008,0.0048579266,5.382511,0.0064085247,0.42558202,0.0,0.08641373,3.6736383,0.3033547,0.8487883,0.05001239,0.8105893,0.0,0.069219425,0.103783086,4.458411,3.4525487,0.37318066,0.59846985,0.046472523,0.59974045,4.8608084,1.5064718,0.96153426,0.0,0.6617533,0.9982854,0.15310176,0.5388887,0.44361138,0.052698698,0.8628611,0.1416487,3.3005435,0.1445192,0.647087,0.7337489,0.2479481,0.013289142,2.6673055,1.263906,0.67747915,0.82238734,1.991839,0.26097575,3.0230122,1.6516838,0.973597,0.5876495,0.15418208,0.6914111,0.63263506,0.15125646,0.04859167,0.23866452,0.4357495,1.52635,0.5242361,0.7616318,0.017333398,0.5516916,0.23857862,0.94441456,0.2777169,0.11759791,0.3318199,0.6416922,0.0756091,0.004465099,0.6684939,0.24884164,0.5283525,0.42384848,0.2119781,0.3757527,0.0015962635,0.39349023,0.2686576,0.15690269,0.05709315,0.476044,1.1545627,1.1429554,0.124359906,0.032535985,0.3083365,0.46613014,3.335231,0.15912083,0.86149096,1.7079768,0.086412564,2.4143224,0.8796151,0.3411198,0.21391687,1.0682037,0.0,0.9731663,0.13141386,1.1101048,0.04448406,0.11004507,0.3574499,0.49186587,0.660521,0.39125037,0.42913893,0.011805623,0.16702835,0.4702526,1.293122,0.31350896,0.0,0.048963513,0.27754557,0.44754884,0.2769977,1.605489,0.87312955,0.4883784,1.9357073,0.55845696,0.16951554,0.53963494,1.1473467,0.3791127,1.0807158,0.4168409,1.5714773,0.47311366,1.6676679,0.46228793,1.3698161,0.1137212,0.0,0.5768043,0.31896147,1.9603227,1.16738,2.2865338,1.3606019,0.2360276,0.1448133,0.42186183,0.023938008,0.0,0.36944658,0.064207174,0.4345884,0.12524714,0.014104112,2.2390056,1.9939663,0.79458874,1.9308921,0.06862837,1.0443063,0.874314,1.2659764,0.034927532,0.09766997,0.9369314,0.9907169,0.43451652,0.06644425,0.0,0.74815524,0.26851392,0.076226026,0.1901396,0.14180698,1.0936248,1.2714577,0.9592084,0.069970675,0.08758415,1.540726,0.06278443,0.718467,0.22482713,0.8224163,0.11309717,1.5755247,0.16193148,0.43991116,1.3877448,0.29616266,0.47426164,0.13957547,0.0,1.2724621,0.0,0.3088134,3.6641028,0.51257294,0.011973636,0.09547771,0.08302143,0.2629018,0.28131104,0.14647879,0.26498178,0.32982564,3.1240335,0.6663859,0.65428364,0.16983601,2.0767033,0.7169663,0.5889981,1.289231,0.15222576,0.28510404,0.009708666,all_pothole_images\pothole_images_enhanced_7e2acf740b68b0f6e05f0dec8d8167ef.jpg
0.0560109,0.8019997,0.003284345,2.7036114,0.5540586,0.0,0.57504207,0.0,0.29530597,0.52293557,0.9847199,0.44699624,0.0,1.3208717,0.06326698,0.61829394,0.010925667,2.0724955,1.5041763,0.27048218,0.5883808,0.073346324,0.39598823,0.109163694,1.3211889,0.30975604,0.040899508,1.087504,0.30904046,0.08518912,0.0,0.14303006,0.36719185,0.047375005,0.121674515,1.359682,0.18734534,0.35817438,0.51553065,0.057107925,0.0,0.57525325,0.21860822,1.6020067,0.7060924,0.15529469,0.0,0.58445776,1.2685745,0.8151388,0.3639078,0.22392464,0.26276484,0.025188003,1.3173345,0.81592923,1.5724229,0.85612243,0.24860327,0.6362818,0.4822404,0.14741713,0.024261398,0.49069571,0.023456236,1.2503827,0.96200854,0.053016715,0.4769106,0.006035804,0.0022103486,0.17395645,0.41191235,0.42211393,0.53581536,0.42285845,0.042138424,0.6865049,0.04537268,0.19710015,0.0016998117,0.7523878,1.6991053,1.3743914,0.02758325,0.0014225505,0.5713609,0.0045610396,0.82034665,0.14231765,0.39766467,0.15728463,0.023781318,0.23281822,0.34990746,0.09247009,0.53384817,2.3926537,0.09976114,0.01584344,0.49992314,1.4693038,1.0327766,0.11814914,1.6232215,0.0025308873,0.3956135,0.021294825,0.46957436,0.9977199,0.0,0.8206988,0.12287574,0.41944784,1.0123849,0.4680034,0.38825902,0.0,5.031201,0.27666172,0.49034375,0.008185448,0.08927553,0.384556,0.6428195,0.8032688,0.01120079,0.009366215,0.39920902,0.08879641,0.10217674,0.72622067,0.14705856,0.073613696,0.547332,0.007647257,0.05464554,0.004651288,0.7798902,0.0031461776,0.20482561,0.1976949,1.037389,0.08664927,0.0,0.42202988,0.08526749,0.61070716,0.5677355,0.08729524,0.09223795,0.40577823,0.009458099,0.15717946,1.2310131,0.3045812,0.0003645929,0.11698752,0.1939597,0.2198693,0.8902218,2.6165721,0.44104972,0.05610915,0.6211384,0.050096087,0.918968,0.04482184,0.110996135,3.8183239,0.0061614285,0.18179111,0.09268422,0.0547112,0.50060856,0.047891814,0.056833792,0.0146784345,0.44097486,0.00909191,0.0,1.3803362,0.76380795,0.6204135,1.2185315,0.41991773,1.1929353,0.3591022,0.62951595,0.42982978,0.03846479,0.04974354,0.1657401,0.716833,0.71991295,0.15483424,2.2437727,0.321165,0.6461787,0.21502864,0.00011137918,1.0084516,0.016442481,0.25407037,0.16121006,0.05179023,0.16522773,0.23398963,0.76998836,0.17179602,0.001685496,0.07745188,1.0661333,0.044356875,0.8513617,0.76877093,0.37408626,0.060978398,0.32039538,0.5972587,0.5747795,0.23944901,0.46769333,0.482635,0.0,0.09152473,0.42152238,0.16499634,1.6080327,0.7997321,0.0,0.0,0.914959,0.021140773,0.43931544,0.3256476,1.5467122,0.04995305,0.32392412,0.30790675,0.25173238,0.8919339,0.0756663,0.17755993,0.061949816,0.049381383,0.8934762,0.21389802,0.89346176,5.804096,0.9990767,0.101147905,0.0,0.21857394,0.017277442,0.56135297,1.0581509,0.83335376,0.9628445,1.5938566,0.025657013,0.0,0.13093264,1.5788907,0.41053888,0.043812346,1.666455,0.19255821,1.0149081,0.22737707,0.30184376,0.04658984,0.4096379,0.009512297,1.2827564,2.0899286,0.011234714,0.023279654,0.52899444,0.1296156,0.24543448,1.1393336,1.1592119,0.13129121,0.089839146,0.11325398,0.24827883,0.00902793,0.29617277,0.46261838,0.08817469,0.174653,0.026856625,0.52788275,0.072152995,0.72329867,0.039871886,0.23068991,0.17470483,2.5014708,0.48647392,0.7770249,0.19827136,0.0,6.1693363,0.05526587,0.50642586,0.03127023,0.43628395,0.7762477,0.009311871,0.51631665,0.99607813,1.2266688,0.6872075,0.55852157,0.015984554,1.5707852,6.6953826,0.44588062,0.3197793,0.34648538,0.3149852,0.041313227,0.13839875,0.03399236,0.6926786,0.15132073,0.22022343,0.14530183,1.3116822,0.2874912,0.56535196,0.054763287,0.025721207,0.16254048,3.3762949,0.28089246,0.058762122,0.81780225,0.13126062,0.052013308,1.923719,1.6477256,1.1255748,0.14607069,0.074268304,0.3508737,0.3205673,0.41741607,0.12763992,0.16822602,0.07841001,0.28035113,0.011850577,0.17040014,0.026712295,1.4559282,0.4901488,0.713999,0.007710479,0.9232534,1.3107841,0.27528182,0.50098556,0.10354815,0.48312458,0.05148677,0.0035161888,0.26631904,0.43792245,0.0,0.5045051,0.34474692,0.045289222,0.08778499,0.130274,0.19785461,0.16879146,0.10889543,1.0455031,0.0,0.16386783,1.10945,0.7948345,0.35695642,0.9311443,0.059924114,0.09528948,0.11925251,0.8358236,0.25584245,0.44681442,0.01648168,0.010675285,0.037855662,0.30378225,0.011662133,0.32352784,0.046982337,0.15898634,0.45595822,0.15431473,0.1056628,0.31824893,0.0008882005,0.79064447,1.4706779,0.6314012,0.07483458,0.011084181,0.613435,0.0,0.1641439,0.0057961154,0.2418456,0.78952414,0.30381456,0.096745044,0.006138984,1.5410122,0.3521411,0.318879,2.460764,0.17781729,0.16761799,0.15452753,0.09099098,0.023409437,0.17737472,0.26478547,0.14317165,0.3366778,0.39999264,0.91459656,1.4255788,0.7359149,0.123970635,0.0,0.45927522,0.007736308,0.09811007,0.1384278,0.019944137,0.086926796,0.18964934,0.33090833,0.17833938,0.11635288,1.0391595,5.201732,0.039210286,0.2570786,0.30599567,0.5011268,1.0888523,0.0,0.013700277,0.014556029,2.251537,1.5983933,0.11988519,2.5141218,0.03051798,0.4827838,0.40860114,0.04699079,0.0,0.0,0.4871975,0.5298247,1.3827993,0.13250966,0.35456508,0.8969412,0.89516056,0.4152062,0.6168426,0.015503197,0.622376,0.25754312,0.85628355,0.4870184,0.0,0.15721223,0.2663939,0.30175558,0.09102792,1.2649434,0.03026943,0.56395185,1.8617688,0.096094616,0.6267533,0.02273687,0.00755258,0.036045313,0.08659592,0.1291019,0.118725084,1.0833402,3.4643445,0.1911246,0.1554087,0.4164625,1.9039452,1.6833667,0.098065324,0.80339926,0.2631523,0.07654349,0.24154001,all_pothole_images\pothole_images_enhanced_7e45e1efdde1a7a83e8b18a82fb40754.jpg
1.7032038,0.63075894,0.12763198,2.5629933,0.30373982,0.5791106,1.7360191,0.0035462491,0.12566353,0.18436828,1.8248024,0.90961164,0.9382399,2.798295,0.1431873,1.3967646,0.10003918,1.8902024,1.02249,1.4715031,0.080886364,0.26830927,3.0148652,1.4025753,1.2206928,0.032638714,1.6894643,1.0088344,0.40497378,0.5957255,0.08586241,0.76842225,0.2415461,1.1309593,0.064673044,0.25367945,0.032223232,2.4918022,1.1884596,0.31752452,0.209858,0.384488,0.9014777,2.6376622,0.0,0.28941995,1.3171667,0.18988897,0.027556939,0.6865949,1.3871132,0.9967473,0.05468207,2.1987603,1.1544497,0.35789517,0.09878305,0.12758635,0.77693486,0.11365532,0.63438284,0.808886,1.0754429,0.9528114,1.2685503,0.6168223,1.0183398,1.925315,0.4743088,1.3041089,1.8938888,0.69481945,0.63209647,0.32888576,0.54551697,0.09208619,2.2476597,1.1993684,0.39727253,0.22441752,0.01858305,0.8712518,1.1491946,0.7728153,0.3073756,1.4536434,0.0017585244,0.20005354,0.5019509,1.0021629,0.8839148,0.24784884,1.2352276,0.7501417,0.46288103,0.52186054,0.06766332,1.4588603,0.07436445,0.69089025,0.8650109,1.0843766,0.62928605,0.3852864,0.55282724,1.3918058,1.0071383,0.8188876,0.14098768,1.1400144,1.0341609,0.92646074,0.84703726,1.694153,0.19386704,0.4995757,0.4905977,0.385729,1.8462253,0.9217336,1.3329351,2.5679407,0.12535381,1.8332232,1.1296692,0.48858586,0.22352327,0.1356271,0.43031025,1.3576115,0.95306355,1.1936017,4.3980923,0.20665418,0.15166405,0.8490533,0.63876873,0.689487,0.16552897,1.7058859,0.126756,0.69829106,1.0127008,1.4058813,0.58998346,0.3019317,0.5932136,0.24602245,0.19777134,0.49875656,0.86377466,1.3773999,1.0216848,0.36333376,0.25167924,0.20703055,0.524037,1.3803062,0.9063207,1.9397316,0.81370836,1.9888339,0.00070753996,1.0726402,2.2760234,0.18962488,0.8320464,0.6959846,1.5233358,2.047943,1.2887123,0.08926313,0.23694095,1.5125053,1.0362875,0.8154503,0.229407,0.020111736,1.6566943,0.11558806,0.19831671,0.4575557,0.29119742,3.2506034,0.97618854,0.13577865,0.6005862,1.3208344,0.8648627,1.3087184,1.9518152,0.25381562,0.75568336,1.2268963,2.1165633,0.29136494,1.3431704,3.4311204,1.1861521,0.024788477,1.0191649,6.3427887,1.6489621,0.33038875,0.15320334,2.1700616,0.8832136,1.0457242,3.2638083,0.5554598,0.15012556,0.46580613,1.2083901,0.0012671791,0.41437817,0.09816535,1.7190028,0.24293862,1.2497725,0.58651364,0.6918131,0.5426067,1.5557344,0.6297474,0.0219264,1.6277516,1.5552477,0.39642286,3.010726,0.5960623,0.49056032,2.3295395,0.7344273,1.3475214,0.0021046398,0.008346409,0.2545441,1.3393887,0.16169225,1.6123852,0.9584356,1.3210471,0.014080772,0.52940375,0.3606969,0.63655686,0.579955,0.15014046,1.6731621,4.0779996,2.1276186,0.23644018,0.3758493,1.4092124,0.5358777,0.93136626,0.26243412,0.69610304,0.38205048,1.9455183,2.3303592,2.0146747,0.3206159,1.3835001,0.017489735,0.2544642,0.8195229,1.7395437,1.7099831,0.07771951,0.51245725,0.68752164,0.29771847,0.36431324,0.21661824,0.6545877,0.04484919,1.0988715,0.3615458,0.051320225,0.20977822,0.668427,1.3692827,0.5115275,0.5765124,0.5539627,0.6459297,0.8837685,0.38980904,0.5177043,0.54193044,0.46815103,1.1756465,0.90947837,0.76966965,1.1042323,1.2795464,1.3315673,0.40553766,1.2673222,1.104939,0.54560643,0.34866336,0.64281464,4.3110247,0.02499723,0.74232024,0.056081362,0.28121322,0.040185634,0.23208265,0.542113,2.9884126,1.1392417,0.39264157,0.50426567,0.9343987,0.7917878,4.5638175,0.7444633,1.0724517,0.534519,0.9972425,0.0,0.21787937,0.5563898,0.14271496,1.0210009,2.3662202,0.46129823,0.6217867,0.092690885,2.1469126,1.6274974,1.7481201,0.19478916,3.2406697,0.63671374,0.72784406,0.7590218,0.76668113,1.6877751,1.0505561,0.95602953,1.4314425,0.9065639,0.14498214,0.4677721,0.118622065,1.0736089,0.33059454,1.0335209,0.7793796,0.32143003,0.15327409,1.101574,0.6151751,1.7465858,0.60162055,1.0694135,1.6550243,3.2740664,0.11508046,1.0993216,0.49378255,0.0062448294,0.1395621,0.12985978,1.5636678,0.3036882,1.0539659,1.5600638,0.44087145,1.9795426,1.9513932,1.9237458,0.44808507,0.598935,1.3863033,2.3430552,0.39257228,0.024059307,0.35857064,1.2992173,0.96287805,0.57052714,2.4820445,0.0018230696,0.06381046,1.485605,0.13098423,0.44308797,1.220617,1.719709,0.40369228,0.16187112,0.24485342,1.4075109,1.8461822,0.24139604,0.2484149,0.29207456,0.7469753,0.9827267,1.6361742,0.42307025,0.94644153,1.3810141,1.0024699,0.7194664,0.008315689,0.98928654,1.3808162,1.4241993,1.1395444,0.3459468,2.38082,2.6463664,0.18386681,3.6675794,0.11644866,2.0467663,1.352627,0.7960415,0.38349572,0.9113299,2.039707,2.170523,0.7567956,0.7168753,0.21984509,3.1525455,0.2359064,0.7145921,0.10826885,0.053685952,0.51692456,0.3846474,1.3892279,0.53828967,0.10770153,1.1274157,0.74680156,0.0,1.4668297,0.061567374,1.9007499,0.8609158,0.9430093,1.3973694,2.101485,0.9702683,1.3492738,1.0148576,0.20116062,0.9978214,0.2979659,0.704662,0.24736781,0.8139358,0.64604807,0.635217,0.425941,0.47913045,0.84612787,1.197223,0.09523208,2.2639613,0.34197342,0.92435825,2.6297774,0.97099966,0.75608456,0.69797015,0.54151267,0.9696384,0.7144382,0.22094244,0.80935556,0.2622539,0.6705244,0.29259497,2.4101985,2.3123431,0.117192656,0.47834283,0.687939,0.53524953,2.7725892,0.19171812,0.48407024,0.605869,0.21398836,1.3625376,0.1283928,0.24702811,0.7458726,0.03392534,0.22689334,0.11013996,2.163995,1.8963923,0.8052012,0.5590195,0.15292409,1.064451,1.3405659,1.0016644,1.0348263,0.33111766,0.029629847,0.92085314,all_pothole_images\pothole_images_enhanced_7e4ec050473292cabbb7aef02b095aeb.jpg
1.2060329,2.2885284,1.423763,2.1179025,0.52275515,1.2813667,0.04694478,0.19020438,0.36175665,0.3490217,1.0276366,0.33865204,0.09092648,1.047472,1.183404,0.011645024,0.27007616,0.04341353,0.5286229,1.0240219,1.4310975,3.3804262,0.9284045,2.0004048,0.055587683,0.16867456,0.54617494,1.2694983,1.2919264,0.94947994,0.42630377,0.18710825,1.0121812,0.008975555,0.2301712,0.71754706,0.8302957,0.63832134,0.3867148,1.2611343,0.31835765,0.27812093,0.3347023,1.0142028,0.31075972,0.22010323,0.8104574,0.50695163,0.9893354,0.28740653,0.33007726,0.8990925,0.5200424,0.057256825,1.0666293,0.74013144,3.8644764,0.0045407894,0.49571037,1.3875505,0.6480517,0.26199907,0.44242027,0.03214509,0.7513152,0.5150442,0.026593016,0.19072953,0.8477294,0.58858675,0.2098055,0.15485181,0.6203242,0.2829277,1.7380605,2.7304432,0.20439488,0.5421619,0.06184962,0.030646814,0.20988776,0.37153158,0.36654136,2.2126029,0.4924083,0.5061407,0.17015776,0.0791024,3.0521202,1.2821088,0.06475003,0.6515049,0.39614144,0.44427204,0.38004473,0.23683563,2.117053,2.3963368,2.961898,0.75380766,0.30041093,0.8470763,0.37995163,0.5344703,2.2748742,0.23452315,0.07008389,0.18585052,0.550047,1.1105636,0.6852305,2.604497,2.3407507,0.19707401,0.21758378,0.98725843,2.5895703,0.08607632,0.46672407,0.6032394,2.051871,0.77103615,0.2437001,0.38552946,0.18698491,0.65245086,0.9918018,1.0271977,3.2076955,0.23827071,0.53062475,0.10485423,0.3020208,0.74449486,0.14268862,1.6380357,0.017675743,2.0302014,0.19005315,0.06671249,0.32341743,0.64207786,0.9836701,0.20398435,0.45397267,0.35912672,0.7092261,2.0780017,0.52644914,1.5428742,0.95452225,0.10351546,0.114486225,1.1935157,1.6514653,0.16875012,0.5759827,0.40770927,1.105651,0.44036388,0.48753053,0.12290551,0.8319529,2.6712182,0.6384964,0.6377885,0.7886115,0.10149143,1.0307623,0.0,0.18542527,0.023225712,0.7738209,0.608322,2.1499772,0.19843769,3.9109867,0.075459346,0.2775526,0.455437,1.316214,0.637854,2.0277436,1.6230583,4.165958,0.6387091,0.31731495,0.53522193,0.40465048,0.56435764,0.017820189,1.2132416,0.15481423,3.0374177,0.7941587,0.24890298,0.0,2.5544066,0.5137352,1.574292,0.39390057,0.67577344,0.463142,0.4080579,0.5243015,0.46658465,0.22404511,0.3051261,0.08213988,0.6502531,0.012012029,1.8282701,1.6664345,1.3853812,1.7369192,0.9617287,0.9521358,0.80688816,1.0269746,0.55917567,0.07815344,0.76876026,1.28808,0.42009708,0.21621495,0.8813571,2.736843,0.094813034,0.41304794,0.8005056,0.6368618,0.02682656,0.04502314,0.16714486,0.18701118,0.36250374,0.7142472,0.13208224,0.041889913,0.06342173,0.58847606,0.28479066,1.1781443,0.5501953,0.21239522,0.09941681,1.0262759,0.38217878,0.77131754,1.5715985,0.71989954,0.20058101,0.7299135,0.28514212,0.233443,0.09850662,2.158939,0.33888376,0.66500914,0.94090503,0.06327133,0.04987569,2.3432488,0.15422937,0.42311788,0.616517,0.07019952,0.7750079,0.4793366,0.67805123,0.45575893,0.19656144,0.04095885,1.3872793,0.861982,0.95041865,0.39873955,0.32881647,0.25180185,2.0928617,0.3404138,0.22980468,0.7462838,0.35164198,1.2885073,0.20474805,0.19946767,1.1642941,0.6510294,1.0942752,0.55192107,0.17696148,0.09473527,2.0776768,0.4072411,0.22080755,0.91599685,0.15747483,0.9549894,0.28099117,0.03983263,0.79065174,0.6155749,0.9562625,3.3054788,0.6514444,0.11359343,1.9613999,0.3676758,0.5401243,0.68348926,0.7799727,3.7379253,0.0,0.057243116,0.5580127,0.09871652,0.89888215,0.034229543,0.3060202,0.43607628,0.35233298,0.070494115,0.25270027,0.4071017,0.40748346,0.9481825,0.19933698,0.88577425,0.35501814,2.9764578,0.61063296,0.0887023,0.40978348,1.4962722,0.3409438,0.6464157,1.1402067,0.8367101,0.157596,1.5301077,2.0565982,0.104877986,0.06019952,2.9874299,0.42386657,0.3328011,0.68509936,1.175937,1.9290853,0.8604408,0.119652316,0.119710654,0.7777786,0.9768792,0.380511,0.32738385,0.11832978,0.1443291,0.39411893,0.3550321,0.16758616,0.7281325,1.542089,0.69013757,0.49323183,1.0614738,0.35146433,0.35419577,0.26063392,0.7340729,0.33466953,0.42068207,0.6122305,3.0864968,0.09395228,0.7062876,1.021506,0.8957504,1.0055343,0.21815494,0.0017868858,1.7622851,2.841553,4.7879076,0.34125322,0.38787705,0.24896738,0.19001237,4.6775937,2.7941327,2.6263814,0.36680347,0.58039534,0.27897194,0.3457563,0.68088603,0.19014677,0.35517946,0.0449194,1.8000634,0.5640875,1.6148138,1.3814967,0.44741952,0.08476573,0.8525369,0.30512226,0.90115976,0.15034418,0.22400261,0.4301866,0.56211543,0.14866243,0.039110065,2.6269944,1.9725217,0.20770353,0.26735365,0.0896329,1.7042146,0.946091,2.184149,2.0503523,3.1714482,0.64347035,2.9122927,0.6173449,2.957547,0.8624758,0.17695941,0.94554305,0.5083505,1.2118528,0.35433266,7.3119946,2.02009,0.010242575,0.5604754,0.075895816,0.46959662,1.312341,0.029698512,0.49160132,0.008327965,0.15323023,1.90103,0.17686488,0.28137442,0.61890864,1.0971297,0.1399094,0.45085004,3.1510448,0.2137079,1.706838,2.1798701,1.1470184,0.24429353,2.2269082,0.120713994,2.2257953,0.4275905,0.0,1.5436326,1.3274465,0.22328755,1.0411997,0.5179078,3.183233,2.3990872,0.2665709,0.80277216,0.006408296,1.8929012,0.5392331,0.17307803,1.0924822,0.106527776,1.1205279,3.520518,3.542685,1.1715581,0.39766604,0.008345979,0.30465445,2.5529695,0.6652158,0.77764726,0.15408155,0.71976244,1.2044927,0.079914466,0.25551656,0.30408123,0.54741704,0.6602455,0.04104265,0.96258724,0.0,0.069853134,2.944795,0.95550066,0.075004876,0.37857035,0.009446793,0.11794563,0.81988126,0.6023307,1.4496114,3.7445786,1.1239603,all_pothole_images\pothole_images_enhanced_7e5591b9df6b13698353d6c8d18d3bf9.jpg
1.9731699,1.6004344,0.12584084,2.7760348,1.0956117,0.6168521,0.1305208,0.5754291,0.11191748,0.46957162,0.339038,1.1922444,0.016528245,0.9026963,0.5215955,0.1737491,0.13560097,0.85674036,0.7495082,0.087001614,0.45010594,1.3480333,0.8368876,0.6067352,0.06449645,1.0814697,0.7285622,2.9653065,0.6559042,0.42051572,1.2570918,1.5751129,0.37966847,0.35711172,0.054767996,0.95262283,0.5384326,0.81514364,0.5860238,0.7949229,0.89777666,0.67082024,0.11140747,2.1499443,0.6359434,0.8822063,0.38293445,0.040579334,1.3298839,0.17692244,0.4651198,0.14146556,0.16091302,0.0072437814,0.009139895,1.4299229,1.0838002,1.2095195,0.3855709,0.12144772,0.0,0.82029504,0.70686746,0.32174408,0.95920086,0.99833965,0.015354845,0.00378695,0.6918712,0.24551706,0.22193524,0.55085766,0.15790556,2.165338,0.25396493,0.96622527,0.10626886,2.0203588,0.08097476,0.45052376,0.17696242,0.4121383,0.79191804,0.65356636,0.119013675,0.6443603,0.6760685,0.037119508,3.0476677,0.2003176,0.43293172,0.122256756,0.21530351,1.1137315,0.0385386,0.122058086,0.76585895,0.2003532,0.36710426,0.17571418,0.1793321,0.88153356,0.19297028,0.6379079,2.4062684,0.06282981,0.35520238,0.51731604,0.2633737,0.37315574,0.21761209,0.8460336,0.72165793,0.06060134,0.19535282,0.48077828,1.0361001,0.959665,0.7090582,0.71084404,1.860223,0.24746564,0.08243937,0.25347972,0.24488463,0.08953733,0.11935378,0.27029702,1.3187335,0.10146295,0.11132361,0.022648577,0.24512596,0.14112684,0.16942942,0.21050532,0.09619355,1.1570069,0.56511635,0.2311015,0.28063315,0.116188765,0.9203532,0.6225429,0.18134011,2.2127125,0.41102412,0.0071557704,0.34075433,0.24271873,0.30892166,0.09574322,0.01637996,0.16357169,1.4802283,1.5265932,0.32800558,0.0,2.0127811,1.0988984,0.57858443,0.90253496,0.34576875,2.1363225,2.7959375,0.8661343,2.3919609,0.07004963,3.553039,0.93439966,0.02335965,0.4533154,0.019983094,0.10502236,0.39060646,0.06405487,0.66647524,0.14119385,0.3994637,0.14990237,0.031725794,1.131586,2.5082371,0.7068225,0.7523405,0.21100889,0.20321324,1.0334092,0.31040752,0.15267555,0.012026675,0.4730774,0.10381149,1.854411,0.10866103,0.09302683,0.7209381,0.1446329,0.7960405,0.22722888,0.7501183,0.9376509,0.3275279,0.6945169,0.21175665,0.28883773,1.5045469,0.20676826,0.845823,1.9377195,0.6822111,0.06890331,0.14935292,0.21825156,0.5237152,0.82271945,0.14538571,0.14515445,0.35581565,0.47882646,1.9066663,0.33153558,0.046984553,0.22500479,0.5003051,0.049984463,0.72874933,1.5191784,1.0091827,0.6357659,0.19746993,0.42599583,0.29358327,0.47363323,0.27593413,0.09265407,2.6094003,0.46522233,0.67734396,1.0208524,0.19421615,0.51084316,0.41413105,0.012875503,0.8692756,0.05066546,0.387845,0.20889501,1.2368768,3.4366152,0.27783278,0.15802401,0.7243067,0.3957146,0.8782847,0.96381867,0.86349493,1.1557614,0.52322316,3.802317,0.059473246,0.41266072,0.028329695,1.2886317,0.34905472,1.0599325,0.50357574,0.12187142,0.42471278,0.12188048,0.22026178,0.043615714,1.3275604,0.10642475,1.1060493,0.41786882,0.68521726,2.524743,0.1067229,0.5008138,0.8331971,0.036826115,0.94837457,0.7332026,0.021514615,0.56795275,1.711569,0.04712048,1.7889843,0.046167456,0.36882138,0.47488964,0.14016783,1.5675263,1.3123239,0.047395714,0.33288032,1.0170528,0.04939919,1.3461778,0.86716336,0.37258515,0.042829197,0.69929934,3.2952378,0.20752247,0.0,0.6713146,0.16866864,0.67345005,1.5249727,1.09159,1.3864354,0.46076348,0.58325785,0.81244266,0.16923465,0.7900238,1.9664358,0.24531981,0.030564573,0.09267867,0.44379964,0.402759,0.017595889,0.1603236,0.14823334,0.023907647,0.39597347,0.8790354,3.0651433,0.6137854,0.17437677,0.047816727,0.5570593,0.042235304,1.8024223,1.3379849,1.1408812,0.5380983,0.6434828,0.8523809,1.8212748,1.0806245,0.36882213,0.27681482,0.13070534,1.5903361,0.36234844,0.47526285,0.25135106,0.7064229,0.124269344,0.20905857,0.17721935,0.047505125,0.21084003,0.9888237,0.12460141,0.47806847,0.20053644,0.59708977,0.9622527,1.9466671,0.028158523,0.34367892,0.90095407,0.85828465,0.104885265,0.3645186,0.8645605,0.21244097,0.4015614,0.002008808,0.34944215,0.17453754,0.43726504,0.4766176,1.6689522,0.044563126,1.0679916,0.08658076,0.25160718,0.9605031,1.0794098,1.8212515,0.8001171,0.21400502,0.16985354,1.1300274,1.2753743,0.47988003,0.0063162553,0.11899848,0.5020295,0.05543967,1.374696,0.22816572,0.93633056,0.08238253,0.8947917,2.840974,0.23767503,0.0009981517,0.9172167,0.57006645,0.13001204,0.7918738,0.07871591,0.450712,0.5412586,0.93840355,0.2785183,0.22203174,0.03284115,0.22242218,0.15274553,0.53214824,0.2695514,0.005693432,2.7686026,0.5691179,1.6915655,2.3104432,3.5500035,0.21308641,0.81197786,0.48417047,0.3955721,0.6494948,0.3251018,0.19963735,0.1590147,0.73578346,0.09518016,1.0304347,0.75051564,0.7944841,0.509745,0.5935351,3.837033,0.80342585,0.72542983,0.010819659,0.33888718,0.008747651,0.40342093,0.6977544,0.11653911,0.2676249,2.0881793,0.61503446,0.9935234,1.1496485,0.9866417,0.93070865,0.5013586,0.24869779,0.3474463,1.6224157,1.439405,0.16296653,2.804365,0.25675938,1.2962241,0.0007456189,0.3096693,0.0970976,0.5818367,1.3778387,0.6228931,0.9837313,0.7293845,0.20207809,1.3651216,0.068144426,1.7937019,1.7651867,0.8122495,0.28194255,0.03942959,1.8077215,0.8812735,1.4077048,0.08633916,0.0818964,0.12915193,0.3628145,0.4701517,0.049654834,0.66344404,0.15424801,0.3479873,0.84407437,0.0061106742,0.035715465,0.17941742,0.036253583,1.0623267,0.1447149,0.9188363,2.9058142,0.17743488,0.7595691,0.784686,2.1143122,0.34661445,0.5337914,0.053097233,3.1056685,0.020966716,0.9738461,all_pothole_images\pothole_images_enhanced_7ecc330890b45a5775ab408c9804a744.jpg
2.1045787,1.5843976,1.7527686,1.2049496,1.4823667,1.0075363,0.5908302,0.20453195,0.1313745,1.8195682,0.77933997,0.33351535,0.76690686,0.1394953,0.16732727,0.64572483,0.87585795,0.16660017,0.8382539,0.20229135,2.005194,3.2878168,0.41163412,3.0479991,0.38882503,0.38838553,0.019135416,1.0548536,0.15029109,1.1858513,0.43729293,0.3544858,1.2022185,1.3373649,0.88021827,1.5241405,1.8364444,2.2701843,0.27140287,2.2197845,0.7819564,0.43242276,1.1032931,0.8960493,2.0042973,1.5818552,0.05012517,1.62172,0.855674,0.8754568,0.18425366,1.1090206,0.6855688,0.62059283,1.1889385,2.7077181,2.1790469,0.7261899,1.1304051,0.5458435,1.1400355,0.7101954,0.662679,0.65261346,0.19018129,0.67445105,0.93124354,0.60308266,2.9907289,1.1589355,0.40514272,0.44334996,2.266554,2.0340943,1.3954804,3.9023356,0.25042742,0.1848813,1.0607133,0.18573393,2.0693564,0.7043134,1.0251791,1.7318791,0.7617964,0.2912177,0.09742047,0.6081374,4.658162,1.4311373,0.060997564,0.41965446,0.32914123,0.43879727,0.61742234,0.78404427,0.7891422,3.2706478,0.36703455,0.8893949,0.15644547,1.2940803,1.3674072,0.6076236,0.42882442,0.113543876,0.30418125,1.6592908,0.077316806,0.8035699,0.13924964,4.0305457,2.0765157,0.80296695,0.60992914,0.499026,1.7120621,0.36520454,1.7200186,2.6468596,2.846083,0.45353052,0.08735098,3.6943274,0.27200952,1.8008494,0.38305402,1.0227352,0.39753854,0.67598736,1.0553,0.0054373075,0.03636596,1.33248,0.95778406,2.870451,0.42430216,1.5052574,0.4980327,0.8073756,0.0986008,0.42124984,0.40191916,0.8506609,0.97304726,0.79015964,1.1994041,0.39860883,0.163912,1.6184334,0.6407518,0.32628813,0.11519066,0.44245887,1.7047038,0.63928807,1.410499,0.37580177,1.254705,1.3092358,0.8618404,0.38768768,0.020730777,1.7884082,0.00085619744,1.0047499,0.1289409,0.12996063,1.2618191,0.66762596,0.64810103,0.2688776,0.4085845,1.2724754,1.6662924,0.73971725,0.4127246,0.12255611,0.377492,0.40000743,0.08242238,2.25376,0.99262655,3.8564494,0.2915652,1.8440272,0.64469147,0.2837984,1.9482633,1.9597478,0.23932712,0.4036117,0.17452139,1.3176224,1.046304,0.54711497,0.59962165,0.22170801,0.6972175,1.1691413,0.48009774,1.6821966,0.10078695,0.24358052,1.3176714,0.42487958,0.28709653,0.9213294,0.9422397,0.29121825,0.072777405,1.4699084,0.7253502,3.3742523,1.6417897,1.4747152,0.30790505,0.7777891,2.1870935,0.0073463046,0.5715219,0.37116864,0.40778744,1.6625179,0.39141363,0.99644893,1.0571805,0.65298164,1.4837822,0.49866283,0.123525225,1.5274686,1.0583065,0.3306518,0.636021,0.7717703,1.1348765,0.12111724,0.026553558,0.043563347,0.17204,0.0071245334,0.22704215,0.043840524,0.04544986,0.35655788,0.57827353,0.39933056,0.4183921,0.7221762,0.63228923,0.52927613,0.97502303,3.8720098,0.1585347,0.07133061,1.6973964,0.44578674,1.2546743,1.6874981,0.0058161565,0.37866458,0.770183,0.23900074,0.7517995,0.7086433,0.6045042,1.170383,0.4527069,0.52341074,0.976432,0.8884606,0.5959442,0.17143892,1.1544588,2.1969547,1.475812,0.0,0.37675837,0.43283898,0.13119157,0.080306426,0.6272344,0.40662086,1.1251522,0.3719002,1.8040837,0.76611996,0.13041525,0.80620444,0.68249315,1.4407389,0.32905197,0.12326778,0.75709593,0.35117155,0.5458489,0.17182226,0.8297172,1.1621072,0.57364386,1.3804785,0.4403209,1.1988128,2.213728,0.72520906,0.069143265,1.400316,1.1410754,1.1958764,1.1259224,0.7469419,3.8320825,1.4926989,0.23085126,1.9062221,0.95306325,3.8103538,0.260703,0.1143885,1.4565482,1.2176957,0.29672736,0.5258375,0.8393469,1.7575994,1.2346095,0.19214888,1.0109254,0.40880972,0.90543854,0.8273169,0.22883245,0.2724348,0.19037312,1.3167521,1.27732,0.5772329,0.7643425,0.18119302,1.843688,0.16056724,2.3838995,0.011190329,1.4974666,0.7120505,1.0794872,0.1653089,0.44664165,1.2239128,0.18002535,0.91664225,0.93806803,0.92887306,0.3603845,2.4063208,0.32821748,0.69980115,1.9654454,1.5089402,0.5538838,0.34966975,2.1954818,1.1730758,0.18543707,1.138285,0.46525025,0.007254863,0.071237065,2.14595,0.85602134,0.5741604,1.8011421,0.37027264,1.6040691,0.31566298,1.1157335,0.5908338,1.3859391,1.2322736,0.22371775,0.04921658,1.6631589,0.97308314,2.6881948,1.2229552,0.67243326,0.18755907,1.5301234,2.4084544,1.3665055,1.8067003,0.632637,0.12241704,0.050276,0.51216054,1.2107037,0.6494152,0.021705661,0.5450273,2.0202377,1.5668317,1.02856,0.1347998,0.213321,0.060996562,1.2187922,0.5746198,1.0479945,0.543723,3.2783713,0.68979824,0.45634565,1.612995,0.55956364,0.88851357,0.8416867,0.6213498,0.78241676,1.4654828,2.3970118,1.4593868,1.8009292,0.4000265,1.9594327,0.04629979,1.4093374,0.4940507,0.41495824,0.82376134,0.4664705,0.122267626,1.3927283,0.3363919,1.616572,4.4948273,1.4056647,0.40509823,0.0879937,0.76873964,1.0102665,0.4567997,0.25200397,1.870309,0.25976872,0.28259766,3.2309766,1.3774655,1.5603174,1.7024518,1.8264804,0.6250238,2.667949,1.3819857,0.69037455,1.2758452,0.73661447,2.0350728,0.040706683,0.62177527,0.60349077,1.1307607,3.1770227,1.6450827,0.23932491,0.8846599,1.2717209,0.06885465,1.1953768,0.45436695,2.1108272,0.09439554,0.16058376,0.7776594,1.8493669,0.51508987,0.0,0.39139038,1.1077657,0.6375857,1.5649055,3.069869,0.9913391,0.16551349,0.1315401,0.40243343,0.93683434,1.4949907,0.6462845,0.4040781,1.0544782,1.3441925,0.25716528,0.26051462,0.2844495,0.11570638,1.4506842,0.31952417,0.30348352,0.14443187,0.24970883,5.313343,0.65149283,0.65166944,2.8966146,1.154374,0.09234588,1.5251747,0.24510239,0.5766295,0.6402887,0.99648494,all_pothole_images\pothole_images_enhanced_7f770811bdf0ca457e36e04a8e0b25b1.jpg
0.6376406,1.846124,0.45203197,1.7819566,0.3111861,0.31317663,2.0120354,0.0039742156,0.05048921,0.7185547,0.24512136,1.0717729,0.83219,2.360656,0.17924145,0.1376309,0.27187726,1.2488725,1.1907674,0.1261357,1.6672437,2.047767,0.69453555,0.39259082,1.8339002,1.2362001,1.3741626,3.5634317,0.18131278,0.103954166,0.8196654,0.011359327,0.6785498,0.294982,0.5071428,1.2729666,0.05944817,1.2918553,0.24691388,0.10457406,0.0,1.3690531,0.24592046,0.6208233,0.1450999,0.08134452,1.6776729,0.15539847,0.0020023887,0.15137853,0.008334624,0.76552075,0.6632717,0.037549466,0.0321775,2.2653234,0.98852754,0.013550437,0.6338469,0.39902586,0.4646356,0.21601303,1.5558869,0.16266708,1.980502,2.0491834,0.62518525,0.06535678,0.3091101,1.1006693,0.5163527,0.11997693,0.066619076,0.03661,0.035800144,0.013126558,0.3685917,0.20762475,0.032736503,0.004974912,0.93389297,0.0042610248,0.5125458,0.91320443,0.05325891,0.12072742,0.07205899,0.011693453,0.856998,0.12750655,0.2132528,0.4278271,0.060570043,0.21633516,0.33453393,0.006102277,1.087902,0.37732187,0.25533783,0.9781952,0.21449398,4.479681,0.9535706,0.41351193,0.36773303,0.24803804,0.03559952,0.18455133,0.24369533,0.10377564,1.0032147,0.40665436,2.4938083,0.48090997,1.3583953,0.07516675,0.23490997,0.133229,0.16070147,0.7224742,1.920579,0.2017059,0.13979252,1.4636828,0.2623879,0.32827288,2.6979272,0.56879175,1.8294314,0.09699695,0.7431858,0.22611065,0.006116073,0.45483732,0.52301425,1.2295752,0.9533714,0.30146903,0.18271029,0.14348693,2.535323,0.30881923,0.9456782,1.2309291,0.13619857,2.113274,0.46879008,0.29032722,0.14280581,0.027970629,0.56498003,0.4237428,0.003538567,0.058153193,0.35304642,0.28135535,0.5522562,0.39745155,0.5648161,1.2800374,2.5615778,0.8367714,0.006973493,3.0684085,1.1792736,1.0194438,2.9363322,1.0993919,1.2796954,1.3065985,0.6207693,0.46883842,0.07906774,2.2878468,0.19432484,0.3555392,0.3727482,0.38400134,0.6508907,0.3206745,0.44283503,0.9837464,1.4945135,0.30460608,2.1520035,0.019907875,0.609267,1.193932,0.21552938,1.3903042,0.39190993,0.7821692,0.47099027,3.2012422,0.08393854,0.15787813,0.30132866,1.5300535,0.0063913693,0.30016813,0.167595,0.9635019,0.77643615,0.6619879,0.28356594,0.15112443,0.85254186,0.199454,1.4233861,1.4942383,0.0,0.26657963,0.17584571,0.07698235,1.8620992,1.6933627,1.7074603,0.8534228,0.4063687,0.15849696,2.314543,0.1469069,1.0555061,0.08028635,0.030254427,0.15225479,1.546547,1.7308525,0.44769362,0.921271,0.5190999,1.0643793,0.39126807,0.22540571,0.23064585,0.0,1.1392123,0.40125635,0.23794353,0.2735508,0.0,0.0,0.66482556,0.2692899,0.34407377,0.42457676,0.7221598,0.30699304,1.5084988,6.177705,2.972412,0.11307878,0.10807018,0.26915535,0.12042683,1.4953245,0.7186257,0.23905274,0.7023417,2.1550481,0.57284063,0.06536426,0.33021697,0.5819356,0.10898934,0.5832519,0.9701191,1.3309816,2.9817274,0.08314117,0.071759224,0.6089829,0.052896697,0.17242342,0.19175759,0.5406522,0.41232672,1.7696892,0.3441441,0.37117404,1.5123011,0.10104564,0.4981307,1.2939543,0.6156454,0.28682518,0.5710144,0.043518435,3.4372396,0.07798579,0.24575901,0.12477866,0.53525335,0.47445747,0.033659156,0.2624504,1.1256092,0.51353,0.18389142,2.7972095,0.04271947,0.38180217,0.0036654882,0.016780285,3.6455336,0.00063464115,0.6446992,0.015665082,0.0082758125,0.3480562,1.0996852,1.5713812,1.809931,0.9657679,2.5352674,2.5216038,0.6390918,2.6427717,1.0140707,0.45895913,0.44053906,0.0,0.5345024,0.5796931,0.5117707,0.023006419,0.11920676,0.009456774,1.2642776,0.23676488,1.9765139,0.08724007,0.001119123,0.27895817,0.09948171,0.006240162,0.64817804,0.25730863,1.45618,0.570812,0.06520662,0.43351787,0.9652017,0.25880754,0.4054356,0.77057815,0.52057064,0.59872246,0.20330006,0.6117951,3.156192,0.07912637,0.55565226,1.0811151,0.0487762,0.06654012,0.0008019517,1.0879512,0.06914745,0.0,1.8473941,1.0871062,2.0073469,0.9381964,0.0,0.0030022403,1.7458555,0.0077977963,1.1226386,0.7639638,0.2612274,0.20036152,0.47024477,0.07978085,0.2592174,0.12702858,0.1832343,0.25118402,0.9284134,0.7804993,0.71904457,0.07749022,0.13017114,0.9754329,1.6146171,1.1135699,3.319856,0.08334841,0.14206417,0.40466765,0.590457,0.42748418,0.0,0.7237089,0.18749002,0.12633584,0.6305128,0.32411298,0.1579813,0.3426717,0.345726,1.2045827,0.31664193,0.60376203,1.6101758,0.06506824,0.7199145,0.6279697,0.06262112,1.1653047,2.00163,0.9716253,0.008171677,2.0051243,0.6057349,0.9581605,1.2622609,0.8213959,1.1975343,0.01228768,2.495957,0.18706757,1.150517,2.2699049,2.9895082,0.08085533,2.116601,1.2635094,1.1819887,0.33259574,0.38084528,0.26797435,0.00016550679,0.4041099,0.46187684,1.0179437,0.015082367,0.6460247,0.072774164,1.284005,0.20704609,1.0035031,0.061440244,0.003144485,0.37581268,0.0,0.22034265,1.559274,0.5995108,1.6176549,0.830906,0.5870293,0.7406561,0.34994557,0.15960066,0.39134791,0.8090213,0.041792106,0.16423495,0.07675487,2.419757,0.5030482,0.19540203,0.41310054,0.47186503,0.6155047,0.0,0.0,0.19384493,0.609751,0.8995937,0.36538097,0.53520745,0.3812473,0.4113578,0.009542067,0.8778339,1.2511094,0.7515223,0.0,0.2641454,0.49497867,0.2640257,2.2533896,0.0108272685,0.16269901,0.20911898,0.0,1.3870158,0.13266744,0.23757784,0.91262615,0.13646509,1.0429308,0.07987376,0.2391227,0.7647743,0.0,0.57748246,0.11009462,0.9380889,1.5896039,0.21282943,1.1853029,1.4640758,0.36623102,0.17073438,0.08401101,0.27101985,0.25790635,0.1749846,0.7971784,all_pothole_images\pothole_images_enhanced_7f8abca2ebd55a3a1d7fc7f3a9622808.jpg
0.55582184,2.2698276,1.5534823,3.1029165,0.91600966,1.2125926,0.094147205,0.93343866,0.77655804,0.70104307,1.5327703,0.47035605,0.15451008,2.0782537,0.49555907,0.050826684,0.6652851,0.05156555,0.8155594,0.7631389,2.1159616,3.6308239,1.2679135,2.1744103,0.2673208,0.2867229,1.129887,2.018847,1.4212068,0.20823683,0.54815465,0.23705147,0.8072343,0.0052553723,0.12146829,0.60962754,0.58429486,0.40411726,1.0741935,1.0877186,0.20147426,0.5411408,0.82269347,1.1234142,0.54449475,0.18547185,0.7813517,0.26938322,1.0725011,0.41965503,0.068442546,0.60686517,0.4029554,0.086492285,1.5700792,0.7221919,3.2770205,0.007947401,0.36355513,0.4420142,0.8161227,0.35235444,0.80310416,0.4919284,0.87669,1.0272945,0.4258569,0.5800172,0.9897322,0.30290988,0.6297003,0.036416788,0.5645473,0.5106702,1.6051829,2.1013484,0.18018022,0.5056728,0.0019411227,0.45996037,0.26045352,0.4847047,0.84931237,2.023356,1.2315962,0.9996001,0.49705634,0.008360525,2.3754811,1.3703585,0.046850763,0.6142153,0.7606463,1.3505896,0.23198213,0.08879701,1.3237174,2.58206,3.122467,1.4145341,0.26508653,0.98358667,0.7629133,1.3635294,2.2391012,0.40732548,0.047846783,0.16358323,0.5185384,1.2695767,0.5145408,2.7378962,1.7134575,0.12514527,0.049794115,1.1886322,2.2160554,0.0,0.73859286,0.8549662,1.5514709,0.7018865,0.38762408,0.808135,0.20357671,0.55918837,0.7205427,0.7270482,2.8892336,0.44084913,0.6536258,0.53867984,0.27506393,1.1028237,0.56549126,1.0618037,0.14028594,1.9314799,0.1470641,0.33459625,0.65308076,0.4229681,0.9467462,0.27397522,0.54141104,0.7116679,0.7603165,2.0755253,0.21518415,1.1213185,0.26502,0.22008033,0.32454246,1.4903346,2.2954981,0.0468286,0.43745726,0.29625574,0.71567225,0.67022175,0.6901731,0.18732905,0.5940521,0.65183383,0.84273183,0.42621034,1.5953827,0.085908614,2.652764,0.0,0.2049518,0.11111528,1.380455,0.338698,2.0792935,0.35327676,3.0616128,0.16563548,0.5516028,0.42481208,2.4762964,0.8187598,1.6832919,0.94651806,3.1832006,0.2463437,0.14423545,0.84063953,0.86131936,1.1658297,0.20686251,1.1641582,0.32338884,3.2934432,0.94503176,0.48817706,0.012538191,2.541733,0.8897011,1.4480071,0.992022,1.2219859,0.79539067,0.13082023,0.42835507,0.52967757,0.07207447,0.33231658,0.1681406,1.8684337,0.2889451,1.9000703,1.475651,2.0188012,1.1922215,1.8362505,0.45931908,0.5898449,2.091369,1.4251947,0.086332396,0.64990044,1.3279487,1.5738939,0.22183421,0.1845164,3.8151717,0.015055745,0.5847659,1.2092005,0.6666279,0.67048717,0.06625687,0.19967335,0.19238223,0.5044828,0.61182874,0.23857607,0.115541175,0.04601711,0.36949742,0.34497747,0.8998054,0.4618353,0.38877073,0.31340235,0.92132694,0.37834245,0.6041895,1.176038,1.9960915,0.082434714,0.5254998,0.8305916,0.24021405,0.26043603,1.5765933,0.19071734,0.47530848,1.0481232,0.4282226,0.09178699,2.491316,0.003929153,0.1610737,1.3228152,0.19192769,0.5135947,0.7855365,0.789644,0.71515346,0.09232309,0.05528425,0.8288123,0.7039374,0.24368599,0.5892584,0.54840684,0.36228248,1.7450376,0.106053,0.4564011,0.18921591,0.93749726,2.0594587,0.16117735,0.8465344,1.6462773,0.90053487,0.5600024,0.65239894,0.321548,0.22578405,2.405103,0.7290375,0.5637045,1.083912,0.3095112,0.5461119,0.3368074,0.0,0.15722133,0.22318614,0.91403866,2.652774,1.1058588,0.08349965,1.0771043,0.7415166,0.39536852,0.71928936,0.86195576,3.8278747,0.10465091,0.014408072,0.70993865,0.1473828,1.0330815,0.05739239,0.28459463,0.39330775,1.220116,0.026557948,0.3082284,0.6433015,0.4100179,0.5698441,0.38354075,0.7839641,0.25674686,1.9148896,1.1667557,0.3264977,0.2509892,0.77561355,0.4838178,1.1044171,2.0624516,1.3774772,0.41265613,2.185951,2.1862032,0.9438101,0.034189507,2.611435,0.1250597,1.4402443,0.8383423,1.4637198,1.4202398,0.8104083,0.13588083,1.1880002,1.7371014,1.3734916,0.1507173,1.191974,0.46452305,0.81066954,0.44555804,0.3517187,0.2455759,0.7099829,2.0666971,0.90974236,0.2679834,0.94113207,0.4439133,0.27881676,0.33855996,0.8789742,0.80382866,0.5780852,0.31585568,3.353186,0.5091275,0.87435365,1.585304,0.39924386,1.5326407,0.10979964,0.062590405,2.1428783,3.0091908,4.4951468,0.18428276,0.9990736,0.29779828,0.19057359,4.9430957,2.4007876,1.4770905,0.39898947,0.548741,1.0407358,0.32937244,0.8808388,0.051972985,0.92652106,0.17428023,1.5416824,0.38263312,1.1905104,1.8100052,0.87255526,0.17212941,0.52199227,0.54080856,1.0135832,0.24992372,0.46491814,0.7511514,1.726552,0.25437608,0.08874812,1.9411261,2.7443063,0.16384348,0.512867,0.14100654,1.3879184,0.96013284,2.1501107,2.261945,1.6913726,0.1161202,2.3568532,1.5604522,3.7849274,0.27840173,0.09024612,1.4692647,0.3979567,0.73275346,0.5733338,6.066685,1.0063152,0.18877558,0.86214894,0.00070129,1.5718032,1.2931954,0.052474882,0.2788133,0.27652776,0.15321225,2.2146661,0.051050693,0.12980299,0.8921023,0.5672981,0.957472,0.20493783,2.258224,0.3495908,2.3592367,2.8155167,1.152653,0.52832466,1.1428722,0.17924003,2.5802178,0.6948402,0.07866502,1.8531537,1.7687979,0.14485222,0.6420105,0.93899137,2.6627207,2.3141897,0.07528239,1.1673708,0.023399908,1.80469,0.600024,0.17739242,0.8044611,0.008614186,1.519776,3.877647,3.285434,2.1880608,0.4076884,0.0421048,0.031176781,3.4821677,0.40153942,0.4316838,0.119300276,1.0701115,1.7576014,0.019985652,0.1270902,0.20248254,0.5060265,0.7602957,0.34163177,0.4419214,0.0038538685,0.47782567,3.3171642,1.1090138,0.08836789,0.39138335,0.04087221,0.2055201,3.3576224,0.7538111,2.8207898,2.604577,0.9325033,all_pothole_images\pothole_images_enhanced_7fa8383e2a2757ec9888a32bcacc1f27.jpg
0.66932076,0.82718205,0.21805105,1.5011727,0.33722183,0.14210716,0.36018726,0.015515083,0.24415259,0.36663428,0.39464772,0.8505037,0.7896432,0.95100915,0.043350227,0.27608106,0.4121739,1.2961932,0.6096268,0.0629645,0.86196786,1.7630752,0.17280127,0.20583476,0.667967,0.45206532,0.723882,0.985364,0.0,0.12200538,0.29831386,0.18880554,0.2265412,0.5519415,1.4254758,1.3605722,0.22466661,0.43598765,0.6358136,0.011788285,0.005240111,0.17091595,0.008262492,0.54463273,0.6376673,0.09971889,0.7800103,0.030382069,0.39405218,0.8452932,0.33958593,0.17254893,0.41485193,0.4966984,0.009735374,1.0836138,0.2987536,0.35312676,1.3220565,0.28142986,0.14482628,0.0,0.07756538,0.6095594,1.2620894,2.458173,0.95674366,0.7017486,0.66373694,0.96498847,0.15310523,0.69662327,1.0116198,0.28052732,0.1896293,0.0,0.0141235525,0.23022838,0.0,0.004491471,0.05831213,0.08278484,0.3957989,0.30130124,0.2245305,0.4657832,0.043411955,0.16197848,1.497959,0.4641996,0.10422234,0.7467316,0.23227952,0.7351883,0.14178099,0.3763956,1.1376219,1.0248796,0.094136305,0.0637482,0.38108125,0.72626317,1.2095615,0.13135949,0.21727721,0.9803521,0.13932836,0.5133972,0.040821236,0.08942344,0.10758279,0.7881683,0.76590335,0.4970996,0.42977524,0.16739145,0.87121946,0.20661248,1.0549628,1.028052,1.2954149,0.2576891,0.24264464,0.6535583,0.13709559,0.9318945,0.5650197,0.98804283,0.8241916,0.6502765,0.57056415,0.23667884,0.50259167,0.12907217,0.14691062,1.3601753,0.12502295,0.053532336,0.73948073,0.0019223363,0.759811,0.93696576,0.65048254,0.29060063,0.16824043,0.9029485,0.37043118,0.37455818,0.3660575,0.7564655,0.26589164,0.803698,0.24119486,0.14458752,1.6644797,0.2555736,0.50630873,0.3618668,0.7463527,0.14697322,2.2223902,1.0795883,0.039117448,1.0356518,0.45296952,0.46358323,1.1788083,0.18716177,0.1273646,1.6159805,0.05944349,0.18725061,0.22861157,0.558152,0.11062276,0.32292634,0.029110115,0.022988712,0.5855447,0.11533295,0.21711764,1.0772063,0.90529007,0.20225303,1.9592705,1.1778107,0.4338038,0.5269192,0.7920292,0.66420186,0.1553633,0.3411715,0.57335806,1.4787109,0.21841055,0.08867731,0.5588093,0.373702,0.7821842,0.33234882,0.3969775,1.0515401,0.20026128,0.53582406,1.5511343,0.7345028,0.62942684,0.008148531,1.0159937,0.70259386,0.023397863,0.023725048,0.3134856,0.015554611,1.5973778,1.2653234,0.40440392,0.5329645,0.45161378,0.08801145,0.5798453,2.1516125,0.44480488,0.38673696,0.2288185,0.0,0.92824006,0.23116614,1.3937556,1.1626071,0.1385643,0.06760713,0.884902,0.2048847,0.31232193,0.17664851,0.15741062,0.092403725,0.19382836,0.20906654,0.074653,0.7119403,0.58214396,0.34038165,0.059730675,0.348318,1.1288457,0.41585284,0.45390603,5.2272444,0.763476,0.8058577,0.07726244,0.1658498,0.06689698,1.9038368,0.26263428,2.0007493,0.09444367,0.98283654,0.15084861,0.026528426,0.5556405,0.6249436,0.46547386,0.7325015,1.6184156,0.7678051,0.9079046,0.062234662,0.08632897,0.14882964,0.04053742,1.4757298,0.34111726,0.658754,0.6840343,0.5011424,0.11676116,0.84616196,1.0546216,0.05875584,1.129933,0.062223613,0.2142249,0.23979095,0.1110775,0.027443962,1.8588954,0.79926366,0.07101286,0.04644967,0.84612745,0.7137715,0.11746483,0.23176266,0.63181686,2.366103,0.65019524,2.3018749,0.4375031,0.4920992,0.0,0.23139739,3.6330714,0.21322018,0.014294351,0.5718551,0.054540373,0.27374032,0.9551642,0.47208348,2.5134692,1.2534884,1.0250162,0.7335096,0.23784035,0.68190455,2.4843404,0.47931546,0.8073861,0.042294174,0.09364255,0.7375454,0.98573565,0.15413158,0.07908223,0.019768303,0.9310214,0.017482987,4.0578275,0.1618412,0.840963,0.0047529438,0.067085676,0.024738051,0.5001529,0.12068553,0.42646167,0.0349869,0.28079674,0.117043786,0.9045869,0.38080603,0.18170013,1.8766211,0.028123986,0.8462569,0.09495694,0.24797243,0.4550684,1.3031961,0.6156741,0.09691756,0.18113284,0.3441002,0.027865838,1.4890419,0.48776478,0.9823029,0.56324464,0.5630305,0.7535134,0.12258588,0.0005490186,0.027865537,1.3050818,0.048339047,0.42497703,0.041620802,1.4531912,0.3991425,0.20836584,0.0566158,0.2025889,0.29258016,0.13854212,0.3478866,0.28892848,0.79282546,0.5389295,0.010727215,0.16308251,0.6321967,2.822875,0.38738063,0.39062735,0.0014194578,0.31274855,0.77673197,1.1809522,0.73208946,0.0070536276,0.17506507,0.2726827,0.06271331,0.50769633,0.6308647,0.6411419,0.45183948,3.7250524,1.3635447,0.16854542,0.2891153,0.77806914,0.0013384381,0.67981875,0.96558285,0.025761066,0.481546,0.6409399,1.0146025,0.27892414,0.8030867,0.013765872,0.63401,0.43070632,0.06039737,0.83504474,0.14651962,1.430143,0.74399656,0.32670847,1.4167106,1.5649922,0.27850983,1.2198033,1.3975377,0.23612528,0.38835868,0.26045316,0.47515652,0.6425885,0.48816723,1.4600235,1.1914,0.6247226,0.23868148,0.024966657,0.23295826,0.048503052,1.5266445,0.12520465,0.35328677,0.3636979,0.13768107,0.33198765,0.16064948,0.30790082,2.0097504,1.8961153,0.673159,1.5216666,0.8971517,0.40059242,0.9979447,0.25331587,0.2659283,0.73082197,1.014763,2.250213,0.56307805,0.6957937,0.1481288,0.008253019,0.22522996,0.23029016,0.0,0.22078472,0.64200205,0.8149025,1.0040283,0.054419223,0.1126325,0.71632296,0.13094826,1.0361441,0.7826343,0.1540997,0.0011892942,0.13423409,0.43601754,0.22043154,0.72103286,0.14478482,0.104243,0.06349693,0.030683376,1.0634826,0.015385242,1.352886,0.72115785,0.19176008,0.51134205,0.01831011,0.002751138,0.20523885,0.3074108,0.56216645,0.20185758,0.27547562,3.4227052,0.008590221,0.35697937,0.6317186,0.9108183,0.76032466,0.36433554,1.046713,0.9368068,0.016473537,0.640141,all_pothole_images\pothole_images_enhanced_7fbe5c3e7dede3e637da37490f161823.jpg
0.18296629,0.034831624,0.64933217,1.0815047,0.04025035,0.18049201,1.2089783,0.10171204,0.008284435,0.732338,0.11945113,0.45280308,0.020832334,0.13721494,0.012704148,0.28514802,0.41300404,1.2035259,0.20786153,0.05710014,0.38139674,1.2931705,0.75907475,0.978914,0.4049205,0.25181466,0.0,1.5433309,0.047233533,0.044154156,0.047434926,0.0,0.40096733,0.27242512,0.15110838,1.1554489,0.32197437,0.06830247,0.14676775,0.015485669,0.14446881,0.89558595,0.073542416,0.01168327,0.61335015,0.011352257,0.10420918,0.0,0.3591206,0.7380178,0.33789164,0.043798447,0.004906083,0.3857069,1.1546245,0.7457672,1.8557454,0.34283084,0.49253175,0.6029249,0.17424841,0.45347902,0.5386008,0.5232161,0.50181586,0.4553218,0.18036458,0.0045412914,0.0,0.52957255,0.1676495,0.23133871,0.33977103,0.1078349,0.1907805,0.017995989,0.0,0.2803724,0.0,0.0023979773,0.02267042,0.058660146,0.0028331846,1.8721141,0.17608286,0.14218941,0.024668777,0.050644625,0.38644594,0.66080505,0.18202998,1.0674795,0.019578619,0.12068009,0.96696985,0.0078178765,0.6032921,0.4523626,0.00036147036,0.008900846,0.12910639,4.1887226,0.25610477,0.01877618,1.7447919,0.29990774,0.19633114,0.39415655,0.15840612,0.4880024,0.090646945,0.9918903,0.3241669,0.51350075,0.16144639,0.5081698,0.38923252,0.6307967,3.8127584,1.0018867,0.6113332,0.10686513,0.1860056,0.7857924,0.25609142,0.15215361,0.010838123,0.2244311,0.20009153,0.11424913,0.04403453,0.005062605,0.108544506,0.22811003,0.0,0.28872487,0.05930653,0.0063397456,0.030901477,0.03501636,0.388076,0.08853821,0.10942229,0.2795333,0.03857341,0.48089218,0.00058096496,1.0031456,0.04591511,0.038292043,0.10433251,0.27848646,0.009257508,0.00042471028,0.81217486,0.45434812,0.7961053,0.5727611,0.9208944,0.16135463,1.0245187,0.8819212,0.052255694,0.98488116,0.4819381,0.0024023727,1.033567,0.020877521,1.8333796,0.6989432,0.1935929,0.0058083762,0.0,0.041006785,0.15970421,0.029085532,0.017609581,0.0,0.005659923,0.112101115,0.17054501,0.6563037,0.6150527,0.5911723,1.3118848,0.19937141,0.011377231,0.4001752,0.11957006,0.91449004,0.14663932,0.0,0.29878885,1.4046328,0.011481299,0.009859984,0.56146115,0.64732623,0.66115457,0.12957986,0.104746066,0.17620888,0.40272382,0.026046667,0.36052313,0.36481822,0.06646005,0.014224757,2.373259,1.8848182,0.0,0.06662181,0.34584072,1.1731857,0.035793435,0.009127237,0.78358865,0.0,0.22916625,0.2798305,0.17103653,0.29431218,0.35199058,0.304388,0.0,0.0149839595,1.1252408,0.0027642408,1.4378123,0.2048184,0.3897567,0.0,0.7611166,0.24371123,0.5189519,0.23302047,0.104510434,0.17928563,0.016028995,0.539364,0.72647244,0.00037850553,0.26705328,0.14461133,0.0,0.0,0.4087272,0.73690706,0.0,3.3877864,4.2331944,0.073560156,0.03883625,0.20730056,0.08002312,0.101643436,0.04409061,0.20437282,0.49633065,3.2772822,0.3250019,0.10673561,0.53264856,0.59028345,0.09364122,0.004601693,0.08213323,0.2855735,0.9152604,0.25180268,0.56211346,0.14030309,0.19327699,0.1723083,0.39299786,0.27944675,0.27893457,0.18651386,0.40381196,0.06804485,0.2471479,0.69627035,0.059467625,0.7879731,0.027187414,0.0,0.010465658,0.0077563436,0.24194375,0.11183129,0.33079863,0.29098922,0.03431877,2.0767617,0.16593233,0.35742036,0.7831843,0.9448681,0.13353251,1.0023243,0.17996323,0.25850493,0.030601302,0.16718902,0.8112446,0.004566515,0.316567,0.002968263,0.050718274,0.12016187,0.23849246,0.6051203,1.6871419,1.6192106,0.16879514,0.025647601,0.0018893259,1.1326423,4.308545,0.28142762,1.5306467,0.0,0.08306338,0.08094903,0.016668508,1.2199737,0.15920444,0.11412243,0.16104081,0.031799458,0.31423867,0.092263095,0.0044861077,0.14525616,0.26471335,0.040707644,1.8776807,0.08600299,0.0,0.11959575,0.43949705,0.045015752,2.958765,0.6449313,0.7119142,0.0,0.1382025,0.018210744,0.023351632,0.15542328,0.0,0.15527019,0.0,0.5099798,0.33519262,0.3036479,0.40788767,0.4468589,0.54171467,0.23445156,0.30684245,0.020958828,0.09553563,0.004903455,0.0019039413,0.17248961,0.71976626,0.13231789,0.32044822,0.101004854,0.15162061,0.022125712,0.31882355,0.0028971762,0.42145377,0.8806478,0.42748526,0.51018983,0.089758605,0.078343995,0.39539382,0.0,0.128915,0.087364405,2.3594823,0.015233499,1.6643338,0.24635443,0.24170816,0.49085662,0.2858047,0.6942106,0.0,0.79843545,0.0,0.18821895,0.27648318,0.107765734,0.36861405,0.2715342,0.17651005,1.0905012,0.20389357,0.0,0.41925526,0.0,0.030419106,0.32356948,0.15135291,0.04845392,0.0057058213,0.13857424,0.19609082,0.17673248,0.12357327,0.37605178,1.6216884,0.047138672,1.0134126,0.6355652,0.19249706,0.40243396,0.12979174,0.89629084,2.8169396,0.21871595,0.2223141,0.18188648,0.08913425,0.41627485,0.342934,1.068767,0.0,0.72265065,0.21142015,1.2129675,1.061251,0.98204166,0.3582081,0.21480432,0.7593486,0.077577524,0.110137,0.014444701,0.2121303,0.053467337,0.5074513,0.11903437,0.0,0.45599163,1.4328579,0.22948192,0.47191772,0.100051254,0.7358121,0.430896,0.32052064,0.0,0.25350982,0.69198054,0.23769756,0.20376062,0.6397316,0.064165376,0.99942404,0.17607237,0.05060449,0.10440612,0.13848937,0.39689255,0.3386648,1.0228491,0.045657653,0.42335805,0.69175047,0.0,0.30500492,0.15802881,0.27495182,0.0056136474,0.547869,0.45954606,0.9837729,0.5280895,0.03183441,0.7197614,0.9012589,0.0,0.34517953,0.0,0.30034342,1.1216346,0.027168322,0.00443771,0.09043297,0.21098329,0.5720759,0.06906848,0.0,0.122201174,0.16838957,3.6233664,0.02022486,0.009067954,0.005891112,0.93500835,0.0,0.3001673,0.6620147,0.62540644,0.53552043,0.002422905,all_pothole_images\pothole_images_enhanced_801678454a77c8bad6f44807870d3155.jpg
0.23634587,1.9926885,1.753761,2.874815,0.11170578,0.8915759,0.20249261,0.39122105,0.8997182,0.99583316,0.08281115,0.8533082,0.06096395,1.2184931,0.0031798058,1.7797506,0.03597252,0.12413829,0.22856498,0.07458793,0.55666214,2.0744529,0.5194982,1.1313549,0.55858445,0.053979214,0.023371771,2.2601917,0.41455364,0.1758288,1.0202348,0.08159561,0.55206615,0.42806143,0.41529432,0.98316705,0.1503758,0.42438444,0.19184466,0.93909335,0.6736753,1.1323658,0.21908289,0.056934852,1.36308,0.01226043,1.1028109,0.0014727642,0.65852416,0.028176652,0.21525016,0.18806194,0.9097365,0.41578275,0.0,0.9728305,0.9800698,0.014846779,1.6263748,1.5867134,0.38607803,1.3518254,1.1976855,0.7262703,0.23373769,1.4753989,0.3637538,0.068938546,0.7224609,0.50564814,0.1557334,0.3917832,0.16010414,0.0,0.29026756,1.929378,0.2700536,0.013264751,0.010094813,0.04913092,0.026778873,0.4121592,0.35202196,1.2213395,0.30796677,1.2064936,0.10011461,0.2939507,2.329415,0.50019914,0.0,1.0499629,0.11761174,0.23116642,0.76195914,0.37586942,0.91196823,0.5812103,0.7292197,0.19879882,0.14161777,0.23147953,0.016059045,0.69990045,0.5580813,0.011804271,0.012020529,0.00014609942,0.23660742,0.09223795,0.02868317,4.278942,0.12581056,0.4245973,0.39038315,0.18226065,0.7112989,0.02060976,0.48571703,1.5260856,2.0147276,1.108615,0.21203627,1.8024992,0.198562,1.9837459,0.025522878,0.5448158,0.6329651,0.3154421,0.3233686,0.10990979,0.2937257,0.45321438,0.16980287,0.3011487,0.057817943,0.2576208,0.5108996,0.10054421,0.11709974,1.5256279,0.016423097,0.7002948,0.16180877,0.93588364,0.33589593,0.084323466,0.43545195,1.3415686,0.444249,0.47924346,0.0,0.0005722837,1.0807388,0.010021655,0.076488666,0.5134326,0.5646011,0.24870071,0.8105132,0.82915264,0.10432464,1.7128843,0.23985405,1.3179888,1.0699999,0.04702716,0.8541833,0.8317426,0.010431092,0.12361435,0.40830097,0.217682,0.47893587,0.52399075,1.3679634,0.094112,0.18077737,0.4210378,0.27668953,1.3808823,1.6682645,0.32051072,2.373798,0.25777236,0.09686862,0.5320436,0.70199233,1.7672429,0.84457505,0.71078676,0.0,0.7620799,1.1581572,0.057557333,0.47040868,3.3228316,0.77379155,1.338596,0.3512978,0.6440404,0.24506174,0.17540717,2.8382683,0.37243327,0.717923,0.1331811,2.2431095,0.5607831,0.29372954,0.0,1.4764746,1.0266163,0.3727912,0.91274726,0.09461183,0.28769618,1.9969027,0.6285001,1.6960115,0.08337972,0.44471923,1.6469823,0.1607851,0.4454116,0.35608295,0.008715446,0.35477617,0.56134886,0.41326702,0.51106006,0.8257706,0.09393294,1.1343164,0.2936874,0.78042406,0.022153402,0.09599667,0.30549672,0.115173645,0.047996793,0.042991914,0.38449854,0.028522506,0.0,0.7504088,0.51845145,0.13031812,6.6562247,0.4022448,0.29493976,0.10854096,0.00072835805,0.0,0.022205917,2.1922987,0.6630291,0.7500977,2.7881413,0.55518734,0.11374172,0.4003118,1.3881226,0.09307715,0.7491877,0.10287069,0.41894647,2.0348036,0.66865945,1.4041389,0.17177531,0.16466725,0.52948034,0.8652828,0.729774,0.3717746,0.20489654,0.31351063,1.0647296,0.26403865,1.0936676,0.62398964,0.77199507,0.9368065,0.40968317,0.1925248,1.7427405,0.22576061,0.55932593,0.066872746,0.045712154,0.24354525,0.8695826,1.0637355,0.09536811,1.2428241,3.0594935,0.8144896,0.80181974,0.11934958,0.0902113,0.22508252,0.33661193,3.7840245,0.3972926,0.2139101,0.84581286,0.32447618,0.09310514,0.0465393,0.47337222,6.8514752,0.68081754,0.21583456,0.5415401,0.0033367954,0.19479157,1.1756299,0.8221525,1.0583898,0.0,0.07499839,0.102178745,1.2246399,0.5153498,0.08522191,0.20495859,0.9946053,0.21212354,3.4487162,0.1364545,0.013655393,0.1572938,0.44783643,0.05965479,0.8598534,0.006352243,0.17869689,0.0,0.318669,1.5355262,2.5507355,0.2625274,0.40204746,0.52621114,0.025660347,0.26505664,0.7989234,0.80749387,0.3025035,0.7167529,0.39205906,0.24214506,0.18784507,0.0011270478,1.0577046,1.1843141,0.060940854,0.8388499,0.25397027,0.10825188,1.0948939,0.0021728347,0.02500772,0.6375998,0.60835135,0.3061431,0.46914634,0.5224091,0.27835125,0.5963207,0.1957554,0.011047908,1.6270406,0.8285739,0.09623041,0.68553513,0.16158818,0.052629087,0.17093763,0.109939076,0.8464736,2.2109284,4.2854576,0.7983753,2.2493672,0.03505589,0.4604977,3.3188295,1.110728,1.7497061,0.10715546,1.0785469,0.12608375,0.8232371,0.013578599,1.616413,0.335781,0.007432306,3.2653627,0.26705417,0.20022646,0.63899314,0.1234101,0.7698855,0.21770912,0.35881895,0.12691599,0.0,0.13067392,0.3937594,0.58367765,0.1253047,0.0,0.0018927455,0.37932655,0.2517243,0.036513638,1.3407888,0.4624151,0.0479592,0.1846884,0.9823956,1.707233,0.41837248,0.3870925,0.6256865,1.0367441,0.5025767,0.4612563,1.1555616,0.19356826,0.74540895,0.009437241,2.8795252,1.9608955,2.0757785,0.49072015,1.3583264,0.040168855,0.7860983,0.53298974,0.4359621,0.7198475,0.19204631,0.8150288,0.28112927,0.51233375,1.8236519,0.49625817,0.398735,1.4643881,0.78190535,0.75837564,0.69304866,1.9974921,0.86954683,0.2855369,1.0117595,0.02208788,0.3244138,0.4735305,0.21571891,0.9167301,0.7597023,0.30694467,0.17020139,0.6874388,1.5649978,0.30712533,0.13025881,0.027115354,0.17669965,0.111914575,0.0,1.0192493,0.4221456,0.5988874,0.0051496513,0.33590502,2.4243891,1.6521118,0.31509808,0.0,0.1835345,0.5438754,0.18104076,1.658767,0.0682588,0.8263378,2.0609126,0.0,0.00036138998,0.037057444,0.07932362,0.7910484,0.05010828,0.21194816,0.2952123,0.13095742,3.5348897,0.6739215,0.001013361,0.20749684,0.15173545,0.016657226,1.0718173,0.8264508,0.23060574,1.2978696,0.04001238,all_pothole_images\pothole_images_enhanced_8065c1d115545514501f66c1c979734c.jpg
0.24817209,1.8544536,0.95108575,3.2919564,0.4981311,0.77340853,0.61146367,0.09616821,0.45739943,1.2622789,0.22924858,0.6909767,0.10755186,0.37358743,0.52455586,0.19548924,1.0690513,0.11689001,0.798269,0.24265756,0.28015622,2.3446813,0.48964494,2.4289584,0.5274275,0.22677442,0.35612786,0.68875945,0.20835096,0.906735,0.35351485,0.008746161,0.5370364,0.30999756,0.34141493,0.97190124,2.3384912,0.2262321,0.63093567,1.4746766,0.41413373,0.43117118,0.18197043,0.05620709,2.1386592,0.104207024,0.15881018,0.22726116,0.16307548,0.060943007,0.6661747,0.15621538,0.2526017,0.70060146,0.0,0.6673207,0.3630198,0.076205105,0.56727225,0.87859875,0.33667454,0.99506986,0.16975708,0.55576223,0.13388339,0.52359253,2.218334,0.81822294,0.4211605,0.12583455,0.2607389,0.01779394,0.27870265,0.7502088,0.44892895,2.0777557,1.0030117,0.31770393,0.22414489,1.004305,0.36241964,0.5556889,0.21619658,2.2251608,0.7561913,1.2490962,0.08000577,0.5485039,2.066939,1.4601392,0.20563717,0.37237433,0.07001372,0.82884,0.12709469,0.03554171,1.0317752,0.37035552,0.43972337,0.14539102,0.39301443,0.5051639,1.0956061,1.0847361,0.74939525,0.051783092,0.10542881,0.091476254,0.20283641,0.88574636,0.20854978,3.6103091,2.1712418,0.12134322,0.358548,0.1216068,1.74956,0.38020146,1.03263,0.8984274,0.7641449,1.6164762,0.2750593,0.48407447,0.47604105,1.1110699,0.8228115,0.32900417,0.7496554,0.013944947,0.7984619,0.31271473,0.35387078,0.483187,1.061632,1.6040771,0.012191828,0.8464532,0.4044714,0.0,0.113981724,0.8713689,0.21988253,0.24436748,0.35445684,0.064948,0.5988496,0.38957602,0.71829253,0.07412104,0.4881689,0.73931515,1.1152799,0.02510716,1.3411242,0.012620426,0.59504825,0.8201778,0.5559116,0.35424688,1.723745,0.051331688,0.053210154,1.37652,0.32258254,0.9409994,0.544602,0.061805557,1.5424403,0.3409209,0.079544194,0.0,0.50534135,0.17808026,1.264163,0.10256397,0.25430977,0.0,0.6963359,0.2026239,1.2152413,0.20522214,0.74650013,1.0163817,3.2328222,0.045408346,0.3509004,1.0134239,0.060378972,0.9532917,0.03853965,0.82775015,0.026904082,2.1306825,0.6978615,0.019378748,0.1121487,2.9754083,2.0445328,0.7604654,0.29692596,1.6095916,0.38418064,0.29765615,1.7039927,0.36516777,0.094817,0.30357513,1.9837652,1.0830476,0.19360378,0.09580912,0.99522305,2.099796,1.0529072,0.4942757,0.8068929,0.12972458,0.6805936,0.6675685,0.74707323,0.099208206,1.3623654,2.272218,1.0276518,1.0834092,0.9292479,0.3658796,1.2569112,0.047095746,0.10212167,0.39918166,0.38480508,0.21105365,0.252982,0.074323066,0.1164149,0.48472857,0.17409378,0.40506315,1.4318395,0.009981609,0.5677817,0.09907161,0.164784,0.11903357,0.35817468,0.0,1.5959448,3.829872,0.16770245,0.19592464,1.0704752,0.3228393,0.14611207,0.22729175,1.1573101,0.6178723,1.0184728,1.9772034,0.32173294,0.05690125,0.7762052,0.28963357,0.3378692,1.3005997,0.5050205,0.30698374,1.0131509,0.14706412,1.9305238,0.043830823,0.15330838,0.118682005,0.7858735,0.6905937,0.64676046,0.3324649,0.19031836,1.1236898,0.09116949,1.1202356,0.6650116,0.1576793,0.87236786,0.7508693,0.84680265,0.7110759,0.63161427,0.54404134,0.23197474,0.7467677,0.902689,0.7072068,0.19468117,0.67404526,2.4673464,1.620871,0.05167313,0.74416554,0.20175947,0.7560311,0.7789857,1.7844738,1.3120551,0.2314222,0.91446954,0.8242442,0.8605038,0.09529503,0.57814574,0.4425663,7.840929,0.63623554,0.10636915,1.4360976,0.27523082,1.544566,0.29160848,0.34315047,0.8856083,1.1126366,0.5326949,0.15318035,0.42103055,1.2156848,0.34613383,0.6652027,0.8264946,0.18278141,3.9344132,0.8302738,0.014090112,0.18719651,0.43050465,0.3406787,0.45672634,0.1109199,0.006382981,0.30513495,0.71853995,1.8371248,0.88854396,0.06434906,0.26537097,0.013049166,1.3685155,0.15538402,0.08593284,0.7582163,0.7013929,0.393134,0.65944165,0.91755956,1.0163991,0.40272638,0.6328319,0.784343,0.3704666,0.91643023,0.17405793,0.1891952,0.43134308,0.5730591,0.30911025,1.222317,0.8283481,0.37816042,1.333785,0.20005946,0.17026678,0.3852141,0.7706874,0.42260796,1.8482485,0.23355415,1.1940832,1.5283378,0.056765158,1.7395269,0.8479826,0.4721917,2.4724655,1.0464606,2.5990798,0.7473745,1.4833075,0.073877096,1.5307337,2.572096,1.1754934,1.5604036,0.7069562,0.80816233,0.24982497,0.7334756,0.7053556,0.49231967,0.73078626,0.25882295,2.373723,0.27660054,0.90909576,0.26201016,0.331793,0.0,0.86836725,0.40310216,0.38448587,0.08771382,0.38023433,0.26717323,1.9000318,0.06212367,0.0068531656,0.77119535,2.3105946,0.1825414,0.39414942,2.0058384,0.057216633,1.1339439,1.6129773,0.31418616,1.6419933,0.915486,1.0434445,1.0281627,1.8910917,0.3197527,0.7098522,0.85467947,0.5105011,0.4867549,0.7976208,3.7574325,2.235947,0.17558444,0.903564,1.5269186,0.8721589,0.47842267,0.0018753184,0.20875743,1.2645351,0.30173326,2.9099011,0.20782302,0.30200437,1.0664018,0.9552683,0.61772037,1.3659028,1.207309,1.1919918,0.8868749,2.1675217,0.08971078,0.41500247,1.5611517,0.053364784,0.8347796,0.34381956,0.48902526,1.7917979,0.82429653,0.49360052,0.20890138,0.39268258,2.4244707,1.022439,0.09577573,0.5438582,0.6487488,1.2333404,0.033747617,0.08195006,0.33257037,1.1033398,1.4233818,2.8122888,1.3103292,1.499668,0.31102362,0.0,1.1889373,1.7018738,0.01491186,2.3086417,0.17675528,1.4640462,1.7459041,0.030641852,0.12158154,0.66671556,0.0,0.6032087,0.45506504,0.059711125,0.68447083,0.19671996,5.921703,1.053369,0.7711833,0.4695748,0.38089082,0.0,1.4027452,1.0364772,1.1217079,0.8399526,0.5734988,all_pothole_images\pothole_images_enhanced_80bb72f56d5329d715b419fa65fb72f6.jpg
0.16916327,0.47456464,0.053920783,1.2224271,0.41085586,0.09300176,0.039143782,0.0045541837,0.33900458,0.34031513,0.08394212,0.0077538304,0.0,1.9482287,0.02580995,0.11006592,0.10099768,2.0325892,0.37762251,0.103903405,0.2786071,0.6464346,0.13298665,0.08432789,0.22568414,0.7374471,1.127115,1.7325349,0.054439276,0.021290489,0.18759245,0.01051033,0.107914686,0.37933272,0.30297878,0.8364937,0.7222279,0.6212468,0.88589996,0.091886155,0.0,0.26902553,0.061848737,3.511603,0.3154107,0.026439654,0.12559852,0.5068274,0.3167965,1.1166309,0.02598879,1.269302,0.43059662,0.0034881895,0.0008918274,0.3828966,2.3837895,0.29884008,0.03579544,0.2413847,0.0,0.006033199,0.21612777,0.8161873,0.6568367,0.13935743,0.14807446,0.39542568,0.016268745,0.6771833,0.08852005,0.73890007,0.04687345,0.050047714,0.09876725,0.0,0.11260195,0.18451169,0.0,0.039347813,0.104703054,0.011201121,0.9666505,2.0658753,0.06348953,0.0,0.2137089,0.08979051,0.44894007,0.11618848,0.1680259,0.1222547,0.106787086,0.029509809,0.2163303,0.011738704,0.2130682,0.7382408,0.48893496,0.012847078,0.25943422,0.6675164,0.44343978,0.10475753,0.76465404,0.12008982,0.12718429,0.06953869,0.267258,0.34811527,0.007527601,0.09062021,0.08737593,0.081950925,0.53414124,0.018426934,0.017063072,0.21013865,0.65351105,0.3099798,1.5693691,0.20928507,0.0037757237,0.43419614,0.31051892,0.10012468,0.12163173,0.40324706,0.7586337,0.009648015,0.09180245,0.19469032,0.041036826,0.027137911,0.43471348,0.044114336,0.0,0.018316923,0.2925542,0.023149848,0.24273482,0.08715847,1.7691796,0.587737,0.002443109,0.43795183,0.0713434,0.27627864,0.25888243,0.08294473,0.0082282685,0.3108827,0.0,0.51861084,0.8126005,0.078222685,0.100994594,0.16270249,0.6808787,1.2767637,0.70662475,1.5379859,0.12180974,0.82797366,0.17624956,0.029164245,2.10735,0.00274072,0.005662332,1.2984905,0.08947722,0.48368448,0.0,0.045425832,0.16074282,0.014558265,0.09516288,0.0,1.24745,0.00022220804,0.0,0.6788269,1.314242,0.0969884,0.44464996,1.1677246,0.14782219,0.048480626,0.1637419,0.8803843,0.1142015,0.4310888,0.547882,0.096308336,0.102987766,0.043674786,0.4003043,0.08705557,0.6775281,0.19123285,0.011103091,0.033830833,0.06467568,0.19892985,0.20887928,0.1287611,0.35078394,0.32661593,0.64387894,0.13029742,0.009263137,0.15395209,0.5978689,0.047741957,1.1252202,0.6592941,0.09757363,0.38493252,0.064853825,0.40521675,0.59222907,0.13586539,0.25215024,0.002870541,0.0,0.0,0.7285315,0.23811124,1.80385,0.6191094,0.007963075,0.0,0.7705087,0.05633432,0.4180803,0.011515256,1.8261485,0.041850504,0.075973265,0.13655624,0.033395853,0.2602415,0.03079413,0.4388526,0.11072989,0.002829213,0.71522707,0.59872466,0.14280614,6.11109,0.16603181,0.045839548,0.0,0.93362236,0.0,1.5882149,0.5995378,0.09447736,0.055810038,0.95368886,0.0,0.13631193,0.29362133,0.09442874,0.21997957,0.64398843,0.055292226,0.6617503,1.1253577,0.0,0.056851063,0.115151465,0.033212934,0.049404852,0.6045171,0.8379171,0.0,0.43286183,0.008883024,0.23731399,3.9711926,0.29212236,0.72988003,0.0,0.000918123,0.66542363,0.11925969,0.0,0.9163155,0.27761805,0.006108886,0.0,0.0023040613,0.1325582,0.17897317,0.60555625,0.006599707,0.43265218,0.29689443,2.722502,0.47957864,0.63028896,0.0,0.07712617,8.294755,0.10286554,0.012636603,0.0,0.0,0.5994992,0.14948747,0.14817606,0.7244308,1.1909755,1.2640284,0.33853483,0.11672691,1.3347123,4.254615,0.44850704,0.55412334,0.0024178594,0.3096207,0.30497867,0.39870352,0.16265786,1.0792823,0.0,0.7678111,0.026021082,1.4016513,0.096579626,0.3577792,0.0,0.21845599,0.0,2.2223928,0.23054145,0.006839679,0.19632137,0.14518632,0.01734194,0.7225843,1.0265408,0.14713661,0.72605085,0.020022873,0.5832802,0.16894768,0.10782789,0.39232245,0.3853315,0.188536,0.2594301,0.12656543,0.16722079,0.0014346163,0.28639948,0.02007712,0.36806214,0.03679853,0.43945768,1.2696304,0.072010845,0.05881046,0.11625918,0.087472595,0.07109675,0.28044206,0.26359642,0.28211498,0.052783616,0.6872943,0.055094182,0.1776349,0.3278891,0.31391972,0.050865542,0.018160474,0.08629145,0.41366577,0.017885072,0.025105584,0.55062014,1.3717324,0.028169803,0.90692073,0.027870504,0.0031261244,0.0,0.8782554,0.5071959,1.1832266,0.57552385,0.3775493,0.008633045,0.0931305,0.5715666,0.19271897,0.3767824,0.09007328,1.5304363,0.25487092,0.12963055,0.086358674,0.03433093,0.3881672,1.1017512,0.7926707,0.12713829,0.10878471,0.7212641,0.07271858,0.21905823,0.013537866,0.19923204,0.21910377,0.31461012,0.9770035,0.08631589,0.5802711,0.22842127,0.2432391,1.4544796,0.8651471,0.52918226,0.37685907,0.0,0.08268868,0.28622353,0.38502306,0.14411102,0.14094612,0.5763129,0.4613209,0.20819552,0.035880137,0.04011816,0.02526429,0.124372244,0.07006038,0.25932106,0.1542724,0.0003674784,0.14242303,0.041004423,0.30589974,0.10469084,0.68067634,0.98753417,4.242349,0.1253274,0.37410396,0.10087366,0.23215315,0.1531254,0.0038502507,0.18852915,0.0,0.24663648,3.6660626,0.008187554,1.7961925,0.0,0.15812662,0.0,0.047729112,0.0,0.024534281,0.1265641,0.5614091,0.999764,0.0015449496,0.12723267,0.38601992,0.3845258,0.16513184,0.30635384,0.5058034,0.0,0.062365346,0.211747,0.40408224,0.35124034,0.36639407,0.070085764,0.03226666,0.13456096,0.47982943,0.090869285,0.008022725,0.38695487,0.70460695,0.55695707,0.002487081,0.009056287,0.27179524,0.7742087,0.39910764,0.29411092,0.12799561,2.861379,0.16633351,0.25868067,0.14262511,1.9846117,1.5097402,0.02156401,0.01816028,0.17680384,0.0739388,0.01923812,all_pothole_images\pothole_images_enhanced_80e33f74551c265785a42013e79b1e37.jpg
0.8106281,3.2583418,1.238883,1.1551075,0.5020654,1.0569808,0.15665905,0.31138933,0.7737934,0.37449983,0.41898072,0.31342238,0.30772007,0.38624853,0.061322317,0.78617644,0.20057148,0.2249271,0.036403757,0.11756996,0.15045114,1.4899491,0.34095386,1.6467036,0.17711571,1.1292559,0.19170699,2.1511388,0.32025254,0.77129316,0.68068475,0.27700183,0.73482263,0.071247905,0.5140506,1.423719,0.30185217,0.45926985,0.7170382,0.13500494,0.22553456,0.5191094,0.20551288,0.42392826,1.7264414,0.55894494,0.22525795,0.20916475,0.7298579,1.0181327,0.035337016,0.12955427,0.369677,0.07102783,0.26090017,1.092415,2.9767838,0.09875912,1.7445841,0.7332983,0.42331493,0.011653006,1.1644495,1.0489646,0.100426294,0.45063445,0.23834436,0.22358182,1.2865673,0.76088077,0.5682611,1.1591477,0.6245806,0.2054812,1.2927601,0.48362172,0.68193924,0.4504044,0.4859819,1.1465958,0.84296024,0.048310883,0.1210072,2.0458908,0.6280447,0.05837468,0.79780143,0.26517975,4.806308,0.5237888,0.31784013,0.39072588,0.23617403,0.58782417,0.33135176,0.06882112,0.2588571,1.0455953,0.43024027,0.6446519,0.0011654767,1.6376112,0.117898434,0.84376585,0.35816178,0.24129881,0.21218112,0.8918567,0.2573469,0.3131416,1.086802,0.5134417,0.27033252,0.5695068,0.33485773,1.1801668,1.2285731,0.38062838,1.0194999,0.32371885,1.0515443,0.4028176,0.95650995,0.8261417,0.0179537,1.1028017,0.15933615,0.7489619,1.1177521,0.31449813,0.4069817,0.21134715,0.26001534,0.08540844,0.31081858,0.02464218,0.10943245,0.61411655,1.7788646,0.4399156,0.5875952,0.8286832,0.20279421,0.83523065,0.36173457,1.0580276,0.2853092,0.10393446,0.5725026,2.2345166,0.32594857,0.8043851,0.050298754,0.17143281,1.0901389,0.5608033,0.16405378,0.71858364,0.98646396,0.6289366,0.45696762,0.9261012,0.18605849,1.8035464,0.10128247,0.28495973,1.3079575,0.27684417,1.1465055,0.00012677608,1.0714773,0.4768288,0.7815379,0.28618607,1.234484,0.0037119656,1.52571,0.08260301,0.17609672,0.38666216,0.029108152,1.5147321,3.3885102,0.6585036,2.4621265,0.28412256,0.9308948,0.21319272,0.81734467,1.164758,0.65657914,1.0820293,0.37121174,1.9640384,0.15515345,0.12987155,0.104858875,0.02480103,0.010483608,0.545862,0.2305487,0.5023604,0.22623752,0.6048834,1.3830066,1.4570708,0.104773074,0.4149328,0.75552475,0.029646449,0.7957231,0.51412195,1.4429293,0.6210777,1.0062847,1.0790366,0.4117198,0.12499428,1.6509297,0.22595686,1.0373622,0.18156455,0.0086084185,1.4189,0.0,0.2033633,1.4418691,0.14391997,0.761122,0.33268687,0.60263,0.5471888,0.2142283,0.06395114,0.54277277,0.17432705,2.6420343,0.21912917,0.066687934,0.01713915,0.53525996,0.012689616,0.5071569,0.010389117,0.2651608,0.2300693,0.9002783,0.10290004,0.38170928,3.1051393,0.44024953,0.0010179139,0.18548636,0.5033073,0.07382585,0.16493133,1.5900447,0.4390786,1.3723531,1.1943982,0.037458055,0.39678198,0.45916933,0.09061362,0.3879669,0.8168226,0.0004194228,0.30839872,0.13395874,1.1194415,0.8642744,0.0,0.027833804,0.86437917,0.51951903,1.6783388,0.46685657,0.7473626,0.11160477,0.7688388,0.27095085,0.02869352,0.0411524,0.9119526,0.63080114,0.20620409,0.31655672,0.75328505,1.101668,0.62083215,0.1606782,0.5236196,0.0,1.6318625,1.0277897,0.3003098,0.43170828,0.6202069,0.8586787,1.4540542,0.020474076,0.50686795,0.038481243,0.7963168,5.9702687,0.723974,0.0,1.756617,0.5123473,0.42691517,0.08248024,0.71415055,3.693505,0.7226407,0.07211789,0.23199432,0.9460365,0.7601917,1.1288273,0.45157084,0.09122379,0.96459556,0.020811329,0.22683643,0.6918187,1.5294154,1.5559825,0.77847785,1.2036716,1.2940035,2.8134384,0.33702996,0.13181087,0.8394593,0.15736827,0.041957464,0.60848844,0.16731346,0.451822,0.55396444,0.7067877,0.22142604,0.80684537,0.07719603,1.5375223,0.35071766,0.027176429,0.0,1.1473194,0.73013866,0.018929727,0.4552521,0.12343815,0.34992614,0.27619368,0.19578052,1.0591071,0.5641882,0.64628196,0.37257594,0.16413443,0.09817382,0.56892735,0.5940073,0.07222968,0.42324352,0.83948034,1.0664327,0.19322261,0.20194302,0.7336421,0.78102,0.7054688,0.1269746,1.1012275,1.5602896,0.22562657,0.10966427,0.2590692,0.14464158,0.009519637,0.24408908,0.411385,0.80268544,3.7149458,0.6729491,1.5222778,0.11485071,0.2449996,1.2482193,1.1647351,1.0957525,0.21309894,0.12742457,0.18225521,0.84084666,0.58398134,0.83304775,0.06972114,0.23811723,1.2896048,1.3787991,0.41562435,0.80376726,0.106947295,0.0020268245,0.2628454,1.1184286,0.18136781,0.62001634,0.24188331,0.9369243,0.8436469,0.26399386,0.0,0.56239885,0.25531656,0.58742625,0.087351866,0.021707272,0.7399745,0.68539274,0.6411457,2.0387657,1.0687975,0.77459615,0.6113903,0.8546835,0.30087546,0.34099963,1.0597906,0.13506126,0.3860221,0.52367336,0.89247566,4.297525,1.0891027,0.6257959,0.059195586,0.38357353,0.53642786,0.4805714,0.081255496,0.40559113,0.00051474327,0.2758807,1.4124092,0.99080664,0.7672122,0.36701435,0.97800636,0.9379375,1.0038748,0.3896337,0.22967365,0.6780058,1.9529618,0.3333599,0.0,1.0706285,1.8444729,0.02169322,0.9021167,1.1142638,1.0617198,1.4779538,0.23134919,0.023251723,1.0540094,0.9532346,2.1049695,0.5801348,0.51259,0.33288884,0.25319576,0.5103751,0.11493391,0.47019085,0.5074361,0.25884578,1.3858603,3.4503386,0.24146596,0.21548386,0.0018213611,0.06776343,1.2537519,0.31663367,0.087114446,0.057929106,0.488338,1.5198816,0.29110616,0.069672145,0.21266612,0.14836821,0.18847957,0.1641456,0.04548892,0.037841618,0.012373424,3.140557,0.06844434,0.7814438,0.24109243,0.2719262,0.19169301,0.6473007,0.5182054,0.23716502,0.73090595,0.9101724,all_pothole_images\pothole_images_enhanced_80ec5cdc73278f680030f5d76e978db5.jpg
0.082352646,0.86363655,0.5801946,1.7288201,0.37408143,0.5292455,0.7565559,0.31835082,0.35351548,0.6247299,0.22352792,0.09701876,0.15316698,0.4848878,0.093739346,0.15915725,0.09744851,0.048745874,0.5722923,0.0,0.83790463,1.9910651,1.060662,0.22926013,1.096405,0.10689422,0.04472146,2.2274191,0.09981944,0.09552881,0.5623867,0.1807999,0.41929173,0.0814669,0.17216682,0.5740353,0.3866242,0.7616309,0.07688663,1.5367464,0.067794174,0.04425671,0.06751694,0.12617356,0.9916331,0.0440624,0.06852164,0.21015175,0.16379511,0.7803503,0.20267095,0.17034203,0.028201805,0.48089308,0.08080453,0.34152743,1.3049197,0.11362774,0.35935274,0.048098817,0.16683216,0.18722086,0.4559964,0.10337766,0.2308515,2.158534,0.76571196,0.10271117,0.37014148,0.013785696,0.20228586,0.123309456,0.4482271,0.007042709,0.30875435,0.9496321,0.22155653,0.31063762,0.0,0.22445258,0.012347288,0.40949902,0.17659721,2.7965727,0.3766305,0.5053997,0.15453824,0.28724223,1.6092974,0.37858537,0.00053814857,0.13323501,0.113412194,0.35368308,0.17384817,0.24172236,0.09189861,0.27660942,0.78344554,0.17801473,0.28688797,2.045901,0.39712438,0.0,0.18823226,0.08487432,0.15792198,0.14550419,0.03840373,0.44471842,0.027354075,2.8695395,0.043382667,0.2685923,0.38019422,0.06445985,1.504028,0.29376388,2.7408915,0.55679977,1.4239559,0.20805822,0.068950176,0.6936889,0.37337187,1.2309189,0.008553016,0.2752676,0.19765233,0.17847578,0.5775801,0.048101448,0.1391816,0.07867061,0.12501773,0.544449,0.21635707,0.60071456,0.72018385,0.10427941,0.2783639,0.4006484,0.12134412,0.87069994,0.001257231,0.28474227,0.078233436,0.001585919,0.08852397,0.30472937,0.26502335,0.025648555,0.11709309,0.3675549,1.8318369,0.31810325,0.53015214,0.0918522,0.10182508,0.46003494,0.9145644,0.22454098,0.14079694,1.7720405,0.0,0.13762435,1.7510883,0.29981855,2.5163136,1.3349912,0.0,0.0,0.03687964,0.020232912,0.4541719,0.035368573,0.0085275285,0.052242998,0.05297029,0.048241835,0.048000995,2.657631,1.4789723,0.34697267,0.81485826,1.0806993,0.15891632,0.13976294,0.5772966,0.82072276,0.3618917,0.097400315,0.035102747,0.7224412,0.31587517,0.05567205,0.52936834,0.39534342,0.3392367,0.27586055,0.28226882,0.18101132,0.0028994284,0.7065608,1.2087059,0.20492464,0.50913286,0.69160295,1.265944,0.33123565,0.0033373192,0.060693495,0.66692454,1.3234729,0.5081454,1.5365433,0.09808594,0.032413643,0.42209616,0.34322426,0.08476026,0.52118236,0.14707527,1.3408376,0.10960863,0.12612566,1.2514411,0.052671038,2.089306,0.4178454,0.11666187,0.0023171804,0.24025625,0.1515471,0.763588,0.16014984,0.61973906,0.13343982,0.12644143,0.17981067,0.59025943,0.29715702,0.20196982,0.037324324,0.014072438,0.007820319,0.8960476,0.1394972,0.01981198,3.9809763,1.9553936,0.11504307,0.4834291,0.23197663,0.09283308,0.28313956,0.56823105,0.23291336,0.40316886,1.5949463,0.44444925,0.5648147,0.4255197,0.7247477,0.23712759,0.65086985,0.2519546,0.18615317,0.9122139,0.16090125,0.117631786,0.058580462,0.24587226,0.0,0.9059915,0.33610293,0.064419776,0.17157713,1.0532365,0.36620003,0.92629546,0.20732877,0.21153462,0.67657214,0.6090867,0.5176153,0.9060977,0.56555116,0.6613338,0.44372448,0.0013602234,0.29258236,0.0,0.76588136,0.22899142,0.31903467,0.2119304,1.1485542,0.59304905,1.5847068,0.59308034,0.3284705,0.16289972,0.26888943,4.1710234,0.05907882,0.28623447,0.23133248,0.33257642,0.37940496,0.37180063,0.1453957,3.377481,2.3585162,0.35291559,0.3394353,0.14553168,0.56907004,1.899675,0.6255175,0.15133794,0.01589252,0.4673729,0.5888675,0.94536805,0.6386245,0.67563397,0.02570027,0.37907365,0.023489693,2.9421804,0.4527802,0.08981623,0.022755165,0.2292206,0.1253793,0.39879102,0.029920325,0.027145786,0.14570497,0.28467458,0.5776602,3.3913748,0.057926103,0.6029175,0.62444645,0.21188323,0.36268094,0.5513923,0.41325065,0.45615596,0.5109159,0.6172067,0.6494032,0.0,0.10014684,0.032707658,1.9429601,0.37818035,0.6549897,0.0090068,0.045725763,0.0633734,0.039067164,0.19663702,0.16812919,0.8906664,0.22439684,0.2535676,0.025191803,0.46596098,0.0,1.2400398,0.007360705,0.52227193,0.14146699,0.0070061903,0.1197514,0.4996004,0.0,0.2064459,0.008836922,0.3350065,0.45401344,2.728112,1.7086954,1.4084262,0.043041013,0.4076373,0.98968434,1.185661,1.0076947,0.070126034,0.77090156,0.0,0.10026654,0.13609113,0.41164234,0.0,0.69727755,2.0744848,0.0,0.25259814,0.21854232,1.0693806,0.13248093,0.7449024,1.1574447,0.5892874,0.003931136,0.26475978,0.20094326,0.028076498,0.014442655,0.07806934,0.029809484,0.1175392,0.20730364,0.17272544,0.06937087,0.95950097,0.022921547,0.34401986,0.8066676,0.90475935,0.17321609,0.010347682,0.46924555,0.7190654,0.31957397,0.91663694,0.08824674,0.105634026,0.03392268,1.3911052,3.088075,0.7238857,1.012782,0.4611916,0.22138116,0.3299574,0.08724454,0.05776385,0.12529626,0.48568076,0.009967542,1.2417053,0.35396922,0.01841494,0.77093583,0.75402653,0.1632566,1.099037,0.35058156,1.4858913,0.49432543,0.4002426,0.40670323,0.937074,0.98369765,0.29678398,0.16226079,0.49103662,0.020821182,0.038445614,0.66502535,0.049602374,0.03558807,0.014038295,0.4115831,0.75068307,0.688805,0.26339054,0.4547927,0.48633984,0.010463578,0.08607445,0.5657987,0.3623989,0.14297558,0.5402326,1.68428,0.57317364,0.11691259,0.2322072,0.16050176,0.47658044,0.5908087,1.5864801,0.06624179,0.7324885,1.7961961,0.0034178197,0.122119024,0.13141672,0.003010417,0.32752407,0.3119233,0.0,0.26127476,0.12910543,4.958376,1.1303871,0.34804478,0.0042415396,1.0919957,0.004675712,0.03276927,0.36313543,0.2889172,0.037233647,0.14794263,all_pothole_images\pothole_images_enhanced_810868ffd8e423d5ea092362c72c8894.jpg
1.7335787,0.8152556,0.08849568,1.3856565,0.5076034,0.10257645,0.7373675,0.011336523,0.31386834,0.37786496,0.36206388,0.11951602,0.1197415,0.960526,0.28661433,0.39430887,0.15657979,0.15944088,0.74428666,0.27490044,0.7888275,2.7520995,0.53555834,0.7184492,1.0183781,0.17090006,0.19727905,2.2227383,0.12562685,0.7051796,0.6607948,0.26680914,0.620565,1.1872121,0.25826874,0.4914405,0.4293415,0.70338017,0.44074896,0.31377748,0.018197535,0.0,0.14170063,0.6911064,0.87159175,0.3559002,0.08903867,0.019953834,0.57166743,1.2869166,1.2086241,0.22120619,1.4251381,0.28779784,0.2927963,0.7587596,1.9700528,0.0042425618,0.40045565,0.16775079,0.07709913,0.53096896,0.3333955,0.03524138,0.2693319,1.3232793,0.1758062,0.06491745,0.031185042,0.5778645,0.0,0.24575701,0.43544298,0.39838487,0.5290362,0.13200478,0.25301117,0.77270406,0.0043582954,0.23743677,0.16971919,0.37948063,0.35044435,3.0843222,0.13488927,0.2732129,0.042368393,0.5430426,1.8076261,0.040613644,0.3081061,0.026767012,0.08416666,0.12977864,0.5782832,0.21885067,0.8602625,1.120341,0.042927776,0.041365292,0.027320297,1.4422224,0.40938926,0.0059219147,0.24589981,0.26776472,0.2839513,0.4719962,0.0,0.48407397,0.117664,2.8345878,0.9440094,0.2546041,0.40352902,0.24976426,2.217874,0.099200696,1.8309791,0.5077896,2.7092931,0.8987183,0.020338448,1.7072095,0.43312484,1.8641161,0.56340367,0.4490961,0.4435182,0.099444464,0.16105334,0.0,0.061456494,0.24135488,0.43563634,0.32794034,0.016356675,1.3165013,0.05955693,0.057830375,0.38212943,0.11136835,0.22219914,0.3387418,0.2353196,0.35642156,0.29878598,0.3591225,0.6731585,0.01461809,0.7115186,1.091582,0.026990911,0.1428658,1.4100597,0.41209143,0.86149627,0.4259888,0.8969719,0.71542645,1.1106974,0.6142502,0.016132958,3.6442316,0.09957263,1.3100612,1.2887077,0.23229861,1.0757537,1.3094485,0.006405706,0.0887264,0.029746534,0.20633152,0.8080379,0.12026679,0.5510194,0.08246488,0.010188503,0.020811472,0.00097584276,2.339447,1.6368878,1.5655013,2.0449975,0.055808183,0.2912539,1.3909307,0.26857555,0.91486,0.15783271,0.1738603,0.008032238,1.4046569,0.005623967,0.3214531,0.4930025,0.9268919,0.34891433,0.67088526,0.3018606,1.7020164,1.4141643,0.22120285,0.8680952,0.5921362,0.6575306,0.4978403,0.9363416,0.55073357,0.0,0.05117979,0.35466138,0.26085672,0.8291948,0.8541716,0.5761747,0.12923205,0.22083126,0.32683328,0.118890256,0.23252325,0.43045032,1.1895086,0.017643947,0.51875615,2.363026,0.08246493,0.8211466,0.06360049,0.315412,0.2771685,0.16241372,0.10891827,0.62757236,0.084731765,1.303953,0.010077751,0.0099371,0.108227536,0.31044075,0.11473672,0.29204535,1.0727743,0.0032857526,0.00016345897,0.17163098,0.13512577,1.2214001,3.8730545,2.279262,0.69538164,0.4443168,0.16973694,0.33093148,0.042252734,1.2194941,0.1830279,0.34644717,1.589966,0.1738889,0.103827335,0.062147144,0.54038376,0.6963353,0.9484541,0.11176825,1.3508124,0.7850695,0.06539869,0.037756767,0.056565594,0.120898195,0.24638185,0.86531866,1.7359946,0.08212698,0.48543617,0.42314354,0.5310289,0.53670204,0.3568798,0.61745995,0.96532226,1.3933258,0.25685883,0.56262743,0.5281635,0.18097734,0.19799279,0.46914297,0.043504372,0.27086198,1.1640342,0.0005151339,0.07447553,0.47315782,0.30780387,0.38718608,1.6951058,0.16535425,0.82343256,0.57898736,0.41763678,4.7567277,0.17607485,0.0035146826,0.28878248,0.10665427,0.6984756,0.47441304,0.58290887,4.47614,1.8544903,0.016896728,0.5130691,0.003441183,1.6079055,3.1753464,0.0074624815,0.63574255,0.0,0.20689653,0.271455,0.7862432,0.35112688,0.89836144,0.045888297,0.5719072,0.00075021747,1.9915339,0.5638919,0.16567923,0.030950096,0.11099917,0.1693777,1.1049776,0.7155467,0.1482006,0.72622156,0.6932884,0.3823452,1.2131741,0.14255229,0.16443412,1.1140087,0.4769729,0.07415063,0.09086748,0.98909503,0.40554506,0.82346857,0.36445966,0.70217866,0.120554276,0.44004223,0.2446939,1.2304589,0.19420545,1.0973803,0.030871507,0.27706742,0.684707,0.46625856,0.4694406,0.19691423,2.3253007,0.5995668,0.38950744,0.04830273,1.1194592,0.19787976,0.65731966,0.2275429,0.6678781,0.52939504,0.40069774,0.29978305,0.28256875,0.4415361,0.18653364,0.059064455,0.8458199,0.5783797,3.2496686,0.5420807,2.2905614,0.28520948,0.032686748,1.6959534,1.4311421,1.6160161,0.23271665,0.40589488,0.0,0.12435993,0.7797817,0.12094475,0.16292301,0.53943205,1.7409674,0.7626703,0.496622,1.1443481,0.0065805684,0.24572763,0.5190787,0.12440448,0.45196196,0.42411703,0.35823715,0.13474339,0.23372194,0.35193175,0.18321641,0.0014672058,0.91485655,0.035329424,1.0487509,0.49111158,1.4736495,0.33982027,0.9767053,1.3059582,1.390844,0.29520732,0.1727588,0.41654038,0.34889582,0.38055775,1.1660333,0.3470504,1.2354146,0.1335333,0.6297391,3.149802,1.0014504,0.12526146,0.13629335,0.9489647,0.18997294,0.15652345,0.13853951,0.2990189,0.028610213,0.028768208,1.1210936,0.1760698,0.309243,0.25371382,1.8726579,0.40716338,0.3325882,0.28113773,1.8330919,0.9073584,0.64033616,0.31648603,0.71955884,2.3741379,1.139962,0.21082123,1.2597209,0.26598382,0.83288836,1.4993597,0.35166118,0.16955522,0.7101364,1.1715642,0.6188309,0.7708876,0.002801962,0.0790936,1.020481,0.39289007,0.07510223,0.8734998,0.06529901,0.24785729,0.14825329,4.5005956,1.062604,0.5265764,0.15321611,0.5166422,0.53650916,0.6486609,0.34038657,0.177571,0.11106041,0.5819092,0.16472779,0.2866354,0.05779372,0.015825909,0.1675394,0.5158662,0.77952963,0.20287064,1.0777109,4.934714,1.1408539,0.42764726,0.7103925,0.8795772,0.30396473,0.5652056,0.45224553,0.7023025,0.920928,0.2872586,all_pothole_images\pothole_images_enhanced_812ad36e68d772984106fc6de54769e2.jpg
1.5494957,0.3415131,0.40405273,1.5006747,1.4087636,1.2833008,0.0,0.39511862,0.31789616,1.0462521,0.46396208,1.7795641,0.9072899,0.8090281,0.68008626,0.05465539,0.75188047,0.058669694,0.58139735,2.56008,1.3295064,0.8205289,1.226843,2.0647845,0.7913916,0.5886411,1.48139,1.561575,0.18507773,0.3634832,0.3967816,0.5578131,2.2690408,1.3048393,0.5254562,0.3212198,0.8972783,0.79229456,0.6338051,2.0001013,0.2457626,2.1657565,0.58901006,0.04103318,0.89111817,1.5425813,1.162459,1.7317283,0.2871019,0.72259957,1.595748,1.1184361,0.8422593,1.232229,0.84849614,0.31292063,0.15102032,0.32463363,0.7123312,0.46799576,1.1956323,1.1667266,2.0145066,0.41611806,0.7027609,1.2427928,0.7479136,0.87693596,1.062845,0.3059576,1.6157893,0.10094741,1.0646006,2.3439476,0.53256816,2.6146,0.73678637,0.936023,0.1905454,0.3799492,0.1810975,0.5223995,0.3273776,0.39826894,0.66550297,1.0748787,0.8988277,0.49218833,1.4662157,0.7646671,0.22081102,1.5842948,2.53406,0.09722038,0.65060705,0.88057476,0.5163317,1.3662083,1.028747,1.5030167,0.027066806,3.6266277,1.0574615,0.26276544,0.07499987,0.25201002,0.17257881,1.2283126,0.46539187,0.30966955,1.548562,1.9011943,2.522597,0.38450858,0.727531,0.4365295,2.0610478,0.0124473935,0.54231566,1.3139628,1.6550269,0.2804225,1.231281,6.253708,0.9114258,0.41725007,0.38420707,0.64198095,0.96029925,1.6119889,1.9143834,0.19495684,0.54493695,1.6781448,0.54651093,2.5511732,0.041318823,1.252567,0.41558906,1.4826083,1.9610053,0.46111622,0.0018295076,0.338823,1.6914805,1.9086939,0.50091124,2.4676924,0.0,0.5682537,2.8889983,1.3688691,0.22318697,0.45841426,0.57819796,0.07800771,0.97424406,0.09274862,0.68372977,1.175439,1.8418299,0.50694156,0.20712303,0.24116738,0.1281124,0.40828502,1.06243,0.9335922,1.2503487,0.7718985,1.5734603,0.2374451,0.77230585,0.39170763,1.1320022,1.5156047,0.902145,0.43806008,0.555338,0.60407954,0.81055427,0.22981425,0.94888365,2.9421828,1.9954259,0.14449541,1.0303595,0.617778,2.0623183,0.20362784,0.7053902,0.8423387,0.051068835,1.4738714,0.72577554,0.8249472,0.25046974,0.12090656,2.372954,2.0091765,0.97283375,2.7567265,0.33693522,1.0682716,0.11348511,0.9547502,0.06293304,0.4785646,0.9034923,0.55055696,1.1080093,0.45630333,0.0837472,1.6853613,1.1643536,0.1964097,1.3508098,0.19980781,3.2487297,0.5871438,0.14951509,0.40520608,0.3687962,0.74463093,0.23408702,0.72878593,0.66889685,1.3717761,1.3853515,1.0088444,0.37114257,1.7695013,0.41910717,2.127774,0.5522794,0.17245597,0.02980605,1.5264773,1.6317703,0.8343719,0.66620463,0.1704246,0.20904969,0.56862974,0.03989296,0.54215395,0.48453122,1.7023388,0.9806044,1.086973,1.1965302,0.35285053,1.1000638,1.7172207,1.7712468,1.919765,0.22105236,0.27123794,1.0922662,3.0450432,2.3415833,0.60618824,1.5556844,0.40413308,0.50968677,0.6644387,0.3111381,1.1410934,0.6222954,0.8305924,0.0757153,0.5005166,0.63089746,2.2050793,0.32012877,0.53033143,1.4688313,0.7299571,1.1678505,0.23182611,0.66712344,0.74443394,0.64336485,0.78099746,2.247165,0.014449691,2.1293075,0.72972155,0.5479927,0.07554108,1.4315634,1.7499125,0.48902354,1.3794576,0.0046225237,1.6997453,0.6340144,0.059881836,0.37089542,0.40322438,0.43920556,0.0053806803,0.6836097,0.29592532,0.4029527,2.4954772,0.17186336,0.20475982,0.85091287,1.802096,0.80818594,1.0645846,0.9640903,2.0503223,0.32354382,0.3555235,0.9200892,2.0540671,0.11283413,0.8710193,1.5532314,0.28516772,0.52011496,0.70960444,3.3316045,0.7393487,1.4379694,1.0046098,1.3717719,0.07851872,0.12719904,1.0994338,0.4978689,0.017712211,0.029965498,3.030489,0.13799617,2.1843014,0.12145981,0.7305496,1.6987869,0.419059,1.0039775,0.034847707,1.2846664,1.7727829,0.6333144,0.0018425207,0.5202253,0.65490144,0.7509344,3.4218295,0.4014181,1.1866548,1.3060467,1.6305661,0.7387655,0.39277446,0.92099875,0.46960708,1.628824,0.77625084,1.2856338,1.3440965,0.2007758,0.17302404,0.08679846,2.7343593,0.6498189,1.3202248,0.4026515,0.4470795,0.5324934,0.3568843,1.6731751,1.0525876,1.3229703,0.9639067,1.1156144,1.3285695,0.21448234,0.93058765,1.4537325,0.16651118,2.0358045,1.709123,2.771667,1.0307953,0.5740807,2.1454697,1.0953968,0.11513303,0.7507578,1.4550542,0.25438273,0.0801718,0.28079692,0.25629517,0.96363425,0.706514,0.061412927,1.9522867,0.3483527,1.8937721,0.79082674,0.12570657,2.1062417,0.6846289,0.8664602,0.030734971,1.8270787,0.40491527,1.483171,0.16086425,0.3728538,1.0390722,0.96871567,1.4357737,0.15739095,2.7670472,1.6455162,0.8763121,3.9684503,0.67904574,1.9775957,0.5769319,3.065662,1.7953545,1.8106054,1.3481098,0.33690277,0.49711624,0.27723363,1.2348571,0.40757197,2.0081704,1.21672,0.84882945,1.3469344,0.0,0.629945,0.80586255,0.95218706,0.60269547,0.32259485,1.4730415,3.504009,2.0207121,0.9334817,3.3551424,0.27601445,0.7927845,0.19695091,0.7200266,0.32412374,0.1172767,1.2655392,1.9093279,0.8155388,0.2964488,1.2145637,1.0946329,2.6325173,0.5711466,0.5976058,1.6189728,0.113714576,0.025100922,1.2655978,2.188081,0.75592065,0.009167867,1.9027803,0.883284,1.8735563,0.5920045,0.6370084,0.6472388,0.72284067,1.3462133,0.974008,0.11533668,0.93432665,0.098959334,1.5888276,0.2822314,1.5653559,0.73735046,0.26743308,0.92268246,0.0,2.2101197,0.47015816,0.16988069,0.093919665,0.0,0.90542436,0.527446,0.2607831,0.8250298,0.17572695,2.917687,0.6387409,1.7737596,3.8963025,0.17741047,0.26576692,2.1630635,0.27101657,2.5004308,0.49670193,1.6320928,all_pothole_images\pothole_images_enhanced_816e19b11188ef1f1b3c47b233141a04.jpg
0.0062631215,1.3534228,1.1706331,1.1131474,2.1115215,0.15069532,0.96522164,0.32500583,0.021886464,2.3234937,0.38011467,0.68487155,0.13205636,1.8774283,0.001518018,0.41663265,0.022358889,1.5595977,1.1157458,2.4139357,0.028377939,0.96144,1.6374574,4.200019,0.34493384,0.69977796,0.89562136,0.6005983,0.056843664,0.8169261,0.093725845,0.7732926,2.2196558,1.2697003,1.0410613,0.27292168,0.096251786,0.14893344,0.48534867,0.34720153,0.06978975,0.58318645,0.5833896,0.4795473,0.9209076,0.27227876,0.2683329,0.0,1.1501821,0.48901662,1.1971697,1.303708,1.2641171,0.040845122,0.10499674,0.29060712,2.3077645,0.25362894,1.9742148,0.2728326,0.40003178,0.17467614,0.51261246,0.4308117,1.4702195,2.0826795,0.17164262,0.7698764,2.2988865,0.02352435,0.0010577405,1.1448208,0.39136583,0.0,0.65569365,1.1448338,0.044985913,0.48288772,0.01041361,0.13466129,0.0066672326,0.96261704,0.38230926,0.87652737,0.75329167,0.840029,0.465529,0.08442345,1.880261,0.19594684,0.8070866,0.57372993,0.07715152,1.2125173,0.19751652,0.005175641,1.7138333,0.71184194,0.105762765,0.5401802,0.083957575,1.4600931,0.5309518,0.22952664,1.0013816,1.7109375,1.2516743,0.8034378,0.7535632,0.6349534,0.34481755,1.8983771,0.45489034,0.67669076,0.056311753,0.9493859,0.65642655,1.5277935,0.33572182,1.1022112,0.38601777,2.938383,1.2918487,0.9593847,3.1054885,0.43254662,0.07816922,0.31617606,1.2496878,0.14332382,1.7619588,0.015080859,0.1989226,0.494081,0.2732414,0.8240655,0.0,0.06437616,1.3448368,0.083572075,0.91501427,4.3121753,0.6888139,0.9923664,0.41532606,0.13579977,0.6173491,0.9385994,0.32364467,2.1060474,0.4051902,0.105852045,0.059516225,0.15764992,3.1393383,0.27125326,1.2760352,0.5854009,0.01639448,0.2586904,1.592244,1.0330831,0.6863052,6.715013,0.7970286,0.0,1.0476002,0.104678296,0.8541568,0.35009307,0.66719306,0.048464924,0.022817263,0.2218269,1.8319204,0.20133547,0.6595818,0.0,0.40422344,0.07259637,0.21957989,3.5071018,2.313103,2.3220255,2.3626854,0.33993828,0.26683518,0.114820324,0.15420535,1.1624283,1.3809562,4.117493,0.13484137,2.5240688,0.70444477,0.9225449,1.27975,1.4074321,0.202038,1.1297762,0.4777486,0.75909734,1.1055285,0.003904362,1.1036918,0.44647402,1.2452812,0.7293432,1.2712654,1.0271622,0.003094529,0.16162103,0.7118544,0.82818896,1.4889327,0.22801831,0.37899366,0.46182466,0.16624026,1.1987823,0.5054413,0.13140766,0.1686745,1.5825166,0.05561057,0.2932621,0.45315817,0.23599313,0.13248456,0.081269234,0.096648626,0.76841784,0.656848,0.34533706,2.865441,0.081080675,0.30534616,0.05692033,0.110468686,1.184415,0.2347226,0.71439594,0.70563644,0.6492603,0.20337509,0.7243641,3.1311817,0.17018797,1.1931821,3.090674,1.16141,0.12091794,0.13215725,0.028474357,0.17963809,0.8901935,0.42581946,0.41923,1.3898638,1.2930866,0.12742172,0.7177616,0.089036554,0.6658118,0.08908098,0.7597555,1.7947938,0.9880801,1.6391975,0.015481275,0.94808406,0.00050603226,0.21670972,1.0546569,0.6269242,1.0127103,0.42794752,1.3506149,0.5575767,0.6164818,0.38160428,0.28975767,1.3205293,0.20435412,0.88541377,1.880435,0.049845114,0.7963828,0.9386307,0.072732784,0.18341663,0.7761582,0.25923347,0.99183,1.2119242,0.7693088,1.0286237,0.768517,0.406692,1.0176427,1.0548143,0.12809259,0.03393378,0.8243324,2.328327,0.13860717,0.009921798,0.40310696,0.92888516,1.3323009,0.6790007,1.5982021,2.1260161,0.3785313,0.9450905,0.11340222,0.008581488,0.54339266,1.1727915,1.1110296,0.73402536,2.5778477,0.12626193,0.1774479,1.5821494,1.3012295,0.6935107,1.3322186,1.7650822,0.1351268,2.1256719,0.08475424,1.3304926,0.031112408,1.0101074,0.22278239,1.2663286,0.1356515,0.35427794,0.14423262,1.1532979,0.5440748,0.28800088,0.9092946,0.40157613,0.23693952,0.12755862,0.0052650957,0.0072557116,0.40359205,0.29966423,0.13198249,0.70648193,0.09458921,0.0790494,0.008309123,0.20468527,0.4561463,0.6657154,0.25216627,1.7507799,0.17731203,1.3723661,1.0117141,0.053016208,0.8007961,1.5244361,0.65074563,0.26874068,2.8156955,1.440093,0.5273249,0.92035604,0.2297692,1.5211539,0.92311007,0.2898981,0.011080132,0.28047115,0.52899003,1.6945851,0.36370984,0.20667161,0.5536386,0.63097656,0.60240096,0.24778666,0.81300586,0.11424539,1.4525411,0.38918662,3.8276777,3.3544984,0.30954683,0.037948333,0.5952324,0.1427968,2.3530734,2.2936523,0.1359665,1.0244684,2.9543269,0.057122063,1.047201,0.37584373,0.26597142,0.670488,0.8701216,0.56594175,0.13973701,0.15375511,1.9384584,1.5450282,1.2131902,0.031611685,0.028202362,0.52082366,0.31244794,0.745992,0.13745807,0.27973416,0.5341145,2.6325574,2.6901233,1.8068095,0.375166,1.6707404,0.7166629,0.6175476,1.2415216,0.6501391,2.6739187,0.061666094,0.583755,0.25770026,2.3663578,0.23653053,0.7478778,0.7810819,0.8304836,0.48989248,0.06784579,0.25161543,0.36665046,0.0,0.28418475,1.4609802,0.257858,0.42874113,1.3181398,0.32725704,0.21829656,0.10421058,0.6071084,0.84803605,2.0052028,0.2928987,0.013295611,0.11045854,0.28807488,0.95783263,0.386918,1.4525045,0.5083105,0.029869914,0.25927246,0.24881321,0.037934456,0.36358064,1.5532087,0.8353547,1.1044748,0.13890968,0.3055406,0.7259763,2.0891616,0.4543755,0.495838,0.935194,0.09070729,2.9011915,2.0701292,0.40467548,0.17482379,0.15856381,1.880116,2.0851846,0.12536195,0.2635136,0.049557302,0.1530798,1.1451774,1.51668,0.1552295,0.02919237,0.118945554,1.4673798,0.37473473,0.51355726,0.91989946,1.2713172,1.2501493,0.43657812,0.10415421,0.0,0.7143716,0.05040479,1.7174888,0.47221678,0.27771974,1.1880909,0.02269604,all_pothole_images\pothole_images_enhanced_8171941f50989e5b01c9002f61a9217f.jpg
0.06407093,0.71926284,0.1081347,1.7552999,0.42649224,0.0,0.63991934,0.107755676,0.19757366,0.057832114,0.5755103,0.98697925,0.02508073,2.2057505,0.018767897,0.3824866,0.32770273,0.8740113,1.7971611,0.029928561,0.55918217,1.9520011,0.0034649859,0.9770105,0.6784514,0.3537445,0.21278052,1.1873358,0.062728874,0.22817458,0.6460173,0.043146253,0.06482107,0.0,0.2405888,1.3473899,0.16681266,0.85722125,0.30837324,0.8191694,0.025861856,0.0052649104,0.2151898,1.083528,0.8981756,0.055616047,0.22309466,0.1451148,0.45339686,0.55952644,0.5731852,0.111117125,0.32541975,0.10450767,0.4265994,0.88083047,1.5822271,0.5023158,0.38650075,0.122493304,0.33891168,0.0,0.6318868,0.14808717,0.22064963,2.7176282,0.654747,0.12842917,0.53847873,0.556854,0.12150699,0.3114876,0.20794442,0.0,0.24346697,0.29494813,0.06329006,0.4277251,0.0,0.4026577,0.0016949688,0.0723586,0.33669987,2.2790241,0.03679761,0.044126675,0.29878375,0.06661673,1.5466051,0.29044098,0.12317472,0.17364669,0.08718028,0.11451407,0.014744852,0.064490005,0.59715194,1.1134266,0.4613626,0.014416476,0.30609244,2.4000552,0.76282,0.07910629,0.34852242,0.75326365,0.083592445,0.11094967,0.15702955,0.13483097,0.0014587896,1.6561791,0.06721275,0.070799656,0.19022967,0.15091005,1.9066151,0.19418813,2.376951,0.62784266,1.3266184,0.19778986,0.1372876,0.07816785,0.11264964,0.61587024,0.11004849,0.118288904,0.85157293,0.28786522,0.20175873,0.050295386,0.12047345,0.04681452,0.03115248,0.32361934,0.09240084,0.074177325,0.71117336,0.0008016045,0.3678346,0.52392465,0.022340916,0.7699062,0.36739534,0.7172504,0.09230801,0.041622456,0.51854366,0.35128835,0.14379017,0.35504085,0.0,0.092057616,1.1719035,0.0013954311,0.044796083,0.0810867,0.18299645,0.118456125,1.054117,1.0473299,0.09013504,2.403871,0.3058412,0.0,0.59286314,0.18403345,0.052093133,1.9872113,0.0,0.0,0.15207551,0.042527318,0.06893228,0.016497439,0.0636099,0.0,0.08453696,0.07183919,0.010130578,3.2127466,1.2411951,0.12878017,1.8983666,0.5560018,0.45652443,0.36571547,0.44569424,0.6441543,0.42263475,0.08084317,0.04621902,1.316065,0.33257082,0.01854434,0.5482196,0.19127642,0.13889247,0.638862,0.27848738,0.57275325,0.63828945,0.46289018,1.8186904,0.4777226,0.09223553,0.21211378,0.22029638,0.23277213,0.031045694,0.04340886,0.80493456,0.42381454,0.77321506,1.1909949,0.46555832,0.09472117,0.49258658,0.42491564,0.09511841,1.0711652,0.30099845,0.16947187,0.34541687,0.23914185,0.5954791,0.22590348,0.53680944,0.68812716,0.068342574,0.1605924,0.5451379,0.04541041,0.23599492,0.13170406,0.66721886,0.0,0.042367507,0.060790587,0.046226107,0.13167413,0.19695933,0.11282981,0.040795017,0.0,0.53553617,0.2838665,0.03284424,4.518594,3.5093024,0.0028807463,0.5726249,0.54787177,0.015835566,0.60006905,0.94512844,0.3469914,1.0529988,1.1391594,0.268464,0.018658629,0.10880853,0.75523084,0.29280624,0.24193744,0.35166174,0.2832309,0.9315619,0.16649903,0.067717,0.043879207,0.0045457175,0.10468546,0.81499267,0.78595567,0.27740425,0.64844006,0.20978776,0.39788464,1.0578333,0.12684956,0.08102421,0.150728,0.6906436,0.63672054,0.32762304,0.20794709,1.3604254,0.12153738,0.013295432,0.007920124,0.10969666,0.7313532,0.3880958,0.3771679,0.14690796,1.2108204,0.27901363,1.7402091,0.4625658,0.47422945,0.05902044,0.67165226,4.6264496,0.0068346024,0.15632084,0.9979911,0.23415293,0.3706608,0.72330767,0.37472203,2.4714913,0.61001664,0.04931425,1.1693122,0.056435842,0.6165223,3.4913404,0.51368135,0.0,0.0,0.16544603,0.33795258,0.7022182,0.45330563,0.4720402,0.07830266,0.71099406,0.17233534,2.5854638,0.21106409,0.54193354,0.0,0.28583527,0.20358568,1.000805,0.67619485,0.049844507,0.36028773,0.28247577,0.55803204,0.80901986,0.6325849,0.20888351,0.4885398,0.0,0.23962557,0.9877475,0.5717352,0.030302962,0.04162549,0.09978864,0.855657,0.003664895,0.08675253,0.11057629,1.6477516,0.21916288,0.6080447,0.0,0.15976664,0.98461723,0.0,0.06692905,0.008015086,2.2217965,0.42240563,0.0,0.062051605,2.2865849,0.0,0.34529564,0.4245082,0.08235188,0.3979543,0.0,0.0,0.22466564,0.17060249,0.3244749,0.01691887,0.141612,1.0014396,3.8996758,0.36109915,0.4929998,0.0,0.004581816,1.5434963,1.3652,0.20159571,0.0137236845,0.1430945,0.058066003,0.0,0.5119865,0.052706987,0.034189884,0.014535786,3.958525,0.32748,0.08437316,0.7841316,0.3471956,0.12789339,0.13951059,0.66352564,0.12810725,0.0030107219,0.0,0.17846897,0.58578146,0.29512385,0.20312789,0.055174086,0.30046678,0.049361836,0.15918083,0.0,1.5111248,0.37368512,0.11570374,1.9358763,1.0817418,0.29954326,0.050101824,0.52578354,0.06043965,0.34782386,0.25218645,0.032519076,0.11498468,0.27764452,0.6306141,2.515792,0.288624,0.37679225,0.22487652,0.3336683,0.14095831,0.0555347,0.014323847,0.35719645,0.8868422,0.028340133,0.5504639,0.7420505,0.0046789236,0.8711318,1.7067692,0.50239277,0.65799165,0.12000393,0.6012355,1.178809,0.17805554,0.15470786,0.79439133,1.0552016,0.9608554,0.1551823,0.96025366,0.0,0.60982245,0.33431193,0.07529981,0.11759051,0.47400507,0.4421622,0.4890424,1.3907087,0.30878663,0.04653648,0.32400465,0.059581686,0.00021753773,0.83431023,0.35960883,0.014457743,0.4109801,1.9614458,0.25848272,0.26320118,0.07047007,0.12144995,0.38500014,0.09585128,0.9688073,0.096132345,0.7283993,1.5799476,0.18490534,0.03655992,0.0,0.22689435,0.14422818,0.321971,0.02571135,0.14811988,0.35588333,3.0242047,0.53701603,0.060015306,0.0603213,0.84341836,0.222516,0.08485098,0.9194416,0.18739358,0.06588958,0.37529638,all_pothole_images\pothole_images_enhanced_81809535092132ffe893c92be0090c2f.jpg
0.12632613,0.6117926,0.09262239,1.8922005,1.0381792,0.5242851,0.40541002,0.61570513,0.22841994,0.5710848,1.2931411,0.7355654,0.16595645,2.020126,0.11309383,1.1638886,0.039324906,0.86266947,1.470419,0.324741,1.6042705,0.21306415,1.0874488,2.3987775,0.8626728,0.112108134,0.06699967,0.88749504,0.28378263,0.50694525,0.04277418,0.03475446,1.0250642,0.379879,0.13062891,4.8525157,0.7197644,0.53125864,0.64351064,0.22895724,0.525534,0.33703575,0.3174657,0.2346287,0.087667026,1.3184832,0.3753703,0.03175339,0.9889828,0.2736113,0.33424726,0.60079205,0.040616743,1.5434178,0.56582814,1.4924618,0.8799701,0.08746934,0.8552468,0.054546677,0.16799878,1.7437733,0.6094447,0.28673324,1.562913,0.37560463,0.13222122,0.805508,0.8591688,0.057023738,1.1023852,0.39630663,0.15136935,0.26436475,0.012970467,0.87701863,0.5943907,0.73072106,0.6458949,0.12888259,0.016043551,0.81913155,0.21344967,1.1988047,0.073014274,0.8412435,0.029725498,0.00952907,1.4562166,1.5039457,0.107195705,1.4417084,0.6467656,0.8065615,0.15662284,0.0057381797,0.7938544,0.37038085,1.0051981,1.5678625,1.1803759,4.7052975,0.0152615085,0.060456663,2.6487386,0.60997826,0.87849575,1.4186321,0.6770279,0.7630689,0.093799695,0.30933893,0.30192363,1.7742738,0.9466975,1.8316152,0.07558455,0.59020597,3.8655481,1.2781953,0.254161,0.11521623,0.037413597,1.4697872,0.7146084,0.11682496,0.3331082,0.79100376,0.63137233,0.34029126,1.0578727,0.36951905,0.7644971,0.31208688,0.44740224,1.3821716,1.2799069,1.4467435,0.7226195,0.03378394,0.38536105,1.2974954,0.11278837,0.35171485,0.28567064,0.58480567,2.547413,1.3209391,1.5867378,0.6663227,0.08572406,1.2860322,1.0447682,0.10263459,1.4024452,1.1278712,1.6610599,0.43639413,0.8559467,0.2967666,1.1397936,0.62323385,0.027366418,1.4820063,3.0604365,1.062905,2.1753292,0.18260066,1.2912863,1.9595551,1.4617019,1.5633287,0.39556864,3.8167098,0.48252273,0.0773575,0.28368053,0.14745508,0.14807372,0.09848739,0.28497696,1.5241035,0.9335979,0.5838315,2.2162347,0.077973194,1.3128797,3.2568507,0.11189793,0.34363204,0.46681055,2.863391,0.090257004,1.11377,1.2784219,0.5592269,1.8927602,1.3020495,1.5501437,0.016878314,0.51765865,0.7318642,0.29858777,0.0,0.9445039,0.31777462,1.30854,0.0035644034,1.5658642,0.94677436,0.15804449,0.14230831,0.8217228,0.56442904,2.505405,0.37448734,0.4628629,0.07989624,0.6623807,0.1280869,0.38130894,0.00031583777,1.1022525,0.41248056,0.15108527,0.32955053,0.6077335,0.67523444,2.9830368,0.1577224,0.13008232,0.09625376,1.4537497,0.28783688,0.26858205,0.6611694,1.0358253,0.2239357,0.92824644,2.5004847,0.14007692,0.042492,0.09279605,0.5977773,0.9736467,0.33730143,0.12378468,0.30425102,0.1497631,3.6642466,0.49856824,0.19786932,0.43819493,0.5914286,1.0173718,0.73584855,0.265601,1.206666,0.6607081,2.3659835,1.6130047,0.46694678,1.1740721,1.5909754,0.06724089,0.291414,2.0663457,0.29317346,2.972572,0.3272722,0.27991605,0.027393365,1.5271811,0.5190412,0.25489512,0.19115677,0.7919928,0.5265246,1.045032,1.566968,0.105356194,0.6663428,0.29408637,0.29728165,0.018835636,1.2876078,0.78830874,2.3847475,1.5268171,0.9753808,0.12660545,0.45318687,0.10107991,2.5994604,2.3462386,0.30530167,0.74255115,0.3537875,0.93398046,0.8493575,1.1310854,0.5790631,0.2584362,0.07909039,2.9202976,0.80715567,0.9003121,0.011217051,1.1561785,1.02834,0.30962938,0.5344223,3.2465866,1.956708,0.56377447,0.103958495,0.08626325,0.61059856,2.5292063,0.72044194,2.2197783,0.11902056,1.151311,0.1052037,0.017411916,1.1867925,0.0035981946,0.5774722,0.20016679,1.0641783,1.1072822,0.4249849,0.8139276,0.4876773,0.5437824,0.00771361,0.5454654,0.6087861,0.54989475,0.035434715,0.7703586,1.2778168,1.8062073,0.8539051,0.52468276,0.60415024,0.24680258,0.084384,1.0293676,1.254763,0.2735864,0.12056689,0.083466634,0.45357874,0.8963496,0.22087252,0.15346962,1.8878006,2.0908666,0.10256763,0.7789531,1.1197288,1.0652407,0.80730903,0.42082196,0.7803668,0.1090304,0.6538564,0.7042334,1.0009501,0.60992634,0.77337617,0.41593656,0.7404626,1.2313614,0.88135767,0.14400898,0.16740726,0.4558648,0.2256409,1.2964177,0.0011846862,0.10860474,0.3982642,1.1446475,0.07324658,2.8003075,0.6495897,1.4667991,1.0532113,0.76205224,0.42750338,0.3607795,0.21387516,0.0013634166,0.08392061,0.23545864,0.50387454,0.7455035,0.020905787,0.22274792,2.5687845,0.9970736,0.08379708,1.459932,0.007220577,0.37076598,0.34327215,1.0662608,0.5691716,0.107553415,0.20227535,0.22871573,0.570599,0.23037219,1.3350017,0.555979,2.477678,0.10803491,0.34558943,0.8343497,1.9718938,1.2086362,2.2405531,3.3687394,1.2131965,0.8053196,1.3792366,1.5028988,2.5822475,0.97718966,0.2815688,0.6944453,0.20772903,0.5575162,1.5616782,1.402863,0.3691482,1.0987743,0.9909986,1.5077469,3.9645553,0.7573543,0.0,0.057009496,0.23773442,0.62540406,0.34505478,0.23369326,0.55073035,0.78425753,0.067919634,0.964811,1.4522579,0.18611364,0.4406212,1.7079122,1.0583103,1.0694605,1.4930905,1.3305788,0.7623613,0.8085537,0.032782268,0.19133943,0.3436483,0.79198414,0.5253171,1.3699013,1.1469306,0.2856417,1.1665233,1.0262965,0.1657156,1.1599296,0.019283304,3.820551,1.5232847,0.22443265,0.25214314,0.3253267,1.2881497,1.1663122,1.0995286,0.55034876,0.4323776,0.56622225,0.011772946,1.131574,0.98421454,0.39822492,0.850012,0.1718349,0.013410828,0.08663695,0.08530967,0.18819964,0.06280251,0.038518183,0.529895,3.183723,2.9093013,0.6084438,0.052744154,0.20949797,1.1557596,0.23656397,0.5904903,1.3449408,0.49145088,0.61157227,0.29513562,all_pothole_images\pothole_images_enhanced_81a1dfbd501e22ec8537a907c38717bd.jpg
0.21550143,1.4356226,0.49519596,1.3619844,0.4200297,0.10330665,0.11788977,0.0,0.1257417,0.8267487,0.08689945,0.018021345,0.0,0.1323437,0.0,0.32279426,0.0,0.061659727,0.041081157,0.26175073,0.031138122,1.3476725,0.24221937,0.73754805,0.50614244,0.4268903,0.30203,2.2421348,0.094344676,0.026408171,0.8827942,0.0,0.23453401,0.007561624,0.07266261,0.28042838,0.7940674,0.3489848,0.23371926,0.17298053,0.0,0.21849921,0.11298569,0.39711666,1.2871749,0.0,0.13250722,0.089489184,0.0,0.059179194,0.10574002,0.33114013,0.008976791,0.0064597246,0.0,0.21326041,3.1059477,0.042559978,0.0,0.0032799824,0.0,0.37244865,1.2087497,0.2190667,0.32294032,1.039267,0.14743151,0.002382098,0.00081187894,0.00072915043,0.047974814,0.46615976,0.09250265,0.09882925,0.025163995,0.00997288,0.013859067,0.31177348,0.0,0.03939963,0.0311865,0.20505328,0.08943406,3.3600738,0.27420565,0.0010507754,0.10096036,0.010873326,2.1219847,0.2560302,0.079714686,0.08597879,0.043440063,0.21661212,0.2903019,0.0051112613,0.82202375,0.40863752,0.47823507,0.07242573,0.18934701,1.7414311,0.18360955,0.0,0.678929,0.031009562,0.054929163,0.07739089,0.15391205,0.3321399,0.0,1.4136125,1.1373494,0.0611346,0.25438067,0.17022307,0.70228887,0.00040515093,0.77186567,0.091640756,1.3732203,0.22324574,0.0,0.044174742,1.0121888,0.32815373,0.14191188,0.08214866,1.7764196,0.009258795,0.36401623,0.03171224,0.008009457,0.10848797,0.3530027,0.56523275,0.0,0.25213137,0.3636091,0.007433884,0.22211513,0.22930631,0.04458645,0.2628099,0.0010107331,0.6256215,0.0,0.807962,0.44700652,0.08006215,0.16787834,0.15240733,0.048120487,0.12711649,0.89859056,0.0015291566,0.014028717,0.000835197,0.6170882,0.025744816,1.6217667,0.6428355,0.08437485,2.2027595,0.21337058,0.007378459,2.3221467,0.12762693,1.1579877,0.0117548965,0.0029942482,0.19384772,0.04720283,0.0066166637,0.4002449,0.040635698,0.8881676,0.17634277,0.13231814,0.06727531,0.10298876,0.33069342,1.672513,0.6401465,2.1526086,0.04474751,0.07509109,0.08752667,0.36213964,0.49421895,0.037755985,0.14602296,0.0,1.8155167,0.0028614192,0.027845878,0.010754442,0.2752163,0.27905527,0.5497598,0.14989941,0.13821124,0.20846236,0.6696734,0.18088067,0.18181384,0.109421924,0.113291934,1.9859879,0.09156507,0.0,0.012446109,1.4638028,0.19024692,0.11484169,1.0050387,0.36879906,0.19125196,0.39799818,0.027532954,1.197368,0.0,0.36957234,0.11658746,0.0,0.025512775,1.9533896,0.0,0.9082419,0.027441647,0.2406121,0.0070786085,0.56732607,0.0,0.3396224,0.0042721853,1.2546301,0.0,0.057888683,0.16942717,0.0008640076,0.08753085,0.24624148,0.17074193,0.018508092,0.0,0.60743034,0.03210394,0.012963737,5.3062673,1.4896175,0.049608648,0.036094338,0.019661006,0.011191131,0.0,1.6836843,0.02644524,0.06666062,1.5506288,0.0017973558,0.002167642,0.39561978,0.00795742,0.09422815,0.8264161,0.18762636,0.065290526,3.2332776,0.0,0.0010602176,0.00055333,0.016796803,0.01217967,0.33441675,0.78697234,0.08110744,0.43385345,0.13737255,0.97697884,1.5327389,0.017504742,0.40334195,0.732845,0.32549605,0.32872912,0.6120581,0.09399889,0.36986443,0.26287097,0.010338069,0.0007822762,0.0438758,0.24888462,0.0,0.154832,0.35901648,0.39137867,0.16070573,0.7141267,0.205568,0.25552243,0.0028119974,0.0,6.8979764,0.20779616,0.057811406,0.39263535,0.0072380523,0.05200531,0.09383825,0.802846,4.431215,0.6272972,0.11931347,0.36109623,0.008595295,1.4457034,1.6222054,0.039540917,0.02078874,0.0,0.0037706718,0.10122579,0.14173214,0.24032103,1.4099051,0.028705275,0.1991794,0.08753506,4.497898,0.0065992004,0.025964664,0.06839884,0.088829994,0.008637062,1.6812487,0.010239571,0.04505055,0.0040048864,0.13636038,0.60966265,1.4605433,0.061197173,0.18452327,0.005272152,0.09151013,0.07035673,0.12953475,0.47480613,0.3701389,0.11768711,0.06320494,0.27210462,0.1910774,0.0,0.18831329,0.21890818,0.040072512,0.44655272,0.0,0.008675418,0.0935773,0.05654684,0.028839974,0.1515988,1.4920934,0.011856849,0.22845347,0.11794222,0.62254685,0.0032134305,0.08581322,0.0,0.21577029,0.16900179,0.06707844,0.042804834,0.037645735,0.061244164,7.697041e-05,0.00901647,0.25903553,0.40494093,4.1773,0.02258197,1.8657525,0.07956265,0.0,0.50772136,0.026863862,0.60635567,0.08669676,0.7608864,0.0,0.056459736,0.21083374,0.06927376,0.0,0.32870096,0.5565112,0.1866381,0.3168834,0.543574,0.35944837,0.043821856,0.19013342,0.45395145,0.0500269,0.18226781,0.022406437,0.00748875,0.0,0.26274404,0.0054882863,0.11371972,0.2645292,0.46155334,0.48206553,0.0,0.6481235,0.0034316005,0.41304943,1.9994147,0.74593633,0.059050966,0.389498,0.26895925,0.13338445,0.5035912,0.43909812,0.009158352,0.0040520756,0.10185878,0.0012042237,3.3131177,0.06989812,0.021097003,0.12308555,0.3891018,0.22147211,0.07907162,0.0693521,0.2684414,0.14672473,0.0686098,0.996513,0.33247215,0.21633638,0.03338631,2.0496466,0.14635298,0.23723723,0.22849943,0.32439893,0.5721966,0.120489836,0.33829084,0.063455194,0.44393674,0.6632345,0.24437955,0.13349,0.0,0.9079803,0.032789063,0.0,0.0,0.06673005,1.823553,0.7085964,0.017969713,0.1714748,0.08390782,0.09406805,0.19119367,0.030819194,0.95685023,0.03954068,0.06156035,0.033794776,1.6150637,1.3788614,0.17774457,0.0,0.6633128,0.10776279,0.0,0.19892529,0.06556474,0.0,1.6008568,0.0056991735,0.05836775,0.04619427,0.029099697,0.4302543,0.0048892554,0.003823715,0.026976215,0.0,3.839924,0.4464953,0.11710692,0.0,1.05501,0.013014095,0.051963367,0.17221962,0.32378808,0.59523845,0.0,all_pothole_images\pothole_images_enhanced_81b9aad7a11813d6f86d8f64da0013e2.jpg
0.3456361,1.5893631,0.049581435,0.9216973,0.47060743,0.17831719,0.1811625,0.022239178,0.0,0.47742105,0.106545016,0.0,0.0,0.9979338,0.051739044,0.0035655801,0.08275888,1.5588926,0.031820763,0.5035869,0.05015848,0.974615,0.34949568,0.85836476,0.094573356,1.1954957,1.2295009,1.1330534,0.022138,0.06991793,0.34190422,0.0150967175,0.076568626,0.6171131,0.2312956,0.273987,0.49806982,0.42334318,0.27065906,0.024342827,0.0,0.0,0.14759359,2.307915,0.7601129,0.20723501,0.1126554,0.020024642,0.4274241,0.10538097,0.0054516178,0.13405932,0.15658788,0.010185613,0.06946965,0.47783533,1.7067522,0.55622864,0.15543728,0.0063894,0.023291437,0.040828306,0.8177346,0.18540817,0.909286,0.81947637,0.164298,0.37629262,0.08423012,0.16788049,0.22293921,1.0063415,0.3441052,0.1037701,0.23311922,0.045120325,0.0050681015,0.21382195,0.005667303,0.032613736,0.12793942,0.39127052,0.7484473,0.9686231,0.27894202,0.03493326,0.424807,0.34276414,1.9415319,0.051308848,0.082403705,0.20238902,0.2102262,0.26645765,0.027098207,0.01590655,0.53792864,0.44015145,0.7606576,0.0,0.021126961,1.5587196,0.2564463,0.009293941,0.9952805,0.69442785,0.047373652,0.011765541,0.088160895,0.22007383,0.013423395,0.0,0.78648895,0.7724007,0.18876103,0.2386297,0.24908634,0.20612095,0.8441549,0.38892236,0.8640892,0.8872364,0.015937606,0.32515478,0.29811332,0.14865959,0.20895953,0.3862775,1.9269842,0.0076853177,0.39356467,0.07307109,0.16412795,0.118497305,0.25286534,0.13415085,0.0,0.18034676,0.64730257,0.08182139,0.24983075,0.023284515,0.65726644,0.52975714,0.074649915,0.54237354,0.09049557,0.72012997,0.4256851,0.15019341,0.23375975,0.2698665,0.017982531,0.11884658,1.3525537,0.75396496,0.29445285,0.15677255,0.47072133,0.5262971,2.21515,1.4245291,0.33047676,1.7962375,0.33842558,0.0982131,2.499044,0.15211259,1.3093375,0.43507963,0.33399498,0.032805104,0.13789852,0.0031848282,0.18972501,0.60638416,0.02514727,0.0409452,0.474681,0.009391444,0.0,0.5175255,1.9216685,0.16425893,0.6191533,0.33945122,0.099269114,0.37302607,0.00385655,0.38123614,0.2394239,0.29564857,0.4029539,0.73200285,0.06710761,0.062082857,0.29611602,0.063222125,0.20938464,0.12245993,0.026778746,0.28905046,0.500623,0.28061542,0.3058888,0.2569246,0.4099165,0.067077465,0.895472,0.6360255,0.0,0.042825937,0.59046865,0.20247379,0.18585278,0.63045293,0.45829508,0.09309432,0.0781492,0.37704453,0.3469115,0.12226792,0.21593891,0.0056225476,0.0,0.049933776,0.79559475,0.0,0.63369185,0.29148915,0.20068426,0.0,0.4186436,0.02548113,0.0968963,0.0007555687,2.8207297,0.050972264,0.016836327,0.26596257,0.041882787,0.25477532,0.05560058,0.31076786,0.31287062,0.05780797,1.0136894,0.09558659,0.06247296,4.0398664,0.5221466,0.0,0.016989486,0.13105862,0.006626627,0.9950435,0.8090749,0.080709845,0.0035816436,1.3418019,0.018171726,0.025492534,0.41131967,0.269941,0.16001366,0.22108252,0.078956224,0.5424104,2.453698,0.0,0.030176848,0.029952094,0.15538663,0.6085303,0.39623427,0.2601609,0.07344956,0.020609764,0.17519778,0.64081,2.6623976,0.08920846,0.035350192,0.16972363,0.14273612,0.10488903,0.017450955,0.0,0.5800911,0.017219026,0.29512754,0.0056211124,0.022278732,0.6407637,0.12711723,0.14204043,0.39404386,0.5975368,0.12805882,1.077078,0.92103577,0.097767994,0.0,0.0,7.0815735,0.12723584,0.0,0.028391894,0.0,0.21910527,0.3318929,1.3560424,1.2007717,0.11604012,0.31094936,0.11807268,0.10889537,1.1818073,1.7156593,0.06380068,0.29818058,0.05498961,0.014205074,0.13845898,0.019577032,0.07877516,0.57185256,0.0,0.17779957,0.05831783,2.323668,0.0,0.13907395,0.031765006,0.005972608,0.11085556,1.4237375,0.017747989,0.06514518,0.25995445,0.16993995,0.75988615,0.2698954,0.3295108,0.10694733,0.5030333,0.06833672,0.14862327,0.1934591,0.46031788,0.44439113,0.18023907,0.22423792,0.09520524,0.015719095,0.02750078,0.0,1.1579393,0.11861827,0.11866186,0.04341483,0.4336728,0.12242664,0.13455673,0.020808697,0.05222771,0.6405213,0.003744491,0.45669776,0.02065486,0.7559392,0.19664963,0.4342582,0.03104388,0.5391665,0.483989,0.069188714,0.007184995,0.026947463,0.1653202,0.12628004,0.0026054808,0.14904527,0.42429212,1.4006836,0.5537235,0.38355574,0.04965621,0.2678817,0.0030055677,0.05246593,0.36242026,0.015809432,0.120698705,0.0806727,0.0,0.14077923,0.20226653,0.25273257,0.22768049,0.14731227,1.967495,0.3065297,0.27605623,0.18347062,0.30532295,0.28518426,1.2323791,0.028528757,0.48810074,0.49842963,0.5666999,0.015304339,0.02382782,0.0011041352,0.27298862,0.08700541,0.46331537,0.36419097,0.0,1.0257691,0.26793772,0.9402106,1.4467083,2.534645,0.2212127,1.1325805,0.40396163,0.014193404,0.015668252,0.25911805,0.040434107,0.1089147,0.1288733,0.2571841,1.0099753,0.0,0.09860391,0.015019203,0.17860883,0.4395995,0.15169393,0.14185418,0.020329209,0.22308707,0.06302656,0.37114045,0.1617071,0.2880676,0.6028107,1.712871,0.18591553,0.016213328,0.18567994,0.17508611,0.8254213,0.34634084,0.5648132,0.05417749,0.2624778,2.2307982,0.21444854,1.0831245,0.11743533,0.61839455,0.0,0.01530122,0.0,0.4914523,0.50041544,0.10505496,0.27431786,0.2525227,0.009290498,0.31818956,0.061556168,0.024924025,0.88000286,0.20595753,0.09356241,0.14599109,0.7045931,0.44260666,0.12311648,0.24606816,0.08189826,0.05439553,0.12211946,0.11408475,2.4040191e-05,0.031783007,0.46100128,0.14730355,0.098573945,0.0045172367,0.07841194,0.10733468,0.19807842,0.029201774,0.29086143,0.28753966,2.8285484,0.04149863,0.0,0.036596984,1.5739151,0.16647798,0.13456331,0.0,0.76405305,0.16445509,0.26975363,all_pothole_images\pothole_images_enhanced_81c3b46672c97046d2a368e05f208a8d.jpg
0.99987155,2.1622715,0.7092835,1.3410494,0.5028101,0.3467268,1.0068763,0.08134482,0.25330567,0.57115203,0.5349553,0.33964354,0.7000486,0.7161359,0.45079386,0.2232237,0.5265547,0.0022392431,0.37856895,0.18211715,0.78236234,1.9023029,0.4750176,1.0930278,0.80216306,0.63860655,0.17600437,2.5232866,0.08681081,1.3500195,1.6691912,0.20064183,0.10225567,0.8118311,0.9686399,0.63996696,0.98864347,1.5112969,0.53705835,1.4917421,0.23374017,0.05600488,0.55171543,0.44089782,1.1725805,1.0104332,0.004805869,0.116779365,1.2259462,0.113271885,1.0572786,0.23630284,0.8227711,0.36356556,0.48578152,1.2968918,0.44922385,0.06773582,0.8626729,0.28899392,0.08001556,0.67673963,1.1341379,0.4905898,0.47128892,0.9302661,0.6302653,0.2879486,1.2010431,0.25864625,0.7050301,1.3991541,0.99926054,0.07519559,0.9510478,1.0344118,0.5291299,0.79134804,0.49012178,0.40100548,0.3955717,1.0396614,0.20916948,1.5081304,0.4819663,0.56600785,0.13196388,0.18894398,4.6139355,0.14728202,0.25347662,0.0,0.3095593,0.608561,0.39924565,0.061985146,1.064535,0.41796428,0.7692429,1.1053016,0.12392044,0.8603524,0.19576555,1.5128286,0.8361433,0.7651935,0.8034809,0.388529,0.30501556,0.40733603,0.0062945494,2.1598306,0.6203959,0.100901194,0.36572328,0.48121014,2.1650786,0.3529806,0.7577985,0.7852421,0.40293038,0.29236096,1.2249843,0.3209657,0.7195794,0.9393911,0.7987097,0.5989783,0.7632813,0.62873256,1.1679256,0.03702736,0.00468487,0.06382954,1.453024,1.2815691,0.9078429,0.9992166,1.3536265,0.29095602,0.5318831,0.7744306,0.011102414,1.1157352,0.21418038,1.0328252,0.052562274,0.7164143,0.326261,1.2690693,0.6083758,0.52250344,0.051182114,0.26763192,1.009476,0.5274644,0.2934804,0.061658546,0.2279203,0.23953155,1.0994481,0.7822704,0.24389014,1.9496335,0.3189772,0.4964461,0.44109014,0.07800245,1.6335459,0.2711006,0.14811331,0.20376351,0.06026742,0.2855764,0.52047056,0.1913034,1.0896935,0.0664567,0.018565534,0.68402594,0.20149297,1.7778089,0.7723788,1.0134064,2.0370188,0.90192753,0.22945774,0.7924189,0.35037082,0.6314866,0.35548884,0.96450585,0.028205039,1.0253063,0.09500335,0.08525354,0.878429,0.24282685,0.8415138,1.76934,0.30669403,0.7936763,0.38455394,1.7230059,1.9639114,0.8404706,0.347397,0.63292104,0.69224256,0.016788084,0.31813562,0.046084713,2.333151,0.32492763,0.854179,1.0937591,0.80707306,0.17348152,1.1338037,0.044997,2.3846073,0.27739766,0.40801746,0.4912506,0.33348468,0.93097794,0.98288006,0.14084266,0.23320009,0.8279526,0.30100706,0.9975056,0.17428616,0.33983052,1.5054194,0.30049846,1.7869818,0.12029893,0.15533139,0.1559598,0.43064275,0.4461643,0.19780499,0.38484368,0.0043044793,0.004633422,1.3827449,0.60732037,0.9625761,2.885875,0.29775518,0.18036972,0.6162707,1.2490323,0.041116696,0.0,1.1220418,0.5194193,0.3117707,2.415858,0.09401139,1.437036,1.108992,0.10783653,0.38323998,0.39309055,0.62702787,0.7002806,2.6244304,1.3298187,0.3833531,0.022366269,0.39327225,0.83816594,0.6486351,1.0336286,1.0019695,0.7541939,0.30792633,0.6469226,0.025974378,0.26904434,0.13982403,0.49269703,1.3232378,1.1956193,0.81610423,0.72264504,1.3618217,0.21225697,0.29277852,0.010471088,0.34667552,0.72006583,0.64498967,0.01092099,0.4129139,0.51311976,0.42795798,1.532362,0.23491865,0.82164764,0.22048697,0.6694761,3.1153085,0.1326974,0.22146901,0.62365067,0.8480871,0.25146562,0.274629,1.2058407,4.7239904,1.0867107,0.09111046,1.0829756,0.45485783,1.2338042,1.0921203,0.6473754,0.1386239,0.06781175,0.28596008,0.7937404,0.69084954,1.7355984,0.65012693,0.58626205,1.0289258,0.351114,4.408109,0.259328,0.0,0.17834698,0.23290889,1.0333945,1.4973711,1.0388805,0.55803114,0.040825073,1.2858922,0.37507704,1.5995839,0.32879665,0.28271374,0.6423052,0.19138001,1.0426348,0.8534626,1.0757833,0.86660945,1.2032462,0.34886223,0.5203722,0.00772655,0.0,0.5967579,0.4924616,0.38642386,0.8148949,0.11967692,0.0,0.5681698,0.6522415,0.08000111,0.05844156,1.3081621,0.64641446,0.07653656,0.70766,1.335883,0.91143966,0.36278182,0.041533858,0.7132478,0.8527055,0.06817434,0.16362022,0.099455275,0.8828712,0.84220517,0.0114052,1.4923981,0.7249715,4.300505,0.4392807,1.2030053,0.04773213,0.6151275,3.6874862,0.917462,0.90787053,0.19502576,0.37124634,0.11915579,0.4594663,0.8405613,0.33638397,0.30113795,0.038710892,4.661881,0.73188895,0.47031698,0.191095,1.1522566,0.2912977,0.37663132,0.62494683,0.123926036,0.18529427,0.41056168,0.61722714,0.73234415,2.0703123,0.16820379,0.10585331,0.61553997,0.6112247,0.5354994,5.945624e-05,1.0388607,0.44352368,0.24672681,0.5338923,0.5372617,0.35638872,0.26592472,1.8143641,0.086973004,0.4800473,0.09874707,0.23693186,0.40789112,0.0752,1.0546585,3.4281025,0.32402578,1.0643073,0.1353608,0.62048495,0.92790735,0.121019,0.50913346,0.3400458,0.012966976,0.07209526,1.3470724,1.4239421,0.8871326,0.26075795,0.8544264,1.0835978,1.2606109,0.6621519,0.98742765,0.6122587,0.18476443,0.21163878,0.5756036,0.59144044,0.41636562,0.27065158,1.0922085,0.64798737,1.1092428,0.7156274,0.88226813,0.11240237,1.744002,1.4161797,1.968553,0.43896255,0.57869565,0.13925444,0.33245313,0.40688527,0.22054638,0.8584989,1.415736,0.3495888,0.29241624,2.9968061,0.34679317,0.09484932,0.0,0.026889453,0.61334896,0.06291082,0.46551505,0.01031327,1.3169835,1.9643754,0.0,0.035318494,0.12631756,0.24525343,0.11248818,0.012387297,0.18977928,0.0033644726,0.1786827,3.3290095,0.74211615,0.163042,1.2203572,0.25205657,0.5387318,1.0113481,0.55235684,1.3344067,0.104795516,0.39150697,all_pothole_images\pothole_images_enhanced_81f0111af034961b1cacaef51f2762da.jpg
1.286236,1.3740185,0.4330545,1.8088493,0.3514777,0.6845857,1.2110621,0.4233459,1.4014882,0.75283897,0.13320605,2.3502324,0.16793813,2.334609,1.4662226,1.1360393,0.58102846,0.32347402,0.974023,1.3508744,2.3173552,1.5224469,0.7895707,0.16726118,2.0961099,1.2218285,0.754168,3.377537,0.12194793,0.50176114,0.14230819,0.39309436,1.7691967,1.0561658,0.44447395,0.7341607,0.00882822,1.2308153,0.40817183,0.6781293,0.65817064,1.2122371,0.024213737,0.5727015,0.34844732,2.6697717,0.07371543,0.22259317,1.5212412,1.1775131,0.6702752,0.61189085,0.63875693,1.2861663,0.5347481,1.5699211,0.2532991,0.2485163,1.1975744,0.033265427,0.23864426,0.5768528,0.5110432,0.39501756,0.09356607,2.4343235,1.4991791,0.72726935,0.31643483,0.41847742,0.4263819,0.85804826,0.43798703,0.26885182,0.3664552,0.12002964,1.1420809,1.8509854,0.13036484,0.1778512,0.6332303,0.12528495,0.47626066,0.25064987,0.98127073,0.92449886,0.31299216,1.0829166,2.2348974,0.44852778,1.1598159,0.21847627,0.529243,0.5005062,1.4999303,0.10615441,1.6140255,1.3831573,0.39604685,2.4429116,0.01966813,2.2403708,1.1335503,0.5296351,0.6852003,1.3836188,0.82619226,1.1793776,0.09701422,0.39983475,0.72256047,3.6471512,1.2397066,0.042872135,0.6334822,0.07432868,1.1660609,0.12912863,0.7615906,0.8258961,2.8205826,0.003273363,0.18950775,1.7602215,1.6823816,0.868141,6.2321177,0.39328626,0.5885605,0.7011739,0.43045923,0.1495738,0.025093645,0.7929208,0.6405483,2.1283512,0.8963493,0.115156054,1.6388886,0.25023535,1.2372309,0.3568237,0.004158103,0.004728192,2.1610746,1.2749827,0.7530412,1.1491839,1.4039553,0.35518882,1.2906352,1.2750652,0.039338574,0.049211554,0.80238736,0.8856302,2.0927103,0.026505375,1.1012801,0.9199044,0.9379836,1.3178173,0.06770777,1.154624,0.20156342,1.6568036,0.5841936,0.089307375,0.9694659,0.960212,0.6245905,0.2363958,0.297503,0.19212788,0.16151051,0.6471901,0.43434423,0.0697081,0.9800373,0.92194796,0.1546301,1.5189166,0.861577,0.7590157,0.9406327,0.45764518,0.5739971,3.225153,1.3532166,0.8154095,0.9742964,0.49901104,0.0059537133,0.9809107,0.0884169,0.26891524,1.2846178,0.6686934,0.67871255,0.5328931,0.5935066,1.6697297,0.49519902,1.0988979,1.0345764,0.88100016,0.93324697,0.3112963,0.5219594,1.0828766,0.51233274,0.020420194,1.7742327,0.74154717,1.2277629,2.145931,1.1687776,0.08110105,0.758004,0.5463549,1.4265035,0.6665246,1.5536512,0.6863632,0.060229056,0.46861058,3.3909028,0.056702115,0.11230965,1.5262983,0.085436694,0.7875097,0.39724737,0.74640465,0.46429387,0.31318685,1.1182759,0.14268489,0.37752432,0.05907453,0.86148405,0.8241614,0.010404388,0.24747686,0.045790866,0.047758285,0.97561544,0.29611868,1.5636823,1.8107179,3.9468844,0.85059696,1.8174211,0.7502623,1.0513972,1.126947,0.3648017,1.5899518,0.10885345,2.8945317,0.5301715,0.33763066,0.37914166,0.8535512,0.60935,2.0709362,0.28971437,1.2318001,5.7701006,0.57335854,0.56215054,0.31933448,0.0030829818,0.8061879,0.41760933,0.545381,0.1533485,1.0167062,0.29016933,0.4241998,0.12293465,0.52936435,0.41003805,0.35633412,0.574213,0.21357708,2.2368402,0.21730524,1.0360572,0.18286136,0.9657642,0.8115413,0.43631762,0.886347,0.25365916,1.2371635,0.25428104,1.4071916,0.8102993,1.3498731,0.45419428,0.887014,0.65827864,0.6491633,1.8661145,0.64385813,0.086957835,0.5257655,1.3792546,1.0374218,0.32382253,1.6191311,2.0687208,2.0678682,0.35005036,1.3533046,1.0553727,0.5369244,2.3206637,0.263919,0.40845376,0.097975135,0.54260457,1.0037233,2.2652915,0.47104385,0.08982118,0.008525683,1.7708211,0.41740125,1.7808701,0.63565487,0.2550208,0.23027536,0.18222396,0.6290254,3.0606976,2.4334576,0.085611224,2.269188,1.1991982,0.60738486,2.8525136,1.5658295,2.039392,0.7666542,0.88086295,0.34091955,0.2962609,1.0115273,1.4634132,0.988773,1.1239132,1.3885678,1.8303798,0.22743353,0.63241565,0.51795155,0.26549733,0.72489524,1.026799,0.10962304,0.281213,0.99489725,0.018534545,1.0256802,0.5990087,0.9240042,0.13268216,1.2436645,1.0704014,0.92522264,1.5657877,0.64393175,1.0890019,0.67837065,0.80028546,0.3041614,0.7264448,0.38862133,1.5203642,0.21493362,1.8463761,1.0804183,2.8437185,0.457235,1.0322278,0.0,0.29238102,1.1169176,1.0565586,0.26417914,0.28848842,0.79344,0.10269728,0.7656432,0.7315205,0.64914405,1.5192009,0.40408757,0.7448311,1.0937419,0.27488282,2.4863403,0.36842307,1.4572318,1.2797272,0.6081006,0.70609653,1.5087866,0.32488668,0.738777,0.16961212,4.0455055,0.08323283,0.54110885,1.6646658,1.0473093,3.3750467,0.721108,2.8819647,0.71933514,0.08855136,1.5115474,3.286906,0.0076445425,0.64877,0.52682227,0.47359574,0.6974244,1.034826,0.3872302,0.27949816,1.6074651,1.583918,1.8886976,1.3302876,1.5641912,0.85667545,2.3370638,0.50063175,1.0956628,0.102558434,0.041752208,0.78702694,0.040031567,0.89360607,1.4088935,0.12126854,1.6050608,0.43257985,1.4008346,1.6816322,0.11478209,1.2967683,1.5095803,0.6420478,0.44988173,0.8935675,1.4922462,0.89877176,0.5855538,0.82529056,1.8824601,0.4144562,1.3941178,0.72930396,0.24484123,1.0267651,1.0080627,0.6110913,1.4764228,0.38353333,0.12210083,1.4442577,0.89860106,0.7181072,1.4958792,1.8239756,0.6432475,1.9883077,1.7205231,0.5049716,1.3036505,0.76018023,0.00075223966,2.0994573,0.3262618,1.0742161,0.23157549,0.11577168,2.1423726,0.4458017,1.001658,0.62075,0.01987405,0.4648354,0.28412277,0.32448146,0.8355144,0.70119834,3.0530365,1.6590204,1.9542569,1.9883759,1.5440689,0.7672503,0.18604451,0.059730757,0.48488224,0.2277047,1.1338905,all_pothole_images\pothole_images_enhanced_8258ceac2ff9937122850a4c69dd9167.jpg
0.8441336,0.9740018,0.13991283,2.4885435,1.1678753,0.3890623,1.0858517,0.047886025,0.22381553,2.012708,0.17467232,1.6167456,0.8348695,1.6833546,0.12560698,0.20474853,0.35709116,1.5620092,0.5115868,0.41680822,1.5384282,0.10121706,0.22342944,0.6427672,1.8957018,0.48679924,0.08802112,3.0361767,0.0066382326,0.010135758,0.23792328,0.4989375,0.0567669,1.2972956,0.33701706,0.43934423,0.047730576,0.20601721,0.22222914,0.2529705,0.06367243,0.2048529,1.0162783,2.5108688,0.3026145,0.9095488,0.32438585,0.008584147,0.21317987,1.507539,0.023989942,0.12437914,0.3425118,0.6888372,0.8174921,2.764824,0.8239744,1.3299453,0.60042036,0.2758889,2.0268018,0.529526,0.21068434,0.5096659,0.7792008,1.8309227,0.7523187,0.0073428354,0.354713,0.42802903,1.2934982,0.48559734,0.455713,0.26342988,0.67275673,0.0018255454,0.529258,1.9135565,0.004466155,0.059234157,0.012263327,0.9916748,0.18161424,0.33633938,0.62336177,0.13159633,0.179625,0.1531639,1.4243447,0.031553783,0.44659367,0.08066887,0.6137683,0.018798055,0.25261828,0.009996148,0.56715745,0.7226223,0.10518958,1.6886457,0.5187442,2.4059355,0.6031185,0.32869217,1.4807515,0.98401034,0.26104686,1.2755892,0.008613754,0.30393982,0.12035889,0.6848314,0.23758769,0.9511607,0.3124924,0.35858604,0.23912036,0.16820234,4.1469464,1.8402417,1.6769631,0.15117301,0.35342184,1.3126853,1.6577227,0.542249,3.3163776,1.1387758,0.6829445,0.26181144,0.40983415,0.37294748,0.50108624,0.32138768,0.34191427,2.411448,2.7425165,0.1486458,1.9587657,0.014565387,0.89016783,0.40034446,0.7834974,0.31972796,1.0752087,1.0804254,0.31452295,1.2131999,0.19078508,0.5609028,0.34168285,1.8024013,0.29652372,0.21144047,1.1249186,1.5868965,0.78640264,0.0063738483,1.4105692,0.5599292,1.2629615,1.7677033,0.24663092,1.6705861,0.41804418,1.485698,2.0129926,0.1726031,0.90698195,1.8990117,0.07722175,0.39401042,0.64281446,0.18505733,0.0,1.0913849,0.03140029,0.009233028,0.37869045,0.25771436,0.098543555,2.1517022,0.64112073,2.2202473,0.7457266,0.21555592,0.070230335,1.2470052,1.0076609,0.0030096301,0.12381141,0.7090118,0.10413047,0.47093627,0.72261584,0.32336733,1.5381464,0.41140762,0.39840674,0.5338366,0.059250202,0.08467382,0.65189093,0.017032944,0.41191858,0.10349344,0.66609454,0.25016707,1.8331763,2.5291667,0.22784914,0.21502681,0.45901254,0.16776924,2.1806793,2.9239674,0.6071235,0.33089003,1.0850943,0.19644415,0.8663056,0.14862193,0.5137315,0.28939506,0.0026628107,0.71282166,0.59906465,1.0327786,1.0493517,1.1697842,0.41453215,0.012840439,1.6054597,0.04081059,0.0033224723,0.114759766,0.8151594,0.16055357,0.20254348,1.5887376,0.4366318,0.18642402,0.24601842,0.56520706,0.188723,0.049985815,0.5813218,0.21698476,0.10802864,2.7735987,0.9427864,0.09902695,0.2181092,0.28613475,0.55703723,0.6409252,0.18026736,1.7655132,0.6404993,3.6116457,0.8386681,0.17654829,0.19901459,0.06706998,0.36260974,0.18154463,0.40728974,0.395342,4.213983,0.30893534,0.70124924,0.045133386,0.89462614,0.3822567,0.23264456,0.2632006,0.3466197,1.344034,0.90841454,1.7538524,0.45763156,0.3270086,0.46916497,0.40199643,0.1697024,0.3653446,1.7221614,0.4346401,1.8036532,0.872244,0.24070835,0.7069469,0.66340905,0.35215023,0.6665039,2.0645494,0.28302687,0.15700588,0.11260558,1.9063895,1.5797505,0.14836074,0.11294416,0.11183524,3.4371643,0.041907832,0.57384783,0.061125096,0.11318029,0.96411425,0.6805159,0.41967613,1.0521215,0.42798162,0.9084228,0.8143202,0.0006836458,0.4812911,3.8624258,0.6695429,0.72281826,0.040369257,0.82375056,0.9700649,0.05287516,0.9589974,0.05137513,0.27369192,1.7368613,0.5764749,1.1936345,0.0069876024,0.6818446,0.08219682,0.20727655,0.028051132,2.4770133,0.3922688,0.27189726,1.3772446,0.4253731,0.16917801,2.7965984,2.1371653,1.4972101,0.088836044,0.5807267,1.1969103,0.6268416,0.0,0.120408446,0.2193243,0.3549458,0.74311316,0.01629529,0.49425125,0.035920434,0.52734244,0.16145913,0.6457335,0.39439252,0.51070374,0.9235965,0.8230759,0.07252358,0.09269309,0.7006729,0.39059713,0.047880065,0.47307447,0.1088417,0.6154027,2.1977062,0.04287102,0.30193755,0.631863,0.34195176,0.0,1.1754888,0.13335526,0.7470728,0.0023915435,0.2604831,0.4957216,1.1236984,1.7495449,1.8870105,0.017421579,0.20906627,0.74918365,0.6944014,0.3431336,0.61346054,0.25962394,0.06529563,0.2871799,1.1131576,0.1638876,0.22847064,0.119654305,0.05158185,2.3604186,0.20333001,0.3178711,0.52858704,0.6882854,0.47169387,0.7170665,0.8609084,0.17830972,1.5948143,0.36338085,0.18284094,0.9902695,0.50408846,1.2993429,0.05886649,0.11253085,1.268986,0.3108985,2.2952743,1.5441732,0.1253348,1.9163823,2.8180237,0.0894908,0.39813536,0.7897303,0.020776862,0.2567162,0.6555117,0.196292,1.0625241,0.49348706,1.2686129,0.4268231,0.05604266,0.55513835,0.20932655,0.97432685,1.0797198,1.4940468,0.3127425,0.044428,0.05404559,0.049680557,0.36704612,1.2114004,0.07621906,0.47415027,2.552487,1.1411786,1.1139234,0.17825982,0.3058104,0.447159,0.48453003,0.61828434,0.09111074,0.51584643,2.31395,0.2125039,1.1115142,1.6840075,0.10501761,0.23951876,0.20661248,0.025698291,1.2371199,1.004282,0.29523003,1.6901606,0.016430225,0.16172065,1.0476371,0.11569673,2.0654378,1.4572568,0.17236334,0.011690185,0.8580789,1.1805627,0.28543457,1.102202,0.024672661,0.15681283,0.6694849,0.099425934,0.9318125,0.01598212,0.65733856,1.5488816,0.10546329,0.23127206,0.12798782,0.48493487,0.34330127,0.19984992,0.018769437,1.0935254,0.7872768,2.4769511,0.9518135,1.1228291,0.050068222,2.6393986,0.6156388,0.061400015,0.25001025,0.07542812,0.036957033,0.049743414,all_pothole_images\pothole_images_enhanced_825954bfc9dd9c81e8e6a9e9f82ee1b4.jpg
1.3063128,1.245136,0.8556235,2.0683708,0.48925278,0.7583542,0.77022195,0.1057972,0.1547636,1.130956,0.5567204,0.6295552,0.17948312,1.2132261,0.32609734,0.32881582,0.03917067,0.1068687,0.60381913,0.26002184,0.6531314,0.6869057,1.8366604,0.82279915,1.8371495,0.11481547,0.44046152,2.0764148,2.0320697,1.1785691,1.0214317,0.27350426,0.2688161,1.0932368,0.821107,0.17995927,0.90341246,2.6306634,0.21820357,0.34693125,0.16592038,1.0780861,0.9913825,1.3528342,0.4148903,0.56056523,0.14241593,0.27881542,0.37826148,0.013762676,0.4637111,0.57708025,0.2943024,0.43719563,0.19114652,0.3775921,2.020209,0.29942924,0.14392589,1.0310849,0.36393285,1.1475235,2.1461723,0.52523494,1.7129202,0.8361486,0.091161214,0.016380936,0.06446564,0.7587146,0.67902946,0.2868313,0.00018235011,0.44388142,1.1288307,2.5310576,0.10841385,1.0756902,0.5357519,0.26153252,0.701894,0.9638433,0.042270165,1.0282831,0.7532575,1.2292898,0.93217885,0.088058546,3.0463452,0.34043545,0.4218173,1.7806605,1.1642863,0.40785664,0.06800203,0.33414847,0.15857333,1.3502128,1.495148,1.1905068,0.089117736,1.3210964,0.19423957,0.44763327,0.3418077,0.04365154,0.4057808,0.06518412,0.21638177,0.38467577,0.561657,1.3542681,0.51851165,0.9096849,1.1553686,1.382011,1.3678782,0.15480125,0.093332365,1.174592,1.5268754,0.5505138,2.4478123,1.9421223,0.9981384,0.59063166,0.20760864,0.104241624,2.416363,2.1056843,2.3276405,1.0376096,0.67277855,0.87785274,0.2782603,1.4835314,0.90454674,0.97371453,1.9616628,0.21175782,1.5957199,0.68862414,0.24962136,2.4451144,0.8727619,0.47727183,0.444945,0.21486095,0.06395721,1.4723313,0.98635507,0.21731174,0.4455972,0.07426713,1.4013995,0.88370144,0.122348696,0.7682799,0.6196753,0.4748088,0.6034454,0.31998074,0.74579835,3.5127249,0.69684356,1.009218,0.7775777,2.2143865,1.8224194,0.45168713,0.63523716,0.18601863,0.8379781,0.5926855,1.0880945,0.8087083,2.3752017,0.5772235,0.17319109,1.5651256,0.139732,1.4636111,1.849955,1.5741085,1.4912533,0.34791914,0.51898867,0.55677676,0.30976203,0.23154826,1.7920777,0.010800254,0.2576868,1.8176973,0.21344429,0.105480194,0.0531443,1.4227136,0.027833655,1.7252266,0.7666935,0.29101896,0.64417434,0.98444474,0.6155301,1.5415957,1.1309662,0.47184753,1.6120291,0.16739066,0.6474685,0.59009194,0.954303,2.2525887,1.3791946,1.3564516,1.2298825,0.4144613,1.9804245,0.13499042,0.9796695,0.35497537,0.22920541,0.20018409,0.35883638,0.4133156,1.297984,0.45266318,1.4979349,0.46289203,1.2500855,2.1722875,0.22371216,0.12584443,0.44129363,0.7582372,1.4168886,1.3265556,0.34998906,1.0637769,0.6754059,0.004920176,1.3570455,0.24555102,0.18546708,0.1196153,0.4638681,0.70789546,1.3074079,2.8765128,1.1951855,1.100055,0.009372361,2.102006,0.739733,0.15257512,0.44593203,0.22968961,0.52881306,2.5012784,1.6334447,2.7771301,0.53469056,0.045883544,0.28869772,0.13959219,0.113824464,0.54055357,0.7245504,2.3886669,0.37722513,0.53736156,0.86253,0.36836204,0.24983376,0.6321317,1.0317397,0.711096,1.0354532,0.26187763,0.19100852,0.03544095,0.6850165,1.0541662,1.1286931,0.2286361,0.56811684,1.6332827,2.2659795,0.30060884,0.37749308,1.5107148,0.15384802,1.4001857,1.1494421,0.1532505,1.1821313,0.22287703,0.7897685,1.2075297,0.42140165,0.15984102,0.08310808,0.33668658,4.0103126,0.28601697,0.89653754,0.8436645,0.57156885,0.3982364,0.29567215,0.96844226,2.212363,0.80917543,0.08337386,1.0902069,0.007997471,0.8814477,0.5836155,1.0014712,0.25357246,0.54260945,0.2548378,1.5237269,0.734292,1.2528392,1.4391915,1.091148,0.5012947,1.084806,3.3054667,0.9502374,0.42574844,0.88684386,1.1361976,0.34505537,1.8096685,1.427755,0.6733213,0.22129925,0.5110995,1.151919,1.1379951,0.19828232,0.5455038,0.037971243,0.17895393,1.2424608,0.6330973,1.3200649,1.0040472,0.6151785,0.65303165,0.32932618,0.3603122,0.031121496,0.7295987,0.41112712,0.1271942,0.6765287,0.47178727,0.1704454,0.31563067,1.5642859,0.23584576,0.012535334,1.1935878,1.6013952,0.3207123,0.42358747,1.067997,0.56432587,0.20956346,0.41067567,1.7113258,0.7091718,0.21607383,0.90919244,0.6665464,0.43497288,0.1455743,0.07088754,0.20046969,1.7098135,2.635776,2.0606108,1.7211883,1.3586792,0.123775035,1.3605072,0.37182406,0.72696954,0.046302173,0.7159688,0.17252013,0.35789138,0.6919828,1.5005138,0.24574956,0.38777074,1.5580083,1.1821023,0.05459771,2.250281,0.41125348,0.27461025,1.7398032,0.3194822,1.073731,1.4207667,0.63102365,0.41797286,0.39244273,1.2182993,0.29706568,0.34203923,0.7108567,0.78445184,0.035996616,1.0840333,2.2102954,0.2969733,2.1572106,1.9634686,2.1539195,1.7465605,0.60112244,2.4024785,0.70619583,0.7731565,0.5241633,1.6181287,0.51023084,0.41367936,0.45996794,2.5736156,0.9183306,1.2105657,0.22860344,0.33856505,0.94460684,0.2192256,0.44795942,0.6483309,0.010636789,0.58398026,1.5209328,0.28921297,0.9218107,0.70251596,0.93597656,0.53803056,0.17761944,0.3677899,0.76143956,0.39445043,1.1825793,0.30592397,0.4719854,0.5246325,1.1292101,0.7492676,0.64138675,1.0208617,0.753727,0.22403958,0.1344831,0.4903059,1.0518981,1.8801005,0.8922802,0.4494355,1.4809,0.56028295,1.0590705,0.4017005,0.25212574,0.6354763,0.94063556,0.5152865,1.2220024,1.7146078,0.39898202,1.0585402,0.18178445,0.585741,0.45545298,0.33609155,0.9150674,0.6551606,0.10886858,0.49800497,0.0,0.0,0.1046821,0.8144658,0.2202617,0.08729051,0.04955892,0.106318995,0.76352626,2.4793408,0.09393595,1.1700261,0.43807542,0.1284594,0.0,1.5412533,0.028531777,1.3318343,0.3077292,0.41251108,all_pothole_images\pothole_images_enhanced_82b2c3c7e1a03c7303c69253f99abef1.jpg
0.8125988,0.0458797,0.53140163,1.1126359,0.30083135,0.2722379,0.9221396,0.30028152,1.2011772,1.2626653,0.03969924,1.1258569,0.49738798,1.8838254,0.33464953,1.2488179,0.44742575,0.4629322,1.5951723,1.6653781,0.8824093,1.2675061,0.3187718,1.641031,1.1115465,0.9905593,0.23935859,0.9214133,0.54831576,0.023692569,0.30910277,0.43978202,1.1951686,1.3532392,0.18012913,1.1252382,0.026890656,1.4285983,0.590858,0.08507545,0.49346364,0.00084701786,0.2663007,1.2884264,0.786356,0.5721904,0.013374736,0.3082869,1.313977,2.0485213,0.508233,0.23266865,1.5216969,0.17099234,0.715441,1.1062694,2.1331491,0.066381626,0.6780206,1.6228164,0.17983145,0.26442355,0.4194258,0.4712901,0.27497116,2.2719097,0.32727233,0.44876704,0.8429791,0.22306105,0.014319471,0.5011225,1.92624,0.18119395,1.9076072,1.877432,0.016864931,1.3028433,1.205948,0.3067784,0.07297031,0.41213435,0.5060651,0.8285762,0.8668838,0.3442556,0.016649142,0.6618896,1.4783384,0.6929197,1.3469957,0.17764309,0.026617298,0.3854943,0.71851736,0.001302528,0.86661917,1.6623507,0.40244463,0.13774797,0.11488861,2.4820786,1.0564446,0.09164881,1.0296851,0.6678684,0.4732982,0.79156554,0.96432656,0.104346216,0.0,3.3265798,0.2534365,0.5928144,0.09290372,0.1137595,1.9698895,0.83062494,3.8836997,2.3595347,1.9183238,0.9264118,0.75947523,0.8789556,0.6253806,0.43426335,0.20611674,0.9501419,0.65017927,0.007949677,0.779744,0.00079901126,0.40387833,0.15115948,0.06659858,1.4559308,0.25171176,0.34405193,0.9085516,0.4133567,0.15564272,2.6611667,0.45208353,0.7415576,0.0712111,0.81077045,0.033277098,0.6399053,0.38567138,0.057920113,0.6530973,0.43099532,0.0072141993,0.18485878,1.8405831,0.8709793,0.21028048,0.5177121,0.30415204,0.21038604,1.200373,0.83839726,0.072450414,2.7446742,0.12647466,0.6724951,0.2378429,0.72234356,1.0776582,1.9462672,0.015769273,0.10730808,0.11925451,0.43705133,1.8593446,0.19523813,0.44675148,0.04472053,0.28489172,0.3491955,0.66570735,2.2609684,1.8173712,2.404827,1.2774031,0.9060328,0.4652909,1.4156872,2.6797378,0.9211282,0.334145,2.9320652,0.0,2.3264296,0.15827735,1.8352371,1.0118556,1.6292374,0.5766709,0.5529347,0.16713496,1.0347637,0.9427443,1.0359316,1.5496686,0.33426744,0.46243694,0.24297181,1.1364166,0.08384638,0.05806257,0.0024034868,0.42569965,0.95572346,1.1491177,1.2685018,0.010728904,0.101907745,1.0307449,0.3639549,0.07988785,0.8279392,0.12691647,1.9205332,0.20749864,0.47085157,2.787772,0.65804595,0.23213367,0.30929947,0.3540915,0.017955136,1.7919554,1.1054567,2.1359413,0.32140833,1.6447619,0.13515328,0.029570775,0.49692515,0.18014503,2.0584593,0.09008192,0.7226723,0.32713977,0.18805778,1.7186912,0.74258727,0.440231,2.2424936,3.148535,0.36186874,0.6111735,1.8083476,0.5036874,0.081993915,0.7041962,1.3859543,1.0578513,1.2457175,0.13491815,0.01301036,0.009616134,1.1497076,0.726811,0.9117623,0.65105563,0.09338608,0.375881,0.33051386,0.001668186,0.13568947,0.010917526,0.64162886,1.9741516,1.4544659,0.72554666,0.58779716,0.65564954,0.4829908,0.08927118,0.48316374,0.9462976,0.41978952,0.54041314,1.8103456,0.6346843,0.9535503,0.5127626,0.34580272,0.36368775,0.13650115,0.32797143,0.3434326,0.21757415,0.8256776,0.5558171,1.3523546,0.84637654,0.475291,0.5553642,1.1706299,0.46484455,0.8871614,3.8677852,0.042461902,0.382171,0.6061016,1.3685458,0.17861147,1.5232831,0.8757591,3.1242816,2.0348864,0.0018964952,1.7544409,0.050366733,0.3230737,1.9306986,0.5659807,1.1392207,1.0370038,1.2199659,0.16131093,2.3968165,0.33295122,0.09914176,0.692212,0.09650667,0.47495332,1.1452714,0.2639497,0.026124382,0.09667232,0.8215117,0.28823894,0.540611,0.5085065,0.3763472,0.059298884,1.1034945,0.12527716,2.0901382,0.32970372,1.2559588,0.531293,0.0,0.13418533,0.27992854,1.5902628,0.1805973,0.50912815,0.17685796,0.16916256,0.5472469,0.482817,0.04987755,0.3287057,1.6115006,0.31153688,0.40981674,0.25240058,0.26426,0.5496316,0.07997696,2.4015005,1.7184104,1.0264088,0.060395066,1.1117554,2.6795273,0.32306358,1.4618266,0.025291676,0.42983302,0.09737346,0.10915024,0.04503044,0.19911525,1.0208137,0.3904071,0.2175774,0.06577985,1.6994421,3.155598,0.80578566,0.11001219,0.12002131,0.07488591,0.42475128,0.5685773,3.4602437,1.5156425,0.17749235,0.041648086,0.27685553,1.587284,0.87662965,0.66543704,0.0022919744,3.0449555,1.6708198,0.5313029,0.17913976,0.040015515,0.5497027,0.40560132,0.15724304,0.04704541,0.036996435,0.099173546,1.2578471,0.6523846,0.6802992,0.0988205,0.11905259,0.31341314,0.68323314,0.3744164,0.5183203,1.5775797,1.0113906,0.14863163,2.3330963,1.3635302,0.41629043,0.65257055,1.053479,0.22397524,3.6756766,0.20158623,0.91256255,0.526145,0.64045715,0.4038775,3.9705048,1.2890362,1.2433808,0.23037085,0.89095086,0.13160262,0.65770286,0.43712404,0.6117033,0.38822052,0.20464385,0.56834185,1.331707,0.21874781,1.542477,1.6866796,0.28318983,0.24898028,1.997302,0.6636483,2.8111897,0.3310566,0.8163701,0.27565897,1.394012,1.1598645,0.51175106,1.3862189,0.35986856,0.8832326,0.7457766,0.543037,0.0004652536,0.45429754,0.3110422,1.788405,1.1143047,0.16018873,0.32533982,1.9755276,0.954063,0.5971783,2.3469365,1.43171,0.0058632907,0.66573596,4.949029,0.56409365,0.14200613,0.0020406693,1.6197581,0.659022,0.37391093,0.70378685,0.2858461,0.098898955,0.85427016,0.91662425,0.77251,0.43644395,0.2079414,1.4843837,0.46018583,1.3772669,0.6926852,0.2840918,4.4246516,1.4965693,0.2230624,0.66144645,0.82824224,0.28446478,0.49508113,0.974432,0.10576321,0.8139474,0.94738984,all_pothole_images\pothole_images_enhanced_82b58ededd5449a7eb80f8dd2ff8cf94.jpg
0.65879416,1.0346014,0.26113662,1.0906105,1.3848237,0.20714258,0.4872856,0.062053293,0.09996952,0.62154037,0.023617253,0.13911593,0.059152275,1.806536,0.21766354,1.0992988,0.0,0.22532263,0.47313553,0.7234591,0.72672176,0.9771544,1.056838,2.208598,1.9570811,0.8564482,0.41126195,2.128476,0.6883055,0.61581695,0.72265095,0.5438891,1.0421152,0.5451068,1.1192334,0.11117841,1.6319445,1.4643464,0.05751535,0.21750265,0.67064756,0.25574076,0.40200907,1.9726359,0.432163,0.545561,0.12595645,1.2647595e-05,0.19937038,0.12485051,0.7187865,0.11431722,0.8283888,0.60785025,0.18416508,0.53019077,3.2134106,0.0,0.30183014,0.106653035,0.5347021,0.32549816,2.184268,0.5655806,0.6208024,0.9464722,0.28834888,0.010581109,0.15373622,0.47903138,0.814567,0.41087216,0.31628713,0.7811232,0.5003921,1.8644142,0.28947714,0.36341986,0.0044605224,0.16540308,0.0888869,1.5269971,0.01778704,1.4689554,0.2506693,1.377228,0.25121447,0.010315505,3.469399,0.19931443,0.18820171,0.25585917,0.01818293,0.4891703,0.22402178,0.01610104,0.47531274,0.602729,0.107598364,1.8519664,0.044166476,2.3664098,0.23850682,0.0001797557,0.6471822,0.60284865,0.40682125,1.281192,0.10894388,0.56008804,0.419136,0.9934082,1.4241964,0.4689759,0.6424582,0.89100957,2.4506204,1.3579307,2.0636985,1.1403978,2.7564783,0.7445877,1.3672721,1.1641355,0.27241954,0.6014326,0.21377264,2.0391488,1.5522019,0.18687493,1.0516222,0.02014684,0.703257,0.32712904,0.06087954,2.4886737,0.57548493,0.82280684,1.3739219,0.47577628,0.26709685,1.096746,0.018513802,1.0023438,0.5077592,1.1010388,0.18100378,0.776245,1.3106266,0.6472711,0.6465811,0.5872684,0.33787096,0.4218052,1.2868962,0.93741286,0.87709355,0.69836766,0.40946484,0.36842236,3.5009248,0.5585544,0.08631509,3.7374191,0.13579151,0.99043405,0.07038971,0.6304568,1.8737428,0.25654507,0.2721471,0.33529833,0.031598754,0.8606377,0.3002215,0.048764937,1.3841686,0.20543143,0.026853688,0.005597508,0.026907697,1.9838854,1.9712982,2.0039723,2.170087,0.42478925,0.20163618,0.31607476,0.11314996,0.2820907,0.23558085,0.58263904,0.029403126,3.3953216,0.12916479,2.0940008,1.2479355,0.5907687,0.35955873,1.3658566,0.67001736,1.4030795,1.2052354,1.0512258,1.7316393,0.3204011,0.6875473,0.32983473,0.63323784,0.26627412,0.7479902,0.22100672,0.3327597,0.65470463,1.7439332,1.3431238,0.74160093,0.24711037,2.4305866,0.35647178,0.422282,0.004555181,0.071243964,0.18801296,0.16524759,0.7109376,2.0616002,0.8730017,1.4395014,0.045589436,0.20816806,0.4365586,1.4757985,0.015000163,1.6219026,0.25153324,2.9127762,0.29983333,0.07756893,0.3900231,0.6361995,0.07897011,1.5509198,1.1268477,0.26565513,0.004379471,0.6690865,0.95559746,0.44437662,3.0621052,1.3566396,0.04229726,0.80196595,0.16244027,0.100406356,0.202446,0.3493305,0.32063764,1.5138419,2.4363725,0.1222644,1.1283424,0.5652966,0.7769033,0.64523524,1.5008997,0.13471408,0.15729904,1.1965761,0.6870202,0.12020411,0.0,0.56689507,0.034531776,0.5523372,1.1560354,1.2252351,1.7803233,0.8055876,2.0138593,0.03394331,0.8060224,0.6053688,1.1672751,1.3068773,0.45777214,0.71832323,1.4058383,1.3556234,0.051495843,1.1323413,0.2835072,0.054568265,0.9703166,0.122374155,0.2554429,0.08012053,0.2611504,0.18111466,0.37309864,0.929847,0.48965865,0.31819308,0.0056122798,6.982668,0.14582686,0.9663988,0.20608847,0.325489,0.26106742,0.502823,2.5901833,3.4825501,2.4879313,0.1388231,0.5074446,0.0,1.1717335,1.9324714,0.8442498,0.36400208,0.6244077,0.08859403,0.4083903,0.8892628,0.34868583,1.5486641,0.606309,0.0,0.98139626,2.6955485,0.038613327,0.05519756,0.6052889,0.32635286,0.856478,0.92992973,0.9000054,0.09576925,0.12962624,0.20225419,1.1300379,2.4364324,0.022192186,0.1923899,0.0,0.61128956,0.21194752,0.63340276,0.7505731,0.04282824,0.86633253,0.28942466,0.16232418,0.1367471,0.16247784,0.012742216,2.53625,0.17518127,0.7395035,0.051747188,0.25168157,0.7113833,1.091908,0.089980826,0.3402663,0.42941532,2.6332488,0.06614661,0.8958318,1.7861243,0.62769544,0.089646176,0.30391452,0.877574,0.44417414,0.118257426,0.13071741,0.37817946,1.1075119,0.1391698,0.08061987,0.018670646,0.52075016,3.7471998,1.9051981,1.6835716,0.13388535,0.00044590447,0.7642798,0.35186756,1.2237824,0.60587144,0.11165552,0.21870722,0.06436525,1.1660985,0.69206125,0.6780527,0.30293405,2.9483972,1.6239339,0.86078835,1.1893523,0.0760902,0.2539103,0.8120918,0.023904737,0.34147656,0.084928386,0.3877337,0.031086732,0.38396567,0.13628727,0.016261805,1.2831131,0.43590698,1.0303102,0.5193891,0.056736898,0.80680144,1.2861792,1.1082875,1.4915874,1.6910418,1.9684999,0.38997427,1.6769612,1.1997948,1.6137576,0.55474955,0.49709603,0.06795565,0.5509066,0.46999046,3.800403,1.4114484,0.7546169,0.16348475,1.014215,0.6294775,0.4922031,0.1592762,0.13362294,0.0875522,1.1244136,1.1615027,1.0323793,0.20891489,0.12831736,0.41745502,0.6721104,0.36064184,0.40411457,0.50396854,0.29986343,0.7842551,0.50329417,0.391528,1.4156721,1.2034968,0.163487,1.3924804,0.05144997,0.47322658,0.088053256,0.34264818,0.096749365,2.4187067,1.6738716,0.6126569,0.6192181,0.6044507,1.0893998,1.0155532,0.121171296,0.5195182,1.7673676,1.2730879,0.0,0.33208692,4.291294,0.9444675,1.0028597,0.0,0.7358722,0.9339494,0.5772901,0.89065754,0.1414553,0.058018263,0.7917647,0.02256865,0.23512901,0.31969637,0.040623493,0.35237488,0.00874849,0.32917866,0.17670666,0.9264543,4.744037,1.7296134,0.87236816,0.9234899,0.2751949,0.11962756,0.95695275,0.15274811,0.5938006,0.35022792,0.15273921,all_pothole_images\pothole_images_enhanced_82eeaa298248bdc08ac7d26e1b779127.jpg
1.4102138,1.4485383,0.5093364,1.4647875,0.6188339,0.118188,0.71926194,0.014256947,0.4454684,0.23891057,0.4773523,0.0,0.49458358,1.9127421,0.061381143,0.22915453,0.00545581,0.56891656,0.6257954,0.18342583,0.14040756,1.20874,1.0826153,1.8351939,0.42412698,0.6150454,0.55705917,2.1213794,0.02135305,0.23890215,0.54986405,0.40349808,0.80170465,0.92399323,0.7118698,0.75355047,0.47380644,1.1013731,0.101446755,0.46476293,0.33830807,1.2088442,0.73295796,1.2923706,0.19999753,1.891652,0.1058476,0.018700974,0.8334791,1.223057,0.88557035,0.1388627,1.2296073,1.1830862,0.030304497,1.113939,0.39391023,0.07823521,0.7588364,0.6521435,0.609372,0.49809384,1.732274,1.0953689,2.0451314,0.40270618,0.37505475,0.22815005,0.42261723,0.5422216,1.0488393,0.9489188,0.084020525,0.20327972,0.19071324,0.47514427,0.66265726,0.2189979,0.054284517,0.22707331,0.08104844,0.7307359,0.59524065,0.9475985,0.48475578,1.3652714,0.21979347,0.07813676,1.5752308,0.04024514,0.71306616,0.47086912,0.010503015,0.3529924,0.21750464,0.08640574,1.4722184,1.02365,0.4101079,1.2471712,0.25645152,0.16056794,0.6322413,0.43001586,0.14610857,0.7472816,0.3958325,1.4822745,0.2842084,0.56185544,0.14873116,1.2991251,0.5878718,0.04444647,1.0279294,0.6400567,1.5503929,0.48679855,1.111824,0.707858,1.0196173,0.22086038,1.6117707,0.7106706,0.8894751,0.3476689,1.3903266,0.9472287,0.07181841,1.0914613,0.6934976,0.5280145,0.4598652,1.0689206,0.010310938,1.1009146,0.897502,0.60887116,2.0467257,0.65244263,0.97368556,0.3163534,0.15368342,1.4135056,0.48578045,1.1336493,0.02509359,0.20245612,0.69698817,1.3356887,0.08321037,0.58028746,0.23366508,0.04721596,1.0582494,0.34351823,1.1704535,0.073732354,0.54759234,0.7331638,0.38380158,0.3877695,0.06323974,1.9499462,0.5207645,0.5014922,0.9228384,0.58871317,1.4978358,1.2843212,0.2967423,0.27707523,0.07340239,0.124833904,0.34464994,0.241624,1.1607732,0.28246957,0.4017572,0.6410683,0.31456438,2.001206,0.6740118,0.86138314,0.86524326,0.4947931,0.776026,0.3085006,0.33620313,0.75507814,1.2791051,0.48075408,0.926544,0.40157932,0.05857272,0.119683094,1.269633,0.09469043,1.0994745,0.38178712,0.45258102,0.7270511,1.3269044,0.5303777,0.65683275,1.2229168,1.3995113,0.0783697,0.38179973,0.3657406,0.3834624,0.36734536,0.84150976,0.9628007,0.93622774,1.13311,0.39900112,0.113422595,0.603308,0.4234056,0.72815347,0.22342914,0.7073378,0.40198782,0.051470365,1.5965756,0.90815663,1.3287456,1.9039104,1.4111935,0.21607842,1.5491744,0.50973904,0.13131268,1.2170224,0.16184546,0.31792054,0.2619699,0.36392015,0.93054694,1.4718416,0.11339768,0.59075356,1.0085934,0.058996573,0.29743665,1.0172765,0.306379,0.7293829,2.9791107,1.2873465,0.02171604,0.05617688,0.21762359,0.2135407,0.8228087,1.3345028,0.34673595,0.60989136,1.4302593,0.3534177,0.9594227,0.5164212,0.42975008,0.65480053,0.76702756,0.17129517,0.9475801,0.7638664,0.9228031,0.46992496,0.087614775,0.018146543,0.4593752,0.10363459,0.8675463,0.7799638,1.8164334,1.3981094,0.9180158,0.04388042,0.6050129,0.535162,0.066348,0.88657075,0.0,0.67894495,1.6862484,1.7114234,0.13934655,0.67083627,0.728798,0.42858535,0.39485043,0.5539502,0.20134185,1.2961146,1.2476193,0.9986206,1.7077774,0.7603781,0.5566261,0.3010931,0.37880883,3.357011,0.87112695,0.0074109496,0.87017137,0.19993249,0.32305327,0.10806535,0.59923595,2.0561433,1.4686184,0.4311837,0.8167047,0.0436145,0.2972968,2.8534036,0.9151283,0.8153454,0.14380412,0.7740604,0.3608125,0.9342218,1.1602676,1.2557286,1.1556273,0.6293828,1.6721188,2.0754745,0.25301504,0.11053141,0.49534371,1.5532931,0.11964874,2.5361202,0.7111038,0.24942815,0.24748436,0.67366594,0.5749966,1.2637837,1.3016288,0.13616383,0.1150885,0.47877318,0.5257128,0.537377,1.4020367,0.36407837,0.8261351,0.50288016,0.16428655,0.5786813,0.0190761,1.3598047,0.7686953,0.8910423,0.15612817,1.7926128,0.12726156,0.50774616,0.16515213,0.0,0.33255133,0.91798246,1.2320044,0.12905921,0.98927724,0.5070125,0.76940906,0.7401497,0.08956106,0.36545265,0.82783085,0.45393947,0.6538748,0.21295708,1.3390136,0.7091441,0.1310797,0.7924587,0.66874784,2.5777006,2.017147,3.2764041,0.122500725,0.6450364,1.0121824,1.6223267,0.5855639,0.12490467,0.99832356,0.29194266,0.12074574,0.275854,0.6782552,0.71235543,0.14668319,2.4513986,0.44778183,0.08911798,1.0559709,0.6568675,0.4090131,0.5079212,1.2242616,0.9813947,0.010490692,0.40191454,1.0380179,0.5706168,1.0044457,0.2374833,0.310989,1.0218134,2.0416162,0.92561597,0.42798093,0.79808956,0.47165224,0.74134856,0.3682841,0.86524206,0.7320288,0.19836712,1.3595043,1.498037,0.1628131,0.09354491,0.8916716,0.26716417,0.41960913,0.28679037,1.521371,0.5736779,1.741272,0.25472194,0.5375217,1.0953082,0.51110786,0.1368987,1.3029462,0.74891484,0.2813793,1.6555412,0.92490053,1.5054333,0.06450108,1.5894613,1.2368135,0.41066584,0.8284606,0.90135324,0.25196,1.063277,0.6040222,0.8143075,0.21142505,1.2598298,0.50089353,0.9659061,1.2197664,0.079261415,0.85701376,0.3082778,0.022564633,1.7188432,0.9092669,0.8272603,0.7940524,0.2584098,0.78473574,0.19228624,0.5541539,0.38256478,1.5562645,0.7765989,0.3039562,1.2221516,1.8076884,0.5606901,0.8836436,0.027689634,1.1511914,1.5303051,0.37765607,0.5571221,0.749538,0.33837274,0.4841298,0.49777642,0.4220505,0.08645182,0.024482569,0.23302014,0.09480337,0.207498,0.41914675,0.95953214,2.9049656,0.40304324,2.19891,0.58432424,0.67118925,0.69963616,0.42983505,0.3046184,0.2551384,0.28555113,0.28618073,all_pothole_images\pothole_images_enhanced_8333730e097fe18fd6121f6f3f9884de.jpg
0.94023883,1.704748,0.31305954,1.6804348,0.5521805,0.22594331,2.6704245,0.18708754,0.096323505,1.6398271,0.17311345,1.4786544,0.53282905,1.5046084,0.31777,0.21675831,0.6839348,0.23672627,1.5763166,0.5220365,1.064696,2.5926228,0.95948535,1.6838768,0.09300419,1.6833309,1.0924432,3.0694268,0.19290245,0.213472,1.3327011,0.20728716,1.5374745,0.55864775,2.0356922,2.0024898,0.5413868,2.3868978,0.12513141,1.471011,0.015565499,0.58482957,0.48112184,0.9969813,0.5381305,0.8016679,0.6014572,0.018414032,0.17198963,0.992197,0.96920496,0.6271723,0.3037097,0.7988266,0.6409328,1.8266963,1.2388645,0.10425618,1.0788519,0.33201483,1.9564922,1.2644833,1.9241322,0.18510127,2.023666,2.0250726,0.7518327,0.058015782,1.0279365,1.1653237,0.4004701,0.48970443,0.04040392,0.5946798,0.62488526,1.0203123,0.46981063,1.0678095,0.17936227,0.29543132,1.7044108,0.051903978,0.042581145,1.1982346,1.118213,0.8509863,0.15301993,0.26591474,3.125044,0.07292986,0.329518,0.9397326,0.26669136,0.20237176,0.434541,0.20412111,0.4273325,0.54176444,1.1225606,0.18060344,0.011219395,3.0571613,0.6979045,0.8453492,0.62672675,1.195949,0.5910449,0.48304653,0.29794285,0.54124665,0.035561018,1.8391231,1.1253066,0.41959825,1.7719872,0.5069495,2.257908,0.5189684,0.89430845,0.94701415,0.7852146,0.5841756,0.14651972,1.8112581,0.3483236,0.6895185,1.45037,0.9674147,0.39889488,0.7998727,1.583573,0.25539207,0.4743981,0.21529315,0.16632074,1.1681192,0.20028567,0.77858657,0.05977544,0.25135702,1.3615693,0.34781244,0.47350785,1.2329996,0.69386226,1.0784194,0.40069062,0.06365844,0.600472,0.7939056,1.4293342,0.9830078,0.0,0.18805106,1.5173824,0.2854736,1.0987773,0.22383839,0.96213734,1.011888,2.0793724,0.5243358,0.13692382,3.9529293,0.2660053,0.6602992,2.4635806,1.2306856,1.348488,0.026362062,0.6759518,0.70124674,0.11610408,1.0972952,1.466557,0.50263375,0.17864679,0.4429553,0.5867846,0.6457625,0.29921925,1.7421468,1.0962504,1.0617265,0.60671014,0.31887364,0.07744652,0.4834973,0.2735536,0.58331615,0.46843535,0.44807664,0.18718849,2.6521835,0.0,0.40084282,0.07425557,0.95872945,0.34624183,1.2585726,0.03704564,1.0093101,0.80776954,0.5854071,1.0820353,0.51776457,0.4536736,1.6411948,1.246095,0.54335165,0.10857971,0.2221304,0.6746369,0.9491698,0.9937109,0.33842,1.6721655,0.052248135,1.3481809,0.3433677,0.63745815,0.22639738,0.4750033,0.21460147,0.16857588,2.1888325,0.5496437,0.36788806,0.76662725,1.0574276,0.2883057,1.3388854,0.06380262,0.30263767,0.66833204,0.25511238,1.1605171,0.680832,0.00045621447,0.06777412,0.24147855,0.017772708,0.42410544,0.33396074,0.403929,0.2398494,0.38177913,0.13626666,0.60920423,1.8870108,3.0735352,0.19334897,0.99389625,0.018198092,0.66451806,1.1784261,0.8602501,0.4227641,1.1282252,2.338811,0.73745227,0.08107196,0.84130025,0.3403617,0.28423935,0.23150484,0.097297,0.46306235,0.77128476,0.16742486,0.09446533,0.2750121,0.24354349,0.17211148,0.67028815,0.57608765,0.338901,0.8289398,1.3054526,1.0951666,0.84681046,0.2956836,0.52016705,2.6239736,1.869513,0.95060915,0.7584061,0.08063514,0.9567955,0.3338055,0.49074152,1.5725504,0.14360203,1.0561295,0.026134843,0.76003623,1.432888,0.39152902,0.77386445,0.7860314,0.61925095,0.66013193,0.48720556,0.8164406,2.246683,0.18269882,0.23827693,0.6874561,0.5494927,1.2917949,1.9818718,2.046443,2.9394367,1.0266823,0.9322066,0.97600037,2.044213,0.60703105,0.05163261,0.8440695,0.44013304,0.8136839,0.5317899,0.050591372,1.5190816,1.6579679,0.092404775,0.11883324,1.2159344,0.743433,0.7176984,0.7990146,0.15485197,0.10661908,0.3520558,1.5193853,0.831912,1.4629109,0.5834148,0.23709872,1.608974,0.68327963,0.5073823,0.82604176,0.7983462,0.6756404,1.058716,0.3277209,0.6322104,1.3740376,1.5432655,1.0540408,1.2605128,0.113608435,0.32596776,0.78827554,0.9068563,0.45065716,0.17609094,0.16577595,0.8560596,0.40147215,0.842347,1.3356348,0.33128655,0.06811764,1.581155,0.5452078,1.3292868,0.46870196,0.7711666,0.6210648,0.40911233,0.3408132,0.27652654,1.6154928,0.233888,0.41526195,0.054824684,1.092089,0.30514902,0.07875853,1.6464189,1.0825709,2.060056,2.112447,3.1342535,0.2606219,0.6484712,2.400466,1.8034436,0.30372322,0.059283815,1.7806861,0.14710444,0.3250866,1.4589146,0.13931522,0.35266036,0.17467305,0.86050946,1.0077761,0.015351898,0.8685664,1.7457113,0.08269024,0.92483985,0.6171932,0.3049235,0.5742578,1.5404103,0.8203601,0.7792508,0.8649433,0.10595624,0.36046198,0.24404699,1.5232927,0.7953103,0.21285537,2.3661509,1.5001563,1.8918779,2.1655815,3.4039674,0.09122057,2.1478994,1.0919571,1.0091293,0.61343163,0.27399755,0.37941334,0.1260955,1.396887,2.2618692,2.5209055,0.40982872,1.26533,0.44820738,0.17922252,1.2287974,0.45863965,0.27747342,0.032023758,0.44571856,0.13252048,3.3400211,0.97121227,2.003456,1.2159003,0.31151435,0.31724775,1.3128809,0.7457545,0.68384784,0.8220567,1.9795283,0.80016214,0.5368952,0.88384867,1.1286322,0.22642428,0.36710224,0.6859544,0.6646708,1.101558,0.40514684,0.46979514,0.9971308,0.77372694,1.1828067,0.8033555,0.6218811,0.908007,0.70109,0.57371354,1.1954968,0.7037173,1.2164851,0.19728477,1.1644592,1.5021387,0.04322865,0.70708555,0.5000099,0.09086692,1.691807,0.10757911,0.9811987,0.65765697,0.34219757,0.76372576,0.83448493,1.0164489,0.5276437,0.35880655,0.31271148,0.85322523,0.104941525,0.60865045,1.4019107,3.3421085,0.23232938,1.1934938,0.85493964,0.35843804,0.0,0.38636723,0.52229095,0.3013727,0.33593455,0.89853245,all_pothole_images\pothole_images_enhanced_8333bddf347eb27cfc60542c24c6af55.jpg
0.8443055,1.1576331,0.29121727,1.6662523,2.0460207,2.20445,1.0157592,0.08853607,0.11802052,0.1919053,0.18878551,0.035178263,0.23244362,2.8501098,0.16975449,0.057300363,0.74804574,0.41536066,0.9295588,0.5600255,0.23959576,3.0994186,1.4547256,0.5217769,1.0531597,0.8320618,0.77486557,2.7189636,0.45984057,0.14172204,0.28167439,0.15939002,2.6820803,0.04352756,0.43853682,1.3192776,0.4592753,1.5093092,0.16979206,0.9438487,0.29429755,0.6887389,0.6627114,1.7970297,0.78532064,1.12648,0.014299414,0.0,0.8692795,2.526403,0.56897205,1.0016161,1.0670701,1.351789,0.15900674,1.5054196,1.020498,0.32928193,0.41004834,0.5745461,1.6106685,1.4400569,1.8788484,0.17807618,1.6217886,1.5950314,1.1350999,0.4511953,0.36645064,1.2288979,0.38026154,0.27503872,0.12889178,0.385462,0.58670354,1.0357326,0.02648549,1.2246336,0.553076,0.23263928,0.9677203,0.27239695,0.045703255,0.97097296,1.5019741,0.12761125,0.44988194,0.007929161,2.3468068,0.31158477,0.3723121,2.1343262,0.51223445,0.4637223,0.053459726,0.02496942,0.70285654,0.51515615,0.13937369,1.5091385,0.04177506,1.8875124,0.75299406,0.06528888,0.28457996,0.86185336,0.22650523,0.2610741,0.013258887,0.6232,0.31313038,0.92938155,1.3248289,0.02487802,1.9798818,1.4719073,2.0159974,0.1751451,1.451152,1.5880064,1.5835471,0.51220775,1.5169791,2.5435557,0.77983844,1.1654189,0.40456474,0.9032133,0.5376651,0.97909445,1.4484215,0.3372244,0.51375043,1.635763,0.1861153,0.1960209,0.2644794,0.4925853,1.3156693,1.101319,1.2168782,0.12312237,0.018087735,0.14711389,1.4032493,0.9613317,0.70692796,0.084486075,1.111675,0.73603183,0.5278497,1.0003873,0.10840033,0.43372628,1.631901,1.2305884,0.76990944,0.57631254,0.47504106,0.3195332,0.39178213,0.24781643,0.34279683,3.4903412,0.91123885,0.031117711,1.4792349,1.7369426,2.4564636,0.18752909,1.2824748,0.46057168,0.06390081,0.97330225,0.82227945,0.12357949,1.3945985,0.70913416,0.7145941,0.52240956,0.067529336,3.0300794,2.779468,0.43611488,0.4167497,0.38370514,0.27250406,0.101034045,0.42068473,0.4109106,1.4057856,0.37044743,0.061095957,1.1114328,0.14287731,0.00132818,0.3097592,0.33739275,0.15752567,0.69730246,0.10573427,1.3389872,3.0982687,0.4099213,1.2750247,1.1870775,0.1378359,1.0925875,0.85385877,0.45910457,1.1992302,0.38098517,2.1587675,1.4951019,1.154647,0.67917085,0.77715594,0.27791706,1.100474,0.69969463,0.46962285,0.79781497,0.0470466,0.5338482,0.19174564,0.53077954,0.936025,0.12014365,1.5853785,0.3132214,0.7689131,1.8482058,0.4629985,0.512433,2.1377113,0.63423747,0.65061575,0.45194703,0.008554279,0.19747926,1.4527984,0.10390213,0.47685218,0.5120556,0.090063505,0.11087221,0.31342205,0.74183047,0.6128035,2.0277483,4.126554,0.019207735,0.6754789,1.3795753,0.10369292,1.9390109,1.160925,0.34143883,0.8560042,1.8345153,0.42319745,2.3823776,0.881708,1.6272516,1.0336559,0.82386625,0.022613877,0.21342888,2.5174317,0.6163053,0.0058089457,0.18555501,0.1844733,0.5821944,0.030409161,1.0549865,0.466104,0.6307727,0.6927025,0.35400584,0.97971624,0.17882386,0.0009886248,1.1008606,1.0052686,0.027037797,1.04719,0.8685818,1.272842,0.22634478,0.69714344,0.59833574,0.566974,0.06895667,0.29038423,0.8285055,0.4169733,1.0592401,0.4266068,0.026022112,0.70177746,1.1021545,0.30392885,1.1435617,3.9372156,0.30348593,0.027598448,1.824132,0.105314195,1.058543,1.029427,2.2357786,2.219389,0.709833,0.24313726,0.6194795,0.2875205,0.7285342,0.94955647,1.1216121,0.14277051,0.4487184,0.09668424,0.91112936,0.80854297,1.3071451,2.0778878,0.58201253,0.4028712,0.2666066,2.000329,0.4106354,1.2302182,1.1875907,0.7902074,1.3617396,1.869594,1.4337415,0.2306935,0.1950392,0.27415344,0.6019018,1.1131413,0.105852365,0.8790222,2.9722383e-05,0.008156624,0.084166154,0.37237322,2.1726325,0.38792494,0.7162292,0.58417994,0.24652442,0.5476256,0.27334687,0.90687394,1.3583552,0.8271325,0.48978263,0.20306937,0.34253338,0.37829036,0.730304,0.22268273,0.19071758,1.8479166,1.4041895,0.027731076,0.9832861,2.0242095,1.1712607,0.6945135,0.3407754,0.6950532,0.09444907,0.3150805,0.03530119,0.68677723,0.51066613,0.39505348,0.027030846,0.49777526,0.831852,3.0467014,0.82690614,1.5930829,0.09044032,1.1784484,1.5343451,1.4483904,0.11295037,0.22914429,0.8058521,0.06757817,0.014836901,1.1716089,1.0416199,0.544776,0.1462963,3.1514497,1.0412825,0.084039606,1.8983191,0.42809248,0.376753,0.39698806,0.8861182,0.9590312,0.8743882,1.3701271,1.2163844,0.40743256,0.620056,0.055742342,0.319907,0.4502916,1.4347608,0.18658073,0.38334453,3.0796807,0.31063682,1.2637639,0.78765625,2.2784133,1.4493058,1.8090612,2.4743347,0.60030246,1.0464711,0.4631976,1.5946656,0.28103465,1.144054,0.5991082,2.3019087,1.6519122,0.68939525,0.3468128,0.42414373,0.9359344,0.68624645,0.50586927,0.7437772,1.366801,0.9244274,2.2995493,1.1286058,0.06685299,0.5039296,0.63900983,1.1806015,0.22328259,0.12375263,0.39972347,1.1113528,0.5609325,0.23228341,0.69067216,0.1421681,0.40488413,0.16447145,0.71189344,1.3590268,0.9555639,0.40454012,1.2217908,0.44540766,3.0514436,1.4831074,0.7935122,0.6694834,1.0566753,0.19006334,0.29048267,0.27422592,0.41667855,1.1803715,1.2410827,0.30207342,0.050924707,2.5583658,0.38943622,0.27743807,0.0,0.30637732,1.1698647,0.34586197,0.6330584,0.7825442,0.402076,0.43411872,0.09391495,0.34140766,0.42654434,0.014956933,0.26714388,0.1385817,0.30082458,0.008772313,0.32703593,2.9166198,0.5837461,1.6319385,1.3424023,0.111295655,0.002025779,1.0218567,0.8462479,0.56323403,0.5893023,0.69786924,all_pothole_images\pothole_images_enhanced_835af80c8e51969e2823e0ddd4f498ba.jpg
0.011555016,0.83863854,0.07966824,2.5415967,0.5524714,0.30490378,0.09307521,0.20937595,0.2144469,0.89231855,0.40780383,0.38018748,0.41114083,0.89486086,0.0,0.22558507,0.117103115,0.48725143,2.2695792,0.29505444,0.74305505,0.91397256,0.64632833,0.5570926,0.74042434,0.79168427,0.28164044,1.5216066,0.0,0.3164251,0.8078051,0.24407889,0.04309399,0.32119736,0.064255126,1.781916,0.6393512,0.1889175,1.2633241,0.70057636,0.06937643,0.07065749,0.00088556646,0.025741326,0.76882094,0.17591235,0.04610456,0.10725928,0.696,0.6361951,0.58248377,0.080846146,0.3475938,0.10735227,0.033110272,1.258559,0.28701636,0.68312,1.0827855,0.16391098,0.11520551,0.51983434,0.17136689,0.35898265,0.3973114,1.1684464,0.61747915,0.20634791,0.5828744,0.76066923,0.10301079,0.15322103,0.17475061,0.5191469,0.04496317,0.38472065,0.059034713,0.18608186,0.092450105,0.34027085,0.049361236,0.3365018,1.5867592,1.3675362,0.2635654,0.8173761,0.18216532,0.038808253,0.7829842,0.2515757,0.5728888,0.6903346,0.20021883,1.0476012,0.08582159,0.05267609,0.2876003,1.5530573,0.096818164,0.23805015,0.7135096,2.336925,0.00072254403,0.0,0.52157634,0.07918138,0.23827533,0.320686,0.48482698,0.5711478,0.47734147,0.49934864,0.43639514,0.41266966,0.87471735,0.34781957,0.8469635,0.2775761,3.0208995,0.25330248,1.6041951,0.073087975,0.5073712,0.5798318,0.78409463,1.3708562,0.076905265,0.42927226,0.70076156,0.22923504,0.57159376,0.019068895,0.023584187,0.43506458,0.57943326,1.0115142,0.030064005,0.2389974,1.4470807,0.3214716,1.1866232,0.7823395,0.03933358,0.79424536,0.113182224,0.5066427,0.7694713,0.3508475,0.8694306,0.06299824,0.25965616,0.31777942,0.056069653,0.00214956,0.8727448,0.6462753,0.64873314,0.36419603,0.23886524,0.5555078,1.6751201,1.4430707,0.19032952,0.80128175,0.9300799,0.25187716,1.9541999,0.1376955,0.63140726,3.7668555,1.2822267,0.040659793,0.029987281,0.07395965,0.35862643,0.0,0.08247399,0.019922225,0.23688996,0.18006057,0.1086483,1.3401704,1.7791203,0.18803583,4.321541,0.5429101,1.7599822,0.65229404,0.30760023,1.0356055,0.52551925,1.4204609,0.09558352,0.3334525,1.2284067,0.23246905,1.126682,0.9238394,0.44176638,0.20483749,0.2555587,0.9512145,0.31498358,0.59118545,1.688077,0.347641,0.9848954,0.3107674,3.9384778,0.2654002,0.0045509236,0.03998318,0.8420597,0.16320077,1.0423636,0.531692,0.90069544,0.3131773,0.123985074,0.7141975,0.17797327,1.567858,0.51931876,0.12733439,0.07142798,0.14036061,0.40714204,0.17064108,2.8924565,0.28963286,0.008974313,1.1757712,1.6833106,0.32132053,0.09558304,0.35943922,1.5257952,0.18826687,0.543911,0.6035905,0.012621502,0.4223356,0.545439,0.021091616,0.8398001,0.37815678,0.52263546,0.17182583,0.2275588,7.8809624,0.33892673,0.0,0.25805503,0.5321246,0.0007997723,0.70508885,0.87900275,1.2336178,0.39901155,1.3163363,0.13579622,0.18667813,0.023086557,1.2508229,0.0097014345,0.3776495,1.3485413,0.1524336,1.3372905,0.24311097,0.025864854,0.08571224,0.92890024,0.3966175,0.8457968,0.42335454,0.27372646,0.6273592,0.11219626,1.0895269,1.6114893,0.20915301,1.7711688,0.00052696164,0.28375685,0.8791024,0.065208726,0.046127677,0.9032024,1.2147148,0.07055096,0.35968032,0.0,1.3922024,0.39111444,0.4551767,0.0045101526,1.1880381,0.03373218,1.9145999,0.6199194,0.749616,0.16182187,0.0,5.648756,0.25920713,0.2367066,0.10250173,0.3135843,0.5203994,0.002041834,0.7327426,3.6890638,2.9105093,0.52268976,0.5651335,0.013796588,0.62423414,4.1298,0.13366374,0.15624072,0.030126676,0.9884039,1.2421503,1.4061714,0.045397524,0.07212475,0.028585454,0.05106764,0.08878969,5.3557806,0.2554418,1.1424226,0.000977809,0.23922274,0.083851665,0.57546335,0.16874608,0.08206209,0.23519035,0.31488588,0.6107311,2.440894,0.1558181,0.4839788,0.8694497,0.07207155,0.20764026,0.44500968,1.0500684,0.10764097,0.09254704,0.4935547,0.91672623,0.06182487,0.35686022,0.031061374,3.5329003,0.5523029,0.9293836,0.14470057,1.49056,0.67110986,0.21234995,0.24902554,0.034093477,2.0657125,0.4702453,0.027249169,0.62110525,1.5126487,0.07332555,0.094443336,0.17694311,1.026117,0.19992262,0.0,0.2466933,1.7924222,0.096929274,1.229013,0.0,0.09358304,1.2644398,2.312569,0.5232526,0.7452042,0.04686763,0.57034963,0.7002895,0.88192123,0.37974742,0.6867105,0.13160896,0.1399273,0.31265527,0.3978123,1.1764115,0.20214026,0.5751205,2.2952197,1.1503278,0.086290136,0.097900644,0.7640205,0.0029142988,0.34445018,0.6646185,0.25003013,0.00519521,0.31980082,0.76781434,0.2510453,0.38493028,0.043849967,0.9413585,0.506519,0.28161472,0.23220128,0.15977831,0.7170619,0.22373949,0.9948718,1.2647295,1.0910305,0.66719306,1.043602,0.39461315,0.4948292,1.021242,1.4839406,0.76249415,0.67449886,0.4096246,1.0386256,1.0455709,0.8569512,0.67216265,0.22306299,1.1660099,0.1312657,1.4790813,0.77536416,0.050961174,0.21373293,0.3781679,0.07280716,0.7597077,0.35151088,3.1156628,2.0028546,0.09358392,0.87676316,0.0911418,0.056372296,1.42561,0.2144418,0.12960592,0.6245887,1.1128285,1.6362475,0.21435784,0.8937124,0.03208286,0.124605544,0.00037542198,0.008011367,0.047907915,0.42165145,0.50355273,1.4653498,2.1428864,1.1983064,0.23841555,1.106321,0.2843373,1.0241154,0.5890882,0.55577797,0.08023098,0.06470051,2.0279996,0.18378419,0.17098932,0.2454983,0.08398219,0.47974026,0.12368023,0.78831494,0.32770604,0.9916774,1.9090171,0.06490877,0.19430423,0.08466067,0.03326923,0.20048125,0.11667282,0.7124111,0.38034546,0.769412,3.465062,1.1270895,0.0038959628,0.51937103,1.5211052,0.9818179,0.07130046,1.001221,0.14528105,0.891905,0.3600336,all_pothole_images\pothole_images_enhanced_83ada23f0e0d4deda88fe3f764aca2e7.jpg
1.4830034,0.67628807,1.1196482,1.4387441,2.8242056,0.26636454,0.47150394,0.3823446,0.12938677,0.568768,0.14674513,0.2133863,0.14241959,2.2821379,0.974602,0.5823059,0.25945243,0.28086668,1.0076979,0.033685595,1.0252655,2.2117722,0.5763673,1.76004,1.1711192,0.22445273,0.6640157,0.6249957,0.7820324,0.5513514,1.4393917,1.022161,3.2166762,0.34004635,0.40973246,0.8850731,0.307983,1.7307645,0.666718,0.6682353,0.12938921,0.65193886,0.97774786,3.3039947,0.2657508,0.39748895,0.5011743,0.22071834,0.0010732199,0.82390827,0.96023667,1.1519274,1.5487778,0.43932292,0.19680241,0.24666265,2.8257852,0.0,0.22638933,0.89883286,1.4357879,0.3704567,1.262433,0.792239,0.13549615,1.7936722,0.39838976,0.3368899,0.4724769,0.3139404,0.22983684,0.0923179,0.11916622,0.38094577,0.0037197683,0.674341,0.22396687,1.2136644,0.005472114,0.5081472,0.49624446,0.23148933,0.31051254,1.8032295,0.43549824,0.60438657,0.22700572,0.3088689,3.7621307,0.17412989,0.59541684,0.23505485,0.0,0.026661536,0.106593594,0.10383863,1.7421689,1.0110806,0.18153377,2.0673826,0.029670032,1.6207501,0.64956033,0.094550304,1.084966,0.23618974,0.29484132,0.5749819,0.56687826,1.0200568,0.857479,2.5347533,0.987971,0.07264497,0.37750033,2.6679146,2.108132,0.24130072,2.9110916,2.1703455,0.9850591,0.004068647,2.480132,0.7192458,0.5548196,0.5683662,0.60632473,2.8358366,1.0795801,0.42624718,0.3426794,0.0,0.4391412,0.045491137,0.033127382,0.88849413,0.7720978,0.7560789,1.2023134,0.9976515,0.48513123,0.59283686,0.09892726,1.620185,0.6030423,0.6664687,0.117397994,0.6044543,0.42931232,1.8883832,0.65859514,1.3759228,0.31362763,1.5444442,1.7688278,1.1276499,0.42411143,0.2044042,1.8784552,0.81278616,0.6117059,0.8585935,0.07898777,0.6645368,0.01528913,0.13047282,0.037538495,1.0364666,0.15988824,0.028542547,0.03636186,0.24693891,0.2729405,0.7395821,0.54250723,0.118028104,1.8857714,0.17236972,0.17586885,0.044142127,0.019476116,2.9860682,2.3373902,2.4844098,1.2064569,0.9473548,0.49275985,0.24574801,0.88419497,0.5376097,0.2009794,0.27372158,0.4382303,1.9679979,0.82660145,0.5554194,0.4728168,0.9882623,0.93753874,0.32151598,0.31646612,0.8022611,0.62674326,1.0136164,1.0685753,0.8973226,0.47753578,0.5308559,0.3512132,0.04367957,0.23245402,0.23195721,1.4712722,2.631241,2.1213927,0.74354374,0.4135299,0.2749535,2.186183,0.0,2.052661,0.24156854,0.007483848,0.71883094,0.08778595,0.70695466,2.063671,0.8507256,0.2541797,0.595309,0.52183336,0.12417269,0.74978316,0.2789606,0.6272187,0.20118779,2.4982975,0.5309107,0.05209449,0.049131315,0.16394605,0.25086838,0.60597867,0.94576496,0.30178136,0.052511897,1.9173917,0.8163798,0.43673527,1.5595962,3.188132,0.82009435,0.3452348,0.5603063,0.5397601,1.3507123,1.5641779,0.59990776,2.0582888,2.9733174,0.1257034,1.1962869,0.63599986,0.44415066,1.2312171,1.0219778,0.0,0.07125083,0.25621885,1.4400259,0.06495652,0.17606074,0.20440687,1.5062882,0.8366403,1.3381089,0.4947705,1.1025513,1.1304092,1.4263679,0.04066966,0.21129954,0.2609888,0.49463457,0.34796563,0.9558515,0.32869044,0.693376,1.7271373,0.20642987,0.77425355,0.20591417,1.1117837,1.2549946,0.51606977,1.8684143,0.3688721,0.8636219,0.2619951,0.24609146,0.5625782,0.3972815,0.48913205,1.2613969,4.8873887,0.47325587,0.80246586,1.1581534,0.32683197,0.56389564,0.98417854,2.9010358,2.268665,0.51815975,0.4897545,1.1837367,0.021667628,1.3775849,0.86914504,0.15267485,0.10726695,1.3045365,0.47655502,0.09600271,0.4074121,0.2835261,2.4055414,0.036937173,0.6287099,0.4782184,2.050871,0.7843028,0.47735494,0.9919681,0.41684037,0.4725207,2.9173768,0.7936705,0.24069726,0.15523407,0.3294369,1.457771,0.76684034,0.024735367,1.2566998,0.067617126,0.17023677,0.30259964,2.1374242,0.9143158,0.48469526,0.25586092,0.78967637,0.15756865,0.47872436,0.65396124,0.47675058,0.12742732,0.64951986,1.6296048,0.38381922,0.3482317,0.89586383,0.4746901,0.3023656,0.6494215,0.16760339,1.105647,0.05667166,1.6566174,1.2310246,0.7225186,1.2701366,0.114594,0.74032855,0.7561417,1.0112519,0.8699669,0.7819774,0.67022985,0.990827,0.005201618,0.5678327,0.6473436,3.6997247,0.48246124,0.97546476,0.0,0.052896455,0.49156642,0.49360377,0.77739066,0.74962676,0.8932092,0.53110117,0.08209209,1.2827663,0.09300508,0.21281424,0.122062124,1.8152654,0.72259873,0.2377183,1.0362208,0.27965167,0.31686762,1.5798582,0.001241274,0.77105814,0.26660213,1.169951,0.13945585,0.26103368,0.60651,0.2547842,0.47755757,0.48179716,1.5312756,0.05804345,0.11128055,1.7899934,0.98778665,0.35548928,1.2214696,1.8538152,2.1682794,1.2098998,2.0902364,0.33217302,1.3068707,0.0,0.36931145,0.7716529,1.2272865,0.036429618,4.628551,0.52035,1.1319885,0.00011454583,0.62937987,1.3771454,0.9061608,0.27608418,0.7930632,0.6215239,0.42388856,1.2784806,1.4776804,0.2386874,0.19393516,0.98974955,0.48718002,0.4030377,0.3243307,0.5518991,0.8396894,2.2921112,0.26415783,0.027442608,1.4371151,0.8674548,0.7177424,1.5863078,0.57900494,0.24195062,0.75046724,0.76227224,0.63851225,0.52152556,1.0320894,0.43184856,1.542299,0.3962766,0.36593488,0.676733,0.33342952,0.5843447,1.0991948,2.2602532,0.40021482,1.0806986,2.9019024,0.21233924,0.5992068,0.057034004,0.4682525,2.108418,0.24487701,1.7702565,0.04395441,0.030667325,0.84354866,0.038912743,1.7417206,1.1307106,0.1728257,0.21656446,0.023695396,0.07018291,0.058699183,1.4992337,4.4437113,0.5500467,0.8046203,1.9078792,0.34851906,0.03356332,0.3954478,0.15885818,0.4071827,0.85818976,1.0326016,all_pothole_images\pothole_images_enhanced_83ca286376ddf394fcc4bb324aca521c.jpg
0.1677994,0.77513874,0.20888336,1.9012544,1.3671077,1.3122658,1.7755005,0.51141274,1.2123873,1.2486063,1.1335709,0.81712323,0.0012187803,0.8185589,0.2272669,0.80685055,0.098823704,1.8030324,2.7534864,0.9305418,2.084056,0.687068,0.1660345,0.47162953,0.8593191,0.5761465,0.46485412,3.072935,0.7674635,0.3628511,0.56230646,0.103393145,0.6229394,2.0911696,0.106767446,2.078578,0.58634645,1.9612211,0.70295143,0.78207195,0.19702724,0.6241615,0.9656006,2.8112009,0.49212804,0.3989407,1.1499815,0.19355108,1.0486451,1.3113083,0.15431738,0.36224994,0.8632395,0.17771657,2.3278651,1.1872183,2.2095773,0.7639314,1.2259796,1.0008373,1.8018428,1.0648091,2.6379817,0.21834907,2.1934955,1.5415089,2.6898558,0.78220123,1.2134717,1.9342793,2.0514348,0.6739396,0.07348016,0.22002375,0.8475872,1.2638388,0.17158169,1.6029054,0.044232473,0.6431969,0.15112533,1.5592104,0.35151917,1.105928,0.0,1.1550379,0.8906555,0.253316,1.3383173,1.3787818,0.099620976,0.6636237,0.9460045,0.51012367,0.6427878,0.73630977,0.3607266,1.2809464,0.5729345,1.8397793,0.04519734,1.1994873,1.5402155,2.3407705,3.3695202,0.29499668,1.2031308,0.1636285,0.9275992,0.5596058,0.4455237,1.4843944,0.32567397,0.041910715,0.6090075,0.6059255,0.45830652,0.396231,0.97286177,1.5184207,1.6236411,0.0,0.38234442,1.867412,0.4063146,0.8135771,0.60698473,0.75885826,2.0649118,0.6721148,0.6317825,0.17872551,2.1491377,0.67326224,2.3325596,2.4612854,2.081057,1.3392804,0.38609543,0.18492985,0.957089,0.5551881,1.6625901,0.75545555,0.6013241,1.0416124,0.37904996,0.18609393,0.3755598,0.17821023,1.0350943,0.5571885,0.15981445,0.7244314,1.636227,1.0271748,0.76683605,0.15141797,0.50425035,1.3824663,0.48449215,1.0860665,0.7798215,2.0168884,0.43353122,0.13664456,3.5633488,0.9513526,0.31952965,1.5031525,1.688799,0.33488932,0.16183993,1.9608908,0.31589267,0.72042453,0.4552389,0.5654307,0.40096593,0.8038288,0.94673,1.3251144,1.916521,1.3907465,1.3090882,1.7269614,0.45991033,0.51389766,1.4391663,5.006508,0.034926843,0.8283723,1.505927,1.1254368,1.7040197,0.9865998,3.3127959,1.0599782,0.030133003,0.190813,0.2915124,0.70193416,1.2032468,0.015020523,0.57518154,0.086236686,1.1573246,0.704284,0.8020016,1.7746675,0.29359764,0.98713154,1.0331082,0.19142641,2.0407236,1.8944082,0.5090839,2.468398,2.6928725,0.10179135,1.272097,0.29885954,0.29210508,1.0888262,0.069528006,0.8445292,0.11189338,1.6479193,1.8896686,1.5513122,0.61762327,0.15030614,1.2711091,0.567118,0.5790185,0.7052702,0.5138209,0.71031266,0.0,0.33703294,0.41505298,1.3906486,1.2213196,0.70824176,0.3813389,1.4554839,1.7298758,0.410168,1.8962369,3.5837815,1.4608145,1.3378985,0.11591701,0.84039676,0.93115693,1.7883255,0.2796402,0.101487145,0.9826731,1.6387926,1.2532982,1.2346208,1.3842332,1.5742897,0.6856599,0.29608625,1.1387355,0.15700923,2.0287664,0.31882507,1.3523836,1.4944315,4.0003133,0.2673046,1.5769223,0.75457436,0.42678696,1.4297342,0.36378562,0.6185332,0.7990078,0.71804506,0.4179905,1.6291251,2.0030222,1.352161,3.2034678,1.7873183,1.1348283,0.072381645,0.057533,1.2511774,0.8123796,1.2958189,2.774116,0.16382824,0.06826151,0.22651345,0.20383717,1.8682002,1.3042873,2.3148057,1.0292169,0.31825715,2.4497685,0.07052268,1.3070848,0.4841615,0.9061226,2.366946,1.4262626,0.8375084,1.6546419,1.421643,0.837587,1.8255805,1.5316461,1.656893,2.2312956,0.27194682,0.92278695,1.4069684,0.93571234,0.19383423,0.10989269,0.97493327,1.0475093,0.9694303,1.1045758,0.47467414,1.2532661,1.1399232,0.95486116,1.4135393,1.2778318,0.7290578,1.0676206,1.9631276,1.9451721,1.0234753,1.1183814,1.5659744,1.9733018,3.2469912,1.556681,0.12193483,0.17116274,0.78636295,0.72595555,0.8023184,1.453147,0.7910589,0.34700748,0.38015595,0.21256818,0.0019646524,0.17068589,1.5508196,0.9322737,2.0114987,1.3155245,1.172299,0.56526613,2.0583854,0.29622403,0.6573579,1.0280274,0.8201613,0.11853997,3.2253175,0.37255782,0.50197875,1.6753832,1.0828921,0.8150597,0.9697927,0.67531407,0.26634145,0.1364334,0.26431915,1.4928919,0.43235186,0.27259606,0.03991082,0.30580893,1.1169914,1.4982519,2.6304317,0.39517006,1.5178024,1.0452247,0.20063241,1.1434299,0.25237387,0.10383436,1.8298293,1.7081443,1.2242644,1.2177373,0.08476182,0.011221539,1.9010378,0.4437414,0.042531494,1.7162974,1.0591539,1.2216578,0.23752058,1.2016373,0.5769512,1.4757788,2.1370323,0.22369637,1.0468389,1.5559163,0.34950402,0.94604146,0.59987944,0.94215256,1.1993499,1.0498853,1.6707517,0.92957014,3.2277868,1.5972774,0.40008613,1.8609765,0.8995649,0.10394859,0.73708266,0.112579055,0.08861857,0.31070754,0.55058134,0.5166118,1.6156042,1.0209999,0.36447603,0.57481825,0.5092331,0.42685512,0.8079977,0.8931787,0.02020405,0.10706403,0.2512348,0.37654087,0.91222674,0.5827172,0.22933283,1.8669723,1.6256258,0.5238954,0.4470154,1.5100654,1.5070935,0.011061713,0.66322297,0.97006553,0.48598218,1.1144878,0.08103264,0.67857814,0.89150697,1.5771604,1.1434286,1.2630317,0.55247265,0.7422142,1.4611788,1.9418328,0.122020096,0.0016407153,0.14529653,0.08454383,1.4565532,0.067385554,0.9493857,1.1017901,0.08851046,0.060524646,0.9986192,0.45917815,1.1739504,0.38310638,0.56873554,0.42734098,1.6396608,0.8512755,1.1343794,0.35807043,0.2576435,0.6512924,1.137787,0.12912728,0.19839104,0.14409615,0.33197713,2.2855964,1.0539781,1.4180712,1.9558121,0.33660343,0.7682068,3.240416,2.7838888,0.5406515,1.5180717,1.7243226,0.8929744,0.6529902,1.5159541,all_pothole_images\pothole_images_enhanced_83da72a4c6ed9ce9fdcf317f701574bd.jpg
1.6832714,0.13600403,0.31561112,2.0984278,0.6223264,0.15949614,0.1434207,0.48091304,0.6181706,0.13153815,0.1205663,0.11188915,0.33786473,1.2270528,0.08299138,0.7651177,0.03305749,0.92727333,1.4780382,0.44749707,0.6839189,0.5417779,0.68330187,0.12517543,3.2332737,0.35276178,0.9857705,1.6682695,0.2530394,0.018778948,0.14049247,0.41249558,0.9114919,0.23821074,0.2882003,1.1745168,0.12878865,4.426882,0.34485832,1.2329525,0.392375,0.1422685,0.13795216,0.6182172,0.26402172,0.881393,0.3483428,0.019326817,0.38834345,2.402004,0.26276383,0.6996821,0.7262857,1.3021021,0.49451485,2.1122725,1.6077659,0.34958398,0.041801725,0.19465755,0.1389422,0.36736023,0.07302616,0.18708205,0.5770289,3.9674177,0.045463912,0.18919182,2.3759434,0.20625588,0.67401576,0.17993705,0.23699878,0.3806108,0.41911823,0.780814,0.49523562,0.36469144,0.016965294,0.17026235,0.0,0.033550523,0.10928335,0.36829188,1.1716098,0.47058922,0.2624972,0.49008706,0.6773012,0.5748329,0.81417847,0.032057125,0.0,0.46567237,0.14026499,0.12714992,0.52568585,1.2285566,0.60895294,2.112306,0.28634214,3.124843,1.2277308,0.0,0.33878288,0.267174,0.2348364,1.0530636,0.007901323,0.2876597,0.099492006,3.091655,0.39821333,0.8723923,1.0242294,0.24285649,2.7017531,0.043490734,2.8161159,0.9898247,4.2283716,0.81322,0.0944014,3.8708515,0.48997644,0.26275155,0.42748022,2.7998478,0.8192296,0.0,0.6784819,0.05909705,0.30925012,0.41024172,0.13150845,1.7133598,1.4764166,1.8406731,0.562568,0.04163944,0.8085768,0.4596619,0.80819917,0.32998112,0.4839166,0.54707855,0.5882589,0.06767179,0.05948622,0.18002185,1.010441,0.5690853,0.1603716,0.002014448,1.3028525,0.83239776,0.15898477,0.58849674,1.0503767,0.66727775,1.3339691,0.96702564,0.04458483,4.2086964,0.0,0.79054046,0.44753966,0.017855236,1.1843272,2.5962372,0.004128855,0.048049998,0.041752752,0.17296813,0.47574958,0.060710162,0.0,0.03661982,0.3227031,0.08714661,0.0034080944,2.5996695,2.9273186,3.5387788,2.1440585,0.98399895,0.09650869,2.205614,1.6609185,0.78285456,0.35744342,0.673569,0.011468287,2.7560155,0.32987702,1.3974274,1.7588583,0.52929276,0.31148055,0.28678995,0.3899066,1.0246146,1.6661856,0.9819003,1.7561575,0.48273188,1.4622799,0.79183686,1.1796738,0.5884195,0.0034251332,0.0024872238,0.24234746,0.10824786,3.3742993,1.7494067,0.6131954,0.27370724,0.60761076,0.0,0.19210045,1.5831301,0.46702507,0.3031685,0.0775341,1.0153121,0.84189653,1.5852702,1.1548355,0.6995267,0.03248352,0.063333355,0.8398113,0.5080177,1.01081,0.3489594,1.6729275,0.0052965023,0.5069949,0.33614165,0.74568737,0.08950985,0.06304617,0.615708,0.13039017,0.13991958,0.43899512,0.20706832,0.31487006,2.822293,0.72751147,0.82627994,0.6948219,1.0662345,0.45882046,0.002164927,0.8274456,0.19615176,0.19572783,1.5718079,0.22955976,0.086440764,0.34406576,1.2107518,0.8599497,0.60017157,0.02598583,0.5398744,0.92152125,0.55393064,0.1061676,0.24416417,0.030212063,0.24541393,1.7720306,0.7395471,0.6719692,1.4819554,0.012471948,0.97173274,0.4051855,0.42349872,0.4723274,0.28963235,1.040117,0.61312956,2.6357298,0.7178449,0.6446598,0.2992642,0.84607524,0.02619756,0.21713525,0.37373936,0.079780325,0.051779207,0.34256262,0.06282656,0.20850018,1.2768326,0.83033705,0.63736886,0.53235686,0.07549724,2.4365702,0.6065684,0.06705303,0.003962811,0.5852247,0.47440782,0.9332081,0.27109757,1.8304139,4.600039,0.7808342,0.9822428,0.019798562,1.8120992,2.4962466,0.0690186,0.89299834,0.069466524,1.254603,0.09776532,1.6093782,0.3347653,0.8710889,0.0,0.21354422,0.076040834,1.1510807,0.8291688,0.0,0.040642817,0.37569326,0.8738952,0.18299717,0.47712988,0.5948647,0.35068536,0.044395547,0.4659637,2.8667796,0.21268682,0.6779208,0.17597418,0.20256412,0.13995118,0.036765747,1.0160749,0.6321482,1.0164831,0.76737446,0.12160398,0.523542,0.30012086,0.046109997,2.3310866,1.1538917,2.0427377,1.3257664,1.7127393,0.77045983,0.4563865,0.3092033,0.92641383,1.8499352,0.013462432,0.28367233,1.1223264,2.2806509,0.33288154,0.6059016,0.50909895,0.44782516,0.24194592,0.09156704,0.50958097,0.0027615065,1.1198148,0.67566866,0.058980115,0.27499178,0.38955674,1.3149785,1.1342032,1.7481486,0.0637371,0.066035084,0.45211464,0.66019654,0.7356721,0.39564008,0.03828009,0.1379004,0.2388189,1.86309,0.39697474,0.18469289,0.110215895,3.0628033,0.98381907,0.13864347,0.20812246,0.6467513,0.226395,0.09978529,0.15440325,0.7435435,0.0,1.6820984,0.4788085,0.28600547,1.3666123,0.001993335,0.30546144,0.4465829,0.73634046,0.9559897,0.55236536,3.4133785,0.06264081,1.2318571,1.3176297,0.8114101,0.035996187,0.14017786,0.61439943,0.7690349,1.1227587,0.06699902,0.56630325,1.0198933,0.40768296,0.25237235,4.0356855,0.8812007,1.1830243,0.32521337,1.0929878,0.27175638,0.13865383,0.2979841,0.14487992,0.022537045,0.049362514,0.39594376,0.25496742,0.06580084,0.7612496,1.1902292,0.42960158,0.14203577,0.8558651,0.99269384,0.932459,0.082683176,0.0017362705,0.37674394,1.5426122,2.1416984,0.20335594,0.8555332,0.25603643,0.32599577,1.7982947,0.29937375,0.006142241,0.54753345,0.21701597,0.5249358,0.7192172,0.16497867,0.62108535,0.29670602,0.11499918,0.2210092,2.3960626,0.49322,0.26821956,0.059537813,5.4391985,0.38607076,1.0079483,0.0,0.81943697,0.009176401,0.18840301,0.98320675,0.4186018,0.032180935,0.38177973,0.49491033,0.18720748,0.1400486,0.012699073,0.090331346,0.12582238,0.6013888,0.42477316,0.90139985,4.625523,1.2194078,0.3575581,1.7317958,0.700228,0.2083196,0.29755276,0.7620141,0.37677306,0.34532654,0.7571786,all_pothole_images\pothole_images_enhanced_8424c92510d6102bacbfe35d82fcb144.jpg
0.4486237,2.5155163,0.090328194,0.90411144,0.5354165,0.55355406,0.9657205,0.14739408,0.15598577,0.36179656,0.7638904,0.4591884,0.7403628,0.3336313,0.028641583,0.11629137,0.4361248,1.2423745,0.5520005,0.20205548,0.09606492,1.5923463,0.97135603,2.0728793,0.34635317,0.054776546,0.18353713,0.65748596,0.03675936,0.61503124,1.517146,0.5013018,0.7170326,1.8809515,1.7073414,0.8519603,0.2074767,1.0624443,0.005694052,0.072254665,0.33463183,0.009596633,0.34680444,1.9867861,1.2596186,0.15685026,0.1354223,0.0,0.3014473,0.81230634,0.13129671,0.85395926,0.056443788,0.09154578,0.020547207,0.8383431,1.1064839,0.554189,0.518079,0.012476016,0.16574919,0.001526697,0.22175273,0.09316052,1.2531288,1.3088983,0.28325456,0.0,0.7812802,0.37451616,0.0136948945,0.9974127,0.07806528,0.045201905,0.726303,0.27105522,0.54455906,0.11356842,0.0028038225,0.15142782,0.033513427,0.32533222,0.0037038052,0.60872144,1.2762638,0.5691023,0.7891758,0.72545314,1.9527701,0.45038587,0.1361741,1.6482927,0.0685519,0.7787191,0.0,0.0004875653,1.2135046,0.48632613,0.17727181,0.022446578,0.15607955,1.2369517,0.13352007,0.11343903,0.88698906,2.5065773,0.4155042,0.42283326,0.09858546,0.36745468,0.15598357,1.890297,1.044687,2.293159,0.30007526,0.017358199,2.6233654,1.0265573,0.16763529,0.91165847,3.4818435,1.3350143,0.2468569,0.13054436,0.7470905,0.12403504,0.17420477,0.98726857,2.2462864,0.6060159,1.3811169,0.009659238,0.7369199,0.4034827,0.021941392,1.0169526,0.41673335,1.3084955,0.5285371,0.0,1.0877905,0.35822606,0.049907118,2.3254688,0.16393864,0.36580938,0.46627852,0.23932026,1.1410336,0.30256462,0.63062394,0.09668817,0.19240169,0.22293507,1.3127183,0.35269648,0.9854073,0.520035,0.17385574,0.2734202,5.6155457,1.0576581,0.4294728,6.511093,0.10342374,0.58784187,0.29783294,0.2656104,0.7130927,0.6282205,0.28998846,0.0,0.1520008,0.11507522,0.79359263,0.20711812,0.6147167,0.0011353919,0.06293743,0.19715273,0.0,2.8934426,1.8766803,0.6780371,2.6341574,1.1089842,0.7696944,0.8644671,0.065790825,0.08838593,1.1775559,0.48,0.43496653,4.0655193,0.08666521,0.25796774,0.26040196,1.3066802,0.32682648,0.7200884,0.23852028,0.8855151,2.4980502,0.50152045,1.5776657,0.5667129,0.99143815,0.89383763,0.16516271,0.017912649,0.0,0.8723314,0.11879037,0.0250836,0.44152132,1.1776413,0.5619874,0.09350805,0.46310186,0.38391143,0.013319254,0.71913284,1.7189758,0.06686354,0.03015942,0.8286985,1.1914454,0.015302497,0.8857085,0.030578151,0.1471507,0.122343995,0.7038775,0.27263662,0.61361986,0.24128331,0.8816332,0.10269127,0.069936864,0.9988809,0.34243587,0.058428958,0.26810345,0.024511974,0.30067182,0.21140733,1.080575,0.7525963,0.5255186,2.0248888,0.6203825,0.38911882,1.3405575,0.0460252,0.20708294,0.10914066,0.41901046,0.18704353,0.0,0.22512233,0.3215095,0.1710354,0.051607337,0.49636436,0.35161808,0.1781614,0.092220314,0.77416295,0.27488708,0.3478511,0.12357486,0.21839075,0.00995888,0.20697741,0.37297228,0.46787876,2.7709503,0.4477235,0.38422552,1.6630211,0.3807962,0.2024165,0.6573797,0.097163334,1.0196868,0.45656586,0.9013747,0.11665982,1.0005909,0.72239184,0.93253887,0.010086476,0.1908542,0.8700712,0.29963088,0.20601346,0.6241784,0.82875276,0.35376093,0.14510691,1.47462,0.7559065,0.2825019,0.08365569,3.5671573,0.5377815,0.18518698,0.90248084,0.00039382745,0.4608165,1.2466983,2.171888,2.3276162,0.47865728,0.1286439,0.3183747,0.14576267,0.18943857,1.0783465,0.12528726,1.6561233,0.6248584,0.043580804,0.4505614,0.417267,0.81573737,0.057207514,0.10486611,0.058462102,1.1135468,3.3267243,0.51908094,0.5245137,0.070494995,0.0020898425,0.5003634,0.0035108747,0.25412253,0.091211684,0.5060842,0.30343524,0.84294486,0.204465,0.17415753,0.13674912,0.5229249,0.7273018,0.02851697,0.06955819,0.33498982,0.76781166,0.34404287,0.2747328,0.30382565,0.31277123,0.4680364,0.052757517,1.3163214,0.23139489,1.1490779,0.72108084,0.8381571,0.9152268,0.03381043,0.04458048,0.2381965,2.5747805,0.02447878,0.5585573,0.0026742,2.7969792,1.1467742,0.54985327,0.4684283,0.4615538,0.927426,0.038835656,0.42441013,0.06731589,0.7650114,0.22624634,0.33592075,0.024785427,1.3269689,0.98158175,0.93529713,0.8535396,0.047504466,0.023045067,0.45210382,0.77845854,2.2717721,0.04397439,0.10070283,0.39610004,0.17456588,1.1053476,0.7366644,1.3309845,0.30230197,5.685731,0.9760268,0.60545653,0.47023436,0.072877035,0.31503513,1.2180815,0.85389155,0.0,0.2504309,0.3906675,0.16676207,0.5079858,0.67230844,0.04574013,0.0744318,1.0540365,0.17995974,0.039034296,0.04143483,1.7946076,0.48908913,1.9278381,3.9027407,2.4553576,0.19755207,0.8921417,1.1563199,0.22262545,0.21309339,0.0377742,1.7853218,0.6506258,1.0235063,0.8021912,3.068629,0.8018776,0.3704752,0.6648425,0.5273449,0.11932918,0.39783582,0.04877289,0.47480983,0.12657858,0.2993649,0.14493868,0.2463322,0.5273283,0.6492658,0.60229117,0.15887685,0.41062665,1.9786428,0.9689697,1.096104,0.40510893,0.9175944,0.25565284,0.76628643,1.6327302,0.97635853,0.70312274,0.03935973,0.23067716,0.07835744,0.012778387,0.042006493,0.4030263,1.8449659,0.85066175,1.1457044,0.45779052,0.017883116,0.9426028,0.007154868,0.35640228,1.5319656,1.0251731,0.11786105,0.26617888,3.3032818,1.2925588,0.6316921,0.12250647,1.035991,1.2657173,0.3116072,0.3156425,0.007252129,0.9952666,0.15573892,0.25944677,0.021957373,0.04354941,0.24441688,0.021820188,0.27971068,0.0072548958,0.22384739,0.6064131,2.4478161,0.82862204,0.1436288,0.15884767,0.32186514,0.12193938,0.009994624,0.42415008,0.36873665,0.47636884,0.2973453,all_pothole_images\pothole_images_enhanced_8458e1383850aa4ed2cdd8745b2d50a5.jpg
0.25718534,0.7929534,0.08768522,1.1708293,0.2906065,0.16030861,0.0773312,0.7032821,0.39304376,0.26949024,0.27732167,0.32358596,0.26307923,0.553246,0.0,0.2519412,0.2899713,0.31724063,0.47839805,0.20145722,0.21196528,2.4915001,0.23435634,0.47957897,0.48629066,0.30224854,0.0327703,0.30740184,0.0,0.23217022,0.12072705,0.0010927862,0.021659931,0.64827526,0.095599115,0.31963298,0.59022063,0.04553139,0.918247,1.2653219,0.15150183,0.07065911,0.281901,0.22933389,1.0786291,0.14028491,0.33637524,0.05927581,0.16133253,0.12219205,0.56472224,0.16914447,0.047558676,0.30971855,0.111827806,0.23950246,0.7112339,0.16108792,0.4264536,0.05071332,0.060664155,0.028944392,0.051304996,0.28378177,0.75728106,2.5807467,0.5277998,0.020687401,3.026946,0.6485176,0.23000997,1.410106,0.0203817,0.014318182,0.1550059,0.1914758,0.109077394,0.20608255,0.0,0.02142825,0.0,0.28370544,0.11050231,2.1133535,0.31166786,1.0596964,0.2530312,0.042768598,1.8880092,0.4642422,0.086541556,0.033623938,0.27289957,1.1641117,0.15953237,0.06496169,0.99632627,0.55351776,0.16596991,0.033570528,0.83342046,0.3866299,0.94173414,0.023319561,0.09660924,1.0713844,0.08767167,0.3466968,0.016770532,0.15504283,0.0,0.9320114,0.36377352,0.35401082,0.41534376,0.10949247,1.2343167,0.4064957,1.3258861,0.4979152,0.5346125,0.24314553,0.65815645,0.07403336,0.18360955,1.2475629,0.0,0.36621732,0.33324537,0.28718343,0.91621524,0.05418636,0.7793367,0.04841824,0.104181744,0.48457178,0.01705999,0.06304225,0.87108195,0.19297431,0.03988578,1.2625252,0.0,0.788163,0.12682371,0.051589414,0.35923743,0.46893457,0.0,0.76487994,0.0733222,0.9048921,0.098112084,0.08379228,1.6588007,0.27833128,0.64347154,0.14946909,0.37487575,0.11500775,0.9690511,0.5416995,0.026003418,2.8273082,0.2354146,0.28930676,0.81776,0.0,1.0736771,1.4317104,0.03007549,0.10429503,0.0944739,0.024658095,0.2880387,0.41573656,0.0026377323,0.0,0.34352657,0.17271908,0.17886212,1.1908524,0.8473224,0.7430077,2.9999819,1.1137509,0.154751,0.1861227,0.070505925,0.34285742,0.12387986,0.23707822,0.13125947,1.2760623,0.6426054,0.09044285,0.26864383,0.05654915,0.14952427,0.43736306,0.612407,0.34181097,0.078434035,0.9059158,1.4165677,0.90564775,0.9570158,0.0,2.013388,1.0940363,0.0378015,0.49496892,0.6541448,1.0178428,0.5260574,0.40433946,0.28488687,0.028191956,0.5307301,0.4444528,0.3690814,3.3035533,0.23323993,1.2163963,0.2177957,0.08679094,1.1937246,0.00050543156,1.3963869,0.2381624,0.34836414,0.29768196,0.42265895,0.0,0.36577496,0.019847888,1.0871488,0.006104881,0.15873687,0.10446113,0.23604333,0.5560125,0.3049202,0.05542317,0.23849872,0.0030775636,0.7291674,0.04325958,0.47139347,3.1322188,0.63721806,0.5097653,0.43075028,0.021886686,0.023360295,0.019284949,0.753609,0.55127317,0.366074,1.29215,0.0,0.03499374,0.32138136,0.6421066,0.34938455,0.0900514,1.6121086,0.34810576,1.545171,0.11626031,0.0,0.58826584,0.19331537,0.30913502,0.42255414,0.875028,0.68743324,0.17015854,0.09288953,0.18424053,0.14086942,0.0532494,0.6666492,0.0,0.4118336,0.101093836,0.25884837,0.20122638,0.4670312,0.43793932,0.10667188,0.45891616,0.08058943,0.5648443,0.15728684,0.26942447,0.67289865,1.4462155,0.49072358,1.2022849,0.663497,0.29495734,0.011250321,0.6309819,4.727733,0.2764787,0.0033412213,0.5098353,0.039805055,0.018582523,0.34070793,0.117796615,5.007922,0.79225826,0.02277834,0.3046861,0.28586388,0.7962324,1.9047712,0.24698098,0.19797866,0.024076814,0.0028081227,0.44692534,0.181908,0.4370757,0.5799241,0.09820147,0.58023,0.20228837,4.7858396,0.7320343,0.15379705,0.0,0.05473662,0.4762267,1.0879829,0.3983272,0.20173466,0.21987002,0.009793485,0.50338495,0.9493376,0.009598402,0.060882412,1.5586957,0.16947336,0.49228993,0.15293182,0.5174792,0.32498565,0.263721,0.09343008,0.48154646,0.1919667,0.31094497,0.0,3.1081119,0.6858121,0.8117112,0.0060449424,0.12159233,0.10762438,0.07338585,0.10065305,0.47910234,0.99611163,0.067059174,0.3703218,0.007308203,2.40773,0.16177817,0.4334075,0.096534096,0.37822536,0.08197874,0.00896676,0.04833322,0.15080205,0.28763324,0.22989623,0.22855252,0.4987779,0.6468351,2.4415355,0.22063367,0.33084837,0.07318797,0.16228266,0.7394334,0.12276974,1.3018321,0.0738925,0.028950378,0.005053798,0.116375275,1.3189298,1.4815859,0.17623366,0.36760864,4.881303,0.45199546,0.14878885,0.14383194,0.79889613,0.07099641,0.7117765,0.78771716,0.002485596,0.13754341,0.13360754,0.26462662,0.47662765,0.58726394,0.036237232,0.12288918,0.19986145,0.40785167,0.2533877,0.13911529,0.52833056,0.9658117,0.71913314,0.80960643,0.4906451,0.5309452,0.1407376,1.0659295,0.046496302,0.33588603,0.35411102,0.37525725,0.21963052,0.67674154,0.95297986,1.843338,0.4898801,0.28874218,0.0,0.5147857,0.0065977364,0.22363761,0.33246967,0.3922421,0.46204236,0.027082967,0.62455773,0.18510479,0.24542372,1.0191222,0.8625495,0.40919915,2.1063566,0.7574894,0.26449323,0.8144881,0.077727415,0.046326607,0.35574657,0.5338782,1.1446047,0.039419726,0.4993026,0.26386765,0.2146866,0.27804652,0.111250915,0.12778322,0.061945025,0.4532171,1.0901133,0.9575488,0.0,0.14542402,0.9156513,0.22374998,0.058787808,1.0702386,0.19925636,0.14151473,0.3657962,1.361164,0.9706578,0.033726573,0.12939696,0.11449938,0.029416418,0.04582107,0.85744864,0.057184603,1.4745246,1.2561295,0.2526471,0.123124294,0.022656556,0.046728853,0.15178767,0.5228615,0.013175632,0.0,0.31525382,3.3394706,0.44320685,0.060759623,0.007928165,0.8208957,0.06998713,0.19445871,0.64111364,1.0087236,0.01933724,0.4725282,all_pothole_images\pothole_images_enhanced_8478f3fcc5accc180230d6264c12cf5f.jpg
0.7659951,0.8787098,0.040344458,1.7813207,1.4366411,0.1296249,0.7475221,0.3551361,1.5378324,0.4829963,0.019082895,0.41650966,1.4609216,1.792145,0.06014448,0.3105966,0.17536144,2.884905,0.3519423,0.3925868,0.12544005,0.9373775,0.27819884,0.5228858,0.8755299,1.3322555,0.4583363,0.46836638,0.0214872,0.8310521,0.39332193,0.25298625,1.1086491,1.5694358,0.10907021,1.6279324,0.01317216,0.70132244,0.43024015,0.49425435,0.310006,0.31637862,0.0048874686,0.5154094,0.45575655,1.229575,1.2630417,0.27004766,2.014173,2.7316537,0.632182,0.5043112,0.15582106,0.3026404,0.5959279,2.734432,0.66540396,1.3059875,2.6565154,0.22751948,1.0997835,0.2059164,0.13030857,0.7214515,0.36953714,3.1489232,0.8408933,0.7255232,0.7918494,2.3665893,0.7321047,0.35903352,0.4063446,0.33209103,1.3260205,0.09036033,0.683287,0.9088264,0.03316422,0.5661395,1.4661089,0.2576553,1.6385813,0.75204796,0.8338735,0.64854276,0.23627709,0.11063461,1.5280812,0.9522999,0.76823395,1.090705,1.6678962,0.1821024,0.17815357,0.1255295,1.6719795,1.0468403,0.20173874,0.22228047,0.1266978,3.374351,1.2341458,0.30449072,1.2330822,0.80366266,0.6270909,0.43926457,0.4922788,0.8328468,0.46519485,0.5431975,0.41969833,0.879305,0.69102526,1.1278349,2.0433002,1.7870649,3.9158509,0.26593697,0.41264927,0.20195313,0.8759565,1.5407652,0.98581856,1.9713974,0.73111457,2.173262,0.87571746,0.2292552,1.4822764,0.054008823,0.17331551,1.2015996,0.2320369,2.4334536,0.26338795,0.38220435,1.8857979,0.614676,1.6331125,0.0,1.1357635,1.5498481,0.58592075,0.815353,0.2008413,1.7277193,0.38224062,0.42135173,0.6576836,1.3060728,0.42310566,0.7766309,1.220065,0.9580179,0.8808107,0.39928553,1.0312649,0.5955806,1.5832921,2.5745924,0.012393594,0.83731437,1.0742825,0.0154038295,0.5530432,0.6008893,1.1921134,1.4291223,1.3970011,0.10494706,0.0028154606,0.552728,1.0856925,1.1828778,0.008746411,0.65828514,0.6479177,0.23274544,0.011780489,3.1715305,1.956121,1.3058712,1.1863647,0.58548236,1.2598563,0.6164635,0.44795063,2.7236931,0.84168166,0.052764483,0.44984338,0.85605556,0.19217122,1.3585938,2.0133789,0.42515308,0.26778427,0.58972985,0.18121462,0.69505095,0.5458738,1.1490365,2.1439054,0.18765037,0.8153845,1.2759932,1.151981,1.956591,0.14276001,0.105580345,1.3421037,0.43186072,2.1022105,1.3377131,1.1543055,0.41493848,1.1874849,0.07064663,0.45123267,2.0597477,0.24670756,1.1853797,0.031704865,0.23096295,0.563293,2.3691363,0.949537,0.16934267,0.05986426,0.38086691,1.7631513,0.34363556,1.0170017,0.065053836,2.4418542,0.5887264,0.4160853,1.0647075,0.41253424,0.19193497,0.28406638,0.74223834,0.48154354,0.08739848,1.1104001,0.54908395,1.271827,3.559702,3.5746293,1.0367665,0.50296557,0.13209572,0.49396166,1.9107997,0.32798627,0.7860459,0.076924205,1.8281639,0.3045384,0.7631554,1.2524004,1.2989359,0.18042222,0.34711182,1.5825671,0.32631102,1.2866747,0.24923815,0.2330564,0.071086384,0.25566638,2.4321167,0.3602094,2.2167141,0.26481774,1.3024454,0.9250893,0.38111308,2.035366,0.72808886,0.073873386,0.2156785,0.4964765,0.9283554,1.602734,0.032115065,2.2340643,1.0033641,0.37637964,0.5659783,0.905743,1.4590014,0.11575897,0.16451544,0.4491673,2.686479,0.09163858,0.81723034,0.53309476,0.21264632,1.0341535,0.2753969,3.1651566,0.3464573,0.64611167,0.1655856,0.12043727,0.53964597,2.432938,2.552274,1.5946575,2.980376,1.4304897,1.8336294,1.0479251,0.4713679,4.293444,0.08046122,0.75665474,0.08255872,0.9720236,0.29108566,0.5198279,1.0207258,1.5164827,0.40157464,0.6110633,0.17323186,2.1918375,1.1973664,0.22190456,1.0372094,0.12719934,0.2650359,1.8118609,0.15796205,0.32254708,0.7102938,0.55297804,0.11431759,1.9815829,0.9026877,1.0299455,0.56580555,0.203238,0.07950661,0.2951892,0.53540456,0.5972219,0.36220035,0.62921077,0.10871061,0.33668798,1.6426096,0.059490673,2.1149168,1.4161729,1.6486424,0.93935174,1.7803086,1.2555825,0.20370772,0.10048882,0.27340794,1.5411485,0.16284199,0.43054748,0.21615863,1.8070632,1.3809822,2.213038,0.18794234,0.28587165,0.672509,0.22526115,0.5896784,0.47490698,1.4058772,2.3972468,0.5588449,0.25082707,0.8595971,2.6379,1.5908101,1.2155591,0.036549017,0.41104665,0.8669991,0.8029913,0.85039777,0.29911277,0.34137464,0.23752543,0.067379564,0.80911535,0.18346709,1.1926616,0.9328786,1.7762047,1.472608,0.27614352,0.18668607,1.0471941,0.22242905,1.2814583,0.24751784,0.0,0.060185626,1.9488862,2.2184112,0.42800778,0.69717544,0.33091912,0.63287646,1.0654091,0.5205665,1.4568756,0.0038041214,2.933798,2.0441523,0.96604085,2.7619572,2.1885753,1.2970624,0.39396623,0.17072712,0.05978635,1.3773679,0.12281949,0.36275584,0.81150246,0.43790177,0.38984323,1.1497097,0.6550005,0.2597037,0.017057203,0.73466223,0.4443676,1.9711169,1.1471565,0.3564619,1.2312133,1.0576123,1.2868383,0.5601654,0.11355707,0.48457572,1.5764506,0.4965744,0.195082,1.3502834,1.4774581,2.4058914,0.15623851,0.13112223,0.22942023,1.4555287,2.348286,0.26516148,2.366685,0.5366921,0.27940437,0.10717346,1.2539555,0.0929836,3.5167708,0.19359869,0.43800914,3.060948,0.19238369,1.0422434,2.4847035,1.1468612,0.09998137,1.6665448,0.12900689,0.019512018,0.42321664,1.387323,0.49762025,0.86244285,0.15787895,0.6008349,1.4638225,0.6542131,1.6780925,0.47925216,0.7168478,1.056782,1.0512636,0.3685125,0.69286835,0.16695037,0.018302575,0.21824023,0.7552856,0.35282707,0.28409702,3.5000064,0.284474,0.38291997,0.93386,1.4977096,1.0749189,0.19041145,0.4317518,0.59150815,0.18020178,2.4608352,all_pothole_images\pothole_images_enhanced_84857aa3a36d53910a6a6d775c81ead6.jpg
0.747438,0.40096396,0.8996946,1.8042283,1.2974792,0.90086037,1.4602393,0.32783863,0.5012444,0.5390747,0.13338993,0.5887571,2.4502826,0.6877991,1.1944269,0.06975144,0.544563,2.6164613,0.5097352,0.05158773,0.9073329,0.043936357,0.88470995,1.514831,0.602269,1.0620528,1.447849,0.67579675,0.81428033,0.41307542,0.4398191,0.32920703,0.72220904,0.8194443,0.51318496,1.1321766,0.4132488,0.95302004,0.10553312,0.0,1.1470958,0.92571855,0.67388433,0.83424,0.44946927,0.5870225,0.54951817,0.55808103,0.92564654,0.15624748,1.0240234,0.8217102,2.6573486,0.1875259,0.75680345,1.6688627,1.2153695,1.4895265,0.9616115,1.361375,1.2762308,0.78191835,0.450825,2.315917,0.80426794,0.91667134,0.11389396,1.1660815,0.23583107,1.1415981,1.6972078,0.24743266,1.2584238,0.5757372,1.1330608,0.2866308,0.558571,2.5386355,0.002101348,0.506431,0.67400205,0.49259356,0.20187658,1.0655813,1.123296,1.0006901,1.0382888,0.5953491,0.62013495,0.6158635,0.25700194,0.3216914,1.1445785,0.96033704,0.114232615,0.94759995,0.32813403,0.77259433,0.57365084,0.4897193,0.3252741,0.37695825,0.55531967,1.8680056,1.4811635,0.4571158,0.9919002,1.4939963,0.51080596,0.19334856,1.2227125,0.077982314,1.5948458,1.2592946,1.0669664,0.83789575,0.32631114,0.2240897,0.5026418,2.2162435,0.92585516,0.14372346,0.8413905,0.91530746,0.75616264,1.7990339,2.3995974,1.3191147,1.5069293,0.8363101,0.748026,0.090075634,0.02853005,0.2965564,2.309852,1.0567291,3.3525841,2.3595839,1.1420692,0.5235105,1.8786688,1.3457254,2.9318635,1.2466712,0.8679932,1.3896512,0.96842676,0.67622656,0.49033666,0.016407643,1.3849543,2.23797,0.83381057,1.5396924,2.0066519,1.3202071,1.4224169,0.43501768,0.50587463,1.769575,1.7846243,1.2237704,0.27315208,1.204489,0.37337106,1.4446326,0.95842105,0.8341576,0.46918628,1.3078035,1.3676163,0.20208491,0.2832934,2.0734353,0.19757812,1.9166719,0.7638588,0.45034626,0.14557168,1.2623944,1.3124679,0.9635713,0.59993243,1.0570691,1.4508265,1.5324947,0.020182474,1.3211446,0.24835531,1.2940989,0.11625275,1.906305,1.2806158,1.1402582,0.118038535,1.4420999,0.826289,1.1314083,0.11147201,0.268342,1.4278287,1.2622237,0.12239285,0.17195149,0.9966296,0.721175,0.3282032,0.45745498,0.40032822,1.5813596,0.5345868,0.33250278,1.6150963,0.97016627,1.5834928,0.15713386,0.44384703,2.752274,0.7997739,0.04847438,0.9777881,0.25105152,1.0261829,0.07662846,0.0015023078,0.71580714,0.9839723,0.15928751,1.6440035,1.149068,2.321943,0.07982572,1.018807,1.6104891,0.2998989,0.12580486,1.3041542,0.932253,0.043100014,0.488752,0.4013179,0.49387622,0.6102683,0.75248986,0.28646213,0.32907718,1.1896697,2.0218792,1.3523427,4.218709,1.0249503,0.36614788,0.19539854,1.4867731,0.81162804,0.9886806,0.7967822,0.18837275,0.771603,2.296736,0.5580293,0.6024934,0.9766126,0.3075581,1.375458,0.29372934,0.049593195,0.4151464,0.8837438,0.19150092,1.0666441,1.3132551,0.9025203,1.1617869,0.36124662,1.48778,0.17157874,0.5161902,0.6722456,0.98342925,0.5034747,0.880771,0.36752614,1.4377017,1.1197016,1.1291423,1.7189922,1.3074889,1.3500412,0.39835382,0.9974846,0.53281325,0.85171384,0.96125215,1.0592918,0.3548833,1.1261041,0.6507292,0.19093443,1.9999412,0.55879176,1.2574571,0.8014573,0.13628219,1.3169624,0.27715048,0.8863422,0.0048818635,1.443215,1.7549474,1.4034542,0.9889805,2.303624,0.9871906,1.6875046,0.9689002,1.2053412,1.1138883,1.9174365,0.97677314,0.99071383,0.14114279,1.8315818,0.7469551,0.023454646,0.57426566,1.6959314,0.7467933,1.63342,0.02578951,2.2954402,0.29962772,0.008839539,1.216487,1.3679785,0.44832033,0.7892024,0.7095757,1.7232401,0.9164582,2.2701404,0.750781,0.39263445,1.6439455,0.7172247,0.27731588,0.51264095,1.4563384,0.82976216,0.85979575,1.8473828,0.9729109,1.0850865,0.7974308,0.8810034,0.4146528,0.29426846,0.7252394,0.07584756,0.5328922,0.54041874,0.71724904,0.36016005,1.3618169,0.027713887,0.051913302,0.46580154,0.5585757,0.3285839,2.4782774,0.012219222,1.3348527,1.3937602,0.56989896,0.88146436,1.1412691,1.2308357,0.16481878,0.524358,0.9778182,1.2618608,0.6065349,0.2820145,0.8839256,0.73071194,1.7866126,2.2138784,2.4741898,0.3293203,0.5043028,0.38345325,0.25990143,0.51933926,0.35401997,0.29069048,2.6243136,0.81843626,1.1231469,0.30635318,1.4953414,0.060933754,2.0933902,0.42443803,0.024334995,0.7599991,0.92448896,0.6975207,0.23897426,2.627853,0.61835605,1.0099425,0.33945212,0.03099558,1.7624441,1.6807578,0.35701653,1.0173736,0.14056888,0.49546334,0.86979914,1.0033045,1.1739664,0.91267663,2.1458213,2.4055014,0.9546725,1.6904751,0.97337496,2.4854991,0.4273036,0.8660427,0.11187253,0.6134113,1.4969419,1.2645987,1.1506543,2.9816303,2.2859876,0.73167586,1.1138752,0.9576738,0.28292695,1.0151098,0.27323982,0.5438363,0.17534836,0.37565807,1.7023082,1.4477895,1.1064945,1.8518457,0.5172521,0.24701865,0.20836169,1.0086161,0.62316114,1.7965739,0.30542836,0.78039324,1.580809,2.1179495,0.5081393,0.9134082,2.0792775,1.231365,0.8451546,0.26302916,0.027254894,0.52780336,2.3655872,0.43334758,0.18593803,0.7687818,0.42643753,0.27251777,0.26764148,1.4632611,1.8926252,1.2119983,0.5761598,0.36037332,1.216159,0.76064634,1.0387889,0.11976183,1.9205481,0.28928775,0.023798889,1.7169933,0.4358975,0.4211607,0.1561226,0.29706356,2.2747157,1.5630432,0.74033916,0.0057754554,0.09339928,2.1744409,0.8367236,2.1717117,2.3510356,0.7327889,0.26400697,0.97892433,1.2819871,1.0174307,0.9504695,1.3525171,0.4822309,0.58004594,0.999745,all_pothole_images\pothole_images_enhanced_8485a91171ec146e1fa117dc8cda236f.jpg
0.87877685,0.2823559,0.06941661,2.5738797,0.6492814,1.1181924,1.859979,0.10158101,0.013557523,0.5477488,0.54680985,0.498136,0.019551095,1.2835337,0.049313918,0.12000111,0.17425385,1.637602,0.6188804,0.13502243,0.70040166,0.8786987,0.53005433,1.052892,0.77761,0.16929494,0.0091382945,1.7073237,0.01390098,0.0,0.29242948,0.29054692,0.082602605,0.4537504,0.068110816,1.5128593,0.57234085,0.23623532,0.28937963,0.58697546,0.0,0.051216785,0.17135285,1.0630835,0.42263198,0.49872532,0.36189276,0.049080294,0.21780117,0.9638247,0.03195421,0.62481976,0.03058993,0.019422753,0.8420268,1.5034817,1.4724982,1.3876147,0.11610279,0.09170321,0.008177274,0.29320377,0.77530366,0.05839301,0.92937595,1.0808533,1.10152,0.27738792,0.33894435,0.0,0.24719004,0.05044101,0.060564846,0.021423602,0.0034977815,0.0,0.0,0.35787264,0.010905706,0.010605279,0.006330572,0.5850349,0.19098847,0.54382837,0.46305954,0.0,0.02295916,0.020772198,1.5025992,0.058151174,0.32629102,0.35989535,0.007357146,0.25640944,0.008686599,0.0062701586,0.9302752,1.4266516,0.8317706,0.63264525,0.19458932,3.1713715,0.56791216,0.014147792,0.9369114,0.698182,0.17103553,0.4326046,0.45258695,0.93023604,0.0,0.6009901,0.77550226,1.7904928,0.2304926,0.36711377,0.7268134,0.24775732,2.9151704,1.5947063,1.1515313,0.88577074,0.052934173,2.0947146,0.073860556,1.0753413,0.082876146,1.2859955,0.48483142,0.09093537,0.31547707,0.15234934,0.014568364,0.7867649,0.36264163,0.34727305,0.0,0.25821173,0.064928286,0.00066632853,1.1360761,0.03290143,0.121978015,0.26645926,0.1335856,0.5535673,0.22804865,1.4756236,0.045455534,0.062395405,0.0142471,0.36637464,0.16918431,0.0068908213,1.5999292,1.6075853,0.57855237,0.5963884,1.768558,0.26736614,1.4516598,1.8299283,0.023863748,0.6593929,0.73881745,0.124379195,0.9500548,0.104828425,1.211948,1.7436755,0.49919903,0.009180747,0.24783593,0.33341217,0.4596549,0.30932048,0.044536304,0.0040426506,0.1312521,0.0,0.15099609,2.3621266,1.4755569,1.8167089,0.10546062,0.008732162,0.40609416,0.44666168,0.37494907,0.47523162,0.20014897,0.32145303,0.33167672,0.554356,1.200843,0.0059691714,0.8299118,0.35395852,0.52009666,0.031220732,0.43079966,0.6625062,1.4194695,0.0,1.0498419,1.093932,0.62046707,0.20569544,1.6530757,1.4160327,0.0,0.07782583,1.2199023,1.6254003,1.3396131,1.5864042,0.5867255,0.046110764,0.031995226,0.11867334,0.15927795,0.7981486,0.1304368,0.01824426,0.00081317534,0.2089206,0.945824,0.3049435,1.6653241,0.18141474,0.123274215,0.17349453,1.4437969,0.6713601,0.8649023,0.39104834,1.5776331,0.27195254,0.576866,0.36623335,0.30861476,0.012766621,0.19836308,0.013931283,0.17387113,0.00015985375,0.6415924,0.035446726,0.12859803,4.8163514,1.8582133,0.17954655,0.0037981486,2.0091708,0.02856253,0.846771,0.04982413,1.1734964,0.21772534,2.3740394,0.5103294,0.053427577,0.62085164,0.5135541,0.14848356,0.008962597,1.5648316,0.10240415,5.0092387,0.042669285,0.819297,0.03388955,1.1578372,0.27889976,0.094312765,0.72580606,0.011196396,0.078291066,0.15743864,0.91470337,1.4086889,0.15355329,0.53325546,0.20934537,0.0,0.15077566,0.32047737,0.5533437,0.71583366,0.794864,0.20507538,0.029815506,0.005900336,1.8093392,0.33247018,1.7196496,0.6180974,0.17083271,0.74492496,2.4381776,0.5434067,0.14699677,0.064246885,0.12873928,3.9281104,0.020362321,0.0733667,0.0005066151,0.003791348,0.29787728,0.40223628,0.8330781,0.3453302,0.87113136,1.3490262,0.042226285,0.0,1.57349,3.9786663,0.6541603,0.8449642,0.0,0.8077132,0.0136710685,0.14015129,0.64439917,0.013100387,0.048719272,0.21332087,0.026456468,0.09891958,0.06717788,2.0870101,0.0034752702,0.0,0.0071860105,2.9763389,0.6502477,0.7652759,1.0931559,0.22139564,0.06906592,2.575218,0.8987634,0.8357046,0.0,0.006285123,0.035374098,0.0068416335,0.010364107,0.08515222,0.12195008,0.019304195,0.22706716,0.05126411,0.13230582,0.13729031,0.34198686,1.1746887,1.2984552,0.14826559,0.77194345,0.23391604,0.011213549,0.0,0.009546087,0.4787369,0.0,0.5570418,0.21076612,0.7257884,0.17897567,0.54649353,0.0,0.521432,0.021555392,0.6726866,0.019014096,1.1653689,0.15862873,1.2450823,0.02190997,0.1239708,0.5050608,0.83061904,0.013396681,1.1116589,0.076964386,0.645602,1.5025737,0.8746854,0.0976048,0.094284266,0.15908603,0.0,0.045076225,0.8256218,0.026103657,0.17174412,0.07017477,0.124886274,2.2569652,0.8288943,0.22638468,0.24279176,0.40035412,0.23160028,0.4800277,0.5597014,0.45255932,0.1560597,0.25213814,0.0987504,0.43175066,0.0,0.67346936,1.119718,0.7225192,0.93850255,0.0014128889,0.98024344,0.7604767,0.50320244,2.3196304,2.1536572,0.78258574,0.71040124,0.0990668,0.10323011,1.2481288,0.28365958,0.11315315,0.44326508,0.040100135,1.7639904,0.9598373,0.048481997,0.012614582,1.1009705,0.24462128,0.48091468,0.34390563,0.19973132,0.017987555,0.4551056,0.048856102,0.6140327,0.096283406,0.028897163,0.4899253,2.0275202,0.6821261,1.3504817,0.04997186,0.016001498,1.0064901,0.3509253,0.019387312,0.24521382,0.7970134,1.794101,0.6379275,1.1141288,0.003490753,1.1034094,0.0,0.065429695,0.038740207,0.78739494,1.3534781,0.8035935,0.7842378,0.0011247406,0.62107944,1.535639,0.0,0.4043007,1.1385093,0.47063452,0.34703195,0.27033707,1.2064369,0.51907766,0.076839365,0.15963829,0.06936359,0.37271485,0.014364486,1.1138134,0.07163135,0.26866835,1.6712817,0.04790127,0.0,0.05574117,0.112495944,0.5273778,0.47185472,0.069656655,0.06160071,0.09461971,2.8530498,0.4217658,0.5032487,0.35761198,1.5982989,0.3095995,0.5609989,0.5006229,1.0372852,0.030915698,0.025717394,all_pothole_images\pothole_images_enhanced_849c19c85bf23f536a266e42d9cce7df.jpg
0.4793784,1.5221492,0.013472256,2.2215123,0.6380717,0.03348781,0.4948004,0.0,0.19532768,0.6916273,0.2688186,1.0641156,0.13991527,1.0016965,0.00901236,0.50091344,0.18314679,0.40239275,1.1352901,0.114049755,0.60839206,3.0993857,0.1758615,1.025817,1.726877,1.7488182,0.4525479,3.2650769,0.26643172,0.9069377,1.0681474,0.6004725,0.8283087,0.12026687,1.1600227,0.3435331,0.13994893,2.5397005,0.1905688,0.32279435,0.0005135006,0.008222615,0.10969805,1.5413357,1.2732955,0.19889966,0.064813,0.00039301082,0.20571493,0.48154795,0.7900282,0.006074554,0.70561576,0.25029922,0.46543783,2.6498282,1.3008329,0.18088152,0.29450762,0.22647297,0.4224396,0.37366247,1.1439224,0.005109426,0.4947853,0.6760878,0.7253158,0.4541821,0.6581398,0.8824869,1.0962776,0.32987398,0.07733361,0.61470157,0.19710433,0.87714446,0.2379958,0.25990802,0.0820281,0.12333868,0.036731154,0.5712278,0.0,2.7096233,0.46255815,0.36663964,0.60329306,0.5147665,3.0980809,0.16641407,0.006043532,0.9533786,0.011683973,0.24045947,0.003547062,0.32367802,0.5478321,0.49884748,1.0261729,0.47244352,0.2279631,1.3605535,0.6239493,0.034660034,0.008847404,0.41326043,0.31933096,0.024807028,0.033022128,0.0431624,0.0,1.3259677,0.5816094,0.072576776,1.5920379,0.23312119,0.9589031,0.24438447,0.6719074,0.37031406,3.8644195,0.15900259,0.1513514,1.4514971,0.7712006,0.8628933,0.9356161,0.5609728,0.94013166,0.15120004,0.7082924,0.0017363662,0.75352,0.17078242,0.33295557,0.14496392,0.57516986,1.4124384,1.388964,0.672328,0.52790886,0.07109152,0.0050241877,1.2339389,0.10022866,1.2182125,0.09370963,0.008915977,0.16748893,0.60492533,0.8415247,1.1021031,0.0,0.17108169,1.2808354,0.11179031,0.8614727,0.042225167,0.51768744,1.0310135,1.394956,0.7184387,0.21266875,4.0645037,0.011068572,0.17812485,0.3934241,0.09701911,2.1889052,0.60835,0.29615024,0.11229882,0.0,0.19366813,0.27150196,0.08118132,0.36317164,0.043358516,0.29674515,0.1693895,0.025585722,0.9286435,1.8912715,0.8027941,1.7202785,1.310167,0.30237517,0.015313049,0.41354072,0.96106577,1.0407782,0.4191101,0.044526387,1.0236609,0.0118146455,0.8398656,0.06852822,0.020746699,0.014730988,0.71098876,0.42450207,1.2462577,1.4014797,1.3149009,2.696928,0.34757796,0.20409615,0.5084246,0.5868439,0.007457811,0.12915681,0.19097207,1.1193606,0.015241591,1.0310364,1.2863157,0.936872,0.0024228983,0.6505331,0.4177473,0.24175192,0.27462193,0.35739493,0.041209053,0.036072962,0.65752536,0.270862,0.1903764,0.9174062,0.9191189,0.0034643586,0.22488177,0.52993304,0.30839053,0.4684272,0.13210537,1.6910686,0.02263764,0.00049234834,0.1699374,0.27269864,0.0,0.035422288,0.1107265,0.19020532,0.19816469,0.36412594,0.10796504,0.8419238,4.851906,1.1826797,0.0006680713,0.5731118,0.15380254,0.07876868,0.060714293,1.8261949,0.07857323,0.99719864,1.3996744,0.22224604,0.36160588,0.42109787,0.1715724,0.28007352,0.3807602,0.0,0.84405506,0.71407753,0.18565261,0.0,0.0,0.056597218,0.2650574,1.1805692,1.2801001,0.18969567,0.3081296,0.35646966,0.6689299,0.95211446,0.27564952,0.22126536,0.6645419,1.5924097,0.16532104,0.9347454,0.2868838,0.562261,0.22641525,0.032719813,0.034412496,0.0,1.2739159,0.8450435,0.028625658,0.37077308,0.7976367,0.0159615,1.1656271,0.6288396,1.1758002,0.09461069,0.18020162,5.252017,0.8454975,0.022126948,0.5426506,0.025055222,0.89174676,0.043155033,0.94949746,2.5002587,0.7123988,0.0,0.8290783,0.16357198,1.2131345,0.9547306,0.07714226,0.039668478,0.09202913,0.14944556,0.212057,1.2636924,0.8167721,1.24075,0.52129173,0.25381556,0.3183764,2.667277,0.018389378,0.8112331,0.017708352,0.009322819,0.49515384,0.4621448,0.50750995,0.03139335,0.1805191,0.6740201,0.4999998,1.4249389,0.22550583,0.6147055,0.010957885,0.12108285,0.3964113,0.563364,0.9931488,1.3832042,1.1176113,0.0,0.3716188,0.07553513,0.029781139,0.55545026,1.5907267,0.48552704,0.37017262,0.012753629,0.0,0.8598654,0.43534634,0.20996216,0.09889768,2.7052422,1.3085209,0.045193136,0.69083124,0.978697,0.3596791,0.021650644,0.78609574,0.008773531,0.85116917,0.010208753,0.4840883,0.042919427,0.53136975,0.0034700965,0.03429141,1.1386006,0.50581235,4.1949377,1.8919777,1.5015775,0.18212363,0.013680982,3.1442287,0.99059093,0.0,0.047249213,0.2788197,0.08320009,0.040264912,0.7737021,0.16466655,0.054119863,0.11968339,3.0541284,0.91309744,0.07850974,1.1318433,0.34307635,0.21415924,0.3423746,1.3420316,0.445449,0.09947241,0.6614574,0.24109732,0.8533906,0.5209119,0.08430793,0.10352726,0.26907858,0.0553471,0.031002738,1.0296979,2.241099,0.0896293,1.5246172,1.1304474,1.4443698,0.3272279,0.35103038,0.84868556,0.32273716,0.64596885,0.85253125,0.1948758,0.032829165,1.3063395,0.13776343,3.095155,1.1283684,1.2626811,0.14887697,0.097470395,0.53370124,0.14225209,0.1776429,0.7241333,0.08231227,0.43676987,1.6682816,0.28241372,0.40025473,1.2866856,1.304206,0.17675434,0.6934466,0.16548108,1.1735715,0.10554728,0.8875598,0.22797285,0.2816858,0.9220744,0.8499737,0.10949146,0.65780026,0.07676867,0.7175824,0.32138658,0.02917804,0.029638484,0.85509694,0.93465567,0.48845014,0.48285758,0.36485556,0.3255722,0.27033675,0.0049166046,0.4252288,0.49456164,1.4160576,0.0,0.009682567,3.0837238,0.35962883,0.6930799,0.0,0.041174226,0.73259324,0.25631788,0.07327548,0.07849994,0.15174083,0.47197753,0.13474427,0.0045053796,0.0031589358,0.0022689183,0.0,0.10573734,0.26156044,0.049068537,0.11262493,4.622194,0.88356435,0.16651566,1.1084088,0.4453952,0.02708199,0.40438652,0.280148,0.11193848,0.31423166,0.16409296,all_pothole_images\pothole_images_enhanced_84ab0d207414af289309b07c55648b6c.jpg
0.72245395,0.3584899,0.11917356,1.5143613,1.1076666,0.12695417,0.8338032,0.15342332,0.15238047,0.28776428,0.07869259,0.69988793,0.2825442,1.1532356,0.09958824,0.09808404,0.122380115,1.2057513,2.0886154,0.329584,0.5252937,1.682192,0.03669956,0.21499851,1.106396,0.99836046,0.5669094,2.0725284,0.40810883,0.0,0.30968583,1.590694,1.497405,0.14130563,0.72519743,2.8780482,0.3243486,1.4094694,0.20797305,0.42421925,0.025018366,0.2569096,0.039385255,2.61917,0.17002271,1.355754,0.1308168,0.06682706,0.72128356,2.2265182,1.2074153,0.09651242,0.6755143,0.19178209,0.11790085,1.8104726,0.845451,0.2624755,0.70742846,0.084258564,1.1420757,0.090609744,0.060603395,0.006155656,0.7184276,1.919632,0.2456988,0.50994986,0.47366682,0.17130661,0.054572124,0.07439781,0.11624976,1.3687887,0.27944753,0.9056577,0.06969369,0.8146816,0.16185346,0.41733417,0.074741505,0.023859702,0.4556903,0.1116172,0.85029244,0.068007305,0.16446969,0.056287345,2.1861038,0.72787285,0.11168606,0.8553954,0.006821388,0.030017123,0.0010979814,0.03142371,1.0909085,1.6765591,0.44927523,0.36851183,0.06428692,2.1210356,1.0601257,0.0151363155,0.83071274,0.41306677,0.49020222,1.5581102,0.0376306,0.04098424,0.0,1.6159621,0.43647617,1.006064,1.6006769,0.6904882,1.6369486,0.32234368,2.8190768,1.2087629,1.7760417,0.000793836,0.022503464,1.2643718,0.30748934,0.6932262,0.61658794,1.7781959,1.2969581,0.026742652,0.19672826,0.08142719,0.13957249,0.14513776,0.014863797,0.10590458,0.19520305,0.77145386,0.8859109,0.024942558,0.47424093,0.033448383,0.45069173,0.62787944,0.07492617,1.1108344,0.595894,0.8015552,0.046718773,0.18734819,1.1948721,0.1572534,0.027583394,0.0,2.142528,1.0897913,1.9495379,0.038555447,0.9610087,0.64926505,0.3497504,1.3954309,0.1031486,3.8903975,0.010288391,0.10584249,0.111012414,0.12302852,1.0020806,1.6112932,0.01507298,0.0028958383,0.06718926,0.22606318,0.71917474,0.23881175,0.045856196,0.17590751,0.30147082,0.14775106,0.0,1.8535172,1.5302256,2.2696412,0.71643907,1.4933683,1.0135884,0.61898476,1.1346321,0.095851526,0.01421697,0.4152794,0.00018891475,0.7680267,0.15601756,0.60052234,1.4076177,0.031942002,0.514536,0.11204313,0.27326933,1.6772436,0.6090207,0.99702483,1.6251847,0.63244426,0.95108527,1.0168058,0.7033695,0.07068597,0.049955424,0.10512112,0.8560256,1.1240499,1.9051653,2.408058,0.7025581,0.07210378,0.32811373,0.049257748,0.65508753,0.63103855,0.45340803,0.17251053,0.0036606928,0.47000492,0.33480287,0.6949661,0.4201648,1.2953148,0.0,0.08150085,0.43481484,0.31571355,0.20481668,0.10566782,2.9760642,0.0023139636,0.0,0.47441614,0.21639134,0.24584039,0.0,0.053933017,0.36900586,0.8131717,0.93084496,0.5017717,1.0005895,3.2125773,2.3343744,0.09736403,0.33737504,1.014652,0.16754493,1.616625,1.0768489,0.54058224,0.61335063,2.1418467,0.018360345,0.12947148,0.81026536,0.63904536,1.0453496,0.176746,0.2935773,0.72220594,0.24752365,0.34170204,0.025520409,0.008740749,0.11791264,2.0972493,0.9161976,0.38810936,0.22020954,0.19887023,0.92419916,0.49144292,0.38851056,0.11555104,0.8546311,0.04850877,0.25483766,0.1953606,1.0455554,0.15360174,1.5854442,0.26303065,0.9400823,0.14966322,0.3567021,0.38516375,0.040613722,0.006396471,0.13348544,2.1292837,0.14461908,0.5070864,0.98028827,1.5277084,0.44419885,0.6817825,4.333287,0.53122383,0.11393609,0.21269445,0.06103437,1.2317734,1.6882243,1.2211138,1.5094999,1.5201334,0.49882242,0.7378733,0.0015560419,1.1609753,1.9569001,0.23299526,0.9025905,0.06272721,0.5764845,0.34108546,0.62875926,0.032988194,0.46089557,0.0,0.5432697,0.13549018,0.9634111,0.18760827,0.38528582,0.0,0.0135986805,0.7489227,0.1895216,0.16383786,0.36700788,0.76178,0.7003896,0.2209617,0.46143213,0.1159455,0.90576327,0.13677898,0.17755897,0.01987184,0.5672856,1.2009287,1.1585917,0.90287566,0.2592192,0.055369195,0.24631843,0.08728931,0.72952396,0.36864728,1.0851787,1.1622641,0.63678217,1.1351413,1.3319606,0.6776397,0.34496894,0.39838308,1.4978218,0.15993658,0.0488246,0.67017907,1.5874463,0.101689026,0.93248,0.20692542,0.16675752,0.21741378,0.7501925,0.30387056,0.22673793,0.08318391,1.6066296,0.0032495065,0.09252324,0.5807988,1.5583249,1.2959279,0.76199263,0.02410582,0.7625193,0.30132154,1.1256336,0.38527572,1.1035082,0.0005651823,0.02648843,0.016531127,2.2269816,0.12836193,0.1056618,0.20280622,3.347701,1.387383,0.09229229,0.7180078,0.6578313,0.10239593,0.11087519,1.3142217,0.51290905,0.040003616,2.6571462,1.6828587,0.28925064,0.88731617,0.0,0.4922576,0.26657513,0.18794304,0.07377241,0.017127357,3.7494447,0.18371375,1.252231,2.9147632,3.8777633,0.11719199,0.7473057,1.2997087,0.14592756,1.1391218,0.49465865,0.3464043,0.970447,0.89885056,0.99680406,2.6024544,0.2899723,0.31044888,0.09206928,0.29269654,0.1859018,0.16545187,0.5823367,0.21848106,0.25595248,0.051814277,1.8265321,0.19041736,0.1588659,1.0832288,2.9504368,0.25102544,0.0384419,0.96169215,0.5178437,1.2694191,0.6828583,0.11176488,0.09653944,1.7697352,1.8758591,0.4011299,2.426011,0.11649898,0.72391385,0.14691179,0.3036331,0.020890713,1.007405,0.5503977,0.38414326,0.7706528,0.011969695,0.5531004,0.7214255,0.037327915,0.27444568,1.8490511,0.30785725,0.011182493,0.4711257,2.9081745,0.15925214,0.023711724,0.0015330059,0.18845262,0.32124516,0.594667,0.6125073,0.055538367,0.41424015,0.3545206,0.5741648,0.3368781,0.016623281,0.0007850187,0.007492988,0.017705193,0.73847485,0.32172137,0.6245614,5.157173,0.2156634,0.084215194,1.1783037,0.42933553,0.054531258,0.20487176,0.20201102,0.15003,0.4458179,1.2998049,all_pothole_images\pothole_images_enhanced_84be2d0251c0fe8dc91397b907dba966.jpg
0.70979095,1.9355446,0.89064217,1.379151,0.96868443,0.29504895,1.3238049,0.017301627,0.14706564,1.290326,0.06719713,1.7057045,0.04267218,1.8618709,0.3156858,0.7991196,0.5928299,0.50763255,2.7039697,0.42615756,1.3168081,2.873879,0.46390083,1.12002,0.2367248,1.6336489,0.9610624,4.433065,0.5546904,0.2466015,0.4612468,0.055624727,0.65651876,0.19010347,0.6866768,2.1944144,1.0407369,3.124572,0.7096667,0.843215,0.14323151,0.43945998,0.42854935,1.4964635,0.6652754,1.012896,0.3072061,0.0,0.91615766,0.96044374,2.0700638,0.330862,0.40237355,1.0197141,0.22986053,1.3577507,1.0994669,0.017883316,1.2069272,0.3260976,1.5450287,1.6183717,1.9652859,0.011999956,0.767897,1.3768677,0.718837,0.066854075,0.60707635,0.25616238,0.1818533,0.30585656,0.3205318,0.6130395,0.741858,0.8291492,0.4424382,1.5712165,0.42172125,0.32753077,1.2617717,0.0009906476,0.35798588,2.4064212,0.75085783,0.1507924,0.5080796,0.07320341,3.7454274,0.4192831,0.10550238,0.40369982,0.18871264,0.15503098,0.35663292,0.04365174,0.5719561,1.9381359,0.8074795,1.4893621,0.07680168,2.3351665,1.2243968,0.44071555,0.25537968,0.2709366,0.97135246,0.24128765,0.28741175,0.8732021,0.06421071,2.5580063,0.81146175,0.00022935106,1.3781027,0.69177294,1.8197628,0.7422792,1.5530255,1.1518947,0.7883929,0.25534114,0.51527035,0.7406131,1.0310402,0.38308716,2.0789413,1.0374745,0.31662822,0.114992626,0.27356613,0.09977314,0.6456553,0.10626014,0.15387163,0.289302,0.71383554,1.1023573,0.21834116,0.17120117,1.01194,0.013434696,0.07683613,0.6119494,0.4921116,1.2562667,0.6337322,0.06454592,0.79823583,1.0094936,2.237091,1.1770724,0.0,0.24558367,1.4247769,0.59991044,1.1197143,0.3817902,1.017362,0.46366966,0.9415002,0.6621898,0.23829004,3.8831365,0.053208217,0.66194266,2.764033,0.2990887,1.2619183,0.41509393,0.39949784,0.30754054,0.06692851,0.50132966,1.0646111,0.04492104,0.18524972,0.18961902,0.88853484,0.49890065,0.23969468,1.5597254,1.5337155,1.1419438,0.45358607,0.3456016,0.26067483,2.0252914,0.007007443,0.9477435,0.79117227,0.24906622,0.0073609264,1.7524282,0.032296665,0.1339137,1.1818473,0.21616386,1.4770123,0.6178485,0.14661598,0.49320862,1.174693,0.31420976,0.9867653,0.32839832,0.17654547,1.1279731,0.7032191,0.38483164,0.23921306,0.16934142,2.10371,0.9857949,2.1019826,1.0498345,1.2897372,0.025251485,1.0929409,0.5564451,0.9440807,0.077959575,0.26577154,0.29234967,0.168795,1.6446993,0.69730246,0.74586904,0.7330505,0.97925377,0.36864915,0.19724064,0.4713645,0.07227452,0.20263274,0.06217582,2.031185,0.45327973,0.0,0.4736073,0.28417993,0.102360286,0.12512812,0.19415341,0.45395038,0.08997189,0.35474357,0.03688699,0.7824489,2.57236,2.9347668,0.23136374,0.6826002,0.22816403,0.25040668,1.3657513,1.5445095,0.7877622,1.573217,2.5645683,0.45911002,0.2887137,0.7066627,0.8298762,0.57219577,0.2627552,0.12110675,0.096746966,0.6937988,0.34972444,0.12216286,0.4779229,0.096779294,0.11022185,0.69814235,0.52319336,0.39808044,1.1893826,1.5823162,1.18026,0.19430912,0.20930086,0.0270242,1.9561546,1.1995193,0.2800489,1.5112989,0.3099953,1.3568028,0.29312682,0.4900008,1.0635438,0.60794127,0.19090757,0.3430227,0.4621983,0.84467083,0.89581066,0.73142445,0.81633735,0.32126743,1.6503184,1.1585288,1.4255295,3.8414128,0.35389546,0.38389695,0.8339443,0.7568068,1.8567249,1.6675222,2.4540231,3.7358105,1.0606124,0.8358935,0.7428352,1.427877,0.9595759,1.732217,0.11010987,0.10179694,0.40769178,0.53069687,0.13168378,1.0019536,1.3612694,0.11325904,0.07131426,1.0385333,0.85856503,0.65292925,0.44411367,0.01784088,0.12046087,0.3236006,0.5393099,1.1320108,1.6084417,0.32509965,0.63422024,1.4035459,0.78195864,0.72074103,0.31384423,1.3436543,0.8842083,0.45679122,0.15771256,0.76322436,1.2133261,0.8606238,0.93240774,1.2327627,0.014791223,0.057701226,0.47675252,0.77139366,0.7094608,0.19440931,0.533141,0.4389499,0.6555926,0.30455208,1.5674943,1.1982368,0.4171072,1.4915031,0.70592654,0.2386113,0.12167325,0.52671593,0.32141945,0.62023264,0.38373274,0.389417,0.6027141,0.04618334,0.37349856,0.01903898,0.483473,0.9209506,0.23111619,2.4146814,1.0440898,2.8741398,0.7742783,2.6060896,0.013490238,1.0694727,2.6854312,2.0570765,0.04403297,0.075012535,1.0792471,0.2699027,0.08641733,1.6016345,0.055218726,0.3080445,0.08013342,1.6421345,0.5662308,0.18941404,0.72985,0.92533875,0.0022720431,0.52960473,0.78406787,0.7585211,0.4492389,1.0140661,0.3568619,0.7021587,0.6083684,0.01710889,0.22963831,0.21680577,1.2979703,0.1177661,0.2362984,3.5556543,1.1122309,1.4228039,1.5091575,2.5611532,0.32002422,0.010429109,1.8128471,0.24935961,0.5920509,0.11630657,0.4185155,0.19397876,1.7849962,1.8569015,2.7497153,0.627624,0.87946737,0.051137466,0.51609343,1.848907,0.23621473,0.2708269,0.100579396,0.28378874,0.0,3.2408128,0.6997811,0.55042225,0.44056848,0.863984,0.61958885,1.3935603,0.5660675,0.8575499,0.8608813,2.159214,0.3839239,0.28899363,0.4063094,0.2411212,0.07403035,1.1071136,0.16296174,0.44522125,1.3280365,0.24336697,0.25900084,1.2449055,1.1606055,1.2968507,1.0906808,0.8896724,0.85319144,0.5891485,0.4906427,1.7482495,0.7475821,0.29417616,0.22794577,0.25014272,3.0888715,0.08088964,0.33490154,0.11329156,0.13887905,1.0259919,0.017889388,0.54435456,0.19905965,0.53924644,0.45994642,1.2176366,1.8002946,0.24952331,0.14930798,0.15694992,0.9382757,0.047187425,0.33158684,1.3843573,3.8662386,0.05874408,1.2482285,1.0460051,0.53352374,0.00017334652,0.15500242,0.29098913,0.6637938,0.035699736,0.4728212,all_pothole_images\pothole_images_enhanced_84cd95185863431d8dab8d89cbee0b77.jpg
0.5371354,1.7757312,0.14226884,1.9349442,0.06537912,0.18523699,0.8432083,0.11733682,0.39949152,0.72422945,0.25167206,1.4707875,0.57617456,1.666698,0.19927873,0.4999497,0.15605234,1.0104334,0.5962612,0.19337739,0.59212965,2.1479197,0.5074876,0.05104265,1.4218309,0.71273375,0.8980719,3.5957122,0.22713041,0.045921557,0.70005625,0.049497407,0.33399612,0.007893031,0.60283685,0.7224576,0.04401991,1.1558021,0.7401302,0.23168458,0.0,0.73009783,0.031685106,0.79722,0.34450275,0.005839066,0.96156013,0.65294033,0.0,0.049587604,0.01282314,0.23520555,0.102778316,0.20840317,0.009188464,1.9902446,0.86925834,0.040227644,0.32658595,0.23858385,0.2418085,0.21805008,1.6247505,0.5799956,0.85130435,2.0896688,0.17892697,0.02250082,0.00041582753,0.97468185,0.24938793,0.2391408,0.015006734,0.051690042,0.0,0.030061161,0.1653738,0.42576045,0.0,0.15386899,0.6746541,0.0005524531,0.6925983,1.052271,0.021355847,0.05081762,0.044946145,0.0091977,1.4399679,0.0390243,0.012877955,0.4266965,0.032006666,0.33541855,0.39816093,0.013442622,1.5681703,0.32099342,0.6812705,0.6883443,0.21727571,3.1465988,0.4921839,0.018986808,0.31022125,0.03275905,0.07161386,0.14664744,0.03510832,0.17334779,1.0859945,0.84971094,2.386678,0.102630205,0.63892496,0.08504105,0.055085275,0.09065378,0.1071681,0.22937039,2.1721094,0.016545465,0.15878305,0.9141607,0.686335,0.3351507,3.386,0.040966958,1.620868,0.087192,0.47369567,0.091463245,0.0,0.1582493,0.81112826,1.0959929,0.8557177,0.015295932,0.87497175,0.10097866,2.0990996,0.2014475,0.29721403,0.7074632,0.17718635,1.8996638,0.13351327,0.8759116,0.2306183,0.015331608,0.6743976,0.72555476,0.07568761,0.06199242,0.32260615,0.028989445,0.3969453,0.046774726,0.9248785,0.51559585,0.973097,1.0681031,0.10443873,2.3113174,0.7532204,0.71277046,2.5810676,0.3800505,1.0288746,1.289196,0.61327374,0.3054907,0.021056041,1.3411018,0.3819151,0.0049964543,1.0073422,0.44215304,0.16606218,0.4522553,0.2557872,0.5571564,2.2076058,0.025984004,2.4528778,0.036263328,0.3337044,0.6572727,0.17116946,0.96487033,0.69557935,0.22725245,0.0004595232,1.6452023,0.18490724,0.008262457,0.4795925,1.0230927,0.07556782,1.1083496,0.2327512,0.53907067,0.7299001,0.57289326,0.13324217,0.06943729,1.1166972,0.26293123,1.2989265,0.32977524,0.0,0.29652637,0.42705157,0.060632974,1.194795,1.220987,0.34120953,0.575878,0.28856674,0.22741364,3.1208491,0.11047933,0.33219215,0.09117209,0.0019475167,0.1966483,1.9416046,1.1446183,0.5357461,1.101521,0.05387745,0.62220865,0.45695564,0.06942638,0.29092553,0.029122924,1.1976,0.14331552,0.6151691,0.3513507,0.016116321,0.0,1.2463892,0.07166063,0.25886992,0.29451647,0.32444862,0.20870025,1.0127636,6.7960434,2.2504175,0.100037806,0.17518345,0.0069243084,0.035805777,1.0085766,1.3486437,0.14208478,0.27300483,2.6107101,0.044001646,0.20546272,0.27048498,0.10275621,0.357142,0.7652156,0.9108913,0.7505169,4.038988,0.21958522,0.1844672,0.2925183,0.025275081,0.19469264,0.3541009,0.7228808,0.053160045,1.6253575,0.3545128,0.6740682,1.6040082,0.057738885,0.48732534,0.8973669,0.3986564,0.14083686,0.45530754,0.18592282,3.1085289,0.08191614,0.0,0.21126026,0.28073856,0.39383864,0.12884574,0.6700729,0.08364779,0.6485873,0.40081188,1.9046216,0.067640156,0.022323659,0.036150794,0.014476675,5.839714,0.009338833,0.4567916,0.03140794,0.011015147,0.31842458,0.10868786,1.1772069,1.7095978,0.80351436,2.0694885,2.076558,0.3594606,1.0895691,2.5715563,0.6168692,0.015245537,0.0,0.39961267,0.46143582,1.1052687,0.060700137,0.12275867,0.00014444222,1.2990817,0.3061078,3.1104577,0.101133905,0.10880923,0.287213,0.10377011,0.0,1.8645332,0.14258862,1.0102602,0.42619863,0.018768441,0.41705897,1.3893763,0.7630914,0.6097316,1.1951858,0.32211092,0.49403065,0.37346768,0.67420477,2.6055412,0.121579245,0.3845932,0.49389005,0.16581567,0.012668557,0.09357258,0.95378417,0.15729295,0.04053292,0.623426,0.58462876,1.2223308,0.83083344,0.0,0.0,1.9496307,0.13325815,0.048375286,0.56928,0.2286536,0.0006014927,0.16755329,0.03914282,0.191165,0.15717174,0.024121996,0.6176316,0.8651206,0.22681347,0.7315415,0.27792585,0.2559117,1.2449249,2.5360985,0.2843107,2.5792782,0.06255972,0.0021954419,0.60243285,1.1222521,0.3376347,0.004765117,0.44548777,0.06214063,0.3381062,0.06224655,0.21938318,0.0125941755,0.63149965,0.3892028,0.91600126,0.5971397,0.8678393,1.1156379,0.43991762,1.2791834,0.7537784,0.10563558,0.5735785,1.6286956,0.63574636,0.013425853,2.3367374,0.62861514,0.45394352,0.6488489,0.9707297,2.084743,0.17524058,2.8140213,0.01686206,0.64314944,1.5085505,2.0659115,0.1109127,0.17587623,0.8958313,0.7782969,0.18764076,0.68457246,0.18525971,0.0,0.31058353,0.31963024,1.2453885,0.022776946,0.5252107,0.2243229,1.4308952,0.37835544,0.8982545,0.16634709,0.008855464,0.30170298,0.019660903,0.70278704,1.7887741,0.36813176,0.7904107,2.291787,0.23521627,0.52914757,0.32735217,0.24713096,0.5039782,1.2545611,0.034953568,0.07595062,0.24724579,1.7745895,0.042587664,0.099906266,0.067975596,0.41211373,0.3982732,0.0030425445,0.0,0.058618613,1.287411,0.8504692,0.26760787,0.30754268,0.6583792,0.09242557,0.016944712,1.0779742,0.8378582,0.5113569,0.044179793,0.11351138,0.9536243,0.8576878,1.2562182,0.0,0.3545378,0.044164933,0.06106139,0.24785088,0.066282056,0.07715231,1.9440696,0.023952138,0.65642166,0.0,0.21933138,0.3665838,0.12857749,0.20649047,0.0675906,0.61100245,1.8027178,0.34377614,1.0812955,1.5148976,1.035071,0.516342,0.031009225,0.19884935,0.2732163,0.069101214,0.15590483,all_pothole_images\pothole_images_enhanced_84f18bfaf773f6f5c5f6ae332708abbc.jpg
0.21559818,0.94689536,0.6897583,1.1370091,0.2050036,0.11795766,0.15991093,2.2225459,0.1894416,0.6820334,0.33606878,0.46119994,0.0,0.670312,0.04824794,0.14809726,0.06872668,0.31973013,0.62238204,0.047631633,0.97456765,3.5490997,0.005924431,0.7021658,1.2448926,0.30747774,0.8643253,1.8514806,0.6513552,0.22921823,0.12291541,0.21583675,0.40999696,0.24321489,0.17407629,0.8678086,0.5748596,1.798901,0.016800629,3.121017,0.0101452265,0.09428919,0.03870512,0.49539417,0.6466656,0.10808935,0.0086602885,0.091240756,0.36238253,0.63166475,0.63556963,0.12697095,0.13392368,0.15532121,0.0008656694,0.27078086,2.1086404,0.08695377,0.3787129,0.2674712,0.009394164,0.4106032,0.06560562,0.08766928,0.39501125,4.610559,1.1430714,0.1449386,0.6997897,0.09558989,0.29076195,0.2979174,0.15071477,0.032439172,0.114011236,0.78116673,0.07267143,0.02182848,0.0,0.12795855,0.0,0.007880155,0.026870076,2.6213408,0.17675407,0.117705755,0.5550054,0.77356654,2.1297164,0.37369555,0.0,0.37575,0.08111716,0.0042781136,0.21244574,0.032708105,0.36291403,0.38642043,0.48494548,0.28298163,0.24993785,2.0002823,0.8710585,0.34105012,0.14000614,0.1879611,0.05589424,0.054131128,0.04309341,0.49509436,0.023539329,2.0125527,0.3512221,0.30131668,1.3179713,0.45867607,0.8330743,0.0,1.7168368,0.20213038,3.4128296,0.7452,0.038574703,1.9077429,0.3013547,0.5082752,0.40455452,0.49356323,0.98916256,0.49229205,0.071453296,0.04019981,0.21746826,0.0069681094,0.2733377,0.056015015,0.12378655,0.57301074,0.63724023,0.05277667,0.07148088,0.68311054,0.5311026,0.47500196,0.35268688,0.3276718,0.26460636,0.393801,0.3436089,0.1491409,0.7660846,0.16305536,0.021980822,0.017621757,1.5216519,0.004275983,0.7235518,0.4226972,0.2694254,0.9126747,3.0094578,0.4811004,0.26112399,1.6147269,0.013815478,0.29630706,0.7720506,0.0735244,0.9956738,0.4170596,0.0,0.0,0.16019846,0.035198003,1.4719113,0.06831656,0.015115051,0.0,0.065614164,0.0,0.0,2.021222,2.610466,1.9242474,0.21821544,1.4676949,0.29521653,0.0005854337,0.34559244,0.58424133,0.15733273,0.037196785,0.01881227,3.2995894,0.42946425,0.06764787,0.10137728,0.47637418,0.14228642,0.5926244,0.42220563,0.98502743,0.45752412,0.77383685,1.7975501,0.06734843,0.15990393,0.16067952,1.0037729,0.106702045,0.114254266,0.178678,0.9952198,1.252665,0.6333427,0.6265636,0.4561399,0.10235151,0.46571517,0.21692626,0.15269834,1.7000216,0.9588403,0.9838364,0.04944433,0.030978568,1.2184807,0.0007832885,0.5328557,0.24557947,0.40142,0.032446668,0.008735202,0.006915401,0.24514501,0.004329205,1.0549049,0.35932264,0.013160328,0.1415011,0.36982286,0.12128551,0.18853755,0.30418947,0.4306553,0.010113311,0.44600156,0.08726665,0.18267931,4.9941893,3.7366526,0.2188944,0.14839683,0.0,0.006292695,0.83260196,0.2110512,0.024633806,0.790766,1.683138,0.10602764,0.0013460877,0.35172832,0.5206309,0.428911,0.41651765,0.24820474,0.1359547,0.2692813,0.13942158,0.43673325,0.0,0.0,0.73533094,0.77440614,0.21438175,0.1067334,0.120806895,0.055740293,0.4745546,2.2758331,0.21228682,0.29154983,0.1415429,1.1066015,0.0,0.647533,0.555516,0.1697185,0.09947551,0.0149977105,0.22307181,0.17202288,1.6675097,0.014101705,0.1763665,0.03738531,1.6399846,0.021367662,2.6216667,0.083403096,0.7399796,0.014621504,0.80250174,3.2212539,0.024374114,0.053706296,0.41927353,0.021073818,0.046538446,1.2687452,0.61735964,1.5757184,1.3411702,0.0073090317,0.54702383,0.1608408,1.1055878,1.761583,0.0014632003,0.10791872,0.005937104,0.031977322,0.26310763,0.34721798,0.56775993,0.9977504,0.075781405,1.1501355,0.49569046,0.70297223,0.33340546,0.1809617,0.016590254,0.044274736,0.693466,1.1361333,0.39569655,0.045797475,0.5733532,0.0967582,0.67424905,1.849394,0.15236656,1.5901628,0.1346173,0.14170757,0.066927336,0.38876152,0.6834807,0.25557524,0.2810829,0.07858622,2.2384062,0.020370962,0.5878965,0.3551052,1.3429077,1.018075,1.0435016,0.07464706,0.05562293,0.41000187,0.0,0.035980914,0.019514142,3.8247356,0.060992822,0.13127479,0.018278575,1.5450826,0.056558426,0.29945502,0.053582046,0.94762355,0.21466494,0.0,0.5421108,0.08486233,0.8135754,0.0824166,0.041661598,1.2610875,0.36080322,3.4351134,0.40211338,0.2994009,0.0057724724,0.25060642,1.9418943,0.9879837,0.2950877,0.0,0.50687504,0.04155968,0.0,1.3832917,0.057618823,0.12358663,0.15799303,1.9615921,0.3228871,0.11501119,1.0155092,0.00031251446,0.095540844,0.016696451,1.2722832,0.047658235,0.0036337299,0.019232817,1.0218734,0.51754075,1.0431569,0.0,0.14575025,1.6053805,0.0037097684,0.1650657,0.38162154,1.884845,0.20845689,1.6431495,2.41004,2.0239596,0.23265782,0.47817174,0.31804523,0.019616706,0.39640495,0.63513386,0.6566903,0.6016307,0.4261841,0.3941087,4.467215,0.78457826,0.17017034,0.79017967,0.0022601495,0.6661968,0.13568848,0.10704439,0.11606515,1.5793467,0.025289739,0.73795074,0.094012514,0.19492774,0.26016355,0.52773213,0.14148898,0.7601911,0.23410848,0.7757643,0.85559666,0.5205552,0.21329609,0.18176152,1.3078555,0.6785454,0.36752012,0.40672314,0.027019199,0.26254016,0.657822,0.38240027,0.068743326,0.0,0.3315982,0.09735369,0.5792414,0.22229736,0.011854968,0.16171876,0.013734777,0.0017333971,0.58936256,0.42559782,0.5792303,1.3976918,0.7224938,0.68390405,0.6780035,0.0,0.14297026,0.9163134,0.0162871,0.053446457,0.002016675,1.2992035,1.9571738,0.121596396,0.0023604229,0.00044373955,0.013975992,0.36371422,0.23823048,0.22722964,0.18222512,0.11078127,4.813746,0.30367434,0.11121185,0.0,0.47330296,0.0,0.109159425,0.4778516,0.76801425,0.22911683,0.03648547,all_pothole_images\pothole_images_enhanced_84f6e7e1228dad724980e9129f6a1852.jpg
0.21405037,0.32466403,0.20661548,1.9611254,0.53582805,0.06851291,0.04808952,0.116461985,0.1711686,1.5202509,0.118182786,0.25331452,0.0,3.0708416,0.043999024,0.30978483,0.46096194,1.7545998,0.7860507,0.45166132,1.3402818,0.8506559,0.3436995,0.09495348,0.96382296,1.3406166,0.8678985,3.2735875,0.29394948,0.03829136,0.62568927,0.057297133,0.04477213,0.097800836,0.1865756,0.45729044,0.34646574,1.6544136,0.74511945,0.071376584,0.0032425919,0.05982794,0.5900417,4.6553545,0.35936058,0.288624,0.027262015,0.0629467,0.9928478,0.6488827,0.014806083,0.44077027,0.8231657,0.17310537,0.0691701,0.72731453,2.508906,0.18452244,0.0,0.012524551,0.28914428,0.021331899,0.6422068,0.47626355,0.5362162,0.18183365,0.2547424,0.16440742,0.035464462,0.2491434,0.117283516,0.22463197,0.1920296,0.0,0.35236162,0.1613574,0.029282976,0.88111645,0.011342463,0.064283736,0.014521175,0.08316952,0.67842025,1.7198076,0.2545773,0.0,0.28787565,0.054859784,1.7536309,0.15372434,0.41567785,0.6134324,0.05265294,0.24321225,0.17220816,0.045895442,0.36547202,1.8788338,1.0542623,0.33700943,0.2595889,1.3694392,0.055215474,0.017305998,1.0607185,0.5374192,0.3870802,0.018116783,0.46614805,0.18047161,0.0,0.42610544,0.107292525,0.0402326,0.36759377,0.0086413855,0.24077436,0.21895538,1.9841026,0.9708705,2.2458875,0.13741843,0.0052375835,0.79177296,0.7283248,0.120962076,0.19426161,0.23746093,0.52987236,0.03874736,0.0,0.07124959,0.045921143,0.063809216,0.6055157,0.069896616,0.10268688,0.029438179,0.58466566,0.1325192,0.23232156,0.10606384,1.7069029,0.06711913,0.030724227,0.21374106,0.37468457,0.11913673,0.4585186,0.08405993,0.16146378,0.20415185,0.0,0.52212226,2.2493737,0.5500296,0.24792589,0.1178869,0.830548,0.34884915,1.1122823,1.8472488,0.5291402,0.32441497,0.45811048,0.07251022,2.0145292,0.028424673,0.9393296,2.3537924,0.03651807,0.046170384,0.44689706,0.0095247375,0.36445823,0.012129628,0.41435108,0.22922613,0.59927934,0.007398061,0.001068122,1.0575551,1.6498424,0.30753678,0.22951308,1.87835,0.22039236,0.61746377,0.010460774,0.72009915,0.03091461,0.26684612,0.464067,0.451156,0.34917718,0.09177038,0.80701727,0.18795754,0.36242682,0.25278676,0.08076654,0.08248365,0.5567899,0.17026182,0.08401261,0.04829814,0.027917372,0.38005194,0.37681884,0.31702676,0.21495982,0.28089157,1.0781369,0.17689174,0.6557015,1.6666502,0.038923986,0.27211443,0.049278848,0.8714786,0.3654627,0.15892512,0.056929637,0.07674368,0.09523193,0.0,0.73170656,0.33453876,0.7818235,1.1770808,0.5679944,0.0036227312,0.59128743,0.83504975,0.122615606,0.09954827,2.70935,0.21701802,0.13965486,0.27605698,0.04275929,0.9280181,0.02205199,1.1588933,0.21885672,0.13863577,0.7720908,0.38766104,0.22350168,5.091245,1.6016195,0.2887304,0.0,0.76765347,0.23875879,1.095572,0.4788011,0.9309947,0.19492598,1.3803116,0.43308365,0.39748216,0.63244677,0.06731268,0.13793686,0.6350391,0.033186957,0.48102942,1.8320602,0.0,0.0074657286,0.11875758,0.6742781,0.018956294,0.38566503,0.79628533,0.0,2.0428413e-05,0.0040801396,0.07421491,2.162545,0.21137895,0.5515114,0.051241525,0.46106938,0.47079483,1.0079142,0.25207603,0.8365047,0.04454363,0.0,0.10927268,0.0072447024,0.66830814,0.42258328,1.0886909,0.07163753,0.716451,0.28383166,2.3160968,0.8656602,0.5481938,0.0,0.30030918,7.32796,0.1452822,0.006971333,0.009744495,0.008897067,0.52729183,0.23880552,0.4869821,0.9587349,0.6080208,0.64739734,0.39196065,0.07592695,1.2308414,3.4454215,0.4357557,0.4334657,0.0598451,0.5054446,0.10690791,0.4664875,0.35491067,0.16104384,0.041805446,0.39243418,0.36588714,0.9061667,0.0,0.3258459,0.011947407,0.77616787,0.05407386,2.6439595,1.6606681,0.36803198,0.097930975,0.12076414,0.13310389,2.2193673,0.4808537,0.6921865,0.4834802,0.0,0.291842,0.13027298,0.53397393,0.6830679,0.58617324,0.52845454,0.21793373,0.18590565,0.21465926,0.048008002,0.9951531,0.07482651,0.0,0.014612337,0.22245295,0.96504414,0.5791651,0.14482656,0.33416817,0.34737542,0.12578084,0.0,0.07590666,0.5260965,0.109748185,0.7297999,0.0257084,0.23835132,0.1226053,0.41824016,0.0012564101,0.18487982,0.11595364,0.3131983,0.10015247,0.1289572,1.1552787,2.1745386,0.2883658,0.81410986,0.06019162,0.16344163,0.31830826,1.4623718,0.73640007,1.0724692,0.66930044,0.052947238,0.0,0.5678241,0.81444806,0.58342934,0.13319755,0.44858277,1.1179327,0.44871756,0.26863924,0.4177178,0.5877578,0.26609913,1.9477545,0.84339374,0.03618132,0.09101589,0.41162187,0.28962532,0.33810875,0.0292329,0.21096829,0.233594,0.1036407,0.22225122,0.028634356,1.6623039,0.0,0.317818,1.1519775,1.2313693,0.67431796,0.72127664,0.12950242,0.0,0.5902852,0.19319484,0.2284967,0.014583589,0.27135593,0.34821323,0.9826641,0.17752095,0.58732593,0.32253072,0.014229532,0.5417391,0.21890542,0.1105944,0.0,0.07677847,0.105843484,0.27897713,0.23173347,0.11108195,1.4559232,3.6040123,0.79210496,0.15518433,0.49097964,0.20471121,0.61260897,0.1784316,0.3990327,0.05591692,0.08918464,1.8723546,0.070701346,1.1807185,0.0010903607,0.2242149,0.046132967,0.015840603,0.002365737,0.19638069,0.36923105,0.12642007,0.23713219,0.020684846,0.0032033687,1.1075244,0.2662919,0.38614997,0.52742136,1.0623827,0.049543943,0.35008386,0.91448367,0.7517518,0.042627994,0.5046758,0.00038465013,0.11812955,0.14344211,0.9600108,0.0,0.02230089,0.69590557,0.0012371354,0.30028313,0.053151354,0.014689647,0.09643028,0.9526962,0.30388325,0.3021745,0.24232572,3.879957,0.18503128,0.6426449,0.19248773,1.669885,0.7420601,0.0957721,0.018707374,0.23912205,0.16722114,0.49316126,all_pothole_images\pothole_images_enhanced_850a8e02e53e6d74840137e875d8e202.jpg
2.2837791,0.28059503,0.10020063,0.927896,0.3803278,0.17197312,0.6123976,0.30775595,0.14398783,0.5691022,0.20310974,1.568365,0.0,1.7839959,0.5560802,0.3911324,0.18106857,0.46673003,0.45283863,0.5640316,1.943985,1.6981138,0.25232938,0.876181,2.341271,0.99444807,0.2617173,2.8130329,0.07133929,0.019310428,0.22723785,0.38455164,1.5557195,0.23166542,0.39823958,0.37455398,0.03450412,1.9635067,0.3526739,0.8559405,0.021414736,0.10949351,0.20471503,0.2930243,0.39092946,2.1837192,0.067324,0.83819324,0.5575223,1.0256201,0.69658923,0.29147056,0.83143944,0.020513272,0.62071615,1.935464,0.9918969,0.39200914,0.0879375,0.5198526,0.04545481,0.050190955,0.27694422,0.53169006,0.043850325,2.5215209,0.20757988,0.44095707,0.034826078,0.99014497,0.3887378,0.24749345,0.21057883,0.70454085,0.4436515,1.7303222,0.029150432,0.7969798,0.111090384,0.40234798,0.28096095,0.11733625,1.2331607,0.758736,0.5195743,0.029311666,0.75331736,0.8727534,1.0625046,0.43951347,0.0,0.40062225,0.38574973,0.48168457,1.3682308,1.0986952,0.17195195,0.8422412,0.82117367,1.8145941,0.044072833,2.9441805,1.1186347,0.5060946,0.824006,0.004375227,0.36208993,1.331385,0.1741852,0.36883742,0.06397319,1.7250844,1.6057665,0.1881298,1.4073367,0.22931522,0.32634255,0.2615792,0.5755568,1.059396,3.1818504,0.2044374,0.0,2.3811598,1.1566168,1.0307628,2.927868,0.30102283,0.07574523,0.06750902,0.32426623,0.0,0.0021366004,0.52471143,0.7172868,1.461884,1.1828023,1.292669,0.39973226,0.23745708,0.33134845,0.4512431,0.5979436,0.41342893,0.7388377,0.48585984,0.57346165,0.40032443,1.7518995,0.37238535,1.8749288,0.3094269,0.1099422,0.038412727,1.0405766,0.136607,0.59901625,0.75687945,0.32640684,1.5659093,1.321461,0.3645826,0.10990833,1.7635723,0.046047423,1.21403,0.3606128,0.7590774,2.3040242,0.58466804,0.04862427,0.01837706,0.027907526,0.5906245,0.33558083,0.32222223,0.99273336,0.23550558,0.045782838,0.5005434,0.008047991,2.195381,1.1532878,1.3534062,0.20327418,0.4564122,0.4769673,0.4554305,0.30587035,0.5237018,0.57819515,0.03336765,0.30526954,1.6826793,0.19676717,0.62369365,0.6188845,0.367119,0.30598316,0.3295794,0.7908496,1.1486557,0.64238316,1.8440711,1.6637189,0.502244,1.339889,0.37093493,0.31297842,0.33469135,0.004444629,0.09699867,0.8558216,1.2741295,1.0460969,1.4482152,0.3956472,0.19386594,0.27213353,0.22657853,0.90390253,0.09145429,1.5413094,0.43057424,0.12677374,0.7604415,0.9556039,0.09242957,1.0651381,0.7910381,0.19621445,0.69191766,0.09245339,0.41075265,1.0921943,0.31148225,1.8349161,0.6900892,0.008320807,0.044665515,0.6657794,0.8182087,0.026374826,0.20285913,0.3026367,0.24865964,0.058494266,0.34061405,0.8482104,1.7290014,3.8513463,0.25853276,0.9544152,0.16203867,0.6931499,0.22324464,0.43483093,0.060750723,1.0517757,2.3882558,0.32015148,0.21673138,0.39936122,0.044614654,0.12386602,0.23010385,0.36991468,0.6849716,1.288755,1.4540479,0.6141473,0.029595593,0.42115065,0.61665976,1.2738204,0.43243483,0.21214777,0.7179377,0.4892534,0.40601203,0.82106346,0.5480535,1.2513783,0.3944081,0.9911973,0.007152934,0.7122249,0.052622955,0.06114719,0.07194294,0.5644344,0.14123824,0.10945241,1.7989908,0.26141748,0.4138934,0.5896929,0.52634245,0.29391173,3.3609765,1.1099731,0.8377549,0.742732,0.6137637,0.88261133,0.19175392,0.00910799,0.22952971,0.68525696,0.14393152,0.6497326,1.3445549,0.07385667,2.0531914,0.1430858,1.0554265,0.112194695,1.6255184,1.2482935,0.5044688,0.5548089,0.56115687,0.80970013,0.838066,0.55633754,1.0770706,0.2602584,0.005270841,0.641667,0.58581233,0.33542445,0.3564137,0.60922974,0.54200315,0.07057047,1.103241,0.9430581,1.8609062,0.013275173,1.3043998,0.19167435,0.34522113,2.4459698,0.6283692,0.38858122,0.5513593,0.25998974,0.11416197,0.6879117,0.05123048,0.88219,0.31463763,0.06425028,0.5098562,0.91902405,0.031103939,0.21049811,0.4535126,0.42707497,0.6806991,1.4129487,0.25016117,0.5853686,0.14098555,0.2519549,1.0882668,1.885638,0.0562371,0.67128193,0.32121605,0.93709064,0.23735908,1.047484,1.0008473,0.09800263,0.05960789,0.077635646,0.3871236,0.73158574,0.44100577,1.0211982,0.26016092,0.59915704,0.64568925,2.403154,0.42683575,0.5591342,0.0,0.030182369,1.7378393,0.66313434,0.37116978,0.015362956,0.7310418,0.07108186,0.10232951,1.7185172,0.083119564,0.93794966,0.59876835,2.2580912,1.1678553,0.17982464,0.6241335,0.2878004,0.28329745,0.6522355,0.0930284,1.960201,0.3276866,0.09039659,0.3725796,0.029188175,2.092078,0.117837764,0.4069624,1.9174592,0.48578456,0.9510783,1.190544,2.6264987,0.8310036,0.7524893,1.0733571,2.8277018,0.7378354,1.126088,0.03273579,1.8262244,0.6481936,0.3711607,0.5192515,0.50445783,1.0721557,2.6095593,2.917204,0.535872,1.1321502,0.38872185,0.7740972,0.627978,0.08412593,0.08585605,0.013248668,0.09774701,0.011121927,0.5681417,0.861013,0.031904463,0.7059098,0.35794136,0.017655373,1.5726172,0.69802326,2.430291,0.8361572,0.45141846,0.41810346,0.51302487,1.2397394,1.7112464,0.76265764,0.7229109,0.6841108,0.23253913,0.51189786,0.9664458,0.5900131,1.0043293,0.6600798,0.48279688,1.328036,0.21045877,0.13902597,1.5782056,0.13144787,0.014923875,1.2917422,1.4755012,0.14564566,1.3974818,0.3653817,0.22028479,0.6025472,0.36130297,0.21446198,1.0833879,0.5792329,0.4774315,0.09495372,0.09569317,0.71197265,0.9307332,0.20180812,0.43917206,0.24000151,0.06750438,0.11165183,0.9575728,0.2481731,1.207749,3.1071944,0.7462764,0.73607916,0.44223508,0.885167,0.41613558,0.1504542,0.132049,0.16190036,0.52149475,0.27885884,all_pothole_images\pothole_images_enhanced_859e3fe596139e8b768944d1fb2c63c0.jpg
0.13705088,1.899732,0.46981534,1.2816825,0.2717951,0.5519218,0.31231222,0.1006591,0.00894905,0.5695311,0.022103049,0.6772635,0.8597329,0.14773716,0.380573,0.062317062,0.65304106,0.54602593,0.10500724,0.07344099,0.57334805,1.6594014,0.55914724,0.5702798,0.09386622,0.3279512,0.32858938,1.1997042,0.024772702,0.58999336,1.1790339,0.10074884,0.2939772,0.6558285,1.0179932,0.31713045,0.6725465,0.6687737,0.039044578,0.35426527,0.0038376371,0.018562187,0.16703948,1.8923854,1.4188762,0.28918222,0.13984089,0.016082354,0.1250943,0.07153275,1.1353514,0.13268816,0.9410129,0.081497714,0.18488082,1.2496029,0.56737846,1.3574157,0.8639622,0.055980895,0.0012426381,0.15594631,0.83073616,0.36646798,0.8336207,1.9912062,1.2002279,0.005592753,2.152941,0.36027837,0.5770598,0.7888367,0.672067,0.47493583,0.018328004,0.18294899,0.24512357,0.88737035,0.0,0.008249926,0.040279992,0.22571847,0.16957787,0.3289334,0.8999439,0.8472637,0.13016103,0.046347935,1.9003588,0.5602938,0.15465063,0.36971083,0.48006403,0.8208512,0.0,0.35569662,0.4214766,1.3518816,0.5215378,0.13342838,0.44097814,0.51392746,0.33891383,0.17465302,0.08956106,1.2976263,0.53616685,0.0030707517,0.3682896,0.2732728,0.12085009,1.2042766,0.3528945,1.1005781,0.7523674,0.24017577,2.081775,0.47428006,1.7424848,0.7851836,1.1370538,0.83307546,0.53417206,0.98610973,0.82606494,1.2910795,0.00044819256,0.6243005,2.7414672,0.4719485,0.79154354,0.04617612,0.5252514,0.10529849,0.009806665,0.9139718,0.2276574,0.370328,1.085794,0.040263984,0.09481497,0.5898349,0.7158347,1.2884767,0.22112243,0.75727206,0.37623677,0.089135535,0.118865624,1.0380533,0.43185127,0.0,0.040056117,0.012228485,1.6228603,0.49067974,0.5636037,0.23477867,0.3382585,1.0916692,2.0606053,2.6055024,0.09735814,0.5109299,0.044320002,0.037603833,2.965573,0.16105524,1.0726875,1.1356093,0.0022451917,0.07680181,0.18534689,0.07110806,0.5190315,0.611895,0.47093347,0.090270154,0.42629367,0.33432722,0.0034399522,0.72346497,2.1743507,0.3904333,0.7738359,1.0217631,0.23228562,0.15629418,0.79250675,0.2181595,0.47513288,0.6670148,0.7477398,2.1310835,0.0,0.22037153,0.0983888,0.6748728,0.019750575,0.5569859,0.21158564,0.11631042,0.14307362,0.8337846,2.1723857,1.0455266,0.6625776,0.038535126,1.7795671,0.47218236,0.13856743,0.07972903,0.2509396,0.33363265,0.6595131,0.9320151,1.1687655,0.26444304,0.46903706,0.0,0.2969922,1.4996518,0.73496324,0.5385842,0.25452715,0.2654589,0.22290573,0.14770553,0.61452943,0.76703316,0.18536747,0.0,0.7574392,0.20650937,0.6776896,0.21430856,1.1878703,0.18838857,0.6787151,0.18805803,0.09529201,0.5145826,0.46421197,0.19063234,0.35433063,0.09883066,1.5014638,0.7151539,0.052497674,3.0433152,0.68137825,0.067286484,0.5233234,0.1980519,0.6086413,0.397214,0.5754394,0.2466731,0.74791896,0.8763456,0.21670093,0.7878308,0.21181051,0.22784698,0.59874064,1.0363977,0.08980576,1.4206529,1.5728998,0.1585492,0.051910456,0.248745,0.03729888,0.20421727,0.2583998,0.5910161,0.8076567,0.82668257,0.54333466,0.43948084,0.66710585,0.0017694316,1.003177,0.05527497,0.64308727,0.4094081,1.0510348,0.13646972,0.9279766,0.5574623,0.20323044,0.45094395,0.4192702,0.7933004,0.22073258,0.35537726,0.6397823,2.3900445,0.6206572,1.7829384,0.5964214,0.6333262,0.0021904202,0.04973023,4.917238,0.22088741,0.005477619,0.3457179,0.21001351,0.16849403,0.39422548,0.63546115,3.4515862,0.49283504,0.34881964,0.23622185,0.3987366,1.0281135,0.9626209,0.72248846,0.5198526,0.0,0.09088694,0.97778666,0.26040164,0.49187702,0.5609568,0.10231051,0.6913232,0.2811993,4.901564,0.10581228,0.395498,0.025714261,0.20278908,0.30227455,0.16891743,0.46707726,0.7607487,0.004799304,0.18489736,1.1455171,1.9769897,0.022898167,0.70027596,0.9359975,0.06310176,0.43287688,1.2537705,0.41887602,0.16049765,1.0575992,0.10989028,0.5811181,0.0014544798,0.33822915,0.0,0.9746143,0.16016975,0.30917314,0.56923187,0.014659763,0.39680633,0.050742485,0.11807353,0.24258527,0.52886325,0.64385134,0.6193284,0.63681215,0.6418748,0.70539325,0.72058254,0.015355885,0.8014081,0.56791025,0.61427015,0.1125078,1.0209025,0.735565,0.12477952,0.4378094,0.343479,0.9428584,1.8738303,2.6910605,0.049687997,0.12115024,0.053762197,0.1716354,0.12257973,0.773674,0.058767382,0.12173309,0.0934573,0.12974879,0.8939474,1.3101134,0.37116265,0.5847491,2.2813437,1.3014731,0.13312334,0.0085060885,0.52696544,0.20591514,0.58121806,0.9372173,0.44266632,0.63195896,0.5757192,0.9314614,0.010249608,0.18302348,0.011699599,0.3059017,0.37721428,0.18341862,0.00071588316,0.088807434,0.5512745,0.075787246,0.68930924,2.999174,1.0064718,0.32801133,1.9603081,1.5978625,0.038707897,0.5961584,0.5328024,0.18637557,0.47957423,0.16211922,0.36023438,1.4040477,0.92639875,0.9377147,0.5677916,1.1022465,0.47165704,0.25306433,0.3834159,0.14360827,0.58097476,0.09624299,0.95522743,0.4330958,0.98209447,0.5341164,1.512799,0.575175,0.7570273,0.693878,0.1989883,0.2554788,0.00444808,0.45132208,0.12860118,0.66699576,1.2651047,0.69219804,1.6562525,0.276531,0.041914817,0.05529866,0.06992492,0.05651619,0.76670647,0.65084136,0.6292328,0.5683501,0.27121946,0.15253589,0.03371383,0.045515995,0.104872525,0.673967,0.43983123,0.23556343,0.11051822,1.199708,0.10273614,0.35044402,0.08307194,0.20711054,0.10646824,0.13097121,1.8928869,0.025791362,0.51666284,1.0483437,0.016471444,0.33077052,0.4063361,0.056386374,0.16176224,0.15081783,0.0061794603,0.12968591,0.10813526,2.9139729,0.47121632,0.31239167,0.14666925,1.1016852,1.135901,0.13325655,0.19468154,0.81188685,0.020824147,0.56582594,all_pothole_images\pothole_images_enhanced_85baee96724fa7ebeeaf7c331b7f22f7.jpg
1.1614616,1.2862295,0.06569236,0.58047485,1.4234817,0.049170494,0.254135,0.11003092,0.29719752,0.29222685,0.27843052,0.664607,0.65437984,0.76408726,0.42293307,0.20408605,0.30012864,0.04077742,0.2963295,0.30287987,0.07175514,1.9076916,0.8578268,1.3496714,0.29651543,0.4361042,0.12197248,1.5067803,0.0022916612,0.607647,1.3707596,0.07397216,1.0111312,0.1894688,1.3517858,0.064124934,0.59680414,1.0155132,0.20049515,0.092360735,0.09218648,0.3669799,0.026349198,1.5233682,0.6152826,0.003425873,0.001933612,0.24654138,0.09662129,0.16565247,0.97334224,0.041478325,0.7837561,0.11076397,0.0828456,0.4401931,0.8536881,0.028223826,0.28521168,0.19013132,0.049477518,0.15134023,0.60838366,0.84809476,0.080479085,0.29731068,0.41928968,0.09738418,0.0368089,0.5157333,0.09047327,1.3225785,0.4708168,0.083898835,0.3150403,0.6338883,0.5136204,0.07861647,0.004738855,0.18786052,0.42696553,1.379748,0.08983661,2.0467808,0.5815369,1.1315222,0.39023504,0.04923565,2.0366328,0.061938237,0.3426042,0.0500426,0.797774,0.19076802,0.0026700147,0.15596479,0.66831183,0.525589,0.19588141,0.29988214,0.19799232,0.41075492,0.11404403,0.0,0.09518879,0.2045795,0.35719797,0.05438771,0.052744158,0.30084816,0.00083949376,0.7082653,1.1749948,0.0031625323,0.14508997,1.2698214,2.041408,0.17370316,0.9168265,0.85516965,1.0543976,0.2331449,1.3050791,0.25266784,0.8578773,0.6933233,0.058485452,1.4800146,0.9678543,0.627358,1.1153765,0.004618587,0.48971167,0.053611666,0.106993616,1.056038,0.34278184,0.0017692052,1.4263179,0.2771711,0.33393583,0.033384115,0.04829618,2.4020984,0.38490185,0.94573617,0.11528801,0.4142997,0.9594775,0.6587019,0.21483023,1.4719335,0.01858309,0.4213525,0.25816646,0.44987047,0.5072513,0.005475225,0.09054877,0.69110185,1.3037931,0.70090955,0.06771242,0.68318915,0.046980895,0.0013904767,0.47425914,0.8721485,0.86512476,0.34323826,0.06566946,0.08480576,0.082418576,0.33738917,0.112662695,0.018684188,1.488891,0.041320123,0.15640421,0.09494902,0.00016685584,0.55648315,0.94107974,0.2285552,1.3456125,0.986754,0.30518606,0.083575286,0.12640743,0.12464898,0.48002225,0.25818855,0.11559119,1.0512055,0.044541303,0.3054321,0.13675334,0.08012668,0.30035985,0.7275271,0.1069067,0.8370801,0.890822,1.4207432,2.3244476,1.0570892,0.8070227,0.21790259,0.698054,0.06640161,0.15988107,0.07433402,0.8178976,0.5118327,0.6763636,0.22350235,0.21413329,0.15179668,1.0403234,0.12261956,0.8922931,0.8630794,0.26422703,0.3252749,0.26756003,0.54884136,0.69045854,0.15136148,1.2821692,0.20268257,0.0,0.110872306,0.548866,0.19665504,0.8832193,0.58998907,0.547249,0.17029116,0.07671547,0.115175314,0.10244414,0.33656162,0.1298453,0.057814788,0.044662982,0.00013757646,0.6879986,0.43092436,0.16213539,2.7038314,1.1066573,0.0,0.2625673,0.7643688,0.0,0.6205374,0.833193,0.23253393,0.7940242,0.84570575,0.13913956,0.8578333,0.10632062,0.4069068,0.21181959,0.28677523,0.24080229,0.23440236,1.009845,1.1777986,0.004078856,0.05419532,0.0,0.46674353,0.5039028,0.55371815,0.59897983,0.8312121,1.7268826,0.7482864,0.7212303,0.24449791,1.0166992,0.04840822,0.5685026,0.3007477,0.15216455,0.40682462,1.3225212,0.31568778,0.6244302,0.029524947,0.35220394,0.47604153,0.020256363,0.47885185,0.5106433,2.2656965,0.67297167,0.8138121,0.17868887,0.5887677,0.04154793,0.30289578,6.150725,0.014815774,0.3483052,0.058306217,0.44766265,0.0037984054,0.028786106,0.89218444,2.7366943,1.0989186,0.4179009,0.22487135,0.021960258,0.8064593,1.8017528,0.093739614,0.120126605,0.06727433,0.031435553,0.74807036,0.4460844,0.10710464,1.928364,0.98275566,0.427539,0.3281465,4.865478,0.078932315,0.117041394,0.22520524,0.20758541,0.27271116,1.4474086,1.2739124,0.14557984,0.0,0.36011842,1.1854209,1.1130167,0.2263883,0.015014744,0.4562901,0.0028886388,0.19299488,1.1634293,0.8383151,0.0,0.9240294,0.0007627389,0.16200906,0.27681062,0.0858147,0.37692305,0.8257507,0.2269475,0.5092918,0.0,0.24325307,0.5018773,0.07013173,0.052430175,0.2519655,0.68952614,1.2635472,0.0029137055,0.07636501,1.3159591,0.08739056,0.2324399,0.0,0.931886,0.5928716,0.20686321,0.08782992,0.8397354,0.7849655,0.49035951,0.11181474,0.6452786,0.28570023,3.7606049,0.11043569,0.8544701,0.0,0.026407043,1.0710886,0.31329146,0.07524877,0.6777922,0.5680228,0.46400824,0.033410475,0.16638249,0.11528947,0.051972125,0.26369798,3.5337214,0.60061824,0.38169417,0.70420086,0.14785308,0.18326207,0.7489128,0.13141672,0.7669056,0.040793408,0.11749414,0.081139706,0.01318063,0.4873218,0.3241495,0.33515665,0.18391979,0.93375725,0.1868882,0.0,0.6998114,0.20687504,0.2125769,0.36196938,0.10569688,1.5947818,0.23661461,2.178023,0.08513471,0.3117628,0.36796078,0.12091414,0.1938171,0.2497237,0.068592094,1.5634869,0.70165205,0.6774769,0.051785722,0.8260125,1.0236976,0.12979585,0.024934327,0.5275731,0.500729,0.6067968,1.0194856,0.5314841,0.80465835,0.41425312,1.8323174,0.3832272,0.9695718,0.62102306,0.4020218,0.04372231,0.014617289,0.1417555,0.08456843,0.06860286,1.3011464,0.23698527,1.38911,0.31978938,0.22773038,0.0056801634,0.2600604,0.092693694,0.9241451,1.1390679,0.3215357,0.9586111,0.8959824,1.0453819,0.3557499,0.14456774,0.35283217,0.56398726,1.1484886,0.0,0.002202674,1.1770036,0.12542005,0.2926436,0.07423207,0.17367639,0.74078757,0.24190673,1.1105944,0.026326103,0.05941483,0.09615552,0.101656675,0.20004325,0.07861482,0.0,0.090693764,0.1733412,0.1048215,0.10078176,1.0323936,3.1392922,0.4314667,1.0374165,0.6548627,0.8676961,0.8246659,0.029564248,0.13162251,0.45906657,0.0,0.534502,all_pothole_images\pothole_images_enhanced_85d487b4b2e29983b54b3f6efb12900c.jpg
0.9325245,0.86189145,0.5539356,1.6562947,1.083588,0.48454368,0.30978906,0.075994596,0.6151805,1.4998271,1.124236,1.4140447,1.4537895,2.1055033,0.16320764,0.71377313,0.3897925,1.0757393,0.4657616,0.025842352,0.7440239,0.21166503,0.6777879,0.9953647,0.057436608,0.60795164,0.010101287,1.2721866,0.10496929,0.9450076,0.3162392,0.44212037,0.5819595,1.4948076,0.29933834,1.8273132,0.406296,1.084778,0.6615876,0.13368164,0.15879847,1.081927,0.39962712,1.8525518,0.33042043,0.1835513,0.8498993,0.0518185,0.12228658,1.0718259,1.2930698,0.28449497,0.104443304,0.06297988,0.40478635,1.3595942,0.24239974,1.0297621,2.014667,0.21227139,1.4834836,0.6347175,0.5472779,0.59637344,0.8606508,1.3815557,0.7992816,0.77818906,0.055672612,1.1603086,0.5716202,0.022595938,0.23757528,1.4019686,0.36207375,0.01586409,0.3317421,1.0985253,0.2936797,0.18371302,1.9667577,0.099295974,0.3011139,0.64821494,0.3847393,0.09679106,0.14408061,0.096349575,1.1024083,0.92143434,1.6137195,1.9167742,0.69869316,0.6798023,0.36331233,1.2349528,0.5812115,2.4301615,0.52094203,0.36023557,0.52261466,0.775293,0.0,1.2057652,2.3612628,0.3974059,0.27080524,0.3499396,1.2993703,0.33404085,0.8358839,0.8077054,1.0071131,0.75807023,1.4180893,1.819785,0.34207413,0.6215495,1.9216508,1.838003,1.7800107,0.19700363,0.23353165,1.8674338,1.1115648,0.9076389,0.5098897,1.2416605,0.91478026,1.8094189,0.6339893,0.0,0.43336117,0.25619987,0.19364484,0.2816376,0.89950687,1.1367348,0.09141338,0.12958774,1.6429733,0.07608258,0.61687815,0.85093576,0.366422,1.677801,0.9449568,0.4186655,0.08724524,0.67690206,0.39685377,1.39605,0.5257372,0.40715814,0.39582926,1.2258579,0.92212427,0.21042465,1.0656377,1.052147,1.7786453,0.4273019,0.42949364,0.5747345,0.98640376,0.26437837,0.12412972,0.38802952,1.1180965,1.6285995,0.56872594,0.32406494,0.040224466,2.0817463,0.19776367,0.8638419,0.55581367,0.19710295,0.22819616,0.2175774,0.044563647,2.24415,0.7839501,1.2586008,0.8502691,0.82877654,1.485742,1.1466827,1.3259264,0.57738096,0.13825925,0.4285033,1.322636,1.3265756,0.86972886,0.17153545,3.2878103,1.7155447,1.1766772,0.11752763,0.09211585,1.5111492,0.11015107,0.41887608,0.46788102,0.32341352,1.7915713,0.41068158,1.3530172,0.8571719,0.049653783,0.0902946,0.2102087,0.5877845,3.199575,0.45463896,0.42276725,0.3410546,1.3001461,0.2163436,0.64287907,0.33681706,0.7269634,0.30044562,0.35624275,0.29367366,0.6531054,1.5738425,0.982286,0.28666475,0.044474084,0.9982352,0.9925713,1.4132382,0.18584253,0.083435446,1.0875285,0.7475955,0.28283045,1.7676593,0.14553982,0.040941667,0.063391306,0.579867,0.47378874,0.7619332,0.3994058,0.34823626,1.5941556,4.3463864,1.4997882,0.49648365,0.39414242,0.31247225,1.527314,1.7430961,1.1225795,1.485657,0.2603883,2.8337824,0.50141037,0.05688207,0.32121727,0.66989523,0.31041023,0.46113452,1.0358871,0.6437557,0.65220934,0.32638502,1.0686141,0.37213454,0.88249624,0.48830217,2.40446,0.37253445,0.3341156,0.27461725,0.55263084,0.46637475,1.3536775,0.4627332,0.7707404,0.40564474,0.4704641,0.804846,0.697006,0.65699035,1.868563,0.97870344,0.07621286,0.57794464,0.4364576,1.7386496,1.8745824,0.027588576,0.8014274,1.5681031,0.13301006,2.0544953,0.9450737,0.27136296,1.001709,0.3114362,2.3011215,0.45531315,0.6941511,0.42830646,0.31547332,0.095819645,2.3750317,1.1392298,3.4308116,1.9243718,1.5939683,1.9196335,0.5940642,1.6948879,3.752602,0.13456026,1.4475907,0.0,0.86179334,0.95345676,0.0018915208,0.66342086,0.28636938,0.0,1.0128231,0.6624016,0.99203056,1.3185706,0.810959,0.54961246,0.07620454,0.09409241,0.9070514,1.4568143,1.1632583,0.6788829,0.6031176,0.18722631,0.9357314,0.8188028,0.47918856,0.21152574,0.27830663,0.26805303,0.17312782,0.81881285,1.0548093,1.2883443,1.4125183,0.114813335,0.42974034,0.41191918,0.45456252,1.1361476,0.75861996,2.7650433,1.439969,0.14829813,0.9821363,1.4163285,0.003928089,0.5260068,0.4831741,0.13535947,0.86499006,0.5182394,0.584539,0.63614494,1.5238678,0.529319,0.8206924,0.43248966,0.33279407,0.7344714,0.92213005,1.2412785,2.5909977,0.5643502,0.6603419,0.2801121,1.5684965,0.9111955,0.97856677,0.19735028,0.87636644,0.76370835,0.7694607,0.65192586,0.19245967,0.9534294,0.31218478,0.5219514,0.60580933,1.7277774,1.2078447,0.34100568,0.2586631,0.75888985,0.9912891,0.06794961,0.84639895,0.36176252,0.42494124,0.033774797,0.06394594,0.19610819,1.3726962,0.39703113,0.4363254,0.1434136,1.2714856,1.6116834,0.9822936,1.0490402,0.25000906,0.38627288,0.3572237,1.2755387,0.5810113,1.2941525,1.977024,0.3987615,1.3331115,0.28691062,0.9941201,0.57939047,0.057113774,0.44645226,0.52216434,0.1370303,0.1211459,0.8106088,0.19501394,1.9116269,1.0105437,0.7201941,1.3792781,2.2097533,1.0592495,0.27380115,0.47835127,0.0,0.30480123,0.44789776,1.0260811,0.8296216,2.048116,0.230185,1.2971632,1.7573448,0.11467266,1.0213685,1.2153004,0.20456454,0.3406103,1.9380658,0.95153123,0.46131623,1.3926783,0.23322709,0.5693733,0.3945641,0.0895933,0.0,1.2195117,0.7462202,0.7356415,1.0729192,0.018017618,0.25298423,0.8286553,0.0033313448,1.804427,1.5793859,1.3476448,0.42171344,0.3078832,0.7915293,0.5083903,1.8186601,0.17331696,0.2585363,0.19599214,0.19132365,2.2551193,0.12596756,0.40145618,0.66987735,0.26926222,0.053292215,0.20113534,0.66888684,0.29680628,0.02261979,0.7479052,0.14292458,1.6991818,4.0298696,0.84813267,1.5223821,1.3759904,0.53466105,0.59912694,0.46239677,0.8097479,1.1675571,0.0065547405,1.1225977,all_pothole_images\pothole_images_enhanced_85fef53d64d6de862748fd07214869fe.jpg
0.2690468,3.1895154,0.7054999,1.2244427,0.6350963,0.47605124,0.32134008,0.056689303,0.025245003,0.8557974,0.42196164,0.08029015,0.43938434,2.8411555,0.029280458,0.5454025,1.3691002,0.45363012,0.77971274,0.35253426,0.33589685,2.3103871,0.8080678,1.3048923,0.005305435,0.68512577,0.21291856,0.8807016,0.4796946,1.7179987,0.38044778,0.0067766835,0.08919948,0.6992821,1.9817675,0.29051355,2.0212102,1.255834,0.17553987,0.73183477,0.6281405,0.0025656386,0.37756348,1.958935,0.3811717,0.085724816,0.3711252,0.17785905,0.20803009,0.012050733,0.6829236,0.2955994,0.51112264,0.95276475,0.05202167,1.1168747,0.29901326,0.012495481,1.4900742,0.23357461,0.34553602,1.5294222,1.4628,0.17477895,1.5113013,0.48262408,0.85572726,0.20639256,1.0842886,0.19465795,0.6023631,0.22592135,0.4291551,0.0378434,0.5221296,0.8871811,0.14901142,0.43294933,0.24004294,0.5392888,1.1672276,0.37842077,0.091848664,2.4152944,0.59625816,0.60174555,0.44064093,0.084747605,3.7223914,0.069742635,0.8219249,0.40514657,0.084206305,1.1683944,0.47039866,0.77118456,0.2697973,1.6597016,0.15577814,0.76459,0.5369374,0.51335627,0.54839665,0.80959547,0.69574213,0.8124398,0.1565506,0.10641139,0.33343345,0.41588885,0.092042714,1.7895001,0.2199477,0.47601008,0.5769403,0.16508645,1.3953112,0.036241636,0.8552763,0.63518876,0.6572925,1.0052929,0.33947638,0.29423216,0.125493,0.6553604,0.16187231,1.2889471,0.63980436,0.77250075,0.84799206,0.58878404,0.46311113,0.29625386,1.0258504,0.68126166,0.17905943,0.5281227,0.7383706,0.5923303,0.6764089,0.04057925,0.43036947,0.77360314,0.1253643,0.18194759,0.059820272,0.018199367,0.17281078,1.0503054,0.912258,1.0942222,0.058392484,0.17345956,0.8619633,0.45259222,0.9793128,0.8334735,0.63251793,0.48768112,2.218097,0.5282732,0.0100220395,2.4321208,0.44364235,0.1487221,0.91922134,0.11881127,0.9503817,0.35662997,0.43024093,0.32748762,0.41035977,0.2567342,1.2558844,0.52727026,0.46066648,0.20073733,0.6030147,0.33549887,1.0738143,1.5483432,0.18731341,0.4470684,0.250556,0.49315363,0.16486014,0.20677328,0.10774287,0.54606175,0.07294606,0.6129217,0.80554605,1.4354427,0.04363452,0.034296066,0.6536649,0.89141554,0.23504291,0.6267572,0.36699212,1.1149791,0.9052007,0.5444221,2.4123254,0.5602654,0.7373905,0.23390116,0.89129716,0.41611803,0.31756598,0.7418754,1.560696,1.2803004,1.4571358,0.8708494,1.4733762,0.36172044,0.82920086,0.31386977,1.5564733,0.39723638,0.86879337,0.40090662,0.55310595,0.91005915,0.33220932,0.31059274,1.6616964,0.07873443,0.3923512,0.94111866,0.27327633,0.58111095,0.5832809,1.1842041,1.3720553,0.2383928,0.025835995,0.36719793,0.1120775,0.19556867,0.04514391,0.18506889,0.8836022,0.16655698,1.370093,0.31289378,0.89592135,3.1644099,1.4411173,0.05914442,0.72111446,0.7127945,0.21498245,1.2490884,1.0879118,0.4434086,0.76971394,1.3366318,0.5020833,0.46672267,0.75820476,1.3713466,0.7892615,0.7994705,0.21706347,1.1970937,0.5782406,0.55401057,0.6019946,0.53677225,0.21025482,0.11712217,0.07868312,0.8559449,0.7116459,0.19698259,0.16634198,0.6622509,0.3957265,1.2589691,0.009901142,0.07928725,1.7921517,0.13426036,0.7858424,0.24831775,0.2677334,0.062570214,0.20555101,0.73323935,0.13096961,0.22050524,0.547066,0.19010563,1.5547471,2.0864837,0.40728217,1.1477262,0.06438953,0.5138878,0.31976303,0.94942665,4.4651594,0.27950785,0.35198227,0.3256756,0.49108842,0.18631779,1.1203402,0.67374986,3.7549458,0.10242723,0.3025151,1.2199423,0.7791047,1.5268283,1.6545799,0.060902216,0.44308746,0.18505627,0.0,0.1196661,0.1553287,2.111052,0.6248872,0.25615788,1.2207476,0.8459273,1.5115803,0.52400357,0.0,0.11805313,0.14465748,0.14088313,0.8239911,0.30738178,1.2804648,0.12805475,1.7017875,0.3789714,0.17035763,0.3412247,0.16304015,0.6931527,0.5563838,0.39867625,0.1893263,1.2893546,0.68977046,1.2271501,0.20686279,0.8294613,0.46667582,0.24368398,0.57997686,0.854611,0.045250915,0.76691645,0.44844514,0.23404822,0.5157422,0.3716084,0.5620233,0.46128416,0.6179342,0.100555964,0.7503828,0.43721282,0.72351587,1.0262476,0.46227497,0.7931464,1.0517743,1.0041214,0.20747732,0.02394719,0.020377079,1.861351,0.66336066,0.40734243,1.8389685,0.26544112,1.8666449,0.64082336,0.9414626,1.3275753,1.8025019,2.1814451,0.91014636,0.40190917,0.90593725,1.5454808,0.0,0.33524603,1.0857047,1.0470538,0.32303032,0.120313816,3.0836308,0.22880195,0.04531868,0.32094452,0.37229824,0.06551695,0.4462733,0.63536185,0.0116395475,1.1467427,1.2148578,0.37510413,0.7226734,0.7021315,0.54138285,0.45261848,1.0614227,0.87416136,0.2300042,0.025051434,0.43212992,0.18533754,0.4725404,1.2424659,1.3328614,0.4640273,2.0464866,1.1111964,0.70587975,0.026881251,1.1073247,0.9320185,0.109731905,0.26242298,0.66512483,1.9793164,0.31886768,0.26763007,0.7921463,0.32445046,1.1805147,0.091098286,0.95906526,0.587793,0.96255064,0.035186928,2.483768,1.1482031,1.9564692,0.61072993,0.60113925,1.0353072,1.8788694,0.4058907,0.18670954,1.7790828,1.6077242,0.07491497,0.372557,0.4990855,1.1764702,0.58742356,0.53593844,1.2625412,1.1708112,0.3525494,0.73307806,0.19530217,1.4136344,0.5186971,1.4635199,0.42416933,0.32850093,0.20231803,0.43629968,0.53437996,0.048906945,0.44933575,0.40399653,0.45484582,0.7122356,1.5845014,0.058191504,0.43066514,0.018579073,0.012914971,0.49835727,0.024342515,1.8124659,0.09825358,2.024788,0.852266,0.37930593,0.03811498,0.20629032,0.5315182,0.13979296,0.18481226,0.12804316,0.0095812,0.5385635,3.4525752,0.21629937,0.84571916,0.9857999,0.4000271,0.15422218,1.3363649,0.5142985,0.12142706,0.035408013,0.30869833,all_pothole_images\pothole_images_enhanced_86125a951e9e8cb1da37b76c49cb054e.jpg
0.19439252,1.9132975,0.46690768,1.4847617,2.3046257,0.8308937,0.11597446,0.22524232,0.26368037,0.6475159,0.1837005,0.50225276,0.5119124,0.28855616,1.0247614,0.23145862,0.105934225,0.13582906,0.3466236,0.7993838,1.0311997,1.3561,0.3734618,0.80838543,1.2387007,0.51522726,0.96303254,2.372602,0.61354065,0.2353781,0.9141129,0.49264184,0.83144355,0.49367702,0.7829608,1.2688824,1.0810779,1.7314409,0.037101354,0.85131174,0.05214065,0.041541006,0.29251745,3.1835825,0.36471918,0.21199419,0.03150621,0.30020922,0.3205394,0.19798027,0.77355635,1.4156424,0.35747775,0.7540647,0.15876757,0.8766937,2.8291178,0.016643262,0.5303553,0.55820817,0.05791739,0.36842042,1.3199844,0.28628752,0.24929078,0.68503785,0.2198479,0.9304345,0.3176286,0.15918033,0.91459846,0.4868634,0.49543935,0.30241412,0.44313383,1.7446947,0.6140148,0.6536729,0.17389812,0.90311694,1.5924922,0.15606911,0.055952378,0.9937569,1.0211054,0.82511324,0.13890406,0.18409623,4.930548,0.08383739,0.6555003,0.20124683,0.116779394,0.43303183,0.37066573,0.023746273,0.33938247,1.6665161,1.6380169,0.81014514,5.277341e-05,3.0145025,0.08565864,0.42546287,0.07121509,0.1838365,0.17910519,0.054537192,0.052826785,0.3923773,0.062352568,1.2654408,0.4529527,0.85433865,0.5798482,0.9629462,1.6199266,0.023795264,0.88862073,0.9819838,3.0946634,1.3284264,0.3465135,1.6962146,0.8079815,1.3095158,0.07367876,0.8239467,1.0089291,0.26515323,1.1785117,0.2693599,0.9366954,0.6882836,0.70515984,0.70614696,0.25082248,0.705284,1.2240493,0.19316052,0.4255765,0.21165933,0.25750834,0.84436417,1.5796362,0.6684667,0.6440198,0.87938005,0.049235236,0.8192846,0.6820882,0.7192233,0.17426674,0.04983902,1.0143585,0.23213968,1.1091676,0.09916529,1.0751059,0.76226246,1.5492469,0.7476579,0.105398275,2.2555878,0.0,0.538159,0.34864783,0.08721715,1.1103861,0.2947773,1.0399464,0.39667958,0.923716,0.9622341,1.2169871,0.14629316,1.5243953,0.08288395,0.001691884,0.26673362,0.4339086,1.3915854,3.8314083,2.0879302,1.034067,0.94310963,0.5003893,0.017720345,0.41418788,0.48670948,1.1045946,0.39633274,0.22860184,1.6814036,0.5910067,0.2620773,0.12448404,0.053555224,0.09656177,1.0780165,0.8016969,0.39003748,0.45909488,0.87070984,1.3262289,1.2354339,0.02989007,0.6662258,1.0917808,0.004336043,0.21064353,0.7408686,1.3963975,1.9336252,1.0599179,0.48355576,0.72150296,0.045930766,1.5637839,0.008394982,2.133094,0.14947236,0.2815151,0.09963298,0.17542858,0.91198707,0.64455384,0.28211212,0.11510892,0.7329006,0.10596178,1.1387155,0.55151206,0.049301792,0.23072828,0.13742492,1.1459541,0.37465852,0.034124963,0.23424086,0.2655608,0.007445982,0.10486293,0.11027447,0.030171564,0.058080856,0.20744276,0.0,0.36556256,2.7200572,0.9774377,0.8155407,0.26226068,0.27241024,0.80043215,0.019165102,0.8217397,0.0,0.18364844,1.6094472,0.5025666,1.3404927,0.52002233,0.26820844,0.21967024,0.36006245,0.065463655,0.37577313,1.8289281,0.11356729,0.35256588,0.08242309,0.25266033,0.3372615,0.25717506,1.0195726,0.43950456,0.044207927,0.3509523,1.0052453,0.120621964,0.14888273,0.45277116,0.10134268,1.3349767,0.53055906,1.3624604,1.599576,1.1670521,0.10076263,0.72334963,0.75878245,0.04055924,0.45176437,0.51425004,0.52004415,0.61277956,0.017666193,0.04184847,0.5271788,0.043213006,0.95470387,0.11700648,1.0608573,5.7299185,0.5905143,0.0,0.5403051,0.40528673,1.0034806,0.11028494,0.46711263,3.619685,0.41582683,0.087838426,1.2080781,0.5272997,0.99089396,0.47600174,0.16137826,0.27099958,0.6707535,0.38410312,0.10225186,0.7894742,0.70492685,0.9152969,1.5820214,0.87734693,0.8475371,1.6063731,0.57708,0.077022456,0.14191261,0.8160597,1.323571,1.1970987,0.5577067,0.73652023,0.30550548,1.1823941,1.3954738,1.8678015,0.06746741,0.96776766,0.0,0.27391726,0.17659928,0.413825,0.30426687,0.47268036,0.777238,0.5679121,0.6275904,0.42994162,0.05547689,0.7805812,0.31438732,0.42934906,0.22317903,0.0007908595,0.00294889,0.13359359,1.4523886,0.13889536,0.036656853,0.65562946,0.29790494,0.19029875,0.13736707,0.78602284,0.58833593,0.3808987,0.21276346,1.3732623,0.55518466,0.050723888,0.033608895,0.12303935,0.56204206,0.06739227,0.16629107,0.24058565,0.984802,2.5995312,2.1247683,2.1025426,0.98344177,0.79222417,0.8750866,1.5998821,0.06830526,0.13081992,0.12075593,0.054742295,0.018121308,0.8729691,0.20878646,0.25973344,0.3489219,1.032385,1.234477,0.0038862482,1.0445297,0.1510456,0.202596,0.06891988,1.2840116,0.6635183,0.84649175,0.9253724,0.38001585,0.5892782,1.022436,0.002380755,0.43967885,0.76670074,1.0063688,0.12420127,0.012410877,2.5855515,0.18650126,1.5698181,2.186265,2.8102193,0.370084,1.3689371,1.5180794,0.043391615,0.20919603,1.9219394,0.2449056,0.8229561,0.6153959,0.20819922,4.492634,1.5773114,0.36501238,0.001624951,0.7284885,1.1871585,0.405438,0.09590978,0.4404338,0.29178005,0.85227644,2.8358383,0.37545475,0.35806593,1.3997787,0.8208663,0.50156313,0.21191286,0.27169418,0.14468835,0.50328094,1.0238647,0.32447335,0.24234593,0.7251747,0.9590234,0.21608248,0.8394475,0.16519168,1.0212871,0.3493344,0.44192863,0.062100332,0.4965985,1.397304,1.2212565,0.033599496,0.7972506,0.09148871,0.24861372,0.45969525,0.28448504,0.45118803,1.2143174,0.34606788,0.6540942,2.8916128,0.17742904,0.39202163,0.011575553,0.018986547,0.66142446,0.48215306,0.011156075,0.07202562,0.0019745065,3.2557597,0.0,0.023820752,0.027689643,0.15244858,0.03016569,0.01247407,0.07730514,0.10425365,0.5949247,2.644706,0.25211987,0.5138527,0.9998539,0.2529228,0.0006575081,0.52042943,0.4245744,0.47831267,0.7089484,0.22528675,all_pothole_images\pothole_images_enhanced_8657cac808ed6f057617cee2b2f38a4a.jpg
0.0,0.27770877,0.20404766,3.3744183,0.394745,1.4328191,0.91623735,0.51526296,0.023105353,0.294181,0.8603748,0.8395689,0.94501555,0.57047534,0.0,0.34726614,0.11315751,2.6619592,1.4506359,0.121363774,0.798807,0.93630046,0.14706424,0.0044201044,0.75514376,0.029598674,2.0401073,2.3209145,2.7592034,0.436731,0.023703624,0.29432595,0.9607423,0.31035888,0.0029277208,0.4234159,0.4148081,0.8068706,0.041887704,1.6425258,0.023972983,0.6106196,0.25778353,1.4407843,1.1807532,0.36645412,0.66977483,0.024411349,0.26499227,0.31906322,0.4434574,2.2488885,0.044886652,0.5087458,0.12761776,1.0633496,0.27202666,0.33098778,0.5096842,1.4915167,0.12358373,1.0403188,1.2426581,0.72432274,2.0503545,2.2012641,0.24129131,0.5664209,1.3871195,0.03238681,1.2135113,1.1873033,0.0033163643,0.30635297,0.013212877,0.022148516,0.039075356,0.08202615,0.0,0.0060799047,1.4462433,0.033029873,0.65676373,0.43360925,0.076237865,0.36411846,0.9955926,0.06299294,1.2618601,0.28547412,0.0019876205,0.9355193,0.04489762,0.16457114,0.34158668,0.21837261,0.63659626,1.3657916,0.15924096,0.8471793,0.16573606,2.8861353,1.0113593,0.23191664,0.034202777,0.02315285,0.002069637,0.15561736,0.5008195,0.070310146,0.18878351,1.557923,1.9553032,0.051237263,0.7595169,0.14659396,0.039485134,0.44028366,1.0017112,0.31271127,1.3869865,0.18231922,0.2140109,1.3576546,0.26168066,0.04859632,0.18354444,0.4538722,2.5498118,0.09560383,0.90106946,0.6557383,0.48483828,0.28506786,0.0,0.23177142,0.3063888,0.4462256,1.2957308,0.5430467,0.8941084,3.6944897,0.026206994,0.1479593,1.0930345,1.392275,0.15938067,0.061370566,0.026618792,0.092663616,0.058886692,0.30680934,0.0,0.0,0.6147507,0.827949,0.04488175,0.114972256,2.3168292,0.53233373,1.5220246,2.4310236,0.079062305,2.5253584,0.2183946,1.3959676,2.9133554,0.06722043,0.7330142,1.7169253,0.056111343,0.710884,0.6725993,0.7753951,0.06462968,0.0754762,0.34756553,0.07307677,1.6113952,0.044138383,0.133125,0.1014946,3.5399878,0.47123072,1.2306896,0.122423954,0.33769444,0.35469946,0.22911443,0.22429843,0.009221801,0.41024134,0.0,0.99719095,0.36118448,0.21304992,0.21753575,0.062889166,0.92064744,0.23639336,0.19735368,1.1189481,0.8273842,0.26566446,0.25201485,0.42352396,0.73830396,0.0053372155,3.2457013,0.7751277,0.6077269,0.43758577,0.16569413,0.6766261,1.0765406,2.9116278,1.8631675,0.0928065,0.107971705,1.0322425,1.6129583,0.25440806,0.9037205,0.34874782,0.0014703522,0.51192516,0.5949118,1.1135851,0.55957687,1.4519801,1.416806,0.7557849,0.9096553,0.3180149,0.015852518,0.0056389812,2.2391527,0.80391496,0.057579566,0.6787908,0.0025591354,0.10595803,0.6040264,0.021174792,0.09173309,0.47022223,0.14917773,0.48011503,0.37037826,6.197282,2.5268452,0.0,0.57217205,0.17708652,0.27538335,3.9086838,0.022714622,1.119862,0.020214165,2.530075,0.010523483,0.040822875,0.050287984,0.9111529,0.4246748,0.4877616,0.9408953,0.78929454,0.22901176,0.560197,0.3737736,0.097034335,0.7191841,0.3651499,0.80806124,0.2434058,0.24127187,0.9834662,0.1329868,0.37953815,2.3989966,1.1725795,0.13664302,0.082680576,0.036954444,0.572466,1.5970212,0.0133794155,3.7057254,1.9163659,0.003535656,0.5085357,0.13050614,0.26654992,0.28798205,1.341558,0.0,2.171645,0.45415255,3.28319,1.2886617,1.3924812,0.0049231397,0.084457554,5.0216327,0.17331155,0.5389376,0.003373122,0.14292479,0.124277845,0.28848368,1.1001354,0.81124765,1.0350403,1.1389784,1.1340749,0.39775902,1.2555188,2.1605752,0.64738464,0.053543303,0.029324248,0.58523726,0.035109304,1.1892457,0.49458727,0.0072311703,0.006586826,0.40014854,0.05524766,1.9477501,0.27651367,0.9813385,0.106572255,0.030173503,0.0013436044,1.1919509,1.4489266,0.93262357,1.1135697,0.0,0.35626486,0.37800103,0.82143235,1.0406232,0.695004,0.6793363,1.9198279,0.84173334,0.02508268,1.2368947,1.4536905,0.0,0.3533451,0.0,0.22601931,0.22396415,2.117462,0.04875579,0.0,0.38324103,0.3472274,0.9650209,0.08755056,0.016363088,0.003661038,0.9968489,0.17307837,0.6409936,0.66902894,0.5296795,0.30241755,0.27044392,0.08792729,0.004287325,0.029331453,0.03336891,0.0,0.7642844,0.03249231,0.47086188,0.00054183416,0.0,0.35765043,0.2900185,0.9511208,1.2515874,0.0092821885,0.15212421,0.3605386,0.2592359,0.020619495,0.16972458,0.42064086,0.115107946,0.02647169,1.0440809,0.0538819,0.003991861,0.40349463,0.20314163,1.1415232,0.042737164,0.18296362,0.8488025,0.37629247,0.10747614,0.85495937,0.34480113,0.10541936,0.3234419,1.8476684,0.016028406,0.57682174,0.04570741,1.4624895,0.5979696,0.4950989,0.6455626,0.7262011,2.2141235,0.9466418,1.784302,2.0194416,4.926365,1.1712835,1.3795705,0.22755677,1.0056804,0.8395111,0.3137926,0.26905274,0.096891254,0.51711893,1.3960291,0.34681395,0.11447082,0.7437144,0.4291419,1.1368072,1.1201122,0.60165364,0.45360875,0.0055244174,0.02283137,0.0013349348,0.25760865,0.31789175,0.21550792,1.5541923,1.0732089,0.28926322,0.11348437,0.17422844,0.18338257,0.17767778,0.26225153,0.024279589,0.738076,0.05883912,1.4209933,0.46767747,0.08624211,0.6263523,0.010864843,0.0006266549,0.024647828,0.0040299646,0.060387444,1.6616054,0.019598277,0.35754278,0.25640154,0.16735843,0.8795286,0.017378453,1.1714219,1.9039278,0.5258402,0.0,0.07969829,0.5329689,0.005724313,0.44406763,0.009090835,0.016854385,0.42394415,0.2263581,0.0742175,0.23672995,0.06753788,1.3617219,1.3800982,0.20699653,0.0,0.0,0.91808546,0.028522268,0.17065749,0.42989692,0.14827533,0.3879706,0.7723473,0.0,0.50731975,0.72933716,0.01216331,0.2991506,0.17473193,0.40086955,0.43099496,0.5074967,all_pothole_images\pothole_images_enhanced_868a2672ce253d67ca4b2b03f9526645.jpg
0.24088436,1.209725,0.061877202,0.93052775,0.8670609,1.2728392,0.0,0.16839771,0.9349903,0.39641464,0.06378987,0.33466825,0.11308795,1.6111187,0.0655686,1.4623204,0.04870395,0.028449452,0.07489133,0.28494635,0.70069474,1.5223833,0.85796255,0.88758457,0.076844856,0.11196672,0.013975896,1.4793773,0.5202274,0.69451934,0.5152296,0.011673436,0.7452869,0.93414366,0.22845316,0.19395404,0.36182204,0.26920837,0.23001799,0.1723477,1.5913625,0.20367444,0.0048915804,0.32677284,1.0401688,0.060318995,0.08827989,0.25064108,0.31200734,0.33960918,0.9856865,0.06056287,0.009456,0.26263845,0.12539798,0.14703636,1.9504547,0.141841,0.27588415,0.5489593,0.0,0.2524845,0.986126,0.23900254,0.45782185,0.09721137,0.038399063,0.07704919,0.0,0.25781178,0.10363452,0.1287545,0.22830327,0.10722884,0.33920124,0.3259534,0.4939868,1.9932309,0.19416066,0.35545835,0.074493505,0.12044478,0.06127224,2.1253235,0.0061536576,0.5122999,0.17904148,0.021671591,1.6933733,0.23414001,0.05365538,1.449787,0.0013206952,0.12637107,1.1406308,0.009522728,0.65141803,0.059504576,0.042729076,0.012488751,0.029133663,2.0917184,0.3486703,0.039664764,0.868751,0.00085318694,0.13852596,0.04236307,0.35386506,0.6343896,0.022211181,1.8469098,0.47607815,0.11043336,0.0797787,0.04107051,1.1531638,0.061574005,1.2421727,1.4730433,1.6982291,0.1513378,0.015688652,1.0988889,0.41184196,0.19973345,0.46252385,0.080124564,0.5228776,0.085554264,0.021345815,0.12244216,0.0978181,0.087527305,0.3890141,0.8412525,0.3148,0.3309382,0.4004875,0.5542898,0.5360599,0.44225278,0.3455737,0.95040625,0.13175693,0.19962236,0.0,0.6943319,0.023841845,0.013162809,0.50543433,0.34845963,0.60852486,0.09933488,0.64059055,0.07106223,0.52772605,0.18376434,0.05317129,0.115651175,0.7873965,0.06378633,0.13560298,1.6139699,0.750011,0.28244087,1.8293955,0.13926755,0.81031734,0.5682765,0.03338231,0.0,0.0,0.013684267,0.8222062,0.38099918,0.5859413,0.1147588,0.031134767,0.42509434,0.1552558,0.262917,1.9267772,0.8922034,2.1109283,0.48885727,0.0,0.64237624,0.029252157,0.46406275,0.061703146,0.008755409,0.040271226,2.777952,0.2948261,0.08332044,0.7100848,1.910727,0.33644006,0.5151029,0.19558598,0.65046984,0.6626816,0.3335222,0.060380798,0.4535902,0.5471442,0.11595326,1.3748721,0.8937799,0.002358879,0.12924017,0.5749082,0.5682813,0.16240771,1.0267984,0.14981833,0.37887004,1.9789319,1.112688,0.19747426,0.07443716,0.4961895,1.1560894,0.0025019676,0.017278783,2.4273283,0.026849287,1.9011152,0.0018589357,0.10928952,0.05645244,0.20127869,0.06221227,0.69214785,0.038922578,1.8219638,0.4822147,0.44993582,0.53387743,0.4318229,0.3459815,0.2907775,0.071229376,0.27708966,0.21263239,0.056785665,0.1126818,0.03571943,3.1559403,2.4231446,0.6169132,0.27509725,0.017112993,0.2799875,0.0410264,0.34671837,0.6365882,0.699116,3.361911,0.31192735,0.20528552,1.2102736,0.035619114,0.20881501,0.29618225,0.049147975,0.0024335356,1.7155361,0.2802699,0.39675933,0.22600901,0.04502594,0.07679462,0.046163388,0.256258,1.2969366,0.41003776,0.11808263,0.15285225,0.79433954,0.5343404,0.019781398,2.1937382,0.1832489,0.3813853,0.036358945,0.07546599,0.6152231,0.052502874,0.11747472,1.4661744,0.18407047,1.387611,0.55791616,0.046590425,0.36032832,0.2055418,0.2568705,0.8808147,0.20514338,0.28426453,0.027381167,0.3859237,2.7340088,0.17904551,0.20905256,0.11501223,0.32719678,0.19850938,0.083465576,0.72278875,4.1203284,2.2811618,0.15919125,0.5774962,0.037719764,0.2684778,1.4699703,0.65571344,0.9043463,0.3476875,0.03685877,0.6922269,2.0984492,0.970504,0.5716643,0.15630493,1.045789,1.5922596,2.5130467,0.4514782,0.03409606,0.024306022,0.007165778,0.012713628,0.4083922,0.16759312,0.023922939,0.5213539,0.3378788,0.58504087,1.6571244,0.06381594,0.6397078,0.03329217,0.32061997,0.065324396,0.20634104,0.041578777,0.71408975,0.5618317,0.21069126,0.23228446,0.79316664,1.007285,0.2700645,0.3169172,0.018351197,0.39271432,0.12576213,0.3285362,0.5469024,0.27200514,0.0,0.63954985,1.2063416,0.52435577,0.7395363,0.25064364,0.9990078,0.26788014,0.02369322,0.18614274,0.60116404,0.11664122,0.6840484,0.8512751,0.08890333,0.72635627,0.13982451,0.25114262,0.3823694,1.7087078,3.889918,0.0,2.0629475,0.1465423,0.015950667,1.1261977,0.19844331,1.3517967,0.05114855,0.05888028,0.035268933,0.43689308,0.63597643,0.2830554,1.2046354,0.16913398,0.48096073,0.26261565,1.0229248,0.14447284,0.0030605837,0.0,0.19280086,0.19968925,0.061999105,0.06290346,0.024814732,0.340014,0.06688765,0.17126682,0.40166333,0.05537844,0.49185616,0.58299774,0.0,0.7700329,0.5810582,0.08104095,0.5730548,0.28795603,1.6610353,0.18775433,0.11773105,0.087839335,0.70119023,0.33731997,0.9054241,2.041639,0.045951698,0.25279844,0.19239503,3.6909509,1.7913351,0.4782317,0.0,0.86812544,0.60516083,0.65012175,0.10178414,0.104001276,0.029035024,0.57293177,0.9774786,0.7055917,0.009108293,1.3982228,0.9360388,0.011545751,0.5480291,1.0471699,0.79711616,0.8403582,0.9948441,0.031104764,1.0642245,2.1221113,0.64185727,0.9981335,0.021872872,0.14189075,0.9413212,0.14715599,0.11460571,0.0,0.06251716,1.7923746,0.58913934,0.13639042,0.26803046,0.06529685,0.55934864,0.009290665,0.46841025,0.7741463,0.7587088,0.27022457,0.088945195,0.98305756,1.32698,0.55984175,0.0,0.47654316,1.7039698,0.31963032,0.38605005,0.028445207,0.11736,0.5701456,0.35419902,0.0,0.2982426,0.05712001,0.65250635,0.16343321,0.052536886,0.061355498,0.12076514,6.069581,0.4382185,0.71925163,0.04123385,0.9969655,0.0010389506,0.43875393,0.0995656,0.81888366,0.18627366,0.16689761,all_pothole_images\pothole_images_enhanced_86dfc2e6db4d102a6db8470d09881576.jpg
0.07657908,1.4187927,1.1138803,0.6782801,0.30226395,0.19920851,0.25471142,0.0,0.31792468,0.6252585,0.59815025,0.44877285,0.30379084,0.23866163,0.114755705,0.870358,0.15532622,0.09336947,0.9647167,0.0,0.35659832,1.1432302,0.50824344,1.7169871,0.35181823,0.08188664,0.08167707,1.091805,0.12976086,0.0,0.45975548,0.0709122,0.9056725,0.15683071,0.3669738,0.5798541,0.5915461,1.2575758,0.0044972682,0.5968444,0.0,0.33203092,0.11056058,0.71492624,1.7021497,0.29789707,0.0008306867,0.10214937,0.3501686,0.5909992,0.47353604,0.3100746,0.12902485,0.15358812,0.015012937,0.24288522,0.7291777,0.26669693,1.0264285,0.32560256,0.19857553,0.11215811,0.32117954,0.22385903,0.3528538,0.5848963,0.4056149,0.0047029206,0.834818,0.18188636,0.3343703,0.34101576,0.64732236,0.1509813,0.19389346,0.6183921,0.010582245,0.55454373,0.025916379,0.32603762,0.049579993,0.08607027,0.27833486,0.9438861,1.0808342,0.62384784,0.087404214,0.28290814,2.6638045,0.7926298,0.0026803138,0.12768023,0.14224255,0.0026312985,0.43829715,0.40536729,0.8129665,2.2704175,0.2883616,0.10913354,0.09936822,0.61254525,0.14780883,0.44346973,0.51780504,0.026856411,0.43657404,0.004854045,0.30430946,0.17268184,0.090389915,1.2930691,0.25658277,0.3131311,0.011153007,0.7993266,1.8220798,0.2589867,1.9101787,0.80043185,0.7284541,0.17162552,0.26529518,2.7951136,0.23967205,2.0971668,0.1149052,0.7198705,0.24127467,0.8960775,0.41565686,0.024151105,0.527979,0.07846736,0.03223738,0.36185902,0.006822163,0.6252164,0.40588778,0.09173402,0.03581406,0.30462277,0.24572559,0.4778314,0.18768288,0.54780877,0.2959749,0.21313639,0.29505414,1.8475581,0.8200284,0.15837726,0.07777805,0.11970858,0.7963892,0.2748673,0.38963774,0.14728153,0.06895255,0.05951751,0.6229932,2.354983,0.19461063,1.5470388,0.040500373,0.011436922,2.0878904,0.0,0.111235246,0.9753118,0.11916534,0.21227743,0.07257752,0.04197451,0.44053072,0.14290385,0.25327316,0.00063428754,0.436674,0.26610726,0.0,0.24666913,1.4017583,1.6850424,2.404095,0.68559635,0.5406762,0.2516279,0.82398176,0.16566747,0.0003877326,0.28466704,0.18409207,0.72888106,0.35637492,0.3122538,0.68619955,0.5321231,0.6060613,1.2302266,0.10848539,0.4186747,0.0069120615,0.28795588,2.7337976,0.65172863,0.7113432,0.55941504,1.5847582,0.047681887,0.42311922,0.33758664,0.39946914,0.27880117,0.5215348,0.46481705,0.47334835,0.11770217,0.5423315,0.31926492,1.0466937,0.27383897,0.05093029,0.037690915,0.031733327,0.10743538,0.14037068,0.49765036,0.68917465,0.8100522,0.17673314,0.0028784992,0.8047148,0.09398236,0.52309924,0.22789574,1.0612519,0.110275075,0.1387774,0.087093115,0.35599554,0.0028009298,0.4151074,0.39352542,0.0029286395,0.00876957,0.06034211,0.15922077,0.5314827,3.0306327,0.2664142,0.0,0.057735506,0.1566119,0.18142968,0.06845799,0.43530178,0.16392644,0.27472073,0.5328571,0.06352765,0.37874058,0.12639327,0.39039645,0.48595053,0.43034276,0.029238056,0.34187502,1.665736,0.16880117,0.62913114,0.0,0.048767634,1.3158127,0.361959,0.9777551,0.14913632,0.08324954,0.9129718,0.2659252,0.104732394,0.094807096,0.7381646,1.166971,0.8971973,0.5290139,0.06857472,0.086517885,0.27032942,0.103517406,0.14388122,0.36921385,0.45039904,0.93076026,0.44701093,0.40153137,0.10630186,1.1708964,0.72336835,1.3473098,0.37098134,1.1149389,0.03547161,0.099905655,4.646377,0.39362824,0.00090573117,0.015025952,0.27619278,0.1844708,0.0,0.49239442,6.0077257,0.5415068,0.013004208,0.36555868,0.28550756,0.4293043,1.1236717,0.025075693,1.0874989,0.1729174,0.19992524,0.041111805,0.25072885,1.730067,1.002702,0.0775382,0.5837874,0.15840298,5.1664634,0.14790681,0.017390108,0.0,0.033099756,0.08062159,0.714722,0.04178344,0.7434135,0.0,0.24590623,0.15573761,0.7609271,0.44209713,0.15368249,0.10380144,0.0046018697,0.016602388,0.29051346,0.2456557,0.014808498,1.5716095,0.1658903,0.2206011,0.01929835,0.022261064,0.19384405,0.5754825,0.17578779,0.3976195,0.023849623,0.14322391,1.1042808,0.14826217,0.12979984,0.99900955,0.11325789,1.1375551,0.0024138882,0.3049956,0.29323325,0.26246914,0.13802153,0.25444552,0.8480338,0.53510535,0.45550665,0.21649317,0.068377465,0.136518,0.17802441,0.06940521,1.7713175,0.7298266,2.5651739,0.17994113,0.7516478,0.24423872,0.15401597,2.4649286,1.0869107,0.60049474,0.08198233,0.0041514277,0.06392653,0.5769353,0.28844336,0.3808902,0.14336163,0.1809637,1.999076,0.33487156,0.06293191,0.43511775,0.4823701,0.07320644,0.29836792,0.6398162,0.09663383,0.35762164,0.7692323,0.25439355,0.018584328,0.49304837,0.042586472,0.036347497,0.24408203,0.08855173,0.044554837,0.14821568,0.35198772,0.29655698,1.3418885,0.9056493,0.22120975,0.19278075,0.25384152,1.4101518,0.04427646,0.43759027,1.5353594,0.0665,0.3605257,0.41675025,0.2902891,2.495187,0.9804927,0.1433515,0.06864811,0.7443789,0.15660943,0.12096834,0.23227014,0.81704354,0.0144940335,0.09791471,1.9315141,0.98625374,0.39708382,1.5302358,2.580601,0.48205656,0.6758126,0.17856644,0.61906177,0.44363478,0.20467499,0.60631764,0.7664334,0.6519643,0.2012962,0.08730931,1.1655061,0.49310964,0.044851407,0.546568,0.11539006,0.0014561306,0.92709035,0.36345175,0.5699551,0.59040904,0.17264812,0.22744657,0.050374605,0.05159321,0.09784775,0.71492845,0.35521775,0.08221663,0.04167551,2.8710532,0.3795198,0.22257566,0.12216623,0.14997031,0.54061854,0.35742062,0.11939154,0.019796133,0.8989901,0.99764675,0.17594905,0.25470546,0.032122288,0.206647,0.0,0.0538565,0.39662552,0.10013736,0.12561652,3.531928,0.41174906,0.28092566,0.575325,0.2933915,0.67467993,0.3398592,0.49576017,0.30543268,0.19738057,0.4224685,all_pothole_images\pothole_images_enhanced_86e57e4cfbd0d6f3a78d9b516284e260.jpg
1.3573817,0.57353616,0.1200177,2.206134,1.267234,0.20072798,0.38513184,0.45549777,0.03741918,0.58831304,0.048925042,0.9507784,0.35387883,0.7004751,0.0022413537,0.48383686,0.16177203,1.1853049,0.22388332,0.116470985,0.35521284,1.7899569,1.1363785,1.6361223,0.4779558,0.027466254,0.016190331,0.928244,0.005271971,0.27557126,0.1306122,0.1464168,1.2829316,0.57099545,0.2532434,1.697611,0.5851873,0.7858622,0.27100956,0.5078795,0.23383744,0.051499397,0.0,0.38208008,0.35958737,0.24342544,0.18120737,0.015212448,0.78564054,1.6081991,1.537132,0.22976735,0.028992668,0.15488239,0.150207,1.179815,1.890546,0.088673845,0.11515789,0.048323765,0.026243752,0.06537644,0.27531165,0.10276837,1.1089134,2.2896698,0.09436977,0.16630675,0.27530757,0.119453505,0.005341487,0.73981196,0.17000821,0.33639413,0.044616546,0.015851323,0.1848682,0.6829658,0.0,0.092754744,0.14599106,0.015890589,0.07032598,0.93439054,0.6023386,0.6839396,0.16727959,0.31215775,1.490053,0.5978972,0.11897445,0.05891643,0.003982798,0.081311226,0.15881686,0.0055767554,1.3076906,0.3303233,0.7416156,0.13481942,0.03957124,3.7044153,0.66007906,0.013788458,0.6694037,0.81718504,0.1323305,1.0187901,0.019416967,1.6146364,0.038068473,1.9006531,0.57973665,1.1879959,0.09322185,0.97446424,2.3469648,0.87715214,3.6911533,1.4483757,1.2538992,0.9669792,0.25513032,0.86691064,0.15912478,0.32785574,0.1115336,2.5267627,1.0053803,0.0329082,0.37061962,0.3099146,0.27334604,0.22177006,0.0,0.84878224,0.0070229317,0.97078884,0.14995971,0.0061264974,0.89797556,0.15524867,0.29287094,1.1377851,0.012431717,0.54380614,0.13789394,1.1318314,0.39030266,0.20133291,0.024829289,0.21318029,0.15670794,0.10336165,1.5360321,1.0254478,1.3841381,0.29876763,1.6025144,0.15705054,1.8911506,1.1536251,0.031839218,3.6411257,0.011673996,0.12954967,0.67853314,0.18171585,2.0160902,0.3099353,0.29281893,0.0,0.0,0.17381339,0.6039456,0.11212139,0.039064113,0.0,0.05544345,0.19971652,0.0,2.6419153,2.8054137,1.4815981,2.288761,0.07853578,0.47201973,2.7559407,0.91510415,1.0226262,0.5491784,0.24603072,0.045973465,2.249882,0.029900346,0.21200272,0.6845882,0.71239686,0.2166836,0.25878304,0.09218017,0.33492455,1.25202,0.30523697,2.5068007,0.979152,0.2807803,0.56148803,1.0680455,2.2357516,0.0,0.006453089,0.0150107145,0.32381344,1.727996,0.581014,0.6622759,0.12883048,0.34448567,0.117214106,0.28762984,0.6299736,0.845565,0.4614443,0.10420373,1.0981971,0.97731763,0.2852609,0.79154015,0.0,0.11742131,0.019278737,0.9044584,0.060061533,0.7438154,0.044902246,0.8674807,0.1565292,0.22839145,0.8472698,0.60885364,0.012449527,0.060527444,0.27666262,0.021119041,0.060124777,0.24043086,0.43223992,0.24802032,3.1284113,0.8774531,0.15090168,1.3216436,0.35922545,0.010167628,0.7139056,0.6779401,0.2857383,0.37034047,1.0389497,0.27070892,0.04382076,0.23347425,1.5801027,0.3510765,0.7185393,0.014731532,0.34031233,1.2465004,0.5034498,0.25031075,0.05220986,0.026009442,1.1042156,0.93923515,0.4702797,0.7747351,0.7307951,0.4612619,0.802724,0.09575931,0.002590236,0.05454622,0.13153625,0.34400895,0.34302536,0.6150665,0.2722122,0.109721415,0.21060243,0.33159322,0.03272203,0.3071551,1.7373139,0.044198584,0.03449051,1.0403697,1.2904615,0.27287808,0.1483503,0.9034023,0.27545407,0.16874857,0.2840938,2.5813704,0.5835974,0.042076223,0.1984964,0.032927807,0.36738682,1.2988416,0.67227936,2.7629104,2.0355763,1.3785335,0.26468,0.01418333,0.69109887,2.698163,0.26400322,0.78036386,0.05132062,0.19216202,0.35989344,0.6715284,0.24117428,0.005422402,0.042629007,0.47526246,0.27536902,1.3633982,0.067650504,0.37052247,0.0004400521,0.23792502,0.07447642,0.3981657,0.0,0.29861385,0.14726917,0.489133,0.7742193,2.0421822,0.11814351,0.19203144,0.66520184,0.091865614,0.0,0.001728807,0.8500319,0.12900391,0.5163312,0.10967706,0.22309026,0.08686059,0.16065516,0.29005024,1.8469943,0.05674032,1.1432055,0.22303562,0.4336594,1.1405008,0.79852486,0.07067163,0.42332473,1.4701706,0.09185174,0.7994992,0.2675687,1.5999112,0.11828305,0.78805447,0.15840678,1.4471453,0.11271833,0.38561502,0.2972147,0.5987872,0.16356143,0.41175148,0.09734138,0.8411624,1.17756,1.9858088,0.17988975,1.9783194,0.046874925,0.19637838,0.40253803,0.4638442,1.1344972,0.2742548,0.24434665,0.036306884,0.04136012,0.37710854,0.17694874,1.2198974,0.22456723,2.723587,1.6167201,0.8886292,0.6189944,0.29976648,0.04440882,0.37961707,0.060633697,0.055372987,0.19538635,0.5975051,0.4606964,0.3679755,0.53927994,0.0067635565,0.08799919,0.29686373,1.1106957,0.28546083,0.027513841,1.2527965,0.71028745,0.50166494,1.6419837,2.5153282,0.4000279,0.16020392,0.91444224,0.9902836,1.5499141,0.51101196,0.67148495,0.38003966,0.051140632,0.16284351,2.6370456,2.1566868,0.23275784,0.5809055,1.1229172,0.3787974,0.30115446,0.28706905,0.25376135,0.14851986,0.15023617,0.20470561,0.075373426,0.008049887,0.7103826,0.5542576,0.74131936,0.26229107,1.0388612,0.52495545,1.0018474,0.84809655,0.101465635,1.2586044,2.483896,0.70340294,1.004282,1.6051805,0.21921189,0.30491623,0.61561865,0.4792334,0.18483448,0.5815764,0.454931,0.27600262,0.8499438,0.30295864,1.0775766,0.77034515,0.0,0.19427308,2.1187267,0.004465866,0.101502575,0.2661671,4.129735,1.6112599,0.54727054,0.02459524,0.06595714,0.45917916,0.0074178944,1.3498842,0.19178428,0.36737296,0.42250156,0.0,0.0,0.2835854,0.045914434,0.12617895,0.3839167,0.042912833,0.16323242,0.94574034,4.573001,0.6279561,0.013027082,0.25449586,0.31999767,0.1046897,0.04967672,1.232866,1.9934918,0.53274304,0.52172995,all_pothole_images\pothole_images_enhanced_871f5a56877d4665b4dbf08700fd54cc.jpg
1.0084256,0.65389234,0.35542274,2.950356,2.1892736,0.64839906,0.64809436,0.3281664,1.0277249,1.864804,1.1384951,0.96418583,0.21111488,2.234828,0.34500438,1.5092671,0.22128081,0.31084138,0.4828635,0.17517035,2.418239,2.0151784,0.2610778,1.4481503,1.9840424,0.44086048,0.40537542,5.1252785,1.951503,0.18179572,1.095194,0.6663775,1.0613753,0.2619062,0.4650352,3.148521,0.64831424,3.847926,0.92607355,1.9950197,0.021281976,0.26304942,0.19602585,1.347512,0.994018,0.09515462,0.0,0.25956392,1.3555615,1.6250128,1.8769406,0.013658124,0.08798282,0.190989,0.0,2.0054927,2.8873181,0.10549659,0.64073235,0.122647665,0.4941101,0.08423345,0.32306626,0.5051035,1.8584346,1.7362431,0.8145982,0.0005554776,0.5665085,0.8785861,0.014162209,0.26020673,0.4956965,2.3679864,0.38527042,2.2492788,0.12636328,0.75845057,0.0,1.0257398,0.0,0.052977975,0.0400268,2.3890374,0.1606801,0.20871861,0.40960255,0.96825653,2.2473063,0.2354716,0.2689944,0.13401759,0.40651417,0.6100778,0.79037476,0.35417116,0.66155654,0.93249696,0.8197328,1.9664795,0.669736,2.1272187,0.5898946,0.32365233,1.2171768,0.08438813,0.369148,0.61483747,0.18005434,0.5940339,0.33304495,2.152349,0.47863543,0.8574683,2.3343027,1.2989765,2.404922,0.024998982,3.5142086,2.0777721,3.734588,1.0412287,0.47705975,1.6231402,1.5074737,0.65164167,0.49164918,1.3084015,1.1756839,0.41774908,0.111863196,0.0,0.54291236,0.5469079,0.13523966,0.8992984,1.427612,1.4337678,0.41248596,0.0051114727,0.32889462,0.7384555,0.008908409,0.6569726,0.09705485,2.8068807,0.14484979,0.25801164,0.24127403,0.27742457,2.1064522,0.15199089,0.0,0.27802837,1.4214082,2.7068493,0.82565373,0.31109822,1.1743518,0.88826764,1.7441665,0.4941319,0.3625595,1.0038446,0.45563155,1.9692335,0.8108687,0.5175935,1.603056,1.2451291,0.09939319,0.014110903,0.5861085,2.3571558,0.46041545,0.5154496,0.79721713,0.19735917,0.0027920376,0.22301178,0.13145815,2.062565,0.22964567,2.0601768,0.47031534,0.10514549,0.042615525,1.5936419,0.20201021,0.75690717,0.47758383,0.022181205,0.023778362,0.7205776,0.5326707,1.3097011,1.72422,0.5528296,1.5703702,0.30905002,0.41240856,1.6226965,0.30196124,0.24166547,0.8121626,0.11255468,2.0886617,0.71978563,0.55043566,1.1328583,0.16377607,0.0,1.3849602,0.4910515,2.131055,4.674451,0.8923159,0.0029894095,1.1836729,0.12436822,1.346793,0.59163016,0.5987925,1.6498958,0.18436255,1.196834,0.37827978,1.4991461,1.2890173,1.4051794,0.0049017607,0.41848016,1.5648402,1.5909913,1.486549,0.056628957,2.3814712,0.03273368,0.13281904,0.8175377,0.271801,0.07711409,0.8166637,0.06080199,0.7813856,0.09273357,2.1645217,0.35347077,0.50357187,5.595582,1.6371644,0.5210129,0.52111495,0.5675197,0.7005287,0.04212074,0.9707761,0.5571935,0.28492814,5.371345,0.5589857,0.07134756,0.6459718,0.5216182,1.1603034,0.40455353,0.7795915,0.015457596,0.65856725,0.80132604,0.637576,0.060959306,1.2360541,0.6454957,1.5064812,1.1315875,0.2803497,0.35056803,1.1648923,0.86061436,0.3812678,0.24274148,1.144367,0.73127496,0.75137216,0.27598462,1.4066015,1.0866079,0.6312442,1.9769906,0.7560412,0.03336478,0.62637925,2.0373564,0.4903229,0.70643806,2.3344257,2.2135205,0.028531829,2.02301,0.741411,1.5583552,0.99667996,1.6233217,2.4102979,0.9085964,0.4542673,0.20313106,0.5203996,0.081510074,1.5262004,0.69767123,2.6541452,2.7329223,0.26021096,0.5801311,0.014815053,1.6209391,3.6270823,0.1833474,0.52904356,0.24698327,1.5599955,1.6028464,1.0224935,2.516365,0.6041645,0.12782218,0.59430665,0.72561365,0.7957223,0.35566735,0.30928704,0.41385844,0.24772125,0.5316605,1.2889333,2.2720947,1.1674535,1.3371831,0.23310912,0.161545,3.2945979,0.4355458,0.6973922,0.15046167,0.3254108,0.04372832,0.38627565,0.35413015,1.0818859,1.2230477,0.13540229,0.4384681,0.4547941,0.04037644,0.5323245,1.8149263,1.8863528,2.0923023,0.120003365,0.6381789,0.92713255,1.0107633,0.04376531,0.21906342,1.6926833,0.11502036,1.1815437,0.043203887,0.8679693,0.017949983,0.3191208,0.24555998,0.19465263,0.6658245,0.057777826,0.21838927,0.09850296,0.83436453,2.273873,0.07862135,1.5367419,0.5085668,3.8580315,2.245261,1.4952439,0.0044342424,0.95760936,2.1212733,1.8856649,1.1783346,0.026937317,0.14902766,0.0881155,0.004092251,1.9231716,0.44390196,0.23108228,0.021664796,2.7731977,0.89583653,1.4324867,0.14108254,0.90208596,1.0283004,0.068781294,0.1237511,0.5932017,0.3106945,0.24676454,0.46841794,0.17757298,0.41670865,0.11395232,1.2800188,0.95709085,0.7509537,0.4378862,1.257355,2.56364,1.598943,0.22745721,1.3399801,3.5729904,0.27727267,0.575696,1.8174431,0.51115435,2.5745742,0.5817696,0.22062424,0.8046891,0.26758882,0.8024656,1.8216548,0.99162453,1.3197846,0.39124557,1.1485778,1.736115,0.2002818,0.3523776,1.7677298,0.5362655,0.46856806,2.7298508,1.9211973,0.17517856,0.31636262,1.1401571,0.6502706,0.70652056,0.46883827,0.9140763,1.3707592,2.74549,0.6136351,0.92763966,2.8313866,3.602232,0.34198654,1.4735662,0.11811843,1.231887,0.82161134,0.6493139,0.048268802,1.4695785,0.5758489,0.3027269,0.6629919,0.011024516,0.84536976,2.2105687,0.07233016,0.86736274,1.2741296,1.131859,0.6203639,0.4593509,2.2699592,0.17832273,0.80231583,0.1367139,0.30193222,0.68404824,0.60038626,0.49216187,0.45971096,0.43071675,0.57148,0.13905218,0.00069303747,0.037762027,0.0625808,0.01611352,0.69748104,0.81803703,0.21112698,0.91787404,6.8497972,0.23575658,0.26580468,0.08559394,0.14117475,0.15463483,0.28526038,0.046897605,1.4476955,0.43453446,0.07936412,all_pothole_images\pothole_images_enhanced_872e1a698e76ad2c600e922d77e68a5e.jpg
0.26931253,0.7978424,2.5947855,0.19471945,0.58497924,0.03860315,0.27943423,0.49129912,2.2590282,3.128662,1.5584544,1.21258,1.7632377,0.1229951,0.6441449,0.032092895,0.05325766,1.268826,1.2060232,1.0130668,0.21895695,0.1388501,0.34426066,1.1961951,0.3698297,0.57551,1.5541617,0.052786507,0.37911084,0.8782794,1.3377013,1.1132106,0.18367518,0.3777382,2.5680218,2.8076012,0.3245798,0.06793987,1.1776763,0.23706427,0.07242098,1.0778713,1.0078727,1.8606839,2.7416463,0.8396557,1.9601101,0.028118342,0.59126604,1.1968151,2.0418835,1.5161957,0.38525218,0.02718127,0.62419266,0.60166216,1.0731734,1.8630016,1.010795,0.28174198,0.63322866,0.65454674,1.3724278,0.36565766,0.604377,0.9830872,0.26233464,0.39373,1.3431901,0.48487073,0.60828626,0.38045338,0.7528688,1.3727571,0.5608211,0.109432794,0.1571008,1.5631425,0.052032374,0.7639904,0.14824478,1.1153166,2.433634,2.7088706,2.6780288,1.2430257,1.6337947,0.22327457,0.44155148,2.1350188,0.0059393407,1.8121082,1.1062926,0.76447177,0.24109615,1.3495879,1.1010422,1.1194566,1.451446,1.2451154,0.3688774,0.55630463,0.05980304,0.22117887,0.15056057,8.713995,0.63423103,1.6885345,2.5900764,0.07642843,1.473582,0.09164738,1.0352196,2.5683877,1.0980786,1.3231971,1.442183,0.81582266,1.3613938,0.5674274,1.126293,1.522465,1.777557,0.62833315,1.5746399,0.00020936354,1.254998,0.6452952,1.6505439,1.8832159,0.6921997,0.4514505,0.94871926,0.78840494,0.7999668,0.45815906,1.904261,1.2577087,1.0481308,1.2574306,0.7874597,0.41134846,0.6793205,0.24559538,0.43664363,1.1327951,0.5347125,1.5126439,0.8577884,0.54537386,1.5561112,0.16987212,1.053396,2.284084,7.274071,1.3617264,2.7514539,0.07717475,2.06106,0.022627452,1.0087925,0.9454496,1.8561437,4.055915,1.0555564,0.05107328,0.7223957,0.08712664,1.9208428,0.73421896,1.3890493,0.58918834,0.62688154,0.8453487,2.3234005,4.6637983,0.74548906,0.5457124,0.029133601,1.4420391,0.9812249,0.39393196,0.033728957,4.246037,0.1469919,0.07456528,0.23367733,0.82801163,1.6497205,1.6097803,0.23152664,0.70231307,4.1004276,0.0,1.155923,0.44146436,0.50760317,0.22749138,1.1040456,1.0426342,0.9199352,0.04878603,0.24296215,0.011878034,0.9758553,0.2214197,0.5246587,0.027551873,0.37216455,1.8219874,0.019595439,4.9934454,1.7094564,0.14517854,0.09986663,0.6843367,1.0003458,0.27351174,1.2720068,1.155006,0.36426836,2.3038516,0.3243252,0.0013943485,1.8939698,0.026756402,1.2557104,0.7005137,0.20266329,0.3793029,0.13131295,0.50449675,1.4274952,1.142658,0.011166709,0.2771525,2.4526951,0.0,0.8365866,1.9435624,1.0918707,0.1131899,0.04274863,1.4688461,0.5657908,1.1207788,0.98759866,0.10123871,0.38593945,0.20826825,0.18550964,0.24812959,0.5185155,0.6973546,0.099853545,0.074379176,0.7068678,1.5590602,0.037912175,0.26528612,0.07320364,0.8417507,0.10150097,0.37303162,0.16770524,0.62823856,1.9142194,1.4202403,1.0726218,0.95773697,0.6695175,0.31768504,0.89742666,0.0024768936,0.57072306,0.63506633,1.6383138,1.4933951,2.4536643,1.5447758,0.31528637,0.024237365,1.4858937,0.7386979,1.018611,0.079855196,0.80194026,0.69323605,1.2456237,0.5162218,1.533837,0.9330295,0.0,1.0736666,1.3445617,1.7009212,0.579259,0.8983814,1.6292661,0.34341648,2.1474018,0.03616951,1.0487101,0.063098535,0.6058932,0.023461647,0.7222823,0.10933479,0.013389224,0.059648164,0.0,1.0400507,0.02303844,1.1939777,2.026426,0.0,0.018397523,1.3916937,0.88934124,0.018290436,2.423701,0.013943935,0.457315,0.14903255,0.07758937,0.8457548,0.78079575,0.4168967,0.11052749,1.077299,0.31355175,0.78843975,0.69570905,0.02554196,0.0142042525,1.0371765,0.41850957,0.0029443337,1.0772876,0.48889366,0.6872126,0.5064459,0.2568456,0.34656605,1.5428809,0.18398215,0.17782646,0.5230925,0.11501431,1.2944285,1.3672099,1.168614,0.037047233,0.0021163512,2.81342,0.32240197,0.937586,1.1096454,0.20843236,0.116647005,1.9958293,1.0373311,2.9454296,0.079026185,0.27291155,0.58893126,0.45921925,1.6009288,0.0060460297,3.0530581,0.34425473,2.1139293,0.040188666,0.6295377,1.5863653,0.5696706,0.032641362,0.017185865,0.3521939,2.494928,0.28790775,1.0404083,1.7552191,0.88541675,0.0,0.58125556,1.0435447,1.9472066,0.004797838,0.10739116,1.4566622,0.5818842,0.22764017,0.0040192185,0.0874835,2.418533,1.0222765,0.9044398,1.5976377,1.8763016,0.75509924,2.0813785,0.08580523,1.0626342,2.8492882,0.0,2.1714249,0.101580344,0.5170526,0.77805793,0.7711114,0.32533005,2.6119566,0.4502775,0.2866115,1.1300561,0.0013575383,1.6867362,0.25413665,0.7456877,0.10961771,0.15878887,0.93071264,4.975298,0.6096664,1.5903419,0.049888358,0.58114445,0.8012807,2.8258238,0.5503206,0.27166405,0.0077324477,1.2174038,0.1811334,1.8352977,0.06625265,0.54597646,1.1077073,0.45783693,0.17356043,0.2132948,0.21671925,0.88126093,0.0,0.58195627,0.17189421,0.0018984161,0.47840214,0.28486073,2.6829734,0.8623851,0.9243525,0.012160111,0.9282026,0.34832665,0.0014470211,2.2934613,0.14623515,0.0032348754,0.026013609,0.12089673,0.32289627,0.6382857,0.39231357,0.35941854,0.2099958,1.2984494,0.6691538,1.4510373,0.56774455,0.44247952,0.0,0.68366164,0.50288814,0.0,0.5878584,1.0042603,1.6530067,2.6526787,0.8345116,0.8461726,1.1576244,1.2282497,1.1332395,0.3748518,1.2697009,0.5313962,2.36236,0.07461104,0.024674486,0.024571054,0.5179156,0.19739605,0.122737005,0.05022539,0.57615393,0.29346725,0.31325975,0.83605736,0.9613386,1.4887413,0.44485575,0.28306666,0.21688698,1.663939,0.010298467,0.9852755,0.20187193,0.730226,0.13427457,0.67555606,all_pothole_images\pothole_images_enhanced_8731b44970b96112fcb767c061ca219a.jpg
0.6259781,0.68792784,0.21068113,1.7119343,0.28135964,0.861066,0.39591485,0.044104796,0.07209112,1.538289,0.16310878,1.3384075,0.0076018395,2.1113985,0.19689244,0.350827,0.29107147,0.7170594,0.07380052,0.5791284,2.1166358,1.0912185,0.7939654,0.36083516,1.4931301,1.8971269,0.38929924,2.6452138,0.8016731,0.08934234,0.82297146,0.20708849,0.24928766,0.24667425,0.25183782,1.0750962,0.90315074,1.4532691,0.29555106,0.4418322,0.0034321428,0.057574466,1.0677661,2.4516683,0.33237162,1.183686,0.16651967,0.6864798,0.16995439,0.057118837,1.7127254,0.7740553,1.1200844,0.27868137,0.6357857,2.721337,1.5543271,0.68093294,0.0061526084,0.008903551,0.15406655,1.4378018,0.20874369,0.11367924,1.1068354,1.4158963,0.541704,0.21729234,0.22746234,0.12173164,1.2264006,0.12189892,0.14651418,0.5358482,0.39113173,0.46859506,0.100059934,2.2536569,0.0,0.07993502,0.050085768,0.33214384,0.6693757,1.4654431,2.0237935,0.35588533,0.30549586,0.26263177,1.3260423,0.111378,0.2944636,0.29409483,0.0014341251,0.6197733,0.048763257,0.23864082,0.14359947,0.7878195,1.4949648,0.85297656,0.5040898,3.0032353,0.30187613,0.07016458,0.80336416,0.17590751,0.103398964,0.2480901,0.007065606,0.5860163,0.0,0.22881661,0.49135652,0.44033274,1.5530131,0.0147526795,0.026691644,0.039614167,1.7282186,1.1579546,2.8787773,0.2642751,0.0043199584,0.7488464,1.7345278,0.43305936,4.425245,1.2371094,1.632953,0.120109476,0.53130877,0.5317254,0.066410385,0.06328701,0.9244629,0.010630052,0.5867506,1.9201438,0.3510941,0.4976935,0.68369585,0.62444097,1.1211996,0.09171649,0.0009877678,0.75814146,0.18409637,0.31901148,0.482434,0.32183066,0.97824925,0.95493627,0.059211973,0.107295096,1.2087679,0.38248926,0.78541106,0.12830919,0.6727606,0.83930206,0.4681932,1.2428257,0.30548558,1.2017716,0.10790937,1.6107187,2.4090276,0.055572364,2.2581608,1.7528478,0.025472801,0.099287614,0.37150085,0.46778634,0.40732047,0.08129741,0.39981616,0.34807777,0.6074086,0.39757416,0.23907396,0.6592467,1.174097,0.8635694,0.31415296,0.49671343,0.09702749,1.2371376,0.4854055,0.23185568,0.09580947,0.3069107,0.26026738,1.4557716,0.3599421,0.05847741,0.41842487,0.5054546,0.69138616,0.013620382,0.48609072,0.7239371,0.3589292,0.9667003,0.13093391,0.117827795,1.016499,0.16450568,1.5067663,0.38161993,0.017411062,0.67613614,1.3222216,0.6514075,0.95241296,1.572876,0.9970225,0.41617158,0.18451512,0.28358108,1.5057104,0.098085366,0.75816625,0.02056292,0.45225072,0.57478803,0.9195576,0.06484167,1.111523,0.58802074,0.44077596,0.7950331,0.1884723,0.49048224,0.025634617,0.1496074,2.4151554,1.2298101,0.072049744,0.20825367,0.7204018,0.037550036,0.058668166,1.1174059,0.4064954,0.189043,0.2091394,0.19295463,0.9395223,4.4023314,2.4158943,0.5101788,0.13500467,0.6224936,0.47065455,1.2495542,1.2065583,0.18576092,0.71512717,2.0694444,0.5584831,0.0011365169,0.60296696,0.0030730104,0.26267272,0.22553444,0.33289376,1.0846771,2.8495777,0.26773456,0.19057785,0.003910021,0.7217304,0.0,0.837021,0.09372894,0.049465172,0.09608438,0.3128416,0.57040095,2.2729335,0.052540448,0.6450384,0.583246,0.19092591,0.12846173,1.3845525,1.7713028,1.0604258,0.4225593,0.12189526,0.9267439,0.011020534,0.86762196,0.3116918,1.3505632,1.4526095,0.21879554,0.09802653,3.4272068,0.41028073,0.2461377,1.6087098,0.07308375,4.5631437,0.3301167,0.38462797,0.06985278,0.5798132,0.28011733,0.6790723,0.33593935,0.7365237,0.22007836,0.9498824,1.4911921,0.23265314,2.2209918,1.2495306,0.54926246,0.064690076,0.74189764,0.9615398,0.44756323,0.43779415,1.1135048,0.30263627,0.057040825,1.8268108,0.4501552,0.33418354,0.044418894,0.8287982,0.050012857,0.7864059,0.3090562,1.8470573,1.0877022,0.097751975,1.1811541,0.41450068,0.43466,2.0005116,0.8167351,1.0747514,0.051591482,0.43719116,0.8467255,0.3005099,0.57253087,1.4170537,0.4018098,0.7187113,0.7939334,0.25961238,0.017434757,0.86450565,1.5218178,0.081807815,0.722627,0.40844458,0.5437009,0.32566008,0.8884985,0.66275406,0.041893102,2.464007,0.18235818,0.60559005,0.35806733,0.67579323,0.32397193,0.54341286,0.11885259,0.024318233,0.46741515,0.7423431,0.012723458,0.9037428,0.4133489,0.42909953,0.038199425,0.88026273,1.2351944,0.81461924,2.1212568,1.8012805,0.0,0.21114917,1.3947308,0.57118785,0.00027113143,0.006644208,0.80398244,0.008316713,0.44111115,1.4571049,0.1839044,0.12209057,0.48572415,0.4403964,1.5555547,0.7441597,1.0353084,1.926402,0.5371049,0.5496883,1.5664088,0.8089512,0.25571308,0.97762173,0.38495418,0.022265913,1.4825512,0.0065492084,0.17893156,0.3078225,0.95526844,0.14276719,0.5360163,3.1403604,0.23409504,1.6831176,1.9798825,1.5392784,0.5121254,0.984273,0.25545973,1.2013289,0.5117122,0.50670123,0.28510284,0.070603356,1.1389928,1.0133244,2.255141,1.6314921,0.7014415,0.12970397,0.09692768,0.850731,0.62287503,0.23976068,0.0022388413,0.3369839,0.0063769976,1.0877011,0.2305083,0.19906725,0.5251566,1.9898872,0.37607488,0.59661967,0.37067196,0.86468536,0.891209,0.84335154,0.2675149,0.438049,1.3979487,0.62728393,0.0881219,1.0709937,0.93464226,0.6697213,0.29126084,0.1450302,0.039898165,0.5130943,1.2346104,0.44258615,0.41180685,0.55406797,0.6295081,0.491945,0.013551098,0.21995668,1.8009226,1.0115349,0.84463,0.5686222,1.7487704,0.6247196,0.11105987,0.055919465,0.06505678,1.8541099,0.0,0.3226347,0.004704976,0.44266883,0.3698559,0.07454933,0.5885592,0.0,0.0815285,0.0,0.40288267,0.053288523,0.22108895,0.50348514,4.8881207,0.17188479,0.33336693,0.5046139,0.45235994,0.20495714,0.06677842,0.12088728,0.69858277,0.39028525,0.061356865,all_pothole_images\pothole_images_enhanced_87cf7665df0cb8ee03b939a893b589f2.jpg
0.783419,0.53773445,0.70968634,0.6556168,1.5799862,1.7460037,0.33128053,1.5403236,0.40124014,0.61531055,0.87161255,0.9160775,0.7648382,2.331291,0.20870884,1.3140519,0.46986452,0.37309086,0.18968324,0.42213985,0.9549541,2.4646337,0.98613626,0.5483119,1.375205,0.68690574,1.1629909,2.544227,1.7126813,0.5632702,0.33037645,0.52525073,1.5908887,0.26296008,0.91522354,2.1861389,1.0432659,1.4719341,0.04232352,1.5814961,0.15726706,0.10007516,0.4821157,1.2141094,1.1449302,0.951841,0.4266297,0.10002594,0.7033852,2.085745,1.8512859,1.3266083,1.0692216,0.5959998,0.40180704,1.2512727,2.5968223,0.30603254,1.1479512,0.7254441,1.5900106,1.7437569,1.3337287,0.5686013,1.030277,1.1444697,0.3635297,1.3944881,0.50196695,0.48206678,0.48266932,0.7469518,0.65677464,0.7767072,2.3919652,2.0372248,0.30302534,1.6424723,0.1301349,0.61914927,1.3580048,0.4308066,0.15000738,2.3452988,1.8949999,0.63397145,0.5528029,0.45127124,4.549544,0.48924592,0.1918333,1.8119946,0.363565,0.7929589,0.15197185,0.42504907,0.2288155,0.9451501,0.11075199,2.0941856,0.9921968,2.199455,0.25014547,0.70456696,0.046321265,0.20565526,0.479954,0.2722103,0.09618442,0.75382316,0.9143457,0.43055966,0.06600356,0.8016317,1.0387208,2.0235267,2.033896,0.50184363,1.356005,0.8573878,1.3410548,2.177395,0.3783253,1.7872195,1.0314071,2.0069842,0.41745445,0.47484988,0.11035818,1.8154787,2.854884,0.43945175,0.5223216,2.2237325,0.49200046,0.8238832,1.5666441,1.148227,2.4397705,0.23530744,1.0901903,1.4910799,0.70822173,1.294651,1.7025554,1.1659406,1.0303563,0.64330393,1.1869997,1.2934898,0.8644544,0.7273077,0.9282144,0.7764822,1.5018516,0.21391241,1.9893475,0.51667416,0.28162655,1.2769252,1.2444595,0.13889684,0.8158807,2.9577458,0.6691026,1.9331566,1.0314976,1.8594497,1.6583829,1.0475829,0.67389613,0.50467473,1.6345695,3.2708166,0.70623994,0.8485517,0.67402023,0.33729032,0.042625684,0.56740326,1.0844905,1.2998933,0.5807261,0.88435316,0.1377511,0.93466926,0.21408935,0.5047683,0.13001686,0.52659726,0.93592304,0.1442945,1.073526,1.1661575,0.0,0.08647831,0.38070062,0.40902928,0.17080851,1.4867482,0.61958903,1.1574559,0.53395635,0.93465376,0.42389032,2.3859632,0.11992839,0.50560254,0.43697903,1.0307375,1.3951279,0.36330685,1.5684835,1.0532502,1.017232,1.3559891,1.1489484,0.96960896,1.749872,0.4354335,2.99527,0.43466738,0.29231068,1.0413774,0.36715972,0.897871,0.72645706,0.47553706,3.0308135,0.8605865,0.9162174,1.9268632,0.4532687,0.4589161,0.8253958,1.070642,1.0470872,1.2442979,0.16159223,0.10732629,0.4899417,0.22075513,0.9626489,1.5089515,0.10699315,0.36975062,0.3142514,1.2575384,0.63003945,3.2083895,1.0511241,0.31808186,0.47709015,1.2188853,0.07753596,1.241595,0.995975,0.28260922,1.7819668,2.295147,1.1927495,2.455979,0.91029537,0.25874257,0.56650513,0.50009876,0.53956586,1.194838,0.38536492,1.2982512,0.75107163,0.96851194,0.12074661,0.44562456,0.083552815,0.3747887,1.7386537,0.36359107,1.1800386,0.31497115,0.57081497,0.40817198,0.23787557,0.397262,1.4797035,0.23410697,1.1246579,0.88853484,3.2214642,0.9968137,0.3362826,2.1147556,0.58239406,0.15012896,0.111852214,1.1625663,1.2851361,0.30769545,0.23413101,1.5501406,0.72940904,0.85460895,0.766451,0.50251776,1.3317491,0.42105067,0.34877795,0.67812765,1.1204718,1.4028177,1.337945,0.07462673,2.7262063,1.0225776,1.5086085,0.7687424,0.14795768,0.23963188,1.4742182,0.30479887,0.24150369,0.94726205,0.35318616,2.1502504,1.5876501,2.1141653,1.0243744,0.7904038,0.89560604,1.5221028,1.3934746,1.6078548,0.74761283,0.7869967,1.6734121,1.473436,0.66653264,0.6592894,0.3620846,0.79507875,0.3100232,0.55974805,1.0465082,0.14438689,0.6540331,0.13728431,0.8343794,0.193469,0.2342164,0.40888762,0.58313066,2.3049433,0.06238486,1.0207679,0.9958275,0.5458295,1.1389511,1.0551318,2.2476826,1.0132222,0.60881674,0.3912627,0.71275496,0.97696745,0.06863152,0.7105287,1.1722429,0.83496296,0.77051264,0.16329905,2.1137109,2.0160348,1.3019836,1.46918,0.51357573,0.5112784,0.34191978,0.29995295,0.91260695,0.16785541,0.27016717,0.18251257,1.4890828,1.8164744,1.4012736,1.9844495,2.1588016,0.524942,1.0527914,1.0456774,2.284475,0.13353194,1.3297474,0.46490383,0.09958677,0.008614248,0.49710712,0.49851057,1.0993623,0.29823393,1.2300775,1.3695035,0.0981067,1.5768392,0.9104117,0.106062144,0.21074548,0.6487661,1.2498269,1.0037506,1.9287463,0.69834524,0.065281495,0.6219912,0.35579494,1.0253695,0.18398228,1.159819,0.33954194,1.5856463,2.5077639,0.60360324,1.5617722,1.2389268,1.7108593,0.8927091,0.6368332,2.2330897,0.97957546,1.0323912,1.4405086,1.2880073,1.5782427,0.802368,1.7575524,2.0889604,0.9519809,1.3911557,0.22990637,0.24603516,1.8025734,0.5507284,0.56263554,0.22409506,0.17594892,1.7825066,3.7300153,1.535925,1.2299592,1.1116221,0.5146221,0.2889926,1.5501089,0.1262262,1.1411262,0.2795671,1.1858959,0.9829492,0.68746513,0.3845597,2.13244,0.430754,0.124367654,0.9189036,1.4115301,1.5191935,1.1928709,0.8749242,1.421695,1.2023277,0.9691411,0.9563342,0.46719944,0.62098783,0.34379196,0.79286504,0.024672898,0.1487422,1.8146256,0.34860516,0.33823484,0.882,0.072113045,0.9554444,0.1263198,0.25716364,0.5146366,0.46471146,0.84379345,0.8786963,0.98501766,0.97438747,0.09220293,0.27331787,0.16170698,0.5674737,0.15954132,1.2049723,0.22196014,1.2799517,1.0980759,3.563834,0.04386535,1.0932086,0.7489035,0.017147066,0.07368729,0.3796326,0.12878628,0.18247083,0.7887724,0.09535794,all_pothole_images\pothole_images_enhanced_87dbba09a80aac9ee718baecb79a4f59.jpg
3.2492192,0.6661518,0.2183725,1.8493085,0.47170922,1.1280894,1.2303013,0.0,0.0034831418,0.4505131,0.47179925,1.2405698,0.0767041,1.5107769,0.022323832,0.54803425,0.7334929,0.0,0.58516055,0.28113648,1.024763,3.9372652,0.40720978,2.3031719,0.41674548,0.3374401,0.0,1.7430447,0.29412434,0.19012299,0.20220067,0.14291741,1.2895578,1.1495613,0.08960571,1.3871405,0.54817927,1.3123125,0.7954709,1.0182785,0.044664703,0.037753582,0.12310553,0.010949903,1.980689,1.5110536,0.1177124,0.22273026,0.24517444,1.8695436,0.39753178,0.16860504,0.43305424,0.15824361,0.0,2.5389907,1.5875778,0.5736903,0.49295822,0.6991272,0.009693658,0.16665788,0.44905028,0.92348367,0.5778053,0.74391735,0.59437364,1.4674902,0.56910527,0.8744443,0.12130736,0.06559939,0.9825557,0.33185902,0.59155476,1.714468,0.16017258,0.7218239,0.016298197,0.07465342,0.7110355,0.44829598,0.51524335,1.9593663,0.51920223,0.099962294,0.048313204,0.7941678,1.8868136,1.5264018,0.026049035,0.58522695,0.12306945,0.11590463,0.2262368,0.008741353,1.0285907,0.6734919,0.8404345,0.11884343,0.417552,1.7255491,0.96791685,0.029196898,0.09557712,0.0,0.07395115,1.3216156,0.24202539,0.54274625,0.029033279,2.3614442,3.0475202,1.1743835,0.7358539,1.1371316,0.9153474,0.18710358,2.50764,2.2611089,1.3228358,0.3841835,0.0062377737,0.63509905,0.13526909,0.79648536,0.80690575,1.1591156,0.07028548,0.16914721,0.9721299,0.0047472557,0.03656377,0.71967936,0.23169464,2.6398234,0.080481626,1.5229787,0.6012856,0.6049504,0.19732638,0.27332643,0.10362847,1.503275,0.52481776,0.37151074,0.41428813,0.5917976,0.795968,0.06567799,0.71777034,0.09955676,0.01695556,0.05954792,1.8327394,0.24764223,1.4863385,0.503553,1.691291,0.28428966,0.44865915,0.6293209,0.18789573,1.6741554,0.13434784,0.31766117,0.85199964,0.24748366,2.056197,0.40564322,0.20790075,0.0,0.0032625827,0.28303075,0.45397332,0.03042892,0.96359515,0.03179876,0.22511606,0.0,0.0018890145,1.3628143,0.58557874,2.1463773,0.6971772,1.3680015,0.43079478,0.1131819,0.9884789,2.741184,0.2599728,0.021117317,0.0072108493,0.9487602,0.76008976,0.30275217,0.104796536,1.1453165,0.41483954,0.73725593,0.14616314,1.343041,0.81927174,0.60006016,0.821458,0.05163869,0.74357945,0.024512675,2.5470164,0.25869724,0.09302295,0.036665954,0.8950245,3.9345777,1.4062037,0.6542198,0.30871376,0.04004409,0.70371515,0.43057975,0.5458505,0.46415818,0.74333864,1.5201799,0.0,0.23656555,0.6015228,0.037547693,2.31796,0.20044099,0.7627867,0.3114004,0.61031055,0.30710986,0.71844745,0.2550992,2.0501997,0.114653155,0.0055560987,0.08427499,0.29081464,0.33547124,0.39597514,0.0,0.15201494,0.0066186385,1.4691116,0.46934283,0.5250699,3.6728995,3.4784415,0.5441701,0.3827003,2.3074183,0.004676859,0.5035633,2.6447346,0.015833102,0.27179232,4.547607,0.0020955065,0.28875253,0.71210766,0.38455588,1.2884401,0.43361428,0.2982442,0.4210659,0.8644231,0.12533145,1.2613611,0.49103624,0.011514584,1.1247456,1.2865354,0.7213264,0.7222968,0.13877451,0.07900442,0.23679335,0.5971111,0.15931302,0.9535426,0.22492176,0.15654363,0.6038984,0.37910578,0.09091378,0.2867534,0.1530454,0.19584893,0.61519885,0.22706102,1.4244152,0.27491975,0.3345771,0.0046589347,0.6290261,0.17173709,1.1955241,0.32503793,0.89785284,0.040267613,0.78803986,3.9891505,0.24781634,0.089665666,0.6577015,0.0046535246,0.07218155,1.377817,0.87975806,2.7507486,2.3401048,0.44532233,2.0125248,0.0,2.4510796,0.5430868,0.38966003,0.65947676,0.07493907,0.30023986,0.29246408,0.16104269,0.5480823,0.6221136,0.015302227,2.1527662,0.12350637,2.469756,0.65175456,0.44387755,0.4957553,0.0,0.66420573,1.7591854,0.077687055,0.009442707,0.11676079,0.27947623,1.2345815,2.8195968,0.17578249,0.8377905,0.37159795,0.6310968,0.0069919517,0.2934534,0.18646173,0.08692977,0.33908913,0.23406997,1.534263,0.969101,0.4991781,0.11126596,0.33217496,1.9719905,1.5693799,0.61076236,0.6798696,0.7055664,0.26816997,0.0,1.0361208,0.8891238,0.0002247314,0.100273035,1.2982774,0.85398114,0.07503471,2.5878725,0.20058092,0.43348294,0.2940149,1.0525589,0.023258092,2.0955067,1.730003,0.73066354,0.068540774,0.34654602,0.9050744,2.5351167,0.5495973,2.2219894,0.027503649,0.6363912,1.8130922,0.6736006,1.6678934,0.1829594,0.5853937,0.009766853,0.027602745,0.7837588,0.12667418,0.5210504,0.58370566,1.1022612,1.4238026,1.6469265,0.08596202,0.38244072,0.4226687,1.3918641,0.31804952,0.25192994,0.34424365,1.4100033,1.7871917,0.07526872,2.201994,0.3559866,0.75747186,0.9508806,0.4955642,1.8248655,0.9005695,2.9641562,0.9587636,1.0676537,0.17934643,4.0247693,0.8206927,1.0499966,0.11043159,0.61571944,0.9927214,0.49846974,0.84190977,0.26292583,0.37833112,0.13791357,3.2092316,1.6805301,0.22680546,0.54983974,2.5556364,0.7179715,0.46713823,0.49241224,0.89585096,0.773726,0.26773366,1.7699963,0.673742,0.07117704,0.88665265,1.0293478,1.0108291,2.1042361,0.8897314,1.3458334,1.0362767,1.179368,0.5059392,0.4188926,1.0842355,2.0114882,1.9070315,1.6404976,1.0945269,1.4097645,0.052235622,0.31841096,0.44363675,0.2481574,1.2420332,0.87470937,0.016693853,0.612217,0.4129751,2.6067824,0.023831997,0.005758542,0.9129013,1.0811642,0.79526913,0.90274787,1.4576906,1.6145756,0.3505389,0.0757074,1.4055669,0.19097926,0.4011498,0.40367204,0.0499168,0.51786125,0.88863534,0.7797929,0.0,0.2559749,0.021333378,0.7435663,1.0302825,0.22640413,0.28364116,0.49106756,7.06932,0.6905215,0.0,1.7165279,1.1358148,0.008024442,0.5355414,0.20359185,0.5739846,0.993878,0.7788587,all_pothole_images\pothole_images_enhanced_8870ae87318d8193f5b97a4073d3f16f.jpg
0.20206347,3.429589,0.8165281,1.1578217,1.4581599,1.1953974,0.54988986,0.39367285,0.72892994,0.9770372,0.7273434,0.38613656,0.05839917,0.4141798,0.60481685,0.15559381,0.33023858,0.11138598,0.04491269,0.34341866,0.071391076,1.9701989,0.12193461,1.7635367,0.11949846,1.2461288,0.23000894,1.6830022,0.2360822,1.0851111,0.97167766,0.83231163,2.5000944,0.5107485,0.02030987,0.72688776,0.24997467,0.8051819,0.056114554,1.7068303,0.9991479,0.5055294,0.5644417,1.0503575,1.0399146,0.36884603,0.33434492,0.032104935,1.2587925,0.4557151,1.0525731,0.38191566,1.1440074,0.7096897,0.049860008,0.23605973,1.5825566,0.166969,0.32138285,0.5928827,0.17316286,0.808123,2.0895147,0.449692,0.010291445,1.1078186,0.70542514,0.7694425,0.14569144,0.3324308,0.26352954,0.45839724,0.5432298,0.19571668,0.14354245,1.6862513,0.39489117,1.2436523,0.25318253,0.59346116,1.3320205,1.3175507,0.20464659,0.9446536,0.32083857,0.14633541,0.13135773,0.030747075,4.694048,0.28949594,0.24226686,0.36976612,0.284001,0.45672244,0.32644537,0.9084653,1.3556281,1.6076611,1.1191413,0.44490156,0.17021146,2.2366347,0.545308,0.38662884,0.24003685,0.28382102,0.37348825,0.32738218,0.3365582,1.1385795,1.1656932,2.0339386,0.5679041,0.23502648,0.9227702,2.128742,2.5898225,0.2498363,0.8119825,0.32574043,0.6669629,0.45160186,0.6713493,1.416413,0.6435894,1.1440915,0.016438495,0.2606782,0.26903284,0.89010864,0.95740694,1.0289755,0.2017649,0.40185267,0.6115003,0.32487744,0.1388303,0.12428196,1.9886355,2.2017648,0.44703254,0.4357376,0.4121273,1.7604134,0.9948868,2.0591335,1.1926906,0.8249874,0.8699051,1.3913962,0.10377797,1.0048616,0.3918783,0.0,0.88885444,0.41205424,0.2502927,0.016023535,0.3440266,0.39091253,0.6002574,0.18345755,0.3061422,1.3946487,0.9149343,0.026191927,1.067215,0.975,0.29075322,0.0025364063,1.0078603,0.07019047,0.31178668,0.48749936,1.306153,0.17867719,2.150383,0.041681614,0.09963438,0.27485722,0.22496924,0.32984212,3.3664947,0.7549377,1.3391012,0.06443595,1.1259038,0.1654397,0.34694195,0.91003835,1.8109493,0.1450569,0.5819782,0.7374463,0.3524283,0.016208965,0.38609394,0.33323112,0.07184251,0.65758246,0.36292928,0.44426146,0.418313,0.0649289,0.4973199,0.9519415,0.7306086,0.17424762,0.3271609,0.20133325,0.5710756,0.0761679,2.2400563,3.2881951,0.60940784,0.20821679,0.28666258,0.24411999,1.9670573,0.31621978,1.1358724,0.044602793,0.25544438,0.35476407,0.10143523,0.5296998,0.97181666,0.17876889,0.8918494,0.07711725,0.4905181,0.4808113,0.7416387,0.10484705,0.2561974,0.59209174,1.7066423,0.26013985,0.28511003,0.05487844,0.8233242,0.0870515,0.30809003,0.037259314,0.034971688,0.3038281,0.44248423,0.23574848,0.6215642,2.1624706,1.464232,0.09039871,0.679733,0.3539068,0.8375563,0.111780934,2.0465443,0.026705308,1.161577,2.1866388,0.7622142,1.1612427,1.6632986,0.12354883,1.3559084,0.16191453,0.0,0.37416884,2.4761672,1.5550679,1.1119561,0.0,0.19581495,0.45497373,0.35210878,0.7170162,0.7159079,2.4387012,0.94655436,0.28328514,0.14501694,0.6570697,0.07223625,1.0739962,0.69252294,0.005209077,0.5553447,2.7689886,1.8517827,0.44849858,0.52391726,0.63090146,1.1287941,0.39221376,1.2557505,0.0,0.29960796,0.6521311,0.3229826,0.27413017,0.064815156,1.0641018,0.32605964,1.2787691,5.607252,0.580317,0.00051450956,1.0406685,0.6714689,0.52798784,0.048494343,1.8804331,4.156788,0.45054913,0.0039299256,0.2984244,0.6460859,0.09457043,1.0403428,0.6532711,0.57403094,0.20429376,0.103630014,0.66108805,0.80531394,0.6236094,1.6981419,0.53101885,0.74572945,2.1695046,3.5438075,0.30924025,0.08828991,0.68722665,0.50579435,0.5373225,1.4360827,0.26113045,0.23244393,0.46487305,0.5622656,0.28978035,1.1247767,0.0,0.8938815,0.03857208,0.2084752,0.00678369,2.013492,0.41052338,0.087353304,1.6473687,0.46956685,0.43986493,0.06686535,0.017398028,1.4846671,0.3569129,0.13617828,0.1511588,0.7797825,0.04650803,0.24710064,0.43323028,0.12599716,0.2528814,0.20562705,1.5112222,0.34007192,0.59324247,0.9337376,0.28618488,1.8622413,0.032604765,0.7129929,0.7456478,0.08170951,1.3825842,0.15802005,0.46754688,0.027380787,0.23358622,0.35499126,2.720235,3.313357,0.74167824,1.6555635,0.30212694,0.5248035,1.3693608,1.1856097,0.59848285,0.012743123,0.20171267,0.041299723,0.32799745,0.08051298,0.5027419,0.7287458,0.30452517,1.2524605,0.15147896,0.045193855,0.73601377,0.04819572,0.19660902,0.465574,0.83331084,0.28128067,0.3306651,0.1380141,0.7805818,0.72673166,0.33380562,0.388024,0.06609397,0.6295675,1.1734011,0.03871569,0.6345189,1.2987231,0.9633133,1.3986666,1.7809156,1.3154668,0.88652194,1.4834465,1.6050731,1.0706269,1.1941901,0.65419567,0.048428003,0.35044372,0.10805357,0.3920389,3.267081,1.0467567,1.5007789,0.13221715,1.0865452,1.0611619,0.20984675,0.30874723,0.28926545,0.53272396,0.7780767,2.9507818,0.5242386,0.86635613,0.4442466,1.1249758,0.7486524,0.4284094,0.12403264,0.1663433,0.20384565,1.7528882,0.4637184,0.46091625,0.3454397,1.1756092,1.114381,1.8774976,1.4588103,0.64058995,0.8938358,0.30658767,0.6418757,1.1032689,2.6192102,0.6562923,0.70285517,2.4019186,0.053533696,0.037349615,0.13360877,0.20472024,0.33828956,0.35662776,1.1849564,0.5180318,1.951222,0.43005314,0.78354996,0.00094680116,0.43105268,1.3387971,0.6065263,0.08592119,0.23825635,0.14079344,4.3063917,0.62600136,0.1348164,0.7398665,0.07970403,0.33185998,0.08967517,0.07842516,0.012954768,0.39153257,1.5260912,0.36169288,0.9775758,0.45102313,0.42174137,0.0355654,2.1514206,0.97905874,1.1242825,1.1815847,0.02933001,all_pothole_images\pothole_images_enhanced_8875a21af32ea61baac5ed68da3b2ac2.jpg
0.18137261,0.5299969,0.2921057,1.3288985,0.021106664,0.057532087,0.9434256,0.774833,0.44402212,0.34171945,0.01340617,0.35213354,0.029946487,0.91577274,0.050627884,0.10032428,0.010036427,1.5617678,1.1309379,0.26238498,0.47037914,2.4743938,0.12554002,0.4540426,1.3722194,0.4247648,0.59435236,0.90385324,0.039558083,0.285282,0.12887248,0.080551565,0.9056193,0.5428695,0.37725666,0.9154956,0.028050546,1.5851585,0.08172776,1.2359312,0.0,0.0047966717,0.25687194,1.7327255,0.5530075,0.22078973,0.13384245,0.0,0.47568277,0.67923313,0.18664788,0.4116087,0.041831736,0.31127605,0.21920124,1.1862017,1.5608081,0.39075163,1.0596521,0.073405415,0.12830214,0.34417042,0.3897378,0.056712855,0.11649356,3.5089147,0.5584806,0.20667808,1.7649212,0.10014464,0.22893971,0.25630057,0.110766664,0.07983558,0.6026297,0.011144445,0.06331329,0.17169318,0.18814379,0.10907863,0.16189748,0.0,0.21686786,0.4089943,0.9615264,0.07225783,0.18149924,0.5343346,1.869576,0.26265773,0.15957606,0.064025745,0.0,0.21717708,0.015830185,0.1718996,0.6703928,1.0193971,0.96331507,0.031181237,0.40328017,3.0072072,0.5645376,0.039854612,0.059632827,0.87030816,0.08844387,0.012968831,0.07393376,0.32103822,0.0,1.2066113,0.30154952,0.48164383,0.30048653,0.23938027,1.7564558,0.69630665,2.6018155,0.84747016,1.7829973,0.42514068,0.14969005,1.8315079,0.18312633,0.37961826,0.010807665,0.557562,0.51242787,0.0,0.41486475,0.008865564,0.68817407,0.034902047,0.3728604,0.13855195,0.13088195,0.5341694,0.45959136,0.29778644,0.32297304,1.1745572,0.22941494,0.23657253,0.056918424,0.3655735,0.32900727,0.81434375,0.47449574,0.7693482,0.43513823,0.42744446,0.74191004,0.0009079022,1.6134541,0.33234558,0.35839579,0.5262947,0.5905257,0.14523827,1.5384527,1.4689616,0.004799213,1.2653656,0.026321318,0.11310054,0.57512766,0.38592073,0.74115705,0.5647347,0.01660162,0.0,0.1581941,0.11826182,0.438979,0.29088408,0.0045572384,0.0,0.5533308,0.09417465,0.30003586,3.6225638,1.8160082,1.0415186,0.62568575,0.54760224,0.028200356,0.27783218,0.048974864,0.34346375,0.528009,0.29480833,0.07651279,2.054397,0.21206725,0.27810496,0.42373592,0.31875938,0.0,0.29344583,0.35949668,0.12801525,0.7403348,0.62307924,1.291057,0.36343867,0.7010742,0.73464924,0.8422769,0.28548712,0.0014260679,0.0031220664,0.1609259,1.3732955,0.28722095,0.36091226,0.57537305,0.53360134,0.45921078,0.12934515,0.007961409,1.3941952,0.12949525,0.07711148,0.024183528,0.43184996,0.5320525,0.0836683,0.3092794,0.11647946,0.22778332,0.16985743,0.8862938,0.120706506,0.15039352,0.024176577,1.057579,0.03226666,0.053471107,0.20894238,0.28746852,0.009142156,0.0,0.17116609,0.09607719,0.0,0.22349378,0.0835401,0.3573835,2.3512883,2.8836603,0.2161725,0.17062591,0.01888331,0.12743045,0.7223935,0.5636043,0.5597678,0.4169562,1.6143597,0.29180682,0.0,0.43456715,0.6944103,0.94780844,0.049037416,0.7380822,0.7703421,1.1143332,0.58597434,0.40834838,0.0,0.13315006,0.7853076,0.63250613,0.30295104,0.75247216,0.13019666,0.5488196,0.2412554,0.61622554,0.021714984,0.09276715,0.03840228,0.1649207,0.14774682,0.2501403,0.08159837,0.46494082,0.32761306,0.20850846,0.18382582,0.037765734,0.3798519,0.3111047,0.08443136,0.3403116,1.5085318,0.49717352,1.4993167,0.27448845,0.321482,0.00015753628,0.70640767,3.862231,0.44961095,0.0,0.39516926,0.043179654,0.15224284,0.73360926,1.0739018,0.5881046,0.63168347,0.015385048,0.08601002,0.024581242,0.37403592,2.368638,0.05189284,0.89991516,0.015334927,0.09964031,0.13233763,0.42068404,1.6683462,0.12812111,0.07777087,0.12255197,0.023846915,0.53822464,0.18059534,0.3379186,0.05534471,0.014752608,0.2928453,1.0104893,0.15410346,0.23000517,0.045174867,0.1655239,0.38307232,1.6642702,0.07724261,0.8722266,0.6056439,0.045861058,0.025618332,0.20788209,0.4720752,0.4897204,0.22651975,0.31163594,1.0194231,0.15887882,0.916995,0.6123635,1.1866577,0.7082044,0.55835277,0.070315495,0.046997927,0.0043081013,0.014466023,0.065022334,0.0009031128,1.698884,0.24097933,0.4165515,0.022469856,3.1249251,0.15030523,0.32109877,0.012334163,0.39198053,0.27885532,0.26659518,0.040217828,0.12228047,0.18996185,0.21843061,0.0,0.097481854,0.26161793,3.5066214,1.1574618,0.54050606,0.0,0.30739853,1.2558097,0.37543786,0.5250122,0.0034960231,0.032225203,0.2034589,0.052585,1.3213228,0.19062132,0.11989525,0.78944635,2.9746997,0.71280575,0.2148313,0.23271443,0.0,0.02747221,0.038102712,1.0738289,0.0540046,0.18372545,0.15896338,0.12236761,0.1963796,0.5159801,0.021701666,0.23034157,0.32187596,0.109974965,0.049723197,0.0,1.6555288,0.07378201,1.5749158,2.7109618,1.7026685,0.43743572,1.2639363,1.0785452,0.27632695,0.62957877,0.24995725,0.44765273,0.54093397,0.3857483,1.1277579,3.58876,0.24329789,0.27213997,0.18440825,0.008903631,0.08704061,0.23715243,0.11823808,0.34937477,0.74043286,0.31411755,1.0714891,0.4771769,0.054909356,1.0087699,0.26933047,0.22365636,0.5571093,0.60576147,0.8460505,0.77614295,0.21131073,0.27942944,0.59831667,0.7887039,1.3707985,0.45026132,0.17543317,0.0,0.07076473,0.26019377,0.001701444,0.0047599366,0.4480541,0.47939435,1.3422004,1.2167898,0.15424788,0.3393875,0.28636107,0.059533857,0.13448265,1.4695253,0.048176646,9.215567e-05,0.60598457,2.7020638,0.63969964,0.08263643,0.17138748,0.11982535,0.80861866,0.20701008,1.1542566,0.06263823,1.0923457,1.4794667,0.021131957,0.12319204,0.013897651,0.09317513,0.06046815,0.07394895,0.0,0.01281709,0.21960755,2.989202,0.49023834,0.04075798,0.32093364,0.8540381,0.0,0.27157092,0.27598685,0.021643996,0.24101973,0.37211195,all_pothole_images\pothole_images_enhanced_88b006c7a294a5fd28b47bb5345c759c.jpg
0.17450485,0.7391052,0.19051686,1.592709,0.20714538,0.04007368,0.033174735,0.35766473,0.51250464,0.1406558,0.47817326,0.13359196,0.13294987,0.754418,0.11606923,0.2542278,0.041924145,0.46746132,0.8657321,0.061106954,0.51418394,0.28814533,0.11999032,0.10503569,0.8423148,0.50042725,0.38837084,1.3552868,0.03556152,0.21950737,0.20115533,0.7908835,0.0,0.22357228,0.12044942,0.9040302,0.3673438,0.26751912,0.6311029,0.5016572,0.14713173,0.17225102,0.016377896,1.1945655,0.4451311,0.20729364,0.0,0.36979115,0.36518562,0.6780394,0.46771201,0.2664645,0.87968326,0.020856185,0.024199978,0.67329353,1.2979599,0.71751463,0.27914307,0.054502066,0.14146416,0.0020184608,0.0008743316,0.49630305,0.95226085,1.9635636,0.25779086,0.117188655,0.57711834,0.21301621,0.007810917,0.30021995,0.30993313,0.25084248,0.3001816,0.035329632,0.2374754,0.5786831,0.07861334,0.030089097,0.0,0.58657,0.5936575,2.0027006,0.03212662,0.44016778,0.4865573,0.38942838,0.95480514,0.072608106,0.33223435,0.21099697,0.026440993,0.2416485,0.34528485,0.0066758273,0.66821504,0.65568495,0.079533115,0.014287912,0.14841956,0.6327857,0.31578916,0.00040015628,0.3300816,0.27510646,0.27396664,0.20647718,0.09011333,0.7254795,0.048232876,1.4770876,0.19818014,0.32090467,0.56310195,0.15279555,0.84795284,0.0,1.2638174,0.20911688,0.6174174,0.0,0.115686476,0.026620293,0.18666382,0.8560522,0.41232267,0.038999658,1.6039481,0.0,0.26247793,0.070696466,0.046124585,0.0,0.40670472,0.75829285,0.15523684,0.37462258,0.4068988,0.08299716,0.14341035,0.03566313,0.34816182,0.21641165,0.04470031,0.39582953,0.011047877,0.051901426,0.448349,0.0,0.4393688,0.63386595,0.00030530847,0.05156315,0.70786375,0.8249207,0.016476186,0.2914693,0.32949322,1.007134,1.2061386,2.1368876,0.24442966,0.8345231,0.0073041804,0.5513728,0.78382576,0.011433261,0.50987136,2.5145226,0.013084781,0.018233808,0.0038687459,0.0,0.08766231,0.0,0.03141282,0.0,0.30088797,0.38864863,0.0,1.2431071,1.9137408,0.6079342,3.0790737,1.1551363,0.35247898,0.2348167,0.6260052,0.92329437,0.048583705,0.0,0.11408829,1.1250663,0.2676016,0.17348251,0.66400295,0.93225867,0.3582009,0.36058018,0.3527175,0.7985125,0.4052269,0.26066816,0.41327378,0.006139806,0.07596038,0.08278171,0.7217702,0.10893223,0.0,0.09322799,0.56687015,0.19252697,0.4216767,0.9031909,0.11655945,0.22312218,0.27190778,0.30026472,0.5242214,0.365618,0.3747844,0.29517713,0.0030771156,0.06302657,1.225659,0.1732288,1.8752749,0.82630885,0.14100441,0.16956049,0.4604196,0.66424036,0.19956903,0.073899075,1.9398804,0.0,0.08984917,0.2692054,0.15743716,0.36209315,0.056239557,0.018812498,0.15961903,0.04362486,0.5514769,0.43588516,0.2811381,6.055791,0.58996475,0.20871544,0.042345993,0.3731225,0.031157926,0.110622756,0.93666804,0.45059386,0.014278193,1.487466,0.057364367,0.02854517,0.064842395,0.33812413,1.0774063,0.52257866,0.07751945,0.255344,0.37364772,0.07894107,0.10611366,0.0,0.014638327,0.30430868,0.9263311,1.5779251,0.586419,0.096560195,0.0005005464,0.5245962,1.1153823,0.20916782,0.64073104,0.0014833659,0.12049199,0.5289884,0.5539339,0.043008987,0.2562648,0.2323796,0.053629946,0.06695286,0.0012504887,0.47791076,0.12807873,0.0,0.0014797513,0.18861319,0.32182407,2.0525472,0.45094633,0.542324,0.009903949,0.008590751,5.644173,0.096930094,0.043151412,0.36967218,0.059245527,0.24540144,0.48003888,0.24747072,2.4414287,1.2095821,0.086808614,0.33854318,0.0064918404,0.68083143,3.3469913,0.32159185,0.00633864,0.0,0.05572498,0.08250739,0.26380554,0.5205425,0.712293,0.0,0.19329087,0.004360012,3.216948,0.6417989,0.26698208,0.10732324,0.07351515,0.48017544,1.9967343,0.19974788,0.009486405,0.28574634,0.06177764,0.15325072,1.1867414,2.1797028,0.3316719,0.2836857,0.006739178,0.5135895,0.4528687,0.6420166,0.043742362,0.014631009,0.024275424,0.3312959,0.0,0.17058711,0.0,1.9465114,0.35911375,1.0161766,0.079936415,0.28411788,1.4808052,0.0130151585,0.22074454,0.0,1.1911291,0.09709447,0.080041885,0.04220748,1.9273854,0.009826149,0.31807974,0.18565127,0.3671077,0.13169034,0.042934306,0.21192814,0.69098014,0.0038081522,0.87446904,0.100821555,0.33734104,1.2329702,1.0301983,0.5816794,0.7496738,0.07776538,0.037714876,0.9418724,0.9006079,0.3918691,0.032502808,0.40190053,0.22406438,0.023193423,0.78578174,0.044232488,0.5469991,0.023370452,1.855395,0.68214524,0.04193392,0.5562697,0.29895678,0.2195006,0.67075276,0.4691236,0.41761023,0.0,0.18362068,0.24982168,0.07010922,0.30744755,0.0,0.14057413,0.48591176,0.0,0.17412567,0.0021632535,1.3819308,0.07879804,0.47597486,0.61644393,0.7117294,0.33542535,0.641875,0.09463232,0.033569094,0.043058414,0.21586603,0.14663288,0.58261,0.37993464,0.10762584,2.2235508,0.415389,0.033277746,0.6480472,0.59143627,0.1673088,0.050416537,0.5155423,0.018626938,0.3592101,0.06463227,0.14800552,0.07405777,0.11404642,0.97880036,2.9696534,0.078217946,0.0029137535,0.040801007,0.70229214,1.1198089,0.027441582,0.07787603,0.27865764,1.1378362,2.1054382,0.012880578,1.3812296,0.0,0.10656654,0.28103164,0.123681135,0.07223404,0.06074582,0.8179794,0.00019405982,0.6773795,0.28078875,0.058377273,0.13300851,0.6093433,0.2823046,1.3789816,0.8394107,0.13882142,0.017788677,2.2559125,0.47094828,0.09614147,0.04095561,0.10440148,0.02934792,0.10631288,0.6403977,0.054643273,0.47483265,0.6145638,0.07157543,0.095768355,0.00028825438,0.0075979214,0.0,0.5587728,0.5099894,0.018810347,0.36696094,3.6191022,0.64080787,0.15817651,0.10778596,1.2183638,0.85257375,0.187716,0.36590973,0.34650755,1.3197565,0.25150344,all_pothole_images\pothole_images_enhanced_88d95d50700b2a892abdfadc042523e4.jpg
2.394612,0.29034084,0.22892983,3.5918367,0.118024126,0.99244267,1.1943442,0.25938842,0.25710773,0.36207595,0.027000302,1.860379,0.587766,0.88377184,0.4645606,0.14100045,0.19047841,0.9925465,0.69434744,0.18274863,0.9767586,2.0355334,0.2234871,1.2147815,1.2750894,0.33356583,0.65091425,3.0284057,0.9011623,0.021002032,0.22778977,0.27513418,2.202193,0.06257847,1.4912711,2.380539,0.61852527,2.6923213,0.060138945,0.3703583,0.24267858,0.32217002,0.5550171,1.742324,0.48496798,0.29807973,0.63715386,0.07750954,1.2567645,2.1701899,1.3318939,0.50405437,0.58653486,0.71534586,0.41098574,2.0441487,1.6334982,0.0709018,0.8581905,0.33746785,1.0991058,0.42167515,0.39342746,0.5570618,1.416153,2.240972,0.0128107,0.53870493,0.8573558,1.2578286,0.8133621,0.08217507,0.42473543,0.8706066,0.59720284,0.2501186,0.4031666,0.8139746,0.001097583,0.5302991,0.93072104,0.12171537,0.25234005,1.8453248,0.70593065,0.70949054,1.3134676,0.6231987,0.77063936,0.17968331,1.1300545,0.023139687,0.12419791,1.5845922e-05,0.21635349,0.20069231,1.0113541,0.31276003,0.97608316,0.18132281,0.43242761,2.7497582,2.356555,0.08549517,0.7804301,0.06892948,1.1283869,1.2585553,0.02217202,0.015302543,0.06202504,1.1367543,1.9278872,0.0012505708,1.036867,0.7336418,2.99275,0.5260626,1.7345546,2.1374855,1.9887564,0.04871218,0.15204765,1.9580022,0.44065908,1.5667498,2.2044904,2.751518,2.270757,0.6224107,1.0754416,0.0,0.108155794,0.49591643,0.10291185,2.5460758,0.3496131,1.8445014,0.17575045,0.017818207,3.1368277,0.67624015,0.2702708,0.15548036,0.3420221,2.3400726,0.12533905,0.102338724,2.3696773,0.1458817,1.3406606,1.3664156,0.7394361,0.051471796,0.5840312,0.5878388,2.0305023,0.16844983,1.2811284,0.73592913,0.922746,0.94950646,0.050410036,1.1221384,0.07891311,0.31011462,0.48692584,0.48049498,1.288817,0.9625059,0.08787674,0.044501867,0.04522203,1.15185,0.0043524755,0.52879727,0.13924906,0.1095852,2.169875,0.78016514,0.3449636,2.120354,1.8114035,0.2393733,2.8537984,0.12308913,0.38001856,2.3227966,0.22207731,0.52453154,0.5776863,1.1545366,0.016900886,1.2765305,0.095147945,0.15506966,0.59061134,0.20848443,1.1207641,0.17574178,0.44021636,1.373635,1.0747321,0.6444578,1.1057934,0.7422711,0.3056974,1.3128155,0.69321835,1.5726178,0.019501798,0.0,0.2700113,0.5528566,3.2624004,1.8782055,1.4736274,0.36210436,0.08589761,0.4385267,0.46054813,0.6673664,0.71086174,0.11259918,0.021698942,1.0354031,0.78882086,0.89426625,0.8904786,0.14000902,0.012446921,0.37594548,0.8571361,0.34800664,1.1840726,0.033113066,1.9181699,0.0,0.044719297,1.460939,0.59436005,0.012854807,0.61424285,0.366435,0.16930142,0.124711834,0.31041995,0.20016341,1.8848163,3.3939517,3.0852535,0.9067607,0.13636163,0.2221844,0.140924,1.0969398,1.1508877,0.039226476,0.29012877,3.8543665,0.53662574,0.00017974936,0.35327333,0.7483674,0.4674575,0.31274375,0.32682762,0.6998568,0.15053095,1.5757493,0.14189805,0.31438679,0.00047900883,0.8162704,1.2237526,0.67822576,0.8849829,0.70254654,0.9235647,0.8197637,2.2609715,0.12547016,0.004986459,0.49371734,0.2766812,1.0151459,1.1595018,0.26232213,2.698318,0.4535575,0.11544891,0.05710993,0.18822323,1.3317517,0.0061573745,0.20978542,0.6109892,1.547239,0.562281,0.90370345,0.0545829,2.050042,1.1809072,0.57143104,5.219085,1.7904805,0.102820076,0.32915446,0.03155709,1.4168433,1.8678019,1.6872424,1.6689266,1.6574022,0.7994532,1.7899095,0.0,1.4579748,2.615965,0.06408314,0.370126,0.10431075,0.05278348,0.56830776,1.1807872,1.3977038,1.4922674,0.0,1.2008028,0.07298995,1.6124818,0.10272374,0.29246658,0.26118222,0.009140473,0.0032502117,1.7404503,0.64676344,0.29484817,0.12517937,0.30136555,0.0009805596,1.9209255,0.57048124,0.6751158,0.7577628,1.2237782,0.121656016,0.6424581,0.46544993,1.3869784,0.38704276,0.0,0.20819464,0.42919937,0.0,1.118037,0.9310441,0.0084742,1.4377764,0.19626497,0.19322923,0.62425286,0.46561268,0.0451994,0.093787394,3.44138,0.8697282,1.1793727,1.0061274,0.77811116,0.506154,0.46900716,0.5680895,0.35643643,0.059255473,0.83834153,0.018837968,0.39323774,1.0466942,0.67041385,0.040565297,1.5667619,0.36727792,4.416662,1.5044649,2.6214375,0.0,0.26512977,0.29237053,0.7830638,0.4216634,0.0015941096,0.38629103,0.12983088,0.105540834,1.1589434,0.113567926,0.09149585,0.061312493,3.8098655,0.4114421,0.55818933,1.5338788,0.32607827,0.10536054,0.114293486,0.06298853,0.13289401,0.45973337,1.5434729,0.3493244,0.084566176,1.0366967,0.07856407,0.09058612,0.979272,0.7787736,1.6994863,0.21398182,4.336595,1.222616,0.71904683,1.125025,3.391364,0.47843578,0.8901213,1.533938,1.5464759,0.6021544,0.16081446,0.82065487,0.3257069,1.239907,0.3252042,1.6057879,1.3340955,0.8807755,0.17331046,0.7329382,0.119016215,0.80981594,0.5117997,0.71738344,0.8284496,0.10870188,0.9270295,0.019380556,0.37084582,1.161913,0.89910305,0.38506222,0.4233846,0.34770024,1.5205482,0.40361136,1.9083717,0.18234508,0.8722557,1.9662726,2.2924953,1.293832,2.4052994,0.80998915,0.30265927,0.6192912,0.03108538,0.32184663,2.0828073,0.9982926,0.2143221,2.2301035,0.8869712,1.1984822,2.0544224,0.057386704,0.15257607,2.231194,0.21472234,0.0080467835,0.24433887,4.634415,0.4747208,1.1198541,0.38336265,0.78701127,0.72440165,0.009383291,1.1827172,0.6008575,0.06678653,0.30972606,1.866387,1.2609509,0.21143243,0.41614848,0.06079763,0.39791474,0.347262,0.33982766,0.35778964,5.3758707,0.49261093,0.0783477,2.082016,0.77469283,0.68982834,0.12223636,0.28121403,0.6588184,0.7408863,0.46347782,all_pothole_images\pothole_images_enhanced_88e25f19c57b880dec5f34db160409a8.jpg
0.12279578,1.0000811,0.08224363,1.4046552,0.9536069,0.08225486,0.0668786,0.2517349,0.7525269,0.082205944,0.36574546,0.14996609,0.21865292,1.6409109,0.15399021,0.019662302,0.12313749,1.4471833,0.5022191,0.077185124,0.0034036736,1.0384139,0.0060020536,0.30988508,0.4833869,1.2353168,0.72540843,3.306782,0.03804582,0.04874303,0.13671464,0.033866998,0.12486113,1.1419375,0.05100632,1.2963533,0.061100006,0.45832154,0.15351595,0.011618669,0.0,0.019793957,0.07129757,2.7300394,0.688484,0.20233247,1.0954828,0.5046912,0.81961423,0.71050006,0.008465371,1.7284625,0.31561452,0.0006347092,0.22640504,2.7762582,2.7638245,0.21023193,0.50748444,0.0018985403,0.06475184,0.10222423,0.16107686,1.062353,0.43153134,0.9232405,0.09543845,0.108490296,0.12638582,1.0941529,0.072365515,0.8612456,0.22497463,0.022903703,0.4089169,0.0019071678,0.008471084,0.48444396,0.0004624116,0.20542692,0.41056103,0.1279709,0.096098214,1.3904536,0.07089409,0.0,0.24615447,0.031932328,1.4162654,0.09119359,0.17033684,1.2529773,0.28439674,0.04236657,0.0787665,0.01528293,0.10829199,0.78715384,0.043770995,0.59703904,0.1032508,3.3774233,0.33407786,0.111518964,1.6658398,0.19971417,0.43523663,0.003512581,0.91268045,0.56126,0.21290016,0.13520299,0.2065479,0.23705451,0.25519374,0.6505568,0.15395823,1.3984313,0.7480965,0.20750602,2.3061116,0.057426203,0.0064084893,1.1145867,0.5921217,0.48503718,0.22172508,0.24085227,0.83838993,0.097575665,0.5853341,0.11685172,0.0,0.11317486,0.39560273,0.016435312,0.012137631,0.17279667,0.7702286,0.46271643,1.3226143,0.0,1.0835019,1.245967,0.04758056,0.7179406,0.52104944,0.7537595,0.30109647,0.07585505,0.061359096,0.20685,0.021621142,0.43947208,1.4207797,0.31995964,0.72363776,1.0263033,0.18783432,1.8740139,1.3014199,0.82048696,0.9159705,1.6382397,0.043787304,0.0,0.39263487,0.51134,1.1812506,2.1102078,0.032670137,0.022483205,0.17318597,1.0980229,0.15563752,0.24837138,0.16096468,0.020098185,0.023442494,0.08098445,0.0140592,3.0235972,1.8374459,0.6505462,0.5645407,1.8851682,0.5706295,0.4937224,0.18478467,1.35707,0.15301014,0.56115544,0.46422786,0.7938749,0.26857406,0.057167236,0.85367584,0.0,0.0,0.027330339,0.19739684,0.9123872,0.7645972,0.050139666,0.072163545,0.7022505,0.26669526,0.61923915,0.29157776,0.16035593,0.0,0.1057003,0.2829716,0.19031335,1.7277547,2.507379,0.09973006,0.6574314,0.011020696,0.06098986,0.8336851,0.0,0.5224436,0.20194209,0.0,0.004706669,2.038566,0.2153035,2.6488,0.49783418,0.05550817,0.018718442,0.24833424,0.13668859,1.4919032,0.020888085,2.4168725,0.052406806,0.23793624,0.040750764,0.11196341,0.10494163,0.18775745,0.0,0.2860483,0.0,1.0793808,0.012801954,0.9527701,3.9345052,2.9185348,0.011443095,0.026350994,0.786543,0.020804342,1.3276794,0.5384766,0.0,0.77527744,0.6324409,0.44446796,0.15358347,0.7224389,0.054912638,0.06832463,0.063184045,0.84667903,0.32839674,2.0707202,0.016820034,0.17688951,0.030744664,0.12055648,0.37311935,0.40402776,0.27088892,0.022201722,0.54691064,0.043804284,0.19438155,2.8972397,0.12253698,0.92364097,0.17790203,0.022835497,0.7719633,0.35075924,0.014595851,2.403606,1.274456,0.027203515,0.059658807,0.045747563,1.4874402,0.065761365,0.18255062,0.006590619,0.06922582,0.112054676,2.498334,0.85167235,0.56408805,0.011922216,0.3112,6.152312,0.084720574,0.19214077,0.037740786,0.0963116,0.4090574,0.46221736,2.096901,0.18771073,1.6708283,2.1396396,0.19147111,0.0,1.086821,4.9587684,0.048958067,0.11145977,0.018243093,0.09807437,1.2120768,0.3196977,1.2701876,1.6098589,0.0019515728,0.3479032,0.12319124,0.773215,0.107987866,0.46437752,0.010544886,0.004909541,0.01104148,1.7090207,0.41616032,0.07990238,1.2934124,0.2210051,0.039623674,1.1135457,1.2586606,0.3925559,0.0,0.1899855,0.055230178,0.0247864,0.04376664,0.43316665,0.03168478,0.43387988,0.38758865,0.3364132,0.03327851,0.1279385,1.3896023,1.4045385,0.05688062,0.519249,0.046654798,1.8366954,0.18575045,0.0,0.0,1.1895884,0.08198923,0.9903066,0.07841802,1.1544017,0.003907356,0.91158146,0.28967652,0.27766263,0.22888063,0.17671332,0.0,1.2751788,0.6194831,0.57245445,0.09751306,0.007087722,0.41432613,1.8362712,0.0,0.7710671,0.022359056,0.016549213,0.0,1.9253116,0.032534957,0.07040515,0.15305321,0.1291858,0.015694916,1.3905509,0.055153925,0.014704677,0.671676,0.36203665,1.1649405,0.43894258,0.6865619,0.0,0.16141719,0.336128,0.5315222,1.0761695,0.23095277,0.12861705,1.2349634,0.0,0.1344057,0.4879147,1.3693136,1.0049781,0.56706315,0.5622791,0.00032857773,2.293256,0.2770722,0.87823254,2.3691335,2.750882,0.47076812,1.9457804,0.04522766,0.4004583,0.23703948,0.702398,0.32902238,0.019124279,0.35326633,0.44003543,1.1295362,0.08710464,0.034861486,0.23166654,0.041497365,0.1279827,0.4192452,0.013551078,0.12629625,0.21357568,0.40005195,0.28570837,0.26398835,0.2125186,0.95469284,3.3800156,0.19788001,0.0032148575,0.08435403,1.6105114,0.34548643,0.3448944,0.014576091,0.12053937,0.21886094,4.4651837,0.0018561885,0.106236786,0.153655,0.53820825,0.0,0.024660861,0.119814366,0.7399326,1.2417644,0.62861186,1.38234,0.14960772,0.0127485255,0.9588766,0.4234222,0.0,1.148955,1.0709457,0.02159398,0.36996424,0.55323654,1.1292225,0.20078579,0.006065928,0.0013831131,0.7155764,0.04435541,0.42961988,0.0,0.010340984,0.29508576,0.2951987,0.20323703,0.0,0.0036357923,0.13589485,0.6766577,0.47447327,1.741346,0.5195846,2.9268365,0.7619786,0.83316267,0.22424062,3.7567654,0.2937652,0.03232596,0.15106842,0.23827642,0.10037064,0.092304215,all_pothole_images\pothole_images_enhanced_88e343e400a41f31f95e8d8e59835e32.jpg
0.17909855,0.95134133,0.12787797,2.5473006,0.6702378,0.15628627,0.3369292,1.7571982,0.14990208,2.0549319,0.63747966,0.577147,0.14720449,1.8782905,0.00020739638,0.62181664,0.12248387,0.96947813,0.7996831,0.23383738,1.3082154,0.5749134,0.08298489,0.43653658,1.360601,3.1370382,0.3175738,2.484178,0.43397522,0.19043201,0.014345484,0.07822221,0.0,2.140867,0.53005826,1.8226209,0.27386358,0.4417576,0.052871626,0.837213,0.012626999,0.045184705,0.72907364,1.4016421,1.5538111,0.0991857,0.019931732,0.0,2.6866865,0.38289276,0.89578044,0.7111664,0.3029277,0.15925147,0.1610354,1.9365797,1.4157946,1.2140216,0.81769025,1.1742014,1.7103754,0.4533996,0.79157,1.0086387,2.49625,2.2950788,0.123332724,0.4437533,0.08434209,0.031220945,0.89327145,0.39253363,0.976519,0.1593525,0.72351336,0.76744217,0.06678469,1.5155988,1.0838819,0.84215266,0.4349494,1.250455,0.77041876,1.4483775,0.16027603,0.6024183,1.9210625,0.03432213,1.5436575,1.0224873,0.09334816,0.042538602,2.6715128,1.9867984,0.21411666,0.5830985,0.3414158,0.4209841,1.0242338,1.2799649,0.12804915,5.150907,1.0865377,0.8646268,1.6845622,0.20681107,1.415498,1.7508453,0.4192437,0.04045724,0.79183793,0.15415217,1.7359973,0.8700241,1.0557723,0.19189641,0.3718426,0.7569392,2.810966,2.272624,1.036414,0.07926028,0.08988232,0.90329623,2.321867,0.16797253,1.8276049,0.85427344,1.5306373,0.9669905,0.25978887,0.0058754077,0.4152475,0.45735818,1.304335,0.1590512,1.0864019,1.4201759,1.1663387,0.2813177,0.15015438,0.2417543,1.5693529,1.459007,0.14794432,1.1284925,0.8915697,0.76011455,0.45325652,0.75163597,0.94785804,1.2577462,0.9610805,0.32709667,1.6619214,1.136407,1.0739521,0.43116072,0.86221933,0.20304987,1.4365484,1.9359566,0.43237397,2.7959394,0.44308895,0.48024043,1.787915,0.45749786,2.1181004,2.377207,0.33977726,0.35274193,2.0331128,0.50035965,0.5128958,0.3319293,0.7629801,0.33362153,0.1348028,0.3378979,2.3460686,2.1526585,2.274486,1.0275036,1.1891897,0.62899226,0.64155203,1.3554133,1.0824319,0.42227507,0.014290494,2.6137877,0.0,0.94222647,0.8541456,2.084863,1.6819068,0.646513,0.4926303,0.15998667,1.0334002,0.99350303,0.3293851,0.08153362,0.42106667,0.021580238,0.4196581,0.16536722,1.5616946,0.4798864,0.11030668,0.059229866,0.7425461,0.8849986,2.2353997,0.9288702,0.66841173,0.2113956,1.2247826,0.977427,0.13135532,0.054634143,1.0096304,0.53424686,0.014871903,1.0537549,0.80741584,0.4029965,0.5191011,0.42053387,1.5373095,0.09015659,0.5803479,0.43926525,0.094624706,0.23857257,1.532726,0.79843473,0.04361738,0.5761471,0.21447569,0.56709653,0.599381,0.2396158,0.8846627,0.14010775,0.5853239,0.58186567,0.6825858,5.108035,3.1137078,0.11590751,0.42245942,0.8902838,0.47725895,1.0546874,0.659166,0.055650424,1.4836866,3.5594668,1.793103,0.26862046,0.3569374,0.02069394,1.7920756,0.1824308,1.6142161,0.015732996,1.2719051,0.04208258,0.77078325,0.073039606,2.393233,0.37063724,0.5689979,0.14953612,0.09906401,0.81704974,0.11672421,1.6758575,1.825369,1.6756778,0.43065295,0.58868265,2.35976,0.6722136,1.0994279,2.3342733,2.5231223,1.7008712,0.0,0.33205336,0.3470362,0.7819944,1.8440206,1.1920487,0.020919401,1.2090769,0.2910489,2.7399733,1.6923635,1.4513842,0.9487951,0.06314952,4.503623,1.1355383,0.43318713,0.0,1.684457,0.7494225,0.8943688,0.7192375,2.3130972,0.6664951,0.87345886,0.97962713,0.2527504,0.58899367,2.1069126,0.19039983,0.3934239,0.44214582,0.7712924,0.9616755,0.9229661,0.2564797,0.013988079,1.347494,0.614105,1.3205703,1.1748917,0.8083633,0.08333077,0.83394074,1.2436068,0.3046162,1.5752968,2.1131713,0.5509751,0.9637686,4.2871184,0.9946063,1.2320993,1.6508292,0.9097373,1.1369133,1.335233,1.1117606,0.64767784,0.4127948,0.29055867,0.1081337,1.657665,0.7548339,0.44023255,1.1275606,0.062105384,2.245214,2.2321353,0.81003696,1.1163616,0.48623028,0.29247847,1.7577723,0.02589054,0.70602506,1.4728848,0.5171496,0.6143582,1.0895723,0.99775577,0.0,0.56848514,0.21010114,0.24883783,0.19797799,0.21065117,0.0,0.60443306,1.2602546,1.7104858,0.39595622,0.36728138,0.76396334,1.2297323,2.455492,1.6418458,5.1636558,0.19659702,1.1206439,0.75478935,0.5634844,0.73533255,0.52035505,0.26503038,0.3996282,0.80847895,0.8704331,1.1178092,0.41843554,0.79125834,0.8345641,0.29947984,0.3420713,0.5028825,1.5007334,0.27809307,0.859673,0.9826574,0.0,0.73930436,0.005157542,0.0,0.99438614,0.2939627,1.5949068,1.6173683,1.4353709,0.5748716,0.46014825,2.3004186,0.35702682,2.600415,1.8662287,2.3573685,0.17034654,0.80922043,0.6112621,1.103714,0.63678956,1.1805334,0.87382823,1.4685435,0.53098536,1.7004036,1.2683855,2.0804706,0.6987712,1.0695353,0.6543253,1.5467348,0.9896367,0.873259,0.07244683,0.28386676,0.406986,0.51057905,0.8010949,0.14980786,0.7999199,0.5016544,1.2794863,0.18760854,1.0223081,0.743893,0.745349,0.5961002,0.25887945,0.5450129,0.40962866,0.8052852,0.16322389,0.12909801,0.53021216,2.5031304,0.6752048,0.33064404,0.015665451,0.296668,1.4673845,0.07889968,0.31355137,0.5166018,0.13375925,1.8761746,0.076145835,2.4535828,0.9068774,0.62601256,0.26660052,0.5673052,1.1180036,1.6435573,0.03364328,0.22417973,0.3846446,0.76952416,0.0047688973,0.39724305,0.0,0.70636594,1.4416502,1.4700497,0.2951096,0.1632157,0.21227108,0.1844182,0.4335422,2.4021912,1.1554805,2.2424178,2.4919748,1.3218558,0.3445176,1.7285091,0.69878995,0.16813163,0.89745116,1.6972687,0.81938505,1.4426402,1.2512639,all_pothole_images\pothole_images_enhanced_8911d27423c1146cdbdac50093f69488.jpg
0.3480729,1.0640554,0.21201552,2.1166096,0.6413707,0.060005244,0.394206,0.9753009,0.40109074,2.335617,0.7384778,1.561289,0.033000547,1.62304,0.0031665238,1.1732576,0.13818637,0.030805137,0.99410695,0.19126208,1.0361768,1.8846319,2.157027,0.92029506,0.31476182,2.7780511,0.062640205,1.5331551,0.12867644,0.72113854,0.23045954,0.22046375,0.30930582,1.6364619,0.55031854,3.1535919,0.5984794,0.28022933,1.768056,0.44091994,0.09515814,0.24118273,0.032114442,0.7314856,0.5576099,0.70846415,0.3985204,0.0053264895,0.8931061,1.1380599,0.6177701,0.13902721,0.12628715,0.41435522,0.7052178,3.0931122,1.0914272,0.10594902,0.26164412,0.027213115,1.1552156,0.9864807,0.5844021,0.29623443,0.27493453,0.7374875,0.6026821,0.49458078,0.23508114,0.7595773,0.86429864,0.26263005,0.32058555,0.101754285,0.16882858,0.40617466,0.4332362,1.6489148,1.0811694,1.759164,0.07351835,1.3571647,0.7766139,1.2339321,0.119328536,2.1752698,0.50048333,0.06869977,2.5331616,0.7150552,0.53799933,0.11019514,0.019141011,1.3683761,0.075754,0.054373205,1.9682369,0.09256609,0.22311915,0.43014884,1.1521609,3.6552696,0.20604296,0.69491845,0.97739846,0.093770534,1.3740221,0.9383682,0.96482146,0.3646972,0.0,1.028499,0.92446244,1.0221792,0.14377792,0.21648617,2.1497867,1.649244,3.703058,0.57201004,1.5337956,0.007926735,0.05424438,0.095873706,0.2070734,0.6230096,1.2591075,0.85908103,0.4671593,0.27621415,2.5901046,0.13330868,0.8852456,0.6100837,1.594048,1.6196591,0.29100552,0.96728,0.15588601,0.47824275,0.6885421,0.8846794,1.2381128,1.6206868,0.0020409988,0.9899572,1.3977087,0.75166523,1.8421077,0.34649253,0.1317932,1.5180131,1.6887602,0.74278826,2.4877455,1.6262488,0.89966416,0.7447456,0.017077832,0.040568013,0.836471,0.28621146,0.0051043867,2.7295754,0.8484681,0.31231633,1.1091442,0.2592451,0.8340363,2.7760015,1.7845577,0.37778565,0.12915713,0.48180392,2.718773,0.009347542,0.2717013,0.11361076,1.1383419,0.58735263,1.2146845,2.2801242,2.2164836,2.2862515,1.7449658,0.4076197,0.48492283,2.6301804,0.2132278,1.580796,1.4918524,0.6721836,0.18631686,1.9828671,0.45605233,0.5202851,0.9045723,1.626183,0.7294274,0.21669637,0.60407597,1.2322235,0.81539345,0.13867629,2.0634134,0.06732591,0.1555461,0.35485014,2.6605399,0.86043125,0.05397293,0.6689685,2.4258547,0.2601102,0.2386181,0.8053699,0.20968045,0.020708874,0.7227666,1.8574082,0.026947005,1.1973351,0.3438106,0.66729707,0.6088222,0.16221096,2.013475,0.09329061,0.96969384,0.2532843,0.09711954,0.90452343,1.6077983,1.2416127,0.5938438,0.23343779,3.2025423,0.34184536,0.07339243,0.35416055,0.5833835,0.35277215,0.14990534,0.025483454,0.3781096,0.0089406045,0.13642037,0.1035447,0.45000458,3.3118541,1.2609156,1.3661919,0.52245605,1.4388987,0.56930506,0.95636433,0.75831914,1.112599,0.040909298,0.20012145,1.9941391,0.05951031,1.6884354,0.3411975,0.9613026,0.45805326,1.3300196,0.47553307,1.0524371,0.017567113,0.013221253,0.34567547,0.90728724,1.2583232,0.22535402,0.95521986,0.6883881,0.07637644,0.31629336,1.031232,0.31800643,0.1397501,0.5731658,1.0077102,0.74287874,0.25495434,0.65641576,0.638622,1.41346,1.0024608,0.15170695,0.19122472,0.42896372,1.0142827,1.9949749,0.5703006,1.6361014,0.40370893,0.21352139,0.7389475,0.54395294,2.4497492,0.5932591,1.1250243,4.473143,1.0018733,0.721503,0.6513919,0.12302441,0.6496229,0.20458521,0.94997877,4.268213,2.2731256,1.2398324,0.10174484,0.04360678,0.2901019,3.760586,0.010992916,1.7903916,0.06653769,0.5799023,0.062421884,0.48396042,0.29554266,0.17615992,0.2806966,0.22723687,0.05615802,1.4627981,0.23150992,0.7620907,0.5642633,0.39854243,0.28130588,0.07480131,0.7469044,0.44203198,0.9937672,3.5534499,0.8102946,1.6220949,1.195709,0.29477906,1.5347939,0.7176685,0.18675634,0.28269213,1.9056228,0.27468336,0.13575372,1.0628798,0.4126503,0.76636237,1.2510113,0.0028596227,1.8658864,0.6490936,0.5531157,0.38488862,0.9899715,0.4876104,1.3183525,0.5283819,0.36062685,1.3677883,0.57356304,1.8258849,1.2055272,1.5122335,0.90468264,1.3613267,0.12632528,1.2393291,0.5126548,0.05163697,0.20897236,0.096151456,0.748463,1.4002405,0.8696303,0.8435176,0.96787924,2.861026,1.2906336,3.8844442,5.475257,2.2083187,2.3154705,1.4053149,0.47418702,0.78176147,0.102073796,0.27384824,0.84677917,0.5783376,1.1670364,1.6375836,0.08022926,3.1305914,0.41407844,0.5313333,0.5216739,0.56199235,0.048768938,0.8056324,0.48861724,0.0,0.25328305,0.7756681,0.0043122172,1.1538405,1.8103254,0.09924722,0.71881956,1.0947762,1.5950395,1.0216503,0.6144846,0.8182068,1.2616394,3.4409943,2.6708877,0.7488551,0.78576064,0.314636,0.260066,0.7109557,1.8848543,0.27157718,0.78996897,0.7022876,2.6437318,0.8134032,2.909552,0.7446198,0.6495375,0.5373483,0.643392,1.4322942,0.4987912,0.6983582,0.29196694,1.096423,0.2592418,1.0667425,0.004050537,0.07505763,0.47324768,0.533708,0.7940789,1.3933423,1.9240541,0.27559125,1.1470243,1.3349812,0.6425237,0.68455327,1.1157948,0.6834033,0.8277222,2.0884244,0.032732166,0.50977415,1.8071958,0.16443871,0.009712938,0.16682701,1.8323237,0.4989216,1.252519,0.45206147,1.245401,1.6217943,0.033078875,2.7349486,2.04291,1.484706,0.26772,0.5881599,4.981077,1.5113207,0.68567944,0.47969964,1.4276415,0.1911528,1.1046076,1.6498276,0.004907417,0.7495187,1.4276431,2.0987217,0.16262852,1.1391582,0.13824026,1.1903734,0.85315734,0.3961309,0.6488299,0.49898776,3.4196746,0.4760662,0.8544424,1.0241534,1.1160525,0.49281183,2.5064363,1.1746963,2.2403293,1.0731117,0.9505124,all_pothole_images\pothole_images_enhanced_894097d4ebabe3078639eb6772003a14.jpg
0.21520343,0.31864104,2.214494e-05,2.0973206,1.0168239,0.3582413,0.95793825,0.21111599,0.24374028,0.93223584,0.06761431,0.89022815,0.37608212,0.96967226,0.105936095,0.33709008,0.13570233,1.0447143,0.41233662,0.35257763,0.9582693,0.6916512,0.88923657,0.85655606,1.7416668,0.83200413,0.062894106,2.1634288,0.017390536,1.0765691,0.40779004,0.18035947,0.90646523,0.8707822,0.566724,1.0586846,0.09199543,0.40253678,0.11403969,0.19140993,0.28371295,0.27985406,0.74215883,1.1457906,0.1850387,0.93465835,0.3642613,0.93902135,0.82776904,0.9177355,0.29516646,0.21979377,0.8178993,0.2759,0.84314764,0.8910015,1.5871503,0.084001765,0.44658485,0.39524764,1.1220133,0.43844217,0.46711832,0.9275388,0.38330206,1.2188908,0.07840577,0.056970265,0.20048183,0.27956575,0.8796721,0.25027233,0.68874687,0.31537658,1.0499039,0.22991227,0.2267108,0.32800308,0.33904257,0.7312214,0.1976913,1.3380002,0.105058864,1.1593634,0.5018838,0.028549522,0.023105726,0.010081793,1.4742978,0.19773987,0.6658961,0.9046523,0.725587,0.16160418,0.77906907,0.21772662,0.16826133,0.41660237,0.14283966,0.5687218,0.15304698,3.3526275,0.98020333,0.10540743,2.061275,0.0,0.50796485,0.16815153,0.0018067654,0.37777498,1.0144458,0.38760293,0.54133713,0.41522464,0.9704166,0.4589051,0.2860125,0.026091753,2.4105284,0.45525554,1.1553103,0.004269323,0.31912208,1.4546739,1.0836841,1.2374375,0.6073808,0.062203147,0.05062285,0.036122683,0.25800028,0.25973147,0.0,0.06924366,0.27789763,1.5916877,0.7621535,0.19689102,1.0234764,0.22241612,0.176465,0.31355426,0.94287544,0.8286688,0.18887924,0.49263132,0.14257133,0.41313693,0.7464502,0.30039385,0.4200024,0.2812371,0.8089458,0.5782817,0.5334096,1.0763801,0.2515199,0.13866132,0.49521133,1.3604746,0.30639094,0.53068924,0.046617784,0.7231311,0.7541217,1.0029223,0.45625985,0.1249899,1.0859239,1.1575432,0.11305686,0.35181987,0.061514735,0.34426957,0.3995284,0.630972,0.5977783,0.2711045,0.03315614,0.33966666,0.75224894,3.0384665,0.5868702,1.0311825,0.8172695,1.0603486,0.28767946,0.2127112,0.23663846,1.254809,0.08536094,0.08011961,0.019090304,0.071729355,1.0696101,1.0863138,2.1106424,0.02164526,0.3912408,0.3296684,0.13081785,0.7178531,0.45904174,0.31567928,0.30943528,0.7430004,0.20104972,0.43003032,0.415985,1.3105141,0.0944955,0.23311892,1.1347576,0.9065133,0.74881756,0.7490128,0.2898846,0.1654389,0.5875094,0.20986989,0.5031618,0.0022525077,0.5393122,0.91260606,0.0,0.39327523,1.4005778,0.4578617,2.7084486,0.6717572,0.0,0.27324712,1.1021228,0.36780536,0.51906973,0.4734134,1.2390962,0.0018471433,0.055787038,0.036596093,0.29379097,0.0536872,0.15224837,0.033596188,0.28580338,0.00027452156,0.7992943,0.14161886,0.65640146,3.1108692,1.2538365,0.48792654,0.48233223,0.20108518,0.046314083,0.1704052,0.109386474,0.9073302,0.050186474,4.185252,0.49258378,0.56011444,0.7498642,0.51261216,0.5141936,0.00082550244,0.9822923,0.083802454,4.9812193,0.80956936,0.70780015,0.03473001,0.41273943,0.5560305,0.08594425,0.5523682,0.16681823,0.16884826,0.5669324,0.59582824,0.7743872,1.546038,0.39004847,0.16193008,0.47809538,0.15889859,0.5891328,0.18889104,0.78686494,0.51068807,0.30451018,0.30374354,0.38716018,0.49677345,0.36596224,0.05864475,0.032911118,0.15277998,0.82719344,1.7008317,0.21633132,0.9291072,0.53444326,0.3224754,2.3694055,0.2079594,1.2524765,0.0025122731,0.7134583,0.6048022,0.26413888,1.0435307,1.0863087,1.9466037,0.1966827,0.17189369,0.4343907,0.78150153,6.1424646,0.71337765,0.66167045,0.13763423,0.45157275,0.35578662,0.3330493,1.0651655,0.35792315,0.7020138,0.45046705,0.13341318,0.44397056,0.549297,0.2461712,0.35846865,0.0006947936,0.47325864,2.6303437,0.43953755,0.43943107,0.9832342,0.88687974,0.22093283,2.6063154,1.4986521,0.6386264,0.0,0.1291973,0.25302514,0.48080608,0.35044897,0.01822112,0.43858713,0.64752275,0.49164468,0.34747028,0.310215,0.205733,0.6064534,1.0257443,0.9002981,0.69922614,0.6891381,0.033353746,0.3603793,0.2769383,0.043760218,0.7833039,0.16744718,0.03884803,0.4356439,0.35792592,0.24411686,0.47233137,0.58873034,0.23874734,1.4655793,0.49782926,0.35583413,1.149309,0.73044443,2.7090578,0.048355438,0.5410555,0.08656513,1.8204103,0.3569023,1.9323459,0.024989294,0.10050172,1.2941738,0.5085575,0.5766669,0.19909407,0.20062472,0.16350001,0.6257976,0.6796073,0.02640754,0.38431147,0.07342162,0.17123537,0.4185833,0.35922557,0.0014274445,0.24989109,0.11680306,0.3381456,0.2827919,0.8234413,0.28803053,0.34452665,0.63081545,0.046916,0.018761866,0.54012567,1.1778907,0.7981372,0.087456465,1.2263172,0.07968906,2.1151555,1.0390534,1.2241161,0.4523551,2.0020995,0.5246861,0.9474912,0.16417435,0.3632987,0.27390948,0.019375265,0.22504999,1.149164,0.2806251,0.63232005,0.27372816,0.2835181,0.55935055,0.011442389,0.45054212,1.301892,0.49991348,0.12514402,0.20537545,0.3523434,0.5584294,1.5236965,0.5298654,0.29796726,0.32401142,2.2898853,0.14777935,0.3030293,0.030880066,1.1003045,0.73283535,0.35115948,0.2030021,0.4375913,0.30064875,2.1013305,0.1515047,0.4974022,0.23973678,0.4215672,0.19565007,0.091851644,0.00928987,0.31896073,0.9077866,0.7346123,1.0630164,0.053577002,0.041248295,0.9529615,0.6825278,0.59661996,0.18417993,0.59751976,0.2414316,0.50032026,0.85160905,0.5070101,0.07234418,0.13661022,0.4899267,1.0666213,0.11342627,1.5887644,0.0,0.5125754,0.47020745,0.6401721,0.22253375,0.55629045,0.10212417,0.28080392,0.040421735,0.3488901,1.1498356,0.7462934,3.4717722,0.17290388,0.07026433,0.23963878,1.5988263,0.594122,0.29283312,0.042799115,0.35288647,0.26788607,0.3604108,all_pothole_images\pothole_images_enhanced_896383e1d04f4690a98ebf9c4066e452.jpg
0.17014834,0.986645,0.01355124,0.89259624,0.88675535,0.20818007,1.4375648,0.8575109,0.26340637,0.39754772,1.4536465,0.69985515,0.8563905,3.8625112,0.09302326,0.15016021,0.45221218,1.80015,2.309171,0.080066375,2.222697,1.4030052,0.35143197,1.3730723,1.5178864,0.5693226,0.6446358,1.7559702,0.23165223,0.96024024,0.6858841,0.17298694,0.02997654,0.37879625,0.43832973,1.5587143,0.49661323,1.0627677,0.5417409,0.7652809,0.0,0.0031200608,0.4127991,1.9121076,0.27422774,0.03623569,0.038248725,0.012490823,0.1039941,0.24954554,1.7329247,0.27881676,2.1272118,0.2773497,0.27389312,2.7604437,0.8453682,0.21114044,0.008909255,0.010641966,0.96878356,0.23611198,0.9031428,0.24850339,0.7952984,2.0644596,0.14048254,0.6089728,0.10750613,1.0244788,0.32452735,0.004234269,0.34967235,0.73638,0.41353142,0.13002741,0.2169968,1.0918968,0.08079807,0.2541145,0.33739766,0.0013771872,0.2855431,0.43838826,1.2071823,0.21160221,0.0,0.11728775,1.6029536,0.088138655,0.9854106,0.08456341,0.019044315,0.46035066,0.05519763,0.32531193,0.28359166,1.2138923,0.32240614,0.007922067,0.50790995,3.126593,1.1025163,0.09765842,1.4288411,0.4188504,0.10980606,0.10863913,0.090963654,0.20932668,0.5416916,0.06948685,0.055954225,1.0572342,0.82544315,0.4156533,0.3725666,0.48419118,2.9005637,1.4014294,2.9518778,0.86871684,0.3133462,1.0835348,0.5185305,0.3837811,0.19268566,0.033818863,0.43691486,0.54534024,0.06439292,0.21636663,0.04042994,0.5534307,0.012049812,0.116461165,1.5383288,0.9024077,0.045311436,0.3820412,1.3008224,0.0,0.26964134,1.215887,0.25828615,1.4245306,0.0,0.75491893,0.63483566,0.2743176,0.04051132,1.963545,0.008968462,0.0034750095,2.0594287,1.0238547,0.46347886,0.9318243,1.3894295,0.59476554,3.0742376,1.3057401,0.3197021,2.477693,0.4939231,0.9597747,1.1404197,0.24244998,1.0202835,2.5185192,1.139252,0.1141128,0.039639838,0.3183879,0.33240384,0.53526354,0.38334608,0.47153676,0.02987292,0.10159136,0.7682562,3.0264206,1.6741929,0.21968068,0.36644876,0.8144626,0.36358064,0.2069532,0.14940275,1.1268616,0.86479634,0.075026274,0.17379954,1.2589064,0.0414364,0.4904634,2.3452609,0.025712665,0.06462387,1.0378693,0.5985977,0.91071475,0.7194247,1.1174932,0.5029192,0.09129772,0.9886472,0.2806942,0.5124982,0.15202783,0.010722844,0.013441604,0.6984094,1.2779077,1.6345401,1.7066925,0.97728944,0.44873303,1.47483,0.041414417,0.3926294,0.16906045,0.11561419,0.1637818,0.0,0.013466454,1.6008656,0.018926337,0.8199227,0.15651715,0.00050669606,0.22833925,1.1877636,0.2849078,0.50084466,0.0936243,1.7283326,0.5489723,0.08201389,0.018445894,0.42652908,0.20485751,0.38196173,0.17142811,0.090400055,0.14242664,0.071606345,1.0125847,0.6897391,4.6849823,3.9903128,0.5635063,0.23007093,0.7962559,0.7507498,2.026718,0.28768846,0.934655,0.56537354,2.2932036,0.7632726,0.6689031,0.9203047,0.026190566,0.10748057,0.26339394,1.4190989,0.46199027,1.2108723,0.22992846,0.09364451,0.015258835,1.9955288,0.51949793,0.3300391,0.16525488,0.0005217543,0.0015826791,0.52064157,0.44642007,0.772386,0.33605933,0.8598237,0.19899707,0.032800313,0.74316496,0.2972994,0.16838196,1.6492503,0.056478754,0.036127016,0.29111314,0.0,0.69912314,0.14039116,0.040338468,0.013332789,0.36369407,0.0,2.8286686,0.7349508,1.3662981,0.64903253,0.85437196,4.844644,0.0,0.7744299,0.11532444,1.032016,0.070748076,1.4152594,1.8653903,1.1313324,1.7273917,0.7625418,2.008175,0.037542764,2.0774226,5.2740993,0.27653903,0.032634087,0.130126,1.1469039,2.937383,0.02383211,0.94093025,0.8574009,0.30792254,0.24393936,0.09499083,0.58401513,0.0033586824,0.4648079,0.014499968,0.5609882,0.029163662,0.850201,1.25953,0.6415364,0.6452226,0.5756387,0.0,0.829789,0.19970521,0.7815883,0.0007699818,1.1451734,0.2846066,0.5864557,0.08112672,0.010693368,0.28814468,1.6488043,0.10814873,0.93201244,0.28318164,0.14803478,2.633822,0.491613,1.8165102,0.27446368,1.5940797,0.2806187,1.0949239,0.0017750046,0.018001083,1.0184871,0.13691935,0.51379555,0.17063396,2.702641,0.14145383,0.04238856,0.14783627,0.4970424,0.09732529,0.28316197,0.055560336,1.0150496,1.2888191,1.2985039,0.004772435,0.0,0.393685,1.9415766,0.5325264,0.7403123,0.017357733,0.16237192,1.2587179,0.14080633,0.0,0.14029573,0.09724091,0.06196919,0.06906286,1.0692117,1.1917863,0.35108495,0.10518545,1.806394,0.8295871,0.89134204,1.141633,0.07789483,0.036385328,0.96596223,0.5624411,1.1632736,0.34478152,0.28649023,0.38904533,0.4137189,1.269092,0.17184323,2.0670788,0.0018687845,0.5881577,0.0,0.012414064,1.3479291,0.6690076,0.10377836,0.8009305,2.9916008,0.6101068,0.9082363,2.0558383,0.2281277,0.17634757,0.4944162,0.70769346,0.48540297,0.7051052,2.1708944,1.6347911,0.4302808,0.5123694,0.04405028,0.08542476,1.5369626,0.07240739,0.008685245,0.25716692,0.35299277,0.0,0.5541099,0.54778695,0.39721006,1.8463356,2.8960495,0.5145689,1.3117243,0.4995611,0.2796617,0.78499424,0.39842954,0.17193355,0.28703544,1.8011757,3.4084494,0.72784114,2.2470863,0.012487213,1.2032926,0.012248969,0.4648791,0.10251351,0.2640766,1.0809779,1.7421983,1.490732,0.28870833,0.47494417,1.9331541,0.69066566,0.31375363,2.1643152,0.19494365,0.08263926,0.26327175,2.4163888,0.54230607,0.47038144,0.0029004617,0.022417666,0.3904057,0.0001275291,1.3456991,0.37671202,0.711673,1.0182006,0.31445915,0.12502123,0.058676697,0.4827666,0.014946042,0.10324875,0.4166087,0.07316778,0.9555108,2.9099712,0.77660143,0.9391379,0.53652495,0.4386111,0.5768271,0.5058895,0.012985585,0.114820704,0.007282104,0.09163397,all_pothole_images\pothole_images_enhanced_8965500136c8b03cb369d054b427e3e3.jpg
0.047706373,2.3162453,0.789114,1.3648155,0.71175635,0.43490452,0.21503188,0.058462158,0.030762173,0.30188075,0.09319708,0.14409243,0.4441344,1.6374168,0.0,0.5592111,0.062361695,0.21950056,0.026045594,0.25470233,0.17849472,1.5161453,0.81937677,1.7289541,0.64546627,0.69241303,0.7830643,2.3814986,0.061990883,0.21722946,1.0715853,0.40560305,0.1373099,0.15753964,0.7834045,0.25371686,0.89491844,1.7431693,0.43378907,0.457832,0.011062667,0.108077906,0.38873705,0.14859533,0.8306662,0.3532045,0.11892116,0.02519445,0.8867066,0.2441117,0.14979643,0.2175408,0.7286397,0.28547072,0.0,0.93108195,1.1493675,0.0065365355,0.91201276,0.27652183,0.036012474,0.011812619,0.88647115,0.18584925,0.82640386,1.3485775,0.61831313,0.2591223,0.2520435,0.06293417,0.17465897,0.84461397,0.42616636,0.2094622,0.142289,1.2255454,0.1959488,0.25984192,0.007854391,0.20123914,0.057546146,0.13203023,0.43895924,1.0247095,0.8338819,0.35588253,0.13139464,0.14510565,3.2803662,0.1313127,0.09383746,1.0722679,0.040305268,0.9506751,0.2164523,0.008062938,0.7882969,0.48668048,0.57546693,0.5594752,0.024127517,1.2080559,0.5759851,0.076367855,0.26541135,0.30527177,0.0941278,0.20350964,0.00891994,0.67226297,0.13939916,1.9606365,0.35340595,0.88120425,0.99170154,0.6375422,1.7010989,0.045446686,0.47291446,0.82479304,1.5867046,0.6654122,0.4158866,0.7813291,0.024894955,1.4365183,0.18432525,0.16550656,0.22700317,0.649721,1.1057129,0.05039592,0.21891868,0.14552455,0.11233066,0.27034715,0.07694659,0.3795249,0.97634923,0.19148894,0.2845445,0.89590466,0.19521147,1.3801509,0.1491874,0.82103217,0.05651627,0.01753382,0.25062168,0.80550253,0.17581439,0.29422927,0.008240419,0.008519038,1.2308222,0.34603375,0.102659434,0.16469696,0.32425752,0.44647348,1.4727712,1.1502517,0.65970695,2.3441648,0.10883002,0.7002705,1.7468251,0.10381945,1.133464,1.0257524,0.5088652,0.07866376,0.6387541,0.2855646,0.9008452,0.23875162,1.3827288,0.10355902,0.053996857,0.08117504,0.33609745,1.7705003,1.8967631,0.4188184,1.6412752,0.15908068,0.4214094,0.54328597,0.65069056,0.6157425,0.5035716,0.951239,0.08163463,1.0448465,0.42794028,0.07635429,0.317596,0.2032388,0.14538667,0.4271644,0.26479462,0.77267313,0.13288167,0.47848734,2.1706445,0.40011472,0.0889785,0.226968,0.98780274,0.2963821,0.28039753,0.11525819,1.1006626,0.20425683,0.9101589,0.983492,0.22513828,0.10603492,0.69718945,0.015543649,1.0867581,0.4795494,0.41165403,0.8341126,0.14095666,0.7253292,1.0338641,0.037715897,1.6296363,0.39270464,0.052346043,0.24080876,0.44112155,0.07681318,0.7607824,0.39578962,1.5134803,0.4855089,0.22607137,0.07199473,0.23485535,0.07041928,0.16989085,0.35981548,0.10630658,0.054244902,1.0068028,0.2868105,0.24133885,4.7849445,0.14684963,0.015269494,0.21964298,0.025267731,0.3474724,0.003638495,1.0220809,0.5528204,1.078709,2.194858,0.46376503,0.2449184,0.27785644,0.1843908,0.65406543,0.4709505,0.018513326,0.29886505,1.4652921,0.44515547,0.20345193,0.033930413,0.023301309,0.44129014,0.64593303,1.9117422,0.73058623,0.33487713,0.29470122,0.73209083,0.5661026,0.20733605,0.11477918,0.008349772,1.2030209,0.00025163576,0.7693612,1.2910273,1.0741887,0.53768575,0.2897335,0.30428734,0.014702729,0.6074527,0.30024588,0.30659732,1.3130121,0.31304705,0.45814177,1.508986,0.09506745,0.29040813,0.025920682,0.4151275,4.7895784,0.5136786,0.0,0.29473108,0.31372568,0.47293657,0.22347088,0.37669575,3.0807314,1.1012201,0.093042955,0.4876108,0.44732684,1.0506134,1.6625907,0.28327408,0.13662225,0.10064628,0.03014212,0.24165995,1.2843084,0.82528496,0.6527424,0.77396,1.0821515,0.58559704,2.9218812,0.04966895,0.18209878,0.057319246,0.24656115,0.44892922,1.3172795,0.07221829,0.18882148,0.2792132,0.9791896,0.45550972,1.8364133,0.06636233,0.10980194,0.5212648,0.03695444,0.16727564,0.69613934,0.44161248,0.47397295,1.2914834,0.24020712,0.34587866,0.46570045,0.0,0.32262102,0.5955748,0.6630607,0.37056202,0.14058667,0.043737873,0.33292037,0.19738178,0.004042969,0.039423842,0.685769,1.0592304,0.0778253,0.254414,0.77918446,0.67145765,0.27133858,0.18356103,0.57344687,1.0364598,0.0136510255,0.21052745,0.12874416,0.5811816,0.15408237,0.036787868,0.09134089,1.3164072,3.2224042,0.6600187,1.5355592,0.47902265,0.028090166,1.9547462,1.3287444,1.1139022,0.053439848,0.5329735,0.012926532,0.07233836,0.098974586,0.3637637,0.116071954,0.046350285,2.3382983,1.4234183,0.06473287,0.8475312,0.54988486,0.13151248,0.295884,1.1846737,0.14506224,0.72865343,0.06573823,0.40930462,0.41795582,0.26328862,0.004021514,0.12696214,0.62631136,0.5621208,0.048392437,0.40367997,1.0431942,0.083281964,0.6823125,0.79613507,1.530115,0.32691154,0.48227262,1.6379838,0.30643326,0.48942247,0.43752748,0.088606104,0.16206655,0.42562726,1.2272441,2.6902251,0.6741559,0.3629977,0.102345355,0.21019617,0.78956354,0.7826004,0.01981435,0.13892955,0.008385933,0.42629153,1.4741528,0.66153854,0.6689196,0.71482605,1.0625153,0.600479,1.3122214,0.34857595,0.39080733,0.5655878,1.5422033,0.554408,0.6054928,0.56670654,1.6011436,0.1136522,0.6725373,0.3171289,0.3165175,1.1799073,0.613749,0.12229762,0.8366492,0.7228636,0.87459475,0.49293467,0.2949996,0.26186016,0.46535125,0.0029998177,0.1489565,0.13482791,0.4927305,0.5540912,0.3401226,2.0536625,0.6122832,0.25785235,0.06657931,0.15143032,0.43095532,0.2705766,0.32800972,0.0124475155,0.5451366,1.4092112,0.042681407,0.06431981,0.064744465,0.052303974,0.43569228,0.04586605,0.03607845,0.60165477,0.1566513,2.2293122,0.038116075,0.9629881,0.024729641,0.40900725,0.14989483,0.66611713,0.5885821,0.14002487,0.042806555,0.27612856,all_pothole_images\pothole_images_enhanced_89764cc02cc37cb7fbd71580ccaef504.jpg
1.7071925,1.2470489,0.32479075,2.0997612,0.107229896,0.18365033,0.38834527,0.12209285,0.11312287,0.50323236,1.5908477,0.12160927,0.29357228,2.8460796,0.28486505,0.44853413,0.03031683,0.3189588,0.77546525,0.080468394,1.6401021,0.3738355,1.8650763,3.4364836,1.1333798,0.31871408,1.0013173,1.1712373,0.33180112,0.35135093,1.2423176,0.4234397,0.24864903,1.7187451,0.13563646,0.30797246,0.5715012,0.9910323,1.0441518,0.15301928,0.14734808,0.43886074,0.5017963,0.4306617,0.24926895,0.46866596,0.20314854,0.6275487,0.60078114,0.34495303,0.2686252,0.22067893,0.8988339,0.07636677,0.30779266,0.6062047,1.1110438,0.03626503,0.24465975,0.3304811,0.0,0.72875494,0.31502113,0.6691031,1.7263763,1.2183527,0.515929,0.13818197,0.12060029,0.30033842,0.48657462,0.2364488,0.29067916,0.3620395,0.06847594,0.7183571,0.24864213,0.13933241,0.101082616,0.07078832,0.22038983,0.08645042,0.71590436,1.2460061,0.16978653,0.2738682,0.07169405,0.3920862,2.634407,0.12812723,1.4703543,0.37015432,0.19492283,0.21922088,0.37151584,0.40858454,1.266708,0.8352642,0.2085153,0.3729169,0.020990783,1.5681509,0.06085161,0.25288364,2.4025555,0.6832397,0.63919777,0.07551823,0.72426414,1.309192,0.12777726,0.4722381,1.1168078,1.8018358,0.28739163,0.839822,0.43273738,0.17924888,0.9548897,0.7312462,1.9715073,0.3467826,0.42891648,0.66952014,0.098071985,0.58705455,0.18527693,0.35151672,0.3179395,0.75406796,0.6339302,0.043054532,0.0455671,0.34347168,0.08727984,0.25094032,0.5359399,0.7674684,0.52267694,0.2357473,1.1546549,0.007829704,0.8981177,1.2512122,0.102812655,0.8736244,0.09912362,0.6232995,0.098658524,0.22415574,0.08330915,1.6412207,0.5107044,0.037400972,1.5257697,1.2166941,0.4227769,0.632983,1.0209864,0.73400986,2.7288258,1.2288355,0.28794247,0.9820239,0.9562524,0.14313672,0.24312854,0.48860577,1.5938812,2.5175235,0.13398382,0.13670842,0.21613738,0.036579456,0.34562507,0.9333428,0.7952746,0.07384027,0.15396181,0.4867817,0.057551913,3.9329627,0.8391322,1.5650332,2.8339086,0.29126716,0.6806313,0.7545734,1.6191657,0.5652364,0.28398284,0.7011551,0.80762064,1.3175737,0.5213773,0.35656092,0.77084136,1.5147192,1.0502648,0.37619123,0.2985213,1.4571987,0.25791502,0.47985628,0.22429766,0.6817436,0.865071,0.014486307,1.3998003,0.6946938,0.06037924,0.26424292,0.3100809,0.3767934,0.6926814,0.47134936,1.1851155,0.79512966,0.6776692,0.0,0.53461987,0.0072385776,1.9226942,0.21895252,0.17000023,0.17660487,2.5115566,0.12553705,1.951612,0.41458452,0.3314535,0.34578902,0.21998695,1.5582789,0.09976895,0.23035915,1.6764314,0.8044984,0.5663502,0.43333146,0.08204662,0.098863155,0.25530884,0.22529812,0.37264696,0.0,1.0573152,0.2822811,1.0301987,5.4385037,0.58704126,0.5438478,0.11394836,0.011892669,0.32352862,0.66506207,0.5901708,1.1309992,0.17819183,2.937152,1.1397842,0.5884312,0.69551736,0.92674583,0.43989936,1.08925,0.643046,0.93964905,1.3856411,0.7135882,0.398743,0.08638917,1.4516314,1.1228659,1.1082501,1.0329363,0.43695086,0.29969615,0.42758352,0.059747957,0.04993588,0.36097342,1.2738835,0.00051828905,0.32512867,0.4524694,0.41116643,0.91919994,0.787113,0.008615042,0.043744106,0.078719676,0.14829959,1.0633628,0.79745615,0.46055585,0.73812646,0.06645442,0.26799917,2.644226,1.3870484,0.838981,0.0007613377,0.031594563,3.462231,0.48332062,0.0,0.33335686,0.012347493,0.030924276,0.2642795,1.5485069,2.8863602,2.2691696,0.31987327,0.34263122,0.13363115,1.7974609,2.093323,0.56215155,1.1050978,0.016317876,0.51940656,0.5654676,0.42852306,0.30998725,0.37746522,0.33082852,0.2685873,0.3689465,1.8114054,0.5194111,0.00652411,0.04889712,0.5118579,0.21467777,1.7590472,0.39962924,1.2593637,0.8748671,0.47726917,0.90371567,1.7928843,1.1743921,0.48419282,0.13570908,0.72826314,0.508748,0.21841234,0.2554549,0.3336032,0.44899014,0.04156774,0.15963481,0.44301477,0.45716235,0.30375266,0.7687529,0.3442592,0.84966135,1.628765,0.38195488,0.17119816,0.83042765,0.0,0.02292293,0.9474994,0.24918954,1.1332366,0.36216894,0.5725034,0.92557913,0.5662526,0.5730305,0.8101446,0.7820386,0.39115804,0.38733894,0.88473153,1.5723643,0.9384636,0.0,0.28801218,0.42357868,1.9332685,0.95515287,0.87320846,0.55142146,0.103346206,1.0382276,0.0725356,0.9893248,0.021263164,0.58596194,0.1786963,0.846713,0.5421025,2.1079512,1.1653565,0.095283896,0.36096677,2.434141,1.1715937,0.5506657,0.8537865,0.22137432,0.81099904,0.37758893,0.18629782,0.6503649,0.051934153,0.30944195,0.2762744,0.3450635,0.045562193,0.4927238,0.49146515,1.4265238,0.013301473,0.0,0.8299344,0.107355304,0.85988337,1.1950305,2.0350676,0.29397678,2.7133062,0.47980028,0.73404753,0.15644811,0.035299424,0.7980413,1.0540982,0.26819256,0.047532294,1.8689077,0.4592569,1.3906764,0.1367983,0.083619,3.3183088,0.7738269,0.45570666,0.15378281,0.11922634,0.13896331,0.49825773,0.84827155,0.8425035,1.6126018,1.2989124,0.31990266,0.6557108,1.5598724,0.106308855,1.1536443,1.4370006,0.012382831,0.23021846,1.598573,1.8762118,1.0354123,1.1726931,0.42348522,0.52160364,0.24791025,0.102099195,0.028067805,0.057727043,0.23802955,0.71533465,0.021430023,0.35281575,0.16458005,1.5719284,0.3558056,0.73240584,0.95992774,0.20047727,0.501058,0.6070977,1.6659683,1.5500647,1.0184627,0.59679574,0.5386477,0.16747057,0.023062684,1.4037064,0.044673745,0.2894533,1.0064396,0.007789652,0.5046905,0.06056905,0.31684852,0.22408919,0.0,0.44197303,0.12200048,0.6323108,2.794036,0.60544837,0.52775246,0.21313357,0.44682112,0.8865263,1.3092072,0.20491709,1.5714732,0.2205778,0.5461362,all_pothole_images\pothole_images_enhanced_8995a2c97b7b5438857ab02609854e52.jpg
0.20384617,1.7654358,0.20300797,2.1968095,0.3545427,0.29112074,1.045357,0.15444094,0.34921372,0.6734797,0.17522284,1.0440186,0.5796113,1.3040311,0.0312796,0.13912794,0.24009918,0.22285686,1.1188786,0.10475149,0.79277736,3.830513,0.15383606,0.6977189,1.5411735,1.5776753,0.21279745,2.502098,0.28714,0.39700374,0.5424813,0.303361,0.633559,0.71024793,0.93069667,0.37980017,0.69474876,2.1446228,0.3611042,0.7719299,0.0,0.0,0.1309602,0.84855,1.5208002,0.26534945,0.03146673,0.0,0.42976728,0.5532945,0.60636526,0.0,0.13501036,0.25617248,0.14471991,2.817079,1.3135986,0.086883895,0.36434224,0.4762627,0.70992464,0.27735755,0.64249504,0.114382334,0.30313554,1.4607081,1.0462176,0.63291615,0.18967573,1.656469,0.6875395,0.21283764,0.24880105,0.5191135,0.33519644,0.7832939,0.11711495,0.17473337,0.07854257,0.04113754,0.15548883,0.7647685,0.0068820207,2.4599655,0.850525,0.18907797,0.596399,0.17865469,2.5864415,0.38704273,0.15571606,1.3349158,0.07675738,0.6678346,0.08146844,0.30947748,0.6282111,0.34852618,0.9313552,0.6969332,0.21628965,1.2844003,1.0098081,0.19336326,0.02290554,0.44733217,0.45773393,0.06696834,0.1439201,0.2633533,0.1019805,1.7997401,0.6257847,0.1152057,1.8029579,0.2082655,0.8628484,0.46701413,0.529889,0.52655447,3.2542949,0.2608675,0.18811013,1.6162102,0.39869478,1.4554876,1.3910016,0.08639981,1.3593268,0.19729495,1.0589978,0.06874688,0.4688474,0.16588265,0.3524349,0.31585592,0.30946934,1.2996228,1.5447179,0.6979925,1.0487565,0.12901948,0.0,0.88825464,0.6132414,1.3028518,0.21365122,0.0,0.42740875,0.14354187,0.30725178,1.3544769,0.0,0.0131887365,1.7348751,0.3441419,0.56554973,0.19929759,0.4855376,0.7813465,1.4459238,0.5710794,0.15553015,3.4572933,0.012843991,0.32522652,0.47583848,0.36966285,2.1745324,0.52551675,0.4530035,0.0071397508,0.2590323,0.31609043,0.39862612,0.078043655,0.37929106,0.0092809135,0.30560157,0.06966205,0.007760005,1.3950536,0.9103305,0.32302064,1.9925659,0.87450343,0.13527294,0.011915705,0.47972813,1.0686662,0.6517997,0.397656,0.026980905,1.2193071,0.08431757,0.97653466,0.13268936,0.030491117,0.078194045,0.40498662,0.20936657,1.4366786,0.74949616,1.0373127,2.4970257,0.095447354,0.11761513,0.21873976,0.43415636,0.099438004,0.4403078,0.15162346,1.0321131,0.16499564,0.8210948,1.0519583,0.59944195,0.12045079,0.4960206,0.29011592,0.8113368,0.13264208,0.23559603,0.22167546,0.0,0.533593,0.52858734,0.26940078,1.1046108,0.5897988,0.2056689,0.15853593,0.5203528,0.56625736,1.0078992,0.31624317,1.5732961,0.21430424,0.0,0.08775998,0.19677673,0.005331189,0.043932773,0.07787785,0.06602802,0.0681435,0.3168963,0.17708436,1.3039119,5.7347236,1.1377854,0.0,0.9549969,0.0982613,0.17527016,0.23257723,1.5171071,0.13335253,0.43657625,1.8805138,0.13988039,0.31416515,0.3298826,0.6174189,0.2722951,0.25919208,0.08671536,0.9364588,0.5746837,0.1641985,0.0,0.008500409,0.11834584,0.324874,1.0891063,1.3523724,0.23488286,0.49429336,0.27335054,0.82084143,1.0662675,0.12173111,0.23404907,0.30911937,0.9751824,0.047930535,0.93758905,0.3255662,1.0806781,0.07730394,0.028726978,0.05083429,8.029551e-05,1.4523829,0.17339051,0.06362339,0.29374406,1.3624619,0.20828547,1.7435415,0.63428634,0.44999304,0.0035865654,0.31277642,5.577706,0.7050758,0.002973707,0.1653643,0.0,0.42317027,0.54717684,0.42745692,2.151132,0.4689296,0.0,0.89614415,0.12244825,1.0228395,2.1791375,0.05136414,0.04818006,0.0683239,0.156674,0.114413165,0.9940266,1.4656448,1.4556011,1.0067117,0.62459856,0.17289393,2.906473,0.1740677,1.1623262,0.0018777688,0.20212811,0.34150243,0.9826308,0.6639783,0.05756816,0.105322294,0.7270877,0.49490806,1.6097733,0.43085137,0.60594124,0.20076488,0.19676083,0.55745196,0.124918394,1.1478454,1.6265433,1.1701255,0.053313196,0.37088984,0.2010034,0.048687346,0.86870307,2.0707083,0.51788986,0.19235589,0.0,0.051467974,0.34502423,0.3347429,0.0,0.1877414,2.885762,1.5047314,0.12493925,0.14416859,1.1304051,0.6516275,0.1936823,0.6823045,0.07809415,0.4985694,0.12980644,0.440744,0.59685105,0.20459062,0.076864876,0.00023002084,1.1781119,0.50970775,4.333203,2.04151,1.7774711,0.15634862,0.017274937,3.1276057,1.3180789,0.004957796,0.07598885,0.22973411,0.03790802,0.02310427,1.2694013,0.22919144,0.1695659,0.34697247,3.3374796,0.6206425,0.12156418,0.5091582,0.24121185,0.22480322,0.35481107,0.6885031,0.6007788,0.1780666,0.1426814,0.8770921,0.45110148,0.31420326,0.23353006,0.4162735,0.45674056,0.015804967,0.013758812,1.1350093,1.9730943,0.06820368,1.6420778,1.3076632,2.072794,1.3294451,0.62380207,1.0950803,0.3513199,0.18133809,0.959655,0.1705571,0.016566256,1.1144973,0.39068353,2.8046417,1.1904645,1.3395376,0.38101858,0.3436189,0.319499,0.0,0.18869224,1.1942552,0.113696456,0.064710185,1.3587565,0.7571033,0.34895962,1.5708648,1.0410894,0.12953685,1.2471962,0.01309676,1.8455231,0.12822418,0.7309939,0.7679514,0.53989065,1.1039779,1.1765367,0.22614199,0.371025,0.58154005,1.0350493,0.61035764,0.10833168,0.08627809,1.169087,1.3815095,0.15724176,0.57097644,0.089298606,0.29564518,0.45276827,0.050462645,0.45354918,1.053419,1.7151536,0.013321445,0.033786867,3.0614972,0.35410404,0.9318832,0.0,0.04061954,1.2048053,0.19919911,0.027226837,0.15720284,0.47463727,0.445311,0.04056937,0.008168557,0.0,0.061030943,0.06059399,0.06052672,0.57459664,0.0055336813,0.5816348,4.952046,0.8116885,0.26360744,0.8096254,0.31947938,0.11120336,0.46845138,0.3608587,0.11530616,0.7180614,0.097975776,all_pothole_images\pothole_images_enhanced_89a12ea7b1c7160ef4fca58e83fb01ee.jpg
0.37645027,1.2483664,0.06868016,1.8877392,0.6845447,1.1671292,1.0407251,0.10322868,0.005792854,0.70034087,0.8932973,0.7286439,0.20173723,1.9720391,0.08821913,1.0695629,0.06678768,2.1538422,0.05666685,0.7820696,1.4782724,0.34314325,2.5156717,2.6851187,1.1979736,0.21787675,0.049554173,1.7078956,0.49663746,0.0319038,0.6869315,0.073137455,0.4952673,1.0451815,0.30776507,1.4660743,0.5275393,0.4607135,0.06900515,0.4539102,0.41005123,1.2884941,0.9610251,0.881616,0.40089747,1.3315696,0.4924102,0.12152869,0.084951475,0.7637651,0.69002986,0.5221221,0.7823189,0.17520967,0.040725246,0.76738405,1.6453819,0.24267624,0.9350502,1.8748685,0.6568129,0.42139792,1.2133254,0.9294002,1.2854165,0.69697773,0.7122412,0.9480441,0.20708147,0.5515185,0.7661083,0.23673008,0.5457312,0.048480075,0.9515759,0.908932,0.8584157,0.5212039,0.0,0.17623554,0.37892264,0.5843114,0.53458756,0.13787441,0.42416054,0.4251995,0.046205092,0.14757292,1.5007402,0.43900824,0.004551065,1.2247101,0.18757185,0.196064,0.99630624,0.42012724,0.9476978,0.16976626,0.17245956,0.9153995,0.1778521,3.11598,0.58000267,0.006018566,2.1829426,0.7224965,0.059156474,2.0631347,0.17227592,0.7173059,0.28549668,0.984784,0.5579413,1.9001044,0.8652825,0.040598255,0.070686,0.12439378,1.3299406,0.72408855,1.6217356,0.44805297,0.21933621,1.4155738,0.54984564,0.530662,0.046891436,0.15647423,0.34650606,0.28352553,0.8132732,0.16704209,0.9605266,0.19865334,0.14430776,1.6887299,0.41445416,0.26984155,0.24460019,0.0076444843,1.0407645,0.52330065,1.1627916,2.4133525,0.18792798,0.7691125,0.18246764,0.90571123,0.25194097,0.12928124,0.549811,0.030046321,0.4548324,0.07783727,0.61744094,0.38419387,0.22147816,0.16876903,0.2972049,1.3629903,1.6436387,0.7644596,0.05087518,1.8460444,1.2450105,0.6223928,2.755846,0.3761247,2.2032928,1.220829,0.17834385,0.20992255,0.18696888,0.51604086,0.22483031,0.7402412,1.3692698,0.27715617,0.46794733,0.3938657,0.20208241,1.4200487,1.4332217,1.5372075,0.46092927,0.13203655,0.38399276,0.5437707,0.21336822,0.8039541,0.4346719,0.084907494,0.16469379,0.9524637,1.4978878,0.8869226,1.6530737,0.82408124,0.32701218,0.2272339,0.30674854,1.1300558,2.1516964,0.017831825,0.2244294,0.14764972,0.66650045,0.23861215,1.3639126,2.7236757,0.05503709,0.33870444,0.37180126,1.1259006,1.078706,1.5430223,0.7827439,0.5763242,3.9548545,0.046179645,1.2782443,0.22189932,0.46735257,0.6778248,0.03266485,0.32880014,0.59000003,0.900842,1.2649609,1.2077568,0.58504564,0.027471721,0.68133426,0.16723193,0.77040184,0.04832818,0.54484415,0.21665993,0.8175768,0.47593892,0.83683544,0.11473734,0.42059442,0.4421069,0.16755061,0.24708755,0.35541755,1.4328461,0.7667773,3.3220482,0.34491324,0.5318125,0.281418,0.0002775034,0.3744703,0.39181098,1.045716,0.50245285,0.79373276,5.869064,0.38031343,0.39778548,0.99857175,0.4613416,0.50969404,0.2257528,0.06321236,0.220274,5.575534,1.0398129,0.09780451,0.020711424,0.2126364,0.56912076,0.20454599,0.7721008,1.5887043,1.6790242,0.98410064,0.72740084,0.42398772,0.58749264,0.034384683,0.5781863,0.9998357,0.007083957,1.029733,0.8895264,0.68681204,0.081350535,1.3071778,1.0960485,0.32326406,0.81041527,0.2061622,0.06173602,0.36132118,0.38650784,0.913738,0.982915,0.86772716,0.32590896,0.29075953,0.22970031,2.9979634,0.18986183,0.0059915413,0.0,0.4462586,1.2096283,0.34502074,0.61619174,2.2463732,1.7076055,0.61544186,1.2153057,0.063009255,0.894157,1.5292497,1.0228746,0.7278212,0.13520631,0.6617738,0.5553775,1.691551,1.4029033,0.04890515,0.28276178,1.2535805,0.8142683,1.4778304,0.3207184,0.010174912,0.080033936,0.022176381,0.48008707,1.0026479,0.0032808962,0.86234653,0.06571328,0.8883897,1.0168086,2.7297673,0.47728005,0.58724654,0.0071443366,0.62702477,0.22323945,0.39305446,0.017794183,0.9560003,0.16384074,0.34120762,0.68684286,0.05733635,0.21715039,0.33401403,0.4627838,0.030770333,0.09405493,1.9556844,1.2550715,0.8482188,0.046559263,0.014290954,0.032622594,1.3571438,0.28953174,0.7523662,0.6153337,0.47906485,0.68995184,0.023285352,1.2141513,0.9723351,1.1910025,0.68890864,0.4557951,0.5926423,0.03110257,0.6240391,0.043114726,0.28911862,1.425124,1.0368606,0.7220436,3.946921,0.19842549,0.55630094,1.2367115,0.17081654,1.4598986,0.001662831,0.14783292,0.07762051,0.67936206,0.35407922,0.27087158,1.822791,0.71731144,0.484608,2.5378945,0.5575462,0.5622541,0.43175942,0.06632981,0.9121531,0.51670015,0.67369306,0.06930884,1.1613042,0.8745896,0.114095755,0.30953068,0.18507864,0.20933056,0.60636747,0.7029498,0.30370268,0.34076086,1.5477729,1.0274733,1.3099879,1.3837041,3.7439468,0.11360134,0.32038563,0.91693425,1.7037954,0.3375299,0.4208054,1.6395097,0.17953609,0.4571836,0.45715743,0.7783381,1.4526423,1.1022509,0.8857414,0.94859314,1.1444355,1.5185229,0.14236341,0.025010625,0.074340865,0.07168156,1.5515655,1.3637367,0.05850493,0.026824169,1.0180743,0.8251777,0.48334736,0.25257415,0.9304605,0.64048475,1.6927019,0.41686773,0.70107734,1.4799811,2.3319943,0.6469021,0.6797381,0.25795636,0.3746823,0.06909303,0.016267663,0.003188005,1.604211,0.48493466,0.40990034,0.42746708,0.4392511,2.0110167e-05,0.20733452,0.028611159,0.9517922,0.54847395,1.118785,0.047271807,0.2185769,0.3488764,0.5899115,1.6599276,0.003498958,0.65862095,1.2037846,0.15662308,0.77752155,0.0,1.6133753,0.49388576,0.030428894,0.015393517,0.0,0.21468711,0.40625203,0.20173295,0.79429126,0.9463694,0.9947743,3.5338686,0.79311347,0.26185504,0.4299327,0.6937295,0.02604372,0.45519805,0.0,1.4388572,0.0273225,0.58296824,all_pothole_images\pothole_images_enhanced_89f8f2df425d580149c024fea0f858d8.jpg
0.4196687,1.18086,0.36440736,3.2518172,2.2148747,0.1721548,0.82846016,0.055809926,0.40890312,0.37018245,2.3223765,0.4918933,2.3213513,2.8416026,0.50622094,1.6999208,0.21163574,3.229595,1.147524,1.3468838,0.2881264,0.3894638,0.49060318,0.55153835,0.9985328,0.8810182,0.50262743,1.6848841,1.7031455,0.4638745,0.35096383,1.6757021,0.4946025,1.1713679,0.0062649576,1.1824857,0.26530287,1.3265879,0.5393657,0.60858417,0.11270735,0.025790146,0.46868336,1.8704594,0.8510464,0.43681708,1.2818593,0.04713079,1.7174332,0.2860924,0.9282727,0.48793682,0.3804029,0.5525274,0.27788392,2.6930816,1.4062455,0.8877005,2.0448923,0.8498198,1.5434957,0.97947246,1.8025546,0.68461686,0.7433769,1.5431366,1.5054501,2.9605513,0.05004552,2.9017212,0.55655366,0.037802525,0.65077525,1.166063,0.47451502,0.47526884,1.2902751,0.65826416,0.2338809,1.0941316,0.15741687,0.025111595,0.6115667,1.2492574,0.15231708,1.0757238,0.975857,0.00891337,2.4815757,0.52434033,0.15790555,0.7500227,0.3527756,1.1967511,0.6446425,0.57203245,0.49414155,1.5500562,0.6763731,1.2275783,0.4589948,1.5685817,1.4266278,0.79158986,1.7174349,0.051784515,1.656725,0.4635472,0.79184026,1.2627342,2.2557073,1.5880015,0.110582575,0.62923795,0.993736,1.1262656,0.6705755,2.2222302,1.9875249,1.488681,1.4088013,0.11818231,0.40667653,0.90559673,2.0721684,2.4260533,0.70581484,0.62524384,0.69358677,0.62541574,1.3680032,0.23082156,1.5179387,0.4343267,0.21967666,0.98636174,1.0295732,1.1550729,0.34189326,0.3436115,1.798844,0.5439238,0.98183686,0.47308254,1.0055902,1.3481822,0.016518503,1.0607929,0.52045816,1.3167895,2.1543272,2.0480068,1.8265173,0.8105836,0.44631556,0.49425188,0.65835863,2.191989,1.1171745,0.54646343,1.3527882,2.653661,0.025052303,0.8556459,0.63194954,0.12518051,0.8630437,1.6787397,1.1042439,1.5054517,1.0572913,0.5420109,0.21103771,2.2627442,1.0454905,0.36674818,0.5883782,0.6829136,0.63258946,0.23083346,0.65062916,2.3026958,3.3143535,1.3052971,0.66668737,0.6766607,0.94217056,0.19971156,1.1285942,2.6130803,0.7980236,0.2499724,0.16644923,1.0734335,0.024406299,0.3470225,3.2748055,0.43981794,0.4584408,0.26240832,1.1923263,2.8322105,1.1230344,0.3674215,0.8690685,0.19319694,1.2529871,1.3793683,0.86518544,1.0196973,0.25832638,0.342777,0.95947635,0.08538825,4.331845,2.0997617,1.9412045,2.5064936,2.092268,0.191569,1.1518998,0.51840293,0.5358023,0.42647275,0.17764328,0.6397821,1.1264821,4.048097,0.7845494,0.5751232,0.20482728,0.97860247,1.5346197,0.3704254,0.5141523,0.056055453,1.528972,1.4109563,0.052711856,0.8690801,1.5806147,0.06765452,0.6225324,0.35390535,0.07889466,0.14476816,0.46280885,0.25865,2.4875827,4.8629913,2.7690098,0.25004503,0.1412443,0.11807392,0.473995,1.676519,1.0668876,1.1355101,0.6068564,2.3350873,0.8192794,0.7058552,0.70128256,1.0041374,0.25570557,1.6935887,2.3053017,0.2607538,0.50562537,0.014467096,0.0812956,0.2744067,1.2281979,0.4359748,1.9816449,1.6451957,0.02577691,1.002893,1.6157376,1.7161977,2.1900952,0.62764513,0.7679087,1.6819997,1.4461778,0.694427,0.4692128,0.5819352,2.3584478,1.9015509,0.6395279,0.62529254,2.637144,0.82240736,1.1876243,0.5468441,0.26602897,1.2697581,0.31185356,1.5174199,0.88610774,0.57571995,1.7600826,0.91782534,3.949633,0.27470985,0.28809446,0.48707408,0.9172507,1.0735524,3.1661732,3.0617564,3.5317602,0.8020899,2.0177722,1.3050717,1.6774594,1.1626476,5.330196,0.18432975,0.48256308,1.1061225,1.1659646,1.0034021,1.2795023,0.8675635,0.9409726,0.0056152665,0.19246979,0.26837182,1.2015799,0.46543226,2.1494284,1.7865514,0.39705992,0.14600629,2.324714,0.9751222,0.8718117,0.884805,0.15922801,0.54145974,0.43135858,1.2507267,0.36880633,0.051492784,1.400504,0.74104434,0.064509176,0.77614605,2.7346795,0.68376803,1.600857,0.15528716,0.08352227,0.65369576,0.15061639,2.332716,0.89369047,1.3378443,1.0903969,1.6768932,1.3585725,0.29405618,0.020840924,0.20663407,2.1587372,0.8655755,2.3968418,1.0138336,2.0072603,0.71200216,2.026121,1.8337092,0.74407655,1.7175928,0.12855059,1.1152132,0.6626003,0.3541266,1.6098847,0.09051536,1.0887975,0.2674731,2.329899,0.84773946,2.265564,0.14157058,0.5357914,1.5928828,0.19218047,0.830332,1.1545858,0.087554656,0.46071056,0.406301,0.69109964,0.3704132,2.1536374,0.643951,0.2924076,0.6918262,1.8147355,1.1439002,0.9969462,0.41662472,0.17942788,0.91716516,0.06411753,0.08958317,2.9862735,1.8751912,0.79902476,0.20235583,1.1800714,0.66676354,1.2724665,0.5514602,0.8197602,0.0027755534,0.48607317,1.4739625,0.33331427,2.6838932,2.0369606,0.8245985,1.021688,0.0027540445,0.8960993,0.8266216,0.9076105,0.61310714,1.5423,0.59375274,0.24544363,2.055469,0.46428987,0.44277382,0.25145206,0.2828088,1.6126533,1.6983877,0.08488986,0.90887374,0.25769207,0.38201413,0.5697265,1.6187286,0.2987934,0.32473907,2.8430898,0.81558126,0.41987103,0.9114245,1.9575908,1.8985207,1.3945905,0.17405981,0.4758295,3.1913977,2.1512382,0.001256003,2.002994,0.5366014,1.2404828,0.6734622,0.61550426,0.03524092,3.3189716,2.2502196,0.70725507,1.1411247,0.29054487,0.5492168,0.16559927,2.3845022,0.71018904,1.5519048,1.0217329,0.1536335,0.87636566,1.6208177,0.5432079,1.6893078,0.0,1.7830231,1.6569048,1.2302233,1.3322972,1.4301742,0.76017606,0.6920136,0.31438088,1.3232982,1.365553,0.70161766,0.04006227,0.23510565,1.0956842,0.2935306,1.0638596,4.3817835,0.21330136,0.6764919,1.5878044,0.21148477,1.0322642,0.69334763,0.33603826,0.735325,0.12378017,1.3730688,all_pothole_images\pothole_images_enhanced_8a04a663b107efdd4452165b62bfdc56.jpg
0.10521692,1.8164866,0.38568535,1.6353287,1.3033957,0.059788857,0.38782278,0.11907496,0.00315731,0.5208542,0.35650074,0.7291967,0.4693969,0.32939568,0.1496498,0.40536413,0.31287476,1.3195168,0.67500407,0.07280067,0.01166533,1.599576,0.66987747,2.424655,0.10430614,0.16625412,0.31335887,0.18889268,0.057128195,0.7170044,0.6558626,0.23827524,1.0653971,1.7963048,0.7329576,0.45191053,0.15786268,1.3901626,0.13391711,0.077244915,0.0012479058,0.005163104,0.0021465314,0.9436529,1.2796683,0.5636132,0.30868343,0.01635363,0.6689708,0.9695137,0.4879626,0.8451796,0.40244383,0.00028179766,0.0,0.57474846,0.7038895,0.38294014,0.55008984,0.0,0.011334217,0.2970068,0.5954155,0.37609667,0.2306442,0.68911695,0.21945804,0.43875924,1.1061181,0.28474998,0.2652913,0.4606933,0.28736526,0.122506276,0.17026794,0.33238328,0.034641165,0.12301655,0.016978014,0.31506062,0.3532589,0.10598619,0.9010325,0.22366372,1.2685359,0.67020875,0.29694834,0.3742838,1.6023504,0.2490619,0.041528672,0.22015151,0.39912608,0.8301505,0.18678221,0.3969062,2.126571,0.78032136,0.087054834,0.11032808,0.33207905,1.1428076,0.81299555,0.3910068,0.5614528,0.46229485,0.0656975,0.39225876,0.056248665,0.76581806,0.0,1.0475231,0.5152319,1.3956009,0.44201663,0.73175484,2.2489989,0.0,0.806294,1.0871974,1.3699398,0.70729756,0.6432604,0.44202447,0.38364753,0.7761923,0.09560223,0.34837508,0.92531115,0.29499677,0.7388288,0.09768385,0.5556308,0.12059107,0.053205743,0.8544459,0.109800674,0.6381471,0.88158584,0.20909919,1.7482843,0.004469715,0.11773635,2.1072488,1.1085202,0.18894444,0.22421603,0.9521892,0.46703672,0.24550192,0.60254365,0.17237647,0.0,0.0,0.8700948,0.38485175,1.2184478,0.05044395,1.6495821,0.45736817,3.070677,0.68290925,0.032604534,2.1394496,0.9177556,0.17319675,0.6352071,0.06071022,0.72982585,0.25251305,0.43116713,0.12159497,0.011146381,0.0,0.68312585,0.24677327,0.9759631,0.0,0.9337496,0.4339225,0.01089408,1.1212358,1.3457292,0.86796796,3.6561415,0.54267156,0.060387406,0.0069370745,0.42514905,1.0539721,0.89074254,0.06781451,0.12469706,1.8463613,0.04416614,0.16115484,0.52021366,0.44692907,0.32520974,0.4555341,0.25857028,0.8495251,0.96075094,0.7871508,1.0495622,1.1422482,1.2217538,0.45266908,1.0851792,0.737521,0.0,0.4615504,0.08115344,0.123269096,0.49160832,0.7342883,0.6288855,0.005472157,0.48467705,0.08538746,0.8438602,1.0300653,0.96518457,0.04267741,0.045933966,0.21297228,0.72814715,0.5377679,0.064499214,0.43353698,0.2739374,0.079576604,0.5023745,0.10038488,1.0025414,0.035515964,0.53828883,0.2309273,0.36035785,0.4491651,0.89832157,0.314985,0.22541228,0.009314251,0.2436018,0.27169713,1.5503248,0.30273142,1.7267586,2.5038555,1.5535691,0.011529112,0.71846515,0.0028842501,0.08405876,0.77876234,0.31249428,0.5506839,0.06353411,1.729953,0.2846356,0.06265946,0.01932402,1.5608627,0.3972309,0.7717413,0.58388394,0.83859515,0.97891665,0.50240916,0.046221875,0.3460535,0.38981247,1.5117097,0.36489823,1.174515,0.25556904,0.31593347,0.32891035,0.9766969,0.27579784,0.573702,0.7095032,0.05714613,0.8883013,0.07020723,0.038215548,0.17139894,0.8675514,0.108708665,1.1993065,0.045681667,0.27360862,1.454416,0.0125403665,0.22796763,0.9454576,2.789728,0.34510306,0.03362316,0.20138477,0.36842108,0.16282363,0.11878594,3.4470947,0.47460938,0.0,0.57607126,0.0,0.1659396,0.3325989,1.7856956,3.7401533,1.738175,0.6220153,0.7390941,0.23246932,0.050960675,2.9906437,0.14988144,0.76129997,0.21127306,0.16140601,0.25420454,0.7933843,0.07042784,0.23109286,0.021338338,0.5471092,0.0005400091,5.1298814,0.7162807,1.0934175,0.0,0.032400277,0.114725776,0.7074692,0.014882625,0.42114374,0.36238346,0.28855705,0.6833957,0.69191283,0.2568287,0.26329628,0.6012729,0.28268936,0.46643773,0.08934819,0.43028364,0.3481662,1.0270697,0.4949278,0.04657282,0.14149588,0.1834561,0.037102737,1.0965296,0.21119267,0.58228564,0.7569187,1.3116318,1.1832782,0.043845862,0.021625886,0.0,1.2373152,0.59613013,0.48911527,0.07020196,0.9524361,0.13659017,0.23634645,0.26442394,1.4323374,0.1922462,0.13930055,1.4249213,0.40684375,0.9053167,0.991494,0.014476145,0.089379564,1.7802416,4.64324,1.2360983,0.867249,0.121772744,0.46296293,0.5210581,0.75978214,0.97839487,0.5966168,0.041621942,0.40555274,0.0,0.6635943,0.38864166,1.4754508,0.78445363,3.5543222,1.2031124,0.5333913,1.044078,0.0052950503,0.0,0.63373524,1.569303,0.0088978205,0.02959764,0.4670835,1.7595996,0.13894074,0.3189496,0.01363508,0.77514905,0.9252808,0.113500565,0.33311272,0.0,0.5238917,0.45113692,1.5910622,1.6732261,2.3922303,0.6920633,0.55221194,1.7176841,0.25793946,0.40100694,0.63454515,1.0109323,0.16117175,0.8985914,0.09330041,1.293036,0.43723592,0.28787923,0.47139606,1.0822124,1.0127028,0.24216934,0.64245737,1.7494483,1.3479464,0.33173144,1.6560746,0.14281593,0.027271755,0.79281014,1.6176535,0.32677373,0.122349754,0.5668883,0.35998604,0.94257635,0.84891367,0.36171836,0.68028975,1.3414557,1.2869331,1.481369,1.3594915,0.26749665,0.21511751,0.023111688,0.087217614,0.0,0.6412004,1.2882085,1.0778662,0.9241893,0.04733524,0.3612445,1.376049,0.32506886,0.51458776,1.0971144,0.25162026,0.07962018,0.3044976,2.0501087,0.26465544,0.66463405,0.008929321,0.10886334,0.7228847,0.5037224,0.71456075,0.0021397995,0.25693172,0.35483336,0.32114428,0.0051458143,0.6359618,0.27154353,0.010250067,0.10194759,0.74376905,0.6482402,0.633639,3.4925642,0.6730513,0.10407057,0.26732457,1.0975647,0.011010523,0.27647188,0.17144775,0.6056114,0.18645722,0.12638384,all_pothole_images\pothole_images_enhanced_8a182cdec3be04263c717fc05f01740e.jpg
0.21816427,0.65240663,0.093347386,0.7211597,0.11483492,0.20286377,0.1766116,0.010978056,0.0,0.39223123,0.028102346,0.20240393,0.06442693,1.3095787,0.19727309,0.0,0.4091189,0.9095338,0.39890227,0.17771526,0.32886848,2.3879082,0.0019275278,0.0,0.82058996,0.69099045,0.8201913,2.0902221,0.28052977,0.39508086,1.2703124,0.0032499922,0.7141391,0.041191038,0.06915561,0.75695175,0.04405646,1.207698,0.041388415,0.10042487,0.0,0.13717355,0.09779133,4.328028,0.7945734,0.016507296,0.07295125,0.004965275,0.043577768,0.5882149,0.8309606,0.09258685,0.23537588,0.007882264,0.0,0.1648122,1.496138,0.22912478,0.5206354,0.0,0.08797733,0.032911427,1.4026319,0.14099249,0.37985268,1.4457,0.0835995,0.098317064,0.65950465,0.07714087,0.3487981,0.7655986,0.16104965,0.17594728,0.8977028,0.009580866,0.010092179,1.0729897,0.059125453,0.041906435,0.19940102,0.056321736,0.31321916,2.0131032,0.18211836,0.06059249,0.099817134,0.3252368,1.341896,0.1329557,0.023672393,0.10504656,0.15996192,0.021159124,0.06858925,0.03373631,0.2337206,0.43512478,1.1851127,0.00093194656,0.030255556,0.64911026,0.18941832,0.031148357,0.40378484,0.8380105,0.48447028,0.27750048,0.06310183,0.004292158,0.03114272,0.6619139,0.26601547,0.021785721,1.0058416,0.1936086,2.35209,0.26166493,0.3483439,0.11206854,1.851945,0.009583945,0.310397,0.50097126,0.61341935,0.2504578,0.0,0.32647687,2.9666367,0.11446906,0.029069416,0.0071276245,0.022729484,0.011084169,0.401578,0.4708425,0.035820656,0.21792412,1.1582285,0.18453635,0.3021907,0.024624849,0.72600275,0.17509669,0.0073880325,0.7342397,0.0,0.5117802,0.71709985,0.24529056,0.17458385,0.14137474,0.005301969,0.07892201,0.57664216,0.34185567,0.22189915,0.0,0.29158872,0.07455389,1.2891779,0.703288,0.16841082,2.7058485,0.033766817,0.0,1.3039243,0.8968109,0.20701295,0.016572038,0.0,0.08256751,0.04965773,0.05709531,0.10368463,0.09341038,0.5386764,0.22315232,0.6980988,0.52781254,0.0,1.4039372,2.8934722,0.05108185,1.1913525,0.7296731,0.057448473,0.12362086,0.0035510652,0.07065015,0.055197064,0.058973443,0.09696068,1.7244346,0.0,0.020605765,0.07291609,0.05979064,0.14557904,0.23806247,0.043264516,0.0,0.61090606,1.2960888,0.29390612,0.24215083,0.07316377,0.22676241,0.15243211,0.02693763,0.012465551,0.01912876,0.6247063,0.15550917,0.21473655,0.4511559,0.016417563,0.39905807,0.13954452,0.19635865,0.24327882,0.5639352,0.016520217,0.030609904,0.065601,0.20768829,1.6278126,0.45098284,0.042348955,0.61178243,0.119172744,0.005270533,0.08198814,0.2996699,0.13494177,0.0003327116,1.7457851,0.023394004,0.026611758,0.4212066,0.12125295,0.51615614,0.10432071,0.5047616,0.5762735,0.012556746,1.2840956,0.21089153,0.03582318,2.8470109,2.5716538,0.060041633,0.49903113,0.21074407,0.046623204,1.4016038,0.95183486,0.18968037,0.23431504,1.3606879,0.059298832,0.12990251,0.10034487,0.22993422,0.81474024,0.09309378,0.094469674,0.3573705,0.36801282,0.26119554,0.14289281,0.1637794,0.20235837,0.17365214,0.57390046,0.19595668,0.025386674,0.7754342,0.17987801,0.59744555,3.1528218,0.0029012505,0.020171842,0.31702286,0.7494776,0.3637585,0.89063376,0.1275182,1.4692401,0.017530393,0.016688624,0.002977407,0.41298133,0.3342293,0.034112785,0.109834366,0.044947565,2.7648804,0.45226505,0.74106103,0.8142468,0.6587687,0.068087816,0.0005260201,8.009088,0.47404054,0.0,0.4676467,0.0006177796,0.5750984,0.06239291,0.8019727,1.837033,0.30513477,0.033812836,0.27818367,0.05318187,0.43386537,1.5643967,0.036967754,0.18256962,0.0041963845,0.019695323,0.098871596,0.24457043,0.49853337,1.3097978,0.0,0.021845909,0.2808378,3.751929,0.64738536,0.15281253,0.009856276,0.08940075,0.082374334,0.9429318,0.486606,0.25519976,0.010791915,0.0370669,1.0195514,0.21388216,0.51193905,0.8449011,0.11810676,0.0,0.25938338,0.7348318,0.725633,0.808409,0.32303804,0.46736494,0.47358072,0.20443873,0.1363712,0.2355121,0.47702834,0.07187599,0.29737115,0.008486343,0.0,0.07791486,0.13596044,0.041198146,0.018333105,1.7570364,0.79508394,0.0,0.5225919,1.0509058,0.03817843,0.17294385,0.002039994,0.63135844,0.109444775,0.5763399,7.8694844e-05,0.3472878,0.10187417,0.26218268,0.0,0.166057,0.09141296,4.627467,0.53922415,0.28807345,0.006817814,0.028995601,0.22620007,0.24091977,0.19016097,0.71822315,0.29247162,0.4503492,0.014549927,0.6125615,0.098041125,0.022486068,0.25879464,3.1319168,0.48109746,0.22548988,0.15508072,0.24512707,0.08438267,0.011794667,0.4585779,0.018512577,0.086819306,0.39238122,0.21521701,0.0,0.15936086,5.5997385e-05,0.11801114,0.11561033,0.3741035,0.23953725,0.0,1.6400661,0.03363041,0.67318827,2.4044945,1.8715737,0.809006,0.2593718,0.9473775,0.004390687,0.44682476,0.41549328,0.13470078,0.1976501,0.0,0.15739405,2.2948089,0.37004042,0.13797489,0.13712405,0.39535242,0.3228063,0.096086286,0.5636028,0.7295188,0.75236434,0.101734996,0.7149363,0.089608796,0.26717052,0.042832963,1.9170923,0.21854106,0.07901662,0.5887585,0.18217443,0.31186315,0.0,0.44951174,0.22008295,0.4785996,1.2759503,0.12462316,0.56898224,0.029707512,0.1516194,0.005030482,0.19236758,0.092765294,0.3772091,0.16246563,0.33171746,1.0340617,0.5656512,0.03910855,0.2405161,0.010226301,0.17212835,0.7317721,0.12301557,0.014709153,0.00931389,1.8946109,0.30341873,0.002323529,0.086550616,0.0,0.69633746,0.031057063,1.243842,0.173551,0.5299038,0.16331807,0.0,0.25703302,0.03628714,0.14508918,0.12229935,0.018245721,0.41554484,0.15407422,0.008260172,3.20663,0.20474704,0.2884626,0.25268605,0.8064095,0.19111405,0.0,0.27576482,0.005921601,0.4186164,0.52764404,all_pothole_images\pothole_images_enhanced_8abb19336d1a1f8f995bdb6b81c38cff.jpg
0.07510927,0.7536392,0.14005622,2.2376359,1.0802753,0.031148601,1.07763,0.12546036,0.10372208,1.2950648,0.13326278,0.5014448,0.14293753,1.1299012,0.06612091,0.041214656,0.47934714,0.38290638,1.1401135,0.1548975,0.032317735,2.1918902,0.9181634,0.30657578,0.38376608,0.54358363,0.31343663,0.3271323,0.040082626,1.0312426,0.29875544,0.06625632,0.7353366,0.0,0.020670425,2.2071283,0.58335316,1.5732687,0.4097957,0.085524976,0.014293052,0.057945225,0.012001138,0.28628674,0.09465755,0.1313201,1.2334274,0.003250187,0.35205263,1.0704012,0.6089401,1.2791897,0.7510003,0.66217524,0.0,1.7258146,0.85867953,0.0036697062,0.5154732,0.0,0.43750304,0.0066747875,0.67493767,0.43099228,0.7745013,0.54036134,0.447811,0.32580176,0.52411467,0.9071102,0.5626434,0.027659062,0.08195349,0.30078202,0.58241713,0.14060782,0.07056638,0.79722095,0.4282477,0.5014297,1.31986,0.1979254,0.15019964,1.9530219,1.9188142,0.9520083,0.3753558,0.056151293,0.59783024,0.56745803,0.09385223,0.180924,0.0039308853,0.6665825,0.20328937,0.14895374,0.84834975,0.09331117,0.14263487,0.880286,0.32029697,1.8767505,0.5482486,0.0024787332,0.67580223,0.00570451,0.49806258,0.5931045,0.29597318,0.2385965,0.34182358,0.29630265,1.8027579,0.21554992,0.7445634,0.008606404,1.2524735,0.4089342,1.8280915,0.9396736,0.3247339,0.55137146,0.5647887,0.47114155,0.12792899,0.7168087,2.155817,0.7011574,0.58650005,0.11949145,1.204046,0.0057730502,0.22020315,0.026778506,0.016915793,0.78218436,0.058127962,0.19837508,0.74471664,0.5844882,1.3237098,0.0650126,0.034628063,1.1478573,0.15700181,1.432461,0.0,0.68212175,0.94457275,0.0632314,0.46114454,1.8388118,0.42925265,0.029842267,0.85506874,0.7097397,0.8049167,0.31803173,1.3368185,0.05036633,0.23450696,0.34235135,0.15089634,1.231351,0.65083796,0.7478272,1.3518363,0.56932575,0.44852853,0.13381109,0.4471541,0.047985967,0.26267266,0.31768206,0.31834874,0.0,0.28348556,0.056747265,1.9708426,0.0,0.023812255,0.62564737,0.41964656,0.19106711,1.6440636,0.2164551,0.0,0.58568126,0.2659721,1.6123658,0.97938925,0.06602327,0.0,1.5377351,0.104930684,0.043010138,0.029574554,0.6338168,0.13910887,1.2434251,0.8622226,0.20148662,0.40485293,0.24033223,0.6774671,0.044249143,0.61110675,0.46577555,1.3617436,1.1236554,0.05878025,0.37208703,1.2356966,1.3665097,0.86623085,0.86222976,0.26847884,0.25661385,0.08651218,0.21476208,0.887135,1.5192027,0.27800307,0.0126333255,0.026647316,0.2685613,0.8520869,0.0071324,0.5454454,0.06602405,0.12122203,0.35631928,1.2888297,0.017420655,1.0165026,0.02190146,2.0392387,0.2992269,0.21529245,0.017923824,0.30533695,0.29276237,0.033315044,0.10413292,0.67098033,0.0,0.32661873,0.9627684,0.95619154,3.9145594,1.2823291,0.002256191,0.2845739,0.08091996,0.19693013,1.0912683,1.243386,0.17782901,0.22585855,2.5537834,0.1533565,0.764579,1.029893,0.311833,0.14661273,0.24501827,0.25862357,0.5418449,0.76146466,0.06933741,0.06410457,0.10494373,0.054579567,1.3117329,0.30594215,0.5170184,0.33112034,0.107051104,0.09479147,1.3668203,1.502788,0.091114484,0.52885485,0.27593043,0.0080067925,0.13440348,0.41344088,0.9203692,3.0200307,0.24035807,0.027803674,0.0070253145,0.161903,0.49502158,0.040597346,1.2190531,0.47318414,3.493499,0.0,0.33868656,0.16142479,0.46534634,0.42416662,0.0071915686,7.6344767,1.7471431,0.15835352,0.17412111,0.034121834,0.80626154,1.4989191,2.0241482,1.5655289,0.7232372,0.8197479,0.59139603,0.009408506,1.3005701,1.8103398,0.062135108,0.25468463,0.5322175,0.0,0.37928796,0.19438057,0.29147425,0.6326626,0.008412704,0.66461545,0.018662397,2.0229268,0.51076436,0.23905241,1.0004562,0.08515409,0.64882267,1.5966153,0.47941986,0.20526628,0.019572813,0.907253,1.3320636,0.18455397,0.42237386,0.15305366,0.41577077,0.49356243,0.14178298,0.30961218,0.83667195,1.1527208,0.16388933,1.9089646,0.1153152,0.1971536,0.08395637,0.29511985,2.7296731,1.0474362,0.12346402,0.08687208,0.4061386,0.75929725,0.29386228,0.0055967974,0.12725015,0.2660384,0.0048546838,0.023300737,0.18105729,0.77945054,0.13755156,0.94816697,0.0,0.107815854,0.5931972,1.0344197,0.0,1.0313222,1.0266373,1.0533614,0.0,0.24345596,0.023340665,4.4964333,0.9951231,2.7576663,0.061851952,2.2882576,0.7653324,0.020359641,0.45991236,0.040968347,1.1670158,0.02774234,0.0,0.40593445,0.6787022,0.19174533,0.4652165,2.0869215,0.19311608,0.30137634,1.1091957,0.45157793,0.13908179,0.16500854,0.5601662,0.13595034,0.03816123,0.91481346,0.07897819,0.0015031121,0.16215625,0.011793192,0.22005774,1.6332003,0.48319617,0.6328393,0.0,2.5635076,0.2986392,2.6102462,0.3982863,1.7299013,1.6374742,0.68495417,1.265319,0.4863794,0.3798678,0.14741579,0.9642365,0.034730252,0.8300715,0.45985925,2.3839247,0.9282736,0.1162812,0.031820644,1.2498593,0.16024546,0.6620807,0.2932703,0.37373918,0.9266235,0.023251265,2.0133595,0.006683704,0.035191707,0.8088351,0.4266064,0.26420456,0.3334842,1.3306546,0.28162083,0.99465126,0.93400604,0.13948411,0.03568517,0.078946635,1.8794291,0.12988964,1.4707321,0.3287427,0.3284916,0.1280798,0.0015426241,0.0,0.7635272,0.9112363,0.14405285,1.344542,0.7272985,1.3551618,0.48369247,0.6756944,0.12859912,1.4294586,0.40593785,0.08645687,0.097690836,3.6479535,2.0724657,1.1378058,0.02426234,0.51262397,1.0404863,0.1809172,1.6302618,0.19768587,0.11978971,0.54419625,1.1282376,0.14954922,0.22178908,0.2553651,0.33515185,0.24988683,0.45857102,0.29003528,1.6342088,3.625776,0.4135599,0.1329003,0.6483476,0.22166666,0.22987035,0.8258439,0.3099311,0.0402037,0.44292617,0.2460909,all_pothole_images\pothole_images_enhanced_8bd8f7b9db57750ba94acf57bbe9a7ee.jpg
0.19232403,1.0608423,0.0,2.2742476,0.2032048,0.41203022,1.6044248,0.8422648,0.04110413,0.33672994,0.84876055,0.39256224,0.5663888,0.27093485,0.014789964,0.3546902,0.45356193,2.1979218,1.3964896,0.41910496,0.8517521,1.4835387,0.12851067,0.20134416,0.67321604,0.14406633,1.2037882,1.3448786,1.5678619,0.36512628,0.041449185,0.56069905,1.4120164,0.15930976,0.2067509,1.1973523,0.39410126,0.059502266,0.081535436,0.635833,0.035237867,0.5762438,0.06545087,1.2807884,1.293778,0.2917347,0.104208656,0.0,0.09507561,0.1944106,0.70962775,0.4576368,0.20790336,0.32434195,0.027428098,1.3684306,0.851357,0.36625817,1.4722819,1.3460251,0.34174517,0.28293842,0.41617778,0.69059736,1.0847777,2.6115937,0.28968656,0.2982527,0.46768957,0.34130782,0.15029958,0.7189679,0.0,0.33922097,0.02573403,0.24073806,0.05875206,0.09201606,0.0,0.11269084,0.16773427,0.3240381,0.21474668,1.4978873,0.19274268,0.01761951,0.9115284,0.22338708,0.86859286,0.11009142,0.102902934,0.35356998,0.051222645,0.22982095,0.49643597,0.122408785,0.28425354,0.19484983,0.21114969,0.011322478,0.4171159,3.193262,1.5871629,0.09699914,1.1152674,0.0097176265,0.11008064,0.14801826,0.13514976,0.042313006,0.14926146,0.3597959,1.7159293,0.08659326,0.4902378,0.47095773,0.033010494,0.45634797,1.2853019,0.13678426,0.5476783,0.20756057,0.24707898,0.78909874,0.57774717,0.08734125,0.46301645,0.30106348,2.183526,0.0021315266,0.03897618,1.0570533,0.27038997,0.123272106,0.0033845438,0.12694174,0.003422159,0.96582115,0.7701369,0.28070065,0.2885527,1.6805013,0.20753855,0.044494223,0.7175574,1.0535594,0.011407209,0.0023021617,0.7562799,0.103267506,0.24002375,0.3294319,0.0,0.007088494,0.8626175,0.33871627,0.69353956,0.046170473,1.372727,0.36604333,1.0654436,3.2039428,0.25016558,2.8506312,0.17060027,0.069435194,2.520874,0.024931625,2.9021811,0.7633469,0.045986317,0.28559345,0.09816087,0.54102474,0.4301059,0.05869195,0.09974154,0.08313348,1.5459971,0.03650969,0.20111023,0.31153733,2.7517724,1.4764132,1.5638876,0.35770547,0.022222681,0.20066163,0.0016447168,0.33415863,0.052053217,0.43511397,0.0,1.261743,0.16149414,0.3089089,0.6727782,0.057542063,0.42088705,0.38083252,0.25468048,1.3504995,0.23128009,0.7157057,0.22077885,0.042155076,0.7039068,0.07056764,1.5936377,1.5820739,0.02080899,0.5481884,0.4306112,1.2374235,1.2005424,1.2679819,1.7760987,0.15088286,0.08546389,0.708978,0.4503239,0.7344042,0.55384696,0.20466222,0.00079578016,0.12808011,0.938766,0.30854386,0.42436185,0.80795413,0.6174026,0.78653103,0.04079865,0.15409172,0.13371225,0.0044438997,1.008242,0.15851198,0.0069678193,0.32487288,0.057543628,0.13134407,0.3839779,0.0,0.4841828,0.027389877,0.66272515,0.20505664,3.0570827,4.4450884,3.5462577,0.0051971306,0.24388805,0.0,0.028685108,1.9248918,0.2001273,0.4580253,0.0,2.9277937,0.035180394,0.01339062,0.61162233,1.0948244,0.35111624,0.04074366,1.0289822,0.98307425,0.45324734,0.016401855,0.6708271,0.0018127076,0.39676696,0.71536905,1.3101056,0.35647956,0.28658047,0.28830072,0.23880036,0.26193866,2.320853,0.61942965,0.13754065,0.2015496,0.06998354,0.17367133,0.054800622,0.0032879394,1.6360464,0.35826164,0.060751587,0.16141407,0.4183102,0.582467,0.0024236504,0.049731653,0.0,1.2123754,0.64381284,2.764679,1.3569036,1.8775114,0.61422986,0.010090033,2.976631,0.03831686,0.18305883,0.10192862,0.06657844,0.1548706,1.2655267,0.9503103,0.256225,0.7202862,0.009258892,1.2587897,0.23234348,2.106759,1.9115037,0.1403117,0.3720527,0.44831923,0.06527575,0.4009855,1.5158306,0.07276648,0.31045306,0.020533707,0.92666435,0.60342175,1.6225073,0.3075198,0.28699085,0.2082507,0.06073184,0.0043707746,2.2427866,0.5522622,0.07492243,0.5739981,0.045968603,0.49269906,0.36232263,1.9135885,0.6323534,0.102665745,0.8744854,1.289746,0.56642956,0.04429088,0.9368602,0.9164112,0.33796874,0.71562344,0.03237809,0.5207877,0.34072575,0.9546271,0.44667932,0.13259241,0.21192044,0.7463093,0.83645576,0.11262871,0.10926846,0.049037986,1.518303,0.20222384,0.6692225,0.24774538,0.5109268,0.07336483,0.0695257,0.31471786,0.08216312,0.05737817,0.5554736,0.11917286,0.6901255,0.25032702,0.82113355,0.09124371,0.017761396,0.08988489,0.11718983,0.93972355,0.79631835,0.007160286,0.25432545,0.8157085,0.15332988,0.0049614627,0.16190118,0.30843088,0.091575414,0.026790991,1.4339236,0.04323449,0.3044117,0.19950302,0.3356194,1.2302953,0.46106458,0.5632927,0.34227598,0.05023346,0.030651748,1.6846471,0.05572389,0.24365701,0.16560045,1.6898118,0.0,0.32234946,0.013551045,0.84082985,2.3633406,0.25970533,0.50673264,0.07252742,2.1167195,0.50989264,2.6584563,1.259335,4.834638,0.59970176,2.1790705,0.41310075,0.54481983,0.0039074053,0.8491412,0.65895814,0.015307578,0.22397824,0.08146695,1.3382908,0.9973547,0.15092437,0.1060523,0.33524784,0.83421385,0.42351112,0.043003354,0.014405883,0.23898773,0.23561874,0.4472116,0.7650182,0.008326292,0.85929996,1.5749182,0.23107405,0.23983352,0.06421931,1.4286449,1.4282107,0.11258606,0.03342233,0.09286379,0.7636033,0.9581118,0.40353456,0.63275355,0.296573,0.26590464,0.0,0.22336337,0.0,0.0,1.3681184,0.22395173,0.702955,1.1899266,0.026148379,1.0995892,0.22140168,0.49759108,1.4015279,0.06933728,0.345122,0.7920321,0.14989501,0.07518866,0.8093229,0.0,0.033674527,1.5475314,0.06150714,0.42643052,0.0011596025,0.5352038,0.7243455,0.3418371,0.55330366,0.043356724,0.037412293,0.19356132,0.18309022,0.17043015,0.45823762,0.636689,2.5008774,0.1916042,0.18467516,0.3855193,1.6460632,0.12121077,0.6466393,0.076458246,1.1750174,0.8239019,0.3388085,all_pothole_images\pothole_images_enhanced_8be4b9433ac7664a8d59127743135f4c.jpg
0.07111252,2.1454368,0.32914826,1.5124604,0.44930032,0.09289565,0.8207696,0.3945671,0.42358172,0.3711017,0.18391256,0.8584769,0.51730597,0.8560711,0.12194533,0.10916344,0.12028833,0.034153555,1.1153274,0.06296761,0.46292806,3.6670263,0.21813504,0.775715,1.3682003,0.90159357,0.40290862,2.2151158,0.27813795,0.47827944,1.1521459,0.35625002,0.64517593,0.259464,0.7192683,0.33022755,0.46824628,2.081608,0.20673169,0.8681135,0.04674794,0.0,0.11904185,1.7449169,1.2513626,0.329583,0.07689501,0.0013349087,0.28670058,0.35684872,0.7762227,0.0020248739,0.26183763,0.3840625,0.20010267,2.4140475,1.738397,0.20834777,0.10444805,0.48491657,0.2717602,0.25141028,1.0094291,0.04511247,0.35425702,1.2077821,0.7062431,0.3465667,0.23442754,1.0014914,0.14352998,0.49579424,0.17566673,0.11082449,0.25394222,1.0290384,0.45581248,0.3481783,0.042690467,0.081816435,0.4682259,0.43888277,0.0,1.9885031,0.42996317,0.21656711,0.41360357,0.6187812,2.6395063,0.08468079,0.19676653,1.0667391,0.10379918,0.7860056,0.03360718,0.41026968,0.59273756,0.68115824,1.1743234,0.394,0.37495783,1.0139984,0.7215164,0.24655962,0.06509501,0.9143083,0.35491982,0.07273105,0.0693339,0.4049613,0.011018313,1.7356689,0.5584082,0.49473533,1.2409714,0.29396233,1.0485845,0.4190824,0.2747387,0.28286633,3.337669,0.35800582,0.36529377,1.2148569,0.5631717,0.9737333,0.34726045,0.11106632,1.8097007,0.12773564,1.1296445,0.27552727,0.4362144,0.25502264,0.26145774,0.1453928,0.16822316,0.6085011,1.780041,0.8031354,0.6903638,0.13920505,0.0051691895,1.399779,0.64344937,1.2399535,0.3234208,0.027914159,0.52389246,0.39817536,0.35380912,0.9762777,0.0,0.070756875,1.9105332,0.22218463,0.3513186,0.10074238,0.32607454,0.642919,1.8666552,0.27249452,0.27940091,4.2322984,0.00409162,0.17563726,0.42400554,0.4558066,1.764844,0.16510601,0.42638746,0.03349925,0.36195704,0.1266257,0.54673487,0.10548382,0.6287466,0.014275655,0.05695537,0.051735558,0.009431433,1.4370279,1.1551989,0.40940467,1.2939242,1.3978606,0.15778634,0.0,0.32972616,1.0616994,0.5987493,0.26998422,0.06411009,1.7845138,0.024072465,0.7283561,0.16384022,0.0107186455,0.050423417,0.423686,0.15816335,1.5480835,0.8696783,1.275463,2.7179713,0.4091206,0.18520835,0.35253346,0.30942342,0.016983913,0.31460992,0.16973816,1.0468012,0.41578418,0.7286939,0.97418225,0.7390954,0.029613027,0.3838416,0.1441739,0.97062045,0.19031894,0.14882012,0.12707321,0.02539641,0.41933557,0.5173082,0.11248085,0.67482466,0.7008502,0.20004953,0.12532541,0.10804968,0.17639624,0.7748695,0.44731808,1.5204107,0.12120881,0.0057088197,0.08257291,0.17974444,0.016079826,0.014865121,0.009768119,0.13696192,0.027984465,0.36351952,0.24161378,0.72321504,3.923026,1.4627299,0.0,0.7666037,0.25736892,0.31739917,0.048151508,1.8070216,0.14263321,0.88378614,0.9286981,0.04387104,0.48826504,0.57795554,0.20146683,0.32824644,0.18837991,0.0055823964,1.2978879,1.0672247,0.25333568,0.043838996,0.00088985474,0.034657016,0.20388103,0.9622446,1.169235,0.26240513,0.45231652,0.46731302,0.7495562,0.7705852,0.09877962,0.28337166,0.2604181,0.65940714,0.022360614,0.67542964,0.40422916,0.96418977,0.1762385,0.26835215,0.022956746,0.0008983014,1.2046728,0.32282144,0.024571627,0.28267306,1.0512408,0.15968466,0.6606654,0.6993445,0.6747694,0.04804687,0.41787165,5.186496,0.38371405,0.018375812,0.55096895,0.0904891,0.18592325,0.2107754,0.76392335,2.1500802,0.5200176,0.0,0.8270094,0.024640433,1.3460653,0.8962981,0.16837011,0.01297536,0.0004955406,0.030976376,0.12620646,1.150556,0.9589062,1.6245816,0.90243363,0.30397484,0.28412887,2.6375926,0.29401356,0.8942196,0.006097893,0.17074966,0.46163714,0.5682583,0.47126558,0.064749576,0.1182641,0.51749796,0.80545515,1.772347,0.34171078,0.80390817,0.10549889,0.07811534,0.5099017,0.2332557,0.9730627,1.1837672,0.77637917,0.07482473,0.55808485,0.24523096,0.059183456,0.8693535,1.7209305,0.42848992,0.20686045,0.0,0.0454559,0.26646554,0.25773725,0.05212587,0.3157843,2.6466312,1.1381172,0.09607211,0.08980717,0.9107717,0.4253468,0.10326035,0.6511898,0.31571862,0.5137899,0.17837162,0.3790852,0.9109754,0.50835735,0.08273876,0.0015294942,1.0619838,0.40461254,3.9478772,1.0920354,1.020061,0.19928162,0.04623307,3.1044087,1.0887214,0.008155404,0.07535774,0.38241768,0.16218019,0.040763218,1.0283998,0.31008682,0.068818524,0.17608626,3.7771235,0.56664616,0.071663566,1.0869614,0.06062777,0.6114681,0.5905815,0.9813484,0.64189476,0.2725129,0.22604272,0.70874023,0.51015836,0.44056308,0.30764356,0.35136226,0.44957066,0.037750028,0.0,0.45592582,1.932925,0.12059019,1.0935568,1.9440455,1.8988696,0.7629431,0.6625801,1.3191208,0.060132638,0.27046278,0.9161925,0.16171479,0.07036266,0.5082003,0.3285018,3.151597,1.4072038,0.71504056,0.4804622,0.47001117,0.3347117,0.0074101673,0.21366547,1.5531827,0.22988799,0.09615143,0.9576134,0.6062521,0.22997852,1.1886553,0.800012,0.20339848,0.9442475,0.030552724,0.84345716,0.4232088,0.47069252,0.7222313,0.52284884,0.9271351,0.8120162,0.4807492,0.6876767,0.42183247,0.7783502,0.29255447,0.0,0.18170561,1.0472666,1.3390194,0.37866327,0.3866762,0.13589154,0.24880596,0.07337932,0.0,0.052390758,0.84755456,1.3172783,0.067511275,0.058705658,3.3051689,0.39772034,0.90595895,0.0010698357,0.018581122,0.8785534,0.5287096,0.057111215,0.14789264,0.386141,0.6297341,0.046812046,0.026651517,0.0,0.01621294,0.12716769,0.07286595,0.3438095,0.015304472,0.23624669,2.7905173,1.0657668,0.30896205,0.5713504,0.4698855,0.14442667,0.3118777,0.31510806,0.15902582,0.9520111,0.06506871,all_pothole_images\pothole_images_enhanced_8be746cbf3e71cfdf8008a26a432bf7c.jpg
1.097108,1.557326,0.39949393,1.8003923,0.6623482,0.37364882,1.2328869,0.34039578,0.78870445,0.80770963,0.08981555,2.5096216,0.05280361,2.3361769,1.3482041,0.76263744,0.5486461,0.21898238,0.88880616,1.3972231,2.2561553,1.4036669,0.9846907,0.41936,2.3193762,0.72590876,0.302164,3.5208242,0.060648903,0.30770358,0.18922552,0.18806839,1.6629928,1.0516444,0.34940046,0.41980845,0.027837845,1.4577888,0.22333317,0.56651527,0.61702955,1.4853811,0.11430262,0.8623628,0.3390586,2.5600107,0.14822581,0.3282201,1.246624,1.0440686,0.39706692,0.386488,0.8512945,1.0731273,0.65506667,1.0515344,0.5575038,0.19107164,0.6014552,0.04671413,0.5052394,0.2427437,0.68058664,0.35292158,0.13615973,2.2777069,1.4107174,0.5441158,0.25573742,0.7752017,0.5246198,0.83444977,0.27361298,0.21042886,0.27722013,0.17553252,1.0650653,1.3816241,0.059325352,0.26113012,0.5224862,0.16737819,0.26652664,0.2552585,0.9093804,1.094449,0.22897148,0.80161184,1.6678159,0.40585724,0.89203906,0.10161316,0.406582,0.38746965,0.82694894,0.2903961,1.2065612,1.2205765,0.519263,2.3826702,0.06899296,2.3296764,1.5114342,0.35639417,0.6153723,1.2697822,0.8463997,0.9465836,0.07637413,0.3915454,0.842902,3.503396,0.7807421,0.052499563,0.71738416,0.0773982,1.2902797,0.17733398,0.64765924,1.2452093,2.957332,0.0,0.212348,1.7582415,1.4415032,1.0957488,5.6025314,0.30269572,0.5287475,0.5577269,0.57844377,0.15256843,0.014446497,0.92928237,1.0352788,2.3707585,1.0455675,0.101187006,1.3665451,0.11718325,0.9472304,0.20577884,0.0773031,0.068750694,2.1348438,1.2333,0.67104805,1.1105076,1.5789942,0.2468174,1.1597906,1.2958559,0.19698462,0.27838802,0.7715991,0.884191,1.2125974,0.037605654,0.83283293,0.77112377,0.8897886,0.81074995,0.0,1.4787574,0.055825345,1.7798362,0.6450709,0.18144038,0.99454,0.779511,0.71772456,0.11709348,0.24391374,0.24830282,0.1095487,0.6866145,0.53971046,0.14468299,0.8941554,0.82250476,0.26337966,1.3627121,0.90645736,0.66744775,0.81157154,0.40102667,0.18328269,2.5759575,1.5099396,0.45219836,1.0694605,0.25160858,0.0035569773,1.0299737,0.21376541,0.34114924,0.5127371,0.6065694,0.45883167,0.38662586,0.4841626,1.3657166,0.48201632,1.2306265,1.0574292,0.63508683,0.5915867,0.3214921,0.47851825,0.79855675,0.7645522,0.03777866,1.3766501,0.80085325,0.64411163,1.2359946,1.3794338,0.026584618,0.83540773,0.568569,1.2031369,0.53436834,1.5789164,0.37276852,0.10633542,0.38824272,3.4437096,0.008063045,0.10701178,1.4606577,0.08923239,1.0943214,0.43626907,0.31619146,0.47883227,0.23356737,0.91773844,0.19664003,0.32629406,0.10314939,0.89462215,0.7360234,0.0061116833,0.251199,0.13143237,0.015528581,0.5712799,0.3876934,1.2790258,1.1590954,3.685838,0.66784257,1.5626978,0.713941,1.2702373,0.97675204,0.28494254,1.0834032,0.09956878,2.6145296,0.6078058,0.36245173,0.2590557,0.62443316,0.28409845,1.6120007,0.355003,1.4588287,5.92913,0.4333265,0.56549263,0.339511,0.05276022,0.7345145,0.3433967,0.58165956,0.13985653,0.8314108,0.14478979,0.7201067,0.2338256,0.6230412,0.3908278,0.41901937,0.83267707,0.2233931,2.1501575,0.2991033,0.38771135,0.11054476,0.98618907,0.5534144,0.27468154,0.8931852,0.17725836,1.2880867,0.58368665,1.2157674,0.67688316,1.0756837,0.3829989,0.6975391,0.84236705,0.6439922,1.8472737,0.4928119,0.08790629,0.35168052,1.0084745,1.1622642,0.37256625,1.5876276,2.2878287,1.7547287,0.18799941,1.0141127,1.1444241,0.6605063,1.9878278,0.23621686,0.42849147,0.079421245,0.6115247,0.7153137,1.4352052,0.35122985,0.033642214,0.0079876175,1.6325965,0.40321863,1.4750229,0.66266584,0.14886872,0.42525956,0.13206954,0.78329545,2.4701276,2.2169983,0.07784176,2.0480568,0.89568186,0.62351483,2.6490266,1.0331173,1.474822,0.28566176,1.027776,0.31652373,0.3280452,0.8185065,1.2061658,0.764411,1.1362966,1.2363461,1.8511498,0.16579635,0.5806156,0.6071979,0.061953623,0.49074593,0.6063445,0.16868211,0.2352404,0.62713546,0.061073452,0.9237395,0.4287401,1.1141912,0.25254077,1.222245,0.96914864,0.9815054,1.6384519,0.642755,1.1477988,0.68676645,0.6289205,0.3797562,0.4167843,0.18280126,1.4072791,0.07067852,1.6238114,0.9388467,2.5256217,0.67541486,1.55299,0.0,0.41475716,0.88116,0.4321675,0.29161018,0.33701977,0.6931664,0.16586637,0.71108997,0.7377758,0.773077,1.332082,0.51560175,1.1957704,1.0077657,0.1598156,2.2648163,0.15998611,1.8861809,1.2064776,0.5208203,0.97001475,1.4147509,0.39960346,0.5141833,0.102807954,3.7939203,0.08289915,0.414901,1.6246411,0.62164724,3.0771601,0.26811373,2.2998073,0.8139621,0.1788227,1.4393035,3.4955883,0.0,0.46452817,0.52088034,0.29791844,0.52047116,0.93832475,0.36288926,0.2799577,1.2133387,1.9787768,1.5911659,0.8685056,0.81958926,0.6957606,2.2941043,0.5501053,0.78825814,0.06411069,0.027338494,0.9266114,0.042278685,1.1206573,1.0745875,0.17519306,1.1839514,0.26099268,1.3434469,1.4145688,0.14543478,0.8639689,1.1871808,0.85646147,0.57775027,0.54189306,1.3689264,0.6092912,0.44825548,0.565426,2.2005684,0.16366954,1.4519134,0.8366316,0.2275439,1.1514134,0.89664567,0.5363285,1.4989177,0.25609252,0.18891458,1.3395245,0.55793107,0.18336552,1.3533055,1.7518252,0.75836027,2.209574,1.9219351,0.42681733,1.4115949,0.82822245,0.0040729465,1.9478749,0.52492267,1.0264429,0.2859683,0.12636966,1.8094416,0.38722712,0.97628516,0.7648738,0.22700185,0.43546817,0.1670306,0.4705949,0.4096325,0.55831224,2.1573803,1.6695594,1.9690903,1.7091727,1.2027117,0.54173774,0.2296325,0.11272819,0.32084164,0.07903676,0.7891183,all_pothole_images\pothole_images_enhanced_8bf6477aa0346a02d56d9b8f902a35ba.jpg
0.18269001,1.98152,0.85374403,1.2988261,0.96231997,0.12697838,0.64899254,0.16921827,0.024825377,1.2400489,0.8355299,0.2655731,0.40913135,1.9026003,0.22574271,0.76100373,0.4000915,1.1721551,0.9718131,0.41922385,0.40925333,1.0442429,0.73673916,2.9255352,0.5642686,0.978729,1.5964259,1.3585622,0.7670093,0.337302,0.7859265,0.8166655,1.1777374,0.19463037,1.2834897,0.71178293,0.5802205,1.0574282,0.31602,0.36093065,0.34313238,0.17969286,0.56427974,0.55935365,0.59259903,1.6051728,0.061463643,0.08495792,0.90435195,1.37571,0.8590345,0.18204607,1.6783898,0.55977166,0.16984068,0.28498113,2.0529702,0.15574522,0.3869568,0.19050258,0.20476523,0.9078271,1.0469736,0.22866473,1.0421543,0.5532443,0.3451228,0.18823402,0.15926342,0.5792847,0.40580705,0.14555727,0.2531188,0.105070725,0.81276554,0.25756207,0.18515626,1.1695777,0.16537985,0.4734173,0.028291095,0.17619325,0.42293003,0.6504978,0.96099246,0.38919148,0.35337904,0.04040772,3.1060872,0.17350991,0.11279393,1.8684546,0.5500062,0.29799715,0.23314281,0.14703794,0.7016037,1.0092447,0.48714516,1.3076448,0.20079574,2.0891054,0.05381481,0.27646607,0.41779444,0.8326003,0.012478746,0.5234062,0.029725075,0.5464513,0.30131096,0.96264446,0.087461025,0.8562421,0.70674384,0.8459702,1.309074,0.08575956,2.3286664,0.7170761,1.0999757,0.973002,0.58625823,1.0053306,0.24453494,0.31539714,0.85990804,1.5178446,0.13148212,2.1736286,0.7005788,0.1090195,0.5879029,0.84357125,0.0039705723,1.310557,0.46923423,0.43729064,1.0451878,0.17878813,1.0400538,0.72024846,1.264335,1.0029637,0.9775409,0.25209653,0.26757187,0.78714275,0.57061416,1.5368694,0.7467768,0.5618849,0.0015667023,0.682439,1.809446,0.2662455,0.8662664,0.39727706,0.99091417,0.62559927,2.285851,1.4741397,0.083194226,0.61367697,0.7693872,0.17592947,2.00561,0.48647556,1.4508187,0.78550315,0.4717217,0.12542549,0.5147855,0.049983326,0.3108826,0.25885034,1.7304039,0.15852745,0.58245367,0.4562981,0.6416314,0.71161723,1.8197435,0.57417244,1.537226,0.653044,1.1305803,0.09159659,0.33245113,1.4413515,0.22209755,1.3715892,0.4775634,1.4457891,0.12623611,0.19729331,0.18655252,0.84321874,1.1279848,0.97639877,0.36949146,0.42970827,0.6523218,0.5426793,0.105519935,1.1464772,0.10613686,0.51756525,1.223244,1.3063669,0.4483873,0.8483101,1.8287765,1.5995998,0.71178925,1.6507492,1.7166059,0.061047796,0.8709952,0.4951724,1.3146116,0.24354903,0.5607502,0.5647733,0.12699327,0.28914997,0.83023643,0.69804776,0.6964483,0.8257071,1.5447247,0.6405394,0.5520014,0.6064136,0.15356092,0.1703397,0.7156579,0.6417704,0.10079375,0.28210464,0.4939255,0.04284382,0.33445042,0.34735507,0.051433902,0.13040242,1.1070209,0.5049566,0.78245246,1.9922544,1.8036644,0.0071642874,0.22710453,0.5340875,0.08576142,0.7746188,1.1620216,0.62744474,1.4748095,2.0675368,0.9118719,0.011044558,0.19778271,1.107339,0.53829426,1.1834573,0.08310258,1.0384829,0.5833914,1.6015183,0.4714028,0.07223777,0.041964687,0.7525796,0.0032186203,1.099249,0.6148747,0.55886644,1.824347,0.6466492,0.2166906,0.13588665,0.30267692,1.6380641,1.9181833,0.34641856,0.41882148,0.90673524,1.3367172,0.60899866,0.39339694,0.7091782,0.12387661,0.45589945,0.6881855,0.93671596,1.7140187,0.38864797,0.14164384,0.91079617,0.0047725984,0.059529256,0.17751586,0.7398501,2.076393,0.80605185,0.0017098851,1.0130048,0.5678119,0.25677204,0.78505605,1.6981506,3.7959569,0.5961424,0.35789835,0.09150493,0.18758824,0.079170585,1.2616329,0.4008559,0.26193786,0.78196716,0.111536324,0.67451614,1.1951813,1.6070737,0.49999726,0.24814707,1.0288444,1.6807009,1.9022951,0.25923938,0.4283951,0.2940052,0.19268014,0.12586765,1.33805,0.2897077,0.17968777,0.04281413,1.3511121,0.54217845,2.436987,0.13510787,0.7535146,0.28279305,0.4862418,0.081913635,1.5353266,0.6924689,0.06741701,0.54786384,0.32213366,0.3142554,0.30237412,0.19380762,0.75210345,0.6825785,0.30219114,0.26570806,1.0981171,1.1355778,0.47769412,1.2378011,0.28316244,0.47467983,1.1444881,0.82329047,0.4818533,1.1367998,1.2187314,1.1296537,0.7215548,0.4172172,0.7752693,1.2271554,0.22902896,0.3980599,0.095118985,1.4603639,0.10489555,0.19470161,1.0211263,1.354702,2.9699726,1.2530129,1.8225645,1.0240577,0.61604536,1.7531236,1.7409312,1.3268495,0.4054385,0.93039525,0.2899911,0.22119907,0.8104504,1.0144908,1.4290255,0.090205655,0.36394984,1.3458899,0.21092266,0.5876486,1.17318,0.122509256,0.43194762,0.59217036,0.7623216,0.16600208,0.090775624,0.39537063,0.8658119,0.55511636,0.2626581,0.20608,1.343074,2.122317,0.36774588,0.71572304,1.0345843,0.7759931,0.65483385,1.7111944,1.5541745,0.55332106,1.0380108,2.1834202,0.6492912,0.9903136,0.30448738,0.4795733,0.17574129,0.9464567,0.4919632,1.9454056,1.1728271,1.4812868,0.16983332,0.22501792,1.4169972,0.86700237,0.036981456,0.56169635,0.67020696,0.5383339,2.010235,0.6809082,1.8423061,0.1271087,1.2281303,1.4101318,1.0640459,0.42941797,0.8558997,0.89724714,1.7399002,1.3021536,0.914732,0.6630115,1.3537508,1.3725505,0.8222271,1.2477281,0.22629516,0.8741911,0.43551552,0.46057642,1.9318757,1.3523403,0.66278327,1.6015859,0.12079574,0.17202379,0.31901193,0.14026915,0.909549,0.64783555,1.1012684,0.15277983,1.7044617,1.6506858,0.53917325,1.1857177,0.033838823,0.5221992,1.8151736,0.12812509,0.91022134,0.035139233,0.6342222,1.3570461,0.3244591,0.44743782,0.27948746,0.13267626,0.11345322,0.3284518,0.045597177,1.1206845,0.654605,2.6230834,0.07700318,1.0387834,0.24663061,0.28426027,0.16591264,0.6058971,0.26998276,0.27567476,0.15435492,0.64579654,all_pothole_images\pothole_images_enhanced_8bfe1dd5cf543e67272da7fa500b00ab.jpg
1.0807248,0.72284865,0.3217469,1.9473107,0.18182011,0.2936815,0.6927729,0.06626658,0.6781157,0.17825472,0.82063216,0.8145132,0.2675237,1.4574947,0.044083424,0.32937855,0.038642187,0.14460298,0.44695327,0.19230475,0.595859,0.65134007,1.6179918,1.8232088,0.093555495,0.20984662,0.016338391,3.1447144,0.18964374,0.09270075,0.32075918,0.070908435,0.68646973,1.5021759,0.7767106,1.1964368,0.5930679,0.78418285,0.026717434,0.04670348,0.02022703,0.21665633,0.4080137,1.2068745,0.05014293,0.90410876,0.12421895,0.14893827,0.0036324386,0.25828788,1.453248,0.30585226,0.37157074,0.024547745,1.4508332,1.9112806,0.4368645,0.8919006,1.0002577,0.03747882,0.4496427,0.71361595,0.48979968,0.16702655,1.7559141,0.56977665,1.0690165,0.23631091,0.10378362,0.3140767,0.86137015,0.0005490502,0.038211618,0.0208162,0.47654477,0.0,0.36604944,1.5402265,0.15296721,0.20541129,0.12776898,0.8845825,0.16838397,1.0455486,0.97173154,0.66927445,0.0053313337,0.13822176,0.60595405,0.4550866,0.89442813,0.43408412,0.0063245366,0.20253184,0.3642388,0.5251951,0.35889193,0.5898951,0.06304262,0.108160876,0.1367952,2.412901,0.2780541,0.760496,2.708526,0.5883721,0.570651,0.42198363,0.027407363,0.78801703,0.016822148,0.30440208,0.13860437,1.071921,0.7940174,0.040860135,0.3568205,0.35262695,1.3371825,0.81851256,1.7268022,0.31211153,0.16654105,0.6611931,0.4685466,0.93962413,1.167706,0.41263562,0.25796255,0.31594363,0.739786,0.10848247,0.10829334,0.24943753,0.2469826,1.3391057,0.7362018,0.24785376,0.042772092,0.43163222,1.1061287,0.03773794,1.0522878,0.99883664,0.06684001,0.16936412,0.15874112,0.044372264,0.26711017,0.48520815,0.33121318,1.0903579,0.20288622,0.24217957,1.0557029,0.37120125,1.7621276,0.32379377,0.58133006,0.777711,2.0655677,0.54685324,0.014805923,1.0236391,0.6209755,0.35477754,0.83658504,0.259607,1.4742948,1.731443,0.35274264,0.36959526,0.017904766,0.64294535,0.081392676,1.1507815,0.6180866,0.3517699,0.23020259,0.021853812,0.06380305,1.227166,0.2852789,1.4407223,0.73865676,1.2403934,0.32029945,0.28173274,0.6011345,0.13137314,0.33032256,0.3444111,1.50656,1.9882869,0.68998486,0.2700632,1.402916,1.1220375,1.1819463,0.30723524,0.5728325,0.8086099,0.96177727,0.20705974,0.085745655,0.5962376,1.0932301,0.0192196,1.1737305,1.0853907,0.016448721,0.3993997,0.33744937,0.08258063,1.3071274,0.8188913,1.5166214,0.34459397,0.39467227,0.08921055,1.748902,0.027314682,1.0842171,0.23913926,0.0025466853,0.0018879392,0.59284073,0.3993495,1.411665,0.16177338,0.009528748,0.513141,0.5556973,0.374591,0.1688433,0.015907297,0.6322211,0.6976161,0.13944604,0.93590015,0.47511837,0.31556496,0.15889288,0.7636793,0.3769971,0.0,0.38970375,0.52446693,0.85553944,2.8574984,2.2294915,0.510804,0.014489261,0.1484223,0.63889575,0.1886569,0.008801572,0.03729205,0.2518878,2.0663564,0.8023914,1.3722241,0.34698728,0.3318081,0.0,0.6085106,0.7337553,0.912467,1.5926205,0.61761945,0.68805474,0.27149937,0.4383337,0.09105983,0.005908668,0.333741,1.3043176,1.04611,1.0163872,0.15429565,0.066883914,0.8214052,0.5425519,1.356195,0.22299527,0.5310183,0.9130311,1.1509799,0.6318862,0.033972833,0.050305676,0.41244474,0.035875406,0.4586733,0.704424,0.28205776,0.2944199,0.08583521,0.018317573,2.556526,0.97268075,0.016211342,0.5433344,0.21931586,0.9243528,0.026819678,0.31133878,0.74122244,0.49448612,0.69103676,1.5239581,0.31432194,2.2835584,1.6810321,0.9070356,0.8231143,0.001001926,0.78704655,2.772092,0.20622408,1.630692,0.1811535,0.58580726,0.2756537,0.44920328,1.465214,0.19352017,0.10290872,0.36815354,0.35813716,0.15497419,0.042423304,0.58041495,0.13299036,0.41581383,0.08082487,0.7982956,0.23321764,1.2873565,0.3212861,0.23617963,0.40037072,1.8843209,0.7186499,0.83975613,0.3973735,0.047462113,0.66800797,0.18249744,0.3863582,0.5282377,0.41033015,0.095755674,0.35778737,0.3588323,0.24830736,0.2726869,0.45105642,0.03938659,0.95407385,1.3415657,0.5888669,0.5807084,0.26908645,0.023304613,0.0065483986,1.4785956,0.84475654,1.5869122,0.64455944,1.3965822,0.28771058,0.83003545,1.2423313,0.83784115,0.62557244,0.25367007,0.36670116,0.675188,1.4276943,1.1303308,0.10859808,0.3971192,1.2299455,1.8382783,0.7707081,2.3760421,0.121460415,0.12037596,1.6855221,0.039972566,0.6839537,0.016088005,2.0499969,0.11775311,0.8055981,1.5544782,0.98257196,1.0570886,0.3951567,1.2631097,1.1725153,0.82298976,0.19678967,0.60597694,0.4645195,2.3591437,0.0,0.13247266,0.8006447,0.4392417,0.2131782,0.7187487,0.6005782,0.026578275,0.063592196,0.750492,0.9463659,1.5687984,0.029588846,0.41098496,0.48119915,0.14792135,1.8607327,1.4959611,0.22182544,2.4787333,0.39855015,0.730726,0.6375153,0.08417248,0.509089,0.521133,0.33766443,0.49921474,0.17345892,1.1140261,1.0953215,0.7457031,0.3687963,1.9917926,0.13173175,0.29229406,0.15620647,0.5150902,0.0,0.7584265,0.13826892,1.4249977,1.0467433,2.3143733,0.33257133,1.4251344,0.44854867,0.72978157,0.14735341,0.002306425,0.116649784,0.2224441,0.8720505,1.3909531,0.3760077,0.9037902,0.75275373,0.42978176,0.078467935,0.23269223,0.18383287,0.4600267,0.580208,0.82149535,0.7367079,0.066858634,0.7020124,0.4218423,0.066370085,0.25217545,1.2017819,0.32267207,0.0044519347,0.5358594,0.9157924,2.2961714,0.6788323,0.19939695,0.07984469,0.11638785,0.30376625,1.4354545,0.25290304,0.24703498,0.35418388,0.020831319,0.7173075,0.36918145,0.0,0.00809943,0.0647055,0.052034356,0.23775388,0.9439491,2.8949444,0.35581556,0.8738017,0.02729638,1.2381887,0.91335905,0.0625916,0.13188636,0.019044098,0.12841958,0.06564633,all_pothole_images\pothole_images_enhanced_8c11360e1d553e70a2f4596b2a20fefa.jpg
1.8031224,0.5124995,0.005621352,2.2189083,0.7536088,0.3498591,0.4327114,0.2833821,1.6109098,0.979419,1.4329745,1.2448593,0.5638168,2.4188178,0.5990485,1.6780943,1.2793635,0.4604967,2.5662806,0.8168574,1.3854865,1.0277989,0.032890033,0.85711634,1.1291032,1.0108994,0.2871378,4.3382754,0.40884826,0.09763877,0.05271926,0.5839706,0.11838137,1.8028333,0.008892717,1.282388,0.02081929,0.28869474,1.4966029,0.2452679,0.0,0.003277708,0.49874908,1.3647109,0.656928,0.36789274,0.47869116,0.28867635,0.5542835,1.4834286,1.3063858,0.006193529,0.42400202,0.29199237,0.4492231,1.804331,1.5378685,0.16572914,0.42276987,0.10560408,0.78680813,0.5164698,0.7120614,0.27830988,0.4491539,1.9549724,1.200214,0.42689583,0.23635003,0.20377244,0.8695079,0.04078796,0.9933582,0.47582027,1.6482376,0.22283234,0.18658301,0.5403278,0.25210756,0.7803055,0.0019785692,0.38289616,0.0,0.44853148,0.38761267,0.10214799,0.10209822,0.6436665,1.8518598,0.7550436,1.0093335,0.17228256,0.63711154,0.73918384,0.4608905,0.028102903,0.40035242,2.2213314,0.23573916,1.7655416,0.0,2.4281435,0.803,0.17327432,1.289313,0.11490685,0.17152025,0.02295287,0.010096065,0.46869206,0.017742112,0.40459225,1.9750235,1.133166,0.9888464,0.70106006,0.12355765,0.1346229,1.5385872,2.1787717,3.1341534,0.29532602,0.0017581697,0.95905006,1.3003502,1.3102046,1.8170391,1.7148247,1.0414027,0.123027176,0.11508365,0.12702367,0.05420309,0.8006195,0.58558756,0.6935502,0.8029399,1.2980433,0.17274608,0.15284145,0.017547356,0.08240983,0.32339674,0.106349126,1.4035068,1.9700136,0.0,2.2317123,0.68736887,0.19335926,1.2986538,3.3446271,0.81474787,0.017304309,1.7631843,0.9740968,0.5143711,0.11868251,0.6568767,0.6261521,1.7767742,0.48150334,0.10893017,0.63477063,0.17171042,1.6916717,0.23260291,0.1567514,1.30092,3.7179132,0.12061747,0.049101066,0.3056837,0.29528463,0.03655981,0.24960035,0.95336455,0.06478834,0.032625243,0.0,0.48104158,1.8000737,0.7849154,1.6246941,0.66592455,0.31798878,0.5657818,0.94377214,1.280595,0.87850356,0.44026378,0.21325746,0.72238797,1.0149422,0.16425888,0.82589597,3.1721041,0.0,1.265302,0.19796818,0.2562058,2.91078,0.30449906,0.44239056,0.14637132,0.35607556,1.6935127,0.06728776,0.38940543,0.8166906,0.13307945,0.0,0.6445798,0.58244133,3.5337255,3.6412497,0.5221509,0.6847392,1.2338849,0.37146983,0.42151693,0.55764675,1.6429664,0.79429907,0.08459183,0.17636582,2.3197806,1.4010767,1.6922345,0.74355066,0.0,0.06194155,1.8140941,0.50702184,0.16628724,0.19530158,2.4199464,0.22335812,0.17169558,0.075533375,0.12857828,0.2646626,0.28747806,0.4572471,0.22769365,0.0,1.0629133,0.2522911,0.72958106,3.5041864,1.6720191,0.72935194,0.3209987,0.14165008,1.1203679,0.6639076,0.6573209,1.3637767,0.0,4.6286426,0.87313765,0.031529248,2.5493896,0.121552326,0.06802442,0.04836166,1.2563466,0.18384409,4.1962876,0.11411616,0.6548979,0.081241846,1.1262553,0.6127626,0.052776948,1.2550911,0.12684418,0.18711962,0.6590617,2.280823,0.105996035,0.468402,1.3904074,0.093757346,0.44463393,0.0,0.34893152,0.27990246,1.0283895,0.10355231,0.5405863,0.1989942,0.83287585,0.8358302,0.59739137,0.17773332,0.45464224,0.3317639,0.59561896,3.7844665,0.37577644,0.42771256,0.1982763,0.9913817,5.6203103,0.08007499,1.4349793,0.687585,1.4607536,0.03620702,1.3567683,2.142209,1.671775,0.92358404,0.021985462,1.0972947,0.0,1.5822592,3.426047,0.3778754,1.0048263,0.030980026,0.9766609,0.00093281624,0.68586093,1.7719063,0.15803322,0.09498355,0.26549554,0.06516864,0.9046405,0.0015984316,0.62840503,0.07607476,0.0,0.2975611,2.940493,1.4697171,0.8557715,2.390719,0.5175631,0.12051306,2.777299,1.0916456,0.8254172,0.27210596,0.65588367,0.15548569,0.118088424,0.13794555,0.25450748,0.65337545,0.36576474,0.7301735,0.8263556,0.18109259,0.08910209,1.1638503,0.5248784,1.9128238,0.33717245,0.77149385,0.24053268,0.88569003,0.0,0.51696086,1.2243451,0.0063660094,0.17837065,0.061971784,1.9863267,0.163125,0.9470372,0.108085394,0.012684895,0.36055544,0.1147949,0.03412056,0.9017116,0.151281,1.4707537,0.5099858,0.28592438,0.0,3.8769128,2.84657,0.62425965,0.10575307,0.64250815,2.2016037,1.0819002,0.13197987,1.2600145,0.20156296,0.018508287,0.1601067,1.4063985,0.39535433,1.9245926,0.0,1.6364956,1.7842852,1.5215435,0.3606041,0.28360242,1.0229874,0.37136108,0.5915938,0.5932266,0.34708524,1.7028937,1.2119259,0.57341725,0.50832415,0.0029512616,0.78417027,0.8458859,0.21936534,0.6713065,0.62155676,1.6773444,1.5466336,0.48899752,0.3334768,3.0099375,0.23549317,2.125049,0.060357686,0.56644064,1.0826244,0.5123216,0.4377906,1.8294153,0.53575236,1.0899305,3.5910864,0.84281224,0.66014147,0.0065051224,0.40971398,2.5951798,0.9357076,0.7655019,0.15194264,0.1306163,0.016654057,2.3118799,1.3937532,0.03222181,0.7712381,2.2079968,0.79798996,1.1783748,0.518825,0.72512925,2.12021,0.39735058,0.27039877,0.11287037,2.5996983,3.9450116,0.049173057,1.0503684,0.014979452,1.7071351,0.19999306,0.2338133,0.0,1.4246562,3.5551383,0.7811063,0.16363673,0.071274474,0.04827256,1.0110134,1.0759456,0.4329494,2.2595847,0.66340184,0.4592499,0.7673684,3.0349011,0.23348701,0.33473268,0.014025101,0.0458834,0.16602048,0.060017068,1.3426895,0.0,0.64830273,1.696217,0.08455383,0.16911675,0.4486058,0.0008366091,0.10348753,0.08934931,0.10927952,0.054958683,0.3427978,7.400997,0.19702755,2.4736362,1.1223228,0.9833355,0.3899775,0.7236571,0.031205038,1.283728,0.17983158,0.48617795,all_pothole_images\pothole_images_enhanced_8c33a800f001e3094b96e7ace7647982.jpg
0.7157588,0.7992241,0.77826536,2.9540455,0.70441204,0.094108336,0.6150265,0.36380678,0.017846368,0.3681753,0.31046543,0.70060855,0.0019175421,0.69063044,0.74144185,0.44961554,0.11481177,0.33773798,0.58001995,0.31986237,0.14562728,1.389183,0.34877005,0.55715257,1.2337017,0.14265054,0.3937023,0.28856245,0.28080344,0.19909784,0.37443456,0.19919503,0.19332474,0.5949324,0.06766832,0.5573271,0.055654358,0.97899234,0.34772903,1.7260365,0.12769626,0.07935024,0.0,0.42072117,0.29756582,0.34240994,0.13040005,0.025296062,0.1131736,1.2615173,0.0017674736,1.0431602,0.9936787,0.48592573,0.14398137,0.14079387,0.877523,0.2542661,0.405192,0.9408326,0.038910743,1.2160788,0.06425261,0.2958145,0.022175634,2.5898645,0.4851841,0.47287855,0.09522255,0.0,0.32873967,0.2540116,0.31205615,0.0882488,0.032612797,0.9194962,0.4199358,0.28467476,0.0,0.010218566,0.30149338,0.6591713,0.5210106,0.89858603,0.011469793,0.34340757,0.016893286,0.5324024,1.960609,0.09997719,0.008150704,0.06459131,0.0,0.11269088,1.076416,0.5128743,0.71195424,0.96851563,0.023303144,0.033239838,0.0,1.2894298,0.73929125,0.6468747,0.24226764,0.11569831,0.009498637,0.5002302,0.3122966,0.1322146,0.0110102985,5.329061,0.38482937,1.6571875,0.30664265,0.06672315,0.15278953,0.48098063,2.5357974,0.72375536,1.42005,0.8419858,0.0,1.6101183,0.15247554,0.52817154,0.069968104,0.00087618036,1.8521454,0.01920691,0.5331956,0.25280997,0.08582636,0.5041013,0.45761365,0.30982903,0.0060604154,0.10722209,0.2420131,0.4261289,0.06523928,0.4542257,0.23896131,0.44124123,0.11909787,0.124541335,0.21325439,0.60504466,0.9371969,0.11781976,0.589029,0.37684065,0.35001743,0.07081211,1.4914083,0.11276903,0.3138945,0.37564203,1.5966672,0.4613476,0.6922759,2.8336985,0.0,0.82439107,0.16622272,0.8736678,1.0532589,0.17728697,1.4876891,1.5449145,0.0,0.04747717,0.12834303,0.18120559,1.1878958,0.01102591,0.9047277,0.00014842648,0.27523676,0.0537118,0.03184022,1.6027579,3.0685954,2.5756187,0.90715927,0.9905576,0.19237505,0.071899936,1.7894095,1.2469693,0.048519313,0.0,0.012657551,1.0817059,1.2274054,0.43334904,0.56510305,2.2401264,0.46082807,1.2157077,0.38229275,2.826103,0.6232444,0.69304967,1.0314541,0.107950896,0.110527545,0.12621593,3.077818,0.2745631,0.050770428,0.016489087,0.29675242,1.4675435,0.17162152,1.0843587,0.21484731,0.1615987,1.0209203,0.0,0.2667787,0.441558,0.46950543,2.2654228,0.13121812,0.19502716,1.65453,0.009867827,0.033501144,0.1719125,1.1927088,0.15277448,0.08673182,0.086330995,0.21248156,0.0,1.1379569,0.30436927,0.055676095,0.031596936,0.41966832,1.4528005,0.009550857,7.588907e-06,0.17261498,0.014634276,0.38936532,0.64929384,0.19522414,5.083197,3.0162394,0.40217042,0.20364463,0.56767243,0.111757606,0.6178726,1.2146444,0.44888306,0.58827955,1.9910817,0.0028317603,0.072660394,0.4075526,1.684084,0.1374364,1.9311687,0.078940384,0.34957466,2.5001113,0.0045621516,0.2598882,0.0,0.14105423,0.024789235,0.8961096,1.4841713,0.022747563,0.35515252,0.023717036,0.27369133,0.489494,0.33822507,1.1521951,0.13283913,0.10297558,0.07510471,0.8135656,0.13029312,0.02762117,0.62367105,0.008633873,0.0007634133,0.3698136,0.8313152,0.06067593,0.39318073,0.093086414,1.5423291,0.65583956,1.0577804,0.6149432,0.5138824,0.05450775,0.94765615,3.3487947,0.090839654,0.0,0.30591363,0.0,0.15380171,0.2042985,0.6179175,2.6293435,1.9860456,0.17971466,1.5767498,0.035401765,1.0475116,2.2525547,0.7040914,0.4106172,0.015152719,0.30026525,0.06911059,0.2820713,0.066521704,0.16747394,0.0008543857,1.1860417,0.36085516,2.4125311,0.60922825,0.069972165,0.117363244,0.037016306,0.33906972,2.922442,0.15030724,0.063981086,0.7432162,0.022417292,1.643336,2.061655,1.5545493,1.7752243,0.9323805,0.052191053,0.49255836,0.56184226,0.0,0.757649,0.26204953,0.10967609,0.3150191,0.2458912,0.19926491,0.0066585825,0.14771736,0.52794415,0.3568506,0.39273164,0.5549986,0.48518467,0.20044817,0.018392142,0.25798738,0.8522256,0.005586184,0.0249928,0.002152423,0.45039088,0.020261416,1.0366923,0.021083457,0.27444434,0.07418108,0.74159986,0.0040475326,0.88271946,0.55449736,0.0049164477,0.017846964,0.17703761,0.91235477,1.3954625,0.49976507,0.9468049,0.009034992,0.022120517,0.25086653,0.31544882,1.0045819,0.22090042,0.6470871,0.007617351,0.07448636,0.053185087,0.18831229,0.2817611,0.5459371,0.52224976,0.32898715,0.2815707,0.109749936,0.042587787,0.4185547,0.9414063,0.62941575,0.4801082,0.024129847,0.5496573,1.2854431,0.01127188,0.49720427,0.0744862,0.068291776,1.518881,0.031671647,0.26133606,1.5962194,2.1435425,0.44261748,1.6442853,1.9362657,2.8548849,0.09292288,1.0441737,0.5872998,0.35114828,0.266679,0.6264263,0.4036563,0.2218269,0.05369943,0.2567901,2.549749,0.89705825,0.08935124,0.9489067,0.8030699,0.015848303,0.517798,1.0252987,0.03647581,0.37598902,0.0,0.6255415,0.23988993,0.004080685,1.2492385,2.756454,0.14586948,0.5097376,0.72877324,1.5751313,1.8725654,1.4943103,0.45429856,0.26848438,1.4983674,0.085684404,0.75558275,0.7885944,0.03698356,0.10578391,0.380545,0.34749806,0.086284555,0.20076708,0.43331835,0.37426466,0.6681039,0.21332055,0.0,0.095409885,0.023117684,0.593565,0.87652135,0.9861916,0.19380747,1.0587107,1.2058264,0.88077575,0.22543077,0.0,0.36661762,0.6227535,0.63244706,0.9955259,0.02040609,0.54914343,3.9117303,0.0,0.2309632,0.0,0.0,0.17228702,0.23034994,0.011464121,0.5376289,0.299244,2.2656305,1.5331931,0.08671835,0.46149608,1.4134661,0.30093995,0.7072037,0.3007558,0.17993775,1.198132,0.07589349,all_pothole_images\pothole_images_enhanced_8c363de6d6a45ab42f211589fba7a1ad.jpg
0.5446468,0.2873989,0.31030756,1.8429489,0.3028808,0.28829676,0.7760664,0.24473235,0.29715768,0.8681893,0.06105263,0.057856932,1.3139968,1.9714249,0.038124073,0.057773817,0.7231301,1.3411719,1.8001775,0.65875065,0.74763465,2.966144,0.13231036,1.2532719,0.2695166,0.9758568,0.14133745,0.93018353,0.018293833,0.44577935,0.77671534,0.32735246,1.0272675,0.2973356,0.048752356,1.5200095,0.25919607,0.5432366,0.3744141,0.3818989,0.60193986,0.28120267,0.70409346,0.5998993,0.38295075,0.08663035,0.62999064,0.009733243,1.6384766,2.346414,0.9671509,0.13481346,1.0313853,0.35688275,1.1411736,1.2634926,2.8198571,0.29581898,1.1457872,0.33926204,1.5217748,0.30664966,0.6136807,0.46215937,0.55603075,3.5096257,0.21800916,0.14460728,0.90388435,0.20145237,0.01582853,0.16445269,0.25771037,0.22793522,1.8867208,0.826967,0.037402898,1.0551904,1.3690716,0.282742,0.1196406,0.018541638,0.75304985,1.4893981,0.1453559,0.3717104,0.4048813,0.56209064,1.7768028,0.48889354,1.2644037,0.71998876,0.00042807488,0.05951303,0.22112277,0.071387716,0.90053546,0.9068172,0.7521803,0.15061423,0.33638337,2.817367,1.1503692,0.013130659,0.43138728,0.8100131,0.46722427,0.27183595,0.21999006,0.28198373,0.07570672,4.70674,0.09540877,0.5922404,0.5805066,0.043713238,2.5456145,1.4939972,4.649296,1.4209652,2.1854517,1.3208249,0.24276425,1.4193461,0.4683684,0.81916183,0.16435751,1.3625063,0.43180433,0.02226948,0.7734769,0.0,0.15295304,0.08012821,0.006989296,0.39344603,0.3072916,0.35828656,0.65705156,0.45397127,0.0568604,2.168781,0.18017,1.0313697,0.0028864492,0.8107409,0.0774776,0.6874654,0.90664655,0.07917573,0.33906668,0.18160936,0.006650786,0.30066222,2.8446226,0.6524671,0.9426685,1.3352484,0.061170753,0.37159646,2.8188906,1.9877806,0.19404182,4.38338,0.18289235,1.1969507,0.26108912,0.22378759,1.2497774,2.540363,0.29040343,0.019697215,0.0930133,0.7581899,1.8947393,0.108271,0.110759415,0.5538247,0.604653,0.51466614,0.38090724,2.5510283,1.522231,1.835365,0.9722701,1.0433797,0.78141075,0.8982895,1.4720284,2.6266403,0.0025750732,1.6877332,0.03805817,2.711564,0.24483657,0.744469,2.5172157,1.9589764,0.7279694,0.94896173,0.02830984,1.357984,0.6896922,1.1987287,1.8937742,0.0,0.38892278,0.09933228,0.41630432,0.38837066,0.13883588,0.0,1.6754925,1.4526201,1.1130327,1.3523271,0.17647317,0.24668789,2.0514052,0.08419668,0.025824456,1.4313362,0.059162196,2.4798381,0.034648605,0.05153224,3.4916773,2.1322346,0.10048615,0.7113743,0.25271574,0.046928737,2.3059468,0.44326875,1.0573672,0.46278992,1.3115499,0.27763975,0.23937947,0.08586761,0.5232948,0.64970523,0.08910213,0.7227075,0.08644521,0.033940367,1.1063261,0.7079041,0.7780355,3.1086452,4.5295286,0.6386663,1.8603991,0.66873676,0.115806326,0.59207237,0.33042288,1.2735049,0.7309904,0.47345015,0.06979778,0.17068964,0.14854388,1.8816906,0.44029757,2.360613,0.27877477,0.0017508101,0.21231623,0.8069584,0.24424928,0.33821702,0.0048972815,1.004835,2.3555982,2.5514092,1.2376844,0.62613255,1.7475647,1.0802451,0.073217206,0.01769181,0.8617303,0.020084636,0.6189156,1.5836458,2.1272795,0.4083995,1.6874827,0.19843899,0.20529947,0.39127582,0.9374039,0.7067391,0.24466518,0.19968913,0.47240093,2.4316595,1.4275558,0.043473132,0.6618081,1.6439471,0.32173222,0.7340871,2.9079995,0.0062758946,0.99904495,1.9114835,0.92624193,0.60392565,1.6840353,1.0703148,2.5564594,1.9799124,0.05158583,0.5896704,0.05619156,0.07990528,2.181497,0.0917786,0.6526227,0.00043937707,0.34323528,0.6044613,0.81914914,0.19341628,0.24923435,0.0,0.0038211301,0.24200174,0.47557425,1.1835307,0.01046594,0.0787192,0.23048061,0.47605297,0.20135818,0.15047738,0.1352787,0.17617086,0.2592126,0.8259387,2.5063155,0.6112409,1.0556413,0.005530056,0.00014742643,0.22404253,0.91080195,1.2841415,0.11643836,1.9215318,0.14700806,0.21667425,0.15280846,0.56434137,0.0,1.0295994,2.8769646,1.0841517,0.0,0.42229328,1.4331245,0.0044453857,0.007897583,1.389859,2.0389438,1.3689191,0.220879,1.5961086,2.7650595,0.52680635,1.8062172,0.023008103,1.362438,0.9654481,0.0027337964,0.08036137,0.38256252,0.6324609,0.08191183,0.29771653,0.5751812,2.10407,2.1199956,1.8759956,0.45864093,0.0,0.04953646,0.42404816,0.8756317,4.3052025,1.92396,0.22525418,0.0806733,0.27664265,1.2121205,1.1755239,0.64206105,0.10600711,3.6117578,2.1106923,0.43810552,0.94612616,0.9811141,0.017559098,0.11353876,1.3881857,0.012201411,0.11360189,0.3638495,0.63250005,2.0484734,0.17897098,0.01409878,0.0024373739,0.43334827,0.13203138,0.57954943,0.79504,2.226566,0.45136014,0.4428177,2.948928,2.211661,0.06454882,0.4962345,0.63371325,0.11342158,3.1239781,0.25147015,0.3307381,0.3235473,0.62059695,0.7249456,5.08378,0.9356006,2.0153263,0.8239561,0.42301637,0.58600235,0.6348246,0.16874745,0.5339522,0.24281096,0.33743802,0.71707714,0.8240333,0.28411564,1.3020662,2.9496245,0.65093076,0.014929078,0.7129153,1.7598089,1.7383069,0.3116714,1.1161642,0.2546084,2.1632943,0.8924236,0.021467647,2.6726942,0.60300297,0.6708548,2.137949,0.68876165,0.3707483,0.54801124,0.57668597,0.4262984,2.3689263,0.14557295,0.923094,1.0626338,1.0234625,0.07831449,2.441629,0.822022,0.0121414475,0.739129,6.104092,0.43864992,0.032226797,8.500595e-05,1.448987,0.8794819,0.0,2.3102074,0.0021692652,0.1809762,0.6869068,0.31788737,0.0341559,0.0014195315,0.04254454,1.8651489,1.0158459,0.23163655,1.5727749,0.066929005,5.025067,1.7141945,0.34281826,0.5327719,0.63025635,0.14346859,0.5989769,0.22150424,0.38804388,1.2927808,0.05081634,all_pothole_images\pothole_images_enhanced_8c3ce696d1ca54a95f1756199030238d.jpg
0.34338,0.5471166,0.083461024,2.5534046,1.0830011,0.3987088,0.098936915,0.0669975,0.3154433,0.20845957,0.3631689,0.48860112,0.5527399,1.6134771,0.112659596,0.14953874,0.22700584,0.6651991,1.1864234,0.019559378,0.76356256,1.8699642,0.17421407,0.9837626,1.0222096,0.6829245,0.39485314,1.9629252,0.0,0.12857705,0.7234408,0.4394716,0.9168433,0.9486534,0.7153209,2.3308659,0.6262144,0.58091056,0.8874484,0.24825911,0.049433995,0.0069011133,0.33010852,0.39354032,0.5442266,0.5506681,0.1822235,0.14962924,0.8370683,1.5485761,0.49690887,0.011049975,0.13003708,0.2201732,0.07195456,1.3815136,0.6996104,0.11401649,0.42231062,0.08701344,0.14308822,0.14313157,0.12487779,0.42214304,1.5662831,1.1100473,0.19796024,0.3630267,1.256439,0.31466556,0.085776515,0.5147802,0.5465025,0.012170251,0.00565056,0.1597854,0.041031003,0.63602203,0.28646678,0.46406597,0.008349753,0.7266086,0.17152217,0.89999676,0.12986906,0.27016032,0.29884648,0.0020728095,2.0447407,0.16170721,0.68642753,0.14255138,0.64949644,0.5088956,0.0023435985,0.029451204,1.1745785,0.23389651,0.6291288,0.62032175,1.0769631,2.4436677,0.75891393,0.049846064,0.85210705,0.19435824,0.07829728,0.8695763,0.22820936,0.34137553,0.0,1.1176443,1.1449357,0.2515588,0.22966431,0.26860395,2.7473156,0.90201163,3.8238456,1.7492267,1.8094708,0.0,0.2833835,0.18810949,0.26912323,0.8266337,0.20130017,1.0834461,0.823141,0.5817873,1.574482,0.0,0.34547487,0.0,0.04516852,0.7639308,0.97776437,0.98679227,0.5667015,0.106332466,0.41189077,0.88421553,0.0,0.6916273,0.009557171,1.1898941,0.95098174,0.0016026984,2.028833,0.199006,0.087645255,0.90601563,0.07593948,0.10724015,1.188839,0.9856954,0.6664928,0.091878995,0.9031143,0.02065244,2.2417226,1.6108255,0.1559526,2.5074546,0.06207594,0.98841995,1.0956767,0.07315293,1.0609924,1.6190019,0.47501558,0.46347988,0.01876972,1.2531667,0.69620144,0.0,0.029498635,0.0128618935,0.2569436,0.050540805,0.07862883,2.0591612,0.8162669,0.47372678,3.496912,0.72334516,0.7520033,1.5331374,0.5198639,0.4018996,0.2122707,2.6112137,0.13477607,2.172464,0.23502159,0.6153072,0.7905977,0.49832168,0.5752308,0.120880485,0.3330619,0.83330107,0.36860147,0.6377365,1.0127776,0.44863302,0.6982369,0.3776778,1.0223732,0.113861084,0.05511322,0.0,1.2738333,0.1690201,2.5127141,1.0383373,0.04586282,0.03588732,0.031721417,0.6629753,0.17244379,0.46058375,0.6022879,0.18759835,0.09907367,0.4278557,0.43714663,0.03359773,2.8169358,0.41001236,0.0,0.03485956,1.9258724,0.32774487,0.30970654,0.22165783,3.0998218,0.032825302,0.5068724,0.4038578,0.14151509,0.2897072,0.2730784,0.13569981,0.0575322,0.09763302,0.21142401,0.12497562,0.12263697,4.581778,0.4967296,0.27895153,0.60862577,0.85458106,0.25623718,0.19893113,0.5139608,1.7003438,0.010803037,0.8591103,0.24419333,0.0133627355,0.21886988,1.7357025,1.0708095,0.26936638,1.2803029,0.66419,0.5002184,0.042578347,0.052432153,0.043878242,0.0,0.559519,0.7255613,0.841889,1.290494,0.37262845,0.88272095,1.6285756,0.16894756,0.10372936,0.65752894,0.113600396,0.34257126,1.3904257,0.33057028,0.61516243,1.257328,1.2372702,0.06619792,0.0019778607,0.086772755,0.77080077,0.7333916,0.06461713,0.13151912,1.0767035,0.27720216,1.5153236,0.9214334,1.6084683,0.032542165,0.34381193,5.642446,1.0732733,0.035654154,0.24803114,0.32244444,0.077422254,0.20756881,1.0239723,2.761847,1.8083748,0.67104703,0.21281007,0.031987123,0.12462497,4.437048,0.046415113,0.3172925,0.0,0.2992579,0.2791527,0.56524533,0.61210585,0.29360855,0.6827559,0.026489206,0.049244206,4.2481685,0.09282749,0.5349941,0.116864175,0.041067377,0.08522187,0.36604646,0.84225494,0.44833508,1.0253736,0.49351808,0.07202889,1.6334798,0.6614881,0.60325503,0.88817704,0.10843777,0.6064477,1.2370465,0.6470179,0.07249155,0.31331536,0.0,0.23271365,0.21939805,0.15870951,0.0,1.8215973,0.7072811,1.0191331,0.057299677,0.6887719,0.7176082,0.5186985,0.14456007,0.0009890384,1.6260815,0.28357595,0.058628764,0.3940771,2.4476266,0.008061031,0.5915041,0.0,0.15011309,0.28981653,0.001012079,0.11590949,0.16022417,0.29265985,0.77446854,0.11613462,0.32959926,0.9723868,3.3207755,0.4981531,1.1312121,0.016102592,0.10881982,2.3867342,0.8640239,1.4283755,0.07601866,0.0,0.5029875,0.1856253,0.52009463,0.6458976,0.17548595,0.034613233,2.6116698,1.4244051,0.68411785,0.13569799,0.8102995,0.1486499,0.20943972,0.39055887,0.042231884,0.00025336735,0.45383888,0.107754976,0.12388664,0.8192029,0.019181756,0.3021617,0.42699125,0.8994615,0.37451681,0.03856831,2.3616488,0.3092749,0.9727003,1.8825064,1.479708,0.13999455,0.2790243,1.529787,0.5254616,2.0148888,0.18270692,0.5017996,0.71249884,0.98015076,0.72163725,2.8700998,0.67655134,0.86366457,0.2840621,1.7195127,0.31751,1.1628358,0.15779948,0.6432446,0.071350545,0.1617161,0.46143484,0.2504657,0.16658172,1.267112,1.8736572,0.3508971,0.5859162,0.99793833,0.51305264,0.5145777,0.6110729,0.5920385,0.5293245,1.3725234,2.1139774,0.92113554,1.19461,0.32644922,0.55411905,0.09623592,0.39145863,0.005831596,0.31120628,1.397228,0.38093215,1.9891927,0.09698551,0.4483195,0.93055224,0.039246216,2.4086814,2.0389593,0.6010454,0.19032964,0.0,4.429033,0.2915406,0.044203263,0.06128057,0.23124105,0.12079221,0.0,1.872457,0.1988116,0.25145933,0.61412156,0.6222283,0.35325065,0.14204064,0.3547291,0.0714391,0.16156831,0.0,0.475102,1.2373545,3.6500244,0.78674394,0.06375133,0.13277982,0.9044175,0.5746662,0.25033632,0.33437473,0.2718825,0.09785157,1.2160155,all_pothole_images\pothole_images_enhanced_8c960975cef440d8e35e0abccbc922c2.jpg
0.71287036,0.17196286,0.025054172,2.1648014,2.0460308,0.09338792,1.738859,0.29907367,0.04694394,1.5400192,0.72013724,1.1507356,0.20389876,1.8786002,0.006783655,0.124048695,1.0013318,1.4301872,1.6231562,0.17055774,0.5619929,0.41787243,1.3365954,1.1957624,1.8589076,0.81890434,1.1220771,3.7499516,0.11727601,0.0,0.110292785,0.94759166,0.0,1.581882,0.83765906,2.1256783,0.28196245,1.0492691,0.47368932,0.2299271,0.0004240829,0.25761637,0.43304193,2.1700013,0.42020556,1.7443005,0.43411908,0.10145506,1.5206469,1.847992,0.682721,0.91171265,0.4997924,0.06641296,0.2603255,2.5939498,1.345873,1.5041763,0.031178892,0.65893155,0.90060455,0.061028626,0.9662382,0.28324172,3.453253,1.1009403,1.5676252,0.07181824,0.19529949,0.54755664,0.7442158,0.24677877,0.2571297,0.011389658,1.7249596,0.21782604,0.5903759,1.157561,0.0052698324,0.65189075,0.1395549,0.07155131,0.4228128,0.28845713,0.7717807,0.003740642,0.01986391,0.079031736,1.6821005,0.6722212,0.8033797,1.9847265,0.90704066,0.012360301,0.027834157,0.5402827,1.3358278,1.5761989,0.24352226,0.72146696,0.94677794,4.170108,0.7931643,0.00030483012,1.721563,0.6271985,1.1735518,0.10680709,0.3077721,0.634909,0.42975903,0.47453862,0.18433325,1.151938,0.23742928,0.11361698,0.4569344,0.87349826,2.6919158,1.4306401,2.6107738,0.39263245,0.7051544,1.3209378,0.5941149,1.1603805,0.49947715,0.22658914,0.19265372,0.18678209,0.7488453,0.08192965,0.5374367,0.13816784,0.5679583,0.5735129,1.2489707,0.0060051344,0.6218031,0.021837818,1.8061229,0.4178392,1.1047106,0.37543252,0.3782595,1.4951199,0.33405265,0.9666289,0.070158444,0.1830131,0.103125036,0.7038864,0.10156806,0.2529495,1.8153391,1.3750912,0.7095816,0.24502894,0.8412137,1.2033457,1.490571,0.8126873,1.4960309,1.1502162,1.0783048,0.113660365,0.49719352,0.3093133,0.93760276,2.573146,0.75512475,0.114062294,0.34723002,0.025882952,0.02534873,0.77978426,0.4235012,0.028261311,0.29883793,0.30749586,0.52264124,2.8653371,1.3791333,1.1731323,1.5886419,1.5335323,0.67625844,0.26246545,0.80499804,0.6428943,0.43069306,0.14044909,0.7213181,0.24593876,0.86123466,0.68204933,2.1671407,0.19451374,0.6821427,0.92658377,0.5378787,0.98936343,0.63249326,0.033948563,0.33076033,0.22578858,0.042298067,0.23026544,1.1726619,0.7577983,0.2745678,0.006613983,1.172534,0.2201837,1.7475724,1.9577174,1.4799253,0.1862989,1.5657574,0.4808979,1.753885,0.25358918,0.45134696,0.2196272,0.0,0.019361958,0.5742609,0.10903854,2.7697442,1.2559276,0.26038215,0.08381444,1.968575,0.3039345,0.10417821,0.1765563,1.6881645,0.77065545,0.1703253,0.09132125,1.1915512,0.14521223,0.48691636,0.41676876,0.18059643,0.1552349,0.9231896,0.0370073,0.05413908,5.0565324,0.028003406,0.36511412,0.15741304,1.0540962,0.024454506,1.4141939,0.080199406,0.5831861,0.37422195,3.1519008,0.68795747,1.4735174,0.61583793,0.036608472,0.10668562,0.19605152,1.5852852,0.12260758,3.0340579,0.5295629,0.4441859,0.00012478232,1.5529897,1.388405,0.1990714,0.3171751,0.1086643,0.14916906,0.13402626,0.54422563,0.8523558,0.36102098,0.8206556,0.20311491,0.10618691,1.0119737,1.2928385,0.44934455,2.7425299,0.50483376,0.100053996,0.3033064,0.47246456,1.8888054,0.37365353,0.73235124,0.5769652,0.037394017,0.51914304,2.4491577,1.2853355,0.80300355,0.0035543286,0.0,4.814394,0.21438982,0.6035024,0.061804917,0.45166034,1.9987057,0.2714668,1.8362275,0.8175138,1.3258791,1.4797413,0.2996931,0.06775568,0.61889577,4.2086067,0.5843973,1.0876595,0.030988907,0.6590868,2.7913196,0.7269642,0.46865737,0.033062644,0.2158926,1.4000454,0.0030394378,0.6978056,0.018387621,0.0557178,0.11596055,0.31914786,0.110458806,1.6101965,0.072195984,0.5891983,1.453491,0.6092865,0.0018484805,1.9890529,0.9362035,1.2073671,0.15105216,0.2388985,0.49138322,0.517294,0.118973434,0.31101418,0.28581026,1.2887188,0.5956806,0.18487209,0.44990724,0.34655422,1.5706128,2.7596753,0.5109133,0.5186522,0.4522489,0.47433394,0.0832883,0.041322794,0.0003731272,1.352997,0.5105526,0.8582456,0.33719984,0.9929761,1.1594286,0.968383,0.3261232,0.46301323,0.97810453,0.0641216,0.2648648,1.2459898,0.36066583,0.9816521,0.012944588,0.033621743,1.0995134,1.2735677,0.35984802,0.640577,0.6256832,0.15596753,1.2076743,1.2694068,0.11316329,0.0,0.090446986,0.36118728,0.008129141,0.7255652,0.16453974,1.1816885,0.47235185,0.22089212,3.058548,0.17697006,0.4897386,0.41635287,1.4286028,0.37537947,1.3455267,0.7641785,0.4603353,0.3108796,0.08530947,0.26998767,0.37545237,0.16729714,1.5317771,0.65755135,0.2299881,0.7504517,0.106537156,2.3750975,2.3366036,0.23690471,1.218718,3.183358,0.13298826,1.7384729,1.0215677,0.018052988,0.45125777,0.72001225,0.8262062,1.300895,0.99554455,2.4955795,0.40635166,0.81132954,0.39420566,0.22793943,0.027945425,2.1016386,0.57628286,0.11285636,0.0,5.6735968e-05,0.067776695,0.20969449,0.065877795,0.34491044,1.0080637,2.4116201,1.5772699,0.12984563,0.1545803,0.72557986,0.7138663,0.16084896,0.26147947,0.0,0.023366198,4.1515203,0.3105592,1.371198,0.3842298,0.17169102,0.37437603,0.81137985,0.060802557,0.9626315,0.22337338,0.08285786,1.1108143,0.02121432,0.15013698,1.082431,0.05663585,0.99307716,0.53281206,0.9495998,0.00402332,0.52744704,2.2411065,0.3687086,0.4091389,0.85124665,0.1479587,0.6913705,0.17597996,0.56914186,0.02073102,0.61003274,1.2506617,0.19935173,0.29672596,0.08528319,0.3735343,0.2773166,0.6168543,2.0981553,0.47554067,0.614885,2.0756485,1.6773522,0.15932953,0.9923145,1.3687738,0.40232867,0.9466551,0.29981682,0.8851438,0.06487502,0.22967225,all_pothole_images\pothole_images_enhanced_8cae6cb401a56a189bf73d7dff69d196.jpg
0.57922083,1.2299867,0.29447776,0.7623355,1.3953339,0.89405745,0.67554444,0.6545604,0.6825518,1.742411,0.38310844,0.21081965,0.7057246,2.4054434,0.9629997,0.123638235,0.42701215,0.095453516,0.8205529,0.34222335,0.30354244,1.6130778,1.394601,1.300074,1.2685148,1.4952378,1.3796536,2.1163144,0.46030572,0.11424619,0.6717153,0.13195367,2.1901765,0.29784825,0.7474002,0.11784544,0.574724,1.5820475,0.11397287,0.5668757,0.036138944,0.3976225,0.26925352,0.13049129,0.55087584,0.3168535,0.15983416,0.1370168,0.9052141,0.778435,0.95037776,0.5243147,0.3307315,0.42268637,0.6512559,1.0296158,2.3922665,0.004432806,0.8974086,0.32554996,0.44561908,1.041515,0.95066756,0.46029884,0.7139362,1.3493662,0.49820942,0.32199657,0.31891343,0.03210997,0.07395203,0.43062198,0.24248569,0.07767796,0.98299134,1.488301,0.3768738,2.4348168,0.10917601,0.9077806,0.6656168,0.59955937,0.062443055,0.90765303,1.7856181,1.2718798,0.99478376,0.24218403,4.8968277,0.43033412,0.29355142,0.36754793,0.8639802,0.5151866,0.24081492,0.2958051,1.5455515,0.97844744,0.7102432,1.9677628,0.057892337,4.205627,0.3758085,0.8684471,0.7539809,0.25978953,0.51993835,0.5718342,0.011948667,0.8775163,0.48113924,1.4821421,2.2682102,0.50549024,0.39438713,1.1841409,2.561472,0.19385897,1.3523659,0.86477315,1.0284282,0.36875704,0.7626181,1.3565736,0.7863104,0.9086065,0.91778564,2.7027423,0.7400689,0.74794364,1.7339758,1.0662239,0.6796161,1.2290134,0.335943,0.31307626,0.464906,0.83057606,0.8610437,0.8575922,1.1013463,0.501214,0.5565896,1.6362317,0.86598164,1.0148655,0.38042617,1.4550742,0.72652847,0.57553047,1.3989198,1.3602484,0.40594342,0.63472277,1.7666885,0.17722352,0.77943087,0.79310125,0.26308796,0.6502315,2.22849,0.69484717,0.12613465,2.6991475,0.9941504,0.47550285,0.86076975,2.2727182,1.2026379,0.34941927,0.45121524,0.06343604,1.4504522,0.41060543,1.7644086,0.16132647,1.4702026,0.0629921,0.0,0.9465144,0.7088898,2.7551665,2.1574872,0.9885143,1.7318143,0.63372827,0.20122726,1.1771662,0.2905438,0.52749085,0.9380301,0.24070112,0.024957761,2.0377579,0.41725186,0.13586025,1.013997,0.5085503,0.8386627,0.79546636,0.13172111,1.0549595,0.7265745,0.07613366,1.2016131,0.70246136,0.050246723,0.91575754,0.9671581,0.56153697,0.34498775,0.14644082,1.6136568,1.38634,0.82975894,2.1122718,0.4581852,0.16549692,2.9089406,0.38789004,2.0928154,0.04957829,0.823021,1.1450626,0.36948636,0.31617093,2.1589441,0.86380494,0.42224845,0.44980755,0.59988236,0.40800673,0.5448219,0.63922024,1.2950398,0.52707493,1.4406317,0.8846026,0.11425372,0.0031149436,0.20152482,0.10889627,0.42046574,0.5261334,0.53213984,0.0040503936,0.10849534,0.55276805,0.33432394,2.6142397,2.3587303,0.21526708,1.0749422,1.5486034,0.22657765,1.866394,0.12582278,0.82586044,2.2913158,1.6496037,1.6344055,1.2868124,1.7230182,0.6020206,0.1588665,0.52964944,0.57779896,0.082045086,3.1298532,0.22913814,0.41026852,0.114982314,0.23335361,0.16840969,0.0,0.86963093,1.4707766,1.4847462,1.7010127,1.5784259,0.06290666,0.6198952,0.54686964,1.1894772,0.6216459,0.68795824,1.0216243,1.2962261,2.7144656,0.18504545,1.6454035,0.9570387,0.9139356,0.9940282,0.36469945,1.3332175,1.6928239,0.14697339,0.026652459,1.5188016,0.42090327,0.78143424,0.5296758,0.8397688,2.3105767,0.19709957,0.04268543,0.94109994,0.4173247,0.25999722,1.8781617,1.8017575,2.084273,1.2249639,0.34511146,1.6863742,0.08068713,0.61870384,0.36512977,0.47751835,0.1881569,0.94119495,0.20439734,1.1729493,1.273648,1.3035303,0.8550566,0.85275227,0.4824219,0.40442142,1.9658196,0.39830476,0.017957784,1.1261338,2.3043356,0.51191884,1.2633026,1.5504966,0.7317936,1.0404947,0.4998032,0.4575395,1.1705996,0.109185174,1.6026446,0.39691865,0.09768827,0.29746705,0.78799236,0.916472,0.46755624,0.58200586,1.2381946,0.22014682,1.2507831,0.1511307,0.5898082,1.0456866,0.48831663,0.33269837,0.5720497,0.21058588,0.110801235,0.5619291,0.019904986,0.68584096,1.3484107,2.7823374,0.2845773,0.1829335,1.9251702,0.63043994,0.19293477,0.10892704,1.0826652,0.02089388,0.06381576,0.08240643,0.60479885,0.3915209,0.39796042,0.45818272,0.26332656,1.3446593,3.3391485,1.26038,1.3754941,0.2207521,0.89585584,3.1676784,1.421604,0.7740149,0.33197656,0.29734996,0.45865366,0.0125537235,0.6262682,0.42505613,0.072187476,0.065669455,1.666766,1.3422537,0.536731,1.2406143,0.5684171,0.3356162,1.1085147,0.4524236,0.87578875,0.36283734,0.117879786,1.0443531,0.052832447,0.71005565,0.08631816,0.9709039,0.6746063,0.6456691,0.4567878,0.23328333,0.88882536,0.528561,1.473047,1.7061493,1.758808,0.73113734,1.7444184,3.0763729,1.4478827,0.69400114,0.57318914,1.6287813,1.1289042,0.86114424,2.0116577,4.366629,1.4200457,1.0061736,0.3606073,0.054330524,1.4609555,0.24078798,0.060379002,0.17828543,0.18409532,1.000466,2.7451172,1.8861278,0.26862234,1.4062574,0.036183108,0.5068337,0.6750431,0.68447757,0.52668226,0.6922218,1.2204756,0.037426367,0.61870277,0.7335274,0.8928631,0.66193515,0.45765647,0.62723595,0.5355,1.4450866,1.7406731,0.18871996,2.7146924,0.8513907,1.4305968,0.34895393,0.8088103,0.6968815,0.80688906,0.32280576,0.43837142,0.86771506,0.9437631,0.91023743,2.4998946,2.7263992,0.6495937,1.1171889,0.0575609,0.44367716,1.7736553,0.15869439,0.8624373,0.016948333,0.81665105,2.308588,0.5588784,0.43828565,0.70545787,0.4432556,0.39040998,0.16196255,1.0753372,0.20957279,0.6067221,2.1277134,0.95355386,1.6915759,1.3810396,0.19519089,0.25536308,1.4589983,0.62059414,1.3894466,1.1249064,0.55379003,all_pothole_images\pothole_images_enhanced_8d11ba2b5f8a85c38b4448d6b8bfe956.jpg
1.3959987,0.24204129,0.042601544,1.0310526,0.18435319,0.65346855,0.27512562,0.0,0.79362017,1.3767564,0.710732,0.52140844,0.0,1.801962,0.4292597,0.49263614,0.03649165,0.0,0.018861795,0.050327063,4.576975,1.2762088,1.6800342,0.0928823,1.8656937,0.22582778,0.30578268,3.1558487,0.62256795,0.10735712,0.37882307,0.91365844,0.0,1.4800482,0.11451731,0.4240246,0.10240413,0.3727782,0.58486354,0.32995644,0.010394826,0.015379073,0.42058575,1.0519903,0.6960337,1.352599,0.0076445285,2.183352,0.5925866,0.5424454,1.0748844,0.60765326,2.7958448,0.15020011,0.14786333,1.4989963,0.19630097,0.39824986,0.53459036,0.10126451,0.23371118,0.5919272,0.07881398,0.40911794,0.42045054,0.38920352,0.8246662,0.44692826,0.41903508,0.0007658269,1.783712,0.07957594,0.61425686,0.7762894,0.46004313,0.18410428,0.2677112,0.40683612,0.0007733812,0.00979565,0.088652045,0.44944647,1.1383667,1.162819,1.0537446,0.008197331,0.70332724,0.41388154,1.487875,0.4413613,0.4806136,0.14186235,0.08339177,0.39591902,0.76993436,1.1886309,1.7670667,1.0242426,0.62926453,1.0321572,0.67804873,1.3749924,0.41497192,0.0,2.0386562,0.0,0.24763185,1.4200785,0.018325219,1.0904816,0.14248674,1.7928234,0.74352276,0.50304526,0.5389981,0.12871128,0.12813471,0.04976727,1.2567607,1.0800037,3.0078049,0.49767095,0.00054584397,1.5051546,1.7655375,1.1314155,3.629561,0.38471687,0.0010576799,0.542363,0.0011956556,0.03128568,0.0,0.36288846,0.90414464,0.642917,1.3371638,1.050253,1.417946,0.117544815,0.9721203,1.0867498,0.05797409,0.43643814,0.085908264,0.523692,0.005764286,0.33780685,1.0993887,0.0868099,1.1657254,0.83707565,0.022155317,0.27374062,0.50815076,1.4914973,0.82192975,0.7793828,1.3231802,2.3135147,1.2896307,0.5667054,0.30186227,0.20091388,0.27424645,3.9837117,0.49957836,0.31861144,0.9539326,2.2509794,0.0808588,0.0,0.8948442,0.050713815,0.0,0.16555272,0.6608445,0.27237287,0.95491755,0.53922176,0.0,1.1835117,0.27539355,0.80989695,3.616795,1.702832,0.4104854,0.58518744,0.5877927,0.51038086,0.11646488,0.13128656,1.0279154,0.9280543,0.21092792,1.175876,2.205123,0.016879488,2.0796402,0.1866235,0.6085187,0.49721408,0.21960354,0.6192991,0.35569093,0.014501296,1.6796317,0.0287629,0.5783235,0.23232432,0.1265773,0.08825509,0.13011412,0.13113867,1.4156251,5.7378364,0.028098242,0.07619875,0.5037259,0.09116807,2.5694396,0.0,1.0644866,0.15186258,0.0,1.215254,0.2977295,0.29062378,3.126446,1.8325888,0.11443192,0.009017966,0.45517987,0.993122,0.0606158,0.14533463,0.88007647,0.015669672,0.062345054,0.26630044,0.27321208,0.06726225,0.24322163,0.22361977,0.16872479,0.42485866,0.9370965,0.5427377,0.09553723,5.966325,0.09480125,1.494651,0.058731165,1.0109034,1.2371416,0.51508826,0.27188516,0.29261276,0.013754771,2.5454159,0.18873121,1.3182527,0.88283795,0.0035901903,0.93695045,0.37996805,0.05857762,1.0612772,1.1611223,1.053608,1.0607306,0.049005818,1.3070363,1.170894,0.22278693,0.14125052,0.025976993,0.52833354,0.07456426,0.2080652,0.4022342,1.2696469,0.7852674,0.56624335,0.5442007,0.0067387586,1.5481946,0.60182697,0.6993959,0.009350925,0.1332653,0.0002676732,0.06181213,0.5717583,0.09146873,1.3446243,0.45347023,0.07873006,0.0074569406,4.7061806,1.1570585,0.73800075,0.00827586,0.010521307,3.6337895,0.7510964,0.26110595,0.0,0.20354725,0.66301507,0.031749643,0.18731144,1.212794,3.1435485,0.13899675,0.08865599,0.29004234,0.8670503,4.5441775,1.2003034,0.07376865,0.3421393,1.3732718,1.9963056,0.42850018,1.984771,0.8476318,0.24978682,0.0813186,0.013818933,2.1735835,0.3667486,0.3738123,0.08115888,0.0036620735,0.57932186,1.6399853,0.36141765,0.28792146,1.785982,0.10754742,0.097218454,4.0676293,2.667337,0.85071933,0.53135,0.5992233,0.44195905,0.71712136,0.008698737,0.8369575,0.3292298,0.045376256,0.9487942,0.031777035,0.011873865,0.39877966,0.10463545,0.81000006,2.785812,1.147041,0.0,1.5985366,0.38840488,0.9774456,1.1889018,0.86895424,0.55035657,0.38621947,0.64338005,0.07492917,0.1096594,0.89430577,0.5144886,0.055073615,0.5263585,0.57383484,0.23687726,1.315984,0.6092876,1.2372733,0.026699783,0.003872811,1.516306,2.3727615,1.3409312,0.9990436,0.09259213,0.95669717,1.7134072,0.7751751,0.68520886,0.14871481,0.15142006,0.07892937,1.2796618,0.25414008,0.55504787,1.0537765,0.8733076,0.5674094,2.3564923,0.8190529,0.31072366,1.0202478,1.2418139,0.58954906,0.36311036,2.155762,0.078367345,0.93833876,0.49807084,0.008168699,1.5402888,0.11252511,0.47408295,1.2153041,0.17296565,0.92106587,1.3265356,1.4198982,0.2818744,0.65561444,0.91296244,1.7709453,0.020675002,0.6698934,0.81257313,0.54883957,0.55833775,0.42565662,0.10099158,0.7365128,1.0071206,2.3711317,1.632517,0.7847849,1.5882983,0.045228712,0.4187362,1.5311861,0.0105527,0.0,0.21237224,0.024078261,0.03621732,1.0310882,0.84281933,0.0784124,0.7108529,1.2238826,1.0974591,0.9391429,0.12769133,1.7812215,0.404534,0.7719236,0.039927457,0.5534567,1.8528184,4.5089393,0.037049536,1.8708954,1.2884275,0.25921625,0.5199473,0.033298984,0.0042471536,1.7642627,1.1580774,0.1391355,0.0012650501,0.0,0.55828416,1.6578616,0.11384769,0.33160725,1.3110778,0.23760569,0.2665741,0.4362687,1.5090619,0.18106374,0.3899378,0.17888199,0.033847664,0.064657874,0.14626834,0.0019652294,0.0,0.37397462,1.3767476,0.05434014,0.60785764,0.0012995856,0.24156924,0.10361371,0.18204466,0.04102473,0.5766625,0.19951276,3.1300075,2.035586,0.9619546,0.22560394,2.102486,1.1833801,0.0,0.07555741,0.12873,0.16409492,0.18593858,all_pothole_images\pothole_images_enhanced_8d4fe0df51161eb48c57f457c02c13f4.jpg
0.93016213,1.9008497,0.49302456,1.5959455,1.3018485,0.21921451,0.22794992,1.1670313,0.0,0.13101707,0.1555677,0.2595148,2.8248708,2.4640744,0.62548727,0.010619609,0.6679009,0.95687723,1.9575417,0.19060771,0.85691893,1.1668168,0.24270636,1.201918,1.2210864,0.12693818,0.93629533,0.36428517,0.03673544,0.06589207,0.3975633,0.12046767,3.5484073,0.26677093,0.7713578,1.1116226,0.22357215,2.5791187,0.7468044,0.73359895,0.103990495,2.0380583,0.46049437,1.7427574,0.056237034,0.54335594,1.929218,0.0056132763,0.9107557,1.0168794,2.3425827,0.15067062,0.6674724,0.2212438,0.81436545,2.1185398,2.80797,0.51532066,2.259772,1.8695096,2.5414696,0.12705925,0.21685089,0.10370765,1.5622067,3.654349,0.43876663,0.6034602,0.26359585,0.89755034,0.24910705,0.22585693,0.15384507,0.5631701,0.83097416,0.117832184,0.56437767,1.7379107,0.033268154,1.1002544,0.08577779,0.020190634,0.04514868,1.1529443,1.9148391,0.9946953,0.15891303,0.5521225,1.9254386,0.36264735,0.30121928,1.19069,0.43742436,0.15867758,0.16859595,0.21552147,1.4144274,0.029578097,2.0440419,2.1546247,0.37152916,1.4544214,1.8159329,1.7813255,2.0794847,0.5437228,0.01794861,2.01285,0.024852095,0.9909649,0.56129956,1.5646598,0.37251776,1.0011008,0.59477216,0.9958311,4.3573513,0.30859005,1.4587011,2.0502791,1.3931838,0.11032019,0.12784812,2.3519316,0.8237468,0.8385619,2.3654363,1.6671771,3.2086806,0.9068072,1.027925,0.5402227,0.056876585,0.7211933,0.24810165,1.1644236,0.6746245,2.1593006,0.5366548,0.29261628,0.32092792,2.5872948,1.8208573,2.0512738,0.23256052,1.1520445,1.2238644,0.54824466,0.35798466,0.65581924,0.057760082,0.3039607,0.16680609,1.0887522,1.8686433,0.012201534,0.9802808,1.1232991,0.9477345,0.9368729,2.666685,0.6031912,0.16879736,4.383082,1.9270585,1.8699805,0.60917234,0.38063192,0.826071,0.13191703,0.23251505,0.31188327,0.0643098,1.7505639,0.15310776,0.15331809,0.12097172,0.015295109,0.6971051,0.6866601,0.074941896,3.0298629,3.0413146,0.8148085,3.504666,0.057790425,0.23586446,2.7521417,0.21384442,0.66865474,0.5350482,0.12263971,1.3599163,2.9909904,0.0,0.7515976,1.9191977,0.707162,0.26996428,0.34740314,0.37451255,1.7948742,0.70230496,0.6840587,0.5446683,1.366761,0.72470653,0.7411291,0.65872985,1.8994421,0.0,0.98566717,0.37515518,0.7952171,3.4610615,1.4679921,1.0150944,1.7476046,1.3607763,0.008074884,0.74863976,0.88494235,0.46556225,1.1443583,0.00025762417,1.052108,1.0426342,1.9624298,0.64329237,0.03064704,0.13701914,1.2473617,1.381309,0.1737749,0.41222936,0.228974,0.57004905,0.5813592,0.004621579,0.34924838,0.90037495,0.0016446284,1.0313778,1.7203773,0.23381293,0.18993852,0.2985818,0.77485996,2.245146,1.7521378,0.7506205,0.7510507,0.6821757,0.012837729,0.29698485,1.4222473,0.9719638,1.0652716,0.46741867,1.6824918,1.2159184,0.19097896,0.58377177,1.3440864,0.50161004,2.6058226,1.2118309,1.821634,1.2021837,0.6694095,1.4413214,1.2230738,0.9754238,1.4492358,1.5283964,0.47823882,1.2828096,2.7929046,0.20005973,0.36080512,0.25478405,0.10684644,0.468698,0.60771763,0.7130565,1.080267,1.7372546,0.32178563,1.9633414,0.58680964,0.07390219,0.02457062,2.2061102,0.5528648,0.43622488,1.0289216,1.3365595,1.326122,0.12485387,1.0229794,0.35547078,0.047885884,0.46519494,0.6327075,4.103248,1.2534822,0.2201514,0.78368646,0.574116,0.10251265,2.1474884,2.0047956,2.9656556,2.4276066,0.90697414,2.3208468,0.14606644,0.27618688,3.6126833,0.4417791,0.8034136,1.084273,0.35446897,1.028259,1.0320112,1.4749634,0.3131553,0.07438137,0.22617413,0.6920247,3.1247923,1.4542202,0.40431932,0.06968481,1.1151444,0.13647689,0.4032276,1.0450572,0.88300985,1.3403856,0.35390636,0.85292387,2.254286,0.95914894,1.7428452,0.09449291,1.1461097,1.1223325,0.6975741,1.1287236,1.5205889,1.1328132,2.6347187,0.5190201,0.030973395,0.57809854,0.4570005,1.3240045,1.1421186,1.0168303,1.0683712,0.84085464,0.57278293,0.46372542,0.049089637,0.97626865,0.9643316,0.31889042,1.1323397,0.0046768486,0.78108984,0.81189054,0.30139706,1.3172613,1.6712527,0.2956628,1.2604384,1.7662531,1.0298319,0.86213225,1.141948,0.24573211,0.9494406,0.66524184,2.1486828,0.7780379,1.5870203,0.015808068,0.036630068,0.8218878,0.13979565,2.058618,0.7810606,0.044746146,0.72606224,0.1304497,1.5893145,0.68047166,0.57157856,0.3584291,2.638645,0.8583159,0.6075535,1.2296994,0.5376744,0.0,0.048232067,0.2300911,1.0863962,0.6117908,1.7643601,1.2300633,1.5029557,1.7713244,0.027123617,1.2014608,0.13868141,1.0853101,0.18113403,0.123394944,3.8027062,2.0586028,1.9840567,3.5143557,2.8048933,0.06948502,0.28051898,2.31678,3.5612319,0.73392576,0.08893383,0.62296677,2.421638,0.61978203,2.8799758,2.9524946,0.9444822,0.56447583,1.2326138,0.556078,0.86516243,2.6535757,0.036688674,1.3416966,0.22105682,0.09793978,0.74363256,0.6302496,0.33667022,0.99066025,0.7291094,0.18616818,0.66193825,1.4109967,0.87703377,1.8846066,1.630891,0.27441105,1.5456079,1.783433,1.7637606,0.66350967,0.1527335,0.1854933,0.16997664,0.67204034,0.1307512,0.1629,0.53793144,1.9720975,1.0634738,1.1372195,0.26616153,0.69980836,0.48089722,0.49770534,1.2341207,1.9398159,0.16377565,0.022755174,2.3732777,4.1224422,1.744066,1.6747016,0.08893427,0.16592902,2.9422774,0.30144256,1.5231547,0.6568459,0.7143486,0.76306844,0.34242162,0.5530298,0.3008508,0.6732924,0.24292365,0.7255286,0.64050007,0.8715816,0.33470994,2.2023735,0.6788336,2.7107148,1.5688574,1.1271999,0.87676674,2.1143563,1.9546372,0.46465737,2.6048002,0.88924545,all_pothole_images\pothole_images_enhanced_8e32ac397508ebe24c307cf158054c03.jpg
2.3405786,0.28740212,0.08887866,2.223171,1.3904518,0.5430695,0.047786266,0.1502569,0.36676094,0.30446464,0.051302392,0.8092351,0.692921,0.40110657,1.0140988,0.024863923,0.21933831,0.105255745,0.12876123,0.25267154,0.42731202,2.091795,0.19565734,0.17253421,2.496307,1.414556,0.26876798,3.6680589,0.3369171,0.4065684,0.67854315,0.8859836,0.41101035,1.4227906,0.1891524,0.66247,0.9735182,1.0672691,0.984207,0.17710215,0.18365383,0.04451166,0.5708483,0.847562,0.4429809,1.2984548,0.0,0.25266507,1.2731918,2.1476371,1.2890621,0.018903738,0.2712114,0.26982203,0.0,2.3159633,1.3502288,0.0,0.2100581,0.06701995,0.1383274,0.3632564,0.32098845,1.2954872,1.1538134,1.2330132,0.22188126,0.016124632,1.2309492,0.14811645,0.3562564,0.2717324,1.1900408,0.60538954,1.6540402,0.97968817,0.08229689,1.5057701,1.0647435,0.20031352,0.06495201,0.13274053,0.0056131333,0.81608516,0.80249333,0.40689623,0.377535,1.2275646,3.0167317,0.87330675,1.8443732,0.0,0.3708343,0.77958286,0.08596761,0.0,0.6695814,0.0,0.8627167,1.2573018,0.083098516,2.902312,0.48595887,0.05956246,0.25070786,0.18143082,1.4934165,1.5657555,0.00047469462,0.06829689,0.0,0.82477796,2.062885,0.88409907,0.9097704,1.563964,2.6229067,0.97052664,0.44048908,1.5406618,2.9898784,0.2623734,0.15416102,0.46760342,0.5503902,0.3317625,0.6797132,1.8545619,0.8502994,0.03851817,0.06796754,0.029169198,0.08843031,0.0141263325,0.40122876,2.1133106,0.71730196,2.7861633,0.28889695,0.010650549,0.09345517,0.21148829,0.04999071,0.17734508,0.17670253,2.532306,0.045498148,0.71796775,0.9226613,0.1425265,1.2071495,0.7105676,0.16284694,0.10948569,1.2303535,2.7366028,1.5357246,0.0794214,2.0764866,0.43087932,0.17608961,0.857526,0.17013799,0.81863326,0.0034304233,2.988617,0.42988375,0.14712742,2.2670126,0.40220922,0.29606852,0.20316368,0.10651933,0.0,0.99715275,0.02084231,1.088457,0.0051297187,0.14691608,0.33584675,0.01603367,2.1048472,1.5513632,1.1150181,2.8582697,0.63980955,0.17218558,1.9124181,0.8523978,0.72832894,0.8597372,0.86329275,0.010499322,1.2488835,0.25456008,0.23952441,1.3703145,0.050367724,0.67355835,0.5513619,0.6742215,1.4761688,1.021008,1.5884532,1.1406347,0.8739792,0.7774028,1.8040283,1.6979339,0.21968853,0.0,0.023166167,0.27825576,0.04184421,2.2432394,2.8311536,0.0138471695,0.12406419,0.13990256,0.015833586,2.2454004,0.5111957,0.55792576,0.101272464,0.023262735,1.4454725,2.2819452,0.6160861,2.0161307,0.19470616,0.24182755,0.46682745,0.57897204,0.9266314,0.40241846,0.043099698,5.703473,0.0,0.17098273,1.2729006,1.1349531,0.30937222,0.14785396,0.07288955,0.33958784,0.0,0.16045284,0.49887472,0.097446665,4.216992,1.0896255,0.7133747,0.896843,1.1367736,0.03090962,0.0,0.3929314,0.761831,0.043244936,3.2221336,0.010494598,0.28009608,0.40547162,1.2233238,0.3181585,0.61851454,0.39465013,0.4158902,0.8509552,0.22720383,0.1636582,0.004125258,0.0,0.15438081,1.8883514,0.9408524,0.8915237,0.5639367,0.7596426,1.2755167,0.19659035,0.11205689,0.5505314,0.7803932,0.35581616,0.45788175,1.8556817,0.28961796,1.5127493,0.77306426,0.33219036,0.0030689074,0.46939844,1.0684377,0.07573017,0.069015756,0.46508712,1.6422492,0.44577432,0.8716678,0.28078556,0.8845505,0.01131301,0.7920518,4.274171,1.4653158,0.14445406,0.47766075,0.061254073,0.7650355,0.60912126,1.338733,2.7216847,2.0345254,0.7281732,0.6228169,0.039202433,1.192499,3.5300846,0.28310284,0.9008741,0.16288528,0.13706371,0.13846524,0.3686517,1.0349871,0.45453924,0.15692402,0.27014777,0.22876778,2.6690848,0.23252894,0.30044386,0.04112557,7.4173826e-05,0.049981743,0.6655393,0.053696766,0.013455447,1.8930234,0.64608836,0.09340749,3.1548293,0.15356787,0.09638899,0.45528874,0.8143637,0.30109397,0.36753404,0.41143358,0.6002239,1.335866,0.36744517,0.6405159,0.26262543,0.07259082,0.18840046,2.237135,0.049199127,1.5188416,0.04540685,0.6316344,0.7694445,1.5459636,0.0043914802,0.45236564,1.5339172,0.31209785,0.4353006,0.23117203,2.717638,0.63244015,0.119850606,0.008948552,0.2772645,0.22180471,0.0,0.2170006,0.9851313,0.20331849,1.3675176,0.046649046,0.097203,0.7494208,3.6295981,2.442115,1.4397577,0.018130833,0.4522878,0.5789222,0.7461726,1.00087,0.24999283,0.06377266,0.03781132,0.3170013,1.1073269,0.3240039,0.01162319,0.14426301,3.832873,1.3255367,0.44548658,0.013827452,0.7796901,0.6071056,0.41521508,0.51380414,0.38669026,0.38131854,1.9384112,0.006796378,0.023664728,0.47568768,0.047460847,0.419626,0.7275406,1.1014088,1.0196167,0.005030381,2.979779,0.36877808,0.25142533,1.1713396,2.4279768,0.06799144,0.59553576,1.7552867,0.41336867,2.2157953,0.87659746,0.07029201,1.1509801,1.2557538,0.050395623,2.7729576,0.8208746,1.0035286,0.0044410923,1.763403,1.1277572,0.31080383,0.5675317,0.93639684,0.40243825,0.036950573,0.20236358,0.38797837,0.17902845,0.05767352,1.5563436,0.95165265,0.5829717,0.7251822,0.8092524,0.5127253,0.8102781,0.21035916,0.41203985,1.8770895,2.7447186,0.12462073,2.1149662,0.1412315,1.1892214,0.59448814,0.67074674,0.1047034,0.051594973,1.0974171,0.7105007,0.6050978,0.3569548,1.0292299,1.596958,0.06790039,0.66033745,2.1728857,0.72115177,0.50330055,0.0,5.59342,1.9984171,0.8739912,0.008561111,0.17380597,0.19952004,0.04626244,0.9205165,0.016867029,0.57776994,0.5930095,0.10972986,0.6678149,0.98717654,0.17027861,0.0,0.18249136,0.01087293,0.46874714,0.61529034,5.8123355,0.8562627,0.038698744,1.137272,1.3072037,0.1396163,0.25496334,0.44925404,1.8497227,0.5253588,0.726058,all_pothole_images\pothole_images_enhanced_8e4f5514ba381d83ec2e36b51dc1c474.jpg
0.7810266,0.6191664,0.24229746,2.216491,0.17847204,0.24473439,0.98785716,0.7785264,0.3454542,1.3573099,0.19672872,0.96678287,0.61587685,0.633249,0.0728733,0.0115739945,0.5958561,0.14529823,1.432876,0.023261797,0.9526241,2.553979,0.8429386,1.0288035,0.56824523,0.3692363,0.09544271,0.79733205,0.1434285,0.69426495,0.995776,0.19535078,0.5554269,1.2673426,0.48419422,2.2678967,0.17314294,0.34958446,0.19751334,1.7366343,0.04628488,0.0,0.09535072,0.23252611,0.32970482,1.1002053,1.1124067,0.0,0.4228082,1.835834,0.9265265,0.59121287,0.3807586,0.46790764,0.024456589,0.9083001,1.1074182,0.10564833,1.4527167,0.022927212,0.15575816,0.3928101,0.20087284,0.07295049,0.79711556,1.6311872,0.8512271,0.057868376,1.9732993,0.27405775,0.33827415,0.4126908,0.4192606,0.25639257,0.20404182,0.028421396,0.029660568,0.46023902,0.62337554,0.14674576,0.10558567,0.1378104,0.9209543,0.46570733,1.1366032,0.5830799,0.0215945,0.27722675,0.6358246,0.8261678,0.42110518,0.0738784,0.037382476,1.2355415,0.0966198,0.5492673,1.4460223,0.7710277,0.086537756,0.4024049,0.74818265,1.4211824,0.5329638,0.49591726,0.5172517,0.79611087,0.013206565,0.19309324,0.16514374,0.4313381,0.22477543,1.771223,0.67747736,0.71032155,0.29877934,0.014542852,3.2339644,0.36555874,2.9681733,0.8046347,1.2635663,0.661047,0.6635353,1.4111283,0.027130796,1.266628,0.65951383,2.102358,0.06571327,0.20686635,0.8606369,0.00029671047,0.7463631,0.1264196,0.19614875,0.5185554,0.044946775,1.2701341,0.08960785,0.1312927,1.1556529,0.69412595,0.15136349,1.0652343,0.08391711,0.17343003,0.028805522,0.728089,1.0638286,0.29760015,0.70701784,0.95764875,0.15044303,0.68990403,1.5675467,0.57641935,1.3311065,0.46027106,0.78332216,0.5957375,4.222535,2.124732,0.0,0.32513633,0.16204509,0.6217669,0.6969798,0.08736955,1.3474158,1.2270302,0.31009158,0.06401651,0.007853966,0.19042177,0.4102365,0.26752266,0.18145055,0.0177344,0.9315988,0.24657708,0.13659489,0.6589489,0.15398003,0.5743776,2.468734,2.6637921,0.5531263,0.72020125,0.41663185,0.9666856,0.012534795,0.03518207,0.11387906,4.559477,0.3287703,0.2945201,0.57871985,1.1621882,0.52621955,0.8658959,0.38742375,1.0541154,0.61183155,1.0260755,2.0333934,0.26849663,0.53856885,0.39568928,1.2782732,1.8306937,0.05940835,0.53914833,0.33240694,0.36061865,0.6230119,0.8747432,0.92877257,0.012857297,0.72888976,0.24902226,0.20785464,3.2853806,1.2800349,0.7315278,0.13208754,0.31320697,1.5498967,0.02669515,0.57979393,0.15579711,0.598572,0.38062096,0.49180344,0.28415096,0.48332968,0.0,0.895075,0.323831,0.1727768,0.08212463,0.28816706,0.32023925,0.96755165,0.77640635,0.24242917,0.034819145,0.66743,0.603311,2.2626982,3.05423,2.4184275,0.6673252,0.85309994,0.23258209,0.2012813,0.6098691,0.3520785,0.43199533,0.94033724,1.0052965,0.7703431,0.29077864,0.60301656,0.71285933,0.57022244,0.27236345,0.9385529,0.88755405,0.53127694,0.791945,0.009883842,0.3209306,0.7173956,0.9143876,0.957439,0.8055586,1.5345461,0.26762387,1.2874465,0.80713534,0.24072737,0.1313977,0.9062176,0.34310544,0.31313837,0.8417735,0.92984986,0.044335745,0.9984217,0.62713075,0.6323173,0.14275637,0.29979342,2.033914,0.019963438,0.14895223,1.6353853,2.4531703,0.24587393,2.1896021,0.024600461,0.89706004,0.31090206,0.5888594,2.009373,0.4335191,0.8060107,0.7146732,0.002376487,0.2806089,1.8178833,1.523429,3.8348918,1.9354048,0.3021912,0.31728873,0.3093384,0.553625,2.1262555,0.3534977,1.540655,0.011795723,0.11738168,0.48298955,0.1399216,1.5962276,0.23444857,0.09714334,1.0118229,0.13931546,2.9765706,0.5804207,0.14112587,0.012475618,0.027368773,0.3845472,0.12334859,0.42519373,0.5989092,0.4512833,0.46345675,0.3956691,1.341857,0.19364606,0.07449965,1.6264602,0.19856907,0.12649605,0.2874827,0.2870297,0.7225058,1.3740124,0.22120108,0.9924257,0.06959177,1.3794893,0.121459626,1.7317445,0.48836648,0.85299104,0.4833424,0.95998776,1.6600903,0.18915325,0.40479463,0.7004751,2.5544925,0.19033536,0.76156396,0.2555454,2.125011,0.23624858,1.4140525,0.048654146,1.4634842,1.398458,0.7045162,0.47414342,0.2542952,1.2555971,0.4722851,0.30883986,0.2356122,0.1761053,2.9798675,1.2849673,1.249556,0.005379636,0.51931584,1.6042265,0.32201123,1.7918973,0.08218322,0.9698051,0.015566068,0.008485952,2.813837,0.4681933,1.4016019,0.5154346,4.6346903,0.65610355,0.49218497,0.5192522,0.5748647,0.17533945,0.8517655,0.20300423,0.0,0.0671751,0.5220156,0.55139154,0.9596984,0.2117106,0.04558765,0.075607166,1.437831,0.0,0.9945699,0.09750923,0.16350074,0.6053928,0.41015434,2.2812994,1.0024801,0.27268496,1.8515325,0.9098934,0.08747947,1.3333318,0.3919958,2.2201643,0.5690153,0.9851194,1.233719,3.056278,0.41727412,0.4150564,0.34670517,0.7512266,0.57263094,0.354961,0.28126177,0.62949866,1.3337417,0.044821806,0.80246687,0.32698718,0.7356548,1.859283,0.8521279,0.6488365,0.72612387,1.0506972,0.91682076,1.5121933,0.3981213,0.3495231,0.9846945,1.866452,1.0573233,0.83093196,1.6200104,0.21454567,0.41140163,1.2160348,0.36721146,0.048416167,2.1861749,0.8303823,1.405755,1.1814464,0.009391608,0.47354335,1.4829073,0.022964215,0.083738625,2.2874928,0.06633687,0.07638589,0.9589628,2.5394645,1.1051899,0.44027805,0.003706503,0.17665835,0.9930507,0.022045724,2.6843474,0.0072850715,1.1842185,1.281263,0.34312227,0.0067416537,0.68504906,0.16064663,0.06031246,0.6150805,0.16708627,0.3260448,0.19685484,4.501813,1.5919598,0.4397042,0.5473578,0.22731832,0.71657866,0.5383551,0.40060645,0.9021589,0.22391888,0.5388652,all_pothole_images\pothole_images_enhanced_8e5f0559193421900e3ea17a6491d010.jpg
1.39489,0.8293796,0.26677987,2.79348,0.3165589,0.08412292,0.11493465,0.04168428,0.7653103,2.3294969,0.0712732,0.13677017,0.006573408,2.2433877,0.054261636,0.062961556,0.17084713,1.9500773,0.2908295,0.015500491,0.27165312,0.6693626,0.59821635,0.42654094,0.81502825,1.0852541,0.78128964,1.5630646,0.68482953,0.14893502,0.0014528577,0.21799973,0.04632383,0.15370266,0.0,1.6489563,1.3173071,0.41482776,0.7902574,0.01247958,0.21566594,1.0466648,0.39257368,2.5621555,0.7626203,0.45362058,0.25948107,0.37794176,1.7265795,0.058187824,0.15715325,0.69924426,0.2059508,0.2473285,0.16256596,0.4671106,1.1919744,0.007821366,0.4309445,0.24749374,0.046484143,0.9932327,0.40690818,0.60871065,0.93214554,1.38149,0.36928076,0.30771184,0.060229685,0.22595266,0.37956485,0.2265456,0.0038136297,0.10503,0.49926758,0.08421059,0.54984343,0.4486017,0.0,0.123009086,0.041358203,0.052801773,1.7471879,0.7672008,0.062558874,0.0,0.019414825,0.045784887,1.8416231,0.097162634,0.67835265,1.2753011,0.0,0.10257757,0.5740434,0.10820717,1.3515453,1.5951529,0.8700747,0.038525302,0.20027907,2.126222,0.3878651,0.05193085,0.9239975,0.007274754,0.21511962,0.05356856,0.59614664,0.3202475,0.033939935,0.66090477,0.3955255,0.5790545,0.6736346,0.047192436,0.0038733382,0.040471874,2.984422,0.39716548,1.3000112,0.03042854,0.17234842,0.3288718,0.08427626,0.07707006,0.0046478407,0.43553707,0.05772463,0.04177323,0.00043520678,0.16827741,0.007489026,0.039324965,0.03709035,0.0,0.008948121,0.26458177,0.8780356,0.2700193,0.38792193,0.20070419,0.8303126,0.23224008,0.0,0.21320738,0.13599806,0.13143803,0.22390111,0.5908292,0.5198638,0.3318981,0.0,0.4946433,0.9752697,0.75739706,0.1050089,0.004121044,1.1337725,0.34671178,0.34568304,1.746784,0.9537454,0.514838,1.524073,0.16508912,0.3576049,0.0,1.0090238,1.0012553,0.48132095,0.41365802,0.061352067,0.018451318,0.09305512,0.34870884,0.24650876,0.16694446,1.189975,0.029232994,0.07555747,1.7446684,1.061838,1.3618474,1.0806221,1.9165088,0.9578261,1.0537993,0.3508582,0.4746212,0.0,0.041636135,0.17103544,0.0,0.77278495,0.0004991257,1.7783287,0.2729591,1.3861343,1.037736,0.16205566,0.72952044,0.038461007,0.4397801,0.11147997,0.21484162,0.015241555,0.12545413,1.3660723,0.24808648,0.06421739,0.028472824,1.5543599,1.680062,0.94725454,0.449673,0.3283973,0.061174974,0.002543381,0.5523821,2.2181935,0.03389829,0.5335604,0.16225798,0.0,0.0,1.2916915,0.24717392,0.78229827,0.1841599,0.11102947,0.038520318,0.30638766,0.33620632,0.014025978,0.057104595,2.1548543,0.034989532,0.009607287,0.2962708,0.076337226,0.66919506,0.007057774,0.43492773,0.2721744,0.0018838962,0.37014034,0.13955832,0.56058323,6.3926625,1.071468,0.27517393,0.0,0.61910427,0.0,1.1498696,1.5880032,1.4504598,0.4039063,3.1784375,0.00022435676,0.10542558,0.3947163,1.9791054,0.0023058648,0.3718525,0.3381213,0.14702447,1.1746461,0.0,1.5763887,0.0,0.28340665,0.37660643,1.7056674,0.79469323,0.45802572,0.5808047,0.09745211,0.45474046,0.2881607,0.15387987,0.5830292,0.22942711,0.0060121515,1.42434,1.7371211,0.08811272,0.79921407,0.44273078,0.14126848,0.13472532,0.06964099,0.3364153,1.3317649,0.88304365,0.023807049,0.21838792,0.63941646,2.6891685,0.5613113,0.8738414,0.0011137619,0.057452697,6.4228554,0.32229772,0.19429755,0.3487716,0.01784101,0.344776,0.18869548,1.2533612,1.3345604,0.5119911,0.8266854,0.7769351,0.09711549,1.6698377,3.611913,0.1980264,0.38178915,0.010032658,0.21469155,0.090352416,0.82342577,0.025772367,0.78942466,0.04875904,0.49906975,0.69813114,0.7009604,0.0,0.0,0.04806533,0.061804645,0.0041867443,3.2072175,0.14721702,0.09057216,0.24784464,0.37701115,0.7153161,1.2674466,0.8116203,0.2840421,0.46689823,0.016553737,0.3447387,0.22452599,1.017376,1.1491886,0.32575452,0.4702591,0.22804676,0.20916909,0.18172182,0.2237706,1.3169113,0.67558193,0.41588506,0.03890473,0.6212705,0.70205194,0.717641,0.022134442,0.078567944,0.10477765,0.007657371,0.23444743,0.16307867,0.36838165,0.21392386,0.57856834,0.008822121,0.010381412,0.41585696,0.105165415,0.014161926,0.24629837,0.098624386,1.0551485,0.0,0.29505885,0.25398168,0.6034535,0.14493363,0.7895086,0.10197742,0.3501124,0.48679346,0.31968608,0.034672055,0.5844875,1.6075746,0.09923458,0.20231047,0.43940556,1.4728032,0.24356668,0.18461657,0.036360137,1.9927776,0.06572456,0.19083412,0.8641823,0.44660863,0.37033486,1.4246614,0.108268924,0.111318335,0.022324633,0.49493173,0.2812659,0.072671674,0.0012906928,0.15281726,0.5779824,0.9055959,0.19458573,0.001847753,1.2058667,0.040960047,0.8006254,1.71179,1.5666912,0.104853705,0.2143181,0.07166481,0.15097277,0.57362974,0.183215,0.0,0.3491857,0.88850605,0.14766982,1.1574775,1.2721621,1.9551089,0.5821117,0.10863771,1.6090266,0.70203507,0.12553947,0.0036853484,0.17783396,0.0,0.42818964,0.16848432,1.0294027,0.93176156,3.4572785,0.45837045,0.39785695,0.8560661,0.71400785,1.0370551,0.16566254,0.19382247,0.3408519,1.5541371,1.7597247,0.0,2.1373942,0.12959985,0.54748255,0.022036824,0.2468213,0.10195657,0.0029610777,0.06922199,0.022611562,0.6406197,0.059298072,0.056370743,0.35812825,0.35179177,1.1475159,0.6136453,0.38940167,0.100065775,0.15058677,0.5929321,1.4648556,0.10217629,0.17535403,0.13179398,0.2049625,0.032370172,1.1444494,0.03486128,0.1562889,1.1502312,0.027008211,0.5111571,0.012270643,0.0,0.14848803,0.15942633,0.1574432,0.30952123,0.43079254,3.2646945,0.017548855,0.58005357,0.38343257,0.9107722,0.499518,0.023451932,0.5054517,1.3840637,0.0016289246,0.3278996,all_pothole_images\pothole_images_enhanced_8e6604e46b73bcf9e1f84eb38e88826f.jpg
0.32798588,1.1657656,0.15732245,0.9419699,0.07780074,0.07575653,0.3876053,1.6534054,0.24321653,0.15330642,0.4092751,0.22331238,0.042010598,2.2221262,0.03579535,0.38694054,0.17287067,0.13082634,1.0283307,0.11389615,0.28449658,0.8148613,0.1633618,0.36140886,0.27263418,0.24730709,0.005714631,1.2933738,0.67969674,0.20970182,0.053170938,0.06147004,0.029232306,0.036607224,0.0,0.1405482,0.61932355,0.55393845,0.8679795,2.3607562,0.009098154,0.019483034,0.1823265,1.0623018,0.44636083,0.18267621,0.005436967,0.0,0.21965772,0.0008037131,0.046562992,0.068264715,0.45127326,0.025792558,0.051338196,0.6653106,1.8819449,0.0,0.012509435,0.021413354,0.0,0.09147062,0.9228257,0.62792444,0.041940864,1.123191,0.5422981,0.0680755,0.009469811,0.08528669,0.19607875,0.5068369,0.008115065,0.013481819,0.02630645,0.06083579,0.0,0.10913732,0.06977455,0.23347627,0.080069475,0.11324553,0.4075772,2.2726948,0.027777541,0.18747608,0.112247735,0.06750231,1.7124157,0.1303005,0.0,0.23139875,0.0,0.011421509,0.019153439,0.0,0.45745996,0.7077103,0.24860294,0.0837923,0.1430828,1.9936814,0.19261017,0.0,1.2760807,0.14751555,0.017427742,0.0,0.05970946,0.4444535,0.0,0.57793844,0.9409941,0.26115128,0.20821874,0.17536612,0.0,0.0,0.8400307,1.194875,1.7292999,0.08219442,0.042538248,0.5137571,0.37314227,1.2114106,0.08837909,0.021545203,1.2696248,0.0,0.012194107,0.37907058,0.0,0.24819769,0.35532114,0.09521978,0.005905759,0.87867314,0.13387972,0.0048260065,0.21739675,0.0038749767,0.27599758,0.16098443,0.12859717,0.8859389,0.009725896,1.1869712,0.008792732,0.23270851,0.44130734,0.5779173,0.0,0.0010629199,0.99625784,0.019126996,0.022567939,0.0029658775,0.8028458,0.28142017,0.92040175,1.0114727,0.1450473,1.0120603,0.64056206,0.03885834,1.1854401,0.0,2.2118318,1.6527984,0.035687365,0.058392644,0.13380677,0.0,0.6146082,0.12808697,0.023614312,0.0,0.033396497,0.0058076577,0.32614473,0.39042547,2.7504215,1.2561179,0.08822128,0.39282873,0.0014507311,0.11645895,0.06843288,0.20525147,0.0,0.039792035,0.0,1.7238863,0.21923646,0.0,0.019075938,0.063239455,0.15675427,0.28441796,0.21124205,0.9315411,0.98281634,0.25990975,0.5342748,0.0,0.44537568,0.15227717,1.5479774,0.4952066,0.0,0.29194695,0.88553643,1.2834525,0.5044418,0.8372559,2.2794333,0.10755388,0.2875561,0.08848322,0.21468401,0.13071549,0.3337854,0.8854406,0.009304718,0.017455619,1.4304868,0.09495126,0.54812413,0.3229173,0.014779942,0.7419543,0.08821103,0.0,0.028274493,0.06372218,2.092959,0.11557975,0.0,0.11293982,0.059784766,0.063262776,0.0065326956,0.0024464836,0.27013886,0.0,0.1596515,0.0,0.09770075,4.1923823,1.2080394,0.0,0.024346566,0.09557461,0.081782214,0.005279165,1.7723986,0.0,0.22843994,2.199931,0.0,0.09970282,0.7087209,0.07807318,0.012867832,0.4905781,1.2349629,0.09960509,3.560823,0.0,0.117313966,0.051219087,1.0142324,0.0020560015,0.30407527,0.5316865,0.2126254,0.17750949,0.0145076765,0.6134156,1.4325757,0.22473094,0.33854142,0.025851816,0.29318625,0.019762222,0.0013290079,0.083641246,0.686662,0.11277393,0.32648894,0.005742481,0.024948016,0.15032555,0.049752664,0.5854386,0.038283475,0.39835855,0.027305203,2.0576289,0.25589126,0.1408369,0.0,0.8784256,5.909574,0.0032312458,0.09050627,0.09689797,0.049387425,0.014522956,0.5287797,0.48122087,2.5499372,0.0962762,0.0,0.81680644,0.0,2.5422854,0.061483297,0.25441912,0.16814603,0.0,0.032278743,0.0030842265,0.15313332,0.11192363,0.48896664,0.0043865023,0.051574595,0.135746,0.5423693,0.015246574,0.016832469,0.030752035,0.05437842,0.96527743,2.6298358,0.27299798,0.16586782,0.017091198,0.62517196,0.8157342,0.6656363,0.085003465,0.69659394,0.014778762,0.18983313,0.1086257,0.7629782,0.45791656,0.054870628,0.021968143,0.32851994,0.6017856,0.03459951,0.26514038,0.07437158,1.4008689,0.053066842,0.09328363,0.0,0.32610187,0.14338624,0.15245615,0.06254299,0.0016866963,1.3068311,0.0,0.32324064,0.042485997,1.8878143,0.089416265,0.104006976,0.0,0.82186204,0.13745654,0.34376112,0.14547952,0.28423604,0.20347208,0.32391956,0.0,1.7226796,0.68892395,1.0507265,0.9764477,0.5669519,0.0,0.04941949,0.6387842,0.042147335,0.22124793,0.091469206,0.2655569,0.011789752,0.0,0.7948116,0.35213163,0.04359936,0.10495825,1.8115764,0.2908985,0.8699286,0.84664965,0.6431592,0.12494955,0.13893847,0.40724578,0.069500476,0.25260568,0.47597897,0.3003703,0.2767237,0.031824633,0.0045629097,0.14304683,0.33023813,0.3839609,0.03064729,0.0,1.5485849,0.33281177,1.4844565,0.6642759,1.5011353,0.0033730546,0.8780162,0.04934848,0.16082387,0.009279978,0.8913473,0.19778216,0.19768886,0.026454244,0.12722473,4.618392,0.06330471,0.022357315,0.39694455,0.050667014,0.85391366,0.30963033,0.10563356,0.0,0.40747395,0.0,1.1025437,0.47684243,0.08872569,0.20496142,0.98751813,0.028538188,0.5710028,0.0071707168,0.5891608,1.0259469,0.7947991,0.1693305,0.024221517,1.0366914,0.19339149,0.067849524,0.4374834,0.012772,1.191981,0.0,0.0,0.00041976932,0.027927743,1.0436004,0.91020113,0.010026002,0.4154492,0.034708466,0.5600715,0.27540168,0.0,1.0440111,0.113231316,0.44670844,0.9470421,0.85304415,0.19497193,0.016465273,0.0,0.16630994,0.04708308,0.01790248,0.20347418,0.04530395,1.0594553,2.639575,0.089495376,0.0,0.0,0.03266673,0.040198952,0.47964227,0.0042285062,0.2572977,0.01605235,4.3816185,0.033888455,0.08486137,0.30426764,0.14815123,0.04590119,1.4726706,0.17690347,2.4310067,0.9467983,0.15634918,all_pothole_images\pothole_images_enhanced_8e7f089d3f6a3dd40984f2f2b3f4f3bb.jpg
0.18968408,1.2234972,0.48276252,0.2406003,0.52099085,2.134027,1.0657411,0.5700934,0.064672545,0.5959784,2.1090515,0.7766459,0.40920472,2.0594757,0.7215052,1.3321686,0.13054222,0.6679972,1.6271119,1.3344408,0.79616714,1.7906805,2.8112736,2.117432,0.95049775,0.72653073,0.08248781,0.78590673,0.28857526,0.1799257,0.040780433,0.08630347,0.71715313,0.06868669,0.0965538,0.4483784,1.0808756,0.07139895,3.012795,0.07464235,0.10451774,0.75802255,0.041929934,0.32698378,0.21730073,0.3629653,0.6810692,0.32999757,0.61081916,0.2264275,3.155541,0.906177,1.8720782,2.5510721,0.1135273,0.2569749,3.2181818,0.44012222,2.1192808,0.20842846,0.5314964,0.0027113368,1.7726701,0.30813572,2.0778413,0.8995202,0.505584,2.4559667,0.37951845,0.33256897,0.83835834,0.43814984,1.5985245,0.35024595,0.78934413,1.0935141,0.31767207,0.7326264,0.253803,2.8485866,0.013054213,1.2138753,0.0022538134,2.593343,2.811344,1.0554261,0.19836286,2.2353308,0.5715677,3.677948,0.41336495,1.76853,0.41448998,1.0772506,0.41698685,0.11490752,0.5324456,0.36167324,3.3455296,1.4293596,1.1649457,0.7879099,0.35868084,0.37696752,1.5426122,0.5787081,0.43654102,1.5649472,0.4625501,1.1504905,0.7057227,0.5137748,0.3988523,0.48097873,0.51132834,2.7974956,0.96369416,0.47388792,0.60506463,0.9910534,0.74686027,2.9937816,0.53315353,0.35610363,1.8672903,0.93721455,1.3517107,0.45734832,0.49567276,0.3366085,0.58918464,1.934907,1.095005,0.8831804,0.48601022,0.85921705,1.0237128,1.5351375,0.92158395,0.48078793,0.20273733,3.0860376,0.64678216,0.53259975,0.30298537,0.63179195,2.0113692,0.13572511,1.8148801,0.68567604,0.21683688,1.8022919,1.2242492,0.3462348,1.1903641,1.1174002,1.5500603,0.6910217,0.79432505,0.8715068,0.6262579,0.029680198,0.4588822,2.3298256,3.3066723,1.2990153,2.9251988,0.5978969,2.4564703,0.043810453,1.8090185,0.341131,2.875442,0.7830928,1.2771771,0.4497381,0.30452463,0.1808733,0.36134416,1.6064285,2.94042,1.0161139,0.5895469,0.6480307,2.4544253,0.5343387,2.1929965,3.5495892,0.26454842,0.9362773,0.44932836,2.761074,0.11879554,1.3030244,3.7578566,0.4288439,0.56888986,0.9756384,0.2866387,2.6950643,2.2446156,0.9427504,0.81361353,0.059469115,0.3647333,0.17698552,0.88555527,0.07874165,1.5718521,1.5881491,0.06461833,0.91738015,4.017879,2.6516442,2.6672611,0.018547483,1.0492487,0.6943494,0.06301646,0.16117194,0.4295469,0.048043884,1.6592039,0.1190379,0.536273,0.38620174,1.3941426,0.0040397258,0.6741509,0.026619054,0.100215726,2.3733985,0.37202325,0.46226656,1.8731894,0.7090269,0.87967557,0.060537294,0.49492928,1.0385493,1.1411922,0.95689684,0.40940022,0.94550914,2.1795409,0.0,0.30026522,0.62107426,2.4714,1.1660632,2.687782,0.80723625,0.57688,0.29331034,0.33093777,0.045203023,1.5938672,1.6339747,0.084638596,1.4742855,0.8983668,0.282031,1.1104492,0.93235046,0.34575918,0.22952254,0.25542548,1.2828375,2.8740652,0.7333013,2.431747,0.4411667,0.35169917,0.9214498,0.3354707,2.1630147,1.9471164,0.31419873,0.08455312,0.5670157,1.1313412,0.9681496,0.53681576,1.34506,0.78112286,0.50582236,0.3071614,3.1931853,0.6863063,1.4340465,0.5497632,0.077527285,0.034318674,2.1009338,1.0636475,1.6389941,1.974202,2.8677502,0.62876356,0.104567595,0.025192352,0.21387361,1.052217,0.42499292,3.1512935,1.001326,0.3096723,0.018372042,1.3320161,0.08731003,0.2882111,1.7682912,2.7924755,2.2629933,0.30084908,0.2079915,0.69575375,0.68360883,1.6666081,0.047342096,1.2502751,1.1233776,0.29192495,1.0707908,1.5824895,2.0155194,0.61921704,0.7824671,0.5951642,1.9449855,3.298973,0.3218979,1.578379,0.6994873,0.40081298,0.15318911,1.2465594,0.026976414,1.1645802,0.22519296,1.2417632,0.9146378,1.1316365,1.277377,1.411031,0.92755765,0.93617195,0.6345252,0.30310497,2.1731908,0.1006178,0.1563698,0.45209557,1.4435854,2.8643966,0.30174625,3.1584299,1.4287872,2.7457268,0.10190438,1.642273,2.6138723,1.9335673,1.038482,0.2670861,0.8958975,3.0026693,0.3533346,0.43855748,0.49953443,1.0032158,2.3318958,0.3610086,2.549463,2.225089,0.42139283,0.884185,0.5521465,1.3073593,0.55583054,0.7624512,1.0506712,0.21419577,1.4034182,3.777331,1.3040626,2.6083221,0.48160684,2.8197117,2.059535,1.0630397,0.33308923,0.7861124,1.2248515,1.4404174,3.2032669,0.6616659,1.8825935,2.0391235,0.45392984,3.5930226,1.6558291,1.0615342,2.6887589,0.30004182,0.006463391,0.7022583,0.5321954,0.0,2.0773158,0.23388317,0.2561761,0.28876984,1.708159,0.048616316,2.2902164,2.6964257,2.0031633,0.21321853,0.4095352,0.26542723,0.3763391,1.6675079,1.476292,0.3606275,0.4367451,0.14630863,1.5014399,2.8328185,1.1568198,3.35458,2.2572594,0.09541722,3.8710523,0.102521144,1.7229823,3.3970268,0.5762824,1.3018875,2.302327,1.577145,1.7263149,0.14428669,2.530615,1.5049179,2.4315891,2.292437,1.3442934,0.37154657,0.13084553,1.1448834,1.5411755,0.39425835,0.1959594,1.3756721,3.4351017,1.2495315,0.118665695,0.040955592,0.0039361874,1.1482623,0.94676703,0.62370706,0.9140132,1.8606656,1.4534756,1.0317558,0.96644217,1.0584207,1.8663194,3.359594,1.3142407,0.6522077,0.08837106,0.82003427,1.6820737,3.3692443,0.94901633,1.337791,0.8170479,0.5563588,3.0987082,3.2792857,0.26671934,0.0076148133,1.4649477,0.1867027,0.007659658,1.1189396,1.1478856,1.5918019,0.14792898,0.032412402,0.035853036,1.1497724,1.1596568,0.11086631,0.12434306,0.49112484,1.5052019,1.0935577,1.8806208,0.37075666,0.08978364,0.85218024,1.1673232,0.03779142,3.1302848,0.24182622,0.55691653,2.5557199,0.10753038,all_pothole_images\pothole_images_enhanced_8f14262c4e83c2c95c4ac8abf25692fa.jpg
0.06359792,1.891776,0.5214249,0.85282755,0.6381859,0.18921441,0.19158098,0.0018802072,0.29360524,0.71060956,0.10971032,0.113104545,0.7721021,0.68696725,0.002845687,0.26747733,0.76838934,0.3673799,0.04133152,0.44943625,0.07798943,1.6976823,0.46556988,0.7714479,0.27043945,0.2748125,0.0007040195,1.0191286,0.0054971464,0.71333283,0.640118,0.15488437,0.36354575,0.3430775,1.5617104,0.52495056,0.71465486,0.5726017,0.007272641,0.11624497,0.3410997,0.3879119,0.3320321,0.76617557,0.6348618,0.56534976,0.0046348847,0.3009073,0.25557256,0.47776037,0.38565278,0.1996711,0.45154595,0.12826756,0.24830872,0.22229862,1.4984925,0.09546636,0.5158217,1.2904158,0.30256316,0.02048828,0.6415274,0.51966625,0.25740346,0.7958557,0.26575476,0.77498674,0.12781933,0.06876243,0.1672207,0.23921725,0.6828037,0.1503481,1.2477432,0.8267612,0.12281041,0.37981993,0.0022147635,0.078974545,1.3855246,1.2746475,0.4541626,1.4863001,0.2985251,0.88831675,0.23029049,0.009513624,2.588415,0.03307161,0.24319354,0.8771072,0.8857052,1.743312,0.13367571,0.23104204,0.6088642,0.88754,0.40093395,0.30446908,0.1988218,1.2934694,1.1543609,0.23806468,0.9030933,0.028199848,0.29232168,0.67911744,0.18484093,0.4140939,0.43903306,1.6253532,0.2754544,0.2716269,0.8623548,0.7930257,2.795258,0.08330814,1.5443454,0.81449854,0.6207764,0.572258,1.0770922,0.79883206,0.23680648,1.3822755,0.005602535,0.12640218,0.98664296,0.49264222,1.4538106,0.59100735,0.6817032,0.08861195,0.5995123,1.9364848,0.2248633,0.12504907,0.871698,0.7052498,0.06647785,0.5253285,0.7472226,1.2023145,0.25552705,0.3919782,0.08319727,0.36189976,0.24949463,0.59334725,0.067500256,0.29864553,0.7276383,0.18147369,0.6063839,0.100298665,0.09772454,0.116006516,0.013897069,0.1685554,0.8570301,0.2624839,0.001952527,0.9319743,0.13586596,0.51041704,0.5001514,0.7052781,0.4384758,0.907225,0.051170688,0.520355,0.4840348,0.05427927,0.6586966,0.11480964,1.3415542,0.1284007,0.34005344,0.18026549,0.40557396,1.7881502,1.3437269,0.7271345,2.552054,0.36376786,0.30443597,0.20861053,0.47360128,0.5667326,0.2822624,0.582852,0.5745211,0.6652602,0.84318554,1.5923697,1.2247007,0.5656943,0.09919508,0.83112574,0.5685235,0.24465296,0.39730102,0.19111177,0.9008291,1.1553314,0.08927236,0.35948107,0.36974078,0.24035938,0.33518845,0.45557874,0.9798839,0.76589173,0.6837598,0.8155714,0.008803972,0.57508814,1.460688,0.033605184,0.12632963,0.06987085,0.083991155,0.79875207,0.33836162,0.15017451,1.6774462,0.011052499,3.160134,0.30151474,0.19472657,0.19829345,1.2972116,0.06647396,0.6345441,1.3469726,0.48430735,0.114899196,0.07827386,0.02305773,0.35345107,0.77455586,1.0144345,0.3155769,0.091601685,0.040786874,1.380742,0.26093563,0.57929385,3.199646,1.0892171,0.34373182,0.2674735,0.2596691,0.18042591,0.00554409,0.5183279,0.43766162,0.13535044,1.3395348,0.21980219,0.720004,0.098854676,0.6111957,0.5467154,0.33112568,0.050664425,0.42393446,1.2038023,1.1276753,0.1904517,0.065016806,0.0610753,0.4347313,0.34363726,0.6355405,0.25158438,0.8524476,0.2935044,0.51339364,0.0054998077,1.9844722,0.2801499,0.20468636,1.243787,0.0048332503,0.7364076,1.1997874,1.4051013,0.9088082,0.0,0.27308953,0.014066359,0.6093648,0.53956985,0.116695635,0.32499617,1.1157584,0.36380035,0.5705318,0.16917606,0.6439613,0.073244445,0.33444238,6.3290777,0.1521503,0.21023808,0.24191761,0.43104178,0.6566014,0.0,0.4086803,3.488565,1.1314443,0.0,0.18382193,0.22272423,0.065093346,4.4213877,0.426926,0.5259356,0.4366511,0.0,0.0,0.27579987,0.3274761,0.89103884,1.2447318,0.73573047,0.46948445,4.2443633,0.277018,0.08362188,0.27926946,0.5387558,0.6352216,1.9077713,0.034644905,0.30812573,0.6010966,2.2824066,0.9114287,1.8970801,0.71487963,0.04741834,0.32029164,0.6007676,0.3240652,0.31015405,0.8100375,0.0111911865,0.5579466,0.334649,0.087711565,0.5306371,0.47011566,0.016294137,0.49214992,0.58172375,0.058827013,0.4140822,0.09741689,0.035253465,0.33877155,0.0,0.030310307,0.22742088,0.81153905,0.007157295,0.23871347,0.30682197,0.51985204,0.20561714,0.4014026,0.80596656,0.9728567,0.09970312,0.60607785,0.41430417,1.2124959,0.3367092,0.28455898,0.0022680953,0.56165683,3.6299524,0.55706567,2.094876,1.728619,0.26351252,0.60556227,0.5213006,0.47293466,0.28944713,0.19937803,0.0,0.89345664,0.37076777,0.21568008,0.14067805,0.020587694,2.4342048,0.05701016,0.020676835,0.5584935,0.032567132,0.084378384,0.34016588,0.7818608,0.11835168,0.7246885,0.0,0.3336867,0.023029288,0.44837487,0.27645022,0.42842707,0.5148366,0.1448858,0.15556097,0.27505824,0.38146567,0.7177158,1.5876698,1.0155305,0.8306831,0.88046414,0.74624586,2.6801593,0.4296632,0.07876631,0.5049118,0.36240762,0.4332037,0.35952723,0.5251444,1.8160884,0.22157824,0.39333484,0.30805284,1.1387885,0.4715545,0.5911196,0.24369846,0.17959884,0.30893415,0.40701318,1.9300153,0.21314248,0.07888703,0.24032494,1.6564206,0.78523797,0.81244546,0.3105003,1.6719778,0.31662464,0.68865186,0.45932698,0.85504943,0.45007738,1.3839096,1.3697115,0.18257806,0.046236087,1.8338621,0.31495562,0.3134027,0.0,0.12773569,1.5666287,1.1784192,0.5699821,0.7530337,0.038039,0.29718632,0.7532237,0.43195775,0.56748605,0.8162995,0.04149421,0.39771873,1.9697032,1.253239,0.21843824,0.073905244,0.5636068,0.95905405,0.66673636,1.2853101,0.06024972,0.24824336,0.5700855,0.21069704,0.13398114,0.5221715,0.13931079,0.04273637,0.05324847,0.6923332,0.20000413,1.1568624,3.0073917,0.3391657,0.169314,0.33658713,2.2617733,0.15232597,1.1196134,0.37253672,0.015314021,0.41407266,0.5419643,all_pothole_images\pothole_images_enhanced_8f81379b57a11827fc83ce09ceacfd5c.jpg
0.36875096,0.41265264,0.1762186,1.4074025,1.2298828,0.049052324,0.4829209,0.6422662,0.18482637,0.89337754,0.112734966,0.4759075,0.46365857,0.752635,0.0,0.62677073,0.11621596,1.8873324,1.3629166,0.52923596,0.46511027,1.0007083,0.79266644,0.72332823,1.377977,0.26201954,0.011506272,1.5102434,0.035091717,0.1493959,0.123446696,0.13742271,0.65802306,0.42900836,0.61414754,2.274293,0.20533413,0.6490578,0.22628829,0.97083294,0.03648158,0.019613847,0.022064827,0.7017341,0.11991972,0.55407214,0.11368578,0.108225696,1.2804682,0.62252855,1.6593602,0.3456586,0.17203385,0.16672146,0.48867136,1.020211,1.2912343,0.40100917,1.723994,0.124042764,0.112864725,0.22006305,0.3178697,0.097478084,0.13150567,3.0445423,0.7265163,0.052438274,0.25615487,0.5126084,0.031539436,0.17200764,0.12606388,0.33591083,0.39112666,0.005415754,0.08979718,0.74337214,0.0442739,0.3077468,0.07980553,0.059751756,0.34830755,1.5253505,0.71299773,0.7052968,0.23293293,0.12508327,0.86351067,0.4296635,0.36916077,0.30162653,0.033057697,0.10010938,0.009667607,0.04717056,0.37511292,1.5313283,0.5348316,0.18990123,0.29130813,4.27063,1.1021534,0.050908677,0.44663665,0.5606133,0.43433392,0.21138732,0.14105335,1.0327657,0.0,1.9111763,0.11844193,0.702213,0.88802785,0.28441355,1.6864309,0.13230444,3.8847568,0.99909097,1.2130612,0.23341908,0.41654497,0.87764364,1.1705794,1.831414,0.053272087,1.6505198,0.41386542,0.11903731,0.45730528,0.0039477707,0.2879712,0.26720664,0.0057458724,0.53905,0.092969805,0.537615,0.9607822,0.06528359,0.5780192,0.025074096,0.57887673,0.33596933,6.243487e-05,0.53721696,0.4222876,1.2453076,0.13799009,0.30480975,0.38563934,0.83813053,0.20574927,0.105477884,1.624201,0.6071754,1.1879351,0.6917404,0.2935368,0.13354303,1.7592244,1.7961235,0.017265908,2.722386,0.10831868,0.1349988,0.2932266,0.42206198,0.6535059,2.222782,0.5333422,0.0012679996,0.13583326,0.3638845,0.64879876,0.27752316,0.0,0.0056008906,0.009918667,0.06369978,0.23052117,2.7742984,1.722254,1.8732337,1.3400899,0.5989446,0.7899807,0.8333783,1.2594858,0.16343544,0.5599481,0.2037225,0.25083888,1.0590756,0.27570218,0.8053605,2.3763092,0.28933078,0.52340734,0.17024003,0.5022073,0.32487252,0.16230378,0.77046937,2.1104054,0.5799001,0.39789099,0.82931924,1.4497361,0.3642208,0.02591914,0.031239163,0.7470996,0.25128466,1.8369972,0.53978705,0.68036723,0.56835186,1.1543574,0.021509005,0.14621414,0.98566854,0.29872733,0.48477796,0.004667068,0.19922817,0.5126792,0.48965913,1.2312933,0.04746041,0.0,0.058058087,1.5500063,0.050855625,0.15114963,0.3246072,1.2337527,0.09097889,0.19049732,0.28946453,0.33790866,0.015536823,0.09750515,0.22032173,0.145204,0.0034394446,0.4400109,0.27463892,0.07298965,4.457335,1.304877,0.24505988,0.18022512,0.34496173,0.037445385,0.82508224,0.39361405,0.33727714,0.90129375,0.7765808,0.21785039,0.0001474612,0.15335982,1.6700838,0.19439366,0.65693027,1.0860525,0.2781521,1.0609311,0.705899,0.27791542,0.1268828,0.4283782,0.9199766,0.7057356,0.47370934,0.34013385,0.4250968,0.8909083,1.3339876,0.4840209,0.5296039,0.83219206,0.015158641,0.3176911,0.51453704,0.6645592,0.12151319,0.2532299,0.41452742,0.25622717,0.24256995,0.081178576,1.3626045,0.06979658,0.15126069,0.40687013,2.0723932,0.07351226,0.75875455,0.6502585,0.1534073,0.79449415,0.19320865,4.4145184,0.16112855,0.10234893,0.4487418,0.8548646,0.77232265,1.4155153,0.2861996,2.8483493,1.7852188,0.62224996,0.89513296,0.0017408825,1.0774722,4.3689513,0.02692649,0.6358827,0.20837128,0.19873151,0.5175124,0.6536035,0.15389432,0.243889,0.1949695,0.15214314,0.1754883,1.5126394,0.77755225,0.07691829,0.012081748,0.0406599,0.244856,0.30967507,0.0,0.37699437,0.22497807,0.5802992,0.48682472,2.2601337,0.08801919,0.26855373,0.32347238,0.1145215,0.0,0.09802593,1.0832876,0.14980981,0.6145603,0.110952355,0.3127359,0.12080323,0.20983763,0.32769334,2.5173538,0.8432188,1.8381673,0.4486124,0.23365492,0.030221576,0.121787325,0.26269823,0.88669205,1.2360779,0.41577467,0.27301005,0.27251762,0.6707952,0.030882925,0.59564656,0.23804449,0.3881007,0.017760288,0.0392934,0.50236243,0.6915466,0.1333585,1.0369182,0.07246031,0.35431114,0.5209961,1.7421056,0.80365175,1.3838309,0.09181173,0.07227856,0.03612976,0.9024026,0.3007454,0.2578743,0.1676306,0.13960947,0.2200523,0.7130807,0.44117117,0.17148587,0.37444663,2.4229138,1.6681045,0.38353035,0.06854332,0.48632622,0.18447983,0.2482233,1.0994959,0.29913348,0.08294177,0.53970027,0.06141792,0.30284184,0.26197013,0.097893625,0.062254366,0.39032185,0.23824987,0.42606393,0.04177238,1.4255064,0.5431821,0.44531128,2.4605062,1.9212207,0.43342927,0.543294,0.21389887,0.0650226,0.32176876,0.95985144,0.2573989,0.2771008,0.39127204,0.8641954,2.572769,1.2942977,0.1755052,0.13816777,0.5894763,0.20308597,0.32026708,0.041709978,0.20443402,0.29498425,0.11602117,0.13361487,0.38927492,0.1479853,1.282736,1.4467943,0.22925034,0.3310499,0.82644,0.5189218,1.0217856,0.33084327,0.15151834,0.3303787,1.512683,0.9592741,0.09535875,1.181868,0.05734272,0.34225145,0.2008889,0.2974743,0.14404154,0.6417626,0.6801268,0.74615073,1.4302394,0.0672067,0.9810458,0.85235935,0.025846165,0.23500195,1.2075883,0.1420684,0.1380508,0.41824645,3.0470717,0.450248,0.08374837,0.019491145,0.04324165,0.92423326,0.05574133,1.5881759,0.022899956,0.68776894,0.82440066,0.20921071,0.11762605,0.14834972,0.14793158,0.022516489,0.1387253,0.19400942,0.35903415,1.725839,3.9001389,0.44999814,0.008848403,0.5016457,0.67994493,0.33787194,0.02159845,1.000843,0.09441208,1.3419765,0.35818037,all_pothole_images\pothole_images_enhanced_8fa2ddd1d8a56da74f1d0b8fdc68ffe2.jpg
0.60244614,1.9392998,0.8078171,1.5572098,0.511828,0.56597745,1.4217339,0.03713269,0.6213823,0.9105075,0.18517321,1.2600282,0.12908389,1.6715835,0.18339531,0.6164107,0.65774894,0.6240906,1.8206692,0.2853042,1.83452,2.5603876,0.22775112,0.98396516,0.4952338,1.4202493,0.68673706,3.1879234,0.13642117,0.25462648,0.6583267,0.027069878,0.08655584,0.68916833,0.6090963,2.4399397,0.778723,1.2847575,0.3159509,0.67909557,0.45333767,0.1029788,0.4030424,1.8296397,1.1348403,0.75768673,0.25115287,0.44627646,0.3987291,1.1121426,2.0520704,0.39657265,0.15226898,1.0228641,0.45862922,1.8577027,1.408021,0.20774774,1.2123872,0.16659634,1.0400218,1.2724127,1.6374329,0.39091825,0.16217065,1.7101071,0.5012841,0.06800942,0.64388525,0.5062983,0.31078947,0.7853407,0.28373018,0.41704956,0.70027643,0.85177135,0.59805954,1.9226649,0.22004049,0.71312827,0.8472612,0.12056386,0.13429591,1.62223,1.1222569,0.067440264,0.30450848,0.04697346,4.1787624,0.2589075,0.43638343,0.35764438,0.09325429,0.27081496,0.41276035,0.012104098,0.822446,0.9987621,0.9634337,1.2425694,0.103607595,4.0139604,1.1658267,0.8298204,0.225424,0.10531878,0.899153,0.45379898,0.096354894,0.82174605,0.29789287,1.9740348,0.6144027,0.024898112,1.3091335,0.30359146,2.4239192,0.604329,3.375527,0.8525694,0.6541565,0.49593937,0.14746322,0.708093,0.8474214,0.3957187,2.325767,0.5336678,0.3219762,0.099523336,0.08706815,0.11564561,0.4799232,0.09052757,0.0031284848,0.18939304,0.70018417,0.8796888,0.8555917,0.45681533,0.68019414,0.12656702,0.21330683,0.4242764,0.4478792,0.8562675,1.2078655,0.033472314,0.7918676,1.2342316,1.4205608,0.9301276,0.0,0.25037614,1.3340012,0.4849939,1.0979441,0.28476825,0.8445291,1.2659943,0.8956724,0.95818406,0.05945845,2.206944,0.45129272,1.1985943,3.0892694,0.2392111,1.1296023,0.48461345,0.35681298,0.17805862,0.18871066,0.8815102,1.2519195,0.12177469,0.09201803,0.14958362,0.59867233,0.22655745,0.25892377,2.9323559,1.4719965,1.1062012,0.73339564,0.75619483,0.3572881,2.9856591,0.32111922,0.77007574,0.5963623,0.6796076,0.022958696,1.6456448,0.031880863,0.1319002,1.0947552,0.20595518,1.4934368,0.5373192,0.0032597377,0.5554067,0.5900614,0.38378513,0.7114211,0.3312817,0.5031938,0.96689683,0.24739973,0.17277946,0.05567699,0.15763272,1.7755703,0.71396804,1.3559514,0.7745369,1.394847,0.0,1.1261294,0.32096186,0.9736918,0.03288865,0.8223802,0.7108467,0.20342052,2.1195636,0.6081024,0.472957,0.60540247,1.0805508,0.3224676,0.52908957,0.1564874,0.08037933,0.120652206,0.19158316,2.0205708,0.90315837,0.054529287,0.1113892,0.17202745,0.08909889,0.02356687,0.19975719,0.32845932,0.084980175,0.54989564,0.061407495,0.6739178,1.8192724,2.6481853,0.10339497,1.3025506,0.30753824,0.2739433,1.7137604,1.6279063,0.80865914,1.3329153,2.0273147,0.13422325,0.58270806,0.9912638,1.1556622,1.0948684,0.14296035,0.061432887,0.53905594,0.1837701,0.24339418,0.27961716,0.20287691,0.16708864,0.2232267,0.59373003,0.69130385,0.5715731,0.84977454,1.2013397,1.0591985,0.17622371,0.024357898,0.30031285,2.1165705,1.3366522,0.93608934,1.131842,0.2851097,1.680592,0.25063944,0.567844,1.5105561,0.19314876,1.0268879,0.33031183,0.14061032,0.47083184,0.8250681,1.0816208,0.823966,0.155853,0.77180773,1.2517825,1.3296249,3.6872778,0.459013,0.59031725,0.75910515,1.0990008,2.1831841,1.9173782,2.5825188,2.7226207,1.3711371,0.515668,1.5334678,0.78105533,0.95396173,2.5347884,0.23016657,0.014378393,0.45189074,0.71517956,0.21450089,1.0790536,2.228907,0.25726044,0.06539895,0.9331589,1.0597959,1.0682342,0.53891444,0.21345204,0.36714593,0.18815596,0.5737262,1.0884185,1.7182517,0.16532135,0.87420326,1.1168498,0.6649355,1.0233967,0.56472903,1.1099707,0.84047276,0.27138183,0.040296722,0.70047337,1.4822326,0.8902765,0.4166087,1.7808224,0.11488575,0.0763783,0.5469432,0.73303753,0.9141495,0.56712973,0.3380268,0.0,0.80945414,0.662632,1.8051883,1.0079453,0.5007525,1.4693182,0.7937113,0.44816378,0.30192736,0.6426939,0.37423757,1.1862905,0.46594036,0.350314,0.8785111,0.19262491,0.16163276,0.31351092,0.23031422,0.8157584,0.3688571,1.890124,1.6348394,2.9125366,0.8412343,2.852063,0.07497754,1.2288082,2.6112905,2.728107,0.16269141,0.2007717,0.5315951,0.29105294,0.111361094,1.0880715,0.08958083,0.45487887,0.18748777,0.77528065,0.5320049,0.056418847,0.43173954,0.7111423,0.021600464,0.5419936,0.97832566,0.43255928,0.042027097,0.5931392,0.42894107,0.1724341,0.39550123,0.14709069,0.35001963,0.39855084,1.2117655,0.376436,0.18701822,2.6983325,0.8675624,1.1921259,1.5752126,2.5998347,0.7137675,0.1307915,0.9261383,0.20326579,0.47558036,0.10054879,0.018701538,0.6370181,0.71518475,1.8558607,2.6128492,0.81804514,0.8569787,0.13005844,1.0927441,1.8779233,0.27704534,0.1694782,0.24277613,0.46706432,0.25592896,3.149984,1.0411791,0.84139633,0.26830673,1.185784,0.7362079,1.4009796,1.086072,1.1399835,0.8223262,1.8869783,0.67493767,0.3449141,0.79558295,0.49381274,0.0029785107,0.4873537,0.46568814,0.5039378,1.6949302,0.6571971,0.5026143,0.8016597,0.957591,1.4534129,1.451136,1.2898757,0.13604541,0.705933,0.38343424,1.2490396,0.5584756,0.65288526,0.25112027,0.34175736,2.7374918,0.00013185659,0.19835736,0.7516325,0.18862455,1.7063024,0.12816215,0.47816154,0.40580815,0.4920534,0.6960548,0.17257617,1.5986639,0.21051301,0.12287854,0.052694116,0.6322146,0.054401062,0.34432247,1.0893551,3.763452,0.20525122,1.1153169,1.1307492,1.0281265,0.25030172,0.034126002,0.63636523,0.40366507,0.06196522,0.68621725,all_pothole_images\pothole_images_enhanced_9009ec1eff6931a0c8290a67d3f843e4.jpg
1.3270158,2.4075236,1.6434107,1.9422919,0.65469533,0.9804939,0.032520883,0.37691626,0.48197532,0.3592789,1.0901357,0.287826,0.16108516,0.604214,1.0083176,0.09948283,0.42102742,0.048255555,0.61392015,0.8161676,2.0430424,3.436792,1.2014188,1.498456,0.12797953,0.23092233,0.90482384,1.7859932,1.6224462,0.45971006,0.46371555,0.117990345,0.48610523,0.0,0.24433556,0.85664696,0.77970785,0.8157271,0.7744026,1.618864,0.18441504,0.18258749,0.21448915,0.48531863,0.45439875,0.4047683,0.598085,1.1054991,0.800303,0.25834477,0.1596666,0.9168279,0.60815835,0.037471328,1.2286122,0.5008438,2.9088347,0.0013906416,0.34974986,0.6567582,0.3603953,0.3433441,0.5180497,0.115633145,0.56083447,0.990026,0.26109374,0.22655743,0.9570587,0.31008497,0.44854107,0.22446711,0.5554322,0.20801783,1.8680593,2.519411,0.33539292,0.443699,0.03719031,0.09058758,0.16437113,0.46394566,0.6494838,2.7519276,0.90211725,0.9725714,0.113636464,0.05678611,2.7502222,1.1257874,0.005666773,0.4371017,0.21123506,0.6188015,0.4670382,0.27420348,2.436029,2.834964,2.524823,1.228657,0.26705256,0.8674522,0.44762945,0.88528925,2.1543736,0.06360361,0.07534426,0.42933634,0.5044614,0.7916389,0.61976963,2.6340692,1.9633272,0.08577915,0.051995452,0.7039819,2.401277,0.043612227,0.7441837,0.91318375,1.5771663,0.3302144,0.500606,0.5290888,0.15788026,1.0658978,0.57585573,1.0009341,2.8651571,0.3695267,0.59659284,0.03446902,0.20744108,0.5140631,0.32842693,1.674222,0.11303032,2.085306,0.17442636,0.03044734,0.51789653,1.0130068,0.637905,0.16742808,0.23543641,0.45915973,0.8929655,2.7113636,0.47385547,1.3109187,0.8472594,0.3019575,0.31178784,1.1546129,1.605474,0.03091836,0.48355564,0.32246664,0.8153544,0.65201885,1.084762,0.25877792,0.6786052,0.3388222,0.66459554,0.62148714,0.91479474,0.08155785,1.142885,0.0,0.10040746,0.044783626,0.83411235,0.37907872,1.4957168,0.10270049,3.4062545,0.06780618,0.264993,0.3396632,1.7492431,0.60309523,1.4808402,2.0413785,4.3750076,0.5589612,0.34426892,0.4755298,0.2804541,0.7626316,0.0,1.0757926,0.18778582,3.5805433,0.49630612,0.2775618,0.0067624375,2.7717104,0.5936937,1.1416405,0.8628488,0.98187536,0.3929828,0.56477165,0.384684,0.43894857,0.16372356,0.28461215,0.25923157,1.0713242,0.057228643,1.4627289,1.2897745,1.061485,0.78549564,1.53328,1.1066254,0.88570553,1.2427566,0.9995425,0.04473005,0.86108536,1.3694252,1.0326264,0.15349515,0.22551933,3.3621242,0.004985079,0.65344113,1.5706971,0.6251514,0.122352354,0.10809204,0.03190522,0.16312563,0.47409174,0.6345147,0.19846797,0.07314959,0.037663557,0.3719043,0.45569244,1.1268668,0.6386983,0.038025882,0.010777787,0.76343447,0.6421085,0.6098995,1.9181942,1.2410945,0.087082796,0.70142776,0.46543744,0.12344642,0.031166079,1.9470942,0.13870037,0.54583305,1.0478925,0.088398114,0.09026996,2.7167215,0.17324364,0.24284948,1.2237701,0.09864979,0.66183496,0.6230454,0.8846141,0.47559983,0.24954301,0.022758996,1.1594197,0.9483267,0.7506108,0.5605497,0.15133011,0.1596746,2.2951741,0.118360125,0.23407972,0.19504796,0.76636875,1.7159108,0.2507003,0.16858573,1.0111233,0.99892503,0.744533,0.6629608,0.27499965,0.09212907,1.9760891,0.24627244,0.35349062,0.71524596,0.039359797,0.7664473,0.59839237,0.0,0.52501994,0.33353087,0.77564144,2.4447236,0.9319341,0.12105364,1.4519105,0.2762542,0.39995408,0.4040807,0.66664374,4.3110094,0.028191717,0.0023161063,0.2758631,0.024265511,1.1721878,0.010942654,0.18021236,0.12218934,0.2306019,0.023570979,0.24405989,0.5188095,0.38838136,0.9363925,0.3137819,0.55882263,0.29228503,3.7484035,1.1997216,0.04904058,0.20646945,0.96225876,0.6406871,0.80140686,1.1379762,0.94692075,0.13114686,1.6424592,2.215456,0.8080859,0.030291473,3.207233,0.14315423,0.48167458,0.8736329,1.2711108,1.6185838,0.70301425,0.17744796,0.2236377,1.053142,1.192167,0.37445855,0.60424733,0.18085143,0.33873078,0.266103,0.24651171,0.18081155,0.53472143,1.1685288,0.51460075,0.27964398,0.8414431,0.5070732,0.3981051,0.15167129,1.0468254,0.36911586,0.47775212,0.54577893,2.8588688,0.35144988,0.83196604,1.2968739,0.7376751,1.0598993,0.19501641,0.007030057,2.602811,2.8829029,5.721143,0.26753467,0.6490821,0.15733604,0.08432598,5.2461734,2.972291,2.3361337,0.37050095,0.6737624,0.31964082,0.24216126,0.7470764,0.07422118,0.057166692,0.30480716,1.5840492,0.2184755,1.5770214,1.2808475,0.63365346,0.019538905,0.848312,0.45942575,0.97805005,0.05412054,0.16238746,0.13743494,0.5723599,0.23430656,0.09393458,2.000264,2.1475413,0.021327997,0.41609064,0.07683822,1.7226677,0.66183645,1.3328319,1.7902802,1.5387782,0.4879731,3.068778,0.7651601,2.9432416,0.7062276,0.15008266,1.0027057,0.21597636,0.7898591,0.42889583,7.4442964,2.1475132,0.0595711,0.6066804,0.017735522,0.6260864,1.4209687,0.028505515,0.3247168,0.025966922,0.14689708,1.4197189,0.08082547,0.18309154,0.77862614,0.6362992,0.5151222,0.5005604,2.911672,0.37782517,1.948757,1.9644837,1.3822902,0.23755164,1.9194007,0.16551177,2.6406848,0.17413573,0.029518144,0.9788815,1.6167045,0.0720108,0.7493366,0.82017684,2.5853782,1.9625747,0.041326005,1.3136225,0.060999684,1.2755033,0.4233719,0.05872604,0.77338344,0.03514528,0.99052787,3.4387267,3.312849,1.2910013,0.34648108,0.005517924,0.106381014,1.997027,1.0263703,0.97614145,0.040780175,0.6658579,2.0998113,0.043960348,0.33250022,0.5967463,0.45246848,0.6668768,0.09308136,0.55890757,0.025433637,0.12482301,3.6076248,0.83325654,0.06665379,0.33114126,0.05847454,0.20161228,1.1350616,0.48879054,1.9552091,3.6523192,1.2275279,all_pothole_images\pothole_images_enhanced_905aeba3461e3636ab4b79e118957b73.jpg
0.0,1.3386706,0.11191389,2.3744261,0.8889822,0.014689388,0.70719516,0.0,0.5743431,0.076392174,0.19979815,0.8344412,0.285561,1.9380237,0.054563764,0.63540316,0.34735915,1.1211156,0.7670683,0.20886365,0.017643431,0.53965336,0.09970186,0.1769535,0.5510775,0.66990876,1.2354223,0.98628324,0.18132447,0.27566725,1.13568,0.05890414,0.3291288,0.40139142,0.6936321,1.4868444,0.41094005,0.5671733,0.04913046,0.12267066,0.32264945,0.004799532,0.21625721,0.9944059,0.47921056,0.42719683,0.26810002,0.19187053,0.026055694,0.33249262,0.7043432,0.65976435,0.0676019,0.15030529,0.4213984,0.99216765,0.6751451,0.35974392,0.58123654,0.034016926,0.1350237,0.026589938,0.28465822,0.17055133,1.7544069,1.5711802,1.32679,0.16614278,0.027218025,0.2715639,0.12860256,0.47985834,0.48292553,0.07680074,0.0037362163,0.2976674,0.16086403,1.2194607,0.0049731024,0.056557402,0.6940963,0.09419845,0.07220187,1.0887461,0.21834572,0.21196556,0.00019749938,0.0,2.1129692,0.12595935,0.9964035,0.032650277,0.06488652,0.04782865,0.43938395,0.0418401,0.45959783,1.3962764,0.5024105,0.05750847,0.0,1.9086677,0.21500112,0.23989864,1.1044892,0.07260378,0.21575361,0.0,0.5031585,0.06047869,0.013529098,0.63674045,0.45280612,0.009592551,1.2034602,0.054243043,1.0180528,0.25101805,1.2760314,0.9343283,1.1013514,0.25257128,0.20237662,0.81458205,1.1745498,0.54643327,0.13781835,0.3674082,2.5378788,0.22777265,0.48788103,0.1653892,0.46232697,0.105446756,0.2999465,1.6401675,0.1680324,0.28225037,0.81258136,0.18961696,0.77888393,1.1293988,0.20254177,0.76679343,0.36433697,0.184211,0.05132858,0.9959941,0.304843,0.035276942,0.9738187,0.34166834,0.04544077,0.31179306,0.51409465,0.0076008006,0.4268204,0.07587479,0.10403072,0.6817404,0.61154044,1.9210418,0.022750054,1.2893386,0.03289947,0.024405634,0.97742987,0.04627768,0.6845618,1.758046,0.024501024,0.047930483,0.054866217,0.011721667,0.31637964,0.076826066,0.4396869,0.008446876,0.3696798,0.46900642,0.024907978,1.6382993,2.705128,1.3829738,1.7542557,0.7015415,0.055503182,0.0,0.52939105,1.1561091,0.62126476,1.2957329,0.06590819,1.4068747,0.1876508,0.019414762,0.49387032,0.8485184,0.3075496,0.8102287,0.004047675,0.38528347,0.44190866,1.0596501,0.040235676,0.747181,0.04303238,0.5440569,2.5064433,0.24970031,0.0,0.06846298,0.874538,0.032019988,1.464328,1.4494499,1.6249305,0.24713261,1.2991251,0.29793563,0.49190083,0.16272768,0.27538675,0.12179685,0.053318363,0.010823995,1.3316572,0.93907493,1.0294197,0.2029658,0.05232354,0.004703886,0.5006502,0.0,0.42074996,0.105854176,0.5513046,0.007950193,0.4627561,0.652014,1.046619,0.20386028,0.23391134,0.7336365,0.07464084,0.080620386,0.80047995,0.0,0.6790927,4.6861305,1.828935,0.81632805,0.24757202,0.2790462,0.25822604,0.0074903397,0.6489296,0.14905335,0.094573624,2.0333915,0.19506718,0.30822647,0.3336927,0.27080083,0.24197778,1.1364387,0.56733453,0.8822403,2.858481,0.14055464,0.08747445,0.0,0.18643253,0.22755058,0.76511693,1.2616584,0.16325776,0.44141653,0.40080637,0.85820746,1.3693247,0.01022496,0.543289,0.28559977,0.30324888,1.5395439,0.11950114,0.22764863,2.1386046,0.36667356,0.0020008804,0.9856548,0.15360233,0.532575,0.006828557,0.12213066,0.31720772,0.02686163,0.23759632,1.2452816,0.28146744,0.4709956,0.3598477,0.006891688,5.6051035,0.009662021,0.036601707,0.107173584,0.18030822,0.916464,0.14283144,0.6913608,3.5779562,2.6425512,0.29124495,2.2388456,0.033265706,0.7461445,2.7440214,0.42952678,0.47743675,0.0,0.16261512,0.5226746,0.85151345,0.08649423,0.925261,0.0018910527,0.67678046,0.20105463,4.355399,0.053564854,0.09613467,0.22650823,0.45663467,0.19147342,2.019904,0.21551368,0.33547607,0.0,0.597507,1.20591,1.3235852,1.2648766,1.4102912,0.08182749,0.25404695,0.44039628,0.4373713,0.064889014,0.8247467,0.505013,0.5949249,0.099592194,0.08116693,0.11380372,0.3256789,0.4226017,0.6637199,0.3644553,0.6838933,0.22764276,0.70568347,0.45786324,0.0,0.23199068,1.1850268,0.84855336,0.0055509573,0.8832879,0.19219351,0.30167562,0.48304144,0.15828034,0.36551616,0.30602458,0.44808567,0.2596232,0.33996263,0.86931366,0.30382612,0.44369015,0.38571745,0.92016286,2.0873985,0.13905987,1.2925497,0.28116557,0.0,0.15779546,0.8813131,0.59136224,0.38901165,0.3707136,0.057162795,0.17972769,0.82963717,0.41485435,0.07984816,0.3385613,0.10313114,0.08054972,0.0699145,1.1554486,0.85680526,0.007048575,0.71145356,1.667856,0.32357717,0.116307706,0.3802888,0.30392784,0.23012589,0.7459789,0.032817576,0.21137308,0.114426784,0.88665175,0.7409766,0.0,2.0538971,0.20911105,1.2059056,1.9109855,1.137024,1.1978513,1.1475441,0.9868374,0.0,0.07594833,0.4534807,0.10486534,0.011527074,0.86724573,0.16039409,3.188117,0.4065006,0.00088482373,0.18496463,0.7725316,0.0,0.36168087,0.13285574,0.10217643,0.0,0.0018140605,0.8043563,0.59107596,0.03947935,0.6751059,3.2275817,0.0282415,0.47020444,0.20272395,0.4506993,0.32388318,0.22093043,0.20339186,0.146981,0.81335384,1.5126673,0.40574557,0.07284884,0.0,0.14932187,0.14303292,0.108235784,0.0,0.9317528,0.46747783,1.6975542,0.4296161,0.17470522,0.16861816,0.2845535,0.092655666,0.5913078,0.82030934,0.5691982,0.06353977,0.24338716,1.1481496,0.47443822,1.4499223,0.015638232,0.7361196,0.07284668,0.24194995,0.90006167,0.31362674,0.0,1.711047,0.81337035,0.0,0.0,0.12768033,0.11694733,0.0036797633,0.0,0.5077942,0.29010263,3.3057537,0.77533954,0.3399381,0.013461444,1.4283497,0.49289858,0.025800375,0.37506628,0.47340232,0.013075304,0.22952075,all_pothole_images\pothole_images_enhanced_9073a0ff829d64d011138c960ff34b07.jpg
0.80265635,2.659778,0.3277569,2.569322,0.48303363,1.8708559,0.010123092,0.05037883,0.18502982,0.12644975,0.0,0.28542572,0.018160878,0.7485919,0.032741357,0.19357614,0.2081257,0.15162587,0.46040717,1.4953319,0.552544,3.5895026,0.15355171,0.2582695,0.006901317,1.2403108,0.56612265,1.4472134,0.055114817,0.18363185,0.40288064,0.009518882,0.12910365,0.13428806,0.33747387,0.64122784,1.5759422,0.9430527,0.24794999,1.7510525,0.22993316,0.0014361533,0.9121757,1.7269063,1.3143108,0.056906354,0.008845988,0.27905598,0.0378916,0.86212397,0.48305455,0.4280009,0.23479642,1.2871412,0.41483295,1.9103919,0.6963613,0.16393454,0.95655394,0.3610044,0.19086973,1.3667998,1.1790665,0.13150729,0.17861958,1.9431006,1.2339478,0.31267446,1.2513243,1.0996513,1.784094,0.74042267,0.09378339,0.37676916,0.5444374,0.8458235,0.23688152,1.1195867,0.3888124,0.07038895,1.9543872,0.2036803,0.09290861,2.3257825,0.28030282,0.21167926,1.3168849,0.4106884,4.9278975,0.55182546,0.12713477,0.023115348,0.70184314,0.41507405,1.4198666,0.032588728,0.41487974,0.8101219,1.6074544,0.2137213,0.0,1.535638,0.5203151,0.23220141,0.008584749,0.3985246,0.020120075,0.30313155,0.16764905,0.104102425,0.1870333,1.097663,1.3259529,0.0897207,1.3649563,0.00929881,1.3342769,0.0069083916,1.3250829,1.0100843,0.14357601,0.7356214,0.67985415,0.85378325,0.91731745,1.2578554,0.70207477,0.331099,0.8182134,0.0914497,0.6856768,0.0,0.7414867,0.3963391,0.46347752,1.7328058,0.024631353,0.9952095,1.095637,0.31437567,0.42569518,0.7397059,0.07846677,0.3260229,0.3333737,1.487486,0.38143173,0.12664986,0.44732147,0.7043242,1.1912984,0.7786734,0.0,0.028070685,0.3624834,0.40055582,1.3730571,0.013722988,1.2247642,0.61148536,1.0797591,1.1199536,0.1496489,2.5948775,0.0019902952,0.2652796,1.9687154,0.2365928,2.2530973,0.04136315,0.54926896,0.03736099,0.055920128,0.33527297,1.6829771,0.4532901,0.2723395,0.5243373,0.171863,0.46736476,0.48191863,1.1241654,1.2393028,0.6434345,0.49747854,0.4048904,0.006074433,0.08151755,0.52069366,0.44646707,0.2613188,1.5601656,0.0009648525,0.40699926,0.004185613,0.04501667,0.102473006,0.14093637,0.44245693,1.5871015,0.004018601,0.18309824,0.07644372,1.1024218,1.3984739,0.35269025,0.3900517,0.25117618,0.74262136,0.019025968,0.09720846,0.0,1.1371686,3.5574691,1.0044328,0.06134262,0.34773207,0.17033125,2.2084756,1.320475,1.8149517,0.34156728,0.13240267,0.91863126,0.26010475,0.741798,0.6587345,0.15902402,0.8203413,0.58094984,1.7410219,0.48093733,0.16302146,0.1141524,0.27027255,0.14075895,1.3540972,0.73901135,0.000984805,0.09683283,0.24258006,0.047366366,1.0050226,0.01062091,0.4679802,0.22258627,0.36856946,0.017350785,0.8219979,3.4694095,3.949002,0.11529437,0.61276984,0.23166835,0.065113716,0.6934115,2.0287163,0.012082377,0.7980065,2.435693,0.0,0.95907277,1.3981061,0.13700816,0.7378573,0.51870865,0.019986995,0.4180887,1.7093948,0.4042285,0.0912364,0.0022134455,0.30045596,0.26774418,0.9858229,0.30822104,1.2731658,0.65034115,0.26542675,0.77176774,1.7379402,0.0017001726,0.25564072,0.39236647,2.0067651,0.40215898,1.6238177,0.56192255,0.85679704,0.02871447,0.23886049,2.8690248,0.0,0.43833774,0.0540555,0.4682359,0.25179753,1.057988,0.059389886,1.2475715,0.6716955,0.4492016,0.0011774772,0.6663939,7.6540556,0.4013912,0.09430874,0.9220136,0.39668024,0.36807942,1.8937135,1.0540245,2.7995586,0.65422565,0.13399391,1.2166984,1.4310038,1.229888,0.86018836,0.5448561,0.0,0.8753815,0.013551835,0.08872804,0.41753823,1.9948189,1.6431559,0.008713918,1.1573575,1.5997001,2.7052488,0.3655743,0.088896826,0.8941518,0.1419718,1.0507947,2.31539,1.2054816,0.06045622,0.03602445,1.3455501,1.3445632,1.8476375,0.38396162,1.9167058,0.28291994,0.24357586,0.31597227,1.1750245,1.0585611,0.45036268,0.5291738,1.2750224,0.42404988,0.8348272,0.33200255,0.050418522,1.472958,0.46411872,0.45687577,0.00033979004,0.34091318,0.005004384,1.9317068,0.103398114,0.22579995,1.6079992,0.41736162,0.010383056,0.30711275,0.50006014,0.46462104,0.4386659,0.0016680475,0.3665394,0.1343654,0.05068128,0.0015913789,0.2041164,0.1491021,0.30587122,0.03132668,0.8847815,0.43284687,3.485767,2.320092,1.7060345,0.0,2.061405,1.662041,0.94048715,0.027361067,0.11089875,0.806645,0.043127496,0.019203333,0.798642,0.063208684,0.3066026,0.8057765,1.0699244,0.27872047,0.108239636,0.7784696,0.54292,0.05649883,0.5465478,0.6967447,0.023494963,0.4584414,1.6969236,0.5630091,0.3301087,0.9066936,0.12873203,0.0071023763,0.028331814,1.7064651,0.5403271,0.0,2.7902546,1.0159001,2.2916822,1.5928522,2.2865796,0.32031375,0.3460478,1.3882133,0.21037446,0.60572594,1.8301783,0.0,0.12328758,0.22038446,0.6576158,3.299513,0.7215238,0.37969986,0.12440275,0.8313624,0.7299778,0.44924405,0.31352067,0.4789476,1.4718837,0.00397346,5.0444865,1.5360814,0.56330484,0.3649716,0.8173889,1.4027885,1.3911506,0.45257878,0.62112314,0.5792123,1.0626988,0.09115528,0.4797501,0.362297,1.0271118,0.0667676,0.025316542,0.27366644,0.94233793,0.6377106,0.59255904,0.36730894,1.0937865,0.6360093,0.78073835,0.25525633,1.4602888,0.4727958,0.2634563,0.0063293674,0.14475203,0.5798301,0.790579,0.46253842,0.45786554,2.2566948,0.35926118,0.29705817,0.09318051,0.09633249,0.46477452,0.06757829,0.85248035,0.08152397,0.6011476,2.4045546,0.10273538,0.081213005,0.0,0.051184606,0.15222427,0.14988896,0.011992094,0.012548392,0.18531495,5.1641645,0.28246275,1.0269289,1.2972682,0.47646827,0.064555116,0.0,0.9340894,0.58029413,0.1527282,0.45307884,all_pothole_images\pothole_images_enhanced_90956e1b5c627da17361f2adf152af9e.jpg
2.3414748,0.40388298,0.0,2.572136,0.32258195,0.09280313,0.43328786,0.93129313,0.29716814,0.10636417,0.039979342,0.20012842,0.20921002,0.64188296,0.078271165,0.1403981,0.009698783,0.15272585,0.5956776,0.061830346,0.3340953,1.4637772,0.0,0.38110968,0.80465025,0.18461743,0.3536315,1.8449209,0.38487664,0.22880906,0.32327923,0.39905292,0.9475497,0.30937308,0.23615882,2.105415,0.26781115,1.2364594,0.2594912,1.533682,0.0014936443,0.032006517,0.17554876,1.4533744,0.5303613,0.3877453,0.4230873,0.0,0.29901516,4.033251,0.22929093,0.69270706,0.027840784,0.10926575,0.46363258,2.512888,2.481134,0.62984544,0.08481183,0.19923478,0.16435786,0.05663699,0.16121952,0.11434134,0.090359755,4.242009,0.3695638,0.16571379,2.7532103,0.022220941,0.34785235,0.68400276,0.11222987,0.5146429,0.6820162,0.060430694,0.12950483,0.52271634,0.2426655,0.09183975,0.0,0.21644977,0.0046584494,2.0236595,0.55564183,0.52913994,0.057574134,0.47648194,1.9026563,0.194184,0.8675171,0.00960466,0.0053345095,0.2671213,0.22336224,0.0034408811,0.5971926,0.5451053,0.8418915,0.05283925,0.7376487,2.1433358,0.5905744,0.19847693,0.54728323,0.01904718,0.2832616,0.82741606,0.08869184,0.28556794,0.02547063,1.6650609,0.6497554,0.81510264,0.60977566,0.024299674,2.8787668,0.015156122,3.7329803,1.09004,1.5768824,0.25403026,0.52517825,1.7719265,0.52309287,1.1355239,0.15337038,2.843025,2.6155975,0.1672204,0.64344317,0.007938867,0.026119137,0.0161464,0.08298833,0.8442159,0.13645165,1.9692457,0.24134499,0.15590268,1.7486411,0.13449672,0.28304,0.07032905,0.19679609,1.2405069,0.15224548,0.0997501,0.05506746,0.12712455,0.32798883,0.8895539,0.17400272,0.0,0.8827408,0.9064175,1.464038,0.37596348,1.5855924,0.18532829,1.0077369,1.4035718,0.06695445,1.0879663,0.0,0.51892084,1.2811253,0.024606235,2.01062,0.83970517,0.0,0.023841357,0.0,0.010838917,1.0786055,0.13853268,0.01101842,0.027842872,0.33229527,0.047978807,0.1177469,3.0433893,4.6594644,2.1585565,2.1959233,0.5956593,0.18850358,1.2258492,1.1900649,0.82986784,0.11695521,0.47967356,0.008326229,2.942759,0.008047043,0.80649525,0.25160617,0.18808329,0.30157903,0.534769,0.44354197,0.49983463,1.5671356,1.7947679,2.155063,0.23069564,1.4650785,0.30527797,0.5927425,0.41763982,0.0,0.051173877,0.38152522,0.58297145,1.7156968,2.2597935,0.6126936,0.097401336,0.15192366,0.057114728,0.4533505,0.990457,0.43079367,0.22995532,0.0,0.34255904,0.8574945,0.35171673,0.58215445,0.35364196,0.097118124,0.0,0.9540677,0.4617792,1.0144663,0.00024204649,2.4554513,0.04083526,0.0,0.45146677,0.8681599,0.13586451,0.09496134,0.40655965,0.07990301,0.043039784,0.7432323,0.16585733,0.7354137,4.1166825,1.8751966,0.40353012,0.55472296,0.067776054,0.12668784,0.24916273,1.1545085,0.0,0.007571235,1.4014312,0.0010411915,0.09128373,0.7565553,0.76590246,0.82372284,0.46161094,0.018740987,0.0950561,0.4467001,0.40667054,0.93284005,0.04125613,0.09390857,0.30980188,1.2037961,0.9147555,0.085035175,0.40588066,0.056519914,0.8158274,1.7107875,0.0,0.18681273,0.7392522,0.80302584,0.89762175,2.0212374,0.3230227,0.24810584,0.63261414,0.15630963,0.0,0.60548407,0.9034928,0.09921293,0.114805415,0.0,0.5766455,0.8158436,1.7728518,0.48980194,1.1463928,0.35890043,0.06815283,4.3462014,0.8335493,0.11761542,0.2859397,0.026370145,0.2210525,1.2384534,0.7816025,1.3138852,1.2309529,0.17877237,0.006965101,0.0076401243,1.0920835,3.0575469,0.023393776,0.0383414,0.0027831069,0.10475855,0.104485065,0.14638875,0.97482127,1.1803274,0.0041694106,0.71400046,0.0056139426,2.0512292,0.1593475,0.24820869,0.3372547,0.15632181,0.33236477,1.4204434,0.11672606,0.49065965,0.81066006,0.549006,0.69241303,1.5318092,0.46914375,1.5921142,0.21488653,0.20997435,0.0014438098,0.16120741,0.483409,0.7466001,0.26621202,0.088597186,0.48074168,0.005706279,0.4565253,0.021021564,2.3745549,1.456982,2.189527,0.0,0.32610455,0.47854418,0.531348,0.13189662,0.28724864,2.2557507,0.23232894,0.07677957,0.3498792,1.7961385,0.07812022,0.5408595,0.080767445,1.1725824,0.2484402,0.60170937,0.23270127,0.43092886,0.08274965,0.07091687,0.013776054,0.64234906,0.33906978,3.36341,1.1437491,1.1945392,0.00030314643,0.008178967,0.21208116,0.5967486,0.756531,0.4912166,0.3669171,0.006586397,0.04495996,1.5242342,0.0018831877,0.29826945,0.25837296,2.085133,0.08174696,0.3903696,0.6334563,0.09316232,0.2766023,0.060925405,0.16442326,0.034938842,0.21437848,2.0643392,0.45991313,0.07355808,0.6415322,0.007292081,0.076777026,0.73411304,0.3060074,0.5554944,0.003314898,3.445216,0.5502674,0.99662817,2.4144793,1.1592785,0.086365096,0.13661315,1.2234205,0.06009019,1.6366898,0.082671896,0.13935357,0.6806334,0.23125681,0.38037482,4.000151,0.7246491,0.33154422,0.9248357,1.3353751,0.028039472,0.09975163,0.3714129,0.6731749,0.5718634,0.076597236,0.44881323,0.20041142,0.043675844,0.046895776,1.8160563,0.99635047,0.01483508,0.85392183,1.0121003,1.3010876,0.55866235,0.07409167,1.1078551,3.5775046,1.6812991,0.18255617,1.5180349,0.31596133,0.8133212,0.1260763,0.26172078,0.19837064,1.2088523,0.74432397,0.1799663,1.2847785,0.5971388,0.94813365,0.3641018,0.015275512,0.036522213,2.96822,0.043377638,0.047359284,0.17263539,6.384306,0.8444072,0.22240436,0.0,0.117778026,0.529601,0.3355695,1.1077456,0.055317752,0.24381468,0.23709333,0.095349394,0.36429867,0.5289361,0.047283754,0.1755185,0.08153524,0.037458386,0.10621364,0.21431693,6.642959,0.8523811,0.05305944,0.27254492,0.24306025,0.14668629,0.0,0.8606563,1.6273861,0.085196555,0.23059806,all_pothole_images\pothole_images_enhanced_90a1f75b54f49d39943465ddceee3cca.jpg
0.22809331,1.4972851,0.35562673,2.1155338,0.7654888,0.90876067,0.1537891,0.5928825,0.041805238,0.3347333,0.7447721,0.82269156,0.12090954,2.4956367,0.14694215,0.17985623,1.0741516,0.3235058,2.357737,0.0,1.565464,0.73759925,0.5964405,0.7810503,1.6884401,0.047647133,1.344479,1.94124,0.32500654,0.47020176,0.29642528,0.1249571,0.8353653,0.14718421,0.18642822,0.7386246,0.44522202,1.1370401,0.47404003,1.8607987,0.23006745,0.018272957,0.3288862,0.07662954,0.70792186,0.7576054,0.21864818,0.23672843,0.5225545,0.439791,0.27180505,0.48637232,2.254933,0.17911118,0.1667705,1.4810684,0.73144084,0.7395354,2.368488,0.03426194,0.39900044,0.62121916,0.35914534,0.15704484,1.1928034,1.9427828,0.6950044,0.01657487,0.49767482,0.025860803,0.84255004,0.43417448,0.4441944,0.13352759,1.2802097,0.2121244,0.02103044,0.91821754,0.004190078,0.0081335325,0.08534982,1.0370075,0.35787153,0.19853865,1.0918766,0.9015289,0.2191233,0.0,2.1333215,0.31041467,0.10290747,0.11517111,0.17933375,0.575924,0.6190647,0.46015757,1.3407265,1.6945946,0.952118,0.76468253,0.0018927847,5.698365,0.18738733,1.7492015,0.883184,0.0897321,0.44063872,1.1496171,0.06465192,0.19065103,0.4704687,1.8517771,0.7394669,0.3726956,0.68700457,0.46246547,0.84534276,0.06887729,1.6261309,1.6849564,0.24415566,0.21443544,0.0150257,2.9519434,0.8460903,0.5649565,0.16977373,0.61219925,1.244422,0.75619274,0.09834014,0.07660209,0.066260815,1.6597286,0.049632296,1.2304468,0.47771084,1.6057918,0.48896587,0.021998985,0.05686617,1.3002903,0.014809571,0.3112401,0.5482527,1.9055941,0.37715912,0.338138,0.23875569,1.1602978,0.2722446,0.21895824,0.018949768,0.16236912,1.7817613,0.8153764,0.22262149,0.121747606,1.5802772,0.88313323,1.76331,7.275018,0.78233653,0.8089311,0.56647563,0.14623387,3.9017713,0.0065812217,1.7267462,3.214972,0.15107816,0.020104531,0.35930318,0.09382971,0.11562705,0.16560227,0.3860399,0.13393742,0.0,0.0002867104,1.2851382,0.4975937,2.0529509,2.1024222,2.3927884,0.65611196,0.24011956,0.22509836,1.9453299,0.6815354,0.03345107,0.96857744,0.3308993,0.7717324,0.09757908,0.18292439,0.3132631,0.5584804,0.53894335,0.7440318,0.35387275,1.3425502,0.22275066,0.3333631,0.8914234,0.52494025,0.67972827,0.22276649,1.2411355,0.8649603,0.051929567,0.07397742,0.63375396,0.46451408,1.0419123,1.9028363,1.4444686,0.10999039,0.2801543,0.17796017,0.8807834,0.33624914,0.78466415,0.6548531,0.02604032,0.31049412,0.33891478,0.6127951,0.0835408,1.0087844,0.83501035,0.52760404,0.5536126,1.6452509,0.29839718,0.39819935,2.6956034,0.4422071,0.3472281,0.0,0.5553838,0.34449774,0.15713757,0.14855558,1.1352382,0.0,0.30666476,0.59765804,0.7986758,5.345746,0.9655612,0.0,0.0020075012,0.34042296,0.0995897,0.98834676,1.2121614,0.30391157,0.36816972,3.114356,0.49813443,0.26432,1.2635088,0.3412903,0.47948137,0.4886535,1.3283896,0.35802993,0.94951457,0.08734132,0.8381212,0.0,1.0767847,1.123386,0.516621,0.53010786,0.73906475,0.21330296,0.40551674,1.1750214,0.80098814,0.39027488,0.99727,2.8821423,0.9325826,1.4877095,0.78099245,0.79395294,0.07595177,0.02528857,0.070866294,0.46710593,0.13230386,1.7969886,0.9002313,0.045953304,0.021098943,0.54689765,0.07335137,4.2580943,0.61544544,1.2079484,0.0,0.07784714,1.4646525,0.90004975,0.0009576663,0.009676103,0.6369284,0.1034722,1.3986022,0.64579463,2.6729867,2.5632102,0.10041854,0.16490015,1.0699975,1.4297701,1.2703584,0.16505823,0.35074055,0.041541558,0.6449906,0.29340944,1.0590878,0.7707036,0.2544309,0.009937973,0.30138844,0.0,2.3122358,1.241748,0.48189256,0.0,0.112695634,0.22351533,0.9831823,1.583199,1.0874547,1.1359553,0.3770938,0.8089789,1.2519354,2.1165478,1.4158834,0.11622405,0.025622956,0.17362164,0.5432996,0.16625617,0.0069354386,0.6509858,0.045274895,0.28480032,0.13603796,0.08271575,0.07854816,0.49493682,1.0679543,0.43732622,0.24240926,0.02243128,0.31540158,0.19232827,0.1603564,0.2836469,1.0584905,1.1976807,0.15719701,1.4892179,0.7775541,0.1637944,0.4093434,1.0244414,0.58628356,0.0645122,0.07374224,0.0001192893,0.41453755,0.70978904,1.0905823,0.22537924,0.953606,0.71344924,0.5792466,0.87952965,1.4480436,0.46963352,0.19809127,3.870801,1.9355901,0.14212848,0.017375836,1.3955089,0.23698752,0.13869488,1.6962934,0.22050728,0.0038816775,0.018572453,0.22595644,0.47165924,0.059623845,0.07863359,0.2939825,0.08885938,0.3042338,0.46678,1.234107,0.07657102,0.65364134,0.14074966,0.004877653,0.10419124,0.0,0.3789977,2.3662088,0.9505908,0.39290968,0.13529532,2.550998,0.23985228,3.800828,2.5928204,3.509717,0.08089852,2.9477134,0.14168362,0.4905388,0.3805243,0.3720936,0.0033627544,0.585517,0.8675602,1.2190373,1.2731595,0.45202756,0.7234525,0.73065233,0.43250024,0.47731584,0.1368931,0.035317592,0.025511386,0.0,0.02968178,1.2626805,0.12097487,1.1684021,0.7091436,1.7197591,0.02254761,0.16918427,0.4349083,1.4588101,0.74970776,0.25602302,0.39268953,0.5995105,0.75051504,0.5472609,0.44592112,0.38052103,0.07906815,0.058726396,1.6877097,0.19806217,0.23352121,0.72359806,0.11858323,0.20702133,0.8786934,0.33132672,0.34764394,1.260169,0.16021454,0.2306127,0.24941285,0.4800128,0.16961068,0.9804885,1.784852,1.1531088,0.29533073,0.123364225,0.02217901,0.16957165,0.11366174,0.3659537,0.12646224,2.0203521,3.336388,0.14252388,0.14677696,0.21980067,0.13212086,0.33685967,0.04932852,0.8369444,0.092911035,0.29658794,2.0791879,0.5286622,0.2711309,0.62077475,0.33132645,2.7496135,0.39841554,0.36447835,1.2895385,1.6747746,0.6906109,all_pothole_images\pothole_images_enhanced_910f7700289e9ae09c8b606b371be3b8.jpg
0.5233378,0.21473736,0.04927284,1.7989217,2.9456131,0.1476831,1.3146362,0.16483326,0.03817071,1.7731055,0.47708985,0.70207465,0.20020434,2.0281792,0.04356376,0.055888608,0.8315783,1.3700556,1.5943644,0.09554629,0.5550603,0.31852266,1.3132993,1.029033,2.2433074,0.5627513,1.1102157,4.061813,0.121414766,0.010555268,0.20776628,0.89492047,0.016103754,1.8278925,1.2204728,1.9033308,0.3541157,1.1040791,0.44099972,0.18492211,0.0016878382,0.2583289,0.47500172,2.1203635,0.7044771,1.2246008,0.6243999,0.09493107,1.3561193,1.2203087,0.6355855,0.8676664,0.44796935,0.0,0.16277626,1.8345389,1.243858,0.8419224,0.06725976,0.5559933,1.5970206,0.017436035,0.69985026,0.33710566,3.099977,1.1959926,1.3716159,0.33608094,0.24087553,0.63656896,0.7785864,0.5076802,0.3703031,0.015414228,1.7087455,0.27758482,0.5996793,0.63456494,0.02360322,0.7691373,0.073408365,0.50394005,0.539459,0.2768091,0.59384465,0.00055319193,0.049816765,0.08415705,2.1678147,0.50489885,0.88471204,2.129224,0.6055555,0.022693021,0.04495766,0.26580223,1.699086,1.2012752,0.13460617,0.96626896,0.53791475,4.154855,0.89338696,0.0058111995,2.0110772,0.7512788,1.0913014,0.03072548,0.2858053,0.9015661,0.56716263,0.44500312,0.11841336,1.0405655,0.1752702,0.1656272,0.56605446,1.0634202,1.5614138,1.346643,2.1618187,0.39748013,0.76661104,1.399669,0.5713848,1.259316,0.22935762,0.47639176,0.24676405,0.099076055,0.59827673,0.036152646,0.35611805,0.1281473,0.43164343,1.3940735,1.2336477,0.006885257,0.71773756,0.12767495,1.6270874,0.67093533,0.96174705,0.5607882,0.15651286,1.5147008,0.445039,0.6494027,0.056271225,0.24895398,0.2586554,0.2680616,0.28974462,0.11461421,1.2643615,1.1617451,0.64103323,0.13496874,0.49975693,0.8984417,1.5656922,0.48517445,1.3994051,2.0840695,0.8682735,0.012304911,0.44220403,0.46325827,0.6611767,2.6106806,1.0778779,0.17845005,0.43530482,0.07524945,0.035876542,0.85552835,0.4628947,0.030443829,0.11171936,0.2285714,0.16684535,2.9300232,0.9767782,0.92907417,1.7522812,1.3665111,0.43228453,0.07595656,0.85613686,0.9580054,0.3845679,0.111005194,0.71985054,0.31847253,1.6261879,0.8136196,2.6601262,0.09385999,0.6488622,0.5319812,0.50724304,0.5776072,0.812822,0.021690147,0.37786788,0.30788422,0.12088431,0.2678764,0.71534,0.8921225,0.058047727,0.119932845,0.84744513,0.06069854,1.39395,1.9146935,1.0484569,0.2701274,1.7442611,0.7128495,2.0376737,0.17114188,0.27402487,0.23720323,0.0,0.03411942,0.25725687,0.17682923,2.9844954,1.4743359,0.21170026,0.06192861,2.274133,0.2305455,0.1663004,0.0,1.8642995,0.39291707,0.095258296,0.039566454,1.3117113,0.21999004,0.87461066,0.41455567,0.23250069,0.1341083,1.2856929,0.17921644,0.16521335,4.647574,0.0064536734,0.40934226,0.1178272,0.8440913,0.0,1.1611557,0.03219572,0.44323558,0.2244206,2.9800358,0.9901049,1.6199936,0.33246726,0.026492702,0.26356047,0.4085574,1.3372371,0.113711074,3.46504,0.6138759,0.33330613,0.004341664,1.9198043,1.3531209,0.4133334,0.22500588,0.15905923,0.19977978,0.21551864,0.5504983,0.8726125,0.14046499,0.8626357,0.15554675,0.39979076,0.7000044,1.4163198,0.962585,2.6472392,0.601588,0.066722244,0.22179835,0.74251616,1.7243832,0.28468743,0.42234898,0.6198767,0.058954153,0.26598555,1.950739,2.0726862,0.55427957,0.034245398,0.0002916215,4.6197047,0.08383249,0.7006959,0.07610127,0.50224936,2.229736,0.32415235,1.931042,0.6372536,1.0934896,1.8324933,0.1133053,0.067991175,0.48051965,3.8145957,0.5009179,1.0789175,0.46995747,0.55188966,1.9987658,1.3246919,0.5838048,0.052240167,0.42100468,0.7761816,0.0022356475,1.1850988,0.039553713,0.08315876,0.35577124,0.1808447,0.2285845,1.2066258,0.09297949,1.0768905,1.2899433,0.2871193,0.008822342,1.7132443,0.6867193,1.2372841,0.06586239,0.44407618,0.57487327,1.0534308,0.0077548344,0.5960071,0.29673952,1.0992284,0.5388973,0.25107375,0.33179116,0.22211568,1.6377906,2.8932056,0.6505588,0.9972995,0.6378254,0.35063386,0.023852877,0.0018816071,0.0015449973,1.2020007,0.4226876,0.7852878,0.33521473,0.70983917,1.2124279,1.2784685,0.6048282,0.5330315,1.3362774,0.19422257,0.18360445,0.58297175,0.30057326,1.9818225,0.029123029,0.041955583,1.0603737,1.1708908,0.32407162,0.6377962,0.70778626,0.16196142,1.3430928,1.1945679,0.3518112,0.00017109998,0.06884066,0.43111458,0.0248413,0.95299494,0.098360196,1.2579312,0.16194166,0.7846663,2.602183,0.21206862,0.3364341,0.4707848,1.3769699,0.35782865,1.0010513,0.4893193,0.21286952,0.6640175,0.10411636,0.24572004,0.1209368,0.18813783,1.354592,0.52345645,0.35083884,0.77667826,0.04669797,2.7246583,1.8280518,0.3467223,1.3776082,3.3881187,0.20156404,1.4048605,1.2695029,0.015523074,0.5445398,0.39556354,0.5293642,1.179655,0.698176,2.643402,0.48221087,0.34480694,0.36478004,0.18289302,0.004812058,2.0815587,0.60539025,0.05181388,0.0,0.021299155,0.2837046,0.5986216,0.009085489,0.2680158,0.91105205,1.9923728,1.0947787,0.013033469,0.22197166,0.85684717,1.1264876,0.16407365,0.2735804,0.060558524,0.0060634366,3.8653767,0.30861515,0.94901603,0.4376155,0.02694471,0.6942756,1.0480638,0.0034869465,0.8571194,0.28192246,0.041719567,0.8887979,0.0047247275,0.12948176,0.75310564,0.03979734,0.4387509,0.5092794,1.1198019,0.0017928894,0.30134478,1.9935141,0.18494448,0.32602322,0.9518189,0.15612215,0.6775437,0.24785917,0.57085776,0.02440932,0.82009363,1.2238703,0.015463476,0.31404448,0.0524607,0.15409666,0.4503099,0.35677975,1.9403776,0.74256754,0.3980423,1.668506,1.3577756,0.13135527,1.6995124,0.93642765,0.24007702,1.1203634,0.38296732,0.93194205,0.22459975,0.089287385,all_pothole_images\pothole_images_enhanced_9112ba2f0089eeb53eeda1ade67fef11.jpg
1.698547,2.0951288,0.533333,1.9231168,1.0427948,0.6286016,0.23551574,0.32189092,0.3552903,1.3233216,0.34627226,0.33970368,0.3152977,1.5925884,0.068664275,0.5455108,0.29449037,0.032885093,1.009643,0.016135782,0.38077125,2.1470137,0.95637625,1.6864264,2.277369,0.10563241,0.008417602,1.9509112,0.014250469,0.3226407,0.909754,0.47039452,0.23380123,0.85792446,0.40281278,0.9393143,0.7521386,1.3693777,0.19265969,1.0834088,0.8183795,0.14041103,0.5562969,0.17147224,0.7561634,0.81180066,0.41558716,0.005091953,0.9932824,1.174734,0.37922126,0.18629386,0.21624456,0.19335365,0.0122068105,1.6513674,0.72443527,0.24811986,0.35433137,0.0,0.07914079,0.054100275,0.45207298,0.15818894,1.2200195,1.754358,0.3556519,0.11142749,2.4426532,0.22056428,1.0517471,0.1455582,0.26500246,0.57456493,0.8933689,1.0913348,0.41400823,0.11975654,0.70961106,0.15737669,0.034609135,0.26436085,0.7059097,0.5638874,1.6818655,1.1126928,0.09732329,0.14163312,2.9638488,0.9089994,0.460806,0.25763565,0.011961747,1.8466377,0.17027158,0.11435091,1.0764796,0.5163307,0.0,0.07498001,0.5222822,1.299492,0.10038798,0.11101362,1.4382713,0.5284932,0.1710942,1.6500285,0.024768284,0.66010565,0.0,2.663663,0.73807776,1.5930707,0.8015982,0.038589314,1.4041497,0.4965458,2.2877367,1.4130282,3.2518046,0.82350296,0.27692983,1.55795,0.168322,1.2211561,0.046304945,3.6534793,0.2815971,0.5398825,0.40111428,0.0,0.16000363,0.34189862,0.4977421,1.8757682,0.44261235,1.632436,0.44230816,0.10882408,0.07274959,0.66326493,0.1166282,1.088977,0.0050950525,0.9842637,0.0038673987,0.27690262,0.25333562,0.45062873,0.58003545,1.1175596,0.47970414,0.30122674,2.370907,0.6360188,1.3587795,0.5977743,1.3654671,0.3798828,2.954577,0.9351074,0.5140158,1.9332188,0.39349076,1.3190116,1.060097,0.014170941,2.7354248,0.9176829,0.15735275,0.052525904,0.0,0.28511378,1.4245013,0.7738427,0.3184801,0.16752,0.033974268,0.028440753,0.04559808,0.86715776,0.84482026,2.6863203,1.5246298,2.082871,0.1453309,0.030520014,0.8557663,0.81290513,0.0057966686,0.73454875,0.2894388,2.4680488,0.59673905,1.1410023,1.2604941,1.5063318,0.14851701,0.78689396,1.5252651,1.1998101,0.65339214,0.92123556,2.520684,0.6265351,0.9064267,0.2329222,1.7954584,0.761445,0.031576585,0.11236525,0.80751485,1.1208425,1.0954391,1.540088,0.6843803,0.0435733,0.9371114,0.2236545,0.23162521,1.6179475,1.4932836,0.91983294,0.030717097,0.17644851,1.9822288,0.5420141,1.1755035,0.049855866,0.03890838,0.2905803,0.99291205,0.5704625,0.36282885,0.08692133,2.674692,0.5367324,0.076052964,0.4719794,0.83945477,0.30817965,0.4828915,0.83674026,0.81423515,0.073082745,1.271797,0.7908672,0.54803485,3.9717672,0.77013355,0.5764103,1.3390688,0.1063696,0.16576903,0.17099507,0.42831865,0.41245455,0.56006265,2.3139744,0.40253657,0.03422764,0.44676697,0.6075847,0.00043873664,0.5545917,0.9792687,0.36906782,0.4882016,1.1084081,0.19978672,0.049266532,0.4650112,0.060431648,1.5674372,0.7420952,1.1036993,0.46311015,0.6812179,1.5154247,0.0,1.1439674,1.3011715,1.0368992,0.9923845,1.0937047,1.1351357,0.1275135,0.4803999,0.74047196,0.26564795,0.5878205,0.059678826,1.8867711,0.347475,0.05664502,0.96583885,2.0302625,0.2519321,1.4660264,0.59817594,1.0673835,0.10450138,0.5977093,2.937413,0.5260091,0.48155275,1.3222208,0.19120681,0.0,1.1047155,1.1180117,5.205664,1.4222709,0.11396612,0.54399747,0.05929939,1.6955167,1.3043665,0.13489471,1.5411893,0.07695012,0.14311138,0.60140663,0.35968775,0.35183373,0.23928912,0.18250294,0.11427097,0.8163195,3.0058537,0.2688398,0.1633034,0.0,0.080730684,0.7621933,0.018610856,0.29629663,0.55273056,0.17331831,1.2618481,0.57433885,1.7983086,0.014259253,0.40260786,0.6286027,1.2984804,0.03906866,0.57955456,0.22071223,0.10215464,1.6323577,0.22519875,0.34697118,0.4138122,0.39356923,0.07402296,3.612687,1.467552,2.07276,0.6031855,0.7410144,1.6537572,0.14511782,0.012796673,1.2934209,1.7007359,0.06100546,1.1588672,1.0494506,2.2057376,1.0278192,0.66072255,0.1424837,0.7312025,0.6752897,0.19804937,1.2528467,0.005164193,1.266714,0.97069055,0.82660174,0.10198593,0.6406499,2.2504628,1.4572582,0.6825426,0.11620903,0.5466565,1.1405157,0.37277913,2.652569,0.67995286,0.53839654,0.0,0.74714226,2.731846,1.4230303,0.3537808,0.03706076,4.574125,1.0800639,0.92858994,0.38602975,0.468623,0.19794308,0.5655719,0.81645286,0.0,0.26159668,1.0877748,0.08011491,0.6466673,0.26970908,0.010484486,0.45550302,0.5193649,0.27614078,0.59973454,0.07647709,0.36179197,1.9291104,0.2837579,2.751867,1.4745778,0.11087733,1.9385796,0.82327145,0.40502864,2.288264,0.68979615,0.83835167,0.5415469,1.1623276,1.2371694,4.101146,1.2539347,0.86270916,0.13131249,0.8604434,1.1220645,0.20951605,0.27395344,0.19762944,0.6096094,0.0018158944,0.37098312,0.06545264,0.79252356,1.2007457,0.94182897,0.93528754,2.3212197,1.977113,0.7868584,0.70642936,1.7707593,0.33122012,1.1143786,2.805512,0.8459132,1.0735755,2.3953438,0.31604874,0.6881238,0.7178208,1.1102188,0.016224662,2.08843,0.06822373,0.9946636,0.9606734,0.058249116,0.9861584,2.9916184,0.115108974,0.36065024,2.8753128,0.3685941,0.47243187,0.7974911,3.196408,1.8431078,1.1560895,0.072817735,0.31068552,1.4579692,0.7131391,2.043398,0.18902233,1.7407395,1.0511894,0.5730604,0.0,0.7631544,0.0070823994,0.15299758,0.33546314,0.77794725,0.86068153,0.2582794,5.433778,1.7330966,0.5061309,0.25939864,0.10777009,0.21106334,0.71836257,0.27968684,0.5111031,0.43031657,0.3608527,all_pothole_images\pothole_images_enhanced_912530e9cd32b88ab7e655ebc2be8a76.jpg
0.84312445,1.7971135,1.3309175,1.3072811,1.2132086,0.50463724,0.79348665,0.0,0.360544,1.360059,0.60326654,0.0,0.0736293,0.8565311,0.3023828,0.54751855,0.13880156,1.1170015,0.7431493,0.3435274,0.5133125,1.3070344,0.95152843,3.1162975,0.98359364,0.21529466,0.15330343,1.1715065,0.020308275,0.47844297,1.0731419,0.14265206,0.36701086,0.7794011,0.344437,0.8349704,0.64112633,0.45613456,0.45626706,0.5534389,0.20655313,0.087280475,0.051762406,0.2162229,1.1882905,0.27884868,0.19732973,0.21256097,1.8236252,0.41942927,0.009731552,0.22095731,0.12810448,0.071059875,0.1009929,0.38863745,1.7197115,0.2104573,0.2655154,0.20874396,0.054884512,0.44799018,0.43727967,0.13345312,0.031932797,0.2604089,0.063930444,0.3810629,0.28956896,0.3720946,0.0,0.15267435,1.2743664,0.202579,0.29418963,1.3529884,0.7101715,0.24542628,0.040641245,0.6930899,0.0013894244,0.29225194,1.156704,0.81999594,1.1195347,0.834724,0.04512895,0.2598204,4.047807,0.78966403,0.20538566,0.24888134,0.22804318,0.028057283,0.2662856,0.08115473,1.1347239,1.5043286,0.31885707,0.09033774,0.14540333,1.4753234,0.2361941,0.382562,0.31192926,0.48817062,0.163574,0.25264943,0.56177706,1.7319232,0.47322822,3.2877944,0.3193678,1.9168518,0.13121188,1.0421721,0.95751595,0.12680157,2.0201623,0.841047,1.0583513,1.9048866,0.40339038,1.244749,0.7351065,1.8982389,0.09078234,0.64219457,0.036271352,0.42841035,0.27179223,0.04565596,0.17208514,0.20787321,0.18137994,0.20659268,0.051671028,0.3941919,0.0352619,0.017628152,0.4008713,0.6690804,0.07594169,0.5820468,0.03466971,0.1490885,0.045122337,0.9454992,0.37609857,0.38038227,1.0696001,0.17916761,0.101369716,0.068027794,1.9532125,0.43115717,0.38163,0.9583657,1.0666618,0.08230346,2.9670298,1.9717464,0.26601505,0.5332879,0.5911826,1.3134165,0.90465873,0.01970703,1.744836,0.65744686,0.13123095,0.042019572,0.11243324,0.19687735,1.8942424,0.0659897,0.4488062,0.015069049,0.0,0.13799548,0.006427177,1.3872012,0.97533584,2.9241352,1.7342964,0.78474283,0.3693366,0.14633428,1.3426218,1.7937223,0.33798674,0.5049196,0.04087053,1.7809368,0.5442386,0.13048433,0.4721706,2.4299927,0.27696276,0.4386771,0.32276765,0.33473742,0.24294028,0.15195821,0.73344016,0.36630148,0.37102145,0.08997803,0.9211135,0.40350723,0.26658672,0.3858888,0.94995123,0.79067004,0.3197905,0.4848253,0.6259226,0.032332804,0.5464204,0.1141718,0.28953737,0.03966779,0.42129028,0.90000737,0.16546936,0.0037272424,0.6367037,0.16465698,0.7965421,0.26349303,0.053178746,0.21252994,1.0260161,0.4949307,0.36518204,0.3764341,1.4430003,0.10210069,0.18840793,0.030874753,1.1034278,0.2990464,0.14527951,0.2827065,0.007819976,0.08193001,1.0591553,0.031610068,0.2566859,4.6763916,0.19815318,0.11432625,0.7536822,0.31626928,0.5350802,0.2131979,0.3161799,0.7715837,0.24810973,1.0923839,0.31645846,0.012537523,0.8520941,0.3242092,0.07803317,0.53378224,0.83224005,0.1467033,1.3590394,0.11337798,0.7959396,0.0,0.1551175,1.0731384,0.8813853,1.5594068,0.36124894,0.16478412,0.24649075,1.0132791,0.04630558,0.032609787,1.0684825,0.024922298,0.37916404,0.7045723,0.127613,0.3680888,0.08155092,0.32595664,0.41580182,1.0509944,0.28869465,1.6818691,0.1515461,0.26248258,1.3647848,0.8100334,0.09339594,1.5421361,0.18773668,0.5038591,0.009287012,1.6521598,2.5541477,0.8498492,0.0,0.91876847,0.3586197,0.09798718,0.3045828,0.6308739,4.72866,0.86439115,0.0192023,0.059688397,0.0057196943,0.5657215,2.4305,0.0403322,1.0782443,0.09090083,0.163516,0.109685354,0.27252406,0.8573456,0.068289176,0.77785677,0.49193984,0.23604134,2.3895516,0.0022539415,0.07949359,0.0,0.020469818,0.42559478,1.4040954,0.0,0.10376181,0.25593123,1.1923336,0.4236501,1.5159441,0.0573151,0.722386,0.10066949,0.2219651,0.001847072,0.014131008,0.15433209,0.057697397,0.8536629,0.22049649,0.0076876194,0.2869412,0.5003887,0.6668888,0.50248754,0.85881805,1.0794466,0.18587698,0.86837804,0.44889417,0.407629,0.027040325,1.2070012,0.32775533,0.1449001,0.9708856,0.3104887,0.8916502,0.29225928,0.4069027,0.05746834,1.1451225,0.68202674,0.66124344,0.34676063,0.005245779,0.35828924,0.3668269,0.100572236,1.1013604,1.3381678,2.5501263,0.41092202,1.484535,0.107195705,0.416406,2.1403053,1.2367961,2.1116033,0.34477308,0.5463423,0.013111059,0.16842028,0.48221174,0.38822174,0.17163973,0.35113665,0.19935527,1.8856611,0.54058003,0.80178833,0.29519117,0.01560481,0.114657335,0.7913536,0.203581,0.1873666,0.18646605,0.3100584,0.20195779,0.6484852,0.0017949862,0.1966561,1.350748,0.07478124,0.4269933,0.1412847,0.5937149,0.21656787,1.4607092,2.2457075,2.139267,0.5275763,1.2886521,0.7604096,0.040992472,0.7101069,0.5329094,0.42904007,0.2931025,0.30506274,0.7696233,4.0234337,0.38502806,0.20763254,0.14039676,0.690457,0.2566605,0.16572061,0.02971484,0.24294844,0.3922544,0.060272317,1.2234021,0.29471144,0.32308906,1.2955431,1.5891155,1.0156242,1.2420112,0.81707054,0.89096147,1.8873991,2.509305,0.72726655,0.34422392,1.2093066,0.5464812,0.0648169,1.2908261,0.22543074,0.6606802,0.71909267,0.06784415,0.021528272,0.6727266,0.47068,1.3174181,0.31260717,0.01234258,0.44587815,1.1506869,0.72031134,0.041869808,0.40595898,0.17487533,0.5517133,1.4355805,2.6292295,0.3658627,0.54300976,0.008729018,1.0767634,1.2839106,0.5961763,0.24265583,0.03337042,0.33377627,2.800188,0.14032812,0.0,0.10753884,0.15883194,0.38798654,0.017698308,0.26572523,0.05811763,0.20794825,3.031125,0.506602,0.18035942,0.20960878,0.29924175,0.24235898,1.8096067,0.18426934,0.63810843,0.64270574,0.7338583,all_pothole_images\pothole_images_enhanced_9134fc5d6c7a40d7c4a5b16f22b1e944.jpg
1.4215599,0.30262768,0.3333087,0.72610927,1.9689947,1.3281252,0.06290928,0.21246655,0.11252449,1.2190292,0.67685705,1.6577612,0.4425845,0.9333679,0.36708194,0.17866696,0.51857823,0.01973255,1.039617,2.7566702,1.6639526,0.5676914,1.7525722,1.3305659,0.5763601,0.74505264,0.99020976,1.2304151,0.13817817,0.35198835,0.6636594,0.43266824,2.007381,1.6993355,0.5558061,0.28407702,0.934428,0.95031965,0.23114261,1.4193274,0.0938656,1.7134303,0.5869786,0.2820725,0.7349203,0.9335157,0.83173335,1.2572708,0.033373002,0.5518119,1.7425346,0.6319954,0.61967975,1.3563519,1.1942141,0.18625584,0.44493467,0.12297862,1.0085629,0.46863487,0.7548892,0.8710686,2.6290781,0.42873865,0.15307757,0.857292,0.5903023,0.4779722,1.1573776,0.21581449,1.4389756,0.25897393,0.6550983,2.4598088,0.26339275,2.5537925,0.43278798,0.66510874,0.08672044,0.057573825,0.31781694,0.52389795,0.023493722,0.4468755,0.1480492,1.9049158,1.298206,0.6105336,1.2138833,0.42815006,0.33584327,1.003123,1.6715652,0.05943737,0.53287274,0.49130177,0.2763456,1.275633,0.3622645,1.6433822,0.062336046,3.2251172,1.5718964,0.13360672,0.25922862,0.25124687,0.16476293,1.2944896,0.39863452,0.098294005,0.83553773,2.5564177,1.8616663,0.32048485,0.88511074,0.14465192,1.417629,0.04184884,0.32212338,1.2884429,1.939318,0.47414804,0.72359955,5.7586555,0.7031542,0.33893204,0.41744423,1.1122894,0.7407949,1.3150164,1.675264,0.20735781,0.055912334,1.7745202,0.8119203,2.520354,0.015355724,1.1878853,0.10629343,1.3497838,2.3193822,0.3465946,0.025310978,0.5263264,1.3113896,1.6774588,0.35827714,2.076862,0.0034519318,0.2585306,3.0445485,1.1307565,0.26649898,0.38173243,0.35162938,0.06626583,0.6660902,0.052326597,0.6751945,0.6418499,1.8093914,0.32362783,0.038477045,2.8737612,0.22957084,1.2065333,1.119388,0.8890234,0.85551816,0.25698012,2.429841,0.11033633,0.36032918,0.18608953,1.0202376,0.85609204,0.44650424,0.46424997,0.09177132,0.41689605,0.39240918,0.092983164,0.82539535,2.6570935,1.4604931,0.0039707455,0.58166033,0.15554866,1.9822888,0.16333704,1.1955287,0.5086429,0.015023209,1.281686,0.32573375,0.38697636,0.5363486,0.05678848,1.5948106,1.147803,0.79029924,1.9971076,0.48817396,0.9269123,0.7809993,0.9181403,0.037951045,0.82445335,0.62675744,0.27835113,0.4213107,0.25746763,0.047163136,1.0021565,0.98824155,0.32121536,1.187639,0.20933452,3.7054393,0.41678306,0.120889895,0.26701805,0.71310145,0.544687,0.12314871,0.85511833,1.059315,0.5518166,1.3952388,0.70024437,0.12265791,1.6263175,0.9184659,1.0427172,0.27410766,0.0008758846,0.0067142453,1.329601,1.1648873,0.5169143,0.6599891,0.22117133,0.22126898,0.09841952,0.019620791,0.42463,0.48848057,1.4940251,1.0736151,1.3210481,1.8333187,0.413428,0.8845924,1.0734212,1.4345288,2.1777825,0.025690563,0.07727745,0.8039471,2.767553,1.9886842,0.2009212,1.3252473,0.31413117,0.08440723,0.48919895,0.24840078,0.8121811,0.9742391,0.6782957,0.009848735,0.676791,0.41606736,1.1826477,0.24305144,0.3958312,1.2082967,0.65274745,1.440197,0.41341022,0.7579626,1.1892679,0.7341789,0.895048,2.871323,0.018609772,1.6093317,0.5876264,0.10276327,0.1310013,1.8379021,1.4444195,0.52923703,1.0704576,0.08153496,1.4135826,0.55906546,0.2880172,0.2803537,0.41977546,0.4902589,0.01513041,0.9311534,0.14790939,0.29393464,1.0987717,0.14866342,0.08258718,1.0884296,1.8392044,1.3273021,1.0427516,0.97233874,1.6499379,0.21028581,0.3067889,1.1092923,1.697728,0.2002572,0.5294716,2.0060759,0.66355497,0.22354873,0.57062197,2.773062,0.5983531,1.0864393,0.78254855,1.3558855,0.024394251,0.074102156,1.0791557,0.27399203,0.05161867,0.13617155,3.3934352,0.05412306,2.070152,0.229593,0.9644173,1.1157231,0.4999554,0.15704551,0.007015094,1.1843781,0.8670659,1.1602912,0.013897929,0.27878594,0.72247934,0.64935744,2.3679051,0.73490983,1.3618226,0.96393114,1.3114486,0.5217397,1.0750707,0.4010292,0.5573776,0.68592507,0.7709288,1.0933973,1.5290745,0.12777576,0.38090935,0.23207279,1.5758458,0.6156439,0.9735014,0.3169807,0.56790406,0.596722,0.5410762,2.1368299,0.72058904,1.0424094,0.9557977,0.5077008,1.6045015,0.08400602,0.6300021,0.94731206,0.401129,1.8594836,1.391024,2.7756217,0.30875105,0.55569875,1.291372,0.2566465,0.041749332,0.633907,0.6995288,0.13815564,0.074375436,0.6610486,0.39817926,0.62360257,0.21057358,0.08422659,1.8128949,0.12218555,1.5701773,0.44685036,0.22560622,1.3089154,0.43838826,0.62940186,0.07555116,1.9668025,0.47203097,0.32686308,0.28094828,0.21324492,0.4783671,0.9639484,1.097792,0.2602202,2.0493147,1.046332,1.3798738,4.3457556,0.7955138,2.5175948,0.057085484,3.5495467,1.9761,1.4173899,1.0347642,0.26976693,0.52016586,0.23963538,0.4479728,0.20177878,1.5312353,0.7484638,0.5760727,1.4159807,0.24373287,0.35189372,1.035126,0.48594794,0.21442744,0.13763423,1.2765577,3.7416341,1.3966179,1.2275935,3.4656458,0.16652535,0.5700241,0.11914685,0.85001963,0.26328167,0.027288146,1.2697369,1.3501954,1.1405622,0.048225205,1.0284852,0.76774025,1.7097663,0.5618526,0.35561103,1.3231145,0.18732515,0.018181419,1.04557,1.7050046,0.69844025,0.06766718,1.9483944,0.9925973,1.5827281,0.645261,0.21517327,0.6782413,0.42289087,1.1939142,1.3650482,0.16231252,0.5769839,0.32514998,0.7393934,0.40100074,1.7868108,0.618635,0.533325,1.1972425,0.00065487804,1.4363853,0.07038133,0.4291585,0.24216332,0.0,1.1682186,0.18834047,0.48426682,0.37839812,0.5378848,3.2377374,0.22209117,1.8753878,2.6828642,0.05054248,0.08448973,1.3891059,0.03131863,1.5960033,0.41595778,1.5167463,all_pothole_images\pothole_images_enhanced_914488389e658cfcda5185bf69dbfb3c.jpg
0.9831485,0.5592048,0.06697532,1.6774844,0.75494933,0.6592725,0.32938835,2.4425693,0.9616569,0.5434042,0.16328268,0.6288343,0.3488989,1.5135015,1.1998354,0.0,0.7835347,0.16447565,0.61591774,0.29611006,0.38976693,1.6357057,1.10582,1.0220499,1.0688125,0.6365309,0.16032645,1.2229469,1.4143007,1.5189,0.92410386,1.0082874,1.6966828,0.4167721,0.666178,0.051798683,0.29703924,0.060764052,0.24635595,1.8059834,0.2949378,0.1556947,0.3357238,0.62717295,0.3921952,0.08783706,0.15402827,0.13044246,0.064871825,0.20696102,1.021951,0.35932213,1.4982554,0.61737865,0.5057395,0.78605103,2.7268748,1.4929882,0.75531936,0.37901103,1.0648003,1.3756903,1.4914389,0.3673873,0.087928995,1.0864369,0.4452726,0.37138927,0.41611487,0.45376733,0.34241247,0.0343735,0.49662808,0.9689621,1.0294759,0.8172356,0.15664083,0.594345,0.10506038,0.0015804803,0.3996729,2.1255755,0.05507235,0.9322005,0.1845867,1.4450785,0.28457123,0.35932478,0.8544056,0.11127437,0.036094233,0.7735073,0.21804479,0.1655404,0.18517074,0.33364275,0.32565466,0.09937099,0.52910864,0.42471445,0.082902655,1.704639,1.529271,0.33547607,1.3927469,0.32670256,0.59643394,1.0728962,0.58135796,0.13655183,2.0702744,0.8819215,2.7107298,0.33512014,1.3903109,1.2760576,0.22880258,0.22124888,0.26444867,0.56480336,1.655705,0.17748444,0.35087055,0.7684315,0.22913712,0.80450064,0.45791268,0.018409215,1.2784038,0.19870548,0.8531298,0.3058443,0.2810719,1.4968404,1.0788671,0.85612345,0.28262255,0.9566163,0.48437247,0.55997413,0.19943854,2.0753498,0.9643917,0.29275322,0.15478134,1.6706464,0.006872481,0.61569184,0.14913465,0.8521623,0.5013393,0.69270253,0.9854129,0.85930467,1.6438713,1.0517377,0.21132666,0.059780635,0.31162548,0.506753,0.7713935,0.12324909,0.574721,1.3451376,1.3031156,0.26432118,1.379689,0.8509746,3.405636,0.12536204,0.4974968,1.1546412,0.30760396,0.08505119,0.20376411,1.0297024,1.1741978,0.007277205,0.83524585,0.013739035,0.026092669,0.86981267,2.1653469,0.8941717,0.6573332,0.24720658,0.19142832,0.23723784,1.5459068,0.038895246,0.6854217,0.024795948,0.025854552,2.2985468,0.31181005,0.030754924,0.48021016,0.00034948575,0.0,1.2554553,0.17737421,1.9638733,0.24869953,0.6649043,0.19322589,0.015108768,0.8311366,0.29215664,0.7741248,1.1135368,0.51694953,0.61010194,0.49449617,2.3771412,1.5896927,0.4996483,0.26964903,1.5910417,1.190175,0.42245343,0.17954654,0.15827607,0.033501312,0.6663748,0.085211016,0.5670756,2.5208743,0.06672007,0.72188437,0.5132072,0.32288933,2.2148044,0.46701837,0.071349904,1.0095004,0.08285845,0.720118,0.022957483,0.025228845,0.21653019,0.5673068,0.11852212,0.7105604,0.046084642,0.16748238,0.019658886,0.7118961,0.77582115,1.4512715,1.9438645,1.3627993,0.7976846,0.34710056,0.03690264,0.044995517,0.07143444,2.1602004,0.38744664,0.81828475,3.6834474,0.022808459,0.58266383,1.4578458,0.73190796,0.64626986,0.29343507,1.2166545,0.20740858,2.533844,0.025375206,0.85162437,0.6061465,1.3012619,0.27884355,0.047430217,1.0298691,0.7817752,1.3035885,0.24637528,0.6255671,0.88690275,0.13212149,0.33332077,2.333174,0.5256386,0.5345506,0.8464129,0.13225478,1.0660975,0.4346947,1.4089555,0.0071960813,0.24005722,0.4178715,0.47517166,1.2067239,0.17699035,0.76936567,0.24226095,1.1071781,0.17022136,0.3404105,0.0038234831,0.45875221,3.5399082,0.21418348,0.0,0.41983008,0.025807746,0.995239,0.28820378,2.490221,0.27522385,0.16618942,0.019610278,1.1778734,0.020576198,0.4711856,0.13704515,0.3372225,0.9183968,0.3272883,0.003948443,0.7500211,0.99044406,0.16165389,1.1544378,1.0155,0.22873111,0.010901097,1.4186828,0.18889739,1.0222336,0.045896355,0.123109445,0.48715287,2.7611678,0.21321018,0.0013801311,0.71793425,0.85161877,2.3449042,2.2360024,0.8102481,0.6537605,0.15983209,1.6141909,1.0498285,0.7125036,0.95353395,0.23291963,0.15461059,0.42945686,1.4222338,0.06030429,0.43455824,0.19719265,0.955018,1.4934435,0.2758819,0.0,0.028054416,0.44777545,1.9734889,0.018669419,0.018369025,1.688118,0.11953886,0.2851093,0.92609745,0.9566153,0.54908824,0.05319869,0.37370586,0.93945754,0.19573075,0.9668338,0.021008365,1.5396048,0.05690453,0.12698475,0.3988692,0.478086,0.70515877,3.3494449,3.8466766,0.77321875,0.397384,0.35039082,0.9073748,0.00455652,0.1169439,0.2620814,0.142756,0.37834948,0.08079694,0.72020674,1.7591087,0.42723298,0.41124588,0.66062534,0.958784,0.21068725,1.1913602,0.06128389,1.188623,0.52003294,0.47303653,0.023923805,0.12576617,0.9509664,0.77611834,0.25600404,0.21105863,0.15797798,1.1231267,1.0184877,0.40177107,0.37181777,0.18151718,0.9227739,0.64838064,3.6585424,0.72206724,2.1766438,0.21677755,2.6434731,1.1103278,3.3810725,0.011436471,0.48421007,0.2055766,1.4464045,2.2045763,0.0,3.7832665,0.33968598,1.472676,0.13506196,1.3756512,0.5740565,0.552463,0.65064037,0.50915986,0.36453605,0.40804654,0.92581666,1.4078455,0.23337112,0.19778484,0.81549,0.54844207,0.44917515,0.14539613,1.75594,0.6995853,0.47173515,0.015095592,0.6781635,0.9345262,1.2007413,0.0039999723,0.97259986,0.38322645,1.9903581,0.28643936,0.23257041,0.020857163,0.39589557,2.3327372,1.0067905,0.20806243,0.3650449,0.21318859,1.0138245,2.4987304,1.8087143,0.62074107,0.39022562,0.25939167,1.4966141,1.648558,2.4267082,0.7466831,0.00069600646,0.720844,0.588525,0.02325015,0.38964516,0.9397917,0.31223404,0.76475245,0.037990637,0.05655673,0.7172353,0.7373193,0.24138898,0.21138357,0.36845157,0.10511986,0.2803333,2.4939077,1.5134568,0.99720764,0.6075076,2.4316761,0.5660791,1.2524035,0.3194437,2.228914,2.16367,0.8369385,all_pothole_images\pothole_images_enhanced_918c3a3ab8344269071efcd4249ff1ac.jpg
0.42891833,1.0060823,1.3527445,1.5187954,0.9526283,1.5131482,0.15050213,0.057305004,0.44885805,0.99876606,0.04149431,0.4985531,0.29372156,0.17372844,0.5266582,0.12636995,0.4052117,0.08603107,0.9712808,0.059293035,0.4496589,3.2899518,0.5606535,0.83451,0.7682468,0.33809465,0.34704384,2.477841,0.1607202,0.074705824,0.9366166,0.13761586,1.0088456,0.4400659,0.3290023,1.516381,0.6410635,2.1139796,0.66299057,0.7791962,0.0012603819,0.00048667344,0.46137086,0.8656202,1.499081,0.0113713145,0.01784257,0.18736292,0.284667,1.1702406,0.60718614,0.48512974,0.3192237,0.7047389,0.041954342,0.9711752,1.2695388,0.24281622,0.84882367,0.16630591,0.21887265,0.68917185,0.5405721,0.18711199,0.3186204,1.9511447,0.68883604,0.10381514,1.2228618,0.18492651,0.22607271,0.17719135,0.8220803,0.036609158,1.1954448,0.8356057,0.3563352,0.58066654,0.31628454,0.5338947,0.10178291,0.023593027,0.72574884,3.0459356,1.8386852,0.52471715,0.693916,0.39298534,3.1253135,1.12786,0.26624483,0.06135995,0.08173775,0.16752239,0.39284122,0.13737643,0.94886225,0.75679827,1.2256067,0.124872565,0.15223172,1.8918037,0.449739,0.40979552,0.26517347,0.30051988,0.16823716,0.21659327,0.2082464,0.122380115,0.13482149,3.7717412,0.13875128,0.12516828,0.15392984,0.14239696,3.1669152,0.27787346,2.7498221,1.1152525,1.6712998,0.522801,0.43319488,1.1422907,0.6315119,1.0684388,0.31982714,1.5341609,1.1527091,0.08753918,1.0957878,0.0,0.8051314,0.4446002,0.2325228,0.54105544,0.33489737,0.42326328,0.66908556,0.5633962,0.13958995,0.34634748,0.044002715,0.6109021,0.17303628,1.0028292,0.436417,0.04620823,0.14105323,0.474018,0.60541236,0.5750888,0.112920836,0.31093675,1.6465521,0.036395397,0.3712755,0.46066186,1.1371456,0.13238144,1.1648961,0.5212411,0.024946975,2.8960855,0.0,0.21615773,3.0672886,0.05069852,1.3067316,0.32263747,0.019150427,0.0017220557,0.044066533,0.37582874,0.852927,0.14876696,0.63848597,0.0,0.17651246,0.39423898,0.006909689,1.2789298,0.08370002,1.2563547,1.4332217,0.5454092,0.63106495,0.100179136,0.88243365,1.5520856,0.0127057,0.5537785,0.012372499,1.9359523,0.16803285,0.32950035,0.7386636,0.6256503,0.47123355,0.43011886,0.16262093,0.578643,0.19843046,0.23733523,0.85005987,0.13957885,0.6620822,0.088490516,0.8896731,0.027556984,0.17132124,0.15793823,0.63171697,0.20397583,0.53740984,0.8500872,0.14138626,0.096949436,2.7256565,0.18702751,1.0299376,0.07272528,0.1623862,1.4084398,0.30301958,0.2252867,0.13808994,0.4262561,1.548271,0.02708424,0.2772303,0.0547151,1.6965408,0.32517698,0.19162029,0.060824364,0.83796394,0.07072531,0.007646403,0.007423554,0.12455792,0.24121985,0.2182082,0.20484583,0.037688263,0.008742975,0.23963751,0.2402607,0.36686492,2.628472,1.316485,0.337666,0.3795593,0.4491424,0.31101394,0.0,0.3193348,0.08155851,0.28083566,1.6174929,0.19621076,0.004940314,0.15290831,0.18224089,0.34058595,1.1759114,1.2108651,0.3918691,0.48427323,0.38096783,0.09522209,0.63963854,0.29924366,0.6339882,1.1372944,1.012382,0.11639309,0.065221034,0.40601963,0.4828179,0.2378124,0.15962838,0.3797345,1.2359463,1.4280543,0.8845284,0.934639,0.30731735,1.0642025,0.27588764,0.038239732,0.36030674,0.13848107,0.9169573,0.016885607,0.12473361,0.6273449,1.6449025,0.34210625,0.47828838,0.2475881,0.17176388,0.26879323,0.71464056,2.9817455,0.42748165,0.20882258,0.35679704,0.8628886,0.12400663,0.69908166,0.15547043,4.9781013,1.3621166,0.17671598,1.0156428,0.26641887,0.41286227,1.7320417,0.03869081,0.033117674,0.28168613,0.27873734,0.21800937,0.069588974,1.8525429,0.78601366,0.13445134,0.8964982,0.15047571,3.3226266,1.1529049,0.015920244,0.172117,0.09573771,0.7024002,0.11174655,0.29739505,0.6389516,0.0,0.21907476,0.12436824,1.9613394,0.008416229,1.6657162,0.7425441,0.004647796,0.020026173,0.09537291,1.6873243,0.46188712,0.46642482,0.31616935,0.3958744,0.11514839,0.32735,0.3977637,1.0419928,1.0891154,0.80703515,0.0,0.019668598,0.5479638,0.13425718,0.12755883,1.0078021,1.0980171,0.092232436,0.33213246,0.34874845,0.61977994,0.063400984,0.662939,0.016360266,0.5697076,0.32042682,0.24547131,0.46442786,0.023516638,0.35089752,0.33841783,0.10056926,2.3526688,1.2729177,4.037198,0.72719866,1.1749481,0.004321948,0.49331886,2.3553028,1.004558,1.9124024,0.28429857,0.5975994,0.13149983,0.0042277616,1.2044703,0.19414406,0.013167063,1.1065701,3.3169193,0.011399894,0.44465896,0.33581355,1.387142,0.00811821,0.58198124,0.3577253,0.06275681,0.0,0.9520959,0.032294963,0.24213423,0.49000376,0.9499645,0.0036599073,1.2198213,0.059411265,0.67402345,0.021574268,1.91406,0.5178119,0.11813743,2.3721242,1.2353464,0.05706614,0.078777514,1.558046,0.036301453,1.5142235,0.6761946,0.060345095,0.7959722,0.5319736,0.8530739,3.8424156,0.98759294,0.36904392,0.20670478,0.29631147,0.06689647,0.06898852,0.28822085,1.4399858,0.74766415,0.0070589324,2.4238367,0.73025215,0.8695382,1.130221,1.3010236,0.6921634,0.6778464,1.3281726,0.4628184,1.382748,0.60184336,1.8849994,0.65801287,1.2535512,0.3677892,0.7958013,0.53866005,0.036026828,0.26401943,2.0283818,0.2543427,0.3125808,1.1535519,0.8019557,0.59807444,0.59279084,0.031880517,0.5568871,1.2217083,0.46523178,0.08306209,1.8964193,0.37875852,0.4320627,0.4666184,4.3144603,0.2107502,0.38735142,0.14100215,0.09321899,0.54491127,0.30853182,0.4831959,0.2968764,1.4061073,1.4849716,0.5463598,0.25310132,0.008096526,0.06798759,0.003947399,0.5852259,0.15770686,0.11986969,0.103535786,4.292452,1.1561406,0.33372715,1.0570248,0.5658532,0.016997287,0.6062172,0.866687,0.14519535,0.043437723,0.4561974,all_pothole_images\pothole_images_enhanced_91a42f28cfc3643444b9f1a376348b91.jpg
0.0636388,2.2325225,0.62796175,1.3181945,0.5717117,0.18003085,0.102774814,0.050335936,0.38917884,0.49010298,0.13634336,0.09543874,0.7765575,0.62958556,0.011592562,0.28117406,1.0156435,0.63469434,0.0045596757,0.3228628,0.074800566,1.5793083,0.46496227,0.8865342,0.2869112,0.19280149,0.06801063,1.1749728,0.022339074,0.8066483,0.85141206,0.077881746,0.26875514,0.38833863,1.477083,0.68192273,0.56695926,0.6631895,0.012733588,0.08310446,0.6088739,0.39619088,0.21866627,0.6056366,0.8451885,0.6318199,0.0,0.39164814,0.656219,0.792276,0.48853645,0.15909804,0.40079576,0.2910669,0.19701184,0.34170407,1.1139746,0.09503163,0.80014116,1.4217839,0.3175455,0.008544872,0.61641,0.6352448,0.3478169,0.5969661,0.47775283,0.7871657,0.0916626,0.062374216,0.09174485,0.32152268,0.8696231,0.14340198,1.5345947,0.962461,0.22250876,0.39843065,0.0003143933,0.039905053,1.356279,1.1826485,0.50159085,1.4653046,0.48515764,1.0924333,0.26015076,0.006402654,2.5469706,0.03415912,0.19715445,1.2255979,0.9049299,1.818303,0.29328197,0.2597962,0.73380315,0.96439373,0.3852781,0.2966824,0.19970527,0.7559362,1.3487971,0.5748143,1.1109667,0.019379858,0.33604616,0.5383726,0.14477684,0.58036804,0.66541135,1.8422207,0.20964137,0.40546584,0.73426616,0.8967316,2.7655835,0.08558503,1.4875145,0.8447671,0.5654724,0.77921784,0.87584394,0.85488117,0.26880237,1.5805147,0.0,0.086975396,1.2383405,0.55751735,1.5279307,0.6457062,0.64039135,0.23519687,0.5610785,1.8505535,0.24121039,0.10264333,0.961211,0.6180472,0.103953265,0.6560666,0.7127684,1.3023298,0.22849554,0.32557145,0.039320383,0.42479908,0.16886596,0.60201424,0.16765878,0.39082083,0.6370862,0.12018258,0.47129562,0.06341429,0.061712883,0.124856405,0.095124766,0.25749874,0.8882445,0.6026294,0.08815773,0.40176997,0.4856055,0.77138644,0.5750035,0.72948027,0.317885,1.1690899,0.14236169,0.45874253,0.53486943,0.00499548,0.6286805,0.15353142,1.2559025,0.045510482,0.49950907,0.2594418,0.29858583,1.5543199,1.1561449,0.54300815,2.631532,0.39848593,0.41089854,0.23924412,0.5603251,1.0078429,0.30682945,0.6469875,0.8732946,0.738104,0.9323103,1.3819387,1.5742326,0.42883712,0.19192469,0.774014,0.4499138,0.3443559,0.38337862,0.14075433,0.8271506,1.0696914,0.10150932,0.33546835,0.51222306,0.37744668,0.3233035,0.35602716,1.0991429,0.7204979,0.48949346,1.1130314,0.023258789,0.5928698,1.4072367,0.017730802,0.41033724,0.0661736,0.061179865,0.9600548,0.3343062,0.1291899,1.6064987,0.13159339,3.2741413,0.34551823,0.12939435,0.25352532,1.6731849,0.12902184,0.81916183,1.4044343,0.44236133,0.21576102,0.07570041,0.022472007,0.24334857,0.83271676,0.8384165,0.23576388,0.12025693,0.073207125,1.7369939,0.30703065,0.4611524,3.7275546,1.0880462,0.37070134,0.22428533,0.3043378,0.1542481,0.009406768,0.5767357,0.641678,0.19576244,1.5089782,0.23130451,0.73900855,0.12444126,0.8241435,0.53925633,0.19807751,0.071879864,0.5305662,1.0428972,1.3463546,0.4081756,0.26105052,0.025112811,0.65361255,0.31838667,0.9595943,0.30944046,1.034367,0.3337493,0.413826,0.0,1.7561347,0.23644915,0.27754214,1.4034438,0.029822335,1.104102,1.2324795,1.472135,0.77688026,0.007875879,0.3473442,0.07499929,0.48172823,0.5639056,0.13002391,0.3216298,1.1144166,0.47249147,0.647841,0.13602829,0.5832175,0.07313809,0.34069175,5.973802,0.18222459,0.23245399,0.3164079,0.43491387,0.5497079,0.0060789394,0.44404215,3.5156178,1.2277889,0.0035553856,0.12714452,0.19531092,0.025302159,5.11647,0.41367912,0.43800664,0.38886774,0.0,0.0,0.5869063,0.62433875,0.5918531,1.3342296,0.87241805,0.41000092,4.9326234,0.23978329,0.21339709,0.24407518,0.5842012,0.52916545,2.443745,0.026126085,0.20971566,0.66301537,2.0689864,0.9589977,2.1019073,0.9724442,0.13595164,0.4257297,0.49880984,0.281734,0.32134736,0.64117146,0.031050302,0.6409351,0.5760471,0.15084808,0.57833374,0.4215026,0.12137071,0.3803695,0.7527338,0.15505649,0.39378893,0.34728786,0.044849172,0.36056775,0.0,0.052605618,0.3750098,0.7922536,0.003734915,0.21831661,0.24024834,0.85479534,0.25976866,0.6140331,0.8848585,1.0743877,0.13797912,0.6243566,0.40907416,1.4325683,0.6098136,0.47285083,0.031972874,0.7745731,3.8920872,0.45417264,2.192811,1.6934844,0.23227796,0.60763687,0.62891346,0.58729804,0.20027517,0.1669253,0.0,0.9121379,0.35243252,0.2888343,0.3032754,0.0077253054,2.5199919,0.1523712,0.043422714,0.49353284,0.03063463,0.16007814,0.44440553,0.8104624,0.0571041,0.67551523,0.0,0.5553938,0.02140467,0.5107504,0.2336458,0.44867176,0.7933958,0.060628135,0.2288742,0.5230426,0.5199315,0.64224213,1.3343842,1.1734664,0.5817132,0.8191372,0.55461067,2.8066878,0.29353407,0.0897666,0.46868035,0.46373436,0.555936,0.22132352,0.520557,1.6805258,0.18996169,0.2703133,0.43381765,1.0902653,0.75517815,0.6334292,0.16511257,0.18226083,0.35144454,0.42174825,2.1761947,0.32425982,0.07059273,0.24151435,2.079877,0.95786935,0.8665899,0.3464363,2.1034515,0.49900746,0.72168857,0.45960617,0.7682648,0.4285757,1.8532325,1.2502291,0.24418178,0.079311684,2.000293,0.32410273,0.42354438,0.0,0.14967716,1.7136258,1.262668,0.5864396,0.82233715,0.051372506,0.33464366,0.9658933,0.31645247,0.4519497,0.76710063,0.07171833,0.42990366,1.792625,1.4541245,0.10626116,0.12510204,0.52203923,1.0924178,0.6678823,1.2797239,0.06634943,0.34000582,0.82065326,0.12315746,0.046608876,0.41815302,0.052819654,0.034994353,0.08793723,0.61320096,0.24968366,1.0462575,3.1933563,0.29798162,0.27952757,0.42182598,2.483676,0.28410995,1.1655177,0.4401087,0.07144717,0.5019029,0.33227426,all_pothole_images\pothole_images_enhanced_91c9076e56d820f5bc6cd2aa6dbcf630.jpg
0.16407277,1.5015926,0.88879734,1.3472403,1.107406,0.20827058,0.36621657,0.004890865,0.010136396,0.8455293,1.1595727,0.06206844,0.07511582,1.8685313,0.042804055,0.6943775,0.6494403,0.24097796,0.49930802,0.033493966,0.7987382,1.3863133,0.46790352,0.8440824,0.78605914,0.40131238,0.3971229,2.5038152,0.33474845,0.12644283,0.22289139,0.19724436,0.29070187,0.2964485,0.14083683,0.41839692,0.23155087,0.69629717,0.5784181,1.0702916,0.20189378,0.12719865,0.4307408,0.4277311,1.0215999,0.5059505,0.2455213,0.0,1.0473914,0.6966057,0.6094954,0.111663386,0.4623683,0.14779559,0.14259878,1.0867716,2.0157642,0.17426053,0.438533,0.34679756,1.0563896,0.046099845,0.4168676,0.029735982,0.6164984,1.7053717,0.89659125,0.275321,0.0505692,0.4276678,0.19893493,0.49790123,0.48362085,0.042663947,0.6206698,0.5250215,0.16393918,0.34920096,0.025703454,0.62388235,0.09456288,0.23321278,0.076885186,2.6463299,0.604635,0.5705789,0.10009729,0.029671676,1.7977313,0.61481,0.1416003,0.87103534,0.01870975,0.17184919,0.011424653,0.15799338,0.33011493,1.0175676,0.4035303,0.6982931,0.27615324,2.0337791,0.15849052,0.017428396,0.14797534,0.17348392,0.6018201,0.03745164,0.16086313,0.45569688,0.26992166,1.6614046,0.022701781,0.5515153,0.66334826,0.2224816,0.5010245,0.31364736,1.7005185,0.75749654,0.95966697,0.5084859,0.0871926,0.83332926,1.2147615,1.9762793,1.0693176,0.17932163,0.43355817,0.71353984,0.05475459,0.25892323,0.11547661,0.82975847,0.2660441,0.12144667,0.48186517,0.24725768,0.8698027,0.14943257,0.6540381,0.4586146,0.22719832,0.27421683,0.036135785,0.21450682,0.15400915,0.0752752,0.07759025,0.7454471,0.2779005,0.51640785,0.236912,0.27383167,1.5654908,0.30873936,0.19695796,0.1931228,0.17846084,0.39997566,0.9268143,0.5638175,1.0199525,1.8861248,0.946683,0.14440364,0.86564267,0.33668423,1.5761329,0.95125794,0.007959621,0.2386762,0.12545022,0.20758629,0.424329,0.286351,0.1840195,0.06571026,0.02296424,0.190771,0.038436633,1.9404119,1.8956696,0.81908095,1.3612231,0.1047032,0.19823685,0.22325914,0.52186835,0.17706904,0.11659931,0.13027434,0.14893754,0.9162873,0.5842796,0.18919477,0.5545937,0.58410645,0.17440084,0.95898235,0.30760396,1.309144,0.321445,0.3817362,0.8926304,0.32786027,0.102497704,0.13568605,0.55838823,0.76484305,0.12719443,0.5047469,1.529114,0.8569842,0.7866164,0.8933478,1.2009206,0.043718822,0.47108093,0.44627795,0.32985592,0.18999363,0.65777194,0.6912595,0.14494988,0.005077736,0.6747073,0.53922284,0.42250296,0.47880572,0.15316908,0.32755494,0.29604936,0.0076301037,0.09313101,0.19722767,0.6190746,0.057575855,0.0470727,0.15926029,0.7403253,0.034691256,0.26769066,0.6033424,0.102034666,0.0,0.99818325,0.065901466,0.033661135,3.9649022,0.699925,0.34819672,0.15782994,0.016066875,0.08842691,0.065593176,0.7329509,0.5519516,0.8256668,2.2587016,0.40702352,0.15663509,0.43932608,0.3990452,0.19833677,0.80979526,0.36653164,0.3780761,1.1163735,0.013577756,0.53405607,0.13826986,0.50518227,0.29068696,0.61443233,0.79744977,0.11061915,0.3347403,0.03898881,0.01786812,0.5332562,0.34044087,0.12268547,0.23572308,0.81166106,0.7906297,0.46230066,0.3218205,1.1009717,0.18733439,0.35922673,0.19824317,0.29401156,0.40279418,0.43422967,0.6523814,0.6907032,0.23576248,0.57341975,0.99903524,0.2194383,0.35498604,0.018406386,0.8360528,3.0487015,0.09052232,0.007831616,0.65522116,0.12105165,0.81886524,0.29533908,0.33588997,4.293213,0.6114456,0.16784842,0.43531245,0.31502995,0.8238196,1.7736565,0.2956144,0.025205452,0.044574626,0.1442424,0.9101408,1.4674299,1.6046321,0.2709761,0.16573279,0.7881635,0.78299385,2.0169382,0.27193338,0.011037353,0.0,0.04625778,0.202049,1.7114148,0.39372244,0.37283298,0.24412778,0.06976912,0.25566804,1.4631416,0.44949982,0.6223513,0.10750548,0.15060171,0.11639759,0.13664056,0.1963271,0.75793785,0.74076015,0.35948506,0.51905286,0.099344715,0.29190448,0.748085,0.12021442,1.3176777,0.6860559,0.13179383,0.0,0.60842264,0.3105929,0.01557414,0.3379121,0.97402674,0.6711999,0.49491623,0.20497978,1.1989446,0.2757947,0.69294864,0.69171095,0.7038138,0.23053406,0.1964797,0.0313391,0.22338672,0.12864335,0.41543242,0.1814159,1.1777165,1.0198314,2.059565,0.46475634,1.0370651,0.037428003,0.28701094,2.1960778,0.95498663,0.6113963,0.03853024,0.48870802,0.02028805,0.07136174,0.16182111,0.47736785,0.5460216,0.010937971,1.2353073,0.7282137,0.0007993028,1.045849,0.3941974,0.3321738,0.37245864,0.3906917,0.52121115,0.19510663,0.20522816,0.26812539,0.36414674,0.26639026,0.0035856895,0.12782347,0.4722354,0.1141395,0.43477482,0.2595486,1.7315035,0.31198406,0.3041564,0.35568944,1.9574902,0.0541155,0.7807543,0.6144002,0.16700752,0.29472518,0.8142172,0.25483352,0.7811293,0.43976516,0.82575816,2.562479,0.6740214,0.3611107,0.06818353,0.10935468,1.2208914,0.25815538,0.1529369,0.25147152,0.39604935,0.4398542,0.9759023,0.6280373,0.14705998,0.59581715,0.904564,0.109632775,1.1925827,0.19171667,1.036205,1.1071571,0.3567871,0.61215043,0.2619482,0.5682632,0.62555796,0.18727419,0.4008553,0.430274,0.12672627,0.7832696,0.74146456,0.01840693,0.62167543,0.35649547,0.41316172,0.32841435,0.073285125,0.029755736,0.4292401,0.20527923,0.28174278,0.117653094,0.64571595,0.1555465,1.2058458,1.7617301,0.6037398,0.070705496,0.10640041,0.150052,0.7947297,0.0004589302,0.1523143,0.07339042,0.55000937,1.8236285,0.0009672891,0.063364,0.010930552,0.2780139,0.38783106,0.448157,0.66202176,0.15966333,0.03783919,2.5106204,0.37937778,0.9245621,0.050022587,0.17800674,0.045589466,0.40369838,0.089868605,0.70481324,1.3590744,0.18660417,all_pothole_images\pothole_images_enhanced_91ca3d33f179c7d229f5ddd404dc722f.jpg
0.6164781,2.1656983,1.358045,1.6886245,1.363722,0.19730479,0.37289244,0.27368575,0.09497885,0.6738571,0.6012014,0.336238,0.7069952,2.5443833,0.09985884,0.2446303,0.1749156,0.47875467,0.32114753,0.54465616,1.8477252,1.4010922,0.82943827,1.6918167,1.7944397,0.5072986,0.2982937,1.542854,0.11855238,0.5648141,0.852787,0.11473221,0.4562507,0.38176504,0.43704852,0.9192598,1.0869955,1.7724704,0.2179432,0.57859695,0.05351855,0.9344552,0.4679994,0.64817375,0.25778475,0.6782506,0.13383579,0.022085175,1.1325552,0.7122772,0.6805568,1.2003183,1.1821339,1.687259,1.3054235,1.1696736,1.5667173,0.06626951,1.7077993,0.35593215,0.70632225,0.5947062,0.48018435,0.35711554,1.0503297,1.5460881,0.88698435,0.12587251,2.58058,1.4916166,1.5183172,0.8378811,0.32067096,0.7433113,0.84204787,0.65431726,0.667203,0.65966487,0.0076072533,0.095866375,0.14362521,0.26289552,1.6106904,1.6053921,0.62349504,1.5229651,0.15916118,0.50308746,0.6667809,0.71169394,0.47899312,1.6284394,0.47747922,0.61313784,0.26796186,0.8568682,0.32534677,1.5437868,0.50307,0.6901556,1.5951529,2.8458061,0.96910894,0.4946781,0.694133,1.0684602,0.3170694,1.4299743,0.23716374,0.8409978,0.7170189,1.2123201,0.46072936,0.9410195,1.5782853,0.71374106,1.9113892,0.20007706,2.238165,1.0635402,1.7743118,0.8340322,0.63235277,1.4238448,2.184489,1.5287244,1.1668686,0.8137806,0.3950669,0.21934453,1.0260737,0.030942177,0.7600762,0.841807,0.05463971,1.0453849,0.4500228,0.11666184,0.6592348,0.3766522,0.5570183,0.94188017,1.5954438,1.0341703,0.23658901,0.7240306,0.35815275,0.20852305,0.619101,0.9149371,0.9504518,0.30429053,0.082477555,0.111328326,1.2104304,0.034110937,1.3482438,0.22139661,0.04786578,0.39685783,2.5851753,1.2417485,0.17498998,0.87556493,0.69684625,0.16542384,1.967125,0.9245316,0.9258094,1.9541776,0.5189335,0.39520434,0.68987525,0.38479155,0.23221634,0.70695585,0.13548116,0.24041016,1.8461432,0.19366007,0.21337529,1.3733525,1.4449264,0.87504244,0.5437033,0.6737855,1.1789105,1.1768097,1.3039964,0.658176,0.3281126,0.70540166,0.3490483,2.9112072,0.2774104,0.33884105,1.2551546,1.2905413,0.17566092,0.5660911,0.58952457,1.7709407,0.43732482,0.7782402,1.0960262,0.16505632,0.3866193,0.18551168,1.5137407,0.5392616,0.25377712,0.10154235,1.0597026,1.0004364,2.8818197,0.33016637,1.619592,0.48699647,0.9114938,0.0031334471,0.5849897,1.6648515,0.66436565,0.8423805,0.03219874,0.18181206,0.53007114,1.154751,0.08833311,1.4355397,0.15845148,0.104922876,0.282507,0.42829996,0.41648215,0.19916789,0.33198306,0.7172797,0.06829282,0.38706225,0.54776305,0.3976099,0.033157386,1.1545676,0.6917436,0.303516,1.1318848,0.64288974,0.60905594,2.3050196,1.7214928,0.010394352,0.38882065,0.07067895,1.0542464,2.2598498,1.0663774,0.08274491,1.0944254,1.3156439,0.39518753,0.7597364,1.0130513,0.33865154,0.39763114,0.77472574,0.08774864,1.469384,2.050749,0.20358424,0.37598523,0.35850656,0.30768526,1.0399241,0.579769,0.5652521,0.88746953,0.8210712,0.6289027,0.29705,0.7497543,0.37493008,0.9248666,0.59018046,1.1312182,0.74580747,1.4381562,0.4784119,1.1738819,0.6921161,1.0305592,0.89132625,0.2301158,1.0106953,0.55598915,0.4047896,1.2157693,1.0667104,0.09477432,1.8273586,0.5037933,0.37051696,0.43432242,0.73749244,3.4125621,0.9614876,0.41015157,0.94494253,0.50572765,0.77198356,1.1320431,0.87750614,3.449592,1.6802167,0.88842636,1.166727,0.36792108,1.4755266,0.840078,0.4346405,0.82376,0.26370302,0.17464083,1.8216107,1.4804876,1.0828115,0.85749906,0.032588974,0.8615159,1.0651951,0.6871394,0.83569115,0.41100618,0.20762795,0.26400003,0.6847112,1.031311,0.86399746,0.5193665,0.16486979,1.2224463,0.78009325,1.2943972,0.13978317,0.8847715,0.42368475,0.13029169,0.043167472,0.8570192,0.8543677,0.1776369,0.8843413,0.952024,1.4910039,0.8629082,0.32708272,0.039891966,1.2982047,1.1790849,0.8892123,1.6679851,0.83067536,0.9104041,0.73479384,0.57418627,0.20499372,0.84070057,0.22280334,0.60281914,1.1325812,0.6477981,0.27271137,0.40934888,0.7713257,0.7487007,1.6103659,0.9606126,0.2595174,0.3484799,2.1334739,0.079987496,0.117871016,0.9437315,0.26877013,2.9281466,1.4669297,1.6173462,0.012978157,0.7616361,1.6183895,0.8545263,1.0034771,0.60636455,0.96489745,0.33652014,0.43893173,1.1234965,1.4638796,1.1162508,0.4938816,1.9793605,1.3374842,0.23348808,0.2473137,0.30308056,0.34221533,0.40514132,1.0697744,0.2882561,0.38486487,0.384895,0.94659585,1.0850704,0.65624386,0.28102347,0.62979376,0.9009617,0.74663556,0.10366488,0.59406227,2.0724437,0.3143273,2.0039184,2.5794616,2.065026,0.04279625,3.1067455,0.44622996,0.2925803,0.7017865,0.2363778,2.2040794,0.06538487,1.1629117,0.6586636,1.8300575,1.2623014,0.104809605,0.5749501,0.18150815,0.24109952,2.3052773,0.5944016,0.3403018,0.9529539,0.120613135,2.1596975,0.90518403,2.0810382,1.5234685,0.70098037,0.6174732,0.5707291,0.85145277,0.49905077,1.5595628,0.5027846,0.75700426,0.5258377,0.77659976,2.0299134,0.7637724,1.740288,0.62206304,0.52805173,1.5403402,0.109209836,0.5870277,1.4421091,0.7369657,1.0216601,1.5367091,0.5030999,0.52253747,0.51532423,0.30769506,0.35859722,0.46492773,0.93996286,0.008792835,0.6488309,1.2791061,0.6476227,0.49083176,0.32953915,0.23869918,1.4146749,0.24145329,1.2572497,0.45044523,0.4561557,1.7629569,0.7897255,0.1983033,0.07279804,0.03890016,0.5081775,0.2637486,0.48077533,1.2477157,0.3524025,2.4953763,0.58854544,1.0145296,1.061673,0.06810674,0.33521363,0.59745467,0.94106585,0.16308519,0.50804454,0.9974508,all_pothole_images\pothole_images_enhanced_92664d9310aa14f136b8853ec68d101a.jpg
0.0011523535,1.2781744,0.04297524,2.3226006,0.6063189,0.3676429,0.23916626,0.16399975,0.17879549,1.2426102,0.21086594,0.31507352,0.5171371,0.8538997,0.0,0.052738212,0.10255843,0.42337137,1.7788607,0.44413352,0.4649708,1.3583541,0.78259975,0.6033156,0.6283349,0.7577955,0.3316343,1.8504788,0.0,0.4182329,0.938422,0.20034035,0.07928334,0.33415973,0.204378,1.2255424,0.8609101,0.11828983,1.0235415,0.45969483,0.04789405,0.065896265,0.0,0.010594008,0.9711289,0.13761553,0.122744866,0.074447885,0.3823811,0.7423589,0.624309,0.096672565,0.42641923,0.010059248,0.0,1.5509294,0.30084324,0.54392815,0.9188504,0.17639439,0.54062283,0.3972208,0.23839751,0.22600213,0.4319784,1.1349761,0.5618479,0.19179252,0.46601757,0.89539313,0.21532887,0.20915082,0.17932697,0.5051454,0.049374554,0.4287272,0.11694458,0.12254088,0.13897794,0.08675131,0.055673275,0.2840775,1.1393192,1.5718251,0.21680267,0.6968288,0.121090345,0.013662922,0.7338033,0.44710797,0.5049521,0.9692191,0.14782919,0.889285,0.117560424,0.038486265,0.18537045,1.1269966,0.17294228,0.3155948,0.41916713,2.3910263,0.11150653,0.0,0.6301346,0.07258699,0.25505224,0.34377396,0.25921035,0.57017386,0.23915605,0.5901105,0.42878675,0.2833411,0.9601215,0.2928322,0.82927424,0.3019731,1.8482485,0.16539975,1.9692597,0.18534507,0.42240083,0.6749054,0.81872,1.3015002,0.11613652,0.46013924,1.1157757,0.28866604,0.59253824,0.060458805,0.054144733,0.6720075,0.49465352,0.64701396,0.031512424,0.31064948,1.2035105,0.23176792,1.4023795,0.5255467,0.03657293,0.99563104,0.3242648,0.47620595,0.5334353,0.23936507,0.9260882,0.038765922,0.29137778,0.03406026,0.017806496,0.0007410402,0.754374,0.4879063,0.6494907,0.33663294,0.19257975,0.29608274,1.9465792,1.1289034,0.15153961,1.8661988,1.3679837,0.12490385,1.733799,0.44760555,0.8317581,2.835146,1.3575648,0.04390407,0.07667128,0.21185113,0.44915923,0.0041244305,0.15458782,0.030824658,0.19652395,0.15975112,0.0008082395,1.7138118,1.9320266,0.07923698,4.211335,0.2661937,1.4647717,0.5996345,0.2007993,0.79963595,0.6073244,1.1945006,0.05032728,0.47652742,0.67584485,0.14123392,1.032407,0.47683963,0.24978118,0.2302906,0.15569359,1.0626742,0.37484792,0.58123696,1.7432798,0.4436488,0.62193704,0.3703212,3.4662318,0.30259347,0.01265175,0.039216343,0.85548025,0.24367736,1.2722957,0.6043687,0.63615745,0.2553109,0.11214583,0.5836228,0.7417109,1.3191905,0.16316003,0.04879275,0.020992886,0.19310036,0.45073342,0.017686311,2.7806888,0.025398511,0.0058464794,1.4204187,1.0574538,0.27393028,0.1328773,0.3257524,1.3721284,0.0574064,0.40723318,0.49902958,0.09355307,0.62686235,0.60437936,0.039666787,0.57465863,0.13624613,0.45974186,0.1980819,0.1898708,6.9883738,0.3957114,0.0032165807,0.34617275,0.20245793,0.0066183405,0.5010479,0.69603044,0.9893868,0.2721854,1.3353399,0.051180843,0.14388055,0.045049593,1.497391,0.0048839175,0.3251042,0.9565909,0.17127158,1.4936585,0.28517538,0.06329719,0.05463063,1.1587969,0.30595824,0.94090474,0.29288727,0.2999762,0.9033192,0.033689424,1.0680013,1.6279172,0.1522142,1.0947268,0.0029992887,0.22623037,0.5681952,0.20317708,0.035305854,0.7263403,1.1102453,0.15658817,0.3328599,0.0,1.2341673,0.2994302,0.23680277,0.012117845,1.2794842,0.06224689,1.2564243,0.49256235,0.7581002,0.041626725,0.008166714,5.8153715,0.10481262,0.07424901,0.11430846,0.20119518,0.8222609,0.082105145,0.92287254,3.591884,2.5401309,0.33047998,0.68226695,0.0,0.60243464,3.4539316,0.14316624,3.3287564e-05,0.05839491,0.89686024,0.9785225,1.0830677,0.038793996,0.11529547,0.015576324,0.040179495,0.05877199,5.24323,0.108862214,0.97111815,0.11856137,0.1313873,0.053073317,0.5340028,0.32963336,0.37292776,0.27793398,0.2920075,0.600647,1.9272971,0.05898185,0.6180969,0.4804694,0.091874376,0.13464534,0.31080157,1.0293747,0.41742006,0.12593046,0.51050246,0.83480054,0.0852883,0.20370008,0.028533356,3.0214481,0.2943253,0.56922084,0.11207814,1.7899213,0.30330047,0.16976611,0.06833307,0.013562593,2.1349404,0.52040756,0.04264673,0.7014844,1.5081459,0.12893355,0.050152633,0.33643925,0.83504754,0.11664385,0.0,0.1523449,1.7462609,0.23264688,0.68211436,0.0,0.016896779,1.0711685,2.1853728,0.2816284,0.7295807,0.08494025,0.6768384,0.5531978,0.6768888,0.2208207,0.5444783,0.15632303,0.057698123,0.27987686,0.5705002,1.0243131,0.21506558,0.4452,2.82064,1.0645497,0.15666868,0.23418029,0.3783366,0.043472677,0.15425579,0.73697567,0.10313174,0.021446453,0.17685999,0.89244825,0.29245433,0.2888933,0.054473106,0.89880073,0.42528573,0.6650546,0.24969645,0.037584547,0.8338624,0.28032196,0.9498733,0.8564617,1.8483429,0.42695177,0.9525864,0.5499772,0.36185265,0.7985161,1.6777211,0.6049689,0.3778417,0.48788428,0.6641205,0.9365306,0.6476628,0.7699634,0.34664485,1.0561565,0.20452611,0.99662423,0.68843955,0.0049111024,0.091961995,0.38917503,0.07542395,0.894556,0.5461269,2.4874847,1.8574508,0.06228792,0.69251686,0.070728354,0.028833842,1.5661374,0.06844678,0.08843517,0.48112696,0.9602545,1.4155025,0.17157379,0.7420204,0.0018649983,0.10729427,0.0,0.021954792,0.08974215,0.6105069,0.884445,1.8989657,2.0424175,0.8650472,0.18134561,0.86781436,0.36314875,0.97037023,0.38743314,0.42809117,0.03956008,0.04687821,1.8761052,0.12847486,0.09938861,0.072710715,0.15537052,0.9670571,0.13235778,0.5036278,0.15714903,1.0064473,1.5034806,0.016333539,0.37823984,0.09185096,0.043653693,0.22961317,0.048611473,0.49245334,0.4804488,0.667305,2.7876985,1.0938873,0.031543136,0.3358516,1.2796137,0.67904514,0.07589181,0.7211062,0.05002463,0.93140334,0.13838659,all_pothole_images\pothole_images_enhanced_927eb801780edaacf1d46966c3c57d4f.jpg
0.17012087,1.9239395,0.5333932,1.6264629,1.8626517,0.2990836,0.08464355,0.27720818,0.37573406,0.75694263,1.9226494,0.48620465,2.328323,1.9534308,2.5011113,0.28161594,0.36439058,0.77268904,1.4170494,1.4064481,3.0256066,0.46112254,0.683332,0.93948954,0.5163209,1.6744182,0.30229467,0.44519308,0.37576464,2.1819334,0.9660574,0.0442737,0.005329113,0.3502021,0.58706367,1.6684654,0.8601677,2.3113124,1.2901138,1.9149004,0.18703517,0.08744562,0.18634818,1.5912308,0.6266318,0.56032336,0.102931894,0.5067802,1.1416017,1.7825629,2.5187495,2.1538985,1.8121756,1.3445475,1.2515723,3.5671113,3.4433718,0.65767723,0.79719216,0.3323278,0.6492303,3.748819,1.227096,2.5765374,0.2643138,2.2590754,1.2633134,0.15419707,0.6580977,0.46587566,3.1143649,0.89229083,0.5098312,1.7550193,0.7492048,0.9142104,0.052728437,0.2868309,0.64552367,2.9945905,0.6164315,0.24563129,0.4686599,1.2038776,2.2796452,1.2923856,0.099334575,0.9076193,1.1785817,0.9360191,0.1657829,0.8834104,0.6594498,1.3215817,0.75097364,1.2069075,0.055543542,1.5422542,2.9319296,4.0914965,1.68485,1.1497189,1.1729656,2.3934846,1.4655132,0.8746905,0.4090166,1.0526738,0.14184988,0.430342,1.751908,1.0404388,1.107732,0.8944779,0.6200025,0.9821087,0.065996006,0.3294571,6.0196657,2.141577,1.5386394,1.0545771,0.0,0.74899524,0.29358724,0.16368507,2.8470795,0.9164391,0.34294078,2.5899208,1.5018221,0.439303,0.5137746,1.207264,0.69268507,0.8320985,1.9469823,0.5823847,1.6302217,0.88753957,0.88255256,0.71299464,0.29600197,1.3031718,0.7599765,1.2865441,1.3648672,0.18902725,0.5985569,1.8634175,0.6372557,0.8309094,0.2825195,0.96111614,1.048404,1.4874092,0.84619915,2.0778453,1.2991573,0.09841267,0.74085826,0.039090015,0.18094838,1.5508522,2.6272745,0.88222337,0.971973,1.2900177,0.8367571,0.033627532,1.2607684,0.7149132,0.78086,0.020188158,0.7792092,0.019163536,0.13566999,0.1157953,0.10312812,0.26998836,1.092887,0.9071359,2.4721887,1.6608546,0.94550663,0.10488142,0.7755694,1.0452256,1.3546968,0.33316085,2.8866754,0.78203535,0.004982983,0.865071,0.24648434,1.2012987,1.128571,0.25405258,0.65047246,1.6440928,1.6395466,0.75061965,0.49519286,1.2486699,0.8541031,0.75905365,0.699619,1.4650474,1.5327506,1.953775,0.86464924,0.9376149,2.101883,2.113263,2.0398726,0.7706917,2.6115472,0.5077942,2.0402327,0.24603325,0.90403825,0.41524288,1.0289519,1.3120617,1.9363452,1.9629986,0.8723896,1.6491592,0.508192,0.13451765,1.1877978,1.1941428,0.42441434,1.3104873,0.5225716,0.86233026,0.5123589,0.4089681,0.2106953,0.22343759,1.0106759,0.7268328,0.26298884,1.2283409,0.66243535,1.1719683,0.127327,0.93106645,0.39617062,0.94562745,4.7575936,0.095688626,0.74088115,0.22061591,0.71453375,0.73264366,2.323147,0.68026966,1.8257408,1.2800298,1.2726005,0.5949937,2.830742,1.3105907,4.701422,0.67445207,0.111676455,1.2055309,1.4410905,0.1141752,0.59532684,0.7844285,0.9142498,0.3848522,0.4079903,0.05142937,1.0241119,0.7433119,0.8874909,0.28603712,0.4191387,1.7807485,0.21420638,2.4844878,3.4409509,0.3203315,0.24381626,2.4852314,0.22878633,0.48815447,1.3684043,1.131449,1.5638127,1.0053115,1.1473085,2.7862504,1.7352616,0.9532556,0.5371918,0.31190744,0.71416473,0.478832,1.3341949,1.1898535,1.5396099,2.5398974,0.28181696,0.23459741,1.0999867,0.8292031,2.8581486,0.18216218,3.764407,2.4136312,0.33305728,3.6152215,1.6306756,0.5252521,2.233058,0.06589254,0.77317655,0.656172,1.1323191,0.37645498,0.8161049,1.2646167,1.9847575,1.0365134,1.6537768,1.985779,0.36764875,0.6787887,0.30308887,1.444193,0.6911906,0.32773998,1.3410766,3.800494,1.2602552,0.36755118,1.7777923,0.69813186,0.7547489,1.0601925,0.68795496,0.5653767,0.13528931,0.38157186,1.8915082,2.1784835,0.7089146,0.26507148,3.8470209,0.997098,1.2018901,0.21155022,1.3528935,1.3417742,0.5258911,0.55856377,0.47037366,2.233418,1.107185,2.4879017,0.64410347,0.14025588,0.04839715,1.0546705,0.9866121,1.9571663,1.4112937,1.2411273,0.80033267,0.083438024,1.6787721,0.015598461,0.41511378,0.091711335,0.80870575,2.1612835,1.037941,0.19586559,0.75620425,0.852621,2.9853413,1.243099,3.91743,5.72037,3.468154,1.5790772,0.17351925,0.0,0.15118814,0.633019,0.3430728,1.1652356,0.60337627,1.6293088,1.8138368,0.21436186,2.3876846,0.3097783,0.73707306,0.63684565,0.46602288,0.4380809,0.123170614,0.7752086,0.0,0.007027501,2.3919215,0.3304061,2.43089,1.8309163,0.6279722,4.119142,0.45657036,1.8106959,0.006078965,0.008474898,1.3379244,1.2687622,1.160589,1.3422966,1.0856352,0.44858262,0.0148196975,0.9776119,0.48078656,2.3376448,1.7655858,1.2953478,0.6529026,0.38917276,1.1261042,1.869536,1.0380002,1.4394698,1.7027797,1.7978221,1.249299,0.39569744,0.057896942,1.405709,1.0827184,1.9274276,1.6283525,5.4689155,1.2108347,1.1648576,0.9215712,0.64485615,1.840771,0.6547892,0.19336224,1.5547752,0.9041169,0.35942867,1.718207,0.92664474,0.17159845,0.58194536,2.5672371,1.2919718,0.5578367,0.79985845,0.41021663,0.14566164,0.14092611,1.532296,1.7630674,0.30525348,0.08821889,0.5517986,0.11848403,0.194965,0.9502669,1.0699275,0.18144426,0.42626926,3.1880243,2.1458185,2.8316672,1.0743266,0.22761376,0.35441563,2.5163686,0.06786073,1.1110514,0.22640738,1.3324946,1.3530884,0.0,1.1483269,1.6623785,1.8357401,0.27555177,0.3284719,1.3781214,0.53227335,1.1499147,3.8724377,1.5251328,0.46961212,2.3744805,0.25907874,0.48950326,2.3970613,1.33915,1.6614598,0.2187437,0.35023156,all_pothole_images\pothole_images_enhanced_9290d23d15528d7d05776a274aa9af79.jpg
1.5845944,1.5079588,1.0660304,1.1472908,1.0194519,1.6725423,1.5172467,0.89069444,1.9219991,0.6793251,0.053191144,0.8739085,0.5175098,0.95579374,0.301928,0.39490166,0.6259698,0.052499108,0.33632627,0.0030725023,0.23266394,1.1363287,0.20746182,0.70406264,2.098303,0.86765724,0.97755116,1.9087664,0.23155399,0.07817644,0.30482286,0.5768149,3.957464,0.0635761,0.08201926,0.8391389,1.428057,0.7075709,1.2151079,0.95474005,0.063810915,1.4651275,0.1349147,0.541935,0.8050885,0.69245094,0.02832518,0.17985314,0.9145079,0.1892982,0.49923074,0.08225482,0.2839395,0.1757321,0.101247065,0.21491241,2.1518555,0.0010516429,0.2984828,0.16049737,0.299894,0.0,2.4449456,0.60126555,0.11053525,0.8994085,0.8935804,0.097564295,0.21503656,0.11491791,0.030923862,1.7047557,0.060642518,0.4092231,0.0,1.2167814,0.5326281,0.1319322,0.00914211,1.0003352,0.6122861,0.014502733,0.36327362,1.9236387,1.3086923,0.36778823,0.33090162,0.06063915,2.1848118,0.7910215,0.74462897,0.002371687,0.93158394,1.3233854,0.4469456,0.1499599,0.856989,0.5766752,1.3555099,0.6247846,0.2757377,1.1150606,0.28120458,0.8297608,0.08248927,0.12008258,0.77813774,1.2174048,0.9390165,0.79597175,0.8264792,3.2023304,1.4196111,0.029523065,0.18963264,2.7247252,2.5974634,0.3258301,0.3557433,1.5596824,1.2146357,0.027696498,3.1891952,0.31555128,0.1532465,0.63655263,0.27598527,1.1199307,2.3108108,0.35716277,0.2814505,1.2062474,0.35757104,0.9519833,0.077079706,0.49709857,0.13041213,0.81048393,1.8453023,0.15292403,1.6248226,0.18206343,0.0,1.1152618,2.6295156,1.4614367,0.4148287,0.53602195,0.41396338,0.48530242,0.11892024,0.86509186,0.1851338,1.1360517,1.1696113,0.18233015,0.84991354,1.0520487,1.0746678,1.2488601,0.7224859,0.8274372,0.16659173,0.095338896,0.23665701,0.12689972,0.45816168,4.3812943,0.81769365,0.068442166,0.6648305,0.32430464,1.2509711,0.8326811,0.25788257,0.11887669,3.740981,0.76570517,0.03824261,2.1546981,0.08956474,2.1354609,2.2539866,0.018142791,3.6975422,0.27706996,2.122481,0.59057844,0.017227367,0.28756794,1.6861501,0.07342727,0.513224,2.2537224,0.71060383,0.72377026,0.17569347,0.3683294,1.0916574,0.04569577,0.46287307,0.3814008,1.2035944,1.6625516,0.4763241,1.9087963,0.17122906,1.3184003,0.75696295,0.06430266,1.2669423,0.50776273,2.5582595,1.5375983,0.47101253,0.29223925,0.20534003,0.16291301,0.9156989,0.46827117,1.1055259,0.5348982,0.90111953,0.4694719,0.0048168562,0.44368097,0.7678999,0.036988456,0.75185865,0.30477488,0.7172891,2.4719563,0.011076872,1.1877875,0.68641007,2.3849258,1.7555414,1.0590438,0.09136196,0.18341076,1.6535068,0.24183708,0.15548508,0.7589852,0.02370303,0.012739487,0.68161756,0.57464373,0.5175904,2.4869902,1.7784187,0.13013273,0.38250482,0.19329897,0.2561595,0.7955989,3.0284517,0.36452278,1.1326683,0.83662397,1.3282115,2.0508163,0.5567901,0.70614874,0.3174185,0.58850837,0.009127848,0.41160232,0.29580012,2.7177498,0.7113275,1.5257766,0.09418364,0.3667692,0.5942441,1.4888414,0.6362442,0.6560474,2.5907693,1.078373,0.17912154,0.49811924,0.010389534,1.32574,0.2616417,0.20847736,1.6755717,1.5049744,0.7001349,0.26678607,0.42453656,0.056139044,0.40397173,0.79182667,0.17702891,1.8630337,0.5728483,0.64528745,0.45274094,0.43371966,0.0,0.9572338,0.2379108,0.8495365,5.689454,0.42032415,0.56924975,1.2941408,0.08426075,0.17699745,0.36185685,0.19672091,4.088548,0.7909316,0.012175725,0.3441164,1.0611728,0.9530576,0.79873145,0.33945122,0.017329589,0.14283349,0.18623435,0.20331822,0.8143284,0.106993325,3.4986374,2.8865762,0.15860425,1.0171525,4.958871,1.1317476,0.030762825,1.8995202,1.1702405,0.21207385,2.8540967,0.90629536,0.09911176,0.19792598,0.23032328,0.33022842,2.0316508,0.18723068,0.100850806,0.46073562,0.09607552,0.88026255,1.9972724,2.1435163,0.52886,1.119729,0.6035612,0.3450906,1.0276194,0.18548977,3.1983387,0.20395422,0.28093567,0.22584954,0.7454552,0.0,0.24811988,0.027404053,0.020283794,0.8050906,1.9099915,2.2149236,0.07878489,0.008067619,1.5742514,0.13675351,0.9422841,0.31761467,0.9202789,0.29644293,0.54559344,1.2193964,0.050851364,0.69265187,0.00913173,0.19106261,0.71649325,0.5126054,4.153986,0.77485055,3.6954606,0.46494317,0.16934937,0.8587354,2.5409734,0.30429846,0.3257269,0.845601,0.7768132,0.71060467,0.4034645,0.95397925,0.0,0.060131997,3.853745,0.24436258,0.07395766,1.1063986,0.36443755,0.1479933,0.91856587,0.24651308,0.71122587,0.41114005,0.019462809,0.23063144,0.43487853,2.3253999,0.2203825,0.20332283,0.65541595,1.2869003,0.6788256,0.25359502,0.6005834,0.66110975,0.5283247,0.76162374,0.9164476,0.94127506,0.8825475,3.7039816,0.53852636,0.03369061,0.60609865,2.731935,0.15068397,0.1960311,0.25557214,1.7448522,2.1213338,0.49027282,0.01826333,0.29643905,0.8216122,0.26290777,0.12124106,0.039721884,1.200558,1.3097893,1.2156048,0.72010493,2.7777011,0.27192822,0.353772,0.76824903,0.07422699,0.2952072,1.2062429,0.45166844,1.4357744,0.77470434,1.1670504,0.7923234,0.8662629,3.1425552,0.96209437,1.2686998,0.24222954,0.08748177,0.43544692,0.042569064,1.8150756,0.24610215,0.35266253,0.5179107,0.6603066,0.80915606,0.14335562,0.13100825,1.0182976,1.1370952,0.6784885,0.18691778,0.18006085,2.5576286,0.23785852,0.4296627,0.025545519,0.60527825,1.4397926,0.60491717,0.2970448,1.0739628,0.010898595,1.8033721,1.0335084,0.12478463,0.9484575,0.737274,0.07032897,0.26248282,0.26399162,0.1481973,0.94911903,1.2519065,0.23814586,0.38502446,0.46569076,0.318847,1.6028665,1.0490494,0.3373918,0.9712464,2.2778535,0.9084384,all_pothole_images\pothole_images_enhanced_92a7eebcaee7ffbf0053459007d259a7.jpg
0.8820376,0.320354,0.24990278,2.0626209,3.0013173,0.56075805,0.46484306,0.090874456,0.072251506,0.97616017,0.23585878,1.4369076,0.2065743,0.92680115,1.082798,0.7651918,0.56995875,0.24131276,0.23337062,0.21356972,1.1110989,0.17334206,2.2766387,2.965091,0.69336987,0.14691213,0.21654643,1.5696131,0.25943452,0.07758417,0.5163593,0.06538089,1.9425917,3.5671554,1.2522862,1.8369919,0.17736761,1.2591902,0.24767108,0.4282255,0.00034309988,0.85108215,0.5267105,0.78563094,0.17486033,1.3865929,0.12148607,0.15782434,0.6519405,0.99620503,1.106504,0.33704746,0.83974785,0.10284885,0.3074528,0.54301894,1.6177073,0.1671538,1.3261935,0.021473814,0.053549264,0.52761877,0.35849103,0.9589643,1.3267214,0.38818887,0.6812154,0.35148254,0.34870505,0.1370723,0.36723435,0.005712378,0.9291757,0.9973855,0.42644057,1.1769313,0.22244753,1.8306928,0.3089118,0.0031875828,0.33893147,2.084489,0.75666744,0.32551172,1.0409982,0.94632846,0.3084213,0.39131457,1.9039602,0.8250038,0.8281385,0.40204588,0.08034019,0.019142848,0.18769836,0.44041598,0.6296241,0.842028,0.051636014,0.36146,0.004634019,2.9708288,0.5743644,0.46355405,0.43913466,0.3820614,0.5595289,0.5096973,0.23696032,1.9302287,0.9486143,0.6252625,1.1386003,1.5544369,2.287792,1.2427173,0.22995853,0.0016939724,1.4300263,1.7079662,1.7829262,0.20663872,0.23484263,0.94100404,1.1553854,0.33409086,1.096491,1.6264747,0.5045076,1.0678024,0.41303954,0.43983358,0.9646147,0.23042235,0.35789526,1.475287,0.25934884,1.975996,0.3106385,0.16642755,0.8430736,2.2706583,0.14128706,1.3887634,0.2456481,0.30035818,0.3689158,0.5032107,0.046635803,0.20777413,2.2522001,0.715105,0.6684402,0.32245418,1.9207555,1.675913,1.6368382,0.14689146,1.1213112,0.51577836,1.7873293,0.6077034,0.16680571,1.3471524,1.8502611,0.03039128,0.34226003,0.13516809,1.619657,1.458783,1.162876,0.17969769,0.040757097,0.9799203,1.0073321,0.4319971,0.8151142,0.096522585,0.14959821,0.21393478,0.016757932,0.8508229,0.7986871,3.5110757,1.7672393,0.71286505,0.76229024,0.11861065,1.8001348,1.416011,1.3755383,1.4052541,0.2372802,1.6010357,1.0536478,1.0716046,1.4827722,0.75575244,0.8716752,0.22741364,0.21423304,0.2289287,0.06737587,0.83096945,0.73764604,1.4619875,1.8303188,0.3202332,2.4605284,0.39898533,0.046514098,0.29618803,0.10006868,0.18386286,1.648488,0.42047796,0.8127847,0.07071574,1.6669654,0.15134995,0.69986296,0.0,0.756087,0.15496033,0.0,0.6932404,0.6598558,2.347447,2.9612632,0.98284864,0.13059723,0.06233282,0.4432151,0.96308523,0.6886884,0.018833047,1.0774343,0.43258426,0.68585575,0.08612617,1.493159,0.027485015,0.52908427,0.889053,0.10024591,0.35473835,1.5573852,0.77880543,2.2338643,4.223845,0.58318937,0.99962944,0.76512986,0.7782262,0.52884465,0.6598366,0.12845677,0.05113291,0.3170345,3.9080548,0.5044466,0.8230762,0.43592608,0.84792846,0.5187599,0.46482652,1.1921506,0.8244744,1.1462979,0.0028300101,0.15703805,0.081066884,0.84158075,0.9904316,0.19167474,0.98683333,0.35486835,0.5994212,2.0735655,0.8202471,0.0,0.274281,1.1361437,0.922981,0.2582473,1.2644141,0.60778964,0.27058175,0.7188703,0.05336774,1.4380307,0.83847654,0.8601321,1.4072287,0.19429962,0.43722636,1.1204581,0.194534,0.16941206,1.982132,0.17258386,0.044426195,0.015320378,0.23496243,2.5972888,0.35870686,1.1367368,0.24054497,0.88008845,0.21640098,0.18594268,0.7627556,3.6060593,2.9277031,0.50693184,0.5536749,0.12482135,0.2176882,1.9811711,0.03576088,3.6056087,0.9333024,2.42401,0.53586507,1.0256708,1.0939538,0.71352524,0.6196798,2.6131349,0.0043765143,2.1964412,0.1881726,0.053080626,0.0,0.26482064,0.054203693,1.0801246,0.22301859,0.9242308,0.58790874,0.9768672,0.56854373,1.68973,0.34293583,0.49436614,0.051332053,0.30407473,0.41538537,0.53682476,0.026696265,0.11009585,2.1928155,0.05663899,0.7746689,0.40321133,0.86126775,0.643068,0.43076643,0.35176826,1.5301005,1.2536807,2.3463502,1.2688175,1.6901999,0.21017627,0.6827396,1.156104,0.7847163,0.87155914,1.354706,0.41672745,0.5177296,0.92783797,0.54297113,1.2195452,1.3100613,1.3262745,1.4189498,0.5572716,1.3294683,3.2206786,0.015666222,0.09540062,1.3949233,2.690459,0.61833084,3.1658611,0.9535264,0.33219936,0.8389315,1.1524671,1.9457736,0.3119494,0.5120083,0.15096514,0.5887992,1.9754682,1.1137927,0.18389806,0.34538358,0.005339208,0.9517561,1.7172521,0.57096463,0.50469965,0.4631979,2.6001828,0.15618236,0.7372068,0.38871273,0.7799899,0.60438365,0.068528645,0.9845383,0.029694244,1.0774062,0.6283968,1.8142807,1.6877129,0.1866902,0.67338514,2.6343956,2.2506065,1.8463955,2.199795,2.0023794,2.7315757,0.94220763,0.6163738,2.9433432,0.83729833,0.57792914,0.1778267,1.0083337,0.35203403,2.1768456,0.43458748,0.6244733,0.0718196,2.2037423,0.27257195,0.45502678,0.03628606,0.062357478,0.33604524,0.40415603,1.7132624,1.1202728,0.56006324,1.837583,1.4834737,0.34934035,0.40961513,0.43984133,1.4525067,0.6376269,2.576066,0.10930767,0.848469,1.4364344,1.5072879,0.34185505,0.9490743,1.612384,0.75346845,0.6894392,0.32106474,0.0204462,0.34484458,0.81943315,1.7521542,0.08122967,0.095757246,1.9066361,2.3822126,0.3096428,1.5395529,1.3661282,0.5469669,0.14648928,1.0468048,1.4908717,1.2811974,0.9251094,0.23304358,1.148723,1.7221655,0.16855317,0.45672417,0.00467364,0.004090175,0.49699065,0.28710562,0.6130246,0.10974674,0.16518643,0.2904489,0.004262566,0.60415035,0.078706026,1.3969203,6.141386,1.3819863,0.5625841,0.97442687,1.4081645,0.058624394,0.69188267,0.31400338,0.87373936,0.6008942,0.8490573,all_pothole_images\pothole_images_enhanced_92b333e9fbbf79bf4939349be6b6679f.jpg
2.7515726,1.2598115,0.06968056,1.7142427,0.519505,1.1096175,0.23103237,0.0,1.0797256,0.47046295,0.32970154,0.11736027,0.3093834,4.532243,0.84333825,0.28713593,0.03043651,0.33400807,1.1417676,0.35289267,1.0099009,1.853828,1.7054204,1.1783345,2.1744554,0.18322437,0.38307032,1.2416562,0.43403515,0.8471945,0.23731504,0.63646644,1.0562419,0.04550578,0.6063476,0.07011431,1.2848657,1.6120852,1.2039728,0.10615035,0.11482138,0.7057447,0.9286252,2.2496228,0.33985367,0.45315886,0.026658092,0.17267452,1.6978773,0.3460716,1.3034166,0.043403935,0.41056162,0.2836241,0.049360678,0.17405224,0.67464757,0.011434961,0.24289364,0.618292,0.17862317,0.029170152,1.7195085,1.6549003,1.1617991,0.07274068,0.70353144,0.0169788,0.10294426,0.355143,1.0629711,0.55585384,0.282548,0.65448713,0.38837206,0.64771307,1.468221,0.7185879,0.29581645,0.026939217,0.7057422,1.1826004,0.40606824,1.5829012,0.33715063,0.52009034,0.124692865,0.003267305,1.9886894,0.0016867917,0.88034505,0.6517991,0.70903397,0.88415504,0.38368815,0.050519202,1.3072206,0.27245024,0.004993603,0.77512795,0.09010751,0.47244254,1.7866155,0.07491679,0.5847645,0.7604821,0.7797109,0.078443736,0.043165576,1.3377854,0.56435573,2.1800714,0.6009513,0.02930427,0.3358182,0.98461074,2.286561,0.7918854,0.9281006,0.993368,0.90857804,0.085876755,2.6377833,0.2614275,0.24327141,0.10772333,0.090891294,0.17177683,0.99125075,2.3583043,1.593619,0.7120154,0.48186523,0.21948016,0.004317731,1.7930422,0.73803234,0.040717527,2.7912405,0.0021499987,0.5356778,0.32814363,0.10374251,2.2410693,0.8042234,0.15740333,0.4765642,0.17081556,0.13078001,0.29761392,0.12477544,0.42853856,0.4338149,0.6832787,1.1480728,2.3047912,0.7754402,0.9646119,1.133377,0.6991595,0.64247966,0.24386387,0.5028519,0.52629685,0.64158195,0.13434274,0.6825556,2.1811798,0.48169178,1.2406307,1.1845702,0.2409459,0.017445477,1.4697617,0.037104037,0.34671745,4.035403,0.16383287,0.25971404,1.3564976,0.000557086,1.4014065,1.1504929,0.7380145,2.6783977,0.912041,1.325407,0.042769026,0.19188553,0.01957115,2.0392797,0.060379066,0.51962596,0.21964051,0.6965383,0.6932031,0.8389715,0.5303688,2.2349386,0.7071393,0.196929,0.12887417,1.2578074,0.9059031,0.53852063,2.3722885,0.2679168,1.1530435,0.642476,0.0006396798,1.0029576,0.7817022,0.88639736,1.7879015,0.9245337,0.18350443,0.6521417,0.15741988,0.6268644,0.47471395,1.1420722,0.17439239,0.6251855,0.44375393,0.0,0.79129636,1.3575776,0.78195417,2.6407247,1.5743225,0.20688415,0.5674498,0.43383935,0.4906512,0.6468972,0.45846665,0.7059035,0.749374,0.2678455,0.13758312,1.3865967,0.13464724,1.2412139,0.22063267,0.08233092,0.0010758546,0.8674254,0.72865623,0.83451945,3.149788,0.059875857,0.072691455,0.06370167,0.44996104,0.032327652,0.40568045,1.800813,1.2877247,0.35064647,2.328711,1.8521677,3.3965771,0.35463884,0.4012546,0.4297971,0.6849079,0.026658522,1.115505,0.7630853,3.2670908,0.0193816,0.08873394,0.8803534,0.045579895,0.02437904,0.74950445,0.7877837,0.41554895,2.1262562,0.1351788,0.11575798,0.76829106,1.198986,0.062120058,0.98913354,0.7243126,0.95080954,1.3057162,1.8726763,0.3708517,0.03316913,0.99989945,0.56216836,0.31919697,0.07241567,1.322944,0.6023355,0.26176354,0.5034373,1.7633499,0.961495,0.5765745,0.0,0.032520697,5.7638607,0.725249,0.42512697,0.5737758,0.3730938,0.050649922,0.22255442,0.5387573,4.0214634,0.97651446,0.0005132517,0.3397255,0.065706566,0.53485686,2.476692,1.4874594,0.08889348,0.49323463,1.1769446,0.7233761,0.6475549,0.015736662,2.033393,1.8501122,0.21682262,1.2892445,3.418031,0.7682209,0.0605152,1.5641912,0.151799,2.4241107,1.5224509,1.3290894,0.32056242,0.27323776,0.29375228,0.9079015,2.231063,0.534893,0.072179265,0.037607223,0.18769416,0.3978034,1.4619523,1.1729436,0.018215986,0.54357207,0.26396638,0.41322696,1.0930314,0.0914774,1.637794,1.3610133,0.30089748,1.0236402,1.2403226,0.26891202,0.13377698,0.24871339,0.7181939,0.068681255,0.44605538,2.7492363,0.4066066,0.11746563,0.6250515,0.25945693,0.9229193,0.44550836,0.63029206,0.7762566,0.09070255,0.9074045,0.6261214,0.5188505,1.1565449,0.025571857,0.6468524,0.57952857,2.8007123,0.35764888,3.8322248,0.6869166,0.34251583,2.6825113,1.256419,0.10623099,0.25957695,0.38248456,0.72090083,0.18349534,0.4645181,1.0039774,0.61780196,0.025926853,2.172746,0.47865704,0.14368303,1.8029394,1.1695455,0.34465435,1.0079968,1.0558082,1.7803538,0.17891951,0.074071825,0.09127783,0.54489195,0.2629433,0.025064297,1.4749771,0.062122032,1.5671613,0.13505137,0.10510564,1.7441536,0.68055856,0.5771515,0.58709973,0.4197368,1.789411,0.1111022,4.339691,0.3250085,0.7117691,0.0018063687,1.4125133,0.13432333,0.77154493,0.4960773,1.0703138,0.238996,1.1024606,0.42690292,0.08474547,1.093208,0.3001455,0.10225277,0.024887538,0.06582894,1.366583,2.7996893,0.08509381,0.36841318,0.47027886,1.5513147,1.224473,0.5774274,1.4076372,0.13619149,0.11039837,1.159522,0.07993251,0.042655647,0.7972267,1.4168804,0.6613572,1.7517651,0.016783642,0.21346042,0.33325106,0.04368275,0.59892726,0.0035914367,0.5532537,0.11262873,0.31356013,0.5980135,0.95563394,1.0644288,0.01791156,1.2843963,0.313413,0.8419086,0.51970005,0.1422869,2.316848,0.29307577,0.23511966,0.43860105,0.23379228,1.0468111,0.14520904,0.73950845,0.46222165,0.6711016,0.51056623,0.3321268,0.4220164,0.0011531194,0.039788786,0.3069552,0.5790568,0.016107189,0.62637484,0.71737,2.467804,0.8126102,0.6675052,0.22227123,0.20689064,0.87749505,0.91645163,0.07288813,0.81385505,0.09492885,0.37835997,all_pothole_images\pothole_images_enhanced_92cf9a6419f3a5f3222081169329b623.jpg
1.1616327,0.5041295,0.14769287,0.6482689,0.52703637,0.27892432,2.4321735,0.77077645,0.009743696,1.63112,0.54800063,0.51259303,0.002389947,2.8179018,0.3980436,0.71607876,0.060970355,2.6615956,0.73097134,0.6272547,1.8081244,1.2797995,0.96707517,1.2877609,2.901048,0.7327633,0.62747824,2.6044512,0.32248837,0.0062815673,0.962008,1.6997373,0.6188056,0.9034781,0.15426922,0.69720715,0.0,1.7320606,0.08018654,0.6737916,0.16665465,1.0376033,0.21934249,0.17604087,0.5253116,1.1892111,0.10799394,0.0044880426,1.4463068,0.5548002,0.2004752,0.21477255,1.6586504,0.026921313,0.13743514,0.718757,1.6351203,0.28543386,0.8494484,0.2372164,0.5295602,0.020400766,0.27960917,0.64692074,0.8467597,2.9137385,0.3184117,0.44981313,0.21780595,0.41975296,0.5106843,0.09704259,0.6600186,0.19664772,0.23530214,0.17188737,0.013614402,0.40113667,0.012317312,0.031892125,0.04959606,0.15033083,1.4317459,0.527315,0.05126039,0.25398177,0.770207,0.12800582,0.6280019,0.18487224,0.8610371,0.055685334,0.37209567,0.37858137,0.48313364,0.31707716,1.8713776,0.39870608,0.16857016,1.248479,0.20257024,4.3291287,1.88607,0.019623326,2.0573606,1.5872158,0.64222145,1.4731519,0.05728253,0.34255248,0.97082806,0.7394494,0.43920586,1.2501302,1.0770069,0.100475,0.030931337,0.020131493,2.625213,1.3492594,2.9119895,0.99322385,0.45469907,0.5004309,0.57934195,0.08570124,4.001616,0.21072915,0.11713627,0.07929039,0.17395398,0.051568463,0.33244935,1.0162113,0.21955498,1.4054341,1.5178416,0.8512553,1.2442987,0.030871931,0.5968386,0.7404069,0.19919126,0.3297062,0.33391657,1.9541271,0.07672372,0.69377416,1.4806625,0.11809531,0.76635945,0.66393286,0.0018008051,0.5793034,1.3768557,0.61234075,1.2067385,1.0700774,1.957447,1.230961,3.595381,1.6909952,0.10498775,2.0543919,0.47791672,2.0883682,1.755589,0.14227138,1.9526967,0.7431684,0.42403325,1.0884035,0.053358413,0.15584417,0.15649746,0.4024107,0.71984106,0.50877404,0.29300871,0.12590276,0.21526586,1.2062626,1.4952265,0.71255225,0.5798415,0.71437,0.073643886,0.22423893,0.8317547,1.2553095,0.28034645,0.5317998,0.12990518,3.037232,0.8081384,0.69143295,2.0172982,0.13907216,0.86386657,0.5179226,0.3600652,0.94293016,0.85661125,0.3169707,0.41992217,0.0049278378,1.4636626,0.033029314,0.97064734,2.5742452,0.0,0.40061545,1.4644755,0.35058588,1.1897576,1.6197556,0.3552412,0.22365761,0.15495938,0.8319644,2.6111567,0.12640959,0.23278823,0.35952684,0.0,0.24405257,1.2954668,0.014173782,0.35208577,0.97004664,0.35729972,0.19304626,1.079044,0.31088793,0.3577314,0.074017935,0.57273936,0.11005981,0.42476138,0.8983668,0.57629925,0.15189084,0.8351581,0.62384886,0.012863079,0.21002053,0.47423598,0.17856911,0.14432691,4.9665537,2.7978609,0.3111485,0.56881493,0.26111054,0.9683441,1.026291,0.3083836,1.1308733,0.4244187,3.6547196,0.00087129034,0.23523167,0.11304526,0.41681394,0.026523748,0.21017572,1.7868054,0.07208461,0.9788596,0.29397362,0.76416063,0.46284008,0.2837745,0.8756355,0.17493807,0.18517567,0.07155684,0.5750848,0.43977013,1.2639252,0.6515779,0.21220757,0.39073446,0.95695025,0.74979484,0.12389817,1.4431258,0.11523554,0.62416047,0.0037686925,0.74634457,0.035858195,0.16953889,1.3458803,0.10651318,0.3012235,0.42932144,0.7567149,0.047361773,3.1210797,1.1001562,0.6980367,1.1722326,0.20724437,1.2234327,0.10235275,0.14362194,0.09021369,0.792262,0.42551383,0.8794475,1.795078,0.4217485,2.747569,1.1783638,0.30987358,0.73113745,1.5153701,3.263559,0.3795997,0.50500315,0.17843239,1.1196682,0.7549764,0.03022424,0.44127172,0.0,2.3367643,0.43333372,0.117209226,0.15040345,0.049276445,0.086276546,0.7988884,0.35393205,0.4328128,1.6816487,1.1996528,0.75848234,0.823983,0.7085328,0.025916139,1.9835315,1.312117,0.05317242,0.35436356,0.27357766,0.65822375,0.097162284,0.18868478,0.14307499,0.3944014,0.60745597,0.3841081,0.1667301,0.22513568,0.41052023,0.99749786,0.5012706,1.0513997,0.86974514,0.2601567,0.92292005,0.052084994,0.056317884,0.24648069,0.78523535,0.0774024,0.009932722,0.3718016,0.9918398,0.18100575,1.1279477,0.42358646,0.30060416,0.86463,0.0118867755,0.006578946,0.34439132,0.70429105,1.5834012,0.0,0.039634895,0.9075392,1.6146036,0.74537814,0.8466412,0.016314168,0.37953573,1.4490287,0.57123333,0.58742785,0.027967,0.60586214,0.05515886,0.2844012,0.48544237,0.03542638,1.375879,0.58674824,1.008673,2.456916,1.7854866,0.25111938,0.5870928,1.1989275,0.44152594,0.22797066,0.609471,0.19831228,0.3109097,0.59214103,0.5152534,1.5382156,0.3804491,0.8702535,0.91438603,1.5507545,1.7871134,0.48045546,0.8097388,0.9027285,0.6169001,1.67319,3.2564423,0.21491946,0.46916965,0.6033505,1.0932108,0.3897197,0.9893945,0.31038657,0.22755101,0.5813851,1.3835729,1.7893789,1.3673799,1.8812274,0.12553793,1.0992528,1.0952454,0.8803626,0.02432596,0.15552197,0.29190916,0.07700857,0.198915,0.5271163,0.016723169,0.5356992,1.101461,1.1958714,0.1501722,0.014495077,0.9836913,0.5841015,1.2823862,0.17201081,0.49497736,1.5332948,1.5277687,0.17309095,0.9893448,0.79731834,0.24290498,0.36580357,1.552092,0.029866101,0.66363555,0.46430543,0.17184938,1.4191686,0.34441724,0.14651099,1.0462836,0.33816183,1.0362653,2.6398833,0.62725836,0.013350396,1.2480459,1.3790677,0.21289647,0.7050373,0.0011376642,0.19360568,0.52880347,0.01810485,0.2284431,0.12829398,0.79180074,1.0286583,0.85104984,1.430365,0.10616207,0.20235182,0.23830678,0.30848855,0.9568238,0.58024526,0.8745925,1.5336756,0.12522836,0.08686832,0.32256213,0.18089065,0.1838744,0.39731362,0.014881437,0.36135957,0.22623739,0.9210065,all_pothole_images\pothole_images_enhanced_9322c35e2c4c0088d47c55f247c5fd4b.jpg
0.5977624,0.9074594,0.091250405,1.0865225,0.27817965,0.4639293,0.655802,2.7361033,0.33563194,0.74423987,0.57432634,0.7296158,0.016475504,0.7705011,0.05709067,0.0011996389,0.22375388,0.03206066,0.8352875,0.27507803,0.29156366,0.15703805,0.13909848,0.69460934,0.25733423,0.19548728,0.47027487,0.8167351,0.3930373,0.17103712,0.34755784,0.4586425,1.4164236,0.42628992,0.0825306,0.997257,0.30936578,0.7754856,0.38249618,1.3065981,0.068846285,0.006143854,0.50225157,0.9399621,0.20105548,0.0413963,0.23167714,0.03977544,0.24188419,0.38710776,0.8827675,1.0720457,0.4088827,0.014790507,0.60108757,0.34408683,2.3576927,0.5547923,1.0671309,0.44406915,0.274234,0.3773532,0.9566318,0.114794806,1.4378972,1.3304948,0.6414407,0.0055959295,0.02845118,0.13669252,0.22319116,0.43616906,0.005814728,0.039453976,0.2789985,0.2841856,0.6289234,0.8824267,0.12660232,0.052713737,0.9081763,0.251353,0.074296534,1.435971,0.12914601,0.7280748,0.41548982,0.0,1.1445577,0.13413791,0.014061266,0.2012652,0.48047793,0.05457017,0.021446276,0.34357774,0.591353,1.0241543,0.054881383,0.28411955,0.077453405,3.5307016,1.3324856,0.50520563,1.5702316,0.12630169,0.41668275,0.2727853,0.30848643,0.016169911,0.0069719683,1.4667206,0.11363713,0.42849186,0.4211294,0.019570941,0.7231731,0.09435714,0.69067365,0.7590247,1.4654843,0.4900505,0.23420076,1.5417166,0.49228773,0.588798,0.46511832,0.99879795,3.0203543,0.037183903,0.16113444,0.5022457,0.06417122,1.4671934,0.48847914,0.7123504,0.0612066,0.22051343,0.14100109,0.3838285,0.4292085,0.06511345,0.079152934,0.2471077,0.596134,0.8081548,0.12800927,0.99963456,0.32365412,0.211709,0.453636,1.1168824,0.03251822,0.028721806,0.04846541,0.30009124,0.512465,0.06845592,0.5399255,0.50524265,0.3252152,0.80866706,0.08588773,2.7070935,0.2163639,0.0044690287,1.4475626,0.6681208,0.48116598,0.34199208,0.102133706,0.56360775,0.108149335,0.03319751,0.72408354,0.5194564,0.52589035,0.2123074,0.08959875,0.049505476,0.15474467,0.7565776,2.8327818,1.3551831,1.875559,0.077316284,0.0,0.22394082,0.4731219,0.09428728,0.13131839,0.059753932,0.08412985,1.5458195,0.05465481,0.27513483,0.56606716,0.4044883,0.29167295,0.15475602,0.12542051,1.2197586,0.14581594,0.016751107,0.24088974,0.087252475,0.24142145,0.33058852,1.4131744,1.4645183,0.19295472,0.016265979,0.0023523644,1.0773517,0.6922088,1.6824274,1.6277122,0.307448,0.5803927,0.0076377816,0.69711006,0.28119904,0.79267275,0.54708034,0.012441222,0.36081,0.7154672,0.52876985,1.2427695,0.47441164,0.06512141,0.19671062,0.613484,0.0,0.12271762,0.0,2.756993,0.55346674,0.0,0.25187552,0.0028448803,0.20425205,0.5363658,0.19831851,0.5999386,0.014079802,0.440799,0.6155047,0.8097088,2.6377869,2.3781433,0.8023842,0.15058848,0.036225237,0.18973064,1.0831451,0.04973359,0.469112,0.016619954,1.9720657,1.2350501,0.060477514,0.8497867,0.43617764,0.15574929,0.04667615,0.17764695,0.5400394,2.1703093,0.34506458,0.09087574,0.31194773,0.34939298,0.11522386,0.4301374,0.17375818,0.98845094,0.521045,0.6597402,0.63041085,1.9031789,0.83989745,0.1498538,0.67472154,0.16440298,0.49790576,0.48671597,0.3576566,1.2246164,0.002857599,0.054440185,0.014849485,0.06456955,0.121738255,0.08653345,0.08209821,0.37066254,0.21587473,0.1290767,0.45400152,0.82534665,0.5036966,0.29431602,0.014117851,2.6756203,0.03584287,0.13307764,0.04166157,0.026879622,0.3763372,0.6419551,0.52425337,0.9010746,0.1036417,0.3609935,0.9872106,0.5804706,0.5074015,0.8223631,0.15402442,0.8900101,0.27527162,0.06427374,0.12645087,0.08268508,0.37410003,0.87119067,0.06846542,0.8112257,0.057465658,0.24582165,1.0461451,0.12044282,0.12434341,0.15196566,0.22508903,1.1350619,0.14706817,0.11091857,0.56471044,0.40939215,0.9396457,0.014128576,1.8015635,0.7638403,0.40290987,0.052945413,0.30818632,0.28600946,0.39993292,0.30794016,0.1447904,0.15313382,0.31396064,0.13540088,0.19396268,0.866953,1.0099175,0.05094061,0.1294411,0.429706,0.9516579,0.52918684,0.28365195,0.065777905,0.2499262,1.394426,0.17542915,1.2823026,0.40422276,0.4861669,0.25815174,1.1195118,0.08992748,0.16804296,0.17790736,0.15476614,0.0105890995,0.095050655,0.66160816,0.3565005,0.44142133,0.5298221,0.126414,1.1519756,0.8525569,1.4347622,0.05821001,0.093881235,0.6506776,0.66281515,0.0,0.12121005,1.3007121,0.09066052,0.18743886,0.68958205,0.24243654,0.04358077,0.017814497,0.10806573,0.6946623,0.11490979,0.3755552,0.3178763,0.4999971,0.5849172,0.017842365,0.07221696,0.38568038,0.50062966,0.62186176,0.048426658,0.28412336,0.5041484,0.32023138,0.62217027,1.1765686,0.975162,0.018510342,2.0711381,1.0228324,1.1720921,1.7932959,2.8963616,0.12172293,4.535918,1.1110191,0.3467481,0.3344399,0.0873162,0.099353805,0.06284163,0.2670621,0.21333246,1.2443011,0.017941432,0.07266071,0.06808944,0.46571404,0.05824094,0.3148626,0.18654767,0.11528411,0.15786639,0.0034727205,0.5378212,0.5315833,1.9128184,1.1549726,1.1947074,0.016415555,0.004770592,0.29698867,0.3306284,1.065556,0.16000389,0.20002556,0.0063711014,0.45330957,0.6546812,1.0710893,0.79176205,0.2940012,0.23903123,0.6417769,0.9520641,0.035622902,0.57302016,0.2930485,0.73603094,0.51404,0.4884344,0.3562161,0.09649742,0.19485962,0.100560166,0.79149324,0.0013102121,0.012129358,0.79943633,1.362545,0.08635189,0.17558457,0.21021818,0.12928198,0.8697836,0.0025861233,1.921799,0.20595305,0.27045417,1.5417635,0.05451286,0.13802795,0.22606508,0.027493957,0.28915718,0.23960072,0.3837728,0.13883872,0.24304517,1.1655395,0.10954307,0.012853374,0.70775783,0.897332,0.15479103,0.0,0.13255037,0.31931517,2.3860843,0.1418473,all_pothole_images\pothole_images_enhanced_9326d5eaa0ce1df8657378bdc638abca.jpg
0.12909313,2.048059,1.3499879,1.5582231,0.4283683,0.47521147,0.66497093,0.024457883,0.41182008,0.96404636,0.4202965,0.33643308,0.22165574,0.1971105,0.0,1.13279,0.13540219,0.077436954,0.34313548,0.48719865,0.0,1.8701681,0.4527271,0.48171067,0.87919647,0.13019535,0.15483731,1.2548381,0.20932096,0.33056137,0.07021713,0.0,0.25432467,0.22386616,0.8970182,0.6081432,0.9024536,0.8492262,0.569023,0.7526307,0.15008986,0.043807987,0.79399467,0.88921416,0.9183454,1.0135438,0.83852917,0.5086834,0.11343585,1.0456144,0.1500052,1.3706111,0.54450685,0.60640854,0.35582024,1.5388501,1.7603736,0.65146965,0.45953992,0.078562714,0.039500777,0.34441522,0.50806457,0.012998104,1.248331,1.63248,0.36297575,0.03599246,0.7699801,0.44048473,1.214348,0.0759978,0.80849624,0.25178432,1.1201556,1.4695503,0.29874662,0.7541619,0.0075681875,1.2401412,0.3398482,0.2916545,0.0777998,2.763205,1.3458862,0.99059993,0.32161495,0.43937466,4.249548,0.907249,0.092053264,0.46999523,0.12820344,0.248371,0.23681466,0.45372155,0.840626,2.9472058,0.720857,0.33826807,0.63524294,1.9677277,0.46876213,0.17942707,0.10295625,0.28324068,1.146758,0.06718848,0.05212728,0.08294374,0.54077476,0.49316767,0.17719689,0.31468815,0.3866792,0.6068389,0.98517007,0.16505884,1.5307081,0.1585151,0.9201936,0.113717586,0.14411435,0.653744,0.3093118,2.2565677,1.2304362,0.82367563,0.18875265,1.2979228,1.071415,0.18831669,0.47874773,0.034805715,0.32022944,0.79799575,0.2273927,0.8357606,1.347321,0.4351881,0.76208913,1.4586164,0.23064563,0.37154707,0.31693676,0.43790936,0.24006088,0.06278249,0.0327116,2.8091216,1.0799209,1.0452596,0.56383944,0.30640352,0.8849803,0.3204575,0.77526146,0.013562538,0.49717635,1.2077322,1.2219104,1.0045996,0.5749658,1.2699032,0.1315881,0.033925604,2.6567402,0.0,0.83973444,1.3762457,0.48260447,0.01037091,0.04783474,0.4627592,1.0938406,0.035164814,0.5112709,0.49554405,0.1408172,0.89453125,0.28554744,0.60788596,0.40753117,1.4715149,2.3787189,0.8120354,0.45899442,0.684194,0.076098785,1.64061,0.019446667,1.142004,0.29408285,1.8286886,0.08910841,0.6820171,0.17415854,0.93222815,0.53919286,0.5465035,0.8146937,0.1064206,0.033541694,0.3468543,0.2813039,1.6417471,0.4273041,0.1476289,1.0110068,0.30455947,0.25473708,1.1324346,0.70094717,0.9255432,1.5457371,0.7850367,0.46290645,0.0,0.702889,1.1443335,0.8458336,0.35724893,0.11508352,0.6324756,0.5717266,0.96020406,0.12432577,1.2255992,3.5007005,0.7712959,0.082753316,0.681448,0.8845839,0.21873917,0.16137157,0.34797654,1.883127,0.048015594,0.07884798,0.098401986,0.82276803,0.16956,0.28498992,0.2924577,0.619234,0.0023760085,0.10269977,0.70842135,0.29436794,3.7265177,0.1740885,0.0032760694,0.4898002,0.5963246,0.38911685,0.05766812,1.3829571,0.09377264,1.125355,1.8798708,0.16139844,0.074118264,1.1517551,0.028443582,0.51142395,0.33299807,0.65140826,0.64319634,1.0955569,0.21500804,0.6586493,0.39134037,0.07848346,0.76310116,0.27853534,2.7294598,1.2358493,0.02683094,0.24704088,1.2527289,0.67237633,0.3968848,0.342046,0.5743159,1.1847384,0.70651394,0.7795178,0.3153202,0.5258803,0.42210758,0.2430953,0.57329834,0.10308894,1.1461947,1.0304682,0.48066443,0.3079278,0.47651997,0.7293622,2.54317,0.39786497,0.29743284,0.32674423,0.38753042,4.3471017,0.17981206,0.15656993,0.0909294,1.1089256,0.5272693,0.07513606,0.06911264,5.608685,0.8925355,0.8242216,0.391539,0.18811138,0.5859959,1.7691021,0.14104486,0.98891664,0.08637578,0.057180032,0.19889617,0.59557456,1.350328,1.0028855,0.104480974,0.833575,0.02279317,4.767007,0.23482059,0.695115,0.0,0.7047798,0.04980714,0.45035556,0.18274225,0.6113994,0.5624132,0.37062293,0.36610833,1.3346909,0.51616895,0.4571748,0.3029341,0.063518636,0.058959372,0.46752766,0.7179624,0.006534809,0.5632982,0.054517083,0.30635482,0.004251321,0.029047184,0.20998655,2.6109502,0.3929201,1.0645646,0.12767242,0.26140484,1.910523,0.40041173,0.22112356,0.45283347,0.5573856,0.24872966,0.3742545,0.28458014,2.0577383,0.39103705,0.4545063,0.2732514,0.99172115,1.85588,0.13025807,0.8901965,0.17308536,0.010989903,0.058519315,0.0005736406,2.3914816,0.9489932,2.4262507,2.5046244,2.1909661,0.01739141,0.108894505,3.526478,1.6284506,1.3146328,0.6803838,0.25550744,0.09733643,0.0,0.8937477,0.58801633,0.3196601,0.4862002,2.382843,0.59697354,0.004121186,0.7754744,1.5082234,0.110237375,0.8304699,0.2929293,0.5414762,0.054997303,1.2103862,0.22933777,0.53836894,0.26238224,0.008976509,0.30278873,1.8822757,0.2920461,0.30924073,0.08058839,1.0570806,0.25663438,0.9430159,0.3375659,1.0635691,0.7059508,0.5068894,0.67530495,0.8734213,0.4270413,2.3703034,0.0,0.74507433,0.8811066,1.0792079,3.0894585,0.9572619,0.24820264,0.27919894,0.0796682,0.5065526,0.2384875,0.1157365,0.85064834,0.37621477,0.021242125,3.6624222,1.8839935,0.29282963,1.9205501,2.7926524,0.5473313,2.1504707,0.57527006,1.1022512,1.3452698,0.024079902,1.371334,0.060851898,2.094513,2.4007356,0.062302127,0.42639345,0.22900449,0.28374314,1.3471665,0.23955117,0.19502296,1.1290786,0.9398014,1.1754678,0.22311181,0.22224025,0.34170538,0.5504542,0.56458855,0.31408706,0.74224156,0.88699496,0.74060166,1.2791115,1.8722092,0.3850865,0.0392441,0.0016225402,0.0025042135,0.1890946,0.39165008,0.15472452,0.14553267,1.4191507,1.1884512,0.75208235,0.02572329,0.1908132,0.507972,0.0022875112,0.11829216,0.5041486,0.03045554,0.2594671,6.7698145,0.4061826,0.55768013,0.74257416,0.90940714,0.068977036,0.630185,0.92004114,0.44204438,0.1488851,1.0014057,all_pothole_images\pothole_images_enhanced_9378c5a3a23a0c8646197617370658ca.jpg
1.931896,0.8852926,0.8282138,0.9380417,0.8598782,0.38545763,0.24860695,0.60783535,0.15532868,1.0018715,0.15394078,0.14851952,0.38173363,0.4759561,0.6395447,0.29407412,0.3371821,0.0,0.34436977,0.16414665,0.9757094,2.820694,0.44168174,0.35484302,1.4952301,0.07817697,0.13045293,1.5104203,0.060939144,0.00915543,0.6362899,0.5342618,1.1753919,0.056951616,0.25594875,1.0841675,0.07727213,2.0662112,0.7276293,1.5955274,0.0067336145,0.038731318,0.04221201,0.9540526,0.064925075,0.009082036,0.2520952,0.018588789,0.14334604,0.58047664,0.3197623,1.1126943,0.4343554,0.1741665,0.037357245,0.42692885,2.080067,0.04081109,0.4235362,0.05557504,0.16219145,0.1197556,0.043279003,0.3156506,0.078122474,3.5263088,0.6319898,0.22508642,0.5186556,0.058089264,0.064168684,0.32038862,0.29981607,0.23027734,0.049405787,0.6048305,0.1845083,0.11403205,0.005834145,0.021711469,0.09511357,0.15731764,0.2651489,1.799204,0.56976575,0.14049514,0.0042867884,0.045865342,1.7643443,0.76845783,0.019615317,0.0008389071,0.0,0.06922073,0.39535347,0.042573355,0.50942606,0.868181,0.6271946,0.38725635,0.030052934,0.8727952,0.5873637,0.05071954,0.25300258,0.1052589,0.06299214,0.7696125,0.3902804,0.6233404,0.007365436,4.015696,0.1884641,1.0398341,0.1316387,0.2545536,2.046497,0.19481286,0.29185078,1.6351709,3.4645839,0.81985533,0.051189844,2.441582,0.6432396,1.9177673,0.103543214,0.38251334,0.5306601,0.12555239,0.43471658,0.07896439,0.18568842,0.27417257,0.21637633,0.45299238,0.12771346,0.7944051,0.50303125,0.12790498,0.0,0.039242458,0.039666876,0.66738003,0.14119802,0.7214975,0.36674795,1.0383023,0.23544052,0.08006062,0.51989824,0.23259898,0.017665818,0.16313258,1.9055609,0.19144975,0.24395043,0.62703484,1.0411007,0.25617656,0.4693025,0.7875443,0.16140431,3.0488012,0.08898509,0.7648989,0.35256186,0.10537714,1.0166243,0.68124115,0.121363774,0.0050278823,0.117404506,0.5074484,1.3705947,0.044433787,0.45300472,0.010823087,0.0012336023,0.0,0.0110701695,2.2329664,2.9581268,2.9546459,0.28741702,0.34025612,0.2877154,0.44447848,2.4855711,0.6255778,0.0750534,0.1873502,0.057140205,1.487234,0.9945918,0.4736696,0.067583874,0.74106044,0.2006079,0.5998961,0.48715317,1.4143692,1.281743,0.3531838,2.7376068,0.19182895,0.13320476,0.3158152,0.36602417,0.036973357,0.23038618,0.6501091,0.972688,0.52994716,0.5853431,0.68571246,0.058941085,0.57156473,1.4803834,0.039896004,0.03878144,0.3090458,0.2214454,1.5030254,0.044285838,0.3630436,1.8594706,0.037646644,0.09170502,0.17961115,0.3017449,0.051565412,0.23055185,0.03147066,0.3021893,0.46937487,1.5502123,0.35512865,0.011380808,0.010818605,0.5785202,0.68847764,6.411002e-05,0.027478896,0.17752387,0.0,0.743541,0.1793041,0.24212278,3.6551473,2.966502,0.1536548,0.40674442,0.35594946,0.33950183,0.09700485,0.45106927,0.0,0.38540253,0.6737086,0.0018532749,0.15624364,0.5796862,0.7872997,0.43553263,0.6018474,1.1293942,0.5761012,0.58821964,0.051739905,0.014616269,0.27807096,0.49721888,0.74863183,1.9342661,1.3991684,0.27827975,0.07382263,0.040975593,0.2834678,0.8821981,0.32515135,1.3299928,0.14192447,0.4865845,0.13284284,0.6121081,0.85436517,0.0,0.59741527,0.07620344,0.7946461,0.061173845,0.57864594,0.0,0.25243232,0.41887626,2.03764,0.26531523,0.15598844,0.09686592,1.0718629,0.026721418,0.909684,3.469812,0.029764732,0.13560599,0.39515388,0.039691184,0.10057026,1.1730257,0.14226434,2.1544447,0.7611136,0.08773388,0.26970696,0.29290205,1.211174,0.65815926,0.12879023,0.44431716,0.019595185,0.41891614,0.02374179,0.00033265047,0.23493093,1.4763727,0.027976219,0.6950483,0.2905871,1.3046095,0.6108781,0.030135555,0.0,0.12910031,1.405062,0.6362376,0.3847959,0.0145365605,0.25433946,0.49954554,0.45162264,1.5003734,0.11750804,0.93978566,0.1085215,0.19538304,0.07442355,0.36985403,0.8470817,0.09559237,0.6229745,0.08643719,0.43480682,0.2784567,0.49942693,0.25027698,0.3051377,0.97163355,0.81199265,0.10989108,0.2803232,0.6751005,0.041015897,0.0070287436,0.6409051,2.3220513,0.14337763,0.18908949,0.45011005,1.5757899,0.14178924,1.3462733,0.24412793,0.3677499,0.012394744,0.035382245,0.15241426,0.502399,0.47829762,0.010668743,0.050159696,0.69955426,0.058203068,3.1459844,0.9480642,0.30969846,0.090810776,0.104525544,0.82485616,0.6045021,1.5608375,0.36895388,0.6817333,0.05068763,0.019907532,0.055367615,0.1273857,0.054494802,0.18551177,3.5289505,0.011706348,0.7664666,0.30456135,0.1643242,0.06278049,0.80310935,0.6075597,0.2967333,0.18716782,0.1339296,0.19948031,0.27015737,0.30743712,0.27015066,0.0,0.30480713,0.26199242,0.18476553,0.35191298,1.226129,0.314995,0.6802524,3.1551619,1.6307765,0.22558409,0.2850137,1.0658435,0.079820864,1.4458185,0.51784295,0.036954656,0.7543096,0.77520114,0.27347922,5.49468,0.65830743,0.11886884,0.17997278,0.19270135,0.0,0.5601097,0.0291221,1.0805267,0.3483878,0.016839879,0.60676664,0.21567868,0.4722153,0.050365895,1.3526219,0.47767365,0.21326888,0.89689213,0.8427472,1.2496883,0.4701397,0.9168841,0.23877516,1.1273783,0.06638366,0.86535734,1.3101008,0.01169129,0.77331936,1.2626731,0.42005607,0.937597,0.0385303,0.07531531,1.1408967,0.08457135,0.0660416,0.48455888,0.5986758,0.08790116,0.081293516,0.96705025,0.3103378,0.6828267,0.37432352,3.4152734,0.5813021,0.052400567,0.0,1.117088,0.022829259,0.37689725,0.092897005,0.24595864,0.25208658,2.0096507,0.008183652,0.22299188,0.00036606254,0.13328877,0.8666978,0.07663408,0.13471273,0.289948,0.20146148,2.8796442,1.4702562,0.054536384,0.26271233,0.05627156,0.12176181,2.1655843,0.38366863,0.93004256,1.3294947,0.11295972,all_pothole_images\pothole_images_enhanced_93c893bdcbc3570f01a8c5a77bc9652b.jpg
0.5857898,0.3952961,1.7288852,1.1072758,0.051307093,0.036405005,0.86283624,0.0,1.0882698,0.8945375,0.7237072,0.7385844,0.20989262,0.8111304,0.007779464,0.8820209,0.5920614,1.9107999,0.3248142,0.1321807,0.43007284,0.018477313,0.5102251,1.745403,1.4654475,0.3784748,0.065402925,0.96147203,0.0,0.08457632,0.06875695,0.0,0.36478037,0.99412614,0.029721415,0.9690866,0.043468498,0.4252155,0.28217018,0.1541943,1.0472012,1.862585,0.5073454,0.44322985,0.26119664,0.10895705,0.20867649,0.18115117,0.55032396,0.2637004,0.5843092,0.16007109,0.32562566,0.16473103,0.3804665,0.11840987,1.1141762,0.7158817,0.35814008,1.4753165,0.064180724,0.45300558,0.13269809,0.73779505,0.90364206,0.3153143,0.91990286,0.21693078,0.25158507,0.016428236,0.16441551,0.070598416,0.88025385,0.027558152,0.881897,0.21097292,1.4582576,0.17950532,0.40659872,0.006304261,0.057907205,0.12000695,0.17455344,0.7559966,0.12701802,0.17270444,0.02216554,0.017579624,0.2853283,0.32472724,0.14755617,1.5335472,0.044340666,0.3923593,0.8091656,0.002550909,1.3596466,2.0052266,0.11675854,0.008105144,0.8348412,1.4554032,0.06721059,0.72645426,1.61416,0.7166224,0.087129414,0.17406486,0.102454096,1.4504064,0.44384137,0.9912036,0.1811767,1.3950902,0.029714268,0.32884905,0.23403837,0.9584025,2.3260229,0.35506138,1.7856656,0.17325471,0.32117474,1.0690418,1.2539874,0.22470789,0.139173,0.036607105,0.1829096,0.22404063,0.35669014,0.3758456,0.0,0.14733706,0.13255647,0.19389054,0.21439381,0.0,0.26064917,0.0,0.25278032,0.08771083,2.0904393,0.65375876,0.006961343,0.0100993235,0.09678025,0.9928549,0.044237398,0.076541334,0.2939671,0.11056228,0.08192295,0.4637908,0.8257833,0.5901219,0.42386502,1.1668874,0.06452959,1.0562154,1.355155,1.0439343,0.41204467,0.3220199,0.6249357,0.31496462,0.34921563,0.04248838,0.33388308,2.4571686,0.34684217,0.013004281,0.003189288,0.01226394,0.066260435,0.6544825,0.752787,0.008501195,0.014439696,0.15963456,0.0,0.47836798,1.3894933,1.9944272,2.1597152,2.1291602,0.8301071,0.25295278,0.58455,0.64626294,0.45621866,0.015177157,1.4392946,0.8994449,0.64285535,0.17738737,1.7878268,1.1497217,1.5679021,0.6273713,0.52735615,0.4856493,0.64086324,0.35859087,1.0077662,0.31845424,0.09675811,0.018240592,1.549426,1.1487713,0.25797084,0.2891831,0.39537305,0.8194898,1.0611326,0.22608982,0.37712845,0.28269058,0.81055385,0.009809525,1.1534741,0.6034361,0.05577382,0.896424,0.0036583836,0.034349073,0.35187906,0.3278958,1.4493171,0.3766046,0.08214197,0.0036176532,0.44863984,1.3730261,1.0556877,0.4143655,0.10734606,0.04411017,0.010458985,1.0120473,0.28602096,0.27099174,0.15236267,0.24926294,0.025683085,0.18063697,0.81251955,1.4230967,0.02778387,4.9816194,0.61789167,0.86224675,0.1832764,0.35098484,0.08092738,0.42239812,0.075859085,0.65531594,0.43600324,1.932708,0.061789036,1.0088544,1.0289705,0.74156123,0.20715116,0.10972446,0.5803014,0.001721943,2.6772175,0.6662982,0.9599173,0.003323943,0.2609224,0.41235954,0.10576806,0.6775144,0.37109578,0.07448528,0.32621375,0.2759974,0.26218244,1.9628363,0.6984228,0.09291637,0.0,0.6228535,0.523644,0.6180782,0.2680886,0.27766752,0.47025684,0.10991059,0.07844587,2.0766838,0.787169,0.72741604,0.4167832,0.28122175,0.29985955,2.0024304,0.622333,0.5878209,0.0,0.08924473,2.8639603,0.29440352,0.5719901,0.34538004,0.3225581,0.06586686,0.5209417,0.2755882,4.7738833,1.3033004,0.20093317,0.69790125,0.0,0.7104413,3.8912826,1.4626658,2.0149398,0.45958823,0.68749654,0.76926076,0.13127558,0.22235006,0.26196867,0.629222,0.0068969815,0.01992619,1.5656056,0.2953952,0.08785491,0.0006214784,0.6726274,0.006784187,1.5235738,0.28284696,0.47435674,0.11794319,0.00887553,0.22398448,4.0661497,0.94371295,0.2080416,0.23029146,0.3776674,0.18746726,0.34798393,0.05630203,0.0,0.26968312,0.05431877,0.5453187,0.03490974,0.51662236,0.39857697,0.23813021,0.23777822,0.8568012,1.106543,0.07749058,0.781421,0.33585513,0.0,0.031880952,0.5060029,0.35964528,0.33411902,0.93002474,1.3431321,0.063620105,0.1968631,0.49753016,0.7538155,0.53675956,0.36782193,0.521882,0.4935903,0.06692921,0.75717014,0.59501106,0.8667438,0.6064446,1.389147,0.0635824,1.4546555,0.71085596,0.1304476,0.7233091,0.5148173,1.5761932,0.17072818,0.5781786,0.0007773402,1.5287136,0.69795567,0.82557535,1.3174018,0.0099633755,0.94749695,1.3683822,0.827679,0.015384897,0.6258199,0.0013964216,0.39206797,0.6485203,0.43652472,0.19367614,0.050317653,0.6300988,2.5557947,0.7292033,0.16802599,1.0506241,0.11528015,0.13207097,0.17093723,0.73973215,0.019150328,0.56371087,0.4244577,0.80536634,1.2015198,0.014148101,0.10223635,0.017602665,0.117103875,0.27876118,0.7476934,1.4328423,0.0062014344,1.0090052,0.24681702,1.1250811,2.147693,2.3946898,1.20778,0.13040641,1.2601385,0.2854585,0.027934149,0.005796157,0.012894,0.13870308,0.040130164,0.08722538,0.0048493803,0.6616692,4.5308704,0.7194275,2.2607014,0.2642339,0.1681307,0.8590201,0.41845524,0.0,0.12907185,1.682728,1.1347933,0.06538461,1.022822,0.0058452934,1.3188177,0.18958504,0.010773077,0.22316076,0.08907108,0.178576,0.30876946,0.44834283,0.0,0.5475103,0.40143067,0.017005349,0.9772711,0.17031066,1.4748533,0.0026413053,0.98523074,0.4964138,3.079038,0.6589469,0.10849066,0.3921866,0.53717345,0.008324551,0.7230729,0.018394735,1.3573238,2.1048806,0.019864352,0.0,0.0005565992,0.21043578,0.6862727,0.62424165,0.021711115,0.10827114,0.46780434,3.4297395,0.12831563,0.34311843,0.0,1.2798038,0.42506674,0.05382149,0.8113281,0.29277432,0.63212574,0.0,all_pothole_images\pothole_images_enhanced_94161138fb978a30f840b44930aa091b.jpg
1.6977503,1.049678,0.8668725,3.2593398,1.632387,0.61970216,0.77215964,0.8582453,0.14453538,0.9292471,0.44326204,1.9017112,0.5841053,3.4776309,0.22785659,0.026096784,0.0,0.31846392,1.8243749,0.64567393,1.2319694,1.7618053,0.47030613,2.8988342,0.6663149,1.4594601,1.0313182,2.5205433,0.24287581,0.5561636,1.4850799,0.36529312,4.2378325,0.85156274,0.39356905,1.2883174,0.36814678,0.999047,0.21260358,1.4667528,0.25137597,1.7947683,1.2440041,1.948467,0.025454115,1.6509539,0.34557793,0.2348409,0.47201326,1.1530782,2.6966293,1.3490694,0.8443432,0.022256488,0.16552848,2.3547018,1.1144884,0.19217688,1.9766426,0.1513436,0.6282182,2.6013966,0.62387496,0.58977526,1.0916717,1.9119023,0.5929711,1.5822912,0.45421243,0.72721314,0.08050984,0.08862153,1.513472,0.49592566,0.78126717,0.35082158,0.70453614,0.9077213,0.3005043,0.09911025,0.3474748,0.4401038,1.1634536,0.33630288,1.1616262,1.4840436,0.04797203,0.991551,2.110269,0.106047295,0.15590145,0.3233688,0.51583284,0.1573674,0.55299133,0.785931,0.27120692,0.9876234,1.4569153,2.5664139,0.026939075,2.7337465,1.9169987,3.1433623,1.1003578,1.6889004,0.10869022,3.6171894,0.116814554,0.80262667,0.28972647,3.2407176,1.4452785,0.93467623,0.37535343,0.5595228,1.0704658,0.030029949,0.28503662,1.3228862,1.6131594,0.4397207,0.10677596,2.9773514,0.06019377,0.022647556,1.491292,0.2818185,1.872941,1.6952405,0.4884579,0.6214144,0.5335172,1.4883049,0.4248406,2.1259282,0.034040626,2.2470548,0.13541329,0.5117126,0.9659,0.4725635,0.6872616,1.6125784,0.56514674,1.4828914,0.8392975,0.4974611,0.2409302,0.5754506,2.6832228,0.20877014,0.10487537,0.32757762,0.7393545,0.26136467,0.442586,0.11871764,1.107748,1.5014361,0.9307846,0.13165113,0.1821625,1.1693158,1.4532945,0.4820174,2.2951374,0.27287066,1.7045366,0.39386803,1.7033399,0.5359689,0.57337695,1.5704653,0.91409636,0.5114149,1.0315508,0.32424244,0.7058638,0.072010145,0.32400385,3.8757641,1.8357183,1.2765963,0.47468916,0.33720645,1.4101142,1.4233856,1.0306859,0.4364492,0.77964044,0.80351764,0.37193507,1.068394,0.53120524,0.2835463,1.3795854,1.4932703,1.4268763,1.0750244,0.20503558,2.8633964,0.7756999,0.78623307,0.08862419,1.509184,0.45375764,0.4197656,1.8770932,0.8517525,0.40625405,0.3080091,0.8839091,2.0921717,1.5730048,0.08803311,1.2520528,0.18160331,2.4704874,0.0,0.8030274,0.108411185,0.40965444,1.6607265,0.014713078,0.15906514,2.0034251,1.2198137,0.7473387,0.13515487,1.9238456,1.3896378,0.36720878,0.31486174,0.84359896,0.11437926,0.75397134,1.3802098,0.25686315,0.057351977,0.078520454,0.0643479,0.29769984,1.54225,0.4676101,0.83892524,0.62085193,0.9790339,1.878648,2.06858,1.8690854,0.09245298,0.5639933,1.0503128,0.3523841,1.1199458,1.9830223,0.6045536,1.2487063,3.4589064,2.264129,0.9216461,0.2680379,1.3530716,1.1923895,1.5562342,0.010302115,0.6019671,2.226932,0.7465364,0.19845125,0.23275702,0.56767565,0.6353371,0.057506647,0.41099256,0.617713,3.6048558,0.32878026,0.7776553,0.25518763,0.15585415,0.6231166,2.4453096,1.610481,1.4367607,3.260706,0.15302208,1.7784078,0.084003225,2.0565479,0.43518502,1.0657318,0.38032314,0.15519828,0.48832187,1.0877477,0.3526507,0.3342434,1.446979,0.40694186,0.24845685,0.10324524,1.4921764,0.36958826,0.88526976,0.24520418,0.8422485,1.1802948,0.28696668,2.161792,0.9603244,2.3335087,1.949134,0.8021709,1.8655124,0.07985042,0.6530844,0.7317875,1.1784017,0.7447279,0.17810175,0.17378359,1.1600882,0.9027775,0.3801361,0.11094422,0.26496428,2.6538966,1.5637838,1.0738171,0.9097367,0.9852957,0.81230426,0.2309004,1.0079006,0.24908143,2.7115521,0.28543973,0.76257974,1.2253836,1.4649539,0.6040044,0.36993712,0.9881495,0.8820255,0.8114246,0.6657212,0.4247229,1.1954322,0.71399343,1.4951508,2.2595565,0.7781465,0.058106042,0.29139197,0.87148595,0.29028922,2.2870994,0.7620159,0.7692235,1.2018032,0.6643899,0.77712417,0.08869386,0.22604157,0.80806375,0.6879305,1.0676962,1.2975687,2.0205057,1.0650564,1.3074895,1.1122701,1.7455734,0.6504186,0.8534218,1.4070305,1.060662,0.41035095,0.81187904,0.33102143,0.94849735,0.31008926,2.0551803,0.864664,2.6468182,0.31013313,0.23738107,1.7895178,0.3300328,1.8872026,0.124218665,2.1088567,1.3393047,0.094859675,1.5648946,0.78398055,1.0552053,0.25157663,0.61295986,0.44561988,1.4333127,1.9275824,0.6446242,0.9322373,0.77335083,0.1897513,0.24854305,0.3559577,0.8516195,0.87429285,0.3299891,1.2883852,1.0443318,1.4456631,0.728632,1.8516014,2.239194,1.1031677,2.1212993,1.1700219,4.0910764,2.8648942,1.4538325,0.4145621,2.2536376,3.365838,2.9443426,1.3955735,0.018585999,0.28691572,0.8408313,1.1534166,1.8333011,1.711464,1.2471591,2.0076234,3.2698874,0.2348115,0.25652647,0.4484796,0.000691714,1.3218776,0.327927,0.54504114,1.373281,1.8601365,0.61505455,1.8617668,1.1145183,0.58184433,1.2107829,0.9153339,1.0378494,1.0820452,3.1147776,0.98515785,0.054015644,1.8968664,0.54405326,1.7404485,1.2561799,0.4692462,1.104089,0.8665424,0.5173396,0.82262427,0.5356461,2.3358276,1.7184843,1.2084081,0.48197317,0.38733983,0.24055457,0.31713542,1.1121641,1.3525655,1.5578824,0.52513516,1.4154091,1.3652275,0.5460449,1.0019556,0.63832706,0.060124293,3.4674625,0.39182574,1.9826585,0.064772286,1.1782888,1.3604797,0.37822527,0.4274455,0.067275524,0.21641268,1.3392029,0.41990972,1.2248023,0.88063633,1.7798057,1.3628963,1.5760591,3.6579998,2.591209,0.14463033,0.7988806,1.1581575,0.14685257,0.23031221,0.29023448,1.1865776,all_pothole_images\pothole_images_enhanced_9480a20eb1f49cc8acf68cddcf70c2c8.jpg
0.20398918,0.7993044,0.00012283864,1.3772159,0.04835522,0.3179137,0.4255426,0.3864746,0.1410997,0.013893939,0.30335608,0.0025454743,0.19825408,2.9004428,0.033753663,0.0,0.04057311,0.85340244,0.13070172,0.029400451,0.10372576,0.098470435,0.2330969,0.9798404,0.13716008,0.0,0.34281585,1.352835,0.17766793,0.088690996,0.21560256,0.2638074,0.21327491,1.0850616,0.26417828,0.1338636,0.032375745,0.16101871,0.0013848123,0.5052404,0.0,0.08989187,0.5261688,1.4354192,0.063835256,0.08524332,0.40406013,0.079893865,0.027906088,0.24572554,0.09978647,0.004824044,0.06578915,0.032425977,0.4957899,0.7980682,0.8572951,0.161511,0.27695197,0.06430646,0.21561833,0.24888517,0.9805845,0.24310291,1.0479636,0.9483666,0.5851784,0.0,0.044495605,0.0,0.07539725,0.0121752415,0.24404663,0.016064879,0.5375595,0.0,0.012103223,0.5044941,0.0,0.008427798,0.0102544315,0.21100073,0.40860373,0.5523047,0.24530476,0.08727373,0.013464567,0.14317575,0.21577777,0.02962126,0.9216561,0.28171647,0.02425193,0.29813957,0.15347454,0.21797813,0.011958221,0.4817236,0.041070588,0.018088976,0.025876539,1.17842,0.004660981,0.5728337,2.0632205,0.7200448,0.74815685,0.024964541,0.3727064,0.40289548,0.30737606,0.50360405,0.02803856,0.572279,0.0,0.039847102,0.14667892,0.04201697,1.0352376,0.43614662,1.0262177,0.5818125,0.0077863364,1.1604629,0.14579016,0.16244897,0.0,0.5052882,0.55850875,0.35840383,0.5355683,0.02417298,0.0,0.79377145,0.10643418,0.0,0.1955721,0.5142267,0.0,0.298077,0.3318342,0.01596717,0.32826072,0.3422792,0.35660645,0.16967101,0.0181055,0.0070553017,0.07950571,0.16318654,0.0,0.014748305,0.029991725,0.10007739,0.9140541,0.0032236476,1.1582003,0.9661065,0.28328696,0.5235319,1.9158119,1.456208,0.036933023,0.90038484,0.49271446,0.012896833,1.0792369,0.17893855,0.89963156,1.0563084,0.049810227,0.08122725,0.0,0.10918226,0.037714496,0.53322256,0.4177825,0.029979765,0.36839792,0.020743605,0.0,3.5955403,0.6396963,0.043561608,1.0204085,0.48921496,0.1213641,0.12597913,0.031232487,0.13807951,0.03865369,0.5798501,1.4004177,1.377794,0.015409471,0.026880626,0.72073895,1.3945955,0.14048941,0.0,0.011817562,0.47656,0.27724734,0.49419004,0.7477137,0.061093245,0.5622643,0.13910697,0.8708517,0.67481184,0.040763248,0.0627476,0.0037005856,0.1465291,0.27904788,0.18314418,0.9287351,0.25079674,0.12248991,0.0034313225,0.062193044,0.0,0.92922455,0.016177686,0.0,0.0010136549,0.70906234,0.0,2.750388,0.047400832,0.15832998,0.041427158,0.060431965,0.25017193,0.01385096,0.1700614,1.1060864,0.3240865,0.04141516,0.111558795,0.086620435,0.00033563498,0.044624552,0.22376223,0.18198225,0.0,0.6760907,0.44977933,0.20692198,4.043301,2.834789,0.09343876,0.0064722397,0.0,0.09125716,0.8207393,0.087477066,0.0,0.02706784,0.73378503,0.7035477,0.19744125,0.15866567,0.40893227,0.0,0.52789754,0.5582156,1.2090405,0.34265256,0.03634517,0.32125637,0.37641364,0.8774845,0.051976465,0.08356902,0.6136996,0.5585815,0.14692068,0.07500325,0.04015614,0.6452634,0.59344864,0.1399931,0.13610396,0.09924324,0.45114595,0.29616362,0.040969536,0.044228606,0.0,0.0,0.0077896747,0.02237821,0.42460975,0.22746922,0.031011445,0.20977725,0.73127705,0.0,2.0031161,0.6344252,0.23847213,0.00021582081,0.038740173,2.8919127,0.0,0.087180465,0.009455913,0.052431792,0.042035088,0.2858397,0.85733944,1.2038276,1.8177394,0.12230784,0.2475832,0.0,0.9967906,4.582151,0.007858682,1.0608046,0.000435225,0.010897318,0.17442033,0.0,0.046906184,0.7737265,0.0,0.05510593,0.11381521,0.998483,0.34112605,0.06764362,0.011792224,0.0,0.10106581,1.6016998,0.26551786,0.81906694,0.25857624,0.004372826,0.4617104,1.6018424,1.7119575,0.62366235,0.0019054709,0.07612533,0.40410274,0.26693937,0.41989687,0.13096863,0.04783804,0.07292593,0.47285464,0.16333658,0.28992835,0.0,0.07475993,0.20523253,0.03437918,0.89625615,0.35437942,0.2303366,0.0,0.003937665,0.02340597,0.33911207,0.20409383,0.4322621,0.49868676,0.7368675,0.45562056,0.584532,0.08797612,0.37964916,0.73494935,0.8384093,0.012505699,0.32822853,1.2536671,0.39106584,0.023688357,0.009473267,0.10364454,0.20886102,0.8863536,0.16938,0.0,0.0,0.17452477,0.0,0.49343252,0.0,1.4398525,0.0,1.0871834,0.25907776,0.9702197,0.7444639,0.033325408,0.24660425,0.29203647,0.23937559,0.008517471,0.008559661,0.0,0.1098369,0.04074543,0.035003524,0.6460041,0.145018,0.5851964,0.2070361,0.083322525,0.2131661,0.06990872,1.115378,0.11013706,0.14022522,0.0756489,0.2556772,0.0854608,0.0,1.9198827,1.1830145,0.008730834,3.708961,0.0021583827,0.380253,0.1680612,0.049110927,0.6212088,0.042502258,0.013941889,0.17991526,0.07972828,0.15673633,0.2190241,0.089637116,0.0020201104,0.3087068,0.019773373,0.13302507,0.010792676,0.21176997,0.0,0.010165961,0.0,1.4481142,1.1122054,2.0953593,0.0,0.0871935,0.2662333,0.058071647,0.19878505,0.020035524,0.08589765,0.016206801,0.24802005,1.1702377,0.58356035,0.40347424,0.34502065,0.31688982,0.00686511,0.121989995,0.0048276694,0.029460045,0.09577332,0.804763,0.3746473,0.14293832,0.009745754,0.2543671,0.028287176,0.0,0.49356723,0.027817879,0.0,0.7324815,0.19247419,0.5747299,0.53905827,0.2773424,0.005948192,0.040860143,0.044828366,1.8300273,0.0,0.049503803,0.41404474,0.0016776111,0.0,0.428994,0.0029683332,0.0,0.0,6.252375e-05,0.17596075,0.10193534,1.1229305,0.88395596,0.12104316,0.23046887,2.019903,0.8178983,0.23851873,0.045582764,0.028135182,1.2464371,0.29144838,all_pothole_images\pothole_images_enhanced_94c6476ca04301a4bdb5a071c63e4854.jpg
0.61077106,3.4044535,0.593912,0.2060102,0.11811521,0.22591326,0.48734447,1.7820381,0.4801543,1.2085899,0.50641525,1.4394389,0.64697087,0.7701012,0.023075214,0.62744594,1.3525407,0.6152107,0.9352927,2.0092514,0.20757255,1.5808958,0.5585318,1.4328161,1.474461,0.2031853,1.4021322,1.5530492,0.21538045,1.2291212,0.5776615,0.35286647,1.6793375,2.6843488,0.9455943,0.440829,0.26563573,0.95319426,0.9097299,0.8102353,0.39931214,0.5904761,0.0,0.7509059,0.24590363,1.067448,1.0643739,0.11183082,0.01949201,1.335868,1.6190051,0.34941304,0.7821843,1.3747228,0.23278876,1.6779028,0.55948484,0.67806447,1.1632123,1.6544484,1.4346304,1.0246212,1.2359555,0.099017635,0.32794827,0.5669545,1.1697004,0.028926129,0.6922291,1.0816404,0.07128091,0.9229155,0.1449578,0.17512389,0.57206756,0.35659945,0.5207603,0.70281655,0.0718344,0.9419524,1.0402359,0.5112593,0.18342964,0.81505996,1.7348771,1.7646736,0.0,1.102676,3.15123,1.2902989,0.20897569,0.50050795,0.46371624,0.6893729,0.39235756,0.004385356,0.73635536,0.97058195,0.75152516,1.8739885,0.449388,0.2948632,0.17572819,0.15469639,0.13446905,1.7613398,0.40188956,0.30892086,0.24644862,0.6148031,0.25245276,1.9592727,0.60393435,0.9165869,0.058937315,0.30173388,0.5785573,2.8333378,0.17996389,0.15760916,2.225564,0.67225045,0.32204026,0.68642694,0.3882242,0.22744982,0.67476684,1.1616402,0.34607747,0.42409667,4.5112815,2.308727,0.63174486,1.13327,0.7640463,1.1999351,0.15682833,0.7625987,0.2144364,0.73120385,0.20946573,0.78519934,1.3478655,1.4698737,0.17842884,0.10607358,1.1350197,0.0524529,0.13131872,1.3310319,0.33127558,0.55043805,0.38613212,0.08032058,0.21334495,0.09062202,0.54358536,1.0237556,0.97741663,2.1425989,0.25573516,2.286536,0.5381159,6.0750628,0.4208718,1.6655021,1.6281954,0.24341789,0.52681667,0.6948696,0.2348342,0.4956866,1.2375599,0.0072882115,1.934627,0.0,0.9805491,0.35439494,1.5971463,0.26093742,0.6289422,0.09899776,1.7232205,3.0892315,1.0220449,0.11528137,0.70200074,1.1544263,0.62278014,0.86865246,1.4667869,1.5741996,0.1351055,2.2639506,1.5069511,1.0652971,0.38434514,1.3961412,0.0,0.2520822,0.047627944,0.5348939,1.4957857,1.0160606,1.1890539,1.4007947,1.0694735,0.351185,1.7515625,0.9316834,0.33015835,0.1796422,0.61033875,0.3222326,0.04280052,0.16478318,0.3085975,0.06584973,0.3605321,0.6854905,0.41266823,1.2863109,1.0922536,0.25660697,0.97444767,0.7622369,0.2353145,0.057920385,0.8653689,0.7509282,0.6907139,0.3090309,1.0727159,0.40704912,0.2327259,0.2849833,2.5934982,0.7692098,0.20550318,0.65902823,0.08866818,0.8219816,0.60477144,0.00019387521,0.58974546,0.23965812,0.75496346,1.2729813,0.51636076,0.8868525,1.1808575,0.7880493,0.43345302,0.8117737,1.6632868,1.1867942,0.15951245,0.3996466,0.19157772,0.24651383,1.693146,0.08212103,1.1436864,0.82234734,0.03952328,0.1158091,0.1592675,1.5183605,0.6773412,2.2660105,0.48583966,0.06909856,0.18876901,1.0075309,0.839466,1.081902,1.3032606,3.267399,0.5150455,0.07626603,0.8673948,1.1757014,0.91318715,0.70626146,0.73767257,0.038097277,0.45917767,0.24750103,0.090282485,0.26238957,0.7443057,0.8130197,0.27336174,0.46201405,0.81607956,0.028878707,2.3771358,2.1430042,0.73483646,0.106798984,0.17325076,0.2013258,0.7042157,2.8137226,0.63680124,0.076834045,0.18343455,1.2738314,1.424752,0.10784953,1.1764866,0.0676953,3.509374,0.6572053,0.49955538,0.2826504,0.3571662,0.12024114,1.2745552,0.74333733,0.7588493,1.0426594,0.79866844,0.63980293,0.44601524,0.02416831,0.0050299005,0.7159922,0.635926,2.350682,1.5414108,1.3137285,0.25032198,0.022546252,1.5637108,0.17698103,0.006787168,0.3113696,1.1186428,0.7523476,1.3548026,1.9305518,0.35618827,1.0689276,0.5837913,0.3581959,0.39024264,0.6722549,1.3742367,1.3857007,0.016836861,0.93713385,0.3465777,0.23511906,1.3416806,0.5858067,0.45205688,0.35281548,0.1935912,0.12368007,0.13328403,3.337878,0.10004541,0.41010696,0.57736456,1.2068248,1.9699776,1.038549,0.5121711,0.3542018,0.85242665,0.07273376,1.9136349,0.43719184,0.55539805,1.5040987,1.5850346,0.25272328,1.0733757,0.4521491,0.45936698,0.3305797,0.23251203,0.4245947,0.7266111,0.03765695,2.896773,0.9457294,0.09104939,2.482797,1.2854323,0.67186946,0.052046347,1.0552396,0.9724783,2.7809877,0.39718723,0.8518004,2.2103274,0.39740214,1.2291127,0.011724395,0.6463189,0.93715835,0.07479156,0.9927835,1.5147552,0.5142415,0.08264254,0.67762846,0.67000455,1.49823,0.77898294,1.5208105,0.09839319,0.3802202,1.586067,0.68679285,0.0008025689,0.41008943,1.2394447,0.51862997,1.9204503,1.0207067,0.9670418,0.35413727,3.231999,1.143393,0.31648317,1.8906311,0.97184193,2.1523776,0.5478905,0.8030974,0.025103912,1.4270511,1.4885516,0.455067,0.22641213,0.16278149,0.107614785,0.5435221,0.3021267,0.8933319,0.0061740763,0.4867864,1.0642166,1.2102191,1.0458548,0.14203203,0.14544232,1.5196596,0.6515539,0.81884414,0.0017626412,2.3799846,0.24451469,0.40786758,0.35725802,0.019992208,0.19986807,2.3716242,0.14117962,0.7872819,1.2582603,1.0730097,0.6289524,0.30532563,1.2105031,0.019729806,1.1841723,2.0347118,0.8725864,0.18757874,0.4455778,0.59971005,0.81895816,0.6393619,1.8578115,1.1575794,0.71588063,0.8945614,0.9012661,0.28133267,0.20153497,0.25663754,0.25839326,0.39942092,1.2402298,0.15957168,1.0067712,0.87935424,0.5592243,0.056301326,0.7626851,0.03177021,1.6093696,2.1803527,0.91625935,0.88880575,0.35130754,0.026794087,0.8479544,0.61407036,0.7997284,0.26387924,0.0068924776,0.89347667,0.45230436,0.31286857,1.0223923,1.934731,all_pothole_images\pothole_images_enhanced_94e3fc1912c03d2e6b31b32865221e3e.jpg
2.4815068,0.69753814,0.0034319193,1.3721827,0.24609885,0.20462754,0.007052412,0.5241035,0.105796345,0.88398147,0.023917416,0.4677974,0.0,1.084962,0.78588617,0.59694993,0.15834357,0.07000692,0.16410656,0.5300785,1.1802074,0.9075758,0.0567311,0.60766405,2.0037766,0.5444199,0.0,3.356142,0.48855174,0.354441,0.6704184,0.27850133,0.18022722,0.58290935,0.08344661,0.18210913,0.021062788,1.0266347,0.797552,0.7655458,0.0064544845,0.29684055,0.36843252,1.145894,0.7063085,0.98668885,0.036422424,0.0,1.362313,1.0528879,0.49321252,0.0,0.10897522,0.005022129,0.0,2.154067,2.388826,0.34862202,0.0,0.09119336,0.22761582,0.025712777,1.0752361,0.7558484,0.21105985,0.51090366,0.35207164,0.0,0.004661335,0.12153061,1.3028269,0.22236718,0.4170131,2.5465276,0.2598817,0.5214814,0.0,0.44075292,0.039020512,0.20614474,0.17517683,0.12372389,0.18030645,1.1595577,0.0075018452,0.0,0.68650943,0.43711728,2.345878,0.14022247,0.23493189,0.044938423,0.29381287,0.8004351,0.060364023,0.13585936,0.17452095,0.10750145,0.32779506,1.1303861,0.028161535,3.0021935,0.40764758,0.0,0.7165428,0.0,0.2883928,1.0888189,0.0001718692,0.5339722,0.055264253,0.13651443,0.8218494,2.0601094,0.95340437,1.0814954,0.0765115,0.036849637,1.6972921,0.94301707,3.4366312,0.6017466,0.0,0.5419783,1.2597969,1.451681,2.154813,0.41795856,0.5196381,0.054532584,0.07292776,0.0,0.11078067,0.23778728,0.48380318,0.4303775,1.0030448,1.2515515,1.1791028,0.016695004,0.18736124,0.087208666,0.35244095,0.053898085,0.23794824,1.6514307,0.049450014,0.4916442,0.0,0.037940104,0.34031096,1.1384065,0.050427943,0.4192719,1.312387,2.3035822,2.2752075,0.014123352,1.7531459,1.0846032,1.371227,0.55566025,0.98555034,1.1518831,0.5205111,1.8342196,0.79450893,0.15930554,4.586084,0.72627574,0.0023454984,0.098388165,0.017301345,0.12526791,0.2712669,1.036079,0.57418543,0.21252003,0.8330625,0.006409968,0.0,0.62958866,1.5051945,1.867651,1.1656739,0.03335886,0.0,0.09331592,0.81056654,0.34455213,0.061263714,0.17859268,0.515486,2.7090037,0.6427387,0.20604718,0.12380134,0.084813826,0.47657868,0.2765695,1.72261,0.800378,0.8924462,1.0963091,0.03579295,0.18412781,1.2989919,0.38190958,1.2360561,0.33057466,0.26394853,0.024729723,0.17947732,1.304892,1.3801104,2.2840345,0.1840575,0.13136585,0.53606236,0.0103603415,1.4929816,0.0,0.40428105,0.0,0.0,0.4646387,1.5960796,1.3895591,0.8487877,0.91488063,0.012092033,0.078446545,0.46414065,0.93332076,0.018206254,0.0,2.575786,0.0,0.21390046,1.3267097,0.24000931,0.0,0.08112459,0.007128969,1.6054609,0.0,0.39227784,0.034739476,0.13176033,5.301934,1.1088911,0.60532415,0.20617387,0.28580466,0.04161997,0.008528875,0.58084357,0.06418598,0.62841094,5.9216905,0.0,0.22284168,1.3044279,0.04550308,0.06990204,0.19497949,0.4033619,0.0940643,0.5978357,0.13737842,0.19437225,0.004289152,2.1084068,0.0,0.3588696,0.5496009,0.35705823,0.30237812,1.120715,1.0579718,0.49119136,0.2565331,0.97204167,0.9787427,0.16577892,0.30676365,1.086084,0.079152994,0.42600846,0.018066278,0.33808255,0.010520532,0.16262105,0.9331698,0.12725735,0.8427626,0.108629055,0.32431677,0.4594956,1.4671755,0.37187225,0.2924713,0.10179199,0.62854636,4.4893103,0.36040425,0.036780097,0.029446652,0.0,0.82799125,0.3580728,1.5822983,1.0739942,1.6022781,0.7705364,0.26180524,0.0073792264,2.4802861,2.037365,0.3555812,0.46533075,0.0029914554,1.243459,0.2566099,0.18094434,0.21427494,0.24141999,0.026677243,0.12803979,0.0,0.82993144,0.088250004,0.0,0.0,0.0,0.5378755,1.7654734,0.004875668,0.33734518,1.0715173,0.43952936,0.11428487,4.875088,0.09592268,0.39553657,0.0028403425,0.35568076,0.3334114,0.15353926,0.1317823,0.36364633,0.9005703,0.07502967,0.5895312,0.016505407,0.13681471,0.13442844,1.2278402,0.586845,1.7797908,0.15096255,0.27096662,0.8831169,0.66231227,0.00045072046,0.17506163,1.4679341,0.013965901,0.06717737,0.09333081,0.39703757,0.0032823693,0.23693606,0.04092401,0.021559529,0.1983311,0.0,0.34649122,0.5481187,0.092663705,0.66518897,0.053727943,0.25308195,0.013861156,3.650802,3.2084935,2.033827,0.13053499,0.08476678,1.4318235,0.045804728,0.23295972,0.16226202,0.03699616,0.015330769,0.16184281,1.5780108,0.26702216,0.24396054,1.133215,0.4876487,1.949346,1.1149203,0.19244958,0.095479496,1.58078,0.28019562,0.60541356,0.9797176,0.7656074,0.79935104,0.0,0.0,0.63321126,0.0065225726,0.73811525,0.61720556,0.72972244,1.4250597,0.09918343,2.3084686,0.14303935,0.6833164,0.6057459,4.3023524,0.079218335,0.65740275,0.069131784,0.8759197,0.3070658,0.74913585,0.1540549,1.2287875,0.8470607,0.27451834,1.1822048,0.022984985,1.3169179,0.0,1.263975,3.722854,0.02035148,0.33938974,0.25775337,0.6451725,0.0,0.42641616,1.5788897,0.1167094,0.0006652696,1.5351802,0.56944114,0.44776514,0.30431,0.15678322,0.18151791,0.589049,0.057278506,0.21923383,0.9703059,2.6122096,0.11554101,1.2971984,0.5292676,1.8480613,0.0004189195,0.23754445,0.0,0.36717612,0.8173783,0.0038839085,0.021471327,0.070737764,0.42972594,2.5482748,0.02976545,0.9549568,1.0046519,0.008681816,0.060293425,0.11521321,1.8389173,0.39867392,0.40771267,0.07691866,0.07251653,0.0102929035,0.09955772,0.0,0.0,0.27894232,0.16836828,0.020470565,0.11761501,0.12445066,0.37646508,0.17427431,0.37651077,0.8426506,0.011756259,0.0,6.5378294,0.12566671,0.55703694,0.10811682,1.8166796,0.0635561,0.009581579,0.0,1.5815648,0.48788515,0.13009308,all_pothole_images\pothole_images_enhanced_9536a0ca545640f6b90b8f4b8646cb5f.jpg
1.3256762,1.0890459,0.100166015,1.7111578,1.5155431,0.10522665,0.16766767,1.1417909,0.47604105,0.5071068,0.009821292,0.85876495,0.41106698,1.3743006,0.5072297,0.26889038,0.051037252,0.6745688,0.55319434,0.42459515,0.23916373,0.3534399,0.24372311,1.1526625,0.59143066,0.63298875,0.5164882,1.71497,0.8842425,0.34679958,0.8080384,0.17967735,1.0614458,1.5944809,0.7451426,0.32678363,0.95137566,0.7256496,0.9105798,0.78421324,0.24606247,0.0,0.21672572,3.8611243,0.61074495,0.46125543,0.3615349,0.0,0.66477495,0.7400763,0.69806397,0.38661754,0.6175759,0.0039605196,0.19650516,1.2337544,1.8293891,1.6171343,0.8567627,0.108586855,0.03634517,0.15725549,0.3019748,0.5457753,1.3277853,1.6616646,1.0659548,0.05273334,1.9170299,0.15776686,0.5671488,0.9439375,0.27128243,0.08647523,0.7429778,0.15598032,0.51523435,0.61972994,0.026935954,0.11409866,0.1676279,2.6563165,0.15633836,1.3208017,0.35164046,1.4217168,0.32013932,0.96707696,1.3500133,0.17740594,0.59816873,0.100847036,0.073745884,0.6035955,0.25679293,0.65302056,1.2347096,0.22337815,0.24656385,0.22862047,0.16436885,0.44717446,0.4262137,0.64670384,0.9606579,2.1085246,0.21491183,0.19287187,0.27142724,0.23096627,0.039036326,1.729499,0.20225464,1.0870187,0.78380036,0.2282977,1.9514056,0.24021608,0.32730013,1.4674962,2.0306945,1.3076131,0.35004783,0.1740502,0.28228122,0.012131148,0.019153943,1.3322369,4.16624,0.5120371,0.6413942,0.033653066,0.009599309,0.07820935,0.26291427,2.3095393,0.20834942,0.9952531,0.7984607,0.06665613,0.06420552,0.6071856,0.94372946,1.3078209,0.23834288,1.3513209,0.12056676,0.39407262,0.14434403,0.1571431,0.7598344,0.3975028,0.23042916,0.2492156,2.7833345,1.3627934,0.8331969,0.19108932,1.8301321,0.6894053,3.2192519,0.3352514,0.19801238,3.6689973,0.38923422,0.06403288,1.5378907,0.07623555,0.9200964,0.6099219,0.8227568,0.17885603,0.060384307,0.25975043,1.1305808,1.2962964,0.43589276,0.068706036,0.007139022,0.47441536,0.0,1.6158503,1.8905854,1.7387978,0.6844696,1.4896196,0.106493756,0.47515178,1.3128229,0.29661846,1.0457715,0.9875488,1.4201268,1.2407081,0.4966252,0.4764236,0.4941557,0.9750724,0.07242658,0.26541525,0.24968433,0.9949629,0.3454476,0.9865902,0.3009046,0.7289938,1.8210303,0.43805224,1.2309418,0.49332097,0.035496127,0.19812214,0.07854946,0.071973,1.1880436,1.026251,1.4371549,0.119803794,0.73283523,0.42027116,1.4004838,1.1307355,1.932501,1.6433306,0.01464415,0.71747917,0.11878704,0.5269348,0.79981005,0.049274962,0.04772204,0.6845236,0.9654033,0.40498906,0.5217374,0.048825253,2.5458846,0.32567316,0.08420524,0.8125529,0.35207132,0.396557,0.13619581,0.16862318,0.42753148,0.0032951334,0.9239925,0.16347305,1.806953,3.124966,0.011145411,0.34090322,0.38688087,0.67466795,0.08837122,0.38448557,1.7194506,0.072944924,0.018843573,1.512647,0.6568817,0.42321002,0.708964,0.5028157,0.54131657,1.7875034,0.28221813,1.139291,0.7424383,0.08217843,0.30031177,0.58004975,0.21478148,0.06759947,0.13446358,0.667967,0.98660433,1.3296183,0.19358602,0.7217041,0.770881,0.40634274,0.78539354,0.2525515,1.0377475,0.93882376,1.4541067,0.9437045,0.26838928,0.12327706,0.64543587,0.007688779,0.19404294,0.60841614,0.3628829,0.12371408,0.9532644,0.40519136,0.14646153,1.7309079,1.1456993,0.027275307,0.012841338,0.033568565,3.9680567,0.037039395,0.00048243755,0.07221511,0.02232597,0.038814206,1.231723,0.9032501,1.3464199,1.0509566,1.076009,0.038203083,0.022576308,0.31139606,1.763523,0.13131823,2.5580528,0.13708775,0.20640533,0.020176066,0.57315,0.37751362,0.8844971,0.46655834,0.5447716,0.5767741,2.6607697,0.09381721,1.5045528,0.012016717,0.42852825,0.538236,0.2121945,0.035450652,0.5113795,1.2126359,0.12532625,1.7444317,1.2983757,1.2538127,0.73823303,0.42975157,0.11855181,1.2551317,0.03979038,0.7475274,0.6520191,0.08835091,0.19222204,0.44652233,0.36677948,0.24168238,0.4882849,1.7233871,0.2346753,0.5585398,0.6094204,0.5078207,1.0459975,0.5038377,0.15126948,0.28527695,1.57741,0.53348374,2.050397,0.67191094,0.58438617,0.71687376,0.8424568,0.4990942,2.020651,0.62485796,0.28838453,0.18063761,0.16048911,1.2319345,0.6095131,0.40080884,0.5609495,1.4272081,0.37280598,2.2581117,1.237289,0.071610935,0.0,0.44586945,0.34945858,1.7536745,1.2846127,0.82632685,0.12826559,0.29116663,1.7887945,1.7301995,0.84526575,0.12819305,1.683632,0.8238502,0.46860442,0.71226346,0.41572374,0.09425481,1.8666786,0.032346446,0.0,0.4895327,1.5167462,0.5411449,0.8689607,0.22111651,0.0,0.04936264,0.64285314,1.0628124,0.95335186,0.02471702,0.64074993,0.8997671,1.0369055,4.750973,1.2620534,0.22047447,2.432237,1.4773362,0.12987976,1.5372975,0.05889907,0.6283255,0.80938643,1.1387818,0.06897521,1.0209445,0.72840536,0.752892,1.5444913,1.4482157,0.20235653,0.0972505,0.17202619,0.48807338,0.07925887,0.35618377,0.41746816,0.080846354,1.1047561,0.49755338,2.3961446,0.36488444,0.46316135,1.2494413,0.903973,1.2853141,0.0,0.26416737,0.46009296,1.1836811,2.4626222,0.52758646,0.5666216,0.41527906,0.26735762,0.35671046,0.42801553,0.6607629,0.30750796,0.5979239,0.24993162,0.38201973,0.22042811,1.2514454,0.20807102,0.32591933,0.22959436,1.9820105,0.7807823,0.28432417,0.700378,2.0188131,1.259375,0.8450986,0.46620643,0.052180994,0.09038923,0.2728829,1.2603848,0.0,0.6353331,0.0110920835,0.028016066,0.0063877613,0.24265055,0.022419922,0.22707379,0.18443388,0.22086018,0.09108839,0.5947708,3.4465785,1.4004018,0.17072088,0.25507194,2.2382183,0.36384624,0.09863249,0.3321869,1.3886211,1.2115375,0.22318545,all_pothole_images\pothole_images_enhanced_955a94fba3200ffc1841f55777b4145c.jpg
1.5683092,0.5060972,0.021447804,3.7713323,2.74625,0.21795298,0.82217544,0.52667063,0.14590392,1.2500371,0.760725,0.7853389,0.2846185,2.2808626,0.02705153,0.050099466,0.39879832,1.3092997,2.377259,0.12378699,0.7909667,0.7962255,0.65307313,0.42994058,1.6183336,0.13597275,0.6092427,1.8511018,0.119857185,0.14932434,0.333981,0.22530997,0.054962087,0.25324446,0.8357659,3.0877056,0.74305785,0.3530403,1.2529782,0.23390977,0.111159354,0.34661222,0.14792426,0.9702156,0.25442728,0.33066928,0.7466608,0.28711978,0.59855986,1.1795865,0.8356298,0.72037,0.3263105,0.29312024,0.6932852,1.2527615,2.4985282,1.1343445,0.4086762,0.33484995,0.4892355,0.31896544,0.2394861,0.84097064,1.6558366,1.3321215,0.8252892,0.007950814,0.44855183,0.63728154,0.2730545,0.055396836,0.9447457,1.1859248,0.63572186,0.18746842,0.421856,0.6767571,0.77885056,0.93835014,0.0,0.6702952,0.071132205,2.3441536,0.051227257,0.5505417,0.3936704,0.45275298,0.28615713,0.24540783,0.1199566,0.010610271,1.302138,0.33240083,0.011134853,0.02551901,0.16706717,0.7759754,0.0797562,0.9342533,1.9007723,2.500464,0.40285033,0.0034508875,0.51447076,0.13834758,0.19856033,0.5525653,0.44607684,0.2319242,0.14106336,1.0825064,1.5313344,0.2161488,1.2255063,0.6370782,0.09999435,0.59798604,2.2876973,0.96070266,2.365074,0.31543976,1.2311827,0.7506829,1.2849565,1.7997178,1.5267539,1.2765149,0.23091322,1.8954842,0.450552,0.29378203,0.519918,0.22556044,1.5271243,1.0542163,1.3376169,0.63135946,0.19372295,0.10390868,1.308629,0.40367585,0.5048457,0.74254507,0.46620622,1.9734708,0.4213502,0.64882857,0.12684034,0.033497166,0.674206,1.3245264,0.6506817,0.43094596,1.841903,1.6703659,1.2190665,1.30258,0.68880004,1.5044094,0.71289223,1.0898889,0.7240794,1.2797629,1.3465875,1.9177946,1.1272267,0.3341113,0.7886519,3.4958663,0.4107225,0.06081305,0.38667354,1.8592392,0.1953467,0.22717561,0.53612834,0.030390384,0.32698962,0.019442426,0.12370882,2.1576548,0.20724526,0.855042,1.0629046,0.83470666,0.18548977,0.5654818,0.55586255,0.91968954,0.55578786,0.2325309,0.16890061,0.17249191,1.7161053,1.1900132,1.3696167,0.16516745,0.72732574,3.1585531,1.1272193,0.5826767,0.41919485,0.08098528,0.12455671,0.1669176,0.3049936,1.0437964,1.2003553,1.2454269,0.14384797,0.16137685,1.4083236,1.0271358,3.4548974,2.0220115,0.099355325,0.75401866,1.1135473,0.3403634,1.4910328,0.3652264,1.0683844,0.54597145,0.03057457,0.5380681,1.3981279,0.43762615,3.1745698,0.2987548,0.18443242,0.13939606,1.7835718,0.11857927,1.5727799,0.0853521,1.5879216,0.36936444,0.910742,0.32176098,0.27337995,0.37199214,1.0274744,0.6733167,0.5341453,0.015972285,0.6281119,0.46013048,0.21587218,6.55137,0.19294186,0.4842893,0.08171866,0.67838234,0.17568411,0.16922271,0.5831,2.0748804,1.4439025,3.4647715,1.946714,0.89425033,1.6492596,0.17833576,0.10915062,0.20077705,3.259642,0.12662013,3.9578881,0.036377586,1.1553726,0.8585297,1.5415883,0.07649185,0.12858118,1.8196297,0.20422035,0.57650256,0.75705034,1.6698927,2.073388,0.4305312,2.517195,0.17788902,0.01312759,2.4633617,1.1207839,0.5836846,1.3894348,1.3783296,0.0,0.086830996,0.08931208,1.2579912,0.50568,2.308442,0.42335752,0.3366691,0.16501993,2.8460348,2.2804437,0.030270085,0.25155336,0.13244998,5.326145,0.15759881,2.2002246,0.64313036,0.59471637,0.40745303,1.1967257,0.31683046,1.4740244,0.41136682,2.7009826,0.12667865,0.17815897,1.7267421,4.6609344,0.51016307,0.14766985,0.037427165,0.6185722,2.7080426,0.3388633,1.297189,0.13908096,0.20818636,0.8212513,0.059899297,1.1940353,0.99534863,1.5366206,0.9978413,0.060255304,0.22598262,2.6356866,0.117017426,0.800651,1.1195033,0.38217875,0.060741257,2.3111022,1.5062573,0.3390787,1.955764,0.03451736,0.63169664,1.3926184,0.11207426,0.25556156,0.040450852,0.0259303,2.1328638,0.5055879,0.04990236,0.6230002,2.6646748,2.2459447,1.7904329,0.013470214,3.0650923,1.7678584,0.8777925,0.3099285,0.0,1.2973406,0.8218651,0.0009841319,0.45111147,2.6487095,0.38008195,0.63607407,0.114120014,0.018941361,0.36974055,1.1266396,0.01736361,2.19771,0.2906475,1.3095827,0.43167037,0.40656412,0.8385821,2.0836153,1.001295,2.0538812,0.3531171,0.36569583,1.0261424,1.8907994,0.87343675,0.43008134,0.3579743,0.61683446,0.5993762,0.64999807,0.28183305,0.883354,1.0892404,0.7511905,1.1222621,0.7996165,0.93820536,0.87057865,0.20913497,2.4351108,0.9386533,1.0079066,0.077099584,1.3750088,0.09078846,0.14317448,0.498013,0.40389997,0.26558822,0.03849492,0.7074054,2.1487343,0.0065751364,2.2197256,1.3599254,0.14255984,0.12241929,0.7649788,1.8889177,1.0572002,0.85279274,0.70095927,1.2505723,1.0954409,0.8623369,1.3856394,1.2566496,1.7715279,1.6127656,0.24818693,0.2686372,0.05347926,0.6623741,0.531994,0.86767465,0.028319847,0.23067707,0.23743193,0.14346242,1.0683967,0.7589384,0.537782,1.5629925,4.045073,0.74935025,1.1081117,0.0,0.9762361,0.8210002,0.29210722,0.32387027,0.6344551,1.0772462,4.2271285,0.04589789,2.170934,0.14092286,0.95510066,0.06442782,0.8995884,0.29294032,0.78133833,2.0005288,0.9960626,1.2837846,4.4414865e-05,2.221352,1.7648221,0.34700876,0.87708485,0.73877966,0.4487007,0.1154539,0.012262381,2.0628874,1.4486059,1.0403961,0.5174316,0.42171434,0.29992917,0.0,1.8940161,0.31872028,0.5616456,1.4173518,0.8748997,0.07485386,0.7324653,0.66446185,0.2329211,1.0484853,0.5395015,0.683836,2.014623,4.197478,0.7291697,0.42181593,0.34547743,1.0071297,1.2725927,1.0957779,0.008386268,0.51799864,0.03796782,0.18883815,all_pothole_images\pothole_images_enhanced_95759208e85eb8097e668b24a5f67451.jpg
1.3763216,1.5439836,0.871193,0.53925574,0.4932619,1.5170234,1.4212011,0.2875443,1.2661963,0.15799429,0.17782639,0.9933309,1.0039644,1.0867097,0.55126554,0.08803102,0.27956098,0.050841823,0.24326935,0.03702868,0.32124785,1.5200963,0.53822005,0.3425439,1.4942416,0.70493853,1.4217339,1.2556359,0.43932304,0.51686007,0.3123979,0.63733476,2.2162988,0.13222049,0.2742138,0.3474014,1.1086689,0.7318538,0.7976995,1.234712,0.15387274,0.6430499,0.2549046,0.34651214,1.0199215,0.2711413,0.39866084,0.14953233,0.9103884,0.55480725,0.461467,0.3069519,0.39539653,0.30190548,0.05687064,0.26011887,1.157253,0.0,0.53786415,0.17000932,0.57436126,0.041051984,2.0069387,0.98393035,0.12386275,1.0772725,0.32034716,0.13691056,0.586836,0.053785883,0.07796511,1.5826672,0.04978647,0.8562299,0.01991485,1.362055,0.782374,0.31830856,0.01241698,0.488692,1.0736072,0.027999178,0.37368104,0.92404866,0.8061517,0.21316782,0.66297984,0.22965994,1.802115,0.9538267,0.48762715,0.08177473,0.5714402,1.3123546,0.319171,0.10801243,0.65890837,0.31299904,1.5070608,0.47011238,0.32209483,1.1707982,0.00040691483,0.34563267,0.12578502,0.1379942,0.42716038,1.5499786,0.84198105,0.8287997,0.5290439,2.4737272,0.9028421,0.119440146,0.77708167,2.19014,1.6309654,0.438945,0.09266542,1.2651497,1.0683353,0.025823468,2.9535573,0.6402118,0.102713026,0.7469422,0.22586693,0.7933113,1.3915006,0.14739056,0.81777316,0.9811117,0.282317,1.3161235,0.27763325,0.46180102,0.73699975,1.2180064,2.144627,0.26782823,1.476298,0.1986676,0.0,1.6516091,2.4564676,1.0977116,0.45598245,0.3574157,0.024319354,0.7707652,0.23228419,0.70044893,0.26658013,0.4786405,0.36562258,0.6636402,0.11071127,0.61784756,0.883814,0.87099177,0.43682382,0.68826574,0.16697706,0.7891881,0.46853054,0.27303258,0.66102505,3.098104,0.5364569,0.14650239,0.98006797,0.6099938,0.7397398,0.67678046,0.524024,0.06467985,2.969501,0.5260686,0.067905165,1.6290357,0.03877717,2.3627663,2.8390813,0.17716746,2.8012202,0.23999387,1.2316438,0.80817574,0.25827554,0.43790334,1.4574007,0.04355218,0.56575686,2.6576943,0.5184665,0.66495,0.28945524,0.15824261,0.60771483,0.2305113,1.0037718,0.5065134,1.3327918,1.0390762,0.5522115,0.73336184,0.4955279,0.84844947,0.41808072,0.0,0.9754752,1.2921393,1.6860347,1.7540497,0.52689666,0.3178095,0.38152874,0.121693015,1.281583,0.22299609,1.3145683,0.08028113,0.38942593,0.2857437,0.1759777,1.0117122,0.52127874,0.21663636,1.1286048,0.3912791,0.9433315,2.4372954,0.016000293,0.76372296,0.46797097,0.75181276,1.7188225,0.93563104,0.6804625,0.4124053,1.0363321,0.06964358,0.23154852,0.06650036,0.44196224,0.1119267,0.24944451,0.16159289,0.7324309,2.6296644,2.0890043,0.20730433,0.4945502,0.30362076,0.23020409,0.8559897,1.5207021,0.02563585,0.68995553,1.8234121,0.34517127,2.695694,0.31935963,0.41433278,0.16976614,0.79456997,0.057823937,0.26985776,0.6608798,2.529372,0.8111189,1.1126094,0.00078323175,0.64328736,0.4462685,1.6384695,0.6270815,0.6553942,2.9330778,0.5152888,0.16016372,0.17158039,0.093454145,0.80799735,0.4642234,0.066518314,0.56334305,1.3758521,0.24147804,0.25435457,0.70037115,0.36545613,0.29125792,0.5609795,0.35485294,1.0736752,0.52269036,0.55288893,0.8217169,0.44243786,0.1141764,0.96883315,0.22289996,1.041768,4.646032,0.28872076,0.46840137,0.87470454,0.2346181,0.09446732,0.45282838,0.14807625,2.5202138,0.9715703,0.12454669,0.16652444,0.49997106,0.8692893,0.8178829,1.6422151,0.1201448,0.3575536,0.8400508,0.39983794,0.10136751,0.2490169,2.0773256,2.6083047,0.87345564,1.4629918,4.91828,0.49629593,0.005585178,1.1652832,0.4879172,0.25868732,2.499452,0.58413523,0.53956634,0.28528067,0.37364605,0.4263649,1.6817994,0.24618757,0.31410083,0.081698135,0.5900833,0.7992745,1.1057326,1.3556103,0.54208577,0.5175945,0.44738573,0.5741088,1.6420275,0.13979368,1.7869496,0.1796599,0.19225404,0.27805328,0.13420655,0.009589434,0.308112,0.1074992,0.0,0.39015904,1.3875661,1.9232768,0.07667731,0.12306438,1.7120476,0.0481734,0.66463315,0.5108191,0.7955442,0.25282148,0.49286965,0.8405567,0.27892873,1.4996785,0.16209564,0.33590594,0.21843643,1.1368088,3.080464,0.700127,3.462855,0.2542176,0.39977536,1.0975506,2.7616227,0.18983269,0.076549254,0.3181457,0.45402202,1.3402371,0.3065106,0.73432773,0.009770426,0.178334,3.4466536,0.30781785,0.007989388,0.5231598,0.048776492,0.14437196,1.2675191,0.15950212,0.6563842,0.2787046,0.45071706,0.504844,0.624154,1.6687317,0.5535933,0.5966088,0.50906605,0.8477989,0.21026187,0.0574569,1.3620758,0.11366095,0.9495027,0.5876494,1.8699033,0.5270209,0.6562436,2.5197537,0.99481183,0.040638328,0.3316357,1.4981157,0.1569247,0.14070772,0.1977381,2.7281437,2.0424716,0.3672952,0.045733824,0.54934424,1.1087126,0.37487087,0.099179715,0.4443866,0.9052025,1.1839442,0.9468351,0.69383776,2.2518814,0.055738352,0.5639782,0.8200696,0.08513318,0.57828796,0.40842754,0.52889025,1.5193967,0.9919832,0.9604979,1.003446,1.3640468,1.1656756,0.72052974,0.80402935,0.55037385,0.5416689,0.29918224,0.024482714,1.7686263,1.1987866,0.8542164,0.15149546,1.2140388,0.14073262,0.11283029,0.11180738,0.754079,0.835445,0.27901104,0.9999404,0.14413534,2.6679578,0.07762691,0.439388,0.010102435,0.26293352,0.982459,0.5816969,0.10284523,0.73088664,0.08699223,1.5075918,0.12331848,0.16951945,0.34562123,0.34192008,0.1661725,0.042849883,0.19416994,0.15724213,1.0629252,1.9209071,0.23552662,0.25664875,0.4764517,0.5417176,0.72255594,0.71580815,0.39387733,1.4746411,1.1711617,1.0676167,all_pothole_images\pothole_images_enhanced_95a6af95361db5e0a807cb18d2f183e4.jpg
0.1366076,0.40657935,0.16725364,0.5888342,0.25176278,0.397368,0.29166582,0.14110322,0.06633027,0.107162,0.20224445,0.2036946,0.014413126,1.772868,0.07979259,0.07492605,0.15305947,0.029467773,1.2461451,0.030741971,0.3393292,2.446317,0.14474651,0.24228822,0.9974631,0.68520343,0.10304618,1.2417448,0.13990532,0.03070012,0.58140665,0.47277465,0.19713421,0.1198693,0.30752218,0.9064525,0.24867123,1.0626602,0.41902554,0.82432055,0.00019454592,0.0,0.07046662,1.215315,0.14962287,0.0074304086,0.0,0.58631575,0.39392728,0.20004424,0.7382156,0.2007892,0.051297415,0.16719075,0.030255115,0.714235,1.5735068,0.21062677,0.4726316,0.30712318,0.06816143,0.32543945,0.2662282,0.003851228,0.1671813,2.4660532,0.5192155,0.13560951,1.3737825,0.043164086,0.14284703,0.34980968,0.08361063,0.048215866,0.13584714,0.30728853,0.083627485,0.38757408,0.035314865,0.3189604,0.04397581,0.10083304,0.11770427,3.082474,0.13543528,0.09444978,0.6251628,0.061121456,2.0145283,0.18037105,0.2072881,0.23340403,0.0,0.060049806,0.019634774,0.0,0.29211253,0.25218147,0.64310014,0.06778515,0.0,1.6301368,0.37299448,0.105670646,0.20743576,0.3524222,0.53830487,0.28916627,0.016965792,0.46594828,0.0,0.92339414,0.024535421,0.2594367,0.11728733,0.118820965,1.6225723,0.03295338,0.78892237,0.7018693,1.4016618,0.065960206,0.25440267,0.026572986,0.6408611,0.9668977,0.033930965,0.038816657,0.41174468,0.6165644,0.16580302,0.025707263,0.2382155,0.059615836,0.11617073,0.45742524,0.050674517,0.6604107,0.77740175,0.5639272,0.031717096,0.24735625,0.08961817,0.7048261,0.059043746,0.21495745,0.40143412,0.4890244,0.2692448,0.110561475,0.21661174,0.1834424,0.07572749,0.0012717413,1.2205285,0.2569116,0.3817,0.15665624,0.09091937,0.050054822,0.5086408,0.59110004,0.113607444,1.50465,0.05940226,0.112909,0.07293793,0.25005567,0.4783374,0.6574461,0.101514004,0.0,0.0,0.09656468,0.6400951,0.08822527,0.060915954,0.024940697,0.0,0.12987143,0.0,3.4143739,1.2162933,0.6060891,0.75644493,0.18112472,0.345075,0.04401269,0.5741216,0.13436319,0.09673056,0.22059101,0.031867046,0.14547215,0.15424474,0.018726408,0.42397577,0.3885694,0.55028343,0.18839552,0.289431,0.13204269,0.049210344,1.050778,0.7940567,0.041916866,0.14994687,0.124629915,0.19540599,0.0,0.23110957,0.0,0.9004398,0.15841061,0.42940906,0.075627245,0.47223085,0.27945155,0.4490563,0.078173645,0.6680748,0.28999075,0.3881494,0.5994934,0.14871056,0.076732434,1.2696316,0.055568635,0.52015233,0.13696657,0.0,0.10947387,0.32787797,0.046048146,0.18467674,0.052018248,1.2321427,0.10979841,0.14522412,0.5903628,0.2155914,0.10504974,0.009753932,0.021438126,0.20361045,0.0,0.40955842,0.44347444,0.0947775,4.473945,3.0737104,0.032965537,0.18338458,0.0,0.008923182,0.21467742,0.31665927,0.19708462,0.20762096,1.4863307,0.076999076,0.1335845,0.3163007,0.37692007,0.39355353,0.28589272,1.4515287,0.097643085,0.38580838,0.15924825,0.14059328,0.09337696,0.4050353,0.6985929,0.7365106,0.37715453,0.0796394,0.14348446,0.33435693,0.15748584,1.4715915,0.28148112,0.5721613,0.020130252,0.15854576,0.19905593,0.4056768,0.5288546,0.5484047,0.048842587,0.0005811599,0.23891991,0.052425098,0.01919175,0.2588236,0.4867849,0.112113774,1.8663906,0.10591213,0.46682402,0.38476956,0.8656187,0.0,0.66443384,4.9159384,0.2185008,0.00074949005,0.2600386,0.21023041,0.31435922,0.9772844,0.04039958,2.1462333,0.7906935,0.022285942,0.2871079,0.20264587,0.9610362,1.6558661,0.17959991,0.07887768,0.0,0.2080321,0.24804293,0.38443252,0.21735157,1.3861971,0.12299671,0.45481065,0.33328083,2.027337,1.0958934,0.035896365,0.16117674,0.11374869,0.7228776,1.010202,0.11733227,0.020508694,0.17119735,0.056272704,0.11547998,1.2077006,0.007515091,0.2525176,0.4069668,0.006445145,0.2653238,0.35106087,0.62545323,0.4163025,0.05553334,0.5836946,0.8521815,0.037607726,0.3162709,0.57228625,1.1216956,0.178777,1.0079724,0.048518598,0.004083044,0.0,0.09615507,0.0,0.005169362,2.0408602,0.26510745,0.13562132,0.036816556,2.3659122,0.0,0.30532736,0.031385407,0.0017508408,0.022397164,0.0,0.026298517,0.15850574,0.20791492,0.39731896,0.0,0.23658016,0.1591825,3.5913677,0.7645916,0.77833915,0.0,0.24926373,1.2040753,0.57372576,0.6903646,0.0,0.06537948,0.009631254,0.0013561683,0.36015052,0.10144709,0.0,0.12242514,4.7354207,0.59682554,0.5173828,0.090517156,0.5439952,0.0,0.21527754,1.2163916,0.08728396,0.11467806,0.33722025,0.08239613,0.028310897,0.70426494,0.0005775403,0.058666375,0.0,0.15035026,0.037679225,0.0033020258,1.7405826,0.031879965,0.6732806,2.0117486,0.82336617,0.13425738,0.29032472,0.5353288,0.008775973,0.5332204,0.80091083,0.012030225,0.043605983,0.15570617,0.20994177,3.1874962,0.6981285,0.17131966,0.0122288,0.05120135,0.47707984,0.109957986,0.011777653,0.3887455,1.0343181,0.015779192,1.4331219,0.41564515,0.20646757,0.36685407,0.69237137,0.23640782,0.9013065,0.82208914,0.23724867,0.84366614,0.60005444,0.43363702,0.29491127,0.6944565,0.22764124,0.07799087,0.73028636,0.0,0.32019475,0.043735284,0.20058659,0.45289946,0.047629647,0.11012984,0.79661024,0.2709549,0.5251228,0.16516171,0.3335108,0.02508921,0.2957553,0.7125491,0.29911995,0.28050655,0.052544817,2.058652,0.47466105,0.0723131,0.08515257,0.3474694,0.029920494,0.09880954,0.6495929,0.2928256,1.4138834,1.4131237,0.012750947,0.2389456,0.0,0.27642655,0.15562432,0.15048267,0.12513219,0.008358482,0.30249172,4.232571,0.09952693,0.084276274,0.036986295,0.20566459,0.5006809,0.009276298,0.6696132,0.035356894,0.6479944,0.5302438,all_pothole_images\pothole_images_enhanced_9605cc2f4e12d5bf2b68d40a0100a8d2.jpg
0.50529337,1.3168627,0.49213633,3.059081,1.4694629,0.06361161,1.2512482,0.0130640445,0.34893775,0.46384126,2.289104,1.0687118,1.9403443,2.872393,0.42357308,1.7448726,0.07254874,2.2351398,1.2752773,1.2964717,0.23177576,0.37724623,0.67808735,0.5181756,1.3010478,0.35885257,0.16069984,1.4329245,1.073385,0.5064099,0.31333533,1.3543738,0.34534174,0.64085525,0.030280735,0.82185555,0.3034641,1.1044729,0.5271023,0.6118678,0.011283847,0.1629322,0.8147625,1.7773474,0.7930179,0.49845,0.865975,0.02299198,0.92834175,0.20959485,1.0253861,0.49416864,0.57108396,0.81626797,0.4689783,2.3791337,1.5481029,0.82051253,1.7981592,0.5240731,0.92951417,0.8574631,1.7631421,0.71659267,0.5783069,1.2671397,1.0558807,1.8889107,0.069425516,2.2702014,0.5848724,0.01577917,0.34431884,0.79930687,0.5364764,0.50038385,0.7958944,0.4791565,0.12022493,0.7878655,0.006640985,0.06644939,0.3746491,1.3479525,0.41938353,1.331714,0.8727402,0.0048016934,2.4327774,0.3748367,0.07444844,0.8669701,0.1270062,1.5077944,0.64971614,0.7417943,0.8385479,1.5621825,0.30403066,1.0508337,0.4595973,1.252476,1.3713701,0.442399,1.5952522,0.09758593,1.5073589,0.6885532,0.43749854,1.0704398,2.126872,2.088689,0.09836086,0.51739895,0.98074585,0.96226454,0.61671597,1.5973442,1.1691854,1.5293905,1.5090655,0.1653646,0.44849136,0.8764756,2.4286513,2.1014893,0.7388122,0.45230564,0.56535673,0.3013817,1.1722362,0.20834841,1.6092983,0.35669217,0.23687942,0.81127787,1.1345898,0.835792,0.29464,0.15552568,1.5606544,0.28258005,0.7008437,0.39652276,0.68536097,1.1274976,0.0046710595,1.0499934,0.46096292,1.2009958,1.6920203,1.8879926,1.2075398,0.9513729,0.7724094,0.34483412,0.46596864,1.734671,0.72335416,0.205548,1.8919624,2.001456,0.009162165,2.001221,0.47380477,0.24490353,0.46489578,1.4450291,0.9918653,1.5044035,0.71454555,0.5476338,0.11741337,1.5901704,0.6174255,0.39599773,0.2773846,0.47039086,0.40531674,0.2724464,0.36525497,2.2489169,2.9687738,1.0435078,0.680441,0.37570018,0.6840665,0.5847994,1.2133285,2.351813,0.8866786,0.0951105,0.12916262,1.1518954,0.077896975,0.12453611,2.5357008,0.4427755,0.20475523,0.1967238,1.2378073,3.0155106,1.2407606,0.2578676,0.5239247,0.163261,0.95019567,1.3245093,0.7822963,0.8999541,0.052783538,0.3559571,1.0535319,0.22192869,4.0165544,2.2430048,1.7804384,2.0126235,2.259732,0.25424314,1.0694807,0.38428542,0.5883424,0.58206314,0.23920906,0.6076102,1.2788327,3.6262436,0.60590506,0.4648386,0.3012006,0.9250164,1.1232642,0.25667387,0.30422726,0.051400647,1.0145646,0.8767846,0.052717462,0.8859365,1.7321556,0.027340313,0.7354612,0.3748513,0.045924492,0.0122795785,0.44033182,0.12541245,2.32806,4.6364956,2.799262,0.23673569,0.3492326,0.04647007,0.31265116,1.5578142,0.5783957,1.1319915,0.82602817,2.0415542,0.98592937,0.513115,0.53917074,0.652501,0.20218493,1.7303604,2.0858037,0.639658,0.88718927,0.0,0.07245348,0.29183128,1.1651695,0.26409784,1.832005,1.7349601,0.020785952,0.8449283,1.4267645,1.9764559,1.342087,0.9367475,0.8061911,0.84436566,1.734637,0.367577,0.6973324,0.54722565,2.01262,1.7201544,0.5200317,0.82588285,2.0875423,0.7951638,1.0885793,0.4523758,0.49689063,1.2025635,0.33672643,1.497107,0.8003535,0.70402277,1.5413055,0.92304265,4.0959973,0.20521608,0.5987707,0.49201888,0.7573762,1.1943241,3.1599069,2.3585963,3.5729108,0.7957678,1.6715323,1.5053265,0.987201,1.2999724,4.407658,0.22379746,0.35128927,1.2065741,0.60217667,0.8164198,1.1130809,0.63252133,1.1175085,0.057328917,0.19464526,0.40749052,1.22805,0.45577204,1.8739707,1.3163972,0.4769516,0.14528084,2.670559,1.3184159,0.74209595,0.5234618,0.21163711,0.6662837,0.3231299,1.2957425,0.23017205,0.039057657,0.97715235,0.4891446,0.015023495,0.98090166,1.8671454,0.734796,1.8741436,0.17085825,0.059987247,0.3516481,0.2509298,2.231934,0.47742656,0.98026085,0.8787614,1.0621152,0.87198013,0.74230146,0.033297293,0.11477884,1.9052243,0.65953517,2.274797,0.95904386,1.772924,0.7077488,1.057141,1.7840607,0.96130025,1.1171875,0.1347281,1.0363306,0.75594217,0.69013685,1.060825,0.050621144,0.60881144,0.15882714,2.0645714,1.0830655,2.016898,0.03828173,0.4363067,1.4131376,0.07704418,0.8787393,1.4635885,0.10312884,0.2604473,0.21681096,0.69851226,0.36212304,1.6303092,0.058588017,0.65627575,0.6977966,1.3574915,1.3472084,0.94408804,0.27656275,0.27748618,0.87206936,0.065432765,0.20427999,2.2683697,1.3034313,0.7301187,0.1583957,0.72859645,0.77747655,0.8191623,0.33837655,0.6488571,0.0046946234,0.27137163,1.3462675,0.55591476,2.318993,2.2894552,0.20633972,0.90339124,0.072432116,0.7730929,0.51239604,1.015368,1.047912,1.0022393,0.6997587,0.13653013,2.593406,0.85920495,0.17554092,0.291164,0.2305625,1.5523648,1.4050385,0.048239827,0.6325442,0.12994862,0.30159304,0.5764054,1.7404076,0.21934894,0.38021296,2.541015,0.52186096,0.6109697,0.8300826,1.8025845,1.7416302,1.2613628,0.111307174,0.61546475,2.5589612,1.4519037,0.03638907,1.6140398,0.32605723,1.2030134,0.69638115,0.28189105,0.06119337,2.4778736,2.6752627,0.49889138,0.79129255,0.42348778,0.5476808,0.2643988,2.1894612,0.61271924,1.400043,0.53442687,0.19587561,1.3880341,1.9335139,1.242184,1.5887766,0.009646223,1.6425451,1.7383678,0.9912168,1.2358576,1.4857081,0.7862354,1.2281537,0.26617795,1.4616182,1.1755615,0.6547948,0.06796921,0.0721786,0.7504506,0.150429,1.4786862,4.106185,0.2162286,0.92750096,1.4784877,0.275265,0.59525627,0.9327836,0.27946,0.6650403,0.24175487,0.55341476,all_pothole_images\pothole_images_enhanced_96278e3ed25e75270ebb9b65cf058401.jpg
0.25799102,0.5959869,0.5693476,0.94473714,1.0834067,0.07864307,1.2898504,0.029450951,0.0101990225,1.5648305,0.74540967,0.6961541,1.0632001,1.1373707,0.7068095,0.35452154,0.8110797,0.7168143,0.5234401,0.26424438,2.060623,0.09548173,0.6600085,2.180946,2.1680868,0.20181535,0.19942825,0.9408465,0.40842336,0.44774848,0.5557701,0.03683748,0.3170345,1.2003535,0.66883403,1.0312054,0.23620676,1.417091,0.766008,0.30637905,0.1531076,1.7757866,0.8992084,1.4607699,0.3551852,0.32880268,0.2848851,0.23976956,0.10043913,0.26131177,0.4211342,0.5615304,0.58491606,0.024929304,0.19332205,1.2142999,0.81222624,0.5500726,0.4758792,0.36155936,0.946739,1.9575108,0.01994537,0.535274,0.22489007,0.7731789,0.6662054,0.4332966,0.0895716,0.5550412,0.41713262,0.032701984,0.93069345,0.40814236,0.29753327,0.0,0.07560345,0.21960177,0.10804628,0.026112143,0.0956018,1.1401181,0.27351487,1.204012,0.34817824,0.22081754,0.02717286,0.5580605,0.80345637,0.17943066,0.6113658,0.2338532,0.23662403,0.026071902,0.14819402,0.010646854,2.3994555,2.380661,0.0053798724,0.20804502,0.6191001,0.8435192,0.49379462,0.69505876,2.3755856,1.229986,0.6358075,0.8814832,0.45095193,0.973227,0.2073653,0.07637807,0.5411714,1.5344999,0.8629047,0.7349417,0.23233004,0.18542044,0.9689151,1.2146235,1.5980161,0.24686544,0.45550138,2.3252687,2.557412,0.68084514,0.029393407,0.20182231,1.5279553,0.11331909,0.8129534,0.32552776,0.043337345,0.21805474,0.55731994,0.21600594,0.5785169,0.6338746,0.116630405,0.0100134015,1.1876719,0.36959255,1.0278363,0.6041239,0.23530103,0.759994,1.1771102,2.6316338,0.0060358313,0.15970989,0.33154833,0.692498,0.046837892,0.04918628,1.2428676,0.6883541,0.22238432,0.28446284,0.58153194,0.5606512,2.1697237,1.2829455,0.37448704,1.3199979,1.1818471,0.14198592,0.2711401,0.052823786,0.3897316,3.1898305,0.8696297,0.18387344,0.011520526,1.1060822,0.032374315,0.564987,0.37319487,0.08231525,0.16970775,0.28023395,0.8310408,1.8123714,0.18065289,3.44669,0.24186713,1.1628717,0.69769233,1.0718694,0.8746422,0.2982843,0.30495024,0.79461855,0.9118246,0.12141002,0.92001927,0.5714214,2.5184078,0.48365518,1.4628514,0.25067964,0.09649995,1.2620263,0.17387645,0.23395154,1.4084201,0.62254703,0.634021,0.107160516,0.88004774,1.3852991,0.0013927186,0.3545778,0.2586071,0.5022765,2.6031284,1.1407756,0.67235494,0.42945504,1.2843308,0.0,1.3351549,0.3314143,0.1488031,0.82911146,0.0,0.10425739,0.8577393,0.80252385,1.3287295,0.88979197,0.35278022,0.2008695,1.5565524,0.9292688,1.2097186,0.036285058,0.9746595,0.14506035,0.5914008,0.47059587,0.18676975,0.03997678,0.28327534,1.4146227,0.4036301,0.31923288,1.8307134,0.4902952,1.132956,3.4351757,0.0795715,0.06762151,0.0007803106,0.4233415,0.7493691,0.15661125,0.254305,1.2251737,0.38394663,3.6241722,0.5383292,0.94179595,0.5944131,0.17531246,1.741445,0.23095025,1.3960353,0.27187172,6.674034,0.18378963,0.8418949,0.09381062,1.6521049,1.2876003,0.17437313,2.0829897,0.0,0.33509025,0.81186724,0.45641303,0.6239373,0.7460269,1.6325628,0.0003885341,0.032313567,0.111379154,0.8599383,0.24563982,0.6044026,0.06515356,0.7003921,0.6200657,1.4468478,0.30986768,0.97753483,0.094843924,0.49124846,0.32606372,0.23779266,2.3169107,1.814606,2.6863365,0.036258727,0.022584124,4.4950294,0.21274531,0.52809846,0.027487932,0.08174931,0.69673383,0.82710886,1.6801399,1.5518214,0.74246216,0.3527664,1.6808747,0.00030452554,2.2294953,2.2773757,0.065194644,1.4437898,0.23989463,1.0018412,0.16688521,0.0,0.5652588,1.0188586,0.038809527,0.18672417,0.14496681,0.6324737,0.40183577,0.07574755,0.60808694,0.62934756,1.1275675,2.9221385,0.5643256,1.1360117,0.22406752,0.18116024,0.14719193,1.4136004,1.2549199,0.21828984,0.0,0.7837429,0.08368667,0.1671748,0.19511592,0.040166456,0.8245425,0.17430636,0.50035477,0.9276291,0.14957625,0.51035494,0.6142151,0.7831686,1.026218,1.8316525,0.21316041,0.12292431,0.42932007,0.0045805057,0.25065282,0.3412655,0.2647524,0.5360853,1.1058102,0.47212476,1.7223684,0.3610241,0.6550202,0.56385314,0.8222829,1.8731967,0.18914054,0.8993309,1.3856282,1.7894496,0.0,0.76238996,0.15039062,0.60660446,0.18591823,0.24448511,0.08980961,0.2650349,0.01770125,0.39169255,0.2992525,0.18242387,0.030989213,0.0009793403,0.7253535,1.3031108,1.016897,1.1213117,0.062492874,0.16178848,1.8253597,0.9906578,0.23635896,0.68325734,0.29364723,0.116999686,0.11961551,1.6942241,0.49736446,0.6574909,0.8713842,0.24248317,0.6641704,0.27778813,0.57366073,0.042665344,0.42962888,0.3620604,0.7535782,0.48592407,1.1631794,0.69156873,1.4236863,2.2426703,0.04344725,0.89378995,1.3229662,0.55254626,0.39771238,0.29580376,0.42391312,1.3093517,0.011376746,0.3352328,0.94931597,0.13612059,0.78819007,0.89656997,0.29415444,0.82180536,1.2519084,0.5189055,0.46279317,0.005777011,0.041697666,1.0164832,0.98525876,0.6579926,0.11125419,2.5942743,0.76232964,0.29087332,0.063507244,0.14370489,0.397932,0.8696153,0.009047069,0.12151986,0.9157487,2.310192,0.4006909,1.0599837,0.009492097,0.24292918,0.17224288,0.024323473,0.031209122,0.6988154,1.1580714,0.6971339,0.020290865,0.0,0.7921931,0.79703355,0.43011823,0.47963187,0.66747904,0.08524672,0.89837754,0.7350006,0.20295991,1.3566799,0.95306677,0.024649495,0.37264657,0.5382464,0.041311216,0.23306306,0.06492308,0.50657743,1.410113,0.004172433,0.44660008,0.21589541,0.10135597,0.7188592,0.04168379,0.89541143,0.26287216,1.0152092,3.6384625,0.054052807,0.49496844,0.68957776,2.2691724,1.5100169,1.7223719,0.016300505,0.23703894,0.02723076,0.074301474,all_pothole_images\pothole_images_enhanced_9634fb0643cc93a6882493554101a66a.jpg
1.0950102,2.6335166,0.7128064,0.09898704,0.5261855,0.15885924,0.5346827,0.2862687,0.83397204,0.35969645,0.2527607,0.09270995,0.28761804,1.6769772,1.443003,0.27419633,0.053057775,0.13565524,1.1378764,0.5169121,0.2201597,2.357141,0.10953208,0.7821346,0.17201614,0.40670004,0.5536155,1.5116752,0.4421918,0.14550874,1.1711998,0.0,1.6574707,0.5253148,0.36757308,0.019776728,0.21591921,1.287167,0.0656834,0.5249382,0.5800715,0.18644015,0.017763916,0.6661313,0.4524024,0.37291622,0.71469086,0.28177053,0.6490214,0.68635434,0.49616334,0.077751674,0.47377563,1.0225673,0.07046892,0.43021837,0.42381644,0.0051359264,0.46821073,0.6252309,0.51943284,0.2846571,2.1125016,0.5771373,0.027958537,0.39422548,0.19105084,0.15095995,0.13750385,0.98532903,0.023286726,0.85127676,0.32725593,0.038964927,0.15633392,1.0917027,0.51010215,0.34151065,0.43996996,0.0,0.3608424,1.2268069,0.5378842,0.8914013,0.039530378,0.16470765,0.17744337,1.0512128,2.0981963,0.49264246,0.48416623,0.16631077,0.24691576,0.07003811,0.0,0.20397943,1.8144116,0.3567731,0.66548145,0.74457234,0.06927025,1.0516288,0.42532313,0.5653189,0.01938093,0.82803077,0.44021204,1.284958,0.21417119,0.67807627,0.37754214,0.7433384,0.58869016,0.49737602,0.8692173,1.504501,2.5997236,1.3173043,0.13635133,0.4924122,1.664949,0.40824294,1.087666,0.86398125,0.16853628,0.88764316,0.006870696,0.2756062,0.53253716,0.07971007,0.5702497,0.1741457,0.2766428,0.2034703,0.29807755,0.0814607,0.2884794,0.5219312,1.358054,0.05755943,0.94276184,0.3707899,0.08234274,0.9342463,1.3755536,1.5400286,1.127805,0.6777339,0.18653996,0.988313,0.19163688,0.37937748,0.36420324,0.04426993,0.115825124,0.63434607,0.7936572,0.3819878,0.7520781,1.2917176,0.5780727,0.3090091,0.36737353,2.977819,0.09257085,0.4980522,1.2427083,0.666231,0.6522481,0.10314385,0.5123326,0.17442836,0.23195042,1.299524,1.0023097,0.042474445,2.2948942,0.3379385,0.09013565,0.05129718,0.6024537,1.3673892,1.717927,0.7241555,0.7767995,0.5727801,0.55930704,0.5478961,0.17218116,0.2853555,0.55023783,0.44075662,0.029372545,1.1438814,0.5108864,0.016128587,0.15496966,0.35451362,0.17236958,0.0812941,0.13389738,0.22960824,2.1094432,0.14466287,1.5407997,0.84358954,0.8041945,0.83990717,0.41443712,0.051613968,0.040873293,1.0061673,0.35709652,0.5102037,0.35351652,0.088750094,0.12380692,0.27254483,0.93066776,0.012723172,0.6894567,0.39995554,0.9380516,0.50384474,0.23564982,1.5451268,1.1090739,1.0727254,0.865593,0.5830984,0.18497877,1.3042856,0.20337552,0.42933148,0.16496153,0.33639947,1.1703877,0.6520568,0.9263564,0.35022992,0.6325885,0.06820826,0.9992117,0.121617764,0.3866355,0.09213267,0.43583593,0.014695813,0.15130727,0.65067947,1.5605556,0.0,0.15680052,0.30951655,0.51945174,0.5904715,0.55088294,0.2581142,0.8541443,0.5720965,1.4047914,0.90660465,0.4860699,0.6765706,0.38522714,0.1850153,0.91550934,0.09536303,1.9453857,1.610838,0.1426627,0.017183628,0.0615999,0.13855024,0.88109916,0.8153908,1.3522516,2.0141559,0.6105853,0.808855,0.37723413,1.5362333,1.0980856,0.65480024,0.6458491,0.4183017,0.21816184,1.6485032,0.59394664,0.20462501,0.94013023,0.091590844,1.6085472,0.24946813,0.52434075,0.019925829,0.50788784,1.0865113,0.30017677,0.40533867,0.1720279,0.36124396,0.4034232,0.5706477,4.051251,0.08429727,0.399068,0.28959244,0.07900843,0.34491977,0.030917963,1.9525449,1.9424582,0.5306242,0.20949554,0.24534774,0.32763815,1.4519571,0.21099707,1.4596355,0.4834676,0.5453375,0.9276445,0.44808733,0.9773664,0.13954559,0.6322117,1.1065558,0.4452861,1.0387535,2.6907609,0.58755594,0.4904989,0.8153332,1.01448,0.3111079,0.1664865,0.0854488,1.5242367,0.38748935,0.38459894,0.4371411,0.8100184,0.0102571575,0.5078771,0.1453722,0.22307949,0.13336654,0.47758207,0.8376913,0.47402737,0.53127265,0.48710495,0.11394587,0.6219973,0.019791437,1.529718,0.7023857,0.3333538,0.15144837,0.1255099,0.5168586,0.2552165,0.22568876,0.14378104,0.6942325,1.5687807,1.8680431,0.3991668,0.08325483,1.0483408,0.64716285,1.278514,0.90419877,0.8227718,0.06405033,0.1673542,0.83402306,0.7440422,0.55667716,0.5152402,0.14103416,0.47409663,0.5164756,2.0976064,0.92349803,1.3003811,0.44800574,0.3913183,0.89778215,0.24319324,0.6321826,0.3503287,0.22463086,0.4190803,0.16794898,0.19293222,0.50034416,0.091996476,0.7813423,2.9803724,0.468607,0.43344083,1.2793826,0.11809481,0.06533853,0.29828662,0.058085684,0.6309621,0.36865678,0.45094442,0.8702106,0.80672467,0.6196227,0.28189716,0.416427,0.9925627,1.363506,0.05058921,0.7953382,0.5631372,1.0166525,1.2172139,0.3396829,1.5375983,0.96661484,0.11250624,0.99165636,0.85691303,0.22737128,0.67829907,0.37892672,0.9504654,0.28711584,0.5494341,2.24993,0.5996687,0.8694234,0.047575124,1.2593657,0.6797074,1.1436826,0.083184764,0.32358873,0.80918974,0.796251,1.0199308,0.27155516,0.17677397,0.3473563,0.3822223,0.27084038,0.4371936,0.74534184,0.11199924,0.30135936,2.2404985,0.36903754,0.1941241,0.52354866,0.63447714,0.9852684,0.34487236,1.0736597,0.65293884,0.41430172,0.4601775,0.9254449,1.212507,0.63871384,0.35133004,0.1122881,2.4371085,0.21657588,0.21151394,0.41801658,0.046901613,0.08636247,0.22163717,0.85735834,0.023579938,1.3802761,0.045133658,0.6114717,0.24303319,0.23513,1.48961,0.75530505,0.012387225,0.41209918,0.62479514,0.9487321,0.42175406,0.4681781,0.31278372,0.08435179,0.16094187,0.049181957,0.38506576,0.002812411,0.58940405,1.0193639,0.25286067,1.1715243,0.14560243,1.5720252,0.21296859,0.585525,1.0147259,0.94774073,0.7002721,0.07373743,all_pothole_images\pothole_images_enhanced_964bc7699a3840d0f9ade246f20383db.jpg
0.7169137,2.1872573,1.3494809,1.291549,0.8406242,0.045579884,0.26656333,0.35620624,0.09984506,0.5677264,0.54473305,0.08643602,0.7205111,1.586071,0.11617932,0.059675924,0.06252602,1.3297595,0.42091206,0.5197887,0.9862816,1.3648678,0.55687493,1.9378703,1.4978914,0.49698818,0.16393492,1.2585142,0.016114652,0.74784493,0.43781707,0.18846677,0.40801927,0.2007982,0.34174615,0.56635547,1.3134054,2.0938606,0.35234824,0.9721347,0.023559421,1.2242947,0.24862285,0.2630022,0.5367698,0.84357077,0.51231015,0.017603345,1.25017,0.8094923,0.8347023,1.0961852,0.8162726,1.8499919,1.0069364,1.51662,2.1967819,0.18258561,1.5396892,0.74221164,0.6601347,0.8707441,1.0067781,0.25282454,0.8457495,1.3895276,0.3528193,0.23679316,2.8988597,1.5553193,1.5862988,0.88255954,0.45384222,0.6955544,0.8838327,0.48710665,0.45852584,0.20703183,0.015659383,0.16854194,0.262694,0.42660707,1.3992656,1.6060982,0.6441168,1.0753845,0.48026797,0.3101009,0.78584224,0.9367752,0.17612833,2.1586456,1.0303649,0.51886576,0.3770536,0.54822534,0.76168907,1.3731692,0.5100916,0.806132,1.9502918,2.6333396,1.1343532,0.51981604,1.2123595,1.2246644,0.6503995,1.0229969,0.07244649,1.0503263,0.992463,1.17996,0.7243284,0.75149304,1.2673584,0.8999101,1.6315043,0.3767904,2.26223,0.66560346,1.1285981,0.70669484,0.43318588,1.5270122,2.5655875,1.4587221,1.3237127,0.8946266,0.6438553,0.21517126,0.87657833,0.15903339,0.4710916,1.2352506,0.047669306,0.8365713,0.1417424,0.07029848,0.980093,0.3133075,0.75923395,0.7646737,1.0386993,0.636526,0.18634821,1.1690878,0.5183719,1.0759103,0.50480074,1.403745,0.6506131,0.116757266,0.20442587,0.1083062,0.7988091,0.05712552,0.8046973,0.23383974,0.11904631,0.3847445,1.9955852,1.5592331,0.25323993,0.96555793,1.0790352,0.09624648,1.8900373,0.7219242,0.7043695,1.42187,0.9750652,0.354621,0.3695442,0.21344148,0.2785154,0.36576927,0.0769147,0.101489745,1.3724066,0.09213303,0.2509713,1.1570854,1.9098262,0.32584527,0.57756877,0.61354434,1.5682124,1.4190675,0.88610166,0.3117825,0.39443314,0.6450596,0.17124201,2.3756392,0.06788125,0.13261531,1.282075,0.992637,0.22922595,0.640712,0.9100539,1.4252264,0.43909955,0.44342232,1.3786178,0.20383005,0.3525891,0.25869218,0.7977858,0.7450989,0.31093848,0.19599918,1.3609611,0.8545461,3.521171,0.5517474,1.7339922,0.49005395,0.44543576,0.033034917,0.3915262,1.4459624,0.5277135,0.65268815,0.04699161,0.093108684,0.47368565,1.1878197,0.15734328,0.92425084,0.16921453,0.30000368,0.5033727,0.32897037,0.7743943,0.42888072,0.4205406,0.33094195,0.21244967,0.58929735,0.611058,0.6922311,0.06121138,0.56905943,0.50433445,0.64534587,0.7819153,0.46277994,0.5322983,2.6319726,2.2120912,0.0124561945,0.3544813,0.038298506,0.62249917,2.247178,0.8434831,0.16763572,1.3723696,0.8182977,0.07232889,0.593587,1.04254,0.43025213,0.3453299,0.67175704,0.33715382,1.0065532,2.6436412,0.088931195,0.58530235,0.3616519,0.2298433,0.75589204,0.3802077,0.34398958,0.71343696,1.288578,0.8133939,0.48918056,1.2138418,0.17867206,0.82622325,0.66740745,0.88044363,0.50759506,1.1078256,0.61287534,1.5248537,1.139143,1.3555511,0.52636623,0.31358254,1.4812961,0.7518004,0.062134653,1.1335436,1.8688915,0.17561755,1.3595858,0.4406272,0.43490887,0.28506637,0.8207706,3.1967063,0.9525996,0.23371412,1.0000641,0.38757482,0.63665897,1.2312628,1.3270919,3.050325,1.3769268,0.8825481,0.73670864,0.23700124,1.1357546,1.2415016,0.6645145,0.8026131,0.17224817,0.121091254,2.0784469,1.4862559,0.9513769,0.9512701,0.06876742,0.8597102,1.4572787,0.7195805,0.41198266,0.6832475,0.1292548,0.16346239,0.28555843,1.3817863,0.681246,0.4407564,0.13954931,1.0523673,0.3985437,0.9680594,0.25127327,0.9030395,0.2801975,0.052829064,0.023097573,0.65648,1.2806228,0.19410713,0.7761866,1.2321085,0.93059057,0.71987987,0.09086733,0.07108469,1.7183888,1.0129251,1.0541335,1.1746984,1.1106023,0.9492198,0.6901844,0.22100319,0.59569085,1.4288856,0.20005289,0.3318386,1.4623088,0.5979915,0.14599375,0.20430152,0.822671,0.67364717,1.600633,0.5727528,0.27394325,0.6055912,1.6798936,0.031582613,0.096597984,0.7797882,0.26906815,3.0356674,0.652719,0.9388282,0.0005373372,0.5743281,1.4731241,0.42962152,1.006159,0.35942835,0.7115514,0.23046777,0.49506852,0.39173943,1.3510697,0.94601035,0.47255266,2.10265,1.6949627,0.61109585,0.665926,0.2625197,0.27653226,0.18180533,1.4233174,0.17424978,0.25341937,0.40176293,1.1924629,0.76026,0.6889095,0.22357471,0.82743603,0.9118326,0.72909,0.35103238,0.34047037,2.031359,0.6191153,2.0459232,2.5808134,1.722291,0.037705768,1.5786403,0.25215417,0.23586172,0.5494016,0.5702291,1.8523071,0.056704305,0.9042003,0.5246,1.6901463,0.9481304,0.09751892,0.7448975,0.15609632,0.11706669,2.347222,0.63723654,0.64704984,0.45589322,0.47062206,1.7428019,0.6319744,1.9077333,0.5032901,0.8796227,0.7243645,0.3631169,1.0256507,0.67342716,1.7013624,0.29939955,0.8204099,0.5665582,0.30250797,1.3115313,0.43057483,1.9691523,0.31424204,0.5740908,1.4180834,0.06610034,0.50408363,1.482296,0.7542661,1.00066,2.2472222,0.3524405,0.43968523,0.6621279,0.33598748,0.29050356,0.55112,0.56417257,0.024575464,0.7341504,1.2272471,0.7048959,0.30466124,0.40201074,0.9363104,1.6035713,0.3537902,0.78878593,0.4619506,0.6622788,1.8359232,0.6816674,0.33872026,0.044261444,0.12713352,0.6923585,0.23634946,0.8310969,0.7645569,0.2572261,2.1540775,0.5397326,0.83288723,1.1768595,0.13400708,0.26856175,0.68323207,0.9899218,0.055781383,0.6585002,0.6133747,all_pothole_images\pothole_images_enhanced_9674e174bd0a855df5c1e6983f13c515.jpg
0.03734139,0.49698475,0.012631923,2.0713031,0.75157225,0.15751785,1.14318,0.84481204,0.6054147,0.64511085,0.06856112,0.65002257,0.15164426,3.3087869,0.0032818052,0.9967369,0.0823856,0.5720952,0.16459511,0.028477268,0.25444546,1.3265631,0.5119488,0.39450625,0.6251308,0.7145386,0.33236772,0.33441523,0.0,0.25697193,0.28765225,0.017921478,0.11424683,0.12910412,0.112352066,0.86733776,0.30505848,0.1082184,0.16943425,0.55996263,0.029911766,0.3985064,0.06060516,1.0077643,0.4704572,0.32608244,0.9952638,0.0,0.22429536,1.627708,0.33417293,0.14817838,0.15343523,0.35856158,0.14602076,3.0258496,3.1591167,1.2279968,0.58706164,0.3200553,0.02594008,0.23543812,0.72800404,0.3206209,0.65640795,2.1258311,0.6173868,0.0072110803,0.0,1.7842886,0.0062884074,0.0,0.000440113,0.13329874,0.33449417,0.5087431,0.6169741,0.808372,0.0017550237,0.09894972,0.58251095,0.30201983,0.033261493,2.2118325,0.0,0.17398816,0.0010418311,0.01670871,0.8748673,0.1578338,0.34333053,1.2180076,0.6288284,0.113145486,0.014503072,0.040919404,0.07527473,0.44294605,0.03669507,0.38782698,1.7555431,2.4322827,0.24990521,0.03929143,1.1461027,0.38495713,0.0063162306,0.10464633,0.0787649,0.3610297,0.45796287,1.344713,0.0415273,0.03904711,0.50845003,0.1287582,0.115654804,1.5990362,1.1901755,0.07659646,2.0026982,0.55987775,0.07406616,1.0249008,1.3257471,0.9530887,0.5254436,0.10705227,0.8215363,0.094743855,1.4112859,0.09840814,0.1641754,1.4288027,0.68927896,0.60648704,1.2477924,0.0,0.9874236,0.21329966,0.6366388,0.5328645,0.2659142,0.87048787,0.6001429,0.13851789,1.6070673,0.18723328,0.91059905,0.0,0.002884285,0.034968607,0.7275279,0.5663005,0.9512806,0.024169683,1.7015499,2.3452818,0.2162938,1.5780063,1.0135345,1.0616286,0.63368034,2.3837996,0.82437116,0.089570425,1.5426533,0.74559814,1.6726482,0.34876588,0.61714685,0.0377639,0.0,0.7494032,0.14031594,0.15919445,0.62788373,0.002040936,0.98296106,0.072964825,0.023692712,3.0368645,1.511522,0.5604624,1.302912,0.11911573,0.8075524,0.00053868495,0.08789235,1.7234008,0.7160886,0.119241774,0.25762418,0.89889205,0.06667986,0.008475922,0.8096694,1.2168856,0.0058676205,1.3663707,0.005674052,0.9636162,0.81099886,0.119314805,1.331925,0.06939593,0.34447804,0.7599996,1.210393,1.371427,0.0030978834,0.09345932,2.0855136,1.9130234,0.6841457,0.04433761,0.6025742,0.16203418,0.4291008,0.28731588,0.028960302,0.07618105,0.2250695,0.8317144,0.09348958,0.00418466,1.1324867,0.0,2.515315,0.07027267,0.25200015,0.46755275,0.0663128,0.018960921,1.2873175,0.023043714,0.6378988,0.25962326,0.08138709,0.20278054,0.086432025,0.15640923,0.54754394,0.21305282,0.56820536,0.0068787574,0.87723196,0.22653213,0.8485068,5.2860756,1.736344,0.102984816,0.4808886,0.034141738,0.05718327,1.4982429,1.8198769,0.11675524,0.016501104,1.674198,0.7580887,0.53961897,0.10965268,0.650651,1.9040356,0.46435452,0.22528931,0.38534278,1.4764802,0.66395706,0.8396969,0.4982965,0.1659143,0.65267307,0.13656701,0.54418427,0.3932713,0.08875924,1.3499303,0.12851755,2.3382995,1.0727935,0.38442165,0.03645831,0.14490438,1.3860613,0.897801,0.3634646,0.72657293,0.35155284,0.0032604088,0.0029412324,0.15310462,1.7912017,0.20879751,0.21602431,0.6605807,0.45288062,0.44056427,1.5686585,0.6908606,0.098022684,0.6611478,0.003151613,4.1968327,0.008049929,0.6700318,0.10749554,0.14117266,0.3941272,1.2848246,1.8119161,1.8491578,2.0175984,1.0004363,0.4593706,0.25390223,0.560926,3.223851,0.24189256,0.7151142,0.027707357,0.12480536,1.2443339,0.0,0.100882314,0.53580815,0.0033255839,0.8158952,0.04399813,1.0182142,0.40206254,0.15968274,1.3219944,0.14508559,0.121751815,1.7143099,0.4201079,0.14441027,0.201886,0.1600625,0.77957183,1.1129503,1.4735873,0.40121815,0.7248672,0.16670786,0.19387871,0.32837996,0.5809866,0.039157283,0.040625706,1.0052892,0.19016713,0.11863093,0.82976174,0.28433454,0.6972922,2.5635417,0.025550677,1.136468,0.3326672,0.78693694,0.07926061,0.0,0.040415086,1.3435885,0.09998777,0.61794895,0.15229756,0.7317643,1.0903964,0.8300851,0.24976268,0.7404676,2.308471,0.32447967,0.0,1.100497,0.861671,1.1416124,0.046306666,0.23436542,0.53819823,0.9494236,0.8410821,1.8906186,0.03711641,0.21458843,0.40854064,1.3280423,0.5191856,0.01385022,1.4008994,0.05430764,0.23486738,0.24909715,0.7345897,0.7374039,1.8516879,0.5652308,0.15474704,0.005891077,0.22829098,0.19242917,0.008460527,0.33118382,0.10958711,0.0942447,0.10875254,0.12544183,0.49248824,0.05483198,0.13160504,1.1714177,0.026301578,1.7422687,0.23900118,0.7792501,0.035718113,1.1668848,0.4509897,0.8521909,0.76705176,2.3982,1.3343604,2.1560469,0.05589748,1.6984265,0.052931134,0.6252883,1.4639574,0.026691169,0.8718062,0.21948983,1.3304843,0.63306457,0.23962472,0.45624915,1.400771,0.077379316,0.33461207,1.053475,0.28290123,0.7551939,1.3415745,0.9384674,0.14013861,0.82631886,0.58705354,1.8731918,0.00065031106,0.7850536,0.12102872,0.65263796,1.7150426,0.49687964,0.07964349,0.0010677835,1.224103,1.2815024,0.3770072,0.47203228,0.11694346,0.29324254,0.37055168,0.24296671,0.15832815,0.88734746,0.5513072,0.30298296,1.8733746,0.10961654,0.0,1.113443,0.55305773,0.68316156,0.16801366,0.014715931,0.016022045,0.97290856,1.1818972,0.81071043,1.2358963,0.05187116,0.93548596,1.1382713,0.0,1.7065722,0.8471301,0.11605715,1.3423433,1.4522423,0.0090029575,0.31702822,0.0,0.26190686,0.089179605,0.20978206,0.09526675,0.13098364,2.7510781,0.9080418,0.045899138,0.018731441,0.9694945,0.62041765,0.88203496,0.049462162,0.19932075,1.5599431,0.44911054,all_pothole_images\pothole_images_enhanced_967b3304dc7092ca0b09bac134218dd5.jpg
0.46254182,0.6630976,0.02842091,1.9708456,0.4860277,0.13017187,0.20112658,0.0,0.0,1.0323224,0.2001364,0.60554296,0.003306252,0.6326259,0.004111185,0.19897975,0.23366073,0.8076506,0.20740294,0.027656795,0.48476276,2.5903504,0.32473588,0.46811002,0.37534574,0.6595162,0.38895267,2.2082715,0.07328193,0.6695664,0.5803565,0.08410773,0.093925074,0.06469297,0.46242753,2.2587996,0.5868009,0.48623392,0.38720655,0.0201986,0.050665412,0.10352416,0.0657367,1.1852399,1.1629279,0.067233,0.06701705,0.0029261932,0.6513866,0.88521856,0.33274898,0.3484261,0.20040534,0.054089658,0.19626674,1.3205724,1.9701376,0.29558796,0.2102436,0.02815505,0.039168093,0.19763012,0.40598732,0.11530751,1.4095917,2.1341245,0.24836391,0.08432341,4.7940266e-06,0.03855435,0.039607525,0.14470981,0.151833,0.2254012,0.6845628,0.039518356,0.00019977895,0.2521647,0.038330156,0.302335,0.06498897,0.031216847,0.58503085,2.3735638,0.33934262,0.009692335,0.005338981,0.014275364,2.1175432,0.098387696,0.044650212,0.64733994,0.02148246,0.10518278,0.009463639,0.14167954,0.40104148,0.780244,0.26813054,0.008150741,0.39301494,2.0587904,0.26677805,0.013747404,0.49981463,1.1442364,0.24006458,0.27595145,0.1148423,0.023806127,0.0,1.6706725,0.21603027,0.0807745,1.1130897,0.26044205,0.17667735,0.14907257,2.4116683,0.57472354,2.2921882,0.1442865,0.17923623,0.1955426,0.78608406,0.52076036,0.35013518,0.66784096,0.47543797,0.22086109,0.33025607,0.050529685,0.19260667,0.09806852,0.985238,0.0,0.13643238,0.6196602,0.5271904,0.040795006,0.39010373,0.5883436,1.3411027,0.5323318,0.0,0.52755934,0.03167709,0.48193341,1.1239321,0.009402591,0.1392844,0.28301275,0.09628179,0.6556518,2.7687836,0.028404402,0.49492708,0.09067278,0.52478033,0.748506,0.684784,1.1878624,0.84037375,2.738513,0.9873614,0.11213904,1.3304648,0.059967462,1.5820602,0.6061636,0.023633381,0.04310514,0.0061708456,0.07854055,0.41311207,0.08054406,0.20142142,0.010664151,0.44715366,0.22743265,0.31765455,1.9643799,1.4179953,0.16943221,2.2784853,1.2544503,0.529721,0.3145919,0.052729405,0.9023126,0.049974665,0.4070094,0.17095631,1.7242671,0.11410222,0.1462578,0.03101568,0.534047,0.5905644,0.5722685,0.4672924,0.84210736,1.1281921,0.74105406,1.1971952,0.28374374,0.057006087,0.03871134,0.80185354,0.3325639,0.013815486,0.09108806,1.2520694,0.7690932,1.0581717,2.8045878,0.17296864,0.0,0.11886824,0.65287143,0.10957988,0.2966699,0.47976917,0.6362815,0.03137146,0.0,2.838063,0.0072787316,0.648681,0.65105844,0.23178332,0.016935516,0.24878064,0.2584235,0.024796423,0.019692488,1.4089931,0.087699875,0.19454856,0.34777394,0.2139028,0.31926075,0.18770513,0.5631584,0.3725304,0.1439735,0.8564878,0.3792717,0.075169325,5.9464293,1.6752617,0.0034982476,0.4870844,0.3277785,0.107773,0.7968951,1.5551453,0.038792163,0.4933289,2.3735392,0.041999977,0.025399279,0.18099084,0.31341857,0.27771655,0.74460053,0.51677155,0.11933626,0.6952197,0.071247794,0.20809785,0.0063967095,0.06569345,0.17511393,0.3740692,0.9763586,0.2628185,0.2189106,0.5080543,0.9820793,1.5136572,0.13699181,0.5208729,0.34095585,0.0020395315,1.2246152,0.9378889,0.28731892,1.4851413,0.4309736,0.02535965,0.0638151,0.15453681,0.9912131,0.4100056,0.038998336,0.21663311,1.0987384,0.5111369,2.138862,0.47461903,0.99403065,0.030357426,0.13560139,4.575741,0.277423,0.009054761,0.8198566,0.030852513,0.8132388,0.308871,0.29804358,2.7133985,1.1123819,0.36723447,0.25008494,0.028410777,1.7075009,2.072845,0.20123598,0.45485148,0.04640713,0.03513636,0.85539776,0.29213065,0.539237,0.055302214,0.0040206234,0.48285922,0.26716208,2.5086625,0.0,0.050173663,0.0,0.17425644,0.0,1.3924526,0.0931292,0.35126838,0.02762659,0.8349191,0.20130947,0.78208756,0.4040296,0.2699295,0.9999405,0.0,0.029240705,0.759967,0.08302082,0.5593058,0.3849935,0.012566894,0.3176894,0.16772102,0.087232046,0.44142523,1.3470563,1.6541209,0.4303358,0.029930998,0.0,1.2127502,0.16277505,0.019474184,0.012394681,2.682049,0.0,0.0021483167,0.32265872,0.95148885,0.0776919,0.89132947,0.0,0.11690029,0.5561305,0.029143708,0.16152121,0.039921336,0.2984846,0.044357594,0.0030108874,0.13459472,1.0702745,2.5469265,0.08295261,1.2522231,0.23084642,0.008589945,0.22518325,1.1091088,0.568847,0.6109243,0.546381,0.3228969,0.0,0.9004697,0.91509587,0.057890162,0.19655858,1.219694,1.7001919,0.4184081,0.3000788,0.4491977,0.03419197,0.481323,1.32917,0.45608562,0.30018452,0.071993105,0.07428099,0.30284864,0.10254345,0.0036836783,0.007396667,0.3154303,0.35176027,0.1914432,0.028294645,1.3401521,0.12718824,1.2280853,1.2305781,1.5634289,0.42497116,0.47853452,0.59100723,0.056157563,0.13635759,0.35468096,0.39229473,0.6444849,1.1115086,1.655038,3.102336,0.8959259,0.8014845,0.14845733,0.3377344,0.22440523,0.56390333,0.1806059,0.07774602,0.16484687,0.0044672554,0.3483696,0.046153527,0.089149736,0.5152553,2.3821013,0.08446542,0.6672926,0.063316785,1.4146056,0.42391485,0.2662649,0.68673956,0.52967405,1.0187339,1.2212619,0.3230057,1.2474617,0.0,0.52152824,0.09251041,0.20245326,0.00354267,0.5810205,0.6020734,0.015910935,0.77438927,0.090182655,0.0051300735,0.17793028,0.0,1.1220179,1.3682861,0.28662595,0.10224048,0.08852657,1.7322614,1.4032555,0.40906137,0.074049674,0.46676216,0.48182067,0.004328843,0.84730685,0.0,0.06407973,1.1908693,0.4418422,0.04557006,0.015677217,0.01792212,0.33338258,0.5614872,0.3626784,0.9821601,0.22993496,5.0503597,0.29101044,0.03731457,0.00053899875,0.530854,0.009493802,0.1806075,0.14063315,0.20669061,0.0034438255,0.31713876,all_pothole_images\pothole_images_enhanced_96b809cbac28ce56683b57382c61ddc5.jpg
0.6234589,2.6582155,1.1294862,0.8749586,1.163392,1.1849734,0.10362844,0.04278126,0.033490703,0.112849146,0.780019,0.33312637,0.55219287,0.78071606,0.5911177,0.012406521,1.0119287,0.039414234,0.31270027,0.9291587,0.22680926,2.3005435,0.74632144,1.5552256,0.5333296,0.70756125,0.33308288,0.7871577,0.2500094,0.074191585,1.8228099,1.3969988,2.5234382,0.08619226,0.89413637,0.15635976,0.2656556,1.0978708,0.07795962,0.38002002,0.98335683,0.39012426,0.7061006,0.36835238,1.4206135,0.32008356,0.0036254758,0.11492307,0.34063736,0.34718066,0.84099966,0.96953744,1.7351512,0.3631299,0.7322329,0.67054373,0.9479788,0.37725455,0.6776945,0.45473105,0.23570856,0.04506797,0.56826574,0.28359592,0.55388993,0.8042736,0.021402955,0.3119333,1.23565,0.32902044,0.34942743,0.29631555,1.4937785,0.12388488,0.8244131,1.6507802,0.06832003,0.38319856,0.07961665,0.0030929341,0.9085098,1.486756,0.032234896,1.1935352,0.91306126,0.84462416,0.42272905,0.43329945,3.5442138,0.014297131,0.240509,0.014060212,1.2525166,2.1226637,0.031019283,0.15789397,0.33989975,0.25051737,0.9895946,0.3740125,0.021741755,0.5989893,1.5702718,0.5587515,0.27157697,0.18389285,0.82202256,0.056789923,0.3053384,0.06810853,0.75455785,2.6660466,1.3363465,0.5062149,0.36234182,3.4227772,3.0183802,0.4543007,0.51360583,1.6645035,0.37091574,1.4533254,0.90619254,1.0013976,0.18854588,0.8884707,0.1988777,0.3406356,1.4792054,0.9121324,2.0865133,0.22533673,0.18064241,0.48039296,0.7664336,1.7732631,1.1217046,0.6621059,0.6915854,1.1166997,1.0233691,1.1510923,0.49694306,2.589378,0.9985713,0.33619028,0.33691138,0.7118812,0.70070416,2.0250506,0.80084413,0.66305625,0.36421025,0.3303386,0.816848,0.53728086,0.0063884184,0.3062112,0.006497549,0.89194334,1.6533678,0.42884526,0.5273246,1.0804741,0.38262293,0.94342405,0.543662,1.4354168,1.6109893,0.26376927,0.23955321,0.017600693,0.8341751,0.07046745,1.5791944,0.98853153,0.4390464,0.08674456,0.13621376,0.5165308,0.2518381,1.5281001,1.5660454,0.523326,1.9191012,0.3485569,0.0611891,0.9823111,0.5099579,0.26918477,1.3705195,0.63238823,0.6258767,1.5062431,0.54347354,0.7017889,0.7481954,0.38504976,0.20098762,1.7672292,0.4509503,0.2002408,0.10274055,0.046719648,1.0558512,0.6892871,0.26363906,0.998509,0.5741676,0.06693983,0.2034166,0.032957047,0.8573967,2.0529342,1.0325165,1.3010238,0.45242232,1.1353953,1.1538589,0.098881975,0.74182236,0.12555125,0.08984968,0.44491646,0.17738603,0.1857845,1.2842485,0.02735712,0.95344144,0.25716907,1.4862937,1.3646828,1.0931244,0.3609728,1.3377879,0.77881646,1.6696434,0.045774862,0.15611683,0.0124246925,0.49541044,0.3916439,1.436378,0.3682638,0.0051045306,0.44091582,1.4282564,0.17650554,0.3198988,2.77626,0.48589313,0.017097866,0.058695666,1.4680233,0.20765765,0.005327188,1.9669607,0.623372,0.8314346,1.6431788,0.874791,1.5958008,0.9770376,0.0,0.50193465,0.54078597,0.28942165,0.52192026,1.9061002,1.1777773,0.2748479,0.26458815,0.14992249,0.32852408,0.54749167,0.92946,0.08992952,1.5640769,0.025668673,0.5152723,0.016736731,0.25712284,0.24630533,0.63325804,2.5046139,0.43046775,0.53998095,1.6009396,1.5015371,0.062265687,0.5447534,0.5611596,0.24155778,1.0431395,1.2893709,0.36818838,1.5640799,0.4861927,0.07210932,1.659126,0.36556312,0.31970647,0.043617714,0.6748098,4.335034,0.66218233,0.01925027,0.17002572,0.7316356,0.112319805,0.5593334,0.62539583,2.4865828,0.4247986,0.025389172,0.4096639,0.018162653,0.995315,1.9523882,0.42978594,0.011907134,0.24748027,0.016717244,0.79096717,0.2895734,1.5271693,1.0993329,1.0284775,0.8068111,0.65509903,5.002013,0.4165103,0.3627632,0.88809925,1.0557433,2.0262084,2.6835918,0.79545754,0.24513236,0.11556341,1.1217221,0.9159244,2.141876,0.5454241,0.3669963,0.6685848,0.1462878,0.26266843,1.592472,0.3894187,0.37581977,1.0012136,0.52930456,0.73772585,0.017409245,0.548364,0.014310211,0.987716,0.15093854,0.56687605,0.04310042,0.11139511,0.27122152,1.4295031,0.06170815,0.36155346,0.8664616,0.83203834,0.12774214,0.54276556,0.95482564,0.8603379,0.18201599,0.12341104,1.1356771,0.08399789,0.38060054,0.98915136,2.1279094,0.7449701,0.25201464,0.41827205,0.72444665,1.7930995,3.2739809,0.86178726,1.2042662,1.8515849,0.28357625,1.390432,0.8869124,0.6437001,0.12789829,0.02092786,0.106718525,0.8070312,0.2572467,0.59656596,0.24974951,3.3729083e-07,1.9748944,0.28828567,0.032482263,0.45463887,0.12491831,0.31519544,0.053204887,0.24711172,0.6330641,0.21702573,0.23769978,0.49308193,0.015377475,0.55690265,0.29853746,0.5956381,0.30433673,0.238181,0.06524195,0.09586301,1.1284841,0.46860558,1.8277497,0.54450005,0.49753925,1.2768232,0.10165235,4.0837593,1.4702002,0.072715804,0.24497391,0.30597267,0.8475091,0.066949174,0.520788,2.0564759,0.21852684,2.0855386,0.22322531,0.96532834,1.4707828,0.00018308357,0.10133694,0.6404111,0.64588314,1.2513199,3.1218092,0.9135952,0.37519494,1.4700198,1.3667266,0.2588083,1.2668482,0.06551764,2.660061,0.15627925,1.565904,0.38491625,1.1367033,0.5563744,1.300839,1.1415023,0.45988744,0.54476523,2.9750857,0.38793212,0.1299266,0.026229408,0.15731208,2.028543,1.2246282,0.64738095,2.1602933,0.025563737,0.33894908,0.07397353,0.30626988,0.61093265,2.035064,0.6422265,0.81730866,2.1086767,0.28410476,0.32167557,0.3537754,0.5929452,0.89827555,0.34518915,0.39033514,0.03855704,0.4633711,1.6757843,0.011470065,0.0,0.81537306,0.44123015,0.12277903,0.2874448,0.0063950783,0.010272003,2.1354861,2.9469771,0.34702402,0.22587682,0.3657903,1.1637455,0.73494905,1.638255,0.64266825,1.3366112,0.29178128,0.6976269,all_pothole_images\pothole_images_enhanced_971f9954e2c815994dbcaa492475ccb9.jpg
0.04665539,0.61685467,0.0012291481,2.1745453,0.720655,0.47294027,1.0815527,0.026885655,0.13661501,0.6268159,0.03231738,0.57777286,0.446227,1.1649407,0.12553284,0.26612148,0.24300393,1.3124888,0.6463106,0.3562971,1.1533477,0.33039808,0.60994256,0.590717,1.5014639,0.4906272,0.0,1.3358934,0.008175769,1.1462419,0.50951296,0.17547113,0.6663572,0.55239636,0.5848647,1.1300771,0.10298504,0.34864286,0.2216515,0.036616676,0.2757204,0.63528836,0.8459807,0.96497077,0.1460405,0.8471925,0.42305812,0.7436377,1.242862,0.48508686,0.20463409,0.08987476,0.735819,0.15737899,1.3032126,0.97570485,1.8585775,0.24237989,0.37839726,0.9886716,1.2278593,0.6206377,0.4409343,0.71723455,0.16838817,1.2190243,0.018661436,0.13007191,0.51251066,0.41857734,0.7104612,0.27426866,1.066735,0.37907922,1.3134507,0.064953186,0.2611286,0.16143481,0.3713341,0.5242018,0.14562474,1.5273104,0.1315412,0.604844,0.3538082,0.020804424,0.061781824,0.033410873,1.4703522,0.055219803,0.72412574,1.2226932,0.6628752,0.119012944,1.1667362,0.26767233,0.16815573,0.76498675,0.17773364,0.51235855,0.21694566,3.218223,1.0644381,0.17331277,2.0121408,0.020406341,0.5868272,0.24984862,0.0,0.3646824,0.8844328,0.11394531,0.55129206,0.8112536,1.2713158,0.5049679,0.3338106,0.011684155,3.2563584,0.50173306,0.69489515,0.0,0.49176195,0.839104,0.9311502,0.9613018,0.39264187,0.0059491373,0.027679462,0.13724078,0.2139276,0.29523772,0.0,0.043337937,0.1370584,0.69239014,0.6924772,0.06835698,1.0913868,0.23033978,0.1912081,0.25256786,0.70778483,0.62779605,0.1432115,0.37173232,0.1969931,0.27986014,0.61305046,0.44498864,0.29740566,0.33286822,0.20072417,0.41742808,0.6282806,1.0230103,0.09208399,0.13172914,0.21780187,0.76764655,0.4726465,0.5246166,0.036644716,0.86828154,0.94798684,0.84168935,0.18354118,0.16625318,0.9054007,1.6537213,0.16274178,0.43011767,0.04493664,0.4755185,0.113844536,0.36954933,0.5235214,0.27168676,0.03791653,0.23750776,0.44323763,3.4721773,0.7554238,0.8476648,0.45477107,0.7174512,0.31289005,0.37282375,0.34671858,0.50378233,0.14367555,0.057276413,0.0049384586,0.31021044,0.638083,1.0535797,2.028731,0.010624942,0.08956162,0.17987143,0.16006674,0.6003532,0.35852748,0.2884383,0.12052995,0.8724755,0.04727529,0.0794517,0.37902665,0.7156776,0.16834046,0.15698956,1.100251,0.8298959,1.1111382,0.4689774,0.3317246,0.198839,0.39566183,0.43713257,0.50467044,0.008026638,0.24703929,0.8510348,0.0,0.3432348,1.4092516,0.4648514,2.0445507,0.69613266,0.0,0.21437679,1.0782139,0.4325605,0.4701667,0.79477596,0.67624134,0.001659983,0.11060487,0.06819508,0.23584935,0.036340047,0.25236413,0.06693097,0.22307421,0.006215303,0.7643982,0.41008136,0.58546555,2.444134,1.8293301,0.31592,0.60155714,0.093724445,0.0022077712,0.25574893,0.022328116,1.0239975,0.22875279,3.3623204,0.37259087,0.4871085,0.43199566,0.9068137,0.3154423,0.0012525799,0.99735826,0.202154,4.729121,0.9213766,0.50490046,0.01070209,0.4587243,0.20294929,0.101380736,0.7670006,0.36341444,0.095035285,0.6096365,0.30001813,0.37945357,1.4049445,0.6237672,0.038208928,0.19017068,0.022627832,0.438064,0.03112088,0.8182547,0.36098826,0.31689647,0.33595815,0.09056681,0.6368203,0.5974913,0.06519651,0.0138591295,0.09325712,0.5561818,1.167939,0.1473442,0.64080507,0.26430142,0.17933229,2.4302998,0.24544679,1.1319441,0.017327838,0.9442254,0.35603607,0.2069113,1.3387085,0.6404298,1.5899521,0.02770061,0.09814177,0.23107512,0.8350405,6.573851,0.6342468,0.64944017,0.053141806,0.26235718,0.2892474,0.5514107,0.5330766,0.198762,0.22319858,0.09502757,0.32559103,0.29545838,0.91725594,0.16771019,0.16803874,0.0,0.36647493,2.9552186,0.59505904,0.59039456,0.6945133,0.75068974,0.04445787,2.3830009,1.7115628,1.0522076,0.0,0.059764996,0.21204029,0.5418257,0.44101626,0.07447173,0.37435648,0.72710216,0.6555453,0.10532182,0.54160744,0.20563053,0.63436556,1.2799598,0.51973057,0.46207753,0.36225262,0.089893,0.32886827,0.074139416,0.20454931,0.59207535,0.13949308,0.022091806,0.36785027,0.31373224,0.26743054,0.23039453,0.6919185,0.14339036,0.8524142,0.33653557,0.4828783,1.1351155,0.76792777,2.3316898,0.029462427,0.22814986,0.17453869,1.2635329,0.36048156,1.6899806,0.016596213,0.054414,0.83074903,0.20882505,0.28169492,0.023311479,0.064978965,0.28970283,0.9308159,0.6650712,0.08249437,0.15026577,0.10255393,0.11231582,0.6022081,0.29984555,0.001164605,0.1250381,0.062181313,0.33113164,0.4182138,0.81001854,0.21918306,0.150409,0.20824216,0.034888845,0.018201146,0.26642257,1.1933379,1.1366994,0.0,0.70943666,0.02614452,2.0017333,0.81197584,0.6702912,0.7363666,1.9936454,0.5980568,0.80338013,0.18786487,0.39349893,0.1666508,0.0070683965,0.26181158,0.91962665,0.08168768,0.85614914,0.24041463,0.41456297,0.6576567,0.019488556,0.41518813,0.73813707,0.24363169,0.10112973,0.11623441,0.13956682,0.41384828,0.8899962,0.68285966,0.35013452,0.51346606,2.463962,0.20730546,0.33009025,0.00016948824,1.0973448,0.53067356,0.40853858,0.059970457,0.4165332,0.3283235,2.1123142,0.20232527,0.7118105,0.30484676,0.41257122,0.13775055,0.008194278,0.007944458,0.018687597,1.3241091,0.45610824,1.137659,0.048192706,0.020259324,1.1613777,0.5406504,0.8493886,0.31616166,0.5278353,0.2250821,0.5196894,0.85287285,0.6493683,0.06889202,0.112680756,0.20672743,1.1921219,0.21359996,1.5279344,0.03771287,0.34832928,0.58646685,0.4775205,0.24961479,0.5072125,0.30213454,0.60042197,0.0,0.6219373,0.32674983,0.587233,2.864478,0.09721789,0.04542393,0.35719433,1.3728161,0.8875209,0.47309914,0.16665511,0.3798447,0.58306575,0.3203027,all_pothole_images\pothole_images_enhanced_97405f9ac3ee52875eb5dc3938f8ed4b.jpg
0.4838664,0.97896904,0.48418102,0.7421101,0.13687523,0.022744132,0.5791306,0.031202003,0.11930272,0.49231485,1.083572,0.47463652,0.4260686,2.1470764,0.0,0.20030244,0.006051123,1.4935236,1.3005216,0.23086295,0.15444484,1.5424389,0.30294603,1.5720828,0.6168435,0.3258148,0.037621114,1.1960641,0.044142198,0.046805352,0.44366002,0.760008,0.09231715,0.31945997,0.19005668,0.5663905,0.24896485,0.5695958,0.69647366,0.32786372,0.5240023,0.23825541,0.20184904,0.8982209,1.2594213,0.2069103,0.0492572,0.038236942,1.1499221,0.32347494,0.6393638,0.22548625,0.43804955,0.15671301,0.25072646,0.651752,1.2120957,0.39776865,1.0469335,0.41384014,0.113140404,0.0557543,0.3556909,0.05562833,0.70867777,1.8708405,0.21972097,0.08443048,0.8929642,0.53810865,0.28670356,0.31069857,0.06447746,0.30736583,0.29535493,0.43778005,0.1507886,0.09076863,0.28846726,0.69082344,0.0,0.26828334,0.48776212,3.0609448,0.16799998,0.26145458,0.41766158,0.24569021,2.2419376,1.1342566,0.18963689,0.2871634,0.009554936,0.67197835,0.037951022,0.14662154,0.7409103,1.0369335,0.21204516,0.0037614093,0.13624907,1.6406687,0.23144476,0.5205943,0.13480984,1.2090455,0.395047,0.0036491952,0.12396781,1.326742,0.0068033934,1.0109549,0.084297635,1.4056298,0.19718644,0.07577794,1.5082059,0.34683844,2.3282607,0.16110033,1.0094509,0.8153315,0.8650856,0.7517254,0.09568349,1.5625772,0.16102643,0.2463192,0.39421582,0.1167652,0.31083018,0.0,0.43358293,0.4289281,0.3336374,0.48694345,0.08564711,0.0771347,0.6002469,0.6551652,0.48609594,0.23601662,0.17060377,0.6809507,0.0,0.6379923,0.0024025668,1.024268,0.47257105,0.8442722,1.1999521,0.59815305,0.08464157,0.14114071,1.2193325,0.096192375,0.6505767,1.0553569,0.19360214,0.20115557,2.1368358,1.3740703,0.03862743,3.3499424,0.08889281,0.02557817,1.2551394,0.0719454,1.8434957,1.8195487,0.24197629,0.1559829,0.0051421435,0.022423951,0.69214505,0.54094553,0.2865838,0.055394743,0.07060631,0.69790506,0.0,2.4612164,1.6333346,1.2784771,0.7097346,0.7476792,0.35768053,0.21100292,0.645325,0.81667495,0.09408323,0.37696573,0.08492007,0.776703,0.02653564,0.100483306,0.57955176,0.6345081,0.567321,1.0604336,0.3012923,0.5391668,0.22809376,0.054408554,2.1583567,0.23365316,0.4679732,0.1794571,0.95434,0.60454893,0.0062653976,1.2028507,1.7722311,0.12877332,0.2661705,0.2948633,1.4746659,0.1713402,0.6578534,0.23592812,0.59070545,0.71002966,0.64571625,0.34815535,0.196936,0.006746669,0.5996063,0.7297193,0.6589493,0.37264854,0.0708481,0.10459411,0.52751446,0.050901834,0.040933862,0.16442382,0.7894269,0.016826509,0.09420511,0.05924069,0.3590031,0.018471679,0.2830551,0.040510803,0.1900287,0.0,0.52922285,0.0485903,0.5673941,3.7145104,0.56558543,0.063725926,0.21089709,0.100804165,0.32725924,0.8101197,1.2606131,0.59814095,0.31606528,0.35209078,0.033290543,0.52798146,0.41890922,0.44503763,0.002828594,0.69333225,0.6137512,0.11875293,0.8656505,0.023587745,1.2130504,0.14042702,0.18396607,0.9763482,0.81545186,0.8967543,0.26323605,0.916662,0.4633445,0.7539658,0.94416946,0.035490785,0.59789133,0.6833535,0.5459162,0.6862099,0.684475,0.14117001,1.0116701,0.34920627,0.34032413,0.0071787345,0.0,0.36864412,0.44804144,0.12853815,0.71741074,1.0412452,0.44235712,1.1165806,0.69956267,0.3297978,0.02664311,1.09067,4.5378256,0.11980729,0.0044286577,1.3661658,0.07082921,0.1466395,0.72316676,0.37559476,4.3287196,0.83729297,0.09132357,0.21049978,0.2751783,0.9523973,1.9721321,0.20140514,1.0891898,0.029137092,0.113626875,0.057914626,0.70839727,1.830779,0.78722054,0.16614462,0.49754506,0.44221738,1.493714,0.26833087,0.022366973,0.1722915,0.0,0.9086065,0.7586787,0.0,0.3332154,0.06667495,0.24790175,0.43979722,0.8400843,0.063970685,0.124409534,0.1725168,0.23869357,0.0,0.3423196,0.8432653,0.0,0.63169515,0.1433194,0.47414652,0.120859005,0.1469275,0.05273789,1.303958,0.12843585,1.1320659,0.12343495,0.155971,1.0474021,0.032780115,0.3069272,0.15336595,0.9974412,0.3522422,0.16431439,0.43433425,0.19072832,0.37051368,0.50201726,0.23067726,0.4486997,0.55625975,0.113400415,0.09966992,0.62093914,0.31821498,0.23253188,0.02102302,0.83960176,0.71418303,1.998961,0.074497186,0.36742827,0.0,0.42320773,2.666663,1.1408617,1.0151144,0.09236736,0.01161748,0.057500068,0.36000437,0.4023363,0.97083974,0.29759553,0.029868247,2.577569,1.7422813,0.96413946,0.3010425,0.8035508,0.009187658,0.13030885,1.1397232,0.071726605,0.13903594,0.7195822,0.39113075,0.7119531,0.39365417,0.0,0.07332104,0.05759026,0.62252134,0.089684114,0.076739505,1.4319489,0.68048173,1.1069638,1.9920479,1.0925918,0.03965802,0.327022,0.20676722,0.04854187,0.21908693,0.66343343,0.24112944,0.2767663,0.32222283,0.15922844,3.3329132,0.35141072,0.1834565,0.04998909,0.12606287,0.6096237,0.073343724,0.11920229,0.68170255,0.8386887,0.17563961,1.8054043,0.81140494,0.028232165,1.0343765,2.0181339,0.18925382,1.2006671,1.0192606,0.6022248,1.9753815,0.60925895,0.29012483,0.009825389,0.35193136,0.44461367,0.116292164,1.1143417,0.047222916,0.26504847,0.071286425,0.026732754,0.10046641,0.4018925,0.12781057,0.767493,1.0500063,0.11703623,0.09254126,0.64447695,0.15656753,0.028246379,0.6603564,0.7282219,0.06671074,0.21608596,2.180871,0.8992991,0.112310745,0.051659845,0.10010635,0.20768467,0.3423858,0.6509127,0.056235235,1.6893376,0.7495331,0.0,0.036569703,0.0,0.48069686,0.20869157,0.55407625,0.34518373,0.00216903,0.23963095,2.924951,0.0060189054,0.98124117,0.16651583,0.10857927,0.30803886,0.785415,0.35691229,0.87190807,0.21404947,0.7582438,all_pothole_images\pothole_images_enhanced_9770f1a78d4652164a3eb4c8872b808a.jpg
0.9694004,1.6472923,0.84413224,0.52338153,1.0546887,0.36631128,0.685313,0.42844537,0.90465957,0.26665217,0.102174744,0.07544097,0.816639,4.210512,0.06467455,1.206453,0.26445937,0.4444638,1.2850913,0.09040138,0.33123145,1.18389,0.18217121,0.88933873,0.7636132,1.7799433,0.51947206,2.053966,0.7112012,0.38309923,0.106675416,1.259938,1.1184821,0.35698184,0.0,0.7464615,1.1280438,1.8041581,0.3880387,0.06806393,0.7667758,0.5470203,0.70980006,1.9634783,0.0399128,1.2233272,0.44326648,0.1589352,1.2654369,0.546276,0.32424912,0.24078894,0.84234285,0.9573748,0.06002282,0.696862,1.3703299,0.0,0.56905603,0.55214006,0.750525,0.08253531,1.2710772,0.44963953,0.7121275,0.49348763,0.18686092,0.2880786,0.5310868,1.0320976,0.24998757,0.021656584,0.054879244,1.1606977,0.58784825,0.6622861,0.8867704,0.87108004,0.91515815,0.44879243,0.07836318,0.19118017,0.15545014,1.6938088,0.080587074,0.68375945,0.4935709,0.25969154,1.9025419,0.057248984,0.98076916,1.193479,0.2700854,0.8614779,0.49282804,0.5459276,1.0041392,1.2897661,0.5423847,0.7803816,0.18637653,2.9561064,0.33370686,0.016587567,0.52351284,0.78715754,0.67430556,0.5423724,0.0,1.3584071,1.1534643,1.2766478,0.4069606,0.119095236,1.6735961,1.2264735,1.0846374,1.0509732,0.66448426,1.2260904,2.1868424,0.19806422,1.195212,0.7738269,0.44499487,0.71322024,1.1859906,1.1024309,1.0160741,1.4430668,0.78253525,0.8331454,0.41093752,0.58371466,0.34129986,0.33511314,0.56257355,1.425931,0.5829284,0.68786037,1.4757544,0.11333366,0.062848166,0.9699944,1.6008126,0.53354675,0.37525424,0.80728036,0.9147057,0.44100615,0.6542536,0.87606746,0.37765712,0.83697027,1.531752,1.2365443,1.1521653,1.4088281,0.60790795,0.4966618,1.7301733,0.5490406,0.35757524,2.9297383,0.21310802,0.20174971,0.6196233,0.8070486,1.2071459,1.6075101,1.586052,0.6542911,0.14036874,1.434995,1.1196829,0.01944855,2.8727052,0.5537166,0.2676441,0.38336647,0.18901847,1.0398492,1.416507,1.2579885,0.84601164,0.87573326,0.95029974,0.63135207,0.2542085,0.70231503,2.108643,0.57148767,1.2605333,0.7577231,0.23773582,0.017723357,0.30460265,0.19210167,0.6232927,0.13542391,0.4435712,0.6379963,1.3145381,0.5542465,0.41899315,1.4586474,1.4672834,0.3878445,0.1460074,0.31113085,0.47069767,1.1938344,1.7222097,0.3642452,1.5102131,0.45345655,1.1856793,0.36540285,0.74391747,0.2590432,1.2688812,0.6158874,1.0212836,0.40174344,0.14215964,0.03412097,2.6942873,1.437104,0.9989239,0.82001877,0.8782329,1.0874066,0.49503598,1.6211517,0.61805147,0.22682689,0.7909519,0.38076353,0.08990521,0.44487172,0.9303442,0.28584713,0.28288865,1.5509447,0.15752563,0.19345762,1.5791389,0.045636702,1.2712842,1.5421768,2.1325169,0.0059892884,0.20200203,0.5130925,0.18960431,0.4671619,1.715688,0.30650952,0.103611454,1.1385227,1.5298856,2.2328217,0.6183621,0.831957,0.25123662,1.7607585,0.019963058,0.5516581,0.44860336,1.6864117,0.67722434,0.7278226,0.24805357,0.51801854,0.07766504,1.3433591,0.8380341,1.101002,2.02703,1.0314814,0.03480993,0.28285694,0.35285825,0.7171317,0.8751446,0.06288325,1.0205053,1.5899508,2.0037484,0.2641443,0.9326854,0.13468254,1.5204458,0.10049226,0.3361214,0.33133268,0.7067882,0.09012085,0.42800006,1.2227978,0.45671824,1.0898416,0.25710133,0.14611872,2.6334426,0.16479737,0.19879122,0.8495352,0.18303575,0.13026193,0.7533367,1.994707,2.101185,0.26594773,0.06278835,0.16267435,0.44208923,0.31107593,1.1860025,0.95658314,0.50164706,0.38812283,0.6756724,0.5445982,0.70214945,0.1054759,2.0435672,0.70533293,1.0020777,0.62680626,0.568302,0.44631124,0.16971163,1.383882,0.6196486,1.1113207,1.8736974,1.1930965,0.17039587,0.5603607,0.71278673,0.5184527,0.8367984,0.30377248,0.21028164,0.18453321,0.069727324,1.0622766,0.69063467,0.87194073,0.0807181,0.7802536,0.9800709,0.3118735,0.20223746,0.16520545,1.2686155,1.0711834,0.40049845,0.31490007,1.1550483,0.09751288,1.6475374,0.5052633,0.13319728,0.2788162,0.9306105,2.361028,0.003992631,0.29410532,1.5082912,0.708648,0.6853776,0.86718625,1.3872688,1.0362593,0.01671242,2.0295773,0.69756585,0.83376145,0.88043404,0.10980888,1.3493637,0.9293352,1.6247966,1.5892147,2.5973637,0.36287975,0.64133865,1.0903172,2.5992477,0.8218484,0.36231574,0.6177202,0.33527723,0.06537725,1.0924255,1.1612003,0.25824285,0.59545296,2.8898227,0.6801969,0.8817931,3.1377811,0.9837008,0.28322226,0.5109112,1.4642489,1.0831635,0.041941725,1.1093339,0.37344512,1.2898754,0.8141037,0.6159578,0.04355995,0.401931,2.206705,0.75536144,0.8370003,1.0607548,0.63472855,0.7117979,0.23987935,1.9099094,1.2016082,0.59656376,0.5456518,0.32030466,0.2511505,1.1237198,0.92780185,0.38756526,1.8503411,0.33394152,3.2012503,0.4876885,1.7176994,0.10285519,0.799191,0.83322144,0.38753778,0.5272095,0.3921128,0.2006475,0.07180528,2.0626643,0.24582262,0.438349,0.44984403,2.2545567,1.1024714,0.2891577,0.14783938,0.81707865,0.9908651,1.3889747,0.27695265,0.31207687,1.3237689,0.4091421,1.4894252,1.150449,0.5995678,0.07327544,0.73463047,1.8666139,0.88611555,2.38062,1.4748251,0.07738937,1.4247439,0.3923461,0.33891514,0.27499095,0.2541032,0.98864394,1.2830122,1.2703589,0.5218346,0.6946223,1.6982338,0.035559375,2.06396,0.053161032,0.539601,1.0390345,1.4166341,0.79628575,0.5087963,0.40437534,0.2354876,0.4087324,0.13916597,0.019724416,0.05971491,0.60192955,0.0972319,0.46072114,0.52985454,0.7500967,3.3622887,0.28315103,1.7223898,0.033817638,0.14979741,0.5968036,0.9200488,0.6758296,0.1287743,0.7781657,0.46426976,all_pothole_images\pothole_images_enhanced_98730b0391e126d12d2acdb27f0e279a.jpg
0.18225168,0.8210376,0.08031914,2.2502034,0.3518444,0.2321878,0.43691117,1.5887345,0.09007187,1.9816464,0.36553407,0.7842673,0.028751401,1.6034187,0.0,0.45632288,0.13682419,0.79506963,0.7671202,0.43415782,1.5106852,0.9531451,0.03727266,0.44820315,1.0146446,2.64794,0.4788828,3.0381289,0.72893274,0.20013143,0.053124506,0.20276082,0.14864358,2.153459,0.32601818,2.034949,0.2501456,0.5874194,0.10436525,0.55128455,0.027054163,0.10184037,1.0011629,1.4239817,1.6655871,0.05954474,0.03996573,0.00086661044,2.2946324,0.60459167,0.75560457,0.5545807,0.13804628,0.121043235,0.22181763,2.298523,1.7284231,1.5819236,0.7242372,1.30356,1.2236676,0.50029165,0.83547693,0.92293054,2.8106072,2.2902815,0.16374429,0.69271773,0.18971513,0.08715035,0.75415176,0.19482307,1.1005387,0.1443546,0.99458313,0.76168925,0.0791382,1.8177406,0.7494253,0.32639,0.48876005,1.4853603,0.42731208,1.6825455,0.1369579,0.47843114,1.7077935,0.041754834,1.4249364,1.3323462,0.01951388,0.44323772,2.252281,1.8442237,0.18545811,0.26737547,0.22767234,0.37989947,1.2916236,0.9114101,0.122925736,4.9707637,1.1823504,0.4909839,1.7233943,0.09386366,1.4051781,2.422861,0.47055295,0.040627852,0.54615384,0.18485446,1.8453466,0.6114381,0.8974983,0.14334598,0.5182519,0.751617,3.0627596,1.5366248,1.7768676,0.03249227,0.102584995,0.9103395,1.9281155,0.13970624,1.7814075,1.1818532,1.7604493,0.68838173,0.40574753,0.0,0.42121208,0.8485721,2.1894634,0.30601037,0.67804927,1.8081726,1.4248062,0.30691332,0.18886045,0.68206054,1.9317393,1.2261454,0.18941666,1.1810178,1.0494801,0.6715221,0.5886546,0.38820782,0.82440424,0.51431584,0.68610215,0.23124722,1.6360785,1.0695664,1.4863627,0.22298357,0.67179775,0.06819266,1.508935,1.5047615,0.344077,3.6635623,0.617868,0.12587109,1.8078384,0.4079022,2.0720556,1.7903962,0.20530462,0.38119227,1.7946129,0.35644335,0.5365886,0.15394649,0.77442557,0.31677297,0.2174368,0.5199365,2.0290244,2.449638,2.4733298,1.1440666,1.220262,0.6354728,0.7393762,0.95516765,0.5213353,0.75668395,0.007823883,2.3128371,0.0,1.3800752,0.45837176,1.847873,1.5846952,0.7010887,0.31869438,0.06607307,0.8106106,0.7966213,0.6016339,0.031095607,0.6016207,0.06491377,0.50792384,0.37020814,1.2924792,0.4835555,0.009778989,0.009310607,0.49189007,0.9347715,2.9636285,0.91666925,0.73892117,0.27408814,1.2447479,0.64454967,0.2550212,0.12010071,0.9724645,0.8590209,0.0044244,0.8730415,1.0064783,0.24136361,0.68681943,0.6803993,1.6174288,0.020197302,0.72346216,0.4329553,0.13433184,0.29276386,1.2730069,0.779473,0.0111973025,0.26541382,0.07756005,0.2575327,1.0746318,0.36677918,0.90402997,0.14391628,0.8168336,0.57960516,0.5318747,4.4833026,3.6786966,0.41539627,0.4950353,0.66438043,0.4732942,0.9770886,0.7586312,0.0153824445,1.1863593,3.0254734,1.1525198,0.13553746,0.41736966,0.024871733,1.6486145,0.094158776,1.3229787,0.0,1.1538134,0.098359615,0.53362936,0.036841676,2.343371,0.47867146,0.524219,0.043986127,0.23740488,1.1694373,0.118533835,2.061216,1.6170156,1.2580913,0.81985784,0.7938679,1.9565984,0.59735495,0.8332787,2.1129515,2.7007866,1.8701377,0.0,0.5426391,0.39088544,0.59190124,1.8981377,1.4476019,0.012597491,0.94206,0.34698415,2.5372946,1.6232277,1.8565183,1.2780088,0.0070862104,4.6693144,0.9467031,0.25733572,0.0,1.8501257,0.5445905,0.76468307,0.6592827,2.5662534,0.4514499,0.69537723,0.8839298,0.08338223,0.5947457,1.4989319,0.3800582,0.57305026,0.110500745,0.723625,1.0554334,0.64355415,0.17053083,0.08279136,0.81247115,0.58708775,0.83029425,1.428187,0.6663499,0.08072713,0.7422695,1.2183208,0.4123248,1.1881993,2.0295033,0.59034216,0.92667466,3.8757665,1.3146682,1.0751357,1.3584131,1.2866389,1.1662089,1.4384544,0.93427944,0.6947431,0.52864325,0.1730233,0.049773246,1.6362597,0.8271425,0.19172259,1.0189241,0.118085764,2.4646103,2.5306504,0.396116,0.8325356,0.426179,0.16695037,1.9466057,0.03862409,0.66621685,1.8705813,0.30363464,0.61499023,1.1552861,0.875856,0.00899096,0.9465085,0.123079084,0.31125143,0.48047438,0.23806338,0.017915066,0.42464414,1.3231999,1.1280543,0.36916357,0.1865065,0.66175234,1.3859367,2.0828452,1.5570177,4.300009,0.16702813,0.96991605,1.0887936,0.36092758,0.7425968,0.21090336,0.16431478,0.50539047,1.0944005,0.9184073,1.0522996,0.44599056,1.2405188,1.2431809,0.4545425,0.27462664,0.4615537,1.2607427,0.2187121,0.9205962,0.716738,0.0,0.69903755,0.0052519008,0.0019588335,0.8208438,0.29397234,1.3229965,1.7178388,1.0035638,0.45241228,0.70607644,2.1667407,0.28895903,2.416315,2.067765,2.819533,0.10606635,0.8966251,0.74667794,1.2652527,0.5723433,1.2544146,0.6997295,1.0458493,0.42651662,1.397618,1.4142041,2.106352,0.7681483,1.0590594,0.8949761,1.1461685,1.7542987,0.8894657,0.05260756,0.34648857,0.19114797,0.7072554,0.52157784,0.05536709,0.7330468,0.56940603,1.1771743,0.13556035,0.93209815,0.63749725,0.6890368,0.5964448,0.22330736,0.44433632,0.4606163,0.9757642,0.34534186,0.06653825,0.42383668,2.8651304,0.68928707,0.1453584,0.08177146,0.38295078,1.5237361,0.014222654,0.30663767,0.6779361,0.028630037,1.7163565,0.021185953,2.6755447,1.0088652,0.33894056,0.13114941,0.27316213,1.3401265,1.1210148,0.025728952,0.08739968,0.29022035,0.8877285,0.009616619,0.43139243,0.0,0.63906467,1.0671648,1.5648581,0.37804723,0.2535844,0.1851744,0.15512893,0.74116313,2.664453,1.0692306,2.4977384,2.9261122,1.0507184,0.22047362,1.2097952,0.93261373,0.06653622,0.77800864,1.3384438,0.6046955,1.392894,1.6313956,all_pothole_images\pothole_images_enhanced_988a16ac0cc79ef2332d690c68485a35.jpg
1.2583609,0.42040837,0.030877003,1.5164237,0.5531678,0.20535141,0.25098228,0.04442325,0.2989805,0.051875785,0.19500805,0.27948067,0.24208629,0.9075746,0.020508561,0.28529042,0.41788575,0.68019277,0.43993923,0.046718694,0.48371255,2.825403,0.3727248,0.27977324,1.70359,0.336488,0.042415526,1.7552614,0.25270995,0.062253024,0.6798745,1.096268,0.5892638,0.35545012,0.38554966,1.2611223,0.15021859,1.4369245,0.31731686,0.32136485,0.02645762,0.025779264,0.02265313,0.81874657,0.11455328,0.92221284,0.041988842,0.2498318,0.5841629,1.6246773,0.44311526,0.22999358,0.2604584,0.49409693,0.31698176,0.91734,0.9694502,0.29822984,0.2798603,0.30111635,0.17777374,0.6413769,0.18475129,0.115605414,0.910176,2.2025933,0.31609565,0.08670391,1.0138222,0.18565492,0.0,0.16351722,0.53276646,0.15821052,0.5837345,0.17645614,0.040396515,0.62685543,0.09377101,0.059592947,0.067219935,0.0015407355,0.15254848,1.8544242,0.91945505,0.052562196,0.06092962,0.057878762,1.783119,0.45445374,0.36074573,0.28109428,0.022872932,0.0085889045,0.04909554,0.0031785988,0.8356904,0.66321814,0.51942575,0.09672512,0.02182829,1.8872612,1.0743076,0.0,0.2674012,0.50953656,0.05033871,0.9236485,0.0,0.026870016,0.037763678,2.9659734,0.5380824,0.84083605,0.6397122,0.67411554,2.204542,0.14324073,2.398705,0.97407514,3.382567,0.55271184,0.4299613,1.7444853,0.0037773303,1.1982324,0.19241154,1.6906539,0.4057616,0.03005932,0.3290572,0.0,0.24026975,0.15885104,0.03383741,0.73595285,0.262271,0.5200669,0.06729756,0.01799742,0.3710963,0.16497895,0.6628304,0.8344076,0.10222179,0.47895208,0.011538511,0.9106344,0.32879388,0.006151721,0.62067527,1.3795838,0.0,0.20595235,1.8158684,0.66012454,0.6568954,0.21164003,2.207858,0.08866197,0.75688994,2.0770848,0.024405792,2.4574447,0.025119105,1.1417118,0.52011245,0.06084888,1.0569303,0.91396016,0.058623165,0.09390377,0.0,0.02328188,0.9960255,0.0017071407,0.014106989,0.06674925,0.00072596647,8.218759e-06,0.0035640541,2.143664,1.5619293,2.2489903,1.0761094,1.074535,0.38687444,0.5315938,0.9844742,0.6842735,0.13403104,0.29052433,0.16229925,1.2913206,0.40023983,0.66375947,0.5514192,0.37268314,0.36683735,0.6700834,0.36767444,1.1888064,1.9368637,1.00303,1.9701136,0.33575583,0.10213752,0.311287,1.1752901,0.12457963,0.013773867,0.001064557,0.47478503,0.5325537,1.1379493,1.2668465,0.2647932,0.25213596,0.467223,0.002863873,0.14312494,0.24471678,0.29689983,0.5729485,0.17075025,0.6515339,1.6765343,0.6733661,0.89811736,0.047827166,0.020762993,0.1366126,1.4523393,0.39151207,0.115504675,0.13617606,2.4980035,0.0,0.019555314,0.7657612,0.1691784,0.07838986,0.059190135,0.3554831,0.83686966,0.07535922,0.28573132,0.5935346,0.29077148,4.572643,2.7181492,0.54959345,0.47206318,0.82874465,0.06327494,0.3177492,0.49712887,0.44645223,0.15126531,1.7646557,0.0060080136,0.0,0.6637465,1.6898708,0.66884923,0.3206348,0.44825378,0.5699346,0.2709869,0.5317399,0.23681043,0.04935885,0.0,0.71644616,1.1258906,1.4724,0.24123974,0.36015627,0.37326616,0.5708179,0.281335,0.6952128,0.058766633,0.31248307,0.387869,0.90649855,1.0501052,0.5536485,0.19211118,0.4745048,0.036166973,0.016630061,0.033674918,0.8945865,0.05443848,0.14795753,0.010649918,1.0660347,0.22935833,1.119977,0.37754726,0.3544806,0.0019950196,1.0777773,2.8508723,0.52617586,0.0,0.46099782,0.064902686,0.30043486,1.7666029,0.1878838,1.7121977,2.0209095,0.44885,0.81701547,0.0,1.2557709,2.9222376,0.020991715,0.76594603,0.0,0.58408326,0.0051103695,0.35271186,0.9187446,0.1788137,0.0,0.35823402,0.023608223,0.84617066,0.7869418,0.02036534,0.01487995,0.24690527,0.017515851,0.71786284,0.012689421,0.15546435,0.29609355,0.17029905,0.08252833,1.9905688,0.6019532,0.797449,0.7914006,0.11691002,0.24881789,0.5314179,0.48695567,0.15517685,0.9738075,0.005757651,0.22721504,0.13087547,1.0035067,0.14600003,1.0558606,1.1936617,1.8291354,0.0434875,0.32704863,0.5041764,0.45829025,0.27240613,0.4659297,2.2647471,0.16931097,0.11494028,0.0070346203,1.2776933,0.09157619,1.0449638,0.022033652,0.21974821,0.49448502,0.13976285,0.22024533,0.39955324,0.11272629,0.9382447,0.026129646,0.6569323,0.46537796,3.2172942,0.20271696,0.8061643,0.0,0.06382609,1.4961369,0.9976034,1.6013077,0.3563584,0.630633,0.011103849,0.19522414,1.3075286,0.4190462,0.024959875,0.28974277,3.0581312,0.93123615,0.42879376,0.040329415,0.6722474,0.41036734,0.111216076,0.39143753,0.075362585,0.3017599,0.6349533,0.33245957,0.22384204,0.67299044,0.24759199,0.004572962,0.29876676,0.3237987,1.0106394,0.11378861,2.712011,0.2131679,0.31748444,2.0813134,1.9099345,0.1884591,0.4938324,0.9509962,0.0034013232,1.5600063,0.3505134,0.3020673,0.8109903,0.8533306,0.23029506,3.271605,0.57907814,0.8978964,0.009185202,0.4699412,0.25464693,1.0673584,0.15687166,0.84603864,0.18001036,0.036817353,0.36052278,0.35034636,0.16542839,0.61587244,1.5345923,0.77359086,0.40768236,0.70027006,1.5444709,1.284244,0.9558937,0.09168438,0.11048432,1.6876928,0.8185392,0.20868304,1.9876878,0.0,0.71841556,1.3766464,0.5672362,0.0,0.5953307,0.010624553,0.97812885,0.9466637,0.021672864,0.9451776,1.1435218,0.1749299,0.25102848,0.9177302,0.12686893,0.14526312,0.1884222,4.750701,0.9267255,0.14066416,0.15800127,0.4141206,0.3657072,0.0,0.76538676,0.30168048,0.023149481,0.62655944,0.04284015,0.02365826,0.084909886,0.06584469,0.18931513,0.5666922,0.6514059,0.024097495,0.30128467,4.551662,1.1068115,0.0,0.22700706,0.79549515,0.055401362,0.13055424,0.670209,0.03488123,0.12672935,0.85683453,all_pothole_images\pothole_images_enhanced_98c9322ae90c8807a88cc795528f310b.jpg
0.7463231,1.1036048,0.8010392,2.4542665,0.09975705,2.5086465,0.5530084,0.69971496,0.09485402,0.0,0.1378699,0.80570763,0.46329486,0.76800567,1.4064827,0.527238,0.081353106,0.62996495,0.56822824,0.14241219,0.66335183,2.1519573,0.046433005,0.18828654,0.6890655,0.49671346,0.19692124,1.5920588,0.37696743,0.134806,0.97066045,0.91814107,0.54816103,0.26331478,0.07312567,2.5539534,0.36479738,1.2418535,0.94030124,1.1083931,0.7855475,0.19079983,1.1393844,1.6697581,0.4978927,0.07714544,0.4106023,0.26715577,1.6133931,1.1040579,0.36700675,0.52909774,0.33926,0.94416946,0.3491762,1.2832779,2.5700357,0.20607072,0.93845737,0.12823941,0.095814995,0.786838,0.6038569,0.22596988,0.42615452,4.501952,0.8152748,0.22336294,1.4909042,0.047186457,0.29735556,0.5058859,1.1221704,0.36177167,1.7899327,0.82527184,0.14615773,0.95248693,0.4895826,1.0044606,0.11927482,0.030350035,0.90679157,0.31723282,0.76130676,0.30443808,0.27951154,0.7433177,2.1151752,0.15669285,0.38260287,0.10322453,0.15454823,0.36273324,0.9385531,0.011883555,1.5607901,1.0810715,1.37789,0.511617,0.15732527,1.6124656,0.5757715,0.009671273,0.54301715,0.08113731,0.19392507,0.39787135,0.41306382,0.36647823,0.09164131,3.3314047,0.89639,0.7026292,1.0665699,0.4154944,1.8842751,0.25756705,3.1761305,1.4319056,1.5339025,1.0795578,1.3645046,0.0,0.5476944,0.8754888,0.28719068,1.3797294,1.4180105,0.34164023,0.27584866,0.08202122,0.24889617,0.09239292,0.12484945,0.40336052,0.28954342,1.3902125,0.7452088,0.16283946,0.80174536,0.4376534,0.00636522,0.52629644,0.4181816,1.8761634,0.0,0.12026156,0.19665162,0.83088744,0.68032527,0.80638325,0.08324531,0.015607455,1.1352966,1.2724154,0.9567748,0.4246244,2.3605304,0.10160828,1.304485,0.4383797,0.078401655,1.9285173,0.54797614,0.79735094,0.0,0.08271653,3.0675848,0.4642168,0.013498827,0.23313257,0.09633854,0.035740554,0.88872236,0.39302814,0.14966235,0.008695364,0.6154864,0.25618738,0.027895033,3.644013,2.7195692,0.97402984,1.9039742,0.46478274,0.19267051,1.4221853,0.845338,1.036264,1.2585522,0.37785694,0.030059697,2.5853875,0.2712811,0.10427173,0.35706547,0.9332063,1.229856,1.6064438,0.85337496,1.3097608,0.83702785,1.8028371,1.3793585,0.9514309,0.03745539,1.7974327,0.3346004,1.1231889,0.025365625,0.029205613,1.5087205,2.3603745,0.81782764,2.449117,0.48762706,0.3855051,0.94023746,0.3890199,0.6561178,1.6375318,1.1224332,1.1522204,0.20520508,0.5626867,3.9715135,0.1345827,0.031642582,0.1358687,0.38918266,0.5829348,0.16114575,0.16266744,0.50893784,0.11655392,1.6167511,0.010437315,0.7138558,0.27787822,0.9565649,0.6709989,0.29972994,0.06375028,0.24069019,0.024112256,1.6472608,0.10873474,0.12296799,3.8668306,3.944515,1.0234315,1.1702713,0.10456091,0.10369264,0.7706291,1.4446146,0.6428151,0.63345134,3.9331136,0.15630755,0.24543153,1.2937258,2.2080545,1.1155756,1.5994554,0.74179924,0.99622786,0.8823332,0.5672054,0.038584456,0.048067752,0.03313881,0.3247628,1.9107529,1.8136404,1.8216,1.2297684,0.67623085,0.8461383,0.014065581,0.113088034,0.098143935,0.33466837,0.22649087,0.2961946,0.64101803,0.27296436,0.9265532,0.29670772,1.2763156,0.26000085,0.32376432,0.5883192,0.44722018,0.31719747,0.17962448,1.8683203,0.8786325,0.27959388,0.19705406,0.38081345,0.48932546,2.0125446,5.3464727,0.86571705,0.2805634,2.076811,0.36502868,0.83191353,1.2046846,2.0992084,2.204838,0.5050819,0.2198557,1.2510855,0.015427425,1.1385677,1.3198339,0.6239837,0.1357569,0.0016078308,0.0051681497,0.12786326,1.2722166,0.5115636,0.76196444,0.04755917,0.47171587,0.8053992,1.88841,0.74353844,0.35148802,0.09575704,0.14056657,0.5838353,2.1110847,0.5193471,0.07392052,0.4434459,0.20509957,1.6881558,3.465032,0.3938577,2.5835302,1.4964397,0.6125528,0.0041776537,0.35202223,0.6082939,1.6219473,0.76954913,1.0515505,0.0276656,0.0846246,0.22614619,0.56200176,1.1710185,0.68049884,0.6343008,0.0,0.14525656,0.51734674,0.43175888,0.0042616855,0.33804715,1.8293799,0.2265411,0.5714106,0.061429128,2.126775,0.30775493,0.6165606,0.004396196,0.8061173,0.2707454,0.7337009,0.19796264,1.4382113,0.10629462,0.15293455,0.03344721,0.49337503,1.671245,4.4332514,2.5292861,0.9953529,0.004506097,0.986475,0.9290429,0.49139628,2.4256103,0.30169725,0.8600174,0.23119295,0.105030164,0.5580983,0.8172849,0.25774923,0.31480783,3.8447251,0.16755107,0.5640196,1.1398828,0.51471466,0.13299185,0.20773919,1.7352293,0.11032451,0.20565045,1.0921419,1.2738974,0.96993345,0.81465834,0.1060551,0.064966746,0.94919395,0.0585658,0.4015611,0.00908776,3.0441396,0.19041711,0.009418198,1.2952987,2.9649913,0.29388055,0.2336975,1.7907878,0.052107003,1.1024561,0.24909163,0.96338,0.33934823,1.0806462,0.36549318,4.3068185,1.5282649,1.3642395,0.2118024,1.5895182,0.6324661,1.1830149,0.35787776,0.7787133,1.1528865,0.025363225,0.25739986,0.25434455,0.18083034,0.25013217,0.28945383,1.353273,1.2818366,0.8381838,1.2797873,1.4427477,1.2533103,0.36948413,2.0123723,1.7569546,0.8602873,0.83587426,1.3293594,0.18458973,1.1490337,0.5338359,0.7092446,0.4439267,1.0171134,0.24503352,0.42509106,0.53727233,0.7440405,0.1514823,0.6375998,0.025560275,1.1318071,1.0440059,0.4597926,0.22674257,0.27739266,3.4410899,1.450067,0.36310974,0.0089476425,0.11430061,0.767226,0.24086119,2.1900492,0.054041315,0.32307154,1.090244,0.45812556,0.32841313,0.49217024,0.8779396,0.21499602,0.29744118,0.102373295,0.84052086,0.6564695,5.1870737,1.3871442,0.24091956,0.13527368,0.48881164,0.008339738,0.91132843,0.26973003,1.5629431,0.78934485,0.59538126,all_pothole_images\pothole_images_enhanced_98d417f6e9f378752c83fec3867854de.jpg
0.06199244,0.87685114,0.43050435,1.1353282,0.25283188,0.028868437,0.29985523,0.0022628864,0.032919697,0.7996203,0.10754747,0.008722557,0.31753445,0.9761409,0.0,0.21086861,0.113559544,1.0852771,0.5465157,0.5412305,0.20436051,0.4063023,2.0026746,2.0259166,1.1797184,0.27434075,0.45213357,0.7203366,0.065361165,0.17523976,1.0079709,0.14121087,0.033547055,0.6542,0.23566115,0.6445066,0.5331319,0.8402627,0.518189,0.09306261,0.028481571,0.25947377,0.07123241,0.24596767,0.37374535,0.103611246,0.12643288,0.10273797,0.034477655,0.56678987,0.1188584,0.18798427,0.562528,0.18177868,0.12828237,0.06537055,0.8327895,0.102727264,0.2874198,0.40276632,0.17195074,0.14430362,0.6241201,0.23293015,1.4136225,0.04977528,0.16662309,0.044322878,0.08210529,0.106817275,0.14798917,0.28785613,0.12980524,0.023324732,0.24970087,0.10403129,0.17048907,0.5852273,0.0,0.0,0.009713261,0.14425355,0.103261515,0.9264308,0.40800276,0.14778407,0.10729662,0.17378591,1.505894,0.3252387,0.16379072,0.38021153,0.0053209276,0.09228506,0.22323044,0.0,1.36904,0.86652255,0.1958828,0.013286968,0.27316344,1.8165258,0.231206,0.003414584,1.2558727,0.77925336,0.0039662835,0.3317204,0.08468958,1.0702231,0.02503087,0.7369899,0.70051306,1.4916911,0.10097631,0.14022957,0.31953466,0.14532158,1.4612826,0.67093235,1.9198766,0.9073925,0.35229337,1.1213063,0.26898348,0.382883,0.24414124,0.11984393,0.9554207,0.033403262,0.6572599,0.017856002,0.11515415,0.1624479,0.011177818,0.29282513,0.052068543,0.101037785,0.060032796,0.0,1.1746234,1.0614526,0.53008205,1.446102,0.08807805,0.7038107,0.33514968,1.3543212,0.16826764,0.047764257,0.6300612,0.2138141,0.0,0.0016817844,0.86912906,0.39051887,0.07960763,0.09315686,0.39912352,0.12872864,1.6857439,0.6640908,0.019525958,2.1722362,0.17505844,0.6156807,1.6378262,0.093627766,0.97063255,1.2282497,0.26687792,0.0,0.09679581,0.0600397,0.4919355,0.23478353,0.064318374,0.048538905,0.11930329,0.030905304,0.21858078,1.1064599,0.924977,0.70828,2.295061,0.2814924,0.034151666,0.18236986,0.2822283,0.7551774,0.4689967,1.2699865,0.13722025,1.0227338,0.018772587,0.47232482,0.43596244,1.4457829,0.4764204,0.27274206,0.69883895,0.10486149,0.17599615,0.15019646,0.40340418,0.53878146,0.33818695,0.1497972,2.3557498,0.91134906,0.0018183119,0.119054094,0.4559207,0.116376154,0.3718075,0.6404198,1.3237946,0.430893,0.6721076,0.19274968,0.21511339,0.4445264,0.3771989,0.075485304,0.012047164,0.0,1.2070762,0.0,2.3328328,0.4305895,0.018879114,0.0019116481,0.7508509,0.10391962,0.12018881,0.010606,0.51137155,0.07147903,0.22359473,0.23904727,0.24885727,0.13421524,0.4453096,0.036654815,0.0101935165,0.12923104,0.3005952,0.21026252,0.05071908,4.874777,0.13327895,0.20946841,0.02857467,0.12957071,0.13856953,0.17126243,1.2181664,0.48292103,0.044026367,1.3945343,0.21772738,0.2521583,0.26411486,0.124261744,0.07787971,0.66663563,0.06011704,0.36122656,2.6840866,0.007960455,0.12234618,0.074372575,0.2140103,1.1225653,0.10739273,0.3632782,0.1000315,0.40230885,0.19365749,0.507605,0.024881737,0.02107633,0.73723024,0.06379633,0.14065799,0.37487733,0.07131966,0.36664173,0.41622555,0.19359165,0.21573846,0.047148835,0.14572982,0.27094856,0.13457961,0.46932042,0.44963253,0.22080423,0.014611642,1.0343808,0.6272304,0.063566014,0.034008034,0.1233096,4.594236,0.04589169,0.09419838,0.0796377,0.18195164,0.07704795,0.06237731,1.1253649,3.6218152,1.2542279,0.25571766,0.11560906,0.041879877,0.865765,2.1132846,0.45652694,0.68595046,0.0,0.33322722,1.0665329,0.70185244,0.08934019,0.49387747,0.16476054,0.7015265,0.0,3.0962586,0.0,0.00575383,0.0031238191,0.26864338,0.029370561,0.5295058,0.0010922456,0.045044284,0.025629656,0.37313646,0.38622677,1.9591122,0.11990684,0.30175117,0.077844426,0.37181473,0.2395693,0.15646799,0.4747268,0.035036158,0.12797296,0.25857973,0.026075732,0.21514985,0.010968279,0.0,0.5736486,0.022511808,0.3836455,0.60484576,0.5046418,0.032458056,0.022235548,0.0,0.018377606,0.23241612,0.29278225,0.4051495,0.02841858,0.32350716,0.30104223,0.17007224,0.040683143,1.305457,0.70777416,0.45203602,0.634226,0.2013255,0.10911129,0.37845665,0.0,0.5699244,0.41915777,1.8038849,0.10251169,1.4835588,0.31251734,0.012452036,0.7225453,0.04642422,1.7187526,0.08605262,0.15583196,0.0,0.79149634,0.17905527,0.83033633,0.11982322,0.40423918,0.10907243,1.8614966,0.086740315,0.12548243,0.21623638,0.15426834,0.4328733,0.3751296,0.33376515,0.27630344,0.2612072,0.23042409,0.27984333,0.53289187,0.33915958,0.30361983,0.51474786,0.5634747,0.03848146,0.13356434,0.7394585,0.4863869,0.598293,1.4837596,1.5086443,0.33030313,0.558631,1.429004,0.8837017,0.3268398,0.36623272,0.7911922,0.05732131,0.037185516,0.25538298,1.8703233,0.7758882,0.08973454,0.11158549,0.53567225,0.30338532,0.36111933,0.16721939,0.047070343,0.0,0.033230275,0.30708945,0.13520585,0.019730953,0.7298281,1.3702588,0.34862724,0.47275677,0.31837136,0.031618834,0.9539959,1.5302236,0.32189363,0.34531292,0.30998835,1.7534481,0.2441676,0.6431276,0.018129775,0.33108255,0.08762701,0.0,0.030130899,0.26722768,1.2153932,1.3062623,0.18038014,0.009842352,0.45212585,0.13215351,0.002346985,0.14333661,1.4691523,0.5527403,0.08032526,0.2765783,1.7034303,1.2986497,1.2726003,0.039035805,0.60109806,0.23607242,0.035622224,0.69994074,0.026540965,0.10295415,0.6868983,0.039321233,0.0029269112,0.0,0.13841324,0.45800462,0.0014652888,0.028364837,0.12393662,0.16515455,2.8826182,0.40692252,0.05605347,0.0,0.83917123,0.022018418,0.24869515,0.2878269,0.728654,0.0875604,0.19106703,all_pothole_images\pothole_images_enhanced_98dbe0639f8f1af34fd7524d3722a5e1.jpg
1.8228383,1.0715271,0.29100436,1.5733979,1.2558228,0.63334376,0.8294615,0.09757224,0.4403088,1.5371449,0.17905,1.3421282,1.2851399,0.43441364,0.67746866,0.0006024681,0.038229227,0.6569205,0.0,0.6910154,0.42280322,0.43149546,2.6789138,1.4135902,0.62015975,0.9152339,0.31072953,1.0976235,0.2340032,0.117593706,0.19146475,0.14256357,0.3043469,2.5380704,0.1389168,0.17528452,0.10312809,0.36421585,0.52895755,0.0,0.0,1.7289344,0.2789725,0.38928023,0.12902759,0.14624885,1.7996482,0.7456841,0.42582694,0.35967064,1.2999889,1.7936871,0.387776,0.71343464,0.5797833,0.16107947,2.0976167,0.079459585,0.64982474,0.18442874,0.028353425,0.49892318,0.5012005,1.7591244,1.4733113,0.22981049,0.4151735,0.05436516,0.0077094156,0.34618697,0.7327571,0.72657424,0.71536386,0.26564342,0.9666551,0.13449837,0.31239563,0.5470451,0.0,0.0,0.6530974,0.12162154,0.9023881,0.08109036,1.9267509,0.8069484,1.3726233,0.53817445,0.273687,0.90849125,0.539424,0.30875763,0.86161864,0.2980793,1.5960205,0.7314655,1.0139381,1.310958,0.020338977,0.9902715,0.18538226,1.2040143,0.15243748,0.2815961,0.4504466,0.521423,0.30954608,1.3420751,0.728947,0.48778337,1.575046,0.41651037,3.0471408,1.9468135,0.64412177,0.2251297,0.115181126,0.03854041,1.4339805,1.0282966,0.5659781,0.58966607,0.19037974,0.70332307,0.5195233,0.99861896,3.0842159,0.75127923,1.0039146,0.20114063,0.64384395,0.11958188,0.033104952,0.1341566,0.6137583,0.63458467,0.009846717,0.2731774,0.43548653,0.6123526,1.5275769,1.0468345,0.23938054,1.0728898,0.5075511,2.3763602,0.046186004,1.9954021,0.0033890395,0.28469533,1.7299011,2.1425421,0.14690259,0.2182608,0.7092772,0.9948322,0.825508,0.1911822,2.2793996,0.49066722,1.5912092,0.57217425,0.074272856,0.6493271,0.56666934,1.149132,0.22360243,0.33380154,1.0967158,0.35255367,0.33941725,0.19936956,0.25840372,0.012080105,0.12100192,1.129352,0.3403224,0.07375283,1.1870589,0.0027121338,0.20420553,0.61226934,0.17490971,0.88543546,3.0596325,0.21319054,0.11823761,1.004221,1.173446,0.09594973,0.32271853,0.058132157,0.35449338,2.6519425,0.028567363,0.1355757,1.8010643,0.5976403,0.7661479,1.0117276,0.32454044,1.8316336,0.037612732,0.023101928,0.38237628,1.5207338,0.48470846,0.25372857,2.7814698,3.2813776,0.08733124,0.031112436,0.16515407,0.068092614,0.753002,0.38773295,1.1176767,0.44540343,0.6647532,0.31835863,1.9256648,0.032976534,0.35548878,0.43315926,0.01981391,0.11195209,1.9559499,0.13201888,0.5865538,0.0,0.31028017,0.036498148,0.12089742,0.6612953,0.22557847,0.0,0.3455863,0.27556637,0.43517596,0.22138774,0.33617884,0.0020995566,0.3687444,0.19177602,0.032353234,0.036014114,0.29026526,0.2462085,2.2495208,3.0279658,0.3116703,0.983535,0.2425073,0.0,0.87810373,0.17276733,0.37378767,0.07529631,0.2421201,2.4555745,0.56855184,0.640047,0.2233653,0.7859156,0.14718774,0.27735072,0.25887978,1.2068329,3.5436213,0.0,0.21279453,0.17552415,0.22604404,0.07034542,0.04790198,1.1861014,0.5232362,0.8976364,0.48762792,0.48018825,0.082145415,0.16893008,1.2275844,0.555312,0.041490845,0.40873033,0.9512404,0.013297387,1.3020192,0.059931096,0.9141579,0.12054574,0.32013443,2.2259924,0.14199184,1.7941772,1.8068519,0.06938288,0.5112879,1.3580577,0.93254507,0.18635651,0.022416309,0.1870504,2.210092,1.2076719,0.20066875,0.02126265,0.032268293,1.4815298,0.20607702,1.8744162,2.328249,2.4971814,1.4649949,0.7473336,0.29034287,0.3963696,1.7741481,0.17074731,1.900262,0.14970155,0.13706508,2.3929377,1.2986432,0.34253988,0.53322995,0.1146698,2.8092237,0.010232542,1.2873386,0.41563788,0.0014174866,0.053905033,0.0,0.11294642,1.9839951,0.23767923,0.37855205,0.60197014,0.68193144,0.051773645,1.7882078,0.6418244,0.89703774,1.896049,1.8327188,0.1268778,0.01151569,0.23839837,1.228086,1.9113603,0.41194323,0.4929692,0.73093134,0.091058955,0.086839214,1.4041377,0.00067887467,0.6053734,0.439195,0.12782398,0.86733574,0.82794154,0.0064855414,0.3772147,0.3777884,0.112841606,1.0613967,0.16743083,0.06374391,0.25687128,0.21161169,0.24449228,0.106920116,1.254971,0.19713806,0.3467144,1.1740817,0.58253455,0.09906099,0.29418874,0.2517979,0.031293206,2.4788797,2.9228296,2.4603107,0.0077501796,0.0015573499,0.83134264,0.01874688,1.786517,0.3679829,0.8298687,0.009758606,0.61746585,0.075093664,0.4775186,0.3113949,1.8928107,0.20201425,1.3163254,0.48633605,0.62765574,0.36233905,0.80020785,2.3156862,0.69686234,0.33176002,1.1044029,0.5786337,0.4785554,0.017447596,1.536707,0.73202294,0.5409688,1.3309026,0.7479164,2.6586363,0.49897322,1.0498512,0.6936446,0.8009295,1.0311934,2.3795652,0.0037691942,1.7487111,1.3109807,1.1769162,0.76695734,0.9853293,0.1680348,0.07204886,0.17014034,0.1339599,0.38840017,0.51997197,0.8771513,0.026012344,1.279796,0.50838876,1.0498674,0.07139926,0.8213843,0.050642584,0.028280292,0.30338746,0.5769706,0.78808963,1.4080185,2.6733255,0.22627838,0.5496464,0.08034239,0.32343227,0.5067024,1.40775,0.05134244,0.50095785,0.30965224,2.2113867,0.37923944,1.3415095,1.0990983,0.07503704,0.25220737,0.00020628232,0.013808033,0.7436173,1.1705011,0.27193928,0.11259807,0.08702173,0.9213047,0.61891097,0.4930106,0.37633657,1.491092,0.028852545,0.26080793,1.2366304,1.70135,1.5367905,1.6159989,0.4286081,0.13117704,0.4025503,0.025942486,0.6343998,0.0,0.19227028,1.1727678,0.0052919514,0.47637472,0.2255448,0.5619046,0.3462575,0.43354347,0.19361188,0.17418024,0.5791914,2.4330764,0.523062,1.5030375,1.567513,2.6955261,1.2227249,0.24915156,0.012967384,1.5749431,0.3908351,0.2210166,all_pothole_images\pothole_images_enhanced_98f7002411da263a11799330eaaefeb1.jpg
1.377169,0.8296334,0.5572511,1.8708395,1.1511018,0.49080983,1.8367803,0.46843266,0.1646929,1.1555386,0.26337472,0.9883608,0.01749625,4.393376,0.63557625,0.48380232,0.05236124,1.3184409,0.5525044,0.07427457,0.5075905,0.9266342,1.015411,0.96525854,3.1594636,1.4745533,0.6322685,3.5428452,0.4809468,0.058792375,1.6944424,0.22829491,0.68875104,0.9903557,0.39747003,0.17372014,0.23751307,2.1464515,0.23278739,0.7518606,0.004818497,1.3404053,0.43575737,1.4714464,0.22054222,2.037364,0.31958616,0.012953066,1.0173613,0.5369135,0.71526414,0.5832715,1.7398908,0.019124802,0.32481974,0.5782437,1.7563751,0.08089711,0.62312967,0.60056293,1.4585547,0.02599252,0.3891395,0.06603576,1.1067429,1.9674838,0.092265464,0.0877271,1.3627031,0.16258633,0.526594,0.21442705,1.1498997,0.030646691,0.36412647,1.415068,0.18080674,0.19191544,0.5344575,0.3876838,0.05101881,0.49259135,0.92901814,1.1567996,0.34379467,0.5740923,0.15897498,0.30826798,1.4380727,0.41016948,0.21396624,0.41663745,0.43196908,0.65790606,0.42327935,0.2692471,2.5334642,0.12913716,0.25545427,0.8329196,0.08325265,2.7556045,0.46446383,0.3542055,1.6496711,0.43623835,0.77534497,0.7066119,0.47574475,0.20218767,0.0009640742,1.3638241,1.5103487,0.73194104,1.7989041,0.12617458,0.5682935,0.4298308,0.39934352,0.41331404,2.5832038,0.91504973,0.7018365,0.20128633,1.1560206,0.0030786907,1.601211,0.18480866,0.13773838,0.17437004,0.6140271,0.20108636,0.057409562,0.2452303,0.7109904,0.5674683,0.80827945,1.0780786,0.6001502,0.08743947,0.616508,1.6520098,0.4926139,1.0615232,1.0302272,1.5624981,0.11944709,0.4921548,1.0462054,0.41355032,0.65512884,0.75762284,0.009700663,0.12608369,1.9118471,0.30082563,0.4895137,0.7140512,0.35648954,0.3923484,3.353807,3.280068,1.3245733,2.5285928,1.1446016,0.2742923,0.87463725,0.18340057,0.78777325,1.6619382,0.49300075,0.002071158,0.15689567,0.25042242,0.49810803,0.037268996,1.1067082,0.13952093,0.5535054,0.15678617,0.100496575,2.1580007,2.523885,0.45985717,1.0902069,0.73836553,0.59962565,0.73919445,0.42823908,0.8109205,1.0236808,0.21989398,0.15809157,2.4835525,0.26408964,0.2904695,0.4564698,0.71771187,0.24657619,2.1150522,0.7162079,0.94218343,1.717221,1.1081085,0.47179592,0.22097278,0.1394358,0.20107113,1.3837909,1.0086272,0.51890737,0.70214534,1.4415212,0.05970386,1.0958157,2.042162,0.7828888,0.21993327,0.5971575,1.1770988,0.8331655,0.57830787,1.5140276,0.14584245,0.64866513,0.31590074,2.190912,0.7207325,0.32847422,1.2567245,0.43516952,1.1659446,0.15770091,0.5614522,0.42495334,0.045116123,1.8822232,0.6659449,0.95364213,0.1864554,0.7904789,0.4817096,1.1008794,0.80124694,0.055739403,0.10817761,0.6014323,0.75970876,1.1279528,4.4758506,1.7175268,0.1532229,0.44396648,0.70511675,0.0,0.7220393,0.12369093,0.95201856,1.4208827,2.2934887,0.986628,0.7285639,0.5414028,0.29539186,0.12960392,0.7574333,0.5331392,0.24123798,1.0684701,0.27551213,0.7876926,0.15613407,0.45850325,0.469532,0.43507874,0.78675246,0.52300537,1.5685017,0.5132692,1.2651049,0.9675246,0.03714482,0.877442,0.8418658,1.1464915,1.052315,1.636406,0.8189766,1.5102886,0.34211758,0.03961754,0.047039874,0.47781685,0.37464416,0.3070971,0.4018617,1.012282,0.763761,0.012176002,2.906668,0.628873,1.3975967,0.017573703,0.044094037,1.7662416,0.3499509,0.047511354,0.8561785,0.0,0.5178208,0.8237176,1.1831479,0.84736365,1.9462031,0.29940224,0.37010333,0.2937865,0.94886535,1.4383227,1.2336161,0.45580548,0.41944477,0.7606721,0.8207939,1.2865504,0.55908525,0.044890482,0.5925565,0.420152,1.289348,1.6287003,0.26750198,0.010790933,0.7031675,0.9175692,0.5305464,1.8567898,1.1502236,1.0890151,1.4578786,0.141451,0.62159485,1.0698781,1.5165647,1.0072027,0.25957137,0.18116951,1.0448862,0.6324079,0.31605664,0.0963778,0.8114688,0.820741,0.41511643,0.22001223,0.27815986,0.17242403,1.2300863,0.33330283,0.4283445,1.496691,0.00443778,0.65692925,0.5622624,0.019629546,0.056904275,1.9613822,0.7957846,0.95746034,1.0167488,1.1225373,0.44802046,0.47256994,0.72837275,0.07998725,0.08083731,0.0146892965,0.38798833,0.4978807,0.07117983,1.7845011,0.23107976,0.1097205,0.59774196,2.0205932,0.70212334,1.039789,0.02454921,0.011980231,2.5413673,0.83400124,1.9420356,0.3781002,1.2129928,0.69236153,0.20055816,1.2365153,1.1846756,0.774692,0.31259587,1.1399075,0.9791266,0.66440374,0.68060106,0.42847154,0.68926066,0.15747344,1.7067974,0.6471131,0.15966456,0.33246604,1.0593674,0.059856977,1.6603492,0.0,0.31307948,0.7739566,0.873226,1.4094347,0.012224893,1.9015704,0.5884651,1.5987314,1.2056324,2.0375168,0.17192009,0.50949436,0.42178655,0.3571773,0.7017397,0.15353057,1.1139399,0.9423776,1.1850307,1.4239631,2.6761088,0.72979516,0.9596157,0.15742092,0.2530336,1.3456017,0.67631054,0.0052935393,0.02440374,0.0,0.0020957899,0.25230926,0.7164113,0.03737173,0.29048342,1.3143067,0.32209584,0.30488834,0.47801706,1.1174845,0.34368965,0.61488825,0.17664865,0.06261739,1.047338,1.2187507,0.41026753,0.65064263,0.28246966,0.47184837,0.3702152,0.92090535,0.12512493,0.5967697,0.9753758,0.15599664,0.62915045,0.25659832,0.20218112,0.73515624,0.40367272,0.6433648,0.4019407,0.95698434,0.1953102,1.335689,1.4079415,0.9984408,1.2428865,0.072794765,1.0377889,0.93797076,0.32939392,1.8895197,0.0,0.7654082,0.87804943,0.7425067,0.1429718,0.35786796,0.23300746,0.76256955,0.10247384,0.8018301,0.6985922,0.35031042,1.6204282,0.7707456,0.9297985,0.19568245,0.23009838,0.69240266,0.62289214,0.15532517,0.30901745,0.14689198,1.1345196,all_pothole_images\pothole_images_enhanced_997ed90972e2f28f2506ba4ae10b0e39.jpg
0.39784092,1.3032534,0.06998171,1.4866486,0.55229694,0.30162486,0.779728,0.40031388,0.2554902,0.90298146,0.71954453,0.67944264,0.22897193,1.2028596,0.0,0.5021301,0.5209352,0.34285456,2.3495111,0.111075155,1.4944929,0.44389215,0.59454733,1.2195681,0.5163465,0.44018257,0.39892897,1.6941665,0.0031567086,0.73247045,0.91138333,0.13583905,0.452091,0.6879402,0.32444564,2.6198566,1.1713325,0.675583,1.74064,0.8481489,0.07922281,0.17762153,0.025892662,0.108554,0.8271609,1.1647861,0.09587359,0.36065292,0.42157695,1.1813627,1.000583,0.48935068,0.34925103,0.0010786147,0.0020232631,2.8279667,0.4968219,0.593556,1.0654485,0.19653985,0.8322113,0.45765164,0.10560849,0.23017243,1.7121009,1.5642086,0.64211994,0.4923875,0.6362925,0.9456343,0.57798845,0.41645753,0.14982438,0.64022076,0.038443655,0.2876878,0.12652962,0.18233605,0.10663355,0.37694997,0.034499824,0.9131719,0.6854388,3.063294,0.2395843,0.70426697,0.53278106,0.09623667,1.0378186,0.34144345,1.3093582,2.009619,0.18067534,0.5904964,0.37240818,0.27411652,0.46756363,2.0974858,0.23876467,0.67570347,1.3385414,2.4855518,0.15223452,0.0,1.5580844,0.047627166,0.38567504,0.15701567,1.6639893,0.4604228,0.2909137,0.0076355482,0.9666891,0.52646875,0.43553278,0.63130456,0.7854946,0.29006413,1.3753679,1.0727957,2.0724528,0.54177773,0.252865,1.0898327,1.4859228,1.7113601,1.6918737,1.5801786,0.9367467,0.4437872,1.2745401,0.06775002,0.15292817,0.84972066,0.47204325,0.6274727,0.37789705,0.6523034,0.7336326,0.45162013,1.5924288,1.2762264,0.0570834,0.9742921,0.18344809,0.7405,0.6629917,0.57355636,1.8587743,0.11223117,0.4700838,0.7403547,0.44917443,0.0,0.47625452,0.42941055,0.8486402,0.24549882,0.7412257,0.52370584,2.0184216,1.2562342,0.10142784,1.6928606,2.7450724,0.82548046,2.7034953,0.055479515,1.1851805,2.5614095,1.3788449,0.34449583,0.0118646305,0.5618338,0.97391695,0.0,0.16835335,0.35928553,0.36039862,0.32880414,0.0020293677,0.8437434,1.573756,0.5140951,3.610995,0.7402318,1.0994656,0.93597907,0.09975173,0.58285123,0.8828097,2.5056655,0.6369372,0.79297155,0.8689603,0.15437491,1.2129209,1.5431216,0.49566263,0.24943063,0.18756351,0.6797509,0.36129418,1.1893537,2.1849399,0.17643873,2.5558767,0.4047422,3.6739495,0.17811295,0.107649386,0.6554203,1.2552372,0.20246316,2.5562773,1.5146832,0.7117917,0.39512193,0.029922755,0.6122506,0.43708807,1.3853284,0.6572487,0.028590966,0.086806685,0.13256353,0.18278535,0.32180652,3.8011749,0.8329569,0.022090197,1.1964134,1.3361303,0.9994025,0.5507717,0.2689425,2.1259577,0.118036255,0.48932576,0.9892644,0.41048434,0.69520974,0.8223593,0.61046225,1.8662875,1.0536565,0.70723724,0.03089835,0.8173264,7.3984666,0.6615202,0.37092984,0.41456962,0.92046076,0.014779799,0.10344298,0.5843365,1.4967648,0.107093096,1.667321,0.25717726,0.051666092,0.09353447,0.4289075,0.30608833,0.07323456,1.2965481,0.6946641,2.0677865,0.07966545,0.029489323,0.19860442,1.0782788,0.38176048,1.1508634,0.1688944,0.28031108,0.794566,0.38600674,1.2314366,2.7002807,0.3318,1.1478083,0.015715899,0.17865233,2.1272984,0.20916729,0.5483843,2.3822927,1.1064619,0.21811931,0.4917271,0.0,1.701703,0.6767557,0.32110855,0.36998582,0.8322793,0.73278254,2.4370854,0.9516137,1.0279895,1.7168797,0.038898237,4.4428387,0.021093901,0.50912714,0.21905194,0.15770563,0.67720187,0.4208777,0.5710132,2.7433636,2.883886,0.6095503,0.7767846,0.020967867,1.7328513,2.8352265,0.45300585,0.22858109,0.06417542,1.4627178,1.3033129,0.4544754,0.64588046,0.18626079,0.016055709,1.2630605,0.025697807,5.0673637,0.2769831,0.71036786,0.024980327,0.15407455,0.046657804,0.55526054,0.39374012,0.24214773,1.1959323,0.66893363,0.41288725,0.7322891,0.6526883,0.2982759,1.3496257,0.021298865,0.33635756,1.2456056,1.4464597,0.184035,0.41487315,0.340943,1.2460506,0.35887545,0.49819577,0.62238103,2.503208,1.0191901,1.7541466,1.1552248,1.984502,2.74891,0.21431811,0.82398415,0.02594701,2.207788,0.20298854,0.13949585,0.835036,1.2423693,0.038322832,0.20623724,0.042787638,1.0182632,0.28836676,0.106697656,0.029027259,1.1988661,0.40254351,1.7664042,0.018756842,0.49356303,1.1950736,1.9562736,0.3896806,0.7569359,0.2570903,0.47997594,1.2529649,0.8537242,0.3453008,0.17693573,0.17130369,0.04149383,0.21108215,0.659611,1.2050133,0.03789214,0.27935275,1.7747294,2.0285165,0.84276026,0.7248322,1.0683901,0.0,0.83949447,0.39005464,0.211715,0.06527489,1.2732278,1.0506335,0.08573804,0.94029844,0.0588214,2.0260804,0.50485873,0.99307936,0.9228361,0.050231487,1.3642681,1.1611811,1.2135433,1.337877,1.4618673,0.9423772,1.3235078,0.124680564,1.0208721,0.9488799,1.4111948,0.8238773,0.5327377,1.360695,1.0981354,1.167498,0.079689346,0.3236255,0.82838184,1.3491467,0.27257517,1.8992691,0.8667598,0.050484706,0.11701441,0.2017603,0.2918499,0.80082124,0.037471898,3.207862,2.0093455,0.13746817,0.24984665,0.073659696,0.19559348,1.8751653,0.01148787,0.30365053,0.6129032,1.175852,1.5877261,0.7867168,1.0662344,0.01987653,0.55852383,0.0,0.7522438,0.0,0.66235083,1.0382618,1.8009874,1.2396382,0.4035688,0.2625907,1.4594061,0.63799953,1.7461187,0.7158339,0.66360164,0.32276982,0.056479763,1.0847635,0.024832537,0.104503505,0.19302626,1.0185983,0.88064104,0.00056003366,0.41715893,0.4805051,0.569641,1.029469,0.17272761,0.50130904,0.023771118,0.43963274,0.5502796,0.26061377,0.5500107,0.44296628,0.7688485,4.2227106,0.56199247,0.37282827,0.7206467,1.264326,0.47119412,0.01234793,1.3733739,0.010966774,0.78044116,0.7581701,all_pothole_images\pothole_images_enhanced_99e2838f94122bb435b140d5a11cb564.jpg
0.9333756,0.087658085,0.04178831,1.9081367,0.681218,0.42660055,1.786218,0.146863,0.07632493,0.46626046,0.6532706,0.38561788,0.0,3.0871139,0.020030482,0.22697888,0.0,0.88475645,1.1692985,0.08762529,1.2293937,0.17889112,0.12932888,0.27500492,2.506234,1.0316668,1.8602682,2.9286306,0.27834603,0.0007627892,0.29740715,0.90136904,0.0,1.0470313,0.44967213,2.2382936,0.3582797,1.2449846,1.7192113,0.036341626,0.008321182,0.22989245,0.9596917,0.1429922,1.483751,1.1324327,0.2839985,0.26547664,2.3469949,0.7663453,1.4375713,0.50621825,0.45745715,0.64952534,0.12775776,1.4135599,0.24119034,0.5893289,0.42848045,1.2091811,1.147546,0.7117728,0.02167409,0.3058736,2.1235359,1.0208737,0.37532073,0.958012,0.5620904,0.0,0.47752574,0.4406792,0.29204324,0.15581912,2.4600465,0.050298523,0.70901716,1.246631,0.73751205,0.59980047,0.008344329,0.8391867,0.74829865,1.590559,0.21999837,0.0,0.3686718,0.012269553,2.052066,0.8545815,0.23424137,0.2824464,0.09440149,0.39756942,0.6256898,0.0,1.171308,0.58363813,1.3816086,1.5976696,0.16462554,1.226389,0.6471809,0.546488,1.633123,0.048178785,0.76027817,1.9252534,0.41846886,0.23678277,0.54241556,0.41968465,0.37630022,0.26337472,1.1889801,0.36879808,0.0020128512,0.13636062,1.1780373,1.7888944,0.57696134,0.29759362,0.5411686,1.1286566,2.2510266,0.56908476,1.3877629,0.0018558569,0.47467163,0.37905487,0.0551707,0.635833,0.94136494,0.018860364,1.0558919,1.0492073,0.87978345,1.8072718,1.2585963,0.0,0.3188336,2.846497,0.466802,0.4955569,0.7263364,0.75199795,0.26397723,0.0036263566,1.4395096,0.07829496,0.35418794,1.2388194,0.6587959,0.21965747,1.2372255,0.5854052,0.5237101,0.40282443,1.3288805,0.9689471,0.58658046,0.75377786,0.25223306,1.6860738,1.239305,1.3130254,0.4220796,0.024287082,1.1710008,2.2209954,0.035712935,0.0039146887,0.0,0.19706504,0.3116421,0.046419494,0.33000982,0.0071686995,0.48526284,0.21087253,1.5282918,4.458166,0.2276027,2.3901021,2.8115458,0.44796416,0.6306475,1.2547854,0.0199897,0.45998567,0.012510018,2.2081316,0.14386716,0.27732694,0.6700307,0.8065097,3.494017,0.90663695,2.6890197,1.052931,1.2477331,0.32083154,0.016624367,1.2186675,0.3141939,0.0039130524,0.71270394,0.35083878,2.5937347,0.2829161,0.0,0.0013665629,0.32805943,0.26058394,4.7023664,3.6034527,0.0,0.0,0.537588,0.9639858,0.87289935,0.058532238,1.1474305,0.11750257,0.0,0.39930728,0.31489226,0.007691283,3.85217,0.598536,1.6138352,0.0,1.320749,0.26648653,1.262024,1.1454587,1.6574631,0.040060677,0.1803247,1.8790708,0.35185906,0.3582904,0.0762495,0.5167751,0.8140575,0.0,1.5933021,1.3653775,1.1628954,6.5119877,0.2113654,1.0117924,0.022315593,0.51000774,0.52702874,0.4556796,0.6892741,1.6385307,0.9843122,4.742445,2.0677123,1.1884038,0.48567826,0.10493099,0.7359599,0.14089356,2.2232542,0.03586619,0.87781614,1.448334,0.84298986,0.0,1.5803752,0.7978648,1.1943305,0.37184232,0.0,0.25399944,0.4699173,0.36884144,0.6613206,0.4733394,0.13764517,0.17880036,0.0,1.4622186,0.3379807,2.1565533,2.436833,0.9983427,0.05053251,0.45467415,0.0634738,0.034579806,0.07369164,1.2283211,0.10856572,0.008040133,0.836351,4.5537567,2.724106,0.69339424,0.102244936,0.0063031064,4.836971,1.2657216,0.5998008,0.0,1.0020665,0.35350883,0.113656625,0.11870238,1.340541,4.436941,1.6259547,0.45547855,0.0,1.5823725,5.5563173,2.1565597,0.33018264,0.0073847715,1.0987583,1.1180499,1.2196985,2.6930695,0.8422076,0.06931505,0.6521222,0.6615996,2.3764415,0.6975589,0.0,0.6658062,1.5864527,0.48503286,3.1788623,1.0836152,0.3598217,1.3071595,0.13611078,0.0,2.9332952,2.9910128,1.0213847,0.53301466,0.8031669,1.3293947,0.5610162,0.85890865,0.15400031,0.9762971,0.36558777,0.42160872,0.21376179,1.7446921,0.3160253,1.0518548,0.7352954,3.7088149,1.9253298,0.58635724,0.13018745,0.08880381,0.8294874,0.37979662,0.039059985,1.0689579,0.13137941,0.60574293,0.040255684,0.3605456,0.30615243,0.050472163,0.21933296,0.63091487,0.074978784,0.20044754,2.6187098,0.05861167,2.8246047,0.247282,0.28453135,0.8094107,1.9203721,0.19260502,1.7832196,0.15499502,0.7710809,2.0013878,1.663725,0.4413545,0.29680893,1.4808095,0.20282207,0.2254379,1.1717912,0.1081613,0.54284453,0.4243735,0.28602144,1.1718873,2.015832,0.23275776,0.7010585,0.0,0.089541145,0.6975985,1.9914787,0.2318918,0.09718518,0.01632047,0.000933343,0.7443365,1.3822278,1.9160336,0.07138718,1.6844987,1.6299906,0.005534307,2.683719,0.27716997,0.3482388,0.10422043,2.1393147,1.188648,0.17625906,0.31767944,0.91652757,1.4611577,0.7137521,0.664415,1.3409868,0.12661971,3.0887332,0.6526409,0.62497723,0.18853797,1.2653021,0.02206944,0.95691407,1.2609484,0.16012017,0.023783688,0.14144923,0.08051495,0.7946103,0.7854147,0.31573096,1.1833572,1.9545666,0.26493555,1.0604767,0.065385275,1.1188604,0.040572625,1.0057508,0.1656152,0.06915431,0.75774974,2.6376836,0.5304701,0.84434295,0.07526281,0.95860046,0.6961075,0.0,0.003910522,2.02767,1.2741154,0.79884565,1.06835,0.049273226,0.4179694,2.1830595,0.16243643,2.3900685,1.8298719,0.0023553648,0.06391634,0.10704379,0.8376339,1.9987612,0.05770804,0.12226992,0.3500356,0.0,0.0,2.0797846,0.0,0.5176654,1.2144623,1.143828,0.06504504,0.0048892326,0.18034716,0.29940313,0.4501995,0.024100712,1.156158,0.9668977,2.9163415,1.7172238,0.3462523,0.7893146,0.6880251,0.79524666,0.25646496,1.037265,0.06487908,0.0211387,0.08312854,all_pothole_images\pothole_images_enhanced_99f93cc7b3407e14cda21771b40c9805.jpg
0.5816415,2.9290004,0.97499454,1.210247,0.22530945,0.29155436,0.32552585,0.3334623,0.60303956,0.40865976,0.046882723,0.5919823,0.34189636,1.3050655,0.013008801,0.109266885,0.10823606,0.1882452,1.0219818,0.13577533,1.0313762,3.8889139,0.24175258,1.3696594,0.006790122,0.52257544,0.1017992,0.6403736,0.04097435,0.6670627,1.2927977,0.52311003,0.53360885,0.49976152,0.9811789,1.1569114,0.19864121,0.26836476,0.44202384,1.221961,0.6618976,1.0327156,0.39032137,0.65723956,0.9019282,0.3737426,0.7770925,0.0,0.9649972,0.38202566,0.9765404,0.2454347,0.42400375,1.5884027,0.0,1.1059188,1.4754648,0.0005536087,1.1199259,0.3841137,0.95085907,1.0667381,0.7382243,0.025430966,0.4894629,2.4393997,2.1567316,0.4348475,2.67368,1.1260351,0.11799232,0.19014008,0.07182209,0.0,0.7154243,0.7214302,0.6753876,0.2698091,0.102730416,0.12278234,0.08820516,0.09664148,1.0624686,0.54450566,0.9803381,0.5725511,0.0013854327,0.29168552,1.5107646,0.46205077,0.6409245,0.17867108,0.046012275,0.5138803,0.0014654299,0.31568784,0.35689142,1.246941,0.6785265,0.29785925,1.3156171,1.9232378,1.2309512,0.37067258,0.33138978,0.7060794,0.0,0.89946324,0.52311546,1.9490511,0.12333786,3.1736846,0.48555335,0.8239444,1.228867,0.0932772,2.428887,0.6323313,2.1182907,0.6648125,1.4002361,1.3271328,0.7398079,1.6974727,0.7867738,1.7431077,0.57243526,0.6182214,0.28820118,0.110430464,0.5502463,0.025964348,0.58339673,0.29883656,0.22447576,1.0066015,0.16943191,0.114748076,0.19181299,0.69075555,0.13613051,0.26710615,2.2197602,1.2009497,0.16069698,0.39855757,0.041682806,0.11775542,0.10965209,1.3434817,1.0614387,0.2816671,0.11302911,0.0,1.4294128,0.2913156,1.6857369,3.3908997,0.31122452,0.06923875,1.4726496,0.4584979,0.06766283,1.1713594,0.1642015,0.46250394,1.7630384,0.15511946,0.4791659,1.5395077,0.41911662,0.3037417,0.18185443,0.07782974,2.0931923,0.5792533,0.14483239,0.037586085,1.6186255,0.029361567,0.0039742887,1.0368751,2.8399887,1.8037875,0.30024683,0.5796126,0.8136669,0.25880954,1.1394622,1.8134186,0.53825927,1.0868274,0.41906357,1.764408,0.65183115,0.10180535,0.18001041,1.8242058,0.25181857,0.22977097,0.0008012634,0.34120005,0.33691558,0.9534437,2.3228624,0.17922783,0.394469,0.04899553,0.87247187,0.4005781,0.5565714,1.6839586,1.7959526,3.9578152,0.28137332,0.09124127,0.8675202,0.36430526,0.6027365,0.058368184,0.5178645,1.541551,0.27433503,1.8682429,0.24979073,0.00094935176,0.9593277,1.2327081,0.38528,0.46153584,0.022149071,0.28909165,1.0447929,0.33889714,0.8249838,0.029165419,1.2485424,0.027221715,0.077066906,0.0010328487,0.35272363,0.24116126,0.18355939,0.16163372,1.3740726,0.3272076,1.2950506,0.09684578,0.58656335,2.8322196,2.0999017,0.5313904,0.0,0.23924185,0.30945587,1.7863297,1.2129635,0.050849568,0.56983477,1.9393983,0.136736,0.011648617,0.36520773,1.0431168,1.5100708,1.2422668,0.02916306,0.49487808,1.3585347,0.07971253,1.4840977,0.3572712,0.36937055,0.8582971,1.4472796,0.7095408,0.769337,0.29950204,0.8076747,0.0137585085,0.30544177,0.012845677,0.8391458,0.76912796,0.32425085,0.19464202,1.0765301,0.57683456,0.40520972,0.7262862,0.66754055,1.8415242,0.07461023,0.65670884,0.62983406,0.17992657,2.2327547,1.6092987,0.40977544,1.1124091,0.050378893,0.13860817,0.5299562,2.5028949,4.3814692,0.82780063,0.06071121,2.4914079,0.5156363,0.3524001,1.5649445,0.59434694,3.5999331,0.38251814,0.3219336,1.7948827,0.6373916,1.3417115,0.7245947,0.07522133,1.1518056,0.78921694,0.18832482,0.00040823533,1.1599725,2.0344148,0.5326503,0.5699949,1.0383471,1.1993394,0.6764649,0.2768071,0.23217882,0.0,0.56499314,0.12739806,0.5698654,0.119763866,0.48755687,0.036032055,0.41976732,1.3266464,1.5756639,0.08808155,0.30523935,0.5777246,1.0479138,0.02244425,1.1257446,1.6929038,0.14544763,0.9256777,0.58473784,0.7311676,0.05204295,0.95344424,0.13199207,0.7434083,0.65099907,0.18175425,0.59877944,0.7795543,0.5273115,0.50186414,0.33062896,1.4259818,0.16808529,0.18287131,0.91559446,0.2844281,0.8221381,0.44453916,1.8726326,0.17529881,2.298954,0.45608726,0.6453015,0.035678446,0.1329124,0.6330442,0.5898098,0.80805767,0.11223751,0.54505414,2.2326796,0.45764887,0.79173666,0.0026945414,1.5394317,1.318415,0.92263144,2.689727,0.7574221,0.5939412,0.2713101,0.36360022,0.59287935,1.6465263,0.3226437,0.3635719,2.0782342,0.5492627,0.5259875,0.6383982,0.46287385,0.31845817,0.045175582,1.1069701,0.09239767,0.7219737,0.33275276,1.1281261,0.66039246,0.17371841,0.065190785,0.0,0.95068294,0.25607646,0.055869672,1.6572571,1.8991328,0.32237893,2.5323653,3.0150664,2.7005117,0.18833308,2.2287567,0.71148586,0.22532707,0.34184688,0.36233345,0.95732474,0.051073004,1.1453545,0.28694528,4.54565,1.0536463,0.25036746,1.9387727,1.1526536,0.14186427,0.60137326,0.05879228,1.1479557,1.6585429,0.055505656,1.6685578,0.27085558,2.138788,1.1643895,0.5489723,0.7614442,1.5282736,0.45219222,0.55855113,2.30924,1.7148923,0.38702488,0.4426795,0.66336185,0.8067253,0.13340989,1.701819,1.2666606,0.4248172,1.1502775,0.030687368,0.98414296,0.62268025,0.5365317,1.5266939,0.6457772,0.8116463,1.1959782,0.010089434,0.22513428,0.42296192,0.1715577,0.66493225,0.7316656,0.63370484,2.6410677,1.3106602,0.73486286,0.015243004,0.36826077,1.1623471,0.24219,1.4760114,0.2340547,0.5515378,2.122048,0.63412654,0.04455797,0.57069826,0.06342302,1.6215228,0.98320395,0.36627513,1.9750102,0.11550746,3.145765,0.67063427,0.8817699,0.008613762,0.45192197,0.006631294,0.5525805,0.28303543,0.6102708,0.5035245,0.9366721,all_pothole_images\pothole_images_enhanced_9a19c82750f18fa621954348ea05e4e0.jpg
0.7723185,2.146131,0.86806375,2.2217991,2.3310964,0.8365774,0.09100768,0.11024088,0.39543915,0.46009716,0.25203022,0.8644825,0.44874397,0.2498574,0.79578525,0.62248206,0.11503071,0.18534407,0.22555736,0.53845996,1.4529643,1.55115,0.38471207,0.9400359,1.5497159,0.37783447,0.77789253,2.308948,0.31079197,0.39657268,0.6362089,0.437608,1.2319671,0.57383406,0.7201346,1.8914788,1.1390606,1.9186625,0.05508692,0.7809269,0.039231196,0.111680046,0.08023653,3.3352325,0.60417265,0.29865307,0.39863363,0.7053846,0.3304012,0.6432839,0.6022143,2.2375462,0.2996948,0.71890974,0.14305206,1.8881968,2.2553546,0.074170046,0.3120317,0.6821666,0.018848056,0.5960861,0.9997211,0.3789691,0.33621877,1.327696,0.52052724,0.87595737,0.43910626,0.49255413,1.2845072,0.44356593,0.63828164,0.43116277,0.67196506,1.7444098,0.64490813,0.9642913,0.06352377,0.7057765,1.6338111,0.024301197,0.0,0.41683543,1.409304,0.55206877,0.13325794,0.19624726,5.2397156,0.19046289,0.47599152,0.37136844,0.33935127,0.62106806,0.63991696,0.107774384,0.47365493,2.340658,1.2829386,0.76535404,0.0036453132,2.8077455,0.25143534,0.46720815,0.31155202,0.059858758,0.25976992,0.17608689,0.10964662,0.67407817,0.10521089,2.0807896,0.54951125,1.4690659,0.58389854,0.895886,1.299399,0.054454632,1.0415242,1.609443,3.2753625,1.1037202,0.16078624,2.107164,0.6526311,1.224681,0.20007426,1.0329409,0.8090383,0.51203996,1.353742,0.22549321,1.1101887,0.60373086,0.4591042,0.9718951,0.3727297,0.782108,0.94749635,0.08860804,0.44419402,0.121774964,0.12620877,0.9488834,1.5138047,0.936832,0.6695082,0.6149899,0.0018087527,1.0063778,1.0133907,0.8425405,0.08522677,0.16505279,0.957799,0.2852655,1.5002773,0.14730269,1.5176239,1.6454684,1.1054248,0.48650393,0.3025065,2.657092,0.0078125615,0.53391707,0.22531493,0.35173023,0.9795199,0.24569492,1.0340923,0.30492616,0.47371617,0.7833319,1.0578948,0.07537024,1.1456568,0.21505496,0.10733464,0.14364818,0.17622194,2.3610046,3.737311,3.0665944,1.4290946,1.3892006,0.9429938,0.2021885,1.8032905,0.55237406,0.8883029,0.48224807,0.34118792,1.5233028,0.32663128,0.4923489,0.3507899,0.0015294577,0.23327653,0.6738129,0.5053919,0.7607646,0.21531844,0.8264178,1.2273295,1.2720649,0.039240964,0.5821552,0.8310973,0.06097509,0.3282161,0.59522384,1.2458018,1.9232028,1.4409548,0.8690153,0.4701538,0.05830356,1.2928647,0.017504156,1.9721829,0.010675527,0.14787588,0.29046318,0.17447338,0.881007,0.46654782,0.2120215,0.4804548,0.8065433,0.20539095,1.2285166,0.31847918,0.06362079,0.295776,0.33218896,1.3765819,0.40588385,0.045095347,0.116437696,0.19672689,0.055811808,0.099989004,0.008831085,0.11943346,0.20755258,0.2627514,0.0,0.34057388,2.6731277,1.2037104,0.44094357,0.39823735,0.8376634,0.7980569,0.16107145,1.15516,0.010765356,0.34041378,1.9959412,0.40078393,1.1239241,1.0509471,0.10476335,0.34308118,0.86570334,0.020120464,0.58402264,1.5930641,0.032496832,0.45580766,0.3770292,0.40880203,0.31195423,0.30240697,1.0562636,0.5044226,0.08827871,0.19607715,0.788283,0.12915915,0.0030176374,0.6044922,0.019159613,1.634638,1.037439,2.6552086,1.1366178,0.63137525,0.008479936,0.5900665,0.9176263,0.03786773,1.0623538,0.76496124,0.4271592,0.8065062,0.0032193128,0.15956125,1.002274,0.37473813,1.3242784,0.13148957,1.238987,4.720092,0.54133904,0.008041153,0.9063261,0.83325523,1.5623504,0.1341661,0.869883,3.4297273,1.3440682,0.41420048,1.2486688,0.47181183,1.3358475,0.7495989,0.06724604,0.61358875,0.8085791,0.5742908,0.12303581,1.0030243,0.42636466,0.9480787,1.0571532,1.3005086,1.0242853,1.480946,0.44632968,0.23643006,0.11676459,0.7014507,0.94879556,1.4209386,0.9110738,0.49904442,0.6257236,1.4693389,1.1102452,2.2365682,0.14685325,1.0278984,0.06071402,0.22383665,0.25709406,0.46164826,0.26738825,0.9526119,1.295225,0.83334607,0.39278254,0.6702679,0.1622995,0.3841807,0.25068247,0.74561906,0.6955956,0.07859747,0.059417125,0.8830923,1.6101125,0.14861272,0.29615468,0.47528067,0.12438275,0.42999905,0.46564084,0.85745317,0.6038173,0.591783,0.22895953,1.3361961,0.99303466,0.13098986,0.061457228,0.3779073,0.50488687,0.09451186,0.12920839,0.20906366,1.250344,2.1687045,2.0113137,2.7958329,1.2213985,0.6269105,1.058494,2.0171828,0.26937032,0.16379675,0.09568619,0.18638225,0.021934273,0.99660796,0.13195725,0.47556502,0.50220525,0.74487126,1.6455168,0.0,0.7744355,0.32523423,0.28119996,0.03716596,1.3652035,0.817212,0.6259183,1.858518,0.66164285,0.4466774,0.7440733,0.0054907724,0.47446683,0.6615961,0.99118865,0.19846638,0.18291952,2.8262815,0.3776647,1.9363263,2.2303872,2.7194734,0.22913834,1.127031,1.7992871,0.37453756,0.36125016,1.416506,0.19428872,0.9057666,1.0473471,0.48544058,4.255792,1.6900462,0.649969,0.1341085,0.5567276,1.0866177,0.41891822,0.026739383,0.39819798,0.017419579,0.85752594,3.057479,0.29966822,0.6474071,1.6443839,1.5044444,0.5855703,0.60906476,0.5868264,0.30718675,1.2242151,1.1130178,0.5415982,0.33996087,1.1967282,1.3111409,0.44172123,1.0313245,0.17187037,1.0615498,0.34387028,0.46305636,0.06286807,0.4147731,1.1874461,1.5335952,0.13446778,0.50755894,0.24799223,0.3647399,0.38415724,0.3486415,0.5650112,1.5057142,0.33305705,1.0674201,2.7156413,0.26405016,0.3931216,0.0007626329,0.001149285,0.7948812,0.6808993,0.07211345,0.10770159,0.05156999,2.4766097,0.036024794,0.25392777,0.02618498,0.0,0.2742382,0.015959516,0.13990057,0.030945214,0.28821373,3.3112097,0.4735671,0.73434764,1.8004308,0.7317016,0.037948504,0.85738945,0.8795886,0.28445655,0.87228,0.22892788,all_pothole_images\pothole_images_enhanced_9a2e04b9b37190b67de5e6627e6e8582.jpg
0.37203968,0.09301791,0.011849995,3.4911504,0.37335387,0.11184972,0.08291799,0.101865225,0.026655033,0.18548225,0.35444844,0.42058885,0.059475012,3.3120496,0.118691005,0.18579814,0.11238637,0.5718612,0.5293074,0.05290997,1.6280925,0.22024009,0.5954763,0.5894099,1.766911,0.26792315,0.39585978,2.3617911,1.0674618,0.10422549,0.09802377,0.0096043395,0.0117608085,0.92239624,0.00927868,0.9273542,0.15403813,1.075866,1.2569653,0.3863883,0.019211471,0.34607202,0.5351275,0.41218027,0.34877282,0.25347716,0.19221765,0.48370796,0.50473785,0.008416175,0.76844275,0.31912318,0.0039927885,0.016749317,0.053615697,0.9903098,1.8980802,0.020847505,0.0033975393,0.13371603,0.005382983,0.5380672,0.27011505,0.20088477,0.557466,0.5173412,0.10735756,0.13729624,0.5106888,0.0,0.08315748,0.025132407,0.16119477,0.060735453,0.84774464,0.022155873,0.085356854,0.58547133,0.0,0.050133444,0.1167846,0.3595795,0.34856036,0.6912867,0.0,0.0010227297,0.051355224,0.17340854,1.8625127,0.35044202,0.08629572,0.0006713095,0.0,0.8016594,0.46145213,0.0,1.6049073,0.8362979,1.4516604,0.9789495,0.002879078,3.1916797,0.004698145,0.049625825,1.3106761,0.43323204,0.3584994,0.38916296,0.31015217,1.243285,0.0,0.780935,0.72424364,1.2901024,0.75537235,0.18671621,0.0,0.34289825,0.8404557,1.0759372,1.4550529,0.2037955,0.00033000883,0.39774537,0.4739219,0.31144503,0.0,0.72942585,0.44133198,0.0010089044,0.06413067,0.25604504,0.0072452417,0.29037467,0.37562826,0.10968194,0.023768872,1.6063474,0.0013443701,0.008998922,0.07658965,0.9345416,0.10636867,0.099067084,0.0060114404,0.62796503,0.034138102,1.2700177,0.005647541,0.008806753,0.1632763,0.191458,0.021687461,0.0352681,1.8360577,1.0453293,0.24363934,0.41346195,1.4327424,0.43940943,1.570022,2.3949347,0.202977,0.4322366,0.21772127,0.7806558,0.08706247,0.020695576,2.374711,1.8655769,0.032164447,0.009835216,0.0986955,0.0,0.025146015,0.32651234,0.12832433,0.00046480316,0.02775993,0.051819533,0.11947699,3.2719915,0.3190695,0.91227674,1.3829353,0.44123617,0.1444834,0.8451172,0.27849537,1.022013,0.04921314,0.4445375,0.29736805,0.40044942,0.44421452,0.3662204,1.352909,0.29150757,1.2228327,0.17722192,0.91370076,0.786506,0.14248125,0.27405834,0.23290332,0.10105826,0.32165223,0.21818215,1.0938889,0.53979605,0.0,0.0,0.8695026,0.516068,2.329084,1.9754853,0.25628725,0.2332704,0.28935733,0.015011515,1.3686243,0.0,0.23274504,0.12155708,0.0,0.033868667,0.9409366,0.0010469093,2.3248167,0.21368855,0.6059021,0.00021077675,0.20011629,0.94233066,0.038516175,0.1284617,2.412083,0.099360466,0.213583,0.58108175,0.41936046,0.0037793461,0.22757569,0.5298857,0.07185682,0.003375886,0.23684326,0.36579582,0.27157515,7.123991,1.12727,0.09032936,0.08017817,0.057817385,0.03166827,0.22011109,0.9732578,0.22737117,0.20989585,3.2489598,0.9518429,0.27389288,0.8096958,0.25325394,0.0491293,0.05222809,1.0707521,0.5684515,1.613644,0.017149985,0.33245942,0.0,0.5670195,0.76305175,0.45814127,0.80458003,0.24135453,0.19227093,0.9338482,0.62144697,0.15436147,0.31835893,0.46587694,0.284584,0.13529234,0.65388364,0.37274653,0.21451797,0.044946734,0.0021920025,0.010035331,0.013237224,0.011851472,1.3274492,0.45246962,0.2629563,0.6248036,0.0,0.056614578,3.1257415,0.7680499,0.11233358,0.0,0.2589823,2.930106,0.2943664,0.002414794,0.0028504292,0.32817644,0.25014877,0.64822286,0.6846637,0.42318037,1.2606395,1.2214383,0.16314574,0.0027534354,1.769643,4.083203,0.20284636,0.69228274,0.0,0.22523576,0.3559946,0.03758532,0.91073173,0.17180836,0.043114353,0.2463667,0.0,0.3229433,0.05024885,0.003499249,0.0,0.11419263,0.0,3.392395,0.77487564,0.7515328,0.5460011,0.43842086,0.026729215,3.6493342,2.343024,0.2755332,0.6834806,1.1934007,0.106693015,0.20674911,0.006357805,0.83865386,0.1896518,0.0015923571,1.0914924,0.06726787,0.09989306,0.20685129,1.4653394,0.49379736,0.5101972,0.42997187,0.057877034,0.12735496,0.29046977,0.0,0.17636022,0.4507541,0.10627027,0.67853963,0.37450692,0.67953753,0.098388046,0.046862807,0.06358077,0.15718283,0.5536987,0.0509961,0.04480266,0.25402212,0.1256518,1.1122721,0.0,0.11906962,0.4206442,1.0772661,0.11017793,1.3247807,0.0011928658,0.0054615345,1.6921974,0.24500617,0.08408046,0.04780164,0.6043671,0.0,0.31087962,0.51116157,0.35428435,0.38803297,0.06519639,0.08479086,2.4950373,0.74962693,0.0,0.4833365,0.3342008,1.1954731,0.46455935,1.1744751,0.16625474,0.56743693,0.088294536,0.06481349,0.6610327,0.013204475,0.13547985,0.2806565,0.98871356,0.386623,0.0,1.2731411,0.02804617,0.0045708953,1.3909105,2.4891071,0.25648338,1.1518626,0.17240232,1.647443,0.53672105,0.25761357,0.067379154,0.014849044,0.36590767,0.5151895,1.7012388,0.32060468,0.0,0.0077087632,0.05895738,0.7931752,0.1957476,0.0049233106,0.01482148,0.0,0.028103122,0.016888151,0.5682903,0.2160622,0.62291574,2.0841112,0.55495554,0.51376075,0.0,0.85272884,1.6021862,0.47026247,0.0,1.2841653,1.4448237,1.9695526,0.34272006,0.92103183,0.001525524,1.02363,0.021122314,0.0,0.0,0.23529461,0.72295564,0.12406934,0.067478284,0.00779436,0.94229156,0.9417534,0.0032911007,0.016741078,1.660897,0.05045274,0.10589437,0.5684482,0.9186693,1.7307537,0.042275183,0.62409014,0.0119884,0.0019256604,0.008970005,1.4555608,0.0,0.561676,2.1131368,0.013252252,0.008612898,0.0,0.0,0.008866746,0.026871642,0.0,0.027578793,1.2060809,2.9488173,0.3382107,0.008345016,0.527501,0.50068486,0.60667264,1.2025594,0.024889195,1.437196,0.155466,0.33279383,all_pothole_images\pothole_images_enhanced_9a4d442a1ffa6206d4e512ce30f48fbd.jpg
0.47543085,0.04669319,0.045456305,0.7879898,1.1167338,0.23247312,0.45891577,0.5214076,0.75971586,0.3228757,0.15455136,0.6295414,0.011239823,1.7732577,0.050560337,0.15672171,0.007498917,0.5264026,0.80155873,0.67416716,0.68542886,0.9321691,1.1522244,0.66959417,1.7775726,0.78692114,0.30517182,4.004603,0.070362635,0.009192757,0.80011076,0.0,0.28864756,0.7275625,0.015665624,0.063178696,0.04174128,0.3260479,0.5211657,0.090797946,0.0,0.107456304,0.044356227,1.1997705,0.86569244,1.6825918,0.0,0.04683226,1.0084612,0.69806725,0.5281313,0.21006078,0.13234952,0.09257924,0.00063025,0.49254304,0.7422285,0.015226839,0.115924016,0.02718347,0.016272388,0.015930412,0.49668765,0.6845896,1.469163,0.38120463,0.5146863,0.0108283125,0.20909584,0.18159652,0.5718887,0.40831095,0.2958322,0.40890774,0.22540455,0.35555655,0.043379433,0.06999814,0.0,0.17332852,0.00014517258,0.0,0.40062737,0.618767,0.0,0.52151227,0.114443384,0.42522195,0.8884135,0.68944293,0.015794443,0.35110843,0.44358426,0.84621876,0.44672003,0.019056523,0.3007192,0.08221221,0.13784607,1.1581095,0.13412857,2.8200583,0.4203526,0.0,1.5238465,0.2402848,0.16287734,0.43338844,0.008540802,0.035478752,0.0046620127,0.17885777,0.6002418,0.17595497,0.5989405,0.16855593,0.030516375,0.0,0.9537431,0.14960986,4.700355,0.8697317,0.0,1.0148847,0.55768967,0.12065809,1.6110053,0.048692323,0.46601412,0.09072978,0.06114466,0.00022547755,0.06698808,0.49538973,0.22600481,0.88830906,0.48265538,0.11108545,0.62390924,0.0063807266,0.31165648,1.6801977,1.0633346,0.29792258,1.2524384,1.5474734,0.0035626972,0.60266787,0.64538777,0.0,0.1776035,0.7077277,0.00072691025,0.1638216,0.80926186,0.6671713,1.4688449,0.31974456,0.38187554,0.66329163,1.3766723,1.0889891,0.23334187,1.660127,0.115210645,1.0759445,1.7318019,0.0952646,1.4085927,1.3964357,0.0,0.13139124,0.0,0.23903427,0.5519792,0.9097242,0.63463235,0.24616674,0.26315057,0.36925614,0.027166951,0.09222798,1.7235639,0.3542834,1.1201359,1.1311833,0.004197072,0.18402196,0.27222097,0.6859956,0.13439082,0.49914476,0.14784884,0.9482023,0.2209266,0.36154512,0.34640783,0.045719534,1.3664669,0.0784689,0.8762422,0.59371364,1.9218099,0.09874443,0.19555005,0.46369547,0.049568925,0.1652911,2.4041004,0.8864698,0.8438075,0.03747689,0.1480868,0.10826718,0.2859127,1.6144211,0.23824298,0.036871355,0.428867,0.7846535,0.4282901,0.8162387,1.2032182,0.06878156,0.0021085446,0.14990658,1.0629029,0.30815792,1.3884486,0.8546726,0.20336589,0.00908462,0.28875786,0.04546683,0.39946917,0.25288758,1.9376761,1.35857,0.025245555,0.14586177,0.26315784,0.0,0.023342803,0.62590915,0.7393633,0.0,0.4782983,0.29433674,0.0,3.4698455,1.6697189,0.0028544585,0.30319884,0.44134745,0.1055961,1.2817771,0.0,0.0556926,0.05063018,3.1575735,0.23530859,0.120986335,0.5104042,0.0,0.012616569,0.0125308605,0.013027531,0.13573341,0.477223,0.115801826,0.19083868,0.014151594,0.15590072,0.43940717,0.060328454,0.43736243,0.020099744,0.8323225,0.10040052,0.37271938,1.0689805,0.6231562,0.6658275,0.79017246,0.5364541,0.7812829,1.2200915,0.48716438,1.0239018,0.0142304655,0.05893615,0.6510064,0.043265883,0.31704134,0.0,0.2864281,0.23751667,0.6043288,0.20831108,2.3220723,1.0499035,0.25130856,0.27048784,0.0139500415,2.0456703,0.1170196,0.4234617,0.026692292,0.0057307035,0.95549536,0.15283047,0.050664414,1.2577814,1.46384,0.58191776,0.20749894,0.69379896,0.86524355,2.334468,0.016295992,1.2377698,0.0,0.40869614,0.33587575,0.51172185,0.20796548,0.0028695078,0.49794403,0.85855955,0.35938275,0.2944725,0.042190496,0.0,0.28130248,0.15192842,0.001959028,1.1955522,0.00413006,0.1623456,1.4551765,0.14626226,0.06452381,1.8832476,0.9830232,0.70114195,0.16825365,0.06882362,0.7664813,0.64258474,0.28177705,0.0018284917,0.48781428,0.05858911,0.8158301,0.21518901,0.049558915,0.024340069,1.1619868,0.0475389,0.48501617,0.74399954,0.4144097,0.012628547,0.19125417,0.06717057,0.58037925,0.9981684,0.777948,0.56307375,0.52389354,0.056128725,0.3030276,0.38953528,0.0031675547,0.7641853,0.9277121,0.03744896,0.3238132,0.2595242,0.43214852,0.7620326,0.12837428,0.09049984,0.33239326,1.65544,0.13758066,1.5840158,0.0,0.33920744,0.9097226,0.7791726,1.5719084,0.4887795,0.8038552,0.05350725,0.06403897,1.6720414,0.22883542,0.56543106,0.4107988,0.23493202,2.2654717,0.5501323,0.15814689,0.26045263,0.91105384,0.045996543,1.1479214,0.28943047,0.021053243,0.021320114,0.19142981,0.0,0.38455468,0.4464585,0.7880765,1.0767738,0.35152897,1.3090146,0.47159046,0.7669769,0.4532774,0.3218197,1.0584933,4.3888993,0.060759615,1.6268214,0.10686865,0.01635646,0.82716817,0.69269896,0.0820963,0.03419571,1.4356145,1.1687261,0.4099404,0.285314,0.32336846,0.025971359,0.25526226,1.8810976,0.12791894,0.08832519,0.15116212,0.4129555,0.044882584,0.50757354,1.1222311,0.04107843,0.41982484,0.57831293,0.7843189,0.6003185,0.010694652,0.28837025,0.093007736,0.12860401,0.032650467,0.13142996,0.4757041,1.7412406,0.15964435,0.5111035,0.38249046,0.11892516,0.237154,0.9861341,0.051406436,0.61778057,0.016943704,0.0037267776,0.5694792,0.0,0.38028425,2.3105416,0.16324492,0.0805538,0.44196084,0.5374655,0.0,0.8488682,0.20882435,0.24940436,1.0016016,0.17326471,0.048816323,0.26145133,0.07689321,0.017952349,0.016066106,0.5278897,0.26749235,0.45168787,0.061417524,0.5426618,0.011840234,0.76261824,0.55778795,0.38982084,1.5036011,0.089976005,1.6874939,1.387051,0.0,0.0030664308,0.6804794,0.029807452,0.0,0.0059183403,0.72137046,0.13805436,0.2668961,all_pothole_images\pothole_images_enhanced_9a6f803ae0cc24f9213dcef980484195.jpg
0.1682761,1.790824,1.2808946,2.4284344,0.034550093,0.11794268,0.59592026,0.26326895,1.2745613,0.35877752,0.29420635,0.11513985,0.027127596,1.1607304,0.16649197,1.345356,0.01802626,0.0030106818,0.6244368,0.0,0.31610912,2.2280395,0.28065056,0.59398955,0.20460555,0.08388557,0.0,0.5999678,0.68753564,0.5900277,0.03582932,0.09748668,0.25509408,0.04846872,0.36300722,1.0690783,0.3680388,0.7741677,0.03687725,1.2256222,0.71213466,0.2641194,0.2187872,0.033333514,1.5197197,0.032660734,0.47865388,0.0,0.7681279,0.5638482,0.056323424,0.38489857,0.17902166,0.31126148,0.16365491,1.462853,1.9280611,0.11869797,0.9916161,1.9418449,0.013074795,0.49254927,0.39388865,0.3600889,0.49846599,2.1101408,0.8090859,0.42026994,0.1760434,0.21689457,0.1905805,0.44419485,0.112989336,0.0027824566,0.16377698,1.5365484,0.27592623,0.20265812,0.05658805,0.06527769,0.22711624,0.08596135,0.014689686,0.87725765,0.106640026,0.48474148,0.0,0.452491,2.9271154,0.7154246,0.0,2.2913828,0.2030756,0.11416839,1.8104461,0.38942343,0.44443244,0.8870547,0.17536913,0.55521435,0.022488276,0.49337393,0.101430446,0.14164774,1.0631759,0.1281586,0.17637421,0.36512592,0.44019052,0.57582605,0.090664715,5.691126,0.36968362,0.75966644,1.1799815,0.4828348,0.0,0.23363031,1.6332603,0.73467225,2.3519187,0.3589363,0.0038575304,0.47453937,0.040825278,0.15763932,0.08746554,0.48747066,0.41381696,0.06141943,0.20752102,0.7423014,0.3758754,0.6186026,0.102955036,0.4733021,0.1336475,0.1298601,0.13598455,0.0007179306,0.06420706,1.2094468,0.1426396,1.6190802,0.21866983,0.17401987,0.057523403,0.05575513,0.11748092,0.22065595,0.18460636,0.0,0.027012778,0.23873337,2.4219186,0.22889331,0.09542349,0.5305765,0.28121933,1.0898716,1.2424138,0.56164396,0.003921584,4.0562425,0.14055927,0.9056672,0.037153665,0.07580241,2.2993157,0.48296285,8.3952444e-05,0.22422034,0.1646383,0.0,1.062798,0.057808373,0.80705196,0.089308225,0.028315222,0.20315714,0.0,1.8470535,1.5781997,1.3816056,1.6195093,1.0814918,0.17404874,0.6687186,0.8154096,1.4812531,0.0,0.0,0.0,2.0131478,1.2738286,0.013528423,0.9077943,2.6649032,0.10982259,1.6830243,0.08416876,1.7051005,0.573274,0.27093905,1.6162206,0.07506346,0.086616814,0.12034602,1.5336845,0.55913556,0.0,0.015851166,1.1778376,1.9888428,1.1697576,2.0215418,0.09035458,0.08118316,2.021106,0.75827134,0.055242844,0.48803243,1.2170659,2.3932686,0.0,0.56978226,3.0889237,0.12362084,0.46787867,0.6598262,0.32840836,0.16830686,0.21832785,0.0,1.2976584,1.3127213,0.25597107,0.12867293,0.11137021,0.3045028,0.93638366,1.0248846,0.5095904,0.07118834,0.01474144,0.01348725,0.38807926,0.06529917,0.03558763,5.395651,4.302925,0.29519525,0.67915314,0.012800536,0.24856517,0.15645476,1.4490113,0.56181663,1.14246,1.531368,0.022342265,0.18452252,1.2114407,1.1176021,0.013451299,3.1162114,0.16976076,0.10405076,0.8400922,0.5252838,0.4805842,0.0025701425,0.036801275,0.0909529,1.6046461,1.4632392,1.5500611,0.096727,0.34541053,0.5890384,0.19676806,1.3427688,0.49270985,0.06500794,0.2479082,0.64800143,0.55807555,0.14821646,0.18981981,0.3353178,0.089559644,0.37292662,0.08910059,2.0712996,0.036268685,1.1477072,0.15177771,1.1608893,1.1689814,1.330074,1.4261546,0.08759695,0.0,1.5619707,1.6666499,0.0075723534,0.5642493,1.1207597,0.26412478,0.009329398,0.8110722,0.4396201,2.8721418,2.8221073,0.16270159,1.5474136,0.06844388,0.9051224,1.4837272,2.2618778,1.1442801,0.0,0.2506053,0.13798797,1.1685371,0.6509928,0.011514092,0.0,0.53284925,0.85487795,1.8411434,0.52356195,0.07439807,0.0,0.016834656,0.26669782,1.2668455,0.03281241,0.17123935,0.046590272,0.54110235,1.5355439,2.4821124,1.152109,1.1021945,0.9593855,0.31813997,0.01802049,0.44536915,0.27301097,0.7146379,0.77021086,0.073697835,1.3008337,0.60837895,0.46538806,0.13142349,0.35094336,0.97460204,0.3817714,0.3722698,0.028105298,1.4232618,0.06309744,0.011011373,0.6464679,1.4684409,0.27422076,0.72388846,0.20479998,0.8873161,0.98508275,0.14386456,0.37320253,0.47600016,0.13414735,0.102605864,0.6106462,0.42633963,0.5395726,0.011673549,0.10429516,0.6205259,1.8189352,1.8859168,0.8632385,2.0302656,0.010319758,0.055087034,1.8328354,0.8059225,2.2317448,0.14754018,0.677965,0.0,0.25561485,1.0301238,1.2352759,0.67905056,0.052071832,2.1399918,0.16687922,0.22562517,0.8245075,0.12170989,0.0,0.2692139,1.089003,0.18462496,0.00895408,0.33329877,0.36163393,1.3108556,0.22435102,0.00420028,0.51494604,2.7821965,0.18019842,0.40178534,0.3436934,0.4800461,0.4214015,0.09328716,1.2200298,3.4137983,0.07028958,1.2747005,0.36791372,1.171914,0.8547902,0.8739569,0.9228405,0.016334673,1.0008366,0.31279308,5.8515134,2.142308,1.9912935,1.0848701,0.6447006,0.31351742,0.8290906,0.34347397,0.0,0.2828919,0.13947973,0.122918785,0.36587298,0.061312824,1.6320986,0.6176406,0.12733285,1.724786,0.0012778168,2.5700831,1.0258638,2.2419508,0.5715779,1.9598501,2.1625812,0.0,0.2680274,0.8387157,0.018944468,0.24800609,0.39735237,0.1936652,0.12137122,0.0,1.0938351,0.5764521,0.03979054,0.16675635,0.048836626,1.5197558,0.33103555,0.10112186,1.8367773,0.4143612,0.24598251,2.9541376,0.65965,1.0607296,0.66405624,0.009344185,1.5025574,1.361196,0.30593428,1.4987915,0.0,0.6597369,1.7948385,0.17687206,0.0,0.0114009585,0.0,0.6340356,0.19149105,0.00014997167,0.4112479,0.08103785,6.0219646,1.1187931,0.25137833,0.17542511,1.9428915,0.022454647,1.399755,0.16816707,0.7798048,0.9934313,0.0,all_pothole_images\pothole_images_enhanced_9ac0eb741a5074b627f3fa034f42dc2d.jpg
0.2772929,0.60200816,0.023485636,0.8013621,0.15443319,0.2660692,0.8572548,0.20330876,0.042442925,0.48953164,0.8952032,0.37236828,0.42375296,2.2983305,0.060402304,0.13852164,0.04744536,1.2367443,0.45331106,0.10285735,0.713099,1.739091,0.4433098,0.6787444,0.8169716,0.4342892,2.1173582,2.983531,0.4488573,0.5975927,0.110452585,0.19385211,0.23413907,0.96531075,0.5347472,0.8671674,0.22360657,1.0003603,0.10350593,0.93554926,0.0,0.019595157,0.27100223,1.6888405,0.34154052,0.18209401,0.26212823,0.06846727,0.22506364,0.12729476,0.29672638,1.0158021,0.36763787,0.2839949,0.0025266896,1.6626456,0.12253565,0.62292385,0.25011507,0.052352913,0.22836661,0.67809355,0.95575005,0.6835611,3.4281507,2.3429446,0.29422888,0.16433144,0.37805137,0.05677303,0.3266982,0.27071002,0.100599766,0.74508727,0.052748736,0.059795126,0.26422855,0.6423781,0.020878743,0.0,0.3940726,0.0045740646,0.63186336,0.54395634,0.124820516,1.3224727,0.06886574,0.08266736,0.7303978,0.14636667,0.5585698,0.51532143,0.101466924,0.67251074,0.12739433,0.2198161,0.23636419,0.89749473,0.5854409,0.16952117,0.19865191,0.97050756,0.0035354206,0.07703844,0.53237665,0.47399902,0.008459748,0.20468375,0.40811783,0.19832657,0.15646936,0.050866876,0.592955,0.69326437,0.4059404,0.20438182,0.32349712,0.18847847,0.19747403,0.4376538,1.8585725,0.5239231,0.19994743,0.75712955,0.09851665,0.09823163,0.4298043,0.7877671,2.377715,0.88969076,1.1040409,0.19230041,0.0650067,0.4327627,0.06527483,0.11172693,0.23835777,0.31555018,0.57919425,0.073350094,0.5216065,0.23811747,0.6895074,0.9114711,0.68970793,0.37468478,1.3160838,0.092177115,0.04227414,0.04204579,0.5097936,0.30711374,0.13989617,0.0,1.2967379,0.34773636,0.54084146,1.1872175,0.92220664,0.50438946,1.4731364,0.62700474,0.06728503,2.2887855,0.44014943,0.052216385,3.1475062,0.33485338,0.554082,1.0802323,0.40793565,0.19062074,0.42796832,0.74354273,0.1737537,0.6015535,0.75187916,0.021429636,1.6653123,0.45944357,0.3346609,3.0613983,1.7796671,0.035065573,2.307804,0.2499389,0.112111524,0.044549108,0.16908965,0.30855185,0.30040982,0.3785076,0.5927728,1.8403403,0.05724956,0.11344951,0.17098093,1.7182436,0.09146388,0.19835675,0.7401158,0.49568397,1.5624752,0.6930945,0.56011856,0.114737004,0.69194525,0.11650722,2.9471383,1.3721824,0.024752103,0.2711254,0.06327055,0.20744789,0.6322539,0.36375,2.1771863,0.057544824,0.08094797,0.46616587,0.12593794,0.16992615,0.654042,0.03524947,0.21321508,0.47151116,0.84943414,0.061704256,1.6505607,0.55946654,0.4087569,0.68002707,0.09460495,0.13511656,0.11118375,0.31861296,0.6138731,0.43653226,0.0029749055,0.14905441,0.0,0.11661333,0.0,0.11327059,0.4071465,0.13841024,0.80666685,0.23886369,0.3836106,4.197886,2.5944035,0.028916314,0.26067644,0.05632911,0.36220595,2.0664778,0.25977072,0.1389975,0.5915088,1.3611866,0.7665639,0.28498515,0.37200007,0.1899109,0.74967474,0.73097205,0.5273192,2.1636102,0.38593298,0.14576551,0.07539819,0.49533716,0.41746876,1.3511739,0.028492136,0.15870552,0.15556584,0.33954224,0.32568148,0.17216659,2.5277083,0.11439718,0.66450197,0.83602685,0.47421074,0.75310755,0.2613299,0.048385277,1.3001258,0.36274064,0.30417684,0.15254958,0.05890088,0.049723968,0.25235543,0.6053983,0.28700992,0.4738769,0.6004159,2.379729,0.39715466,0.5365822,0.09142601,0.11318455,3.0198252,0.0,0.0077606663,0.011763534,0.06287781,0.051861525,1.0566201,0.46436504,1.1039774,1.1341332,0.2124278,0.1205061,0.33145484,1.08897,0.7467273,0.42563456,0.42700237,0.0,0.14498273,0.42082283,0.4627738,0.009349143,0.30831245,0.03575644,1.5715553,0.1428364,1.9000854,0.31238422,0.17195062,0.8320558,0.048474476,0.12101178,0.14421427,0.36846358,0.7341495,0.19078146,0.021744769,0.98962444,0.5216414,0.6048398,1.5305753,1.418573,0.067142606,1.0289485,1.4230112,0.5896874,1.1119609,0.016102104,1.3051051,0.417351,0.17489067,1.0395929,0.148843,0.7335887,0.3899235,0.41891003,0.6665396,0.20035547,0.15454094,0.017239636,0.10024543,0.027464831,1.6807933,0.11744353,0.5283089,0.270911,0.8136799,0.52162266,0.5985859,0.020216342,1.304123,0.36047682,0.1766702,0.059202105,0.74230826,1.3857137,0.26844436,0.029768895,0.60646874,0.48301113,0.6223236,2.8750205,0.8110103,0.038201522,0.0,1.5194769,0.5386566,0.9771603,0.036216184,1.468094,0.042123113,0.5488371,0.5660405,1.0901318,0.31346306,0.62436527,1.0794295,1.0334352,0.38475317,0.67915404,0.914575,0.22931957,1.3900907,0.6371051,0.09874805,0.8143693,0.94064575,1.1602813,0.3906271,0.61649764,0.20841765,0.5707444,0.78281534,0.42071483,0.24183786,0.12376084,1.790856,0.10749016,1.3094678,2.1338136,2.9053092,0.28898412,3.6738782,0.8760754,0.63778317,0.09002491,0.014322557,0.32523808,0.14876956,0.50642115,0.6485679,1.0257508,0.1542143,1.4368204,0.049945887,0.17118219,0.3910385,0.045346163,0.09385506,0.03902434,0.5145448,0.06413772,0.55152804,0.23414074,1.0476702,1.2184298,0.84106904,0.03051763,0.8559711,0.38520712,0.21335602,0.53247964,0.55619663,0.1608416,0.25930905,0.94854826,0.9458623,1.7214088,1.065084,0.30473903,0.16086549,0.010140491,0.18062174,0.17805141,0.6451651,0.11968845,0.49088103,0.43361086,0.8123256,0.068500616,0.03715645,0.01834143,0.12738508,0.5803473,0.07823458,0.009228438,0.28311002,1.050911,0.0,0.95002633,0.27210757,0.049537927,0.0083086705,0.274006,1.7224572,0.06380974,0.26394108,0.28003135,0.43916824,0.6407076,0.30891785,0.09749363,0.0012343038,0.031363443,0.24543332,0.11830341,0.5342098,1.2510136,0.7636387,0.06862929,0.7915333,0.4868176,0.19757165,0.107728615,0.065792404,0.8822689,0.7553455,0.62133145,all_pothole_images\pothole_images_enhanced_9afddc637cb1ddb0094bf1de0b521236.jpg
0.02765495,0.4377548,0.39762133,2.3242996,1.0260123,0.30097866,1.5842195,0.06293432,1.2769094,0.47868022,0.16063645,0.14664,0.07309492,1.9947276,0.08646308,1.02643,0.14340009,0.6484253,2.4961395,1.039017,0.06573011,1.6851664,0.3634758,0.5783299,1.7286448,0.686229,0.22644113,2.047681,0.33141226,0.536877,0.33184245,0.38635612,1.5095842,0.7900496,0.09834412,1.1353625,0.011152439,0.123953216,1.17095,0.014846691,0.13019994,0.10542165,0.38945776,0.7193423,1.2826393,0.009681311,1.2636675,0.0,0.2608447,1.5428286,0.34100467,0.07035325,1.3623738,0.6862953,0.103309534,0.6623275,0.12861812,0.45468357,1.6476257,0.5093401,1.0314406,0.9059906,0.6563607,0.580739,0.60857886,1.7876259,2.2546082,0.6434387,0.26186126,0.010069177,0.09844473,0.21016172,0.7101438,0.043493796,2.0566308,0.015630106,0.034698553,1.0379615,0.8761559,0.30650398,0.068998836,0.06679606,0.4201409,1.9974407,0.20598567,0.67951995,0.22657986,0.043215934,0.8225421,0.2417752,0.3123857,0.6747923,0.0,0.41980556,1.8531344,0.006997776,0.698849,1.6567111,0.0,0.29071057,0.11253813,0.3920615,0.04049003,0.21100083,0.6032529,0.1408831,0.6576684,0.14088377,0.18990538,0.27716216,0.7182284,1.924221,0.36330476,0.13808672,0.3946546,0.070282914,0.9923094,0.6771117,2.0267527,1.1238672,2.0357444,0.6739973,0.5402371,2.0808187,1.9198126,1.1133116,0.032395344,0.015260365,0.15921977,0.035763666,0.30009848,0.26799163,0.18110944,0.7051063,0.6122898,0.82717896,0.6604124,0.07784097,0.939289,0.77150524,1.1450708,2.8131769,0.20259106,0.55659044,0.40413368,0.22340089,0.0,0.47094133,1.1254374,0.33915815,0.83725435,0.11967915,0.009941945,0.04294889,1.8916761,0.15247734,0.2462581,0.27411768,0.06879601,0.32503018,1.2712078,1.4010277,0.5563287,1.0055472,1.4763844,0.0,0.40982133,0.032103766,0.2064515,3.9451468,0.49197954,0.024407502,0.03639693,0.19971727,1.1197262,0.054530483,0.25406587,0.011741774,0.10753414,0.17855424,0.15201984,1.881355,1.4322011,0.9818889,1.3569725,0.999642,0.38331687,0.07343664,0.45447034,2.7288349,1.1305826,2.7553132,0.017741362,0.81046486,0.13846162,0.3109145,2.29339,1.7697862,1.1320262,0.32893857,0.29920468,0.69490886,0.7000407,0.30107826,1.3569272,0.16020855,0.46371576,0.15857495,3.3897207,1.2677337,0.01872083,0.0224782,0.8511126,1.1642588,2.249435,1.7115002,0.028870054,0.671516,1.0091604,1.520628,0.08902232,0.91469216,0.08966924,2.1854432,0.014666569,0.0,0.69760495,0.1289846,0.8841665,0.09346587,0.100959234,0.13248488,1.32431,0.7259519,2.785549,0.2630428,0.74429256,0.09013689,0.006356773,0.6272661,0.41707727,1.5864837,0.21153611,1.3155262,0.021794071,0.048459724,2.4742823,0.2679028,0.4536825,4.2795334,1.7133477,0.22633654,0.28869316,0.11356835,0.043346405,0.46091086,0.6512645,1.0816088,0.27862337,1.5514137,0.20904735,0.6613455,0.444345,1.4938198,0.2005531,2.8151128,1.3306437,0.0,0.73800313,0.5793383,0.05728951,0.03916328,0.888215,0.85640574,0.26961657,1.5139842,0.13552669,1.2220641,0.733365,0.22487323,0.026069403,1.3421017,0.50973,0.22763786,0.32129773,1.0080521,0.15379672,0.30106062,1.7561957,0.05918939,0.0,0.7632655,0.9759766,0.12772681,0.7582444,0.3040358,0.08438676,2.5573883,0.6661204,1.2102072,0.89896065,1.2067789,0.37101242,0.03441232,4.3840938,0.21142216,0.57089853,1.4947227,1.2178096,0.2031151,0.8267783,0.76024526,4.800753,2.6472468,0.28400135,0.78596646,0.01891477,0.4844076,1.5806407,0.5330396,0.5271062,0.6391417,0.55880165,0.21580839,1.7462952,0.6452042,0.28321952,0.030489843,0.02560203,0.16343898,3.33861,0.13248885,0.7108738,0.5320311,0.63886386,0.24161822,1.5028652,1.7641059,1.130065,0.030740185,0.112428,1.0275849,1.7344469,0.9383086,0.7747017,0.70877516,0.32548806,0.24695556,0.25531936,0.77831066,0.268861,1.003729,0.85439235,0.50383073,0.12939617,0.21581098,0.0,0.86096054,1.1632159,0.2932954,1.3504522,0.29148445,0.7741206,0.08584618,0.037492815,0.33044165,1.125767,0.7209023,0.058891445,2.367568,0.8007895,0.06793185,1.4965187,0.07097775,0.27441257,0.44574103,0.044173524,0.11329878,0.19639298,1.3697575,0.9724798,0.40660864,0.1153138,0.6338852,2.235071,0.51381147,0.8684765,0.2418377,1.1280096,0.95003635,0.81376815,1.9801091,2.1419184,3.220408,0.027061287,0.27138725,0.8489152,1.0816153,1.6094499,0.0027674322,2.8710725,0.12732686,0.033616677,0.6120205,0.14978334,0.002099556,0.2257917,0.45061496,0.029730259,0.07607835,0.54455805,1.1848917,3.704771,0.5321466,0.07351151,0.005432113,1.1065513,0.44222805,0.82404596,0.0090509,0.595806,0.25356624,0.40345407,1.1749375,0.8839209,0.6475341,0.4285837,0.15204509,0.24132119,0.63791144,1.1051008,0.8135723,0.063452855,0.49923885,0.28668427,2.082824,0.9509665,1.6651784,0.60364497,0.9118506,0.07078854,0.46130806,1.2370483,0.58260274,2.2556734,0.21022205,0.7668307,0.8248955,0.004301556,1.2362195,2.901696,0.24322085,1.0061637,0.14073703,1.3758234,1.7314434,0.0723145,0.24214569,0.22901034,2.0827637,0.697786,0.058015943,0.7167595,0.08748312,0.6578818,0.9926107,0.46630368,0.02399482,0.16112927,2.122662,0.62427735,1.4089665,0.17314754,0.25035754,0.3932107,2.3822105,2.0685349,2.238844,0.6760306,0.36868227,0.68016905,0.6726099,2.5206058,0.2606243,0.0,1.3793129,0.46048802,0.3242834,0.6306681,0.09822405,0.72519934,3.327306,0.8792405,0.08184318,0.06688849,0.011345891,1.1998942,0.4848147,0.22457041,0.54500204,0.93255347,5.730482,0.91565067,0.12991755,0.22492824,1.2283162,0.28900257,0.70289207,0.7218857,0.29472792,0.45958918,0.3101874,all_pothole_images\pothole_images_enhanced_9b5da53df4769636e0f6daa7ca5b89f8.jpg
1.1961215,2.1344812,0.62973225,2.0111017,0.6975886,0.35631055,0.11183275,0.23299284,0.13280748,0.21786238,0.9534009,1.1001266,0.024360195,2.1553056,0.14433785,0.32277095,0.9787975,0.15146582,0.21525456,1.5897924,1.1573557,0.8487262,0.51876813,0.6443704,0.5283155,0.29050282,0.39040568,0.6244788,0.18590465,0.30493015,0.62642103,0.1039555,1.0564669,0.6207074,0.80218583,0.050998542,0.8361341,1.7865415,0.41806096,0.095899016,0.54589766,1.1955369,0.9459526,1.0885401,0.6743849,1.7436031,0.101935364,0.42292815,0.49873155,0.44060168,0.35628152,0.78033274,0.8554984,0.122730836,0.5327424,0.5631847,1.0397662,0.098664604,0.0032848255,0.008138491,0.21076101,0.2533246,2.6158614,1.0874437,0.31724122,0.15439682,0.36131287,0.05796749,0.0040604863,0.15272929,1.0905833,0.052254055,0.23878022,0.5032061,0.9954779,0.495006,0.060455848,1.3728756,0.065122806,0.20206729,1.0875751,1.713908,0.9348736,1.4384096,0.058831252,1.3825033,0.21786137,0.21440235,1.281616,0.0,0.6649542,0.4504154,0.6197712,2.0203404,0.03358637,0.17476343,0.35103932,0.84204024,0.40153113,1.4939986,0.19513845,0.8030722,0.6056224,0.7629094,0.275702,0.22977994,0.14772272,0.8151403,0.209479,0.70626,0.014661619,0.9708161,1.3428143,0.30299845,0.31293905,1.517186,1.4443313,0.46997216,1.2165056,1.1385388,0.75354475,0.32481828,2.5647748,1.6128094,0.11770533,0.2296404,0.6345076,0.067302994,1.453183,0.74426025,1.8646182,0.34136885,0.086214334,0.5195497,2.539479,1.0329525,1.0282209,0.12181122,2.5268772,0.055848647,1.6324534,0.38304803,0.5491901,2.05874,1.6951164,0.27566546,0.6104509,0.6473878,0.066569045,0.6379778,0.20765127,1.1654054,0.320684,0.5243643,0.8714724,0.2998691,0.34086984,0.85971195,0.59801024,1.0023781,0.78394455,0.8217454,0.26466265,0.039731506,0.9371881,0.8607026,1.083903,2.2259984,1.1136233,1.4715241,0.5839901,0.9749284,0.34042117,0.85723865,0.6404458,0.5033572,3.114955,0.5762965,0.054797526,0.63221097,0.4780178,1.3401383,1.6234939,0.6037574,0.8561305,0.047934253,0.6621114,0.030911025,0.5574947,0.3621493,0.66123384,0.0764493,0.84724253,0.41217116,1.54639,1.2072134,0.273189,1.3018664,0.20211248,1.068799,1.4582454,0.8475624,0.19943164,1.012903,0.96545196,1.4210874,0.35382015,1.1349254,1.0599548,0.0,0.7049085,0.9797781,1.3076916,1.0356673,0.2331056,0.5545494,0.2738711,0.17029135,1.3045634,0.0,0.62584597,0.0,0.9028989,0.19919036,0.5322394,0.067442425,1.5277094,0.43953654,1.6343851,1.1841077,1.278465,1.0064718,0.6561079,1.1086289,0.17565641,0.9895297,1.8731651,2.6148722,0.7033909,0.38022745,0.3340243,0.84688985,1.3149467,0.9170577,1.0134623,0.0025233869,0.6341093,0.36482987,0.42202237,3.2084484,0.93173945,0.17693819,0.0033776911,1.980625,0.18192466,0.23228048,0.7358585,0.5192741,0.26967275,1.5112625,1.6875775,2.7896748,1.1589789,0.38133052,0.04882083,0.8487236,0.07693074,0.52108914,1.1337072,2.9858105,0.26787567,0.2413535,0.30141816,0.24152803,0.07147847,0.6528709,0.1237581,1.2685794,1.4824679,0.20320183,0.82653534,0.23780444,0.73610467,0.018418975,0.7537638,0.5125158,0.21284643,1.0981163,1.2578564,0.08153833,0.014676012,0.7164323,0.09818602,0.6962828,1.1686354,0.8399944,1.4696288,0.7896373,0.09545256,0.7431799,0.096263,0.08926439,0.0,0.45892575,5.128259,0.45950565,0.7480598,0.06463733,0.43356875,0.13360435,0.40684667,0.6127238,3.292958,1.2391593,0.010965139,0.62612087,0.103430904,1.4402634,1.9706703,1.1020055,0.6199681,0.25843292,0.33406892,0.52071273,0.321614,0.42783138,1.1403434,2.216723,0.84329355,1.1091733,4.004791,0.632952,0.24351753,0.47778374,0.55465007,2.4193063,1.5994914,0.55405915,0.5100807,0.048785895,0.84616,0.7217639,0.96025634,0.29254368,0.83408123,0.06631162,0.070108905,0.18633142,2.2864108,1.162007,0.35185486,1.0477011,0.47674632,0.04953688,0.96331286,0.12834175,1.5158896,0.13138199,0.24215025,0.5885289,0.13256934,0.20777893,0.40973553,0.23327138,0.81986195,0.008491541,0.5998246,1.2234751,0.1941554,1.0917032,0.8214387,0.3513325,1.005663,0.6914838,0.39896354,0.08918464,1.313727,0.87681806,0.8173065,0.89658356,0.4640058,0.048628606,0.19762443,0.33191997,3.265783,0.46075243,1.8417599,0.7386548,0.1663764,1.798934,0.42250824,0.5467201,0.7742821,0.28080225,0.27963382,0.81155175,0.09094028,1.4696083,0.43483526,0.066965275,1.1373296,0.5469627,0.61108345,1.3947631,0.31217438,0.5918345,1.7929541,0.5751426,1.2937665,0.59866464,0.017543418,0.34127674,0.46948242,1.9268161,0.40305355,0.44856516,0.044283174,0.4514525,0.13962449,1.4170569,0.34069005,0.73995364,1.4902371,1.4410061,0.19350661,1.6400168,1.2714717,3.6937654,1.3414441,0.30236763,0.4173132,1.2445902,0.017020848,0.6871453,0.98614323,1.0138739,0.8341509,0.9748574,0.20234168,0.18067157,1.1067265,0.2713543,0.26255172,0.21305816,0.28755063,0.29127356,2.2505817,0.821524,0.25913912,1.0031526,2.0627437,0.184375,0.17897823,0.25467965,0.23791113,0.08184198,0.9422765,0.6460367,0.58795685,0.18169145,0.87879723,1.5940539,0.27694374,0.97324306,1.6254506,0.25246987,0.015070621,0.14506443,0.35976285,1.0397762,0.27172065,0.105517894,1.6705126,0.16332486,0.48897767,0.09515893,0.86156756,0.19773947,2.112653,0.47535935,0.52136785,1.3736911,0.5951732,0.3085746,0.14922728,0.10678563,0.2259361,0.6115551,0.5712721,0.6887509,0.13852006,1.2136217,0.18460196,0.6615759,0.6935231,0.1065515,1.1382171,0.6397979,0.31809846,0.1298787,2.3067243,2.3850355,0.10402782,0.6082489,0.22721487,0.3002787,1.0657305,0.16275313,0.14973952,0.2858832,0.4115007,0.9631597,all_pothole_images\pothole_images_enhanced_9ba9ba49815c8aea2f75446658e6ab89.jpg
1.5576022,0.4862591,0.018131549,2.428314,0.6657969,0.30854556,0.23312028,0.059747823,1.1771036,1.1865246,0.7352695,1.0036374,0.42310366,2.496293,0.5705281,1.3204485,1.1479199,0.29834932,1.7491455,0.36403555,1.4255838,1.0077734,0.046050344,0.7863268,1.0102633,0.5251235,0.23507647,4.0690184,0.3476563,0.28411424,0.18588726,0.60274684,0.08311418,1.8756506,0.0070030335,0.9058023,0.00328954,0.39788577,1.437514,0.25327635,0.0,0.0,0.32962763,1.14509,0.49509436,0.21358801,0.52016145,0.23636538,0.26690018,0.7799248,1.1927441,0.0008057492,0.44126293,0.28050727,0.33532566,1.6122636,1.7103732,0.04221519,0.17840089,0.14689119,0.6490612,0.5172231,0.69051564,0.4000808,0.18460599,1.8235364,0.98952234,0.4838603,0.10861904,0.18287109,1.2253056,0.06391783,1.048335,0.5200754,1.2125134,0.31626502,0.029776933,0.28515878,0.18902957,0.90785605,0.0215419,0.45849845,0.0,0.4800369,0.31712762,0.113961264,0.07388282,0.39399368,1.8119285,0.40649962,0.8728717,0.006779017,0.58843786,0.46596953,0.37775072,0.03669075,0.669928,1.9360428,0.2583021,1.5942858,0.0,2.6293154,0.7792534,0.18865673,1.3965415,0.1715319,0.077921614,0.06075864,0.0020280108,0.34716734,0.006628448,0.6974337,1.8075547,1.0814584,1.0655247,0.5551213,0.08966404,0.15776147,1.4958773,2.0288992,3.1054466,0.3163742,0.0,0.6667549,1.2250744,0.7130308,1.680361,2.014514,0.9245627,0.1590233,0.11475709,0.11737529,0.051100466,0.6277187,0.42240617,0.4400405,0.536877,1.4650788,0.15396626,0.20730521,0.0,0.097985946,0.04057996,0.22482403,1.1661758,2.1293113,0.0,2.1959035,0.564501,0.10440728,0.66096187,2.7201304,0.712742,0.057411034,1.676557,0.89851147,0.38684034,0.040245455,0.66984046,0.69558793,1.8964722,0.56794673,0.041079193,0.72102565,0.106616944,1.8370467,0.42143217,0.35260275,1.1425217,3.2320201,0.0886779,0.0033176243,0.31388363,0.21796125,0.039277,0.4262081,0.9131194,0.09477255,0.055470467,0.0,0.41806325,1.5751227,0.7602959,1.1839389,0.66592157,0.026233723,0.41008607,0.99480563,1.1782185,0.4919354,0.43686137,0.24619994,0.5678731,1.3002187,0.23782523,0.84627926,2.572759,1.5028885e-06,0.9008345,0.15289088,0.16601866,2.4613192,0.7347054,0.5988819,0.10262378,0.33313376,1.3938096,0.10237959,0.34424883,0.9047199,0.19515857,0.0,0.4576409,0.5547115,2.9692464,3.7538233,0.28064483,0.32698128,1.2632302,0.3263222,0.6203491,0.47386938,1.4427278,0.6843211,0.094463505,0.22079895,2.47726,0.9138664,1.4111996,0.6861525,0.0,0.08131746,1.2407701,0.35439712,0.09691828,0.04599511,2.2657125,0.20762667,0.05823044,0.050109766,0.057948567,0.24324006,0.189748,0.49719685,0.039797712,0.0,1.0072473,0.455924,0.3450343,3.1981437,2.3179772,1.003237,0.24732696,0.05166408,1.0707479,0.34672904,0.9010455,1.0284464,0.011077389,4.2189136,0.8699726,0.023226248,2.3732822,0.16246694,0.04210545,0.0789999,0.84363127,0.17111462,4.183438,0.017537443,0.7139852,0.2785747,1.2531185,0.51993304,0.0084957015,0.90460634,0.14609702,0.2660055,0.3145567,2.4220848,0.09037957,0.1933695,1.3660574,0.4540325,0.4555935,0.0,0.5523437,0.53210664,0.9416894,0.18312256,0.34719932,0.08319158,0.65631455,0.6848531,0.41318685,0.20505866,0.26048246,0.26439503,0.2944879,2.9598868,0.25717247,0.20566516,0.20011745,0.94469595,5.489464,0.12443969,1.2650117,0.6737966,1.1868145,0.04201439,1.298098,2.0299683,1.4687213,0.71071327,0.014482222,0.80801374,0.0,1.3266467,3.0803466,0.34746456,0.85641104,0.013953595,1.0625842,0.0028744014,0.52842605,1.6149842,0.15310262,0.008595018,0.10845916,0.053249232,0.8270083,0.0,0.39765796,0.023158308,0.014440932,0.057129543,3.0625386,1.3847541,1.0685557,2.2267797,0.479244,0.13455677,2.713125,1.1588147,0.7922868,0.17089953,0.619821,0.22593607,0.11352713,0.20516668,0.15315714,0.30890682,0.20077217,0.6983267,0.70430785,0.057755932,0.12239773,0.84201926,0.38923484,1.3025695,0.16336079,0.5966584,0.020804416,0.9856234,0.0,0.3734277,0.968876,0.002335676,0.23245814,0.05541965,1.7901171,0.042086367,0.92205155,0.052833114,0.0,0.47492185,0.097730875,0.0033937944,0.9526281,0.076469176,1.0957862,0.22159204,0.4487666,0.032307845,3.9072638,2.683344,0.7364408,0.014666603,0.3720214,1.9975967,0.69027555,0.10091417,1.0365193,0.30170247,0.0038695666,0.2304645,1.0886703,0.52747405,1.5596946,0.0013580938,1.261466,1.6593773,1.4455708,0.34657073,0.24207106,1.2722597,0.39434916,0.37659097,0.60421836,0.22553657,1.4972129,0.8417094,0.44768122,0.3869993,0.009146834,0.6075328,0.42268097,0.31404012,0.2751513,0.43813458,1.8434242,1.6667467,0.41827938,0.3635216,2.8423932,0.0419837,1.7701734,0.041339565,0.49726307,1.083957,0.38490248,0.26923484,1.4543368,0.37242252,0.74900585,3.009763,0.7753012,0.81116843,0.016964749,0.45833793,2.2325668,0.7946712,0.5411329,0.113980465,0.083814524,0.0070270933,2.2809787,0.8562435,0.02999511,0.6550893,1.7046949,0.7074739,0.71972436,0.57624143,0.41903755,2.0218787,0.4361083,0.3085062,0.12601207,2.167504,3.4210205,0.1048971,0.43144608,0.030322596,1.2478478,0.20839465,0.19258049,0.0,1.2808067,2.8315127,0.53155136,0.15413514,0.052404117,0.18130805,1.0590428,0.61653847,0.38624004,1.9060329,0.2185008,0.31263813,0.8716949,3.2262685,0.46528476,0.30473125,0.0,0.021512894,0.28501615,0.04009965,1.0071675,0.0,0.2928374,1.6687125,0.039352123,0.1417081,0.3257052,0.0,0.15762903,0.013436059,0.029036283,0.024238294,0.23310255,6.0683875,0.29953587,2.0427406,0.9978351,0.8536481,0.4611684,0.7236567,0.06053658,1.3246012,0.27627942,0.28624037,all_pothole_images\pothole_images_enhanced_9bb7142237e2af2daafae618cfffdd28.jpg
0.51016307,2.6573932,0.08010715,1.3715558,1.6536455,0.48416814,0.4971782,0.110324465,0.21114878,0.6289836,0.21081558,0.3803843,0.1746608,1.3169116,0.07932147,0.53981686,0.07712481,0.08871711,0.48106745,1.4712261,1.029563,3.8637302,0.49148333,1.9300503,0.24906161,0.565472,0.12579155,1.7721969,0.31857133,0.483577,2.0284388,0.024933023,0.1615344,0.79153395,1.1560457,0.71106297,0.98367476,1.3413177,0.2587076,0.8507376,0.2311902,0.0,0.04550194,1.3767807,0.9910404,0.75465643,0.2272177,0.04411541,0.65943897,1.3030769,1.7291534,0.14571631,0.8100478,1.2027435,0.1035841,0.5897111,1.10805,0.02492601,1.0507448,0.27606905,0.75551945,0.9504945,0.8328814,0.19415371,0.8369292,0.28688997,1.040247,0.60617447,0.7365098,0.8598778,0.3904601,1.0121247,0.06862905,0.138678,0.41683948,2.3058188,0.4685907,1.3264066,0.3588707,0.09642716,0.68813777,0.2970934,0.15547647,3.0681918,0.9390333,0.7969237,0.8857995,0.24905331,4.200326,0.139502,0.21628627,1.9718126,0.08914269,1.0293403,1.2244467,0.16498822,0.47774538,0.68256,0.12602046,0.71041745,0.080072634,2.0456243,0.42625934,0.12174209,0.03471818,0.094285995,0.059625898,0.89437675,0.018800106,0.7042451,0.26856744,1.4227216,0.08400551,0.3811376,1.1354667,0.38717213,1.8129956,0.14937256,1.444902,1.09874,2.0476642,2.0326731,0.29088628,1.2700008,0.6127561,1.0782992,0.6218928,0.18743375,0.06705596,0.8207495,1.4601451,0.056704257,0.3038949,0.37979183,0.32269394,1.2722045,0.42061374,0.8545177,1.1831554,0.7150543,0.23634729,0.6411678,0.4371881,2.4823678,0.70132875,0.31047696,0.3063127,0.24026205,0.2853261,0.523313,0.6358889,0.8681933,0.30695018,0.044426996,1.1981806,0.5727781,1.1669855,0.048688713,0.29958546,0.66372913,1.2545279,0.0034692667,0.2402097,4.0316796,0.057036817,1.0830154,0.8237654,0.40493938,1.3457474,0.20354083,0.87346095,0.013887458,0.3787401,0.5627362,1.5557,0.19781306,0.36049986,0.010692999,0.23765108,0.06721577,0.49984226,1.5056859,1.0527693,0.9517783,1.14733,0.18842736,0.19029689,0.121503904,0.16298385,0.60971373,0.5497616,1.0057802,0.005171871,0.7850614,0.06990204,0.31933588,0.7831622,0.24755517,0.48653224,0.74473953,0.23017618,0.419991,0.7910628,0.56212926,1.4378877,0.2556194,0.32523012,0.18044631,1.0146673,0.19688663,0.1295359,0.0346211,1.2308142,1.7353913,0.9934148,1.1613811,1.2943827,0.14873008,1.4487953,0.34708205,0.4583538,0.2262593,0.9214677,0.54027534,0.366841,0.8129168,0.5710988,0.44241756,1.7123972,0.24250667,0.23559324,0.74152905,0.279721,0.09011162,0.5337819,0.020079158,0.84750545,1.5899824,0.0010122631,0.5281048,0.7052691,0.034681473,0.5736559,0.02987478,0.5371675,0.39529553,0.44044378,0.22397171,0.4763006,2.7677438,1.9891059,0.08671786,0.2154915,0.13073203,0.33206138,0.24029326,1.400202,0.03942947,1.0327839,2.4181736,0.57776326,1.0868877,0.5410804,0.2881055,0.2417229,0.0092460485,0.0,0.41718233,0.4135408,1.4438386,0.32351637,0.11464672,0.0640676,1.2337946,0.23768063,0.80572665,0.94958824,0.45439968,0.9617002,0.5348496,0.35631043,0.20213197,0.14786193,0.35939324,2.3129241,0.0,0.47654185,2.0763214,1.5861864,0.35361072,0.4105473,1.0317566,0.049979582,0.29955855,0.37204897,0.10147362,0.4759204,0.63323283,0.326113,0.5736194,0.09969972,1.1754043,0.15588102,0.64705855,6.381355,0.47019958,0.63883996,1.0143888,0.47145748,1.1405214,0.28592756,0.5034487,4.219284,1.3142972,0.095741734,0.4072089,0.26632145,0.120272845,1.306416,0.12157504,0.34224385,0.5647197,0.12217607,0.57296324,1.4667038,1.9913012,0.50900686,1.132867,1.1312321,1.1549811,2.567128,0.25785384,0.28126302,0.2258577,1.1607993,1.0654948,1.1437159,0.31321988,0.4517425,0.58190787,1.4629513,0.95222574,1.3819184,0.06446887,0.033652034,0.5385989,0.16834177,0.022105973,0.40522385,1.6736659,0.38402393,1.259932,0.42210573,0.53095204,0.61725986,0.43744743,0.551243,0.89410365,0.8136232,0.7917393,0.739636,0.41208184,0.22405493,1.1154448,0.06676291,0.28882635,1.2627085,0.79690003,0.79600203,0.2030552,0.54410005,0.72715175,1.1126852,0.3318985,0.8712085,0.6770508,0.0031015726,0.15979925,0.12351858,1.9578768,0.40408084,0.4636734,0.95219946,0.79278266,4.248887,1.581418,2.9730036,0.57726043,1.8813039,2.8560307,0.8019039,0.80817795,0.15049371,0.77636236,0.0,0.27537432,0.6766798,0.3081731,0.933249,0.6821928,3.3834767,0.66830677,0.3695408,0.92576987,0.04827587,0.027411925,0.6516985,0.6295597,0.24704884,0.9172748,0.56974185,0.22581959,0.9225536,0.9426551,0.09287154,0.34334537,0.76214814,0.6431345,0.122525215,0.8636982,1.9332026,0.72074014,2.114299,0.90563357,2.8732839,1.3005245,0.81677884,2.3979104,0.122371405,0.8700381,0.51056963,0.3592414,0.34999862,0.5133266,0.5218205,3.5342686,0.79983044,0.25796533,0.007420504,0.6060746,2.2473238,0.8744268,0.19982219,0.7962016,0.6265625,0.9166114,4.1479735,0.68350375,1.3949363,0.7676125,0.27793393,0.74237007,1.5164865,1.3189031,1.026223,0.5506279,1.7828723,1.2074201,0.31485412,0.9522619,1.9642926,0.19302477,0.099091895,0.44260794,1.2382138,0.5427085,1.058027,0.6862631,0.7511351,1.742767,1.0783036,0.26829365,1.3702118,0.17781985,0.37017286,0.4291486,0.05525895,0.27986583,0.07694441,0.006098404,0.38556492,2.646153,0.19732961,0.57637185,0.01846296,0.33789176,1.69943,0.74050623,0.24136674,0.20059513,0.43371928,1.0427157,0.9752338,0.12827517,0.03396984,0.042242877,0.17284632,0.4434805,0.27599418,0.7808507,0.41199967,4.696157,0.2149963,0.4803538,0.17326708,0.24882123,0.0003950931,0.26923642,0.85066146,0.68944454,0.27693018,0.38032874,all_pothole_images\pothole_images_enhanced_9bd0a07ed3cd22c21cbfd3610fe22fc9.jpg
0.27735394,0.3542576,0.11564738,1.7295996,2.0092287,0.8096207,2.057202,1.5113728,0.031591177,0.8709628,0.2907376,1.282633,0.6687534,2.0915918,0.23410921,0.48822868,0.16628127,0.44439963,1.4775525,1.7502204,0.18211673,2.0908368,0.25212166,0.9586184,1.3120104,0.98286337,0.17471878,2.3538454,0.35812238,0.24194779,0.3459364,0.2053175,3.5050344,0.48165628,0.0768414,1.8739583,0.28646556,0.59480244,0.023082687,1.9369005,0.13355954,0.56242853,0.47876537,3.0708559,0.2597686,0.36071894,0.7484078,0.035227623,0.75818884,2.1665342,0.079999365,0.29441416,0.07597191,0.4172466,0.17120676,1.0347071,1.7516152,0.0,1.2534806,0.84194106,1.2470878,0.6587884,0.94129103,0.12851433,0.67214376,2.9499156,0.020541394,1.0791819,0.34227434,1.2355659,0.019360598,0.12816054,0.009112737,0.28979295,0.13782309,0.2080176,0.45212305,0.54714465,0.13206343,1.0541353,0.49571744,0.37065125,0.5940802,0.5647692,0.6676994,1.1810418,0.12458766,0.30465683,1.5179985,0.53186333,0.2634353,0.3835429,0.057076756,0.15621753,0.4012342,0.74647397,1.1186553,0.34709483,1.9217205,0.77375805,0.0044473745,4.6490946,1.0296947,0.047896247,0.6808976,0.10397775,0.042511515,1.5468028,0.15734272,0.20826477,0.11849341,2.628771,0.6145892,0.024056518,0.8246524,0.28259596,2.8848045,0.90703785,1.5201595,0.8808184,2.651862,0.25900742,0.21197449,1.1597914,0.42618322,0.56998014,1.122011,1.0788745,0.8285233,0.00097216247,1.1829174,0.03806061,0.8919846,1.3148569,0.6458889,2.5530508,0.14952767,1.6686352,0.22177309,0.8514693,0.6885034,0.07644758,1.8011475,1.1974369,1.1210877,0.812522,0.99687016,0.3666578,1.4094921,0.15434201,0.6019078,0.13140757,1.1269101,0.105235875,1.9012386,0.25030738,1.4326391,0.22637482,0.38364628,1.4481506,1.2708325,0.7652283,0.0,3.592451,0.11484427,0.49287096,0.956892,0.7034894,0.8047639,0.21866557,0.72292095,0.49037808,0.17997292,0.60121083,0.25628904,0.10553914,0.8623816,0.17861168,1.2913054,1.0173339,0.3115147,3.9809139,4.118813,1.166109,1.854968,0.2429911,0.8215508,1.0242548,1.0580205,1.3168999,0.82447064,0.19520804,0.0,2.1198487,1.2440914,0.0402036,0.12226266,1.3024286,0.097977675,0.28521723,0.8173559,1.9925696,2.4376566,0.905336,1.0824435,0.26478174,0.38276315,0.34957775,0.8083446,0.06659406,0.0032788783,0.30051416,1.9315407,1.6387603,1.1880063,0.75118876,0.73066276,0.19090647,2.1171932,0.6263636,0.77695525,0.47119895,0.44706237,1.4341817,0.0,0.9048515,1.2131952,0.03674864,0.513652,0.40969482,0.9417922,0.7131096,1.9442776,0.07756325,0.9127359,0.08591732,1.4008404,0.42165062,0.17946373,0.03093478,1.44156,0.0017218363,0.18568821,0.24757475,0.055185296,0.19807045,0.3139165,0.20041186,0.96863186,2.4005096,3.1304548,0.059134476,0.6247206,1.4322543,0.11925403,3.3262599,0.87100714,0.059721813,0.25613225,2.0862248,0.052913275,0.16111647,0.77742845,0.5195249,0.5191125,1.8956554,0.44703716,0.2957901,1.5631573,0.57013756,0.0,0.056138933,0.3094607,0.4864783,0.67993313,0.3540323,0.12404175,0.9208075,0.63956666,0.6261215,1.0577148,1.246009,0.12647943,0.885242,1.139911,1.0286585,1.6950456,0.048657194,0.5284417,0.70920646,0.6469454,0.122242056,1.0914267,0.42229632,0.33431628,0.19245285,0.0013269772,1.5912615,0.13711385,0.5867834,0.19970445,1.8164293,0.73921454,0.864417,4.8974047,0.43195078,0.16721503,0.82469493,0.24473491,1.499105,1.0388322,2.2247071,1.9267868,2.1609812,0.93039685,1.4986278,0.20510654,1.9633328,2.1031737,0.36173505,0.9989347,0.9918659,0.18117975,0.21877943,0.57704437,0.9313739,0.4793867,0.2710924,0.1659795,0.06201341,1.5135525,0.10497252,0.2647296,0.4496482,0.09845602,1.3381647,0.53359634,0.51455426,0.51679105,0.9131211,0.38516173,0.5036041,0.39365488,0.119194835,0.99248815,0.33251876,0.4876983,0.03783927,0.6823838,1.105218,2.0616496,0.29066086,1.7214313,0.26540336,0.1197967,0.23407681,0.079747066,0.5620796,0.61075246,0.7177923,0.4197181,0.49598822,0.23512694,0.17860138,0.08841198,0.20104651,1.1138214,0.31205425,0.25286052,0.93687856,1.1468275,0.4911803,0.74339074,0.3758076,0.53065413,0.609691,0.05637481,0.557509,0.18070462,0.2541668,0.51240313,0.2942588,0.68909156,0.3935822,2.1968825,1.1569755,3.0389292,0.0,0.41333747,0.37580624,0.746302,1.674958,0.79079396,0.5450491,0.11627421,0.063038,1.0205688,0.03580108,0.14946191,0.5096915,2.5880437,0.27660796,0.5691205,0.7803953,0.31646568,0.08958667,0.09252321,0.5977721,0.17355679,0.2864264,0.61186224,0.10386741,0.35025316,0.47354105,0.58246905,0.13914709,2.8355613,0.28482413,1.2724669,0.23242144,1.6592361,1.5457256,2.5151505,2.2947528,3.599744,0.66661686,0.99578387,0.572178,1.3582664,0.46203154,0.3273923,0.61955935,0.40280497,2.8332512,2.2394729,3.0508423,0.5516375,1.1595333,0.19526224,0.7477219,0.47399247,0.7423269,0.19805695,0.07309901,1.1641501,0.27357733,1.4977239,0.17328064,0.10811932,1.0295382,1.0757602,0.5359073,0.9829409,1.5816103,1.1312231,0.72597635,1.6897123,0.51206386,0.15302631,2.8403106,0.60516554,0.78348845,0.8062928,0.12413078,0.6309472,1.2315885,0.2161917,0.55626076,0.7451834,1.6893153,1.2324809,1.7520204,0.42422655,0.28046268,0.099135384,0.041026086,0.95408845,1.6190374,0.64507365,0.026382549,1.3413569,3.239633,0.75439936,0.20460428,0.0,0.16952415,2.4843225,1.4483604,0.39825743,0.40147623,1.172861,0.8695062,1.8613461,0.45663765,1.9351289,0.19358903,0.19372712,0.64628243,0.33602828,0.22786872,1.2743964,3.801787,1.5855596,0.2622577,1.3216491,0.13797635,0.06501261,1.199125,0.4425183,0.086640656,0.9071518,0.77659,all_pothole_images\pothole_images_enhanced_9bf55f17f5a5f5d2bb3df379a6d410f5.jpg
0.73766977,0.7226953,1.3176327,1.9591264,0.5161748,0.39515585,0.40346122,0.194848,1.0811869,0.57831675,0.6937221,0.36902785,0.78718996,0.3434981,0.90025574,0.7956178,0.36569563,0.109959394,1.2029444,0.18099587,0.11804941,2.3602982,0.24578798,0.40417627,0.3992639,0.60483,0.49855524,2.538657,0.7183606,0.25628617,0.64399666,1.490652,0.12678017,0.5322974,0.20454295,1.5572896,0.64680594,0.8048491,0.67284966,0.9942176,0.3173927,0.00960417,0.21535246,0.5217128,1.2735463,0.03859071,0.31702682,0.23812583,1.448638,0.7663334,0.17045614,0.27643353,0.6610996,0.5822348,0.2046266,0.39484674,1.2225702,0.013814931,1.246115,0.22819363,0.10236363,0.0999556,0.27083567,0.11592434,0.12373633,1.5164187,0.3946006,0.3444121,0.3817885,0.21862854,0.0,0.4259409,0.60244435,0.32964683,0.42607403,1.6427357,0.25922322,0.37429935,0.15263826,0.33935082,0.023653619,0.6471135,0.13050972,0.44305623,0.8547941,0.4085636,0.14819618,0.20031905,2.8699641,0.97052944,0.100258864,0.068463914,0.000961347,0.03686556,1.1663395,0.04750789,1.037243,1.2271597,0.10229642,0.11204571,0.0061624534,0.30998284,0.020696571,0.0546865,0.758735,0.10583733,0.1455299,0.20005642,0.03253287,0.1789038,0.039150976,3.755695,0.72656465,0.6407755,0.76119864,0.1236283,1.2945361,0.63995916,1.5990545,1.886984,0.96525246,0.7827807,0.3183216,0.6012506,0.20391758,1.9658164,0.82172126,0.53998214,0.7053639,0.21323328,0.24349831,0.12639634,0.53548443,0.118987516,0.02253128,0.94807714,0.05274185,0.82343656,0.35068065,0.13105763,0.3323103,0.9656415,0.15662628,0.82695097,0.07907769,0.68506706,0.0018115944,0.27586636,0.9587298,1.2308705,1.7125204,0.9119174,0.15003487,0.15758888,2.3162608,0.4307595,0.07724711,0.22499822,0.9555698,0.060568735,0.5985912,1.1614946,0.051859908,2.3028848,0.032874335,1.3651361,0.23148346,0.0,1.4166331,1.0637937,0.0,0.18457572,0.06386743,0.15862097,0.74989533,0.0239798,0.16693684,0.0,0.10811251,0.09619253,0.0072146496,0.7576297,1.813031,1.1537347,1.8548346,1.1692586,0.38272673,0.67335075,1.5069865,0.91017437,0.19492975,0.5829812,0.1556733,1.9396297,0.65186745,0.17901848,0.91541374,2.4640102,0.94626665,1.507123,0.25271282,2.0784757,0.09829124,0.56149936,2.5601473,0.4078119,0.3771046,0.06337582,0.7080603,0.0123629505,0.09701094,0.17170945,0.86710286,0.28436995,1.1933705,1.5542175,0.5676502,0.20623966,1.2785214,1.1296248,0.5719331,0.22705685,0.5226093,1.3345685,0.091528766,0.10073633,1.2158015,0.43499288,0.51952577,0.034253698,0.07596385,0.08587306,0.6986766,0.14511588,1.0651824,0.22441359,0.47515914,0.20283745,0.09174946,0.5162411,0.5603508,0.55117923,0.22147797,0.48248717,0.0047383467,0.006796167,0.558557,0.47151655,2.1250112,5.1023006,0.54481786,0.05085798,0.90282923,0.24237655,0.033485457,0.2006607,0.8886705,0.9566289,0.6750576,1.2408469,0.0,0.1311594,0.30905554,1.2101132,0.5064609,1.041865,0.17558143,1.3295091,1.5657613,0.2424835,0.5872258,0.0,0.004361088,1.1150914,1.8033799,1.9055755,0.18042436,0.17034245,0.6621623,0.735594,0.0,0.809294,0.6272625,0.39006323,0.4814937,1.0216708,0.33751664,0.05818902,0.4838748,0.7358104,0.4737442,0.55068976,0.10681757,0.7898443,0.11489504,0.21950066,0.1591775,0.87871116,1.1271746,0.8802727,0.7112399,0.7991342,0.17375436,0.5058577,3.6075668,0.15673234,0.47242013,1.2539891,0.44838455,0.04420101,0.56757313,1.0882547,5.845535,1.4739476,0.0,0.91773653,0.0761542,0.42107677,1.4285624,0.6452097,1.5622462,0.123254806,0.23175131,0.23085082,0.5620352,0.729262,0.3806071,0.4516599,1.2111856,0.23581125,5.0237885,0.03941258,0.102325454,0.0140078645,0.2466497,0.15982217,0.65147936,0.3194941,0.14784458,0.062436484,0.29340374,1.400668,1.8042696,0.413224,0.95854783,0.66992474,0.4013914,0.15456598,0.23182926,0.5158409,0.4772101,2.0946527,0.020049358,0.13476096,0.15839565,0.11879605,0.08759495,0.480601,0.40440172,1.5616552,0.037103407,0.008201978,2.0999506,0.44726896,0.0046168077,1.0561951,0.75836855,0.46807122,0.40012905,0.07809525,1.0015416,0.21185978,0.62524515,0.33971345,1.0336459,1.0813606,0.09778615,0.30846485,0.13038419,0.028950285,0.123299375,0.29002753,0.60359555,1.5162668,3.4246957,1.0571412,0.91635376,0.09841131,0.0,3.1048687,0.93931884,3.404551,1.0421735,0.37404343,0.17459354,0.006185146,0.60232794,0.5145218,0.11613961,0.0,4.358667,0.41431418,0.7186148,0.4344611,0.38978842,0.21424313,0.67643446,0.4881497,0.023102732,0.09975166,0.60003835,0.8609492,1.0254859,0.17856298,0.0,0.15919323,0.5476312,0.017364461,0.50337565,0.007249469,0.3810112,0.117000185,0.53162235,1.8954887,1.2209166,0.33096075,0.60973006,1.3592647,0.007424046,1.223012,0.8139865,0.48785788,0.5853725,1.1085873,0.27707022,5.829493,1.8169434,0.7882908,0.52436405,1.4032203,0.209766,0.63189656,0.18435377,0.3028087,0.045197945,0.05274495,0.23402233,1.1717516,0.06592099,1.7661479,3.0348246,0.7995118,1.5796393,1.3181825,1.4323087,1.0458142,1.363684,1.3619201,0.9670069,2.443657,0.37329882,0.0016786691,1.6648138,0.07449028,0.7521317,0.853484,0.12885779,0.091782235,0.37411994,2.0891213,1.1023198,0.573427,0.28102872,0.27470586,0.11870244,0.051093284,0.23764886,1.9696167,0.87609124,0.051040586,0.48327652,3.1164339,1.7052522,0.64097846,0.07104842,0.66973937,0.4954006,0.23638535,1.2187808,0.0748178,0.93252754,1.9806882,0.10260554,0.0,0.0,0.0066560274,0.009615012,0.08826886,0.16113484,0.24526638,0.29510388,4.9304767,1.2647578,1.114354,0.37740052,0.3532677,0.20357898,0.6065498,1.104738,0.6237718,0.76295596,0.07060258,all_pothole_images\pothole_images_enhanced_9c98a647647db739507a1825f18774e2.jpg
0.54736465,1.7413065,0.15120047,1.5532283,0.7536369,0.13199995,1.1892829,0.19368447,0.18577613,0.39751136,0.45043996,0.8066908,0.39252365,0.3845196,0.59952444,0.25956994,0.18112591,0.06629715,0.14646417,0.30555233,0.4102174,2.5941458,0.2264332,2.6393354,0.19155867,0.2675792,0.33152723,0.71672744,0.42106265,1.357741,1.0918779,0.25711834,1.7125535,0.4714801,0.7594145,1.5635214,0.5449474,0.9642444,0.013297402,0.41947383,0.43920842,0.15955581,0.22232686,0.33367437,1.4877243,0.63793766,0.6675115,0.07656005,0.860571,0.62104845,1.5708104,0.3263798,0.6711474,0.5427473,0.16445893,1.1314621,1.0036386,0.0065613696,0.7465124,1.3177421,0.0,0.43217215,1.5843711,1.1207811,0.5160856,1.2873389,0.4156052,0.7160808,0.20672274,0.035712462,0.11677559,0.5825882,0.36352792,0.16682608,0.7080987,1.7377656,0.004531308,0.4423265,0.2068841,0.38128576,0.93252045,0.9787346,1.0188454,2.606582,0.35917288,0.89488184,0.03049531,0.057049662,3.0213861,0.060924057,0.04728019,0.82255816,0.254707,0.2955365,0.30834097,0.105244905,1.367251,0.08480609,0.1175614,0.21046685,0.1108875,1.2604684,1.6527977,0.1157441,0.55215836,0.061161935,0.47181666,0.8578507,0.43592623,0.3189271,0.32645535,2.7853975,1.476081,0.1722227,1.2778728,2.081643,1.6597315,0.37763107,0.88404006,0.9304571,0.21181628,0.43309224,0.36155143,0.23353954,0.47891685,0.35564384,0.2966081,0.44237217,1.2668513,0.7869647,0.9977141,0.24710375,1.1935093,0.08643457,0.6837227,0.7503541,0.0834284,0.898523,1.5799747,0.77670133,0.36985424,1.0926727,0.068402655,2.4053283,0.2706218,0.90118,0.12404618,0.42507097,0.26178873,1.0904603,0.28205937,0.4205951,0.31669003,0.0047357813,1.5680923,0.2391612,0.64667404,0.020410566,0.6332304,0.20876318,0.7120889,0.044935185,0.047890417,1.9374071,0.5533553,0.07090001,0.0040507237,0.40333194,1.0281161,0.041991115,0.0,0.15044971,0.31419533,0.21728992,0.79679173,0.16312891,1.7284576,0.0,0.3079453,0.048942916,0.02506094,2.9499934,1.192659,1.1753379,2.9005182,0.5254411,0.89967436,0.32655078,0.08087305,1.1585029,1.5296813,0.6417762,0.002522812,1.5849917,0.8190895,0.33536884,0.29779446,0.60350776,1.3473014,0.19992304,0.58181936,0.57203007,0.63515204,0.503025,0.9956187,0.5994785,0.51523894,0.48934573,0.7067252,0.7810535,0.0024289282,0.6639345,0.90280336,2.7132013,0.51103306,1.0394411,0.25329435,0.031498518,0.91947,0.06959236,1.4013349,0.46144974,0.9469597,1.5935373,0.031927306,0.78405744,1.5830882,0.16239178,1.0205314,0.42537975,0.6279427,0.26916456,0.7013386,0.04974525,0.776133,0.015678601,0.6491456,0.2661984,0.034063343,0.43793097,0.7588867,0.063944474,0.104853675,0.37944093,0.094921246,0.02612599,1.5348558,0.08733851,1.4117764,3.5872824,4.881721,0.26892474,0.48352718,0.58334976,0.0,0.16176814,1.2338603,0.16821505,1.279245,4.1333556,0.45580134,0.37050313,0.32802114,0.9444695,0.51129305,0.43016502,0.17788036,1.0688344,0.84568536,1.2873702,0.045534324,0.059559774,0.2217743,1.0627496,0.5255017,1.2928982,1.0027323,2.06978,1.1829756,0.65583533,0.17053527,1.1820568,0.0022768828,0.0953886,1.0160323,0.21486928,0.067767404,1.7004066,1.4154155,0.08560613,0.06573883,0.26924074,0.525516,1.0743041,0.25251594,0.72631323,0.57675457,1.4743614,0.3680502,0.51485187,0.043382443,0.35395896,0.49833134,0.2561865,3.733019,0.8214542,0.07460815,0.62429076,0.18793812,0.22236927,0.17116377,1.0528184,2.6103032,1.3605094,0.21068786,1.4835892,0.0,0.14158016,1.1403451,0.6276205,0.0,0.0006212937,0.4232843,0.009842254,0.7135376,0.6909249,1.1668558,1.228931,1.1391349,0.8663666,3.407797,0.43364245,0.08508051,0.25376266,0.77158,0.34378853,2.4460318,0.28158563,0.24612449,0.078118354,2.065091,1.9464921,1.3676486,0.34606552,0.69824,0.38851804,0.20511027,0.2969078,0.97477275,0.9572048,1.2023215,0.3993635,0.16902894,0.35458782,0.29464185,0.23528758,0.4947813,0.23178115,0.57320195,0.17836352,0.3701695,0.12189358,0.05006729,0.24496311,0.0,0.010326991,1.2642289,1.3299489,0.43618056,1.2086807,1.35196,0.040327355,1.1026729,0.8913356,0.31631464,0.17418985,0.043923777,0.42461705,0.41408274,2.790448,0.35079896,0.07054167,0.62455446,1.7015266,5.1829443,0.94434,2.4893348,0.86687,0.9327063,1.4553624,0.07164066,1.1015334,0.09858554,0.92424524,0.0011955511,0.020338269,0.9062755,0.14503284,0.07981811,0.083013475,4.072012,1.0041084,0.29302594,0.9039007,0.21520038,0.079240575,1.2980089,0.36549923,0.41772234,0.1312487,0.11994858,0.2350263,0.4141798,1.2603638,0.01987165,0.46542794,0.39979008,1.151927,0.53742886,0.8508599,1.1619295,1.091693,1.4312167,0.89450175,2.1609693,1.7494102,0.36102924,1.7489574,1.8361834,0.56295925,0.040908255,0.8246692,0.14860076,0.9274606,0.16166604,3.4025798,0.6625235,1.7877429,0.32518038,1.1392678,1.2285538,0.40602928,0.1482245,0.34890574,1.049567,0.6847856,1.873778,0.45155156,0.1453556,0.18392146,0.407846,0.5559688,1.4064832,1.2062316,1.2271292,0.070911795,1.7012964,0.5101556,0.24399109,0.38465467,0.52055395,1.5599921,0.82288903,0.51632845,1.0269479,0.29225743,0.37193888,0.6454074,0.3388847,1.4304068,1.0117792,0.5638517,1.8387986,0.14948878,0.5106366,0.1858516,0.31801283,0.6722553,0.982914,0.2775149,0.47388318,1.3101498,0.21007547,0.98465896,0.0846524,1.0125264,2.316778,0.8532457,1.0029491,0.0031347168,0.2366539,1.2574915,0.7045509,0.32117558,0.47489104,0.046737324,0.053780228,0.13718064,0.04529413,0.01822814,1.9392323,4.7649775,0.38936296,0.26104024,0.031783633,0.78731245,0.01554267,0.18759575,0.7786459,0.592241,0.318239,0.52213883,all_pothole_images\pothole_images_enhanced_9ca05a6fa01674edd10cdf6a667aced6.jpg
1.0730265,0.23344027,0.03250817,2.6814182,0.15135075,0.38626513,0.6190654,0.16721858,0.06696749,1.8256744,0.6264892,0.40635532,0.23340258,1.9927007,0.4379283,0.3548152,0.17056651,1.2667419,2.5023146,0.7216599,1.5707531,0.71432865,1.7415173,1.2497705,1.6052213,0.68417066,1.5775433,1.353877,1.6054657,0.3853249,0.14806652,0.35832462,0.47336236,0.4542861,0.23986563,1.3145171,1.4267861,0.987911,1.5289342,0.0313537,0.03235231,0.989919,0.05414179,0.9401126,0.19932798,1.4787288,0.036390636,0.17865238,0.542708,0.13862358,0.7739958,1.2801881,0.26351824,0.0,0.5059567,0.6676555,1.5240602,0.7558562,0.46309242,0.4503201,0.97380894,2.2840605,0.5676123,0.1663454,1.4936993,0.6952729,0.18738648,0.48235515,0.25363654,0.1558804,0.6151677,0.113016576,0.3828348,0.8898359,0.54621327,0.6672847,0.493573,0.7270735,0.6506806,0.13527046,0.03469414,0.4963835,1.5238328,1.5980306,0.28794163,0.031510368,0.39568982,0.03872272,1.4765266,0.09583241,1.0679693,1.1529584,0.04843817,0.14146735,0.14330932,0.003973486,1.9000493,1.2006478,0.3492338,0.68411595,0.022999696,3.1326165,0.08477103,1.0063858,2.9590764,0.3661808,0.48584932,0.8776729,0.60210824,0.9658637,0.0,1.4428533,1.7318931,1.1651293,0.47931626,0.5173567,0.3425335,0.14389421,0.61351234,0.34778002,0.9621041,0.36601767,0.19086437,0.4582803,1.5157942,0.079839565,0.54521185,0.33928564,0.87418365,0.8205798,0.34468767,0.096286535,0.27699807,0.7492129,0.33676514,0.5410152,0.11521624,1.977446,1.1717173,0.08861487,0.9572917,0.7984683,0.9233071,0.5447096,0.38750637,0.3247002,0.4840256,1.6784933,0.40839195,0.12932128,0.40602797,0.21506234,0.2857655,0.6698571,2.2646308,1.5252056,0.8712052,0.21567373,1.5846921,0.42615044,2.862684,2.1799304,0.24984838,0.28486243,2.7714307,0.49456552,0.8026805,0.08564965,0.84506565,1.4767859,1.1329252,0.3938608,0.4136493,0.09474123,0.21087638,0.24754743,0.6844943,0.031588882,0.143778,0.2480044,0.31337065,0.33110762,1.3473679,1.7828403,2.3646348,0.99368745,2.0050561,0.36238736,0.1438966,0.37276673,0.4909203,0.17554165,0.32221514,1.9675441,0.2753783,0.49606115,0.75883687,1.1289221,1.3095994,0.89492655,1.2940618,1.3440882,0.13703114,0.4577221,0.09506251,0.26819277,0.72199947,0.39971316,0.81517434,1.944488,0.1238303,0.69009054,0.98609644,0.30089292,1.6132144,1.2451704,0.8649811,0.29114237,0.5811707,0.14852536,1.5903928,0.031415902,1.2364895,0.08572583,0.096821256,0.012458626,1.4766746,0.5774737,0.55404735,0.5456452,1.4913595,2.079993,0.12271636,1.7336507,0.031930227,0.17147751,0.60817564,0.50480866,0.5646616,1.8087103,0.2527514,0.13858432,0.31735194,0.17313156,1.2133341,0.11209667,0.1374869,0.15402755,2.1599927,5.783002,1.4411117,1.0548886,0.004865509,0.8814502,0.40836155,0.2756993,0.5375871,2.7329986,0.3805936,3.425088,0.40729803,0.6723974,0.4852167,0.75620306,0.11639509,0.18782312,1.0425278,0.5261248,0.7414309,0.015014704,0.440793,0.027075319,0.58294827,0.52024364,0.34054986,0.18557867,0.075903125,0.24993394,0.74065304,0.7929077,0.02506687,0.40728143,0.28781936,0.5989189,0.31709063,1.2723019,1.1199023,0.37618643,1.5280812,0.32153955,0.22385111,0.8569161,0.058708813,1.2416133,0.77073747,1.6239768,1.1065986,0.13637698,0.26286155,3.4483705,0.032251943,1.7042273,0.09220897,0.0816671,0.9683149,0.2798646,0.08612354,0.03104973,0.31021294,0.16039994,1.204065,0.5783318,1.0028687,0.7660719,0.044406757,1.0902025,0.363149,1.2690645,3.0668256,0.82549906,0.47114974,0.31356764,1.0098714,0.3299397,0.42665038,0.26167455,0.25766218,0.08614306,1.3571036,0.30721074,0.6544737,0.6341083,0.33534473,0.5608069,0.26569358,0.0044200676,3.8723216,1.5176728,0.39290518,0.74700147,1.4124155,1.0904853,0.75369555,1.6140865,1.2849559,0.77143145,0.15207875,1.1156343,0.043462228,0.42273414,0.9097385,0.013174991,0.027597811,0.83157885,0.28679824,0.54694957,0.18316595,0.8941451,0.25057036,0.70147455,0.9626646,1.0173377,0.36199957,1.7655494,0.031347733,0.0727116,1.2868037,0.3141747,0.1448852,1.3334357,0.8405145,0.50809,0.14792258,0.13639134,0.96773535,0.010645089,0.100315295,0.033294965,0.95078075,0.5626378,1.8730618,0.1277337,0.5548449,0.996877,1.3744262,0.59807616,1.3781155,0.5321879,0.5250431,1.2949462,0.8752991,0.51466703,0.44498506,1.0999781,0.02346789,0.028698709,1.7884539,0.48486382,0.37030545,0.017475242,0.18020639,3.0131805,0.20011553,0.6493732,0.93733656,0.25054055,1.0391748,0.6372359,0.23997271,0.101300724,0.7715312,0.63180995,0.2877433,0.8242355,0.08976165,0.9557656,1.0361084,1.3898221,1.2773824,0.054223377,1.6395102,0.70615923,0.49411577,2.8669336,2.6635218,0.67990404,0.9277658,0.49984506,0.94646466,0.88144875,0.7898502,0.36190253,0.48660868,1.2756478,0.20883048,2.1385386,0.51615536,0.61442035,0.073742695,0.0,1.6973796,1.5756791,1.3964057,0.057849173,0.35231847,0.079450004,0.25810683,0.6439019,0.48095912,1.2472608,2.3177524,0.26430416,0.5346753,0.41853374,0.1612276,0.9900092,0.7384451,0.09459662,0.26801553,0.9357184,0.5169833,0.18314001,2.1788416,0.471697,0.6016606,0.26359686,0.042546958,0.16376445,0.82186824,1.1921346,1.3473444,0.39360994,0.061876778,0.10335745,1.0812777,0.633209,2.056144,1.1193308,0.26911467,0.30297083,2.1854587,0.88637805,1.4533666,1.4719057,0.0,0.2396492,0.42291024,0.03368553,1.26094,0.05139558,0.15628664,2.39051,0.3344414,0.48190716,0.06211997,0.33165815,0.72877705,0.02375723,0.6880985,0.037067417,0.8065015,1.6809183,0.37295625,0.38125947,1.1150036,0.5675734,0.9178636,1.1014148,0.022400549,1.1617485,0.6653578,0.6897415,all_pothole_images\pothole_images_enhanced_9d04fbd64a5da6b621dfe27009c5e6be.jpg
0.13453421,1.1862987,0.019984938,1.8960985,0.64630634,0.041665483,0.39275476,0.0061762333,0.17893508,0.4501294,0.20834677,0.8229592,0.15427148,0.79324245,0.017143251,0.26310882,0.1932792,0.18288669,0.6795476,0.20054007,0.3195601,3.0977416,0.19371669,0.7697285,1.7199244,1.0204152,0.68995243,3.4573216,0.38741326,1.0537928,1.1163663,0.3674662,0.61563414,0.044926375,0.9618105,0.2568335,0.119977325,2.265956,0.06856159,0.38658375,0.0,0.0013460986,0.2529952,1.9314613,1.4970404,0.2091175,0.05985882,0.120346084,0.08020368,0.6769764,0.66011554,0.0,0.6626269,0.18049227,0.3761008,2.310775,1.7275473,0.38057777,0.0913713,0.116752736,0.25247768,0.5322253,1.1947144,0.0,0.5522888,0.5577419,0.5831258,0.26977202,0.6026,0.9287257,0.8770962,0.27031898,0.09946383,0.4855371,0.70351666,0.87009114,0.16401076,0.49179372,0.067065984,0.11759465,0.022260534,0.52298707,0.0,2.8989267,0.653798,0.3236994,0.6772767,0.42791623,3.0039241,0.22173317,0.0,1.2170064,0.037261277,0.21500558,0.0062413937,0.22143094,0.19884434,0.29081458,1.1703404,0.56445867,0.4814157,1.1362526,0.44439968,0.021653678,0.1279737,0.37359503,0.43009046,0.04901554,0.011011357,0.07763438,0.0,0.82002985,0.2677329,0.085348584,1.4080167,0.111358486,0.9130873,0.19551168,0.46029797,0.25353906,3.4821346,0.39840087,0.19725421,1.4310265,0.710021,1.1105064,0.349902,0.83716947,1.6309053,0.4550647,0.5072963,0.04036889,0.46512777,0.17250912,0.3455872,0.111422524,0.87988776,1.5490708,1.3396736,0.7302288,0.61773175,0.12511897,0.0028276576,1.0253747,0.15349664,1.0601248,0.117420875,0.0,0.11032384,0.66762954,0.81689984,0.87021667,0.0,0.09585064,1.3609823,0.013323998,0.73251146,0.0012991376,0.2968378,0.415043,1.745683,0.8334823,0.5854341,4.2516828,0.008137387,0.1148687,0.98944706,0.22482628,1.9239738,0.2683018,0.14882587,0.1256924,0.025606358,0.30007824,0.07263275,0.11299895,0.24121565,0.032541536,0.3458913,0.15241954,0.08866825,0.92997366,1.5353162,0.7896372,1.4081484,1.2632377,0.24454126,0.11814509,0.08564197,0.585246,0.29283077,0.5498019,0.0016406588,1.1866593,0.006576137,0.8797574,0.12576006,0.0040857317,0.0,0.6732646,0.4098725,0.62084126,1.4333524,1.1612394,2.6249974,0.37226695,0.06731785,0.5912939,0.3841121,0.10652053,0.17719701,0.11420337,1.1399345,0.027332999,1.4053243,1.946483,0.82570076,0.044427473,0.12820448,0.54161173,0.25301138,0.25304055,0.21733281,0.058596842,0.026553236,0.43133333,0.22774155,0.26060334,1.2888614,1.1890439,0.027357638,0.2856285,0.3248819,0.27306244,0.4486125,0.17846426,1.8622875,0.002190983,0.0,0.2701913,0.42373118,0.0,0.14571962,0.3139661,0.10959341,0.091769785,0.34494722,0.1733514,1.0736506,3.6531932,1.4418731,0.021614894,0.8466141,0.21960141,0.25081143,0.07004338,1.4334769,0.080546476,1.0140381,0.6930644,0.20725492,0.48333195,0.4347067,0.05332073,0.38323784,0.09664461,0.00046927252,1.4849458,0.9408419,0.20452662,0.020696385,0.0,0.2344937,0.12569544,0.9368323,1.1187009,0.26430097,0.33819634,0.16598365,0.5507986,1.676615,0.17784704,0.179214,0.69049925,1.5484289,0.2925284,0.879172,0.32745248,0.74658495,0.18686315,0.027578246,0.02063549,0.0,1.3580118,0.6481334,1.9633779e-05,0.33096257,0.74472743,0.017759537,1.0604576,0.88777846,0.8257015,0.065276995,0.26782715,4.6465616,1.1278884,0.015388979,0.62085533,0.0949132,0.39282572,0.118793614,0.74195147,2.4223979,0.4919897,0.0,0.5323619,0.07515524,1.2899592,0.61460805,0.020357504,0.06595313,0.08201605,0.01682687,0.4164229,0.9130263,1.0461875,1.4596459,0.2811474,0.16406567,0.9888115,2.395103,0.007439535,1.1411605,0.050272465,0.025038783,0.31491157,0.09857884,0.34256288,0.25108775,0.29375273,0.49814487,0.550603,1.429617,0.15985315,0.9146353,0.011644809,0.069395185,0.31691024,0.5660543,1.0341921,1.2006669,1.0441285,0.0,0.60582936,0.5801539,0.040778667,0.6143815,1.458994,0.34546825,0.47127408,0.0,0.0112473145,0.25179827,0.2718208,0.22546597,0.08352065,2.9131699,1.403941,0.22004637,0.5479658,1.0171734,0.3743335,0.015765725,0.58353484,0.0916244,0.88088536,0.1184209,0.30092958,0.056428924,0.31061167,0.0,0.0061122403,1.0802447,0.29193363,4.142909,1.9775825,0.812065,0.015785325,0.002019689,3.4115732,0.740947,0.0,0.13948998,0.29602,0.115583435,0.13239157,1.3106375,0.109824084,0.023158919,0.22262755,2.9914296,0.9699418,0.1812512,0.8222231,0.10029717,0.26626173,0.40188995,1.2399329,0.49651623,0.38483176,0.4618664,0.41167372,0.90419096,0.39955303,0.12167829,0.07953883,0.26738152,0.04699996,0.0023222605,0.5982337,2.0494301,0.028038891,1.0663493,1.9233383,1.9607836,0.060900487,0.8623033,0.7046093,0.050657086,0.67398185,1.3855021,0.14981578,0.090835966,0.8117237,0.21925737,2.9694824,0.87287825,0.5743154,0.031965133,0.059977695,0.3473857,0.195816,0.19491746,0.8013833,0.087710194,0.20252928,1.6541692,0.48252028,0.8107334,1.0425302,1.1769242,0.12443324,0.5174259,0.042593848,1.1251317,0.113835916,0.25855556,0.44254076,0.73476946,1.0803804,1.1263925,0.2702745,0.61764103,0.030893806,0.6286764,0.31715468,0.07404156,0.13096717,1.5536399,1.5699681,0.4247254,0.29266274,0.22464864,0.3386998,0.13321048,0.0079619475,0.19948196,0.732775,1.1250286,0.0,0.037848305,3.048514,0.3212672,0.69023585,0.0,0.035394892,1.1633296,0.18220231,0.22739613,0.13263938,0.18896168,0.38480583,0.22760029,0.014561532,0.0026594077,0.053899247,0.005308894,0.060776908,0.18013424,0.12224932,0.1746348,3.7106304,1.110631,0.13955095,0.8053506,0.5122225,0.0044803787,0.47645852,0.2224872,0.066499054,0.3686183,0.42734024,all_pothole_images\pothole_images_enhanced_9d1f4ea4b88d5f349fd58b6c495895e6.jpg
0.6030526,1.3592241,0.054884665,1.4025413,0.46938634,0.20151587,0.21371683,0.02713979,0.0,0.6940552,0.050460067,0.0,0.014590793,1.1861203,0.011897783,0.020026427,0.097729556,1.8281634,0.09175863,0.48950744,0.34336337,0.96690726,0.2534349,0.59548604,0.13210039,1.4438815,1.2336733,1.2503885,0.0017731539,0.08087018,0.26242077,0.032294467,0.007865188,0.5315687,0.16179462,0.5051841,0.46895307,0.17207521,0.383849,0.018597966,0.0,0.14100935,0.12620604,2.5668733,0.9146609,0.16810344,0.21838763,0.043558553,0.7429169,0.45263475,0.0,0.12694377,0.26740766,0.042887658,0.14404723,0.8265824,1.923626,0.7930028,0.33595482,0.030970622,0.023714479,0.045538094,0.50670177,0.60202456,0.5976257,0.8993431,0.055993944,0.5046102,0.07796508,0.40697986,0.19189678,0.9948922,0.51927054,0.19095224,0.4318207,0.011554494,0.0,0.22525206,0.031216163,0.021137519,0.13935722,0.5394652,1.0148493,0.85064495,0.17621142,0.007113881,0.40799627,0.3481854,1.789348,0.0237316,0.04735677,0.29898757,0.46202514,0.18489063,0.015299191,0.005661647,0.6509699,0.5136998,0.80931634,0.006103969,0.016188798,1.8568565,0.2859338,0.0,0.86391383,0.86742663,0.12445673,0.23828249,0.23371673,0.14763719,0.06648357,0.0,0.6407119,0.7198228,0.24565026,0.2958998,0.076522425,0.05951397,1.426942,0.6140801,1.0884544,0.6165773,0.00940145,0.45166516,0.271663,0.12024338,0.16014636,0.5463368,1.9414862,0.012944257,0.30209765,0.13634336,0.10553603,0.17270978,0.3891546,0.058898896,0.006093,0.19177261,0.8151587,0.15759732,0.14151861,0.041296806,1.0386018,0.30299404,0.051189713,0.77357084,0.15799835,0.8062122,0.3512477,0.14865868,0.1494546,0.33503467,0.0232667,0.17014872,1.7455752,0.98170435,0.25984764,0.12606908,0.72869825,0.7274958,1.7635112,2.0006483,0.36938834,0.9909877,0.35734648,0.08432463,2.6787477,0.042854756,1.080533,0.7035471,0.25747806,0.11320256,0.24222144,0.025517793,0.21412008,0.3936776,0.02386291,0.0751183,0.62972844,0.0012867495,0.05373984,0.8968919,1.7413585,0.09332148,0.54202956,0.58799297,0.27827528,0.63019687,0.044129387,0.8519486,0.11589025,0.4971002,0.4286555,0.52732205,0.0567853,0.08114423,0.51014185,0.065468326,0.3660015,0.1356615,0.030094633,0.27445334,0.5717294,0.29794174,0.19145858,0.20522927,0.3339178,0.0584676,0.6317652,0.57865727,0.006932799,0.08489641,1.064998,0.11889949,0.21316293,0.61723614,0.29803205,0.12103033,0.015482299,0.40885106,0.34543565,0.33313063,0.09616499,0.0,0.0,0.040551268,1.0726982,0.0,0.5060868,0.58183795,0.23357661,0.0,0.50005245,0.12330716,0.1038143,0.004028687,2.9584675,0.037777144,0.013427397,0.31034893,0.010894259,0.49006262,0.032350253,0.43534905,0.12660106,0.088131405,1.0505799,0.3053746,0.044418383,4.5396895,0.7166927,0.01087492,0.019643279,0.46141347,0.018235348,1.3379304,1.051584,0.32007304,0.02348706,1.2964648,0.0025366412,0.014756467,0.6196519,0.3751339,0.24220492,0.059732303,0.15770146,0.74325913,1.911822,0.0,0.08364799,0.019320134,0.1092381,0.635628,0.2578397,0.5810051,0.07180368,0.09649434,0.16279078,0.6765903,2.652457,0.12072322,0.07882059,0.15041916,0.037854917,0.122313626,0.060006462,0.0003103835,0.88549006,0.15181227,0.31507286,0.017918998,0.024398329,0.790048,0.19736272,0.21834807,0.19964081,0.5780332,0.09052043,1.4202805,0.71667665,0.2141501,0.00033510066,0.0,7.1804795,0.25367343,0.0,0.05504346,0.0,0.41103992,0.19583811,1.3190252,0.656559,0.27417278,0.58487445,0.05620118,0.23982847,1.3774915,2.5466545,0.027201641,0.22910474,0.009127425,0.0036953136,0.25543,0.0036942835,0.069692336,0.4587473,0.070622414,0.47171864,0.114552245,1.7523291,0.0,0.16048847,0.023002438,0.021896485,0.024656072,1.9455049,0.0,0.020125806,0.3731914,0.38258618,0.5323253,0.2986592,0.40116704,0.35691607,0.5922119,0.058201447,0.1787327,0.15753195,0.57796943,0.53771704,0.14543858,0.29162315,0.022928143,0.050809037,0.09039139,0.03704341,1.1410557,0.3258974,0.14526106,0.015561038,0.41547853,0.2339799,0.051430255,0.014500951,0.015459873,0.70456755,0.033573907,0.14117494,0.038752727,1.1030941,0.17230378,0.47445095,0.0029886407,0.382311,0.71186554,0.14696592,0.0,0.10811356,0.09072137,0.07922206,0.0,0.1184031,0.46544227,1.5092742,0.5918735,0.4887135,0.014042083,0.28725803,0.0,0.21895607,0.23728618,0.23881829,0.15916948,0.091841884,0.0,0.040171117,0.35925245,0.14781734,0.23479126,0.16642831,2.66118,0.40770906,0.18054806,0.06307938,0.3988777,0.35425484,1.2687657,0.075919256,0.28371593,0.5330247,0.94963694,0.020220077,0.08538915,0.06581677,0.2606284,0.24956141,0.42024535,0.41185907,0.004923217,1.0088912,0.16034141,0.8161982,1.6533984,2.2976944,0.1841916,0.92099684,0.29980317,0.0008315336,0.10602754,0.392936,0.024494326,0.11106281,0.14234184,0.23506421,0.8107478,0.033298396,0.027992291,0.0,0.20781112,0.25249356,0.52797097,0.27352402,0.064614736,0.21138072,0.10810761,0.3986445,0.38065955,0.47144058,0.6823364,2.485643,0.16770935,0.023218667,0.2357663,0.4678447,0.79394937,0.3542636,0.6409683,0.11185309,0.33474666,2.8263233,0.13174033,1.5131929,0.13429181,0.5414567,0.0,0.0045636958,0.0,0.5328476,0.50026786,0.123121336,0.38702345,0.13524272,0.007769707,0.6004188,0.09241823,0.026673127,0.82889736,0.29125535,0.06770032,0.10369263,0.82365185,0.78188556,0.038957436,0.3377698,0.08956138,0.09903724,0.12709457,0.28365293,0.016295578,0.018661963,0.56710917,0.058709543,0.3193817,0.010168596,0.04403536,0.07598208,0.179911,0.077776544,0.60049194,0.434572,2.742359,0.004721408,0.0,0.15995464,1.5122799,0.4616511,0.08442046,0.010665226,0.7874212,0.14954962,0.53309995,all_pothole_images\pothole_images_enhanced_9d4b8c5ff2505b6f0a49d4357899acff.jpg
1.1512432,1.3105073,1.3772873,1.3227439,0.11646035,0.0724719,0.7266958,1.2113814,1.1385595,0.8663154,0.16341841,0.5725368,0.3053602,0.6761285,0.046230983,0.52402186,0.12569097,0.56735384,0.86540717,0.24295796,0.28927132,1.948139,0.78134423,0.90490013,0.74122185,1.376772,0.13159059,0.845737,0.35243478,0.42539257,0.0048892223,0.3796892,0.25120842,0.18894184,0.06829895,1.8797771,0.54826605,1.2284598,1.1533037,1.5394852,0.07142159,0.0,0.7412226,1.3617569,0.7628116,0.79034483,0.56095105,0.26394895,0.15000573,0.3358752,0.1612627,4.781561,0.25118414,0.9944106,1.6238953,1.8853017,1.5085233,0.3162331,0.85566944,0.4234422,0.23550695,0.5636607,0.40598467,1.1764046,0.8077815,4.276368,0.39443514,0.7040812,0.32350492,0.1840708,0.6764825,1.3271836,0.16926754,0.72071046,0.32066667,0.8361112,1.8089333,1.4321164,0.5902883,0.75245297,0.8629129,0.07965517,0.092648216,1.4191693,1.4120405,1.1274946,0.21109168,0.51476324,2.8803,0.06658606,0.30405653,0.28963894,0.059254527,0.2640477,0.3676356,0.040143687,1.648256,2.4753897,1.6964533,0.5828084,0.75300205,2.107188,0.065149434,0.3661385,0.60759854,1.0054684,0.28983277,1.1229545,0.11363666,0.72978085,0.025620732,2.751177,1.2877365,0.6299813,0.7474093,0.0069622407,0.4597818,0.055958096,1.6023016,1.4960603,1.8775073,0.11411292,0.056021743,0.7519404,0.39554495,0.36005992,1.948991,0.70997626,1.4700905,0.3408038,0.011482793,0.4079907,0.13675085,0.22005533,0.33090973,0.5323446,0.21058968,1.5945247,0.21323013,0.5355811,0.13682209,0.15265861,0.09600369,0.29287732,0.6263846,0.45290923,0.045993812,0.5984968,0.6819239,0.8405261,0.6958495,2.411617,0.002618773,0.92464495,1.9387116,0.43474656,0.24063207,0.03748858,0.44548473,0.4089141,2.030984,0.9394215,0.20110849,0.98364,0.09966838,0.06775724,0.65418917,0.02338287,1.6128904,0.20523748,0.06515371,0.5633725,0.35880786,0.0,1.573638,0.46994913,0.19236952,0.035774875,0.5159032,0.32076603,0.32559794,3.3777704,2.6272578,1.3567266,0.8992471,0.8462868,0.3111839,2.2087893,1.0840181,1.1993595,0.38205338,0.12669338,0.28310984,2.6888833,0.062170032,0.59007794,0.5823706,0.18026406,0.5594411,1.335316,1.9015306,1.3585001,1.1446408,0.8728318,0.7778085,0.026503311,1.0127687,0.21452121,1.3830959,0.5307565,0.09484796,0.63860804,0.74266386,1.3301585,0.56424916,2.0731883,1.2243309,0.006923114,1.194507,0.03348891,0.9605772,0.7214028,0.68929327,1.5352144,0.86360574,1.8835088,2.7751489,1.1327058,0.42958227,1.0406389,0.64723533,0.7876772,0.5013021,1.1208273,0.57179195,0.448916,1.6526501,0.718025,0.034465715,0.14904712,1.3888606,1.7595962,0.93731815,1.177561,0.19564193,0.0,1.2674841,0.9891943,0.8723571,3.4975545,3.3759825,0.024395859,0.9567965,0.33460963,1.3949881,0.46478322,0.97709453,0.44324827,1.8443435,0.8021835,0.08710795,0.29689166,1.3982356,0.08281037,1.5007298,0.61473274,0.51606494,1.4472145,1.536998,0.04825389,0.015380549,0.0,0.078212135,0.44729558,1.3400825,1.5132617,0.28567186,0.72813785,0.07155217,0.6279426,0.19486846,1.2688372,0.121153176,0.4076134,0.64312524,1.3438069,0.9307496,0.9602548,1.3406415,0.08860362,0.09603844,0.61185455,0.108056106,1.0636028,0.24084188,2.5036469,0.6891426,1.4840131,0.6924281,1.7548199,0.57941484,0.4082339,0.0372605,0.66109884,3.5422027,0.34686702,0.0058420463,0.5056834,0.07372838,0.3001955,0.64321786,0.4258562,0.7391049,1.5535884,0.34708178,2.2487347,0.11792619,1.3354037,2.142639,1.3584585,0.3816148,0.14271513,0.41642386,0.04710824,0.3485016,0.97156256,0.3462231,0.0,2.5113351,0.14103487,0.9832695,0.051843144,0.36399445,1.0858797,2.422795,0.31217265,3.2047882,2.2909467,0.06496268,0.20176598,0.7617779,0.75404805,0.7055708,0.5982054,1.0522082,2.7522318,0.22962667,0.03472595,0.6593235,0.5848176,0.68719685,0.07674031,0.45142177,0.78138226,0.0051936274,0.25629818,0.34904423,1.789457,0.7758431,0.5091917,0.48800138,0.8612021,1.1160927,0.06402651,0.45405018,0.5316223,2.5337605,0.40355223,0.57685155,0.08454403,2.7915416,1.0088581,0.54121107,8.26096e-05,1.2717196,0.30384034,0.13747795,0.15449958,0.612679,0.643812,0.30958366,0.5420667,0.2210597,1.4667833,2.4344318,2.0377808,1.1001765,0.0,0.09528921,0.37727854,2.0491283,1.5530477,1.2424184,1.9003078,0.32592595,0.0064496784,0.7044055,0.9464916,0.008955646,0.2773953,3.6713078,2.1166463,0.4703812,1.2358379,0.20086291,1.1648538,0.8915716,0.64061075,0.03891087,0.05347284,0.50411814,0.77348936,2.2753263,0.2585976,0.6073632,0.36909014,0.55252326,0.7812252,0.38145056,0.637189,0.7877676,0.5476589,0.6657738,2.169203,0.3975567,0.21907888,0.02250013,1.0668267,0.61043316,0.16381568,0.73676705,0.10496963,0.91324097,2.048247,0.9576671,5.415409,0.7325794,0.6541799,0.21520889,0.2564964,0.911065,0.3725487,0.006628317,0.25334737,1.095297,0.017481199,0.634777,1.5437872,0.59318084,0.75327086,1.5968955,1.005604,2.0330944,1.0342597,1.6531394,3.3699646,1.2177821,0.122593194,0.46563172,3.5107915,0.25044078,0.030325718,1.9770454,0.02095989,0.7574142,0.10561622,0.35990503,0.29714742,1.106052,0.6759639,2.2163548,1.4477047,0.17521842,0.59502894,0.3276853,0.8016449,0.33568743,2.501985,1.1550419,0.58300424,2.522868,1.7502146,0.25289735,0.5810695,0.053216368,0.7209669,1.4195822,0.79511696,1.950976,1.090072,1.7343376,1.7815365,0.34272948,0.13924257,0.061845038,0.016878944,0.027493067,0.283895,0.032501265,0.24296711,1.1074132,3.9884145,1.8323889,0.8162731,0.77737516,1.4575897,0.20150645,0.9606069,1.3408421,0.75181097,0.48533478,0.6304737,all_pothole_images\pothole_images_enhanced_9d86b281d9c6638377636237ab39cdf2.jpg
1.0543468,0.97172326,1.0354261,0.6441817,0.35471857,1.2760665,0.2982153,1.210688,0.7417445,0.3294153,0.03467579,0.21836905,0.15514058,0.53551507,0.3810377,0.03481644,0.0021507456,0.32592145,0.79303235,0.097575106,0.47125027,2.0722938,0.26948273,0.682506,0.70055175,0.04379834,0.674816,0.57294005,0.80623955,0.04096973,0.5777109,1.4529529,1.0986353,0.40791413,0.094933994,0.16181087,0.8100699,0.1161404,0.08823182,1.6738633,0.24683593,1.1673105,0.0,1.3498273,0.51614356,0.030758789,0.50429916,0.07280782,0.10092532,0.55015934,0.60327363,0.32035407,2.4506977,0.12556419,0.34795845,0.02416714,1.5627657,0.2909747,0.09085393,0.3307038,0.61949664,0.5476349,0.49107563,0.95363617,0.018122457,1.9766815,0.6445489,0.044764016,0.2105465,0.31465992,0.6188388,1.1362058,0.18787025,0.2022231,0.012654679,0.2501949,0.49649024,1.3778784,0.0,0.0,0.06768532,0.4363973,0.19595397,2.3166037,0.033631098,0.1497706,0.9114556,0.00016724737,2.5362053,0.034047775,0.13903546,0.19829936,0.112733535,0.064101025,0.20439614,0.13657738,1.7604065,0.15447693,0.033109143,0.081433676,0.21633297,2.4578733,0.83694243,0.6497697,0.10196598,0.04754458,0.0056787254,0.22847866,0.8573469,0.45265788,1.4972761,2.9241457,0.94115275,0.22288898,0.21045478,1.4205276,1.1722758,0.36238316,0.4754689,0.29451,1.6764445,1.0289739,1.5846266,1.8041658,1.6265475,0.2333983,0.4744918,0.77787536,3.4303567,0.10499805,0.13105696,0.0,0.023254246,0.10777243,0.1403654,0.5677056,0.3230119,1.4238312,0.58610237,0.756385,1.351322,0.798716,0.13594356,0.6914994,1.355155,0.88523644,0.1480076,2.2339141,1.2336291,0.70266974,0.40955245,0.83181125,0.3732436,0.2069489,0.67183375,0.6480734,0.27477252,0.5526377,0.4433559,0.4262799,1.1444181,1.8251686,0.36959574,0.13391344,0.0,0.22025983,1.5369519,1.7862133,0.75225484,0.14521414,0.0,0.0013123775,0.2717535,0.33609185,0.5149813,0.08560643,1.5263842,0.47858396,0.472888,0.4650737,0.71044004,1.1980181,4.5419583,1.2608904,3.45862,0.8555838,0.33865628,0.19467315,1.2520344,0.5091366,0.09828219,0.32657966,0.3823076,3.656078,0.08223117,0.64937043,0.029923089,1.5173879,0.39135858,0.70001256,1.1216072,0.2624485,2.169533,0.75848186,0.46374893,0.40997177,0.7667995,0.045071945,0.27445844,0.36804333,1.855156,0.37335142,0.24216312,1.373497,0.7553668,0.98032457,1.1541728,1.5628903,0.87827235,0.044387467,0.5780234,0.134939,0.40652606,0.5011394,0.12974976,0.16687942,1.8331367,0.013371193,0.15632822,0.42578584,1.4092646,0.9099773,0.34802753,1.1310765,0.23780206,0.07785118,0.6349084,0.6552356,0.1943717,0.27564672,0.2943449,0.35247225,2.1727288,0.003984629,0.178694,0.33301598,0.49768326,0.23973288,0.8807042,4.4072404,2.1317568,0.20498106,0.44401792,0.19742317,0.10873121,0.87924945,1.4073772,0.06619623,0.07165761,0.6040541,0.098588176,0.9308693,0.66210145,0.6300045,0.16403595,1.1659862,0.033935167,0.4179586,0.8130532,1.2701237,1.1081178,0.8538804,0.35556418,0.5711476,1.0027488,0.46635568,0.43817076,0.85458356,0.17095457,0.45473364,1.5854315,0.087960415,0.58022994,0.24285568,0.55772495,0.5096274,0.74411213,1.4552188,1.7476395,0.16512431,0.14458054,0.84172565,1.2226359,0.42066884,0.2214397,0.17737916,0.004207454,0.84474444,0.4759467,0.6597472,0.5607656,1.4910947,0.55209327,0.27887794,4.4199805,1.2555077,0.4890655,0.3700694,0.5225624,0.012214174,0.1309025,1.6850426,2.1237054,0.857231,0.018888978,0.03192646,0.05104997,1.3400849,1.7291353,0.60630697,0.065150484,0.4742518,0.11072974,0.36349759,0.66927665,0.6958601,2.1635666,0.22725198,1.0831705,0.24266039,4.1454587,1.1618816,0.49263594,0.9413868,0.47636634,0.72363234,1.9145757,0.38091296,0.3176985,0.2708637,0.019961754,1.296529,0.80199516,0.027415834,2.0418155,0.06768212,0.20090067,0.45062488,0.9819583,0.33549455,0.28876233,1.0424898,0.85208476,0.85244596,0.09421851,0.5561763,0.53376335,0.6636566,0.022832748,0.70919293,0.39671075,0.0,0.70905334,0.2889225,0.01975589,0.09975342,0.8326304,1.1752944,0.41661245,0.77093834,0.93277925,0.19618945,0.36021507,0.390393,1.0511942,0.02116299,0.62020653,1.9199662,1.1413437,1.8448402,0.32730195,0.11768717,1.3735613,0.7209224,2.1970696,0.566854,0.7496394,0.3540208,0.011578937,0.405048,1.0932633,0.5990744,0.29150137,0.3986345,0.0070153354,0.23988903,0.3791455,0.25446156,0.13163806,0.48859128,0.53991896,0.093327634,0.9547349,0.87050074,0.0,0.9786823,0.1511165,0.22962455,1.109543,0.047289077,0.34435248,0.6926016,0.52404606,0.11050285,0.18420826,0.54702514,1.7413523,2.2987216,0.14893381,1.4439278,1.2797328,0.09150122,2.5576582,2.2495964,1.029967,1.9974184,1.3344492,2.2120762,0.64221174,0.4803302,0.18332824,0.44371083,0.0,0.0,0.08945313,2.8866477,1.1015769,0.44794035,1.5483123,0.69779265,0.3671994,0.67189556,0.30937916,0.14690152,0.5025848,0.6133627,0.54450554,0.05829028,1.0181146,0.759651,0.47170797,0.29345736,0.12268839,0.22592175,1.1797022,0.3587916,2.46772,0.3784375,1.6462492,1.0413027,0.8944145,0.7637703,0.36056408,0.468544,0.2312072,0.56661755,0.0051334566,0.45400888,0.8270463,1.9266003,0.742869,0.46304187,0.97586167,0.0021804555,0.25288388,0.048296727,0.22870262,1.1306758,0.8425772,0.021861007,0.32735875,1.7999479,0.249803,0.25055495,0.0,0.900305,1.9455547,0.15803154,0.7230157,0.019037921,0.026463868,3.6044636,0.0,0.5990658,0.0025317275,0.0,0.3268336,0.11300133,0.16756117,0.5914838,0.17914155,1.9835608,1.0736923,0.7255713,0.0981166,0.9425234,1.6760378,0.35930538,0.4109626,1.6110774,1.6619794,0.3967673,all_pothole_images\pothole_images_enhanced_9d950cf75ae8de5e2a217aed11084fc7.jpg
0.0,0.53057003,0.0,1.868408,0.12173873,0.13717383,0.16075462,0.0,0.12158588,0.0017094148,0.11306437,0.0,0.0,1.9643017,0.010905718,0.01904563,0.12368928,1.7948736,0.21709488,0.01175046,0.052012008,0.13560435,0.37884343,0.27981526,0.13661873,0.0,0.10306692,1.3799912,0.11744461,0.00016001477,0.0,0.02360773,0.0,0.112143755,0.0,0.44063917,0.03725379,0.0074879634,0.03277088,0.010430284,0.017704364,0.39096949,0.18943094,1.4365636,0.027385158,0.0,0.0,0.37707752,0.098459885,0.49170277,0.03685645,0.061833046,0.004925011,0.03576079,0.75689465,0.35511148,0.5871524,0.14819284,0.021699587,0.04847923,0.07151325,0.07908923,0.30516276,0.39732113,0.059285853,0.60062736,0.16667552,0.0009473921,0.020465672,0.019453365,0.018091885,0.0931403,0.23516324,0.004824669,0.7548129,0.0,0.022691704,0.45772913,0.0,0.013924937,0.0,0.28585914,0.40661535,0.69134825,0.047936507,0.0,0.06318882,0.007737727,0.26624632,0.007062007,0.28107318,0.036924284,0.00081426103,0.23528044,0.3633639,0.0,0.052562557,0.81694245,0.06903384,0.00090742344,0.0038433974,0.76787245,0.0053690244,0.025177518,1.2246614,0.11054773,0.9106107,0.17983444,0.056956057,0.8552134,0.018640455,0.1987847,0.033351447,0.35010377,0.064069904,0.07219116,0.008024583,0.014555754,2.0913055,0.09479136,0.36725235,0.0,0.0,0.3338164,0.25293958,0.072721,0.0,0.011222664,0.10885961,0.0,0.007622334,0.1401595,0.0,0.05830638,0.08500093,0.014819531,0.07651687,0.028819904,0.0,0.036294874,0.06304135,0.025651319,0.18472114,0.0026707975,0.021839652,0.6806554,0.0,0.020842023,0.21605353,0.16360135,0.00023016783,0.006045215,0.0,0.07865941,0.3188723,0.08040452,0.012889557,0.042818695,0.110894844,0.20055611,0.6941359,1.8533016,0.0018927793,0.07374085,0.32377136,0.043541957,0.34361574,0.017711727,0.5894753,1.989504,0.0023527343,0.041683458,0.00874588,0.15612252,0.0,0.0,0.035558883,0.00026394817,0.0657079,0.022225713,0.0,3.2841606,0.720795,0.0066235308,1.0549829,0.37951353,0.074706234,0.140342,0.062310666,0.14662933,0.003241275,0.07571247,0.6014866,0.1828431,0.29281017,0.0013934087,1.1748525,0.10527732,0.46215618,0.0,0.00696199,0.46177545,0.6981483,0.12460062,0.035923827,0.0,0.06076003,0.17495865,0.0786071,0.15245065,0.0,0.0,0.42591265,0.0,0.16298676,0.41099784,0.0,0.0027209972,0.02204367,0.034377653,0.03558356,0.0028481125,0.25192255,0.006419522,0.0,0.0,0.6177892,0.0,2.6233656,0.0816818,0.009644451,0.06840068,0.09905819,0.100943886,0.12603928,0.39126143,0.72809166,0.026803004,0.15305616,0.04948357,0.13642743,0.016800309,0.009449352,0.0039025368,0.029255228,0.0,0.070670955,0.3171337,0.0,4.827073,2.991549,0.060423937,0.002880921,0.0059327693,0.0,0.40719408,0.34748414,0.07783149,0.00036136046,1.011769,0.004241478,0.063019946,0.14573362,0.3081322,0.0030536158,0.06748671,0.59254897,0.17322518,0.24477452,0.0,0.32657808,0.0,0.26756597,0.2245437,0.21518277,1.4207051,0.0,0.0098348465,0.0151706785,0.0004476254,0.23140778,0.22441193,0.04301861,0.08581676,0.0,0.031202057,0.20368436,0.17977491,0.0068303295,0.0,0.0,0.07290375,0.0,0.09308694,0.29399917,0.17981482,0.008583243,0.08931522,0.0009934566,1.6607307,0.09822603,0.06382683,0.0034335463,0.06385763,4.194594,0.062104214,0.23473184,0.022266459,0.2503324,0.15699135,0.038216133,0.40554878,0.5792255,1.8871315,0.034820896,0.019578315,0.022925314,0.8104014,7.382866,0.09661741,0.029540503,0.0,0.021775031,0.015640205,0.00014470001,0.082481645,0.7060005,0.0,0.0029559834,0.0006970424,1.2622737,0.19334139,0.11253462,0.30129403,0.0,0.0,3.307234,0.76503146,0.040903274,0.67198956,0.009458446,0.0,2.4231234,2.4486206,1.0451423,0.0,0.17418663,0.33240268,0.093502186,0.13996902,0.0131465895,0.017225796,0.0,0.039118774,0.0,0.038043167,0.0,0.0889577,0.23048586,0.026293153,0.24270275,0.32588762,0.07175315,0.0,0.0,0.0,0.1615809,0.14953999,0.0044479417,0.03593916,0.6493694,0.10189356,0.00970712,0.03132541,0.0,0.3629676,0.23479588,0.009995524,0.13190462,0.11455534,0.28446567,0.0,0.0,0.14740011,0.6813211,0.00023133906,0.424779,0.0,0.0,0.06999294,0.0015335893,0.0012221804,0.0049811145,0.51849705,0.0,0.2382372,0.020225588,0.19584124,0.20097047,0.06152247,0.39692128,0.21466067,0.17805834,0.0013358138,0.0,0.0,0.1939028,0.258026,0.37198752,0.06040014,0.0,0.087058544,0.0,0.24044096,0.20125721,0.06759743,0.9047924,0.0010715963,0.03084914,0.018576711,0.60536814,0.07984314,0.0,1.0192932,0.35540172,0.071808614,0.13928694,0.0005815837,0.08287857,0.14481542,0.0054748724,0.03517013,0.09532646,0.055622544,0.063470885,0.12130618,0.23671335,0.0007328698,0.002884477,0.0,0.11093852,0.012279649,0.048998233,0.0,0.07171244,0.0022899697,0.0,0.11019095,0.006694596,0.10780158,3.5677602,0.007932956,0.009281882,0.0,0.25687733,0.46454623,0.048259407,0.021152157,0.0,0.4818057,1.9130608,0.0,0.510777,0.0,0.22202106,0.029108003,0.15718882,0.007491269,0.0,0.2071874,0.45813245,0.9370441,0.067585334,0.0,0.28373596,0.1720007,0.0,0.5316663,0.016766738,0.00880337,0.010667083,0.065539725,0.89695954,0.044176266,0.2415305,0.02467389,0.0012670165,0.04276077,1.048281,0.0,0.05189157,0.9037359,0.013902872,0.010153802,0.0,0.0045711934,0.0014189968,0.0,0.0,0.0,0.12374218,1.0362846,0.54251665,0.19083194,0.05700015,2.292854,0.8771625,0.23994961,0.035153713,0.25276643,0.002694789,0.051934466,all_pothole_images\pothole_images_enhanced_9db2a3fd7c292bd55ae5bd428f623a4f.jpg
1.4065264,0.4533032,0.09581263,0.9598971,1.5415659,1.3590053,0.85383713,0.24140614,0.35355875,0.4847256,0.45565197,1.5564805,0.93246394,1.2075611,0.77353215,0.8701881,0.16424498,0.23898494,0.54183334,0.2644514,1.1742524,3.0876102,0.23097613,0.67636526,0.67194223,2.3920486,1.6403123,2.410692,0.06899089,0.4430643,0.4203544,0.23957731,0.16565025,0.7276895,0.5600269,0.1288264,0.3602482,2.2408407,0.63460183,0.9415583,3.2474336e-06,0.49134287,0.64708585,1.676754,1.0308003,1.569563,0.27397233,0.025365507,1.1541508,1.4222383,1.2704135,0.09730147,0.36111042,2.2382226,0.3753647,2.1385345,1.4981756,0.13827921,1.1913813,0.23569606,0.99639064,1.2151154,2.6861236,0.50622296,1.5322998,3.1188471,1.2229034,0.9876733,1.9375641,1.097757,1.2420261,0.49764487,0.5419674,0.7662713,0.7348859,0.1560914,0.6632365,1.1825215,0.054794382,0.08274418,0.80980605,0.026246829,0.8215614,0.7677997,2.259148,0.20807546,1.1730136,0.81109565,2.3905444,2.5458324,0.63011867,2.938187,1.5721914,1.1194978,0.45884895,0.35475278,0.21678041,0.6542944,0.70497614,0.6086523,0.22182316,0.80544645,0.91936,0.1922287,0.41147918,0.9089388,0.07681914,0.6436954,0.3031437,0.29658312,1.6905371,0.560179,0.2729599,0.55942786,1.6346482,1.6715221,1.0239103,0.8458367,0.72932214,0.1943862,2.3031757,0.8628107,1.1295694,1.2150601,1.0825766,0.38668495,0.9502119,2.1892052,1.3152024,0.6602947,0.5844266,0.0839758,2.2337956,1.6080278,0.16708954,0.29415625,0.56568307,1.7649598,1.7531543,1.7043484,0.8855385,0.38336274,0.42737353,0.5059766,0.5956402,2.9424021,0.5226561,0.22944523,0.20134751,2.1341171,0.21768071,0.8868987,0.2085191,0.5842545,0.7164617,0.33265042,1.6306274,0.39683712,1.3337555,0.5430112,2.8042033,0.7532308,0.9285602,1.3382598,0.45407093,0.3498754,0.12113998,0.2789711,1.9396673,0.96654654,1.1171162,0.55589706,0.20474014,0.2185463,1.1259493,0.9463769,0.03249529,0.5392887,1.1691763,0.96950376,0.18814713,0.9360816,1.0050168,0.70610946,0.32464167,1.2611068,2.1246397,1.1992198,0.9136864,2.2747865,0.6128723,0.2013043,0.16978858,3.533532,0.015731953,0.29828787,2.263781,0.5055092,0.20336793,0.29910836,0.2963408,1.5891443,2.4260821,0.5106256,1.3910075,0.9607242,0.81460303,0.3588197,0.2792369,0.68881667,0.17899653,0.1220514,1.2248329,0.50397205,1.9131558,0.2629905,1.1685323,0.36302012,1.1688797,0.70216864,0.6433201,2.126365,0.6784103,0.13585287,0.05897087,1.5388786,1.5188112,3.084053,0.06790847,1.1133475,0.38455418,1.5547968,0.0808352,1.8465242,0.017235015,0.27605003,1.5441475,0.76697147,0.035038564,1.3974942,0.086108096,0.12001524,0.17721888,0.44327328,0.71817684,0.6335405,0.71906406,0.38035294,1.7191963,1.8271133,3.0653064,0.30648753,1.9485435,0.069271386,0.36728552,1.3932043,1.8437247,2.001089,0.057798043,1.4140351,0.8480771,0.19770178,0.12917681,2.0085607,0.9280379,0.8112718,0.08982916,1.0216861,0.18961565,0.42443585,0.05153086,0.23060198,0.16290617,1.2176034,1.437959,0.8618144,1.5048295,0.65817213,1.1670792,0.22361752,0.8364851,0.11296772,0.08588916,1.1553276,0.86442673,0.054497767,1.8492576,0.73623735,1.1147199,1.7221732,0.49846122,0.9308638,0.25838357,2.9454832,1.6930346,0.024393411,2.2597883,3.029878,0.11931248,0.24480441,0.121730864,0.34863895,1.7358096,0.102259114,2.2153141,0.7329865,1.1665603,1.2625363,0.124771036,0.17411956,1.7589201,2.1899612,1.1507164,0.892465,0.8623196,0.6193958,1.1118248,1.725518,0.052898444,0.33880708,0.5827137,1.2449528,0.025189409,0.47731945,0.24093984,0.9830174,0.6432515,0.2265791,2.063501,0.6669497,0.1996171,0.35544586,0.561379,0.18810306,0.6270815,0.2449102,0.6791384,0.29963955,1.4663872,0.315302,0.47136515,0.83756286,1.2891092,0.08490872,2.7497914,0.30223972,0.7517215,0.29501128,0.5213778,1.3321539,0.28600094,1.1321958,0.4683793,0.5725901,1.368778,0.46656168,0.25507578,1.9620343,1.8122472,1.2228832,0.78019816,0.5843438,0.3626483,1.3562781,0.12547995,0.31895655,2.012244,0.5603968,0.3100415,0.87878597,1.5946841,0.64983785,0.1333293,0.58238053,0.21203928,3.712835,0.30485743,0.3335259,0.5368857,2.5639513,0.090769656,0.31570318,0.96690476,0.009051386,2.9933197,3.3823192,0.9141447,0.038823046,0.14698279,2.0907035,1.1779908,0.090025805,0.030773195,0.5169281,1.5075502,0.77948946,1.9366934,0.46243533,0.22740136,0.773532,4.6339316,1.2886466,0.08150934,0.22162013,0.6715936,0.07838398,1.4579641,1.5469244,0.03913966,0.1673719,1.7636532,1.4421368,1.0238034,0.40350178,0.38856483,1.3475097,0.11491487,2.1874614,0.214281,1.3818634,2.1574605,0.4885109,0.06558994,1.8912804,2.2962615,0.29845178,1.1632047,1.2796793,1.7796572,0.913632,0.68828934,0.4998359,0.19858068,1.2778918,0.6113658,2.8984344,0.33169886,1.737079,0.5421792,0.08351985,0.9813134,3.3010173,0.7480152,1.4999003,0.98131615,1.5266557,2.3935192,0.6549571,1.7257036,0.54481757,0.039656933,1.0506098,0.68655,1.2759074,0.78657025,1.5530177,1.3132095,0.2434817,0.40887025,0.47001424,1.034544,1.1612937,1.1650009,0.37300617,0.11982159,2.0141327,0.15576054,0.02101124,1.5528592,0.37587816,1.8308709,1.8757268,1.0163361,0.49393907,0.9809668,0.16034196,1.5455589,0.6007363,0.40275538,0.19295166,0.48584524,4.47132,0.40203795,0.95554787,0.0,1.7313579,1.2922574,0.7353461,1.4733369,0.0,0.74481004,0.53025025,0.92990077,0.4050426,0.40724164,0.12447984,0.10693776,0.07102575,0.92990047,0.92348444,0.1783841,2.31536,0.5293138,0.45057207,2.7035253,0.34811807,0.08611456,0.54324067,0.49618733,1.1989865,0.46859747,2.0846558,all_pothole_images\pothole_images_enhanced_9dcea34e3e54256e8e2ec4b70c472fd4.jpg
0.0023653184,0.99526757,0.07046675,1.2533872,0.50508827,0.046106443,0.81677514,0.30965477,0.39522225,0.27112675,0.5604344,0.69593585,0.040447384,1.3861694,0.0065795826,0.14963235,0.14188257,0.71858907,1.0455751,0.0021231442,0.46034464,2.8366458,0.0033984953,0.6509732,0.71131706,0.16615674,0.27253208,1.5720258,0.004929437,0.30825767,0.5711301,0.1249177,0.32237187,0.005621732,0.16924803,0.93978167,0.081065014,0.38409755,0.042856917,0.73465556,0.030405523,0.0115991235,0.06017876,0.9215707,0.9021851,0.013738606,0.27880368,0.0,0.14789854,0.5593221,0.66302925,0.17134479,0.09413109,0.03775073,0.014365816,0.870796,1.3811632,0.3481873,0.27875113,0.103298396,0.24809335,0.017172849,0.9304742,0.002657088,0.37620398,2.1741672,0.4380673,0.023996323,0.5950977,0.16210198,0.0038189078,0.1945331,0.07680157,0.0,0.013691138,0.23466855,0.04116068,0.31418163,0.011001433,0.23974256,0.06894359,0.009392368,0.38064995,2.4167757,0.04156515,0.038832918,0.22832377,0.023592588,1.4462434,0.32847634,0.05546895,0.1253739,0.040258795,0.015483742,0.0,0.023248507,0.8755328,0.59319925,0.23169975,0.06942561,0.53958243,2.4400833,0.86360455,0.0,0.2205297,0.6093432,0.16459337,0.049042497,0.14968304,0.26957974,0.0,1.5030736,0.047426336,0.002290227,0.08473524,0.054852214,2.04162,0.49344704,0.97042984,0.015267063,1.3592834,0.2419302,0.19231072,0.18584551,0.25223756,0.77985466,0.5721425,0.26501107,0.8084592,0.26553556,0.15625559,0.0019223299,0.34278888,0.084611796,0.11625459,0.01758192,0.18998337,0.24173386,0.5885669,0.09378624,0.46312922,0.68581045,0.0,1.1706883,0.18407446,0.8275182,0.33419454,0.042653114,0.79567695,0.22150323,0.1575431,0.174029,0.04370102,0.041655283,0.9171444,0.013678119,0.35976675,0.6395949,0.011593174,0.29579586,1.5362811,0.94639647,0.15199299,4.3669715,0.27527294,0.014042686,1.3726745,0.4272399,0.10288067,0.91301167,0.0029753258,0.019260572,0.0031692185,0.012055055,0.12174162,0.044423006,0.16431922,0.0,0.26868498,0.036649115,0.0,3.0492127,1.5059682,0.0025104333,2.1435406,0.37265053,0.55609334,0.29190823,0.040066402,0.32945898,0.22353841,0.14053425,0.047395248,1.599406,0.06330327,0.010316085,0.30753607,0.24371746,0.044058964,0.21896635,0.16095412,0.36383832,1.1158229,0.39492244,1.9949881,0.24412186,0.15017527,0.14024657,0.07414751,0.30004722,0.02084388,0.19008052,0.48512676,0.15195996,0.30208185,0.7903993,0.27336085,0.10922799,0.50742644,0.57345665,0.06434633,1.1100386,0.06460239,0.18747333,0.13536683,0.33905345,0.5506227,0.28163815,0.5763537,0.32492644,0.009423234,0.23398365,0.22920813,0.0010090622,0.26452637,0.11458303,1.084189,0.018937115,0.20475778,0.09106929,0.14915453,0.051712766,0.129863,0.20108238,0.016508734,0.0015201033,0.21853177,0.13863464,0.20228824,3.9262457,2.88998,0.0030264133,0.62151587,0.008852311,0.07258961,0.930041,0.06810475,0.23481369,0.44044057,0.51817536,0.04492207,0.0324095,0.058649432,0.63675356,0.36621836,0.20457314,0.6506747,0.3202908,0.8511459,0.37925464,0.037320673,0.020529762,0.26483637,0.08734935,0.7737176,0.6776856,0.18259907,0.39032504,0.56860465,0.37762123,1.9754107,0.08837903,0.2033074,0.4158254,0.32624057,0.52323097,0.17586543,0.10420371,1.3868653,0.4585366,0.0068933866,0.06491751,0.033750247,0.7796134,0.12779474,0.22053206,0.24783398,1.2878343,0.5456964,1.4051087,0.7121302,0.52372855,0.092767596,0.8102397,4.01096,0.0,0.02788401,0.8602133,0.19520085,0.97342086,1.2436105,0.3323445,2.5901031,1.0466542,0.0,0.9866173,0.18587065,0.29092813,2.9410026,0.10300429,0.0022161244,0.0,0.23989552,0.4756466,0.47620845,0.38470203,0.6802973,0.03022303,0.309266,0.29087013,2.3648229,0.29531038,0.24361338,0.000817601,0.037188284,0.059825078,0.2667127,0.5772813,0.2103891,0.044764303,0.1797264,0.14845715,0.46796665,0.3362493,0.24373916,0.59488803,0.0,0.0056714294,1.113426,0.7893015,0.36135185,0.03774632,0.2592678,0.91571325,0.010482403,0.08443926,0.26045218,1.4978075,0.014888223,0.6381696,0.0,0.17784843,0.7997855,0.009258448,0.021495633,0.17157187,2.6664493,0.69732696,0.04271178,0.009920661,1.9757382,0.0063373726,0.2671477,0.22761613,0.06360087,0.04658434,0.0,0.0,0.15555044,0.1546053,0.30770057,0.0028688926,0.38995817,0.4739266,3.4843729,0.20891966,0.6469496,0.012974566,0.013335957,1.7941958,1.4981145,0.27171487,0.002172088,0.24668531,0.048099298,0.006580347,0.80259436,0.10789414,0.0,0.10278633,4.7873983,0.16610777,0.08420682,0.7873253,0.2561113,0.0,0.1312959,0.66649324,0.11374051,0.12648998,0.02545381,0.10349917,0.70629704,0.088634506,0.2500716,0.107637115,0.24229516,0.0024729485,0.12630731,0.0,1.162485,0.13302836,0.27099946,1.781511,1.5067917,0.26638263,0.18801743,0.5230142,0.037250824,0.3907065,0.3919973,0.092195004,0.09911581,0.21588612,0.84244823,2.7693195,0.07920028,0.33243445,0.18311739,0.070563294,0.08667641,0.13318612,0.0,0.33758047,0.5235302,0.06677323,0.90383357,0.36308572,0.019030502,0.94593096,1.4601198,0.26147375,0.70525694,0.06136001,0.33373144,0.6102535,0.11066009,0.44898558,0.43525437,0.8481305,0.684754,0.11924167,0.6879792,0.004267059,0.1964388,0.21550089,0.22041486,0.14589532,0.25092226,0.12007576,0.68529457,1.6778392,0.48258832,0.30810955,0.18679059,0.024632597,0.052605186,0.93695813,0.056282815,0.002960152,0.18461034,2.1134343,0.10087846,0.43118197,0.022673601,0.16666852,0.644825,0.0658181,0.39718315,0.549673,1.01444,1.2481791,0.27877122,0.08724122,8.598852e-05,0.1467846,0.28418425,0.14438136,0.18273552,0.15883124,0.20160027,2.3046188,0.51729715,0.18010359,0.09434147,0.63478994,0.27793327,0.08588727,0.4168653,0.038456302,0.026057675,0.25226605,all_pothole_images\pothole_images_enhanced_9e2e8e5138130fab60b0874eef4cd2b8.jpg
0.0906114,0.97492486,0.011795506,1.2695273,0.26194993,0.111875646,0.80215186,0.67516005,0.68266815,0.44947317,1.2566212,0.58382833,0.31506696,3.9354446,0.026722964,0.25109437,0.5630653,1.6080817,2.4740152,0.16577488,2.5593681,0.8454379,0.044238504,0.45671165,1.387408,0.2984577,0.56275314,1.2980139,0.15906578,0.5786993,0.2572508,0.4516357,0.0417175,0.3277446,0.13088185,1.6007075,0.14465119,0.6247001,0.9971864,0.5540941,0.0050790296,0.013165804,0.3844691,1.7651856,0.2511373,0.071890175,0.036114946,0.01906762,0.56976837,0.64434916,0.590112,0.038343176,1.1980488,0.2289716,0.37578177,1.8242109,1.025231,0.13330588,0.02956058,0.013203172,0.5769335,0.22076419,0.5142875,0.15647756,0.13150238,2.4708602,0.26486856,0.41614926,0.081699446,0.1011596,0.4372549,0.006669015,0.35173926,0.39903164,0.47759762,0.062386442,0.15568958,1.118596,0.006552065,0.1992047,0.12523843,0.063074045,0.4276028,0.24629226,0.83759844,0.008229183,0.008223448,0.056331214,1.6459259,0.033863436,0.7946206,0.016004918,0.0068516303,0.2015633,0.037741903,0.16257916,0.4824547,1.9626931,0.5252818,0.0010812349,0.20417042,3.28075,0.99259514,0.08942742,1.2077764,0.29807642,0.062157743,0.04888174,0.005991474,0.36583838,0.04640344,0.04013607,0.010133479,1.0842828,0.63399565,0.09012496,0.2087159,0.18573101,4.0381737,1.0564083,1.8810649,0.76671964,0.04441406,0.40308627,0.35485783,0.7545487,0.109120384,0.06107529,0.41824293,0.30466887,0.0040470646,0.6630716,0.041824948,0.4708017,0.06290804,0.023648592,0.99932224,0.65293765,0.004944222,0.057669442,0.9246158,0.0033497675,0.18800054,0.3694181,0.055420768,1.0357143,5.9503865e-05,1.393209,0.33993828,0.36535218,0.018915694,1.8418485,0.0011951253,0.05503501,1.4558203,0.7172288,0.16513652,0.5437602,1.3929955,0.19384994,2.5703652,1.7199697,0.04035409,0.74947494,0.42650872,0.73035645,1.4811709,0.14258787,0.7679574,3.1752985,0.8271393,0.029808315,0.031979322,0.32789788,0.34347168,0.28906482,0.12787217,0.13923539,0.047845572,0.010164619,0.5381767,2.7246773,1.7387047,0.1698773,0.19200379,1.1346502,0.47738934,0.90699905,0.049100418,0.8541341,0.56417185,0.094481476,0.18672399,1.73994,0.11676087,0.8259254,2.738276,0.0,0.17632397,0.7064855,0.41605267,0.86427593,0.4704856,0.40920594,0.3350793,0.17392096,0.9312363,0.15248305,0.26978144,0.106339455,0.13481238,0.0146972975,0.36708063,1.083598,1.595164,2.0327306,0.096486166,0.34555373,1.5878588,0.05027435,0.1994477,0.24724874,0.044190012,0.12355865,0.0,0.04301005,1.2005723,0.005428423,0.75989366,0.09973065,0.0133357765,0.07788217,0.8303744,0.36563838,0.037497744,0.4278285,1.5959687,0.43699116,0.09480656,0.02249036,0.14992924,0.23075224,0.26289526,0.32305822,0.012122476,0.15609048,0.106931165,0.7999876,0.48718378,4.9623637,3.0865328,0.7666395,0.19654714,0.81377745,0.56498486,2.172856,0.09877362,0.6327518,0.6869875,1.8613521,0.42540258,0.32299757,1.199599,0.0,0.43755534,0.22443627,1.5359244,0.6032575,1.4135346,0.08138612,0.019063052,0.009687206,1.9315095,0.4926585,0.1654759,0.22005641,0.0039393073,0.076394014,0.5630563,0.25592998,0.2633812,0.4060808,0.63416517,0.2258201,0.05181734,0.21652389,0.3554315,0.39014956,1.29615,0.073073074,0.031781536,0.19696218,0.0019341481,0.5478925,0.14949399,0.10156801,0.0028015545,0.039857984,0.025620233,2.9755242,0.45652914,0.6644519,0.16298932,0.7019125,6.400048,0.042612813,0.69990414,0.045096416,1.1824251,0.10532081,1.0039304,1.4070408,1.12947,1.4460866,0.51048964,1.3768778,0.053421184,1.8419889,5.990651,0.46083823,0.049859904,0.11736948,0.887122,1.5739839,0.017746387,0.90293336,0.35458747,0.06893012,0.07674153,0.34958476,0.29649878,0.21496633,0.4708223,0.0020826254,0.12773015,0.083126746,1.8037171,1.338769,0.610937,0.6974218,0.56426513,0.0,1.360142,0.5806489,0.97367096,0.15476668,0.95781034,0.5244748,1.1186273,0.058450937,0.11961199,0.5044915,0.85164607,0.0546588,0.78108,0.3881901,0.12795392,1.8634675,0.70578253,1.898761,0.29944012,1.2050593,0.35400218,0.83132994,0.07743427,0.101331316,0.34340605,0.019741634,0.23359841,0.029465327,2.4875903,0.032255862,0.22042881,0.110561386,0.3059206,0.08517863,0.29788724,0.0076099075,0.40691492,0.85978174,1.0307097,0.048091315,0.0,0.37219942,2.0160656,0.1451767,0.4184168,0.01470478,0.3695688,0.95453286,0.22944196,0.0,0.2789756,0.019298943,0.016555265,0.15023722,0.5577017,0.62727106,0.5468711,0.08404265,1.200776,0.9032863,1.0043375,1.0939082,0.15535288,0.16668436,0.38220736,0.71106124,1.0758146,0.011229234,0.10041864,0.49235743,0.28450176,0.8778596,0.19503455,1.363548,0.10897196,0.24701099,0.017159728,0.0,0.7194104,0.86850804,0.09796621,2.201342,1.9171988,0.32423317,0.33037433,1.2212644,0.16827509,0.10196697,0.52238715,0.17478116,0.5582693,0.047407743,2.2821565,2.5307088,0.08373335,0.19684121,0.0,0.16300233,1.2605467,0.13102496,0.017410671,0.0038751354,0.38949624,0.0,0.801353,0.36739755,0.7194295,1.8585495,3.4065483,0.24532688,1.5629997,0.57186925,0.44093275,1.0018718,0.7827968,0.008574789,0.40185192,2.2244267,3.3991182,0.5877524,1.9056226,0.0,0.9702634,0.046468258,0.33592427,0.0,0.3403212,0.9504075,1.1660825,1.0168118,0.21736956,0.2033892,1.6897838,0.8630942,0.60314393,2.1057913,0.09380879,0.24552818,0.42001474,2.5157568,0.73480487,0.05115366,0.02604525,0.0,0.6319529,0.09376149,0.8920271,0.21521854,0.80045867,2.2501078,0.24370244,0.044527043,0.0029270102,0.4274301,0.014845086,0.15965123,0.0016895441,0.026594147,1.0285971,2.8113596,0.38318977,1.1408606,0.39078957,0.56627816,1.5296673,0.91558075,0.12880182,0.02443863,0.04058789,0.34616485,all_pothole_images\pothole_images_enhanced_9e43bba841d516311f1aff0af908a4a4.jpg
0.2915551,1.8451122,0.5612949,1.0301733,0.2918541,0.543097,0.013830428,0.0,0.26620686,0.20291425,0.09514071,0.0697205,0.05111458,1.3833506,0.07970118,0.27983245,0.41202825,0.0,0.36353853,0.17448555,0.08774555,2.3333871,0.05350614,0.17953345,0.079417944,0.21748589,0.11380588,1.391507,0.0,0.19673681,0.22672598,0.17148018,0.5483143,0.049407624,0.12986778,0.37228817,0.70316523,0.14557937,0.44490805,0.471452,0.0,0.012986282,0.027539797,1.7621399,0.8450954,0.0086952485,0.3593108,0.0034307372,0.06414315,0.6413708,0.5203338,0.20476477,0.13413295,0.2788306,0.12987195,0.70852214,1.500619,0.08051317,1.1208338,0.13254097,0.03472452,0.012398793,0.53524035,0.039669733,0.1891687,1.1227067,0.7079512,0.45424062,0.6716045,0.074623846,0.16058749,0.78615427,0.5125863,0.18051124,0.030298173,0.79250085,1.1956296,0.76698583,0.09189641,0.14548361,0.3236244,0.53569305,0.21990193,2.1238515,0.77196026,0.4615119,0.004222454,0.312975,2.2324955,0.2787937,0.15538032,0.14040549,0.038094003,0.25391224,0.5336461,0.046009287,1.1305964,0.5522044,0.65863544,0.0074923546,0.0,0.4311538,0.23234259,0.17651239,0.024211822,0.21109569,0.11189346,0.0748547,0.13411489,0.28681192,0.011662732,2.356967,0.21183747,0.11208992,0.07594946,0.19821209,1.9271272,0.05671726,1.7188624,0.23675217,0.5272367,0.26265612,0.035471875,0.10185198,0.22106501,0.81780523,0.31660935,0.20108044,0.52160144,0.074834235,0.64349675,0.0064380825,0.26055455,0.062036656,0.0020694537,0.36794597,0.029930782,0.22290245,0.8770733,0.090517834,0.066685386,0.28215876,0.01996376,0.530381,0.0,0.50442195,0.24749167,0.0031454912,0.36893958,0.51552147,0.12734565,0.1347068,0.0010089099,0.0,1.2909588,0.61049014,0.23464154,0.0,0.6016121,0.41698283,0.9367778,0.335862,0.10313752,1.9217851,0.0,0.025063995,1.1110644,0.0011989737,2.2679307,0.1155238,0.10205429,0.007142512,0.0,0.076656155,0.61328065,0.09120576,0.32250294,0.0,0.858471,0.11324194,0.010557048,1.9272661,1.8509773,0.78678846,0.66085565,0.24749722,0.116916545,0.31193727,0.42482746,0.4090765,0.06512878,0.18768343,0.15955277,1.018325,0.0023823518,0.0,0.15365586,0.50593257,0.170103,0.51141536,0.02236925,0.94055414,0.049063943,0.6571831,0.7084031,0.115630925,0.1737106,0.124992326,0.60409385,0.13931072,0.021407565,0.04783124,0.23441944,1.7334532,0.28214428,0.95680845,0.07768234,0.0,0.6366923,0.4617901,0.61448395,0.0030574598,0.4632246,1.2011207,0.14534625,0.26323575,0.8185743,0.082968526,0.6592617,0.23219295,0.13450094,0.0030048005,0.13013397,0.0,0.02078702,0.034548607,0.7757129,0.19139424,0.0,0.018910486,0.08264908,0.09282146,0.07327477,0.010945481,0.004408661,0.0020497995,0.6044353,0.100100435,0.33934838,2.8355753,2.058045,0.009744105,0.71396136,0.1227891,0.06683961,0.8386776,1.1571405,0.19415958,0.7916283,0.69068736,0.0,0.23935537,0.9603083,0.31259072,0.74373376,0.9083667,0.0151562095,0.71975505,0.5479144,0.0,0.22079454,0.025058487,0.2179759,0.39539656,1.1426136,0.7495196,0.9172782,0.16172536,0.2587571,0.212561,0.31031722,0.39828715,0.0,0.011633313,0.4879794,0.15144889,0.17316191,0.035896514,0.75054026,0.19484426,0.260782,1.3433886,0.06462281,0.4295848,0.023249026,0.08013118,0.43197116,1.9204836,0.43197942,0.40331587,0.09735646,0.1299503,0.008844626,0.2777439,6.2546635,0.015638761,0.005384596,0.83106214,0.06345138,0.0,0.43609098,0.16691399,3.4046884,0.7230355,0.005132515,1.18523,0.7394353,0.32262906,0.9669148,0.46897382,0.024618134,0.14044307,0.059555758,0.075864844,0.30153754,0.76789457,1.0904034,0.0431771,0.5815422,0.1188503,3.2191753,0.7619711,0.0013595278,0.1797354,0.33224308,0.37907106,1.7911754,0.0016119638,0.0030147515,0.07278015,0.52295303,0.91396034,1.5921143,0.063886836,0.83582634,0.683063,0.056693226,0.02016839,0.5580415,0.85310394,0.17250556,0.44945735,0.3766764,0.3824904,0.2002457,0.5562123,0.27672467,1.8739101,0.97139305,0.42886436,0.07842907,0.0033459761,0.36368236,0.17960481,0.053982057,0.17100729,0.505291,0.28483757,0.29699528,0.031966314,0.5165547,0.063477054,0.53517336,0.0,0.38673577,0.07504492,0.041132417,0.04579967,0.3492698,0.08591111,0.0,0.037521966,1.5072904,0.8491057,2.700096,1.9462068,0.6441175,0.012899604,1.3028659,1.4288957,1.4726285,0.5716836,0.51689017,1.1117256,0.0,0.0,0.030084116,0.2660061,0.0316115,0.30474648,2.3466465,0.21887285,0.1343712,0.9434235,0.36595687,0.0949704,0.18269967,0.8128109,0.0117578525,0.14519866,0.4316473,0.24179307,1.1836995,0.08906993,0.12410924,0.025948213,1.174318,0.24323525,0.09191534,0.013937483,0.79841954,0.026181374,0.5879832,1.6793027,1.5183096,0.0,0.14684926,0.22569196,0.047009505,0.29631782,1.1126083,0.0310224,0.25460017,0.76653475,0.24501082,4.014885,0.5608404,0.18300346,0.070096254,0.4630501,0.20782657,0.28709483,0.026285617,1.2369746,1.7025734,0.11183148,1.9132085,0.3399538,0.57876223,0.14146534,0.44545025,0.18382555,1.1140296,0.913083,0.96763945,1.4226171,0.44754308,0.65467644,0.028562974,1.0309263,0.07070185,0.020068083,0.62653947,0.0045372006,0.44376266,0.29176039,0.40372193,0.2405308,0.73462343,0.696593,0.56233555,0.22675203,0.34607187,0.27060685,0.30350265,0.35563245,0.034975022,0.5897281,0.20790198,0.57202816,0.41903087,2.1001587,0.23680648,0.2493735,0.000847735,0.0,0.47054905,0.5519597,0.8694459,0.11908205,1.5247281,0.92347765,0.19161376,0.056250367,0.0,0.053425543,0.13063666,0.02705081,0.0,0.09549927,0.0,4.8366694,0.4774693,0.92684686,0.03397777,1.1346104,0.0,0.53051436,0.29121697,0.8695062,0.053956978,0.54914963,all_pothole_images\pothole_images_enhanced_9e685ef87b5208a952fd9c1cd5791427.jpg
0.6339061,1.086809,0.6439765,2.1468463,0.26195207,0.5517566,0.45446882,0.36812425,1.840265,0.41969165,0.79208016,2.197754,0.24353069,0.08299488,0.13492766,0.8913646,0.44306487,1.4971087,0.15105039,0.29182371,0.25377274,1.0982728,0.1069536,0.048107866,0.7378742,0.84651196,0.7109619,2.235988,0.049754735,0.28787637,0.40238073,0.117228776,0.022404587,1.872099,0.33685747,0.45542628,0.0012865635,0.44215685,0.970916,0.41096804,0.24840891,0.35018834,0.3331557,0.38599357,0.6371647,1.8764119,1.3073071,0.16729762,0.35575986,0.38046685,0.302894,0.18324734,0.34352338,0.13188566,0.12766416,1.4084121,0.23298925,1.342421,0.46920255,0.23512499,0.30229428,0.13175325,1.3553734,2.2047997,0.68656766,2.3427482,0.74156135,0.64969355,0.010758914,0.28525758,2.147213,1.5236441,1.4426113,0.7504065,0.5089626,0.0,0.0,0.69759023,0.0,0.0019318741,0.41719428,0.77935076,0.44116256,0.6666332,0.96440107,0.3461108,0.78418183,0.34691036,0.5412934,0.43480465,0.08323671,0.0,0.6941437,0.46029297,0.19412203,0.13507907,0.5062405,0.8976855,0.5001505,0.32785618,0.11164365,0.28058726,1.2174911,0.31724402,0.022365801,0.15526302,0.45182362,0.099096045,0.9737452,0.7254275,0.062336214,0.29678625,2.859712,0.123323984,0.80046105,0.90078896,0.7854165,0.14201033,0.3679572,1.7814344,1.1777468,0.11161496,0.27513516,0.26465765,0.74546593,0.7240588,1.8528047,0.25926995,0.6050112,0.16491832,0.12733741,0.18803106,0.61677736,0.06350552,0.44576594,2.4859893,0.63863623,0.30618685,1.8768562,0.052508194,0.762904,0.06395178,0.025161149,0.27227864,1.5296351,1.0390593,0.18709026,0.8818945,0.020043781,0.5689049,0.67412573,2.0040994,0.14449446,0.00021764674,0.47398204,2.296666,0.74663395,0.14429982,1.7826016,0.6651375,0.6728313,2.437865,0.016453616,0.6649436,0.2458998,0.4414482,1.7230603,1.484214,0.9862817,1.8005362,0.15787554,0.09334831,0.28178674,1.2955924,0.10280661,1.4591401,0.53368026,0.13981242,1.8126628,0.26088962,0.0,1.0693407,1.8393685,0.6105406,1.9896383,0.879743,0.58269656,1.0420766,0.52087474,2.0030305,0.79908377,0.042992637,0.36183375,1.076615,0.7319003,1.1499966,0.8088165,0.22359009,0.5825471,0.39367738,0.083466336,0.12982386,0.57886785,0.8823057,2.7777069,1.0707741,1.6435686,1.4198364,2.5173247,0.8197735,0.011841692,0.09543845,0.15346283,0.16998662,1.6535658,3.2056823,0.34019977,0.7035586,0.8833707,0.33179337,0.9220039,0.9101884,0.71474683,0.1329544,0.03614303,3.0746667,0.24114805,3.126702,2.0083792,0.55587375,0.29078415,0.04926479,0.9877719,0.52377886,0.2983336,0.0,1.2875931,0.204874,0.9992257,0.8233175,0.623616,0.30297577,0.022885902,0.2845845,0.6510522,1.0865393,1.5412302,0.24312337,0.40569928,4.946922,1.2060518,0.61269933,0.053989556,0.98006594,0.1990467,0.045849964,1.1242261,0.19458948,0.55404645,2.789575,0.3255964,0.38076445,0.47846103,0.5608148,0.3045976,0.12145548,0.21254078,1.7235215,2.3508008,0.077969514,0.19475417,0.23840132,0.12845388,0.016871572,0.78541756,1.507094,0.3717911,0.841153,0.63622105,1.4774051,1.278521,0.32354704,0.1682634,0.5357138,0.5007892,0.38104013,1.9112656,0.26545578,1.6188482,0.12434281,0.3135957,0.056608956,0.17936325,0.64720625,0.08064161,1.8645701,1.1043559,2.1713498,0.77468514,2.116158,0.26787037,0.41838977,0.20012446,0.26671433,5.203194,0.79038596,0.120191276,0.15413481,0.10253258,1.4913526,0.084853336,0.21827114,2.1594934,2.4483845,1.053246,1.0585116,0.9279539,0.92456335,3.7086623,1.227083,0.23890913,0.0,1.1226697,0.49212256,1.3822374,1.0219948,0.46904072,0.90548587,1.0003929,0.20750931,4.451107,0.07299462,0.94592035,0.36287376,0.049742494,0.0128763355,2.427661,0.78533375,0.15721858,0.5019134,0.4027256,0.58315235,2.8854887,0.51785535,0.1384292,1.7338381,0.50914484,0.57043904,0.20790224,0.5377912,1.5973904,0.25472423,0.032038823,0.70797634,0.030029675,0.094529815,0.36885345,1.3177452,0.04509278,1.1821,0.628684,0.708617,0.64963746,1.3899083,0.01799919,0.5752966,0.7842438,0.74602765,0.025227109,0.40158796,1.2969027,0.53607965,1.0344099,0.010973231,0.0,0.34885558,0.5770153,0.04111325,0.9127353,0.18433313,2.0657322,0.6799225,0.16049367,1.3031929,4.3925643,2.1898725,1.7619544,0.17170583,0.11359222,1.1355225,0.6589339,0.55938697,1.1192955,0.15442638,0.018633978,0.057400156,0.19616485,0.3566654,0.1827645,0.4392089,2.5170197,2.1093159,0.045634683,0.100268714,0.80021757,0.85027623,1.5142112,1.4146663,1.1297436,0.42585054,2.1398714,0.95195067,0.077519715,1.3832307,0.34453458,1.3112407,0.7566092,0.86234516,2.2894814,0.61850786,1.3735672,0.40814072,0.87640786,1.1064948,0.80532134,1.4090756,0.26570943,1.0020119,0.31793904,0.88714164,0.35152358,0.1675944,0.20374711,0.5244704,0.18756002,0.8886745,0.7155595,0.6776652,0.123299226,3.0921233,0.5769336,0.556892,0.73659146,0.6367972,0.25074288,0.26237056,0.32622594,1.1293676,0.055969343,0.8098695,1.3248895,0.7916924,0.82938766,0.8847881,0.84429383,0.31455877,0.20806545,0.49849382,0.40577596,0.13234727,3.1300476,0.06720249,1.0548973,2.2944446,0.54707724,0.30358738,0.058172327,0.013541649,0.23625655,0.5556723,0.49758217,0.45234412,0.07464095,2.667541,1.1596279,0.26081342,0.23402908,0.29089397,0.32242793,0.27932775,0.0,1.8525088,0.9450064,0.9612137,0.09805743,0.14239441,0.066074036,0.25301033,1.1041001,0.15246527,0.16968346,1.2680227,0.56303674,0.29256794,0.6251433,0.7887036,0.0011480182,0.15074578,0.060653053,0.2701675,2.1873443,2.7664177,0.34744644,0.44819063,1.2857717,3.734963,1.243633,0.0,1.0226893,1.2117401,0.12523387,0.30197832,all_pothole_images\pothole_images_enhanced_9e7d82775a94f7ecb810f9164042cc9d.jpg
1.2068746,0.40369838,0.19353518,1.3238053,0.7356524,0.7524648,0.28479972,0.1814871,1.0801455,0.62498665,0.13983113,0.40518755,0.16133267,1.233628,0.16579711,0.80226976,0.24443653,0.24816981,1.5120174,0.15532267,0.26677603,2.521581,0.3690515,0.0,0.70281965,0.1052968,0.3038356,1.049464,0.050515857,0.23675711,0.05686738,0.5941973,1.3159438,0.1774446,0.087544486,2.2326038,0.29898673,1.2711478,0.5377328,0.46041492,0.43427625,0.0,0.03743448,0.20898367,0.5336038,1.2084281,0.038967676,0.09646288,0.7532153,2.3447278,0.85350364,0.36461994,0.93410707,0.4938145,0.26539722,3.4892864,0.5374579,0.4564996,1.4767257,0.0046732887,0.32232925,0.118440606,0.14756948,0.35498777,0.85428447,3.0296013,0.5217366,0.109568246,2.714694,0.82233506,0.04840047,0.40396667,0.43947327,0.016382305,1.3664725,0.29481864,0.006260592,0.29537436,0.00014586312,0.062593415,0.46076888,0.43263197,0.18067694,2.5002084,2.2498882,0.30268648,0.5902653,0.4690351,1.1405276,1.2594203,0.6337269,0.0832355,0.046583496,0.54951024,0.03633507,0.011984437,0.41552073,1.1465082,0.08771871,0.37977567,0.034571785,1.6993439,0.76442903,0.051297974,0.32151425,0.6621606,0.81504023,0.16575174,0.05403518,0.10974536,0.0,1.8756827,0.226172,0.4343425,0.63647825,0.6464028,1.805811,0.13963324,2.3345242,1.2499021,1.7978272,0.18823986,0.24199419,2.0727103,0.23608197,2.0955005,0.51537603,1.8464879,0.24458691,0.0072289733,0.5477505,0.00508456,0.052505244,0.3810436,0.18188395,1.6544083,0.20716849,1.9435301,0.73169786,0.23329419,0.5446814,0.08680806,0.10171639,0.13884665,0.21818088,0.06942954,0.1222771,0.9646993,0.5768822,0.41012627,1.9265615,0.8877603,0.1312006,0.01774181,1.902056,1.1435951,1.3917239,0.017265173,1.068596,0.003942114,0.87524146,1.1517218,0.041569807,2.6772482,0.0,0.31833208,1.0623411,0.11654797,2.3392622,0.60912985,0.34417334,0.0,0.0,0.78653586,1.1284566,0.29636234,0.053406082,0.0842318,0.16576369,0.12315236,0.04016579,2.3791146,0.3591894,1.7162638,1.3498398,1.4610497,0.6696304,1.491671,0.18478747,1.7205858,0.18251224,0.1326351,0.044409107,0.71218896,0.016527997,0.89354223,1.0763066,0.37992412,0.35174373,0.3653864,0.7964191,0.17800519,0.46177602,0.6563382,1.4421613,0.23855187,1.1081604,1.1559916,1.0424473,0.4502814,0.0005243091,0.010719059,0.7744001,0.46205118,2.494139,1.872566,0.514647,0.09105417,0.54152626,0.05035588,0.05260425,1.2327209,0.6227114,1.0004314,0.14504449,0.232427,0.724234,0.1424572,2.1061466,0.09553259,0.0,0.113763,1.0820645,0.2785095,0.40162188,0.050349306,2.5542822,0.079685465,0.013818079,0.12644207,0.8267678,0.7071663,0.07414063,0.29714802,0.7599753,0.00036924102,0.5811972,0.17620821,0.8260315,3.953419,2.133254,0.32074195,0.13937797,0.652427,0.27922595,0.16622049,1.3508357,0.5181741,0.031162042,1.7656308,0.21269475,0.06586551,0.15148136,1.333021,0.11782928,0.5630738,0.7378025,0.20815429,0.68144,0.14401804,0.39084262,0.09386973,0.028779136,0.8260921,1.1606417,1.1214936,0.4458971,0.5313775,0.36007527,0.68304414,0.71612096,0.29700404,0.26160407,0.22659644,0.7053702,0.6297012,1.438179,0.31076658,0.39999902,0.40509632,0.34970397,0.28360868,0.2045514,0.8164645,0.006985847,0.057614144,0.36012182,2.5026097,0.4894253,1.5025821,0.48850453,0.35419074,0.30918354,0.39439,3.011748,0.5866615,0.100429475,0.1426669,0.1210604,0.2078427,1.4184952,0.13641706,3.3935566,2.9216473,0.35159075,0.24486226,0.026181722,0.96444154,2.2628899,0.1312748,1.1293522,0.0,0.08923826,0.00401994,0.2996465,0.92946637,0.9361342,0.043698415,0.67853516,0.14951402,2.8060868,0.7655646,0.06056467,0.0,0.27665707,0.4971199,0.52738124,0.040410273,0.2830446,0.061724894,0.53053313,0.062726416,1.384512,0.24461374,0.6708156,1.1846571,0.1500396,0.02975545,0.19583714,1.0030192,0.5763177,1.3466569,0.17230684,0.17012452,0.2050988,0.8079783,0.18024117,2.4843786,1.5269897,2.4648452,0.50926864,1.2445086,1.815363,0.14906475,0.38066125,1.579534,1.8314168,0.19522333,0.020242134,0.60172886,1.1589515,0.09045993,1.3100537,0.22641224,0.7917519,0.17843279,0.88295597,0.4169879,0.85384303,0.74544275,1.3022826,0.35165066,0.6635964,0.31192884,1.9378372,0.3729674,1.5229695,0.023223314,0.9040197,0.91566604,0.5556774,0.98595124,0.41180792,0.8619683,0.014575781,0.061994873,1.3171694,0.72013706,0.83724195,0.6007744,2.827307,1.0350623,0.26467776,0.5141638,0.85737497,0.093969345,0.7817745,0.35728192,0.16347726,0.01563244,1.8199917,0.62179476,0.41121894,0.061644696,0.01024319,0.00081357587,0.75771743,0.04726019,0.34200737,0.18789376,2.5076609,0.0005630532,0.6895381,1.4490743,1.8026199,0.8182012,0.33799657,0.9264282,0.00865298,1.194588,0.68733454,0.2813942,1.0259849,0.45171916,0.25985605,2.753138,1.2482121,0.15056825,0.15081666,1.6312189,0.0053678243,0.17580707,0.55101705,1.0677527,1.0983896,0.19955039,1.9315468,0.3632981,0.13125734,1.2785349,1.6054026,0.3674718,0.57206166,0.67534685,1.5013329,1.730209,0.0,0.6662624,0.5373576,2.0037963,1.6644299,0.14078882,1.8362799,0.43898663,1.0378044,0.6584417,0.6602222,0.0023127163,0.9434159,0.50609237,0.92226195,0.91974545,0.103067085,0.72071314,1.7735802,0.013389595,0.12548038,2.2064953,0.21458788,0.17672935,0.36684686,3.0008998,0.754508,0.0008190694,0.10075656,0.5339853,0.046542216,0.10093855,1.439855,0.4843509,0.6646061,0.5802001,0.05516582,0.16578953,0.3338558,0.068759754,0.0037400748,0.19707477,0.5749117,0.81797767,0.83084977,7.4174767,0.38945052,0.08356347,1.4541351,0.6744046,0.12397137,0.3048313,0.91430664,0.8569799,0.13668795,0.6625749,all_pothole_images\pothole_images_enhanced_9ecbf9d702dd42ef5b36fe85c2612d2b.jpg
0.6901531,0.6708163,0.034749348,2.7131488,2.2780814,0.17106053,0.48894835,0.11024235,0.709637,0.9067086,2.1822996,1.1608765,0.31421077,2.5741537,0.10207085,1.3570628,0.14634049,1.0961318,1.8710883,0.018285519,1.8532156,0.5653834,0.28409544,2.0893705,1.4053233,0.33144715,0.038530894,0.79098696,0.5722735,0.1450667,0.067765884,0.020220423,1.2721632,0.94911003,0.28801695,4.285486,0.5392046,1.1505141,0.25717703,0.048074838,0.091615364,0.22495808,0.10311384,1.0391752,0.10832165,0.826836,0.9165907,0.069526546,1.7099755,0.7198764,0.746865,0.5269905,0.15953934,0.9130638,0.35183778,2.0022886,1.9781276,0.6806007,1.1557658,0.15076022,0.5361562,1.5050313,1.2268882,0.13900308,1.9877808,1.1783665,0.21442756,0.7440433,1.255736,0.7092537,0.19958568,0.04769192,0.050589696,0.2814097,0.14682509,0.18506329,0.75426716,1.5129192,0.40509164,0.48044676,0.06411934,0.059654348,0.2954192,0.76926,0.312742,0.15010326,0.017414195,0.06620149,1.8988922,1.3170494,0.6291265,1.135628,0.6346023,1.5026084,0.018676037,0.27083427,0.83897054,1.3084999,0.48509577,0.9987432,1.9845228,3.4789116,0.04574268,0.1461206,3.0077515,0.4299122,0.38145605,0.3428457,0.6609739,0.4988088,0.55286443,0.38810152,0.10031832,0.7570376,0.742659,0.51770514,1.6378018,0.21991907,4.5063953,1.5992409,1.7911673,0.48963624,0.77859944,1.2410947,0.8871583,0.5862262,0.0,1.5801189,0.79130536,1.1792157,1.4795634,0.14373456,0.83115363,0.09971863,0.4335746,0.7947846,2.158289,1.0105628,0.5680033,0.0020607759,0.49883175,1.335878,0.33381653,0.32867518,0.30549714,0.309555,2.5268493,0.20470151,1.7461061,1.2693931,0.21884887,0.88940597,0.51805323,0.20100543,1.9627782,1.3001146,2.7556458,0.90241677,1.2018759,0.8139826,1.9817995,0.67001647,0.58480257,1.6759832,1.1249882,0.5986233,0.6597403,0.34578168,1.430468,1.8678004,1.3064307,1.226451,0.21395494,3.8115633,0.20479482,0.3000301,0.503758,0.19313388,0.20068215,0.20524107,0.20212601,1.8167396,1.4945761,1.6719975,2.506188,0.8714861,1.6278839,1.601021,0.32479894,0.24429852,0.09597105,2.4217887,0.33295345,1.6611811,1.0057658,1.3573015,1.7207648,1.3814825,0.94428873,0.11584128,0.5863243,1.1073335,0.23557335,0.31578675,1.9981636,0.34027168,1.8588572,0.04682609,1.4025452,0.6388974,0.7106181,0.066190705,1.4360201,0.5592172,3.2579446,0.52918005,0.7053819,0.22723643,1.2242064,0.22942819,0.0017840428,0.5391798,1.3714188,0.07996679,0.15141264,0.33057058,0.27288064,0.54072773,3.1996949,0.22642703,0.22377545,0.119954765,1.3477657,0.7048556,0.05370941,0.53888047,1.6359421,0.13541791,0.8760268,2.1401937,0.108801685,0.019473666,0.7174076,0.5840636,1.2379171,0.512193,0.38570982,0.7109378,1.5665494,4.1461987,0.9927614,0.13998903,0.21818791,0.25174332,1.4210486,0.31667358,0.82623136,1.5935066,0.47506577,2.680054,2.192617,0.114392586,0.65517384,1.5210637,0.8703982,0.57720196,1.3025444,0.58335465,1.3034861,1.0054501,0.2635525,0.12316937,1.227835,0.8018718,0.32603833,0.05888725,1.0740037,0.28853205,1.7075095,1.2623515,0.69925714,0.47322154,1.1038231,0.07892499,0.3873987,1.7353369,1.0007895,1.2155147,1.3434896,1.1185684,0.00870878,0.12906611,0.39462078,2.9200919,2.8379724,0.13853265,0.68052775,1.388464,0.4141679,1.8294669,1.6916951,1.5722312,0.7885024,0.1602917,3.238782,0.39199167,0.15307032,0.1749983,0.88118184,0.2323196,1.477121,0.42631364,2.63404,2.50135,0.62633896,0.23135124,0.25145486,0.5593203,3.7853608,0.6359334,2.3779638,0.52410746,0.87095326,0.6880417,0.106201045,0.85757697,0.08914297,0.16664396,0.5958883,1.1205134,1.0071732,0.72054654,1.7286189,0.26813027,0.4051729,0.03150155,0.40883586,0.56654286,1.7588137,0.34226787,0.36538652,0.97784513,1.8672649,1.026965,0.46101615,0.29218638,0.34002653,0.2516134,1.5240443,0.9063367,0.4583341,0.83322096,0.1575029,0.78666574,0.7720882,0.35646737,0.23213358,1.3156171,2.555601,0.85371226,1.4204861,0.97558737,1.0172701,1.1320183,0.14397503,0.23182471,0.86574614,0.50845975,1.0185702,1.5789546,1.3581924,0.36756068,1.1789409,0.4973042,1.4682714,1.4999931,0.39510095,0.0034254217,0.2632813,0.5928404,1.508596,0.021611575,0.05281355,0.71803826,1.2945541,0.4943351,2.102697,0.6607145,0.42800274,0.7240283,0.84112245,0.78358513,0.5467895,0.3831497,0.09738737,0.6009762,1.1179068,0.8893399,1.7210431,0.31234074,0.9033468,1.5637602,0.5232524,0.01727841,1.104119,0.0,0.6262865,0.19575062,0.5923532,0.31826818,0.36788157,0.06771959,0.09498596,0.1624395,0.52853787,0.954817,0.7165935,2.11727,0.25360525,0.27384472,1.5181386,1.618064,0.76293445,3.3556116,2.9316754,1.2716883,1.9098793,0.9177251,0.747068,2.6003215,0.1827293,0.3457234,1.3149766,0.08903514,0.5671469,1.9443159,1.4402725,0.6826918,1.1921949,0.9990917,1.251545,3.2618616,1.0983486,0.13427886,0.10196127,0.42491612,0.6972548,0.110014,0.91548824,1.8565997,1.3501208,0.12118777,0.52179235,1.612323,0.7497043,0.40027422,0.7378539,0.88836795,0.8025919,2.528958,2.3461077,0.71167046,0.92706466,0.4498983,0.62150687,0.09337629,0.22566201,0.30706102,0.57534105,0.8866686,0.41322085,2.3190062,0.07315197,1.1591648,1.078931,0.4338908,3.725743,1.1041076,0.8433647,0.0060215173,0.32439128,2.2756171,0.8553271,1.1390175,0.21521741,0.53305185,0.23315768,0.023228727,2.578366,1.1209195,0.3438134,0.13085431,0.02192721,0.01234172,0.38551426,0.040854175,0.035235245,0.0420645,0.07454797,1.0522006,2.2110324,3.9353456,0.81816113,0.30216408,0.4040328,1.3682368,0.23585641,0.83437735,1.0962416,0.13999826,0.39512435,0.5873161,all_pothole_images\pothole_images_enhanced_9ed363c31e5e001dbc0dbaa75b37a4e8.jpg
1.0025808,2.2168655,1.2049499,1.5021261,2.514444,1.8903793,1.5324048,2.9772644,0.019187966,1.2063488,0.6518033,0.074680135,0.039255437,1.803061,0.45116112,0.5110178,0.7547524,0.06710851,1.7260225,0.21971266,0.9731006,2.2026348,0.6590886,0.8106942,1.58756,1.1826437,0.5464953,4.8336515,0.6158825,1.3479049,0.75128454,0.4297379,2.1852875,0.34901187,0.56095695,1.6275418,0.361667,0.43740186,0.8826213,4.7489104,0.010500882,0.18734775,0.78305084,0.7321471,0.3888696,0.79548275,0.06686646,0.039727464,1.157651,1.9093721,1.1383053,0.26362854,0.60934645,0.5563658,0.29115304,0.80725634,1.7087882,0.57876855,0.1691664,0.6084403,1.510968,1.0096961,1.2203847,0.46446282,0.27512354,1.3624145,0.3121845,0.50838596,0.39103127,0.46695703,0.3960667,0.2546768,0.8107681,1.2252079,0.8113631,1.3612041,0.39313456,1.4781519,0.023802336,0.63013643,0.6066838,1.0076586,0.10170921,1.5262549,0.5568245,1.4991059,0.26555705,0.21218573,3.4424808,0.17351532,0.19918339,0.9179787,0.26066837,0.33758995,0.25657257,0.19292933,0.4120507,0.4983804,0.95756483,1.593941,0.15632254,3.1954622,0.35193595,0.8482517,0.09943022,0.3997877,0.08901909,0.5486806,0.42193517,0.8350276,1.6381284,1.5930375,0.40166894,0.056814894,1.3377302,1.3833244,1.484159,0.13622743,1.4641216,0.93193865,1.503948,0.5956582,0.74959546,1.3200655,0.87929064,0.86980504,0.89201975,1.7138689,0.2753483,0.7756147,1.6340222,0.18748225,0.13990285,1.7264848,0.58175683,0.14090486,0.37061748,1.6662157,0.9321893,0.28485572,0.9204695,0.781914,0.44578817,1.0532727,0.50568885,2.059668,0.3234226,0.097490735,0.38971317,1.6119514,0.70519954,1.5324101,0.12190959,0.9315692,1.7628621,0.61009693,0.52120745,0.39845368,0.00566334,2.040441,1.3807952,0.05474362,1.0569521,3.0166183,0.76395047,0.25907147,1.1983225,0.28102538,3.5319502,1.1422276,2.4951658,0.19153623,0.3636757,0.7021411,0.542329,0.08537871,1.1476135,0.0,0.13105132,0.38278928,0.30315015,1.3200264,0.9960836,0.80548966,0.816156,0.42541897,0.19866624,0.027098801,0.7376359,1.2068784,1.2021972,0.73561704,0.123084195,1.6267706,0.73444974,0.2519839,0.19146875,0.12308383,0.3112195,0.8898659,1.0747701,0.808949,1.488411,0.4530356,0.2865437,1.2553756,0.33986008,1.2820362,0.82774967,0.79434156,0.66505504,0.67155707,2.3155959,2.4735036,0.92067194,0.47546503,1.116678,0.13664798,1.2701794,0.851387,0.71264404,0.23262656,0.6530732,0.99058366,0.4605519,1.2670428,0.6573733,1.1855938,0.66288257,0.6183663,0.95335233,2.852181,0.36236867,1.467959,1.7033732,0.17181444,0.8706782,0.893232,0.02405734,0.060704723,0.38714245,0.033466186,0.6304816,0.63773835,0.5961064,0.021622604,0.3253475,1.1114712,1.2466972,2.3539524,1.9018735,0.114512354,1.0131457,0.36379242,0.11816674,0.52646786,2.1348488,0.33165845,2.2902977,2.9100966,0.32305834,1.0457083,1.0844753,0.20485091,0.34111777,0.58244157,0.3256096,0.9927558,0.46898332,0.4443328,0.7383756,0.52356017,0.6507191,0.6917283,0.030110622,0.43186507,0.24215937,0.57586044,0.84818995,0.30167836,0.22125565,0.06496119,0.16431034,1.138148,0.75086623,0.12682922,1.0419707,1.4846991,0.8150472,0.3031982,0.93212956,1.3645812,0.16132766,0.47510087,0.059747774,1.2137519,1.2380047,0.71577847,0.2539657,0.92704725,0.110436104,0.17192993,0.19054405,0.42276308,0.6081821,0.5886813,0.060028084,0.16978131,0.47954956,0.563621,0.55032027,1.6258814,2.0221002,1.0648158,0.09129569,0.43179154,0.22127466,0.66646826,1.3862611,1.0962547,0.077877246,0.72516024,0.2782421,0.41585866,1.6951947,1.8453708,1.3005911,0.81842226,1.5501245,0.7100334,1.7187154,1.2574322,0.86146045,0.49043852,0.6348528,1.7536855,0.9459046,0.7578614,0.5821016,1.1876035,0.14913419,0.40045795,2.135478,0.29224527,1.4067669,0.022408525,0.07062773,0.5437328,0.6478856,1.6913632,0.58991325,0.6659795,0.87324804,1.5314614,0.021552771,0.45038447,1.265908,0.96430916,1.3070427,1.1092855,0.58278024,0.115594044,0.46385765,0.96832305,0.110684015,0.27019867,1.3538855,0.96051365,0.0627716,0.7410066,1.8890632,0.9772672,0.79959106,0.20266746,0.44469061,0.009075453,0.09526097,0.3844255,1.3081273,0.12247276,0.5122424,0.025081595,1.1558036,0.39909655,2.290778,3.1744864,2.1875024,0.23134002,0.31638578,2.9160206,1.7454158,0.19435072,0.3015234,0.6287292,0.8663484,0.021182254,1.6634126,0.48671943,0.33657485,0.27525517,2.1643121,0.48282972,0.22086361,1.1309743,0.19065432,0.60005707,0.6610418,0.17781775,0.71359783,0.066297315,1.2582594,0.93627906,1.4504545,0.9092761,0.26722527,0.8649175,1.3385302,0.9126752,1.2649182,0.9327465,1.7920412,0.2239374,1.640711,0.4170916,1.945913,0.82543117,1.4174764,0.075787425,2.706339,0.5872981,0.24711673,0.6158703,0.9054036,1.1841601,1.374635,3.77681,1.0156069,1.6500658,0.6039409,0.25745657,1.8405728,0.049816247,0.2553981,0.2318071,0.5365371,0.5491112,2.6209772,2.4763615,0.83101606,1.3471807,0.54107183,0.42763883,0.9784484,0.13474333,1.3481686,0.98424566,1.794569,0.9464214,0.47922367,0.4322843,0.42722866,0.57952964,0.5915995,1.1664368,1.071823,1.8512168,0.7876987,0.8280744,2.1674778,2.8371818,0.6022291,0.25927532,0.08061169,0.27150688,0.6789566,0.18933177,0.2126981,0.47401458,1.4229335,0.5076002,1.723213,2.6196575,0.76001203,0.41971627,0.15411243,0.010850417,1.8584336,0.020736033,0.51742786,0.32673496,0.7009778,2.05683,0.1988526,0.15320042,0.10584136,0.4247048,0.23700987,0.20959313,1.1965001,0.037865628,0.39662528,2.6917942,0.64589965,1.4428935,1.8595577,0.12236649,0.007234915,0.99070954,0.7067136,1.0111756,0.8853055,0.06983377,all_pothole_images\pothole_images_enhanced_9eeccb9119bb8db51273175e0414ab4e.jpg
0.21215682,1.5672747,0.123251915,2.5624683,1.6348848,0.0077650994,1.9696463,0.35321146,0.539611,1.6922629,0.0,0.2545001,0.027362958,0.9438981,0.083324306,0.14628796,0.2606146,1.3888534,0.7540489,0.29026148,0.36549085,1.003919,0.0182158,0.8063552,1.476888,0.0636664,0.033754833,0.98672485,0.054040138,0.8770575,0.32243618,0.014625104,1.4777492,0.40433198,0.21499716,0.9169193,0.047229804,1.0435212,0.07778202,1.0510619,0.7545221,0.07684107,0.10129745,0.4143922,1.3436704,0.0032869459,1.0517828,0.0015741487,1.4092063,0.7426591,0.1010155,0.46249795,0.5322558,0.093791306,0.5112434,0.8496049,3.553598,0.5278451,0.42048675,1.193687,0.103927076,0.1062949,0.53393906,0.1511836,0.096482664,4.9726133,0.4270156,0.10639852,0.8816878,0.65187514,0.09886422,0.17256154,0.1724586,0.012534854,0.8471115,0.10406057,0.27151486,1.0409511,0.010570472,0.28915432,0.0,0.6836088,0.2728533,1.4450622,0.8338676,0.0783076,0.09872641,0.15040562,2.7233753,0.19111088,0.008767861,1.6535112,0.13531849,0.008442895,0.5712176,0.19274263,0.69459736,0.5972966,0.45419657,0.29827586,0.14561336,5.092027,1.7399849,0.0,1.3822094,0.023109801,0.099660784,0.0,0.10683009,0.54402906,0.3505156,2.9801488,0.5648756,0.009645728,0.6750725,0.63279206,0.78665173,0.2829909,3.5106893,0.6830962,0.9613265,0.8881219,0.38417828,1.7753719,0.3365152,0.3750293,0.34646124,1.4295405,0.8330542,0.4113429,0.92279065,0.09424855,0.06354794,0.2774325,1.1627519,1.2189423,0.029726224,0.9583468,0.97598404,0.48563308,1.450961,2.6494627,0.10889788,0.47483462,0.2586117,0.2620039,0.070914805,0.17001064,0.9668074,0.05925517,0.30261946,0.15662444,0.16073577,0.18941303,1.9107648,0.424488,0.25757283,0.11376042,0.05866324,0.41905746,1.7833261,2.2774525,0.8202445,2.1177297,0.93262047,0.2400087,1.2073417,0.53385735,1.5875978,0.8742419,0.9534338,0.0,0.0,0.6752718,0.5178372,0.009088152,0.4841762,0.24677557,0.31054333,0.13609695,0.016312102,2.155661,2.7732635,2.0695846,2.900234,1.2694707,1.0953457,0.3632209,0.2836246,2.0859537,0.7863855,1.38627,0.0030413659,3.04507,0.1641858,0.3346222,1.3677115,1.8871518,0.0028235584,1.1786425,0.036380447,0.0174711,0.30050808,1.0794368,0.09458651,0.32297176,0.38854343,0.09878468,1.1190803,0.76986116,0.012522785,0.0120226545,0.9890353,0.89906234,2.3474808,2.5502481,0.18219435,0.71551186,1.3164195,0.523402,0.04574646,0.7730363,0.115549915,0.47879884,0.0,0.11985755,1.6236274,0.11425448,1.008862,0.08529798,0.024467137,0.0012570848,1.2957649,0.18284284,0.8855569,0.05895576,1.3914555,0.005594753,0.27009237,0.3458002,0.33241415,0.28721255,0.63295573,0.2785836,0.004266347,0.0,2.2030663,0.74963427,0.19492418,5.133609,3.6603541,0.6040829,1.472526,0.5215076,0.30854487,0.19774555,1.0065376,0.2964506,0.8025701,2.5589206,0.19761798,0.5391554,0.67497224,0.7164978,0.038891997,1.0749824,0.50574136,0.14864641,1.5686619,0.15839954,0.5410058,0.0017500048,0.04858648,0.20964783,0.9447605,0.8517103,0.1820579,0.4462084,0.36808345,0.42158133,0.39986274,0.47980195,0.0073675555,0.2989476,0.54740995,1.8063356,1.0986924,0.4511086,2.1897433,0.18588218,0.01977403,0.60392773,0.17609075,1.8108358,0.10099299,0.16817705,0.116177894,0.9965094,0.07528621,1.551976,0.1197587,0.46444196,0.033457976,0.08886976,4.743241,0.029598013,0.35530373,0.4237702,1.1114583,0.33836916,0.2310765,1.6550888,2.4269245,2.7030482,0.30474344,1.3387868,0.04348094,0.4194447,4.4771543,0.078782715,0.49435425,0.25009325,0.0,0.6227985,1.9063249,0.9818911,0.1512977,0.0,0.037685003,0.061106145,3.2860167,0.20273636,0.54327214,0.0,0.081606425,0.011930982,2.0006237,0.053031985,0.4494294,0.7487522,0.18673256,0.87116086,2.4864461,1.286134,1.2957816,0.03678792,0.065517455,0.027090808,0.15586008,0.08278574,0.8658858,0.14366947,0.2603958,0.5733355,0.13457946,0.17508699,0.0,1.5511247,1.990589,0.911157,0.0,0.008525917,1.3605682,0.023815608,0.0003353621,0.22104375,1.9604976,0.7317416,0.03971641,2.3619587,1.4253206,0.0,1.4253535,0.15013243,0.12972377,0.56880754,0.16434282,0.096354656,0.10916368,2.0921364,0.6234506,0.10963724,0.38322467,1.5705055,3.0354216,0.3202918,2.19478,0.09179267,0.0,0.37819275,0.7054298,1.5411336,0.089739,0.53746134,0.004723787,0.056872725,1.2194575,0.83875805,0.8500263,0.020051772,0.079280436,0.23532587,0.047401115,0.38102868,0.041332662,0.13017027,0.34747103,0.7928005,0.29355788,0.010228692,0.19023152,1.0501012,0.0018594672,0.9884351,0.0027207115,0.011801727,2.459804,0.5136548,1.3909907,0.022362242,1.8836185,1.2173171,1.1762626,2.852443,2.0539978,1.008937,1.8512197,0.5030571,0.18424563,1.5179982,0.044862777,0.20737967,0.07364295,0.08575236,0.331062,2.3907847,0.7703362,0.9036309,0.8828809,0.9935841,0.014274551,0.5990899,0.07129775,0.0066652894,0.005369433,0.12299298,0.4937596,0.030193903,0.28450292,1.6478482,1.7298996,0.090499215,0.028190196,0.30812252,3.1953616,1.8859802,0.07330701,0.140377,0.76912695,1.3638159,1.4914428,0.3047227,0.24635735,0.3500313,0.32495677,0.12585585,0.45463094,0.0006394431,0.4717531,2.2960544,0.48761156,2.3595219,0.06866629,0.6743391,1.1384617,1.2758693,0.28137287,1.8176565,1.036618,0.0,1.4052941,1.4881538,1.7359457,0.31886187,0.0,0.39016622,3.2399714,0.035066444,0.9457012,0.0,0.06760406,1.6944486,0.13410582,0.01014107,0.10353089,0.025720922,0.5300752,0.40967348,0.108672775,0.07314785,0.32291526,4.793071,1.7051122,0.081576206,0.46845552,2.3294814,0.14472185,0.7856855,0.5352826,0.22589178,0.65614754,0.5437287,all_pothole_images\pothole_images_enhanced_9f5f4dcac0242814984f1a7a15b8fc2f.jpg
0.7484891,0.11759358,0.16946611,1.3592672,0.015064503,0.17024298,0.13054715,0.33301905,0.28248346,0.44188073,0.20913947,0.077846736,0.31801143,3.3459547,0.18014659,0.12632261,0.00037763148,0.097467594,1.4829477,0.5364527,0.9230568,1.5304182,0.14942603,0.12449416,1.9919075,0.33751422,1.4337806,2.1580992,0.07193834,0.042918842,0.84417677,0.3728103,0.0,0.1754487,0.40476266,0.058989085,0.6660528,1.5168523,1.100781,1.2662963,0.0013652524,0.07104888,0.77579576,1.2512759,0.43771034,0.11839524,0.2240268,0.006103726,0.63204557,0.8612387,0.23830347,0.48028797,0.057936482,0.061840508,0.0,0.18678471,0.46488774,0.99766666,0.00823255,0.104431756,0.20200776,0.49164215,0.31360003,0.039976977,0.65705043,1.7338208,0.053346418,0.07224566,0.15376467,0.040890712,0.123553246,0.17963931,0.10096686,0.3821488,0.24121818,0.2977563,0.11050254,0.5004935,0.0,0.005775675,0.0,0.015614416,0.21181293,1.746387,0.13334604,0.3010719,0.3403824,0.41228017,1.8024755,0.25661322,0.09091833,0.33611467,0.13129133,0.577902,0.02890413,0.0,1.338093,0.34336057,0.7029676,0.229742,0.22930025,0.42193604,0.19458093,0.0,0.17437385,1.058867,0.27454168,0.48421368,0.025767135,0.983846,0.0031828186,1.0992001,0.16579966,0.14794031,0.22171485,0.20105514,0.895732,0.09388448,0.9143925,0.68831795,1.6777467,0.1102007,0.2855453,0.38079396,0.61558384,0.52542746,0.42100593,0.6393158,0.16075695,0.89762753,0.4357031,0.07735912,0.003500303,0.32579875,0.12715657,0.2490435,0.25161916,0.7926938,0.5689837,0.0,0.045904897,0.11797754,0.306713,0.21827567,0.01324359,0.0759835,0.9309833,0.04522396,0.22049601,0.13752413,0.027674489,0.05565318,0.2524578,0.23902495,1.6361899,0.9876374,0.36998013,0.36196187,0.7475358,0.32815948,0.73327404,1.8733644,0.29126114,2.334238,0.09987694,0.4010448,0.69879055,0.07641544,0.8920218,2.0595658,0.096052885,0.0,0.6025553,0.0,0.3046496,0.0,0.027251458,0.07911087,0.006397294,0.25396967,0.28158382,4.671968,1.013776,0.7396732,2.9213994,0.6272896,0.60011685,0.046632245,0.32092506,0.5927949,0.010626206,0.64557195,0.014157153,0.58144003,0.88799214,0.09243864,0.9951281,0.5955492,0.66121083,0.09542511,0.9696552,0.11875816,0.45270705,0.9282031,0.89229417,0.3856004,0.19116466,0.4620082,0.6723318,0.67341787,0.009062375,0.00813406,0.51964915,0.406424,0.8906484,1.4061353,0.3768339,0.22628072,0.0011432763,0.6957535,0.67164207,0.4395733,0.6289128,0.060422737,0.010475075,1.0091951,0.22224236,0.006021182,2.8418684,0.77368546,0.7960113,0.21252997,0.022953928,0.54312766,0.16124344,0.0164623,1.0609078,0.009537381,0.3888251,0.67797446,0.30071193,0.15346828,0.06924214,0.13310732,0.18829778,0.005232334,0.39101106,0.36951885,0.10707935,5.5983458,0.85882723,0.20120583,0.16145562,0.4786527,0.05479954,0.062379334,0.13404562,1.4792117,0.30933806,1.0283157,0.5876176,0.46994975,0.625755,0.12403613,0.38653696,0.9709947,0.7022331,0.4888715,0.9678623,0.121455096,0.09133545,0.025970278,1.227091,0.3884395,0.35760498,0.64565486,0.42314795,0.25465697,0.057547703,0.2228777,1.0123082,0.35765845,0.91066486,0.0,0.28086156,0.26055884,0.2346419,0.5754076,0.22668388,0.5355383,0.11551401,0.00058261474,0.08482851,0.0364156,0.039217528,0.68741745,0.7043253,0.32719427,0.02564148,1.5722687,1.3918321,1.2383687,0.13141523,0.5495061,3.9302723,0.29921708,0.29629686,0.24852863,0.007913182,0.31713417,0.9415358,0.040740035,2.5521524,1.1792823,0.05768643,0.0005393353,0.0068721497,1.3420457,2.8802927,0.8295204,0.0061878925,0.0,0.2631909,0.47309396,0.7947904,0.22851118,0.4319124,0.033789787,0.06853731,0.1611356,2.7095504,0.23396982,0.4025931,0.04760671,0.44603682,0.20235783,1.5413699,0.47924727,0.18175253,0.6638317,0.0042699724,0.0016600107,3.087023,0.64444566,0.35273683,0.44014853,0.12813118,0.14991586,0.052217424,0.8531728,0.24283347,0.117993765,0.27789992,0.22227223,0.07066332,0.2711789,0.028905688,0.9322577,0.037820354,1.6024461,0.18098688,0.2746048,0.017751405,0.28191707,0.19301386,0.0,0.81446075,0.2653828,0.023549672,0.00074189814,1.6413153,0.48666894,0.04886555,0.22838198,0.23674431,0.18884407,0.020599214,0.19185399,0.61779225,0.08389341,1.1987917,0.0,0.36817876,0.7170474,1.6307781,0.88944376,0.6124843,0.0015640075,0.21957423,2.9239178,1.1607866,0.74227524,0.04559277,0.3327712,0.002643981,0.28889784,0.5938287,0.6294604,0.24513884,0.017999504,3.210177,0.75382155,0.6695186,0.17634177,0.74608773,0.014733108,0.4056222,1.6755071,0.698622,0.11499956,0.8356604,0.36860007,0.3472712,0.62288946,0.025911525,0.2767977,0.18838115,0.20868912,0.069379814,0.08174137,2.0745962,0.012372668,0.35320643,0.58933103,1.0431539,0.027356992,0.6923602,0.28821304,0.24893324,0.5715885,0.03520624,0.66706336,0.53398854,0.10218225,1.1383497,2.3428538,0.5357889,0.34754345,0.8513713,0.0,0.63423944,0.20909652,0.39319438,0.3931511,0.0075976592,0.050868742,0.037587848,0.212742,0.07098674,0.89876926,0.99441475,0.42022946,0.75754553,0.3426509,0.4002838,0.8709137,0.83071136,0.018446337,0.50853944,0.9514448,0.75925165,0.11461937,1.2924948,0.0,0.15588723,0.16980149,0.33860135,0.14218208,0.49628735,0.8263162,0.1336428,0.16469634,0.21145625,0.0186557,0.5452989,0.07192632,0.27318993,0.33954537,0.022440078,0.08158932,0.12898535,2.180712,0.69791985,0.0006417156,0.25824115,0.032147955,0.0015118234,0.0015084781,1.4233384,0.06558884,0.065919854,1.2679639,0.009742767,0.9704161,0.008831051,0.10157194,0.021023566,0.13031793,0.010632471,0.068115935,0.29314053,2.5536199,0.85022795,0.012238884,0.4094281,0.67706126,0.66278344,0.31652564,0.09053924,0.79571265,0.98977464,0.10087245,all_pothole_images\pothole_images_enhanced_9f7dd86cb5d259a1d602d9bacb02aaf0.jpg
0.37993705,1.1457919,1.2185094,1.6713468,1.1080186,1.1092722,0.34313333,0.113607794,0.27713165,1.1272217,0.32151315,0.58955926,0.13673225,0.1711394,0.42038345,0.20960255,0.31283653,0.032065284,0.93527484,0.20279905,0.38028362,3.004463,0.6044737,1.0660324,1.0692883,0.50005704,0.34887713,2.3638186,0.22300301,0.046083745,0.85650384,0.09454768,1.2251713,0.64403886,0.39143765,1.5553492,0.30314147,2.0714326,0.8618385,0.93472797,0.0010428965,0.011569406,0.870238,1.5583172,1.6593772,0.15457648,0.13109717,0.29379934,0.21193682,1.256649,0.2698392,0.4812329,0.21439883,0.8997236,0.010832545,1.0432812,1.8417966,0.18831769,1.046421,0.2046787,0.26940772,0.6198381,0.6229492,0.11492616,0.26135913,1.9179451,0.5845411,0.18413018,1.255388,0.53044724,0.23636577,0.1127961,1.0661194,0.055817068,1.1831142,0.725688,0.3417757,0.89435387,0.3975907,0.5511954,0.18840049,0.026934186,0.4172926,2.5676885,1.6559291,0.41102096,0.44627318,0.53549314,2.9322186,1.4682144,0.3250027,0.089158535,0.165365,0.052122373,0.30635828,0.24485502,0.91501474,1.5340962,1.301134,0.113675416,0.19271602,2.1508944,0.6244949,0.4801191,0.258187,0.44981807,0.11401941,0.26699242,0.19221541,0.15208614,0.380299,3.2703521,0.0803034,0.10658284,0.28981224,0.09100651,2.6861684,0.2757888,2.3992648,0.94738734,2.3835256,0.3435042,0.21374515,1.9169502,0.50791156,1.0896071,0.43436068,1.4373392,0.8925568,0.22039105,0.84057844,6.451606e-05,0.756629,0.440282,0.22724211,0.8972482,0.29280993,0.62776893,0.5238927,0.3610501,0.22059187,0.42782757,0.16047198,0.739548,0.21176678,0.9878719,0.3437227,0.13216904,0.30946082,0.74290794,0.9578116,0.5092164,0.082826875,0.3074803,1.5290681,8.161822e-05,0.56435084,0.5417091,1.2347623,0.20597057,1.6996624,0.5505631,0.009294223,3.2420647,0.016450172,0.12407365,2.9536152,0.14388004,1.5182233,0.2985878,0.6345015,0.014747362,0.016284768,0.48560223,1.2550496,0.18998925,0.5184046,0.00071865204,0.0655844,0.7300472,0.006938693,1.3845211,0.18751255,1.6161075,0.9717182,0.54468155,0.8899188,0.24694984,0.55741876,1.8607391,0.002532086,0.52740276,0.03955597,1.9483111,0.19376743,0.3287857,0.6944113,0.5209702,0.40865797,0.5856758,0.11348351,0.40295947,0.20374574,0.2820637,0.783419,0.2876846,0.63984734,0.5442508,0.6800073,0.091405995,0.027208328,0.21935534,0.64146847,0.37956268,0.7968524,0.95176274,0.14727652,0.14392829,2.5999665,0.21858518,0.8098707,0.051890954,0.13506477,1.4361045,0.3098347,0.24853347,0.48472917,0.7759825,1.338898,0.065013364,0.24921574,0.016239388,1.8635274,0.2601837,0.36329848,0.056594633,0.74713224,0.1102713,0.0,0.005185912,0.093681335,0.2216485,0.34170035,0.13539428,0.2736772,0.05093191,0.2757104,0.19492196,0.688688,2.427373,1.2556175,0.4160435,0.36013678,0.6694471,0.1968886,0.05835184,0.33206904,0.088047855,0.31314525,1.7390803,0.35057804,0.0020722782,0.11519443,0.10609863,0.29654902,0.9995929,1.7345552,0.42551607,0.41767463,0.4379907,0.2640129,0.7736054,0.21730937,0.7399657,1.0474412,1.1673748,0.14852849,0.019372184,0.85528564,0.6678314,0.42950603,0.19428091,0.3893046,1.2030855,1.556991,0.91719997,0.94861096,0.35405415,0.85758936,0.44353476,0.08342693,0.3038201,0.30780548,0.94215703,0.23333767,0.05799043,0.7142654,1.3491516,0.6030441,0.94643366,0.38695604,0.1330376,0.24718761,0.8722352,2.9975529,0.5794968,0.15250404,0.43952096,0.9934863,0.11466391,0.86599004,0.20210263,4.5952,1.2669938,0.228274,0.72220266,0.4506846,0.54010326,2.0421727,0.05901566,0.31772214,0.7871932,0.3020492,0.23702717,0.20926622,1.9111345,0.46400872,0.20874082,1.0303209,0.4016228,2.8280258,0.78323734,0.31383735,0.4470622,0.041800883,0.4158252,0.053046443,0.24941358,0.6827265,0.0070210514,0.16630328,0.108705826,1.5423645,0.0057309745,1.6358155,0.4213066,0.103942454,0.010497134,0.05829963,1.1946523,0.45182043,0.5148702,0.54441047,0.55991954,0.24069393,0.44480973,0.2913328,1.1976144,1.0269554,0.74933,0.033556733,0.32369226,0.47517082,0.064997226,0.24926618,0.89772046,1.1109878,0.062052637,0.5084811,0.5162812,0.7900097,0.37365067,0.5721662,0.08137237,0.84543186,0.5889112,0.3703463,0.79393643,0.06880234,0.32576808,0.40976638,0.08027872,1.8921297,1.0102371,3.554358,0.9560819,1.3797574,0.012842862,0.30409923,2.1886485,1.1042004,1.853152,0.2889434,0.33102614,0.22936569,0.0048826714,1.7312012,0.086297385,0.04907573,1.001618,3.6484325,0.0006157455,0.5020605,0.5200498,0.90567964,0.0033027553,0.22747423,0.5402205,0.09719717,0.038304996,1.293154,0.08878802,0.38612977,0.34289238,0.80205846,0.011293829,1.1662599,0.12199043,1.0731971,0.06154828,1.9684705,0.818571,0.4255969,2.4287002,1.7483782,0.037206173,0.19982582,1.2004615,0.153204,1.4544166,1.1631318,0.059093505,1.0069417,0.4854062,1.2568381,4.111124,1.4286766,0.5346211,0.4672217,0.14525385,0.095399566,0.29158455,0.22514705,1.5366099,0.7041864,0.11775541,3.0074682,0.7850782,0.5817016,1.3855174,1.5810757,0.8172343,0.95962954,1.3697317,0.71221083,1.7648759,0.4638942,1.7688035,0.4866116,1.2097905,0.6342748,0.5536436,0.2888231,0.082373425,0.34028345,2.197583,0.2797543,0.53803885,0.7961963,0.71965396,1.144288,0.72401845,0.16694833,0.5588707,1.3550676,0.4437162,0.20992573,1.7650564,0.47713274,0.73948973,0.9260361,3.9099998,0.43035448,0.64533836,0.10538608,0.13133112,0.57676816,0.30795312,0.2711249,0.45608318,1.7769557,1.3115226,0.51622885,0.38362375,0.026677871,0.15528145,0.008951264,0.4044499,0.25791064,0.122849375,0.05833092,4.6371174,0.75477886,0.57188654,0.7972717,0.48272875,0.027826563,0.63412917,0.6734083,0.33612442,0.058686923,0.7545837,all_pothole_images\pothole_images_enhanced_a038ac3a40a878c59585f87f407cc607.jpg
1.4994488,0.93607515,0.6142392,2.0828574,1.0300939,0.5314095,2.4631872,0.5884684,0.20984341,1.2968109,0.4025135,0.9145824,0.028038004,4.4468546,0.55586725,0.3585756,0.16717428,1.4087992,1.274,0.05241787,0.543371,0.8410658,0.83934987,0.94735295,3.040491,1.0996791,0.88051385,3.7007883,0.8342318,0.15826522,1.706146,0.12339933,0.9718896,1.364342,0.43522948,0.3731615,0.3265558,2.0685945,0.13168313,1.025385,0.028678723,1.2852166,0.53061515,1.6595374,0.09983627,2.0204,0.42249274,0.0037858193,0.9690979,0.7097733,0.44332156,0.79113084,1.285034,0.024054725,0.28802755,0.70828325,1.70062,0.09393454,0.62959206,0.56897306,1.5248146,0.053320058,0.40770164,0.19884999,1.0563469,1.9011775,0.06939732,0.19971962,1.581253,0.34364793,0.6876771,0.27130055,1.2073752,0.27294254,0.4093125,1.5936335,0.46359968,0.16449334,0.74331635,0.34994802,0.20890239,0.5954413,0.925531,1.2387639,0.23062426,0.78969276,0.08877215,0.7377338,1.8707237,0.4220317,0.3047068,0.5401488,0.45022023,0.77157444,0.31363454,0.38478613,2.4577389,0.18239938,0.3019147,0.80466723,0.084271304,2.606723,0.77331775,0.36806387,1.5997148,0.38704914,1.0338582,1.0637932,0.8632009,0.25498503,0.011571853,1.6666783,1.419122,0.43732008,1.7223716,0.12439233,0.69587886,0.8095224,0.28858054,0.51174414,2.5548384,0.6977279,1.1329149,0.41227657,0.99107766,0.0,1.2854344,0.22791551,0.13518775,0.26523557,1.0835426,0.57584006,0.10860187,0.51430243,1.0262082,0.6882774,1.0095885,1.443311,0.70048445,0.1952371,0.7600441,2.0417867,0.37583518,1.1722628,1.4830389,2.0255725,0.12951384,0.39440808,1.0273129,0.359309,0.603463,0.7866151,0.09156027,0.5128282,2.011666,0.6864006,0.3895231,0.6496101,0.6121691,0.5592821,3.2008498,2.7278318,1.2129345,3.0485566,1.4258893,0.08163869,0.6056489,0.31292,0.74671555,1.6123713,0.82975376,0.07504035,0.21460637,0.48137653,0.55985844,0.019645916,1.6100969,0.14999726,0.4788371,0.27464244,0.15950683,2.7245119,2.4778445,0.5874656,0.9461531,0.9873984,0.82671225,0.50607514,0.5461394,0.5654959,1.2064604,0.13787563,0.17890735,2.0021017,0.52978206,0.10663742,0.5076873,0.8130359,0.2593015,2.41326,0.65822756,0.97727764,1.4488108,1.0784314,0.5320794,0.17311524,0.17409064,0.16641471,1.3069745,0.59919244,0.46919227,0.84040195,1.8357135,0.11722367,1.3842652,1.6929811,0.953906,0.3731245,0.96223944,1.0291423,1.1637315,0.8174558,1.7881964,0.009153156,0.66555095,0.9111936,1.9766839,1.0391388,0.46518865,1.297187,0.88914573,1.7916399,0.24395843,0.32252136,0.4416228,0.23066178,1.8634644,0.5255341,1.1906352,0.103581846,0.9595676,0.27978572,1.1172683,0.53705114,0.04182019,0.026114784,0.7099068,0.9391954,1.1670469,4.115484,2.1345785,0.12990846,0.6400293,0.63956994,0.0,0.79449207,0.194087,1.1441662,2.093466,2.6262424,0.9803185,0.73465323,0.6378968,0.3751981,0.2801089,1.1536005,0.928966,0.17239787,0.92717296,0.57666993,0.7152562,0.22920218,0.7403192,0.4485873,0.6562956,0.8343898,0.7662372,1.8320689,0.49161264,1.610258,1.096023,0.085280195,1.2681712,0.6957834,0.98807716,1.1621798,1.6851697,0.58845794,1.6525128,0.50785977,0.046361923,0.13019295,0.96992147,0.122344285,0.57340145,0.32575443,0.6230726,0.93235046,0.008526482,2.7560089,0.8426486,2.0102282,0.02024733,0.0043283342,1.6772679,0.32654983,0.3509973,1.2471036,0.0,0.5399814,0.7389656,1.6421453,0.8341121,2.0810838,0.19034,0.56425005,0.3387535,0.9545101,1.1896726,1.1093348,0.6919147,0.44416833,0.6326739,1.1346674,1.400742,0.53369683,0.17757982,0.62509066,0.4646837,1.6789335,1.6316468,0.32448107,0.0,0.9335229,0.98965096,0.54387796,1.9195447,1.2297552,1.1852213,1.7320476,0.17943841,0.79136986,0.9295679,1.3794001,0.73204803,0.076300584,0.4285219,1.1597124,0.6464017,0.2886512,0.28748924,0.9316386,0.7659918,0.28003058,0.26918066,0.382968,0.28905442,1.4380733,0.36277816,0.45536703,1.3083085,0.012390097,0.6951714,0.84684527,0.03599943,0.005765168,2.01642,0.603431,0.7130316,1.1764442,1.2447194,0.3166941,0.6682367,0.61345404,0.17566754,0.05424316,0.0,0.4738075,0.66807544,0.21983835,1.5945797,0.15344451,0.08333156,0.38504145,2.1060073,0.43848604,1.0421572,0.15974188,0.11344151,2.5679138,1.1243075,1.6227409,0.2623843,1.2393025,0.66220987,0.45745304,1.4400177,1.2940844,0.44091523,0.30496505,1.3677567,1.0265566,0.8782385,1.0749283,0.28177744,0.26026905,0.1597816,2.143414,0.5019358,0.15840091,0.5839606,0.8186071,0.076856084,1.756193,0.0010851754,0.69748414,0.6550964,0.97585464,1.6189824,0.0007265235,2.340345,0.9482204,1.6561136,1.555064,2.5064802,0.10161131,0.54814744,0.41902286,0.2930283,1.0029744,0.14173344,1.4427624,1.3879818,1.9001623,1.1737849,3.0184,0.6013572,1.0322053,0.22093461,0.34743172,1.9047676,1.0220267,0.091822505,0.02357158,0.0,0.0079105245,0.37353787,0.583737,0.04976413,0.25022352,1.7755932,0.27767536,0.19108869,0.6564139,1.0982925,0.20484258,0.645484,0.19084893,0.040584315,0.8134387,0.7487776,0.7438381,0.62548625,0.080416024,0.52438223,0.33746758,0.9617054,0.16723493,0.91583914,1.2132316,0.20794919,0.5731755,0.5924638,0.34350958,0.74184406,0.8120323,0.831128,0.40045002,0.83564556,0.18110518,1.3989731,1.3038081,0.6354614,1.1661973,0.03801726,1.1144836,1.0507543,0.40971696,2.0133243,0.03783706,0.62835044,0.913707,0.98805135,0.103234604,0.7100526,0.1875018,0.8527078,0.062313434,0.69364816,0.75335056,0.24326316,1.442978,0.8954091,0.9744799,0.221149,0.20596053,0.23884332,0.7499598,0.12323418,0.11139886,0.051666077,0.885984,all_pothole_images\pothole_images_enhanced_a07271d8b7d2fa6d19862c3e45163eb5.jpg
0.016544133,1.0842097,0.044091914,3.2401173,0.37479597,0.078206964,0.27805504,0.0072430116,0.31040317,0.14035593,0.5698318,0.48698768,0.44797128,2.682001,0.0029780085,0.63990074,0.10780183,2.3928049,0.61130685,0.45409876,1.1884781,0.033576924,1.3975179,0.6800964,0.89587086,0.0075028087,0.61887324,1.531708,0.096876085,0.06269593,0.05495972,0.22767997,0.010829509,1.912197,0.10599826,1.5144445,0.042988934,0.020249058,1.840734,0.0,0.0,0.97341055,0.11546288,0.65123683,0.0,0.6061763,0.13829531,0.28572723,0.45602563,0.46995902,0.9590959,0.89978117,0.006491137,0.011176989,0.7056894,0.430996,0.3901193,0.26528975,1.5326666,0.22659953,0.10937915,0.21387112,0.46679816,0.4274698,0.77070165,0.8214002,1.0150416,0.32526663,0.23838775,0.34292227,0.02222044,0.22785889,0.35400093,0.0019579628,0.15085445,0.0,1.4103857,1.0862921,0.0,1.2883521,0.024415469,0.13188098,1.0939245,0.66863203,0.13346006,0.0028907787,0.026095292,0.011244811,1.5639312,0.09214907,1.0907372,1.1921028,0.104108915,0.4906604,0.4682497,0.10627135,0.49623254,1.550466,0.0,0.32344908,0.08719861,2.0412433,0.25716832,0.13185662,2.3626037,0.57668173,0.7020333,0.0019155415,0.16692771,2.006748,0.12951116,0.1227117,0.1125781,0.42589968,0.16153878,0.3933312,0.35473394,0.41099542,1.7605481,0.048116412,0.56924975,0.13609552,0.009590455,0.23753841,1.1405205,0.7415249,0.014078212,0.23387568,0.06963578,0.21955149,0.43487453,0.54905593,0.0420816,0.27885473,0.11107299,0.559228,0.0043303855,0.007991492,0.008589557,0.11515103,0.67075074,0.006179897,1.1022043,0.14456002,0.025280284,0.06831185,0.34194732,0.29542094,0.17450613,0.0048866514,0.055043954,0.28153482,0.09077533,0.024615815,0.9439148,0.568455,0.4695844,0.52819854,0.32430184,0.53815,1.3781209,2.3835855,0.016171215,0.38077533,0.6073272,0.14121275,0.5819643,0.017630596,0.68237966,3.2053297,1.2892326,0.23974591,0.06410328,0.05202146,0.16151142,0.37459263,0.09876268,0.0,1.4014709,0.045503948,0.0,1.9696546,1.2993283,0.50467,1.923026,0.39098346,0.96828514,0.8992599,0.5598529,1.4595914,0.8530201,0.22692135,1.0177134,0.9301239,2.0115309,0.016067542,3.0633202,0.9095956,0.9258026,0.009238273,0.0006210917,1.155462,0.22449847,0.37430757,0.19950308,0.41014284,0.26711982,0.1443743,0.7951804,1.0665214,0.037951984,0.07292585,0.31155217,0.064603135,1.2837975,0.06553754,0.810405,0.15222606,0.12017741,0.8246413,0.4833044,0.89145267,1.0854769,0.0885856,0.0,0.00691577,0.3457815,0.0,2.5724604,0.01040229,0.060633913,0.010457237,0.7081199,0.018492049,0.08768889,0.06230981,0.96270114,0.358724,0.053899735,0.3398742,0.048762854,0.0,0.23094165,0.0,0.23959598,0.17430848,1.3797383,0.278923,1.8508707,6.4714546,0.8552251,0.4764208,0.04245449,0.04876309,0.1423048,1.6706173,0.020414619,0.98977387,0.41219246,1.2072958,0.16247755,0.3119072,0.30009046,2.04101,0.0,0.19884734,0.31951603,1.0563288,0.51081306,0.094741404,0.43633923,0.085953936,0.99407965,1.822848,0.3651548,1.9517149,0.49183533,0.012413001,0.77852315,0.016190298,0.36766717,0.75636214,0.12573305,0.13651392,0.00025477624,0.4514987,0.1723141,0.02905558,0.0015406839,0.04977917,0.11927342,0.90352815,0.009227792,0.96556276,0.65485734,0.13666639,0.6339299,0.32014212,0.042912677,2.8485487,0.17911403,0.23416694,0.123616524,0.0,3.3364434,0.105052866,0.70513403,0.0116308965,0.3433774,1.5480919,0.56949824,0.74582595,0.5510178,1.5792884,1.125771,0.035258964,0.6356757,0.8252635,7.6529927,0.51676697,0.81072927,1.5947872,0.01803435,0.13396852,0.08419051,0.21337487,0.39326772,0.007539332,0.04487189,0.7154462,0.7226248,0.57938355,1.615669,0.49305663,0.0,0.004028175,2.400518,0.08831831,0.15117446,1.9270852,0.23530805,0.05868853,1.6138723,2.579719,0.8790322,0.006308788,0.39742234,0.21674903,0.3146223,0.21212997,0.7352159,0.11532708,0.08658258,0.77949476,0.06548007,0.5133536,0.032323543,0.907601,0.08121209,0.94391835,1.4793473,2.104574,0.8099958,0.20083672,0.04070527,0.0037869324,0.65316546,0.22418858,0.32882574,0.1784769,0.064628355,0.6316413,0.93090945,1.6480021,0.20737064,1.452209,0.39278457,0.30847123,0.25776318,1.2758484,1.4711823,0.0009657834,0.13161746,0.3675481,0.14691629,0.1573657,0.7909238,0.007717371,0.16116019,0.3326194,0.907694,0.13604954,0.0,0.7234223,0.0,0.38620338,0.13089775,0.4371347,2.452893,0.034810655,0.09503274,0.6319815,0.033601616,0.044153724,0.5278123,0.005405669,0.99696237,0.88017195,0.025187494,0.6453723,0.0008092667,1.062966,0.09973265,0.00010194479,0.11041318,0.14641477,1.6347104,0.6085051,0.227003,0.00697579,1.0227406,0.614839,0.010140387,1.5931193,1.5151865,0.14262679,1.3342042,0.0,0.1092819,0.039817467,0.19284879,1.0974177,0.0,0.07053001,0.046159957,0.19261423,1.3726094,0.06107757,0.026337063,0.12881775,0.43608278,0.5353412,0.06778924,0.0,0.103443556,0.048333976,0.19089235,0.054830395,0.5843855,1.5016983,3.4250052,0.36311466,0.09963774,0.07565942,0.08806795,3.543181,0.1494854,0.0,0.031531826,0.6028124,1.5330324,0.14784205,1.128633,0.112139545,0.14299761,0.11728152,0.8617214,0.033353504,0.016296605,0.002825786,0.5813152,2.2198741,0.12180918,0.008326335,1.6310964,0.90827584,0.35078815,0.041865118,0.8711095,0.2575813,0.66547185,0.5703772,0.60168254,0.23578781,0.38441506,0.044342566,0.8125385,0.07681743,1.5319043,0.056855448,0.8762016,2.1841648,0.02383343,0.67196655,0.009831889,0.0,0.018699626,0.0,0.0130189005,0.033744816,0.3711359,0.9040952,0.084217146,0.67425436,1.278503,1.0393798,1.2597446,0.4859471,0.07334615,1.0567158,0.1104182,0.6488308,all_pothole_images\pothole_images_enhanced_a0a4fa390add77136808bcc568ad8ea0.jpg
0.098449975,0.2952102,0.014021791,2.4482698,2.234043,0.26278713,0.6996156,0.30121967,0.32682157,0.8448051,1.6107016,0.40306705,0.14730653,1.5187502,0.0,0.71597517,0.044994306,1.4270889,2.0962195,0.33934355,1.4600711,0.1398543,1.2707168,1.4505774,0.8158059,0.081795126,0.12609844,0.9955872,0.30170262,0.06177744,0.046030473,0.03401176,1.2909119,0.22245254,0.10046302,3.3716466,0.4198638,0.67965317,0.9003375,0.0031998297,0.10150452,0.7176048,0.17158815,0.1882452,0.6430155,0.78495467,0.5536189,0.057004355,2.1258888,0.32278618,1.040246,0.7384231,0.0,1.5496668,0.6088926,0.91320837,0.82958275,0.013621632,1.2800763,0.07548473,0.40013537,1.0743312,0.897537,0.13788547,2.0349996,0.87784374,0.5284196,1.1503938,0.9260796,0.17836332,0.6685123,0.46191278,0.11312183,0.07031085,0.03750735,0.0168978,0.93149734,0.84933686,0.13068081,0.46408734,0.21431728,0.21404822,0.27684987,0.7992916,0.055838075,0.085419685,0.053916194,0.033339635,1.4213035,1.0144683,0.31866983,1.6033846,0.883386,1.3281068,0.61038274,0.036140565,1.2924515,1.0753919,1.159641,0.8833962,1.1008013,3.3255858,0.042404097,0.0,3.2154036,0.0055098385,1.0024518,1.3564973,0.6110847,0.93213093,0.2151362,0.0,0.2851057,0.3998914,0.6082443,0.64893514,0.30773404,0.26213726,4.3152766,0.9346475,1.2232343,0.09052001,0.61931795,1.3458644,0.78281206,0.09544021,0.10028004,0.4948913,0.4903654,0.3947453,0.5217351,0.69639695,1.4424837,0.26467633,0.29887527,0.6588502,1.0413014,1.0725174,1.5711632,0.022616172,0.24590215,1.3424377,0.05904263,0.22994362,0.46924654,0.46739477,1.5597467,0.27950257,1.8234087,0.57146126,0.0,0.5056695,0.67339534,0.48314756,0.97545063,1.1285771,1.2866256,0.17526112,1.1467565,0.7690521,0.60923356,1.4084432,0.2957494,1.7196263,2.0673838,0.9067505,1.0356457,0.12028866,1.9564464,2.2136462,1.6311848,1.201344,0.3658951,2.040694,0.080290645,0.0059735836,0.44824383,0.07116011,0.07233011,0.12930724,0.27702335,1.5759424,0.71382195,0.34757295,2.1744378,1.2966026,1.9614877,1.6803564,0.2816599,1.4038694,0.087852865,2.4967813,0.012007485,0.6614666,1.5639665,0.6176791,3.1361604,0.4052809,2.0270092,0.02941271,1.0349678,0.5378465,0.41736037,0.021641837,0.676724,0.13324365,0.53458536,0.0029216786,1.721094,0.7828782,0.6463879,0.11498774,1.5707395,0.15528643,2.0735788,0.62892735,0.12849624,0.14967468,0.19412208,0.74861395,0.72083634,0.4384307,0.97545487,0.04428066,0.021668453,0.31404898,0.18307002,0.19660078,3.4336908,0.4666653,0.12775135,0.070932366,1.1959656,0.24876365,0.5200476,0.26646233,1.0205584,0.5230098,1.2377201,1.9851413,0.19076717,0.056316968,0.07065581,0.8213421,0.57499886,0.13439533,0.42666733,1.2350093,0.72192997,4.6072702,1.0036973,0.14078355,0.08645724,0.14373222,0.5668503,0.19594552,0.27879053,1.6217829,0.42307383,2.5692687,0.9517571,0.04930818,0.655788,2.5369658,0.31736347,0.049892407,2.0947502,0.13977325,1.6062688,0.21218061,0.09384091,0.09088483,1.6812694,0.0641846,0.599536,0.659794,0.87393343,0.21784747,1.354762,1.1127926,0.098866306,0.60837173,0.7945558,0.11052383,0.0,0.89346963,0.8630797,2.2395623,2.317836,0.9724432,0.0051520066,0.25134382,0.059504215,1.509071,2.601096,0.23471287,0.05153572,0.36818683,0.56917226,1.2828656,1.1339949,1.7638154,0.5636917,0.021007499,3.6264877,0.726703,0.36999232,0.063077,0.93615687,1.1899607,0.31246212,0.029842587,1.9134122,3.1635766,0.14724822,0.09559919,0.15088412,0.5014483,4.793751,0.4750466,1.2613266,0.042575017,0.46188027,0.11694455,0.37141716,0.27952716,0.2293047,0.4465012,0.15720268,0.5990046,1.0546508,0.30478317,1.1737659,0.9201005,0.17491734,0.15997732,1.5951173,0.64391667,1.1052066,0.3903036,0.8243955,0.2700326,3.1480052,1.8732694,1.4452007,0.92572176,0.8962202,0.14057645,1.1441904,1.6383458,0.6345426,0.060164824,0.0,0.8184037,0.82597435,0.3693765,0.2634833,2.6432111,1.1563642,0.114553235,1.2624047,2.3680718,1.0943867,0.39206433,0.15094118,0.24755542,0.32958677,0.30096716,0.01847716,1.5037988,1.2959255,0.28757012,0.7484037,0.40619743,0.43083206,0.92341477,0.22940674,0.0037874046,0.21955785,0.5483028,1.6216891,0.0,0.23511861,0.45025247,0.21696378,0.010998127,2.8374734,0.50140494,0.3851114,0.9309563,1.3722332,0.22621076,0.15125531,0.54582417,0.0,0.23210685,0.18135941,0.28120878,0.8711412,0.008629265,0.5714713,0.9213146,0.28418055,0.11471841,1.249426,0.006720738,0.66946584,0.6129029,1.3871131,0.3590576,0.017272636,0.011177478,0.030017005,0.78588444,0.69345,0.5867786,0.42844638,2.7564588,0.7444184,0.3262165,1.6102107,1.1378953,0.39937776,1.2840745,2.6803246,0.76557857,0.38297528,0.7346132,0.7272334,1.2244722,0.2752335,0.014234231,0.29553953,0.13224958,0.27334657,0.3765796,1.4309739,0.37929323,1.2861651,1.1516352,1.1210259,3.8142416,0.67412156,0.0027485692,0.007692103,0.46934262,0.3605538,0.069464296,0.23427083,0.95764405,1.5350852,0.31814903,0.6505936,1.097794,0.4970138,0.27791616,0.41394278,2.2153435,0.4644558,1.017112,2.0266418,0.41887182,0.5399899,0.04633234,0.25055394,0.5754478,0.43628395,0.07349445,0.19739561,0.1908166,0.18115132,1.4101951,0.20929544,1.1014053,0.58615655,0.095940664,3.417781,0.26700267,0.5625422,0.014237954,0.007451848,0.9505127,1.2061807,0.54692364,0.6811003,0.1307824,0.0582901,0.08114393,1.4334972,0.5665122,0.32980323,0.95358086,0.07481156,0.045898408,0.0,0.0,0.015272971,0.024810381,0.0,1.8193634,2.5859525,1.9296398,0.76801515,0.00546666,0.31146616,1.8352728,0.7566465,0.13897155,1.4711534,0.28703523,0.13128194,0.59161973,all_pothole_images\pothole_images_enhanced_a1375dfedc1a1a716ca6db984416927a.jpg
1.0151483,0.087767065,0.06629027,2.0860076,1.7835894,0.25170398,0.7134477,0.0,0.25873953,1.2641135,0.82284987,0.17784496,1.0162534,1.5717658,0.065728895,0.23654038,0.055594277,4.110874,1.4026698,0.98537,1.6190776,0.11600292,0.7614606,0.9166112,2.629306,0.6046489,0.029880984,1.7792693,0.0,0.055651207,0.5181891,0.9734478,0.45241,1.4588696,0.18824877,1.7130148,0.0698392,0.99333864,0.4021166,0.27780148,0.11422278,1.3922598,0.2491752,0.9373338,0.10242483,0.3503684,0.2202324,0.39686283,1.6455828,3.3597772,0.09190936,0.8788284,0.36482397,0.41098356,0.68511075,1.2914494,1.4606974,0.9062511,1.1144664,2.204517,1.6105894,0.18774933,0.006482538,0.326657,1.4027514,1.8781397,0.5878686,0.022121275,0.12739624,0.49866536,0.93036115,0.36702898,0.24973348,0.061099548,0.8867125,0.032934528,0.24914744,0.39643952,0.7273898,0.11673026,0.045832302,1.2751927,0.038553815,0.11354049,0.07764487,0.047485072,0.040417552,0.093509875,0.770536,0.8961999,0.24810873,0.24530557,1.2885274,0.022001393,1.8620007,0.24650154,0.77881247,0.38826,0.08646156,0.7274163,0.1500965,3.474829,0.9232984,0.0027707878,2.4232392,0.7986003,0.12746772,1.3600746,0.088017985,1.896745,0.22850595,0.36916828,0.461023,1.98499,1.6965456,0.9724328,0.07582022,0.6075948,3.8298445,1.115568,0.82161254,0.5563697,0.22638737,1.225759,0.51252955,0.7714981,0.4661462,0.059885003,0.049299356,0.95362014,0.6132704,0.07688289,1.2821985,0.15936132,0.0,1.6545824,1.3872453,0.06901819,1.263014,0.0,1.1107417,0.1824851,0.50155866,1.3286643,0.2733994,0.5445704,0.6531948,1.067065,0.2675048,0.44175518,0.048355777,0.81303895,0.113171674,0.32893816,0.5564795,2.5172324,0.961439,1.7574705,1.3259965,0.9480705,1.4894892,1.2860383,0.06408851,2.0346816,0.6608548,0.5808311,0.46288288,0.31787392,1.3452303,3.045673,0.25360525,0.2219029,0.0,0.7943839,0.15798552,0.23779452,0.0,0.16543917,0.10284307,0.13707246,0.10777475,2.1387398,1.2520095,3.1572626,0.41896048,0.07731956,0.4707778,0.33169842,0.12086592,0.8826967,0.4894094,0.46206334,0.6681013,0.107936576,0.644195,1.5184966,3.7133408,0.25887528,1.1506122,0.09065885,0.13568549,0.45706815,0.30479264,0.086209565,0.4718808,0.1654843,1.2364588,0.92730105,1.2122653,2.1988957,0.08449702,0.03537963,0.33394888,0.11920783,3.03641,1.6596634,0.6475166,0.7634095,2.5003371,0.32260564,0.48773438,0.16771266,0.22412854,0.5973464,0.082826085,1.0509989,0.077596165,2.107534,3.110653,1.6924034,1.1986933,0.002459174,1.6841583,0.30307445,0.72116303,0.11834677,0.0155530395,0.65852326,0.34456366,0.62688893,0.74941486,0.0,0.9404666,0.82717085,0.00095277536,0.404386,1.003504,0.86442095,0.7616194,3.968421,0.79670906,0.6048032,0.05655997,0.07611278,0.31602997,1.1749198,0.08739055,1.3839127,0.18861182,2.2175663,0.1698756,0.4852516,0.435892,0.564129,1.3972989,0.0883407,0.9707807,0.17762281,2.7516737,0.41542375,0.6234713,0.0028208955,1.3376558,0.9315676,0.4322474,0.33282757,0.03238023,0.67715305,0.6040747,0.12433656,0.4501555,1.0471135,0.23770297,0.15863793,0.2713772,0.17143638,0.4407048,0.3532372,1.8624411,0.6813452,0.5111908,1.1234382,0.0014798341,1.6416336,0.4986878,0.3923972,0.23085582,0.13890389,0.9615589,2.6443756,1.710022,0.5559299,0.3934821,0.017635172,2.3134484,0.023490261,0.48000008,0.03247384,0.42725426,0.6170194,2.8337057,0.2666095,1.2495768,3.699926,1.4897721,0.25285727,0.33864707,0.44886258,6.2437134,0.7919703,0.8336192,0.23397496,1.297189,0.3900116,0.74173075,1.1871924,0.4654783,0.038810425,0.07323092,0.0010986091,0.5692013,0.17171836,0.11618479,1.2253304,0.123400606,0.0071789613,2.3958654,0.061745755,0.18609759,0.30928093,0.06332449,0.015799746,4.13989,2.0786524,0.6289829,0.0,0.32978648,0.4947561,0.849436,0.11957036,0.16615811,0.33966452,0.38088024,0.7311384,0.21431276,0.80261546,0.070283346,2.665632,1.028972,1.2825938,1.4060239,1.3891063,0.38149345,1.2805651,0.22267832,0.03312766,0.11375267,0.26167554,0.364282,0.6910396,0.22423467,0.10231614,0.6198126,0.19980666,0.36279577,0.9362115,0.21431938,0.48219895,0.3424254,0.13223079,2.7506306,0.0,0.028010203,0.7042911,0.9583275,0.021503162,3.18016,0.23774326,1.078673,1.3659487,1.8301266,0.9181873,0.023616893,0.037188686,0.07665279,0.65074587,0.18408343,0.1410684,1.1485357,0.069912486,0.07949039,2.7819235,0.6111486,0.027855566,0.5762248,0.33038968,0.21849327,0.49664962,0.53701335,0.17457472,0.94608366,0.878362,0.19883588,0.5485737,0.9304733,1.3347828,0.66986245,1.656369,0.95949435,0.14102471,1.2810798,3.118285,0.06730268,0.91461146,2.8785543,0.103141494,0.23964761,0.0033337316,0.08456473,0.33760127,0.67030257,0.33054036,0.80013406,0.10660023,2.28426,0.4423945,0.046987057,0.92617315,0.5813484,0.4265657,0.93256867,1.086575,0.12551539,0.30439013,0.039784264,0.15045969,0.15628324,3.425046,0.034072418,0.7413456,3.043016,0.65743923,0.49976635,0.060903605,0.81199723,0.47322115,0.46384692,0.004050914,0.024489947,2.3987198,3.3784852,0.113745786,1.5365444,0.1702338,0.6325858,0.83268523,0.0058318553,0.028203337,1.18283,0.5708673,0.37618753,1.7266484,0.004276366,0.1987023,0.4410078,0.06771431,1.8567857,0.6309888,0.81382954,0.020087922,0.11874,0.37931317,0.31533617,1.1398916,0.20250216,0.095617175,0.5569986,0.040156968,2.0751855,0.00042599,0.6634937,0.8962042,0.43204603,0.3023359,0.009758362,0.8050968,0.19034907,0.10124938,1.6195683,0.749253,1.054558,2.4627125,0.5790346,0.16803157,0.9563357,1.541126,0.5369684,0.29336643,0.89460987,0.12570126,0.032045577,0.6080512,all_pothole_images\pothole_images_enhanced_a144adf7792283a39b2c2d9d6d3c8252.jpg
0.86411667,0.34714305,0.07042853,2.340362,1.0980885,0.0025345983,1.0160121,0.045843776,1.7007958,1.0330479,0.4100455,0.13180408,0.07034379,1.2517616,0.03488185,1.1551102,0.12935677,0.8229679,1.2844119,0.03920122,0.4544728,0.5125583,0.2230757,0.8130417,0.88828254,0.49200964,0.42218107,0.7698576,0.19968335,0.17760289,0.028724903,0.072433345,1.2333472,0.66448694,0.14616597,1.3450934,0.015729904,0.6406935,0.6872827,0.033326436,0.0,0.16881318,0.076773986,1.5935829,0.5909174,0.5964409,0.4616786,0.0067407745,0.80573285,1.7913016,0.2719946,0.6781254,0.27498215,0.27395782,0.6291451,2.3217127,1.6769258,0.03211874,0.9069113,0.026507031,0.04281694,0.41230112,0.55737174,0.75792223,0.37454808,2.1259205,1.4989728,0.18628821,0.7386737,0.32445702,0.052488457,0.06443689,0.066208705,0.3651727,0.75643283,0.015849445,0.44709426,0.5551825,0.0,0.040686604,0.1508954,0.16492906,1.1128392,0.8236149,1.1422879,0.0,0.37609276,0.2865111,0.7252712,0.34380698,0.27523813,0.007673137,0.0,0.011707803,0.04871916,0.59899896,0.66825867,3.3534155,0.110884234,0.7522195,0.016594537,3.4249074,1.0536845,0.45585683,0.39152515,0.31307182,0.17186362,0.03167995,0.14531289,1.1744684,0.11269943,0.40027723,0.102733016,0.7604402,1.0044731,0.16368131,0.26285538,0.0,4.8007507,0.36598766,1.3332988,0.44500756,0.024055084,1.7495643,0.33534077,0.78902704,0.32618195,0.66652864,1.0827878,0.17174488,0.25054163,0.48189044,0.2338798,0.39826086,0.0,0.011819764,0.024840256,0.6653932,0.52018285,0.029859148,0.7751511,0.011050095,0.7132361,0.3858956,0.13864006,0.85350466,0.013246228,0.49567428,0.13035955,0.3813306,0.6800706,1.0567838,0.11860714,0.118039496,2.3376195,0.8566953,0.94432,0.10949989,1.067445,1.1617173,2.2164788,1.7034513,0.0925806,0.7249739,0.4664411,0.0,0.6810615,0.097791515,1.3480312,1.9765851,0.13561465,0.1047855,0.0020319242,0.4094246,0.2480494,0.75625867,0.1726208,0.052590165,0.9592396,0.11333104,0.01862728,1.9156811,0.2972049,2.2669652,1.0908592,1.3212638,0.56138724,0.5232899,1.894033,1.4122288,0.006423826,0.026209315,0.23308411,1.3689429,0.04107307,0.86993486,1.9639812,0.58636326,0.41315243,0.31774208,0.033214208,1.1899083,0.025177255,0.09446893,0.88357854,0.35958612,1.3064921,0.20969062,2.2541049,1.2190641,0.010865878,0.21141014,0.22085421,0.4396509,2.0013032,1.6897748,1.0777789,0.02233055,0.6935105,0.0,0.3422365,0.3849284,1.0852975,0.25082412,0.010096674,0.24358971,0.86320674,0.84737486,1.4636302,1.0012748,0.12941061,0.06402137,0.54008585,0.25716254,0.050651867,0.0,1.902209,0.09156603,0.068241484,0.0008578477,0.2204831,0.017932085,0.0,0.73770356,0.3505657,0.02510967,1.0506552,0.06726217,1.4124178,3.4273968,2.4594548,0.013962218,0.020040995,0.052661236,0.2303632,1.1525507,1.4173707,0.012904115,0.5436868,1.6274345,0.75942564,0.07835119,0.72035146,0.7624926,0.12527385,0.18408841,0.2307014,0.29521242,0.9144046,0.0069079767,0.014501803,0.028949985,0.7030121,0.34440613,0.17846133,0.8762434,0.27386573,0.31801745,0.5527405,0.45081195,0.26952842,0.34199446,0.6683196,0.6289458,0.23420797,1.0047292,1.737556,0.10043893,0.6929298,0.0,0.2051077,0.1340207,0.2533584,1.3444444,0.008615196,0.18628027,1.0082422,0.32806194,0.0023503092,2.4193373,1.0625613,0.41784924,0.24631561,0.16524062,4.4963193,0.62683195,0.3903075,0.12398676,0.12808865,0.31909606,0.25829402,1.3513348,2.4914536,1.4226569,0.8434181,0.5684974,0.17697425,1.7767199,2.8740401,0.011672616,0.69224715,0.026889803,0.24334942,0.12602118,0.097243376,0.12172257,1.3711758,0.016056394,0.71448624,0.0051874723,0.9004616,0.0499003,0.0,0.0,0.056361634,0.71142757,1.9314243,0.52138036,0.7503164,0.42205724,0.40376016,0.5126936,1.5415076,0.6511865,0.8507164,0.10300369,0.044112317,0.041999348,0.067188434,0.08018533,0.99585193,0.4920781,0.11201208,0.49749115,0.17499831,0.34373602,0.32789674,1.4981076,1.2771281,1.1010714,0.47267032,1.0212003,1.8320501,0.12817325,0.13037844,0.743146,0.6216581,0.008885062,0.9206459,0.6910229,0.3006663,0.3351444,1.0553213,0.3573637,0.5238914,0.48742044,0.58263844,0.118472785,0.04675883,0.93177557,0.38657817,0.0,0.5866045,0.19355634,1.5820283,0.4661259,2.0787992,0.21559496,0.15301223,0.10023627,0.31901345,0.026511438,0.57345545,0.40339354,0.00040072008,0.04445119,1.5828956,0.29399845,0.64829063,0.34290293,0.039890435,1.211163,0.028825385,0.96005756,0.6019007,0.107955866,0.42712137,0.13131715,0.4621229,0.14221004,1.2922112,0.5124203,0.014689192,0.020690707,0.1137744,0.52261007,0.70455307,0.39740768,0.8342535,0.10134116,1.3179781,0.4455536,0.59917176,2.5287697,1.7480526,0.2457098,2.5025015,1.1005095,0.23428687,0.3445479,0.29729643,0.25127643,0.5896272,0.19698326,0.10826362,1.3825378,0.026547989,0.26860777,0.0,0.56094533,0.2872959,0.0831169,0.065599754,0.15008682,0.58075887,0.010502447,0.99423766,0.41158783,0.5563447,1.080738,2.5624955,0.34478474,0.16985705,0.25518095,0.8306185,0.9544566,0.46691772,0.04951569,0.29820815,2.6611667,2.4681056,0.5159091,0.8897195,0.59472245,1.1003349,0.563738,0.026979184,0.0,0.3210107,0.5668505,0.21464413,0.37003243,0.05763045,0.75449103,0.58596355,0.60835516,0.27462327,2.0297277,0.076421835,0.09654232,0.7734645,1.8397503,0.2861924,0.4018683,0.03237802,0.09381358,1.4575436,0.4703828,1.2406746,0.0,0.20214908,1.0140817,0.3087073,0.059430487,0.057271376,0.0,0.19851626,0.010447567,0.011202674,0.06327746,0.8552383,4.761272,0.5048033,0.2804949,1.0352173,1.9878856,0.5786573,0.39927524,0.50904745,0.9019109,0.30615303,0.6393832,all_pothole_images\pothole_images_enhanced_a182cf3e5417cc982c3a4158cd570492.jpg
0.895103,0.37746474,0.5695865,3.4241364,3.1276827,0.778708,0.9975458,0.035532657,0.20698822,1.3907064,0.1919262,0.09894069,1.7738134,1.5410423,0.18526353,0.44473118,0.01033343,1.234596,0.1621146,0.27175125,2.533233,1.2995507,0.8125148,0.6429944,2.7359269,0.34585375,1.5018537,5.1593447,0.14653085,0.19438607,0.22637707,0.32090655,0.020995092,1.808603,0.110327624,1.6340635,1.4095706,1.5050181,0.93357974,0.7146698,0.0,1.2597471,1.8109899,1.8113528,0.71310866,1.0766323,0.8573753,0.24056476,0.36217195,2.1403391,0.5085766,0.63665324,0.91577554,0.5504596,0.20941134,1.1697433,2.6347191,0.036339995,0.04196698,1.4323258,0.25980473,0.21296853,0.30578372,1.8949907,3.562967,0.90233904,0.15332724,0.63347095,0.5688532,2.1920307,1.904285,0.29152808,0.7599205,0.25813958,1.1624788,0.7309645,0.8179685,1.1237948,0.052353397,0.43308756,0.10655837,0.84186536,0.30356959,0.26090282,0.18526709,1.9953068,0.14493915,1.0810199,2.4163485,0.015270301,0.28814906,0.91136765,0.74691784,0.103430584,0.89483243,0.41695628,0.21239755,0.516719,1.2618245,1.252667,0.14635387,2.8452759,0.83858186,0.019874599,1.6359776,0.014626549,0.5034824,1.9957477,0.10618373,0.090400405,1.1295794,0.9022377,0.55504453,1.3678255,1.2258581,0.32968646,0.4874799,0.028545933,0.750663,4.3987565,1.1925768,0.55470073,0.5316347,1.0657086,0.7379077,1.0359102,0.15453614,0.97806793,0.49305248,0.8736237,0.72033876,1.5747429,0.96075237,0.5070578,0.7910306,3.2660599,0.7780154,1.5508388,0.16373025,0.2078375,0.4944106,1.1276717,0.21723026,0.5617564,1.0663764,1.9483501,0.33228263,0.49215052,0.0138604855,0.9855909,0.6750392,0.47667125,0.17050065,0.24242112,0.28327653,0.824519,0.06815405,0.74176663,2.4666646,0.5750113,0.4929758,1.0550259,0.8710022,1.4753051,1.8993042,2.4803185,2.6711023,0.07314399,1.0698835,1.4079474,0.7160127,0.16831516,0.49637634,0.020548956,0.6431613,0.17391722,0.06621783,0.296679,0.22916019,0.01926641,0.45832628,0.7147657,1.8639501,1.8000755,1.3503301,0.019140707,0.28743702,0.29067045,0.054624278,1.7639391,0.014997919,0.3931216,0.0074687013,0.94049555,0.42108396,1.1794704,1.5418485,0.033795815,0.6861204,0.7020738,0.8643016,0.986582,0.79951096,0.4622833,0.071332656,0.076172076,0.6190908,0.9505604,1.601977,2.0201426,0.00025640402,0.23969582,0.6760914,0.2554405,3.1561036,3.9310424,0.14790618,0.8272399,2.5415454,0.26080564,1.9668529,0.32162377,0.0,0.66640204,0.0043510315,0.7900005,0.352189,2.523279,2.886904,1.3801689,1.7697967,0.113393314,1.4880172,0.54915696,0.5238819,0.03238347,1.0144719,0.9751852,0.00088158104,1.0383404,1.4351656,0.31704754,1.2989863,0.30090892,1.0305969,0.26163468,0.41090286,1.0751927,0.3355138,4.2379923,1.1638343,0.8633022,0.032998964,0.72820157,0.5197586,0.9448032,0.37469602,1.2011728,0.48136356,3.3013196,0.13117096,0.6554307,1.2510419,0.14818227,0.24615863,0.51860464,0.470564,0.30762523,2.7563028,0.08624625,0.08175955,0.023682233,1.2176363,0.22896588,0.7919028,0.7957749,0.15361512,0.39154097,0.5579872,2.9666142,0.71337914,0.34022775,0.0052164043,0.43945858,2.40292,0.031809233,1.1522905,0.82533556,1.4096332,1.4381403,0.134657,0.6049501,0.8657805,1.3124958,0.074275605,0.058403257,0.3573942,0.29837015,0.26623425,2.1986516,1.8184571,0.4889663,0.003906966,0.14051732,4.8283563,0.3033905,0.073286615,0.39878657,0.16395867,0.34993908,0.27210408,0.9524007,1.344158,1.9577533,2.9714653,1.6999186,0.5978074,0.33844188,2.4431064,0.2755263,0.16886431,1.3827876,0.2904428,1.4793029,0.5209103,2.6474714,0.06889991,0.22884949,0.86594415,0.1549618,1.7255657,0.12660684,0.012818239,0.12627229,0.31875247,0.0010287112,2.7522135,1.5316037,1.2752736,1.2771802,0.25214803,0.2944376,2.1320784,1.4497699,0.48081225,0.014370864,1.9707037,1.5885398,0.48222548,0.080941156,0.31581146,0.45414165,1.0235834,0.28894234,0.25488445,0.17865475,0.06482753,2.1067674,0.757146,0.72480583,0.7208037,1.1674036,1.0169804,0.15607226,0.7969327,0.00280901,0.5560502,0.23387943,0.24400465,0.23858474,0.5917466,0.0015100316,1.0883629,0.48299178,0.090035416,1.5509666,0.2424627,0.2044512,0.15266262,0.02942556,0.33524424,0.035077896,0.681995,0.6677588,2.2806823,1.2381436,1.8820109,0.0018297228,1.0327107,1.2764977,1.2735859,0.4809468,0.5252608,0.22442496,0.116819516,0.26483828,0.9491054,0.016826808,0.7389708,0.8531872,0.46104547,2.3529532,0.1046104,0.28656077,1.0877306,0.85834515,0.70064515,0.9208514,1.1686604,0.15313561,2.2506132,1.206285,0.06426109,0.6723544,0.786277,0.7526919,0.28880897,1.4589722,0.5652112,0.29234737,1.9496104,2.0374093,0.24280523,2.1474621,4.312906,0.1010942,0.2964276,1.5756552,0.57201904,0.38863832,1.614182,0.65448636,0.4134334,0.31730568,1.8153536,0.26180622,0.15378064,0.47907326,0.03251659,0.46086252,2.1363347,1.5295725,0.07730866,0.9703711,0.09271733,0.0008725742,1.1836895,1.217154,1.1095141,0.26740444,2.4406977,1.532445,0.29944354,0.073654726,2.9728537,1.0912544,0.9296786,0.2490225,0.79774755,2.2905571,2.6449044,0.8907777,0.714208,0.034890186,0.005758468,0.4091595,0.41088244,0.21890897,1.5189333,2.0714815,0.928165,0.71159035,0.21375555,0.06141502,1.506722,1.2487981,1.4340633,1.2677938,1.1380547,0.45507464,0.35008645,2.6548417,0.39742815,1.411812,0.17371784,0.18398483,1.7347353,0.80055845,0.6668349,0.4515231,0.43034536,0.10697516,0.21497843,0.3512731,0.34707144,0.26666087,0.0053984667,0.026541267,0.56618303,0.49293467,1.4774231,3.6799128,0.34836763,0.04570802,0.7605367,0.34988868,0.21721968,1.1490327,0.012954265,1.0280589,0.97433114,0.9184983,all_pothole_images\pothole_images_enhanced_a18c795a57dfd3494d7e2ce477135cac.jpg
1.0039816,2.0220304,0.81991065,0.62268054,0.2934453,0.07855148,0.7732248,0.09524225,0.06348484,0.6567676,1.5370735,0.7572314,0.78992796,0.31057438,0.07947761,0.31675172,0.5437031,1.1690185,1.2769526,0.123399265,0.037831716,0.7851543,1.0026858,3.4192924,0.011972572,0.28189635,0.054706905,0.055598084,0.1967783,0.75089216,0.2900481,0.04941361,0.81630844,0.6072777,0.41059676,0.82543266,0.48904195,0.6928572,0.24414274,0.111113526,0.22586523,0.28029758,0.2811454,0.3328415,1.2650774,0.0122172395,0.4814808,0.24830133,0.48678094,0.043438718,1.3267959,1.0902522,1.0113764,0.014570873,0.24925588,0.18867849,1.6999725,0.16285346,1.1508784,0.080984645,0.14096801,0.37850282,0.639779,0.666095,0.35140195,0.37912306,1.2309799,0.25497678,0.18611102,0.26116326,0.05568284,0.19234324,0.8743538,0.146651,0.27865517,0.67221254,0.0849818,0.42848703,0.1269869,0.5659275,0.025268443,0.10139654,0.15657274,1.5917974,1.0900886,0.9391641,0.00042775788,0.042023424,1.4197817,1.2138265,0.30486187,0.33557814,0.023754677,0.18055178,0.032367464,0.12549138,1.8137507,1.2044822,0.083453,0.12761854,0.049293585,0.8321472,0.1532335,0.6195279,1.7302818,0.48840222,0.030160714,0.017250866,0.33528,1.8157425,0.62419343,2.147645,0.41925213,0.6420596,0.007365047,0.6908493,0.90250164,0.53734523,0.73009515,0.6577999,0.9033377,1.0093892,1.0599371,1.5889033,0.5458405,1.2520843,0.50239843,0.16765735,1.4073716,0.7468387,0.42476055,0.16822658,0.078207605,0.2396319,0.091545366,0.1746582,0.007477345,0.14540122,0.118019335,0.02729086,2.8503256,0.625117,0.63499004,1.1434824,0.05667127,0.111475,0.07410275,1.9889482,0.08848948,0.50180835,0.52015764,0.8468346,0.52024674,0.19926949,1.2350949,0.117606364,0.6805127,0.50554705,0.029019745,0.096991226,1.8806357,0.44474944,0.13963422,0.35590175,1.2634907,0.0,0.2064584,0.2407587,0.11956773,0.612506,0.55650413,0.09604053,0.3215589,0.17142007,0.7702062,0.5082986,0.54623896,0.0,0.1562229,0.6586835,0.40983126,0.3757806,1.9976782,0.81703365,4.0947585,0.029027203,0.044114336,0.202899,0.5157957,0.61867875,0.7410099,0.024091477,0.63073015,2.1312509,0.20501244,0.022256337,0.40661317,0.9235694,0.67027694,0.97590697,0.3517561,0.7888786,0.4210269,0.025149034,0.43872336,1.6515661,0.81051415,0.100525096,0.81328845,2.111888,0.0044542733,1.3856117,0.73519385,0.76937354,0.74270934,0.6812615,1.4764247,0.670193,0.21949208,0.34613794,0.36007503,0.22662458,0.9775419,1.0660201,0.44368964,0.0103963595,2.049104,0.141194,0.92812955,0.002300285,0.0979269,0.02394035,0.49719614,0.18398558,2.176692,0.0,0.18865988,0.10932778,0.46391723,0.16943738,0.19808555,0.5009791,0.51935005,0.91780496,0.0,0.0008527893,1.7006971,0.23221888,1.9863884,3.4781916,0.14605549,0.077761106,0.521478,0.020564897,0.4146716,0.32140103,1.2640774,0.3733718,1.0063512,0.977175,0.1779288,0.32108828,0.3276741,0.82848495,0.35776937,1.5681149,0.6499503,0.6650831,1.9667426,0.77930105,0.97156686,0.2611509,0.25625867,2.356376,0.74739003,0.599178,0.60885286,0.038468026,0.42552394,0.42888966,0.18791638,0.081474684,0.2696374,0.13254374,0.17577198,0.074220546,0.106058925,0.056252066,0.47634828,0.13123508,1.4588015,0.25163752,1.0965006,1.7584016,0.3500161,0.4334927,1.1991298,0.28898203,0.18401733,0.76915663,0.010707531,0.066093355,0.002977792,0.081330195,2.422973,0.4421664,0.054669064,0.6210121,0.21341915,0.09018464,0.4107689,1.2338542,5.4665327,0.12309841,0.26134565,0.3340567,0.16431765,0.58833796,2.1123457,0.6567671,0.9129266,0.6256827,0.34053603,0.14922869,0.60355043,1.4267671,0.71804863,0.8048033,1.6657275,0.3753781,4.5136075,0.037575915,0.9833062,0.15456666,0.0,0.6457849,0.8845861,0.22897282,0.3343839,0.056492157,0.06503909,0.84335077,0.77279866,0.033809174,0.28879935,0.028722845,0.22651602,0.0025525976,0.038847566,0.6890022,0.3856055,1.7500597,0.8818742,0.18428583,0.14820285,0.32565397,0.71242726,0.8722039,0.0,0.6681679,0.29595742,0.18610881,1.9852854,0.7954054,0.0,0.48609576,0.47946423,0.30255693,0.9175632,0.7294633,1.2509031,1.303254,0.6035297,0.039796263,2.883614,0.5490153,0.9955264,0.7663974,0.4343107,0.6617883,0.37772617,0.14491099,1.3244117,1.713531,3.3060732,0.44358423,0.88228667,0.90163064,0.41737348,1.5029634,0.39324716,2.6361578,0.493498,0.18087758,0.042691503,0.28815836,0.11688328,0.9706793,2.4186873,0.2197062,1.084371,1.2943237,1.163075,1.8329902,0.42372048,0.033089317,0.58108926,0.7694918,0.037628483,0.2854701,0.052792985,1.7077368,2.0821955,0.12241698,0.6794108,0.23578149,0.7109566,0.07703308,0.9785233,0.010552125,0.0,0.31076685,1.4278969,0.8742445,0.9718328,0.48052496,0.53904724,0.68639123,0.95244193,0.35417625,0.31829396,2.1841729,0.18299757,0.1181345,0.14838748,3.6144555,0.6552936,0.19890839,1.3464861,0.69237244,0.6613457,0.1996382,0.080951795,0.34962338,0.9381883,0.026349943,1.093685,0.5651072,0.008211215,1.4453523,1.7095536,0.3075859,0.29179376,0.32221353,0.20772724,0.81991786,0.5078289,0.3518637,0.19829781,1.502081,0.893803,0.44295356,1.2380785,0.54483664,1.3556681,0.21172506,0.39886227,0.0,0.38103873,3.0122073,0.54454774,0.11484869,0.069264,0.28856942,0.20161244,0.6093419,0.049401283,1.1626803,0.6122699,0.67136014,1.6535923,1.7146802,1.3172892,0.64550334,0.070203714,1.3805938,1.9752873,0.023507845,0.40788808,0.008417008,0.3395051,0.95627,0.004095749,0.1642792,0.57864386,0.07659659,0.68713236,0.26102728,0.42530042,1.0306097,0.3200085,5.5322976,0.6550975,0.7653079,0.035724223,0.25206983,0.16776676,1.6117703,0.74892485,1.4657125,0.55485797,0.07198864,all_pothole_images\pothole_images_enhanced_a192e79723e393a599e1b096e9707d25.jpg
0.068543024,0.18686283,0.1201505,0.966712,0.6881432,0.47850737,0.504021,0.12095547,0.34157687,1.1491565,0.05491333,0.15056327,0.110404596,0.11005648,0.025447268,0.8115931,0.09982316,1.5260043,0.5097708,0.025699364,0.5451601,1.2948127,0.811142,1.928757,0.87660384,0.0146981,0.020828715,0.648547,0.029289624,0.063664325,0.08124675,0.07727184,0.5052055,0.42441496,0.28439608,1.8102118,0.25643215,0.6730088,0.23575345,0.51044255,0.12765709,0.02910754,0.08821043,0.33201712,0.8089059,0.20567814,0.14228989,0.0,0.74217194,0.8895537,0.76855546,0.237015,0.1080753,0.21969439,0.5500089,0.81899744,0.7588075,0.111173086,0.98874766,0.11509633,0.024606366,0.024656713,0.2723631,0.2108793,0.1778209,1.5214056,1.2044601,0.0024582099,0.25128776,0.039543048,0.0067570354,0.2351366,0.21476723,0.02805203,0.3834481,0.0,0.0174364,0.37492114,0.011972551,0.033275157,0.012423272,0.010076848,1.5060024,1.8497645,1.2572823,0.28036064,0.47977653,0.050133277,0.40169466,0.5726349,0.032912575,0.23556553,0.0010805005,0.00054922304,0.10410373,0.29240248,0.7812113,1.4755688,0.030858167,0.025163433,0.2181762,2.944332,0.864485,0.0,0.4411122,0.6320439,0.02595463,0.37054944,0.23229846,0.9291415,0.13453566,1.8829613,0.021666313,0.67858577,0.59374225,0.25852877,1.2331588,0.0038562391,4.047872,1.111344,1.1860598,0.9189519,0.025268124,2.4040782,0.5321603,1.6105084,0.18783379,0.98468184,0.2539482,0.0047297804,0.4456128,0.071028195,0.46314403,0.30184406,0.19311765,0.2061828,0.0,0.14593814,0.30384418,0.17068903,0.2149589,0.026649069,0.2197456,0.4537384,0.026737723,0.13270499,0.037452515,1.0264355,0.13586432,0.081302434,0.090955876,0.11671035,0.28233734,0.0,1.5974251,0.1412806,0.5932289,0.4848039,0.37633553,0.003915052,1.7007067,1.2230945,0.005529803,1.862337,0.13358189,0.009406539,0.5313735,0.15581194,0.7457736,1.7749755,0.16780652,0.0,0.002331757,0.02229464,0.49921736,0.19042206,0.029280066,0.0047745723,0.17461392,0.1413924,0.0,2.0024552,1.2597129,1.8809484,1.0737463,0.55361307,0.296784,0.28647253,0.90644974,0.14090358,0.2350921,0.0067006587,0.08746149,0.8575476,1.060849,0.31415036,1.3412381,0.38514027,0.44219303,0.0524849,0.09696701,0.33357698,0.44353065,0.87711394,3.5723035,0.24832824,0.7328532,0.31239513,2.0980232,0.9521767,0.0,0.09109672,0.33352888,0.40687162,0.8020643,0.38750857,0.7948588,0.18541028,1.0967561,0.26374328,0.1391161,1.5541886,0.5396472,0.1219704,0.0,0.098727964,0.34845683,0.4177273,1.9810351,0.13054436,0.017677369,0.062221006,0.55971557,0.055125207,0.15228924,0.0,0.30550447,0.081377156,0.18584895,0.026696589,0.5503227,0.18282624,0.13109808,0.24867778,0.30237213,0.265591,0.6315703,0.055639863,0.18922532,3.6396456,1.4975204,0.21173438,0.074657306,0.052503992,0.04210911,0.47350696,0.48766026,0.13461363,0.61057484,1.0161731,0.058971636,0.026931575,0.57791865,1.2605597,0.21681112,0.19369398,0.16850655,0.15097854,0.99468845,0.38401127,0.1237261,0.0045265765,0.20021336,0.85833085,0.5993231,0.4846245,0.11290281,0.14644371,0.27691853,0.4675113,1.012582,0.16907369,0.25433937,0.0050829737,0.581574,0.010354486,0.36697152,0.14831686,0.074694276,0.12804009,0.40401068,0.29432544,0.11623154,1.6059362,0.08269749,0.33468363,0.45714748,2.210979,0.31550345,0.9301586,0.45491937,0.05045898,0.08497662,0.04784522,3.9287271,0.30345884,0.08682684,0.34037825,0.09842796,0.113672264,0.13282636,0.6291702,3.4043236,2.0824192,0.22710946,0.051854406,0.06809047,0.24443267,2.2314737,0.06298624,0.65399855,0.44568175,0.5156653,0.18146732,0.72167766,0.67645746,0.34106272,0.04822356,0.30907485,3.5874334e-06,1.585671,0.48416004,0.006362457,0.0,0.003427877,0.683881,0.80584997,0.002088671,0.26880223,0.17494354,0.17894658,0.17957357,1.8300054,0.14747281,0.3418362,0.21508993,0.052154317,0.0,0.087869816,0.8180909,0.17908187,0.8068535,0.021463146,0.48979086,0.17415035,0.5903779,0.45592505,1.3050107,1.3058803,0.6311033,0.3152374,0.21355802,0.33027235,0.0,0.10671366,0.5886066,0.8025173,0.21641226,0.5469931,0.04588353,0.045226295,0.16137892,0.57727134,0.18904196,0.48735228,0.14749089,0.1608337,0.35544664,0.084281065,0.26063097,0.11320194,0.09942891,0.62790143,0.78443944,2.265141,0.20201273,0.79696715,0.04225051,0.43408564,0.3689002,0.3795039,0.36477506,0.027181173,0.7296784,0.124315314,0.09320084,0.68270963,0.3064111,0.41306588,0.39966422,2.132932,1.4927248,0.08900954,0.023033042,0.6134421,0.00223102,0.28680605,0.76071703,0.088391945,0.10468961,0.4004767,0.28109202,0.22961293,0.16313937,0.06163639,0.021138044,0.16354822,0.18708427,0.08980596,0.38963768,0.5792895,0.3719432,0.907855,1.4685379,1.1046821,0.35965487,0.33004925,0.8875712,0.11832943,0.40631297,0.9119415,0.4636333,0.26437828,0.24177864,1.0852274,2.8088017,0.83064425,0.115945674,0.084256746,0.2387241,0.18450008,0.23222093,0.26995903,0.26179555,0.74651194,0.20749092,1.2762965,0.09525075,0.0,1.0201654,0.7509085,0.57480234,0.35685736,0.63236296,0.701196,0.9326192,0.33619657,0.27088827,0.15416789,1.0158331,0.6310866,0.22935246,0.72942567,0.019716168,0.20167227,0.77429706,0.16717614,0.022825837,0.33936006,0.2827037,0.1844483,1.0237627,0.040679097,0.81561136,0.38862,0.0,0.05726376,0.9935837,0.0044463146,0.04586264,0.5935985,2.1826975,0.27251512,0.2352491,0.0055033113,0.4049525,1.1135134,0.008457847,0.70857644,0.0,0.5204197,1.460365,0.0,0.027702935,0.029115498,0.065749906,0.12738113,0.13911854,0.051389188,0.09114267,0.5668874,3.6762393,0.65642774,0.04546639,0.022319168,0.87973285,0.0074831503,0.015738145,0.9313166,0.19605309,0.3104344,0.13046114,all_pothole_images\pothole_images_enhanced_a1adb08ac567d8b9b02f0a904123ef79.jpg
0.41157192,2.5044672,0.76199883,0.5100517,0.19876048,1.7413703,0.7128656,0.2476093,0.5122242,0.20439664,1.610193,0.21922398,0.080207966,1.5472285,0.87852603,0.5752117,0.9356889,0.3512795,1.0688845,1.0394205,1.4473277,2.687607,0.6155001,0.8361567,0.17082863,0.73999673,0.55354,1.6259441,0.20716617,1.4466225,0.557254,0.5979136,1.0115635,0.02616362,0.06508916,0.8023576,0.09560378,0.39572027,0.5463286,0.44770908,0.8444095,0.21251203,0.08771476,0.597554,1.4010607,0.4799951,0.17548542,0.031207813,1.3052833,1.5223335,1.6508842,0.19228305,1.4783688,0.71614707,0.65481037,0.7686811,1.4701513,0.25590163,0.7471898,0.16170985,0.1739949,1.4133025,2.1110995,1.1311035,0.12711763,0.84844154,0.83660764,2.8446543,0.56999856,0.63229406,0.17717102,1.4411384,0.16620387,1.188882,1.0669897,0.48319143,0.21816047,0.8759604,0.06686515,0.27816823,0.77306175,0.43198806,0.36812294,1.2079884,1.5016291,0.6453146,0.33790198,0.59305286,4.0954733,0.30041516,0.27538088,0.6314851,0.20111072,0.6206385,0.34327483,0.62409294,0.1944459,0.93722016,0.37104592,0.90067446,0.16855493,0.16787681,0.42912665,0.23837928,0.36564574,1.0012687,0.059961796,0.08688024,0.21221137,0.70276767,0.2926285,2.5138085,0.07816535,0.1450325,0.16069716,1.7172351,1.3153956,0.7969192,0.53879803,0.0094066225,0.50152725,2.8976421,0.040428676,0.32596758,0.15678494,1.3840896,0.19980663,1.5057619,0.22066891,1.445985,0.9689558,0.3733239,1.928577,1.741129,0.7909731,0.24282153,0.8234365,0.14123766,2.4995573,0.60287833,0.44592005,0.69310105,0.113237076,2.1555836,0.21942377,0.44083887,0.7078522,0.00068314583,1.5025249,1.8481635,0.9132954,0.48322022,0.026973188,0.46927238,0.8856402,1.3412476,0.1557017,1.4861746,0.5175281,0.29087487,0.6047853,0.16907947,0.032637075,3.5392842,0.10818046,0.08357459,1.8419447,0.2818039,0.9539747,0.508499,1.8235748,1.0034001,0.5689764,0.4749207,0.3766014,0.22047892,0.5885808,0.07239886,0.5892372,0.49265328,0.012423795,0.6314879,1.714007,0.36677137,0.8078021,0.6864909,0.7141661,1.2475297,0.9406398,1.1821208,1.0403358,2.0520062,0.081870265,0.43462464,0.675752,0.28771952,0.5609551,0.07815849,0.21401355,1.2282118,0.1458746,0.59472156,1.0318339,0.5534342,1.5796211,1.1560115,0.17796166,1.4048569,0.59209293,0.25338665,0.042714063,0.74903077,1.864515,0.34029564,0.0026151887,0.97849226,0.32009637,0.2053416,1.0038071,0.9014324,0.26248136,0.8740949,0.2493225,0.5892237,0.5873053,0.9974175,0.30694732,0.6924974,0.76440006,0.33802173,0.064532645,0.21870108,0.949743,0.3310991,2.2339187,0.09643259,0.10346938,0.01926682,0.062441364,0.034233753,0.3831074,0.30415595,0.12135742,0.15687473,0.21538222,0.11910977,1.1011723,0.3849372,0.45891523,2.0206447,1.2475091,0.87124723,1.249402,1.806469,0.07090215,0.16541658,0.38754568,1.3189759,0.7607957,1.0080556,0.21183291,2.6955667,1.2912728,0.78382224,1.4292966,1.7672191,0.047113247,1.977681,0.7833118,0.20597559,0.48502076,1.4660066,0.54409754,0.33741513,0.1508131,1.1193413,0.37593845,0.43943048,0.54073906,0.13542545,0.13779044,0.80410236,0.093614236,0.7719149,1.645483,0.5446663,0.2903646,0.50885934,1.7350342,0.050772063,0.19768922,0.8561914,0.68953073,0.18610093,0.11012736,0.49336568,0.5061416,1.77974,0.9986145,0.7338525,0.35400835,1.0527391,0.057445582,1.6373807,4.6115937,0.50322604,0.0107587185,0.96113056,1.0811622,0.730619,0.0,0.18910229,3.51437,1.3378245,0.010156759,0.029361939,0.9121026,0.24224985,1.4613199,0.86554295,0.0524379,0.80110985,0.21578562,1.6046993,1.1559808,1.2863274,0.9055132,0.59720725,1.5683444,1.3868642,3.1633558,1.4413483,0.31305504,0.0,0.4387453,0.62985206,1.5177534,0.90937024,0.36023757,0.3449836,0.4393812,0.34888998,0.88376564,0.0093653025,0.12656344,0.6975334,0.10582642,0.15932187,0.47733766,0.8221476,0.024276096,1.2530515,0.24135958,0.5722937,1.6149173,0.020382537,0.9036653,0.3552602,0.13642661,0.102047905,0.025195139,0.066738956,0.65313774,0.7640886,0.06696341,0.089051224,0.5575597,0.49256036,0.07230219,0.30877674,0.8973741,0.9593059,0.7876401,0.5010002,1.4727601,1.1029848,0.20939426,0.18210013,0.7155584,1.4485847,0.232636,0.6457579,1.3112469,1.6879379,2.6323528,0.76830244,1.5756391,0.8527405,0.8988722,1.4509498,1.8282385,0.599778,0.48561275,0.13460788,0.3541911,0.29492944,0.3282098,2.212634,0.2320592,0.20882228,3.2278273,0.37871543,0.60072225,1.6311358,0.17758454,0.28014964,0.4914729,0.6019008,1.1235458,1.3904802,0.27139097,1.645875,2.1511059,0.7492636,0.02473374,0.39572728,0.022583513,0.38330185,0.27967122,0.6165625,0.245793,0.57328385,0.86078364,0.85689044,0.080546945,0.4206916,0.08853208,2.7711542,0.4985691,0.965661,2.035116,0.56674635,0.26732743,0.78072435,0.21517664,2.695557,1.3852891,0.54548717,0.12530337,0.56243986,1.462502,0.00478093,0.12548321,0.33613193,0.2822958,2.2848814,3.546109,2.7169626,0.317964,1.2643348,0.94745994,0.5667774,1.1854101,0.25725552,0.81522673,0.42952117,0.33544126,0.39823076,0.5275648,0.020992542,0.4991831,0.15191846,1.7730644,0.5318789,0.6783486,0.76542187,0.2803082,0.036150042,0.5218264,0.996956,1.5194468,0.6496929,0.04206593,0.23715886,0.23876077,1.0884501,0.43775183,0.15684518,0.89860827,0.14063591,0.52616274,2.3136208,0.24748097,0.84367585,0.044977985,0.06877179,0.20738584,0.20150994,0.65136206,0.0,1.3315879,2.092393,0.5671217,0.30253863,0.016954975,0.39033183,0.32968202,0.24747609,0.25440055,0.8292216,0.32506007,0.70286405,0.079487585,0.9097301,0.41500348,0.19378193,0.01618119,0.59663934,0.39726993,0.6296243,0.9068049,0.3723449,all_pothole_images\pothole_images_enhanced_a1e4ac1cb1a541622facc33f8382f2aa.jpg
0.26689273,1.6174378,0.22877623,2.0979207,0.31298855,0.031100953,0.20506713,0.0,0.26158726,0.739873,0.12445851,0.6377119,0.029619535,0.81573856,0.003933223,0.054484118,0.22827119,0.116317816,1.4034431,0.22159386,0.36952364,3.7181604,0.42445558,0.8118582,1.0172348,1.2048708,0.74455947,2.6550424,0.45616895,0.8003862,1.1291488,0.83259034,0.51146626,0.09633796,1.3393402,0.38728872,0.23881371,1.886857,0.15130343,0.3835991,0.0,0.28597245,0.16871217,1.012069,1.3364146,0.38013777,0.063248836,0.015738932,0.32647017,0.6016679,0.6533148,0.0,0.71542364,0.18833755,0.25930712,2.4051294,0.7093306,0.44497776,0.027889324,0.4810264,0.5194614,0.56559485,0.86454046,0.004633444,0.7890156,0.5261769,0.84125674,0.37827128,1.1347947,0.5748948,0.39072138,0.37391153,0.1795377,0.3099802,0.2843362,1.0655528,0.51349086,0.18080565,0.13595864,0.030678831,0.04132937,0.88439316,0.014955824,2.292913,0.66759133,0.07194301,0.47981992,0.058468763,3.149262,0.27805668,0.0014442331,1.1242335,0.010687515,0.30226,0.08741542,0.23924568,0.796682,0.564082,0.38292152,0.49104863,0.2187328,0.53015286,0.22445858,0.16051598,0.05791617,0.6004069,0.33661777,0.009259192,0.07025744,0.07120653,0.016379809,2.0464165,0.5244827,0.016699048,1.3246434,0.0646315,1.226614,0.3430268,1.1810558,0.3919666,2.8946898,0.47567737,0.46280763,1.6222624,0.61747974,1.2694353,0.8541672,0.15272887,1.498087,0.3853672,0.76292455,0.019107291,0.5604686,0.036086954,0.43846565,0.14937848,0.13304447,0.80905694,1.5666422,0.4376862,0.6666824,0.15405163,0.0,1.1551745,0.42172953,0.7325922,0.19138278,0.0009911988,0.4494308,0.47351944,0.47779852,1.1044161,0.0,0.066559665,1.7041644,0.020356018,0.64874583,0.043395285,0.25547448,0.40556246,1.3778764,1.344828,0.7537089,2.2207184,0.0,0.031272504,1.105853,0.030012952,1.9038846,0.35302937,0.06401422,0.046567064,0.040425453,0.1582008,0.39961377,0.09913842,0.4043094,0.00061563594,0.6658242,0.14935239,0.11013372,0.39441323,1.0618346,0.4395934,1.9378052,1.6536648,0.1855784,0.111051746,0.039646957,1.1579431,0.738931,1.1514806,0.08001828,0.6141403,0.011520009,0.53730625,0.034584306,0.33450744,0.031505637,1.1604713,0.39226088,1.5992936,1.4957571,1.135428,2.863191,0.42838022,0.03452628,0.07367844,0.80581915,0.029921954,0.48063502,0.01108618,1.6306663,0.39360407,0.75115955,1.4943191,0.5833798,0.06572629,0.2838998,0.2527626,0.5361838,0.34446454,0.44941413,0.028960863,0.016746761,0.27584052,0.14813727,0.008415001,0.9964468,0.9959371,0.09154898,0.16814359,0.2515771,0.37446824,0.88008946,0.14616044,1.1358867,0.12328069,0.02009709,0.17030871,0.34783915,0.020680845,0.11384703,0.31491444,0.052238345,0.042847574,0.41850105,0.27847314,0.9056303,5.1737084,1.5229006,0.0,0.8756083,0.11612938,0.03441498,0.2158101,2.3653295,0.03475983,0.75513,0.98668313,0.057139967,0.36303663,0.26958472,0.45294312,0.39742023,0.45691302,0.0,1.1490575,1.1669672,0.37915218,0.0023178796,0.0024950632,0.07735616,0.3953415,1.1750846,1.3226278,0.20283808,0.13229752,0.099257626,0.39038834,0.7199037,0.099027194,0.29305384,0.9477547,1.2240583,0.29784152,1.011143,0.7830434,1.1164924,0.22114082,0.0021312956,0.062407658,0.0,0.954732,0.24652964,0.05223867,0.4265961,1.108126,0.0533921,1.3158106,0.66122895,0.8847603,0.019480681,0.283966,5.1986547,1.2402768,0.015305784,0.9192269,0.15282062,0.039152768,0.09535644,0.83445644,3.20292,0.65508586,0.0,0.8501725,0.21338362,1.0240986,1.1358864,0.13547496,0.15963602,0.073707774,0.0005164733,0.341566,1.1204712,0.968477,1.4830388,0.5881072,1.0144328,0.45413393,3.8792531,0.07185096,1.1452862,0.13952239,0.23196472,0.43654352,0.90874434,0.7800102,0.035402745,0.034046173,0.8293924,0.74181724,1.9821839,0.44965985,1.0404047,0.11585738,0.046058707,0.49737874,0.8055401,1.4577861,1.6007841,0.66472036,0.0,0.36345586,0.3574836,0.20332026,0.39042017,1.3639151,0.28767058,0.1990829,0.043807875,0.00064359955,0.51402354,0.21086471,0.121987514,0.03865134,2.5207956,1.0518528,0.0041389233,0.6258108,0.39476255,0.4889574,0.29976875,0.43661517,0.2609157,0.73967755,0.088228635,0.69611746,0.108276695,0.4493115,0.006451645,0.0,1.5519038,0.70376617,4.847274,0.773423,1.124617,0.18318005,0.010137376,4.29389,1.2037305,0.0014022832,0.027832469,1.1433034,0.07468475,0.06509781,0.48470843,0.15574016,0.27955765,0.10596489,2.918291,0.32935044,0.022204846,1.3518007,0.041636426,0.2467475,0.34485054,1.3207428,0.35175833,0.19625844,0.23602483,0.3067253,0.608874,0.46814626,0.1403402,0.25251076,0.5103396,0.260979,0.0,0.47778293,2.1163096,0.019988157,1.5664877,1.8304926,1.3398873,0.45895386,0.29152426,0.9411845,0.023997353,0.7377011,0.87603027,0.3408753,0.018537648,1.0782943,0.21847811,3.1846,1.7913958,0.60704815,0.4524469,0.2786437,0.17398827,0.23644066,0.59199667,1.2133042,0.24054569,0.28514814,1.4868304,0.4069708,0.31876656,1.2956192,0.95963085,0.2257658,0.45121574,0.12770477,1.1155119,0.120143555,1.1039922,0.61018634,0.41128516,1.0830114,0.797964,0.26390952,0.6154252,0.222519,0.41885796,0.75423783,0.017175427,0.05791019,1.3286127,1.0724436,0.37794495,0.32732326,0.32877684,0.39372244,0.17904383,0.057723794,0.27899086,0.7183894,1.6538637,0.09033742,0.022242883,2.671692,0.6216042,0.6224473,0.012189894,0.002388406,1.2080826,0.01577234,0.20550914,0.03854257,0.13806652,1.1681439,0.054565497,0.06077052,0.0,0.008860321,0.011902525,0.040071193,0.10993151,0.14422673,0.20084934,3.352488,0.8738428,0.08614064,1.0358444,0.43083385,0.32978845,0.3821274,0.4804534,0.17760183,0.081187055,0.093006216,all_pothole_images\pothole_images_enhanced_a231585f81cbd6eee50fc63f25223fe3.jpg
2.3197036,0.54047155,0.7039615,0.23511752,0.17838566,0.38048077,0.9923541,0.6481974,0.07468947,0.8880545,0.33225858,0.7875804,0.7046869,0.7178549,0.44469762,0.17395423,0.35650468,1.15674,0.5013616,0.27821848,0.27919075,2.1640372,0.23387325,0.36158335,0.41729826,0.34421113,0.019644579,0.563245,0.49850824,0.10804766,1.5314646,0.1065829,0.4884822,0.19427249,0.52040225,0.20440856,2.2126288,0.072103,2.5452483,0.22000234,0.011274131,0.036181387,0.2528715,1.2900686,0.08767816,0.84903264,0.61114544,0.06854888,0.04288586,0.60817707,0.17248797,0.5440408,0.17595069,0.05480633,0.50512666,0.69215673,1.3523232,0.3112202,0.43103895,0.0050662407,0.23869626,0.061019,0.31674245,0.30775502,0.035423804,1.1059103,1.2666259,0.02866482,0.21856691,0.038236443,0.20285156,0.56518084,0.05497672,0.067536,0.16357157,0.45300108,0.84868777,0.17940757,0.8315864,0.034714,0.118429534,0.5704591,0.3457839,0.37594822,0.6735196,0.10924308,0.8437003,0.6455025,0.71449775,0.033307556,0.6454215,0.16674267,0.23048502,0.12964588,0.673229,0.0,4.2303853,0.79179645,0.448678,0.30492505,0.3051562,2.2745514,0.02484471,0.7320389,1.2862592,2.2296863,0.0,0.16172178,0.23643063,0.70823807,0.14714545,1.4274665,0.8619655,0.21663234,0.3583531,0.03454165,1.8658229,0.22048475,0.9500253,0.63608414,0.515837,0.8556882,0.16042979,0.055314332,0.31340736,0.2894429,1.2786963,0.49220067,1.863644,0.3158587,0.30670547,0.2709371,0.011062364,0.0910158,0.50715035,0.3757138,0.27189752,0.5885414,0.39215818,0.14422199,1.0288178,0.747715,0.069116734,1.2269821,0.11201856,0.7795656,0.021678735,2.424237,0.23227753,0.24213931,0.52208704,0.07331939,0.038736552,0.041192688,0.56518334,0.3647277,0.7171483,0.0576174,0.9834593,0.8402266,5.0356584,1.3957883,0.88400984,2.767006,1.0576332,0.1302795,1.6382935,0.0158824,1.2544608,0.3818211,0.31103984,0.0,0.2525696,0.51858413,1.2202909,0.038475465,0.10899816,0.0,0.18654978,0.18346684,0.11776482,0.42326227,0.31599241,0.5876152,0.6102751,0.076884255,0.40697098,0.5115183,0.571384,0.60677856,0.5452212,0.18023035,0.43612844,2.8672585,0.105225116,0.17840311,0.022265848,0.65945745,0.9289869,0.64500004,0.012657639,1.2232563,2.1707819,0.0,0.14006838,0.23348401,0.38749388,0.38364246,0.22871341,1.1788201,0.06437668,0.049238283,0.40624025,0.6635356,0.22186974,1.0044303,0.7631186,0.14537509,0.482816,0.24274966,0.8688698,0.71818316,0.9521394,0.6154609,0.0216058,0.28359064,1.2258016,0.54367137,0.023057574,0.0146905705,0.02403198,0.3905146,0.2556456,0.07472078,0.2351752,0.11343271,0.47992823,0.31121698,0.08289208,0.07713694,0.005428899,0.07087529,0.8580074,0.04684526,0.2744419,0.6455814,0.002719834,0.33289966,0.9958276,1.2558758,0.68067557,0.0,0.7686841,0.024582166,0.0009747524,1.0482992,0.56638986,0.4446921,0.5006757,1.1400975,0.12642293,0.012994023,2.873458,0.09193972,0.48665255,0.5352819,0.61791646,0.08475374,2.7139325,0.5340454,0.8741961,0.8834647,0.0,0.52471143,0.17957474,0.94737506,4.4862285,1.1913352,1.3754267,1.409113,0.67381716,0.011745797,0.044628162,0.78152835,0.25759596,0.024388514,0.23204526,0.30034384,1.2685573,0.02035063,1.261038,0.22990978,0.12507081,0.9182829,0.23357624,0.0,0.5703323,0.662195,0.10950162,0.20277455,0.4184887,0.1313735,0.17729743,1.0600066,0.8243607,0.0,0.087281115,1.436657,0.09390724,0.59356713,1.027713,1.3529791,1.4506093,0.0,0.14289293,0.33537805,0.009240891,0.30906612,0.17000723,0.056494165,0.45847958,0.04455034,0.0,0.0020364742,0.04867669,0.19728428,0.025923222,0.39855424,0.48352534,0.7795614,0.81319004,0.51380956,0.4704903,0.17753683,0.18189394,0.37466127,1.605633,0.01284076,0.02187147,0.6994569,0.49957168,0.5322162,0.5001767,0.22670491,0.9893876,0.1663117,0.40484545,0.11626185,0.043292303,0.11980273,0.21301194,0.69231755,0.2854922,0.30940834,0.2567543,0.18584596,1.1788154,0.42499745,0.29691353,0.016924048,0.69089186,0.44755125,1.3776139,0.13734509,0.1447105,0.8020649,1.1561385,0.28062794,2.180168,0.5595296,1.5137727,0.97351974,0.07277218,0.27965748,0.8004474,0.5654822,0.06656644,0.55395615,0.71897095,0.007076387,0.1719309,0.18271773,1.4665493,0.72954047,0.2499869,0.29668888,0.56837636,0.03655529,0.21643844,1.7937667,1.1590532,1.53059,0.27310467,0.64160806,0.1917136,0.0,0.8343903,0.08268799,0.535503,0.19558907,1.7597703,1.3631266,0.91611665,2.4505105,0.7426784,0.0130268065,1.1770151,0.958148,0.050082926,0.0,0.814341,0.9815876,0.57593757,0.3516069,0.007578334,0.05166587,0.035089638,0.029275775,0.67898417,0.015508771,0.37672073,0.122825526,0.4691097,2.0426672,1.30488,0.35428035,0.15361945,1.7290375,0.0026778048,0.30195156,0.36840096,0.28963003,0.55882233,0.49335575,0.5841644,3.7804403,0.18883231,0.04048075,0.89877427,0.15503168,0.4968711,0.5364157,0.18762565,1.1347598,0.0033044012,0.07986334,1.2968694,0.30604813,0.06513718,0.09045777,0.75782746,0.7042174,1.9162102,1.9274824,0.40919977,0.27290174,0.7175464,0.8374808,0.38067594,0.9604119,0.68761736,0.19993202,0.5862864,0.48300615,0.18123573,0.5213077,0.003915424,0.49975294,0.43777964,0.024494238,0.51325077,0.3527981,0.22004582,0.75079685,0.047786284,0.23403253,0.08769515,0.3055128,0.83932525,0.51327527,0.54218864,1.6420517,0.73380816,0.81049335,0.11744261,0.23648468,0.67559665,0.10365754,0.18592232,0.31470692,2.376683,1.2827545,0.7940838,0.012934884,0.12927496,0.48011914,0.426068,0.3707312,0.52653605,1.4830253,0.16758604,2.2693603,0.24479084,1.2769271,0.0071245516,0.5141508,0.19063607,0.63798684,0.0050871274,2.9237955,0.09409463,0.423199,all_pothole_images\pothole_images_enhanced_a2462451ad42b0c9d4d0a972e5f37aa9.jpg
0.5789979,1.4292737,1.0176955,0.69185996,0.05197722,0.8261155,0.6678,0.34127024,0.74191993,1.323136,0.8337525,1.406784,0.6916327,0.089053474,0.2362895,0.47548994,0.95748836,0.27015612,0.6278109,1.5167208,0.9735245,1.4031699,0.4697242,1.0458794,1.284967,0.8326142,0.70707726,1.5176681,0.28018248,0.8197834,0.7374543,1.0715944,0.5139732,3.8333297,2.3038542,1.1719477,0.074158154,0.9723119,0.06856236,0.87980354,0.6161115,0.113656014,0.40414086,0.18164267,0.45513058,0.6715723,0.51630944,0.041292064,0.68999,1.4254023,0.7721348,0.1883416,0.57910335,0.5377736,0.87735575,0.5423912,0.7308579,0.57915187,0.6918369,0.5097844,0.0002669599,0.96303767,0.4381747,1.1565496,0.5910916,2.4524179,0.7269609,1.1884469,1.5742856,0.28204566,0.80548966,0.22892629,0.2957174,0.45912504,0.45236504,0.67452395,0.91002464,1.7363653,0.002866302,2.1717062,0.020357136,1.2373693,0.6226977,0.7948769,0.26144978,2.387178,0.5830185,0.4255994,1.8687284,0.90324265,0.14501262,0.8806903,0.8667061,2.8214886,0.038207617,0.24964844,1.3445693,0.87293553,0.38927314,0.15870199,0.37720913,0.8198747,0.2441472,1.0207158,0.35412216,1.776148,0.2126303,1.4854151,0.25893572,0.56706285,0.33884767,2.855658,0.18839963,1.5873466,0.063580975,0.1142388,2.3063085,0.9239083,1.955084,1.019419,2.1908426,1.3870612,0.5326491,0.8005764,0.40417227,0.6385318,1.2473507,0.27554598,0.5028173,0.3957707,2.83379,0.5832444,1.559919,0.46520874,1.2745833,1.148088,0.4476425,1.0814838,0.96633387,0.12968422,0.2787711,2.3802142,0.7064992,1.2549702,0.30349633,0.44338116,1.5143343,1.0308417,0.62717134,1.3647976,0.7547714,0.26100442,0.3525578,0.07658829,1.8123425,0.44269276,1.9951607,0.1495217,0.29423788,0.68833566,1.442447,0.42460257,0.41495836,2.2100923,0.12931779,0.46562934,0.9678422,0.3809905,1.2700582,1.6090944,0.863204,1.3853841,0.41848087,0.014521752,0.9878697,0.115811795,1.0743585,0.0052941465,0.007645485,1.6255679,0.5711263,0.976053,2.2407641,2.9661827,1.5948548,0.96082336,0.15669498,1.9427196,0.75500745,1.2817596,1.0121925,3.4187758,0.32301623,3.5266185,0.48749173,0.5221152,0.4491162,1.7124783,0.09305,0.4569365,0.8330747,1.1163398,1.1175219,0.6515401,1.7981206,1.7587277,1.4346557,0.8738762,1.4792497,0.4606049,0.03247471,0.28396732,0.6295691,0.28121287,0.4164293,0.3072823,0.8245716,0.09749207,0.4496599,0.3725926,0.25383317,1.0218172,1.0915762,1.036843,1.303757,0.67074287,1.7844961,0.1214159,1.97611,1.1386689,1.1093345,0.5028782,0.49640632,1.11825,1.2716051,0.40676004,0.8687071,0.62237865,0.37762251,1.2835447,0.2833508,1.179126,1.5201803,0.8060277,0.19177821,0.21724358,1.5425588,0.07973793,0.3493583,2.275886,2.5930505,0.6822218,1.026344,0.67258614,1.1522706,0.79681045,0.17722875,0.4415515,0.75468224,0.30316204,1.6235576,0.1382767,0.4330694,0.4762188,0.794458,0.50426275,0.47925225,1.7802261,1.2114974,0.83172995,0.6403662,0.429969,0.19846211,1.0523918,0.44512397,0.6832949,1.2473423,2.6146495,0.9929372,0.23471922,0.0024106794,0.34989682,0.82681286,0.1517129,2.3566146,0.01627078,0.23435132,0.28301913,0.06675719,0.08700635,0.28674054,1.0296437,0.17297977,1.9006276,1.27951,0.2870457,0.9067403,1.2900631,0.97736865,1.5949632,0.27189648,0.31767324,0.39182678,1.0528035,1.7802752,0.11644665,0.18219805,0.52910393,1.1040697,0.23660457,0.15297487,0.6415433,2.8574457,1.0721473,0.079153106,0.49723923,0.25237614,0.2312675,1.7853953,1.7038424,1.8289592,0.42169935,0.37871847,0.3751409,0.03335121,0.80799234,0.088252045,0.64865214,0.7873662,1.4376271,3.153657,1.0826042,2.0524752,0.0,0.6746913,0.52759725,0.63326746,1.0589163,0.56375664,0.31486657,1.9947444,0.93000096,2.2658222,0.70744914,0.20616388,1.0175953,1.3080695,0.7900321,0.3388231,0.057694934,0.19883353,0.76467824,0.689296,0.5985468,1.0523249,0.31308034,0.2820264,1.4030138,0.07195121,0.74954146,0.24551064,0.84827983,1.2023004,0.48470157,0.5599349,1.1406919,2.553066,0.022148652,0.32086295,0.3372411,2.0414376,1.1610867,2.5111566,0.25018218,1.118237,0.30667782,0.44356453,0.93934786,1.3331124,1.3084406,0.6561083,0.21579438,0.16415985,2.371228,2.2488863,1.4136674,2.1648853,0.394037,0.6651935,2.9058511,2.0631633,1.516613,0.5137662,0.19141065,0.06488109,0.8119996,0.5130559,0.5310389,1.9240968,0.19330399,5.2202864,0.5793785,0.01826423,0.25375417,0.16256753,0.7860947,1.3674736,1.3850397,0.2388735,0.0177053,0.09497197,0.6184911,1.5973259,2.366955,0.021582104,0.048595924,1.2832097,1.474441,0.39714396,0.92797315,0.38291767,0.7093359,3.3295627,2.702369,0.5181562,0.32859698,0.22072496,1.0164019,0.14188333,2.256911,0.5083291,1.7700955,0.30501303,0.5131349,1.5340084,3.4718335,1.7273709,0.40821582,0.8844187,0.39586398,0.15776908,0.06478674,0.09485539,0.2671868,1.273442,0.22894523,1.4677935,0.24239497,0.03729371,1.0926627,0.5107192,1.7384228,0.9586289,0.49353352,1.3681744,1.0649395,0.2702694,0.98122853,1.2726781,0.6366855,0.06517728,1.4640092,0.671842,0.08506309,0.014163131,0.41341186,0.9578214,0.005095479,0.97179323,2.0384445,0.898069,0.8854394,2.3470604,0.14251855,0.9724434,0.1656803,1.2789688,2.0861733,1.6872227,0.55825514,1.9005771,2.2986932,0.04912392,0.26109532,0.6325633,0.35010812,0.5545566,1.3657964,0.64168,0.01654355,0.90053034,1.1127908,0.08953821,0.3174415,0.093209654,0.0031948849,0.083172806,0.6290086,0.37817803,0.2057817,0.8155622,3.2870839,0.56355155,0.22841094,0.46654683,0.90898335,0.5529218,0.7732646,0.56347984,0.71892864,0.6047677,0.3838748,all_pothole_images\pothole_images_enhanced_a294c1adb65c32f542b35759d6fb2ad7.jpg
0.9164645,0.26016414,0.09712309,1.8071285,0.54672617,0.6968245,0.35151666,0.0,0.18118864,0.7027533,0.14630857,0.61061424,0.69202125,1.0366685,0.0,0.3821519,0.5672298,0.16924097,0.79528713,0.052696675,0.3752829,1.6969876,0.6864487,0.8196033,0.43578625,0.49348202,0.0,1.7770301,0.1777406,0.18050031,0.13536665,0.04127341,0.30288747,0.9216257,0.30714613,2.4648361,0.60880405,0.19560045,0.24986137,0.40018085,0.36671197,0.054382488,0.22461683,0.08870498,0.21126501,0.8858851,0.30955297,0.0,0.5681023,1.9436907,0.83504295,0.13011652,0.19878308,0.63772786,0.24179244,1.4551144,0.37552848,0.18578434,1.9646891,0.12845811,0.48858738,0.42602035,0.3589188,0.28670284,1.804415,1.1230086,0.14035729,0.0,0.9962284,0.11791546,0.19055004,0.084237665,0.3900963,1.2563908,0.7151765,0.1555872,0.0018387112,1.0326065,1.1705091,0.0069194166,0.003081518,0.054552004,0.39851612,1.1471546,0.53443915,0.20115733,0.012595617,0.15928592,1.1442993,0.788676,1.0875932,0.1125531,0.013874224,1.009927,0.06035269,0.17020632,0.601739,0.5134441,0.110979386,0.5172318,0.55613005,2.374208,0.72014034,0.29451376,0.90490115,0.061407965,0.121823296,0.27817976,0.47462362,0.15532777,0.088736296,0.9527874,0.15950802,0.41578332,0.27664205,0.17207664,2.819731,0.35899928,2.701183,1.2870588,1.2546759,0.6681981,0.35854626,1.144876,0.21872018,0.9719526,0.30761552,3.3296857,0.43490914,0.13265623,0.1653675,0.0,0.31660998,0.23874794,0.00983626,0.22051133,0.4458649,1.6212282,0.065539934,0.4845215,0.23237571,0.25547794,0.123018675,0.6146929,0.08128007,0.34405726,0.0,0.69998527,0.3427329,0.29714373,0.6202331,0.19804053,0.31300703,0.0023442833,0.46472314,0.9050079,0.66742676,0.5135477,1.1815319,0.61021703,1.5739925,0.7174375,0.0,1.4332155,0.10030006,1.1545855,1.2396907,0.13614477,1.6818178,0.5734674,0.0045048306,0.21641695,0.016457211,0.18927087,1.0215099,0.5427076,0.12904343,0.0,0.6163911,0.12641387,0.104831204,0.95924157,0.36465657,0.46371472,2.5962036,1.2709736,0.25993556,0.59077466,1.1908514,0.76330465,0.0054701087,0.13377205,0.57114697,2.1920202,0.03182412,0.48258948,1.1124364,0.9285482,1.465492,0.027664574,0.55801576,0.636226,0.66935223,0.9598714,2.3287535,0.10555523,0.6900043,0.004545221,1.9162809,1.1284932,0.06477157,0.059226695,0.38431332,0.26797777,1.2623762,0.96741796,1.3214846,0.22229768,0.72324306,0.36672887,0.18167213,1.3844215,1.3124341,0.2995485,0.027475396,0.15041144,1.0589948,0.32010606,1.5808537,0.039643552,0.14009972,0.07685672,1.055005,0.27471086,0.058352947,0.30753702,1.8176287,0.10033033,0.19694486,0.16511466,0.9171016,0.3138371,0.14329304,0.22018483,0.2743012,0.023473289,0.30348268,1.0877905,1.3901588,3.6170385,2.0645769,0.49476686,0.46668053,0.5689171,0.30417684,1.1803017,0.41645408,1.3665601,0.7643337,1.59607,0.5481354,0.010862582,0.3871151,1.0239367,0.2699303,0.24370158,0.054549694,0.8760038,0.017879274,1.1343877,0.041600693,0.059802406,0.030514045,1.0816756,0.86897,0.30953375,1.7052897,0.7612783,0.43139088,0.6848684,0.39033297,0.24683762,0.40615082,0.27665722,0.20355816,0.6425822,0.45773864,0.048607115,1.0430638,0.46673715,0.28541958,0.12754977,0.72695625,0.6018745,0.03266222,0.02624298,0.8618726,3.8137605,0.29722756,1.2705622,0.35887006,1.190392,0.116034225,0.5306473,2.153521,0.5573752,0.38670605,0.5712682,0.29467216,0.082911715,1.6768831,0.45315692,3.879745,2.345198,0.42146325,0.50532997,0.45016646,0.5316006,2.5005364,0.22126015,1.8529751,0.10094919,0.0049670176,0.45641813,0.6467392,1.0122981,0.42527822,0.24204594,0.17452605,0.3480177,2.0816987,0.55439043,0.035951182,0.15897375,0.0753827,0.19410981,0.0011099449,0.07015131,0.5563772,0.15838492,0.67086744,0.1465385,1.1024395,0.120123655,0.19687247,0.70435345,0.08283991,0.06638868,0.3645167,1.0149732,0.5644639,1.9581037,0.36490795,0.5808198,0.15262938,0.9919673,0.4702216,1.0629073,0.98160404,2.12227,0.6870471,1.2709333,0.6417755,0.18432648,0.3070333,1.2341193,1.8883387,0.6758581,0.8629705,0.45680773,1.0327275,0.13570012,0.4320004,0.039215714,0.34908742,0.6270424,0.57397777,0.9543247,0.20225945,1.4383105,0.8634365,0.22417025,0.35844243,0.019787084,3.169368,1.428561,1.0514969,0.037868693,1.1599197,0.9715549,0.2499836,1.0430778,0.086090185,0.7627361,0.010683984,0.32699293,1.9827888,0.44210416,0.6217456,0.1724036,3.9398155,0.58522904,1.0403485,0.12836792,0.92208797,0.087070316,0.08232296,0.30032763,0.0,0.089433715,0.7127201,0.20869237,0.8293649,0.030297004,0.13246356,0.45319507,1.6188225,0.082106754,0.5883936,0.13919953,0.49891856,0.47337255,0.2122322,1.1679097,1.2639893,0.15976296,2.597736,1.1582123,0.16960667,1.9203023,0.56418186,1.5925529,1.318558,0.05855361,0.3924293,2.2263236,0.59754455,0.7313729,0.04946146,0.5457026,1.2813647,0.3403083,0.72886133,0.58505845,1.2045232,0.03202885,0.87927234,0.043623015,0.89905214,1.1796899,1.2387189,0.61577326,0.88020605,1.0170791,0.42260534,0.82285285,0.27405354,0.38713259,0.80232126,1.7259277,0.78915954,0.9116563,2.1862636,0.34376213,0.7058618,0.14104074,1.037634,0.030766744,0.9056267,0.42114744,2.0132124,0.80969274,0.23217991,0.64597774,1.2828894,0.04289238,0.49783146,2.392108,0.02247449,0.048853323,0.65128344,2.8317814,0.63231796,1.0656705,0.042877518,0.42579094,0.32708123,0.027754033,3.2773287,0.16410929,1.3864338,0.30168584,0.26825196,0.07529827,0.72395784,0.49335575,0.106639676,0.083671644,0.35818446,0.39963564,0.48540217,5.854806,0.3292654,0.4527858,1.1309321,0.04301399,0.04028627,0.0010250305,0.3112826,0.4631754,0.53959656,0.5196157,all_pothole_images\pothole_images_enhanced_a2abc9befadf6522d0bb24ea164e52bf.jpg
0.9309258,1.4222854,0.08494048,2.5122237,0.55027133,0.51717526,0.048823584,0.7028413,1.2549598,1.0493354,0.6151728,1.61461,0.0012370526,1.8583207,1.304278,0.15550055,0.027240302,0.19347034,0.23283689,0.7522902,2.0582922,1.4081637,0.9693617,0.09265862,2.6121728,1.5327404,0.3259972,4.237958,0.7192376,0.38270837,1.7026277,0.074175425,0.6861774,1.0763118,0.44105178,1.8545146,2.0487547,3.298965,0.8748477,0.042349633,0.09412166,0.8372153,3.0465322,0.8939746,1.1653244,0.04091123,0.69849783,0.4340705,1.2238781,0.57904357,1.504004,0.90112025,0.21864891,0.019059813,0.5197891,1.3579116,1.9196854,0.60815436,0.60888,0.618379,1.78196,0.13871132,1.9291215,1.0735881,1.3784606,1.523174,0.05844636,0.0,0.0,0.22062092,0.83605766,1.6600645,0.25975707,0.44193953,2.121311,0.32235578,0.1944455,2.1744947,0.36008438,0.9167791,3.019666,1.2721,0.3231259,1.7142262,0.08427316,0.26993942,2.2185822,0.5892675,1.8251681,0.8695306,0.049449783,0.48132426,1.0486276,1.5184846,2.015168,0.4599299,1.3591478,0.49909502,1.5168217,2.782312,0.41460946,6.9580226,0.2146555,0.44202387,0.41576487,0.27688834,2.4632986,1.0470043,0.64436555,0.4166491,0.6185915,0.36648464,1.7592756,2.8547597,2.6670167,0.6758578,0.9833116,1.030621,0.11347816,1.2229226,1.7729788,0.29419607,0.0,1.5927471,0.88639116,1.6525844,1.5333679,0.49372676,1.1261661,0.2166726,0.2496596,0.02931701,0.04065396,0.8871685,0.83151937,0.26987126,1.0145117,0.54185426,0.20035808,0.6516276,1.0318736,0.44624913,0.9413786,1.4403936,0.868079,3.004118,0.5983872,1.2038335,0.50022835,0.28711724,1.2040203,1.3484743,0.85511947,0.6813142,0.64782786,0.8080144,0.42413446,0.2712809,0.2713137,1.274366,2.9263742,0.79224074,0.4419771,1.823073,0.44324735,2.2136302,2.7980645,2.2138605,1.3449379,2.5558212,0.62126356,1.2118888,3.5903258,2.5625255,0.26995665,1.3827364,0.7502145,0.3921404,0.09088821,0.029219957,0.18455933,1.5483903,0.7837191,0.33756682,1.8100731,0.6799302,0.0,1.8510592,0.59664077,0.72860616,0.6881265,0.3756404,1.2004873,1.3530588,1.2516216,1.5758299,1.369981,0.6411645,2.1372976,0.21764179,1.5536419,1.8222578,0.20951483,0.40155464,0.70075893,0.015173059,0.027620781,1.0657697,0.53616345,0.6327581,0.005410417,0.20650746,0.28577352,0.1432411,0.790239,1.1623086,0.117743686,1.2568064,1.3035924,3.1380417,4.027788,0.3694535,0.010210566,0.8514135,0.041764975,1.922991,1.913527,1.9533162,1.2307638,0.4809956,1.9694195,0.74818605,0.21454246,1.2109935,0.31290162,0.101990074,3.8947875,1.19034,0.46049708,0.2135008,0.27727488,0.10451554,1.684952,0.56546915,1.7057089,0.02544744,0.051769212,0.61880416,0.59052044,4.9250627,3.4146366,1.8668271,0.0013989304,0.16786626,0.21382003,0.28871432,0.124272324,0.39664796,1.6106935,3.6207502,2.976162,0.40730584,1.4879417,0.06675292,0.02933284,0.37400502,0.837826,2.0735955,2.5704823,0.042432714,0.01506688,0.44516233,2.0264392,0.08095685,0.52544355,1.0316017,0.93102497,1.5640081,1.4422044,0.671433,1.0242876,0.38938883,1.1000134,1.6296476,0.41817173,0.16037062,0.8503922,1.4565313,1.5482275,1.6562164,0.12543155,1.0375654,0.78069305,0.64786005,0.88516337,1.8344524,0.34828088,1.2064416,0.6512063,1.9898642,0.32620808,0.8016421,0.40456003,0.09214385,4.0125446,1.693498,0.5648321,0.04211445,0.19679134,2.8807602,0.30926996,2.194375,1.70622,2.6302216,1.5379303,2.0357096,0.5312475,1.9788803,2.3335354,0.54233253,1.4365963,0.02553174,0.66258043,0.30196235,1.4000022,1.5261675,1.1238518,0.42130786,0.032895047,2.4003901,0.7537692,1.525266,0.0,0.3489871,0.025712095,0.15924588,0.6867345,1.8375138,1.2437688,2.3650568,0.14481159,0.013331855,3.1446564,1.094264,0.9608186,2.4253483,1.2512592,0.49728358,1.7045863,0.4364216,2.57653,1.2187431,0.31696704,0.54146534,1.0147165,0.024052035,0.663514,1.8433697,0.06666482,1.1469159,0.062190652,0.21709003,2.056074,0.8572203,0.7147896,0.34140846,1.7476692,1.3499392,1.761515,0.11580681,1.3696871,0.20156103,0.03067322,2.1955173,0.008660497,0.00069044536,0.0097707305,0.50733703,0.33468822,0.8051848,0.34081346,0.52126473,0.50141156,0.61212295,3.2559154,3.2377553,2.9976914,0.10122204,0.09962089,0.5222282,0.27254224,0.15249878,0.58272296,0.22419299,0.2063507,0.08135775,0.4581038,0.6256619,0.0063398234,0.5306151,1.7743613,1.6303052,0.5596517,0.26515752,0.4025351,1.5911525,2.3918264,0.118599966,1.6271446,0.5694453,1.8792318,0.48269197,0.0,1.1907064,0.14847049,1.5909206,0.5207584,1.5275797,0.80279803,0.743513,2.376802,0.051677268,1.1142081,3.606284,3.261205,0.019877203,1.4080536,2.0895405,1.6435466,1.2661247,1.5101718,0.21345732,1.3297195,0.12742798,1.9330117,0.72277373,0.5860041,0.70833087,0.06334179,0.2958603,1.567185,0.65156525,1.3146094,0.06048027,0.12920678,0.14844595,2.3149738,2.2456012,1.1179671,1.830004,1.9842727,0.16517152,0.42203957,0.5570874,0.025670988,0.66475713,1.06902,1.0422345,1.5145061,0.33985314,2.4713817,0.47067708,1.2351289,0.1071281,1.326319,1.6111746,0.14131527,0.35270935,1.96857,1.2244514,0.059357155,0.2835804,1.2292107,0.3095499,0.14812863,0.004428504,1.0765291,1.6157975,1.1348084,0.28396532,0.57753676,1.9656237,1.8479031,0.79326195,1.6259124,0.20849492,0.3766818,0.6795147,0.05164054,0.37719563,0.8211671,3.2127192,0.053113975,1.6806927,0.15463465,1.2449303,0.33374685,0.40890634,0.52907825,9.796738e-05,0.98160887,1.1460129,0.50435334,1.4306121,1.6169857,0.009546098,1.2501955,0.6004809,1.3810422,0.5015383,1.5972465,0.05425859,all_pothole_images\pothole_images_enhanced_a2db1cdc2e782aeb29019deeba31cf8f.jpg
1.2611355,0.2700279,0.21362117,1.0061401,1.1035628,0.3565201,0.27980822,0.8245298,0.32577112,0.7050397,0.01698502,0.19745217,0.3858442,0.66318005,0.26509234,0.023864761,0.0764251,1.9498847,0.13853012,0.1103717,0.6785536,2.4118462,0.40111738,0.6709092,1.9196159,0.7784528,1.0888624,2.5499537,0.117156684,0.7452848,0.65336716,0.13255942,0.44452813,0.62355936,0.14257598,0.4081118,0.43227223,1.5682973,0.14189804,1.7870692,0.17720234,0.0884174,0.035921123,0.8676281,0.24627262,1.4012977,0.05501878,0.0030631316,0.5655053,2.0481458,1.2391541,0.06877546,0.113377474,0.07990754,4.8183058e-05,1.4703944,1.5081604,0.081615284,0.14280817,0.060959674,0.42603013,0.22130696,0.36099476,0.017377017,0.71029645,1.8182281,0.12737834,0.02143219,0.38362935,0.21450967,0.047886245,0.110555984,0.09277226,0.94905394,0.32463595,0.52301097,0.33582714,0.28032655,0.0008022858,0.002392322,0.00477831,0.012690325,0.23525499,0.377694,0.5962609,0.57828915,0.24580792,0.42103016,1.1826,0.33092853,0.23173498,0.42999345,0.28665423,0.21733388,0.026871046,0.028485617,0.91903216,0.112892784,0.62721825,0.687641,0.2101909,3.5280492,0.9021787,0.054203104,0.16011338,0.43667972,0.20342939,1.2536054,0.3503844,0.45619488,0.019024692,1.1851143,0.6940221,0.6762245,1.0587479,0.6662562,1.8183942,0.050763067,1.470217,1.003069,1.6697166,0.40058345,0.060723152,1.8239024,0.1817878,0.7325757,0.32424155,1.226677,0.53224343,0.020457506,0.18993877,0.0,0.068255514,0.3469057,0.07012335,1.0434493,0.5838919,1.7286258,0.22320296,0.117638275,0.70030224,0.0,0.45008168,0.790441,0.542465,1.4983013,0.40510407,0.97542197,0.0,0.009937233,0.6779605,0.14936228,0.0020790843,0.0,1.0388495,0.39450535,0.81245685,0.3120856,0.60443914,0.8653379,1.703376,1.820271,0.1612997,2.2099783,0.077277526,0.61585504,1.0091325,0.3008086,1.3560452,0.66200787,0.21720327,0.10633619,0.030909304,0.01547775,0.30635375,0.12384089,0.18379274,0.037505142,0.39303797,0.012939711,0.0,1.2028178,2.154368,1.122252,1.1251476,0.35261306,0.22340746,0.905714,0.26382244,0.7036687,0.17990077,0.51283294,0.11399415,2.3068676,0.19611266,0.41736886,0.7704517,0.2894854,0.032354992,0.12030282,0.10935027,1.0109947,0.9242974,1.5066223,1.8718904,0.38101858,0.21812916,0.7962651,1.3270935,1.1332258,0.0040623583,0.0014703246,0.6367669,0.19686632,0.59089744,0.54671884,0.63867044,0.16735555,0.30799952,0.0,0.4948831,0.8501587,0.37854913,0.24157093,0.020465987,0.8626829,0.1375143,0.47048104,0.24667393,0.22056118,0.07703406,0.6705245,0.28237715,0.21419439,0.28925937,0.03407634,2.4412396,0.095215864,0.034127984,0.083442755,0.6405502,0.016811399,0.07451795,0.36116055,0.029436195,0.09385565,0.17460963,0.7994458,0.10343216,3.6350129,2.127833,0.6547456,0.7434258,0.19167571,0.055821184,0.16130479,0.2937115,0.048427567,0.09328257,2.676939,0.36991453,0.00052572583,0.31581655,0.3869695,0.60206866,0.13973062,0.009415126,0.63132817,0.6118899,0.12854144,0.048563085,0.0,0.045864448,0.6191667,0.43981263,0.35017687,0.11696555,0.86036944,0.37894192,0.6680998,1.292693,0.10392203,0.0582446,0.16534512,0.8296233,0.25266996,1.104169,0.024999216,0.4328083,0.64173687,0.93641144,0.022307675,0.13575783,0.612007,0.04729036,0.22056034,1.0988996,1.2500741,0.038071282,0.68966967,0.18589866,0.8085506,0.0,0.4256181,2.5490525,0.11761408,0.026678802,0.136968,0.0020430826,0.4933916,1.1907443,0.59838456,1.6124629,1.556744,0.32972723,0.44250527,0.28856048,0.9885029,1.2878677,0.04915689,0.4022409,0.14215405,0.54156214,0.20106074,0.6062067,0.8113838,0.0901202,0.11298,0.50648355,0.053090766,0.97346544,0.098125994,0.020394037,0.0,0.004232916,0.27572915,0.9979172,0.06366395,0.2290108,1.3299832,0.2662167,0.07720727,1.6080791,0.061826278,0.6544781,0.03501015,0.053670216,0.0971833,0.51403093,1.1811146,1.175499,0.5588473,0.5224688,0.88957196,0.3414798,0.6114466,0.05051033,0.73764604,0.09718463,1.1617479,0.2428843,0.25673273,0.058262378,0.105829045,0.14093089,0.07716642,2.1385314,0.082658656,0.27025318,0.033885844,2.0652785,0.044524826,0.21983531,0.08766354,0.24206589,0.4052494,0.011674978,0.05794061,0.09267397,0.2063933,0.22983049,0.0,0.08779186,0.14089647,2.06803,1.2651845,1.3018757,0.0,0.041075837,0.9342275,0.67818683,0.37163228,0.16546287,0.21613398,0.0032066964,0.0,1.0408009,0.020103462,0.13738352,0.19605753,2.7328656,1.4825389,0.28112644,0.17301701,0.28343388,0.16449851,0.06422109,0.5811246,0.14339681,0.36600128,1.2682548,0.34685546,0.06320226,1.0235988,0.0020705236,0.109652914,1.2554414,0.42777753,0.9466769,0.5973432,2.4884765,0.547312,1.1204543,1.6088771,3.7260315,0.037229396,0.36140862,0.80444086,0.6412355,1.1701598,1.024848,0.093797825,0.18392767,0.7410468,0.15551695,3.1413655,0.76498115,0.60535944,0.059487194,0.73291755,0.4295757,0.4715714,0.33753523,0.103877746,0.21236886,0.15763661,0.45639768,0.3679864,0.41631183,0.178258,1.0062512,0.37360907,0.6595246,0.66480166,0.56867945,0.60882986,0.17948577,0.13454065,0.6097501,2.2693179,1.340446,0.4553838,1.6506633,0.07194334,0.098525606,0.073006734,0.35596687,0.3251854,1.0851749,0.49748352,0.5447914,0.8906437,0.060397077,0.031358406,0.39909455,0.0098500755,0.027404772,0.6994625,0.3042407,0.07211502,0.2900261,2.5885684,0.5175288,0.5962283,0.0,0.14075857,0.23822498,0.02352054,0.17640905,0.25573015,0.32666206,1.2947909,0.0,0.17599075,0.70394444,0.26779693,0.10839447,0.050577965,0.29041746,0.027608756,0.69491726,3.1389444,0.68050945,0.046046916,0.45778406,0.08604579,0.005007945,0.01839819,0.5008026,0.5691597,0.79341185,0.4006448,all_pothole_images\pothole_images_enhanced_a2df0b9bb145f681349c1b305b0616f9.jpg
0.79314023,1.3348883,1.1153483,0.9353768,0.6860377,0.20587553,1.0812713,0.7021203,1.1617348,0.36169538,0.35452798,0.14529428,0.4401856,0.48599556,0.7964288,0.30462414,0.1611796,0.0,0.3993978,1.3802676,1.0498838,1.2346474,0.26873374,1.7016505,0.7170214,0.32264352,0.6913142,1.1870524,0.5418847,0.021459024,0.29855454,0.07781956,0.64242154,1.7850128,0.3374883,0.7986816,2.1569753,1.0406184,0.53513205,0.18676983,0.12912045,0.0,0.041814793,1.5668001,1.0367082,0.28149775,1.5000753,0.18842767,0.05468045,0.8268589,1.1681498,1.5481004,0.05964904,0.07014388,0.045867667,0.54726094,4.2229543,0.07217446,0.091651894,0.7475436,0.23475853,0.03023897,0.59071225,0.006586229,0.1743018,1.7262564,0.0,0.057172384,0.0015189569,0.54350114,0.054975756,0.1701945,0.2898719,0.56831473,0.3313764,0.29761547,1.3844284,2.5584028,0.06306876,0.75759053,0.24199337,0.0,0.037943132,2.6601634,0.559735,0.2425822,0.065945126,0.83886683,2.7019534,0.26696482,0.685433,0.22077805,0.15176731,0.021435963,0.846744,0.08200757,1.4308723,0.84304273,2.4883773,0.30476254,0.035236422,2.850866,0.4696741,0.0403654,0.122885756,0.1324093,0.14099169,0.09897014,0.96503055,1.2411046,0.0,1.8749685,0.53188884,0.030262893,0.81714016,0.66288984,2.8893545,0.93750316,0.3277995,0.24851863,1.4125764,1.3960434,0.3601664,0.15721434,0.52873737,0.38666138,0.04582676,1.1552573,4.2296143,0.003776382,0.33054936,0.09092789,0.37502754,0.112254344,0.102190495,1.1732533,0.0088513745,0.9800817,0.036398944,0.16805394,0.43063867,0.81740546,0.337714,1.2475489,0.7365843,0.23449029,0.20732653,0.28118795,0.22285406,0.07957191,0.009776975,0.0,0.36228985,0.21094726,1.317957,0.4817543,0.5957197,0.62911594,0.6575135,2.9947677,2.2200315,0.28702697,0.1094348,5.1926847,0.0058623874,0.67338675,0.86153334,0.3846132,0.766271,0.28479445,0.13872448,0.4902956,0.03878818,0.13626492,0.48901248,0.003961462,1.2156149,0.0,0.12020239,0.5697757,0.0,3.9115748,2.1092541,2.4482555,5.5472627,0.3373108,0.335311,0.5592811,0.57216233,1.2301899,0.5998356,0.0063309283,0.073677346,3.2834198,0.26815832,0.2630254,0.5313004,0.93200004,0.10527668,1.0564244,0.22924176,0.92245847,0.015567634,0.9375534,1.4513321,0.65226907,1.9371331,0.17621705,0.5054814,0.6460293,0.0,0.8241648,0.14892688,0.69255453,1.5920713,0.6731356,1.1431879,0.06199275,0.793867,0.64098775,0.48609632,0.019323347,0.9525162,0.50603163,0.026401354,1.2368633,1.7373822,0.21640912,1.6640006,0.25135288,0.7639844,0.0104525415,0.7349304,0.022149382,1.0972457,0.02911139,2.4916384,0.0,0.09342014,0.460695,0.3361463,0.010286522,1.1892593,0.016472204,0.011665098,0.22038536,0.67263824,0.13745917,1.1526766,3.23214,0.17628512,0.5109417,1.0103647,0.4382989,0.948211,0.020677537,0.9225786,0.11252208,0.019214382,0.7245822,0.17098108,0.067939095,0.19894351,0.26737672,0.57379574,0.87027013,0.36297446,1.5918121,0.36791268,0.77006996,0.15104157,0.08664832,0.14554577,1.0595739,1.4597255,1.1373819,0.92106956,1.4254726,0.43556175,0.32669836,1.1526456,0.36352113,0.5005978,0.05737717,0.2981679,0.7391871,0.31439582,0.18951882,0.40465724,0.42539307,0.44763067,0.07228893,0.15913144,1.7007393,0.13331893,0.053912066,0.2893244,0.0,0.5084296,2.187844,0.6036641,1.0589721,0.1478827,0.32207444,5.565595,0.10478738,0.06978474,0.3306259,0.4079258,1.019041,0.37285265,2.0235865,2.9959528,4.364381,0.3649912,0.120833375,0.033279732,0.5583865,3.0333784,0.755116,0.009456595,0.27569997,0.40852877,0.5080642,0.43383065,1.0443753,2.0439708,0.005283545,0.061946686,0.28656825,3.8686728,0.45567918,0.05888998,0.5809611,0.08451517,0.7712186,0.20085411,0.110779986,0.39092574,0.95141745,0.15576874,0.62666637,1.9468426,0.3098709,0.7556414,0.1201832,0.17814542,0.0416173,0.2597562,0.39523003,0.9625108,0.0074170986,0.46299657,1.0266992,0.17304485,0.36782965,0.92903525,0.41451964,0.20306867,1.612163,0.06599443,0.023709992,0.72391844,1.4488521,0.07772608,1.2926143,1.0744892,0.9121536,0.8793299,0.04271423,1.4405484,0.11639223,0.12698045,1.0746827,1.117605,0.04550108,0.119706735,0.435958,1.4402738,1.1073494,0.14967087,0.11407095,0.6829692,1.4910444,2.1016204,1.600227,1.3423337,0.037739124,0.0790437,0.3017931,1.0704707,1.3862815,0.3815784,0.05060891,0.14604132,0.2390437,1.4397991,0.24146755,0.1342874,0.78928405,2.1573765,0.60285336,0.72357005,0.8868186,0.008535231,0.0,0.77860945,0.07075799,0.23045267,0.40195176,0.76126736,0.5960286,0.6157041,0.1390226,0.23602054,0.9353829,0.9047722,0.89902097,0.76410294,0.0,1.0533009,0.69794905,0.46142873,2.095285,2.9698408,0.8020719,1.3169578,1.1232136,1.4263265,1.2043502,0.74350864,0.83184844,0.8600446,0.7370626,0.583093,4.847468,0.70660174,0.5465649,0.7013822,1.1329534,0.7121038,0.061176028,0.11339795,0.34176958,0.0,0.19508682,1.2711846,0.015561833,0.20055866,0.7475894,0.30708316,0.012794797,0.0010464744,0.7149868,1.1597261,0.65345156,0.19904412,0.19966063,0.2151742,2.5695467,1.4418627,0.49025717,1.030237,0.0,0.40957934,0.2875296,0.1210955,0.023255965,0.95260805,1.4703395,1.6498779,0.20226288,0.23269637,0.5510239,0.7155562,0.72120935,0.19226553,1.4155967,0.7685178,0.08617084,1.1929841,6.0212975,0.31879067,1.0404354,0.08410036,0.06998281,1.2719316,0.84909594,0.44640547,0.66327053,0.052974105,0.9017001,0.4064746,0.44466788,0.19990012,0.11845346,0.14487834,0.5447711,0.14446875,0.11717709,0.12393713,3.595203,1.5254208,0.5620376,1.7410111,1.1065617,0.04808439,0.36652768,0.49528268,0.38106054,2.7735856,0.3198723,all_pothole_images\pothole_images_enhanced_a3017cddaa4d74bbb9e6ba4d9ce7304c.jpg
3.6020832,0.37858805,0.98120326,1.3215908,1.3219309,0.38761786,0.43018067,0.004385094,0.9579071,0.91776896,0.02140485,0.46771878,0.1431635,0.7621855,0.81092256,0.72726625,0.73643136,0.32821313,0.565112,0.23741986,1.7669806,3.352346,0.09995945,1.3642634,2.907478,0.099099636,0.054869168,1.7000194,0.46771193,0.100558475,0.2211986,0.1814274,1.3777801,1.0942819,0.163027,4.9751225,0.5297475,0.92402804,0.25984633,0.38268775,1.4921988,0.12428768,0.0533149,0.5465452,0.65686876,1.1429735,0.16056846,0.34473228,1.9553356,2.6066842,0.16359757,0.5243781,1.7444934,0.91386473,0.09799008,1.6092433,2.4701686,0.027763294,0.5948256,1.1717471,0.0024828657,0.065817505,0.47122148,0.9905743,1.1832566,1.921339,0.013881811,0.44276288,1.7920061,0.9214746,0.0070131104,0.05899142,1.3721862,0.7872916,0.6496254,1.2584566,0.063676395,0.32933503,1.0214031,0.2894015,0.9079979,0.011114833,1.8750066,0.2084909,1.1052692,0.4872733,0.3589707,1.0663161,1.7463039,1.3243828,0.6413201,0.032723673,0.10939978,0.014160182,1.0366368,0.06368489,0.04859755,1.0488728,1.6252383,0.55478615,0.10765621,2.5037122,1.0726036,0.115818575,0.14137684,0.27712896,0.28707135,1.8092047,0.73535514,0.6307086,0.24304385,3.9694755,2.827112,0.9561302,0.39924332,0.6678136,2.7416213,0.15266499,3.2766132,2.9819105,3.5304334,1.8226166,0.03481165,0.9341283,0.3632993,0.41492063,0.58608836,1.4934537,0.31422386,0.006374617,0.33717248,0.0058816257,0.16349064,0.29437676,0.31105205,1.9711248,0.034652594,1.1598208,0.26899812,0.8146188,0.021991627,0.098874606,0.02942172,1.2993191,1.606713,0.42134312,0.16131274,0.24540904,0.9334092,0.60271823,1.2660502,0.36606884,0.5067908,0.076924585,2.456658,0.5989296,0.3294305,1.1403261,2.9969647,0.42490354,0.58750004,0.5719256,0.008526151,3.4102397,0.07337605,1.6228074,0.18756475,0.1840943,1.4337027,0.9182912,0.39250824,0.013922437,0.340415,0.76450413,1.5538946,0.34101933,0.8210687,0.0,0.36014822,0.0036801498,0.012108393,0.7488079,0.8841919,1.8196591,1.1229645,1.8339993,0.6909638,2.374917,1.8936572,1.8128232,0.36583334,0.17495169,0.21350212,1.1099583,1.178534,2.1721792,0.3334736,1.3610964,0.93910354,0.50025034,0.2547511,1.2747924,0.91676337,1.3661364,2.076238,0.19939213,0.7797045,0.16919672,1.0706273,0.3135637,0.06846855,0.06855692,0.8284669,1.2021992,0.8439429,0.7900281,0.18336138,0.16310021,0.6226509,0.6151274,0.8702608,1.1381471,0.10826904,1.5826844,0.011991664,0.22483848,2.0336654,0.14766103,1.1267326,0.017639464,0.36083493,0.020479638,0.9062534,1.2988358,1.214198,0.040434152,2.6012304,0.0,0.08383269,0.0,0.3403155,1.256783,0.0027371303,0.019808108,0.06955038,0.35840836,0.87276906,0.3321738,0.36667207,3.2168162,3.016024,0.72529054,0.46058115,3.528702,0.5943502,0.1464158,2.3594277,0.7167618,0.5350171,2.3808246,0.19935331,0.024111724,0.5435725,1.438155,1.6628517,0.8470275,0.03569188,0.2324189,0.15928574,0.48080826,1.0282803,0.43619943,0.24173804,0.77567756,1.1813885,0.9750827,0.32680637,0.50552887,0.16359477,1.2963334,0.13588186,0.17918177,0.22114462,0.4383307,0.0959478,1.4126235,1.2853026,0.09271655,0.07185609,0.3332239,0.82037276,0.008544123,0.38221171,1.172157,0.028241789,0.45605993,0.2807865,3.1021507,0.94837874,0.81580055,1.0223947,0.46558738,0.07880557,1.0107236,2.5276544,0.8842952,0.0,0.6931671,1.0355057,0.35816154,0.8744981,0.55599123,2.7953944,4.9002876,0.24644625,1.8292049,0.06315708,0.82989335,1.4128146,0.24776594,0.3679522,0.4466369,0.8509695,0.23891255,0.20654565,0.5838984,0.55542195,0.0,0.9092523,0.26063818,1.1880198,1.8553861,0.014112757,1.7178248,0.0022016275,0.010682417,0.3734373,1.1859365,0.3764052,0.4470141,0.53808516,1.3959942,2.590044,0.05819323,1.0706967,0.6060372,0.55846286,0.11629213,0.41204578,0.93090314,0.33200398,1.0997828,0.049160995,0.7060365,2.5216334,0.079144694,0.5641245,0.51715845,1.866863,1.7891649,0.21697445,1.3555583,1.1875772,0.18179737,0.05394562,2.6113727,1.1535953,0.0057392437,0.0061953343,1.2224256,1.6577672,0.05286205,1.9971685,0.22650881,0.3558791,0.8151643,0.86553556,0.300581,0.18682118,0.7738651,0.6383691,0.7912342,0.17057097,1.0106213,3.1561995,1.2631695,1.6155585,0.03372847,0.6892059,0.5561142,0.2773374,4.0859156,0.78363144,0.28376028,0.1576171,0.17205752,0.8989739,0.19012785,0.44858754,1.3059989,4.151188,0.35644063,0.45624122,0.14611438,0.5155236,0.099570446,0.17062987,0.33606833,0.3028568,0.44186756,1.7628624,0.84276456,0.4269941,1.8773979,1.3667206,0.5963705,1.3349273,0.37496427,3.0671406,1.3789835,3.5144942,0.78578085,0.12044199,0.90594184,3.2817488,0.043089468,1.0051057,0.99970454,1.3170384,3.3496544,1.7780198,0.055065814,0.90563744,1.2172612,0.21557541,3.6943982,2.5202365,1.5640991,0.023824807,2.0845728,0.41856655,0.33014098,0.018860092,1.8820065,0.41721588,0.0,0.40910357,0.17769736,0.33340484,1.3217646,1.5382652,1.4338766,0.10379254,1.2980644,1.4736507,1.6455663,1.5166585,1.8207372,0.4120742,1.6198766,1.3670619,1.841688,1.7888644,0.37202358,1.484448,0.86768585,1.0843003,0.5433652,0.7881859,0.95406586,1.6880109,0.8743903,0.0,0.35447696,1.5595055,0.024523862,0.22729093,1.8291992,1.6198523,0.21465003,0.36695683,3.9941716,1.8502243,1.0898286,0.47837466,0.9646348,0.14752957,0.645445,1.7512647,0.5060617,0.9186559,0.5238649,0.8124579,0.040639833,0.71857506,0.32329705,0.69975233,0.9081056,0.71962863,0.30834782,0.5886388,4.682746,1.2011733,0.0,3.5168214,1.0061893,0.01837091,1.1814697,1.7314188,0.04216908,2.4671848,0.78054696,all_pothole_images\pothole_images_enhanced_a327e8dd7dff96e72598db5452ccae05.jpg
0.09943456,0.875894,0.44180512,1.4117911,0.71188456,0.14379534,0.3940673,0.01411179,0.1009884,0.9777533,0.08265888,0.03446196,0.6288955,1.2823315,0.0044776676,0.25962254,0.30089363,1.5516886,0.6548183,0.69670135,0.32902443,0.37753078,1.8889695,1.7975261,1.307535,0.68608075,0.6035619,1.0681645,0.089570455,0.3533245,1.1292238,0.41679803,0.002145074,0.5275416,0.28913987,0.92990124,0.5232631,0.8018075,0.58719087,0.09677259,0.037268218,0.68186575,0.09537599,0.11438004,0.54908967,0.43981576,0.11188078,0.05199803,0.3364685,0.646478,0.122157514,0.17890072,0.42662936,0.4441754,0.41485953,0.367827,0.76290613,0.16536213,0.27215245,0.54404104,0.11870888,0.13659638,0.43521467,0.45842233,2.024321,0.1406216,0.36301067,0.013001439,0.16398747,0.20645879,0.17832647,0.35763174,0.28681657,0.042684164,0.24661297,0.10588166,0.14322013,0.46928027,0.04125854,0.0,0.023566881,0.23326552,0.22984372,0.79783607,0.51120937,0.24334115,0.09434525,0.08321216,1.8895249,0.12086821,0.18648824,0.85582435,0.039987527,0.23886019,0.35405645,0.0,0.93147826,1.0622647,0.14343415,0.105953895,0.32781568,1.728169,0.28111228,0.0,1.2327352,0.98699737,0.03909485,0.4551692,0.08796435,0.7969723,0.08350802,0.6540624,1.1309183,0.9976433,0.41996378,0.25868872,0.39141005,0.20299189,2.076645,0.91432935,2.220447,0.8854335,0.57540053,1.0690396,0.38444582,0.3849645,0.22466737,0.27053347,0.8259816,0.0251539,0.54818213,0.030970694,0.25965837,0.12468691,0.009910508,0.5798548,0.24014539,0.067787506,0.058979437,0.014571202,1.4926714,1.3496943,0.8135671,1.0831245,0.049187135,0.8813436,0.34498993,1.2089822,0.26330286,0.09706022,0.47145173,0.19218479,0.025571054,0.0072791795,1.2369865,0.7484529,0.1124899,0.2315815,0.3982235,0.38764918,1.8199593,0.6314018,0.035587814,1.4687008,0.19475056,0.71033585,1.5790379,0.04399936,1.0125121,1.5248119,0.36750355,0.0038908406,0.1915914,0.28190288,0.6885035,0.29641,0.07960081,0.006384336,0.45743147,0.05945661,0.46130395,1.245849,0.98472595,0.5014834,1.8264253,0.34000093,0.06356158,0.49020952,0.21061957,1.3111575,0.6068229,1.9778318,0.1767038,0.92151475,0.026768727,0.54294056,0.5914851,1.5580944,0.46178812,0.3958776,0.63227624,0.2296919,0.35007954,0.23129229,0.34836465,0.40977696,0.28175354,0.1062061,2.5425038,1.0078278,0.00880595,0.14418238,0.8654348,0.3174701,0.7107943,0.8223615,1.5579966,0.71565104,0.9851593,0.3373219,0.02610477,0.825131,0.28186607,0.06548552,0.022520887,0.0,1.0560801,0.00055104075,2.533706,0.8226122,0.054257847,0.0,1.690178,0.27459726,0.55319875,0.116629444,0.27136794,0.10755806,0.21435434,0.4334857,0.5497922,0.32980517,0.5746701,0.05180028,0.015432823,0.10490894,0.5684514,0.29119056,0.12830104,5.4720707,0.041940328,0.11922754,0.13409618,0.17040636,0.13747513,0.33512068,1.2084999,0.7487858,0.12523879,1.6013353,0.17092007,0.29544118,0.13878646,0.29306266,0.3294132,1.1318355,0.20075563,0.27985457,2.6603854,0.044909168,0.15990779,0.023510324,0.19304119,1.0730133,0.07190095,0.5666431,0.31835243,0.3361776,0.19201268,0.72157806,0.0045288163,0.08417126,0.71169335,0.067018464,0.08855039,0.5873769,0.17394173,0.53504896,1.126712,0.4663707,0.22078985,0.04704196,0.2822389,0.34027582,0.20765439,0.44106853,0.7997,0.18859375,0.06517365,1.6831437,0.77026784,0.043142036,0.020586796,0.07954733,4.1819105,0.18658851,0.025518823,0.26379773,0.561464,0.08727123,0.25082225,1.1951766,3.0164356,1.4692978,0.3594625,0.25753453,0.011348916,0.8338041,2.5406573,0.56592274,0.67241234,0.0,0.26734605,1.1749966,0.84960985,0.25791675,0.09709588,0.28680393,0.56833315,0.0049839816,2.7433877,0.0,0.123558775,0.0009952887,0.31739783,0.05813772,0.78054696,0.00503999,0.07290163,0.009703918,0.5232306,0.3443821,2.3598058,0.10948373,0.404295,0.24294205,0.3725029,0.30449092,0.3424938,0.52210724,0.10911995,0.10733171,0.32040378,0.21900381,0.36262792,0.13151498,0.043036826,0.47445303,0.076597534,0.40434983,0.7557416,0.29797593,0.08668039,0.27336073,0.0017290687,0.0,0.27853695,0.26486236,0.4259138,0.11576063,0.55592686,0.3490596,0.21562272,0.01564387,1.3846984,0.81091464,0.4875422,0.4984071,0.29225022,0.18401766,0.49377573,0.020403018,0.47431025,0.5344037,1.965814,0.10798235,1.6892952,0.30016577,0.029239722,0.8025973,0.10081346,2.2000282,0.08475927,0.40164632,0.0,0.9670162,0.36853528,1.0483551,0.13801368,0.44720078,0.11062422,2.0126793,0.051336516,0.07820359,0.3306777,0.23425376,0.52450234,0.522585,0.5159786,0.45532048,0.29504296,0.24979275,0.29072556,0.73476666,0.21071087,0.32339674,0.8990327,0.54447454,0.22314444,0.023539297,0.90896124,0.6208024,0.40118906,1.2823471,1.6382315,0.5661628,0.6377389,1.1441972,0.9757641,0.40617388,0.12181525,1.0342261,0.19743781,0.10415287,0.5437714,1.9270498,0.6629103,0.27313784,0.3556908,0.7730297,0.49149632,0.5290204,0.1294829,0.04456735,0.00021295897,0.06385732,0.120987654,0.04378238,0.014805464,0.9819326,1.4831406,0.565936,0.5486684,0.23679735,0.07964072,0.946411,1.3474778,0.38342276,0.5738547,0.7431951,2.659433,0.3337164,1.1028029,0.016716555,0.7225109,0.12372949,0.0,0.0023913367,0.45344752,1.2660689,1.1357592,0.33631745,0.027975384,0.3171426,0.25285235,0.0,0.38596803,1.5146129,0.74567133,0.056393817,0.14620706,1.5037524,1.1719848,1.4345434,0.12716195,0.79001445,0.22342046,0.0339124,0.8626785,0.11581771,0.016568841,0.71841615,0.26880547,0.022343216,0.0,0.13062553,0.62635714,0.012862771,0.12425576,0.24931788,0.4431693,3.5490024,0.5565259,0.19596921,0.0022249992,1.1078669,0.044249225,0.1931579,0.43545634,0.7368007,0.0040707886,0.32548323,all_pothole_images\pothole_images_enhanced_a3339758bc8a9b914dff22301b278505.jpg
0.9259357,0.540247,0.106212474,3.1010778,0.489707,0.17163414,0.06777385,0.03384094,0.3764987,0.009341717,0.110544845,0.24399449,0.46876985,0.047092278,0.16693301,0.28601322,0.035839953,0.58263445,0.2960982,0.08582666,0.08464052,1.3581097,0.04657591,0.0005572197,1.8186967,0.12571768,0.20287701,0.8162326,0.46889207,0.60832125,0.7547961,0.27053785,0.48144042,0.12283398,0.25066504,0.15939566,0.39693862,0.59793645,0.24117857,0.1672699,0.09574791,0.12241645,0.017810203,0.4633925,0.6420484,0.09370494,0.017414736,0.006193651,0.047755986,1.3500342,0.06555501,0.3943023,0.031691175,0.017911796,0.034601327,1.2724673,0.38323095,0.14763884,0.011421491,0.0,0.024958406,0.28193817,0.22652854,0.6917782,1.6955837,1.4077865,0.009560606,0.0,0.8683371,0.079278305,1.0525708,0.31941628,0.3226448,0.7573028,0.45141888,0.18756348,0.037569027,0.3465431,0.008336043,0.032258384,0.38815758,0.4948303,0.021601506,0.0,0.5519801,0.1545009,0.48884284,0.16194776,2.3599827,0.20001805,0.029735114,0.10453118,0.035461307,0.2451459,0.019119933,0.0018827146,1.3572973,0.17241411,0.019460233,0.28067753,0.0019371511,0.87518746,0.5991881,0.0,0.5023554,0.93815005,0.78102,0.9989,0.15417248,0.042776953,0.000308794,0.116426736,2.3025076,0.2627827,0.7649593,0.94129586,2.3369446,0.1054953,0.38364387,0.8828584,0.5384568,0.10469874,0.4135072,0.050030287,0.0,0.88116485,0.08763946,1.3344194,1.6368291,0.053574894,0.13015588,0.0,0.2950034,0.1282297,0.07230052,1.1977063,0.16540393,1.04082,0.7453794,0.0,0.33032024,0.26024836,0.017084947,0.49440232,0.40853646,2.1395674,0.006255089,0.98493993,0.44859722,0.0141297085,0.30235627,0.5258546,0.44016775,0.008987007,1.1060674,0.31964523,0.51071393,0.0,1.9692372,0.60621667,1.2031437,1.4418987,0.0042411806,1.4404569,0.00038915972,0.23059905,0.35014108,0.5030457,1.6268796,0.26025566,0.0,0.20190452,0.07431059,0.000869063,0.9547347,0.23793039,0.9732711,0.07350357,0.08136657,0.14629154,0.008645855,1.3204389,1.3033953,0.2812813,3.2957377,0.4283126,0.06300638,0.053563222,0.72633284,0.6170782,0.0,0.089979135,0.12558647,2.0785708,0.05183511,0.18244721,0.24964982,0.15566829,0.23997848,0.85591125,1.2163391,0.3155323,0.6928983,2.3175023,1.4498439,0.32165113,0.38699684,0.34945032,1.0560519,0.4147643,0.0,0.0064123613,0.42022964,0.3792313,1.4911067,2.5772662,0.06559827,0.10800661,0.06486105,0.084171996,1.1554484,1.0379652,0.17589702,0.036565028,0.0,1.4373019,0.4971344,0.7152842,0.5242954,0.422741,0.35219145,0.3514452,0.55973274,0.17511642,0.11764447,0.13601774,2.8106372,0.0024910576,0.5850625,0.7426563,1.0440531,0.11562859,0.32217196,0.012689179,0.3310163,0.033649944,0.74886066,0.4769646,0.005890139,3.8540125,1.5112859,0.048999794,0.83124197,0.030268455,0.0,0.14493312,0.41456378,0.2584604,0.14989007,1.2319114,0.0050534555,0.26021534,0.4372294,0.082348354,0.5209655,0.8287042,0.9361846,0.033278346,1.21041,0.48618737,0.10202361,0.1160902,0.066767894,1.2466449,0.044882424,0.80449426,1.2922351,0.7250014,0.20178947,1.5693898,0.5361719,0.072340615,0.6068228,0.21164998,0.040508818,1.3246562,0.21774147,0.28849864,1.3012608,0.82944566,0.0,0.006591277,0.324256,0.45866534,0.03161592,0.0,0.059586592,2.0928864,0.13801602,0.46244594,0.7250308,1.0089006,0.024953417,0.3229611,4.33692,0.9073121,0.0009431854,0.6126389,0.0,0.27320617,0.08832581,0.98349804,2.260908,1.6300672,0.24921037,1.1416292,0.0,0.96335304,1.4962028,0.09775527,0.47343516,0.0,0.0,0.062355045,0.32854438,0.09826098,0.5934749,0.012675545,0.031962376,0.01859022,5.0540156,0.18002027,0.030774778,0.0,0.000276242,0.0,1.2813373,0.08810502,0.370781,0.29127717,0.3829745,0.51779467,0.9780527,0.56116,0.13260093,0.6356951,0.34936056,0.0649339,0.10212781,0.037734877,1.2184532,0.17240602,0.054841522,0.12106743,0.04785276,0.0,0.39570072,1.7737523,0.40783012,1.5064478,0.15897298,0.010786599,1.105905,0.45272484,0.01477395,0.0,2.251771,0.038857523,0.106129184,0.07751255,1.4728228,0.068176374,0.0048503955,0.0,0.19771366,0.073245734,0.027992073,0.45642143,0.0,0.312786,0.0750849,0.043235034,0.044492822,0.60189664,3.8230484,2.5274692,1.4472997,0.0,0.087659374,0.26977327,0.34809166,0.53441036,0.16218385,0.00540612,0.0,0.014667481,0.8951023,0.20869562,0.0026814223,0.1422108,3.1885512,1.050035,0.11860479,0.32968184,0.95641667,0.044484295,0.52537924,0.062699795,0.12564474,0.18759175,1.6133015,0.18972073,0.0016207837,0.44561946,0.009127686,0.11549533,1.3422335,0.33220378,0.4102998,0.014865447,2.0587718,0.14648288,0.35050076,1.9827601,2.202315,0.05015812,0.33581263,1.7102318,0.65103996,0.2670532,0.5224036,0.037492383,0.23071861,0.25635704,0.12350078,2.4883165,0.4602967,0.4221843,0.0008854129,1.5740094,0.6588723,0.2315948,1.2084805,0.57597274,0.17953192,0.010008972,0.071851745,0.09916424,0.4217916,0.13433743,2.0583606,0.14059718,0.022910936,0.56090295,1.4377528,0.29997465,0.31298962,0.6472649,0.9332442,1.7934756,1.2648537,0.8512403,1.6146109,0.037201468,1.2957832,0.0,0.0,0.0,0.7743154,1.3060398,0.32870096,0.1255836,0.12941681,0.23999517,0.6630516,0.18264192,0.5828625,2.5395963,0.02414415,0.15896736,0.06544548,3.5479112,0.8914876,0.0,0.3325792,0.17811517,0.0,0.36896577,0.7863532,0.32947645,0.049049232,0.46156618,0.032627363,0.045954626,0.12675928,0.17541417,0.0477407,0.0,0.023275396,0.01168571,0.33300468,5.0976677,0.5671802,0.0046555162,0.4750732,1.0771763,0.25186703,0.0027674392,0.05863456,1.1165289,0.26966894,0.73747176,all_pothole_images\pothole_images_enhanced_a37585af5210e7fe8ec9ad2b62328b2e.jpg
1.8376259,0.30028194,0.30547267,1.3514477,0.22280177,0.13941629,0.98340815,0.3076484,0.094231255,0.43453795,0.18991663,1.3864481,0.0,2.340399,0.42130926,0.44667107,0.09314395,0.09054428,0.35807824,0.5245085,2.209011,2.1758747,0.077909835,0.90128696,2.6480246,1.3210115,0.112212725,2.9327242,0.19103365,0.036771446,0.14348611,0.30930263,0.91963583,0.11372841,0.26734743,0.4714044,0.06304788,1.8269756,0.40690732,0.64102656,0.00033629275,0.008820323,0.33910987,0.7915434,0.70241886,2.1835237,0.008767065,0.88722646,0.6503083,0.7962553,0.52593935,0.08417034,0.6407924,0.05029107,0.36438066,2.0744078,1.4162527,0.18902501,0.10199498,0.28536624,0.019234799,0.17572825,0.24191706,0.24026279,0.0039105127,2.3321729,0.39963856,0.30032817,0.05016369,0.6762996,0.5991939,0.29860947,0.21583451,0.41926083,0.3235119,1.248799,0.0,0.8820147,0.08655965,0.57200545,0.2551613,0.014855047,0.8491122,1.0895965,0.6730729,0.0,0.51794815,0.7868078,1.5704246,0.33401686,0.0191228,0.43134773,0.19353391,0.40564337,1.0466334,0.37767985,0.17736813,0.75277364,0.72612214,1.8022077,0.0044640875,2.0246403,0.7920254,0.912805,0.7257452,0.018890556,0.38035214,1.0653055,0.0021233314,0.41754633,0.008997269,1.2498044,1.1728076,0.22799218,1.4661212,0.07205831,0.12768081,0.13387056,0.7739471,0.5459582,3.5630753,0.1375976,0.0,1.7261258,1.1254603,0.9515274,3.1143506,0.4521397,0.11782235,0.03616192,0.2524221,0.12389393,0.015239831,0.44632748,0.79927963,0.73243546,0.98300356,1.2116449,0.34712383,0.24479257,0.16497703,0.59949803,0.53811514,0.37653506,0.44224212,0.6151427,0.2792015,0.3951101,1.5238806,0.3919359,1.2281349,0.17982848,0.12078798,0.06647467,1.5936656,0.14348337,0.9388828,0.38185862,0.25181895,1.0466603,1.7034887,0.3468556,0.29409835,0.8171135,0.024464155,1.0558119,0.14394845,0.2827004,2.0079186,0.73425215,0.002424769,0.061274547,0.07058269,0.4883713,0.40322116,0.6205091,0.8163114,0.10038281,0.07430743,0.5100085,0.041099675,1.8802732,0.86556756,1.4689975,0.11258577,0.9144113,0.35091174,0.5032844,0.14374307,0.30326045,0.3358203,0.027754087,0.1398605,1.9578216,0.2690212,0.4054633,0.38461035,0.53826296,0.22956754,0.63587,0.9329751,1.1536106,0.6050359,1.3794011,1.3528317,0.62288016,1.1136559,0.2752192,0.23045887,0.68384117,0.016624752,0.036859483,1.830536,1.694356,1.4026439,1.5748322,0.6394606,0.18263805,0.18279167,0.09342729,1.111479,0.10302798,1.6353267,0.41264984,0.17876618,0.057486773,1.7040691,0.19035761,0.84847033,0.6986395,0.30644622,0.6200373,0.021143472,0.8025821,0.86360234,0.33953226,1.7741462,0.46765423,0.0030466765,0.08704563,0.3164832,0.6044909,0.0067000287,0.6505693,0.11607279,0.09684227,0.22966541,0.29339996,1.514429,2.8325262,4.717286,0.1727769,0.78211135,0.15523048,0.32609907,0.32879382,1.0166981,0.086158976,1.1096267,2.3430727,0.37117067,0.063783325,0.6282712,0.008838494,0.24973737,0.11555492,0.1313842,0.63827723,1.8709595,1.4772111,0.73397446,0.010755534,0.338911,0.4341159,0.9401734,0.3940705,0.14479862,0.21741626,0.48150626,0.19397011,0.76235634,0.37807363,1.0159482,0.35564464,0.6029514,0.16798463,0.8548438,0.045137838,0.16337904,0.07529129,0.29413742,0.13055058,0.06749293,2.09588,0.13805653,0.53033745,0.39508185,0.82888144,0.11449812,4.2325325,0.560224,1.0294212,0.83596206,0.4860136,1.7538925,0.17950855,0.05097623,0.227937,0.6569926,0.13944593,0.90326136,1.0536572,0.3294283,1.4143285,0.15488052,1.4900795,0.19088854,1.5434388,1.4380074,0.35769147,0.26822618,0.4168825,0.4587662,0.96132493,0.2409199,0.78370714,0.5946984,0.0,1.2306356,0.5478799,0.50159365,0.18179964,0.96033883,0.18299551,0.1661889,0.45711523,1.2770656,1.8669317,0.15855604,1.1004564,0.44783914,0.14058788,2.2885795,0.7940844,1.0920793,0.23124379,0.2983945,0.12707901,0.60105425,0.13107222,0.8428303,0.37643665,0.031384498,0.78350514,0.4333335,0.06512114,0.15216766,0.3422446,0.58355904,0.5557403,1.202153,0.18820062,0.6311135,0.24623136,0.12545905,0.7640934,2.4349468,0.01954044,0.61883897,0.42935938,0.9095518,0.25196254,1.1141796,0.4976663,0.068131834,0.13344444,0.09788321,0.11532385,0.9033832,0.32335898,0.68969494,0.13863076,0.78893614,0.77480936,3.0429854,0.5095087,0.16145413,0.0,0.104380205,2.1927671,0.20869644,0.5053294,0.026143853,0.7635448,0.0,0.05886312,2.1651123,0.0950446,0.7347075,0.4668807,2.1011822,1.3680223,0.28285587,1.5271205,0.118399434,0.12993272,0.53344786,0.30777866,1.4224427,0.31449413,0.0056065647,0.595174,0.0515512,3.0403278,0.12442865,0.07023304,1.3271236,0.2687777,1.0873857,1.0617608,2.428664,0.81437,0.22123,2.3980901,2.246343,0.26836562,1.012288,0.09547039,1.0445914,0.65806484,0.7305647,0.63784736,0.2582639,1.1362016,2.2851927,3.3974378,0.9670085,1.6033942,0.20633462,0.28699312,0.47726282,0.0076698978,0.017746728,0.065223895,0.48276767,0.008288812,0.507445,0.7971184,0.004422586,0.71816254,0.66873246,0.2526023,2.0017712,0.5903113,2.2287796,1.0069801,0.65465784,0.3598767,0.28364652,1.4310997,1.607655,0.5412824,0.81079125,0.64637154,0.36020857,0.34126216,0.91239214,0.497175,0.59230447,0.54491323,0.4197713,1.0320718,0.15633844,0.020384427,1.2998995,0.0663684,0.0419244,1.3741577,1.2114794,0.21818575,1.7178433,0.3513691,0.37106416,0.73466223,0.29752773,0.20775343,1.6222054,0.39907837,0.30956557,0.061820935,0.22025098,1.1076423,0.78027356,0.099692635,0.1702698,0.18028846,0.024722507,0.24747862,0.6712206,0.46345705,0.36204442,3.834074,0.7566945,0.71338665,0.21253112,1.0421712,0.47318283,0.35588843,0.15919168,0.1596496,0.09375609,0.18029076,all_pothole_images\pothole_images_enhanced_a37d7c49da5e627443688105d42d8bf8.jpg
0.9433248,1.0606669,1.082297,2.144035,0.43380103,0.28595358,0.16772358,0.17104472,0.16503425,0.33014786,0.040076956,0.45123586,0.785835,1.0837488,0.09243193,0.10752767,0.074071966,1.4317172,0.22925341,0.41991735,0.15265402,1.8095248,0.13890527,0.23976564,0.8512665,0.16241728,1.0750055,0.8924154,0.024094116,0.015259725,0.816142,0.4386532,1.6433347,0.9409658,1.1356617,1.8778749,0.58041453,1.1853745,0.35207736,0.30888143,0.1418562,0.5109002,0.14383572,2.9762044,0.35434,0.47446537,0.39119864,0.1923578,0.4082362,2.2234254,0.24983725,0.9356701,0.72433,0.69251657,0.25948262,2.4590373,1.3759056,0.3839239,0.22740638,0.52996826,0.19447309,0.2871205,0.48147106,0.46172377,0.9734686,2.29155,0.61627084,0.4896652,1.5838175,0.94771713,0.59501594,0.50534755,0.039886292,0.6138857,0.08365298,0.09313914,0.18454202,0.80229676,0.05835489,0.07883053,0.45004317,0.03055304,0.5168962,0.3829579,0.7389227,0.2919567,0.1659976,0.167814,2.1088815,0.35889745,0.82244176,0.44359773,0.096795194,0.39828947,0.15512107,0.056619532,1.1722183,0.94858396,0.0639525,0.21729904,0.36169866,2.3310866,1.2440721,0.32764944,0.06625389,1.3404945,0.074081324,1.3571804,0.022596644,0.46135882,0.10266878,1.9706044,0.7115648,0.760643,0.37607208,0.031403914,2.7570906,0.8481646,1.641301,1.6236943,2.4290287,0.23221959,0.43245867,1.4217305,0.026475081,0.517094,0.83143365,0.889984,1.2331315,0.06099002,1.3212779,0.12754233,0.3386594,0.07687937,0.17105371,1.9275007,0.078337304,0.23627892,0.83259225,0.41681203,0.885404,0.18444337,0.56867844,0.99551356,0.6024935,1.4322273,0.47874743,0.93951213,0.29570052,0.33742413,0.350947,0.8102428,0.07907286,0.020428069,1.2899348,0.6003087,1.0127851,0.23282327,1.377214,1.0331173,1.0118341,0.88616335,0.08898716,1.9970256,0.0007773907,0.14505194,0.5074275,0.09957857,0.49851716,0.64377856,0.3509026,0.56012607,0.15149945,0.6451082,0.8623184,0.17508754,0.056137007,0.0,0.0531969,0.1710549,0.045150504,3.169575,1.7004558,1.632986,1.2248858,0.508572,0.67425257,0.5283191,1.3739835,0.5875631,0.16935986,0.77550846,0.40467235,1.5567716,0.22418404,0.9442206,0.408941,0.62424815,0.21582343,0.15289338,0.57717377,1.323166,0.6162189,0.9657337,1.3288876,1.6176572,0.4560828,0.5145482,0.7767864,0.119295835,0.0011602481,0.1098735,0.51880777,0.45926648,0.62651205,1.0002317,0.37768134,0.28272521,0.7456671,0.15391813,1.1963462,1.1492985,0.30902156,0.7132897,0.51664716,0.49836838,1.1801394,0.9230347,0.7616845,1.062757,0.16094832,0.30458334,0.98905385,0.4039391,0.6397575,0.10453531,1.2328556,0.22650053,0.1002822,0.18615106,0.012283147,0.38951033,0.2584884,0.21947826,0.29514748,0.061615612,1.4210675,0.5067222,0.91300446,3.7097926,2.3141692,0.34389043,0.8725129,0.65283775,0.55016184,1.0838104,0.8843062,0.55978805,0.74417204,1.7175087,0.031048087,0.1281482,0.31151798,1.5935892,1.3656628,0.61429226,0.17189693,1.3190986,1.2446214,0.13450651,0.28292888,0.16058603,0.0,0.8989111,0.81802577,0.897406,1.114554,1.330799,0.2718071,0.18802623,0.2880547,0.03277558,0.44037965,0.4515582,0.14758128,0.23190467,1.2476491,0.14505349,1.9684678,0.568072,0.29626012,0.4048106,0.009459569,1.258691,0.14075968,0.21264921,0.53736746,1.4763076,0.6989911,0.8750057,0.15912332,0.7210359,0.014351301,1.248908,4.624497,0.32832453,0.0002769474,0.6430336,0.17943975,0.99485433,0.546801,0.64090395,2.1588495,1.8145926,0.68790036,1.9368719,0.014996789,0.46970958,2.9124687,0.4663816,0.78132385,0.02663153,0.29333025,0.05345863,1.6117804,0.059813853,0.6637394,0.080136105,1.1345599,0.49961916,1.85165,0.42567906,0.5804521,0.2945504,0.376096,0.09866066,1.3196502,0.2059412,0.27449378,0.60609776,0.5614467,0.13662894,1.9590532,0.33280858,0.47692317,0.7909538,0.064717285,0.09025683,0.32514665,0.6718489,1.1896899,0.38218212,0.4634208,0.14231066,0.36687014,0.37402436,0.09146182,1.0004025,0.5113577,0.9356202,0.2681715,0.7535945,0.81587607,0.25878847,0.0,0.006881001,1.9911928,0.18022089,0.00084319076,0.6099019,1.9094087,0.5386987,0.7896419,0.43835118,0.61555004,0.27576247,0.57158107,0.20461747,0.80027294,0.7789277,0.36377805,0.24881636,0.044977266,1.1369523,3.0585358,0.5005614,1.3111752,0.001180449,0.27799076,0.17934214,1.1380501,1.0551065,0.31896785,0.15460357,0.028816799,0.20432374,1.0140134,1.0062786,0.18601198,0.061685603,3.8261516,0.9786686,0.06976605,0.47897416,0.17147148,0.1346868,0.7571448,0.58543,0.08856853,0.2651664,0.14437804,1.0537668,0.9019028,1.6148999,0.0,0.32242534,0.8442047,0.76781946,0.6109273,0.065764055,2.2078063,0.9124246,0.34492835,3.1158266,1.6021857,0.06283166,0.80775017,1.4828211,0.48173067,2.3364978,0.23453642,0.43039322,0.32118294,0.4852778,0.51116717,2.6716964,1.7728106,0.90373,0.33006757,0.4609627,0.06514414,0.8543959,0.14394142,0.8947873,1.1318296,0.25533637,0.6460474,0.885033,0.12608163,0.881049,1.6089363,0.6646025,0.9196756,1.0820261,0.32991284,1.3614511,0.29116878,0.5808137,0.70262134,0.36135444,1.8581098,0.08799067,1.4673635,0.071904816,0.49472842,0.38509133,0.19329977,0.13279743,0.26783237,0.22853616,1.7322024,1.7609004,0.10884521,0.40387842,1.0147711,0.21539359,0.2288488,2.1537344,1.4014981,0.15554345,0.38443163,2.47152,0.79370224,0.8924777,0.27078387,0.1534442,0.48441958,0.2700891,1.47157,0.06310371,0.6004641,1.0335493,0.008743472,1.3250816,0.00136366,0.16247244,0.019099211,0.12648761,0.43430156,0.018313717,0.11635276,3.35325,0.85413516,0.6793185,1.6252902,1.5762514,0.41152507,0.25054753,0.6404733,0.0013328379,0.2749965,0.83864325,all_pothole_images\pothole_images_enhanced_a3bee126e104cb13617d1c037a907daf.jpg
1.343906,4.559837,2.246339,2.0254433,1.0410898,0.88920474,1.2014483,0.2527835,0.36422107,0.8974603,0.6683144,1.13349,0.045572028,0.4770106,0.02101376,0.060731255,1.5086,0.0,0.625098,0.2626192,0.90050024,0.9803958,0.33419588,2.8803303,0.8096288,1.002789,0.06089303,1.394337,0.26999262,0.4592614,0.66431385,0.7416751,2.4123428,1.0903808,1.0182837,1.4923108,1.2667342,1.6028688,0.2810617,0.824938,0.35931972,0.11288546,1.0031133,0.93149936,1.0405673,1.2365546,0.534775,0.7514072,0.9897461,1.2943836,0.4104986,0.1494431,0.84961814,0.27832195,0.17788377,1.2374816,0.97654724,0.48816082,1.3936179,0.36046398,0.37101367,0.011760343,0.79706734,0.3624895,0.45108238,0.69784045,1.6764995,0.9078893,0.64202523,0.07854471,1.1990168,0.5740501,0.7714059,0.31154767,0.29449594,1.486869,0.69209373,1.3423163,0.015082876,0.30485985,0.6365178,1.7713548,0.81134224,0.5818724,1.2876126,0.27587897,0.040507633,0.23983951,3.391733,0.41389784,0.023694564,0.12368277,0.0018155309,0.36661547,0.10708863,0.3225618,1.1095315,1.3129176,0.24264203,0.80085146,0.24724492,1.3231204,1.4728755,0.61025643,0.5534997,0.013347021,0.21130787,1.4780616,1.2334571,0.11721777,0.60713446,2.7999663,1.7820511,0.6410611,1.5120097,1.9903328,1.3293319,0.0027259672,0.53077495,1.7489817,1.430801,0.8758612,0.47272646,0.79196817,0.1965315,1.542936,1.0522097,1.5672048,1.0322466,0.8533189,1.5515895,0.34427074,0.13000719,0.0073639774,1.530691,1.6105322,0.1460049,0.8809433,1.6457293,0.124769464,0.9098509,0.30840898,0.3853651,0.70090455,0.28436506,1.5693728,0.047567327,0.7832113,0.60272646,1.0704623,1.0264963,1.9036525,0.11873899,0.04062645,1.1977333,1.1581768,1.0118718,0.018987123,1.5669593,0.24461964,0.9212157,0.3117061,0.17979267,0.07823887,0.1675628,0.2820831,0.0051731723,0.16339743,0.8966105,0.38824427,0.32848948,0.25090936,0.41056076,0.4504043,0.26659366,1.2069067,1.4723715,0.095418185,0.51332945,0.19149697,0.4318431,1.1256541,2.0625868,2.8211002,2.088844,0.6190348,0.14457068,0.44247898,1.5505432,0.32491112,1.1257529,0.48632634,0.69013774,0.2566499,2.2381597,0.64675593,0.18260853,0.01193696,1.0417856,1.8515301,0.78470844,0.55264133,0.338742,0.4122687,1.3497927,1.0393277,0.8716952,0.21839304,0.10129603,0.006007642,0.16898723,0.35269615,1.6482749,2.5636556,1.2219284,1.4313467,0.17215575,0.20632645,0.910132,0.31265068,2.5486312,0.03971891,0.21388309,1.0865489,0.0,0.2777835,0.78062236,1.6773332,0.61700183,1.041746,0.6143277,0.07743401,1.7483599,0.04132874,2.107369,0.052956775,1.954857,0.010136556,0.0084285075,0.12067421,0.17507756,0.26367956,0.24870199,0.5796782,0.85500705,0.010669625,2.240807,0.30796507,1.1245129,2.9790223,0.3754249,1.1685042,0.40536213,1.1112586,0.0,0.22463484,1.9232588,0.33397496,1.0731673,3.864682,0.13609272,1.1709706,1.1607168,0.4045538,0.109938815,0.62832993,0.07469235,1.0780535,2.3959634,0.6006143,0.5432003,0.048175175,0.15969114,0.76021004,0.99657726,0.91311705,0.8426433,0.31217906,0.36967853,1.5422658,0.07618201,0.6843336,0.40771943,0.4263293,0.9753904,0.095673956,1.5291822,1.5810547,1.9078708,0.11912287,1.0787493,0.26453587,0.023900103,1.2483369,0.58422625,0.5428981,0.3026737,0.0,0.968942,1.8474436,0.09812123,0.49638125,0.5593514,0.10047973,5.1908298,0.8544922,0.0006844042,1.3951243,0.044986997,0.70423514,0.16270696,1.1279935,2.646169,0.59980196,0.040343434,1.2885927,0.04590672,1.1134975,1.5872164,0.5841924,0.22741944,0.14460418,0.8162051,0.1608321,0.723257,1.234255,1.7633216,0.97674686,2.7679284,0.29539797,3.5374455,0.7850928,1.0460685,0.03149238,0.014199277,1.0363245,3.368909,0.032440376,0.0,1.1867261,1.7575232,0.83742255,1.0310403,0.62568647,0.9229732,0.5678595,0.5479336,0.2999513,0.69624734,0.1763679,0.2028805,0.73751456,0.0066896225,0.7491957,0.4705184,0.046655998,0.33755305,1.3361979,0.5371447,0.5694732,0.6002736,0.8225169,1.1573524,1.2017865,0.013134438,0.8242322,0.26246685,1.8889997,0.06348346,1.8299919,0.44178084,1.6943662,0.9782852,0.02670434,1.5754796,0.5688102,0.1604515,0.0856091,1.2890487,0.44947335,0.7698291,0.592234,0.24627428,1.8782382,4.1598606,1.9218308,1.9204515,1.388496,1.0687772,1.3209935,1.5841072,0.20409977,0.24449854,0.30751014,0.0025570702,0.5409696,1.6932207,0.56664234,0.19597149,0.29954243,1.073041,1.3422863,0.14364424,1.6063238,0.10306626,1.5499629,1.3534826,0.62203485,0.2375111,0.3150913,0.30719247,0.89744645,0.35188463,1.4515748,0.006496477,0.8384432,0.79556555,0.3444306,1.0257293,0.4340963,1.8541437,1.6913687,0.78293824,1.7700549,2.169406,0.80566853,0.59658843,3.224402,0.39279968,0.87598103,0.6683039,0.09097701,0.25284645,0.73334414,0.34678096,3.8373113,0.6544287,0.8334643,0.9790176,1.6941875,0.97585076,0.65928656,0.7090614,0.47903225,1.5598873,0.36940628,2.477137,1.8263483,1.0275064,0.85782605,0.81080306,1.4064184,1.2971647,0.59066135,1.4214287,0.74971956,0.3973763,1.038422,0.17345135,1.0160956,1.9365159,0.34836826,1.6142478,1.4984813,0.91284466,0.76465863,0.49891204,0.10171753,1.3273363,1.6899685,1.4463196,0.48661733,0.79205716,0.386547,1.1984437,0.004513749,0.15736452,1.12153,0.85466796,1.5207186,2.4780083,2.6514783,0.88016695,0.6724701,0.1364219,0.03189591,2.1504872,0.53265357,0.2754815,0.0130945565,1.2529777,3.1156106,0.30450967,0.26706582,0.17032486,0.48246858,0.16523536,0.072461784,0.4547362,0.57197064,0.730702,3.2786167,1.2111508,0.613218,0.7116062,1.6462542,0.4656796,1.3340313,1.2309253,0.66114455,0.0,0.0,all_pothole_images\pothole_images_enhanced_a3c060c09128c7b1d746a4a10d04c7bf.jpg
2.644019,0.5702576,0.6893357,1.0300373,0.22709352,0.43451914,0.5479807,0.89689815,0.12131559,2.2798486,0.041144457,0.5298637,0.039525416,1.518012,0.97362,0.1516343,0.30537695,0.4994357,0.16332144,0.09208025,1.6386466,1.356009,0.6705455,2.1342158,2.6749573,1.0717758,0.2067671,3.4760752,0.9969837,0.23350433,0.52650404,0.16698633,1.1752723,1.8606685,0.07194782,1.119873,0.28569785,2.9776022,0.543474,0.6048415,0.0,0.025481442,0.15465616,1.5713282,0.5060481,1.1433196,0.31228077,0.087677896,0.5630671,1.5362515,1.0199928,0.3306613,1.7503558,0.0,0.03173437,0.36247876,2.7177236,0.012587128,0.2844996,0.019285299,0.0727006,0.31523517,0.5547009,0.056385096,0.7115757,1.1107837,0.39089447,0.48825002,0.45357016,0.052804008,0.13894771,0.031029161,0.6042808,0.14303006,0.6988659,0.1825961,0.021337304,1.1238823,0.0,0.03763921,0.22416608,0.3366666,0.85412043,0.92246956,0.7443206,0.124169305,0.5009181,1.2426915,0.6354327,0.38708147,0.47095123,0.11843777,0.34116063,0.101615936,0.013465117,1.118483,0.55124956,0.9678684,1.3163458,1.3256282,0.0,2.9056334,0.023941306,0.0992178,0.94442993,0.8017256,0.051115677,0.4422095,0.11734481,0.31263256,0.21293831,0.26699725,1.3857836,1.822138,1.037225,0.52340114,0.2778233,0.02646687,0.24514632,1.0743079,3.4721417,0.9776919,0.0,2.8440235,1.0189023,0.22363164,0.51428485,1.2531676,1.1054046,1.2031602,0.17991965,0.00051642343,0.07325614,0.408239,0.44773716,0.3037954,0.29212293,3.3008606,0.3694893,0.20612274,0.33796185,0.015426953,0.88823074,0.7288191,0.9775504,0.90379643,0.24022448,0.33959442,0.060951084,0.11033681,2.9798684,0.19894353,0.22066635,0.30582008,2.4891891,0.20005475,0.8423384,0.211672,2.6636548,0.16397713,2.53229,0.23970643,0.30245322,2.5017877,0.43404222,0.76777023,0.8206063,0.522936,1.9162613,0.6343985,0.13866252,0.19504006,0.0,0.22531544,0.67165613,1.0794487,1.2794739,0.023764435,0.03154473,0.060883038,0.012424887,1.8351603,1.3030659,1.5332781,0.2594727,1.3964738,0.07592369,0.006595368,0.6075816,0.2842034,0.1129838,0.21517406,0.95306814,2.5084317,0.0015851329,0.6169919,0.7765116,0.643244,0.004120023,0.55311877,0.30371273,1.035275,0.13246758,0.92261314,0.63098544,0.3318767,1.651387,0.3083099,0.91477793,1.0940291,0.01887953,0.32246315,0.20774023,0.34540737,0.77138686,0.85833997,0.66416055,0.06505636,0.47657993,0.02034175,1.7424184,0.17051013,0.99584967,0.019512935,0.030223856,0.10526663,1.0179443,0.6882983,0.46487117,0.05850059,0.045012332,0.016342517,0.004585565,1.6003617,0.050487217,0.22004707,2.6671386,0.6598302,0.056327205,0.0463878,0.29870287,0.038648985,0.0,0.46897805,0.31184176,0.0459271,0.8322846,0.6285732,0.55260605,2.363242,1.6364509,0.6977201,0.11728495,0.30851611,0.7375029,0.18552326,0.8528346,0.0311454,0.13956878,3.8055053,1.4380652,0.055940278,0.30780557,0.51945347,0.04776551,0.092543885,0.5517603,0.63956016,2.1563394,0.35098195,0.14277926,0.044762816,0.46809807,0.2452656,0.29705766,0.16480757,0.13309966,1.2670237,0.59622055,0.32071638,0.31377584,0.19022648,0.4289447,1.0719726,1.0757924,0.17171776,1.1271113,0.01314917,0.44450143,0.030812817,1.0015075,0.09053898,0.13943501,1.1024824,0.20209868,0.20386556,0.56352025,0.17879575,0.22370116,1.6450974,1.3197232,0.79177463,0.0028296774,1.0800192,3.2792768,0.013194237,0.010052457,0.024616081,0.21458037,0.06729412,0.5576612,1.1615719,0.9722997,1.4263545,0.46666408,0.38216427,0.07769903,1.7342693,0.5030299,0.017496787,0.42714924,0.10769653,0.76294637,0.5417149,0.1288195,0.86925274,0.82900405,0.008396904,1.1443573,0.29342556,0.36413962,0.27540416,0.08174245,0.0,0.13698098,0.39359885,1.2522267,1.2900072,0.38561895,0.9113778,0.17355219,0.64627004,1.8905765,0.0527789,0.49446556,0.25873336,0.16555768,0.18375468,0.11131999,0.14582513,0.5335785,2.6561697,0.21967287,0.94068813,1.2952318,0.10265377,0.098235704,1.0998284,0.015765,0.622286,1.2213341,0.81433976,0.43383268,0.28181103,0.019053891,1.3343624,0.87795764,0.020232074,0.5884703,0.8094582,0.41502777,0.17024963,0.19907175,0.3707731,0.52687824,0.59720963,0.58017,0.09372746,0.33833632,1.6637452,0.9064538,0.05770111,0.5172784,0.1204343,1.6190002,2.1917584,0.9354241,0.0,0.01768653,0.39522925,0.19757521,1.0019503,0.47006348,0.33220813,0.6675497,0.21298824,1.1027881,0.56885904,0.86846125,0.9251306,0.6909203,1.4440333,1.4932696,0.26572716,0.3167786,0.10302121,0.757882,0.3246277,1.1812168,0.47723636,1.165008,1.2007945,0.3656845,0.8710838,0.04474879,0.019600322,0.5134976,0.7265947,0.9470523,0.40156087,1.9265407,0.4067982,0.6140332,2.3173106,3.2917032,0.035112657,3.4453037,0.8461919,0.8774003,1.5762762,0.18067537,0.635753,0.19499959,0.07256162,0.11298962,2.3109248,0.39596,1.0001882,0.26848504,0.4892343,0.88578624,0.31185657,0.30775505,0.6338736,0.26062787,0.011079591,0.5671173,1.2502105,1.9751552,1.6167196,1.4109542,0.29814374,1.5547479,0.34012985,0.41522262,0.12945528,0.16847324,0.17588252,0.27697194,1.4292556,2.1991515,0.43164247,0.70558023,0.5373541,0.7110837,0.13378312,0.6118937,0.41553447,0.55748403,1.1179922,1.0884458,0.14662242,0.2038364,0.016551193,0.7688776,0.062092513,0.2011823,1.3051082,0.44241974,0.6520158,0.7618882,0.7446093,0.75705427,0.59360564,0.010606466,0.0055887946,0.2740765,0.21023582,1.1646876,0.02933172,0.50902104,0.0011829162,0.0076729953,0.028716106,0.5256566,0.38064834,0.07910165,0.15347436,1.0334024,1.0008333,0.7961899,5.230672,0.40737316,1.0601119,0.92731285,0.55398035,0.0,0.046913642,0.05598041,1.1106259,0.5728437,0.69368196,all_pothole_images\pothole_images_enhanced_a3e33544a07b7260ca3d4cc0e1107545.jpg
0.36745912,2.5330164,1.0983778,2.4493935,0.1377557,0.6454555,0.42797336,0.0,0.13588934,0.9061204,0.4514033,0.23795205,0.30318236,3.2896159,0.69859123,0.7857349,0.084780805,0.19995695,0.8780201,0.33733538,1.3898695,3.165574,0.8054025,0.8275902,0.7509107,1.1152235,0.47740275,3.6005628,0.57102823,0.24660772,1.2873646,0.06482353,0.183097,0.44803926,0.49339497,1.0322499,0.6191556,1.0622119,0.5046876,1.5821815,0.15395676,0.035671134,1.3596003,1.7127956,1.3890136,0.9058249,0.032719675,0.13124335,0.21114746,1.1966962,0.092927866,0.17363507,0.15053341,0.6869273,0.041993685,1.9545182,2.8185785,0.54604805,0.47745135,0.033145916,0.45513535,2.8411474,1.3746926,0.38547254,0.92560464,0.808189,1.1393527,0.84860253,1.5128083,0.4678124,0.63697666,0.027088344,0.3335848,0.15849845,1.6166811,2.1285627,0.4275634,0.35346362,0.05334789,0.0009835648,0.76791865,0.4017502,0.13776591,0.59156924,1.2134016,0.11451905,0.012177607,0.52456594,3.0456018,1.3844416,0.4374188,0.3817633,0.124910735,0.06342121,0.8549022,0.1682867,0.19044831,1.9307467,1.4007914,0.4193957,0.14062347,2.0600576,0.097463205,1.6266934,0.6430368,0.6449492,0.22344814,0.09375926,0.8258343,0.40050882,0.42939636,2.9550683,0.6438403,1.1965841,2.1692452,0.23844369,0.519598,0.01462739,3.6857102,1.1353934,2.023025,0.28503925,0.0,1.2647598,0.51251405,0.73440456,0.96955013,0.63786286,0.37719357,0.21642675,0.5296047,0.0,0.37363064,0.35002497,0.0,0.13066946,0.35565647,1.2580526,0.0011747474,0.08311377,0.78076404,1.0635335,0.20278654,0.5481293,0.060183622,1.030137,0.6873136,0.028131528,0.2525746,0.91807467,0.9878975,0.45736226,0.07834393,0.04326347,2.549798,0.2748132,0.8501375,0.38431606,0.5606226,0.7046403,2.029041,0.7844427,0.097369015,1.4679413,0.15765983,0.48118415,4.1777773,0.072945066,2.9028044,1.1902874,0.8500739,0.016937004,0.107755825,0.40267333,2.7708278,0.4841539,0.12209789,0.11825012,0.20963201,0.15687472,0.3504624,1.4076438,0.6750263,2.1116261,0.37239093,1.4809835,0.2051662,0.1886069,0.41350478,1.7025224,0.0816475,1.4551368,0.21124129,2.7290475,0.05535719,0.42861968,0.5494651,2.6925378,0.51182127,1.5255287,0.05871314,0.94042856,0.14980297,0.61176986,0.39593178,0.3647872,0.7389336,1.2251039,1.3500191,0.4366327,0.21006727,0.22123937,0.52564085,2.3541505,1.1713461,0.733695,1.2395136,0.29264003,2.0788372,0.4320095,0.014256776,0.0008051329,0.5693233,0.30257827,0.4041733,0.39982828,1.290239,0.4299677,0.8122948,1.1240261,0.9295975,0.14897256,0.1703822,0.6415741,0.39934045,0.4973769,0.9827556,0.45338774,0.07549341,0.0,0.0517988,0.035917126,0.1306317,0.29345027,0.29422414,0.007955105,0.40021062,0.2978148,0.65680695,3.480877,2.4222317,0.015344549,0.14232445,0.08383542,0.75522953,0.37214985,2.5646317,0.035449088,0.8878264,2.5292866,0.31496298,0.011979844,2.0158126,0.31546235,0.4489352,0.33072257,0.22379796,0.5157996,0.61601955,0.11011969,1.0527024,0.46432686,0.6458428,0.29280084,0.39667055,0.5829934,0.71791047,0.09243635,0.9769573,0.76202756,0.0034872752,0.06345946,0.5121442,2.9746501,1.3960251,0.5890797,0.70540845,0.252766,0.031831793,0.20978968,0.56002825,2.0516934,0.09030345,0.8897806,0.46169987,0.19417346,0.65756196,0.17399688,0.8732248,2.4215405,0.31108525,0.53258026,0.03697747,1.6190724,3.0542846,0.08701385,0.041093957,0.25809455,0.4452265,0.1468561,0.24794582,1.2936953,4.474416,0.12875868,0.23183256,1.1869065,0.52547044,1.1393101,0.37291354,0.60413635,1.1859275,0.005688864,0.1915876,0.35303497,0.39415646,1.6834184,0.09709121,0.033081263,2.2879055,0.07195509,0.56876373,0.39480215,0.007720659,0.104508765,0.23741147,0.4879762,1.0243609,0.11757241,0.7786681,0.34768552,1.2291626,1.0763239,1.9726869,0.1495763,1.5819129,0.198601,0.47483674,0.05678831,0.7394931,1.5611564,0.47954208,0.9758746,0.76897085,0.27818877,0.08247424,0.17996047,0.16282743,1.2144243,1.0735003,0.6102948,0.67146915,0.32720658,0.33851054,0.48272586,0.006320852,0.23854002,0.5816992,0.022359602,0.8954352,1.0512344,0.2931928,0.31133577,0.44014016,0.13412412,1.1330043,0.8802249,0.35577574,0.9067867,0.2520207,0.529718,0.46553493,0.21724042,2.1363792,1.7206366,2.0345771,2.3020768,1.5872734,0.30911067,1.6914496,3.6104343,1.484257,0.54450613,0.42422178,0.7079469,0.0120105315,0.5274499,1.1486466,0.82443625,0.4455691,0.9623107,0.012193247,1.0525947,0.39531186,0.7682239,0.6964234,0.62322134,0.54800653,1.1431797,0.5744821,0.07926691,2.4713697,0.56981415,0.07530738,0.28544986,0.30567837,0.2620199,0.84570825,0.27649054,0.005372531,0.6689532,1.0038587,0.111166,1.460041,2.88815,2.9765573,0.013961806,2.2869596,0.40898418,0.8523715,0.5722977,0.39883614,0.31653804,0.024492059,0.1858009,0.5886586,4.22983,1.0864621,1.0560048,1.4426165,0.22369808,0.5910133,0.48571658,0.2649765,0.33974087,0.22325383,0.16686937,2.3556173,1.4088151,2.1404607,1.6907004,1.9439689,0.46574655,1.2645787,0.27961016,1.6246905,1.0974268,3.353124,1.7337046,0.6657889,0.9999241,0.49604836,0.44160414,0.5003054,0.36058146,1.2572016,1.5500021,0.14030306,0.26025432,0.42693672,0.8106912,1.1103319,0.2515305,0.047494207,0.1118015,0.6723583,0.21913199,0.57222545,1.3225387,0.70801294,0.026746983,1.4776354,2.8840754,0.13634297,0.817731,0.14100371,0.27416998,0.38626137,0.3795074,1.3303443,0.0076118256,0.42105997,0.5783964,0.004445649,0.25831535,0.0056931973,0.054658744,0.0010982234,0.68584925,0.36610115,0.115243115,0.4264576,5.896442,0.6877248,0.75640976,0.43481195,0.6627571,0.0,0.6421535,0.23193271,1.235249,0.19352,1.252542,all_pothole_images\pothole_images_enhanced_a3fdf3cf1cb648582fb678b364a14b47.jpg
0.33742508,2.0700922,0.76613194,2.2041695,1.8265088,1.3846309,0.0711644,0.024510274,0.62595123,0.73188066,0.16255938,0.3966665,0.42127576,0.27968112,0.9437459,0.5412469,0.06948124,0.016728356,0.1937897,0.55439407,1.5093471,1.6625627,0.46380374,0.6802071,1.6631894,0.7156787,0.6359885,2.5351503,0.2764169,0.4815089,0.60059327,0.40124184,1.0015028,0.26974216,0.39700395,1.3080516,1.0657448,1.7545259,0.12804078,0.5327848,0.11086229,0.08103209,0.14508322,3.5658426,0.75536406,0.062997594,0.054407474,0.4281796,0.21211036,0.48370212,0.6987816,1.1912386,0.3985648,0.76402634,0.11841579,1.9400148,2.997864,0.15070795,0.4258737,0.4626446,0.012114201,0.50516164,1.2780426,0.3835313,0.017792251,0.894747,0.6010654,1.0279609,0.4336148,0.7700158,0.9797558,0.6858567,0.5649541,0.43030402,0.69308805,1.4082166,0.31586322,1.2326553,0.0145692825,0.9490122,1.628327,0.00052693853,0.05864292,0.5425008,1.3128277,0.49395427,0.20896101,0.10083041,4.971884,0.21121377,0.5883132,0.40478697,0.22751057,0.59335405,0.5506929,0.07858125,0.30323118,1.9859563,1.3865534,1.0447965,0.0,3.5072339,0.19814296,0.39542133,0.38838297,0.03927853,0.33774444,0.035339564,0.10694271,0.6783944,0.15566933,1.6070837,0.35382283,0.97883123,0.32131824,1.09934,1.4531994,0.104897305,1.3092394,0.8989406,2.8225322,1.2733114,0.13541432,1.3769207,0.68908393,1.1462073,0.25737807,0.8130605,0.70286304,0.3402409,1.0377593,0.08664388,1.1114346,0.73902947,0.75732714,0.7674429,0.48052356,0.7113414,1.1638801,0.55677396,0.61233175,0.11484624,0.15291832,0.60246086,1.254765,1.2399237,0.8087267,0.4587204,0.022312796,1.2467993,0.58490735,0.46465597,0.07069427,0.011388415,1.0979146,0.50396425,0.9555136,0.17517366,1.2507267,1.3659034,1.0513312,0.6458203,0.2895146,2.0329576,0.043499976,0.07950337,0.8068244,0.24773452,0.9088147,0.539537,1.006844,0.56381696,0.34505215,0.7083217,0.62647456,0.09029274,1.3822156,0.15364413,0.17942768,0.3043212,0.11044475,1.5821941,3.70384,1.92677,1.3347989,0.83482474,1.0000702,0.15460561,1.7061613,0.56977516,0.8334847,0.3956221,0.2251326,1.3399191,0.3654942,0.4350558,0.17592055,0.06375969,0.2454437,0.53009987,0.6004328,0.19918004,0.35832137,0.8294785,1.2608413,1.2599034,0.0014317309,0.41199726,0.61141896,0.013093098,0.53425676,0.84614193,1.590883,1.4859469,1.1081481,0.7581317,0.34839383,0.1570418,1.2244481,0.017095374,2.4863546,0.044836033,0.063501135,0.031755682,0.06754209,0.5234565,0.44920418,0.18769309,0.46927798,0.60844487,0.16570386,0.8821391,0.5648487,0.017013298,0.50222135,0.4093005,1.6368388,0.11466418,0.03858981,0.20128721,0.3491936,0.013093153,0.07916919,0.01587061,0.05876508,0.12968121,0.24955803,0.0,0.1311266,2.608255,0.69200784,0.18927567,0.57432795,0.59731376,1.1162233,0.28626803,1.3817039,0.004998535,0.2937985,1.5790764,0.39660668,1.4047664,0.8984017,0.25344872,0.56719416,0.3675415,0.042260967,0.3387851,1.8317364,0.071757555,0.5370259,0.3611164,0.51216763,0.14600115,0.14966461,0.76126564,0.5675176,0.16909319,0.25331002,0.6205498,0.24653976,0.09410154,0.4169555,0.21327509,1.2627445,0.6847093,2.508196,1.5456234,0.59637123,0.0077893613,0.7402253,0.922135,0.0045749806,1.1684158,0.7381811,0.44856027,0.4396224,0.04832251,0.07398075,0.7808579,0.13454847,0.7495276,0.20750633,0.9015565,6.349636,0.78272855,0.0,0.62327576,0.74987566,0.9625,0.085892886,0.64214116,3.1879783,1.1296377,0.1905864,1.0932461,0.6299297,1.2971398,0.54702985,0.06677247,0.08658495,0.76421,0.36223412,0.31880018,0.76505184,0.6639932,1.4497232,1.154165,0.7087635,0.95888376,1.8076453,0.5803809,0.35869396,0.091784805,0.6496874,0.7713984,1.1570358,1.0303009,0.5407728,0.6100999,1.0602857,1.1447577,2.5344748,0.1310687,1.0366411,0.0,0.19835058,0.08979829,0.496774,0.29227045,0.36478364,0.97930574,0.6292472,0.5125075,0.46389893,0.07974819,0.29687354,0.7169379,0.5198281,0.3082501,0.0044683325,0.00777228,0.41596007,1.5125766,0.14595577,0.22406179,0.36036587,0.10352066,0.17254002,0.30343938,0.5845083,0.64698774,0.78503877,0.17953487,1.5472332,1.2256647,0.32291195,0.041161686,0.34688893,0.3513916,0.009650849,0.15651785,0.2591088,1.027142,2.5795128,1.8050654,2.2813735,0.75108224,0.8143603,1.0780858,1.4592596,0.0038225064,0.043878097,0.024974655,0.1320804,0.024112774,0.8738046,0.21787427,0.42957288,0.3805625,0.88629895,1.1946089,0.030053467,0.7237305,0.21300414,0.51756346,0.0013481415,0.8247699,0.3081136,0.9650457,1.0504421,0.41571027,0.49294186,0.34275913,0.0,0.4485629,0.82453114,1.2577006,0.206659,0.018530974,2.5535917,0.21649136,1.4490103,2.6615121,2.4521403,0.17798977,1.3210948,1.7412711,0.07632871,0.30745372,1.8062832,0.20795342,0.672607,0.91934854,0.33388448,3.7384565,1.729271,0.5569229,0.08291354,0.68759865,0.9858234,0.14365213,0.048216246,0.48088786,0.1844039,1.3976872,3.429284,0.4024219,0.60254306,1.7990242,1.0460196,0.5000459,0.4153816,0.15456371,0.19385697,1.0689209,0.62844765,0.5815037,0.3399877,1.1285183,1.1207885,0.1286644,1.055315,0.49035516,1.0962453,0.26902327,0.19821805,0.15727983,0.33116862,1.2049137,1.3689641,0.24482752,0.7277149,0.29508635,0.41566595,0.21968609,0.43200812,0.58205336,1.5826123,0.39427522,0.5814518,3.2298417,0.26500657,0.34469783,0.06799509,0.0,0.71648926,0.33932367,0.019888084,0.26629123,0.014489653,2.5999207,0.10947657,0.029579133,0.0074472134,0.0038150013,0.26383653,0.021201579,0.21764755,0.0,0.10594577,2.61491,0.65157545,0.7406326,1.8764863,0.25438035,0.1467579,0.8567124,0.9281153,0.4747475,0.83788556,0.46025008,all_pothole_images\pothole_images_enhanced_a42f8257e3cd902010c49d0ac151070d.jpg
0.8090345,3.328934,1.4924723,1.2754239,1.3744835,0.4019393,0.8484588,1.2167796,0.23028342,0.8588115,0.34753346,1.301766,0.22496746,0.23380572,0.09733656,0.24843256,0.54142785,0.77451587,0.6770773,0.53835547,0.9006172,0.76030684,0.72150344,5.0633,1.1045221,1.0872376,0.19505583,0.93939894,0.13036941,0.5060802,0.4676449,0.4873483,1.7897774,1.6236562,0.78952914,1.215436,0.58179086,1.470417,0.4816923,1.2070538,0.38327223,0.13083203,0.6465334,0.1597374,0.89417577,1.4533892,1.2877057,0.03022914,0.84993756,0.9089161,1.0615288,0.66861886,1.1430175,0.045153636,0.045263458,0.8434252,1.1621468,0.17121245,1.379396,0.6712468,0.7903361,0.0,1.2732661,0.6854724,0.31124872,1.2663863,0.470404,1.6442312,0.4881689,0.10321779,0.3160904,0.4727815,0.68464965,0.16846335,0.115791015,1.0795863,0.85971755,0.8420906,0.06847546,0.2279855,0.92934865,1.3630768,1.0371805,0.23819733,0.8399217,0.6365833,0.41928864,0.20689878,2.9532757,0.097730145,0.08929121,0.21259575,0.047104046,0.2647198,0.19534203,0.55268145,1.4330436,1.4308995,0.44743952,0.1904328,0.8794965,1.4795028,1.5077919,0.53349036,1.4182312,0.62526363,0.2803935,1.4154729,1.0007132,0.54654866,0.35556164,2.111839,1.5761669,2.266665,1.6232791,2.103605,1.1405963,0.005779198,0.61960053,2.9216645,1.2929703,1.3190598,0.51085454,1.1752437,0.38451505,0.31133565,0.1063338,1.1007954,1.4075705,0.5375009,1.0241193,0.4682853,0.2737132,0.13929766,0.55358857,1.1519823,0.21170242,0.4981377,1.3272476,0.25695407,0.93789816,0.48832527,0.14912261,1.1763241,1.0744238,1.1606033,0.28129193,1.7247701,0.46274444,0.96299016,1.6256888,0.93910176,0.18283306,0.080767654,1.8801969,1.0671331,1.6039996,0.2971494,2.0973792,0.4005893,1.9075915,0.5759172,0.25986302,0.6818952,0.11005349,0.514715,0.2603101,0.05440102,0.95730746,0.42031834,0.8055884,0.5586619,0.2239501,1.0256666,1.0177764,2.2547717,0.93609965,0.5440478,0.13156612,0.2851129,0.4802337,0.9353357,1.669252,2.2461033,2.5534189,0.30402902,0.10901636,0.059256338,1.180619,0.60600466,1.6121694,0.24599925,0.4561277,1.4880196,1.8964031,0.9725403,1.4638114,0.21419387,0.49603784,1.8513288,1.3097364,1.1816151,0.4788019,0.51425743,0.84884983,0.5660996,2.014361,0.23200315,0.6988739,0.859326,0.12174458,0.43031263,1.1361668,1.3536651,1.752021,0.6680464,1.2002164,0.4641519,1.2335137,0.00731053,2.8808026,0.149011,0.19462892,0.75654525,0.03350052,0.27339777,0.21270205,2.2336504,0.34933615,0.4091173,0.46563396,0.107917115,1.7546041,0.090061344,1.950246,0.063917905,1.8232032,0.20867348,0.121521376,0.87003607,0.25539282,0.16853213,0.7736868,0.34953398,0.44907066,0.44066054,1.4383599,0.09375378,2.2081938,2.3520088,0.07858645,0.95718473,0.44062236,0.08210651,0.27745137,0.07876778,2.4996312,0.12390128,0.8806789,3.0690246,0.17681052,1.089528,0.123310044,0.5340409,0.24300049,0.5688881,0.80498004,1.0424347,2.3774981,0.6406527,0.36936048,0.3613538,0.10339441,1.7872977,0.673519,0.6009456,0.36017942,0.78119874,0.6974523,1.3888682,0.0,0.5900323,0.6715722,0.39779243,0.976004,0.087689035,0.91109884,0.78794634,2.1570399,0.002701245,1.6032017,0.057271898,0.5462864,1.1248323,0.23614031,0.29838207,0.7861838,0.030840285,1.4013265,1.1816705,0.30192938,0.17760557,1.191828,0.30176765,3.099806,0.22873111,0.0027051792,0.40384483,0.15778366,0.81915206,0.758768,1.0894612,2.0538538,0.540099,0.50575536,0.98227614,0.1150341,0.5295516,2.0437336,0.70919406,0.57604915,0.09346752,0.64972955,0.34769788,0.8257319,1.2349058,1.132975,1.1124549,2.6135836,0.3083823,2.5500436,0.45794082,0.6209077,0.039865952,0.01364485,1.4365863,1.8480657,0.0088804485,0.029803183,0.71737343,1.1742158,0.6916416,0.94789326,0.37841073,0.9318226,0.34562054,1.5134517,0.13791206,0.55715364,0.12346116,0.7406191,0.28757057,0.28635526,0.4168792,0.27694702,0.12805885,0.38945657,1.0807765,0.6759488,0.66646916,1.4223338,1.2725993,1.5310644,0.8897696,0.0039373985,0.8218547,0.50361955,1.4014498,0.36043864,0.9680144,0.37401623,1.5824554,0.31777117,0.12748836,2.6132283,0.5352708,0.11871847,0.3795932,0.7946381,0.5282837,1.3029364,0.41626975,0.13634296,1.4910032,2.468891,0.73791236,2.0613985,1.4461982,0.2556567,0.86007005,0.8488206,1.2714603,0.94784176,0.09047093,0.04547263,0.36821344,0.70885295,0.24524559,0.9686886,0.5680509,0.62121594,3.2262685,0.31628323,1.487723,0.0,0.6829209,1.7355804,0.5736941,0.18172076,0.14313373,1.4749985,0.9123915,0.1824364,0.9124162,0.55345464,1.1335986,0.6945194,0.35793623,0.4914451,0.13016856,2.3205872,2.3105989,1.1505475,2.5058699,2.7450438,0.56107515,0.47715753,4.016285,0.544655,0.58508754,0.41074425,0.09559272,0.07051035,0.74418294,0.017760541,2.7356741,0.26926637,0.13622366,0.34812343,2.3617437,0.70234054,0.51478547,0.83454114,0.60250545,0.837691,0.57015884,2.151568,1.3710302,0.45765778,1.0970868,0.8818907,0.71443516,0.8282329,0.21182966,0.8663504,0.98571986,1.3170745,0.72469205,0.1620066,1.6535691,2.3386016,0.4517622,1.5182906,1.1630709,0.6646315,1.3807194,0.5016426,0.041639313,0.90709037,1.6786854,0.91594464,0.43108872,0.6189034,0.47873592,0.5732836,0.16322362,0.27445626,1.0503384,0.50297165,0.5443634,2.829649,2.6582367,0.31060648,0.8652423,0.088138945,0.2724259,1.683159,0.15159023,0.11918465,0.047111485,0.9285188,2.239526,0.5167423,0.15884987,0.10267561,0.049701508,0.2296685,0.22464526,0.4692123,0.813207,2.0944781,1.6937366,0.65479237,0.79179066,0.8367854,1.22811,0.2847794,1.0884806,1.1472688,1.013093,0.15083303,0.0,all_pothole_images\pothole_images_enhanced_a44b505ef296a8151206572b44600e95.jpg
1.126657,1.2474747,0.8024578,1.3050082,0.06529407,0.34751362,2.2598758,0.27257636,0.4288587,0.81305087,0.44342858,0.35960662,0.36596844,0.07682502,0.2677406,0.6813138,0.07057724,0.6108472,0.8512164,0.3531255,0.5944031,0.5830906,0.2773939,1.2100297,0.2584585,1.5309143,0.9146123,0.3494091,0.091150224,0.6723412,0.2939134,0.9734976,0.42576015,0.29272887,0.5538409,0.56199014,0.18358265,0.5596463,0.12933193,0.18236618,0.44144237,0.40849712,0.95416677,2.6215975,0.35456634,0.675642,0.107723914,0.30065912,0.43098426,0.5254131,1.4472401,1.2221283,1.0805025,1.2007623,0.9748086,2.0918996,1.2339624,0.76783586,0.71698636,0.05097827,0.2611626,0.7384548,0.20665278,0.07814584,1.040119,2.478542,0.8852287,1.5464778,0.4809529,0.1199454,0.3494201,0.24542892,0.036885854,0.46568063,0.44909012,0.5565563,0.5915879,3.2683003,0.16888274,0.27465937,0.29799378,0.3025893,0.035963975,0.37810415,2.591336,1.3621496,0.6487497,0.26650807,1.8478452,0.34167784,0.66032064,0.42560107,0.1964898,0.6477425,0.0038929323,0.5109427,0.09459532,1.2895635,0.6207416,0.40631306,0.35011527,0.8466713,1.0344303,0.24312985,0.46107066,0.30847526,0.7405757,0.59361696,0.15200321,0.40793,0.002296911,0.7334025,1.4874756,0.3317463,0.6055277,1.1822232,2.0566623,0.3279919,3.1685252,1.0974451,0.41513544,0.015495251,0.17142709,1.3277247,0.860968,0.8232928,2.0861347,1.1468132,1.4601531,0.026454054,0.52214426,0.16735108,1.6660181,0.0028021708,0.6165213,0.13963947,0.8951135,0.23563978,0.7035645,0.53050166,0.39835083,0.28780493,2.068615,0.4580649,0.73361576,1.0097561,0.45146093,0.42433625,0.5537655,0.5604099,0.9435141,2.4887574,0.45943132,0.0,1.3144684,0.6136668,0.7106372,0.0,0.4556106,0.46286336,0.051159136,0.27748778,0.063787125,1.4697351,0.16997108,0.698805,0.3680387,0.23181874,1.1897737,1.3254371,0.5285708,0.036984712,0.27764928,0.1379689,0.6421627,0.4893204,0.17775808,0.0,0.93568265,0.32030728,0.45612094,2.0453515,3.0758915,2.439214,1.3313905,0.38179427,0.46906802,1.8802019,0.53341186,0.41621596,0.49536908,0.034078937,0.09496293,1.9851573,0.01768168,0.31234875,2.167082,0.776528,0.026937775,0.9749355,0.2249478,1.2941282,0.29943016,0.35856146,0.8736376,0.28420404,2.2064583,0.33229998,3.0089471,0.41539764,0.0,0.15870148,0.63585234,1.5796478,0.49379063,1.0018605,0.45579875,0.3387151,0.7483201,0.01963955,0.20784941,1.0031236,1.1461108,0.0,0.85322607,0.46416807,0.7322924,0.7109284,0.41198775,1.0338904,0.27739695,0.13762264,0.56760114,0.0,0.4674481,0.08811008,3.3314712,0.62057793,0.004251951,0.17250162,0.106048845,0.87394446,0.0137562165,0.32144934,0.07742917,0.076072164,2.1654158,0.3083606,0.82845736,2.7201407,0.88994,1.4246247,0.86721385,0.19344234,1.5936127,1.9577663,0.37627107,0.4377223,1.1281466,3.4125807,1.167365,0.66474414,0.7398886,0.057387102,1.320252,0.30096516,0.028138919,0.8565611,2.7884614,0.013102028,0.8924502,0.021236712,0.108616866,0.35642716,0.41351435,0.7259285,0.02134227,0.53291523,0.8916845,0.26262134,0.49521843,0.45438758,0.5006592,0.16710612,0.07174941,0.1951956,0.31093284,1.734776,1.8999565,0.11712062,0.3970978,0.97028357,1.2991134,0.30616918,0.34913853,0.78216535,1.063824,0.2868026,0.24551408,1.133407,0.27480918,2.1125736,0.8573352,0.634341,6.953491,0.42218158,0.8054937,0.017165953,0.01392481,1.6865994,0.9181993,1.5931885,0.9758067,0.7198225,0.20287357,2.152308,0.0,0.38388488,2.000046,0.2805632,0.61951053,0.42658895,0.63200897,0.39645073,0.42379844,0.8328954,0.68657273,0.09754416,1.9537772,0.26747504,1.9833484,0.20621549,0.45501232,0.09058101,0.87744546,0.34245375,3.166885,0.45325232,0.045993533,1.058513,0.53534096,1.0891186,0.6911817,0.29760578,1.3218572,0.40459,0.07373795,0.27682596,0.23762643,0.47894746,0.2926312,0.16898951,2.4312966,0.0377902,0.16604483,0.5214929,0.06687298,0.5273994,0.13191263,0.90388376,0.0027726535,0.027988078,0.13738425,0.59695953,0.36886114,0.056012608,1.6606631,0.30129248,0.071315594,0.29807344,0.59286714,0.16974464,0.2867871,0.011777303,0.58581346,0.03486282,1.4270432,0.033385552,1.8731132,1.2639625,1.2428248,0.44570592,0.45182654,0.4034826,1.5571566,2.74776,0.4283389,0.03468961,0.67803454,0.6764507,0.9400314,0.27702776,0.17411768,0.18583663,0.105632864,0.0,1.6185869,0.15227552,0.22604401,0.1834619,0.9229978,0.39979482,0.70131874,1.1375995,0.5730492,0.37395185,1.0923921,0.7311766,0.29188246,0.7818073,0.47128156,1.0306768,0.2302264,1.1774739,0.008558545,0.2459574,0.630832,0.10796399,0.22042663,0.51481044,2.145599,0.9684581,1.7207893,1.8878728,1.5807638,0.039506212,1.0164121,0.89827454,0.18813503,0.18272084,0.0483354,0.2711901,0.88918895,2.492341,0.7164684,3.7309837,1.9489578,0.7243874,0.0073056603,1.0840477,0.6298607,0.49159753,0.063630834,0.14403501,0.8505607,0.0026296838,0.80197674,0.47459617,0.7047463,0.34591165,1.0561891,0.2272194,0.9519221,0.58944404,0.794118,1.0960115,0.2820863,0.15628682,0.21964426,0.77449286,1.4479697,0.37493607,1.9642966,0.63703907,1.1099792,0.061267413,0.44576395,0.104823716,0.26167905,1.8920553,1.2507331,1.0086827,0.22194041,0.26311156,0.3233841,0.987462,0.90850484,0.58845973,0.42051664,0.44681442,0.6326347,2.6474376,1.325841,0.4776456,0.017334504,0.5129211,1.0383246,0.24524555,0.0808253,0.059515573,0.49897406,1.3601432,0.06760187,1.6971959,0.82362425,0.36426574,0.25508323,0.018174885,0.2849112,0.08913008,0.57640755,4.70544,0.7908808,3.0819192,0.43826693,3.5030859,0.41031075,0.2809027,1.3252441,1.3870744,0.026151383,0.20607919,all_pothole_images\pothole_images_enhanced_a45d37c5676036fad271ae12bfcd4e76.jpg
0.39061502,0.22789086,0.45067662,1.8167485,0.818197,0.0011861456,1.0886569,0.2177153,0.6940094,0.9892907,0.2769741,0.057819422,0.0034592254,0.45904052,0.027974792,0.69688666,0.09534836,0.96383417,1.3259295,0.19825783,0.3933697,0.48502606,0.42847767,0.88163805,1.2618288,0.26374364,0.035979252,0.27343792,0.08820737,0.059973054,0.012420831,0.0,1.1003205,0.4996224,0.10545505,1.0031369,0.03536463,0.3796614,0.1774791,0.53114206,0.0,0.10767738,0.06000413,0.3338154,0.46951136,0.42954558,0.021334555,0.0029842753,0.53025585,1.36722,0.18022114,0.67888165,0.15712555,0.27972087,0.75043005,0.9921832,1.9189026,0.08003271,0.46539792,0.07561519,0.011321645,0.38955337,0.14373362,0.18857403,0.24607801,2.1049047,1.095085,0.14732666,0.5054629,0.027217543,0.034150746,0.037783194,0.046793867,0.12353889,0.43877733,0.004326686,0.0825072,0.54431033,0.0,0.014063742,0.049953762,0.12931247,0.7735992,0.93192273,0.55570203,0.014054989,0.44771683,0.24314576,0.87618697,0.20694487,0.0015964027,0.13614523,0.0,0.0,0.13770695,0.3673088,1.0406519,2.5350811,0.10904484,0.47563988,0.026420485,4.29706,0.72043014,0.052446045,0.46541587,0.55280435,0.04902724,0.033913936,0.007358737,1.1985832,0.20148227,1.0181999,0.05142708,1.0678966,0.5013224,0.48090973,0.035390064,0.0023408285,3.9969878,0.31976438,1.2768817,0.4037641,0.0068200827,2.4477258,0.53907883,1.1223825,0.19606847,0.4191115,0.7287848,0.025811855,0.23753072,0.14369325,0.14997733,0.39541137,0.0044820346,0.16171403,0.0,0.27115962,0.4446462,0.097649924,0.1908638,0.0827086,0.12963563,0.2217617,0.004020251,0.19289151,0.14485376,1.3758904,0.00057973666,0.20785257,0.5645309,0.18406479,0.19484726,0.009384713,1.932419,0.3208627,0.5046268,0.031327035,0.60529786,0.34615964,1.6151571,2.006426,0.03911538,1.3822774,0.064373426,0.0,0.34589016,0.2251572,0.8922585,2.1377165,0.19830337,0.0,0.00569626,0.10337647,0.34013522,0.15038472,0.050008472,0.025740353,0.021447686,5.2811905e-05,0.067533284,1.5966126,1.044691,2.5694656,0.8601725,0.30257562,0.6641704,0.3659582,2.303566,0.87157375,0.12504365,0.034734067,0.015317532,0.7329436,0.33913094,0.3529076,2.2993567,0.4147648,0.494243,0.11222514,0.0,0.82840675,0.034829773,0.1301752,0.8065519,0.32214585,0.84312904,0.1495985,1.7038317,0.94760334,0.03491342,0.016262721,0.06147786,0.81158966,1.149871,0.99362105,0.5415554,0.18134576,0.29107168,0.0,0.13175303,0.35356778,0.6373474,0.4368651,0.0,0.059412695,0.8648977,0.28469986,1.0197269,0.45693398,0.06352189,0.062096525,0.5644198,0.22127204,0.1642915,0.00078440853,1.7137052,0.022717478,0.025546506,0.0,0.36202073,0.0,0.0,0.35981488,0.08339173,0.020326503,0.54299134,0.09399681,0.7646423,3.2706218,2.5568595,0.009943894,0.055174757,0.03542269,0.027586795,0.5580902,0.9094845,0.011485104,0.41052324,1.7826583,0.35449848,0.039984774,0.6415973,0.8957823,0.1462661,0.3607375,0.7265368,0.04676012,2.026805,0.2388817,0.07982962,0.0,0.63186616,0.6827499,0.34755012,0.7501216,0.12587352,0.16225174,0.63475984,0.33039132,0.32027245,0.24421123,0.87909216,0.047647323,0.23318431,0.055467464,1.0315732,0.16879857,0.12533982,0.0,0.2681797,0.4441333,0.22182566,1.1587893,0.008639347,0.2383806,0.30721214,0.14782798,0.0,1.425092,1.2052749,0.1383394,0.13223974,0.10476876,3.7286391,0.33327892,0.2147933,0.1056476,0.040167417,0.18803945,0.20380726,0.51435673,1.9023384,1.1511606,0.27991796,0.38405684,0.0,1.6816185,2.7173688,0.038156945,1.0382981,0.04060947,0.17919081,0.0064166654,0.33328748,0.036571484,0.4972219,0.022106998,0.17611083,0.033548392,0.59905803,0.16213238,0.010507732,0.0002891749,0.012942216,0.41853034,2.4227035,0.09550728,0.13189442,0.6023359,0.42560196,0.23046052,1.8676987,0.5391132,0.5655693,0.0,0.078475766,0.009164262,0.04948362,0.1915303,0.23002398,0.5299206,0.10817264,0.49029154,0.17481416,0.20760544,0.11124349,1.7469612,1.2120793,1.1951586,0.35754627,0.56659186,0.8067869,0.013422745,0.0016914954,0.7087344,0.69169116,0.0,0.3963443,0.58393055,0.27141422,0.15145855,0.49004582,0.30083472,0.62707984,0.5315618,0.7471463,0.13143116,0.05387582,0.15535745,0.32698464,0.0,0.90593046,0.1031548,0.7759902,0.15701158,1.3758912,0.19718286,0.07061604,0.073523745,0.12638575,0.15971117,0.16506344,0.15086767,0.028956788,0.06564748,0.95424634,0.10488074,0.44287854,0.32157764,0.086462684,1.2770855,0.20031765,0.39250126,0.8400159,0.08905829,0.06738161,0.14856061,0.270568,0.09714181,0.3586734,0.18019831,0.050997786,0.06361447,0.051055312,0.08492643,0.40828738,0.19833979,0.6180271,0.023065044,0.90807855,0.14768831,1.026019,2.2281394,1.8933098,0.168266,1.3004651,0.448723,0.26011738,0.38803917,0.47760075,0.11931912,0.44406724,0.0076201423,0.17490998,2.2346103,0.1477671,0.18249632,0.049606737,0.25462452,0.09870775,0.2147706,0.051229443,0.04933394,0.0531742,0.3158637,1.1232033,0.5412709,0.009294397,0.8193424,2.5341954,0.38032907,0.3479781,0.18476127,1.0164851,1.1753904,0.48194495,0.06587944,0.47572854,1.5159516,1.0824198,0.22536094,0.3759346,0.07466846,0.95928675,0.66182613,0.030401966,0.01767066,0.20719683,0.28641254,0.2240581,0.2841369,0.0040770103,0.667801,0.6449669,0.030152403,0.053368196,1.9022299,0.01414559,0.2876101,0.95796967,1.579052,0.45264077,0.07992234,0.048144706,0.1574948,1.549898,0.029198904,0.5596658,0.09539094,0.23723319,1.8818464,0.046854805,0.0,0.0,0.03041218,0.6116191,0.0,0.039773118,0.17935823,1.0220199,4.557211,0.37927416,0.1187475,0.79584473,1.1164643,0.30134043,0.757765,0.44543388,0.47112674,0.58081824,0.039203785,all_pothole_images\pothole_images_enhanced_a468d35abce91018b91a9ee5b7f6cc61.jpg
1.2835777,0.088041596,0.53382707,0.45682323,0.5006079,0.50925213,0.7419597,0.013417952,0.41246888,2.007322,1.0052708,0.49836987,0.55161595,1.0196671,2.330782,1.2001977,0.23570596,1.1669139,1.1749012,0.92412144,0.10609073,3.4026418,0.13857172,0.6225288,0.20711555,3.1494775,0.05653065,0.4733573,0.0,0.51482534,0.6231872,0.00554258,0.30638888,0.12442818,0.2773857,0.80236536,0.14675471,0.7243978,0.8490868,0.27567145,0.35211375,0.6743475,0.017957475,0.705656,1.3791693,0.0049769464,0.0,0.19351558,1.4730324,2.4748812,1.2206842,0.31192455,0.6136331,0.17355914,2.5178418,2.763416,2.6678655,1.0700443,1.079847,1.1142336,0.7510209,0.38010445,1.0396502,0.30242208,0.6162188,3.772241,0.047178384,0.109659016,0.51255137,3.058141,0.94411516,0.8498989,0.21526955,0.33977193,0.36959562,1.5492657,0.03710916,0.08126178,1.8873512,0.7943662,0.1002134,0.5809235,1.2068455,2.1113281,0.51998216,0.058406584,3.1228933,1.0729133,1.1502799,1.5003506,1.067134,3.0672913,5.493976,0.029334072,1.2749915,0.30618608,0.2622072,2.1549795,1.0368346,0.20017841,3.2947001,1.1641037,0.87825584,0.83781874,2.6565063,0.708123,0.121685155,0.12660496,0.7452695,0.4375998,0.45590785,0.03154071,0.34106788,0.8536812,0.0069746533,3.8254135,0.1338082,0.7792243,3.0872822,0.6614517,3.807124,0.1259743,0.12411229,0.10093804,3.1070974,0.45093402,2.6031983,0.91804457,0.043352626,2.1593359,0.0413762,0.011712418,0.8490412,2.177506,4.0405474,0.19736932,2.305915,1.2831595,0.4818264,0.5376756,0.42907557,0.011865492,0.29223877,2.4259117,0.84597945,0.75218314,2.6105163,0.92449826,0.9305457,1.605103,1.0375078,0.051883824,0.09405248,1.0204866,3.0736377,1.5018544,1.8676032,0.7044293,1.0769225,0.22248124,0.6836841,1.0870038,2.5629623,2.0398242,0.8858181,0.31332797,0.37561688,0.41086,2.1465113,1.7422649,0.41033086,0.079225905,0.013061508,0.025070207,1.1049265,0.77497894,0.29133737,0.058433358,0.14029224,0.6049859,0.61300784,1.3313812,1.8796854,0.2246498,0.07650011,0.6427363,0.6028693,0.091405705,1.192237,0.10790582,0.25762445,0.21757542,0.5200799,0.3579977,0.008871782,0.29524997,1.6842887,0.7283738,0.05140936,1.9769925,0.34061536,0.020743946,1.0138575,0.117468715,0.7425906,1.2974362,0.4010506,0.7213081,0.48869252,1.5661397,0.5409462,0.09469943,2.733434,0.9383491,1.9426093,0.99555516,1.4709529,0.038913067,0.28186023,3.0715587,0.07930333,1.7712678,1.2803019,2.2703953,0.36118862,0.08681876,2.813887,0.25362933,0.19748683,0.12698227,0.3737085,0.3270058,0.26514935,0.052769013,0.11561693,0.5748513,0.3237416,0.28402644,0.0030902494,1.5751781,1.336144,2.305768,2.04957,0.08371999,0.9668336,2.0888553,0.78518564,0.48940292,0.80055225,1.0544329,9.383461,0.17901985,0.63202405,0.8050667,0.8135453,1.0765224,0.10445941,0.23072246,0.6965708,1.0563489,0.2602367,0.24572976,0.06448716,0.8780908,3.1789246,0.2612454,0.6407079,0.010147947,0.32517394,0.9130131,0.3286556,0.90657073,1.226167,0.10795216,1.0606325,1.371511,1.346046,1.3579235,1.1137556,0.63116115,2.8820271,0.13156575,0.3707351,0.40545136,2.0414927,1.516379,0.5784355,0.20121075,0.95210916,0.95509684,0.016382614,2.3762624,0.009339485,5.81946,2.2558868,0.013991921,0.13105805,4.0130887,0.23989546,1.134815,0.9234446,0.16803609,0.44759992,0.12860663,0.933448,0.026648728,0.22378166,0.3524442,0.49954537,0.0049021803,1.5128921,0.07704326,0.1701226,0.6096827,0.4013134,0.93243754,0.65901154,0.010006801,1.824422,0.80827016,0.065533794,0.23905228,0.0027756554,2.8379781,0.0826953,2.0215752,0.26634163,0.17118746,1.0373344,0.1536223,0.61750156,0.3530753,0.7469188,2.5875742,1.2552919,0.16842188,1.2882437,1.7697372,0.54694694,0.26426733,3.066376,0.2625482,1.0250353,1.0975902,3.6714327,0.084015004,0.2761079,0.010397762,0.6706323,1.3324301,0.8232679,1.4020993,0.786168,2.6562793,2.0710814,0.7326785,0.2649584,4.2112985,5.1634483,1.6039232,0.033588253,0.9693032,0.019940145,1.5314056,0.010535166,0.51932126,3.8900115,0.059784897,0.3337436,2.1696842,5.7421265,0.018878467,0.2336952,0.0217371,0.24373503,0.028560463,0.010637313,0.06698504,0.3154167,1.1244038,0.23756275,1.0778322,0.39362416,0.92736363,1.8031435,0.6316851,0.0,4.671825,0.31381515,1.242731,0.24663928,0.1763241,0.55696523,0.2452544,0.035445858,1.4521761,0.47897306,0.75051725,0.12510318,2.0342834,4.13331,1.4329139,1.1278938,0.51972955,0.01347109,0.40971267,0.6061831,0.5101425,0.32345268,1.5341865,0.0052443803,1.2040799,0.33333185,1.5176622,1.9952682,2.9468713,0.023469115,0.24489012,1.2596573,1.0191253,0.73669904,0.24116582,0.0,0.68735945,1.9371786,1.0295632,0.0,0.5564094,0.30425936,1.1021193,3.522106,0.22806992,0.16572091,2.009979,0.53712016,1.9235969,1.1329654,0.50584215,0.8485008,0.4063913,0.35456848,0.33898237,0.0,3.1871402,2.3294046,1.0880513,1.0228505,1.5877978,1.2388792,1.4395434,2.641979,0.35277736,1.0842204,0.2548129,0.8219131,0.29993436,0.055614367,0.27596584,1.2744304,1.3120611,0.38645157,0.06668923,0.7371241,1.7737797,1.1483341,0.15238412,1.1343968,1.4646623,0.006690678,0.575836,2.0912104,0.8060339,0.048153654,0.66351223,3.156053,0.8275404,0.11917649,0.5210909,0.26759878,0.5916351,0.5688053,0.6159313,1.0064735,0.18217063,0.15481046,2.2118082,0.7282045,0.08636507,0.38002244,0.1821396,1.4216547,0.8947104,1.4968925,0.024822079,2.0364835,0.775082,0.18218489,0.4897295,1.9785515,2.1398365,0.33960456,2.4710195,0.10916931,0.77865785,0.08321719,0.71259195,0.058781132,0.2140043,0.847476,1.2471207,0.40645465,0.104021005,all_pothole_images\pothole_images_enhanced_a4934d16326e6707c61c3aa25739b518.jpg
0.0310229,2.760771,0.725511,1.3997681,0.7955551,0.34040326,0.19827719,0.0026498272,0.003838256,0.10529625,0.10519115,0.19958754,0.5112047,1.745132,0.0052481615,0.7144908,0.09357785,0.20667997,0.07149294,0.3479257,0.20625038,1.3889867,0.6873538,1.8577679,0.57155466,0.8667702,0.7590455,2.2356896,0.11731739,0.38738942,1.4859878,0.69398963,0.20962524,0.11539319,1.1990184,0.14534087,1.1194211,1.80699,0.58478695,0.3272345,0.0372747,0.29036665,0.49888426,0.24492316,1.0029649,0.4349259,0.11734859,0.060258646,0.92344713,0.26461002,0.35901216,0.16111837,0.77209127,0.28794026,0.0006725916,0.7462401,0.65811497,0.00042773114,1.0780535,0.35420308,0.0736558,0.037619676,0.9141754,0.1029117,1.0378265,1.5093595,0.5909417,0.13719511,0.3358481,0.10149114,0.20263167,1.0477965,0.6059209,0.36926174,0.17793813,1.037335,0.29925653,0.2767544,0.0022546882,0.1686985,0.062993586,0.10687269,0.5872331,0.9191594,0.95009625,0.6198767,0.1751856,0.18617529,3.3706498,0.052902278,0.110545844,1.1999584,0.11309666,1.214499,0.33408004,0.019188983,1.0730819,0.63125926,0.43184334,0.5466844,0.07268573,0.66384053,0.5698195,0.2597706,0.21440576,0.19892439,0.116460174,0.19251782,0.059429653,0.401393,0.05240959,1.6117269,0.35834083,0.88241816,0.8976424,0.7636655,1.8592521,0.0035196643,0.9032029,0.6026443,1.4428251,0.59804505,0.43946013,0.55073726,0.010735791,1.4375949,0.25067893,0.19671412,0.2917403,0.7939664,1.4315307,0.101732425,0.32651606,0.076975,0.08007747,0.4279042,0.07534064,0.23396678,0.9805309,0.11253682,0.36837265,0.991974,0.18459561,1.5131915,0.17234187,0.70678765,0.055998374,0.01023626,0.17717224,0.83851445,0.25368994,0.41697085,0.010796279,0.0046113557,0.8508833,0.33897594,0.10144075,0.053180538,0.42523995,0.51126933,1.6658907,1.2439831,0.8319856,1.2865841,0.17648934,0.6289476,1.6631434,0.10564121,1.0102342,0.9770638,0.81632316,0.2758731,0.4866785,0.020486923,0.7445256,0.16455403,1.6040016,0.11530483,0.22286631,0.1255048,0.33166826,1.4926552,1.8302035,0.37503293,1.9386573,0.20733652,0.5513196,0.6783534,0.6786581,0.8229582,0.6448464,1.1691393,0.2793235,1.0273938,0.3618002,0.07705663,0.41898188,0.19033287,0.43024126,0.32055274,0.34831613,0.6177569,0.085260265,0.45189363,1.7424288,0.23909202,0.025558347,0.27053276,1.1163049,0.18031031,0.169534,0.051094756,1.2011434,0.29842323,0.88423187,0.92258996,0.2287845,0.10141638,0.69786566,0.09706699,1.1444235,0.49131015,0.38319093,0.7620423,0.08072711,0.49325588,0.8394247,0.0376473,1.5540942,0.7530594,0.078413494,0.3631948,0.556961,0.16870521,0.8474585,0.36086357,1.6692213,0.6618948,0.24564297,0.0662704,0.3838096,0.17204036,0.48286593,0.3821989,0.0411279,0.16390006,1.4325185,0.29011625,0.27285552,5.007962,0.1810324,0.019812282,0.19826865,0.021360766,0.20184022,0.06941307,1.295461,1.019184,1.0022002,2.3471766,0.7776246,0.20757169,0.30881703,0.26171687,0.86530864,0.618857,0.06446207,0.3719578,1.3811787,0.534501,0.20081025,0.052860696,0.030794509,0.7386096,0.52817583,2.507348,1.0045749,0.5057057,0.2917998,0.7112755,0.37017143,0.3094643,0.18318261,0.012233696,1.4457786,0.0,0.62532115,1.44136,1.380333,0.49166393,0.41068205,0.29211098,0.02220118,0.4547533,0.57715225,0.27598095,1.1484108,0.47669834,0.38477343,1.6855456,0.05863066,0.23687588,0.008927857,0.35285598,5.316218,0.5419433,0.0,0.286067,0.5312149,0.28023583,0.19906203,0.57462263,2.9978774,0.9476807,0.20722978,0.48934826,0.5722784,0.7815599,1.9110374,0.36527383,0.035534184,0.25646493,0.012749326,0.33267733,1.2795368,0.6822154,0.56417936,1.1490647,1.0825785,0.72387147,3.295272,0.057061322,0.15636727,0.09312866,0.3024925,0.5736147,1.8563818,0.099969424,0.2289364,0.2918465,1.1145706,0.67260617,1.7255716,0.24623485,0.20780236,0.838796,0.05310496,0.22477469,0.6094234,0.40940124,0.39716873,1.4515343,0.33508593,0.17458421,0.63608044,0.0,0.1776461,0.57896036,0.57432085,0.31383902,0.15509863,0.13190676,0.36731213,0.234683,0.0007405025,0.1176105,0.5560004,1.3006537,0.01034424,0.37051186,0.5468923,0.5569224,0.20272422,0.15196656,0.41501203,1.2745403,0.038202833,0.284637,0.09848288,0.9649418,0.19402605,0.102050625,0.08398157,1.238389,3.4334319,1.0495046,1.7307436,0.68617356,0.18836169,2.257412,1.5493252,0.82003176,0.15798393,0.5175484,0.024688931,0.12245431,0.110236436,0.35726076,0.3013818,0.05589958,2.1148396,1.2085865,4.715414e-05,0.9563203,0.7872557,0.098538235,0.40066773,1.2883005,0.20538965,0.5737198,0.0924998,0.58221275,0.5764403,0.6247548,0.0,0.15012126,0.5346072,0.6238961,0.06366847,0.49862042,1.1415302,0.077222325,0.6774724,0.8148662,1.1055552,0.29590693,0.30208746,1.6962076,0.2780286,0.54878587,0.4090434,0.17359953,0.14415792,0.4386827,1.4289262,2.2959146,0.6314372,0.57316303,0.20718648,0.2715576,0.8350267,0.7171953,0.01744058,0.32985562,0.026640844,0.7081976,1.9318125,0.64631927,0.8033574,0.68547446,1.1262442,0.75748354,1.6060557,0.2776982,0.7425517,0.519693,1.6074727,0.66870123,0.62642395,0.74687064,1.5550472,0.25864026,0.9467623,0.2548379,0.44775274,0.98222786,0.9016726,0.07411319,0.82952225,0.69132423,0.75131536,0.43938842,0.4030598,0.2550857,0.43614125,0.0018549896,0.45998117,0.08199921,0.6871717,0.51709676,0.21631649,1.8884544,0.54105973,0.22780877,0.05347265,0.092132196,0.52991647,0.3631732,0.45270452,0.0023102642,0.3365771,1.387229,0.06850878,0.09787621,0.04969136,0.05788555,0.34573838,0.04022899,0.029304817,0.7522128,0.14179929,2.6872187,0.030504545,0.76986265,0.074670404,0.36760253,0.24487285,0.6895196,0.6633869,0.3488813,0.00075387215,0.46074083,all_pothole_images\pothole_images_enhanced_a53329e4f8d3757d2ab52efb141fc73a.jpg
2.1248214,0.18626827,1.8572465,2.2968168,1.4606252,0.34593698,0.66393,0.1858787,0.83590573,0.98885,0.11068626,0.4353465,0.093523,0.5786972,0.0022961376,0.059740502,0.19730821,2.6197274,1.8399386,0.5179513,1.165597,0.5952955,0.06269521,0.12405142,2.4219394,0.6439272,1.073385,1.8533671,0.100649774,0.5985752,0.01761228,0.93751353,0.19278795,1.5274546,0.031381875,2.0587413,0.25417253,2.504307,2.020992,0.1381547,0.34934545,0.8004054,0.40815762,1.4377983,1.0502383,0.036005445,2.0049706,0.048361797,0.22122017,2.0971532,0.0152466055,0.511425,1.1299384,0.15210526,0.49938005,0.75435996,0.72232956,0.13246632,0.05643536,0.4837054,1.8772323,0.55850124,0.7205829,0.20655647,0.8180355,2.270499,1.5679324,1.4110297,0.47683194,0.3375399,3.6454575,1.0787033,0.6716981,0.3459407,2.897707,0.0063806246,0.74577075,0.07619107,2.8465028,0.12864946,0.0017212565,0.5206426,0.52807367,0.8261834,0.045229405,0.0038299314,1.9974442,0.23362496,0.104266085,0.5585549,0.60456395,0.116253324,0.024625095,0.08475227,0.37355468,0.62527907,0.2604233,1.9427766,0.12123248,0.9572797,2.071811,0.057293978,2.398839,0.0026364427,1.1549727,0.2959459,0.07804283,0.027338179,0.48307723,0.6010526,0.0,1.3931601,0.10934773,0.36477223,2.004373,0.0,0.018725833,0.018025916,0.32580936,1.0176303,2.5464785,0.51486826,0.14052568,1.0559275,0.044116534,0.06715908,0.025784787,2.0786376,0.21339518,1.0288118,0.20128934,0.6038004,2.4070385,0.07280467,0.90027803,0.014608468,1.6794909,0.67258966,0.29553908,0.8396558,0.12867561,0.41070366,1.5624036,0.4165243,0.03972875,2.3082776,0.21542168,0.04404451,0.040109128,1.4639986,0.21345134,3.5041761,0.033613518,0.32249388,0.9055149,0.6591485,0.10983029,1.1349568,0.39349872,1.3070146,0.1575622,0.33715272,0.47257042,1.9240878,0.7287766,0.030748192,1.8062439,0.13796593,0.44387716,3.0680013,0.23647842,1.1556249,0.13636577,1.2616512,0.021929799,0.621312,0.047182914,0.706632,3.0022175,0.35560772,0.24410194,0.77653563,0.64233893,2.0181916,1.4748591,1.8076762,0.101223655,0.5845973,2.6602924,0.85816485,0.028384805,1.149837,0.055587776,0.76396066,1.1798962,2.9868295,2.5257063,0.03639141,1.3145814,0.4114886,1.5601691,3.149032,0.59876966,0.018918432,0.026329352,0.15471853,0.8609004,0.0016465237,1.6085331,3.2130625,0.6275206,3.2136562,0.41999498,0.67306024,2.762596,3.526572,0.26701713,0.5716008,3.2785707,0.008525353,1.3676022,0.28825504,0.21581867,0.365853,0.036767617,0.019530823,0.15746252,0.76037776,5.141596,2.8947332,0.3542608,0.2202888,2.7556593,0.82823646,0.087897524,0.08244728,1.1589731,0.15981944,0.09528742,0.39533287,0.18536334,2.0271099,1.0766715,1.9985301,0.0068472703,1.7362286,1.4049916,0.03452081,1.2903526,3.8903422,0.18294527,1.0076534,0.60353976,1.4895803,0.4129789,2.0970218,0.45008507,0.572916,0.0025220695,2.1740334,1.7858752,1.033943,1.3138372,0.5289959,0.1003787,0.27705356,1.4704331,0.039319236,3.5961175,0.04570048,0.07526695,0.9821842,1.6442101,0.04965171,0.37018195,1.2592331,0.45043704,1.5959678,0.14490436,0.7141757,0.87211585,0.03799405,2.103331,0.474234,1.5794466,0.61967796,4.3811827,1.1921052,2.1772408,0.015207096,0.0,0.8458739,0.60580724,0.0,0.41177228,0.11476706,0.86579573,0.13644087,1.6092012,2.2515483,1.8970739,0.949918,0.50455433,0.051711548,6.26071,0.014632173,0.80399525,2.1688023,1.710449,0.75908595,1.7874415,0.35656115,0.62710553,0.798482,0.44540638,0.09035991,1.2755089,2.4777699,2.7810059,0.012528018,0.05684885,0.33501118,0.23046869,0.18603426,0.11100233,1.5435447,0.8092672,0.14618333,1.4544921,0.3068165,1.0201257,0.20376936,1.9740031,0.4202937,0.69638807,0.5699076,2.4909153,1.5595375,1.6488991,0.057503495,0.13662003,0.34752274,0.9378017,1.6714836,0.30079776,0.36596906,0.048294194,0.91091645,1.5521212,0.26077938,0.74077797,0.17406237,0.038264323,0.6061969,0.15020691,0.08568672,0.49461702,1.8195648,0.9073016,2.472547,0.72939503,1.4553733,0.13463983,0.00036948404,0.4441986,0.29239526,0.45685747,0.0,0.559919,0.6336037,0.9986046,1.0066273,1.2266815,0.08243623,0.14935994,0.40737292,0.04215196,0.10969293,0.26832253,0.25344625,0.2838591,0.7068438,0.020314332,0.13109636,1.31633,0.34522846,1.2922943,0.4994772,0.3850909,0.12228881,0.3205964,0.077426344,0.8897967,1.4138784,0.2670373,0.6476804,0.82736844,0.76610696,0.37035564,0.2325288,0.45221624,3.0761762,0.5399899,0.32108977,0.8458501,0.07589738,0.51983964,0.5025916,0.19433819,0.033541184,3.169687,0.9764115,1.777324,0.14308178,1.1142038,0.21215057,0.06659069,1.1494809,0.3685195,0.12909447,1.075022,2.1139028,0.30749732,0.8728521,0.38493896,0.61472154,1.1861748,2.2672505,0.12095557,0.93266755,0.0,0.23051614,0.910429,0.32653287,2.015916,0.7612499,0.04236736,0.14756083,0.7927528,0.03214834,1.1605103,0.3525142,0.008817515,0.42805722,0.45887148,0.23976652,0.27391142,0.15892215,0.7887892,0.36222854,4.1586103,0.9522557,1.8896927,0.010704086,0.38361022,0.29111722,0.07100362,0.11914883,0.3363973,1.550027,5.7283063,0.023759793,1.1747437,0.48846987,0.5671781,0.7597379,1.1515194,0.0,0.90470684,1.7225835,0.06730945,0.34363368,0.0,1.0757824,0.0,0.39136052,0.63417524,2.6827242,0.2288528,0.0,0.36723483,1.110217,0.6042636,1.1653287,0.13261594,0.23093379,0.10738028,0.020541064,1.0179787,0.011268842,0.48593917,0.017533468,0.03064321,1.5676256,0.013639496,0.08184475,1.5460821,0.8675749,1.7165265,0.37488216,0.5635694,2.174474,0.5920265,0.5041994,2.7593467,2.502333,0.35644352,0.74218684,0.028720101,1.089595,0.002045355,0.011226386,all_pothole_images\pothole_images_enhanced_a548e6f7b68df5dadb6447d1a62f0d50.jpg
0.5756783,2.9650059,0.8318414,1.2468878,0.46840087,0.5511946,0.9256115,0.58833593,0.941877,1.0702964,0.42966485,1.0565269,0.105926074,1.2655965,0.8637034,1.892436,2.0363882,0.7139803,2.1709595,1.4184784,0.6974915,2.9366941,0.6260254,1.0822723,1.3389695,1.7046081,0.3183344,0.81668246,0.4154551,1.9482889,1.5732676,0.26602045,0.8617921,0.78202444,1.3129026,0.8829971,1.2939056,2.0661473,2.452859,1.0508162,1.7045346,0.27622253,0.10469623,0.12099826,0.71878946,0.29917648,0.3329107,1.0872626,0.46923834,1.9957169,0.15575491,0.9069335,1.0006652,0.1740431,0.71852374,2.4822946,0.16451368,0.19774254,0.7383858,1.8067414,0.17427707,0.94339097,0.2661736,0.95797586,0.2577146,0.7303432,1.0405215,0.05564728,0.005087337,1.9754442,0.3544795,1.5493623,1.0348697,0.06710824,0.7051407,1.5120816,0.860939,0.5001064,0.21781985,0.48099923,1.9685401,0.9572251,0.18327217,1.5555248,0.97436893,0.97235155,0.49197635,0.4712031,3.0160177,1.6163015,0.36007932,1.2476612,1.5448945,0.6713009,2.1772137,0.05992243,2.4871285,1.2607689,0.31683013,2.6866093,0.581327,1.9527401,0.75022095,0.69560474,1.0949304,0.6611115,0.06587798,0.58441186,0.3010042,1.3473073,0.22521248,3.1569033,1.8744717,0.5343589,0.0,1.1663529,1.1127046,0.18978016,1.566792,0.9683114,1.6655452,0.21093072,0.4485988,0.50214225,0.2905045,0.267017,1.8898088,0.8860967,0.7159487,0.88090324,3.2635174,0.57481265,0.16672993,0.44372815,3.2230759,0.39732924,0.8748857,0.3573619,0.7609752,0.28721136,1.2789342,1.0288876,0.59182066,1.4102149,0.7300285,1.231641,1.6049043,2.014708,0.21650799,0.48107046,0.41853967,0.67206585,0.27813706,0.35130867,1.1060953,1.2191727,0.95328534,0.9631659,0.68312913,1.5127285,1.1485417,0.27763462,0.71278876,0.8177986,1.0498613,1.4081614,0.31992218,1.14447,1.2856005,0.13365147,1.2888392,0.23271911,0.40515113,0.045533706,1.5635251,0.4257346,1.6957191,0.3984336,0.45457044,0.93776566,0.26002336,1.3763982,0.54004884,4.067237,0.7377024,0.2842614,1.6512429,2.4466817,0.15037441,0.9477886,0.8549458,1.0862874,0.51819307,0.27525616,0.2719318,0.4286822,1.4453086,1.5355791,0.7754676,1.2817845,0.5674833,0.9591007,0.45659027,0.13599585,0.4551365,1.1523981,0.4512253,2.201978,2.2490354,0.26854655,0.027606959,0.08069354,2.4326358,1.2318829,1.3048832,0.9705583,0.5252177,1.1092489,0.85921323,1.2177858,0.15413995,0.085064776,0.8979417,1.130547,0.25644886,0.7598341,2.0777824,0.45550665,1.2728709,0.068164125,0.123256534,1.294659,1.0660778,0.6592425,1.0801693,2.1143603,1.7766358,1.1303352,0.32748514,0.80888975,0.19829032,1.3701259,2.0222168,0.021750802,1.1747757,0.75147414,0.14093877,0.35773748,0.7306967,1.4837041,1.8127764,0.501004,0.83674747,1.6762961,1.5574846,0.92314637,1.0572008,0.98702544,0.6944304,1.2608798,0.55971384,0.12496053,2.2982056,1.6345682,0.57385737,1.535022,0.41775417,0.08456615,1.2454168,0.8896965,0.20985992,0.4282587,0.50549185,1.7615824,1.181572,1.55184,0.18491487,0.6574741,0.8962476,0.27489436,0.37350604,1.6369146,0.17145063,0.5697082,1.1249064,0.48066014,0.15563552,0.5308413,0.77865094,0.101520106,1.5921015,0.9453385,0.0026795908,2.6470604,0.98258656,0.8326983,1.133922,0.10353204,0.84126437,0.28191432,0.18106394,0.0,0.18386708,1.5949839,1.8566712,0.09546681,0.87208325,0.39470437,1.345809,0.3164186,1.4681264,1.1876129,3.3709884,1.4017758,0.325399,0.7001173,0.33967632,1.4105103,1.4453777,1.4395003,2.2049341,0.60945076,0.89927673,1.6160289,0.9042735,0.94383913,0.53502613,0.08541893,0.15698533,1.3326304,1.4443974,1.2840273,0.2842344,0.45478484,0.90898234,1.3468175,0.27099687,0.5121372,0.523018,0.10679924,2.362729,0.5223837,1.2840781,1.0693133,1.0103014,1.6306382,1.0047953,0.3900733,0.24857725,1.463623,0.0934734,1.0054858,1.2121004,1.5076789,2.612684,0.33885852,0.7104226,1.7415849,1.4025271,0.794484,0.424463,1.0928802,0.6136862,0.5819996,1.454326,1.0937922,1.3964459,1.3098673,1.134831,0.71113217,1.0297378,0.57000864,1.1570413,0.0,0.29027134,0.3054807,0.39634934,0.46785685,2.4000201,1.119328,1.0770408,0.40297762,1.3323965,0.59564877,3.243137,0.54465836,1.7114509,1.813236,0.46981394,4.0054812,2.7372406,0.52891433,0.23006707,0.08930964,0.040951815,1.4827307,0.11428008,1.0407493,1.5210794,0.83609265,0.927697,1.0528734,0.6629964,0.064324506,0.60195696,0.6558335,1.083216,1.6138719,0.57362515,0.38156053,0.8602366,0.36733672,2.2057443,2.3249044,0.5141474,0.9737287,1.2749528,0.82775533,0.044822827,0.657603,1.0354599,1.632361,0.9136485,0.8541417,1.0645409,1.030121,1.7127453,0.9671542,1.7985038,1.086961,2.0332794,0.42187965,0.0,0.530521,1.444846,4.135841,3.153811,0.23029347,1.2172796,0.29519853,0.8414273,0.033593435,0.35580027,0.14935385,0.6318382,0.59101164,1.643866,1.1919873,0.23981257,0.5050342,0.4447561,0.46226782,1.1046284,2.6443455,0.4402235,4.2160583,1.7899401,0.6274483,1.0154582,1.0029949,0.8701459,2.1597707,0.9183829,0.1935664,0.94390476,1.5276743,0.082959175,0.5445385,0.38471156,0.69509846,0.7210818,0.40061703,0.3452671,1.0153887,3.1232085,0.089362085,1.6255515,0.67381847,1.7582353,1.9792318,1.4607474,1.5472581,0.87034416,1.0420117,0.8691219,0.32097644,0.7765054,0.705595,0.2196881,0.26901218,1.1881499,3.4964433,1.0879167,0.019283835,0.49767226,0.06556945,0.9398583,2.8637583,0.63503575,0.24090284,0.32059556,2.1283426,0.1610283,1.2654841,0.6567947,0.7177633,0.2220583,0.4372842,1.5389144,0.71881926,0.030051453,0.6192664,all_pothole_images\pothole_images_enhanced_a575e9077fb8e36d5bb32489744e37d7.jpg
0.53867114,2.2286346,0.6600611,1.8158257,1.7688713,1.0590702,0.09024172,0.0,0.95431596,0.45281616,0.16783847,0.48051342,0.3685588,0.3864805,0.72902477,0.56097525,0.1257275,0.04035787,0.35369718,0.61032426,1.4746782,1.4138099,0.72502005,0.5481988,1.5743899,0.40394917,0.8387948,2.1670954,0.3821497,0.33722305,0.46079472,0.5409313,0.85875064,0.3721586,0.66083765,1.7292985,0.6806445,1.5403541,0.20829187,0.3272857,0.046173207,0.053226795,0.027255442,3.335613,0.62157744,0.15531339,0.11760305,0.6908795,0.38825217,0.5290246,0.44196707,1.6988049,0.6296929,0.58320546,0.4746502,1.5703193,2.508671,0.20636609,0.38289967,0.47457385,0.0003231631,0.68163943,1.0751252,0.19996874,0.19933504,1.2197703,0.2953123,0.77855426,0.5635278,0.4589497,0.7763622,0.6727036,0.7127734,0.33843267,0.6987054,1.2801361,0.29084593,1.110795,0.021952294,0.6837695,1.5663984,0.009926402,0.017305087,0.5489935,1.467013,0.33687276,0.060567584,0.12776692,5.590885,0.055416588,0.5752826,0.13732424,0.22291674,0.7391327,0.4737274,0.05404879,0.523984,2.70349,0.9988294,0.6763719,0.0,2.433005,0.21922818,0.6325339,0.35140252,0.12970154,0.2756943,0.09467635,0.035791975,0.54552054,0.21035531,2.021352,0.18184155,1.4747945,0.130664,1.0678141,1.6981659,0.035927422,1.5457174,1.0597689,2.3745515,1.0695238,0.15026468,1.2913183,0.8317318,0.98625326,0.2857796,1.1870099,0.9626569,0.4393074,1.025282,0.21570943,1.0670353,0.5923458,0.4791349,0.79044545,0.29165104,0.5196043,1.3077211,0.2069217,0.39342675,0.18051013,0.044912074,0.6105922,0.91862947,0.69101185,1.0755574,0.74124104,0.003705633,1.5182805,0.7198469,0.788385,0.10659315,0.002608056,1.0450913,0.58574724,0.74878067,0.13309522,1.6363678,1.0714304,1.0212771,0.57604074,0.19137032,1.8296916,0.0,0.32964215,0.48227742,0.067907326,0.9852748,0.35634324,0.87528235,0.5009816,0.5338328,0.40680772,0.791952,0.029121362,1.2981229,0.113235645,0.16408406,0.16370258,0.34202644,2.3428373,4.083519,2.546503,1.4566687,1.2179888,0.9811468,0.29759914,1.9516166,0.1639017,0.83210194,0.7061529,0.16037013,1.4716544,0.29076135,0.53549606,0.5471009,0.06431059,0.23188308,0.9145335,0.66062754,0.18337247,0.32520384,0.9520788,1.0235568,1.0002956,0.051551905,0.47349504,0.6895759,0.010213491,0.4466844,0.6361947,1.2993361,1.4607513,1.5014975,1.2624357,0.4288681,0.07504333,1.204788,0.015893761,1.9028656,0.016726688,0.33521792,0.16806293,0.16419742,0.5552752,0.47720543,0.2511469,0.27859008,0.8061971,0.17694691,0.7991691,0.44094917,0.042874496,0.4757442,0.48274136,1.4325223,0.31086335,0.04972125,0.26768038,0.22232036,0.03744978,0.12829643,0.0,0.15519959,0.2644346,0.5995516,0.0,0.3345688,2.9042196,0.9362244,0.38400513,0.46803886,0.81934106,0.9410375,0.1800677,0.9975895,0.032661658,0.43526363,1.4164174,0.46888295,1.1167047,0.6462013,0.23985699,0.53401387,0.8369163,0.027016751,0.5731399,2.0037353,0.022617606,0.16854346,0.2579792,0.4623065,0.24599534,0.24787688,0.8661161,0.3329689,0.17334883,0.07228323,0.735383,0.06026976,0.07758511,0.650981,0.046033993,1.389859,1.092808,1.9915626,1.2686087,0.7078045,0.0,0.5335143,0.88585573,0.060495064,1.0339035,0.6087599,0.58574015,0.6723496,0.06517652,0.032578893,0.880125,0.14987826,0.850435,0.12352081,0.88590485,5.986044,0.5104866,0.0,0.654366,0.7610134,0.93686193,0.17842638,0.66076267,3.413892,1.0644352,0.22137447,1.4779296,0.53277,1.2981297,0.80640286,0.1041886,0.043848522,0.7092725,0.33267438,0.25555092,0.8783463,0.66600066,0.8488762,0.99489856,1.1349354,1.0248338,1.894045,0.6442386,0.26752055,0.032428317,0.784228,0.89473456,1.4839147,0.6152845,0.30936348,0.7210625,1.1613576,1.2185329,2.0002158,0.14994407,1.5366293,0.11958937,0.13723786,0.10950681,0.57362485,0.5212151,0.46898815,1.0680183,0.5623568,0.18575442,0.5939965,0.029974373,0.40056336,0.41946575,0.67543465,0.5664177,0.012101944,0.0,0.4766624,1.6340462,0.27427226,0.28071988,0.24617426,0.19553639,0.19524758,0.3525032,0.6451936,0.41221905,0.5358657,0.14520177,1.2939527,0.7785595,0.23212136,0.04374805,0.31379965,0.3199555,0.033952158,0.10613308,0.21898264,1.0376785,2.6742759,2.0793424,1.6879177,1.4240077,0.48909894,1.3142366,1.554649,0.07882666,0.064211614,0.09257285,0.1185546,0.03593374,0.6225663,0.1264074,0.41163456,0.25342023,0.8248613,1.4870656,0.016180836,0.75323135,0.5254222,0.23617464,0.09628645,1.0815309,0.78543633,0.60668194,1.4656193,0.58367616,0.41727233,0.6745412,0.0,0.6374063,0.71254325,1.2566854,0.23015647,0.038985953,2.7075725,0.08698976,1.0383246,3.0358493,2.134992,0.27576673,0.89872223,2.0958598,0.06253176,0.4401379,1.6693233,0.1514952,0.6702199,0.38075414,0.4433251,4.234026,1.5075918,0.42075768,0.10869471,0.68429846,0.9242628,0.11294501,0.02635898,0.43568045,0.038624495,1.01281,2.6235845,0.6107698,0.6537746,1.6800482,1.0569378,0.49307737,0.35341096,0.2652929,0.22466223,1.2330606,0.9148682,0.47916785,0.26350364,1.2719803,0.8526376,0.53107184,1.2870808,0.36967474,1.0646095,0.24169649,0.3025976,0.10770496,0.5488094,1.0536922,1.7649498,0.10441971,0.42280203,0.14746921,0.46181425,0.45243338,0.5338887,0.669979,0.85217416,0.24958007,0.82827646,3.190716,0.23017667,0.30831885,0.0041723084,0.0,0.6233676,0.30851135,0.07446232,0.094116025,0.003330389,3.295551,0.037460294,0.16445725,0.016783424,0.0,0.26484984,0.0,0.24933414,0.0,0.105559796,3.0523112,0.353932,0.7380107,1.681532,0.65744764,0.17658094,0.9552972,1.1183268,0.30631784,0.62630206,0.47489554,all_pothole_images\pothole_images_enhanced_a5802853a809bda20e47330ce03c2e1c.jpg
0.845904,1.802826,0.29482064,1.7894212,0.104905166,0.2543903,1.0379428,0.39258146,0.49962223,0.8437785,0.4147156,1.5795615,1.1552747,1.8108776,0.70118433,0.48693344,0.58417875,1.5625077,0.8010771,0.25671497,1.3753611,1.3712572,0.94573313,0.09840048,1.8555173,0.34479707,1.17661,2.9812837,0.2520413,0.053272653,1.1696382,0.07872414,0.34186926,0.019616589,0.4888765,1.172579,0.050940275,1.0258049,0.8897004,0.32895303,0.0,1.1341622,0.046720732,0.4378662,0.28870353,0.029312814,0.81505305,1.2334856,0.010902305,0.042221565,0.041939296,0.17926301,1.1087723,0.24198729,0.07895717,2.35973,0.7965788,0.055366945,0.29686978,0.34026653,0.7724597,0.3341079,1.3115634,0.15971328,0.8153202,2.8199213,0.25556365,0.15550151,0.0059983176,1.7901757,0.40163743,0.10156178,0.055410862,0.07441946,0.006229618,0.03104055,0.30649257,0.22096069,0.0048390324,0.18249086,0.41223642,0.0,1.3865887,0.90855575,0.3620293,0.09650849,0.2218729,0.01102407,0.62778825,0.051533878,0.06995555,0.6927964,0.08588627,0.20759109,0.4480234,0.3473525,1.077212,0.5469267,0.33408475,0.46723813,0.3256343,3.3197818,0.8473797,0.17632161,0.5963678,0.058366474,0.060779005,0.23072077,0.072824255,0.1762035,2.2442381,0.55184436,3.0044599,0.2006992,0.8527779,0.048623793,0.06850472,0.0019119085,0.29868376,0.66804814,2.3987136,0.015803969,0.96760356,1.6563156,0.8617631,0.9397444,4.7920494,0.26416293,1.3219879,0.084849216,0.6584722,0.3154886,0.002024194,0.25084528,0.87807184,1.2752377,2.1269357,0.025321955,0.5802729,0.29505593,2.6199834,0.12625116,0.92293113,0.6043761,0.06410236,2.5198648,0.04991832,0.53083795,0.20625429,0.11603937,1.0451202,1.2686983,0.049916796,0.048431564,0.21393391,0.016097497,0.58769125,0.09783221,0.7499077,0.3016939,0.7641251,1.1633949,0.06543728,2.3453028,0.88498867,1.517631,2.5236812,0.8002024,1.1067404,1.8201507,0.75158674,0.37741244,0.005099232,1.7803407,0.22154123,0.33455116,0.8523504,0.5410718,0.27381793,0.3986779,0.21799274,0.44677648,2.2136598,0.06753028,2.733398,0.02050207,0.505492,0.9989274,0.21589765,0.8893079,1.287888,0.37072697,0.061174773,1.8039441,0.9949747,0.0,0.34037694,1.4190792,0.066926345,1.4461492,0.24699537,0.41519523,0.76422656,1.1133544,0.16335168,0.09457399,1.139158,0.36056504,1.1640799,1.0876129,0.0,1.0641987,0.65388346,0.07731101,1.5151435,1.4821872,0.74552006,1.0748358,0.5292384,0.37077153,3.6782172,0.24866298,0.6139927,0.13348128,0.03580844,0.13259311,1.9870241,1.4210207,0.87307906,0.9784659,0.087627694,1.507251,0.6369892,0.1309881,0.20443366,0.02240704,0.67741084,0.40444836,0.8038175,0.3464107,0.014559381,0.0029644868,1.5655509,0.24855354,0.5076162,1.0686194,0.39714205,0.21100421,1.276488,6.7432585,2.0745656,0.51103395,0.34589338,0.18055485,0.029301178,0.4183183,1.2068166,0.26592594,0.49712136,2.3772418,0.09434042,0.1415317,0.6892152,0.12536152,0.17791258,0.74712026,0.9713376,1.0832084,5.1819873,0.7115505,0.2632149,1.102788,0.50251013,0.20149222,0.51955026,0.5165833,0.084063895,0.95116144,0.3159245,0.32776222,1.6252915,0.030579561,0.67126036,1.0130442,0.61624503,0.1332029,0.5111705,0.2294109,3.5529623,0.1835949,0.008379028,0.41659752,0.33015066,0.4715462,0.14248313,0.7953695,0.2687922,0.6395087,0.14959985,1.9899155,0.11042863,0.14548574,0.8410322,0.02549223,4.3539314,0.0,1.6745768,0.005975646,0.06754952,0.82414716,0.22923432,0.97873574,1.962281,0.6539014,1.8934153,2.2989798,0.2586981,1.6094528,2.7388673,0.6825018,0.01136476,0.028337566,0.56448716,1.3406527,0.9508005,0.05130523,0.22799997,0.0,1.4015468,0.19371918,3.2779603,0.15421604,0.3227784,0.28119037,0.041211445,0.0,1.8552152,0.19516814,1.3073014,0.29949033,0.059078615,0.41931373,1.0056258,1.0005759,0.89186335,1.2662452,0.31921303,0.18370701,0.8309832,0.76290417,2.937087,0.104891345,0.398582,0.77270836,0.233126,0.042613097,0.10593093,1.0797292,0.015242114,0.103046454,1.32848,0.9391444,1.6257699,1.4351925,0.0033754176,0.0020513234,1.2800076,0.019138537,0.10607476,0.7590284,0.23669735,0.0073592644,0.3281404,0.097820744,0.14515498,0.09788343,0.028397664,0.69279283,1.1365267,0.30867302,1.3123845,0.3383582,0.20036075,1.2072974,1.9984021,0.25554416,2.3725886,0.093047,0.042376485,0.4490383,0.6499934,0.21186723,0.04697562,0.20704564,0.1175489,1.0935627,0.045086056,0.449277,0.019514235,1.1438897,0.27021435,0.73763806,0.73946565,0.9407202,1.8433164,0.074600324,1.3799484,1.1884699,0.13132,0.8815854,2.3254871,0.811026,0.009108408,2.8195682,0.89128476,0.868354,0.6767357,1.1927795,1.4761842,0.5450925,3.4647572,0.05131355,0.6550133,0.855415,1.5738287,0.12977067,0.3061505,1.109511,1.0576693,0.10662168,0.68363225,0.28326136,0.0,0.45293936,0.14019111,0.98507154,0.0111356,0.7841761,0.19782646,1.8230515,0.10539086,1.6680603,0.14772564,0.085121155,0.29224053,0.0009860654,0.6590702,2.1855776,0.37268835,1.4363245,1.9512548,0.20655069,0.46271807,0.2633589,0.094468415,0.58665764,1.3402,0.12556264,0.25252533,0.16535911,2.37536,0.12371133,0.14784963,0.3468366,0.29994065,0.40575245,0.01024108,0.0,0.033027586,1.3839607,1.6972135,0.5063124,0.109012365,0.5642149,0.14892647,0.023281893,0.8671931,0.74084455,0.7886983,0.114778884,0.11007404,0.43548203,1.0014151,1.6126531,0.0,0.4380767,0.2068519,0.051472828,0.31629178,0.09470173,0.007483813,1.4464992,0.0989276,1.2106013,0.00080086745,0.361834,0.07788437,0.07239615,0.46465907,0.08449123,0.8306831,1.5665698,0.3374096,1.5355552,1.7455263,1.1290997,0.82314813,0.11925475,0.4124376,0.17472573,0.088676654,0.18626691,all_pothole_images\pothole_images_enhanced_a5813d311068afb65dc3c9d82e7049e2.jpg
0.3862001,0.16406707,0.11080874,0.8773435,1.4838616,0.26503846,0.31439957,0.16836874,0.86192894,1.0058355,0.29849002,0.7017693,0.3247358,2.008121,0.45968324,0.0529804,0.065197706,0.0029229838,0.3210563,1.1180439,0.111247525,2.4540446,0.47091347,0.5848113,0.20402561,0.5863501,0.01279639,1.1432078,0.28643313,0.28276977,0.47192445,0.18482292,1.045955,0.17176063,0.5709231,0.37254995,1.490597,0.15141658,0.0132095385,0.7627979,0.060014267,1.1771064,0.4528066,0.38484752,0.3306444,0.57296544,1.1783564,0.051712163,0.52178675,0.07554436,3.5253053,0.25612503,0.42020532,0.830955,0.22115201,0.0072952495,0.5742076,0.1615054,0.12892859,1.6493084,1.4387827,0.70761293,0.39742354,0.16290087,2.4843204,1.1596802,0.85088766,0.19747806,0.9333218,0.04146633,0.24200852,0.09660659,0.5274809,0.28137884,0.53476167,1.5995368,0.079105735,0.18245977,0.4187374,0.16830629,1.3803576,0.18098648,0.10472339,0.8269301,1.3194762,0.05386369,0.62949324,0.2886852,0.29879805,0.9472895,1.6189544,1.4261806,0.11625045,0.2597345,0.032589436,0.67581356,0.69971186,0.3919145,1.2103453,0.42580098,0.024329241,1.5249839,0.68046856,1.1785889,0.100225285,1.101089,0.7888934,0.09702744,0.039958913,1.1199844,0.20838702,1.0504106,0.26343247,0.19055027,2.6270049,0.37513077,1.67042,0.8142362,0.531188,1.2208385,0.6375375,2.2076287,0.5787307,0.7203977,0.8292667,0.42183816,1.6963661,0.34289354,0.8253303,0.15237013,0.85700554,0.7572446,0.637829,0.6621595,0.0052147675,0.3350853,0.05126589,0.41546586,0.5816885,1.0122703,1.0528945,2.302652,0.27653214,1.5025973,0.2510743,1.1076583,1.0261672,0.24774894,0.26935282,0.84101474,0.13738151,1.3044484,0.4362438,0.11087659,0.9783741,1.0003239,1.1961969,1.1366894,0.13199823,0.21101508,0.6927812,0.2918297,0.30131173,4.114158,0.4622596,0.52096,0.5193894,0.93424505,0.76578456,0.5492941,0.18914217,0.31627277,0.7211421,0.015796795,0.5782058,0.510225,0.9185115,0.00032497893,1.1312443,0.037895583,0.12037641,0.6319395,0.056400806,0.08248623,0.68297607,0.7407039,0.9694604,0.40340352,0.22649254,0.21089396,1.4471177,0.71755224,0.371446,1.3890648,0.36607844,0.038480442,0.3158976,0.7228308,1.6299642,0.6371201,0.21176392,0.9100286,1.4245642,0.32516122,2.1638095,0.17351395,0.6332933,0.234699,1.705704,0.64437574,0.38259506,0.43131503,1.2069795,2.1167572,1.598114,0.33902988,0.78518206,0.38687277,0.5490903,1.3902323,1.1534104,0.91593045,0.81907016,0.825479,1.1055354,1.088537,0.45757183,0.3992478,1.7734498,0.33922482,0.09933168,1.0235342,0.0063228398,0.20608933,0.26341838,0.02342308,0.24934909,0.3022016,0.11028479,0.14923954,0.8724854,0.0,0.5568019,0.2542658,0.3045838,0.14528668,0.028128667,0.14249542,1.6855892,2.1969614,1.2306023,0.093362205,0.7380918,0.20639458,0.1776401,0.21754456,0.08441556,0.18815728,0.25620216,1.1879277,0.6080448,0.29314658,0.23554668,0.06980808,0.2811149,0.6119663,0.3301724,0.20776986,0.4832727,0.5472094,1.6136845,0.031194514,0.13032,0.3870872,0.120027,0.31973577,0.3813749,1.1639918,0.18163963,0.08382811,0.08035423,0.673404,0.2872114,0.2362788,0.9818783,0.07498886,0.66868776,1.2102306,0.7335627,0.45972347,0.0019219762,0.109247506,0.68683493,0.1455199,0.0107247215,0.10011731,3.6347892,2.4778135,0.020664195,0.92122716,0.3734435,0.075842574,1.1194705,0.25987878,0.78864324,0.95079833,0.056441694,0.3688142,0.80949885,0.2388313,1.4439322,0.4039168,1.6323484,0.5713151,0.60473853,1.5435859,0.013578799,0.2442411,0.20610291,1.1476028,0.86658925,1.9427369,0.7878906,0.7066488,1.0507549,0.66333014,0.52651066,2.5624065,2.3107822,0.030318383,0.58105576,0.021376926,0.013393456,1.1179311,0.43832672,0.09964058,0.05823036,0.7346289,0.92717266,1.3148906,0.31488067,1.5865142,0.54886025,0.0104836505,0.19966193,0.53234863,0.7660518,0.6877692,0.5493417,1.0561502,0.5877205,0.4858766,1.095341,0.14009866,0.21577004,1.9790858,2.3936427,2.2534842,0.5598621,0.6114797,1.7639782,0.14973395,0.5091271,0.65564626,0.5111433,0.29805768,2.8028936,0.043890607,0.90317583,0.39297414,1.610784,0.10734405,0.22082438,1.300564,0.43237132,0.018672705,0.66797405,0.89648575,0.009010166,1.306721,0.7114581,0.008643275,2.1812634,0.675259,1.6614515,1.0265074,0.82441115,0.48733532,1.7883539,1.8098222,0.2994743,0.50026006,0.10719787,0.85749394,0.90913546,0.06336223,1.8762156,0.51304775,1.4126307,0.18637614,6.230913,0.40160844,0.005086288,0.9236466,0.940988,0.16223204,0.4007606,0.28971887,0.3952445,0.11590238,1.7180427,0.74617034,2.184187,1.3191494,0.1017293,0.7414627,0.23021704,1.5831101,0.6034207,1.1876055,1.635696,0.29734853,3.1164322,1.136294,1.0513465,0.27543908,0.2951317,0.48963562,2.3717248,0.85828817,0.18737979,1.4451146,1.2713081,3.396736,0.5753545,1.9500216,1.0622991,2.131793,0.05035186,0.91379094,0.79655164,0.20637769,0.3237536,1.455857,1.2409185,0.3366746,2.0892034,0.01979099,0.39738718,1.3774065,0.7607302,0.6412199,0.2614215,1.1038808,0.07318864,0.27789634,1.9363568,0.035336893,0.15826975,0.46405748,0.7409238,0.8248345,0.673491,0.29878402,2.262889,0.60312164,0.47439045,0.57878745,0.4046315,1.22584,0.8771722,0.29265454,0.9740339,0.12993866,0.1300807,0.7593725,0.71780723,1.2397044,0.08923195,0.47863558,0.98335934,3.739481,0.5595016,0.14969978,0.014558096,0.66151273,0.92413765,0.0,0.40001947,0.60416234,0.7817498,0.6723709,0.7290255,0.016085355,0.2617546,0.14438966,0.9854831,0.02246043,0.15428355,0.3799458,1.0184766,2.8893428,0.20312318,0.109316744,0.54010266,0.12886246,0.044300683,1.252318,1.9596614,0.5697091,1.0044037,0.6338498,all_pothole_images\pothole_images_enhanced_a5f597077b26df26c1e1b6947997a3cd.jpg
1.8940426,0.47479236,0.11047301,2.638873,0.7202522,1.0749557,0.38663244,0.9003766,0.1278467,0.82978195,0.39570943,1.4699961,0.66588044,1.1816866,0.41282645,0.5758912,0.12603863,0.0075147413,0.1058548,0.007113774,1.0679979,0.5723167,1.8615825,3.3321798,0.32861173,0.050127793,0.23288977,0.73691005,0.6433113,0.1322438,0.26779488,0.0006869046,1.5412656,1.5721142,0.12156338,0.44590202,1.1523749,0.47771487,0.3334488,0.7187838,0.034618497,0.20518923,0.7689274,0.58737665,0.48975322,0.020626156,0.4742194,0.1432969,0.04448916,0.47312078,0.80449754,1.0608436,0.20117474,0.08811519,0.09739134,0.573292,2.8806458,0.01869135,0.6724782,0.58489895,0.022215946,0.5199783,1.078464,0.92730176,1.7180904,0.8506966,0.28817093,0.0058044037,0.013379257,0.07990701,0.7025912,0.016017098,0.6771446,0.2285121,0.22455162,0.32322875,0.2898459,0.9278242,0.005047916,0.043153413,0.33521345,0.49268508,0.13329984,0.8306939,0.69804364,0.92453665,0.13206685,0.3583627,1.7572728,0.32917842,0.38580322,0.23906596,0.5320817,0.026108226,1.0764958,0.3938038,1.0292264,0.44399184,0.4675793,0.02735975,0.0,3.265951,0.5371151,0.40047508,1.2812726,0.29669687,0.46528888,0.5185233,0.18590467,0.74470043,0.08308602,1.323226,3.0246525,1.4629817,0.8687054,0.61177754,0.5876671,0.030990032,2.0134187,1.3776046,1.4885108,0.88136524,0.04664654,0.42138633,0.06276952,0.43679664,0.40800273,0.83107966,1.4311519,0.2592834,0.52779406,0.117068656,0.0726119,0.17212975,0.015920145,0.8452296,0.019616624,0.8630267,0.032938913,0.17030136,1.0966054,0.78043115,0.065603554,0.92517555,0.24427496,1.2971069,0.12192443,1.0093737,0.057256848,0.15497331,0.632291,1.2140421,0.46115473,0.00649965,1.4003068,0.7783094,0.80848294,0.31260553,1.5171534,0.5377307,2.5663223,0.22842343,0.026306653,1.1777524,0.1795543,0.76372,0.25356743,0.2937587,2.3259974,0.26990992,0.068053246,0.10309468,0.0039070523,0.054282557,0.5349544,0.9605831,1.150892,0.008950253,0.036089648,0.016113736,0.3790345,1.0768988,0.4617474,1.3161637,2.735605,0.08050725,0.056383085,0.341608,0.62208945,0.5226582,0.5581862,0.028279634,0.34753996,2.3374095,0.086509764,0.56300664,0.7732486,0.87451327,1.3479761,0.4965186,0.24595949,2.2553759,0.18713559,0.31644326,0.47931117,0.720379,0.6780003,0.18791437,1.4297091,1.3524185,0.09046739,0.5238127,0.14546905,1.7736583,0.693245,0.6030317,1.8699127,0.22246827,1.0115837,0.34553644,0.6432504,0.048205383,1.2845922,0.4228339,0.031592198,0.7299926,2.3030849,0.24505983,0.764579,0.08175786,0.88955635,0.42672694,0.2985328,0.42905912,0.14722575,0.023505881,1.8509974,0.61451995,0.001736937,0.17858413,0.23589647,0.043209318,0.87074685,0.35139623,0.030472882,0.009730788,0.85410035,0.3799959,1.3624486,3.8638737,1.3821193,0.5758491,0.23673782,0.027292319,0.31558707,0.16090071,1.0452783,0.06362416,0.4371634,2.8671417,0.5973223,0.2919164,0.51609415,0.46620458,0.027175052,0.45963025,0.19121993,0.58267856,1.3772172,0.34790167,0.23996146,0.28575948,0.17075008,0.19702904,0.19163433,0.75692606,1.1308355,0.4650191,1.0683649,0.41319242,0.018839035,0.62064856,0.44578785,0.85807323,0.41090944,0.25727785,0.3931423,0.1825929,0.6633402,0.07724831,0.685984,0.023858387,0.63491845,2.0040207,0.04231568,0.12527555,1.492867,0.4676337,0.22738853,0.92540675,0.6594219,0.15036769,0.0029377004,0.07501984,2.93283,0.37535882,0.17564452,0.3054482,0.02596171,0.033599637,0.39560044,2.1972547,2.4429832,0.92409784,0.17542228,0.30082682,0.016599452,0.99311393,1.3893373,0.4630657,1.7965374,0.17315185,0.37895176,0.70875955,0.4947167,0.57329357,0.82528514,0.26661387,0.9968486,0.039260324,1.0390017,0.16093266,0.0,0.0054010507,0.0,0.41487345,1.4518282,0.025860334,0.48277164,0.16622074,0.6434856,0.989198,1.4403994,0.3928308,0.194308,0.69740653,0.45910135,0.060506362,0.13967253,0.44615257,0.5826695,1.189883,0.28763863,0.74358505,0.37301183,0.3610825,0.96956694,1.1705761,0.42893142,0.99763703,0.6508086,0.59502584,0.81151253,0.45744357,0.012602964,0.50438416,1.5052933,0.21144964,1.7109337,0.52750164,0.44312927,0.16224241,0.094780065,0.20732951,1.0054266,1.0346262,0.78907496,0.6631287,0.5642702,0.81618094,0.14503843,0.0002471296,0.42252642,0.17398077,2.9313648,1.9402812,2.3757772,0.09172441,0.16336529,0.3850296,0.03136661,1.3295715,0.22093557,0.5764048,0.043178063,0.66739637,1.078101,0.5542589,0.4084327,1.4128252,0.1447299,1.1567957,1.2562664,1.1036285,0.36909577,0.5025479,1.8527676,0.057121232,0.05937466,0.49536738,0.4627261,0.5334168,0.21153091,0.15853971,0.19780703,0.47138384,1.6529065,1.1054466,0.51583683,0.1835599,0.31253865,1.4289365,0.9304831,1.7614951,2.93372,0.00037715552,3.1671965,1.0924983,1.7245638,0.76196414,0.29808423,0.81452876,0.32892475,0.078190744,0.06339096,2.1702597,0.15185651,0.78279954,0.1776766,0.86943084,0.7787165,0.2682325,0.107318886,0.6867613,0.760401,0.020668939,1.0588447,0.714272,1.266007,0.99074084,0.75768685,0.23975216,0.3584239,0.30043575,0.61752,0.6171615,1.6311932,0.062764436,0.9324444,2.5132856,1.1427871,1.5335426,1.011813,0.20775375,1.2416114,0.22432499,0.009521968,0.07190423,0.07373271,1.6226649,0.64367753,0.02981304,0.13776444,0.26136726,1.1220427,0.12004408,0.25447488,1.6040484,0.26867968,0.355396,1.4626595,2.1353805,1.257033,0.6485809,0.25559708,0.33525777,1.1267279,0.048499115,1.1955155,0.03572397,0.13382071,0.30148652,0.048836254,0.14916012,0.28421262,0.03552531,0.2265591,0.05722367,0.103725895,0.163351,0.5351463,5.008363,0.8614099,0.31708688,0.6042353,0.923002,0.0,1.142895,0.27062762,2.024352,1.3064765,0.17785104,all_pothole_images\pothole_images_enhanced_a6261c96928582f8b8db77e297b3c682.jpg
0.15242913,3.2205071,1.7519504,1.049377,0.8504604,0.58651733,0.4609656,1.1291109,0.37213835,1.0339267,1.0943516,0.11586762,0.87839675,0.043937802,0.08876782,0.06347081,0.9781024,0.07979972,0.719171,0.5344751,0.7296202,3.2818742,0.6903976,3.3650258,0.7467057,2.27568,0.046698123,1.6358306,0.02979,1.1219088,2.1063073,0.20856825,1.3994131,0.7934126,1.6727616,0.7469821,0.7333987,0.98162246,0.64352626,0.10510115,0.40812296,0.00072058546,0.07344656,0.08945831,0.52268016,0.12712951,0.5566815,0.27818513,0.08065219,0.7837336,1.6289823,0.7106861,1.6739832,0.18267313,0.013153983,1.0413662,1.8803072,0.0,0.16997871,0.1854315,0.0,0.016145319,1.153259,0.8231522,0.43688738,0.21542768,0.45326048,1.1900233,0.0006776047,0.222962,0.3012995,0.9294846,0.9830682,0.54255974,1.146996,1.9671353,0.20478918,2.1164691,0.51758987,0.48391193,0.4620255,0.16958015,0.06544466,3.3129435,1.434072,0.9368048,0.24648839,0.045280714,3.7541142,0.9573761,0.0030459324,0.50626934,0.6092037,0.97498006,0.040321447,0.20302285,0.42675593,0.6875685,1.0950439,0.9526688,0.2632178,1.4447796,0.58650386,1.1119033,0.9917021,0.026650695,0.123807594,0.35510495,0.5896655,0.46846452,1.0761517,3.33679,0.9198423,0.008753384,0.26266655,1.4282447,1.1562738,0.29726097,0.037261248,0.906569,1.5575101,0.96055377,0.50396156,0.5989073,1.1125547,0.7467958,0.7201226,0.042681217,0.37154496,0.66492105,1.5331931,0.02108044,0.50252074,0.042903565,0.23506922,0.7948814,0.60719293,0.22128229,0.609647,0.08577706,1.0621831,1.5054073,1.0547129,2.3068893,0.6286113,0.34597552,0.23707494,0.25497913,0.05325461,0.03935093,1.4931564,0.81168705,0.68317163,0.38490066,2.556516,0.7582278,0.5854779,0.74584913,0.11252535,0.521608,0.6773138,0.0,0.08018393,2.1451144,0.47330678,0.17581278,0.06471107,0.7932486,0.4187147,0.56189865,0.2926957,0.052200783,0.8453225,0.089099854,1.5478731,0.49608505,1.8072276,0.008252486,0.0,0.9966795,2.3718245,1.9827784,3.9331179,2.3332982,3.8518455,1.2003714,0.17809024,0.18227139,1.0637954,0.4660839,0.35473487,2.6523538,0.28309745,1.5104669,0.18101439,0.5637843,0.5223707,1.5968018,0.19279346,1.5071524,0.66096324,0.022516834,0.048358813,0.07431797,1.5708426,0.8007755,0.7221654,0.27028635,1.4025116,1.4534771,0.0012354195,1.0946826,1.976832,2.6987839,0.15857923,0.7908446,0.7489403,0.4426402,1.7713158,0.57974064,1.398604,0.20859708,0.31706226,1.7947801,0.02132351,0.25463682,2.3737307,0.06539409,0.90436196,1.2705089,0.19440365,0.119518936,0.3638324,1.6322918,1.6800101,1.1216124,0.44022235,0.25575584,0.089842305,0.16041611,0.48407456,0.7069065,0.99955493,0.16159748,0.10150409,0.34292695,2.782247,0.06389434,1.5156473,2.486943,1.1072415,0.3077101,0.4553632,1.0054747,0.6219425,0.0,1.5797894,0.48799354,0.44383863,1.6508603,0.36444145,0.63590103,0.10654145,0.062639534,0.4041077,1.4343063,0.48834866,0.75795287,1.0645865,1.1917074,1.3407252,0.010975996,0.794722,0.7316723,0.4802169,0.47835624,2.071592,0.9602895,0.22395808,0.77801806,0.07162187,0.70294774,0.4523325,0.78565115,2.33307,1.0385453,0.6973859,1.1546867,0.6286873,0.016648991,0.64022774,0.47866228,0.050197862,1.2140474,0.9079112,1.8516304,1.3622783,0.07153201,0.0050248085,1.0290658,0.3745529,0.35679808,0.119746014,0.240897,0.8583441,0.512484,0.008992375,0.82330257,1.2855217,0.053148396,0.3764394,1.002939,5.200956,1.6218882,0.14874414,0.27638793,0.17230932,0.30747733,0.40210915,0.61145705,0.84727556,0.5329922,0.6869751,1.0705969,0.8290834,1.4944142,0.7298923,1.2204678,2.0728395,0.9822508,4.8376184,0.17243373,0.6104038,1.3401891,0.9229795,0.8633319,0.5230199,0.24786721,0.26700482,0.48443872,3.279786,1.9387156,1.2722143,0.035370458,0.3735376,0.7093292,0.6382851,0.31817478,0.29886612,0.5006977,0.19206525,0.6530788,0.690828,1.6439865,0.869468,0.1707545,1.1120034,0.11110443,0.32653445,0.44941103,0.27095237,0.08684365,1.1295992,1.3296697,0.37520614,0.5634797,0.83105135,0.7146999,0.79773766,1.4286733,0.77579784,1.1243471,0.809756,0.041168217,2.5370915,0.9117644,0.021506313,0.2963125,1.4167721,0.9247936,1.1702061,0.40220633,0.3556758,1.7402436,5.3609643,0.72639513,2.2309873,3.478372,0.13231675,2.8334038,1.6400315,3.142806,0.14165099,1.2045491,0.19557066,1.8456241,1.7382123,0.79012334,0.54076,0.47672403,2.0283632,1.906815,0.26536578,0.3114674,0.5908254,0.7037006,0.4495472,0.48267028,0.3567304,1.2379186,0.29106438,0.2063014,1.7900127,1.9098924,0.22258519,0.70627964,1.0095017,1.102034,1.3545346,0.59284574,1.1422462,0.40364817,1.0141639,0.9963142,1.208244,1.2728884,2.6064677,1.5622579,0.6808212,0.32436648,0.5668745,0.9657003,0.9084791,0.0869726,0.6274732,4.7899547,0.8786443,1.6590569,2.024102,0.8813738,1.9693351,0.005494253,0.027534261,0.7961358,0.24190468,0.7673826,0.4322698,1.1361885,0.0027043298,2.238179,0.71677285,0.36883786,2.686951,0.410449,0.75173366,2.6533499,1.1821315,0.56538826,0.060582925,0.46527576,1.4765198,0.14283642,0.2461004,0.026080629,2.771795,0.19875759,0.024234844,0.16263428,0.2955925,3.6629496,2.1411536,0.16098545,1.0486038,0.56401515,0.55682474,0.16314319,0.4222009,0.5768564,2.845468,0.38371548,2.0113845,1.5658958,1.102152,1.3224564,0.0017866747,1.5001094,2.1503758,0.5820605,2.2313612,0.0008226313,0.43194723,0.41379017,0.16135842,0.008276943,0.34626132,0.025174964,0.4670356,0.47711197,0.20906715,0.16356176,0.4054547,4.5020876,0.72541195,1.1823056,0.70230794,1.3796732,0.0,2.224605,0.96694726,0.17916317,0.67823166,0.10535979,all_pothole_images\pothole_images_enhanced_a665006f00580992c225cbfd2c7c7e06.jpg
0.3675961,0.5164502,0.08867742,3.075054,1.0928608,0.10540779,0.33596528,0.0005201436,0.1058173,1.4971522,0.13131952,0.5600951,0.14229047,2.3594244,0.018773692,0.18055125,0.48590016,1.1790326,2.0328577,0.19736667,1.2273986,0.88031006,0.5849323,1.1836784,2.0988076,0.06546939,0.19898632,2.2141306,0.12826593,0.0,0.89663684,0.19426908,0.014293918,0.8923663,0.17273696,1.5259455,0.4297238,1.644269,0.7977471,0.265669,0.0,0.09140698,0.33268362,2.3666823,0.28319517,0.50159377,0.20397711,0.07705596,0.02531201,2.2212746,0.14892104,0.18537046,0.055229686,0.2355382,0.37478027,1.5396918,1.6534969,1.048421,0.17371902,0.1571857,0.9379039,0.27956292,0.52521646,0.2229643,1.4548199,1.5119711,1.002463,0.16353467,0.5092361,0.4438565,1.2665781,0.33445483,0.11545278,0.0698598,1.006857,0.98955774,0.03311199,0.42924482,0.121993124,0.09662763,0.02366213,0.9517433,0.043656666,0.94624233,0.49614504,0.010412721,0.05707055,0.22490592,2.1956587,0.5187188,0.20125028,0.6641539,0.28704464,0.48630896,0.6943286,0.3669719,1.2419622,0.32018155,0.57281035,0.71605533,0.30578205,1.1905707,0.78456813,0.18947539,2.9889703,0.9374057,0.15967658,0.014722787,0.24034329,0.8810164,0.023665745,1.2673081,0.46190012,1.0354184,2.5476415,0.22051153,0.0841697,0.28324825,1.7120277,1.0020752,2.8854089,0.3607975,0.030364556,1.147364,1.4445763,0.5339322,0.11881952,1.3955445,0.66388535,0.68768346,1.1872269,0.1642393,0.51226777,0.11700425,0.28019652,0.32053027,1.0537106,0.2602699,0.3653591,0.036347993,0.46291125,0.213215,0.8643733,0.7371636,0.09740078,0.5350864,1.0941787,0.9025209,0.1188695,0.09786397,0.17199261,0.9693891,0.7355485,0.68190897,1.6867551,1.4198165,0.9144264,0.554963,1.5142856,0.67894983,2.6251376,1.5755453,0.37317964,2.672673,1.2770665,0.5287171,0.7843547,0.017162673,0.8386935,1.9359909,0.30245414,0.0,0.0,0.7639222,0.12884878,0.9663321,0.18076134,0.5040867,0.030281961,0.122131355,0.0,2.2064056,0.5342605,1.9836675,0.80725247,1.1058633,0.33513147,0.0070874034,0.16060969,0.6968638,0.16800062,0.57082546,0.98671126,0.55387497,0.3288324,0.8733149,2.0613132,0.19789003,0.58152187,0.17733742,0.42878368,0.2655725,1.0283197,0.061977815,0.22070935,0.23938908,1.4623185,0.2258962,1.0823758,1.1391889,0.0,0.1245311,0.6184253,0.3504634,2.4943883,1.7338167,0.67544943,0.18582085,2.6787026,0.049191434,2.2857301,0.6570077,0.28662705,0.26679894,0.0,0.75709236,0.1340427,1.8448814,3.2527683,0.6053357,0.073865354,0.09045803,1.7543279,0.84694403,0.025808932,0.025090285,1.6374211,0.22002862,0.5453146,0.063267216,0.2957375,0.17139296,0.32170537,1.8207748,0.043208268,0.15899508,0.75043035,0.106469505,0.6236296,5.6029124,0.6294198,0.6480532,0.0018575765,4.5421206e-05,1.0511776,0.37604156,0.59815556,0.5326328,0.04824833,2.8135133,0.1248608,0.17236722,1.2418268,0.10679853,0.4975514,0.12860733,0.8423167,0.13064656,4.4250965,0.112613976,0.40313938,0.24038649,1.7440758,0.27087027,0.655241,0.16941474,0.03359413,0.33023375,0.11139403,1.1519271,0.16428877,0.3251081,1.0005229,0.22220284,1.3087245,0.61390585,1.706531,0.2990378,0.347997,0.49540827,0.0960223,0.50378066,0.1843926,0.2205438,0.383576,0.46603534,0.84343773,0.17060418,0.35954824,2.3434987,2.4691794,1.3084998,0.243653,0.035884712,4.4911475,0.0,1.245693,0.16057883,0.013355953,0.13060689,2.184726,0.8435657,1.4483981,1.0325501,1.0589098,0.6252004,0.0006446345,0.9680546,4.411643,0.24816841,0.71541774,0.51288474,0.69430655,1.2011764,0.037297487,0.37190455,0.37228197,0.00010201943,0.4933884,0.2515848,1.4716889,0.22488804,1.0166247,0.36993816,0.2775449,0.04369668,2.2353284,0.6027847,0.5290381,0.33164907,0.15537913,0.4954917,2.2483714,1.5715551,0.42813045,0.0,0.037552036,0.013463694,0.049055528,0.5079265,0.1519755,0.67725,0.16658394,0.18943958,0.49297935,0.02033266,0.24637435,1.3146744,1.6992075,2.1498091,0.5991925,1.8947779,0.424244,2.486233,0.022495162,0.0382322,1.1678364,0.12452852,0.22775325,0.4467054,0.5920166,0.30526245,0.930246,0.17013016,0.508195,0.3611296,0.066042654,0.07706488,0.5816338,0.034971282,2.0542927,0.18537292,0.52374935,1.4685671,1.5138115,0.25596204,0.32809514,0.13864027,0.49814683,1.7759975,0.62409365,0.9654555,0.22901939,0.45778316,0.0067435647,0.4540769,1.4282345,0.33820993,1.3166708,0.110906616,0.47080815,3.2016735,0.673305,0.09216197,1.3421456,0.9439798,0.97559696,0.66047007,0.34196764,0.29435584,1.7064642,0.09313906,0.21472704,0.085852,0.083444975,1.3008735,0.10184758,0.15010837,0.18206328,0.009909537,1.5059735,2.1739259,0.12783001,2.0905187,1.9561652,0.022964166,0.84969205,0.091902114,0.008945373,1.4649312,0.25294945,0.2132918,1.420132,0.28746107,0.71647644,0.88089275,0.027840026,0.48993114,0.31976616,0.44025806,1.8904064,0.34185186,0.19083296,0.030658573,0.0,0.052332766,0.08537509,0.5604377,0.6417581,0.82713205,3.3883927,0.9395168,0.6385192,1.0367672,0.42409787,1.6152817,0.40712118,0.07697776,0.061210513,0.89119846,3.0625696,0.31741104,1.2466385,0.012377753,0.46372363,0.6972535,0.18253414,0.019019732,0.7271786,1.9887141,0.36487192,0.7158407,0.0039693112,0.39760113,0.52829844,0.16670032,0.5543301,1.1000113,0.3591816,0.2918612,0.3405141,1.3180776,0.8754506,0.30567294,0.31449237,0.6599322,0.7336073,0.10021862,1.2071285,0.0008025814,0.2764364,0.8801377,0.0,0.14083417,0.52130085,0.101743504,0.022283364,0.22604312,0.98205674,0.8476559,1.3275181,3.8996181,1.3818427,0.16807984,0.7672827,2.5666144,0.7052752,0.30059972,0.11280437,0.23796338,0.013793745,0.0,all_pothole_images\pothole_images_enhanced_a6d67470e0344cbb984ef6617618affc.jpg
0.80202216,2.4155955,0.5990898,1.8934169,0.3151088,0.29438427,0.71669704,0.035938866,0.28482422,0.8931369,0.3464465,0.4282948,0.6452802,1.5319135,0.6803895,0.14406937,0.876764,0.020555371,0.25727245,0.3242106,1.4642164,1.5213466,0.121482134,0.9649323,1.2593741,0.64626515,0.56011635,2.679822,0.022643719,1.2781094,1.1636919,0.07458624,0.03229816,1.2358006,1.4102407,0.73575807,1.1254556,1.4150236,0.49607295,1.1665388,0.180269,0.067020014,0.9227852,0.9709636,0.9856472,0.68132967,0.022460558,0.30146545,0.99435174,0.06604945,1.092205,0.40298682,0.8366995,0.354791,0.004979809,1.4578261,0.54512376,0.004040198,1.3746724,0.09245056,0.044027716,0.2704327,0.9422422,0.28548452,0.30604303,1.238714,0.68300486,0.09990492,0.85457945,0.0,0.523431,0.710799,0.6500597,0.41669953,0.5917085,1.2639985,0.15779082,1.1644169,0.36257553,0.63305575,0.9453476,0.82127696,0.43129987,0.6990478,0.7328695,0.7340696,0.0,0.49527234,4.220627,0.35779268,0.49953383,0.011898458,0.17544809,1.5111792,0.5078526,0.00028587627,1.0628313,0.46720454,1.1388601,1.1909451,0.018595345,0.5251355,0.23317261,1.3511243,1.3825042,0.22030656,0.7458672,0.20350662,0.24986115,0.30633876,0.0,2.1707156,0.9800105,0.33791113,0.7769616,0.4262216,1.916353,0.48021525,0.34892833,0.6467948,0.96290994,0.31420264,0.7414445,0.3516716,0.68159056,0.76440585,1.3426728,1.5773007,0.9900144,0.4617012,0.537433,0.013667452,0.0,0.08862788,1.6624413,1.1155066,1.3243326,1.4217435,0.81970066,0.37262425,0.35762653,0.6305025,0.030868243,0.61412454,0.2742052,0.7588992,0.24368303,1.0727097,0.7706231,0.84326833,1.1287074,0.53279775,0.23814183,0.26396617,1.2696255,0.5153728,0.13589905,0.011733446,0.5646187,0.49255142,1.2257161,0.67449343,0.5473559,1.5297331,0.08800205,1.2376072,0.4085188,0.121153906,1.5797312,0.47067443,0.036648512,0.4753098,0.30072278,0.29017243,1.0227556,0.3376134,1.2358693,0.15199608,0.0,0.6600988,0.19281529,2.408895,0.6025543,1.0295391,1.5159713,1.1779748,0.0053799096,1.116721,0.52204317,0.47371432,0.5761975,0.7313805,0.19010502,0.8974407,0.62165254,0.17010774,1.0338638,0.3128211,0.8350727,1.7724473,0.7131793,1.0011402,0.10731183,0.5925219,1.392106,0.92207944,0.8696247,0.53448343,0.44907913,0.053012863,0.022407886,0.21725632,2.002638,0.52362317,1.1379689,1.4724573,0.7285394,0.103764564,0.5378111,0.048574906,3.452735,0.007615035,0.90202624,0.2521894,0.4967731,0.7349078,1.8791971,0.086695954,0.25632355,0.5430258,0.39848435,0.5495012,0.19045693,0.48607478,0.69137937,0.42560327,2.7675455,0.0727146,0.25404283,0.19374129,0.3977714,0.22087225,0.4074982,0.72815937,0.028564623,0.02550197,1.1321604,0.05629907,1.1628624,3.802153,0.69842076,0.35323122,0.6570704,0.97400653,0.121881366,0.0,0.6342855,1.1920849,0.8987455,3.4195907,0.20843883,1.0004883,0.84522605,0.34638384,0.9016588,0.13049382,0.6815094,0.7406099,3.670897,1.1989663,1.7216113,0.0140471505,0.6493203,0.34028032,1.0218287,0.49063218,1.0237952,1.1066978,0.67644376,1.458004,0.0,0.20216468,0.71383363,0.31902665,1.2929024,1.3627092,0.61209995,0.40963507,1.0453835,0.13823047,0.45632818,0.008058819,0.37987486,0.53048205,0.703269,0.38083932,0.81594074,1.0416698,0.5849971,2.0532653,0.19624552,0.69904333,0.017991628,0.462742,3.103458,0.34329823,0.7352633,0.59501123,0.7124678,0.14954734,0.56586254,1.227036,3.2942088,0.47391856,0.1932353,1.4359798,0.62848914,1.5086266,1.1780711,1.4401907,0.2006836,0.03234839,0.35699844,0.3741557,0.17828885,1.9903145,0.5005491,0.55623853,1.372187,0.57375586,2.9243937,0.28792578,0.08267829,0.19878438,0.2762905,0.431579,1.9692634,1.0194334,0.8577429,0.45606208,1.9421432,0.6095014,1.5948855,0.66556394,0.49902585,0.19277237,0.47692013,1.0577031,0.7175641,0.36258954,0.97183007,1.0716059,0.4073151,0.9446139,0.06916721,0.026314713,0.95628685,0.5804516,0.5114358,1.0458882,0.040129747,0.0,0.4146968,1.3201311,0.28223762,0.2963595,1.5000532,0.4590186,0.17101482,0.5956894,1.6179446,0.9037167,0.41311023,0.10550092,0.95516944,0.3013124,0.005131313,0.1344828,0.2115561,0.93346,1.8181587,0.07341227,0.4126194,0.7542582,3.1573653,1.3885494,0.43586364,0.32416308,0.96559125,2.6895895,0.78048676,0.76893926,0.515958,0.21055622,0.17582597,0.64665735,0.8643608,0.25507843,0.18378487,0.0059801666,3.1128504,1.0566815,0.3198731,0.17394723,1.503853,0.41585034,0.50828075,0.4100094,0.14252748,0.14734215,0.2222954,0.43714064,0.4618101,1.5454717,0.00094880344,0.032928377,0.3696592,0.256766,0.63201994,0.0010955479,1.3166494,0.606928,0.37696502,1.3176475,0.5294512,0.41966966,0.43505663,1.9275011,0.41801155,0.8582176,0.11056987,0.082959056,0.7894133,0.23161827,0.7339,3.741831,0.15628973,1.3902131,0.15839082,0.9256308,1.1488329,0.025812984,0.47846642,0.25329936,0.33015865,0.010992734,0.8853006,1.0926291,0.80964154,0.12602758,1.207472,1.1201462,1.097514,0.511221,1.0062673,1.1021365,0.36475194,0.39279714,1.0346593,0.7458965,0.37755686,0.17752661,1.1764902,0.37702116,1.3443921,0.44237763,0.6056472,0.10940949,1.1530797,1.859131,1.6435832,0.37717468,0.51626706,0.14194977,0.18495765,0.35530898,0.07628413,1.4023881,0.9802755,0.8159487,0.5910551,2.6920266,0.13445295,0.33850878,0.040112097,0.0,0.6465732,0.17613824,0.6790645,0.057076734,1.0710697,2.1666543,0.0,0.14019541,0.22356583,0.25055283,0.23915975,0.0061198296,0.13849396,0.0047319345,0.51186925,3.2151911,0.9103912,0.5954342,0.83369637,0.58293545,0.75187033,0.702696,0.3369508,1.4202942,0.037450287,0.43454733,all_pothole_images\pothole_images_enhanced_a70aefef526617df538d924a068bbe94.jpg
0.65251994,1.8954211,1.0861914,2.944789,0.87619936,0.6191926,0.44070306,0.35004747,0.36095676,1.5408823,0.8057894,0.09409115,0.7118431,3.3197572,0.5326785,0.6606177,0.20961139,0.3200286,0.2520332,0.2841446,1.3805081,0.9757658,0.55686474,2.1222334,0.5884405,0.33971393,0.0061332136,2.6697714,0.67343277,1.1888105,0.8899212,0.30343282,0.5727456,0.737152,1.0651788,1.3904749,0.7217434,1.0828981,0.25795826,0.1473654,0.8233401,0.52765346,0.6253883,0.56222427,1.1333414,0.28256637,0.19304061,0.002142057,1.0855937,0.3942584,0.8788536,0.40274653,0.7900978,0.13150434,0.48302984,1.6452951,2.6571524,0.02971726,0.488083,0.47618803,0.3120584,0.17177814,1.899078,1.3554796,1.5929959,0.40524858,0.04026439,0.06700963,0.14788824,1.1275479,1.7574531,1.1128438,0.36647353,0.76696867,0.8234193,1.6872101,0.25257936,0.34871703,0.66134846,0.7183737,0.29440063,0.7653815,0.43160558,2.435849,0.37359402,1.4860905,0.8564833,0.4285599,2.491484,0.17502823,0.19754511,0.5157644,0.328457,2.0918624,0.4961417,0.34110203,0.05633292,0.10265605,1.9174954,1.5146359,0.55334175,3.1825113,0.6331035,0.6642009,1.5724641,0.0,0.3608939,1.5513133,0.43826732,0.30799755,0.3075535,0.4289152,2.1230462,0.44268316,0.75344473,0.9534476,1.7524205,0.17406464,1.8525965,1.4595613,1.9292191,0.80021995,1.8107381,1.0240991,0.48039034,0.9601632,0.6110046,0.5040523,0.89023477,2.4710398,1.2490109,0.059271365,0.42022985,2.071643,2.764557,1.6658292,0.7554385,2.1455743,2.3144717,0.24346343,0.39333653,0.45303664,0.9448782,1.7302593,1.0552762,1.2921113,0.0,0.07591336,1.4432497,0.73226875,0.85558987,1.0939398,1.3066452,1.0178854,2.3997421,0.5945929,0.8006475,0.4845767,0.23618731,0.68596655,1.1067669,0.8517113,0.25694472,2.5920029,1.1281482,0.50886405,0.8060026,1.4930887,4.6359076,1.3393573,0.5896626,0.16364895,0.518774,0.6228494,0.573172,0.7092876,3.1687725,0.7618416,0.8039213,0.90676653,0.2093832,2.0438395,2.8149915,0.46044764,2.1309898,0.60327166,0.32810798,0.6756295,0.29776147,0.3282524,0.40752068,0.8239457,0.22457118,1.4180783,0.55440813,0.43965796,0.20340005,0.4080671,0.4058538,1.7295853,1.9857839,1.9754181,1.2129008,1.6754315,1.6620308,0.5161822,0.11605218,0.6422194,1.8677197,0.59890795,0.20061329,0.90865386,2.6040556,1.9011693,0.81370246,2.3731062,0.8719506,0.29450333,1.3245937,0.68730223,2.1030805,0.408844,0.7139097,0.27077782,0.18586911,0.2743929,1.7258927,0.44902253,0.47006804,0.47876388,0.47924882,1.8447728,0.43619987,0.628767,0.84137017,1.0121508,1.1139574,0.2160978,0.611027,2.164807,1.6835343,0.31808,0.44877243,0.4379381,0.79107034,0.047010567,1.0967958,0.28085122,0.5411121,3.2328272,2.2886853,0.3546661,0.20426218,0.8245422,0.45986712,0.2872329,1.551862,0.51164067,1.1856213,4.7254453,0.71294105,2.4335396,1.0661407,0.51429886,0.4259028,0.12758155,0.1023591,0.14027335,1.6763364,1.2693369,0.13417079,0.15175885,1.795775,0.016527522,0.13050915,0.8138946,0.48219422,0.55971485,1.438427,1.4256903,1.0711721,0.2368601,0.2767051,3.9504967,2.7031777,1.9194597,0.6516369,1.2643058,1.3204184,0.83825606,0.68277645,0.54478705,0.0037783945,1.7876897,1.7183703,0.113904074,0.30608082,1.0297018,0.6430561,0.561752,0.037788488,0.7948592,0.30502135,0.89700216,5.5756392,1.5677367,0.0758296,0.9166341,0.24717021,0.7921021,0.061884757,0.8750146,4.69288,1.3741457,0.26667666,1.6039195,0.35439238,1.3565353,1.4065757,0.36619115,0.866943,0.29543698,0.18797836,0.9985031,0.7832349,1.7417872,1.1874343,1.6876928,0.35383457,0.7789706,3.3097627,0.2806468,0.00971205,0.56151533,0.6908608,0.65270364,1.5492543,0.8406431,1.7443657,0.38517696,3.145559,1.7089839,2.1165733,0.42385012,0.6163283,0.026444335,1.9619377,0.106282696,0.37902874,1.3693441,0.7626649,0.079133905,0.14213,2.0775964,1.0160464,0.037859205,0.17222373,1.897834,0.9106794,0.78940785,0.0,0.22698098,1.2179073,1.3867284,0.0887209,0.0669984,1.9369518,1.6341803,0.17325732,1.2813371,0.9731914,1.0689503,0.34010994,0.2613777,1.1100504,1.4243042,0.12299167,0.3218612,0.18525562,0.91075665,0.37927464,0.96806675,0.2661022,1.1122684,5.1881356,2.524923,3.891844,4.634968,0.3318247,2.1566348,0.52622867,0.70908445,0.015903385,0.897821,0.17989321,2.8817906,0.6514684,1.8828046,0.71374977,0.134541,1.8157502,0.40977535,0.23798582,0.7023984,0.22509131,0.5120339,0.7439894,0.55067545,0.9958584,1.0534817,0.48164412,0.05073521,0.32206762,0.9932812,0.18560787,0.34600052,1.1378667,1.6722755,0.5277601,0.8678111,1.8265735,0.78051376,2.2030394,1.0469686,2.9422739,1.0351472,0.94897026,2.41788,2.7247581,0.8495725,1.0339376,0.7855604,0.1752767,0.25580233,0.2964247,2.5805235,1.6525396,2.2212203,0.2734152,1.368653,2.7542114,1.456002,0.19170433,0.24646056,0.3048497,1.4546001,1.5077301,0.9717045,0.47881418,0.301653,1.1825793,0.90644646,0.9365878,0.4482407,1.810879,0.48010424,1.531097,2.3338914,1.959327,0.984457,0.94250214,0.40822226,1.4354421,1.0426635,1.968041,0.16139567,0.3984743,0.022638286,0.93220276,2.3760977,0.7708315,0.49981022,0.79598844,0.43656173,0.9865466,0.53988796,0.92068326,0.57697433,1.2773097,0.17889175,0.28495777,2.6191163,1.992154,0.2190992,0.1676709,0.8192831,0.71452457,0.8909547,0.93082476,0.3449974,0.15439767,0.8738319,0.08179067,0.044042982,0.3967265,0.37718356,0.038740337,0.2650763,0.4391238,0.39038485,0.8953278,3.8381228,0.62054163,0.7837616,0.28311417,0.0760648,0.5073601,0.9878767,0.51214635,1.1260865,0.35309488,0.6242905,all_pothole_images\pothole_images_enhanced_a732784508478774516ea4cfccdb6ba6.jpg
0.0031070714,0.4665951,0.0032708964,1.6623734,0.31484878,0.006587889,0.70217884,0.0,0.21628983,0.20386346,0.6729315,0.268424,0.008000444,1.7269229,0.005040303,0.3617289,0.041823585,1.9589875,0.4381258,0.20758006,0.83403885,0.25147894,0.27556178,0.35247666,1.0226921,0.77700967,0.36425734,1.4970263,0.18167807,0.08552256,0.017122483,0.005943319,0.033215817,0.284066,0.0732827,0.63813895,0.10876774,0.023512924,0.41888645,0.03874091,0.019669369,0.37761018,0.010902019,0.88659245,0.049207546,0.38401783,0.29410437,0.12139219,0.1328181,0.42364818,0.12476436,0.2828487,0.38063565,0.03550901,0.08017139,0.5440437,1.4072253,0.17222503,0.03287955,0.06013542,0.04844167,0.03447942,0.29526907,0.46999848,0.41090178,0.5925053,0.36470094,0.2797767,0.10161919,0.75867116,0.112455085,0.14025097,0.16689467,0.053026356,0.35671112,0.10466197,0.065747716,0.24716727,0.0,0.13820483,0.07854107,0.23965691,0.51338255,1.4708374,0.033027418,0.0074179363,0.014793406,0.49230173,0.4524434,0.36130807,0.036597513,0.31011304,0.11515412,0.10342163,0.07466229,0.05335969,0.120003834,0.5004655,0.020906828,0.059179887,0.26137966,1.0929115,0.15164772,0.0123491585,1.4760973,1.2337428,0.1414487,0.014386423,0.1764133,0.36923376,0.16172211,0.3046711,0.07196326,0.26609895,0.539685,0.09480645,0.00818287,0.1894279,0.5496657,0.06769976,0.9975269,0.020312162,0.0,0.18506292,0.41584843,0.17899494,0.2865162,0.01933023,0.16954781,0.004470979,0.110018745,0.39602768,0.08819901,0.19064705,0.008301877,0.55671483,0.07173432,0.025555054,0.007487144,0.0,0.14934906,0.03950188,1.0612848,0.13756672,0.048365485,0.2918689,0.0,0.3221347,0.46723,0.0042451974,0.0017346547,0.32123017,0.0,0.3415284,1.3081149,0.2640757,0.18069147,0.33823106,0.22573729,0.5966481,0.74529535,1.7631259,0.08358133,0.9089047,0.23229425,0.07817164,1.4234387,0.20139767,1.1434343,1.7726321,0.009382362,0.17510165,0.061268527,0.007709356,0.015366948,0.08798132,0.16017628,0.0,0.4938186,0.4402198,0.015123288,0.7336027,1.1159557,0.17653698,1.4168235,0.5681834,0.22419848,0.18455793,0.20625438,1.1080962,0.06791785,0.009376846,0.34368393,0.320392,0.0037469456,0.007977374,0.5069338,0.08627062,0.2917918,0.38398826,0.051278308,0.26829493,0.3779073,0.08982015,0.09303733,0.004177008,0.016237387,0.058201633,0.59543455,1.2153996,0.0001041135,0.08914627,0.7666072,0.21631825,0.94935155,0.8737904,0.26968798,0.4094507,0.28614748,0.07219947,0.14259492,0.29739392,0.1478781,0.14187975,0.0,0.0,0.7312857,0.04643119,1.8019956,0.31726784,0.11639166,0.010291308,0.11561195,0.10177472,0.3656245,0.11912297,0.6265836,0.0,0.010381207,0.07148994,0.29293263,0.09999334,0.0,0.09188887,0.04214756,0.015212959,0.37783816,0.20859085,0.24988298,6.0307655,0.8094364,0.0019309499,0.033955984,0.11595247,0.0,1.1336939,0.78060645,0.2571082,0.2028754,1.470042,0.1413365,0.25283563,0.24089855,0.11579745,0.03819908,0.07631333,0.50493866,0.2345618,1.1287084,0.009808911,0.18783064,0.10460842,0.0046028313,0.017252514,0.33728212,0.9031775,0.0,0.014767573,0.12498605,0.109768115,1.5780464,0.42055538,0.1995432,0.20808347,0.05751601,0.016395228,0.26700085,0.033185218,0.13130668,0.057931982,0.006762972,0.0,0.0010932384,0.4426926,0.1465483,0.4991172,0.019301986,0.30641544,0.003245052,2.7348251,0.6817902,0.2948324,0.04513399,0.0,3.7507155,0.03336486,0.07729398,0.0,0.09068626,0.36839053,0.1119445,0.21667597,1.2478026,1.1402829,0.7513537,0.022405734,0.28875405,1.0868802,4.1616735,0.29676002,0.5660157,0.0,0.15987548,0.2993863,0.18494433,0.16847906,0.5769817,0.040018197,0.33022222,0.0030585658,1.0819905,0.033237208,0.1537769,0.01160352,0.02310152,0.0,2.8201878,0.31907517,0.028324623,0.47192034,0.17250971,0.04729052,1.3908625,2.172817,0.19545658,0.20365831,0.063065216,0.5305795,0.17995721,0.23981172,0.14531974,0.38889396,0.019969473,0.053500995,0.029372768,0.17700253,0.20846349,1.0590949,0.4057015,0.038742043,1.0243183,0.027039154,0.8156777,0.10590623,0.004395112,0.0021051383,0.4650699,0.0067850263,0.0034771657,0.35665333,0.52417165,0.21029468,0.60955137,0.269503,0.13667488,0.94461805,0.31238723,0.0041753934,0.2142121,0.18822202,0.559226,0.00415897,0.07719262,0.27154204,1.0076712,0.041217342,1.2957246,0.016030744,0.0109849945,0.1979365,0.23371647,0.15768255,0.06366677,0.7427692,0.011916518,0.036809284,0.09988281,0.31576183,0.694659,0.12883013,0.09487532,1.4009807,0.19482554,0.12800874,0.32572496,0.021393102,0.15336074,0.76849174,0.3782734,0.0,0.06722716,0.51254195,7.244543e-06,0.050136887,0.030064411,0.08236842,0.7240881,0.2300159,0.6390728,0.013298191,0.40078637,0.2837495,0.5756588,1.0732775,1.49275,0.29391465,0.3570549,0.0,0.00033508876,0.010253429,0.29493764,0.1287777,0.061469987,0.5742274,0.1852693,0.7701477,0.23298375,0.295152,0.062437385,0.0,0.19221759,0.061862092,0.012340714,0.02271678,0.06055222,0.019847667,0.25922284,0.07472553,0.0630544,0.5771228,3.0550237,0.3261295,0.23623079,0.0,0.90702283,0.8250891,0.10605355,0.0,0.062294785,0.54196316,1.6686009,0.016756346,0.9752946,0.02217088,0.17349653,0.08291133,0.0,0.0029329504,0.11091757,0.32418492,0.13263424,0.63687956,0.027309785,0.040861957,0.5056875,0.34626493,0.02015159,0.77054906,0.23346761,0.0015613522,0.62607825,0.24346955,0.88354594,0.26964948,0.13455819,0.22819375,0.37540922,0.07883355,0.50542766,0.028733,0.02902648,0.9307967,0.39491338,0.09958795,0.0,0.0096850395,0.11753573,0.10275752,0.30266207,0.010770438,0.5644013,2.1813302,0.06449375,0.17592916,0.0,1.3987597,0.83008105,0.55417156,0.094805084,0.60644984,0.48455957,0.22324139,all_pothole_images\pothole_images_enhanced_a73ad0200325a007f84a582e8395576d.jpg
0.009647965,1.1644013,0.21420899,0.98495764,0.16231517,0.031741865,0.18392271,0.23683497,0.10998934,0.6844009,0.04370101,0.5076544,0.15647016,1.0620023,0.0,0.07686613,0.23145777,2.3360126,0.63176215,0.4454492,0.038032945,0.35568163,0.19902292,0.59747875,0.4328495,1.231377,0.9209981,0.9351579,0.0005169184,0.17771558,0.356019,0.6362298,0.14273402,0.35785714,0.28826934,1.1726584,0.104010046,1.0251961,0.2706827,0.53191465,0.0,0.23346606,0.013351861,1.3178761,0.66249937,0.64990115,0.16986696,0.0,2.0434124,1.3835154,0.3661506,0.6625281,0.35813168,0.03532022,0.0004756348,0.88135695,1.7217455,0.23071575,1.4502655,0.16861005,0.3080294,0.10996178,0.4185579,0.11041791,0.257657,0.9959304,0.3188905,1.0169176,0.26233178,0.13961679,0.09763216,0.27527243,0.20783374,0.0024616078,0.39076307,0.11475514,0.040007323,0.3507258,0.0067303996,0.057726853,0.22062886,0.20454401,1.8460947,0.6813139,0.023518667,0.29591414,0.24486157,0.02043803,0.8736347,0.07604839,0.0035635063,1.528144,0.16424264,0.049372703,0.18826166,0.08165628,0.9585345,1.822979,0.023307197,0.0819482,0.24196333,1.1514385,0.7525487,0.00214204,1.0117091,0.66483164,0.0,0.5043139,0.0,0.60627717,0.107431255,1.3533549,0.072901204,0.74019647,1.3218583,0.09658252,0.4760198,0.0,1.2330976,0.29377222,1.8180445,0.3355615,0.034237687,1.7502812,0.5146932,1.0418183,0.10140254,0.11730058,1.5912173,0.0,0.37839216,0.058523472,0.022453008,0.18199348,0.13690417,0.061800957,0.030120365,0.023098493,0.2849392,0.04330251,0.44898605,0.03621126,1.4949825,0.24136633,0.098636255,0.22370256,0.037813336,1.4985733,0.3252832,0.017507052,0.8480518,0.09262493,0.0,0.04228583,2.1159337,0.17103602,0.45192719,0.34281456,0.54207826,0.31306815,0.71065503,2.191528,0.05008876,1.3040283,0.05130714,0.03335614,2.079404,0.189445,0.2699318,1.8150804,0.10899332,0.27763999,0.07889634,0.04423793,0.16307633,0.24703191,0.03900609,0.031820074,1.2909434,0.009455949,0.0020096109,1.7895728,2.6293771,0.33170128,0.6516267,1.180445,0.10713505,0.17039356,0.26330656,1.0553478,0.37443048,0.052375548,0.2938568,0.8339142,0.024952516,0.03132344,1.9484091,0.49865907,0.07296558,0.14170845,0.075012594,1.7315919,0.3230475,0.11772656,0.333321,0.36066982,0.70650536,0.46617547,0.9154654,0.21670534,0.011769092,0.023669245,0.40777218,0.07931431,0.5211024,1.4894297,0.68505436,0.4004765,0.079290956,0.1874986,0.4392573,1.0089086,0.30908594,0.63428015,0.04905874,0.006483041,0.613224,0.7136338,0.5633232,1.1799989,0.0,0.0,0.49613935,0.028429344,0.47336847,0.0,2.313293,0.36381733,0.09555979,0.48940867,0.21287906,0.25062552,0.036847103,0.7287413,0.051766083,0.1348117,1.6102622,0.30650595,0.6422882,5.4449615,0.73938763,0.14675802,0.087596625,0.00013011784,0.1410039,2.3043954,1.1623634,0.2310472,0.05053415,1.5505434,0.0,0.111302964,0.086019896,1.0075561,0.25124303,0.65795594,0.5846845,1.0036552,2.5844018,0.015846515,0.18909489,0.022578573,0.29872116,1.25879,0.8252945,1.0298187,0.0021130329,0.3183401,0.3770769,0.21225633,1.581632,0.6581366,0.97827286,0.024425672,0.07177264,0.013137968,0.26822278,0.047181726,2.020224,0.34947336,0.36525664,0.29518554,0.108176306,0.4249667,0.014137317,0.080822736,0.035076242,0.8441742,0.42629793,1.2774973,0.17733747,0.19854434,0.0074720625,0.12793672,6.5857677,0.7367523,0.0015728151,0.10022235,0.12425774,0.9582904,0.6582916,1.1081914,1.9843137,0.86555046,0.70627344,0.5751425,0.077407055,0.53314656,3.7742953,0.69837177,0.29319724,0.0,0.10227259,0.15691172,0.668176,0.5045407,0.84378344,0.015891444,0.55395335,0.035592318,2.2071424,0.06367543,0.26941594,0.0,0.0,0.22170691,2.1222436,0.054416332,0.06970169,0.1572496,0.78624177,0.69056123,0.5646811,0.8453791,0.6642298,0.48440108,0.01639032,0.015794313,0.19820221,0.43326658,0.4853366,0.9879108,0.49232265,0.19634297,0.27539483,0.21090959,0.23350878,1.0725154,0.4278986,0.22376642,0.8627694,1.1420513,1.0748596,0.028893447,0.00750138,0.19244672,0.7280851,0.025388192,0.030445877,0.39080894,0.8703057,0.06368279,0.36392453,0.28130347,0.9986814,0.30231872,0.35771814,0.14478914,0.30219635,0.14334494,1.0765122,0.0,0.27477473,0.2628288,1.4627929,0.124308616,0.5724416,0.0,0.069793865,0.039589647,0.4161049,1.013192,1.9167473,0.35563433,0.10114541,0.010571515,0.29742622,1.3963715,0.6684464,0.33073366,0.20644172,1.9985601,0.51164246,0.7472989,0.18223794,0.22840565,0.1780185,2.3120914,0.17726077,0.0072938288,0.32673326,2.3960104,0.21132469,0.052340083,0.34092426,0.07637831,0.40667817,0.028560476,0.43925467,0.0068811406,1.5803297,0.065432765,1.537346,2.8142467,2.1631556,0.25963828,0.41567045,0.043000452,0.09917232,0.030862112,0.4813843,1.2383332,0.17230637,0.21065022,0.38575774,1.8855567,0.07067985,0.07744147,0.102296,0.7337051,0.015424856,0.54748863,0.450699,0.012183156,0.14585653,0.051170148,0.1313319,0.289335,0.111329235,0.78286415,3.7731802,0.14740111,0.06731916,0.1369531,0.40709546,0.77524924,0.23876166,0.46490893,0.17853235,1.0487678,2.3450983,0.008797776,1.3582383,0.032248385,0.10659891,0.15189584,0.013013657,0.14493725,0.87493944,0.9395695,0.17646135,1.231991,0.22770934,0.01822621,0.07905394,0.66168314,0.042962495,0.78573185,0.31688985,0.0,0.27521995,0.8716422,0.5530473,0.02326592,0.0260934,0.111914925,0.8841947,0.2842743,0.6000777,0.0020366365,0.22132733,1.6224415,0.4486709,0.14059803,0.0,0.009577809,0.056106154,0.29385465,0.6361289,1.5437765,0.35271418,3.1975417,0.2979651,0.36488646,0.21532418,0.5189434,0.5107288,0.12760258,0.08271778,0.038577426,0.53175807,0.13492191,all_pothole_images\pothole_images_enhanced_a74d51293661ba85290ac94a1c8bcdef.jpg
0.45915455,0.7296468,0.42552277,0.9795105,1.7276552,0.18475491,0.35441974,0.080775045,0.110443145,0.39153895,0.23987061,0.33175507,0.11327827,1.8602414,0.20090137,0.82922655,0.0043261047,0.24405833,0.5327287,0.6453271,1.1220797,1.2196026,1.3537797,2.2730107,1.7859876,0.48673317,0.6083712,1.8075988,0.87180614,0.50003815,0.7538992,0.30059257,0.8785363,0.84208995,0.73499066,0.13327385,1.4225434,1.5397267,0.1203918,0.22342533,0.5571113,0.16997688,0.3417442,2.236615,0.43770194,0.5438021,0.17304066,0.00035748637,0.0555698,0.12700552,0.91621804,0.16899668,1.3195473,0.377746,0.12020446,0.43629852,3.3856885,0.034646507,0.38464704,0.14418058,0.5821439,0.36053693,2.046825,0.4275527,0.46602148,0.9055657,0.37970275,0.011271566,0.15583532,0.52611923,0.64043695,0.43930247,0.27694818,0.6815969,0.53679264,1.8353119,0.2081873,0.19271262,0.020844493,0.09202124,0.1141231,1.0472543,0.026130458,1.7492974,0.216514,1.2530148,0.17806889,0.0010631377,3.0637167,0.18295132,0.3642965,0.13825032,0.07235111,0.43725616,0.16801618,0.07790699,0.5604629,0.45292395,0.057432827,1.551642,0.15368712,2.5773787,0.16420287,0.033098742,0.4883337,0.55264646,0.20043528,0.77471066,0.072514154,0.48770154,0.19490269,0.9303185,0.9960696,0.26494268,0.91545194,1.1989254,2.341881,1.1322038,1.9303418,1.2382604,2.6815553,1.0157529,1.1737722,1.2130351,0.24958326,0.877382,0.046250988,1.4789904,1.9743683,0.56905156,1.1972399,0.060469393,0.65739554,0.4951674,0.008085503,1.8439509,0.5614584,0.96662676,1.7959244,0.5466859,0.50765365,1.544443,0.012853879,0.98553693,0.63428015,0.95010513,0.3056558,0.6873555,0.81613845,0.72488046,0.49640048,0.6145698,0.2521997,0.23470342,1.0558255,1.1291703,0.81615853,0.95636016,0.54475814,0.77856314,3.0853775,0.52610785,0.16437155,3.7722616,0.06631014,0.935459,0.19762595,0.90984166,1.8486879,0.3273616,0.259048,0.2707156,0.07797508,0.9676627,0.12695198,0.121983185,1.5488496,0.19896483,0.024291087,0.059755247,0.2862288,2.0533524,1.5200852,1.8686984,2.7947986,0.4873454,0.49386942,0.295955,0.13517746,0.26476222,0.34596702,0.95210856,0.06337126,3.7382987,0.0954649,1.8297153,1.288774,0.45040676,0.48523143,0.9406742,0.37641224,1.1530508,1.2877315,1.0264679,1.6202613,0.46118012,0.8177832,0.19860335,0.4723277,0.06265681,0.7973748,0.26051995,0.23926279,0.33446735,2.4038389,1.15236,0.7870105,0.21802999,2.587969,0.08093845,0.46273112,0.010513255,0.31039587,0.12961006,0.08818889,0.6268288,1.7340916,1.0549351,1.7506328,0.06469444,0.10157278,0.5279196,1.226468,0.025638001,1.4354792,0.26429984,2.4114332,0.12943187,0.053407338,0.3792066,0.3901881,0.027193585,1.4072115,0.83032596,0.14124128,0.006724012,0.7710208,0.4428794,0.5463627,2.883558,1.050094,0.016277973,0.6589181,0.21596502,0.10799976,0.2059925,0.22886921,0.15848887,1.1479329,2.1621342,0.13236974,0.91738576,0.7155861,0.7487241,0.50533545,1.001956,0.5180799,0.178688,1.090998,0.82219505,0.21332304,0.0,0.62061894,0.019311054,0.5068365,1.021081,1.1562735,1.4321057,1.1344246,1.2580818,0.07829626,0.7609829,0.61577654,1.0624288,1.0877789,0.7451028,0.5758453,1.7047927,1.734645,0.22108473,1.1515478,0.24167871,0.1004077,1.1825925,0.16085449,0.09610006,0.32969773,0.24490668,0.4172935,0.42370167,1.0301079,0.682663,0.31913748,0.038769286,6.433986,0.018139431,1.0088004,0.40814024,0.58234364,0.4441908,0.43857667,2.0427446,3.2640293,2.1061115,0.0,0.48514116,0.007061225,0.9629354,1.7107615,0.7314812,0.19617617,0.5212444,0.05052943,0.53440297,0.5766091,0.24853885,1.7378911,0.67828727,0.086599894,0.9770532,2.3355107,0.13150562,0.021831583,0.5853126,0.2576166,0.7081526,0.61614066,0.77993166,0.19942184,0.13020127,0.07693947,1.3747236,2.3278606,0.08879396,0.37594217,0.0,0.55071396,0.2675533,0.65879184,0.7318981,0.09410299,0.60820895,0.2727925,0.20422255,0.1581866,0.024160337,0.116184644,2.235287,0.32252946,0.9465419,0.026905358,0.18116982,0.7697572,0.8187855,0.005023043,0.3627185,0.68555146,2.3333619,0.0647548,0.44852713,1.7912862,0.35201585,0.094413,0.26001507,1.3675333,0.5066574,0.03835713,0.22758512,0.4723366,1.1144983,0.1916598,0.03411166,0.08906328,0.8288842,3.990078,2.0174773,1.416462,0.032942332,0.0015785442,0.8145022,0.55012345,1.2233026,0.31005886,0.07389381,0.25107035,0.031935856,1.3903589,0.48202935,0.65544534,0.06863198,3.2096918,1.3176721,0.7461717,1.4624761,0.018587569,0.41214716,0.875428,0.045665335,0.6186187,0.06474783,0.54643923,0.04151839,0.470039,0.07083119,0.1391193,1.3296334,0.30058676,1.2209961,0.14019021,0.023648841,1.0297233,1.2546477,0.69007605,1.3513286,2.0551333,1.8454561,0.9370486,1.7715195,0.775099,1.2521235,0.5473928,0.2225939,0.3103869,0.4739005,0.2420582,3.7134838,0.8768469,0.6537715,0.14610909,1.0453527,1.0021042,0.69868124,0.04925409,0.49067792,0.001668829,1.0776778,1.1363784,0.6430966,0.39955842,0.20693043,0.41071466,0.800013,0.19514154,0.40398893,0.6388476,0.2794326,0.8221149,0.367449,0.49606812,1.6069361,1.3277277,0.16769236,1.054827,0.30663383,0.3024735,0.23226376,0.3447649,0.04792172,2.3775897,1.4261678,0.27501047,0.76854575,0.4129542,0.6414555,0.95991623,0.1232312,0.55261445,1.542689,1.2213981,0.0,0.2642735,4.363871,0.48248768,0.7964911,0.0,0.77986425,0.88822716,0.6111793,0.7129629,0.19993879,0.17412478,0.59820914,0.0016393736,0.16489363,0.12621962,0.043722883,0.3858259,0.013312719,0.3741111,0.11376019,1.167588,4.381943,1.625611,1.0640246,0.4124933,0.44390285,0.18683942,0.73293406,0.24070314,0.6985313,0.30593064,0.42813787,all_pothole_images\pothole_images_enhanced_a7d3ee3dbdb2311eaef9ea624da3d869.jpg
0.47465375,3.0206156,2.1068487,1.1709622,0.15907411,0.0049797664,0.22125825,0.25283468,0.1820486,0.21172765,1.0716505,0.40407887,0.29722682,2.6802778,0.33681908,0.52361685,0.60423505,0.16979852,1.4574572,0.29901212,0.3073881,1.231568,0.46123567,2.554125,1.7075593,0.4054159,0.2953221,1.5409988,0.17028229,0.12658596,1.3711158,0.27725142,0.25358912,0.20887536,0.80355865,0.6059756,1.2634029,2.4565372,0.47163835,0.53281754,0.026333094,0.004547277,0.53070503,2.1422055,0.26790434,0.2632614,0.005536991,0.06959791,0.1448113,0.34148794,0.08304735,1.5509986,0.83217376,0.030947393,0.45781097,0.30262238,1.055458,0.089982696,0.39263338,0.061097573,0.113509566,0.30449706,0.08062889,0.0,0.17014875,1.5014019,0.2857762,0.11832961,0.6387756,0.31423753,0.29653254,0.10389681,1.083095,0.40602174,0.5845651,1.1419094,0.45622966,1.1249931,0.21598227,0.24272451,0.47258928,0.054879207,0.025316885,0.65231675,0.49997464,0.2737981,0.054432184,0.6341232,3.8646283,0.0063709747,0.3177129,0.026738828,0.19924377,0.31851953,0.26541334,0.15500882,0.91875607,2.1201806,0.71418434,0.05395496,0.11143972,0.75235695,0.23898542,0.58440924,0.7295942,1.139153,0.4134287,0.087907344,0.06576514,0.62613994,0.09628824,1.545361,0.17078568,1.1864696,1.0719895,0.029578885,1.3152493,0.21569385,0.6716955,0.30506498,2.5177817,0.15801065,0.16322987,1.5387304,0.49704212,0.7778473,0.56884134,0.08495054,0.43790606,0.77711695,0.8529662,0.030007556,0.31345212,0.20474796,0.79909873,0.3237428,0.05454281,0.25616118,0.4328463,0.23273359,0.2734651,0.3624972,0.49068063,0.33633548,0.41353887,0.3347728,0.03887918,0.37839523,0.07941864,1.1659068,0.5356562,1.1745373,0.14061962,0.22820994,1.1446857,0.027924677,0.15321137,0.12428069,0.016184537,0.19457418,1.693635,0.73437864,0.50226927,2.8376713,0.0,0.16776186,0.72089297,0.08301526,0.34731743,3.0554516,0.4742025,0.16795596,0.23881283,0.26754028,1.6533237,0.10446916,1.2904594,0.28883493,0.0,0.62254506,0.0,1.9068596,1.9520468,2.2425313,0.92377394,1.69165,0.15348771,0.09351331,1.2635276,0.69533956,0.36431837,0.7165378,0.3926183,1.1880404,0.29355803,0.3295833,0.28748184,0.9618002,0.07150239,0.9554787,0.02845496,1.1696327,0.091375485,0.2805034,0.6141491,0.8616313,0.3802313,0.27422705,0.13572356,0.0,0.2504672,0.8460257,0.9179672,0.87954575,1.2029581,0.30132738,0.22484611,0.6341994,1.3496746,0.00407845,0.8752676,0.16558458,0.38352117,0.7034395,0.00394646,0.10304155,1.0483099,0.6975647,0.47697031,1.1543446,0.06437299,0.25078782,0.50239724,0.7431109,0.14180145,1.1756454,1.2880284,0.36886102,0.2659957,0.052203573,0.8164285,0.33331394,0.914606,0.65875125,0.021750141,0.17572092,0.9190476,0.046022084,0.19084647,2.254273,0.27344403,0.07309926,0.14441197,0.2558291,0.8069688,0.0015691087,0.6379478,0.12112503,0.543771,0.38955992,0.3718214,0.10674171,1.1520967,0.10033286,0.59108204,0.8760108,1.6026334,0.3864576,1.9006833,0.20969523,0.11879149,0.0033920528,0.6357175,1.0845977,0.24084063,3.1306257,0.8002824,0.47772783,0.46378708,0.81630605,0.09083226,0.28859988,1.8124794,0.4365453,1.4134437,0.6167661,1.0219827,1.1243672,0.20001483,0.0058535305,0.3450708,0.40446642,0.0031178142,0.30356297,1.2607517,0.5076197,0.57722163,0.0881308,0.84358096,1.9888357,1.1951312,1.5304683,0.030298531,0.8555105,4.021623,0.0013460732,0.11099196,0.34464368,0.6494395,0.03387679,0.055575863,0.36944947,5.2322006,0.52263695,0.018459575,1.2310032,0.5861578,0.5329288,1.3707832,0.43112022,0.8462121,0.1738493,0.31564456,0.0,0.1335488,1.4311566,0.83940464,0.08086303,0.904548,0.5401306,3.274082,0.29227668,0.18543519,0.06146608,0.456315,0.794695,1.0178665,1.2207779,1.2210693,0.015488575,0.59019923,0.34470624,0.9050284,0.55834323,0.87133193,0.12877835,0.29991567,0.011031367,0.06617999,1.0209515,0.055633377,0.6519943,0.019195065,0.26940146,0.15498498,0.020849748,0.16801938,0.9535404,0.10952255,0.42727116,0.44478932,0.058435418,0.2457675,0.8118579,0.027984606,0.7975678,1.0978415,0.10426517,0.0014767277,0.9889039,1.4231712,1.1862324,0.10233555,0.3731888,0.2489426,0.2763389,0.055715714,0.9401262,0.04680572,0.50970566,0.19686669,0.24057497,1.0239245,1.2613932,2.4699805,0.19248436,0.5739878,1.2016754,0.23739396,2.9822156,2.9137528,1.3257673,0.48208764,0.10964043,0.18746758,0.8205372,0.71495485,0.90206254,0.2444862,0.028505057,1.7172623,1.2114272,0.71511114,1.0979275,0.3376621,0.22893947,0.45066172,1.385006,0.5609218,0.18263848,0.25030166,0.35486907,0.68529433,0.70942867,0.0053851944,0.044707432,0.10714869,0.11593825,0.070167094,0.1001729,0.7499441,0.36639786,0.99919975,1.6181897,0.9369432,0.045244128,0.48601398,1.323786,0.032378025,0.2841185,0.468799,0.019991862,0.4336278,0.5423993,1.0033355,4.3766384,0.9419297,0.30459377,0.45277527,0.0026933977,0.3049216,0.8626096,0.064596415,0.69736123,0.0116133345,0.014291296,1.587885,0.98045295,1.0730085,1.0739293,4.270459,0.64068234,2.1610565,0.74327034,0.4737745,0.9755967,1.1278994,0.2554381,0.16888201,0.83107865,0.919941,0.026632117,0.5153366,0.14107397,0.6772752,1.0558376,0.5271711,0.009053222,0.60068965,0.44979382,1.3097061,0.19231224,0.020690309,0.42046553,0.36909956,0.43824962,0.32332814,0.90069914,1.7179826,0.45438477,1.057273,2.0938928,0.4918872,0.42824763,0.030911637,0.830437,0.5322286,0.5277618,0.22963981,0.013918088,0.9220317,1.3011322,0.007587314,0.12608156,0.0,0.03053722,0.005628803,0.058121037,0.033276152,0.104121044,0.1304242,3.2196162,0.82841974,0.9655215,0.2340158,0.1532026,0.32444558,0.39274588,0.5388193,0.10555509,0.006411217,0.15262982,all_pothole_images\pothole_images_enhanced_a8091503d76b92573e0dd654b240f18c.jpg
0.83945876,1.41389,3.2295232,1.7892725,1.4427714,0.19099878,1.1097816,1.0352404,0.17986389,0.94517374,0.5730467,1.3053522,0.37749028,0.9252866,1.6787623,0.4017503,0.39614728,0.9690223,0.5789013,0.9808348,1.480664,0.37535825,2.8190699,2.0529742,1.2042739,0.01795402,2.9820805,1.0499494,0.43924898,0.93894196,2.103636,0.53317875,0.20880319,1.5984052,1.0364867,0.44368204,0.014593126,1.318647,0.027807428,2.959492,0.16403235,1.752698,0.24556035,0.28676736,0.1806187,1.7094296,0.43453038,1.3653755,0.51529616,1.1812556,0.42090532,2.1649456,1.9642944,3.3455021,0.23497486,0.68360245,0.30190867,0.5936593,0.52699655,0.45975512,0.5526502,2.714001,0.23200774,0.42277762,2.6769798,1.0152339,0.52451956,1.0175852,0.039691783,1.6881366,0.070211485,1.449985,2.4968467,0.0887902,0.22664122,2.7559173,0.2106502,1.212991,0.040810306,0.12667155,0.13953532,0.56849426,0.44873103,0.53562576,1.34639,1.3888484,0.13358632,2.1474395,0.75768644,1.1654316,0.5539253,0.6121147,2.5269866,0.059508264,0.6275852,0.92249435,1.0858802,1.9146993,0.46896768,0.38239464,0.43675417,0.7959697,0.043168806,0.6215957,0.2700963,1.8911344,0.36986366,1.9018577,0.65386355,1.6191424,0.38109335,0.8936461,2.7217288,1.545093,1.2354555,0.67332643,0.2531348,0.09706985,1.7129741,0.8950887,0.5225985,1.2764245,1.4237785,1.5634115,1.2176394,1.0763737,0.46439835,0.50948805,0.8942988,1.0070649,1.201152,0.5286734,1.952343,0.28925744,0.22410634,0.51893026,0.6955497,0.36752287,0.087641224,0.16528425,3.781457,0.5874203,0.2315548,2.021186,0.9346011,1.1257998,0.51128906,2.3294656,0.41662258,0.04629592,3.1024206,2.551183,0.026993666,0.27096182,0.8444769,0.3108168,0.77607423,0.1292506,2.0063388,0.8078825,2.9292452,0.55945885,0.5658178,0.247509,0.29383263,0.034743696,0.719632,1.0114534,1.1405829,1.2767873,0.7982709,0.0,0.43432936,0.36750704,0.7821262,1.1743606,0.68260163,0.222481,0.50034314,0.32477993,1.1291143,0.9768817,0.34770343,2.6067235,0.14704192,0.45887226,0.21974649,0.19529839,0.64235836,0.039184526,0.94788265,0.18195783,0.10088489,1.6162945,0.2566457,0.5243672,1.0967829,0.9346502,1.3606247,1.7330083,1.5100758,1.3804928,0.19024079,0.40657216,0.35021108,0.8025486,0.08799185,0.6219277,3.855052,1.0882457,1.0816941,0.6155342,0.6434782,1.8767191,0.11189294,0.44813898,3.4115756,0.7884319,2.1629734,0.22263785,0.08454441,0.18366483,2.395529,0.9999428,2.8795695,0.2675466,0.3953697,0.20234127,0.6553714,1.1200762,1.6059755,0.8193352,0.06223335,2.038928,0.94897217,0.00093820447,0.0,1.0207152,0.905263,0.6245905,0.47250628,0.15181029,0.19483031,0.6218402,0.33326915,1.7874472,0.7847544,0.2778724,2.0557826,0.9094528,0.6940819,0.043289997,0.45717838,0.35984296,0.57891655,0.08908231,0.44752777,0.5086626,2.3112702,1.7940633,1.364733,1.1419125,1.6346133,0.021842552,0.48129576,0.36958647,0.6877417,1.6325823,1.5118747,1.1030271,0.9136173,0.48246554,0.28336537,1.6478745,0.21827273,0.2109269,1.353178,0.28223947,1.1981828,0.15652211,0.0,0.26321423,1.0324578,0.6040681,0.9681521,0.47314915,0.35634556,2.0825107,1.174991,0.13557886,2.8236015,0.48770064,3.4680765,0.103274696,0.056926794,1.1770736,4.080466,0.1482231,0.7095015,1.5661374,0.030705208,0.21544547,0.23740709,1.8296819,0.08008023,1.6876615,0.3292769,0.47326297,2.152952,0.11039443,0.74442226,1.1493704,0.7958092,1.5358764,0.3062655,1.101934,0.2334961,0.77611196,0.16480854,2.6706555,0.97739935,0.25020647,0.5675783,3.2427673,2.2306106,1.0147331,0.20866086,1.1368119,3.8994253,1.0168172,0.0707532,0.28504437,2.4798243,1.1196783,2.8113396,0.27512962,2.3960893,1.4767845,1.0849416,0.3195446,1.3722303,0.3753694,1.2182198,0.06947399,2.5605385,1.5583543,0.021645378,0.30843058,0.54691124,0.2141729,0.56145555,0.5998073,1.9374448,0.9729533,0.2982238,3.6427972,0.633786,0.10912915,0.11430011,1.3017385,1.601616,0.70106715,0.11499244,2.352867,0.97850406,0.028053256,0.6554826,0.52564347,1.4530661,0.17465155,0.28105733,1.9335884,0.34818375,0.5048914,2.1735997,0.40567487,2.4041843,0.67305565,0.6388537,0.6435436,0.8664809,0.6046332,1.843424,0.76794726,2.4602368,2.3949223,1.2861719,0.11678563,1.2124962,1.8928671,0.18528172,1.1013716,0.015302126,0.89906144,0.6165984,0.37304512,0.95652735,0.7777964,0.5774812,0.645765,0.5201001,1.0739167,0.76570356,3.025004,0.26977834,2.6701663,2.2486377,0.42334118,0.7570388,0.35545975,0.45444417,1.5739076,0.68717843,0.7144973,1.1761291,0.49523014,0.9735113,1.046085,0.06572812,0.30516312,2.1310053,1.4100018,0.5569027,1.6626319,1.905338,1.8510047,2.5118606,1.4874421,1.2892674,0.94563323,0.010658978,1.0252159,2.0089812,0.45845443,0.17296171,2.9941773,2.8088937,0.5669691,1.0546869,0.38927445,2.0060904,0.07274098,0.6150649,1.2941011,1.2484975,0.37911808,1.7693322,1.2314048,0.80454165,1.7788687,0.34669614,0.5486741,1.28378,0.35580206,0.35162687,0.6472828,2.9307406,1.7827765,0.08476846,0.70653814,1.3085289,1.1189725,0.5281257,0.5641343,1.6835467,2.1323485,0.014459187,0.10010646,0.6924444,1.4378328,0.60748744,0.5062109,0.7839074,0.20946878,0.687049,0.84220743,0.05481163,0.027718134,0.025305765,0.9076259,3.079847,0.94166327,0.757119,0.93552285,0.046661474,1.5101529,0.575087,0.2923661,2.993575,0.3632298,0.17489067,3.978266,0.83630353,0.0,1.0985687,0.06097849,2.233118,0.2884915,0.536524,0.09587749,0.5338429,0.67794377,0.630315,1.719331,0.15226671,0.041258898,0.15443264,0.23427768,0.22032575,2.1201692,0.52978325,1.7804525,all_pothole_images\pothole_images_enhanced_a824c7dab82165c8306c19c0b050f423.jpg
1.3592476,0.57624245,1.2918648,1.68484,1.612192,0.94881237,1.1228261,0.8976373,0.2813885,0.8153835,0.6809298,1.6673324,0.36311615,3.7500498,0.09077336,0.29835737,0.020573998,0.1077813,1.7145401,0.5351145,0.9195216,1.6488965,0.37435383,2.0390937,0.52566916,1.5299428,0.47057235,1.5264715,0.22184874,0.46858743,1.1808975,0.12556411,3.719109,0.48348102,0.50707,0.92547935,0.42450076,0.82583773,0.2696536,1.0482134,0.4406911,2.0691538,1.3804486,2.5077016,0.06540097,1.9619201,0.695748,0.0,0.74529344,0.5751866,2.7467146,1.0247676,1.4583272,0.11307088,0.18333086,1.6516291,1.5648546,0.09058251,2.043634,0.5125028,0.58066714,1.8412594,0.58382845,0.90233237,0.94243747,1.3648491,0.15500306,1.8856227,0.48162404,0.9567245,0.04649703,0.010372853,1.3948596,0.48987952,0.6832116,0.29711908,0.36542046,1.2920997,0.32491913,0.076707706,0.27221444,0.1898206,1.6530924,0.3074735,1.040073,1.7739472,0.1434323,0.5314705,1.8001338,0.5519949,0.6578567,0.54381084,0.8479315,0.010740344,0.3212874,0.9951551,0.16641444,0.7684001,0.9231934,2.3212159,0.10638473,2.7088392,2.3068442,2.2330945,0.91161895,1.6986864,0.96880424,4.234529,0.11103723,0.6549195,0.48239127,2.7777996,0.6809863,0.19326738,0.5380463,1.0426259,0.9538132,0.041265294,0.107579336,1.5950109,1.6818105,0.18690199,0.26591957,2.3910809,0.4486088,0.03134425,1.2843885,0.24607411,1.4157267,1.9388852,0.034921534,1.0724525,0.41323805,1.754792,0.37153095,2.5737972,0.08879238,1.7245616,0.08726814,0.46595958,0.65748096,0.10477878,1.1045811,1.3275957,0.8025755,0.8272767,0.37609,0.60858625,0.99525934,0.62170446,3.03022,0.18452118,0.08276599,0.2178102,0.32393944,0.120385714,0.71119624,0.82425654,0.97606313,0.2904983,0.1733319,0.20100163,0.05248193,2.1946502,1.269986,0.21797326,0.89675766,0.8210627,0.9015984,0.6097974,0.6153021,0.7639598,0.44512227,1.3392348,0.9957852,0.42732105,1.256225,1.0773132,0.17799911,0.006735115,0.31267917,3.7821372,2.2068892,0.8928632,1.0863131,0.39600888,1.4170797,1.0256759,0.7246168,0.27837738,1.244657,0.3582398,0.4719373,1.1266307,0.4432682,0.22066984,1.2678881,0.9947927,1.3147593,1.2914535,0.28663594,1.4048626,1.2367198,1.1625147,0.43294218,1.3068547,1.3669115,0.12750158,0.6317528,0.8079837,0.6068105,0.5361418,1.043743,2.0391934,1.7226285,0.71508074,0.63486385,0.27573666,1.4540933,0.00042301312,1.0130786,0.25002244,0.03574275,1.6728561,0.08743066,0.20741917,2.3081095,1.7541251,0.53686035,0.46014658,1.0885055,1.5554017,0.49705085,0.23543593,0.96670175,0.084103234,0.8288661,0.5309266,0.28933126,0.021422205,0.17391306,0.2713353,1.1497352,1.3170267,0.5933655,1.0032185,0.32353514,1.0157038,2.229863,1.625878,2.1503177,0.15446122,0.4200206,1.2593837,0.28616223,1.0100862,1.4844927,0.8123463,1.9105266,2.914751,1.0627657,0.8868206,0.24027777,1.2302663,0.49334607,1.635203,0.14741892,0.27022913,1.9435445,1.3476232,0.51433957,0.34952793,0.36405325,0.64626247,0.15393493,0.5190671,0.8314039,3.421884,0.21609166,0.8393718,0.1812315,0.23588327,0.59181046,1.5162288,1.5584421,0.48842508,2.1472867,0.101467304,1.2498443,0.0,2.274309,0.21642005,1.2629336,0.43389347,0.22242683,0.11742568,0.8429182,0.111077994,0.05655564,1.6307795,0.87782246,0.26357928,0.22418588,1.4795718,0.8393412,1.1552109,0.015231923,1.0686337,1.6690456,0.65805954,1.4109154,0.4492108,1.8938785,1.3376116,0.35944572,1.7530149,0.0019816435,1.0793275,0.3851876,0.9990189,0.4512445,0.16572598,0.24073587,0.57163566,0.6171543,0.5753593,0.11770554,0.61981696,1.7328252,1.9155327,0.8717108,0.29687488,0.4107168,1.7791061,0.19531983,1.371847,0.35317713,2.1049643,0.5227277,0.5047082,0.76570594,1.6753374,0.41975254,0.2975095,0.5649116,0.31683773,1.0203639,0.4996613,0.057455063,1.3210411,0.72357595,0.9428557,1.6979743,0.60830677,0.04986075,0.21022964,1.3425258,0.5199019,1.0126767,0.37590128,1.6271887,0.9714002,0.42398342,0.48420846,0.101183005,0.30389702,0.46936956,0.52389497,0.30665752,0.53592813,2.7951915,1.0687748,0.79554904,1.6515692,1.6054232,0.30832052,0.876427,1.4452546,1.3151313,1.1190071,0.7280467,0.45887235,0.485492,0.17232668,1.972735,0.84743434,2.3744414,0.21721637,0.15658301,0.8824722,0.21565108,1.5494418,0.12152962,1.0914878,0.9839618,0.10250828,2.2415068,0.6189552,1.5634874,0.16395845,1.8989619,0.30225238,1.4312297,1.6904747,0.94278044,0.3928555,0.11595866,0.07473201,0.25316152,0.8206198,0.53654796,1.1121618,0.32001534,0.83663285,0.8056209,0.8934358,0.9868368,1.3535212,1.7024816,1.3467257,2.0063515,0.6444374,3.2823486,1.5690914,1.464176,0.79635906,2.3083909,3.2927506,2.5867887,0.79328823,0.03676916,0.85489804,0.9435345,1.0149734,0.62746125,1.6997409,1.3740872,2.206164,2.531054,0.6513987,0.28689247,1.06861,0.13266578,1.2589049,0.23645276,0.541659,1.4235424,1.1877147,0.17318803,1.6579621,0.8988496,0.21812248,1.1287938,0.99782485,1.0961438,1.0466123,1.579792,0.5937893,0.0539476,1.7719826,0.9759006,1.1908079,0.63507444,0.39525688,0.96241385,0.9487687,0.10159995,1.3041108,0.7007317,1.9387474,2.6624331,0.9733036,0.30040437,0.1758026,1.1565365,0.5530394,0.9877096,1.2735963,1.0661869,0.14189762,2.179058,2.0210881,0.68025696,1.1330777,0.51677793,0.18457235,3.1139925,0.35328642,1.1478325,0.44327754,1.2987114,0.67849904,0.16139476,0.52469337,0.3830274,0.13731667,1.1535375,0.22033125,1.2654375,1.4281892,2.2079437,1.9340425,0.96557724,3.203474,2.452393,0.12513006,0.8674993,1.7644058,0.07194393,0.09360012,0.97989815,1.4679207,all_pothole_images\pothole_images_enhanced_a8528083adde2df104c409c89d5e4349.jpg
1.1995864,1.6063576,1.162797,0.55638665,1.1941696,0.36231324,0.11863506,0.46048778,0.8530526,1.6897706,0.17787197,0.31162077,0.0468102,0.417659,0.1441862,0.32287425,0.24015862,0.14724089,0.3833423,0.13497126,0.65054995,4.0320373,0.5530004,0.87153965,1.6639014,0.7135498,0.957201,2.5517564,0.37196413,1.0709313,0.63549656,0.15642531,0.4136448,0.48804048,1.140184,1.647809,0.96741724,1.8428202,0.084348716,1.6275355,0.07279465,0.3046677,0.010215602,0.61851096,0.64432263,0.2855023,0.11566395,0.38540056,0.5971963,1.4428449,1.077403,0.24693972,0.87747955,0.40302873,0.11173446,1.3398693,0.7484984,0.0,0.86620235,0.41821304,0.00077237823,0.24375115,0.5721343,0.6680578,0.017010659,1.439744,1.1993308,1.2695893,0.16914834,0.15655886,0.72743,0.93266094,0.2057005,0.04812862,0.25209367,1.5227325,0.32666948,0.4283012,0.018463371,0.333369,0.7836422,0.52680355,0.95203966,2.225902,0.14908145,0.1437886,0.71139294,0.5025929,3.3793502,0.20406497,0.11473011,0.27794868,0.0,0.11630164,0.47643894,0.48589644,1.472657,1.9338514,0.17217854,0.29298288,0.9097156,0.5252275,0.42056078,0.7995761,0.030644182,0.023078432,0.00042558444,0.13732846,0.050003402,0.9741847,0.14640711,2.6548629,0.3296265,0.37115228,1.4798449,0.5007438,1.0789754,0.0,1.1307675,0.20150317,3.1585898,1.048219,0.21337287,2.0279675,0.8300782,0.75025266,0.15846114,0.84410757,0.008240305,0.055343706,0.6031677,0.64997196,0.63376904,0.0,0.7429986,0.5892266,0.16658245,0.18811019,2.2948802,0.18065745,0.3906915,0.36455262,0.7323441,1.4758646,0.39528137,0.5360801,0.22682288,0.7284318,0.13268945,0.61676276,1.3419377,0.7181297,0.07145483,0.084265076,1.2428235,0.09811227,1.0344372,0.07456402,0.18768202,1.1089833,1.6358558,0.25349027,0.09516873,0.5414375,0.0,0.36518517,0.09738873,0.44053555,0.5433932,1.0297365,0.1541499,0.00066111423,0.17140931,0.58975273,0.792111,0.0075067244,0.9839562,0.15425704,0.36423936,0.37544873,0.519306,0.9248053,0.8986453,2.3756657,1.6636518,2.5671618,0.19885635,0.15005416,1.0424209,1.9571295,0.45235994,0.18900326,0.21473484,1.0073943,0.6522158,0.12324329,1.2536384,0.17325504,1.1918128,1.0023645,0.092025325,0.6475272,0.038923535,0.56055284,1.0657884,0.8986634,0.062438495,0.5332519,1.2165734,0.23697695,0.1423672,0.1388684,0.8734979,1.4294287,1.1278855,0.82596385,0.16311921,0.40377444,1.2170668,0.04347081,1.6587449,0.4554516,0.8196224,0.55643165,0.21386535,0.49750003,0.9390677,0.0642466,1.7391883,1.2163274,0.0,0.6040433,0.50109506,0.48990384,0.82385975,0.0054108957,0.43128437,0.8768448,0.037416324,0.011669542,0.5406189,0.07018802,0.030637147,0.87645394,0.0,0.3115752,1.1803533,0.0128591,0.27147502,4.7045355,1.5808345,0.7275595,0.20434138,0.46471766,0.2233298,0.60102874,1.450222,0.28881127,0.26512474,2.3313043,0.5693089,0.48841876,1.2156861,0.37846377,0.63588136,0.5243294,0.3793535,0.33570746,1.1488497,0.74423856,0.7678941,0.009092,0.012476031,0.99395937,0.8242724,0.37908828,0.34313685,0.2514102,0.1298977,0.7840073,0.09011003,0.11597584,0.92485684,0.02243123,1.9022639,0.30152595,1.9554682,1.3736136,1.6786948,0.13471805,0.21792641,1.158132,0.41329908,0.3556804,0.05854303,0.44869906,0.60016847,1.0962061,0.14349268,2.245559,0.12356209,1.5043275,0.09689684,0.6861934,4.564899,0.66984946,0.16567865,1.0925372,0.43555215,0.15566792,0.122457,0.007971549,4.196296,1.8214444,0.38924474,1.0562674,0.34690672,0.84570235,1.2021885,0.083615966,0.039515484,0.16490416,0.52300745,0.62063015,0.7432802,1.2489139,0.94445115,0.5301648,1.2283665,0.78969926,2.583988,1.4041749,0.11532016,0.2027257,0.76586217,0.7191842,1.7386862,0.53394884,0.013111723,0.13239531,1.558671,1.138187,2.2184367,0.0,0.60887426,0.19448891,0.027589053,0.3446984,0.04036147,0.47701848,0.34249935,1.199004,0.20751794,0.93440884,0.6225116,0.34376875,0.66499615,0.8563906,0.25609833,1.9005027,1.3833284,0.060486812,0.4639012,0.17207083,0.08295307,0.055552,0.46628103,0.28475296,0.17296323,0.485844,0.6654224,0.4980183,0.60817266,0.33602944,0.57237566,0.34927955,0.0,0.7740656,0.22188391,0.39329723,0.341557,0.14990968,0.73549396,0.8793956,4.7405076,1.0960824,2.012055,1.2734797,1.81724,2.394952,2.3670254,0.25927007,1.1704829,1.234552,0.27417696,0.043465573,0.58564204,0.38761386,0.24121547,0.59970206,2.8249063,0.8052687,0.1565749,0.20256096,0.80166113,0.071617566,0.04975937,1.0703658,0.7180451,0.0020983308,0.24158975,0.26768434,0.5852314,1.0057044,0.0025005627,0.5126264,0.32820767,0.54907745,0.48451963,1.1102023,1.1692137,0.08026032,1.5522746,0.6208279,1.0120043,1.1494782,0.15228935,1.6559281,0.23728596,0.45801297,0.45349166,0.3522352,0.59695226,0.6118251,0.2368032,4.431319,1.0230123,1.4051526,0.11474166,0.8436551,1.0953796,0.31136605,0.3632703,0.62698245,1.0884176,0.79610145,2.7063725,0.24736385,0.49574682,0.9391587,1.3118476,1.1808679,2.383708,0.6462951,0.47308254,0.196144,1.607098,0.2925706,0.35819268,1.5237348,1.2825224,0.22573847,0.24776271,0.04003011,0.762747,1.2211515,0.39518362,0.3222037,0.04343058,0.8500745,0.7588194,0.16222604,0.8572243,0.24361879,0.30547544,0.47222558,0.008808664,0.20944043,1.0077345,0.41001865,0.6661876,1.1983509,0.13375644,0.59677213,0.0,0.047052756,0.6264761,0.011671083,0.21972576,0.02108787,1.0209216,2.5249212,0.0,0.008242664,0.038263842,0.0053384313,0.14566094,0.39019337,0.116852365,0.6750888,0.33889318,5.7051125,0.12080546,0.18180703,0.5175973,0.40787396,0.010312491,0.11855348,0.33080572,0.99672776,0.1063545,0.05979227,all_pothole_images\pothole_images_enhanced_a88e084d6becbc489b4ceb987f918f81.jpg
0.0037329434,0.8627226,0.20195232,3.1320245,0.5901003,0.35424984,0.34023678,0.023449136,0.76163745,0.010475506,0.43912053,0.5179074,0.0,2.3316875,0.039837997,1.280652,0.030187305,1.6525114,0.6323024,0.09574261,0.5564758,1.2092375,0.47804615,0.48953784,0.5470293,0.016229207,0.096752055,1.8534721,0.15585572,0.20709924,0.026630493,0.039122537,0.0,1.4033997,0.019558234,0.7399537,0.4129402,0.06852561,0.45872995,0.00058248884,0.03046149,0.7503279,0.34593382,1.3997121,0.6362733,0.13871819,0.17666264,0.0702291,0.46658203,0.6133056,0.119802676,0.23449586,0.21041702,0.46093732,1.1658561,0.641265,1.1837709,0.1156253,0.024447476,0.80604464,0.1205064,0.101023115,0.23599263,0.6421881,0.5814689,0.9855007,1.1124201,0.0,0.05281714,0.31491908,0.109375015,1.2031379,0.10138843,0.2281352,1.0634809,0.48573843,0.33380067,0.05539495,0.0,0.30876166,0.009451605,0.30768478,0.66693723,0.1754517,0.017509295,0.0026440206,0.049495656,0.0,0.7852987,0.00054338237,0.33753985,0.6363377,0.12853278,0.22151779,2.162587,0.30369556,0.2776332,1.8456458,0.08719225,0.2848444,0.20306481,1.2660658,1.138162,0.0,0.88563585,0.001982231,0.4374692,0.48022515,0.29940134,1.0319058,0.06297811,2.0660212,0.23161183,0.3463548,0.3004956,0.06780691,0.078020416,0.007702539,2.8705668,1.2737021,0.88366735,0.016717507,0.0,0.69305027,0.37634802,0.44641832,0.004771298,0.0,0.4697102,0.02505658,0.58627176,0.30481544,0.008558938,0.025854757,0.3316602,0.1103916,0.12102176,0.0,0.20246874,0.0021087416,0.021397537,0.14957817,0.38807476,0.6202817,0.2735273,0.77119356,0.049450252,0.035123236,0.6540221,0.55137587,0.0,0.17879958,0.20164096,0.024552397,1.0357362,0.44726843,0.08577904,0.7474097,0.09681925,0.8716386,0.5032206,2.076396,0.08291668,1.1459986,0.5196462,0.57213145,1.2947886,0.4135444,0.46100646,2.3917577,0.020570064,0.18088229,0.28901643,0.0,0.49672967,0.41787648,0.37503433,0.011543687,0.36619413,0.015159653,0.0,4.6144295,1.4645787,0.5495739,0.89525133,0.19634476,0.35156864,0.89979744,0.39241517,0.8141406,0.16436273,0.059294038,0.08133663,0.15782058,1.3856136,0.10461015,2.0567718,0.7431608,0.8072173,0.029933898,0.041099712,2.047173,0.2838325,0.5967217,0.40501875,0.001034912,0.15404709,0.08576705,1.7236452,0.3419041,0.0,0.043826155,0.68713707,0.5425922,0.19456723,2.696041,0.15155481,0.15654913,0.96393514,0.89125574,0.40785357,0.047613673,0.1967738,1.4885026,0.0,0.14610986,0.7773973,0.12803556,2.4834113,0.19457692,0.0216078,0.15286492,0.011221404,0.0,1.1638157,0.212757,1.1117051,0.3384674,0.19571292,0.29812807,0.16282922,0.54698104,0.3814254,0.013133904,0.2699056,0.19560264,0.759757,0.14529437,0.35436502,4.7502446,2.2597804,0.3729336,0.010568416,0.13110441,0.0,0.15609992,1.7128518,0.6138296,0.9740302,2.5987349,0.0022320363,0.008861277,1.0828968,0.6855536,0.5981699,0.20842326,0.45263103,0.1531365,1.8531258,0.12377219,0.24025646,0.02256931,0.30372104,0.045714363,0.48439398,2.1540134,0.043132782,0.0038443115,0.10756439,0.23674987,0.12618618,0.1351004,0.03654939,0.0133404555,0.002333165,0.01851754,0.5161548,0.08520854,0.034245964,0.0033655597,0.31654108,1.0688671,0.027803328,0.7124239,0.6375501,0.03894393,0.0,0.4372598,0.94704854,1.878208,0.5792178,0.22142704,0.09853063,0.0008744417,5.3606367,0.09654208,0.2762266,0.021758609,0.15926853,0.5755987,0.0,0.9480932,1.9479343,2.873225,0.48729596,1.3339375,0.0,1.2560198,5.8855143,0.39111513,0.0363075,0.054445878,0.05641109,0.45408645,0.87050915,0.35907057,0.35916603,0.014728872,0.07383534,0.094469845,0.82803625,0.15397672,0.15708977,0.2613575,0.014391701,0.0017412212,3.4920146,1.3503679,0.023520732,2.3001242,0.049942464,0.22572759,3.1338847,1.5152364,0.9991123,0.058492035,0.8228284,0.10605431,0.0,0.15931702,0.23648374,0.0,0.10897018,0.13735166,0.5810657,0.36006078,0.08815388,0.030705811,0.49961004,0.042635202,0.41109878,0.5841207,0.23766212,0.050940122,0.10975707,0.0,0.15316038,0.43559217,0.0,0.03415672,0.4489167,0.08180634,0.1493525,0.3596183,0.080248065,0.066908225,0.04506414,0.025939511,0.43453497,0.007112652,0.06608036,0.007927385,0.06637997,0.82344294,0.8208425,0.2997003,1.3459382,0.030687258,0.032524463,0.407795,0.6234768,0.46929643,0.64984447,1.068692,0.0,0.36525995,0.13140258,0.53420496,0.3793165,0.058498215,0.7623322,0.4062958,0.059459276,0.12367554,0.10322946,0.0044840793,0.43992785,0.27297238,0.3617362,0.46517769,0.0147069255,1.4473065,0.029879414,0.47717252,0.30751556,0.20145552,0.46505192,0.026138695,0.21430266,1.3827018,1.8408922,0.22762194,0.47887543,1.4735465,1.4107856,0.08186768,0.2137262,0.009600493,0.68867224,0.008238616,0.6220124,0.7089096,0.6984584,0.19117914,0.30652723,0.5856819,1.0302616,0.14401989,0.33412305,0.20249303,0.15931575,0.07936145,0.18713817,0.16096687,0.0,0.48734984,0.23150623,0.34580678,0.18583757,0.06009873,4.61216,0.06241718,0.8313499,0.07177188,1.1163633,1.2590308,0.52564174,0.36196658,0.054608066,2.1137908,2.126658,0.13787137,0.46723622,0.18940766,0.1108292,0.42496133,0.0894567,0.1322384,0.0,1.4324449,0.55874413,1.035148,0.22357446,0.0,0.42287904,0.25853786,0.19100557,0.4792242,0.10896376,0.0,0.06457612,1.0117443,0.7759628,0.31724864,0.093146786,0.30335307,0.16705637,0.5815776,1.8095334,0.24588798,0.16443878,1.6306382,0.52018166,0.007014093,0.0,0.010997979,0.257991,0.009241371,0.0,0.5420881,0.41635156,1.4624567,1.767958,0.30479506,0.18158336,1.6678636,0.36295536,0.12951887,0.1778006,0.52486885,0.07826803,0.008678689,all_pothole_images\pothole_images_enhanced_a89a9518eade0406faf954fd5a87b10d.jpg
0.49474233,0.9558451,0.03405806,0.017817672,0.089097306,1.4699585,0.3906558,0.73510957,1.2205927,0.6117435,0.6222211,1.3104289,0.58958465,1.3400744,0.20264043,0.0,0.07005629,0.74034905,0.919939,0.18275224,0.7032299,1.921462,0.16303745,1.0369952,0.5396233,0.40491948,0.37919787,1.8441653,0.46387506,0.14848165,0.4705661,0.13530754,0.30653945,1.7400129,0.17799622,0.022323117,0.92982066,1.0584446,0.19619162,0.69604445,0.42921704,0.3066523,1.4516425,0.6773977,0.8665619,1.1582924,0.13110241,0.0,1.0341941,0.7476322,0.6792028,0.50428575,0.14627233,0.83397704,0.7397982,0.22637254,1.1645073,0.031659577,1.0671511,0.71281236,0.46508056,0.7348983,1.3383205,0.43853176,0.977351,1.8795137,0.1890534,1.5766327,0.86247665,0.22862996,2.0764654,0.36273098,0.075332895,0.31600356,0.59356815,0.0,0.114927925,0.12030869,0.0,1.2012274,0.2526431,0.924966,0.5710721,1.5678198,1.1530976,2.2850177,0.700796,0.88598084,0.4922474,1.5292432,0.45456177,0.85591793,0.8646121,1.7181615,0.3193636,0.5017996,0.7408483,0.90444833,1.9462107,0.035650227,1.1977005,1.0745808,1.4179841,0.31920055,0.14681633,1.5319235,0.34326914,1.1917362,0.657083,0.3395397,0.1613618,1.0794374,0.51066536,0.8422745,0.99056154,0.05546437,0.8792853,0.36984512,0.8279204,0.6379584,3.1510432,1.4445008,0.9985739,0.34962627,0.15999942,0.06088143,0.26177716,2.7809238,0.45538118,0.82836086,0.6977758,0.58581364,1.5963391,2.0720203,0.3224981,0.15092546,0.27366838,0.31824777,0.06711559,1.4670525,0.93583643,0.53313065,0.24297126,0.61969626,1.0356584,1.202346,0.14498854,0.041417252,0.07792768,0.42567128,0.08136361,1.1574081,1.1095426,0.07758192,1.5044258,0.18282582,0.5867407,0.27281594,0.9747031,0.04151974,2.1792765,0.14955176,0.13867007,4.8239512,0.4237965,0.07148588,1.3420554,0.1724142,0.7709804,0.77843845,2.715276,2.117603,0.9848229,0.5117556,1.2657305,0.88981664,0.007329711,1.133099,0.08987079,1.5362041,0.8193691,0.8609477,1.4750811,0.21384932,0.55646664,0.37108704,0.019837845,0.19696705,0.98717123,0.610126,0.31043094,1.2224121,1.5251559,1.8719597,1.0628933,1.5895015,0.6670911,0.75259423,0.35708395,1.0991765,2.682714,0.4248968,1.4732949,0.62275547,1.489406,0.05861644,0.7032438,0.34515193,0.89679766,0.78152186,0.56464416,1.4840306,0.71591043,0.8154361,1.0017587,0.0070171496,2.5677621,0.59216475,0.21397662,1.671901,0.01957582,1.2441628,0.63053346,0.012190247,0.43533242,0.27573895,1.4488703,0.024184283,0.5483678,0.23230623,2.0660822,0.58134747,1.7759753,0.6150252,0.13163732,0.12820977,1.4914236,0.6131438,0.41283154,0.15827258,0.52255905,0.7799932,0.6521852,0.12320182,0.112589486,0.024910402,0.5813096,0.18325342,1.1171894,2.557988,4.323168,0.7917913,0.81470174,0.19313917,1.2931294,2.9135299,0.13541186,0.09816038,0.22469579,0.7349992,0.67465085,0.91467714,0.53869677,0.51789004,0.0017625993,0.19724426,1.3390036,1.2701244,0.19311975,0.019091485,0.5831184,1.6093735,1.4751859,0.54709536,0.011983903,0.2857036,0.712457,0.6300151,0.23993348,0.19244528,0.6304433,1.1102325,0.34098694,0.44302884,1.0697157,0.13367529,0.473605,0.6104533,0.15881783,0.28638616,0.2857136,1.3536869,0.13355954,0.15309137,2.4744985,0.16281877,0.71712226,3.8046045,1.0386255,0.8317763,0.86809134,0.5689231,0.035843007,0.12195559,3.1312342,0.22265469,0.018223478,0.16572788,1.254619,0.19564644,0.67543703,0.43440628,0.35981908,0.2418156,0.85577357,0.2029001,0.80461043,0.18355988,0.68349504,0.31907734,1.0626003,0.03232757,0.12128789,0.36398742,0.8188381,1.375279,0.45155773,0.6697762,0.28278986,0.59766227,1.0778503,0.33646294,0.15188327,0.023401827,0.06547029,0.64044124,0.06688897,0.013045939,1.7317705,0.647388,0.492126,0.79008836,0.3320085,0.37318856,1.8523185,0.34323424,1.7282358,0.45533487,0.22362535,2.097465,0.44265124,0.8634634,0.62557423,0.6368071,4.487883,1.0824915,1.0384997,0.895866,0.78267926,0.14339189,0.2972673,1.7971758,0.9935477,0.053088967,0.5752431,0.13272177,3.0078697,1.2090466,1.0845609,1.1935455,2.4974632,1.2716998,0.46400586,0.92179525,0.9545914,0.35386163,0.77930635,0.8058854,0.16330767,4.4652677,0.036254033,0.61825764,0.71071965,0.5217097,2.0209098,2.1537342,0.5300448,0.41423658,1.1072786,1.6660749,0.6778742,0.56525815,0.09035409,0.26937026,0.028276535,3.213781,0.47757435,1.7401897,0.4053899,0.19825462,3.7036793,0.7494958,0.13311572,0.3481171,0.4655894,0.08298035,0.7619342,0.3142764,0.0146997105,0.95597386,0.7279242,0.45723063,0.67620194,1.7600733,0.20062245,0.040100668,1.1400894,0.88024276,0.98432845,1.4888973,0.0003860654,0.29832718,1.1810778,2.8675811,1.6448758,0.0834131,1.6388961,0.39990157,0.9535407,1.5971873,0.5078666,2.1436934,0.2599234,1.0342622,1.4144404,0.7757531,0.690237,1.449732,2.0544844,0.75876117,0.5810428,0.08200511,0.026358657,0.32114846,1.2400507,0.20874253,2.0032804,0.042110488,4.0935774,2.0164628,0.53735274,1.4858605,0.015446437,0.091083445,1.6123047,0.33319122,1.0318646,0.579863,1.0021709,0.2380518,0.6381252,2.0601258,0.24533482,0.69801205,1.5157446,0.79004836,1.8741844,0.006522766,0.78359765,0.5050214,0.44879863,0.1427543,0.09010229,0.43181828,0.54994446,0.21078701,3.1768382,0.9186426,0.75728184,0.1164779,0.7053942,2.1568964,0.16371332,0.28886405,1.019722,0.15745324,0.73881304,0.51993877,0.19075435,0.0008947001,0.7207797,0.47465387,0.009256174,0.43659505,1.8920728,0.90500844,0.08620238,0.83698225,0.4812617,0.3564008,0.14709878,1.4779401,0.023497557,0.35407963,0.044379875,0.035433725,0.044917986,0.38713017,0.11752065,0.112789005,1.7486858,0.21350507,all_pothole_images\pothole_images_enhanced_a89ce35d9d79661a3921dfab8c49cb8c.jpg
1.9545345,1.4109031,1.0012437,0.38763288,0.18361868,0.17047201,0.06351882,0.27527353,0.31743684,0.92357713,0.3761363,1.339668,0.42257643,1.2793504,0.5895998,0.46945763,0.40302366,0.7242633,0.99565953,1.2195109,0.81175035,2.1661878,0.9515046,0.9356786,0.76613605,0.5604071,0.8019181,0.99094594,0.5418448,0.45345688,0.41070774,0.3980085,0.050634496,0.013708998,0.6548247,1.7950498,0.41264585,0.7292578,0.3176856,0.88185096,0.100043744,0.6082377,0.2669822,1.9761969,0.0327275,1.5524274,0.18338981,0.0819363,0.9015152,0.60491407,0.95232534,1.80409,0.4936658,1.2803437,1.1048434,0.7316262,2.274616,0.013415862,0.32462713,0.51209754,0.6712496,0.7567374,0.21996136,0.31943113,1.2284486,1.6832852,0.021941952,0.20307899,0.38375512,0.23638535,0.6973076,0.39892772,0.9480234,0.29392177,0.8808136,1.3862407,0.48578694,0.77770257,0.61065555,0.5172046,0.1525101,0.01620428,0.435501,0.99070543,1.0069233,0.8137469,0.31179544,0.25831753,3.2687817,0.17320724,0.58879036,0.13749194,0.2862984,0.7769196,0.07483981,0.00022613935,1.9025209,2.370277,1.875321,1.4271405,0.10564779,1.5163399,0.04131611,0.9557409,1.2852948,1.1782864,0.3617735,0.14729199,0.73667675,0.9327228,0.20490198,1.048574,0.32049146,0.93725204,0.270377,0.10201174,1.6046312,0.518317,1.2930099,2.0232801,0.8879134,1.6797137,1.317923,1.3929886,1.0191631,0.5199189,1.433557,1.6702927,0.6820066,0.58579236,0.7865041,0.8538863,1.0421458,0.29697922,0.24970677,0.15180972,0.38390738,0.5996183,0.31969017,0.40069762,0.5393627,0.8409279,1.2165017,1.0613788,0.8619517,0.14860629,1.512216,0.4883295,0.30699474,2.874222,1.3696395,0.551903,0.0,0.5043958,2.2858124,0.15573937,1.7797618,0.37875217,0.7475373,0.38660258,0.75491184,1.061174,0.5268679,3.6162586,2.1850574,0.348746,0.28831217,0.08271956,0.46512598,0.51704633,0.69018406,0.2057459,1.2435478,0.43521538,1.4019939,0.23398617,0.65021396,0.034558084,0.65753835,0.18641195,0.39345556,1.7139666,4.4321012,2.2723362,1.6499643,0.39120334,0.19102162,0.8144662,0.06371539,0.565884,0.64328533,0.28265917,1.1662598,3.04649,0.13639478,0.2148119,0.05003406,1.0084069,0.293876,2.0330906,0.70406413,1.8903911,1.2121813,0.38970292,1.8433151,1.5491343,0.47854277,1.2353817,0.1260074,0.4997121,0.024491088,1.848869,1.8931515,0.26384634,0.40280843,1.3228563,2.2215517,0.0030133377,1.8384567,0.27681357,0.77673835,0.5355102,0.61337036,0.14109424,0.6860472,0.9735437,2.841795,0.36416212,0.0040920707,0.5401854,0.3365428,1.1502669,0.07572784,0.39208922,0.11683056,0.26902443,0.434918,0.10036549,0.75613505,0.20967123,0.22131981,0.30080873,0.24866621,1.2733893,0.23097567,0.63959706,0.569673,0.24527569,0.43997338,1.4588816,1.9202589,0.94149375,0.2315548,1.1010629,0.94171387,0.40249637,1.2031778,0.112044185,0.61974096,0.3052534,0.042957656,0.14304586,3.5716507,0.03576958,0.3756871,1.9735774,0.2246121,0.71124905,1.5692359,0.4043049,0.21629222,0.054484144,0.23632991,1.5159746,0.32341644,0.96107435,0.5315295,0.26535395,0.85020244,1.2012615,0.19484977,0.07342073,0.60276604,0.903341,1.0116506,0.057247277,0.006701332,0.17611754,1.315806,0.19964595,1.6761587,1.307545,0.22829133,0.38655275,0.6422883,1.5905324,2.1703951,0.0,1.0749364,0.5075723,0.018096918,0.20718326,0.4885339,1.6736872,1.1285051,0.0,0.00025521615,0.5007063,0.109161444,0.7003671,1.550027,0.14651962,3.039786,0.7766698,0.3082948,1.2837875,0.04359495,1.3275791,0.36150536,1.6088266,0.88117564,0.45370018,0.10224015,0.31952646,0.6032566,0.73655725,0.07546627,0.031943955,2.0229108,0.65167147,0.9643244,0.63011783,0.023368513,0.25073588,2.2819035,0.65863377,1.1756902,0.7469974,0.3322349,0.24376078,0.9746178,1.5141724,0.07718032,0.25448602,1.9672848,0.5680032,0.0120335575,0.5573607,0.2572246,1.8167064,0.63668215,0.42361113,2.0107002,0.40508002,0.09679534,0.4524709,0.3774206,0.1804877,0.8673338,1.4135813,0.39443704,0.9119348,1.2960469,0.36803666,0.30259717,0.50890994,1.8246726,0.29087317,0.14082956,0.0,2.162697,1.7994146,0.4277898,0.12677345,1.1049416,0.1918997,0.12196949,0.4251413,0.16285142,0.5669803,0.5881219,0.060955968,0.9884352,3.1403596,1.4473802,0.98960656,0.9075551,0.20231394,0.70033264,3.5477543,2.224776,2.045284,1.5291677,0.38669717,0.20845523,0.80373216,0.49941984,0.47185397,0.41493255,0.37404647,2.9288058,1.0419341,0.10218517,2.3643463,1.3566331,0.17112078,0.44253036,1.7746124,0.16300988,1.3410788,1.515454,0.94170284,0.46028203,1.7154293,0.18569458,1.075074,0.45436943,0.37516776,0.31727004,0.2744512,1.4420991,0.2616367,1.4599388,1.4709864,1.1507314,0.20399037,0.27360862,1.4082887,0.2421736,0.2260263,0.39151102,0.62298185,0.5470829,1.4126145,0.928605,5.219792,0.2457606,0.5110752,0.01665253,0.009581777,0.55485284,0.8625521,0.18002284,0.24755333,0.015851544,0.0,1.1847236,0.3907723,0.28693306,0.8409262,0.7649325,0.4228914,0.78404677,2.6981409,0.098164186,1.6632715,1.4119202,0.66055936,0.029193426,0.9038076,0.1210216,0.40655062,1.2962815,0.21309732,0.7223506,0.43778768,0.06986647,0.070495725,1.2688067,0.91382664,2.593387,0.14603996,0.21019112,0.59799904,0.49922234,0.6898176,0.53976005,0.34972715,0.7735478,1.1213887,2.4932756,3.1442015,0.3634354,2.3016403,0.0010383739,0.08088902,0.5307229,0.90430886,0.10449014,0.558162,0.42766696,0.36876807,0.030826045,0.07191113,0.121802464,0.5449816,0.8897803,0.857458,0.1580645,0.35141274,0.38641232,1.7506022,0.020007158,0.7156742,0.21589002,0.048683222,0.0728463,1.114877,0.1473525,0.51183623,0.7674525,1.0289065,all_pothole_images\pothole_images_enhanced_a8b634528a79cc1613ccccf2a1f94999.jpg
2.880001,0.57898974,0.1857323,0.90192825,0.48188743,0.584678,0.0100908475,0.0834967,0.6077077,0.8118137,1.0184344,0.8763854,0.013689391,4.6645412,0.39250413,0.20718053,0.19963202,0.11649801,0.8752404,0.089185186,0.5728048,2.4846573,1.0687413,0.15553525,1.2600423,0.32414693,0.1929967,1.4651501,0.7167243,0.04854588,0.91902065,1.2718452,0.23929444,0.0,0.0,0.10866041,0.004941427,0.5847104,0.031629134,0.22847044,0.14043681,0.19254774,0.7124962,3.5929072,0.52579427,0.027599832,0.14086744,0.38829643,1.1997696,0.22322915,0.20757605,0.32882106,1.2036239,0.19485836,0.892982,0.20969811,2.6820204,0.14449771,0.14515184,0.50238276,0.059708524,0.52211356,1.0878748,0.12313126,0.10200743,1.5892293,0.13322054,0.35636434,1.2651516,0.29035518,0.19296591,0.3410252,0.036665253,0.09496275,0.93279254,0.7905959,0.30168942,0.735698,0.6982621,0.32148808,0.06745804,0.0730301,1.0750539,0.83912814,0.25245708,0.09431634,0.19248825,0.1527436,3.025203,0.22013296,0.8506214,0.23938295,0.0,1.3121603,0.07270387,0.25910148,1.0071483,1.2410716,0.5766646,0.6787679,0.090847075,2.0913417,0.6678803,0.33799887,1.2216772,1.0995412,0.07683354,0.03497745,0.047543995,1.0548707,0.17618911,0.66549104,0.34991786,0.5181305,0.0,1.2660807,0.45255947,0.86771905,0.08892465,0.5442792,3.443016,1.3651041,0.25524658,0.98225605,0.14093748,0.9124728,0.0345095,0.15480976,0.06645495,0.7630034,0.01333883,0.049236417,0.38335422,0.602431,0.18720521,0.018673196,0.2769974,0.5915706,0.115108654,0.46634993,0.9369513,0.88516,0.9455996,0.53902686,0.47303492,0.36282608,0.07809958,0.9277673,0.6327633,1.6532828,0.52589357,0.6628069,0.3064387,1.7565808,1.4391129,0.4536595,0.55015624,0.7097374,1.6956121,0.041267157,0.9086526,0.123320736,0.32036948,1.9446092,0.17707539,0.3944274,0.105641946,0.13104719,4.3212175,0.5632519,0.03503728,0.75098306,0.36741272,0.24305968,1.1548489,0.63453424,0.26661077,0.0,0.0,0.003503746,0.4034526,2.9066417,2.5240493,1.2815493,0.024685869,0.46977088,0.5175627,0.92545456,0.6021123,0.04134213,0.0,0.47713813,1.0690503,1.640321,0.39104024,0.024212116,0.2522048,0.18509848,0.43286365,1.9950739,0.6294753,0.7148337,2.4638789,0.15638426,2.5409818,0.8234345,0.07338692,0.3551784,0.0009877092,0.93774503,0.2250147,0.7873264,0.3859818,0.57178736,0.8160981,0.102955535,1.6279802,0.13158871,0.2799377,0.6423497,0.19794966,0.33369967,0.29551816,0.49256998,0.5838484,0.013654492,3.9679222,0.84858066,0.30292165,0.1268799,0.32577085,1.3734766,0.101327136,1.6414579,0.124777526,0.6126468,0.5871315,0.121153004,0.32553807,0.16877475,0.36762673,0.35800162,1.498428,0.4890115,0.32088444,0.17582951,0.33295035,0.3545047,0.9783521,0.8450591,2.4529748,0.023478337,0.07326209,0.3596925,0.25871187,0.21836884,1.0833273,0.5610747,1.3832207,0.8363297,0.866996,0.53495365,0.31858099,0.2768621,0.016180852,0.038515948,0.17819789,0.64687216,0.81635875,0.08929936,0.35349467,0.12778832,0.27768916,0.4207039,1.5504346,1.6518615,0.5287399,1.0056442,0.6238862,0.2012157,1.0916831,0.1960054,0.14468013,1.0377951,0.15738748,1.8977464,0.47661978,0.25844002,0.26568267,0.14631331,0.13898496,1.2003188,0.02857996,1.0570918,0.679816,0.15048213,0.72863317,0.10514279,0.08153162,1.1819543,0.51443154,0.14208338,0.0,1.2380046,1.941355,0.023855165,0.007329685,0.82860285,0.11376407,0.28505522,0.18114237,1.1411536,1.6254163,0.0,0.36238772,0.42684942,0.041167483,1.8354115,0.15191513,0.18035716,0.21933824,0.23243313,0.00080871466,0.24714898,0.18884903,0.08487954,1.0490687,0.052450735,0.3574,0.29098862,0.0,0.46651068,0.18368106,0.03101118,0.24053627,0.4461472,1.2370648,0.28522772,0.5826801,0.30726412,0.56009555,1.5558568,1.29203,0.0761678,0.37203792,0.0,0.28669026,0.3689154,0.040580925,0.09380191,0.2930617,1.040037,0.2786287,0.069194,0.77897215,0.75769174,0.9887851,0.6170413,0.6197685,0.6943779,0.022828305,0.06479594,1.0070556,0.59897107,0.1551275,0.013972177,2.0022473,0.1718715,0.18163452,0.31728634,1.54689,0.40669358,0.19992727,0.4367081,0.58191425,0.22066319,0.17743145,0.043444097,0.44320735,0.0017744678,0.4137521,0.02111549,0.941332,0.31947753,3.0665598,0.25833446,0.21483895,0.25974065,0.0023763366,2.3767567,1.8052056,0.31583175,0.0013336694,0.7204835,0.5284425,0.22558457,1.1159593,0.63313836,0.010037593,0.12071496,4.0057178,0.47555035,0.019540507,0.996795,0.21298812,0.32724565,0.79962516,0.0,0.43504286,0.20940629,0.5265855,0.06570746,0.96740174,0.56438464,0.33423337,0.46699858,0.93634295,1.6078843,0.19020392,0.10359559,1.5821387,0.015862934,1.0231531,0.6584557,0.29382366,0.0,1.6972636,0.12434066,0.7062223,0.69500154,0.57024693,0.035938896,0.25970268,0.60756683,0.44457638,4.72169,0.22025593,0.56782377,0.011011191,0.00027850992,2.0699294,0.30352038,0.13866156,0.13725074,0.44423822,0.0,0.54379195,0.6885928,0.39473057,0.67320544,0.41028345,0.20117715,0.849109,1.5065857,1.7184684,0.3676359,0.86318415,0.09818129,0.3508574,1.2527524,0.12184884,0.052007206,1.0735173,0.0119515415,1.9794722,0.41420394,0.41917783,0.30972826,0.3506876,0.040530235,2.0611112,0.20180304,0.5256313,0.16004442,0.937082,0.27106422,0.2685738,0.1944945,1.391569,0.03659652,0.18888028,2.7480962,1.5595256,0.31127122,0.05503536,1.2413813,0.55850405,0.10700545,1.6187661,0.055000927,0.56560373,0.67874295,0.067133985,0.015385494,0.01667503,0.11857668,0.89815176,0.042992067,0.47458026,0.0033247042,0.013757461,1.4609947,0.033894457,0.51495063,0.5024032,0.13197234,0.38023034,0.13755782,0.27078035,1.927812,0.12762828,0.91577035,all_pothole_images\pothole_images_enhanced_a8d425f7a26e52e789582597bb90f4fd.jpg
0.07597636,0.8834986,0.0755414,0.51582134,0.44605184,0.44913435,0.9663147,1.6188345,0.74978787,0.25575268,0.055109255,0.17125408,0.22071876,0.25643626,0.078842275,0.16168493,1.1292374,0.0017973379,0.60155666,0.41159183,0.18298763,2.00243,0.08473108,0.7129324,0.71178037,0.65365994,0.9371618,3.0237334,0.0625482,0.6295028,0.9045522,0.21315184,1.9030818,0.52914184,0.3766102,1.287091,0.04667374,0.3652652,0.33305183,0.29054496,0.0002651683,0.003944196,0.0,3.6454768,0.96961147,0.34555885,0.10359116,0.5426173,0.21543276,1.5290453,1.2392837,1.2056286,0.5678954,0.023036284,0.060094897,1.3538239,1.7328597,1.7245698,0.107552,0.042054113,0.09115793,0.0687375,1.170355,0.24641502,0.68227386,1.0683367,0.43766624,0.07115105,0.03325696,0.91366935,0.0678311,1.0747031,0.029130446,0.054996286,0.2302675,0.060049552,0.3295946,1.2255055,0.13409331,0.090094805,0.5885242,0.71464866,0.029671213,1.4818056,0.49713725,0.36592457,0.047608595,0.042650983,1.2704659,0.50943244,0.08956468,1.2745706,0.18569863,0.6955772,0.27749416,0.013041554,0.050645594,0.26776648,0.14670931,0.07426969,0.06314514,1.5915035,1.7019475,0.07779564,2.1883962,0.023735313,0.18478294,0.0,0.04985571,0.09007408,0.15057892,1.277168,1.4005479,0.16353439,0.65374607,0.6091062,2.572648,0.3959596,0.00094112504,0.3798435,2.5497375,1.2612982,0.6336012,0.56439847,0.76577795,0.3852823,0.1775465,0.2747441,4.519219,0.08425109,1.087101,0.4669015,0.2853318,0.34069106,0.72590226,0.76151025,0.20305896,0.007513923,0.9857446,0.79839146,0.97970176,0.06919878,1.0033123,0.3112594,0.29573098,0.6306578,0.81102484,0.8160238,1.5223663,0.2610661,0.4248944,0.5789941,0.21577536,0.2644673,1.1953187,0.3290638,0.4593089,0.19951886,0.19610849,0.17199045,0.76138186,0.5724159,0.07915333,1.1096328,0.028516658,0.0,2.7998214,0.30324152,1.7887639,0.12908834,0.00086892233,0.017791118,0.0010291958,0.41391668,0.48474392,0.34828034,0.5204479,0.121002525,0.36664852,0.15269709,0.11891115,0.4520921,6.072064,0.30674303,1.1426545,1.1261017,0.16786963,0.36934114,0.010883357,0.120499216,1.0414196,0.11063341,0.2908722,1.652004,0.055478677,0.007335355,0.0,0.069476135,0.100805864,0.16651753,0.49260473,0.41837254,2.7824357,1.0173397,0.70821315,1.2866365,0.014180974,0.12371306,0.833248,0.07461481,0.28713453,0.66164064,0.20945835,0.18642756,0.57043135,2.374985,0.520852,0.511845,0.5194349,0.3858975,1.559405,0.35265476,0.30646348,0.0076649985,0.102847286,0.6629043,0.22726835,0.07144616,2.0452924,0.9728921,0.09997031,0.3488671,0.7032239,0.036647774,0.30958933,0.07066013,1.4017833,0.46062216,2.369832e-05,0.0383512,0.35469264,0.6414704,0.49341214,0.22714023,0.26220715,0.3067349,1.4357271,0.06688606,0.7855514,2.04568,1.7395215,0.5590571,1.1937629,0.7514959,0.33929247,2.0414667,1.1543972,0.0,0.0050862776,0.05401751,0.24040985,0.8037006,0.6677595,0.10079252,0.74339676,0.8880305,0.16519389,0.9480761,5.258321,0.27104542,0.0105425855,0.008955634,0.2482391,0.3404081,0.054608885,0.0430725,0.09519537,1.5006831,0.30950424,0.29682073,4.857482,0.19854246,0.8224053,0.5851298,0.53015035,0.36323717,0.43085822,0.23582888,2.460897,0.43464908,0.09960124,0.46432254,0.33564654,0.17723726,0.0061284364,0.00089769874,0.44249895,0.032512635,0.26485634,0.72462106,0.68926275,1.2027329,0.38076183,0.14589892,6.3162804,0.13520662,0.025711203,0.24410401,0.002832755,0.48587903,0.90822,0.5944221,1.0274755,0.96224505,0.4687287,0.3947913,0.12151793,0.35629386,0.46046236,0.14622563,0.91426975,0.5633255,0.019887658,1.3800374,0.91164,0.6748106,1.8115541,0.0,1.029622,0.22572507,3.72551,0.19757995,0.7814689,0.40383092,0.9980685,0.27231914,0.24179313,0.0375579,0.21026023,0.43273762,0.26400983,2.1060975,0.19779402,1.3865296,1.8047093,0.012631919,0.023573821,0.26707837,1.4262698,0.2607735,1.0702051,0.123142116,0.40432963,0.42501044,0.18523002,0.31270725,0.13233009,0.8005591,0.35486174,0.054185025,0.15659036,0.0,0.4663327,0.8989347,0.10421464,0.18469086,1.4410042,0.91746026,0.8397729,0.051510848,0.04255994,0.0033863448,1.8491288,0.11679447,2.0053487,0.62560856,0.6679922,0.3039251,0.33309633,0.29344067,0.111584835,0.23196897,0.211998,1.2324187,2.9777496,0.008215095,0.45391557,0.023451688,0.1288682,0.2233056,1.0200274,0.54452926,1.2244794,0.92288995,0.052696545,0.07789061,1.0073949,0.52004933,0.48643765,0.4177106,0.5890293,0.52096957,0.2915114,0.45467097,0.1290265,0.019949244,0.004270027,0.89894724,0.08609951,1.5306872,0.2702057,1.573301,0.20090476,0.0,0.43528077,0.38918373,0.6677162,1.180115,0.49060687,0.054131586,1.4899292,2.399495,2.0649865,3.9525008,3.2303634,0.8443665,2.6603417,2.2338254,0.051968686,0.0656442,0.7988092,0.3812274,0.0,0.028756898,0.5976852,1.3390826,0.06471103,0.07181013,0.8602811,0.89845645,0.10154326,0.51661634,0.03726513,0.014397789,0.88014203,0.57151115,1.3503553,0.029920517,0.28296208,0.12522306,1.114205,0.26329598,0.02873409,0.45966485,1.2656858,0.37588418,0.022966715,0.12045946,0.39113453,0.42217588,1.4387574,0.61065745,0.3169106,0.0016360541,0.17982587,0.00858894,0.6836614,0.24511681,0.5369242,0.928966,0.27976644,1.2781199,1.0499905,0.7266959,0.12470567,0.19415127,0.13797985,0.48588404,1.2282516,0.14497112,0.15834394,1.2301356,0.3969466,0.4246148,0.43153295,0.02844758,2.1656983,0.36677912,0.33748987,0.33830348,0.22032703,0.45304418,0.10933199,0.18385419,0.024024496,0.00037639664,0.50944585,0.8809894,0.37980574,0.088667236,0.18995878,1.3387743,1.6181378,0.6382702,0.0681524,3.2422447,0.44635218,0.28613868,0.47181144,0.10631151,0.46793583,0.096157275,all_pothole_images\pothole_images_enhanced_a8d83f1cfb8e6733cfd87a38f37d5aab.jpg
0.8224931,1.3701106,0.40423536,0.8934136,1.2591645,1.4366096,0.65806973,0.20314948,0.90048283,1.6049172,0.36322558,0.05121339,0.30736583,1.7758067,0.7215233,0.120104246,0.5398491,0.081001945,0.46358505,0.56536996,0.13936356,1.6877375,1.3900971,1.3207189,1.0834961,1.7591482,1.2786652,1.8534395,0.25345775,0.3228291,0.29401743,0.19827363,2.334023,0.29096654,0.55941224,0.19554871,0.8758461,1.2470999,0.1401233,0.12989792,0.011772333,0.44233826,0.23243847,0.22118708,0.6263806,0.32376665,0.11230156,0.31083354,1.3954144,0.71952194,1.0838512,0.4122783,0.38079047,0.25269902,0.48391667,1.19772,1.8383515,0.002442846,0.85389024,0.14639524,0.27162814,1.2504302,0.68834287,0.506349,0.5565989,1.0747551,0.5507717,0.5067128,0.05554292,0.015931351,0.075733215,0.29009244,0.30286962,0.13926858,1.0319946,1.7847219,0.33716393,2.0598485,0.4390287,0.5715884,0.815257,0.7707561,0.0029087807,0.8142027,1.4308112,0.434269,1.2348316,0.015902335,4.327067,0.39720535,0.6738154,0.48534992,0.45807457,0.77696997,0.19440418,0.11140648,1.6786891,1.0654044,0.7654621,1.88324,0.1579614,3.3313115,0.3418244,0.8865074,0.6341784,0.18123975,0.64614266,0.35512063,0.008572721,1.1612365,0.16877478,0.9347181,1.7768323,0.40291068,0.3802967,1.5802878,2.468699,0.17369781,0.7726297,0.74591476,0.87852865,0.32917163,0.7803327,1.3919582,0.7318121,1.0620602,1.114437,2.7966232,0.514428,0.86970705,1.5678103,1.0189142,0.48519555,1.0845609,0.22258529,0.13193876,0.5442998,0.8349248,0.9505723,1.1564367,1.382805,0.3362014,0.4157117,1.7999389,1.2137942,0.720016,0.5673187,1.3996649,1.1202812,0.95512164,1.2716504,1.2479262,0.35231805,0.7722085,1.3831042,0.13414161,1.0063305,0.6007393,0.43494987,0.886041,1.8010063,0.46135357,0.19588622,1.5234976,0.82284933,0.680367,0.73123586,2.0701253,1.4253552,0.19887772,0.8637704,0.035057765,1.5874732,0.76332325,1.6494753,0.17218293,1.5824605,0.012252589,0.010918912,0.7382318,0.55859905,2.571682,1.7753567,0.86524683,1.3957134,1.022927,0.1317495,0.8838628,0.20165046,0.8030105,0.9721284,0.5670379,0.12296263,1.7854879,0.28704688,0.1886991,0.5750105,0.56423694,0.8286085,0.4552477,0.5631906,1.0214361,0.62892264,0.03331437,0.86141413,0.9966047,0.041920107,1.2576073,0.5009606,0.9243111,0.22749476,0.18742347,1.3665016,1.3816243,0.65515107,2.3324716,0.4250939,0.08497547,2.8330789,0.47171226,2.313716,0.057460707,1.0114771,0.76995647,0.08890114,0.44582295,2.1546154,0.71318066,0.39675537,0.2518531,0.6795336,0.19710186,0.3610488,0.85110956,0.8828106,0.41750795,1.0808634,0.77487385,0.26926726,0.005217059,0.37319377,0.13654508,0.4195519,0.56691754,0.31210127,0.010386611,0.5882308,0.56330913,0.58144385,2.0308104,1.6520983,0.3008218,0.9267526,1.8259339,0.13128273,2.0086927,0.18307762,0.7302616,1.1182561,1.7760794,1.7191372,1.717688,1.8164269,0.59882444,0.16930677,0.9225234,0.7442554,0.039934244,2.9439855,0.5701363,0.7562818,0.04869744,0.17872925,0.6684214,0.06383929,1.0651969,1.7777959,1.0305616,1.5142069,1.271158,0.07277547,0.45499432,0.2811986,1.3386953,0.22684075,0.53320956,0.84188217,1.5758271,2.4658706,0.32617825,1.3563468,0.86078215,1.0267152,0.98475164,0.31466764,1.010166,1.5540015,0.17752616,0.036581866,1.4633493,0.39208695,1.2079464,0.4006372,1.2316744,2.0075693,0.34482238,0.10641049,1.0674211,0.65129226,0.51751924,2.2447605,1.9089109,2.170919,1.4146672,0.19511025,1.5319211,0.007996621,0.95054686,0.3774836,0.60337055,0.37022007,0.9322,0.19449632,1.4708028,1.1181105,1.026978,1.7090782,0.57299596,0.62043107,0.63467354,2.0171397,0.11980127,0.08450216,1.4497975,2.3267658,0.2855943,1.5197619,1.4248374,0.4728611,0.7112821,0.64481527,0.36363462,1.5070493,0.16491161,1.6435521,0.17316589,0.22568667,0.3809881,1.029533,0.8210575,0.55204886,0.5345413,1.4853983,0.42434457,1.1142516,0.3526894,0.891534,0.72718096,0.9096499,0.33248052,0.6018505,0.14125706,0.42552593,0.29341796,0.07485094,0.5678477,1.449134,2.380736,0.36822587,0.23335928,1.9245478,0.85912097,0.5806761,0.3739328,1.1288061,0.079016596,0.0982639,0.24002522,0.6936503,0.8371166,0.3856813,0.12272687,0.8358439,1.086402,3.2893748,0.6496185,0.92801213,0.39139283,0.9277409,3.507456,1.5057191,0.6582642,0.5440714,0.29115948,0.49436265,0.03992638,0.60615635,0.769613,0.1745956,0.02908022,1.6544784,1.2845682,0.72729754,1.4704326,0.20425141,0.22632669,0.9709418,0.32936865,0.94837886,0.8088497,0.12680437,1.3974452,0.28183648,0.68726736,0.10486445,0.97321737,0.8150517,0.73176736,0.07695112,0.38940242,0.84934825,0.35394827,1.213027,1.0295632,1.1327189,0.28314936,2.2830536,3.278293,1.3218629,1.0726658,0.52386135,2.22028,0.86592567,0.48725688,1.6339823,4.1196055,1.907339,1.18078,0.53664106,0.00944829,1.3195822,0.5894517,0.11874495,0.42382297,0.49605092,0.9729941,2.9328687,1.3275558,0.20685905,1.0085106,0.043116543,0.37592596,0.9717443,0.66715425,0.27472964,0.4395184,1.1983566,0.03024373,0.5730664,0.5883104,1.5855361,0.71128386,1.039256,0.60882926,0.51243716,1.2161596,2.0880592,0.27334014,2.9335563,0.59295917,1.3855644,0.43038133,1.1102083,0.6865347,0.5243043,0.2351735,0.26118895,1.1594194,0.73999834,0.9428298,2.2449212,2.5312114,0.7571528,1.553652,0.09887924,0.23301928,2.0830982,0.13843638,0.85219955,0.047748826,0.7351507,2.1862745,0.16957851,0.55166876,0.403372,0.19562231,0.2870941,0.17200498,0.89237785,0.2322054,0.6387418,2.3818593,0.6961559,1.241976,1.322757,0.3404053,0.27403998,0.74159217,0.347641,1.3664857,0.95124984,0.5131996,all_pothole_images\pothole_images_enhanced_a914d8fcaf9de2eea0a9f1479c6f7b19.jpg
1.1344281,1.4971921,0.6350075,2.896345,1.1571857,0.24139334,0.34686992,0.0894709,0.40447253,0.58987033,0.53183705,0.8908554,0.06487349,3.6183085,0.5226185,0.1506524,0.1010538,1.3345789,1.6236914,0.41332018,0.6699565,1.9426425,1.7014045,1.2114987,0.95533484,0.5089504,2.1327825,0.69545114,2.0523195,0.9883047,1.0381414,0.91746724,0.54499114,0.20662656,0.63781136,0.49566206,1.7737867,3.139784,0.023160739,0.6299771,0.12464662,0.3395883,1.6838562,4.118528,0.6603414,1.6920761,0.47893506,0.0,1.1844971,1.1322469,1.611911,2.6785755,0.62486976,0.053887893,0.015389537,0.46923396,2.5603557,0.123950236,0.37969145,1.0729533,0.06487114,1.856667,0.95042497,0.016307916,1.9681196,1.465147,0.62955743,0.37107626,0.44335964,0.17107315,0.25874776,0.0,0.18954086,0.47217488,2.1710248,1.5527004,0.10064275,0.28509173,0.77568537,0.43955663,0.40834707,0.24515879,0.22097093,0.4729405,0.6976941,0.3941035,1.3634338,0.93356586,2.9258895,0.15350406,0.10422217,1.193899,0.09818686,0.89901567,0.4270369,0.7198228,0.23109554,1.4360216,1.4206299,1.396658,0.30104682,2.174178,0.36748633,0.2426878,0.792257,0.81757975,0.26852775,2.1160831,0.059471212,1.5243837,0.0504457,2.6409762,0.34108287,0.46828055,2.5650272,0.5501524,1.1469787,0.17063506,1.0203913,2.870115,2.9404788,0.7381419,0.5721809,1.6049917,0.6868772,0.42324233,0.33123553,1.5509762,0.80633914,0.6508057,1.1888827,0.22592254,0.24726467,0.3019668,0.27489954,0.50329065,0.2448834,3.2078054,0.23044853,0.15067063,0.63417995,1.8368409,1.1117816,0.8004606,0.145315,0.9841136,0.14708364,0.18875016,0.8424526,0.4786998,0.937484,0.5617462,0.002148464,0.20135279,1.9457992,0.39117095,0.587526,0.95913064,2.5154226,0.074658744,1.1679147,0.089610584,0.44411787,5.700013,0.08856783,3.2266097,0.3631763,0.34005398,0.74541944,0.28703225,0.13417915,0.18976799,0.70672923,0.26796472,0.24178839,0.2219107,0.75337887,0.023191981,0.36773795,0.14531364,0.08226023,3.143425,0.87757754,1.7238414,0.21758829,0.7220434,0.35698533,0.9440382,0.49234715,0.6162259,1.1219436,0.83498895,0.2755492,1.3848453,0.049876552,0.43456808,0.9446135,1.2622396,0.15429683,1.7962519,1.8682477,2.286317,0.55989313,0.90205944,0.29240698,0.13153204,0.38243082,0.6284853,0.22237018,0.15057191,0.3934292,0.59142774,0.45302978,1.1969105,3.262126,1.9101706,0.8351611,0.10457333,0.50097466,0.23655692,0.41645196,0.021441095,0.24006008,0.36290124,1.8812206,0.48382866,2.2954338,0.1507392,1.7799556,0.13282493,2.167427,0.45982704,0.10576785,0.34643057,0.78690976,0.11388411,2.7539227,0.25289342,0.0,0.42827025,0.8310047,0.07512173,0.41568696,1.3202509,0.4071194,0.34964496,0.09382335,0.30650812,2.5605168,3.0962465,2.158772,0.24109249,0.106996484,0.40228778,0.17733459,0.45332274,0.49184877,0.82980204,0.4652843,2.3629782,1.5332118,0.123550385,0.11682752,0.79711026,0.52234715,0.4906362,0.19438897,1.5385089,0.2334671,0.93976134,0.24822134,0.0,0.10609774,0.052422762,0.62613547,0.51487696,0.020219946,0.5267296,0.43839657,0.34950882,0.019101284,1.309385,1.3877759,0.52542925,1.6912519,0.8853636,0.51710975,0.7311129,2.0000517,0.5956754,0.76418537,0.31288844,0.024525145,1.0859,0.25121737,0.10126098,1.4311981,0.4872088,0.3600723,1.0673177,0.57082003,0.09763935,0.23382778,0.8629619,4.407759,0.7550962,0.11440865,0.3573679,0.71332437,0.44397965,1.4159645,1.7484314,2.073236,0.69693846,1.9129504,1.2958028,0.010456216,1.0031492,2.5584939,0.45970082,0.5596195,1.1232513,0.04740011,0.6396672,0.428177,0.59463626,0.53533673,0.031876154,0.64666337,0.42227724,0.98737806,0.86092705,0.3480515,0.3964646,0.5043378,0.6744184,0.9755848,1.7139381,0.63679683,1.6350436,0.26363638,1.6020172,0.5591251,0.5471613,0.40640655,0.76742744,0.47128895,0.60429555,0.0633379,0.9403575,1.0211803,0.22878672,0.5402102,0.6881656,0.10681779,0.30382872,0.28708673,2.2094798,0.28348565,1.135591,0.80982345,0.34051055,0.91896445,0.1518666,0.50357664,0.30427366,0.48022312,0.7273193,0.85070735,1.4209747,1.8448623,0.847811,0.051801905,1.101192,1.1798431,0.43159238,0.19111826,0.27869406,0.36984482,0.8950816,0.23623593,0.105948515,0.7629545,0.842483,0.9512594,2.1865969,0.9720162,0.3765309,0.21420571,0.8643519,0.47092366,0.5309988,0.28960678,0.11546413,0.4403157,0.072733745,2.2725444,0.82256025,0.4692163,0.011779515,1.9518963,1.5990999,0.32981226,3.0094604,0.5931201,0.25181696,1.4523239,0.10549815,1.0131305,0.38714296,1.239101,0.8559151,0.5464577,0.2682333,0.40030906,0.25427005,0.045521546,0.27579173,0.41947243,0.17608012,1.7907908,0.11999735,2.459468,3.7098272,2.4980602,1.4762664,0.9132922,1.3098091,2.7054121,2.2080011,0.081820466,1.1776315,1.167945,2.7977982,0.48282695,3.5447338,0.74774456,0.5213188,0.50498915,0.049760252,0.47135666,0.28691554,0.23340832,0.19100487,0.14206901,0.081593566,0.8275757,0.17167544,0.37954482,0.3155309,2.153153,0.2629772,1.3146626,0.22047813,0.9542795,0.33942366,2.2975743,0.42258337,1.6032935,2.6008043,0.6200304,0.42544252,0.9111988,0.6984213,0.61870146,0.68925357,0.4351745,0.8079585,0.5778663,2.5502477,0.4202763,0.513327,0.15667915,0.2032885,0.2590923,0.44818792,0.13231255,3.8224645,0.52073073,0.34394166,1.1782507,3.285176,0.36053568,1.3245205,0.39056408,0.77696,1.018405,0.24468563,1.3307445,1.5123013,0.6624149,0.3833543,0.13402417,0.050969508,0.2369847,0.19652002,0.64495796,0.13470428,0.21873544,0.75180185,2.721473,2.8356729,0.22657238,0.49971765,0.8138119,0.5037784,0.0022706755,0.9256579,0.14579391,0.069427624,0.2573478,0.4153785,all_pothole_images\pothole_images_enhanced_a9280bbea5f48d9127cdf9744d8813ee.jpg
1.9145632,0.50909907,0.1044823,0.81748617,0.45594954,0.14149502,0.79906553,0.42807573,0.26613122,0.442515,0.3702723,1.3393613,0.0,1.7621164,0.5415187,0.47676918,0.17838447,0.87241244,0.7081215,0.67433697,2.3253062,1.6244321,0.13103744,0.177542,2.441636,1.5184114,0.12631689,3.0112903,0.02892965,0.04078678,0.27313468,0.3373286,0.70533574,0.48430333,0.48826903,0.34691608,0.011203178,1.6196233,0.39121962,1.2975152,0.0,0.46285683,0.24066317,0.8176437,0.34523836,2.2018147,0.016265621,0.7610559,0.7533618,1.0131248,0.76504654,0.24470691,0.79579645,0.02095239,0.5563254,1.5623811,1.5220577,0.15824226,0.022511473,0.25858626,0.1838243,0.063181765,0.45783362,0.22412689,0.0,2.4022899,0.13594608,0.3183013,0.023218032,0.32193553,0.49266604,0.26530161,0.045849316,1.0899655,0.14398365,1.0777332,0.011220914,0.7324709,0.059139352,0.5895915,0.21404943,0.01555845,1.3388245,0.40273836,0.33906636,0.0,0.6993556,0.69420063,0.89247084,0.4881279,0.0015683935,0.08809954,0.46158412,0.35933143,0.90081024,0.20617987,0.33644047,0.5554114,0.6164903,2.2003644,0.0007984632,3.1103957,1.1311184,0.52779263,0.9331252,0.08413681,0.13409388,0.978861,0.11837007,0.7173459,0.0,0.9749713,1.4595876,0.3553552,1.7183214,0.2785258,0.15540728,0.22813046,0.91828763,0.7295068,3.207234,0.15610749,0.0,1.936794,1.2515504,0.4474138,3.1068568,0.45275173,0.17108408,0.040697977,0.014444177,0.0106674135,0.0007624568,0.26479566,0.6270897,1.0006284,0.8988457,1.7438787,0.32582876,0.016457973,0.25151283,0.36023197,0.6929393,0.18137375,1.0306243,0.6780175,0.5168709,0.6372382,1.7729212,0.33850604,1.5026575,0.1901939,0.19309413,0.049741823,1.0168067,0.1298107,0.6835691,0.5806528,0.19550692,1.6533905,1.2418307,0.41323236,0.1364814,1.5435905,0.028203176,0.83158594,0.43888324,0.8225225,2.1439302,0.6330451,0.03215202,0.059959352,0.07296697,0.4844086,0.2979911,0.28888944,0.57292706,0.24667603,0.36585742,0.8456454,0.21544832,1.86485,1.381372,1.4788767,0.19866876,0.781495,0.36651954,0.49734312,0.10829338,0.60937244,0.038160376,0.015190336,0.15042157,1.954128,0.5394897,0.29190361,0.79422045,0.17557417,0.20999599,0.6720508,0.7730635,1.0281559,0.5401371,2.2065508,0.69828963,0.33224854,0.78185374,0.3255048,0.31569612,0.71893114,0.0,0.23493323,1.4015963,1.1752055,1.2243153,1.8299928,0.9371788,0.025327854,0.08877551,0.23003235,0.89225394,0.035775643,1.5084708,0.2759615,0.40505448,0.66170144,1.1617968,0.5725356,0.82703364,1.5061538,0.021851817,0.6112569,0.0,0.38806495,0.43896344,0.28806442,2.2288587,0.5778834,0.043931466,0.016246755,0.56776327,0.99763274,0.03378155,0.37542376,0.21660894,0.13971569,0.060036644,0.40759867,1.1757927,1.2147518,4.219873,0.2964581,0.7568282,0.3735939,0.3248929,0.44636807,0.226737,0.061553653,1.4144502,2.2235487,0.2214647,0.01021563,0.62123156,0.0,0.14290252,0.20491979,0.17661981,0.6911637,1.6919001,0.9959826,0.4850699,0.0,0.561161,0.3540568,1.0530111,0.48200107,0.10896718,1.034055,0.44770116,0.4046697,1.1191473,0.1571757,1.1387222,0.21960701,0.5680088,0.0034246559,0.5347791,0.03153001,0.009340066,0.24751854,0.9559909,0.015139299,0.1174576,1.5341467,0.40549397,0.41539803,0.7306067,0.5381766,0.08822819,3.7339625,0.76663005,0.99789375,0.47292143,0.81188697,1.1820867,0.15682563,0.09752006,0.19685182,0.5846708,0.22718221,0.5187286,1.1754462,0.085112184,1.9012444,0.059138473,1.0484544,0.5544521,1.9560789,0.96281916,0.4567066,0.53092253,0.2985512,0.9526803,0.8385994,0.73778987,1.0681624,0.36365712,0.0,0.75754017,0.78472084,0.13417129,0.05834626,0.8512391,0.19747816,0.34625688,1.234204,0.91652817,1.6133797,0.35438085,1.9630896,0.21793042,0.33321658,2.661701,0.5108327,0.75143486,0.17238179,0.1965447,0.1680895,1.1179559,0.22734477,0.83707833,0.5189501,0.101067126,0.83726513,0.50604653,0.13954172,0.3081906,0.3826177,0.28558168,0.46661663,1.0340568,0.24138847,0.8108374,0.23955889,0.24513642,0.81227875,2.3021283,0.022521602,0.34509334,0.33415464,0.7393464,0.18849252,1.2587606,0.44449896,0.15615653,0.07119272,0.019435495,0.3401771,0.37495115,0.20477399,1.0402125,0.19541898,0.5240015,0.28160548,2.5813334,0.813318,0.58723736,0.0016275661,0.03277532,2.00157,0.6288092,0.37339082,0.056152552,0.6540558,0.08868819,0.07493238,2.442127,0.06259123,0.57228714,0.22859053,1.7343054,1.264079,0.24332836,0.96411675,0.13151866,0.13986558,0.19196713,0.36076063,1.4388362,0.18542382,0.11785056,0.88103235,0.14004092,2.186965,0.03403798,0.29148233,2.4036334,0.37755546,1.1791022,1.1673117,2.422033,0.7102811,1.1539215,1.8299075,2.8329093,0.49502906,1.5614798,0.0,1.1382583,0.122718185,0.49772203,0.36987895,0.44694966,0.754435,2.3799891,3.201889,0.59615475,0.13941342,0.105430335,0.67120904,0.853064,0.13712962,0.08053793,0.09365643,0.2936586,0.0060929856,0.78122646,1.6594443,0.05515658,0.4857781,0.80493456,0.022356631,1.6213621,0.32498702,1.5568024,0.8947973,0.33071586,0.58479166,0.3787626,1.7400717,1.9244584,0.18748923,0.52618784,0.6925042,0.25982487,0.30090418,1.0818509,0.42585373,0.3749559,0.78791356,0.34232712,0.6085457,0.19698685,0.026265433,0.8474849,0.05621815,0.07799749,1.0607749,1.0110109,0.16610594,1.9996289,0.324057,0.07369248,0.110951185,0.23130445,0.1623828,1.0766053,0.7512638,0.5259899,0.043365847,0.41456586,0.8233343,0.78828084,0.003917653,0.18207398,0.26646996,0.19179487,0.012779109,0.7011936,0.67311525,0.59647924,3.213712,0.5428345,0.81886315,0.5608152,0.7689462,0.29944876,0.0034795273,0.15654999,0.38721007,0.63783437,0.28363946,all_pothole_images\pothole_images_enhanced_a935456a1e62344dc875c8217323c9ea.jpg
0.42115885,1.7869128,0.9824695,0.54202974,0.43937153,0.5369217,0.18670012,0.13670559,0.23530066,2.1141837,0.59651285,0.46501625,0.10555821,1.105404,0.11486521,0.07065806,1.4507835,0.10786536,0.13291842,0.19094793,0.60766906,2.2837794,0.038887966,0.44228324,0.5116185,0.9403649,1.0310676,3.6453402,0.53622955,0.06790104,0.0,0.80059355,2.479158,0.95313317,0.12373461,0.26079962,0.6918088,0.7623428,0.09881069,0.2515774,0.6768314,1.1433512,0.12701078,0.7704976,0.36272228,0.50197226,0.34127432,0.5401938,0.6067484,0.48429573,0.44978094,0.09350702,0.42335173,0.27994695,0.13901517,0.8637231,1.4704835,0.2850999,0.47019973,1.1279888,0.7819616,0.37258244,1.2042763,0.5327405,1.0545653,0.33354414,0.18192023,0.65384907,0.2825345,0.42505068,0.19580506,0.08711326,0.71018887,0.06470197,0.58148885,1.2124897,0.24240535,0.91656935,0.5706409,0.0,0.577487,0.5135885,0.08266692,1.6821413,0.30069527,0.29919082,1.0399876,0.32748336,1.7406658,0.19128472,0.022027794,0.37946397,0.651248,1.32818,0.11453263,0.65672207,0.7324225,1.2340876,1.1485558,1.4049684,0.22775805,2.4621165,0.19424301,0.14976157,0.0115974,0.057310317,0.20775004,0.047287934,0.3616131,0.3433832,0.5746533,0.54264754,0.02484843,0.28936854,0.25878048,0.7399269,1.3977815,0.6851701,0.14004652,1.3764884,1.6583786,0.19909047,1.8787574,1.9560868,0.25144774,0.9679469,0.45383054,1.7167193,1.7481844,1.1221721,1.0582464,0.72656715,0.14547014,0.8726607,0.9419197,0.06962983,0.23523486,0.5211573,1.1000429,0.8047135,1.100771,0.16303034,0.47275496,0.41218224,0.25202405,1.1654803,0.12444722,0.28432888,0.5970646,0.37606716,0.81725645,0.88462985,0.024030188,0.15622373,0.58393264,0.14333473,0.65592396,0.34741405,0.36725503,0.38497478,1.7159803,0.7964343,0.13592827,2.8988597,0.31683144,0.21215421,0.6779035,1.4420252,0.989217,0.36280364,0.8198326,0.057960063,0.266428,0.41921997,1.0131522,0.17931089,1.5495089,0.017078998,0.1463479,0.60759306,0.12524655,1.3668617,1.5513963,0.77237296,0.74482274,0.64438176,0.33481959,0.68291676,0.27623454,0.149803,0.09077401,0.06371527,0.1020982,1.7041249,0.17266311,0.42543197,0.36133468,0.05659728,0.06846939,0.26651388,0.19561324,0.74277276,1.068372,0.02473244,1.2324108,0.9767076,0.6933526,0.7111265,0.58833677,0.3157466,0.17203034,0.710358,0.63487494,0.8033465,0.833861,0.8487144,0.11231255,0.2802155,1.1807709,0.50719756,1.177418,0.21184948,0.09881933,0.44164968,0.0,0.07835887,0.730353,0.20091166,1.854513,0.36645445,0.0291586,0.38439256,0.1934437,0.5112463,0.50301474,1.3831798,1.0577867,0.058749445,0.08362515,0.0023816081,0.41368958,0.14599714,1.6038322,0.041780617,0.028880058,0.006080099,0.15974976,0.07826365,0.48350978,2.530726,0.81395006,0.21216883,0.2447695,1.8573349,0.029773664,0.5019249,0.44631085,0.05065467,0.82388836,1.3990111,0.21132147,0.84510916,0.8719163,0.3090883,0.7577692,0.2027257,0.23546404,0.811034,1.7291515,1.1064082,0.17863461,0.32603613,0.23908876,0.2400417,0.39996985,0.14288719,0.7320295,2.3048081,1.4299145,0.7270084,0.42776275,0.071380325,0.35269248,1.6179653,0.6748417,0.10504767,1.0381281,0.2597047,1.1754254,0.52447504,0.40785682,0.18416673,0.30443725,0.2263022,0.3289729,0.06198011,0.35894066,0.21750392,0.7044046,1.3052081,0.024559636,0.874658,0.36121723,1.2505467,4.397418,0.10394342,0.06595518,0.61650133,0.24382026,0.2807404,0.3938046,0.5667137,2.393854,0.3544055,0.051835354,0.22660968,0.040217098,0.52280974,1.2763069,1.1104081,0.023099393,0.35037857,0.15612428,0.7160599,0.9700616,1.2861544,1.8751984,0.9189257,0.8927528,1.6613413,1.725113,0.3196532,0.25554013,0.805829,1.0142089,0.11610207,1.5059272,0.85646516,0.45929196,0.13281675,0.62982345,0.097505994,1.0772179,0.03507872,1.0390571,0.04529611,0.37826702,1.0568491,1.5893128,0.8263888,0.47031727,0.3840588,0.0,0.3423294,0.096056335,0.25517964,0.6852618,0.20154135,0.43032268,0.21401338,0.11855613,0.038988505,0.473272,0.62543416,0.010450348,0.47576848,1.0805173,1.2381227,0.039868884,0.5596123,1.132748,0.20949335,0.65732366,0.1164505,0.60707045,0.14302218,0.096613996,0.0058859116,0.2057512,0.48523667,0.15341735,0.00407362,0.8639664,0.8645177,1.7756028,0.10747294,0.9122631,1.3598889,0.07576823,1.417645,1.1583511,0.18570928,0.42883083,0.8200579,0.07112519,0.09666136,0.16931288,1.067705,0.033121046,0.608699,1.8083382,0.8507296,0.4978591,1.7406557,0.070269056,0.751074,0.70428795,0.07249136,1.1738325,0.38855112,0.35093886,1.4580826,0.1142329,0.94235766,0.20279032,0.18219905,0.38699442,0.38731274,0.29788083,0.107715204,1.5516022,0.6057834,0.38712958,0.2159365,1.3279537,0.17838633,0.18301374,1.8383486,0.52386206,0.33637115,0.7113086,0.14466956,0.20889227,0.6309954,0.36994946,1.9382749,1.1511022,0.5557093,0.38485354,0.15753672,0.2963185,0.23322675,0.20253906,0.6551166,0.11605365,1.1757693,1.3055472,0.22572352,0.19962661,0.12727462,1.0692537,1.0482123,0.45720017,0.09571409,0.36237288,0.2789442,0.17423534,0.25237772,0.89077234,0.043586493,1.628957,1.1084765,0.4777509,1.4106201,0.9839631,0.18623228,0.6455233,0.8720427,0.9654443,1.2690698,0.25103107,0.35985786,0.3982904,0.5692828,0.070759915,0.488396,0.039884448,0.72573596,0.5299068,0.7784013,0.13150308,1.241754,0.17555548,0.32919565,0.0,0.057373278,0.36788905,0.0015858022,0.09540994,0.15276511,0.65613455,0.7507322,0.27727404,0.749463,0.36592856,0.17793036,0.045673154,0.44853187,0.31718388,0.0014703255,0.7521854,1.3900751,0.15525699,2.6664824,0.3353506,0.5811483,0.16359591,1.2757076,0.03880282,0.54049754,1.081078,0.0021695509,all_pothole_images\pothole_images_enhanced_a948881b757cfb3ba0b3f4cf39fada8c.jpg
0.056409173,1.3758199,0.025273586,2.1640723,0.4987156,0.09536576,0.0,0.029965324,0.1476855,0.7092654,0.021639897,0.22077034,0.0,2.0110967,0.020408703,0.04102157,0.25780767,1.0577942,0.09978975,0.12073751,0.056160215,0.4223009,0.016444352,0.22967385,0.26494607,0.70741653,0.9370265,1.8383465,0.50567067,0.19425423,0.9876931,0.08032789,0.28518555,0.2313357,0.35111025,0.7226954,0.3830656,1.0989484,0.36849368,0.00523463,0.048707284,0.39791673,0.31950748,4.7391334,0.7634184,0.10203498,0.047979977,0.08735019,0.8293871,0.35064143,0.10774764,0.31018493,0.24606965,0.0038188135,0.0,0.4737136,2.5486498,0.25226784,0.00059465604,0.013896037,0.16162759,0.023421502,1.1037029,0.13461798,0.20392585,0.27054363,0.2608819,0.049699724,0.057133213,0.26660898,0.16581033,0.26307124,0.0065684696,0.12560907,0.447626,0.008878956,0.015479533,1.4382081,0.0,0.07445208,0.0018032433,0.15898967,0.45903248,1.5840935,0.03952431,0.0023761664,0.25607234,0.069771364,1.8874433,0.2668525,0.027380913,0.13917942,0.074194126,0.015529987,0.13329366,0.0058059557,0.41695443,1.1188545,1.128355,0.16046026,0.35024223,1.0516622,0.6097309,0.017130382,1.022757,0.31799904,0.5571913,0.057643004,0.41781622,0.029394893,0.0008098223,0.07001695,0.10646004,0.020801956,0.89028525,0.31523874,0.74368554,0.04410084,0.5596823,0.408291,2.637478,0.038912114,0.02369006,0.28427204,0.33525738,0.5371808,0.19844857,0.081026345,1.8826027,0.0010777885,0.026724128,0.0128371725,0.14992988,0.024636501,0.32056418,0.025311898,0.001150675,0.38252452,0.7176828,0.028784849,0.22176504,0.010282433,1.204133,0.40295634,0.0,0.41249138,0.09375342,0.19724585,0.045102827,0.02729282,0.22968163,0.06254377,0.0045095766,0.7517434,1.007418,0.22895864,0.30821675,0.064570114,0.5932328,0.49742597,0.8391734,1.5327166,0.31240553,2.0198352,0.1698458,0.043202393,1.453822,0.19133584,0.21625914,1.3240792,0.028847344,0.09987356,0.1358433,0.15050611,0.06248592,0.047352824,0.16946183,0.33517113,0.4449855,0.045458812,0.0,0.68654287,1.8821383,0.23503153,0.8705963,1.5573997,0.45588356,0.6699699,0.15280081,0.05633721,0.013417959,0.4026501,0.6566117,0.7766071,0.3637071,0.0,0.86499226,0.008417876,0.34637827,0.0036738014,0.016916085,0.16337314,0.2398516,0.49215603,0.025509227,0.24549243,0.08425212,0.15988047,0.23264223,0.030704571,0.0021280353,0.049318556,0.7244406,0.01695343,1.3330445,0.6369836,0.003558216,0.31037608,0.052225325,0.35512045,1.5644792,0.23080759,0.0,0.008623629,0.0,0.091493815,0.34307685,0.15242742,0.8970625,0.6819176,0.093659475,0.0,0.3620118,0.19924577,0.08465085,0.07095292,3.5206454,0.07683171,0.15008834,0.4563307,0.19440372,0.31710675,0.107352264,0.7954131,0.17128661,0.011130389,0.63698,0.23521343,0.0954754,5.146308,0.1938351,0.0,0.0,0.78991467,0.0030533602,0.58101285,0.6407329,0.28681716,0.07330319,1.5801114,0.0,0.28178498,0.36661047,0.26572728,0.25890777,0.3721232,0.20394854,0.96086663,1.8059362,0.0,0.19188643,0.06598082,0.445327,0.0,0.6226893,0.5862099,0.005578039,0.25026956,0.036952827,0.06847755,2.9443226,0.11287099,1.1396403,0.41698793,0.0,0.3947379,1.2244747,0.010445793,0.57536244,0.06466349,0.12848085,0.11410099,0.0,0.9181339,0.22536977,0.18009786,0.006446597,0.58216816,0.18852282,1.3269858,0.7410741,0.58056617,0.028089289,0.036481403,9.373358,0.2928541,0.0050706402,0.01795778,0.0,1.0916845,0.07051427,0.5222434,1.2210342,0.31169564,0.7726065,0.41544917,0.0794308,1.172022,2.7862654,0.12192896,0.37686,0.6480241,0.15057042,0.1069391,0.049417496,0.19621235,1.6849132,0.0,0.12842,0.09706374,2.2323012,0.0,0.3702385,0.0006173454,0.31377596,0.0020625622,1.7088578,0.6122744,0.3450891,0.091506936,0.011356012,0.7930592,0.6548776,0.76125497,0.1232468,0.28930464,0.006846536,0.069034256,0.36534202,0.58466035,1.164919,0.5345392,0.24829116,0.38295522,0.5972987,0.09508744,0.0056052133,0.18696354,0.009612149,0.03416556,0.0,0.6350708,0.74366695,0.14025274,0.19333217,0.048669815,0.92369527,0.6072564,0.050676696,0.34142673,0.25106236,0.0051342254,0.26944268,0.01530909,0.35464752,0.20716979,0.28272876,0.00505805,0.13974093,0.3862703,0.2905806,0.032826386,0.07682878,0.4116911,2.480083,0.039772533,0.8047737,0.014824146,0.01190033,0.0,0.9297793,0.35951513,0.6704529,0.19397807,0.17140216,0.07572564,0.7049465,0.7431054,0.17184849,0.015066127,0.5857443,1.2151052,0.78898215,0.04488426,0.2215364,0.54927087,0.4527522,1.221423,0.106310084,0.18079348,0.07954225,0.5269737,0.022797117,0.09348175,0.0025151991,0.12036105,0.2339172,0.8692412,0.018369539,0.026626762,1.3540812,0.009222972,0.56022656,1.2422655,1.3349855,0.4370041,1.3937973,0.051546942,0.0,0.28807425,0.24860032,0.046831403,0.12375903,0.29675224,0.16128477,1.1397122,0.11532053,0.29265812,0.05437047,0.2752199,0.22954687,0.25409895,0.17595188,0.19627158,0.02936388,0.073722295,0.7014575,0.6266158,0.5181425,0.8865876,4.6899686,0.121298045,0.016273348,0.065304026,0.07565022,0.39909697,5.5954162e-05,0.089784734,0.22294773,0.5507751,1.9942104,0.0,1.0407152,0.0,0.36979526,0.0,0.019345047,0.0,0.05057801,0.6167476,0.18194593,0.14779441,0.017560115,0.56394994,0.347875,0.035699353,0.21880327,1.297666,0.31738454,0.031842202,0.0014370257,0.79726905,1.6141378,0.0,0.26557896,0.00024270674,0.17442235,0.06491181,0.6721105,0.0,0.06333752,0.26111963,0.0,0.61389273,0.022048919,0.008137681,0.02541215,0.4126225,0.15861486,0.0681525,0.29377848,3.4884775,0.06000464,0.13102946,0.5190318,1.6963142,0.7178745,0.0066334773,0.0,0.13404039,0.27695724,0.13694994,all_pothole_images\pothole_images_enhanced_aa05e29ef9faeb6f9e6fc68b9e757e84.jpg
0.7407438,2.9066343,2.4443655,1.5542414,0.262324,0.06840811,0.3473608,0.4387126,0.17642403,0.30384445,1.3122665,0.4951449,0.38927847,2.4060407,0.28295964,0.47662482,0.872078,0.256676,1.3811427,0.53894293,0.45461202,1.0742242,0.33012947,2.6063914,1.3060908,0.43069932,0.21482094,1.4769578,0.40022558,0.18052669,1.6907127,0.2490141,0.07255552,0.17487568,1.1962302,1.0800554,1.4403186,2.5740707,0.7208309,0.7050665,0.3934141,0.007317408,0.36007732,1.9860085,0.4960243,0.42722973,0.07083775,0.32960385,0.6751982,0.7589318,0.3473384,1.2866756,1.1399416,0.05772909,0.43472958,0.40315533,0.5415657,0.22674346,0.20066617,0.0932746,0.4402191,0.35186416,0.1345959,2.1169577e-05,0.11201856,1.4454467,0.28265786,0.38113225,0.68864316,0.19915417,0.541129,0.301261,1.3736578,0.6072186,0.9761526,1.1666951,0.37627277,1.321199,0.308583,0.4953482,0.61866146,0.104013726,0.076292194,1.0347073,0.7680913,0.44972813,0.23600197,0.47528854,3.5202255,0.27714312,0.24418803,0.006036477,0.14159396,0.25658584,0.49318817,0.35229632,0.9356271,2.2794209,0.52829766,0.018554999,0.10993418,0.6390406,0.317961,1.2616404,0.5929728,0.8373536,0.58782434,0.2877426,0.2961182,0.63751155,0.16414575,1.6994425,0.30726126,1.1250416,1.3545762,0.20335789,1.2195657,0.2876859,1.2787908,0.5737289,2.2503514,0.068475105,0.24649833,1.7863339,1.0367926,1.3072889,0.81622297,0.18587431,0.25301418,1.175247,0.60519713,0.034256317,0.43943405,0.14546806,1.2723577,0.29246184,0.07586204,0.48717943,0.4560567,0.46857098,0.52049434,0.59109086,0.6151335,0.33125293,0.2611941,0.42085722,0.119500004,0.35539034,0.18825234,1.026667,0.5127926,1.2310277,0.12697297,0.14348389,1.0933018,0.028144943,0.04155034,0.27375588,0.05740598,0.37502593,2.068527,1.1296104,0.44715467,1.1312963,0.0012105439,0.3222649,0.6790421,0.08941875,0.46718878,3.3276298,0.46796086,0.03951214,0.59309286,0.42277035,1.5621073,0.117052235,1.1297654,0.30881855,0.0,1.0597299,0.0,1.7942688,1.8621066,1.7497498,1.0868919,1.8698574,0.42807642,0.16151094,1.3131576,1.010883,0.34069708,0.6830954,0.6401307,1.0950558,0.24357428,0.34539217,0.5766114,0.96511966,0.1923224,0.9064565,0.011210497,1.4631248,0.20788565,0.3912158,0.72059005,0.8401841,0.69486445,0.28374216,0.0714113,0.0,0.4219906,0.63925487,0.64322597,0.9289208,1.3720642,0.30187583,0.11698114,0.5854011,1.2666653,0.0019845648,0.89608926,0.24746533,0.58888686,1.1681182,0.00515948,0.09324576,1.0019399,0.8561471,0.40326774,1.3415163,0.24104398,0.3321624,0.719043,1.2552783,0.281228,1.5298698,1.0641502,0.58612025,0.28128928,0.08762253,0.65645355,0.58955675,0.79659116,0.42540225,0.19879559,0.70583797,0.7833484,0.052419845,0.39657918,2.6123276,0.39686346,0.079061195,0.18123509,0.3411228,0.7001508,0.0,0.7336744,0.34933698,0.7384455,0.8068555,0.5298858,0.10741711,1.4070939,0.19654308,0.74785423,1.03468,1.3679054,0.42499453,2.1176858,0.26629484,0.12652773,0.014216572,0.44902351,1.3520015,0.37431544,3.601525,1.0936737,0.544089,0.4436194,0.8534091,0.12273383,0.27024522,1.8005698,0.44905487,1.2325928,0.49432346,1.0513735,1.0363203,0.32931232,0.0352281,0.47485408,0.51385856,0.0030227248,0.28174984,1.0873331,0.5029086,0.60494804,0.045655083,0.8776134,2.146063,0.71219105,2.0268126,0.1344923,0.83791476,3.703657,0.019953009,0.14907715,0.62274307,0.86742026,0.17452368,0.094145276,0.2700609,4.7619987,0.8571764,0.0,1.3311574,0.35011482,0.20270745,1.6078309,0.41725063,0.78089684,0.20935498,0.5476473,0.021240022,0.1747496,1.4799184,0.5229374,0.108487494,0.9166215,0.6887794,3.3451805,0.34206823,0.21363573,0.035786744,0.45131075,0.38873214,1.445953,1.4044797,1.5733639,0.030561605,0.7738715,0.24731846,0.97787374,0.6710994,1.4821494,0.5698153,0.37808967,0.03907051,0.08720705,0.87399304,0.09947937,0.528817,0.009628431,0.49552402,0.08571835,0.08927282,0.14151497,0.6555287,0.14650483,0.6730861,0.43872902,0.11329353,0.5066738,1.0056849,0.052991953,1.0233018,1.3493521,0.033229582,0.008643792,1.1089766,1.7636338,1.1522279,0.16977707,0.56437814,0.04986361,0.2660603,0.2284181,1.1204892,0.10235621,0.4579071,0.23812136,0.5504348,1.3189732,1.6086254,2.9369175,0.82700276,0.5232122,0.85427725,0.41025978,3.035237,2.6672468,1.2454398,0.7468255,0.06737356,0.29485717,0.738119,0.6230341,0.99584943,0.20926172,0.017674942,1.538236,1.2147702,0.88436896,1.2953496,0.34975496,0.17027742,0.4030551,1.6093777,0.9005031,0.20650129,0.43862045,0.594177,0.7479599,0.88361573,0.0,0.058323383,0.08698623,0.042391878,0.061363697,0.25903103,0.94061565,0.22759542,0.9792921,1.4087342,1.1450279,0.027060892,0.6910591,1.239239,0.0898004,0.4254009,0.59560966,0.009382527,0.61168844,0.7624383,1.5874356,4.618645,1.1042398,0.7742035,0.7253289,0.075270005,0.5263013,0.93090373,0.22771206,0.5830378,0.056380376,0.0,1.6765398,0.80949557,0.8317219,1.7142845,4.393765,1.0082891,2.6749027,0.59117264,0.52828395,1.0916374,1.349926,0.25688627,0.21663122,1.0364969,1.4405941,0.014989781,0.58671546,0.23660521,0.489759,1.3808538,0.62767416,0.02199321,0.8851779,0.36292166,1.2066196,0.26959634,0.086396255,0.48961964,0.32473513,0.4249579,0.49337068,0.986069,1.6578674,0.08805631,0.7606618,1.7410673,0.39772645,0.48333693,0.037041813,1.1323287,0.549307,0.49361232,0.4258335,0.025048973,1.0506864,2.3825517,0.025636585,0.1792667,0.006659193,0.07825326,0.0020269493,0.076466985,0.2538419,0.23600675,0.17182788,3.3667686,0.9941417,0.8859934,0.25977552,0.57907456,0.61160064,0.19688976,0.63921475,0.13487186,0.0,0.29549232,all_pothole_images\pothole_images_enhanced_aa1edeaeeed1ae76d7286667a477d5a2.jpg
2.937366,0.9784711,1.1260661,0.34476954,0.87628543,1.5313601,1.3428808,0.56671304,0.24850751,1.5642716,0.08412877,0.46900946,1.1875988,0.10512492,0.46802154,0.054242346,0.6660882,0.25883964,0.5275758,0.31828538,1.0926636,1.4823486,0.6778774,1.6867934,0.4680928,0.017478544,0.07812962,0.14092724,0.003148568,1.4312558,1.0131413,0.01558345,0.7785129,0.29909176,0.5282243,0.8201286,1.5524985,0.28252798,2.0868554,0.20413682,0.06174596,0.11171056,0.06251001,1.5844306,1.2397208,0.23902455,0.8786957,0.14332546,0.90749526,1.3761694,1.6173884,2.0823834,2.6520355,0.0481889,0.584047,1.5816407,1.4692968,0.91813904,0.78988034,1.1099834,0.10392533,0.16970354,0.074534126,0.48057953,0.21712627,1.7094857,0.22409096,0.003973755,0.3264497,0.65205383,0.06506422,1.0441202,0.715546,0.18898796,1.126716,1.0587102,0.39794543,0.7946379,0.028063983,0.3024363,0.14349072,1.3494236,0.3666476,1.3518661,0.8176099,0.1024749,0.7085321,0.6941673,1.9369287,0.52280295,0.58850384,0.91779375,1.1216938,0.32183024,0.7589799,0.16691267,1.3483739,0.33727467,0.16953976,0.027844166,0.08468311,1.381836,0.13276331,0.11307231,1.346125,1.8975085,0.16478351,1.0892432,0.021828631,0.7040708,1.2928766,2.2994533,2.045161,0.25234443,0.31057534,0.84736836,2.5593271,0.2952533,0.27949768,0.81539315,1.0952653,1.0745121,1.3150117,0.56102544,1.4269801,1.2119598,1.8379021,1.7419893,2.9175832,0.26336676,0.123785414,0.017607808,0.01397706,0.5461616,0.24664946,0.77008337,0.36667812,0.5362715,0.9461696,0.5227504,1.3848584,1.0514305,0.15345582,0.6863254,0.3145762,0.60001475,0.61533636,0.55836487,0.45379105,0.89339894,0.99608237,0.17075011,0.014332634,0.51387817,1.3613576,0.6368924,1.6116809,0.20998996,0.6009865,1.3558044,2.1055536,0.8184074,0.06635645,3.3106048,0.660378,0.12963139,1.4478902,0.18879777,1.2843635,0.30460504,0.9227672,0.005053852,0.024779724,0.33731923,1.0746788,0.044017844,0.7898432,0.0026937397,0.13963097,0.5313764,0.07761554,1.8456137,2.3294613,1.8495814,3.1396961,0.49293026,0.46697506,1.2880183,1.09695,0.7690074,0.307703,0.6543692,0.12019181,1.8018103,0.039830465,0.496957,0.34458262,1.1276246,0.79026437,1.1568961,0.055952653,0.7518173,0.83676517,0.09958138,1.236864,0.59404814,0.3904401,0.08763779,0.15191872,0.3834884,0.031666808,0.37730715,0.46936315,0.6410312,1.4138249,1.1223848,0.98560005,0.526733,0.10480638,0.5044493,0.4755839,0.89980304,0.3343796,2.2405317,0.0008750892,0.5654991,0.5277153,0.0,0.32892227,0.0,0.49853936,0.05797771,0.018499168,0.18898088,0.93080527,0.006213601,1.451578,0.06609921,0.18961458,0.04201891,0.10558168,0.50909483,0.8413169,0.36191812,0.34205627,0.6232784,0.44004202,0.6143511,3.8019154,2.0226288,0.033202775,0.0448031,2.6223137,0.25996765,0.57000893,0.39149398,1.0251461,0.9740309,0.1642867,0.65793216,0.037238523,1.0665175,0.91943055,0.28682104,0.5211896,2.0206757,0.1321528,0.98009044,0.9258647,0.9386727,0.6894728,0.10906624,0.19411227,1.0986457,0.5333716,2.2970383,1.6938965,0.91824883,0.96319747,0.4645845,1.1613787,0.2800654,0.4085933,0.07485311,1.0474871,0.6403526,0.39325738,0.43582457,1.0917709,0.23811556,1.7305436,0.011710123,0.3769128,3.4639242,0.37483647,0.027701441,0.893808,0.6925619,0.11376296,1.6127199,0.9099461,0.31573135,0.15365383,0.2904858,2.9922714,0.031097567,0.18677485,0.23510948,0.23558083,0.30070168,0.64418423,1.774592,2.0868504,2.7434115,0.37846857,0.20755687,0.03788381,0.4434068,1.017432,0.40689856,1.2077074,0.51139456,0.013860409,1.3955851,0.23478784,0.30905646,1.5399842,0.1073658,1.0481944,0.5622333,3.608553,0.35236746,0.41038054,0.092330776,0.3643524,0.93565905,0.5253654,0.07277032,0.3068328,0.6165039,0.9905903,1.7090014,0.7115342,0.54724115,1.2505984,1.2982225,0.007815024,0.14967474,0.14211649,0.755816,0.06956607,1.1735939,0.9055594,0.77118784,0.38923517,0.16170485,0.8299023,1.3765371,0.5414777,0.5048263,0.27217194,0.052254044,2.7608275,0.98975223,0.1247057,1.7967678,1.3056064,0.4477769,0.7701585,1.2359337,0.9197103,1.4516891,0.41418356,0.334154,2.3212352,1.0796458,0.7400992,0.10424466,1.0881728,1.2190816,0.07389281,0.3050942,0.74844027,1.1085988,0.29595095,1.9282665,0.8624493,0.5629242,0.06373688,1.0185853,0.39018294,2.0636132,1.2278309,0.20721653,0.19668683,0.114219874,1.0116614,0.862761,0.67758876,0.49255934,2.665093,1.3038925,0.44797203,0.3411931,0.65467256,0.029558502,1.2405118,0.27353752,0.025689397,0.7612359,0.49362615,1.6211245,1.2239169,0.22776091,0.8638535,0.32488078,1.1854559,0.5459358,0.6406442,0.14922895,0.3491128,1.5130671,0.8273703,1.8451881,2.4865367,1.2151837,0.84170437,1.7651141,0.3213506,0.36140192,0.44887695,0.9305283,1.2862588,0.9812097,0.62300926,3.624032,1.9314746,0.27655557,1.6203344,1.1090637,0.066653125,0.19000429,0.03285802,0.98398364,0.10792372,0.37708607,0.9017546,0.89624393,0.17141551,0.7613338,1.6928904,0.2321944,1.1172798,1.1642169,1.3097113,0.90128654,0.048606336,1.0152594,0.064459264,2.17616,2.0608683,0.32378858,2.3217027,0.45927316,0.44490904,0.50580144,0.96419525,0.4763005,1.780194,1.4574803,0.29443443,0.9084072,0.098501995,0.1094003,1.5472035,0.023958288,0.000119077,0.3515637,0.34869206,0.049833745,1.0940263,2.4012659,0.5467696,1.0300087,0.79865146,0.5055273,1.3448992,0.16435051,0.5557689,0.48892483,1.5508591,0.52034944,0.39239487,0.4372251,0.04932506,0.0,0.4457573,0.024335619,1.2020347,1.0518974,0.76761484,2.679241,0.5551215,0.9268032,1.4430127,1.4491578,0.41000292,0.8646787,0.8702793,0.7992488,0.64546245,0.24620539,all_pothole_images\pothole_images_enhanced_aa624ce9c01cad3575ea9ecdd6db1f3a.jpg
0.38118756,3.3801699,0.8937582,1.0496569,1.1305101,0.29613507,0.9436061,1.4626836,0.1374064,1.6238087,0.13086379,0.4487289,0.086422175,1.4679525,0.13786745,0.6585997,1.4819264,0.3778231,0.5966754,0.38901228,0.24782749,2.6820545,0.6716497,1.8496101,0.5418679,0.28144833,0.9184917,1.8156796,0.3967994,1.0658962,0.77440363,0.25198215,0.48085076,0.20566858,0.75246096,1.0160342,0.6888561,1.8991354,0.18493775,2.4056025,0.15992235,0.27177897,1.307606,0.39322427,0.5517815,0.37727335,0.11770038,0.06805652,1.1386129,0.2896225,0.7533697,0.88226646,1.0659375,0.61383486,0.2069163,1.0689906,1.9666187,0.14026631,1.2328478,0.682699,0.018990703,0.6552317,0.9189452,0.25741708,0.0128498925,2.786069,1.3845395,0.45266706,1.4801869,0.9916161,0.019246101,0.15723383,0.33696485,0.29892302,0.81992775,0.9262633,0.4143542,0.44828913,0.18030201,0.5470712,0.21388756,0.25349966,1.0041109,1.6695476,0.96389693,0.00062169455,1.1281875,1.3886796,3.884522,1.1318076,0.08201386,0.5623286,0.28817952,0.5219421,1.0352793,0.6063136,0.45595652,2.9034977,1.4052465,0.23044498,0.0056281374,1.4783789,0.37230942,0.20610332,0.7015798,1.1200415,0.24949396,0.45998028,0.6691633,0.101051055,1.0970693,2.9135244,0.6514365,0.71508676,1.0284877,1.0610147,0.8403776,0.060376972,1.119147,1.2427391,1.7332178,1.1479336,0.7741756,2.1343331,0.28957862,0.6634056,0.04473494,1.2347806,0.25310442,1.0282692,0.7244932,0.4932278,0.6573217,0.6693609,1.8363028,0.8376008,0.3354316,1.3244679,0.15475725,0.108846046,0.3453805,0.4623337,1.0982833,1.6145973,0.4741942,0.6122213,0.366372,0.049513835,0.6307837,0.7266009,1.3550242,0.17632605,0.21093781,0.47329217,4.2291636,0.0,0.2934047,0.036792938,0.4928447,0.3525288,2.6945956,0.14361316,0.12398304,3.9265366,0.05791096,0.28126848,1.4354519,0.48725894,0.9212982,0.20932394,0.9523927,0.10486616,1.623258,0.33188915,3.326891,1.3809764,0.21442384,0.6117081,0.12704286,0.74692166,0.38295102,2.372553,1.1845741,1.4310875,0.8651752,0.9088122,0.21349464,0.28170824,0.07830831,1.9757092,0.8534145,0.9369597,0.69131595,2.1131585,0.94492745,0.0,0.27613685,0.55783755,8.5995474e-05,3.3894196,0.002105419,0.71380144,0.4236286,1.134301,0.2889481,1.8699659,0.052688163,0.5516798,0.4248738,0.20075394,0.040883083,0.24487516,1.9410266,2.1955783,1.368387,0.5172662,0.5833057,0.40561923,1.6399827,0.7509936,0.47967172,0.14448433,0.36493096,1.5306596,0.024048999,0.044568084,3.0234838,0.24559532,0.70476276,0.28739482,1.2568619,0.036523115,0.48142472,0.022853876,0.4636233,0.148044,0.8991923,0.49643993,0.044065546,0.12428775,0.48767236,0.08659567,0.81209373,0.76633507,0.1480856,0.23097476,0.24396476,0.008593338,1.8287287,1.9861085,2.1894057,0.16867034,0.11366992,0.25019345,0.10927566,0.6398257,1.3324713,0.35396945,1.8885002,0.2891311,0.71115184,0.43773288,1.2372824,0.17114665,0.04036569,0.88337433,0.5761449,1.0344967,0.18873608,0.6363436,0.32996985,0.10486802,0.14557362,0.8086457,1.8567212,1.0850222,0.69013554,0.8317088,0.4780148,0.65195817,0.053349864,0.03695559,0.6808573,0.2823864,3.1112232,0.31800652,1.4210376,0.3558814,0.40399784,0.06795619,0.76915926,1.1171451,0.69142693,0.84120184,0.17414926,0.38953906,1.1181574,0.101081006,0.75223726,3.4664164,0.080860816,0.91771394,0.20757271,0.296587,1.1542556,0.29034588,0.08635255,0.63879275,1.5321965,0.23338637,0.8080676,1.5256307,3.3189921,1.6515127,0.197565,0.803966,0.88799316,2.1936638,1.5708355,0.67757374,0.4309081,0.3261889,0.09184285,0.10642649,0.4455222,2.0725732,0.7540788,0.06383512,1.0111854,0.72816885,1.0455434,1.0095074,0.22100851,0.27690816,0.319547,1.6775596,0.7310873,0.9167734,0.33882117,1.6954157,1.3676835,1.3812732,0.4439029,0.5001595,2.1925354,0.067686446,0.11936023,0.19025314,0.07722427,0.6065159,0.5650524,0.71739686,0.67181176,1.6162872,0.4146881,0.9728143,0.03271338,0.57291585,1.4962982,0.6481459,0.55277467,0.33788407,1.1435971,0.9514298,0.17898756,0.85647833,0.6290241,0.85516053,0.5335074,0.58342767,0.30935645,1.385897,0.17446817,0.42826524,0.5663716,0.7328212,0.09132862,0.3467724,0.04646236,2.1126935,0.042020056,1.0803828,1.1103532,0.1451539,1.5039012,0.89542353,0.7318894,1.1566582,0.86031544,2.0470128,1.5200777,0.21086076,0.5901784,0.58251846,0.2031264,0.4733912,0.97450674,0.69073623,0.9043445,0.15983674,0.2297362,0.48735687,0.10424609,0.6437112,0.2390315,0.02718127,0.84711033,0.86894226,0.77396697,0.59462637,0.91768366,0.53437126,0.547775,0.10184184,0.28374845,0.13505508,1.5498875,0.7375993,0.45030156,0.0,1.143981,0.25838348,2.2960963,2.4295948,3.047811,0.87388253,1.256159,1.8012993,0.27211806,0.24800564,0.2504154,0.09852964,0.4111437,0.24634784,0.14509584,3.8741193,0.8129811,0.109478295,0.69530237,0.4094502,0.93594384,0.32620013,0.2717319,0.4002435,0.24923274,0.22669865,2.0226135,1.2706435,1.2048477,2.4781244,1.0480363,0.4088021,1.3591917,0.31515467,0.66052103,2.0724785,0.8352814,0.6603331,0.3128674,1.2992371,0.45502308,0.15831478,0.005761355,0.30267116,0.27254623,2.6723583,0.4823872,0.2581577,0.7817711,0.46028233,1.1726863,0.14196122,0.30564296,0.31700212,0.9746496,0.31453824,0.14706798,0.6689364,0.68788505,2.2378106,4.696535,1.9452171,0.43979216,1.5248647,0.02194471,0.14262009,1.448276,0.35829037,0.7911072,0.06506117,0.36946034,1.5981034,0.5545567,0.009394878,0.12880564,0.32776847,0.56083095,0.49275264,0.26244876,0.046475507,0.59380144,2.8858318,0.7314878,1.2026125,0.90870446,0.21733189,0.0,1.332749,0.45491937,1.4706413,0.26243198,0.6413596,all_pothole_images\pothole_images_enhanced_aa7e48bec88cb48c3437169a4ca4ef7c.jpg
1.1243085,0.32046023,0.008647326,1.9433743,0.7531292,0.024438508,0.07517307,0.18473035,0.018995356,0.20278333,0.012547554,1.1283954,0.5331882,0.30838713,0.07022125,0.049225207,0.012158549,0.31640384,0.31207624,0.33061284,1.0252944,1.7653846,0.11290414,0.11824322,2.1870778,0.25190148,0.51665246,2.8387413,0.010329772,0.3274589,1.0415732,0.3551522,0.27134806,0.23766907,1.3642646,0.86407095,0.35783437,2.3843536,0.2649053,0.9186887,0.0,0.0024702474,0.23539692,1.7101243,0.029497663,0.53075814,0.025479833,0.028061088,0.39374962,1.5666399,0.407167,1.7235062,0.2082062,0.04556338,0.17039046,1.5486538,1.2981558,0.15168892,0.44404984,0.17458445,0.28155413,0.06333368,0.49396357,0.1455684,1.9275582,2.2735565,0.03455095,0.31793764,0.8600399,0.1522868,1.2532676,0.30189198,0.24896984,1.0007343,0.13217188,0.060370974,0.1722894,0.17583504,0.0074149896,0.09005357,0.56991535,0.029477492,0.0,1.2775608,0.29920605,0.33391085,0.36990923,0.12566313,1.7593127,0.26577863,0.5177749,0.3954379,0.10526131,0.0011684294,0.0005157906,0.0034025356,1.2810704,0.36880013,0.56575555,0.19085969,0.16383342,1.5632793,0.7169881,0.26107123,0.15444992,0.17548774,0.5439574,0.66422397,0.19822317,0.35349834,0.013361835,0.7431431,1.1702552,0.07197984,0.6921617,0.30906314,1.9783144,0.079303175,0.61341155,1.5448498,3.7406924,0.099667355,0.108637884,1.4948089,1.0806669,0.6686854,0.48878074,0.9805894,1.058443,0.33432177,0.40369672,0.0,0.7096799,0.17677754,0.12502116,0.6846162,0.20570025,1.4827089,0.463865,0.0,0.5293992,0.20583892,0.0044959066,0.684884,0.4616697,1.208714,0.087518655,0.09222381,0.046382863,0.3548607,0.39874718,0.5149292,0.009485938,0.008969287,0.19132937,0.36264107,0.808074,0.04402943,0.43446544,0.63447374,1.8170013,0.64069426,0.037119657,3.369208,0.0,0.5914277,0.09002636,0.10293749,0.7069822,0.31653228,0.13995387,0.17903988,0.60680425,0.78006095,0.14823106,0.0,0.0,0.0009996868,0.4346656,0.12627402,0.041142844,1.2133884,2.8430421,0.58586395,2.4290104,0.01860285,0.020550968,0.13382877,1.0581133,0.07870035,0.020920103,0.5198945,0.13723993,1.6174948,0.031763274,1.005976,0.018055303,0.01880637,0.0055173854,0.6044572,0.18434948,1.0599353,1.0402844,1.4353348,1.6411234,0.6170937,0.029161517,0.69203556,0.19846801,0.087516494,0.018765435,0.0,0.14102255,0.10716204,1.7488852,0.7339489,0.5092071,0.038460825,0.82775736,0.015349323,0.5294404,1.2008604,0.42577666,0.06896637,0.21700975,1.0104191,1.5140326,0.18603103,0.6944995,0.43061224,0.24512674,0.22417293,0.62070847,0.57875377,0.0011629323,0.18732141,0.9209537,0.04436752,0.09415389,0.7159343,0.82104194,0.06906437,0.6143959,0.015383657,0.16132241,0.01865164,0.34614632,0.45458266,0.22911748,3.4041886,1.3949033,0.47527966,0.64461553,0.22862914,0.13305786,0.35014927,0.24211203,0.053345624,0.0023096928,1.167013,0.10700017,0.094878405,0.4516632,0.042926747,0.68858665,0.34732312,0.9144535,0.5888575,0.24824153,0.06291338,0.005808627,0.19214165,0.11206506,1.4957621,0.4518741,0.5540948,0.33661276,0.65520835,0.0,1.0380002,1.8112704,0.07692837,0.6493495,0.0,0.9433164,0.11856176,1.369311,0.31689832,1.4764544,0.72325844,0.049984295,0.07171086,0.27653033,0.56893957,0.05526788,0.07358042,0.067065716,1.0495193,0.15279476,0.66340876,0.4288931,2.1903548,0.05452657,0.22354507,4.550665,0.54771364,0.0,0.28860566,0.012095685,0.5434949,0.7956826,0.4125468,0.9032698,1.5822263,0.02839443,1.2442324,0.16940194,0.9633538,1.4633225,0.07308624,0.16503258,0.17381072,0.16816401,0.423574,0.82313395,1.1050081,0.62964654,0.11225455,0.63224894,0.0,1.8089348,0.2798681,0.27582172,0.01886905,0.09502208,0.21643178,0.6457116,0.888852,0.24593443,0.53268206,0.656383,0.29304588,0.9902641,0.567609,0.6785116,0.09961458,0.12920941,0.41922188,0.41012797,0.07542292,0.43356937,0.80517966,0.7894681,0.3162517,0.0,0.18510795,0.19617064,1.1624931,0.87107897,1.2711979,0.16227448,0.26527125,0.32942125,0.23119183,0.12221616,0.0,3.13919,0.26232174,0.0071281693,0.16991091,1.3043795,0.22240436,0.39837813,0.06543529,0.26765314,0.17147344,0.0074701216,0.014434895,0.2875037,0.8323218,0.56269145,0.029050885,0.6166142,0.094538756,3.7749898,2.1999872,1.4576375,0.07993817,0.2610248,1.170093,1.2692387,0.73788375,0.10574031,0.10165237,0.5649043,0.15404679,0.90121055,0.047889683,0.057526797,0.14997,4.033492,0.8424137,0.7632526,0.57515514,0.15905862,0.18215366,0.1689443,1.2742087,0.15274101,0.30564293,1.7488035,0.6395973,0.20523335,1.4813415,0.5669596,0.26009625,0.15201657,0.25250426,0.37229466,0.050731875,3.041331,0.95482534,2.1182544,1.3966299,2.113364,0.2501543,0.5023992,0.6329381,0.0,0.22019935,0.11802401,0.37493122,0.97479326,1.6302165,0.73739016,2.7443626,0.26153415,0.2647269,0.12197067,0.23564544,0.093476586,1.2638669,0.15095402,1.2088417,0.26211926,0.11493269,0.7733366,0.03942921,0.067877,0.44996145,0.6695015,0.24706085,0.3026747,0.4825609,0.6398937,0.007225851,0.5564728,0.22203206,0.9013382,0.75022405,1.4489423,0.10122046,0.5897527,0.051054206,0.12872402,0.19020826,0.31289914,0.004734957,0.069448516,0.29769304,0.63695985,0.4400648,0.13698988,0.48537558,0.4085814,0.031461053,0.8820038,0.84207433,0.47370934,0.0,0.03508384,4.2460365,0.066994295,0.0754787,0.0014644236,0.5590427,0.13796091,0.0058739963,0.23540828,0.052595556,0.05972222,0.113408454,0.077822715,0.050686993,0.08473911,0.30347782,0.04689668,0.067233,0.3525466,0.49002507,0.0011925339,3.8855584,0.33582795,0.025938507,0.8322675,0.033463933,0.05849856,0.31080273,0.013785478,0.19899495,1.1823659,0.5122632,all_pothole_images\pothole_images_enhanced_aa830efb71385dbd31e8ecb2dd76eace.jpg
0.8987086,0.8603271,0.3578842,1.8469111,0.66173536,0.0,1.1310068,0.056055468,0.13061982,1.3819815,0.39497378,0.30495092,0.16398418,0.55600995,0.0033274821,0.44620213,0.2551084,1.3014446,0.16879456,0.6829181,0.4515337,0.24473739,0.9174281,1.1009679,1.0993738,0.3692818,0.08117488,1.0808871,0.0,0.31938896,0.184699,0.028497549,0.18530059,0.5296255,0.062367048,0.5691502,0.47572166,0.34341538,0.7903576,0.1020997,0.006237781,0.3084373,0.25335723,0.8604618,0.12362653,0.028006874,0.38189486,0.5187425,0.10512209,0.1666774,0.0006175604,0.36945,0.07283062,0.01078517,0.9827807,0.712516,1.8452226,0.45319462,0.5690224,0.1812245,0.013413534,0.53154063,0.273167,0.161048,0.5945611,1.1814134,0.38680622,0.49608085,0.082303815,0.04135738,0.18817872,0.020772567,0.586329,0.018125318,0.1559411,0.043864522,0.0,0.41826847,0.00244685,0.016794259,0.09029905,0.84441173,0.27759287,0.9264678,0.5681605,0.0,0.07109496,0.015857516,1.1882156,0.35765776,0.1964652,0.27137706,0.06739855,0.07247374,0.10925206,0.012704126,1.1206533,0.7549415,0.25519252,0.05159026,0.3877518,2.7926707,0.18556944,0.5370397,1.0816975,0.7572568,0.16873166,0.28893927,0.04991096,1.2540967,0.09599379,0.96578985,0.93083715,1.5341117,0.3896969,0.3430978,0.18730608,0.29371503,1.5719268,0.37895155,0.99294037,0.56724393,0.2535044,1.1939592,0.57758254,0.63035786,0.41674995,0.7032542,0.41437787,0.16051993,0.6098687,0.14010008,0.0021640116,0.3716264,0.51514226,0.77817464,0.2187092,0.03793437,0.16676408,0.002972472,0.81181264,0.38743147,0.25515974,0.5815333,0.0,0.5326481,0.20379072,2.11907,0.052120004,0.20655523,0.55634505,0.26811895,0.26905587,0.10372575,1.3274959,0.9545609,0.3137927,0.12098964,0.75564444,0.39982674,2.4603536,1.3368353,0.076577194,0.55560744,0.720453,0.30678266,0.6546436,0.034658853,1.0239296,0.9320131,0.46902758,0.17816566,0.008360786,0.3045503,0.30210972,0.5274928,0.27681425,0.08257364,0.080832936,0.0,0.45080885,1.9276767,0.3034094,0.93371546,0.9246725,0.11104073,0.29992634,0.34682113,0.28954497,0.52648795,0.3756293,0.046700135,0.40695828,1.1709168,0.29887956,0.048562247,0.8602782,1.4177632,0.18507884,0.3070106,0.40993404,1.1402351,0.46634665,0.0071612634,0.204543,0.46229723,1.1126739,0.10352007,0.78198165,1.0951742,0.0,0.15585802,0.60349095,0.31799138,1.231668,1.2745728,0.54639065,0.022506444,0.74848866,0.0024297875,1.0929278,0.0012637675,0.5531184,0.4051774,0.0607408,0.0049263467,1.8217255,0.12350883,1.6357225,0.30973846,0.14394268,0.06048579,1.2140489,0.32112986,0.24126983,0.16424428,1.1557662,0.25526917,0.5784727,0.29673427,0.31975293,0.019354653,0.3237529,0.21723077,0.024065567,0.0006998644,0.41674048,0.15445589,0.48392072,4.0326385,0.32174557,0.33201426,0.02911978,0.4006237,0.17999652,0.4086434,0.15648247,0.37564903,0.32365504,2.229572,0.22685046,0.8923809,1.0247355,0.122386344,0.016500702,0.28195837,1.7715151,0.26235652,4.466399,0.14904942,0.56601745,0.003910024,0.67119753,0.26514852,0.037178915,0.8715042,0.13546841,0.15782861,0.6731313,0.90774107,0.12075486,0.31822562,0.52028805,0.07462601,0.031825867,0.7526452,0.5568339,0.113394834,1.6085088,0.20223913,0.19722855,0.0,0.15801328,1.2098224,0.23612134,0.7253731,0.5887665,0.11550854,0.024213385,1.670787,0.6748358,0.043827746,0.0,0.52655625,3.6012938,0.054214478,0.25849512,0.25752142,0.30952007,0.115368694,0.8677841,0.6141664,1.7797234,0.33581382,0.35386443,0.5042741,0.002641873,1.3826573,3.368162,0.47044072,1.3311768,0.072875485,0.4799009,0.1561259,0.13601527,0.3064813,0.100493215,0.1560446,0.1546184,0.42938423,0.79334944,0.019687096,0.59285074,0.14726184,0.0,0.018446008,2.503479,0.053031698,0.3357317,0.1355276,0.79153115,0.019057743,1.7742941,0.37007463,0.6515779,0.32192832,0.1499253,0.24441816,0.08820522,0.0,0.2906511,0.2747165,0.10497333,0.3236445,0.19990374,0.0033361365,0.25926706,0.81423914,0.23842633,0.7893138,0.39821205,0.3694082,0.3148696,0.66129047,0.023920735,0.057810023,0.7124492,0.0,1.0483567,0.8887319,1.102319,0.68574494,0.30561513,0.04742728,0.40564874,0.124243274,0.3603988,0.03280262,0.5666517,0.5583412,0.86111784,0.0,0.56573474,0.70491874,1.0459462,0.4557909,0.85799015,0.024018947,0.13145168,0.20505221,0.9996232,1.3777965,0.46935418,0.080026135,0.0,0.16454689,0.32569477,0.3299305,0.8022144,0.11876011,0.16126598,2.358111,1.1706896,0.5290729,0.861285,0.08988709,0.9923175,0.33856088,0.5241658,0.3193291,0.20880045,0.2754795,0.713046,0.05269303,0.3447953,0.53182673,0.7642165,0.40221468,1.1764243,0.016087692,0.27254206,1.0698364,0.4127922,1.5647718,0.7290676,0.78177017,0.6606005,0.46094668,0.12477417,0.8705617,0.49641418,0.26240653,0.18951963,0.1048284,0.8506549,1.7318594,0.20535934,0.7467797,0.22712836,0.16672784,0.290449,0.4022169,0.14179754,0.16991141,0.08828247,0.00089650234,0.18067506,0.37491393,0.20383485,0.4388188,2.4387302,0.17029685,1.6658981,0.36915097,0.13228439,0.23916481,0.76206285,0.117362946,0.24446845,0.33383724,1.8575388,0.1396272,0.5998157,0.07238656,0.5835118,0.11124817,0.021371914,0.016661791,0.19561005,0.45194235,1.0944859,0.30844674,0.0,0.6899635,0.77827656,0.07419227,0.42775345,0.6354225,0.20679335,0.3498224,0.34492117,1.0409985,2.1898513,0.77425116,0.22247314,0.4197201,0.508983,0.15538758,0.38758266,0.13778429,0.46511334,2.445041,0.04038252,0.009429948,0.0,0.23806813,0.49713796,0.08583855,0.0,0.090678275,0.8460603,3.2013493,0.15487453,0.76449955,0.10164536,1.3601122,1.2670552,0.69198227,0.30527204,0.5695368,0.18742214,0.10382148,all_pothole_images\pothole_images_enhanced_aa94a5b6347182f3fdb3d2a4a328d503.jpg
1.0424181,2.8909388,0.9545649,1.2279729,1.8160596,0.9490312,1.3446729,3.9259393,0.3470155,1.3767182,0.69929963,0.32316062,0.014616177,1.8757533,0.75295955,0.25503343,0.6377319,0.08548956,1.1613156,0.22407846,0.69835186,2.0902622,0.23811276,0.90283674,1.6439595,0.9229404,0.32332754,4.1223073,0.48379257,0.8332273,0.66218567,0.21209577,1.680957,0.18630336,0.594575,0.47463688,0.45909914,0.250676,0.5411524,5.4587326,0.046335667,0.11149331,0.6388078,0.5060294,0.20781092,0.29256552,0.056196578,0.14763042,0.65157914,1.2589697,0.71578646,0.08677358,0.381218,0.6386612,0.32867754,1.1496145,2.1373148,0.33931726,0.24422862,0.67224574,1.1898667,0.49324107,0.9153667,1.7326057,0.19230512,2.0208266,0.4508823,0.47235388,0.20625451,0.4017498,0.70144325,0.4958946,0.86061525,0.5328689,0.753301,2.0518634,0.4131198,1.5835481,0.063930064,0.60782504,0.715994,1.0703639,0.05527911,2.0150867,0.96922976,1.4188024,0.3329437,0.10125832,3.921117,0.30056202,0.33233166,0.6740763,0.22406192,0.74448955,0.2418493,0.08113907,0.20190729,0.5085457,0.8538256,1.9653033,0.039216693,2.869847,0.6465692,0.73168975,0.10825365,0.21136494,0.18085565,0.3882569,0.20558555,1.2825471,1.3837713,1.7528515,0.7129925,0.0659306,1.4367353,1.5185758,1.5740755,0.46544927,1.314564,0.81028837,1.3519069,0.8180103,0.46210334,0.7024313,0.8578568,0.8766071,0.66186535,0.97260845,0.082832724,0.62368053,1.8242275,0.24932934,0.14448886,1.4927511,0.57896626,0.6667072,0.4419089,0.8556677,0.62243396,0.14581214,0.4285432,0.59105843,0.6067908,1.2919655,0.73096216,1.7424883,0.4990063,0.4508713,0.9344191,1.3024813,0.6752584,1.353788,0.2604284,0.5360369,1.4844933,0.60102624,0.9851696,0.22378832,0.027144667,2.0251775,1.6726152,0.15595283,0.82225734,2.166455,0.89906526,0.22092704,0.73275995,0.5986623,3.047839,0.90424055,1.779181,0.10756239,0.43873373,1.4126135,0.8102021,0.09722252,1.1708913,0.0,0.15624715,0.096707515,0.13677771,1.8576497,1.0486516,1.0512242,0.769863,0.59417707,0.26420823,0.20516194,0.6564164,0.95204175,1.3147242,0.86583465,0.14919281,2.3518302,0.89242786,0.24326696,0.12722167,0.32905087,0.5199216,0.74852705,0.65866876,0.5364686,1.3265327,0.6406429,0.14376053,0.72842115,1.0656688,1.204843,0.75271744,0.5328992,0.6804299,0.5497249,1.2908713,2.9680424,0.7607619,0.2938758,0.73969114,0.43215653,1.4978732,0.9633263,1.6267303,0.1337965,0.4917636,1.2951771,0.59895915,1.9609635,1.0833875,1.0479555,0.54227394,0.41407418,1.2518504,2.7133489,0.3637773,0.88573945,1.2528081,0.19861738,0.7078622,0.73347807,0.36317942,0.23226903,0.37456116,0.057297397,1.2227999,0.5236909,0.51005375,0.028623765,0.63042384,0.5619072,0.9243984,2.9109762,2.8298218,0.17677288,0.7522944,0.37729776,0.23489189,0.30622047,2.7291956,0.27267253,2.4166827,3.0411592,0.10075493,1.3170689,0.39347228,0.25011978,0.45132133,0.67944485,0.17351939,1.0077435,1.0861146,0.51468784,0.5416481,0.71639264,0.50203454,0.4894285,0.35958466,0.575707,0.4384925,0.43661398,0.64456975,0.5770241,0.17223707,0.37444016,0.05906851,0.9045933,0.689604,0.050960895,0.82553315,1.934037,0.7512587,0.11096179,1.3802515,1.7568554,0.081331946,0.42613646,0.0035628045,1.4061089,1.4166423,0.7570058,0.37917474,0.815448,0.032619108,0.2502173,0.18074067,0.12527506,1.039247,0.3549726,0.0005442044,0.011003423,0.64014,0.49602547,0.42251337,1.3344657,1.9058086,1.1071982,0.26681057,0.85683125,0.04814214,0.8022851,1.6766874,1.354941,0.032601602,0.79903156,0.21194065,0.02557634,0.7912578,1.3790838,1.2430537,0.5974376,1.484012,0.94816744,1.6821455,0.88419837,0.47232965,0.60665154,0.7827673,1.0093296,1.9254496,1.1683944,0.37079963,1.4122056,0.32834712,1.1721896,2.6745656,0.21493502,0.5624247,0.0,0.17907645,0.6400525,0.21762289,1.2283586,0.66060406,0.45561582,0.9125702,1.6577363,0.29089978,0.6783638,1.8857718,0.61849827,1.344508,1.1206629,0.30361164,0.04353618,0.9728374,0.87260157,0.016114453,0.23063943,1.7474045,0.83785385,0.020280322,0.47135004,2.3531742,0.8955692,0.8729615,0.5481166,1.0210884,0.14275071,0.26192233,0.18404096,0.80480146,0.4321769,0.5220643,0.103104606,1.4655818,0.71806794,3.1305003,2.685938,2.1250837,0.16664131,0.24093434,3.089834,1.5713309,0.15240695,0.0066517927,0.60086006,0.08088167,0.017606402,1.3965083,0.60832417,0.32799053,0.15759458,2.634264,0.32437024,0.017810125,1.4531702,0.15332018,0.87336373,0.70014673,0.03728331,0.86030746,0.08731763,1.6416847,0.8614129,1.5230627,0.82423913,0.31141546,0.74469304,1.3112928,1.660074,1.159447,0.44004405,1.6573875,0.1526842,0.8065904,0.33805087,1.4021062,0.91961884,1.1582578,0.4616582,2.5374944,0.6837024,0.41784602,0.46821445,0.2886209,0.70930207,0.77663827,4.154432,1.2850082,1.2571945,0.3043938,0.6612092,2.2951407,0.08429985,0.2583673,0.03498181,1.110482,0.57822645,3.2066765,2.5751202,1.2052627,1.3312955,0.49769917,0.7849124,0.85973877,0.42358494,1.0571042,1.0736623,2.0567112,0.97112536,0.20823906,0.63479203,0.65441966,0.2511507,0.48802033,1.0360084,1.6606508,1.6523653,0.26667672,0.8755686,2.627876,2.783348,0.629341,0.30261976,0.15412629,0.6716126,0.29896295,0.20392539,0.16909741,0.20622842,1.4080755,0.5646429,2.1215088,2.3678045,1.1665545,0.5710305,0.060313344,0.008876201,1.7554449,0.13586888,0.7349538,0.384211,0.80121964,2.8620517,0.07053792,0.26389948,0.010666312,0.17911409,0.07583482,0.16963471,0.42003796,0.017819142,1.2769465,3.1873012,0.5260801,1.0920255,1.5626742,0.19825833,0.05496466,0.5071859,0.4820322,1.3483964,1.2323053,0.031573523,all_pothole_images\pothole_images_enhanced_aacdf03085080c7ebaf9fed6f10875f9.jpg
0.22887236,1.9838138,1.1434221,1.6729784,0.85640156,0.29946715,0.43430963,0.0180016,0.07884744,0.5601135,0.82782894,0.2717711,0.1359072,1.5431297,0.16657697,0.86975455,0.6482717,0.041937545,0.40410176,0.037608184,0.8062636,1.090409,0.30872253,1.0493329,1.0830591,0.71884465,0.7661273,1.9523854,0.5169754,0.09379523,0.40238255,0.11904746,0.07074435,0.34959283,0.30442315,0.54967237,0.24584907,1.076127,0.96780014,1.1001699,0.24037291,0.108714014,0.43933532,0.58972865,1.5869187,0.5690018,0.009346416,0.06845881,0.9890082,0.49725565,0.18214871,0.067868866,0.4574309,0.20206326,0.01873026,1.1602851,1.350906,0.27778316,0.38069066,0.118528366,0.35021552,0.24464992,0.046873655,0.10760959,0.33111858,0.609546,0.6735251,0.50132567,0.20230281,0.41788372,0.29038388,0.6492248,0.7631962,0.15362556,0.37747234,0.87430054,0.21056843,0.8119708,0.016146982,0.49358723,0.118445314,0.01044337,0.34085768,2.3945985,1.0893883,0.5512533,0.05826976,0.14202635,2.4478593,0.7837908,0.18686213,0.4742518,0.0100202,0.25712755,0.15412518,0.07171396,0.8572775,1.1550424,0.32689032,0.6858931,0.15267654,1.4726645,0.0012274103,0.6795627,0.023789007,0.1321769,0.7249257,0.18219273,0.15097545,0.38360518,0.15570033,1.3595507,0.041628633,0.8438577,0.49653286,0.29129598,0.50983304,0.064624816,1.7843055,0.72951376,0.9171084,0.6811038,0.08112304,0.73108983,0.46105412,1.8486753,0.83726734,0.19950543,0.1873265,0.42912346,0.0,0.05681869,0.27202377,0.096063875,0.17226171,0.2132681,0.37185085,0.109160215,0.32590637,0.00465528,0.28530487,0.35207665,0.04202598,0.19327728,0.15046689,0.49796072,0.023539258,0.24335143,0.2946846,0.86549383,0.517733,1.2944291,0.0054321554,0.18500827,1.1587259,0.2890268,0.31417748,0.17213118,0.7698619,0.26918682,1.3190787,1.1251192,0.7506514,0.16546449,0.4021323,0.22154638,0.6733509,0.08031118,1.123136,0.89721847,0.024812812,0.16440044,0.10056876,0.1478058,0.63691336,0.20669837,0.8867674,0.20545854,0.24459025,0.38264415,0.10737174,1.2254531,1.1953526,0.43107286,1.3933655,0.45638213,0.099345304,0.44970727,0.8271728,0.85369515,0.061949395,0.39170837,0.13143633,0.628973,0.27310655,0.01403057,0.11369651,0.93060005,0.5449268,0.6883693,0.31496802,0.7085777,0.15240017,0.5764207,1.0026714,0.23904891,0.06026946,0.06290427,0.98677075,0.22961505,0.27262974,0.36057606,1.5275524,0.6415586,0.8853238,0.80408335,0.9799408,0.040627133,0.52680755,0.4808851,0.7541644,0.017144904,0.8223102,0.64630544,0.1641695,0.12445508,0.60280377,0.31259486,0.52418244,0.97423124,0.20507526,0.38339123,0.12059194,0.3074202,0.23726575,0.44170156,0.896228,0.2108062,0.12949936,0.14250833,0.6536396,0.0607702,0.21102613,0.3931132,0.014878955,0.0003029491,0.5152959,0.07106302,0.053324733,4.5472193,0.24502723,0.10467746,0.5937013,0.14152032,0.08586885,0.02723926,1.2481409,0.5667623,1.1796188,2.0716212,0.9491318,0.21259056,0.69969255,0.3489512,0.69642,0.68962985,0.24673185,0.5497331,0.60880667,0.019908646,0.71231574,0.056667045,0.26713958,0.48520356,0.7084504,1.1450009,0.11381204,0.06655528,0.007093008,0.30569714,0.4257551,0.16474119,0.24189539,0.17965235,0.7967181,0.57741547,0.25504646,0.43218884,0.6340128,0.23142867,0.62476623,0.5978747,0.14433178,0.7836943,0.13916066,1.093637,0.8109441,0.85490465,0.66536593,1.7850589,0.046902638,0.22529033,0.034939356,0.9799259,3.8668015,0.6842585,0.024719032,0.98410267,0.26568896,0.69502383,0.13549998,0.482462,4.367886,0.50671285,0.13884185,0.69868964,0.14901675,0.8618375,1.5535481,0.38500533,0.32302263,0.06049958,0.13315304,0.37306824,1.0114686,0.98006845,0.5912895,0.606629,1.239536,0.61413574,2.4453645,0.16569386,0.061857503,0.0,0.59718496,0.10172764,2.2186959,0.4879387,0.2698321,0.22237512,0.41195175,0.025748204,1.9605658,0.50803757,0.65521455,0.558286,0.05002627,0.20181157,0.44736487,0.17601219,0.15691632,1.298716,0.22129188,0.44513226,0.30511492,0.13488632,0.7716584,0.22345804,0.61764586,0.7669103,0.028677544,0.0,0.64055234,0.29909074,0.15885834,0.5827648,0.70056087,0.6753023,0.69002503,0.018089812,1.0953337,0.4097142,0.36230433,0.3392794,0.95516205,0.5607559,0.25716487,0.32162187,0.13284956,0.49058315,0.20285678,0.35485753,1.1510923,1.0519356,2.9577107,0.42353743,0.94285923,0.077917606,0.69958025,2.585734,0.8229423,0.71382993,0.27340046,0.44458085,0.048604205,0.05441226,0.33395913,0.46421248,0.29384053,0.03187248,1.2282572,0.9814811,0.12399945,1.1102337,0.57623553,0.6273319,0.16582642,0.43594164,0.6428417,0.0,0.25344583,0.1822833,0.21048181,0.7554882,0.0,0.19306718,0.6058643,0.07263785,0.3700306,0.11561149,1.591974,0.18466996,0.17700343,0.6123763,1.081518,0.16488984,0.6095261,0.57672286,0.12073412,0.47712287,0.95342076,0.42646953,0.5508211,0.6270464,0.6557005,2.9803936,1.4495686,0.1536681,0.16337737,0.32672304,0.8813872,0.34894842,0.23285252,0.8967242,1.0116076,0.13480477,1.2285291,0.95652914,0.313006,1.4558034,1.2976478,0.5063808,1.7644731,0.2194629,1.0205954,0.820409,0.98094827,0.6478096,0.45291424,0.8806324,0.5000582,0.2857991,0.71241415,0.14680506,0.20951107,0.63589364,0.64180905,0.06406766,0.6771103,0.1989653,0.39743555,0.14575979,0.2927288,0.05671042,0.881589,0.17160882,0.36168614,0.100769274,0.7542656,0.09606053,0.8642681,1.6194415,0.9493106,0.23990567,0.36419746,0.11868313,0.60500103,0.21482539,0.06451282,0.029947206,0.7721642,2.2716897,0.011208451,0.02261958,0.0047416007,0.3442063,0.03406762,0.2835758,0.6426123,0.044375185,0.024369178,3.4078836,0.13728793,0.6549037,0.3715044,0.4710507,0.35471508,0.60033226,0.5317468,0.91664934,0.22079939,0.4119124,all_pothole_images\pothole_images_enhanced_aafee3423a9dea874f2b28bad373a5b7.jpg
0.5157651,2.764299,0.32744306,1.3052996,1.005833,0.478033,0.97564524,0.10763932,0.22187056,0.49599972,0.5341457,0.32765687,1.1714096,2.5665581,1.1211132,0.011793404,0.6463834,0.45617604,0.5382738,0.3816043,0.5419734,1.9133602,1.418631,2.634713,1.0986627,0.9593057,1.431829,1.2017964,0.7916379,0.10905838,1.7262533,0.34246278,0.4438015,0.4512085,0.19205227,0.4305607,0.13952067,1.420522,0.049070176,0.26663885,0.46794027,0.70646054,0.55358255,0.38543534,1.2808547,0.8971553,0.037055016,0.22176789,0.3041863,0.13021097,0.37827915,0.99281853,1.333435,1.51977,0.26264653,0.55628264,0.5194489,0.52190596,1.4328113,0.23076077,1.121876,0.82676506,1.931725,1.3922876,1.0402539,0.6094173,0.8530897,0.600409,0.33170453,1.2504073,1.8883989,0.8985377,0.6839249,0.14818913,0.59010315,1.3707138,0.915158,0.26151332,0.7938956,0.017977623,0.47755757,0.3042665,0.08117614,0.43124697,1.8011487,0.47952652,0.08244038,0.6513653,2.8241994,0.117189184,0.44533542,0.7797567,1.0375726,0.8899637,0.4336434,0.4436116,1.2700486,0.68448395,0.8255402,0.5936068,0.09775366,2.846335,0.13838667,1.52644,0.3778235,0.7193288,0.96203285,1.0660809,0.37744382,0.7577112,1.4669322,1.3892996,0.91375417,1.3982198,1.8914322,0.5945522,1.148534,0.48105744,0.8220099,1.1818222,0.96911305,0.8012541,1.6544632,3.6128702,0.8491493,0.31704628,0.031183822,0.21302892,0.9554488,2.0616827,0.5857956,0.26797116,0.09851713,0.91747385,0.48188323,1.7645141,0.26614603,0.6305003,1.3082749,0.48097336,0.9072323,1.117166,0.058723822,1.6408885,1.4569739,1.2417663,0.5044932,0.28498876,0.44403484,0.7667043,0.6719569,1.0602528,0.6340589,0.35252023,0.6356056,0.1560043,0.8698636,0.9445685,0.8940394,0.736964,2.7795343,4.4479604,0.0067503215,1.5194668,0.603672,0.24082896,3.0390213,0.6891137,1.3162707,0.8922943,1.7593704,0.93561333,0.46935725,0.21141768,1.0457493,0.86262476,1.594193,1.1986084,0.86007524,0.574094,0.81000704,0.19803,1.0240749,0.7672091,1.1310555,0.71952856,1.4491386,0.4962305,2.126128,0.4343394,1.7227948,0.5655155,0.39987856,1.5498224,0.46154,0.7029213,0.27271378,0.4902771,0.12782833,1.9275708,0.0196478,0.41554883,1.4293921,1.0910727,0.625436,0.26775002,0.9772339,0.18598521,1.2945381,0.3692158,0.85222685,0.3496693,0.4625678,0.47540057,0.65516764,0.049284317,1.7657518,0.07916743,0.86439395,0.20495467,0.48508176,0.051607355,1.4140586,0.057353027,0.019720979,0.76102424,0.86695766,1.2685199,0.50510216,0.87017316,0.39092356,1.1118124,0.8662947,0.38051122,1.372639,0.15700038,0.3621661,0.8783954,0.8697541,0.19489609,1.6273514,0.20837002,0.5806034,0.7144468,0.05123992,0.0092720045,0.671366,0.49952108,1.124939,2.9113214,1.4118307,0.02165807,0.21125758,0.36883333,0.87541336,0.24822745,0.6196183,0.14021844,0.503176,2.645504,1.5897692,2.9398181,0.96681833,0.33257118,0.39032468,0.34205464,0.16943954,1.309953,1.0194412,0.40498397,0.47206154,0.22170827,0.46305117,1.0391853,0.2516874,1.2453921,0.42552453,1.0917397,1.1997592,0.77112204,1.6915764,0.252315,2.0952783,2.3240259,1.9213401,1.5453007,0.77813923,0.5701764,1.6085464,0.090022415,1.1989458,0.5718941,0.49591452,0.4071631,0.6102857,0.18575466,0.36135647,0.8228331,0.88286775,2.867308,0.12895279,0.91999036,0.5136105,0.07062106,2.2536294,0.56632125,0.2419389,0.11048174,0.04626314,0.7066514,0.78028387,2.352988,1.8702929,0.93286955,0.029823137,0.7096003,0.87745035,1.0587956,0.7845183,1.1785997,1.2305844,0.15713543,0.97004634,0.26276392,0.8970066,1.1682602,1.179882,0.35720405,0.49540332,0.96298933,3.3088775,0.50740963,0.7921367,0.55502623,0.6813093,2.0642083,1.0405189,0.645971,0.8612948,0.46714345,0.5157917,0.8763424,0.35618222,1.2491884,0.7684387,0.18750307,0.5800813,0.5108864,1.42031,0.30027124,0.13094485,1.2882085,0.17540094,0.6713182,1.4162086,0.7069149,0.90373087,0.036314495,1.6012595,0.0,0.8977937,1.306192,0.78591466,1.0557225,0.0,0.13504767,1.1961591,2.030667,0.11569348,0.8721926,1.152316,1.0945989,1.8309236,1.1900862,1.1628737,2.959693,1.0404652,0.52429414,0.54328287,1.1458437,0.3257217,1.1791135,0.671773,1.232802,1.4786453,1.758283,3.3055637,0.71124357,0.48222342,1.569656,0.6536219,0.715021,0.14856143,0.6572274,0.27346948,0.2062251,0.9640565,0.70603293,1.2099769,1.0806652,0.43773955,0.6016871,0.2168604,1.4384432,0.34017268,0.37299386,1.1010175,1.445154,0.35816833,0.20325461,1.1268998,1.1005163,0.114606194,0.8352405,0.29726326,0.42642027,1.0388405,0.5615647,0.48173612,1.1317395,1.2059138,1.3585774,2.7081146,2.639008,2.4782033,1.2392808,1.7529588,1.6248734,0.15938471,0.16850016,0.60222775,0.3964022,0.23874594,0.37989122,0.53365624,0.7261487,0.33970326,1.7219287,0.15766929,1.3067741,0.3573395,0.8359706,0.4833908,0.3716819,0.06805769,1.3146087,2.8988347,0.45949295,1.8998494,1.6163912,2.4063785,1.149911,0.026006829,0.49848837,0.7791743,0.14466521,0.8420625,0.126598,0.17798325,0.13834126,1.1746083,0.71472436,0.830981,1.5461341,0.707532,0.43793952,0.7744701,0.4138326,1.9949154,0.75247276,0.78530836,0.64705133,1.2413894,0.3716376,0.18770461,0.4698877,0.25224885,0.3221349,0.92922986,0.64414257,0.7582008,0.47772348,0.5051195,1.7787141,0.6571243,0.64407563,0.70133144,1.4413823,0.37313107,0.31530574,0.32000428,2.3840508,0.3658966,0.31778646,0.5602037,0.05868332,0.18758681,0.11006903,0.06541634,0.5214363,0.9232714,0.93586224,0.57107764,1.0189542,0.6574,0.49309912,1.4374053,1.7938198,0.17248422,0.45706943,0.6469401,0.09455298,all_pothole_images\pothole_images_enhanced_ab2a94c380afafb66b9f0f9d3a3fc72e.jpg
0.038166177,1.1070523,0.101036884,1.3598633,0.020979244,0.08220091,0.054087024,0.038058188,0.14816253,0.29692364,0.023800626,0.027313694,0.06111759,0.39319304,0.033957925,0.23953438,0.01723191,0.98248935,0.051396612,0.01883511,0.067967445,0.5650029,0.38083774,0.4087804,0.08290861,0.28418952,0.18507552,0.76550776,0.102953635,0.13592301,0.5225762,0.049031705,0.17975266,0.25482032,0.049919285,0.08228516,0.1044434,0.07415242,0.007254243,0.0023144856,0.0001892937,0.11356811,0.10397841,1.199089,0.27854797,0.0,0.12435833,0.050124712,0.034978233,0.19952962,0.19052407,0.18573418,0.060604308,0.06798321,0.044939984,0.33038563,1.1395539,0.030428166,0.00919795,0.0006550277,0.03469201,0.06958888,0.24878737,0.25943857,1.0971388,0.2622156,0.5758074,0.017734926,0.0,0.122303106,0.084170125,0.080607355,0.10776444,0.002316011,0.4176772,0.039467316,0.0061241724,0.2729751,0.0,0.0,0.0,0.09647739,0.24400298,1.2682635,0.26318642,0.16012827,0.012930771,0.08580968,0.70283735,0.2301513,0.0,0.021315567,0.107830174,0.004415522,0.48389238,0.048493132,0.008244318,0.7582841,0.17338724,0.0021690552,0.19087166,0.22737657,0.14343314,0.34502923,1.6972475,0.01366969,0.10059847,0.11662763,0.29119712,0.3155828,0.0036968593,0.2371206,0.058062427,0.0,0.23911059,0.067884244,0.32368916,0.13797441,1.7766501,0.054689877,0.38448668,0.0,0.0,0.66129774,0.11799581,0.3648673,0.019359449,0.0,0.42250824,0.005232549,0.09970209,0.031996384,0.055975646,0.012668601,0.06946079,0.3346541,0.016932799,0.21686193,0.1940622,0.012313869,0.0851066,0.25288835,0.2627134,0.45098674,0.0091512585,0.117391445,0.0,0.10465221,0.060009632,0.13460581,0.5891561,0.032775585,0.03608926,0.10697641,0.32967553,0.063014984,0.013554132,0.10684211,0.15448871,0.24783924,0.14489582,1.1005023,0.22742374,1.5392685,0.7187894,0.036257815,2.5320275,0.052090693,0.9842339,1.0077211,0.15817517,0.014609049,0.0,0.0,0.18601824,0.26012757,0.057131916,0.08765799,0.14337984,0.0878022,0.0,0.09977467,1.1118056,0.40132234,1.0795019,0.7388374,0.014377342,0.15127377,0.044493705,0.37502038,0.06456693,0.018830372,0.55080676,0.49614093,0.04224706,0.0,0.7532932,0.14239472,0.0024767397,0.11567117,0.009455275,0.0,0.0,0.03448053,0.3163695,0.24063158,0.31854415,0.089261815,2.2227936,0.7604624,0.0,0.07516275,0.060495406,0.10937147,0.3846362,1.0298083,0.16863199,0.28280324,0.56666654,0.05191059,0.30258635,0.096238784,0.22286402,0.056540996,0.05833354,0.017382622,0.6796965,0.0,2.4830194,0.01963142,0.081300795,0.024564326,0.095499955,0.0,0.27177772,0.015263236,1.6594104,0.0704835,0.046012215,0.0,0.24997783,0.508555,0.22456932,0.41169077,0.015569685,0.035649627,0.44779244,0.07920351,0.25614688,3.387243,0.5101157,0.07755354,0.039746005,0.031827983,0.012832671,0.011962761,0.7425154,0.0270866,0.17731693,1.2348084,0.23331058,0.06787732,0.28210557,0.20648828,0.11838462,0.22142963,0.008628858,0.05144534,1.9999703,0.0,0.11170999,0.085259326,0.0400346,0.0,0.6013751,0.83964723,0.09820137,0.4563882,0.07343837,0.086558655,1.1267359,0.07563069,0.46006426,0.9578586,0.18635747,0.42627925,0.16281739,0.0016390961,0.22613396,0.0,0.00934484,0.06679481,0.102404565,0.13753168,0.04382021,0.13879992,0.06419844,0.6759193,0.104871355,0.9842536,0.8199413,0.68552524,0.0009943721,0.0,4.648424,0.00396658,0.0011371757,0.07686002,0.115169205,0.011846053,0.0011057297,0.22419265,3.2670913,1.0322615,0.42777056,0.09746069,0.0,0.20975204,2.6881788,0.13819271,0.66071117,0.34143242,0.028506923,0.462183,0.005151304,0.3276972,1.0081228,0.0,0.18409732,0.105565615,3.502597,0.079845585,0.026260847,0.21449171,0.0,0.0,1.8682424,0.30300876,0.103666514,0.021786435,0.06756713,0.3090028,0.9418963,0.81257147,0.30617592,0.02508464,0.044847317,0.4332081,0.057678755,0.072513044,0.13096243,0.37437427,0.0497136,0.34061775,0.090163514,0.0,0.0,0.7313793,0.0,0.19954956,0.61449486,1.2809421,0.3816012,0.0,0.044983283,0.099716865,0.75769854,0.07035157,0.2687181,0.39900464,0.18057588,0.02950295,0.28439108,0.09603685,0.02333035,0.10005681,0.31740323,0.026390385,0.11233371,0.013174204,0.11917146,0.069539,0.011663553,1.0183525,1.1173248,0.13941778,1.0614158,0.20542361,0.028780993,0.07976772,0.0849563,0.1946203,0.03486331,0.44549996,0.009099368,0.04884891,0.77696687,0.04346786,0.28331468,0.07241135,0.29204035,0.012888948,0.055159558,0.06526043,0.27967533,0.01973285,0.3440888,0.75364125,0.04471216,0.24936356,0.10847938,0.42413002,0.029869478,0.113628305,0.07085952,0.026338149,0.09659339,0.5898332,0.29048735,0.0013123977,0.33661136,0.17366771,0.35198048,0.8132875,0.33603376,0.11110801,0.32405725,0.16184726,0.13409978,0.025123581,0.23933005,0.02900304,0.07949131,0.021889178,0.0,0.6909832,0.24761306,0.02530721,0.0034083547,0.3729986,0.0039861356,0.035773993,0.029767975,0.14008966,0.0,0.027675755,0.18427283,0.3363963,0.06299048,0.087051615,3.4306884,0.044983707,0.031030929,0.030222338,0.39625192,0.092454314,0.026952649,0.17613268,0.07621262,0.14292827,1.7327987,0.0,0.063140534,0.0022254689,0.1724017,0.042117015,0.0,0.0013511094,0.050182555,0.4688549,1.4812323,0.33323473,0.059406534,0.0022610687,0.0048880703,0.7232208,0.005073962,0.68370974,0.0,0.094789736,0.0,0.3905643,0.7954784,0.035479736,0.0068212897,0.24414304,0.040023636,0.01972613,0.6924129,0.0019247578,0.14583474,0.1383706,0.0,0.0,0.003654049,0.030450873,0.018201925,0.0618565,0.0,0.14009933,0.073282905,2.9424257,0.29932427,0.23740165,0.036131326,2.963923,0.19259666,0.089063585,0.055108134,0.3056604,0.037664838,0.01676973,all_pothole_images\pothole_images_enhanced_ab2acb7b40eeefd7cab44fc93f800e3c.jpg
0.60053766,1.3388071,0.65498614,2.1864393,0.3670815,0.13113499,0.40238652,1.194524,0.3150915,1.143732,0.18121237,0.32715154,0.24492878,1.8224615,0.0,0.8622,1.1010196,1.3199809,2.5123723,0.42131335,0.5307207,2.9330385,0.36468288,0.2907689,0.3886926,1.1838262,0.15044239,0.8501621,0.0,0.43024877,0.0,0.70209783,0.12897949,0.26960218,0.1386452,1.246331,0.8651871,0.6179388,0.4977352,0.48002553,0.82862157,0.09555085,0.010695403,0.21301822,0.5785418,0.4204313,0.7467553,0.072454765,1.1027796,1.963612,0.21718009,0.42230505,0.63261396,0.60617596,0.6601523,1.3252003,0.89927626,0.10454372,1.7227714,0.6127341,0.23115274,0.0,0.12755641,0.13817066,0.5302441,2.7196767,1.8635235,0.4601817,0.14353374,0.14892657,0.5838295,0.4057101,0.14158607,0.010905998,0.41758537,0.008619781,0.94385374,1.0516133,0.651635,0.9854227,0.10842854,0.3103671,1.752555,2.3482065,0.014722038,0.45912126,0.8612046,0.5244596,0.7301726,0.32793045,0.008247313,0.41317973,0.4748678,1.0871317,1.534305,0.9491048,0.85305303,1.1482077,0.04027848,0.34524867,0.88401437,1.7173016,0.8883999,0.41637284,0.020634478,0.6295673,0.19493842,0.44084808,0.0,0.089047916,0.028910419,2.2647164,0.68993896,0.123901464,0.7512124,0.024602937,0.013827645,0.32247046,2.8301733,0.8967881,0.53025967,0.5769624,0.09349849,0.2728163,0.42613187,1.6536987,0.89311916,1.1971508,0.21252069,0.9113638,0.40700936,0.4288803,0.4293625,1.6060177,0.811628,0.37453157,0.0006826106,0.21065117,0.2274289,1.3586947,0.0,0.38770643,0.6369271,1.0950227,0.0,0.33783808,0.14359015,0.38047472,0.79798186,0.8662154,0.26328403,0.6715106,0.39999008,0.54796827,1.7428647,0.67515534,1.3079772,0.9238322,0.25617015,0.6674372,1.3475642,1.194594,0.14022735,0.5763288,0.44279245,0.58137536,1.9175436,0.695606,1.1943603,2.4643033,0.49237773,0.008388402,0.050756223,0.6451198,0.88171214,0.35032845,0.31667748,0.35318545,1.6544191,0.39213803,0.7256261,1.5587469,1.1793323,0.4703533,0.13581756,0.5308441,0.7861927,0.59644216,0.68238586,1.6564229,0.29706824,0.861913,0.4799561,0.08752371,0.19254306,0.33436382,0.32986563,0.7680192,1.4798406,1.0874211,0.53752273,1.3309999,0.05882388,0.27198133,2.3358634,2.2498996,0.04529416,0.44511643,1.522312,0.8896563,0.4778682,0.2882428,1.7161351,1.8735116,0.1607416,0.64095277,1.1963816,0.271809,0.1394948,1.3656473,0.7643474,1.4764619,1.1143245,3.4021568,0.46985173,0.21544799,1.6017234,0.07672311,1.2697339,0.030311126,0.14123367,0.6345906,1.0949132,0.21186784,0.13591363,0.8530315,0.11472664,0.7364167,0.06274672,0.44704825,0.5742487,0.9179467,1.0552872,0.44803596,0.5109048,0.3458501,1.4031051,0.1478987,0.39725304,5.76553,4.9772124,0.7302376,0.68593144,0.38449392,0.0,2.0085094,2.7182455,1.3153384,1.2638705,1.5196519,0.6645031,0.01167607,0.34318858,0.81136054,0.8454961,1.3711218,1.0650808,0.018370813,0.96786886,0.51350987,0.21461564,0.8340535,0.0,0.3130552,0.2742267,0.28617227,0.49793336,1.1793662,0.7575575,0.96361595,3.9085944,0.40246123,0.48776728,0.16145162,1.6678709,0.16523339,0.51594466,0.04087071,0.42176414,1.3060119,0.009912652,1.3780184,0.11830499,0.6459526,1.2138995,0.82969195,0.24590051,2.3941736,0.4722086,2.874243,0.29531074,1.0537807,0.6411632,0.7064013,3.3345418,0.16208701,0.6370685,1.3378772,0.8539164,0.27597234,2.6810596,0.046969052,3.183654,0.8053762,1.1583879,0.3623436,0.45893708,0.35201225,2.6681979,0.45157132,0.2603391,0.35694388,0.74863774,0.060056932,1.7613058,0.6517123,0.33733776,0.06125397,0.9248408,0.47598317,0.4094813,0.9281378,0.8085536,0.6820286,0.037191283,0.2668368,0.9384349,1.444714,0.28748983,1.2422378,2.2453547,0.8514686,1.5652387,0.14659227,1.0631381,2.2390518,0.124762006,0.035021342,0.27818856,1.0298538,0.4059789,0.42391157,0.6978676,1.4727325,0.33683363,1.1820246,0.400346,3.2046368,1.3870496,0.5305085,0.23064438,0.7685687,1.4170048,0.13134938,0.037793532,0.70363396,2.5604687,0.32266816,0.055886548,0.09324329,1.4052389,0.12879544,0.9770691,0.5838186,0.4748291,0.42476055,0.013237897,1.0142171,0.053670548,0.9415741,0.637199,0.113128096,0.9209074,0.6785988,2.22509,0.31932825,1.8227652,1.8482218,1.583578,1.1406616,1.325636,1.0039498,1.3768941,3.023404,0.07430168,0.76460433,1.0844047,0.41401675,0.12613356,0.26862144,3.2478771,0.014396673,0.20360301,0.8234625,0.75675714,0.0,0.34322122,0.688115,0.20461142,0.37243512,0.5242236,0.31699234,0.9975943,0.12862691,0.0,0.010259748,1.0356268,1.1804545,1.2871357,1.974292,0.6974897,0.86391205,0.34003973,0.7947838,0.21410479,0.24608485,0.42729214,0.22311923,0.5461198,0.86288106,2.3203685,0.44144282,1.1813847,0.44153062,0.8388477,2.1472137,0.7956084,0.72464037,1.641344,0.001135757,0.13929862,0.33428612,0.46595472,0.26826972,1.5667951,0.41448978,1.1718903,0.5944197,0.2928497,1.745344,0.65548784,0.5868489,1.5168159,0.7402168,1.5175662,1.8427491,0.61658245,0.8296085,0.5991679,1.9653881,0.70019,0.29279613,0.85743827,0.0,0.61793745,1.0959352,1.1584055,1.7436881,0.0040288726,0.65331066,0.38650563,2.1795564,0.25608552,0.20620498,0.967741,0.19506241,0.3423999,0.61504406,1.469776,0.221715,1.704113,0.3986899,0.92777455,0.14074124,0.26894608,0.46683112,0.7521984,0.6001496,1.0367489,0.09673084,3.267847,3.059516,0.96289396,0.26303104,0.023319095,0.22058995,0.46585113,1.557043,1.3008016,1.9588187,0.25430945,4.3638244,0.24083202,0.9465767,0.013294095,0.2611891,0.07272192,1.4956274,1.0462126,0.53455496,0.61526215,0.17594512,all_pothole_images\pothole_images_enhanced_ab396474a86e65f48739891779951f01.jpg
1.0915141,0.8993707,0.34937668,2.034028,0.7048712,0.20564419,0.45031285,2.9485173,1.0169063,1.9231982,0.4009523,0.95547926,0.4390639,2.8201635,0.19932292,0.62243086,1.7498258,0.6065502,0.63274735,0.92275846,2.7688096,0.34233657,1.628802,2.7578719,0.9056703,1.269744,1.2519897,0.5436857,0.17749923,1.2943101,1.0860337,0.19312015,0.60613734,2.4515023,2.9245758,0.18138243,0.24394748,0.87627333,0.97056705,1.5044008,0.9627961,0.53694594,1.1409436,0.13273494,1.2231838,0.99001217,0.18725866,0.80634946,0.9992849,0.48259917,1.5432345,0.4644721,4.107154,0.3725815,0.17275354,1.8303819,0.22336794,0.919598,1.2638345,0.6200169,1.0006562,0.18674853,0.42246932,1.2902826,1.270721,0.2582376,0.34841824,0.56853896,1.1463269,1.4980257,1.6788423,1.7607803,1.7167177,0.27617377,1.3923502,3.154412,1.124637,1.2576535,2.1502635,0.13184093,1.4822489,0.6462222,0.68740815,0.035948116,0.91871643,0.9265261,0.8625907,0.09248012,3.1915152,0.56714004,0.37843847,0.3005672,2.1512532,0.92402834,1.2803789,0.47671872,0.33747175,0.49120274,0.19937515,0.8964495,0.022444049,3.0825512,1.2498753,0.8711044,1.4814103,0.41295233,0.46247697,0.5417112,0.036282584,0.17892852,1.6699094,0.8627936,3.4783113,1.2070462,1.1359527,0.3012443,0.27593997,0.9324227,0.7258352,1.5976659,1.3200271,0.6721476,0.75876796,1.3880398,1.4393983,0.0748054,0.048991717,0.7670263,0.40934977,0.47840944,0.85691637,0.23378254,0.6415344,1.9091299,0.48146597,2.7416377,0.5922736,0.60126424,0.79580843,1.3279699,0.8092401,1.4311187,1.9428921,2.7429173,0.7835178,1.4660395,0.59876883,1.3926052,0.3864397,0.4556988,0.6588288,0.9357728,0.1295643,0.9391726,2.0089025,1.2032841,0.9452957,0.40089658,1.5536295,0.40333664,1.6494913,3.1627,0.58467895,0.33783293,1.4240311,0.9901179,1.6606508,0.19325085,3.2114196,1.8654335,1.0303655,0.0,1.438646,0.54719573,1.6620601,2.559858,1.5233471,0.42432466,0.5746287,0.2156004,2.9293582,0.21637863,0.9090713,2.317701,1.8564053,1.0491134,0.11593162,0.025654726,0.7835501,0.13065888,2.131845,2.102201,0.42818263,1.2580808,0.5982434,0.892731,0.45685047,0.89464366,1.7549133,4.2616405,0.72592455,2.0641816,0.83626586,0.48741174,0.005832323,0.121889025,0.63433343,0.3606804,0.6004521,1.3705171,0.9777752,0.1492431,0.93025756,2.118565,0.62662274,2.2352753,1.7287035,0.37813467,2.0462291,0.59005696,0.51302,0.44994187,0.7167671,1.1837356,0.16690159,0.9431483,1.8530426,0.10988442,0.5020641,0.28610042,1.1594425,1.7131354,1.0044719,2.1124942,0.6341423,0.061498012,0.9286411,0.43950224,0.5964752,1.3057636,0.9910376,0.6145543,0.3590407,0.85874265,1.7667955,0.4837254,0.6500577,0.1150054,0.90365833,3.9531486,0.9023331,1.060052,0.710115,0.15474328,1.1217237,0.8754062,0.82147676,1.868716,1.0513679,4.286469,1.3009511,1.3333793,2.2119107,0.025066698,0.09440725,0.6720655,2.106358,0.275368,0.28699008,1.0827484,1.8673397,0.0,1.1717569,1.7611293,0.34089902,1.0601892,1.0119684,0.56267256,1.6214364,2.2591057,0.710062,1.2297304,0.72274345,2.557768,3.4760785,0.49749315,0.32501927,1.8388678,2.1577816,0.45511276,0.69604653,0.9454783,1.0490184,0.6299741,0.39222592,0.34961286,0.32861397,0.019542828,0.3378393,2.3541377,0.58908147,0.849166,0.79407626,0.0033309136,0.7815123,2.160171,0.28122473,0.05510841,3.0365014,0.033606093,1.2323717,2.0815365,1.6415977,3.3432906,0.17822058,1.1421266,1.7673982,1.1833564,0.53569263,0.32166627,1.5259745,0.56275034,0.27904576,2.007516,1.4795952,0.680435,0.30251843,1.9842114,0.7328832,1.439516,0.86352974,1.0387205,0.05217492,2.3985343,1.9232972,0.8528182,2.2852528,2.8357992,1.2191716,1.5138729,3.2514021,1.8852342,0.86466765,1.1653137,1.4843429,0.302131,1.9409724,0.9887595,0.8210035,0.14857821,0.0,1.6606666,1.1847177,0.36081243,1.2191293,2.727714,1.1435649,0.82260495,1.896746,0.27721843,0.68364865,0.44415176,0.084216654,2.0500813,0.20713402,0.052732658,0.8659831,0.88748246,0.5563751,0.8634064,0.6900967,3.5130312,0.43972793,0.04035983,0.30436143,1.1146657,0.060962297,1.2439766,0.014833221,1.3757881,1.9321955,2.088686,0.50781757,2.851684,1.9612302,1.2335231,1.5430125,4.0222383,0.554572,2.9085174,0.19288102,1.4729067,0.118957,1.6146113,0.576424,0.25959554,1.5126663,1.4914545,1.65303,0.614212,0.01268457,1.2752392,0.6360286,0.5063352,0.33150902,1.6877397,1.3180366,0.13847777,0.3261807,0.2978642,0.5407033,0.19655132,0.25251916,0.30867738,0.0028410265,1.1768655,1.2914371,2.85565,1.9505005,0.83302164,1.6334804,2.2037425,3.2240906,0.53794247,2.235823,1.7370094,1.3945572,3.4508355,2.8323367,1.4679714,0.0,1.5105435,2.1482518,0.22256301,1.011016,1.5721662,1.1530693,1.5402827,1.2895296,0.6895799,3.588507,1.0195862,0.023279479,0.016387649,0.12072064,0.35261613,2.1339831,0.6491422,1.2721959,1.1181966,0.89925814,0.9277967,0.54928905,0.32378367,0.6943003,0.19248009,2.254133,0.8818937,0.06925543,0.4899398,2.7229452,0.0899217,0.69438297,0.8911072,0.41921914,2.490333,1.3875304,0.045078102,1.0389138,1.1861368,0.0070464355,0.87509644,0.7518444,1.4214711,4.303862,0.2444231,0.99407226,0.15504114,0.422579,1.0965136,2.2440948,0.8879583,1.8600013,2.6850586,0.4473468,0.64643246,1.4673499,0.842256,0.027194953,0.07062071,0.5921143,2.3267088,0.2966627,0.44017455,0.32361022,0.0,0.68373084,0.9343882,1.1097658,0.076976426,0.76186836,1.9760655,0.6624054,1.1564219,0.94538754,0.35909188,1.8417885,2.2513254,0.063125044,4.205262,0.3329857,0.61244977,all_pothole_images\pothole_images_enhanced_ab4f529115b433fc4c99d16b2c74b2ce.jpg
1.2561551,1.9410518,1.1752785,0.5626653,0.6326409,0.45034352,1.5407462,0.5472581,1.6892693,0.38858202,0.828633,0.36764225,1.0832471,3.1336539,0.71116513,0.4665792,0.22066022,0.6001871,0.48320174,0.20036958,1.1589221,1.0493443,0.35099545,1.0805765,1.7277722,3.3918836,1.8707994,1.230472,1.853466,0.12078859,0.0824784,0.6229487,1.4467717,0.22513506,0.3669242,0.29900786,0.3110264,0.6918099,0.22502019,0.50200105,0.39805844,1.1855422,1.0045564,0.42156202,2.3480852,2.1995516,0.48381245,0.35522982,1.0241731,0.095138974,0.9624096,1.0986782,0.5604477,0.3224785,0.05760273,0.5523436,2.791794,0.0021809014,0.32969603,3.4163718,0.018129736,0.2422953,2.1645832,1.5066735,1.2991345,1.1797731,0.13957714,0.0,0.100897886,0.02656279,0.4071298,1.0390017,0.13791664,0.49806562,0.15320998,0.45818552,0.55474555,0.8938884,0.25067112,0.88692474,0.91376966,0.0,1.6834335,1.648312,0.47810626,3.742776,0.48431492,0.4609279,2.531791,0.9428625,0.3536581,0.5313071,0.8021197,0.82644564,3.0062938,1.8167115,0.761504,1.0514315,0.46700022,0.9907122,0.27997124,1.1389126,1.9684978,1.7400932,0.61005676,0.5472365,1.2553688,4.495128,0.61514366,1.0319755,0.30111846,4.385215,0.9613403,0.58434844,0.12408951,0.5036664,1.2231181,0.36985713,0.8798227,1.2110623,0.682118,0.4586738,2.233086,0.013340987,0.015362362,0.02726821,0.11329419,0.09828844,1.8778957,0.15725979,1.025075,1.9557583,0.6454723,2.6061566,0.092276454,1.212815,0.10403736,0.24590111,1.3086671,0.039805703,0.6951691,0.528635,0.03510912,1.0859282,1.2808087,0.33137956,0.06447024,0.12133526,0.3214513,0.5145487,0.8965025,0.13538972,0.055272236,0.008923488,1.2534506,0.9256227,0.6191319,0.42861238,1.5812416,0.2918299,1.194298,0.8524067,0.25589377,0.31579202,0.34441745,0.5228055,0.241148,1.6587064,1.599582,0.14132527,1.0030795,2.0727825,0.68845975,0.46895885,1.5621674,1.2816185,5.1322894,2.1752555,0.16365013,1.9719676,0.26694304,1.5029792,2.8698044,0.6722809,1.0061595,0.07697407,2.286328,0.47993094,0.007701356,0.2740443,0.55705565,0.014003774,0.05707126,2.0397775,1.2097642,0.31433704,1.0164664,0.12794884,1.86585,0.7231257,0.23464267,0.24426201,0.34709555,1.5690111,0.4803846,2.711964,0.44827184,0.83775586,0.83574307,0.45735282,0.57641613,1.7092712,3.3721726,2.7461872,0.61520916,0.84868634,1.6974484,0.32218897,2.8008106,0.0,2.2218473,0.29567665,1.248826,1.5770447,0.12829494,0.37145796,2.2197034,2.3291621,1.0173395,3.6383884,1.3988358,0.53618604,1.1320843,1.5794001,1.6281694,1.9202856,2.2140844,1.0178659,0.15589407,0.68430835,0.78893787,0.8823055,1.997288,0.16475825,0.6288511,0.07331833,2.1926258,0.7233261,0.89070916,3.083583,3.465705,0.026542481,0.26598355,0.24127108,0.080851994,0.034375224,2.3449848,0.42150995,1.0102661,1.2133942,0.29694948,1.5136983,0.32083333,1.3415842,0.15852876,0.91555035,0.4215543,1.0442405,1.4759167,2.408827,0.18883374,0.19620235,0.7118348,0.06371726,0.2378364,1.9837536,0.38574156,2.3101368,2.3571541,0.9616285,0.19399472,1.6628796,0.001636082,0.083703734,0.7899161,0.2593518,2.7842066,0.38448593,1.2112696,0.13129948,1.1452616,0.90142244,0.30661958,1.1192433,0.57295126,0.18847984,1.2433199,0.11288748,1.1612973,1.7637615,0.03714749,0.24609403,0.6073456,1.4460016,4.056369,1.1715044,0.007596623,0.22176777,0.57439244,0.24173367,0.099729165,0.937682,2.3222837,1.905386,0.27562654,1.9110603,0.5010519,0.84657925,1.9972509,1.8119367,0.015204173,0.5584499,1.0425845,0.24006216,1.8069382,0.83076054,1.2790385,4.37061,0.18266709,0.9378201,3.3821201,0.7234128,0.0,0.8014224,0.0101712365,1.9219809,2.0397732,0.39448854,2.7938063,0.9228808,0.33415774,0.89534765,0.8984673,0.98234975,1.6444005,0.18840742,0.23530345,0.30580226,0.4272115,1.5290369,0.6403248,0.8284736,0.66376305,0.7765916,2.82269,0.18375298,2.6636395,0.1664144,0.21268405,0.031280942,1.0144074,0.36436766,0.96175665,0.32625437,0.0014333506,0.42741477,0.45763358,1.8236574,0.6719735,1.1948613,1.6528083,0.05557882,0.26136595,0.57309616,0.13767792,0.04174991,0.16658261,2.6851218,0.13786598,2.1119153,0.09126349,0.06257268,0.22776905,1.2815397,4.355582,0.0060858075,3.606084,1.2007586,0.0,2.760583,0.13101406,0.21214913,0.11218157,0.17165813,1.118662,1.4590541,0.87004787,1.4697565,1.1215823,0.07932353,2.7059503,0.44878325,0.124160804,0.58273405,0.01205088,0.067032374,1.108906,1.6975144,0.86717683,0.8176064,0.04226807,1.0660986,0.50323665,0.96046275,0.16227968,0.41266015,0.6070006,2.4449825,0.6136047,0.9725306,1.0067097,1.035192,0.38160136,2.9469838,1.1108832,0.037213672,0.18794762,5.3321257,2.6960027,0.05405747,1.0288607,1.8163345,0.32842243,0.6192302,0.7790571,2.1382017,1.7678698,2.014206,1.3024353,0.9539513,1.682181,0.1615381,0.07020273,0.046874538,0.23327874,1.4666886,2.0764852,3.448987,0.37526646,0.08090254,2.3451624,0.23299032,0.037005574,0.3460494,2.7717674,0.64386547,1.1237026,0.054802082,0.038469046,0.9703673,0.8184934,4.6735373,0.74375725,0.24429518,1.2010818,0.09630484,1.0102069,0.30300337,0.011608073,0.21648087,0.8134184,0.6053722,0.11906001,0.08245348,0.24442928,0.20201273,2.3838618,1.7129819,2.4201744,0.23811688,1.3431443,2.9230196,0.12501726,0.39373124,0.1013726,0.46433628,1.9119325,2.1220386,0.30675513,0.10807891,0.45094392,1.5718795,0.0051410254,0.39469382,0.1447637,0.07255689,0.3407354,0.6940713,0.033960745,0.84216875,0.524679,1.7877818,0.19674939,1.7247254,0.04094363,0.38047203,0.05736194,0.72115386,0.053694986,0.33243322,2.1835783,0.7380176,all_pothole_images\pothole_images_enhanced_abba1d11f9b3b06ff38226ef43f0eafd.jpg
0.43703568,1.316563,0.5902695,1.4637122,0.96821856,0.35132122,0.2367594,0.0741888,0.19519167,0.18686397,0.7959705,0.49377468,0.6079038,1.4942167,0.01139619,0.8483208,0.06287902,0.8025553,0.87325627,0.7103467,0.79795945,2.8707867,0.73888725,2.0776477,0.10585267,0.1904294,0.40824726,3.3378072,0.4216873,0.9737717,1.6324948,0.412404,2.1959252,0.21098316,0.38041335,0.97492385,0.6941173,0.69631183,0.6520933,0.9055154,0.6052701,0.56586033,0.28499556,0.7918081,1.1027251,0.3794659,0.8780239,0.0,0.10532239,0.20592009,1.909843,1.5550991,0.9892329,0.505896,0.306987,0.46371582,1.0102587,0.013835953,0.5455077,0.9265318,0.12698951,1.1690315,2.0926704,1.0475907,1.6605748,0.31131542,0.43407205,0.5086113,4.7723475,0.64512974,0.7886558,1.7989411,0.1087734,0.35680142,0.23325199,0.8340048,1.0341086,0.26351488,0.55428046,0.21432108,0.11412051,0.19231465,0.43978152,1.1137875,0.349461,0.2626194,0.44688708,0.13004598,2.2305439,0.31371313,0.08054008,0.37226412,0.09630881,0.6846291,0.3989173,0.04813655,1.8348594,0.7951099,0.37489462,0.72157335,0.82649267,2.4255548,0.3688046,0.31642506,0.5936704,0.6238844,0.59744203,0.18298902,0.49873826,0.4678746,0.44970003,0.97664624,1.3813889,0.73046035,0.19063607,0.56254166,1.418405,0.92948085,0.5785358,0.46546227,1.8099109,1.0129339,0.46100506,0.69400966,1.0581753,1.3123585,0.47783414,1.0041301,0.7907459,0.7453163,1.2682848,0.13738129,0.54964507,0.6292431,0.02154689,0.68126357,0.40387282,0.26673138,1.1121455,0.85799265,1.2300031,3.4217126,0.16196504,1.1811241,1.4475049,1.3825872,0.62861353,0.46232212,0.5148677,1.5667742,0.28598854,1.0699744,0.014057344,0.12876472,0.13433838,0.16397303,1.1310571,0.20872304,0.92501354,0.9169078,0.60388905,1.14895,0.122447334,4.376591,0.52499247,0.5414329,2.0021675,0.12514323,0.92147404,1.104685,0.735994,0.46941307,0.5475139,0.70182645,0.20883518,0.03517613,0.6231586,0.07089503,0.83119565,0.008795185,0.010664295,0.69744277,2.04374,0.50059026,1.2644097,0.37233135,0.42116952,1.093663,0.042158768,1.0121807,0.38473776,2.6601605,0.009923104,2.2811718,0.057482075,0.091847405,0.41569933,0.47536373,0.33143112,0.7292776,0.3843591,1.2764851,2.6122313,0.68136847,1.6186498,0.35499477,0.21723412,0.03878081,0.783501,0.5108729,0.11620958,0.32218534,1.2644548,0.7286118,0.9678231,0.3638004,0.9930243,0.35459542,0.82163125,0.26075757,1.9677999,1.8795285,0.49066424,0.09328114,0.38502687,0.3005513,0.5271993,0.52126306,0.47178283,0.09837378,0.285997,0.6610586,0.51654154,0.4912512,0.9783146,0.10668672,0.1388061,0.20240004,0.46725965,0.32809785,0.09227509,0.21269925,0.30203426,0.56029063,0.10327021,0.16825876,0.32312313,0.81026334,0.5175663,2.584351,2.5310261,0.02284477,0.15228155,0.14397374,0.30309522,0.676885,0.19321024,0.9556922,0.9454186,1.0793402,0.6021535,1.0823174,1.0811521,0.3496845,0.08508893,0.34195533,0.29819557,1.2719377,2.507511,0.4555167,0.8166035,0.004581174,0.18750219,0.25182393,0.12403993,0.49589258,0.6202887,1.0715439,0.42166635,0.79095626,0.55891365,0.27261674,0.20984206,1.6065959,1.3797296,0.7853386,0.22459324,0.6690992,2.8089356,0.83950406,0.32582754,0.39704308,0.13904326,1.6021771,0.24175425,0.1427787,0.7027425,1.1094557,1.2323124,1.0621694,0.27488306,1.1076196,0.22456509,0.95684713,2.266638,0.15673555,0.07619177,0.80544084,0.39636073,0.1504443,0.30850583,1.3289126,3.9548273,0.964665,0.42100003,1.615375,1.4544606,1.0439287,0.23147768,1.6858169,0.48134756,0.34038338,0.60747373,0.66807806,1.4448494,0.6184029,0.38639373,0.5002305,1.2461132,1.2622259,1.9379585,0.6684276,0.5178612,0.6960953,0.38673773,0.14894281,0.22777577,0.18988456,0.7747704,0.02018665,0.24593113,0.481971,1.6959213,0.124954395,0.66936594,0.21970129,1.1177682,0.6922791,0.9270049,1.3147123,0.078132816,0.4448378,0.34198183,0.37255344,0.25802338,0.07100508,0.9410475,0.86104256,0.9729656,0.05495049,0.46666467,0.5169834,1.2480841,0.12850046,0.34674135,0.018145403,1.3640957,0.88119304,0.07703477,1.4848919,1.2082261,0.3564313,0.3496853,0.21743023,0.50481486,1.755775,0.033723567,0.17050998,0.15384969,0.5615844,0.12503245,0.381862,1.694463,0.82026803,1.9027096,0.40609843,1.0080242,0.17891854,0.14995007,2.2247784,0.81433463,1.2372615,0.23493548,0.99382627,0.6869471,0.551286,0.5754451,0.34459788,0.7619558,0.65287703,2.8856375,1.2453822,0.40890744,1.4119349,0.84228015,0.5966577,0.33121756,0.99156433,0.45541567,0.25703084,0.14374502,0.28801876,0.82079625,1.1014227,0.3977216,0.8313736,0.21977602,1.3046646,0.69473,0.14068905,1.615934,1.1857026,1.1409359,0.90749586,1.8108679,0.53737706,0.38377193,0.8582161,0.95331407,1.8743277,0.73664856,0.06981083,0.07479029,0.2546364,0.37791252,3.2745647,0.7399465,0.90783644,0.88483113,0.69571793,1.2462915,2.2364302,0.9741636,0.50842005,0.057147987,0.5253627,1.2604845,1.2855341,0.42651862,1.3788787,0.32151335,1.047168,1.4488541,0.19025914,0.15046139,0.9056394,0.76613474,0.0889811,0.64088196,0.60830176,0.26266307,0.9910866,0.921797,0.97898847,0.10431228,0.98477745,0.005960511,0.8156349,1.8038892,1.239966,1.6838915,1.4503858,0.44515312,0.12069821,0.23840377,0.37189475,1.1401614,0.38384527,1.9682482,0.042720545,0.37161604,1.9680885,0.21815322,1.2699629,0.011329851,0.28169423,1.0182489,0.050402243,0.51634085,0.32871544,0.6298779,1.7374797,0.5605245,0.109126955,0.0360561,0.0,1.2615287,0.50913304,0.5103007,0.15265642,0.8189991,1.1357487,0.27980626,1.3513373,0.34906426,0.2173152,0.36525312,0.9297966,0.83139384,1.0005225,1.0286683,0.54351246,all_pothole_images\pothole_images_enhanced_abc4a7b70d7d879043581a738142da53.jpg
0.0114621455,2.6966727,1.9057096,0.82725227,1.6569347,1.7759119,1.0761105,0.49487433,1.112398,0.95474094,0.3508508,1.2064005,1.0656148,1.3315305,0.32199794,2.0667503,0.8253184,1.0806578,1.2749267,1.2499386,0.78123736,1.4596235,1.3910874,1.7696307,0.1690683,0.65504944,0.08873529,1.8103487,0.023208395,0.89007133,0.3041944,0.2469014,1.6986959,1.0907676,0.81104666,1.2212042,0.83184016,0.82289284,0.2383929,1.1022365,1.133571,0.18967873,0.3420427,1.1987882,0.52124774,2.308267,0.24248575,0.17395996,0.27920315,0.9552986,1.5646968,1.5006355,0.39544937,1.5824547,0.80348295,0.9470742,1.0514579,0.8906414,1.2820156,0.22086798,1.3057787,1.1406103,2.8702676,0.40965933,0.86609167,1.2340479,0.7505731,0.16701344,0.5901428,2.0679314,0.5519166,2.096398,0.098377295,1.3774319,0.48881525,1.6354815,1.0474056,0.70150584,0.0,0.87310153,0.45361254,0.5172915,0.17901076,1.6563885,1.8809624,2.1736321,0.06669703,1.2176765,3.341027,0.91851074,0.40796858,0.87913996,1.5781196,0.4603891,0.24093312,0.7150233,0.81534636,2.966392,0.97416294,1.1394908,0.65724134,1.9140892,0.79349405,0.08143884,0.019359216,0.5985647,0.11352029,0.29727465,0.13518634,0.59916645,1.1529278,2.5040123,0.569475,0.74364966,0.14380242,0.833705,1.5949504,0.04180926,2.0954502,1.2521523,0.7914109,0.1905252,2.6952252,1.6907995,0.2619274,1.089136,0.35693106,2.237058,0.89111185,2.2287183,1.5864635,0.9906549,2.052314,0.59071386,0.08053367,1.1904215,0.4175277,0.11320408,1.7235475,2.0108662,2.0985024,0.17909104,0.31145287,1.9289418,1.2949296,0.37164083,0.49667734,0.83993876,0.39017525,2.0132837,1.1177667,2.165555,0.053038824,0.80232203,0.7381866,0.64025265,0.5004081,0.42567915,0.5940295,0.8261013,1.8184588,1.6134613,0.0067044427,0.99043155,0.07593343,1.162477,2.344571,1.3404348,0.75703007,0.07241958,0.6396957,0.49055105,0.77511984,0.6164168,0.872154,0.09681099,0.69501877,0.44947872,0.56116444,1.5812725,0.48121253,0.38107827,1.3465506,1.4172227,0.80339843,0.2176541,0.557385,0.34220597,0.39778548,0.7603058,1.3119127,0.6442729,0.30765516,0.7908979,0.26621348,0.7597846,0.86947554,0.46767363,0.774052,0.89384705,0.43095288,0.6468758,0.6107534,0.27039906,0.3292345,1.4070232,0.17826931,1.529069,0.6185121,0.6473516,0.8089931,0.52725375,1.4982508,1.083304,0.33952636,0.14525734,2.086014,0.22406936,3.1060834,0.7746699,0.35140425,0.56681895,0.8612532,1.8638226,0.3475112,1.1177778,1.5011945,1.4841676,0.4213411,0.15892586,0.14652091,1.1808801,1.3201957,0.64027166,0.29716954,0.49389794,0.115391545,1.034181,0.0810655,0.1847454,1.2634887,0.49477416,0.59661764,0.57734764,0.41050372,0.44344312,1.2849739,0.13688152,1.0368985,1.174843,2.180218,0.07592841,0.36910325,1.0052255,0.1966724,1.274286,1.1844497,0.81983167,2.490125,1.0107716,1.2605423,0.656674,0.5625695,0.31544742,0.35964,0.7483827,0.008143283,1.7382822,0.9302846,2.015443,0.055038646,0.647475,0.014334927,0.85164094,0.33935133,1.6636362,0.87008846,1.0347714,2.737705,1.6702547,0.5627806,1.7072057,0.020218119,2.2776988,2.2440035,0.2450069,0.42769405,0.86833155,0.40347663,0.8069067,0.38758266,1.0171857,0.82404757,0.45214313,1.4704592,1.2105285,1.5335494,0.40033805,1.167775,0.18355194,0.34737578,0.48330182,0.5968627,0.43423393,3.0017722,0.84519994,0.68344814,0.5769325,0.9234358,1.256649,0.38313037,0.75996053,3.877348,0.6784079,0.52029836,0.5614637,0.66652733,1.0706449,1.3525054,0.3521369,0.726522,0.16622254,0.0,1.281322,1.838287,0.70246536,0.83004135,1.1489836,3.1820698,0.3675939,2.1766655,1.6162841,0.015315907,0.5029738,1.8006774,1.4774939,1.8875831,0.2935914,0.15426269,0.25356865,1.1541795,0.27282792,0.44090652,0.14854996,0.75216573,1.6045067,0.38681808,0.25694433,1.6407471,1.8524477,0.007124331,2.1759408,1.6205525,0.060469393,0.3378636,1.1040471,2.2212288,0.90038,0.7537806,0.36188352,0.5961259,0.5987551,1.6774678,0.9857868,0.6450771,0.9331763,0.21909945,2.6797028,0.30283996,0.714416,0.6010135,0.27861026,1.1567576,0.34777576,1.6316077,2.117372,1.0238907,2.6233983,0.22345063,2.1520753,0.09828825,0.5318357,1.7731485,0.9833539,3.466854,1.4639083,3.2058604,0.14725994,0.67541236,2.4738653,1.7603961,1.1759983,1.1657313,0.25234666,0.7031398,1.4276156,0.09343863,1.4036536,0.17887454,0.53127974,1.7390738,1.0857669,0.11237769,1.2036997,0.72317815,0.25889072,0.6042975,1.0593572,0.343071,0.031083198,1.2058319,1.0978599,1.0294546,0.73516893,0.81177217,0.9322675,0.2532681,0.94132054,0.015850242,1.4892366,0.16533941,1.8188224,0.6802857,0.89165044,0.7116176,0.8467072,0.6095326,3.0240104,0.7070814,0.41183206,1.4132107,1.1860092,0.06322439,0.27393806,1.1693568,2.4479218,1.0127481,0.51312,0.43107697,0.25141385,1.5168641,0.80016553,0.027930137,0.2909785,0.2961804,1.3758931,4.3987412,2.344689,2.851484,1.9598714,0.432823,0.39527428,1.3351203,0.56318444,1.6481501,1.0282404,2.3661594,0.9621434,1.0447121,0.53759396,0.33528003,1.8998542,1.701241,1.3991998,0.034258872,1.5470542,0.019080916,0.30767497,2.4574594,1.6279523,2.7706492,0.58365005,0.28704008,0.0592121,0.65951616,0.41073078,1.2716922,0.29110476,0.4854971,0.48823905,2.4640186,1.1387885,0.18688662,0.5386675,0.25430423,0.15410247,2.9466074,1.4892603,0.36253127,0.53925735,0.12705511,1.937523,0.27640545,0.45424727,0.37978375,0.40027434,0.07056911,0.07686222,0.04527421,0.111898884,1.4196528,2.5060902,0.2766336,1.5275177,1.0953656,0.17934382,0.20318833,1.8859707,1.0613168,1.483134,0.48350096,0.57402295,all_pothole_images\pothole_images_enhanced_abc53023f2f1f0535f93cb80e036cf23.jpg
0.05347383,1.1801698,0.31543407,1.8933756,0.28060493,0.015020745,0.32612652,0.06579335,0.185886,1.0208579,0.22726135,0.5081558,0.0,0.5510513,0.014980349,0.04898098,0.19244257,0.23174477,1.216864,0.31056842,0.6154315,2.8810315,0.62824994,0.9457947,1.5951941,0.7874853,0.5640768,2.54606,0.40958926,0.9336342,1.194647,0.3068348,0.71218425,0.08123908,0.6117903,0.10466779,0.12006242,1.7524354,0.14859301,0.6520336,0.0,0.14549722,0.46321863,1.2906216,1.1193519,0.71030146,0.068662606,0.0,0.1868919,0.3347045,0.9421519,0.004906424,0.7145756,0.09928841,0.48934937,1.1709864,1.0721753,0.35433072,0.09632333,0.78487,0.042151656,0.84887654,1.2815375,0.025580596,0.5142631,0.30134952,0.36407927,0.12759937,0.5462431,0.562178,0.70680064,0.13674074,0.08773177,0.2639207,0.60245407,0.8907383,0.28113255,0.20757951,0.16146271,0.14521691,0.16635054,0.7695868,0.0033084098,2.5536015,0.4212714,0.65491664,0.36291304,0.25979757,2.4417427,0.121435836,0.013274798,0.91193175,0.0,0.07933673,0.027602023,0.1847482,0.39651668,0.6803551,0.7832453,0.28146312,0.2822505,0.9480737,0.32225075,0.1254345,0.122650556,0.54795176,0.47361737,0.0,0.07990108,0.07279453,0.00062081096,1.6348509,0.38587824,0.008209132,0.85265225,0.055479597,0.85947526,0.30187255,0.50941634,0.40557584,3.1059005,0.21513236,0.20087835,1.8065478,0.6156217,0.55145925,0.31410387,0.27652234,1.1791545,0.088737816,0.4181033,0.05240485,0.28295594,0.19357842,0.58221155,0.112203665,0.109769724,0.65233946,1.0576549,0.6270049,0.41249317,0.037220195,0.0,1.0236411,0.13153198,0.62496555,0.095699914,0.0,0.37162384,0.31902578,0.7363084,0.76246905,0.0006770253,0.096515216,1.3873876,0.07141378,0.12489383,0.0062114145,0.25877014,0.25862217,1.3537731,1.0245,0.35252747,3.8149438,0.05824613,0.0020756652,0.6774071,0.037708852,1.82198,0.19747742,0.053418003,0.0,0.027137624,0.011607699,0.3242078,0.03479967,0.31063187,0.03791002,0.44023946,0.2718983,0.11128376,0.38445452,1.2806138,0.666923,1.3384035,0.68851674,0.096190974,0.017254429,0.060408436,0.3957021,0.31304333,0.25728774,0.082242265,0.7402341,0.002235222,0.37095064,0.15324077,0.22451639,0.022789393,1.109941,0.072092876,1.0784706,1.3500245,1.2571508,2.7605603,0.2740813,0.04607581,0.40130025,0.8680624,0.09722668,0.30704343,0.0,1.1674839,0.2848296,0.7474534,0.69551504,1.0030184,0.010317883,0.6765323,0.24671762,0.08939488,0.30958873,0.07677446,0.037578803,0.018681295,0.36818647,0.09260296,0.010781797,0.64221364,0.5295781,0.21793653,0.17999245,0.35406953,0.10336692,0.36965498,0.3320848,0.6972776,0.022251554,0.02931886,0.21966027,0.09392364,0.00150739,0.049980167,0.106590815,0.12371277,0.0,0.16606836,0.23111051,0.9950598,3.576934,0.91619074,0.025259582,0.371269,0.12653469,0.09764296,0.027785035,1.698013,0.09259111,0.879613,0.91150385,0.18312682,0.21514367,0.23824902,0.1475152,0.1089293,0.22162098,0.0,0.8022962,0.98009276,0.56528884,0.001168163,0.0,0.23961662,0.17910565,0.77010316,0.9636361,0.07741552,0.46210903,0.13745138,0.42673028,0.48650748,0.18948895,0.15169272,0.4811324,1.1299908,0.45504496,0.8344526,0.43340948,0.3311009,0.060320742,0.0028753355,0.013898032,0.0052312757,0.27195954,0.29673567,0.13659033,0.3551867,0.82787555,0.03640986,0.92410463,0.6197994,0.6817278,0.06593969,0.53925866,4.2147226,0.31662303,0.017774804,0.6109671,0.104217134,0.24319874,0.014169336,0.99772733,3.1287909,0.5726766,0.0,0.62007904,0.21791318,0.648511,0.9224416,0.2866808,0.10803741,0.024140667,0.00072198984,0.405387,1.1021521,0.909918,1.0584145,0.31904572,0.48099494,0.27257454,2.7315207,0.12710984,0.6696996,0.18826221,0.07910796,0.33528036,0.43446898,0.487578,0.08242652,0.056822028,0.49874082,0.52854,1.4420552,0.19940704,0.55708975,0.0056691472,0.0,0.41986215,0.93860584,1.121463,0.7245195,0.7931156,0.0,0.37702084,0.03977544,0.0423901,0.44601867,1.4235384,0.25113437,0.3822262,0.062963426,0.040639594,0.0,0.43208256,0.2741518,0.064139724,2.0427544,1.0022494,0.0020716747,0.7086591,0.5021257,0.38219693,0.027556371,0.5281035,0.13655028,0.65670866,0.12668799,0.45451254,0.038075518,0.20224503,0.039856162,0.00828662,1.3991573,0.7360662,3.600331,0.94365644,0.5029299,0.0033752332,0.009621824,4.0461435,0.41840902,0.010314997,0.025233177,0.6718999,0.18140739,0.311901,0.549021,0.1758271,0.05361871,0.17515197,2.782439,0.77181554,0.0139233135,0.99110276,0.102957934,0.30527508,0.31348363,0.8338659,0.23254567,0.2631174,0.21502605,0.13049196,0.94132286,0.26300645,0.10015972,0.16813381,0.26765513,0.03967408,0.0,0.20792475,1.7921531,0.24855737,1.3986995,1.8330964,1.1597561,0.004120649,0.57245106,0.8214382,0.11434852,0.6544323,0.7277363,0.13461542,0.020101272,0.6357468,0.06669753,2.7001138,1.2506942,0.47978964,0.061973047,0.053261336,0.3789407,0.23587534,0.21950121,1.1498749,0.10136389,0.06517612,1.4399531,0.33549172,0.26963365,1.0009117,0.9354058,0.23388542,0.20104842,0.016016467,0.8939571,0.25057828,0.38503334,0.18089792,0.12970263,0.29312348,0.1829775,0.26073354,0.7274674,0.35181862,0.70355994,0.5071319,0.0037862293,0.039704338,1.0750346,1.2863678,0.68846005,0.37846017,0.38375401,0.32020235,0.27526465,0.27579504,0.11496318,0.43161508,0.4188701,0.030170279,0.07183316,3.023841,0.40080464,0.34430903,0.0022260111,0.0,0.8313259,0.0,0.19213915,0.11317609,0.12147541,0.88285804,0.09058013,0.07459756,0.0,0.0,0.06183791,0.11035469,0.019148963,0.022681732,0.075097784,1.9806832,0.86865336,0.21747245,0.72198623,0.52156806,0.011118607,0.7135709,0.09991702,0.05690766,0.26552206,0.024203321,all_pothole_images\pothole_images_enhanced_abe7db81ade4adc0d80483f3bae0b870.jpg
1.66326,1.3524772,1.1194377,1.0480827,0.042372815,0.1807215,0.0636102,1.5985997,0.12577966,3.637529,0.001736676,0.19407384,0.027470231,0.8712413,1.0244888,0.0802024,0.09386216,0.32370007,0.11375222,0.47671318,0.037320785,1.8242391,0.67458,1.8228604,0.4864366,0.5971528,0.29299766,0.6309921,0.20492026,2.4984467,0.40054652,0.20447226,1.047064,0.9905185,0.120799266,0.69866264,0.06048092,0.53827083,1.1554765,0.19151308,1.1933594,0.75900656,0.13080135,0.19198896,0.8900633,0.22946599,0.2862319,0.021262178,3.6971638,0.33066744,1.4611477,0.8193968,3.0191529,0.17593014,0.47724703,2.3180826,1.21353,0.99661213,0.6365906,1.3272506,0.115269035,0.64435995,0.55406314,0.69544077,0.8318444,1.9472204,0.009310937,0.31457895,0.32726708,0.97171867,0.18364826,0.40005085,0.30337027,0.07803254,1.1013582,2.1226835,0.05289767,2.3990448,0.8930176,0.33411235,0.032579355,1.3891206,1.2055134,2.5522475,0.44862664,0.44307482,0.90763867,0.419684,3.2368877,1.2203932,0.0007990523,0.45232737,1.4574479,1.1455431,1.0137142,0.85555357,1.6530107,0.19857173,1.0742732,0.17538996,0.30633223,1.8229307,0.3486852,0.021392155,2.864951,0.5476725,1.5626479,1.625901,0.2187649,0.9291009,2.2056096,1.8652369,1.8525599,0.80534315,0.116455816,0.6065456,1.9859339,0.09655021,0.8375674,1.068797,2.9188428,0.37612268,0.4618023,2.171079,1.5944159,1.6032615,2.8744245,1.2707877,0.5212472,0.531848,0.38768512,0.08050312,0.1692639,0.403322,2.8236103,0.2863851,0.7605261,2.090435,0.9509612,0.4954468,0.36750495,0.23768662,2.2290754,2.0800548,0.53981274,1.9474187,0.6514046,0.46997255,0.063065104,0.44026506,1.0187452,0.8963807,0.36189574,0.6912435,2.0581777,1.1291949,2.019966,0.85353863,0.10790017,0.7358008,0.5859948,0.49192062,0.9183243,4.9727426,1.1888996,0.5515626,0.3788285,1.5173078,3.2649972,1.0443468,0.039523672,0.00575351,0.6924531,0.014058341,3.7523391,0.30824536,1.5095476,0.11374188,0.3319048,1.218395,1.9029465,2.6605785,2.1534607,2.4300108,3.9993038,0.4762276,0.6477492,2.1212957,0.031787407,1.6105397,0.04500189,1.6542548,1.0152782,3.0103211,0.07037456,0.7916066,1.3763442,1.9879723,0.36856872,3.0476048,1.1198908,1.4720892,2.6340952,1.1046622,0.7720434,0.57658464,0.24327628,0.478542,0.11728211,1.9868942,0.28329867,0.19635537,2.6607995,1.2306142,0.4089329,1.315118,0.18993072,1.1931455,1.097692,0.07998677,1.2037315,1.3756828,0.42862588,0.4883674,0.0859638,0.17082745,2.0586464,0.74326766,0.5443407,0.4906961,0.9754237,0.035960097,0.0157714,0.83124197,0.4850533,0.13971071,1.3186502,0.42906576,0.1923468,0.28688475,0.36125946,0.35237527,1.1800044,0.9954906,0.7579515,0.1131875,1.2236681,0.85338515,2.2963555,3.6862106,4.0619645,0.6476955,0.7191897,0.14859584,0.939792,0.38234323,1.3325541,0.05434983,1.8629692,1.4547528,0.44008765,0.0664429,1.3745058,0.5753398,2.6153839,0.9067714,0.19711548,0.7151602,1.7518631,2.3422258,0.41241455,0.3746797,2.2819898,0.8849943,0.87900674,2.2764108,0.7448561,1.273677,0.0041705365,0.3310447,0.203818,0.75773805,0.043969974,0.7519704,3.6150138,0.25888258,0.38571593,2.460361,0.9475937,0.37923193,0.0,0.887551,0.30256766,1.9122,1.352518,0.35191068,1.9964662,0.9653491,0.31015465,0.6348308,0.23414417,0.97358376,0.9435672,1.3703777,2.1005194,0.54194283,0.95648485,0.3624013,1.296821,0.34201917,0.68326217,1.6024882,3.712468,2.178229,0.13152336,0.70093566,0.14625841,0.56085867,2.2231328,0.5235525,1.0087242,0.5769447,0.22394703,0.9220343,1.2241712,1.8081198,1.006749,1.1447327,1.3640014,0.35992128,2.2631993,0.5037994,0.013266069,0.49386635,2.9096804,0.1676521,0.974231,0.027006717,0.18516605,0.13415183,4.631965,0.90971756,1.6776867,0.5527094,0.7644677,0.16542003,0.12645002,0.5201227,0.6370416,2.8413544,0.46020067,0.7257403,0.086549,0.43475014,2.1405718,0.8377394,0.13146134,1.807725,1.8522528,1.2133676,0.51142347,1.1704185,1.4871248,1.1654706,0.05731729,0.6564192,1.8920895,0.60004383,0.087319225,2.0769095,2.0679874,0.79582626,0.38009515,0.5320293,1.1065954,0.8424307,0.6866288,1.222813,0.42188033,3.0852978,0.4875267,1.4755696,0.7441943,1.3763715,2.7150376,0.7631817,0.14051138,7.492708,0.14170372,2.956371,1.4153612,2.566581,0.23073635,0.99651194,0.11952468,1.4765055,0.4668978,2.0474756,1.1817877,0.13834988,2.7520397,1.1545484,1.842528,0.51947206,0.18808544,0.47841072,0.12880816,0.2062738,0.81319594,1.3705846,1.4839203,0.05071054,0.33919218,0.76635385,0.7676738,1.1627457,2.6899621,0.9891636,0.36907288,0.6876057,1.4152335,0.8548254,1.5502692,0.44286984,2.3661346,0.2450311,0.56309783,2.8963273,1.8520416,2.4358413,1.0507149,3.0914817,0.45534533,1.011701,0.080140114,4.8772864,3.7097285,0.28623354,0.8298553,0.18391202,0.65910774,1.0999353,0.7633965,1.2396052,0.1711391,1.0713811,1.0791171,2.134083,0.5931851,0.69566715,0.4621113,0.2766605,0.03592332,0.6711488,1.4861478,2.249861,1.3238242,0.025793118,1.3684982,0.42876348,0.8389225,0.3846839,1.8367016,0.5544794,3.3228652,1.1773021,0.68044674,0.6403963,0.44254518,1.2007686,1.1617434,0.5364132,0.5770312,0.30793926,2.4576724,0.77739745,0.1979601,0.30728632,0.08707235,0.15627715,0.9604665,2.6508534,2.1073673,0.2215165,0.093469724,0.75012815,1.6971585,0.0,0.23260683,0.013003617,0.3021176,0.57885903,0.28778833,0.08306775,0.33658877,0.4213558,0.070708185,0.8460414,2.27528,2.0831716,0.938089,3.3638732,0.36202192,1.6838064,1.701994,0.9717502,0.029373497,4.988764,1.707088,2.5996706,1.3803186,0.36014536,all_pothole_images\pothole_images_enhanced_ac3f8f5f581f5acaea3a20ec6603c23c.jpg
1.4162161,1.7905076,1.0158786,0.7659529,1.2471329,1.6259787,1.5668422,0.69877356,1.5587344,0.43635738,0.027162243,0.57779735,0.5757083,0.8842145,0.16423042,0.06292508,0.75237584,0.32235706,0.09741717,0.00823373,0.28275922,2.0100408,0.27993047,0.32514688,1.4621747,1.0265633,0.86988205,1.9458095,0.02965713,0.2663649,0.2599512,0.42020994,3.6251504,0.038262066,0.36303854,0.7341862,1.6456,0.5845623,0.6791156,0.44446144,0.037125483,1.3446091,0.14641356,0.72821134,0.5310457,0.3283067,0.050185308,0.012970802,0.4415442,0.107113756,0.45454422,0.03638514,0.18130495,0.2970276,0.019046001,0.13915455,2.335644,0.0,0.25045806,0.07291342,0.48753098,0.0029743316,2.7807565,0.29833254,0.03402616,0.9986003,0.3720171,0.062279213,0.15813208,0.13279396,0.048300106,1.4446056,0.0679184,1.1052266,0.012659463,0.8100083,0.49181855,0.07460561,0.019851172,0.25320485,0.61235094,0.09064103,0.07089629,2.0758376,1.1315404,0.08211178,0.25366083,0.0475219,2.6477199,0.9287373,0.6876829,0.022232343,0.7847355,1.2454096,0.39054388,0.1074912,0.40089765,0.36437598,1.5844126,0.5758091,0.1250805,1.3449084,0.19136176,0.11264038,0.08845559,0.09010591,0.53594357,1.0491517,0.5831497,1.0470297,0.7123718,2.965218,1.4400967,0.035678368,0.32170653,2.521609,2.6724527,0.30826917,0.12736663,1.0402806,1.3393232,0.0,3.4185328,0.3102544,0.15636155,0.4105346,0.2713451,0.8786522,3.0605612,0.11930784,0.5256671,1.2274396,0.3215257,0.88328534,0.09915772,0.8907172,0.11166444,0.3161562,1.9531107,0.17031905,1.6993124,0.043235116,0.0,1.4378608,2.0542035,0.82476956,0.13362145,0.118439205,0.34079936,0.3548325,0.047379356,0.7704157,0.16446151,1.0128886,0.98249036,0.18578401,0.75916725,0.53604466,0.66106987,1.2741444,0.7328042,0.42687982,0.01026878,2.7141128,0.3064824,0.113172166,0.71586686,4.465089,0.5525559,0.012855109,1.131882,0.5347994,1.2446331,0.7055677,0.22382282,0.0003964607,3.986358,1.0068138,0.007723292,2.0852022,0.2769527,1.7293421,3.2018962,0.008167826,3.1365225,0.48347422,1.6693672,0.17567949,0.002855986,0.04910182,1.7579378,0.01885538,0.34998515,2.4247656,0.4769018,0.64636606,0.07556362,0.2671305,0.53215086,0.07718151,0.28779936,0.41643387,1.5211941,1.6020983,0.72421265,1.9574994,0.05748702,1.1679775,0.6555835,0.061824005,0.97021395,0.7009578,2.5037718,1.5504375,0.24035895,0.20702472,0.102004245,0.05004174,0.8935664,0.5236278,0.8462486,0.32511997,0.6232089,0.19268183,0.0,0.36138782,0.832398,0.012746538,0.6008092,0.14949307,0.6296281,1.8999362,0.0,0.47798297,0.6682138,2.0862339,1.458928,1.3220166,0.007573865,0.11489251,1.3575898,0.2634245,0.06673909,0.5846928,0.06253804,0.050600436,0.704495,0.48289263,0.505589,2.2369225,1.8175285,0.025830058,0.3152362,0.2533549,0.29377747,1.1986567,2.4102817,0.17535642,1.0118891,0.67589086,0.9799009,2.885997,0.48327237,0.90112126,0.26797807,0.6139759,0.010636659,0.17423505,0.19982588,2.8637772,0.09440883,1.0716069,0.19038558,0.2747053,0.50071186,1.2658345,0.7242697,0.70552874,2.320607,0.61166275,0.44170457,0.72327435,0.070984535,0.9784244,0.55742913,0.100982584,1.5541295,0.7648075,0.46983865,0.14804834,0.46198684,0.08228531,0.17735218,0.6328009,0.2647473,1.7967936,0.61440396,0.43912178,0.59386325,0.24567261,0.028747203,1.060081,0.21993901,0.8448906,6.004448,0.26287058,0.88761306,1.4687151,0.15683763,0.31366378,0.47468948,0.337832,3.8732386,0.5671721,0.005214365,0.2687616,0.99605304,0.9804184,0.67724824,0.70862937,0.0,0.21524951,0.06689532,0.15187675,0.40696642,0.089232504,3.2693129,2.216098,0.13822573,1.0205735,4.9400105,0.670756,0.05904705,2.1397703,0.9282613,0.29095873,1.1766078,0.85149133,0.03727141,0.17189753,0.2889537,0.42346907,0.7302663,0.054704238,0.041499287,0.49270147,0.052023433,0.3274522,1.8829311,2.4255018,0.7587006,1.5093073,0.26819572,0.36914966,0.9432323,0.28494442,3.304248,0.15101859,0.2513063,0.18521367,0.64142513,0.014791342,0.472176,0.04459788,0.0,0.80384165,2.1800904,2.6403036,0.18193902,0.04846778,1.7363948,0.24832751,0.68775225,0.71757394,0.92990875,0.32564044,0.5829404,1.0742171,0.06647611,0.88904345,0.06865224,0.5120151,0.6126388,0.31991553,4.1893463,0.62333894,3.547987,0.3601541,0.05623785,0.8416078,1.9922152,0.15370238,0.596779,0.68912584,0.4408528,0.4015033,0.20999669,0.7225456,0.037724175,0.047693554,3.8306317,0.29584938,0.024661027,1.4247279,0.16609353,0.08723852,0.7740962,0.8380543,0.47248143,0.50224894,0.013132403,0.22454946,0.6782282,1.7103486,0.20942755,0.4243075,0.48282063,0.82862216,0.87957793,0.19834912,0.40513185,0.72613335,0.8658961,0.95903885,1.2270103,1.1195686,1.0018835,3.5447683,0.41408834,0.024136974,0.72356784,2.170934,0.06626291,0.28693786,0.35951233,2.068732,1.9153862,0.6783573,0.07346928,0.3238213,0.8743941,0.034147978,0.028779667,0.043165673,0.44474635,1.0850469,1.0235311,0.31664732,2.8555546,0.3979275,0.6751919,0.8285696,0.016265662,0.30160895,0.90733945,0.24860805,1.392427,0.6571486,0.67098874,0.5250175,0.88813174,2.615037,0.916845,1.3409004,0.46451226,0.03881351,0.54946715,0.1521915,2.0635054,0.11357816,0.3271254,0.6666506,0.83567816,1.006827,0.15508898,0.047907557,1.3362272,0.6389967,0.62001354,0.055139758,0.05082396,3.0807128,0.085181236,0.49133974,0.0025401704,0.2710559,1.5342863,0.7764203,0.2821642,1.1826264,0.009090851,1.198837,1.2004343,0.100771904,0.90689355,0.29620978,0.1927941,0.26742113,0.13939585,0.08564851,1.1326977,0.9454989,0.20742284,0.38148424,0.51953775,0.17300212,0.76731145,1.0250912,0.35365108,0.64457345,2.17589,0.40087247,all_pothole_images\pothole_images_enhanced_ac50fc10052aa9f03e8c3be02ff9671d.jpg
0.27696112,1.998622,0.6626378,1.9935553,1.9063067,1.0506525,0.06186859,0.09716204,0.49603996,0.35059464,0.14296517,0.5369733,0.4941541,0.26663753,1.0582213,0.49068433,0.12800175,0.11401577,0.30755556,0.46857968,1.1201982,1.6340923,0.44144872,0.61638683,1.6215973,0.3620912,1.1207919,2.3288486,0.32492548,0.32060483,0.6913644,0.46592402,1.116489,0.22070795,0.48374245,1.4609118,0.7623151,2.0331576,0.1176026,0.6810043,0.04428362,0.101068385,0.102741554,3.5546906,0.61946064,0.24911736,0.24187781,0.61602145,0.25013185,0.6964022,0.70382714,1.8335677,0.20115006,0.6410961,0.2428478,1.87587,2.1618917,0.14863443,0.101385355,0.6416372,0.010549603,0.925676,1.2610816,0.31350255,0.17155406,1.439317,0.38618627,0.79764044,0.5764746,0.536482,1.0609572,0.57963103,0.58431053,0.38068536,0.55653405,1.5508769,0.426438,1.081641,0.049224693,0.6448636,1.8749137,0.003655412,0.0009360014,0.41619685,1.3660015,0.49577746,0.13019194,0.16662331,5.484061,0.087578386,0.5341513,0.41957733,0.4017362,0.6696256,0.4853873,0.033025756,0.37076646,2.235616,1.2885635,0.81144524,0.0,2.7682407,0.104593664,0.57674414,0.23507525,0.1003412,0.29599616,0.11556664,0.080757655,0.54482114,0.2135014,2.1139505,0.3179179,1.1449949,0.32668132,0.97231054,1.7814127,0.16302964,1.1918055,1.3662376,3.4137304,1.1356908,0.19794083,2.0113065,0.7102211,1.050581,0.19062154,1.0224545,0.7525252,0.43222454,1.321308,0.10947836,1.1912365,0.7271564,0.43273294,0.8797859,0.36719435,0.8443404,1.2644832,0.49551955,0.55519104,0.054105923,0.18753637,0.66255033,1.3300892,0.7924943,1.2581254,0.56960523,0.0,0.92280656,0.81734926,0.89419633,0.1339166,0.038019925,1.2451235,0.35764328,1.3768718,0.16103256,1.3985432,1.136892,1.1642106,0.5919725,0.3186745,2.4692273,0.0018995161,0.41873923,0.40048143,0.27192968,0.921427,0.3074665,1.109761,0.38462275,0.5138701,0.59867233,1.0686175,0.108246185,1.0504452,0.12967034,0.22026922,0.2569207,0.14638951,2.3144078,4.1531963,2.6508098,1.3621984,1.3257036,1.1584198,0.17343253,1.6606305,0.72390366,0.8200404,0.63884056,0.31856126,1.3980426,0.26664916,0.37202352,0.2888219,0.033691034,0.087750055,0.6967052,0.6843257,0.38056207,0.2991701,0.96490276,1.0815121,1.2883503,0.014271101,0.7666165,0.72169197,0.023033787,0.3874593,0.59030765,1.3139956,1.8606616,1.373553,0.62817764,0.28513664,0.0973176,1.3931918,0.0058099427,1.9067513,0.104527384,0.13182788,0.08115511,0.13863118,0.95990425,0.55065227,0.2501933,0.28197715,0.7941471,0.21849634,1.0669163,0.41272455,0.13755405,0.17226197,0.4028843,1.2038076,0.3682377,0.05493659,0.11362884,0.3406728,0.026996732,0.14087728,0.0029460713,0.16757147,0.2360226,0.30192256,0.0,0.19669971,2.4937108,1.0666145,0.22329073,0.4612446,0.72925377,1.0758331,0.12626126,0.88935256,0.00019491887,0.2998319,1.538927,0.50427985,1.2188431,0.87817067,0.30812544,0.623066,0.8100143,0.034891143,0.5951357,1.5611758,0.09596606,0.42160892,0.3960389,0.42271894,0.29517233,0.11791164,0.8417662,0.49168757,0.2117677,0.23215456,0.72922045,0.1648456,0.014335193,0.7839494,0.14997332,1.2910452,0.9566916,2.4075372,1.4554257,0.46182773,0.020683568,0.5598775,0.9571512,0.04702436,0.9575413,0.6201125,0.4396912,0.72968984,0.059523407,0.06115224,0.63201165,0.21532668,1.156963,0.1620923,1.1827258,4.9556727,0.47521725,0.0027124416,0.72738314,0.63075584,1.2660024,0.07333133,0.80532056,3.1242034,1.202497,0.18886071,1.1353451,0.42724282,0.9992954,0.5252022,0.06455502,0.29092613,0.77286917,0.47342098,0.30601296,0.9796571,0.62485564,0.9550083,1.0230042,1.2241052,0.87497866,1.8141497,0.74890447,0.27723047,0.08384723,0.74875766,0.76179415,1.1798749,0.73460245,0.62977046,0.46833694,1.1371753,1.1493448,1.96556,0.14118636,1.5243261,0.112523094,0.12743519,0.11615578,0.500763,0.39291802,0.84495527,1.1137543,0.59665966,0.3022948,0.7120866,0.11699216,0.3570648,0.24002223,0.661255,0.38052523,0.0050747334,0.0013127706,0.23467697,1.4575678,0.1790086,0.22026935,0.45427778,0.22824194,0.1404346,0.4845068,0.8897409,0.5165548,0.88549125,0.11908554,1.7051466,0.99614906,0.09757996,0.04426718,0.28625122,0.31640348,0.005155971,0.13249712,0.18252575,1.3457983,2.525174,1.7728554,2.4297304,1.2605287,0.5788952,1.2491797,2.076463,0.12734751,0.09331704,0.07252715,0.28790942,0.054082323,1.1482646,0.23487768,0.40975794,0.33533198,0.7695456,1.3386053,0.0,0.5813065,0.3010043,0.26975754,0.022793686,1.2372265,0.6360291,0.5956776,1.8624269,0.65796506,0.47576654,0.64312726,0.019465096,0.36681217,0.7142067,1.1726656,0.17309617,0.034907304,2.8415222,0.17105316,1.5206922,2.6632943,2.7022228,0.116149694,1.0756307,1.9380045,0.20477825,0.28910896,1.6208628,0.21711744,0.613162,0.5815479,0.38047674,4.2716904,1.6765889,0.5033692,0.028270753,0.7351991,0.9227736,0.32693666,0.03350462,0.44541442,0.05623238,1.0117234,3.1442866,0.3596282,0.73571014,1.7489753,1.1388735,0.6158863,0.30075398,0.5491376,0.20990992,1.2765604,0.9572145,0.44564542,0.39720246,1.0998499,1.142157,0.40444577,1.1038922,0.23935346,1.1664566,0.32625487,0.42579135,0.082829095,0.48952085,1.1389089,1.6714518,0.1138603,0.5195925,0.24736525,0.36020315,0.28471157,0.36440232,0.6783496,1.2677422,0.3015544,0.8405348,3.295089,0.26587108,0.3808557,0.0151949255,4.4544748e-05,0.8329368,0.35443515,0.1107543,0.13136916,0.014667195,2.9587464,0.047938347,0.27144048,0.029899336,0.0,0.1431722,0.00805696,0.2737484,0.013684803,0.19815521,2.6975856,0.49615481,0.5217252,1.6628975,0.75804245,0.019587765,1.1394536,0.68968004,0.2113719,0.861523,0.36975276,all_pothole_images\pothole_images_enhanced_aca94872289c7c99d985a5fcb764ef95.jpg
0.70029384,2.62117,1.1267717,0.78922737,0.3956621,1.1298624,0.3860339,0.105978295,0.4333638,1.0957779,0.04519124,0.029929863,0.18635485,0.9461353,0.42426378,0.70301294,0.5189658,0.18380553,0.22081725,0.12939556,0.2098999,1.760343,0.3667646,1.2328162,0.42935756,1.415979,0.19825013,1.687356,0.42231014,0.41746312,0.31587175,0.04146628,1.4694799,0.61351746,0.07698089,0.20406564,0.5679016,0.48326483,0.28757158,0.33908755,0.5570699,0.40389633,0.624924,1.1023642,1.1720346,0.16187267,0.39240497,0.06545362,0.9400945,0.2406915,0.3405223,0.3136905,0.61536825,0.5619797,0.04260408,0.07275587,1.776124,0.41683412,1.1476687,0.9710282,0.09628031,0.8327867,1.2346323,0.83276254,0.105722085,0.5156617,1.1519737,0.29470414,0.1331825,0.55682105,0.4780149,0.8505534,0.44077536,0.009639245,0.5269151,1.0496472,0.6087611,1.311291,0.4001605,0.37076244,1.4285223,0.40373242,0.17998526,1.1413033,0.9089489,0.41859028,0.047644,0.26739162,3.7691574,0.61121404,0.254793,0.28237125,0.54582375,0.059242677,0.9272355,0.6026808,0.6219394,1.5409235,0.5772823,0.22618367,0.16197242,1.825573,0.2391151,0.21546848,0.028481916,0.058700904,0.2651372,0.1819085,0.3581194,0.45696512,1.0961778,1.3615617,0.20056275,0.14781871,0.08214661,1.499436,1.7444674,0.20151345,1.4166064,0.59388274,0.75101954,0.41512364,0.46225893,0.50453883,0.061153956,1.2646309,0.0622659,0.82244134,0.27692822,0.42295954,0.6306448,0.32222345,0.06832148,0.048099827,0.66893613,0.07579853,0.049923215,0.07193539,1.573935,1.158213,0.2326999,0.37551856,0.024129676,1.2114203,0.7353933,0.3373177,0.807977,0.28209868,0.1885726,1.8747565,0.22388127,0.8307688,0.4846048,0.034512382,0.9776213,0.73860043,0.35628855,0.09303005,0.9287179,0.51640123,0.21045782,0.7449707,0.17455661,0.32987007,0.03937728,0.26753375,1.3071988,0.7504433,0.7848317,0.06868853,0.398459,0.04281508,0.7374655,0.34188682,0.5292031,0.11685563,1.6879303,0.24761315,0.39643037,0.43794015,0.7590268,1.0029536,1.7177353,1.0549316,1.5610405,0.25444838,0.41296697,0.31445503,0.5243601,0.76041514,0.40231922,0.1007468,0.30327997,0.63299185,0.6561983,0.04801502,0.36517072,0.3859383,0.30769363,0.6620494,0.18610401,0.32010695,0.15667103,0.8279952,0.9165558,1.5868291,0.70614225,0.4222504,0.8149903,0.042690564,0.5381463,0.082943276,1.7336017,1.7858547,0.19699493,0.44730672,0.3084657,0.2889439,1.7595029,0.3770703,1.0141454,0.08105257,0.6484141,0.91087127,0.0027974637,0.11102325,1.1947985,0.2402519,0.9313884,0.2566275,0.9425059,0.1996797,0.35088292,0.1471465,1.2612604,0.2668251,1.3671931,0.3237578,0.07894939,0.010137436,0.12691717,0.06693498,0.119579226,0.29099697,0.012530078,0.0063163964,1.3137183,0.29194084,0.1489213,3.5322285,0.7203715,0.15564616,0.23901743,0.48088804,0.014136623,0.9380453,2.0770278,0.015822563,0.80993354,1.999404,0.30206013,1.3300952,1.1623608,0.9138542,0.42977136,0.7339041,0.07470879,0.31192815,1.8928653,1.0475389,0.64876264,0.19705337,0.23063377,0.28041363,0.39612544,1.4667935,0.6193419,0.6864345,1.3405737,0.7806723,0.093675874,0.20515333,0.1435586,0.47213033,0.67668444,0.19898754,0.6546206,1.3402934,1.2756294,0.11051599,0.7065723,1.149267,1.0678701,0.5519157,0.17309313,0.22408257,0.2818356,1.075448,0.9059349,0.5357233,0.0,0.5087492,0.28981066,0.35004172,6.5328736,0.40461886,0.039360568,1.2852584,0.19519918,0.31906503,0.0,1.4045945,5.2050395,0.5192592,0.007742238,0.1313265,0.7020976,1.015472,1.521101,1.0754863,0.04938417,0.09471477,0.018776776,0.43518794,0.7532141,0.9845127,1.8168368,0.97358483,0.7389664,0.43871644,4.2629094,0.48434097,0.1268652,0.22304682,0.89310783,0.66008466,1.5126681,0.04852491,0.11340655,0.27048343,0.47325572,0.37877795,1.8591347,0.0,1.3842125,0.053272597,0.16048864,0.19816652,0.88721794,0.5715548,0.24087127,1.4739789,0.38912776,0.42216328,0.4823927,0.034321055,1.3719037,0.8552186,0.0830804,0.19867985,0.0,0.0,0.16414368,0.11608363,0.028260147,0.6683403,0.19574326,1.93629,0.11674258,0.20959781,0.56335294,0.21611357,1.9086838,0.062781654,0.7437943,0.7316588,0.019285308,0.38429987,0.44202328,0.134433,0.1661472,0.121931314,1.002152,1.4275497,3.7782729,1.18496,1.8805969,0.043790046,1.0687174,1.5700372,0.9517643,0.7269982,0.24148999,0.6831989,0.080712825,0.1331574,0.1024437,0.519782,0.09030638,0.534014,1.2220864,0.046672374,0.7195348,0.7000944,0.2478461,0.46228772,0.7342102,0.73727936,0.46734715,0.52625465,0.05828155,0.88490933,0.0,0.37724015,0.17078723,0.113388285,0.8775572,0.5478007,0.081223875,0.25821903,0.9017368,1.0334724,0.33642793,1.1393518,0.7972781,1.5760648,0.9193243,1.1824526,0.09502959,0.5971443,0.90139353,0.0042571197,0.14559142,0.14052844,0.26928422,2.937006,1.9748628,0.5892218,0.016791815,1.2013831,0.63897085,0.13760693,0.40060437,0.32900763,0.6791886,0.6146543,2.041847,0.9217423,0.9519977,0.60493165,0.78316015,1.1990863,0.9836472,0.70842594,0.59958315,0.30629045,1.0333961,1.3030996,0.12067137,0.55815756,0.80125517,0.15198764,0.7320999,1.7744567,0.7113191,0.805254,0.12950082,0.6364909,1.0017852,0.9150936,0.86756617,0.44255182,1.3369496,0.12004447,0.19496708,0.20634145,0.0,0.05388079,0.6835238,0.6608239,0.5882263,1.969039,1.1052489,0.20903212,0.10143089,0.1242956,0.8794121,0.5333205,0.27606556,0.05866566,0.39349848,2.5153809,0.24409765,0.25302097,0.24687704,0.04586492,0.63371146,0.21752053,0.24609436,0.00012319733,0.050300922,3.178539,0.3433893,1.2970558,0.4316512,1.0031703,0.48578325,0.4141577,0.3245731,1.3835175,0.4152322,0.32964277,all_pothole_images\pothole_images_enhanced_acd7bd99793392fdb5b8dab05bcf597d.jpg
0.69320434,1.1589116,0.499719,1.3384058,1.3671877,0.3336459,0.13137849,0.19136278,0.1266192,0.68716156,0.003899329,0.16182196,0.20625682,1.6904254,0.22728838,0.8852584,0.0,0.22955847,0.1892144,0.41133147,0.72336286,1.1603358,1.2423983,2.2940767,1.7689301,0.7573434,0.21328628,1.726564,0.7586935,0.38739902,0.874254,0.5574877,1.155277,1.0945121,0.79950595,0.096915126,1.3108832,1.2479997,0.27657735,0.26870504,0.74712884,0.42774644,0.18369897,1.3169975,0.58550626,0.4280674,0.14507735,0.0,0.24889229,0.36600354,0.96191794,0.10672617,1.0658215,0.4531033,0.044715215,0.48510897,3.1851358,0.00048797752,0.41623968,0.12505524,0.49171078,0.3097864,1.9644407,0.69290376,0.41714203,0.7766551,0.4042398,0.0,0.2136173,0.37741104,0.5683446,0.38278976,0.19214445,0.6223123,0.6819539,1.8625764,0.16581492,0.6639947,0.021318499,0.09803228,0.022733454,1.2915789,0.026791042,1.2512428,0.33971623,1.0828757,0.11453678,0.038546957,3.2665205,0.105905354,0.25881463,0.33778793,0.15208842,0.53404045,0.33918014,0.083466195,0.56531674,0.525731,0.065155335,1.5953244,0.07554366,2.0128484,0.054209687,0.020405885,0.57409704,0.43211433,0.03484774,0.6654628,0.1196827,0.7101789,0.47887012,0.9505427,1.5550474,0.39617336,0.82013613,1.2902673,2.0833259,1.0221103,1.8948092,1.1879721,2.61698,0.72154605,1.0975999,1.193992,0.4698524,0.7049533,0.06294599,1.8733883,1.8138694,0.4360876,1.366181,0.00901206,0.6111843,0.25134313,0.078577265,1.673242,0.68878686,0.9107901,1.6826215,0.40070295,0.44108877,1.4241993,0.043334898,1.1975453,0.43546447,0.99974227,0.18034004,1.1875705,0.97721815,0.7041119,0.5462813,0.7910179,0.2940257,0.36495644,1.0793276,0.9688835,0.7555733,1.0980383,0.46549258,0.42519683,3.4164746,0.5877871,0.055650767,2.1402862,0.064207345,0.7382345,0.19030532,0.90970874,2.189216,0.38373098,0.16548412,0.18726116,0.0,0.8063396,0.38284394,0.088905886,1.749917,0.1322384,0.075129345,0.0066347104,0.03802261,1.7011597,2.0367556,1.6426494,2.5718815,0.37645212,0.3720862,0.44005045,0.09533663,0.31629616,0.2985201,0.9033402,0.024629164,3.7918189,0.040875416,1.6532451,1.4579124,0.5193191,0.6217266,1.2556797,0.5255532,1.2588277,0.9866444,1.1978027,1.311824,0.41454524,0.504327,0.13728409,0.8888171,0.092893094,0.6615724,0.18099163,0.3540726,1.0665112,1.8302369,1.1851034,0.6311182,0.38599664,2.581521,0.13323812,0.6559729,0.033896152,0.06108958,0.35219133,0.045988686,0.37421128,1.7393764,1.0362043,1.5469643,0.022372091,0.08272678,0.42976016,1.3700652,0.03902613,1.4910239,0.24060625,2.6253552,0.23107219,0.0489906,0.31758377,0.655124,0.03670587,1.7740822,0.76521796,0.07408298,0.0033788893,0.7703552,0.5335008,0.48411146,3.8471675,1.0737779,0.019305088,0.8722173,0.22127043,0.06823018,0.37132508,0.5556382,0.10058001,1.5528576,2.2848544,0.05148222,1.2609937,0.7164239,0.9405785,0.6596759,1.1625226,0.027067766,0.08757452,1.486678,0.99853575,0.24913944,0.008883713,0.41076916,0.037374817,0.5547886,0.9680618,1.7747202,1.7271124,1.511643,1.3881801,0.087701164,0.259769,0.4191028,1.2013594,0.91978085,0.4646047,0.51101875,1.7700264,1.9598562,0.10238945,1.1230341,0.4143142,0.0775673,1.1385168,0.06868439,0.08331281,0.115463555,0.34246355,0.3487457,0.5168431,0.4838189,0.46971163,0.24526748,0.011685417,6.951179,0.11598153,1.0196475,0.5992634,0.4978904,0.12289273,0.4753631,2.148733,3.4532938,2.174353,0.046415806,0.47544053,0.002014187,0.637478,1.7372885,0.6090576,0.2798337,0.2866815,0.058070756,0.7779452,0.61422795,0.32258278,1.6760207,0.888125,0.053616446,1.0372497,2.7648735,0.09551946,0.18074998,0.4595391,0.4871146,0.433383,1.2782974,0.8801918,0.08145993,0.09016105,0.2941752,0.86666775,2.679434,0.0562618,0.37255228,0.0,0.49630985,0.25870943,1.0378445,0.6536425,0.07562838,1.1448407,0.2297013,0.19237581,0.15970084,0.122891285,0.06986804,2.4401798,0.15795156,0.6234606,0.00024116108,0.24606578,0.7592224,1.0743072,0.0033169587,0.6358056,0.85624987,2.4509184,0.017288629,0.7648952,1.6672623,0.45625502,0.19286425,0.24740551,1.1953844,0.36882898,0.005425986,0.26716182,0.8015915,0.8794658,0.12810026,0.04869572,0.15820096,0.7567734,4.667322,1.8568634,1.3640118,0.15962417,0.0160523,0.91776645,0.5222462,1.7486895,0.39616108,0.17546365,0.15711641,0.07001671,0.777553,0.8625842,0.6452466,0.2553576,2.4523106,1.3345667,0.71443146,0.9262773,0.027406381,0.61642873,0.82397944,0.088128164,0.41675854,0.09452721,0.26140815,0.16027945,0.41062367,0.06787913,0.09148103,0.95116276,0.36254063,1.1090516,0.14037411,0.15439297,0.93733275,1.2347552,0.6134024,1.8133385,1.5396504,1.9362203,1.0634731,1.7686505,0.7133691,1.587994,0.49841034,0.37274694,0.04528111,0.20609088,0.2408968,4.256521,1.4743444,0.6605844,0.07278274,0.93608904,0.9408127,0.77936476,0.24104124,0.6136,0.13132407,1.3854859,1.0899465,1.0052583,0.5483244,0.18744947,0.54771876,0.68100363,0.56655616,0.3457944,0.71448064,0.33939922,0.95063984,0.4902381,0.58659697,1.4799004,1.4232178,0.083007626,1.2343695,0.062291484,0.39130694,0.18276995,0.3532986,0.13700207,2.2516727,2.0088305,0.46129015,0.5203168,0.56839824,0.6866385,0.68270147,0.05100341,0.6157692,1.6580511,1.1158519,0.0,0.3866131,3.8452864,0.8630029,0.64996344,0.0,0.8992618,0.921225,0.5226327,0.9050654,0.07266527,0.063860476,1.2302101,0.0,0.30250782,0.15936936,0.01880967,0.37738967,0.012619732,0.28121305,0.19614226,0.90454584,4.7045484,1.6685904,1.0865405,0.65530264,0.40196523,0.20036739,0.9489701,0.21231447,1.0427032,0.6440391,0.2757481,all_pothole_images\pothole_images_enhanced_acfd1525f9c9de338d8966b109f13e7c.jpg
0.8774643,0.21171336,0.05911428,1.6921748,0.037536092,0.19118477,0.2028003,0.4660987,0.4357357,0.5977198,0.23254855,0.08278209,0.30759326,3.5126104,0.09221211,0.17252713,0.0016603337,0.35555694,1.358716,0.42841464,0.8353128,0.9869678,0.08013814,0.054359827,2.015048,0.57661337,1.6825624,1.9887574,0.087446816,0.008862142,0.99337316,0.28545418,0.0025015916,0.2244905,0.57076013,0.15664673,0.56999135,1.5023376,1.3482777,1.2974286,0.009975854,0.23920654,0.44542724,1.329024,0.38969928,0.094770744,0.1499286,0.09022333,0.7158288,1.1604435,0.23582433,0.5452508,0.18502149,0.08211161,0.0,0.3141851,0.14760618,1.1007555,0.024805944,0.15893917,0.29058397,0.60767245,0.17338167,0.118768804,0.5480537,2.0511947,0.18599764,0.09625597,0.19853443,0.061570946,0.12897716,0.2245956,0.17527074,0.41562936,0.19234855,0.14049387,0.10606715,0.37657973,0.0,0.010092859,0.0030758712,0.1504384,0.538863,1.5051724,0.1494793,0.28951815,0.27542627,0.1373885,1.4780415,0.167681,0.13947615,0.4045821,0.16902186,0.5316064,0.21634777,0.0,2.1401312,0.8064359,0.43920147,0.34698898,0.20609711,0.38906854,0.38575992,0.0061546345,0.2684208,0.8070999,0.24708545,0.4132776,0.0,0.8901559,0.0072899843,0.84453124,0.27495286,0.114039995,0.25264606,0.17282669,0.99904746,0.044779267,1.3823575,0.58686054,1.3146642,0.020002218,0.27369368,0.19200097,0.6788823,0.40923756,0.45895743,0.7142903,0.19888677,0.6570307,0.49502444,0.25616708,0.0006174544,0.2295587,0.10874349,0.30819216,0.1287795,0.68784523,0.6601834,0.006235041,0.031130195,0.18540567,0.5578628,0.24699494,0.030350782,0.33044082,1.2108357,0.1585204,0.23415096,0.050713617,0.020407567,0.17331792,0.13843393,0.1590894,1.3987719,1.1659966,0.2327692,0.22020184,1.1390281,0.8387546,0.6638115,2.2253456,0.16790408,0.6999171,0.067368776,0.2648424,0.669016,0.06852894,0.60595125,2.7655675,0.14112787,0.0,0.4350891,0.0,0.22281411,0.0008889517,0.027136035,0.15095921,0.03619995,0.12475237,0.15333961,4.9035563,0.9805701,0.9096645,2.8229935,0.86040074,0.65297747,0.17680627,0.50694114,0.5872896,0.004026485,0.80762917,0.07805622,0.74639904,1.0178243,0.11700627,1.3090855,0.874403,1.2197713,0.10296062,0.7508232,0.27181333,0.27326182,0.9003299,0.6837426,0.2967931,0.19590585,0.37733668,0.81140906,0.8821643,0.03533475,0.0036786308,0.5651554,0.25111124,1.0866971,1.4347422,0.35256618,0.17863242,0.047831744,0.91919875,0.92772293,0.7281665,0.84933776,0.13834223,0.013821074,0.8822925,0.45007554,0.024328744,2.602268,0.9349805,0.6581452,0.31003487,0.1438241,0.804486,0.12767678,0.061042856,0.82800305,0.010004436,0.49018735,0.6897776,0.2942443,0.2596932,0.0,0.08846939,0.17434199,0.0007760044,0.55325013,0.41827774,0.12935637,6.0833664,1.241039,0.13232462,0.25301307,0.5447609,0.0576809,0.067652866,0.25474384,1.5193859,0.32616782,1.3740621,0.625776,0.31741095,0.62595266,0.17107372,0.6355637,0.96624833,1.1984806,0.58698606,1.3416083,0.06653054,0.12594756,0.014477172,1.1949981,0.5423975,0.37450218,0.90878624,0.8576903,0.34654552,0.12082098,0.2796665,0.65577966,0.29778758,1.0458208,0.025980242,0.17441478,0.2533129,0.36616787,0.82820165,0.27495596,0.5536317,0.22581723,0.027512046,0.16252908,0.0637499,0.08623887,0.6461239,0.5988468,0.2919572,0.032664657,2.0346556,1.0202148,1.3362479,0.21350962,0.24485883,3.8275924,0.24804741,0.13078646,0.1619422,0.042592924,0.17983992,1.213551,0.053186122,2.0231428,1.7030385,0.07378514,0.03458047,0.028149342,1.6191202,3.5298343,1.1946752,0.019481575,0.0,0.32864067,0.5357462,1.0042719,0.17918271,0.4427549,0.031332824,0.07944151,0.31254372,2.9455836,0.32437617,0.45009425,0.18825722,0.50216585,0.27176797,2.738942,0.65935093,0.17859833,0.70079756,0.0,0.03194711,3.5730338,1.3526267,0.42096654,0.63229066,0.097441144,0.21572572,0.034993645,0.76182914,0.38668185,0.10188542,0.72101223,0.33407566,0.20033556,0.30161,0.10051405,1.0034342,0.1266774,1.9789478,0.33154845,0.31542146,0.0680888,0.4643437,0.3643868,0.0,0.94776946,0.341646,0.0413283,0.002324937,2.056143,0.28026873,0.18591876,0.29031625,0.14456753,0.20765643,0.008548935,0.18528117,0.6237221,0.15201132,1.6018811,0.0,0.4286942,1.1746484,1.9105655,1.0987829,0.6169655,0.008184346,0.21300195,2.9846802,1.2450894,0.9480672,0.07154834,0.25387025,0.019094981,0.22286841,0.21864717,0.7815825,0.24422763,0.021727605,2.7374182,0.7830745,0.5769999,0.08108404,1.328796,0.06931345,0.50307006,1.6069193,0.67378706,0.023219133,0.870304,0.5379827,0.35696235,0.9433089,0.010337962,0.05257964,0.40005764,0.32431507,0.21436812,0.054626357,2.0553956,0.027330894,0.36586818,0.6475881,0.4537651,0.019239338,0.785697,0.37540218,0.45214656,0.5770915,0.06600575,0.6704427,0.5703253,0.013958007,0.9734195,2.0610864,0.9179749,0.53263,0.7370019,0.011987632,0.65827686,0.5413434,0.38580066,0.3634561,0.05229396,0.04206888,0.07016293,0.23811884,0.07488416,1.0487555,1.7551877,0.8370699,0.8079225,0.3041254,0.54789394,0.7098191,0.70448256,0.051902667,0.55722946,0.99309754,1.0635452,0.129084,1.5894544,0.029998774,0.13874273,0.10601668,0.322301,0.02620386,0.5438237,0.53250647,0.1626964,0.14561215,0.40273035,0.0101844305,0.4842062,0.07124396,0.7034592,0.63241106,0.09565202,0.19602148,0.14628185,1.6599921,0.68587273,0.012347047,0.4192202,0.022425288,0.015018684,0.033333246,1.8080944,0.023892976,0.121625006,1.7295513,0.0,1.2225072,0.018081661,0.059333283,0.016067598,0.12711021,0.07394805,0.061962716,0.428684,2.9021914,0.6475083,0.02631667,0.7021913,1.0555425,1.7462332,0.32646805,0.060464486,1.1568992,1.012895,0.27978462,all_pothole_images\pothole_images_enhanced_ad8d52ef1d021432b9b4ab1ad8490b20.jpg
0.7031719,1.630504,0.35005462,0.43840578,1.6909927,0.11163727,3.2048116,0.055233788,0.53361505,0.1506218,0.38755774,0.98959374,0.37117386,1.9748309,0.91637,2.9765615,0.29341188,0.27706215,1.0474932,0.26833075,0.33383545,0.067035414,0.78752226,0.75739676,0.944701,0.113127805,0.7388868,0.8673209,0.21711788,0.3714423,0.6372464,0.036603745,0.26099044,0.013857652,0.89781964,0.07833334,0.0,2.778811,1.0479544,2.498333,0.03603785,3.3607495,0.006103713,0.07217989,0.15520427,0.32956344,0.014487721,0.21846569,0.6589911,1.8523606,0.19299617,0.6185554,0.7417268,0.9781325,0.12078622,0.7189528,0.22917856,0.85810053,0.50005436,0.23832946,0.87281984,0.18643679,1.3088559,1.8764623,0.10427232,0.814071,1.6170639,0.10351909,0.013214832,0.0909962,1.0039155,0.23370123,0.030136468,1.68678,0.20860934,2.019447,1.2714504,0.4162848,0.08362515,0.7588943,1.6142542,0.5993472,0.04414642,0.90717596,0.3096962,1.1536976,0.2268145,1.5335243,0.6957125,0.2485433,0.21299516,0.13380194,0.24790715,0.79764616,2.3596337,0.60114795,0.16332054,0.8999167,0.017022401,0.81286824,0.14392535,0.00043004882,0.02585699,0.7469834,0.8558595,0.7626578,0.35417685,1.4563956,0.0,2.4901125,0.23125327,0.36968344,0.95941377,0.5759252,1.1863774,1.0218312,0.8455179,0.04122435,1.3627934,0.969013,1.5021217,0.27471206,0.10404197,0.52943325,0.15719403,0.008987481,0.28318474,0.04453933,0.09814195,0.15366328,0.22585821,0.45463744,0.03464129,0.6139865,0.24291976,1.5666707,2.6503448,1.698548,1.0293398,0.0,0.02804328,0.5235263,0.0138084935,1.1072215,0.1257277,2.22753,0.929995,0.022089474,0.53429693,0.24793044,0.36824322,0.8837288,0.09062791,1.2655021,0.15513839,4.1114564,0.83823967,1.7761431,0.22063778,1.5895352,0.9173183,0.008796024,0.25494602,1.2055802,1.1406676,0.63413876,0.77582127,1.5357575,1.0100663,0.31619444,0.19071557,0.71726817,0.018992161,2.8096366,0.28942093,0.0,1.5831182,2.6641152,0.3640334,1.2731965,0.0,0.26079062,1.9775503,0.85201263,0.6363983,0.009236763,0.27960014,0.118360594,0.4505953,1.2214576,3.0974526,0.115856744,0.013901327,0.08879408,0.7163785,0.068095,0.6243081,0.25938553,0.92358196,0.4385449,0.039981402,0.22535944,1.7439641,0.98858595,0.88629615,0.9496269,0.33972776,2.2130513,4.8017707,1.2211975,0.79449284,0.37059397,0.4401301,1.4598439,0.053375937,0.48384225,0.43815473,0.020424118,0.056876235,0.19717216,0.023221392,0.73358345,1.4393486,0.09388507,1.3041775,3.761616,0.5640018,2.4679685,3.1572266,1.3841026,0.04290511,2.548721,0.46703702,1.8875414,1.0289861,1.0891194,0.27489647,0.08775484,1.9514972,1.5431596,1.465654,0.0,0.29513362,0.79795074,0.14076068,0.41797504,0.17981847,0.6534377,0.23530675,0.31907427,1.1921407,0.043462854,1.6084584,0.26735717,1.0543778,0.3771538,0.45389804,0.33947158,0.4322558,2.0586276,0.11901183,4.133089,0.26916707,0.12546653,1.322754,1.9098171,0.07912103,0.0041078003,1.273324,0.38807335,0.02052038,1.93247,0.71694666,0.0,0.5568228,1.5360104,0.0,1.599265,2.9075708,0.37858576,0.3509256,0.72272044,2.0373058,0.011697885,1.5637097,0.30850422,2.1756341,0.3313313,0.042252038,0.0653018,1.6704876,0.45855322,1.5756083,0.14324172,0.18294457,2.3760211,0.80454785,0.3760997,0.93864167,0.293044,0.30972737,1.976313,0.2134228,1.3514032,1.5481031,0.9746492,1.0595872,0.40669253,1.3771459,0.004178109,0.86108553,0.56184644,3.0130777,3.951742,1.9871984,0.5125015,1.481388,1.5332204,1.2562617,0.3017711,1.6489052,0.23196372,4.4754577,0.10723926,1.9522314,1.1358199,0.6383351,3.6569605,0.3583314,0.2526429,2.384479,1.1469878,0.0,2.5056512,0.51961374,1.6561475,1.4551357,1.4603896,1.8179328,0.26971155,0.0,1.0442941,2.6774566,1.2747326,0.011188857,0.0015849913,0.004557104,0.25034547,0.08992629,2.4192982,0.0,1.1195533,0.4603333,0.39943662,0.010060049,0.15342276,1.435024,0.44373137,0.77994406,0.5885553,2.5235276,1.3385127,0.072821744,0.43646014,1.0574536,0.0,0.27937996,0.6713182,0.092290364,0.8680214,0.25512654,0.9551212,1.6295593,0.5729825,0.9872794,0.063554175,0.7516325,1.6840457,0.018368877,1.0048537,1.2690783,1.1219819,0.8740762,0.356897,1.9763557,0.048176005,6.5136046,1.241326,1.0978683,0.6272813,0.24828412,0.019130897,0.005536874,0.09097549,0.49334288,0.378137,0.6553594,0.8752233,1.3760865,0.0799513,0.7550637,1.0607064,1.2022494,0.074792475,0.493124,0.28637367,0.24404201,0.07757474,2.4539661,0.2050688,1.91607,0.2682467,0.39330113,0.2735428,1.3776901,0.46524727,0.40680763,0.6604698,1.2837031,0.98565245,0.044232816,0.8755032,1.3512375,0.11891703,0.53926444,1.4918627,0.0,1.6393399,0.78694695,0.2696603,0.32357785,0.42685038,0.140375,0.23564321,0.44578186,0.83580893,0.7218234,0.47146344,0.049147185,2.3872721,2.1944606,0.043635692,0.24635471,0.373873,1.7141602,2.8085108,1.2879292,5.8880477,0.1262021,0.1033673,1.3536916,0.0023409908,1.0326177,0.46319306,0.3673785,0.41550165,3.1459882,0.0,0.8361159,0.6714888,0.5330319,0.1578713,0.6774691,2.4654167,0.47862166,0.5262926,0.0872183,1.142183,0.06822358,0.14999548,0.094192296,0.1033495,1.3511757,1.7503238,1.3213756,0.454426,0.7376564,2.307191,0.0,1.0901778,0.5939209,1.5602571,0.19355579,0.3783671,0.05321455,1.8984375,0.92514676,0.2060229,0.12305535,0.13942924,0.0,0.7905465,1.4082972,0.7109695,0.48903763,0.027126495,0.61961776,0.009244438,0.73491377,0.41885325,1.1044633,1.9547386,1.6164812,0.88062733,0.22453569,2.5029657,0.2748188,1.6400701,0.63970286,0.030432148,1.0904068,0.6246439,all_pothole_images\pothole_images_enhanced_ad938dc75d771b327442b7926ab3b4fd.jpg
0.1453643,0.46018043,0.0,1.4885504,0.050748754,0.20974454,0.4739418,0.07597586,0.23636413,0.0012249179,0.20152444,0.004366158,0.2343997,2.8913455,0.088123985,0.010357099,0.066190235,1.6453549,0.277007,0.045828875,0.29937,0.021458251,0.35323822,0.71921384,0.17786139,0.0,0.18162702,1.357571,0.1884552,0.006717158,0.024950968,0.3931173,0.18647489,0.9643637,0.3049783,0.13173233,0.03558444,0.05555047,0.0,0.103908315,0.009048251,0.09365926,0.25685924,1.6241661,0.04823755,0.11938758,0.08222213,0.13562356,0.1036707,0.37108597,0.1866284,0.000833324,0.049848802,0.06924066,0.8792019,0.5575854,1.0508708,0.10653931,0.4093631,0.10051843,0.08136347,0.12360727,0.52460635,0.48304653,0.47074744,0.82763517,0.8127796,0.0,0.036945187,0.01703927,0.15318425,0.057959527,0.38532963,0.019206999,1.022427,0.0,0.0,0.52000576,0.0,0.025356706,0.012846538,0.2679562,0.41635683,0.35987154,0.18717454,0.0,0.030561812,0.18293229,0.1783348,0.0059057535,0.8238976,0.22446918,0.0035448784,0.17903662,0.21999246,0.30587348,0.008941592,0.8921178,0.023619352,0.06423259,0.00080201455,1.3642004,0.0,0.39675018,2.0092685,0.9281363,0.78471,0.10414974,0.20303643,0.43424124,0.22078751,0.19886684,0.017763212,0.7440117,0.002813266,0.04074747,0.082724236,0.008540759,2.4112236,0.295489,0.8411507,0.3878322,0.0,0.7555,0.17214692,0.071972415,0.0,0.32798016,0.3569106,0.44890365,0.35626456,0.08236616,0.0,0.49312228,0.044104908,0.0,0.1908874,0.3310073,0.0,0.17552967,0.2260717,0.001016141,0.5268242,0.21907863,0.13135251,0.3341038,0.08410457,0.081132635,0.17886832,0.26043063,0.0,0.054063544,0.06609702,0.123732835,1.3465395,0.13186562,0.6814306,0.35753113,0.36833572,0.31308934,1.9461246,1.5013618,0.00631258,0.111812174,0.43956348,0.004800682,0.50487447,0.09835847,0.7071409,1.4639765,0.057861958,0.09310418,0.008868887,0.107046835,0.06614982,0.48687392,0.1787156,0.0,0.17908058,0.020408085,0.0,4.1472583,0.9217464,0.09230127,0.5834804,0.52406687,0.08122501,0.20470943,0.17145541,0.09886679,0.0023197008,0.5857146,1.4319768,1.4158081,0.08697883,0.003643538,0.70369273,0.5766787,0.29294452,0.0,0.009155616,0.5172605,0.29626226,0.4407751,0.44248885,0.06229741,0.31788713,0.097462304,0.50045556,0.27355465,0.004688222,0.025876895,0.091303915,0.06202647,0.07527628,0.3052752,0.67352384,0.08707448,0.013460097,0.006996161,0.12877324,0.008553897,0.58418477,0.026595324,0.0,0.0,0.93510437,0.0,2.149477,0.13805242,0.041850973,0.107184365,0.09715386,0.24161924,0.03678788,0.25960425,0.7519021,0.20241332,0.024947483,0.0211559,0.09361496,0.01508948,0.0067126513,0.26345253,0.09788809,0.0,0.5073799,0.14357884,0.094594605,3.9153793,3.1773481,0.017144848,0.0,0.0,0.06148424,1.5543334,0.26982817,0.028572714,0.13665923,0.9076851,0.43783346,0.14216939,0.1053354,0.64617205,0.0,0.23085213,0.50097233,1.084374,0.17001987,0.050298456,0.32607618,0.17230809,0.5116341,0.2408089,0.09604744,0.9205949,0.40720493,0.19051923,0.10646432,0.0,0.27082738,0.25899905,0.09768732,0.38176498,0.0,0.19711018,0.44195417,0.08216652,0.011175396,0.0,0.0,0.02294526,0.021967612,0.5027822,0.343791,0.11074373,0.042282835,0.38299122,0.0057170945,1.8604406,0.27680737,0.054647945,0.020707738,0.03770997,3.2531128,0.004015001,0.12805158,0.049712777,0.10212982,0.17195387,0.38584435,0.9087513,0.7447365,1.8744718,0.21138573,0.13402326,6.1907594e-05,1.1224487,5.482829,0.0,0.8392712,0.0,0.0103429295,0.041608702,0.0,0.06576706,0.48035228,0.0,0.08564139,0.04180055,0.5979932,0.21817538,0.028485063,0.04133855,0.0,0.03253025,2.1827865,0.354949,0.31311914,0.5835086,0.025117477,0.11474833,1.7730529,1.7244169,0.9064109,0.0,0.1530341,0.4494922,0.3248948,0.042673595,0.0,0.09521144,0.044254623,0.042675495,0.16126092,0.20757882,0.0,0.10711976,0.28523198,0.009689391,0.6623154,0.09508937,0.12294741,0.0,0.0,0.002990554,0.05343856,0.12882836,0.44498628,0.21935214,0.25631112,0.50595766,0.37267104,0.04347202,0.23726384,0.8037885,0.6741214,0.0183593,0.21529295,1.230459,0.3071776,0.0,0.0,0.096592724,0.28559676,0.39519435,0.26462454,0.0,0.0023260051,0.042608306,0.016238952,0.14361733,0.0,0.81034654,0.0,0.7357747,0.3217578,0.54329896,0.5902075,0.10306696,0.13586208,0.52377266,0.35302126,0.00768592,0.003911142,0.0,0.05216469,0.11572921,0.084451385,0.3276361,0.06155155,0.4773658,0.06738551,0.05418245,0.022569608,0.048868053,1.0920423,0.048485078,0.09993201,0.077051654,0.22147986,0.17246693,0.0,2.235661,1.1252949,0.0,2.489907,0.046679787,0.13860984,0.15394264,0.039800975,0.43168733,0.14989273,0.024208935,0.13367452,0.2031327,0.21780068,0.10692892,0.14896113,0.0,0.29571298,0.047128383,0.041635383,0.0,0.07638993,0.0,0.0017305051,0.029048763,0.80924404,0.75775516,2.264692,0.02822255,0.084231086,0.18989775,0.19748671,0.17989756,0.07763483,0.053039677,0.048747927,0.67148465,1.816003,0.40527663,0.68205744,0.2901743,0.09568411,0.000849551,0.14142092,0.012294761,0.022275759,0.075896,0.77392375,0.69626415,0.08903731,0.00028151306,0.37713528,0.1167002,0.0043442273,0.70787996,0.03478654,0.0,0.51563835,0.15842581,0.60677785,0.549556,0.20283121,0.0023550664,0.14569461,0.027255964,1.2890234,0.0,0.037653252,0.45500138,0.005089672,0.00010547805,0.053557575,0.0,0.0029360119,0.0,0.049654357,0.12308484,0.07622433,1.1329931,0.8425461,0.14899518,0.10360725,2.0548859,0.84689546,0.16555871,0.04848818,0.10021329,0.43804744,0.3080123,all_pothole_images\pothole_images_enhanced_ade2bc23ec2fcc9ac920c7583e829d22.jpg
0.71842,2.130757,0.44176394,1.7850355,0.70646185,0.063163795,0.6623627,0.61852527,0.12536359,0.65255696,0.08542266,0.40309867,0.39977342,0.77824557,0.0,0.7872877,0.17155573,0.11500236,0.76034087,0.2785015,0.063761204,2.005081,1.5503912,2.2050292,0.62986064,0.32403043,0.0,1.6413941,0.020255465,1.4347954,0.68911165,0.525126,1.2838011,0.707836,0.07257979,0.67808485,0.3479054,0.054576427,0.46317983,1.447307,0.087353714,0.17534882,0.0,0.0,1.8094231,0.26669678,0.14751813,0.0,1.670005,1.2069875,0.47745392,0.3288709,0.7525396,0.12872195,0.0073849233,0.6326816,0.36975572,0.123897105,1.5804042,0.87177986,0.035053097,0.06910351,1.2786922,0.30664468,0.3714109,2.1525424,0.4684713,0.049139746,0.8396245,1.1411482,0.07074299,0.5489439,0.030663868,0.07384163,1.0408485,1.530597,0.2085478,0.118662365,0.057974674,0.654055,0.16519922,1.2129295,0.050702814,2.1556554,0.4751965,0.9980442,0.016367996,0.158656,2.3830547,0.69803166,0.21551707,2.0633883,0.044649456,1.0669672,0.5057513,0.060183067,0.3129137,0.99744225,0.0,0.3804269,0.29750362,0.32490525,0.1502269,0.31360847,1.7890128,0.17122225,0.2750326,0.19602816,0.4715905,0.7047949,0.21598978,2.811237,0.9350174,0.048130814,0.36725298,0.251792,1.5421917,0.39012456,0.8390579,0.74334687,1.4353994,0.20443293,0.9850503,1.3301519,1.1643286,3.1416981,0.14917283,0.19729763,0.41082677,0.18894807,0.9951979,0.00879748,0.21006456,0.114351,0.3621901,0.6408025,0.6534268,0.34918803,0.6958624,0.86674887,1.1625172,1.4576077,0.0026030266,1.2183398,0.51184076,0.8479033,0.30650038,0.513879,1.365657,1.6955599,1.1784818,0.5273192,0.13502102,0.1362824,1.6818817,0.33979174,0.516621,1.0207005,0.626588,0.16946706,1.1019783,0.42683277,0.5663245,2.177656,0.45411363,0.037893374,0.82342046,0.20833729,2.3269622,0.63728595,0.93757,0.073139526,0.0,0.720438,1.4768353,0.45269752,1.1944515,0.1353762,0.04241926,0.37538514,0.09334774,2.3675928,2.6117318,0.8505699,2.2909422,0.6079117,0.33221835,0.04097834,0.14641054,1.6355618,1.7686406,3.6741896,0.016447468,2.0450048,0.084877715,0.022871422,0.18026274,2.7718973,0.040486466,1.8372815,0.7852262,0.8729843,0.9093657,0.80024207,3.3648305,1.3755116,0.7357189,0.40493214,1.8417135,0.351333,0.04779674,0.5041981,0.9170599,0.67553914,0.49587077,0.26429006,1.5931013,0.18477498,0.66296494,0.2860017,0.2956093,1.3966415,0.09934301,1.959346,0.0,0.10555939,0.51512223,0.11642279,1.8074294,0.012419582,0.02984539,0.89116937,0.8280839,0.9551533,2.2048178,0.082520396,0.3835106,0.24340041,0.31867003,0.6323045,0.32973307,0.5338357,0.228105,0.09192505,0.033496317,0.03201839,2.0950594,0.45722046,2.3218994,3.9490829,0.09274756,0.0014588991,0.783418,0.02523738,0.34820798,0.006407986,2.6225088,0.14797507,0.14992334,1.6832776,0.10395417,0.1693421,0.163766,0.32199162,0.3348389,0.9405449,0.12446983,0.23070267,2.4620128,0.31057018,0.7118838,0.012842694,0.7994819,1.742297,0.9840693,1.449618,0.25928515,1.2220509,0.26890808,1.2353626,0.07702616,0.53911924,0.7709691,0.6424666,1.3525758,1.2791255,0.0030416183,0.37302583,1.2989818,0.081705585,0.80058855,0.61080724,0.14113595,1.0128413,0.8027268,0.15978715,0.47352162,1.7350522,0.7347125,0.7517185,0.15849955,0.58809507,0.09407428,0.6238692,3.9229982,0.06550572,0.053768907,1.134564,0.4321555,0.31843454,0.56743425,0.9715449,5.3352733,1.3685478,0.080203034,0.4470087,0.10983774,0.66071993,1.143643,1.0068402,1.1676606,0.28413546,0.17881699,1.0193423,1.5034523,1.4407467,1.0000612,0.30481,0.7413052,0.7849956,5.8874044,0.2789,0.37199774,0.014707379,0.2356623,0.3671013,0.06922649,0.20833793,0.13065457,0.17754367,0.39239317,1.414684,0.836832,0.40354198,0.44149595,0.21779066,0.0,0.18581492,0.17232178,1.0671405,0.19195493,1.2061065,0.071540885,0.25564232,1.2010173,0.08432795,0.037845403,1.2506461,0.9559093,0.5420498,0.71231157,0.02474649,1.1247225,0.58687156,0.033185672,0.9807684,1.1535773,1.2099718,0.19219132,2.1638546,1.3642311,0.5945937,0.935411,0.13092586,1.6453857,1.8315014,0.026235621,0.6601687,0.3252214,0.89283735,0.34342957,0.21572071,0.71793824,1.4334347,5.172142,1.4682645,0.9818193,0.14270318,0.45435134,2.080914,0.28354588,3.4763737,1.7755419,0.19859491,0.031694155,1.046987,0.37102643,3.1292903,1.1784389,0.42900524,3.4338715,1.385715,0.045551483,0.6068384,0.27348596,0.019997226,0.383084,0.09780942,0.085309744,0.08322124,0.21155646,1.0841058,1.3164161,0.032930817,0.009813132,0.08960274,1.3785522,0.040306203,0.4224672,0.020163277,0.13152367,0.46189374,2.0789733,2.5949128,0.5042624,0.7299437,0.83621037,0.39923796,0.34870327,0.47496352,0.27647588,1.5823113,0.03071605,0.45294172,0.033548847,3.536195,0.4457201,0.95111895,1.1873443,1.0272008,0.19219114,1.6908457,1.5339396,0.41499493,0.14086273,0.3587034,0.76072514,0.72682655,0.45306084,1.3724406,0.8507628,0.29907835,0.9434962,1.6599575,1.8616619,0.9287802,0.76408744,0.23860562,0.13731511,1.3372952,0.7216035,0.31326917,0.46613654,0.12818255,0.9499621,0.60923856,0.010029975,0.066092394,0.74378,1.4878694,1.1823395,1.3694867,0.18832451,0.18001439,0.41590053,1.0283439,1.052231,0.63309747,0.8974377,0.08650192,0.35853505,1.688787,0.63013107,0.67080873,0.11640537,0.46499673,1.2633449,0.22298668,0.745443,0.04351506,0.68689907,0.9235012,0.04803458,0.0,0.12693408,0.016848866,0.57884216,0.07335152,0.12946098,0.42366743,0.18324375,3.9610322,1.2264249,0.32674178,0.059350733,0.55386364,0.2027777,1.4825248,0.68726605,1.0572685,0.018527966,0.97726345,all_pothole_images\pothole_images_enhanced_ae249e6aca1187152994ad351a7304bd.jpg
1.3862647,2.5666807,0.57924396,0.2501478,0.9333577,0.2573732,0.13223295,0.445774,0.7113793,0.6306123,0.5428918,0.43555164,0.95819384,0.21522403,0.70441234,0.07103728,0.27043396,0.048139375,0.0001610867,0.44051328,0.28713593,2.0836642,0.068427086,2.8753088,0.28705135,1.6645902,0.042487767,0.84611446,0.32178777,0.53294545,1.6073197,1.530297,2.4319227,0.080546364,0.6192272,0.33658937,0.8674485,0.9656826,0.49312708,0.7231964,0.5491454,1.0142524,0.13959928,0.15107536,0.6153586,0.7177613,0.017645773,0.71055853,0.42763138,0.11274816,0.719511,0.75681895,1.7131437,0.0,0.08806763,0.6544429,0.7184409,0.11680407,0.13157411,0.082382694,0.48930773,0.018475838,1.155171,1.0954727,0.08265643,0.046671763,0.47601613,0.4067453,0.30933252,0.14347088,0.014424797,0.4240471,0.2654208,1.0521519,0.025466656,0.9652625,0.47263303,0.52950615,0.09419172,0.047747154,0.7145013,0.6639985,0.14069375,2.1072905,0.6042207,0.8478957,0.098301224,0.037833408,3.010068,0.05361907,0.45174462,0.23332284,0.026842112,0.52384365,0.109272815,0.04570184,1.1965904,0.43271092,0.22429246,1.7971596,0.0374722,0.693022,0.1518584,1.4158896,0.13982575,0.4223792,0.59475285,0.7626783,0.94972354,0.5655062,0.33760697,1.0428734,2.3747566,0.20521738,0.21581289,1.5272437,2.1277382,1.2689717,0.063568555,0.47948036,0.9381499,0.15720867,2.6342132,1.2685838,0.3758286,0.54872346,0.79972404,1.0978223,0.867277,0.73607945,0.83597803,0.032099895,0.060384676,0.43565515,0.26903066,1.0485339,0.14430073,0.48992768,1.6476418,0.48907626,1.0712254,0.44504765,0.023642994,2.2729921,0.95624274,0.15846235,0.27981535,0.4545295,0.7927889,1.1435392,0.44464105,0.26028678,0.1629073,0.5165666,0.20674962,0.12273523,0.5264174,0.13185397,0.0,1.128473,0.6267534,0.060533173,0.74554473,0.28952512,0.097558625,0.40561092,0.052981414,1.127349,1.1667292,0.13372439,0.31617934,0.65028554,0.7138947,0.09327103,0.41674244,0.32484967,3.2005525,0.01411295,0.27913994,0.16402766,0.037595112,0.9415934,2.4792197,0.7834468,2.1220138,0.84660184,0.9604801,0.2189761,0.9121347,0.76503783,0.30494323,0.43963024,0.9768345,0.97053593,1.1178651,0.35012943,0.03543431,0.09531337,0.5897045,0.5402757,0.8138085,0.78674126,0.89327747,0.86404526,1.898129,1.0845499,0.21617612,0.3827853,0.1580032,0.065856874,0.84556246,0.4761204,0.60475665,1.7711152,1.5340495,0.50459224,0.4633669,0.645912,1.2634876,0.08287632,2.5292296,0.5202656,1.179276,0.0001701619,0.13187492,0.038122825,2.4565706,0.0039095827,1.8269207,0.91137695,0.49977487,1.4074814,0.1588207,0.5352388,1.2148918,0.07119863,1.7308004,0.3922351,0.24825843,0.022446545,0.25722203,0.32792383,0.47540104,0.05729773,0.0067928936,0.10723441,1.179034,0.66095465,0.49737263,2.72311,1.846812,0.021955242,0.17498253,0.83285266,0.013303301,0.66534054,1.8604484,0.1462178,1.5307045,0.63125366,0.33059847,1.5549649,1.1831614,0.09264332,0.08186792,0.5614189,0.010405259,0.18398221,2.278258,2.0985398,0.9340895,0.17286704,0.061103344,0.41768572,0.41436198,0.4233291,0.612879,2.9551902,0.6197794,0.10510975,0.83496016,0.0012683307,0.7585221,0.43561217,0.5182952,0.15134387,0.2948092,0.6700791,0.83934766,0.108870395,1.368167,0.12564783,0.031924475,0.5210473,0.84159195,0.5020677,0.07007806,0.75216734,0.4025982,1.2402631,0.5697091,0.8836704,0.20900582,1.107178,4.2345285,0.106048875,0.22366238,0.96562856,0.13931586,0.0,0.23888299,1.509688,3.1412501,0.5627042,0.0035077184,0.4718324,0.01830289,0.78707963,0.13276894,0.73908424,0.119294226,0.08385685,0.19092678,0.34422076,0.5422513,0.18167427,2.0839834,0.44922015,0.4524187,0.8526065,6.1098514,0.23466063,0.02638032,0.8128686,0.6184054,1.4957385,2.1093569,0.71824163,0.07794171,0.010206242,0.47180602,1.028488,1.3964137,0.6264361,0.099300094,0.068396434,0.068682946,0.29610327,2.422448,1.1340741,0.095071346,0.8511371,0.28342187,0.48314697,0.27430296,0.59504634,0.59448904,0.045956872,0.42229685,0.8162895,0.88292056,0.0,0.7718577,0.37666997,0.0,0.5776232,0.45227283,0.9635888,0.31452027,0.9501564,0.8326173,0.37390783,0.95231277,0.46856844,1.1937467,0.68396163,0.673256,0.98906505,1.8634559,1.5153627,0.039159633,0.106694005,0.9887055,1.5817596,3.356816,0.16812599,0.79120696,0.057591192,0.10803328,0.8431668,0.98479164,0.6450785,0.072408415,0.91099757,0.033242032,0.66909486,0.39636764,0.26609927,0.32547486,0.034205597,2.9020417,0.6222226,0.31678867,0.816125,0.23849665,0.29522288,0.69399977,0.40065014,2.8189838,0.16580558,0.14626907,0.2975203,1.4077662,0.9327309,0.35459486,0.4980891,0.3297957,1.5826055,0.118238576,0.4781952,0.25263542,0.50672543,0.91173285,0.42760774,0.32064298,0.5815908,1.3659664,2.4851706,1.1142977,0.5800402,0.33269405,0.1511512,0.34258068,0.5694738,0.21142809,2.8012633,0.8928874,3.4016972,0.81522495,0.771695,0.7882622,0.2457665,0.07815372,0.62928396,0.15862514,0.61681324,2.4480114,1.0072855,1.9744594,0.35472238,1.0469693,1.0066903,1.5451646,0.61512727,1.1475933,0.0021579748,1.2866325,0.060633745,0.38709125,0.14495191,0.8116849,1.0154258,1.3141505,0.5126681,1.245008,0.076087885,0.6318368,0.27732083,1.8154337,0.71547246,1.1583533,0.8565852,2.4853625,0.22014952,0.016586153,0.051865634,0.69900495,0.5023576,3.1343033,0.11694852,1.4886568,1.0556457,0.3202901,1.0443176,0.123541035,0.4347971,1.8106387,0.32910714,0.8907436,0.15831064,0.33436713,1.2307317,0.19484964,0.980572,0.8931025,0.11350462,0.36486962,0.096865214,0.48693085,0.07765207,1.498406,2.7130442,0.43524233,0.5945498,0.8053975,0.94241625,1.1097025,0.2558786,0.8483684,1.0984612,1.0307573,0.28554264,all_pothole_images\pothole_images_enhanced_ae70ed299b4dab81571a7e8fabd799b7.jpg
0.120162725,1.1561053,0.5672684,2.3705983,0.16783313,0.12972023,0.2669443,0.0,0.912968,1.3676656,0.52399546,0.22887576,0.030692613,1.5865458,0.0,0.37699705,0.045407474,0.1619449,0.48947087,0.059231456,0.009185739,0.6714462,0.45754194,1.6594421,0.35031295,0.20152754,0.07996499,1.0253228,0.0,0.15694782,0.0,0.09376693,0.40530896,0.059425082,0.07987464,0.33302185,1.0341927,0.13647354,0.47282052,0.052430905,0.24009556,1.562713,0.7073317,0.6245332,0.9175158,0.2197349,0.2143898,0.2732993,0.27079874,0.062373977,0.09987071,0.5464617,0.1848151,0.093665615,0.22812493,0.63920575,0.8295874,0.118047245,0.17523451,0.45251057,0.039403908,0.10021667,0.3119224,0.35525402,0.88499475,0.44888446,0.9246236,0.35862797,0.0,0.9086957,0.6058952,0.0,0.27016512,0.01762013,0.29891244,0.68090755,0.15203,0.19229597,0.022956152,0.19369622,0.001211136,0.27176043,0.9565565,1.5420071,0.52157795,0.2067084,0.07874066,0.0,1.103726,0.43427914,0.00056141376,1.2157032,0.009883393,0.0325113,0.15177019,0.21613632,0.7688413,1.7131827,0.6913457,0.2795712,0.46706688,0.6591175,0.75671977,0.54159397,1.6521821,0.0213674,0.49132818,0.0,0.8651678,0.9447174,0.3710743,1.6087073,0.10671263,0.08675829,0.61867785,0.5871188,0.025107244,0.23262647,0.5218559,0.40250263,0.67794913,0.6614078,0.047170218,1.5092392,0.20180564,1.476254,0.084557794,0.023731241,0.08650438,0.13234971,0.042236857,0.8126615,0.103855595,0.030163351,0.520571,0.017568028,0.09204884,0.03888414,0.037576728,0.182991,0.3069016,0.07479938,0.89850605,0.90290505,0.0,0.12765867,0.06550576,0.12221233,0.21082206,0.050879605,0.18333457,0.025183884,0.2565898,0.01697823,1.7584755,0.22312903,0.058970585,0.5318101,0.010858847,0.75116885,0.34825903,0.23435599,0.651428,0.7007241,0.7144863,0.059453566,0.5878325,0.16111203,0.36192897,2.5957782,0.010776703,0.0,0.07845028,0.05964134,0.28534922,0.020500757,0.0031558087,0.016304344,0.33200088,0.07445333,0.009568187,1.8653598,0.5851617,0.44064304,2.2616713,0.1588472,0.47305822,0.19865958,0.7910352,0.62743133,0.2750192,0.0,0.48661405,0.3619049,0.8677486,0.017222706,1.7205013,1.9589663,0.80239284,0.47532445,0.29494083,1.1482486,0.0,0.009041408,0.9543071,0.34821612,0.5439762,0.17413774,1.7326075,1.1451381,0.0023458393,0.24837625,1.2021241,0.99875104,1.2168164,0.9315207,0.31072652,1.0108464,0.56894237,0.53775823,0.43162668,0.10415049,0.15883018,0.315092,0.011055145,0.0,2.245375,0.025421547,2.716304,0.16879141,0.4192683,0.25949547,0.15266433,0.10534236,1.007891,0.097871155,1.5412107,0.0035771164,0.0220941,0.024315694,0.035045948,0.29311737,0.7090122,0.18924373,0.07029475,0.41472134,0.67576224,0.050543007,1.0110466,7.512753,0.09678586,0.07111298,0.0,0.113267556,0.023281515,0.15308028,1.498787,0.67061687,0.316023,1.9333196,0.14419022,0.28256544,0.84397715,0.607823,0.116119176,0.6766849,0.06378288,0.21424612,3.2115824,0.0,2.0535574,0.001846661,0.15725775,0.044329554,1.0795531,0.24330941,0.0041832724,0.39515018,0.017489437,0.28380698,0.3952023,0.31800815,0.7263287,0.021667771,0.13621746,0.6697185,0.66893643,0.3947562,0.8415535,0.025122153,0.0016970644,0.2208767,0.099093825,2.3596902,0.2934916,0.065572314,0.3366528,0.6852596,0.022824617,2.1874118,0.2049185,0.44110775,0.0,0.08554028,6.5459423,0.6154405,0.12326322,0.4807344,0.13777007,0.05076964,0.00020947869,0.37028533,5.917235,1.4658551,0.05754509,0.42472312,0.20869346,0.76149875,3.2331786,0.6508789,0.43569812,0.12727076,0.09382028,0.12056023,0.7044516,0.5021484,1.052763,0.037092697,0.6168884,0.046594415,4.0121827,0.0,0.05931351,0.2757413,0.011368431,0.041478187,2.5713508,0.19503835,0.06876683,0.24792324,0.31543174,0.3235161,1.2642928,0.26915887,0.15718542,0.00022940773,0.14009582,0.14192216,0.077055804,0.15445887,0.52050513,0.763104,0.67524344,0.37828216,0.19250421,0.1574424,0.032419357,0.75260115,0.94717914,0.8865668,0.23093697,0.16254497,0.024137985,0.024792235,0.16823222,0.12508652,0.29778513,0.064163715,1.1192901,1.299932,0.28876394,0.13415594,0.0,0.8824234,1.1367551,0.39441565,0.35490012,0.058694147,0.4438219,0.25673506,0.40708143,0.22234938,1.0611141,0.46343493,2.112438,0.046968747,1.6437955,0.35943004,0.18328217,2.0328698,0.20321772,0.9527929,0.0061741956,0.46646926,0.053155955,0.707314,0.6642889,2.234332,0.79906183,0.00093835715,0.6310232,0.64722407,0.21376084,0.6663911,0.63339615,0.477128,0.43696162,0.46685594,0.21199088,0.30515593,0.0,1.1584278,0.37520915,0.42208672,0.021928813,0.284487,0.30413347,0.3290856,0.011071841,0.6868279,0.43344098,0.32834104,1.9826239,0.69579625,0.52370685,0.09200201,0.8214094,0.085105784,0.24765587,0.09853398,0.02565091,1.0405315,0.37363565,0.69221705,0.4175273,2.0892298,0.6107366,1.1505255,0.90427935,0.08006954,0.19747742,0.05466954,0.00093024253,0.0,0.30208322,0.033220973,0.47845998,0.2889165,0.24649395,1.0800005,2.9362142,0.064808466,1.403978,0.009364302,1.2604167,1.0428652,0.6768073,0.5975221,0.28669465,0.9916316,1.0385436,0.0,0.11163674,0.10316658,0.9022097,0.06298037,0.0,0.098464586,0.0058317683,1.462605,0.5206958,0.23641738,0.14016151,0.107831635,0.037845995,0.3948396,0.10574681,0.653267,1.9524668,0.20598204,0.9146172,1.4680258,3.3292663,0.8335359,0.041403864,0.27145767,1.7182399,0.20508035,1.0581423,0.015202404,0.51092315,2.0208323,0.053228028,0.05153828,0.0072993557,0.21398039,0.93449736,0.012626638,0.57835716,0.3752498,0.47463855,4.544348,0.08606563,1.1733539,0.34031817,1.2737312,0.33791807,1.1913129,0.5831518,0.56424683,0.011546842,0.80299145,all_pothole_images\pothole_images_enhanced_af018f2a4fed5c79084c9666e304f431.jpg
0.56749964,0.32911783,0.6818675,0.9669351,1.0288428,0.12456476,0.48199296,0.4026947,0.2218386,0.5482085,0.093800746,0.1247245,0.29107067,0.98072594,0.023036504,0.44973794,0.1285893,1.0803946,1.0722134,0.17816232,0.49006277,1.0838801,0.608572,0.8976075,1.0389879,0.12669866,0.19967194,0.6198041,0.032473087,0.12521435,0.11568989,0.15810685,0.58387935,0.5503285,0.52541274,1.536295,0.06347127,1.3335801,0.4998417,1.5896286,0.04513219,0.067801364,0.14758316,0.36462852,0.7749502,0.42751685,0.23235619,0.0,0.4209108,1.072794,0.5546048,1.6590253,0.4036891,0.40978184,0.22377639,1.767943,1.3195373,0.5986975,0.95260644,0.5068589,0.28802553,0.09053925,0.31693363,0.117600694,0.35095575,3.123575,0.84166527,0.0883373,0.66119844,0.67256194,0.025618346,0.10217127,0.1057025,0.15711391,0.43204656,0.060894217,0.22691987,0.388902,0.0,0.046751264,0.1532151,0.35278997,0.14783219,1.7317022,0.9380353,0.79066193,0.17035407,0.11487063,0.66064966,0.35660225,0.025084987,0.32672298,0.07992488,0.04663933,0.059983037,0.08161541,1.9973605,1.6881241,0.054672893,0.23979928,0.15565279,2.5758307,1.0182,0.26192778,0.14127679,0.80477965,0.19055694,0.5821116,0.06734545,1.2654805,0.23460294,1.5452363,0.13528025,0.7272303,0.788194,0.114635885,1.7414472,0.17892382,2.1240935,1.0865673,1.3902638,0.9059996,0.19112377,2.4539926,1.2737885,1.6408972,0.36781818,0.7030202,0.3279818,0.02740253,1.1324499,0.018117554,0.1530433,0.86508226,0.029559009,1.3977073,0.055925798,0.696915,0.85413563,0.0828014,0.58961415,0.04621672,0.17355683,0.5061089,0.10317512,0.11703267,0.30012614,1.2345703,0.24830647,0.08222434,0.38991562,0.18192999,0.29882205,0.11667551,1.4944038,0.29586503,1.1499654,0.3690659,0.6670975,0.5855901,2.9907086,1.3881367,0.11031717,3.2613606,0.1995498,0.0022784267,0.8651182,0.26935017,1.4196111,2.1953354,0.23110673,0.0051192776,0.059041493,0.35492605,0.22443618,0.16900939,0.008177601,0.032512974,0.1699987,0.06484983,0.01830473,2.9690459,0.93519473,2.3452222,0.49230817,0.19709805,0.36985308,0.059937455,1.56729,0.7051203,0.40170535,0.3778168,0.14515756,1.1301447,0.5173454,0.37576666,1.4092245,0.49661565,0.37783307,0.36018655,0.054309007,0.5952259,0.41758892,0.799426,1.6873885,0.21490526,0.7671367,0.7266361,1.1073672,0.95520425,0.0,0.017602796,0.21312904,0.076212704,1.4064558,0.57936573,0.607849,0.025339073,0.27912456,0.21873833,0.33626541,1.2352992,0.44798672,0.6387615,0.032811474,0.2785379,0.3361697,0.52738357,1.2011403,0.5698036,0.006213595,0.18688622,0.5270536,0.34278926,0.85863805,0.024577519,0.65032005,0.062347587,0.19484243,0.25138658,0.5012161,0.19234332,0.16499005,0.7919413,0.31298757,0.013761817,1.0922015,0.36952108,0.19597495,3.16513,1.9134539,0.028841415,0.48293215,0.020325283,0.0,0.6261923,1.0331478,0.15988736,0.53801703,1.1016486,0.25907984,0.10724638,0.69668466,1.0479712,0.80033195,1.0199412,0.5479569,0.5225466,1.6164504,0.18312995,0.18437679,0.23613657,0.51408815,1.2605727,0.42195958,0.7128066,0.044603765,0.75231636,0.34939468,0.42498758,1.2895957,0.5392055,0.6777927,0.0,0.3753937,0.63234866,0.51132107,0.2729439,0.62769854,0.37136453,0.39390236,0.36199063,0.0005683522,1.1306689,0.10211722,0.6180517,0.8498854,1.8478893,0.023949841,0.9089008,0.61196774,0.16674863,0.16994962,0.11696425,3.4649272,0.108260036,0.006092878,0.3995868,0.022159433,0.30932808,1.2065282,0.49273318,2.608125,2.81142,0.42762285,0.5678431,0.20887592,1.1168269,2.484607,0.045129415,0.5629117,0.052064337,0.23024607,0.103669785,0.9646141,0.22135125,1.0523399,0.008240525,0.40250045,0.017816907,2.3966115,0.83179116,0.2553825,0.0062414007,0.23871565,0.54723334,1.6948214,0.1498872,0.13500637,0.11569402,0.123592645,0.2309227,2.0941856,0.08776554,0.41400984,0.19537537,0.17302907,0.043521028,0.005227135,0.569751,0.037437428,0.80252486,0.2746643,0.39781374,0.33185425,0.8651558,0.33960816,1.7009778,1.1259756,1.4543431,0.67505693,0.621388,1.1777613,0.0053468687,0.001986312,0.45690897,1.2764826,0.40407366,0.39649367,0.44455546,0.69816464,0.20665284,0.6706638,0.6498645,1.4565909,0.5464639,0.414047,0.08881941,0.66225314,0.50157815,0.50222886,0.062019754,0.9857748,0.298154,1.1412376,0.97083473,0.9750522,0.04010876,0.13758622,0.27156556,1.6576489,0.45438188,0.49373338,0.26643947,0.040140793,0.109995954,0.8752851,0.67042935,0.26097563,0.059260383,2.5270991,1.6882042,0.1826729,0.49834365,0.6836077,0.006298036,0.32291406,0.12391759,0.4969113,0.17207502,1.1686411,0.5989953,0.4470435,0.22735237,0.0,0.07413627,0.73968095,0.13246062,0.27424684,0.14228918,1.3987408,0.31969914,1.3237936,1.3486415,1.3116314,0.3691605,0.8358805,0.21829988,0.16761959,0.13280277,1.1690013,0.84606236,0.37529257,0.4125714,0.58837533,2.5308554,0.62315345,0.11284995,0.9239116,0.78252983,0.054770246,0.35446292,0.28704724,0.4784807,0.6719849,0.3685996,2.0444722,0.5364758,0.04374576,0.9556275,1.6352618,0.1927828,0.81332356,0.47058526,0.68637675,1.6427369,0.32023042,0.23938352,0.1730106,1.0727515,0.97944653,0.23866047,0.7256714,0.081906684,0.26162902,0.64471143,0.5596222,0.33143926,0.3969428,0.60483044,0.69613755,0.63366216,0.059490863,0.9311798,0.7276826,0.009577234,0.00016105224,1.2824831,0.06590931,0.23544976,0.7620914,1.8414431,0.26395658,0.28720623,0.07233335,0.3778736,0.50631475,0.04793612,1.7020787,0.3859801,0.5703948,1.8769599,0.03784564,0.16847432,0.19921374,0.14891465,0.20921268,0.03331696,0.055114288,0.28039107,0.80520034,3.8120813,0.55832046,0.13642931,0.5319005,0.46002313,0.017088853,0.26186934,0.62324893,0.094154276,0.55339134,0.13671575,all_pothole_images\pothole_images_enhanced_af09dcc38fe9c6fd089f932bc0b55265.jpg
0.32398668,0.27848515,0.024799576,3.4429905,0.55118215,0.33871427,0.06294567,0.7292554,0.00052057573,0.37429973,0.14704655,0.48948517,0.078136794,2.3998477,0.04117953,0.23752314,0.12471617,0.29819793,0.21249549,0.029901952,1.9182023,0.6451524,1.4000555,0.3651997,1.1653153,0.26686394,0.13413072,2.900211,1.051975,0.2889805,0.8053674,0.0,0.2879328,0.9797967,0.0347633,0.5451944,0.14206176,0.7377682,0.80488497,0.95857114,0.0,0.33723977,0.16262077,0.11182055,0.297088,0.26123103,0.14789234,0.7380926,0.04896503,0.012285119,0.66806245,0.5433326,0.0,0.002855475,0.01024824,1.8831726,0.8144833,0.50205773,0.1109548,0.09646163,0.062453818,1.1025444,0.44975802,0.4961874,0.3957777,0.6949799,0.13534094,0.09832951,0.5462837,0.13853353,0.10672262,0.0,0.042503104,0.09283496,0.2972733,0.15340592,0.015286248,0.52439725,0.0,0.0,0.12765133,0.361439,0.09166733,0.79515404,0.012123709,0.011400021,0.04033929,0.047070317,1.2409506,0.4171747,0.0,0.0025749316,0.13967066,0.66652197,0.40001824,0.0,1.6348195,0.18332173,1.3115855,1.5983624,0.072980605,4.2889895,0.023639966,0.12691016,1.8007661,0.46989915,0.10085491,0.5280311,0.25956532,0.8580582,0.0,0.28985724,1.1374977,1.4546847,0.91110367,0.45078704,0.02481064,0.749848,0.5591881,1.0382131,1.4494529,0.010057637,0.0,0.9682467,0.7843407,0.6765017,0.2829003,1.1945187,1.1767595,0.014523335,0.45090374,0.06753083,0.0,0.6231022,0.501984,0.23506086,0.17031416,1.3741271,0.0108302655,0.009486312,0.551659,1.2111872,0.20343286,0.29734114,0.07090002,1.6755403,0.16802324,1.5103217,0.010378861,0.026345719,0.37751135,0.06776515,0.0037317171,0.37159184,1.5214183,1.1027641,0.5688211,0.26643306,1.1427777,0.7624649,1.834841,1.6798365,0.04546547,0.69325036,0.36581132,0.5058215,0.43316713,0.26347256,3.2912028,1.5872909,0.0014929993,0.0,0.03877115,0.023431135,0.06721812,0.56681937,0.014723762,0.0152471755,0.07659051,0.03809339,0.14451602,3.4779384,0.32794914,0.44236988,0.83306086,0.13682656,0.052227423,0.71106625,0.23550619,0.19145486,0.09480891,0.31226406,0.3592194,0.655308,0.16033892,0.39448592,1.3840469,0.13521913,0.88584447,0.07365066,0.7759027,0.7342398,0.13287768,0.30736533,0.15118986,0.14431085,0.58893555,0.40186837,1.4498994,1.2616264,0.0,0.0,0.7825213,0.38287196,2.2320316,1.3334208,0.16945094,0.16710447,0.6817001,0.06375126,1.3672185,0.013074331,0.16947848,0.04422524,0.027900117,0.13763967,0.8609849,0.0027820677,2.2059107,0.06637167,0.6362159,0.019294392,0.08390761,0.6733963,0.06009647,0.11520271,2.328428,0.39449692,0.7300502,1.142393,0.5311199,0.0,0.687112,0.18497914,0.14346954,0.013823622,0.07903255,0.3775411,0.98993486,5.0850687,1.5083033,0.071170874,0.0783502,0.1267227,0.0072558024,0.12341857,0.7310497,0.40684134,0.29057357,3.973253,0.93535376,0.068875894,1.0476799,0.49246737,0.19324274,0.05824968,1.5662211,0.1008805,2.3437977,0.0,0.24032012,0.0,1.0180911,0.767657,0.04534121,0.5539571,0.23422845,0.4505236,1.0533898,0.81148934,0.4945828,0.45239556,0.29156053,1.1408089,0.4981158,0.7769895,0.12833583,0.07389192,0.378692,0.086221956,0.033795435,0.012473879,0.034719545,1.455132,0.13658068,0.12508714,0.3650018,0.0,0.009563547,1.686392,1.3342565,0.014069952,0.0037139459,0.23246275,1.5470678,0.13055253,0.0,0.044396512,0.28869647,0.24483396,0.7668818,1.9078732,0.17512469,2.2797005,1.3737514,0.16205788,0.022858089,1.8903347,2.4754515,0.43175137,0.49375892,0.0,0.4443371,0.12206451,0.028327005,0.7799452,0.12695993,0.029822806,0.39199728,0.002801596,0.29777843,0.032031253,0.00012932999,0.25788364,0.07695864,0.0,1.6064217,0.6576037,1.0178912,0.20429344,0.27251872,0.049733914,3.7023478,1.8014302,0.17420916,0.83613163,1.3273337,0.49653506,0.25915298,0.009575674,1.0904937,0.19990742,0.011859963,1.4061173,0.05290082,0.05507711,0.1718377,1.7008171,0.46157742,0.6922901,0.77372724,0.14936663,0.12686205,0.30310857,0.0,0.016315786,1.06123,0.062531665,0.8987677,0.8032331,0.62368506,0.058816165,0.026181376,0.018096989,0.114858836,0.3832611,0.07717035,0.07423648,0.62133646,0.067339,1.1782358,0.0,0.12866716,0.08700246,1.4472201,0.9453813,1.771629,0.0,0.00790624,2.1780896,0.021677474,0.120510176,0.032403175,0.3291643,0.021844355,0.24593653,0.57091343,0.44666976,0.110138305,0.5332525,0.45907235,2.4073327,1.0502517,5.9577274e-06,0.8043888,0.58366925,1.273116,0.2104198,0.95851725,0.043082178,1.1840179,0.08867983,0.08338033,0.3011418,0.11679552,0.29180264,0.0874145,1.6432291,0.7327052,0.00055205903,1.0200789,0.18351418,0.53268725,1.3636677,3.3791535,0.1733417,1.1990411,0.42625484,3.0934942,0.9822073,0.28838482,0.034101453,0.15612805,0.22343193,0.78957903,0.9747191,0.41260874,0.4552779,0.04723882,0.1620999,1.4816312,0.41479024,0.001312426,0.0005151936,0.023963736,0.02770784,0.060303204,1.4869817,0.10163522,0.5793731,1.2385199,0.2236816,1.0441988,0.0,0.4346227,1.4917129,0.30970067,0.0,1.5748364,0.98128134,1.1770923,0.59251976,0.5806065,0.016884321,0.64101756,0.0,0.0,0.0,0.35589245,1.3266286,0.35040045,0.038855083,0.040670175,1.4397767,0.7571198,0.0,0.29535985,1.9835434,0.0729771,0.4788972,0.14585781,0.7639297,1.3203119,0.16422637,0.7006259,0.0047307946,0.015489284,0.0,1.8016405,0.0011574836,0.9165642,1.3175721,0.0,0.015203882,0.093166135,0.0,0.013850222,0.0,0.012283415,0.005615618,1.4575659,2.8281188,0.08039675,0.03652137,0.84310585,0.65962446,0.5855591,1.3164278,0.0013113052,1.3708491,0.22828344,0.2842549,all_pothole_images\pothole_images_enhanced_af25fbb3c9fc68cd88c4e01b2ea0a743.jpg
0.5376061,1.4475287,1.0252911,1.3802853,0.6608428,0.003339313,0.3806586,0.60055274,0.050517265,0.2371864,0.62747365,0.43583024,0.9358238,2.209448,0.030198004,0.16816829,0.8836886,0.16269922,0.5277135,0.40534094,0.6466654,1.549199,0.34197572,1.2215276,0.33828512,0.020530816,0.9109322,0.8936073,0.8147933,0.7207151,1.2602243,0.19868949,0.8478081,0.09718989,1.741819,0.46824422,0.5749843,1.3912013,1.0033956,0.8222029,0.36731827,0.07977346,0.73419863,1.7541127,0.78838056,0.20919625,0.40533984,0.11879038,0.17346346,0.9136827,0.9058533,0.01264102,0.33828485,0.25945503,0.37474707,0.29401338,2.3631015,0.14935113,0.5326721,0.0011307962,0.58646756,0.42820373,0.103013776,0.4533847,0.44372144,0.5682315,0.8014079,0.42182937,0.62348765,0.27053896,0.08812283,0.9258716,0.024637735,0.16397046,0.7652499,0.52868766,0.8088023,0.45912933,0.2287366,0.40456563,0.0,0.45297006,0.12510346,2.710019,0.76844734,1.0292158,0.05154465,0.20287433,1.7395854,0.028875653,0.9800554,0.04957953,0.24115372,2.0593708,0.0681783,0.39123333,0.4241856,0.27497688,0.33284345,0.15559651,0.7827322,0.271851,0.035000376,0.1337979,0.056965407,0.64115125,0.041469485,0.12348603,0.0046988963,0.2731901,0.0005175126,2.431475,0.47997755,0.49167132,0.46005318,0.14066537,2.4811213,0.2715719,0.36322853,0.43761426,1.3216406,0.96694136,0.18381442,0.045556195,0.52040654,1.1741875,0.17522332,0.3596473,2.5190532,0.52149,2.0393343,0.005392532,1.0367149,0.1686809,1.2095001,1.0884131,0.52237445,0.62551385,1.0486332,0.16790047,0.38753694,1.5721337,0.77090377,1.1098417,0.055702414,0.43929562,0.031273186,0.05262975,0.4629271,0.8506802,0.16383405,0.6911415,0.05038359,0.13001488,1.09849,0.4515999,0.1728943,0.41399944,0.42330348,0.009736582,0.8820817,1.2709739,0.47950038,0.98018974,0.008420854,0.44085577,0.6169053,0.18993087,1.7696525,0.5328171,0.0051713823,0.29388154,0.08363976,0.4856904,0.7310117,0.0042025633,0.37970218,0.018704792,0.15472314,0.006291366,0.43906185,1.3951606,1.8198615,2.0470462,2.2173545,0.3485822,0.20599699,0.45481396,0.4120573,0.5669018,0.5304712,0.7403505,0.1949231,2.1663575,0.30528092,1.1245592,0.14930241,0.4378256,0.061640214,0.8807328,1.6256424,0.1671888,0.7617017,0.9249223,0.33961847,0.036943033,0.72025186,0.563567,0.66596156,0.16070718,0.0,0.44675103,1.9994628,1.3855416,0.48351428,0.9436094,0.94661206,0.21801837,0.6419978,0.16442765,0.34439608,0.09308345,0.73296773,0.5525449,0.5129901,0.16840355,1.4560949,0.65461427,0.5915803,0.5280446,0.03896993,0.56104374,1.0857428,1.5958124,0.30899626,0.90456164,0.8534706,0.04868385,0.11865112,0.28145602,0.1744001,0.112271,0.16206321,0.44618016,0.22390155,0.0071711126,2.2298675,0.046351638,0.66119474,5.022963,0.29777145,0.5716164,0.14211269,1.23676,0.17326744,0.21768177,0.90857786,0.2981862,0.32867777,1.2460287,0.23298928,0.5635246,0.28441325,0.30464655,0.54924166,0.46324807,0.38381532,1.0292609,1.0245959,1.3755418,0.47620928,1.0632385,0.049604636,0.24184859,0.61893255,1.415153,0.75962806,0.47996718,1.1290407,0.7308739,1.0117464,0.13373771,0.3542823,0.6836665,1.5816535,0.5164231,0.40495282,1.2424384,1.3753998,0.12259059,0.0747671,0.0,0.2186069,0.038390424,0.73973733,0.3071141,0.87715554,0.54643345,0.8651947,1.3436531,0.21870679,0.44669512,0.13880178,0.22988398,5.4639506,0.32686263,0.28518736,0.5115021,0.14030163,0.06744713,0.098576576,0.0,2.2053597,0.20645879,0.0,0.028400004,0.014619125,0.7323815,1.7218872,0.020795802,0.0030047754,0.0036734962,0.004436936,0.6903132,0.21409453,0.54023546,0.93440384,1.0068294,1.8146975,0.34254637,2.298301,0.58129793,0.08551546,0.111758664,0.7468896,0.9418903,2.0702295,0.03838738,0.46434152,0.10661917,1.1204733,0.76215035,1.2258761,1.1220928,0.1928217,0.7316748,0.0496361,0.4539439,1.1190145,1.323517,0.5566346,0.49549538,0.15268362,0.5462069,0.09917819,0.6212101,0.2567095,0.90300953,0.4934574,0.6655197,0.0025234008,0.16478305,0.17094825,0.4500977,0.011786784,0.3580392,1.1928223,0.5420949,0.23680338,0.35888812,2.3716805,0.9441653,0.21930155,0.049812626,1.0149612,0.22029246,0.17968775,0.0030276477,0.12711567,1.3928301,0.26601094,0.46300697,0.875071,0.8378601,4.1044197,1.8930777,0.8624114,1.2557759,0.13836735,2.1317174,1.607846,1.7385592,0.11176697,1.4145622,0.041660555,0.8713131,0.8091452,0.72948,0.064168625,0.15963253,3.5269384,0.040609106,0.078376055,0.5929146,0.045580417,0.0,0.36077645,0.48116076,0.13346645,0.4210753,0.22168292,0.0,0.6215619,1.4931968,0.13841018,0.0433509,1.2034283,0.017425481,0.03299225,0.92376035,1.1940904,1.0696515,0.112173684,1.8794776,0.36861527,0.40639666,1.4147716,1.8356671,0.14746565,1.5798626,0.22503957,0.23548993,0.23188804,0.094724596,0.34325734,3.4858453,6.443447e-05,0.28048256,0.16936263,0.20601371,0.98209256,0.18288647,0.028308464,0.58449703,0.9075694,0.8460959,1.3342851,0.08377395,0.91152424,0.18922068,0.64408594,0.59976536,0.9749024,0.37776914,1.1008419,0.57997864,0.682659,0.43883216,0.4571319,0.645877,1.2143025,0.3150357,0.47628403,0.015333061,1.8050381,0.11319678,0.30979297,0.095755115,0.07621547,1.6322398,0.40182066,0.37017277,0.19592643,0.48371574,0.41269267,0.21079624,0.0841128,0.7068751,0.07426832,0.2929388,1.4414487,3.5560071,1.4759442,0.81561714,0.021170817,0.85820985,0.19490974,0.8644745,1.1982079,0.0,0.8982559,1.1034484,0.009757815,0.03466449,0.11195831,0.0,0.35157114,0.59995353,0.031815283,0.29741043,0.42900467,3.365788,0.32344005,0.24952504,0.07552793,0.8393922,0.8505646,0.22469695,0.25877446,0.43150538,0.74492985,0.38063806,all_pothole_images\pothole_images_enhanced_af4859825206c4320623ed977c9b5f6e.jpg
1.1826746,1.6943904,0.34929478,1.8096493,0.76095456,0.0,1.2730068,0.1752177,0.65424234,1.2622107,0.4979532,1.4188555,0.64838135,0.9945138,0.25982407,0.3015464,0.101329274,0.16839612,1.8624356,0.046256784,0.99892336,1.4393191,1.4244919,0.35618946,2.3395233,2.2985065,2.058115,3.9479501,0.7563917,0.04774798,0.05725036,0.12276508,0.5133157,0.52532065,0.7312381,1.4347138,0.8326603,1.1927817,0.41770917,1.2443634,0.0,2.0432727,0.19903402,1.0626594,0.010959711,2.645997,0.29816613,0.3108862,0.022307305,0.075944975,0.3539284,2.6193118,0.47651562,0.0,0.0,1.6634926,0.30847096,0.047817986,0.061299488,0.43613246,0.74220836,0.76120275,0.29234353,0.94822437,4.234456,2.378773,0.42482483,0.07571165,0.84240544,0.1745287,0.50800556,0.23538435,0.31263033,0.18663687,0.15097226,1.3021207,1.0995986,1.0199298,0.7626026,0.32253703,1.0022228,0.51036066,0.035724368,0.3251256,0.25380915,0.7346498,0.121741235,0.2791118,2.5272872,0.1741531,0.6775874,0.68136024,0.0027554114,1.0768787,0.67352104,0.02628333,2.3107893,0.08381556,1.0497357,2.2808464,0.0,2.8383503,0.12744084,0.8193546,1.6225016,0.25052908,1.6784993,1.3797464,0.0006300624,0.27618995,0.16362233,2.0546472,3.0972893,1.1308385,1.6150931,0.035729907,0.11753213,0.92330015,0.013783405,0.8045372,0.5649166,0.062268887,0.19882628,0.75672895,1.4833533,0.0,0.97902894,0.0,2.616031,0.3194035,0.30949482,0.40231797,0.0,0.010006189,0.4859903,0.5972739,0.13712294,0.7922695,0.619982,0.13341999,0.0,1.5350796,0.7068645,0.1272107,1.7501999,1.7504557,0.45688683,2.6707866,0.16149518,0.0,0.5175471,0.14212735,0.023062628,0.07906549,0.9514992,0.14261328,0.6811765,0.032648537,0.86446977,1.2852373,0.45940298,1.6219103,0.10898778,1.3852564,0.6837369,1.9517473,0.93382263,0.13777077,0.7640712,0.9901442,0.3699822,0.692419,1.7266017,0.10817405,1.279588,0.09071144,1.9170189,0.14619103,0.0,0.0,0.46254966,0.5916561,1.2092928,1.0070935,1.2567784,0.42700583,0.012851516,0.6475315,0.5257339,0.17575954,1.1712422,0.59955674,0.006352071,1.9003227,0.7787837,0.2580469,0.2747841,0.8277884,0.9002402,0.8854615,1.0679214,2.3610835,0.477735,0.8608211,0.038986128,0.05673617,0.60991096,0.100976765,2.4650269,0.18048346,0.0019560813,0.66973764,1.1173233,0.8903205,1.0156429,1.7852923,2.2323892,0.062056404,0.12461514,0.034825683,5.2372518,0.0,0.9876826,0.44985846,0.5976675,0.14697991,2.307957,0.8318068,0.11456485,0.9622685,1.0671607,2.0329816,0.002382343,1.6158416,0.16416581,0.24004877,1.8494593,1.4504051,0.66603833,0.4905749,0.3082785,1.0460683,0.5659164,0.080501504,0.5679134,0.0,0.04972805,0.63546735,1.1393902,4.561855,0.9819483,0.027212469,0.026392832,0.0123171685,0.13905829,0.002994367,0.22633743,1.1892402,0.61380464,4.0275393,1.3160484,0.47423866,0.6835785,0.0014676417,0.7217922,1.9734067,0.3260294,0.60824686,4.936978,0.20769393,0.84899586,0.06718041,0.22908911,0.0035556476,0.11770171,0.21857606,0.06603851,0.9687638,0.053713012,1.1172235,0.036184747,0.47003967,0.83995223,0.2543036,0.4431065,0.48206985,0.84621185,0.49512511,0.73095447,0.3678669,0.3257593,0.64196193,0.5393209,0.019157803,0.2994284,0.16491613,0.618244,0.3878253,0.08738029,3.1612325,0.4300334,2.2448912,0.00073315983,0.054164656,2.0174372,0.20775071,0.0,0.048842162,0.023964835,0.7336728,1.0029812,1.018574,0.6557813,0.66158044,0.14470655,2.5143447,0.23165894,2.5578287,0.37559208,1.5033884,0.09679643,0.27196285,0.09879211,0.0019467003,1.593711,0.018568562,0.078023665,0.1845337,1.4531035,0.5385808,0.98268473,0.20870987,0.0,1.1976196,1.525593,0.2583761,4.1082726,2.3782494,0.7550321,1.4368211,0.48902282,0.5123123,0.9432618,2.0507367,1.0347571,0.22659317,0.040257413,2.10005,0.35971946,0.4269712,1.378053,0.012424966,1.4018925,0.4906769,0.09511328,0.082881905,0.6047737,0.82433754,0.11994631,0.075842,1.6588584,0.1261129,0.972972,1.4438059,0.030300125,0.02167789,0.66504854,0.5820687,0.24741875,0.29667306,1.2101073,0.0032611114,0.1478971,0.80638045,1.0722888,0.029695837,0.13283728,0.3133047,0.50168085,0.61080456,1.8553419,0.005981855,0.95099,1.0985558,0.37374783,0.4804909,1.4168978,0.04003896,0.1221914,0.71149147,0.44456336,1.6331875,0.11999099,0.6040093,0.20249555,0.065485924,1.3318499,0.0484215,0.18706863,0.22801381,1.2306116,1.4358025,0.008716601,1.7379148,1.3674886,0.63318884,0.98080164,1.1607678,0.8695634,0.3012246,0.7153764,0.41681063,0.024116656,2.2145708,0.025670642,0.38719183,1.5945332,1.4688627,1.7926215,0.07557215,3.0335605,0.5782107,1.5455722,1.6805104,2.1577487,0.041539293,0.40290776,0.9653648,0.7575369,0.20117962,0.35160425,0.52466697,0.45399642,1.9228508,0.57293946,2.6925154,0.7850335,0.54584116,0.37586078,0.4790218,2.1266885,0.44995862,0.11693513,0.06253045,0.0013524592,0.0,0.5980676,0.94049037,0.29229832,0.647315,1.3885226,0.38077098,0.038415894,0.0,0.42021537,1.4132701,0.57587445,0.10025758,0.013535375,0.6107274,0.43120748,0.07506512,0.7579911,0.29721856,0.45150152,0.07357114,0.24765898,0.8294081,0.62391454,0.577308,0.23965095,0.048976753,0.24907264,0.021021917,0.025036654,0.1942405,1.5184845,0.41712695,2.2491946,0.9684085,1.7263293,0.8860525,0.13224895,1.4591768,0.05116354,0.022480156,0.45889643,1.5253968,0.41105822,0.013311191,0.6056482,2.445218,0.20968051,1.4714118,0.0017150074,0.009007301,1.2123542,0.04510482,1.0656269,0.040651064,1.9793922,1.4289006,0.089055136,1.2483128,0.15725504,1.1764889,1.1466424,0.66673774,0.3146795,2.0646698,1.2963971,0.274945,all_pothole_images\pothole_images_enhanced_afa0e4ad08893eabd6aa6836d4f88b45.jpg
1.1803706,0.25146207,0.38756275,0.6703556,1.0649343,0.7048623,1.1097202,3.1696844,1.1391379,1.1601628,0.9047286,0.29974058,0.053806964,2.3962977,0.091925584,1.6740469,0.12567975,1.6055018,0.14099476,1.0855395,1.3280402,1.1286681,0.75030905,0.61815083,0.48605755,1.2564731,1.6145985,3.178595,0.37602845,0.74699837,0.039225787,0.14485823,0.14795026,0.15330455,0.06520432,0.7939073,0.8036367,0.8997115,0.016934138,2.80642,0.009741455,0.33699843,0.6609291,0.70104903,1.0710719,1.2631607,0.30577698,0.2676901,0.5432486,0.835879,3.3428164,0.5602876,1.2116152,0.23910785,0.71627474,0.8908695,2.0879667,0.33455178,0.18092507,0.37512556,0.8880411,0.54082596,2.1715813,1.5089595,1.5584134,1.3145909,1.0345992,0.32566392,0.44851977,0.8785983,0.48806202,1.031268,0.054145325,0.7275752,0.51904106,0.61675817,0.26911226,1.3038403,0.08046106,0.82760686,0.15920682,0.03140492,0.015616886,2.3567967,1.1081986,0.8054126,1.7511939,0.027169356,2.1749094,0.5730937,0.31938043,2.321925,0.6441613,1.1767489,0.6769755,0.1817001,0.34442392,1.1128839,0.96338284,1.4690502,0.20120242,1.920046,0.21997981,0.5636363,0.43063983,0.04656666,0.7192637,0.6030168,0.1346072,0.41676965,0.9500049,0.04751723,0.5139316,0.25721055,0.92704093,0.30643874,1.1629134,0.22224753,0.57022405,0.5202203,0.6981148,0.854256,0.19769433,1.5069944,0.60307693,0.35620454,0.058706254,1.0861593,1.6346965,1.4945766,1.0742309,0.7497338,0.9514693,1.1107327,1.3381385,1.1591848,1.0791649,1.0918401,2.3373275,0.72810143,0.9646821,0.37892827,0.5690919,2.336001,0.16474466,1.0258499,1.0615805,0.13755125,0.42384252,1.569453,1.1805173,0.11043657,0.2984639,0.7200105,1.2216424,0.34130946,1.0248787,0.4252588,0.31832045,0.6378592,0.57787675,0.60628605,1.6438514,1.7099919,0.5115357,0.050767347,1.1261575,2.3614283,2.593979,1.3940262,0.54343444,0.18277413,0.15360565,0.87381274,0.30218506,0.18200806,2.0184207,0.98110723,0.47400233,0.03314936,0.44535643,0.89461553,2.295006,0.48546124,1.4354138,0.31960618,1.8794475,0.9554918,0.42560703,0.56850964,1.0644231,0.5671033,0.2712764,0.64698875,0.19815086,0.75139594,0.3585331,0.20581989,0.60895497,0.4132153,0.5615415,1.1674573,1.4443839,0.7722103,0.20098655,0.5342567,0.23007324,1.8521746,1.0785449,0.78931004,0.23252489,0.9620073,2.1921334,1.353596,0.51634175,2.1836948,1.6367663,0.26725227,1.1828996,1.3015536,0.37861887,0.18140316,0.66964394,0.42326003,0.0,0.6152895,0.7016373,0.7515239,1.9174879,0.52456254,0.22776179,1.6025159,0.2038383,0.8293481,0.0974357,0.9979943,1.942805,0.9761149,0.4071242,0.5331731,1.3348688,0.099967815,1.1499201,0.84137714,0.7107008,0.44661313,1.0048115,0.3079253,0.41547376,1.8129916,2.7735078,0.0140042985,0.3336627,1.0877061,0.23876885,0.8396734,0.891551,0.63640076,1.2314702,1.5974188,1.9405203,1.0003215,1.4322073,0.4149309,0.77663124,0.61149114,0.38758162,0.42500108,0.6890934,1.4439286,0.08168257,0.5416952,0.9148181,0.9246618,0.16172984,0.6533497,0.6263531,1.4417307,2.2772644,0.16864553,2.3483338,0.33951634,0.09716436,0.901664,1.4492443,0.083598845,0.8160754,0.9142948,2.7823393,0.6219535,0.16689421,0.81335074,0.4465924,0.9495074,0.2736432,0.5817193,0.2495937,0.28544477,0.3475329,0.5752069,0.10120448,0.24471392,0.3163961,0.8015275,2.2350764,0.4386728,0.50034356,0.93758595,0.97846407,1.2471689,0.3754091,0.061068345,2.3162081,1.6856786,0.36723125,0.09995963,0.37247887,0.14718698,1.0469294,0.46496487,0.44816342,0.78881615,0.09650939,0.8301558,1.7805241,1.5179917,0.92749256,0.53297573,0.737506,2.5193188,0.607402,0.42270613,0.018483924,0.537348,0.53986686,1.0478743,1.3961339,1.2522681,1.0879941,0.6246419,0.35346276,0.4395144,2.2762413,0.12048656,0.8169795,0.09613524,0.79362816,0.46176445,1.3562706,0.4368289,0.7716316,1.0611379,0.35696426,1.1517723,0.57388014,0.2939413,0.9809429,0.5801201,0.25840253,0.813023,1.2113101,0.25126773,0.03750982,0.6573403,0.4947518,0.23984635,1.2616874,0.51630014,0.70182097,0.57274055,1.1589622,0.33919388,0.12421967,1.0959736,0.39690414,0.8869609,0.21885669,0.34517786,0.95527256,1.191731,0.14630395,0.3049345,0.6659665,0.63101417,2.6940281,1.6371238,2.9252841,1.465084,0.424669,2.2713282,0.8076435,0.27151513,0.7459195,0.90356964,0.79549015,0.7478364,0.2616409,0.9055853,0.5220302,0.5287772,1.694458,0.33737022,0.084983386,2.4015248,0.5178048,0.113723055,0.3818437,0.3448848,0.9998711,1.6578228,0.5240893,0.33806443,1.8251127,0.8491238,0.33702067,0.11088766,0.6918557,1.7471777,0.32635522,0.5321219,2.3244143,0.34572616,1.7574786,1.3385103,1.8714409,0.2122571,0.80224204,2.659704,1.4816358,1.9840353,1.3346233,0.50510114,0.7278742,0.82521707,0.7526128,1.6962456,0.30133802,0.9016588,0.3293529,0.04713811,1.0070294,0.7331783,0.15259933,0.25881702,0.83918107,2.0273843,2.6729543,0.6923855,0.7100393,0.16016772,0.7759545,0.112780154,1.0164384,0.24724326,1.2142107,0.51362085,0.3618578,0.7630123,0.81315017,0.24093533,1.2767605,0.3860483,0.7335166,0.2676287,0.5470258,0.078995794,0.1384821,0.44573054,1.0037798,0.89446616,0.7880893,1.5191096,1.1922569,0.7031504,0.23111993,1.3474591,0.039630737,1.2472224,0.44447953,0.7190803,1.211884,1.2647834,0.2509801,1.1936469,0.05236635,0.8484719,1.2236241,0.3335269,0.7037151,0.37211648,0.051013898,0.5974289,0.48280334,0.78028286,0.051168304,0.09189931,0.20139803,0.27543727,0.17900702,1.022084,0.25160816,1.292873,0.2446029,1.2814642,1.4397229,0.100149125,0.26737207,0.33282027,0.325679,1.6489695,1.8386271,0.8952675,all_pothole_images\pothole_images_enhanced_afda9421ff5d1c42112f750c4e9e185a.jpg
0.21134824,1.6193069,0.30502728,1.4320971,0.2844578,0.03790117,0.8004822,0.006268041,0.2215163,0.7273128,0.43264356,0.66253084,0.02393884,1.3328328,0.03429763,0.8693762,0.34260014,0.08006367,1.0341755,0.0795501,0.925242,3.1483831,0.37214306,1.0602361,1.3848928,1.6784569,0.22761115,2.9030337,0.4531952,0.5268859,0.8129716,0.26468506,0.3945414,0.28869465,0.14488263,0.23457757,0.42029524,1.8510615,0.14488044,0.18621345,0.14197345,0.046516996,0.1531768,0.7831512,1.2826476,0.93201154,0.08585708,0.007878676,0.53958863,0.45218366,0.12197361,0.0,0.5279546,0.4616242,0.31894112,2.2361493,1.8341677,0.08591815,0.16131885,0.17826277,0.006765749,0.3681061,1.31999,0.07180216,0.32276452,0.36987117,0.6436753,0.18265833,0.48653266,0.76140314,0.16593064,0.2735209,0.27194703,0.3586178,0.2569483,1.2144811,0.02593485,0.3023501,0.036523215,0.15427922,0.024320493,0.21654856,0.15666984,1.8209599,0.7699479,0.5020786,0.33572292,0.26005846,2.7765436,0.32356536,0.036357712,0.8816593,0.043205187,0.32409057,0.06568845,0.27053544,0.25617796,0.84514135,0.854416,0.34355962,0.27427727,1.8338919,0.3239137,0.006488948,0.26343274,0.6524535,0.16564403,0.16134463,0.28224453,0.18890591,0.031778406,1.7430971,0.6036186,0.36555615,1.2494168,0.39035493,0.6965218,0.25410378,0.9421706,0.58208805,3.03744,0.34588584,0.30329537,1.3237295,0.39491132,0.8931104,0.56698686,0.32739404,0.6782511,0.050678164,0.31407267,0.08029439,0.55273926,0.17632943,0.1533589,0.11436248,0.35114542,1.0924281,1.3720139,0.35844538,0.078816324,0.025343236,0.050172444,1.1723962,0.078844056,0.67023176,0.017528573,0.0,0.65046746,0.5478774,0.38182962,0.7839057,0.0,0.017089862,2.2239025,0.23030168,0.4104696,0.41061774,0.7870628,0.45135638,1.6874148,0.9661111,0.55132467,3.1133275,0.009299209,0.5420728,0.893465,0.13262741,2.5146387,0.6388385,0.06376541,0.12774298,0.41438916,0.18712713,0.60426337,0.040332273,0.5868442,0.040806785,0.043644056,0.16865437,0.02726556,0.99578357,1.652292,0.3229847,1.4774039,0.6761144,0.57299584,0.0023587267,0.14041549,1.2228792,0.18582861,0.27853262,0.027150974,1.5921139,0.030673273,0.3419551,0.13041613,0.111818925,0.014575632,0.816332,0.071957916,0.8075999,0.6520927,1.1016588,3.0432053,0.48761195,0.19294944,0.16128929,1.0462526,0.17706262,0.13691664,0.22871284,1.282008,0.1601857,0.7285111,1.567465,0.84291345,0.12602647,0.43514824,0.2096994,0.30663025,0.29168433,0.47776386,0.21482101,0.03206341,0.19920692,0.7974404,0.41558903,1.0858932,0.4917741,0.14357163,0.03346165,0.14797862,0.39128572,0.69895643,0.7401676,1.3919253,0.12809193,0.006294827,0.113101296,0.30669633,0.012600951,0.0377626,0.27121145,0.0864523,0.03688994,0.49034056,0.036711477,0.6709347,4.7044187,1.3924435,0.03856089,0.40167743,0.28607705,0.08137681,0.0053114733,1.0458304,0.2789292,1.3928915,1.1846946,0.0,0.22325118,0.67046404,0.23370236,0.30790067,0.12320641,0.03237437,0.9703251,0.5117326,0.56105536,0.23103634,0.0,0.11506002,0.2667153,0.7112707,0.93719363,0.039830875,0.32352197,0.4362845,0.6381919,0.5794525,0.15433088,0.1608721,0.48466188,1.0279454,0.110712156,0.89462245,0.07651551,0.88027596,0.11763919,0.01632701,0.123138815,0.018324351,1.6980418,0.23638327,0.15837519,0.29313436,1.0476056,0.114935726,1.5051179,0.28320643,0.30973682,0.12732069,0.540274,4.4518166,0.47360414,0.078628585,0.6098341,0.15193039,0.11799526,0.49784407,0.69006276,3.724691,1.2071009,0.0,0.60189956,0.027687773,0.7836464,1.2265664,0.20262249,0.0075803637,0.08179935,0.09766598,0.18763919,0.5820639,1.1663656,0.66304857,0.75335944,0.16132052,0.6571538,2.0266662,0.12284238,0.3488224,0.002203992,0.0706946,0.045778543,0.59977376,0.79732674,0.038814574,0.30224168,0.9753545,0.27777284,2.0429182,0.20739017,0.85773236,0.016342934,0.114116825,0.44785914,0.2705803,0.8334488,0.48154685,0.9713728,0.0,0.3809999,0.3361953,0.0112298215,0.2604338,1.0503246,0.3128915,0.49913007,0.04328844,0.05913492,0.11452737,0.41966653,0.0117340665,0.45902982,1.5883389,0.97718483,0.15771897,0.24113078,0.8789712,0.09726102,0.13143148,0.5394277,0.01938786,0.7815599,0.081085324,0.40539122,0.338083,0.39319134,0.04742956,0.0,0.4432262,0.8466719,3.7553778,0.7505536,0.9374953,0.42856643,0.034641217,2.98967,0.7149372,0.05364048,0.13802494,0.47466633,0.06421673,0.21160625,1.078005,0.047498114,0.14929649,0.4732846,3.098806,1.4197867,0.2218988,0.50633144,0.07987936,0.27125466,0.2612085,1.1199558,0.472529,0.36216712,0.12519158,0.27958035,0.35162532,0.41620767,0.0018880707,0.43590397,0.28881794,0.06239706,0.15964606,0.35242835,1.5079123,0.16737945,0.7112972,1.4144447,1.9109579,0.4788043,0.32497102,0.43444636,0.10760268,0.5025626,1.3103167,0.060764097,0.11322225,0.6879368,0.3677426,3.719688,1.0515372,0.89311624,0.1662397,0.14758702,0.3919234,0.12721938,0.022123005,0.9257434,0.1898948,0.15312144,0.59406304,0.86191547,0.034212787,1.0011196,0.56345606,0.30371803,1.3671738,0.1171291,1.308036,0.57421213,0.722067,0.6677705,0.29241222,0.79943174,0.59733325,0.17255624,0.5759657,0.4624102,0.9058838,0.30258247,0.009591885,0.13630672,0.80131197,0.90386975,0.55004317,0.2952051,0.20482638,0.05336368,0.96820056,0.10014475,0.011334147,0.6849332,0.9970783,0.002614873,0.32828698,2.5358784,0.54191536,1.2653424,0.0,0.06504193,0.6019092,0.42147046,0.12555481,0.12505291,0.586789,0.9905579,0.12623712,0.006002262,0.0,0.064296484,0.21975094,0.13161075,0.27621934,0.13089542,0.19836089,3.2158763,0.8070264,0.7394082,0.26969144,0.51573676,0.07118835,0.2833363,0.4800695,0.17686233,0.62747794,0.14049049,all_pothole_images\pothole_images_enhanced_b04fa87bb31cb220bb908446a4ac83db.jpg
0.3982496,0.8291509,0.94770646,3.8919897,0.6313876,0.91803753,0.35346553,0.03109499,0.028761597,2.6530051,0.06447753,0.52628016,0.058942255,1.6549581,0.2570651,0.49688658,0.019363772,0.54639393,0.6134457,0.32472804,1.762755,2.773491,0.2630552,1.0508282,1.8354031,1.0849627,2.1492426,2.2079291,2.896861,0.6027448,0.31900647,0.15245108,0.68750453,1.2344253,0.29142672,0.98777145,1.2683194,1.5903628,0.624609,1.0087818,0.23601633,0.005013371,0.8905414,2.3162277,0.7305255,0.25665668,0.18736467,0.14647222,0.023690082,0.104381785,0.84186506,1.4623842,0.4962326,0.15164931,0.0,0.48456028,2.3511667,0.27557042,0.8297109,0.08590776,0.09012948,2.5016117,0.7961404,0.059501734,0.1292362,1.9414355,0.38965303,1.4392478,0.121111624,0.30503514,1.3931566,0.07976826,0.427656,0.44094014,0.25923732,0.45533052,0.2806928,0.9831299,0.46309644,0.29728836,0.008160911,0.4158176,0.16476339,3.1050804,0.793854,0.47087675,1.3787249,0.17884703,3.209637,0.4862096,0.025544127,0.06306614,0.040540423,0.104460575,0.2583162,0.30552062,1.6555732,0.78991604,2.25102,1.4645123,0.16363789,2.7956982,0.01659427,0.90709776,0.0840486,0.114035435,0.16036856,0.28477147,0.166757,0.23859106,0.31764048,1.8395424,0.2588438,0.017281214,0.69260544,0.28889564,0.5708155,0.07835173,1.7295766,1.0226324,2.5753915,0.4325145,0.070875004,0.95120066,1.9655026,0.84611,1.2892679,0.28502148,1.0293716,0.23637965,0.4269384,0.059689257,0.6776441,0.013087774,0.2137474,0.3225952,0.112659566,2.28026,0.63614726,0.35382232,0.0,0.67056143,0.25008664,0.5056992,0.5546738,0.787148,0.5250305,0.3994557,0.24531607,0.24740207,1.5174596,1.2574679,0.62922317,0.1411829,1.7145195,0.8260315,1.1384534,0.552868,1.2990333,0.67344475,3.4777968,1.3887945,0.08921944,1.069482,0.40342754,0.28104317,1.4386322,0.09423518,0.9948106,0.5002823,0.21248192,0.07771792,0.27201924,0.5492358,1.0798469,0.0889794,1.065835,0.013251948,0.42583,0.5616624,1.5518824,1.0976824,1.4962245,2.2435358,1.3473444,0.7674981,0.05739746,0.3009005,0.28834906,0.5624275,0.092469096,0.7447511,0.26510122,1.5450757,0.2803515,0.4292959,0.09311598,0.64577425,0.6859923,1.0417001,1.1937405,1.0189902,0.6786674,1.6258698,0.4067361,0.026384706,0.8449155,0.19591157,1.0369676,0.4556315,0.10154066,0.24322455,1.609564,2.2803833,1.7158796,0.38743833,1.5873164,0.04270638,2.554243,0.8081481,2.4325438,0.08601236,0.311063,1.2831545,0.049447536,0.20992835,2.0718992,0.10725515,0.45182157,1.046555,1.7444541,0.3275814,0.4482267,0.28727105,0.31349188,0.026618935,1.3173113,0.110610805,0.0,0.39076987,0.21789828,0.19674791,0.8214417,0.5877384,0.04670825,0.0,0.617095,0.03728418,0.8738486,4.7379966,2.9228876,0.5858387,0.33029333,0.18151265,0.16772997,0.29185122,2.3741782,0.41108212,0.17872483,2.5996103,0.09117451,0.10686888,0.7431264,0.7250844,0.47480258,0.3692484,0.76062804,0.026920188,0.49542746,0.0015094258,0.64539105,0.12372443,0.4746571,0.27669108,0.7607891,0.2184296,1.0563171,0.59700966,0.13988742,2.1709604,1.5418849,0.1781866,0.35579604,1.8076595,1.5269073,0.7339272,0.33343148,0.49789563,0.23031883,0.34013453,0.7697103,0.34950453,0.20914188,0.53597194,0.7568584,0.93189687,0.5305333,0.3062861,0.10783292,2.649805,0.18505993,0.5406525,0.007453233,0.7890821,5.4948854,0.25406274,0.0024482235,1.0934042,0.17546144,0.13047126,1.6767092,2.1945498,2.5591235,0.48971945,0.33267885,1.5148052,0.55592734,1.2065685,1.1204509,0.28929868,0.02602365,0.23541838,0.29678226,0.52437574,0.08325462,1.0968537,2.0303104,0.09753349,1.3274281,1.7404218,1.6639168,0.3064949,1.0997646,0.6645382,0.32720068,0.5068198,2.888072,2.6451366,0.17633346,0.30157337,0.87618387,0.43328124,1.9528917,0.86699003,1.4860221,0.0052330378,0.58228105,0.84992284,0.7102684,0.71240103,0.7834859,0.5233603,1.0083172,1.0950505,0.10776977,0.038716737,0.48959365,1.1922745,0.16366644,0.98784846,0.06112841,0.18889761,0.6344664,1.2125224,0.098887734,0.2871235,2.1290126,0.22277164,0.52725446,0.27466276,1.2645487,0.87842464,0.427139,0.062254332,1.1789502,0.19664595,0.036929194,0.28170386,1.1756029,0.5696814,0.13728191,0.064221136,1.2322711,1.3350672,3.282412,2.0097191,1.2010133,0.05380108,0.38408056,3.1945343,0.80870324,0.21603656,0.40437582,0.18869936,0.060985714,0.04994057,1.4565874,0.35876223,0.421871,0.11738561,0.91453475,1.449276,0.4670281,2.0079334,0.17282152,0.44586322,0.5707883,0.21167882,0.10472549,0.014923968,1.647937,0.6077746,0.83190006,0.5531082,0.038340367,0.054754466,1.276428,0.25345674,0.2018994,0.08250898,2.117979,0.11567432,1.2174547,3.283779,3.1610231,0.48747456,1.4916272,0.3858596,0.8876928,1.1610503,2.052654,0.62520486,0.5736258,0.6702996,0.65007585,5.236369,1.3655859,0.40939978,0.74013144,0.15996744,1.0891808,0.07031281,0.01907312,1.287267,1.2072505,0.2393541,2.8069763,0.47322774,0.17143987,1.2827982,0.8508502,1.2155861,0.5801992,0.061283883,1.4083402,2.517404,0.71509784,0.6218887,0.63162774,2.4256935,0.96000606,0.19350885,0.5182258,0.07038272,0.8705128,0.3252806,0.9418582,0.26743487,1.1342839,2.85333,0.00990168,0.17062226,1.1689293,0.24515957,0.17602567,0.3804206,0.88336015,2.0206487,1.0935048,0.6568713,1.471897,2.0517426,0.46835148,0.5729524,0.10205988,0.12993434,0.44919807,0.0,0.042123962,0.318364,1.0598712,1.4920399,0.05844954,0.09540756,0.092584066,0.40691966,0.0,0.081420004,0.120324835,0.10053966,0.2330726,5.2191,0.4829698,0.27036572,1.0941683,0.367749,0.16088368,1.0328912,0.25574237,1.9487879,0.14031279,0.4894992,all_pothole_images\pothole_images_enhanced_b0b03b1640fcf3fd53b294e39e6a5454.jpg
1.4545118,2.019903,1.352387,0.41631457,0.49670893,0.50451165,1.9556189,0.60656714,1.5543271,0.2043557,0.7794876,0.26641044,0.7450897,2.171815,0.48511264,0.17690445,0.2061815,0.97223467,0.44809896,0.19336319,0.70465136,1.535378,0.37219003,0.98308766,1.7621628,2.846415,1.5266583,1.1870362,1.645477,0.14541027,0.030303312,0.64846325,1.2049158,0.10463837,0.4726049,0.22868998,0.22270282,0.8314798,0.2046586,0.4074197,0.5386186,1.3165889,0.87176514,0.14925805,2.66179,2.52171,0.43472925,0.19913043,0.5015201,0.055300187,0.8718367,1.1480283,0.5273619,0.4175498,0.0864117,0.64071375,2.8444738,0.0,0.21622524,3.7632182,0.033534482,0.25225753,2.7798097,1.0428827,1.2011575,1.2875438,0.18538737,0.0,0.33468723,0.051380355,0.18838249,1.1696601,0.061121393,0.42474163,0.11468331,0.343573,0.40398335,0.9105564,0.29725403,0.7611591,0.8643359,0.0,1.6768535,1.883194,0.43644434,3.4657664,0.597123,0.33517972,2.5047638,0.7437439,0.20122483,1.1773567,0.65311,0.3516077,2.4008784,1.3547411,0.6975601,0.8123276,0.3957159,0.7301214,0.43767998,1.3702804,2.3351157,0.94139344,0.6708594,0.6729974,1.1244936,4.3913827,0.81014454,0.95700765,0.17188294,4.2358365,1.0273451,0.63117343,0.14189112,0.6006803,1.3094996,0.33703867,0.48965868,0.79086643,0.7992161,0.31733847,2.6429567,0.008763537,0.11044111,0.047718752,0.04829538,0.17805831,1.7362337,0.18954876,1.2077336,2.2814493,1.0367793,2.380626,0.15980625,1.184392,0.10446508,0.26340854,0.9362469,0.08362802,0.5572483,0.2598782,0.02684537,0.91520536,1.288057,0.49024558,0.08907589,0.03855454,0.1965879,0.5854857,0.71559876,0.23037346,0.087904066,0.002671185,1.2488756,0.7700457,0.27217853,0.16747163,1.3194004,0.3281857,1.5219061,0.62313473,0.5110844,0.97881246,0.17960586,0.46270642,0.5265254,1.676474,1.2916973,0.14738251,0.6772799,2.085436,0.7186092,0.47586277,1.2928648,1.4293174,4.844772,2.2901988,0.40964812,2.1461868,0.20450833,1.067314,3.0055292,0.787518,1.1187011,0.08721213,2.154684,0.38653407,0.0039493944,0.1746429,0.3748322,0.007395401,0.051964838,2.3296132,0.9712842,0.2691438,0.82726526,0.038971916,1.3552767,1.0739343,0.28266257,0.08061148,0.44086355,1.588711,0.6074303,2.8457522,0.4299654,1.0507038,0.72282416,0.48199034,0.74087256,1.6294739,3.0989923,2.7021565,0.5740252,0.6309636,1.4271486,0.480026,2.598785,0.0,1.4856625,0.3217152,1.0957524,0.99913114,0.08088091,0.35818535,2.189723,1.6610689,1.2924968,3.2474458,1.5212308,0.58828974,1.1307892,1.4734747,1.5635825,1.6058698,2.3483412,0.92251897,0.22662796,0.81450737,0.99861413,0.93414307,2.2033842,0.25510868,0.59728414,0.025324456,1.7892329,1.0272101,1.0857295,2.5667624,3.0560234,0.022099098,0.48432496,0.1946502,0.2526528,0.014924901,2.2650511,0.4391393,0.78407615,1.0406219,0.44130492,1.25503,0.2443266,1.2907028,0.15658724,0.23574379,0.45337856,0.88530314,1.2419796,2.6333327,0.21373396,0.25707552,0.72010905,0.063340336,0.17296056,1.6615939,0.36199015,2.2611082,1.9953675,1.0782186,0.24319968,1.5215874,0.021984324,0.0213697,0.6487387,0.20236282,2.1916587,0.5035844,1.0430778,0.28318152,1.0409095,0.7929066,0.16240595,0.8822263,0.3159017,0.1661351,1.2239548,0.1809309,0.94385755,1.2588867,0.013804625,0.08497502,0.69726497,1.2552673,3.4759166,1.1653763,0.0,0.23893149,0.5322284,0.26259726,0.22646752,0.8248513,2.1523921,1.2748133,0.20728213,1.1482582,0.5065026,0.8062303,1.4772879,1.841927,0.015486729,0.57843786,0.7486051,0.1902005,1.8064849,0.98084503,0.8550926,3.8741896,0.07285598,0.7797799,3.7508812,0.64983684,0.0,1.0863975,0.009001876,1.8935792,1.3629773,0.17742877,2.9751294,0.8696915,0.20220858,0.82290524,0.722694,0.55247754,1.6743851,0.03051206,0.27590758,0.22478315,0.32569125,2.041393,0.35947457,0.7734324,0.29385594,0.76946586,2.935994,0.15180108,2.3639176,0.1454962,0.124322385,0.027175542,1.2302861,0.6176681,0.9804668,0.18853174,0.006350232,0.4166589,0.5300144,1.8954059,0.56981,1.0160967,1.298131,0.069726184,0.32339308,0.86223906,0.24494435,0.051039618,0.1911298,2.5140746,0.1929555,1.6074399,0.074773975,0.058078226,0.15247002,1.2956505,3.9486837,0.010770596,3.0203958,1.2036766,0.0071006,2.6853395,0.13332596,0.062461004,0.012124328,0.19727516,1.0791837,1.4761838,0.8075885,0.92770666,1.2222552,0.015673995,2.702605,0.61811364,0.13525571,0.5683156,0.0045361267,0.12559833,1.088133,1.4775561,0.7300866,1.0878541,0.072520725,0.6446468,0.3588148,0.7268846,0.10450113,0.23495142,0.48669782,2.4497201,0.42970252,0.61908895,1.0941533,0.90245646,0.6423001,2.4579084,1.4047966,0.2249924,0.12828512,5.0914164,2.2787418,0.016457556,1.0914078,1.890938,0.18698171,0.71733123,0.6533249,2.3277795,1.8553317,1.6784241,1.070738,0.8304376,1.3669746,0.21500264,0.08735765,0.03636181,0.16011876,1.2040994,1.925028,2.8454187,0.4692186,0.17101039,2.0188663,0.21518803,0.043460853,0.32666528,2.4897785,0.6672183,1.0306585,0.065956615,0.040454894,0.7065517,0.4660561,5.200097,0.5176458,0.3359832,1.0430433,0.093635395,1.3207122,0.41601214,0.013649973,0.37798753,1.0468421,0.88599986,0.121518776,0.06584345,0.28364733,0.1764116,2.5570464,1.7198781,2.4734004,0.19914322,1.1274996,2.8255534,0.121201515,0.24786119,0.010694644,0.5716491,1.6428425,1.6607518,0.32244873,0.26648575,0.3804554,1.4554745,0.018953923,0.51975554,0.3842575,0.16379881,0.4492363,1.0695659,0.0006119458,0.62685,0.6241639,1.3496476,0.14171022,1.7304537,0.025474694,0.18895371,0.007584777,0.49848157,0.028713735,0.20915085,2.1077569,0.8596146,all_pothole_images\pothole_images_enhanced_b0c480c0707b98b234700da68de3aada.jpg
1.1554643,0.6634054,0.27072772,2.0977035,1.2979523,0.5752442,1.2468958,0.102913566,0.8928218,0.5495077,0.15206674,0.4284376,0.2403693,0.23676004,0.0054059294,0.6175248,0.093334176,0.7056458,1.5616422,0.2766243,0.10887138,1.2238559,0.46197942,0.14101289,1.4980868,1.157072,0.8462106,2.5093272,0.06919991,0.2125819,0.28152934,0.00047479957,1.6160356,0.033688813,0.43237394,1.9146622,1.4274436,1.3419286,0.5908987,0.4725572,0.0,0.07801053,0.01369885,1.111552,1.1541337,1.6792624,1.1237944,0.051423527,0.4158585,1.299255,0.37976483,0.6168476,0.059026495,0.053899325,0.2661984,2.825803,1.3157171,0.38097066,0.4382711,0.008347225,0.26369503,0.9766324,0.33728307,0.6607608,0.19523978,2.3438706,0.2892132,0.7152176,0.4243565,1.5304257,0.1075304,0.5495371,0.4534747,0.15406285,0.57976216,0.007916131,0.17998752,1.244199,0.06643419,0.0014934987,0.5093784,0.39161584,0.37147018,0.8954071,1.5145277,0.6423071,0.055060215,0.14805841,2.1103954,0.20707233,0.33503908,0.18166974,0.093622595,0.18695125,0.15632388,0.0031084258,0.57519096,0.15849426,1.5681789,0.32826197,0.23671128,4.3061223,2.0928023,0.06954194,0.069435,0.047391668,0.89739084,0.5424657,0.0,0.31219327,0.034126222,0.84002936,1.2854687,0.12858431,0.61722994,1.4977933,1.3150853,0.26066095,0.9021294,0.7494158,1.5442373,0.062746316,0.09451521,1.2813127,0.026969377,0.88809234,0.018528463,1.8875719,3.5075514,0.09089742,0.5424854,0.14025436,0.5945116,0.0069135157,0.19133519,1.333273,0.0452176,1.6462384,0.30682087,0.17126931,1.5562569,0.26729125,1.1134418,0.0093523655,0.61534715,1.706533,0.500828,0.34774685,0.7395027,0.4506261,0.036811206,0.883813,0.10213706,0.012751239,1.7492,0.51122445,0.11882305,0.0,1.8829532,0.49561456,0.104896836,0.81642175,0.3687822,2.2322953,0.37287349,0.7212754,2.319574,0.5798174,1.3561107,0.6536403,0.6456544,0.1781439,0.0,0.72285193,0.70649266,0.0,0.089186445,0.32382026,0.50138545,0.089502364,0.19125369,3.1979454,2.944139,0.46477383,2.978008,0.88327795,1.1893529,1.0420198,0.17164141,1.6654665,0.57200366,0.3371976,0.1391259,1.452524,0.26746726,0.008091473,0.95335233,0.28416944,0.034483247,0.22831447,0.2948241,0.8465676,0.13251816,1.1897367,0.6812442,0.63569367,1.4162742,0.81159616,2.0062108,0.23132499,0.0,0.02732398,1.2947563,0.21327953,2.109149,2.4931703,1.0398229,0.3753817,0.20022821,0.4849439,1.4900899,0.35869142,0.2696728,0.12435783,0.008705429,0.6929461,1.3094095,0.86689645,0.53592974,0.1604824,0.8982732,0.6742571,1.3393781,0.040855978,0.82417405,0.0,4.4919643,0.00012994032,0.30688754,0.02490273,0.24869111,0.15301964,0.028771514,0.0015404448,0.5635163,0.24830611,0.5145735,0.40838826,0.53980285,4.7734637,0.4735503,0.1660055,0.86187744,0.48903167,0.030382635,1.1555704,0.5976271,0.44614974,0.36565244,1.650002,0.05394009,0.098852694,0.8046741,0.7067933,0.0842092,0.55454135,1.2728081,1.041806,2.005561,0.08836864,0.029593125,0.07496457,0.30467135,0.32736766,1.6811031,0.35029617,0.103000455,0.5829396,0.28599256,0.5256632,1.1237706,0.76053923,0.29050276,0.5375054,0.4116024,0.861441,0.77932584,0.2840761,1.3905681,0.2452981,0.36354038,0.12511617,0.12846021,1.8596382,0.10878058,0.01836061,0.4140217,1.3390185,0.15109399,0.93895596,0.8055901,1.1812514,0.0025892695,0.6740153,6.0282984,0.5389924,0.24719368,0.27081925,0.56624097,0.74105406,1.2056794,1.4949869,3.2699025,2.7413678,1.1828585,0.43920085,0.24355516,1.9864931,2.7215853,0.052561633,0.16787347,0.12894197,0.27151203,0.2247736,0.7632983,0.08658948,0.5656217,0.0015201543,0.33466548,0.12506719,3.6884034,0.033387214,0.010972138,0.039870072,0.1639021,0.4089634,0.2879766,0.0,0.5339202,0.34316474,0.3666245,0.60531354,0.9321206,0.025275754,0.80189294,0.22560069,0.015230171,0.1402669,0.17403148,1.3012043,1.7338033,0.356762,1.354267,0.045603726,0.42311382,0.03788108,0.3423362,3.8454053,1.0149084,1.13635,0.0,0.6496818,0.096081614,0.107202515,0.26857266,0.60658973,1.2831527,0.20320983,0.78660667,0.52033854,1.4232297,0.026227197,0.2531146,0.3041148,0.35440075,0.16468725,0.13402897,0.084909655,0.50253433,0.35137385,0.7534281,0.0,1.3054458,0.3754203,2.0918288,0.52173716,1.8427114,0.15454853,0.15942058,0.2588512,0.6929246,0.046686392,0.017254088,0.2751118,0.4015924,0.017056882,2.0522952,0.1110364,0.0,0.49538413,0.8008348,1.1255778,0.38871866,0.20838402,1.2447888,0.30839062,0.2589975,0.38346457,0.019087506,0.4227609,1.1173857,0.07371444,0.08922164,0.26850742,0.085240714,0.5172989,1.5094289,0.85905343,1.0524924,0.012381984,2.4328887,0.54231447,1.8494842,1.4947248,2.1816847,0.2846265,0.8185205,0.9187976,0.96192425,1.5581956,0.19922756,0.051474236,0.8487938,0.40364164,0.7702228,2.3955224,0.5911991,0.3087461,0.56617135,1.8255026,0.83333075,0.11155876,0.23360102,0.062887095,0.14157026,0.20547688,0.35460627,0.27014786,0.27065766,0.6676491,1.12559,0.09578667,0.561061,0.3774885,1.0673449,1.3459815,0.21464309,0.002362522,0.1854137,2.1091158,1.6479131,0.19025595,1.4818726,0.32557747,1.4219306,0.017791558,0.079427905,0.00809225,0.62111294,0.8212231,0.9173903,1.2809948,0.51244485,0.7438601,1.083779,0.54750264,0.29635382,2.2435384,0.63443714,0.42262527,0.015369338,3.573095,1.0337669,0.5694229,0.444273,0.03595044,0.99555916,0.1570211,0.85154295,0.052465957,0.8197161,0.84733546,0.67442954,1.2069876,0.92274565,0.00021477921,0.004158469,0.10120682,0.14136988,0.100495026,1.7297095,4.7699814,0.56531054,0.2226783,1.7063576,0.9362335,0.68739724,0.33004466,0.5528506,0.73187363,0.29401475,0.7032614,all_pothole_images\pothole_images_enhanced_b0c5e50b46551230414a0cdd35e6c040.jpg
0.5417733,1.257458,0.2516342,1.5249015,0.80625457,0.9347388,0.30191386,0.18489815,0.82135046,1.7664582,1.3327454,1.181048,0.6231458,1.732271,0.14871508,0.54567045,0.21099615,1.5498822,0.97333205,0.28151014,0.27587506,0.09935107,0.15984674,0.29597372,0.31525552,0.567216,0.0,1.7735997,0.146177,0.4320677,0.41803578,0.47325864,0.91435146,0.98126435,0.012875557,2.0691094,0.20498303,0.692128,0.75150156,0.08017495,0.6798936,1.0126829,0.26161167,1.9958405,0.83516896,0.18733539,0.35244432,0.031322476,0.70138204,0.61168844,1.3169501,0.11369566,0.3742643,0.06857042,0.6291432,1.3448315,0.26168266,1.209124,1.8668102,0.59225017,1.2471664,0.57197845,0.6719585,0.23422384,0.31042492,1.6930239,1.3441828,1.1940008,0.053474694,1.2031553,0.35402793,0.10136768,0.18885627,0.72290146,0.34375226,0.091499045,0.57627374,1.7760918,0.18950082,0.3751722,1.5137106,0.5026385,0.39743617,1.4738791,0.16011006,0.1905323,0.09061282,0.001646112,1.3784151,1.3241745,1.2314711,2.647454,0.54170877,0.84548265,0.67060584,0.6923254,0.2488021,2.2930698,1.2669861,0.027015038,0.4577956,0.8151091,0.40520278,1.104118,2.7304761,0.25520432,1.1180791,0.12072065,1.7038026,0.08004921,0.88713926,0.8300858,0.47222653,0.29896742,1.2576454,2.1552184,0.38232794,0.9688406,1.4036651,1.6633073,1.938026,0.005613773,0.22150688,1.5084455,1.1564215,1.1027715,0.9846157,0.66285753,0.8585068,0.9154055,0.04086697,0.055433895,0.61244386,0.3644608,0.67873853,0.096651234,0.3342931,1.2347066,0.28106904,0.2599723,1.0298312,0.114334024,0.20583627,0.058210295,0.23036668,0.8873352,1.2524813,0.28690016,0.7584242,0.43651485,0.6919872,1.6060807,0.70046246,0.52893823,0.1743243,0.6247542,0.6643245,0.0070449556,0.40756968,0.34824628,1.1679168,0.5065679,0.6387156,0.56172615,1.3378037,0.56487906,0.05977975,0.5722751,1.2640356,2.1313415,0.9180566,0.37784728,0.079650335,2.027256,0.48891005,0.2754156,0.24100405,0.23711286,0.16498844,0.07140386,0.012570584,2.3353362,1.2722485,1.0940995,0.7425973,1.4248155,2.2077801,1.4656973,0.93361294,0.67983043,0.106836684,0.28281352,1.1140736,0.74344826,0.9317178,0.0064827274,4.471251,0.97010815,1.6650155,0.08928351,0.06630257,1.5052749,0.117970705,0.55765283,1.0610186,0.4834373,0.8415826,0.6778706,0.8175426,0.3375691,0.03101895,0.0061712167,0.5749635,0.26651508,3.1377609,0.559171,0.09446475,1.3550539,1.3939987,0.34818527,1.5632446,0.81656957,0.87287,0.3455619,0.19979092,0.033300634,0.8905598,0.60687697,0.4583561,0.32700947,0.23118523,0.85135484,1.2495589,1.2125473,0.28297925,0.09912809,1.9366295,0.894907,0.11844245,1.480477,0.32557282,0.34467775,0.017104542,0.6444014,0.12419317,1.0393211,0.43911427,0.03661977,1.5900533,4.8293,1.5631286,0.53231364,0.2983006,0.3841615,1.4810045,1.1465769,1.4961449,1.9566076,0.32514635,1.9127468,0.105769955,0.041951362,0.20412603,2.028538,0.29230732,0.2123792,1.8680264,0.24876598,1.1710861,0.14170733,1.5506909,0.2344497,1.2612587,0.05857255,3.3228185,0.5209495,0.0003535401,0.27090204,0.21448614,0.24454194,1.7593604,0.5886217,0.67357045,0.2253504,0.198399,0.66883075,0.9722103,0.68543196,1.5913469,0.84509367,0.08619407,0.5197003,0.23703799,1.978617,2.165978,0.11389755,0.17003167,1.3794556,0.049155634,1.9194211,1.000292,0.6124819,1.0451329,0.30967438,3.268833,0.31564716,0.6410263,0.1618172,0.8215014,0.24497277,1.0968423,0.6567413,3.0217898,1.6563106,0.81951344,1.7599885,0.43609038,1.2833656,3.985074,0.5879795,1.1626556,0.18747322,0.6245534,0.46925798,0.13040793,0.96375006,0.23822379,0.0029414236,0.9081612,0.5302108,1.7461339,0.9295087,1.5786626,0.7203184,0.10783269,0.42262068,1.6678085,1.0748633,0.5460106,1.1542375,0.6358398,0.21712309,1.3226243,0.6695519,1.2178648,0.057815142,0.35045707,0.22816257,0.01809054,1.1574305,2.5862687,1.1760122,1.1523725,0.4221576,0.32946625,0.39927253,0.3015052,1.4228746,0.96168953,2.6525562,0.66008914,0.19783752,0.4896082,0.7629728,0.014718729,0.86926895,0.94760394,0.15264662,0.62309694,0.6374105,1.0869309,0.21726777,0.7309858,0.98087794,0.7636897,0.0787494,0.17186815,0.6227089,0.8094277,0.3287808,2.4359546,0.14021686,0.9018379,0.23950446,1.6517738,0.30711,1.1808985,0.03009729,0.61951804,1.1693478,1.0479761,0.22454314,0.2819858,0.9615331,0.086024374,0.4520806,0.49034554,0.6051015,1.7756693,0.20513089,0.95205414,0.17696947,1.2989311,0.0477145,0.5760414,0.64969695,0.55259025,0.10690124,0.070369974,0.12760653,0.7499553,0.7203515,0.12803183,0.37598258,1.5837396,1.7215939,1.1675427,0.83663636,0.107125916,0.7998109,0.4672702,0.54212743,0.16375124,0.6441914,1.7543564,0.5834622,0.832718,0.0870491,0.20833585,0.68384355,0.3003161,0.11675747,0.23150668,0.058764387,0.1512951,1.1042641,1.2011392,1.2870221,1.8686439,0.6919619,0.6225568,2.9489117,1.1783485,0.29806948,0.2674053,0.0069487435,0.27837557,0.32635203,0.14214611,0.90344596,2.227924,0.19678383,0.7928775,1.4592667,1.3744894,1.4476422,0.35732654,1.030699,0.56436974,2.1325154,0.8650234,0.2542065,0.46807635,0.0909438,1.0493693,0.25596178,0.15477481,0.015615153,0.3979141,1.4323347,0.80662185,1.1504127,0.25635058,0.10330614,0.80752283,0.06655944,1.4689478,1.2946271,2.7169387,0.36528018,0.18019924,0.70146316,0.8153339,0.5025643,0.47383863,0.06268507,0.6671913,0.18801403,2.0247257,0.023826124,0.2460974,0.99936247,0.049039043,0.2997583,0.11500112,0.20557445,0.109431855,0.042438537,0.49563628,0.2663025,1.0228698,3.9512503,0.47981548,1.4522676,1.5399176,1.0739522,0.37049267,0.18762958,1.7807882,0.9810586,0.0,1.331825,all_pothole_images\pothole_images_enhanced_b0fbb8375260ce50fbdd35d1a193f669.jpg
1.2397654,0.93213093,0.34397662,1.3445288,0.9735373,0.11268098,0.3156321,0.0005827735,0.4573263,0.5928994,0.14802921,0.17965993,0.9602666,1.9835669,0.049240746,0.15316044,0.07078004,0.49379835,0.4279736,0.27948183,0.40590745,1.0425966,1.2203709,1.6222174,0.33752307,1.4493822,1.2535659,2.0627189,0.34974352,0.015041581,0.6016394,0.9854487,1.4394945,1.0345119,0.86281645,0.78092784,0.4225613,1.26178,0.017597787,0.35796753,0.25214404,1.7785407,1.0693697,1.5185227,0.16750166,1.8090674,0.18867005,0.03798135,0.56948364,1.146937,1.3713018,0.28249466,1.1021835,1.1314603,0.057556964,0.8401067,0.6294059,0.074299954,0.85853124,0.451894,0.24007902,0.77739,1.4093629,0.92936313,1.9189047,0.8415801,0.48464045,0.52134037,0.23299122,0.21501847,0.8917082,0.9687991,0.42262042,0.31843477,0.14969327,0.29168782,0.63486403,0.6174927,0.062527835,0.19275446,0.05346874,0.60432315,0.5682172,1.0278577,0.57492214,1.0040486,0.77134657,0.24722677,2.0175393,0.008426885,0.4972036,0.47005096,0.015263973,0.34732896,0.41211605,0.12540936,0.8913057,0.65195954,1.1211865,1.9147005,0.16239919,0.61676055,0.5833484,0.45832708,0.044275165,0.413214,0.2982606,1.9813313,0.13266239,0.8364017,0.44578725,1.1789505,0.70116514,0.30500975,0.51969576,0.96796685,1.5480723,0.5144313,1.563197,1.0688998,0.92411184,0.4074361,1.5595388,1.0362012,0.14026137,0.41550598,1.773813,1.7479799,0.08761619,1.350917,1.2498566,0.41979918,0.77511585,1.1753654,0.0014393155,0.7100532,0.84113264,0.54281104,1.9481087,0.960092,1.0782834,0.2905308,0.39171016,1.9664197,0.9805363,0.74721426,0.12708165,0.096194945,0.8013896,1.5543408,0.3900188,0.5589485,0.22957502,0.14451572,0.64684093,0.28912333,1.1285459,0.45352942,0.81459105,0.8137193,0.3806719,0.57995963,0.012573831,0.7883241,0.613894,0.909581,0.6162755,0.71502453,0.8112904,1.018326,0.54868466,0.35346526,0.20117025,0.261691,0.6766202,0.23046891,1.3546598,0.08160533,0.39253017,0.3415136,0.13642359,1.9228963,0.84639233,0.78015274,1.0522383,0.34722713,0.65447795,0.99723494,0.050059423,0.6071551,1.6485186,0.71605974,1.1131921,0.5961642,0.04929103,0.29997224,2.123177,0.024577443,1.5806677,0.10378473,0.35440806,0.44705746,0.8488955,0.39840904,0.8748136,0.8721575,1.1324196,0.16798484,0.41996548,0.42153478,0.30222133,0.36193708,1.3672756,1.0916296,0.7701726,0.9201388,0.38147256,0.13607489,1.2644407,0.5563646,2.8637571,0.0052497373,0.8477835,0.4013729,0.02734789,1.2669455,0.76758385,1.2109268,1.989265,0.99891394,0.2136176,1.3900971,0.684626,0.14357473,1.3411992,0.07323521,0.50129455,0.46955433,0.25918534,0.7394663,1.1582028,0.08895539,0.6268828,1.2036483,0.111831486,0.009025598,0.7513135,0.25814036,0.7134217,3.5363264,1.4768666,0.9965015,0.057535827,0.8141937,0.030899564,1.1947486,1.3807833,0.14434889,0.7052509,1.4871877,0.5219809,1.3237813,0.69103676,0.8880992,0.37566826,0.5355034,0.17016119,0.9033742,0.45976388,1.2852242,0.47930634,0.009395771,0.012160649,0.5920217,0.631899,0.4852696,0.9913148,1.8566208,1.6514738,0.6663101,0.04833769,0.3916205,0.58293706,0.30868286,0.90411514,0.004990479,1.4602172,2.0112333,2.111653,0.20082696,0.9359421,1.0268148,0.40262938,0.49253666,0.5195987,0.7705742,1.9321982,0.96888274,0.7015401,1.6750917,0.2216545,0.43951303,0.40625966,0.8099697,4.1571665,1.66191,0.04882277,0.44129196,0.7631241,0.34189087,0.6878255,1.0081711,1.7417567,1.597866,0.36122832,1.0101368,0.047724586,0.41874468,3.8961558,0.9953383,0.62332064,0.32673645,0.5733912,0.2754358,0.606384,0.9359318,1.067841,1.4481974,1.1003354,2.7387495,2.1011534,0.18647979,0.32422724,0.9698537,1.210162,0.017411215,3.1040163,0.76457727,0.61173844,0.4563439,0.4595157,0.47449297,1.2254689,1.7743291,0.2959932,1.162216,0.7202009,0.4438429,0.7098863,1.617433,0.9336546,0.7842054,0.6054371,0.10028518,0.7445071,0.09013183,1.1770718,0.15706123,0.42289135,0.09367474,1.7312225,0.20928706,0.5486053,0.45243385,0.0,0.43637913,0.7283673,1.57306,0.12262244,0.7562525,0.5586502,1.1517153,0.8157087,0.106631674,0.6528666,0.7227463,0.2328201,0.43056554,0.167625,1.2626902,0.6872442,0.0013129574,0.7570013,0.60488456,2.7224348,1.3839111,3.386088,0.17819865,0.95758295,0.9362463,1.3223395,0.34862563,0.5147225,0.9584277,0.30685425,0.5273698,0.027626932,0.62103707,1.1171352,0.21178113,2.1419854,0.22102846,0.0972779,0.8887035,0.43233228,0.16217765,0.7863692,0.7583761,0.8245603,0.013216265,0.5622129,1.1901609,0.50364035,1.4070736,0.38953882,0.25597668,1.0692369,2.8145344,0.68636525,0.9474618,0.96861684,0.4669052,0.6661762,0.7341993,1.0493028,0.47104532,0.19552422,1.6541997,1.6976823,0.4828415,0.18243077,0.5272393,0.30075303,0.36202803,0.5273407,1.2259539,0.9611329,2.3913484,0.47978315,0.6547183,1.4375234,0.6449326,0.4091924,0.8532594,0.9014947,0.53767926,1.7503998,1.5577126,1.8642588,0.05459225,1.688261,1.1120921,0.9045436,0.5537287,0.74614394,0.62493646,1.1068118,0.6164072,0.952588,0.24174456,1.8795066,0.4604026,0.9919337,1.4568838,0.20269223,0.8206823,0.6403179,0.121890575,2.396998,0.72084564,0.89022905,1.0662009,0.5059298,0.33677933,0.033146467,0.20547913,0.63684416,1.4977684,1.2509929,0.2769715,1.104147,1.7221447,1.0756227,1.6286554,0.026338331,0.83667845,1.5127492,0.3817762,0.30425873,0.48632622,0.2051492,0.59041417,0.47635925,1.1327769,0.18669872,0.30094296,0.24416685,0.0,0.11547509,0.2632602,1.6951869,3.012747,0.20203444,2.2372324,0.58618927,0.8903125,0.989414,0.42212707,0.11830085,0.5278118,0.2669911,0.4429691,all_pothole_images\pothole_images_enhanced_b11eeb1a4a5eb9d27d56506e124c24c4.jpg
0.4572305,2.87284,0.7459201,1.5723894,0.09942173,0.9154463,0.24166745,0.0062044207,0.08527864,0.36269784,0.28816548,0.19340032,0.62341523,1.0888426,0.040516425,0.052759316,0.03302927,0.026631534,0.15105422,0.13832346,0.03498264,2.7283998,0.24981841,2.3801146,0.22947478,0.2293121,0.31464174,1.3761934,0.114916965,0.27080226,1.6310948,0.91748667,0.11045387,0.09435229,1.0016474,0.27214813,1.0460424,0.72033066,0.09369286,0.43681198,0.007355943,0.14509296,0.9446328,0.47934082,1.3923783,0.01928108,0.05441033,0.27559608,0.33557293,0.45780513,0.5925988,0.15666583,1.7361363,0.5752069,0.66815394,0.14636132,2.8212485,0.0,0.0018317259,0.32141078,0.2197348,0.51614743,1.7203234,0.013626301,0.5350924,0.9222395,0.44946763,0.92898357,4.378473,0.09312525,1.7176346,1.0178978,0.039601866,0.16546519,0.567939,2.1054986,0.093731165,0.81864965,0.26216105,0.56121486,0.043433003,0.6548055,0.103595205,1.8795247,0.9348158,0.13949972,0.5742044,0.0,5.9850035,0.3225989,0.16681048,0.48463535,0.0,1.1297023,0.18234691,0.012682638,0.117546864,0.32096687,0.6771218,0.15975827,0.0272657,0.77041125,0.15054083,0.7521475,0.6243014,0.3053326,0.70615375,0.0,0.02411803,0.64337176,0.27291054,2.1367369,0.12595132,0.45990282,0.20429052,0.74567264,1.730653,0.48429927,0.32267866,0.13650538,1.0010619,1.7881806,1.007467,0.5211832,0.14989154,1.8244566,0.0032211384,0.0,1.7448168,0.3251201,2.4225194,0.077650815,0.43437186,0.3251078,0.50936025,0.0759535,0.06143114,0.2919096,0.681524,0.11148145,1.2230283,3.9172537,0.937154,0.97547257,0.20087086,0.40101185,0.26389834,0.19724804,0.48660764,1.6766759,0.06780688,0.47748107,0.14925353,0.24530186,1.6930277,0.13123617,0.392523,0.1643992,0.07549251,0.13886736,0.8317854,1.2580633,0.04912933,3.4989421,0.08776261,0.12015391,2.6785035,0.046304755,0.5545095,0.06379742,0.66651905,0.0035064383,0.5592436,0.6582922,1.5683051,0.69703275,0.99697244,0.013292665,0.2979778,0.33382496,0.64614266,1.2806156,3.3524506,1.3034478,2.7301512,0.78139216,0.119096264,0.87724715,0.12948714,0.96095824,0.24386899,3.1817422,0.2446035,2.3104494,0.11638587,0.12124112,0.12844692,0.52752733,0.042244177,1.8072611,0.219254,1.7353256,0.93871874,0.0368947,1.0083259,1.272774,0.6675172,0.19312397,0.21251239,0.6001359,0.0829383,0.6926615,1.3635263,0.52795935,0.48838487,0.9373684,0.74672365,0.052634433,0.9828611,0.0,1.4865445,0.3200507,0.21662757,0.32219708,0.06710777,0.44682503,0.39983445,0.024918726,0.9837293,0.1858341,0.43463495,0.46861398,0.06324311,0.6696684,0.5615771,0.09255105,1.811646,0.67180556,0.008229673,0.114213794,0.24522088,0.013743665,0.372419,0.18336774,0.0151307555,0.051314678,1.4559209,0.064325936,0.09230535,3.0843937,0.8009642,0.09709757,0.47202083,0.0,0.44918892,0.014985403,1.6263658,0.012805402,0.49728456,1.1577445,0.034824193,0.9196725,0.8901485,0.024925457,0.39718312,0.83931273,0.29223624,0.5150744,2.2646198,0.4825275,1.1325471,0.0030078094,0.27582487,0.5701406,0.5014511,1.4105719,0.90863216,0.19084238,0.824895,0.4998653,0.0992742,0.26932707,0.18207505,2.559561,1.4730896,0.24036707,1.11599,1.6094031,0.87578225,0.1512206,0.23754883,1.3629242,0.00032894636,0.1991248,0.84713495,0.12035286,1.1219927,0.0039166952,1.2271464,0.61482453,0.07558171,0.99198973,0.05988721,0.54462075,5.103718,0.3647961,0.13639325,0.90374607,1.2185152,0.45678324,0.40121046,0.5710239,5.9286885,0.28128895,0.15539627,0.5903753,0.32883617,0.8214896,0.6557343,0.41110685,0.057652734,0.7943072,0.02876701,0.019774407,0.18932565,1.5000168,1.6665344,0.24591778,2.1355834,0.7517935,4.2222643,0.35346496,0.24107736,0.046405017,0.414262,0.5419448,1.6381989,0.026360726,0.33850518,0.14870466,1.4507164,1.595223,0.7369821,0.0598376,0.5690392,1.3190111,0.8736234,0.22735846,0.23085168,0.90531045,0.05260665,0.4120383,0.0,0.022322943,0.20629734,0.0,0.5501882,0.73422146,0.056423243,0.78473026,0.044751745,0.030950045,0.4344546,0.926608,0.21237,0.27178028,2.1153789,0.8652703,0.14008506,1.3767738,1.7701755,1.6259005,0.64814055,0.04985849,1.1744158,1.1045147,0.010153911,0.14046067,0.0,0.18520018,0.041824896,0.0013670295,1.2168754,3.2771602,3.0593796,0.369844,0.9331545,0.28221372,0.18634275,2.4739287,1.5515492,1.9829359,0.48626772,0.87891316,0.0,0.7057437,0.3376816,1.4394549,0.68056256,0.04956147,1.8521225,1.4911408,0.0925211,0.8535281,0.54836893,0.05057022,0.80041254,0.604934,0.07056834,0.29537213,0.22625042,0.28262508,0.96266997,0.7002118,0.054534294,0.14723456,0.09721378,1.2426674,0.027147556,0.022409614,0.86525816,0.37591934,1.0549732,1.1333565,0.4320879,0.11472738,0.25648457,1.3325812,0.11903687,0.9807508,0.6208496,0.0,0.72296774,0.51013833,0.1987845,4.2575803,0.6738516,0.8332787,0.015516655,0.25041008,1.2912482,0.037703183,0.34496376,0.0,0.025878692,0.17810282,2.3288732,0.38778967,2.542068,0.58537495,1.2200198,0.14294563,1.510856,0.15065092,0.5346784,1.0166028,1.2130861,0.31092253,0.14656018,0.6174811,0.7975658,0.19657388,0.32625002,0.06585051,0.8589984,1.1671983,0.346168,0.72165906,1.905321,1.3514516,1.2378534,0.7206202,0.1082562,0.12882447,0.094810866,0.051313944,0.36776325,0.64893425,1.0564562,0.0,0.40660068,3.2416484,0.5169474,0.57310367,0.11517027,0.28307024,1.1623206,0.22876221,0.052934725,0.03892074,0.9277617,1.8782905,0.01549184,0.52789134,0.0,0.016954605,0.018758463,0.06450579,0.0787843,0.17449969,0.05867794,3.3934734,0.70732784,0.34855705,0.030470174,0.416853,0.04792179,1.4191953,0.899732,0.040351883,0.26214775,0.050306484,all_pothole_images\pothole_images_enhanced_b13c3691e62e839b18458ca4ec80ea2b.jpg
0.240975,3.4147158,0.8491035,2.477731,0.5773105,0.016784756,1.5372831,0.8932737,0.18746772,1.0516204,0.047546346,0.45851353,2.623327,1.0436754,0.3356618,0.6886286,0.6939362,2.8043203,0.9840284,0.8218661,0.010032956,1.9080716,1.0692147,1.1302457,0.45188567,2.3507373,1.7196678,2.329222,0.10479014,0.16968657,0.69493645,0.6604098,0.9039959,0.14125904,1.7295395,2.0434306,0.13426042,1.453384,0.015958888,1.4748946,0.19852726,0.18427058,0.1278146,0.344664,1.2530221,0.52305776,0.5217769,0.011333486,1.3978236,2.2019737,1.0935822,2.6020916,0.66536,0.8491962,0.068487465,0.2488603,0.16796641,1.5426214,2.6548758,1.2738614,0.9589532,1.0360436,0.08653606,0.39492634,1.9324124,4.2140713,0.6281164,0.6232834,0.074314006,0.18787487,0.580155,1.0755719,1.6982745,0.19316077,2.5995965,0.8239861,0.007871615,1.1598974,0.51117605,0.22328347,0.012968243,1.0589832,0.3451251,2.177543,0.50520784,0.88364905,0.3290824,0.14499915,2.263728,0.36112088,0.029895555,1.3261037,1.4725703,0.58923197,0.46947572,0.34446287,0.46336365,0.53983706,0.9157374,0.109521195,0.5954288,0.33320254,3.0887842,6.589615e-05,0.67239535,0.29837233,0.76750666,0.8959878,0.10639866,0.13632701,0.0024910094,4.137878,1.0704948,0.6850406,0.9379174,0.51966023,0.6588457,0.92131007,1.7482809,0.4940447,0.19948469,0.42361534,0.38332972,1.4606518,3.3724408,0.67474246,0.24087639,0.23770157,0.23764384,0.5208342,1.7272274,0.28671408,0.41336942,0.32149237,0.15762806,0.72393626,0.04317947,0.090855725,2.481584,0.012323702,0.26169303,2.4584067,1.8011558,1.5364934,1.1940047,0.2890796,0.9056677,0.05216907,0.45283,0.20979062,0.6931146,0.3729414,0.52963436,0.6613883,1.3191458,0.017154314,0.17533872,0.08821244,0.8226449,0.085917085,1.2084588,2.7797701,0.062564686,2.9236736,1.5501394,0.5113987,3.475455,0.16380739,0.5186831,0.5205702,0.30124754,0.73861945,1.4269315,0.0725124,0.9774305,0.060670074,0.1308583,0.3102784,1.6224924,0.004255675,1.0419103,2.599104,2.688888,0.83595455,0.714414,0.124114074,1.0223919,0.6422996,0.19495645,0.78613,1.4748746,1.5634277,0.0,1.1717671,0.057575803,0.55159783,0.69005054,1.4623263,0.090478145,1.5176297,0.108134754,1.9123257,0.27269855,0.32281366,0.05373525,0.5225505,0.14863369,1.3967123,1.825,1.9613854,0.0,0.32448423,1.1936136,1.237542,2.1710186,2.1072628,0.30446154,0.012450485,0.9150383,0.57374823,0.37718466,0.77412397,0.4093568,2.5274155,0.5953145,0.17050457,1.5180598,0.60827595,0.4662627,0.8720497,0.64782876,0.13041982,0.8018145,0.28745288,0.32823458,0.34373677,0.21118155,0.045298375,0.35421818,1.3414444,0.68253684,1.3255798,0.22561564,0.098179944,0.008239615,0.008706384,1.9973763,0.2779799,1.3055472,3.75395,2.290474,0.20552605,0.41393223,1.7399144,0.39965874,0.3268117,0.89648765,1.4591122,0.7123601,3.1367564,0.39054063,0.44769618,0.17121473,0.85337615,1.6753776,0.87864363,2.807298,1.5512387,1.1064991,0.0047322637,1.299208,0.0,0.0,1.0276107,0.5304832,2.3275938,0.46670896,1.2149727,0.29898465,0.25645694,1.5913622,0.22900388,0.3129263,0.80177444,1.5307645,1.2496253,0.6875481,0.5892179,1.8357226,2.3532138,0.39860374,1.4322516,1.8694224,0.120395266,0.05031545,0.4042009,0.7011877,1.1276034,1.6600242,2.182999,0.21914572,0.54290205,0.33429945,0.22062209,1.2947812,0.22755599,0.023535732,0.052115284,0.7138041,0.7659887,2.6260653,0.859202,3.5133083,0.99382627,0.58547664,1.5114646,0.04831734,1.120254,2.6034803,0.83678305,0.002751561,0.017313931,0.044843856,0.9790045,2.1537724,1.1467229,0.15380782,0.5312393,2.4505346,0.58925754,4.316308,1.2361978,1.3675661,0.49470383,0.32097054,0.26868373,2.8515692,1.2004794,0.025533544,0.37995568,0.94801027,1.0781224,0.65671265,0.45633066,1.4258399,2.0966656,0.11681399,0.5548148,0.08317801,1.01612,0.16200128,0.33921012,2.5160294,0.27330443,0.0038001302,1.2496877,0.011888525,0.048291385,0.5030193,1.5028968,0.5316975,0.5199211,0.22727656,1.041108,0.5794239,0.6402786,1.27514,1.3918208,0.04631343,0.4901367,0.6120362,0.6627615,0.627941,0.00092435983,1.422556,0.8719654,0.109899715,0.34883752,0.3291764,0.54060817,1.9519155,1.0617263,0.5771852,1.2711687,1.9386104,1.4718646,1.1341237,1.3775034,0.5660004,1.7177135,1.4948274,4.847154,1.2004957,2.6584172,0.38262564,0.46312624,0.23516555,0.92514706,0.3957427,0.21494135,0.41893113,0.9660146,0.48523256,0.41331264,0.33744103,0.61504674,1.08551,2.0872097,0.80040044,0.097910866,0.6866964,2.3398573,0.9921716,1.0870683,0.5370802,0.06470414,0.7979062,0.0060810726,0.53182137,0.22635888,3.2859237,1.3176119,1.8425333,0.6236552,1.4103745,0.6649943,0.3457845,1.4786072,0.07493483,0.5551102,0.38640893,1.6549809,2.00162,0.4435537,2.3913379,1.6756105,0.36857915,1.0775483,1.4958639,0.65267754,0.48981044,1.1726023,0.76425046,0.508181,0.04868302,0.0,0.57001084,0.34811214,1.0565802,0.95526683,2.788476,0.01403376,1.7537334,0.11126312,1.4752789,0.32639083,0.6068424,0.36776388,0.06473545,0.32523432,1.4019812,0.14516677,1.1466566,0.11413095,0.058359828,1.2946134,0.80655736,0.13142979,0.8671716,1.8609774,0.52235234,1.9141002,0.46927938,0.1517922,0.1220345,0.06605428,1.2371597,0.020164274,0.45786044,0.32166022,1.6292841,0.38684478,1.0733138,0.8671532,0.0014634132,1.8556061,0.33831215,0.9592319,1.168668,0.0,0.41616112,2.3938606,2.2507732,1.982685,0.03221992,0.046375055,1.6819303,1.212707,0.5863533,0.98390466,1.4728023,2.529721,0.9484055,0.25095984,0.2430317,0.5173317,0.4476158,0.9726593,0.0049815695,1.2303027,0.24104553,0.8021584,all_pothole_images\pothole_images_enhanced_b1761548cb29dac432b6116f23eee113.jpg
0.16570671,2.027041,0.5789483,2.7268171,1.0971891,0.8036504,0.49480367,0.07369896,0.30388957,1.4481404,0.05672171,0.1721292,0.25448525,4.916993,0.6137148,2.0772119,0.20070495,0.7946346,1.1683992,0.6477062,1.3845421,2.0194576,0.810605,0.29304144,1.5935493,1.3652893,0.9733326,3.152504,0.3381006,0.1722707,0.24365167,0.27127394,0.8756526,0.8894658,0.100869335,0.5565181,0.19674215,0.22526912,0.19777586,0.25647593,0.11532413,0.27945614,0.63074124,3.1663294,0.4418643,0.05308902,0.21902177,0.027995326,0.6635255,0.9606657,0.44541493,0.50638705,0.30913424,1.0042015,0.09117299,1.5537974,1.9715298,0.11834092,1.4767603,0.18296109,0.7021582,0.66620964,0.92681247,0.5112091,0.6173509,0.9724358,0.4425308,0.24817298,0.09061928,0.39513224,0.58932954,0.16710243,0.06624868,0.2134022,0.3318297,0.8840187,0.33011773,1.5822237,0.31755346,0.16953652,0.55090016,0.22270688,0.41962412,0.5454254,0.15229723,1.248914,0.5341679,0.16841361,3.4561586,0.1796895,0.093500234,0.3497537,0.44287294,0.88425833,0.8744339,0.053378727,0.3835528,0.57936984,0.6735762,1.4219372,0.01947952,3.434284,0.92216784,0.09599064,0.57943606,0.2196883,0.24907131,0.22626936,0.042158984,0.21402581,0.084923275,1.8357257,0.2856361,0.18867406,0.87382925,0.5415223,0.6555052,0.5419176,2.3719628,0.24994037,1.0217671,0.12024757,0.11696037,1.2797834,1.0267392,0.5883723,0.5640163,0.10779153,0.1227506,0.31566715,1.1946616,0.022397904,0.21220165,0.5874444,0.20180503,0.4049277,0.78994936,0.23458515,1.5764822,0.046712168,0.338816,0.29796898,0.36626068,0.7840741,0.05995552,0.7061247,0.15066138,0.25128654,0.31915024,1.0250835,1.3708323,0.07487876,0.25226188,0.4815515,0.9475696,0.7147381,0.430459,0.3826954,0.3788814,0.13473856,0.48628673,2.8355503,0.7353099,3.670407,0.17265733,1.0373433,2.951619,0.6446167,2.175107,0.9898813,0.5827261,0.54160064,0.44789875,1.5244966,0.8708311,0.25197825,0.43652326,0.09628065,0.26924556,0.224436,0.306269,1.9342464,2.234295,0.42320135,0.5137979,0.09029433,0.75711983,1.5689516,0.9618491,1.2930217,0.88265383,0.496177,0.0,0.41830102,0.46103185,0.17784901,1.6149577,0.5247197,0.042007383,0.38998818,0.38467732,0.7451622,1.1571165,0.05654261,0.2653603,0.58112305,0.19293006,0.4062942,0.4938507,0.6350048,0.08008139,0.05581076,1.367156,1.6519984,0.90904826,0.5885441,0.38576114,0.06839756,1.5186653,0.22600183,1.5711993,0.004382434,0.32162008,0.7505455,0.7842916,0.3062581,0.9946844,0.18198588,0.16577049,0.20899627,0.418912,0.39058053,0.42873204,0.2657389,0.41044912,0.90273345,2.1202376,0.4692349,0.030752502,0.57571876,0.1524673,0.6760939,1.296523,0.3714857,0.34031993,0.0036497386,0.5390724,0.09167418,0.5254997,3.8919444,2.6197104,0.524125,0.038220383,0.52584225,0.5706485,1.5729868,0.18721335,1.0068343,1.3862067,2.044156,0.2048077,0.9018018,0.16664638,1.1782272,0.12062634,0.1364583,1.2874254,0.885775,2.2659,0.18669537,0.5419332,0.0,0.50070095,0.23322147,0.48734832,0.5592777,0.19755161,0.39090997,1.5489076,0.28498304,0.7993218,0.21061738,0.5845838,2.0964265,0.6465389,0.47005445,0.5912632,0.608994,1.2499824,0.42582655,0.39005092,1.7260928,0.5378655,0.2746155,0.41112602,0.5248116,0.57205,0.84196305,0.77028435,1.0184866,0.65341717,0.71133906,0.0,0.40201166,5.7644906,0.11286587,0.8346431,0.094311,0.4375497,0.44374776,0.8785727,1.0864131,2.3229177,0.45349795,0.55537415,1.0001966,0.27798375,0.5085649,2.642367,0.22496562,0.077593245,0.6734553,0.33523613,0.75940895,1.0204841,1.1124961,0.6694896,0.61931735,0.47584078,1.251111,0.24347727,0.12107783,0.013989699,0.3417655,0.60922605,0.3425813,2.2308633,1.545169,0.11273775,0.95528233,1.0443418,1.1908861,0.78218144,0.54901755,0.90674067,0.007645246,0.1393346,0.17404172,0.6216875,0.34855324,1.5635539,0.18692374,1.6040466,0.24200642,0.8426512,0.0017087705,0.36541188,0.23095095,0.55893934,0.30440617,0.018443227,0.23198691,0.28027,1.0692525,0.2942649,0.15901947,1.1492785,1.497988,0.05141517,0.38465416,0.7431201,0.14857216,0.44443226,0.13734473,0.38564223,0.4306492,0.14737152,0.0,0.23443447,0.18934707,1.1837186,0.19423726,0.14326504,0.48511648,1.0237805,0.43316567,2.6441438,0.5508795,0.6089686,1.6824007,1.4479327,0.2112917,0.28623974,0.54956186,0.14548561,0.044122793,0.1526964,0.11747097,0.50394595,0.03919742,0.4068792,0.583888,0.16418698,0.8860173,0.19773534,1.1561682,1.14657,0.64061683,0.27398452,0.50210094,0.22151358,0.8178707,0.3350741,0.3905333,0.0001624921,0.5412538,0.4982177,0.77977425,0.13967177,0.13676715,1.8582642,0.25864074,1.0324066,2.1073134,2.9395256,0.27973333,0.74978876,1.460438,0.059830308,1.2503755,1.1454008,0.68823457,0.32101426,0.1160102,0.25648332,3.0737715,0.7664391,0.10356755,0.026139505,0.39352673,0.31098333,0.52519137,0.25530666,0.14258175,0.7062412,0.9834031,2.1183414,1.8757526,0.3993812,0.3886896,1.496605,0.22097379,0.5887541,0.040627588,0.48225573,0.67940915,1.4790705,0.26816756,1.505853,0.7546466,0.7479891,0.060932048,0.16377088,0.014309053,0.49676394,1.0372419,1.0838865,0.17256774,0.8239589,0.43455854,0.16381139,1.6753985,0.45675853,0.0,0.899315,0.025450448,0.58087856,0.59280574,0.53920054,0.101641886,0.4615645,1.7453082,1.1149217,0.19685291,0.0,0.33343115,1.16364,0.5529489,0.48844713,0.13679214,1.0047764,2.186005,0.28066906,0.62072504,0.010155087,0.11079758,0.15940988,0.542223,0.24913473,0.54723334,1.1944654,1.175376,0.09874964,1.302283,0.7754341,0.099720806,0.37006062,0.13960743,0.13338622,0.4439544,0.2615044,0.45164746,all_pothole_images\pothole_images_enhanced_b176c06f95bfbcdc7ab075a2b56790f0.jpg
1.8072027,0.38512108,0.17001043,1.0823333,1.0040804,0.009959225,0.5649639,0.49854654,0.14408025,0.37993145,0.04739104,0.8102581,0.055353124,0.17806908,0.53923273,0.14090458,0.091934696,0.03300321,0.25824153,0.25027698,0.90183383,2.3260295,0.5043574,0.29883605,2.0429008,0.31894657,0.5240868,1.3357497,0.15441146,0.0023231134,0.22164276,0.20529565,1.9732276,0.015890274,0.54671335,1.2776052,0.0,3.8778596,0.4041723,1.8792762,0.0,0.0497609,0.11257901,1.092663,0.46125013,0.28797567,0.06351303,0.11230333,0.50245327,1.2893344,0.35353574,1.8226318,0.38424978,0.36071882,0.14773576,0.88770664,2.298823,0.10205498,0.3741566,0.23828566,0.0,0.42968914,0.28159046,0.5790255,0.33143488,3.2083323,0.3619942,0.090470254,0.9034513,0.07484212,0.24136555,0.17115402,0.2477638,0.26648867,1.4247237,0.49512464,0.097988926,0.32128695,0.0,0.10295321,0.6060418,0.016802045,0.22821404,1.5731852,1.095577,0.21180025,0.3652581,0.6434044,1.7291465,0.49555835,0.030090785,0.018789796,0.089799255,0.041910853,0.38365558,0.46911553,0.99187124,1.069709,0.34738463,0.45342663,0.0066791745,2.2828097,1.5472305,0.040494733,0.47306255,0.013616198,0.5975607,0.58217597,0.05996615,0.04620404,0.006234121,2.1633904,0.52070296,0.20420854,1.0283011,1.2692976,1.9498724,0.10542007,1.0211595,1.6729966,2.4891515,0.056140173,0.0,3.4907613,1.6148937,1.424677,0.03890837,0.80372316,0.5504404,0.037228566,0.64909947,0.07896551,0.09478635,0.26193255,0.05258275,0.8352057,0.0,1.4511119,0.8209577,0.5109408,0.059606895,0.12917292,0.011892269,0.8392027,0.017862225,1.4808977,0.24343868,0.6815,0.017979443,0.0531293,1.2444448,0.5672198,0.10060922,0.0027612452,0.9084308,0.11742555,0.3033531,0.030515397,1.4562538,0.48123518,1.1281214,0.69544715,0.0062732934,3.5319662,0.006233923,0.1621205,0.054588065,0.42417285,1.1358428,0.6927743,0.11022398,0.0,0.008889307,0.20411056,0.54770386,0.12167267,0.16902345,0.033418212,0.08018646,0.04945901,0.12121469,2.793215,1.4183754,2.2989554,0.21159981,0.3043586,0.01207595,0.6915548,1.7105912,0.22149101,0.25217515,0.26845264,0.0,0.99911714,0.23956285,0.8672323,1.4547279,0.04451018,0.4730926,0.24260618,0.038224187,1.3571408,0.6597912,0.6472389,1.0048016,0.34252807,0.6480277,1.0287819,0.963524,0.3812603,0.0,0.029034521,0.17064191,0.92788225,1.1222333,0.5015818,0.3701387,0.00029111974,0.25679535,0.1153269,0.2618862,0.33712628,0.05559166,1.1599828,0.025462398,0.576576,1.2194172,0.25766665,0.25560015,0.5057638,0.019427665,0.08287255,0.4129246,0.24464616,0.59014964,0.025148045,2.0317962,0.043468673,0.0,0.20789811,0.48138028,0.14968485,0.0,0.13397215,0.29133555,0.0,1.0212779,0.46105477,0.7438879,2.9544957,3.9264486,0.38371283,0.8494213,0.1718248,0.07049374,0.42662495,0.2445681,0.00046366744,0.36890465,2.9251103,0.12110501,0.034518104,0.096850336,0.5556937,0.7555062,0.44083768,1.1823788,0.9611004,1.4625801,0.2110245,0.038578663,0.025067795,0.9975749,0.4296777,0.9088252,1.0803206,0.28762627,0.58457094,0.10800666,0.19702098,1.7245636,1.0855994,0.7158353,0.024378696,0.36737385,0.21296443,0.930732,0.15499718,0.66964906,0.5556405,0.30973986,0.24090718,0.11071047,0.40189672,0.0035622327,0.20637433,0.24715199,1.815877,0.309628,0.3995794,0.8618758,1.1976712,0.15438057,0.5486112,3.6068277,0.32234696,0.0,0.22244081,0.012128812,0.3105485,1.6551925,1.0852127,0.5483316,1.1310434,0.103263855,0.6667133,0.3246945,1.5642269,1.1096379,0.2697633,0.3909424,0.42076662,0.56928796,0.0,0.25493085,0.29243648,1.2441438,0.12179878,0.22556524,0.11853139,0.50605386,0.4537958,0.021475373,0.21327649,0.16514495,1.5230634,1.7834117,0.82103014,0.2067196,0.25602052,0.33191273,0.16044158,1.7580383,0.14614244,0.5862696,0.047994614,0.007058684,0.0030052916,0.3902372,0.58527994,0.4095959,1.3318086,0.7276027,0.2890245,0.6926148,0.78071463,0.5852861,1.471406,1.0562825,0.68997806,0.7790968,0.3118307,0.09565328,0.072307,0.10801481,0.17651546,2.2834396,0.053063605,0.07586857,0.7414973,2.1010807,0.07042031,0.28156573,0.003608979,0.06607704,0.31159934,0.13295622,0.012245352,0.04474274,0.34246638,0.8174406,0.0053765196,1.0867192,0.009001338,2.6779613,2.3785841,1.2245708,0.0,0.23246714,0.060893282,0.9167615,0.3871899,0.206437,0.361435,0.42170173,0.07701742,0.8244433,0.022086687,0.0,0.2076335,2.9278831,0.14995559,0.57504463,0.48928797,0.96668065,0.0,0.58685285,0.35794666,0.77975386,0.5828569,0.7965277,0.56349385,0.19204979,0.31762886,0.0,0.17332762,0.15502973,0.27606085,0.71538544,0.07790594,2.868349,1.0257242,1.3725019,0.9382307,2.185938,0.17681856,0.5067197,0.9682964,0.35779792,0.8422559,0.33157837,0.027651377,1.0085264,0.3883611,0.5182369,2.9590995,0.28750345,0.8063845,0.14778696,0.40180892,0.06661575,0.7627012,0.2406898,0.8252174,0.44098422,0.10354328,1.9292359,0.47034195,0.34016296,0.38746214,1.1135885,0.281029,0.15363322,0.46447188,0.5658168,0.59582263,0.40791187,0.15126209,0.13042822,0.79776675,0.5448934,0.90598786,1.1829106,0.4311593,0.6178019,0.9930873,0.5684369,0.23628223,0.2773171,0.021257624,0.34980094,0.44355625,0.19447035,0.8351866,0.6753574,0.37142655,0.018206785,1.0734471,0.24693255,0.35763848,0.54729337,2.2812834,0.5000909,0.15407914,0.0,1.2307185,0.09301205,0.33098176,0.5727382,0.16059588,0.10167539,0.7481034,0.3688313,0.8378098,0.59753036,0.092235245,0.22546498,0.04918032,0.4896763,0.015447988,1.364208,5.0527864,0.62398016,0.031498566,1.1009258,0.44842938,0.3336226,0.5469748,0.21291217,0.6823406,1.0380328,0.24265286,all_pothole_images\pothole_images_enhanced_b199cabaa326f3945b9a37af567c3323.jpg
0.74736875,1.571843,0.8389995,1.7183545,1.5402834,0.28098917,0.6458737,0.111925855,1.0863848,1.2063022,0.06417338,0.7536962,0.6339044,0.11783976,1.0736219,0.4315701,0.32343867,0.8256677,0.9213478,0.25170985,0.30566782,1.8079301,0.40902996,0.51327455,1.160463,2.1874306,0.18891054,2.8135564,0.20570406,1.1146215,0.6062059,0.33616814,0.711023,1.8201904,0.42707926,0.853857,0.18501194,0.444665,0.29147127,2.1170657,0.28458342,1.1775268,0.27090377,0.7381981,0.6409186,0.729803,0.5424315,0.1573716,0.8597228,0.9030385,0.5286628,0.40039,0.612759,0.44855544,0.33940062,1.394458,0.26355457,0.10075927,1.2617185,0.28078339,0.45175788,0.12898718,0.8401129,1.2447176,0.707946,1.865909,0.60308826,1.0908649,1.0118029,1.2633113,0.6922132,0.60444367,0.64807916,0.5399978,0.30668184,1.0874498,0.33822504,0.08066342,0.26774502,0.11099423,1.1045753,0.20749931,0.1265493,0.66112375,0.57211787,0.98313636,0.16736183,0.22664008,3.9425821,0.3996984,0.8771479,0.68352026,0.2639806,0.19370289,0.5807114,0.23697272,1.2367729,0.7999107,0.110536575,1.3253214,0.09268848,2.2343805,0.78209835,0.3130244,0.23159635,0.06727333,0.81273836,0.602135,0.42136326,0.9381119,1.4858731,1.5333731,0.28747436,0.016410502,0.7191908,0.8859997,1.1427344,1.1918778,0.79945093,1.658014,1.4221344,0.5070581,0.29618636,1.6035525,0.120242245,1.1555231,0.047241196,0.94598883,0.5531458,0.5633944,0.8693132,0.2892947,0.07532621,0.23684435,0.3943325,1.4272984,0.6298598,0.21237583,1.0540056,0.62711245,0.51930183,0.17651355,0.46996742,1.3608506,0.49302268,1.7620498,0.34346762,0.27030644,0.26140663,1.7045431,1.144299,0.6932077,0.72404146,0.26156518,1.3181158,1.1194686,0.7910591,0.4721449,1.4142135,1.1856959,0.6276639,0.6830157,0.08997712,0.45817226,0.49383014,0.16810903,0.1886504,0.2476733,1.5856751,1.1247799,1.2889277,0.6492734,0.15164836,0.37916875,1.2021457,0.6740123,0.99681425,0.2761673,0.9446129,0.45646852,0.1833479,2.8870213,0.85549366,0.9761541,1.3082649,0.441626,0.85508835,0.47586226,0.7270071,3.2499177,0.94336015,0.34658226,0.65654194,0.81490415,0.5036599,0.13859679,1.3645078,0.12568352,0.2953888,0.7675513,0.42673472,0.64024216,0.5817161,0.7364283,0.34045354,0.62499607,1.0030771,0.6621216,0.8331833,0.07830707,0.3283749,0.05511814,1.3072705,1.87349,0.38720053,0.6243015,1.0422422,0.061723456,1.3990041,1.3226207,1.4270866,0.085808225,0.17928421,1.3313938,0.28250575,0.7011836,0.59486145,2.094093,1.3247263,0.851808,0.26927838,1.0405049,1.914004,0.843625,2.3941195,0.12451135,1.5407431,0.05882768,0.5568451,0.023941334,1.2435265,0.026485836,0.41651487,0.050101135,0.42958933,0.010742518,1.0748062,0.27108076,0.6923378,2.9691906,1.5467616,0.604271,0.97893006,0.9312669,0.06541385,0.629535,0.8444307,0.35465318,0.40176,2.6665792,0.28848627,0.32090047,0.76261586,1.6125915,0.74544966,1.9867564,1.0894861,0.22579576,1.2203416,1.0247515,0.7869279,0.04946253,0.7821627,0.8002927,1.0049049,1.2833585,0.42525965,0.5631861,0.48339877,0.98207384,0.30204126,0.41115373,0.20369095,1.0038776,1.4233965,1.0680635,0.6487822,1.4397715,1.5282701,0.07101355,0.06957435,1.3415041,0.33252895,1.357571,0.8347716,0.109489165,1.0723833,1.9027766,0.80060273,0.29773802,0.06021625,0.05670349,0.12562135,0.3863369,2.116812,0.5160526,0.24846415,0.83722484,0.7750032,1.5594834,0.4110639,2.5318086,2.7419245,1.9465562,1.006854,0.9157349,0.895723,0.57411945,3.394743,0.47153816,0.71532196,0.057073217,0.27653512,0.38843817,0.35278013,0.8590824,0.45606175,0.5251472,1.2864245,0.7625825,2.7105489,0.2262613,0.23757724,0.6066989,0.41770178,0.4807891,1.0665501,0.8446287,0.61055654,0.27376097,1.4202843,0.048364744,1.7909869,0.28174955,0.7691352,0.13447921,0.694711,0.88311535,0.40686682,0.54605794,0.20510273,0.78517073,0.6408877,0.062855154,1.0517957,0.22512163,0.9399168,1.6466066,1.3347216,0.53031915,0.20043103,0.33052155,0.6492935,0.24886662,0.011169787,0.042652644,0.40293628,0.8384101,0.5615045,0.87744784,1.8931195,0.8123234,1.4190096,0.06782741,0.61836034,1.3481529,0.10996517,0.64863163,0.4316751,0.16816059,1.9352672,0.12727454,0.9883837,1.6047864,3.561701,2.9455307,1.7969612,0.53474754,0.62732595,2.3037932,1.9874122,0.3096939,0.40834278,0.42115784,0.8586261,0.20036615,0.912155,0.58127815,0.42356536,0.4909293,3.025053,0.20286506,0.075171165,0.46785972,0.52195114,0.41082498,0.14329723,0.8502724,0.5890421,0.062355824,0.9917229,0.5457989,0.4066232,0.5779766,0.15485324,0.7174121,1.1136644,0.4620935,0.8699923,0.47259995,0.8728315,0.6437491,0.73439413,0.5541423,2.0891013,0.7858714,0.22796436,1.3786347,1.8604728,1.2620165,0.39738128,0.12213878,0.35553986,1.5730237,1.4794736,2.2377872,1.022422,1.5881914,1.5685935,0.91263735,1.5339576,0.1342707,0.45178235,1.1392462,1.0765184,0.2630093,1.5673773,0.96787465,1.2940869,0.5883082,1.4948881,1.0931944,0.6838875,0.22355975,1.3334218,1.1321161,0.7110311,0.5277424,0.47941425,1.5158243,1.9889134,0.3015207,1.8474301,0.28849852,0.58205646,0.59213126,0.5512413,0.3317275,2.0334654,1.6041911,1.38192,1.0657737,0.4734481,0.4584711,1.0989467,0.6106326,0.2852832,0.44321138,1.3908225,0.3514534,0.6509998,3.141358,0.06466521,1.549851,0.22186872,0.006052462,0.6823375,1.6783788,0.7368632,0.31399816,1.1543144,1.9022137,0.30581892,0.85131586,0.96090215,0.19235381,0.009608331,0.09496839,0.5098518,0.6707983,0.87287307,3.5454605,0.26151875,0.875613,1.1961788,1.5775955,0.5684126,0.7670466,0.40183568,1.2664492,0.3183144,0.5693023,all_pothole_images\pothole_images_enhanced_b19a71daaf79af335fed112d6d520bec.jpg
0.010344462,0.29211724,0.058966126,1.8644443,1.1291085,0.5403568,1.1979074,0.22273612,0.383777,0.28238425,1.3577775,0.899188,0.14688566,3.1389244,0.14583416,0.09437749,0.8921795,0.12815654,3.5562096,0.0348304,1.1599749,0.6812592,0.23773119,0.9811226,0.28808254,0.7950659,1.0851188,4.0129113,1.0073638,0.20709416,0.28024462,0.7490815,0.40407372,0.015911695,0.16933379,3.273762,0.23773298,1.5831548,0.802581,0.40338176,0.25173485,0.00785011,0.12984078,3.4727795,0.5693694,0.0080552455,0.76352286,0.79425496,0.411911,2.4442568,0.60162556,0.39582217,0.7686597,0.06847996,0.9829427,0.97336173,1.0418559,0.43857107,0.030033749,0.17895839,1.2341954,0.01068963,0.36928082,0.27953827,1.9168825,1.867809,1.7171382,0.7623143,3.264851e-05,0.23700914,0.088772774,0.2998465,0.14969264,0.19984096,1.0148714,0.0,0.23625217,1.1810415,0.716844,0.20821454,0.22609828,1.1401939,0.57759196,1.608554,0.38837662,0.24910553,0.38322526,0.0,0.75985,0.3221223,1.1283504,0.6423996,0.092288285,0.034894295,0.09955746,0.057905037,0.22857147,2.1743355,0.356172,0.08488074,0.12634037,2.9991267,0.07947254,0.0,1.5078064,0.038427137,0.29481572,0.053230967,0.4204726,0.22680907,0.20034501,0.47007242,0.07383827,0.36969697,0.70294625,0.020015191,2.3451705,0.07564759,2.5657454,2.8814747,1.8576967,0.43995303,0.6757484,0.58663356,0.13000968,2.0421817,0.0470434,1.3391577,2.9191837,0.08335401,0.021476777,0.0005988961,1.3729322,0.36147973,0.10701878,0.2173003,0.2729245,0.70833194,0.29564476,0.24211805,1.4772899,0.0010299179,0.7696256,0.0,0.5786418,0.9941783,0.34684232,0.103327945,0.0,0.07878571,0.1937513,2.964085,0.072054714,0.0,0.82207716,0.83246315,0.26829222,0.1958963,0.3938638,0.5133512,0.6491945,0.7236013,0.60619426,0.43213394,0.2849269,0.0,1.2525408,0.056762654,0.43298876,4.19749,0.05015959,0.00032329894,0.03252823,0.70975924,0.0,0.46559453,0.043881148,0.072751135,0.46245682,0.32444638,0.44160882,1.1529912,3.0724795,0.5346597,2.1450682,1.2496624,0.74101186,0.79439366,2.0399933,0.49758065,0.08740835,1.3398316,0.543178,0.11895658,0.54259473,0.8762381,0.9719249,0.12563275,0.69767797,0.22271103,0.20741485,1.3485123,0.7460992,0.44970608,0.77490544,0.15178896,0.22738133,0.1510852,0.85267293,0.20204166,0.50369245,0.21814533,0.7778876,0.2185997,2.5635395,1.9988985,0.49496973,0.6201052,2.6109414,0.465622,0.10159764,0.15396336,0.39116547,0.25769204,0.039106894,0.06712688,0.7211881,2.2407258,2.2567632,0.92120445,0.027154168,0.13457371,1.1517987,1.3581609,0.6355949,0.92007273,0.7567187,0.0028751006,0.10815797,0.28492758,0.079853676,0.5681924,0.28688908,0.6431537,0.9382165,0.09865568,0.65301204,0.05018994,0.22380877,3.739427,1.9083128,0.81264246,0.34094277,0.6984384,1.0006508,1.0008054,0.73562604,0.2948866,0.015993636,1.7705907,0.58589166,0.4825408,0.3407673,1.03376,0.95913726,0.6527103,0.012486248,0.28678194,2.6896772,0.14455307,0.0,0.31039855,1.6268636,0.7584374,0.5941804,0.11565531,0.0,0.40449873,0.340746,0.34331223,1.2387713,1.2336522,0.3292693,1.5658056,0.87242407,1.1032379,1.8865486,0.37775207,1.7829808,0.019030005,0.07566342,0.27671176,0.17365222,0.371374,0.052397456,0.98580605,0.010445683,0.14353319,0.8774206,0.6525392,0.36162058,2.2302861,0.04127384,0.05075773,8.893815,0.22914836,0.07683763,0.009677873,0.009890835,0.8003995,0.5649108,1.4278827,2.6843567,1.6038884,0.41606,1.8251125,0.3170152,0.88267493,1.8660352,0.12662521,0.03872296,0.0,0.5649203,0.38312817,0.61026174,0.98681426,1.3239018,0.0549642,0.40224743,0.021603093,3.1890671,1.1495031,0.0,0.016578104,0.008119262,0.4946706,1.3137649,1.1211125,1.9989512,0.026294164,0.23589188,0.32179064,1.6887436,0.9399642,1.2219617,0.9604802,0.39698818,0.15306666,0.55903494,0.49572566,0.58458334,0.03164525,0.2961177,0.35067055,0.23597488,0.035604797,0.05523914,0.24106398,1.4453644,0.6172484,0.06251211,0.3428584,0.16191928,0.41471255,0.27537307,0.0022294365,0.55610615,0.49084997,0.16725892,0.0057998286,0.47382152,0.26584563,1.515057,0.1442976,0.6456221,0.0014080084,0.0945216,0.0,0.99772376,0.56684697,0.48268515,1.104665,0.44094867,0.5628667,2.5417469,0.7301209,1.1333964,0.6550041,0.6666336,0.20324944,1.6104004,0.0,0.48262066,0.92200357,0.2487883,0.009453842,1.5738021,0.35449684,0.1288393,0.10323923,0.84789926,0.4728831,0.049584437,0.39133495,0.20248546,0.73367316,0.45540777,0.7174684,0.7251583,0.044284865,2.6063383,0.3265805,0.07762831,0.5595441,0.11318236,0.8355511,0.16475114,0.4199458,0.03014507,0.0073137134,1.5814279,0.4995261,0.08233074,0.71546274,2.8470888,0.51405954,1.0595194,2.188031,0.0,0.014872325,0.5476808,0.2526441,0.48810756,0.47090474,0.66886556,1.6971486,0.045109462,0.0720936,0.12866758,0.5579812,1.6697186,0.54584944,0.33887836,0.0,1.9179825,0.36407578,1.459129,0.99987525,0.06866701,1.0758065,2.9265485,0.5769905,0.59652233,0.5993599,0.25915843,1.1949531,0.71514153,0.23312832,0.89492744,1.3211248,2.6278627,0.69023645,1.2458175,0.02810678,0.4246655,0.03561681,0.41394418,0.014444531,2.4092147,1.3636605,0.14757027,0.07219604,0.26252893,0.22156838,1.442309,0.0121673355,0.45535776,3.6341596,0.21133801,0.017791366,0.0,2.5265005,0.7696594,0.2825901,0.37248203,0.0011190998,0.2281221,0.030903466,0.7799904,0.20801532,0.52106154,0.6691492,0.3800598,0.3170136,0.010278894,0.45436734,0.080666155,0.12251229,1.5400656,0.21650347,0.10721582,4.784304,0.3261289,0.19579004,1.5771378,1.9648368,0.6702141,0.55524784,0.64117223,0.030596169,0.09114806,0.039624367,all_pothole_images\pothole_images_enhanced_b1a6a833aa3ce4db47abbb7351e73a24.jpg
0.683564,1.3039639,0.4268916,1.4887619,1.4772768,0.26281703,0.115890585,0.17881495,0.12456202,0.7694093,0.007198996,0.18259522,0.35528126,1.6888522,0.34348336,0.89720356,0.0,0.18918706,0.270818,0.36912957,0.8061178,1.3099174,1.3404495,2.213769,1.7020006,0.93078285,0.23426253,1.733366,0.81326926,0.39091593,1.1328013,0.5562998,1.3724439,1.157205,0.9680212,0.09646079,1.2398444,1.2026539,0.26484343,0.23735008,0.6576107,0.38515937,0.18775846,1.5126928,0.5951993,0.39971352,0.06283062,0.0,0.29089266,0.3170272,1.0218687,0.1535274,1.1562285,0.48304826,0.035811115,0.6319444,3.1171646,0.01225801,0.5353577,0.10321093,0.5933722,0.44310626,1.7957735,0.6728075,0.41823965,0.7465361,0.30472443,0.0028276108,0.20642282,0.3484395,0.54913545,0.3899862,0.2979353,0.61722076,0.63391477,2.1257627,0.19075054,0.7467102,0.011923374,0.10306553,0.12602949,1.1042768,0.026188178,0.9451476,0.48313987,1.1902876,0.067424595,0.064095914,3.6461089,0.13859606,0.2574274,0.3609824,0.08549932,0.6778718,0.4282463,0.045385383,0.54752755,0.37709633,0.03801583,1.7423962,0.054612275,1.8394768,0.03939519,0.055762265,0.70731485,0.3671172,0.04501334,0.5566612,0.07849968,0.8718311,0.45958772,1.1341562,1.702389,0.35210195,0.75776404,1.2588485,2.1151452,1.2128781,1.7816346,1.1822028,2.7378004,0.70665944,1.0119629,1.2229238,0.73608285,0.68659264,0.10135524,2.0567832,1.9306778,0.5981576,1.4868276,0.0004893197,0.5441982,0.29494235,0.091277234,1.6384491,0.64654213,0.8697348,1.6155925,0.41710326,0.39353308,1.5077878,0.06553607,1.3490949,0.57940334,0.78727555,0.23721123,1.2876747,1.1591136,0.8153743,0.559478,0.6467777,0.2980026,0.28437278,1.0509076,1.0213785,0.8903437,1.1840364,0.45085308,0.54213,3.7183776,0.676209,0.14193663,1.8523505,0.090006225,0.85480356,0.16480023,0.8973282,2.285966,0.36505982,0.22111548,0.32640353,0.00268598,0.93588805,0.6154338,0.05102319,1.9241422,0.13407959,0.08748126,0.010408494,0.07299615,1.8850368,2.211976,1.63293,2.4777775,0.511669,0.45575908,0.44148853,0.14535612,0.41817772,0.5151502,1.22299,0.034701873,4.0950575,0.013017468,1.5991578,1.482457,0.6401187,0.7594559,1.1548626,0.54278105,1.2241129,1.0685364,1.1962065,1.0760478,0.4732497,0.52505714,0.16365968,0.78699887,0.1615309,0.6931715,0.1560955,0.31755948,1.0916506,1.7808429,1.2743968,0.5817389,0.3179107,2.5003207,0.11770728,0.7143112,0.022978388,0.11862558,0.3367799,0.09104116,0.34777367,1.5919847,0.9378828,1.2924957,0.028173426,0.060294904,0.41149247,1.360908,0.09546598,1.5586686,0.25054526,2.7700648,0.3379497,0.049039274,0.25953224,0.616678,0.0154035855,1.5213537,0.7479829,0.099675,0.0016132735,0.84493315,0.7205972,0.52155554,4.0809,1.0240691,0.015032169,0.9730467,0.23643836,0.116274744,0.3689535,0.5836053,0.12631528,1.4941752,2.4658313,0.08438934,1.1716764,0.9049719,0.9217817,0.6831594,1.2990404,0.190172,0.15080084,1.2943625,1.1338445,0.25638056,0.046656113,0.5626684,0.045365542,0.5206862,1.001136,1.7821997,1.4945961,1.527567,1.5837454,0.036077514,0.1576712,0.48702192,1.0796133,0.757795,0.5416985,0.44794992,1.9403982,2.0266218,0.11257842,1.1905397,0.5457828,0.13091636,1.0788183,0.040641412,0.18028478,0.1250711,0.388087,0.25468698,0.45695114,0.41249517,0.49017885,0.28475899,0.017414698,6.939177,0.16149297,0.92872834,0.51563334,0.59507793,0.0969867,0.5619432,2.1836298,3.4737406,2.0882335,0.0030160034,0.49094406,0.005020824,0.5782624,1.645285,0.5580246,0.22518782,0.48829553,0.05464986,0.7625133,0.7741797,0.29733866,1.6224973,0.7694255,0.030896848,1.0937815,3.113716,0.106175594,0.19610818,0.575297,0.6122549,0.48274323,1.4979953,0.8704753,0.064195506,0.1377029,0.39408484,1.1080954,2.7237847,0.11570792,0.53467584,0.0,0.46505678,0.29966474,1.1647989,0.6821529,0.101798035,1.0898813,0.26796556,0.14321333,0.19749217,0.1860445,0.12119708,2.075659,0.19223878,0.66818744,0.010324021,0.24200907,0.6592673,0.98700184,0.008172209,0.7404798,0.92697656,2.385887,0.007712606,0.99234295,1.8323768,0.58813375,0.24659713,0.15752041,1.352171,0.4450835,0.034283254,0.32160002,0.9108231,1.0713942,0.21352047,0.061249673,0.20092438,0.9042713,4.8375998,2.1025956,1.1836513,0.1871471,0.023605624,1.0187318,0.6279878,1.9211998,0.46228543,0.16885681,0.19120127,0.049857058,0.80748236,0.8018973,0.8164012,0.2650986,2.4257002,1.1873674,0.801617,1.1115384,0.026635261,0.696682,0.71995014,0.10549769,0.4858897,0.0717888,0.26079512,0.20103197,0.3190495,0.060169403,0.053666726,0.7687244,0.47847658,1.0660766,0.16891068,0.20327654,1.045449,1.1967409,0.63687634,1.9203173,1.5874509,2.1670175,1.1703242,1.7399333,0.684743,1.5161872,0.4959693,0.41779682,0.0781421,0.23858048,0.23586693,4.573697,1.5279253,0.99669117,0.06542904,0.96320343,1.0380459,0.88882965,0.36830893,0.66850317,0.12820713,1.3331665,1.1545513,1.1025203,0.7811965,0.20108464,0.53824675,0.58179194,0.51212627,0.431936,0.81972235,0.42950383,1.1263686,0.6277983,0.47227913,1.3735377,1.380751,0.118038625,1.2471949,0.071608506,0.4889408,0.18655048,0.48706642,0.21050537,2.5709136,1.8698263,0.44596028,0.49877912,0.5301038,0.8096864,0.6705785,0.12077501,0.7618025,1.4266863,1.1101171,0.0,0.4167374,3.9082267,0.8533808,0.7995468,0.0,1.0115312,1.1397262,0.5579829,0.84363997,0.090699814,0.03144226,1.6678339,0.0,0.32345098,0.10900203,0.010750915,0.36309788,0.009249328,0.26474023,0.2037011,0.90710336,4.592581,1.8216344,1.033733,0.6970831,0.43465185,0.31444386,0.9301132,0.1926786,1.2077591,0.8223626,0.24598135,all_pothole_images\pothole_images_enhanced_b2604afecd7d6d013f2964639ddf5e0c.jpg
0.024138713,0.44647008,0.03923382,1.0230739,0.31924793,0.074119106,0.000676542,0.0068351566,0.23615503,0.12468517,0.05371083,0.0021173102,0.0,1.5872773,0.039297786,0.027692843,0.012327104,1.5553907,0.059721835,0.05032015,0.14606774,0.6017695,0.056182276,0.060151324,0.10709077,0.4335532,1.1157771,1.6192374,0.016829014,0.053292025,0.103565805,0.0,0.04886302,0.2168358,0.11498914,0.7167199,0.4687293,0.39056832,0.35895172,0.011300744,0.0,0.29785746,0.1441327,3.6829355,0.23312381,0.01682777,0.099065915,0.3849657,0.120234214,0.69592696,0.0,0.95269865,0.1688274,0.015630666,0.0016965698,0.39802566,2.5866292,0.20248613,0.0012989712,0.039019044,0.01740638,0.030824592,0.58409905,0.7043012,0.5457891,0.1385481,0.05819445,0.11935031,0.002242204,0.39625752,0.06618161,0.6209963,0.027226161,0.019420555,0.12673615,0.0,0.0,0.24616419,0.0,0.010816433,0.042052124,0.048281368,0.8280458,1.6237248,0.042815063,0.0,0.25261524,0.0035395487,0.6954744,0.17110902,0.03725643,0.03060398,0.07683695,0.018922048,0.24350885,0.00215738,0.067602046,0.72784555,0.45133862,0.064086944,0.270101,0.82548445,0.22680178,0.0075968853,0.9097789,0.11610535,0.07127153,0.016845759,0.24850078,0.13764776,0.0,0.0833288,0.09967263,0.0037803778,0.37192348,0.0055770315,0.040318236,0.07149861,0.50018716,0.1985407,0.97607404,0.14708744,0.006001782,0.30491707,0.28149167,0.12898311,0.12226179,0.20859893,1.2736065,0.0,0.059045654,0.10175804,0.025420519,0.028372359,0.21736884,0.011450125,0.0024430107,0.0,0.32481498,0.040645067,0.10168515,0.0038406882,0.85884184,0.5584363,0.0,0.6813956,0.03007432,0.22130276,0.25577366,0.0873396,0.09953992,0.1327881,0.0,0.2610947,0.47871983,0.010947952,0.003610988,0.18977909,0.51358247,0.89863896,0.62258613,1.2659069,0.106887735,1.6253178,0.17179495,0.0,2.3265147,0.0,0.026657902,0.9144717,0.06037426,0.20967312,9.00813e-06,0.0558362,0.091984026,0.06272561,0.04387417,0.002205224,0.9985749,0.0,0.0,0.5132589,1.6759713,0.050918754,0.6029326,0.69926995,0.014584984,0.025624303,0.0770886,0.3776914,0.00802913,0.2423045,0.21189098,0.05552046,0.035452753,0.008059096,0.2076581,0.043082166,0.28765562,0.047539655,0.006985277,0.035742603,0.088606305,0.2437298,0.24114348,0.11584231,0.05115173,0.15138775,0.96486115,0.119041964,0.0,0.17658183,0.48967758,0.031773347,0.57734233,0.5953054,0.01863342,0.26135564,0.12203776,0.2251564,0.6600845,0.009663923,0.0123195425,0.0062000495,0.0,0.0,0.72391665,0.040676255,1.7144623,0.4702329,0.0022813587,0.0,0.4866745,0.029322162,0.10273884,0.005359308,2.059644,0.006908045,0.006009497,0.1372049,0.059961908,0.24514551,0.052587643,0.21055914,0.091797136,0.0031644485,0.38276556,0.2791611,0.028296664,5.5757446,0.5030613,0.0051215133,0.0,0.6849197,0.0,1.7682669,0.39358354,0.0,0.034455154,0.83136797,0.0,0.07774178,0.1746477,0.026008805,0.35574022,0.47749978,0.048347812,0.397883,1.3127222,0.0,0.010493796,0.08019652,0.05865358,0.005752303,0.56682676,0.5793958,0.0,0.32189128,0.0067415466,0.16189604,4.150483,0.11828188,0.53288275,0.039336108,0.0,0.40585074,0.083650574,0.00040777997,0.7600062,0.26081783,0.0,0.03163154,0.0010783445,0.13385527,0.09261368,0.3166149,0.0010803172,0.5772914,0.13492242,2.0539825,0.6463208,0.51171815,0.0,0.02670379,8.875805,0.00910905,0.0002823542,0.0,0.00045785186,0.2897728,0.061934922,0.19104739,1.0120304,0.7792316,0.9185395,0.17439425,0.2667871,1.2211084,3.4865148,0.073297225,0.42636645,0.008249171,0.029492065,0.14752556,0.08940665,0.15058127,1.3342719,0.0,0.45017064,0.015378242,1.743204,0.05087942,0.15443696,0.002459991,0.15230191,0.0,1.8856864,0.4454993,0.017753625,0.15116157,0.020967359,0.025357962,0.5634463,0.9771876,0.22544631,0.52395755,0.00091727136,0.22063376,0.18253982,0.1244881,0.3843589,0.23257554,0.08811318,0.21984339,0.111687995,0.027877903,0.0031070798,0.17563601,0.0014063874,0.12435778,0.027368747,0.2563714,0.8005516,0.01731413,0.078435436,0.082699485,0.21541856,0.0067534484,0.12495167,0.13417004,0.1060977,0.0,0.53301346,0.003880091,0.11327973,0.13755774,0.08560428,0.0,0.00559239,0.06893265,0.14927451,0.021938914,0.0029549412,0.3248574,1.4741415,0.061565418,0.6217028,0.011958601,0.014717825,0.0,0.5134666,0.39610663,0.8128982,0.42026645,0.19229706,0.014690002,0.08635045,0.3319438,0.11235794,0.3588223,0.06734586,1.0593716,0.12808669,0.23737144,0.17840187,0.030705567,0.20035033,0.87594306,0.5993409,0.12773243,0.1828422,0.693781,0.042403035,0.09480912,0.039313663,0.1023731,0.3416587,0.40714365,0.41715133,0.021501973,0.7096419,0.07509222,0.3869604,1.6252612,1.0820761,0.3410776,0.29098397,0.0081568835,0.038155857,0.07849297,0.5892056,0.05358951,0.023752946,0.196326,0.2393658,0.12349796,0.0,0.018660048,0.022579892,0.08130123,0.032360274,0.110959634,0.07544126,0.0040986706,0.1158632,0.0310613,0.2399193,0.11414993,0.7819304,0.70034957,3.920618,0.045812756,0.07116276,0.04506291,0.056410704,0.075359955,0.0071745794,0.0570498,0.0,0.13491976,2.927589,0.0024769667,1.3998541,0.0,0.18102764,0.0,0.022586329,0.0006598253,0.0011811611,0.2558958,0.39483723,0.6256964,0.043217458,0.10281471,0.14251266,0.18643342,0.016771523,0.4797048,0.30843872,0.0,0.032229647,0.19338314,0.33082566,0.1345872,0.15021403,0.016773466,0.016093949,0.064297296,0.4219443,0.0,0.0,0.25545073,0.4584515,0.34347954,0.004169437,0.012791786,0.17178778,0.24762277,0.27197954,0.10592761,0.07205421,2.187275,0.20956601,0.02084536,0.094830655,1.863393,0.93969303,0.0,0.00119343,0.12190623,0.10334995,0.013979847,all_pothole_images\pothole_images_enhanced_b2683e159ad78bf9986bcd7c5b4bc646.jpg
0.19634669,2.0768511,0.2267947,1.9284749,0.5307862,0.0,0.66820353,0.4793838,0.2185704,1.5623746,0.5162025,0.37784868,0.49753353,1.1486975,0.10403771,0.36292514,0.7062748,0.0,0.47583032,0.3839225,0.21273118,2.0893588,0.26576117,0.7357817,0.88120574,0.75599676,0.12605125,0.46617508,0.15183783,1.1041516,0.1641811,0.07975788,1.744955,0.19896998,0.34473538,0.15112798,0.4418829,0.35029593,0.0,0.5516868,0.25668865,0.9040147,0.081802696,0.84190255,0.56934154,0.8446992,1.0991249,0.0296424,0.3581087,0.07146262,0.7863724,0.50382215,1.1689694,1.2304147,0.04210691,0.6729299,1.6923625,0.30883384,0.75717825,0.3793249,0.481683,0.13841301,2.9089236,0.8405208,0.9921197,0.13683808,0.4087493,0.36736795,0.018648006,0.748774,0.1304674,0.21901092,0.87234867,0.04709931,0.3865615,1.4116732,0.06681212,0.7226344,0.036202747,0.13271847,0.595564,0.39863858,0.324533,0.87116,0.3410863,0.37615067,0.14916521,0.23792851,2.9401605,0.041935954,0.06430568,0.3035955,0.91564167,0.80781823,0.0,0.19644067,0.32099494,0.4807818,0.5055099,1.8891627,0.0,2.4701664,0.5505001,0.053837206,0.30344054,0.08731503,0.43980986,0.033970032,0.35731855,0.18901815,1.8635752,0.36560795,0.8626832,0.4514036,0.73557997,0.68635666,0.66056216,1.1006513,0.44285038,0.866075,0.17168006,0.13503192,1.3226879,0.94748944,1.3906486,0.5955107,0.48830447,0.13570477,0.6496954,1.5228742,0.8312223,1.0350907,0.029670283,0.23125194,0.044961896,0.46484578,0.07937783,0.2922502,2.8969955,0.8061229,0.24153198,0.246532,0.42228952,1.6679338,0.3323495,1.8078845,0.5370907,0.3045649,0.5099264,1.7163378,0.3774928,0.4813103,0.4070572,0.161332,0.9582449,0.30398938,0.46686256,0.53260744,0.10552779,0.70810586,0.5031037,0.6882973,0.4712442,2.7778015,2.328593,0.08984121,0.39073205,2.181572,0.9285845,0.32706678,0.20815183,0.002776405,0.131445,0.8324774,0.7639665,0.05873504,1.6917915,0.15076105,0.5339265,0.04316095,0.32287055,1.0814122,2.2264667,0.010679929,1.8745322,0.57850796,1.7152345,0.31582767,0.005585496,0.39291242,1.0852339,0.18269178,0.0,1.2521706,0.027307011,0.40751457,0.0019409391,0.17249602,0.07876607,1.3800702,0.117470115,0.22649698,0.608935,0.070450835,0.3126073,0.63472277,0.210857,0.31405705,0.7006297,0.14355433,0.22516665,0.5707568,0.39227873,3.8696544,0.29109463,0.9024223,0.028880328,0.11696947,0.25149292,0.017823301,1.184808,0.0033927888,0.0038160328,0.05455647,0.147013,1.1007516,1.1251098,0.05284125,0.51695114,0.02447386,0.06940994,1.0444463,0.07961917,0.19183905,0.65554684,0.15014125,1.4030616,0.081626356,0.19000205,0.061608117,0.19138841,0.1307845,0.08009159,0.0029993996,0.3405939,0.0,0.23467919,0.017871473,0.750177,3.05567,1.4793785,0.05690786,0.043628175,0.44650042,0.0875891,1.4709346,1.5517157,0.21273984,2.17442,2.9639413,0.39519423,1.0913264,1.1803042,0.22087055,0.71903104,0.37081072,0.30763343,0.9003122,0.6211302,1.0744959,0.16970155,0.13955735,0.3302585,0.16540766,0.30508682,0.07649222,0.7420243,2.4734156,1.818839,0.655961,0.32277367,0.44465944,0.08018856,0.93977386,0.3946635,0.3630304,0.31518358,1.448001,1.4618706,0.097513676,0.15441252,0.012334122,0.4228012,0.35983074,0.8532624,0.65008557,0.3471802,0.83095706,0.22636753,0.13593301,0.43223804,0.14315215,0.33772892,0.044909287,7.680559,1.112716,0.20189705,0.6395938,0.22238529,0.5034953,1.0121592,1.6101935,1.8237921,0.055488877,0.39027253,0.17135724,0.104298845,1.0673358,0.782143,0.9262118,0.0010357698,0.39778456,0.1565046,0.58492553,0.8858234,0.68080026,0.99902993,1.0740112,0.6228093,3.0977867,1.9742453,0.39775357,1.0500929,0.41229248,1.6703432,0.0848412,1.9126104,1.1064806,0.29549828,0.10746469,1.4512827,1.030129,0.6431325,0.042031676,0.41759405,0.004644849,0.5917516,0.9117569,1.0809758,0.31505343,0.55277866,0.22308658,0.07621813,0.14374553,0.0568749,0.049270604,0.4038681,1.8637611,0.007684132,0.32992584,1.0324514,0.029436842,0.19376387,0.9539715,0.0016172903,0.03330961,0.123449735,0.8756182,0.07336561,0.58223474,0.9437631,0.40676007,1.7754441,0.015058249,0.46244776,1.1195887,0.044466257,0.23741461,1.4148484,0.3940421,0.060680855,0.26203874,0.029268337,0.23802929,2.471267,1.4536151,2.2729151,2.2070892,1.04147,0.5758981,0.3227987,0.20739797,0.2777679,1.3460398,0.48868936,0.039798748,0.095260754,1.0861285,0.94445854,0.6684827,1.7998945,0.902942,0.24255192,1.3833338,0.094646074,1.2920306,0.12898645,0.0050596218,0.40057528,0.28343925,0.36780974,1.0159521,0.02956473,0.026086355,0.08324717,0.7997604,0.56689626,1.1166275,0.18026836,0.28710938,0.98255384,0.62950516,2.2387247,0.34849864,2.150467,1.6453941,0.3931571,2.0132143,0.8043784,0.17321298,0.5290358,0.09272731,0.08159826,0.47375503,0.24758144,2.1742964,0.33654422,0.6323429,0.39149156,0.765972,0.7041047,0.3700981,0.14771575,0.1586661,0.70366466,1.1018132,2.2859993,0.14990838,0.46826607,0.49968562,0.44486964,0.28252622,0.1560378,0.24378066,0.58374274,0.82431805,0.7104553,0.10519102,0.3937869,0.05905947,2.0573578,1.155293,1.3248128,1.2390442,1.3300837,0.2474724,0.013517403,0.48055196,0.77174,2.1353016,0.4438637,0.2723001,0.9473453,0.36584738,0.17491767,0.22357629,0.12028028,0.060985647,0.23977381,0.46867627,0.51476204,1.5698301,1.0038881,0.651652,0.0,0.3998287,0.7773573,0.10554893,0.5858412,0.3237095,0.13513272,1.5678701,1.0068412,0.08898069,0.4086572,0.014059987,0.41467783,0.043875888,0.3163372,0.3842775,2.1182752,1.7239792,0.40826774,1.6340495,0.19303395,0.14802328,0.062925704,1.4810706,0.09078085,1.5400001,0.5218156,0.20864287,all_pothole_images\pothole_images_enhanced_b294e4e1b5225a16cd0f2d431226119b.jpg
2.21231,0.25054803,0.22732012,0.9713955,0.4407058,0.19434077,0.57206017,0.44509247,0.17700616,0.6925949,0.28704548,1.4138902,0.0,2.0665588,0.6229192,0.33981568,0.12329488,0.418311,0.60681945,0.5093222,2.1572797,1.9197662,0.23322983,0.5976738,2.0728161,0.92228216,0.12589799,3.1281385,0.10591434,0.04807727,0.251107,0.5182312,1.3568776,0.2785822,0.42351657,0.5990001,0.041864038,1.9166036,0.31199017,0.79558724,0.028139522,0.21875603,0.14103538,0.3840616,0.37937889,2.1404493,0.046936676,0.6771577,0.45334563,0.9163438,0.6989176,0.14854981,0.8437621,0.024340454,0.542017,2.0246124,1.1091872,0.26162958,0.030768108,0.47063267,0.08730924,0.050932765,0.25852352,0.5229919,0.0,2.2111115,0.19689219,0.5262624,0.018549137,0.9115502,0.37306926,0.33760723,0.17469147,0.64324605,0.27115938,1.6822867,0.005676659,0.8432188,0.16056013,0.5388495,0.22004467,0.107823625,1.1082686,0.766422,0.20515744,0.02430119,0.71614325,0.82043916,1.070863,0.4289388,0.00082591287,0.2273461,0.27465743,0.4892829,1.2957995,0.9163816,0.15765443,0.6344377,0.68916357,1.7941895,0.061877277,2.7913089,1.0032406,0.56224644,0.94356346,0.00958997,0.14614204,1.0377449,0.21303746,0.4749031,0.0059193694,1.5541409,1.3769292,0.19656602,1.4263444,0.1790949,0.23331879,0.2016449,0.66801274,0.9490586,3.4650366,0.20369866,0.0,2.280317,0.93891245,1.1493155,2.8885784,0.35904685,0.067064166,0.18400861,0.51462644,0.004263805,0.014179794,0.7074717,0.83275867,1.3030397,1.2994794,1.1807699,0.3344855,0.2245476,0.19419843,0.41547933,0.89320886,0.43343467,0.6432783,0.5293241,0.5783327,0.31521976,2.1986392,0.3327923,1.7547165,0.38942173,0.15906139,0.056721304,1.1337554,0.18516438,0.5593879,0.8623681,0.36667144,1.7193664,1.4258245,0.26491606,0.088948965,1.501001,0.036030695,1.307137,0.4045638,0.7447942,2.3981006,0.7881088,0.03482832,0.06600864,0.07473574,0.78156465,0.31425872,0.47081497,0.82037985,0.2764412,0.121347606,0.3320345,0.039394297,1.9279127,1.377154,1.2420906,0.14046721,0.80947393,0.43652275,0.6607189,0.16433245,0.5929428,0.29621354,0.038733058,0.31211936,1.7731436,0.22996692,0.4521218,0.733429,0.26671928,0.41997746,0.27218503,0.90609777,1.4140459,0.9363351,1.6309786,1.5410495,0.40036902,1.2781373,0.3323094,0.2587451,0.3376399,0.014197316,0.13467383,1.1668599,1.2239391,1.1560249,1.4288566,0.3778729,0.16553871,0.21765615,0.19418973,0.8967506,0.09147866,1.3057657,0.47719803,0.1179252,0.51565266,0.79862773,0.12738298,1.1634883,0.59645075,0.245296,0.8358926,0.07898969,0.5054537,1.0574088,0.29980958,1.6833415,0.6051717,0.008321012,0.03591473,0.45884806,0.8857163,0.008498312,0.41738674,0.27463257,0.30314592,0.06916571,0.27367654,1.0088825,1.8956504,4.0418687,0.24678962,0.88615495,0.1995783,0.709162,0.33112884,0.33266792,0.063425645,1.1077625,2.266905,0.2368658,0.2655318,0.51597786,0.049222324,0.07769853,0.22667664,0.4897831,0.6481615,1.4443706,1.3454736,0.5925111,0.07509573,0.5658508,0.53816164,1.2487112,0.45637164,0.090560645,0.39160517,0.6289925,0.48480293,1.1764089,0.60834485,1.0976009,0.54289764,0.7166486,0.013020739,0.65201026,0.058997333,0.06891079,0.10038495,0.5007203,0.08666299,0.08237045,1.9124234,0.2543368,0.46923447,0.5201488,0.49350768,0.14968681,3.5224533,0.9882696,0.7160739,1.0289125,0.60792756,0.9137385,0.19523387,0.031952143,0.22380418,0.9726512,0.08324836,0.7075033,1.1263151,0.09433155,1.9194058,0.18816048,0.7632386,0.1749837,1.5628734,1.2427393,0.39125317,0.62346333,0.56373787,0.9498889,1.0044188,0.22530212,0.972462,0.20932184,0.0,0.88005143,0.566238,0.26818833,0.3332651,0.87949586,0.56785387,0.044308145,0.894635,0.9286036,2.0054839,0.043182626,1.4618908,0.2325896,0.37085968,2.4370925,0.6819336,0.52535564,0.6798116,0.19478196,0.10076475,0.8177092,0.06229998,0.6603742,0.36649784,0.04665513,0.55891454,1.0271314,0.043142863,0.30676603,0.49390325,0.4807146,0.8824074,0.96850866,0.19427359,0.7815064,0.2896097,0.28456846,0.9367116,1.9918412,0.08811854,0.53743935,0.35307357,0.7867137,0.22836173,1.2273381,0.74419594,0.20120093,0.024858415,0.07006175,0.32234743,0.844246,0.36566722,0.69384474,0.2510085,0.5826146,0.5649476,2.9170668,0.39844096,0.4493415,0.0012520346,0.031947266,2.1350334,0.46878475,0.31271696,0.018834043,0.6451526,0.07556994,0.117696226,1.6222532,0.1515102,1.098544,0.5486302,2.147564,1.3822445,0.23092772,0.70188046,0.18560241,0.30850586,0.63483465,0.095168576,1.6983564,0.25449237,0.026814876,0.5296556,0.02304207,2.0384953,0.15963562,0.41835326,1.8293427,0.4525523,0.964329,1.1037446,2.2680159,0.8281176,0.82392186,1.2492121,2.921642,0.76734525,1.3113062,0.0068431636,1.3807133,0.68723446,0.3713979,0.27966073,0.5377081,0.8757416,2.7314875,3.183255,0.56030756,0.94449294,0.40729535,0.66535294,0.8177199,0.08358583,0.05619627,0.020169398,0.13904254,0.00429882,0.47869354,0.9827376,0.011875307,0.7844054,0.32727417,0.011351936,1.7831668,0.65555274,2.3798602,0.9872381,0.5334937,0.56603557,0.54781336,1.5762217,1.727111,0.6656354,0.86496514,0.7877408,0.265743,0.52202344,0.97031,0.66887057,0.95025665,0.88363713,0.39984185,1.4360727,0.16108453,0.16703549,1.4380926,0.1863545,0.031003952,1.2776618,1.4322759,0.27069396,1.3688995,0.39707807,0.12010804,0.582253,0.39641526,0.19476175,1.1723685,0.516097,0.5519292,0.10666919,0.106496714,0.7076742,1.1913599,0.13959469,0.39974678,0.18740371,0.12471781,0.19446509,1.031431,0.3223685,1.0605382,3.0345366,0.67337364,0.942447,0.41120574,0.8991515,0.48698407,0.1042061,0.16482162,0.29666343,0.3174183,0.28307676,all_pothole_images\pothole_images_enhanced_b2995570736d9c4cd54897cd0c2ae4b7.jpg
2.488447,0.40760556,0.56939846,1.4894885,0.7624848,0.107156515,0.65396684,0.6460566,0.39625263,0.61295366,0.088219374,1.1242126,0.2802022,0.0,0.05681712,0.24854948,0.13229193,0.029863123,0.29044837,0.12490826,1.1927009,3.113668,0.26261225,0.39084885,2.1299646,0.106466025,0.733871,1.6529506,0.08651757,0.13799594,0.070176214,0.09273362,1.6705228,0.8659699,0.26002324,1.101309,0.0,3.75917,0.47524205,3.2797525,0.0,0.27421868,0.11126396,0.8418783,0.61558586,0.36513385,0.12815619,0.23484124,0.3176897,2.2066915,0.41287744,1.8707399,0.43917066,0.18388289,0.207977,1.5245321,2.0487363,0.18875091,0.36894676,0.28536236,0.0,0.20764379,0.40076643,0.59625036,0.58310986,3.045176,0.3476158,0.13950083,1.5076224,0.07625379,0.9630287,0.1671553,0.12878421,0.6779047,1.0765028,0.663517,0.032109644,0.051311385,0.000108824526,0.012692038,0.58897537,0.063951105,0.27001908,1.4919294,0.8992752,0.20811673,0.33851922,0.6611056,1.555185,0.8948914,0.059943996,0.024871754,0.10486318,0.20283313,0.3227994,0.74585927,0.7076729,1.585196,0.60865575,0.64003444,0.23970073,1.5244269,1.7847545,0.29305604,0.0047695134,0.040591348,0.34616736,1.3008115,0.10854121,0.3055762,0.17415431,2.3672206,0.47299945,0.5582568,0.7940783,0.89128315,2.6685886,0.20385815,1.237255,2.0396307,3.2314303,0.103443414,0.055989653,4.6850934,1.0059166,1.6194359,0.20770782,1.5368347,0.5789453,0.1726601,0.5983007,0.040892366,0.016613537,0.7864432,0.15552807,1.6106274,0.01859316,1.7462176,0.70335823,0.690573,0.7395874,0.5815314,0.0,0.6283602,0.08704844,1.7580298,0.24704224,1.0978577,0.0052504768,0.4192229,0.8867081,0.35778147,0.0,0.0,0.7397565,0.11473994,0.66971636,0.050456893,1.038307,0.71481025,1.0287178,0.6285838,0.0044170883,2.7198894,0.009583256,0.47906595,0.2916283,0.5634412,1.0180471,0.5684179,0.04179069,0.0,0.063179605,0.15391356,0.807718,0.12868111,0.28896222,0.071835235,0.12775819,0.073606476,0.4112748,1.8256888,0.605749,2.6658611,0.45342636,0.9147183,0.10748645,0.70575076,2.3228884,0.5990633,0.08103789,0.433233,0.0,1.4180726,0.25631198,0.80013126,0.8656917,0.053690463,0.22051603,0.4680312,0.12076326,2.1116662,0.18838325,0.86402005,1.6029562,0.5970436,1.265426,0.7536793,0.9206155,0.17870182,0.039522097,0.16440928,0.23590747,0.731973,1.4456615,0.3927066,0.31873375,0.080272295,0.5606459,0.09461455,0.026419394,0.845082,0.19602051,1.5646565,0.22535078,0.5225616,0.9417385,0.23722664,1.0548247,0.36983407,0.38813493,0.1935831,0.20982262,0.37998572,0.5913646,0.021632662,1.077521,0.008894118,0.014164588,0.17386577,0.30202737,0.27876124,0.018786458,0.08215497,0.39175078,0.0055259694,0.32401368,0.7661558,1.4405013,2.7803946,3.5848927,0.7147233,0.5549465,0.2354083,0.09118427,0.05642454,0.8291593,0.0010369098,0.48298606,1.6709557,0.06776884,0.02584829,0.33286583,0.21627472,0.77310383,0.343483,0.9902434,0.48616657,0.51715136,0.24665432,0.03411686,0.08409418,0.39579087,0.87603176,1.2391909,1.0706823,0.39799264,0.20060502,0.009700376,0.47174937,1.4721857,0.59389347,0.8395848,0.0,1.2575489,0.29417202,1.2216003,0.021579172,0.48864245,0.5322492,0.03775483,0.35315228,0.48404682,0.830765,0.0074593173,0.18339495,0.45330238,1.616329,0.4191104,0.89722395,0.5332271,1.4392014,0.106564835,0.52240795,2.4916723,0.7801656,0.04995904,0.08236629,0.22543672,0.28112555,1.599022,0.70071244,1.0750847,1.6484884,0.05230157,0.7459593,0.36343297,1.2674919,1.1373276,0.024332032,0.79101694,0.5426768,0.5060764,0.021412257,0.6058138,0.64905113,1.3101138,0.18791011,0.7634273,0.09336339,0.9301649,0.74937874,0.25031084,0.26713172,0.021130677,1.0578814,1.1867914,0.88466597,0.5633994,0.52360827,0.43129534,0.18913072,1.8839362,0.011850138,0.3284789,0.07741509,0.27451178,0.014949236,0.40550745,0.18593861,0.66015506,1.5982784,0.32117003,0.6670121,0.7320291,0.6002119,0.30915642,1.9374111,1.8209414,1.5127108,0.7231878,0.06802112,0.42635873,0.34047407,0.12882265,0.26033288,2.6451204,0.03348538,0.1866866,1.1887758,1.835199,0.1577622,0.6773349,0.2517307,0.01512706,0.1326176,0.06554537,0.5262828,0.0939191,0.44411,0.23840842,0.023417039,1.2624755,0.032495186,3.3075094,2.6574056,1.1886668,0.009279131,0.41799584,0.37909362,1.01157,0.21304367,0.5061765,0.26294035,0.23331156,0.00078021036,0.48191997,0.030799542,0.03020163,0.38607895,4.5337105,0.31087646,0.47555494,0.24454576,0.787493,0.035558905,0.65702164,0.613207,0.53311783,0.18910453,1.1417655,0.9260414,0.5274931,0.78300405,0.7420668,0.13690063,0.948432,0.38834164,1.1493986,0.90292513,2.7931502,1.0635914,1.9715152,1.1830696,1.9501009,0.06768429,0.7532766,0.52629495,0.48894542,1.0147654,0.934754,0.0,1.086367,0.20119917,0.66149026,3.4663184,0.8495767,0.5643148,0.28206047,0.63025546,0.0150039,0.60341376,0.3511903,2.2142498,0.74387527,0.015595145,2.063774,0.8256794,0.13256969,0.7204655,1.5868883,0.84943724,0.48597318,0.4025388,0.8457855,1.1921083,0.26204214,0.6055217,0.19260333,1.536735,0.8551631,1.4888548,0.41121757,0.55801374,0.61504424,1.6977524,0.25026244,0.26668066,0.5812254,0.31569123,0.5644604,0.3936821,0.09744008,0.6932862,0.6160401,0.25433788,0.021752944,0.8893453,0.005736488,0.695564,0.20294635,3.0779648,0.23328161,0.009691267,0.009715513,1.156167,0.009893521,0.18369867,0.5320541,0.24305256,1.1290283,1.1785138,0.09902989,0.2673442,0.8810687,0.0895085,0.23531254,0.120999016,0.3160066,0.15542026,1.2030773,4.340985,0.79634184,0.15791862,2.0616658,0.42759693,0.5675298,0.46253234,0.61497563,0.57753724,1.1040719,0.10744366,all_pothole_images\pothole_images_enhanced_b2d6c964646a09724e48ddb2e337eaa4.jpg
0.2948141,1.9527161,0.9323928,0.47929057,0.41721597,0.72692806,0.2808712,0.6221928,0.72323364,1.1350507,1.3403525,0.1615281,0.020983143,1.8871783,0.051220097,0.9389259,0.46612307,0.74802566,0.51565564,0.111805476,0.32984287,1.5193893,0.6610922,0.7361308,1.5245801,0.76384914,0.24290131,2.6547794,0.17246717,0.7667862,0.77122474,0.087868,0.49500266,0.109360375,0.19249903,0.01832519,0.8153509,0.71024126,0.27163976,0.37486422,0.39409924,1.2930633,0.80953676,0.6833263,0.9956169,0.4725959,0.11872922,0.5737954,0.40371236,1.063574,0.38721833,0.007928773,0.650384,0.019102897,0.5330592,1.0671887,0.46352178,0.4210816,0.20311297,1.6208773,0.53238624,0.43373454,0.8537204,0.57247436,1.57129,0.36951816,0.27055046,0.0,0.32670835,0.8219265,0.12489634,1.0650545,0.6834877,0.8057978,0.53124195,1.6087979,0.26648998,0.32767287,0.1588993,0.12692687,0.5495253,0.6663852,0.0,2.7057106,0.33160013,0.8772634,0.8344334,0.0,3.599402,0.2653744,0.64565355,1.7472652,1.1707748,0.32401124,0.08267198,0.061035577,0.6227094,0.93166226,0.41829237,0.5573346,0.54554456,1.6955885,0.62221473,0.4664158,0.04610019,0.043383382,0.72802764,0.31497476,0.24607192,0.71274096,0.67457414,0.37075034,0.12577853,0.1571469,0.20494337,1.7570312,2.2759073,0.15238357,0.6415807,0.43181476,0.819179,0.15352117,1.3213842,0.3688244,0.31929874,0.90256065,0.4892571,1.3592651,1.1417239,0.961638,0.5592698,1.0951638,0.1514768,0.6203205,0.6787048,0.4486789,0.75005245,0.031097313,1.2872564,1.3877568,1.2021655,0.3111224,0.5123751,2.526088,0.22306922,0.9114032,0.97108287,0.12804934,0.05386577,1.5170697,0.12012967,0.21369368,0.108935006,0.69203067,0.18438148,0.85558474,0.92822325,0.43814063,0.7816859,1.442662,1.2810043,0.93096375,1.3678305,1.8237787,1.0154315,0.28119713,1.1650434,1.0519055,0.28684503,1.589774,0.029924411,0.0,0.55758125,0.5985205,0.5902368,0.11250532,2.009791,0.14684784,0.42151275,0.60944515,0.14099383,1.994627,1.0821553,1.2439892,2.3513162,0.32019752,0.35698205,0.005591467,0.25653797,0.23880795,0.47911367,0.02728283,0.60285604,0.35991752,1.084875,0.44483584,0.4128952,0.99156094,0.4299518,0.11076426,0.6138322,0.26555884,0.778987,0.21594074,1.3530529,1.4003586,0.23726884,2.2370126,0.5476325,1.6124954,0.1103209,0.08041847,0.8893494,0.7942976,1.6432343,1.4876269,0.33079708,0.10650012,1.1287522,0.51392096,0.63766944,0.374259,0.8039648,1.2260613,0.049965847,0.4880866,1.7504796,0.8985197,2.7086236,0.7504154,0.056623813,0.7344284,0.7593603,1.5263646,0.22802942,2.0460815,0.6880292,0.76374,0.36817396,0.09357277,0.59252155,0.4721471,1.9481325,0.0,0.9847674,0.676085,1.5998416,0.32952133,0.28190884,2.4711092,0.19807987,0.17438163,0.07015931,1.0184363,0.25738332,0.31481692,1.3784548,1.6157345,0.8155007,2.4833012,1.6169845,0.6156168,0.90838736,0.28339475,0.39110965,0.19838741,0.2961864,0.14292808,0.42644843,2.1049185,0.6451826,0.40761226,0.998807,0.8143312,0.21974197,0.85171276,0.66110164,1.4582118,0.47961706,1.004177,0.34561092,1.2256925,0.75937605,0.20731927,0.7724374,0.21254407,0.9946806,1.540407,1.4568921,1.4878242,0.003829525,0.608903,0.24848783,0.6696893,0.82500863,0.20007078,0.5428404,0.7247665,0.42016703,1.9334835,0.5671544,0.7505948,0.124539,0.80617636,3.671998,0.24255161,0.37952408,0.7883771,1.0686045,0.13500363,0.19384728,0.4357727,3.2619119,2.2772713,0.02549525,0.4333214,0.5679677,0.4868008,2.3405058,0.15001541,0.07496565,0.12895113,0.257419,0.7427183,0.7285478,1.1750929,1.4297676,0.2788122,0.42385346,1.244911,3.6389856,0.8034767,0.12610568,2.5785677,0.9136729,0.15844017,1.0374908,0.0667708,0.7070943,0.98964095,0.35700843,0.18395445,1.6614522,0.44195938,0.88685507,0.10187067,0.081302226,0.7932765,2.1154659,0.64773893,0.108947605,1.1422151,0.24272755,0.61677915,0.020169053,0.43170935,0.9169884,0.30729514,0.8122585,1.610669,0.3544637,0.040691517,0.24055266,0.4254194,0.2822308,0.6439271,0.40146923,1.1484567,0.1280152,0.15629958,0.3086459,0.46728072,0.4202917,0.31009465,0.42434967,0.5564206,0.008249384,2.0708935,0.573437,0.5818803,0.59131974,0.28470498,0.7568845,1.0414771,2.163975,0.494051,0.87096715,0.19815922,0.4241295,4.091296,1.5954418,0.012831292,0.13236327,0.03256149,0.19431993,0.33471492,0.43158987,0.97032976,0.0,0.124697156,2.8938766,1.0401931,0.33504337,1.5334504,0.7065341,0.0045269458,0.28042263,0.46474463,1.704156,1.254831,0.16357036,0.3453488,0.8823024,1.31742,0.38610232,2.016904,0.41226095,0.97585666,0.11157053,0.9440578,1.4224128,0.74156964,0.7064969,0.15484212,0.8934892,0.5369897,0.76313734,1.7691214,1.2763854,0.46151572,1.1196237,0.34905592,1.0297266,0.11576277,1.497902,0.9064914,0.30153885,1.4198564,0.54385763,0.017637726,1.6988678,0.6016969,0.10326494,0.26634723,0.23299754,1.1378084,3.0863712,1.0215836,0.20099561,0.5096828,1.4629725,0.02658106,1.2442082,0.339478,0.17173572,0.13538986,1.1865205,0.0,0.45927313,0.59785753,1.8845439,1.5340489,0.543495,0.09910251,0.8634809,0.046854023,0.2939265,0.7500815,0.8407705,0.71887904,0.46097425,1.0257207,0.9926319,0.25088298,1.4093996,0.08609407,0.4778295,0.06753738,0.5042289,0.9514389,0.1296058,0.5961381,0.024740573,1.7496029,0.40580955,0.045450736,1.3791754,0.21188387,0.8024051,0.5991823,0.3056261,0.67584115,0.14495517,0.7632103,0.1377623,0.6385725,0.2603115,0.2713696,0.49169442,0.6108246,0.25533298,2.5452163,0.23772587,1.5827458,0.16552594,0.8220259,0.3814666,1.1598241,0.8712845,0.58773667,0.37866545,0.442377,all_pothole_images\pothole_images_enhanced_b35e327b7f83213d37b0928a5b931e0e.jpg
0.33672997,3.8312004,1.3158547,1.1250988,1.0412683,1.9606532,0.46290353,0.06523739,0.09425291,1.6954842,1.2587311,0.64672476,0.76374614,0.6194464,0.13482074,1.8525316,0.60421634,0.12519461,0.37301737,0.43125433,0.34390578,2.7232864,1.4364944,1.0213844,0.8453921,0.2784567,0.89142174,2.825922,0.6818426,0.11811661,0.6005086,0.08412687,0.45032674,0.38904124,0.81953377,0.92896235,0.20021565,1.271492,0.20835268,0.97585326,0.41957575,0.43404353,0.54858285,0.80847496,2.2214785,0.1740319,0.8235373,0.37421557,0.44424534,1.2480377,0.1548075,0.7235947,0.13953717,1.3943903,0.3512029,1.5664445,2.5863755,0.99456215,0.9471591,1.3307724,0.7607596,0.4588846,1.3574572,0.9258072,1.8065363,1.3445207,1.5128282,0.44646853,0.9690056,1.9651362,0.5227967,0.7118157,0.3395996,0.27348125,0.8449766,1.9766088,0.21969172,0.31372607,0.20844582,0.504216,1.6790534,0.2013426,0.18304256,2.4644332,2.0032048,0.87806815,0.24786672,0.76586235,3.5145178,0.4810994,0.6918432,2.6024485,0.34404328,0.56579614,1.3700497,1.0542518,0.2110766,2.838939,0.82635534,0.9098764,0.20875202,1.8990016,0.47292814,0.64819264,0.13874523,0.026740337,0.9476612,0.51586604,0.51222956,0.12388797,0.54187864,2.0286243,0.3799548,0.33887964,0.8828997,2.1873915,1.557924,0.29131228,0.34087738,1.8887812,1.420658,0.5469651,0.17079931,1.3792343,0.48690414,2.3749888,0.4949714,1.450299,0.8625476,1.4385908,0.6450293,0.7688416,0.8096373,0.65297484,0.41743723,0.43609974,0.9124315,0.080571674,1.3397886,0.3529535,0.5872324,1.2018378,0.3101957,1.34958,0.7257812,0.42401192,1.8239198,0.17263912,0.07294163,1.6122794,0.14104111,0.26567954,1.4842442,0.013555781,0.778888,1.06192,0.14857383,0.66935223,0.60902315,1.2212707,0.42527568,0.069722846,0.7467139,1.4400454,0.54212147,0.3174619,2.7767303,0.6653232,0.28108314,0.40810993,0.26677892,0.5137814,1.303071,1.0945758,0.95894825,0.20055611,0.23797134,0.41391087,0.09297434,0.99197674,0.77817786,1.5446397,1.7072362,0.8880517,1.4128013,0.50827384,0.59988576,1.0885712,1.458721,0.7584447,0.33071542,0.44074434,0.16177128,1.3423682,2.229527,0.40461636,0.049896922,0.43584326,0.028007781,0.5291077,0.11115552,0.54420114,0.48324013,0.15996628,0.48772907,0.7962215,0.5459348,0.60194075,1.2388424,0.38136217,0.3669951,1.9200343,1.4425735,0.73430693,1.8946482,0.80533266,1.4057142,0.13283786,0.55814785,0.6522139,0.023211021,1.0032125,0.7322327,0.22969398,0.091256805,0.23311155,1.1207217,0.81182975,1.9885051,1.3628614,0.110477634,0.54143703,0.7161725,0.7459511,1.5484308,1.2062657,0.44153568,0.08153632,0.012830252,0.2694283,0.33022377,0.4629181,0.8623388,0.48453104,0.10692744,0.25128847,0.33383676,0.8245049,0.25196683,2.4017587,0.8544528,0.37284595,0.5213853,0.2190421,0.8629594,0.118361905,1.2086505,0.26380602,1.3649923,1.3368089,0.7465663,0.41005382,1.7184346,0.5683653,1.069165,0.39472508,0.4359669,0.6451099,0.32379907,0.4195823,1.2500043,0.9330069,0.73428905,0.9464124,1.8210171,2.6717865,0.48614466,0.4397445,0.054903626,0.4728121,1.4797263,0.38640243,0.2053694,1.0301291,0.9280113,0.47457096,0.67110133,1.0487937,1.5500631,1.9969444,0.3409844,2.0031884,0.16459398,1.843983,1.3655146,0.68960065,0.6036622,0.540312,1.589583,1.2913668,0.06399755,0.49950743,0.25416812,0.8138484,5.0374193,1.196351,0.14446609,0.11986405,0.18160427,0.3284929,0.55578893,0.06661644,3.2722676,2.4385726,1.2175595,1.4060607,0.5657636,0.9065501,0.6621068,0.26541555,0.7315708,0.2992113,0.15074354,1.4623739,1.3901827,1.9748547,0.35608813,0.3825994,0.99180347,1.6558115,4.1152635,1.8940252,0.9322991,0.17792985,0.5881556,0.27296454,0.593768,0.6785596,1.0991194,1.0013534,0.19015466,0.4063308,1.0485834,0.10656466,0.7488727,0.50536126,0.9598227,0.3161979,0.63635266,0.589887,0.29932407,1.6345673,1.2800605,0.593552,0.5269088,0.7341304,1.2829204,0.68136805,1.8167101,0.44298846,0.29037306,0.16896375,0.8143499,0.26851317,0.045164615,0.6692813,0.4419546,0.6394747,0.7948318,0.17767817,0.47357145,0.3435931,1.8414172,1.3984315,0.8169129,1.1994241,0.17260025,0.41980082,0.5895639,0.50847536,0.0039831004,1.5052049,0.7907967,0.5206307,3.4409122,1.2510625,2.1888473,0.032380216,2.0476704,2.6312983,1.9073573,0.381829,0.78672034,0.46840668,0.21872425,0.023539059,0.35626033,1.3260732,0.088634245,1.1377405,1.9923333,1.0190194,0.32653916,0.86300254,0.21303993,0.10493788,1.0939254,0.6044888,0.72298926,1.7584205,0.19996408,0.9056834,0.30932382,0.46379906,0.48248968,1.7501146,1.4292982,0.0022787093,0.2853347,0.17584158,1.8732442,0.9431474,1.1121736,1.8289617,2.3974261,1.6483002,0.93606645,1.2342651,0.21833333,0.22950299,2.902298,0.3767034,0.28758103,0.75606257,1.9504033,2.6357741,2.0752263,0.2422663,0.9932427,0.10097221,1.2827376,0.8352726,0.110728115,1.4059442,0.12316355,1.9339457,2.1008465,0.8997171,1.0424097,1.8845965,0.5538932,0.6432519,1.9119786,0.40517402,1.1016426,0.77948743,1.4780846,1.432951,0.6271119,0.9102994,1.5228698,0.4637395,0.66815156,1.2130451,0.918704,0.69524074,0.20166501,0.28874442,0.8401283,0.80911803,1.8820542,0.010403541,1.3616793,0.65882325,0.93171823,0.14188294,0.820638,0.5022002,1.310396,1.2247732,1.0900455,2.0516331,0.67316246,1.1491022,0.16861728,0.8729539,0.11702606,0.99164885,0.052724265,0.29206175,0.7452268,1.8819044,0.77161765,0.3991731,0.5244961,0.8672044,0.30447185,0.2658949,1.2632443,1.5239992,0.48358968,2.6651695,0.67972744,0.6555278,0.92024696,0.785851,0.0,1.6032239,0.55274576,0.21086022,0.823775,0.25770888,all_pothole_images\pothole_images_enhanced_b36aa74334712649fe4df2cc1bf95c0f.jpg
1.1685859,0.19034792,0.12819989,0.89060646,0.4337068,0.42632613,0.093053356,0.0,0.66908747,1.0596656,0.8301847,0.62873137,0.0,1.4048978,0.6450835,0.32773244,0.0,0.0,0.021112762,0.18525894,3.9339094,1.1722798,1.628553,0.23120339,1.4370967,0.183519,0.18810065,3.3891418,0.38408118,0.16317284,0.55149585,0.6462829,0.0051349024,1.2842089,0.12902547,0.14257474,0.2253802,0.36985505,0.5979084,0.34282416,0.022187466,0.0044837,0.70927644,0.9819245,0.7729684,1.2520955,0.0006341537,1.8587846,0.5991705,0.32253295,0.98893034,0.36473426,2.2480974,0.09500595,0.059016407,0.944768,0.097283535,0.5309064,0.97155875,0.13201487,0.48026595,0.58404416,0.14511466,0.42592716,0.7783832,0.3663095,0.60489637,0.84969556,0.17236929,0.0,2.0692294,0.22844486,0.51149446,0.72746664,0.76782054,0.096527934,0.25328484,0.53444475,0.0047032638,0.047188442,0.22490369,0.62078625,1.2052345,1.0694844,0.73046595,0.00488577,0.7066238,0.33074418,1.1162442,0.5150829,0.4267973,0.12761773,0.14337812,0.14939687,0.55467993,1.1732215,1.8609909,0.93878937,0.70799804,1.1122624,0.7444973,1.1907322,0.46219808,0.0,1.8738353,0.017772153,0.309909,1.2970699,0.09029519,0.8875825,0.1497593,1.3798447,0.5670334,0.32937124,0.7366905,0.23653312,0.07907376,0.1970877,0.501892,0.9505676,3.028825,0.40351233,0.014678095,1.3314003,1.5202073,1.2817372,3.4058576,0.21265699,0.0,0.75253934,0.00575999,0.0036865245,0.0,0.41743714,0.7166785,1.1401311,1.0732907,0.6591492,1.324615,0.10336987,0.6293158,1.3740478,0.019072376,0.6224343,0.15986888,1.0041854,0.0,0.09513872,1.2207414,0.13596757,1.2292813,0.90695876,0.064203925,0.41999897,0.5404935,1.0917016,1.0810698,0.7791628,0.8898632,2.2376313,1.2747208,0.52254915,0.36117902,1.1543032,0.40953732,3.4509046,0.43023127,0.43699276,0.6412615,1.9120464,0.114043295,0.0,0.6228775,0.13357876,0.0011261065,0.084562406,0.24685256,0.17700012,0.9213227,0.589602,0.0,0.76851946,0.14133784,0.6643125,3.5117273,1.411202,0.3239636,0.19649857,0.96617824,0.31285176,0.08520568,0.10982456,1.0588155,0.38373035,0.27783796,1.3204862,2.1281514,0.020621503,2.1487575,0.06929016,0.5555791,0.84282494,0.10975489,0.49095502,0.3571236,0.002392193,1.67694,0.045501236,0.42732278,0.16290516,0.09472193,0.05206806,0.069278635,0.24993943,1.1811912,4.6722474,0.050247185,0.051113337,0.39824486,0.23689254,2.8551214,0.0,1.1086781,0.18197624,0.0,1.713317,0.3182524,0.19723627,3.2028627,1.860334,0.036961935,0.021620236,0.5142434,0.6107827,0.049810566,0.048105884,1.031239,0.021943323,0.10923836,0.38736776,0.5670699,0.022290032,0.3545087,0.20218219,0.3735709,0.21505247,0.5400998,0.51099193,0.023946833,4.9920907,0.0721719,1.2567288,0.019569494,0.8378165,0.92900735,0.5024365,0.43231145,0.44827798,0.0,2.4271364,0.27026302,1.1887058,0.5433533,0.0,0.8021869,0.6243311,0.07987919,0.8092293,0.96625465,0.8389464,0.9293166,0.08555066,1.0606381,1.0521979,0.3717308,0.17309928,0.068517104,0.34524244,0.12389457,0.263606,0.55492973,1.233042,1.2729654,0.7177646,0.6006837,0.04260793,1.5857048,0.833917,0.7540395,0.074327506,0.0,0.010782194,0.011330168,0.23941411,0.14669783,1.2715623,0.46318159,0.14047875,0.005168146,3.9123306,2.524518,0.5304559,0.062936045,0.014704659,3.6818585,0.4472138,0.22832663,0.0,0.12854628,0.6389703,0.05425106,0.35176608,1.1199775,2.5909636,0.24451578,0.11183018,0.46760532,1.0273901,3.9335887,1.1300603,0.090396784,0.3477377,1.1815557,1.5610085,0.42085078,1.9847087,0.91808474,0.38248357,0.18592201,0.01578984,2.161878,0.32059878,0.29065195,0.055603456,0.0997571,0.24975406,1.0701722,0.45307273,0.13415776,1.4005679,0.058296744,0.013847161,3.6613712,2.5993323,0.20942174,0.39053428,0.9879378,0.7747709,0.7468288,0.028349482,0.32558572,0.31322533,0.07099938,0.98969346,0.034631815,0.010935821,0.27293473,0.13360396,0.6489682,2.4627786,1.1307014,0.016798701,1.3533607,0.33004346,0.84951156,0.81066877,0.68044823,0.8369927,0.5208094,0.6295431,0.11051553,0.14559332,0.7280028,0.7332517,0.07838927,0.58134353,0.47174975,0.24639161,1.4119384,0.5270836,1.6387924,0.114102855,0.01788479,1.1823964,1.7175415,0.9445446,1.0561697,0.04077031,0.67772,1.5908655,0.8387538,0.5678501,0.3663091,0.358769,0.08414942,1.1811926,0.545928,0.46755132,0.6355409,0.99531305,0.8075585,2.4440372,0.7759571,0.33139375,1.0552124,0.92252785,0.79429495,0.12552448,1.9364225,0.06904367,1.161026,0.10633561,0.0052678864,1.0920781,0.1726907,0.68110424,0.32011127,0.15154001,0.6928582,1.4787183,1.224646,0.20544447,0.6236354,0.59395015,1.9738089,0.09193796,0.5457706,0.5794136,1.2329999,0.71704024,0.6181507,0.17540215,0.8493081,0.8873493,2.7004395,1.3342552,0.51755154,1.7239809,0.22465883,0.28659165,1.5740719,0.04139384,0.0,0.27549735,0.0030088515,0.12756594,0.89398915,0.46671757,0.4052234,0.66936857,1.0563099,0.67959976,0.85888326,0.16509464,1.6273816,0.3475606,0.21990445,0.045304887,0.37311757,1.2588799,3.8511524,0.025417907,2.0645263,1.4105285,0.0927951,0.6969374,0.0,0.0044778246,1.2038356,1.3097978,0.10322861,0.0,0.0026678632,0.9515325,1.4842541,0.047229193,0.26919952,1.3240942,0.25258204,0.2492826,0.4920783,1.2003802,0.21525568,0.48114246,0.41967928,0.01867078,0.0,0.026087724,0.0,0.0,0.2981587,0.6093265,0.051114596,0.84273463,0.008076079,0.13017085,0.15329199,0.035528462,0.006817258,1.1666687,0.16789372,2.9402852,1.9877902,0.44375756,0.23865205,1.9049795,0.8829064,0.0,0.09289284,0.07756926,0.119139835,0.067438155,all_pothole_images\pothole_images_enhanced_b3c40ce6014d347cba0b5c8910a495d9.jpg
0.08717925,0.3837667,0.08751534,1.6608442,1.3636879,0.2576418,0.34486854,0.0,0.6166844,0.9719498,1.466438,0.8643911,0.22704391,0.7615554,0.1616427,1.2373009,0.0625576,1.2985219,0.9017172,0.05533217,0.9115711,1.593457,0.17817709,0.22905722,1.2379466,0.5931246,0.3709431,2.1714716,0.037240602,0.1595793,0.1685173,0.046503417,1.2930781,0.90483,0.06478424,3.1128755,0.2115823,0.48210266,0.6211978,0.18431075,0.2633703,0.12893206,0.10960561,0.27963525,0.17130598,0.17854069,0.11829229,0.053549703,1.53469,0.3031858,0.076347806,0.17703104,0.10028159,0.5437608,0.3030797,1.6209806,1.2018718,0.2480094,0.5784838,0.061044574,0.11421149,0.44761485,0.5182024,0.11901145,1.1780589,1.8301486,0.0804349,0.39504766,0.83797187,0.4402149,0.14950453,0.37794852,0.059002068,0.12293899,0.0372475,0.051659312,0.18010065,0.27641523,0.17577745,0.40653792,0.025187118,0.032974355,0.25384662,1.3298025,0.14246221,0.27612498,0.3097501,0.106885366,2.1428874,1.5537701,0.70822424,0.10232501,0.31245407,0.5099142,0.081700385,0.026704423,0.41144124,0.63660413,0.84957325,0.6430918,1.6311189,3.886834,0.34807485,0.3054229,0.9985254,0.018537132,0.3719616,0.118011154,0.25710204,0.591659,0.018529167,0.5779852,0.06171381,0.087899335,0.07679287,0.983952,2.0669377,0.860419,2.9972122,0.90113485,1.0301875,0.028508887,0.2814489,0.70325327,0.20184036,0.9816089,0.15776339,1.176711,0.1082808,0.13004808,0.5762933,0.01930189,0.3617736,0.03896281,0.5724481,0.6792724,0.9376918,0.75504893,0.22252892,0.030785277,0.112473466,1.4135271,0.2292707,0.15823561,0.12996936,0.8287284,1.4163343,0.059123643,1.9980268,0.8205351,0.39750072,0.45793512,0.18410414,0.26112416,1.3253456,1.0905823,0.82104725,0.05956196,0.65560585,0.039242953,0.5003125,1.1856639,0.14555381,3.0966945,0.089845285,0.34505737,1.4228052,0.51515514,1.6427003,1.6951528,0.21612826,0.71422064,0.2859172,1.8316911,0.46139812,0.0021955352,0.18489204,0.015425092,0.2959864,0.3344387,0.55871487,1.7762616,1.6699592,0.6159305,3.1706817,0.79235893,0.52653104,2.9391544,0.50800115,0.20940718,0.017839296,2.0975938,0.088201314,1.5476357,0.6276205,0.06617113,1.9638733,0.77408385,0.70188123,0.15489237,0.27351993,0.6596441,0.5647773,0.38874066,2.7690148,0.318677,0.74220383,0.21487853,1.3234751,0.49107972,0.010877655,0.05762447,1.4098358,0.049034905,3.046931,0.3185796,0.25058174,0.03147763,0.020244388,0.86162144,0.21114661,0.6666611,0.49889582,0.27970618,0.021854091,0.18349725,0.6463199,0.2304752,2.243971,0.19937205,0.0,0.066547304,1.1667413,0.068091124,0.054302122,0.45263055,1.1546069,0.0,0.15611807,0.10333227,0.12859747,0.16362208,0.4876364,0.111108914,0.53664154,0.113054916,0.5078804,0.19935405,0.64007694,4.1160274,0.98232484,0.25787896,0.69770235,0.26058483,0.3479445,0.103037946,0.034517463,1.3515161,0.11780712,0.9535013,0.73605245,0.13413212,0.22549073,1.3126656,0.8952006,0.24078102,1.5231228,0.08409071,1.783245,0.40573674,0.22423993,0.08726305,0.28970817,0.30265757,1.3138742,0.50900924,0.74359703,0.19717708,0.76296395,0.76430666,0.83215874,0.5277515,0.3701822,0.0895173,0.12929222,1.6591519,0.33382624,0.2508001,0.9485102,0.9075453,0.050213717,0.047320116,0.2032181,2.5815644,2.0065067,0.22103278,0.5021513,1.5236216,0.8858344,1.444363,1.03938,1.5362381,0.14633188,0.19755104,2.7289286,0.07102303,0.45750493,0.17498006,1.5989445,0.122502424,0.43698913,0.45557112,4.2340627,2.689432,0.20201792,0.03631021,0.23971367,0.18142135,3.2885237,0.43154934,1.1439197,0.1636652,0.22599557,0.4524322,1.0553473,0.3382799,0.17387135,0.024346916,0.22595426,0.036301248,3.3495333,0.5181427,0.35517773,0.33643532,0.17256133,0.025634395,0.16475545,1.1683828,0.3729218,0.3381704,0.13392383,0.066295296,2.2379143,0.5442075,0.091273494,0.21533228,0.11964579,0.030047212,1.0499735,0.68348575,0.7532828,1.0292044,0.0053116265,0.47961655,0.47758102,0.082743466,0.050205633,1.5763875,2.4346368,0.63799256,0.03838493,0.16801697,0.9389702,0.79579294,0.5016886,0.23709084,1.4868907,0.37461215,0.2737085,0.52281517,1.3645529,0.13078524,1.4497992,0.12942699,0.49858996,1.2191851,0.029925987,0.16096875,0.047416843,0.05412242,0.74519,0.132769,0.0,0.6161274,1.7092638,0.34409246,1.3248466,0.00037266331,0.10801145,1.2124118,0.41835168,1.1288394,0.016397508,0.07149489,0.12864247,0.650242,0.41935882,0.23356402,0.9883032,0.060411286,2.3374817,0.7954265,1.1489176,0.0018209872,1.0993582,0.0,0.1029898,0.8458224,0.057787023,0.4741699,0.20095369,0.06388855,0.0724795,0.4992798,0.07607553,0.78063136,0.8590027,0.6166947,0.07791769,0.38249654,1.3747041,0.90930265,0.46870402,1.7739305,1.3126059,0.48929918,0.58523923,1.0474901,0.03389259,1.9972926,0.24133284,0.06467629,0.55068934,0.2889912,0.25094888,2.9601574,0.852337,0.9220053,0.39886656,0.40628424,0.8361123,1.6413391,0.021312129,0.059419572,0.08473744,0.28340605,0.5303881,0.210602,0.005607232,1.6618235,1.1691958,0.35201454,0.17653224,0.82354254,0.70850277,1.0788877,0.09815653,0.17308897,0.7415626,0.7330544,0.6947882,0.10574185,0.45623615,0.017596602,0.5401434,0.15983012,0.18429236,0.054563288,0.038275447,0.56974006,0.3926524,2.3879657,0.2420687,0.5232934,0.8526434,0.24703245,1.8973644,1.2548665,0.66560984,0.098737076,0.0,2.642988,0.055638064,0.27610666,0.32788548,0.6992375,0.19600564,0.01605561,1.488634,0.08301713,0.5130877,0.8666215,0.20369741,0.027852155,0.026544105,0.02910953,0.10299404,0.016564755,0.288919,0.03426659,0.8859788,3.06085,0.5082534,0.49567252,0.26324204,1.3589891,0.20815496,0.3709814,1.3616955,0.759315,0.20273809,0.9531225,all_pothole_images\pothole_images_enhanced_b4352ae8279dc66774f9bd833fa39774.jpg
0.3492647,2.5055697,1.891328,1.1709498,0.20012912,0.015778339,0.45296752,0.1113769,0.31992483,0.60454136,0.82780564,0.56524086,0.32975215,1.9891788,0.09694126,0.76261747,0.73484045,0.23808661,1.0337043,0.5636196,0.22989865,1.5561533,0.44028744,2.174382,1.5083253,0.8185132,0.53896964,2.0049014,0.22614677,0.10437222,0.94220287,0.44401568,0.11513892,0.41963553,0.8012426,1.2252795,1.3510693,2.1011124,0.44229144,0.63045275,0.15602534,0.024178024,0.37931144,2.0524576,0.3493241,1.0453209,0.085434385,0.18748511,1.0996703,0.866976,0.31153488,1.5720124,0.8706729,0.17134959,0.43935168,0.7272275,0.94011515,0.10484797,0.36069366,0.07789231,0.41521406,0.13669248,0.26882082,0.00050473737,0.41028818,1.781102,0.33380127,0.12174073,0.53385717,0.23956783,0.39154592,0.06584751,1.4543818,0.5519655,0.63383174,1.2627654,0.36712468,1.2812278,0.28295708,0.301248,0.76152706,0.07457173,0.0905682,0.7722865,0.5258805,0.30617207,0.15896168,0.54169524,3.8717961,0.112927474,0.4569026,0.110321045,0.19862789,0.16214244,0.53900397,0.2058739,1.0816448,2.5169506,0.4519486,0.013947952,0.038420342,1.043909,0.21198975,0.42107925,0.62671864,0.8472318,1.1382594,0.16967528,0.25726575,0.7536792,0.18260072,1.6279827,0.039676014,0.6196407,1.242172,0.036497932,1.2998577,0.46338606,1.1665338,0.7438929,2.6251714,0.0056011993,0.22501475,1.9368515,1.5787495,1.2912152,1.2314272,0.23347971,0.21527825,0.8826758,0.7252236,0.021016303,0.4751154,0.06849036,0.90703917,0.53033686,0.08755452,0.36064357,0.3687414,0.38139355,0.40799174,0.44445,0.38580227,0.22398137,0.5584331,0.3042941,0.026371347,0.33131057,0.272776,1.1545042,0.425863,0.8300907,0.23496039,0.13064942,1.4957947,0.10270847,0.08058253,0.09658187,0.0036753193,0.5943053,1.7880374,0.67747015,0.76070964,2.7597935,0.0032438163,0.4166703,0.4726232,0.056753095,0.54025227,2.8191314,0.5271709,0.12544288,0.482374,0.21922849,2.3798091,0.19667113,1.1093168,0.49641585,0.00039613817,0.9532436,0.0,2.0094273,2.1000335,1.4363747,1.1746434,2.0160103,0.19735548,0.021823352,0.86127687,1.4763247,0.6022208,0.9388388,0.45830682,1.1224413,0.04502602,0.79362035,0.5726095,0.7814777,0.09890487,1.2133446,0.00059913273,1.0379282,0.031168941,0.7219958,0.6791268,0.8165691,0.38365948,0.4033239,0.13859545,0.041349113,0.25929075,0.98084843,1.120329,1.098145,1.1329669,0.6943161,0.18841887,0.34598947,1.1279975,0.018442158,0.73465943,0.38989514,0.48074424,0.84931415,0.008124487,0.14198913,1.3617187,0.6630303,0.47477195,1.6777787,0.10453588,0.16995102,0.50704193,0.5736276,0.39397296,0.57915646,1.2473482,0.52764726,0.108568616,0.13303131,1.0447763,0.66208977,0.77185744,0.525753,0.025110472,0.45468342,0.82314664,0.02583051,0.28949195,2.0726318,0.38074479,0.1795274,0.09902872,0.35862917,0.94085324,0.016047988,0.6996807,0.09614984,0.6415493,0.68114066,0.22478841,0.05865755,1.1449468,0.1319532,0.74455297,0.76648074,0.9256056,0.43234488,1.3739477,0.2042955,0.12983598,0.0,0.29434678,1.6251633,0.21810749,3.0112214,0.9111838,0.5515384,0.29428583,0.8557335,0.024508167,0.2659266,1.3089858,0.33367792,0.99676013,0.7936223,1.2020795,0.7409889,0.7914887,0.07674546,0.4352225,0.31450155,0.046734348,0.31353268,1.036859,0.55393916,0.3900051,0.09211653,0.9535411,2.0281267,0.9315135,2.0441055,0.052833732,1.0295907,4.1508236,0.051275514,0.07458804,0.25161812,0.87748575,0.63450956,0.07120292,0.6954809,4.8661413,1.0368301,0.0032590395,0.8131859,0.41871825,0.26828545,1.7913533,0.18005405,0.59615016,0.26788506,0.3288908,0.14988494,0.6815502,1.6448001,0.76482934,0.09111019,0.6476729,0.670483,3.0548382,0.031485833,0.22812834,0.10697757,0.17218521,0.60194063,0.88011533,1.4034225,1.4075903,0.109606095,0.7291596,0.53557914,0.8568744,0.41450945,1.3981186,0.14968275,0.16287057,0.00024199272,0.023704411,1.0319473,0.2632509,0.6591597,0.13244997,0.6615243,0.07688144,0.011514436,0.2339179,0.676889,0.4462956,0.5278558,0.68441194,0.07669072,0.41816553,1.0143793,0.040927816,1.0469581,1.1626657,0.47384417,0.009231355,1.2351823,1.5004201,1.2254704,0.16548581,0.57248896,0.1561592,0.40014765,0.1386982,1.0470321,0.13051839,0.43312556,0.027501354,0.31322777,1.1013774,1.3785024,2.5902836,0.33842945,0.6943503,0.7650879,0.26537314,3.0867176,2.4544702,1.4406871,0.8872077,0.12770396,0.11238756,0.6897154,0.4629354,0.9694041,0.25906223,0.023025801,1.4832062,1.8296928,0.41646123,1.3852,0.1701827,0.10843796,0.5072029,1.2035971,0.7890835,0.5051552,0.4487164,0.33013424,0.8388871,0.7589758,0.0,0.049982265,0.15347022,0.090674974,0.23171708,0.20071457,1.3215454,0.377108,0.9934617,0.9671117,1.7827021,0.07821549,0.6395369,1.4303763,0.018030956,0.5807046,0.6499149,0.19207714,0.5089766,1.0688442,1.1411783,4.4508715,1.2319045,0.5956673,0.6537758,0.009766165,0.38416493,0.8756559,0.22048031,0.69455546,0.01844013,0.0,1.4134755,0.9448823,0.72106963,1.572738,3.8906853,0.5658269,1.8702017,0.6876267,0.40055847,1.1444368,1.0222276,0.4922085,0.1537449,0.76935834,1.6626154,0.026482908,0.52499896,0.37961903,0.39189354,1.1642497,0.638005,0.0,0.80914676,0.14934506,1.3127315,0.28132895,0.008371702,0.241361,0.21848853,0.61497086,0.39465797,0.8320611,1.6724759,0.048650935,0.9441919,2.1995015,0.48309585,0.5791088,0.075517476,0.6666229,0.56301075,0.49812102,0.17645629,0.16806383,0.714107,1.3474331,0.057031963,0.09544821,0.0,0.04018592,0.0,0.02216554,0.2775737,0.5224508,0.059945226,3.5280337,0.90998185,0.74308634,0.34847063,0.26976871,0.32153493,0.22450379,0.64076,0.19421345,0.021077396,0.31919128,all_pothole_images\pothole_images_enhanced_b4be9b591688bb5a8f0030b0fc9b281e.jpg
0.23697837,1.9982972,0.5227253,3.0461297,1.5444015,0.48687938,1.0281386,0.050647553,0.23558664,1.1602151,0.54376704,0.15233223,0.04516785,6.239034,0.23014839,2.1948032,0.2770012,0.6632068,1.7033956,0.81565475,2.245353,2.1480143,0.8853381,0.3880685,1.8983396,1.7925961,1.2376139,3.0735528,0.63633156,0.66469365,0.7257502,0.68705237,0.39326376,0.486416,0.058510847,0.78946203,0.099909574,0.88482976,0.15303187,0.43838835,0.58403605,0.5206246,1.3566302,3.5389252,0.30999097,0.13382074,0.037940633,0.16692175,0.3547019,0.2850028,0.5849224,0.5626812,0.34735423,0.8429185,0.17841066,0.7317388,1.8568065,0.06285783,0.9114812,0.23053157,0.94553715,1.1735195,0.9755214,0.1915605,0.8347736,0.63345295,0.34921432,0.054145783,0.21445014,0.03352045,1.0673324,0.44919398,0.0023520587,0.2826112,0.318954,0.537802,0.8523423,1.5832989,0.51578844,0.32368127,0.40053537,0.1201658,0.59443593,0.7231848,0.035544373,1.6830715,0.88590425,0.018715994,3.7505486,0.7082881,0.37512583,0.3388354,0.19061579,0.42620447,1.0519398,0.06432682,0.4062123,0.9569049,0.63930106,1.9265485,0.041496623,2.6559641,0.43059322,0.051201876,0.80021155,0.2673764,0.25747478,0.12363811,0.15456636,0.6173635,0.21934032,2.321319,0.1969126,0.13526176,0.71143794,0.48344934,0.8815799,0.11400018,2.4347103,0.36776343,0.7402787,0.45407438,0.48640215,1.0884283,1.4011638,0.36389276,0.4800914,0.3490085,0.07050857,0.3954188,0.49035862,0.05702421,0.7590084,0.85371935,0.39580882,0.30539873,0.6227119,0.5906179,1.7895575,0.28713518,0.32696012,0.064260356,0.21747892,1.1195484,0.025079472,0.7077146,0.28012416,0.015210102,0.46843186,1.6414084,0.9221619,0.49365428,0.29751205,0.41468927,1.2684181,0.66179067,0.32464898,0.121401414,0.78982604,0.30617023,0.7843433,3.2677908,0.73445463,3.1229534,0.33938053,1.3890346,2.6575828,0.46195936,3.576034,1.2773412,0.58924395,0.3433482,0.47626337,1.1051831,0.9375344,0.1579175,0.98089147,0.3066641,0.27828962,0.49391663,0.0855899,2.1410444,2.1065881,0.33496043,0.5904788,0.25677148,0.94083637,1.8573029,0.40003592,1.3769103,1.0530013,0.8579723,0.030228302,0.31812534,0.8696709,0.25278616,1.8446671,0.8159108,0.39029098,0.114896335,0.35703865,0.3424955,1.3565216,0.28542608,0.35170624,0.6354145,0.36490178,0.32817394,0.09484343,0.48110735,0.10330412,0.050015885,2.105157,1.6781497,0.9516038,0.7264667,0.8497396,0.0,1.1590794,0.435286,1.5630958,0.052955188,0.27884787,1.3030393,0.44467175,0.5315304,0.50301397,0.46669278,0.14921099,0.1935951,0.29148394,0.50906205,0.3491944,0.43683195,0.28271094,0.823208,1.9582461,0.22951123,0.050024,1.0317887,0.34028727,1.1509665,0.6745707,0.5265747,0.5753803,0.046198234,1.0637221,0.1746148,0.6082013,4.163082,2.6868067,0.8706333,0.16661234,0.5778631,0.77367127,1.1073682,0.3733125,0.7847324,1.9610107,2.352472,0.47147816,1.1403083,0.1078163,0.83880043,0.10103066,0.35111433,0.5680703,1.0956186,2.208538,0.5388898,0.29826093,0.024277816,0.96025836,0.03323488,0.62153345,1.0711218,0.08068598,0.5434628,1.8017176,0.24608138,0.70378876,0.62269884,0.19997509,1.4762431,1.1201597,0.38305515,0.9507716,1.0219738,0.79108936,0.095967606,0.08131673,1.5598923,0.2223228,0.4864005,0.6728648,0.26544988,1.2821991,1.1821573,0.96548045,1.3605827,0.76247317,1.3508066,0.16350798,0.67439836,4.4415483,0.2095721,1.2805228,0.25896728,0.76080257,0.7881996,0.82366335,1.1933584,2.4377303,0.85463357,0.14080335,1.0570645,0.7313078,0.8509968,2.5235443,0.42530155,0.008834459,0.95284206,0.17901054,1.4321107,0.8650653,1.2615778,0.46037698,0.7406071,0.40644702,1.44326,0.30390897,0.4398274,0.0782949,0.7134028,0.3773159,0.6414693,2.0573483,2.8538811,0.16414607,0.9673315,0.72668004,1.0014195,0.99422455,1.0291277,1.1017677,0.042223364,0.029896192,0.14652774,1.1288276,0.7089561,1.5574125,0.45267493,0.97018915,0.7959455,0.74083,0.028445523,0.5264682,0.5910937,0.467887,1.030607,0.09938149,0.03308865,0.49811575,1.6467509,0.55589926,0.15848827,1.0618918,1.5383506,0.02306923,0.85349554,1.1206893,0.18125868,0.47250658,0.22201785,0.20600255,0.5442072,0.025169248,0.1781166,0.06447106,0.07673638,0.8694861,0.40098476,0.60554874,0.64031184,1.2848958,0.9458785,2.7438276,0.11187405,0.3665674,2.6858432,0.7755038,0.41692537,0.13577738,0.58970934,0.45897716,0.029542446,0.14501466,0.06314535,0.74926186,0.0157539,0.77547544,0.24396694,0.17014398,1.4879013,0.3588514,0.64251465,0.9853334,0.80817115,0.08069471,0.40877852,0.2726401,0.76968104,1.1294279,0.6715508,0.014780171,0.13084128,0.49591187,0.9170873,0.08829716,0.53617483,1.9019719,0.27100408,0.8888652,2.175091,2.2891815,0.20582595,0.47262922,1.8038263,0.3005544,1.3953326,1.0979644,0.52716327,0.24262173,0.14510779,0.517162,2.7319713,0.6135784,0.32980123,0.37196824,0.15684094,0.9774349,0.3334271,0.341171,0.14958096,0.65892893,0.6099637,2.3358777,1.5939591,0.44921094,0.45682308,1.6616911,0.5998486,0.39186794,0.150597,0.8502844,0.5667776,1.8828803,0.6912795,1.4797186,0.51730573,0.21053687,0.35957032,0.9619386,0.05172598,0.43383765,1.5661851,1.3220811,0.08085327,0.5366792,0.33155045,0.5028163,1.6042587,0.9401511,0.029404586,1.1834705,0.100513056,0.26074505,0.99034864,1.0705876,0.110389814,0.92463505,1.6734476,0.98434705,0.22694062,0.11826037,0.74735093,1.153685,0.33948904,0.6691918,0.14884384,0.5559719,2.6712584,0.07196555,0.60179317,0.003564475,0.1095981,0.15082489,0.33095682,0.083072074,0.1545625,1.0987729,1.3990974,0.2439084,1.3067546,0.9955855,0.1524012,0.355742,0.19924027,0.06880676,0.7111122,0.18475322,0.51365507,all_pothole_images\pothole_images_enhanced_b4c59f5baa7a952b8d2ec7c362a4e8c4.jpg
1.6932248,1.3488957,0.67805153,1.5948253,0.25984028,0.8996806,1.5699757,0.55308616,0.8333863,0.8488564,0.6858416,1.2922229,0.16383967,1.6876175,0.7824189,0.9001595,0.048771303,0.49881592,0.7065304,0.9282329,2.0635018,1.7153835,0.4724552,0.43258852,3.3319743,0.7511939,0.571325,3.6902645,0.33398947,0.4295642,0.12955166,0.34384823,1.4798288,0.95619416,0.15008007,0.3223919,0.079551674,1.4257793,0.37065154,1.5576319,0.19285268,0.52795416,0.19575928,0.32255697,0.8438182,2.5288966,0.037767112,0.21600479,1.3728418,1.6930188,0.5009803,0.36901626,0.14270402,0.9936758,0.49872756,1.4080119,1.028421,0.35167745,0.8612516,0.027515464,0.2180716,0.14783452,0.86049664,0.5361871,0.32273653,1.8746508,0.4849503,0.14201666,0.029629592,0.18034339,0.2705061,1.1278312,0.2843984,1.1236957,0.79565275,0.74383414,0.32285908,1.9116534,0.0,0.5070471,0.48787913,0.081845574,0.67553884,0.6031424,0.58929646,0.6881623,0.3750299,0.80187076,2.74321,0.12522717,0.335509,0.06508101,0.321548,0.39813745,0.39938435,0.0,1.1071995,0.8186797,0.37950528,1.8857633,0.050988372,2.4112737,0.7765405,0.49033052,0.37622312,0.983533,0.67692274,1.3513997,0.41567713,0.47041237,0.31954688,3.2246585,1.7339679,0.06735678,0.68459177,0.32029343,0.7159874,0.048586525,0.8159508,1.0823041,2.6782765,0.011079862,0.06492596,1.4334223,1.8576626,1.1413459,4.6062784,0.12177608,0.42549047,0.21641703,0.07231002,0.044531025,0.025862304,0.42506292,1.0428544,2.0709596,1.0591964,0.70335555,1.1984733,0.14506716,0.31704208,0.6496018,0.013645245,0.007001695,1.6708523,1.4715985,0.14802282,0.6903193,1.3701375,0.24935627,1.0734062,0.97932494,0.106789045,0.43472993,1.6958029,0.48479244,1.0764529,0.040603463,0.6442602,2.0186715,1.4039191,0.70502,0.13348842,1.5680325,0.03414183,2.5226429,0.47371462,0.11140535,1.944388,0.7527748,0.078791186,0.08408407,0.24461964,0.3687803,0.30106404,0.8947014,0.7265687,0.064985864,0.33548772,0.45114088,0.20154734,1.7782409,1.9157549,0.9719854,1.3707083,0.009294901,0.25057483,1.2640101,1.1870856,0.34787965,0.5258583,0.624288,0.0012550359,1.6516359,0.1211758,0.14597183,1.1435483,0.6538177,0.9774486,0.3804661,0.42658144,1.275814,0.14260317,1.5207675,0.3618283,0.4092327,0.4228911,0.9737316,0.8008395,0.20684071,0.1943094,0.20037822,0.8890429,0.38305283,0.67939204,2.4739146,0.7471696,0.08157949,0.20393728,1.1912334,2.036865,0.2269298,1.3095888,0.80272174,0.101332486,1.308312,2.9560578,0.029720811,0.014633719,2.0189574,0.40347382,1.2329704,0.2736315,0.35410678,0.9666388,0.5100172,1.8619708,0.14449501,0.21123037,0.1945227,0.46957347,0.3698702,0.38386238,0.0061334223,0.06548053,0.0,1.0205196,0.11403448,1.1259804,2.0834396,2.1800642,0.54257923,1.6169994,0.40051848,0.52709454,0.50436354,1.2452562,1.0342244,0.28119352,2.7583156,0.08740782,0.39163557,0.38488272,0.3233241,0.7008503,1.4101913,0.19852652,1.1179272,2.2213714,0.45496127,0.43770346,0.08274448,0.3848515,0.43457875,0.8731149,0.4458453,0.13690802,0.90484464,0.4625223,0.6027676,0.050659385,0.7875924,0.54086196,0.90578794,0.37961876,0.59430325,1.5993857,0.2855296,0.83955234,0.36931458,0.5357577,0.3572284,0.20695016,0.7378244,0.13554125,1.0153203,0.06321058,0.95631534,0.527143,1.6280813,0.79560393,0.8557384,0.73179936,0.36525398,3.1273549,0.8753466,0.014450393,0.21637091,0.35890824,1.421306,0.21523395,1.0811768,2.1669016,2.688378,0.548605,1.3887042,0.3638579,1.6321396,2.385087,0.26878846,0.11405176,0.10129769,0.4993303,0.23405616,1.7381964,0.9230698,0.05461385,0.09669285,0.7296052,0.41495287,2.0399902,0.5713431,0.1751585,0.16324832,0.15958083,0.4619825,2.265871,1.5824648,0.17544582,2.3663232,0.4825578,0.33670264,3.402358,0.70835733,1.0943178,0.25344884,1.2328221,0.517309,0.35244644,0.41116703,0.8640722,0.7353717,0.94999266,0.7057263,0.65459627,0.019655306,0.14929533,0.7700229,0.27221608,0.6119767,0.48833176,0.09218735,0.6668146,0.90520895,0.24650891,0.36402327,0.75508666,1.1534103,0.17588831,0.5375639,0.59917843,0.77771884,0.6121051,0.7469681,0.7579898,0.6856347,0.024251686,0.6613808,0.37567297,0.12290166,0.71103424,0.023662632,1.132594,0.8712382,2.8975997,1.031288,1.6937044,0.0,0.21420018,1.4001073,1.2536954,0.4075658,0.19863898,0.5029163,0.054002512,0.41530126,0.9227593,0.36659735,0.8826869,1.1198361,0.94560534,1.9192495,0.49315643,1.3436799,0.054444935,1.3084455,0.7400842,0.35613748,0.9278826,1.6178349,0.20443873,0.18909928,0.067133196,3.2688737,0.04781449,0.45687848,1.570449,1.1630718,3.2887592,0.38845536,2.3037572,0.7506372,0.27737534,1.0679032,3.3159342,0.12368549,0.3443154,0.961212,0.6866052,0.09635903,1.0643377,0.23554328,0.3430785,0.5432958,1.6069204,2.5539622,0.77992564,0.71877754,0.38049704,2.005391,1.0825762,0.77422214,0.013829828,0.12977962,0.5333626,0.0047599706,0.70600903,1.2198561,0.028441273,0.84182537,0.41401213,0.38447648,1.5955975,0.25637943,2.0342796,0.92845726,0.8279704,0.3875856,0.481544,1.4243485,1.0072857,0.68462354,0.9733383,1.1469322,0.30156204,1.0693,0.17989345,0.1002624,0.22878522,1.3445805,0.84379584,0.82198155,0.32802317,0.114894375,1.7417246,0.52200025,0.780478,1.7801983,0.6408107,0.21193965,1.3847367,2.1726809,0.35301977,1.0322412,0.6314933,0.09544924,1.2534008,0.56835014,0.56561744,0.029894434,0.13525836,1.5592668,0.49987978,0.8948236,0.3793036,0.17465232,0.15078944,0.04953423,0.48767152,0.3306824,0.3478207,3.402031,1.2696052,1.3890116,0.90050656,1.030711,0.6411861,0.282759,0.116030514,0.38357204,0.3156606,0.47107953,all_pothole_images\pothole_images_enhanced_b4ea091c3879429466a2eef017ed5527.jpg
2.0900345,1.7504306,0.7579483,1.5971384,0.7105802,1.1380463,0.40439713,0.0,0.21609333,0.65179974,0.089594334,0.17519958,0.8309237,0.22905765,0.25809574,0.54783666,0.4571542,0.0,0.48813096,0.21135502,0.23812944,2.3180397,1.5539398,2.235475,0.500573,0.42844155,0.1778749,1.5134834,0.05197323,0.2705915,0.71332914,0.33584496,1.0091896,0.5172672,0.4680298,1.1240132,1.072958,1.3738277,0.81727225,0.57569796,0.021612614,0.1792396,0.34544274,0.85359734,1.3130946,0.21693264,0.25642714,0.019514607,0.56507593,2.3378794,0.3396191,0.0057599787,0.18465576,0.12635104,0.04390416,0.7613195,1.9565192,0.0,0.5524033,0.18035527,0.19682612,0.10880634,0.16086367,0.70565194,0.60159236,0.41372377,0.3475767,0.046056543,0.5934306,0.9290812,0.1588385,0.31381714,0.78747964,0.091115996,0.860815,1.7672675,0.056491982,0.14619115,0.1636359,0.5933771,0.17366958,0.26065692,0.06509959,1.0939908,1.5546671,1.2722776,0.0,0.3868359,3.7968965,0.87830734,0.38719177,0.10680227,0.33386868,0.0545554,0.55213726,0.01359801,1.175115,0.48749408,0.2469941,0.43264922,0.004502066,1.7021786,0.49725977,0.043816622,0.39288092,0.013197256,0.14332516,0.61563444,0.2475141,0.730407,0.07848657,2.7152233,1.0729898,0.7051407,0.20980546,0.8161789,2.617456,0.5488183,2.3449838,2.1130254,1.6559408,0.4326463,1.1633677,0.4287764,0.032452025,1.3300358,0.42551002,1.8843985,0.031092802,0.22411457,0.50753736,0.102950454,0.3388424,0.0,0.002817651,1.3801084,0.22771098,0.8234858,0.0047594197,0.13714783,0.9763823,0.5652987,0.041906677,0.9641345,0.08840804,1.7757431,0.030911122,0.1746316,0.3015287,0.74142057,0.8558961,1.1550478,0.02155227,0.013617227,2.193578,0.95937127,0.9836605,0.42410654,2.0359368,0.30645433,0.85751224,0.38928393,0.05296976,1.5951965,0.0001334046,0.6079306,0.60656005,0.0,0.9631821,0.39193195,0.038887754,0.0,0.0,0.05715887,1.7257223,0.014892977,0.5406888,0.013534446,0.0,0.126883,0.25546047,1.2133157,1.4001403,2.282754,2.602894,0.7239967,0.0,0.6008955,0.7365383,2.028635,0.056946296,0.7438928,0.05871615,0.982546,0.23484904,0.34586167,0.1964255,0.994368,0.24247065,1.1578985,0.11163063,1.145894,0.3253086,0.8559532,2.0905502,1.0748318,0.4271711,1.0033286,1.504288,0.6465198,0.04689695,0.72048396,0.51028556,0.57060647,0.4113538,1.1441563,0.7889951,0.036009025,0.959465,0.1736451,0.28447753,1.0191195,0.3106153,1.237607,0.007973552,0.4057458,2.429712,0.20944884,1.2777867,0.18143503,0.24981922,0.6014051,0.48836306,0.1950886,0.68697405,0.15133789,2.1974406,0.11767452,0.0,0.004770967,0.9600816,0.2777545,0.3298196,0.06974914,0.0006036952,0.0,0.9082096,0.4172497,0.4353655,3.4651818,0.13822924,0.27351615,0.29216146,0.5770687,0.19312763,0.0,1.4678569,0.0,0.3219142,2.3918612,0.0037619176,0.15134284,0.9406732,0.19919859,0.24734844,0.39984655,0.1408466,0.09631116,0.37389514,0.19740531,0.37098223,0.0,0.06297295,1.0291264,0.9606443,1.9062674,0.19172664,0.104955964,0.22890492,1.492773,0.07525766,0.19567072,0.36417574,0.43166453,0.94275314,0.1435261,0.024338337,0.14133604,0.28026134,0.584538,0.67461956,0.10260036,0.2210799,1.6024429,0.089767665,0.05221757,0.5188367,0.8829175,0.7791505,0.45959768,0.42485765,0.58335453,0.0,1.2233765,6.0432277,0.9510409,0.028118499,0.9067211,0.29908338,0.003497122,0.19306077,1.5396309,7.122689,1.5159062,0.10743248,0.26952037,0.009214679,0.7127444,1.5391942,0.19541657,1.2626748,0.04532772,0.052321147,0.071517095,0.10268203,1.1923666,1.0765154,0.36026207,0.6644081,0.00848048,4.712965,0.40607953,0.0,0.031997822,0.06536905,0.28222555,0.46099666,0.07248104,0.08300695,0.04487351,1.5152996,1.0085974,1.4480225,0.016825892,0.4328055,0.2822191,0.07748871,0.101648234,0.008322721,0.9301099,0.10075119,1.5750005,0.06389397,0.111951485,0.34798634,0.027734036,0.68910587,1.9456377,0.43516946,0.9212826,0.028866094,0.3364492,0.5080497,0.18669213,0.024863603,0.97845167,0.27190414,0.35485896,0.6501255,0.1498306,0.81786764,0.19839936,0.9250192,0.018140342,1.7064962,1.3339251,0.2419253,0.6210085,0.012724034,0.32993162,0.2367096,0.08681013,1.5294192,1.3424714,4.814706,0.33430716,3.2857945,0.135745,0.5142435,2.7262678,1.0551648,2.36402,0.3705347,0.35631943,0.0,0.15001944,0.5647239,0.7728326,0.17024001,0.11663046,3.133001,0.59496135,0.5634538,0.21371461,0.606764,0.010379057,0.6353389,0.06957454,0.0,0.64687806,0.8779895,0.06356039,0.83572805,0.43465602,0.14882363,0.2642505,0.95893735,0.27795422,0.5838277,0.28491485,1.1510508,1.3250762,0.7834992,0.772147,1.740413,0.32662046,0.87261075,1.3237834,0.439055,1.5516604,0.5034777,0.41933542,0.69982314,1.5396881,0.1152753,3.7608764,1.0875837,0.3697469,0.016707812,0.8272087,0.38982964,0.11610296,0.18603465,0.68819654,0.012793494,0.0,0.9258795,0.48282415,0.64142746,0.36854088,1.3378832,0.74033844,0.8558681,1.1635783,0.8112267,1.219946,2.2466547,0.7839079,1.0774711,1.7498925,1.2324944,0.3920028,1.5646424,0.20892578,0.564824,0.8826389,0.11822596,0.15567514,0.76598686,0.6869968,0.93633676,0.11172454,0.06592476,0.4051136,1.826851,0.2423914,0.016278818,1.6150901,0.5174638,0.19325198,0.28249106,5.050215,1.618557,0.14474034,0.013636438,0.11529391,0.68189424,0.70143914,0.51942414,0.05453557,0.42535132,0.23927341,0.10231414,0.046860393,0.49460605,0.029351575,0.10473946,0.043133702,0.31431997,0.011829616,0.37426507,6.9100523,0.43682495,0.031762116,1.11641,0.4187084,0.0,1.273441,0.3150264,1.6231703,0.29562733,0.6924441,all_pothole_images\pothole_images_enhanced_b55dc6acbfd4b6cb39539b29d2228aa9.jpg
0.012957495,0.84395707,0.37407014,2.04264,0.6764506,0.010448169,0.4574373,0.37193725,0.022166958,0.30657142,0.17361216,0.41191763,0.24001615,0.48681402,0.0067760632,0.37338427,0.00855502,1.0152873,0.84211785,0.10936171,0.010216348,1.5247976,0.24275048,0.5844838,0.95300394,0.69328153,0.5701924,0.76979536,0.0136139775,0.5491846,0.37542093,0.13321173,0.97592366,0.2104411,0.47985795,1.0883898,0.2110752,1.5144401,0.13563721,0.49086878,0.031236375,0.19750068,0.19086604,0.9732966,0.5775366,0.6679479,0.6554916,0.007225239,0.30534795,0.39374357,0.30395788,0.37266424,0.09540758,0.0,0.019039234,1.2207577,0.6603893,0.5598127,0.37126547,0.0009353875,0.26506656,0.2555805,0.7285787,0.10715001,1.1334653,2.468901,0.01503893,0.028309783,0.15189084,0.07293531,0.27663004,0.3496609,0.325398,0.0566154,0.19668289,0.4075937,0.3389956,0.3410903,0.0,0.010844147,0.2587829,0.10174837,0.45648846,0.58358383,0.9975594,0.67226917,0.034271453,0.03468295,1.6370633,0.029611327,0.019719219,0.048222642,0.0060863453,0.1653427,0.04837739,0.038412333,1.136268,0.38693774,0.22696891,0.0,0.4968898,1.3405868,1.4838392,0.0,0.35578984,0.60014594,0.5781799,0.44339603,0.0,0.03257736,0.00061578664,1.077951,0.5749318,0.086013064,0.8291797,0.24163555,1.8519633,0.0013408435,0.7932193,0.26401246,0.9494769,0.029688718,0.31152782,0.26313818,0.30938202,0.62439847,0.21765912,0.46234083,1.149553,0.0021961138,1.0031629,0.08297671,0.028245753,0.16505864,0.04426546,1.4215237,0.07998357,0.79568166,0.7998525,0.010371678,0.8268586,0.10444431,0.573614,1.3822653,0.37038928,0.27166042,0.061730042,0.4200311,0.6331961,0.12501463,0.29582956,0.30814204,0.014939137,0.0,1.1613665,0.12171671,0.18795428,0.019977786,0.5125643,0.5468698,1.4316275,1.5429974,0.1039477,2.4905088,0.9418685,0.00020094666,1.3841205,0.955234,1.0684985,1.0217189,0.0,0.0,0.10881332,0.0137722865,0.34172684,0.08786178,0.57012004,0.20050947,1.0710942,0.37707767,0.043541122,2.2415428,2.3147614,0.2084448,3.461805,0.9088791,0.40726602,0.21550637,0.010913285,1.0567741,0.5649387,0.04943171,0.015478172,2.208727,0.07439091,0.31119084,0.23616569,0.7339896,0.25626743,0.18735753,0.32313845,0.023867315,0.98540765,1.2514716,0.707666,0.3310729,0.48416927,0.39495575,1.3526667,0.9294801,0.0062321336,0.14271128,0.50137466,0.62045234,0.89365053,0.8318528,0.20536804,0.16286764,0.12098529,0.63456786,0.35100257,1.1166365,0.07831128,0.2046549,0.0,0.48417518,0.585401,1.1586761,0.4980936,0.51256394,0.07219433,0.11956543,0.45586005,0.059797127,0.5276357,0.02572028,1.1482742,0.01040932,0.059335988,0.42658135,0.39913592,0.045813404,0.27075264,0.14634158,0.4726645,0.08370965,0.7287775,0.18807459,0.26059774,4.513979,2.1151109,0.13209498,0.5436106,0.09031852,0.008900855,0.58984417,0.98859406,0.15293214,0.027866038,2.3975456,0.34630764,0.11274032,0.11716385,0.6875687,0.27729467,0.6428464,0.9182874,0.51683336,0.7743887,0.4758044,0.24797295,0.068326816,0.1747476,0.2595309,0.39267197,0.86960053,0.45091113,0.54901105,0.22828114,1.6995908,0.77353156,0.2973384,0.4284527,0.057585146,0.23436919,0.3691219,0.46797884,0.15553206,1.0501608,0.13805357,0.06916561,0.0,0.13349245,0.43686095,0.073503874,0.042833347,0.3531019,1.9567599,0.20144585,0.9181686,0.15543637,0.8320615,0.16876552,0.08899181,5.1701756,0.2631265,0.0,0.46723193,0.06982173,0.28528574,0.8661451,0.66434175,2.8586547,1.5480051,0.24682522,0.6430157,0.06563936,0.15117298,2.8070042,0.0,0.25383726,0.007995901,0.12716804,0.11026154,1.3334327,0.1658346,0.3879251,0.0021892402,0.20128354,0.0060992637,4.622096,0.29157478,0.05363905,0.02762947,0.27969325,0.095366925,1.1323954,0.024961455,0.2506957,0.0005447355,0.34393516,0.83869946,0.99424446,0.29620814,0.40926123,0.69785446,0.005635143,0.19917445,0.55089676,0.6603467,1.5157111,0.03484558,0.25720066,0.22253782,0.03238994,0.16611978,0.31411272,1.4495015,0.49347043,0.3333676,0.40389904,0.43596587,0.23805048,0.08386915,0.0,0.0,2.0345657,0.22329953,0.0489663,0.06161031,1.7878178,0.013233252,0.30699098,0.09766304,0.344705,0.10684234,0.12679015,0.7276635,0.51796174,0.30239803,0.57895243,0.02772686,0.082615785,1.0515723,2.9596105,1.6222175,1.7261928,0.14414157,0.0,0.47735578,0.4391991,0.33311322,0.12347813,0.21836007,0.28923792,0.05989061,1.2799547,0.21899118,0.14935327,0.2905267,2.8766642,0.95891273,0.0,0.57063884,0.7128177,0.0,0.18512768,1.309597,0.11744255,0.1067016,0.7962914,0.5629581,0.05334494,0.6246678,0.0023624944,0.4266837,0.54684585,0.20130394,0.38582563,0.013626258,2.309252,0.15483706,1.8624474,1.5213226,2.4623466,0.2925859,0.2491087,1.1143948,0.28154528,0.0171476,0.14275086,1.1214336,0.10789723,0.48821405,0.2566448,1.8419049,0.29563227,0.42469156,0.362654,0.6558204,0.79502416,0.1561677,0.47445178,0.22323355,0.3734682,0.2529176,0.7729645,0.02198746,0.10173373,0.7859835,1.5470029,0.14168952,0.04604374,0.72740436,1.0687698,0.8799001,0.31539237,0.23032208,0.35788274,1.046179,1.5114924,0.6731846,0.81953055,0.040842112,0.33862233,0.082223125,0.032020703,0.0,0.67657024,0.5901286,0.343757,1.1588057,0.36206543,0.55770147,0.25932482,0.23809682,0.40620503,1.6396306,0.112479515,0.10372584,0.127746,2.3737657,0.56735,0.61148334,0.07455169,0.15757576,0.98964363,0.65471774,0.6524345,0.047657117,0.016013002,0.66647136,1.1993873,0.08021705,0.2989997,0.011680696,0.002826985,0.06238304,0.25363714,0.008786426,1.4206418,3.4923482,0.72566766,0.2557704,0.014707239,0.8163878,0.07261782,0.3235012,0.4626548,0.33147714,0.11483996,0.5647486,all_pothole_images\pothole_images_enhanced_b576537440f5892ab3ae127340e2cc25.jpg
0.29133314,1.7127185,0.2960167,1.2570851,0.8809161,0.0766428,0.83634245,0.76253444,0.09534352,0.5196467,0.047207788,0.7464179,0.25391603,0.3898555,0.0,1.2463974,0.18918166,0.024105826,0.6528241,0.31369364,0.08357413,2.1844127,1.2958559,1.3720192,0.5417786,0.37741122,0.011075589,1.7331668,0.0,1.3821895,0.35303107,0.25978905,1.2511457,0.608429,0.15093355,0.75952834,0.5127638,0.045851056,0.2275361,1.5512934,0.014494595,0.191833,0.0,0.003663691,1.4431326,0.17946258,0.07183907,0.0,0.88979197,0.9209323,0.5474711,0.22520404,0.3894718,0.00024050893,0.0039254813,0.32914555,0.60751176,0.017672358,1.0621519,0.5886574,0.026757987,0.012944555,1.4354916,0.17307033,0.4909202,2.4728312,0.46033025,0.09007535,0.699249,0.8770167,0.028972145,0.5092399,0.005086562,0.0,0.81286466,0.8995636,0.07793073,0.09222012,0.047498863,0.67053294,0.09199633,0.7159996,0.0075274277,2.1700506,0.4898367,0.9871024,0.084151246,0.087213136,2.1356094,0.6457072,0.151655,1.7572843,0.08207066,0.75292194,0.36564806,0.04408021,0.16454881,0.67905897,0.0,0.31337133,0.3354818,0.46908373,0.24837491,0.16608892,0.83059436,0.2850131,0.25883842,0.08469041,0.3541742,0.41154844,0.05231069,2.4788373,0.8358607,0.033373542,0.44235867,0.23082975,1.6593843,0.26295435,0.4904366,0.7253769,1.428563,0.26991975,1.2267829,1.1762884,1.2447648,2.0464306,0.015717942,0.41334614,0.5341374,0.15250911,0.582209,0.021335049,0.29233718,0.055110257,0.20728035,0.87564474,0.39819932,0.36448663,0.44367996,0.31116876,0.9391712,0.69577557,0.0,1.0960368,0.52539635,0.76391053,0.35692108,0.48008403,1.1784945,1.176446,0.8417184,0.54033303,0.08198714,0.026521217,1.5587419,0.22735989,0.359776,0.8731476,0.5210918,0.042872228,1.1476926,0.10648934,0.25292,4.047599,0.24743846,0.086127184,0.6403019,0.30860227,1.5612239,0.401974,0.58991617,0.018758554,0.0056424793,0.39001644,0.94765955,0.23220661,0.6600536,0.0794112,0.030638324,0.23265108,0.22562781,2.6918178,2.6528363,0.6380768,2.3675933,0.22703993,0.032195393,0.005405311,0.12366792,0.87328446,1.7621553,2.4460258,0.06390683,2.644807,0.053202312,0.021596648,0.16771857,2.215854,0.006941031,1.3637441,0.58054245,0.6264771,0.7129365,0.7504095,3.4887402,1.5104966,0.46219677,0.095946126,1.4616776,0.41000512,0.0031218394,0.30210713,1.0306166,0.7410515,0.3943781,0.31497857,1.3921888,0.055929538,0.43623284,0.32626832,0.17384568,1.263036,0.065042146,1.3671778,0.0,0.3334849,0.59866464,0.049418066,1.6577703,0.0044710226,0.06627188,0.4575648,0.4836524,0.6318982,1.3497292,0.12164979,0.3993106,0.058127314,0.07513548,0.4772424,0.19864522,0.20222425,0.3469088,0.060099464,0.026249984,0.0,1.5749184,0.29539934,2.0633597,3.7121456,0.091378786,0.036366556,1.1087717,0.026647337,0.22690418,0.015317397,2.117284,0.029641394,0.1353693,1.7842153,0.22009291,0.0743669,0.1486217,0.11184182,0.34908068,0.87475765,0.06266553,0.42844987,2.013335,0.1714283,0.41157448,0.0035508776,0.41916034,1.2286725,0.49032152,0.8839239,0.11971444,1.0164865,0.07893765,1.0776896,0.19658192,0.3907455,0.44008753,0.2257965,1.3578995,0.50936294,0.0068167136,0.15442294,0.68842065,0.07795397,0.71840245,0.28140086,0.1218019,1.0713246,0.5757781,0.06344003,0.7508151,1.5052665,0.47628355,0.44315377,0.29750592,0.37223682,0.05845132,0.41534454,3.5840223,0.04569359,0.025225338,0.62493783,0.061494038,0.2389847,0.66124856,0.37818864,5.1154284,1.3195196,0.04565219,0.39401683,0.041553963,0.77679116,1.2172853,0.88412225,1.1372746,0.2070406,0.0008659508,0.72280616,1.2523563,1.653496,0.5320916,0.33106905,0.57776934,0.43911114,4.9105268,0.29651827,0.2481726,0.0,0.1350241,0.3132524,0.0063481494,0.09505663,0.20741832,0.07126186,0.24747963,1.0994886,0.22683735,0.3441235,0.28247026,0.15185218,0.0,0.18449129,0.0976926,0.79049945,0.19754612,0.63845974,0.18173315,0.46719742,0.48466086,0.14832518,0.11073013,0.8275198,0.55723554,0.52513987,0.8491822,0.027903806,0.4251415,0.3559232,0.0060748793,0.76411134,1.2207372,1.1931345,0.27056313,1.2748082,1.1921647,0.21385095,0.66438836,0.24778509,1.4383929,0.9925425,0.017747918,0.4443383,0.23556852,0.4955325,0.28957948,0.26756835,0.5582428,1.129976,4.2520676,1.683665,1.3992972,0.06170803,0.40263256,1.8205979,0.279734,2.6736808,1.7202616,0.07649302,0.04145773,0.8383822,0.29636508,2.3068783,0.6144688,0.21683471,3.5300653,1.4850293,0.0072374707,0.37059394,0.17254494,0.00034275607,0.42044392,0.16930658,0.07863115,0.1223309,0.085862964,0.40191182,1.0166765,0.07237304,0.010803682,0.07808314,1.0829389,0.017146695,0.19126506,0.019863024,0.1813813,0.43414283,2.3098674,2.2311993,0.7577933,0.6528455,0.7641005,0.45287558,0.39604834,0.27290636,0.4235905,1.3877726,0.0476818,0.7234447,0.0035144987,3.4568338,0.48013473,1.0532169,1.2484372,0.7802217,0.15270387,0.9037267,0.80358124,0.27725768,0.092763186,0.05696211,0.73938656,0.4969352,0.054688405,1.2672075,0.49604943,0.2792172,0.96633476,0.90612394,1.3901938,0.6434138,0.7363798,0.1470877,0.23393844,0.8791606,0.5506178,0.3876089,0.17055845,0.0,0.81832176,0.43578312,0.045640133,0.047103208,0.38782987,1.4342912,1.1959589,1.3044568,0.12675442,0.2637414,0.35832822,0.33567,0.68761045,0.85113657,0.7583347,0.08140155,0.5766915,1.8567766,0.28177667,0.7227804,0.06369564,0.3401127,1.027256,0.17043541,0.6494986,0.019129429,0.5440028,0.5622062,0.0005985808,0.0,0.31759748,0.0010280522,0.7728427,0.038746554,0.0581989,0.1300611,0.48556408,3.868436,0.86439157,0.29970086,0.04571624,0.3346504,0.0033948103,1.0218558,0.56506294,0.8445713,0.25126356,0.7680059,all_pothole_images\pothole_images_enhanced_b5dc37d449337ecf90775e81c23244e5.jpg
0.45964858,0.9708075,0.4177323,1.5418019,0.70968986,1.9156299,0.7051586,0.55281,1.0767071,0.81001246,0.610438,1.0622736,0.13320865,3.062182,0.592312,0.36564565,0.4017399,0.29360867,1.1608866,0.3742754,1.1468492,1.0530372,0.88302165,0.9467949,0.84043694,1.9698046,0.69153345,2.9964879,2.965081,0.3379964,0.48470032,1.4943854,1.5473739,0.33536744,0.09746961,0.3631749,0.34798205,1.228083,0.29961953,1.081412,1.1294012,0.7465839,0.3646075,0.97191083,0.8480576,0.61387426,0.59957695,0.07639191,0.561025,0.47760886,1.661927,0.52627754,0.31740075,1.0114803,0.14743315,0.7278105,1.3544767,0.01944651,0.080580935,0.51072717,0.8225218,1.0209905,1.5662019,0.87850535,0.5531126,0.79712784,0.9634909,0.29093337,0.29350454,0.106501274,1.0450355,0.84290624,0.26944062,0.36004218,0.75653464,1.0177358,0.2477658,3.9232047,0.42433897,0.033454925,0.10198731,0.0579172,0.4662856,0.3166782,1.0687251,1.440874,1.1624326,0.16181491,2.928406,0.26718163,0.48227298,0.4808218,0.42633837,0.47860464,0.6356743,0.037683412,0.735557,1.1790682,1.089609,1.991209,0.024743082,2.7148666,0.14649485,1.0591552,0.04126091,0.6414005,0.18934298,0.46517247,1.9136785,0.06855818,0.22441572,1.8989279,1.0726485,0.23284191,0.81628823,0.3862711,0.5748274,1.1964,0.31580582,1.119744,1.3991802,1.279123,1.3300669,1.5319837,0.081723325,0.19477145,1.0465006,1.3871715,0.93003607,1.0863979,0.5119891,0.40350085,0.5532393,1.1466191,0.23299193,0.2492735,0.67485934,1.6367514,0.55573374,0.88480616,1.9057281,1.385911,0.36149502,0.3658009,1.6984785,1.7999171,0.14731361,0.041103538,0.9556581,2.3662577,2.3792675,1.1113033,0.075270966,0.2657386,1.2825639,0.4112122,0.36347896,0.91115856,0.4575928,0.12986366,0.8848231,1.0101687,0.22198938,1.6538815,0.4819345,0.15953554,0.15410158,1.9044352,1.846694,0.070553735,0.18965292,0.34650055,0.64906627,0.16682333,0.47239396,0.23106551,1.81853,0.154561,1.093417,0.9903939,0.24446395,2.7920506,2.3902647,0.53139615,0.697151,0.24305771,0.4499233,1.7720517,0.1451952,0.70913213,0.103459276,1.1577853,0.46903843,1.9124992,0.09120259,0.13741909,0.3610187,0.4706604,0.85676557,1.5185192,0.80883175,0.08659711,1.1369079,0.36095256,1.9523245,0.28930378,0.13136402,0.76467943,1.0299858,1.0012813,0.8662849,0.6431399,0.56207705,1.1095034,1.9598294,1.7343259,1.1388412,0.14366609,1.5853293,1.0369406,1.2411784,0.06924074,0.02127486,0.17291304,0.3833005,0.07395088,2.4368575,0.52665925,0.6954392,0.868078,1.6070635,1.4352331,0.12700097,0.72138464,1.5880749,0.6646892,0.41281116,0.69899344,0.0849236,0.5177656,0.8630626,0.06969344,2.0524628,0.90043867,0.18952362,0.0052587516,0.28698343,0.0027326464,0.66776973,4.0866766,3.1356816,0.021125805,0.13583913,1.0431932,0.3049391,3.26597,0.48813948,0.6404188,0.9443053,1.6491116,0.79607683,1.782163,0.46367267,0.20300663,0.18783747,0.20191659,0.61107177,1.0114311,1.0166094,0.8141169,1.7825793,0.20279427,0.6714938,1.0203699,0.7451991,0.31301427,0.6564734,2.500214,1.3647578,0.49550948,1.0364633,0.0034913714,0.121216856,2.0225365,1.0995454,0.62562406,0.63910115,0.33729655,2.7168055,0.03969262,1.05994,1.7111231,0.257819,0.9413553,0.61373836,1.406549,1.4342694,0.5258142,0.81169033,1.8133303,0.27380598,0.0712118,0.8017855,0.25890642,3.0837402,1.505052,0.21431455,0.9101683,0.8524221,0.27060154,0.29782268,2.5243163,1.9666455,1.0748196,0.53031564,1.4588583,0.19038773,0.6974069,0.9157936,1.8493426,0.04219772,1.1876887,1.2591865,0.49683413,0.8825086,1.8030168,1.0419875,0.33940288,2.0970423,1.050591,1.5211792,0.18256328,0.36552,0.7711016,1.2560142,0.6229986,1.4150736,1.8413941,0.4154062,0.088997215,1.1180245,0.6798154,1.5448407,0.9213731,1.8076062,1.2964466,1.2426317,1.1034622,0.7250374,0.53459233,0.41563612,1.5949984,0.67223346,1.081443,0.95586497,0.2588218,1.3893296,0.33336645,0.21801937,0.16548908,0.5370932,0.6970566,1.5530963,1.0217488,0.46052986,0.9496184,0.5644887,1.126273,0.41019413,0.049083494,0.57376117,1.878623,0.21585868,0.048807975,0.8152998,0.50312436,0.35937718,1.0218612,0.84600353,0.29929695,0.1572026,0.034850024,0.7779234,1.2527733,2.0269353,1.7814318,1.6899441,0.014592565,0.462143,3.1272027,1.5352352,0.5173228,0.32538992,2.030861,1.2154388,0.123502016,0.86950463,0.23571257,0.52311057,0.9341879,1.9999913,0.7632933,0.20262085,1.3954953,0.17072049,0.5971703,0.38609096,0.042643595,1.7414476,0.27078176,0.2019004,1.4373327,1.1884254,0.88553405,0.10795587,1.0151283,0.3542821,2.5681686,0.120656535,2.2271173,1.3666933,0.91451657,2.0006392,1.5627886,1.9533303,0.76905507,0.5400193,2.426249,2.5556138,1.2542247,0.514421,0.64601827,0.2296783,1.5287588,2.0292315,2.8384454,0.9747551,1.5531033,0.49486682,0.4071589,1.2051969,0.0530181,0.10369369,0.104194336,1.6950105,0.44993964,1.972733,0.23584764,0.17147988,1.0841,0.2226993,0.28074676,1.7036412,0.37033257,1.4423461,0.29820085,2.1424859,0.699473,2.7214537,0.5045156,0.71314836,0.40000197,1.6412216,0.7349252,0.33799273,0.47906455,0.7798127,0.5115647,3.4188588,1.0621878,1.1041902,1.2321308,2.1686034,0.33865955,0.30147564,0.60118705,0.9591614,2.0654254,2.0027902,0.20275047,2.0233018,1.189115,0.19561508,1.9186076,0.6519157,0.5233847,2.8607066,0.23356187,0.94349235,0.28450027,0.25435942,1.502381,1.018472,0.8933413,0.26061404,0.5213432,0.2776552,0.029721394,0.35205957,0.41767126,2.0077798,0.6567592,0.18453579,1.1344578,0.79410225,0.034607466,0.018423757,0.6187641,0.09112399,1.7612848,0.27298316,1.2174871,all_pothole_images\pothole_images_enhanced_b65a582246895df68b2970e698615765.jpg
0.15930668,0.45981783,0.0,2.129931,0.63865936,0.123920426,0.09359051,0.0,1.0355623,0.082221046,0.5105021,1.0499275,0.4325264,0.8215846,0.07210142,0.0,0.15015773,1.2947217,0.055634268,0.7089361,1.0141416,0.016213607,0.30670127,0.8106042,0.23567118,0.109534435,0.6990733,1.5580593,0.31323478,0.08761388,0.0,0.2708373,0.12002431,0.99959517,0.009391745,1.0882138,0.4944831,0.5830533,0.6541499,0.4611285,0.14759059,1.7797719,0.8770529,0.0,1.3473095,0.83093166,0.20319389,1.3274114,1.5199908,0.7964348,0.7512413,0.46458778,0.042395648,0.0,0.5020318,0.9802896,0.52124596,0.5278399,0.78036046,1.0136125,0.49621534,0.0,0.054169044,0.5790381,1.0169259,0.42379284,0.5949905,0.32190132,0.14741923,0.05776733,0.787761,1.4985149,0.32449168,0.17004989,1.1240056,0.04056556,0.93458694,0.5163811,0.0,0.064992316,0.19554217,0.21136291,1.8245648,0.018857438,0.07646962,0.0,0.15755732,0.009634306,0.22271636,0.059537865,0.02679857,0.96663415,0.14182772,0.3361519,1.4418762,0.14193341,3.1293035,0.84078,0.5288606,0.73764455,0.33304977,2.0291982,1.6826215,0.34409872,1.8219205,0.0,1.4460438,1.4649547,0.055420037,0.77049536,0.2899771,0.3561993,1.178362,0.28406736,0.0016584224,0.32151845,0.062994495,0.05295792,1.0377352,0.8580853,0.28115335,0.13221416,0.26795658,0.84587747,0.79751414,1.3434308,1.487319,0.070264354,0.0,0.042168412,0.02078805,0.05201974,0.14805311,0.65551615,0.19761044,2.4119945,0.44076186,0.112649895,0.860444,0.029900579,0.4283526,0.36174417,0.12307817,0.4746596,1.3546053,0.50956726,0.033170186,0.40533727,0.032986954,0.008405186,0.14014174,0.15778142,0.0044220593,0.77287424,0.15210307,0.23390657,0.7278427,0.13957842,0.5875779,2.65475,0.53688186,1.3470037,0.65962327,0.1886434,1.6106361,0.406587,1.302026,0.13188434,1.1072662,2.7896667,0.15653948,1.0979261,0.53751534,0.014714148,0.0,2.0508811,0.45030406,0.10560943,1.7188568,0.48305574,0.27582502,0.4493556,0.6041683,0.15106232,3.5131123,0.66777396,0.3439132,1.0395012,0.48584864,2.9315083,0.129811,0.38114524,1.6289536,0.2189018,2.1074324,0.07427306,3.7308676,0.23341723,2.751112,0.0,0.025769847,2.0264194,0.14694463,1.0313216,0.0,0.030436166,0.1509914,0.19024456,0.46473643,1.4813327,0.015510306,0.024194656,1.8031207,0.0,1.8937627,2.340247,0.43263376,0.060947213,0.0,1.2780095,2.3698049,0.06397317,1.2464523,0.32617772,0.0,0.42127252,0.014240282,0.115049176,2.775301,0.4424364,0.04786471,0.022040168,0.061617702,0.23613751,0.08615848,0.024155874,1.6363497,0.31064165,0.63410616,0.26461357,0.88187015,0.017525546,0.11046038,0.3991337,0.25450376,0.6282843,1.1147268,0.75311637,0.19015785,5.0344257,0.27095184,0.61693466,0.17544754,0.40408123,2.3896293e-05,0.44982636,1.089402,0.26816612,0.4388535,3.1649094,0.107140265,0.98650944,1.6499529,0.5835119,0.18642807,0.111855835,0.34851187,0.2670621,2.30772,0.33900255,0.22982146,0.0,1.052595,0.6137869,1.269929,2.557581,0.19291449,0.34071264,0.16785516,0.1972379,0.29401806,1.3481009,0.30312282,0.13844682,0.21717905,0.43944353,1.7474855,0.16050065,0.67439383,0.25986332,0.070437424,0.8640603,0.014445079,0.14311352,0.178177,0.47402942,0.0058034365,0.05997722,0.18713355,1.635392,0.79373753,1.0078691,0.9701893,0.17909877,3.4911094,0.2068318,0.8681848,0.036162794,0.15052179,2.505154,0.5206848,0.27250135,0.9253731,2.8580272,0.94360924,1.0310358,1.669093,1.7806667,5.137117,0.050503936,0.42184106,0.1373767,0.41831237,0.4766078,0.9280777,0.28115886,0.6401802,1.5888553,0.35664117,0.47270077,2.1576688,0.36463445,0.009347482,0.3777784,0.0,0.07416562,3.5530264,0.009295302,0.617806,1.6662517,0.39551026,0.0,3.6148772,3.6539216,0.44963256,0.5278792,0.3635928,0.8130906,0.44708374,0.04538215,0.65417606,0.32006118,0.09792252,0.374247,0.1502348,0.0015358789,0.3356935,0.30790463,0.00076556334,0.5074244,1.3979583,2.4378178,1.2949841,0.27511632,0.074338526,0.0,0.16942796,0.86466396,0.4114749,0.34797415,0.07338753,0.051659033,1.4353166,0.4949601,0.026606925,1.0566916,0.018899929,0.016552487,0.47395214,0.08447618,1.1993009,0.15928522,0.24078809,0.7403387,1.2703692,0.33283615,1.4284184,0.15881404,0.061617225,1.0734817,1.5646276,0.1434006,0.21738942,0.63529056,0.0,0.052284673,0.113035075,0.074960686,1.2680604,0.48905513,0.16646162,1.278239,0.003379972,0.0039950893,1.6088568,0.37793684,1.0881251,0.76452154,2.2289493,0.14891098,0.26125082,0.54322153,0.00090421917,0.64328116,0.5630888,0.3895336,0.49470323,0.69685876,1.9909658,0.31461328,1.4095876,0.9356795,0.97955686,0.201496,2.3259516,0.00024175126,0.43336436,0.21567383,0.37935793,0.009897603,0.5295714,0.2701641,0.0059318063,0.7846813,0.029950257,0.03491147,2.3070722,0.56890154,0.33819807,0.95034367,0.9306521,1.9120973,0.09549856,0.07010358,0.1128461,0.0,0.07095202,0.8820511,0.50118244,0.3180139,1.8338666,0.951349,0.28920192,0.010531148,1.4957129,0.75729346,0.012618286,1.2234684,0.43113288,1.0249335,2.394996,0.055359036,0.7195474,1.0678487,0.04401854,0.31167784,0.645001,0.0,0.8452391,0.046537414,0.11581627,0.4316068,0.17607339,0.3071986,0.49897307,0.027424406,0.14668746,0.0,0.55947447,0.083601534,0.004154525,0.23038432,0.6245233,0.29023525,1.2685611,0.015725525,0.43811995,0.03844439,0.11041352,0.021047348,0.31511807,1.5993866,0.2883466,0.6543753,0.0,0.29964498,0.74929756,0.40612742,0.09370896,2.2022014,0.7249916,1.220755,0.36630476,0.37496674,0.4648222,2.90914,1.3803599,0.0193129,0.16250847,0.14184926,0.0034896303,0.033684507,all_pothole_images\pothole_images_enhanced_b6b5047eb579fee6d9dffad85be7c349.jpg
0.15095797,0.4393664,0.14506458,0.55030525,0.6219904,0.38326252,0.29022396,0.031682014,0.0,0.33705252,0.19902645,0.5971598,0.53036094,1.2544806,0.0060218084,0.08363264,0.35483667,2.2669322,0.68730116,0.1348802,0.59178746,1.8565929,1.6039238,1.19206,0.05978554,0.6143178,0.52260846,1.126782,0.056534767,0.2307033,0.3558191,0.0023648976,0.5106799,0.2810745,0.76446515,0.39590645,0.54774845,0.32243463,0.28592324,0.25684252,0.0017432348,0.24387336,0.0635586,1.4061788,0.7514562,0.24440984,0.93067414,0.0,0.0,0.25429267,1.0811803,0.7482441,0.31080875,0.011955445,0.047570594,0.32511213,0.49804306,1.0996969,0.19443938,0.0069168457,0.10198547,0.2879312,0.50495666,0.38934657,0.58723694,1.0830808,0.9954438,0.7757045,0.05564164,1.144503,0.113389574,0.95072186,0.17052121,0.17646512,0.026115213,0.04127692,0.09327123,0.3810744,0.0,0.03626055,0.051956177,0.14568941,0.7121246,1.1308922,0.48735282,0.35988083,0.0,0.040087707,0.7115318,0.27135417,0.28992695,0.32121503,0.56886584,0.22599688,0.35893047,0.18361907,1.485118,0.38060862,0.35959738,0.0076541076,0.32375526,1.9844184,0.33321446,0.0136836525,0.36420903,0.728826,0.01545772,0.15926857,0.04142253,0.6830485,0.12950033,0.6448095,0.1762569,0.46386218,0.15576066,0.29836494,1.2978191,0.10933048,1.4665369,0.28344434,0.5178993,0.42259234,0.5099097,0.53940535,0.8631237,0.776854,0.6398611,0.2526936,1.7435904,0.1573506,0.62946093,0.09225045,0.26173946,0.13062872,0.045992345,0.9348603,0.08072088,0.0,0.6336929,0.20638983,1.5999345,0.11012854,0.4985181,1.95038,0.11323789,0.30986866,0.44798422,0.582726,0.07195714,0.060552645,0.2558604,0.041929528,0.19655947,0.0,0.39140397,0.10328563,0.16342127,0.27020833,0.3074229,0.613664,1.7455314,1.5484886,0.010262751,1.844825,0.47051334,0.016467214,4.0283117,0.41478473,0.3463928,0.5281887,0.1820546,0.035100896,0.0043813772,0.029282818,0.22075877,0.18256444,0.35361406,0.0,0.5868523,0.35348082,0.3266857,1.3920311,2.3848822,0.03477204,2.672233,0.051856596,0.0060701515,0.0018809589,0.57058764,0.24837443,1.2232667,0.022035189,0.15710732,1.4390968,0.0015462431,0.009301974,0.040266573,1.120095,0.25195217,0.54639494,0.17769383,0.19305645,2.0593977,0.7856997,0.7517927,0.6283839,0.89018595,0.09458807,1.63912,2.0477695,0.0050138785,0.15948391,0.23107637,0.307695,0.0811403,0.13780202,1.2769858,0.109171525,0.4832653,0.562599,0.19710875,1.0715804,0.5701284,0.26896483,0.3810863,0.11223755,0.22302502,0.35009003,0.17078274,0.4945308,0.12748384,0.21264048,0.36788762,0.0,0.71581936,0.02118909,0.20306629,0.07753127,0.39070627,0.13200329,0.11170241,0.082319476,0.22140865,0.13456897,0.011801219,0.12506987,0.40058097,0.29341573,0.3249338,3.9006855,2.3184369,0.04757522,0.8323714,0.060555987,0.1570335,1.2489066,0.29850876,0.05471654,0.1414551,0.8082065,0.12589718,0.35543242,0.027909711,0.41227353,0.6666269,0.3690057,0.3763188,0.81954527,1.6966845,0.1493294,0.18763316,0.22523029,0.1881656,0.30778116,0.1552802,0.09804074,0.23354429,0.054866567,0.36706325,0.56512815,2.3811865,0.05608311,0.13083063,0.74759316,0.80007404,0.3977623,0.013511608,0.11738075,1.2002525,0.324378,1.0363253,0.43297556,0.19246003,1.0847411,0.057791557,0.3438162,0.5408695,1.6350573,0.013291635,0.8802681,0.11622865,0.18078636,0.01956547,0.13864824,3.164045,0.0,0.0,0.10238604,0.0055425186,0.3835635,0.63550925,1.0061862,4.0297685,0.53188133,0.7030726,0.62820333,0.34123906,0.55109596,1.7967254,0.44499665,0.084819734,0.02562299,0.36171076,0.8395837,0.4606105,0.030276714,0.21812572,0.03291807,1.6482348,0.05804283,4.7781215,0.6578421,0.16535762,0.04604559,0.014249155,0.28805083,0.71064353,0.1302932,0.1873178,0.009129867,0.46407107,0.6343797,0.52657765,0.12428768,0.121535026,0.5892827,0.092503175,0.38368988,0.27583268,0.90462244,0.27800134,0.22520486,0.85019946,0.12459562,0.20280153,0.22662525,0.15650256,1.4599631,0.0030107617,0.22929938,0.21095257,0.37450346,0.46104625,0.13298102,0.004912133,0.050025545,0.8041184,0.50462186,0.47364888,0.16693486,0.29422784,0.10425604,0.51432717,0.17668109,1.2625068,0.48974407,0.023542248,0.5248298,0.5608372,0.5459842,0.16570531,0.08728787,0.27892348,1.6819254,1.3613001,0.60131663,0.72895175,0.15051512,0.018693902,0.3468328,0.67715186,0.33137628,0.07219648,0.5029053,0.18159397,0.0031228452,0.0,0.6767877,0.17375767,0.8897294,0.71478385,1.0311143,0.15384102,1.1229535,0.92520195,0.10226648,0.9439227,0.3989547,0.08566689,0.09573004,0.30148613,0.5102131,0.17343585,0.2427194,0.30464286,0.12958005,0.19175446,0.46290797,0.45474136,0.004087122,0.510052,0.10433012,0.94173104,0.89873844,0.9338464,0.9389333,0.4368117,1.4078472,0.15158224,0.23784555,0.37670225,1.1009568,0.026979115,0.3454097,0.043822423,0.7834275,0.048416506,0.7038122,0.585172,0.69001275,0.12124167,0.084657766,0.008159305,0.31455317,0.9993778,0.16242272,0.48156184,0.43030256,0.028882742,0.69024926,0.91362405,0.53612036,0.55830896,0.34196597,0.054531258,0.5660402,0.233621,0.12503655,0.28345975,0.112340495,0.58953923,1.1382965,0.88146883,0.19807863,0.0973047,0.091871396,0.0,0.026127197,1.1532182,0.21610793,0.38417464,1.1542615,0.46350983,0.11710584,0.15805186,0.009096118,0.012705656,0.33728206,0.1644335,0.13470516,0.13839352,0.50880957,0.08315606,1.1834474,0.03154491,0.3832924,0.4625126,0.08662527,1.0743407,0.0006594281,0.11825479,0.82994527,0.27665,0.18731396,0.29674548,0.123213746,0.38904738,0.21972473,0.267141,0.1511448,0.22285442,1.4204876,0.9019855,0.053392578,0.02875156,0.40361562,0.6578911,0.03485109,0.33640647,1.4375335,0.11299735,0.49158973,all_pothole_images\pothole_images_enhanced_b6dea6953272eef01a1dedbed72f6bbf.jpg
0.44449657,1.8481971,0.6398979,2.0120988,1.8066144,0.9912321,0.067447975,0.0,0.79113144,0.5432465,0.16336976,0.4970387,0.43517667,0.14695974,0.7721973,0.6077732,0.09121922,0.243858,0.109286994,0.6513519,1.4265801,1.2808326,0.48865563,0.6607199,1.6519632,0.6014651,0.98111194,2.164374,0.28676838,0.22287942,0.36292732,0.3735078,0.9000557,0.35160592,0.6070654,1.6641388,0.6643181,1.7728918,0.123459816,0.40370584,0.07301233,0.081261486,0.06321313,3.5670028,0.7200729,0.17126797,0.025449898,0.52627474,0.27945462,0.86362237,0.62174886,1.4967841,0.6107919,0.60125613,0.32727945,1.7984385,3.038477,0.21249047,0.3160483,0.32044885,0.0039383606,0.7090844,0.8285933,0.2695784,0.02301774,1.101863,0.30107167,0.9140381,0.41251507,0.7130421,0.8660713,0.78987944,0.65450096,0.31370825,0.7607025,0.8538564,0.20701052,1.0702717,0.0053033354,0.61313486,1.2926478,0.0025360165,0.13253902,0.6012331,1.4020436,0.30555606,0.14120883,0.16252866,5.3339953,0.15972385,0.46964583,0.3556445,0.2267711,0.38534078,0.438469,0.1540466,0.36406115,2.4618907,0.8914793,0.72414356,0.0,2.6419742,0.2882892,0.5773312,0.18763582,0.1200798,0.3495772,0.12014085,0.051549528,0.48735482,0.14727315,1.311368,0.1994683,1.4581426,0.29149818,1.07486,1.5062227,0.08518344,1.5798168,0.83460647,2.4240093,0.98052603,0.051681675,1.3586819,0.89867646,1.0613104,0.23224115,1.1299955,0.87115234,0.44039166,0.91304666,0.12781264,1.1284796,0.5327347,0.5015012,0.8339747,0.23461382,0.617096,1.4248118,0.32728833,0.5122385,0.20123112,0.03800646,0.5747626,0.5638971,1.02095,0.91850185,0.31663162,0.003062073,1.5686885,0.897552,0.64123803,0.10427059,0.0,1.2443876,0.56330335,0.8904529,0.24350259,1.9452174,1.141458,0.98689514,0.88413876,0.32189,1.7678101,0.035826065,0.040670905,0.71596694,0.11802274,0.87243134,0.4036891,0.810732,0.45801383,0.18993798,0.23276998,0.5669048,0.029597914,1.2233242,0.13347845,0.21570435,0.21294013,0.1333156,1.516716,3.719894,2.8066673,1.531359,1.1745932,1.160754,0.23468256,1.824956,0.2676913,0.5230507,0.47216874,0.14807688,1.4780314,0.32018262,0.57770026,0.5060969,0.031438295,0.11564636,0.63900363,0.6291637,0.16218531,0.31576854,0.8511237,1.1349373,1.1922208,0.049018256,0.5332938,0.71142,0.034412708,0.28285044,0.5801965,1.1933634,1.1378316,1.5378782,1.1365494,0.3080667,0.08242893,1.0523859,0.011428458,2.1317027,0.027964048,0.25948474,0.06834495,0.093313545,0.56934977,0.3570338,0.36283764,0.48254618,0.90545124,0.1936053,0.7404001,0.54193807,0.05727889,0.43216914,0.37899074,1.8102345,0.15664491,0.035317525,0.07125685,0.20978338,0.01743471,0.06912696,0.0,0.15112022,0.22318164,0.43264553,0.0,0.3449211,3.1772165,0.6803791,0.27194676,0.6072956,0.9031088,1.1663445,0.27283952,1.1936079,0.016774114,0.3528591,1.3706774,0.38865677,0.9069321,0.632336,0.46817607,0.7119265,0.4567607,0.021589614,0.40608445,1.9287971,0.05661145,0.30312124,0.22068425,0.33417696,0.22754453,0.36245942,1.1217704,0.45372555,0.2525836,0.07588463,0.7844721,0.30517608,0.1487302,0.7164892,0.13701692,1.1120262,0.8425268,2.0511205,1.0111337,0.6157272,0.01052077,0.5366993,0.7947571,0.07840035,1.1930013,0.56565094,0.42539358,0.4825797,0.03599989,0.029323904,0.984507,0.15143688,0.91529655,0.120929256,0.7876394,6.479011,0.7291787,0.0,0.5815374,0.74469995,0.7698929,0.12791173,0.7555438,3.0174918,1.077946,0.2586408,1.1399896,0.7302326,1.1717603,1.0845398,0.021784032,0.2141221,0.8117353,0.32473654,0.2523304,0.78034705,0.65111095,1.0688962,0.8207207,1.1659594,0.9024506,2.0669796,0.38502032,0.38859612,0.041979678,0.6376158,0.50404114,1.2513765,0.64652383,0.4820036,0.63255745,0.9724051,0.7551327,1.9161434,0.07873057,1.2183962,0.016512603,0.13808423,0.0,0.41581047,0.2837749,0.5432084,1.099094,0.46213865,0.1370743,0.45277047,0.034558278,0.3069945,0.69402623,0.62507796,0.49332568,0.030555282,0.012449014,0.5920714,1.5569072,0.15480857,0.3366833,0.45693386,0.10777948,0.19747195,0.17073695,0.60249263,0.50132126,0.6109221,0.23980086,1.1946155,1.2687569,0.2907945,0.056353122,0.28417167,0.28806433,0.018770823,0.19624546,0.15747757,1.0441484,2.6652663,1.966523,1.7880661,0.75218976,0.51204675,0.99821484,1.3066331,0.006993993,0.11204326,0.07277856,0.18909384,0.019982666,0.9540726,0.20036665,0.3512107,0.54472387,0.71276635,1.3649571,0.0012796657,0.86201453,0.416124,0.12869738,0.018849587,1.1302102,0.49925244,0.87619096,1.4594624,0.88329524,0.34062794,0.5544392,0.004144142,0.49012226,1.0009116,1.2799226,0.234529,0.018256448,2.803737,0.17521788,1.2301513,3.7098353,2.3648837,0.10375908,1.2291019,1.8714976,0.030576145,0.33127734,2.1340673,0.19238234,0.6163264,0.47682586,0.2524651,3.5745316,1.5494199,0.41782042,0.12320738,0.6845431,0.61087614,0.1791399,0.0040735323,0.5759734,0.12607287,1.1850542,3.106773,0.4818418,0.6468286,1.5286083,1.7022566,0.4915393,0.34502766,0.09211131,0.4713064,1.0837401,0.5922264,0.36695993,0.26402158,1.2318782,1.5852581,0.29758853,1.5191123,0.38058856,0.8904453,0.16368447,0.13268347,0.101690196,0.46597743,0.9458568,1.4667019,0.1991901,0.54977715,0.12023332,0.45586956,0.3824588,0.3003107,0.68226916,0.75733554,0.2191501,0.58259594,3.1918023,0.23336571,0.24474661,0.003110729,0.0010751465,0.45263126,0.2704322,0.04004789,0.15092687,0.0052154353,2.4656696,0.119243436,0.27135012,0.03459171,0.008759552,0.20917805,0.0,0.26032272,0.0005294674,0.15217578,3.0130637,0.474325,0.61292964,1.9216596,0.714564,0.13493492,0.8889339,1.102054,0.21289621,0.69858176,0.55479825,all_pothole_images\pothole_images_enhanced_b6e1c7fb17520db10c8750049f628de4.jpg
0.13244383,0.46544904,0.04311131,1.9814947,0.5586024,0.053638,0.009564447,0.018425912,0.53410906,0.4714525,0.13788287,0.12550819,0.0,0.7025561,0.014955541,0.46566334,0.2312914,0.15019462,0.029979788,0.08873638,0.113929905,1.0220463,0.53197134,0.56905437,0.8549171,0.99471396,0.37940475,2.858612,0.0038842275,0.28164393,0.45038605,0.14729528,0.020795066,0.6557687,0.111018084,0.9096723,0.5092942,0.668301,0.66654533,0.26279074,0.0,0.057511907,0.1794102,0.44633016,0.6982084,0.4549335,0.14452633,0.03981041,0.5388179,0.60782397,0.03978819,0.080618694,0.1969651,0.06159464,0.08685189,0.6539833,1.6680942,0.0,0.036606837,0.0046643214,0.005481158,0.010517799,0.47953343,0.6254975,0.961691,0.67463034,0.05298013,0.36886182,0.02033773,0.09954446,0.059617385,0.16460197,0.4964824,0.19391513,0.24010672,0.0826439,0.0,0.4672196,0.0077600805,0.19752467,0.0,0.061096083,0.7178085,1.7282481,0.1580375,0.050243843,0.1500342,0.37316418,2.2453063,0.1972407,0.087542295,0.20075023,0.18879859,0.38195878,0.37567106,0.01261739,0.20502055,0.6472037,0.50732064,0.096287,0.021513266,2.6643538,0.22441544,0.0,0.3061459,0.0,0.41077557,0.36683482,0.018421717,0.8689251,0.113152735,0.74108946,0.5300192,0.27581894,0.5447971,0.45025128,0.6581836,0.0056729843,2.2929244,0.40694472,1.6596807,0.09611312,0.0,0.5003668,0.17881058,0.66087914,0.50763106,0.13409792,0.39598006,0.09764495,0.23212464,0.04829062,0.099706456,0.004754095,0.08749721,0.23510002,0.0025604556,0.0,0.10117983,0.017947277,0.4754753,0.11652244,0.5943903,0.28743678,0.0,0.91778654,0.0,0.18070115,0.110892914,0.07531688,0.1867496,0.80378187,0.088434726,0.023829177,0.9629601,0.7321443,0.37360904,0.0196059,0.7009229,0.78745383,0.99655294,0.71003085,0.12793708,0.48210773,0.39937755,0.60120666,1.6142895,0.4651924,1.1288327,2.0192864,0.0,0.03865257,0.028355457,0.006870384,0.28881097,0.005456899,0.28541994,0.17591986,0.5495085,0.24957144,0.05568293,1.53846,1.0418764,0.54805815,2.8580947,0.38849223,0.06342047,0.36727476,0.6958572,1.3026887,0.0,0.024569372,0.021089517,1.4988126,0.4508855,0.0,0.34769928,0.2826758,0.46312395,0.1306066,0.36944363,0.38741684,0.12118509,0.4275069,0.38000068,0.3290909,0.31655818,0.15862231,2.1172771,0.29118532,0.0,0.019220624,0.45626137,0.16694304,0.571136,1.8363943,0.16178055,0.053648725,0.35528278,0.28153318,0.41506132,0.10845188,0.49218503,0.019795178,0.0,0.062064417,1.6400189,1.001613,2.900233,0.77217126,0.107536994,0.011071856,0.95902,0.14690733,0.6842584,0.010415602,2.0352952,0.0029000184,0.28980884,0.029527405,0.24842142,0.016847761,0.15669836,0.24021043,0.26437223,0.004506191,0.72199124,0.22494045,0.1569005,6.6323466,0.6953934,0.043283198,0.10701343,0.39904568,0.01553189,0.28331655,0.8566671,0.35559413,0.19423905,2.5084333,0.04939986,0.08659615,0.8245161,0.09927795,0.376045,0.9366567,0.08909535,0.24398613,0.7130311,0.020298477,0.07460312,0.030615263,0.05585649,0.21641204,0.6704293,0.7589265,0.0018191296,0.17388552,0.15371431,0.9088474,0.59023035,0.672945,0.15911825,0.10680014,0.26647404,0.063306764,0.49292356,0.1409052,1.3289688,0.2327729,0.011259064,0.045449402,0.06176752,1.2630982,0.0423259,0.58508706,0.054023966,0.61984414,0.18118282,2.6636438,0.1437921,0.16369587,0.004718417,0.0028693639,5.4748764,1.106016,0.005911674,0.1733119,0.41600293,0.7886951,0.0032156182,0.3007956,3.187271,2.8515997,0.73680955,0.23517676,0.0,0.9849597,4.276942,0.20042378,0.09311216,0.00400167,0.061915737,0.08770682,0.9879736,0.5849426,0.45655423,0.009959934,0.36076662,0.034544062,2.8991144,0.056340445,0.0,6.044332e-05,0.09670588,0.009753771,1.5920804,0.013079156,0.17451409,0.8008978,0.32522556,0.093791135,2.6889973,0.06131437,0.24115336,0.34441507,0.21570715,0.03692988,0.3191284,0.24856745,0.14856732,0.7670556,0.036814265,0.3099721,0.106629685,0.13309188,0.0,1.0862254,0.48489743,0.9532576,0.046097554,0.061701458,0.48712182,0.21156813,0.0,0.0,0.53832173,0.07729185,0.1985739,0.06222183,0.9030192,0.007945296,0.052843776,0.0,0.068114325,0.60184133,0.45576873,0.17479973,0.34088406,0.1568973,0.23374544,0.0,0.074769035,0.8871989,4.0610495,0.24035285,1.9187945,0.14758255,0.18638678,0.8836578,0.42292506,0.80006874,0.21838552,0.621343,0.0060016676,0.12820342,0.6198203,0.26425508,0.12364769,0.6189312,0.71900594,1.3281709,0.17189135,0.31385985,0.3254639,0.3693463,0.011933606,0.644717,0.26015374,0.032136146,0.08685583,0.06422138,0.0048375656,0.18916176,0.010616819,0.3518554,1.7585617,0.08990494,1.0753896,0.08262963,1.398784,0.005817011,0.4427639,0.12994346,1.5885911,0.13670729,0.92458624,0.15166049,0.14980218,0.3077397,0.18641002,0.024810309,0.7584462,0.07777141,0.8577715,2.2048516,0.19310565,0.16141301,0.064209536,0.15693817,1.2737929,0.25135943,0.06853742,0.18480986,0.20302927,0.03573919,0.80478036,0.6045451,0.0039338595,1.1985303,1.5128679,0.4392014,0.6306015,0.13528953,0.6085341,0.99367,0.4518923,0.28998455,0.19504377,0.97536904,2.4567876,0.0046783686,0.5017518,0.0,0.91618305,0.19335957,0.005577483,0.0,0.118597575,0.81583464,0.31385517,0.110868365,0.03920956,0.008347705,0.65396005,0.014700004,0.013067152,0.77230465,0.15993565,0.14791666,0.032718625,2.1587417,1.0499358,0.29394326,0.12380756,0.0076961773,0.11110495,0.082113944,0.5157053,0.0,0.26767203,1.3586905,0.08798923,0.0,0.0008496782,0.017612783,0.03860586,0.14735891,0.39417958,0.32606292,0.11580481,5.121528,0.34138444,0.17505684,0.2668118,1.8635297,0.28013685,0.22625054,0.92133284,0.43909505,0.25302798,0.11450365,all_pothole_images\pothole_images_enhanced_b6f0609da2ab74505a84dd0042d9d044.jpg
1.0045987,1.6079091,0.9530828,2.2929125,1.3299004,0.15574028,0.1350012,0.21689774,0.4708396,0.3023873,0.044834018,0.5194783,0.7881516,0.9880825,0.04594296,0.13191557,0.10705627,1.2324967,0.29544896,0.27159226,0.13889632,2.2147663,0.2661335,0.13194653,1.376787,0.22685486,1.1796355,1.0781718,0.04890771,0.027155861,0.63697064,0.3952764,2.1337328,0.4984888,0.99938464,1.7488654,0.66912913,1.0834829,0.2362844,0.14815533,0.12636912,0.38609368,0.075059675,3.187367,0.43406424,0.5503808,0.79368603,0.21239553,0.47368503,1.6725022,0.11090834,1.258672,0.5509621,0.46650994,0.109832905,3.0367312,1.9240184,0.55100095,0.6057878,0.6698748,0.08416886,0.20826982,0.52110606,0.2619207,1.1508975,2.4469528,0.56875014,0.54430383,1.0206958,1.4260437,0.34020048,0.40904304,0.011982781,0.6466424,0.5770773,0.122386016,0.24430263,0.41926962,0.0,0.054103598,0.7123787,0.03136809,0.18918414,0.477572,1.0540076,0.39933345,0.24029823,0.16109441,2.1029272,0.56215173,0.6784336,0.58171314,0.12796518,0.49571538,0.059335668,0.053555734,1.0372113,0.86776567,0.042015903,0.23426129,0.19910498,2.5143304,1.9576256,0.17807834,0.089520276,1.2062868,0.10612952,1.0559292,0.043480463,0.3670858,0.0960188,1.970487,0.5868544,0.54318386,0.80514306,0.07064867,2.8175454,0.54772496,0.6670154,1.4019898,2.8218644,0.36563048,0.39700156,1.8612536,0.0059999614,0.6244856,0.45089394,1.2384367,1.8334366,0.0059155175,0.8242588,0.052951004,0.6085751,0.06597863,0.08617178,2.530248,0.05284351,0.31611803,0.94935995,0.3185683,1.3247731,0.0,0.24186307,1.1455134,1.0958378,1.6256658,0.5316325,0.67658603,0.10462845,0.26287517,0.19547935,0.45625305,0.046438426,0.023828585,1.8620085,0.5793175,1.1729798,0.33189443,1.5681388,1.1807538,1.1474695,0.16071984,0.07444431,4.694892,0.042204466,0.056644224,0.50905967,0.75202614,1.1332352,0.24407333,0.7598038,0.42227748,0.056609415,1.0000775,1.0484318,0.28599104,0.06177445,0.0,0.19749883,0.11974179,0.048411224,3.8004062,2.0168934,1.776311,1.4368349,0.13203214,0.74679375,0.5612325,1.3112634,0.64086103,0.15694027,0.39364955,0.18890342,1.5773128,0.19867136,0.5082288,0.43488577,0.44739482,0.16919942,0.20934348,0.40167898,1.3724957,0.61486816,0.77086484,1.6104932,2.3042686,0.264738,1.044118,1.0223813,0.3235781,0.02082731,0.105684854,0.40696263,0.24517606,1.4976763,1.6675402,0.4462387,0.4121821,0.6650932,0.24611484,0.5594396,0.96672726,0.23351891,0.90417045,0.3280593,0.6309121,1.3913215,0.7826936,0.8095345,0.51550585,0.1325689,0.56279486,0.73412025,0.3091965,0.7889883,0.19989504,0.84207255,0.19873421,0.062399317,0.22963394,0.0013822997,0.37669307,0.34074694,0.048860066,0.27970937,0.16093196,1.7327169,0.23283853,1.8347535,3.014671,1.370699,0.17454661,1.3026937,0.60872835,0.27960506,1.0520239,0.7119855,0.60041744,0.52925617,1.5308347,0.16261585,0.077514425,0.13831103,1.6153917,1.2217178,0.5167525,0.25545642,1.4200763,1.4340721,0.17752351,0.08370391,0.16782741,0.021120947,1.2716664,0.6969284,1.0749757,0.8268194,1.2158053,0.2043119,0.3243944,0.5205039,0.049099814,0.2796194,0.23492227,0.25710967,0.15881455,1.343011,0.01723542,2.6168349,0.5564706,0.35825652,0.39780948,0.39475194,1.186116,0.08277134,0.14171098,0.6486414,1.4920039,0.6263179,0.44554353,0.36338985,0.7670837,0.032739498,1.275177,4.8582354,0.110693626,0.0,0.43715113,0.11187962,1.2671803,0.68288374,0.7579955,2.6743534,2.3937924,0.6703407,1.5359808,0.025136981,0.63060087,2.7329664,0.29833314,0.69193876,0.23927629,0.22834787,0.12917756,2.2752676,0.079921186,0.7941106,0.023480387,0.32920232,0.1038052,2.515398,0.1951772,0.67954314,0.23388605,0.22576348,0.13578308,0.47201505,0.017453704,0.32870892,0.6976334,0.43736616,0.39845747,1.3126872,0.24161015,0.16084825,0.56817603,0.17375666,0.054007683,0.029291283,0.6398628,1.794309,0.57276064,1.1961488,0.08659243,0.46628284,0.43120527,0.08130195,1.3348516,0.5308068,0.93946064,0.64521617,0.45584592,0.66191137,0.28025386,0.0,0.015882762,1.7972652,0.30932266,0.18625116,0.6457301,1.7298975,0.7505567,0.48482963,0.65024936,0.621715,0.20634511,0.13308191,0.1877395,0.6302186,1.4870683,0.5554343,0.32519507,0.047901716,0.32855517,2.8400807,1.111057,1.6961056,0.07782747,0.48692325,0.19552225,1.3161556,0.62929267,0.42598945,0.07142415,0.041741766,0.14016463,1.3166628,0.91923606,0.22945711,0.06753122,4.202485,0.92714286,0.008786902,0.51425844,0.28688142,0.07303944,0.4778983,0.6322492,0.0,0.62772316,0.5628387,1.5388397,0.7030781,0.55204505,0.0,0.2114713,1.5233477,0.6024916,1.1855743,0.023954256,1.6403338,1.4118369,0.5080368,2.9788997,2.2292974,0.2990472,0.85103875,1.5363247,0.6354029,1.7090771,0.28063223,0.4779612,0.23790707,0.31303495,0.30436367,2.4579496,1.6085808,0.68479854,0.41804153,0.73857653,0.15918665,1.8673733,0.27868697,0.9036153,0.9882768,0.19343227,0.88597524,0.58981836,0.0028188794,0.9756659,0.986003,0.62045866,0.8738742,0.66640013,0.590851,1.2360677,0.2119027,0.4654522,0.6147264,0.58789784,2.072928,0.08919821,1.2927308,0.16551337,0.54678416,0.4549731,0.33188707,0.024264228,0.44171193,0.30891392,2.037565,1.412017,0.013835657,0.39382786,1.5067008,0.27907702,0.14302047,1.6787268,1.076598,0.17705297,0.27489838,2.9016294,0.7021175,1.2328117,0.14784768,0.09576231,0.76520675,0.22671345,1.3096416,0.049165167,0.67408353,0.61927426,0.0,1.2415954,0.044601735,0.1129631,0.069270246,0.10674373,0.7768377,0.085009485,0.11209863,3.7077324,0.8371194,0.7824108,1.8667746,1.5961294,0.007855742,0.30991313,0.4542021,0.02785548,0.44620302,0.7647553,all_pothole_images\pothole_images_enhanced_b734f7e6780dfe1972b7623bb1672d19.jpg
0.6205771,0.24057598,1.254965,1.5041288,1.4698431,0.37700185,0.96239626,0.024456961,1.0845697,1.3169917,0.18809122,0.16154315,0.9593766,0.20778123,0.09659821,0.22096774,0.48762047,0.13789085,0.004836768,0.15798481,0.010284849,1.5618033,0.7565321,2.4071205,1.8616214,0.29616782,0.8212635,1.9109133,0.012940407,1.5673594,1.3681855,0.8439876,2.1575403,2.7541494,1.4063829,0.46902025,0.8581238,1.4858149,0.7340715,1.0006126,0.3583393,0.7319603,1.2014748,0.41715375,0.44956005,0.21996251,1.1779819,1.2785773,0.44220304,1.113239,0.7043221,0.75237024,0.5735883,0.26646954,0.21958308,0.1699485,0.642391,0.010396242,0.26000255,0.16250445,0.015558908,0.66719407,0.28874144,0.3155941,1.0296712,0.38605443,0.13034117,1.4087318,0.096453205,0.4192381,1.36576,0.0006313624,0.0032081436,0.6610625,0.3475165,0.13294695,0.8241504,1.9515402,0.22649111,0.59499305,0.083483286,1.4736836,0.5966185,1.1762996,0.24413213,1.1260569,0.100885645,0.3011515,1.8987552,0.81897694,0.23708904,0.2397025,0.04046703,0.12067662,0.030197877,0.95119786,0.63463324,0.745018,0.16079684,0.53691256,0.1648255,0.99971676,1.7716702,2.7041402,0.2822817,0.13642833,0.98810405,1.4856534,0.24070686,1.2454144,1.1162884,1.3120366,1.4721891,0.6833285,0.17917036,0.94871783,1.7860507,0.22901307,1.0122412,0.9670343,3.2797983,0.27719912,0.077997126,3.0917346,0.77545786,0.73346436,1.4534857,0.34498978,0.24239406,1.0077008,0.52281934,0.356417,0.37827906,0.5734185,1.1938819,1.2926332,0.3992628,0.73006856,0.35150442,0.45567122,0.32551187,0.14792944,0.33304864,2.8231297,1.1870515,0.49648458,0.26506504,1.0456052,0.07895941,0.11844265,2.3448517,1.7351379,1.1778677,0.75227964,1.9287268,0.22117922,1.0677187,0.20599882,1.4107435,1.7372118,0.532336,0.3524786,0.0003368579,0.9669453,0.18677463,0.37984785,0.20068073,0.21370229,0.0067756106,0.270666,1.5117259,0.16369924,0.0017794053,0.18887441,1.5880038,0.5941641,0.34028873,0.03011118,0.2084554,1.4006715,0.24209458,0.8980884,0.706363,3.6787724,2.1518471,0.74406946,0.04655268,0.3180601,1.559285,0.8419327,0.48438224,0.025599696,0.41361102,0.3031749,0.83663523,0.028118765,0.5583791,1.3759491,0.43157887,0.63373804,1.2674345,2.1126604,0.041288983,0.029609071,0.87541276,1.6854208,2.083896,0.686727,2.4650345,0.2695769,0.020055415,0.25236776,0.54204047,0.5901404,0.9445269,0.18709306,0.9267774,0.0259751,1.7311159,0.0,2.5534036,0.030574102,0.39297912,1.1398956,0.13693017,0.602003,1.6620084,0.63620216,3.1829646,0.1422301,0.39774376,0.39222893,1.0769298,0.8045472,0.66391075,0.23697866,2.3358786,0.68507266,0.6410886,0.17013772,0.48774686,0.0,0.11813251,0.21501637,0.0044632694,0.68780655,0.6161329,0.373684,0.3472518,3.349102,0.13631964,0.7750837,1.0537081,1.0258682,1.2704324,0.29993454,0.66059285,0.3112187,0.37352505,2.192129,1.7835624,2.0633879,0.33903936,0.5022728,0.91150624,1.4654562,0.3982849,1.2055112,2.525663,0.24909066,0.66698974,0.18718117,0.17692262,1.3316689,0.11008954,0.9353107,0.05969167,1.081333,0.94650686,0.6526915,0.3259691,0.42735484,1.3000894,0.54625165,0.6006621,0.44224122,1.5810204,0.6013349,0.91544646,0.2819937,0.21068121,0.07717418,0.27332202,0.61081314,0.25075063,1.907091,1.0482428,0.65679675,0.0,1.4624476,0.7664055,1.2596972,0.05423815,0.94368225,4.632899,0.53314775,0.95283914,0.11623192,0.08283934,0.77238387,0.34331897,0.736397,4.0195827,3.1046276,0.55453473,1.4894253,0.53640175,0.41502106,2.585181,0.4570544,1.8749596,1.0121974,0.940872,1.0944215,0.60673314,1.2062938,2.474872,0.08738804,2.275044,0.08132452,3.6813142,0.21131282,1.0377904,0.41514412,0.09458569,0.17538531,0.38248867,0.5811119,0.3453232,1.0961201,1.2742512,0.3074969,1.5317715,0.38338545,0.37847784,0.26078022,1.1023188,0.22749692,0.79927695,0.49032676,0.27178514,1.1369674,0.643657,1.4483527,0.7896861,0.18396495,0.18457475,0.42376393,0.36645484,1.6065384,0.39814147,0.38502836,0.5020119,0.4094377,0.42380312,0.544821,0.38517067,1.9344312,0.81380695,0.40355617,0.31866926,1.6274719,0.10790836,0.74335337,1.166168,0.62801206,0.3954228,2.2972329,0.95380086,0.71052325,0.723687,0.11550142,0.9084112,0.26281646,2.4469564,0.33506215,1.4657549,0.055183098,0.031018019,1.2306448,0.4536651,0.905601,1.4733263,0.17316101,0.3268203,1.7589875,0.6577919,0.41530764,0.016754929,0.17388457,1.1114143,0.720127,1.4702494,0.6587714,0.5695406,0.01746352,1.4924599,0.5075335,0.4717856,0.40074342,0.32549477,0.4783928,0.48937124,0.90003484,0.45824626,1.038743,0.55673337,0.7986319,1.4208629,3.161826,0.5791128,0.82463616,1.6868024,1.2326356,0.6770801,0.29309288,1.9052289,0.76430494,0.9748775,1.110646,1.1600626,0.79025495,0.6543827,0.5862216,0.010624591,2.820787,0.70598334,1.7022903,0.8360558,1.3684536,0.034349374,0.1325791,0.009102084,0.7175439,0.092165925,0.001034522,1.5413382,1.3502357,0.09063892,1.2351159,2.2967556,0.7084346,2.0152194,0.6007264,0.53529686,0.48633668,1.2921474,0.12895575,0.0,0.4413498,0.8574449,0.479135,0.5872162,0.87302667,0.27200446,1.1757652,0.110514075,0.4990357,0.34784266,1.4213768,2.223732,0.114414625,0.12589094,0.4211916,0.824383,0.39435482,0.0716612,0.72303885,1.0331807,0.27799633,0.6277688,2.4043896,2.7327526,2.1140962,0.29272285,0.35909513,1.3024836,0.15803002,0.34643224,0.43999565,1.1149613,1.3208538,0.7923745,0.30969304,0.3540306,0.65494853,0.50847375,0.37428832,0.6042431,0.14533971,0.27219933,3.9199514,2.0537,1.4066634,1.1319387,2.895325,0.42818633,1.0081009,1.0477185,0.0,0.14947592,0.15875354,all_pothole_images\pothole_images_enhanced_b759f149e12f1d3d4123a67a8b75ceb5.jpg
0.15500973,0.41532013,0.16173664,1.6422303,0.8866527,0.12212465,1.4026272,0.30477232,0.49401215,0.23788767,0.23636064,0.05114627,0.35046214,1.3016454,0.2992179,0.17451072,0.040000916,1.5593231,1.4415133,0.029609922,1.2916346,0.218255,0.963317,1.668887,1.4158235,1.5543301,0.9948685,1.3266652,0.0,0.100326106,0.23468426,0.074763104,0.6313267,1.3506584,0.23087704,0.9695138,0.90562695,0.26991263,0.31008592,0.40165755,0.014413096,1.7035251,0.14006142,0.005858113,0.23107764,2.1075022,0.75117576,0.008506021,1.396272,1.1413729,0.44471797,0.8294345,0.5692321,0.18531984,0.068215795,2.3294005,1.0445212,0.20515183,0.5024225,0.47190046,0.2685667,0.3474368,0.7805869,1.6356304,2.776874,1.2613744,0.18129699,0.089303024,0.06365509,0.7258752,0.22247563,0.63330376,0.13052389,0.5457297,0.26561722,0.44478786,0.2890247,0.0999572,0.021558579,0.0030153864,0.3385116,0.040826533,1.3991688,0.6507771,0.22092696,0.123343445,0.10960279,0.5957262,1.186344,0.10107976,0.8816986,1.2990004,0.7660605,0.278185,0.08430026,0.1663923,0.6524667,1.0229926,0.12864693,0.029630093,0.12669872,4.2699723,0.43206474,0.46211973,1.2473905,0.41222495,0.7400047,1.1661786,0.77809525,0.62303793,0.27684188,0.43867075,1.382281,1.1635002,1.0919144,1.3393608,0.8975897,0.19498934,1.9604461,0.7561049,0.96203613,0.48719057,0.002436164,1.507682,0.36785445,0.15967897,0.11546788,0.72146577,0.75328493,0.1453909,0.4364755,0.2959792,0.0,0.35322094,0.038842503,0.78785414,0.01794078,0.31550536,0.11231887,0.015816163,0.9586909,0.055043012,0.63118666,0.9625463,0.5575114,1.1104392,0.12304017,0.25891295,0.57103664,0.021488834,0.22705004,0.32745665,0.007017787,0.0,2.199959,1.0502033,1.3447838,0.6447568,0.8544151,1.7585651,2.489486,1.8065014,0.5578982,0.5490688,0.57651937,0.8409167,2.3519425,0.9977859,1.4136777,1.9882042,0.3418666,0.11216898,0.22477162,0.020910544,0.36637384,0.81510377,0.3853483,0.25652292,0.3058399,0.09911515,0.15426266,2.9183817,0.9810435,0.15416819,1.3430419,0.64127845,0.6003759,0.28891492,0.42139542,1.7511263,0.51303107,0.14925706,0.6231511,1.0059029,0.030679882,0.41386417,1.5970032,1.1599317,1.0650804,0.53678036,0.18339007,0.98865396,0.16013466,0.36325866,0.3329829,0.1071514,0.57045054,0.8245535,2.044597,1.553586,0.0007418862,0.047864985,0.72488135,0.4209843,0.97931904,1.6877865,1.7508785,0.43336505,0.082930155,0.35229346,0.70031744,0.64385575,1.2097002,0.059465975,0.038530227,0.96736145,1.1307222,0.027691763,0.97739595,0.40453318,1.1829443,1.1077857,0.25799292,0.6611077,1.5327575,0.0,1.6868215,0.4859154,0.041880462,0.2782143,0.28161284,0.09668058,0.27152893,0.09605527,0.7777157,0.26592666,1.1851618,1.0089774,0.31695268,6.2140307,0.7634341,0.31959337,0.26677364,0.3705118,0.16873164,1.2459967,0.8060768,0.51967174,0.48330477,3.188763,0.56989586,0.119345136,0.7968878,1.0243899,0.22671384,0.3104634,0.722512,0.7393396,1.0440451,0.09326878,0.35812446,0.07755517,0.3424952,0.3655945,0.16086555,0.83533555,0.4461506,0.11401883,0.609126,0.2283592,1.2147827,0.8923714,0.9479437,0.015142438,0.06824225,0.455112,0.5034787,0.13655066,1.628423,0.33436447,0.7555377,0.059730083,0.3403286,2.2245328,0.06965555,0.20771249,0.80923116,0.7040185,0.011731444,2.3839366,0.36566827,0.27968705,0.13172525,0.30311996,2.6881788,1.11811,0.018652197,0.09757735,0.055777073,0.7438376,1.5055585,1.8927248,1.7882946,3.5796185,0.62355113,0.6244837,0.22690216,2.2828677,3.8681064,1.1595542,0.57743984,0.0,0.18714944,0.24607353,1.1377833,0.2926743,0.15353459,0.14693557,0.45757776,0.013725869,0.8299301,0.15265743,0.013222047,0.05183069,0.0837659,0.30275863,1.9061612,0.05623479,0.80436414,0.9745387,0.839278,0.2188942,0.8238514,0.7532608,0.23323622,0.52382755,0.53128076,0.57540053,0.5052867,0.09117218,0.52145267,0.09673007,0.352283,0.35275376,0.26456806,0.2533948,0.30944827,1.074798,0.5803673,0.51418024,1.5174403,0.9090439,0.40663597,0.0040131435,0.027710687,0.0,0.18345483,0.13741562,0.8936915,1.0363994,0.7640595,0.40256944,0.3172246,0.51470906,0.6163559,1.1398996,0.3322492,0.007861366,0.4695103,1.6866934,2.0051646,0.0,0.22102566,0.2805669,0.45045143,1.207806,2.0550952,0.09992249,0.35483685,0.20666185,0.60811055,0.21398222,0.22347482,1.4131136,0.021093426,0.33096454,1.0409167,0.37337157,0.85740966,0.5429476,0.080763966,1.9688565,0.43064234,0.53912085,0.8837939,0.33485356,0.3252978,0.25751302,0.66835046,0.8711785,0.29391545,1.7142918,0.044360597,0.0021741246,0.14663959,0.8192116,1.8322105,1.7499071,0.50800145,0.005617883,2.0354955,1.2253791,2.1944554,2.1472986,3.581683,0.486502,2.0096571,0.44905004,0.7340815,0.53577864,0.2946654,0.32930067,0.4984923,0.20474073,0.6951961,0.97635996,0.88133097,1.0292517,0.20845832,0.11567409,0.9352126,0.8370838,0.33885327,0.14621444,0.3749077,0.3214366,0.31732342,0.46248478,0.9507434,1.0500861,0.86325103,0.1108374,0.2963487,0.32325482,1.1511602,1.3288107,2.1149163,0.36404875,0.39160615,1.6971034,2.851574,0.95913476,1.597233,1.0962824,0.34458688,0.15616952,0.0,0.11679109,0.19122341,0.23616481,1.6465006,1.7109411,0.19552149,0.13892092,2.0269299,0.330024,0.0036538502,0.39582124,0.32863158,0.44223207,0.6064936,1.389462,0.78219956,0.84426725,0.15999505,0.36699578,0.6764849,0.6667674,1.9566332,0.44264823,0.011299968,2.2331643,0.69520134,0.10803379,0.21380901,0.011578035,0.44881135,0.4202956,0.28453016,0.7578362,0.98617715,2.108016,0.39238292,0.19887157,0.34079227,0.7053998,0.77535945,0.38924363,0.32701686,1.5261043,0.3226062,0.2423659,all_pothole_images\pothole_images_enhanced_b7811ad3fe769a39b224188e05033ba1.jpg
0.9830663,2.9829586,1.2371205,1.4476782,1.6933304,1.1722295,1.0222113,3.5205824,0.46703693,0.96799797,0.46788397,0.064941406,0.16042684,1.5267773,0.9640973,0.2854238,0.2767876,0.12814116,1.27842,0.18949237,0.3893188,2.4639301,0.8209831,0.79799813,1.6858538,0.7353381,0.48111185,4.0017166,0.6318159,0.80959,0.9025169,0.8896547,1.1831276,0.3082301,0.6221946,0.4280454,0.3542744,0.17064668,0.6255458,5.744988,0.26379016,0.08351838,0.66299874,0.3446048,0.09699289,0.7525407,0.009643881,0.16702925,0.7301458,1.5668467,0.3698427,0.07366331,0.63820505,0.6527095,0.33029103,0.8792471,2.0099373,0.31771493,0.06917917,0.43958867,1.4477688,1.1716008,0.7549756,1.3703077,0.10679739,1.8334014,0.16727395,0.6475593,0.505447,0.60775614,0.50011766,0.2401933,0.83086705,0.6320082,0.53651893,1.6981192,0.35545334,1.3150855,0.19229986,0.27172366,0.22414602,0.9599025,0.042807233,1.9190468,1.217592,1.2393717,0.13153234,0.018497542,4.5129356,0.06315756,0.4666422,0.5899864,0.019525584,0.93336904,0.54466,0.0635499,0.14890195,1.0035834,0.58141464,1.3210969,0.12255117,1.7584107,0.13525759,0.57502896,0.2464205,0.1493449,0.17903844,0.28706142,0.011342203,1.8546549,1.357575,2.2109017,0.5193786,0.18596917,1.279632,1.5413228,1.5353253,0.27742743,1.6284821,0.50646514,1.9755902,0.87635815,0.60563225,0.82715565,0.9929484,1.2352271,0.46212915,0.83447546,0.04627955,0.87578005,1.9032594,0.46505395,0.15562141,1.9726387,0.17241116,0.2751056,0.44287965,0.77583015,0.8311715,0.15831578,1.0668527,0.09825819,0.4056064,1.62214,0.5868965,1.0912279,0.17858571,0.21313283,0.97193503,1.5746613,0.5158803,1.3230805,0.07819204,0.78095096,1.6246655,0.5240917,0.8163561,0.47375908,0.20940682,1.8431017,2.1811714,0.35281232,0.7954425,0.9941671,0.91913664,0.37529314,0.690463,0.074115574,3.3637567,1.0352926,1.6309615,0.104410656,0.4224137,1.2895203,1.3958608,0.24783672,1.3620168,0.025408182,0.14809954,0.13782379,0.19352452,1.7947689,1.1577553,1.1199379,0.65504324,0.9563002,0.32610056,0.23226354,0.63805264,1.4599472,1.4583329,0.8575137,0.12605621,1.8363537,0.32132694,0.11351951,0.22062112,0.13883826,0.74894243,0.7544017,0.8752199,0.48181283,1.5583442,0.8692065,0.30240998,0.6998983,0.7852288,0.744546,0.8464679,0.44281837,0.9429752,0.4189774,1.8202434,3.2806625,0.6067467,0.5045097,0.84067434,0.41168827,1.3144852,0.7829225,0.8752069,0.27755666,0.4167527,1.6794685,0.10941998,1.7133281,1.306047,2.0170116,0.20579194,0.317564,1.1384727,2.3475678,0.3190571,0.85207146,2.1018066,0.21943168,0.2981908,0.48263705,0.322021,0.21015818,0.42988995,0.0018308253,1.0155213,0.65296334,0.20128673,0.034152776,1.1054527,0.7079569,0.8021928,3.7736757,2.6495304,0.050203227,0.63698786,0.99241394,0.22580901,0.30247152,2.3987932,0.09385068,1.8806214,2.820014,0.034233835,1.4387001,0.32041892,0.32773834,0.0807264,1.563072,0.20955731,0.6141843,0.88265455,0.39434335,0.42627785,1.0303162,0.91797966,0.8509421,0.53696513,1.3506142,0.28719488,0.5167091,0.47747585,0.61589223,0.22777514,0.55728704,0.29698053,1.0359381,0.8055391,0.14493942,0.8279084,1.210125,0.6272601,0.18029782,1.0648673,2.292948,0.05230472,0.2957445,0.0,0.9634734,1.1880935,0.7081702,0.4568904,0.498707,0.026457319,0.34243456,0.104334414,0.57627285,0.88161117,0.5274382,0.021623835,0.20724869,0.9620014,0.26209545,0.49648252,0.89325345,3.130057,1.0088329,0.20009741,0.9381468,0.009126079,0.5698172,1.9154266,1.0918714,0.0039944192,0.18297368,0.23266812,0.25300443,0.63665956,0.9342215,1.3809038,0.85296583,1.644601,0.89907634,2.705965,0.7494182,0.7329212,0.5669436,0.90577215,0.8472069,2.3678246,1.4041464,0.409096,0.7479475,0.29389375,0.71177036,3.130647,0.3036475,0.52741206,0.0,0.051505182,0.62254703,0.3103739,1.3255982,0.22630276,0.83607215,0.63804483,0.80785733,0.36149743,0.51388395,1.1350377,0.7313925,1.4570497,0.7348533,0.40971082,0.06497859,1.1413404,0.61344415,0.090830736,0.24837343,2.0993602,0.70482326,0.00663696,0.91029865,2.8035197,1.1389214,0.67769593,0.36982206,1.155821,0.14817996,0.43649083,0.1252503,1.614874,0.64402103,0.61623305,0.08841004,1.699145,0.68239874,3.1123998,2.4377918,2.0437245,0.47225624,0.3753146,2.8836782,1.9570848,0.41706607,0.07300254,0.5498804,0.09657076,0.0057685003,0.89500874,0.64554656,0.19126485,0.20318483,2.5996249,0.08755659,0.06688246,1.4588385,0.10596901,0.547482,0.6190418,0.26310164,1.1543083,0.0266284,1.4420502,1.4292096,1.6525142,0.53799206,0.15091941,1.0241736,1.2081282,0.71330017,0.9333375,0.25446773,1.6216589,0.10540502,0.5658918,0.5475454,1.2478654,1.0305328,0.5462395,0.513416,2.1050923,0.78830504,0.5099362,0.75629026,0.3649126,0.7314631,0.89543134,4.196962,1.1417732,0.93583226,0.28354663,0.2714972,2.1191936,0.037136935,0.16534366,3.456329e-05,0.8947615,0.28947836,2.606482,2.7636657,1.6623327,0.89377886,0.47998637,0.96626663,1.0218217,0.24466088,1.3203242,0.9578275,2.564665,0.87523705,0.40885994,1.3326544,0.5183613,0.11889113,1.0173527,0.815494,2.1950698,1.6775132,0.3451864,0.7731059,3.5249228,2.677313,1.0523549,0.18497142,0.19140734,0.6140237,0.585735,0.20420393,0.022312421,0.23656642,1.3540201,1.0406052,1.8997188,2.4727454,1.2139319,0.39716244,0.0076928027,0.15851608,1.5369633,0.20212416,0.50330144,0.35412776,0.45929873,3.3319054,0.061275862,0.03928231,0.111007534,0.015101493,0.076923154,0.29422888,0.2508062,0.13900807,0.7702839,3.1986568,1.0254393,1.2232519,1.6323079,0.1306753,0.20069185,0.47012818,0.669646,1.3903654,1.1170492,0.025906477,all_pothole_images\pothole_images_enhanced_b7d8bc50a52c1b9ed1cf063dd22237a7.jpg
0.590182,2.7486448,1.6106565,1.2658051,0.53262436,0.014411101,0.47873312,0.09570583,0.040947247,0.4404494,1.0284019,0.34158581,0.3907399,2.1951482,0.23799396,0.54568183,0.76408935,0.3896304,1.3461524,0.2905935,0.34385976,1.5926886,0.735345,2.749926,1.5010972,0.39814278,0.65950125,1.9454236,0.1545728,0.17670563,1.4883927,0.27647206,0.39612445,0.32761046,1.0125998,0.7578042,1.3235086,2.7000713,0.62299484,0.59587085,0.054909006,0.0,0.5815711,2.092797,0.37344056,0.42157438,0.014060172,0.094907746,0.6506028,0.87185615,0.58817405,1.8725523,1.0287702,0.11824797,0.282477,0.4263367,0.871445,0.047703892,0.43580708,0.12222256,0.29952928,0.35071173,0.19660832,0.0,0.4101887,1.5741786,0.42651945,0.041905243,0.6214129,0.24932118,0.5838586,0.046748247,1.1566149,0.3678079,0.8250693,1.6100103,0.52336854,1.2486669,0.3060184,0.35021278,0.48033592,0.022301944,0.07348469,1.0822933,0.6995654,0.2524604,0.11920079,0.8492257,3.7633772,0.098352596,0.36201835,0.09860404,0.113986984,0.25236705,0.35889167,0.24796295,0.89728093,2.2344544,0.49103045,0.014639947,0.15925486,1.0320668,0.33186698,0.7060461,0.7700981,0.9179692,0.6558729,0.12976545,0.0880114,0.92566276,0.21310413,1.6079683,0.16819845,1.1011908,1.2819443,0.13447551,1.363201,0.29467815,1.253616,0.4089998,3.0790946,0.19369642,0.20311038,2.2524567,1.418839,1.3616368,0.507794,0.063465826,0.220964,0.72580343,1.057383,0.019395739,0.29511297,0.20314102,0.860671,0.48178303,0.15259261,0.3753076,0.38110536,0.5508884,0.4102073,0.3237702,0.5879542,0.6684166,0.6069754,0.51597774,0.040046856,0.43504438,0.046444308,1.1353989,0.71332717,1.4906895,0.13282387,0.24487594,1.2305928,0.02536026,0.26190087,0.0803777,0.0,0.4593309,2.0769227,0.5560132,0.8038873,3.3327444,0.006186067,0.29370832,0.75448495,0.15867744,0.50039905,3.166565,0.58954287,0.24581993,0.22532284,0.32744458,2.1370056,0.23841056,1.3247672,0.45400077,0.0,0.9029328,0.0,1.8001453,1.7112035,2.3265479,0.88308436,2.0194907,0.16997635,0.10229603,0.9692777,1.175719,0.53056544,0.7739673,0.5173829,1.268794,0.13841017,0.4329581,0.49338368,0.782615,0.107652575,1.2922086,0.0,1.1852355,0.093244664,0.4308068,0.48988724,0.8854061,0.44748437,0.45845023,0.18288173,0.046198115,0.35153863,0.72605115,0.7624451,1.0877798,1.435822,0.34145787,0.39380392,0.3786249,1.6156087,0.0008539703,0.80912,0.27320203,0.42344132,0.66165376,0.0,0.16313714,1.1637608,0.5574319,0.48730484,1.2212461,0.106186725,0.30461344,0.5821782,0.76028126,0.42916113,0.90959764,1.0891895,0.400882,0.11016234,0.04390615,0.96915853,0.2529325,1.0822754,1.0078557,0.0,0.25461274,1.0229112,0.012718646,0.30031767,2.1089623,0.27325806,0.049933232,0.18625405,0.24910456,1.0697792,0.0,0.6755855,0.09832511,0.20836884,0.56259626,0.25704327,0.42293945,1.2341542,0.06254086,0.64955646,1.0096854,1.2392238,0.40188676,1.7466162,0.14787425,0.08434379,0.018760292,0.5502706,1.3410025,0.25127557,3.3007762,0.7972023,0.59287477,0.5701704,0.6191164,0.1134904,0.2640197,1.8512331,0.61924833,1.5092751,0.6676166,1.0546896,1.0881925,0.6796249,0.012943563,0.41237444,0.5734825,0.009921539,0.5444375,1.0427874,0.44575575,0.7277931,0.09916258,0.9062823,2.0266953,1.0315359,1.9399532,0.029191375,1.0884314,4.133557,0.027518412,0.3298096,0.3443511,0.689632,0.23631461,0.37170684,0.43350926,5.4346657,0.7449997,0.0031649214,1.1930193,0.37422305,0.39275467,1.4590342,0.2242714,1.05905,0.36671332,0.45018807,0.07818946,0.51495105,1.6929034,1.3260462,0.28600883,0.9451243,0.6779473,3.6015294,0.12404103,0.29608193,0.074125044,0.53816235,0.7576892,0.8931602,1.4375819,1.4378036,0.014931591,0.9618907,0.35591915,0.9455218,0.43695718,1.0253829,0.13867371,0.23995529,0.006573348,0.2028929,1.149181,0.09558444,1.2711664,0.08517781,0.5176459,0.28964192,0.028300783,0.17066213,1.1038111,0.34509557,0.46442822,0.8265059,0.06328144,0.7490235,1.0113955,0.03703593,1.2022175,1.6338712,0.28729475,0.02849018,1.5258632,1.7482533,1.4318696,0.11466018,0.4948833,0.13782327,0.23822683,0.15352595,1.3202863,0.08595729,0.86113065,0.19398412,0.2895228,1.12055,1.0786331,2.5938528,0.48081222,0.9561818,1.4826493,0.3390984,2.9051695,3.0422704,1.2399095,0.90968835,0.09239037,0.34217387,1.1521672,0.71351194,0.86791474,0.5141834,0.032677863,1.556852,1.6238614,0.55483353,1.3636194,0.39427197,0.18792497,0.503516,1.5260062,0.6212542,0.23714218,0.45029333,0.52038664,0.69509506,0.7838995,0.0,0.038507167,0.11562482,0.053982887,0.19859938,0.18556637,1.152713,0.6974752,1.4434581,1.5225531,1.4054506,0.11975344,0.51362985,1.4374437,0.057854112,0.3693113,0.9248945,0.09712906,0.68088514,0.84263796,1.2027849,4.8576956,1.0741168,0.7068874,0.34370297,0.018259099,0.35294864,0.9601219,0.112266906,1.0487568,0.03375416,0.0,2.0717227,0.9737353,1.3423444,1.3606623,4.6363277,0.7927092,2.119314,0.6672708,0.542374,0.93658733,1.3970377,0.38138694,0.26544282,1.1153897,1.5847199,0.095227726,0.7308038,0.2803056,0.49047488,1.2060928,0.3670967,0.015919743,0.62552994,0.59311116,1.2135423,0.16384032,0.17428982,0.43237013,0.25577462,0.56678694,0.17461562,1.059388,2.141968,0.496652,1.0159807,2.3862019,0.3029151,0.6002165,0.0022017865,1.1530042,0.6643779,0.9413573,0.20413916,0.023225076,0.8601677,1.5430644,0.07499412,0.053929187,0.0044912477,0.028491171,0.00058420945,0.17800008,0.16592556,0.3380989,0.09222556,4.049766,0.9324107,1.0715092,0.2595859,0.18118444,0.22072768,0.5755787,0.546825,0.13899797,0.080693,0.23928463,all_pothole_images\pothole_images_enhanced_b7dba429ac8aba61d48f3a0b388fc8b7.jpg
0.927992,1.8331981,0.56710124,0.691739,0.6015127,1.0435838,0.10102692,0.11945524,0.53052837,0.35462964,0.3167773,0.6130653,0.12843172,3.0699787,1.0280962,0.36781162,0.40776652,0.022177635,0.5789385,0.38298014,1.1275276,2.4819636,0.55739105,2.0844493,0.7642828,0.86197615,0.72480804,0.77924675,0.12149319,1.0191596,0.54572237,0.79213774,0.4559963,0.16126457,0.4173217,0.10142454,0.6879607,0.8688068,0.31905887,0.028327763,0.3106693,0.57321066,0.3762155,0.26103884,0.64607203,0.8929866,0.18031794,0.3427805,1.0242518,0.5063221,1.1796969,0.017752834,0.9579751,0.4811694,0.006894354,0.57446086,0.09122348,0.0,0.7242477,0.037195243,0.020545676,0.0,2.3002656,0.780566,1.8590465,0.19661039,0.6368988,0.061648834,0.002014169,0.39965805,0.2731966,0.28124383,0.0,0.27448383,0.031641126,0.83574915,0.9801968,1.1236192,0.14254029,0.06812115,0.8632799,0.43926474,0.22347255,0.87940663,0.1860275,1.3554378,0.11018185,0.085755914,1.0036628,0.24373947,1.1183504,0.7366516,0.68183273,0.3319386,0.4981611,0.0,1.2502857,0.09832935,0.28249937,1.0205332,0.5280992,0.36421892,1.4505045,0.007431548,0.1738731,0.9072434,0.12780471,0.5580779,0.6837542,1.5309321,0.0053446577,0.8441262,1.4743176,0.028174685,0.3983973,1.8655331,1.4690409,0.32824478,0.20188744,0.57213897,1.0000366,0.42976564,3.1281152,0.3117216,0.05126903,0.052701112,0.9453448,0.19975187,0.5454747,1.000962,0.5149293,0.4342929,0.04183221,0.60589916,0.039753918,1.602704,0.42108247,0.5338207,2.4984384,0.012950321,0.6410629,0.101580635,0.43646348,1.5977126,1.7720871,1.2741963,0.1980149,0.0,0.0585977,0.25159505,0.0,0.37069437,0.0830064,0.060421243,1.6036445,2.493495,0.99514174,0.9914407,1.1426826,1.0475246,0.20437579,0.11816614,0.3026107,1.222346,0.35252565,0.26125643,0.7770127,1.7687217,1.1785263,0.44647565,0.19864365,0.19948018,0.14716963,0.8521098,0.017202213,0.584334,3.3317394,1.6271774,0.5261825,1.0028255,0.02784199,0.58560556,0.73918724,0.10670437,3.1079035,0.19675241,0.9157932,0.0,0.929122,0.36718914,1.3887397,0.072632745,0.47618282,0.016011208,0.7312914,0.09698137,0.47674975,0.22096859,1.3197616,1.0089415,0.3666466,0.336539,0.8101157,1.2322261,0.4793469,1.7966356,0.5958353,0.4178294,1.3004909,0.61373925,0.91725624,1.1242459,0.40056437,1.9941113,0.7528616,1.0346292,0.329075,0.07300909,0.34464124,0.1281973,0.8345694,0.28357497,0.9735803,0.11452562,0.007417332,0.13796738,1.6680677,0.67316574,3.648979,1.9477017,0.046573542,1.0926577,0.18319845,0.38141212,1.2877362,0.008239541,2.342698,0.9793298,1.3868165,0.47824898,1.2786961,0.12498501,0.71786636,0.0,0.60458326,0.19589183,0.815549,0.26956284,1.5562665,2.7957478,0.35248268,0.20972559,0.15637252,0.10198243,0.15158495,0.05556791,1.9574397,0.49542096,0.04175024,2.4803796,0.6718785,2.8387263,0.94236815,0.41816625,0.17997591,0.13910028,0.16659515,0.049837675,1.0544235,2.4682882,0.13980328,0.09899763,0.24751815,0.70312005,0.46985468,1.0315081,0.5837106,0.36771157,1.454681,1.2320348,0.29895556,0.17292537,0.5009494,0.0027525695,0.45778316,0.39948785,0.8723344,1.5251527,1.5912068,0.18196382,0.30056772,0.812536,0.36203626,0.3853226,0.28952587,1.1995764,0.41737193,0.60202265,0.6069093,1.1863718,0.2547314,0.35272902,0.13901038,0.36811873,5.5831685,0.8141328,0.22237277,0.15214474,0.9821895,0.01341946,0.16640577,0.46017572,2.8328154,1.6498129,0.035683177,0.3867737,0.21223852,0.8426884,0.8145365,0.78355414,0.012762678,0.06276856,1.3073568,0.38955882,0.7895289,0.6191741,1.9167929,1.9907918,0.57047665,0.82162917,4.322957,0.28732044,0.0046930434,1.0723889,0.43082154,1.5408539,1.1150811,0.30233556,0.54159176,0.46476302,0.33888873,1.6489788,1.6599535,0.16366935,0.09605844,0.12694278,0.18860613,0.20664579,1.1900898,1.2914456,0.20703451,0.033940937,0.041296896,0.10473824,0.13621841,0.61956203,0.78943163,0.8709133,0.0817664,0.23182946,1.0211978,0.48137978,0.005974953,0.5753276,0.08952967,0.2610971,0.34117717,2.2623882,0.28737512,0.0,0.3308376,0.44123948,0.40934056,0.6099441,0.3283453,0.2998353,0.20211405,0.7647489,0.95610815,1.1347247,0.49771404,0.0,0.1764693,0.5029507,3.869332,0.43501592,3.7249339,0.19841686,0.51074487,1.4481422,0.7054065,0.050872773,0.18232247,0.33891302,0.23061126,0.015463337,0.5051069,1.4156933,0.13219221,0.048885383,2.5093246,1.2586919,0.0,0.35521525,0.43006998,0.25799447,0.524404,0.18713775,1.8491116,0.58822393,0.16241822,0.18715738,0.423925,0.16324623,0.9261258,1.3811194,0.043399557,2.646317,0.10664002,0.7635069,1.21379,0.16792536,1.4918607,0.21662267,1.5180706,2.8311996,0.5825484,3.4755538,1.539302,0.05422882,0.08488835,0.9241177,0.03474707,0.3977982,0.023001434,0.8203935,0.75243175,1.102253,0.43225822,0.7586393,2.4976747,1.0346664,0.05603997,0.19648375,0.42865786,1.5267829,3.0060902,0.71276325,0.612122,0.29697025,0.55381566,0.94343615,0.26105905,0.67743695,0.10922422,0.094673835,1.4531739,0.1725124,0.36544138,0.7236814,2.8000774,0.65780526,0.5714622,0.24451244,0.62475395,0.28966117,0.023322156,0.13550414,0.025329584,0.2618278,0.284248,0.3511334,0.5855668,0.06694854,0.7935306,0.0013195695,0.95382816,0.18176447,1.8061993,0.43705615,0.29512382,2.9164584,0.15039434,0.14694352,0.023280853,0.13400501,0.30801904,0.16304356,0.8507167,0.2704005,0.37574148,0.4140716,0.56482697,0.17334782,0.038231075,0.06202179,0.48757997,0.0,0.05131838,1.588969,1.214285,2.3780632,0.22576989,0.47241914,0.009736967,0.68796366,0.27173138,0.25575116,0.06460115,0.42267692,0.12464511,0.4269033,all_pothole_images\pothole_images_enhanced_b8018c8804a25a936967f05fd6caa1df.jpg
1.9890031,1.2732717,0.12734178,1.6089087,0.98446405,1.5182104,0.83791894,0.17096457,0.7591371,1.5548701,0.2147719,3.1554263,0.0,2.280839,0.6103972,0.70097554,0.40550628,0.11947334,0.082662866,0.9103129,1.7315661,1.447935,0.6824825,0.3667,3.0124934,0.8828036,0.56925595,2.9605775,0.02453476,0.019711671,0.2154404,0.23752244,1.7088903,0.8972085,0.35597664,0.2891679,0.063912906,1.0529854,0.118327536,0.35316712,0.3204952,1.3294443,0.08662715,0.42420048,0.2786535,2.2250977,0.0483377,0.2403805,0.8646048,1.7344732,0.6508033,0.7596789,0.6201863,0.5918665,1.106089,0.558728,0.7344167,0.525716,0.55313295,0.05829039,0.7028443,0.07931237,0.25725868,0.4494154,0.3163187,1.8744147,0.717716,0.54246414,0.010711265,0.38341895,0.70466334,0.41767618,0.3335424,0.20636478,0.2901134,0.45172632,0.6310782,1.8278117,0.19034004,0.26965973,0.5732375,0.6207319,0.035080522,0.91347694,0.9144159,0.5582392,0.117129326,0.33965546,1.2521517,0.37855598,0.22995533,0.15596104,0.9608251,0.4639139,1.0578331,0.18454349,0.92584413,0.567903,0.26554108,2.614833,0.0533113,1.8622764,1.2558131,0.4093048,0.47091737,1.0105896,0.2414953,1.6064059,0.06858721,0.24224289,0.022128625,2.5668836,0.86737806,0.12964025,0.6154422,0.029378723,0.74867094,0.0033064221,0.070110396,0.5198228,2.7676404,0.0066351024,0.27067238,1.395692,2.0308895,0.7274485,5.865298,0.6262118,0.3780001,0.6602081,0.05429052,0.34965026,0.010922348,0.8038471,1.0974454,1.8768154,1.8020816,0.19541533,1.144944,0.3243946,0.5831609,0.18811354,0.16585894,0.0021317194,1.0569154,1.3529813,0.0319858,1.0089251,2.035023,0.15189146,0.8938347,1.9215891,0.61927444,0.5340814,0.26406735,0.37913975,1.2691225,0.4314558,0.3580504,0.99516904,0.4008044,1.2771044,0.11653466,0.9211561,0.0141758295,1.9500704,0.6223178,0.46780872,1.4890519,0.5889258,0.2289462,0.119441316,0.071026035,0.16891158,0.53000253,0.10807403,0.647284,0.0,0.29651058,0.8784226,0.20874865,1.815911,1.3134786,0.7373316,0.73608947,0.1916739,0.042596743,1.6448803,2.1419096,0.41360626,0.4875171,0.108727485,0.08308442,0.5660732,0.17841174,0.9056422,0.33688125,0.4050027,1.4678322,0.65832394,0.7026302,1.2461073,0.5913742,1.9850006,1.1472514,0.18586212,0.28967246,0.15003476,0.79852664,1.767621,0.323313,0.5515246,0.9954888,0.29210427,0.62218434,1.4259095,0.8582892,0.008304239,0.4208531,1.433402,1.659217,0.6750001,1.8116776,0.33417276,0.2538212,0.6516394,3.7569187,0.13217427,1.2042485,1.6357509,0.20956644,0.3275629,0.47777027,0.17740051,0.4549743,0.019430723,0.97301686,0.44815907,0.99934286,0.054936204,0.6547007,0.6835968,0.12992914,0.053145792,0.01451808,0.0,0.29828078,1.0457423,1.3036973,1.9901845,1.893913,1.1662228,0.9965076,0.3633007,0.70809484,0.37998268,0.24075948,1.5605979,0.078647844,3.4195683,0.22138728,0.6011348,0.44763774,0.4522431,0.7834474,1.5054379,0.4778631,0.88162017,6.000044,0.29012316,0.5267123,0.006832086,0.0038663591,0.9731515,0.05091017,0.61525124,0.33095473,1.5161852,0.20216168,1.0185559,0.49266562,0.1358249,0.25962752,0.14210887,0.42286688,0.08853367,2.2111948,0.13045146,0.5497001,0.1487128,0.23851402,0.8444148,0.09895577,0.4731351,0.18259643,1.2303476,0.68469363,0.96592367,0.5093752,3.0279033,1.1598673,0.5826165,0.88309264,0.74878824,0.94751954,0.8663719,0.02185968,0.15803988,0.8655095,0.728489,0.26166052,0.73246026,0.807083,1.7497703,0.24148923,1.4705694,1.0475339,0.58050245,1.6757717,0.3760225,0.17493878,0.23085263,1.344514,0.4330483,1.8882343,0.6556453,0.2390545,0.38962892,1.3672142,0.7908189,0.9351212,0.7311736,0.075962104,0.6727633,0.29539496,0.4117446,2.6971436,1.3172781,0.004407645,2.5448825,0.35707104,0.15153347,3.4431481,1.268432,1.1447033,0.11069817,1.0089767,0.9432676,0.48789433,0.30057672,0.9006048,1.0912324,0.56090826,1.3555664,1.2514374,0.0850626,0.65013766,1.0277802,0.17817828,0.8726791,0.77507836,0.06840874,0.36732998,0.86361444,0.08524123,0.19089486,0.9341798,0.82063544,0.0,0.87878186,1.0542728,0.8047102,1.4151353,0.80935794,0.34896705,0.48558268,0.5845915,0.5143236,0.7070926,0.15897709,1.1822209,0.08401643,0.7746058,0.40870583,2.8178065,0.91763186,1.3953779,0.0,0.02048639,1.6584935,0.5574877,0.4003123,0.4629335,0.5156032,0.31693423,0.7003484,0.09899266,1.2162478,1.5483395,0.58852667,1.1523743,0.9925837,0.45966366,1.0674341,0.40436628,1.3294003,0.47074717,0.20072784,1.6203779,0.93134356,0.2349878,0.39296025,0.08139473,3.423345,0.24019438,0.024935834,0.95473874,0.28498852,4.323069,0.6282034,2.0117679,0.36376113,0.37322566,0.54978484,2.3720274,0.090478934,0.5938906,1.0305182,0.8012485,1.2161269,0.9608457,1.0270914,0.8890435,0.9746746,2.6272736,1.9618918,0.546319,1.2185278,0.0093042245,1.8084813,0.5303525,0.34847456,0.02485191,0.13903132,0.21785004,0.09597031,0.4616548,1.6471305,0.03486523,0.921222,0.7675061,1.171333,1.2377746,0.3471409,0.50262386,1.2604235,0.34550047,0.023172699,0.270929,0.82297695,0.32078576,0.7437526,0.58078367,1.3051821,0.30537307,1.0093775,0.4205886,0.30731243,0.5497833,1.1574353,0.93370116,1.2247589,0.28484878,0.015363141,0.81314737,0.32833523,1.0181091,1.3025751,0.6457055,0.23670931,1.5081229,2.04801,0.17876743,0.8621738,0.005296092,0.17602225,1.12349,0.042810693,0.88492584,0.016749684,0.09591101,2.1065423,1.2908823,0.6177213,0.830862,0.37871742,0.73195416,0.016909387,0.40796214,0.50753534,0.5042912,1.9478003,1.3357167,1.1784738,0.92251366,0.8660767,0.9787924,0.1902378,0.13156651,0.089709595,0.57794446,0.41882354,all_pothole_images\pothole_images_enhanced_b8145594bd674a44af113ea969c72c49.jpg
2.1726222,1.6692299,0.22866361,2.6961706,0.019978888,2.3970218,0.45592448,0.038229592,0.8515587,0.53903663,0.071955256,0.93623286,1.1905942,1.083466,2.5465884,1.5247395,0.6064913,0.79097074,0.59310246,0.69808865,0.13308965,1.5860845,0.77038735,1.3766357,1.9390546,0.48732242,0.4223211,1.1354349,0.7542058,0.84449816,2.0424469,1.1603581,0.7999879,0.8357378,0.1954445,0.7616563,0.0,0.98044616,0.22347918,0.15645766,1.8689978,0.021247275,0.97301227,4.095542,0.44901377,0.16593818,0.4988063,0.00022925166,1.0593251,1.7763743,0.93497854,0.23521897,0.31796283,0.36104,0.6487857,2.0284982,1.0071563,1.0200949,1.5573224,0.6493231,0.0,0.3207259,1.685716,0.6096317,0.12666562,1.8736991,0.64282376,0.042169318,0.22548468,0.29790294,0.7909879,0.16257474,1.257721,2.166985,1.2249944,1.1496073,0.34674397,2.7693088,0.42535645,0.08182979,0.9823851,0.09782617,0.7614952,0.0,1.7972156,0.7499247,0.23957439,0.26907146,3.2871888,0.5955394,0.6140022,0.12717727,0.45373806,0.42183268,0.40166935,0.3345926,0.62643856,1.253631,0.23771915,0.75804305,0.21763097,0.49388897,0.87849283,0.8512001,0.54655135,0.86367947,0.1820668,0.66063136,0.8241816,1.2670909,0.132361,2.211736,0.746439,0.89365906,0.5921517,0.73397934,1.463318,1.1267831,2.682787,2.568136,2.2040825,0.8315442,0.16241224,1.3689011,0.63872635,0.6829089,1.6243333,0.8846881,1.4592831,0.43075526,0.8052066,0.059015214,0.42989048,0.016699439,0.09658071,1.9405037,0.82821685,1.5738105,0.27429944,0.8996663,0.4838861,0.13084875,0.29044944,1.4148554,0.830489,0.8788966,0.08088147,0.49196118,0.123665206,1.2540404,0.69311553,0.97449756,0.32321754,0.59182197,1.5161512,1.3751544,0.8723771,0.4012273,0.5958707,1.8954148,2.0577507,0.58459,0.09023986,2.040752,0.33850324,1.1485003,0.28510863,0.9202829,3.152242,0.28105778,0.165023,0.32075366,0.13365947,0.52523756,0.6319784,0.8796967,1.3052318,0.0,2.5712843,1.5415548,0.0,3.123347,1.4607882,0.90146345,0.9316453,1.0236487,0.18722327,2.8274748,0.73086375,0.38864964,0.30448297,0.60036546,0.09415919,1.8971071,0.6719038,0.59218633,0.16870062,2.585077,0.40841654,1.7371767,0.508208,1.1017097,1.2130717,2.023048,0.9991723,1.1299461,1.0454208,0.87821466,1.086337,0.57266146,0.09093203,0.035227973,0.39644617,1.6914439,0.8209669,1.5794784,1.1957574,0.3003231,1.3623812,1.2806488,0.1802224,0.9100268,0.6320597,1.383243,0.082136616,2.3014174,3.8930097,0.51400894,0.11169581,0.42748845,0.7677266,0.10966435,0.3603826,0.29290548,1.1424212,0.007272172,1.8831917,0.30880904,1.4813564,0.11020506,0.77518773,1.8750249,1.1194903,0.2082097,0.4205324,0.21804233,1.5855936,0.44558617,1.1960975,1.240683,2.5521097,1.2706908,1.6516937,0.021351697,1.7576432,1.2591671,1.1584524,2.147518,0.9913273,3.005716,0.58051085,0.3423561,0.99559635,0.9790517,1.808532,1.0508479,0.015097383,1.7737274,1.76435,1.2666547,0.036575276,0.56370217,0.7088095,1.045202,1.2933011,0.4285547,1.0897219,1.1899291,0.6071964,0.5863859,0.10826952,0.7433043,0.42364863,0.36272788,0.47222587,1.1199442,1.0927777,0.166719,1.188135,0.32894623,0.8221065,0.8379149,0.31054083,1.1514635,0.08246704,2.2867916,0.60989314,2.6407647,1.7001705,0.60493875,0.20774485,0.56619513,0.03388875,1.7001576,6.407333,0.576097,0.70182186,1.0245908,0.62898,0.7487288,0.42099446,3.7339056,1.6202563,0.19629753,0.26355708,1.5904307,0.35548988,0.05530497,2.238223,1.7705792,0.29594108,0.057977382,0.17594713,0.5268078,0.98038995,0.2990941,0.33141404,0.00533345,0.25877798,2.0571086,3.8622406,0.66171956,0.5782766,0.06621486,0.014698908,0.7450763,0.8765737,1.0412996,0.86503786,0.09599086,0.8104892,1.6270484,4.433822,0.15678494,0.41052172,1.126137,0.5476677,0.7031398,0.77494746,0.67234814,1.7076173,1.358753,1.0099182,0.20108491,0.1320183,0.22348769,0.0,1.0961608,1.6281583,1.043208,0.32557502,0.20616573,0.8416021,0.7431608,0.061932262,0.5289201,0.5330748,0.17237835,0.54163694,0.2012722,2.0056558,3.695317,0.6000695,0.0037493699,0.8425876,0.57176286,0.5876345,0.15774009,3.2105045,1.0727813,0.5761037,1.0953919,0.12546508,0.9832094,3.0841231,4.7101574,0.39131674,0.0,0.16262807,0.5590225,0.2855674,2.0860167,0.2017208,0.3092453,0.431021,0.4537271,0.897457,0.96335274,0.27626243,0.19633625,2.715631,1.4144105,0.7778166,0.68877,0.15070748,0.29070222,0.25286052,0.689044,0.4007148,1.023848,1.6114001,0.9045391,0.11263034,0.27552184,0.22581916,0.75075203,1.1463827,0.21729364,0.99404156,0.38153666,1.7822701,1.6263942,0.56839347,2.6822765,2.6366832,0.03808072,2.1620047,2.3230245,1.0468404,1.9250361,0.08427351,1.3772247,0.5594443,1.617692,0.6531675,3.6902084,1.0454808,2.1547647,0.087153405,2.240445,0.9661009,1.18068,1.2788659,0.48869234,1.5933237,0.0980589,1.0448098,1.3769833,0.6152555,0.5137971,1.8409045,0.6608709,1.7342199,2.8459852,0.9269637,2.2169962,0.8669709,0.86572963,1.4658957,2.2780282,1.2855717,1.6305187,2.5721197,0.36517313,0.95568925,0.259542,0.04497366,0.20089349,0.99164104,1.9420463,1.6117712,1.1429678,0.7053473,0.2478315,1.3024002,1.2250477,0.71708995,1.8995317,0.60720414,0.13473845,0.065467246,2.7894974,0.33890292,0.9523891,0.024608232,0.2265001,1.0854418,0.01893878,2.8715422,0.113022834,0.4933164,0.6222534,1.1792669,0.4107596,1.0568267,0.5706992,0.20498292,0.021199642,0.041033138,0.32506257,1.052796,3.6933787,2.4482148,1.1321638,0.7641729,2.689141,0.4732279,0.4575282,0.16141447,1.0061386,0.00038768467,1.6838137,all_pothole_images\pothole_images_enhanced_b8638a0dbd176f2fa4d815b7ddab5159.jpg
1.4223623,2.2145538,0.33868992,0.24545118,0.9526535,0.16872752,0.09780079,0.7032998,0.45534608,0.6664,0.5182961,0.564928,0.94918144,0.1780297,0.7405681,0.06607885,0.16091421,0.04973183,0.04490471,0.46739352,0.21523276,2.0268865,0.030267874,2.7096398,0.33746797,1.421788,0.008659848,0.8709487,0.37478155,0.37684155,1.7664663,1.4523253,2.5778105,0.095243216,0.40624362,0.36575776,0.81413877,1.0633891,0.37402514,0.89271957,0.69143224,1.0708083,0.17390868,0.20145677,0.5923681,0.67872524,0.02730528,0.45451945,0.5241573,0.11633979,0.91504043,0.8021103,1.5147885,0.0,0.04767943,0.43547735,0.7092531,0.1703539,0.081531666,0.15880372,0.6092568,0.02253821,1.2436802,0.99194574,0.08841944,0.036992393,0.27293426,0.24650514,0.36578804,0.017737865,0.04754224,0.3498913,0.33161613,0.8200079,0.041266732,0.96572137,0.5587244,0.6156043,0.09532971,0.053704567,0.58575666,0.6469303,0.20231108,1.7347414,0.5471512,0.8910137,0.12486618,0.044967104,2.9677496,0.09782281,0.54666764,0.13462768,0.030089524,0.44835886,0.06673821,0.04808733,1.1508412,0.49045998,0.16620794,1.8948888,0.062183745,0.84292185,0.13772213,1.2215426,0.24495,0.5253743,0.790963,0.9102797,1.1363835,0.44884244,0.11864784,1.0726585,2.5931544,0.30455652,0.38847515,1.4006639,1.9571657,1.313682,0.09493612,0.56853414,0.981944,0.13895044,2.392835,1.1434336,0.30271307,0.8142174,0.65786856,1.2718477,0.93477863,0.50394964,0.644747,0.010411691,0.02652094,0.58305687,0.23065822,1.3724024,0.17659336,0.5524185,1.398966,0.58667505,0.9117757,0.59952253,0.027235772,2.5647588,0.81712013,0.2964517,0.1217339,0.825612,0.47781837,1.0849003,0.5004988,0.14121428,0.15873504,0.57831734,0.19850211,0.07851691,0.46320164,0.15862274,0.003238978,0.7380774,0.7979131,0.061607223,0.5929538,1.0424427,0.116367795,0.4410953,0.110674515,1.0817158,0.6828233,0.062880844,0.3296808,0.6455706,0.67106575,0.0200928,0.51984286,0.28402886,3.0066278,0.01133521,0.13960359,0.21547148,0.04398704,0.9776602,2.905019,0.7083217,2.059762,0.7462372,0.8702017,0.21774012,0.8216493,0.5333882,0.31827316,0.36891913,0.8569495,1.2944754,1.1959593,0.31170753,0.046111137,0.028746136,0.5825926,0.44634494,0.70562524,0.8680393,1.093323,0.80096793,1.9775368,1.1022875,0.24457581,0.2569579,0.18380618,0.15988132,0.57587266,0.37449837,0.48964134,1.9266889,1.8690029,0.4702283,0.76004416,0.5496178,1.2877512,0.09070941,2.8335104,0.4815905,1.0296634,0.018492253,0.17669152,0.13859047,2.5340323,0.0,1.4296978,0.93973136,0.4702041,1.3365003,0.10701788,0.33317694,1.082308,0.14702879,1.7994411,0.28509304,0.2769256,0.036510196,0.32339197,0.42039248,0.5603972,0.030962564,0.0,0.009133065,0.92963994,0.6063782,0.54847276,2.4082906,1.9552176,0.021108223,0.10608342,0.9487219,0.05094966,0.79861516,1.5946509,0.17693919,1.559404,0.869617,0.33555657,1.3511001,0.9408577,0.105454735,0.041238043,0.5186329,0.10265428,0.12440853,2.778345,1.977144,0.97419107,0.09918014,0.08867086,0.42711613,0.31435016,0.39148375,0.6276548,3.3199482,0.5148733,0.18607974,0.4642778,0.0,1.0337808,0.31102458,0.55808496,0.06907727,0.32967544,0.55788374,0.89388835,0.18064418,1.3539755,0.075778894,0.015535539,0.45064327,0.86080337,0.72960687,0.124017194,0.79362845,0.5496895,1.1602676,0.86689943,1.0508329,0.32525125,1.0924072,4.1305323,0.1794223,0.15009715,0.6855721,0.25432715,0.0047912975,0.33429316,1.6873552,3.170841,0.7119864,0.028083017,0.40727627,0.04069282,0.6861674,0.11972472,0.7580556,0.12353351,0.05582181,0.2930316,0.120229796,0.48453483,0.19890836,1.3868881,0.35381436,0.23718518,0.78117144,5.6126103,0.102496855,0.0,0.8682274,0.7300011,1.4375559,1.7650042,0.7684271,0.16574383,0.0155528635,0.33030617,1.1203381,1.489937,0.5475694,0.07865913,0.041131437,0.0670869,0.42945686,2.2847981,1.2353029,0.15843159,1.0742524,0.26385313,0.3812786,0.2390805,0.54089034,0.47780165,0.0077681346,0.2553815,0.7853425,0.77180535,0.0,0.65325403,0.36783195,0.0,0.7324611,0.5546061,0.8745447,0.42541483,1.2588949,0.73563373,0.38070095,0.7564278,0.5015994,1.4075675,0.43729112,0.45850015,0.8996334,2.0918365,2.0193205,0.11734171,0.03045583,0.839913,1.4826235,3.1202965,0.32620266,0.75715894,0.046599187,0.008692187,0.6217346,0.43126094,0.57639396,0.22353658,0.7178038,0.040544815,0.48599136,0.5228728,0.24866578,0.21172722,0.03310945,3.4826055,0.9310315,0.49650523,0.79138756,0.1844124,0.20878442,0.75583875,0.3771342,2.8681211,0.13521539,0.16454308,0.2721018,1.0329092,0.7052966,0.3348901,0.6548488,0.20260647,1.8492891,0.16146691,0.51541865,0.30811325,0.760044,1.1662093,0.62778115,1.0890032,0.36068776,1.0359247,2.4274387,1.142187,0.5109445,0.36754003,0.095779575,0.5575847,0.6599552,0.28963256,2.9153767,0.944671,3.946254,0.93334043,0.92215323,0.96065086,0.22005835,0.037368044,0.41893503,0.0833957,0.51620096,2.2098565,0.96384084,2.0512085,0.46019396,0.9029116,0.8158193,1.4009498,0.68643963,0.8789351,0.006414219,1.1716713,0.022137264,0.55584776,0.10783598,0.58341587,0.97111493,1.5160788,0.46991578,0.9453064,0.113390334,0.44330907,0.19740538,1.4542314,0.85146433,1.3011187,1.0342934,3.1139526,0.26649725,0.026260966,0.09027793,0.9142062,0.61909425,2.9223917,0.0566296,1.70964,1.250316,0.24559554,0.9864434,0.051269636,0.46230015,1.7814105,0.3034929,0.7131799,0.21439303,0.2652828,1.1859573,0.35570502,1.005484,1.0168766,0.07322755,0.5664426,0.07142895,0.4764806,0.036814965,1.8102846,2.3864863,0.46529496,0.36580673,0.80421,0.7653387,0.9400627,0.28752205,0.6942075,1.0916903,1.3875031,0.49505723,all_pothole_images\pothole_images_enhanced_b87eab0191c743752f483853bfcd9eed.jpg
1.2682325,0.79005563,0.05901027,2.299551,0.61086714,0.32094347,1.9383439,0.0,0.038319267,0.46582633,1.4892114,1.0558867,1.0834259,3.6132715,0.0,1.9937594,0.0065587563,1.5955772,1.5900398,0.81854486,0.036510557,0.32635427,3.2001944,1.4003285,0.81210047,0.005357572,1.7740272,2.0892098,0.10394613,0.65158117,0.17264417,0.6134721,0.44088802,1.0353944,0.03344679,0.13200839,0.03576231,1.595849,0.60023206,0.19370046,0.020270133,0.42992884,0.6659425,2.344788,0.05667771,0.6325211,1.330953,0.061398324,0.051888913,0.62648374,1.0271057,1.2771039,0.0357543,1.8369837,0.73711455,1.016796,0.15876599,0.097428836,0.7877373,0.3868497,0.40303713,0.84768224,1.5761006,0.53501254,2.7639725,0.79515964,0.5271729,1.7229917,0.2565055,1.0899647,1.2077715,0.13402432,0.1885418,0.0,0.78477174,0.07058096,2.1036053,0.65113896,0.15707609,0.020493913,0.08724728,0.7059424,0.55359226,0.6419698,0.40116656,1.6463237,0.016597597,0.10847599,0.52236253,0.6687839,0.6496816,0.7710476,0.56414527,0.7340308,0.02640168,0.527435,0.17399032,0.8653862,0.3014192,0.81662637,0.53611994,0.926635,0.54415077,0.27963835,0.9231388,1.5787672,1.2572999,0.5691998,0.21681431,0.6969404,0.79498225,0.76665205,0.79601055,0.95822453,0.17376012,0.31260884,0.54279006,0.94206935,0.5452539,0.9286334,1.6710517,2.482372,0.27119604,2.055569,0.7803237,0.46854022,0.048943557,0.58868676,0.41895115,1.1945852,1.3668605,1.716386,3.0862083,0.47810763,0.09411688,0.92781514,0.43345517,0.41157192,0.040354744,1.6803193,0.25592688,0.41089737,1.0701346,1.1168464,0.8481235,0.1456876,0.4041263,0.100434065,0.5574201,0.32079405,0.65949863,0.81418866,1.4989606,0.20477697,0.7893675,0.092677854,0.35044312,1.3956792,0.3188812,1.3281692,1.2088422,1.0458578,0.0,3.549337,1.753148,0.36683834,0.9744687,1.2908797,1.5392588,1.4365364,0.9862956,0.012295959,0.09125627,1.207408,1.2144926,0.8145023,0.31978536,0.017403258,1.2545168,0.10257569,0.13979557,1.022625,0.32930902,2.075957,0.43294773,0.05941856,0.17443989,1.7936993,0.5421927,1.9533638,2.344608,0.36843115,0.9170474,1.345464,1.5633938,0.25008565,1.4773083,3.051934,0.8122008,0.017020497,0.72619784,6.2830553,1.6083488,0.10326214,0.15843777,2.033805,0.8341818,1.0735923,2.3800752,0.578772,0.17505196,0.28727397,1.141393,0.048087645,0.62524766,0.677502,1.6070191,0.15976807,1.3462448,0.34313533,0.6503606,0.3993093,1.1019536,0.22172548,0.048218887,0.8698669,1.1955467,0.05057024,3.1742628,0.18372437,0.7931714,2.3933716,0.29019967,0.6839626,0.03581414,0.052744243,0.6844359,1.9801748,0.07464416,0.18687427,0.95877105,1.1575024,0.022582078,0.46500078,0.11318955,0.18526383,0.86976326,0.2555414,1.3728553,3.4664805,1.7488068,0.12377447,0.7354009,0.9836409,0.5242088,1.704483,0.096466966,0.26855373,0.16839075,1.4324696,2.7525783,1.594005,0.36056206,0.8573194,0.012130759,0.43473285,0.57456297,1.9528472,1.9708874,0.32874706,0.20880377,0.5042502,0.51897395,0.49368975,0.13270235,0.42642477,0.21154189,1.2438557,0.7871537,0.01598757,0.6571993,0.9363617,1.6853765,0.6349961,0.23158023,0.62752503,0.37527427,0.37105066,0.73589015,0.37870812,0.57836,0.025174247,0.82669735,0.6387972,0.5405848,0.59024984,1.6917706,1.6053997,0.35501358,0.82981086,1.4103464,0.90233034,0.29665667,0.68968683,4.792643,0.0040230327,0.7428758,0.14985657,0.5853903,0.4306231,0.36022213,1.1711838,1.9605724,1.0622634,0.76165396,0.15217686,0.5169873,0.8105807,4.299452,0.8014618,1.6508899,0.9256371,0.33739498,0.35657868,0.41367906,0.42369398,0.28761265,0.6054948,1.603148,0.56110686,0.73824096,0.0,0.9719584,1.3694087,1.1937705,0.008733114,2.1513672,0.49713582,0.92708725,0.6256931,0.56903887,1.6298996,0.2073553,0.6245926,0.99577767,0.19618504,0.065384485,0.52223086,0.15374462,0.7965325,0.57195324,0.6020156,1.0249681,0.21132395,0.13598244,0.42012778,0.3972035,1.6583071,0.76410735,0.5003998,1.6056231,2.888123,0.17654724,0.38598275,0.45569995,6.136212e-05,0.39522856,0.13470346,2.0250201,0.38077703,0.841959,1.791521,0.4027455,1.1643816,1.3840299,2.1837635,0.5786443,0.6046042,0.91022444,2.5279825,0.29015732,0.042165935,0.15909007,0.6023133,0.57049614,0.5110316,2.9117799,0.003972983,0.1604233,1.1549941,0.040453352,0.47773695,1.5245371,1.0723606,0.13477391,0.29465145,0.33694193,1.6567962,2.3461714,0.17495461,0.59925175,0.119907476,0.99262965,1.400749,1.6501527,0.14460154,0.84551024,0.9172933,0.44455764,0.9868572,0.011178283,1.2971708,0.8749237,0.5737832,1.3555269,0.5231396,2.025605,1.7638242,0.10448263,2.3768697,0.0014642066,1.8202484,1.7036592,0.8776393,1.0135859,0.37281752,3.4089615,1.6551234,0.9100849,0.5106612,0.2852448,3.5375595,0.0860912,1.2820352,0.46553445,0.06941255,0.8086521,0.5247287,0.7293579,0.6838933,0.13929322,0.8392554,0.14474326,0.021399962,0.65123165,0.35657826,2.3414946,0.4448608,1.304375,1.118838,1.7775844,0.9376641,1.6319468,0.62426305,0.25468525,0.9840036,0.19601005,1.1927338,0.21061796,0.5883465,1.1043663,0.9848178,0.18972327,0.60875,0.67659694,0.7467057,0.38314837,1.9880117,0.60053474,0.63866967,2.691029,1.4315256,0.54710805,0.70277375,0.3304753,1.5633891,0.16170485,0.25013518,0.577867,0.16935498,0.7020687,0.42094198,2.5102167,2.3439727,0.22313546,0.7194105,1.0254463,0.109706976,3.0297203,1.0746951,0.4067276,0.10923748,0.79682326,0.92745066,0.15286203,0.058272917,0.7006994,0.00943643,0.13563655,0.65026855,1.7661343,1.299151,1.5605481,0.7534931,0.5359486,0.39860487,0.7497415,1.5303291,0.6171942,0.23383918,0.10674223,0.6706226,all_pothole_images\pothole_images_enhanced_b88339a823ab2cf1f779bc876a6f5a67.jpg
1.1209403,0.10439094,0.15268199,1.1935133,0.97601944,0.21937218,0.10783298,0.22438808,0.41368523,1.362256,0.068973124,1.0506725,0.45848253,1.8804065,0.26276377,0.25463238,0.577675,0.73876405,0.7592077,0.2485935,1.56759,0.24431625,0.66467595,1.6483533,2.037138,0.22526763,0.28160387,2.048421,0.3148732,0.32435367,0.5371555,1.2712361,0.36255714,2.6607618,0.8640674,1.2965367,0.023763746,1.4837307,0.6404416,2.1651967,0.11236648,0.06629902,0.03258824,0.6224333,0.6636622,1.6126871,0.0,0.30160686,2.8823957,1.023048,0.52122045,0.5348592,1.1848388,0.012276306,0.10069346,0.9868559,1.8569037,0.32742363,0.47289976,0.1876641,0.010656782,0.03897336,0.0890764,0.07672647,0.45623952,1.4804958,0.37643793,0.026094997,0.9695146,0.0033826982,0.12994379,0.24477592,1.415358,0.99579704,0.07942185,0.43341872,0.13856044,0.9684413,0.0550529,0.075336695,0.061185986,0.4357675,0.9147478,0.26775262,0.8997743,0.60625976,0.076398395,0.8394128,1.5232562,0.255861,0.18385139,0.067228764,0.11431568,0.53569025,0.095428005,0.0037530744,1.504353,0.79515165,0.1161672,0.071611814,0.00499847,1.7108922,0.33074525,0.597179,0.7520425,0.6944321,0.0,0.3630076,0.044576995,1.510632,0.12502424,1.9195709,0.9131941,2.2430506,0.72142774,0.98405784,0.974992,0.24826063,2.352619,1.1808507,3.164607,1.1982269,0.063958615,2.786487,0.6103734,1.246843,1.4670348,0.55562645,0.48725122,0.65074825,0.24868606,0.0019634685,0.03499781,0.2977353,1.1703404,2.230849,0.18629643,2.553392,0.3077597,0.19182512,0.21602264,0.024904499,0.46179014,1.9813681,0.0027990108,0.28565827,0.026848737,1.4639119,0.9279608,0.010065971,2.1043859,0.20363858,0.03796325,0.019773303,2.2345035,0.6776945,0.52464074,0.18554536,0.059391536,0.4874357,3.223034,3.3918538,0.009440557,1.3458343,0.0,2.093835,0.045169946,0.03427517,2.34781,1.2138529,0.41414043,0.09246163,0.8297112,0.0060489248,0.41315594,0.084577635,0.05837918,0.0,0.46369997,0.50167173,0.0,1.8703462,2.1645734,2.232246,3.1502466,0.9447652,0.3556232,0.6544922,1.1660417,2.1011014,0.6724141,0.32265136,0.10055863,2.4066386,1.2070986,0.8757983,0.57833743,1.3178722,0.18027803,0.39099643,0.07956789,1.0127238,0.0,0.9464161,1.2828178,0.5222047,0.4533968,0.65957475,0.5463862,0.3851597,0.018539134,0.16048975,0.49912435,0.18842162,0.98508435,1.1940353,0.7208506,0.04838576,0.21408243,0.03953386,0.29940352,0.07978166,1.471875,1.1889187,0.0005810459,0.059740633,1.5226359,0.21334904,0.20224492,0.48207703,0.0,0.00417193,0.61068887,1.0029155,0.78175724,0.27934632,1.8732811,0.14308606,0.07422694,0.024018034,0.8883424,0.08152681,0.4125616,0.7630577,0.0014249498,0.39089078,0.18181466,0.38211927,0.53146756,5.0053625,0.07067071,0.4809877,0.5932842,0.8544979,0.17450568,0.16749491,0.739759,0.6959722,0.09657189,1.447932,0.608251,0.02318935,0.52728826,0.48367068,0.55450314,0.7027356,0.21166302,1.1756852,0.9098887,0.021127002,0.8577312,0.0,0.07302769,2.3176172,1.0903623,0.6241816,0.20516087,1.0466775,0.40513727,0.47482777,0.046191335,0.03088989,1.9288317,0.063409075,0.43447268,0.48859105,0.94434184,0.4327832,0.23981427,0.26986942,1.0114417,0.009178027,0.48010463,1.5542389,0.5486054,1.0689882,0.84324515,0.31601575,0.32761997,2.483302,0.24775384,1.2075905,0.0,0.83365434,3.63956,0.56993294,0.11021049,0.36289153,0.15420975,0.16968633,0.5722197,0.70184386,2.8369937,1.4437766,0.1423248,0.039010335,0.0,0.62639576,2.5118659,0.16392745,2.627205,0.020874722,1.5866182,0.23304263,1.0204498,0.3617996,0.34169132,0.40483138,0.5165878,0.01952189,2.4541526,0.41217047,0.88648736,0.0,0.12078184,0.49993035,1.0604563,0.5239046,0.38976833,0.6821287,1.3254715,0.6442019,2.9305906,0.8600233,0.555793,0.3923205,0.06101802,0.11884264,0.19201635,0.061192393,0.42178422,1.2702456,0.33347678,1.460305,0.008325017,0.47936773,0.0021376777,0.9182499,1.1429892,1.4122031,0.44853255,0.5683658,2.1867573,0.5922697,0.01044983,0.99948883,0.70067394,0.12858944,0.13442926,0.049421076,1.590686,1.0770177,0.28830653,0.14599463,0.8129794,0.46321845,1.0242227,0.61856776,0.69063014,0.9444817,1.6065035,0.061158232,0.14043432,0.9352726,1.4657136,1.2168882,0.8951276,0.19157092,0.0073118536,0.8813231,2.1633751,2.292174,0.38136563,0.0,0.35653934,0.20701778,1.3900329,0.18365537,1.4264725,0.013058795,2.1515412,2.391441,0.99212754,0.54357153,0.12904458,0.14150709,0.14369759,1.1261774,0.32195675,0.036337197,0.40714258,1.6453117,0.8025491,1.48491,0.0,0.21669935,0.7184411,0.0891552,0.4891728,0.70878404,1.9954973,0.2862696,2.5509684,3.4173129,1.9401921,0.11958492,1.1800258,0.29977155,0.13161159,1.1575348,0.52622485,1.1082286,0.40130335,1.0944788,1.0161452,4.692422,1.3666581,0.37989005,0.26356927,2.3540592,0.03367356,0.20598544,0.00033296237,0.23745902,0.18474913,0.06638832,0.76694185,0.28833497,0.10052421,2.2486372,2.1642663,0.69758254,0.44709107,0.8710171,1.780596,1.5150805,0.9570646,0.37499985,1.7109479,2.4062195,2.6884062,0.012480033,1.6541135,0.30380654,0.14528398,0.2935293,1.2481812,0.34683713,0.4701723,0.5618257,0.8676692,0.5843432,0.22865118,0.07129692,1.508046,0.18195999,0.47710904,1.330367,1.5614288,0.23498642,1.8982257,3.3248234,0.9568944,0.7530529,0.049085908,0.33669066,0.58527964,0.24516302,0.9040068,0.0025676847,0.6481975,1.2834121,0.8032505,0.0,0.41053328,0.46767288,0.08685791,0.58361435,0.9433212,1.3387161,0.3377906,4.8901305,1.186083,0.18212782,0.3651482,0.5109826,0.7005334,0.05193242,0.26527905,1.8366487,1.5695878,1.2959528,all_pothole_images\pothole_images_enhanced_b8b3a1762bd5832310bd473d43abe7d6.jpg
0.88064176,0.4816516,0.6627057,1.8473231,0.04771363,0.20300019,0.19911405,0.015529049,0.5169281,0.29548,0.52128816,0.9085608,0.24476814,1.1660264,0.8805998,0.55510885,0.05803512,0.13156767,1.0847335,0.52933586,1.0789589,1.8179716,0.17824505,0.10038475,1.2638286,0.34222692,0.65926874,1.4815007,0.6742887,0.028466403,0.40430424,0.12210034,0.2554544,1.5065389,0.15012236,0.46101397,0.37729445,0.86895144,0.44924942,0.322186,0.0012040194,0.029358676,0.26703486,1.3702492,0.6917318,1.1420941,0.0,0.014710308,0.274073,0.894335,0.9810384,0.7544356,0.66516733,0.09899629,0.15397376,1.2612422,0.96322787,0.78751016,0.46954244,0.15635745,0.0,0.48743084,0.20325324,0.50838834,1.1723968,1.5862806,1.2815841,0.22218676,0.65969884,0.045608856,0.25591677,0.5279041,0.9268659,0.7851726,0.4810719,1.4412692,0.108354025,0.44217047,0.0,0.40194717,0.289439,0.06712766,0.34915382,1.1500398,0.658576,0.09677471,0.42784193,1.0785577,2.4399326,0.67650247,0.28184235,0.25447628,0.24982142,0.78712976,0.026960388,0.117410764,0.8203894,0.7717949,0.6376172,0.16017853,0.43025142,1.0583152,0.086428076,0.61899894,0.046710473,0.42256802,0.49106032,0.9222733,0.21312912,0.4757285,0.025430728,2.4461691,0.45701396,0.7744213,0.73045206,0.25365463,0.8534613,0.24477535,1.7027992,2.040308,1.9859475,0.38427076,0.010709328,0.23536113,1.1832054,0.77141625,2.0869038,0.2638055,0.49618423,0.4642403,0.49514264,0.01891903,0.26415554,0.1591825,0.9292179,0.700095,0.58468497,1.022343,0.5920245,0.0,0.07805443,2.339391,0.008934263,0.71005994,0.3597026,0.7552467,0.41536927,0.86070186,0.45989698,0.6244939,1.1555158,0.51921695,0.08833782,0.06761646,1.3021303,0.33376923,1.5198863,0.18687953,0.9711884,0.6455719,1.6423604,1.556649,0.4659045,0.44387046,0.1902347,1.134781,0.08099023,0.28567454,1.9314749,0.6322096,0.01781143,0.0,0.6393294,0.19737472,0.7537764,0.17015243,0.7790147,0.014731534,0.060311083,0.25627854,0.22923203,2.5263143,0.8022817,1.2564756,2.0164742,0.3333039,0.20175889,0.60812485,0.33258083,0.9695461,0.24548526,0.39204922,0.1539385,1.5136573,0.3294311,0.21828417,0.20873709,0.74724513,1.1557026,0.5671503,1.6113499,0.7771108,0.5873052,0.7014941,0.7485463,0.39935672,1.0240071,0.5406231,1.3741063,0.016010204,0.44132295,0.004601076,0.20543513,1.4682144,0.738486,2.0063848,0.38711083,0.29277638,0.7229361,0.42496115,0.8121961,0.75304794,1.8741165,1.2582752,0.111387916,0.3030585,0.6904121,0.13958678,0.6257874,1.7175438,0.19207485,0.35088426,0.5998443,0.22725627,0.24711421,0.09151508,1.1509176,0.40709206,0.16414288,0.3254763,0.43354255,0.24790464,0.29172102,0.06144851,0.64475924,0.07764425,0.966582,0.1883763,1.5533746,5.4616237,1.9758093,0.46155375,0.13104342,0.023049783,0.0153385615,0.2836049,1.2711942,0.4210195,1.181699,3.3047988,0.49175942,0.10794756,0.083889574,0.1772212,0.43783653,0.67636156,0.30432567,0.07011285,0.43814334,0.72911274,0.48632634,0.41455376,0.5785488,0.08896841,0.6749771,0.38103986,0.54324204,0.1589907,0.19320004,1.3357145,0.23117459,0.41871917,0.9329725,0.15744345,0.7246,1.0294875,0.4712465,1.1523272,0.7497389,0.36054552,0.0,0.09850027,0.3242735,1.0334986,0.43286708,0.72608757,0.8527508,2.510561,0.30473813,2.2517323,0.28908235,0.62167215,0.27550545,1.1081637,3.9266744,1.0311004,0.27570271,0.42429295,0.44069064,0.12989561,0.23604715,0.43495095,3.1868107,1.5171814,0.041067794,0.8517889,0.19269152,0.42833054,1.6044009,0.7563428,0.72600937,0.0084254155,0.9947249,0.462935,0.42176825,0.3497825,0.08656975,0.57045746,1.9815573,0.26457283,1.8088593,0.4286911,0.0054811626,0.17154334,0.21133235,0.18129088,1.866,0.26191175,0.3361,1.2723719,0.6783872,1.0495199,2.107326,0.2201422,1.1874702,0.7956964,0.2462287,0.963408,0.6817618,0.30303362,0.40193662,0.424857,0.44250432,0.3845607,0.38134703,0.10906141,0.7621092,1.2477465,1.7755398,1.6268023,0.18302435,0.081136145,0.07923703,0.69299364,0.0,0.2545644,1.7021388,0.1220219,0.59775776,0.25684875,1.644488,0.044941507,0.19724223,0.20710108,0.08839955,0.13466036,0.40346986,0.2914653,0.47137737,1.2990893,0.2448725,0.061207376,0.5839977,1.2150164,3.098198,2.782116,0.8900954,0.18138628,0.4153158,2.4108105,0.8934491,1.2804891,0.081061676,0.23992248,0.11875708,0.33287418,1.5406852,0.6160564,0.018514954,0.62479115,4.4239016,1.0310348,0.32486218,0.9154948,0.45496395,0.17387985,0.12825228,0.83394676,0.7541616,0.1959054,0.4714108,0.33287156,0.59440356,2.3320785,0.08466938,0.14996658,1.2572249,0.1179887,0.512408,0.8845543,2.1045613,0.34920487,1.2685623,1.631772,2.0413525,0.1083829,0.1382325,1.1465044,1.4238853,1.4323198,0.9866666,0.34444693,0.682046,1.2505058,1.8719523,2.6093616,1.1672411,0.9540238,0.37029347,0.7889852,0.54803765,0.6550266,0.06646922,0.49131832,1.1677167,0.10016044,0.88928765,0.31542587,0.25129378,0.98587394,0.4755667,0.16048306,0.8023655,0.7378991,1.4163393,1.085081,1.5235754,0.9866463,1.4291757,1.3828058,0.49490115,0.19689427,0.6357651,0.579182,1.3811845,0.21213844,0.009141347,0.07718691,0.12374753,0.816047,1.6520767,0.10935746,0.1672204,0.26411545,0.84174484,0.3391965,0.24590749,1.07323,0.08403937,0.18150969,0.32410246,2.1383832,0.64079654,0.20326446,0.5029412,0.62288296,0.2891198,0.1411335,0.39592245,0.0046222783,0.47217783,1.7304525,0.00537908,0.21114796,0.0059523275,0.09408941,0.09045947,0.1648449,0.4854348,0.14452764,0.79910743,4.7861757,0.53971213,0.32861212,0.11429871,0.90209246,0.5352814,0.15532716,1.1014808,0.33855253,0.27777112,1.4420509,all_pothole_images\pothole_images_enhanced_b8bf26c115be2f9050d0b353a016ab87.jpg
1.2819139,1.8733186,0.26554942,1.717802,0.65049094,0.3462101,1.0557135,0.5316821,1.1535717,0.8002439,0.094500385,2.7852757,0.16891864,1.8661178,1.6477951,1.0595567,0.5913863,0.2581513,0.718809,1.3807647,2.2579181,1.3679912,0.945982,0.2828331,2.5496628,0.9791342,0.4605297,3.5748098,0.09061743,0.4294659,0.19783366,0.29541206,1.5461769,1.0681945,0.28809312,0.766866,0.014457589,1.2674145,0.3139586,0.8508731,0.53191936,1.0453321,0.08966462,0.7429934,0.43998107,2.7109106,0.14895274,0.3694025,1.4239608,1.0497497,0.37763405,0.8296763,0.82966673,1.1799881,0.7658041,1.250942,0.37538788,0.38699284,0.85640043,0.026377924,0.32423192,0.403197,0.7113785,0.43242937,0.07327194,2.7171152,1.5950648,0.582159,0.3786457,0.5471426,0.43679735,0.81927246,0.29587203,0.30094308,0.17680202,0.27009523,1.0054452,1.5226951,0.0491337,0.30266076,0.7328191,0.17861839,0.30061695,0.3654372,0.7672898,1.1257805,0.27770156,1.1487617,2.2185514,0.5853742,1.0760446,0.21805277,0.6689334,0.4675459,1.2359228,0.26463026,1.2580526,1.6620119,0.42737103,2.3882787,0.057191204,1.7592001,1.153513,0.31438294,0.85148954,1.3657285,1.2215039,0.6659234,0.11328872,0.5226623,0.7545447,3.7254376,0.89524674,0.08717453,0.8637443,0.1208062,1.2292868,0.1766308,0.535741,1.3332765,3.206406,0.0,0.23061962,1.9209193,1.9927651,0.8088385,5.240701,0.1899147,0.56882983,0.56452465,0.6301573,0.22807775,0.10961299,0.7349249,0.93860346,2.0141184,0.9059896,0.09934003,1.5405498,0.25055918,1.0176016,0.24342531,0.03479346,0.07106456,2.3560905,1.4477403,0.67816037,1.2445207,1.6825362,0.37031198,1.2902969,1.4138613,0.27721307,0.13990766,0.8179077,1.0021363,1.3185394,0.030772371,0.51858485,0.97638524,1.0599481,1.0330064,0.022968302,1.1605905,0.056618396,1.6541402,0.618012,0.14811595,1.0807953,0.80686295,0.72494304,0.23383172,0.4982268,0.25805867,0.12033774,0.8900188,0.6950585,0.07065458,0.7391203,0.781162,0.1412237,1.2911853,0.9982614,0.8625301,0.6990417,0.63074565,0.44908747,2.5029044,1.647364,0.5463223,1.2876928,0.31302845,0.009960189,1.0010794,0.13492988,0.33856243,0.66723233,0.6181577,0.5644366,0.4251751,0.62138134,1.5087855,0.48109505,1.2404464,1.2181112,0.94267863,0.6866398,0.37803018,0.5151259,1.2659683,0.833093,0.09991637,1.6336682,0.70416677,0.8994671,1.4868973,1.5146095,0.034829576,0.9750769,0.41146374,1.1334271,0.8905861,1.681976,0.48571807,0.106165834,0.45372203,3.4673493,0.018697739,0.12467435,1.6997634,0.13706607,0.96361876,0.48784038,0.38957208,0.5853065,0.42279178,1.1024705,0.24832316,0.2738259,0.09572367,1.1274117,0.7736309,0.018282024,0.11381723,0.083069116,0.001801575,0.9019308,0.32823026,1.655095,1.1678475,3.4748244,0.6413224,1.5689704,0.5203019,1.0868399,0.7010875,0.5304095,1.2493593,0.14153801,2.5623097,0.49333158,0.30355516,0.2858992,0.53770685,0.5007788,1.744588,0.41491947,1.4990705,6.151695,0.70191836,0.5840637,0.25745448,0.020407764,0.8489912,0.45876396,0.854036,0.21921508,1.0782799,0.17275721,0.63674086,0.2631811,0.5851025,0.6456533,0.2819612,0.6745031,0.1237822,2.197702,0.26901618,0.5439806,0.166559,0.89657295,0.74827653,0.3621946,0.9104425,0.1809054,1.3882769,0.43087262,1.2332687,0.7431695,1.2772497,0.64691275,0.9191994,0.94749457,0.5925103,1.8263942,0.60537946,0.05597719,0.4919962,1.077766,1.1338456,0.40540206,1.6750902,2.0423167,2.0034041,0.24279432,0.8956693,1.3145453,0.80422163,2.2695718,0.25604865,0.48321697,0.07402069,0.6760895,1.0470695,1.8267589,0.3245029,0.060786325,0.1689494,1.7994571,0.5831215,1.6895391,0.5981761,0.3372998,0.40744805,0.115414694,1.0330292,2.7038872,2.5476716,0.07417622,2.1518452,0.791035,0.8078027,2.9952605,1.3306199,1.713108,0.43751985,0.88949966,0.26205927,0.33013126,0.78478044,1.2202631,0.96106976,0.9128587,1.3096772,1.8481143,0.18452875,0.62545455,0.5509996,0.23868422,0.7903491,0.7925538,0.09018056,0.33645442,0.8014408,0.08824642,0.9385009,0.555494,1.186248,0.104932226,1.5165691,1.0760208,0.96664494,1.637431,0.6518511,1.1329287,0.5837874,1.0437369,0.38641363,0.7856067,0.48007926,1.6336483,0.1167892,1.6714981,0.96935534,2.9997559,0.6477806,1.0789726,0.0,0.37364826,0.87930584,0.45213032,0.3837539,0.48654562,0.7574506,0.17228623,0.78332406,0.57128024,0.77539396,1.8047897,0.4993197,0.8532843,1.1959265,0.2684743,2.511552,0.13147637,1.9348551,1.2019024,0.7918407,1.0842267,1.4048773,0.34747267,0.70207363,0.16408068,3.8323264,0.17571145,0.6789432,1.659828,0.6896525,2.9906025,0.31298319,2.4329636,0.982206,0.2308386,1.4796569,3.1818879,0.0036856628,0.7484896,0.5981938,0.25358853,0.5161508,0.9467703,0.28867033,0.31539094,1.6627116,1.8875647,1.9112371,1.026172,1.0676196,0.8717022,2.3274975,0.625898,0.97433144,0.08090369,0.07768266,0.73884124,0.1315435,0.8518393,1.0724143,0.12399805,1.4363339,0.39855576,1.4005519,1.6143892,0.12818354,1.025017,1.24584,0.8037905,0.67436856,0.65861446,1.3121068,0.6971391,0.49276352,0.7326844,1.9117347,0.22144379,1.4545203,0.7231784,0.2850313,0.83273476,0.804451,0.6476615,1.5568074,0.34279034,0.27749655,1.1948563,0.70345384,0.39874062,1.3193715,1.8196999,0.80536205,2.0368755,1.8700488,0.46496052,1.2726064,0.9157538,0.0023378886,1.8773448,0.7241815,1.1105345,0.3203649,0.10373561,2.1762252,0.4145928,0.8286753,0.94153786,0.19903032,0.41906857,0.24461734,0.33148605,0.7895683,0.7208644,2.097492,1.6698036,2.1118915,1.7620531,1.5035639,0.8418706,0.27265826,0.10145256,0.6755427,0.2635939,0.7411618,all_pothole_images\pothole_images_enhanced_b94227426770b5653b4773f71b16ae6c.jpg
0.07102543,3.1650343,0.37256613,0.3589731,3.0369732,1.6835104,0.045698468,0.5646425,0.83778083,0.4593804,1.7577654,0.29517114,1.0396597,2.00589,0.7379741,0.7234826,0.6152489,0.45446822,1.1475633,1.1362331,0.43351808,3.251569,1.3830186,1.2843415,0.08788674,0.9411971,1.8346647,1.7069852,0.40975118,0.4028984,0.15727437,1.3805753,0.94981754,0.036867473,1.3431666,1.0638738,1.1728295,0.5465655,0.66061735,1.3380342,0.19044964,0.0930747,0.079180814,0.5302554,1.5365713,0.3944922,0.2970579,0.29166335,0.20278953,0.63470227,1.6487561,0.4918742,1.6118766,2.1026516,0.18430826,0.116298325,1.2871406,0.49475104,1.0186741,0.08648191,0.95855355,0.43839708,0.083699115,1.0534228,0.44473514,0.5795425,1.0977068,1.5514481,0.9368874,0.30501837,0.9676244,0.4808893,1.5930833,0.27668712,0.31486323,2.5824895,0.21437748,0.3286493,0.99132764,0.8025506,0.64043224,0.22870454,0.05738397,0.33649984,3.7374756,0.22494277,0.2872632,0.14995334,3.0371218,0.47134563,0.8890105,0.3580263,0.6925656,3.0590508,1.240477,0.3662673,0.5907722,1.2850652,0.831384,0.774848,0.5239025,0.85115623,0.863681,0.28603208,0.01137672,0.5819698,0.011777081,0.22462305,0.13142294,0.5278982,1.7845194,2.4818008,0.57417864,1.2036786,1.7264358,1.0131897,0.62350523,0.70952094,1.6743083,0.90115434,0.8021469,1.8134074,1.0729055,0.51810706,0.17679825,1.3172323,1.3088628,2.2732654,0.16702959,1.168089,1.6652595,0.34093723,1.2009841,1.0477065,0.031182153,1.1646184,1.7289736,0.70390147,0.8650478,0.10872555,0.16803978,2.5476613,0.66321474,1.0419948,1.9171394,1.6605974,0.9569996,0.7996621,0.7525507,1.5047498,0.40091667,2.1759677,1.0438838,0.11880573,1.4167751,0.3830053,1.2931861,1.9128824,1.6029277,0.6716634,0.85546833,0.43093985,0.16402349,3.1024733,0.7747996,1.5551527,1.2329551,0.33235753,1.3904935,0.10361313,1.7387062,0.63638467,1.5829449,0.62653613,2.592272,0.44411397,0.20882237,0.11939157,0.8448746,0.14185853,2.312479,0.30485892,1.9899951,0.14429629,1.5565193,0.6823925,1.1501118,0.8967863,0.45082414,0.8048776,1.3679261,3.3902886,0.4451977,0.75859153,1.2618564,0.2912761,0.7640124,0.27295882,0.59385717,0.97498846,0.9400805,0.571175,1.2495412,0.16607358,0.05983619,0.5237651,0.20257926,0.54514545,1.0093409,0.20695285,0.33216304,0.85770744,2.1934936,2.6201572,0.44578364,0.6063982,0.7176753,0.38192895,0.5072279,1.1741543,0.31641382,0.02671919,0.29435915,0.58025414,0.90609086,1.2201447,1.6970565,0.7816686,0.6468876,0.33391035,0.065355666,2.6168652,0.1011552,1.0561755,0.05015474,0.0,0.46203846,0.9300431,0.11062147,0.38484097,0.2884617,0.05989717,0.9843176,0.79920334,1.1623907,0.4197123,0.0074583157,0.059724234,0.49303654,1.373694,2.0723095,0.053723402,0.46268907,0.17706764,0.60053444,0.74328214,0.9460191,0.6453605,0.51554614,1.3469753,0.5031686,1.8033447,1.3011569,0.5151022,0.92876154,1.2458489,0.27645338,1.0982894,0.34492156,0.51453817,0.5228356,0.94935226,0.11879624,0.5025246,0.31139314,1.6834912,0.663894,0.07910781,0.23360941,0.61495876,0.04577661,1.303031,0.020713564,1.8254005,3.0719361,0.0036202453,0.042918924,2.1316266,0.13894124,0.6350171,0.07514401,0.7251898,0.78744394,0.2750596,0.93220353,0.99940705,1.661172,0.5242376,0.6064127,0.0,0.08379155,0.16608371,0.8920315,1.1625925,1.9227794,0.5834016,0.41374034,1.0532756,2.0975635,0.065505095,0.6905569,1.2800567,4.7568097,0.28383663,0.5085587,1.2816488,0.72600937,1.2564131,0.88613456,0.3837694,0.24014784,1.1316789,0.81296384,0.4030377,1.1670456,1.2476038,0.33193353,2.1374364,0.9808529,1.0209922,2.5359378,0.81005,0.08762328,0.138056,0.7007599,0.35463297,1.6350642,0.40389925,0.8605055,1.0493827,2.9856691,1.0994961,0.6522631,0.45120713,0.6451742,1.2458533,1.1304021,0.4173654,0.15855451,0.9243907,0.038305424,0.6911379,1.245167,0.42439425,2.1475844,0.2645204,1.7620305,0.48976773,1.2505909,0.66807806,1.2309097,1.2956787,0.8593944,2.5937028,0.08229968,0.076260656,0.7596616,0.51049155,0.28434116,0.19032018,0.94294614,0.93931264,1.421609,1.1557744,1.6963252,0.35790664,0.526423,0.5753072,0.2863823,1.3358839,0.9929333,0.2592777,1.1738602,2.269507,1.7216009,1.4961224,3.5250378,1.7631313,2.4776025,1.7058021,1.4624685,0.8933508,0.30766708,0.56011736,0.8760249,0.092635706,0.97461855,1.3132232,0.7026147,0.9390187,1.224797,0.44114497,0.039600346,0.3613246,0.6552903,0.0036033187,0.25281203,0.9686053,0.077550516,0.4571427,2.2175803,0.3119176,1.7355068,0.73685795,0.07250204,0.9291274,1.1550224,1.1541569,0.23081423,0.2934342,0.5151078,0.46286893,1.7373954,0.17034657,0.91499513,2.0049605,0.4695324,2.3122628,1.7144542,1.288508,1.0871286,1.2752483,0.89445674,2.2583125,1.1298692,2.71397,1.4444686,0.45627236,0.70650834,1.7139806,3.1880648,0.94534737,0.3981565,1.6277074,0.16763014,1.7093502,3.1936066,1.5040582,1.1866721,0.8054812,0.5407665,0.5961755,1.3442476,0.3790652,1.2117826,1.8044581,4.92335,0.30985385,0.97133166,0.2605273,0.47368103,0.3763236,0.3970721,0.73916423,0.56173617,1.349675,0.40675595,0.05605626,2.198826,2.088496,2.4866047,0.5251342,0.1297027,0.11284482,0.5157664,0.17030334,1.87755,0.89786434,1.5768722,1.4739972,0.81911236,2.4393945,0.9725924,0.43823552,0.0,0.0052846815,2.1705456,0.08558589,0.25885174,0.048796546,0.50518405,0.7174254,0.79668194,0.33414537,0.0642978,0.06880743,0.015724896,0.07582869,0.23555301,0.06545237,2.329658,3.3226418,0.010451768,1.1936396,0.7968521,0.4752271,0.03595302,2.6772697,0.4805266,1.3870362,1.4117053,0.039325066,all_pothole_images\pothole_images_enhanced_b996cc1fc5ee0f2fb33d2819f7daebba.jpg
0.7738292,2.5148346,0.5515506,2.0928774,0.53590465,0.40114936,0.7714537,0.03974501,0.25259697,0.73294234,0.3838989,0.4448957,0.5984433,1.432364,0.61777365,0.16673294,0.95445436,0.011745907,0.2962006,0.2255321,1.2191416,1.6145844,0.2975358,1.2041689,0.9811255,0.5889605,0.46916103,2.5272973,0.068509825,1.1410525,1.3176895,0.12085331,0.044988096,0.9901721,1.6682253,0.93684137,1.0711491,1.3006958,0.48266736,1.2575505,0.16502945,0.06912476,0.895089,0.8709857,1.0790595,0.574823,0.024929143,0.2783227,0.7086245,0.024402075,1.0598638,0.35698044,0.70768183,0.33300444,0.004821735,1.2828557,0.54345626,0.017413795,1.274467,0.0654414,0.04954302,0.29402888,0.8275886,0.22140415,0.26809332,1.3551784,0.67057556,0.10007844,0.8307101,0.0,0.48414135,0.60497284,0.61642814,0.3773982,0.6358054,1.4348693,0.15977244,1.1880072,0.29092178,0.5716799,0.8257946,0.79072255,0.29744104,0.55062634,0.6952114,0.66742456,0.0063644513,0.48071328,4.300821,0.19350538,0.40951326,0.013793834,0.06958365,1.356602,0.65411985,0.026235104,0.9844884,0.37915495,0.9880281,1.063384,0.038739864,0.43106538,0.21936475,1.4181678,1.5292009,0.21563825,0.6409213,0.18670937,0.1252557,0.19962662,0.0,2.6979969,0.896681,0.43170407,0.6130704,0.4464407,1.7837977,0.48066598,0.3030887,0.7199539,0.859975,0.39280203,0.8763868,0.22004296,0.5382121,0.6509568,1.2204067,1.5279391,1.1202621,0.52984476,0.5664205,0.0049638255,0.0,0.13659643,1.590091,0.9855317,1.2510526,1.2988944,0.9519839,0.3783361,0.39434394,0.752498,0.046853166,0.52621394,0.26983225,0.74318886,0.26490393,1.0216806,0.55434215,1.012167,1.0230347,0.64321804,0.21275549,0.2703128,1.1578943,0.64079344,0.14426044,0.011740125,0.61439216,0.28697714,1.1556382,0.5897114,0.49554127,1.1022,0.03797532,1.1814017,0.3088689,0.24190213,1.6313313,0.40872929,0.010721487,0.34774414,0.29119536,0.27893642,0.9558793,0.2820048,1.6102734,0.05999796,0.0,0.4205269,0.260875,2.29624,0.6293021,1.0689985,1.4785894,1.1658028,0.045742072,1.0353163,0.5007248,0.3933389,0.58053815,0.5525551,0.13715859,0.9347824,0.6267009,0.14010762,1.1428226,0.34284404,1.05189,1.7996628,0.7484784,1.1817497,0.26760086,0.5787248,1.3684566,0.9944906,0.764245,0.28020552,0.50284296,0.015136697,0.05721724,0.18702197,2.0141406,0.54147774,1.3336123,1.532433,0.697021,0.14683585,0.517439,0.058016203,3.6044683,0.012851445,0.9499113,0.30909073,0.37141725,0.8026518,1.8596522,0.04033204,0.17501056,0.4844923,0.35774878,0.5143492,0.14488047,0.5688151,0.647356,0.38623315,2.5881948,0.07660189,0.2524003,0.39323947,0.522519,0.2586676,0.21056248,0.6091846,0.05325295,0.01685829,1.1478705,0.09074109,1.026836,3.8182333,0.927053,0.41690615,0.5754827,0.818109,0.1359715,0.0,0.59200615,0.9809966,0.8692297,3.7281861,0.11111697,1.0620452,0.72010165,0.36051968,0.9078355,0.09132636,0.70153296,0.7877158,3.639969,1.3210028,1.522495,0.024543324,0.3921459,0.37394217,1.174108,0.46167848,1.0283233,1.0718699,0.7486585,1.6131374,0.0,0.38371202,0.4856114,0.42346144,1.4210889,1.3862693,0.5668419,0.5879471,0.97238547,0.09777378,0.42502958,0.020944912,0.36368972,0.5794608,0.61177397,0.30009228,0.7476545,0.8802896,0.68090594,1.8549414,0.2500469,0.47877648,0.046271887,0.40708306,3.01383,0.37818158,0.9362996,0.622274,0.57294697,0.15875728,0.5805405,1.1271214,3.3137248,0.35922658,0.07905395,1.596102,0.5730192,1.4496562,1.0769292,1.3925633,0.09937561,0.040838975,0.38325056,0.4988805,0.16888079,2.0711772,0.3822125,0.56226116,1.4666219,0.6701207,2.8468153,0.45279908,0.023416737,0.20797294,0.20030864,0.39716977,2.340245,0.72810316,0.7743965,0.28278032,1.715875,0.8449888,1.7046175,0.7591003,0.5775207,0.23305547,0.6747539,1.1168265,0.7620932,0.5214393,0.92496276,1.0911123,0.20217453,0.8480543,0.08573821,0.026666192,1.1627853,0.49910456,0.7426634,1.0590587,0.036495626,0.0,0.4051518,1.1569874,0.26748288,0.32595763,1.5893613,0.33346128,0.13253614,0.62121415,1.7529342,0.7791049,0.38081464,0.060985733,0.92076725,0.30603874,0.01193396,0.14117524,0.2006478,0.83337915,1.7263193,0.10013511,0.45099124,0.6937477,3.5186834,1.345195,0.4200901,0.49408966,1.0367815,2.782239,0.5731654,0.7831045,0.47818872,0.29243702,0.15737937,0.608704,0.81087744,0.3048174,0.15908459,0.028065057,2.990078,1.0625149,0.36702245,0.17543097,1.5054672,0.43806884,0.5888534,0.28376806,0.10667707,0.07022141,0.18884149,0.23317309,0.4327694,1.6997503,0.01755785,0.010253037,0.35761246,0.30540988,0.5801488,0.013968998,1.2016652,0.5521401,0.35254917,1.2664452,0.70241064,0.33746165,0.25014693,2.3850129,0.41302618,0.8126656,0.19739065,0.14960928,0.88045204,0.23246792,0.7296025,3.7549736,0.15469627,1.441687,0.16735524,0.9433651,1.4382159,0.022251887,0.5369716,0.19837728,0.4287382,0.011185084,0.969379,1.0676366,0.97836286,0.110011764,1.0697211,1.1373312,1.023467,0.54298836,1.259486,1.111223,0.5843308,0.38345242,0.8818803,0.9969451,0.13620467,0.29159588,1.198831,0.42682877,1.1685755,0.49899033,0.35851407,0.116127126,1.3148351,1.7030082,1.4663389,0.35879713,0.5455462,0.11181283,0.13493048,0.15598008,0.2503217,1.3189383,0.8880484,0.7982746,0.6438518,2.9535198,0.15993837,0.2706868,0.02427942,0.003808016,0.5878367,0.18091126,0.6807648,0.01340814,0.85810727,2.5649884,0.0,0.040066972,0.30264834,0.15443549,0.18624517,0.011755319,0.030252747,0.0064930026,0.72845185,3.2773879,0.84966385,0.35618606,0.61346716,0.6051409,0.70353466,0.52201086,0.30797789,1.3964797,0.02490183,0.20540078,all_pothole_images\pothole_images_enhanced_b9c9106a9b5510744862d772a5d8b385.jpg
0.7844626,1.1686633,0.6285874,1.6479734,0.16641432,0.120456584,1.2434886,0.0049247416,0.14437608,0.8738918,0.5681833,1.7440453,0.23401654,1.5870562,0.38436943,0.18591923,0.2128893,0.79379845,0.61138046,0.22938043,1.6404564,1.8790243,0.8868704,0.37615576,2.6216612,1.1570175,1.0344573,3.294527,0.3978123,0.23964126,1.1611692,0.01920855,1.000701,0.33211532,0.71338,1.0720588,0.014439816,1.7310853,0.34203565,0.045484543,0.0,1.4589525,0.21840009,1.1065335,0.28836587,0.2662527,1.848861,0.008148835,0.03230482,0.00522452,0.010568745,0.76490206,0.16827774,0.22197102,0.21704745,1.4783347,1.4001486,0.013259288,0.4982322,0.23127088,0.105049275,0.14160426,1.4920601,0.6901541,1.9628003,1.8494929,0.23277776,0.042092327,0.15088205,0.7512711,0.7152075,0.34645748,0.11844757,0.31312588,0.038036227,0.0334021,0.12295727,0.44251695,0.0,0.0046054632,1.316645,0.010434053,0.4394755,0.29209155,0.12067423,0.1579051,0.08255968,0.016228043,0.61732537,0.24926785,0.11668142,0.6823377,0.124606036,0.20530283,0.5661234,0.089696266,0.951944,0.55983645,0.38512802,1.1321872,0.021520142,4.2065315,0.57911587,0.058531173,0.6907171,0.37270704,0.0047288802,0.4947743,0.532229,0.23647127,0.90557915,0.48858574,2.3117387,0.54335886,1.0979689,0.053322148,0.27337855,0.01663842,0.1621865,0.4959844,3.3133092,0.19070321,0.00042923924,1.5740892,0.47138494,0.10484732,3.2241344,0.55852413,2.1496265,0.16113576,0.38219565,0.21802342,0.024619821,0.4685958,0.28319776,1.43538,0.35649413,0.29948926,0.06256749,0.04187307,2.2092369,0.23619986,0.54611963,0.7914768,0.07167983,2.1322494,0.1583589,0.5672363,0.24564803,0.034943346,0.49449506,0.41422835,0.00027917954,0.11114071,0.46357632,0.28973532,0.5303761,0.16605355,0.8887906,0.34180036,2.7780063,0.7500118,0.08260676,3.1097631,0.5900251,0.6760493,1.6091607,0.5214133,1.809003,1.6295298,0.2642488,0.83726686,0.052980676,1.2011551,0.21500817,0.15660965,0.6099732,0.11564405,0.9125408,0.44422126,0.45034808,0.9387017,2.361856,0.3646932,2.023504,0.025583563,0.6984264,1.0114479,1.0010118,0.99739563,0.659972,0.4161827,0.23630063,2.5554454,0.12084735,0.08437484,0.6165325,1.060501,0.0,0.45041367,0.1001634,0.53384775,0.80536956,1.1284044,0.14229634,0.48124194,0.59885925,0.3010042,1.5668207,1.2275604,0.0,0.68066967,0.07567222,0.12238926,1.5221198,1.9328492,0.82340455,0.3453363,0.041084163,0.10410455,2.2747283,0.15121125,0.4801541,0.117281534,0.048799425,0.11475596,1.9787364,1.771077,0.16682665,1.2582967,0.2716969,0.8984009,0.20613457,0.58572173,0.22545722,0.0014991355,1.4812245,0.10666419,0.45043415,0.5226108,0.00011748194,0.0,0.8327515,0.46043053,0.80116373,0.06089639,0.620366,0.07355068,0.78413403,4.2243824,3.0761251,0.35018545,0.06469446,0.2589717,0.058591478,1.1288673,0.3964758,0.2598326,0.7274967,1.802081,0.4968024,0.031359844,0.14297283,0.62695235,0.25217023,0.8398288,0.41628295,1.5009894,2.938771,0.10891021,0.057864,0.13416697,0.045304414,0.35629418,0.46891296,0.20505857,0.23766394,1.1246359,0.58928674,0.3354037,1.2877003,0.11706944,0.5248662,1.2836084,0.44888604,0.4609561,0.6406818,0.07016143,2.0823615,0.12592763,0.10514571,0.14247976,0.37681222,0.6836127,0.016424773,0.5681946,1.0607299,0.30781496,0.079868525,2.0133238,0.2523036,0.1235581,0.0811828,0.035115298,4.308384,0.0027332106,0.7848279,0.037629746,0.0005677839,0.4455736,0.46265805,1.2013836,1.4406077,1.1828153,1.9979906,2.6710765,0.34426764,1.7129109,0.55714786,0.42567578,0.43861237,0.031971287,0.86885566,0.0708882,1.1177874,0.07838115,0.097644806,0.0,1.1939979,0.21593326,1.61604,0.19075032,0.0024236736,0.10054663,0.19680007,0.014221128,1.2098495,0.3087569,1.4120992,0.46388143,0.07981651,0.4822403,1.5218818,0.6259796,0.34054658,0.71421343,1.0683835,0.42025882,0.158004,0.25978228,2.4889288,0.5726888,0.22083278,0.57556456,0.25013635,0.16083787,0.05284402,1.4504294,0.0,0.027566517,1.6908731,0.5332157,1.5501939,1.3037661,0.010503961,0.03387672,1.2243136,0.043756314,0.71878767,0.28550532,0.169839,0.35525933,0.18822296,0.02391257,0.46016917,0.39035523,0.009827619,0.13195856,0.6281512,0.7131912,0.3775814,0.058586318,0.1142625,0.46994367,1.4968905,0.45977592,2.6428845,0.10100057,0.0049523055,0.39093876,0.83824325,0.24949984,0.0,0.91274804,0.075766034,0.14635177,1.1387819,0.4105613,0.12713195,0.26239774,0.4018608,1.9332438,0.4226362,1.0684705,0.8555298,0.36594516,0.4856029,0.7205585,0.13449724,0.9839478,1.5205128,0.66899574,0.0021268104,2.371162,0.08691251,1.3802152,0.6473087,0.85256565,2.3680158,0.016569812,3.0042992,0.0668206,1.2963948,1.6877708,3.5811331,0.061856035,1.4285686,1.2014979,1.3173497,0.20197096,0.7734873,0.19194216,0.0,0.604633,0.18030207,1.4697032,0.053180907,0.45137206,0.1857104,1.794355,0.16886821,1.004814,0.03336027,0.13657197,0.4236036,0.0,0.088887356,0.92501837,0.27490842,1.4918453,1.0969036,0.69355863,0.4282997,0.48909068,0.279667,0.6552101,0.9929958,0.061191402,0.32476908,0.2435523,1.5361935,0.3594175,0.050462123,0.19408403,0.53853124,0.2526491,0.009093652,0.0,0.048886575,0.42784193,0.70771736,0.112289526,0.56046075,0.49742755,0.646649,0.0,1.1011357,1.4185054,0.34431604,0.0,0.22489306,0.6502961,0.44690195,1.6576034,0.012587754,0.078249216,0.21658498,0.01994552,0.6947933,0.0017427342,0.025738318,0.5943793,0.16955611,0.6042559,0.030746741,0.26035726,1.3062367,0.016608994,0.1610087,0.21728612,0.54691225,1.3276128,0.22921881,0.91439164,0.8461917,0.49980915,0.114557676,0.048408844,0.054705128,0.46955535,0.06816765,0.24234304,all_pothole_images\pothole_images_enhanced_b9e1532604e0f453a004cd2797244fca.jpg
2.6213908,0.19019839,0.15628955,1.0847012,1.1270192,0.04472963,0.59887975,0.54216963,0.40210128,0.5270197,0.024400378,0.718554,0.033992577,0.34498253,0.66730404,0.121696666,0.035880156,0.030496236,0.3828005,0.38031113,1.0391693,2.9454367,0.5963281,0.030020723,2.075795,0.29551253,0.68568635,1.4156486,0.15257816,0.0008269773,0.1027826,0.30974996,1.9987525,0.28969473,0.36364466,1.6171865,0.0,3.4370546,0.6330798,1.7637634,0.0,0.076999374,0.105018176,1.3149068,0.56363255,0.65667623,0.022008182,0.06093633,0.5903598,1.5534517,0.6221939,1.5714468,0.87390864,0.21042524,0.21429405,0.8671727,2.2015064,0.19595997,0.71953815,0.37782142,0.023361122,0.39464754,0.16870289,0.45217034,0.4293462,3.0434139,0.49640447,0.24861121,1.3217459,0.20686811,0.07812576,0.13464797,0.4311613,0.17277558,1.820429,0.50800437,0.17370528,0.26821542,0.0,0.010684601,0.72522414,0.04848832,0.35579544,1.607706,1.2763703,0.22704922,0.5254384,0.8868098,1.4656776,0.27374324,0.0446501,0.003516548,0.042119566,0.08780617,0.5369917,0.39556757,1.2001348,1.1617728,0.27726507,0.22990678,0.052734114,1.7282374,1.5805193,0.06133388,0.18739651,0.0112052495,0.63159233,0.9257836,0.019509992,0.052800626,0.10271925,2.2651777,0.5483439,0.111617856,0.6384257,1.2142574,2.3339462,0.116780825,1.1026043,1.8764156,2.847993,0.08046183,0.0677669,4.158695,1.8519534,1.6129128,0.25984475,0.74828947,0.3881372,0.11001598,0.78688204,0.00037729135,0.0056362716,0.32255107,0.023207605,1.0342697,0.0038766738,1.6811037,1.18454,0.5085418,0.14927214,0.31374452,0.048557136,0.65267867,0.020599373,1.2984476,0.42455813,0.8831178,0.054805458,0.022790426,1.3225064,0.4813163,0.10757409,0.016381115,1.3338187,0.13251185,0.20833018,0.08568844,1.6487108,0.72182524,0.982753,0.921235,0.024658738,2.7161572,0.04186582,0.33433837,0.15247455,0.100157805,1.4472923,0.6156841,0.26635417,0.0,0.004460065,0.15672073,0.57479227,0.15310784,0.14885516,0.009410289,0.36247805,0.057376023,0.117196664,2.8202884,1.3907874,2.5676732,0.36506528,0.3216076,0.1177957,0.8607732,1.5508356,0.38719052,0.10479366,0.13969217,0.0,0.9997941,0.3628512,1.2536186,1.4835445,0.1003098,0.51134986,0.21239623,0.096214525,1.5160793,0.89076537,0.8011422,1.0031564,0.06304082,1.3119217,1.0626154,0.7036719,0.31727782,0.0,0.012899949,0.2538385,0.97014564,1.2296287,0.6570447,0.15937081,0.0067554484,0.33096135,0.30497646,0.20543769,0.59273744,0.05006906,1.449017,0.02759476,0.11664404,1.1418504,0.10777273,0.55745757,0.51580423,0.0152937,0.2245193,0.8777061,0.16382943,0.8368446,0.0,1.8461167,0.04788873,0.0,0.14805533,0.19010654,0.14054178,0.012675779,0.20467606,0.26868537,0.0,0.9722095,0.44395196,1.3463551,3.7189066,3.7830982,0.6357524,0.5898515,0.21367328,0.11928679,0.48341694,0.68507713,0.0026807247,0.28889775,2.99891,0.0640027,0.13899791,0.08717512,1.0264131,0.755138,0.45267463,1.3040186,0.79537964,1.1558131,0.18289948,0.057906073,0.055219352,1.0399345,0.63402116,0.848704,1.1340057,0.4492232,0.35927826,0.19307126,0.37350985,1.4981054,0.83413684,0.541077,0.007504328,0.34809098,0.2762699,1.0965115,0.38663265,1.008374,0.50590503,0.1438768,0.31988677,0.23093614,0.32355806,0.01980759,0.09227555,0.19453064,2.2372708,0.2615634,0.917232,0.64297295,1.0265749,0.31041402,0.68813956,3.8580623,0.40089634,0.0049062655,0.2019953,0.1093553,0.37714225,1.3309398,0.7160708,0.6601272,1.301494,0.017079696,0.5063053,0.097826175,1.5960965,1.4953345,0.12750135,0.2980531,0.4797659,0.5312766,0.009564105,0.42242613,0.24777642,1.282822,0.33616954,0.36688295,0.06833208,0.8626617,0.95936507,0.015777146,0.36017773,0.06102707,1.602745,2.1652331,0.7164787,0.1305744,0.54540867,0.53500515,0.21818371,1.9928336,0.12504426,0.83004767,0.04543683,0.0226762,0.008024229,0.2913059,0.69933206,0.42145467,1.1192999,0.94465804,0.31523457,0.9662139,1.034784,0.46524316,1.8622065,1.474734,1.299201,0.93522274,0.21979071,0.09056048,0.1431969,0.011335582,0.16421306,2.2397082,0.08712509,0.03459406,0.937611,2.2773354,0.13879512,0.428847,0.0,0.16867206,0.4036471,0.41083744,0.103913605,0.18429425,0.10046412,1.1130638,0.009412578,1.3840226,0.017759664,2.622371,2.419536,1.1252255,0.0,0.27703893,0.05665777,0.98610777,0.48932257,0.3190673,0.6041351,0.28109202,0.26498207,0.7507264,0.020377869,0.030190056,0.43546844,3.261969,0.15047935,0.68016994,0.6289597,0.91971755,0.0051187393,0.9321013,0.30666214,0.82451737,0.8281205,0.8666612,0.39773336,0.1931055,0.35088643,0.027387923,0.11417294,0.3202455,0.28829464,0.92864925,0.2519829,3.086768,0.84024817,1.3481951,0.7931427,1.6823722,0.29474843,0.47146925,1.4573166,0.5691897,1.0308082,0.2931256,0.1981075,1.0893073,0.2836777,0.60146445,2.6997695,0.6435279,0.8657425,0.29587024,0.59269136,0.057110358,0.64527524,0.19251509,0.9900734,0.55277056,0.23963594,1.7971064,0.4156016,0.33066297,0.28759205,1.0028915,0.62554675,0.23496783,0.39510968,0.98951584,0.6624792,0.38185546,0.21357226,0.07558441,0.6938198,0.7249297,0.9033415,1.6279386,0.60241926,0.81917274,1.1773399,0.37747106,0.2363232,0.35413703,0.11802665,0.4515764,0.59916073,0.113918185,0.7635017,0.9654368,0.6608102,0.008528533,1.1105193,0.2027143,0.3599035,0.2473768,2.8527083,0.73758525,0.2710622,0.0,1.1544154,0.07432563,0.15789828,0.851276,0.056782298,0.12442946,0.49466106,0.3611448,1.0324363,0.4108686,0.036789685,0.10845077,0.08992164,0.67476,0.069152735,1.5662005,5.1604033,0.7117969,0.04908881,1.3846072,0.5523,0.48280287,0.43716308,0.17325693,0.7381934,0.9087677,0.23968203,all_pothole_images\pothole_images_enhanced_b9e8d6eb4f7983eb2ec0fba427adc796.jpg
0.34530303,1.1656694,0.20334435,2.2119637,1.5307052,0.575274,1.4435021,1.2624223,0.6154568,0.32830733,0.9777324,0.7086635,0.43732947,3.7868035,1.0307108,0.2886941,1.9845659,0.96213126,3.2793136,0.8918841,1.6823506,2.8874831,0.8634184,2.00893,1.0338445,0.5020853,1.0793571,2.3907754,0.31761938,0.72419864,1.0826399,0.048849612,1.2114047,0.6426797,1.5086443,0.7766976,0.1630016,1.4092575,0.41785398,1.0963101,0.61990505,0.19678275,0.667086,0.34390894,0.7291519,0.51453257,0.70543605,0.58112586,0.010799981,0.84460247,1.22348,0.69738895,2.1065068,0.74455905,0.19577254,1.6815104,0.010732799,0.4187502,1.6358874,0.05256997,1.2685212,0.26522705,0.3962418,0.88566643,1.4622519,1.3749956,0.6336882,0.24004883,0.8822169,1.0753429,0.76534486,0.45320514,0.57231444,0.09675963,0.5224042,1.6137364,0.48228207,1.0868497,0.010123661,0.0,0.6987077,1.143685,0.43459696,0.77333194,0.9822648,1.1560496,0.09860889,0.030933646,1.7303281,0.034025256,0.014645465,0.52337044,0.5360966,0.9197224,0.51988,0.28189144,1.5719268,0.9250357,0.06560701,2.1587512,0.35975334,2.2412407,0.76433724,0.7966017,1.0663474,0.35831138,0.0018079572,0.78667635,0.0019316435,0.2092162,1.0570948,2.3982275,1.5440203,0.442733,0.04977085,1.158787,0.46295032,0.27840135,0.42201972,1.4447893,0.99598986,1.3916202,0.77250415,2.251657,0.49422154,0.4332428,0.5829185,0.96713185,0.5278642,0.27587235,0.6389201,0.019912565,0.25473425,1.7847137,0.45881033,1.7576821,0.6538112,0.46370828,1.0185543,1.0773284,0.4783154,1.475401,0.2189897,1.8813365,1.2729183,0.32793224,0.31214765,1.1648458,0.22839355,0.2818313,1.1502587,0.84952354,0.055287316,0.2777622,1.53681,0.844604,1.5880315,0.9849808,0.6154396,1.0163124,2.2346947,3.913664,0.57297206,0.09308494,0.32523954,1.3465332,0.7525737,0.18979037,1.8366715,1.9957882,0.69036853,0.274124,0.4078344,0.77515924,0.34919843,0.6745377,1.5975789,0.25722712,0.30301955,0.04089852,0.98259664,0.83333004,0.6593892,2.367365,1.0656697,1.2330879,0.4814507,0.0514716,1.2963578,2.0992496,1.2484957,1.7281075,0.037474997,0.46101397,0.59770185,0.27943566,1.2503611,0.70089036,1.572288,1.2999249,0.74277043,0.7201513,1.4403249,0.36649224,0.404279,0.10453917,1.0962684,0.032122556,0.3768779,1.726648,0.6852163,0.121891916,1.025376,1.7772436,2.6056447,1.9371985,1.2853713,0.41582248,1.1135762,0.5193985,1.0382396,0.35872185,0.96002287,1.5155245,0.010652029,0.4138432,1.5965875,1.0328647,0.5436303,0.8140574,0.35437667,1.1283361,2.0467412,0.9892863,1.8813932,0.060939465,0.1426169,0.4819671,0.7316178,0.25906283,0.71624345,0.4694023,0.40912005,0.332648,0.53904074,0.010844312,1.5044022,1.3369832,0.75780636,4.0640764,2.0901315,0.058153182,0.5827942,0.56366247,0.5039328,1.1911547,1.458316,0.3978522,0.24402946,4.417127,0.9595866,1.5179863,0.95081997,0.9692257,0.008256568,0.55912983,2.0918472,0.22521813,0.7837057,0.8441338,0.9846284,0.37818313,0.3492363,1.0449113,0.13369429,1.1013529,0.5073926,0.5614187,1.2089835,0.9404883,0.5103548,1.8180199,1.2345699,1.2800244,2.2236838,1.3011314,0.60682017,1.6898701,2.1118228,0.09473465,0.4817865,0.45370057,0.46018422,1.3689678,0.32944098,0.38111407,0.033703927,0.36814186,0.17708749,3.2548928,0.11462564,0.90669376,0.41296452,0.25865388,0.71299976,0.53006023,0.39358804,0.58033586,1.4335797,0.39974278,1.4292898,1.3990601,1.4010952,2.2253425,0.3868636,1.1307038,0.3745823,1.9595813,1.8869092,0.33795202,1.3385437,0.24561459,0.7183078,1.3324981,0.845539,1.8433598,0.29383487,0.7836353,0.45309222,0.59967715,1.4897608,1.6082281,1.0893617,0.38144368,0.9516078,1.8101335,2.300475,2.1972232,0.62161446,0.95408124,0.57000333,1.6164937,1.0385097,1.675443,1.1346772,0.7020964,0.779804,0.5124625,0.9857275,0.102938734,0.09293938,0.59862393,0.756944,1.3917608,0.3745548,0.18271379,0.56122917,1.592536,2.3358996,0.4049359,1.0296274,0.017597366,1.0219561,0.84656304,0.0,0.43820545,0.4612741,0.9153382,0.13308306,1.8930461,1.1387058,1.0792552,1.7074043,0.35820642,0.8142347,0.79426193,0.7155348,0.25589603,1.1531028,1.6340157,2.0793188,0.88520795,0.3734806,1.3360938,2.1044514,0.71479064,1.7814206,0.38675174,0.19864382,3.293458,1.5161042,1.3329248,0.40403408,0.9600754,0.09078974,0.04853103,1.8629268,0.47544813,0.90125805,0.24001814,0.75253093,0.7418855,0.58078647,0.42767194,0.6542038,1.10078,1.2614361,0.196204,1.6278615,0.13505459,0.42370114,0.9008164,0.8845189,1.514267,0.28255394,0.5147897,1.2629462,0.5512194,1.5184721,0.71391433,2.5096416,1.1142825,1.8010669,0.821623,3.4828308,1.5459,2.0318418,2.148481,2.364481,0.8890133,0.21378447,0.65364707,0.30705044,0.377005,1.3146144,1.5693176,0.69923526,1.0921892,0.9936989,1.1726574,1.3966237,0.09284463,0.057016633,0.8593918,0.10156205,0.8943937,2.2387502,0.40813643,1.14076,1.5057242,1.0910789,0.596075,0.71107894,0.5557208,2.1388955,0.4631002,1.6242709,0.033284552,0.18610267,1.3192313,2.0715985,0.21787256,0.9990285,1.1732678,0.3334722,1.9195108,0.5756612,0.727896,0.7424197,1.1576623,0.39692217,0.9861758,1.1724334,1.1125684,2.4591446,0.21454015,0.17229909,0.22411011,1.0199099,0.89211005,2.5468626,1.2790041,1.9106753,1.1376905,0.06414519,0.025067672,0.9620697,0.6371878,1.3659617,0.24616498,0.26117742,3.3373911,1.1605194,0.07438353,0.2863491,0.011577842,0.59050226,1.3159608,0.3138214,0.20455904,1.6597176,2.3435607,0.68823755,0.084312536,1.3033984,0.44338682,1.8638984,0.5044427,0.07714459,1.7463294,0.34212866,0.16597098,all_pothole_images\pothole_images_enhanced_b9ff49b1d46a284386956c1a9d5851ea.jpg
0.316586,0.12531042,0.18052113,2.4539056,0.81745356,0.0029745703,0.08971777,0.0,0.22851183,0.24077937,0.5294933,1.2196057,0.0,2.9591262,0.17664902,0.56416255,0.475376,0.7489688,0.29598743,0.113747105,0.49771664,0.38773918,0.14444675,0.38354,1.3789716,0.0009873176,0.17331314,1.1057895,0.0,0.6571162,0.114675716,0.0,0.0,0.6630459,0.30708322,1.1216738,0.055168293,0.13284968,0.8740707,0.00094257254,0.38130686,0.060129125,0.6021677,1.2411431,0.7111729,0.040022757,1.211755,1.0995739,0.79247856,0.43013996,0.60998416,0.95156425,0.11088527,0.19493487,0.3836724,1.1269608,1.0391332,0.5389199,0.0,0.60471374,0.042535003,0.0009853819,0.48490787,0.12807712,0.07484523,0.8536587,0.2265669,0.0640805,0.0,1.0752977,0.4508808,0.032323044,0.21444628,0.0,0.1231249,0.0052430606,0.5293724,1.361456,0.0,0.29466704,0.0,1.3115228,0.16823281,1.4227859,0.006922943,0.002506417,0.3940903,0.0,1.1801794,0.15253842,1.3273937,0.13260211,0.83362174,0.064130194,0.644347,1.2297974,0.0017841014,1.9234186,0.00020966312,0.989918,2.0430799,1.8832164,0.45795688,0.0,0.7134044,0.24069478,0.44645083,0.038145456,0.6120046,0.7985192,1.3383439,0.1314789,0.017522806,0.08435583,0.30676302,0.030371286,0.0049644806,0.037862014,2.629721,0.52330506,2.3656807,0.0,0.2920331,0.07689846,2.2595158,1.2109541,1.8042483,1.333071,0.0,0.3153622,0.43158525,0.100290455,0.17651998,0.09252055,0.576305,0.006577244,1.7254364,0.005483153,0.4180877,0.0861305,1.4571815,0.023709316,0.2336648,0.7770023,0.35630205,0.24779047,0.89529926,0.58964884,0.16918038,0.34267774,0.025930857,0.8839532,0.004529443,0.6081215,0.8975377,0.17076962,0.85414934,0.9767548,0.48968992,1.0360687,1.0388478,1.4846586,0.8190718,0.61821413,0.6239068,0.42480254,0.64393896,0.2672826,0.65212935,3.3935292,0.014580481,0.041968383,0.051603824,0.0046297354,0.014003345,0.31187835,0.37648073,0.0,0.4318548,0.24384168,0.02716078,3.2670043,0.09352154,1.6887085,0.8033067,0.051251985,0.85479736,3.8162508,0.16169402,0.2543196,0.3254894,0.25934222,0.26640463,0.23900771,0.3466996,0.00036314654,1.3929256,0.040699594,0.5780975,0.07242201,0.14843158,0.16733979,0.05875353,0.09990568,0.794669,0.9243947,0.27190444,0.026734736,1.1801875,0.043586798,0.0,0.026720364,1.5512372,0.3399452,2.7847993,0.62522167,0.026886757,0.0,0.029274162,0.4260708,0.19968386,0.0132932905,0.5712406,0.30809343,0.0035422943,0.43408218,0.27092212,0.016711388,3.9731731,1.1940022,0.044933524,0.036201335,0.31221128,0.013760239,0.11714695,0.5042141,1.4343884,0.018445091,1.304395,0.56369793,0.6861529,0.115390286,0.8513351,0.34290045,0.51511824,0.08580593,0.44290495,0.008667896,0.038369775,4.746287,1.0665911,0.11321215,0.63311243,1.1840823,0.8325249,0.6211179,0.13864803,0.2057377,0.9963123,1.4713899,1.8377101,0.6735087,0.42714006,0.10356356,0.44783345,0.40386254,0.7854814,0.35371518,3.5362086,0.4900967,0.320166,0.049504858,0.6336131,0.00845651,0.076383956,1.246805,0.026953483,0.010979195,0.48523998,0.3855304,1.2345413,0.5019415,0.79436165,0.06901567,0.014150658,2.8892705,0.7213954,0.545079,0.92383945,0.26793495,0.0,0.6270476,0.0014008757,2.8794367,0.44871193,0.46121016,0.7838102,0.0048681605,0.13831323,4.095267,1.6321746,0.02353585,1.2261041,0.22753376,5.501676,0.008424497,1.6190673,0.001488736,0.22161078,1.1323416,0.11133309,0.48255697,0.980639,1.969472,1.9285029,0.63259596,0.0041753696,0.43316212,5.9058256,0.6322815,0.18574244,0.022553151,0.9071247,2.2345204,0.21361732,0.38333136,0.5499019,0.021161955,0.20220955,0.0,1.030742,0.8136285,0.2591716,0.46386072,0.36635342,0.0,2.173979,1.4367225,1.0537162,0.44457477,0.73104984,0.0,2.221287,2.3522918,0.20323247,1.4342419,0.052904148,0.33507,1.1689371,0.06350021,0.035526175,0.07745922,0.015611113,1.3290877,0.036716603,0.027394472,0.23542388,1.9307684,0.93634474,1.1731821,0.14353189,0.06185818,0.82356066,0.57120436,0.45647863,0.076468185,1.5936778,0.27153128,0.3229608,0.033809718,0.8952622,0.009769282,0.2699863,0.5891876,0.0067399726,0.058878966,0.35762966,0.0034902727,1.5578725,0.0082828645,1.0270001,0.0073508364,0.23779503,0.7521371,1.1451721,0.76100874,1.1375234,0.0029494246,0.022735126,1.1960845,0.884699,0.0011413207,0.2822299,0.036699563,0.41039735,0.72259754,0.015141511,0.46877572,0.037004728,0.21567577,0.13430852,0.7264124,0.47079065,0.122799434,0.511108,0.2286336,0.4764908,0.37261015,1.7505664,0.10461675,0.0,0.07537793,0.0038502181,0.22750436,0.5649126,0.23095378,0.013476654,0.031524114,0.25784913,0.031190105,0.9850722,1.3612885,0.15981758,0.23105127,1.159018,1.224447,0.11763773,0.0,0.4909502,0.009775919,1.0308949,0.103357516,0.2082311,2.0213249,1.0133334,0.5716636,0.5544252,0.48555928,0.072187245,0.14041747,0.06419616,0.0,0.0,0.15334727,0.016473146,0.0,0.4105118,0.18246467,0.08126598,1.3589362,3.9630942,0.2819342,0.5767593,0.017255742,0.1382418,0.18664052,0.37226188,0.0,0.30601525,1.4628112,1.5577053,0.60587,0.32005605,0.0,0.01589547,0.17289636,0.00830058,0.39277723,0.014428756,0.69119716,0.5086438,2.1957953,0.009246452,0.327441,1.6386619,0.011455428,0.9217692,0.25044045,0.3891315,0.022468952,0.17513107,1.0263414,0.51568276,0.05464147,0.76416737,0.16436107,0.005096431,0.0,1.0826133,0.01628022,0.39205053,1.8679477,0.5128953,0.37492248,0.8697533,0.24149133,0.22420031,0.052577876,0.018453917,0.13098067,0.9743037,2.077817,1.003067,0.05278446,0.24012296,1.767595,1.4992245,0.4252362,0.124448374,0.21940735,0.0,0.0,all_pothole_images\pothole_images_enhanced_ba0e3fe4cb68381732cf90ab675922e3.jpg
0.60611653,2.1311991,2.0363102,1.5986711,1.1858594,0.07023721,0.14772275,0.008250275,1.1605061,0.11732935,0.07672424,0.8680579,0.8789336,1.1706886,0.54519886,1.155998,0.036954653,0.0,0.36888516,1.0996478,0.53508997,1.8816291,0.20346694,2.4984224,1.6678342,0.14920464,0.38176563,2.5060742,0.017062444,0.5387891,1.4565909,0.533078,0.39152184,2.1109064,0.19128469,0.2892858,0.56071216,0.25973564,0.61839104,0.9577607,0.66359645,0.10999759,0.1837962,1.4117478,1.0574534,0.072367616,1.5778403,0.12768859,0.4880536,0.15261455,0.13289142,0.431228,0.32104054,0.08927706,0.09452228,0.090918556,1.3805,0.003900574,0.22887823,0.24464315,0.21026592,0.58029336,0.40245545,0.090907544,0.5424268,1.9105673,0.079395965,0.01864186,0.1551693,0.28604794,0.15591526,0.3702929,0.37125704,0.051537506,0.07014906,0.9191189,1.1227554,0.9138655,0.0,0.23748381,0.10549032,0.32446313,0.30735567,1.342572,0.36645436,1.1651251,0.05034751,0.9130235,2.9355083,0.07232464,0.13901491,0.3865352,0.318727,0.29898554,1.1003703,0.40200898,0.25163725,0.7712024,0.61057717,0.3499737,0.09783523,0.34121463,0.021421863,0.75665575,0.038442202,0.28850466,0.13285643,0.30367,0.39092368,1.2586247,0.5303499,5.2623506,0.2735887,1.2453649,0.5639563,0.40725452,1.8264328,0.11656316,0.3242743,0.5010275,2.6805239,2.1103947,0.49953857,1.2322202,1.3231782,0.90709454,0.6632202,0.5220156,1.2973163,0.19197,0.43205416,0.04996345,0.04700242,0.12162945,0.17808735,1.3649157,0.1482564,0.30646205,0.23865691,0.16341005,0.20301497,0.11472783,0.075272925,1.310588,0.23031917,0.2265521,0.6851617,0.5997263,0.6843939,0.4760381,0.52896506,0.19118941,0.16855498,0.18329331,2.4178095,0.058783334,0.12024554,1.4168673,0.47796008,1.4670367,0.8975363,0.34965667,0.002593702,4.5180187,0.26133975,1.2351747,0.11147645,0.03424054,0.6168256,0.5439128,0.02880642,0.026723959,0.3300644,0.11032692,1.6622518,0.03625932,1.1475945,0.0044770767,0.07777768,0.29921436,0.0,3.1231332,2.8321776,2.0500166,3.3124502,0.2719972,0.09334711,1.0462595,1.0605677,1.3747427,1.2017955,0.3100875,0.012018071,2.3982468,1.0580219,0.0,0.083475776,5.28225,0.24130999,0.59653145,0.55462056,0.7816617,0.8959464,0.6599299,2.4293187,1.4799216,1.5292336,0.49902597,0.6027608,0.55346906,0.014499895,0.3558848,0.68131113,0.47463673,0.14362593,0.528738,0.08793666,0.54536986,1.6466267,0.18601017,1.1780236,0.0019057425,0.7927523,3.2002084,0.11213522,0.5510015,1.9047308,0.3064261,0.6410602,0.07807425,0.4373969,0.78673804,0.5223236,0.008253856,1.5296247,0.581707,0.77428854,0.81926787,0.42409202,0.22300634,0.77956414,0.001410515,0.109751925,0.05162932,0.0,0.16642837,1.2460191,0.117426075,0.5356983,2.6762168,0.6241296,0.04371094,0.7690962,0.30271375,0.117233925,0.0,2.173496,0.2973872,0.24967715,0.4467242,0.41917092,0.023718476,0.33502725,1.1976534,0.047454648,2.8267477,0.08085147,0.43158364,2.5978115,0.7199624,0.7328436,0.20610797,0.020192755,0.46774003,1.8140637,1.5125498,0.3820573,0.7669726,0.34673068,2.0185611,0.044485047,0.61244035,1.0720736,0.21549767,0.8185056,0.7720697,0.9761776,1.7461115,0.10557831,0.28173232,0.20329246,0.074311055,0.22667468,1.0249537,0.3992942,0.59003955,0.7576111,0.7156118,0.56861025,0.6258851,0.8538305,0.01840109,1.0296661,0.929938,3.9685154,0.157842,0.018797481,1.1313542,0.063115224,0.09716393,0.020395223,0.47655702,5.879619,1.5321714,0.2922099,0.99089515,0.08935607,0.18539,1.4962453,0.13625589,0.66467035,0.2353201,0.36953115,0.24362947,1.4806101,0.4987534,0.5024996,0.009112109,0.18472889,0.45115268,4.0027814,0.13028876,0.44103342,0.17741175,0.059095047,0.037178434,0.3212555,0.15668707,0.07309778,1.3262361,0.31750125,2.684167,2.2237267,0.5197464,0.5395308,0.010097643,0.4472557,0.14758688,0.023146939,0.917332,1.0534705,0.21446788,0.6666667,0.0810939,0.060840815,0.0062653203,0.24336493,0.5763792,0.0036956074,0.8038366,0.6647228,0.24926913,0.59725523,0.69134367,0.0,0.37657052,0.4637389,1.0820965,0.7107075,0.1323805,0.54812235,0.96668655,0.38952783,0.66805,1.4985763,0.53030163,0.060507063,1.4219625,0.57069194,0.3011397,0.01101368,0.29621726,1.6796153,2.0185766,3.4165518,1.0767657,2.5058343,0.01163815,0.012315744,2.2573094,0.77649665,3.3956227,1.8269837,0.18314281,0.03028909,0.84824103,0.16624431,0.790494,0.6245776,0.62921077,3.1361969,0.41098988,0.07476765,0.9015582,0.22675198,0.018178266,0.9421828,0.68293434,0.15424883,0.026020514,0.3458082,0.6633036,2.1782858,0.33890635,0.10434428,0.28432465,1.0524396,0.62060964,0.18810052,1.1595707,0.10342569,0.013742646,0.67730415,2.1671753,1.1881063,0.3540995,1.0073677,0.7948796,1.0372272,0.52245533,0.12363564,0.6754438,0.019237576,0.29173937,0.014805645,4.557766,1.7530448,1.7238586,1.4856216,1.5328153,0.17475574,0.38562977,0.023907444,0.5838115,0.032999296,0.16751906,0.22668746,0.17825203,0.15519461,1.3532366,0.68103075,0.023299618,0.9592072,1.6550344,2.5081463,1.0381976,2.5523422,1.4097476,0.095285684,1.4849143,0.012244498,0.36566722,0.17179018,0.121417254,0.023120454,2.1239698,0.22338735,1.0213354,0.2277261,0.3453912,1.0157245,0.93392247,0.1134648,0.037936352,0.20063338,0.38918146,0.22410336,0.79815274,0.95842195,0.03927098,0.58793956,4.258102,2.182285,1.532304,0.15041742,0.4340082,2.1623926,0.3075404,0.8868693,0.3088829,0.11850822,0.3995054,0.47440773,0.11285834,0.0,0.0,0.07676412,0.040574826,0.0,0.07253282,0.5261148,3.158121,2.0809412,0.5145137,0.109003976,1.457457,0.0,1.209345,0.26385012,0.26332647,0.2870637,0.03772281,all_pothole_images\pothole_images_enhanced_ba1354ca09de4539573156f3e52748d1.jpg
1.6612233,1.0025792,0.46505675,2.5270524,1.1861277,0.44997507,1.4840904,0.21366748,0.23008601,1.3034765,0.24049911,1.1193485,0.0014032389,4.9674163,0.90004635,0.60106707,0.122675896,1.0354446,0.6709656,0.056953415,1.093616,0.8876595,0.881012,1.2097415,3.0284789,1.430196,0.6166214,3.7468874,0.6720327,0.060199387,1.6498089,0.37094185,0.9170146,1.0628175,0.45926455,0.20411602,0.16646285,1.7604067,0.3405138,0.5683422,0.056843273,1.2978373,0.4515212,1.674813,0.17410411,2.2611535,0.36307937,0.084166445,1.3649864,0.6437405,0.84443974,0.43607527,1.3888608,0.019483648,0.22641928,0.6178844,1.8449078,0.094329916,0.7416703,0.59804964,1.6112347,0.03445315,0.37475908,0.07876871,1.1603153,1.8881217,0.26701492,0.1906853,1.5958853,0.1614059,0.7300815,0.19790007,1.1483742,0.03912674,0.36420667,1.5789838,0.13734248,0.30554527,0.25706777,0.32526478,0.033246856,0.60166866,1.1941385,1.4040136,0.5870706,0.61714345,0.03305709,0.26511925,1.7710776,0.43744025,0.23177706,0.34964013,0.37133953,0.58095,0.3212376,0.37585628,2.8140664,0.102053516,0.3163159,1.0956419,0.027136704,2.896035,0.78362024,0.45155528,1.6546261,0.31559896,0.84939,0.9505695,0.5257979,0.12568861,0.111423284,2.0083888,1.4994745,0.5042516,1.9749064,0.16844647,0.35485336,0.3450356,0.92563874,0.4301491,2.2762904,0.714558,0.5903481,0.13993901,0.9972902,0.0012735011,2.193406,0.289193,0.11476044,0.29181206,0.6374336,0.17465305,0.06654318,0.3514199,0.6664658,0.6516581,0.93559265,1.2385501,0.74306935,0.1319676,0.56597847,1.0581218,0.44594696,0.97770566,0.9048064,1.4009799,0.07993517,0.773802,0.9694694,0.30962738,0.7209667,0.62683684,0.017190695,0.21628155,2.0215998,0.2911414,0.65113586,0.8321253,0.6901256,0.4997764,3.0222645,4.344008,0.89399505,1.4817088,1.1016454,0.4753854,0.8666818,0.12665622,1.1542196,2.1178074,0.32018307,0.009210043,0.09718017,0.19805808,0.19176085,0.08300606,1.2141414,0.025794474,0.5947343,0.15425202,0.029226812,1.8140693,1.8511465,0.44051477,0.8236459,0.7867813,0.6902896,0.9601782,0.56783724,0.8347206,0.965846,0.13257948,0.3689375,2.1389885,0.5943502,0.23793209,0.7619058,0.7699598,0.53864723,1.8119701,0.5252308,0.7589921,1.4460038,1.0692958,0.15508237,0.26777372,0.15321961,0.079116926,1.2860904,0.8340381,0.65314436,0.5395492,1.59292,0.07167313,1.3606774,2.191576,0.90146494,0.3551284,0.5249084,1.2796127,1.2109019,0.6332863,1.8333691,0.17816544,0.7331016,0.3223555,2.5408003,0.87574613,0.38022637,1.3714744,0.5266405,0.9542932,0.28002858,0.46563676,0.47408283,0.05154845,1.796581,0.8968904,1.0277208,0.21778674,0.6956133,0.62862253,1.0033157,0.81975365,0.038411584,0.09246089,0.7517569,0.994904,1.1100501,4.82148,1.9216436,0.15905869,0.41529647,0.89354634,0.0,0.65760154,0.1312759,1.1709884,1.4450778,2.7950695,0.98378706,0.6065234,0.4560311,0.46747565,0.065058015,0.75301677,0.40498167,0.3033747,0.9327441,0.24387439,0.8013983,0.24034873,0.5060699,0.27052826,0.7072845,0.7746949,0.5103414,1.5627347,0.34883252,1.3606315,0.92931694,0.012674098,0.9923815,1.1084542,0.9239109,0.81168985,2.0420158,0.8371755,1.6336133,0.20101087,0.08968176,0.082636304,0.47541925,0.4000859,0.31486917,0.5076706,1.0857366,0.79235613,0.015952948,3.5148895,0.37562618,1.2845994,0.036460117,0.06541907,1.7215233,0.44071877,0.04508794,0.7309558,0.0,0.6706124,0.9301437,0.84857225,0.8732496,1.6134709,0.5217374,0.59226686,0.22933656,0.94160926,1.6773382,1.203277,0.29567176,0.28506026,0.86875,0.5777881,1.4721595,0.3827249,0.093299545,0.5790232,0.4985348,1.314032,1.4497409,0.3531072,0.0,0.80451745,0.9315182,0.41388997,2.5943215,1.2112823,1.0355879,1.7720104,0.34485555,0.54655695,1.3949342,1.982835,1.2521908,0.25850722,0.29519376,1.0747004,0.71491987,0.30026856,0.2690302,0.591075,0.688658,0.36072648,0.21984363,0.30446815,0.21886554,0.98143953,0.51613486,0.18417245,1.6297954,0.02646498,0.8271498,0.9666401,0.0034775943,0.06451231,1.621575,1.031354,0.9967024,0.9215522,1.2109494,0.23357843,0.66759056,0.87332076,0.12817638,0.07664574,0.07330562,0.2777626,0.66895026,0.058823526,1.9655064,0.28694153,0.064662494,0.67186004,1.790255,0.78143317,1.4166929,0.08159415,0.020496208,2.596618,0.96933293,1.8935366,0.44088987,1.2446932,0.8143105,0.27175477,1.2483162,1.4581604,1.168272,0.26182866,0.6726645,1.0849278,0.73118156,0.65283763,0.7884204,0.6887134,0.21221301,1.9439821,0.74054515,0.08099296,0.405377,1.0232145,0.021031871,2.0529041,0.0,0.27323073,0.6130296,0.59299797,1.7216232,0.076834135,2.289246,0.74133766,1.4963204,1.3611455,1.7094477,0.20898968,0.23999357,0.3464184,0.42717835,0.7392789,0.20334232,1.4425334,0.9597775,1.4779551,1.6352636,2.5904284,0.6889873,1.1552508,0.05026195,0.22938423,1.3348271,0.8383686,0.00096294115,0.008757155,0.0,0.022225022,0.36938974,0.6321629,0.049338743,0.27332672,1.2817307,0.58232754,0.30877334,0.58173037,1.1160433,0.3249161,0.7383962,0.11954603,0.14023331,1.2768744,1.2568194,0.560121,0.7610156,0.2889996,0.5020253,0.9022176,0.92420274,0.30393362,0.6244339,0.65031666,0.124653146,0.7819761,0.20210698,0.13930976,1.0964266,0.40072677,0.86891603,0.3437273,0.9762388,0.08967417,1.5662552,1.479437,0.7611779,1.0133344,0.1269132,1.0741106,0.9686818,0.4138615,1.843338,0.0,0.83853084,1.3105354,1.0695319,0.13670392,0.3888362,0.38665837,0.78376156,0.122728154,0.9034967,0.7854104,0.38698584,2.0409162,0.8997696,0.8753581,0.18937702,0.2809819,1.2706375,0.5112745,0.07327767,0.52868444,0.113412134,1.1316648,all_pothole_images\pothole_images_enhanced_ba74c7dd29b448c3cfadb2513a882df2.jpg
0.75678974,0.75219476,0.16846399,1.6967331,0.7577995,0.64468026,0.46292114,0.15703693,0.36165985,0.48784512,0.5637472,1.0796894,0.1759972,0.5945668,0.15234056,0.96335006,0.22630088,1.092327,0.6827581,0.18205811,0.13225459,2.043296,0.115389585,0.897178,0.9696417,0.7758321,0.38582096,3.1899774,0.04500493,0.019689526,1.2719036,0.20678882,0.0041139126,1.1192384,0.27670333,0.9062083,0.0,0.85171217,0.88601047,0.43857944,0.19889341,0.0,0.33869627,1.1716042,0.271271,1.2941972,0.15029909,0.3076753,0.09485636,0.6147322,0.7387691,1.1431634,0.17277198,0.0117147025,0.13433504,1.9045866,1.5187191,0.5322884,0.3212651,0.04798631,0.5055932,0.13731875,0.6802513,0.018560722,2.264358,1.6059351,0.44786808,0.020035094,0.24167484,0.08128858,0.24434754,0.039021365,1.0623885,0.48214778,0.13858916,0.3738575,0.059797373,1.2136563,0.38210857,0.07830222,0.7878628,0.047308274,0.00028247104,1.4835024,0.96189016,0.23197533,0.12983131,0.35920566,1.9381782,0.08298388,0.3434273,0.13250406,0.7438927,0.22343688,0.025371877,0.3733102,1.9403982,1.3829801,0.70884156,1.4687289,0.050493892,2.5116043,0.11732732,0.25681943,0.9630832,0.12181766,0.517053,0.67735094,0.64849824,0.00021804689,0.012848805,0.29935953,0.512524,0.4142534,0.2738558,0.31842804,1.8839152,0.90617555,0.41204917,1.2711905,3.9879103,0.26875204,0.19737148,1.7736456,0.27622944,0.12036744,0.5008019,1.2688258,0.82355666,1.1005208,0.18181026,0.017658098,0.25013438,0.5584252,0.070046045,0.6526409,0.9162868,1.2955426,0.7805907,0.23736474,0.37656942,0.15063114,0.3272849,1.2703302,0.54530096,0.7761804,0.08153684,1.7503469,0.2515887,0.21774732,1.1396453,0.48936406,0.054752514,0.77807784,0.85228986,0.4001401,0.49120143,0.0,0.00020425234,1.2434921,3.3125365,0.92981887,0.015558177,2.4249954,0.13248783,0.6106894,0.39512917,0.82891333,1.3018357,1.3536993,0.025573032,0.12784724,0.2454285,0.06260137,0.59216297,0.29955494,0.122615956,0.025946716,0.11346693,0.038323257,0.19461341,2.556677,0.8008602,1.6355398,1.8110183,0.94245756,0.60873055,1.8528271,0.6503466,0.14522696,0.019059455,0.6525226,0.13362525,1.2857648,0.72379553,0.127614,0.75759155,0.099189214,0.18417975,0.7390683,0.27677944,1.8822012,1.9344475,0.32761654,1.2201836,0.8205854,0.17274354,1.1990389,0.378733,0.14667231,0.036050823,0.0,0.74890643,0.5772603,2.0380127,2.9315083,0.16725256,0.15377803,0.2793485,0.00478018,0.8172855,0.39776525,1.2768662,0.23262922,0.052195,0.72103477,3.110296,0.26643023,0.59794056,0.54023325,0.23102131,0.7359932,0.34281415,0.00030467287,0.7129486,0.41608444,3.6566777,0.0095828455,0.5556611,0.58861256,0.3054617,0.059183866,0.71180505,0.13545197,0.4405854,0.00021589045,0.32072526,0.31247538,0.012258144,2.7136424,2.7413466,0.45185292,0.23126633,1.7454699,0.25865978,0.034837343,0.21749036,0.37237376,0.4804803,0.7517906,0.44830632,0.043029025,0.65847915,0.22504403,0.19890365,0.27610478,1.9369049,0.45854607,1.3489711,0.17638028,0.16222873,0.3136503,0.10878532,0.34573254,1.6973332,0.9199698,0.6040827,0.8163432,1.0860714,1.3164617,2.2080433,0.07967807,1.6752075,1.2164433,0.33601066,0.9407929,0.75018525,0.94958276,2.5019984,0.48614845,0.08689063,0.05392066,0.14633678,0.68892723,0.44698027,0.26232773,0.44717503,0.4964056,0.18103456,1.5603882,0.48691863,0.511863,0.19064288,0.6394872,3.6490622,0.38683358,0.43096104,0.15501599,0.12512483,1.3115557,0.40295193,1.7211049,1.544011,1.544796,1.1335616,0.51209086,0.0019586342,1.6799344,1.8861167,0.14391951,1.6612285,0.081202544,0.8898113,0.028136533,0.83109266,0.76162875,0.42444503,0.036110032,0.13746725,0.4458821,2.0152662,0.35928577,0.67171586,0.15404008,0.09323356,0.7737089,0.62454957,1.0631292,1.0629727,0.7757792,0.23128009,0.029367499,1.1600169,1.0284957,0.5288281,0.11712362,0.17816328,0.31994107,0.5737456,0.11464393,0.31444696,0.34243304,0.81254447,0.46366173,0.16912504,0.114052914,0.30842006,1.871652,0.49868813,0.05586272,0.3946091,0.10252387,2.3410852,0.8627047,0.23218225,0.02128822,2.7591603,0.17536758,0.564426,0.14111774,2.0635417,0.5367345,0.19979523,0.093751304,0.040055506,0.0,0.025070759,0.13902377,1.8795828,0.09879739,0.53744584,0.11222716,0.19385618,0.07213151,2.8515375,0.5635197,0.5128044,0.093644686,0.003323026,1.404938,2.3706944,0.6013284,0.3342917,0.054733362,0.11788165,0.093097664,0.7264511,0.09115452,0.015420434,0.24000965,2.6514423,0.72019553,1.2624714,0.93566877,0.33433104,0.5133602,0.50291055,1.3804679,0.79114133,0.1992959,0.34208187,0.18789542,0.029783651,0.29232857,0.25881082,0.22229972,0.19164173,0.7248185,0.3522901,0.0,2.462122,0.55339384,0.90262437,1.5680199,1.634755,0.38676295,1.6562567,1.2239134,0.68031573,1.3713177,0.72666204,0.04398782,0.8503363,0.87156475,0.3276408,3.147092,0.54907125,1.2056562,0.20872392,0.37494704,0.52230144,0.7703039,0.17282528,1.4225165,0.27693474,0.016453665,1.300898,0.16587117,0.059761763,0.35456803,2.1668046,0.07879371,0.48242432,1.0611997,0.55625534,0.63546383,0.013232288,0.17709583,0.5331044,0.89038724,1.9857529,0.20905375,0.301794,0.108223796,0.99034506,0.38761663,0.094821766,0.04567,0.69190323,0.32227018,1.194092,0.2099211,0.38279203,0.4254568,0.2685813,0.0010076177,0.4114627,0.74096894,1.2811038,0.07439111,0.24383324,4.737325,1.3336818,0.16995245,0.0026263795,0.9676662,0.029566234,0.099811696,0.80884916,0.27869713,0.0,0.7385719,0.124348074,0.131999,1.4425782,0.47586423,0.31281948,0.16107455,0.035335097,1.1461657,0.79006344,2.965847,1.9234637,0.40876594,0.6609246,1.2867984,0.5312028,0.00067451305,0.18303497,0.6548015,0.4721942,0.66882527,all_pothole_images\pothole_images_enhanced_bacbf110d0541bba6aa32aaaa3756746.jpg
1.7153413,0.39011702,0.049683023,0.9478679,0.2000674,0.9916663,0.18730803,1.9693407,0.84851587,0.33238614,0.4631511,0.6890531,0.082830854,1.616123,0.045621768,0.56189716,0.74597555,0.18610594,0.06378993,0.7512884,1.5469763,1.0107794,0.7261821,0.43171132,0.70392823,1.2508574,0.9177997,2.708874,1.0224953,0.5185471,0.5826903,0.27922514,0.2711516,0.7152902,0.08137717,1.1697565,0.2413587,1.4538462,0.48077905,3.0410898,0.1130149,0.08382394,0.07172142,1.3721296,0.24804968,1.0992047,0.15658884,1.6452527,0.0032894532,0.48169243,1.3981229,1.0697874,1.2766184,0.6753212,0.04068812,1.8258501,1.9555539,0.9268367,0.30681527,0.014236748,0.00053554296,1.6589946,0.08414224,0.5270892,0.7265681,1.4129416,0.37693143,2.0841913,1.0270492,0.3300956,0.7885892,0.7167234,0.71633893,0.12067379,0.6300343,0.06518136,0.29502487,2.1093895,0.006927944,0.2390439,0.65387344,0.5003248,0.28615698,2.2416544,2.5653353,1.4381064,0.21718307,0.98849314,1.3532064,0.24359953,0.08943625,1.0758759,0.09679878,0.61705464,0.32093245,1.153229,0.072857425,0.65370023,1.6223966,0.11038377,0.119089715,2.0446155,0.16845836,0.08426727,0.13528016,0.505278,0.054252353,1.4997696,0.13740811,0.39475584,0.4113711,0.024928302,0.5263267,0.1779831,0.77696586,0.5290398,0.46300167,0.13973415,0.37043422,0.6757098,1.922655,0.8769115,0.30267745,0.7661787,1.3190715,1.252049,4.54789,1.3169237,1.2946208,0.15076113,0.30275813,0.45411614,0.7444444,0.39348352,1.3540131,1.6317677,0.14537744,2.5540946,1.7418113,0.85215944,0.38911438,0.43075764,0.62872213,0.30523494,0.34284776,1.1130891,0.7520622,0.72736776,0.07307361,0.08077077,1.3861742,1.9494959,1.2350887,0.23004577,0.4972713,0.35726827,1.3042154,0.049167965,0.34770343,0.57979774,0.67460984,0.1614407,0.05676955,0.53078896,0.021706719,0.44542676,2.1172254,0.23498169,1.6336253,0.3112135,0.19491667,0.1990691,0.72178304,0.027598651,0.06968354,0.2701769,0.3024185,0.070371605,0.6107225,0.10853596,0.73314714,1.022339,2.0678124,0.16544253,0.661001,0.3265134,0.17161557,0.8088745,0.35336232,0.9562935,0.26731682,0.25745118,0.018151302,1.2385553,0.8477641,0.16177312,0.014599784,0.39100343,0.5873079,0.12109254,0.6882495,1.435487,1.8024734,0.7619451,0.23036572,0.13131829,1.0209512,0.20913908,1.3096447,0.025412122,0.032094523,1.0053133,1.9126859,0.9407329,0.66793746,0.3717507,1.2099549,0.4272516,0.47502238,1.0476807,1.0788692,0.32570127,0.9165487,0.25012478,0.89433396,0.8892689,0.6849314,0.52916515,0.9744571,0.7965514,0.72683597,1.695491,0.08796224,0.94039774,0.0,0.11815386,1.2410705,1.6783617,0.0023901393,0.9592433,0.9493047,0.09975405,0.0,0.88254404,1.8777077,0.3914381,0.39793625,0.055920348,1.3507327,4.9597697,3.2667148,0.74849993,0.44535422,0.4159559,0.27176696,1.0993525,1.2034578,0.0071696877,0.43560475,1.8446866,0.15565135,0.011793444,0.7747567,0.19295332,1.0279323,0.043647446,0.30329046,1.7464216,2.4534912,0.22194086,0.43600082,0.035117995,0.15335819,0.27842698,0.82468337,0.47683004,0.7999256,0.11649579,0.2994847,0.6166135,3.3125875,0.46364483,0.2271639,0.2757157,0.8603434,0.10220328,0.72635627,1.7701273,0.7417646,0.5110088,0.21934842,1.7823473,0.15506773,0.2177849,0.24275507,1.6858696,1.7832246,0.12527874,0.09339344,1.2116109,0.23410697,0.6873042,2.4203672,0.26349652,4.7321177,0.80591774,0.30141273,0.0,0.05149708,0.06694671,0.5938811,0.40996125,0.5820754,1.1915972,0.13100979,1.9248797,0.23896097,2.2513201,0.2468621,0.24663699,0.5122459,1.2459646,0.5563652,0.04985819,0.29474506,1.0353659,1.1085057,0.46073917,2.7197235,0.3378973,1.0292081,0.5567967,1.3230419,0.08439214,0.571043,0.3946636,1.7706336,0.96721584,0.0074554156,0.83336127,0.12482151,0.22588167,1.3209032,0.36212534,1.3569382,0.46608087,0.10962118,0.13290475,0.10533025,0.8300991,1.3181407,0.31893557,1.719422,0.9053902,1.164592,0.9294254,1.2676469,1.1025485,0.008583474,1.1784861,1.2433591,0.8636349,0.14560886,0.7056216,0.31591222,0.11947622,3.1897552,0.010461936,0.16836837,0.056407344,1.7522792,0.68311775,0.6260085,0.7785655,0.38371673,0.5020764,0.28520587,0.3219354,0.17098843,0.7373378,0.4534448,0.034124658,1.0338999,0.6731406,2.6093996,2.3114264,1.9406929,0.0,0.6611811,2.476398,0.85378,0.0010223266,0.052613866,1.1661028,0.0,0.020278959,0.47404915,0.041187625,0.17860802,0.8510885,2.6854239,1.0045261,1.4029037,0.7683656,0.6002495,0.02970099,1.571788,1.3396143,0.087395936,0.07643303,2.447508,1.1531427,0.41632488,1.4830538,0.028415157,0.4132941,0.68677366,1.9673165,0.35524485,1.1821214,2.9481914,0.0,2.0170035,1.0065465,1.4448631,1.1371887,2.5853648,0.11326409,1.6609298,0.5677883,0.99866146,2.0146697,0.07335406,1.2616097,0.46735942,2.162678,2.2164886,0.40599498,0.13112475,0.47313532,1.22921,2.1286347,1.0749263,0.18958056,1.7079729,0.2347292,2.0760832,0.9224711,0.17287673,1.5051061,0.62995386,0.451876,0.07517875,0.1383671,0.79928714,0.6503637,1.1524161,0.6122918,0.31534055,1.4357977,1.4572494,1.4220226,0.4176117,0.20674722,0.5791269,0.06181768,0.44590232,0.19197251,0.26838943,1.119777,0.63563764,0.06076777,2.003533,0.46740854,0.69280124,0.01560812,0.35917237,0.77348125,1.0241657,0.75228566,0.42411384,0.97782695,1.705855,0.0696602,0.31502554,0.25708783,1.0121531,0.00021909055,0.20248455,0.041768152,0.8945507,0.32572016,0.0,1.2649606,0.04355414,0.31850392,2.1335754e-05,0.4096906,0.4993065,0.41630936,0.5525013,5.6466584,0.71797895,0.015821403,1.7428342,0.2958091,0.023968466,0.05389738,0.09129416,1.814246,1.8288893,0.2186757,all_pothole_images\pothole_images_enhanced_bb37ccdcc4787421b5c89698b0d62890.jpg
0.024452055,0.714927,0.111233845,0.8878668,0.32202205,0.036661725,0.25136027,0.33226588,0.43207324,0.18710887,0.36779442,0.12245059,0.07076403,0.24648005,0.0047389055,0.30812216,0.136043,0.12946329,0.5093678,0.3538733,0.16178492,0.58553195,0.25097144,0.3911884,0.5503237,0.42901525,0.116762936,1.4510263,0.09175644,0.21730533,0.26548085,0.17427136,0.038490634,0.2119606,0.11280437,0.7059108,0.5908182,0.24505517,0.31276008,0.7193161,0.03704869,0.030442335,0.024100767,0.95317316,0.12995937,0.06056114,0.0,0.18288028,0.10998659,0.4167889,0.581886,0.306167,0.21077615,0.13652258,0.04343047,0.15303096,1.6394212,0.06781591,0.32964668,0.023209829,0.28139064,0.06795729,0.108832516,0.0642511,0.964408,1.3293072,0.14075707,0.0,0.011083553,0.107166305,0.0,0.10303174,0.20890294,0.08315627,0.39010856,0.24010062,0.1622404,0.7295069,0.07850016,0.066320956,0.01012243,0.23911804,0.13034745,2.8470216,0.04909454,0.7892375,0.14275384,0.15910622,1.2824165,0.11290153,0.2400696,0.45803624,0.007975428,0.042819265,0.21417418,0.01372992,0.23000106,0.71272457,0.12731168,0.0,0.1489301,1.0496563,0.13375168,0.0047254995,0.21085353,0.280474,0.34868908,0.23550028,0.0518066,0.9255751,0.044097636,1.11046,0.11242399,0.2883867,0.5402512,0.30476895,1.2667557,0.017807983,0.8827273,0.32552847,0.6643509,0.10639074,0.21674055,0.021829136,0.53512263,0.6638762,0.05180529,0.22276606,1.7037162,0.0,0.13275455,0.23487343,0.028934017,0.02899414,0.1615194,0.4227893,0.016280437,0.51065993,0.14735898,0.16022243,0.051693138,0.00073752354,0.14378153,0.100476086,0.00051057164,0.23040463,0.039112814,0.12521003,0.09491243,0.0,0.35704267,0.48492214,0.014988082,0.0118720215,0.58051634,0.373796,0.02109996,0.084128186,0.08161945,0.31306356,0.84665287,0.7736079,0.14588505,2.833516,0.021436894,0.29633257,0.6631167,0.13513575,0.3303643,1.2375582,0.0,0.024790203,0.031752005,0.0,0.2636063,0.0,0.0063922587,0.0,0.066021584,0.21225326,0.0,1.6807013,2.1850963,0.9691478,2.7831974,0.43102315,0.3912564,0.13049841,0.32097137,0.48575085,0.06218017,0.0,0.0045957803,1.1474141,0.0777882,0.07912654,0.7563058,0.82155216,0.20163943,0.07874045,0.115194045,0.6558561,0.14216404,0.2474357,0.5146084,0.051919904,0.08519329,0.03782499,1.1203232,0.055698607,0.0,0.08991611,0.13653179,0.45437634,0.6663185,0.75430727,0.26375654,0.08421244,0.5341925,0.06857347,0.22017545,0.11056501,0.032231513,0.37396333,0.018812617,0.25031185,1.2202832,0.06007853,2.3401003,0.10484379,0.074703194,0.46318388,0.3724988,0.122627676,0.022955647,0.14375305,1.8785758,0.015879035,0.019017754,0.38730037,0.043369934,0.0019194069,0.17933908,0.0014385097,0.11685493,0.0,0.33105132,0.2385924,0.1466918,4.3292527,0.8648169,0.3261681,0.047269676,0.23414281,0.0862732,0.0031472791,0.6738261,0.08726864,0.09894279,0.90487623,0.028512338,0.040425904,0.17521381,0.2815065,0.60805786,0.30858102,0.059811547,0.17456381,0.47036242,0.020688565,0.049314015,0.0013158114,0.007468713,0.39884943,0.5750136,0.80637974,0.41868705,0.07274234,0.044962034,0.32126537,0.81166434,0.39619038,0.2769993,0.0,0.17281395,0.32613155,0.48149613,0.24283761,0.35706764,0.15651524,0.14204028,0.1316677,0.050794028,0.121764995,0.10488073,0.0,0.038822,0.12084622,0.11558066,0.44562492,0.56867415,0.8849973,0.0049818764,0.053261008,5.6654487,0.06566919,0.123291425,0.14944078,0.1741489,0.35158855,0.3811605,0.34693187,3.7060223,0.81514573,0.0,0.2806796,0.0031439408,0.5481472,2.0374982,0.2816776,0.09672409,0.029170323,0.0,0.10754898,0.1040794,0.64184034,0.76778346,0.0,0.030343486,0.14376864,2.6312237,0.6381168,0.04114227,0.09436691,0.053568013,0.52861947,0.84929323,0.14905465,0.0,0.1089705,0.0018073248,0.36434445,0.53492695,0.7979391,0.050468717,0.023065314,0.007815953,0.039154243,0.023125404,0.38714615,0.079851404,0.011929156,0.2928384,0.39426842,0.0,0.05777521,0.037728257,1.4963429,0.5539048,0.63558954,0.08270826,0.06074292,0.20520175,0.12236396,0.2587903,0.0,0.87056285,0.12730548,0.25455993,0.025513073,1.8173661,0.006547761,0.27918774,0.23751648,0.36037767,0.08835312,0.014434819,0.17781654,0.09703609,0.06623819,0.60142004,0.015446967,0.28260273,0.62645215,1.3040938,0.56965744,1.2429652,0.028009336,0.1542316,0.5701651,0.5093256,0.4835236,0.039973535,0.23656495,0.17260133,0.06449104,0.6679533,0.012618601,0.16767424,0.04324947,2.195021,0.24208102,0.21418522,0.44891322,0.06806172,0.17398249,0.34039944,0.39720884,0.18658902,0.067402944,0.107133456,0.023256257,0.11069918,0.27498326,0.0,0.102860466,0.1691959,0.14740765,0.014260922,0.00031290966,1.0414265,0.12274509,0.70193356,0.7144189,1.0889659,0.1545062,0.88713336,0.5174087,0.021607175,0.0939581,0.7775872,0.13173646,0.37994364,0.06780021,0.07681614,2.968794,0.42340317,0.0009885628,0.31780732,0.6367295,0.215015,0.04220878,0.23945348,0.0754423,0.15667154,0.018799258,0.48340482,0.06411027,0.118330605,0.18500482,1.8092026,0.024515247,0.013538906,0.052445382,0.6717214,1.1171215,0.12780027,0.013819029,0.26437917,0.9895493,0.8734594,0.10633856,0.67118925,0.0,0.09364061,0.022192994,0.030391311,0.048305232,0.09459546,0.76804817,0.06429666,0.34943828,0.4957872,0.22667964,0.110501304,0.18477821,0.32643825,1.1601931,0.40340337,0.22267357,0.1502573,3.1358492,0.5309129,0.07740905,0.011633838,0.08473744,0.3650409,0.09626513,0.4545091,0.05817857,0.18678427,0.66194713,0.13543084,0.0017181408,0.0,0.0,0.049679253,0.49891487,0.11412425,0.0010451294,0.42608356,3.4297903,0.33939233,0.19214205,0.07812396,0.98479146,0.060547914,0.23641427,0.28870523,0.035457686,2.5144598,0.06933911,all_pothole_images\pothole_images_enhanced_bb62d4909c270ea0122e7fdc2a94d336.jpg
0.2790791,0.8930474,0.0007599259,1.9369749,0.37009764,0.13892637,0.033702806,0.0,0.77270335,0.26783183,0.2289823,0.117872275,0.55072373,0.03206009,0.1292028,0.27873808,0.15463781,0.8845861,0.13192838,0.014919885,0.6838567,0.00061581616,0.28363982,0.25520325,0.21039368,0.05427881,0.05703846,0.82069445,0.31049848,0.073539905,0.07146599,1.2022288,0.04575261,0.29786354,0.055975802,0.23343557,0.33406213,0.038803063,0.52253896,0.0016817417,0.98265165,1.4805503,0.061693512,0.265745,0.655639,0.074888684,0.2184646,0.31803164,0.3664181,0.48721588,0.59326434,0.13344675,0.43157324,0.004729828,1.8485826,0.049081326,1.3398945,0.850916,0.36383158,0.36252367,0.0,0.59796274,0.23210837,0.83748764,0.79958546,1.0425109,0.78023654,0.0041681556,0.13041355,0.26903138,0.76968795,0.1363443,0.75551945,1.5023452,0.7683716,0.0020293458,0.024381382,0.6761007,0.32037985,0.25102532,0.023129733,0.34770194,1.1103773,1.1504996,0.14948988,0.0,0.24893464,0.0,0.46212164,0.33714667,0.42388347,0.77003896,0.4912501,0.80521494,1.1445562,0.0,1.0463307,1.3576581,0.015100497,0.3844282,0.012055639,0.10972473,0.51187515,0.1690647,2.6373956,0.036900967,1.1044999,0.436253,0.29675794,0.9058266,0.0601058,0.16089664,0.7381448,0.058505543,0.017365495,0.4100795,0.45443767,0.06785585,2.3934157,0.036894035,0.2628308,0.0,0.48414263,0.5020645,0.35624668,0.61715674,0.0023590317,0.71388835,0.9184016,0.021700604,0.023974251,0.13321838,0.051851764,0.0,0.06500006,0.18653585,0.08825716,0.09153296,0.005172005,0.000672094,0.2303861,0.000949624,1.4217715,0.00107689,0.0034192414,0.7710439,0.07319525,0.7631543,0.09469602,0.18079007,0.18156518,0.9899376,0.15300533,0.3118558,0.16337503,0.90596676,0.08139791,0.013919034,2.024189,0.893116,0.40657407,0.92929673,0.10519023,0.0,0.5885354,0.07368337,0.8027363,0.0052754683,1.0677432,1.255921,0.1424467,1.1599022,0.019538088,0.0,0.21190016,0.68392116,0.93357193,0.00028865066,1.3988781,0.26873994,0.00093534077,0.1915422,0.93583685,0.43551832,2.7799149,0.2774415,0.05041703,0.59195477,0.55939955,0.15624252,0.0029831196,0.045084782,0.9348174,0.775363,0.16109197,0.0032830848,1.4176621,0.02789663,1.4529375,0.17907852,0.1006595,0.33524868,0.14105976,0.26261812,0.27073273,0.2898026,0.28253883,0.4050265,1.7206106,2.1311018,0.0007161901,0.64269245,0.04420095,0.07210909,0.7188461,0.3990072,0.29357523,0.07293413,1.4260281,0.3937588,0.862979,0.12708865,0.124654755,0.22714965,0.102088705,0.013560662,0.5815691,0.78630245,2.6393883,0.36083633,0.17935866,0.0,0.45643127,0.050773066,0.29650226,0.16735779,0.9887513,0.0,0.04773201,0.69431,0.41971552,0.078547716,0.9752275,0.75550246,0.0019203625,0.0,1.1037904,0.034181807,1.3247912,4.007405,0.1930254,0.55892384,0.147876,0.09361783,0.2682466,0.0,0.47933316,0.4565042,0.44972897,2.0508904,0.0,0.17218718,0.068193115,1.3688401,1.0216196,0.37864333,0.4347194,0.5814499,1.930913,0.19697304,0.8839987,0.012103404,0.7308825,0.0,0.35744137,2.189129,0.42330772,0.70266366,0.046448573,0.025359688,0.018325377,0.31929314,0.08491142,0.063744046,0.20652843,0.45229712,0.24777626,0.004627901,0.020706408,0.21036984,0.29203084,0.4736308,0.15286787,1.0447394,0.0026661623,0.122857206,0.120556764,0.63661504,0.17399825,1.8733988,0.35640627,0.20756137,0.31349418,0.0,2.4629593,0.044275172,0.39184257,0.048190594,0.15553708,0.34766465,0.7326492,1.2023433,1.8626094,1.3523836,0.10809565,1.3373424,0.24425031,1.7282892,4.389793,0.5662649,0.015602712,0.4044786,0.085354365,0.26807827,0.077271596,0.0,0.80197513,0.0,0.08207792,0.017197412,2.6450286,0.6716344,0.21631318,0.2673119,0.0,0.0,3.940622,0.28221014,0.5845091,0.5358701,0.115380004,0.052049275,2.69833,2.7071476,0.8476383,0.0035649599,0.12701313,0.9731,0.40219945,0.19833545,0.029583065,0.82806545,0.06892795,0.003027208,0.16028494,0.48612282,0.057722934,0.73231673,0.0070110112,1.3170893,0.2129658,0.27155676,1.3698323,0.48434275,0.091919325,0.3728133,0.20726359,0.1742041,0.109949306,0.04859575,0.3092166,0.6111318,0.038085528,0.050758112,0.3646355,0.55768025,0.3876058,0.27332187,0.64429826,0.13938633,0.28476092,0.015678057,0.24856088,0.22025594,0.88681495,0.41296965,0.11281313,0.14229777,0.047474112,0.016799321,0.019558715,0.5893226,0.21751407,0.12612276,0.011744799,0.057403117,0.41170654,0.09273087,1.4389663,0.15238723,0.09297079,0.71838146,0.274227,0.0,0.504976,0.0,0.24720466,0.22207333,0.2753324,0.04793513,0.53028023,0.7069019,0.50070673,0.10645368,0.015985806,0.107356966,1.3791374,0.27591106,1.0048703,0.27146226,0.6246135,0.681495,0.0052678077,0.43811944,0.17277083,0.0,0.195097,0.11977985,0.24636342,1.1500943,0.3432798,0.12862371,0.57582325,0.06561169,0.001144434,1.0639435,0.34335926,0.2695045,0.12253266,0.84307283,0.7013179,0.30778897,0.39529982,0.03868784,0.28379098,0.0569578,0.19515657,0.32694054,0.09349465,0.12711947,2.9487062,0.17104453,0.03423011,0.013193486,0.15236796,1.0588222,0.0,0.0007790738,0.0015893645,1.4072502,0.68500394,0.06781283,2.904016,0.0067497906,1.0091501,0.0,0.73439944,0.02246882,2.2473586,0.5660267,0.42994007,0.026687227,0.2799769,0.026283346,0.34318185,0.6881281,0.1470946,0.7150737,0.080529466,0.28668883,0.029238813,0.49278507,0.5950925,0.3577562,0.47478053,0.004088508,0.22852881,0.16995221,0.34233963,0.25176352,0.08288092,0.48381463,0.0032156957,0.1869108,0.0,0.042552143,0.016378814,0.008151722,0.2207581,0.0044483677,0.16334274,3.2026684,0.37573737,0.7760232,0.8633502,3.8952212,1.1956367,0.7350465,0.28939542,1.7107064,0.0,0.055921767,all_pothole_images\pothole_images_enhanced_bb82833c11fbf0ee3d3814e2f94852ec.jpg
2.476042,0.54034907,0.33271304,1.218795,0.3896425,0.08641994,0.5777664,0.50110346,0.7977621,0.6608308,0.04332858,0.823598,0.12303465,0.02241356,0.050379492,0.2034584,0.12579869,0.013773098,0.17587394,0.11934977,1.0187892,3.2722647,0.21833174,0.38845226,1.989637,0.11069142,0.7375618,1.3170391,0.19269806,0.1472586,0.0881791,0.1682712,1.3075085,0.6491994,0.23636895,1.2311363,0.0,3.4197521,0.69766146,2.7886775,0.0,0.08509227,0.07452098,0.969584,0.6568926,0.34716025,0.118505016,0.2560169,0.3267604,1.8092128,0.61576104,1.5421671,0.5834043,0.20469241,0.108969435,1.2178795,1.5383054,0.1265867,0.44781718,0.22890182,0.0,0.29555315,0.1760268,0.7001924,0.46750042,2.934993,0.5755613,0.16295864,1.7750372,0.009332724,0.7756496,0.17166616,0.29520142,0.28400144,1.046126,0.6216522,0.06354781,0.0080013415,0.0,0.00028387958,0.35311103,0.20687792,0.24839623,2.0646715,1.0781127,0.26501462,0.26208246,0.7496484,1.4366826,0.5753126,0.13961513,0.02181317,0.009006592,0.20523554,0.30247718,0.576438,1.0606729,1.8318621,0.5692836,0.4128326,0.095751874,0.9975807,1.7375209,0.19258782,0.020421969,0.011167053,0.49859446,0.7791304,0.00016676879,0.41375443,0.049786884,2.165931,0.38570496,0.642843,0.7487249,0.92759234,2.7035806,0.22381258,1.7097359,1.6235852,2.930692,0.17376159,0.03826814,4.1740994,1.099343,1.302834,0.015921814,1.1227722,0.60403156,0.0034114402,0.5377968,0.08288189,0.008493391,0.10217984,0.06108712,1.1191653,0.0,1.5283679,0.9535788,0.6193479,0.42136467,0.5036902,0.009104816,0.4353316,0.055163343,1.1457555,0.15937544,1.558785,0.015213728,0.17727442,0.8758731,0.518982,0.0,0.0015418361,0.8440301,0.12651767,0.5136447,0.100139424,1.0783056,0.31127062,0.9568006,0.8545905,0.013149091,1.3462285,0.020438917,0.34486133,0.19837667,0.23034301,0.8867613,0.91809595,0.019208513,0.0,0.041624308,0.046165418,0.9760831,0.08464519,0.23455526,0.10046521,0.06024819,0.028245755,0.3589999,2.0047524,0.6122866,2.7769876,0.41956776,1.3376446,0.14751397,0.62764215,1.9908301,0.5558676,0.00013184534,0.32299218,0.0,1.2495487,0.21202926,0.64686674,1.0442959,0.051946416,0.3791895,0.3370808,0.08429464,1.6182836,0.22875793,1.0952928,1.2589447,0.48982087,1.4226619,0.4799304,0.90693337,0.13349093,0.06897322,0.19136658,0.21298753,0.44838768,1.3052609,0.26971146,0.24494925,0.17299952,0.42317736,0.054145467,0.15562446,0.895024,0.22097464,1.1467618,0.21857281,0.1672649,1.1247191,0.06592275,1.318478,0.47456545,0.31460324,0.14608061,0.22728446,0.43120167,0.33350518,0.016540427,1.4031098,0.007639865,0.0,0.2550904,0.28954512,0.28540286,0.0014474717,0.17476612,0.47547352,0.0,0.47448286,0.76163334,1.1917405,3.7109754,3.5480614,0.69602954,0.34645715,0.05451753,0.031524498,0.1099995,0.96536636,0.0,0.47376156,1.4789233,0.11952302,0.030354746,0.718818,0.3438957,0.6090904,0.3483264,0.96422565,0.70129454,0.47283816,0.09322024,0.03303676,0.10269505,0.38522586,0.97844833,1.2353761,1.1373863,0.33527157,0.25418147,0.048007376,0.66595364,1.1770765,0.41875356,0.9517493,0.0,1.1234331,0.27070785,1.0587631,0.10597019,0.6309331,0.601912,0.081436895,0.38643894,0.31575277,0.65822303,0.013103834,0.06778055,0.2784782,1.9022672,0.42234984,1.3658397,0.51624525,1.6538917,0.08627987,0.6208435,3.466954,0.6769269,0.0126666315,0.20888449,0.082573935,0.1370778,1.6732854,0.36253712,1.2494222,1.6391945,0.0033510828,0.6820019,0.29486483,1.3584311,1.6507425,0.0133876,0.5809647,0.026125032,0.50487334,0.02430494,0.29224864,0.31816986,1.7078335,0.24482901,0.45562327,0.14412308,1.5892981,0.38074344,0.11344545,0.18463872,0.08453453,0.99272186,1.9758054,0.7685639,0.22195822,0.2612044,0.6107628,0.44522825,1.9714621,0.07376634,0.70349765,0.1813071,0.2903396,0.0064747757,0.57364345,0.27760237,0.5868525,1.5827236,0.34682557,0.63327825,0.986403,0.87514,0.5414272,2.054115,1.9336591,1.9256847,0.6493066,0.056394167,0.25969124,0.20674813,0.07228619,0.31607714,2.593636,0.081660636,0.28076908,0.85370076,1.9313728,0.0070964997,0.7463974,0.16937464,0.033981036,0.08477355,0.2042892,0.40635735,0.16626945,0.71761245,0.51424915,0.004110382,1.5316006,0.010917662,3.597868,2.0619612,1.0174589,0.0069659934,0.40854913,0.42857072,1.0742601,0.22268754,0.5494148,0.40852106,0.13316491,0.002335155,0.55693996,0.06017499,0.07007892,0.3500562,4.338559,0.282345,0.5821819,0.2977659,0.8315819,0.018160714,0.529234,0.7159353,0.51703066,0.13194068,0.87212336,0.7011759,0.5300317,0.6785246,0.38254368,0.112259105,0.89064837,0.21259502,1.143329,0.48101884,2.610671,0.65278935,1.9076111,1.1828202,1.0962554,0.13085666,0.4903721,0.847319,0.1144799,0.83001226,0.90244067,0.0,1.104489,0.14069048,0.40762755,3.2914186,0.98215973,0.54642224,0.24126637,0.3994042,0.0039285086,0.5023305,0.49741903,1.8914119,0.9138767,0.011547699,2.1917675,0.56942546,0.3181749,0.30526027,1.920783,1.157892,0.57137173,0.46610594,0.96999013,1.215947,0.1355881,0.43476668,0.0660316,1.5354817,0.5489011,1.098903,0.6776397,0.36686888,0.76596135,1.3333417,0.25531927,0.24498051,0.3785252,0.3644126,0.3426965,0.34252617,0.2110612,0.844067,0.5205743,0.2670404,0.061099995,1.0934234,0.010224041,0.82086617,0.17512125,2.7935805,0.64419234,0.010213075,0.0783688,0.7731936,0.0035977424,0.31435642,0.6794278,0.15537037,1.1665064,1.3628525,0.047934316,0.35205933,0.51327395,0.03447027,0.09286077,0.22992632,0.096331805,0.076188065,1.3126018,5.2440124,0.67322993,0.19210969,1.3167167,0.6366988,0.83951724,0.2187535,0.4537768,0.75680524,0.78360337,0.08834532,all_pothole_images\pothole_images_enhanced_bbca53366b2f33b03516ee58c3bd2d20.jpg
0.15327875,2.007418,0.86810434,2.9290943,0.38230342,0.9528215,0.46928647,0.06981407,0.7450282,1.1429608,0.3789683,0.5024289,0.10198743,0.4199285,0.5469071,0.50726086,0.96899146,0.11856353,0.66405976,0.1923066,0.4759347,2.0339415,0.7562379,2.4081168,0.38423043,0.25306714,0.25313976,0.6471206,0.10639052,0.8041179,0.6114836,0.027865825,0.3950329,0.4356451,0.36299217,0.6481987,2.9180503,0.14159276,0.53673106,1.1688374,0.46579966,0.6434345,0.30823344,0.062756285,2.0033364,0.053036597,0.04384079,0.45573267,0.15733184,0.046395987,0.65654707,0.14165191,0.55612844,0.81070435,0.0,0.4830076,0.36558017,0.36264363,0.6372092,0.91283876,0.30436698,0.7802677,0.31623095,0.5618795,0.27980766,0.32174692,1.8970276,0.7994876,0.58079714,0.10246965,0.4137813,0.08038761,0.28046104,1.1066611,0.47196063,2.913589,0.9316672,0.20580488,0.20416088,0.9079132,0.26928917,0.6557483,0.32952008,2.642839,0.81284827,1.2248893,0.11964108,0.49957478,1.9665027,1.3788887,0.35270366,0.4962391,0.16245222,1.0844157,0.085691765,0.04186,1.2207447,0.3065242,0.34525913,0.10933085,0.48568362,0.6538702,1.2940414,0.91090393,1.144372,0.10697098,0.13813676,0.20808688,0.3057851,0.96481985,0.35537377,3.58591,2.0739763,0.18379186,0.23496212,0.20116726,1.6912487,0.2593987,1.2398276,0.8976088,0.92371714,1.4672892,0.50544506,0.3223274,0.55535966,0.9758869,0.5894247,0.18733375,0.8480751,0.00894543,0.5041734,0.36232936,0.38287213,0.3517754,1.1454258,1.3742748,0.13515198,0.58765876,0.44744295,0.025625309,0.08597908,0.9511917,0.2782342,0.60026383,0.37089702,0.107641995,0.76953506,0.24778463,0.29209936,0.09104587,0.4558361,0.46581593,0.7578062,0.083282895,1.4155195,0.009547902,0.350159,0.64254785,0.41429588,0.5271858,1.9370352,0.09012544,0.24129607,1.5985606,0.29350725,0.89883,0.8489704,0.27347857,1.3061031,0.32914555,0.10421801,0.0055565694,0.6281406,0.19169465,1.1816996,0.27134672,0.58057773,0.0,0.90378326,0.14602451,1.2460332,0.037408255,0.4704313,0.89926916,3.0523412,0.022702241,0.4095827,0.7481879,0.08770858,0.83423877,0.06652962,0.896329,0.18084508,1.8948023,0.6901973,0.13115586,0.14313458,2.4436576,2.3025339,0.8098635,0.38938788,1.4859713,0.3429567,0.43776825,1.5442922,0.16838114,0.08087327,0.23917606,2.0458398,0.73685277,0.18860328,0.24039117,1.0455558,1.5847795,0.7919798,0.9419015,1.1197827,0.15023556,0.72754836,0.9993678,0.88229114,0.13006802,1.3738269,2.3515542,1.0661812,1.2411896,0.77162296,0.46263123,1.3228947,0.11258851,0.104823925,0.4205619,0.2587654,0.12339547,0.2516571,0.05873188,0.2177653,0.8655747,0.18826208,0.40091392,1.1849827,0.042699613,0.58704364,0.09297758,0.24928536,0.17204858,0.3623038,0.09786251,1.2327454,3.6701243,0.09149454,0.31573415,1.3925471,0.34497997,0.16689615,0.17298816,0.9222748,0.63968277,1.3924476,1.9656144,0.1780053,0.033604223,0.65093374,0.31827587,0.4488086,1.3724402,0.5113712,0.32720652,0.72287977,0.4196521,2.098531,0.2497186,0.23945726,0.029363787,0.9162929,0.76785773,0.5829849,0.47609192,0.34425485,0.95090544,0.118075274,1.1662315,0.7644756,0.28600857,0.8992276,0.45504835,0.7279107,1.0462067,0.63985467,0.67465144,0.38627642,0.8773778,1.00229,0.5734693,0.1857612,0.7644046,2.6819565,1.5731283,0.103105865,0.8811662,0.42691204,0.7598829,0.62595,1.3843029,0.98926806,0.27209902,1.4797603,0.7812316,1.1677339,0.12776275,0.49399558,0.7075558,7.973107,0.8237007,0.07464586,1.486726,0.40210634,1.7052815,0.30697745,0.5133408,1.050674,1.1831568,0.75862104,0.13539152,1.040292,1.1360613,0.41029784,1.3088111,0.59311837,0.40481368,3.9314852,0.9202564,0.055733602,0.19989327,0.6664216,0.2736409,0.33612105,0.093824245,0.15667987,0.437903,0.89139867,1.8892148,0.9293119,0.030138798,0.3086758,0.0005614657,1.6135169,0.41286874,0.17097512,0.6191063,0.61649346,0.508936,0.50325996,0.82570773,1.1236002,0.44254285,0.8513917,1.0929788,0.4146445,0.9409144,0.28386855,0.10324885,0.4770405,0.4724088,0.94341993,1.2064521,0.6451385,0.5178732,1.5101496,0.072941415,0.11547381,0.36515084,0.66830295,0.6061974,1.910818,0.35022774,1.2810856,1.9361404,0.04135922,1.9702444,0.629813,0.4912316,2.2376146,1.3755689,2.08126,0.8848259,1.2550735,0.20495208,1.518543,2.566861,0.935201,1.411333,0.8543891,0.6311729,0.26560548,0.7449562,0.8549648,0.8434582,0.9735428,0.33338553,2.2402139,0.17433232,0.93586934,0.320582,0.65954596,0.0035272343,0.7422379,0.52241415,0.41512084,0.19645897,0.17892888,0.27585486,1.8287013,0.038955662,0.0072284667,0.84153855,2.6139586,0.26315984,0.28328842,2.0651338,0.06781977,1.2154263,1.6311153,0.29570025,1.2811401,0.6779082,0.5707798,1.2176175,1.7903687,0.42735395,0.7347776,1.3856612,0.45320702,0.34883225,0.67217,3.4820113,2.7615824,0.14031675,0.7489067,1.5132172,1.1448612,0.43194112,0.0,0.3074129,1.1441518,0.4738072,3.5026848,0.22622865,0.6273371,0.90702057,1.1703898,0.622689,1.2678182,1.4365517,0.943644,0.6567376,1.9032222,0.021213524,0.5652603,1.7335616,0.0052054683,0.7939515,0.6902448,0.5645857,1.9682567,0.7167717,0.40471172,0.31080794,0.32618344,2.6441174,1.2791678,0.1815222,0.76999754,0.72588897,1.7107692,0.13031192,0.020513967,0.34281555,0.8154625,1.551082,2.671047,1.3651069,1.3792481,0.1840243,0.0,0.9764484,1.7012637,0.018716,1.7701731,0.3625547,1.4508256,1.4929843,0.13312018,0.075424835,0.44121644,0.0006288065,0.7384701,0.45763296,0.23734395,0.63351005,0.16080643,5.772358,1.0534588,0.84938747,0.33314133,0.33570698,0.0,0.93329453,1.3958033,1.3535751,0.62702537,0.5835487,all_pothole_images\pothole_images_enhanced_bbee90de00837fc49f1d82a7767503f2.jpg
0.87858886,1.4066027,0.32478362,0.46731594,0.6252853,0.63790774,0.041326843,0.0,0.9951922,0.09762366,0.324883,1.6189663,1.1829448,0.06508793,0.35983893,0.030913265,0.97584486,0.07934301,0.27207887,0.2785359,0.17888603,1.1595191,0.10359479,0.9996015,0.016818257,0.9755266,0.10923555,0.66526866,0.056631684,0.4811416,0.26303127,0.04814946,1.2075875,1.3453938,0.34333053,0.08632876,0.7998838,1.020982,1.2060426,0.15651236,0.0,2.9048505,0.14303678,0.74372137,0.42037928,0.19121471,1.0021739,0.4823268,0.51391715,0.29326597,0.74179125,0.98901016,0.1478627,0.0,0.84991074,0.2804795,0.72016877,0.121283285,0.69101137,0.21585846,0.13771817,0.28359935,0.54912317,0.9874848,0.38238168,0.37355158,1.0397456,0.27595145,0.09809378,0.18534487,0.16885684,0.11295818,0.26069626,0.45944726,0.3352964,0.17124951,0.2195319,0.6754824,0.19180071,0.34131068,0.12933782,0.1732195,0.6266264,2.0422297,0.24695708,0.6231159,0.04343699,0.086197406,0.9382195,0.14851446,0.31997305,1.6288788,0.7607707,0.3620238,0.5945719,0.32860386,0.46743533,1.0619698,0.55033654,0.01980731,0.25260365,0.32663625,0.42817447,2.6305492,1.697172,0.073165014,0.20589854,0.21552572,0.10177235,1.8348756,0.63320374,0.42001078,1.1714666,0.037457123,0.32921124,0.49256903,1.4462459,0.009638518,0.15485907,0.06843034,0.112478,0.105233796,0.43224567,2.0022473,0.9870593,0.06749902,0.098179676,0.22654127,3.009917,0.56819975,0.16555291,0.24814276,0.0,0.0,0.018494362,0.15531962,0.26990974,0.0116119785,0.009263763,0.07581485,2.5383472,0.4176266,0.3934769,0.48537782,0.38389733,0.35659093,0.025818206,0.4081738,0.11991123,0.4591235,0.81009936,0.15865304,0.84722495,0.0016154796,0.09209287,0.045198265,0.12416201,0.045214828,0.009734441,0.3952512,0.7247231,0.4525686,0.20851775,0.2828281,2.4537292,0.0,0.40130144,0.014853632,0.32992578,0.9270376,0.07891871,0.05069234,0.0,0.0025478646,1.1432256,0.4734686,1.1136055,0.0,0.5292972,0.8934388,0.052143876,0.3396509,2.2422915,0.23909086,2.5819783,0.65263313,0.47040227,0.34639287,0.013384729,0.61302763,0.12751944,0.02795568,1.1421382,2.8126976,0.03374422,0.0,0.7751923,2.2227323,0.5696111,0.0,0.7302082,0.51689035,0.33233654,0.07446138,0.38620695,1.6283332,2.1503594,0.27928123,0.27243137,2.2515922,0.057588868,0.41663367,0.044392336,0.6827889,1.0550829,0.86379194,0.34288126,0.46061775,0.11835166,0.019273527,0.6795408,0.19682954,0.81186473,0.22759916,0.71798885,0.040800072,1.5677313,1.301967,0.8942491,0.05998765,0.14247343,0.19687767,0.21019612,0.62215203,0.9436068,0.09655067,0.8785732,0.31862006,0.5734657,0.28860593,0.5453093,0.0,0.5345403,0.5047162,0.092247464,0.14446153,1.3257772,0.20664439,3.5182786,1.613171,0.95526034,0.18920489,0.4468712,0.006672788,1.2149075,0.060355254,0.82894367,0.0126180155,0.28421414,1.3997815,0.25516638,0.23373897,0.09425974,0.33090767,0.16596963,0.2615039,0.08148173,0.1495434,1.0742152,1.4012725,1.133161,0.09373319,0.85509473,0.47349656,0.8592818,1.5482336,0.4764771,0.8176676,0.74148446,0.0,0.3206478,0.32116896,0.03533884,0.5097383,1.2376759,0.14527212,0.13814895,0.12534435,0.8366924,0.0,0.69011647,0.71508354,0.8109139,1.2805245,0.46790951,0.062216736,0.7498353,0.621039,0.43630078,0.63359386,0.0,0.5994926,0.26190808,0.13304353,1.5335842,1.0011252,0.12566833,0.62774247,0.35386315,0.010851293,0.17043778,0.48298594,4.7462606,0.932514,0.44539922,0.92638904,0.47458148,0.8808861,3.1063306,0.2950235,0.91648066,0.49277028,0.083368406,0.17765579,1.1897883,1.1567695,1.7702907,0.026454419,1.201373,0.23585424,6.636427,0.8029601,0.101112716,0.6625817,0.001899421,0.30504954,0.8686966,0.34130082,0.9919419,0.47528613,0.7301332,0.32554471,0.33474767,0.841828,0.34572396,0.0,0.3300228,0.46004868,0.11002593,0.47633213,0.042292934,1.5563926,0.49726287,0.47574195,1.2448895,0.33926517,1.5237553,0.55332273,0.0,0.5504544,1.8917415,0.44636488,1.2728343,0.651861,0.0,0.2136607,0.8031693,0.88864475,0.6862748,0.6478061,0.6880695,0.43957844,0.07054109,0.6972287,1.9264121,0.33143982,2.4064078,3.0210135,0.47149062,1.1315787,1.0792118,0.51664644,0.6123884,1.7078284,2.6388183,0.0,0.53093195,1.2372596,0.024202984,0.32915905,0.20971616,0.6260107,0.07019221,0.0670662,0.3506794,0.046196897,1.1472933,0.2729164,1.9068228,0.82725334,1.4613215,1.0112758,0.45137218,0.6313625,0.097579114,0.4267783,0.70430803,0.52120113,0.30783266,1.3108227,0.20062253,1.1083239,1.1212175,0.3857477,1.0504609,0.38448098,1.7558174,1.0417877,1.3516984,0.27227625,0.10082163,0.25072858,0.5178491,1.5961016,0.11980624,0.2231525,1.2386421,0.5809889,0.7302626,0.18133754,0.021093447,1.665187,0.13841547,0.0044860356,0.0,1.169245,0.283536,0.8027482,1.9456915,0.92398226,0.6159412,0.11161611,0.24172051,0.15913205,0.506102,0.0032397741,0.21291168,0.75937,0.01493939,0.432264,2.221081,0.1325192,0.052470334,0.084590256,1.2048975,1.1117774,0.52041143,0.026859205,0.24065691,0.15792695,1.104625,1.0219458,0.94458824,0.13990688,0.8078688,0.30131117,0.004802726,0.18957388,1.0548403,0.1984894,1.1366673,0.33599195,0.34954798,0.23619202,0.2381868,0.14663708,0.19120212,0.5367648,0.23667605,0.52713275,0.0,0.4123365,1.7996618,1.438729,0.009685607,0.42982233,3.4118896,0.028836126,0.7964241,0.0,0.26080352,0.14538883,0.7808911,0.420203,0.26336384,0.07477056,0.5424144,0.21384338,0.97036797,0.29590335,0.32760143,4.55794,0.42841038,2.6234548,0.44182375,2.7935908,0.46784988,1.9890796,0.39209557,0.8850942,0.16412647,0.5453635,all_pothole_images\pothole_images_enhanced_bbf1c8b5483d851d9187cfa27ae8c708.jpg
0.27719438,0.12997279,0.0400827,2.1297143,0.24331138,0.12163322,0.5882182,0.0071406076,0.03730959,0.5896221,0.7507727,0.20659545,0.03212694,4.2591095,0.04627599,0.2589787,0.0052434867,2.7766635,2.5141616,0.015348027,0.94981676,0.011279989,0.46560708,0.8774909,1.4768652,0.12850866,0.6299189,2.1307952,0.01598303,0.17271426,0.37602416,0.008292127,0.1396921,0.7150706,0.420473,1.6843654,0.19638567,0.7786302,0.44358268,0.027298493,0.036162652,0.21795982,0.4577106,2.4232137,0.19523132,0.041826326,0.26554504,0.022230303,0.20184198,0.40405,0.5679747,0.14173879,0.37235913,0.0,0.6413019,0.88053113,1.2140484,0.004257493,0.45254886,0.08834494,0.6247182,0.08988053,0.91657627,0.17797543,0.8829501,1.3777671,0.47122994,0.004677967,0.0,0.7812424,0.83846265,0.11774162,0.023722116,0.08832579,0.12255467,0.0,0.30217683,0.28540167,0.03149502,0.46774012,0.032034427,0.12723324,1.0156362,0.25840542,0.63125306,0.0,0.03140486,0.0072204974,1.258906,0.12652096,1.385219,0.06526006,0.11628902,0.113095805,0.014886065,0.09722589,0.19441047,2.0651093,0.015183688,0.043901253,0.61774987,2.4659164,0.14077866,0.076961815,1.246837,0.7254238,0.23518097,0.18783982,1.1020749,0.9487509,0.38536632,0.0008935247,0.0,0.91616803,0.6348313,0.0063407943,0.0042783795,0.0072533353,1.9656166,0.49873117,1.8603293,0.18866313,0.08679978,0.082192406,0.47120735,0.121728405,0.31539387,0.39470667,0.067912966,1.47346,0.08186561,0.1913626,0.0,0.22587153,0.009685963,0.00987636,0.5865104,0.3740919,0.0,0.041750226,0.68765754,0.0,0.65595835,0.39792618,0.043200083,0.95698166,0.19283232,0.013747367,0.32344702,0.7580697,0.032560393,0.6261329,0.015531644,0.04669486,1.7845337,0.6483413,0.30163872,0.5537835,0.3010503,1.3772818,2.1636376,1.7620921,0.28676757,2.0600338,0.21374476,0.026285568,0.74763894,0.061165914,0.31949037,3.884375,0.59190744,0.19339868,0.054998796,0.575089,0.0,0.407015,0.013371348,0.03606568,0.08746634,0.2872836,0.0025173377,3.0956116,1.1398715,0.500679,1.1623188,0.5409865,0.267871,0.28935742,0.34344545,0.58383566,0.04639042,0.03960819,1.121415,0.5158275,0.60124487,0.58612484,1.4416666,0.49222466,0.2950353,0.17152837,0.28846544,0.22857605,0.28635308,0.7792,0.19247444,0.62646574,0.6348144,0.124942146,0.12980562,0.50905967,0.0034206929,0.78409946,0.69640505,0.0030637428,1.2874918,0.79650956,0.7532839,0.19950454,0.18869331,0.22015,0.07843431,0.048521083,0.37862018,0.18598697,0.008162051,0.0,0.54892564,0.022271939,1.8449451,0.42991662,0.1272127,0.063824154,0.5590127,0.0008264974,0.1322703,0.08325221,1.3199478,0.10349361,0.040350713,0.07418557,0.012146662,0.07664172,0.047217786,0.27117997,0.15628621,0.6723779,0.20725748,0.09985184,0.7136955,5.627403,1.0384626,0.07127477,0.0,0.020178193,0.037213378,1.9689838,0.62758887,0.5088588,0.09191259,1.4148915,0.48147163,0.23173386,0.13276,0.48390228,0.3242057,0.39987275,0.87700325,0.37340575,0.74489546,0.061763596,0.025626712,0.19910571,1.0255787,0.18424556,0.4785894,0.2568497,0.0391004,0.0,0.4290039,0.31915557,0.3265452,0.4655075,0.39577788,0.0,0.13749023,0.33190948,0.35507473,0.033071753,0.28016147,0.0,0.0,0.18476741,0.055549596,0.50988144,0.44589934,0.20256186,0.23874705,0.1842331,0.17343289,3.4237976,1.0413408,0.14125073,0.70614654,0.0,4.135735,0.0,0.9353712,0.0,0.17006162,0.6366287,0.49692628,0.96751386,0.44889462,1.2826982,0.4187484,0.69703394,0.8438523,1.0154022,6.441643,0.4798231,0.39585268,0.0,0.36904228,0.52549744,0.111401096,0.40926272,0.3061993,0.0,0.70106196,0.17791238,0.38173652,0.2695893,0.3087691,0.0035290525,0.2662307,0.0,1.6811732,0.43151018,0.5073597,0.6427173,0.22634852,0.015576133,1.1969335,1.062984,0.20610264,0.3101988,0.3208672,0.45195076,0.53521687,0.24106047,0.47637737,0.5368497,0.033881888,0.64270145,0.008101012,0.3903627,0.013578904,2.0026743,0.11288749,0.92450726,0.6759802,0.34065655,0.7379272,0.4309349,0.0,0.010526516,0.12793072,0.1620534,0.38611746,0.20382413,1.4556437,0.7156767,0.44911924,0.8352277,0.6131213,1.1748153,0.0141512435,0.0,0.39970112,0.8232171,1.3565457,0.0,0.06682927,0.56463003,0.14005922,0.87196815,1.0670443,0.00024887495,0.0,0.38131243,0.13150683,0.04440537,0.17192619,0.33189586,0.14707126,0.5439579,0.4240709,0.7971646,0.2203579,0.0,0.42945504,1.5339508,0.094337024,0.09361517,0.36027175,0.0,0.70187205,0.23662695,0.043627612,0.8408192,0.4909534,0.30208966,0.264378,0.34803194,0.2209067,0.8313971,0.22662711,0.20856427,0.3167147,0.0,1.3606141,0.4280696,0.019769402,1.9630367,2.3179398,0.12483306,1.6199887,0.19912054,0.24183688,0.013024196,0.0047704433,0.17369354,0.08450158,0.64083874,0.95659566,0.67644405,0.12881483,0.35831252,0.034084197,0.008289965,0.7995588,0.0073625464,0.0042707673,0.017210782,0.12527116,0.008618212,0.039697338,0.12335619,0.9442289,1.3969667,3.3092012,0.09109862,0.2939598,0.11747863,0.12397388,1.6283743,0.049881846,0.1333191,0.13406305,0.9547353,2.5843837,0.26865095,2.1143615,0.37928277,0.037520662,0.044675034,0.0035845293,0.13629484,0.00074631855,0.19702311,1.5321661,1.7723854,0.012881859,0.0033073097,1.3179754,0.21471927,0.038112197,0.8950572,0.18719876,0.0,0.26566705,1.1033465,0.14170344,0.7539234,0.13058324,0.011214037,0.034976225,0.021849327,2.4884942,0.26691085,0.11687916,0.52867824,0.29823995,0.3166397,0.076730445,0.41028443,0.04498977,0.0,0.19434524,0.18192005,0.36948752,1.1999092,0.0058748927,0.0,0.7930608,0.3102619,1.4681895,0.61050576,0.09048557,0.26141062,0.0003027249,0.30318516,all_pothole_images\pothole_images_enhanced_bc0f501b33b7d40ddb335a4f49e6bdc9.jpg
0.38920918,1.7014369,0.060157854,3.0251114,0.86757505,0.39701384,0.44979414,0.02695646,0.10694801,1.6099651,0.18567865,0.84979296,0.5553126,2.6269953,0.034768905,0.1903619,0.22674687,1.5668993,1.3426508,0.18212645,1.9415945,1.2732986,0.726482,0.13138811,3.2509282,0.59901553,0.50332624,4.153721,0.45079467,0.59031856,0.6040326,0.70244926,0.06621395,0.379042,0.5001585,2.0234232,0.12087807,1.6569432,1.603059,0.24206048,0.0,1.4395862,0.070278466,1.0234131,0.49784896,0.07839325,1.2921021,1.0672691,0.12995556,0.014226745,0.3899806,0.24338731,1.3307084,0.024857027,0.06820301,2.478641,1.5411812,0.30147642,0.15829399,0.23679534,1.3178844,0.27668342,1.4466726,0.41507724,1.7204005,1.9480597,0.28784198,0.2404545,0.03587164,1.0199184,1.4895347,0.16963227,0.2620427,0.08731535,0.088948414,0.015510032,0.21299562,0.52181715,0.14107215,0.22496898,0.61589605,0.2417085,1.0075233,1.383194,0.00012481742,0.0,0.23308787,0.0,1.6449825,0.05230294,0.3752383,0.543707,0.15507147,0.17881173,0.104388684,0.17815371,0.79239255,0.20528714,0.86932856,1.4717687,0.28855848,4.3623524,0.07378481,0.036521185,1.6551439,0.0,0.18797022,0.84519655,0.12774639,0.45325896,1.7218238,0.14795099,2.2641244,1.1607931,1.3400601,0.4900851,0.0052449545,0.14883403,0.19381157,1.3953128,2.0436802,0.030645438,1.3329281,2.1159253,0.9697527,0.7606354,3.1089253,0.49135518,1.1880026,0.8726724,0.37174878,0.21703517,0.039696652,0.12327862,0.4866728,0.67740893,2.7621658,0.4568009,1.7865529,0.46703228,2.6525455,0.37478498,0.5403061,1.0845395,0.0065361597,2.3768249,0.33015126,0.37024513,0.171608,0.3488102,0.58436894,1.8311958,0.0978934,0.040416997,0.14317685,0.9529583,0.9359488,0.93058354,2.0170827,0.32092726,1.9092413,1.5325752,0.3133754,1.0287844,1.5668327,2.5982912,2.3422625,0.815785,1.6232307,2.4073505,0.41248032,0.42026713,0.22510777,2.2943118,0.040269684,0.40961137,0.8165315,0.63522774,0.32639876,0.0035403091,0.08731111,1.1875758,1.1401013,0.1568682,2.463946,0.1394617,1.0255558,0.5192607,0.2027286,0.7734038,0.51670617,1.1186174,0.2877787,1.978353,1.8144828,0.0659743,1.1922872,0.25465253,0.30941868,0.5007925,0.5696359,1.3473186,0.1720138,0.50217223,0.046787556,0.02498259,1.0790677,0.25003976,0.78626454,0.94875157,0.0,0.41246966,0.66293925,0.055062234,2.5735478,1.8922178,0.3760896,0.5496279,1.1647561,0.038813766,5.0670037,0.0,0.6099453,0.41702068,0.0,0.07659536,1.1659454,1.5967494,1.6640391,0.24807175,0.92798114,1.9852961,0.42400402,0.37600356,0.10669274,0.0060982476,2.308185,0.775973,0.33671004,1.0291204,0.03219411,0.0016539093,0.9576254,0.32372257,1.1228063,0.50635964,0.08487269,0.23791595,0.47965956,7.9676137,2.1074166,0.8346049,0.0007280254,0.11313312,0.11480351,0.10715029,1.4072586,0.9076932,0.76391757,3.9527445,0.16425472,0.3233121,1.4256749,0.11928576,0.011463639,0.34558073,1.1489272,0.6148679,3.8240182,0.47113207,0.29743496,0.19928543,1.3862619,0.055427603,0.55695236,0.5954094,0.027264886,1.320784,0.2602876,0.62569696,0.69346136,0.11844392,0.07696661,1.8349273,1.2659091,0.17844926,0.9080429,0.20965518,3.7172053,0.18762699,0.0,0.50221235,0.20901759,1.8213109,0.38579208,0.8105919,0.22073667,0.21864805,0.25752237,2.5741806,0.11725439,0.23354557,0.34657612,0.032103743,5.651459,0.09007368,1.5630343,0.20501485,0.14381358,0.25480172,1.3927394,1.0790644,0.85841954,1.1861228,2.6163666,2.0084965,0.12513913,3.3662071,3.6540675,0.65608776,0.010036238,0.003357669,0.4107254,1.1615067,0.40187064,0.5188528,0.46739796,0.07382747,1.1982191,0.2746473,1.6328015,0.25842452,0.60119236,0.85878307,0.011181704,0.0,3.5025935,0.84169674,0.8796933,1.0157701,0.27944466,0.10729559,1.7392019,1.3429227,1.144543,0.8673457,0.71791434,1.4377147,1.4064076,0.09476827,3.0915508,0.05894419,0.9893139,0.57108253,0.019768067,0.072999924,0.11917675,1.9201138,0.013438047,0.17002934,1.049707,1.01517,1.7949307,1.4328985,0.0,0.0,0.98955166,0.03430327,0.41306624,0.4089397,0.7487995,0.12136514,0.7011879,0.010832494,0.03391791,0.14291736,0.08324634,0.03689508,1.1148332,0.13832833,1.4692999,0.02441687,0.17923877,1.5627108,2.664564,0.07347043,3.4665756,0.015850125,0.40525922,0.518231,0.576204,0.0,0.036230076,0.5205482,0.051293176,0.26338813,0.31854242,0.39833805,0.0,0.6154817,0.29063547,2.312172,0.13689965,0.5194731,1.1551223,0.38807884,1.5629655,0.7941478,0.34535828,0.39495242,3.0688684,0.40923575,0.012101482,2.1608033,1.4184418,2.497235,0.32973638,1.6761502,0.5437669,0.15753599,4.6132655,0.03147591,0.43744418,1.6904655,3.18078,0.17895286,0.7435522,1.4258907,1.1317667,0.09807956,0.59127015,0.11246249,0.0039499896,0.28451023,0.7756274,1.0378387,0.005958666,0.27106568,0.01704295,0.4015924,0.64152485,2.1670575,0.079527944,0.11593641,0.03718243,0.0,0.27246335,3.0621479,0.43854606,1.6544906,1.7763637,0.33090147,1.1188847,0.095897585,0.02967577,0.6597855,1.4545554,0.028602751,0.045975715,0.17088142,3.6081045,0.0069786576,0.67569476,0.112653844,0.57013404,0.7700567,0.037835754,0.0167514,0.9356067,1.9648774,0.9535852,0.47138384,0.115133986,0.30155852,0.51572925,0.12008266,1.0662199,1.071727,1.4394671,0.20708005,0.12474758,0.7717467,1.01417,0.76550573,0.06408899,0.15775397,0.36001652,0.0,0.46346888,0.5130956,0.07162068,1.2016089,0.0044169724,0.48580188,0.0,0.5341154,0.2862434,0.0028839877,0.9259891,0.25878462,1.3518962,1.4377584,0.03246344,1.2647339,2.1506023,0.7059772,0.81881136,0.72460365,0.34047565,0.20643502,0.06223224,0.5109821,all_pothole_images\pothole_images_enhanced_bc1af70c6135f784cce3d8d6d8736ea5.jpg
0.656664,1.4479324,0.19623365,1.8853695,0.20774513,0.26752228,0.12488079,0.0,0.2811189,0.5089682,0.040617146,0.65332526,0.09365385,0.83689046,0.0006640152,0.00068510213,0.24577354,0.24049582,1.6442302,0.10564955,0.6121257,3.5886366,0.38498792,0.6677509,0.99039114,2.2427216,0.4356817,2.9436827,0.5942134,0.6099379,0.95258343,0.952223,0.31043404,0.29933128,1.4253356,0.49044922,0.25557414,1.9861827,0.40729195,0.07837969,0.0,0.06655726,0.12650731,0.9482534,1.3076769,0.28963336,0.124200314,0.24961506,0.17615181,0.6940667,0.9216277,0.0,0.6311913,0.1924586,0.20446643,2.4697852,0.48025855,0.6325723,0.4648662,0.52568,0.5766891,0.39077312,0.55230165,0.0018210398,0.71868056,0.4085732,1.1100434,0.5692158,0.996317,0.8811632,0.57865125,0.26405156,0.16323732,0.33782062,0.30716282,0.717758,0.42545825,0.11174768,0.12857047,0.07565679,0.029855859,0.74838924,0.035010193,2.5152588,0.71552694,0.10913654,0.5052217,0.33614162,2.884126,0.30379072,0.06829085,1.1467232,0.018644752,0.44200492,0.031028366,0.31748834,0.89471525,0.448612,0.29049754,0.95197934,0.0795707,0.56926817,0.32876956,0.20571779,0.01724532,0.6595478,0.2938493,0.0067236708,0.0,0.0,0.0019085596,1.2358205,0.66232145,0.011530548,1.4917356,0.032543235,1.065125,0.26773146,0.61051166,0.21234414,3.0752046,0.40095663,0.30142838,1.5390601,0.22580746,1.7618781,1.1085699,0.46710664,0.97593355,0.32187316,0.7011248,0.017824564,0.42829898,0.01581101,0.31111524,0.06818798,0.308615,1.0326667,1.479485,0.5422731,0.6813082,0.10930891,0.0,1.1197808,0.06299548,1.0707681,0.054818027,0.0,0.3041598,0.348759,0.6056652,1.3551184,0.0,0.12604998,1.0673712,0.41562635,0.9478469,0.0075119324,0.47597516,0.84803414,1.0566423,1.0055119,0.32842714,2.6687179,0.0,0.20601186,0.3906797,0.015270924,1.7648804,0.5703852,0.05229534,0.06771574,0.0064819106,0.29305995,0.17991276,0.18478405,0.47835904,0.0,0.7516523,0.312896,0.0056083384,0.55258286,0.75213075,0.32725984,2.5228536,1.1825752,0.15637012,0.032798357,0.2780395,0.9731087,0.7308531,0.781913,0.19951625,0.3926538,0.0,0.6385654,0.10230644,0.19459817,0.08618263,0.9038774,0.0945748,1.5826737,1.175318,0.7489098,2.8691468,0.61417675,0.08171832,0.64245564,0.6212972,0.04004747,0.32409236,0.07932225,1.0546702,0.05016443,0.82697177,1.2525119,0.50652444,0.45440602,0.70953757,0.29406726,0.64803135,0.19355363,0.8563011,0.12618662,0.024263678,0.31087556,0.23906702,0.039022237,1.6275555,0.9539259,0.003144672,0.17572749,0.4326972,0.5358712,0.86760277,0.15236962,1.5051701,0.072775334,0.01980811,0.2021262,0.12582216,0.041111488,0.1175676,0.46126127,0.01818862,0.38273674,0.2796433,0.20866759,1.0138829,5.961739,1.057435,0.0027783725,0.43914795,0.29344526,0.032671206,0.2996835,2.0141757,0.14238204,0.53066725,1.0999438,0.2172746,0.33731142,0.24708915,0.6061692,0.39449602,0.2331365,0.0,0.79539263,0.93555665,0.33973828,0.0,0.0,0.0050294767,0.3286579,1.4785234,1.1561363,0.20097658,0.4189775,0.18308958,0.62321645,1.1913078,0.2863636,0.34363696,0.99901634,1.2423137,0.11716949,1.0546948,0.4667884,1.6059785,0.252314,0.009132631,0.060932405,0.0,0.83170646,0.4807125,0.014032269,0.28289297,0.9060644,0.0016409834,1.701851,0.6183297,0.8309646,0.003730321,0.29979852,5.277731,1.3037267,0.00025227148,0.6323311,0.042095266,0.15471973,0.19262959,0.69654644,2.7775211,0.5405511,0.1609112,1.1458719,0.58064324,1.0241598,1.6879481,0.09360803,0.12091301,0.02906322,0.0001529241,0.4802119,1.012849,1.1407866,1.3250021,0.5036682,0.8165205,0.3352116,3.7183223,0.035880834,1.0467826,0.008193239,0.117675215,0.35850492,0.7144752,0.96659344,0.02831236,0.16254202,0.53801996,0.44338912,1.5016934,0.5096794,0.36341405,0.23509502,0.2683184,0.59417325,0.2598931,1.3922081,1.4982144,1.0343724,0.003521128,0.24352828,0.21453401,0.19520056,0.50356364,2.0786386,0.2995992,0.22686619,0.060732435,0.022704586,0.94992864,0.3266266,0.105954595,0.07956992,2.0095818,0.98508,0.048724897,0.5216133,0.35464826,0.72513694,0.4976639,0.5967332,0.10010357,1.085159,0.07767069,0.48441797,0.24093962,0.16456832,0.06525629,0.007902658,1.1847376,0.76576906,4.660835,0.836784,1.4358654,0.18611193,0.0444088,3.7785625,1.7363452,0.0,0.03545354,0.8391304,0.3885895,0.04287205,0.32849497,0.2435877,0.3160437,0.07806803,3.0187001,0.79097575,0.011542147,1.0578897,0.45447776,0.18994687,0.37252212,1.084733,0.29772875,0.07658081,1.0871325,0.47983086,0.62736,0.45673987,0.076911,0.15560597,0.3685808,0.13945274,0.0010731993,0.82941,2.3506737,0.0,1.3179394,1.0613823,1.0415146,0.6341983,0.044612717,1.0798516,0.0451412,0.88931376,0.9473998,0.23111153,0.012518438,1.2632865,0.23244554,2.8295534,1.1320195,0.936903,0.4881049,0.39369473,0.10953046,0.2159495,0.2113427,1.3010647,0.13063024,0.16680732,1.2142446,0.31383252,0.23064263,1.5507774,0.77162844,0.21900924,0.60975957,0.11044843,1.2699518,0.06305359,0.71600014,0.16735338,0.5013708,0.8200033,0.9647352,0.08308268,0.6602486,0.59773916,0.48479083,0.39702192,0.003228017,0.04161636,1.0551757,0.91171527,0.38783506,0.4073581,0.54581165,0.25806266,0.12401827,0.064322375,0.5851089,0.6646909,2.233059,0.09111815,0.0,2.3287022,0.45213643,0.8148934,0.0,0.024098447,0.49245352,0.050074983,0.29053226,0.011379109,0.042559277,0.40285257,0.03610061,0.069815315,0.00015422732,0.0291735,0.011400279,0.043960117,0.26315656,0.5195981,0.24069159,4.3797374,0.43082535,0.17873307,0.9785215,0.5291079,0.41639328,0.3457313,0.22349776,0.16175877,0.02295676,0.27950174,all_pothole_images\pothole_images_enhanced_bc32429f133fb421a80211d5a43c956e.jpg
1.2983822,0.5931356,1.3204174,0.5702603,1.1911534,0.1181051,2.5895433,0.06534194,0.8913888,0.7815828,0.877697,0.6230731,0.36475372,1.077409,0.03791155,2.0564349,0.08066074,3.0054567,0.2176432,0.99530137,0.94967943,0.060441464,2.1420898,3.9500594,0.8929236,0.0014038557,0.9954873,0.5406368,0.5654648,0.8089773,1.9417422,0.82043505,0.22108395,1.0312692,0.11210317,1.3707727,0.072604395,3.8976836,0.8681894,0.22564648,0.13290732,1.189266,0.15737379,0.21408948,0.2336215,2.0791087,0.67246485,0.4223013,0.30393058,0.22107515,0.18497245,0.9266675,0.778722,0.14312683,0.19443464,0.26133764,1.008226,0.11828716,0.7098308,0.26499555,0.73760873,0.06782433,1.1516155,3.8265488,0.5556951,0.83834136,0.10438232,0.7271363,0.07385492,0.09104055,0.8819756,0.502739,0.06771944,0.23641115,0.346361,0.14373425,0.9407532,0.79826564,0.03849572,0.63018185,0.63350374,0.96273583,1.5414248,0.2755048,0.19678102,1.9644436,0.31612554,0.72172654,0.35706028,0.0,0.37630108,0.27071157,0.23303632,0.15822077,3.2537038,1.786068,3.0177217,1.7322065,0.028777767,1.0729005,1.1698029,1.04772,0.69340855,0.3815787,3.712206,1.743155,0.11173209,0.6459184,0.51669437,2.4949012,0.3993098,1.4302552,1.8269541,2.374901,0.5579985,1.7421795,0.14694113,0.00362644,2.8777714,1.0990615,1.3865013,1.2214419,0.26281562,0.04136397,0.70618236,0.0,2.021381,0.5857286,0.7971991,0.5523769,0.40226758,0.43031025,0.35873199,0.1410889,0.23016478,4.046971,3.08837,0.60052097,1.5563854,0.0,0.10078074,0.1666232,0.011641097,2.76156,1.0976503,1.5629364,1.04726,1.5712744,1.2615515,0.31410992,1.0535084,0.56085837,0.07075977,0.82246995,0.55558455,2.463558,0.15592054,1.129821,2.3747218,1.600859,0.71176106,0.65442,0.68142426,1.592663,0.7491788,0.7355619,1.9606694,0.038561206,0.18573794,0.18652834,1.2117954,1.6842824,0.55508435,0.54324085,0.0613601,0.85566723,0.84195894,2.6955407,0.66035867,0.08917526,0.5492417,0.39442894,0.6747913,3.0430913,0.47162658,0.03509059,0.16140607,0.75460243,1.622176,1.753758,2.9875093,0.13077067,0.10634142,0.504881,0.4186416,0.19756901,2.1898687,0.8785756,1.2349299,0.35557613,0.055590533,0.12482233,1.7045563,0.15835468,0.27333558,0.38307905,5.06233,0.07206554,3.1045127,2.6655343,0.4480459,0.4516934,0.08798745,0.33688068,0.20112275,1.6576025,1.2658294,0.00061101647,0.18415256,0.44576588,0.35877138,0.9163017,0.13661098,0.12674901,0.2391954,1.8997307,0.10100353,2.4185894,1.7107068,1.3951169,0.023518303,0.94147223,0.92653096,0.39107367,0.18546282,0.047902808,0.8180137,0.39974406,1.3513485,1.524779,0.69942564,0.30881923,0.6918679,1.3945979,0.03409429,0.90752053,1.1197975,0.62292886,0.41005567,2.1441555,1.3232616,0.31383258,0.35299683,0.18685399,1.0642809,0.47136858,0.2759532,0.514819,0.012945394,4.6002836,0.20288888,2.9645195,0.41251186,0.8416701,1.1284997,0.5415003,0.2108513,0.35242736,2.2499816,0.17977804,0.24343167,0.7760039,0.19799851,0.96539205,0.15904512,1.5237093,0.44402736,0.32926083,0.5883899,4.684449,0.16056722,0.0,0.2414964,0.14605282,2.4536285,0.01352118,0.65274495,0.2614992,0.37720877,0.0,1.2766392,0.118073985,0.038975216,1.5793942,0.2896016,1.7193273,0.38943577,0.21901101,0.66874325,0.5218745,1.5767441,0.21732338,0.4214229,0.01850955,1.3471417,0.12270007,0.016961567,0.18882437,0.18403427,0.4673568,0.17146264,1.532041,0.30421188,2.657828,0.781619,0.16390437,0.53882533,0.4071279,2.393582,0.3293594,0.7179408,0.91899574,4.2329006,0.976752,0.65553534,0.927162,0.3969826,0.4864039,0.4451724,0.042842902,0.5250399,0.38481185,0.28843945,0.46379042,0.7411995,0.1897416,3.0853195,0.6760906,0.2598604,0.10185763,0.11579581,1.0098921,2.8888538,2.0674775,0.02938611,0.3682525,0.05087396,0.8910032,0.42605254,0.07827236,0.027780876,0.14444193,0.04649018,0.62453556,0.4629258,0.022012156,1.5896504,1.1115881,0.09862071,1.2244616,2.093128,2.9559655,1.2122476,0.73426974,0.6126191,0.09657971,0.10291717,0.07800344,0.023994036,1.2885839,0.5617301,0.18726999,1.6136751,0.16380388,0.6573871,0.35009512,0.0028092964,0.075738996,0.7524066,0.38513538,3.501093,0.039102934,0.044528406,1.3137461,1.3919265,0.97989786,3.14033,0.037307315,0.8741494,0.50642186,0.9099124,0.9784201,0.12686571,0.37604344,0.69026166,0.1696599,0.09447269,0.029267538,0.83872354,0.567007,0.061238248,2.6818411,1.312232,0.43543765,1.4819356,1.433685,2.3734636,1.3685153,1.5245667,0.11434134,1.1891453,0.12483767,0.32950008,0.4369861,0.19811992,2.1142383,0.48408103,1.9945043,1.5390983,0.3077333,0.07794132,1.7552434,1.0821406,1.5223205,1.7685308,1.005001,0.03982279,0.31633025,0.28533348,0.15563326,0.18067546,0.24722812,0.28153273,0.6599669,0.27047554,1.0391723,0.2687796,1.2844559,0.39759693,2.4339516,1.9458537,0.9893464,0.27666968,0.9358802,0.0030049896,0.3612129,0.48078656,2.4961267,0.7675164,0.04253936,1.5491455,1.7005559,0.22708346,0.15354836,1.445068,0.8151663,2.0869267,0.370406,0.52260756,0.63397694,1.9282701,0.8175743,0.71605355,1.0278099,0.021440696,0.8718389,0.0,0.08377124,0.9178183,0.02038488,0.29687813,0.16544937,0.12451783,1.3132919,0.5586756,1.3411807,0.5463498,0.18898554,0.116160296,0.24324147,1.2361332,1.7114451,0.10504939,0.44591847,0.08469003,1.4066566,1.4180802,0.70250905,0.4586862,0.013835146,0.099557474,0.6605725,0.4717357,0.51211566,0.027404064,0.9887717,0.6082891,0.0012124177,0.6654493,1.3632752,1.8289165,0.58892775,0.38841438,0.4529645,0.893333,1.9087857,1.4047427,0.31633484,0.11907826,0.23687957,1.3892769,0.07769014,all_pothole_images\pothole_images_enhanced_bc5ef7b626a76e29eddbaa120feae475.jpg
0.89741224,1.3561621,0.8442218,0.714431,0.21420325,0.15424332,0.46074408,0.06906652,0.50369364,2.0309367,0.111751206,0.7728501,0.08033546,0.79466105,0.44177923,0.8159199,0.08756976,0.042442106,0.0,0.47379577,0.54862094,2.3995843,0.6415694,0.7575728,1.4346509,0.88291943,0.37259293,1.5572684,0.3033577,1.7590233,0.7597628,0.19881435,0.8273662,0.62870014,0.72294384,0.36505234,0.48391107,0.56943357,0.18351625,0.46101683,0.3598726,0.40616685,0.13133927,0.33158815,0.28347132,0.25603077,0.04001734,0.23494208,0.08046236,0.73523366,0.58023703,0.031029928,1.6984758,0.67213875,0.1634505,1.3857213,0.3581655,0.42219847,0.22334436,0.614595,0.71844506,0.98489404,0.8139642,0.46900323,0.11058455,1.0746047,0.62392783,1.0593287,0.48040497,0.37637094,0.9985037,0.23505795,0.7965457,0.58800507,0.47891876,0.9510396,0.5109166,0.50230944,0.786131,0.16552526,0.39818984,1.2997355,0.24501356,1.6437516,0.24201821,0.021743122,0.35821068,0.29375345,2.4872465,0.14961292,0.23636588,0.6503375,0.00040653042,0.027705245,0.2145918,0.054881692,1.3817801,0.7327647,0.6637765,0.22396135,0.38671455,2.7884371,0.44360617,0.5819029,0.19303636,0.37785003,0.31263345,0.38463327,0.2712673,1.5945287,1.2412448,1.1193795,0.34861502,0.26063913,0.5327812,0.5248318,1.7281295,0.06609276,0.67865217,0.21908069,2.5942276,0.21310914,1.3763455,2.373615,1.2245618,0.9879046,1.4011886,2.0040247,0.10846817,0.6111096,0.5480479,0.18967076,0.263673,0.4508091,0.9729244,0.64344555,0.028934075,1.3153957,0.9815777,0.9989671,0.28459117,0.21930036,0.046614263,1.6960328,0.48682722,1.3354803,0.7003693,0.27098542,1.0955772,1.3557256,1.6896083,1.0947728,0.7738022,0.34360012,0.48821646,0.5090623,0.4613705,0.13129228,0.39938933,0.5313557,1.782062,0.16784652,0.22246559,3.4777114,0.8920799,0.10183589,1.2402097,0.16180247,0.36500734,0.62097746,1.068238,0.36779088,0.6635694,0.19618742,0.67510754,0.009077516,0.92868614,0.0039274264,0.9666046,0.27934465,0.109643795,1.7697932,1.3888628,1.4716635,2.3628523,0.7297849,0.7577044,0.24463357,0.38437665,0.5845619,0.8809532,0.3551399,0.23836416,0.97228485,0.20904821,0.4945565,0.53748757,0.68738633,0.04196892,0.7911533,0.46316972,0.6397148,0.80318016,1.1352247,2.5403478,1.5522302,0.90099996,1.2061409,0.8586049,0.6420321,0.6429514,0.42117923,0.92977864,0.9940945,0.7469082,0.3003936,0.6568382,0.050851647,1.33325,0.2634871,1.0803812,0.7121607,0.13569199,0.4329514,0.0,0.9473825,0.97141355,0.22867161,2.5514815,0.0818658,0.060086064,0.97707677,0.00023807753,0.6196178,0.773813,0.54213244,0.46257403,0.1409353,0.03653878,0.0042057424,0.43823907,0.0,0.55859977,0.5449825,0.0,0.12802579,0.29896045,0.26476312,0.51303506,2.1963248,0.61720306,1.2384509,0.4992502,0.7869648,0.6407814,0.18662658,1.7072277,0.0,0.55605716,0.46176293,0.10658935,0.66156524,0.39731762,0.13788585,1.6025957,0.36608225,0.014194985,1.1646457,1.1662197,0.79083467,0.084004276,0.018776536,0.52683014,0.32581806,0.23974484,0.68372905,0.7451771,0.8768072,0.66836375,1.0461559,0.13565597,0.19501218,0.7059313,0.34372345,0.8480659,0.17584793,0.5487722,0.9179779,1.0649091,0.18814866,0.43579718,0.22526938,0.096482374,0.21788213,0.08127721,1.8397268,0.20121251,0.13803287,0.34613323,1.450619,0.21701244,0.5329168,0.35122582,0.60062593,3.863406,0.14261506,0.22123745,0.70872927,0.32836315,0.012875922,0.055549487,1.3948921,3.8152275,1.234364,0.007988452,0.5174748,0.46522287,0.7887265,1.3379748,0.34752974,0.591783,0.5944161,0.4211196,0.5221732,1.1589305,0.54087216,2.7465982,0.277122,0.9363758,1.2383162,3.5357828,0.18062668,1.6188916,0.593583,0.6374729,0.18540795,0.581026,1.7222953,0.5988497,0.19748893,1.9393489,0.17479897,0.9981236,0.02945027,0.5197514,0.07372148,0.06814101,0.06982185,0.98007774,1.0714861,0.013504347,1.4494743,0.26282486,0.4328504,0.76304525,0.32639113,0.6356922,0.35281423,0.90766954,1.7926646,0.012357742,1.0472734,0.21233769,0.43518993,0.35158473,0.8471002,0.8954526,0.82603693,0.022855539,0.49951556,0.5524542,0.79846406,0.77824306,0.346231,0.74468213,1.0436722,0.16897207,1.0160786,1.108387,0.6278283,0.37378868,0.02023207,0.8997758,0.5027364,2.053375,1.2320261,1.0927156,0.7450601,0.19070853,3.1547968,1.0890266,0.10101351,0.59690887,0.06697704,0.3572913,0.85869545,0.2058154,0.663267,0.057160813,0.11964469,2.9986684,1.0364095,0.7968588,1.653819,0.23671271,0.42621213,0.091264956,0.41050372,0.29402134,0.9686849,1.0516934,0.15552725,0.6243941,0.6080022,0.08837614,1.3803054,0.47172344,0.623213,0.5151505,0.63556874,0.38390163,0.29290807,2.5536494,0.42996278,0.24963431,0.62284863,0.819697,0.52912164,0.10661472,0.9925327,1.4248068,0.106552355,0.765758,0.2896909,0.52889085,3.1462483,1.2735592,0.48644587,0.36587706,0.43130818,0.1187408,0.21413228,0.053890962,0.9433103,0.25635478,1.0096211,2.3372023,1.3476162,0.2778256,0.67669815,1.0750291,1.1387326,1.7065175,0.7576836,0.18406145,0.1812287,0.27987382,0.27298287,0.17738447,0.09768588,0.9936601,0.15285154,0.7477029,1.138161,1.4192718,0.20997174,0.44919682,0.43699196,0.84124243,2.1929326,0.86460775,0.46436694,0.85470253,0.8858261,0.04203093,0.4533675,0.032100175,0.587704,0.6353215,0.574455,0.35025188,0.8824206,0.66726124,1.670157,0.008342745,0.21004677,1.5319118,0.14504245,0.19544278,0.18364213,0.64000636,0.6948253,0.2919227,0.47843698,0.097277276,0.4399353,0.14771232,0.20902863,0.19504242,0.08440898,0.0743832,2.2433453,0.47559878,2.079131,1.0551646,1.172453,0.31784463,0.6118559,0.7758177,0.54382426,0.119021825,0.05960403,all_pothole_images\pothole_images_enhanced_bc7fa300d28a98953cef769aafe0efa4.jpg
0.52435994,2.623967,0.30792218,1.4922953,0.8575719,0.18205161,0.77447176,0.1275633,0.33456266,0.65063125,0.55531096,0.38171184,1.0509531,2.1767669,0.9714177,0.015311015,0.3876037,0.31332594,0.749007,0.45215613,0.5483092,1.9444479,0.8551508,2.5864804,1.0007704,0.77111804,1.4284525,0.98310405,0.5730302,0.21674901,1.5335879,0.42417708,0.583436,0.4153183,0.28845647,0.34023324,0.10666919,1.8520744,0.06210618,0.4320618,0.55883557,0.2736343,0.575013,0.67934936,1.3385578,0.7391802,0.15051806,0.28836378,0.3851537,0.18425515,0.4422114,1.2165008,1.2046968,1.3749827,0.24535708,0.6359604,0.83172536,0.571787,1.1121703,0.28386503,0.8695353,0.8909383,1.7069837,0.7388682,1.1526355,0.6080335,0.36629713,0.47642523,0.19756936,1.1244645,1.8904073,0.8795177,0.450396,0.13173153,0.5989506,1.6519107,1.0419494,0.23229007,0.8125112,0.0,0.53593254,0.28839868,0.09733988,0.83944243,1.7845262,0.2874431,0.070860125,0.6793569,3.332936,0.22101688,0.4698344,0.5573723,1.118945,0.36215687,0.48126513,0.58143413,0.88605833,0.7681534,0.5565512,0.44787744,0.22510326,2.842283,0.27654684,1.3313248,0.2753759,0.59896857,0.9343967,0.9395109,0.5007362,0.48523194,1.5070386,1.1511469,0.8141066,1.5093248,2.0230858,0.6283468,1.1805674,0.75298357,0.65250814,1.5790702,1.077318,0.878737,1.53535,3.4867957,0.9876279,0.576183,0.022870703,0.2533372,0.8596215,1.8906583,0.46352577,0.35892794,0.2397667,0.5331202,0.5972337,1.8244759,0.31137267,0.770883,1.5290802,0.6267818,0.87122494,1.0717895,0.047508247,1.6498054,1.568445,0.87794137,0.6614846,0.21149543,0.36983553,1.2313228,0.5946943,1.0317895,1.0246576,0.24536988,0.36531308,0.06645992,0.96603197,0.803726,0.7053684,0.9936033,2.1985803,3.693385,0.08819104,2.3507125,0.4949757,0.09899543,2.5789943,0.6537865,1.5000509,0.41822615,1.6995946,0.8761764,0.26539275,0.19898598,1.0858337,0.83570486,1.1941128,1.2060761,0.7075561,0.6491243,0.32896185,0.11784379,1.5430532,1.1989998,0.9979532,0.75194865,1.2179654,0.5327021,1.6243429,0.22563565,1.5638486,0.7337368,0.17035593,1.4860581,0.32754353,0.5841907,0.17644128,0.6022657,0.12458036,1.6068945,0.0380085,0.3153417,1.3078486,1.0330217,1.013823,0.48832253,0.72729164,0.390142,0.937469,0.30138913,0.7797259,0.35161602,0.38317785,0.5184367,0.9255903,0.15083572,1.7499945,0.19372584,0.6535806,0.28957093,0.5841488,0.061682325,1.6775479,0.025518736,0.035946086,0.737114,0.7446481,1.1588074,0.55718803,0.8601904,0.23069203,1.1245224,0.6510066,0.23584455,0.6210418,0.2758145,0.21338217,0.82569987,0.4048741,0.26683342,1.3927628,0.41655904,0.85549176,0.36224225,0.18205097,0.052684978,0.42904848,0.34571433,1.5666866,2.7492313,1.0347073,0.011106289,0.37357163,0.54854095,0.9159721,0.37592003,0.5356331,0.058370143,0.4172905,2.359381,1.5205646,2.8751101,1.1220018,0.27060413,0.6213313,0.2926537,0.049859367,1.3794069,1.2344619,0.7029022,0.31257477,0.16063102,0.37593484,0.8314925,0.41262144,0.99582434,0.44356933,1.2434174,1.5178851,0.6065495,2.2820249,0.35817987,1.9076712,1.9117881,2.187186,1.4675319,0.81679803,0.55031824,1.3097476,0.06907926,1.3039322,0.5255253,0.5779556,0.35230675,0.606113,0.11901243,0.4092522,0.8903021,0.9208438,2.948445,0.2505537,1.4474568,0.6014941,0.124122255,2.7393818,0.3063764,0.07719046,0.13637942,0.033083294,0.41147932,0.27948487,2.481266,1.8831556,0.39845574,0.14502157,0.4607751,0.92942256,1.2846568,0.5731167,1.1283004,1.64409,0.21999241,0.6797516,0.7060142,0.99837726,1.0757606,1.3054478,0.3370177,0.44505784,0.89551747,3.2708902,0.50876516,0.966864,0.24690351,0.8931944,1.7239096,0.8711493,0.5957937,1.1801343,0.62917215,0.6681843,0.943776,0.22841641,0.9021139,0.5914355,0.052855022,0.4618302,0.18153496,1.2958777,0.87679255,0.14516531,1.1927142,0.18983965,0.9172621,0.8235897,0.5769033,0.6929324,0.024549184,1.2722465,0.04675971,0.8913194,1.2845314,0.9208808,0.9663204,0.0,0.10915589,1.1784286,1.6608257,0.32609567,0.96152574,1.204303,0.9548628,2.2908456,1.2541157,1.1992812,2.7325227,0.81236833,0.5163984,0.35367966,1.193563,0.11762268,1.1291707,0.7645109,1.1183945,1.1262499,1.7688197,2.6492186,0.7582792,0.2733858,1.352918,0.30167377,0.75052315,0.28503817,0.91191214,0.30804747,0.21065372,1.0315393,0.3816751,0.49555627,0.9324304,0.21164006,0.5542542,0.09993742,1.459809,0.24007945,0.28296578,0.7635801,1.3294344,0.39127374,0.21283121,1.307064,1.0938627,0.0,0.5810703,0.29796752,0.45575082,1.1471845,0.7839056,0.3186667,0.883698,1.3022649,2.1575928,2.5604522,2.4526634,2.7044938,1.193499,2.119057,1.8445727,0.10465435,0.04500664,0.93820435,0.36156327,0.19456549,0.373195,0.50745475,0.80682886,0.39077953,1.3463216,0.13222544,1.182517,0.37004757,0.7731117,0.45384338,0.4913208,0.02879552,1.4231355,3.0909142,0.35785896,2.224359,1.5647268,2.5133176,0.5959839,0.013956126,0.5803947,1.1461017,0.11572347,0.9641849,0.09605917,0.21901083,0.162023,1.2860546,1.0057443,0.7121581,1.9372535,0.4501286,0.35286203,0.42062238,0.5787675,1.7439034,0.6063246,1.0367205,0.73465025,1.6971635,0.35187,0.10584104,0.811462,0.17157078,0.22211538,0.8393474,0.69568026,0.8932974,0.28931868,0.23914652,1.6155405,0.5310502,1.0622247,0.8189012,1.4054662,0.40572542,0.29598793,0.37649512,2.3030353,0.48118025,0.3971333,0.8406667,0.117476314,0.06104959,0.149781,0.053070247,0.46876413,0.98693603,1.0985069,0.53193206,0.8864541,0.7161625,0.42528984,0.9636112,1.6439797,0.10152461,0.66016465,0.68012935,0.14059633,all_pothole_images\pothole_images_enhanced_bccfb20e6c459f191420017cabe5fdfe.jpg
0.9653359,1.7673897,1.3127834,2.5159683,0.63508207,0.32350826,0.53353614,0.31772748,0.31216878,1.816227,1.179419,0.12943381,0.7029106,3.087426,0.67318535,0.82870406,0.124051146,0.4894066,0.19938576,0.26972553,1.0753714,1.5898077,0.7665985,1.9791428,0.933949,0.41215235,0.17639059,2.1268737,0.84897393,1.3384075,0.77318674,0.416312,0.52832943,0.62277657,0.8976168,1.2880458,0.708307,1.0564046,0.09173293,0.19448833,0.5288103,0.39950955,0.7974538,0.72033423,1.0252964,0.5567317,0.22776955,0.0158616,1.2540768,0.4864954,0.683403,0.43916717,0.9890199,0.06719425,0.6906826,1.4461346,2.1800132,0.0880441,0.45639527,0.29602942,0.25344077,0.26409605,2.1489108,1.0516181,1.4348404,0.5814636,0.09908482,0.096895665,0.31667176,0.7829129,1.3677088,0.8690761,0.4818188,0.8260792,0.42088598,1.1858174,0.18315268,0.5054583,0.5858067,0.6812414,0.54374367,1.0918456,0.93867624,1.8887961,0.42405704,1.2382923,0.3518664,0.3912362,2.550401,0.22965653,0.18763202,0.4207549,0.36934635,2.0028393,0.4580592,0.4572384,0.1326559,0.48863745,1.4435976,1.446388,0.51665175,2.7720857,0.44901174,0.8053775,1.330571,0.013193481,0.5502339,1.6743416,0.50638396,0.49823964,0.177137,0.32558772,1.7400688,0.7194809,0.4095041,1.0391761,1.2894678,0.3234429,1.5137253,1.4251059,1.414935,0.9132402,2.0499012,0.8735204,0.40921667,1.2114929,0.60541874,0.3809726,0.84025013,2.5290008,1.4545735,0.15409204,0.53525275,1.6140381,2.744462,1.1805308,0.6487773,2.101035,2.2825916,0.19253246,0.44885865,0.50502527,1.0033448,1.8561586,0.8476683,1.3829788,0.0,0.07436018,1.4394369,0.94745165,0.86769027,1.1713582,1.0263602,0.9709114,2.3252118,0.5815432,0.8600255,0.3766279,0.63801235,0.529052,0.80030495,1.0444815,0.38479543,2.0779314,1.2204132,0.71634215,0.7984645,1.738115,4.226271,1.0867116,0.6741809,0.37913156,0.49831772,0.82211745,0.77288324,0.55284476,3.0591767,0.8055753,0.64769286,1.0679865,0.17935266,1.9207515,3.2368147,0.533267,2.3533456,0.49150893,0.5696825,0.93146425,0.43595964,0.54320216,0.40559623,1.0585619,0.24527411,1.51597,0.6216368,0.6146669,0.35003015,0.29624838,0.3153492,1.8168163,1.7248737,1.5722301,1.6176144,1.8870457,1.6149516,0.4229443,0.21645886,0.43869874,1.5022637,0.20375998,0.28278515,1.255686,1.8294877,1.7217005,0.6505513,1.9724091,0.8230741,0.24643455,1.0722022,1.1713791,1.815714,0.5190372,0.74050075,0.19050719,0.23536097,0.21299861,1.6620692,0.8342466,0.4077153,0.56536126,0.36087564,1.997647,0.4819855,0.4471274,0.8360955,0.7760572,1.360482,0.17900613,0.7921416,1.39692,1.5615501,0.39016894,1.0809618,0.48688507,0.5060721,0.09359889,0.80318767,0.60214496,0.7588608,3.1172884,2.194734,0.1484692,0.36127827,1.2136363,0.5085063,0.6100489,1.4104686,0.46753684,0.86299247,3.4993865,0.5650887,2.6919143,1.0016868,0.22869755,0.8149915,0.2032794,0.18089442,0.08982736,1.8445908,1.3091296,0.030637711,0.20064019,1.8583885,0.023656499,0.15193038,0.9764337,0.14751364,0.46336254,1.5081507,1.0824755,0.72826976,0.09179832,0.26464412,3.014239,2.226581,1.4739065,0.7403098,1.6908693,1.509334,0.7987322,0.5507953,0.42489007,0.0027793744,1.5703181,1.6933888,0.07489606,0.21844219,1.2740427,0.74451,1.0734377,0.052306943,0.908815,0.36084074,0.7361453,5.6297903,0.81064385,0.12095293,0.86016643,0.34079558,0.64297587,0.025302935,0.64165163,3.9739096,1.4967158,0.16687018,1.1318095,0.18538317,0.9081061,1.8240027,0.36287183,0.6591797,0.24861874,0.43458012,0.95535606,0.5957064,1.3840823,1.0282962,1.8321482,0.3800976,0.5736978,3.167026,0.17564534,0.065395966,0.40722635,0.5856107,0.6486732,1.565645,1.2953131,1.6562477,0.77526504,3.4033127,1.724058,1.9419501,0.42675462,0.4045547,0.010691829,1.4835776,0.24179192,0.28321424,1.4069277,0.71833926,0.09796605,0.17046708,1.7589002,1.2356206,0.069149815,0.088338286,1.4233978,1.1743774,0.7125226,0.025352538,0.3237169,1.1522813,1.4826925,0.09207033,0.11904708,1.8817552,1.7408625,0.027035197,1.576505,1.1674247,0.7476693,0.46376038,0.770267,0.86309206,1.2554209,0.14183562,0.29126814,0.27571473,0.95287347,0.26785117,0.63946956,0.272961,1.298699,4.8584137,1.31736,3.5131066,4.6321955,0.23707485,1.956689,0.5144075,0.73269105,0.008302136,0.72700953,0.4179702,2.5579457,0.6961033,1.7154843,0.46974707,0.09943056,1.8940558,0.425254,0.10883919,0.8385453,0.083793394,0.61993486,1.2483395,0.055441596,0.9630838,1.1387516,0.58759403,0.123294294,0.23823255,0.8943878,0.17194697,0.4010609,0.5011924,1.4827896,0.46478173,1.1139054,1.3015841,0.5115838,2.0525746,1.6460121,1.8946058,1.0906895,0.55213785,2.6712782,2.269277,1.192886,1.0966593,0.3795919,0.51490206,0.33046713,0.4133469,2.2082512,1.3660011,1.1967785,0.16705213,0.92984354,2.2778475,1.2544769,0.35830563,0.39266297,0.49827772,1.3558985,1.268631,1.3401575,0.43931687,0.2045216,1.367023,0.67361045,0.6194198,0.6756417,2.0856762,0.30096424,1.2333379,1.8015635,1.5441182,0.79587585,0.75310194,0.34686393,1.4358215,0.8909635,1.7540122,0.17637363,0.39383572,0.04755971,0.8150607,2.117477,0.9316221,0.5088048,0.63218063,0.27909926,0.69145894,0.72299427,1.267983,0.7915966,1.3842835,0.21684468,0.25847974,2.779009,2.209297,0.10575575,0.09975853,0.6696686,0.498352,1.0472697,0.70138556,0.15827945,0.081535235,0.574218,0.058089733,0.09021539,0.26688933,0.42486256,0.10797157,0.18060704,0.6861281,0.4248728,0.78340644,3.0231776,0.58483434,1.0252334,0.3013538,0.06599421,0.64122105,0.8187599,0.6457147,0.8445783,0.5396023,0.6268589,all_pothole_images\pothole_images_enhanced_bcf5124f2347391eabd0ee0f061ed9e2.jpg
1.1364242,2.6206298,0.45601442,0.9397359,1.5125259,0.07231492,1.2374499,0.01963829,0.78894246,0.1161104,1.5039648,0.74480844,1.2341715,1.0994548,0.24964696,0.25703096,1.4068725,1.2895607,1.3901969,1.2635361,0.4713008,1.1007087,0.9444185,1.8676486,0.09550382,0.88179916,0.49488437,0.51880425,0.14865623,0.67207295,1.9087551,0.13076398,0.21040577,0.7598481,0.62838984,1.0882572,1.4446537,1.4841552,0.58403647,0.05717127,0.17766617,0.3542122,0.09622349,1.9036344,0.7114413,0.16012467,0.583822,0.121828794,0.07094866,0.9990576,1.5233858,0.22943878,0.46178505,0.08049996,0.6838673,1.0616617,0.8494446,1.337354,1.4646994,0.6659521,0.7761152,0.50836366,0.64327437,0.10432994,0.24781328,0.98394656,1.780492,1.9447042,0.06773308,0.72301614,0.42637292,0.8736787,1.2170886,0.25143367,0.15069765,1.0264261,0.7440989,1.086499,0.27040553,0.20942454,0.3549318,0.7967973,0.11273139,2.4664018,1.1344497,1.6230209,0.11909067,0.8031276,2.087871,0.25525308,0.8314456,0.1579291,1.2798584,0.92961353,0.61963546,0.40563092,0.44659236,1.155824,1.1052938,0.017170463,1.1056719,0.45054188,0.83372253,1.2739882,0.13869113,0.44450969,0.5102844,0.036812764,0.0054002116,1.2547615,0.1905081,0.5536021,0.60486174,0.19985162,0.20277758,1.5765356,1.6795925,0.75202745,1.6900231,1.7054359,0.025543487,0.6475336,1.3417538,0.47636577,1.033408,1.2626162,1.3027625,0.13712814,1.1553339,2.2254932,2.1448452,1.2338107,0.66038185,0.05064911,0.17967345,3.1696615,0.14071916,0.0048615313,1.3958359,0.12550054,1.2161541,1.6811912,1.0391796,2.4246426,1.4527483,0.32586008,0.3829218,0.511884,0.39959046,1.0679244,0.21559702,1.6157864,1.8962561,0.24588378,0.45537722,0.9926614,0.9989925,0.5315007,0.040046684,0.59821063,1.5783933,1.1461016,0.101062834,0.68093747,1.5821172,0.21017514,0.96297693,1.1713849,0.99745816,1.6280707,0.44813263,0.3303133,1.132247,1.4448822,0.45960593,0.18177105,2.1760228,0.18000595,0.52520394,0.7834293,0.97342527,1.0331233,1.5208334,1.4831088,2.1670022,0.23638491,1.0543222,0.68297654,0.24022688,0.27224696,1.0005169,0.9881961,0.98609626,0.70704454,0.2432196,0.34124503,0.55786115,0.9879978,0.4300546,0.12729155,0.0,0.9389756,0.13754652,0.6223423,0.89783835,1.5759468,1.1468089,0.08530906,0.771963,0.3729979,0.34029567,0.19520177,0.6815053,0.5074992,2.2591941,0.4914397,1.0838485,0.27250683,0.8380557,0.2404611,0.5525978,0.8536476,1.2589477,2.1018727,0.4092161,0.114458166,0.71788275,0.09121742,1.6688657,0.10504009,0.40444377,0.7431323,0.7489428,0.38642788,0.6157283,0.5870542,0.46219218,0.76814663,0.17590268,0.30307844,0.44622552,0.39417088,0.62042487,0.30360338,0.044490058,0.7090057,1.6411155,0.07490192,1.0715537,3.3092666,1.9378129,0.63931024,0.31106833,1.2117856,0.41924214,0.27317992,0.4228242,0.9865906,0.29531744,1.611458,1.4589063,1.4014722,0.9936516,0.087578624,0.7815784,0.25900102,2.0248814,0.11405259,2.333238,1.9342432,0.7041918,0.078784324,0.019773303,0.04635177,0.6530741,0.842009,0.0070969183,0.63161737,1.1952935,0.40819237,1.3943182,0.7391179,0.17947541,0.2122635,1.0912424,0.45216691,0.13879976,1.4326006,2.4023368,1.0468953,0.5081419,0.66011786,1.1234446,0.99468803,0.9314988,0.7148964,1.272493,1.3358148,0.4243665,2.3507137,0.83545,1.8975588,0.74037635,0.067815416,5.4592824,0.0,1.3201637,0.44254085,0.54115266,0.0074383705,1.4039779,0.7393519,5.274352,1.1898079,0.4510669,1.812847,0.20381324,0.9615545,3.5699859,0.45512834,0.5367388,0.27627066,0.78708965,1.2244457,0.25625,0.71348655,1.5855389,1.1594208,0.81388354,0.89171755,5.5592394,0.7530457,0.7160362,1.0053471,0.39469704,0.59420407,2.2436187,0.82484674,0.46507594,0.6690145,1.2797302,1.5117947,1.4260565,0.69981796,0.2809619,0.7126158,0.6020447,0.89609605,0.17399077,0.91565275,0.053219374,1.0097193,0.15090024,0.031798597,0.20480788,0.15859433,1.299124,0.7448036,0.21627231,1.1001787,0.30427295,0.5533697,0.5119491,0.80002123,0.013773542,0.22954741,1.5999372,1.1139952,1.0279602,0.14635973,1.8564572,1.1962949,1.5661525,0.5088284,0.9802451,0.107251994,0.81354505,0.77234125,0.9118641,1.3604118,1.6236745,0.27469328,0.71745616,0.88282776,2.8591619,0.43152976,1.7267113,0.45427698,0.41326296,0.35402197,0.6050731,0.33572373,0.36930057,0.05070328,0.5740316,0.034268893,0.6424433,0.059190497,0.5258603,0.47227484,2.188773,0.010112952,1.3910133,1.6893245,0.9038016,0.08100455,1.079778,0.3329651,0.45669913,1.2404069,2.3007905,0.17286758,0.25715512,2.7197945,0.04699198,1.0778389,0.16050303,1.6156812,1.0664916,0.2954509,0.97576547,1.934016,0.6785858,0.6709971,0.15554641,3.0339136,0.86543024,1.7870702,0.4174261,0.27092883,0.434742,0.49457952,1.4283429,0.32430828,0.36788076,1.0761776,0.5738202,1.0191803,0.5942132,0.79283994,0.9932968,0.885205,0.23373948,0.73513746,0.40309328,0.21690382,1.3039225,0.17698479,0.1810746,1.1097467,2.3808076,1.1892178,1.6564856,1.7844627,0.4841075,0.4040188,0.54065967,0.15877068,0.2702575,1.4868054,1.9271063,0.9125696,1.7013032,0.28802451,0.75720596,0.16702747,0.18591039,0.16286306,0.57787436,2.0801842,1.2606864,1.2076606,1.5867534,0.25497386,0.4145731,0.080607176,0.5912306,0.9141095,1.0383806,0.7112737,0.35372365,0.670241,0.38058954,0.986913,0.09376783,1.7011231,1.1964047,0.9690069,1.5398445,0.6127227,0.10677535,0.6100658,1.1107305,0.2077803,0.24951705,0.049294986,0.3735162,0.047784377,0.46768296,0.0024676837,2.042837,4.8706074,0.23724133,1.4549878,0.60202307,1.8663676,1.2453254,0.17493734,0.9898473,0.5016927,0.036423985,0.3863944,all_pothole_images\pothole_images_enhanced_bcffa1a98e90332bfdb5a709d54c25b7.jpg
0.17523853,0.025713088,0.001575014,0.3856985,0.27486056,0.0955865,0.2011455,0.023971792,0.31931967,0.11561382,0.057766758,0.035090804,0.0,1.7240124,0.029363807,0.0,0.22301719,0.16006453,1.0848227,0.0011366344,0.4558294,2.1581013,0.13911967,0.0,0.3853003,0.72198343,0.23266077,0.70586985,0.06718122,0.004000574,0.19248705,0.22784202,0.011210989,0.04595921,0.17972644,1.1230313,0.003069665,0.24348196,0.45708355,0.26012033,0.0,0.0016216042,0.028622493,0.61616117,0.3677485,0.10392448,0.0,0.26551497,0.29537615,1.2344856,0.085128985,0.22196245,0.14767997,0.18232264,0.037910752,0.60477257,0.8650799,0.07528769,0.062067863,0.19400659,0.01142236,0.010010862,0.1894012,0.029163845,0.768712,1.4952097,0.62027496,0.05609231,0.07494974,0.006850642,0.0036570472,0.0,0.13809654,0.1205608,0.3709428,0.10038097,0.013717922,0.07838772,0.0047152853,0.15314496,0.00037832733,0.07163912,0.6745019,1.0953076,0.035014708,0.012659534,0.18253836,0.065930046,0.36952934,0.09275352,0.0069965115,0.41811594,0.0,0.13740529,0.0056177257,0.021409627,0.34278893,0.35663137,0.0924339,0.025236586,0.08236454,0.86285096,0.022933342,0.0,0.020841792,0.35480297,0.219206,0.054845303,0.024416013,0.12817465,0.0175149,0.21952139,0.09915453,0.13063471,0.46554404,0.10870168,0.70894426,0.037677567,2.0574892,0.7274321,1.2201669,0.049627453,0.021962745,0.23640966,0.043719623,0.98968136,0.020587835,0.06017571,0.05746212,0.1855636,0.049512055,0.11440888,0.014127418,0.09238272,0.22492358,0.027427007,0.041375928,0.08854743,0.52248967,0.114795744,0.16262329,0.025344007,0.5682338,0.25950545,0.0011864749,0.036332812,0.31458944,1.0589118,0.25778675,0.026366005,0.135874,0.13201524,0.0023389263,0.0,0.44191843,0.4430446,0.14819579,0.16411015,0.048146587,0.16153868,0.20540375,0.4223128,0.08433833,0.0045366455,0.009283732,0.01886928,0.12234896,0.0070379185,0.30060878,0.6416641,0.0,0.0049883435,0.05696067,0.0022388764,0.4051354,0.0,0.0027547807,0.021317285,0.11073929,0.0781606,0.089286745,2.888797,1.2938514,0.30227265,0.10126732,0.84295195,0.05117519,0.0057647834,0.10377383,0.4674757,0.0,0.31405956,0.0,0.3226636,0.0049799266,0.01022281,0.24788676,0.24248773,0.42991117,0.19705418,0.06280833,0.1226733,0.50503576,0.78266513,1.0141797,0.0035728908,0.14363943,0.5244825,0.72655445,0.0,0.0,0.000722345,0.32051662,1.1435239,0.17643236,0.2164741,0.030349448,0.087711334,0.07123222,0.11789271,0.10138484,0.17835769,0.090990104,0.048751738,0.0,0.008364297,1.4784869,0.009332871,1.2234625,0.32253873,0.039922666,0.08381004,0.03894287,0.37316015,0.09115731,0.021678489,0.3382036,0.050662827,0.051726185,0.18974672,0.0054491796,0.20477082,0.09168423,0.27420506,0.15480617,0.12088969,0.58887327,0.34683686,0.032054335,4.9574394,2.889829,0.0089170905,0.41298598,0.26312706,0.0,2.0379612,0.58314234,0.30498165,0.17553565,1.0768287,0.024746263,0.015536556,0.46529558,0.24347751,0.350944,0.27702278,0.20178066,0.018686246,0.0244243,0.07532782,0.014891677,0.014215229,0.30887,1.036867,0.2305823,0.5468994,0.08753946,0.14545706,0.14072645,0.24752586,1.8497912,0.12860896,0.56213593,0.00955216,0.23585062,0.46913496,0.13615495,0.009338371,0.54571164,0.18484004,0.0,0.103653714,0.10108249,0.008122425,0.30894378,0.38698378,0.015725542,1.5847659,0.105381556,0.8740252,0.08330497,0.13816938,0.0005343252,0.14416446,4.48274,0.16254897,0.025609765,0.30665198,0.029245138,0.0044999076,1.3239466,0.007909586,0.6401049,0.4418484,0.36550614,0.2933922,0.0,0.67923564,0.8269855,0.22601922,0.070528604,0.0,0.21808748,0.3682001,0.24596673,0.0003222951,0.33092684,0.03673729,0.21417543,0.07029779,1.0533137,0.523596,0.1443525,0.009265642,0.15327507,0.12071483,1.8713107,0.043978486,0.0055025723,0.26659754,0.14633621,0.18753105,1.1602378,0.1277539,0.8599461,0.4117726,0.0,0.081476875,0.5854763,0.51697475,0.33255643,0.04976365,0.92361397,0.6304826,0.04531083,1.4328737,0.18035464,0.9004049,0.75213325,1.025769,0.0,0.010710632,0.15587197,0.004275017,0.018351233,0.0,1.7367427,0.0,0.012584726,0.011435365,2.8972394,0.0,0.4355447,0.0,0.0054737963,0.03881283,0.025549758,0.038308375,0.33544034,0.17870381,0.35187697,0.0,0.0037310068,0.35289547,2.4438512,0.9005145,0.03923753,0.0,1.0627975,0.56770116,0.57981753,0.24524742,0.5805855,0.635928,0.11289858,0.019280858,0.07631651,0.08152562,0.07175259,0.199411,2.7937205,0.79068714,0.37867603,0.02795148,0.7311609,0.0,0.018070104,0.72655815,0.16322285,0.013005462,0.66154915,0.38422954,0.08301596,0.38419878,0.004580215,0.085095145,0.26541904,0.0,0.0,0.0,0.26098835,0.119644456,0.56440467,0.8047755,0.600756,0.08949402,0.044383932,0.00465928,0.11479885,0.31442678,0.4092914,0.34324852,0.19497675,0.07214759,1.29027,2.7069447,0.044512164,0.28746527,0.16420785,0.16219735,0.09339247,0.2961009,0.008171794,0.026952716,1.1644404,0.015053223,0.42514953,0.24014114,0.02812929,0.40597883,0.6086622,0.1324515,0.47809848,0.118647106,0.24051644,0.608091,0.43473607,0.03554201,0.087474,0.74010605,2.11637,0.17607416,0.73867404,0.051316492,0.16758996,0.0,0.15045911,0.0038129848,0.020946844,0.16000181,0.20738141,0.055862926,0.14224505,0.0,0.27844185,0.09968984,0.2654185,0.3197784,0.31453252,0.019208156,0.02460379,0.8775939,0.38364395,0.005915332,0.080308154,0.066278026,0.008519285,0.37202647,0.68160915,0.01956635,1.0754825,1.3421874,0.0,0.025688825,0.00068979117,0.035279326,0.017384652,0.06146858,0.44619766,0.011134547,0.10536048,4.8275743,0.04496954,0.00257427,0.0,0.6357936,0.44317123,0.010877307,0.3427342,0.14177762,0.5010938,0.46854174,all_pothole_images\pothole_images_enhanced_bd0795a91d5484542073e6de93dd3cf4.jpg
0.28394836,1.517457,0.4649785,1.0398346,0.47732356,0.38252887,0.023019575,0.0,0.21346551,0.28570873,0.019626603,0.027530268,0.04177316,1.0346656,0.05496556,0.16014779,0.21793085,0.0,0.18729915,0.04534006,0.024551712,2.6113422,0.020405272,0.110140875,0.15220575,0.3582524,0.19342609,1.069243,0.0,0.113755226,0.1172766,0.095492184,0.47752583,0.0,0.09031494,0.37715584,0.7084939,0.27881068,0.40739614,0.2862407,0.0033228726,0.005887978,0.10944917,1.5800021,0.68412983,0.016794415,0.4018293,0.0040557273,0.06499486,0.51309454,0.46090788,0.11280906,0.002610617,0.3400996,0.05966821,0.8014282,1.2759168,4.8971906e-05,0.872529,0.030621657,0.0702113,0.012590341,0.51822877,0.045542255,0.46444657,0.8080458,0.6002726,0.46648666,0.6992827,0.18453789,0.24470977,0.5199596,0.1161411,0.06783579,0.005470543,0.6133083,1.0895655,0.55957556,0.1009273,0.12831765,0.1526307,0.16465397,0.25142765,1.9473147,0.8048186,0.45652315,0.05537631,0.19274312,2.1477826,0.2495303,0.075242996,0.31149092,0.0032670258,0.2710021,0.46842298,0.060293518,0.94429,0.33454934,0.59200937,0.08166406,0.006801312,0.5017778,0.37671065,0.048593685,0.004434915,0.09859998,0.18015486,0.19220294,0.022144271,0.15812314,0.007949906,1.8173584,0.20500521,0.068345614,0.27562323,0.2813493,1.6434008,0.03645681,1.282392,0.2955407,0.41801637,0.4039677,0.017745402,0.12313433,0.12607732,1.0512458,0.11110275,0.3607888,0.30617082,0.059736878,0.38489446,0.0053536147,0.36605516,0.034362383,0.0061246585,0.24557145,0.0077129724,0.07060705,1.0006115,0.063414894,0.0,0.4025907,0.012117493,0.55554384,0.0,0.72825885,0.16616516,0.015446254,0.16717322,0.53019345,0.16324212,0.05825423,0.009341761,0.0,0.95008326,0.71963906,0.23139393,0.0,0.78123194,0.17169732,0.6296278,0.2762861,0.13345332,2.0350604,0.024527319,0.027790288,0.84047455,0.0016432595,1.6451942,0.014945783,0.16407537,0.0013189024,0.014360973,0.22906178,0.6115662,0.14536656,0.23469667,0.057372585,0.8326969,0.03319144,0.06768203,1.7777987,1.3646672,0.795355,0.43591702,0.24440412,0.057597946,0.13928393,0.33150628,0.45232257,0.00905439,0.14102466,0.0,0.38800648,0.02663374,0.0,0.18741314,0.12231692,0.15066199,0.36982828,0.07113156,0.73301566,0.06833417,0.41450617,1.0224118,0.16151634,0.21856965,0.26332334,0.71309817,0.16735592,0.027796037,0.02528357,0.32643816,1.8107113,0.46303928,0.71867824,0.05863421,0.00773429,0.27412158,0.17425159,0.5166129,0.0,0.33424962,0.7993299,0.10862296,0.25082952,0.69862396,0.110956766,0.9885107,0.12779258,0.036620546,0.0015873313,0.12255283,0.0,0.014360571,0.05350336,1.1701604,0.16465233,0.0,0.008615415,0.067504324,0.070430025,0.029181696,0.0,0.12884675,0.0011889403,0.61094815,0.038830183,0.2174976,3.216719,1.6496502,0.09425295,0.3547914,0.049100734,0.027436912,1.0150944,0.54994434,0.21636997,0.5562566,1.1279532,0.0,0.1464229,0.666802,0.26904282,0.69211066,0.62154156,0.00599896,0.69073135,0.6766671,0.0,0.21052863,0.05906917,0.061262686,0.48852834,0.8844112,0.60341346,0.8151723,0.10186851,0.11505785,0.38216093,0.5434346,0.30916747,0.0,0.0003312142,0.5181066,0.22275928,0.11538303,0.021407282,0.9070161,0.24430291,0.14736268,1.1389724,0.09562248,0.3337214,0.071479544,0.06812672,0.35631323,2.350496,0.39012158,0.27614143,0.1095879,0.10787186,0.0016190797,0.32640508,6.3752666,0.14871816,0.040321212,1.051258,0.076918535,0.004670309,0.47551987,0.13021025,3.0812635,0.54705715,0.0,0.78739476,0.5593686,0.38481092,0.88735515,0.38396773,0.041751374,0.07023733,0.055081993,0.098396316,0.16985899,0.62659,1.2255961,0.0449534,0.4497219,0.06888094,2.7318494,0.59547347,0.0072303396,0.18008563,0.20408772,0.28969616,1.7310197,0.003135244,0.0,0.04527318,0.58006436,0.68502915,1.261882,0.025327697,0.62138957,0.618005,0.04843959,0.029344426,0.2407049,0.8889972,0.13094585,0.48114377,0.40030217,0.3585304,0.3682389,0.49577984,0.25190097,1.8407015,0.8903825,0.4423979,0.027119637,0.063416526,0.3053683,0.10996483,0.054593407,0.09366291,0.4920031,0.21048737,0.5282826,0.042683505,0.6912426,0.08353236,0.23927367,0.0,0.33434302,0.15059671,0.027064968,0.04966426,0.17007443,0.008476554,0.0,0.038344722,1.4476175,0.4812639,2.825808,1.7569256,0.47787705,0.01174347,1.6599158,0.9948358,1.0235364,0.4079485,0.39670238,1.4642128,0.0,1.32999585e-05,0.16977294,0.089058794,0.0,0.39462146,2.7083917,0.13021488,0.06712492,0.67963964,0.5093726,0.03120346,0.122729406,0.7086772,0.0266886,0.18890789,0.3254642,0.25122744,1.0480132,0.050618887,0.20318846,0.008393792,0.94332886,0.16844955,0.10462894,0.008548259,0.6729392,0.03407867,0.57507825,1.2659835,1.6412792,0.06832572,0.05697957,0.29000196,0.0076785767,0.37661564,1.026768,0.0,0.31665024,0.8612323,0.2451404,3.4438634,0.33428407,0.18671434,0.073044784,0.30749497,0.21168992,0.110002376,0.06714052,1.3604991,1.6542735,0.062130604,1.8046631,0.16614617,0.5583626,0.15856309,0.47479752,0.33714917,0.8000495,0.87333924,0.4317969,1.1849824,0.63803464,0.6789417,0.0028947475,0.95908,0.22064771,0.0,0.72945744,0.0,0.51441365,0.18074489,0.2964953,0.33059397,0.64804125,0.42935306,0.4421903,0.1055756,0.27203616,0.19957988,0.27064583,0.25205362,0.010245867,0.28744552,0.09864474,0.6065231,0.3473182,2.2572525,0.12405683,0.21087979,0.0013250501,0.0,0.2796735,0.5114826,0.72092205,0.063353285,1.6651968,1.0691642,0.2588286,0.09474234,0.0,0.03931342,0.092092164,0.009910899,0.0,0.049930543,0.0,4.600052,0.16747996,0.71576613,0.060250845,0.82183635,0.0,0.41744098,0.24439819,0.6898092,0.17540476,0.1821291,all_pothole_images\pothole_images_enhanced_bd0acecf93a8a797c5573e8562dc0cf6.jpg
0.635194,1.3016309,0.24614057,1.5723796,1.471447,1.6262702,1.0233098,0.12958243,0.0,0.8020195,0.1892602,0.84448093,1.0873003,1.1948197,0.02083054,0.0,1.0149605,0.13327299,2.519283,0.24096076,3.051893,0.5113261,0.48180225,1.5702262,0.8527425,0.98711175,0.83274525,5.625244,0.08196338,0.2127142,1.3438257,0.0,0.08557027,1.5251306,1.046572,3.0963302,0.8267197,0.98306894,0.28462932,0.012969908,0.1521588,0.22507592,0.77805275,3.8456097,0.20905654,0.264767,0.9577652,0.14943542,0.6716431,1.4221076,0.71478504,0.74152297,0.052908555,0.08184014,0.8058121,1.2755244,1.0759145,0.572416,1.0560695,0.048477747,0.7291255,0.08520801,0.628466,0.17393203,4.4030657,0.85433483,1.1081039,0.022244774,0.5113615,0.05497407,1.0182168,0.29659984,0.0862562,0.0012716614,0.22484376,0.0059552677,0.3211576,1.6423243,0.61130947,0.53623855,0.3231765,1.6527116,0.037644576,1.6930909,0.5811644,2.4757,0.11033154,0.019929316,1.1375977,0.4397218,0.47409108,0.19229218,0.6520539,0.52917415,0.07498378,0.58230495,0.0011598532,0.44061005,1.461111,0.00032154785,0.24813138,2.9585311,0.24423802,0.72052294,1.0183344,0.9741801,0.02508766,0.53925556,0.46628273,0.12985398,0.092011735,1.1653912,1.5189495,0.98373556,0.09062646,0.3691558,1.785583,0.56801325,0.5368728,2.0397623,1.8779787,0.73789114,0.17286517,1.331448,0.39878184,0.23885296,0.38960055,1.4947126,4.0820317,0.60276794,0.6555371,0.03903309,0.865281,0.22941528,2.6205387,2.3436859,0.9868465,1.2678502,0.4774873,0.054264054,1.5855136,0.043149903,2.2121778,1.0600336,0.42389783,0.91461957,0.06015505,0.17286879,0.045037348,0.09909927,1.447868,0.24460675,0.1613456,0.050724316,2.3203125,1.1772699,0.42061672,0.49849194,0.5911705,0.22444053,1.4400581,0.7458258,0.009772749,1.3199699,0.17291558,0.036539696,4.6541467,0.3755947,1.169387,2.3021522,0.43931174,0.10716274,0.07705318,0.0785155,0.061632205,0.8515763,0.2842594,0.06596355,0.47794867,1.0195369,0.4690287,1.0275841,3.2155821,0.6737283,0.95291495,0.07909218,0.14907731,0.8086657,1.7759777,0.0272671,0.60051626,1.1646878,0.9184319,0.9416169,0.24777809,0.53647447,0.5202804,1.0437185,0.0,0.014367072,0.37648177,0.53573537,0.4293743,0.04482524,0.89331144,0.2605642,0.55718046,0.99531555,2.2690637,2.2202423,0.1300487,0.3665862,0.64670795,0.3027675,2.0688486,1.599579,2.781821,0.67709094,0.99133086,0.5389592,0.59016824,0.34056732,1.8663588,0.55273575,0.100359544,0.007555094,0.6882128,0.22898902,1.4504161,1.290192,0.87441826,0.005203695,2.7899165,0.6727265,0.36623916,0.91883403,1.114627,0.6331544,0.039063938,1.0641116,0.23477466,0.14945042,0.6017509,0.15174893,0.30637917,0.016757336,1.4745215,0.12482966,0.06975505,3.3415587,1.3704338,0.8102206,0.002282828,3.6898453,0.38563606,1.0198714,0.5963092,0.9964385,0.072342314,2.0338688,1.1484473,0.33827013,0.0032292965,0.08049364,0.08471903,0.59838897,0.25056392,1.0750248,2.2462654,0.33221513,0.047668044,0.7036116,0.56813264,0.12931791,0.03315345,0.027545305,0.22980696,0.75697076,0.5301255,0.5432782,2.8251388,0.0005810729,0.2957811,1.6410385,1.4028783,2.0351155,3.589795,0.3863706,2.7415462,0.36816323,0.31488934,1.3097101,0.15397872,1.2584155,1.050903,0.19871727,1.001414,0.23960179,0.04172662,3.8076277,0.24674724,1.556535,0.0026262028,0.020190554,5.0881877,0.6051353,0.048722334,0.015304332,0.032293588,0.500246,0.78718984,0.44181633,1.9941297,0.7893314,1.3050705,0.17383653,0.48771098,0.84956825,1.2021053,0.6053183,0.5594978,0.0,0.48339695,0.9123524,0.07326189,2.0616915,0.31515235,0.0546715,2.173703,0.39940006,2.6931338,0.47046885,0.2315117,0.17005667,0.015353278,0.34891042,0.20641911,1.3833915,1.507255,0.93263763,0.8904476,0.882514,1.3920416,0.6819614,1.0819068,0.66951203,1.2318618,1.5271648,1.3519442,0.14791173,0.4228384,0.09117611,0.7338543,0.9802735,0.02934194,0.14266549,0.008578818,1.2188919,0.08410023,0.1929853,0.56690073,0.7969616,0.42290652,1.6867694,0.12470934,0.10618381,1.1567494,0.47816646,0.9583212,1.1855564,0.065450646,1.7981287,1.3225561,0.023556998,1.4010993,0.28325483,0.8192074,0.01566785,0.13120636,1.1001177,0.65573573,0.0,0.85707015,0.7318185,0.56381667,1.7417259,1.7203529,0.18020649,0.17821522,1.0003799,1.7907112,0.55083364,0.041842032,0.9150867,0.82794166,0.4094092,1.0463555,0.6749904,0.37910017,0.0132130645,0.0930153,0.94270056,0.32472774,0.30156037,1.0242563,0.8761872,0.09852085,1.6904058,0.71101993,0.9833726,0.3893659,0.49296662,0.086371325,0.99527067,0.2469843,0.20044902,0.39619896,1.4646674,0.34175223,0.118578814,2.5292542,1.8631034,0.79142445,3.3606348,2.6078,0.06898981,2.7359467,3.2543523,0.2433915,0.04032858,0.07547507,0.37668583,0.17455482,1.1679713,1.3944082,0.3019153,0.0,1.4934944,0.366424,0.23281851,0.82404673,0.0,0.0,0.13280681,0.2967834,0.0,0.5867461,0.0022977213,0.7879946,1.323994,1.3540626,0.61116916,0.17090957,0.28207502,0.26621303,0.9803809,0.31407052,0.175577,0.22460596,0.0027881532,1.6037432,1.1412929,1.7733665,0.22848693,0.07331295,0.14902702,0.20941843,0.17862764,0.6342254,1.2695365,0.14402075,0.8621994,0.42684397,0.0633229,0.9484595,0.0,1.2084899,2.1504273,1.1449128,0.16083543,0.30701643,2.31358,0.24565144,1.1515871,0.4714971,0.09294141,0.13563706,0.09216773,2.1473143,0.0020727206,0.61941576,0.4634017,1.0206946,0.79805994,0.74802816,0.20657259,0.22184473,0.37570462,0.38638756,0.48087475,0.5802215,1.3100138,0.56555414,0.6832937,0.5559535,1.2303568,0.24656416,0.08553732,0.17822409,0.3962087,0.06438544,0.24493363,all_pothole_images\pothole_images_enhanced_bd71ee1e98c0088d595bef084d969366.jpg
0.6068384,1.611083,0.18533486,2.3034482,0.32889608,0.041610815,0.4142358,0.0,0.24383627,0.6617206,0.2545015,0.77190244,0.13542055,1.3614126,0.0025741179,0.04071408,0.2390321,0.09461105,1.6052495,0.105040304,0.49507767,3.557046,0.40240633,0.5853757,1.3572608,1.7788444,0.54482496,2.9985526,0.4273143,0.69664747,1.0233893,0.7671306,0.36442515,0.23581322,1.5359939,0.34629673,0.1674694,1.8497254,0.4718669,0.28829664,0.021142239,0.031508084,0.2978267,1.018508,1.6036816,0.29663733,0.108345956,0.005912434,0.24693994,0.7263032,0.7066238,0.0,0.84768146,0.20824064,0.26530257,2.566324,0.70089394,0.38367125,0.29246998,0.32643864,0.54856527,0.5152705,0.80179924,0.06828176,0.6405418,0.3796692,1.0194455,0.31534383,0.9380261,0.8134278,0.7082678,0.37327373,0.21506776,0.23002832,0.5119756,0.9074053,0.58976096,0.17855008,0.21564902,0.12066111,0.04531453,0.80177665,0.0,2.7016764,0.69309443,0.22564773,0.5707053,0.2854043,3.05127,0.25351307,0.048298027,1.0257338,0.0049999002,0.6290235,0.030228022,0.33597758,0.84435785,0.43773028,0.5074384,0.9239762,0.23728329,0.5980244,0.26786357,0.13929693,0.0837744,0.6613553,0.67116886,0.030480457,0.0071390136,0.006104128,0.016865082,1.4294841,0.40856704,0.028812429,1.5635585,0.017986635,0.7523962,0.18795381,0.8488535,0.36185113,2.9635046,0.4518804,0.35710505,1.6547257,0.5100669,1.5908134,1.2822342,0.30965123,1.3714905,0.73980945,0.9689472,0.05282163,0.34865093,0.05129767,0.8495664,0.19944283,0.18757911,0.943098,1.6304377,0.6883718,0.7754968,0.30791968,0.0,1.0278662,0.32498395,1.4217303,0.044695005,0.03670904,0.36912668,0.43449885,0.5901699,1.4739193,0.0,0.4057302,1.1803248,0.18309762,0.87598884,0.014967831,0.46414787,0.5403591,1.1785274,1.0239211,0.33452684,2.6607397,0.031050343,0.2718065,0.53093463,0.06016771,1.9688082,0.7029285,0.22998762,0.02889322,0.030111916,0.088606715,0.20049013,0.13574742,0.6486075,0.009100297,0.33756706,0.19977157,0.08893418,0.7328913,0.448222,0.452356,2.09547,1.1257983,0.08710241,0.06856384,0.10592977,1.2772274,0.7468967,0.7842814,0.11641917,0.5787202,0.011518496,0.78816766,0.13885862,0.3200731,0.1603973,1.125319,0.28628436,1.7143914,1.5042402,0.94416136,2.5094616,0.34658423,0.0301089,0.31184596,0.9439308,0.07333962,0.10076103,0.03247067,1.6974798,0.07253326,0.9640188,1.4224783,0.6658949,0.12019334,0.36837393,0.4005776,0.67493576,0.19744936,0.47965622,0.12270752,0.014605415,0.18672472,0.25989136,0.010064079,1.3959658,1.023022,0.0061250837,0.38783568,0.43097508,0.34404987,0.7844308,0.3436027,1.495038,0.041799728,0.055988953,0.17704193,0.3633933,0.04612022,0.07600887,0.29257736,0.03602791,0.04790236,0.3839112,0.290864,0.9908936,5.7929535,1.0541755,0.0025737935,0.7446763,0.28593934,0.13382031,0.25095803,2.303234,0.0744371,0.77371013,1.3157959,0.34024048,0.4202785,0.45293286,0.39732453,0.21491536,0.30959126,0.07143914,0.8659412,1.0035316,0.37516874,0.0,0.0,0.10774744,0.41029257,1.1167252,1.5430992,0.11361416,0.50444055,0.056280445,0.7333959,0.9644262,0.19784904,0.21196038,0.9364095,1.5620893,0.1225584,0.8159549,0.4676069,1.1724812,0.18383363,0.0045092134,0.029499771,0.0,0.78735554,0.38064831,0.039169587,0.12340237,0.9956298,0.028097494,1.4249059,0.64356816,0.49475226,0.09987275,0.24336983,5.5450773,1.318558,0.0061574187,0.5001325,0.049912963,0.1949308,0.0,0.8163073,2.623237,0.43142068,0.08012381,0.81678516,0.20427018,0.8680975,1.549476,0.060253322,0.15639263,0.0,0.0,0.26565835,0.92862916,1.0202262,1.2797582,0.986731,0.8327152,0.3670978,3.2360759,0.103169926,1.0135523,0.027000623,0.10431385,0.45196176,0.96838444,0.8222468,0.06866268,0.2586641,0.8383063,0.5919248,1.5662287,0.681654,0.8715074,0.11807766,0.4439576,0.69654524,0.32930443,1.7612908,1.384344,0.5414704,0.0,0.26300195,0.1408883,0.2722993,0.56970394,2.1639826,0.508367,0.4896951,0.013725555,0.06477257,0.50084174,0.2033097,0.11568156,0.039710518,2.5268853,1.1967887,0.019599972,0.7601273,0.6011565,0.5274671,0.08009773,0.59110576,0.10038468,1.1289095,0.110355586,0.36600953,0.23368454,0.30254355,0.074780114,0.010066073,1.4179015,0.49164557,4.926532,1.0640844,1.4486532,0.40639985,0.0702937,4.381861,1.514417,0.0028228574,0.059395805,1.1387793,0.11534791,0.037151646,0.40069082,0.15815628,0.28303653,0.20625365,3.0402658,0.47022545,0.01904054,1.4764575,0.33496362,0.24264637,0.53562623,0.9851681,0.36185277,0.09942802,0.59803456,0.22635645,0.68129385,0.8809691,0.11177566,0.087669864,0.69449925,0.08526395,0.0904541,0.80387723,2.4865224,5.258957e-05,1.4073969,1.4096336,1.2746303,0.5073674,0.21985613,0.9448166,0.10875099,0.8069912,0.9301415,0.21354266,0.030853475,1.088173,0.41990063,2.6094348,1.157815,0.571809,0.43146858,0.12517102,0.098414436,0.28850853,0.40709686,1.073379,0.117255114,0.29662284,1.4115595,0.2940668,0.38967386,1.1286372,0.8183554,0.39211276,0.4813823,0.031935688,1.1623898,0.062030442,0.9026089,0.554019,0.5616918,0.9552617,0.77129346,0.19916147,0.70271933,0.32293108,0.82415897,0.7143013,0.00698207,0.02348173,1.4757514,1.309755,0.3714768,0.37039942,0.4787092,0.25532612,0.2203418,0.12906872,0.3596006,0.47588947,1.8896521,0.09743075,0.0,2.8779302,0.382664,0.60730565,0.0,0.013984443,0.6880898,0.10666467,0.27501425,0.0033745235,0.121812195,0.9198597,0.08438349,0.10888084,0.0,0.031392798,0.0612124,0.03596539,0.24443774,0.2048984,0.22792995,3.9451737,0.41516563,0.117074475,1.1027933,0.4243931,0.49633446,0.68018216,0.2769304,0.3115166,0.112175755,0.3146125,all_pothole_images\pothole_images_enhanced_bd92b68ba6817814127cbe95c44c1896.jpg
2.3369827,0.27438256,0.1939487,0.99373955,0.9875926,0.058605026,0.52371466,0.4425046,0.35970944,0.58558404,0.024805628,0.8806366,0.07481369,0.18704182,0.38015473,0.07299157,0.04695138,0.025055785,0.21188608,0.21320313,1.0461097,2.7382987,0.58475876,0.29170677,1.8525398,0.48827174,0.8298453,2.1515102,0.08584752,0.009699915,0.2245727,0.2494568,1.588728,0.12386646,0.32872024,1.3197502,0.0,3.7354984,0.43107265,2.0926092,0.0,0.03662349,0.1692843,1.4854558,0.5172511,0.32484576,0.06733266,0.16168948,0.38497034,1.3427365,0.7035747,1.6249143,0.83302236,0.18642142,0.1647832,1.0063702,2.3430963,0.12593326,0.28117126,0.39461732,0.0015233102,0.39100927,0.26666585,0.47202063,0.40448907,2.8830683,0.5241184,0.0745899,1.3231949,0.065441385,0.40941504,0.09353168,0.2210628,0.4062496,1.6808853,0.5150815,0.28979534,0.2569626,0.0027256815,0.0262384,0.754584,0.0,0.20350234,1.8379834,0.9026411,0.17908436,0.3433439,0.7110803,1.6126273,0.33494583,0.07601705,0.0031396402,0.1264968,0.00030773628,0.3339242,0.52694434,1.0622236,1.2005144,0.30763045,0.16355485,0.03729581,1.7738252,1.3624057,0.102406695,0.19094768,0.011053781,0.6308212,0.57062006,0.064549044,0.1014595,0.10369652,2.143665,0.43946144,0.11751105,0.95352226,1.2070681,2.058289,0.05740032,0.88659036,1.9223582,3.2801373,0.058209058,0.00785891,4.0131874,1.5387062,1.5349171,0.077186294,0.8435848,0.48994246,0.0554317,0.7992069,0.017164603,0.025885923,0.3813158,0.08314477,0.83689815,0.0,1.6642245,0.8289169,0.6127017,0.053201754,0.2805107,0.03801282,0.7438803,0.014497878,1.7572814,0.31195787,0.9121547,0.0,0.015126328,1.3178452,0.5576669,0.023423895,0.0,1.0169666,0.19454531,0.46507192,0.033186927,1.1983047,0.83062744,1.0756787,0.53909916,0.055884477,3.217136,0.025616497,0.2779438,0.09392431,0.18855564,1.2037964,0.743375,0.14695872,0.0,0.0051850746,0.061100014,0.45205554,0.22475639,0.22022389,0.009894053,0.18428275,0.018380057,0.14225598,2.6192627,1.1329788,2.4944177,0.5134208,0.51906866,0.056974445,0.6888972,1.5665888,0.284322,0.06587856,0.2010535,0.0,1.062332,0.23688503,0.93226826,1.3773669,0.049806774,0.46886435,0.3009481,0.014428195,1.5421168,0.77864623,0.77560765,1.1348294,0.08853045,1.1061783,1.200915,0.69503003,0.32227188,0.0009531293,0.007313361,0.24234028,1.0328536,1.3655187,0.6009828,0.39902946,0.0,0.2663654,0.23016894,0.17169288,0.44107148,0.009319423,1.3966352,0.04108494,0.3696897,1.1592886,0.16534108,0.43893942,0.728642,0.021145673,0.10373563,0.53740096,0.4011801,0.7620226,0.0,1.9624153,0.032643806,0.0,0.14390932,0.2455383,0.09965268,0.001378433,0.22361363,0.19605051,0.0,1.1977106,0.43019536,0.7332734,3.6385355,3.5655744,0.50946426,0.7417657,0.28657293,0.039163873,0.22286431,0.5198847,0.0,0.32823285,3.1309185,0.02442422,0.15755078,0.12802857,0.6622648,0.66232765,0.4005587,0.99263483,0.50343025,1.182385,0.065298125,0.03484807,0.08996069,1.1411103,0.4997175,0.8871625,1.1136457,0.2277138,0.6351221,0.16922422,0.42529252,1.7558168,0.8275495,0.61899257,0.0,0.36531994,0.2676122,1.5578414,0.3646325,0.9532123,0.49197292,0.36752802,0.2139163,0.15689042,0.39430648,0.014543048,0.1965413,0.102787636,1.6654745,0.2628784,0.8808441,0.72751564,1.1992073,0.21258807,0.6235827,3.938763,0.20077695,0.0,0.13647385,0.01706374,0.3822894,1.2263505,0.6810854,0.6937178,0.957509,0.10805624,0.6442114,0.12649989,1.5919622,0.7863483,0.18540354,0.33959898,0.3315566,0.690972,0.0070874714,0.45090047,0.3575675,1.478006,0.16703378,0.36895996,0.0703286,0.6283213,0.5401367,0.028630942,0.13974611,0.061420187,1.5130724,1.8816789,0.7009133,0.29710075,0.3374014,0.26377013,0.16549002,2.013721,0.0884953,0.5478489,0.0032674365,0.042921707,0.0,0.36518642,0.61187834,0.44696888,1.2187078,0.7653867,0.20825356,0.63563854,0.7389999,0.5110196,1.8662523,0.9526966,0.7738918,0.67917925,0.1400707,0.1402387,0.047149025,0.025041103,0.16157195,2.556878,0.19836037,0.030285748,0.6460127,1.941884,0.14867993,0.42768303,0.0,0.07643325,0.44324952,0.14689764,0.022567444,0.18117726,0.08774366,0.81078315,0.0,1.3518689,0.022618279,2.620675,2.73819,1.4312665,0.0,0.24229948,0.09155821,1.2693689,0.21563998,0.28732744,0.41942716,0.3384382,0.023895005,0.8365042,0.020854464,0.0,0.30183008,3.1576848,0.311587,0.55497485,0.5186097,0.935626,0.03141451,0.9381758,0.39968094,0.8499134,0.7831045,0.9852631,0.41167375,0.16224696,0.38661844,0.013139671,0.1643978,0.17963456,0.41346475,0.7840216,0.33598444,3.0829535,0.99601746,1.0916773,0.6429315,2.04006,0.15467213,0.53286093,0.9136681,0.45094115,0.848075,0.31852868,0.023497295,0.81263983,0.41485915,0.6731578,3.0239778,0.46604022,1.0135086,0.20671651,0.60878956,0.13094439,0.6120748,0.19299838,1.0163497,0.55013126,0.08084458,1.9082267,0.4484396,0.2975212,0.3388528,0.961536,0.6778759,0.09622284,0.38544738,0.76707715,0.7601317,0.3057221,0.34816414,0.15553905,0.9041279,0.7974397,0.90290755,1.5421591,0.4136591,0.64719415,1.1981666,0.42381158,0.23607777,0.46022764,0.044693295,0.3204083,0.4082217,0.105332024,0.7771086,0.8563093,0.3962535,0.0055652885,0.9205245,0.1379448,0.40463728,0.19452418,2.542467,0.40875798,0.12262062,0.0016210693,1.218386,0.09727237,0.12451183,0.44017425,0.11040831,0.04873632,0.640384,0.20163766,0.9472434,0.2871413,0.076486506,0.057275675,0.060274426,0.48703554,0.024677578,1.2740357,5.533387,0.80917495,0.007900945,1.1761336,0.49230236,0.4208944,0.3954143,0.14259829,0.8562739,0.7169581,0.100916736,all_pothole_images\pothole_images_enhanced_bdadce4cd52a6ffb4b6ba20fb5dd6622.jpg
0.40521246,2.3498597,0.43942243,1.3977664,1.4324265,0.55290943,0.13652213,0.0035635205,0.5859061,0.21718696,0.54517287,0.4087095,0.6465829,0.60472614,1.2516563,0.3208703,0.16151355,0.032439735,0.48271,0.65610206,1.069075,1.4306175,0.9344196,1.1299484,1.7575914,0.6988374,1.0959687,1.5547734,0.7630763,0.10005697,0.9317005,0.6916401,0.43662098,0.17546074,0.8341095,0.83661854,1.2859349,2.0543244,0.030041559,0.6795549,0.1905682,0.13964179,0.2536035,2.7561758,0.89601314,0.2518119,0.0,0.41011772,0.15982935,0.106646016,0.84029245,1.3531176,1.1571753,0.6652461,0.18017223,0.6715839,2.6866872,0.008336728,0.45221484,0.52322704,0.039168894,0.25432056,1.5441418,0.5476059,0.18284886,0.47180817,0.24931425,1.0059943,0.5560538,0.29659855,0.6921642,0.7187242,0.48995325,0.30377632,0.87728333,2.5496836,0.46622786,0.46411923,0.27114218,1.2299773,1.809686,0.043632284,0.065684445,0.6572225,1.7561368,0.35438335,0.33920965,0.0063049784,5.158036,0.10920274,0.49353758,0.16720977,0.23488432,1.198763,0.36289844,0.12246017,0.20337933,1.5113405,0.96034384,0.7498444,0.00068273576,2.6821089,0.0042949165,0.40949634,0.30126104,0.10901109,0.6935201,0.031433117,0.20457283,0.43304536,0.1880625,1.1150278,0.31198508,1.5314641,0.5271709,1.1121749,1.4149767,0.23378164,1.3727478,0.36319166,2.119964,1.3832735,0.27798906,1.4347693,0.78099775,1.5611762,0.03969735,0.39979163,0.93987083,0.8770017,1.6828763,0.21530046,0.8755419,0.42980358,0.49019203,0.46596023,0.27183673,0.31956646,1.4725738,0.28650722,0.69929,0.16518436,0.22994585,1.3313229,1.542421,1.0840834,0.46143144,0.3829568,0.13287814,1.5478284,0.30897993,0.52091044,0.21891448,0.0,0.85875994,0.14067002,0.82809114,0.37275636,0.689159,0.50411326,1.0480311,0.57880485,0.18832813,2.230724,0.038372785,0.63532084,0.46740234,0.15257843,0.9090136,0.44048226,0.75788224,0.7973682,0.7581908,0.32213062,0.9818273,0.35505092,1.9965938,0.11075351,0.02104361,0.23612973,0.5174769,1.1080121,4.0684104,1.2957587,1.3322337,0.5197111,0.5910439,0.27252614,0.5265063,0.16725232,1.2154995,0.24325752,0.18945618,1.7827909,0.4634992,0.7370718,0.034317542,0.0,0.0713017,1.2934536,0.7943317,0.4027797,0.6073192,0.9130065,1.4939371,0.6343807,0.040923458,0.42282245,1.110421,0.019134644,0.3398729,1.5984991,1.4987844,1.5714335,0.8420014,0.4358373,0.723793,0.013481705,1.3383662,0.0039248713,2.3250446,0.09382738,0.4092732,0.0074481457,0.4734132,0.255135,0.7985467,0.2053596,0.13145055,0.7656265,0.093219064,1.2532462,0.07366803,0.23675814,0.2569224,0.14570068,1.379151,0.7068426,0.051159445,0.01865772,0.1242696,0.13630694,0.26446506,0.07484784,0.07925635,0.3670834,0.2577438,0.020546429,0.33047816,2.2066724,0.7934283,0.5955887,0.28385374,0.26477292,0.9608125,0.017138867,1.1290095,0.08793021,0.24573767,1.5971814,0.9345157,1.9635276,0.52794003,0.040435284,0.07502743,0.16291189,0.099061094,0.11686231,1.2135442,0.4279829,0.5013951,0.072072946,0.17867656,0.14964575,0.43223774,0.7944815,0.5246729,0.46344468,0.54203886,0.28656298,0.0672586,0.020024603,0.29481497,0.35997292,1.7726362,0.08529639,1.0194155,1.7932898,1.247564,0.13249072,0.77020353,0.83232963,0.010979612,0.24026823,0.86430466,0.86767846,0.48846385,0.0072253277,0.35331172,0.563623,0.25141135,0.46399727,0.15837097,1.0366445,6.072841,0.5852829,0.0,0.53121626,0.51943624,0.37564653,0.014986655,0.24505977,4.0875363,0.5681553,0.13184035,1.1036408,0.5754804,0.8322635,0.31268778,0.13706991,0.017606752,0.895643,0.14670639,0.22951905,1.0025096,0.9790349,0.8092757,1.7684511,1.0917983,1.3589323,2.0582035,0.8761252,0.016259624,0.11415641,0.9467196,1.3831085,1.4240911,0.8691182,0.56420416,0.39927393,1.2275218,1.8005748,1.7736944,0.11238808,1.0785481,0.0,0.28899223,0.3722123,0.53107625,0.56673175,0.009377252,0.56864303,0.40961915,0.41684192,0.45836028,0.027324038,0.50215757,0.5719916,0.15913723,0.16904226,0.12904707,0.11025842,0.15504526,1.702389,0.45409524,0.06837787,0.3101163,0.3094257,0.13172531,0.12820654,0.96440977,1.0225893,0.32643408,0.25920147,1.6531316,0.89589876,0.04777395,0.02709042,0.21509263,0.6240507,0.17138751,0.11745917,0.3361009,1.3943917,2.4133341,1.6439399,1.9775409,1.1244113,0.90128136,1.0540386,0.66442746,0.19497377,0.007199059,0.057901353,0.16394827,0.054959666,0.1880684,0.36539677,0.8864496,0.279313,1.27036,1.3837507,0.0,1.2793561,0.21641989,0.3565584,0.1639482,0.6826994,0.40074974,1.0711749,0.92876923,0.45322064,0.5615985,1.2230116,0.081677034,0.39457157,0.31783977,1.1234955,0.12917604,0.04883481,2.6684172,0.39080513,1.270375,1.473038,1.881926,0.33047223,0.6156214,2.2056592,0.04816586,0.48094222,1.6878278,0.32272464,0.7250614,0.62785286,0.2311017,4.24633,1.461647,0.18230523,0.0,0.6527545,2.0410812,0.19675036,0.08730356,0.23947005,0.016947139,1.0086583,2.5546105,1.0197443,0.88472694,1.2313583,0.74368143,0.6718011,0.79850805,0.19997036,0.0147671625,0.509741,1.6707858,0.45921612,0.39240143,0.72583896,0.43488926,0.21344967,0.6390537,0.42478776,1.1366746,0.22820114,0.49826902,0.09725409,0.8771414,1.4681318,1.2782695,0.08174362,1.0913388,0.0041188705,0.18594426,0.40720114,0.24264117,0.4426766,1.1790991,0.2914248,0.51346403,3.2157147,0.33371606,0.93284464,0.008004291,0.121732965,0.91937155,0.6663984,0.00030400718,0.17424774,0.38797307,2.9204547,0.0,0.00612163,0.006673217,0.13452615,0.2804283,0.008768025,0.15775783,0.0,0.8469771,1.7520759,0.22229086,0.88497955,0.8058566,0.032253735,0.05311958,0.6886765,0.44484228,0.9276368,0.6351059,0.28051507,all_pothole_images\pothole_images_enhanced_bdaee2251eda4d29955564890af955d2.jpg
0.18844607,0.6768364,0.39534485,1.3859503,0.1328352,0.015361669,0.26968306,0.8158694,0.01426452,0.9692364,0.5482899,0.49675432,0.43798515,1.3247297,0.0,0.11942733,0.34911758,0.37367088,0.8936143,0.21351047,0.3639291,3.2568078,0.556962,0.8224684,0.54618096,0.10544082,0.16035952,1.1360186,0.0007480011,0.8932042,0.50764847,0.11786145,0.09562899,0.5582528,1.1250683,0.5882365,0.21669747,0.23191729,0.31348753,1.0107323,0.0023966979,0.2975061,0.21132411,0.3389434,0.24316904,0.51721334,0.24100053,0.049760185,0.8599027,0.4223037,0.49802843,0.0678722,0.73107094,0.26769945,0.37114325,0.43469507,1.4065671,0.026612787,0.380473,0.030197259,0.20923758,0.2645715,0.30856654,0.011078747,0.4006461,0.6840791,0.35720086,0.22926003,1.0192816,0.41529167,0.064491965,0.010065053,0.008234294,0.18597749,0.32953048,0.17203915,0.23581205,0.28198108,0.029250441,0.1465002,0.056325164,0.06471494,0.4566408,2.3990502,0.7899821,0.81039596,0.050070975,0.13233331,1.2079777,0.22455421,0.048014965,0.4279586,0.20466131,1.1906236,0.0,0.14507319,1.7788553,0.23112115,0.13399069,0.10311833,0.20178267,0.5541788,1.7486061,0.16758391,0.3667434,1.231505,0.04177912,0.41430745,0.11813032,0.84037423,0.13082021,1.7359554,0.5748069,0.62456256,0.42164135,0.56172824,1.7542285,0.25267717,0.114845626,0.3221321,0.7227507,0.7117559,0.23305283,0.60679764,0.026589999,1.3196534,0.79272944,0.8132072,0.61211604,1.1412915,1.0592633,0.03338823,0.82099557,0.59272677,2.1281776,0.37291858,0.009049504,1.1976045,0.06838817,0.0,0.64165306,0.4303294,0.26596907,1.2616647,0.307171,0.51341915,0.16014972,0.70933187,0.085512236,0.13278486,0.113900915,0.22458154,0.09932008,0.29096577,1.5515256,0.14449513,0.72891885,0.043470614,0.26893657,0.26726192,0.99500364,0.31671357,0.04531833,4.066453,0.17269678,1.4324652,1.1178468,0.27905476,0.09335245,0.5721282,0.21213706,0.06852251,0.27426362,0.11297973,0.65881497,0.13683005,0.19801834,0.0,0.5879168,0.11170648,0.093822934,1.7531037,0.561488,0.40352103,2.1638744,0.22194678,0.30483475,0.6654223,1.0185318,0.64398175,0.28581405,0.37456435,0.1448511,1.2629781,0.49331897,0.021019094,0.58414364,0.5618508,0.33663586,0.33448866,0.14277788,1.3136165,0.34830058,1.0980815,2.2565649,0.58436936,0.37543774,0.29162246,0.88507843,1.4190063,0.01787607,0.02602053,1.2990453,0.27015576,0.77594703,0.18693334,0.4769571,0.09216002,0.488755,0.4627255,0.4535801,1.1555704,0.44192013,0.059699714,0.025920862,0.524658,1.1886233,0.032257903,0.64819235,0.16167876,0.016668584,0.3230166,0.2622432,0.30297306,0.019991972,0.7848183,0.24232681,0.1062016,0.18081272,0.20098573,0.05487619,0.2125886,0.0004327126,0.022204297,0.37543157,0.1284701,0.5803956,0.28425816,1.0816408,4.156608,1.5602582,0.20887914,0.70756733,0.059914533,0.0036231433,0.66162246,0.38342416,0.72000813,0.51181287,1.6657553,0.28903177,0.047624715,0.30523482,0.7011284,0.15250444,0.06283556,0.21460108,1.1472838,0.81966084,0.3102494,0.2455653,0.09365973,0.28796333,1.2176763,0.06573842,0.76338106,0.34766763,0.37156004,0.29939383,0.26806867,0.7016744,0.0769987,0.49391103,0.20186034,1.6806154,0.0,0.30713102,0.3640412,0.6450574,0.35105336,0.39166248,0.28977802,0.056607343,0.94951516,0.8453603,0.23376052,1.0034144,2.235437,0.09301225,0.5548928,0.3437607,0.5949383,0.116245225,1.1707647,2.0469575,0.47726175,0.7568288,0.29523996,0.19690719,0.14968713,0.39943376,0.30585244,3.6147027,0.49758634,0.034409236,1.1041527,0.13865118,0.07466452,1.363637,0.13022025,0.32655707,0.4066373,0.03702452,0.23911923,0.32904077,0.37476152,0.109414876,0.2421477,0.638642,0.0,2.2594209,0.7615602,0.22473447,0.0,0.021788146,0.6412417,0.60433435,0.11076959,0.1475548,0.105212025,1.6074667,0.35418203,1.0318727,0.14438835,0.17018002,0.7987477,0.46339473,0.25129125,0.053930443,1.8676004,0.22723824,0.3826494,0.20333214,1.5419716,0.58462524,0.037387133,0.13213438,2.0801957,0.30283046,1.2955482,0.12754884,0.06193176,0.27903765,0.52704835,0.6600214,0.071879484,2.4339547,0.37967044,0.0963213,0.12325624,2.2483356,0.45351195,0.2048688,0.8773192,0.5788093,0.27744293,0.012806779,0.3147924,0.14070949,0.8808652,0.60176986,0.0,1.2214763,0.9553394,3.2372267,0.311863,0.7553671,1.4921062,0.71048003,2.298041,0.73739153,0.5744845,0.21801671,0.2707909,0.3666322,0.81458974,0.47446215,0.4976824,0.3507878,0.04321799,4.164669,1.1821504,0.30837306,0.14329582,0.14648053,0.006556146,0.36585516,0.5197854,0.043349747,0.03600233,0.19243057,0.76718754,0.8641205,0.8715946,0.22735667,0.26283458,0.10419299,0.06872018,0.10132666,0.5163801,0.061278064,0.5029114,0.9765257,0.9718298,1.3663112,0.21127564,0.19858475,0.6379734,0.57516146,0.6799955,0.18223326,1.0920361,0.87356454,1.6228659,0.39138833,1.8258256,0.7492157,0.25465137,0.10527252,0.17336,0.3238365,1.187817,0.107817106,0.29208162,0.33262056,0.045342118,1.7010382,0.16481622,0.057250485,0.54709405,0.3608269,0.51107436,1.0706018,0.67982405,0.18927485,1.1775646,0.7705961,0.287201,1.0777175,0.21855618,0.43622613,0.29264176,0.86060524,0.00020529333,0.59703773,0.36827594,0.013937741,0.24596605,0.5524866,0.4654522,1.6702465,0.44381025,0.043028448,0.09165112,1.1605228,0.026097307,0.48760185,0.052545253,0.58938414,0.1662002,0.50491846,2.3165,0.50919473,1.0957978,0.1856794,0.11710197,0.7294922,0.0224037,1.0567341,0.0066334982,2.752962,0.32958493,0.0034748935,0.14392887,0.28367144,0.41477525,0.11171526,0.3386115,0.84202176,0.8334008,0.33832744,3.6685958,0.24608047,0.36139622,0.27953777,0.056188047,0.08125338,0.1099511,1.2618141,0.34179384,0.78094137,0.1977796,all_pothole_images\pothole_images_enhanced_be08015935b62550f039c55169ee1409.jpg
0.4372851,2.6887693,2.1563041,1.5169215,0.17465517,0.0013089997,0.28363004,0.26557955,0.24470069,0.4164257,0.9157369,0.45829815,0.28763017,2.3496954,0.11705273,0.56383026,0.7084462,0.23625198,0.93195397,0.5508744,0.1427519,1.4167914,0.24338298,2.6401386,1.2887752,0.49005592,0.49443093,2.0234122,0.20729236,0.19256778,1.4342753,0.4161654,0.2615682,0.3855614,1.0130262,0.875272,1.3744442,2.437707,0.6009772,0.5642715,0.22810015,0.003253425,0.42275363,1.9974978,0.43165398,0.70721793,0.024018183,0.23129514,1.126129,0.8749413,0.18078415,1.3708414,0.7992711,0.051238216,0.39589924,0.42162183,0.8385646,0.10295163,0.40964603,0.061626688,0.4805588,0.2838792,0.23261973,0.0016484116,0.27900565,1.7922924,0.27823052,0.23677851,0.6873045,0.19908519,0.6284821,0.14641845,1.3541521,0.5061948,0.8059672,0.87947327,0.36891466,1.3343518,0.09652009,0.1374118,0.5604869,0.043061208,0.024079744,0.84702784,0.7002805,0.22345704,0.32558936,0.6181805,3.9849212,0.13172308,0.34834966,0.082103185,0.19018225,0.20663293,0.4223011,0.26836222,1.177981,2.4059744,0.49811402,0.0023425645,0.055649195,0.7777708,0.3129645,0.6141473,0.59950125,0.9102008,0.9507175,0.19819914,0.23710601,0.7194528,0.11442758,1.9346126,0.11747945,0.7174935,1.4071138,0.077671595,1.3796539,0.46046945,1.0684602,0.5241504,2.5626082,0.024890836,0.18046674,2.306582,1.4420611,0.9198954,0.79830587,0.3181551,0.23722656,0.9378755,0.7173069,0.03899013,0.4989413,0.0943072,1.0187684,0.38201237,0.023959776,0.40518126,0.41567144,0.36802658,0.4352848,0.36244583,0.5579805,0.3123339,0.42367008,0.58228534,0.031503145,0.33607468,0.44858718,1.0200638,0.5168956,0.8965084,0.30968702,0.14539608,1.2469991,0.009504482,0.0886353,0.051141016,0.01332046,0.5096832,2.01381,0.88911134,0.5551306,3.0038364,0.0012310736,0.3369267,0.745238,0.16593966,0.4041354,2.8887565,0.42915088,0.08433916,0.37485826,0.17191285,1.8208685,0.1390634,0.8490851,0.37908834,0.0,1.0321367,0.0,2.5205905,1.789417,1.719401,0.88137823,2.1684635,0.25850195,0.071820036,0.9960575,1.221981,0.6108183,0.81449187,0.6215193,1.2822984,0.25490224,0.9012605,0.4012131,0.8020887,0.09138829,0.99311244,0.07038362,1.1081301,0.19771849,0.6311288,0.70260596,0.7777866,0.56331635,0.23245881,0.13098401,0.007149228,0.33461314,0.83445907,0.80448693,1.0562804,1.2406415,0.48881912,0.15419914,0.3344195,1.0880083,0.016250055,0.88796496,0.36532593,0.5053119,0.8452864,0.0058918255,0.17747326,1.305592,0.918187,0.5362897,1.3614995,0.3430105,0.11528257,0.6311836,0.7527151,0.40559566,0.83675116,1.0381365,0.34023273,0.14298543,0.13232437,0.9419474,0.4953034,0.86739147,0.48288777,0.07628541,0.5306202,0.8115184,0.035084095,0.2994442,2.276693,0.48003465,0.08217663,0.09618118,0.31456107,0.59085065,0.0,0.7091864,0.10986516,0.8567386,0.8460871,0.24959859,0.06268876,1.204979,0.11069565,0.7491258,0.92762256,1.113502,0.44269636,1.4472997,0.20826598,0.111220375,0.0,0.39215878,1.4177558,0.30984282,3.042209,1.0403736,0.536908,0.4700502,0.7372726,0.097534604,0.32351583,1.3133308,0.5454546,1.2562395,0.8647129,1.1786997,0.88275707,0.62472165,0.039779924,0.47310936,0.34102717,0.012377109,0.25931484,0.9666612,0.54803616,0.4182386,0.09436681,1.064242,1.8660173,0.8997768,1.7954216,0.033686865,0.8693266,3.959183,0.041413754,0.06999038,0.371211,0.6402796,0.63431674,0.10343553,0.5935836,4.5870657,0.9791696,0.0,0.8299712,0.4020885,0.3109173,1.7317888,0.2527592,0.63413644,0.24561,0.20979254,0.03270364,0.48132506,1.5462313,0.89402926,0.010336411,0.6955479,0.510156,3.1998403,0.10639617,0.25145727,0.052885775,0.32677603,0.590714,0.8860945,1.5305985,1.4043671,0.026755279,0.5910348,0.31938273,0.86578554,0.40469912,1.4222605,0.3100624,0.2107607,0.016395893,0.1332013,1.0149373,0.070481054,0.7410141,0.11396464,0.5668023,0.07259999,0.027228013,0.13976981,0.6159761,0.26888722,0.50864995,0.6220549,0.098363444,0.340091,0.77454096,0.041932557,0.97772855,1.1706316,0.23899098,0.0,1.2351516,1.3442926,1.5363609,0.1854857,0.47453442,0.10076517,0.5552447,0.06381217,1.2677265,0.06458762,0.48987943,0.1269066,0.3996739,1.2174369,1.3005416,2.5853693,0.2733821,0.58199996,0.8256855,0.21064334,3.0433028,2.1677341,1.4637036,0.90372795,0.12419395,0.25108212,0.82334083,0.6810048,1.0464094,0.1652086,0.016961096,1.4510999,1.6554369,0.62405074,1.4188778,0.236173,0.1806598,0.5196106,1.3308443,0.64317167,0.2944634,0.39262536,0.48769373,0.5627104,0.4968588,0.0,0.023315262,0.06818923,0.07289546,0.095878854,0.20942995,1.0332931,0.49299854,1.2741206,1.6227605,1.2585813,0.07354242,0.5922915,1.3693621,0.042355694,0.35944572,0.29800677,0.13184485,0.6110691,0.92144585,1.4368906,4.3307457,1.0135452,0.4809862,0.6531151,0.009225735,0.4986478,0.83295554,0.26946864,0.5724114,0.02516615,0.0,1.7063392,0.7102983,0.7875665,1.4122553,4.1064177,0.69662666,2.0724623,0.6736081,0.45844802,0.9578217,1.2365128,0.4201541,0.17869179,0.7287276,1.5307676,0.010750285,0.56256366,0.16099611,0.45630154,1.302317,0.45295465,0.0037208577,0.80753976,0.34538385,1.3319032,0.46162397,0.015662035,0.50071067,0.15209249,0.49576265,0.31226903,0.9194778,1.4518483,0.10511529,0.7951781,2.1135848,0.5455187,0.6422832,0.03225401,0.9270471,0.49563536,0.50313807,0.2809307,0.11021876,0.8557583,1.6343864,0.24948369,0.094328135,0.0063021183,0.0404638,0.0,0.06319198,0.20369221,0.49904913,0.10640114,3.0790012,1.1882052,0.83374184,0.24458571,0.3972829,0.34263852,0.21502142,0.57254255,0.11772858,0.0,0.08882935,all_pothole_images\pothole_images_enhanced_be255146cdb45ba1bdb9af034ccb1a21.jpg
1.1456575,1.8146966,0.7042831,0.55147356,0.88337046,1.10038,0.9716144,0.0,0.500415,0.22425734,0.28185454,0.40077403,0.21868692,0.5979472,0.35795328,0.3138256,0.20867495,0.023782864,0.8771472,0.77478737,0.070728295,3.5737386,1.1075189,2.856664,0.47653905,0.5207214,0.29082415,1.4970669,0.19360584,0.78301495,1.3172472,0.08257699,1.0462712,0.8721991,0.6205239,0.8016958,0.7717799,1.6808244,0.84278053,0.92911994,0.48611987,0.0,0.33822772,2.2499208,1.3407059,0.3258578,0.18066573,0.62078124,0.80600446,0.9791975,1.8030012,0.048829284,0.9198067,0.5401513,0.022011414,0.21522824,1.6752051,0.0055653076,0.37800375,0.31372258,0.0,0.2713491,1.134398,1.2070915,0.12491491,0.686423,1.4613993,0.45921928,0.4513207,0.44367057,0.08363876,1.8510686,0.6775594,0.09399272,0.38443342,1.9259955,0.1390629,0.3437466,0.14084782,0.30956635,0.014624287,0.9763444,0.05886863,2.7527668,1.2091873,0.6349086,0.15473114,0.2243161,3.4745295,0.011179417,0.44571117,0.45799014,0.78213483,0.003417845,0.6275248,0.19473253,0.23349313,0.42226535,0.6087598,0.26014078,0.009298741,0.711918,0.035717204,0.104590654,0.0025295834,0.1684684,0.29213032,0.09182251,0.48182607,1.4101605,0.09544777,2.7776694,0.41945842,0.34236443,0.24646486,1.6113579,2.5054507,0.15802456,2.3085096,1.0959092,1.327411,1.9360105,0.1869945,0.36139977,0.12287131,1.0950085,0.16326097,0.2725533,0.48534203,0.6290808,1.3058747,0.18887934,0.59325904,0.02397924,0.29462388,1.2873393,0.16739482,0.28377607,1.9070508,1.0152493,0.1767567,0.33884063,0.00808711,2.4505346,0.016651003,0.3456926,0.358199,0.28894442,0.87474835,1.3613838,0.21202858,1.0257264,0.0017154171,0.09084251,0.8078674,1.0490187,0.75706893,0.18726654,0.3426491,0.81912386,0.9169792,0.39880636,0.21316636,0.7437239,0.09834123,0.19268325,0.43943086,0.07729829,0.9171079,0.30240723,0.002524432,0.040478308,0.3954575,0.5371725,1.3194067,0.028907947,1.1664921,0.0105709005,0.006562998,0.0853288,0.008785144,0.9598292,0.8060235,1.9287955,0.9734134,0.9661075,0.674928,0.20878915,0.18783674,0.84994215,0.14257406,0.3805451,0.014031293,0.69800115,0.11275452,0.6063051,0.21578854,0.06917557,0.73008096,0.18146355,0.12725092,0.72746944,0.7234801,1.652559,1.1570207,1.0807457,1.0710592,0.016632557,0.24127237,0.025433352,0.44464493,0.37245396,1.8736106,0.33649406,0.42648268,0.5157248,0.37065333,0.46873885,2.0207608,0.11837997,0.695856,0.4591337,0.8336732,1.2393208,0.51815027,0.39244428,0.21637185,0.60046613,2.3173816,0.4158673,0.4056828,0.47324476,1.2415451,0.08890601,1.5958093,0.08497125,2.3084211,0.3251343,0.022939852,0.08947166,0.060168296,0.4106817,0.18390003,0.106374696,0.2453777,0.0,1.5333314,0.18091527,0.26568308,3.4654927,1.9983084,0.07252157,0.50504124,0.73690647,0.082454965,0.020456543,1.244457,0.57902074,0.96831197,0.92723656,0.34836936,0.86178344,1.4225785,1.3101629,0.36792558,0.35764253,0.15210845,0.093854845,0.7159778,1.0059861,0.011156322,0.15861602,0.003433384,0.47521478,0.78324825,1.1342233,0.5513076,0.46107605,0.54137576,0.28253022,0.5319197,0.38914174,0.09775407,0.168886,1.56769,0.14255348,0.5613086,1.2621624,1.3018355,0.11059847,0.14122187,0.20716146,0.05484743,2.1703413,0.31251934,0.008307016,0.810063,2.2762828,0.6146515,1.0277287,0.019613054,0.59538466,0.1956581,1.0773195,7.3412447,0.2135506,0.096492715,1.0092764,0.06334038,0.07186526,0.03089328,0.3632016,3.400648,2.1399608,0.07299958,0.30669454,0.0,0.50219214,2.69672,0.18841802,0.2914781,0.09329684,0.053728756,0.4863446,0.33327997,1.3329083,2.1816218,1.0337951,1.6057042,0.7231741,4.3693485,0.40804213,0.09911254,0.010542237,0.42379674,0.37335765,1.4442462,0.30088314,0.12821066,0.10407597,0.55706567,0.52967584,1.5453869,0.05494994,0.032853037,0.6364569,0.0,0.30094644,0.74516267,0.7810768,0.0048514684,1.6081878,0.0,0.74258226,0.37018412,0.069947205,0.29287758,1.2875079,0.42863375,0.44032803,0.0,0.22478008,0.7273069,0.34847313,0.011046966,0.24613577,0.7840274,1.9438863,0.48788738,0.22491509,2.4078958,0.6494385,1.3793205,0.1897124,1.1587801,0.6439126,0.52557737,0.22946939,0.5689126,1.0757122,0.17235015,0.15858799,0.46267593,1.9694546,4.374423,0.3461365,1.8037548,0.0074087526,0.42787707,1.8252296,1.2895315,0.98119414,0.09638295,0.88712496,0.16943988,0.0049157212,0.6481931,0.23468602,0.45053458,0.5031672,3.5789163,0.4086598,0.76714945,0.7817107,0.11295808,0.043965545,0.3158486,0.30069357,0.12936886,0.4869009,0.003403147,0.55073696,0.42942098,1.0568547,0.24156196,0.4565805,0.108292565,0.9232601,0.58110046,0.63099724,0.71692795,1.5369524,0.27636456,1.4823402,0.3200417,1.9755363,0.32627043,2.9890945,0.021271193,0.9956821,1.0613433,0.025060512,0.43917263,0.600489,0.49659377,2.6817203,1.1525385,0.27103543,0.012125743,0.27751797,0.83218855,0.2186048,0.19921556,1.0587224,0.775006,0.97158027,2.555249,0.97124517,1.1363187,0.97611684,2.0230777,1.199627,1.3224423,1.5478444,0.96095306,0.34354162,1.0259196,0.8969565,0.025565794,1.1561655,1.3604553,0.04491046,1.4236305,0.14606434,0.48692998,1.0904548,0.9771264,0.25806385,0.06309085,0.94373685,1.760053,0.7372864,0.6458265,0.09832697,0.93735766,0.3029708,0.07764236,0.8000028,2.0171652,0.376772,0.28178093,2.8476596,0.26305357,0.2116324,0.07267114,0.080645904,1.5403734,1.028825,0.58592993,0.04524794,0.35526916,0.5110502,0.0064427354,0.05720868,0.28429908,0.0,0.01802616,0.7708909,0.14184743,0.0,0.33012637,5.45938,0.5783458,0.38402447,0.39274144,1.3082557,0.10497809,0.7027751,0.6834944,0.9527748,0.07627302,0.9335997,all_pothole_images\pothole_images_enhanced_be3257c502bb7daddf3163a08b281e8e.jpg
0.45065564,0.7124411,0.4137128,1.0554817,0.8329984,0.49983853,0.28082252,0.4603447,1.3574195,2.6929362,0.5344452,0.11380326,0.44989884,1.14622,0.037695177,1.032854,0.5130946,0.82171327,0.08518865,0.9391042,0.43659115,1.155576,0.40243092,2.20044,1.3056076,0.9134809,0.44783852,1.8276771,0.4614707,1.2469281,0.30907774,0.28100917,0.7915818,0.42078102,0.6951127,0.850148,0.5002206,0.5735683,0.24521866,0.023888454,0.04973484,0.47046807,0.39608794,0.12393644,1.9226564,0.64829123,0.094350524,0.12808652,2.9702373,0.12557247,1.2467654,0.29779625,2.03625,0.28306034,0.2593142,1.4355395,0.95769185,0.0969271,0.04058039,2.784062,0.3034936,0.63210577,2.4219644,0.568944,1.0563415,1.0362211,0.47024438,0.17685744,0.10948097,0.13192303,0.47046095,0.66368353,0.0,0.34681264,1.2496935,0.5043004,0.21034142,1.5670866,0.0057633524,0.33854952,0.39806506,0.52696913,0.743274,1.620456,0.2589687,0.42957383,0.33620515,0.17897633,2.3158557,0.497779,0.3600224,1.6854489,1.125855,0.8131317,1.2848854,0.18683365,0.79308105,0.8656983,0.40722072,0.9309202,0.17202677,1.8021455,0.15491052,0.50128245,1.8712195,0.10625726,0.5824277,0.6648507,0.041587837,0.7413374,1.1949865,0.7913374,1.6349128,0.36129823,0.23398511,1.0343971,1.2287898,0.063198306,0.735163,0.7751823,2.0931072,0.44991857,0.80142903,1.1419014,0.78724116,0.70194757,0.4885889,0.7368034,0.54616696,0.62880456,0.6582928,0.3529382,0.45191053,1.2416561,1.0309951,0.4149512,0.29845655,1.0292882,2.952192,0.21981862,0.5440976,0.231372,0.9174576,3.1243765,0.43111867,0.16583188,0.87633497,0.0,0.27658892,0.50901306,0.27179915,0.11852418,0.6437868,0.07207423,1.3392707,0.77876854,0.30825162,0.3377919,0.09434166,1.3765548,1.2475612,0.14573067,0.74677515,2.7282135,1.0900524,0.38448748,0.52691036,2.3228233,1.275071,0.9593646,1.5100207,0.053442024,0.96745425,0.717455,0.7935573,0.20508613,3.2732067,0.23738736,0.24317175,0.94723916,0.9003094,2.0845866,1.6297368,0.6768367,2.8652182,1.389085,2.648397,0.62935,0.15657091,0.84027135,0.5782637,1.6836116,0.30349088,0.5326348,0.46208566,1.2383046,1.7248785,1.4785599,1.0151973,0.7187111,0.26809224,1.4073656,0.496041,0.5473404,1.1662318,1.124589,0.30559394,0.61956716,0.8294551,0.2649241,0.17749915,0.052315637,1.345446,1.9921972,1.5287681,0.36530903,0.24677889,0.9140298,1.4397209,0.5334588,0.6917389,0.4053129,0.7454888,0.321203,0.0,1.4439628,1.1884893,0.204006,1.8726214,0.26256686,0.34261137,0.6249435,0.06528317,1.5352739,0.66182387,0.80916,0.35192946,0.6428574,0.18483673,0.1481442,0.5276787,0.04324765,0.38307324,0.57341766,0.4260264,0.20752424,0.7082617,0.92871016,0.2911915,2.4932644,2.4972603,0.25395367,0.14266364,0.3103262,0.69601953,0.2985312,1.2635525,0.57868415,1.1848452,2.2917125,1.4320953,0.77703536,0.4420562,0.25832346,0.46449116,0.112562574,0.14025928,0.09071635,0.3316394,1.6642487,0.5332351,0.045910366,2.743016,0.37558758,0.8527614,1.3325396,0.19817854,0.990827,1.687112,0.20148018,0.18062961,1.1295279,0.7663918,0.27472824,1.775987,0.34463316,0.81322694,3.1541758,2.2300396,0.9651928,0.3235044,0.66239554,0.24103893,1.0352927,1.913368,2.1658692,0.7624387,0.74185157,0.52890736,1.7620887,0.44526666,0.82369894,0.05354472,0.5453946,2.8606997,0.1394921,0.5214537,0.36635286,2.2062373,0.17427343,0.0041719205,0.266716,4.296548,3.2182908,0.47079086,0.39565372,0.34855446,0.41704115,1.4349823,0.89447606,0.31028035,0.8991308,1.040417,0.49211782,2.430579,1.0134329,1.1434679,1.1086069,0.33176002,1.1713402,2.4342604,0.5230299,0.12516938,0.36820126,1.5600073,0.07153477,0.5775012,0.6102331,1.1144805,0.62469816,1.3171412,1.0425124,2.1301227,0.7333321,0.83249646,0.10768712,0.3569519,1.1362822,0.98946625,0.7189041,0.1947367,0.3210924,0.11241169,0.76783115,1.9201404,0.11328821,1.3690455,0.73136634,1.5829419,0.9139638,1.6691684,0.041627456,0.32916898,0.7682776,0.039554276,0.29104137,0.53346086,0.7886396,0.25783727,1.4086558,0.54775155,0.13382097,0.31265342,0.50386864,0.18659282,0.35716492,0.15582937,0.1747656,0.507926,0.7824291,0.8197327,0.22814381,0.1502365,0.42269212,3.0736697,1.216049,2.60856,4.3076863,0.31376937,1.4643025,0.6326416,0.34689513,0.62825656,0.45321488,0.7489451,1.7640022,0.21876255,1.7259218,0.36436346,0.075906694,2.3501773,0.8729615,0.39099967,1.052971,0.68900603,0.60505223,0.5295893,0.69238776,1.8024415,0.56046164,0.58538586,0.25878173,0.31877172,0.1904657,0.8159375,1.0827537,1.5845274,2.294048,0.3316984,0.7094267,0.36007693,0.1675855,0.6395389,0.23005849,1.4104015,0.9376791,0.33555788,3.1149008,2.296962,1.0391797,1.2938255,0.05054455,0.33580947,0.20441481,0.9894609,2.3135338,3.3384674,1.926409,2.0002937,0.58249265,1.3542333,1.5753237,1.2355552,0.12517537,0.21451333,2.5519419,2.9097657,1.2022494,0.23606291,0.14074887,0.4919709,0.2041214,0.8059111,1.0580022,2.0821235,0.28590798,0.85890603,0.44355956,0.12754281,1.2726284,0.9663003,0.43888396,1.1517447,0.42516956,2.0428514,1.3185328,0.11246399,0.016432866,0.17103961,1.2555913,0.5328009,0.2887675,0.26863146,1.0186383,0.7744416,0.41545478,2.0315378,0.3409733,0.97713405,0.41482803,0.5464521,1.684989,0.9196083,0.7289544,0.12252652,0.6269091,1.0463223,0.23659828,0.51891357,0.1623124,0.11428732,0.56837785,0.36313832,0.19835249,0.055397324,0.060149882,0.14858288,0.338234,1.079823,0.25793657,0.895332,2.902599,0.5744058,1.7386602,1.0628937,0.6176945,0.0012921434,0.39377025,1.656193,0.5508177,0.33939275,0.85871667,all_pothole_images\pothole_images_enhanced_be5a861f0c1d60fa38916a3e85b35411.jpg
0.008931166,2.8776093,2.4669554,1.1495783,0.63352966,0.26752892,0.27413172,0.24600585,0.033638228,1.3578316,0.18510272,0.4236582,0.7032833,0.3157062,0.6053706,0.42013922,0.09515583,0.3441544,0.7477842,0.45704824,0.8548048,3.7958512,1.1475686,0.6855453,0.25414366,0.7290864,0.37929916,1.0016868,0.21166213,0.50231284,1.8212558,0.43204412,0.18326603,0.46739858,0.040024936,1.9302878,0.23132826,0.58375907,0.009553356,0.76235366,1.2653283,0.123150386,0.24799997,0.10769279,0.4641011,0.4643462,0.8230851,0.025718255,0.8431239,0.37176058,0.7507408,0.47796747,0.12113172,1.3488744,0.30131027,0.4445539,1.1443102,0.35995597,0.609161,0.26936537,0.069127195,1.3894893,0.79643786,0.28572157,0.3483779,3.9028456,0.44519487,0.5599281,0.42177126,0.33693737,0.051680647,0.5606245,0.557236,0.75442,0.50972295,1.9829968,0.2921646,0.8457734,0.271314,0.25153103,0.6446715,0.10287165,0.8569328,1.695885,1.049402,2.1960306,0.43235645,0.63175756,2.3599627,0.8617898,0.11588746,0.018712003,0.062074173,0.58842516,1.4610941,1.2895317,1.142771,0.52559376,0.5895529,1.1357963,0.31892842,1.6520205,1.0514348,0.022583764,0.114742704,0.61723006,0.20715423,1.5058906,0.48433778,0.4441114,0.0055962666,6.461574,0.71616656,0.1655166,0.27122536,0.30683225,4.3500957,0.4690986,0.99056196,0.94986343,2.3418624,0.49998778,0.23563044,0.7164998,0.14007226,1.2563937,0.35753518,0.39936692,0.6122871,0.6158219,1.2230327,0.060920667,0.17680883,0.2582011,0.17830704,1.1566374,0.10059985,0.19782038,0.33810005,1.0293214,0.694847,0.53570896,0.8934832,0.86135954,0.12505576,0.0715764,1.1287705,0.5638997,0.2346282,0.0022084638,0.2615526,0.21916588,0.4526533,0.47412848,2.6876884,0.8366234,0.08499756,0.605939,1.0238419,0.14983147,2.5396898,0.12543644,0.5264343,2.685599,0.0114096645,1.3704096,1.849411,0.2713288,0.62383103,0.34759516,0.009797507,0.09746034,0.7980999,0.014515002,1.2655525,0.02081891,0.7932166,0.0060016243,0.15016289,0.16864601,0.27961743,2.740801,2.1111748,2.3303938,3.0351045,0.9905922,0.5300953,2.1986284,2.0704584,1.0440313,1.0771332,0.33711118,0.0038371952,4.1953425,1.5228552,0.02743851,0.84272975,1.9032258,0.26079687,0.45134577,0.5517807,1.3946238,2.258258,0.56869096,3.3125696,0.81511074,0.3245519,0.36053,1.4309282,1.6669265,0.024534639,0.4467381,2.1829453,0.8341612,0.0119052185,1.1153255,0.29755807,0.025908334,1.8019577,0.7413079,0.44539416,2.6862762,0.38099468,2.6623886,0.16226025,0.17647184,3.165706,0.09097055,0.6014123,0.23759663,0.0654104,0.02087158,0.6744793,0.11951997,1.0565002,0.8329951,0.6889129,0.34801888,0.60837555,0.040571585,1.3684571,1.8669785,0.2675497,0.10993395,0.17162304,0.010025737,1.8142412,0.21430409,1.2771851,2.6142895,4.007856,0.39975867,1.4958187,0.053063888,0.32582232,0.021535262,0.15869565,0.44705766,1.1297032,2.275808,0.22689359,0.17339015,1.0173821,1.6251061,0.81455183,1.4147223,0.27356547,0.47124916,2.9097743,0.45036176,0.21273991,0.3072474,0.20362389,0.01442132,0.9184602,0.8987723,0.9835745,0.38593906,0.14868686,1.1998063,0.43669936,0.8744564,0.23966461,0.5876872,0.69832283,0.73526484,0.4591427,0.5890251,0.0015278461,1.9415381,0.98927397,0.9726927,0.055892296,1.1716603,0.008500807,0.42016244,1.3536628,1.4742463,0.56304896,0.38512108,0.062927596,0.34696928,0.5734993,0.95238,0.47627684,0.52849066,0.0,1.0812026,0.6499725,0.27486432,0.9027037,0.9485075,4.074051,3.0559871,0.20465125,0.42598805,0.5898364,0.027932469,1.2231854,0.108733,0.17792603,0.22807887,0.11778203,0.9686455,1.1162504,0.43422675,0.43731183,0.0,0.8532808,0.20521812,4.3544335,1.1630994,0.5030237,0.029597254,0.16930002,0.6022098,0.037954144,0.037535716,0.0,0.50310564,0.64673305,2.481944,2.2379947,0.0,1.2608949,1.3508954,0.39001036,0.009470368,0.54036945,0.8107421,0.29497063,0.3584834,1.522233,0.5675986,0.06087874,2.5937958,0.020993236,1.0324315,1.7055436,1.3523195,0.059379548,0.016108362,0.51429266,0.30981675,0.016981458,1.4176443,1.1158482,0.33092767,0.58502334,0.015302476,1.83637,0.032203335,2.1276464,0.21024342,1.9256473,0.36456126,0.24988113,0.5310913,1.4416362,0.50198805,0.22577947,1.1373869,0.6522472,1.4988706,5.0839176,0.8090767,0.78044635,0.00570247,0.31955656,2.2860029,0.61182225,3.2444105,0.007356123,2.8582501,0.00879232,0.08375687,1.0858812,0.47319567,0.011991898,0.34950942,5.4255395,0.05473247,0.10591686,0.78593975,0.010315617,0.021218354,1.6978644,0.7381279,0.095189124,0.15671457,0.075088575,0.034272972,0.89349425,0.3369501,0.4115771,0.09370356,1.1039362,0.26603064,0.0949778,0.31183803,1.3408724,0.36687094,0.91597044,1.5425212,1.5230358,0.18444023,1.8660324,1.1920173,0.80177647,0.82191753,0.25769222,0.8886094,1.2217445,2.099902,1.0227789,6.199533,1.21048,2.0299942,1.3465171,1.3505025,0.45166147,1.2325524,0.085060254,0.54551125,0.25251997,0.08285098,0.45696685,0.28510562,0.108750455,1.0363945,0.14684638,1.8305361,1.8963143,0.916959,1.3134569,2.1174214,0.36597595,1.1933326,0.62626255,1.2564155,0.15843445,0.7365718,0.8647604,0.5188882,0.5158539,1.9938438,0.5263849,1.4305737,0.3592668,0.5434889,2.070267,0.87318105,0.656664,0.6582931,0.51583314,0.5828077,0.08068087,0.802664,0.57549727,0.114394456,1.4448324,2.662353,1.9352572,0.74924254,0.03385752,0.43979126,0.7276194,0.17342415,3.3929768,0.10872861,0.28987768,2.7783823,0.23534542,0.41632858,1.4630737,0.4659342,0.8594136,0.28771195,0.17437892,1.229653,0.97467196,1.8519869,3.0154438,0.8988592,0.07554465,1.5248182,0.051945996,0.7138387,0.4749527,0.12697214,0.48352057,0.4380996,all_pothole_images\pothole_images_enhanced_be9f23c39d382fad79e462b41b5550e0.jpg
0.53374064,0.9613688,1.4404378,1.8363949,0.48334262,0.42768517,0.35581043,0.2796187,0.74178594,0.5647341,0.49653757,0.29107666,0.7023362,0.11530648,0.3559666,0.56212676,0.26429725,0.07480801,0.8063111,0.10659922,0.10421484,2.4212682,0.16501696,0.49925855,0.48773745,0.33291453,0.12963946,2.227415,0.3995894,0.36285654,0.75809765,1.1229794,0.13246307,0.32566887,0.20921507,1.3679388,0.86948425,0.67073995,0.5246437,0.8919012,0.29654077,0.022282086,0.24050155,0.37009838,1.2491472,0.0138984015,0.24155949,0.12961197,1.0403659,0.661726,0.28464633,0.15131195,0.7574918,0.41355708,0.091934815,0.2796889,1.3594085,0.008432632,1.1157979,0.28818893,0.053271476,0.039190166,0.37168607,0.04798969,0.1911856,1.4109464,0.26825872,0.12695013,0.27895516,0.087454796,0.0011703909,0.3286086,0.29865053,0.1369779,0.32943332,1.3119323,0.19688797,0.2095531,0.16360125,0.22736004,0.027674057,0.34681973,0.096674636,0.76522195,0.77382004,0.3876869,0.027534282,0.08633547,2.596368,0.809227,0.115523465,0.054376937,0.0,0.030149352,0.9297702,0.046123408,1.0512776,0.9383349,0.12846969,0.022735145,0.052123502,0.30045667,0.11831479,0.04582839,0.61355066,0.11663157,0.17827863,0.21001944,0.048079226,0.25537992,0.0,3.777813,0.4880544,0.49232426,0.787702,0.10618669,1.540456,0.690376,1.2754003,1.6445283,0.90453976,0.9402968,0.4278528,0.3557381,0.11815292,1.603948,0.41396135,0.69766486,0.8268629,0.16444123,0.1766226,0.103002936,0.41556162,0.07067752,0.008423921,0.62077206,0.051389176,0.81477696,0.39675146,0.06444754,0.24939716,0.7251532,0.046105005,0.8759384,0.029367462,0.60203797,0.0015296467,0.22913992,0.661002,0.95764923,1.4078609,0.6065465,0.07914395,0.11891652,2.1531274,0.3838007,0.13628279,0.23254772,1.0259788,0.0075109233,0.5633311,0.41064835,0.048321392,3.9189374,0.020665517,0.8809022,0.08062652,0.003665058,1.5588582,0.5997555,0.0,0.15275681,0.009517773,0.058673423,0.67606056,0.05702402,0.28216404,0.0,0.04721682,0.17480907,0.016387919,0.8826209,1.5954427,1.0870316,2.089325,0.7771343,0.29745686,0.40862527,1.5978457,0.42979157,0.27316773,0.37126526,0.062261138,1.9797724,0.34671903,0.12639827,0.8810891,1.771091,0.9534588,1.569964,0.22234194,1.6496695,0.11588836,0.59077847,2.373669,0.4140277,0.27792487,0.07465095,0.97474873,0.053544525,0.01791752,0.07034072,0.76133347,0.453052,0.9518139,0.98114383,0.4206194,0.18416397,1.285117,1.0581365,0.603425,0.18904522,0.24381544,1.1886189,0.06263865,0.16115232,1.2163953,0.32056114,0.41681254,0.030738203,0.12845261,0.07033918,0.56050473,0.1839578,0.7346263,0.15887041,0.4831813,0.15227962,0.12379449,0.48755142,0.4808905,0.22056389,0.38868693,0.38833064,0.0,0.0052895215,0.56028056,0.38522366,1.6505046,4.4269905,0.5261389,0.08149808,0.80695736,0.15596443,0.054375842,0.016427154,0.8568878,0.8066688,0.47055548,1.3893672,0.0,0.13823938,0.12603207,1.1018028,0.4858835,0.7341332,0.05752252,1.0646093,1.6731323,0.27883834,0.30064425,0.0,7.620317e-06,0.8058722,1.5572304,1.3687606,0.11412046,0.180927,0.30260143,0.56008506,0.0,0.8572536,0.5314221,0.3447455,0.34795243,0.72202563,0.26444632,0.058049552,0.3271126,0.74527216,0.4314628,0.4033951,0.042212356,0.84622175,0.048226006,0.1271513,0.20547,0.98682886,0.8426415,0.25709963,0.8587067,0.5302009,0.15176453,0.54111356,3.4310796,0.033401497,0.2628506,1.3402789,0.29603112,0.0,0.40346366,1.1782987,6.115926,1.3201264,0.0,0.8334301,0.066956244,0.32789978,0.9480947,0.604153,0.85856783,0.05864653,0.12501796,0.3504541,0.3377345,0.5785145,0.29022822,0.2507424,1.0101054,0.15185568,4.453311,0.021404747,0.02982953,0.05006797,0.22751194,0.14212143,0.3401257,0.2943537,0.16378626,0.049361434,0.12859614,1.2375053,1.4727905,0.15775308,0.75813544,0.37396634,0.26983845,0.08088828,0.15299228,0.60086423,0.3839443,1.7192211,0.026256489,0.15884015,0.1965524,0.02056802,0.37433055,0.26005706,0.34989703,1.2275848,0.004087288,0.011045855,1.4770147,0.24183288,0.00124107,0.43176246,1.1123017,0.47040725,0.24042378,0.057232395,0.9913297,0.12807353,0.38281617,0.19296245,0.8283942,0.74433094,0.037619658,0.2499211,0.11185678,0.06647081,0.1096833,0.19223893,0.4244184,1.2690078,3.2775137,0.8617463,0.80344,0.11136949,0.002181155,2.7026937,0.81512517,2.9723248,0.5397767,0.36876926,0.27862892,0.05949815,0.653157,0.22337198,0.048778415,0.018140601,4.4235144,0.2509331,0.53146416,0.33360958,0.6513732,0.2320661,0.6351534,0.33134636,0.005688706,0.08685754,0.56909496,0.43946397,0.98797697,0.16476794,0.0007408039,0.19238414,0.28253713,0.007690951,0.29245856,0.0,0.35228592,0.14915672,0.25048223,1.5610466,1.6038352,0.1549736,0.5244208,1.2208207,0.01972483,1.1918517,0.88483465,0.41341493,0.30297717,0.67248595,0.12174792,5.399663,1.3706286,0.9026156,0.6690644,1.3628302,0.14806779,0.46596578,0.15980628,0.3537909,0.005814919,0.0,0.24564166,1.0543245,0.049053367,1.2690215,2.085306,0.8467904,1.1174759,0.94903094,1.2114335,0.9027112,1.3693628,0.8263861,0.812511,2.1707392,0.32503694,0.008219624,0.93522656,0.03670108,0.87956965,0.6801985,0.09024917,0.022469182,0.45770305,2.0564463,0.9795658,0.5319686,0.29183072,0.12183668,0.16439718,0.0039214697,0.30065072,1.675479,0.49797353,0.036842745,0.52908295,3.430743,1.64564,0.28001967,0.0,0.49700078,0.50437355,0.09396114,1.2465948,0.079166695,0.79375046,1.7101493,0.0,0.0,0.0,0.008683673,0.010819081,0.15733287,0.15400054,0.22532171,0.17489204,4.792391,1.1262031,0.7471621,0.26099357,0.21971963,0.012312035,0.48077014,0.77368134,0.46483487,1.0527122,0.007168299,all_pothole_images\pothole_images_enhanced_beabbe21a7ca9f7914da4a47d382ee0e.jpg
0.19390754,1.0757507,0.06438899,1.3685236,0.20145716,0.25953305,0.47726497,0.33064124,0.039005663,0.5939074,0.55931884,0.1850255,0.3057074,1.2906963,0.0,0.27366322,0.6197941,0.4668258,1.5110723,0.078154,0.85777026,0.85360324,0.60998964,0.8427149,0.5822366,0.16916977,0.3940946,1.3074523,0.0029535652,0.37736347,0.7988407,0.14244574,0.26009202,0.3068391,0.45900866,1.149962,1.1657695,0.8811337,1.0135521,0.80727893,0.032553893,0.058553286,0.011736121,0.038964324,1.1405649,0.7005408,0.19542731,0.12162347,0.040699195,0.7752342,0.6854897,0.10121448,0.18409249,0.0073542707,0.003956847,2.0487156,0.17631367,0.6226478,0.55172896,0.2965289,0.25984576,0.11888486,0.1731141,0.25657603,1.7131685,1.3792319,0.4999268,0.2138902,0.3720365,0.8367542,0.24837455,0.52109385,0.10553917,0.21991085,0.0,0.19854958,0.07680942,0.0008106578,0.0,0.14639533,0.016819734,0.38797182,0.19233093,2.4961073,0.28437138,0.6875332,0.32730958,0.062397607,1.1873192,0.36276945,0.6551836,1.2175682,0.16150083,0.57445663,0.2653408,0.076324254,0.39656588,1.2945386,0.08098281,0.7224342,0.64408284,2.0354679,0.33395773,0.0,0.7966892,0.10633491,0.14821455,0.29344836,0.81031656,0.4590649,0.073239654,0.0133377435,0.92055386,0.44899756,0.23094434,0.2633517,0.6695203,0.11397588,0.938474,0.7881561,2.0995762,0.36161605,0.27354145,0.9768292,0.65305054,1.3569835,0.9799885,1.316942,0.9321518,0.14898483,1.0611701,0.07704614,0.07805874,0.579464,0.5758761,1.0885714,0.24984515,0.45740134,0.48528793,0.19099438,1.0407753,0.8330681,0.14845414,0.9100317,0.085255444,0.71308666,0.12193849,0.33157143,1.1328733,0.017090797,0.2508579,0.56528485,0.16353709,0.0,0.2674362,0.35338852,0.4452819,0.084249936,1.0002021,0.36389044,2.5106032,1.0473299,0.03691203,2.4787662,1.2142701,0.5812423,2.3854108,0.041492548,0.767062,2.121902,0.6894702,0.23300931,0.025226502,0.066425554,0.48981607,0.033682287,0.10504097,0.15886587,0.35504314,0.18349522,0.040402483,0.578831,1.5832087,0.67751664,3.1317415,0.30428135,0.41500738,0.4444254,0.07847137,0.25700602,0.48713022,1.834936,0.5023613,0.8116438,0.4471857,0.23711193,0.5501733,0.94937503,0.12286784,0.37167475,0.26567993,0.36266473,0.38427487,1.0354843,1.7198522,0.20229594,2.1102135,0.21533479,3.6986282,0.36628494,0.003293433,0.26008907,0.3846479,0.09756031,2.1063256,1.0340207,0.84528077,0.42992273,0.018611398,0.80207354,0.34530163,1.3666649,0.45378017,0.005004707,0.07269749,0.33034608,0.25926122,0.3503053,3.6732783,0.6491031,0.018008718,0.8444097,0.79609966,0.34243906,0.13127294,0.34185702,1.5053451,0.03622717,0.17479415,0.3803063,0.40298462,0.38101444,0.723974,0.3502125,1.1980532,0.46053678,0.10199615,0.06839706,0.2539841,6.6524596,0.46357688,0.13038395,0.2100925,0.47978833,0.0,0.018251844,0.5982541,0.85175383,0.0370078,1.7184224,0.12348361,0.020489773,0.08924576,0.6669083,0.30966726,0.08325169,0.5677194,0.51461685,1.8471895,0.08409075,0.0010059369,0.14622192,0.48978323,0.23001146,0.98062724,0.16748768,0.42980236,1.0525783,0.075924516,1.3167101,2.2607985,0.20914513,0.84502393,0.0,0.4558879,1.1105194,0.04475506,0.2528186,1.1998137,0.59185994,0.1387591,0.18713753,0.0025231496,1.0137594,0.26903048,0.30425668,0.1838644,0.8168338,0.5371502,2.1239288,1.0162512,0.6987536,0.5144655,0.0,4.7162175,0.003864419,0.0055629914,0.06877897,0.070178315,0.19361298,0.5122216,0.30957383,3.14917,2.436863,0.6119202,1.0434846,0.0123590985,1.3694925,2.067576,0.34353077,0.18452819,0.15771976,0.8600034,0.6669551,0.7540937,0.21048552,0.11979708,0.0,0.37692866,0.0,5.2869864,0.18433756,0.46284017,0.06766966,0.13451037,0.10211338,0.28801513,0.080819845,0.13425744,0.6213975,0.3489975,0.46870708,0.8128884,0.47703198,0.4081389,1.2217268,0.077580094,0.31899706,0.5596182,1.3693664,0.11102353,0.27006164,0.22989038,1.1512482,0.23171477,0.48806003,0.072585545,2.41222,0.15821707,0.9886317,0.6864344,1.38181,1.417898,0.07876389,0.5071515,0.0052921074,1.9782677,0.21541035,0.25241762,0.35452846,1.2285222,0.042605042,0.12047038,0.057610024,0.8274341,0.3860054,0.0063350536,0.025764784,1.0934424,0.3397043,0.77418023,0.006107565,0.18195619,1.207162,1.6291516,0.38960272,0.79179287,0.22103132,0.35546458,0.886696,0.15244713,0.19279324,0.13556415,0.18210064,0.013170167,0.24498133,0.48256168,0.8592917,0.057951003,0.14253733,1.7781516,1.6643877,0.48521602,0.38009813,1.0562879,0.0002120981,0.2627895,0.3639675,0.3106774,0.082261376,1.2220895,0.7802285,0.0025437,1.0213197,0.018626388,1.7253326,0.15623143,1.0268285,0.80618554,0.055407163,0.8803498,0.66950744,1.0903734,0.96758515,1.4095594,0.4937811,1.2541438,0.26894802,1.2065078,0.63394105,1.2575907,0.4390509,0.20941074,0.6113822,0.7965859,1.1701778,0.07066009,0.41304952,0.6183765,1.1230918,0.20254187,1.0082124,0.43317696,0.056168836,0.05197134,0.15936032,0.39693698,0.5270425,0.029603545,2.6681206,1.659175,0.1901808,0.47555837,0.0320911,0.15501511,0.89725804,0.027031822,0.17703609,0.6178953,0.6896315,1.4258505,0.6764123,0.47075003,0.020556848,0.12753221,0.0,0.24268533,0.0070396285,0.57941025,0.65847063,1.6761541,0.59086037,0.3647471,0.58208936,0.91152126,0.2591058,0.65673345,0.59893686,0.34981707,0.37212238,0.0067752306,1.2095674,0.030600024,0.28085437,0.07515901,0.6284439,0.42897314,0.0,0.5862158,0.5049917,0.3766242,0.97234297,0.10271746,0.28486773,0.026416954,0.30440572,0.2868926,0.12555698,0.38542455,0.42645684,0.64699906,3.558539,0.55059475,0.28878757,0.6171441,0.9581464,0.13504805,0.026548155,1.1145866,0.027034212,0.78720295,0.583739,all_pothole_images\pothole_images_enhanced_bf0b94ad9ce21ad930a6a6cc3b255108.jpg
1.0112967,1.1013083,0.13517544,1.1086978,2.196461,1.1129142,1.147781,0.8141408,1.0612555,0.007569508,0.30572787,0.32861242,0.06651834,1.4111359,0.35104534,0.56777537,0.009193549,1.1814175,0.14497457,0.74265033,0.99799347,2.1113722,1.2708018,2.1734815,1.1887844,0.28650945,0.33608392,4.0549846,0.22028549,0.48229486,1.4075681,0.30239326,1.7553321,1.09361,1.5808961,1.0269628,0.64124554,1.8235598,0.12594502,1.9996471,1.013528,0.10200367,0.53484523,4.299869,0.38129207,1.2239046,0.29264632,0.09750592,0.6135595,1.0583287,0.63998896,0.5102258,1.0695935,0.29759824,0.16846742,1.4716202,1.3667107,0.70900506,0.24106804,0.048047706,0.7192549,0.799973,0.7122259,0.21709906,0.73964894,1.6441238,0.75552577,0.16819562,0.050866883,1.2513827,0.81870306,0.6354,0.54433334,0.23999006,1.040694,0.9783093,0.5716045,0.9757322,0.07097004,0.18122146,0.52266204,0.6938039,0.014926264,0.7251747,0.47310376,1.81777,0.72095543,0.25572386,2.235302,0.16125457,1.2359278,0.2929011,0.8795661,0.2588981,0.25442114,0.38129628,0.2845265,0.7906022,0.29148227,0.64950496,0.15532473,1.2073991,0.24953686,0.11845498,0.31695297,1.2875783,0.65658617,0.14645405,0.5194416,0.5442162,1.0563811,0.1986194,0.027848681,0.3764266,0.7964386,1.3215965,2.3207664,0.34716848,1.1259373,1.4530457,2.8160188,0.62393504,0.72055984,2.8120217,1.0467788,0.671826,0.11390281,1.4942026,2.253469,2.0602658,1.9371424,0.754783,1.3764132,0.35003993,0.30671605,1.8920679,0.29069334,1.657666,1.4857645,1.3038378,1.7034756,0.019378312,0.07201088,2.5847461,1.2810615,1.0146754,0.74912804,0.7769092,0.5276358,1.4519248,0.77643114,1.251578,0.027172027,0.025305033,0.8404419,0.1882729,1.0930331,0.5235247,0.51685077,1.0108125,1.6702843,0.6842511,0.14933226,2.3000834,0.8809779,0.0,1.0337839,0.7725081,1.6496501,0.807282,0.6556919,0.07345754,0.04799522,0.5713522,0.9112862,0.08176118,1.8741829,0.30930257,0.30603904,0.5362949,0.15074445,1.703002,2.5207741,2.061677,0.9044208,1.237549,2.1323125,0.05230494,0.20852868,0.55073047,0.63956195,0.88796043,0.21779965,1.4952558,0.05420356,1.2278242,0.2180316,0.19188666,0.059895154,0.39925328,0.1599898,0.4967863,1.9561523,1.4280741,0.67020285,0.6582975,0.65335894,0.3032768,1.0756763,0.0,0.6446114,0.49783877,1.0281742,1.0480767,0.7771899,0.4594653,1.0835351,0.13891959,1.7724458,0.14158389,0.49278936,0.21412732,0.24637295,0.5130287,0.14585759,0.24804948,0.47926244,0.63482785,0.19334167,0.5688495,0.17346919,1.245349,0.45930308,0.084086195,1.3133583,1.4303253,1.090631,0.44924858,0.0,0.14090493,0.058902293,0.10568685,0.29351762,0.31057474,0.28573862,0.3674268,0.14877346,0.06308183,0.7388757,1.560961,3.9841192,0.3182806,1.2324481,1.5860673,1.0857364,1.4069841,0.32546607,0.03292394,1.9103832,0.17543769,1.0984461,0.4886443,0.9000463,0.6628449,0.4810344,0.1337272,0.0,1.0025663,0.9917712,1.2728158,0.13241173,0.27945226,0.13836408,0.561848,0.09131595,0.97807527,0.14176051,2.2379043,1.2577595,0.6217633,2.0702167,0.541507,0.57651544,0.39096585,1.2165817,0.17835896,0.5759812,1.7928818,1.1710317,0.0034462514,0.4958161,1.2275993,0.031872835,1.6746259,0.5105669,0.15986048,0.39457384,1.072039,0.5470128,0.55414814,1.1332288,2.3203368,0.119397864,0.69491947,5.909815,0.1326734,0.03244737,0.113348976,0.09206665,0.7305568,0.24495459,0.6192841,1.5087812,1.0715023,0.03852205,1.0599583,0.1191198,0.43878874,0.8504886,0.0012759821,1.04035,0.29945078,0.10218182,0.33516806,0.770825,0.49134037,2.3662996,1.3085049,0.77100575,2.2910752,2.147051,0.03469583,1.0180355,0.799734,1.1520034,0.87473667,1.167412,2.0334342,0.6129618,0.18579403,0.8463025,0.23158501,1.6453238,0.3592987,1.806412,0.10628659,0.10180013,0.13398148,2.061715,1.3868206,0.12608425,0.95922256,0.2791006,0.19029205,1.050551,0.5256594,1.2735243,1.443923,0.5545493,0.4466515,0.28257948,0.0407868,0.4203559,0.25401363,0.28618836,0.4789533,2.704522,2.546495,0.17428932,1.2087622,1.590391,1.250491,0.5701547,0.34288538,1.0673246,0.10212822,0.561997,0.18530516,1.1929188,1.5066576,0.03983288,0.25042883,1.7896268,0.31042364,2.4086902,2.218284,0.99596494,0.23049533,0.038971916,0.7101655,1.4963,0.09262218,0.5032071,0.54735976,0.31994584,0.024793675,1.2806304,0.10719535,0.13569736,0.12036473,2.2458215,0.9265979,0.06904158,2.2394023,0.0232165,0.34709343,0.79982615,0.785098,0.5840169,0.39909697,0.8322015,1.344242,0.7866784,1.4537736,0.22637236,0.837279,0.64505255,1.4145616,0.034847435,0.3230174,1.0890723,1.1389836,1.688087,4.119088,1.6560796,1.7628777,1.3451245,2.3300498,0.19117829,0.6671954,0.93752784,0.14401376,0.281023,0.29964828,0.26438895,2.303119,0.76705337,0.131073,1.0942931,0.17789613,0.50770986,0.32853904,0.35002992,0.68551713,0.83818036,0.66355246,3.2246628,0.8858625,1.0000703,0.106534205,1.6612864,0.63429636,0.868431,0.4441131,0.93186575,0.080565624,0.665769,0.5615566,0.33329096,0.54205626,1.4685451,2.0080273,3.0357115,0.80017143,0.20378271,0.06712491,0.8856485,1.0648165,2.3269463,1.3073704,1.7807233,1.6407292,0.8494521,0.08932982,1.4520136,0.5972881,0.09089976,2.093035,1.4780444,0.122707225,1.0737036,1.9047483,0.21037613,1.2818725,0.20074776,0.6886534,1.7749294,0.59877396,0.4506069,0.9872153,0.2615068,0.35974163,0.26336557,0.19867434,0.7592412,0.117825806,0.0,0.06699864,0.5503823,0.043931715,1.2625314,2.5666478,1.2691936,0.86824095,1.5452756,0.46525666,0.8358159,0.1872859,0.084786125,0.5809615,0.5774664,0.20783831,all_pothole_images\pothole_images_enhanced_bf16a5597129ff6ddc6a7dd8a86ddc55.jpg
0.6500432,1.3321462,0.37328175,1.581414,0.039256375,0.5047465,1.1406298,1.1667737,0.4325556,0.43828183,1.0579165,1.4566575,0.5365113,2.4098494,0.21837944,1.0030183,0.08500301,1.2515568,0.3650505,0.10636311,0.51831067,1.8392044,1.5555125,1.988091,1.0062587,0.5342844,0.18362333,0.9233562,1.0478413,0.28147894,0.6904689,0.50055754,0.9437416,0.991169,0.2766329,0.27979803,0.04705707,0.48699903,0.21992165,0.75448686,0.98428243,1.1464478,0.33174974,0.20892788,0.46906856,1.4261745,0.41874623,0.01822334,0.28706324,0.28687972,0.7078359,0.049982823,0.4791291,0.028867748,0.09428731,1.0264299,1.7336544,0.11213825,0.29710993,0.46446815,0.15716183,0.1799919,0.74416506,0.16560154,2.0382316,1.6610285,0.47093487,0.049011745,0.6372786,0.4005125,0.050631594,0.17002915,0.5407327,0.1833194,0.1775371,0.5445882,0.012059363,0.0921972,0.03789626,0.12006459,0.19823477,0.0443533,0.47431093,1.537701,0.62594146,1.2807219,0.18488377,0.28941485,1.1131699,0.51572984,0.0619501,1.1934083,0.0016306516,0.9237725,0.0085337395,0.194829,1.6816682,0.3797947,0.68827415,0.021756984,0.56440234,1.7816983,0.8054577,0.06515282,0.81031656,0.85332394,0.26514968,1.2577271,0.29090744,1.0691746,0.11090305,1.7891718,1.6170763,1.676358,0.53676313,0.22309034,0.973296,0.71259415,1.0533869,0.94087964,2.1926684,0.79987586,0.47539982,0.2176319,0.27291453,0.634007,1.0089868,0.18836398,0.5681364,0.14235502,0.4776945,1.047115,0.6583247,0.8891975,0.09348844,0.95323247,0.08315814,1.0744228,0.11151502,0.31209368,0.75564396,0.98910403,0.7135036,0.83066666,0.54368895,0.8157314,0.11619444,1.3469632,1.0870234,0.013160119,0.49618277,0.079492725,0.1293812,0.41123402,1.6339688,0.25761288,0.7819507,0.7675456,0.55217934,0.1433991,3.0671074,0.92198116,0.0935194,2.9152508,0.3249172,1.5910296,0.31396878,0.36519513,2.4573236,0.8914818,0.28295988,0.0399684,0.07121515,0.0922145,1.9825888,0.15332104,2.3562393,0.20314004,0.4933016,0.2510316,0.020491546,2.153004,1.5697253,0.4095136,1.1490921,0.70609915,0.41679794,0.49060887,0.95966756,0.90314215,1.710689,0.7899153,0.14837953,3.3488226,0.83512115,0.30784965,0.32013845,1.0439312,0.92466563,0.25890633,0.77264494,0.96402675,1.8173391,0.7882582,1.821066,0.23982275,0.89782256,1.1070995,0.86609983,1.1121337,0.017719593,0.91190344,0.8936081,1.3890651,1.1147524,1.2689807,0.87466925,0.5679854,0.27015132,0.8624906,1.140037,1.8678261,1.8096746,0.37263092,0.057350215,0.4778244,2.4828544,0.5784836,1.1535926,0.604659,0.47400182,0.5917451,0.70368725,0.7689128,0.13232741,0.11109094,0.51114494,1.0694941,0.41886768,0.18531917,1.5061119,0.33984658,0.27156305,0.11515392,0.113302596,0.18513693,1.2556988,0.5128364,0.80304766,3.5710685,2.1583717,0.094570324,1.0821877,0.12885311,0.015634457,0.63216454,1.3122826,0.61625946,0.4794185,2.1605322,0.49772575,0.022326129,0.15019979,0.5867294,0.22008719,0.3724636,0.33077857,0.58780175,0.61911696,1.8472147,0.7103763,0.41237134,0.0,0.9889886,0.16124462,0.30454773,0.41869166,1.3607192,0.6924626,1.2653081,0.45167303,0.40001646,0.27941328,0.70616823,0.20841585,0.11013731,0.2002464,0.42713958,0.30070806,0.26504534,0.5974138,0.06180878,0.5079023,0.40607443,0.36785015,0.2755935,1.1495185,1.59872,0.3407926,0.25188717,0.1658444,0.24273378,0.7368229,1.0272456,2.1328583,0.8730955,0.01656959,0.47101465,0.2187969,0.21365273,0.92175245,1.3019389,1.3805318,0.12073231,0.81131315,0.14867961,0.03981542,0.46519154,1.302362,0.3605597,0.9210433,0.3362493,0.096017994,0.16777104,1.2899193,0.6102647,0.0014816369,0.90736467,0.8493553,0.50392926,0.9364518,0.39874363,0.9284772,0.08988546,0.10573734,0.089960605,0.66176414,0.092697255,0.6716097,0.29669878,0.056362946,1.6286484,1.2229891,0.2966191,0.2820804,0.91563755,0.7232939,0.16002283,0.49491546,0.5866984,0.66456836,0.16416925,1.0451021,0.10753503,0.5433609,0.19791383,0.5171375,0.3129272,0.4554624,0.2839423,0.61975896,0.6895074,0.46742737,0.57381713,0.0038107997,0.022085669,1.6513371,0.016344728,0.41926956,0.2886072,1.4250401,0.4592477,0.2804306,0.3811222,0.9784752,1.2713358,0.11173246,1.802773,0.26684588,1.2225304,0.19065605,0.14299494,0.18548842,1.2168311,1.9115627,0.21362199,0.7220127,0.06930231,0.13459323,1.5691895,0.1540858,2.5775769,0.008566573,0.46254355,0.44087872,0.56499517,0.4802875,0.44077542,1.7632178,1.3439814,3.447046,1.6192328,1.9893963,1.2372276,0.45141488,0.39961156,0.70052296,2.228113,0.09757824,0.3405312,0.42224163,1.3501045,0.7486532,0.9882134,0.12207109,0.27738315,0.2941263,1.0017456,0.41984373,0.91575277,1.3735281,0.23201303,1.3355749,1.6066754,2.4696515,0.0401165,1.2206229,0.99755055,2.6322563,0.18415573,0.39634556,2.9566462,0.051891938,1.3843644,0.556612,3.2705374,0.78409505,1.8425696,0.37212604,0.9079692,0.5991679,1.1849769,0.07833401,0.3497706,0.3668972,0.044789232,1.4566479,0.22446015,0.1535086,0.47902063,0.3890613,0.19577149,0.3100235,0.83587325,1.0753428,1.530122,1.8956991,0.25152585,0.93667805,1.3887304,0.935596,2.8069086,0.585721,0.39457136,0.7089979,0.39138058,0.0567713,0.09925813,0.60512316,1.7440711,0.96650726,0.9696689,0.47775632,0.08088308,0.42217323,0.05094646,1.7124761,1.2944063,0.46907353,0.37933832,0.9154986,2.4116983,1.4738615,1.0744755,0.019931778,1.3254201,1.6331877,0.10861506,1.3898078,0.20905273,0.5609908,0.76656824,0.07870747,0.17421652,0.391757,0.38354644,0.5686719,0.1811045,0.032189876,0.59228134,0.5726365,3.2568126,1.1161469,0.7801428,0.0,0.18952028,0.0,0.5649681,0.3367001,1.3947924,0.37887025,1.1799096,all_pothole_images\pothole_images_enhanced_bf4042a0ee587fb7ac8ed55e4eb7f3ff.jpg
2.2306135,1.1153543,0.2649045,0.4597064,1.1791629,0.23027843,1.0067784,1.2305193,0.12240656,1.6698837,0.15839939,1.5809201,0.013465094,0.40378258,0.031594794,0.21941407,0.35576585,0.7106954,0.735686,0.74660987,0.96626157,0.30711648,1.0406271,2.3609648,0.7907914,0.43763226,0.23501348,1.3510009,0.1440613,0.05117824,0.6300698,0.0,1.0849487,0.24916707,0.040999256,1.9631279,0.40746742,1.448549,0.80670786,0.95393765,0.008493918,0.3315923,0.3017646,0.9274198,0.19470134,0.5233707,0.8230835,0.063270494,0.0835466,0.7911733,0.7264454,0.46657768,0.5399617,0.013393529,0.23297337,0.68517876,1.0541676,0.21799527,0.690804,0.64070284,0.43355644,0.10991171,0.6315392,0.06367602,0.5434933,1.3915293,0.98664284,0.30372924,0.26967648,0.13744089,0.19862139,0.17397787,0.06760528,0.34075722,0.20709582,0.8642073,0.9327232,0.49530956,0.0,0.0039600865,1.3201014,0.15317772,0.5214638,0.82148194,0.33321407,0.16055292,0.0072689056,0.2002088,1.7903697,0.5288121,0.0,0.13126273,0.38260934,0.0,0.19340618,0.53461695,1.0528181,1.1371801,0.18903795,0.09725199,0.55129254,3.0534215,1.5925152,0.42422923,0.6370449,0.49352264,0.04641634,0.30016035,0.10523432,0.3510936,0.0137775745,1.5141395,1.009848,1.1535316,1.2269093,0.6752075,0.17670156,0.02653461,0.25145125,1.6231583,1.7603024,0.38365632,0.1696935,1.7694157,0.8769324,0.9339033,0.5793274,1.2512242,2.2446682,0.11438692,0.24851078,0.20535152,0.45329556,0.22057584,1.0113419,0.58890814,0.3938857,0.4141835,0.28609166,0.0034632497,0.37375656,0.23533045,0.47113207,0.4711496,0.4868856,1.4440821,0.64245284,1.4482164,0.0037409605,0.42075613,2.1519923,0.8995566,0.0045068385,0.00702837,0.3366598,0.4264004,0.18477732,0.0413806,0.55128837,0.042429883,1.1469154,0.75934386,0.055668727,2.0912998,0.11437775,0.34654942,1.2897156,0.59432024,1.062277,0.1672754,0.26743403,0.7138158,0.17864247,0.32627955,0.23806657,1.3256705,0.35252705,0.27090496,0.002793479,0.019403072,0.9806183,1.5534006,1.618071,2.318272,0.9174563,0.076776095,0.07017042,0.5905563,0.28703755,0.012050864,1.1618099,0.5019661,0.13132213,1.0339566,0.30941588,0.17875919,1.2012349,0.10696555,0.8423971,0.5474637,0.33489475,0.98223376,1.1969961,0.08922514,0.33765543,0.21946268,0.45321712,0.21514419,0.9240696,1.5719677,0.0,0.04306681,0.0229729,0.89763236,1.2202023,1.3540696,1.9389119,0.10035303,1.4731127,0.13293079,1.6718007,0.42592704,0.014741512,0.7712814,0.008244824,0.6787821,0.32553703,1.1148046,0.046689987,0.8283695,0.05970669,0.06647183,1.4388285,0.03442408,0.08649941,0.08837024,2.3047855,0.13571502,0.04228484,0.108776264,0.16173789,0.007764918,0.7370573,0.94358885,0.26505494,0.022304663,0.75701255,0.63415194,1.3413831,3.3111217,0.39931092,1.4457359,0.41374335,0.0034919812,0.079816304,0.28642133,0.50039935,0.2407689,0.6002993,4.8221445,0.5731841,0.09042643,0.4566757,0.5887864,0.061130896,0.31704965,1.4324983,0.37441418,5.07632,0.0702689,0.1112579,0.17610708,0.6518905,0.6486624,0.56508017,0.52645236,0.02434245,0.23527268,1.5042531,1.0603751,0.9245342,0.91748106,0.58836627,0.25537392,0.39501083,0.022828167,0.73154,0.64142776,1.2795302,0.0,0.8915807,0.55816203,0.8005036,0.2904817,0.19689834,0.045561332,0.83977336,0.41734624,0.2624702,1.02295,0.9404635,0.019991715,0.5216512,0.34374788,2.7754486,0.0,0.90451175,0.008847769,0.08630139,1.2176478,0.7820713,0.6953883,1.7296133,0.23785213,0.22593307,1.380716,0.14684604,1.4460988,0.77898,0.50294185,0.991436,0.4107591,0.8605999,0.22853701,0.09386179,0.6476871,0.07546047,0.22023064,1.3377538,0.14505038,0.5370864,0.35614058,0.0,0.20524916,0.048015006,1.4192586,1.928478,0.0,0.36221102,0.10014731,0.46900383,1.1442316,0.58927333,0.19139023,0.5245665,0.2585865,0.31840813,0.034873392,0.35765934,0.135012,0.2755844,0.22628228,0.30759135,0.33465964,1.4827158,0.03104856,0.69964725,1.3044769,0.04753889,0.4413252,0.7450739,1.4894655,0.30232695,0.7954257,0.17486101,0.26076767,0.7361637,0.08999675,0.47740558,1.0660448,0.21204378,0.40750986,0.009300925,0.0669399,0.75011885,0.16714022,0.27611783,0.060199488,0.49742654,0.62783355,1.2253695,0.20310113,1.0078412,0.12990765,0.42498142,1.4922289,1.3746338,0.012637412,0.027248591,0.3644324,0.91745275,0.29221436,0.009946037,0.27136177,0.44700062,0.23478687,1.5031434,0.14829497,0.19289634,0.8919564,0.2595764,1.9279573,1.0886136,0.7267118,0.74671984,0.26329935,2.1930308,0.22889782,0.29644266,0.5338013,1.1394453,0.27179787,0.17990904,0.83506453,0.01987502,0.38535854,0.041482843,0.98680735,0.68873113,0.050346028,2.3312335,2.017374,1.4024029,1.742796,2.926479,0.07682669,0.7879174,2.5696003,0.3162034,1.844505,0.062165804,0.28251418,0.33022523,0.47734162,0.09481921,2.6054046,0.0020312914,0.51503366,0.055656023,0.74160904,0.40135232,0.8425266,0.039964885,0.054006886,0.50706995,0.040296674,1.5255774,1.4780245,0.04021347,0.66827834,1.0439693,0.5772645,1.0571054,0.22031155,0.29543442,0.6428121,0.5153033,0.43167308,0.15712807,0.5089794,1.081232,0.88349354,0.8289253,0.020191701,0.4855763,0.0724545,0.17057164,0.0,0.71116877,0.039837707,0.70185524,0.19300663,0.022601023,0.84214383,0.37903762,0.005976549,0.26024443,0.7314998,0.0102314195,0.033879627,1.0728608,0.58599174,0.14979313,0.355518,0.06435614,0.33755162,1.0879258,0.0054638134,0.5443092,0.0,1.0801543,1.9829351,0.014348696,0.46083924,0.09323317,0.00024213346,0.16158243,0.20570195,0.41355076,0.22229813,1.3012238,3.0971375,0.061344963,0.7721856,0.94960177,0.4174576,0.08346875,0.29526442,0.2985126,0.9133019,0.2151692,0.20140025,all_pothole_images\pothole_images_enhanced_bf57e70a6aa4617cba3a8bd272cc9adb.jpg
0.5724644,3.2333226,1.3107698,1.8206778,0.733933,0.9953271,0.28014624,0.12284789,0.24181743,0.48710665,0.38643026,0.023876406,0.06535005,0.69033635,0.9033479,0.9076294,0.15594503,0.031821016,0.25988334,0.023340639,0.087795846,2.4713593,1.3922647,2.1677268,0.15915929,0.1935746,0.093636036,1.5140985,0.18968935,0.68923324,1.6456249,0.21917355,0.8112313,0.7029088,0.67246044,0.58684075,1.5977511,0.46791884,0.042842086,0.5042822,0.32614785,0.076762006,0.42612642,1.1794019,1.8472688,0.0044028102,0.16709906,0.20717636,0.65696514,0.09905771,0.17952591,0.3935192,0.38652483,0.36358312,0.041365378,0.47078556,2.343429,0.041692898,0.8429253,0.55980957,0.0,0.33678985,1.1743985,0.51597327,0.10606118,0.43025145,0.66481584,0.53174245,0.10397063,0.11381747,0.22566168,0.2581638,0.2576695,0.2816606,0.045986883,2.1659493,0.1651074,0.22077346,0.022542981,0.7297362,0.37050673,0.8154179,0.013997063,2.2205422,0.49505508,0.49891543,0.14421266,0.012014673,4.7456055,0.31237933,0.019664528,0.30574894,0.08528191,0.048496358,0.5233033,0.12814438,0.61625224,0.5597347,0.0973471,0.123723805,0.009899686,1.2662584,0.38356578,0.0010035835,1.1153017,0.022077188,0.029002557,0.060936473,0.55768156,0.25683838,0.0020029375,4.536979,0.5879683,0.13469511,0.36535028,0.32035172,1.8237133,0.0,0.79027724,1.0553132,0.83400023,0.5933582,0.23218416,0.45067346,0.11497766,1.3109534,0.5619047,0.4678857,0.57084936,0.26968884,0.8867813,0.08026512,0.77022225,0.0,0.67853516,0.8045438,0.04854192,0.29200253,0.19373687,0.12265611,0.10972606,0.26634443,0.022558698,1.4871898,0.052332435,0.81567764,0.19971314,0.5435553,0.22834645,0.4196273,1.2546766,0.3942283,0.65298015,0.19700424,2.0131266,0.22770141,0.047030576,0.20731433,0.61424947,0.10517718,1.3677133,0.6515499,0.080768324,2.0930245,0.030256847,0.5735098,1.257904,0.016393041,1.2487215,0.30602968,0.0,0.30830416,0.19332042,0.4885913,1.1996512,0.33837926,0.6978087,0.0,0.020017026,0.125053,0.073644325,1.3321015,1.1978959,0.89829826,1.696859,0.18329231,0.0,0.17632258,0.5915507,0.68796426,0.22358717,0.4918984,0.035325617,1.482869,0.41758245,0.013252145,0.5255235,1.7105919,0.32069594,1.2025769,0.06711227,0.8209694,0.1741845,0.15117191,0.2575217,0.49006963,0.282043,0.1758884,1.3981555,0.08257876,0.34249383,0.17164434,0.91628885,1.6209785,0.7457597,1.5045588,0.41754857,0.34178457,3.3081803,0.33236498,1.3439424,0.0,0.43062034,2.5409741,0.13467807,0.57582307,2.4802303,0.09876817,1.1286695,0.23904403,0.23707047,0.15586722,0.78312,0.0,1.0501447,0.010711095,1.5073102,0.34327883,0.1992394,0.25387496,1.2901013,0.33749098,1.7309862,0.08808772,0.0,0.023758484,1.1240103,0.0,0.46780807,3.878701,1.1171063,0.40461174,0.3413718,0.4169061,0.41478512,0.06257036,1.4075731,0.27337888,0.4023977,2.5692148,0.03798511,0.1013314,0.39485642,0.46036753,0.77883315,1.4467219,0.111718215,1.0967838,3.7604058,0.30022216,0.44076794,0.030487629,0.1683912,0.42183915,0.681409,1.2896695,1.2918078,0.21220833,0.21725674,0.4447817,0.036705095,0.610002,0.060749374,1.23099,0.72361255,0.4206106,0.4350825,0.54317254,1.36088,0.13494588,0.1211298,0.5103931,0.06262596,1.5457845,0.05459126,0.14389107,0.33117333,0.18254498,0.74719095,0.18899645,0.055390794,0.24085598,0.04847798,0.7402428,6.507516,0.07826919,0.18452354,0.8394568,0.33328405,0.15207423,0.0664414,1.5139997,7.245042,0.96579725,0.09322174,0.9816013,0.042898312,0.688279,1.1628102,0.3948408,1.0417373,0.009588877,0.0,0.24870954,0.21938795,1.2347925,1.042886,0.58447444,1.0481287,0.5712009,4.8223734,0.28354788,0.0006568938,0.5323345,0.019558743,0.3039207,0.6162068,0.03962517,0.26571724,0.065436594,1.2886947,1.1049476,1.4747541,0.0,0.38652715,0.12739238,0.38345388,0.0,0.28376952,0.32006428,0.5763331,0.9610057,0.4097528,0.8964009,0.11247328,0.17956683,0.35619563,0.06808106,0.08980122,0.19369242,0.0019317226,0.23726918,0.85742635,0.5081741,0.004305697,1.115565,1.0705917,0.3987007,0.767306,0.3838398,0.095417306,0.5640831,0.59257287,0.1897739,1.1826808,0.031806108,0.18431734,0.41548914,0.0,0.17400633,0.08401162,0.3436389,0.7659152,2.0997963,3.9054263,0.3078215,2.4471765,0.06949808,0.34165865,2.1158006,0.9018925,3.0324657,0.08635792,0.13733086,0.06079859,0.26913172,0.33412006,0.49653986,0.1594208,0.09502662,0.66495854,0.36842284,0.89802617,1.4169236,0.17781322,0.06718544,1.0542287,0.94357145,0.02538159,0.73051095,0.21545391,0.08908762,0.339319,0.5654691,0.017122533,0.02257843,0.79291564,0.75308925,0.2232379,0.0,0.9380876,0.3706391,1.4207247,2.3966365,1.5510721,0.5665489,1.0873561,1.6471046,0.33110413,1.066189,0.7899259,0.78156596,0.023117704,0.11988215,0.33720335,5.2755003,0.808427,0.17355317,0.3963038,1.0983369,0.24565654,0.24014394,0.030197265,0.049933597,0.3367489,0.0,1.7879527,0.5397255,0.6439853,0.2773654,1.5332501,0.59115213,1.6127698,0.8073378,0.9502051,0.40837175,3.5720108,1.0785229,0.4241763,0.77448255,0.7980021,0.060982116,0.68151855,0.109391004,0.59072024,0.5419949,0.22263083,0.0,0.17018652,2.9031036,1.5797932,0.027868154,0.34829867,0.5560804,0.1746614,0.16889082,0.013892686,1.1297679,0.612425,0.6834778,0.9166702,2.6289136,1.2370182,0.3606551,0.0,0.66450155,2.0768824,0.46690473,1.3129206,0.050375387,0.15579093,1.8422806,0.0019300904,0.047206037,0.0,0.28148738,0.23748675,0.3510184,0.0,0.03129914,0.050410952,5.74255,0.768848,0.4769529,0.84853363,0.7740069,0.0,1.4164482,0.16207157,0.8859614,0.41834182,0.23957294,all_pothole_images\pothole_images_enhanced_bf743a4e92fc3717136dac3ac737d13c.jpg
2.195396,2.0739872,1.2567593,2.1867487,0.85258013,1.9580714,0.8450102,0.07183521,2.5349019,0.35063806,0.0498999,1.4962199,1.4229802,0.3712621,1.4254117,0.8153105,0.28565946,0.14704129,0.4504984,0.36214527,0.96914595,1.5922167,0.8223858,0.39913604,0.22058718,0.26171258,0.04841082,2.2500916,0.17313035,0.80240405,1.7636873,1.276294,1.0173568,0.66193265,0.5600851,0.7438517,0.6404104,0.124940224,1.5935333,0.08505475,1.545487,0.4559724,0.14080808,0.8089849,0.9694041,0.0555643,0.121657625,0.2514299,0.6789033,0.8659788,0.99167717,0.7555603,0.38610196,0.32951868,0.3476281,1.7806647,1.095731,1.1430358,2.0167081,1.4126958,0.054798555,0.28386343,0.27983886,0.40645513,0.42948416,0.5854745,0.30590707,0.14282772,0.34326974,0.60042876,0.4746813,1.1648313,0.6903079,1.110482,0.7498793,1.3969499,0.97035605,0.9939838,0.14553699,0.14307863,0.5020141,0.5300394,0.016886227,1.5356447,0.40907872,1.1977513,0.048897255,0.6620404,2.702062,0.74192363,0.6043798,0.86792105,0.46378037,0.52103853,1.1276481,0.04247282,1.5198125,0.32299322,0.5654031,0.16668482,0.024088219,0.068866804,0.60531145,0.15452145,2.2427857,0.33513188,0.035707984,0.15903473,0.9660396,0.4417725,0.06523382,2.755292,1.9560347,0.8562203,0.08994005,0.4722327,1.7473676,1.1271895,0.6924204,1.198716,2.0718567,0.4525063,1.1245815,0.9523898,0.5140861,0.12380674,2.092794,1.8112746,0.23181377,0.19814317,0.2808212,0.55490035,0.092166744,0.016538683,0.2158377,2.7661426,0.085999995,0.8081111,0.22340548,0.34305748,0.48794,0.4752089,0.43588564,0.66461205,1.1404787,1.8977718,0.08795815,0.2164301,0.5733852,0.8079873,0.9471334,0.7082622,0.14540972,0.31660646,1.3568065,1.2399894,0.33294454,0.45209137,1.1782204,0.6352943,0.88303787,1.0799212,0.16116543,4.300906,2.4733691,0.8999291,0.4668243,0.0026784912,2.1901917,0.109190576,0.16315573,0.07779829,0.21571645,0.34175098,1.8921068,0.23357044,1.5689615,0.012113146,0.5120254,1.8392993,0.1558497,1.0590047,1.5631278,1.3542548,1.8867209,0.51548296,0.9053368,1.2155997,0.68328154,1.297093,0.028737783,1.335992,0.031887412,2.2033744,0.47389787,0.059999004,0.6437431,3.5457728,0.81657314,2.4533427,0.05766565,0.45310134,1.0546657,0.9876898,1.3347646,0.60626394,1.5260508,1.6217928,0.80585515,1.7580009,0.07262929,0.6719134,0.8403273,0.2647668,1.951525,1.8761495,0.25003004,1.2182583,1.5578423,0.3570977,1.1333802,0.76839584,1.1546419,0.92985535,0.02205529,1.7960155,2.4941404,0.29569206,0.4382951,0.0,0.4455679,0.8767477,0.01726308,0.43091488,1.175512,0.15109289,0.26572654,0.008415266,0.848355,0.35296956,1.1043304,0.4736223,0.7874222,0.31287014,0.021776807,0.021126121,0.8691959,0.15886688,3.036842,2.2661502,0.23732905,0.6147817,0.6900656,0.11867677,0.74350995,0.0,2.3613555,1.5695729,0.14483011,1.9573915,0.18162756,0.3359402,1.7210058,0.622991,1.2991507,1.1464391,0.27772674,0.3514398,1.8541173,0.4575104,1.9875073,0.09066769,0.0106977625,0.973747,1.6861498,2.4413834,1.5977305,1.6837499,0.3300958,1.1653612,0.003932723,0.15298924,0.4510301,0.6028721,0.52319384,0.44258904,0.5370098,0.11701251,1.1096557,0.9722963,0.55474037,0.38962063,0.16032533,0.7386289,0.495066,0.24604467,0.6426791,1.2440791,1.1843153,0.29262167,0.8368487,0.14467546,0.44329396,1.1211473,1.4316173,0.04524114,0.53945625,1.6931523,0.23367631,0.0,0.2326306,1.0729136,4.1549344,1.0311949,0.4345228,1.4944586,0.035256147,1.5410517,0.953123,1.0141306,1.4480491,0.020071317,0.0,0.56495076,1.115949,1.3445716,0.24306011,0.53669375,0.8232651,1.5673678,5.6363726,0.09296177,0.33398843,0.19545537,0.24645506,0.14713272,0.67652524,0.004376036,0.28033835,0.11619394,1.4024506,1.4559687,2.0852761,0.11208888,0.2458158,1.0532646,1.7226615,1.109424,0.0,1.2506326,0.6764807,1.2982844,0.03323189,0.8799267,0.44466174,0.24921179,0.8109444,0.688819,0.04679631,0.8592257,0.23872916,0.46027747,3.38072,2.211669,0.0,0.88934314,1.0157359,0.07037518,0.78980106,0.10958868,0.15980834,3.425771,1.0093762,0.19747204,2.715028,0.9635687,1.0205657,1.4889488,1.2620955,0.83985573,0.46602497,0.3735217,0.7975065,2.1328619,2.2878494,0.733192,2.1821117,0.050725915,0.59801364,3.5220041,1.5300237,2.6440206,0.15235335,0.69205856,0.26089552,0.43437988,0.68336815,1.3042129,1.6128033,0.00984834,2.6324544,0.9492977,1.4943135,0.24441741,0.50308865,0.13917734,0.7381893,0.031457,0.006897247,0.55466396,2.1361914,1.1178406,0.4627388,0.82939005,0.02731353,0.17374104,1.8325719,0.89886653,0.42186904,0.0,0.71456957,1.5950202,0.43920782,0.48933247,1.0676533,0.4504382,0.7090688,1.7754636,0.781489,0.9173408,0.5978084,1.0114617,1.2792395,1.2010448,0.020016035,4.3370442,2.2246423,0.15761651,0.57390296,2.6117008,0.6653604,1.4491763,0.83068115,0.43117186,0.0016652272,0.01993447,0.18060003,0.5341729,0.02444876,0.64731836,1.9036908,0.5493371,1.686842,2.522143,1.4089189,1.8278348,1.4622395,0.7670873,1.2285343,1.6505734,0.65805346,0.91268307,3.1155427,1.2353735,1.0613449,0.505938,0.8259777,0.0,0.40357023,4.029918,2.389808,0.313935,0.5867206,0.24345826,1.8720162,0.7106512,0.94468063,1.9649097,0.07696262,0.93351424,0.07304966,2.6763182,1.7368131,1.9418424,0.050152086,0.66196567,1.0115551,0.028557008,1.6509604,0.43513808,0.088482186,0.018000294,0.115412965,0.065988965,0.0,0.053110033,0.2359327,0.02175539,0.14204565,0.49775276,0.53968436,4.772956,0.68897676,0.97694963,1.0047034,1.194695,0.15142946,0.62397015,0.010615064,2.5981438,0.112883955,0.9196754,all_pothole_images\pothole_images_enhanced_bf88563399c2c1e3b6d802f75b60cf47.jpg
0.3302512,0.87298596,0.7306895,0.8246437,1.430507,0.51597655,2.069133,1.0569271,0.6070298,1.3043184,1.2637324,0.19944152,0.1602631,1.2301732,1.3110164,0.78311056,0.034352288,0.121141896,4.092181,0.14255139,1.7287747,1.8075566,0.31455162,2.8834443,0.04872872,0.45895976,0.00084601645,0.67444944,0.0,1.9191315,0.09335437,0.16991967,0.0783218,0.013582115,0.33239457,1.8425782,1.0142674,1.1474931,0.30006948,1.3797498,0.10277344,0.32159156,0.22600621,1.7577028,0.19854845,1.5543917,0.37228805,0.104367174,0.7727893,0.05725374,4.7412424,2.4571006,1.0002371,0.11343553,0.3164451,3.2913706,1.4036541,0.2657561,0.7814255,0.16189447,1.9067446,0.66987133,0.97118,0.2985141,1.3340873,2.2183444,2.3838003,0.9591958,0.49070796,0.2990378,0.0003350571,0.0025617578,0.07094666,0.70211315,0.09880311,1.1884977,0.45996997,0.80489206,0.0913205,1.5471686,0.50589526,0.47815043,0.35383978,0.903495,2.145926,0.9565904,0.079929836,0.27982104,1.8700308,0.12524843,0.58156925,1.2430991,0.0,0.066205524,0.0045894072,0.95782995,1.0079032,3.2422876,1.5624722,1.0022873,0.15005091,0.6537389,0.35308522,2.2947137,1.1745089,0.5524621,0.054521404,0.55725944,2.3265402,0.6633266,0.15935874,2.6740792,0.15891524,0.36284804,0.67507637,1.0378132,1.8226103,0.9765048,1.6245668,2.2587786,1.3278759,1.113252,0.43413752,2.8126383,1.0451317,0.67914146,0.8449383,0.356816,1.3728744,0.12751965,0.55175257,0.37451023,0.7541103,1.0647196,0.16721313,0.031425834,0.26894185,1.2738235,0.9306606,0.79872674,1.0560713,0.1543485,0.85831857,1.2752391,0.4066024,0.8862888,2.1404843,0.10524444,0.5092557,1.423045,0.76498646,1.0130892,0.025740754,0.28556988,5.674801,0.4576528,1.8712463,0.68477565,0.35596928,1.679065,1.3394856,0.0027409117,0.1017328,1.7821269,0.57202613,0.7163279,1.0075599,0.99361825,1.1525536,0.12170252,1.1877726,0.04589237,0.23504019,1.9815512,1.0094361,0.74103427,0.050018724,0.27269247,0.71307296,0.2280575,0.5098362,1.8730974,0.88562626,0.42927635,0.9560761,0.47848618,1.6986223,0.4696785,0.8099348,1.6113206,0.27191606,0.007518222,0.41601324,0.6852524,1.0030583,0.028822474,1.3124156,0.34439442,0.20537879,1.7626222,0.5075953,1.7330452,0.5373874,0.20030917,1.013639,0.20911497,1.2653027,1.3904965,0.69522405,0.6498924,0.24624665,1.1507822,0.98881453,2.2087095,3.0599763,1.7862165,0.7787372,0.47075605,0.8242357,0.04277563,0.6406648,0.11338845,0.69498086,0.41006044,1.0129768,1.2624992,1.8123628,1.4564836,0.53839505,0.19574669,0.7080188,3.712954,0.17936651,0.43388125,2.3103054,0.2887356,0.57370526,0.28739056,0.055410277,0.17881024,0.092537604,0.08256912,0.004270005,0.5532886,1.0048091,1.7637951,0.072020024,0.27050078,2.409068,1.8783826,3.5459487,0.031363953,0.07256288,0.6415513,1.2481117,0.9165961,2.3196316,1.973607,0.95683277,0.26883772,0.26513317,0.050972566,0.094849125,1.1285706,1.5785514,1.1823442,0.22184153,1.9573283,0.36971167,0.22590946,0.68392646,1.4529778,0.13643242,0.18667375,2.270708,0.37188795,0.30238628,0.012609396,0.86274666,0.6021424,0.81682587,1.0636057,0.9061371,0.5916843,0.07123232,0.72372043,1.5757159,0.6115253,0.75555885,0.04763874,0.31852803,0.1756065,0.26496416,2.6756828,0.023011493,1.1076822,1.837263,1.6724277,0.73976004,1.1390169,0.0,1.5710506,0.7658507,1.259129,1.0523078,1.8166248,0.6611013,0.5862191,0.14141607,1.4695783,1.0029123,2.0278006,3.115143,1.8219305,1.0634608,1.8390148,0.70171446,1.9905264,2.4951394,0.1778822,0.84240735,1.5046663,0.8655747,0.008876257,0.22621979,2.3759165,1.923271,0.053588584,2.745406,0.14676064,0.98825085,0.58013743,1.5415895,0.10999273,0.12480597,1.0259528,0.7253619,1.1840991,0.30938292,0.2089273,0.7548017,0.04114515,1.5881433,0.2652114,0.08825936,0.288867,0.17608012,0.29898173,1.1467466,0.52888274,1.8245099,0.38627732,2.530967,0.40780583,0.1143048,0.20342305,0.6547554,1.3053386,0.4331693,0.54308677,1.2577524,0.39437452,4.003611,1.3711672,0.3592711,0.37650177,1.560119,0.11755565,0.4698331,0.9315665,1.1648439,1.7695334,1.7666636,0.6861815,1.5298383,0.17248176,0.14561965,0.7583145,0.3523706,1.6933652,0.79264045,0.15536697,0.8736972,1.60156,1.6027204,1.0261567,2.6833932,0.3094882,2.1451588,0.81629956,1.2782712,0.5119213,0.48793674,0.11502075,1.3182659,0.16303605,1.3886404,0.72873265,0.33046964,0.21809708,3.1762638,0.109394535,0.2883967,1.51822,0.7901077,0.046539273,0.27870786,0.9044322,0.9718939,0.50056213,3.0533493,1.0010569,1.5330222,0.5160423,1.6921047,1.0770595,0.14701861,0.7008866,0.0026548721,0.7440299,1.7883797,0.6230815,1.6592902,2.5802057,2.2480443,0.65739673,1.3054413,1.6933488,2.4778955,0.43265685,0.03619191,0.7861205,0.1700336,2.8941674,0.9415716,2.0480433,0.6038115,0.55174696,0.14799367,0.5571531,0.9093212,0.2690775,0.00901122,1.0523989,1.4293103,0.2623326,2.7874317,0.42492217,0.18343651,1.8217449,1.4413735,0.1796448,0.062066928,0.28519335,0.62608474,1.3316504,2.955952,0.3427787,0.44957554,0.89554,0.22137749,0.310216,2.2855752,0.5434768,0.4048184,1.5943696,0.0,0.2592857,0.29674053,2.7115848,1.8229249,0.28378266,0.4278014,0.4812824,0.4314031,0.79960555,0.0037151277,1.4768183,0.73200935,0.0026747524,3.2002046,4.6501136,0.1247078,0.040204618,0.06900121,0.8256681,3.008781,0.14013913,0.31885433,1.573721,0.21244891,0.8310375,1.262973,0.08679547,0.30634364,0.95027554,0.644076,0.19804808,0.27385247,0.29568714,0.092216335,3.4810328,1.2275956,0.9649362,2.2001007,1.689978,0.28857657,2.1110613,1.6348572,1.0162951,0.9525486,0.09966677,all_pothole_images\pothole_images_enhanced_bf948a666ee8162aaf7be28d5a99256a.jpg
0.36196268,1.2718656,0.39303523,2.8874872,2.022526,0.10848176,0.7792264,0.096229054,0.5403919,0.3302689,1.9488995,0.7746666,2.3205235,3.137742,0.92856926,1.5667379,0.21420698,2.9464216,0.9812547,1.338785,0.264965,0.24606122,0.53529066,0.45411706,0.9838532,1.2058942,0.6028173,1.8236127,1.3377912,0.39045358,0.30710492,1.5991431,0.53704333,1.0446637,0.051173065,0.9779,0.25120148,1.4260957,0.41560456,0.48869246,0.10543191,0.042132735,0.51658,1.4819804,0.7960996,0.54430205,1.194167,0.080520645,1.9355268,0.32203844,1.151568,0.49557742,0.4819036,0.8933876,0.19314595,2.8722668,1.2706617,0.95386183,2.3981805,0.8154013,1.5298799,0.69193316,1.5801345,0.686787,0.9419065,1.4665982,1.4573987,2.9435294,0.027669938,2.819068,0.56159085,0.06094402,1.1377382,1.0276103,0.38367918,0.48828638,1.3943793,0.5782881,0.13075742,0.99275285,0.3009697,0.06298232,0.5537214,1.2562096,0.053109393,1.1053184,0.90401614,0.0,2.4369087,0.40889892,0.16775264,0.8320187,0.5930123,1.4037752,0.7253953,0.49259546,0.56264853,1.523722,0.6335159,1.2042577,0.6316964,1.4810528,1.3921969,0.8642655,1.8620278,0.028054746,1.8172632,0.4631296,0.94371825,0.94853336,2.3256931,1.4124964,0.16044317,0.6474054,0.93229955,1.2203654,0.6132585,2.464547,2.034801,1.6029476,1.407162,0.17970705,0.44552174,1.1748629,2.1551645,2.3371158,0.8821971,0.6069619,0.5779781,0.6743108,1.3184867,0.120426156,1.3938413,0.514728,0.24718034,1.139716,1.1033498,0.9607474,0.53306246,0.33435625,1.6174408,0.6782146,0.8572828,0.43860498,1.038283,1.3417971,0.0,1.2631029,0.5510877,1.4054735,2.294413,1.9954839,1.7352079,0.79550654,0.264024,0.44214574,0.9252533,2.2275267,0.8417512,0.6752332,1.3731046,2.9206648,0.061819397,0.48131865,0.5998706,0.14974609,0.8540372,1.7696544,1.106681,1.5986893,1.1308162,0.53849965,0.21363626,2.1406193,1.062205,0.35083732,0.8482898,0.841236,0.6219353,0.2406833,0.82476586,2.1460276,3.3023307,1.1347092,0.75521165,0.67905194,0.90401316,0.122701555,0.8796471,3.013041,1.0304106,0.24020627,0.15254793,1.0416467,0.07968032,0.40724188,3.1722636,0.39240253,0.56879467,0.30113387,1.2705476,2.5676382,1.0632498,0.29622155,0.7340551,0.20026067,0.9837064,1.5934744,0.83944124,0.9193156,0.44250005,0.30011004,1.0066808,0.09006416,3.7660596,2.5141363,1.8113263,2.58489,1.8866494,0.15197062,1.213522,0.43568242,0.5635979,0.47900164,0.18133792,0.54780203,1.03267,4.415322,0.655611,0.78876424,0.25806597,1.0000333,1.5314,0.4759257,0.8683658,0.08752816,1.3325578,1.3609412,0.12054632,0.8159593,1.5134913,0.10010676,0.5494554,0.5535707,0.11238036,0.08724116,0.4666673,0.2745625,2.390775,4.9303102,2.990545,0.3404995,0.13007571,0.15290669,0.61951774,1.6547744,0.9715716,1.2090652,0.623891,2.3562057,0.8593796,0.81085694,0.6438301,0.8981365,0.31238434,1.6161048,2.4818938,0.25217813,0.711245,0.002568147,0.18460678,0.31547004,0.83224374,0.6748838,2.1697376,1.8070965,0.016286662,1.0684379,1.7180427,1.778598,2.3788218,0.51613796,0.86085135,1.8827754,1.4018631,0.57641906,0.52428085,0.7788685,2.694266,1.8841219,0.67688984,0.54361486,2.654989,0.7514296,1.3522457,0.4472924,0.35079107,1.296952,0.36969694,1.5306203,0.6558184,0.50135326,1.5898564,0.9190791,3.7632015,0.43426922,0.2840936,0.4384061,0.904671,0.9416348,3.0473301,2.973004,3.3911664,0.9488369,2.0717456,1.3900803,1.9479702,1.1488614,5.2394223,0.17181927,0.5799665,0.99834955,1.080455,1.0190125,1.3375206,0.7928722,0.89589894,0.12497896,0.3350802,0.4265874,1.2479686,0.43454298,2.1272953,1.8144574,0.4994221,0.18680198,2.4432845,1.0287181,1.0343032,0.929772,0.2984799,0.54506636,0.41308787,1.5415362,0.40868494,0.13642336,1.0608307,0.6937347,0.06678795,0.91086435,2.457474,0.71340746,1.6992046,0.17640464,0.040783346,0.72878265,0.217266,2.2426603,0.93929255,1.111314,1.3679107,1.6853694,1.2731445,0.25316235,0.022782296,0.21698599,2.1535337,1.0426979,2.3028073,0.93807065,1.9282085,0.7401551,1.8124539,1.6999056,0.6940212,1.8036658,0.11829136,0.946808,0.69916457,0.42146268,1.5813767,0.23627321,1.2734718,0.45280826,2.5131793,0.7652983,2.133233,0.1484299,0.6116723,1.9354078,0.30743065,0.86652887,1.2033563,0.12441284,0.42722785,0.38529867,0.5545384,0.4851531,1.9780698,0.8014209,0.26585898,0.58145726,1.6375096,1.068069,0.97004145,0.4398286,0.1436191,1.1196057,0.08023709,0.12711208,2.6522057,1.9514832,0.81610817,0.29742286,1.5630926,0.82789534,1.3586726,0.5855754,0.8233973,0.02544489,0.6336587,1.4108541,0.2901231,2.4475863,1.8611187,0.776871,1.1458509,0.0034250095,0.888,0.863763,0.86105794,0.9897615,1.348202,0.7877241,0.2367608,1.9495285,0.55701536,0.5730164,0.20795403,0.24338005,1.5174252,1.6697909,0.10467836,0.9508162,0.40149245,0.82453495,0.82862353,1.9646429,0.25955817,0.20387626,2.8201299,0.85162586,0.38496718,0.95829153,1.9546082,1.4467117,1.2283578,0.24756251,0.27350152,2.8850422,2.416562,0.0019145584,1.8956249,0.60779166,1.335779,0.7527303,0.6433812,0.03447914,3.304176,1.9563949,0.5232718,1.201648,0.4290411,0.5496242,0.33129564,2.2900596,0.6336008,1.0421724,0.8816039,0.15397707,0.80678105,1.259403,0.42301714,1.7087184,0.0069939536,1.866408,1.5318019,1.2582675,1.248246,1.5408399,0.70552635,1.0289344,0.5261795,1.3017266,1.3710985,0.5525766,0.06690426,0.2968648,1.0791584,0.5507049,0.9616236,4.204782,0.13586906,0.63075536,1.3776237,0.15834841,1.0482811,0.46423534,0.3742999,0.6950319,0.113796145,1.7291689,all_pothole_images\pothole_images_enhanced_bf9fac69d6cbe6abf35e9352d5257c65.jpg
0.49836087,0.07331632,0.37290558,0.29777426,0.5220526,0.6209006,0.8753544,0.024445025,0.334913,1.6714945,0.5713665,0.25288418,0.7568774,1.044501,1.4028119,0.8107405,0.19126378,1.0268997,1.171461,0.8473537,0.2782825,3.7880478,0.19618422,0.84620714,0.13676018,2.6654096,0.052079424,0.52697325,0.0,0.40801984,0.51542646,0.0014889364,0.31895196,0.0847986,0.31403443,0.84511733,0.14872201,0.9657808,0.57476133,0.17389826,0.33883736,1.0374252,0.032736536,0.7251727,1.2603848,0.017268999,0.009452405,0.17124985,1.2875535,2.1424692,1.3866342,0.27070197,0.37965715,0.11007124,2.6377273,2.4505494,2.8758314,0.88690233,1.1273834,0.9935164,0.7766997,0.25080055,1.0444602,0.082482696,0.54938334,3.634304,0.049517985,0.07623312,0.5336313,3.072254,0.9019816,0.8431078,0.16021425,0.5563739,0.3251936,1.1386993,0.15314554,0.18838894,1.4832838,0.65374833,0.030505931,0.5590991,0.97489345,1.8518714,0.7652689,0.093784645,2.432167,0.90742505,0.98039,1.2155275,0.42647558,3.0708182,4.4552436,0.056120846,1.1061159,0.1706244,0.092962325,1.9292151,1.1144419,0.22329544,3.070525,1.2434628,1.016043,0.637272,1.7831388,0.87840205,0.13989542,0.2638547,0.25783822,0.6346798,0.63869613,0.060524717,0.3611654,0.7457022,0.023048026,3.7779744,0.3292777,0.85454154,3.1213977,0.8079132,3.7603517,0.08830042,0.14510497,0.066063195,2.827096,0.44182807,2.3459888,0.4327949,0.12151448,2.121632,0.1165179,0.0,0.61792827,1.9601272,3.7928135,0.47508502,2.266072,1.1329263,0.26195607,0.5653646,0.09990889,0.033657484,0.45197988,1.7800262,0.55444545,0.37539166,2.2835155,0.78839296,0.561304,1.4749005,0.25578573,0.08053712,0.19796766,0.6792405,2.9731205,1.0258923,1.0945253,0.7328217,0.92043865,0.15722017,0.56493133,0.56667894,1.9589946,2.553224,0.37567773,0.29867342,0.3882145,0.27079824,1.6695325,1.2833407,0.15641467,0.009424454,0.054529637,0.0,0.83657944,0.8700194,0.19370046,0.096769944,0.05918748,0.67583746,0.42165098,1.4671191,2.2485206,0.32831186,0.13315938,0.47969997,0.4318027,0.1350714,1.0298604,0.04872802,0.32434487,0.045178253,0.4590096,0.41168052,0.015280746,0.21955453,1.2873983,0.45439267,0.048083916,1.7359809,0.11434987,0.06720393,1.1348971,0.027563112,1.3858293,1.2970972,0.40637642,0.46502206,0.6262731,1.5433944,0.43177262,0.22976553,2.7166493,1.0182227,1.797883,1.2094028,1.7564576,0.05473564,0.24304724,2.5555992,0.1036215,1.5083797,1.4377884,1.86423,0.39541057,0.052710697,2.3768067,0.36660403,0.3975718,0.005774982,0.31056008,0.28000358,0.4605666,0.086721145,0.031625647,0.7611425,0.2307643,0.33713368,0.0066199354,0.91886485,1.483314,1.658685,1.5452906,0.16617724,0.689195,2.2669616,0.51034856,0.6524709,0.5614643,0.7606567,8.226134,0.096974894,0.8108981,0.69350505,0.61486506,1.4547442,0.13188083,0.26147765,0.9432223,0.68775266,0.15091406,0.2556254,0.10583862,0.60302097,3.3484447,0.1426454,0.28939828,0.0024075916,0.4817231,1.3189245,0.34952125,0.31384704,0.9655487,0.16174282,0.5900871,0.8640969,1.491768,1.3907567,1.1029093,0.44112745,2.3365533,0.05990037,0.15946165,0.1147633,2.1066587,1.2220384,0.6184088,0.3019882,0.5843868,0.8810504,0.044813257,2.2135136,0.0050174454,4.9627075,2.019346,0.0029649418,0.17009133,3.9945729,0.3540019,1.457033,0.95602685,0.22107996,0.3397103,0.18374299,0.8068419,0.065710895,0.44864514,0.42458546,0.52307695,0.0,1.3614467,0.05855198,0.41245246,0.697626,0.44205222,0.9168951,0.5366779,0.0,1.2755941,0.5832841,0.065804824,0.121014066,0.0008191238,3.0705419,0.07652009,2.355331,0.21059915,0.20004784,0.81238645,0.1361982,0.38059258,0.4394901,0.56053144,1.7491345,1.2467145,0.2843325,0.5195126,1.549403,0.47967708,0.2920217,2.8634784,0.13574135,0.7968275,0.63936406,3.085948,0.0933956,0.1402244,0.011731303,0.42271367,1.8803945,0.71256626,1.133944,0.89735985,2.7934277,1.2936074,1.0596676,0.28910047,3.8916874,4.657417,1.6271365,0.047734402,0.68904406,0.0031487031,1.0027615,0.04826333,0.87792283,3.4884634,0.20236112,0.44692847,1.6477149,5.1180105,0.018313555,0.20689672,0.08075407,0.15575516,0.14664532,0.048201345,0.121822365,0.3724442,0.88968647,0.23951247,1.2264515,0.57079464,1.2197454,2.0370722,0.6036125,0.0015829059,3.4916096,0.35247234,1.4294223,0.29988626,0.16167763,0.23377085,0.38238811,0.091728784,1.095017,0.6817177,0.23214018,0.04749492,1.6384053,4.3462386,1.1202384,0.96596205,0.3286816,0.012485863,0.3210169,0.3387468,0.31181562,0.3276174,1.3898027,0.017927758,1.1747321,0.36816725,1.2164614,1.6935587,3.2560742,0.0026719072,0.110188946,0.48583424,0.8188903,0.6237492,0.21376641,0.0,0.7088559,2.1175008,0.81407505,0.0,0.6420921,0.24328142,0.51651746,3.0733845,0.24345808,0.19112843,1.7425481,0.82736343,1.5994539,1.0718899,0.68340147,0.69636846,0.5422358,0.23301683,0.037002005,0.0,2.7494867,2.4737105,1.0597916,0.9327048,1.6766124,1.269643,1.2121235,2.021492,0.40795,1.0554079,0.10950104,0.85444283,0.34072354,0.19705708,0.30562207,1.1653683,1.081734,0.14304702,0.0783021,0.70041144,1.7923322,0.86237425,0.094334155,0.8225781,1.525486,0.003615574,0.33989543,1.624337,0.7184153,0.0199249,0.581417,2.6315117,0.46363983,0.1888527,0.5017258,0.21605441,0.7104837,1.000016,0.5825926,0.89293593,0.30562633,0.07797584,1.89164,1.032919,0.09244324,0.12912396,0.36505407,1.9968807,0.90922403,1.4822462,0.027267745,1.6635368,0.49389842,0.32828233,0.48386475,1.8773844,1.4917717,0.36643803,2.3739953,0.13572496,0.6690158,0.08774253,0.5327204,0.0007535333,0.2713458,0.81702346,0.8649961,0.53180474,0.18157375,all_pothole_images\pothole_images_enhanced_bfd2600686617a06e4a76a8bca09734e.jpg
0.85440314,1.8523856,0.7866844,2.3849216,0.18549526,1.0617759,0.08455388,0.21633479,0.75542915,0.6379498,0.7146905,1.4218559,0.021446303,1.7830737,0.719305,1.1852952,1.1791017,0.18813588,0.90795845,1.1615951,1.4630157,1.173161,0.28940746,1.0440816,0.9784569,0.63797385,0.34436417,3.9325054,1.3324772,0.18080808,0.44622394,0.51037085,1.125729,2.3815343,0.19322605,1.638025,0.16944739,1.2008371,0.18266563,0.7926749,0.6396877,0.12530969,0.97246414,3.0697112,0.6924826,1.8211244,0.3658117,0.19032073,0.32732153,1.1329042,1.2150652,0.59559524,0.94230294,0.46225512,0.62106246,1.3341153,0.042141117,0.17786771,0.8784567,0.22088435,1.3666153,0.5395862,1.4451238,0.34756234,0.53401697,0.7284775,0.31820288,1.0251298,0.59709734,0.18000948,0.9540243,0.2308239,0.45191923,0.51243484,0.85509396,0.6563231,0.98585117,1.7422659,0.022951042,0.44832835,0.7364729,0.25162914,0.074483745,1.205015,0.8920976,1.3336432,1.2373811,0.32350984,2.9590702,0.029005095,0.4685948,0.08260032,0.42426392,0.64902383,0.08763314,0.93070793,1.5350754,1.0351692,0.8430965,1.5182486,0.054240294,3.0932355,0.43010813,0.5986641,0.1505656,0.25405118,0.61804444,0.49006784,0.44226688,0.21121085,0.0023822614,2.5361872,0.52457815,0.23442468,0.7209943,1.2465228,1.2983186,0.38194478,0.58590823,1.5814413,1.5237813,0.84400487,0.8564678,1.8642515,0.6373377,0.21532735,2.4996772,2.2178817,0.614297,0.47133282,0.46788055,0.0,0.14924268,0.6555113,1.0512427,1.6109049,1.9160599,1.0020493,1.4580227,0.7751547,0.15411219,0.24069315,0.17168453,0.2785358,0.9372264,1.9185588,0.45370305,0.07475236,0.22725229,0.7558129,2.059559,1.7012817,0.21692994,0.13685696,0.37780094,1.155755,0.47610402,0.2571463,0.72463083,0.5816389,0.38834816,3.8747501,0.0,2.167309,0.016841741,2.2632632,0.91965663,0.4240854,0.39356464,1.3747077,0.5311755,1.3345059,2.197794,0.28488198,0.18874118,1.201151,0.59099567,0.024221197,0.4189253,0.78084284,0.09260864,1.602332,2.0892587,2.2758021,1.0366222,0.2838212,0.067482755,1.4796104,1.0849686,0.30338156,0.7539332,0.6783128,0.43712834,0.3887048,1.1282384,0.8527453,1.2523911,0.087088525,0.22324835,0.6109194,0.88540626,0.42375195,1.2910585,0.59306514,0.8135936,0.22767788,1.4419913,0.1426674,0.082770854,0.15824318,1.1206309,0.07811738,0.55863404,0.06552081,1.1853366,2.8537977,0.4118252,0.15782075,1.8276428,0.5020159,1.4598299,0.07611707,0.77485925,0.20345046,0.103628844,0.67774373,0.5232295,1.5333669,1.1380956,1.4335628,0.31853253,0.22566761,1.8621863,0.09925448,0.9508256,0.030224636,2.6004362,0.1899264,0.060172975,0.8215991,0.63562757,0.28894106,1.1140633,0.069149844,0.44991723,0.041653562,0.24007037,0.8241732,0.4133802,3.24808,1.5205361,1.7835838,0.3216639,0.7890112,0.13481283,0.25307563,0.10374328,0.28329027,0.3535857,3.00355,0.41597474,0.8035983,2.008545,0.04580365,0.06533938,0.28195378,0.20132567,1.8337545,1.413174,0.5572727,0.3820058,0.070251815,0.26993474,0.7988042,0.15829574,0.76839614,0.38044003,1.107869,0.57149154,0.97732407,0.42392135,0.54355234,0.1858371,1.3494778,2.3472528,0.036269385,1.1875795,0.96631914,1.5099835,0.0043376097,0.27494472,0.21374658,0.1394756,0.6851239,1.0493108,0.42151147,1.0560232,0.5891083,0.77322286,2.5443728,0.88132197,0.68460596,0.8267993,1.177156,4.0428267,0.51268965,0.5159761,0.8310484,0.38611555,1.5941719,0.35642728,0.75175,2.3997262,1.2510557,0.37456313,0.9660449,0.016751816,0.9880084,3.2934284,1.3193798,1.2487669,0.2333353,1.554689,1.0426266,1.1668515,2.1689816,0.3510422,0.54514414,0.80701154,1.6273814,1.6659979,0.5199007,0.08446027,0.057101697,0.24524225,0.61155266,1.6848394,0.62915283,0.37985152,1.7605014,0.76949805,0.2946997,0.9462027,1.738871,1.2362303,0.6380928,0.45607072,0.8764533,1.1504638,0.47907934,0.9244554,0.38351327,0.08523264,0.19068134,0.57034284,0.16860531,0.28984097,0.385724,0.6120887,0.56872344,0.0056017507,0.5933835,1.1749887,1.0288761,0.40846646,0.83336395,0.58237886,1.4009714,0.40590876,0.9076858,0.52275366,1.0066401,0.20249145,0.386887,0.029581444,0.25330204,0.8033697,0.02989808,0.27134988,0.46901616,0.4520409,0.7358621,1.0571622,1.748187,1.3251579,1.527586,2.162431,0.8373406,0.0037976746,1.5090669,1.7599828,0.3043923,0.42698696,0.25220793,0.056910783,0.6268558,0.8828082,0.40941423,0.688778,0.013195133,1.8537105,1.6319878,0.7345569,0.61904365,0.44308624,0.9869724,1.5805303,0.4132349,0.39287007,1.2143236,1.2583905,0.2756223,0.7098799,2.6337707,0.0,0.25514537,0.53696746,0.24726978,1.2735267,0.43193918,2.5544448,0.6748732,1.2820833,1.4669046,2.7731898,0.027366929,0.3206553,2.4580739,0.4509056,1.2535977,0.3905715,0.038732775,0.90726674,0.79129195,1.1342051,1.3222634,0.8599528,0.61513805,0.014285768,0.7144523,1.0296302,0.3188285,0.298951,0.23613349,0.039951786,0.63072944,3.0102203,1.2909896,0.584696,1.0130851,1.3444297,0.749643,0.33468008,0.37828982,1.0549117,0.6479681,0.79012764,0.759811,0.86302453,0.14549169,2.183348,0.16914986,0.9138744,1.6500231,0.22000414,0.843378,2.4490948,0.0573776,1.874235,1.0177547,0.70432013,0.36988238,0.24936715,0.05039393,0.18282932,0.07702982,1.5663214,1.2567053,1.3084728,0.292773,1.364992,2.5505435,0.4793221,0.96852607,0.4022634,0.025015363,0.5566797,0.48856297,0.13673528,0.112591304,0.5479885,2.1092803,0.2064473,0.8047859,0.9146572,0.8306516,0.03897739,0.34696108,0.14922842,0.3861322,0.9718291,2.377168,0.117366746,2.1507444,1.872008,1.0179738,0.9237915,0.22991975,0.3290861,0.40736306,0.37063953,0.39023036,all_pothole_images\pothole_images_enhanced_c01020a37c0fb1df03173dfea3dd9865.jpg
0.46518293,1.4980109,0.14105937,1.393688,0.15665253,0.5070733,0.41082937,0.0892136,1.0173906,0.032816593,0.73612446,1.1241205,0.4362783,0.022851015,0.16884588,0.0074524703,0.034701154,0.44279423,0.35621837,0.30086514,0.0264947,1.8761648,0.06074852,0.055061277,0.14103436,0.28210154,0.4221491,0.5805485,0.011544196,0.5791673,0.8044675,0.65421456,1.5276501,0.04405047,0.20218469,0.08154849,0.12260908,0.47835642,0.1373502,0.05626607,0.5834521,0.9057832,0.0,1.7360231,1.2603465,0.01581925,1.037733,0.0036299934,0.11268279,0.14832121,0.59295356,0.9563585,0.22371809,0.020139376,0.019923866,0.30856898,0.86339074,1.2067846,0.0076176827,0.19208112,0.014526274,0.24850121,0.7273618,0.8189161,0.5689884,1.4525208,0.064417124,0.14776352,0.0072471015,0.6037794,0.32581532,0.72028005,0.09292721,0.044571992,0.004522575,0.39238,0.19795452,0.9924061,0.008410463,0.55107725,0.45301145,0.7708667,0.033542447,0.4765052,0.16852567,1.0601271,0.72630316,0.01082679,1.8571104,0.68365973,0.010546962,2.295921,0.33962592,0.5649737,0.06074054,0.0020545376,0.8559223,0.08891555,0.700397,0.0,0.029974476,0.75238067,0.6704354,0.0,1.1214483,0.060148295,0.6376716,0.25120044,1.2241181,0.1353885,0.033508755,1.7934612,2.6030684,0.02114184,0.5789362,0.7425123,2.5922158,0.379716,0.022716008,0.6196583,1.7402936,0.1120714,0.39870745,0.41111216,0.2253126,0.06610786,0.08863344,0.3309759,2.1740854,0.16193587,0.0724259,0.2748721,0.013515015,0.28696066,0.26953378,0.321398,0.14353551,0.07340212,0.6280296,0.3575082,0.8820388,0.06847174,0.021455232,0.48886654,0.50373274,1.4981104,0.1263234,0.06615353,0.2945451,0.0204941,0.2628289,0.1165984,0.14504735,0.11692617,1.7064408,0.140607,0.2070602,0.28911537,1.1519215,0.1743784,0.6546152,0.4775897,0.052351993,2.5020375,0.7215205,0.009752192,1.1683934,0.6233901,1.5650504,0.13999142,0.0,0.0,0.60683566,0.049889762,0.30875632,0.16492434,0.26759806,0.0015752173,0.57518035,0.43236378,0.0007266838,1.4600036,3.6928825,0.12898636,2.824972,0.31413084,0.5559981,0.73192465,0.14878015,0.3132773,0.71829003,0.0,0.03960077,2.0912836,0.072525196,0.0046616206,0.007533651,1.272836,0.22431104,0.45868555,0.5655262,1.3848552,2.3342338,0.6440797,0.86993533,1.0196574,0.46396503,0.6198344,0.8998455,0.7399832,0.0,0.90683603,0.31610143,0.020814015,0.61959976,3.194369,0.07223876,0.19472878,0.31962052,0.34833172,0.4024924,1.0426465,0.55362785,0.2619212,0.1711256,0.40794498,0.6896066,0.0,1.4757087,0.27108666,0.8429534,0.24940863,0.15885581,0.226731,0.67995745,0.22052011,2.2598586,0.0050620693,0.3469795,0.6220702,0.7332616,0.15090187,0.07233838,0.100456275,0.006090349,0.098017275,1.4485784,0.15092897,0.6204435,2.6944747,1.586193,0.06714054,0.7907766,0.7066966,0.36644098,0.1497457,0.8006383,0.05195283,0.23397936,0.13121422,0.29753622,0.12833527,0.27271384,0.4108158,0.36439952,1.2485942,0.15071519,1.1063765,2.3406765,0.37032422,0.10477619,0.11629621,0.004198278,0.013244784,0.14469224,1.2045215,1.3329973,0.67489326,0.0022776271,0.5037666,0.81246465,0.2896476,0.18432929,0.60784364,0.43164125,0.33529374,0.3342757,0.42111388,2.0831738,0.7922174,0.50702757,0.03403095,0.0146665275,1.1217893,0.0070986757,0.19843458,0.14112484,0.6194593,0.21084978,0.06778051,0.8871695,0.0,0.42659384,0.42430648,4.5754695,0.9164148,0.0,1.6436459,0.0,0.6650753,0.1636815,0.8884515,2.7192836,1.5791898,0.13265485,0.4701485,0.08104298,0.66065395,1.7630849,0.82240325,0.926195,0.15698467,0.013959678,0.2988619,0.83143216,0.74878347,1.0104178,0.09839376,0.32408318,0.0,6.869748,0.16152693,1.0711312,0.09681954,0.07674414,0.13680425,0.54410857,0.0,0.13074562,0.44460845,0.2806619,1.1235242,0.8043879,0.55468655,0.33021048,0.5379787,0.8516388,0.16995563,0.28640503,0.6558078,1.3722786,0.597236,0.16945027,0.31130254,0.28984705,0.39281946,0.57512474,1.4918747,0.016520137,0.27025852,0.11488114,0.023871748,0.6877013,0.25643557,0.01126488,0.19132312,0.81436306,0.78163654,0.6002368,0.057366848,1.1832047,0.541436,0.27089798,0.15333728,1.5266873,0.20078528,0.009434267,0.7858267,0.5382961,0.5864227,0.12952521,0.33592278,0.27711308,2.708361,2.8705459,0.37006703,1.1466552,0.0,0.028366804,0.90415704,1.5655161,0.9105752,0.08012514,0.5592693,0.069488205,0.00022108357,0.18462785,0.5852608,0.242459,0.13051929,2.1384442,0.54905456,0.0834666,0.56661564,0.40110084,0.44794947,0.7876377,0.10533778,0.17547941,0.8740041,0.23880243,0.9631493,0.37388673,0.5217256,0.066112466,0.034599245,1.8897979,0.23251535,0.4022712,0.064127326,1.249382,0.19281268,2.0787282,1.649281,2.230351,0.23637491,0.8990869,2.0691462,0.59202117,0.010181739,0.30124795,0.39505118,0.0012108142,0.044927776,0.0754555,1.9972861,0.59303725,0.33041155,1.5348399,1.026231,0.04189215,0.48322952,0.074654326,0.22707106,0.8744684,0.19208328,0.035425324,0.13796888,0.11410065,0.7716065,1.4772671,0.3273464,0.043413963,0.72849363,2.006819,0.63022393,0.46545625,0.6927993,0.33640572,0.93272346,1.5541481,0.97851944,0.61376345,0.06298316,1.3953003,0.17039002,0.0142554995,0.0,0.24767458,2.651529,0.27785173,0.05400744,0.57503796,0.33690006,0.493558,0.13724022,0.0021546385,0.66112036,0.4652886,0.18479487,0.11897626,1.8066231,2.098957,0.29982752,0.028738135,0.07152185,1.7105597,0.2743055,0.32627714,0.0,0.0,0.707326,0.100316584,0.31628925,0.38338274,0.17149335,0.27639744,0.20789719,0.07916183,0.19905414,0.114365645,2.0310233,1.4413676,0.1760038,0.4238657,5.2099385,0.03165515,0.7625058,0.7104757,1.3066231,0.19982977,0.35433522,all_pothole_images\pothole_images_enhanced_c0155db3391e75f9114365477a4b0dcc.jpg
0.11979292,0.9195377,0.18452303,1.1613674,1.3178619,0.110126406,0.32698718,0.05072382,0.08888799,0.6566518,0.24475718,0.10112966,0.23052561,1.927293,0.21607484,0.6381873,0.021867486,0.108010195,0.33532014,0.37933287,0.63252,1.4449815,1.069758,2.163481,1.6341019,0.90185815,0.49733976,2.1928568,0.6852906,0.30821002,0.8682155,0.2912724,1.0088191,0.43895167,0.9057289,0.09086316,1.2684174,1.206788,0.054307427,0.08894278,0.39311945,0.19406462,0.82201904,2.2229297,0.379906,0.36782315,0.038931064,0.14231156,0.104361326,0.16900297,0.9565237,0.23084918,0.89240956,0.51829964,0.11735307,0.44724086,3.5643628,0.003242821,0.4071353,0.26153988,1.2352316,0.82915777,1.8971567,0.4411863,0.85868984,0.85726225,0.30566773,0.049900725,0.15570681,0.15599369,0.6287551,0.36133283,0.128023,0.62673396,0.74762267,2.107641,0.05403095,0.46963274,0.008313402,0.27793342,0.13659278,0.801753,0.060219686,2.1803877,0.18469931,1.300005,0.13959715,0.0,3.6995435,0.08561,0.22363228,0.19109835,0.01648273,0.42110628,0.06527374,0.0,0.46244243,0.3168713,0.1518299,1.2773236,0.05482152,2.423271,0.08407492,0.0017313481,0.630695,0.49141264,0.3126335,0.6560232,0.0069270064,0.53183067,0.2753374,1.3562299,1.1931988,0.1832821,0.90602547,1.1280576,2.5813959,1.1711724,1.8374618,1.2032685,2.5603738,0.5148307,1.346258,1.2268366,0.6940796,0.68171185,0.14654393,1.333839,1.5872189,0.4324887,1.0115248,0.046086185,0.6561993,0.4490182,0.02116031,1.3705902,0.37200007,0.8765077,1.2281797,0.49537104,0.3109565,1.0515245,0.058748458,0.89987475,0.62703586,0.7739221,0.17405264,0.5286951,0.8493356,0.46839997,0.36166003,0.37824997,0.22324215,0.32144126,1.3963492,0.7278705,0.5817261,0.67569107,0.23202938,0.30517673,3.0942805,0.5368021,0.11436902,3.7484787,0.118264645,0.81530714,0.26402843,0.65208584,1.5709459,0.2960717,0.21422423,0.4152431,0.008392827,0.7987015,0.41127566,0.074433856,1.6052436,0.22878172,0.04119354,0.0038894475,0.31866375,2.226353,2.070413,1.6330105,2.5671036,0.47737354,0.33347955,0.25590748,0.23151603,0.25923544,0.33080423,0.8341024,0.034273393,3.997741,0.1202779,1.6491076,0.946458,0.5997937,0.74260837,0.8772322,0.4689024,1.1387758,1.2318453,0.8223283,1.3583614,0.2615704,0.32493535,0.26052052,0.45626056,0.16270384,0.5819335,0.33690438,0.24053383,0.48547447,1.9092743,1.2420919,0.73087764,0.1371507,2.4157794,0.18150161,0.83108085,0.0041589853,0.15369494,0.111882016,0.20987365,0.5853393,2.3513908,0.6855436,1.5017956,0.42318958,0.15217718,0.32874033,1.2405344,0.10871741,1.0782608,0.08480969,2.308653,0.15257771,0.06424346,0.43057546,0.54431325,0.040138274,1.3199412,0.9434075,0.121768154,0.0017746841,0.81399906,0.8028616,0.48283428,3.1429327,1.087738,0.01710709,0.79623705,0.24253222,0.1548328,0.31052214,0.3589859,0.20268017,0.84460586,2.1607738,0.1760265,0.8554147,0.6379497,0.6013744,0.56527036,1.1277976,0.37120062,0.29979783,0.7651877,0.9800927,0.081100926,0.0038023407,0.5149725,0.04615186,0.47113973,1.0981277,1.2032915,1.3947436,0.9147083,1.2606231,0.023779944,0.55817974,0.4388774,1.085308,0.83743274,0.5096841,0.43533596,1.7284846,1.8419151,0.14819694,0.7596152,0.43465042,0.20950256,0.4471226,0.26187304,0.12282214,0.077868916,0.20035836,0.182654,0.5000698,0.77283275,0.92094207,0.24727727,0.10922941,6.653192,0.27756703,0.44897568,0.09804441,0.2588396,0.37853637,0.3136512,1.414983,3.4574153,1.6028972,0.05949065,0.6865256,0.0,0.72430986,1.6873382,0.77390754,0.15158935,0.65981376,0.12347455,0.18172158,1.0479182,0.22765864,1.5699631,0.5803043,0.010154167,0.8758508,2.6079392,0.05554486,0.0,0.5042578,0.20299964,0.66500115,1.0387028,0.72362727,0.3960744,0.026030384,0.17120895,1.1422949,2.0626678,0.056856066,0.42456988,0.0004157088,0.30207068,0.23346691,1.1279601,0.9098643,0.123284064,0.5439011,0.27277315,0.16816743,0.12232528,0.057431538,0.07467029,1.0529019,0.1895187,0.5732542,0.1449327,0.019872088,0.8098755,0.83736074,0.004808063,0.36011478,0.924731,2.2590468,0.053999003,0.75366724,1.7764366,0.40989953,0.09729646,0.17187843,1.1823034,0.2626215,0.026872167,0.13107784,0.256553,1.3023145,0.40380377,0.025413124,0.12541422,1.0122998,3.981879,1.6990525,1.7541143,0.028772144,0.01250684,0.7984576,0.6970515,1.2689338,0.28070682,0.08781063,0.35409117,0.032627445,1.5999802,0.47985458,0.6363904,0.097556345,3.2535975,1.1892649,0.5067029,1.4196233,0.049303096,0.24025758,0.5455807,0.0622991,0.42109403,0.047237925,0.39454347,0.08154321,0.32644516,0.12386236,0.07198907,0.8850525,0.59783,0.84416175,0.18117869,0.035095315,1.2349939,0.69795895,0.8093274,1.2629446,1.7793325,1.5382026,0.61790717,1.9317167,0.8232459,0.8017296,0.5227319,0.29106694,0.05320888,0.4547169,0.36108804,4.1182685,0.81785053,1.0763185,0.110524446,0.8206056,1.2704968,0.6927122,0.32425898,0.26316965,0.005046267,0.68575364,1.1361953,0.6341097,0.51634586,0.19598384,0.6591743,0.7523824,0.33703464,0.23872192,0.6012862,0.20454058,1.3970501,0.3123591,0.09052509,1.2669153,0.68329036,0.10523459,1.3226981,0.17640024,0.31838432,0.28747118,0.49417788,0.03125647,1.6227092,1.4292564,0.33482656,0.74726033,0.29987493,0.72009814,0.3836602,0.11509301,1.0194774,1.4476916,1.2432847,0.0,0.29280245,4.7593226,0.8215241,0.9338265,0.0,0.6287385,1.0536505,0.59560937,0.9491521,0.080587395,0.1598982,0.7124853,0.0013425894,0.24638443,0.15833743,0.010113827,0.3308853,0.0028785518,0.3170867,0.024702564,0.9411457,4.7594814,1.9198354,0.99037737,0.4810355,0.27206704,0.063883945,0.8545543,0.1805191,0.4267287,0.75454307,0.39011678,all_pothole_images\pothole_images_enhanced_c016c36fa2108b8f57d3e8dec8cc78ea.jpg
0.035494197,0.7030826,0.1601206,1.9549177,1.3250407,0.61681545,0.7392499,0.108612396,0.20089686,0.6694108,1.2413957,0.9746641,0.5173681,2.2747188,0.1013964,0.19615689,0.8948036,0.036178336,2.373327,0.06540805,1.1080998,0.552058,0.19063653,0.801628,0.669243,0.32481,1.1749009,3.9221995,1.2115324,0.48350126,0.51363283,0.97350425,0.39584574,0.033173654,0.35887563,2.5666254,0.2060525,1.4338605,0.47675774,0.28398508,0.3027751,0.021070268,0.47286612,3.2585523,0.6043984,0.009714959,0.53013694,0.8663209,0.5581755,1.9364681,0.46053505,0.35614625,0.7316124,0.09161396,0.5404005,0.5911664,0.9260474,0.19535936,0.1383641,0.58202595,1.0413584,0.013306924,0.73356473,0.26333153,2.4751544,1.7167028,1.5963119,0.20637146,0.0,0.2543098,0.11854594,0.4120713,0.1245974,0.0639383,1.2590808,0.008733868,0.040602095,0.7696847,0.37874025,0.68408585,0.52891564,0.9303679,0.19042836,1.7621615,0.25276557,0.49776122,0.3590727,0.012620851,0.9161548,0.21651325,0.69929534,0.32466117,0.15107743,0.03536868,0.045355894,0.3630425,0.41420037,2.1643996,0.3491141,0.3990859,0.13485731,2.5457072,0.01577171,0.0,1.69972,0.029818248,0.04358139,0.07819462,0.14621031,0.18649802,0.12787186,0.9360767,0.13061592,0.24410972,0.3291967,0.045883685,2.433963,0.007895348,1.9091766,2.3980737,1.9116517,0.43981645,0.7843094,1.0087171,0.10458937,1.611365,0.010213236,1.4306846,2.501398,0.29913816,0.0085438825,0.16434978,0.8858458,0.5073893,0.18137248,0.2915589,0.62874144,0.7949043,0.65160024,0.44956797,1.2217859,0.019070938,0.9495525,0.011367369,0.642115,1.5290961,0.23863438,0.27580664,0.029582424,0.1823973,0.41533914,2.1691284,0.025388854,0.0066770515,0.47285795,0.4420914,0.10340055,0.024087604,0.64706033,0.4609544,0.4039274,0.22362876,0.40981698,1.3503847,0.035756886,0.010542585,0.9230039,0.14375861,0.48308122,3.807127,0.0,0.022207184,0.027545772,0.4437821,0.0,0.45642552,0.33927622,0.10379811,0.23110773,0.2819089,0.043792933,0.6811079,2.7503042,0.9924399,2.2076747,0.40056613,0.23669282,0.5878764,2.1314375,0.30655313,0.06314344,0.8201383,0.51861835,0.1331847,0.75067323,1.2065026,0.9078828,0.10822627,0.8201247,0.031586874,0.26122677,1.121233,0.43394673,0.28427842,0.67335314,0.24182244,0.28751603,0.43101916,1.0267646,0.51316285,0.47983614,0.24997063,0.3604831,0.3754835,2.0383637,2.5456347,0.2822451,0.564175,2.2514791,0.15216665,0.32012403,0.10372617,0.30201942,0.7494076,0.08234191,0.21511513,0.90896,2.1593854,2.3085616,1.4165727,0.08313785,0.02551781,1.2818933,0.78749955,0.46868375,1.1428384,1.4109322,0.022433845,0.05433713,0.32940057,0.12434473,0.31018972,0.6385099,0.61407197,0.5565041,0.011335007,0.6012404,0.27971077,0.15868397,2.9917154,1.3456125,0.79352957,0.19433928,0.5031879,0.77145934,0.6281412,0.8187833,0.26136371,0.0,2.376042,1.2249248,0.42914283,0.26472473,0.99576074,0.73487884,0.79514474,0.0156002585,0.64636165,2.9879823,0.38556382,0.0,0.17222197,1.7655938,0.49760693,0.72003835,0.22124583,0.0,0.87340146,0.55782664,0.41985086,0.8797936,0.94525945,0.57114303,1.0691186,0.7328022,0.6250318,2.2896285,0.7911724,1.6306541,0.16416468,0.02717562,0.17841522,0.20070651,0.40784118,0.13569896,0.26984304,0.16556308,0.08507779,0.38195077,0.64416575,0.91572076,1.7171297,0.035069656,0.03619058,8.29251,0.11952026,0.10188651,0.011067126,0.07096945,0.6021794,0.2994211,0.8496195,3.134302,1.3621432,0.17188233,1.8520372,0.16427562,0.9426762,1.0403559,0.25696722,0.09111401,0.0026243431,0.5454203,0.57347816,1.0307845,1.0806088,1.225973,0.0061326823,0.09033345,0.053404324,3.773269,1.3130046,0.0,0.001308013,0.033011414,0.28323665,1.3624392,0.8565466,1.7890923,0.0014862295,0.13528952,0.25390765,1.9146194,1.0391213,1.3047806,0.7013932,0.10907139,0.1223118,1.3336507,0.2813849,0.71943897,0.1865784,0.2247445,0.15645844,0.27477705,0.035914827,0.0,0.4542891,0.67539823,1.0121824,0.25290436,0.16710585,0.33398327,0.10685356,0.3781718,0.0,0.43321565,0.5568822,0.20652567,0.08934762,0.16847754,0.09880202,1.1139116,0.17744328,0.5512827,0.0078123,0.0038696325,0.0,0.71108633,0.33516794,0.30309832,1.0300101,0.3734508,0.29675668,2.050382,0.9198812,1.193044,0.41361862,0.43623734,0.26551896,1.4350494,0.00015278434,0.5647615,0.18153197,0.19926372,0.02362462,1.2842658,0.3114688,0.05661687,0.03604916,1.1162971,0.77567124,0.18245217,0.35945955,0.64885706,1.005318,0.2636068,0.40350023,1.1222898,0.105856426,1.696721,0.47706354,0.09616207,0.6362121,0.18546626,0.69605035,0.13551393,0.45330825,0.01087597,0.0032397253,1.7023572,0.46134815,0.018704006,0.9022447,3.0699117,0.47448862,1.2134252,2.2823558,0.026131142,0.0864013,0.5523397,0.55633503,0.41524822,0.26447657,0.74161536,1.4426534,0.0038321838,0.33774325,0.002055721,0.5212079,1.3689464,0.27318597,0.057543695,0.0,0.8075591,0.34890193,1.8935786,1.1816062,0.09035671,0.7252386,2.6240752,0.62520546,0.47069454,0.5357188,0.108612016,1.0318831,0.1562194,0.40689176,0.75172985,0.90475315,2.218541,0.87782556,0.87020576,0.044870663,0.2394576,0.0,0.45135763,0.00043998993,2.4452891,1.2370431,0.1321861,0.0,0.13745832,0.2520523,1.1490753,0.0,0.31636155,3.5046132,0.1882925,0.0149024865,0.0,2.447106,0.4064418,0.32777646,0.11837052,0.0,0.32962844,0.008614293,0.4203605,0.107998796,0.33428517,0.81915754,0.28768325,0.051740345,0.007745894,0.44268277,0.36709198,0.17380221,1.0637234,0.3120048,0.018849744,4.2400103,0.4049949,0.13801119,1.3908122,1.085635,0.49397075,0.8345999,0.374793,0.14565472,0.065766566,0.14709914,all_pothole_images\pothole_images_enhanced_c01d4231274d988528f0ebb157f3de5f.jpg
1.3218462,0.21334267,0.038186543,3.1901855,2.6981277,0.13230222,0.73058426,0.29494187,0.05946066,1.3296732,0.85075235,0.4407841,0.044227872,2.5336893,0.026661659,0.073104635,0.22765703,0.91388124,2.0500906,0.13622344,0.75354064,0.7050388,0.32925865,0.38636404,1.9641317,0.0758509,0.3389469,2.168873,0.018059675,0.16120644,0.25234342,0.35316622,0.0028994016,0.11851389,0.20501825,2.6253157,0.8223137,0.24241197,0.9462217,0.10582282,0.046138413,0.27834773,0.21228781,0.77160215,0.26520678,0.3363128,0.5118159,0.13413903,0.55463916,0.6164796,0.63344914,0.633263,0.5942829,0.1546769,0.59298325,1.2245994,2.3056073,0.9156754,0.21916957,0.16139248,0.6149656,0.20286462,0.37512526,0.44663823,1.6649319,1.4248531,0.7596454,0.006700846,0.50013936,0.32940876,0.509285,0.0073799295,0.7909681,1.2409014,0.6295832,0.11666477,0.14425567,0.46272284,0.63498306,0.76866925,0.0,0.49005577,0.066903256,2.5458972,0.09298165,0.434217,0.41753262,0.1889838,0.30468094,0.3740925,0.3332648,0.0,0.920632,0.12300385,0.033507608,0.03928644,0.09485186,0.8854015,0.17039554,1.2572628,1.4148948,2.5359902,0.20856585,0.0,0.41239166,0.13250665,0.2758719,0.5550033,0.64470226,0.22144555,0.011221375,0.842113,1.0704683,0.15400584,1.4158396,0.72968477,0.040094886,0.39752024,1.660919,0.75323594,2.1180668,0.116900384,1.0281347,0.5277067,1.1856259,2.4509566,1.343531,1.0158187,0.20305336,1.7503786,0.34455615,0.07196679,0.28960162,0.25194567,1.326527,1.0683203,1.2232131,0.82339025,0.14866182,0.06618235,1.1260368,0.096288554,0.2941782,0.33869645,0.19122759,1.7944379,0.33960676,0.329529,0.07027567,0.05343703,0.6669762,1.4783732,0.52211744,0.2867458,1.6839794,1.6701055,1.0995811,1.1312745,0.4312517,1.195097,0.79724586,0.80488896,0.58280957,2.1188943,1.3096076,1.3721471,1.2320057,0.2655072,1.1069182,3.485939,0.32379737,0.14268972,0.4016915,1.8321173,0.105899416,0.38420072,0.29189116,0.02417156,0.16240178,0.009155342,0.08808272,2.0460098,0.13720843,0.47850946,1.0007409,0.35163715,0.249089,0.7987835,0.36738357,0.4285445,0.41780314,0.18285213,0.38831356,0.2033611,1.4563061,1.0671507,1.6915015,0.056269176,0.53955007,2.254152,1.0158712,0.38396075,0.8587358,0.0395329,0.17650273,0.044644088,0.26556084,0.6790132,0.9730968,1.1443089,0.22102255,0.17475869,1.0036243,0.70150423,3.7940218,1.686879,0.14199392,0.6756131,1.2725599,0.6071117,1.147043,0.35623744,0.5609615,0.5523942,0.029180892,0.24369788,1.0477209,0.52469325,3.1824288,0.23261376,0.01085097,0.17993492,2.0683382,0.073355384,1.2158185,0.10793466,1.9601957,0.0012505404,0.63005465,0.2873815,0.19877517,0.20956297,1.3562806,0.69948757,0.62436324,0.0049016187,0.80298704,0.38341337,0.35319746,6.321,0.16029735,0.41962656,0.021765757,0.7959162,0.08815822,0.05820028,0.54397136,1.8044536,0.93833643,3.5435257,1.2037189,0.5325406,1.2467872,0.09422399,0.013506659,0.114418074,3.0726175,0.07745995,4.9929338,0.001515269,0.60711807,0.5952815,1.9236959,0.046816383,0.21714248,1.6210766,0.0808522,0.382418,0.20327283,1.7775161,2.1180851,0.46295857,1.8596036,0.13681707,0.059363484,2.0603526,0.88130593,0.48508203,1.121488,1.1815569,0.013349023,0.0828016,0.018037573,0.9562222,0.4249147,1.5976484,0.4795586,0.4447467,0.2451399,2.7506046,2.3287117,0.021201747,0.27072406,0.15111446,5.3363957,0.14950065,1.899613,0.6327966,1.0288393,0.6759249,1.0293828,0.2997733,1.8613005,0.36069325,2.5102134,0.23316519,0.057496615,2.097857,4.059624,0.51063174,0.106221244,0.04116858,0.84187174,1.9022559,0.28643435,1.3404332,0.17345199,0.09561561,0.4874845,0.042871922,1.0894412,0.61558306,1.0408227,0.81244624,0.00042833193,0.18263729,2.1758435,0.0745456,0.70375454,0.83502334,0.38176358,0.012094132,2.1134565,0.976724,0.33841097,1.3762481,0.13045034,0.5831544,1.2735181,0.060771823,0.14518185,0.0070982734,0.17494495,1.7786843,0.33745387,0.003266897,0.5048036,2.1411452,2.3770697,1.6706566,0.0010671134,2.8527572,2.160199,0.8731502,0.05044626,0.0,1.3309702,0.33403593,0.00042375017,0.42665964,2.5008173,0.047557235,0.40799803,0.07780622,0.0,0.092242174,0.7782354,0.016138155,2.150445,0.20594499,1.479589,0.39627385,0.42644468,0.4843998,1.6560725,2.0567331,1.6937416,0.108588964,0.29060736,0.9472221,1.4017742,0.4472253,0.411541,0.4629742,0.65384674,0.38109058,0.5793169,0.11707237,0.7432711,0.7120083,1.0884274,1.0816841,0.94361377,1.0700668,1.1097575,0.26304516,2.1100621,0.61075807,0.8447223,0.17334779,1.9471066,0.034264747,0.20672467,0.41029918,0.33032733,0.37468722,0.008253621,0.4437453,1.9090704,0.005828683,2.0891967,1.1296524,0.25047415,0.02208685,1.0956997,1.1357483,1.0392259,0.7014976,0.76025313,1.5199587,0.9240211,0.34703496,1.6658245,1.0407559,1.8204066,1.2739685,0.0077758636,0.46086302,0.031331874,0.22335847,0.5203222,1.0420829,0.048177797,0.16550365,0.19895321,0.24751703,0.8471734,0.5640958,0.44498956,1.268634,3.7211938,0.36732942,0.9451356,0.0,0.8928059,0.79938036,0.3174567,0.33841076,0.42910627,0.8246287,3.3785384,0.014913655,2.0530257,0.20826343,0.74369276,0.075020246,0.6221877,0.0,0.9725162,1.5333868,1.3351527,1.1461244,0.0,1.45289,1.6347901,0.23030946,0.92535836,0.8350249,0.29201117,0.11983269,0.026332613,2.0999985,1.0165936,0.29073083,0.34310386,0.45703676,0.052977853,0.0,1.5225431,0.14227721,0.5579974,1.3637328,0.54672456,0.023302922,0.6531436,1.2339448,0.31660914,1.0044104,0.32597822,0.70609635,1.6874859,4.0645547,0.58548594,0.58232194,0.45594677,0.78017676,0.96194786,1.1295546,0.039719295,0.3815707,0.10516399,0.09909986,all_pothole_images\pothole_images_enhanced_c0a55327d97c53a6cbdf62a95c27119a.jpg
0.20057184,1.4957505,1.4468181,0.8858262,1.1813046,0.0013899248,1.9079362,1.0121515,1.284771,0.2799867,0.38345033,0.3181374,0.81487095,2.616435,0.13538168,1.1168765,0.57540464,0.17819887,0.64443487,0.36675063,0.4743691,0.75840276,0.9630015,2.733301,0.37340328,0.8241809,0.15631752,2.02724,0.024730079,0.028973892,1.1178657,0.42122707,2.6822581,0.0784684,0.40005797,1.0358227,0.5612005,0.8516193,0.49695227,0.3357699,0.13783884,0.27109072,0.4583564,0.5927624,0.75838375,0.23651297,0.33334595,1.1904948,0.044688318,0.5275984,0.84008276,0.01933913,1.3455459,0.6600873,0.24235947,1.2866594,1.9667071,0.24297462,1.34694,0.9254773,0.867639,0.31244254,1.0381489,2.306083,0.4527499,0.59965813,0.2696841,0.040004157,0.3719282,0.9108743,0.86082923,1.1790783,0.65696985,0.049973045,1.3081017,0.43661562,0.63186896,0.7793578,0.34129664,0.36073798,0.26168498,1.1307379,0.21231519,1.9792681,0.67105716,0.9767213,0.55168194,0.6949321,1.6205552,0.5218744,0.14083788,0.69890237,0.85347986,0.20606944,1.5580801,0.5327023,0.0,1.2743944,0.64149505,0.84707665,1.2499459,1.481158,1.1496782,1.4674643,1.4028693,0.45756993,0.20068698,0.3601808,0.007350118,2.0212162,1.7104067,0.28869137,1.0416566,0.28551534,0.46655706,1.1414784,1.5287653,0.17741212,1.1717622,0.35427937,0.91825545,0.024671217,0.7809106,0.70867157,0.9102188,0.33267388,0.70963156,1.8008603,0.05137431,0.6748811,1.8131222,1.2421392,0.23381083,0.61992717,0.24652782,0.8242329,0.9670162,0.73854995,0.33898646,0.96281,0.18728447,0.31170934,0.7228298,2.2260776,1.3499372,1.4187385,1.6018351,0.5220721,1.7323443,0.32171685,0.76771015,0.7652784,0.041348826,0.62414813,0.3652783,0.30749938,0.80122125,0.69205326,1.008267,1.7117953,0.37616673,1.2369171,0.18469825,0.36641443,0.4731126,1.4958166,1.5283831,0.55830216,1.8941462,0.5065143,0.10135641,0.5016323,0.6103649,2.2289143,0.41287428,0.93211704,1.3357831,0.16589005,0.053342875,0.009699005,0.11102328,1.556783,0.4351469,0.7498301,0.5049507,0.9157451,0.20155312,0.8744073,0.19027215,0.618146,0.8821741,0.4073539,1.1297504,0.4737091,0.48928672,0.33201915,0.6097412,0.4122762,0.4027953,0.16499363,0.18333708,0.39801368,0.13964824,0.13379022,0.5983951,1.3721752,0.8083497,0.44378945,1.2067178,1.7479907,1.241014,0.562322,1.2837033,1.7868991,0.51167095,0.19181041,0.3682165,0.48490882,2.0112777,0.32099187,2.123331,0.44426656,1.4031985,0.87347716,0.0,0.19980052,1.0041165,0.11657214,1.4998063,0.27930677,0.9823207,2.1013384,0.7057344,0.116728164,0.42172348,0.6561661,1.2627879,0.9385412,0.556737,0.518067,0.20616986,0.14714307,1.2577064,0.6281383,0.27991924,0.06003727,0.40677044,0.97715616,0.5446534,1.8350612,3.343514,0.17698967,0.07682335,0.28441316,0.3057654,0.16382243,1.1268119,0.0016803639,1.2579478,2.8148336,0.71226704,2.6734588,0.64531785,0.087886654,0.3432788,1.0532385,0.2714143,0.269215,4.3794374,1.4339144,0.74973476,1.3554536,0.21164384,0.03428549,0.5567655,1.2942775,0.6015348,1.2452714,1.6692207,0.13388659,0.94225705,0.2553366,0.26418054,1.211115,0.28422493,1.9438881,0.59274036,1.160531,1.2747889,0.3107593,0.38621348,0.5918798,0.18139803,1.6482905,0.3231995,1.0829791,0.42126235,0.5043102,0.35134575,1.1011765,0.8508157,1.0392549,0.36368147,0.04892934,2.2193522,0.049361296,1.1331638,0.06305974,1.2238355,0.37626392,0.5069007,0.3636779,2.7896323,1.2496727,0.28377715,0.2285301,0.11053017,1.1329697,1.9143125,0.43291512,0.61357546,0.61506814,0.08015571,1.3441197,0.7811986,0.94258124,1.3154436,1.0676357,0.17514776,2.0630279,1.1452553,0.30509445,0.060572345,1.582906,0.327947,0.40922788,2.0321643,1.4220669,0.44540232,0.0,0.1273347,1.3929175,2.0744386,0.92929536,0.896375,0.35437077,0.06480869,0.07796623,0.75852895,0.43686754,0.72336143,0.981654,1.4050231,1.2967016,1.6573334,0.14928877,1.5814595,0.83246315,1.1868596,0.12191237,0.273349,0.33405817,0.13560383,0.394711,0.48084086,0.27244207,0.89170885,2.0473871,0.63250285,1.1322293,0.56768006,0.14879036,0.7578159,1.2888726,0.37357578,0.6258802,0.21185526,1.0528636,0.9125441,1.7775642,0.71442544,0.39130357,1.7059903,0.05078572,1.8774832,0.03351442,3.7658877,0.02374685,0.38154373,1.0335587,0.02033936,0.9676805,0.0,1.0718533,0.0,3.4642196,1.0210137,0.20957878,0.9348821,1.6853765,0.29214126,0.09273125,1.5703013,0.19117779,0.54676235,0.041042026,0.28874302,0.6659994,0.5707464,0.69329894,0.7592186,0.53016466,0.10855322,0.9784682,0.9997638,1.0501143,1.1554809,1.3243754,0.47362283,1.1172847,0.60469574,1.0437499,0.10735354,1.0798221,0.7653094,1.6756787,1.1269642,0.91666347,1.2085177,0.46395746,1.32974,0.41612592,0.28575212,0.5352939,0.5421314,0.86288357,1.3916539,1.4786824,0.04405208,1.0566988,1.519445,0.60448086,0.014563138,0.20485449,0.09802988,0.34098667,0.6905697,1.1716406,1.6791815,0.7058551,1.7491015,0.6845312,2.1660738,0.15361686,0.40318552,0.62762016,2.052821,1.9283519,0.27439925,0.52599734,1.529357,1.5936706,0.42135698,0.21601011,0.57955426,0.071958676,0.058218382,0.50268257,1.4473435,0.65868986,1.5104202,1.3694249,0.24918564,0.18615858,0.111420475,0.5623786,0.23056644,0.13178879,1.9378582,0.33230075,0.68605345,0.09624424,3.499907,1.274573,0.46847284,1.3926033,1.5535692,0.9205554,0.58337605,0.36869213,0.06857454,0.4300649,0.27980962,0.3439727,1.1808723,0.553419,0.37197322,0.76116085,0.013800484,0.0,0.955397,2.93397,0.20737948,1.269545,0.04584341,0.9774735,1.446812,0.05141778,0.5241346,2.2852345,0.72490615,0.11525797,all_pothole_images\pothole_images_enhanced_c0a6111e2fa7a395ba0484ef19876e0f.jpg
1.1149106,2.033661,0.642702,0.91084474,0.4262247,0.38309035,0.16001424,0.17738716,0.22153342,0.20673253,0.22018795,1.2435681,1.2572972,1.8358593,0.20576859,0.060216308,0.8510128,0.07210909,0.19833094,0.3425846,1.0135912,2.15257,0.21211207,1.4447659,0.23795167,0.10693839,0.4664345,0.900627,0.6983795,1.3937918,2.074087,0.11728933,0.84398043,0.99963725,0.41199195,0.46818054,0.68079,3.0022314,0.9348547,0.44852707,0.49415055,0.0,0.7032492,2.1224709,0.6528794,0.061784063,0.4875863,0.25567073,0.11083873,0.20526373,1.0981519,0.0,1.1867967,0.09988907,0.023863452,0.28691405,0.6431549,0.19889249,0.948687,0.023257064,0.011168049,0.007642655,1.2776715,0.3469581,0.22777647,0.5948721,0.33347332,0.86962515,0.63923234,0.4113565,0.5022442,1.2747104,0.19183111,0.21319866,0.4317763,0.018626837,0.15670662,1.2713933,0.0029757638,0.18956211,0.54748005,0.42538312,0.36596644,1.4468198,0.85565245,0.02511533,0.11977178,0.5608681,3.277098,0.021605447,0.30204955,0.40569827,0.040232085,0.91375124,0.29459113,0.7561245,1.0154033,0.26505047,0.82114244,0.8588033,0.3288994,1.998681,0.07757176,0.5292757,0.26810256,0.6922832,0.7622567,0.041333918,0.07452314,1.2442275,0.7526811,0.30438986,0.08200486,0.8113266,0.48934725,1.4758992,1.6805277,0.2265732,0.563048,0.23312058,1.0164068,0.61653227,0.47052795,0.40280065,0.20998263,0.49134508,0.32796758,0.016607227,1.421623,1.9479843,0.98865825,0.4484667,0.40231583,0.05085081,0.29991415,1.0377107,0.7001859,0.5892133,2.6536946,0.7335499,0.72037125,0.7130015,0.13573533,4.538133,1.5882198,1.104637,0.7473386,0.6198565,0.27224493,0.7959725,0.2373185,0.636219,0.43458417,0.19276962,0.13765731,1.0779228,0.4395624,0.0,0.62190753,0.60505015,1.7601964,1.2834046,0.07224714,1.5595236,0.5171846,0.0017898353,0.19258207,1.6394008,0.7123053,0.35630932,0.0,0.13707453,0.70264316,0.37961698,0.4536361,0.083918326,2.0728805,0.05642264,0.021980718,0.71107763,0.9215012,0.85523057,0.8016012,0.49294102,1.0823301,0.14487505,0.050323285,0.30614865,0.08598166,0.06680526,0.55461407,0.48558494,0.8281925,0.64419156,0.07245259,0.22326382,0.11926098,0.061912235,0.46480426,0.51728433,0.38462055,0.075289354,1.2818575,0.5769064,1.100581,1.6544948,0.9850373,0.49998182,0.57402295,0.0018957005,0.056486838,0.017062131,1.0753074,0.32348683,1.0157256,0.1295961,0.7775936,0.64768386,0.4638264,0.0025604349,2.181784,0.40461037,1.2790017,0.24673323,0.024729013,1.008144,0.9625361,0.7053252,0.24549137,0.19572666,0.18363103,0.22343059,0.37292314,0.8362654,0.14612623,0.25016797,1.6616187,1.7974454,0.05693469,0.19149983,0.17984456,0.07636814,0.6158868,0.60672534,0.41737217,0.33036765,1.5946404,0.26623234,0.37222436,3.2225266,2.1977901,0.40781483,0.4549196,0.6433498,0.0,0.69583213,1.5288011,0.50535303,0.59142864,2.0904744,2.6918843,1.7680385,0.26276758,0.06651988,0.730994,0.09763894,0.08238838,0.62328994,0.9057652,3.7794113,0.0,0.023190537,0.077345766,0.07356448,0.42695338,0.31936103,1.3274465,1.4657302,1.6108383,1.0697466,0.94897026,0.07501607,1.1612979,0.13582107,1.1622473,0.13884713,0.2645404,2.8878915,1.960897,0.1481061,0.049040176,0.13125144,0.93171954,0.16225867,0.90946424,0.7005896,0.5988365,0.95700866,0.593849,1.0558293,0.53482777,1.1901369,0.29980025,0.15893796,5.621303,0.006857652,0.5409663,0.7590048,0.69374603,0.065004334,0.292676,1.4785455,2.0127475,0.11985992,0.17030019,0.2659593,0.7494063,0.5644609,0.98937356,0.4184016,0.095731676,0.0247007,0.03490253,0.73671645,0.2381248,0.44682485,1.4342374,0.7768385,1.627945,1.3724866,2.8327208,0.72855747,0.22706294,0.52716833,0.96561974,0.35225722,1.853028,1.4737754,0.4370479,0.097832166,0.44557804,0.45110163,1.0822988,0.5531803,0.20326222,0.364913,0.11374404,0.49288905,2.0317214,1.1574788,0.34660712,1.3976964,0.010830583,0.37166813,0.30908304,0.09187191,0.9724823,0.19830132,0.2058503,0.16204646,0.13537578,0.55359197,0.11760856,0.16159761,0.19210777,0.01241864,1.6764371,1.2314699,0.48661754,0.28094906,1.2115155,1.279434,0.47674593,0.50613785,0.67616636,1.7863284,0.11560232,1.5654485,0.57867706,1.5240903,0.26227102,0.077043384,0.13526595,1.1110026,3.4560702,0.9274964,1.4389244,0.0038641533,0.04175584,1.5892994,0.56310993,0.630438,0.03849767,0.12992613,0.2932107,0.548309,0.8286559,0.0024236569,0.1876163,0.1437452,3.7957332,0.3313277,0.76014024,1.5118794,0.5969206,0.0157255,0.7889054,0.6357615,0.6448476,0.072653234,0.13732678,0.031994853,0.29088902,1.8266518,0.2246602,0.2861778,0.017980184,2.201077,0.10306921,0.503042,1.5890687,0.03756841,0.176786,0.9830259,0.53527355,1.1047103,0.41096637,1.8542343,0.0,1.378345,0.22159128,0.17040108,0.5843697,0.17327763,0.84338415,1.7919517,0.06600111,0.52695817,0.17515336,0.71626633,2.0989213,0.78026235,0.42255345,0.99355644,0.38903394,0.59983873,3.3705418,0.20357104,0.68949825,0.9949204,1.0677167,0.698984,0.8204031,0.814462,0.3862731,0.03147578,0.17887236,0.10732526,0.14281937,0.19100332,0.6477717,1.612754,0.24875546,0.0,0.91296846,0.55114436,0.075195186,0.6675495,0.17144299,1.1077334,0.052296463,1.2685341,2.34064,0.18761335,0.16172306,0.056528695,0.025713217,0.13622482,0.6253879,0.4265403,0.06566552,1.5786271,0.25151712,0.6679751,0.075160995,0.42942593,0.8041585,0.03904417,0.97221667,0.0,0.40934908,0.877385,0.15476163,0.57489187,0.23021859,0.8203713,0.9527532,0.047021043,0.0322726,0.12984209,1.2707512,2.6154878,0.17287765,0.62744,0.16819483,0.26782268,0.7453107,0.26163334,0.5685279,0.26635852,0.017115692,0.16006002,all_pothole_images\pothole_images_enhanced_c0ce935d0663ad95004695a7ba03844a.jpg
3.574525,0.4970608,0.73219454,1.3492416,1.1251589,0.7494905,0.9295729,0.0,0.8917529,1.1612478,0.016895693,0.22906548,0.038529746,0.9273369,1.0210929,0.87571645,0.82616657,0.27001166,0.7031559,0.23529123,1.5475657,3.2440317,0.168172,2.2389457,2.6603897,0.042360995,0.06352802,1.737793,0.69653106,0.3962469,0.24874079,0.34726742,1.7376899,0.6351835,0.11251711,5.597784,0.3411535,0.6753678,0.30550396,0.13931462,2.0014749,0.10250159,0.19057852,0.45261458,1.0171881,1.3898621,0.059215426,0.36989546,2.3349562,2.4205046,0.56261533,0.40521985,1.4960282,0.7903133,0.3209648,1.3833151,2.4939113,0.12284594,0.64604247,1.6474693,0.0,0.18781155,0.24115136,1.3564367,1.5290782,1.5063031,0.035401586,0.5699093,1.5102165,0.53161997,0.0,0.1483942,1.9525641,0.32626957,1.2930397,1.3886434,0.09732029,0.41819054,1.1256986,0.31708696,0.7261711,0.03478159,1.8205043,0.15400152,1.8647757,0.37254426,0.15822887,1.2519451,1.8923879,1.0000892,0.66057765,0.009279774,0.064162076,0.11724563,1.3618709,0.011122854,0.1492813,1.322791,1.7773011,0.26750708,0.10252839,2.1219475,1.5735669,0.13727336,0.11339462,0.15006453,0.39028755,1.6052501,0.60003215,0.80103767,0.021874184,3.5484264,3.093493,1.2585449,0.3173279,0.9904315,2.5931518,0.15480499,4.2854695,2.761956,3.1370223,1.6304972,0.093537174,0.750187,0.32132733,0.5077978,0.62852436,1.8393562,0.5489655,0.02162547,0.12374527,0.042921115,0.019383512,0.2067763,0.13124008,1.9851866,0.055449884,0.89721864,0.23301035,1.079968,0.014870085,0.16316792,0.049999356,1.0275732,0.90428215,0.11094076,0.021501439,0.4294724,1.6545975,0.45214444,1.2609645,0.2463047,0.41808796,0.17668872,2.2471037,0.4577759,0.045984186,1.1760155,2.9097364,0.08091111,0.5171076,0.51610214,0.010422927,2.0853748,0.09998759,1.4361695,0.025782198,0.119394824,1.7446307,1.2292137,0.26200432,0.0,0.35494223,0.4150803,2.2612085,0.16513923,0.60913837,0.0,0.2282018,0.023598786,0.013181572,1.3331807,0.8340358,1.5780532,1.4206655,1.9202815,0.8142772,2.7537794,1.4531322,1.8339345,0.25569686,0.15423128,0.09673287,0.48811102,1.256511,2.144493,0.25813523,1.5281506,0.869593,0.25158557,0.021303618,1.0690137,0.8262764,1.6965582,2.0083222,0.3446681,1.0284607,0.15498781,1.066521,0.31226152,0.050545152,0.14618316,0.7780535,1.690091,1.0605302,1.1407806,0.15274605,0.16542226,0.32040614,0.9168007,0.8341762,1.1780735,0.45180792,1.2045314,0.004358319,0.18198998,2.6523,0.06333433,0.9201658,0.00474232,0.39210945,0.017122574,1.1564317,1.1317948,1.0625508,0.07159383,1.9404795,0.0,0.12692223,0.0,0.4749595,1.750209,0.0016245733,0.02729193,0.092402935,0.20821896,0.9703494,0.72174484,0.18836088,3.593439,3.4066174,1.0452558,0.42118803,2.8359761,0.26635328,0.063927285,2.218149,1.1061049,0.7324856,2.8041854,0.041125257,0.032756686,0.7816242,1.9289811,2.1067038,0.534085,0.024952577,0.15854095,0.22835194,0.67524326,0.9405907,0.21876642,0.08935891,0.88574153,1.6199082,1.6052868,0.4855064,0.115533866,0.14390126,1.6553886,0.04115528,0.08247309,0.34934655,0.42042536,0.07256152,0.89059913,0.60937923,0.081199534,0.024948573,0.5648057,0.6817396,0.013419102,0.36930084,1.4770947,0.029648883,0.31602618,0.33604494,2.7732604,1.0484283,1.3839849,0.6754055,0.7708827,0.05763591,1.3844452,3.065968,1.2732733,0.00695212,0.71561825,1.0098156,0.08579072,0.89427733,0.33682975,2.4090977,4.0367084,0.08047676,1.8434016,0.072336264,1.0868578,2.6229684,0.31472662,0.43646845,0.1375985,0.5741451,0.15921569,0.35180193,0.5463426,0.45155716,0.00019927674,1.0773165,0.58700067,1.336367,1.5450934,0.0033112827,1.6624293,0.0508281,0.0,0.73313886,0.5337647,0.22505693,0.50044954,0.7131457,1.3965023,2.9741335,0.12217436,1.4580771,0.7814502,0.61275214,0.2513437,0.63173866,0.8242966,0.84793323,0.897739,0.08344943,1.0001416,2.202171,0.16456439,0.47591877,0.664122,2.0358388,1.5865343,0.12557575,1.3023583,0.8452322,0.33887994,0.0065521766,1.925372,0.87557566,0.0,0.0007291739,0.9532209,1.6416383,0.052005183,2.0858986,0.35800296,0.29283485,0.8344351,1.1027304,0.1281931,0.16553873,0.7393763,0.42087275,0.8848709,0.18034185,0.8937057,3.2525342,0.5907449,0.8540067,0.0,0.78976315,0.49078616,0.23428729,4.3991594,0.7061509,0.2793982,0.0,0.04435455,1.0550858,0.18855028,0.19085619,0.94654953,3.8155518,0.18782958,0.92630297,0.124524735,0.5283549,0.03683286,0.13734221,0.41789097,0.3671302,0.409574,0.8132312,0.34506178,0.23850365,1.4453682,0.9010802,0.92422485,1.5430313,0.10780651,2.6852894,1.4935089,3.353472,1.0047736,0.06279046,0.83422905,3.205103,0.079009846,0.53212744,1.6705395,0.9862736,3.577455,1.203705,0.04700502,1.0461208,1.2929265,0.08518939,3.963369,3.5955327,1.928864,0.034531947,2.2693176,0.3090231,0.26185858,0.016582362,1.8288244,0.70883214,0.010616621,0.6670067,0.25471926,0.3620991,1.2122997,1.6529248,1.4561741,0.2786202,1.2216858,1.918057,2.2443655,1.439744,1.4631034,0.3952653,1.4275805,1.8117982,1.8597938,2.6226006,0.5413974,2.088668,0.6587097,1.1035931,0.7284366,0.3742965,0.32138404,1.8057303,0.9927552,0.0,0.24742104,1.9046139,0.09979394,0.21553116,1.8246994,1.6291867,0.3914428,0.30562863,3.9830265,2.0939229,1.1449329,0.49931717,1.2108943,0.20659792,0.3049488,1.6773968,0.2618389,0.3404381,0.68314415,0.8414561,0.02470999,0.97051823,0.3846054,0.78133124,0.47280166,0.6765449,0.11288767,0.6906894,4.810751,1.0108714,0.0,2.7459984,1.5238695,0.060254466,1.0065018,1.3031466,0.052459214,1.8784763,0.8574415,all_pothole_images\pothole_images_enhanced_c10db8744a1c3b02ba9ff80ad4a90456.jpg
0.79967904,0.37745005,0.59557146,0.9960801,1.9615885,1.2871497,0.36342356,1.3480419,0.30077568,0.73815805,0.3864089,0.7212319,0.36095673,2.2217112,0.18469356,1.1623702,0.31876352,0.5628597,0.7382877,0.5943696,0.8792466,1.6050826,1.0420176,0.3446452,1.1393557,1.1562117,0.9431324,2.390505,2.161705,0.2767554,0.5583141,0.6900547,1.6807975,0.03129408,0.88057506,2.4200575,1.1865143,1.0618764,0.08882324,0.9977629,0.5366298,0.09524487,0.56383336,1.4219841,1.1164502,1.113303,0.25160846,0.12747109,0.29067332,2.0267344,1.3686777,0.73613715,1.1854858,0.8519468,0.36111695,1.0244535,2.1364863,0.7898805,0.75762385,1.0040562,1.7604691,1.5781637,0.7327855,0.37691483,1.0181432,1.1270721,0.54961264,0.87372994,0.76982474,0.57084346,0.7186926,0.75932896,0.7247495,0.5052471,1.909633,1.4314975,1.1605761,1.0570071,0.13917215,0.69404376,1.6819143,0.77334297,0.09739248,2.224793,1.6511003,0.46723595,0.787206,0.2348437,4.582839,0.64799666,0.15653081,2.533255,0.7107901,0.51212394,0.24359077,0.2739503,0.30284098,0.7840327,0.07582386,1.3274859,0.45839393,1.8773179,0.23611954,0.5549746,0.053997397,0.15233277,0.97319293,0.24282897,0.0827208,0.42004701,0.5868024,0.16980699,0.1998155,0.71487814,1.4110433,1.5959107,1.9224676,0.050742265,1.8748947,0.888544,0.7820758,1.4169145,0.71916384,0.95809716,0.7794264,2.3579342,0.443534,0.41620892,0.27816337,2.0019493,2.9091423,1.0756068,0.8030936,1.8685176,0.45448956,2.3017492,1.0763142,0.7297486,2.1630895,0.6461812,1.1145806,1.4363269,0.7056757,1.6332786,1.5954534,0.9393781,0.42174762,0.49633297,0.7452572,1.4428259,1.3623755,0.59921277,0.61602145,1.0303946,0.8568512,0.55854565,1.6019181,0.41251007,0.23683842,1.5248216,1.4100068,0.5320237,0.9224232,1.2191151,0.64381737,1.1340464,0.9275063,1.4256581,1.4465154,1.7032847,1.1750692,0.21262534,0.8938297,1.6854603,0.5879329,0.32905087,1.2321848,0.5039841,0.22075921,0.57803756,0.5475755,0.67950207,0.3207368,0.7300976,0.3256588,1.3383042,0.4168836,0.44868132,0.15346663,0.71395046,0.9557706,0.018179957,0.8216454,0.9992863,0.023319915,0.24368574,0.4856161,0.45139632,0.61236584,1.8175397,0.76957387,0.6464794,0.5984359,0.94385535,0.26493266,2.4461813,0.26166952,0.83784014,0.38579652,1.2600588,1.334362,0.6870603,2.1657257,1.1407822,1.2571528,1.5767598,0.9082977,0.38462463,2.3581786,0.9474308,2.7510605,0.94518447,0.09417096,0.92452955,0.17565805,0.5969233,0.276365,0.20664413,2.6418233,1.0979267,1.2025747,1.929654,0.49144638,0.54521775,0.7763472,1.3157058,0.7595683,1.3511059,0.027602762,0.45448005,0.8273522,0.15130262,0.8608758,1.1579932,0.10855765,0.21904267,0.41999117,1.4913177,0.6891719,4.2121725,1.19154,0.30102584,0.24243796,1.7270356,0.0872647,1.6641078,1.019224,0.43447813,1.9481975,2.9508529,0.96793723,2.3396866,0.45461252,0.08854562,0.8754121,0.8047958,0.38624766,0.33456445,0.30876946,1.720687,0.3968097,0.7508777,0.105303235,0.41796237,0.052067246,0.51225483,1.4119524,0.6277906,0.81372947,0.44312212,0.8552059,0.7127116,0.15069652,0.4198683,1.3882825,0.3289665,1.3104753,1.1576632,3.522789,0.9416051,0.553902,2.078581,0.14949931,0.15659711,0.03750203,1.5219362,1.1921208,0.49731228,0.011335387,1.3308301,0.74101925,0.78626716,1.039715,0.14665243,1.8129529,0.5346652,0.123646356,0.67527896,0.98790187,0.6307374,2.0040603,0.056076627,2.1871076,0.82306033,1.573876,0.46033368,0.17989267,0.1349439,1.9613177,0.9240873,0.18029909,1.3353271,0.10348721,1.6899348,1.1895071,1.9397511,1.4355023,0.54124177,0.8088987,1.4062704,1.9961773,1.0595435,0.88174886,1.5387173,1.6641408,1.2627121,1.2780001,0.75582033,0.27898565,0.7519489,0.27933335,0.8013112,1.5361512,0.47607663,0.9673074,0.27885243,0.680279,0.48979482,0.26867616,0.7810043,0.4094422,1.9041624,0.11569762,0.824452,0.8651597,0.9966566,1.2838949,1.5351585,1.4173818,1.2065607,0.7476604,0.7451638,0.472028,0.5795962,0.12082937,0.5487663,1.219169,1.7121564,0.71946204,0.4146076,2.0727093,1.1424977,0.95977205,1.7099001,0.5199219,0.96237797,0.183686,0.431528,0.76840746,0.17227332,0.3991593,0.25336543,1.056787,0.74095124,2.0420604,2.3055897,2.1474552,0.53135896,1.3141435,1.3772916,2.116311,0.23093496,1.9548779,0.6027518,0.25335407,0.0,0.70699644,0.16593291,1.3990753,0.23384815,1.4769506,1.0577313,0.02102971,1.5172212,1.0137485,0.25762048,0.11349859,0.705755,1.0715247,0.47820887,1.5005586,0.47287038,0.19283046,0.2796994,0.33087543,0.8230315,1.1975114,1.1742837,0.4841919,2.035335,2.0629241,0.36440027,1.2106885,1.2423266,1.6542015,0.734628,0.5715141,2.4715474,0.95118296,0.693029,2.3886485,1.2983501,1.0199775,1.1589983,2.0053048,1.7801021,1.5530579,2.1864562,0.43423796,0.10694393,1.3447343,0.38067734,0.4290536,0.42885223,0.18741773,1.638987,4.0205927,1.389762,1.2143079,1.0690767,0.8713573,0.9784915,1.491806,0.017161258,1.4965446,0.50756246,1.3071834,0.5412471,0.92200375,1.0403316,2.0435522,0.53049535,0.64050364,0.82390624,0.96203285,1.2234976,0.6726372,1.5269518,2.9664257,1.3664805,0.936556,1.0684519,0.51715857,0.5320011,0.23042996,0.7095241,0.037967652,0.44275245,2.326486,0.56660986,0.2088875,0.53918767,0.4057205,0.72162336,0.22225972,0.12694445,0.6544256,1.1571026,1.1747186,0.69006205,0.8748122,1.4124447,0.22973919,0.23627569,0.05896292,0.6649218,0.030310355,0.9080896,0.1747266,1.11061,1.4681972,4.1347623,0.074782655,0.82396734,0.93752825,0.015922839,0.41422477,0.7121733,0.18147528,0.23179767,0.38929278,0.27301022,all_pothole_images\pothole_images_enhanced_c11cf46e88c0d0778fa5ec0542819124.jpg
0.09199686,0.638938,0.37079564,1.3489162,0.23971036,0.07111147,0.9767945,1.012516,1.3890495,0.15100905,0.4485791,0.15234086,0.12211419,1.1500317,0.24277347,0.10929929,0.23663343,0.23927012,3.1616864,0.51533955,0.0,0.9184567,1.3260249,0.8160913,0.4113559,0.03380517,0.107552476,2.201121,0.45032755,0.02933018,0.32998663,0.20554806,1.5098965,0.2979223,0.06275158,1.0842766,0.12825398,1.0396907,1.4617366,0.08922327,0.12203064,0.7409971,0.17524084,0.62365896,0.0996853,0.7429991,0.3409691,0.25074765,0.03525997,0.45880452,0.0979023,0.5755909,0.08672757,0.081460394,0.61550784,0.1694738,1.2040554,0.16441919,0.4977468,0.2920272,0.15182804,0.20883149,1.0176231,0.030460592,0.90407485,1.0797457,0.9988585,0.0051525678,0.6769202,0.29518342,0.27729532,0.19810781,0.0,0.00014358971,0.13175291,0.0,0.36970985,0.49687785,0.591351,0.11598493,0.04038333,0.60023296,0.006037546,0.5660027,0.23873521,0.06427038,0.07620418,0.10378528,0.55477726,0.0672246,0.38021168,0.82647353,0.0,0.011054294,0.091069266,0.017043795,0.5586429,2.019937,0.31185365,0.07312809,0.3746706,1.6891103,0.45084208,0.3706021,2.3427465,0.96380347,0.67078,0.0114276325,0.0061191325,0.4992072,0.0017718297,0.13899276,0.42704296,1.289327,0.65920204,0.0013098575,0.6588572,0.27811277,0.86354584,0.3622144,2.8590906,0.12697788,0.3690061,0.7278657,0.31777382,0.49428952,0.21092866,0.33424288,0.4538471,0.17782164,0.23253667,0.9545554,0.36612085,0.70772326,0.25282115,0.2591641,0.24088258,0.4690508,0.031093184,0.12723172,0.7841937,0.002728942,0.026318409,0.24719591,0.2973371,0.7946778,0.18285932,1.5628921,0.11547057,0.44490063,0.50567317,0.83213043,0.016281167,0.33523613,1.5342535,0.10943298,0.31198242,0.10761262,0.44618893,0.31435183,0.85218203,1.2483146,0.06779403,0.9711718,0.16450348,0.003593174,2.6188815,0.088224985,0.56418496,1.3438715,0.1604421,0.0022055875,0.06052603,0.13440317,0.6280728,1.1450148,0.10416498,0.12105352,0.037200216,0.027235974,0.14795406,0.11612683,0.8082673,1.1716014,0.16505828,1.2184023,0.0037127673,0.5118523,0.10012135,0.23893441,0.31044164,0.11810133,0.28749686,1.982605,0.0,0.34817168,0.26516768,0.2932944,0.42692763,0.21211523,1.1271049,0.8291789,1.5676597,0.010872727,0.0035678665,0.4160954,0.5794789,0.0,0.6460134,1.2993315,0.080269575,0.5744462,1.7359245,0.056351412,1.8481367,1.7006408,0.9090048,0.30235416,0.8815583,0.046579383,1.4546882,0.39081028,0.0051847044,0.32613778,0.019329825,0.0,1.0091656,0.041636873,1.1228813,0.07942986,0.009891049,0.2642337,0.97699064,0.18967795,0.8865026,0.6587943,1.2001401,0.44685987,0.17961535,0.57203275,0.3151291,0.45430398,0.24064176,0.7804444,0.14532813,0.011319042,0.27942356,0.2904401,0.77453643,1.8274492,3.0986483,0.11888096,0.03398331,0.13170382,0.94642526,0.3570732,0.22788137,0.15196043,0.14908284,0.8174652,0.24226153,0.11429331,0.712965,0.53618556,0.0012103689,0.40699035,1.6242747,0.056201126,4.787562,0.08782489,0.7715422,0.67775524,0.83046806,0.1726651,0.067339465,0.5503139,0.7806667,0.64759016,0.23447539,0.32412204,0.61787885,0.2715051,1.0455749,1.9806038,0.0061847605,0.17858298,1.0992569,0.001013546,0.50769323,0.0,0.21560921,0.08734294,0.0,0.6744579,0.42240018,0.11532202,0.26403478,0.12800606,0.1131632,1.8886037,0.9471326,0.3935728,0.57800025,0.29749417,2.534358,0.0,1.1190763,0.70138437,0.25647384,0.054833815,1.5038816,0.8692066,1.5964721,1.0573678,0.355321,0.7994032,0.008442661,0.88197684,1.7718921,0.016617091,2.2314892,0.03948808,0.25519988,0.08410693,0.58362263,1.5436846,0.2049655,0.0018578356,0.5758877,0.25761434,0.26681918,0.4714573,0.79078424,0.27857503,0.60567665,0.12866406,1.131478,0.15827811,0.48165426,0.07830718,0.15140596,0.22718029,1.0899327,0.88311934,0.48774454,0.615689,0.3070919,0.39726683,0.15718246,0.3985029,0.36564308,0.020232273,0.0018802949,0.27753797,0.23305573,0.0962432,0.01333333,1.060259,0.20058317,0.7632404,0.9536911,1.1443202,0.22247747,0.10984642,4.282e-05,0.9194252,1.3819809,0.1314113,0.4145246,0.066806026,2.2701914,0.3843785,0.26954505,0.105123214,0.8594111,0.21871497,0.15877402,0.10003849,0.19373958,0.06525732,0.76646674,0.31247243,0.21957073,0.77735215,1.3717439,0.0,0.8678008,0.16646391,0.1411962,1.0640168,0.07032256,0.7271575,0.26184008,0.99447006,0.0,0.40297222,1.8228548,0.22009325,1.3237152,0.32064247,1.6473335,0.612666,1.402531,0.5121228,0.11680029,0.027168483,1.18622,0.12431125,0.07431786,0.17568463,0.079098545,0.5405025,0.7302778,0.4353671,0.2765143,0.37596816,0.3294073,0.62056047,0.92155683,0.0592331,0.37145206,0.6068326,0.27597478,3.0485458,1.601502,0.09517833,0.8012846,0.23967949,0.022833724,0.31436276,0.27305505,0.28263187,0.05964907,0.28591874,0.048724834,1.4823366,0.26109618,0.15169694,0.05770719,0.19651529,0.8641538,0.20877996,0.06312572,0.22240633,0.6340747,0.0008302079,0.7183366,0.14543001,0.6062929,0.62796026,2.8859832,0.24210761,0.9856649,0.11914841,0.4342053,1.2735372,0.13058127,0.12911727,0.1554518,1.4733862,1.2922927,0.23440318,0.363234,0.048988584,0.42096734,0.4836469,0.14071529,0.038946606,1.1835985,0.6681003,2.7751608,0.6258552,0.012438651,1.0309708,1.2411333,0.097467884,0.07617188,2.4113498,0.26507375,0.08206996,1.0550743,0.7779204,1.3302811,0.3055199,0.41397747,0.058898263,0.355275,0.007828746,0.2990776,1.3134447,0.7957892,0.7706299,0.009333233,0.009734686,0.098996334,0.05581115,0.20262165,0.8956687,0.35652116,0.06489273,0.2291336,1.8916068,0.18006788,0.5542471,0.14922987,2.1895225,1.5047008,0.8498608,0.08650139,0.50264895,0.07801918,0.060216065,all_pothole_images\pothole_images_enhanced_c12e10be8259dfaa24ab50a8fe5e7011.jpg
2.2750344,0.45922485,0.0420819,0.61172736,0.6068743,0.2134614,0.62778604,0.45991609,0.34118316,0.3256555,0.4120472,1.3331687,0.028363958,1.8916255,0.9851855,0.37103224,0.2283757,0.7851265,0.37513483,0.72764546,2.2011678,1.9431087,0.24305226,0.9912158,1.8534533,1.1407605,0.00206179,2.8153136,0.043280084,0.058505524,0.11827272,0.29943606,1.34136,0.38975537,0.14386596,0.18956207,0.00692495,1.6428525,0.60325587,0.76148957,0.0,0.2611284,0.37661627,1.1285418,0.74237883,2.4544337,0.019849256,0.5916752,1.5119762,1.2301763,1.3608457,0.13148901,1.3738467,0.08451132,0.5151781,2.049699,0.69390637,0.67110115,0.11197675,0.28320292,0.12909403,0.17596619,0.7007004,0.16228881,0.03918313,2.3191903,0.3739816,0.3691192,0.0018279714,0.6161133,0.28552312,0.15059817,0.15379252,1.5588872,0.71996796,0.95746696,0.064579405,1.181074,0.11367741,0.5199413,0.23977003,0.127838,0.7035594,0.5816573,0.6801871,0.0,0.5831357,0.6819483,0.9855403,0.2832574,0.016867107,0.443893,0.3497779,0.40783533,1.0273057,1.3678203,0.20498177,0.6228566,0.7737677,1.099149,0.02921426,2.5744443,0.9546272,0.35374743,0.824227,0.06416187,0.6358773,0.5219345,0.084656365,0.73184127,0.0055612237,1.190675,1.2217041,0.3121658,2.1572275,0.2633165,0.20976254,0.15381904,0.731054,1.1129612,3.7478333,0.16239999,0.0,1.8937374,1.3668574,1.1862352,3.5343342,0.5028561,0.15850134,0.015752647,0.4975477,0.0018645207,0.013164513,0.22442673,0.6319869,0.84115523,1.4131746,1.6674644,0.5706811,0.16744208,0.35616535,0.37391272,0.28398207,0.5290261,0.4466847,0.18785183,0.47517204,0.4955185,1.5978954,0.35238755,1.7220383,0.3647176,0.08827566,0.16895932,1.2535089,0.39843002,0.8124767,1.1531519,0.2863582,1.3060827,2.0933433,0.6097828,0.51277715,1.9161333,0.08527298,1.0981442,0.52883965,0.4157322,1.9725964,0.5289574,0.16388538,0.008754374,0.13310649,0.3418368,0.1544109,0.96073675,0.2351567,0.12684649,0.031029275,0.6011684,0.0046484745,2.1351957,0.95423466,1.0782162,0.1545399,0.91097856,0.8585019,0.47919852,0.6228789,0.22159523,0.42838848,0.00821205,0.33500293,1.1340499,0.24001732,0.5987583,0.46335796,0.08851922,0.21870176,0.24696416,0.47509828,1.3973216,0.40717065,1.849342,1.62267,0.7799312,1.2993194,0.37130597,0.1412204,0.56018513,0.017899428,0.22308204,1.0826763,1.4071985,0.5857123,1.584631,0.82401407,0.13324039,0.23753627,0.1969678,0.8115167,0.120632015,1.8904263,0.20943022,0.4664369,0.6816668,1.0898246,0.62704146,0.6900435,1.1253862,0.14502935,0.5975315,0.06434379,0.6303537,0.5672532,0.31120247,2.4520485,0.8946547,0.019094082,0.1691286,0.7334496,0.62427026,0.0050709653,0.22758493,0.089922525,0.38476747,0.067696676,0.40048948,0.8558005,1.3516749,3.6478097,0.13669592,0.8493205,0.42121926,0.9156455,0.40947685,0.15633002,0.2759197,0.9868589,2.0904083,0.45355955,0.09817915,0.337668,0.08142224,0.1639513,0.27671036,0.14338505,0.75035965,1.1323197,1.2550364,1.1186572,0.06903688,0.788086,0.64442545,0.9092958,0.53598124,0.5469608,1.0830967,0.73965764,0.42660534,1.3124975,0.076636404,1.4843636,0.4048055,0.79245603,0.024770191,1.2608358,0.018120514,0.22699493,0.18378036,0.7247982,0.05527258,0.082687914,1.4480929,0.56968385,0.7369911,0.6836002,0.62173533,0.07304204,3.2516286,1.312239,0.54394263,0.5826092,0.6358799,0.8561901,0.045815457,0.016631318,0.27300948,0.535377,0.28116938,1.0144554,1.5436875,0.038540926,2.0217464,0.07041648,0.5378715,0.3917279,1.1242789,1.1519289,0.20388362,0.6189234,0.33020055,1.1363709,1.3485689,0.46944168,1.1599528,0.36315703,0.00035177835,0.6838206,0.5720351,0.1984235,0.044921707,0.8486158,0.26216394,0.1465628,1.4786565,1.1425616,2.2674057,0.018427966,2.0479836,0.21167542,0.10537355,2.108631,0.6043629,0.77318305,0.07081971,0.22337821,0.20924518,1.1161333,0.027116671,1.4045967,0.6408393,0.08824327,0.83213854,0.28277284,0.12781027,0.6006639,0.11944377,0.25572655,0.65329087,0.87248355,0.5326323,0.24775785,0.5615616,0.07328286,1.0656972,1.7179434,0.26904067,0.7117527,0.19899611,0.9106548,0.3471174,1.5535121,1.3222495,0.029767334,0.018140132,0.09941397,0.13257718,0.6470299,0.12915258,1.2943549,0.10234421,0.67749316,0.62269664,2.0540848,0.6671963,0.28455293,0.0,0.0061190054,2.1575973,1.2615925,0.2206311,0.11887135,0.9880262,0.112053186,0.31543183,1.9806696,0.12133032,0.3991397,0.54315335,1.9059083,1.913613,0.29692578,1.2153448,0.25090364,0.17604952,0.81206214,0.1483874,2.524625,0.7678215,0.78991216,0.8201669,0.30379993,2.4875627,0.08626599,0.3361607,1.1644877,0.21170571,0.747581,1.788857,2.3018122,1.2170256,0.6919733,1.2411058,2.6390412,0.9494075,0.89906526,0.018298706,1.2099533,0.7958692,0.4699475,0.34714118,0.37502205,1.5510833,2.597072,2.5691655,0.40954375,1.1582319,0.24964476,0.79938334,0.59200704,0.12535556,0.02890307,0.22432213,0.37442264,0.10663077,0.15784146,1.6178753,0.010374101,0.6123358,0.5048239,0.036590356,2.4603684,0.4527442,1.910717,0.43583265,0.18245248,0.37012193,0.5423545,1.8723373,1.8362408,0.22708176,0.69562227,0.7876302,0.07257849,0.30422843,1.7494595,0.6707976,0.50825715,0.72485995,0.3134986,0.9091345,0.11545978,0.5179872,1.2953745,0.13294092,0.138707,1.5188041,1.4960542,0.51381326,0.7683469,0.27627295,0.29663697,0.6645032,0.73949915,0.1887243,1.0047648,0.30936408,0.29266247,0.21801808,0.2143028,0.30196014,0.50262755,0.30231917,0.47368222,0.5342329,0.09263487,0.21269086,1.2861891,0.39370236,0.7119824,3.467619,1.0330663,0.8925602,0.32784644,1.509952,0.45204225,0.01777412,0.17063029,0.16922255,0.34236848,0.24152198,all_pothole_images\pothole_images_enhanced_c1aac5bd1bed7e6c8c5762e094261cc8.jpg
1.9297322,0.7846003,0.30672517,1.2998539,1.8320686,1.1356455,2.7223346,0.05138841,0.3916453,0.84174407,0.61530685,0.55293334,1.4154587,2.1053329,0.47080973,1.3114802,0.8872007,0.58844465,0.8679375,0.80276626,0.20952146,1.7175049,0.34630668,0.2892574,0.5089991,1.1808611,1.3999771,1.8110225,0.61596423,0.00022141139,0.9498825,0.58414197,0.40820593,0.23377405,2.0408907,0.89152795,0.28090882,1.0527623,0.892949,0.74106705,0.40565592,0.37788647,0.57681316,0.68644524,0.99447465,1.1013734,0.16917257,0.2850627,0.023410885,0.64479154,0.42231643,0.6806231,0.80904853,1.3890355,0.6334503,0.965887,0.41821575,0.62750137,1.7730329,0.91569024,1.4097402,0.78315824,0.5194363,1.1090664,0.086296916,1.9078187,0.7253128,0.118473284,0.12868604,0.059778407,0.80116785,1.0263488,0.5563574,0.36002916,0.4048785,2.1493804,0.20524709,0.908579,0.8456771,0.6645251,2.9405653,0.24195622,1.1777273,0.60165745,0.8989619,1.4027445,0.53585035,0.6937715,1.7231202,0.6830536,0.61063445,0.10167737,1.3245444,0.7948882,1.7153251,0.33622208,0.4552623,0.8127382,0.16788062,2.963847,0.42410538,0.9289923,0.5913297,1.813799,0.85223156,0.28057164,0.59015566,2.7194672,0.08892288,0.46972242,0.921487,0.6541734,0.1683134,0.37795493,0.3304255,1.6900392,1.3890861,0.58865255,0.98697335,0.5939315,0.45299888,0.6712365,0.45130098,0.58591014,0.15604317,0.124804504,0.9211373,0.6680096,0.4195126,0.5354989,1.9948105,1.1535162,0.08539343,2.3150475,0.35745755,2.072511,1.3303479,0.7936328,1.2118242,0.45523414,0.12543227,0.5121983,0.00602171,1.1861035,1.646484,1.1643884,1.3828222,1.1224272,0.6549115,1.7360883,1.980322,0.9843547,0.36550793,0.47105992,1.3580582,0.23886974,0.7903567,0.99147624,0.7524157,1.0166869,1.1428316,1.3114237,0.11709873,1.5460858,0.08913022,1.3818715,0.30058452,2.4871864,1.1692759,0.2998043,1.3300232,0.119942255,0.35676402,1.6259542,1.697332,0.0116504645,1.1030406,1.0664984,0.6379326,0.6331721,0.48180225,2.1742072,0.7673969,0.45397446,0.21174724,1.8565298,0.15565659,1.149383,1.7332586,0.27247226,2.2235973,0.2454537,0.044397086,1.291281,0.97426605,0.18443154,0.33389872,0.8605049,1.203995,0.6885827,0.37649193,0.15828389,0.7453747,0.72037226,0.32535788,1.8030279,0.06612229,1.1088722,2.2239532,0.39191088,1.5375226,0.2511664,0.82451355,0.945806,1.4257369,1.2729163,1.5097989,0.24883233,2.1517534,0.44019076,1.3091865,0.23925038,0.6384452,0.35821804,0.13330449,1.1694669,0.56861645,0.101994865,0.8184299,0.006682033,0.36377618,0.10146852,0.3075238,0.12615827,0.9915332,0.9621887,0.5020556,1.7251129,0.2467766,0.27263287,1.2982804,0.3188193,0.47121927,1.2919196,0.2238024,1.0046571,0.597774,1.9907981,0.56124604,0.13213667,2.502694,0.9752635,0.23970775,0.47115558,0.417659,2.0970564,0.6681221,1.0995883,0.6420377,1.0432557,0.40516412,2.7717774,0.65832573,0.6232367,0.44148305,1.4510626,1.243148,0.9392496,0.5394081,0.3784072,0.40846026,1.1445506,0.22256927,0.18223216,1.5365753,0.92154455,0.42687368,1.4930619,3.4743845,2.7399988,1.0746205,0.081232466,1.5153656,0.53760153,0.31105816,0.70700324,0.72241235,0.44936562,1.1965914,0.029151328,2.7340627,1.8756884,0.03297012,0.11704471,0.82796276,2.7612472,1.0642068,0.71433246,0.11130751,0.97616583,0.29009184,1.5747831,0.66966075,0.6344561,1.1540345,2.049088,1.9293411,0.7304681,0.9277443,0.084609166,0.8096528,0.5887748,1.4378724,2.1313934,2.2283847,0.76050395,0.11830818,2.0968525,0.6075193,0.8500514,1.5718589,1.7961127,2.139095,0.82788235,0.03266423,1.7412237,1.7853612,2.3099928,0.66578823,2.1719038,1.2404416,0.43966284,0.6942567,1.5832018,1.823204,3.518005,0.10118603,1.9064642,1.6244184,0.31215203,0.24327102,0.76103854,0.37497917,1.0515659,2.3637247,0.16865765,0.93417233,0.12391567,0.029078893,1.5240468,0.12491544,1.8586677,1.460245,0.38056538,2.2923381,1.0005314,1.5853206,0.7914347,0.75446755,0.23555867,1.5349993,0.9002686,0.27973038,0.7897002,0.54380006,0.46770605,0.13354367,2.489986,1.0194526,2.2936237,1.3098726,0.5171108,1.025027,0.12724787,0.0087228175,0.0,0.93818384,1.0805312,2.1200016,1.7237389,0.047162093,0.63360214,0.3635001,0.3206274,1.4400703,0.30350193,3.849783,1.2750907,0.39133,1.7347854,0.36924312,0.039409075,0.089547575,0.107392445,1.4250693,0.12697646,0.5856042,0.45812115,1.2939097,0.4533946,1.1048775,0.75682193,0.500562,0.088406496,0.7838361,0.21203074,1.5741961,0.51300377,0.5583175,0.72247654,0.31066695,0.3126545,0.06792008,0.5010173,0.52418905,1.9276328,0.21822439,0.68334323,0.07970778,0.5008822,0.21593527,0.45407453,0.20139086,1.0363064,1.4771255,2.5260613,0.7087332,2.7592704,1.2040341,0.27579808,0.3416461,0.8314682,0.5359396,0.088709556,2.2014627,1.1573253,0.93482935,0.3833387,0.12771973,0.47255808,0.452142,0.07948345,0.3225119,0.7050771,0.4860455,0.4614675,2.0748858,3.8662956,0.15214726,1.0786434,1.2799642,0.45471564,1.9915538,1.4086759,0.28210038,0.076817416,0.9460936,1.0562811,0.5514386,0.7983671,3.1053448,1.2076715,0.06921041,0.63710254,2.419453,0.39406648,0.62505287,1.4078279,0.8001382,0.69105136,0.8101853,0.21266685,1.5677371,0.4273223,0.70430833,0.031330306,0.9005552,1.7637177,0.6883444,0.61898685,0.87232035,1.4974794,1.361472,0.8877014,0.73131466,0.582847,0.9333801,1.0025339,0.17965177,0.13509718,0.8886798,1.530865,0.7147039,1.0315686,0.55251753,0.8721769,0.4286007,0.05619084,0.012264689,1.39342,1.034427,0.81329995,0.9023156,0.6044536,1.4598818,0.5554203,0.34685642,0.29730988,0.23873025,0.65136087,0.25579745,1.842122,all_pothole_images\pothole_images_enhanced_c1bf70fdb2d8de959fcbda934d414980.jpg
0.23104432,0.061899174,0.7438848,1.437736,0.17564614,0.19490156,1.2315841,0.04433076,0.04294486,1.3659055,0.13331285,0.3110534,0.067458145,0.3211286,0.039025646,0.5201608,0.37741637,1.3609545,0.14239867,0.106439196,0.45936957,0.8879916,0.93386793,1.8502046,0.9163188,0.38705978,0.004527668,1.4864708,0.296873,0.010269098,0.06287413,0.025438828,0.50819755,0.780192,0.0999289,1.0908892,0.27084658,0.15938015,0.11792838,0.09623068,0.109780975,0.93856025,0.08302525,0.0052972934,0.710952,0.09340099,0.094643794,0.094750464,0.73012173,0.8119228,0.10234611,0.015609758,0.04295354,0.15831314,0.8164842,0.8132478,1.8309369,0.59602773,0.20262158,0.54626745,0.06426407,0.38154927,0.3189982,0.5428723,0.55133986,0.59835356,0.27320927,0.06877994,0.018955834,0.5021305,0.30845165,0.13995434,0.6092895,0.18449771,0.23675442,0.14373954,0.0071754237,0.22705734,0.0,0.03149061,0.012697548,0.2362396,0.0088227205,1.894506,0.19362481,0.0670059,0.06703865,0.09300944,0.76771885,0.82801855,0.056748606,1.1854024,0.040699042,0.26362497,1.0967652,0.009915341,1.0955223,0.6411482,0.008466704,0.0,0.0984484,3.4791315,0.4083297,0.09017548,1.9863561,0.52879643,0.28523815,0.47558686,0.23866883,0.59286433,0.04119104,0.9383607,0.3502374,1.1614275,0.17018676,0.52350426,0.261874,0.4807319,2.9010732,0.89718026,1.6126597,0.5887925,0.0071819765,1.1185375,0.3074954,0.18164222,0.20097555,0.29902312,0.12163383,0.09610298,0.1562452,0.05940962,0.1410292,0.19954646,0.016384669,0.5377908,0.095447905,0.009175443,0.02736285,0.1237613,0.26433608,0.15274155,0.23906817,0.40398452,0.15024507,0.3018125,0.0043292176,1.3122253,0.0017377,0.034311116,0.12550524,0.26726508,0.051554684,0.043385267,1.1688055,0.6341497,0.81904626,0.74084926,1.293648,0.48106048,2.112311,1.0081776,0.097671695,0.5494172,0.50744396,0.31482926,0.9013038,0.025401061,1.760685,1.023923,0.2065744,0.0070184795,0.022340793,0.0142178675,0.3551269,0.15461972,0.19222748,0.0034888242,0.007491526,0.0666393,0.018048739,0.60188115,0.4375379,1.0467268,1.466316,0.46433833,0.09119617,0.11412132,0.29961255,1.4741939,0.22112948,0.001050291,0.45225158,1.7014194,0.060007494,0.037851855,0.47859475,0.8106349,0.7382714,0.19498742,0.21615534,0.0943596,0.5119223,0.013356296,0.2576229,0.48099077,0.08143989,0.0053880382,2.072826,1.5413567,0.0,0.08469937,0.67414457,0.2752875,0.2599566,0.36950257,0.627112,0.02723923,0.47746333,0.2192734,0.28519273,0.4191335,0.40860677,0.17774439,0.0,0.024907425,1.3889214,0.005117663,1.6826693,0.22462688,0.65889585,0.0,0.84110105,0.37855458,0.5400356,0.13698806,0.14445789,0.08618401,0.017765818,0.58420205,0.533097,0.010561693,0.1584485,0.12674412,0.028303014,0.005980961,0.52816856,0.7093509,0.014363691,4.526538,3.5904577,0.13069032,0.12308623,0.16424783,0.020840641,0.3181331,0.1404685,0.5279823,0.29162195,3.4298842,0.22797565,0.11927967,0.9169637,0.65989274,0.17499773,0.050939865,0.19756383,0.14255637,0.96563953,0.32707748,0.70396435,0.09823805,0.039891053,0.25918794,0.47110912,0.4797237,0.2150599,0.1765169,0.40822965,0.22078486,0.3761456,0.89919436,0.035624485,1.0125229,0.059456293,0.010035564,0.0999694,0.054772027,0.26613563,0.28097743,0.3382167,0.15720654,0.0020510752,2.6314976,0.19478813,0.5325232,0.64662063,0.6798678,0.12839755,1.2707084,0.13459253,0.39224842,0.09264478,0.13524714,0.9007084,0.016373308,0.25816688,0.04927891,0.047370672,0.18666983,0.24650063,0.75467354,1.5819938,1.8720415,0.29211062,0.022031175,0.01617864,0.9890274,4.661521,0.36368343,1.839773,0.027964493,0.17760113,0.16852075,0.024881188,0.92584467,0.23217864,0.2934829,0.37322417,0.053182896,0.3227187,0.12727566,0.043733276,0.03303484,0.22723867,0.014344339,2.117511,0.0067893504,0.0,0.23065181,0.5794457,0.05465166,2.9953556,0.90659875,0.77362245,0.0,0.29230917,0.11341948,0.061610453,0.031494793,0.0,0.37061298,0.0,0.68783396,0.32789218,0.3395821,0.21041813,0.53278303,0.8175077,0.61358196,0.45425266,0.10053578,0.29820505,0.0017793395,0.003298747,0.2893709,0.7396813,0.09609674,0.43600878,0.38639894,0.20436968,0.058252864,0.41493115,0.0,0.46630803,1.3413802,0.552557,0.5415257,0.10743873,0.3260742,0.67478204,0.0,0.37515238,0.15904906,2.6102524,0.004768726,1.5879915,0.5943182,0.213373,0.9397568,0.2570561,0.97507226,0.00051429647,0.6332521,0.0,0.269263,0.52550435,0.24432126,0.56325275,0.10776335,0.004306211,1.3282224,0.3879722,0.0,0.22972079,0.09335072,0.06307559,0.33168924,0.13211696,0.051279306,0.021189725,0.31298092,0.085673444,0.19493498,0.1351433,0.10445905,1.7380062,0.21588887,1.3059886,0.5998629,0.22337964,0.5708533,0.15825059,1.2664028,2.8904035,0.2105699,0.47741154,0.100030676,0.06488532,0.77174985,0.2734112,1.1582435,0.0,0.91926914,0.28997114,1.3256657,1.0530367,1.0623075,0.28295845,0.16388075,0.8804268,0.17860273,0.13725747,0.19595262,0.19414546,0.031488184,0.45761824,0.1553354,0.0,0.4408872,1.7225838,0.46420053,0.73226446,0.026969878,1.0191318,0.79992634,0.67114615,0.03394032,0.3839415,1.3397783,0.46794564,0.21238531,0.64833856,0.027623702,0.92210186,0.14113654,0.041679353,0.0,0.2324612,0.4367684,0.26420653,0.6328314,0.0,0.55472994,0.940048,0.0,0.26872584,0.39018756,0.60073316,0.034350593,0.79032475,0.20425141,1.130864,0.82092243,0.058376096,0.7321332,0.90115124,0.00072212424,0.17971289,0.00995074,0.31835064,1.045965,0.0,0.0,0.06828961,0.23197392,0.44935152,0.16142768,0.0074337013,0.27862814,0.12821697,4.21304,0.013630778,0.0,0.036757417,1.514738,0.0026122534,0.47057638,0.50300026,0.9665818,0.32401478,0.08691357,all_pothole_images\pothole_images_enhanced_c25428bf90667a03c80724be5ff499ed.jpg
1.3342956,0.4138942,0.24528207,1.910007,0.4051626,0.33353436,0.3784133,0.67414343,0.015481147,0.90819716,0.071893655,1.2507802,0.010319317,0.5254725,0.005632955,0.06449076,0.017692517,0.4302709,0.2752275,0.07839395,0.15947449,0.7750118,0.76620793,0.36505812,0.6734605,0.283216,0.6847883,1.7951766,0.04903355,0.26917532,0.45889857,0.004230667,1.4419456,1.1888921,0.13329226,1.6395401,0.84836453,1.0722708,0.042726725,0.52448666,0.12554984,0.4997575,0.8470826,0.30675125,0.22805293,0.903648,0.40263188,0.08657853,0.29666334,1.4979955,0.4530649,0.22893704,0.18462119,0.0,0.0045378907,0.7487499,1.8950045,0.20633693,0.2531814,0.021996764,0.04133031,0.36435091,0.46698985,0.1446877,3.0357845,0.9863664,0.17552556,0.6070457,0.0050925645,0.56380206,0.100286596,0.18365532,0.20849453,0.40165308,0.49699974,0.108367726,0.16819587,0.5549948,0.096500605,0.26664826,0.1223766,0.07522635,0.37197098,2.1342802,1.3931396,0.30057064,0.16736603,0.30850512,0.83296406,0.3260009,0.831732,0.08571492,0.07097899,0.21928985,0.13489959,0.059813153,0.736256,0.006308858,0.54380125,0.18538408,0.54044455,4.180879,0.35369766,0.2664826,0.5148107,0.1077965,0.0123456875,1.2116386,0.054506786,0.404759,0.028167387,0.019849557,0.2966229,0.02374397,1.1662138,0.26744676,1.3346926,0.0,0.9901592,1.6471283,1.390022,0.13145941,0.33894062,1.4011828,0.2611124,0.80502325,1.5376062,1.3777285,1.4222178,0.1715052,0.34579697,0.05370245,0.2609712,0.098780885,0.6829915,1.5074058,0.16072637,1.350617,0.3365147,0.17255884,0.90558624,0.10365111,1.3618543,0.50307566,0.5181343,0.78307354,0.034074277,0.5405487,0.501727,0.0,1.1481463,0.85381204,0.50796413,0.08085118,0.7217682,0.14924866,1.248191,0.5876292,0.16153896,0.4090181,0.18403327,0.3877835,0.13530448,1.6371936,0.041261166,0.23114905,2.5636976,0.21166135,1.3568109,0.687928,0.52938205,0.8041391,0.026393417,0.27848065,0.44177425,0.23608966,0.15706658,0.022764917,0.1502434,0.49491936,0.09173292,0.74227613,1.3447394,0.714676,3.1869905,0.008416414,0.01239363,0.56774664,0.12524152,1.4939129,0.17608568,0.3309267,0.26987422,1.6439861,0.6501236,0.013814383,0.8010925,0.7979012,1.0679915,0.033528205,0.90270805,0.99085087,0.65817696,0.81295294,0.12326806,0.089132436,0.45655182,0.90496475,2.716326,0.88202953,0.0,0.0997301,0.69890785,0.031560127,0.6179924,0.54427874,1.7289531,0.0151714785,0.40147302,0.86157316,0.9216081,0.35660046,0.19567041,0.16632342,0.20058127,0.5027723,0.5601563,0.06219342,2.0799387,0.17280383,0.43614948,0.5987526,0.23457779,0.0063626426,0.19084305,0.0,1.8681488,0.545449,0.09332023,0.50917596,0.3444145,0.024209755,0.36786568,0.5959729,0.0427991,0.0,0.29427972,0.6949985,0.5885354,5.1428013,0.23886085,0.3668568,0.87246656,0.3801443,0.0,0.28768978,0.52460665,0.0,0.20451039,3.5485327,0.615063,0.097584404,0.38389504,0.6100663,0.046391662,0.96770614,0.29453036,0.759165,1.6567416,0.3333702,0.13282229,0.18632834,0.20220417,0.014281392,0.40205216,0.16267584,0.10969917,0.12406725,0.21140228,0.7317296,2.2091033,0.34765127,0.3991895,0.6989544,0.43751588,0.27752143,0.19166847,0.12632157,0.63496757,0.7815634,0.27786902,0.11375063,0.28071383,0.67631274,0.03947927,0.13325247,1.7221732,0.15712932,0.08014126,1.2289541,0.23580196,0.81821954,0.4090298,0.009964537,4.314236,0.74322194,0.27888158,0.026933098,0.14231214,0.341072,0.2590327,0.4592085,3.333881,1.3061063,0.3817931,0.19718431,0.06290254,1.5455226,2.344234,0.5598481,1.4412801,0.10936545,0.71603143,0.09329451,0.20714222,1.6895945,0.11430674,0.6796708,0.5299007,0.13360313,2.5224543,0.03056318,0.19186668,0.08085146,0.17445292,0.19330443,0.64519864,0.014827038,0.29913124,0.18317778,0.32152376,0.3525623,1.3815354,0.12747562,0.028165562,0.02938588,0.043920208,0.20509233,0.34499556,1.1736485,0.56748086,0.14799245,0.14011782,0.6207214,1.112401,0.20654935,0.5610636,1.3684841,0.18953125,1.1780418,0.6249884,0.30305976,0.44991767,0.1653404,0.10528193,0.18911381,2.028415,0.08793179,0.69977164,0.5127759,1.2067273,0.023861162,0.3013037,0.5094865,0.5209424,0.113822244,0.44119012,0.50119513,0.14378886,1.1375052,0.5962685,0.07239371,0.8921655,0.084016174,2.1422243,1.3499768,2.6683831,0.070300385,0.0430456,0.23586099,0.082730845,0.14460933,0.19681054,0.48722082,0.0043217605,0.32311603,0.8758087,0.082832195,0.34334502,0.1311851,0.330392,0.570237,0.6266269,0.37301642,1.818032,0.09674438,0.66855013,0.21145776,0.17390698,0.031066645,0.98081475,0.3642848,0.04325024,0.31958058,0.011625921,0.12305585,1.4632798,0.5980849,1.0136067,0.04521232,0.8862737,0.6654697,1.4464127,0.8859343,2.5850189,0.15719649,1.1221992,0.6387806,0.37948522,0.47121632,0.1278777,0.9314921,0.24366906,0.6687152,0.10870977,2.3014886,1.5429958,0.596667,0.19052875,0.8992524,0.7389678,0.9637691,0.014432182,0.0097925905,0.3251072,0.1527935,0.91687137,0.009600603,0.20743266,1.1962229,1.2669647,0.044934638,0.25221366,0.11334322,0.3927146,0.87404335,0.15019996,1.3424804,1.099431,1.3338579,1.676623,0.40705338,0.35285914,0.115024626,0.24733616,0.27692983,0.36776236,0.0,0.74136287,1.2414194,0.4589456,0.16229789,0.1007062,0.17452472,0.089667045,0.09421,0.69890803,0.7355678,0.58530766,0.02552238,0.18486716,2.0366638,0.85868657,0.28862956,0.014932171,0.014327666,0.47154567,0.047310896,0.67464864,0.10996937,0.5055053,0.90030926,0.16467017,0.51466674,0.7204043,0.088337556,0.21098685,0.19967747,0.29155347,1.0713989,1.0407043,5.57108,0.09199139,0.015683684,0.18663873,0.22659597,0.07316621,0.0,0.44710985,0.514507,0.60662454,0.77279973,all_pothole_images\pothole_images_enhanced_c328f2913b2794679feaa014ef5d96da.jpg
0.59546226,0.24433902,0.12651736,1.1913812,0.82805085,0.15049124,0.89653856,0.32464045,0.7231886,0.66984636,0.2552262,0.8577175,0.0003608885,0.74345636,0.03825886,0.13841452,0.19786425,0.108560115,0.7341607,0.96018046,1.10303,1.3597428,1.2888399,0.6564387,2.1675591,1.7109416,0.6384832,4.2526164,0.24935748,0.02882716,1.2603613,0.1222651,0.59551036,1.1231371,0.026751399,0.2335015,0.036125418,0.35129878,0.9897263,0.03806567,0.0,0.43794802,0.10081172,1.376027,0.61231667,1.7048489,0.0,0.46891356,1.025355,1.1985687,0.9437679,0.123923026,0.110601485,0.021619808,0.0,0.59444153,0.24389835,0.11127071,0.10301226,0.100842535,0.029809372,0.105843715,0.35756135,0.5377669,1.8743843,0.27668843,0.71891505,0.04341466,0.2649355,0.00067669945,0.7692969,0.2179116,0.4480418,0.38649514,0.52646524,0.08570226,0.046311703,0.50226563,0.028496841,0.5408809,0.0,0.06272847,0.8309978,1.005155,0.038676277,0.37320086,0.057915624,0.15264195,0.98309994,1.2053179,0.02533795,0.46209413,0.17639023,1.0264802,0.7012691,0.0,0.72377884,0.20701495,0.06079043,0.93952924,0.3220945,1.8629538,0.20098378,0.019244026,1.2315118,0.10604147,0.17195621,1.0719378,0.0052745035,0.0785303,0.046437994,0.39911303,0.52981436,0.94051546,0.7436847,0.35026821,0.056494404,0.20600085,0.9544984,0.21483475,4.5475974,1.208382,0.03058233,0.79715276,0.399365,0.3253976,2.9671757,0.0,0.70737255,0.04561237,0.03537487,0.11700827,0.0,0.1490694,0.18771909,1.0377975,0.25430825,0.004681198,0.4704867,0.015486218,0.6972047,2.385491,0.95471907,0.26398167,0.8110878,1.3384104,0.0038202864,1.2854174,1.1097034,0.0,0.35601044,0.7566615,0.0030540088,0.092920415,0.9355068,0.7906511,1.6304047,0.18586633,0.9624134,0.32992578,1.2174591,1.2606441,0.21720247,0.07914142,0.40373433,1.4432405,1.5005066,0.0,1.1817318,1.5012255,0.13996992,0.004662402,0.091836594,0.2418736,1.1341407,0.71009886,0.99074256,0.43558374,0.4766379,0.4146084,0.18832013,0.013193125,1.4866389,0.59839654,1.4283668,1.1522467,0.2050014,0.14516531,0.32517615,1.2483147,0.08142133,0.62676454,0.08240917,0.94023615,0.49735937,0.330038,0.5786419,0.17306271,2.2746434,0.3295713,1.1782238,0.5127852,1.661402,0.5992021,0.10538185,0.27097479,0.17750667,0.061734937,3.3716187,0.938365,0.24169171,0.02416882,0.51741725,0.25417548,0.49113807,2.107443,0.29717258,0.041409332,0.45693275,0.9823897,1.3474036,0.9394188,1.8784597,0.6312522,0.044090748,0.058979765,1.7337347,0.38185647,1.4816881,1.4128537,0.82728666,0.016652174,0.3376295,0.034512844,0.46942544,0.17679273,1.7434661,2.5598094,0.30683142,0.5109389,0.22347687,0.21353935,0.110855274,0.79011667,0.80641544,0.020913664,0.47772402,0.24609375,0.07976325,5.30703,1.4842257,0.07727786,0.2687421,0.53962743,0.082759954,1.7862816,0.041999258,0.77072346,0.33726045,2.6315434,0.5971326,0.35937726,0.7500941,0.018519295,0.10222152,0.0059279366,0.32028174,0.26409885,0.6958407,0.15424506,0.39209685,0.035775505,0.105846964,0.79599077,0.15273948,0.49726695,0.04086546,0.35954082,0.31033233,0.36540478,0.89698386,0.9100834,1.1859217,0.5538247,0.4317167,0.8594456,0.9023498,0.5416537,1.14746,0.10916982,0.0002711445,0.7896816,0.15094423,0.88239366,0.017828897,0.91504997,0.35318953,0.6672595,0.5418224,3.311374,0.42366573,0.40991375,0.30922437,0.011227732,2.0022333,0.6300907,0.99742186,0.012255607,0.0008382857,0.54167646,0.39842644,0.05662459,1.4918399,1.5464188,0.6217102,0.05165842,0.9798112,0.40272164,2.8384736,0.17597385,1.3508204,6.985814e-05,0.7191875,1.3555071,0.63781106,0.09369073,0.14256673,0.79130465,1.9088335,0.16468412,0.6253213,0.041626077,0.0014141451,0.2737031,0.16450995,0.0,1.1897633,0.03076865,0.06002446,1.6521446,0.2633882,0.070832916,2.6247435,1.9970678,1.5492636,0.41112596,0.096942395,0.96874875,0.87197524,0.20061785,0.022739537,0.46498513,0.027900817,0.9604478,0.21967398,0.20415306,0.2811022,0.565358,0.45298323,0.60186714,0.77293384,0.55137265,0.010029741,0.58896005,0.29837975,0.54675406,1.593896,1.1020266,0.82723236,0.37207022,0.029087596,0.32691145,0.9229225,0.0324788,1.0532272,0.8061984,0.10409135,0.58788925,0.081302404,0.41688845,1.1450516,0.06836657,0.91171855,0.31234792,2.627894,0.12825052,1.8746834,0.06788644,0.6317108,2.24921,0.89217234,2.325052,0.4855938,1.3708758,0.06076335,0.14061885,1.7359929,0.2583543,0.38636515,0.4647255,0.30443463,1.6536566,0.8160168,0.18352248,0.5301429,0.6766417,0.09849519,1.4304379,0.23388506,0.014729728,0.016753975,0.2983202,0.074393846,1.8947277,0.9587771,0.6466673,1.5707556,0.7321,1.9012537,0.8129478,1.2596221,1.271784,0.26931715,1.4770408,3.2073207,0.09390621,1.2329441,0.25910723,0.0,1.0133845,0.9250201,0.31153136,0.16806586,1.4773668,2.05408,0.31071153,0.35113683,0.37480164,0.0,0.28728744,1.1106007,0.31131452,0.10274675,0.26056266,0.956084,0.027346034,0.40036026,1.3280141,0.020778919,0.2124573,1.0017558,1.3610888,0.53424656,0.026020711,0.2853199,0.21598291,0.44618872,4.8217138e-05,0.008239882,1.1124271,1.6431389,0.31696513,0.88052493,0.06331399,0.32904363,0.21477656,0.8173582,0.12236671,0.27727067,0.036892194,0.039784454,0.23352866,0.0009232238,1.0803957,2.00641,0.24840267,0.15440291,0.67107785,0.48581815,0.0054592555,1.391802,0.40178546,0.5068988,0.83954275,0.703397,0.044875387,0.85982233,0.032863725,0.10273556,0.020729268,0.9239627,1.5271282,0.11930839,0.07249203,0.3252298,0.013484561,0.8676586,0.69036037,0.5914244,0.6005858,0.0018231635,2.3750873,1.6603949,0.0,0.0014087955,0.7455938,0.53687,0.0014118609,0.02363571,1.109774,0.11825257,0.061010726,all_pothole_images\pothole_images_enhanced_c3585f9553de56a6160faf4858cd9cc0.jpg
0.6079361,1.1845367,0.80711895,0.59104973,0.99977034,0.29699078,0.09917658,0.014599188,0.1472501,1.0878212,0.3482856,0.3535649,0.6853211,0.2565165,0.39638004,1.0356311,0.6848652,0.107401274,0.26434624,0.7650175,0.08803264,2.2168539,0.7022995,1.0951995,0.17221393,0.015833704,0.16679657,0.21838318,0.036164824,0.55760366,0.89131725,0.021740288,0.8876931,0.7636267,0.22490656,0.5280324,0.98465437,0.44028884,1.7508978,0.08691101,0.0057973056,0.041579023,0.034134544,2.450399,1.0032724,0.25209433,0.26679203,0.0,0.29891995,0.6072602,0.5731311,0.47118276,0.16155916,0.6601367,0.07443925,0.5669406,0.12801467,0.08133741,0.52156866,0.38750392,0.009408813,0.03962492,0.19216909,0.50452816,0.67194647,0.24194084,0.41853365,0.0706235,0.2196543,0.68645734,0.094105534,1.3125355,0.48330447,0.018059587,0.039648913,0.64520884,0.27204874,0.2787393,0.079168394,0.18699482,0.10679461,0.30507824,0.83274794,2.7736292,1.9118288,1.1726446,0.051480204,0.14952578,1.6950892,0.2897323,0.37073103,0.55386525,0.27256417,0.08369849,0.50306964,0.15454501,1.6598717,0.66657597,0.34574652,0.02743481,0.23040588,0.25412136,0.043352317,0.022289388,0.002799377,0.6374809,0.22613446,0.2994735,0.2781417,1.0289097,0.20772815,1.4409759,0.66140676,0.30427524,0.315371,0.28199548,2.8397603,0.3075201,0.3365775,0.7389375,1.8776333,0.70381445,0.72347367,0.6644489,0.18713869,1.01152,0.37616184,0.35177708,0.8942445,0.28760934,0.45074126,0.025611809,1.070573,0.0031144156,0.040284745,0.4801571,0.25410256,0.45463157,1.075139,0.065400705,0.36254185,0.14717066,0.01084641,0.40139785,0.32846615,0.17312354,0.31774893,0.0770759,0.7395692,0.2768588,0.27245882,0.48728102,0.2266217,0.030278044,0.7969214,0.54033804,1.2270879,0.31098658,0.62274706,0.13423735,1.9202268,1.1140382,0.15398446,2.2318232,0.4355394,0.21143538,1.1532843,0.31533474,1.237357,0.09533798,0.012236247,0.016841754,0.15450184,0.20831154,0.6705761,0.06714379,1.0351689,0.08869296,0.111818574,0.003020398,0.0,2.400287,2.0063875,0.5890375,2.6288812,0.28841034,0.7830233,0.3408238,0.12138555,0.8485156,0.17038138,0.18761909,0.052765515,1.6506803,0.29357985,0.045148395,0.2178101,0.99661314,0.52114314,0.099240765,0.44017518,1.0489603,2.1324818,1.0858655,3.097678,0.59128386,0.6394047,0.3827594,2.1307662,0.46808726,0.031078713,0.67198265,1.3003278,0.5148672,0.1294701,0.4527981,0.19729805,0.03910896,0.6944504,0.041168537,0.1375597,1.8910522,0.7711322,0.86578697,0.23345865,0.65562326,0.41261867,0.2921524,1.4648054,0.037841238,0.08311116,0.5190621,0.11184953,0.06506995,0.13729934,0.28358528,0.3386663,0.6304943,0.29290485,0.82692283,0.59752524,0.5304228,0.052610494,0.17335136,0.6290501,0.14312604,1.332161,0.6756524,0.37267327,1.9938647,0.5691191,0.09893088,0.12409609,0.01090547,0.11281451,0.052836407,1.2348685,0.23434378,0.7153578,0.42199722,0.107311696,0.5701645,1.0715888,0.63791686,0.16643251,0.53240967,0.037699737,0.69687843,0.8397451,0.11759803,0.1293475,0.20688884,0.19967316,0.47153223,0.41352975,1.4589014,0.85522246,0.03331235,0.51320267,0.7772042,0.6139873,0.39806575,0.046238344,0.048167925,0.8649927,0.17591219,0.12193513,0.96672463,1.068813,0.18739396,0.75290906,0.32858384,1.0608724,0.80638564,0.1047702,0.49656558,0.7716368,2.6431096,0.20807022,0.038550626,0.103527114,0.81600064,0.00089577964,1.7968712,4.8420734,1.0483983,0.3005921,0.6867559,0.15569295,0.12288276,0.05275544,0.36565024,6.3608074,1.7729923,0.038241226,0.5671357,0.0037537776,0.30120385,0.95575595,0.34770793,0.45056698,0.222292,0.17070906,0.15251383,0.2595389,0.17143619,1.3101082,0.83999443,0.39657393,0.26591504,4.6079974,0.22650337,0.01803402,0.060706187,0.40666047,0.13621634,0.32675985,0.03720455,0.09395235,0.0,0.65282285,0.8766783,0.46122858,0.0,0.04686608,0.42227745,0.060768794,0.07861126,0.0046651824,1.3727168,0.13795461,0.46223122,1.5254264,0.12127981,0.5938385,0.72918344,0.16226892,1.4892503,0.059451908,0.1745547,0.30628031,0.60505855,0.12963472,0.09389372,0.08688195,0.065758586,0.74750775,0.89855725,1.017093,0.25390723,0.891082,0.46906784,0.121310465,0.30211848,0.5481031,0.7043253,0.83941126,0.4828513,0.15286261,0.5935784,0.4495739,0.034862317,1.2770194,0.32685423,3.1382883,0.71786,1.6741529,0.06030064,0.93936217,0.999009,0.81915826,1.543466,0.44930083,2.7121031,0.0038776263,0.30356997,0.13735063,1.169082,0.657015,0.44560185,4.7551513,0.18393378,0.18526116,0.14263985,0.001495062,0.13579002,1.1942945,0.20295362,0.017486416,0.48416394,0.34687296,0.17269687,0.82187957,0.42182973,0.5109182,0.49275902,0.64259946,0.16321054,0.0,0.04003865,0.7833118,0.10295252,0.9897742,0.091574416,0.8625109,1.148205,0.9845915,0.92937195,0.024645895,0.41248187,0.679388,1.419235,0.2631522,0.53398436,0.020233085,2.3294353,1.5844494,0.27384037,0.103577495,0.4922988,0.40622118,1.2832638,0.5154548,1.2608571,0.9623707,0.8832187,0.2692667,0.8326943,0.0,0.260657,0.2192765,0.34613925,1.5136318,2.9141922,0.3943188,1.184793,0.8068518,1.8681353,0.019451987,0.9424698,0.43069434,0.40537727,0.44248012,0.0,0.5787532,0.5463123,0.05282805,0.052354217,0.11667592,0.035585936,0.57624394,0.42657572,0.60653526,0.1656912,0.9239128,0.105278075,0.14715427,0.13272458,0.33350694,0.3092732,0.44268787,2.1609843,1.1433624,0.25230443,0.0,0.27407175,0.6265337,0.53258204,1.1532438,0.32784367,0.41864604,0.87779593,0.1448778,0.31570753,0.14823925,0.09197959,0.26815343,0.25733286,0.0682862,0.24393517,0.30977848,3.5759754,0.44301516,0.6598206,0.36848152,0.56503004,0.0060192468,0.31694397,1.099957,0.9275106,0.38420454,1.6169113,all_pothole_images\pothole_images_enhanced_c3c5b67681fb6b65277a51fa4c0e6bc5.jpg
1.8796155,0.37706134,0.35253665,0.97796285,0.28784814,0.11721125,1.0168524,0.3911072,0.21561937,0.7015971,0.27940202,1.4303044,0.0,2.0027316,0.5169958,0.537259,0.03147683,0.27534348,0.40928695,0.59903324,2.1056557,1.9212161,0.13546771,0.80760777,2.457348,1.3347417,0.11171641,2.9261448,0.09750393,0.008560837,0.19184741,0.29924715,1.224957,0.43857807,0.299842,0.42179984,0.021055056,2.0970094,0.41596124,0.7087765,0.0098209465,0.014423809,0.20239721,0.48139253,0.40537164,2.366663,0.018284665,0.7029499,0.5304179,0.8729441,0.4841873,0.22591352,0.48197353,0.023099147,0.4734289,1.9916886,1.1847565,0.2483855,0.029260674,0.34802392,0.02236759,0.042253405,0.26259503,0.50791705,0.04028201,2.304338,0.26499495,0.33599922,0.00022282054,0.88005096,0.52652824,0.37810048,0.17389287,0.58525807,0.3369719,1.3802109,0.0045157652,0.77268344,0.095087565,0.5729936,0.33401385,0.10316662,0.9892958,1.0600187,0.4471257,0.00755788,0.67580163,0.8869292,1.1606655,0.35134906,0.005085344,0.24467981,0.1981799,0.2922355,1.2060974,0.6712233,0.17539337,0.71010065,0.70359504,1.8360511,0.0051889047,2.9126189,0.961184,0.47266784,0.75119454,0.09168305,0.3916748,1.1332654,0.07336263,0.30058363,0.0085284505,1.2856014,1.1525688,0.19040217,1.4440961,0.15089062,0.147412,0.23458858,0.65023303,0.5537936,3.440751,0.09026654,0.0,2.1268687,1.0002142,1.0691981,3.0800257,0.31749725,0.15240195,0.116893865,0.34115043,0.06625341,0.01018152,0.40656012,0.7041931,1.3172064,1.052756,1.166735,0.29006553,0.14709279,0.17623489,0.3440464,0.5881905,0.34381586,0.58482647,0.4307406,0.31516606,0.3583939,1.6423461,0.30937442,1.431564,0.26053026,0.06415648,0.065351784,1.3776597,0.15826085,0.5319441,0.5895889,0.27737293,1.2612072,1.6143494,0.2980729,0.16746005,1.5320293,0.017818665,1.0163676,0.3015914,0.5207074,1.6281623,0.82086664,0.025777593,0.043416355,0.044589963,0.5474874,0.36898988,0.42490488,0.9139993,0.19380508,0.02624807,0.47461757,0.0019620247,1.8541816,1.1283432,1.4152675,0.1197782,0.8445158,0.3389004,0.46053538,0.13688537,0.37360877,0.29358378,0.0075586825,0.20539895,1.6269422,0.20972997,0.52989995,0.5872725,0.29632968,0.24140078,0.33081543,0.7742756,1.1222422,0.585371,1.5253668,1.4114163,0.46702364,1.370314,0.31032884,0.22148508,0.3771304,0.01410235,0.07529921,1.1120884,1.2575605,1.1709976,1.5880513,0.2797082,0.27572033,0.2048534,0.2478176,0.7881299,0.16682625,1.3445531,0.27147496,0.112332895,0.31725064,1.5578492,0.07937528,0.95293254,0.81649435,0.13316053,0.70054173,0.03648337,0.42888194,0.9425785,0.28494814,1.749012,0.4197671,0.0069046603,0.07472443,0.5332247,0.7011583,0.010775066,0.27512148,0.27925554,0.12972678,0.055206228,0.27573118,1.2855364,1.8736141,4.3554225,0.13848908,0.90508807,0.2369421,0.41750288,0.32303828,0.5710795,0.07960763,1.0858496,1.9638196,0.3232674,0.166814,0.4625013,0.04123786,0.06476411,0.21993567,0.281765,0.7584985,1.6336813,1.4019046,0.43070084,0.0,0.3898752,0.46150175,1.021082,0.42603788,0.16224858,0.2111205,0.5643712,0.35624683,0.8181671,0.47410464,1.0073687,0.42425257,0.7427943,0.07034456,0.8250617,0.081078894,0.09405114,0.12218526,0.26360965,0.13504799,0.09542569,1.7396202,0.13725238,0.4877901,0.35275057,0.5740082,0.19865125,3.6082356,0.9899603,0.96379805,0.85919964,0.3997194,1.1274028,0.17356111,0.007717851,0.13923296,0.648445,0.21883291,0.45063478,1.230439,0.21593261,1.7464992,0.19059604,1.1381022,0.18837795,1.5452713,1.3776342,0.34655404,0.46369293,0.4085325,0.54185146,0.7998774,0.37047055,0.8235166,0.3316641,0.0,0.70843214,0.54866713,0.38417003,0.24076302,0.7645676,0.27164716,0.044894543,0.69168526,1.0905788,1.847078,0.028372684,1.4841355,0.2566975,0.18006995,2.1326091,0.7706216,0.6128311,0.37384787,0.381933,0.15921369,0.75900656,0.05869112,0.8863579,0.22188392,0.046924226,0.4989637,0.7455449,0.033166073,0.12541378,0.3435646,0.29226586,0.6594659,1.4427216,0.12221267,0.7298038,0.12651023,0.31335375,0.8281794,1.9674115,0.067497216,0.8877403,0.47353977,0.683059,0.16074046,1.092263,0.77135634,0.046833973,0.067087345,0.05894844,0.15996851,0.7927618,0.22944051,0.67434675,0.31246167,0.69312084,0.57797545,2.539311,0.41042113,0.35998154,0.0002950816,0.026179267,1.8480029,0.4277746,0.40744737,0.037623793,0.70151305,0.012952079,0.05562978,1.7804177,0.09752505,0.88771135,0.44091228,1.8746188,1.2673421,0.2298548,1.07142,0.13602918,0.23330848,0.5980484,0.21003816,1.7372134,0.43250546,0.03121265,0.48946863,0.015598537,2.7541509,0.13032353,0.2655046,1.2819908,0.48633456,1.2900084,0.88673055,2.4702153,0.84063673,0.41730243,1.9320222,2.7327971,0.35563895,1.1625645,0.008025491,1.3102157,0.5907201,0.6043146,0.2441571,0.52131176,0.96726006,2.5254776,2.9844272,0.7598664,1.4034364,0.24960648,0.38918933,0.6351249,0.045034796,0.0,0.009908614,0.18856108,0.0033367549,0.4983359,0.5567249,0.012040401,0.62343407,0.44405454,0.01824452,2.0121236,0.6313222,2.284237,0.8864739,0.4789428,0.39440474,0.34098846,1.2858663,1.5367825,0.47828254,0.62343276,0.639577,0.17484534,0.48881307,0.904621,0.5840656,0.63994735,0.46495834,0.4677199,1.1578659,0.15270996,0.0664937,1.3804827,0.1581068,0.053774457,1.3014998,1.3041321,0.11078434,1.5706371,0.30361345,0.2896087,0.79311806,0.29888692,0.18152495,1.35855,0.65005064,0.43280664,0.11091421,0.10688205,0.6891885,1.0891486,0.19228797,0.19363794,0.39926383,0.08509093,0.10587801,0.76769316,0.3207969,0.7540363,3.2692986,0.8258912,0.631611,0.3178598,0.9651596,0.4861275,0.06089556,0.12396639,0.12267743,0.21807106,0.19659099,all_pothole_images\pothole_images_enhanced_c3d0b0cb5d781fe6067b1919fa867f08.jpg
2.7049015,0.058786064,1.8617285,1.990936,0.12244441,2.1684878,0.38208675,0.4241765,0.45923615,0.6288249,0.11164797,0.93606293,0.18249428,1.3630383,2.050627,0.36570123,0.06362186,0.1361093,0.035833985,1.7798042,0.9192863,2.1035287,0.043123633,0.8498892,3.002121,0.3235829,0.660181,1.4721452,0.48281127,1.092693,0.5895406,0.3747152,2.727944,2.8098953,0.26650864,1.6173217,0.5883013,3.3312733,0.11147297,1.6681849,0.20986514,0.37138933,0.54155856,1.9214913,0.13160025,1.8346859,0.48401615,0.35348183,0.5780376,2.2670155,0.5626532,1.6252528,2.0620737,1.5917746,0.28170392,0.8362813,1.9299703,0.07572021,0.028953552,0.15496148,0.36163384,4.105964,0.19663475,0.7607898,0.6317444,3.5695357,0.01711659,2.1509733,0.32450703,1.1803839,1.3312331,0.35821712,2.0952723,2.9139037,1.4139348,1.292664,0.16114685,0.6665475,0.025601288,0.19823621,0.3873897,0.24440938,0.5211353,0.3953167,1.1528088,0.29241815,0.86638266,1.7044781,1.8129596,1.3661742,1.4053462,0.040486768,0.2515177,0.11930801,1.3351461,0.98721325,0.1328424,1.0766722,3.2132773,0.2850715,0.06813647,1.8833954,1.5639963,0.040075667,0.12000136,0.48890585,0.5326756,2.4523027,0.11840148,0.82673395,0.48219392,3.387514,2.718738,0.4196231,0.7265345,0.42187372,1.9892198,0.066871606,2.8671534,1.3603007,4.349776,0.17412087,0.43280798,1.2850596,0.5506361,0.25656337,2.9021456,2.1825054,0.50389177,0.5183725,1.1134961,0.016700957,0.45681286,0.13911305,0.048037123,1.0471936,0.052365184,2.7224967,0.31159484,0.686219,1.3688949,0.25382173,0.5735827,0.06017994,1.699968,2.576635,0.022807756,0.09241957,1.3012574,0.221789,1.8557101,1.545573,0.47530067,0.05124641,0.7695366,0.879567,1.099925,0.073027685,2.6141775,0.028225387,0.15728642,0.019955957,0.0012592603,3.045688,0.022598973,1.513191,0.29656833,0.79263395,1.4653089,0.38105243,0.19041744,0.8949817,0.1350671,0.49226457,1.3418037,0.73954725,0.74045014,0.4934994,0.3668164,1.1697837,0.09048807,2.2548304,2.1816409,1.2825588,1.2580962,0.6236921,0.33528104,0.9756331,2.1600199,0.38339922,0.729931,0.5785985,0.07548636,3.262889,0.21564284,0.3057649,0.63946533,0.3364404,0.9039089,1.1049314,2.2265997,0.4035425,1.8835164,1.9912006,1.0801637,0.30550745,1.8327811,1.0910817,0.8491236,0.74363554,0.41261983,0.48326087,0.202055,1.7267443,2.1534657,1.9109683,0.4094272,0.24260765,1.5360718,0.09793552,1.0068699,0.83715385,0.4882687,0.18908146,0.46046245,1.4721426,2.4284384,1.6156887,1.0519894,0.7725447,1.5387133,0.13642418,1.2619513,1.2309922,0.5380486,0.118311256,1.7911628,0.005093831,0.39722028,0.7985876,1.3918098,0.2709927,0.29134354,0.28977963,0.34977612,0.9721494,0.18179086,0.40347192,0.9416326,2.2587519,2.6361077,0.42858467,0.71923983,1.7147354,0.9491969,0.91870624,1.5028391,0.07645071,0.58852565,2.050537,0.059222125,1.6447916,1.2914057,0.3929725,0.7254539,0.92365885,0.020537416,1.7049882,0.14695005,1.596875,0.5613319,0.72810066,0.17379923,0.9362679,0.55860925,0.5481815,1.6178622,0.40713656,0.027365755,0.41830742,0.15930972,0.01701856,0.11402766,1.1634431,2.116144,0.10620817,1.452433,0.84470147,0.028931243,0.66106904,0.79086596,0.70637345,3.4906998,0.05717163,0.016869787,0.6604361,1.166497,2.1539745,0.5250536,1.0000442,1.0199893,0.83110374,1.6095197,1.0475265,2.165415,1.5108964,0.7132976,0.30549592,1.856484,0.4816964,1.1753379,1.4124463,0.5534691,2.0703385,0.55080307,1.4783325,0.035323404,1.7655855,2.1880724,0.5821424,0.5937968,0.23945995,0.2505487,1.0206097,0.78097075,1.449585,2.2289343,0.0056811376,2.7001204,0.6231865,0.0159452,0.07269535,0.39725485,0.9565657,0.07106056,1.0372387,1.6092803,0.8654312,0.69478977,0.5405999,1.1666424,0.34378088,1.9643716,0.1551684,1.9406604,0.8404542,1.5341136,0.24179395,1.0202651,0.8744447,0.8855126,0.41363516,1.3796892,0.33329192,0.7922685,0.39110592,0.18271297,0.26341927,0.8993824,2.054195,0.57718587,1.0213053,0.34478545,1.4792043,0.6621755,1.1839368,1.6870068,0.0,0.2563335,0.09517928,2.1268446,0.19071178,0.77133065,0.28731823,0.14408241,0.31310374,1.871189,0.54283243,0.40808034,2.1633854,0.9185873,0.12662333,0.9059746,0.32157123,1.6180527,2.2352395,1.1297929,0.1238363,1.1536127,0.5347033,0.44243088,2.444349,0.086448066,0.48307592,0.04212237,0.7550149,1.649046,0.12992577,1.2232778,0.90296197,2.8621187,1.3698101,1.3439804,0.31464487,0.14387451,0.8977113,0.25795496,0.13111499,0.27142626,0.4470506,4.6134877,1.3001751,0.20755737,3.708053,0.36113894,0.1510784,1.7365718,0.8894445,1.1674609,1.5964866,5.8133526,0.5708108,0.73306376,0.66197914,2.2268994,0.1709301,0.5358158,1.1627805,1.1441202,2.184967,0.021167248,1.9530873,2.269193,0.35740075,0.05615085,2.2582102,1.6741333,1.3067836,0.49225366,1.220005,0.41054782,1.2855757,0.27947348,2.1802475,1.4812881,0.08961544,1.2844193,0.35231975,0.03400787,0.93698186,1.2884467,0.69233674,0.31108555,0.21989565,1.1045488,1.9173397,1.8517596,0.5245009,0.9164642,1.9616307,2.6458216,0.9159004,1.7905046,2.0181034,2.078426,0.13440722,1.4894495,0.045140702,2.0662487,1.464093,1.2860993,0.18059072,0.25801015,0.017920569,0.9220269,0.20370471,0.58770347,3.3138318,0.22231172,0.051411517,1.0479586,2.8497608,1.4288123,0.51307964,0.044661652,0.34978312,0.2946022,0.39514175,1.1682719,0.13652785,0.5768393,0.031274382,0.21263513,0.7948678,1.2870846,0.3914906,0.068338774,0.4904159,0.19519389,0.76724774,0.7105179,5.3589926,0.32939276,0.20003855,4.1581745,1.0151964,0.0,0.2376112,0.3332085,1.2275227,0.7002653,0.8582261,all_pothole_images\pothole_images_enhanced_c3fcb20e32b67022663c7b896a60d10f.jpg
0.77102333,0.82426983,0.064348966,1.7211512,0.005467058,0.60669625,1.0333099,1.0974839,1.0145062,0.3932687,0.61488813,1.3940415,1.2408705,2.5553272,0.60568523,0.8939888,0.27466407,0.6215398,2.2229261,0.5257704,0.5742074,0.7454032,0.92836446,0.715783,0.19262737,0.14204673,0.04765071,1.6199923,0.28568825,0.45604277,0.66834813,0.1535105,0.31781608,0.5677609,0.04786196,1.0370486,0.02379361,0.096604235,0.5038528,0.91420245,0.02172246,2.5797348,0.80683976,0.91163075,0.06606782,0.4880566,0.54456127,0.0,0.0,2.6516206,0.7427209,0.010333409,0.45671898,0.6761602,0.6281537,3.2555416,0.77913743,0.18027002,1.2263776,0.4777366,1.9413297,1.7382804,1.7921915,1.0289947,1.2444708,1.1750154,1.5199049,0.14970212,0.115311205,0.18225434,1.1798397,0.31780833,0.3469612,1.0716085,1.8121303,0.24399357,0.48446858,0.001462799,0.5925991,0.0,0.03981294,0.010706323,0.11337722,0.42615762,0.120206006,0.6874238,0.29060972,0.14498015,1.9377226,0.06493404,0.4092401,1.912166,0.2191571,0.18724027,0.63587344,0.20538,0.4820077,1.2313453,0.27497482,1.3557228,0.13082144,1.8341011,0.6738927,0.37129518,2.0312555,1.2427052,0.46223253,1.4326509,0.60592353,0.24025285,0.8232513,1.7314227,0.7152464,1.2785978,1.0096587,0.0028594655,0.25740308,0.46966428,2.4364102,0.9916246,1.6196947,0.55469334,0.13746205,2.5126488,1.2022965,0.24363776,0.019252576,0.46628475,2.3688855,0.78681564,0.13178688,0.10185326,0.43366486,1.3768517,0.025710512,0.12598422,0.60285574,0.75605726,0.024820367,0.8050315,0.68621725,0.04030648,0.1608772,0.4171932,0.5966438,1.5376939,0.07444004,0.12108929,0.20827948,0.7372345,0.6477572,0.4577858,0.016510233,0.31499898,1.3884401,0.9805824,1.0406681,0.22880067,0.27829912,1.5287426,1.9809985,0.36822852,0.025157217,3.3557372,1.3328176,0.7422242,0.873731,0.24783626,1.6914546,0.50932664,0.09261899,0.8357038,0.11592183,0.37358117,0.93677574,0.7833244,0.33853686,0.31450444,0.61367846,0.104400195,0.057612583,2.092751,1.0063871,0.6112386,0.6645648,0.5313211,0.3312785,1.1801286,0.23040794,0.27576426,0.20198524,0.19487081,0.7124176,1.5225465,0.0075800656,1.1764336,2.7984457,1.9621361,0.7627826,0.7947518,0.5382293,3.6161287,1.1765096,0.6657266,0.22300486,0.2683713,0.21345173,0.0,1.2368863,0.79475665,0.12699026,0.18206978,0.90689784,2.3482888,1.823544,2.786877,1.597112,0.27234268,3.7511587,0.022856902,0.26672286,0.6528821,0.79406077,1.8893379,0.15515101,1.1188341,1.2187612,0.5854823,1.0070264,0.6119029,0.7601512,1.5964987,0.48445246,0.7563584,0.12698795,0.3083684,0.8486275,0.8088436,0.39397508,0.029500868,0.761608,0.26166922,0.4261753,0.012823467,0.3955719,0.13746598,0.41907057,0.49845046,0.89242005,2.041605,4.4694934,0.18161869,0.20676926,0.0,0.48779124,0.5875784,0.52128017,1.1119365,0.7014948,2.258314,0.7499164,0.69559836,1.7770809,1.1782634,0.7859239,1.8135958,0.011129744,0.7155256,3.0364218,0.08042458,0.07679627,0.13917878,0.6726871,0.00778645,0.2032595,1.1324602,1.0707759,0.72147626,0.56301713,0.00020098929,0.24236523,2.0188491,0.17927597,0.4863141,1.1941614,0.32713234,1.9788127,0.18893397,0.6908623,0.4343407,0.62028027,0.7758798,1.1360875,0.788942,0.24017084,0.18545398,0.3444978,1.0367665,1.636539,0.4991168,1.4509995,0.9436096,0.62624747,0.71150064,1.6356453,0.34486964,1.0593529,1.2676538,0.499019,0.50787735,0.4274016,2.3742752,2.3779433,1.6708311,0.17748624,0.9804498,0.47969782,1.5484556,2.4242218,0.4961726,1.1531667,0.0238088,0.15749946,0.35637665,0.74693024,0.61533886,0.10960271,0.26741964,0.9089102,0.1665048,0.10058228,0.66514856,0.0,0.25574353,0.027067376,0.3734276,1.4585251,1.5732505,0.9015237,1.13066,0.78582436,0.707264,0.7575123,0.937862,1.5159632,0.008293168,0.2664813,0.30367273,0.20676988,1.2201607,0.6317263,0.9973989,0.5523404,0.8577404,0.12562568,0.54846954,0.17455673,0.27024445,1.077482,0.75150657,1.2627395,0.94284385,1.4817889,0.8438439,0.0055938023,0.12244654,0.49824372,0.35254562,0.6742595,0.42813647,0.9699095,0.8210903,0.49588206,0.46113703,1.3977356,0.90704626,0.92716026,0.96721244,0.2756441,1.5700562,0.11946771,0.47858927,0.282062,0.8329675,1.0153747,1.2893037,2.3247979,0.34894887,0.19562855,1.2689124,0.19289267,0.70102924,0.22920826,1.6423609,0.0,0.88609326,1.0155754,1.5397954,1.0999413,0.08437907,0.7484116,1.0351406,0.03527614,1.8124162,0.22694439,0.08652247,0.19705056,0.40177676,0.14004357,0.8295978,1.4742948,1.1672745,1.1612325,0.09840881,1.1023066,1.3676053,2.7267008,0.6859185,0.09343131,1.6921463,0.7792025,1.9209896,1.1066016,2.1529553,4.339177,0.012239698,3.4299932,2.2169404,1.2348263,1.0512555,0.19434471,0.76315737,0.35203642,0.7658575,0.092831396,0.9198767,0.24640192,0.38391665,1.0599061,0.093866386,0.9668537,1.0767303,0.82811713,0.031097457,0.74814326,0.116934784,0.5004708,2.0649223,0.9199135,1.4022708,1.6257035,0.0980699,1.5823414,0.6230031,1.067676,0.39770716,1.5818279,0.44221178,1.1906568,2.8892653,0.58257604,0.60991406,1.1360576,0.3331237,0.95482075,0.34655386,0.009613288,0.07372627,0.4919331,2.0214822,1.0789524,0.623515,0.4442473,0.22937402,0.85223883,0.9821003,0.9713015,2.186378,0.056752212,0.0018875019,2.0335119,0.397178,1.6486962,0.1996253,0.038397506,0.37550253,1.5946078,0.03888112,2.3345554,0.32196942,0.22000456,1.288389,0.05420048,0.44610626,0.28627956,0.033453032,1.0826443,0.008598087,0.009788482,0.34564123,0.5499433,3.260052,0.8186486,1.9837052,0.62262595,1.5346869,0.0,1.1343954,0.24140294,0.5290734,1.8502365,0.25499222,all_pothole_images\pothole_images_enhanced_c4269ebb791653bc9a5c29e32b97e80c.jpg
1.2058603,0.63695455,0.38316968,2.3577616,0.41415253,0.03470368,0.1306194,0.013369187,0.51900935,2.2957585,0.12649895,0.19972947,0.008879719,1.8821467,0.09997328,0.14494242,0.023735514,1.3676571,0.42129025,0.032666728,0.44594085,0.8846577,0.7625598,0.3984539,0.75032043,0.70513713,0.6873712,1.5702109,0.69883305,0.08037651,0.0,0.0631768,0.022642957,0.036717284,0.0,1.3707429,1.8064537,0.764811,0.34680822,0.013281783,0.18128417,0.8726878,0.5368315,2.3893769,0.87565076,0.81678426,0.037677158,0.28571898,1.1474601,0.010455827,0.13621101,0.9623282,0.1364214,0.2104004,0.0,0.41002455,1.0103825,0.019175814,0.22524929,0.04837682,0.0022892756,1.1215843,0.5036032,0.36167893,0.84554404,1.2155427,0.25272015,0.17170672,0.0059369155,0.0964193,0.51287276,0.1609022,0.011553475,0.15707907,0.17555824,0.1342053,0.38796505,0.49508604,0.0021235019,0.091189675,0.049085665,0.042560227,1.0909805,1.0083249,0.10814567,0.0,0.046453316,0.113581724,1.9931017,0.11621431,0.28413022,0.7488408,0.0,0.009618435,0.6345371,0.10633104,0.92180973,1.2891126,0.57768553,0.07762766,0.10566668,2.385832,0.39808047,0.07850807,0.677965,0.0,0.25940242,0.09366726,0.45784977,0.17871885,0.0,0.57965887,0.5725006,0.5828599,0.5412227,0.12548403,0.0021962696,0.07632602,2.0664077,0.7460555,1.7562498,0.13244256,0.06101942,0.37941492,0.01588149,0.14165327,0.10207702,0.3751248,0.09364745,0.18739776,0.0077649485,0.104772344,0.014714818,0.0017121764,0.19165467,0.0,0.024098864,0.3582994,0.49519822,0.21617113,0.21978547,0.10307873,0.45817393,0.11718349,0.0033051798,0.4257817,0.13245483,0.08784076,0.18252777,0.23913297,0.7487511,0.53343844,0.0037999183,0.6056952,0.8057304,0.32177532,0.17453569,0.0046262164,0.9804782,0.084846355,0.4555968,1.0659451,0.56299365,1.0871142,1.0629731,0.42580876,0.3582057,0.009955615,0.6187847,0.6196321,0.36081305,0.42006364,0.11012536,0.054248333,0.11705003,0.40658942,0.21518952,0.1377727,0.45813388,0.03236633,0.032299493,1.5110346,0.9156077,1.365324,0.9989441,1.1835207,0.3241243,0.9775254,0.04332636,0.053301252,0.0,0.0033132278,0.26101148,0.0059044543,0.7247986,0.0,1.8568082,0.10623262,1.3953068,0.83109415,0.19210634,0.6266652,0.017311145,0.58238393,0.11783245,0.15042661,0.11327289,0.0456821,1.4646634,0.15984869,0.08538987,0.012594323,1.2305696,1.826931,0.8601687,0.4900901,0.19721304,0.042906202,0.010511232,0.46059316,2.3712144,0.0,0.177044,0.16806158,0.0,0.0,1.2373632,0.11157161,0.71385837,0.3213108,0.06702801,0.023445591,0.43955708,0.20821302,0.022912813,0.12341653,2.2437449,0.21249774,0.043986965,0.46013132,0.06696404,0.26636553,0.00783813,0.38623878,0.19985937,0.0,0.16502193,0.19921769,0.23877627,5.9398437,1.2435377,0.050780475,0.0,0.4712298,0.0,0.94492865,1.07919,1.1157646,0.16174667,3.261495,0.0,0.17097014,0.32814592,1.5251695,0.0,0.29565802,0.52985364,0.078500494,1.3985194,0.0,1.4767039,0.0,0.29197377,0.2394906,1.002557,0.41097736,0.22130935,0.41727847,0.15829222,0.60489935,0.7230978,0.11057539,0.4625899,0.1961737,0.0,0.6893235,1.6349521,0.18769668,0.41045067,0.10761017,0.21617147,0.1961792,0.057572592,0.2713757,1.2967012,0.5820437,0.0384668,0.3702272,0.55430585,2.7205353,0.8906399,0.49278718,0.004650475,0.130174,6.12528,0.2150158,0.07504624,0.15664816,0.024609838,0.23168367,0.24304028,0.9598115,1.7157074,0.44069895,0.73860556,0.58802134,0.0,1.8505887,2.8640506,0.2281771,0.6119485,0.034782343,0.452985,0.0,0.5640031,0.04134703,0.67458826,0.0,0.27824318,0.81894773,0.84467506,0.0,0.0054510133,0.09091054,0.015772954,0.03264936,2.4595916,0.46284384,0.017484173,0.31336626,0.25866324,0.84048086,1.0964324,0.48173967,0.1564349,0.25917798,0.03309298,0.2868032,0.24343544,0.6561973,0.61465585,0.5630848,0.25249365,0.29761758,0.45898086,0.16629799,0.18397383,1.5831072,0.27934358,0.11057499,0.0,0.6303131,0.43311286,0.36358735,0.12856254,0.042848986,0.11485405,0.012611621,0.24022721,0.31034145,0.3040419,0.24470222,0.24527584,0.06882146,0.043795303,0.145727,0.11282172,0.0068831067,0.09734875,0.04808203,0.7684698,0.001019065,0.43136293,0.08597868,0.72913116,0.092596315,0.816324,0.010934364,0.4942138,0.4120299,0.34388748,0.024285492,0.32016742,1.2249609,0.10574609,0.32234067,0.76789635,1.1056956,0.29864484,0.043658435,0.2068088,1.8405198,0.22268245,0.1260076,0.73391956,0.631719,0.19919974,0.96762097,0.105970286,0.10904234,0.013740623,0.1961599,0.10069473,0.18312708,0.0,0.13216509,0.2802462,1.2596663,0.04904269,0.017686205,0.79632366,0.09494487,0.97784054,1.806215,1.8297639,0.11209115,0.22327706,0.10205049,0.15595745,0.66745764,0.16521761,0.0021295163,0.16348954,0.5551404,0.23220038,1.3854772,1.2864671,2.0595548,0.3955845,0.013752631,1.8187579,0.6450764,0.15034074,0.0,0.22646745,0.0,0.88566804,0.19870384,0.8180909,1.007244,2.92813,0.13323638,0.30104282,0.6951432,0.50019807,0.6439542,0.07945459,0.037027635,0.41378492,1.4255204,1.0860181,0.01953242,1.6863532,0.09315904,0.34481227,0.03212716,0.37571886,0.0281592,0.03700929,0.033983145,0.017592724,0.21874759,0.11442916,0.0,0.28970882,0.05182875,1.3355312,0.9299039,0.42780107,0.15213095,0.35916397,0.9600301,1.0993656,0.111782655,0.13305603,0.0041490737,0.12138094,0.015766734,0.98196346,0.14196645,0.1523832,0.88034445,0.009142559,0.18385239,0.0001442268,0.0,0.060146395,0.10407195,0.14681166,0.07175711,0.37272596,3.6933625,0.0,0.45655873,0.42055765,0.64985234,0.18869069,0.015510194,0.2622933,1.0671873,0.0,0.17040245,all_pothole_images\pothole_images_enhanced_c445a20b672b06a23d781def0463d924.jpg
1.844981,0.75427735,0.5328256,0.5647227,1.643655,2.1106906,1.3220607,0.04442234,0.5656932,1.3983951,0.49516135,1.4456352,2.227994,0.33047894,0.5115098,0.03175771,0.07012049,0.55981505,0.19467354,0.50704026,1.173588,0.60524327,4.3854094,2.235529,0.19962393,0.035637204,0.5266534,0.30703533,0.41594315,1.7990688,0.39933088,0.028866904,0.48640722,2.411565,0.50707346,0.035393108,0.9520798,0.4073377,0.45916206,0.08119871,0.0,1.5031902,0.21710728,0.34786174,0.3688567,0.3603385,0.3540647,1.7516794,0.22050081,0.09891641,2.208381,4.2905183,1.6241511,0.43586507,1.0304517,0.14164378,1.0325983,1.2104154,1.4140192,1.0246706,0.17126483,1.6788533,1.3087506,2.2463195,0.9684235,0.35923964,0.30380145,0.26117876,0.09664073,0.38277066,0.4048893,0.40224332,1.4844683,0.015011471,1.2959061,2.1310236,0.18907402,0.34925306,0.0043132524,0.15758446,0.5045889,1.3617325,0.75706136,1.2652351,1.7308238,1.1016995,0.65636164,1.0391966,0.6208477,0.7415287,0.8994329,0.4798858,1.088388,0.19529556,0.8904232,0.7006193,1.1386416,1.0076828,0.17079064,0.02097238,0.21988086,0.57785124,0.085822806,0.2717006,1.0141243,0.50798607,0.3326718,0.41986465,0.7173063,0.7860192,1.0239125,0.74853265,3.8564467,1.8113928,0.7397034,1.2736889,0.7582833,0.06310589,0.23143597,0.8219954,0.22432145,0.9710377,2.2809997,1.3470923,2.4526002,2.4188929,0.5172547,0.25540325,2.5241027,0.68664956,0.49038213,0.24720816,0.028924508,0.2141058,0.016300444,0.5833646,0.18073285,0.77894604,0.9752828,0.28526637,4.095079,2.851515,0.14724149,0.9772395,0.09689387,1.758044,0.025073163,0.9666393,0.37710494,0.41271213,2.5947554,1.3459027,0.3205387,0.03432565,0.3187715,0.26576543,0.6431354,0.28649288,1.2325774,0.3796379,1.753389,0.0657548,0.06991928,1.2887944,1.3099298,0.30808747,0.44857457,0.40583932,1.3215843,0.29060966,0.067189164,0.075070284,0.0002023728,0.06296177,1.002086,0.7624321,0.47203508,0.11952225,0.24408935,0.333249,0.52213514,0.45792452,0.59464294,1.6219336,2.0548682,0.18202941,0.16757847,0.08406488,0.18916915,0.03534936,0.60064465,0.026669534,0.28738585,1.2816734,0.043930393,0.46224368,2.6256022,1.3392498,0.7641867,1.539769,0.6081945,2.4620574,0.070805974,0.2366215,0.34311232,1.0049174,1.0933855,0.7048388,1.5119268,1.0181973,0.39224136,0.81567824,0.09128702,0.57946634,0.7189932,0.25591975,1.9725037,0.6152845,0.86909163,0.16163021,0.47072363,0.005767884,1.7655213,0.38035908,0.7647947,0.05663383,1.4545717,0.16115846,0.7129363,0.0004265949,0.3385193,0.71130705,0.29154444,1.4251422,0.92462575,0.018224163,0.0,0.37160516,0.73783016,0.9323809,0.36604792,0.10127762,2.6813242,0.13608478,0.02013979,0.3898882,0.4490727,0.42947793,6.0946565,1.8732978,0.82717085,0.037646834,0.13339522,0.06072363,0.9119329,0.22259466,0.06909201,0.340041,0.1081532,1.4214343,0.36796242,1.9499364,0.2497338,0.2025033,0.32276574,0.40971425,0.1569445,1.0714573,2.6446433,0.51328224,1.2611656,0.24040629,0.4762914,0.50183904,0.25092435,1.2906432,0.6994235,0.24687858,2.1776412,0.13314559,0.14435959,0.6595416,0.4236917,0.22416873,1.3310694,0.3160078,0.29612362,0.46831912,0.903574,0.09713588,0.9835854,0.16980524,1.5631741,2.5362947,0.343153,0.325185,2.9833474,0.83043116,0.4341917,0.85566384,0.49825853,0.28400317,0.1830223,0.28971258,0.8118249,0.36716437,0.96398735,0.06312309,0.24464792,0.1414284,0.21298848,1.3420548,2.225392,0.90091693,0.18920977,0.052258834,0.60220385,2.191208,1.1144943,0.80087775,1.5263374,0.5666345,0.276592,1.7988831,1.1396338,0.752574,1.9482112,0.6812115,4.0552917,0.4115541,2.5040092,0.75775695,0.0025991276,0.69276756,0.30997986,0.485046,1.788736,0.001497515,0.4762047,0.15455543,0.63365406,0.9468059,0.064431615,0.2189818,0.5233071,0.23140503,0.60494107,0.45580843,0.19137439,0.8883299,0.15785933,1.6856091,1.4382583,0.39300707,0.601813,0.20250233,0.9926955,2.4394343,0.03482046,1.6570817,0.8199847,0.09736942,1.6005516,1.5120432,0.015742106,0.030271882,0.7128579,0.7374477,1.1869555,0.91957074,0.26180685,1.466475,0.24851967,0.5946621,3.2586253,1.6170264,2.3668602,1.0658976,0.9077024,0.9465907,0.31455857,0.040726304,0.48259738,1.454083,2.5845046,3.3089948,0.88171595,0.099639036,0.3411247,0.63966227,0.17792434,2.3778079,0.7761115,0.5279118,0.038126618,1.5385262,0.026341228,1.2577807,0.4495452,1.0566561,0.13811155,1.5287943,0.29359186,0.963421,0.561852,0.18235914,2.1102095,0.26843715,0.25481018,0.9211885,0.28983283,0.87528074,0.28905442,0.031463336,2.315479,1.2441189,1.5308986,0.47891253,0.19774242,0.06608924,0.0048481603,0.59782845,0.85743284,0.7749967,0.78697675,1.0590426,2.3187494,1.8976779,1.020572,1.4943075,0.18342085,0.9265606,0.0026218349,0.33713263,0.0,1.485558,0.46989262,1.0824834,0.8371895,0.71667606,0.80175084,0.18159492,0.22202405,0.46022296,0.36278877,0.092374906,0.8441225,2.3995872,0.98030585,1.0515698,1.5347818,0.12362093,0.064932786,0.20040487,0.3244251,0.8214997,1.3913689,0.0030799739,0.52814215,0.12645523,0.8776724,0.6634623,2.0592754,1.6402793,1.3713634,0.76180625,0.0041127345,0.09611166,0.39094576,3.0799143,0.6239731,0.049734164,0.7476041,0.6059804,0.5783213,0.71436775,0.039151184,0.8272314,0.21613751,1.7135373,1.143018,1.173525,0.2559693,0.98680735,0.14319167,1.3925112,0.98673224,0.064077124,2.4334412,0.47914422,0.118026465,0.59105647,0.17540602,1.0760101,0.5146164,0.020871047,1.2814124,0.0,0.04390474,0.008488243,1.1872641,2.5656934,0.28243706,2.1555047,0.960371,0.8865393,0.83850235,0.9588903,0.09627988,1.4565302,1.6602967,0.18983221,all_pothole_images\pothole_images_enhanced_c4b6b9e3718e3cfdb71e90e7863c43ed.jpg
1.119636,1.326477,1.115819,2.2471359,1.2356404,0.09725693,0.31133813,0.0,0.36246088,0.53518766,0.25563377,1.0374115,0.0003985105,1.1644956,0.41296795,1.662185,0.15094957,0.0137691265,0.11084732,0.00037272426,0.38839483,1.8815099,1.6482419,1.152654,0.7736924,0.52445525,0.043496706,2.3305683,0.09608431,0.8376631,1.9369179,0.11613623,1.0337216,0.3383485,0.6813006,0.2085474,0.7083406,0.41524047,0.5055494,0.5864699,0.014165349,0.5017275,0.8613654,0.7910228,0.84384054,0.031004835,0.29061824,0.26047394,0.18063694,0.10898833,0.3610827,0.5770818,0.2762573,0.14017248,0.0,0.35572216,1.2922864,0.15090899,0.12359228,0.067833066,0.0,0.34499443,0.47808945,0.5026976,0.37466764,0.23540302,0.2312916,0.13642631,0.113561995,0.034369364,0.38111144,0.00703454,0.2461185,0.48964745,0.023398751,1.4003848,0.32791686,0.36492068,0.011634879,0.7739091,0.6433384,0.2794806,0.056135356,1.3909906,0.37153235,0.6973091,0.031833194,0.1354706,4.0025754,0.8435198,0.1489568,0.016512353,0.050339904,0.057663508,0.16535856,0.11662817,0.3032608,0.80574083,0.070873246,0.69620234,0.16888672,1.3682023,0.6198283,0.6744856,1.3009385,0.0,0.11144496,0.11654294,0.5887798,1.667749,0.0115011,2.358523,0.44571286,0.77306193,0.57638526,1.0837051,1.932903,0.17472237,0.93267465,0.96676624,1.2384123,0.3787448,0.2538097,0.6511448,0.9298636,1.0149511,0.7319834,1.0401708,0.30663532,0.47584027,0.25404525,0.07152092,0.20703545,0.001250941,0.30354172,0.16625702,0.053736422,0.512751,0.05171325,0.0001335122,0.33061644,0.6873421,0.2035485,1.8769668,0.39335483,1.2047721,0.1781145,0.9578761,0.12522773,0.5657593,1.4458643,0.3567266,0.558403,0.5822306,0.99090654,0.35283664,0.32826576,0.049398392,1.1938283,0.34803507,1.3127036,0.28142583,0.10662124,1.7029808,0.2695302,0.7078237,1.3123275,0.010287195,1.372616,0.5706969,0.020916592,0.5199695,0.19917777,0.022673767,0.6726486,0.16701189,1.1904305,0.0015766069,0.014634137,0.034611207,0.06037803,1.0870376,0.4174803,1.2787213,1.2105156,0.118504494,0.18468133,0.12506127,0.8504092,0.3018756,0.6726273,0.599426,0.08252621,1.8285018,0.9046678,0.27076676,0.6308636,1.7778033,0.49087298,0.25982502,0.9372361,0.09210201,0.00428194,0.1865719,0.15617487,0.48887134,1.3172706,0.28582045,2.0776956,0.18957043,0.3348595,0.25770515,0.440128,1.2783619,0.8813986,1.699635,0.33737952,0.0,1.891022,0.03810295,2.7790358,0.0,0.44428876,1.1739477,0.20443647,0.47989902,1.2651627,0.6711891,0.6819078,0.3303467,0.1934145,0.34500724,0.29514936,0.07400514,0.36348143,0.1351743,2.2750494,0.07777692,0.72832674,0.24142015,0.5097425,0.018491954,0.39299944,0.36084723,0.0030754607,0.003728972,0.5335183,0.1146439,0.4983886,2.8433454,0.8098738,0.20825775,0.17853536,0.049559645,0.8245439,0.0,1.303408,0.013550354,0.5316035,3.0102346,0.9701294,0.46243402,0.7130353,0.022502346,0.48961756,1.4543504,0.430944,0.20833182,3.3934145,0.10834555,0.33058205,0.0058031916,0.35347155,0.58330303,0.10057161,1.3500123,0.0028075916,0.50962347,1.1855258,0.6845158,0.16971374,0.20990075,0.8921397,0.7892761,0.34779042,0.5404714,0.4522309,0.7389286,0.23136778,0.016570421,0.090943344,0.61115867,0.44522658,1.1293571,0.160031,0.54283226,1.3575513,0.44712996,0.019726574,0.57687235,0.3496914,0.16544761,0.019494195,1.490648,3.8548875,0.07301302,0.32903925,0.38019007,0.5100433,0.1850717,0.6127411,1.9302094,5.936644,1.5978613,0.29339808,1.4116052,0.0,1.275368,0.8034363,0.14636065,0.7793224,0.49226308,0.47583726,0.4027871,0.18222326,0.1768596,0.97101974,0.67712104,0.9186227,0.16917963,3.8986268,0.09312362,0.03802865,0.24242932,0.061129194,0.19329971,0.91283494,0.5292759,1.0782857,0.014498337,0.73172814,0.6530497,1.9375719,0.002386568,0.29835764,0.03272244,0.48813885,0.006001059,0.20054887,0.305909,0.07083867,0.7876218,0.43953446,0.5428721,0.18646269,0.031166129,0.37546945,0.30385345,0.0845726,1.2102249,0.39480865,0.6573782,0.75534016,0.45219544,0.100957826,0.64371264,0.8367625,0.05809055,0.63275456,0.42095768,0.13314931,0.4244843,0.2637789,0.014378931,0.8026347,0.25858435,0.34616703,1.2501653,0.18711062,0.1976681,0.6770091,0.040178716,1.1621215,1.2235086,2.7930105,1.0381702,2.1005104,0.054292504,0.076440185,1.47571,0.45323697,1.7300051,0.054130554,0.1219744,0.0046867225,0.70084953,1.0621547,0.37877163,0.014249571,0.0019708702,1.1421366,0.6817729,1.227923,1.6445315,1.0727621,0.49471146,0.60505444,0.27954635,0.06999178,0.056755356,1.0989351,0.13669391,0.7562953,0.17764314,0.0007802031,0.204781,0.40419623,1.1425911,0.7052753,0.06269949,1.0919809,0.50563306,0.96702194,1.8739018,1.0693023,0.51871806,0.8216349,0.8842937,0.4578917,1.2758232,0.5309174,0.26160806,0.17545195,0.3813039,0.14391835,3.844661,0.3724077,0.46677125,0.15831876,1.0435982,0.5948893,0.13682896,0.19791287,0.042911887,0.14392051,0.0008357176,2.5284529,1.1429082,0.31983444,0.4699229,2.4195774,0.20497069,2.0451567,0.6752573,0.36372635,0.6209173,2.8566327,0.61339,0.2027306,1.0216408,0.45380923,0.32172647,0.2857221,0.003231619,0.5273257,0.42551455,0.091439724,0.11392679,0.47887763,1.4444374,1.3669354,0.102456026,0.09744927,1.2097887,0.27825594,0.24679165,0.43677193,1.3473282,0.1930872,0.83512354,0.8256051,2.280896,2.02094,0.8219143,0.002705726,0.59433043,1.4300284,0.39637318,0.8308598,0.23087552,0.34185213,1.6206253,0.09989594,0.0,0.0019440082,0.07198429,0.4339442,0.12668586,0.0,0.08750773,0.012418552,5.635305,0.52719396,0.6559996,0.5288336,0.2423281,0.0,0.6594687,0.32246518,1.3235613,0.09583283,0.109926164,all_pothole_images\pothole_images_enhanced_c4ffcfd5a56467689da292b6dcbed00c.jpg
0.96251565,0.97048014,0.21772139,2.7765312,0.19523901,0.1744874,0.25414452,0.042289715,0.10802822,1.1686938,0.6296325,0.19816738,0.19952255,3.025584,0.0,0.24513505,0.6444456,0.5992365,1.7006149,0.03135295,1.718586,0.1893029,1.0640577,1.7503285,0.97775584,0.37100577,0.11917197,1.9444212,0.011136674,0.13566472,0.61633074,0.6592517,0.00010009911,0.8671284,0.23946624,1.1535221,0.506432,0.29382262,1.036947,0.16535774,0.016627116,0.41309854,0.64653504,1.5744832,0.7749614,0.48049855,0.2541107,0.13064256,0.3045736,0.1992328,0.317975,0.031985827,0.6850878,0.09372013,0.08722227,1.2818621,0.21580455,0.040075183,0.37613806,0.25815967,0.11703466,0.16713469,0.10242357,0.52838767,1.9205403,0.16115327,0.7738643,0.0,0.80012167,0.040281646,0.57718575,0.07756514,0.2880261,0.3045801,0.90170354,0.48086056,0.0007646333,0.28550526,0.17638782,0.019765265,0.08257904,0.33024803,0.7085249,0.8889835,0.39186725,0.06251395,0.15183623,0.16282026,1.355429,0.33909824,0.8904898,0.5454986,0.047251515,0.7091169,0.4567748,0.33555335,0.3278987,0.6710777,0.13275813,0.48239622,0.01206488,1.2318041,0.010842065,0.020172192,2.8778446,0.7849524,0.36192018,0.27351078,0.64863706,0.8632163,0.11075713,0.074734956,0.98076206,1.1018775,0.20421197,0.23263648,0.01481124,0.17521663,2.3664138,0.8234595,1.0315785,0.453567,0.4543447,0.49793667,0.3587068,0.10474251,0.05602386,0.67886084,0.43026328,0.78950655,0.55880547,0.0530015,0.014085601,0.3264706,0.53153974,0.31865403,0.46926144,0.21268561,0.15569067,0.12991261,0.21521492,0.08844415,0.7205025,0.49489492,0.13825876,1.0304865,0.0529803,0.16229232,0.24763165,0.15710509,0.34645182,1.2809482,0.17261411,0.28725854,2.0482976,1.1479479,0.61031353,0.51443136,0.5612017,0.35561433,2.003606,0.7552343,0.34578606,1.291534,0.5873328,0.24542615,0.7345757,0.13082738,3.4776306,2.2577415,0.069789246,0.1254776,0.032300964,0.21676561,0.22883777,1.4172454,0.5627231,0.057011034,0.03761388,0.23065528,0.009988457,1.3237386,0.016500793,0.47742245,1.118629,1.8625169,0.027875107,0.23580025,0.19979191,0.5247767,0.06804434,0.5423464,0.9423557,0.9994027,0.1605402,0.40131548,0.8996471,1.2170112,1.2101674,0.33400157,0.490541,0.704845,0.10932033,0.058318526,0.21668373,0.015999917,0.62848884,0.0005155835,1.9418948,1.1902125,0.32271647,0.284613,1.2460916,0.8253172,0.32694894,0.7065367,0.722169,0.17287503,0.30932426,0.071865246,1.0297755,0.0,0.43655738,0.001799749,0.0,0.0,0.054967772,0.01252672,1.5635659,0.16038555,0.01958059,0.25371274,0.8711317,1.5183233,0.16988865,0.15510504,1.3083719,0.16744277,0.060403306,0.53027534,0.19528697,0.16845979,0.15700833,0.8721728,0.83484703,0.0,0.60850126,0.62374914,0.777586,5.123413,0.29783762,0.118159086,0.022138469,0.07773787,0.84672755,0.3267342,0.8994049,0.377851,0.21919756,4.7480946,0.6487376,0.6855968,0.68906534,0.027167011,0.0,0.317216,0.6405801,0.5424984,1.3355875,0.14564326,0.1983897,0.21901336,2.1107366,0.0845988,0.43296623,0.45024607,0.47503784,0.10591663,0.39598998,0.22442622,0.19965817,0.37319952,0.256609,0.18261951,0.067341276,0.8911824,0.80599165,0.0748516,0.017253004,0.040523574,0.115353614,0.30585435,0.043423485,0.6005983,0.30724326,0.3788703,0.4874906,0.08793815,0.03782905,2.685271,2.1970813,0.50778073,0.00032178985,0.042402316,2.3056345,0.10118345,0.60057455,0.014528819,0.48568553,0.11460521,1.0033442,1.1549872,2.2213213,0.93942696,0.39986894,0.45811772,0.0074641947,1.9368721,2.3989568,0.2745,1.1196071,0.05827419,0.18369573,0.18615456,0.023259994,0.5061657,0.3297274,0.052932996,0.21251707,0.11667943,0.60349536,0.2127465,0.31089246,0.054583605,0.06303172,0.0023665696,1.7052546,0.2673055,0.4963471,0.0033629208,0.53133196,0.36673626,2.2618499,1.1299692,0.029380005,0.010862657,0.121713385,0.7515095,0.2759073,0.34816137,0.031088086,0.29532608,0.029717393,0.16650315,0.3129432,0.162745,0.0008529529,0.9607387,0.3653106,1.3109286,1.3402528,0.2321954,0.93827546,0.18154983,0.0,0.013495713,0.5329219,0.19626226,0.25819975,0.7830943,0.5955706,1.174695,0.8053717,0.13396448,0.20251924,1.0610635,0.3991243,0.004649622,0.617671,1.0649699,2.292843,0.34677675,0.0032775993,0.48507667,0.5583964,0.8011,0.74897337,0.10526986,0.22193779,1.5788889,0.009318419,0.73987734,0.0,0.77766204,0.0,0.6472346,1.1560671,1.2383949,2.3246891,0.16131815,0.28680965,2.4926243,0.47930923,0.0011622589,1.2267743,0.4274591,1.2511139,0.1261497,0.32914898,0.073231824,0.40469235,0.46970725,0.47826895,0.1272419,0.011929303,0.48576266,0.4984768,0.18147077,0.21685374,0.2381885,0.972594,0.5362817,0.17848463,1.398618,1.570303,0.3170077,2.5729089,0.29253805,0.7371733,1.031461,0.0,0.7953902,0.32345635,0.1568591,0.03178872,0.6971426,0.5088658,0.78014094,0.0014754147,0.04449171,3.1663132,0.19923599,0.43669313,0.0,0.23673363,0.0057035196,0.084574476,0.14028808,1.1688184,1.8758123,1.9908705,0.34233734,1.103941,0.46696806,0.7523716,1.2766978,0.3368649,0.20324734,0.38686877,0.7817098,1.8442823,0.9419877,1.7940396,0.149562,1.0300462,0.0,0.1620808,0.0,0.036234926,0.1821861,0.28363279,0.29626942,0.0635706,0.111589335,2.6831932,0.0074109547,0.4930425,0.90459645,0.52163833,0.3951187,0.3514141,0.17020229,0.508247,0.36981577,0.46205184,0.2866649,0.023161333,0.050518226,1.5219367,0.0,0.6906767,0.31148556,0.10353452,0.0,0.18085176,0.0052910643,0.07815291,0.3790262,0.6642849,0.06749086,0.46180475,3.1926088,0.37912184,0.593551,0.39930356,1.3077623,0.5009333,1.7888141,0.08417252,1.5838312,0.2213606,0.2577104,all_pothole_images\pothole_images_enhanced_c539d241407c47f5572d27c928c384a7.jpg
0.17917961,2.950049,1.0932245,0.3138239,0.9811721,1.0547771,0.10920234,0.87462336,0.68725944,0.40561166,1.2544916,0.06488594,0.31778562,1.7018578,1.0558318,0.465587,0.46894112,0.08626639,0.0731524,0.06328421,0.17160532,2.6009235,0.30089125,1.0700909,0.034973238,0.53597873,0.58879167,2.7471294,0.08929124,1.0985408,0.5868248,0.33922046,1.8603697,0.42611504,0.40074882,0.66854364,0.09563882,0.6576846,0.39504418,1.0535662,0.5762118,0.047302872,0.0029371455,0.8633726,0.97206026,0.032417826,0.18867311,0.3374245,0.6258869,0.12952015,0.98769206,0.14631261,1.5561192,0.6059824,0.22332054,0.8248301,1.3139772,0.19380893,0.4147845,0.17890494,0.659736,1.4202532,1.8312203,0.6926024,0.2161351,0.6826808,0.42246425,0.53220946,0.82775193,1.2827458,0.18707809,2.1031973,0.5286027,0.0,1.0850619,0.6215183,0.9461302,0.32264414,0.55414194,0.6958334,1.7333404,0.63865393,0.055580303,1.8957257,0.8928796,0.31038934,0.7124159,0.5438785,4.3299923,0.109507784,0.09718248,0.417926,0.903462,0.6964686,0.032585714,0.8019455,0.22514836,1.7238816,0.41268983,0.4600468,0.0,2.3859944,0.3675221,0.5522429,0.09028957,0.78564095,0.38189662,0.15986805,0.04034783,0.16342601,1.9670274,1.034172,0.27442676,0.8734419,0.75574267,0.7509925,1.3058823,0.2514493,1.2006657,0.20456819,1.0432459,0.3656028,0.6777062,1.1405319,0.32855007,1.5604783,0.05036625,0.73547876,0.03678205,0.59151596,1.9729931,0.60456747,0.5776606,0.2102922,0.35353535,0.098608345,0.27453947,0.027299773,2.3754256,0.9505511,1.0895407,0.14353612,0.5533629,1.1003587,0.60331917,0.7723802,1.5416479,0.06637408,0.7445216,0.70613843,0.18468107,1.4668775,0.29534292,0.33428216,0.7265514,0.52856386,0.65521324,0.89074326,0.94280165,0.7104109,0.59578407,0.39045784,0.014265057,3.6696932,0.6177323,0.12835827,1.1341567,0.4322417,0.9292969,0.48804748,0.33298254,0.074140206,0.04537699,0.59114575,0.4784113,0.03695589,1.085053,0.017430937,0.715256,1.0491239,0.37959054,1.5432571,2.3961103,0.66418034,0.81668276,0.30208904,0.72698945,0.77637213,0.28271538,0.90593135,0.2951391,0.25382885,0.28889158,0.56398594,0.17380351,0.031802032,0.5172778,0.05950261,0.13186921,0.27360332,0.15622894,0.31059876,1.0337076,0.43557432,1.0386102,0.49645206,0.37710854,0.7080978,0.44633502,0.14292738,0.010421106,0.72305304,1.5306498,1.2756375,0.38537267,0.3818947,0.27630985,0.025384102,1.2215291,0.92259485,1.653442,0.0,0.36007202,0.76419306,0.0,0.25259444,1.8624542,0.36152908,0.68923545,0.30458978,0.8534414,0.6571651,0.2368345,0.48915768,0.29575968,0.57651836,0.58661944,0.115058966,0.019991336,0.063869014,0.13151476,0.082490906,0.0876362,0.171376,0.29895172,0.44202068,1.2001545,0.00979053,0.11388776,2.7918358,2.3844075,0.030878183,0.1527542,0.21433051,0.20110312,0.956044,0.90589404,0.07364198,2.0701742,1.2862116,1.8238406,0.9172689,0.17196853,0.7360603,0.56372726,1.105127,0.17079291,0.46650967,2.2467237,1.5225077,0.07886121,0.48733208,0.28718954,0.47829768,0.30107558,1.3642787,0.4331274,1.5442755,2.2351377,0.51836187,0.3392797,0.32692567,0.26117146,1.3186429,0.9524521,0.026196895,1.2460725,2.235444,2.1078238,0.27387404,0.0,0.25611222,0.4736258,0.3671337,1.0170882,0.10040996,0.2349646,0.42661592,0.35007426,0.4852536,0.3214586,0.6928271,0.32501742,0.2833198,4.927227,0.22916727,0.037424035,0.4390901,0.050157372,0.3775381,0.39027482,0.98521084,4.330025,0.4172051,0.24804688,0.40237466,0.9382128,0.13281676,1.8472414,0.16756873,0.4184441,0.21866697,0.093338944,0.22294286,0.7414394,0.5263381,0.4340709,0.2908913,0.18536386,2.6537943,2.6858096,0.37350157,0.15735053,0.294868,0.7518591,0.104503065,0.4339323,0.12186264,1.0088786,0.49088377,1.2510124,0.5112522,1.2061651,0.08666367,1.250101,0.15999372,0.7725523,0.032549288,0.86204666,0.3467494,0.3345141,0.5103915,0.5590424,0.61233574,0.91365623,0.123255685,1.0006706,0.2483981,0.19580568,0.0,0.12881917,0.008902853,0.0024089254,0.3897582,0.03875752,0.07544828,0.65704757,3.0053537,0.06568197,0.029657064,0.27930596,0.4650814,1.101559,0.65928346,1.4642909,1.8747605,0.010422044,0.40306944,0.29441774,0.3161919,0.02954848,0.07537503,0.7818004,0.5748489,2.322992,0.93517333,2.8124762,2.0213614,0.34392953,3.1402955,1.9086457,0.22412471,0.0025525643,0.32378322,0.097673714,1.1989038,0.06473948,2.1402926,0.20643812,0.9644051,0.7487334,0.08243367,0.4761424,0.34989795,0.20169106,0.006149934,0.44698042,0.10962861,0.11758609,1.2402711,0.5356587,0.9586174,0.25276837,0.96562535,0.2964604,0.011604144,0.79117054,0.40790665,0.1888037,0.6763655,0.90321326,0.17432754,1.1055936,1.5778192,1.5481733,0.5034675,0.7988605,1.662058,0.12554908,0.5274029,1.6513954,0.5240376,0.06420523,0.087190464,0.3747414,2.0129092,1.4624579,0.69551444,0.0770621,0.53916603,0.9966629,0.51981044,0.17541659,0.11910489,0.2749689,1.1608754,1.9046836,0.38641006,1.1567998,0.4713214,0.3121505,0.66866946,0.8090044,0.027160363,0.2550795,0.654155,2.1905882,0.84835464,0.61610734,0.279496,1.3428814,1.036879,0.16447388,1.118585,0.6288208,0.679581,0.14274622,0.12782267,0.739768,1.4905618,1.0167072,0.41337153,0.99408704,0.0057360223,0.2418302,1.0184427,0.005524393,0.21342668,0.2631235,0.05664441,0.30581376,2.096863,0.45706037,1.3716474,0.025327353,0.16968355,1.8258187,0.39281455,0.004190502,0.01722772,0.13189662,1.8592206,0.36873245,0.7888501,0.11147913,0.0117453905,0.071215115,0.032049976,0.07258847,0.028532922,0.52569884,1.5940348,0.38674182,1.1221935,0.4034577,1.0697247,0.006585455,0.91443545,1.0814855,0.94119674,0.2956792,0.07858891,all_pothole_images\pothole_images_enhanced_c53e3ebbb8a15c8cd78e1ac4e6921b9b.jpg
2.813271,0.13561086,0.22675546,0.44451922,1.2357107,0.4868958,1.3147238,0.894774,0.38586718,0.23066598,0.043841094,0.103022926,1.0598769,0.25416073,0.39637157,0.20920207,0.3380726,0.5235685,0.37098798,0.015411031,0.8627773,1.3005533,1.214108,0.8969259,0.896605,0.22870943,1.0928319,1.1485224,0.42368257,0.3233518,0.014941029,0.30749053,1.3475827,1.4249659,0.1206974,1.7446035,0.48028937,1.4164073,0.7817134,1.4227226,0.015495446,0.098794535,0.09806045,0.40716603,0.4493616,0.7821733,0.30596188,0.09093994,0.93171984,4.1719193,1.2890935,1.3220042,0.8195097,0.47742617,0.3985246,0.4374645,2.857843,0.13462047,0.3333667,0.48073342,0.027410766,0.6742893,0.29138735,0.7663717,1.4760991,1.6082505,0.34543535,0.36777383,0.4259784,0.43456462,0.22911078,0.0067496407,0.59489566,0.78080595,1.3422543,0.20003754,0.08331748,0.37196988,0.0,0.017126435,0.1927359,0.0,0.14040777,0.2959547,1.8102113,0.2786045,0.5955945,1.9327705,1.1614847,0.44731513,0.91380435,0.31909376,0.5439824,0.15287273,0.6690269,0.5553398,0.6577835,1.6389989,1.225524,0.29510224,0.058304932,3.4042308,0.6351466,0.055435535,0.001651863,0.19905733,0.17938988,1.2032299,0.025717977,0.5947069,0.6549499,0.6444831,1.7619294,1.7242168,0.70336133,1.1587702,1.8063291,0.0,5.0133467,1.9430437,0.4421078,1.2916201,0.6676046,1.133141,0.36561358,1.4335079,0.0,2.1971023,0.64881194,0.0074972096,0.07052127,0.1635957,0.15243766,0.33336973,0.0,0.012208472,0.0,1.6091788,0.021185819,0.45015782,1.7054231,0.41833255,0.25074387,0.4194177,0.23640862,1.6800777,0.060868397,0.2830167,0.17170069,0.6116751,1.7586896,1.0759444,0.12825121,0.0,1.3403958,1.2340897,1.0101473,0.19582972,4.5454144,0.3528342,1.3132355,0.177535,0.060490534,0.97696257,0.2322501,0.45279709,1.0038807,0.11875366,2.436647,0.097167425,0.19647415,0.20727602,0.0,0.035487086,1.3509425,0.73419905,0.33129263,0.15735708,0.09671224,0.055662192,0.1672264,1.2790198,1.1090206,2.3290925,2.3538895,0.37139794,0.049965594,0.3876058,1.2778146,0.47291034,0.038576946,0.12365791,0.26879722,2.004733,0.0,0.81556576,1.313401,0.24241228,0.3019623,0.5708052,0.49798083,0.99612314,0.0024520599,0.5547634,1.0290909,1.1878082,1.2963576,0.97702825,2.5038426,1.9831464,0.0018488746,0.0,0.0,1.8163564,1.2047169,0.9302936,1.2455658,0.06376418,0.031359207,0.10470598,0.38898826,0.2152069,0.4609309,0.17853464,0.09666427,0.93211704,0.3974118,1.1383543,0.9245543,0.57708174,0.67628735,0.0,0.30521366,1.5058982,0.2593975,0.15240476,1.5335273,0.0974891,0.0022875697,0.17915702,0.5102414,0.03488199,0.05684572,0.4717005,0.07005821,0.16840626,0.21491966,0.58851516,0.90453494,2.995461,2.0409708,0.73367345,1.0188252,0.037213758,0.640878,0.20037286,0.9774387,0.061975386,0.3323401,2.1505134,0.3223292,0.04514446,0.70286435,0.8453882,0.9618197,0.24452086,0.09534265,1.1828685,0.07931119,0.059630107,0.3326931,0.051751096,0.06747529,0.19454806,0.37692645,0.5826356,0.563241,0.4973217,0.35760352,0.4664425,0.09311362,0.7190555,0.3441797,0.5292198,0.52140385,0.6338064,0.44344676,0.026182389,0.22881687,0.36640322,1.4184293,0.22652476,0.9825829,1.1435094,0.01833834,0.044546526,1.2336998,0.62643075,0.4365915,1.3635104,0.9191354,0.6699586,0.041655675,0.15200077,1.9993218,1.0008692,0.011671155,0.013506395,0.053589337,0.19507334,1.2037572,1.2745135,1.4188843,3.1265461,0.76885223,0.58052063,0.11354014,1.3251218,2.8635573,0.08905101,1.1156331,0.0,0.20727603,1.7309026,0.844759,2.1579685,0.3614833,0.008105919,1.7061032,0.0,0.32235423,0.34099808,0.0,0.0,0.05627741,0.22809201,1.1804852,0.073905535,0.43050295,0.35362893,0.3561627,0.17741656,1.4809129,0.04629784,1.021315,1.0605383,0.060732316,0.0,0.46877432,0.40180188,0.43221384,1.927559,0.0585265,0.3612088,0.6649204,0.64946836,0.6794935,1.2145433,0.91827935,2.2801385,0.16542727,0.381462,0.012487027,0.19939232,0.45642808,1.0148286,0.23472275,0.14870656,1.0554659,0.08296691,1.4663377,0.0,0.5493363,0.23041312,0.53686666,1.1257921,1.2795826,0.56146663,0.26917514,0.30671147,0.1419175,0.014663996,0.6188616,0.29188517,2.6125686,3.1539524,1.3830777,0.0,0.4487169,0.32204515,0.5823402,1.1462672,1.2699256,0.110995,0.06699478,0.17050965,0.43883774,0.10670546,0.07352851,2.4407134,0.36149028,1.9421729,0.4692487,0.088801,0.57249045,0.04383663,0.9269766,0.019146422,0.16184379,0.37614596,1.5893978,0.71631956,0.18738966,0.2227248,0.4767211,0.68998855,1.6934628,0.17945106,1.3309224,0.04568112,1.3416041,1.0109863,0.4687556,2.0380228,3.778107,0.35881066,1.5421585,1.0904045,0.7274025,1.5872668,0.7981248,0.09384846,1.1656238,0.004840533,0.14658433,2.4655972,0.77841955,0.13658449,0.0,1.3310643,0.12790169,0.1669505,0.06284585,1.8339783,1.2010678,0.009404479,0.9775033,0.39192003,0.52283335,1.5136924,0.99776816,0.72772443,0.42623994,0.1656097,0.56447595,1.1715571,0.57336104,0.017392611,0.9623154,2.9838212,2.2188478,0.9954227,2.3524225,0.31412753,1.0904467,0.29916623,0.36082834,0.06621737,1.8922925,0.47310793,0.52149785,0.32973167,0.07638209,0.27182502,0.81919307,0.38560766,0.0050710514,1.6067221,0.0,0.58856547,0.93865913,2.7881737,0.28957576,0.4058405,0.2807039,0.03580173,0.24208389,0.20746328,0.42471874,0.527006,0.46415251,0.54146653,0.13361011,0.017343463,1.0041124,0.019427888,0.020724531,0.04156621,0.75577545,0.06403878,0.7636856,4.7465777,0.25008658,0.0380284,1.1448282,1.3287812,0.040861644,0.15151192,0.9299128,1.275027,2.0181165,0.31650802,all_pothole_images\pothole_images_enhanced_c549b5e51522cfecf995fe9e24c0ee0d.jpg
0.56097984,0.16265704,0.26216966,2.7113504,0.6561814,0.0,1.1722264,0.13016658,1.478213,0.24930805,0.34217164,0.5175642,0.03589998,1.1599611,0.013412106,0.2893407,0.24469993,0.84864676,0.8489101,0.396583,0.41739482,0.54649335,0.6777599,0.46138024,0.5357298,0.5873867,0.05935959,2.505695,0.1674886,0.31559172,0.16555128,0.18393645,0.59304386,0.69911295,0.3073777,1.8881518,0.7057201,0.6891954,0.5400344,0.039319422,0.5164383,0.17953491,0.03205711,0.5857517,0.27751407,1.4875485,0.2567368,0.19778223,0.32589287,0.689017,1.9512055,0.04010478,0.12629864,0.02762235,1.2809583,0.97570586,0.35644448,0.8248083,0.4723987,0.47780576,0.18157482,0.8345312,0.0,0.21325202,1.0330359,0.69876504,0.4214877,0.5156426,0.09113076,0.18537186,0.28513196,0.0110107595,0.37490296,0.050771825,0.6334115,0.01695353,0.4680767,1.7603003,0.08528793,0.37670535,0.002456401,1.4094411,0.053761136,0.66459656,0.27604067,0.116061375,0.0,0.0010765151,0.5758504,0.2127694,0.3995008,0.6044935,0.012383569,0.0014304889,1.3541957,0.11497206,0.2795232,0.9289842,0.1325443,0.36268264,0.14698236,2.4446552,0.4301962,0.36945522,2.0126412,0.05639208,0.95938605,0.65467924,0.0,0.60199547,0.11325068,0.03346776,0.34306404,0.94103545,0.5093644,0.52336705,0.023670748,0.41653013,3.2891073,0.17617095,0.71082765,0.0,0.24209318,0.16693395,0.8662832,0.9438955,1.6057414,0.16776957,0.013873331,0.06552273,0.25570226,0.2819454,0.5765454,0.055478454,0.13358241,1.0516927,0.33641565,0.16400103,0.14059275,0.34003073,1.1733772,0.08602497,1.1342715,0.9477878,0.009889796,0.37471148,0.0,0.08768173,0.03993742,0.31691995,0.3053213,1.1511841,0.04302162,0.39281797,1.3178581,0.3187406,0.9024784,0.0,0.75370973,0.49316934,0.7432139,1.230337,0.050292496,0.12290098,0.39062756,0.61311823,0.10401726,0.010950815,1.1576438,2.7016015,0.12469927,0.0029322526,0.0,0.106670216,0.12651017,0.27353045,0.12440609,0.07082706,0.016880682,0.029631754,0.0022159722,0.9903385,0.21503639,1.2383704,0.9916889,2.2491467,0.954696,1.1725596,0.5365602,0.4529527,0.5370145,0.0,0.9239264,1.5320009,0.35023332,0.38410568,2.1164763,0.57031274,1.4370661,0.6996135,0.9927061,0.26992148,0.61984146,0.0015700798,0.011542031,0.63676554,0.43799743,0.0,1.2262572,1.471935,0.0,0.07994268,1.2589258,0.43161196,2.7038689,1.025821,0.32605654,0.21151891,0.25917628,0.1625624,2.2041657,0.09222062,0.2799559,0.1946213,0.0,0.0,0.4965447,0.058852643,0.8213092,0.015895005,0.0451536,0.08836989,1.3986188,0.19073956,0.8341111,0.08220685,0.34703547,0.12295282,0.3884954,1.38122,1.8287661,0.50097734,0.02419854,0.6969813,0.0,0.0,0.2150528,0.67979074,1.1560296,3.9476602,2.0588236,1.0573268,0.0,1.0063028,0.18145081,0.011346115,0.058657862,0.2243166,0.4056289,1.8265625,0.6467762,1.0337287,0.19401614,0.25475517,0.0,0.12154838,1.2432842,0.14605094,1.5000386,0.23896347,1.5120859,0.0007321602,0.046813235,0.0,0.20000724,0.5414378,0.7696351,0.21937793,0.5254749,0.33272368,0.0,0.8969818,0.53278995,0.8459353,0.019013591,1.2782892,0.46564707,2.2182453,1.2795867,0.26770976,0.04295799,0.6663588,0.0,0.50232387,0.35112318,0.4242148,0.06687626,0.024412673,0.04096682,3.7040598,0.8584582,0.067851685,0.9116941,0.15223557,0.9974275,0.12191757,0.8795222,0.7528944,1.2306752,0.7267375,1.526903,0.007617454,2.1368911,2.5943654,1.187296,0.50483763,0.0,0.63172656,5.1206446,0.38376454,0.92357117,0.049193293,0.42605895,0.3930967,1.0631263,1.8483366,0.017628044,0.34567532,0.48425198,0.012553755,0.32140332,0.009663593,0.8207073,0.18821433,1.1630856,0.0,2.1828954,0.46337134,0.9313124,0.2773385,0.40107772,0.017329842,2.2677352,2.1864889,1.0853184,1.1928146,0.039473675,1.1782402,0.17484115,0.39615238,0.41599274,0.6641542,0.008925223,0.66454524,0.0019809636,0.7948597,0.15723413,0.8996904,0.29796752,1.5420544,1.205631,0.18062186,0.2431075,0.9645967,0.1787081,0.01058013,0.8116277,0.9381577,0.49624687,0.52848935,1.9625794,0.00019708066,0.16500479,0.7736905,0.023579054,0.18822429,0.18721096,0.403102,1.143158,0.4620543,1.5120504,0.1362268,0.7286093,1.0745306,1.5710969,0.028816616,2.5179453,0.18571347,0.08076817,2.8056726,0.014868148,0.54259855,0.035008952,1.5864971,0.0,0.15083846,1.0455576,0.025748095,0.51420385,0.3421681,0.92220616,0.95329565,0.94078094,0.44876862,0.41443473,0.7878326,1.791976,0.043549642,0.1591642,0.024201475,0.0,0.022660736,0.48477343,0.72433203,0.008331024,0.01480189,0.8093217,1.1564277,1.5811921,0.08489494,0.9135435,0.53185743,0.007592786,0.4258025,0.81397897,0.5123322,0.25906387,0.2462747,0.44359386,0.3201642,0.2848697,0.06212554,0.81030333,0.3789663,0.15446456,0.60787493,1.8920686,1.0165542,0.5311788,0.11021083,1.3647726,0.010091093,0.0913683,0.24497941,0.36349347,0.0,0.28393152,0.022577126,0.15036538,1.3302027,3.7689984,0.17692308,1.8238503,0.08202274,1.0600398,0.108453415,0.02381965,4.846716e-05,0.32996392,1.820124,1.9285593,0.42758146,1.0780615,0.12711322,1.0177525,0.024233535,0.00040220848,0.117021024,0.20604165,0.53364015,0.9036434,1.0417869,0.0,0.7833005,0.6905404,0.15246023,0.6501504,1.6473429,0.6674004,0.0,0.14913206,0.6590685,3.726527,0.20901726,0.09657944,0.01180906,0.050024252,0.078028485,1.0525366,0.050353758,0.57324636,1.2850143,0.03239692,0.53897405,0.0,0.0,0.059035808,0.5150435,0.025946705,0.040616583,1.4049667,3.1644082,0.37646145,0.85628164,0.025324203,1.3122188,1.4273529,0.21673085,0.29022655,0.5592066,0.0,0.056281306,all_pothole_images\pothole_images_enhanced_c566c1484ce85db6687bb943639a4c95.jpg
0.021444434,0.91000223,0.13914867,1.7222327,0.6156713,0.6192635,0.24249256,0.029771045,0.09279812,0.81716967,0.18738225,0.76574075,0.22530705,2.4821687,0.0,0.49358553,0.15518416,2.0491486,1.4139706,0.09967535,0.18411194,1.2366213,0.39929706,0.51254946,1.2415684,0.20284553,0.10907567,1.9471233,0.0,0.063544944,0.30981874,0.17016518,0.35370752,0.41165036,0.34909886,1.5215914,0.28323618,0.8057743,0.65613866,0.42145202,0.020910544,0.26785615,0.22529723,0.47827506,0.038831502,0.57935447,0.63028926,0.014596569,0.6225925,0.9983515,0.06114537,0.24180909,0.12999442,0.19793417,0.37388578,2.3595328,1.1243311,0.37178546,1.0603915,0.08683341,0.4346763,0.039264522,0.18558079,0.14894049,1.5865154,2.4910333,0.41029334,0.42446074,0.95422184,0.7127533,0.35776317,0.50790936,0.15087186,0.017470418,0.3141131,0.030048897,0.09523923,0.6105504,0.07453731,0.3001113,0.121460095,0.5568015,0.3261992,1.2481097,0.0851238,0.26040775,0.66704947,0.026528366,1.644795,0.08703522,0.09582457,0.980065,0.38245296,0.7934581,0.0,0.044500858,1.5745292,0.48449954,0.57411724,0.47820002,0.5466803,3.764353,0.6656308,0.05552113,1.1735963,0.7232501,0.23017754,0.3464122,0.044537544,0.6170027,0.21811597,0.9863678,0.47456288,0.5432743,0.6272898,0.18619525,1.707101,1.0518432,3.1467135,0.7724346,1.398972,0.17968641,0.31441432,0.9725785,0.15881222,1.1167464,0.29943472,1.5864985,1.4512471,0.21481958,2.125299,0.06840791,0.66803694,0.19835573,0.0264225,0.86404574,0.21300891,0.30689397,0.909411,0.15333,0.9303202,1.1533613,0.72971684,0.86979765,0.04255039,0.9078251,1.2975543,0.95064527,1.3116305,0.23132756,0.19558762,0.95811605,0.09295693,0.2679676,1.6171371,1.1814357,1.0593175,0.16331649,0.47159648,0.2526419,2.2738438,1.2981776,0.034041964,4.3909626,0.17407039,0.06567396,2.113162,0.115823604,0.6494013,2.1776264,0.54639614,0.0,0.00061529264,1.8693385,0.42544812,0.032731958,0.011589945,0.096937254,0.6435364,0.052500285,0.23303148,2.8520663,0.72110987,1.037571,1.5628792,0.2701819,0.7787632,1.2346941,0.48406056,1.29402,0.62050945,1.7218163,0.17593037,2.0302055,0.07878437,0.6040515,0.9898059,0.8300037,0.58066356,0.20120274,0.092213646,1.1767228,0.27420264,0.10540254,0.8173984,0.5401405,0.21838976,0.97894114,0.71449333,0.9581332,0.01180596,0.2827689,1.0823987,0.03676214,1.3801613,0.71917826,0.33101964,0.07014808,0.3867596,0.8978145,0.14162025,1.0425894,0.61564225,0.062484447,0.06924967,0.1684302,0.72349715,0.0072862906,2.0669534,0.15027586,0.0042689405,0.14936939,1.9984965,0.055598058,0.033795472,0.022699118,2.5343008,0.056650203,0.2638043,0.12360917,0.2008035,0.15409267,0.096585244,0.35846955,0.19695972,0.05335005,0.819304,0.14340673,0.28104275,3.6885417,0.66296923,0.16886851,0.47386333,0.37108728,0.012233559,1.3894885,0.56239283,0.53251976,0.24134383,0.96943474,0.60012037,0.0064633596,0.7021322,1.3470644,0.29332167,0.17438056,1.9674402,0.43256932,1.2123367,0.08075514,0.119654596,0.20137961,0.014746469,1.1870395,0.20446469,0.7649504,0.4162551,0.31126684,0.27354327,1.0475292,1.0305176,0.3006202,0.70376855,0.5784466,0.42766497,0.9363645,1.2354919,0.39399406,2.2852123,1.0356748,0.16168198,0.0,0.03875161,1.2861701,0.8090459,0.0135989925,0.26235908,0.8057587,0.06391458,0.9660523,1.1524129,0.4253596,0.29531187,0.34828332,4.5226874,0.6533951,0.047572024,0.21088792,0.38177997,0.4196509,0.59453034,1.2735516,2.0600414,1.8166908,0.8304184,0.30106205,0.0537553,0.7892814,3.5970068,0.00861694,0.544403,0.10939245,0.03674307,0.10083754,0.6807686,0.6690711,0.17918065,0.014090106,0.24635188,0.054082185,1.9900982,0.44062454,0.8209124,0.17357808,0.0,0.259505,0.4852182,0.4369585,0.0076737213,0.7578769,0.22843845,0.22504225,0.75075793,0.48303235,0.8803384,0.4077964,0.30502316,0.09781707,0.3025746,0.48427182,0.13983525,0.04122513,0.23286971,0.03613246,0.0,0.37301204,0.0,2.5739496,0.7510695,0.7425716,0.45233503,0.58781815,0.9332606,0.04200581,0.0055788774,0.035853423,1.1635358,0.12794055,0.21342519,0.42766002,1.7640259,0.36592528,0.7413158,0.0676515,0.45973986,1.2462337,0.014396745,0.07197556,0.27899086,0.37263045,1.2682899,0.05854785,0.19339105,0.4004236,2.0036602,0.17117995,1.734895,0.012217185,0.4267761,1.9065279,1.4530321,0.9147957,0.06695556,0.0016453272,0.2855816,0.13626002,0.6784783,0.79887044,0.16449434,0.14333166,2.461705,1.6527374,0.39512813,0.20135622,1.4973563,0.034025617,0.37573275,0.82869416,0.08880481,0.002272806,0.5166227,0.7929984,0.12659006,0.5671975,0.06261167,0.39886475,0.5071079,0.9997552,0.35413018,0.040718537,2.2201228,1.0816209,2.2441263,2.7908592,2.3605793,0.6757531,0.18702738,0.28981787,0.39719144,1.4526782,0.17629518,0.31953365,0.379523,0.6523521,0.912008,2.4760952,0.22868927,0.13603513,0.2804329,1.0020885,0.04582044,1.199877,0.24314207,0.23217665,0.0,0.22844015,1.4074458,0.106041715,0.10264054,0.6520858,0.80550945,0.13629375,0.9193868,0.6069957,0.9333972,1.6213273,0.83226633,0.4516363,0.78959763,1.2339485,1.7518363,0.52703357,0.5156312,0.16068359,0.49259916,0.5103331,0.15193813,0.0,0.47688994,0.47429264,0.26988897,2.534154,0.08174009,0.8887052,1.6720892,0.118383676,1.045251,1.2936586,0.6457947,0.08473083,0.061229266,3.5034125,0.6531755,0.1574699,0.12741718,0.23753232,0.3719443,0.0,1.4462453,0.16450493,0.56637836,0.7374769,0.9125013,0.09313127,0.0,0.049766093,0.080566145,0.1951545,0.0334941,1.1342571,0.9867915,3.1462812,0.6306825,0.26490283,0.06298616,0.22229907,0.16718733,0.43475762,0.41379902,0.121288806,0.22914971,0.654283,all_pothole_images\pothole_images_enhanced_c5734d519089d7a53e1dd5d6f81f8af2.jpg
0.7021838,1.5396624,0.85117245,1.5110893,1.5314901,0.30896172,0.5169178,0.04703549,0.43551502,0.2680752,0.90710986,0.5358981,0.53804076,1.4145492,0.17050388,0.74890524,0.057710655,0.7615518,0.8567897,0.812803,1.062666,2.7239914,0.5778784,2.6298556,0.18790703,0.4916656,0.5517273,3.255234,0.46774057,0.84315443,2.2387028,0.8495655,2.661172,0.19041163,0.42098394,1.0702584,1.5467788,1.3051771,0.98455966,0.61801744,0.7049559,0.46033007,0.23950638,0.56387997,1.0912483,0.812587,0.892736,0.031270295,0.75507605,0.26446235,1.6983634,1.4046638,1.1279368,0.49516377,0.12225085,0.5677361,0.8096559,0.007485073,0.6779745,1.2587947,0.07957741,0.55117905,1.8584355,1.1769239,1.873258,0.28177387,1.1132594,0.32724333,4.748114,0.78984225,1.0729077,2.2667544,0.3356514,0.37789732,0.3325223,0.7646892,1.1076946,0.18088995,0.8947759,0.23564993,0.2043863,0.35372818,0.687326,1.3025774,0.50581634,0.20536526,0.67850554,0.102601945,2.2439916,0.7075155,0.30893356,0.5709908,0.0668838,1.0646377,0.5899633,0.16119377,1.6982331,0.8039214,0.34587136,1.2133397,0.9003948,2.1386993,0.53144026,0.5051539,0.7787843,0.7346508,1.026741,0.32002336,0.6726815,0.9170915,0.709017,1.1132269,1.5884681,0.5835284,0.45878562,1.1936271,1.9232725,0.80117625,1.2669022,0.503871,1.1937531,0.5184125,1.7068839,0.30472177,1.1236961,0.9360788,0.6011836,0.8026142,1.1171021,0.97594404,1.441159,0.23479928,0.9041947,0.41199657,0.018549573,1.1294022,0.20822276,0.3930552,2.1117887,0.844059,1.6341223,3.151571,0.08583105,1.0140254,1.1252519,2.0757785,0.6545575,0.6759098,1.1516881,1.4822226,0.28992718,1.2898293,0.015687427,0.1657047,0.27511263,0.5412738,1.283011,0.15698704,0.76858586,1.1474665,0.57842433,1.326942,0.14811811,1.9364375,0.44557133,0.49828833,1.4522295,0.25587654,1.0650004,1.1274798,0.4699154,0.25871477,0.45497614,0.6439481,0.21068113,0.23687881,1.4417609,0.2714901,1.191819,0.23826937,0.11626924,0.46994266,1.8352262,0.44443807,1.4705625,0.9595127,1.1622765,1.2446798,0.2668174,0.8702788,0.9296777,2.6011171,0.036452945,2.073441,0.2540931,0.26718462,0.31359828,0.3691066,0.5827118,0.5765879,0.49078953,1.4546357,2.226273,0.47589532,1.6781297,0.4043458,0.26911017,0.18531431,0.58104986,0.41473883,0.47424513,0.34317282,1.5370713,0.5939654,1.475754,0.3550798,0.9505696,0.4237795,0.76964456,0.17015892,2.7028391,2.1395867,1.01713,0.10870172,0.43788216,0.33960068,0.50227064,0.73961675,0.95976627,0.14325051,0.3078356,0.811246,0.36602604,0.78393525,1.3721619,0.041348826,0.4572098,0.27204856,0.4365385,0.45606846,0.105755866,0.31569356,0.35423914,1.003206,0.26948166,0.2046432,0.7684805,0.7630938,0.719126,3.134347,2.056216,0.0045123794,0.23068863,0.31822386,0.5732654,0.656043,0.51406527,1.235554,1.5035423,1.2441629,1.1984974,1.80966,1.4864036,0.64499086,0.4044555,0.45116156,0.18681736,1.1358418,2.1740928,0.8218718,0.7116766,0.023589626,0.10229432,0.26979503,0.08437532,0.8169575,0.5743421,1.7353303,0.45259047,1.0869584,0.6511461,0.13748133,0.28561947,1.1646192,1.2318478,0.9896726,0.23207244,1.0198343,3.4162235,0.6681872,0.826337,0.4597874,0.46172574,2.3688343,0.19448175,0.13674974,1.115396,1.2899942,0.8243819,1.1846823,0.26342925,0.5731449,0.34676817,0.86862475,2.50625,0.6895649,0.15553719,0.98673177,0.36855167,0.27973643,0.4617443,1.4469864,4.045239,1.3409774,0.20828941,1.3116928,1.0043647,0.9048079,0.49655753,1.9799414,0.666305,0.50906634,0.29923788,0.98931974,1.944483,0.34541887,0.75747895,0.6477938,1.5049388,1.5651736,1.9953513,0.9122239,0.6096312,1.3207556,0.3863776,0.30343464,0.77373123,0.61894834,0.6892376,0.020877045,0.38832822,0.39251933,1.7898562,0.112574115,1.2068084,0.4901083,0.9434692,0.60067,1.069239,1.4166989,0.12107471,0.48835617,0.1680603,0.3767072,0.36108464,0.08264946,1.2520225,0.8677662,0.8348331,0.025701167,0.9001756,0.7678004,1.1314547,0.052726895,0.44995704,0.019774154,1.2956929,0.88843113,0.13844876,1.607068,1.4878098,0.41552308,0.7148087,0.6402422,0.438299,2.5948129,0.013686508,0.41263533,0.36330786,0.61971366,0.28099555,0.08688408,1.9995794,0.97598153,2.5424805,0.5771508,1.6035411,0.067593805,0.51313967,2.1865337,1.2311788,1.1640702,0.15123765,1.0078729,1.4498801,0.49984208,1.0979304,0.11089454,1.9751732,0.6123793,3.6825678,1.2874135,0.6186574,1.3314074,0.96997535,0.57424635,0.37409166,1.4400519,0.3369134,0.101392634,0.17253102,0.42081776,0.9217876,1.2901055,0.37170377,0.6399041,0.20600167,1.9748108,0.86428785,0.39052114,1.8987259,0.94108325,0.87966347,0.9911977,0.92103654,1.3092234,0.19999188,1.6675655,0.7958604,2.2224686,0.8406204,0.43626663,0.3625373,0.50780076,0.13879718,2.8171074,0.7594366,1.4753796,0.83856285,0.52432317,1.0038167,1.8242735,1.011913,0.6634037,0.21482372,0.63618356,1.8485415,1.0094495,0.3757574,1.4463859,0.49907485,1.0925894,1.1149869,0.3802203,0.27416328,0.77886975,1.5070549,0.19021247,0.19084196,0.9786783,0.64941496,1.5460734,1.9846697,1.215479,0.03371069,0.7936191,0.040706508,0.9237832,2.3845932,1.4206159,1.5189886,2.3284914,0.56665635,0.019490622,0.2203185,0.07709462,1.1439028,0.36921406,2.9231226,0.024186162,0.34596658,1.9620756,0.24197137,1.7687806,0.09356232,0.5000688,1.2531346,0.25184163,0.63674754,0.39376488,1.0403187,2.056756,0.5507214,0.14831784,0.30536467,0.013600953,1.0825281,0.31077003,0.5669218,0.3293025,1.3411968,1.2286752,0.3163787,1.3404815,0.38071227,0.12882169,1.0690774,0.7621903,1.0876998,0.8966348,0.640487,0.47108242,all_pothole_images\pothole_images_enhanced_c5932fd2d93ca0454ed57b965e157ecd.jpg
0.7467647,4.520002,2.3556695,1.2018276,0.80745137,1.4165161,0.29272363,0.109627984,0.7453344,1.8920802,0.2644578,0.32982066,0.0010179405,2.2282124,1.4823371,1.6849661,0.5923268,0.051212985,1.23236,0.3332942,0.8738498,1.7438488,0.30521595,1.4616436,0.58364624,0.5185994,0.07362153,1.8504804,0.6785592,0.23918234,0.3780066,0.14031819,0.7490578,0.5767151,0.061773892,0.9941534,0.252747,0.24138613,0.13206224,1.6006488,1.8102635,0.0021946044,0.3812538,0.14600082,0.33255196,0.8326832,0.3519529,0.24023515,1.0131929,0.16652103,0.11762439,0.30933106,1.143768,1.532226,0.6353023,0.5115201,1.4260874,0.16567166,0.841394,0.5361006,0.16037782,0.9814265,0.6554992,1.1174214,0.10353435,0.3711591,1.4692914,0.17631868,1.0267386,0.57869476,0.096648626,0.17566015,1.2094064,0.0144579485,0.06906035,3.6632938,0.45183322,0.42295977,0.27521786,0.49576253,0.69991434,0.56863195,0.5891599,0.86812466,0.70331013,0.24040963,0.025655106,0.42918536,4.3869696,0.7169678,0.11013455,0.30705035,0.6985632,0.51439357,1.3083649,0.9278069,2.0316143,3.1961353,1.2143519,0.11677537,0.025970738,2.0365152,0.4794326,0.16344891,0.39102453,0.68907535,0.0,0.20769057,0.65523094,0.60549885,0.66118145,5.1326547,1.1237411,0.114289254,0.3091688,2.7529085,1.6010991,0.28244793,1.3563601,2.008446,0.7943062,0.95877993,0.16252038,0.80943143,0.0664136,1.0794609,0.560991,1.582702,0.04674308,0.28660524,0.8042647,0.20222384,0.13731365,0.40966314,0.56051534,1.575336,0.037618842,0.36199048,1.3067932,0.60235274,0.14739564,0.48213163,0.09145092,1.0014269,0.51862776,0.37514254,0.8691835,1.1738958,0.36832622,1.7223424,1.0859921,0.90546,0.29647657,0.541449,2.5829172,0.5111451,0.38662225,1.1500043,1.3768988,1.5436479,1.4028603,1.245858,0.120988525,0.5314823,0.0058435346,1.7777827,0.5804776,0.6665297,0.3884946,0.43612117,0.23593934,0.0,1.413822,0.7212428,1.5146118,0.24272604,2.1568258,0.061002992,0.22565907,0.3109127,1.1474448,0.88065225,0.59380907,1.8139094,2.333852,0.924641,0.36099106,0.12328208,1.6804789,1.8447454,0.7815191,0.10042229,0.069202445,0.7042854,3.7391663,0.013538418,0.07622722,0.8949642,0.27177864,1.7813936,0.15821831,1.5931826,0.20285016,0.5713085,0.27130648,1.2644452,0.2708316,1.3268386,0.44554153,0.45283958,0.039278064,0.12095903,3.3619792,4.6175723,0.17211297,0.8543567,0.5275164,0.4816072,1.6078167,0.4047083,0.071841456,0.14372534,1.1924838,1.8258644,0.122292325,0.599036,2.3842087,0.75758725,0.014489631,0.15506263,0.6523904,0.27547178,0.72878605,0.33573282,2.4295897,0.1215354,1.0562197,0.014565273,0.40430185,0.06134428,0.64757013,0.6688926,0.04042791,0.2378816,0.17636746,0.025430197,0.6993287,0.22620821,0.1692665,1.9767001,2.4160564,0.32732913,0.10333826,0.23116837,0.0,0.00695467,1.2210075,0.4381175,3.0446284,3.089913,0.20363255,0.23302023,1.8861974,0.9869719,0.051497117,0.5272251,0.71687394,0.120282724,1.4894295,0.52105266,1.691249,0.18747793,0.042418357,0.2526583,1.633547,1.3479677,0.6746324,0.28362775,0.92800367,1.7330207,0.0,2.6246343,0.6733424,0.9063087,1.4860759,0.112744845,0.55412334,1.4302571,0.23163694,0.060178906,0.88671064,1.7916895,0.068182506,0.9007344,0.08020825,0.55464184,1.729621,0.008793846,1.214022,0.61368567,0.0,0.26768455,0.9039322,0.6949838,1.6207181,1.1996012,0.37705255,1.3919995,1.3943071,0.0027539069,0.14881492,1.2377871,4.5739717,0.91769254,0.05962676,0.99218315,1.2817702,1.4836956,0.9751254,0.3181663,0.13535082,0.012169305,0.43168342,0.082479864,1.533502,0.8836886,0.6187623,1.0832943,0.64513683,0.8528057,1.916976,1.2643429,0.02311953,0.30294558,0.49732748,1.1379186,2.321886,0.66520333,0.0008580136,1.1115625,0.8589629,0.80945015,1.6238935,0.042910807,1.1293279,0.42211574,0.17030427,0.079725556,0.81874907,0.15255198,0.24153362,0.8498482,0.71345776,0.42965323,1.3632468,0.4465486,1.4028101,0.7220722,0.90396166,0.7660362,0.11570565,0.0,1.446811,0.21484636,0.05897382,0.6825813,0.027686533,1.3513885,0.73995036,0.44818178,0.5372636,0.7576644,1.6939883,0.14626932,0.6455377,0.21051458,0.063000105,0.69021744,0.43866226,0.877416,0.5874808,0.7150678,2.4081578,1.4041854,3.4786754,0.31500503,2.3492527,0.6816318,2.1727908,3.9062052,1.9115357,0.9078517,0.31123072,0.7215618,0.013793522,0.020319106,0.31733644,0.55880606,0.014082663,0.20114112,1.7836493,0.52075326,0.1585897,0.0939469,0.018658867,0.2072656,1.7649975,0.5631773,0.17628238,0.0,0.116943456,0.055294756,0.30917934,0.15477672,0.4361602,0.5451205,2.4984329,0.57819706,0.79497325,0.14314811,0.39595538,0.78597593,0.4216669,0.7121954,2.581158,1.8496614,0.87737966,0.40881836,1.0381727,1.301884,0.20819932,0.05255434,0.021406835,1.0429314,2.4062405,5.807807,2.1997643,1.2801867,0.09438095,0.88563764,0.88635796,0.04127395,0.009768276,0.73863,1.0305253,1.1314971,2.8325179,2.696338,0.2348414,1.9624077,0.30346975,0.35108277,2.7275138,0.38193047,0.7005324,2.3634465,2.5918982,1.9928782,0.805874,1.02004,0.43826967,1.1571622,1.9071363,1.2694364,0.5370868,2.5307364,0.2771854,0.5961765,1.4475873,1.5490202,1.6506927,0.07136163,0.48073077,0.28390917,3.0341547,0.21168047,0.0055642542,0.14189962,0.7793701,2.8775702,2.5254521,1.5557201,0.5756765,0.28582203,0.07394464,0.0,1.0644995,0.26507595,0.84117454,0.22363219,0.7673768,4.6066365,0.8851504,0.1312216,1.1640769,0.17022447,1.33842,0.79948914,0.36669958,0.0,0.5299505,2.616016,0.61850286,0.92217034,0.3118086,0.3429925,0.3510024,0.5741267,0.5474201,1.8013844,0.60827947,0.23057668,all_pothole_images\pothole_images_enhanced_c5cb675c29b8112d446360e91e768174.jpg
0.3460439,1.5030388,0.47427523,1.2178794,0.80393434,0.25230625,0.9081474,0.46582755,1.1227219,1.4041489,0.081698686,1.3108642,0.8455364,2.0881364,0.10371049,0.6013484,0.004212577,1.967351,0.7077841,0.9805503,0.08345292,0.76739734,1.2776058,4.270223,0.41910878,1.092688,0.6530877,0.45721287,0.14154081,1.2171079,1.0376258,0.7658502,0.5847692,1.4315233,0.7777083,0.83534986,0.5681928,0.12587944,0.65146714,0.7558515,0.101311594,0.52074003,0.083458565,0.07947027,0.920542,1.756349,0.22989127,0.087371066,2.5134394,0.67520267,1.789705,1.6388216,1.2470007,0.10628616,0.4348912,0.59611166,1.3311362,0.54278374,0.9207684,1.0375351,0.61833596,0.16000526,0.52805835,1.580426,0.9886258,3.0044062,1.7458166,0.49066022,3.0334628,0.09118543,0.58304095,2.7616887,0.93546844,0.17665192,0.24367899,3.1148326,0.015917892,1.0507,0.067048684,0.23233248,0.2955839,1.3475071,0.29232332,0.745355,0.48457873,0.685047,0.096018426,0.21267599,2.7042649,0.25007915,1.5967458,2.0592482,0.33978918,2.2347095,0.19211218,0.06305162,1.2395966,1.632895,0.49202034,0.17854698,0.29540285,1.467527,0.17771806,1.0038965,2.163681,0.72063214,1.9249432,0.21284024,1.660903,1.2255304,1.226012,2.730884,0.3549036,1.3467723,1.3707434,1.4978684,1.175359,1.1378547,0.82202786,0.8079572,0.41152662,2.485562,1.0573336,0.82971144,2.7079887,0.57001144,0.22529349,0.087311804,1.3310765,0.6582964,2.6068008,0.59286344,0.8337298,0.18964858,0.098545805,0.39154986,0.044244934,0.17421928,2.1102345,0.22931583,1.2310323,5.6956673,0.2488675,1.7770286,2.0404992,1.9591956,0.5841139,1.7871826,1.007917,0.9127712,0.11491172,1.1962608,0.71073407,0.07408615,1.7326905,0.8035803,0.49909192,2.004287,0.0076109255,0.80881935,4.2027593,2.7644267,0.33971307,1.6677239,1.1183006,0.37575474,0.08548495,0.5579054,0.61859804,1.1016403,0.98449,0.064316556,0.26856348,0.20689134,1.8692303,0.44495818,1.5751902,0.13770185,0.20697889,0.25547695,0.07780942,3.004995,3.1840372,0.8504832,2.676295,0.8483595,1.443924,0.37930033,0.5814038,0.86718,2.2287915,5.004715,0.2005551,2.720817,0.45651975,0.76468444,1.4082196,1.7751247,0.08322584,0.94693273,0.19401346,1.2762228,1.0540534,0.4809687,2.1086264,0.5395262,1.5438886,1.1310277,1.4755468,0.80452675,0.74382204,0.35115463,1.1323597,0.65814435,0.73954695,0.101629935,0.58992726,0.6948975,0.45171854,0.033463426,1.8445919,0.5057536,2.111144,0.91929555,1.2092422,0.39880243,0.4596183,0.8822885,0.19718477,0.3547408,0.07529664,1.8358291,0.4817842,1.284653,3.3094964,0.6512425,0.3860017,1.082363,0.9177566,1.7241578,0.9037545,0.83386844,0.81534404,0.938921,0.3598947,0.728664,1.8488959,0.049747355,1.551362,3.8570263,1.8327148,0.43137506,0.22671044,0.0056107817,0.6760293,0.5049055,1.9163228,0.79491127,1.1272514,1.5493041,0.25690573,0.45034474,0.005954493,0.97586745,0.31816018,0.3021282,0.83252215,0.755831,1.6154792,0.20108871,2.0085142,0.15272531,0.63452196,1.426939,2.396089,1.109873,0.65783423,1.5527573,1.7808461,0.8811679,0.2639212,0.015091727,1.286719,0.033397783,1.0346131,1.8677019,0.90193444,3.528474,1.9574724,0.5823954,0.22646631,1.3107601,0.23631492,0.5417142,0.7291963,0.5225183,1.7557664,1.1766913,0.91073275,0.6103554,0.33126006,0.12587932,0.297122,0.42293936,1.6961884,0.43851236,0.1506059,0.92819065,0.56165844,0.86654717,0.63431036,1.169804,2.1033843,1.2828796,0.59500796,0.26142958,0.0,0.08205395,2.4180954,2.322695,0.23954965,1.2726574,1.7377858,0.021993212,1.8119743,1.4779345,0.7880244,2.0816061,3.279883,0.32304564,2.4953825,0.05407124,1.003994,0.0067306804,1.9231168,0.6282639,3.179425,0.16591842,0.17086095,0.569186,2.2137723,1.5160011,1.1199896,1.3730003,0.7257602,1.1020755,1.1039761,0.41934624,0.00089657045,1.0449873,0.66832423,0.26270717,0.8285618,0.3707183,0.6083872,0.1914403,0.53547615,0.34685248,0.173773,0.8599478,3.042453,0.19301125,1.4123882,0.9168831,0.019039333,0.28856778,1.6177506,0.9329468,0.13614033,2.544663,1.4696305,0.6659681,1.4044443,0.7036578,1.7976521,0.93335027,0.0008795793,0.20166786,0.88212115,0.3579876,1.4227463,0.16241966,0.19993457,2.3210938,1.9140581,1.4786088,0.6488014,1.8100429,0.36563942,1.505674,1.0261937,3.4754171,1.8950516,1.2974863,0.51083285,0.4824133,0.59900725,2.6299045,2.094198,0.40535626,2.9831524,2.812782,0.0035545027,0.8923176,0.29805282,1.2590926,0.74611115,1.1543163,0.7289689,0.107350096,0.29849523,2.0134969,1.489683,1.4251232,0.01074727,0.31739292,0.12831815,2.1380808,0.7495907,1.0985978,1.6819339,0.16083845,1.5595272,2.557713,1.301312,1.5063676,0.5208737,0.59332067,0.27080038,2.239893,0.09107175,2.1505563,0.18163201,1.5688184,0.18103175,2.2611983,0.315602,1.2020832,1.3386614,0.93232584,1.1273124,1.0368904,0.9053773,0.08329,0.31736022,0.48059097,0.6981341,0.576883,0.5173309,1.1736203,0.33885345,0.068721764,0.3307595,1.523375,1.3358914,1.8537807,0.60607487,1.1180443,0.08645307,0.63679135,0.5176942,0.24207982,1.684639,0.5281976,0.2934993,0.12144404,0.40500045,0.35978258,1.0939271,1.3514081,0.988705,1.6775982,0.88532704,0.27453277,0.69961935,2.0013056,0.6306501,0.24541625,1.4295971,0.10150167,1.2407283,1.6105641,0.3320423,0.29930928,0.10322164,2.0841625,1.8458918,0.074381135,0.94274354,0.1508246,0.24136959,2.1892715,1.2055944,0.05810469,0.007166312,0.14779091,1.704245,0.19849524,0.54446447,0.66988844,1.5471798,1.5043811,0.37261176,0.52747446,0.021244569,0.20715149,0.15071897,0.91148186,1.0115395,0.4662044,0.037422188,0.89856964,all_pothole_images\pothole_images_enhanced_c5f2f58a7a012c0f6dc41167ad18a1c3.jpg
0.0,2.0425496,1.3506418,1.1078768,0.41880837,0.52202374,1.1634829,0.005610465,0.08816971,1.4777328,0.4905439,0.47564209,0.0519705,0.95611626,0.24545737,0.80307883,0.025083289,0.28537345,0.7355319,0.13409585,0.02154863,1.4014903,0.85714906,1.478826,0.6307875,0.81622577,0.13074164,2.673572,0.44508404,0.97598726,0.6530243,0.0,0.52342397,0.06742744,0.243177,0.14106485,1.0058664,1.197035,0.14350133,1.0282297,0.0,0.51281685,0.3204027,0.5741663,0.9275204,0.17035277,0.09283022,0.0,0.5474582,0.0014768424,0.6358698,0.30543777,0.3638026,0.58596635,0.05160054,0.32197928,1.9139862,0.0045908694,0.46742746,0.10593586,0.597446,0.21956751,1.7215233,0.30071014,0.14549935,0.29036063,0.53056186,0.46040386,0.0,0.28301543,0.74203193,0.17134917,0.64770454,0.22167158,0.038345277,0.8160612,0.001532416,0.22875716,0.0,0.93994987,0.0,0.1727356,0.89636475,0.5538719,0.6953326,0.7937747,0.022402916,0.13508701,3.0069685,0.5032615,0.1969103,0.6552933,0.097279385,0.00016034413,0.021828035,0.003033613,0.005749379,2.324065,0.68795735,0.15878138,0.51624334,0.51684415,0.5131304,0.1962766,0.24019654,0.20911352,0.16103634,0.09964823,0.703801,0.9189449,0.09697973,1.0440385,0.11189555,0.58545274,1.4223975,0.19482663,0.058622845,0.2937929,0.2921828,0.011034986,2.3304484,0.077935934,0.48917466,1.5624548,1.1787124,1.383108,0.3043219,0.019401653,0.45142987,0.8035131,0.011747418,0.48778224,0.10238972,0.5712921,0.08427064,0.0005923562,0.13064857,0.41937515,0.60619885,0.123711765,0.5802929,0.3403928,0.15394635,1.125635,0.2673082,0.15524343,0.021278014,0.023345064,0.08436369,1.4678279,0.7466388,0.04737293,0.32576784,0.0026519934,0.26753995,0.073251985,0.14515714,0.5118643,0.0052686003,0.5992784,0.6307645,0.595363,0.38409275,1.5754572,1.17226,0.004763935,3.4823496,0.047487453,0.23580307,1.3406225,0.05628333,0.31209627,0.086562395,0.070318446,1.8381188,0.0,1.5658442,0.23896754,0.22285986,0.45918453,0.20775335,0.12561396,2.8529563,0.3030379,1.3637788,0.8561278,0.17027234,0.012331478,0.25674254,1.2269899,1.1332403,0.42012775,0.006647885,1.7946749,0.40222934,0.061325297,0.122108184,0.7753818,0.022170855,1.350547,0.11365522,0.14693725,0.20946848,0.44417655,1.5560553,0.88256127,0.37176788,0.13026507,2.284114,0.32351887,0.6574863,2.5431354,1.0709211,0.65127987,0.2933698,0.11391112,1.401496,0.05762133,0.085585155,0.07190977,0.07264307,0.18120213,0.04165264,0.13203686,0.0021147584,0.025945077,0.76875466,0.4932532,1.6100049,0.7336894,0.046864208,0.33481103,0.19549322,0.0,1.3596977,0.067302704,0.8771694,0.0,0.12183697,0.2630938,0.07368343,0.03615566,0.10626995,0.36140472,0.011894713,0.020578066,0.06592325,0.32092503,0.93706155,3.8228528,0.16954829,0.11900855,0.044333514,0.02393699,1.1734086,0.0040385216,0.9413508,0.0754325,0.26885635,1.6067291,0.015270484,0.25694916,0.2861955,0.036669984,0.23255628,0.69052875,0.0,0.4286939,4.0688767,0.21107864,0.4364422,0.19131827,0.1431193,0.9590933,0.5046707,1.4892652,0.0,0.3123692,0.27553803,0.3811095,0.27033833,0.008958423,0.26394513,0.8497547,1.1063454,0.27722567,0.41500205,0.1654622,0.19877087,0.039518315,1.3185188,0.14994131,0.23157372,1.1072061,0.8050073,0.40666467,0.13338408,0.39421922,0.56577855,1.3572357,0.025315734,0.35069782,0.01094359,1.50199,5.535165,0.91758054,0.01978126,0.048157237,0.48103103,0.4943111,0.0,0.6642987,6.026134,0.32111102,0.016441932,0.976868,0.27945212,0.30183396,0.9639548,0.45739773,0.090222426,0.3243486,0.633662,0.124705255,0.8484846,0.5986225,0.42692724,0.2886297,1.146538,0.19993655,5.1524506,0.15160362,0.04069829,0.0,0.0,0.007864658,0.6436989,0.22640917,0.26223525,0.13157111,0.13459168,0.73481977,1.2624519,0.031030528,0.026764778,0.045077402,0.14278024,0.87037665,0.7317053,0.70229554,0.04827672,1.5333008,0.29426235,0.21554434,0.087177515,0.0,0.0977179,0.5545509,0.0,0.039415363,0.35273015,0.3641509,0.8529831,0.59077615,0.11194641,0.10495286,0.3307516,0.21476093,0.030190056,0.22409308,0.58941764,0.7997614,0.1699981,1.1247976,1.2835126,1.929772,0.76180327,1.0988206,0.086406894,0.0080550015,0.0033973018,0.0,0.46523222,0.9565693,3.2685854,1.3590122,2.0002196,0.21925521,0.0018165326,2.2884152,0.048640154,0.94725746,0.56610954,0.12874337,0.28592157,0.48944488,0.0069355397,1.038389,0.2715104,0.467287,1.7842083,0.2180425,0.09196145,1.3254399,0.8681183,0.007940224,0.006900804,0.9215167,0.19929504,0.9630136,0.44316053,0.5107508,0.086277574,0.08602623,0.087292776,0.33587345,0.17061748,0.12283256,0.09889352,0.56090814,0.48616034,0.0038918077,3.1563153,0.026117194,1.2866976,0.89339054,0.99700874,0.41328216,0.65615946,0.15097116,0.8376893,0.7719647,0.11583418,1.4541763,0.0694853,2.5351038,0.06531768,1.4238003,0.5934408,0.15540093,0.098989524,0.1486645,0.10909761,0.07327791,0.0068752957,0.07876925,0.84491384,0.19414116,0.2844706,1.1338897,1.9327949,0.011416395,0.35094005,0.88825953,0.23138988,0.57916516,0.763235,1.2308532,0.017478893,0.14704743,0.08388352,0.2686321,0.6859103,0.13220523,0.14344847,1.2341797,0.0,0.083056934,0.40769327,0.5752384,1.4226468,0.108838975,1.0975102,0.022970114,0.0639903,0.111392155,0.20289084,0.0043522506,0.14251477,0.20180309,0.07116757,1.4889814,0.18507844,0.14868087,0.0,0.20256802,0.64122945,0.49969673,0.0,0.31609416,0.07382451,1.2725023,0.49040535,0.0,0.005546841,0.5382446,0.7690552,0.02573135,0.17137636,0.09764987,0.09286297,3.1846468,0.013938256,0.6793612,0.29676983,0.110153295,0.03190023,1.2459358,0.37758473,0.25522754,0.15723997,0.9090854,all_pothole_images\pothole_images_enhanced_c6531a51e5fd1553e6be2cdb1cae65dd.jpg
0.6592416,1.6536088,0.40096176,1.5915406,0.16238247,0.52449965,0.7638571,0.0012691598,0.3000178,0.3765616,0.8902133,0.34070453,0.4825835,1.4054229,0.34708086,0.20436314,0.2081482,0.15226646,0.91512966,0.5096145,0.28238893,1.7921968,0.2662788,1.4394864,0.91010517,0.1704216,0.97601163,1.4162542,0.16764069,0.99801695,0.62241536,0.18848273,0.5934251,0.21610408,1.1459737,0.017760454,0.20059519,0.8936506,0.01556418,0.998177,0.0,0.11175222,0.29654443,1.377415,0.5556878,0.05751448,0.116625465,0.24283467,0.16943036,0.24283321,0.1743998,0.66909057,0.6198386,0.23846069,0.3700421,1.2124839,1.3315536,0.4759521,0.6158513,0.8366298,0.16204937,0.5597834,0.67023987,0.11828751,0.7298324,2.4805105,0.5989759,0.6587987,0.94829714,0.62813526,0.333336,0.7782486,0.49388465,0.21923745,0.14187285,0.7957116,0.24521123,0.41640696,0.0,0.4502545,0.15156364,0.4258442,0.04160776,1.4188808,0.47855842,0.61765146,0.19832572,0.25809732,3.5635762,0.25428814,0.31964338,0.36417392,0.63908386,1.0621248,0.04711105,0.15474908,0.39919746,0.72816724,0.9497649,0.8696629,0.06241306,0.6342935,0.31746387,0.902343,0.5722113,0.6421685,0.538835,0.040842038,0.008048864,0.6405191,0.15050037,2.572583,0.26149312,0.44214502,0.43628776,1.1085395,1.5439316,0.04381824,0.2421228,0.22508307,1.1956556,0.3558561,0.81471443,0.88603985,1.3030691,0.47625327,0.0404599,0.22477742,0.3428266,0.41684216,0.8067694,0.82826465,0.615885,0.28816056,0.16289811,1.004456,0.3660582,0.3737677,1.3153733,0.57496816,0.097381055,1.7261133,0.23176545,0.9206085,0.27075398,0.59204507,0.43200403,5.1498588e-05,1.1468798,0.81969947,0.088972256,0.29561347,0.014317621,0.48463634,1.42175,0.20289771,0.28929242,0.08165735,0.4985543,0.61898565,1.7875537,0.3802142,0.07209509,2.325396,0.4302204,0.18033126,1.434224,0.15282169,0.2373751,0.75436026,0.018640544,0.010461098,0.46958166,0.5835243,0.5360631,0.08633633,0.75853217,0.051298793,0.21386337,0.49610138,0.6198091,2.4715698,1.5204452,1.5031399,1.0950778,0.903724,0.07561217,0.005531497,0.7061386,1.3833623,0.93550855,1.0344566,0.37806943,1.4508963,0.011947892,0.17053251,0.4174668,0.7899214,0.26256356,1.0301965,0.3263626,0.7065732,0.0036812895,0.20035426,0.99797064,0.5695117,0.5468845,0.09915241,0.21142957,0.008437895,0.2392994,0.59403795,1.3136516,0.1813052,1.1320279,0.9890358,0.59088707,0.12733452,0.5573638,0.21342754,0.86108756,0.07423243,0.7161625,0.9030505,0.7000514,0.9588254,1.1194638,0.5567801,1.4775331,0.027724368,0.5030717,0.3947921,0.7682177,0.47145337,1.7172407,0.4070057,0.8063482,0.017570006,0.011110101,0.0,0.050058722,0.4813299,0.27201042,0.19881289,0.4321587,0.0,1.0757364,0.20815527,0.33291858,3.2588136,0.43124923,0.17993227,0.71683204,0.0643275,0.2032457,0.0,0.8753606,1.1816051,0.47571564,1.1049161,0.5088877,0.19852194,1.0592173,0.14072242,0.26832986,0.8848333,1.952121,0.34037644,0.6716731,0.56242585,0.8316607,0.00943716,0.18631995,0.14400293,0.5401967,0.6368341,0.57800674,0.31504774,0.63191515,1.3876919,0.31335136,0.25365183,1.0237337,0.085770994,1.0956565,0.52820057,0.21492133,0.9704444,0.7470997,0.3524919,0.23380145,0.24952713,0.72091,0.427679,0.5581101,0.29109457,1.2875948,0.6611252,0.51482505,1.8626693,0.3806153,1.3351879,0.035930917,0.4725144,3.5532038,0.059110165,0.016157653,1.0615522,0.46911183,0.005967749,1.1891469,0.032737307,2.5555725,1.1763519,0.04187222,0.50454587,0.23398851,0.8831882,2.387474,0.8714834,0.17954549,0.4519286,0.08166937,0.3227017,1.1230748,0.538929,0.24142094,0.20003733,0.92813116,0.5787352,3.3670385,0.34457704,0.6138314,0.8472751,0.8168209,0.15556437,1.3358978,0.81017846,0.29422358,0.2062451,0.4807905,0.5720196,0.950771,0.6015356,0.31399617,0.6454174,0.21927261,0.4839054,0.0073046596,0.21049035,0.0,0.90207684,1.0453537,0.4664887,0.09588814,0.37826857,0.15153287,0.99647814,0.15290727,1.0209593,0.26033852,0.07916374,0.1876223,0.16538881,0.0,0.2665086,0.6762606,0.23560005,0.25190046,0.4395862,1.2858175,1.4186662,0.60699207,0.049521595,1.0448799,0.8141505,0.0,0.76327246,0.56165385,0.328943,0.60396653,0.348929,0.11285823,1.550408,1.947221,2.0119119,0.8787151,0.2307876,0.143112,2.1039839,1.4592475,1.1972347,0.19219202,0.19545564,0.03357319,0.21538499,1.4980932,0.1812945,0.3702011,0.0,3.5446844,0.46143678,0.44010386,1.1199021,0.35766104,0.30359828,0.37771216,0.7331539,0.070260346,0.47108895,0.01271684,0.7317121,0.45979246,0.33161017,0.030908048,0.6510592,0.6146207,0.44839033,0.9092294,0.016562384,0.8301758,0.5393679,1.6019602,1.6212558,0.8245342,0.3927685,0.8862841,0.7383653,0.3908773,0.08963731,0.004295308,0.58003193,1.6828538,0.5707864,0.14712767,3.3856187,0.366515,1.0749317,0.3858228,0.16156445,1.0915092,0.01482174,0.17901766,0.5010716,0.109054565,0.004359755,0.932084,0.861429,0.18495382,0.45468864,1.7545568,0.364479,1.0327122,0.45764816,0.19539537,0.5719219,0.15608351,0.37083232,0.0106396945,0.82185173,1.0501001,0.24645185,0.20960873,0.14110777,0.67945564,0.43576422,0.7524138,0.122514345,0.22287829,1.8589996,1.1919578,0.92282116,0.07756929,0.082463324,0.65823925,0.6455969,0.36786747,0.8619558,0.17790738,0.23129499,1.2141546,2.47382,0.5922402,1.0842913,0.0027535479,0.5952075,0.4561506,0.4294171,0.5185018,0.049458425,0.8491544,1.269017,0.49699315,0.0044715363,0.22864768,0.25159007,1.1597794,0.0,0.09238737,0.19233921,0.36862168,2.3607526,0.8390964,1.0748435,0.29258984,0.30236268,0.29495212,1.1300181,0.36830482,0.45081156,0.12819675,0.082110755,all_pothole_images\pothole_images_enhanced_c672c9111f95f8174f0a25f51c306ea2.jpg
0.5102389,2.2704644,0.7619016,1.975138,0.66990304,0.05154973,0.28933382,0.63738436,0.013553681,0.3244896,0.24885578,0.49623963,0.8952266,2.7623382,0.4015226,0.008015215,0.23617636,0.11075094,0.5164308,0.31040826,0.9184929,1.7570536,0.40909618,1.3045764,1.2147235,0.39144444,0.43240178,2.058286,0.14173745,0.19097285,0.6561475,0.14549986,0.5526554,0.33274966,0.42294586,0.6856701,1.1722847,1.4829911,0.18207927,0.9890005,0.0,0.6400087,0.46548685,1.4247812,0.052606408,0.51487887,0.2348514,0.022511683,0.6586892,0.5300986,0.5212115,1.1077746,0.92876697,1.0786391,0.992216,0.8333245,2.1599755,0.30651116,1.4518379,0.5351519,0.6538287,0.9264074,1.040671,0.07241854,0.9059204,2.4553986,0.6655462,0.15372905,1.6612418,0.67631483,1.1285696,0.52282053,0.17290623,0.3011276,0.5433614,0.08993635,0.72590405,0.9705773,0.0002058115,0.12144481,0.18244301,0.5735322,0.43836105,0.9904849,0.10845189,0.94974875,0.015761891,0.35691845,1.1293966,0.35569596,0.38446534,1.366683,0.45567438,0.009607848,0.1682125,0.58372927,0.23795256,1.312267,0.49450582,0.28749797,0.5333499,3.3636792,0.6303304,0.6377564,0.7886116,1.3416257,0.3638436,0.6260623,0.16450985,0.6410732,0.6627837,1.5894233,0.18657868,1.0365938,1.4233508,0.41253847,1.846664,0.3756288,1.3582468,0.80747044,1.8577846,0.54347277,0.20855002,2.098902,1.7666265,1.2412539,0.55167085,0.43634138,1.0493584,0.29012698,1.0008997,0.013651069,0.5843852,1.2871361,0.057894852,0.538046,0.16756763,0.5052526,0.75095636,0.55446196,0.24553826,1.0215861,1.2211535,0.878272,0.06957701,0.6008438,0.49813655,0.05090424,0.7116098,0.7160902,0.43302983,0.1795497,0.009596254,0.08529838,0.8272613,0.037675075,1.1259736,0.29844338,0.14657548,0.90059495,3.1885529,0.90030754,0.28607535,2.0621233,1.45241,0.004144691,2.9197094,0.63052464,0.5384454,1.5936042,0.446152,0.2013927,0.15910938,0.26256305,0.42881408,0.48945,0.048037447,0.1653662,1.3035885,0.055895384,0.05247767,1.7880195,2.1775677,0.97103906,0.25031668,0.20007427,1.4692311,0.3340047,1.0124815,0.36830512,0.024595471,0.9046417,0.52976537,3.3913183,0.042293236,0.28849462,1.115878,1.5246323,0.044194352,0.49094063,0.27088133,2.2653568,0.54471046,0.8988449,0.7435332,0.1505617,0.6947897,0.072889715,1.061918,0.7422386,0.041423924,0.20109878,0.24169306,1.2579587,2.3032908,0.44008446,1.6370827,0.52258384,0.3828844,0.0,0.6114226,0.42661008,0.8098095,0.61616707,0.044030353,0.24856937,0.6413186,0.6905557,0.18632331,1.3770925,0.32921326,0.056879032,0.24389397,0.43140286,0.20341983,0.32187805,0.53015757,0.57963216,0.007829041,0.37488484,0.0042692074,0.24805956,0.18129253,0.5991928,0.49155393,0.02547091,0.96768296,0.58675444,0.99944973,2.298926,2.6754723,0.042707473,0.18571478,0.024629414,1.0723107,2.422615,1.0134575,0.14921162,1.0549587,1.1177024,0.48159412,0.24389966,0.8509936,0.7301064,0.30910885,0.66681755,0.010487192,1.2754292,2.3041773,0.04175835,0.25566208,0.20614156,0.31133953,0.9856321,0.3138366,0.29150796,1.0751201,1.241471,0.39521796,0.088403285,0.93254226,0.22375822,0.77272123,0.9062211,0.60478866,0.64818114,1.3236796,0.31072462,1.5736508,0.57034075,0.9262633,0.33367765,0.44264987,0.45489645,0.5778086,0.23217629,0.8247256,1.034916,0.13367972,1.664138,0.24968529,0.33000362,0.07261098,0.606881,4.060888,0.120314054,0.021973832,0.62731445,0.3655824,0.117789336,0.6958282,1.8072349,2.8990645,0.80383056,0.43043965,0.7344089,0.03466474,0.98602015,0.6003846,0.5085949,0.735431,0.013469887,0.01754551,1.0373648,1.0085611,0.90788615,0.7800405,0.0,0.5000761,1.0665848,0.99466795,0.5680065,0.8196925,0.051643014,0.10867543,0.5534022,0.75220674,0.46176368,0.88124007,0.18695228,0.4284264,1.4144582,0.48660052,0.13192125,0.811437,0.1044263,0.043874692,0.049919885,0.7411472,0.4853123,0.32351366,0.5479945,0.71957725,0.7650297,0.13140216,0.30281815,0.041790724,0.7381969,0.45508134,0.757784,0.9584615,0.85814726,0.5605696,0.37212667,0.08709817,0.3485881,0.61179006,0.15848786,0.7520867,1.219341,0.5607237,0.41015166,0.33215946,0.72420514,1.0324559,1.1669132,0.71321297,0.17926759,0.4799042,1.0172737,0.18663606,0.21477807,1.2893506,0.24483302,2.50119,2.3030999,0.76952934,0.08213266,0.44981134,1.6449022,0.96861225,0.5943833,0.15024407,1.4525721,0.10024162,0.60681903,0.93774426,1.5818901,0.8289725,0.21631229,1.3910584,0.98375607,0.14344352,0.25060835,0.04420805,0.37464637,0.18274851,0.65651655,0.178984,0.7297483,0.44933644,1.3523445,0.6495814,0.18433367,0.49440297,0.36317143,1.1703019,1.1962094,0.0357007,0.3564864,1.4380664,0.1556931,2.3328357,3.5690114,2.6083286,0.1009264,4.562032,0.23330307,0.4681345,0.9518431,0.05054863,0.9685832,0.2143202,0.49522704,0.7801965,2.1046383,0.6182496,0.3311706,0.46024883,0.13951644,0.38060397,2.0673223,0.6856128,0.20673214,0.6693177,0.07366942,1.6628865,0.71294206,1.9333007,1.0310488,0.51242757,0.31872985,0.4969464,0.5575718,0.37628242,1.3796839,0.29794922,0.32638013,0.16180556,0.42960954,1.6662856,0.6896605,0.641444,0.6426878,0.6031077,1.2488542,0.11192001,0.49576467,0.6927668,1.3867309,1.1752542,1.0633732,0.57566965,0.18355003,0.054941628,0.09008504,0.8871011,0.36784685,0.74669313,0.0079234475,0.7354244,1.8006049,0.48931548,0.7390494,0.13249566,0.16176659,0.23469633,0.19204897,1.9419278,0.07270552,0.28377676,1.8507701,0.2121825,0.10301747,0.2228981,0.0,0.7558185,0.08605576,0.2849432,0.7552096,0.030759322,1.9701,0.5057183,1.0502795,1.0274774,0.055544566,0.25820845,0.68223834,0.45188856,0.08473556,1.2262458,0.63064015,all_pothole_images\pothole_images_enhanced_c6a50533c92449e5f7278604d8d77d7a.jpg
0.11799105,0.3352857,0.5071023,2.5098069,0.61082673,0.11939498,2.2343643,0.118977554,2.0583282,0.797431,0.87522125,0.2648302,1.0290871,2.2054017,0.02016744,0.8984448,0.6532493,0.7551567,3.319869,0.0018036955,0.50255865,1.7701131,0.092670344,1.144673,0.8563541,0.08589849,0.33738062,2.0251658,0.5935198,0.035249025,0.15684834,0.40655753,1.6604832,1.2699664,0.07127828,1.423224,0.011444392,0.2704571,0.22724357,0.0048221713,0.6867912,0.0012962244,0.32742023,0.6396968,0.5396068,0.0947406,1.1682383,0.0016643675,0.31583473,1.9357414,0.18161546,0.04993988,0.8290096,0.9532415,0.29065576,2.0957131,0.36018547,0.9303602,1.5037019,0.38006973,1.605162,0.31216344,0.3455197,0.6191785,1.184127,2.3173807,2.6185682,0.019498518,0.3602155,0.18954475,0.19191186,0.0,0.19911668,0.07627616,1.8078976,0.15213852,0.06039617,0.755737,1.4145638,0.0014554157,0.06199599,0.11624188,0.2677503,0.6909292,0.5859409,1.1371238,0.5697677,0.14518274,0.3842444,0.41124362,1.299276,0.20717503,0.031582683,0.8650738,0.9358442,0.19921789,0.44157162,1.9870377,0.026039014,0.65455604,0.022608785,1.1471436,0.011131757,0.34295288,1.7298895,0.41619164,0.28022802,0.2687857,0.0071421633,0.2905283,0.24767406,1.6078314,0.016939547,0.48175073,0.21468836,0.0,1.0459117,0.7980476,2.9403355,2.4498935,2.4528747,0.4094137,0.41359875,1.4996951,0.5261685,1.1701498,0.26419464,0.24886507,0.54460436,0.24056625,0.91039187,0.2733278,0.21484356,1.5187823,0.46255225,0.56468844,0.59698963,0.2976115,0.22002177,0.60829645,0.52535444,1.2357574,0.24944332,0.09110569,0.71339905,0.5847741,0.19918792,0.41982883,0.5358304,0.6080519,0.08947221,0.62262005,0.026098536,0.09422374,1.971021,0.6778044,0.9375774,0.19049491,0.015906371,0.6312416,1.3602318,1.3854563,0.061096318,0.50016403,0.88565296,0.03723275,0.53078324,0.07015523,0.5648916,4.813744,0.4560051,0.028690942,0.0020206287,0.55792093,0.47820333,0.7155918,0.8068995,0.01895157,0.06603049,0.3472241,0.0019408326,1.5875432,1.5683783,0.27879697,1.1468261,2.4024515,0.9729653,0.7555708,1.0490133,1.3969611,0.13345155,2.349003,0.3259688,1.2120081,0.17049198,0.3084471,2.192554,2.1998444,0.4688173,0.28864238,0.053443197,0.7844734,0.77053684,0.22392954,1.5045586,0.46241853,0.5607772,0.09926348,2.4066918,1.0986726,0.4803631,0.0584622,0.07902481,0.45445263,4.032067,2.4245791,0.053158667,1.1468563,2.7869842,0.12291022,0.22743633,0.7876467,0.53320426,1.5938238,0.0,0.0,0.55307215,0.08321139,1.1438664,0.23180072,0.17185345,0.16234896,0.5196543,1.5769902,0.85479593,0.5138063,0.3865649,0.11309406,0.4414992,0.6921278,0.1640246,1.1454597,0.19231951,1.5857844,0.33015105,0.2476799,1.0124872,0.43487003,0.3358788,3.7617004,1.8330837,0.011947653,0.27942786,0.26819283,0.4584346,0.9147479,0.34143057,0.67619044,0.45426917,0.69952196,0.8511972,1.4626225,1.2530707,0.6501727,0.49170843,1.721541,0.3363237,0.2606652,0.6773819,0.6269399,0.06820217,0.17821416,0.37990665,0.11368749,0.015967755,0.7339177,0.4654476,0.28239527,0.678575,0.12193631,0.38589904,1.1721263,0.20270345,0.5751915,0.51582944,1.0778295,0.6263589,0.29005942,1.2644957,0.0,0.2570722,0.3009677,0.3657859,0.7391228,0.7946726,0.044518627,0.25984916,1.612314,0.083133034,1.36722,0.7033379,0.9760474,0.06885299,0.03501672,2.7305493,0.014563519,0.69347364,0.37169638,0.89798534,0.03678656,1.476376,1.1593175,5.472065,2.1462886,0.8528169,0.8288161,0.0059994636,0.2195129,1.325681,0.44410214,2.4893315,0.54857886,0.50232095,0.64720327,0.9967712,0.31976247,0.23040028,0.01326877,0.019813815,0.17774417,2.4300125,0.20287828,0.40670133,0.022120308,0.45807207,0.083273925,0.622795,2.5677204,1.5160357,0.41212285,0.23057197,0.8345751,2.789895,0.502109,0.8628091,0.6394766,0.37986144,0.042544704,0.23491123,0.6449225,0.5656353,0.9509631,0.69520956,1.0074682,0.5630269,0.23535268,0.05616413,1.7708802,2.2551172,0.73543113,1.003927,0.037001655,1.4199262,0.07461694,0.0011040176,1.6371404,0.45825607,0.16977888,0.16466264,1.4890999,1.5301038,0.36847565,2.657242,0.15257359,0.9578264,0.81952673,0.12012211,0.03832283,0.56795305,0.88758117,0.39828122,0.8634791,0.22431506,0.923527,1.4431275,0.8747994,0.14516361,1.085134,0.76770407,0.5246525,1.1532905,0.8089439,1.3901068,2.4606597,0.3616771,0.8157023,1.0329139,1.577718,4.2514105,0.034153387,2.113864,0.3537041,0.21004963,0.102911375,0.23868895,0.4817391,0.5916057,0.08109879,0.08528083,0.0065676756,1.7592957,1.142376,1.9408884,0.04498353,0.06086865,0.0,1.1110419,0.0253106,0.1410911,0.053980205,0.0,0.18555401,0.12765501,1.9793721,1.3135519,0.621646,1.2883263,0.33085954,0.039016653,0.3878303,1.447689,0.7743013,0.5460867,0.041730735,0.25928327,1.3979398,0.8092139,0.90682083,0.14002432,0.4327117,0.40130678,0.87254196,0.88358897,0.38833883,1.7116213,0.28203657,0.8605901,0.2501564,0.59157836,1.5245464,3.419103,0.23042701,0.6063188,1.2288585,1.6122493,0.54225415,0.22288303,0.04998684,0.40368503,3.065572,0.7677961,0.42956826,0.7838339,0.88660395,0.76613384,0.7406465,0.77123624,0.09640659,1.0041702,1.884845,0.12168971,1.3768154,0.0070736436,0.10432082,0.4080589,0.10309283,0.7436109,3.6963384,1.4279888,0.19679883,0.75739425,1.7053024,2.3889318,0.051756207,0.08532178,0.7995575,0.5355732,0.024180517,1.7851533,0.4412763,0.8241705,1.9755788,0.33354944,0.000900937,0.20414498,0.0,0.06285865,0.63333076,0.1113513,0.7287997,1.1838514,4.5078497,1.5677068,0.1547431,1.1984543,1.5952095,0.5042485,1.3096232,1.0185615,0.24161457,0.47466722,0.1595294,all_pothole_images\pothole_images_enhanced_c728b41d87f061bad72008b96ab34e45.jpg
0.7135021,2.4500532,0.7459021,0.7433208,0.37159613,0.82143205,0.121777944,0.0052758227,0.28778684,1.0647521,0.09529948,0.041201025,0.0046438985,0.38312063,0.16021083,0.49513778,0.16520882,0.14340848,0.12571375,0.10839931,0.28279868,2.9776165,0.85967565,1.6796473,0.27023888,0.7804436,0.7002723,1.8396877,0.6688002,0.9482688,0.7564083,0.23239851,1.1435715,0.38330728,0.22307351,0.2245652,0.7202077,0.47887707,0.31452292,0.49523738,0.69839203,0.0,0.46592423,1.8332883,0.6717462,0.262947,0.5294346,0.1781053,0.3032828,0.34342805,0.36338168,0.25055668,1.0410701,0.18030268,0.11661169,0.7687921,0.9880835,0.0018790732,0.26190177,0.9520734,0.19814962,0.7073654,1.2397776,0.7894084,0.3867634,0.17697048,0.41288465,0.06132989,0.15528084,0.9628878,0.37946224,0.93665516,1.206127,0.08605779,0.7989617,1.2346545,0.87249124,0.21864246,0.24371316,0.11668876,0.7805585,1.3206403,0.23832566,2.1470132,0.5137323,0.26118997,0.022359125,0.015750127,3.5254354,0.029976696,0.0742024,0.4728114,0.033043467,0.02614839,0.38215092,0.045198746,0.5704071,0.84363604,0.014327809,0.25113517,0.01513639,1.8990375,0.14332233,0.15399697,0.47976315,0.22383614,0.08978527,0.02984852,0.10450087,0.52774835,1.0035162,1.1555537,0.41094556,0.002834719,0.16201207,1.2096809,1.7862445,0.22711995,1.6378433,0.22344069,0.5203925,0.21070552,0.55851746,0.118459925,0.07491652,0.79423887,0.55514437,0.5493093,0.31389427,0.5294933,1.6422883,0.027205959,0.07387013,0.0,0.29236525,0.3986799,0.055155233,0.0505872,1.4788516,1.5162005,0.904504,0.07460523,0.3860825,1.3111702,0.5466118,0.47021618,0.4813629,0.35800877,0.8980604,2.4046762,0.027651899,1.172969,0.005269875,0.5709653,0.8434526,0.48617694,0.670043,0.061064072,0.4385203,0.49560782,0.4899085,0.18276201,0.5375254,1.4295112,0.347441,0.021764854,0.9573648,0.12034768,0.31040096,0.095664,0.36197102,0.13473304,0.010129468,0.6965042,0.54896843,0.00024231468,1.7883319,0.0,0.98961943,0.3180934,0.47778857,0.27244076,1.7165693,1.0119811,2.145757,0.68850714,0.23848465,0.25806323,0.032942187,0.9658108,0.6477644,0.2186134,0.18623602,0.6190786,0.015875207,0.0013651273,0.006787132,0.24510539,0.70923364,0.7248902,0.12833925,0.60018694,0.92426693,0.489475,0.35533783,0.95142937,0.5225662,0.5686252,0.5351408,0.35401985,0.39816016,0.67901284,1.5790339,1.2961695,0.18604037,0.6312763,0.34630248,0.005884667,0.8592238,0.49319956,1.2824514,0.06752955,0.20533358,0.6927012,0.0,0.38224995,0.90986,0.2714532,1.3214982,0.43130377,0.82889086,0.34532818,0.60617477,0.06575963,1.6458768,0.078703694,1.1223044,0.0851296,0.02034463,0.017675253,0.018332541,0.021792779,0.28972122,0.03262128,0.21885778,0.05796099,0.75658303,0.05911864,0.4613807,2.3542697,0.12867087,0.008561001,0.46975937,0.5401938,0.0,0.26861787,3.3347268,0.3660898,0.59900486,1.6602528,0.210616,1.4771221,1.0104265,0.55534357,0.15966932,0.77167696,0.015948836,0.26052073,0.38802758,0.9181287,0.031921178,0.032239333,0.05805272,0.7745474,0.38677952,1.1829306,1.0046679,0.32489267,0.64584994,0.7959363,0.2844209,0.46445403,0.10524392,1.1272084,0.785213,0.32191715,0.31827912,1.3046966,2.0992963,0.23712781,0.41905212,0.19862248,0.16441421,0.7331524,0.7713154,0.0695531,0.36043382,0.03809672,0.2228446,0.68234706,0.20972367,0.5785632,0.46211922,0.43681583,6.4841595,0.52508813,0.03427545,0.7269575,0.30141604,0.011262484,0.056950286,1.8842393,5.0899067,0.57731616,0.3048039,0.17516206,0.10075277,0.7386195,0.938885,0.19548057,0.26247856,0.25085878,0.0,0.25128326,0.77828443,0.45246074,1.9705822,0.09969452,0.19946253,1.0297091,4.1349635,0.33251292,0.34268215,0.5089692,0.6583407,0.77759045,1.7210113,0.3397216,0.077035114,0.31717846,1.0389223,0.5690786,0.7938586,0.0047396263,0.6031754,0.012816462,0.07737144,0.047989134,1.3058491,1.0610219,0.10449826,0.58721244,0.109751076,0.016065203,0.16210985,0.012080464,0.19718921,1.0341423,0.2523248,0.26628345,0.08333963,0.07921661,1.3191178,0.5262033,0.13264541,0.3295245,0.1990591,1.931631,0.5805116,0.25226006,0.835874,0.7092852,1.3422552,0.44302997,0.6943098,1.4504513,0.49759275,0.54762596,0.5680849,0.347994,0.39757618,0.04731264,1.3621247,1.0367129,2.9534962,0.67973155,2.3516738,0.6766284,0.8585063,2.9584253,1.3757201,0.3129886,0.5634363,0.35821003,0.15979993,0.040541757,0.08463916,0.26765218,0.2184804,0.092401855,1.639908,0.46813574,0.17333166,0.5028269,0.2524242,0.1696806,0.22238006,0.02486818,0.07013639,0.063454956,0.73346204,0.5993054,0.5946639,0.20002595,0.33439192,0.6056459,0.76728064,1.1306704,0.3330849,0.036178213,0.889503,0.48210007,1.2518437,0.27381012,0.85763246,1.4410502,0.17773293,0.64927405,0.2803745,0.71423525,0.50996053,0.16973726,0.39397225,0.22575921,0.44827574,2.448113,0.9298108,0.47560298,0.17880708,0.37290806,0.85424656,0.25583005,0.116000526,0.616811,0.2595387,0.2559139,2.3925817,0.31975183,0.65375406,0.36824098,0.6721344,0.2365707,0.9369863,1.453185,0.6974996,0.4833393,1.452817,0.3159201,0.023628697,0.667833,1.5762564,0.37783426,0.7542352,0.72784156,0.49928448,0.62611955,0.37110394,0.4021913,1.0008582,1.9095991,0.9273517,0.8425461,0.8093511,0.041692615,0.4014179,0.24176095,0.08417137,0.28836828,1.6665207,0.19476601,0.21483062,2.4976463,1.1349676,0.5268472,0.04656128,0.0032226979,0.88874954,0.5628031,0.22485937,0.0029881438,0.32664478,1.363728,0.10905995,0.17442007,0.0,0.04744657,0.18406188,0.2553045,0.19262087,0.009391868,0.31859726,3.4486065,0.6121461,0.15642498,0.9077866,0.8645498,0.10953443,0.80251926,0.20297013,1.3245987,0.0039500794,0.28049308,all_pothole_images\pothole_images_enhanced_c742f96893a11415f5e1013cd6d1117c.jpg
0.17308263,1.3165518,0.23267853,1.2112647,0.534864,0.07057903,0.19101283,0.019746972,0.043123618,0.17183304,0.41746685,0.3419232,0.43062848,0.54336876,0.073897935,0.3654815,0.1741367,0.39815432,0.6132871,0.04943074,0.0,2.4164026,0.31229797,0.5341549,0.084472634,0.2158261,0.25038353,0.3674019,0.030718297,0.6384263,0.4829806,0.24233653,0.5076668,0.13808681,0.98594797,0.50553954,0.27893466,1.0750562,0.023639333,0.017896013,0.0033069586,0.11267406,0.0036971434,0.8913022,1.3268638,0.18367799,0.24926654,0.0,0.053443614,0.62965655,0.21353538,0.078996025,0.10679381,0.0,0.02302985,0.9535266,0.22632588,0.570754,0.19066738,0.0,0.08381402,0.17415033,0.63413686,0.39362565,0.43245345,0.9033313,0.044866793,0.21307133,0.55572814,0.6866408,0.13484572,0.60437346,0.2640607,0.1115523,0.030365318,0.084644265,0.014060448,0.27113962,0.0,0.11545187,0.28007993,0.104546934,0.4037997,0.4899311,0.7922574,0.36098015,0.12006268,0.035988208,1.76763,0.20235866,0.012435609,0.07847363,0.23544301,0.54796726,0.05158806,0.046778157,1.4805127,0.32182115,0.030327296,0.0,0.45577613,0.22921799,0.9766345,0.020701734,0.32604444,0.70707935,0.012350877,0.08077884,0.05860172,0.005341025,0.0,0.84402037,0.72549003,0.10317332,0.5729909,0.15678024,2.0246017,0.033036143,0.26964474,0.54767287,1.3316107,0.5354584,0.63118565,0.2749364,0.012903271,0.98890567,0.40815,0.6419737,1.0572592,0.037232667,0.5573887,0.07489094,0.60810477,0.18464835,0.036539137,1.1374227,0.19761936,0.2820132,1.2476857,0.019341301,0.9698564,0.009590242,0.1311399,1.4677811,0.54191583,0.3393735,0.17155856,0.39936486,0.6567886,0.19443932,0.078937724,0.23490635,0.0,0.0,0.8649247,0.25290203,0.5263196,0.036570422,1.20756,0.32739794,2.02469,0.5425818,0.060516756,3.0457752,0.15449625,0.20519505,1.8818583,0.3006893,0.4319865,0.2233701,0.0,0.0,0.011610553,0.019299699,0.20324282,0.16953607,0.5568279,0.03675653,0.95869476,0.24778397,0.0,0.859946,1.4085451,0.025281688,3.6107218,0.560636,0.0,0.029287836,0.11099177,0.7609941,0.33383173,0.0935751,0.09195223,1.7670586,0.003340462,0.043703273,0.06255324,0.4374433,0.2506748,0.6622015,0.13839176,0.16127953,0.9484896,0.88683784,1.0190903,0.4175535,0.2637873,0.13786264,1.1455531,0.42928073,0.0,0.23319101,0.47033316,0.100963786,0.35381305,0.8870222,0.104878746,0.057878464,0.21282642,0.26332033,0.1880363,0.92349356,0.18896309,0.054275226,0.031506743,0.41250423,0.4565711,0.25729695,0.41312134,0.4068531,0.032781307,0.055555187,0.31810084,0.019887399,0.46083704,0.024207111,0.42757937,0.0055787745,0.096913666,0.21023116,0.00042264804,0.19129492,0.15833269,0.040265664,0.20937292,0.378807,0.49844906,0.3148514,0.20303562,3.5431478,1.3687314,0.0,0.49545023,0.068219244,0.059773143,0.9220498,0.76579237,0.45091146,0.16439718,1.0670826,0.13685524,0.073747225,0.13804705,0.63805664,0.35997546,0.5461971,0.21081543,0.6919083,0.8483155,0.6224096,0.19650218,0.6158057,0.019556968,0.80318713,0.7376824,0.7246354,0.49792585,0.29612392,0.21961157,1.1708324,0.8120458,0.100734755,0.42628103,0.21992029,0.6176835,0.046923336,0.0,0.060605515,1.0223838,0.38839245,0.040883373,0.008245496,0.011866773,0.980732,0.032776102,0.28661788,0.44520497,2.7838054,0.31694362,0.42424667,0.13533913,0.5208955,0.107981116,0.13407235,5.116954,0.38344058,0.0,1.0151135,0.0043819305,0.19348218,0.22197816,0.70854974,3.9871507,1.1101893,0.23563132,0.5627409,0.100180514,0.10429894,1.71538,0.0021874132,0.32489222,0.0048564835,0.020709656,0.16897789,0.3952922,0.0,0.10033995,0.01132244,0.35288605,0.0008297909,5.65871,0.5622402,0.25533217,0.0058318535,0.17768319,0.08580889,0.47362798,0.0,0.12616271,0.023699459,0.19175968,0.6486746,0.32269523,0.28684464,0.09464992,1.1090542,0.0,0.27902466,0.27858037,1.0054975,0.70848054,0.3069547,0.24013771,0.02806376,0.031347886,0.05405499,0.110282004,1.1246909,0.18952835,0.18594322,0.024442725,0.3959359,0.43654525,0.035722017,8.722421e-05,0.07123274,1.1591305,0.2049535,0.013453965,0.0,0.44952786,0.118649736,0.2141699,0.0,0.6867722,0.18028192,0.030039413,0.54673994,0.3059613,0.43894672,0.15802577,0.040335752,0.009860305,1.571664,4.241639,0.60817116,1.0024991,0.03959705,0.19882324,0.49804398,0.40269795,0.2708697,0.009802222,0.23536117,0.24325804,0.0,0.25428733,0.44220665,0.08141509,0.49531025,3.435558,0.49198475,0.011327207,0.59632367,0.46655187,0.0014220111,0.15823565,0.52255404,0.011008419,0.03333926,0.36248755,0.7487824,0.059553724,0.3586266,0.013454548,0.15112546,0.60978764,0.035298306,0.023854654,0.0094645815,1.074441,0.03200851,0.96243656,0.911727,2.0257058,1.1792343,0.18705527,1.9919792,0.07588479,0.07353137,0.26030838,0.49556133,0.011735619,0.69250804,0.38413322,1.3258585,0.4080335,0.2468503,0.09776526,0.8506922,0.5033668,0.16837825,0.54723305,1.4841911,0.54625887,0.34577832,0.9548953,0.22785358,0.027126305,1.1188873,1.1780698,0.27899334,0.30395284,0.86360574,0.14229399,0.3061709,0.48100144,0.71101356,0.100879416,0.74760103,1.0234015,0.8838675,0.72161335,0.060826413,0.19381523,0.002000953,0.0516337,0.0,0.34026405,0.47054127,0.49805355,0.84125245,0.01891263,0.30653867,0.6834013,0.08067672,0.12164704,0.8252874,0.008154043,0.06798737,0.035063386,1.7352214,0.16585508,0.39259645,0.0782506,0.14269249,0.24581738,0.2329424,0.5678768,0.100255206,0.036203098,0.14251341,0.935753,0.0026012727,0.15450521,0.0847181,0.013382163,0.010684395,0.45448765,0.090354666,0.46587983,2.8589995,0.39846855,0.09123091,0.22643657,0.9798054,0.10143351,0.09331593,0.3814713,0.08657475,0.0032133076,0.5307777,all_pothole_images\pothole_images_enhanced_c7675356c34377e293c2d33a7a682181.jpg
0.97687757,1.5983382,0.006698961,1.2478219,1.5095536,1.0062093,0.7185936,0.020869194,0.27184564,0.051745385,1.229702,0.31867552,0.26266745,2.4562986,0.751867,0.12800013,0.038169708,0.32321528,0.99636006,0.8432323,1.7199112,0.6899831,1.567325,2.474619,1.1703042,0.39089507,0.8139331,0.91307205,0.09343775,0.56998086,1.9387945,0.4423598,0.59159553,0.8304559,1.5844159,0.03467046,0.096697845,1.4458257,0.34611282,0.0916491,0.14781107,0.056672215,0.20804828,0.81132376,1.0193866,0.06208099,0.0711063,0.41487718,0.91166306,0.3492307,1.5118792,0.707987,1.686259,0.17393507,0.1624984,0.6957823,0.4982871,0.022995211,0.6001719,0.0028413031,0.07118012,0.22824106,0.8508594,0.82956344,1.3726269,1.0414497,0.5003917,0.18523103,0.11566771,0.036788758,0.13678728,1.1120852,0.109756544,0.23281485,0.19458035,1.7311677,0.5076285,1.2140863,0.0,0.05331204,0.4392032,0.39835593,0.8671636,0.45239657,0.86323375,1.6283194,0.43569034,0.0,2.4602087,0.004283707,0.7069125,0.58137065,0.15735339,1.6270101,0.4565133,0.3291263,0.41470304,1.3407916,0.00036751342,1.3197597,0.015437573,0.72578895,0.12820418,0.45887268,0.7969597,0.462175,0.27457714,0.13630155,0.32871628,1.0255696,0.48522872,0.6948404,0.29986835,1.4731158,0.427431,1.8209648,1.7014065,0.4952668,0.30256823,0.57244676,1.1068063,2.8457532,1.0380397,0.6726934,0.21642485,1.1887655,0.000117595526,0.6271767,0.58732635,1.2354593,0.9960986,0.0069567114,1.2205371,0.9474966,0.04887672,0.72565013,0.4347485,0.24716868,1.8118994,0.06165719,0.28578007,0.35056025,0.41457778,3.1559978,0.8221533,0.013278836,0.45030925,0.5102068,0.061968792,1.0179136,1.720266,0.26668468,0.10008034,0.1531661,0.9693624,0.9329671,1.4288116,1.2740508,0.05764906,0.49831918,1.723543,0.72679114,0.04771018,0.4162153,0.09057307,0.38772854,0.78249186,0.96721274,1.2579744,1.9329877,0.56807786,0.07221638,0.16579139,1.0502715,0.12492438,1.057827,1.1653508,0.34213,0.31126308,0.505368,0.119727485,2.1451654,2.2813227,1.387983,0.60406554,0.8543541,0.44597274,0.011298082,1.5059077,0.14617974,2.8102205,1.4117304,0.47053915,1.653881,0.3579979,0.3281414,0.1630812,1.665945,1.0473474,1.1222185,0.9100174,0.1803184,1.0170132,0.5035495,0.75431913,0.9933266,0.22282843,0.14452712,1.0625101,0.05148364,0.9662684,0.67181855,0.22805706,0.2198559,0.70823836,0.33059397,1.7346476,0.35859227,1.7338883,0.0634986,0.78230625,0.0345062,0.8561854,0.23662707,0.40734562,1.1880311,1.269843,0.18064934,1.0345361,0.03446597,0.4398794,0.38936734,0.63367814,0.4964482,2.4961617,0.34466636,0.50569993,0.27244064,0.24273312,0.05930995,0.0685715,0.17735551,0.31299278,0.7424147,0.26083654,0.3103214,1.6938024,0.6462691,0.26800382,3.0611455,0.31941026,0.70733935,0.80673814,0.44300938,0.6768587,0.66250366,0.8632703,0.2995473,0.2724108,1.3264095,2.0316534,2.873872,0.49449202,0.07888217,0.7835485,0.4821937,0.8529976,1.6895121,0.7411598,0.32401592,0.001491058,1.2041025,1.0462525,0.8510972,0.10155267,0.70855796,0.4077986,0.5164786,1.6065342,0.101928666,0.29458714,0.1896554,2.1468606,0.22565773,1.0013376,0.48335463,0.09522792,0.8400338,1.3322026,0.09387338,1.6438489,1.3804648,0.04660368,0.9318244,0.37388167,1.2804381,0.68750495,0.175393,0.59726024,1.7338965,0.04881126,0.72400874,0.0,0.33521116,4.117545,1.2411903,0.012105862,0.41428965,0.6415634,0.3667678,0.47288525,0.7796253,3.7333927,2.2816548,0.1540165,0.13836923,0.4159694,0.85555327,0.9680313,1.1315192,0.9967896,0.92810786,0.33622935,1.6153991,0.34320423,0.75294787,1.7126658,0.8016429,0.71499056,2.1755316,4.190257,0.27136663,0.0057355263,0.51538706,0.428926,1.6841599,1.636804,1.5165488,0.45476392,0.04774207,0.39009273,1.2547845,1.8929756,0.17908621,0.54757285,0.2344045,0.5100765,0.16542213,0.29535604,0.2604957,0.0,0.83924395,0.33307895,0.11275721,0.70028466,0.08478457,0.31795987,0.25397313,0.7826829,0.30694216,1.1238704,0.08080171,0.5054705,0.64157486,0.03617003,0.094842695,0.20359379,1.1114107,0.6002876,0.6658455,0.87780106,0.966648,1.1957003,0.61557883,1.8141087,0.8590427,0.17536989,0.10895908,0.70003337,3.3444731,0.29678956,0.47068265,0.36201835,0.8859969,1.9522935,1.8223327,1.8631681,2.455586,0.4156394,0.42676702,0.88808703,0.7748564,0.15976183,0.0068210284,0.9660172,0.29953694,0.3267558,1.2852226,1.3963262,0.29795897,2.2895226,0.7884914,0.3103226,1.1602042,0.7401443,0.9147586,0.9873791,0.35109773,1.4027778,1.396823,0.32376096,1.0375859,0.28489915,0.2478893,0.015461829,0.04730404,0.23047625,0.7788331,0.032849096,0.2885468,0.7981213,0.3723943,1.0079519,1.8401104,0.5238754,1.4722093,2.2642107,3.7520666,0.28110635,0.5765349,0.5487018,1.81925,0.7592965,0.07926281,0.3173406,1.928935,0.7034421,0.28165755,0.4421663,0.5795485,0.7499398,0.16149169,0.27603835,0.5509214,0.013079239,1.8448,2.9095209,1.7756739,0.99463135,1.3199092,1.9512454,0.041397803,0.7983308,0.47439134,0.66747624,0.22309984,1.1759585,0.12039963,0.4570828,0.6603984,2.0856347,1.3256882,1.6924485,0.19591162,0.1776204,0.502016,0.5677928,0.19641787,1.0844263,0.55646485,0.5501419,0.2295585,0.63630205,0.81341934,0.37430423,0.18881105,0.13602169,0.4469905,0.8107035,0.27172235,0.7768563,1.7363186,0.15405703,0.6330315,0.03214344,0.6093478,0.5409181,0.67094773,1.3165538,0.029783798,0.57078093,2.1853163,0.0,0.0,0.30193987,0.035950664,0.66750443,0.08416651,0.1670254,0.1557468,0.9601411,1.667943,0.4624949,0.51486295,0.3795648,0.03593741,1.239758,0.629375,0.019815898,2.143519,0.10566423,0.24273323,all_pothole_images\pothole_images_enhanced_c76e268ca18db3757ccca0687b620485.jpg
0.14372632,0.5728882,0.12618211,1.1270162,0.86458933,0.25102696,0.767284,1.0064195,1.2020779,0.22806779,0.3354005,0.3710371,0.09131257,0.84146386,0.04427071,0.06171674,1.5701026,0.19882147,0.74459314,0.060938854,1.082088,0.71074766,0.11063332,0.38466987,0.5423374,0.752814,0.8785607,3.470858,0.39218158,0.50153804,1.131663,0.43705687,0.5039475,0.2971743,0.089515574,1.5753983,0.0038497637,0.49967015,1.0387667,0.18254356,0.0,0.03267481,0.030585723,4.39618,1.3822074,0.13014409,0.048464365,0.3768429,0.20758927,1.0709155,0.66409594,0.5795662,0.79260945,0.027599685,0.52072173,0.8492601,1.9027121,0.81666994,0.19209613,0.012997747,0.04874937,0.009759403,0.39386332,0.71830547,0.21354628,0.52640957,0.8658099,0.14579482,0.036672704,0.4002538,0.283274,1.879775,0.1392846,0.076641254,0.34499568,0.025010118,0.02089006,1.5191633,0.02429103,0.09410062,0.34677202,0.7521404,0.29934123,0.8536959,0.39154676,0.63666993,0.17298444,0.041865334,1.2799898,0.024487758,0.053366892,1.197796,0.3590248,0.6028113,0.5739488,0.0,0.15354411,0.51877946,0.5050375,0.04924377,0.09939223,1.2120512,0.32137093,0.34569767,2.8987334,0.0109551195,0.047671482,0.012980215,0.26772052,0.03261253,0.05173068,1.3963504,0.833786,0.06732374,0.22919635,0.25767165,0.81587857,0.22034927,0.5401033,0.5527286,2.8461797,0.54969174,0.2836748,0.59868777,0.26448515,0.03570247,0.11281326,0.07397232,4.5205355,0.02643722,0.3767284,0.47069162,0.084250554,0.022192657,0.64271617,0.5218091,0.28303364,0.0003937031,1.02406,0.30371732,0.89753705,0.008097326,1.5225593,0.22722983,0.44726905,0.96795416,0.6862648,1.3327245,0.5931479,0.09531855,0.23980483,0.7448012,0.015888628,0.42982915,1.9429063,0.67540234,0.094664045,0.2531276,0.26605663,0.3422901,0.949344,1.6183097,0.2638114,0.08904938,0.20935346,0.0,2.400473,0.09294699,1.4707924,0.5461724,0.0030951162,0.0806988,0.023029998,0.121793464,0.14907607,0.34295532,0.4110526,0.0,0.81834674,0.027780438,0.24154697,0.6816063,5.274483,0.11772853,1.0371883,1.6618745,0.18434438,0.85282284,0.13049608,0.46771052,0.21504803,0.36238673,0.55680704,0.9659956,0.023497537,0.074665055,0.0791759,0.15936776,0.64725965,0.31546107,0.24581729,0.5385964,2.2126641,1.0136946,0.3208285,0.47430894,0.13120085,0.16939849,0.72085124,0.17291133,0.32037875,0.34926826,0.8271388,0.0,0.50665313,3.253748,0.69418,0.21814424,0.6021259,0.48818722,1.0603406,0.12383391,0.26790756,0.3064074,0.016488796,0.0482677,0.3901715,0.14889331,0.9787244,1.7279965,0.029532872,0.061738864,1.0205954,0.34013152,1.178329,0.2911202,1.7393998,1.1037486,0.022253327,0.23038623,0.034696672,1.0710145,0.14763598,0.68487173,0.11911292,0.088625446,1.9607139,0.119636714,0.661556,3.3719492,2.0274224,0.28640297,0.3456382,1.0859351,0.15996799,2.108511,0.32195944,0.14936279,0.015526402,0.18025273,0.052999835,1.4425756,0.83598155,0.10628745,0.41851988,0.8858178,0.22388862,1.0256137,3.6977108,0.16877116,0.043373257,0.09934823,0.49227315,0.61724037,0.101608895,0.066821635,0.05968563,0.38550052,0.14623532,0.0693262,4.1304665,0.042100463,0.23154745,0.90092546,0.33633387,1.4974083,0.51500475,0.25572932,2.8839104,0.18420865,0.1941341,0.26528826,0.108180374,0.6704548,0.0512503,0.05985756,0.048380654,0.23334989,0.2642365,1.4859468,0.597699,0.38806292,0.05914956,0.14505933,6.446163,0.25661805,0.016252192,0.031008793,0.018766688,0.3731615,0.34547704,0.5781027,0.28995645,0.67055905,0.91217285,0.21933404,0.029510768,0.43191835,0.8685192,0.15819354,0.55166095,0.3878291,0.16493107,1.3800063,0.44699028,0.59885687,0.89958656,0.0838982,1.1497312,0.3808008,2.9801896,0.14724965,1.208616,0.017755706,0.6495288,0.10705037,1.2215071,0.41585183,0.09328368,0.5237969,0.09386107,1.5118521,0.4431505,2.449798,1.9377295,0.2672856,0.009171424,1.3523425,1.3312476,0.017915765,0.88749933,0.37156793,0.29180613,0.40686068,0.0787277,0.3838415,0.11471612,0.505614,0.22762664,0.0,0.05591704,0.0,0.5809945,0.93831867,0.012791381,0.14291814,0.786313,0.32604307,0.6578003,0.21192312,0.2034587,0.12703611,1.3481511,0.023831824,1.3776097,0.49811623,1.1276883,0.07349944,0.44637513,0.13173407,0.06897739,0.19687565,0.2114879,1.2855889,2.9165623,0.03606231,0.21610692,0.08065111,0.047475766,0.26045454,1.6257112,0.96713305,1.2566754,1.1415449,0.07706015,0.021889098,1.1430931,0.5525315,0.42212448,0.18929464,0.23361184,0.7749031,0.42829195,0.27402788,0.46980318,0.3952633,0.20098573,0.73643947,0.123826385,0.3867288,0.24294306,1.0708177,0.33709374,0.12302097,0.15410115,0.54352564,0.75249165,0.29889745,0.67324144,0.01874631,1.2633941,1.4398745,1.5321808,3.7323222,2.800311,0.6722672,2.6035144,1.248963,0.011109451,0.30807474,0.27220908,0.43712428,0.005412949,0.11991549,0.5653748,1.3892972,0.0052634105,0.098093644,0.27202046,0.5277188,0.15781462,0.62024057,0.024737852,0.0,0.54817617,0.46153134,0.5625156,0.006841202,0.10787497,0.5326773,2.0961695,0.8854244,0.00677475,0.3737262,1.2687823,0.20760228,0.021651246,0.3360841,0.2551683,0.6280196,2.087921,0.46127695,0.27268198,0.004005724,0.38495028,0.04034292,0.63181865,0.005560336,0.32324663,0.73225605,0.052896332,1.1089884,0.58183414,0.2701517,0.40287212,0.21621625,0.09227127,0.33868116,1.7718434,0.011658392,0.08996977,0.84270805,0.67798,0.056579355,0.39095363,0.0,1.4796292,0.41287237,0.1743317,0.0,0.05068708,0.7403135,0.005030396,0.13507792,0.0010896343,0.020108335,0.22517714,1.0308471,0.5767307,0.32648996,0.13699499,2.2971988,0.75942075,0.43879676,0.18009669,2.93006,1.2952999,0.22906892,0.08322217,0.98109764,0.5052779,0.17871849,all_pothole_images\pothole_images_enhanced_c7732a2c0b838d0b60d5bc0aa2687700.jpg
0.47929713,1.4028686,0.1897033,0.54647607,0.14143224,0.2530756,0.5499185,0.7472846,0.024909372,0.54645437,0.08558655,1.5120205,0.2588941,1.1592141,0.0,0.6138317,0.14066061,0.023101332,0.4041266,0.682897,0.12776847,1.6084692,0.98513806,1.2302594,0.0074876808,0.5143427,0.038935356,1.7562853,0.0,0.6331849,0.40202147,0.4739824,0.66058934,0.74485075,1.1873033,0.48242098,0.7990713,0.8264109,1.479325,0.31699297,0.31995535,0.8196369,1.0955398,0.21646357,0.34292132,0.47245026,0.09146132,0.23021749,1.8732321,0.3513459,0.324139,0.18893363,1.5437732,0.113417104,0.12986559,1.1478555,2.1592972,0.0,1.4475194,1.0743126,0.9797215,0.28433117,1.490211,0.34638315,1.4634879,1.6007581,1.0357121,0.90149254,1.6850516,1.9649028,1.080731,0.23480302,0.62565947,0.08521021,0.35159236,0.5114853,0.5730884,0.2665939,1.0098904,1.0706364,0.25884184,0.13339847,0.1629237,3.0721827,1.0821586,0.33869317,0.06920574,0.64662474,3.1200266,0.36609122,0.7179113,1.2218798,1.0859725,0.4941032,0.043379325,0.70301265,1.002125,1.0899284,0.7971933,0.21524233,0.71332103,0.56987244,0.058738694,0.04754171,1.8249393,0.444422,0.86886,0.17526355,0.18450454,0.720621,0.66065145,3.0578785,0.39815164,0.5879814,0.90157294,0.29877648,1.3145702,0.63067526,1.7219245,0.52469033,0.9731716,0.13318436,3.1490061,0.6970442,1.5123109,0.5532147,0.10684596,0.3942531,0.8034404,1.1410325,2.5794346,1.3071271,0.03799375,0.4957519,0.864369,1.2674645,0.15657398,0.13733308,0.6915445,0.27785444,1.8353084,1.7304972,0.61955154,0.6130161,0.010786641,0.06896424,0.05979754,0.4008079,1.0435793,0.8444222,0.41677454,1.0606668,1.5507537,0.005927475,1.2103195,0.44525656,0.485323,2.3726306,0.110678956,0.016859245,1.429448,0.2706972,0.34511963,5.223871,2.4748268,1.0434799,0.3690066,0.09882957,1.0848929,0.18802556,0.68151546,0.1438344,0.5380624,0.35542476,2.0118144,0.610201,1.6539518,2.9092717,0.22708799,3.4364064,0.9337415,0.59447944,1.7802241,0.8212258,3.1290283,0.3739782,0.33669838,0.27412826,0.011904283,1.494249,2.402217,0.984318,0.68709743,3.4779494,0.07865843,0.3385633,0.31475914,1.6301821,0.042141695,3.2883282,0.13970877,0.13234358,0.48614517,2.4097712,1.1604522,0.5596401,0.6858249,0.039883602,1.3711067,1.1828661,0.55470264,0.4954844,1.2369862,1.2156498,0.5176437,0.4395057,0.9227525,0.17532142,0.68611455,0.22497794,0.54221594,2.246098,0.63639426,1.0381119,1.0841415,0.18878971,2.8057902,1.0213188,0.582448,1.220415,0.7568627,0.49025807,1.2634815,0.08309833,2.4451833,0.27783954,0.71555287,0.004008444,0.06502874,0.5641549,0.7638506,0.14252175,0.07064019,0.35735846,0.3096975,0.004216302,1.2619174,0.9780446,1.332926,2.5993316,0.5790517,0.9124022,0.29901186,0.054351717,1.3018041,0.010905684,1.8160076,0.2983059,0.93344176,1.5929313,0.034938958,1.1173843,0.12235848,0.13846487,0.08253035,1.7239077,0.02500437,0.5700805,1.0495803,0.2087834,0.32443702,0.061020598,1.1382701,0.4972359,0.9454495,2.1632037,0.92940825,0.23975855,0.4094629,1.8258821,0.36101684,0.50327414,0.3460587,0.13159035,1.9624255,0.74265134,1.3638119,0.052575145,1.1508049,0.039112423,0.9092368,0.933032,0.16440697,2.1525705,0.5358448,0.338006,1.5590099,0.31322834,1.8579328,0.059831366,0.15291016,0.18135415,0.2684519,0.29343203,2.359194,0.16561478,0.09675904,1.685954,0.5466911,0.11724774,0.48246104,1.245435,5.5724273,0.6994973,0.075858526,1.4717734,0.3078035,0.6050707,1.8594732,0.25893342,1.3032966,0.72911924,0.009955754,0.52382404,0.33646658,0.5893819,0.42552528,0.9645015,0.08423221,0.34069005,5.5438943,0.6798575,0.24525219,0.39892608,0.26623246,1.3122135,0.15731414,0.14947642,1.0937583,0.031706803,0.57311803,2.5954971,0.6111099,0.053197198,0.021754678,0.05455922,0.16016915,0.46877736,0.4686438,2.43832,0.05285104,0.73969597,0.631193,0.31761461,1.6846666,0.11751773,0.11630775,1.5604625,0.82899934,0.13404076,0.54982525,0.6272476,1.026663,0.20068686,0.0092082815,0.38676226,2.1126719,0.7828129,0.2582545,1.4927384,0.8868055,1.0681869,0.60582924,0.03739334,1.0002711,2.7330256,1.0343533,2.0125637,0.058763843,0.15016149,0.4651184,0.42981938,2.2756205,1.2078613,3.7662663,0.221953,2.916596,1.2555416,0.051467776,1.8221335,0.39959377,1.7804425,0.5752409,0.5598025,0.36127752,0.28019387,0.5619846,1.8293762,2.093732,0.42165455,1.3734576,0.48261553,0.3506817,0.3641148,1.0490463,0.03309678,2.393241,0.4434024,0.0018328801,1.1735829,0.2533078,0.2912679,2.458313,0.14387973,0.4131086,0.09311383,0.32441488,0.29105127,1.3874862,0.42572176,0.95957524,0.7622449,1.2918468,0.60875607,0.91402185,1.9732378,1.0876786,0.41106,0.30681777,0.47730666,0.08764709,3.1569707,0.8319283,0.47422168,0.45867774,1.5194149,0.56590843,0.800603,1.0664673,0.39305803,0.24879792,0.39727303,0.1349389,0.012243455,0.1542269,1.4308373,1.3597896,1.2743979,0.11483825,0.22264576,0.8254883,0.45298177,0.3535664,0.5137714,1.0005213,1.0255265,0.2869632,0.27428415,0.17606217,0.34027892,0.62346226,0.6240211,0.18002093,0.6317039,1.3795035,0.67607677,0.28303263,0.49320304,0.431522,2.0188837,0.7075849,1.1460177,0.08212874,0.8213394,0.69464785,0.10179556,0.94866484,0.8396315,1.3559797,0.24832036,0.2658878,2.1402972,1.1653321,0.19004278,0.29014054,2.0847473,0.6887151,0.24419157,1.0678368,0.070098445,0.27660382,0.30348435,0.29038194,0.04260583,0.9413443,0.5602656,0.75164235,0.44670823,0.34468663,2.658815,0.042066943,5.4377747,0.27547023,1.2669382,0.5155372,0.071096756,0.0,0.726418,0.45708013,0.49186152,0.6328318,0.6349561,all_pothole_images\pothole_images_enhanced_c7a1ebba4da914586924fba2215b4be4.jpg
0.72662896,1.3564,0.010104212,2.7030017,0.34913647,0.12570414,0.09277596,0.0,0.050564628,0.39227155,0.06680123,0.10568696,0.0,0.8823296,0.0,0.0,0.22259906,0.0,0.0,0.29645163,0.49153417,1.2849706,0.021400487,0.54184216,0.84799206,0.30853465,0.077152565,2.3593204,0.008406528,0.079760626,0.38264504,0.0069500846,0.009020662,0.059689,0.095920496,0.9312154,1.2012769,0.23968501,0.7455589,0.0012121797,0.0,0.036072727,0.65786713,1.0213364,1.3758917,0.0,0.0028515977,0.10087299,0.0,0.08635716,0.0,0.0,0.079417795,0.084994726,0.0011327366,1.0450157,1.789019,0.042091645,0.001963608,0.012383212,0.0055922256,0.00083889073,0.67576015,0.34952793,1.1844449,0.11260297,1.0174115,0.15003325,0.0034577323,0.30278152,0.6170324,0.1795784,0.2059608,0.015854465,0.6872292,0.37920564,0.0022209485,0.6526866,0.0,0.020659946,0.00065767305,1.0171468,0.010779917,1.8110915,0.040901367,0.0,0.15368235,0.089174174,2.3446498,0.12103909,0.0,0.10175238,0.31751096,0.22316349,0.010600418,0.0,0.37530482,0.07133967,0.5806418,0.18229347,0.24040815,1.8643316,0.19846325,0.0,0.7655383,0.05483671,0.774007,0.12746552,0.0,0.13406768,0.012674048,0.03324784,2.633194,0.15243676,0.4440831,0.8427595,0.12224684,0.029366395,0.2509984,0.14491953,0.91240436,0.017851777,0.008922786,0.4178224,0.83938223,1.0169541,0.058306273,0.0,0.99862546,0.24106333,0.07817818,0.06690028,0.12874609,0.00045696326,1.55724,1.0854523,0.20240238,0.5244573,1.0267133,0.007060087,0.118358806,0.60494065,0.095171385,0.0,0.007856897,1.7884823,0.0,0.728695,0.04004797,0.0049182116,0.0002845875,0.47026917,0.0905155,0.0,1.1066067,0.21013096,0.07183324,0.008225256,0.09945373,0.24715754,0.84097445,0.7331205,0.06695579,0.8889202,0.06095415,0.060596704,0.5575844,0.039094586,2.4167762,0.8065713,0.11158748,0.009275342,0.12714462,0.019820744,0.09918171,0.44958374,0.35653764,0.0047537102,0.06960549,0.0,0.0011893198,0.61311615,1.0647677,0.90349454,2.1866865,0.0,0.0,0.09976171,0.12827416,0.18008584,0.0,0.64894056,0.0032834366,0.881385,0.18696603,0.001531025,0.6304142,0.008649295,0.6240776,0.37564883,0.049596727,1.20427,0.05709902,0.4839412,0.047211286,0.10847542,0.06956979,0.0108375,1.1992484,0.09665848,0.0,0.0,0.6513966,0.5692791,1.4716789,1.4015764,0.0091567,0.06083589,0.18668512,0.1395097,1.7885565,0.0,0.003589635,0.22647306,0.0,0.060463056,1.338267,0.0,2.310883,0.05185724,0.02042629,0.034922805,0.4637933,0.1364464,0.1046449,0.12096551,1.9554644,0.0,0.0087886825,0.8203673,0.27033234,0.016278783,0.06772775,0.14628257,0.03349203,0.0,0.8115513,0.009273935,0.11829519,5.1169853,0.00893172,0.31803888,0.040934104,0.0,0.0,0.0,1.3369365,0.042319745,0.04098452,3.5322478,0.5245715,0.18160184,1.4298058,0.0,0.06409363,0.23508602,0.5657318,0.25952435,4.37607,0.0,0.030169433,0.0,0.25994158,0.14674205,0.4264638,0.41871828,0.09066488,0.17412212,0.014998412,1.3788179,0.5301085,0.07443153,0.15878546,0.057838783,0.06252172,0.2639731,0.48710188,0.70078886,1.7226146,0.14132714,0.0,0.0,0.08311079,0.7970524,0.28565675,0.038886145,0.028471654,0.0069117867,0.13395272,1.4923167,0.924392,0.37422055,0.0,0.016607966,8.427619,0.38016167,0.0014620976,0.22831552,0.0,0.62575454,0.0,0.12536389,2.7796142,0.0717476,0.0,0.53094566,0.0013030722,2.202788,1.4504292,0.28169572,0.23671801,0.0,0.0,0.13766417,0.10332729,0.253648,1.4779396,0.010404098,0.050184682,0.26897618,3.476506,0.00984281,0.0054702144,0.13044618,0.0,0.0002822301,4.006669,0.091207266,0.15118827,0.003302344,0.66285115,0.93666744,2.1448774,0.8938947,0.32987574,0.0077177314,0.24884564,0.35570094,0.3088811,0.005062631,0.13996355,0.024223838,0.0,0.91548544,0.11569457,0.0,0.085641794,1.0632578,0.86944157,0.30958295,0.0,0.10804688,0.0,0.5424812,0.0,0.0,0.52416337,0.17882985,0.08284808,0.13917755,0.2918044,0.05453706,0.027974833,0.06917955,0.07424198,0.4467046,0.016237611,0.0,0.41657853,0.61331284,0.029925136,0.014221801,0.2877688,0.0017028865,3.7104034,0.81978023,1.4690623,0.0023505024,0.03175137,0.8168168,0.4958462,0.22558038,0.0,0.0,0.0,0.016246926,0.19616675,0.008239326,0.0,0.07153799,0.3074904,1.5784632,0.25707898,0.3981527,0.34350398,0.46029398,0.19542134,0.11280852,0.5445438,0.3559812,0.03010234,0.0,0.0,0.12767683,0.0,0.11250016,0.17651406,0.8702388,0.8250237,0.0,1.364795,0.56002617,0.4646345,0.21075614,1.9632117,0.27511287,1.3246329,1.537966,0.24112219,0.066687465,0.861005,0.0,0.0,0.0021509756,0.0,2.8362112,0.026221557,0.015681334,0.10408116,0.32385153,0.27739367,0.7329623,0.20582391,0.017373566,0.12708426,0.0042489935,0.38841084,0.177842,0.63084066,0.15448247,1.7407959,0.33643648,0.5015272,0.0104235485,0.7717583,0.44704527,0.028249376,0.45673984,0.03986835,0.27568647,2.5653944,0.016003435,0.014632497,3.8336624e-05,1.3304936,0.0,0.0,0.006757636,0.09730334,1.0128525,0.048597906,0.0,0.16140503,0.26467907,0.68143463,0.00222865,0.5068654,0.40607998,0.10451074,0.3053664,0.063038506,1.5352976,1.9703087,0.25683376,0.050418224,0.015903225,0.0,0.119879976,0.0,0.0,0.11894818,2.3460238,0.025895502,0.0,0.0,0.010870844,0.11122501,0.09125609,0.04772697,0.0,0.7016735,4.596709,0.022661865,0.11927096,0.013922574,2.5814278,0.6496778,0.15804887,0.12496152,0.8305597,0.024856934,0.23784949,all_pothole_images\pothole_images_enhanced_c7a44c963c8e8dfc5d5f964c124dc0d7.jpg
0.60585666,0.6597159,0.29554203,0.73730636,0.6542911,0.41450998,0.014565043,0.14446099,0.34052396,0.7347051,0.09657933,0.32329535,0.8658127,0.03858196,0.9187446,0.07967256,0.37485892,0.8558808,0.3032078,0.1100325,0.178355,1.7649103,0.062312882,0.023091288,0.025300952,0.6130322,0.4955656,2.0559876,0.38841394,0.46982408,0.7919473,0.12799396,0.45180815,0.07619551,0.08520544,0.50298,0.38915738,0.07294357,0.33372754,0.49977106,0.99945027,0.010377609,0.0012054275,2.7624755,1.0853848,0.1341322,0.31839165,0.0,0.9941171,0.096092634,1.4008033,0.0,0.93768525,0.12832667,0.0,0.09568987,0.85081446,1.3080918,1.0145643,0.017481647,0.1305437,0.17343295,0.7336385,0.29165858,0.2709729,1.4428922,0.20990671,0.088022836,1.1228114,0.16025092,0.08547827,1.0126295,0.83044237,1.2094548,0.1266067,0.48819834,0.015294858,1.9241542,0.05424069,0.007029161,0.042776227,0.6371798,0.61266375,0.41154778,0.2550418,1.0521966,0.04968014,0.11046646,1.25227,0.66392875,0.19381846,0.02272108,0.40779194,0.44514215,0.20290248,0.06640158,0.36188552,0.47228345,0.52526975,0.0,0.21105266,0.1858183,0.4437147,0.010566459,0.35801333,0.10267065,0.28199232,0.1453099,0.7813485,0.09219402,0.010839268,1.133714,0.3776345,0.058586698,0.17297332,0.29081377,2.0408704,0.1651919,0.77994394,0.11198379,1.1887368,0.23184907,0.47047856,0.41516244,0.3372086,1.3212613,0.0,0.4844751,3.7368495,0.004131953,0.01650336,0.1726279,0.010130846,0.14359486,0.041706532,0.8490062,0.0014881556,0.41149405,1.076344,0.11745293,0.217634,0.18809019,0.7026635,0.3844799,0.05228835,1.1002986,0.34245953,0.10768614,0.22942601,0.35927162,0.6958311,0.022756878,0.10947839,0.020607824,0.42587805,0.80521953,0.1478185,0.0138976155,0.16489635,0.09411411,0.45708713,2.2825727,0.08081079,0.6565733,0.069614194,0.042063043,3.7983012,0.07112021,2.6309223,0.47260106,0.0,0.05436673,0.034329396,0.0,0.5489052,0.0823686,0.2795085,0.0051375213,0.69911397,0.245454,0.0,0.35919878,3.707682,0.1488505,0.8529883,1.0376318,0.3917712,0.114132605,0.113762826,0.17953523,0.04977853,0.17957649,0.05648634,1.782311,0.14331202,0.25087807,0.41200224,0.063387044,0.13078788,0.42694154,0.50809616,0.05584763,1.2124479,1.8612825,2.0617127,0.19464037,0.82222986,0.21621223,1.6812136,1.3088132,0.10581075,0.14326349,0.83592755,0.21267582,0.044443756,0.44679826,0.21216808,0.45871136,0.16771097,0.3827591,0.4444205,2.2463815,0.115664214,0.27941924,0.2750168,0.049441162,0.011424578,0.73838174,0.2589408,0.81947225,0.1049009,0.0,0.48648822,0.06890163,0.35141054,0.029735273,1.650617,0.02960351,0.28693575,0.24694675,0.103010535,0.98190725,0.3613504,0.021935979,0.32672703,0.024482567,1.0092808,0.31016245,0.06979206,3.0005705,0.81483006,0.38799438,0.5695521,0.15680778,0.46265274,1.0054384,0.5549974,0.8579293,0.7262492,0.8600464,0.005916145,0.30162212,0.04968956,0.37591326,0.40083206,0.45211783,0.43031633,0.89348567,1.945576,0.25528464,0.0042213416,0.16845118,0.072514884,0.28315192,0.7383141,0.11242674,0.39827994,1.2998343,0.12803417,0.26355347,2.9691885,0.026666492,0.31350887,0.5810002,0.069269255,0.7059648,0.14171901,0.0,1.1422093,0.46297106,0.53428066,0.59748954,0.32116628,0.26048562,0.07213496,0.09988712,0.3585757,3.6696796,0.38976598,0.9984912,0.1570287,0.47085813,0.0,0.3484687,5.5392585,0.13268112,0.034096796,0.15840505,0.14214592,0.020609219,0.40101078,0.48360524,2.5020294,0.44141635,0.0360434,0.09489603,0.40943947,0.422721,0.8739985,0.37297592,0.0043469355,0.21607547,0.31137553,0.8629063,0.41250628,0.7308785,0.48712406,0.13380611,0.86965644,0.17361547,5.0096464,0.4641892,0.038271885,0.0,0.050751638,0.28692096,0.7847436,0.0,0.15072651,0.030459812,0.06886613,1.133802,1.6866112,0.29396558,0.95192266,0.31895953,0.062454324,0.64926237,0.84104,0.7506132,0.64635134,0.42086264,0.52499425,0.18693523,0.26660588,0.11276068,0.07107965,0.6715485,0.18393397,0.75050175,0.0,0.014029448,0.044046868,0.15599978,0.54819703,0.68127215,0.9439003,0.7358476,0.0,0.14266047,0.5401812,0.0,0.061598804,0.0,0.5767689,0.07941293,1.3448558,0.08390339,0.95975757,0.20580801,0.46217617,0.19225664,1.0263444,0.26513416,2.115544,1.6474123,0.0,0.0,0.08617194,1.0154694,0.5324331,0.5330178,0.030185867,0.9610759,0.19196104,0.1684407,0.27509612,0.5825205,0.22837023,0.08512596,2.5182498,0.71763176,0.3898388,0.004812778,0.40673712,0.12993196,0.43654874,0.8153311,0.02072233,0.0529742,0.5511061,0.9573017,0.235643,0.18649147,0.09656812,0.2366956,0.45031333,0.0072476426,0.026352553,0.18949124,1.6593329,0.36184597,0.6570298,1.4141763,1.5980258,0.15729274,0.28595954,1.5056622,0.008378255,0.78972954,0.47507167,0.40756014,0.12040819,0.16452271,0.21935065,1.8459687,0.6429448,0.121209495,0.21217263,1.4663754,0.44122192,0.65463036,0.6383462,0.37722093,0.41617686,0.20372254,0.5661488,0.18018655,0.031182293,0.41549823,1.9006419,0.1850605,0.32711345,1.1335628,0.5673134,0.92649436,0.0050254758,0.19296017,0.66846174,0.9822755,0.37598294,0.61766136,2.663385,0.086198814,0.5099725,0.0,0.25103176,0.01498519,1.2558088,0.28974113,0.56477076,1.0668861,0.36461562,0.1074968,0.1880577,0.28628245,0.27442035,0.6557355,0.21973795,0.31224555,0.0,1.5775044,0.3129585,0.13440974,0.0,0.0048283814,0.064302035,0.010511705,1.2982018,0.16252369,1.6950246,0.60389125,0.007614623,0.71534103,0.1897442,0.19820386,0.1076423,0.23029202,0.34390882,0.051426243,0.0,2.6448622,0.37290055,0.718867,0.0,0.8032902,0.6244783,0.05607151,0.013006836,3.1048274,0.061188195,1.0042887,all_pothole_images\pothole_images_enhanced_c808427005a832fe68fe3f91e1c26bcb.jpg
0.9110582,1.2497344,1.1890922,1.8400402,1.4632605,0.34652072,0.9037573,0.18438627,0.12855859,0.34622738,0.40749794,0.06855596,0.077472575,1.940996,0.42835268,0.25962004,0.00948078,0.06432937,1.0258473,0.26316467,0.19934736,2.2221806,2.3736827,2.1225047,0.30777633,1.1620317,0.5033668,2.3805826,0.031193232,0.30354613,0.55064696,0.038040716,0.8298946,0.11248333,0.36435217,0.13246746,1.263667,1.2648565,0.092358686,1.8689135,0.4476442,0.35753575,0.6555908,0.9371708,0.15845136,0.7508556,0.19523883,0.44426957,0.27843413,0.08769061,1.1442685,1.0565,0.70922786,0.5560031,0.6539314,1.4298131,1.7152777,0.0,0.39837822,0.024584133,0.28528062,1.0382823,1.0346558,0.04379314,0.5998787,2.339626,0.43717706,0.04130233,0.4123657,1.1029513,0.25847718,0.502546,0.5464281,0.14055538,0.0742803,2.4510167,0.4325461,1.317805,0.39129958,0.053348906,0.075857945,0.035469387,0.32821313,1.3091402,1.1704333,1.2549013,0.12095004,0.13187595,4.3940773,0.11055865,0.22036378,0.14420915,0.13380189,0.9842068,0.3544107,0.038946755,1.3689061,0.48414096,1.1871731,0.7361137,0.014734027,2.6856203,0.5265625,0.08106668,0.553772,0.7166295,0.855718,0.16447107,0.022113359,1.3350855,0.6029698,2.0349925,0.76021683,0.33964494,0.5644033,1.8225913,0.5957711,0.46251276,0.07502347,0.5310124,1.158314,1.2173095,0.866421,0.4927795,0.5443909,0.73574555,0.15719712,1.2656585,0.28878164,1.0623227,1.550753,0.100717776,0.7195959,0.3583517,0.2309202,1.5516706,0.0966396,1.164708,0.70715946,1.0561951,0.45292804,0.20663913,0.035351474,0.7662771,0.80270416,0.84718585,0.16382182,1.339736,1.2371382,1.2929746,0.25329757,1.0010648,0.030789696,0.2523354,2.076568,0.4243593,0.63034314,0.8156451,0.18843639,1.1138281,1.8495702,1.0031303,0.03777699,2.6684382,0.96173686,0.8012385,0.62709564,0.9347621,4.113021,0.23388767,0.91361463,0.12581144,0.10462852,0.4379818,2.1223028,0.43335578,1.0081774,0.28540197,0.005542038,0.23083071,0.15273404,2.2127297,0.8934793,1.2860867,1.216911,0.42702204,0.41840777,0.4143428,0.0043623657,0.8155452,0.6832108,0.16989644,0.06461844,3.418492,0.33624497,0.16263814,0.36216012,0.66446865,0.28255698,1.6467135,0.84219825,1.3974407,2.0462718,0.55568135,0.91516984,0.07582639,0.4542209,0.12732704,0.29033306,0.42025763,0.66536283,1.1193792,2.1250904,1.3159126,1.0605108,0.6161021,1.4695424,0.58418214,1.4068598,0.18044697,0.85606307,0.0838846,0.22992302,0.41240138,0.8831052,0.35157984,2.1003985,0.9718488,1.1917155,0.11493774,1.5131929,1.8560542,0.12556502,0.71196914,1.9342034,0.12665719,0.8917252,0.18364376,0.10488645,0.0,0.86816967,0.3606236,0.66167295,0.43217278,0.29636127,0.19726515,0.20782918,0.6037094,0.47710222,2.7205112,0.9310197,0.17777129,0.24831738,0.33868706,0.039014023,0.0,0.25119045,0.30827418,2.0344744,1.8808753,0.28018948,1.2344319,1.2642226,0.6491576,0.035883073,1.0404853,0.56549335,0.62903047,1.8391619,0.12047934,0.13556506,0.09570223,0.15454046,0.20749922,0.7549652,0.98514885,0.835909,1.1750699,0.29342467,1.0713509,0.00182595,0.6933098,0.42109713,1.3743843,1.3662978,0.67514974,0.7596476,1.0164577,0.9361158,0.030690512,0.97215056,0.62530136,0.15344714,2.0925019,0.5833975,0.25316313,1.0388924,0.03201977,0.09901347,0.97313386,0.21093601,0.5585339,0.47741714,0.8868268,2.363682,0.05984873,0.08006538,0.97904646,0.570109,0.1466037,1.1671942,1.5405828,2.7254136,1.5877349,0.0,0.14620088,0.12971477,1.779219,0.42633265,0.372077,0.09057386,0.68496937,0.16218017,0.414676,0.42767105,1.0194327,0.6163007,0.28763708,0.17238598,1.1388654,1.6410367,0.11943803,0.09995693,1.1962434,0.735026,1.6150992,2.216897,1.0260106,0.1528686,0.07752308,0.49186915,1.4543114,2.2649806,0.07594437,0.25254697,0.16639031,0.3831644,0.112663746,0.11430098,1.5123658,0.37843373,0.2920192,0.60417444,0.20039414,0.14230198,0.17032981,0.70724267,1.6033143,1.4162558,0.7177892,0.041257467,0.08382441,0.4727534,0.9043434,0.13126595,0.08508855,1.5406947,0.51623577,0.625765,0.72340375,3.2865443,1.2576412,0.52426875,0.13428074,0.76481223,1.1617318,0.1692182,0.25680253,0.81810164,1.6415045,0.43712068,0.084465675,1.6680588,0.23088317,2.3207982,1.2949392,1.3511847,0.47291386,0.28146666,2.591063,0.79414433,0.38123956,0.0,0.33094653,0.24768527,0.0,1.9174328,0.18561447,1.0489119,0.15881152,4.164032,1.5951935,0.30710608,1.485756,0.9968229,0.40105438,0.7347143,0.013690763,0.19806793,0.25555068,0.06742181,0.0501799,0.80984837,0.673345,0.017545087,0.9349455,1.0788981,1.2815305,0.71478736,0.0026665132,1.7415731,1.7697146,2.418415,0.8819855,1.2277184,0.86078894,0.9104932,2.440147,1.2233996,1.0734161,0.15069096,0.20447943,0.32495093,1.0023189,0.9352939,5.79442,0.7291357,1.0883894,0.690884,0.034515955,2.6192865,0.11681126,0.1560371,0.1121618,0.12359223,0.78542966,2.4223962,0.95116997,0.87937456,0.8463631,0.25131357,0.18235877,1.1448213,0.65773064,1.4352154,1.9692365,0.20218235,0.05492111,0.22279069,1.0877706,0.6856115,0.05979497,1.5211829,0.90458584,0.7495665,0.49971652,0.7989115,0.73134625,2.1770205,1.657501,1.8194408,0.57771355,0.95132893,0.7555143,1.4125838,0.4356148,0.060137495,0.19845246,1.4481156,0.4736957,2.1431446,4.204097,0.72213435,0.86339444,0.06356742,1.4202473,1.1553073,0.4582296,0.8763454,0.4653427,1.0666221,3.1649418,0.08529162,0.17711632,0.19216518,0.0,0.018330978,0.17611942,0.31937855,0.02686496,1.4091614,2.022597,0.25324395,1.108713,0.40148708,0.6039477,0.21713062,1.1911242,0.28371435,2.1663067,0.33529857,0.20237371,all_pothole_images\pothole_images_enhanced_c83705074346fa8a76dcdc58a29d092c.jpg
1.5562894,0.9807472,0.5286734,1.0896579,0.75954044,0.10410045,1.1633022,0.042588092,0.22134133,0.35308665,0.30683574,0.0116488105,0.95521754,1.8419881,0.13500145,0.16057836,0.019863617,0.7093245,0.622179,0.43964112,0.4197421,1.1641268,1.0695785,1.7766196,0.5263797,1.1050673,0.8778509,2.2483518,0.18835242,0.06867815,0.7536818,0.8585785,1.2919338,0.64252573,0.73568773,0.80887336,0.4494717,1.111707,0.08800634,0.25776586,0.29094473,1.3453512,1.1782761,1.5909821,0.18203744,1.7139674,0.07739697,0.0050162105,0.8612173,1.4905734,1.2545652,0.05573485,1.3996394,1.651573,0.021136079,0.8853559,0.5067625,0.16042507,1.2331085,0.33054557,0.49196437,0.5427219,1.8786008,0.94983554,1.98393,0.7372178,0.50402343,0.6264273,0.12709841,0.1759409,0.83484834,0.8249706,0.45139086,0.31834334,0.2833582,0.313636,0.5139497,0.44181913,0.024603384,0.10421565,0.083181635,0.65073246,0.49991772,1.3378271,0.4717928,1.0297866,0.5773999,0.07569505,1.7841942,0.0,0.6689377,0.36141676,0.012232427,0.14325742,0.20606881,0.05824857,1.2128541,0.6020389,0.7146739,1.5994184,0.33018968,0.44090644,1.0063078,0.329468,0.06556577,1.112625,0.47538802,1.9319168,0.11589388,0.500775,0.20295139,1.1311779,0.9343054,0.15082207,0.96812093,0.8742088,1.5642961,0.69997185,1.4579976,0.891188,0.87611294,0.56842583,1.716051,1.0396745,0.43211657,0.25177723,1.7726854,1.1987615,0.09608719,1.2702314,0.9387358,0.37077627,0.84519345,1.3798971,0.00013962567,1.1233717,1.2985761,0.31115887,2.0239258,0.63101393,1.0766944,0.389872,0.21793929,1.8178234,0.9493966,1.2353796,0.15535451,0.01901736,0.7458126,1.2903416,0.33877504,0.69764537,0.23371007,0.13756739,0.9020655,0.29937685,1.3348836,0.2994492,0.58679897,0.8672272,0.61295474,0.3296936,0.029680911,2.3819633,0.7523013,0.53478754,0.73215955,0.8271492,1.0575978,0.9496104,0.6317188,0.47438055,0.047053404,0.30599174,0.26084423,0.35129216,1.1384168,0.04555428,0.50653255,0.48492292,0.22875808,2.190081,1.153773,0.5391667,0.7892347,0.2838322,0.46596035,0.6421511,0.13764715,0.4223636,1.4638681,0.76559776,0.8673532,0.76728725,0.03234678,0.23334503,2.0693572,0.0088172825,1.382379,0.21899599,0.31705016,0.74865043,1.4601723,0.7233971,0.943998,1.2447217,0.68188816,0.23756263,0.44523078,0.5978388,0.40223178,0.24090144,1.0734354,0.8232259,1.0842099,1.0526522,0.72677827,0.21898031,1.1582286,0.49030444,1.9475344,0.03833366,0.68541294,0.2885354,0.079009734,1.8209289,0.72724205,1.2016599,1.818076,1.6295508,0.27386576,1.5634181,0.9046939,0.14244911,1.5031819,0.11585237,0.3658919,0.46578726,0.1553262,1.0175089,1.467407,0.052616525,0.5660058,1.4057964,0.121935666,0.0,1.0155203,0.35823175,0.7804011,2.8863287,1.3221757,0.38073242,0.08099322,0.57641304,0.09644745,0.9815281,1.0825645,0.1904074,0.5779436,1.9123077,0.31268063,1.6540117,0.7596134,0.9988887,0.9280322,0.71499884,0.432368,0.7461278,0.63421637,1.2825494,0.4236364,0.14588702,0.012803703,0.47072545,0.26830253,0.5666212,0.8074425,1.6303209,1.3940071,0.4525954,0.024451463,0.5088244,0.16827725,0.17311676,0.840787,0.0031883076,1.4325405,1.4663503,2.3366568,0.1278054,0.9155805,0.8513716,0.7406152,0.09855827,0.6224979,0.50198346,1.4436265,0.8217316,0.80253917,1.759542,0.5935518,0.77480143,0.403117,0.617129,3.9284048,1.0242739,0.025737254,0.33471808,0.55133873,0.7028545,0.60743976,1.104777,1.6367035,1.6014849,0.4393485,1.319546,0.10220696,0.5487073,3.8724387,1.3889055,0.5089057,0.35572335,0.6039263,0.16834788,0.73125035,1.4986038,1.2284542,1.1329783,0.8764866,2.213415,2.2362442,0.110501975,0.26978707,0.6756822,1.4583229,0.27112883,3.2015543,1.1479095,0.47335535,0.6639109,0.2516576,0.48967543,1.0162492,1.4834402,0.22703676,0.40292382,0.5963672,0.45293128,0.60643387,1.3884444,0.7978996,0.758338,0.55893826,0.06707965,0.4528814,0.021573976,1.0175205,0.15411475,0.70806205,0.12974206,1.7982227,0.17441313,0.510431,0.41436774,0.0,0.27886268,0.63914436,1.3103052,0.11733647,0.8918312,0.51705486,1.5509224,0.6581943,0.14757048,0.6703733,0.679272,0.33073518,0.3821062,0.12817249,1.242238,0.9615514,0.0,0.5847136,0.5403992,2.227471,1.5230846,3.5332732,0.15276673,0.9473188,0.62301964,1.5674239,0.7772632,0.5640743,0.7872271,0.16102597,0.166077,0.14781141,0.589813,1.1617014,0.19561814,2.360009,0.4087525,0.042699248,0.91332155,0.5292213,0.14682218,0.6682839,0.8303379,0.86367404,0.16527623,0.3455124,0.92247695,0.34687144,1.2413088,0.37829694,0.18050095,0.94547707,2.268512,1.0894027,0.40869,0.6283033,0.46127993,0.4559591,0.42637992,1.5891901,0.6532929,0.19100307,1.983777,1.518272,0.26659003,0.08530938,0.79479605,0.16531342,0.41661257,0.61013037,1.5453814,0.59066,2.1274087,0.5776586,0.8361776,1.526829,0.75273114,0.56749725,0.7824347,0.52054214,0.35244384,1.88878,1.3754234,0.9846063,0.033959743,1.4100891,1.1688603,0.90396225,0.7318903,0.9197574,0.21080424,1.1927649,0.36552203,0.752385,0.18932539,1.7182863,0.37071052,0.7287596,0.8229633,0.21046811,1.0789034,0.60260653,0.07251905,2.070228,0.69610447,0.7813846,0.9610186,0.3901523,0.5991052,0.0206637,0.39934254,0.9934882,1.0908524,0.9050597,0.14377867,0.81701696,1.6209099,0.47318515,1.4067674,0.02585395,0.813043,1.3828015,0.28298348,0.22061183,0.7079324,0.13512649,0.22827823,0.45969334,0.9427048,0.12625784,0.24544612,0.17042609,0.0048068175,0.03697117,0.18539053,1.2286102,2.8695266,0.17896026,2.0415893,0.40210778,0.81638753,0.4471287,0.2946129,0.18346494,0.22910157,0.10236662,0.25682783,all_pothole_images\pothole_images_enhanced_c846c73b996f5a99759b199cf73dbebb.jpg
2.253601,0.6421814,0.5226896,1.5341386,0.68504703,0.33972627,1.6054174,0.0051882626,0.12362655,1.198116,0.465757,0.6571753,0.75061554,0.4171877,0.5295847,0.50616026,0.092882045,0.49997368,0.4093295,0.11340429,2.2607574,0.6170288,1.8211881,1.9255047,0.90176356,0.024095966,0.71305346,1.1206242,0.28133643,0.59738326,0.2748612,0.15801814,0.29976684,2.9835641,0.3962633,1.0179925,0.3423254,0.9891524,0.4681038,0.0931503,0.0,0.5846401,0.20204018,2.1064875,0.27652943,0.7402985,1.4048249,0.7263393,1.0575451,1.0230469,0.7442696,1.7194958,0.8137696,1.0103027,0.15260197,1.0654215,1.0025141,0.062346563,0.6160606,1.1641314,0.37282172,1.0209851,1.357141,0.8007749,0.81453,1.1197867,0.41057834,0.033639755,0.2742295,0.33593914,0.68698347,0.005197507,0.5623798,0.9493572,1.0849838,0.21948756,0.5077325,1.8679515,0.0,0.01703031,0.78010887,0.125663,1.5847467,0.27121708,1.2263261,0.4478371,0.17553994,1.136897,1.3735024,0.18004555,0.42600092,0.18354549,0.6173,0.097324446,0.99654293,1.5668173,0.8388804,2.5999403,0.18394142,0.80039686,0.14001743,0.6645565,0.19614194,0.32644075,0.5588577,1.1672918,0.4748581,1.2792892,0.5203127,0.87629426,0.26990584,1.7005513,2.4450486,1.0822034,0.77635986,0.6312084,0.41419184,0.12786306,2.8165488,1.0562977,0.76044625,0.5677382,0.3615989,1.1408055,0.28892782,0.56009096,0.37859553,0.12925623,0.96815616,0.88304853,0.38156414,0.267563,0.08912996,0.21459271,0.04296181,0.18636996,0.16820128,0.12958622,0.84068143,0.2973109,1.1869229,0.4544813,0.5769518,0.6816414,0.63668555,1.2557213,0.5921176,0.49958864,0.1958389,0.80130935,0.88266766,0.6208074,0.40355012,0.03681751,2.4783907,0.6840492,0.7284486,0.24550936,1.6238294,1.7713847,2.0745015,1.3992865,0.07265194,1.2538003,0.4063452,0.5284068,0.47695845,0.1775196,1.1024383,0.8628067,0.021134058,0.028347112,0.31079385,0.1803697,0.22142299,1.0421467,0.3668274,0.0027914674,0.8230421,0.06512666,0.035053406,2.867575,0.35455787,2.2761235,1.6018285,1.7169423,0.34607765,1.3190936,1.2024797,0.59205425,0.1981677,0.008101243,0.31847447,2.0063567,0.004404929,0.8673927,2.6737547,1.3698498,0.6977713,0.70326144,0.2549062,1.7746171,0.16581059,0.16238698,0.36031336,0.40856868,0.661838,0.19701877,2.461613,0.89347,0.01613381,0.084042996,0.12720063,0.7479712,1.2391647,1.4863093,0.57592094,0.21655262,0.5292438,0.0,0.7357999,0.00058855256,0.27633983,0.22369356,0.00015983326,0.13448319,0.69374466,0.28779858,0.84368724,1.1663705,0.12787592,0.08689735,0.10289048,0.44336385,0.546485,0.38732278,0.8194512,0.27637887,0.045445338,0.06791599,0.028836302,0.18354844,0.09618019,0.027753191,0.08219103,0.025830833,1.661081,0.4357823,2.1330843,3.12554,1.0101072,0.083698936,0.24231847,0.5121606,1.7585689,2.0091138,1.2836852,0.632001,0.7488819,2.9945648,0.96530974,1.0869875,0.4709362,1.2880434,0.8354216,0.49733475,0.07846548,0.8245538,2.050042,0.051172763,0.38957393,0.016223993,1.034182,0.8997685,0.08433318,1.5603633,0.64284855,0.78690135,0.32886124,0.388683,0.0,0.48756602,1.0238024,0.115954824,0.27470896,0.86231315,1.475287,0.10828872,0.78387743,0.0,0.47190124,0.24582675,0.3836362,1.7474377,0.1985706,0.40552965,0.4621318,0.71640146,0.3251314,1.9186931,0.89993876,0.6373912,0.02494514,0.06458892,4.330695,0.9361323,0.013294602,0.5525587,0.049661398,1.6813025,0.27034065,2.2681446,2.559497,2.5706713,0.9698067,1.2173665,0.08163749,0.60968715,2.3787572,1.1590065,0.86968315,0.11339221,0.17761225,1.0994331,0.6108565,0.44006222,0.4361153,0.17388757,1.7453473,0.32418272,1.6989037,0.9403738,0.04275553,0.0063675838,3.8177306e-05,0.22897892,1.1150322,0.17233978,0.6290121,0.63203263,0.6293702,0.8529791,2.172209,0.3718483,1.1802064,0.5581937,1.0772129,0.277449,0.44013244,0.026912268,0.61433995,0.56370324,0.5146818,0.34881046,0.5455203,0.032375686,0.17305224,0.32167163,0.32882366,0.6908255,1.4677632,0.27083054,1.377567,0.9265524,0.05195823,0.14012305,0.10831615,0.20305306,0.65471095,0.9659963,0.050207265,0.72471386,0.24951662,0.42683208,0.6040158,0.78131056,1.0821316,0.09833005,1.3659613,0.8003322,0.1420055,0.00069215137,0.16337934,0.22002758,2.5718496,3.4114447,2.0688465,0.045273762,0.0,0.33054686,0.20613201,0.9619841,0.7926196,0.9272609,0.035037253,0.24384992,0.47437033,0.43843403,0.4361481,1.3611197,0.2753203,1.3644587,0.07088574,0.44668984,0.18665524,0.102833904,1.695462,0.20642191,1.6247597,0.52320856,0.49061653,1.4708883,0.0032251948,0.31333032,0.30889603,0.78678906,1.4293092,0.5665283,0.95418954,0.8094003,1.1285479,0.8959303,0.52835673,1.7884212,3.778857,0.15451397,3.2342267,1.5431331,1.4804149,0.40514258,0.3995204,0.25127855,1.0794897,0.2320252,0.61517835,0.48179728,0.738031,0.9611512,0.6676183,0.58326703,1.2915207,1.1678485,1.1538087,0.57415617,0.09044632,0.0791447,0.49761853,0.50167465,0.6820758,0.88035876,1.6530945,0.1856354,0.2440461,0.4010412,0.71510136,0.8773486,1.4531612,0.9342955,0.5614043,1.4408795,2.1113782,0.8839718,2.007435,0.71674037,0.3087194,0.74703604,0.0,0.14304987,1.3259372,0.8717852,0.20706688,0.5776547,0.14197828,0.08059667,0.7447365,0.7687638,0.4590603,0.89392245,0.009887302,0.31112748,0.6102047,1.7467439,0.7486725,0.41390994,0.0687948,0.19605543,0.41337729,0.6160993,1.2267039,0.0017058183,0.13566205,1.3344783,0.28197393,0.5172524,0.13653307,0.053044334,0.46647364,0.0,0.5051015,0.6100574,0.74307156,2.650109,1.5690544,1.651357,1.9021548,2.812005,0.46439737,1.0406338,0.20121016,0.60421526,0.6259262,0.4793866,all_pothole_images\pothole_images_enhanced_c85e9b40a1fcae6ee1157dfbe52a95b4.jpg
0.85222155,0.30227655,0.39741337,1.715971,0.3262425,0.24633555,0.14271583,0.24225014,0.004368347,0.7204308,0.1873712,0.5088356,0.038384106,0.51511014,0.0040821177,0.28007194,0.019999577,0.1743281,0.18082692,0.025327517,0.083173156,0.7669704,0.75232065,0.3095179,0.55316246,0.23921818,0.09236966,1.3024335,0.0045218775,0.17894645,0.24928877,0.0,1.1121129,0.7913478,0.13337904,0.7211699,1.1345724,0.49383178,0.06305282,0.5431,0.041377377,0.7907872,0.7264018,0.59132016,0.29361656,0.7610294,0.66328835,0.019232858,0.128853,0.97566354,0.5013229,0.058674715,0.03307648,0.047464214,0.07249016,0.67378044,1.7149844,0.22520415,0.10698361,0.014873224,0.008063002,0.7068719,0.51266205,0.16657712,2.3698194,0.77250373,0.08719158,0.16680573,0.011266522,0.4938192,0.17381923,0.13309133,0.043753136,0.6719406,0.0,0.13326699,0.0019035747,0.26945722,0.005745294,0.14299291,0.23227422,0.014864556,0.052527435,1.4224274,1.0255859,0.03799041,0.04477327,0.07183723,0.8370992,0.28553316,0.83962476,0.068368815,0.0035863493,0.09077578,0.20232572,0.0,0.7046067,0.061666857,0.3459524,0.26362926,0.2996749,3.9059815,0.29348516,0.047105554,0.72458255,0.07690436,0.1746189,0.3890911,0.21910065,0.8298119,0.0,0.014119583,0.32526892,0.007962641,0.80726576,0.5264914,0.71373314,0.009824299,1.9269178,1.119048,1.1249446,0.005560979,0.37236333,0.8244095,0.13584866,0.8864841,1.067778,0.8855919,0.9668008,0.102033265,0.3084445,0.0,0.04086723,0.0,0.40358073,0.3927979,0.045364108,0.85757774,0.18538444,0.22110027,0.92291695,0.043694243,1.4003947,0.5745214,0.216792,0.34308326,0.00050702464,0.6370448,0.101258926,0.03596823,0.18474905,1.0304325,0.11731068,0.03717293,0.6391241,0.1304162,1.1424744,0.3307111,0.60675216,0.38712776,0.21077093,0.22999275,0.14003676,1.3684423,0.118283175,0.1416823,1.5984235,0.24839744,0.91473544,0.532246,0.21676019,0.8052485,0.09385841,0.07930476,0.315525,0.06619854,0.06046986,0.0,0.30779698,0.31462494,0.055785157,0.7446602,1.2067251,0.41705617,2.600251,0.0,0.035087988,0.4619933,0.07289941,1.2224112,0.14194468,0.3620631,0.45476532,1.6917887,0.24723536,0.0,0.45542938,0.43687063,0.8532637,0.060444348,0.35273176,0.4979901,0.6349468,0.95906484,0.101963565,0.3569262,0.14688309,0.39771658,2.5342503,0.7010567,0.0,0.09144015,0.48707634,0.392009,0.29958814,0.19686078,1.4841609,0.0115356855,0.17707182,0.45014942,0.9357994,0.17493683,0.13591759,0.08088077,0.20267056,0.38506207,0.96290755,0.16182801,1.2517718,0.08936474,0.5537702,0.38780817,0.2104692,0.0,0.28959218,0.0,1.6659893,0.19776668,0.12791412,0.38331962,0.25907552,0.014322438,0.34021378,0.7407844,0.06547736,0.0,0.25028175,0.6020659,0.45253706,4.2805815,0.39003208,0.10665232,0.4603136,0.22907013,0.0,0.4140078,0.49027294,0.01711179,0.24176338,3.481964,0.31842634,0.2118966,0.5078678,1.2732419,0.04730935,0.9354491,0.20075925,1.0436983,1.3927451,0.3080302,0.15402591,0.08312114,0.16055186,0.16890116,0.44470248,0.17988093,0.03050389,0.07151914,0.48891398,0.21466939,1.2205551,0.33863956,0.12681481,0.20697796,0.1943504,0.16042535,0.16445702,0.27994105,0.30640015,0.37458,0.22263573,0.21422991,0.071926095,0.5042887,0.039833643,0.20158759,1.8918972,0.27254638,0.10241884,1.148456,0.09633704,0.38139609,0.15099865,0.1208065,4.3944244,0.56919235,0.1986017,0.015517436,0.13409428,0.23919451,0.21939775,0.5306598,2.944205,1.4364605,0.26571363,0.4384648,0.09105153,1.6709448,2.9302516,0.26427397,1.0061607,0.006081598,0.33104062,0.045680556,0.018848212,0.7611745,0.16841465,0.2626057,0.48732594,0.1044317,1.6390109,0.083065964,0.18206973,0.0008697798,0.096597865,0.08234285,1.103306,0.011989959,0.25807518,0.06536039,0.43012366,0.24150673,1.3887861,0.12805513,0.052078024,0.024239685,0.07918609,0.08420354,0.48355818,0.6620294,0.59250414,0.14039211,0.14472939,0.5796498,0.63600165,0.32933667,0.37087572,1.0378628,0.09960438,0.910017,0.34300703,0.23647444,0.3528452,0.105276406,0.12240226,0.27812362,1.2210927,0.11278801,0.55324984,0.3404738,0.7962855,0.04913451,0.80731124,0.20782658,0.512026,0.22351946,0.6791375,0.13079312,0.16508166,0.5291861,0.57419735,0.02350709,0.5445831,0.077176645,1.8925354,0.7286934,2.4984155,0.07370904,0.34274137,0.09563249,0.029043538,0.09352279,0.012486089,0.2941918,0.0,0.18304439,0.94018203,0.045550678,0.15448241,0.12343965,0.61271137,0.5365555,0.30889326,0.28262773,1.2679384,0.22738291,0.19969094,0.16392036,0.07200899,0.08465939,0.3135285,0.39179194,0.0,0.18550499,0.022920046,0.13707946,0.800424,0.3830086,0.6496256,0.0,1.1159621,0.4769168,0.6826701,0.96938896,2.2676136,0.20003776,0.6197105,0.21503526,0.27996552,0.47473082,0.084742464,0.24493271,0.043103147,0.51505363,0.019410461,2.1698744,1.0122905,0.3715134,0.24924673,0.49226856,1.0289779,0.67184526,0.22535478,0.08738834,0.5171876,0.067623295,0.56643194,0.048219353,0.37132314,0.574724,0.8118518,0.04900729,0.53801334,0.039857697,0.18645875,0.51127553,0.35096183,0.51781106,0.8783025,1.076534,1.374559,0.3029553,0.41470465,0.31076622,0.32307455,0.3083088,0.22832812,0.0,0.36631614,0.59656847,0.7385626,0.45982897,0.021703437,0.03696317,0.19447233,0.08057452,0.4609206,0.48614773,0.14768946,0.13196585,0.11031189,2.0684147,0.8349944,0.19353664,0.08573148,0.16781145,0.3868981,0.08842406,0.3046585,0.05893607,0.56714743,1.0599649,0.23358555,0.31485203,0.44243857,0.09653646,0.36508736,0.15206717,0.16141213,0.47880244,0.79942477,4.7803907,0.06762575,0.16979708,0.1287369,0.3978961,0.045682635,0.0,0.34589803,0.48967126,0.27175176,0.6078088,all_pothole_images\pothole_images_enhanced_c87256d7fb97aea96109e8d3c3ff3a22.jpg
0.30747294,1.164793,0.06678929,2.0415692,0.30250108,0.0101067545,0.5012699,0.0,0.20526831,0.6962843,0.2488021,0.8421005,0.0025112554,0.29610494,0.017821813,0.17512012,0.106145844,0.08977593,1.0772864,0.13231668,0.3086782,3.3828647,0.21754418,1.0511887,1.3579712,1.2301503,0.54131,2.9718895,0.2555862,0.89581966,1.2152457,0.61653167,0.70940614,0.21485882,0.70055556,0.17541842,0.077541076,2.307772,0.18874782,1.0802964,0.0030571152,0.1146393,0.29347932,1.5291508,1.4649973,0.31741723,0.12563701,0.012246559,0.1610367,0.38457412,1.1852686,0.0050599487,0.48490226,0.2380496,0.33416063,1.7188601,1.2175453,0.302108,0.14343697,0.65733415,0.012035912,0.5678302,1.4673406,0.036794715,0.9984782,0.71458775,0.33277556,0.29253334,1.2095422,0.5345161,0.519599,0.54138917,0.033306018,0.36747232,0.30427662,1.0058682,0.2901342,0.24845698,0.098125115,0.017790928,0.13737997,0.78958994,0.0049226144,2.3784347,0.36967373,0.41418698,0.34647107,0.227233,2.727762,0.26455835,0.0065334607,0.7091711,0.029669976,0.078022145,0.025153082,0.19907004,0.57770413,0.31887066,0.90085757,0.41435927,0.21347567,0.85454047,0.8261099,0.10497231,0.06845255,0.42705178,0.37016022,0.0940053,0.074675605,0.048829827,0.0,2.0128284,0.828532,0.014365738,1.3631557,0.15045136,1.5795468,0.22877267,0.19221067,0.35440627,3.3403852,0.28189683,0.20773782,1.3243059,0.77095044,0.50004613,0.34587464,0.23258768,1.9369,0.11074436,0.7338796,0.051839508,0.44813278,0.03662852,0.69362444,0.23280968,0.23696397,0.8235241,1.2998959,0.7287385,0.54073334,0.30782422,0.0032203263,1.182851,0.22844264,1.2185696,0.12856083,0.0,0.48539943,0.33809218,0.62225455,0.96910304,0.0,0.04003438,1.3294744,0.016854107,0.307118,0.0054891664,0.2251231,0.40596506,1.3902893,0.52802527,0.39403433,4.60015,0.0053433836,0.057348844,0.60920477,0.14684844,1.5051969,0.1547429,0.08431039,0.014136024,0.0,0.03739246,0.40124303,0.04751526,0.45800593,0.017366817,0.18964736,0.31132406,0.037265927,0.8451759,1.0977852,0.6038031,1.6895236,0.9788611,0.11443572,0.07663581,0.088689394,0.36333814,0.6283531,0.31302896,0.08636664,1.0958813,0.004936033,0.513484,0.17156151,0.09473104,0.033835337,0.7518365,0.11340852,1.1506008,1.2776436,1.2554266,2.5407524,0.6053238,0.26079208,0.40807688,0.7890232,0.0081854155,0.24874513,0.0,0.7808612,0.14958903,0.9005919,1.3174983,1.0736566,0.027038267,0.52333486,0.43332094,0.52953374,0.4086513,0.13367365,0.066807106,0.03321328,0.9725212,0.36426878,0.12237333,0.89115757,0.8224953,0.016514605,0.15354846,0.37274566,0.09151745,0.5907945,0.12113497,1.4563198,0.0026424637,0.030648474,0.1840736,0.09893545,0.0047116256,0.099854276,0.17681542,0.11997891,0.0019315137,0.31873924,0.2379708,0.9462243,3.758226,1.0596579,0.08416491,0.80510974,0.03272579,0.19635493,0.06804785,2.1010532,0.046294488,1.0081575,1.1297615,0.19795252,0.063819245,0.28636426,0.26845255,0.5244863,0.3365542,0.008261535,1.1399517,1.0933769,0.4158993,0.0038526538,0.0,0.0899596,0.07634089,1.1736128,1.2100741,0.21237774,0.91373706,0.16711387,0.55210394,0.53865963,0.46187162,0.34024313,0.5819324,0.970691,0.23418574,0.82658064,0.43750077,0.6446608,0.31212962,0.035539947,0.051566254,0.0,0.8300965,0.38502407,0.05785924,0.5238255,0.78925383,0.009466125,0.7910465,0.7454272,1.1873535,0.20621994,0.35236883,5.338264,0.83517236,0.023498531,0.69298756,0.04520477,0.26834843,0.043035075,0.99376404,2.2669172,0.65714747,0.0012456318,0.8845495,0.112569146,1.0523617,0.982351,0.41149133,0.220812,0.0065258094,0.013369453,0.30896497,1.0996674,0.95299715,1.428625,0.3215066,0.6119026,0.48635578,3.1484115,0.057604574,0.77945864,0.053722914,0.27260843,0.6488134,0.2863532,0.38211548,0.11158254,0.10332,0.5424533,0.38815713,1.3811518,0.25161272,0.5755409,0.03544828,0.02809395,0.5752258,0.9273909,1.3212025,1.1170229,0.692126,0.0008479769,0.50973505,0.08821465,0.05355945,0.42102474,1.5509498,0.24349864,0.444272,0.0058532325,0.015502132,0.25306714,0.4194191,0.16516808,0.14191456,3.0568626,1.4770156,0.07949989,0.48477507,0.8342393,0.06570153,0.042656794,0.68935174,0.13750006,0.3146293,0.092149496,0.35189024,0.1123187,0.18765262,0.027854187,0.059318084,1.047973,0.5029196,3.97073,1.3059901,0.8985639,0.10804861,0.044275396,3.2467525,0.71974194,0.0,0.0788948,0.59269786,0.32528737,0.23390742,0.69338465,0.10353305,0.012408559,0.013479708,3.1644258,0.7165887,0.0067911614,1.219356,0.1117159,0.56324923,0.42438877,1.0710021,0.2752213,0.40961653,0.15688168,0.24318159,0.6728486,0.502048,0.17825554,0.35649228,0.38253096,0.052137453,0.016346455,0.25339255,2.0436196,0.14894101,1.5469947,1.8211825,1.7356832,0.05782226,0.5976591,0.95590776,0.11681949,0.6164842,0.59890443,0.11732553,0.06841092,0.78057617,0.13170302,2.9773061,1.010652,0.7623131,0.35925266,0.21833147,0.34584796,0.2531413,0.13422796,1.0104212,0.08713735,0.0072258967,1.5825486,0.30377495,0.42273182,1.0825843,0.9913082,0.3047463,0.44978994,0.03912018,0.8493642,0.1800719,0.613194,0.47030303,0.49461073,0.65435624,0.6818139,0.3069741,0.76144254,0.073249415,1.0212948,0.3690465,0.0030072976,0.07034697,0.98986363,1.240796,0.5271481,0.4170892,0.64736736,0.51928985,0.15616257,0.045058742,0.06497326,0.63764864,1.0185112,0.020644085,0.047113918,3.6751695,0.5478094,0.429835,0.0032264323,0.117975526,0.7740273,0.11120227,0.24453084,0.1712568,0.17574392,0.69714683,0.10396386,0.085852444,0.04226104,0.0,0.15513815,0.076321855,0.08213606,0.032656897,0.14408754,2.970639,1.0016036,0.36928168,0.84738976,0.669148,0.04569278,0.3168418,0.38451743,0.044446565,0.4123654,0.13042338,all_pothole_images\pothole_images_enhanced_c8a601477d81d8593c7e5772b1ce41d1.jpg
2.4506578,0.15438618,1.3475938,2.1466577,0.97563386,0.15372984,0.6839149,0.009512514,1.7393708,2.5434723,0.19835535,0.19525193,0.0054215547,1.6411179,0.045244247,0.73363525,0.92132425,1.0061568,1.8028259,2.0795557,1.5939244,0.29591814,0.04649717,0.96412545,0.99645674,0.3979911,0.049319122,2.498153,0.34089318,0.6215125,0.5180458,1.328568,0.016031248,1.898477,0.06991682,3.0611317,0.19009405,0.82347006,0.797413,0.014875241,0.74268293,0.6525729,0.5671174,2.173499,0.29181167,1.4736253,0.51667273,0.63204986,0.14959538,3.1850195,1.5284883,0.07385566,0.43509704,0.42375928,0.8751884,0.78926533,0.63741326,0.8351164,0.51747966,2.043681,1.8265885,1.6066254,0.039960917,0.67232984,1.0619639,0.38858646,1.9099362,1.871254,0.28570804,0.5644492,0.83700794,1.0467409,1.3701978,0.7077768,2.5736592,0.8283394,0.7155047,2.6233888,2.6872506,0.0,0.031353164,0.8992615,0.0059625176,1.0863143,0.9537804,0.90543896,0.07556651,0.4396553,1.2157687,0.26055583,1.0431577,0.8577479,0.55714387,1.0954789,1.5532196,0.15602323,0.3858638,3.7349641,1.9833224,1.4772927,1.2411957,1.5495406,0.08216505,0.10248702,0.16839848,0.223718,0.32272163,1.2031953,0.1304589,0.52762926,0.0064128917,1.5714539,0.49660033,1.5607103,0.31133285,0.020806083,0.5764387,0.20631117,4.048527,1.6565741,2.6639678,0.80559605,0.05304938,2.837908,2.304951,0.83553886,0.88968486,0.992066,0.0064090975,0.92398757,0.0018849487,0.13349272,1.3565649,0.18232206,1.8392725,1.5404986,1.2710668,1.2421088,0.039704368,0.131654,0.23973577,0.028796256,1.9992938,0.012671086,0.8004758,0.64625376,0.9116231,0.077851035,0.07513104,0.44174144,1.0632186,2.8190126,0.17293552,0.13457961,1.1781343,0.9250931,0.39083752,0.09929866,0.85065144,1.7296048,0.13245317,0.56613266,0.25665995,0.16757853,0.2539983,1.9505821,0.19086738,0.065619655,1.273534,5.8243814,0.013039599,0.685984,0.45301813,0.50110805,0.033214677,0.7742386,0.34360066,0.037570193,0.52346885,0.09384325,0.6707018,0.9535802,0.33362085,5.096347,0.62709004,1.8870862,0.8915549,0.24642837,2.5264606,0.07959958,0.00093855103,1.3975044,0.27347997,0.2747318,0.55005807,3.2201936,3.1645744,0.40051463,2.0762322,0.302828,1.9039131,1.0722148,0.706715,0.71573406,0.6685873,0.030077826,1.3586011,0.026423503,3.0549796,2.3701966,0.4623491,0.28043783,1.4932398,0.79982185,3.158202,2.2821648,0.99525356,0.017415646,2.0713449,0.43209067,0.37633654,0.6090431,0.72031635,0.6085754,0.17443202,0.023182068,0.16557655,2.9886935,2.84179,1.7221617,1.4780139,0.05766691,2.6636822,2.5823305,0.93490475,0.45754826,0.5371288,0.6389479,0.091153815,1.5352496,0.8845238,0.03003741,0.1095928,2.6947072,0.0,0.0,1.6366829,0.08074746,1.261717,3.1558166,1.071279,1.6392657,0.0,2.5236692,1.4291059,0.07307278,0.4752557,0.49708432,0.15538165,2.4631224,1.3903509,0.39937964,1.4905183,0.13766956,0.123189084,0.2251301,0.37652245,0.52697676,2.0389926,0.17370735,0.49761322,0.19377965,1.4678874,0.32823464,1.5855439,1.5419847,1.1445652,1.4779146,0.04591268,0.6856092,0.4636093,1.2630932,1.8595657,0.32394522,0.025177268,2.0293317,0.11858958,1.062067,1.1158984,0.89545417,0.4439254,0.54752845,0.02169042,0.22257008,1.2749325,0.95908034,0.6161794,0.13811125,0.41822255,3.112705,0.35808855,0.067312844,0.9510101,0.0,3.7786665,0.21955667,0.35288763,0.70739734,0.53794515,1.2063488,1.7415408,0.0,2.3450105,2.6053455,0.67517555,2.3482952,0.0,1.5050945,3.2587652,0.3394347,0.8446719,0.028499072,1.7466152,1.4049977,0.79161924,1.9525702,0.27994004,0.0013607648,1.2300731,0.45730764,0.96439576,0.0524564,0.17936985,0.24009809,1.6296262,0.7470844,2.0171335,0.5346636,0.8743579,0.35369802,1.5377997,0.0008591377,4.439461,1.2587,1.0164598,0.5735669,0.2992389,0.46402732,0.50827056,0.99840266,0.07081496,0.5710714,0.095237866,1.0037433,0.3118678,0.52904916,0.5203169,0.24755734,1.8856401,2.9903514,0.25842014,1.1452063,1.1469573,0.93238205,0.1837306,0.56155866,1.2875602,0.20590377,0.49579868,0.23586355,1.8938761,1.0291127,1.3421514,0.91504526,0.24443041,0.15772247,1.2668463,0.36856857,1.8742819,0.96998,0.7236984,1.4817734,0.07619864,0.883808,2.0452778,1.0752751,2.0207295,0.110432096,0.5854159,3.095558,1.4020629,0.47845984,0.2063241,0.022889163,0.36918515,0.5847787,1.3728843,0.040363718,1.19886,0.09341549,1.1558512,2.899108,1.2451702,1.1322341,0.30165988,1.5254638,1.9567802,0.18239291,0.9998389,0.3792122,1.2530173,0.048207592,1.8061721,2.8122227,0.022609014,0.7337131,1.4136233,0.029162852,1.5325085,1.8714106,0.70369476,2.0933056,0.0,0.12065844,0.3004022,0.19882476,0.7498291,0.18330328,0.021775484,1.7255772,0.26937133,0.33019638,1.1264714,1.0813253,1.060043,1.9695771,1.2521755,0.8289373,0.030471528,0.21855882,2.6334748,0.51608807,0.014962077,0.48888373,0.2535649,0.0,0.03064719,1.4382238,0.004391177,1.8032295,2.930394,2.8355188,1.3442843,0.1535588,0.4806041,0.6857494,0.06914958,0.2112666,0.0,1.9046718,4.6281123,0.21596904,1.5677937,0.17451605,4.246621,0.011122927,0.08522276,0.00031364308,3.2110667,1.685289,1.0629684,0.35438195,0.0,0.5294451,1.4175191,0.06833348,1.8807696,1.5888461,1.3276781,0.18649645,0.51022714,1.3497654,0.53374934,0.9581624,0.00042536916,0.0031361433,0.12845328,0.48456326,0.9327661,0.0,0.8134824,1.0486339,0.5692831,0.0139638325,0.054841105,0.6872308,0.3970266,2.2990713,1.5075942,0.031768307,1.0316696,3.6529496,0.65130347,1.4905461,2.097644,2.862304,1.0784047,0.4201618,1.0936872,0.9116352,0.0,0.055888105,all_pothole_images\pothole_images_enhanced_c986e6f05a9df7637bfbd67c35a52192.jpg
1.1980793,2.7224283,1.1140977,1.81728,0.7713402,1.3516039,0.21100785,0.17833968,0.2951162,0.5780581,0.375504,0.1945186,0.3201709,0.6756103,1.5488118,0.57656485,0.68132573,0.06789307,0.10765362,0.12413388,0.16200128,2.0781991,0.9181957,1.8312421,0.42296618,0.129065,0.1336405,1.3918295,0.34845647,1.0022153,2.0392556,0.5991035,1.0978928,0.75422215,0.75536335,1.1237214,1.6847692,0.5871222,0.6069515,1.0087353,0.7781093,0.1941777,0.20400934,1.3203522,2.3503447,0.023741279,0.29125798,0.6154704,0.97172546,0.3876578,0.13201028,0.18248387,0.2711949,0.4161633,0.06472798,0.366532,1.9740286,0.03893627,0.88497955,0.3773739,0.0007054575,0.27616155,0.25776523,0.62509495,0.122009255,0.46691927,0.84245837,0.21691692,0.2185508,0.11151699,0.33064204,0.22091588,0.90751904,0.9244129,0.077745564,1.9177288,0.06271705,0.250191,0.11365875,0.7199705,0.039607678,1.2236692,0.039406087,1.4686732,0.6041438,0.68427324,0.21091248,0.0044767726,4.3036327,0.43369928,0.08951597,0.29464012,0.23907864,0.062287018,0.8954441,0.13472833,0.70314205,0.9876385,0.0051790304,0.059231255,0.08748537,1.1528264,0.46427122,0.13426799,0.92045313,0.0,0.035754036,0.4407636,0.41142085,0.6676755,0.19928087,4.18983,1.2966706,0.20454493,0.38332003,0.55838203,2.0173032,0.00887148,1.2360168,0.6395107,1.3149233,0.6700175,0.05433841,1.1009078,0.10455544,1.2104342,1.379795,0.53373456,0.70266926,0.40629202,0.74628,0.09523182,0.39056525,0.0,0.84891623,1.4099747,0.30765703,0.27529237,0.2478473,0.120817915,0.18718828,0.2952454,0.05270045,0.6951376,0.06856119,0.8144427,0.3722496,0.83038163,0.16887096,0.3222652,1.431951,0.5123021,0.96203095,0.03153746,1.9239604,0.6079236,0.10044749,0.26635835,0.9894096,0.12910582,1.2226868,0.86316806,0.15141422,1.2926569,0.28930563,0.9545654,0.80473536,0.0010982873,1.3357567,0.37030882,0.07053391,0.67922384,0.2323798,0.5206289,1.0376889,0.29866245,0.508166,0.0,0.10478512,0.1883938,0.0,1.4725016,0.667881,1.1752992,1.992011,0.35030356,0.030026667,0.7852558,0.6087008,1.0315335,0.18192452,0.510534,0.08274446,1.5890397,1.1023767,0.0077616298,0.8413207,2.0518818,0.844242,1.2613125,0.1276936,0.96635467,0.047853786,0.27658418,0.12915084,0.6321701,0.43475217,0.001853929,1.4371248,0.033688024,0.20019382,0.13607651,0.7544276,1.5928051,1.2413154,2.1875465,0.25910738,0.18315132,2.278192,0.4534439,1.3331118,0.0,0.34688,2.526502,0.14051177,0.77771837,2.1575084,0.337085,1.5367621,0.30772474,0.23797989,0.18975084,1.0429488,0.06934688,0.96355546,0.21057113,1.3330648,0.18188745,0.308379,0.29909605,1.5777066,0.36278066,0.88731617,0.35292816,0.0,0.008757241,1.1231158,0.0,0.38332018,3.5621116,0.6455539,0.9259944,0.41556633,0.41165316,0.3682642,0.05117728,0.8121899,0.7363356,0.6329563,3.116308,0.009454457,0.033349045,0.9336772,0.72806764,1.1060671,1.1455431,0.40000042,1.3568838,4.232187,0.18969212,0.8831383,0.06004182,0.00056415744,0.72657365,0.7019306,1.4412842,1.7172627,0.24365091,0.35179892,0.37143248,0.18790638,0.55743897,0.2177624,1.0676501,0.4766457,0.7803224,0.53919774,0.54808843,1.7931043,0.3657007,0.19808212,0.55747527,0.11498691,1.8613483,0.12748393,0.838484,0.20133154,0.117524534,1.1079152,0.5278369,0.0051740576,0.23443572,0.06986602,0.8247088,6.3458943,0.42143726,0.70098203,0.87970716,0.5516389,0.28254354,0.04815175,1.1398122,7.024746,0.65653175,0.26208207,1.4336691,0.030621855,0.60977685,1.3415855,0.37260848,1.6873835,0.008424286,0.013131181,0.29825175,0.16440134,1.6475515,0.84715176,0.5965817,0.58923805,0.4793886,5.220331,0.33790767,0.21603175,0.12946601,0.034310166,0.308409,0.93050414,0.03661951,0.39670753,0.19507058,1.4182535,0.996498,1.7320958,0.0097316345,0.77372694,0.3249318,0.6254672,0.0009922017,0.24870358,0.3388328,0.7114625,0.9568934,0.32666764,1.1391057,0.6132642,0.31749478,0.29244986,0.10970161,0.30980197,0.72093636,0.025144655,0.69626015,0.6061377,1.0850158,0.038299095,1.4500384,0.6895973,0.31241593,0.7411535,0.16496454,0.13010328,1.3690139,0.43531907,0.0977317,0.8186865,0.044543605,0.7862879,0.3357417,0.056988128,0.31045532,0.18984874,0.275905,1.3642583,1.83498,3.6348453,0.563746,2.2792697,0.045199227,0.5473276,2.2757187,1.0522977,2.9354577,0.16747808,0.0148918405,0.016603647,0.29241744,0.6271695,0.5715255,0.19877882,0.05106022,0.40199715,0.8465878,1.1032223,1.1567744,0.19737816,0.013557697,0.9446752,0.5446661,0.0047745197,0.65692174,0.19035298,0.05985148,0.5477217,0.5432704,0.026111424,0.36911383,1.3598477,0.28111738,0.8845139,0.02024809,1.1833775,0.5608392,1.2927843,1.9713801,2.1114056,0.48547387,1.6738892,1.516087,0.60478073,1.1771885,0.74783075,0.63392687,0.12170556,0.52657175,0.33947742,5.1110535,0.9671571,0.1609068,0.2051995,1.8537543,0.075776026,0.5746386,0.053487267,0.20441203,0.72249883,0.0,2.1173158,0.4893306,0.5878686,0.6195531,2.120002,0.65641606,2.8295057,1.2143762,1.1072474,0.504052,2.7998102,1.1488192,0.99648184,1.3338462,1.6553774,0.0035848175,0.8853971,0.009353423,0.58721715,0.57597613,0.30376557,0.0,0.36028334,2.4143894,1.4185863,0.009727424,0.12354854,0.648614,0.6211953,0.3993607,0.1865105,1.3798454,0.4809651,1.0247244,0.71520996,2.167247,1.7155246,0.78175557,0.073078945,0.47869405,2.2067163,0.45231527,0.90023863,0.11039837,0.3113297,2.1391914,0.21327855,0.0017538995,0.0,0.6029656,0.25727996,0.24737073,0.0026850079,0.08276732,0.10683808,6.106493,1.034924,0.25604546,0.64898807,1.4882432,0.0,1.0763978,0.21823984,0.891769,0.1544462,0.40105975,all_pothole_images\pothole_images_enhanced_c9a3df62f0c1b7aaaab75572e4905922.jpg
0.5647108,0.9136519,0.23415715,1.2514032,0.20167401,0.40132254,0.124001354,0.20581527,0.9025486,0.320193,0.46764925,0.73540866,0.268625,1.0636916,0.059017394,0.32033932,0.19991793,0.4266654,0.5268156,0.2459736,0.42307523,1.1097409,0.90545094,0.99133915,1.5917702,1.1455307,0.22042538,2.2516997,0.011766735,0.1627147,0.81440884,0.2474204,0.6749196,0.4604855,0.33542097,0.23052935,0.032026287,1.3350241,0.2900214,0.19516544,0.0,0.18063512,0.24271853,0.020979365,1.7027074,2.0026584,0.10635853,0.16951646,1.3451782,0.67091686,1.0643322,1.252384,0.8838415,0.40800428,0.7083428,0.7865565,1.7207888,0.19837584,0.34076145,0.07783601,0.015687676,0.2098767,0.90978533,0.29673877,0.6789012,1.4938003,0.3504204,0.16608597,0.72451717,0.23614015,0.78764063,0.5832929,0.63471967,0.5668173,0.26816684,0.4785958,0.14496204,0.3740518,0.0,0.28192905,0.0,0.006182792,0.17911683,0.6243651,0.74845403,0.74857205,0.79432124,0.55174506,1.8672944,0.7559392,0.29097202,1.0193405,0.7164411,0.596284,0.22165816,0.0030899514,1.6628379,1.2912418,0.85753566,1.9795121,0.024077468,2.5398757,0.9739455,0.0,1.0496622,0.5901058,0.5238287,0.70295256,0.19046997,1.0876861,0.0,1.5370499,1.2170299,0.25204605,0.43816528,0.56884825,1.3846635,0.30639127,0.17802258,1.3412018,3.0937696,0.05759491,0.28586578,1.1956865,0.9592617,0.7707718,2.9244597,0.48575863,0.7429746,0.72121006,0.26407477,0.0011720156,0.215249,0.92787457,0.28295118,1.7515872,1.5923381,0.98770374,0.6326315,0.84112424,0.6239035,0.30585465,0.14681768,0.641739,0.7858731,0.15916465,0.4142149,0.8259685,1.6577891,0.2531302,0.86725116,1.0336075,0.27525783,0.27503607,1.2954916,0.13712165,1.5609376,0.5457971,0.115691796,1.2696209,1.9426658,0.48213786,0.12877686,1.7093655,0.1397747,0.41390553,0.6048862,0.19397755,2.9930289,1.0700995,0.31191197,0.016005067,0.012936804,0.0047973497,0.24073918,0.68977594,0.49597275,0.0035097797,0.72201246,1.1128927,0.02954708,0.72726744,1.5624832,0.48424536,3.0820153,0.2413403,0.42977133,0.62209725,0.46021527,1.1163749,0.7963774,0.26064962,0.54813725,1.164877,0.13495016,0.0006295817,0.36343804,0.03716986,0.5890006,0.61968863,0.6150827,0.5622161,0.2934687,2.1636946,0.442585,1.7724559,0.5198178,0.83089256,1.8522407,0.77292234,0.0,0.6612317,0.51979303,0.33767727,0.61705714,2.94709,0.90443605,0.054961465,0.24423537,1.3756328,0.5919526,0.13558058,1.601353,0.41489735,0.13595325,0.99739116,1.90619,0.26300415,2.1335745,1.2905587,0.09172993,0.20421892,0.6077382,0.24260218,0.50328183,0.0045599546,2.7925339,0.5127685,0.34758696,0.34700206,0.8765377,0.013205406,0.329102,0.505355,0.3900228,0.15143247,0.513725,0.57291657,1.0713385,3.4798281,0.8128741,0.09221596,0.85687786,0.4285366,0.02293313,0.14608048,1.2712466,1.082334,0.06315277,1.2024236,0.55562425,0.5685527,0.640911,0.48884627,0.46475202,1.7386123,0.34283093,1.2319194,1.7417954,0.7712807,0.006751087,0.08503746,0.23623326,1.1636171,0.92425716,0.44058385,0.58189183,1.4800323,1.2463679,0.97827494,0.26762626,0.13819084,0.1843672,0.08545992,0.8711642,0.20844243,0.6573578,0.24521217,0.46839765,0.22552557,0.31989646,0.11410549,0.2828439,1.0758984,0.0053681494,0.35879254,1.2211667,1.1992741,0.250559,1.6745961,1.8576236,0.34291402,0.19383974,0.5152178,3.5736613,1.2060893,0.0039655804,0.35346964,0.42096522,0.82479155,0.16357745,0.7259741,2.8905275,2.8893213,1.1888393,0.6332869,0.44329667,0.6577464,1.3559422,0.5487783,0.6909815,0.10166359,0.8249373,0.04884092,1.3543848,1.016629,0.49929458,0.2592416,0.2940067,0.18432854,3.6349192,0.006323503,0.13283946,0.29660165,0.36715436,0.42106223,0.5591146,0.31656498,0.52064407,1.7400808,0.0116529465,0.7072755,3.5822463,0.50278807,1.0517197,0.8770881,0.72614926,0.11955204,0.63038594,0.41129002,0.7815469,1.1600449,0.2948392,0.8038501,0.3153148,0.034848753,0.3822023,1.0823112,0.1694609,0.78806007,1.4681748,0.08857375,0.61928123,0.1211924,0.3178503,0.16842087,1.3052897,0.07819314,0.15669228,0.031346723,1.5648984,0.26562274,0.41736254,0.4890873,0.54598373,0.47923997,0.5368381,0.26566008,0.19946639,0.1079362,0.34101894,0.019600077,0.6432749,0.9566414,3.303646,1.6258311,1.4635962,0.07400808,0.1513773,0.9893265,1.1038957,1.0264097,0.62916815,0.33173397,0.17405878,0.13123219,0.7458927,0.8091268,1.3662604,0.31995678,2.2878008,1.6376115,0.62481904,0.47809085,1.4251547,0.17202486,0.053849433,0.46956903,1.2530293,0.26663804,0.2456645,0.75690067,0.7556339,0.85063994,0.0,0.21292534,1.2698419,0.7264062,1.6662405,0.92893153,1.212886,0.03596332,1.5801315,0.4487746,2.337654,0.68098074,0.8293829,0.7050187,2.2882395,0.57659245,0.2931456,0.99118817,0.20213932,2.089457,1.6705129,2.8584344,0.42872405,1.9242998,0.2819738,1.2422379,0.5796473,0.60392886,0.1275993,0.25333828,0.37938923,0.0013685738,1.7139155,0.98265713,0.16897888,2.4127767,0.5037621,0.15835573,1.3982922,0.61488986,0.799235,0.78466606,0.14908457,0.612561,0.5982033,1.948169,0.6461578,0.18294595,0.25636747,0.8055903,0.18325968,0.6565684,1.1770067,0.07584138,1.355858,1.284565,1.1398702,0.085993394,0.26483604,0.31541377,0.9180332,0.0,0.55901957,1.1929207,1.3634542,0.21040808,0.7726756,2.2509277,0.33497974,0.5352542,0.387187,0.051126625,0.45891118,0.3067936,1.1672035,0.37440115,0.56817585,1.1470531,0.1960976,0.34185752,0.19837457,0.16992724,0.35596356,0.11286844,0.36582363,0.9278924,0.17151408,4.767709,0.47427857,0.53608227,0.6529612,1.8853909,0.3193244,0.16973568,0.093110345,0.19959033,1.469119,1.2453076,all_pothole_images\pothole_images_enhanced_c9d5b3e42e5dc56d600751ecc0e79cf2.jpg
0.0,2.3262632,2.281224,1.7606492,0.85717905,0.9214208,0.74772733,0.03444123,0.14579123,0.5326423,0.41704202,1.0486653,0.32954732,1.4582235,0.019089336,0.95995206,0.3718731,0.032018043,0.8340238,0.0564339,0.85420614,0.8375954,0.55918974,0.95660526,0.14929606,0.3554948,0.059489347,1.7326794,0.059959274,0.25086623,0.15236104,0.21894851,0.2760601,0.17737333,1.1602198,0.28024697,1.3950508,0.47369677,0.6155658,0.19050395,0.09714127,0.5761234,1.1740984,1.0186887,2.2005901,0.49178258,0.6654807,0.062030967,0.4404953,0.6665553,1.3922346,0.14323135,0.20952213,1.0983046,0.3944957,2.3103514,1.5609204,0.08717632,1.2277792,0.67357713,0.9280464,0.5971762,0.7962078,0.17275241,1.7151414,0.47928587,2.5139318,0.1824365,1.8509625,0.86548144,1.1182785,0.4074852,0.68944067,0.44067928,1.2793359,0.75564706,0.12649913,1.0036757,0.050097473,0.4782893,0.17526893,0.8752398,0.4686912,0.554446,1.0236105,0.59796536,0.857835,0.119434364,3.3677719,1.5034004,0.27215323,2.1174443,0.04927392,0.5970961,0.55126166,0.4487559,0.10223916,2.2103302,0.14251283,1.4914896,0.15459722,2.0543067,1.1248269,0.95723635,0.6528977,0.34412235,1.5160667,1.1032655,0.45994645,0.6776278,1.6446291,0.8239839,0.30732685,0.8564988,1.1547409,0.12383894,1.2941087,0.8497983,1.9739846,1.2439866,0.93124264,0.25060067,0.36176515,0.9718844,0.92544967,2.8397107,1.0968604,1.0266242,1.8214754,0.7984137,0.44589135,0.06311964,1.3912923,1.4636377,0.10602638,0.32015324,0.3789807,0.027994365,0.95649934,0.24839522,0.80089676,1.6643587,0.71664584,0.26874396,0.009794451,0.21812697,0.12771145,0.08267051,0.15603901,2.0964043,0.55309826,0.7630773,0.46700522,0.16863309,0.3704408,0.11175681,1.0135212,0.03255811,0.26407102,0.2161407,0.46439555,0.2901747,0.75399405,2.5767465,1.8766221,0.1515823,2.6120982,0.020456906,0.43847102,0.3247028,0.18543622,0.25458935,0.19462623,0.49698335,0.98767304,0.11908328,0.09667026,0.6065416,0.15484956,0.7821252,0.5628204,0.6141726,1.145673,0.97920585,0.5573937,0.4620967,0.9023377,0.6796426,0.4077009,0.747578,0.026402984,1.0154294,0.17995036,2.1414726,0.14040947,0.18797006,1.3463916,0.82381594,0.18568467,1.1820755,0.7454842,0.8874004,0.36624897,0.16672659,1.1939276,0.49766985,0.05225937,0.027852945,1.6075821,0.110888205,0.6123995,0.8107742,0.32197988,0.975671,2.2216065,0.64114696,0.93319446,0.27094612,0.98093706,0.5831357,0.9348016,0.4808689,0.10887134,0.20576255,0.97774667,0.5674597,0.14457259,1.0523248,1.2675178,0.11209572,0.010651216,1.1057734,0.6153956,0.08085404,0.43680182,0.3557648,0.28926125,0.24367072,0.04055756,0.2526849,0.36528286,0.27084145,0.62729114,0.7578959,0.69690406,0.040073674,0.26572758,0.23554093,0.5766229,2.1858375,0.871256,0.4546929,0.6322115,0.005848275,0.4854031,0.25008756,0.17134343,0.19196607,1.6416944,1.8669714,0.5598855,0.38509843,0.3029102,0.32415083,0.55029297,0.27309376,0.57079124,0.77432173,1.4150518,0.07691685,0.55052376,0.026250778,1.0087923,0.15195878,0.069092944,1.3841054,0.88836473,0.44799232,0.10858674,1.108045,0.018135969,0.47582334,1.0251216,1.3161076,1.7671651,0.5138454,1.238013,0.4549702,2.036855,0.70962054,0.34715438,1.6139944,0.52296156,1.0471771,0.78403044,0.91842055,0.6575129,0.12562916,1.2931323,0.775837,0.16306789,0.6902037,0.2963661,1.4053802,4.6752267,1.2260312,0.19455273,0.4371579,1.4842556,0.8749802,0.47714698,0.5240013,5.394835,0.40936986,0.17547964,2.8124847,0.31440952,0.55512863,0.16668543,0.04367801,0.3731796,1.7156804,0.034231126,0.11940737,0.84546053,1.3091645,0.026161212,0.14895877,1.2859266,0.7511487,2.702448,0.6189647,0.46885765,0.05724857,0.33150387,0.2028258,0.3807906,1.5832136,1.570875,0.12951992,0.22225733,0.58380604,0.4808867,0.0,0.50218517,0.5746806,0.9478083,0.005667415,0.2581739,1.0859569,0.38556355,1.7127228,1.395546,0.1272391,0.2161285,0.32682794,0.195625,1.3604734,0.5989747,0.71931237,0.6099388,0.347081,1.1899352,0.48809522,0.13678625,1.3217748,0.8977265,0.35862592,0.7933599,0.4836464,0.39742005,0.15976416,0.4280464,1.5385773,0.42338336,0.87103426,0.76810986,0.053354718,0.1185358,1.2866124,0.03482961,0.69102263,1.682563,0.38577536,0.8370641,1.77811,1.2661474,0.79874015,1.0298,1.8100744,0.96888304,0.2795405,0.12288647,0.37304917,0.2868253,0.5247161,0.5596931,0.4092963,0.32256353,0.22857374,2.627169,0.74176437,0.035840336,0.8348547,0.596858,0.10646585,0.49499092,0.09093765,0.27495202,1.3300097,0.72684073,0.21456796,0.6872793,0.13993055,0.26780736,1.1011084,0.44239223,0.3211766,0.122122176,1.0892472,1.4330248,0.49360505,1.4124926,1.5314729,1.9027747,0.029467471,0.95866483,0.91991794,1.0512346,0.7224411,2.0316014,0.2033139,0.84430236,0.41727057,0.7872862,1.3550787,0.84335214,0.63334584,1.105558,0.46413147,0.42287394,0.73436815,0.044853453,0.13789666,0.25715226,0.2384893,1.8542477,0.76390743,2.2122014,1.029399,0.6539553,0.15520063,2.648478,0.27877215,0.6589854,0.078137375,1.0324168,0.48464918,0.6024689,0.5491288,0.59258145,0.2773387,0.50945824,0.3485521,0.41393745,0.9561575,0.61164373,0.017190391,1.2326308,0.932037,1.1488507,0.2749523,0.13628416,0.07873304,1.2501508,0.30535692,0.66258395,0.16134378,0.44343185,0.083883576,0.51790935,1.4929229,0.9632849,0.08250917,0.05882501,0.49585527,2.030299,0.5760873,0.056544784,0.11954216,1.1217952,1.7707865,0.21267805,0.70649236,0.03992415,0.3110216,1.0803107,0.35510877,1.3288631,0.9349112,0.36578447,3.9372137,0.17606159,1.2216705,1.0375983,0.20872575,0.13420133,1.1707917,1.3589184,0.05395237,0.42167008,0.5639736,all_pothole_images\pothole_images_enhanced_ca6c55d032eaab1e8eb038edd90abdc7.jpg
0.6263203,1.3178076,0.020445175,1.7429684,0.07522617,0.7027955,0.24357507,0.28498194,0.8527812,0.4024999,0.97074187,0.7660901,0.14378403,2.4242015,0.08448629,0.2626953,0.5067834,0.17467603,0.16418757,0.02672531,0.0032105327,2.2956018,0.063770056,1.55108,0.53999966,0.3074651,0.04499263,2.6445353,1.5716707,0.24295877,0.34057292,1.5319927,0.70737267,0.0,0.16228853,1.4301438,0.106379315,0.045340527,0.13962263,0.12479122,0.05772388,0.05778505,0.05212964,0.2060323,0.3009247,0.11366698,0.008221774,0.0,2.4956896,0.35198164,0.4074552,0.04295658,2.0311623,0.4819957,1.5049293,1.9232674,2.6250186,0.6159265,0.24687758,2.3738227,0.24052131,0.7311409,2.290215,1.213843,0.36081493,1.5426689,0.115335,1.3941331,0.5833547,0.36482093,1.4524583,1.9281653,0.0,0.44223613,0.8610976,2.5687895,0.09243035,0.9431591,0.118982255,0.3330929,1.2231454,1.3468617,1.9802588e-05,3.6418493,0.043099996,0.5006013,1.0616857,0.034574483,3.8063815,2.2944696,0.30848318,2.7091858,1.5291923,0.69667137,0.0,0.14763822,0.45350456,0.94898534,0.87031287,0.15486926,0.006323082,1.5519527,0.18852377,0.9131175,3.6706548,0.60522646,1.5281494,0.11338708,1.2686723,1.4020525,0.55337054,2.707938,0.91456324,0.13702571,0.22190686,0.18162397,0.9382918,0.6211282,0.28309304,0.60580766,2.8339257,0.36186522,0.07088592,0.8413711,1.1944966,0.75759214,0.59780777,0.17086716,1.1770577,0.98712546,1.4249896,0.064685814,0.26255217,0.9070833,2.0885477,0.0067757885,0.4046799,2.7989078,0.60163236,0.9309789,0.029220385,0.51833904,1.1884761,1.6317506,0.44109654,2.2559469,1.6069046,0.2654543,0.29215893,0.15566297,0.41603407,0.4169478,0.06832642,0.96477413,1.3972368,1.8203809,0.22870648,0.17715909,0.17013933,0.9642501,0.85674435,0.38349327,0.050682504,5.2348366,0.606352,0.4972583,0.90988517,0.62630975,0.9083207,0.18554536,0.7119775,0.012178549,0.3451069,0.7238645,1.4857122,0.028767452,3.2807965,0.07163992,0.0015453349,0.22055501,1.5492998,2.714594,3.6139927,0.33396128,0.69339156,0.3881835,0.977419,0.63570094,2.294626,0.74606574,0.59262055,2.8843315,0.68097395,1.8863325,0.0988288,0.6139547,0.20652342,1.8674347,0.031168932,0.10160071,0.30864522,0.69771916,2.620654,0.49244982,1.890788,0.37732747,0.58564484,0.1823002,0.28192803,0.014141919,0.70893747,0.05772319,1.7066853,0.1187813,0.35831535,0.07736673,0.3442313,0.39245224,1.3027968,0.38374966,1.6996171,0.049127266,1.1734662,0.83996004,0.0,0.17376508,1.6845728,0.15255976,0.59461665,0.8511972,0.092526846,0.105589226,0.20414187,0.4542033,0.27430144,1.0302551,0.61427146,0.2655213,0.0630661,0.64700764,0.03365322,0.8600188,0.029048692,0.0016479266,0.0841615,0.22047152,0.3234801,1.2903159,0.62860113,4.1596546,4.124463,0.037080355,0.6482095,0.45306155,0.38276294,0.12855275,2.7906828,0.005167982,1.770344,0.79633236,0.10292098,0.074940994,0.7573698,0.24046008,0.3140904,0.27473494,0.046136223,0.3884611,0.49744597,0.21111165,0.5395203,0.36301845,2.8986492,0.73973894,2.604615,0.935414,0.24307403,0.5470349,0.021140885,0.89240193,0.33791178,0.113482706,0.31776693,1.6627748,2.0978394,0.38965786,1.6560808,2.7904472,2.1832573,0.60056186,0.0025847,0.97559744,0.0013238724,0.62106353,3.3352873,0.09641989,0.0817172,0.4049308,0.0056669833,0.6745875,0.67353755,1.2519898,0.3781475,1.1921422,1.9982172,0.27263257,0.007850934,0.45267016,1.2110704,0.78128314,0.83811355,0.330791,2.467605,0.36214477,0.14259458,1.3864952,0.08594931,0.23355791,0.592829,1.0930648,0.082171135,0.44912502,1.8599784,0.16428368,0.72111547,0.11547257,0.4783117,0.38290435,1.3413752,0.30618563,1.4162061,0.25793323,0.7511471,0.93689054,2.947268,0.4925478,0.70778143,0.9315005,0.417273,0.79491323,2.335839,2.4381976,0.8266549,0.5637427,0.8837805,0.090295866,0.09427736,0.096567616,0.17024574,1.4707984,0.04204986,1.3564752,0.18880357,0.21788923,1.5258088,0.43233374,0.0702419,1.2678722,0.96731424,0.6951692,0.046795767,0.18614064,0.026091166,2.708827,0.0,0.29930985,1.0516002,1.1944755,0.026801081,1.9571787,1.1917328,0.05438034,0.4541506,0.6656849,1.7991216,0.35225728,0.0,0.24471869,2.0585432,0.914029,0.07494899,0.16336231,1.0092585,0.9419918,3.2616708,1.6422477,0.7110798,4.220939,0.13295624,3.290864,1.9380434,0.097175986,0.25155926,0.6727866,0.1642586,1.7761333,0.00096490665,2.5267153,0.9025483,0.08490766,1.9554718,1.1268198,1.5041875,0.20681371,0.38510466,1.568478,0.42477736,0.16747591,0.90137696,0.1585419,0.4819212,0.08750255,1.4595743,0.010509209,0.5306167,0.9404433,0.76745945,1.0801029,0.06475435,0.6644592,1.7700819,0.09997605,1.6796138,2.1874268,1.57685,1.8037711,0.5667055,0.053032428,0.8436743,2.414702,0.42754012,0.2966527,0.5034659,0.39768836,0.017912263,4.3806467,1.4410446,0.9814148,1.9895606,0.07965928,1.5548525,2.4501915,1.7820203,0.11973162,0.13320519,0.23478033,1.1160241,0.120749764,0.19344378,1.0202806,0.061863013,0.9854403,0.016221786,4.65561,0.5054572,1.4239215,1.7511477,1.5058808,0.08630734,0.072842136,0.1016372,0.098440774,0.6208838,0.37565783,3.3227825,1.867213,0.6497096,0.32480082,0.04213209,1.993658,1.0716699,0.016797109,1.3388053,0.03789288,0.76793236,0.052096006,1.0510211,0.32841688,0.42486322,0.045064438,0.4285665,4.3462534,0.80868864,0.09674791,0.48563182,0.43202007,1.0078002,0.0,0.2665376,0.0018719401,0.0767462,0.22469088,0.042726222,0.0,0.09791136,0.0014713032,0.0005072309,0.009946447,1.5016433,1.4077519,0.07129661,2.8582613,1.9200802,0.5554789,0.5297135,0.12218875,0.0212907,1.969953,3.4509542,0.79025763,0.6966064,0.13908882,all_pothole_images\pothole_images_enhanced_ca79c2e36b56a978aeacc9c437650c32.jpg
1.2276942,1.2006319,0.42288768,1.5933794,0.6272392,0.04698562,0.6915877,0.017761184,0.40312055,0.3798237,0.3302681,0.009338213,0.54950684,2.3041925,0.05423338,0.15292446,0.0,0.7091718,0.47428536,0.26506603,0.17138755,1.3032421,0.953311,1.7358918,0.65908486,0.76549083,0.66462696,2.1596844,0.017686157,0.25595582,0.5255557,0.43683034,0.90384144,0.6955636,0.5847139,0.42395934,0.6406237,1.030386,0.105997495,0.42305177,0.31798545,1.652392,0.98856467,1.2413919,0.15925473,1.9755081,0.120422535,0.0,1.0275451,1.284039,0.7647658,0.16959956,1.094983,1.1826779,0.05175113,1.0616,0.5250662,0.07656458,0.6739638,0.7218728,0.6223016,0.70077527,1.8975426,1.1193341,1.9499135,0.43506348,0.1604894,0.44474104,0.3219141,0.36462545,1.2716335,0.7657033,0.13526879,0.3401739,0.22833022,0.3792804,0.4758236,0.20218648,0.109880075,0.07447181,0.13563858,0.8580818,0.4363592,0.95022875,0.27417198,1.241628,0.11199926,0.14358091,1.8732636,0.015478087,0.672995,0.4463739,0.006675101,0.47982025,0.08324602,0.113055274,1.1396465,0.51888865,0.43980792,1.4045656,0.18407428,0.5023062,0.93195885,0.4934381,0.10057815,0.59903294,0.4634552,1.6832479,0.14104868,0.7989016,0.09996396,1.1806704,0.7310494,0.079804786,1.196112,0.748473,1.5041506,0.5388728,0.95429355,0.7327915,0.94644535,0.24763548,1.6719818,0.5211043,0.651104,0.21493608,1.4350741,0.6421555,0.12047534,1.2483369,0.5319737,0.4861319,0.54477614,1.1656452,0.04019966,0.93511605,0.9532759,0.5324244,1.6634094,0.724279,1.1877805,0.3377415,0.05788545,1.653128,0.5940224,1.0234566,0.02156288,0.23850398,0.5485905,1.2387857,0.108928986,0.66936404,0.32691807,0.074515775,0.7045644,0.24319853,1.0262481,0.12703206,0.6977313,0.7352387,0.5947717,0.20954786,0.013404116,1.8112154,0.5651174,0.6429119,0.8922774,0.5084921,1.5653312,1.240626,0.44628328,0.50994855,0.110906616,0.18161424,0.37630913,0.25046873,1.2032361,0.18416564,0.5338163,0.5711882,0.27339113,1.6778957,0.8259716,0.6394784,0.6898614,0.2843229,0.5313798,0.37854847,0.18689385,0.74942964,1.3736401,0.55558085,0.9500526,0.44646466,0.019202782,0.22708227,1.3060147,0.056990664,1.1507262,0.30367061,0.48254135,0.56361055,1.0928636,0.7685939,0.894016,1.1631542,1.1703669,0.10179171,0.55618197,0.36569166,0.428517,0.299224,0.8157255,1.0560298,0.96299446,1.1565602,0.4365594,0.10190325,0.8629426,0.34682548,1.2411282,0.1198412,0.7616142,0.5221368,0.015458681,1.4817797,0.76804453,1.5437043,1.5605725,1.256988,0.35509658,1.4717122,0.8133632,0.045146678,1.0261799,0.14606592,0.30800024,0.50460696,0.40686765,0.6324231,1.6457344,0.04521435,0.5153812,1.1231592,0.02088294,0.12776506,0.9221571,0.3002356,0.8966638,3.2016451,1.1080064,0.15610097,0.06715215,0.33533123,0.1621551,0.94033766,1.239303,0.2958593,0.4378256,1.6148684,0.31549767,1.2433504,0.64047873,0.22422996,0.5036424,0.5826168,0.19925444,1.0109426,0.8338245,0.96350276,0.48444724,0.022210525,0.0128158135,0.5842298,0.10630798,0.79263866,0.8170176,1.8474082,1.2740546,0.7025898,0.048138667,0.75099796,0.3339952,0.05744164,0.92918503,0.012070004,0.9580598,1.4267697,1.8760015,0.1813254,0.5658429,0.73270565,0.5027485,0.14608556,0.49187997,0.19705784,1.6047114,1.3173987,0.8853432,1.8009099,0.53829956,0.591843,0.13193671,0.4708905,3.6564527,0.87758464,0.00759975,0.52397466,0.53767943,0.31410807,0.16192566,0.72119606,2.034305,1.6870335,0.5498944,1.0153556,0.02173037,0.36978135,3.4719265,0.99100316,0.7142893,0.12110311,0.70394045,0.34427902,0.8234435,1.0078844,1.445002,1.2246625,0.6045469,1.309635,1.9876665,0.16800782,0.12936182,0.60418534,1.4932781,0.10882169,2.5020928,0.77660096,0.3516011,0.4338872,0.6152912,0.50381905,1.2187848,1.350854,0.14581604,0.15432374,0.5779297,0.5246317,0.662378,1.291866,0.5451164,0.95542055,0.54242057,0.20950027,0.5240285,0.043795813,1.3735876,0.5205127,0.75747806,0.16277885,1.7062322,0.13888593,0.5605197,0.3884105,0.00042492402,0.3594905,0.8414014,1.5020553,0.23089078,0.8269923,0.48107314,0.712729,0.5741515,0.20095225,0.42308864,0.6700026,0.51024306,0.71505266,0.16946787,1.1614065,0.8396558,0.030906662,0.84459686,0.590269,2.6887517,1.9293051,3.5628848,0.09696312,0.711154,0.9720978,1.1737678,0.5961858,0.2149005,0.93139863,0.2655158,0.067334905,0.19442788,0.7017212,0.70463717,0.20929305,2.2748919,0.3366454,0.15217927,1.2472242,0.6306629,0.28947818,0.6198901,0.8257461,0.9230151,0.013666185,0.43179896,1.0738019,0.7377074,1.2147977,0.32964337,0.45535627,1.056646,2.0903983,0.92530495,0.5924826,0.55592877,0.5508832,0.79816747,0.3945369,0.9479233,0.7708415,0.20669232,1.3779293,1.800049,0.12605767,0.17790006,0.8227471,0.2622753,0.3382854,0.3001151,1.2341567,0.33331037,2.0156543,0.19893113,0.6188461,1.329479,0.48954728,0.27681452,0.95299333,0.7707159,0.27418998,1.7868377,1.4048901,1.2971423,0.0469728,1.5295289,1.176329,0.5947946,0.81639785,0.8567312,0.083867244,1.1055539,0.49160957,0.5485804,0.21243986,1.4892387,0.48843423,1.1016033,1.0664499,0.24787645,0.78827935,0.2413037,0.035732545,1.7472633,0.69540817,0.8297218,0.735498,0.3858542,0.6840107,0.14841577,0.41108415,0.5696831,1.2643789,0.72503597,0.28537998,0.9237567,1.6019523,0.74017674,0.98509014,0.04294267,0.5938655,1.4409837,0.3901788,0.39395106,0.5967963,0.3499727,0.5563089,0.41170222,0.33336887,0.035131246,0.053396694,0.18380564,0.12374974,0.12217457,0.27683625,0.8143461,3.077963,0.3489839,2.0492666,0.52820486,0.710313,0.6809675,0.56954104,0.3327712,0.14069977,0.21808906,0.2343827,all_pothole_images\pothole_images_enhanced_cab373c5adc562236dc5e8143ae0027a.jpg
0.24204086,0.8832936,0.70661926,1.5480468,0.003340179,0.0,0.090784244,0.0043038,0.66381615,0.69563943,0.3461861,0.9268525,0.0,1.8262253,0.006002685,0.5509085,0.14154059,0.051019974,0.28642395,0.052744854,0.7248249,0.81846786,0.7360627,0.7338764,1.1504691,0.40754345,0.18416081,2.627231,0.074779734,0.78387225,0.0,0.061848707,0.16345824,0.51408195,0.2966181,0.41352075,0.049857702,0.78111446,0.43304956,0.16866264,0.052436322,0.21426874,0.20012045,0.020575197,0.19735162,0.03644129,0.35280624,0.21151112,0.7188406,0.155761,0.07724897,0.53061634,0.69625115,0.1557101,0.25781024,1.4309424,0.7855799,0.10079726,0.21817973,0.20490952,0.0,0.09034163,0.5119941,0.15942588,0.14691013,0.2437068,0.073141575,0.0025474648,0.0,0.044320095,0.55349886,0.037150603,0.40660518,0.052582446,0.6358798,0.09519062,0.48494104,0.42547676,0.0,0.0,0.32902297,0.40082097,0.7633217,2.0677602,0.41167304,0.08037759,0.17108205,0.0008270833,1.4068431,0.35625654,0.12487963,0.24535091,0.60269153,0.9169175,0.7164964,0.009533855,0.28430787,0.9664841,0.23451528,0.33622384,0.8278947,1.3499111,0.21847849,0.37696922,0.58514994,0.02564202,0.27691048,0.518115,0.0,0.917968,0.8828381,2.003874,0.66824245,0.19651906,0.24286562,0.34314552,0.0,0.15802589,1.2105385,0.43400195,2.1094959,0.0,0.0033933586,1.9907308,1.2501737,0.97081614,2.0772953,0.12266723,0.19595675,0.58248794,0.011981044,0.02368293,0.014813298,0.8802635,1.5865957,0.6806868,0.12186116,0.37269223,0.008761541,0.0047375425,0.45053956,0.09554969,0.31753233,0.8377192,0.0106567005,0.0045880456,0.03882354,0.117153026,0.5880787,0.05122128,0.2607451,0.2062099,0.42017698,0.12697172,1.3243123,0.066273436,0.010248873,0.7512154,0.31271267,1.0480078,1.6811955,0.88106006,0.040029403,0.7097954,0.4490219,0.29712036,0.23689258,0.0033418597,2.141599,2.6997018,0.066689305,0.0,0.4282511,0.00711836,0.22268061,0.060363166,0.3192973,0.013835693,0.16923791,0.1961688,0.18480456,2.3639896,1.1728,0.2603149,3.5716538,1.3630239,0.041793205,0.5366601,0.77311194,0.111135595,0.3841067,0.16192037,0.30996835,0.32238477,0.88104683,0.011380551,1.1021593,1.3119166,1.2031287,0.810159,0.3685457,1.3245875,0.0,0.16144195,1.1142695,0.6884652,0.0026903101,0.22458065,0.99392825,0.96275306,0.0,0.001295686,0.98701584,0.13144276,1.3159852,0.99237674,0.31198975,0.043246474,0.121260025,0.23369986,0.21290451,0.091399156,0.8981631,0.88944304,0.0,0.0,1.7032359,0.0047787977,3.965094,0.021672394,0.32837185,0.021041457,0.1621464,0.51148814,0.32511503,0.46872452,0.26648802,0.005492826,0.11995627,0.012112399,0.3492342,0.16417973,0.010568813,0.03268632,0.08090733,0.0,0.20235828,0.029680297,0.8361438,7.54131,1.8132972,0.78836465,0.04988589,0.01040378,0.09864998,0.18217531,0.76824045,0.6116512,0.41986558,1.395552,1.1761538,0.61077213,0.9433747,0.34258354,0.21505842,0.93226093,0.15083303,0.7824601,2.0072238,0.3836187,0.44480506,0.015297556,0.7336713,0.6199671,0.25566342,0.2503477,0.06654535,0.52513486,0.0,0.7606519,0.3334676,0.8765733,0.587274,0.06652138,0.3463628,0.7383556,0.6349185,0.29048494,0.29964972,0.0,0.0,0.053638447,0.031952396,2.1586547,0.9256826,2.138097,0.31180248,0.42924818,0.024196992,4.9678555,0.021973334,0.53858703,0.004598435,0.07323113,4.099649,0.403574,0.6337426,0.04801743,0.58872014,0.17389475,0.013082258,0.1585835,4.9535956,4.0386906,0.102281325,0.66402406,0.042636074,0.46024463,4.804428,1.3280138,0.7696526,0.0,0.63602144,0.47572672,0.23550543,0.52967244,0.6341808,0.009221438,0.8753515,0.04770311,3.117691,0.187426,0.024699124,0.16586426,0.3396579,0.009017219,2.026127,0.8094664,0.19193792,0.802405,1.4484823,0.13779368,3.6622825,0.84638554,0.9988409,0.48902658,0.6736618,0.4786765,0.42229298,0.18240747,0.2301176,0.22316559,0.14770699,1.0450281,0.39810395,0.44198817,0.0,0.28799647,0.19566242,0.6815066,0.27223748,0.072676554,0.30663294,0.4721402,0.0,0.0,0.26516753,0.28863117,0.6493265,0.11357703,0.18539502,0.61651725,0.019689377,0.24060237,0.4493948,0.28213632,0.0015083001,0.84088844,0.93132466,1.334311,0.06652384,0.032278474,0.24946912,0.43166825,3.1139581,0.22890294,1.1809907,1.1730735,0.07705272,1.7825221,0.6059983,0.34600514,0.011823082,1.2224302,0.0,0.77156883,0.11089634,1.0343169,0.034070488,0.029804312,1.0295808,0.5287609,0.3753606,0.44125637,0.30535582,0.0,0.09148709,0.33976498,0.9915078,0.56976193,0.0,0.0,0.08123852,0.33886176,0.17492948,1.0758653,0.98720354,0.47088185,2.0203314,0.6532667,0.716463,0.30045724,1.0171882,0.21313283,1.80704,0.15410468,1.1692009,0.40022263,1.3453803,0.14519127,0.7478236,0.21924968,0.0063528568,0.2655797,0.41150525,2.1969006,0.93258876,1.9276552,1.5745311,0.36697465,0.15038872,0.41571552,0.012542782,0.0,0.09738264,0.09676991,0.1726751,0.041206587,0.004518469,2.0248907,1.8616488,0.15973982,1.746208,0.18586078,0.99380225,0.90148926,1.426377,0.013757932,0.029810695,1.1640857,0.86477363,0.0,0.07529881,0.014248156,0.9456096,0.57444924,0.0302825,0.048271935,0.034609213,0.4144342,1.5429603,0.9369434,0.07563666,0.056716524,1.2837278,0.030291377,0.5150903,0.34789732,0.31752422,0.02891753,1.5341026,0.21619831,0.7897191,1.5906581,0.26414725,0.17192346,0.20693983,0.0,0.6257489,0.0,0.2478398,3.4824963,0.13497904,0.006653991,0.01030997,0.1258671,0.13593464,0.044929743,0.0016794101,0.0,0.06458183,2.9776561,0.79275495,1.0161577,0.15415797,2.3184175,0.3682904,0.51665324,1.1826545,0.007810972,0.48045418,0.0042900373,all_pothole_images\pothole_images_enhanced_cade2f99c43d305352f2120d3c64e305.jpg
0.9527747,0.5107704,0.36573917,1.3286376,0.07184112,0.03833959,0.22687067,0.0,0.16908015,1.0979569,0.47746864,0.77044564,0.0,0.24673355,0.16950238,0.5602928,0.02941554,0.4444751,0.04275894,0.4072576,0.23155378,0.7773125,0.83589864,0.9924579,0.8160634,1.1113791,0.28349912,2.707854,0.33328122,0.054016486,0.010508718,0.021992844,0.30676958,0.24359909,0.14065734,0.20858784,0.098397896,0.57631564,0.05642219,0.0440997,0.0,0.47949603,0.57702726,1.4607592,0.48714042,0.047106624,0.21101749,0.16020969,0.4667445,0.013696229,0.30366805,0.5962167,0.14199235,0.6018726,0.36707515,0.40482274,2.282219,0.0,0.16905937,0.09487479,0.030103527,0.43962738,1.2031516,0.9146283,0.4230858,0.2944939,0.37311873,0.048841562,0.00032952905,0.09488722,0.32433385,0.5010542,0.2776812,0.19343488,0.34736204,0.51954067,0.02371139,0.3550545,0.0,0.08244261,0.030694194,0.08503546,0.6994367,2.702213,0.035199866,0.03579301,0.37086517,0.0,1.9801934,0.37614658,0.06193699,0.243299,0.026374023,0.0041143596,0.24558103,0.007116978,0.013689621,2.0219731,0.19430682,0.22883862,0.10822298,2.1588013,0.4402873,0.0,0.06390629,0.0,0.14717248,0.5929428,0.18610601,0.28038844,0.06923623,1.4545752,0.12878221,0.023514977,0.2777771,0.13275917,0.057025824,0.0012956049,1.9309816,0.4172343,1.2723194,0.037975345,0.0,1.0883118,1.0449334,0.98252493,1.534787,0.016066626,0.04741434,0.0,0.0061632157,0.087577105,0.039795097,0.042792264,0.21612892,0.27322605,0.08924505,0.031404465,0.8463787,0.05139214,0.15787318,0.1522805,0.072310455,0.4224641,0.020717796,0.41681126,0.0,0.026511697,0.037576422,0.7013434,0.69634306,0.54335564,0.006770379,0.00076666556,0.6063971,0.025394896,0.4279167,0.17272104,0.8741413,0.11499461,0.13305235,0.917444,0.06683621,1.031141,0.19974163,0.14799921,1.1544195,0.0022658496,0.34294578,1.3470017,0.21819277,0.058001105,0.2949534,0.0,0.09538156,0.0006048633,0.31320658,0.006840017,0.55393255,0.0026279136,0.024939388,0.48572126,1.4810538,0.42578903,1.7949941,0.0043197935,0.09834532,0.20413335,0.61379725,0.4064143,0.06857003,0.04519574,0.00654343,0.45237598,0.5272186,0.0,0.6919678,0.09850407,1.0521377,0.2863676,0.0011324469,0.13277619,0.06954181,0.11537127,0.3255633,0.19848785,0.38206995,0.0803363,1.854381,0.25763363,0.0019464325,0.29102886,0.41456556,0.95422417,0.24624342,0.9228194,0.20139952,0.02386493,0.35938382,0.22366597,1.3224887,0.034129187,0.58453405,0.40675563,0.0,0.074241266,1.437798,0.015387938,2.0376353,1.1716996,0.2744389,0.038722213,0.30743244,0.0061590243,0.5147728,0.0,1.762405,0.06088039,0.0031512117,0.007991065,0.3420925,0.3138683,0.10255121,0.005958295,0.05342645,0.0,0.6360018,0.09236967,0.29573324,4.5887556,1.3599865,0.12271646,0.0,0.18124186,0.004880012,0.26466858,0.3763639,0.008550036,0.5268307,2.999708,0.0,0.029217165,0.07943611,0.27366683,0.016456181,0.057429265,0.3085077,0.05071349,0.86044574,0.046580363,0.3510933,0.0,0.2396185,0.0,0.6491889,1.5616562,0.26383495,0.07791118,3.7994527e-05,0.22017907,0.586229,0.5193016,0.601673,0.092840485,0.15587825,0.0,0.89907026,0.020607939,0.5944843,0.1577714,0.028008556,0.69196165,0.06578983,0.57186836,0.0020988628,1.5630352,0.06910353,0.845189,0.17247114,2.0828748,0.27811965,0.53805506,0.011153868,0.025509087,6.4043803,0.23589073,0.10766282,0.017503718,0.024096902,0.5066192,0.008155078,0.5704067,3.6693587,1.5121602,0.17594661,0.54888344,0.15581188,0.8503338,3.6471624,0.24573241,0.004949936,0.12883918,0.111748025,0.0018309838,0.15196608,0.11143875,0.49388784,0.0037546626,0.61705756,0.14502487,2.058369,0.0,0.016901812,0.25274754,0.0010053957,0.1284407,2.54016,0.787365,0.014259721,0.6306448,0.54373646,0.09705812,1.8645159,0.024007877,0.14658734,0.21447386,0.4915395,0.23077916,0.39463454,0.05634618,0.026747944,0.42284214,0.119657375,0.12915722,0.24360575,0.000641425,0.06521566,0.96868366,0.016122175,0.28571233,0.089955665,0.57292336,0.36560923,0.61974895,0.0,0.20279646,0.2742223,0.5980022,0.056307722,0.03389543,0.30937794,0.073154695,0.3444526,0.1540585,0.18308571,0.14212763,0.0011523464,0.015534398,0.0063225753,0.17222469,0.4146747,0.0,0.14990845,0.6488719,2.5662928,0.43207532,2.464984,0.06217569,0.3063676,0.0857912,0.6598179,0.17500032,0.042864457,0.9513055,0.06000948,0.022659516,0.14626423,0.04485998,0.017990304,0.2863573,0.53867716,0.57573164,0.06551582,0.1257455,0.045751065,0.0025529473,0.1858826,0.92644966,0.5152349,0.4881569,0.04530892,0.057025123,0.0,1.4563222,0.044706218,0.3375101,0.5177272,0.47844562,1.5151038,0.057912946,1.6884102,0.44146577,0.72909474,0.1964126,1.4843633,0.16959509,0.22484398,0.017416641,0.02057499,0.013328274,0.68312544,0.040717103,0.08895187,1.3985265,0.43914357,1.1894116,0.1131389,0.38842526,0.013742363,0.41672096,0.06902231,0.05091523,0.2755947,0.020486038,0.20766897,0.0,0.91903746,0.3211645,0.1436816,0.52674806,3.1613147,0.21978234,0.75331753,0.011522397,0.21619944,0.054864485,0.5634449,0.034475684,0.0,0.11116929,1.5398135,0.002615008,0.49316233,0.16939223,0.6617767,0.31595495,0.01718163,0.05169668,0.13356322,0.7491184,0.4541369,0.33685902,0.06389632,0.22260177,0.5336746,0.15635963,0.21940108,0.14480938,0.15453295,0.0,0.049723085,0.7910881,0.4131173,0.03806947,0.0,0.36855584,0.2740591,0.012983847,0.16907997,0.0,0.11775958,1.2612172,0.09558497,0.5015173,0.027094193,0.07176873,0.2857544,0.0125238355,0.03956283,0.07116645,0.20805588,4.090945,0.17759879,0.15549405,0.21457262,0.9627727,0.0,0.017247273,0.58349305,0.39208478,0.07814887,0.012075605,all_pothole_images\pothole_images_enhanced_cb0330250de7fdff6207f995e509bf73.jpg
1.4464033,0.45893598,0.054298583,0.96961135,0.9967795,0.1527248,0.4417752,0.73494095,0.42626572,1.0921788,0.8645936,0.47926754,0.95472765,3.6867914,0.4426524,0.101617195,1.4839716,0.25831494,2.084027,0.4999999,2.0293188,1.3006855,2.0094843,2.2431476,1.9064094,0.93137956,2.195353,1.2573481,0.32221493,1.1307272,1.3222877,0.48200917,0.643328,0.48788476,1.9080567,0.43761882,0.04727939,1.2653733,0.14493388,0.8912657,0.113927744,0.025260031,0.771404,2.0248723,0.54329705,0.8274053,0.23703466,0.54576296,0.63131714,1.0669395,1.4818372,0.25548515,0.94422615,0.6420804,0.6275813,0.8614712,1.0333134,0.0,2.2622323,0.07816392,0.31684893,0.11745117,0.59290695,0.3563264,1.8720398,1.6861684,0.62314916,0.29643705,0.22391614,0.43473643,0.6054294,0.4937315,0.43424162,0.16581598,1.1565963,0.94783175,0.26611593,1.0785227,0.99575096,0.42868105,0.76776433,0.35772884,0.22510335,0.0,1.4330288,1.8026481,0.056909196,0.45903587,2.0868528,0.0780692,0.27203044,0.33317903,1.2065634,0.40785426,0.124162525,0.62781036,0.97218025,1.0077488,0.54904085,1.7823035,0.107663795,4.3555436,0.10047462,0.5850508,1.6947738,0.7346403,0.92619073,1.4094548,0.07895961,0.56536776,1.1843579,0.90435183,1.4781146,0.96326613,0.9085791,0.31895563,0.70750564,0.5086064,0.62055534,1.4010268,1.0788339,1.4065583,0.56771827,1.348345,0.26537055,0.45410374,0.30716705,0.4725697,0.6146573,0.5483719,0.5285118,0.33316436,0.0964174,0.70488244,0.0,2.884223,0.09537576,1.2577026,0.44207242,0.5798708,0.29860243,0.5710442,0.5937477,1.7927592,0.7800691,1.54454,0.09294669,0.96890306,0.4599171,0.40606415,0.632722,0.49530703,0.33805254,0.12673289,2.5948374,0.18356895,1.2620623,0.57308453,0.2978343,0.60403085,2.7693257,2.2834148,0.3998265,1.9532539,0.36367968,0.326854,1.1599824,0.3658651,0.7463849,1.017913,0.32952213,0.01211813,0.65235883,0.26028267,0.40509254,0.9104429,0.69688225,0.19592464,0.51677483,0.20043953,1.6052487,1.3791984,1.7112077,1.1102462,1.0354717,0.46557358,0.07631762,0.350715,2.2076104,0.028504968,1.9317857,0.90643114,0.91229427,1.5797483,0.18592083,1.871747,0.36477867,1.3442204,0.29916346,1.5387797,0.3330451,1.7379162,0.67853886,1.1185849,0.11640219,0.40462455,0.46485955,0.45053408,0.48775735,0.3197515,0.4041628,0.17079851,0.21047588,0.35892704,0.5566038,0.96746886,2.483826,0.27577645,0.5712696,1.494519,0.6347501,0.02864344,0.8832383,0.77357364,0.20381568,0.84215593,1.3100972,0.7040414,0.1829763,1.4006269,0.8411208,1.0068977,0.9504705,0.5572609,1.8042997,0.35863602,1.5392661,1.4027623,0.2655082,0.17704423,0.71443784,0.19550292,0.42418423,0.5850689,1.0114584,0.0022497515,0.8633264,0.7382669,1.2753102,2.5502286,2.8001444,0.2576617,0.56924397,0.21143812,0.6522708,3.3436782,0.9920538,0.46984333,0.41311142,2.3129935,1.3926883,0.7662811,1.3188009,0.3590363,0.31614032,0.4891007,0.5769387,0.85840434,0.21837406,0.1900722,0.12956472,0.05157854,1.202319,1.9675201,0.21075726,0.16980428,1.1957784,0.14161111,0.43472555,1.0599049,1.4403689,0.67697597,0.98391813,2.4413738,1.856774,1.4077967,1.2404418,1.0021021,2.1596794,0.07683849,1.5340996,0.4832781,0.12104271,1.2773169,0.20559026,0.059032,0.8230559,0.33536997,0.0,2.2223291,0.6111641,0.14078392,0.3999232,0.0,2.4064772,0.9779725,0.0,0.7747312,0.62467736,0.14149104,1.878985,2.7525995,0.96159315,1.7693706,0.5110007,0.656538,0.6674751,0.95317334,0.33743036,0.13946255,0.6070873,0.69099176,0.002438926,0.5205404,1.3860453,1.2812947,0.29250488,0.76871175,0.21269286,0.6286287,0.88800174,1.1227071,0.1035817,0.9883036,0.8242167,1.1420912,0.45369586,1.7508054,1.1836898,0.6172589,1.986467,2.0880969,0.28149384,0.9198772,1.5232068,0.3072768,2.021869,0.3954422,0.2962388,0.5323655,0.15287574,0.2772137,1.4474006,1.0328729,0.58767086,0.939982,0.5560558,0.4620736,1.6095988,0.118537605,1.2489932,0.91348934,0.27744552,0.70615727,0.0076016802,0.0,1.0048239,1.4970669,0.8794637,0.5559329,0.51500595,1.4290503,0.6895351,0.37763086,0.90870416,1.3941401,0.58444583,0.0999337,0.028977547,0.45168445,2.473699,1.1047916,0.5567018,0.066907,1.7486254,2.0270116,1.9234731,2.3105476,0.017777031,3.3616133,0.4902639,0.41369113,0.5247458,1.4382888,0.6468263,0.057970636,1.5029739,0.28046885,0.81954074,0.32770836,0.046951868,0.50338763,0.37281615,1.1385468,0.45431843,0.6425859,1.128477,0.9159226,0.21412621,0.7580342,0.6328467,0.47395337,0.042270172,1.5203356,0.1354803,0.45257482,0.37258178,2.5186608,0.84016377,0.021276534,1.4882305,1.6017842,2.7106936,3.1601424,2.30088,0.83541554,3.04686,2.1197174,1.8913913,0.53383434,0.0,2.098352,1.7425839,2.4410918,1.2128713,1.8255961,0.094873436,1.3127809,0.0006204768,0.06669036,1.5641704,0.35474437,0.14498621,0.15338792,0.15841742,0.7439582,1.3813792,0.12493396,1.4434428,0.7817221,0.19244011,0.01827609,0.00605691,0.55594,0.41161782,0.67304915,1.0044408,0.3487442,0.44634616,0.9321277,1.2303774,0.96810395,0.7968837,0.716982,0.1299758,1.9435716,0.41425592,0.14937988,0.7510907,0.3378296,0.69873196,0.9939874,1.5179639,1.6101077,1.8964342,0.05895774,0.1642393,0.9304489,1.020728,0.37911052,2.5497131,1.9086123,0.7656209,1.6266818,0.59772563,0.51445615,0.67004704,0.89378625,1.1608331,0.06954531,0.2445578,1.4753072,0.7798127,0.034154277,0.5880383,0.0066817203,0.8324957,0.06798944,0.6377301,0.23294355,1.2019882,0.68960065,0.47815025,0.22631808,1.5128143,0.0,1.1996197,0.873284,0.06461671,1.4231324,1.1279342,0.7324746,all_pothole_images\pothole_images_enhanced_cb11c649b5e0fdf18ecfc9be2aa6abb5.jpg
0.92337984,1.1277616,0.67571956,1.1431705,0.54381293,0.8859007,0.44015852,1.5320603,0.26529285,0.74340904,0.35267732,1.5878258,0.38830152,0.93616515,0.08988312,0.8036515,0.31944948,1.054193,1.0027999,0.06847465,0.4452537,3.1413822,0.9975367,1.6387519,0.1376782,0.20251897,0.10991878,0.53895736,0.06841427,0.34061366,0.55477256,0.25981855,0.08582059,0.7875123,0.34985608,1.0887308,0.5644493,0.56175673,0.57247853,2.4650888,0.52924967,0.011699521,0.051301863,0.47121876,1.2944628,0.80223143,0.03758426,0.6630819,0.60604614,0.47997418,0.3394275,0.111242905,0.41769338,0.017812017,0.010184471,0.5987476,0.290572,0.20967337,0.43137997,0.40642503,0.3304514,0.0039959624,0.119697005,0.31203657,0.085230164,3.374396,1.8214859,0.8728233,0.97694886,0.35971737,0.0221732,0.4570244,0.25164592,0.2308747,0.23232009,1.5734441,0.06987374,0.098613344,0.0,0.44848648,0.16533355,0.09986467,0.59658945,0.8218221,1.1597513,0.13460393,0.47173107,0.5700763,2.0446796,0.26073822,0.21278273,0.16015936,0.123233706,0.38130763,0.1526085,0.107258,1.1726497,0.45609656,0.37900266,0.0389734,0.043987628,1.0197463,0.42534682,0.5538085,0.66481435,0.7247531,0.005884397,0.1832434,0.6295919,1.4007102,0.0,3.3300204,0.4133328,0.9222328,0.54182863,0.14167792,1.0573279,0.22733408,2.0651488,1.0992299,1.7901057,0.9465562,0.04464271,0.46502852,0.05346019,1.5878888,1.0757931,0.21950859,0.17860705,0.13343346,0.50589156,0.003450257,0.5982354,0.12802981,0.46195424,0.33705202,0.05091404,0.7633659,0.562481,0.28174537,0.5874655,0.7489733,0.06776289,1.3881893,0.4044093,0.70181507,0.20948647,1.0817989,0.45137215,0.25285518,0.44872034,0.4515801,0.0,0.016629772,2.3281004,0.40839666,0.3497783,0.41029307,0.37773362,0.32114494,2.477102,0.7240013,0.0,1.1701255,0.5991547,1.415759,0.10846498,0.38069376,1.2867044,1.1346124,0.060117215,0.0,0.010320548,0.094571985,1.339757,0.1605725,0.17145887,0.0,0.03495403,0.2440707,0.017869765,2.505059,1.4613891,0.44871107,1.6801072,1.094162,0.66144353,0.4470735,1.2230707,1.0533569,0.7793817,0.40228355,0.05277618,2.2642627,0.90625083,0.061957035,0.40970334,1.8674052,0.56050515,0.96992195,0.0650351,1.4007696,0.9576922,1.5509669,1.215245,0.01890272,0.29734507,0.24417834,1.7748063,0.076791316,0.05056747,0.39039358,1.4704584,0.37256575,0.08437023,0.064783774,0.7334157,0.14674352,0.5387702,0.11382006,0.5425342,1.1650934,1.0339662,1.3515965,0.49491462,0.052168608,1.9666663,0.073865436,0.14150232,0.23145196,0.012704794,0.64997953,0.4105259,0.0399753,1.0782579,0.031060666,0.4920131,0.043679476,0.1757507,0.27740827,0.94512516,0.6022161,0.007963112,0.018516134,0.12337146,0.015539841,0.3540398,0.04527404,0.53344,4.089167,2.6003704,0.025377413,0.5429298,0.15723206,0.02504758,0.6705015,1.3075832,0.4347936,1.1197047,1.066302,0.06666105,0.0,0.0907355,1.5260713,0.26306382,1.0147731,0.37382293,0.67357415,0.5564068,0.026847152,1.001563,0.06390409,0.013648292,1.3359692,1.6624995,0.68394,0.33224282,0.3697818,0.34576976,0.63590986,0.20613569,0.30190632,0.1539566,0.24096327,0.08037055,0.5561414,0.4523355,0.04441004,0.5199208,0.50801706,0.18759072,0.23495503,0.08872288,1.3376913,0.14705788,1.0533029,0.3585378,2.6541526,0.5724698,0.5382513,0.019253058,0.32681304,0.1879158,1.0884991,3.3261213,0.04533466,0.22810626,0.568007,0.0,0.47323903,0.5279106,0.7604134,3.2572193,1.0943478,0.041158944,1.0091642,0.0033272163,0.66735846,1.6887481,0.6325562,0.45324022,0.11274253,0.08163745,0.0,0.55933243,0.0599155,0.028444117,0.14867525,1.0809046,0.3226851,2.682302,0.772648,0.18737356,0.0,0.078500316,0.62953883,0.53706264,0.12224303,0.05784696,0.3079019,0.34892696,0.96430975,2.2377424,0.25822455,0.043462247,0.76653063,0.11686625,0.42088282,0.3025449,0.3170995,0.31905282,0.57991624,0.925733,0.7948359,0.27826148,0.58978933,0.2064838,1.9141802,0.75891805,0.7838623,0.0034510165,0.03821441,1.5161932,0.16282967,0.0,0.6344978,2.7552247,0.19519947,0.36872393,0.09029351,1.700014,0.76896346,0.3597125,0.102027714,0.69815505,0.058071643,0.03135707,0.5393628,0.40123317,1.033449,0.41306472,0.0133420825,1.2328254,1.1384408,2.6108906,1.0490215,0.4086876,0.002628979,0.22034189,1.0998087,1.1192508,1.7545482,0.1501221,0.19007881,0.42145744,0.38215956,0.73430663,1.370844,0.10981626,0.32864854,3.5729823,1.5791936,0.18742724,0.8938152,0.28285405,0.309258,0.3520811,1.0204909,0.0,0.009105646,0.4710507,1.1557037,0.25071773,0.92802507,0.0,0.067210674,0.40374565,0.101178974,0.438999,0.12285503,0.81093407,0.4067472,0.82603055,2.0123045,1.134521,0.4120315,0.38703614,0.9563754,0.6449549,0.5880587,0.4637767,0.42775196,0.03473746,1.722013,0.50228673,3.5447116,1.0545155,0.09144031,0.19357678,0.38014975,0.46619338,0.36826795,0.14991371,0.046632882,1.4988241,0.08859593,0.50409985,0.73240733,0.10660338,1.3436726,0.75700265,0.14310169,1.020328,1.0475603,1.0519723,1.641719,1.4111292,0.8545439,1.0238434,1.3754153,0.49191275,0.33662406,1.1398485,0.32649872,0.30418757,0.11794985,0.0051104426,0.0,0.2171262,0.5665253,1.228029,0.77498114,0.00019858032,0.040191412,0.21673425,0.057665117,0.4618058,1.1959151,0.9816821,0.17837778,0.2924122,1.7278672,0.39577758,0.63361025,0.01690504,0.45306984,0.20099464,0.37139374,0.7657497,0.059327036,1.0048925,1.0179242,0.23647222,0.0,0.22191998,0.2741043,0.25045606,0.3676799,0.4039931,1.2553738,0.12768742,4.237078,0.51585126,0.03880436,0.18575007,0.7412095,0.03420098,0.13303925,0.8008028,1.9053808,0.77193475,0.35161692,all_pothole_images\pothole_images_enhanced_cb23f41fb600cafc447e28d71659127e.jpg
1.2192967,0.24185531,0.105022624,2.1379683,0.7361285,0.4592892,1.44266,0.01990333,0.52399766,0.6003543,0.38524058,0.19444393,0.533932,2.418649,0.5880733,0.73933953,0.22900012,1.3768786,0.4059343,0.3667771,2.407593,0.17923336,0.64676344,1.0825855,0.69060755,0.57080233,0.37349916,1.6195015,0.29544172,1.0938311,0.09858529,0.28013602,0.13021061,1.7031453,0.24028692,1.153249,0.12775138,0.48980758,0.47486767,0.0060924035,0.4999412,1.0048834,0.6719349,2.1285863,0.7173647,1.3968325,1.2453933,0.62782896,0.28194854,1.1975805,1.8257433,0.25346544,1.03618,0.68585396,0.698256,3.0828292,0.10849801,0.53224134,0.6011618,0.04730265,1.2171707,0.7201187,0.5234722,1.3504354,0.6668662,1.2972313,1.2407104,0.19720517,0.24233258,1.7299461,0.88689303,0.0888739,0.46656945,0.5595861,0.2295042,0.27910206,1.0056314,1.1330408,0.33919463,0.13625592,0.52027005,0.6399853,0.6851478,0.50686145,0.6461084,1.575403,0.3846724,0.91647184,1.1011662,0.24755326,0.5183062,0.0866162,0.039236624,1.4836665,1.2878083,2.0443714,0.0,1.5010728,0.005427962,0.782352,0.51066554,0.05729467,0.511712,0.28606653,0.90340024,0.640668,0.32749748,0.26280385,0.07980865,0.5917393,0.6050611,0.47210988,0.7742854,0.69196886,1.189346,0.062200483,0.33554956,0.28399032,0.730598,1.2357452,1.6604321,0.22583213,0.34441933,1.1194396,0.10145179,0.8832771,0.93369627,1.3511633,0.70314723,0.7753673,1.0631831,0.18892847,0.4550413,0.29525593,1.1396202,0.7944576,2.0416472,1.1644205,0.38181636,0.05977892,1.1561584,0.4269796,1.1865178,0.6815849,1.0609809,1.8440106,0.75842625,0.6540312,0.11722649,0.68353504,1.7336266,1.7433023,0.77080613,0.026521605,1.127482,2.785885,0.9120747,2.7717578,1.0776056,0.9322088,2.106774,0.70108235,0.08334945,0.14460674,0.5843902,1.9786177,1.1635617,0.5936288,3.04383,1.9508009,0.49566314,0.085105166,0.043704465,2.3591208,0.40055764,3.5538812,0.2689918,0.5202148,1.3848854,1.0021394,0.08256099,1.4256074,0.06221161,1.789817,0.5832189,0.059211925,0.29827753,1.4524815,0.22061636,1.2008151,0.59807897,0.45912877,1.706867,0.47096443,0.3444416,0.2303504,3.1869037,0.42869332,0.28773877,0.56673723,0.8418229,1.1322281,0.7941863,0.20736976,1.3745575,0.4544005,1.8362582,0.64066297,2.0219176,1.6799301,0.0,0.111561246,0.061685726,0.95387685,2.2044225,2.642646,0.5947039,1.6552613,2.6477013,0.25744134,0.05969609,0.16097195,0.18054625,0.219324,0.01329361,0.5369615,0.19117573,3.2108648,4.9992995,0.15468913,0.8865937,0.7052543,0.9965159,0.31652316,0.3778447,0.029647129,1.4392712,0.7752173,0.015604335,0.13400477,0.11171043,0.048100602,0.042652417,1.1519396,0.80945927,0.30727413,0.28004372,0.27013397,1.6850979,3.860605,0.5408925,1.0942689,0.26534525,0.105004825,1.559008,1.2333412,0.82217157,0.1341938,0.16600752,2.163289,0.43477377,1.3267611,0.6847972,0.45211053,1.0865403,0.62478,0.06328792,0.32779667,2.2004762,0.43967125,0.3769988,0.71485305,1.0077566,0.56385416,0.17922729,0.59422636,0.022209965,0.93592614,2.141712,0.41259682,1.1743909,0.23658577,0.1878624,0.68903536,1.8975855,0.17705764,2.3570201,0.10170722,0.44220665,0.2916121,0.041941155,1.417595,1.0192926,0.17818688,0.16598822,0.40675145,1.5199902,0.28257835,0.358428,3.5213313,0.9783703,0.7154723,1.8143382,0.37480634,4.2435546,0.67904943,0.08973582,0.044150148,0.31893373,0.5120486,1.8203549,0.3145046,1.0166167,1.6746699,1.2430936,1.4211828,1.4346352,0.85065037,3.7607985,0.0020301312,1.2866567,0.29766068,0.6222235,1.7053032,0.21467419,1.9214655,1.0419303,0.20859937,0.6905401,0.007704827,0.70791703,0.0,0.28641433,0.50518924,0.005787784,0.001420789,1.4889956,1.404446,0.55325747,0.5517242,0.76366615,0.520483,2.6499004,1.7982464,0.022757024,0.5796482,1.9869105,1.1510082,0.46639228,0.22844028,0.46590346,1.043797,0.58668953,0.17633091,0.018713523,0.4000413,0.023228673,2.7987294,0.18756086,0.51326025,0.6904045,1.4450758,0.8075633,0.8670642,0.15510014,0.025946792,0.32981426,0.0013661571,1.2682087,0.26084337,0.1815235,0.7644831,1.0883179,0.6858083,0.34429106,0.39689285,0.23420908,0.26157382,0.49011385,0.9649454,0.99151284,0.46135652,0.16726844,0.2762898,0.85978675,1.9191256,1.990708,1.2604766,0.44382864,0.07413323,0.017917251,0.23494345,0.06438946,0.5184853,0.0040099896,0.30028272,1.2402374,0.77502364,1.3472056,1.5180786,0.024716403,1.1814307,0.017453196,0.06720466,1.188019,0.037506092,0.36150616,0.3299829,0.25670856,0.53208435,3.7524283,0.052024987,0.3940291,0.3572238,0.76007617,0.4369057,0.77475786,0.593094,0.77907664,0.85783696,0.81045204,1.4690346,0.62392753,1.6733497,2.2623158,0.032760385,1.4044273,2.8743248,1.8982388,0.55102676,0.44423717,0.098772146,1.3355423,0.9934456,1.0126274,0.15144397,0.24700347,0.5042596,0.018979082,0.54743403,1.5890077,0.123130016,0.020301959,0.44071415,1.3118918,0.037919194,1.0037338,2.4779575,0.85374177,0.76345074,1.3689784,0.4023161,0.801954,0.14561194,1.5325466,0.96125275,1.0973365,0.040361013,1.1508443,1.9420863,4.326306,0.30023426,2.664891,1.8294743,0.26194856,0.16925858,0.052775595,0.03688941,1.963427,1.0440624,0.3931852,0.32189134,0.11270846,0.36451203,0.6938629,1.6108009,0.6877516,1.5804695,0.0045032757,0.33529025,0.35366318,1.189412,0.39765233,2.1715615,0.5262739,0.19572169,0.26897886,0.07315878,0.46304289,0.38305828,0.3215376,0.22912331,0.124988966,0.90930265,0.94513166,0.7656233,0.061850905,0.047067866,1.3736933,0.1871715,2.0242002,3.2638226,0.1379718,1.9304495,0.82775784,3.5898013,1.4336627,1.8351104,0.18782705,1.8398225,0.0,0.09482295,all_pothole_images\pothole_images_enhanced_cb73675a638a1654152ca43110f46145.jpg
2.0288262,1.5123073,1.6567501,1.1933556,1.4741815,0.83327794,0.31147876,0.11644015,0.24695906,1.4417893,0.83989114,0.28790116,0.94570625,0.08390048,0.3665871,0.49054882,0.77695096,0.20424616,0.87910753,0.2477449,1.3397816,3.5276797,0.68084013,3.3730254,0.35319257,0.2981,0.007756221,1.0144222,0.13951798,0.7106804,0.35358083,0.23525749,1.3984213,1.0490267,0.59315854,1.6236606,1.4143087,2.3992822,0.56882536,2.30475,0.8997767,0.35867634,0.8558042,0.92029697,2.1697237,1.5132996,0.037207145,1.9235222,0.6130348,0.75289637,0.3463453,1.0881807,0.63906264,0.69574165,0.97807574,2.3840468,1.5536245,0.9384723,0.91409785,0.39140686,0.66945374,0.5176269,0.5104447,0.7015996,0.3051834,0.779623,0.9365545,0.9756667,2.6171644,1.1645253,0.3525326,0.65528625,2.1762857,1.5819209,1.1034156,3.9652727,0.50533503,0.13735649,1.0073557,0.18963309,1.7441045,0.640251,1.0324315,1.9365077,1.0782866,0.27393875,0.12117238,0.54614127,4.692977,1.2300605,0.029198712,0.34885913,0.46475798,0.2928742,0.5714895,0.8420125,0.8416801,3.2692945,0.47686565,0.74543494,0.24860223,0.91837335,1.1124046,0.79486364,0.19681226,0.048271198,0.20525655,1.6014552,0.1356541,0.8755043,0.23618826,4.488925,1.6164827,0.7534292,0.49678713,0.5008862,1.8082938,0.4414457,2.2291393,2.2644498,2.9149902,0.34537208,0.055460937,3.5848665,0.21162984,1.6581187,0.33791685,0.49279425,0.25551432,0.40158212,1.2081715,0.027532127,0.049984775,0.87052995,0.58057606,2.7942228,0.40022022,1.4389015,0.7603887,0.74875087,0.14710928,0.5226234,0.28661695,0.942576,0.62722063,0.6706538,1.1229599,0.7063407,0.057401825,1.2132791,0.7753403,0.4922084,0.11843621,0.5322954,2.1158967,0.65956813,1.3921448,0.4362638,1.0886744,1.0038644,0.91119546,0.3370559,0.020591494,0.881217,0.0,0.5635817,0.056211375,0.15230453,1.3839691,0.8540179,0.5078502,0.18739903,0.3717905,1.3065544,1.7665794,0.72879416,0.46554974,0.017249875,0.45664883,0.33219633,0.045462437,2.3004203,0.78356373,4.2116694,0.29663885,1.850074,0.8323649,0.53278875,2.0187938,2.2196407,0.07490666,0.35552418,0.086169355,0.93942165,1.0797312,0.36506373,0.5026173,0.27905515,0.9119373,0.7758245,0.4228363,2.0054412,0.048049122,0.3520664,0.75050986,0.38423422,0.25399682,0.7090938,1.0342376,0.15019028,0.09920096,1.1003262,0.73989743,3.567605,1.397455,0.98286164,0.27680168,0.5561406,2.6607466,0.05551375,0.7948915,0.32355642,0.5369299,2.1399343,0.5099342,0.76633173,1.2940917,0.36032984,1.5860001,0.5691594,0.15244435,1.7131358,1.4270434,0.3123111,0.7523298,0.4968661,0.99044627,0.12663908,0.006749154,0.05621958,0.21308061,0.05854991,0.14568631,0.013894933,0.026999453,0.17699063,0.8876821,0.13122736,0.4102418,0.79523313,0.759095,0.48495373,1.0716583,3.4411542,0.13367914,0.0773145,2.1543124,0.3713225,1.1524938,1.7033681,0.029670624,0.36164334,0.9748379,0.43358922,0.9216817,1.0666981,0.88261336,1.0093216,0.46037257,0.17743848,0.79301965,0.8384061,0.1906709,0.44196656,1.3050147,2.0155983,1.4348227,0.0,0.19778648,0.3412544,0.08118135,0.10516079,0.7392362,0.3956533,0.98341227,0.93617976,1.5947393,0.8993313,0.24486968,0.78185177,0.5296735,1.5048401,0.23199312,0.20767498,0.573861,0.39017138,0.72301733,0.29048407,0.7933661,1.2748194,0.26225725,1.0205877,0.5287929,1.1142594,2.6564384,0.6083378,0.0832491,1.2522902,1.006842,0.8776047,1.0971301,0.7086452,3.9841142,1.4395014,0.16164343,1.9305853,0.706384,3.3857882,0.45716465,0.25305486,1.4774767,0.9773031,0.4239459,0.44959733,0.6985629,1.6266574,1.3889009,0.25706315,1.2209525,0.4372011,1.3676505,0.7435639,0.3007401,0.25081316,0.23419355,1.537764,1.7338396,0.5600662,0.5138804,0.046240028,1.8644936,0.22814411,2.562396,0.0141395405,1.5379689,0.7008469,0.8549258,0.03292583,0.2156998,0.80049646,0.18100722,0.97497153,1.0217355,0.9008601,0.40917158,2.6055858,0.24114572,0.753109,2.2286766,1.2971984,0.40589046,0.2319815,1.5767492,1.0022213,0.14941084,1.3400651,0.45069146,0.025398532,0.059140626,2.0978801,0.80318034,0.53216195,1.7722929,0.22945054,1.4552076,0.23132028,0.9472537,0.6167607,1.4978324,1.1726904,0.1648605,0.10589758,1.8391179,0.95007247,2.6882899,0.8776706,0.9069572,0.14055562,1.5901146,2.6425145,1.58178,1.9527142,0.4549801,0.22735226,0.09917456,0.3465509,1.4383272,0.74911183,0.035882574,0.46999857,1.965672,1.4806963,1.0795344,0.26362756,0.2690303,0.25002256,1.199346,0.7188681,0.9153327,0.23968005,2.7249563,0.4166498,0.58682984,1.8447858,0.46721414,0.62741446,0.83635736,0.66917807,0.76217276,1.3182255,2.7963247,1.3615394,1.6493891,0.4423169,1.9266222,0.046571597,1.1243606,0.5200648,0.33361804,0.90068585,0.4450549,0.07814652,1.4424087,0.3457272,1.4134746,5.186519,1.814509,0.21543868,0.10828082,0.84183735,0.9448652,0.615411,0.09288678,1.9239427,0.43883196,0.23699465,3.3015547,1.2712156,1.0820085,1.6467565,1.898439,0.86833125,2.8990097,1.371133,0.7171266,1.5198257,0.9479909,1.8601781,0.0,0.99469054,0.7075283,1.0884532,2.907778,1.1474276,0.47342765,0.9132702,0.82679695,0.020756565,1.3467724,0.62896955,1.8693885,0.28456628,0.257508,0.7873367,1.6632406,0.55657065,0.0,0.5774215,1.478475,0.797922,1.6221229,3.1602206,0.87296605,0.19956884,0.04986287,0.54951334,0.8895247,1.4395761,0.8948987,0.19805695,1.1243781,1.661267,0.24574466,0.1620482,0.3559227,0.103158034,1.1651943,0.5131462,0.1945942,0.00896213,0.28989658,5.5255837,0.799911,0.5563597,2.589969,1.2006854,0.08779017,1.7317368,0.17171022,1.198556,0.5090671,0.8468517,all_pothole_images\pothole_images_enhanced_cc13dd07009497ba7fa7fa8b1d6b1508.jpg
0.26371598,0.56694144,0.4439756,1.624441,0.6286603,0.7311764,0.20727971,0.0,1.0273633,0.6722736,0.25850096,1.0265434,0.6008537,1.5863206,0.105091296,1.5375826,0.42291424,0.30410922,0.5502619,0.8981063,0.48396367,0.0973392,1.1697003,2.0179746,1.1448811,0.525835,0.79234546,1.6833274,0.029216265,0.29586136,0.03181102,0.11861202,0.36821142,1.5829183,0.20979775,1.1005819,0.13936734,0.25729424,0.13538502,0.5503428,0.7120928,1.6548729,1.747921,0.33352345,0.44304177,0.32614166,1.1607858,0.12626489,1.0119023,0.22502443,1.0322214,0.824681,0.31165737,0.5425158,0.8711571,1.0076402,1.6433703,0.20199095,0.839344,0.9263047,0.4695014,1.3659166,1.7084882,1.3467859,1.6299833,1.1140321,0.70637965,0.22329988,0.6103046,0.47508153,0.37840354,0.11426304,0.549856,0.050942525,1.9292877,0.85796493,0.4169021,0.73512304,0.063531,0.4151636,0.09991226,0.978597,0.28137383,2.2243738,0.36452523,0.71452445,1.3254951,0.6744098,1.8652811,0.07610509,0.08003351,0.7042249,0.56402993,0.7734002,0.13151896,0.9054818,0.43791673,2.3648894,0.16752042,0.5662685,0.22752261,1.7217883,1.411129,0.98185503,0.7288946,0.03473291,1.8835287,0.13305946,0.27258837,0.7655658,1.7417423,1.8969804,0.40925387,0.28673464,1.369124,1.6612681,1.0303148,0.015285516,1.2239534,0.7211823,0.36846083,1.1633234,0.15054882,2.8255737,2.3483355,1.823411,0.7547797,0.2729499,0.13702764,0.029254332,0.301746,0.025234176,0.9758573,0.24625036,0.4308019,0.783146,0.058805794,0.6267512,0.6559525,0.4109992,0.12988013,1.2361314,0.6476643,0.18312933,0.07854993,0.12708488,0.1789875,0.21335317,0.2987727,0.012117292,1.4098241,0.38994956,1.1878016,0.13187048,0.58838654,0.4616514,0.5889997,0.86472476,0.0539582,1.4893275,0.30169398,0.32195336,0.15402637,0.8412384,0.57027537,0.56173813,1.5173823,0.07159771,0.7246601,2.562517,0.8716288,0.035373103,0.11625592,0.078005195,0.47383803,0.4742634,0.36991018,0.61073124,0.32890788,0.217198,0.5189173,0.74770826,0.17141695,1.7395848,2.6456118,0.14764474,0.98190296,0.4960222,2.2211761,2.1395714,1.3260151,0.4488092,0.5338957,0.6636038,0.84231323,1.2326441,4.1175146,2.6433067,1.7236742,0.58441424,0.80902505,0.57083195,0.86139786,0.17945464,0.601747,0.16605939,0.7510448,0.71460694,2.3512583,1.6746452,0.04401266,0.038146917,0.3695465,0.06258073,1.0108333,0.25750634,0.106207594,0.35247412,1.5918294,0.45093653,1.0487297,0.01575424,0.4511813,0.72777426,0.018212277,1.0653839,1.0892467,0.8184225,2.9637547,1.0997423,0.48225152,1.1084236,2.13656,0.05313327,0.86908174,0.27199888,0.93324536,0.0,0.1585462,0.18504195,1.0855852,0.16618755,0.15984061,0.270233,0.3851472,0.2827111,1.4065521,0.57045907,0.83106804,4.884741,1.0919291,1.5493023,0.1143371,0.45030254,0.09347855,0.0012230284,0.47525755,0.24844322,0.34795988,2.6785004,1.0158927,0.5869963,0.20647497,0.7977726,0.24420726,0.25334927,0.3913689,0.47833374,1.4814013,0.0,0.6689356,0.09091303,1.3412874,0.087068506,0.48451477,1.3872932,0.19858648,0.25429937,0.9120312,0.3071467,0.04427827,2.9352517,1.640862,0.8522633,0.45146587,1.3538347,1.5369898,1.6170346,0.24802707,0.1891696,0.24323575,0.39706427,0.59430224,1.8596032,0.64332694,0.16979952,1.5452138,0.9928726,0.10802903,0.5461792,0.07636027,0.21641773,0.35620326,0.3152755,1.8505803,1.7816693,0.29224822,0.06060679,0.6682336,1.3333949,0.28206763,0.27470267,5.804675,1.7208024,0.56362325,0.43634483,0.9076087,0.5276451,4.3390718,0.11735297,1.7475642,1.7628064,0.14538357,0.26124617,0.418335,0.18164542,0.7151472,0.47160435,0.46482635,0.8624278,2.6120646,0.5437671,0.019876653,0.039153177,0.36100674,0.28755435,1.3630329,0.8102089,1.0212239,0.7541091,0.30762556,0.5364573,1.3695785,0.10822581,0.14699954,0.01711968,0.6279177,0.04853328,0.012856218,0.16759397,0.009372283,0.66547644,0.8553017,0.39327788,0.22538076,0.074434765,0.20698623,1.8119334,0.49845257,0.9414553,1.1914655,0.5052383,0.5339682,0.45798194,0.13633908,0.9785871,0.44321176,1.1643203,0.6756786,0.9573523,0.28942177,0.49237886,0.21440895,2.406512,0.9158493,2.793923,0.63329875,0.3238894,0.21806718,1.3412796,1.4121432,0.12329257,0.74363405,0.35220718,1.7461544,0.5702685,3.4520593,0.79629886,1.0521215,0.76366377,1.5670111,0.21376772,0.43633536,0.46379775,0.09441833,1.2165573,0.17635271,0.5448331,0.4264817,0.0039671487,0.28036708,0.5145072,0.03223946,0.251267,1.7937577,0.2124248,0.9191555,0.56447,0.63586956,0.9747813,0.3240624,0.7689939,0.20577618,0.18878129,0.33420116,0.09016332,1.1216582,1.2643561,0.06822415,0.965523,0.33411473,0.25435108,1.4738969,0.4813163,0.07382609,0.448272,0.4427408,0.32220384,0.6969047,0.28349042,1.2153951,0.7090844,0.19977711,0.32676446,0.040494416,0.18074188,0.82224816,0.65402323,0.36261895,1.6371893,0.029953616,0.7834035,1.4135857,0.0,0.44246522,0.3195336,3.5561635,0.58578074,0.18934385,1.120129,2.8236725,0.29762524,0.51679766,0.050838158,1.5271053,1.2426494,1.8454028,0.18368012,0.09574115,0.12866524,0.33169842,0.014012777,0.08910474,0.7550642,1.1748004,1.0584774,0.10925283,0.34887484,0.044206318,0.5023662,0.19596907,0.19151522,0.2109136,0.5524719,0.09239471,0.47549644,0.25206023,0.28717238,0.42507896,0.631521,0.14316536,1.6600292,2.0682595,0.43449906,0.042291243,0.7319474,0.7736803,0.052541837,0.6306094,0.16872098,0.057445657,2.5743241,0.35595194,0.38000378,0.044027947,0.07602499,0.6000141,0.11000762,0.24676883,0.040126342,0.95051885,3.4628813,0.39696074,0.6310389,0.98657256,1.3642287,0.17644204,0.6022317,0.5454348,0.17638686,0.78166837,0.02608568,all_pothole_images\pothole_images_enhanced_cc16b953b4a9da59cc3a2c48fac04a22.jpg
0.66259265,1.5915087,0.849749,2.043417,0.11471534,0.145116,0.698981,0.10179711,0.9610753,0.1889636,0.020397754,0.2352116,0.01779284,0.73801017,0.18652295,0.9888072,0.07302936,0.07818069,0.39883658,0.027605843,0.39260527,1.7545657,0.5490368,1.8024712,0.28164327,0.30521497,0.028802745,0.22312427,0.4061908,0.63059604,0.27483785,0.07100516,0.37760034,0.23380809,0.17736533,1.1372585,0.430734,0.79300034,0.14090201,0.79239655,0.93294555,0.21368034,0.11660782,0.039039675,1.4602764,0.0054085483,0.85415274,0.015802864,1.059428,0.54668754,0.0014407173,0.10796175,0.28901726,0.34498075,0.22659607,0.9289163,1.7413688,0.038375717,1.518096,2.2700057,0.0042877104,0.4039566,0.16395588,0.18075602,0.59836286,2.0527272,0.47128275,0.45315883,0.42927006,0.10770527,0.188999,0.04815415,0.36356953,0.02112838,0.14020166,1.500851,0.57545286,0.45868152,0.058925305,0.44169977,0.07544886,0.47085622,0.21156147,1.1917655,0.104628764,0.7376799,0.0028797996,0.41161352,3.6109898,0.48282108,0.010519023,1.5482732,0.053526185,0.13786916,2.5483155,0.806877,0.6791257,0.78436977,0.06071986,0.5029763,0.02461524,0.53420615,0.028923472,0.3921731,0.77450156,0.04690797,0.075890206,0.22826381,0.057963584,0.68077135,0.0414875,5.6778383,0.9291288,0.9354172,0.5699822,0.4367849,0.07877284,0.23083928,2.5540779,1.1156265,1.6312355,1.1772668,0.09952882,0.76722324,0.056626655,0.23143679,0.04900213,0.3962279,0.42890573,0.09056314,0.28593317,0.14726903,0.22893271,0.11336694,0.07634488,0.6455878,0.05305582,0.083936825,0.07422491,0.050804615,0.1645243,0.9122335,0.030848539,1.2838496,0.0022152506,0.0015206744,0.03203248,0.09808295,0.043384224,0.22925955,0.38425297,0.008030846,0.7033728,0.0042175776,2.40135,0.28735644,0.097817264,1.3848807,0.7560562,0.49912465,1.2088803,0.62529063,0.0,1.6402369,0.4912998,1.3254786,0.0,0.05010804,2.299346,0.19974358,0.00034603517,0.14175314,0.19372393,0.0042612967,1.6871885,0.05814269,1.084701,0.02199437,0.031489156,0.16217174,0.0,3.0331962,1.3648169,1.4770046,2.074553,0.65690666,0.06614833,0.3872387,0.5014824,1.6654167,0.0966811,0.0,0.029586961,1.8678398,0.6867607,0.030580461,0.51162344,3.7847712,0.17940505,1.5361304,0.36664957,1.6993694,0.43495452,0.1065897,1.2605491,0.5530773,0.36845684,0.25261846,1.7422638,1.0093095,0.0,0.0071166405,0.7199774,1.0454754,0.86139065,1.3146685,0.04708863,0.151622,2.0025988,0.59317,0.20066729,0.4574869,1.2862794,2.9481337,0.0009826093,0.3193927,3.405418,0.09687223,0.48355982,0.1548021,0.42541027,0.065837644,0.4556597,0.0,1.2545702,1.2820648,0.3161291,0.19701879,0.29834774,0.18073426,1.1262385,0.9389436,0.82803607,0.08015104,0.0049113105,0.0,0.46439213,0.0051088124,0.100896314,5.7334213,3.639745,0.23867851,0.57413083,0.034322243,0.64436007,0.1079857,1.6068972,0.4989871,1.0812013,1.8153104,0.39675164,0.14645097,0.7804698,1.5761865,0.1877531,3.400636,0.06657389,0.11472302,1.4257045,0.4671031,0.5298605,0.032781165,0.024015848,0.30548042,1.3228211,1.3777354,1.5454382,0.1470375,0.24545711,0.5863992,0.043593396,0.98624945,0.19251162,0.026884913,0.46461716,0.70607686,0.3348474,0.25938085,0.15109004,0.3118768,0.025789078,0.22498359,0.56365865,2.8884087,0.11241449,0.64138037,0.7589333,1.1075811,0.48674318,1.4529816,0.29043043,0.12266531,0.0,1.4314036,1.2310613,0.24897443,0.36790636,1.3453951,0.28131866,0.0,0.9978108,0.5810207,3.9521394,2.4575381,0.18349196,1.3214498,0.0664551,0.86144805,2.8629851,2.0354517,1.0764225,0.0015203223,0.04428884,0.16159086,0.744444,0.6350778,0.28976673,0.02059212,0.3068965,0.6003122,2.5781693,0.6888007,0.09628319,0.01256544,0.043037243,0.4167664,1.4821335,0.30260906,0.13365914,0.10212063,0.9412479,1.6172918,2.7553232,0.42839882,0.74286765,0.6187969,0.35798404,0.023202987,0.1212453,0.19238728,0.6144408,0.5045419,0.36750132,1.2887033,0.76600426,0.6472683,0.060289215,0.37503147,1.0098056,0.46026263,0.10652521,0.16709767,1.1145706,0.18546584,0.0,0.8952317,1.2795488,0.15803458,1.0195084,0.20661521,1.5452873,1.0938138,0.045613755,0.1567949,1.1474968,0.24884173,0.6290513,0.69918805,0.041745394,0.98639303,0.04316532,0.11539678,0.931517,2.2319489,2.72076,0.6625872,1.5279142,0.153881,0.061194524,1.9948802,1.0481775,2.9365296,0.17175187,0.35390356,0.0084449,0.16815399,0.9402926,0.9159102,0.6252811,0.23461011,1.7245857,0.10716546,0.29444078,0.4235592,0.20258695,0.0,0.14802204,0.95498514,0.08795787,0.23542279,0.17665623,0.18052681,1.6396588,0.3894286,0.04222072,0.08939955,3.1009881,0.1815405,0.49768564,0.18569775,0.4521004,0.2784569,0.30097222,1.021981,1.8667973,0.07622486,1.3781612,0.8177479,1.1490983,0.84721607,0.6147311,1.5174682,0.011069556,0.94589245,0.1497471,5.422813,1.9071689,1.3621899,0.67450505,0.84838915,0.09204135,0.3291728,0.19198711,0.0,0.5495484,0.043802347,0.30793217,0.1448738,0.029181862,1.297519,0.7198794,0.15591235,1.1712761,0.22956441,2.01279,1.0014234,2.8366816,0.3793012,1.7107724,2.5811067,0.02156157,0.9021157,1.2932373,0.008075791,0.9103535,0.4981906,0.27882186,0.2750806,0.0,0.9139742,0.27110347,0.047955167,0.1800333,0.04039981,0.52857476,0.16733627,0.061389524,1.6100758,0.3681889,0.54238355,2.7635765,1.0666654,1.0474801,1.1852115,0.01574562,1.521201,1.1484616,0.33263722,2.0056303,0.0,0.68918216,1.6005133,0.083998084,0.0,0.10237622,0.039014563,0.53979677,0.13977204,0.024092931,0.35900158,0.055130992,6.6771007,0.75861686,0.16155104,0.08535479,1.6422241,0.0,1.767996,0.21109658,1.1964295,1.0405931,0.0070871357,all_pothole_images\pothole_images_enhanced_cc2376ed9d8ab8f9559b6b38025bd1d2.jpg
0.56219476,1.2677292,1.0843037,0.6135579,0.16328463,1.0234537,1.1278844,0.42980933,0.17354876,1.170477,0.48720685,0.2086192,0.7875481,1.0494156,0.58520937,0.9476706,0.17110169,0.6581246,0.58331907,0.025500484,0.2764984,1.6275748,0.17983681,1.2696484,0.25295976,0.17128263,0.1943374,0.46963936,0.37387624,0.6412565,1.0673296,0.37753224,0.14823283,0.43870914,0.70445037,0.90844494,2.9963982,0.42167014,2.2055523,0.12493188,0.0058035203,0.015849123,0.12740475,2.9711506,0.4487905,0.108411506,0.22931953,0.033314362,0.2865916,0.7531301,0.729817,0.5809295,0.3562473,0.38458157,0.03286009,0.68035275,1.5080688,1.2473878,1.2058722,0.2835996,0.83104604,0.1650305,0.403005,0.5664004,0.4536427,0.48857993,1.77055,0.045029704,0.18770199,0.4670279,0.22312246,0.6921239,0.26489663,0.6634543,0.38588515,0.4081634,0.45609018,0.30514055,0.49956423,0.10436669,0.032924294,1.7575237,0.065614514,0.8121554,0.67152613,0.6955808,0.11385244,0.82845855,0.6795396,0.24422532,1.3071474,0.27936944,0.33118325,0.36257708,1.2679563,0.19724664,2.907456,0.22914882,0.8236193,0.003855132,0.17970908,0.6609727,0.28553548,0.41525882,0.93041664,2.177823,0.0,0.027222097,0.28467634,0.31254882,0.100189224,1.9739416,0.7923018,0.45889905,0.4926373,0.0055820276,3.6542687,1.3280096,0.48153955,0.4069746,1.3772237,1.4420936,0.5919319,0.11618596,0.3186865,0.7136257,1.1098516,0.05354879,2.8965466,0.31205022,0.48182985,0.03635143,0.6052681,0.20382531,0.16776735,1.564848,0.31359443,0.39913204,0.79962385,0.0525329,0.8179427,1.093666,0.67021406,1.2414247,0.34614116,1.5347698,0.3707308,0.48946348,0.24870111,0.83848757,0.10484063,0.30154845,0.17719194,0.29882377,0.60507953,1.1334043,0.3913548,0.21057206,0.41446418,1.7378445,5.06567,2.0410886,0.20181642,3.597402,0.24212497,0.16436434,1.4770365,0.6336516,0.2898076,0.46243963,0.13259989,0.037338555,0.29601967,0.36546558,0.6828172,0.38596094,0.6223742,0.0,0.33445683,0.021508565,0.14810354,0.94544065,0.7658041,0.31039542,1.1963913,0.64816874,0.52462244,0.07851231,0.43609637,1.0186878,0.5462085,0.7997231,1.1798086,1.853833,0.21161164,0.8046256,0.060439046,0.6673702,0.41814187,1.2305862,0.06399769,0.7183538,2.6556473,0.16401112,1.1436794,0.36527625,0.70347327,0.64318925,0.1678809,0.17758185,0.031105367,0.19326153,1.0267036,0.537712,0.49137273,1.259428,0.56346786,0.6591845,0.9705355,0.4016206,0.8247561,0.75033444,0.62339395,0.34653908,0.0,1.0034183,0.77104694,0.2849818,0.0119649945,0.19985634,0.41259807,0.14714876,0.7941458,0.3088557,1.0272652,0.10641815,1.0284283,0.46442363,0.36492893,0.8778247,0.16298638,0.059660964,0.6474267,0.3280913,0.3425006,0.06537697,0.9348727,0.31974322,1.260078,1.4553213,0.10104076,0.047580075,0.60914826,0.15439147,0.65983534,0.47118366,1.8190074,0.4388223,0.3650687,0.956147,0.021953836,0.2739453,1.2691431,0.22615544,1.3089132,0.8455557,0.09730614,0.9177565,1.7996411,0.3730629,0.78817916,0.744474,0.20175242,0.3548458,0.21210308,1.3001243,3.6227143,0.5450577,0.506211,1.106254,1.0943438,0.28782094,0.04093523,0.8644558,0.34190077,0.20278616,1.3337928,0.5493379,1.0097008,0.29117244,1.2244476,0.1087491,0.039247982,1.0667088,0.84531945,0.053892024,0.46870437,0.83037597,1.323518,0.55603564,1.0343983,0.22848162,0.3088517,0.10605839,3.9782307,0.13314246,0.034102157,0.6167504,0.45465297,0.62253237,0.56770754,1.5417964,0.933563,0.37723237,0.40203452,0.12688677,0.2818328,0.20334555,0.9175387,0.00030243822,0.5378915,0.5748255,0.10056802,0.12985267,0.84479624,1.3074005,1.3471252,0.55963975,0.1690775,0.31165454,1.6750038,0.073849946,0.75262433,0.18215555,0.20079818,0.37665346,1.2077727,0.075626455,0.07801288,0.040607642,0.15840682,1.2922585,0.7952503,1.0448946,0.2417412,0.7341701,0.03821203,0.24602519,0.2658494,1.3329784,0.2986185,0.50524145,0.3310308,0.6114731,0.16085164,0.31203207,0.67337114,0.3928606,0.34483668,0.61865985,0.27692723,0.4886434,0.7416886,0.6354133,0.5383451,0.12731849,1.4109889,0.6120837,1.3506496,0.111591764,0.5700266,0.27318358,0.074487604,0.91581345,1.7966682,0.40737128,0.49284858,0.26308468,1.026636,0.41092485,0.110465504,0.2832885,2.0860596,0.7511411,1.1805165,0.7362455,0.9495418,0.092737734,0.32419038,1.8385276,1.5941871,1.1599032,0.19513874,0.40959606,0.5328734,0.14330028,0.47873104,0.74604386,1.2467289,0.04189932,2.374572,0.40627357,0.09446275,0.9924864,0.037751913,0.0,2.0015857,0.3179849,0.02481951,0.43025926,0.36385742,0.33429682,0.29830545,0.3649904,0.0897788,0.3924108,0.47842678,0.49575222,0.18877017,0.08940353,0.7456112,0.24670684,0.5967363,1.2408426,1.4328699,0.6805904,0.64931005,1.0811265,0.14980325,0.7932258,0.21361211,2.3070812,0.7690962,0.99276114,0.519363,2.2930233,0.88404375,0.33216628,0.45645276,0.95987016,0.13933185,1.1052467,0.5321702,1.919025,0.20338364,0.6327222,1.0834676,0.1287564,0.3471288,0.34631428,0.8072189,0.7963109,1.1732386,1.7518916,0.08974537,0.40663707,0.17196676,0.13783932,0.38430995,0.72693557,2.190676,0.5399436,1.2368509,0.52316207,0.3304276,0.42603698,0.15507926,0.08174044,0.38242754,0.40224868,0.6899644,1.327348,0.028111788,1.0253608,0.53226405,0.30475798,0.49292186,0.5757588,0.9210297,0.34016052,0.3660895,2.2820768,1.1805718,0.48503837,0.18750396,0.11061592,0.3193766,0.0,0.30703533,0.33957043,0.70905995,0.085383795,0.14201294,0.15871312,0.38646647,0.22734568,0.07952113,0.33627334,0.93371457,0.08891482,0.09354468,2.128232,0.6551108,0.98658127,0.5373345,0.7217972,0.64388305,0.44038257,0.062002648,1.80625,0.0,0.6606558,all_pothole_images\pothole_images_enhanced_cc3584301aa8d12aeefc7da52107aac8.jpg
1.3020169,0.5427945,0.12970112,1.4194576,0.5914522,0.13074721,0.577607,0.08678946,0.16139384,0.28602853,0.9696035,0.48895395,0.84533346,2.3940754,0.24915059,0.020829657,0.27381784,2.2553043,1.91804,0.2872581,2.3220022,0.064965054,1.389674,1.6066092,1.4360538,0.055134296,1.4501151,1.0667778,0.32744583,0.11130474,0.33575416,0.9527007,0.40912607,1.2981544,0.58503807,3.2574131,0.105417535,0.68583614,0.8097928,0.18737987,0.124733225,0.95843387,0.25753397,1.8133678,0.005309211,0.8585101,1.3152773,0.5717425,0.00078804995,0.51532906,0.3808524,2.003006,0.8310298,0.068198144,0.37789553,1.1734401,0.24785815,0.27966046,0.08685512,1.5387125,1.2873365,0.14600262,0.45391747,0.3169099,2.0598102,2.2198546,0.7285081,0.828478,0.09718844,0.18399183,0.7423569,0.26120207,0.102859624,0.0151505275,0.018141415,0.045273494,1.0620824,0.90627164,0.01322039,0.10154645,0.50593954,0.86860687,0.123212926,0.4620225,0.30270234,0.113425516,0.024759833,0.029532753,1.2491705,0.25786427,0.18178718,0.83842874,0.00039978922,0.035393454,0.17266117,0.4279089,1.922783,1.2699065,0.55208755,0.8086174,0.1387474,0.8697559,0.7354346,0.4260184,1.335793,0.6906163,0.05521228,0.3132156,0.03963495,2.1129537,0.14241831,0.430033,1.2204677,1.8556073,0.35663378,0.48749548,0.3035767,0.45253736,0.327705,1.6528503,0.9582348,0.288557,0.33437464,1.6368477,0.07445036,0.45615533,1.1665804,0.7884874,0.29798928,0.028801246,0.84898186,0.9986578,0.31152612,0.2256267,0.31749356,1.6073387,0.33064467,0.00023199285,0.41682997,0.23784713,1.5877885,0.112777025,0.57164836,1.244577,1.0314486,0.72624296,1.1808085,1.2445707,0.027021356,0.018386269,0.37457454,1.8949357,0.017234419,0.01872237,0.5603428,1.065065,0.07295136,0.2000816,1.948509,0.56845564,1.5740194,0.8661413,0.12368317,0.7116539,0.14116085,1.3681408,0.45473066,0.387357,0.222961,2.2485242,0.6566152,0.57711613,0.9773917,1.7053281,0.0018460795,1.2101487,0.057384316,0.086735345,0.11652513,0.20418073,0.19046935,1.8940625,0.5400916,2.3459556,1.7923694,0.3117462,0.20565821,0.24765283,0.25116467,0.20414196,0.34395865,0.71377116,0.773289,0.12786445,1.2649184,0.6598432,1.758937,0.3517922,0.6729106,0.39049676,0.59305066,1.1262708,0.08515613,0.01846734,0.6784639,0.81120765,2.147487,0.0183815,0.7966277,1.9265296,0.027415875,0.5633046,0.17128779,0.38370466,2.5129573,1.2332537,1.4912751,1.424605,1.5083252,0.0062608905,1.9530754,0.30864105,0.14267261,0.14266717,0.0013609783,0.0,0.41987452,1.9466662,3.3405411,1.9814022,0.50556135,0.28456262,0.9948249,0.52970123,0.066804275,0.17825663,0.71998906,1.111994,0.41818732,0.06858625,0.087524034,0.32194087,1.06574,0.111167386,0.029617708,0.53494847,0.30958503,0.8350717,1.8325157,5.3911233,0.050666083,1.2277468,0.0023995002,0.25548708,0.53152794,1.4383296,0.33870253,1.4808552,0.14489326,1.9845806,0.94466025,0.9438579,0.6769848,0.48279858,0.54225045,0.18234974,0.96533674,0.81140304,4.4793253,0.68131065,0.33434,0.05041555,1.0767908,2.3492815,0.13802113,0.46042064,0.19053285,1.4961667,0.30237895,0.5837532,0.6295503,0.16155283,0.8237896,0.10112993,0.5270849,0.05844209,0.37422973,0.3601499,1.2129982,0.047938634,0.3018414,0.5412993,0.1842979,0.12648794,0.17954001,0.52909267,1.3402089,0.03084075,0.6549115,3.654242,0.88243645,0.9778461,0.15299244,0.17982356,3.0925171,0.0026476178,0.16414225,0.0,0.22776847,0.47415215,1.4397681,0.51756424,1.0478411,1.2566813,1.5401459,1.2647021,0.11198111,0.4500547,3.8750386,1.2772695,0.7892119,0.10196086,1.6341366,0.52550405,0.40485933,0.22527823,0.31368253,0.061019603,0.97521436,0.25929222,0.991553,0.6921266,1.1441718,0.6805593,0.023692433,0.010771765,2.0230746,0.7263182,0.41825128,0.37883922,0.019386912,0.52535677,1.4630233,1.9654541,0.88728106,0.3880704,0.42429358,1.0925292,0.89710885,0.022964083,1.4989798,0.31618926,0.19083036,0.36629018,0.23730892,0.6647672,0.06193287,0.87406826,0.32755178,1.5254999,1.731841,1.4915606,1.4300989,0.896605,0.009582027,0.09299148,0.32122186,0.06352004,1.1339141,0.7710744,0.08885728,0.21480814,0.54977113,0.5573687,0.25302166,0.12706219,0.3823907,0.53433156,1.1746601,0.22368108,2.9142792,0.17278992,0.3125884,0.91501474,0.89870715,0.010089752,1.9769442,0.50405306,0.16103142,0.25250632,0.67460054,0.49614987,0.041028958,0.0881362,0.123231515,0.51092035,0.8256575,0.052631985,0.93724185,0.044202473,0.002019615,3.1923313,0.13087536,0.043058593,0.65862477,0.0,1.939386,0.3504096,0.83128387,0.15526357,2.3112369,1.021316,0.502874,2.441468,0.41450855,1.4409195,0.6799958,0.7723382,0.84594584,0.0066210893,2.679811,1.1927255,0.36645418,2.7113373,2.6081748,0.17905961,0.7598834,1.1417539,1.1188067,0.6867924,0.19509608,0.22261962,1.144087,0.8716851,2.1228173,0.31377563,0.039219003,0.004296175,0.136134,0.53273463,1.2186877,1.7365501,0.08147546,0.76335394,0.48464268,0.042535033,0.09733095,0.79014117,0.25324902,1.4746608,2.7743206,0.7900468,0.9632365,0.19034503,0.0046431855,0.8464268,1.1632502,0.032060303,0.09263388,0.09119552,4.326031,0.28891653,1.131725,1.3031987,0.77316207,0.33523703,0.23073702,0.00028882094,1.0721407,1.2183073,0.69315755,0.2272978,0.0,0.037497334,0.7579477,0.04582316,1.1018353,2.0489397,0.85192513,0.16229694,0.88213456,0.37713838,0.28555903,0.66765565,0.4672368,0.21436913,0.21290831,0.07622062,1.1396725,0.057776872,0.092726275,1.0135254,0.0,0.8347555,0.016104748,0.36065298,0.30324382,0.021864895,0.3127067,0.5964925,1.5155365,0.8453631,0.037876382,1.7314736,2.2025807,2.614449,0.94137967,0.55922544,0.66099447,0.5477195,0.019431554,0.41827658,all_pothole_images\pothole_images_enhanced_cc9dbd819250afdb04693c16ea841886.jpg
1.0166135,0.27156138,0.0,1.5350449,1.0156676,0.0027051552,0.35267842,0.0,0.10904215,0.5270678,0.6110636,1.4379816,0.26675013,2.7716577,0.08314654,0.10723667,0.6580362,0.9577332,0.004092489,0.8799658,1.9003588,0.98888904,0.090356775,0.3270165,1.1005257,1.4167284,0.22702585,4.6073728,0.10939458,0.001910845,0.0,0.21102095,0.083563246,1.2482865,1.4396412,2.0521412,0.55758435,0.33440754,0.88848263,0.014615364,0.0,0.64008385,0.5187535,2.5268013,0.23246928,1.2226442,0.0016456918,0.5405566,1.8503896,1.6048117,2.3333333,0.049162395,0.7986871,0.0030271143,0.07006254,1.568963,1.779136,0.48345503,0.74746066,0.9135186,0.848528,0.07131355,0.20922694,0.1648177,1.2123519,1.1858914,0.7628159,0.24992853,0.23602314,0.17000943,0.3600393,0.12427953,0.26276714,0.27588606,0.67872244,0.0,0.09029794,1.1548327,0.2117686,0.6419685,0.0,0.36735347,0.6038622,1.8962545,0.018407078,0.0,0.40318966,0.0,0.66785926,0.10980539,0.502463,1.1345074,0.5822905,0.24054135,0.004408998,0.052960914,0.83892745,0.676487,0.72680026,0.90653336,0.620129,3.5922458,0.62014955,0.06443558,0.3905843,0.04738305,0.85174334,1.510612,0.0016882872,0.3064372,0.1688431,0.27122632,0.6339068,0.119647376,1.1411691,0.09773666,0.02188051,0.0,1.9871175,0.8552592,2.2405918,0.0,0.003516129,0.21138366,2.8896477,0.6664836,3.3353965,0.0,0.21800216,0.25580916,0.03016596,0.000786226,0.10777471,0.0024882555,1.0037874,0.12380331,1.4498054,0.39255577,1.7467672,0.115882285,0.7825135,0.8217906,0.96719605,0.46799442,0.07009303,0.7610292,0.6872688,0.2316854,0.21927606,0.0041070664,0.22439337,0.08845797,0.09795555,0.060088847,1.012533,0.47021422,1.9163198,0.22065705,0.13588876,0.8524713,0.5073708,1.1614367,0.6408704,0.9577274,1.1294633,1.9019643,0.54868925,0.0830878,0.46874058,1.9038783,0.06896554,0.07446922,0.25730515,0.0,0.0,0.024341702,0.13715829,0.00034038367,0.6272105,0.09369419,0.0003776443,2.41093,1.7541515,0.22702149,1.6070095,0.22905482,0.6808327,1.502346,0.34911957,0.077262774,0.4656177,0.4230514,0.49676287,0.09254584,0.8767803,0.8414018,1.9271531,0.014706829,1.4187464,0.05199734,0.20761982,1.3910267,0.24517855,1.2047526,0.4353471,0.010003644,0.34146112,0.31496775,0.042759202,0.0,0.0,0.0,1.9484112,0.16462821,2.8798442,1.8087606,0.35479933,0.036315005,0.07610805,0.9713191,2.1452515,0.032898538,1.4218414,0.43792343,0.0,0.13059664,1.726722,0.14915678,2.3441203,1.9290055,0.048626762,0.023146434,1.1508242,0.19977285,0.32639995,0.03608922,1.7096995,0.09043097,0.11489252,1.0651826,0.5070434,0.16427422,0.065379985,0.25806558,0.18775712,0.0309154,0.7270489,0.8762216,0.21570832,7.47543,1.0872393,0.1321387,0.07066709,1.0159258,0.030287055,1.9792259,0.14891578,0.66589993,0.5317844,3.3280044,0.16868533,0.19535483,0.4135528,0.19760545,1.0158811,0.1783698,0.60702723,0.6802846,1.2266878,0.061243825,1.2982409,0.0017275286,0.086208805,0.56558126,0.52051777,0.34090665,0.42920342,0.3338672,0.17657785,0.77138674,1.5809413,0.46910965,0.9534939,0.0917637,0.098592155,0.11679832,0.80258083,0.027038146,2.9521284,0.013663262,0.009126902,0.0,0.014972357,1.2905009,0.20113468,0.39296016,0.01094704,0.24753444,0.16253483,3.5569797,0.48100644,0.8565624,0.27815163,0.1229809,6.7007017,0.33453983,0.17649113,0.008567361,0.6689919,1.5911703,0.2084837,0.119047515,0.37001985,1.5415928,0.5859453,0.9463098,0.0056174994,0.76840955,5.765894,0.7550435,0.19145085,0.03933107,0.8090124,2.1330047,0.79040915,0.026698852,0.61312824,0.44726273,0.7567952,0.5107354,0.6406498,0.08484815,0.17397852,0.0,0.44189343,0.039028175,2.8881361,2.4401753,0.40323195,2.8419638,0.75498646,0.0,1.5232192,1.9035244,0.1357061,0.50183123,0.0926324,0.5807799,1.2293745,0.025292518,0.22600974,0.16016756,0.7430509,2.0171852,0.0,0.30277848,0.41184124,0.701349,0.7433233,0.9826149,0.055788867,0.18142071,0.08629308,1.3048253,0.06099345,0.0,0.84852225,0.8519295,0.71055293,0.13338645,0.7018093,0.03720661,0.61287963,0.46568406,0.024735037,0.2232038,0.34099615,0.0,0.2342947,0.4948,1.4083117,0.0,0.03745773,1.2607646,2.6519551,0.16498268,1.2560443,0.0,0.112616666,1.188796,1.9286678,0.33958742,0.57777685,0.15905596,0.12548485,0.09572299,0.50083375,0.18078348,0.3522694,0.30740246,0.45702705,2.2520354,0.7906065,0.27585283,0.16836329,0.48494765,0.3890025,1.9378948,1.200724,0.4093581,0.07185999,0.1690293,0.061502475,2.4788873,0.007310786,0.7225966,0.55967516,0.33474544,1.7502065,0.026405437,2.1504436,1.1948078,0.4279737,0.7681397,2.6926117,0.10569714,0.40690652,0.07037111,0.077234596,0.16346431,0.9653413,0.52778596,0.313671,1.1819814,3.0272348,1.1872029,1.6451931,1.3022537,0.25752574,0.723263,0.61625296,0.8407923,0.013963292,0.0,0.2067556,0.028941154,0.40043858,0.9644484,0.34504974,0.56967,1.5393262,0.9515771,0.44732338,0.0,0.5817618,0.121651456,0.19768517,0.20598021,0.2570163,1.7129115,3.5704138,0.0,1.705741,0.0004410363,0.17919593,0.097785026,0.21105443,0.323888,0.11723977,1.31661,0.0046943217,0.97799104,0.07782824,0.21239477,1.2124933,0.018009065,2.341791,0.45380828,0.53710455,0.075678885,0.041914456,0.63054615,0.45574608,0.31585547,0.69851834,0.030236779,0.46435025,0.005814746,0.21498351,0.0045322557,0.6572749,0.989354,0.75588393,1.6763797,0.02293665,0.0027792007,0.105106264,0.4323999,1.3422034,0.48179245,0.8251364,4.311859,0.019101884,0.29396334,0.27006847,1.1921291,1.147849,0.0,0.19930018,0.0650409,0.1297864,0.27916092,all_pothole_images\pothole_images_enhanced_cd7f209bc9786a63a9733ea9b242c648.jpg
1.2604848,1.4349642,0.44095463,2.8475263,1.0730324,0.38647985,0.38794085,0.111562446,0.23148638,0.6074164,0.4763923,1.2658708,0.0056672636,3.3824239,0.55649537,0.29061267,0.03816208,1.4680669,1.3409115,0.49882334,0.54739505,1.7304516,1.5702429,0.96554446,0.98518664,0.36534366,2.2214987,0.8861998,2.0868042,0.85704327,1.2643844,0.8002414,0.9301122,0.056973085,0.5634056,0.6280586,1.718267,2.7276542,0.0027465415,0.6049344,0.28879505,0.626369,1.4919941,3.8256419,0.5516919,1.8358538,0.21533428,0.014014229,0.91098285,1.4826144,1.7091894,2.3451002,0.47577924,0.085224845,0.009783387,0.47614875,2.356555,0.12162181,0.70472974,1.0693607,0.07773574,1.1135895,0.7655574,0.008773057,2.233381,1.0730983,0.45127478,0.16548379,0.39726275,0.15983184,0.2848481,0.0,0.28138465,0.44902903,2.2799633,1.6433837,0.117423266,0.3490195,0.6061396,0.43375233,0.3919129,0.2334509,0.37176603,0.76304,0.5581094,0.35919926,1.3188858,0.6126984,2.5923078,0.18972313,0.116599254,0.9630281,0.12980041,0.8385292,0.3649884,0.833648,0.1389817,1.226267,1.3249493,1.3755382,0.42491078,2.0781875,0.45165473,0.17154421,0.8675293,0.87718153,0.36806023,2.3664317,0.11342893,1.4365875,0.07823044,2.12034,0.45682138,0.2402155,2.1602805,0.4773173,1.2627009,0.33484408,0.81077427,2.6192966,2.5204008,0.7888832,0.68583196,1.5573565,0.67532206,0.57657,0.35598707,1.4805444,0.808757,0.67133963,1.0781395,0.55814564,0.39613518,0.27665743,0.17775919,0.8701888,0.36502686,3.0235016,0.2667111,0.20137654,0.42680642,2.0116868,1.0296439,0.8009598,0.20006487,1.1684079,0.22301044,0.1801023,0.7092782,0.5485337,0.92308384,0.41242933,0.0033199624,0.30289295,1.6475207,0.43750566,0.877941,0.80759126,2.513021,0.088819094,0.8374692,0.16190986,0.5006385,5.696465,0.13123861,3.0696976,0.3089413,0.33492413,0.6605802,0.3445006,0.011908588,0.14457506,0.46189156,0.30351287,0.17007613,0.10563156,0.7748282,0.09937077,0.3158508,0.2077089,0.025654212,3.4342809,0.9607912,1.2777026,0.40886867,0.76250315,0.40858868,0.97421217,0.29028746,0.44794923,1.0298442,0.8230006,0.2610493,1.2667681,0.10213331,0.6716752,1.1602292,1.055385,0.348199,1.8266654,1.9400809,2.0529351,0.32794333,0.90501773,0.21811822,0.22403456,0.38315988,0.65381473,0.37605444,0.11326936,0.3965053,0.51785284,0.31964883,0.9730816,3.2662838,1.8567022,0.80607694,0.20638582,0.53145343,0.26254132,0.66033816,0.039356332,0.08469328,0.45637286,1.6951792,0.6330013,1.7810328,0.19212247,1.9654802,0.17892236,2.0641077,0.5294584,0.05354575,0.16015875,0.7241842,0.14455776,2.4840133,0.29849502,0.03404991,0.36428717,0.88536173,0.24377473,0.797022,1.0621009,0.34055316,0.4128198,0.025021624,0.4338608,2.2574596,2.7744446,1.4263607,0.4630913,0.087910436,0.34606934,0.32840982,0.43782315,0.5101729,0.6704671,0.41106802,2.33075,1.3305471,0.16878216,0.096982874,0.6382967,0.49474278,0.45722085,0.1549164,1.5567464,0.23249222,1.0747232,0.21873897,0.007837712,0.01933703,0.024940602,0.46554166,0.33031234,0.033835813,0.6603658,0.23922177,0.2361104,0.05972135,1.0771422,1.1809887,0.26573235,1.6718441,0.79672635,0.69389826,0.71731555,1.9605228,0.5373286,0.7788242,0.32463238,0.056811225,1.1799986,0.18977368,0.104128934,1.2552521,0.33031008,0.40127298,0.71657443,0.69687396,0.34517673,0.20294362,0.97328395,4.516872,0.85596377,0.049435798,0.30370715,0.6900086,0.33895954,1.2123551,1.6057318,2.309257,0.68340594,1.6808265,1.2719734,0.02062806,1.1662049,2.5043256,0.45237553,0.489305,1.2344365,0.04330607,0.90739924,0.40464622,0.6252308,0.7505591,0.086166285,0.4655117,0.43175256,1.350558,0.6192349,0.3231532,0.33159235,0.39133444,0.5467654,0.82975644,1.9222727,0.6813148,1.3305811,0.22546154,1.3567194,0.5538242,0.4502375,0.11201008,0.86560553,0.45999998,0.5692682,0.081081815,0.8942982,1.0390629,0.43162683,0.5679286,0.7363933,0.10005326,0.27047735,0.3923429,2.0278087,0.41885516,1.1633568,0.74927783,0.49997693,1.0368743,0.19452332,0.5798024,0.354938,0.3925366,0.8872358,0.3077382,1.4446902,1.7193167,0.9443184,0.05145192,1.0251403,1.134273,0.44577095,0.31762254,0.40304825,0.37992477,0.8772179,0.18406995,0.108778365,0.597948,0.65391463,1.0076978,1.6749843,0.91483593,0.32385445,0.1647526,0.6705421,0.3040032,0.647015,0.072370514,0.051257443,0.38297054,0.15536761,2.079322,0.81635445,0.36413908,0.0041718013,2.1031973,2.1216311,0.2657791,2.7490966,0.3791362,0.14754887,1.5565506,0.13232566,0.8761673,0.45647585,1.3281285,0.70124704,0.31656733,0.2776749,0.3511041,0.2209445,0.04523677,0.3936889,0.4265782,0.12775557,1.9483852,0.05456719,2.1208978,3.2051635,2.354216,1.4319516,1.072987,1.5963613,2.666835,2.0028903,0.14233312,1.1695333,1.1554749,2.542044,0.24675274,3.197889,1.0832547,0.37870216,0.47556266,0.07098425,0.61402106,0.22787654,0.13590959,0.17702638,0.043886203,0.031429086,0.84060854,0.7053762,0.33282486,0.2873634,2.6815207,0.19313419,1.1401368,0.23998186,0.88962334,0.1920983,1.836711,0.5145913,1.5309272,2.3805742,0.853865,0.36550415,1.3875293,0.580269,0.6466364,0.64644045,0.36264786,0.9162611,0.49361533,2.8670893,0.352562,0.4552072,0.36089566,0.2672149,0.30807722,0.52437395,0.23766647,3.9642167,0.70501995,0.28809536,0.9218478,3.0052972,0.56547827,0.84632677,0.3098494,0.7110143,0.98596144,0.08420429,1.3508216,1.6483895,0.4634812,0.23847646,0.2683874,0.060458697,0.29858106,0.32751226,0.4403544,0.018389959,0.31257233,0.88024306,2.9040325,2.9174707,0.1049532,0.61903334,0.9122037,0.22351633,0.0,0.90004414,0.15648557,0.08553837,0.4674022,0.56943536,all_pothole_images\pothole_images_enhanced_cd8ed78f68a12a345c80a32ff78b59ed.jpg
0.0890984,1.2975173,0.89146966,0.6437173,0.5220271,0.48140284,0.22855319,0.0,0.2348101,0.7898638,0.32109252,0.31858927,0.3033172,0.27070233,0.0778595,0.5075096,0.26608765,0.02063542,0.62587786,0.080403134,0.33894807,1.7333442,0.60773754,1.4148173,0.35747543,0.071297966,0.0260727,1.4459869,0.090253904,0.05755171,0.67762077,0.0387853,0.6700478,0.0604848,0.21906833,0.47805676,0.5593007,1.0760589,0.0047066547,0.41943887,0.0,0.22393182,0.07887395,0.59550005,1.5046638,0.26088184,0.037075467,0.06031951,0.19263309,0.31146994,0.61504155,0.535503,0.24487807,0.22594042,0.0107283555,0.21727672,1.1506133,0.012377546,0.9761673,0.35123715,0.07347299,0.058024123,0.74503374,0.17333405,0.29649314,0.66002476,0.25565684,0.008179221,0.7664315,0.060176,0.22661321,0.60998356,0.52097166,0.0667504,0.18703622,0.5986191,0.017955065,0.64598167,0.013325839,0.19064432,0.15818712,0.16731927,0.22407101,1.6970557,0.73875785,0.7231868,0.24817322,0.15067233,2.9056356,0.47610006,0.004470268,0.23797484,0.10185655,0.07527237,0.54216725,0.34703434,0.3562543,1.9836057,0.30928457,0.27355397,0.019769454,0.7195582,0.01166683,0.29950386,0.39527893,0.04702212,0.26767406,0.0,0.058479507,0.17156212,0.43355435,2.1648014,0.21235551,0.3486243,0.0068062446,0.700441,2.0024273,0.17836243,1.2867498,0.5183233,1.16508,0.23084128,0.37150523,2.4685504,0.26537174,1.9137981,0.064898185,0.8317978,0.41929272,0.5978279,0.5441431,0.009726708,0.42386055,0.08020174,0.013304565,0.17842524,0.011193144,0.45289916,0.6828626,0.21271916,0.03686922,0.18275233,0.1611094,0.6426349,0.13478734,0.3338032,0.23226799,0.103140146,0.45615235,1.9062083,0.61329937,0.44212028,0.056856956,0.020300228,0.50519073,0.18100284,0.21475916,0.10114829,0.09112075,0.048345245,0.44250005,0.8538578,0.1018534,2.359874,0.106784455,0.0,2.4382174,0.0,0.22866637,0.4540038,0.10372267,0.14027947,0.061530035,0.083712675,0.44075552,0.14467846,0.48340684,0.004978109,0.39615536,0.21780956,0.0010976801,0.32701415,1.6061851,1.3953241,2.2896845,0.6097098,0.47645625,0.35413888,0.6279211,0.22172779,0.08243216,0.33257526,0.021865701,0.85616255,0.021418717,0.025235288,0.34796658,0.7060321,0.5132101,0.82470804,0.07631189,0.1347219,0.04464757,0.25398967,2.777005,0.5046175,0.43286514,0.21903656,1.2902939,0.08052633,0.55177104,0.2966591,0.402003,0.24319746,0.13476415,0.3590871,0.41079578,0.084328264,0.9459942,0.2568623,1.1057047,0.19305709,0.054606136,0.093262896,0.05721582,0.1267322,0.11931722,0.35372505,0.89227813,0.40294483,0.22174333,0.047841907,0.65165484,0.07960318,0.5082008,0.16177152,0.72212374,0.18043089,0.017042056,0.020100696,0.17523664,0.0,0.21938457,0.2501922,0.0030272189,0.0,0.14248088,0.17287076,0.23736338,3.163292,0.2065846,0.0,0.18483575,0.13960046,0.19492336,0.08737691,0.43143362,0.10598647,0.44031137,0.45577893,0.066476904,0.39333865,0.12119982,0.15938587,0.47535846,0.41193238,0.004895742,0.38061047,1.6474721,0.2803945,0.42199847,0.0,0.18570876,1.0573976,0.22937483,0.738297,0.26544908,0.04340574,0.66961753,0.15916814,0.26512542,0.071071096,0.3865147,1.0406055,1.209632,0.4371464,0.05774112,0.20707655,0.4274686,0.055612363,0.2051404,0.5963347,0.31584853,1.0595404,0.20519571,0.5123808,0.27542597,1.5784863,0.56087106,0.96083564,0.13862415,0.6191889,0.033076655,0.04581709,5.1712155,0.2935258,0.0,0.051285163,0.24277093,0.12313964,0.0,0.36062607,6.653909,0.41378868,0.0,0.26540896,0.41574222,0.44483215,0.47221267,0.08037257,0.40424615,0.23462021,1.7610162e-05,0.35316592,0.4309023,1.7239393,0.86712074,0.07835774,0.7991026,0.14929791,5.282843,0.20661412,0.0077653793,0.022046974,0.12607417,0.023081986,0.3983026,0.052537777,0.46859056,0.0,0.24400796,0.37952366,0.42957437,0.01930334,0.1666443,0.28174502,0.0,0.0,0.35117292,0.20307875,0.0,1.6008531,0.09447444,0.28978655,0.02858334,0.09404688,0.2264624,0.44748935,0.1192101,0.34306964,0.042846013,0.056365002,1.0691271,0.13181844,0.04417515,0.766595,0.16602276,1.0116502,0.0,0.25887567,0.32194224,0.066431805,0.27652764,0.14873825,1.1418653,0.47721443,0.36900803,0.15197425,0.116392106,0.032942668,0.049205814,0.004300859,1.8614967,0.5282117,3.390898,0.21310472,1.0995762,0.2570316,0.15364814,2.8290858,0.70869887,0.8454644,0.13818026,0.00638573,0.12328169,0.32415262,0.056212492,0.29093394,0.08648371,0.21244909,2.3033333,0.2503063,0.13287918,0.48987964,0.45671877,0.08566453,0.23686215,0.4114734,0.055308964,0.2963188,0.3557339,0.28146237,0.0,0.18119162,0.14237311,0.004498537,0.3317041,0.13825986,0.009906282,0.23213094,0.41727105,0.21137886,1.2136049,0.86147535,0.3982847,0.24156669,0.48408738,1.3944031,0.06835805,0.35374233,1.8570808,0.07216297,0.32256347,0.37807035,0.13215949,2.9368236,1.0484649,0.10565828,0.12280182,0.5958909,0.24417377,0.14623982,0.20878412,0.8160393,0.013798978,0.28511113,2.0261838,0.95759946,0.21324068,1.3719208,1.9713417,0.4965461,0.9844206,0.14242843,0.440031,0.43315765,0.20364293,0.46050605,0.51698834,0.5417459,0.057052653,0.16966432,0.9312711,0.48572013,0.05519883,0.5411629,0.14271986,0.09483976,0.886255,0.40190962,0.5208945,0.49585918,0.40015155,0.030303128,0.055903323,0.026010767,0.03879398,0.39851102,0.34856942,0.08812521,0.09144772,3.0806975,0.3398557,0.09517343,0.05449216,0.1379861,0.6341634,0.25444835,0.09841401,0.004322187,0.9327415,0.9145758,0.12747715,0.012323785,0.00958634,0.13910183,0.011151382,0.095773555,0.38343304,0.002510639,0.069563024,3.6435244,0.4948016,0.3404354,0.6054984,0.14300196,0.045271564,0.44734168,0.5167358,0.21435337,0.2488032,0.19418648,all_pothole_images\pothole_images_enhanced_cdbd3842215eaa9e3700be1561de004d.jpg
0.9605439,0.4929537,0.28516427,1.7344702,2.1863356,0.96585345,2.367139,0.4664513,0.9378599,0.4760669,0.63865125,0.89189154,1.0911118,4.7787566,0.6332909,1.3837999,0.020145858,0.50703794,1.4767966,0.0077749016,0.12727912,1.9866177,2.9113762,3.0603046,2.2607026,0.87402534,1.2890015,2.9247222,0.6597204,0.22256446,0.6421098,0.37989748,1.4246727,0.98108715,1.8544215,0.47937113,0.94619435,1.6424329,0.521558,0.70575166,0.22009665,0.06870984,0.7299658,1.7933326,0.007717676,2.850647,0.40121934,0.007013329,1.118841,1.8183223,0.62345356,0.38579503,1.6247528,0.28043473,0.55570936,0.7809009,2.199626,0.13821885,0.44648212,0.13991997,1.6762956,0.946159,3.3126569,0.9973077,3.3618438,0.99227077,0.57921654,0.033925887,0.24137127,0.9971337,0.6177841,0.1730809,0.009916876,0.397699,0.9774114,1.0296539,0.55477977,0.12629198,0.05087952,0.0754497,0.3996516,0.7090857,0.20577322,1.3132865,1.5481807,1.2681355,0.16020158,0.069331355,1.99093,0.06246346,1.5106616,1.7944127,0.42519844,0.7156092,0.18223508,0.7534341,1.5862894,0.606675,0.056444295,1.0138128,0.01810607,1.9551,1.0864604,0.49321276,0.88918006,0.70092684,0.9574486,0.44621307,0.32509115,0.5415818,0.84743285,1.4338297,2.6497934,0.42524832,2.0324275,0.43785483,2.8162456,0.826861,0.4888884,1.224514,2.6470885,0.65988946,1.2099086,1.847492,0.42144185,0.4878253,0.7533448,0.6181136,1.5362519,1.6509405,1.3371028,0.0041247173,0.83182704,1.1935456,0.0050207716,1.8788048,0.12260658,2.1558447,0.28964776,0.4026832,1.2358204,0.4139425,0.26217517,2.9702547,0.7929204,0.8994625,0.95197624,0.33226714,0.7980285,0.16318117,0.44059184,1.1936597,0.6197985,0.14192234,1.1964672,0.5685629,0.7830402,0.44672105,0.6089828,1.9719892,4.1627855,0.5263508,0.059485596,6.043697,0.4249584,1.7770133,1.2722061,1.3406599,2.6408608,0.79174024,0.9539645,0.081556335,0.19313096,1.032715,0.48651278,0.8425804,2.7366009,0.36657035,0.6300464,0.17072901,0.196512,2.176505,0.6928749,1.5829575,0.99082315,1.5470563,0.36295754,0.31792316,0.6518169,1.1654584,0.7974552,0.92478305,0.79492635,4.191603,0.059363257,1.8539836,0.9620696,1.119287,0.15574935,1.4253764,0.63221383,2.2545643,3.4204738,1.8031379,0.975838,0.48715216,0.73175466,1.9163647,0.54408413,0.37936684,0.58118093,0.023088232,0.5402627,0.4889837,1.6612687,0.6732654,1.6472563,1.1412486,1.8588344,0.16667509,0.025618237,0.008751215,2.1239707,0.12895882,0.07599666,2.633004,2.0423024,2.089312,0.52859604,0.308591,1.7929531,2.8782852,0.68690574,1.2586716,1.0111359,0.42823488,1.5004957,1.8242646,0.12347171,0.1729611,0.5138011,0.0263948,0.4139458,0.77988285,0.4075926,0.39328828,0.95593214,0.49120465,2.0819325,2.2555068,3.2496855,0.15390694,0.31950417,0.062403347,0.817394,0.5451792,0.80628586,0.21713105,2.0747318,2.0043287,1.1307354,1.2052717,0.8272288,0.6188355,0.07722875,0.35072774,0.10763525,0.9317192,0.36974716,1.0938225,0.37234762,0.57425636,0.13542895,0.32238296,0.20442618,1.421552,1.3078074,1.3648998,1.5085378,0.41980833,0.115382805,2.281435,0.35898164,2.3713505,2.1056166,1.0439328,1.1775525,1.2209685,1.6109251,0.03624785,0.5914974,0.38409245,0.7279432,0.8155192,0.27666375,0.19739334,1.2322408,0.57516325,0.6931008,1.0452622,0.21157792,1.0758039,0.25568044,0.82121974,2.5677598,0.23452358,1.406785,0.19493602,0.18470049,1.1887697,0.38652885,1.5892287,1.1345251,1.8033172,0.38623786,0.7206727,0.12769347,0.3370933,1.1794062,0.34635878,0.7277568,0.531712,0.036925238,0.21983142,2.2868485,0.54279244,0.6410843,1.6919546,0.85745394,0.49271765,0.9208528,0.4504789,0.02789925,0.6120008,0.37206894,1.6834064,1.5840572,0.5238185,0.96063143,0.39987502,0.329104,1.8061106,1.2059883,0.73526204,0.22652735,0.5136047,0.23904285,0.6194094,0.57908607,1.8384593,1.6382004,0.8022492,1.6020494,0.086629055,0.63149095,0.61267257,0.8023202,1.7342534,0.7623042,0.7908569,1.5646098,0.117759615,0.46241283,0.73925376,0.034608338,0.08570637,2.9903514,1.8029168,0.5187683,0.93797255,1.4850314,1.5388012,0.15019648,1.4819219,0.7839796,1.0916016,0.26047114,1.2309469,0.64716804,2.8285222,0.41189745,0.11583221,1.7423737,0.750736,2.9866467,2.6745336,3.702232,0.28260267,0.14786096,2.399665,1.4730064,1.3490047,0.16490345,1.7283397,0.25868446,0.7525516,1.5602185,0.58520395,1.4639425,0.46858636,2.1937747,0.5768771,0.006333214,1.1355232,0.4439901,0.41053924,2.7872357,0.18775986,0.75845677,0.2953875,1.2793953,0.2373646,0.63098645,0.79948795,0.68874794,0.54707587,2.5318313,1.7475148,0.69776213,1.2894874,2.0741775,0.95628965,1.1305095,0.9654552,2.1696584,1.3255674,4.1375217,1.4488277,0.8948477,2.1893797,0.004678713,1.6877844,0.4714412,1.4141484,0.38986334,2.6160645,0.67284876,1.5618962,0.114205316,0.43507668,1.937944,0.9576083,0.0430999,1.1878313,0.051859576,0.24445175,1.9708494,0.91084194,2.0383596,1.2583796,0.38373318,1.2125121,0.47657037,1.3821148,1.6792107,0.02903975,2.3911,0.7390054,1.0203971,0.6783607,1.4747436,2.60234,1.3058211,0.24544331,1.005022,2.484145,0.365528,0.10768659,2.513023,1.1427711,0.95796776,1.031678,0.08444418,0.6202475,0.49770054,0.3821144,0.5445899,0.5491836,1.1848944,0.12760988,1.4383317,3.7958822,0.3628469,1.9542487,0.028206477,1.4434811,1.9944302,0.95096666,1.5635021,0.38323027,0.0054268227,0.076970324,0.6927722,0.36481363,1.2035139,0.04771188,0.28339458,0.088643834,1.6012365,0.22935551,0.94684196,2.9611948,1.4782925,1.1037806,2.5689285,0.16786398,0.058073793,0.9401605,0.93921256,0.86783487,0.76235807,1.4535942,all_pothole_images\pothole_images_enhanced_cdccfdc8a108d1c91c3f9ed7385f339d.jpg
0.17098613,0.69197065,0.014699928,2.3101268,0.47347113,0.014065408,0.23021083,0.0633779,0.005199493,0.9044149,0.117218696,0.72512347,0.0,3.320817,0.034453247,0.0008378702,0.10544796,0.85235035,1.1801498,0.0623656,1.0049,1.6387131,0.013806979,0.013318193,1.704663,1.5071146,1.3697037,3.5228927,0.18960302,0.021710254,0.17167383,0.0006236069,0.03222737,0.09418285,0.2717971,1.0499458,0.4023682,0.6992779,0.53425014,0.3003738,0.0,0.8215581,0.2289293,2.3078907,0.5535971,0.7548755,0.0,0.116642766,0.06950462,0.28055686,0.8542199,0.058016814,0.3872951,0.0,0.0012089406,1.7943554,2.7702749,0.9259318,0.013948922,0.030605631,0.645286,0.4269108,0.5648421,0.035853278,0.0,1.9852595,0.28887254,0.10631908,0.18306048,0.65744245,0.11219621,0.3900416,0.34625232,0.061219458,0.0984828,0.0,0.0,0.9261491,0.017009152,0.13502263,0.012401979,0.08853788,0.9670254,2.3522303,0.0033338717,0.0,0.32615283,0.0,2.067641,0.02683221,0.29138938,0.4176337,0.0,0.20635226,0.06207607,0.0,0.11771813,0.5701777,0.6817203,0.8060491,0.07259838,3.7688496,0.016247278,0.28548083,0.32499915,0.02388597,0.54218197,0.2835337,0.0,0.1446244,0.011515772,0.281162,0.24120696,0.0012990789,1.0049219,0.023061203,0.20278907,0.021399299,0.9480177,0.15384918,1.6939694,0.035103127,0.04841984,0.3313032,1.2431518,0.38112366,1.383244,0.03172842,1.2059455,0.06501476,0.09108604,0.21608615,0.016420208,0.012521246,0.4224173,0.28215107,0.56356,0.38989326,0.95751727,0.12695369,0.30127382,0.07136801,0.11565788,0.02757381,0.0,0.54472023,0.044338595,0.04024044,0.071404554,0.01077676,0.009799783,0.31666785,0.0,0.0023187676,1.32759,0.58761775,0.44612268,0.36631322,0.1427158,0.022743298,0.70128286,1.8398179,0.8949278,0.9215744,0.16580017,0.18087676,2.1836114,0.08296064,0.30211955,1.3027605,0.012298604,0.0046048216,0.06807583,0.04837873,0.018433722,0.0,0.4919175,0.1116841,0.3553912,0.04569524,0.019792994,1.3474408,2.7085118,0.041399386,1.4260007,0.100514494,0.3422369,0.58603734,0.09436531,0.48828498,0.27955619,0.08332431,0.06746339,0.3217959,0.37104088,0.011299687,0.28132048,0.003781794,0.6370446,0.41679066,0.0693538,0.9641491,0.097581685,0.63135564,0.0,0.02223622,0.25426435,0.5610832,0.38625365,0.12520726,0.0,0.0,2.1352625,0.10808201,1.5128043,0.7630915,0.45646217,0.16899364,0.0075491806,0.049453914,1.5610265,0.014588511,0.6484103,0.024065997,0.0,0.0,1.6243777,0.17187338,0.47877637,0.38600525,0.0,0.096214704,0.0916277,0.041729003,0.0509289,0.010572445,2.8841097,0.0074599674,0.004798274,0.18971612,0.0,0.14528541,0.07413269,0.2985004,0.04082971,0.0,0.1538032,0.5720696,0.042121634,7.8643646,2.1507235,0.0,0.0013158193,0.18736498,0.0,0.40212077,1.142321,0.34976935,0.26290327,3.2509067,0.000322294,0.18844949,0.1888202,0.044223364,0.39115462,0.39037403,0.45856157,0.39120024,1.5501167,0.049200173,0.042078644,0.0,0.25327238,0.008461246,0.49073187,0.38474402,0.0,0.56937337,0.15429738,0.50562805,2.6704772,0.18518943,0.07851675,0.5106919,0.035919465,0.043080162,1.38467,0.034641977,1.1600784,0.04040482,0.0031283204,0.049389478,0.021002233,0.4680881,0.19485171,0.3233319,0.014084232,0.47401166,0.0007344746,2.5486329,0.74211556,0.67432845,0.013161212,0.032900494,8.591296,0.1751928,0.032500226,0.0,0.17383525,0.40822008,0.17435832,0.47694817,0.8630056,0.19915843,0.56678903,0.63386697,0.02768868,1.8020138,4.467836,0.2103129,0.0,0.02094211,0.43806043,0.93408054,0.21918431,0.08245831,0.64847916,0.0276691,0.79629064,0.041601453,1.4720942,0.22293048,0.3619484,0.008989726,0.07841794,0.01331757,2.9504793,0.97806793,0.24865109,0.8467578,0.06756385,0.2144141,0.7508431,0.6426708,0.17251237,0.5501022,0.018244114,0.6113746,0.09387173,0.76300335,0.6294142,0.06263308,0.00010166362,0.7740915,0.018692365,0.0,0.46812376,1.0130804,0.3239787,0.43148372,0.0019575031,0.07259783,0.13681994,0.19397528,0.009599665,0.0,1.4083381,0.5561663,0.030508585,0.33210158,1.295506,0.0071269115,0.86998326,0.024261681,0.14135684,0.035467252,0.0,0.0,0.59000546,0.15264173,0.73534596,0.004229637,0.04513075,0.7438066,3.6252384,0.004350943,1.2666761,0.0,0.0,1.4582771,0.4584593,0.0,0.09915018,0.2188302,0.0498325,0.04471636,0.26290268,0.3893418,0.044903476,0.3469878,0.46289387,1.1993039,0.15826005,0.46478286,0.346411,0.07842023,0.5575096,0.457612,0.7462385,0.012597855,0.3674739,0.16749604,0.015200989,0.81666625,0.025261637,0.058841236,0.16747692,0.26858616,0.43771696,0.0019207388,2.9319706,0.0,0.45478392,1.4932089,2.2533398,0.60271525,0.4948028,0.013345967,0.00025767754,0.1672094,0.46178037,0.0,0.23318788,0.52266043,1.4003464,1.5875942,0.46381682,0.3186234,0.019831944,0.48620772,0.40550333,0.018130206,0.04079326,0.03618397,0.011637982,0.12116723,0.35916984,1.2670493,1.344346,0.566603,3.0394483,0.14989355,0.12077266,0.021825198,0.55422366,0.6130148,0.13755058,0.08198344,0.13365918,0.2700102,2.4129088,0.008101545,1.5267231,0.053992465,0.5038719,0.0,0.25705552,0.16995405,0.057404127,0.7374345,0.086567976,0.4986156,0.31480527,0.01949971,0.58124286,0.16580638,0.30090395,0.4389769,0.18844302,0.0,0.0,1.0865607,0.81377804,0.0066652326,0.13441426,0.0,0.30919787,0.0,0.65628034,0.14378715,0.16317974,0.98175937,0.002746346,0.61842686,0.07429221,0.0,0.03764591,0.16484936,0.597403,0.34603685,0.79474086,3.4276834,0.008651341,0.05646372,0.50208956,0.3219125,1.093521,0.025781926,0.014359196,0.014629895,0.19580778,0.20731321,all_pothole_images\pothole_images_enhanced_cde3c978c810689e4863ff729e1ab4a4.jpg
0.8916215,2.588165,0.5635105,1.5766968,0.65505,0.37317687,0.15803704,1.1560421,0.1555328,1.0408083,0.55962515,0.5265944,0.0018860055,2.6869144,0.79918146,1.6609743,0.9846103,0.06909279,0.08688443,0.65323144,1.5018173,0.73075396,1.5435548,1.1299673,1.5110563,0.51307106,0.07382032,1.4109199,0.1561929,1.7123768,0.21716362,0.17599615,0.2763272,1.0746554,0.86870325,0.59935737,0.044514615,0.51796955,0.3875206,1.6314389,0.8172987,0.6326273,0.5239907,0.4322453,0.8370228,2.0752647,0.07032081,0.49247953,2.8197556,0.8567702,2.1230078,0.2714101,3.1045299,0.69494224,0.3060407,2.4988263,0.6771843,0.26686743,0.9723082,0.49191952,0.5844756,0.3750154,0.8585275,0.835269,0.84139216,0.38490638,0.86375564,0.33109513,0.44325548,0.26824337,1.1620663,0.0,1.63047,0.51412565,1.2504834,2.140491,0.17045876,1.5991791,0.40087563,0.108168505,1.3459083,2.1873243,0.94956595,1.4817399,0.36364448,0.618626,0.34097847,0.54522204,2.520196,1.8330839,0.16027321,0.4991336,0.56263024,2.6073966,0.010538467,0.06862774,1.5024769,0.70869863,0.044683613,1.9318031,0.23397076,2.246329,2.5788238,0.3172383,1.8184386,0.07023091,0.45821375,2.8653085,0.44465896,0.81894976,0.8538116,0.94442934,1.0983418,0.5014473,1.122554,0.91359663,0.81294817,0.5845913,1.0748768,0.81205374,2.1318772,0.16495368,0.1449312,0.8399157,1.4447367,1.0385139,3.9434347,1.5529516,0.022097956,0.93989015,0.24626338,0.14351337,0.32429826,1.2141409,3.037833,1.1844256,1.0739849,3.0961447,1.2997388,0.13812989,0.21042773,1.0498853,1.7463839,1.512929,0.42256233,1.5333651,0.26032254,2.5699446,1.1660135,0.04432653,1.0095338,1.2330612,0.8778306,0.86789423,0.95614374,0.8082723,1.4990383,0.9702197,0.3430957,1.0487496,0.7029149,0.565083,0.044416003,1.2646462,1.5035609,3.8127935,0.26173708,0.83552235,1.5971624,0.7755268,0.42027608,0.17964308,1.0334853,0.23664884,0.58463883,0.028185496,1.6091355,0.09918461,0.41050303,0.6302337,1.4367503,1.4371344,1.4314194,1.573379,2.4850178,0.46904528,0.19591822,1.4926432,1.521713,0.64358926,0.53653216,2.0273852,0.9010567,0.7996956,1.5656565,0.9928093,1.1530299,1.1886569,0.8025315,0.5102833,1.1254354,0.80793464,0.41277927,0.14886126,0.2532083,0.13399027,0.3215002,0.56261927,1.0242401,0.05954697,0.42787215,0.2895252,0.50268126,2.7564182,2.7730165,0.8894025,0.18666591,0.24461177,0.19718204,0.34444395,0.46878153,0.24717319,1.2221787,1.190797,0.09080248,0.8953558,3.0677774,0.4392744,1.8100822,0.33282357,0.16187562,0.53535,0.21327673,1.4892612,0.76739484,0.37968603,1.2580345,0.102112226,0.6956095,0.88257915,1.2589604,1.5518702,0.8701785,1.4477464,2.4319522,0.01578625,0.2845486,0.7730451,0.6195937,3.1280797,1.8482662,0.8963417,0.17255026,0.27046248,1.0762422,0.5724163,0.40972993,0.8472455,0.9135381,3.7424226,1.2954805,0.33659527,0.41724512,0.25653368,1.865465,0.3985313,0.16912112,0.44176245,0.7536931,0.60317063,0.9475612,0.29511327,1.5940517,2.986272,0.41177917,0.67196095,0.09449914,1.4804143,0.009328789,1.2962106,0.048915815,2.320584,1.6943539,0.3511196,3.0483308,0.03410106,1.0173612,1.925465,0.38062668,0.2822488,0.031043302,0.81586075,0.64031017,1.243422,1.6956466,1.6549797,1.3413665,0.08470368,0.15336458,1.4664397,0.30208835,0.77458316,0.60617685,0.6486341,5.126658,1.7174271,0.6912353,0.016677417,1.3153566,0.49134284,0.30795595,0.7980191,3.5794623,2.0173125,0.46560964,2.042504,0.26637614,0.5120919,1.1000497,0.4936989,1.2748059,1.0371178,1.2235117,0.0681032,0.76743084,0.13380282,0.1991784,1.1885947,0.51898223,0.09447516,2.3293319,0.67897296,0.129968,0.2851619,2.271762,0.380841,1.1682194,1.9778847,1.4458874,0.8800804,3.6808302,1.3549639,1.8411665,1.4868903,0.10205358,0.89339805,1.0795798,0.6551644,0.6005685,1.7747544,0.35329717,0.60769427,0.8964081,1.7661151,0.7506549,0.8236473,0.27608415,0.91989505,1.6526486,1.2523688,1.6071067,0.8534422,0.8507381,1.9571452,0.10378955,0.91096294,0.4049649,1.1724688,0.21482208,1.3708476,0.37785825,0.6023462,0.79470116,1.4300302,0.60617685,0.10897346,0.566992,0.32344985,0.85632247,3.1925073,1.2225312,0.13836715,0.0404391,1.0517184,2.867416,2.3941946,2.5649683,5.540869,1.5743439,1.1962444,0.6465747,0.18206681,0.47922617,0.2996675,0.4965686,1.9603738,0.5846851,1.6198477,1.3769406,0.17891414,0.99810857,1.9577302,1.1651059,0.31610027,0.1468539,0.5138808,0.27366447,0.082059,0.86259687,0.047729593,1.0564593,0.28286824,0.23230872,0.663444,0.06638809,1.5868598,1.316349,0.8464282,0.72081864,1.1889617,0.48313335,0.18917143,2.7387452,0.55704033,2.27242,0.91180503,0.6303694,0.71614134,3.3886127,1.6722186,1.3667157,0.9096963,0.49942568,1.4119503,1.0323935,2.8056264,2.2199042,0.36852676,0.88397527,1.7289454,1.9213791,1.3114138,0.31398875,0.11138086,0.29776004,0.42284143,2.059122,1.2473265,0.23636737,0.6015921,0.7787617,1.4989008,0.49035138,2.1037729,0.37200448,1.0565747,2.6408622,0.03689904,0.8500515,0.6240543,1.9157197,0.4047098,0.31292254,0.82759374,2.7377758,0.8076153,0.7862143,0.06531739,0.24377647,1.6105094,0.9496651,0.043674204,0.4874615,0.480798,3.7357223,1.0207791,1.6678133,1.1882555,0.36418715,1.1797944,0.68533236,1.5251724,1.8800372,0.6211007,0.5961369,0.63319844,1.5347515,0.081821606,0.13634497,0.04408192,0.72834,0.71408653,0.8778023,1.0872664,1.6296244,0.0,0.5039348,0.17558098,2.3392215,0.47032803,1.2048268,5.145885,0.6684215,0.8734834,1.2763438,1.3989599,0.5231108,0.90651625,1.7966349,0.1408359,1.2161403,1.1304818,all_pothole_images\pothole_images_enhanced_cded1501c43fc4859128d73166f109a2.jpg
0.9471749,0.7282349,0.036441218,3.5297215,0.3734149,0.2826182,0.028364396,0.0,0.035772964,1.2967688,0.5341233,0.32416525,0.0,2.2403767,0.011973483,0.035652306,0.046224825,0.53441364,0.3972448,0.044137526,1.445503,1.7019908,0.36344305,0.09650656,1.1138545,0.42472994,0.79292667,2.3117683,0.15453307,0.96181035,0.6929048,0.101392075,0.09732202,0.8102873,0.25316113,1.1146308,1.2681459,0.43888286,1.2941643,0.18801095,0.09967697,0.5259735,1.5096747,2.4459262,0.4917609,0.028145785,0.24572083,0.6416072,0.46034142,0.12601727,0.5277239,0.5159931,0.291745,0.03368435,0.17594829,2.58483,1.4300848,0.2896278,0.072550684,0.44375885,0.1268388,0.3905396,0.74122626,0.8347161,2.0145726,1.4091966,0.51558346,0.1141615,0.07617359,0.65731883,0.3981157,0.25809166,0.82724315,0.9653491,1.0354452,0.84216946,0.33001533,0.58570385,0.00037224765,0.66406655,0.38751847,0.4710842,0.55858314,2.3031335,0.31172016,0.054123275,0.19678329,0.038870387,2.000799,0.08309864,0.2070129,0.445906,0.86986214,0.6849651,0.0,0.21181878,1.4079999,0.116527416,0.29210776,0.6304226,0.030223295,2.6502297,1.2057537,0.1507774,2.8727372,0.011002934,0.56964844,0.52847147,0.32284155,0.2486209,0.03125649,1.6770788,1.6629565,0.0,0.7727216,1.1350332,1.4283096,0.028142216,0.5778056,1.4848658,1.4863044,0.0,0.12185241,0.9560881,1.756918,0.43130976,0.64792943,0.27591732,2.1396182,1.1408225,0.5112313,0.040482428,0.05062362,5.255449e-05,2.2842946,0.702183,0.7065651,1.2281383,0.46885872,0.16636235,0.42510846,0.34996784,1.8227068,0.8426924,0.41458887,2.0857313,0.38981226,1.2783235,0.9726466,0.017119516,0.028865071,0.1477475,0.49439535,0.3561977,2.115544,0.8859266,0.27243376,0.10835094,0.68776256,1.4924846,0.91237825,1.2673801,0.34265214,0.68499005,1.2266828,0.931523,1.258108,1.27341,0.45864627,1.48369,0.46816114,0.29577526,0.41786563,0.3936943,0.28853709,0.60311157,1.1766571,0.029081626,0.34817988,0.025344856,0.09443782,3.6161306,0.24578705,0.22202206,3.0431745,0.08050605,0.84231454,1.7927899,0.72382385,0.8436242,0.40601075,1.0024863,0.64773494,1.0957841,0.49184588,0.4868893,1.6191689,0.25936484,1.5811805,0.27410993,0.36733472,1.4207908,0.044784665,0.59076643,0.057841357,0.007695244,0.5700921,1.2451494,0.592882,0.46893355,0.0,0.020092478,0.40924826,0.4061263,1.9651327,3.460765,0.1764547,0.30869865,0.6348311,0.5489902,1.8138642,0.07957441,1.1146171,0.36195883,0.051189683,0.07702336,1.429391,0.16072263,2.317639,1.0041046,0.11886975,0.021965029,0.34081337,0.17409846,0.3992045,0.032085177,3.0079582,0.42345,0.5377122,0.718953,0.28340575,0.28392422,0.35526034,0.35039768,0.45881683,0.0025608137,0.6406175,1.2116605,0.27756625,6.323277,0.08533729,0.30035928,0.6294896,0.5268098,0.018801281,0.49492347,0.576677,0.69100404,0.25054306,5.385746,1.1602824,0.19182256,0.95075876,0.0062287473,0.63165027,0.4841408,0.5084727,1.2045761,1.176744,0.43984202,0.17504096,0.002873901,1.4269872,0.814545,0.6993862,0.21591087,0.13118142,1.1160895,0.15384947,1.0356574,1.268877,0.82547814,0.3039382,0.25889418,0.075116865,0.9775243,1.664936,1.2132021,1.6920269,0.50281394,0.06668967,0.2173436,0.21323861,1.9443467,0.91010034,0.25741374,0.30674475,0.2913708,0.0,2.6467009,0.39721355,0.3778347,0.016992591,0.1110696,6.642186,0.6761137,0.1814148,0.1369046,0.0926826,1.1140817,0.6816929,1.4788246,1.1307546,1.6822748,0.9322414,1.0711325,0.0048527378,2.1098845,4.1623645,0.21003528,0.025533758,0.11186394,0.48176768,1.3359873,0.6916057,0.49859166,1.0484456,0.0033360284,0.5139665,0.5732908,3.008191,0.06285602,1.1893034,0.20595196,0.18865769,0.13395235,3.000097,1.7071676,0.14325453,1.6408048,0.9252748,0.96348417,1.2922298,0.9308028,0.57223547,0.26242784,0.2687566,0.34742472,0.54457027,0.095324926,0.531458,0.045632973,0.367579,0.76832324,0.68027186,0.016008455,0.36444613,1.4020249,1.3814617,1.343831,0.011141187,0.5854869,1.2114809,0.9580592,0.0063591916,0.113994345,1.5557328,0.25215274,0.18480276,0.6312746,0.64418703,0.0041485163,0.5085577,0.59327406,0.2737684,0.42123738,0.63227576,0.07168411,1.5569562,0.5437009,1.753464,0.33276024,0.37640154,0.5243123,3.4154663,0.78398526,1.1902729,0.6392194,0.031100873,1.9318367,0.92859805,0.37028852,0.14925787,0.07333399,0.367886,0.6432964,0.65092677,0.6892619,0.46364608,0.008103948,0.2643246,1.7357056,0.5762512,0.5257469,0.80238265,0.5190288,0.36834183,0.48142475,0.5302119,0.18920559,0.45659935,1.0019886,0.0,0.39606172,0.03118987,1.3254455,0.98856276,0.18753853,0.86902165,0.0,2.2346048,0.49411818,1.4929209,1.2433153,1.5182613,0.72917086,0.87337726,1.0775886,0.6992911,0.29071215,0.0059427023,0.7030669,0.60577285,0.43625718,1.3433838,2.6757836,0.62031406,0.2582975,0.24699643,0.3633391,1.306918,1.6277777,0.5025936,0.258517,0.05699483,0.111145325,0.9260335,0.31498024,0.6159712,0.68398654,2.6149063,0.09572393,1.1294072,0.61419296,0.40821862,1.3296391,0.11783214,0.23301795,0.14478827,0.7173605,3.174638,0.0419381,0.6739555,0.23938435,1.2124091,0.13196482,0.14231999,0.5534052,0.2239026,1.3335509,0.37232152,0.40969974,0.2605076,0.2899775,0.930395,0.15491971,1.1356269,0.46284223,0.38071626,0.28798655,0.030996673,2.5798023,2.8946626,0.6048821,0.46590275,0.0055158157,0.13086215,0.33232915,1.4170908,0.051687416,0.28220305,1.6686738,0.27199316,0.12717807,0.12507844,0.17203447,0.058565244,0.039540045,0.3871571,1.0394027,1.0296937,5.306362,0.9229183,1.6587594,0.39786896,0.7836428,1.1937144,0.053917218,0.19677946,0.9586334,0.20277815,0.8480274,all_pothole_images\pothole_images_enhanced_cdf0b0dff8c53635f1139811c66b7608.jpg
0.47842756,0.9767457,0.07681789,1.2435908,0.12387746,0.11085652,0.24865058,1.3172973,0.21588536,0.16898893,0.16225925,0.36812356,0.021381494,1.7491274,0.05017267,0.49751103,0.19554803,0.2060428,1.0183462,0.13463484,0.38993415,0.8656312,0.3090218,0.33740792,0.06163195,0.2607019,0.010144083,1.2385725,0.3416347,0.16538174,0.07773332,0.105857246,0.11198172,0.014245637,0.0,0.06447423,0.571899,0.49573696,0.6882012,1.9582164,0.04671092,0.0,0.16244216,1.6718997,0.45659745,0.12425286,0.0,0.047820527,0.2866382,0.062365185,0.02673345,0.1045724,0.4966777,0.023818787,0.052426565,0.40557238,1.9501793,0.01954795,0.011322904,0.05889132,0.0,0.09853135,0.5959143,0.33546874,0.24621895,1.311145,0.56832665,0.037986558,0.01957875,0.12523857,0.2575151,0.27704555,0.022439975,0.02393183,0.1373723,0.002047137,0.00306922,0.04504697,0.30880907,0.27869484,0.078303955,0.15548556,0.44325233,2.133141,0.10585401,0.26289043,0.15680943,0.13918345,1.5637285,0.080634534,0.0027240426,0.30738887,0.0,0.01286999,0.016127275,0.0,0.33263186,0.6739774,0.14921549,0.028563956,0.111368656,2.1853476,0.037452236,0.0,0.89842653,0.18201524,0.013037281,0.0,0.010874787,0.22184442,0.0160723,0.1404777,1.1277008,0.13872485,0.18232565,0.2635886,0.0024002502,0.0,1.4122823,1.0517949,1.56686,0.04479091,0.08146163,0.6426485,0.3911694,1.0394647,0.12718046,0.055154182,1.6618012,0.0,0.016504776,0.16942286,0.0,0.22238436,0.34259966,0.26169857,0.001128251,0.7597738,0.21344343,0.024985896,0.22326893,0.0076945308,0.22307135,0.08133616,0.16332664,0.8721078,0.036091473,0.81369066,0.014135035,0.29127148,0.7798974,0.34714767,0.05822449,0.026771773,1.0447237,0.036263533,0.114861116,0.0,0.79829276,0.3326415,0.58507055,1.0496318,0.08681069,1.078428,0.6117538,0.019821076,1.4167342,0.01792474,2.5050764,1.5249395,0.081530444,0.022818204,0.0482567,0.0,0.7658066,0.030497959,0.019504346,0.0,0.037559032,0.023166912,0.24305058,0.33343002,2.961186,1.7773262,0.15339261,0.33656278,0.18355462,0.03400489,0.051875144,0.11975994,0.028248558,0.01435729,0.0,1.4076014,0.28091836,0.0,0.014152371,0.031473532,0.11039401,0.38026622,0.15114953,0.9315067,0.87036544,0.3700939,0.38488483,0.024673529,0.48592937,0.052204978,1.8776395,0.4971058,0.0,0.089158624,0.7260943,1.2909592,0.577604,0.41959074,2.5007734,0.1285805,0.1229682,0.18343665,0.03115442,0.39961654,0.36750305,0.6834537,0.021581534,0.011967982,1.2947607,0.0,0.6346994,0.07178365,0.0,0.5486344,0.09944131,0.10798049,0.014270319,0.0046783304,1.6158172,0.13487963,0.0,0.047407724,0.020255446,0.17022428,0.001884521,0.0,0.34019133,0.005232756,0.16218486,0.0018719415,0.2670741,3.935788,1.033299,0.0,0.0739352,0.13675408,0.0198744,0.09509603,1.4811342,0.0013412924,0.22315916,1.9958243,0.0,0.14047736,0.6207518,0.021756075,0.06046116,0.35333005,0.80838764,0.11090934,3.0804667,0.0,0.15556496,0.037302658,0.78411484,0.0015843002,0.042736076,0.50812775,0.21725105,0.28779647,0.0010367786,0.450241,1.7043968,0.042524766,0.35993338,0.2992281,0.17009838,0.10475834,0.0,0.0,0.5778017,0.05901504,0.41741705,0.012284926,0.018614518,0.057437714,0.0413256,0.5786894,0.0,0.47576156,0.07343413,1.9641098,0.25351733,0.26101586,0.006336698,0.8386247,6.095492,0.004436627,0.0061056763,0.2282593,0.023085391,0.04307393,0.45297125,0.4653769,2.7828891,0.028262664,0.0,0.49776578,0.019434012,2.2239118,0.18346299,0.14271754,0.1287369,0.0,0.0031194568,0.0041170823,0.13110304,0.007390531,0.57320595,0.0,0.21710917,0.0709638,1.0412682,0.07828192,0.071704164,0.027760714,0.021762539,0.94637644,2.2445781,0.2084465,0.1603077,0.0,0.5262746,0.82312024,0.7117778,0.00752644,0.87085176,0.0003590104,0.17436539,0.10752994,0.6302771,0.29441872,0.1100286,0.04371016,0.30729154,0.4579899,0.013973808,0.3632607,0.10456703,1.2480756,0.092488684,0.08660834,0.0,0.40210178,0.15942468,0.11308195,0.16609402,0.017334154,1.1688654,5.6335415e-05,0.44978386,0.015523404,1.8241558,0.041208368,0.026248328,0.0,0.451938,0.16368599,0.60506743,0.023712674,0.323435,0.13233508,0.3612913,0.004207154,1.6220459,0.5172511,0.7449253,1.3676122,0.5343867,0.03511758,0.21589789,0.31400692,0.06034739,0.28227168,0.14946735,0.2170351,0.12395246,0.0490892,0.9594087,0.26979765,0.04433244,0.20352748,1.5587726,0.24333182,0.77572054,1.118785,0.7804777,0.01526593,0.17690183,0.560679,0.12723586,0.3025285,0.4575847,0.34133655,0.20622876,0.04587074,0.04566333,0.14623469,0.50807273,0.36729214,0.06808127,0.0,1.45123,0.1948058,1.3438677,0.5077525,1.3074926,0.005039461,0.97693914,0.06142731,0.35593522,0.036284458,1.0392311,0.06280916,0.3493075,0.06724602,0.0,4.1173167,0.12110254,0.09285583,0.38478267,0.35462826,0.688205,0.1300001,0.11769535,0.0,0.4972951,0.0,1.2302661,0.39253,0.181408,0.16398983,1.3240185,0.13965896,0.57833695,0.021226143,0.44205517,1.1393433,0.5965182,0.1660534,0.23257808,1.2651557,0.40769684,0.07473315,0.6262703,0.013710007,1.1909797,0.0,0.0045034443,0.01340152,0.0009502168,0.90783286,0.9718816,0.0014042889,0.26757237,0.0019579735,0.5398756,0.19205089,0.0002832654,0.93565446,0.12544733,0.29428095,0.56622887,0.86540097,0.2368547,0.019822191,0.0,0.08454971,0.025770029,0.025578275,0.06295496,0.01983805,0.86438763,2.289695,0.04415919,0.0,0.0,0.014192643,0.013062076,0.43391684,0.121411845,0.27021423,0.12575133,4.3620634,0.0009980275,0.056655798,0.061499033,0.5490558,0.14958842,0.93151665,0.109845616,2.404535,0.8352496,0.21325901,all_pothole_images\pothole_images_enhanced_ce021b8b494001a36d4e2aeeb3bb4cd1.jpg
1.1134797,0.8283339,0.25611123,2.5375545,2.039807,0.5448894,0.7178452,0.59292334,0.044203684,0.51020896,0.22544335,0.38363612,0.14505142,1.8418896,0.7245324,0.40162024,0.38609612,0.1681103,0.52302504,0.31638756,1.2478964,1.7352937,1.1855727,1.7733679,1.7972417,0.7042385,0.80235165,3.8201127,0.97429967,0.06591907,0.3499576,0.06922923,1.6420072,0.19659194,0.29234233,1.6252468,0.2733865,0.8735713,0.7551214,0.8469557,0.039683692,0.34914604,0.5932089,0.03486487,0.6268328,0.8619777,0.4524786,0.262468,0.4519549,1.5494977,1.1901428,0.064599544,0.17756176,0.41726568,0.09534881,1.1551179,2.8269682,0.019064115,0.2786931,0.31464326,0.7285541,0.9574308,0.7451132,0.1941671,0.94773823,0.6781535,0.21417776,0.17875394,0.5849688,0.6677519,0.21943742,0.05186501,0.4217683,0.11353728,0.67047375,1.4055059,0.042469483,0.8074501,0.044557847,0.2374178,0.025877101,0.23509906,0.29557326,2.0396168,0.75857276,0.91368294,0.01491969,0.061041344,2.8925858,0.45574844,0.046807695,0.44976732,0.058395296,0.59342355,0.46064365,0.30284065,0.56041515,0.17072168,0.8218437,1.2063991,0.1669517,4.3863993,0.5432598,0.4652286,0.9810904,0.009282799,0.38374195,1.0729183,0.00023312867,0.12969954,0.36726683,1.6165656,1.3841727,0.12902567,0.65308106,0.61603427,1.6345022,0.22208673,2.1821322,0.88910013,1.8756944,0.59697056,0.20974667,0.6148247,0.38462678,1.2917045,0.82914656,1.3458478,0.24097452,0.707795,0.6211203,0.0063186153,0.20767383,0.8489684,0.7303783,0.8433128,0.6408279,1.1764213,0.27549645,0.0028501244,1.1043211,0.37390393,0.44444922,0.21884711,0.43584898,1.040844,0.11021443,0.32624593,0.5038854,0.30468655,1.1629848,0.6672193,0.027762735,0.4069003,0.83454114,0.5975961,0.97112036,0.3076997,1.776905,0.5805874,1.6949936,0.91308373,0.35003436,0.16621056,0.73903817,1.1598258,0.9188709,0.13312949,1.9672832,0.4029537,0.027648643,0.12416637,0.024243714,0.42784843,0.08529995,0.3156065,1.7078425,0.16880825,0.14067408,0.10262365,0.7004937,1.21977,0.742747,0.97768235,2.2783432,0.038141698,0.033313375,0.69727194,0.22453731,0.53047204,0.21637808,0.054443154,0.13209456,2.1274405,0.023098772,0.38085648,0.577215,0.29067224,1.3864253,0.8036286,0.6131542,0.9653267,0.97364026,0.52951795,0.17308524,0.3241732,0.14784098,0.40056357,1.0169363,1.1531819,0.042975903,0.14210106,1.0855225,1.5635036,1.9648074,1.3185824,1.7957939,0.09100254,0.99234337,0.65918756,1.8905082,0.00012743172,0.5022959,0.34459165,0.0992211,0.68608344,0.7802328,0.41700846,0.8404598,0.4506345,0.80179346,0.85858035,1.0024523,0.33746278,0.3224164,0.00595391,1.270551,0.07263673,0.06713508,0.03180753,0.85913926,0.0048562707,0.68916965,0.39593995,0.28334922,0.0,0.7421009,0.76954335,0.7616547,4.798421,1.2145807,0.26030672,0.8177692,0.18008718,0.009788232,0.5324845,1.0217369,0.26572528,0.8723139,5.171792,0.18023276,0.1599968,0.8649975,0.81687933,0.16806102,0.19564718,0.4455802,0.09277267,0.57300097,0.5368272,0.22851557,0.11628117,0.08366135,0.16414702,0.21497783,0.8270381,0.5455635,0.06678364,0.4784807,1.4138582,0.5745443,0.83648974,0.1349889,1.4106228,1.4906633,0.4104091,0.49213982,0.28404248,0.9264017,0.4261354,0.27711138,0.08434014,0.26217636,1.5350246,0.23193467,0.32269365,1.1229118,0.59834194,0.0018345412,1.4984525,0.036037587,0.20313717,0.34285697,0.8748846,1.8080257,1.2749803,0.19904672,0.31872964,0.13229847,0.40630418,0.8066832,0.8740611,3.2422101,1.6911001,0.7556229,1.011369,0.095794745,0.92787457,2.1773808,0.24052055,0.066203386,0.19388482,0.1250533,0.33549452,0.6888527,1.0254995,0.12211871,0.6745519,0.5897061,0.36056104,1.5706351,0.44025147,0.0,0.043946695,0.17124102,0.25574848,1.5149714,0.58318096,0.5787173,1.0367966,0.47171682,0.27196005,1.7286931,0.013278653,0.43973765,0.14148836,0.50862104,0.17396492,0.44081438,0.50475246,0.7547244,0.42062053,0.3476255,0.6910334,0.40329036,0.058207966,1.2763648,1.0857645,0.7385954,1.024737,0.31325534,0.4291535,0.5742112,0.46436012,0.0056150733,0.23942034,1.5542328,0.7970899,1.5846802,0.5845995,1.4111104,0.10022537,0.311445,0.37246364,0.5385659,1.1299239,0.015578,0.11450022,0.1712822,0.5453432,0.29864407,0.025079943,0.6387491,1.1935234,4.638928,1.6172851,1.9692576,0.36927247,0.76482743,2.8588212,1.1641428,0.16729882,0.0,1.1465647,0.16794194,0.092699505,0.9485057,0.07986672,0.44922832,0.8059285,1.0190952,0.68091,0.5000349,0.19305934,1.0060697,0.0,0.46943796,0.0039306204,0.640677,0.0,0.26401976,0.0,0.29524782,0.3122887,0.02986537,0.5997757,1.9946167,0.45646465,0.7562663,0.13094418,1.6270866,1.0187409,0.5102163,0.94066757,2.6960948,0.23848943,0.8257046,1.1015025,1.8820022,1.2438961,0.47153816,0.6876811,0.4819692,0.8144011,0.9558119,2.6330683,0.54366046,1.2271047,0.12978782,0.13917501,1.6228284,0.226692,0.06175314,0.17508838,0.4487436,0.52524084,2.104691,0.37717885,1.0120816,0.8450792,0.42275152,1.0536666,0.9829812,0.34505227,1.5457717,0.637751,1.9569005,0.027659325,0.13589051,1.5820338,1.5761318,0.78813654,1.345001,0.21309587,1.131544,1.1349292,0.31157333,0.36321315,0.8372122,0.7586996,0.8391012,0.59632325,0.40410718,0.2349471,2.084188,0.007921743,0.36755586,0.40394765,0.5355888,0.20867628,1.0856131,2.3583634,0.54757774,0.7056623,0.07829874,0.07996402,1.6592107,0.043799087,0.74819744,0.062413868,0.47533697,2.727977,0.3025414,0.32378575,0.21979393,0.16392945,0.07600114,0.32204503,0.59486204,0.0,0.7610665,4.966511,0.53601164,0.22282721,0.24522974,0.08511868,0.25666082,0.6249481,0.29694515,0.66018164,0.96710473,0.5351382,all_pothole_images\pothole_images_enhanced_ce254909d3e28c8eecfda8304e153a02.jpg
1.2574514,1.974304,0.3871147,1.575079,0.1278819,0.5041256,0.72260827,0.0,0.82662696,0.40335736,0.527528,0.45943153,0.70134455,1.7140005,0.3460303,0.36687228,0.2373498,0.3895185,0.841623,0.58633256,0.45755744,1.7186989,0.16238658,1.371481,1.0031847,0.38773745,1.3680242,2.0820336,0.22376862,1.3018782,0.395655,0.18457183,0.6455968,0.24643517,0.7642995,0.2817783,0.0885945,0.5396951,0.03897769,1.2976549,0.009833306,0.074457325,0.13541158,1.601176,0.52725506,0.05161683,0.08690949,0.21766588,0.07800187,0.55673826,0.52586365,1.1225451,0.6482109,0.11976929,0.2419688,1.8929262,1.2301738,0.44586185,0.7777037,0.5949497,0.12145931,0.7200357,0.6451457,0.15295658,0.66265434,2.2119193,0.8539244,0.56219304,0.3915951,0.71040606,0.46731922,0.5022855,0.28417245,0.66912955,0.15560025,0.9047036,0.63151777,0.5468399,0.0373145,0.44661105,0.39020672,0.319938,0.04385775,1.9707588,0.35013303,0.47155526,0.3553942,0.13686118,3.4159453,0.13478307,0.15728489,0.3835144,0.94519883,0.93443334,0.08734819,0.22861935,0.23196313,1.1197042,1.4724268,0.86242557,0.28950807,0.688869,0.47046167,0.48022157,0.3834437,0.5756354,0.32520446,0.0245324,0.057713643,0.41302848,0.3643212,2.51828,0.5698541,0.20903173,0.3875295,0.847459,1.7873639,0.13651991,0.3196156,0.30093154,1.9040991,0.20179898,0.60126126,1.4634944,1.5333549,0.6546781,0.11461008,0.724875,0.8314761,0.42651078,0.76997924,0.4820868,0.4083418,0.49753883,0.14654443,0.9306793,0.5873757,0.83958244,1.3738321,0.43766028,0.12064963,1.361014,0.2763573,0.8464561,0.274772,0.6114242,0.78421515,0.0265792,0.96867037,0.56387615,0.52126986,0.40636715,0.0061148494,0.60927796,1.4512498,0.42102006,0.39029273,0.07531234,0.53021705,0.7093727,1.6313819,0.44772604,0.08650314,2.9359877,0.29666364,0.2704957,1.6491796,0.2336387,0.5199571,0.8249341,0.028646575,0.13189958,0.43178532,0.73049414,0.3189122,0.0756267,0.72745013,0.14930375,0.38585615,0.46315694,0.41508362,2.5938985,1.6149049,1.8327433,1.3414019,0.8977703,0.25072497,0.05862299,0.54954743,1.4676038,0.5973601,0.7852308,0.23012342,1.0552905,0.12553668,0.0,0.7904752,0.803459,0.50371736,1.3829525,0.121077806,0.77229947,0.025849385,0.31922564,1.1790972,0.72909653,0.73083144,0.37515748,0.32731074,0.1339857,0.21949285,0.8372149,1.2529752,0.5421973,1.3008201,1.4741746,0.5872882,0.06282611,0.83928174,0.13221933,0.71380115,0.10645126,0.5977208,0.7147754,0.72877276,1.1183333,0.98364866,0.3202789,2.005411,0.026394833,0.40289995,0.5418393,0.59157157,0.4702443,1.0201343,0.3010531,1.0150295,0.02278212,0.027873158,0.0019960434,0.020899625,0.44313788,0.14350691,0.18348716,0.34048104,0.0,1.3308649,0.21651144,0.4167093,3.4851017,0.51375437,0.32040188,0.9750886,0.05631675,0.24722421,0.022106016,0.83761084,0.8543074,0.26485354,1.1548291,0.52254593,0.26433963,1.1315699,0.29882658,0.5347126,0.8673086,1.4143499,0.5062604,0.7122579,0.56726146,1.16575,0.012332111,0.1753183,0.05932597,0.63830453,0.60341644,0.35982978,0.26387703,1.2028569,1.327055,0.97915864,0.245843,1.1978848,0.09456467,1.2783577,0.9576813,0.41303915,0.7735931,0.8618174,0.6764105,0.37171724,0.20187788,0.62911284,0.4708969,0.45576188,1.037789,1.0053513,0.2148158,0.6443348,1.7983451,0.3400407,1.6638043,0.015475743,0.52333933,4.012059,0.06663969,0.18156357,0.9417455,0.3288127,0.020136151,1.1725446,0.06146818,2.7609456,1.2092159,0.27166492,0.71304095,0.74070203,0.6966765,2.180732,0.52420586,0.13862473,0.3342533,0.3720061,0.42462966,1.3938645,0.7288789,0.40105158,0.11321274,0.9213023,0.45005876,3.451042,0.49778688,0.7773151,0.8630211,0.46285993,0.29124114,1.1039146,1.1787325,0.1997295,0.41311488,0.68371284,0.80543673,0.99309933,0.621575,0.11999432,0.56786954,0.0685682,0.34345388,0.12102983,0.3913165,0.23516823,1.2709184,1.0879381,0.72888196,0.19709226,0.2019802,0.24880117,1.2245071,0.24778126,1.7698773,0.20258382,0.030847296,0.18779592,0.21077922,0.0,0.2712364,0.7630078,0.4101334,0.17060906,0.30323395,1.3975214,0.8633367,1.0239059,0.09146328,0.97078204,0.8210214,0.0,0.41245678,0.566509,0.44378638,0.3770554,0.47632936,0.27822372,1.6254829,1.8290685,2.2739573,0.9522456,0.3781358,0.0509562,2.2451665,2.1668358,0.9844949,0.101774484,0.37021348,0.0461208,0.3071496,1.2244892,0.2190416,0.24782203,0.10136711,3.045037,0.4904084,0.81699526,1.0952433,0.739934,0.31569588,0.6166761,1.0619376,0.065658115,0.506914,0.22626698,0.63609135,0.57827806,0.22194071,0.13350472,0.75509673,0.70709634,0.34193808,0.95696723,0.1821365,1.2720143,0.48182818,1.7822589,1.3123301,1.264139,0.3984702,1.1989874,0.65247947,0.57031846,0.056062397,0.055724114,0.3650457,1.0247729,0.6232859,0.15500574,3.856757,0.28233463,1.498362,0.31499577,0.30017227,0.5975775,0.005865876,0.09345175,0.49660775,0.07689131,0.004526411,1.0716811,0.9851428,0.61478144,0.41160423,1.8571876,0.80085766,1.4066651,0.6929424,0.4391295,0.48725587,0.121609606,0.2426983,0.105991825,0.88309056,1.4199086,0.60241973,0.5108427,0.027125513,0.90375566,0.36527726,0.7611319,0.073795155,0.3009843,2.0750482,1.0061655,0.60153174,0.048293196,0.4379339,0.80573577,0.7281164,0.2899086,0.8121998,0.1375901,0.27318984,0.81903636,1.9827547,0.36622727,1.1043105,0.0,0.60247284,0.42734084,0.15895525,0.5096356,0.12175226,0.5184237,1.3398774,0.46933898,0.057351783,0.14356345,0.11449835,1.1052467,0.1166129,0.14671266,0.08457732,0.2130834,3.1105351,1.111225,1.1214225,0.35699517,0.48845315,0.28575227,1.0519506,0.27794403,0.4495929,0.5609331,0.12027516,all_pothole_images\pothole_images_enhanced_ce416ad8f36154be85cbb214058a6bc4.jpg
1.6686616,0.7739268,0.5582909,2.743603,0.4755866,1.0426062,0.95503426,0.9171626,0.024883002,0.46270752,0.0,0.78069735,0.22190484,0.52984416,0.7395684,0.27815428,0.041319013,0.9122889,0.5430835,0.7954807,2.029577,1.3961046,0.102045,1.4282122,2.016496,0.023037028,0.2773412,1.357103,0.17115958,0.5088279,1.2873013,1.290673,1.6860083,0.9859078,0.8960386,0.9065211,0.8324194,1.2960203,0.27340752,1.6474371,0.69308627,0.56000835,0.66398746,1.1044077,0.9726866,1.2534615,1.1827803,0.061380308,0.775995,1.980339,0.45867467,0.41268146,0.80443627,0.18298578,0.21425714,0.58146614,1.5335721,0.6860537,0.47056764,1.327233,0.5092153,0.03737469,0.54442453,1.5109081,0.25346884,2.6104326,0.27283394,0.25932124,0.7081452,0.10743816,0.86042833,0.20276044,0.58485925,1.6739697,0.7572904,2.9924777,0.13802867,0.58642834,0.18414341,0.13897415,1.7594221,0.23607607,0.64704436,0.440474,0.027233243,0.2040768,0.81047875,0.46076265,2.5403094,0.52630407,0.020023273,0.1071427,0.69050205,0.2458335,0.098321624,0.17702644,0.02088535,0.39618155,0.65818024,1.2487768,0.035579562,2.5124755,1.5634798,0.19985086,0.8306931,1.1450008,0.36300725,1.6466074,0.27745646,0.31713325,0.0,2.9422352,3.154034,0.6845808,0.8531721,1.3781887,0.895311,0.3334913,1.9173785,1.9285288,2.775616,0.760576,0.32199612,2.1084478,1.0304164,0.65732306,0.90115184,1.875176,0.99187607,0.11794686,0.71389574,0.0,0.0,0.47652048,0.8310868,0.3898636,1.7008832,1.8292661,0.36460727,0.110925354,0.35880998,2.881871,0.27965748,0.6517093,2.3430097,2.2647455,0.70107675,0.37534285,0.9202704,0.4938141,0.28326714,0.42242953,0.43571645,0.1799017,1.9986525,0.28058535,1.497595,0.38718495,1.7191844,0.7895109,2.2158706,2.4989004,0.08482585,2.4147272,0.027427828,1.4297878,0.9545856,0.03091675,2.1865304,0.78383815,0.036941484,0.0,1.1682171,0.5419206,0.41690102,0.52522045,1.1199495,0.0008381288,0.61125547,0.0,0.13821077,2.9691832,2.2091825,1.853557,0.97479695,0.8534629,0.421396,0.55191594,0.33161154,1.3726875,0.69441193,1.7386318,0.304663,3.548679,0.5286222,1.2335331,0.640495,0.69621485,0.3354208,0.25011384,1.1910696,0.78822315,1.2539709,0.7492527,1.4011241,0.17177473,0.08840091,0.5326685,1.8491682,0.107988656,0.3773206,0.021737015,0.029286632,0.7586589,1.3549285,2.161295,0.54258347,0.32396528,1.4273866,0.13172856,1.7724142,0.60403055,0.650305,0.55819803,0.06131632,1.7049454,0.6820074,0.40527445,0.27061304,0.5362516,0.8448017,0.29652297,1.4943315,0.02618769,0.40131742,0.081549466,1.9697777,0.05664226,0.18723112,0.6873254,0.79239047,0.19638176,0.13591841,0.16245794,0.1062465,0.05405431,0.93389595,0.88672686,0.3872269,2.3460433,1.8348502,1.1810251,0.5252983,0.17270526,0.047391087,0.5262164,0.85817385,0.022515895,0.49057567,3.5591416,0.07965339,0.099923305,0.28117776,0.50817335,0.3956415,2.1056201,0.28794262,0.23195656,0.6814408,1.5957214,0.91476625,0.29766017,0.8892634,0.05549388,0.44501343,0.8511046,0.266509,0.76996416,1.4207225,1.2436812,0.21603782,0.1562784,0.4545175,0.2284518,0.24539106,0.3485656,0.45588967,0.3597543,1.3583561,0.6714468,0.44493204,0.33742172,0.48166445,0.4705084,0.09382483,0.11491016,0.09403138,1.0851915,0.74954784,0.83238626,1.6578802,0.57561,0.46140683,0.4840597,2.4545968,0.8834025,0.03406921,0.19179176,0.2748768,1.785423,0.78399557,1.4967183,1.7502233,2.9459786,0.25345564,2.4962194,0.0,2.2976036,0.83896124,0.57897705,0.8698737,0.4615638,0.94116426,1.321691,0.5845684,0.036800373,0.3761724,0.0023941041,0.31657565,0.31420642,2.0251129,0.14547637,0.0,0.83823353,0.29592457,0.31749642,0.6020551,0.06949215,0.44873932,1.0603639,0.5608572,1.4338615,3.4228234,0.20195952,1.9398291,0.47758165,1.6723409,0.19878444,1.1532035,0.33726808,0.21806839,0.24810095,0.66178113,0.85240173,0.23675267,0.66846657,0.17750557,1.3263235,1.3284605,0.42743245,0.8337731,0.34314016,0.9225178,0.14643183,0.05762891,0.5153306,1.4174806,0.2837157,0.017383657,0.3175325,0.47597227,0.33994743,0.53680146,0.4360667,1.4061261,0.3495747,0.50597906,0.34129772,2.1710453,0.40001944,0.16893746,0.18685642,0.30086848,1.285354,1.4524598,1.9880087,1.6124672,0.0,0.05087759,0.89433193,0.54161817,1.686988,0.24482054,0.25536856,0.24708094,0.70240504,1.5866612,0.64252543,0.64801645,1.1422658,2.1456308,2.4654593,0.7059909,0.27452952,0.08795196,0.16201219,0.39655334,0.65859056,0.9629177,0.38688254,1.235197,0.46159428,0.7074843,1.1558788,0.19742674,0.27157387,1.217907,0.3513549,0.48263502,0.43479896,2.780637,0.67323583,0.8642884,1.7745947,3.794189,0.1363475,1.7678792,0.6332926,0.9874557,0.6321215,0.34876305,0.7566193,1.8967322,0.9698309,0.9303057,2.2784877,1.3765916,1.2671599,0.28770342,1.5075912,1.0663582,0.8458352,0.38681248,0.23364349,0.44103482,0.19101311,0.08120214,1.2598146,0.2640367,0.8723931,0.7342939,0.52274215,0.9816614,1.3472129,1.0273712,0.23343122,1.677451,0.41355845,0.27528468,0.74382347,1.2234652,1.6367648,1.838885,0.28865522,0.14083992,0.16987495,0.52841234,0.23788951,1.7871411,0.85884863,0.64592856,0.5791126,0.2526016,0.0,1.8559474,0.0,0.48447767,1.6788372,0.028341142,0.062359434,0.32687822,2.329768,0.98596907,0.64940137,0.11028005,0.0,0.5137367,0.18858077,0.5435227,0.16597413,0.44562796,0.9476787,0.68540066,0.5687808,0.34256223,0.12035542,0.36882502,0.07990212,0.7442455,0.44769046,1.5027765,2.958176,1.5924832,0.06671205,1.2912427,0.60097927,0.089282826,0.074271776,0.34824237,0.14616081,0.05615994,0.8158946,all_pothole_images\pothole_images_enhanced_ce9cdc634fc9b2085c976e6864f5d0e6.jpg
0.6907535,0.21573651,0.01062987,2.2827954,0.06626068,0.23282205,1.1217222,0.20143804,0.0037376357,0.40043032,0.28138736,0.19662552,0.029830743,2.5882263,0.017366884,0.1622487,0.009589549,1.4357477,0.7969768,0.02557591,1.6891437,0.099449836,0.15589137,0.42143974,1.6530752,1.2510037,1.0735054,2.2892723,0.08439558,0.0033923697,0.3347275,1.116891,0.0,1.263612,0.5722498,1.380536,0.3267635,0.6470483,1.3699235,0.05232884,0.06344191,0.5751237,1.1807175,0.24545926,1.3687385,0.94045395,0.27522928,0.14554265,2.136237,0.49448034,1.7010942,0.103252195,0.74076647,0.41039804,0.16028918,1.2116151,0.42715445,0.4294346,0.7968841,1.1129577,1.0957826,0.5544244,0.007733892,0.315162,2.125719,1.6255943,0.45291716,0.93770003,1.0566108,0.004164861,0.6191412,0.81751823,0.3400468,0.21964756,1.8359146,0.18745025,0.6412,1.4584951,0.53637874,0.4979195,0.0,0.624166,0.89960796,1.53932,0.04734961,0.005787946,0.32854795,0.017120445,2.199581,0.90288264,0.18049997,0.7352247,0.48970217,0.5773206,0.6038384,0.0,1.3665141,0.56005245,1.1227925,1.167522,0.31424215,1.6358411,0.66509473,0.34230018,1.4992828,0.0047736843,1.3181418,2.2075765,0.111669496,0.38068086,0.70654714,0.44896513,0.34446195,0.524439,0.75869936,0.1601171,0.022754861,0.25398386,1.771194,1.5212512,0.30287465,0.03597579,0.542653,1.1433903,2.342448,0.44909316,0.991106,0.002288993,0.5061841,0.70487374,0.069240525,0.4219319,0.41431645,0.004192962,0.90640163,0.9901766,0.5624031,1.210923,1.381759,0.0,0.2105832,3.1993463,1.2389503,0.8383113,0.0524588,0.56581014,0.06798955,0.013902608,0.6951548,0.041369293,0.12665483,0.5570015,0.25240374,0.17618848,1.1998378,1.178775,0.81052524,0.2572637,0.87518233,0.78634197,0.73020184,1.5680339,0.32494318,0.9161665,1.0430909,1.1223831,0.50112176,0.025385525,1.0285939,2.5811837,0.105400465,0.0012129588,0.08557711,0.07230278,0.30625057,0.17487171,0.36371183,0.030296288,0.7736242,0.14312235,1.1414627,4.0310163,0.43261516,2.1985788,3.3545637,0.6319113,0.6669903,0.78775316,0.1222604,0.6272735,0.11215375,2.6915052,0.2356304,0.33849117,0.36775798,0.54860103,2.9691885,1.046018,2.6372492,0.87836975,1.0698272,0.16016461,0.0023006771,1.3546566,0.24719602,0.09520629,0.31731388,0.19024178,2.2522795,0.39181837,0.0,0.0034744304,0.43923315,0.14951967,3.0095274,3.5695183,0.034719903,0.0,0.2725907,0.9843527,0.9530258,0.09352865,1.1621512,0.0970342,0.0,0.31253815,0.66604984,0.037181683,3.2200224,0.9015845,1.409278,0.0,1.389414,0.3973858,1.1157854,0.6772307,1.5696365,0.0,0.35385934,1.954818,0.6184327,0.20278609,0.04586504,0.41908276,0.6109361,0.016722044,2.057407,1.7656555,0.6676462,7.876044,0.43125635,0.9095714,0.13028297,0.48165005,0.11986201,0.33064154,0.829949,1.4362555,1.0718473,4.974927,1.6360352,0.91888815,0.6917231,0.11753429,0.80235624,0.16061883,2.2392256,0.09305619,0.7050192,1.496691,1.103852,7.60599e-05,1.6632556,0.8315283,1.0893452,0.4230759,0.0,0.047025423,0.6596799,0.420748,0.57001936,0.39962745,0.19469123,0.24633808,0.018888246,1.2958897,0.27961263,2.0181966,2.6243103,1.4604545,0.1553962,0.54183304,0.041361827,0.06305521,0.12503777,1.2909107,0.071940936,0.05697143,0.30793157,3.9847963,1.8742214,1.0082179,0.2768386,0.0,5.2088594,1.8275223,0.52174336,0.0,1.1398605,0.34955674,0.25642037,0.028152883,1.8163594,4.09204,0.9199322,0.53211904,0.07352796,1.8708956,6.197006,2.3517613,0.11472388,0.029784046,0.96227014,1.3124794,1.5225624,1.5530001,0.6629735,0.061485466,0.6087259,0.67548275,2.8454962,0.4725942,0.0,0.5915276,1.5998701,0.26625574,3.6420667,0.9553874,0.47865385,1.3069986,0.33813834,0.0,3.6818564,2.5449655,1.3905368,0.4456808,1.552615,1.1649427,0.60079443,0.39718202,0.0020285193,0.6064918,0.5300149,0.4155262,0.017715577,2.1528518,0.124552295,0.7749113,0.9618223,2.817078,1.5702908,0.16657066,0.09447519,0.14521697,0.23767748,0.010272325,0.10082751,1.015505,0.13462031,0.47823194,0.09264609,0.52598554,0.15633065,0.052936304,0.14653218,0.86716616,0.044283774,0.15838829,2.2602184,0.0738104,2.5836616,0.23463866,0.46197882,0.69439983,2.209412,0.18820845,2.0024698,0.66623634,0.3209728,2.076744,1.6267644,1.0993614,0.21211842,1.0420321,0.041028976,0.54138124,0.7907328,0.23285283,0.38611305,0.14725342,0.30403203,0.87497467,1.8633469,0.15665668,0.7414505,0.009300716,0.0037520977,0.77094656,1.6040366,0.3086542,0.060176287,0.0,0.0,1.081109,0.76355296,1.1613942,0.060804345,1.9784125,1.5136632,0.24249843,3.2159088,0.3975726,0.6378985,0.11152628,1.2856394,0.4130422,0.12519832,0.3847832,1.1515558,1.2264618,0.43380728,0.85330784,1.4146893,0.15995082,2.190926,0.51511633,0.89503384,0.90667087,1.3385147,0.056187812,0.7981478,1.7391201,0.34858778,0.14146836,0.023333091,0.055502754,0.6623309,0.8593534,0.28178403,0.9232011,1.3123387,0.55243844,1.0728667,0.19488506,0.9262103,0.1127122,0.81489396,0.31004667,0.18783149,0.7701933,2.8478537,0.30474007,0.54517007,0.0863894,0.74328434,0.4924083,0.0,0.013638044,1.4036742,0.40100542,0.65308815,0.90149486,0.19073252,0.62770313,1.7790178,0.010531172,2.0315819,0.86095357,0.040109523,0.022277653,0.008918012,0.5309817,2.5012777,0.18721682,0.15433602,0.2880612,0.016066793,0.014463814,1.9687998,0.0,0.09526056,1.8146753,0.95926774,0.26839843,0.008345326,0.1107169,0.3000539,0.4905765,0.09727224,1.2787603,0.8021665,3.4766865,1.3885759,0.4324214,0.1631463,0.9036781,0.8699257,0.30087838,1.0200263,0.19368029,0.022220425,0.45530534,all_pothole_images\pothole_images_enhanced_ce9e2abebcf43e0dd762caa02bf0300e.jpg
0.34095585,0.50018895,0.4000579,0.597222,0.7660419,0.299805,2.3134642,0.63741124,1.5644547,0.4020137,0.6613928,0.3851572,0.37465495,2.0527773,0.10083575,0.942984,0.0922045,0.19773366,0.52123314,0.82468593,0.15616468,0.8916037,0.54750365,0.11835195,0.026137944,0.23366334,0.7605047,1.2229137,0.4551422,1.0089631,1.1402806,0.054465294,0.41707867,0.46191412,0.32505742,0.47740102,0.9940375,0.12360736,0.24194431,0.51828676,0.19334714,0.043392483,0.17866449,2.308652,0.5890124,0.4932572,1.4888712,0.040080555,0.31106406,0.6911325,0.23808947,0.959484,0.40836856,0.7288271,0.15773228,0.49909922,1.6439586,1.4065872,0.17325027,0.68834364,0.011311114,1.5862902,0.61426604,0.19886266,0.54922485,1.6855695,0.39065254,1.2712746,0.0,0.50654584,0.033142567,0.51706284,0.04717149,0.59471947,0.6413028,0.23136216,1.371608,1.878764,0.0,0.1698177,1.7873054,0.3154421,0.098123774,0.95935345,0.30045992,0.20657149,0.34789887,0.3496931,1.8620527,1.0802171,1.7185084,2.48736,0.28104317,0.38422388,0.8846868,1.398934,0.05955706,0.8608528,2.030519,0.062377363,0.84864783,0.3964807,0.4744831,0.38627958,0.77872264,0.6435043,0.2084828,0.44311947,1.2685801,0.4223386,0.37309685,2.1953576,1.6751198,0.0,0.7864003,0.35155913,1.4171783,1.6076983,0.010341388,1.0057709,1.3745979,0.5719001,0.4877373,1.1328346,0.5445613,0.9660296,0.1244338,0.31703806,2.6292777,0.7647347,1.7536161,0.011766354,0.18097213,0.20900121,0.6823166,0.66958755,0.34363177,0.5585174,0.25410905,0.16515277,0.98839784,2.6818097,0.20934026,0.2339226,2.2765365,0.80269194,2.6290538,0.065756686,1.6163499,0.3212422,0.0,0.8384243,2.190659,0.41520232,0.12020606,0.7155366,0.5949907,0.9771085,0.5059716,1.6650182,0.28315902,0.16062102,0.024494546,4.880453,1.3182706,0.58973527,1.3995361,2.1917143,0.96414196,0.07146028,0.21547955,0.6909366,0.2953221,0.81530213,0.2484689,0.01241855,0.35700607,0.46907005,0.8521373,0.3134273,0.36459938,4.3855753,2.8909876,1.9116585,2.9903576,0.18300946,1.2179555,0.7317642,0.48308632,0.4921858,0.6808721,0.49551472,0.7765373,1.9056795,1.0479914,0.034882512,1.280099,1.6346695,0.25406,0.60944676,1.1574912,1.0026138,0.7908975,0.64561987,1.5491797,1.3985251,1.9086169,0.35361966,1.8967615,0.64831907,0.18278064,0.16148905,1.4359334,1.0442643,1.1706316,0.09377817,1.4112158,0.34404868,0.40221334,1.3716654,0.057773612,0.06644549,1.1886228,0.9827823,0.7018612,2.1416469,0.6316227,0.5946707,2.6818311,0.24116784,0.8466115,1.1173826,1.5950093,0.1101101,0.3566648,1.443944,1.9814789,1.4952774,0.8246681,1.3412517,0.35642675,0.06641879,0.18336697,0.099362254,0.48810327,0.96278507,0.50636584,0.182977,0.88016665,3.109116,0.4874396,0.20431992,2.1535902,0.29514608,2.383057,0.22547592,0.8346284,0.415025,1.0149128,1.1339719,0.34429425,0.03393814,0.17363289,0.3521093,0.88964033,0.90993017,0.8200036,2.6380913,0.10318273,1.6230749,0.26190236,0.35133284,0.4323134,0.3704651,1.4434501,0.8978963,0.4756993,1.3033519,1.5915844,0.014193156,2.0561137,0.38088715,0.3089937,0.11681703,0.020449085,1.6714255,0.75692594,1.050613,0.71217245,1.5074129,0.39278466,2.023757,0.27895874,1.363079,0.8761907,0.441368,1.4489706,0.3744076,1.9668224,2.8017986,1.7134104,0.46627122,0.51873165,0.7067093,3.4992802,0.0521019,0.4255089,0.39286095,1.245172,1.8988272,0.16332938,0.9556602,1.7327396,2.526885,0.45027655,0.16654664,0.09261386,0.72257435,2.337354,0.07902519,1.7150468,0.85346144,0.34906724,0.72173065,0.49329546,1.1300191,0.6312147,0.0,0.678466,0.23772348,2.184216,0.24913467,0.27414694,1.1578633,0.3305847,0.26777163,0.62567854,0.022891957,0.54452956,2.2171009,0.7883288,0.71092874,1.1842234,0.8884344,0.528363,0.11388083,0.31806207,0.24424826,0.4743462,0.86095333,0.9780785,0.0072461586,0.5117605,0.14367114,0.3724616,0.5745033,0.37072808,0.05443497,0.56248766,1.1464539,0.100285135,0.49820894,0.016277308,1.1022506,0.8049885,0.39759475,2.6465235,1.256275,0.31850857,0.0155663295,0.60787725,0.9819466,0.3855938,0.70752484,0.6337003,0.23072685,0.5513748,0.63435423,1.13823,0.76983416,0.10029921,0.28511494,0.85191876,0.8774204,0.7250604,1.2378104,0.461644,0.39736927,0.25399905,0.96793574,2.5129783,0.6509346,0.0,0.44994584,0.3216215,0.87139535,1.7803779,0.48386282,0.38529375,1.6620444,1.5250163,0.6017505,0.15981457,0.33506024,0.20398241,0.002345593,0.063033216,1.0599504,0.14738922,0.63752997,0.6526665,0.05321119,1.4945883,0.20084588,1.240745,1.121665,3.4606488,0.5894932,0.4666071,0.5651098,1.2392501,0.53651553,0.48917586,1.3928387,2.2397633,2.0323074,2.6583824,0.18526015,1.480452,0.44309568,0.40810192,1.6200715,0.8132535,0.95975554,0.77443224,2.7430332,1.4927337,1.2928838,0.7628108,1.4828233,0.79238814,1.388695,0.3373154,0.08505956,0.007800749,0.06660558,0.20447846,0.22957839,0.0033346668,1.0855988,0.28793517,0.00350103,0.10132879,1.221947,1.5442607,0.5581383,1.3329642,0.9858754,0.04399916,2.182053,0.45350298,0.35075822,0.6335537,0.047693897,0.31132308,0.48349476,0.35717618,0.048367303,0.9802734,0.6100708,2.628875,0.5723841,0.044522755,0.1966663,1.1479552,0.94953585,0.9652349,0.2498002,0.32572782,0.03885277,1.2496487,2.642739,0.38484755,0.9673193,0.66513234,1.2087978,1.7051152,0.07285551,0.54604775,0.8324661,0.5224814,0.39861175,1.147848,0.014790839,0.5405901,0.14986333,0.08599324,0.056149326,0.06173568,0.20126858,0.2217666,2.0424085,2.9638896,0.3270437,0.48495185,1.3606033,0.24870037,1.4562796,0.9167766,0.23290847,0.52045286,0.8509347,all_pothole_images\pothole_images_enhanced_cebc735d70d89ae1a3088c241071f11c.jpg
0.026139151,1.1748679,0.64182657,1.2757219,0.4775145,0.39281362,0.8730106,0.72104007,0.4264874,1.7680906,0.4837978,0.51973426,0.4146766,2.41668,0.0,1.0091913,0.0,0.37737176,0.24986623,0.03972497,0.16904114,1.3635626,0.9711968,0.8077081,1.4166026,0.35745245,0.26754966,2.9885554,0.7419168,0.060096644,0.3633574,0.058057386,0.32501212,0.55562824,0.13868688,0.7739543,0.9012747,0.5899845,0.1540417,1.0068702,0.32146567,1.9988842,0.73077065,0.20251414,0.45905247,0.095516436,1.0304499,0.0,0.90271795,0.34898975,0.43202856,0.6196379,0.69295955,0.33193463,0.008897985,0.48409104,2.0304985,0.20439996,0.61666745,1.6832982,0.5674907,1.4538509,1.9167185,0.918614,0.7908704,2.145786,0.27568713,0.01450017,0.5469605,0.15289779,0.033382382,0.18764016,0.0044516525,0.0,0.14241025,0.8233862,0.38498962,0.17312628,0.0,0.3773676,0.14125933,0.91778594,0.46966708,1.6250072,0.03726638,1.5734702,0.21003202,0.00019547177,1.2108868,0.04514624,0.0,1.4840785,0.0065061897,0.6650463,0.3255072,0.062018044,0.83225054,0.3557579,0.32531774,0.26276577,0.20981203,1.1317481,0.5688149,0.46648997,1.0765622,0.040325973,0.18131484,0.40328673,0.57398725,0.5651942,0.16310611,3.5970309,0.31710312,0.31146652,0.5073449,0.5167417,1.1245908,0.18620297,0.7307699,1.3222544,1.4600623,0.46739733,0.69105303,1.4495519,0.6114773,1.4739566,0.0581322,0.019338958,0.84695315,0.0013000738,0.3308669,0.50235075,0.23779592,0.61283314,0.26546764,0.6141326,0.43607846,0.39548817,0.0870629,0.021767266,0.12568966,0.79981995,0.04754876,0.63913685,0.31574064,1.0542612,0.3599847,0.23071468,0.6578621,0.35139126,0.30380327,0.2868124,0.10645426,0.016238224,0.73354477,0.22852422,0.12777817,0.6221586,0.30894706,0.22170712,0.4394428,0.62396955,0.06489236,2.6426532,0.4491029,1.201377,1.9361761,0.09382611,0.7254467,0.990204,0.53593844,0.86739457,0.13835159,0.26300368,0.69614613,0.577138,1.333981,0.0846374,0.3970083,0.24971281,0.02177086,1.1443217,3.09939,0.23976433,1.9763522,0.48598507,0.08641788,0.8721215,0.4312523,0.92512167,1.7877004,0.16404428,0.0076363464,1.507511,1.6553559,0.0060515157,1.0742977,2.642654,0.9959114,0.7188462,0.30541876,0.6267825,0.6239312,0.34339935,1.0493133,0.0,0.1588576,0.36583015,1.9091004,0.9314972,0.2621805,0.24916275,1.5520784,1.4532192,0.21125619,0.4783944,0.8081933,0.12775722,1.7510815,0.92642194,1.645964,0.12925524,0.34845293,1.4804837,0.47327235,0.785273,0.7820788,0.10585648,1.0289128,0.506628,0.4079593,1.3092858,0.70914876,0.0,0.98986846,0.029919533,1.2204552,0.03306452,0.34359586,0.47799227,1.0061594,0.27436066,0.6240382,0.46931323,0.020686913,0.0,0.45297524,1.3125534,0.03404132,6.061254,0.8592683,0.5027011,0.35390255,0.14140928,0.043709263,0.07033683,1.2238022,0.7034576,1.0856798,3.553871,0.48312494,0.3503367,0.44092718,0.92293656,0.2454839,0.8946061,0.020234039,0.36770093,2.2081313,0.3513411,0.89015883,0.5159824,0.40792534,0.02236413,0.6112559,1.4348152,0.4691137,0.6448419,0.22303091,0.28223386,0.37253156,1.5285743,0.09140096,0.44231072,0.3399521,0.13403657,0.33177847,1.0711046,0.23680173,0.49073556,0.7048389,0.054839693,0.093044944,0.900555,0.9474907,0.11787821,1.3108907,1.853286,0.35473567,1.1729337,0.16656508,0.22974516,0.14157525,0.61917186,3.60506,0.051661875,0.41236207,0.48738977,0.25294462,0.35593173,0.105301045,0.37282065,4.7894945,0.68625194,0.83581465,0.49618015,0.110305846,0.26174855,2.029347,1.0070392,1.2203475,0.12688829,0.1149657,0.062459685,1.4672126,0.50786775,0.09783872,0.84474397,0.8010026,0.91003317,2.1641107,0.11989601,0.041017085,0.6240372,0.15900297,0.36786783,1.7618434,0.34354392,0.7480871,0.4136453,0.14574158,1.25879,2.5928745,0.112351924,0.37484092,0.49805602,0.21404733,0.14083229,0.892634,0.48643857,0.37013894,0.32123035,0.42902303,0.26009196,0.30251756,0.00058292673,0.99805766,0.5307847,0.033140823,0.39504436,0.48065293,0.48311108,0.38097906,0.2595555,0.027303874,0.31259796,0.6592001,0.30848396,0.508585,0.4407673,0.65639776,0.11145102,0.24291122,0.2020763,1.1969042,0.106376976,0.5898773,0.78265285,0.04020666,0.17278855,0.21504639,0.0,0.49762937,2.83405,1.7176906,0.2136327,3.1606302,0.19692558,0.4133206,1.5722939,0.9080562,1.4823658,0.031620484,0.84467685,0.7102843,0.33165103,0.19527575,0.8242718,0.7720201,0.010091992,2.626779,0.15202062,0.018052844,0.5984302,0.58162624,0.42906028,0.29846978,0.6892507,0.031321898,0.0020661256,0.085362114,1.3484392,1.1803429,0.22391716,0.0018292255,0.014408012,0.44302413,0.38252404,0.30453998,1.2960998,0.33897173,0.06903093,0.6829152,1.2679006,2.149513,0.40859565,0.48752064,0.2918032,0.3386506,0.19099373,0.10588727,2.2858207,0.0012167193,1.265231,0.015605907,2.491869,1.3587099,1.4515587,0.3663405,0.795544,0.12682803,0.9289699,0.55874276,0.06472479,0.33919936,0.013555548,1.1629577,0.44853523,0.39851174,1.2169138,1.0737915,0.1299334,0.841189,0.22058323,0.278372,0.68412125,2.2767053,0.15261023,0.05764579,0.41543522,0.14915068,0.24622913,0.96235096,0.011190816,0.14427102,0.90824836,1.4649823,0.36601195,0.57239276,1.4119337,0.14851458,0.7740893,0.19401845,0.18425255,0.20056681,0.10499872,0.93248373,0.12107164,0.60604507,0.025869925,0.71128917,1.5514556,1.9296104,0.16469574,0.0,0.8076285,0.98358315,0.087210655,1.382254,0.18895292,2.0144699,1.6813482,0.19653124,0.0023682008,0.2371691,0.15366521,0.29154852,0.118932426,0.0,0.37849963,0.29446313,2.6348634,0.7192709,0.21337497,0.22774206,0.23389906,0.0,1.2550721,0.28492868,0.32252914,2.9594452,0.0072816424,all_pothole_images\pothole_images_enhanced_cee7baa37c31e8065bc56e25044b2783.jpg
0.84541523,1.7799121,0.38868406,1.851782,0.19148426,0.19437543,1.0407406,0.30640557,0.45720765,0.7132894,0.44604188,1.7087648,0.96088064,2.2184641,0.7032262,0.4948915,0.32203355,1.3992758,0.7576596,0.31688473,1.4842074,1.1514893,0.7905862,0.07528743,1.916317,0.30559888,0.9879303,2.9551773,0.18709306,0.024256483,1.1797116,0.07422563,0.37419876,0.0012941974,0.36823007,1.2051264,0.026031435,1.0097743,0.82223445,0.32927066,0.0,1.3979878,0.08025013,0.29136473,0.22286169,0.109900355,0.7693916,1.2047995,0.017788071,0.07217484,0.07172683,0.14132261,1.1722432,0.20287731,0.03374522,2.2294323,0.6247146,0.06691522,0.29688263,0.34504166,0.65601283,0.30073684,1.0977912,0.21659994,0.9214206,2.7735445,0.3563726,0.15145037,0.042574473,1.7401836,0.49036464,0.06654842,0.025551027,0.043588907,0.0069035063,0.024882188,0.3759097,0.20232092,0.03476953,0.17873439,0.452284,0.0018934715,1.5438416,0.7962492,0.428943,0.071699314,0.18481466,0.012555553,0.42810988,0.030653391,0.10486867,0.6372389,0.09040414,0.22091365,0.4408287,0.2975306,1.0322088,0.51622885,0.3660472,0.46834552,0.4248937,2.9956598,0.5887941,0.29554084,0.4719277,0.090229265,0.11258901,0.49171156,0.06576331,0.22361101,2.130561,0.33980566,2.6517894,0.23316263,1.001122,0.037235394,0.058579892,0.020714857,0.2986297,0.65987647,2.3931124,0.000518996,1.248897,1.639435,0.6584801,1.0265392,4.7465863,0.32230967,1.3937516,0.1095304,0.72493446,0.33852804,0.0055077216,0.15347038,0.95192146,1.2429236,2.593986,0.008978968,0.59842235,0.22796284,2.6715539,0.18210496,0.8373246,0.6574641,0.14619611,2.671412,0.02983468,0.47273535,0.18301234,0.10163976,1.095964,1.5390251,0.041321088,0.034696933,0.111047216,0.013894825,0.7438883,0.13603973,0.91920376,0.28382206,0.715018,1.3783177,0.09149685,2.331197,0.90360117,1.9822202,2.3527627,0.9059794,0.8623673,2.16242,0.47825512,0.29256275,0.0019971319,1.8370672,0.22532237,0.27744716,0.6643924,0.6829566,0.22133917,0.5283262,0.1472443,0.49674353,1.6094296,0.068815246,2.650918,0.0086847665,0.62898535,1.0017934,0.19600359,0.97257215,1.3076525,0.43261838,0.13001971,1.6927252,1.1472162,0.007642865,0.6155316,1.3408856,0.07293564,1.2789825,0.25780192,0.3062834,0.56463414,1.2612494,0.1800214,0.05620553,1.1889935,0.4403033,1.2415673,0.8588568,0.0,0.684107,0.60493296,0.07675954,1.6427517,1.2443354,0.7744337,0.9507231,0.45422027,0.2645411,3.6247947,0.21423016,0.4734989,0.10999314,0.02838906,0.2230364,1.9135804,1.6108012,1.0201408,0.8277393,0.051435344,1.6297233,0.40725154,0.042050734,0.23484893,0.040666677,0.8527981,0.31017867,0.9211908,0.33348075,0.009893528,0.007598597,1.4775492,0.23258851,0.7441577,1.0783261,0.19494262,0.2743326,1.0992297,6.5964303,1.7458079,0.5101367,0.16272795,0.21178901,0.023160934,0.40044105,1.1482123,0.40617576,0.5377302,2.2311027,0.12354932,0.2561368,0.7527475,0.19122812,0.112730935,0.7243628,0.9797198,1.1671143,4.730018,0.75321305,0.30783537,1.180319,0.5905991,0.13632697,0.6950868,0.6515777,0.018911049,0.8408497,0.4986261,0.37815258,1.5938085,0.08267758,0.9933641,1.0199207,0.42650175,0.15399687,0.4675563,0.21089543,3.4123836,0.18092902,0.008415144,0.3753899,0.17136504,0.6754848,0.16793413,0.80460125,0.26720154,0.65422547,0.2644619,2.0648427,0.09960451,0.2150295,1.1282144,0.019055542,4.1797414,0.0,1.9308733,0.032908957,0.13361296,0.93614286,0.26269332,0.73185617,1.8049786,0.8857672,2.0644004,2.3717127,0.26806906,1.867085,2.7955213,0.7162303,0.022800436,0.019597419,0.69865835,1.2774435,0.83345675,0.06493304,0.21989988,0.0026132574,1.4645444,0.1556223,3.0755584,0.31130967,0.14972126,0.40273792,0.040673368,0.0,1.7968085,0.31174886,1.4916496,0.2774141,0.064116605,0.19547813,1.1782701,1.2448983,0.90623194,1.2446764,0.5100658,0.40909198,0.9287769,0.6714513,2.6299849,0.12419526,0.3708575,0.9442473,0.40921536,0.03910357,0.05779537,1.4486842,0.000721832,0.102479935,1.6247234,1.1661844,1.7438442,1.4582329,0.007876997,0.0,1.2007743,0.004822334,0.14155559,0.9773021,0.20095374,0.008635457,0.45938358,0.16776383,0.0967234,0.12967113,0.06967393,0.72036695,1.178364,0.3210003,1.3895876,0.35881615,0.31072944,1.040597,1.6050692,0.31521034,2.9437785,0.12707652,0.06545621,0.38360175,0.5784568,0.12668058,0.051140677,0.19874454,0.19709824,1.2743577,0.13817386,0.5869008,0.009652017,1.0892687,0.3448503,0.7196229,0.6554762,0.66453636,1.8360277,0.0219133,1.4022107,1.0866563,0.21102367,0.7771077,2.393611,0.7563922,0.020948183,2.943748,0.9454929,0.88110137,0.64259374,0.9808665,1.3248726,0.6981786,3.5372531,0.045200363,0.4633628,0.7274528,1.791288,0.04138123,0.31028864,0.9922803,0.9476413,0.12988189,0.53925323,0.38076693,0.006642783,0.48064858,0.17111665,0.6681319,0.076411225,0.6474299,0.17055126,1.7393936,0.19749813,1.669163,0.120696165,0.17410502,0.27914974,0.0054406314,0.5597675,2.3828394,0.46359026,1.6192455,2.2287037,0.12857367,0.6639299,0.19093114,0.066189095,0.6018356,1.4059186,0.12625375,0.3174782,0.14597823,2.3988607,0.0683931,0.1497686,0.4409469,0.27385607,0.41451612,0.011578878,0.0,0.06320988,1.3166296,1.8248999,0.68264824,0.10103687,0.6516736,0.17904119,0.032258958,0.5248161,1.0418866,0.7962835,0.09015971,0.0276675,0.3413245,1.114271,1.4588044,0.011770448,0.42032686,0.22706954,0.002812838,0.34926698,0.16600831,0.04158699,1.2623801,0.1559072,1.2700944,0.0028246203,0.3943324,0.10144898,0.081158414,0.43714306,0.23532902,0.90825576,1.434626,0.19337039,1.4073906,1.8524408,1.2396734,1.0351447,0.1314617,0.28421432,0.14195494,0.080789335,0.21827689,all_pothole_images\pothole_images_enhanced_cf53f17481b3c652ca95a1e1a6ead141.jpg
0.5552566,2.7825713,1.3965027,1.6280177,0.9961068,1.1085954,0.27741334,0.18646981,0.27501735,0.63277334,0.36749342,0.17768422,0.20553266,0.74385893,1.0765572,0.64813083,0.31717795,0.011195598,0.198116,0.11194316,0.19214045,2.3741102,0.9293246,1.8132143,0.4049151,0.12844594,0.2174695,1.580152,0.26749367,0.65399915,2.0293517,0.4574316,0.82653576,0.74148434,0.61772627,0.72232383,1.4401958,0.48829612,0.15208583,0.72517633,0.50125337,0.09684774,0.3220749,1.4334284,1.9710053,0.030654904,0.21869776,0.5236577,0.80820835,0.15872265,0.11870952,0.35045436,0.28175053,0.40784353,0.016048893,0.49415144,2.1978073,0.01058115,0.8260903,0.42939073,0.0,0.65628743,0.7075355,0.27724156,0.069879666,0.40668297,0.5400798,0.35628927,0.15292934,0.15191187,0.26995945,0.18839054,0.2589235,0.47634965,0.06095685,2.0008616,0.086779535,0.42042977,0.042650476,0.5326285,0.075652465,0.8709206,0.007843528,2.1389496,0.60016775,0.6637108,0.07655817,0.0,4.714097,0.45310172,0.03427573,0.22838359,0.06610785,0.072159246,0.36761498,0.086279586,0.7451486,0.8006982,0.08134738,0.14016141,0.039536074,1.377684,0.6154761,0.058729507,0.89777184,0.0062220516,0.0196112,0.19171232,0.41527888,0.66401166,0.0025145367,4.859711,0.5943653,0.16352051,0.30127996,0.4258006,2.3104534,0.07489735,0.7782708,0.77759206,1.3388625,0.7606936,0.08836314,0.69003785,0.336326,1.1021962,1.0473278,0.42779428,0.7199886,0.19703355,0.6788473,0.11787796,0.6641528,0.0,0.6697489,0.9236053,0.11828932,0.24702862,0.13599649,0.12922637,0.14261636,0.31634486,0.05684395,1.070155,0.0033532265,0.65772057,0.31817135,0.62130535,0.10324248,0.13920234,1.6339116,0.26296654,0.7329385,0.12085408,2.2520566,0.34385952,0.046922047,0.3198781,0.8838105,0.101371035,1.4089952,0.60226804,0.07120374,2.8229802,0.21867839,0.7021377,0.75752753,0.008130142,1.2858019,0.35473308,0.0017876014,0.22148505,0.31195164,0.20393309,1.3540941,0.30361894,0.44480047,0.0,0.0011219227,0.11611169,0.0,1.4498514,1.1547171,1.3900061,1.9634321,0.15640076,0.018322319,0.41473517,0.6429182,0.8135628,0.23370975,0.4997982,0.053363692,1.7472913,0.5236136,0.0059485473,0.6668648,2.154781,0.3577344,1.0262496,0.20219506,0.985609,0.17737027,0.14558391,0.28959593,0.6389996,0.4441087,0.20436811,1.4340574,0.1606032,0.13956334,0.27658582,0.7984084,1.3231755,1.025598,1.7299317,0.39757717,0.28265634,3.0869966,0.3199,1.3908501,0.0,0.44710764,2.4209955,0.083596654,0.639975,2.5559127,0.1011188,1.2824613,0.23709667,0.21121842,0.06360984,0.7984653,0.019056097,0.79781264,0.081446715,1.4477358,0.15578346,0.23164906,0.20743687,1.7602869,0.1584745,1.4417248,0.20143229,0.0,0.0,1.1464492,0.0,0.34319535,3.5118072,0.68298703,0.66825354,0.26208323,0.5496777,0.3704464,0.08335965,0.9485545,0.32665765,0.28211236,2.439004,0.01211361,0.05846905,0.67161864,0.42168164,1.0321023,1.2516477,0.18526462,1.0110377,4.2732725,0.20172936,0.5658402,0.0,0.06617095,0.543376,1.155676,1.1629491,1.0688283,0.18215984,0.30011806,0.4158083,0.05481391,0.54718757,0.24231575,1.2247356,0.4123604,0.7863482,0.5104421,0.4092734,1.2133282,0.30125436,0.2937939,0.1867286,0.08264711,1.2631882,0.044681218,0.4472407,0.5094618,0.19996397,0.502708,0.28393018,0.10915766,0.18156786,0.060254943,0.90799296,6.339992,0.11787701,0.35662028,0.8792966,0.4834271,0.08156519,0.12164962,1.478276,7.250479,0.8305786,0.19874275,1.1400138,0.05834699,0.7494331,1.0880071,0.54666775,1.3624188,0.07153228,0.0,0.38333398,0.131859,1.4667047,1.1317135,0.43245393,0.73079795,0.43247774,4.929313,0.316312,0.09212878,0.33813095,0.07453376,0.26777872,0.53914976,0.020882575,0.2702904,0.12965983,1.1781936,1.0840973,1.5352889,0.0,0.37711886,0.10703583,0.5789848,0.0020639729,0.25765982,0.4397913,0.68024576,1.070769,0.41385606,1.0815065,0.15931892,0.09107221,0.4700561,0.07909575,0.23835291,0.6521875,0.0013091038,0.4536656,0.6538869,0.85069364,0.0766226,1.1663157,1.3440869,0.13996835,0.97910714,0.19927047,0.17132224,0.7765813,0.3490265,0.043154947,1.166554,0.03401138,0.33852324,0.44108996,0.0,0.21829087,0.1485814,0.28560165,1.0961863,2.0258782,3.8079247,0.23936076,2.3746576,0.055237252,0.28219205,2.7710164,0.95339566,3.0850313,0.1220247,0.06967157,0.0020898036,0.2666543,0.6312725,0.37274837,0.23950802,0.024416467,0.77436596,0.44549692,0.89676666,1.3168075,0.44278896,0.064795636,0.914308,0.5919138,0.032426257,0.54405826,0.26101995,0.11339201,0.70339316,0.706353,0.017632714,0.06366364,1.1576478,0.7526729,0.36368966,0.0,1.1492274,0.33374378,1.4907521,2.395113,1.5826042,0.34191746,1.3505402,1.387546,0.37602228,1.3631052,0.6373416,0.7762147,0.07564506,0.24889396,0.1974302,5.5569434,0.6411926,0.24970753,0.34758928,1.4499409,0.15761088,0.13699983,0.01951634,0.11564056,0.45927444,0.0,1.6777238,0.44030553,0.5500669,0.35705453,1.8665884,0.4726102,1.8598247,0.8429836,0.8726428,0.61560696,3.3536015,0.7591021,0.72222275,1.0166488,0.8292786,0.02220863,0.73001784,0.0,0.6877094,0.6125258,0.14367205,0.0,0.1493241,3.0246413,1.58243,0.02210889,0.25111458,0.50360775,0.14140716,0.41545326,0.0012818829,1.2581433,0.23518208,0.83432734,0.9358689,3.1155865,1.690327,0.5908918,0.0,0.6924119,2.0128126,0.29952472,1.0777359,0.15640138,0.23672155,1.6747055,0.019059863,0.05403483,0.0,0.2267589,0.28983262,0.23947747,0.0,0.009788331,0.035193607,6.073122,0.99461627,0.32789588,0.857068,0.98702765,0.0,1.3400319,0.2860183,0.674702,0.33880252,0.3720214,all_pothole_images\pothole_images_enhanced_cf78401f87addcccd200d4aaa329f814.jpg
0.08604553,1.0919647,0.1900596,0.83872336,0.12901878,0.051041953,0.0002298213,0.05804838,0.15352859,1.0814034,0.06884495,0.30790994,0.0,1.418009,0.06394201,0.21995513,0.7451988,1.2238399,0.057391915,0.3024554,0.4647759,1.0764071,0.12236266,0.041753914,0.01770915,1.6827579,0.39168704,2.4838154,0.4301223,0.4191831,1.0470423,0.0,0.087372,0.11839636,0.3823084,0.51683635,0.09877577,1.3466371,0.11059467,0.17810817,0.001995706,0.014844513,0.07461966,4.017108,0.5149765,0.00397703,0.0,0.010452569,0.6036799,0.16898651,0.12639044,0.46929002,0.50048065,0.03767964,0.0,0.3841576,2.7804189,0.10147114,0.019850608,0.0016345704,0.027712524,0.05869745,0.687751,0.22693042,0.11018582,0.1518647,0.44632828,0.1383271,0.08105567,0.37670287,0.1897916,0.5238275,0.0685839,0.022888811,0.11358031,0.04295859,0.0,1.0061592,0.0,0.3531148,0.01267523,0.21418291,0.4089719,2.7927382,0.021028483,0.0,0.36906704,0.16357608,1.4581616,0.22814538,0.13018528,0.3339329,0.018331619,0.145288,0.13045858,0.14601305,0.25772825,1.9052217,0.6060796,0.011748563,0.425993,1.0828913,0.011582641,0.0121629005,0.6618104,0.23732093,0.18681337,0.0,0.33724028,0.4133577,0.0,0.23362553,0.1808574,0.1154556,0.72906137,0.067687444,0.71568865,0.07515546,1.303254,0.43112782,2.629642,0.019450096,0.076007426,0.21514316,0.8015171,0.060001142,0.028625568,0.08303468,1.1955405,0.027818369,0.025308836,0.016076852,0.21795194,0.079915844,0.17240275,0.18855612,0.0,0.02980639,0.79245925,0.1574943,0.33926958,0.22833699,1.4401108,0.32369855,0.0071003344,0.21399772,0.01816066,0.29556662,0.2903614,0.053169858,0.13256343,0.12626593,0.0025733493,0.38049862,1.2966908,0.39791712,0.131361,0.106175214,0.294853,0.16755828,1.0759,0.82897913,0.40681776,1.6835995,0.14476058,0.0,1.1464272,0.2617027,0.3992197,0.6343817,0.0028794527,0.14747308,0.07070833,0.066695645,0.06927558,0.016489264,0.4495139,0.2942492,0.30514663,0.022638924,0.017679475,0.27623543,2.2974858,0.4362555,0.24746388,0.91999215,0.28148192,0.19384621,0.13737729,0.4537367,0.005821308,0.19055592,0.07515659,0.95018566,0.20609105,0.0,0.5920498,0.08165973,0.32174397,0.31467736,0.0084421225,0.01171783,0.2957785,0.2594386,0.29019013,0.116521314,0.21433055,0.27146733,0.46122223,0.07698356,0.0,0.09257345,0.92111516,0.17759447,0.2554461,0.43434834,0.0003261694,0.32573235,0.17602807,0.40254635,0.1394103,0.20077506,0.04943667,0.01882029,0.0,0.0,2.09644,0.35002834,0.23375523,0.5455353,0.04234848,0.0,0.17879063,0.110042356,0.25114107,0.013245027,1.8302844,0.0010550498,0.0,0.5742001,0.04561816,0.35924283,0.46904138,0.8711737,0.32299635,0.0,1.078139,0.12738374,0.06458862,4.2866764,1.9743255,0.026933616,0.0,0.57297015,0.17850095,0.6467506,1.164028,0.19300422,0.01937186,1.5826787,0.0,0.162946,0.12502758,0.027174253,0.5100089,0.5810884,0.04579183,0.14869885,1.1725881,0.0,0.026613347,0.05117159,0.13534074,0.010808969,0.61410904,0.5462148,0.0069022686,0.02579851,0.05983072,0.12584768,2.9613616,0.26341888,0.56560445,0.53847414,0.24816418,0.19617398,0.7064731,0.17999594,0.9347548,0.0009234953,0.1117521,0.021202572,0.05478635,0.60261875,0.1195441,1.0435019,0.046587948,0.539454,0.35629183,1.0230151,0.48822823,0.7239802,0.0,0.06945508,7.3779893,0.04173835,0.016586281,0.046885226,0.0007026055,0.5156808,0.082973965,0.49942872,1.7519753,0.3354656,0.46016964,0.46350205,0.019526277,1.2843304,2.2227807,0.27102157,0.53972495,0.006054716,0.2796568,0.11613215,0.21928623,0.09233459,0.8502882,0.006534916,0.5309479,0.045204163,1.8786601,0.17679338,0.32346395,0.0,0.48237577,0.030540176,1.4621454,0.83702403,0.21602859,0.0009621594,0.20045649,0.37009415,0.70553195,0.41156653,0.0016906629,0.28642938,0.021687452,0.15378094,0.12340059,0.5347865,0.5473608,0.822697,0.15308507,0.3361917,0.10646116,0.22512966,0.02354433,0.22808121,0.007585314,0.0,0.031712938,0.119806245,1.1690375,0.04373303,0.0,0.013139639,1.2541342,0.40368846,0.011097889,0.5199211,0.6588253,0.0,0.25143394,0.17458718,0.49699283,0.0010429464,0.6549494,0.0104519455,0.2284686,0.52214104,0.5428389,0.017580388,0.017644698,0.82556355,3.2806833,0.06658881,1.4244717,0.06519948,0.019416546,0.052584063,0.49300373,0.4760749,0.87566715,0.62685275,0.09406778,0.0046280934,0.62043077,0.5621218,0.16938427,0.13242023,1.0800475,0.62720597,0.41334662,0.17916878,0.065236084,0.12320269,0.10816982,1.247836,0.004978157,0.026070757,0.014123357,0.3051843,0.1459622,0.17222618,0.0,0.15379441,0.06439232,0.3947207,0.26751813,0.014151729,1.0222197,0.0066647856,0.72187114,0.7688193,1.1129627,0.9509366,0.70486176,0.0108006075,0.0,0.57246387,0.147744,0.16697942,0.13894548,0.12166031,0.00546662,2.0482295,0.4624221,0.3437329,0.35033825,0.2664009,0.49292085,0.091484174,0.19756174,0.020221462,0.25609538,0.035198186,0.50585294,0.23101585,0.13124579,0.80394554,3.055365,0.36820462,0.114256844,0.0021896842,0.08119916,0.2684396,0.027032431,0.22099808,0.19008853,0.16954075,1.3273703,0.032571085,0.6040279,0.0,0.27391663,0.003361146,0.0,0.007883243,0.019451832,0.48313585,0.050312344,0.1577244,0.09551743,0.23416138,0.41384193,0.0854417,0.19152866,0.9137755,0.7729875,0.08909223,0.107896626,0.65718925,0.91797966,0.037825134,0.07649985,0.00060687744,0.061772164,0.041047495,0.4913259,0.0,0.010800831,0.13146149,0.00034805096,0.074505694,0.0,0.0,0.07146427,0.64155024,0.5894224,0.088867165,0.11839273,4.892474,0.034914125,0.4025428,0.04331431,1.4734004,0.16265945,0.0060974504,0.011154084,0.701351,0.14572775,0.009949108,all_pothole_images\pothole_images_enhanced_cf926402de757d97e46244b662e9afbd.jpg
0.13955952,2.0355854,1.249823,1.1122825,0.5476126,0.38214257,1.8440543,0.44491312,1.1526333,0.81146544,0.33584076,0.55952996,0.553755,1.4161465,0.6540734,1.4907979,0.27104682,0.7819796,0.7958638,0.22784446,0.3826555,1.1818303,0.95585054,2.3748736,0.89687675,0.55545336,0.06573579,0.97236186,0.5370319,1.29021,1.0613148,0.7815131,1.0759538,0.63607866,0.5099413,0.25278488,0.89284575,0.5223879,0.04582618,1.4570028,0.12646861,2.0068767,0.8156385,0.5128978,0.3278813,0.22067714,0.36157092,0.1283397,0.00997683,0.10068338,1.0112295,0.5895719,0.40272146,0.21653253,0.11922054,0.558547,2.0713432,0.9137834,0.9494209,0.47790354,0.47525248,0.664397,1.8849001,1.5100571,0.4202666,0.627072,0.81177205,1.2022727,0.041512057,0.84450233,0.25056824,0.08183514,0.1204491,0.55384326,0.5605959,0.9949463,0.290863,0.9786687,0.5843053,0.27088374,1.1510367,0.44762895,0.15219274,1.6282699,0.8992404,1.0118827,0.28776085,0.55114084,2.5764718,0.06971559,0.4731498,0.48431817,0.3888245,0.35323372,0.076071545,0.27557617,0.26225278,0.7600843,0.4119184,0.71922046,0.18199812,1.2097512,1.6021434,0.21016553,1.3122975,0.77590036,0.28809974,0.19622765,0.038900547,2.6581583,0.599457,2.484148,0.73565423,0.9528833,1.5007222,1.6380284,1.7916015,0.4423163,0.9074487,0.2206065,0.9537286,0.9079619,1.0958147,1.0912955,0.28791153,0.8584336,0.055284556,0.8564209,1.5812365,0.51687604,1.2770238,2.155421,0.3245512,0.6814853,0.5517116,0.76063865,0.011512645,0.33881804,0.35966328,0.29213148,0.62647057,0.6697085,1.0210996,1.9163055,0.20396331,0.42784655,0.33607647,0.8481168,0.76028556,0.8726434,0.7714672,1.4682577,0.6412153,0.4703363,0.2775894,0.43529293,0.7307126,1.0167238,0.18580914,0.6556813,1.8959622,0.23046188,0.4851531,3.3728333,0.5159376,0.62698925,0.677336,0.33906275,0.3992129,0.15617141,0.9933969,0.7905996,0.0724252,0.69075197,0.69258106,0.30035934,0.9148315,0.6052612,0.8051054,0.39200014,0.20075412,0.7506636,1.3701198,1.116236,0.8814762,0.047160357,0.41817936,0.58229834,0.31800303,1.4737508,1.06705,0.11321815,1.1991022,1.5579996,0.53312844,0.033627506,1.22073,0.23553506,0.9711905,0.3101469,0.32573214,1.1063279,0.08966676,0.36893135,0.4208493,0.5947377,1.1790342,1.1426083,1.2074747,0.007905318,0.6986339,0.48537928,0.23368244,2.0010588,0.59027123,0.50632447,0.663538,0.42133883,0.86115193,0.3086756,2.631403,0.0014962918,0.6267569,0.9328915,0.39573902,0.31142297,1.7836441,1.9672323,1.4785324,0.70932174,0.38890845,1.2016098,1.1917276,0.06741517,1.0286148,0.0071779676,2.1585596,0.33024582,0.30856013,0.29900014,0.28435606,0.03788054,1.5222127,0.98775107,0.34859547,0.25199756,1.7211217,1.0067704,0.5366212,1.8355821,0.32948014,1.001125,0.6409385,0.22762108,1.7139773,0.2988686,0.699037,0.035551935,0.4536283,1.4174556,0.17479216,1.4606243,0.40374786,0.54535496,0.27698687,0.6450105,0.3155496,0.55285084,1.7009327,1.0856265,0.76899195,0.29157153,0.28377143,0.324587,0.49746284,1.1235855,0.35889804,1.0977678,1.7556716,0.8276798,0.4196577,1.3347783,1.1483489,0.4829403,0.74545527,0.17807506,0.38404277,0.74652433,1.480365,0.06518126,0.8875268,0.51520014,1.101164,0.5443555,0.40500385,0.272185,2.5386748,0.43935317,0.1514525,0.25780898,0.44079643,0.7481195,0.48789278,1.1630979,2.6091943,0.07825867,0.8451897,0.504218,0.98800063,0.24035476,1.6130844,1.5645719,4.5321164,0.6252924,0.62718767,1.9789437,0.22401841,0.9845483,1.3797486,0.3667127,1.491674,0.8129512,0.94373107,0.09981728,0.32671067,0.24122125,0.752546,0.34913728,1.1174803,0.12941204,2.4755325,0.5827726,0.79894036,1.4410985,0.23186477,0.58594483,0.33090356,0.3791837,0.43607786,0.23640457,0.0912207,0.7438026,0.3632104,0.23375367,0.0032223794,0.06276849,0.44500574,0.34245095,0.06300236,0.90438974,0.30199257,0.7347178,1.3861569,0.0970105,0.8088989,0.08015915,1.5474173,0.70951265,0.11205604,1.0875518,0.41442096,0.9893724,1.2763556,0.09679346,0.14151959,0.06321444,0.75234836,1.111607,1.2280573,0.4446993,0.82324666,0.9162529,0.76686203,0.7435468,1.2171633,0.65533257,0.045986984,2.660071,0.34656733,0.7136165,0.8919803,0.2967826,0.16801669,1.9879189,1.8511801,0.5163037,2.759403,0.18820654,0.33392808,0.3271111,1.5297049,1.0671574,0.0,0.30436254,0.23492987,0.7855634,0.6895719,0.27086625,0.9018438,0.3527238,1.7345382,1.0383279,1.7793005,0.68388355,1.3078192,0.3481954,0.9215185,0.77002263,0.06697503,0.3726778,0.8193459,0.68890464,1.835704,0.18590331,0.5171766,1.086258,0.57671463,0.48128602,0.41960028,0.96996474,0.22805752,0.8393363,2.0862114,1.6717454,1.6205918,0.5820132,0.61316943,0.582918,0.47646576,0.8955334,0.566445,0.6179243,0.39444992,0.2754868,0.34184873,2.8634405,0.24810016,0.7874378,0.26225674,1.4526807,0.81222117,0.029373344,0.3159228,0.31303644,0.056333233,0.23395203,1.3147786,1.4147538,1.9069195,0.46346733,0.8436206,0.39260498,1.0571327,0.61027473,0.32208365,0.23125286,2.7568755,0.0,0.049936086,0.7491054,2.370539,0.8558933,1.059466,0.70979744,1.3200802,0.027075976,0.7267667,0.39353794,0.29216284,2.2947612,1.669712,0.9192904,0.19560751,0.6561881,1.1165122,0.9476464,0.89575076,0.56637496,0.81013155,0.96235454,0.6579396,1.4053884,1.8979269,1.2420086,0.14982378,0.9640308,1.5152161,0.09999811,0.5218393,0.17184943,0.16036326,0.83002627,0.16836041,1.0037605,0.5656309,0.86228746,1.204245,0.08500299,0.43844336,0.75420463,0.4981058,5.0163593,0.86831397,1.9000524,0.08018035,0.23151202,0.05239226,1.5351257,0.43150806,0.17946754,0.76886517,0.056670893,all_pothole_images\pothole_images_enhanced_cf9c61d9fec78b4cf9eec04995dbad15.jpg
0.42673787,1.6895996,1.2478099,1.5185363,0.64286196,0.7295108,0.12364039,0.43683484,0.6662567,0.5494678,0.814799,0.60216653,0.104045324,1.2512978,0.26311138,0.35819328,0.81288034,0.044678736,0.45009068,0.45635006,0.4166213,1.0346833,0.073746055,1.346066,1.1589336,1.9417603,0.8420339,3.1906395,0.16042092,0.4216311,0.111465864,0.032436173,0.7776032,0.21454716,0.012273441,0.97215754,0.59133184,0.5615674,0.5994821,1.2570518,0.013356407,0.007007027,0.565361,0.7078276,1.4090807,0.002446832,1.7347921,0.45222262,0.25967234,1.3328089,0.49344984,0.20124424,0.39911282,0.8437032,0.11899778,1.4579911,1.579367,6.2333835e-05,1.1059282,0.2914907,0.12767719,0.4333882,0.27802083,0.1559017,0.5460129,1.5950688,2.1577718,0.47700152,0.1164011,0.17383477,0.53063506,0.15235145,0.32080033,0.16301829,0.56988806,1.2656918,0.63796604,0.41411483,0.06360449,1.2518307,0.6266478,0.09011685,0.39289185,3.2281008,0.4947751,1.0364623,0.5602729,0.033351593,2.0677798,0.8838345,0.08099745,0.3497516,0.13216925,0.24623658,0.018079247,0.31118682,0.19264291,1.8445661,0.78598994,0.23086688,0.40977478,2.7452326,0.15154687,0.51534456,0.28427747,0.0848051,0.019853538,0.45747772,0.32256463,1.0984942,0.3698513,1.2522182,0.50555295,0.15171826,0.9026647,0.3443547,1.5364686,0.19680016,1.9828233,1.1710714,1.0377212,1.8875681,0.1570623,0.68559235,0.7677267,1.3246739,1.8500621,0.5328605,0.4097203,0.10475502,0.22684886,0.08592714,0.59044075,0.84546995,0.29047248,0.8640481,0.13567305,0.23311786,1.214443,0.34288394,0.37272924,0.7053106,0.13142182,0.47685692,0.6052924,1.2449365,0.09798096,0.34417966,0.20808814,0.26373044,1.07129,1.1362222,0.54653174,0.06507975,1.1978045,0.3990828,2.2756798,0.3677502,0.30553758,0.7714649,1.3110197,0.5094457,0.36257654,1.0632719,0.53551435,0.023968292,0.87690336,0.4874217,1.4360794,2.9641428,0.09452896,0.19894126,0.0049658585,0.2379784,0.6462813,0.23345512,0.9028611,0.1775587,0.21359038,0.012272974,0.092941195,1.4164734,1.8576438,1.1959609,0.19336048,0.19985849,0.52038115,0.48896718,1.9568874,0.9583067,0.15642212,0.6115677,0.40672994,0.95662814,0.62201273,0.019402003,1.7247152,0.81474954,0.95877886,0.5426426,0.2188527,3.899232,0.16087867,0.22989152,0.85140085,0.6339701,0.75868183,1.2100011,0.94299346,0.7144069,0.49767953,0.43168944,0.83136076,1.1392283,1.5865042,1.593707,0.98651963,0.29210356,0.9906735,0.09090767,1.1315919,0.421321,1.7032903,2.0210342,0.9377239,0.14668287,0.85712564,1.6125084,0.5839003,1.6021348,0.014281613,0.36052504,0.6636333,0.25490952,1.0720924,0.2627608,2.7209468,0.2733872,0.0654557,0.260414,0.8392929,0.3736332,0.025395544,0.49298507,0.71154755,0.16242975,2.1098819,0.01192391,0.61922663,2.71926,0.6974417,0.1745794,0.5522487,0.5555398,0.5625929,0.6744165,1.2799398,0.008057142,0.3478338,2.4829447,0.2800571,0.35906819,0.5382286,0.37977332,1.0608476,0.2593275,0.28171486,0.19293706,0.6750341,0.0,0.46830475,0.16306803,1.1321537,0.17718697,0.98304147,1.4437246,0.03277374,0.72556555,0.1646431,0.5759198,1.011393,0.30077583,1.507915,0.4102817,1.0610338,0.432731,1.4391861,0.27950996,3.2084224,0.44979188,0.07098649,1.002325,0.6105056,0.9865402,0.45146498,0.16450544,0.54311323,0.26328155,0.09177634,0.5464472,0.37233606,0.42964327,0.12938862,1.5569484,6.2356105,0.5416574,0.47591034,1.6084561,0.8148847,0.46672478,0.80167437,0.0820308,4.421309,1.3174433,0.51335573,2.0565479,0.087315746,1.031857,0.6690397,0.13442646,0.5852511,0.5450909,0.50287753,0.09813077,0.7177705,0.5431438,0.9298854,0.28255752,0.608006,0.29716605,2.801294,0.26165202,0.004228528,0.27801797,0.3258032,0.65825915,2.1623194,1.1625369,1.056465,0.8171701,0.72100675,1.2617996,0.75789624,0.06428716,0.76919997,0.14020792,1.114286,0.0412831,0.0745946,0.03635856,0.62521935,0.67038596,1.1037091,0.28314227,0.5289558,0.22313355,0.586721,0.5449703,0.6323697,0.4727346,1.098853,0.1077329,1.1949658,0.44087243,0.023180757,0.6773277,0.65279466,0.1784898,0.54234606,0.08840275,0.5756483,0.06850229,0.7207664,1.4175926,0.6965755,0.38178793,0.8324028,0.0,0.016769882,0.44708025,0.73470026,0.37240663,0.92981935,0.5717512,3.011018,1.5424384,1.4766929,0.4733939,0.6078083,1.5487894,4.0267224,0.6227626,2.0055594,0.96320856,0.052440662,0.02689198,0.59212905,0.7611221,0.1354457,0.23995668,1.434096,0.5356428,0.18515709,0.63733464,0.52815056,0.05790716,0.4467284,0.56561685,0.4727702,0.7927226,1.1524192,0.38857427,1.5429629,0.16001849,0.273371,0.24447869,0.9176883,1.3126166,0.48614097,0.016425986,2.382762,0.011777215,2.2627802,1.3883972,2.162305,0.11419239,1.2749804,0.34334302,0.39431995,0.5253003,2.65378,0.18359126,0.21610594,1.7434475,0.51117194,3.8099165,0.93036956,0.5461401,0.11635501,0.60781074,0.46172658,1.0121075,0.03431793,0.0415588,0.9275506,0.19597171,4.0894814,1.3851594,0.26986045,0.28690788,3.5895283,0.56709063,2.0886612,1.3373989,0.6605105,1.6448652,1.2617021,0.74798673,0.15509741,1.052419,1.9533315,0.118418455,0.107313864,0.21035318,1.0334072,0.5713736,1.2819196,0.5960043,0.24136709,0.46818584,0.3305116,0.0065348,1.3830563,0.54930365,0.40028372,0.29260156,0.341221,0.6244351,2.0756683,0.8995977,0.52453613,1.4884893,0.96565294,0.13250124,0.037757754,0.23341721,0.45537084,0.36143696,0.72796273,0.07358199,1.021916,2.6013193,0.09968586,0.013679613,0.045341913,0.023755606,0.41010368,0.27153978,0.21494916,1.5680496,0.14747012,6.2165875,0.039091107,1.6369346,0.7751762,0.190543,0.049879868,0.48918605,0.53124183,0.0684933,0.38597628,0.27834702,all_pothole_images\pothole_images_enhanced_cfaf61d384a307a76ed223020f569b4b.jpg
1.0830845,0.36292955,0.61514217,3.1737697,0.6919042,1.2000436,0.5710819,0.61733854,0.28327852,1.9825875,0.06742205,0.44375113,0.09678054,0.99716496,0.6573533,0.84169704,0.03661153,0.891496,0.5999812,0.8572985,2.0946856,2.1437917,0.94332975,1.3885696,1.5476854,0.88939214,0.8085677,2.2555728,0.3503306,0.2568999,1.0665075,0.49442583,0.85621035,0.97001696,0.35520226,1.9433805,0.28319266,0.65838015,0.096102126,1.1514852,0.3682282,0.24142843,0.41377175,1.3452041,0.31265414,1.1306839,0.30338696,0.007469931,0.35689038,2.632815,0.7595521,0.66112846,0.8130778,0.86960566,0.40254694,1.7828013,3.7649827,0.36874238,0.49334568,0.29197234,1.0640489,1.7120422,1.0083579,0.5895566,0.18191887,2.600842,0.008972293,0.2361816,0.35936087,0.4759723,0.20772758,0.2850765,0.34817022,0.70681894,0.71491605,1.3332192,0.023599258,1.0891334,0.7711746,0.21033952,0.25581244,0.06877101,0.34832484,3.0909028,0.60683167,0.71903837,0.48356172,0.39170408,2.6203816,0.34016222,0.19616611,0.04958143,0.9286271,0.12166661,0.3933375,0.24491535,0.25757805,0.95612496,1.4287432,0.24717104,0.37827626,5.333813,0.18323033,0.0791752,0.26791093,1.2643651,0.86272025,1.315122,0.44607636,1.097273,0.3205955,2.3269744,0.39925706,1.3150247,1.3477733,0.5185999,0.54560983,0.058434073,4.309347,1.8754182,2.9912856,0.6032842,0.0057734665,1.4667482,1.9312812,0.10064778,0.40360188,2.0369048,0.78210104,0.3833606,1.0164179,0.0510087,0.3807073,0.15375118,0.012878521,0.65297663,0.18375139,1.4295712,0.38752332,0.52581877,0.67667603,0.17598861,0.24221115,0.34077227,0.50903803,0.47885996,0.90494066,1.1548975,0.3199,0.12426324,1.229394,0.72479486,0.23920879,0.39585346,3.3445804,0.62533647,1.032745,0.24890381,2.1407397,0.048397515,2.524418,2.0664263,0.060759086,0.7019692,0.23352887,0.63809,1.5310904,0.30805758,2.4077163,0.92993706,0.14005269,0.0,0.06325213,0.71967345,0.7929096,0.12763849,0.21225078,0.0034494554,0.18922794,0.038754493,0.28182334,2.9429915,1.3354408,1.4040855,1.4551145,0.37186563,0.7934134,1.3079307,1.0192444,1.5955007,0.3588965,0.12029751,0.0063102376,1.6958241,0.47125438,0.61699945,0.53924924,0.80444974,0.57991993,0.351293,0.3586882,0.6935644,0.46186018,1.287299,0.6250014,0.0,0.38484678,0.662645,1.5617529,0.4050092,0.0014113899,0.024291294,0.9402565,1.9564596,1.1919924,1.4657197,0.8661849,0.0,1.0469004,0.30164728,0.55485225,0.32064623,0.1583602,0.29463923,0.19927712,0.78140724,2.747139,0.069817826,0.7441158,0.5469463,1.353469,0.86398494,0.50816864,0.29825395,0.8490037,0.02931118,2.126348,0.0011793069,0.49093565,0.57359856,0.68215257,0.17922193,0.026523681,0.13455226,0.0793214,0.006289377,0.5117403,0.9011122,0.37221605,4.228322,2.8451834,1.0017407,0.64349324,0.50485486,0.379164,0.33093533,1.3462214,0.4671571,0.7432618,3.084408,0.3212153,0.30878213,0.7937571,0.69865465,0.6142139,0.51889956,0.68697387,0.24315143,0.40962714,0.15804027,1.2540303,0.4067125,0.29554564,0.47975656,0.6503645,0.3969851,0.1207228,0.20439774,0.8024284,1.3508632,1.0076406,0.24789156,0.35897017,0.94557905,1.2562598,0.47015807,0.59447646,0.6584152,0.8613938,1.0418446,1.1899866,0.077840365,0.35864866,0.6800285,0.0,0.674568,0.31735262,0.7198407,0.6307894,0.5261097,0.20199877,0.3969424,0.2534483,0.91915715,3.4640405,1.7076973,0.4123921,0.1090966,0.25089025,0.22284406,1.3530601,1.3333646,2.1718216,1.8514848,0.25340396,0.6831462,0.034797292,1.1051399,2.1747012,0.75466466,0.22929269,0.12421854,0.37121022,0.50882953,0.67459947,0.08059439,0.27293515,0.24591854,0.66166735,0.22537032,0.60139257,0.6775615,0.20106097,1.68835,0.02195113,0.120718,2.138282,1.5850317,0.11165061,0.7224129,1.3504884,0.5872627,3.0405135,0.043197162,2.1912951,0.14208281,0.3891294,0.14668061,0.35539392,0.24833032,0.774701,0.37289873,2.03381,0.4406712,0.18090174,1.4279665,0.15354393,1.5439057,0.76599556,1.2624016,0.41241708,0.2165934,0.34374967,0.55780685,0.022888716,0.5869421,1.1675521,0.21803916,0.103764996,0.011754423,1.379333,0.5492056,0.5506905,0.00222237,1.5251584,0.25479552,0.091404445,0.1074399,0.7198355,0.05803107,0.36109567,0.0,0.6925858,0.28131828,2.5488791,1.3989229,2.3559737,0.0005949823,0.42081264,0.58143336,0.1985611,1.2527056,0.31853715,0.8442758,0.05687029,0.040748533,1.4717768,0.13073377,0.24619956,0.4348971,0.933595,1.6183469,1.4717332,0.41373357,0.117401555,0.67161405,0.42123288,0.43935612,0.197385,0.106957056,0.82223076,0.55972886,0.0044688797,0.113231055,0.026474416,0.26934513,1.6631546,1.3006612,0.51937896,0.2383976,3.7493188,1.5913373,1.6276038,2.5676699,3.426573,0.77319264,0.8763568,0.5272975,0.55999225,2.0863202,0.37968445,0.45022815,1.1668713,0.66475004,0.5244791,4.0329747,1.4122295,1.2029393,0.14790861,0.85934293,0.28316,0.5081842,0.33892414,0.60160655,0.6478716,0.21274617,1.1317393,0.76409227,0.0,0.30489084,0.46715388,1.2741147,1.0817877,0.3608976,1.013492,2.3295841,2.0410328,0.5339009,0.7557055,2.019232,1.0494936,1.0991815,2.1860201,0.30728072,0.9105444,0.70237434,0.008545227,0.49108067,1.1186302,2.1189198,0.7935191,0.85009086,0.29138342,0.43143064,1.8449689,0.22842096,0.5285531,1.9586463,0.12809257,0.30010495,0.6468221,4.310825,1.6555141,0.41152078,0.038141098,0.815226,1.1492444,0.01844238,1.8515077,0.021217067,0.13822313,2.4033828,0.33499986,0.64494896,0.60622114,0.4938657,0.6383429,0.13500947,0.5935421,0.04628601,0.97392565,4.426934,1.6164751,0.46676755,0.13533556,0.38850826,0.040524703,0.4185162,0.1164522,0.5869676,1.0088382,0.14397728,all_pothole_images\pothole_images_enhanced_cfc16465e1b249fdb8b7de8d26c7f919.jpg
0.9429077,1.3806108,1.1459332,1.7383476,1.1240811,0.73327404,0.1287203,0.07765654,0.7415321,1.2058945,0.034815945,0.46412307,0.44278035,1.1675416,0.052037306,0.59379333,0.30210558,0.07890595,1.1252041,0.17662512,0.34550235,2.4511971,0.1688874,0.93898267,2.0587676,0.34941667,0.0,2.457648,0.025514992,0.2642692,0.65475476,0.16759555,1.3487118,0.3677726,0.13887139,1.1892817,0.67269117,1.0112305,0.23925991,1.0726459,0.9078534,0.20737453,0.30280036,0.3530028,1.263169,0.41196144,0.80117595,0.03323576,1.5275701,1.2760143,0.9302511,0.0,0.0807926,0.2838881,0.03669955,0.9286756,0.88369036,0.042022657,0.41030413,0.044118345,0.06312231,0.15992561,0.26918834,0.38507882,0.4000655,2.1050293,0.7128724,0.26560813,2.663118,0.65175396,0.5643941,0.48710957,0.4096573,0.89360756,1.044529,1.7239738,0.094071336,0.57137954,0.73774207,0.5373909,0.0,0.28274387,0.6577961,1.0590316,1.6233822,1.180929,0.33272347,0.34118262,2.955737,1.1018488,0.19729304,0.48170987,0.015050448,1.6873102,0.24110898,0.0,1.0277377,0.39409435,0.28373584,0.015579778,0.7324798,0.94485736,0.7583657,0.0,0.75966346,0.16920505,0.26983368,0.8677458,0.0018937432,0.6959595,0.02094955,3.513597,0.73926955,0.6062808,1.0503882,0.5004307,2.0390491,0.45759103,2.0334303,1.1036795,2.994974,0.5640384,0.39101174,1.2004551,0.2750069,1.5780207,0.070071645,3.0874202,0.48293158,0.2244819,0.2894409,0.0,0.37954828,0.22994931,0.80469847,1.5902275,0.38506845,1.2958807,0.8708746,0.17799214,0.12762132,1.3684509,0.037789464,0.54935145,0.14175332,0.7626981,0.0,0.40032145,0.25845835,0.3299347,0.61481255,0.42883027,0.36117458,0.45831388,2.0045793,1.0306684,1.2324698,0.39169183,1.1870337,0.10025257,1.3038831,1.3535085,0.40004364,1.3669485,0.21750934,1.2275976,0.9665689,0.0,1.6780006,0.9532089,0.09482814,0.018052796,0.0,0.26045707,1.4508377,0.038746838,0.47495145,0.16462067,0.22174123,0.02670637,0.008289617,0.8161082,1.5864853,3.0152967,1.634198,2.1302369,0.47008988,0.1969754,0.74936,1.2502695,0.22381446,0.8400851,0.0,2.3105204,0.44961104,0.7779624,0.758014,1.1879648,0.3063362,0.6047827,1.0008204,0.92429006,0.7775023,1.1622225,3.266023,0.40642402,0.7404305,0.31413388,2.5236008,0.3056842,0.0025120298,0.17434216,0.98337024,0.9669294,1.0934407,2.2753773,0.15811154,0.05751708,1.5536561,0.5532809,0.821556,2.460259,1.1869583,1.2552234,0.03851606,0.12790498,1.8312918,0.4389588,1.0642397,0.16872606,0.023035888,0.18543378,1.7639465,0.2640381,0.87984186,0.18905735,2.6550236,0.12616928,0.21696675,0.37332347,0.8687387,0.60496056,0.55721617,0.80933976,0.5519733,0.01806593,2.0346081,0.85317177,0.08124914,4.0225816,0.7000359,1.1488158,1.3049809,0.46862784,0.21482852,0.19623503,0.56933475,0.3462321,1.3463848,2.8275077,0.017483575,0.002114273,0.3449346,1.037717,0.06375637,0.44220316,1.0277346,0.09805458,1.1361971,1.2080868,0.17028563,0.004197001,0.36889157,0.01329264,2.3205118,1.1398067,0.4709181,0.44301993,1.2684494,1.386818,0.043893233,0.6380033,1.2829413,0.81035113,0.933033,1.0521706,1.2484956,0.22241671,0.58932805,0.84281045,0.3942094,0.987318,0.07489799,2.1186855,0.15579017,0.069954835,0.7780662,2.8585794,0.2689896,0.92156357,0.20228674,0.70756483,0.2396245,0.8085866,4.6312504,0.6055516,0.70337826,1.5379547,0.5997459,0.05534862,0.8136898,0.3844039,5.8265195,1.63431,0.0,1.2610425,0.06753824,1.8650416,2.03775,0.15985498,0.50727415,0.36796805,0.10763103,0.71433544,0.61385983,0.073141016,0.54475594,0.09181216,0.22722666,0.6796064,3.9852438,0.24059668,0.038858596,0.0139830755,0.007812722,0.5019563,0.25388995,0.33723176,0.26034704,0.20167732,0.84783405,0.7281951,2.6059186,0.0048561553,0.32405105,0.6949754,1.4487616,0.025202338,0.4942757,0.2079603,0.2781615,1.3853364,0.2502801,0.43686083,0.61095744,0.1947257,0.15608487,3.2372186,1.4891487,2.071807,0.0035816168,0.29369336,0.9813084,0.3054283,0.040317234,2.4099934,1.1619682,0.4412489,0.53331566,0.68066263,1.9154197,0.20731553,0.67027956,0.02973847,0.7302234,0.42039418,0.038692784,1.0745934,0.0,0.54985476,1.0434254,0.7061013,0.17055647,0.64789987,3.462191,0.7495869,0.689279,0.075505115,0.40296197,1.0131004,1.2681335,2.863027,0.831052,0.67946637,0.0027515942,0.8146897,2.4958396,1.0472188,0.0130803,0.12889716,5.5324626,0.48202795,0.82777435,0.44908437,0.71663195,0.21624537,0.35050762,0.8821251,0.0057840524,0.015367967,0.5198121,0.013301012,0.8471541,0.40484536,0.088149555,0.059876293,0.6533953,0.45422485,0.80153143,0.21430019,0.7928185,1.4631842,0.37196037,2.1824975,1.037985,0.3266761,0.1515199,1.237643,0.29452145,2.704346,1.2310793,0.12532614,0.58981663,1.1833187,0.96868885,5.296753,1.5045608,0.95722514,0.22804269,1.0426438,0.74853694,0.20608339,0.3255253,0.2117948,0.42206147,0.055522896,0.32890123,0.41910958,0.41319117,0.40994594,1.1069738,1.2872701,2.5426376,1.3495638,1.1128442,1.3097693,1.1337155,0.69177336,0.62430525,3.0835774,0.41136947,0.7418793,2.7426193,0.05113213,1.149283,0.7602181,0.8818794,0.09736119,1.7723569,0.3565321,1.2328871,1.0735704,0.082215875,1.1793911,2.8319366,0.23821506,0.063254595,2.4206595,0.60209966,0.5340901,0.39904383,2.8720112,2.4959695,0.77548575,0.007409617,0.37971777,1.9348686,0.9632429,1.5745653,0.25759804,1.5980875,1.8446945,0.65139955,0.0,0.5975012,0.0,0.25738168,0.49043062,0.48799303,1.0593661,0.18422619,6.1580496,1.8348055,0.40273914,0.54548734,0.45610598,0.009924539,0.6075396,0.4957037,0.4606504,0.16206403,0.5500335,all_pothole_images\pothole_images_enhanced_cff2642a6f3634dd51535bc3f31649ac.jpg
0.6281686,0.5757523,0.17997743,1.6577543,0.10557474,0.8919562,0.735401,0.34587002,0.098374054,0.6763733,0.056425612,0.40434918,0.0,0.82764685,0.13488524,0.09401281,0.048207037,0.7496899,2.3616755,0.17835836,1.8450435,4.0963945,0.3069232,0.002024737,0.914127,0.46353078,1.704573,3.698107,0.53279686,0.5059648,0.53063375,0.49593446,0.24399172,0.18244833,0.42488787,0.36543378,0.84280705,1.9784678,0.0154345315,1.3505865,0.0599449,0.23690405,0.5007586,0.7500089,0.2631113,0.78516054,0.12602201,0.2840858,0.22036953,0.73342294,1.1070418,0.76600987,0.46246594,0.5250832,0.27522385,1.3186157,1.1589015,0.39421493,0.92737424,0.1385743,1.2521429,1.9579082,0.72891873,0.04948936,0.66206264,2.1049001,0.36734357,0.13532741,1.0774541,0.20196778,0.2646733,0.9702114,0.22748677,0.027295956,0.866038,0.2475234,0.39098248,0.7366456,0.3755286,0.1822532,0.5488255,0.0340602,0.009018538,3.1707306,0.5173844,0.079741284,0.5954252,0.01709138,1.1862695,0.20133653,0.011770007,0.50096107,0.06751632,0.5020052,0.8705634,0.47207567,0.25118077,0.5844243,1.1281316,0.78416455,0.021104122,2.109898,1.2701213,1.6532999,0.43225688,0.16578178,0.11339802,0.35798025,0.2833665,0.00635436,0.12191278,2.8495638,0.8318947,0.05087473,1.5552497,0.011132479,1.4418277,0.21667492,0.9757042,0.2272119,1.839731,0.7374353,0.12366835,2.8005965,0.61702144,0.04391903,0.41510707,0.7496853,1.996085,0.2759781,0.39263082,0.005423612,0.24172808,0.025850043,0.061446164,0.12665962,0.22259498,1.8964996,0.3635351,0.29489422,0.4262415,0.132275,0.2147102,0.021754807,0.10669751,0.8716639,0.14134803,0.41260126,1.052772,0.05507691,1.0630157,0.6860382,0.0,0.12119958,0.5519978,0.053076383,0.5219842,0.33247954,0.50152415,0.108621135,1.1938255,2.437665,0.048565768,1.7044777,0.24690291,1.4018854,4.571826,0.3052457,0.9757935,0.73343164,0.07325334,0.057546906,0.10082237,0.2468525,0.3434782,0.016610932,0.3666784,0.19641839,1.1966481,0.23221259,0.6376892,0.89984095,0.19212107,0.9842031,1.2583289,0.8873318,0.007230424,1.3545703,0.114263795,0.30287045,0.05225103,0.429258,6.406792e-05,1.8653116,0.0,0.09461897,0.18950014,0.5082845,0.6266782,0.35772938,0.2274001,0.55629206,1.8286078,0.55962646,0.31798273,0.0034102718,0.1605051,1.0359359,0.7962555,1.0564653,0.38119423,0.28767475,0.66778934,0.5067275,0.6599018,1.5379789,0.9607362,0.42402273,1.0835873,0.07508052,1.379883,0.094172455,0.48961487,0.3581394,0.7563025,0.7801728,0.7413425,0.19416083,0.46628127,0.95962757,1.9453803,0.7540881,0.006916181,0.09405369,0.12378541,0.029096004,1.2402912,1.4737625,0.002996109,0.35830292,0.14045472,0.26599497,0.23544249,0.4331585,0.42821863,0.24365135,0.09241286,0.1366726,1.6846646,3.9715886,5.207569,0.038869254,0.6778974,0.28447863,0.0,0.80108935,0.882753,0.7740529,0.6760223,1.7895427,0.5911205,0.0,0.32012573,1.0040158,0.27517998,0.22855498,0.08203619,0.296964,0.38137516,0.5895052,0.2744276,0.43517146,0.040949505,0.059974305,1.5976096,0.25660083,0.68266934,0.20865652,0.82479554,0.6148121,2.001731,0.04720024,0.023408158,2.4597638,1.7490722,0.3083785,1.9688054,0.82893014,0.92987853,0.5469172,0.1389977,0.5451637,0.13986333,0.4922284,0.10314987,0.28774655,0.43164697,1.4563428,0.058266073,1.8532228,0.2237355,1.7708547,0.40374476,0.7889756,1.2430629,0.9414785,0.11535519,0.5914133,0.065742984,0.3971803,3.3198934,0.7214115,0.88577807,0.69535863,0.10312212,0.4729253,0.81586033,2.3821974,2.2010584,0.02340104,0.041831873,0.50440633,0.56321335,0.23939033,0.7043466,1.9377866,0.22000563,0.0,1.8160294,0.8603388,0.4383895,0.925484,0.46707892,0.3692826,0.28585172,0.6664704,1.4271988,2.7925165,0.024974553,0.92793834,0.37913162,0.70553845,0.772832,1.0157653,1.9629071,0.01929204,0.3549881,1.0820943,0.7273667,0.9159443,1.1061063,0.48298708,1.38769,0.3963084,0.07272584,0.4326018,0.13388897,1.7576388,0.018830538,0.029477414,0.13666293,0.39473528,0.30248174,0.57959247,0.20710781,0.00898989,2.7255254,0.24160853,0.013094278,0.060740914,0.6573818,0.06763447,0.24113405,0.92847276,0.9154545,0.051840324,0.36138687,0.17702328,0.3087673,0.43217024,0.8739719,0.0046910495,1.0411875,0.08773354,2.5359876,0.2132821,1.310398,0.02127352,1.2150364,2.8110406,1.3607485,0.07281675,0.45799598,1.8721299,0.13830753,0.0,1.8813238,0.060834106,0.22216621,0.08440707,0.54921556,0.016006669,0.23042513,0.38099927,0.47689685,0.0074354955,0.008145044,0.78529626,0.10222626,0.0035601635,0.755062,0.2323418,0.06977683,0.28389594,0.5830254,0.007301166,1.0527861,0.7091631,0.17280301,0.6215266,3.5275476,0.2255663,2.7578964,2.762879,1.8808874,0.01735397,0.36411378,0.6420986,0.0,0.024027964,0.049796026,0.74731475,0.118262134,0.2552249,0.5271179,1.5920126,0.913854,0.14906007,0.5794139,0.059590872,0.090300225,0.37746826,0.0022308046,0.95326036,0.14727108,0.06634136,1.8688794,0.6100143,0.124497354,0.19456021,0.47139692,0.30241448,0.07698669,0.5820764,1.4871482,1.2536821,0.85283434,0.63555706,0.14368795,0.19896604,0.21693689,0.14897725,0.1948004,0.022093456,0.2224839,2.018379,0.5755731,0.6341849,0.20498578,0.14949998,0.16162367,1.3209381,0.8647811,0.055610593,0.080580056,0.08750086,0.10529297,0.37300697,0.45639622,0.7509573,0.62501645,2.82097,0.11440859,0.0250427,0.09851122,0.2672093,2.0442781,0.041510697,1.3093976,0.28369972,0.61902404,0.71769613,0.03374183,1.030942,0.0066078436,0.28091836,0.13529675,0.6877334,0.3345995,0.025454188,0.29749697,2.4693868,0.36911088,0.77114797,1.1122886,0.42834276,0.61065227,0.0,0.3997303,1.1360377,0.4841861,0.17446296,all_pothole_images\pothole_images_enhanced_cff87608eb090a0694a3eb094e4c4222.jpg
1.1568269,4.201002,1.2005174,1.8196025,0.8585387,0.8406283,0.9050123,0.7996094,0.5674742,0.7182008,0.30720827,1.1931748,0.028047962,0.4014852,0.06470293,0.0035336837,0.8306725,0.057551652,0.19769685,0.03864173,0.6742346,1.0938971,0.14833619,2.403348,0.8211222,1.0784578,0.28182617,1.6399374,0.024346767,0.4467829,0.296358,0.55222064,1.482724,1.2415757,0.50354356,0.9051652,1.9684862,0.7542552,0.53356606,1.7417246,0.23885742,0.17971715,1.3356965,0.19333301,0.76028705,0.96562845,0.1345646,0.41714835,0.9910312,0.97389185,0.25613353,0.33679748,0.6533646,0.13484739,0.12182469,1.0264615,1.5421003,0.9996662,1.454181,0.23761001,0.31471327,0.0038854978,0.5781101,0.88037974,0.5636137,1.4412261,1.2961189,0.34904963,0.2526148,0.06893326,0.59491986,0.33701953,0.30918854,0.40267873,0.6999263,2.0675886,0.8447913,0.7981352,0.021944264,0.6611455,1.0164351,1.5681258,0.48742858,0.91617614,0.82750577,0.4114954,0.30969736,0.318304,3.5821831,0.49049914,0.00042502242,0.057968944,0.058515202,0.22542599,0.19873008,0.55345255,1.4887223,0.7628902,0.36950776,0.2648921,0.1428243,1.65152,1.9896574,0.045238238,1.4679848,0.06527813,0.41028392,1.2586197,0.6988482,0.26039597,0.18555331,2.5315204,1.9083478,0.36739236,1.3587769,1.7447512,1.3700652,0.10152689,0.019366125,1.4098428,0.8508469,0.4869043,0.20926969,0.6035601,0.05390511,1.3448035,0.51000136,0.88770485,0.9007363,0.35304657,0.9751658,0.59457994,0.0032917187,0.2259464,2.5048695,1.5315034,0.14216919,0.7590393,1.0498326,0.12204364,0.5764958,0.5679573,0.41256025,0.64191675,0.75863785,1.6109535,0.00089441886,0.9690912,0.37243375,0.32179895,1.3125926,0.9061047,0.118679956,7.2709394e-05,1.3716965,0.68857354,1.0055709,0.03924625,1.3358915,0.37328115,0.7192856,0.38997018,0.33197778,2.924456,0.2370697,0.68318355,0.583182,0.7954987,0.50766104,0.28759867,0.4729557,0.06624372,0.16945298,0.021238312,1.0010772,1.6003826,0.6670396,0.21154125,0.08756174,0.23094267,0.12988187,1.1614802,1.9641706,2.12418,1.6539663,0.1834447,0.0135952495,0.6728852,1.1351101,0.7105677,0.9199712,0.22028323,0.42983985,0.97059083,2.1471612,0.37609023,0.659442,0.04729222,0.668199,1.4936765,0.78621405,1.2582791,0.045388825,0.1518682,0.5224305,0.5079713,0.29126105,0.7121621,0.16291042,0.0042309267,0.013331345,0.0012882071,1.2621566,1.7538844,0.988057,1.748526,0.48241633,0.12587741,0.7828543,0.547919,1.963235,0.003417875,0.078629896,1.3526075,0.0,0.98462766,1.0570837,0.3724496,0.5118894,0.8127136,0.7635636,0.07743824,0.77787864,0.0,1.1250964,0.012232348,2.5185087,0.072015606,0.016514983,0.035239182,0.44642767,0.59024376,0.5160928,0.048386905,1.2532369,0.009041079,1.817723,0.23885006,1.1350837,2.4869678,0.47103748,1.667601,0.2801117,0.66892654,0.0005257496,0.105007276,1.3628428,0.07590228,0.65613586,3.1319866,0.03286136,0.5314723,0.9978593,0.33144456,0.10492657,0.29606035,0.23782346,0.66257846,2.5157444,0.34800762,0.3700684,0.0,0.3351459,0.2549081,0.93457246,1.122834,0.4632119,0.2604138,0.56360555,1.0929668,0.015057359,0.74893266,0.32670456,0.63924146,0.99772364,0.051975783,1.7331792,0.8095256,1.2354726,0.051345617,1.2217611,0.16216815,0.11363001,1.1572677,0.6284471,0.06492666,0.56925213,0.0,0.7665011,1.0032464,0.6208983,0.48306903,0.38888997,0.54071105,2.871863,0.50308627,0.008016015,0.81008464,0.1196225,0.8925641,0.1243861,0.8693446,2.821113,0.8331218,0.18869954,1.2972682,0.26458707,1.4797525,1.3875399,0.8062735,0.09800609,0.042174585,0.1269901,0.0027219737,0.6109825,1.7455149,1.3884532,0.55599886,1.5365715,0.57124406,2.6880753,0.6804536,0.15760918,0.019200925,0.05005716,1.4246879,2.1743522,0.012133197,0.0052075842,1.6332394,0.88571054,0.5045315,0.42332247,0.5083437,0.42226613,0.17397302,1.1853541,0.20669697,0.2629135,0.25686732,0.026541855,0.35233492,0.1818333,0.487012,0.5610977,0.035314754,0.5216667,1.3651983,0.14811668,0.5662259,0.41941953,0.4107184,0.79975444,0.6640414,0.016419454,0.7444102,0.6911954,1.071934,0.39236292,0.89172316,0.48778376,0.9308884,0.91093343,0.29262924,1.3774513,0.6234457,0.14880635,0.041800417,0.32426846,0.5089378,1.1660626,0.63485867,0.25749668,1.2218814,2.2675781,1.5585744,1.9020138,0.9143243,0.653424,1.1581571,1.8340745,0.110468626,0.16868834,0.31585833,0.06559187,0.23278303,0.9395532,0.3460977,0.30417502,0.21595733,0.98390454,1.2399108,0.051437933,0.9353391,0.34670976,1.075462,1.6917335,1.0033787,0.24428757,0.7212649,0.20897771,0.8295917,0.32168278,0.3362552,0.02355375,1.2275558,0.53119594,0.6399332,0.6088287,0.018951425,1.2300813,1.7678401,1.4100765,1.1372672,2.6661687,0.64059144,0.8963482,3.0757546,0.5320271,0.46535,0.58262223,0.13741893,0.22063206,0.4631207,0.35464764,3.4564884,0.42599583,0.42879158,0.70151144,1.0176013,1.4074727,0.38133892,0.5946209,0.09936714,0.4024247,0.10893848,2.3190758,1.3770767,1.0308932,0.29094964,0.4937303,0.8931287,0.86596006,0.23828468,1.1342486,1.4139177,0.66331184,0.67642945,0.5558083,0.8702801,1.3025746,0.33806002,1.3875982,1.2420092,0.22252962,1.166689,0.1843023,0.08080334,1.1415503,0.79091847,1.3073543,0.24850203,0.5885465,0.08239183,1.1609905,0.06543266,0.024797386,0.7547724,0.28970677,1.6988593,2.5215666,2.3566322,0.7198771,0.12614241,0.22436976,0.06625858,1.6135247,0.2725565,0.34176436,0.021379745,1.2124934,2.4821315,0.31959498,0.5457122,0.071842104,0.099394985,0.48521414,0.11885713,0.040395107,0.6298164,0.5913682,2.447849,0.94342345,0.38850483,0.47198728,0.5741527,0.08092883,1.4226267,0.9541762,0.9253133,0.5785756,0.016971238,all_pothole_images\pothole_images_enhanced_d001b64d18f7fa431762636d034bf5bf.jpg
0.8523432,0.28451613,0.19366412,1.4871706,0.42541045,0.0031025878,1.065448,0.04843812,0.15377071,0.7449682,0.009891305,0.101470605,0.086108945,1.0910928,0.017137382,0.43516985,0.12421814,2.2901278,0.024129795,0.33959955,0.15138255,0.52792,0.39240882,0.9099616,0.474288,0.8555688,0.59163433,0.16741464,0.118241,0.120822854,0.14322498,0.05295158,0.59597546,0.77587515,0.12819484,0.4420114,0.28734803,0.9330585,0.09753425,0.3715628,0.12415002,0.5060414,0.46461767,1.7968158,0.22987343,1.071098,0.18455727,0.094151,0.69571936,1.6041634,0.55561167,0.3249503,0.22121592,0.028496154,0.27678898,0.41729206,2.3533256,0.11540535,0.15523554,0.30549344,0.24724771,0.88094765,0.2532125,0.26337692,0.22812204,1.3674827,0.11720681,0.6766172,0.030597111,0.44123483,0.032389436,0.03794974,0.36600423,0.21978137,0.4617765,0.13837983,0.5898583,0.5949509,0.0,0.15062122,0.049973078,0.07369612,1.303217,0.35419735,0.50009346,0.04802858,0.0928398,0.5121773,1.0403419,0.1308094,0.1407413,0.343549,0.042664528,0.0,0.059500195,0.043003786,1.3968546,1.0457405,0.72637403,0.014021764,0.0017503069,4.1015177,1.2599032,0.17470023,0.5974972,0.3667864,0.03560764,1.0583806,0.08350629,0.843468,0.09812724,0.51470864,0.42323586,0.96412057,0.5785889,0.44560605,0.9348176,0.03806712,3.9175508,1.2613486,0.4214975,0.6095927,0.045517035,0.7697141,0.036348768,0.43166313,0.035750944,1.3083187,0.46255285,0.04471047,0.54347456,0.13605048,0.033534985,0.109023996,0.016499162,0.17261061,0.0,0.45535803,0.11572131,0.09066529,0.54996526,0.4700061,2.0153704,0.66434073,0.028440524,0.52275234,0.0110658845,1.455181,0.30180505,0.17180449,0.36891687,0.20940693,0.00498188,0.13069417,1.6313442,0.53282773,1.0371103,0.0036960482,0.9591017,0.017647456,1.2758929,2.0894125,0.015230216,0.15921713,0.958806,0.3190188,1.1218436,0.8039085,0.122192256,0.65148365,0.25259697,0.08817611,0.0,0.2771373,0.8157227,0.08972537,0.16785234,0.0639928,0.23572563,0.016694454,0.015796073,1.4538449,1.8373507,1.503346,1.1230171,0.49602476,0.7272527,0.3135599,0.24056476,1.060396,0.1807073,0.027820408,0.2629359,1.3139669,0.2393413,0.031591285,1.5674796,0.5321645,0.09086972,0.16763435,0.033501815,0.20829602,0.4924078,0.5985676,0.48398736,0.48661765,1.0081224,1.2600671,1.1596786,0.8550242,0.0,0.08330292,0.11614947,0.73096114,0.8375364,0.50940704,0.3723884,0.23384789,0.26386315,0.005500854,0.7241359,0.24742617,0.19455951,0.012824968,0.1585885,0.6332195,1.4554795,0.35645255,0.96162117,0.47895455,0.17375545,0.034364276,0.5005042,0.11871645,0.15971117,0.0059638997,2.4340823,0.15324007,0.13520995,0.124677114,0.14765002,0.10302655,0.22543399,0.67374814,0.20280568,0.63149554,0.4975838,1.1056696,0.3556226,3.7061615,0.9674327,0.5756861,0.19673756,1.0155426,0.011337495,1.4390326,1.0030631,0.16065116,1.1490488,1.8186473,0.049644224,0.057943888,0.8936413,1.1680006,0.22003219,0.016360413,0.18262288,0.4785125,0.85335386,0.014857926,0.28577414,0.0010200979,0.03938276,0.5899728,0.52927047,0.8330989,0.1922254,0.55499125,0.7307851,0.50283176,0.24934228,0.43037647,0.40195572,0.3493988,0.002188243,0.0378981,0.009990169,0.046343666,0.8269974,0.1991319,0.99267274,0.19822249,0.7518749,0.46396917,0.008597287,0.06454371,0.4142037,0.23882224,0.03884095,0.81334513,0.05462988,0.7732874,0.02240885,0.20756939,4.5065866,0.84753543,0.0,0.045867275,0.056793883,0.99120593,0.68171954,1.1504916,1.297703,1.1759164,0.40063834,0.344912,0.110206924,0.6045868,4.367733,0.11140373,1.3774542,0.0,0.21148454,0.0,0.38581255,0.21639882,0.26242992,0.0100690685,0.5460665,0.03576938,0.50807905,0.04872683,0.11756402,0.038102288,0.0,0.43326148,2.0794082,0.0055574924,0.4304336,0.32084876,0.16425136,0.18754508,1.162884,0.4310604,0.31297213,0.25671926,0.03167949,0.06970112,0.23699024,0.24865317,0.8461414,0.3478356,0.68788195,0.0068584154,0.1741783,0.3054007,0.078117624,0.34348074,0.35198116,0.73439413,0.34640038,0.8535861,0.09298815,0.025549201,0.0060313246,0.45819238,0.39975387,0.1230226,0.43942344,0.1603944,0.79491127,0.05178682,0.8574682,0.029246831,0.525963,0.3534109,0.77334625,0.20175783,0.23660325,0.18476851,1.155429,0.0,0.13297808,0.9596864,1.6159894,0.39338824,1.8228233,0.046142664,0.0925315,0.014127149,0.26709566,0.39201438,0.58696747,0.011541843,0.0943963,0.088421404,0.8559521,0.109351106,0.4236082,0.20391832,0.13454942,1.4675336,0.6707756,0.31546086,0.22655779,0.20688978,0.2102674,0.8280918,0.038616218,0.07540798,1.0210588,1.6316668,0.17373574,0.41990882,0.14801241,0.1351816,0.4135202,0.39586225,0.2891058,0.22506435,0.81174654,0.67254823,1.4434615,2.8170526,2.0879323,0.23739605,0.66996294,0.21236095,0.38785607,0.38406214,0.2824292,0.060308307,0.52804583,0.0006265979,0.6320894,1.6074857,0.62408334,0.032646157,0.09495911,0.45186743,0.23699227,0.9223441,0.13916618,0.013015465,0.3579544,0.0,0.782293,0.30875045,0.31657144,0.50442517,2.024748,0.14595217,0.2472112,0.22960576,0.39158162,1.1391689,0.9672325,0.07153147,0.8777324,1.5936189,2.6418288,0.13861413,1.3551165,0.17930478,0.5545515,0.082141444,0.3046288,0.05149031,0.45091674,0.68690085,0.52865654,0.6935019,0.0063142786,0.37072626,0.4976766,0.11891366,0.2640994,0.88336694,0.3692526,0.19619235,0.45701945,1.8946073,1.6306885,0.33884892,0.054611273,0.06373642,1.6219317,0.8539416,0.6939429,0.051447973,0.38976642,0.9307603,0.12664719,0.2444185,0.0178581,0.09896475,0.044900436,0.22695473,0.08940786,0.45005187,0.75720775,3.0836487,0.04873122,0.08121135,0.5078276,1.4963924,0.5123233,0.010306436,0.48385087,0.36113283,0.5735292,0.782606,all_pothole_images\pothole_images_enhanced_d027f70baeb30478fc16890e58a5cb74.jpg
0.032727554,0.6952368,0.0047109034,2.1571565,0.28371957,0.24879552,0.09777197,0.0055196285,0.047455404,0.7093494,0.8365656,0.1775341,0.0,1.6783148,0.0015381495,0.0016502306,0.39504042,0.8030401,1.3308753,0.07331481,1.0885302,0.60897857,0.2622582,0.44831675,1.1968522,0.32124582,0.51955193,1.6660969,0.84273964,0.11241621,0.17839879,0.35442165,0.26657754,0.04475224,0.0,1.7255292,0.56353205,0.47845104,0.38180307,0.6196249,0.061829608,0.0,0.06406609,1.0395181,0.16600884,0.5909792,0.030538281,0.108031034,0.13867906,0.8518957,0.9872041,0.045809276,0.022962255,0.003342536,1.3136073,1.3154054,3.1153567,0.81628025,0.017529368,0.0,0.0028244143,0.6229645,0.16649991,0.07777164,0.9406538,1.5901202,0.07620436,0.12297075,0.36365592,0.0748814,0.20914482,0.16805205,0.68432844,0.5944233,0.84026414,0.036620624,0.012928113,0.9422458,0.01657049,0.37883914,0.0,0.19265202,0.8078459,2.945865,0.17102662,0.22158848,0.05917197,0.4275765,1.5928167,0.27789876,0.46190658,0.23803532,0.31593782,0.6222194,0.20985329,0.045825526,0.3376455,0.13608086,0.98878026,0.51515615,0.14903714,4.74352,0.37119457,0.0,1.5238856,0.024429789,0.1063708,0.1926348,0.008657342,1.0754339,0.20081311,0.90996003,0.3369566,0.68508416,0.08870338,0.3891178,1.1756263,0.6927663,2.600604,0.05296801,2.7381482,0.13810338,0.01297437,0.24183924,0.42650476,1.2639416,0.13776875,0.30047402,2.4215286,0.15012081,0.82793146,0.042912405,0.0,0.29535794,0.19717146,0.12870148,0.0822927,0.90892154,0.08446128,0.06798903,0.25543255,0.6979625,2.1039875,0.25203303,0.0,0.42877254,0.1300221,0.6227282,0.42292193,0.0045511406,0.13343161,0.340995,0.0932334,0.20974112,1.8304125,0.47187313,0.20305233,0.32063928,0.51653814,1.4654049,2.0606363,2.0502114,0.46876198,0.9902817,0.08636799,0.42179254,1.9062079,0.48805022,1.6296881,2.129789,0.10363569,0.16707861,0.26603228,0.54705286,0.17752288,0.023113508,0.1590118,0.029613093,0.08508501,0.2321434,0.048615135,2.511537,2.0228896,1.4549273,3.1980488,1.0237855,0.6214453,0.6715421,0.9513978,0.4172955,0.0,0.52206975,0.47101825,1.2127483,0.14921124,0.13390383,0.4414598,0.47100338,0.084967226,0.4822654,0.12763552,1.064551,0.038413268,0.8731479,0.0,0.08541788,0.22599788,0.8570513,1.2522345,0.18164669,0.0,0.0655336,1.2696114,0.19906133,1.07668,0.8754311,1.5442075,0.4362718,0.4069568,0.31118736,0.10700897,0.00096996763,0.3919174,0.2261968,0.009111273,0.0,1.8982458,0.015409912,2.2979298,0.08418727,0.146642,0.00084550463,0.48305982,0.3918596,0.006481846,0.20941074,2.0547426,0.09307365,0.057055984,0.025926141,0.45327803,0.073184304,0.24377693,0.20722091,0.44396272,0.005331173,0.5614281,0.35341,0.10450793,6.374047,1.442455,0.17008139,0.05972254,0.42077497,0.0,0.019268494,0.35814342,0.15791152,0.13961422,1.0763351,0.615861,0.14527741,0.99210495,0.2013882,0.24654765,0.46980903,1.320315,0.7655945,1.4162216,0.30920595,0.047359753,0.07295037,0.97495204,0.07331458,0.16044374,0.4068558,0.082023814,0.16608123,0.2751616,0.25392815,1.1787459,0.37140274,0.62127316,0.03328891,0.17766634,0.23655488,0.69929963,0.062921524,0.16888742,1.2022461,0.17654295,0.21756122,0.032056447,1.5136055,0.33075935,0.46005833,0.31211323,0.0,0.06546101,3.58253,0.5026013,0.42200845,0.0,0.029406592,3.7276149,0.1942016,0.0331152,0.0675374,0.7961345,0.050622795,0.68079704,0.7112377,2.4332569,2.283172,0.9457352,0.27586696,0.008734551,1.2764791,4.2314067,0.14895286,0.08988522,0.022140205,0.1104479,1.6387107,0.020239407,0.20005642,0.28657305,0.033369713,0.1494779,0.044037342,2.1628728,0.8902239,0.8526627,0.005971146,0.19421051,0.015127879,1.028027,0.0,0.39591822,1.3719269,0.80723685,0.2616608,1.9993873,1.3927011,1.4771023,0.59243196,0.10518576,0.42457503,1.2171938,0.06389695,0.33410442,0.22775206,0.0043950863,1.1316963,0.0731895,0.375949,0.40045846,1.3073298,1.1327565,0.97872245,0.0035633328,0.163519,1.1533912,0.5186458,0.074183226,0.027649524,1.5762067,0.02435094,0.81654257,0.053484604,1.743863,0.0,0.54888314,0.3722053,0.4458011,0.522118,0.46376488,0.047415275,1.2775555,0.38792208,0.012116469,0.0,0.8519717,0.60492104,1.4500037,0.37115875,0.2255888,0.024061449,0.0,0.97241575,0.47517172,0.0912033,0.090195656,0.21793076,0.42112303,0.029758327,1.1234943,0.32598993,0.06501536,0.3954056,0.55343294,0.9254105,0.59251106,0.35943183,1.5217476,0.0043662456,0.29661536,0.43376976,0.21888557,0.047202013,0.17585446,0.2589525,0.04245601,0.38330027,0.0,0.0,0.9972683,0.59054714,0.53516805,0.0,1.8594556,0.34043303,0.8142256,1.9951261,1.4846876,0.024843432,1.6429443,0.060210656,1.0492704,1.0046365,1.3526994,0.23933592,1.3529309,0.5655661,1.2500242,3.4738092,0.85472053,0.6505522,0.24023764,0.11923339,0.9305815,0.05001801,0.011473751,0.11311904,0.0,0.28537577,1.1061157,0.81952983,0.014688004,1.0256658,2.52153,0.062023345,0.58533883,0.039139163,1.5068876,2.412774,0.011436865,0.061868418,0.209064,2.022089,0.9561539,0.115298085,1.224677,0.039815467,1.4360027,0.13391207,0.06517404,0.45785454,0.023181895,0.91033745,0.82581794,0.84535456,0.4581902,0.35616544,1.488663,0.4082876,0.05678304,1.1862093,0.34277916,0.36194655,0.8347352,2.262558,0.84792316,0.029858828,0.10179385,0.054329325,0.275317,0.010620671,0.69875664,0.0020431979,0.4668467,2.4075224,0.0,0.03943733,0.0,0.39400107,0.18710397,0.22901022,0.52169865,0.38300034,0.63068044,4.146655,1.031119,0.05826621,0.039041247,1.0014292,0.8281622,0.64679176,0.26917386,0.22274029,1.8658215,0.02147348,all_pothole_images\pothole_images_enhanced_d0d704225fcc13a16f3dee22587bf96c.jpg
0.19610377,0.9587943,0.20445193,3.0170393,0.55903333,0.188873,0.2626749,0.0,0.76524734,0.5941793,0.18136363,0.40395704,0.0,0.82792217,0.0097362865,0.103030115,0.05985146,0.21061485,0.11734923,0.14360256,0.4430699,1.7647706,0.23558435,0.3353245,1.0357814,0.4482347,0.02979465,1.2486211,0.08274456,0.14813365,0.29774755,0.10653702,0.13367222,0.007489815,0.13042493,0.7668094,0.7411893,0.30147377,0.3445108,0.0049591865,0.27111426,1.5515682,0.6489049,1.6289496,1.8626419,0.11174278,0.12351211,0.011451924,0.44015518,0.14439474,0.01771579,0.06288164,0.22047144,0.0299877,0.028548313,1.172407,0.78854597,0.41697535,0.055774774,0.37447193,0.14365001,0.18184112,0.65539026,0.29182434,0.34984937,0.6947947,0.37283242,0.03758946,0.00482932,0.15385847,0.10648562,0.45051175,0.11518673,0.41053772,0.14680976,0.18152365,0.087748975,0.518347,0.025519945,0.017483704,0.0923695,0.5135063,0.73756284,0.78176177,0.007213301,0.00077524537,0.22858721,0.0013091636,2.1081889,0.12214961,0.017693356,0.117401935,0.004848985,0.25479767,0.18885124,0.0074482374,0.5472435,0.6053187,0.585156,0.8273753,0.27002174,0.89002126,1.452249,0.098299585,0.5074643,0.051109426,0.30029422,0.21350847,0.23227625,0.3719382,0.0,1.513907,1.8090954,0.16277735,0.8133685,0.55341,0.42503336,0.12068876,1.8512489,0.33306426,0.8113769,0.10885114,0.039319657,1.1400577,0.63376397,0.83379376,0.23981051,0.007895832,1.185879,0.09955312,0.10102648,0.059751723,0.051089436,0.16411059,0.23231356,0.28731528,0.07078325,0.05770401,0.7963979,0.09432415,0.18613459,0.23809405,0.31478885,0.3113285,0.332996,0.76321995,0.025833985,0.09627346,0.45513007,0.107177384,0.17407306,0.29199576,0.054238066,0.31876004,1.6394395,0.17747073,0.033922132,0.14368476,0.41959667,0.49351102,0.72704065,1.3746538,0.0056565907,1.0944858,0.61423707,0.26370904,2.4774294,0.47140417,2.0570967,0.6741522,0.034281164,0.083005756,0.18346527,0.81739604,0.52931935,0.22817875,1.4413793,0.43783918,0.92807436,0.006923578,0.05124511,0.9862831,0.6581708,0.08020077,1.8140676,0.6859235,0.5811981,0.82547265,0.0810699,0.72019273,0.040434252,0.17306009,0.016369522,1.3903282,0.48810592,0.021341,0.8001518,1.7576203,1.0498139,0.7895676,0.0028014774,0.70168024,0.41647002,0.35332277,0.23708458,0.27554396,0.09614173,0.020239476,1.7906846,0.21311882,0.0,0.20466341,0.99821955,0.5251753,1.0569247,1.5819544,0.0,0.2219586,0.2533327,0.18077692,1.8177241,0.0037342492,0.0019164042,0.17704734,0.0,0.3138855,2.1194584,0.0,0.25412256,0.813158,0.17907862,0.21469128,0.14261349,0.014501545,0.74068636,0.0018679905,1.294376,0.0,0.5267597,0.34972015,0.0644811,0.5505331,0.31748042,0.09663331,0.03065204,0.07063634,0.3538456,0.38477048,0.15151875,4.730862,1.4678487,0.115243696,0.08895516,0.54614395,0.020464795,0.12737292,1.5858425,0.16698378,0.47449246,2.31704,0.20164391,0.05646147,0.729084,0.07866028,0.39353022,0.33382702,0.24903987,0.085772045,2.2120953,0.100050054,0.3470886,0.072955176,0.41707516,0.010782852,0.54739046,1.3154994,0.015107568,0.16587044,0.1824058,0.96868443,0.5069223,0.17035677,0.32732677,1.0534482,0.23430158,1.2811192,1.0219234,0.52072376,0.9917322,0.4149229,0.06510382,0.29323062,0.03814181,0.46530512,0.006528545,0.043551847,0.07773224,0.7399956,0.18760201,1.5020565,0.78017664,0.88124645,0.031882245,0.67331046,5.799057,0.6831479,0.1693399,0.40675673,0.06640853,1.0578479,0.012717236,1.1245943,4.5174212,0.45105532,0.1309152,1.5685933,0.046130802,2.4705734,1.7715975,0.0,0.002859589,0.02366634,0.0,0.08560928,0.24981594,0.06491645,0.35378,0.029658852,0.08837086,0.3359424,3.8722851,0.045089856,0.019815693,0.20445003,0.0003549731,0.004632352,1.9339081,0.10541853,0.0019461485,0.12452515,0.45730954,0.4978042,2.0021722,0.17266896,0.87781537,0.08369492,0.30111486,0.90361285,1.2628008,0.20121743,0.9259586,0.39305025,0.015570947,0.003258501,0.20832275,0.0007383697,0.022888346,0.5307285,0.27300125,0.48769674,0.0,0.14342657,1.6285543,0.37883905,0.30730268,0.11091751,0.80188596,0.0400651,0.05118739,0.0045466344,0.05413816,0.58494544,0.13205521,0.0,0.13636275,0.4266103,0.044085875,0.29002658,0.10133659,0.014866555,0.017327217,0.04315289,1.0665431,0.34348848,2.3478644,0.4429829,1.766648,0.038612872,0.11159509,0.7301756,0.47909904,0.6253995,0.012433383,0.35217133,0.0,0.13195401,0.5028237,0.5834005,0.016734777,0.21043971,0.47394383,0.68984026,0.055250462,0.50537086,1.1885815,0.6700866,0.09188959,0.11375928,1.2122437,0.1021122,0.32887095,0.0847252,0.12981784,0.25100288,0.06929964,0.2213028,1.1943691,0.41685453,0.48858586,0.30151212,0.9357498,0.1582382,0.6433377,1.0424446,1.2615811,0.41657576,0.4430125,1.2386398,0.49455783,0.059035845,0.4854615,0.009136996,0.21394247,0.043716058,0.05131086,1.2635096,0.2201602,1.178416,0.04445459,0.981898,0.39407083,0.35122874,0.4699771,0.06497682,0.0042120484,0.0,0.69926745,0.022405619,0.113191605,0.5556109,3.2664347,0.027362784,0.66760963,0.49247336,1.6367891,0.14070164,0.6315559,0.5448472,0.29188052,0.82341313,0.6736845,0.11786906,0.92884916,0.054097876,1.1462268,0.113156475,3.8970487e-05,0.0,0.17532109,1.0791885,0.08291601,0.05607718,0.10463378,0.053084042,0.384109,0.0060243434,0.8207695,0.48302656,0.28282434,0.084639765,0.0,0.78326327,1.8077561,0.38254204,0.025676012,0.91395646,0.23575535,0.05150736,0.14254649,0.14451647,0.14441918,1.3354064,0.16239363,0.04170249,0.021890517,0.14114831,0.9852757,0.008945245,0.0,0.026245492,0.51222646,3.7770674,0.7543247,0.31009737,0.4964207,1.5763028,0.7528052,0.05675432,0.14824253,0.47761053,0.016080314,0.46591932,all_pothole_images\pothole_images_enhanced_d17783a9d72b7cec07f15fd41c356f41.jpg
1.6029811,1.0241348,0.122657605,1.0238594,0.86005455,0.008053669,0.3318505,1.7654964,0.2731393,0.90762895,0.52885216,0.34876508,0.53536284,2.5921602,0.6348373,0.026508221,1.3650625,0.29853076,1.7541519,0.7122546,1.7103797,1.4432944,1.8730057,1.7752818,1.4125111,0.6574881,1.4209815,1.0604327,0.47266835,0.833149,0.8441222,0.41889012,1.2195109,0.076057404,1.5290617,0.25544536,0.06907269,0.6728707,0.27587694,1.1817567,0.21234824,0.28426766,0.2615719,1.0282863,0.64501077,0.78861606,0.43669274,0.32085583,0.19337587,1.1561337,1.3678015,0.64117545,1.1939278,0.6559448,0.100710705,0.6440931,0.35212973,0.0144397905,1.4472871,0.20997329,0.17198913,0.052939944,1.3843343,0.65169543,2.326237,1.4628149,0.62033725,0.18759698,0.24054834,0.1615921,0.598419,0.3811236,0.21523036,0.27445784,0.6671141,1.8364977,0.5279055,0.57438236,0.62743086,0.2673817,0.8545896,0.2114876,0.061848328,0.045194697,0.8042071,1.6615744,0.001286251,0.37634048,2.127082,0.10550388,0.02154657,0.5215076,0.5183642,0.88698345,0.100896776,0.47988936,0.7820596,0.42008138,0.34053692,0.75964826,0.048993066,3.0768163,0.17482413,0.22425702,2.0691283,0.04650259,1.0389134,1.4140556,0.14277737,0.4193436,0.65218633,1.568484,2.0420785,0.2689671,1.6912746,0.17830016,0.5855761,0.26178804,0.47858614,1.7033224,1.0166979,0.47740582,0.43960074,1.3746132,0.1712723,0.23546064,0.09992562,0.40347257,0.5304721,0.33129936,0.48622444,0.4567311,0.094219945,0.97334415,0.0038193122,1.6709106,0.016673855,0.9147367,0.7195395,0.283127,0.6811557,0.5829163,0.42493263,1.3862077,0.46994662,1.3002803,0.044179205,0.66464925,0.19834785,0.26594332,0.2798834,0.6611573,0.39867434,0.2585774,2.3351238,0.27403325,1.1392615,0.35099614,0.74645156,0.44321305,0.9502084,2.1048577,0.63104486,2.591629,0.58167154,0.3420326,1.0542061,0.080094084,1.353778,0.38754216,0.30473027,0.0,0.23156059,0.04984679,0.7403516,0.9083766,1.5217992,0.23958276,0.5285738,0.3144025,1.7459332,0.54732406,2.1798587,0.7049767,1.2328299,0.30137613,0.29796773,0.055653226,1.5646517,0.05005052,2.0108564,0.7116758,0.17568189,1.1819073,0.095263004,1.1095812,0.25975773,0.57421285,0.68972653,2.264563,0.5292225,1.2482599,1.3185834,1.6215318,0.1297855,0.26010177,0.51303303,0.14447215,1.0832798,0.2540379,0.27261728,0.40716046,0.33365607,0.9088827,0.21480252,1.4230437,1.4330612,0.29577076,1.4557538,0.3821321,0.3230508,0.08875924,0.55865055,0.53397655,0.5266371,1.1176839,1.0126796,0.6935839,0.12683642,1.4468435,0.97025985,1.209372,0.43773478,0.1712868,1.3154896,0.040786326,1.4669416,0.7340989,0.37510097,0.5387271,0.64051616,0.113727175,0.06502525,0.4017541,0.70620894,0.03286832,1.1749434,1.0599314,0.38258636,3.2811809,2.0683138,0.13168521,0.5879146,0.21004085,0.55213886,3.0871983,1.1511614,0.10886581,0.23131004,2.7373168,0.6571717,0.67549723,1.0296135,0.23040226,0.15236497,0.27604857,0.3630317,0.24982443,0.31191334,0.11345883,0.08746968,0.009547914,0.70840305,1.5398407,0.18100284,0.37704128,0.6177126,0.5242194,0.440367,0.9136547,0.8809876,0.9991318,0.46451682,2.0293345,1.8310901,0.81221896,1.167378,0.959754,2.2139325,0.090368,1.1108072,0.20653357,0.26089552,0.8118482,0.2798367,0.15201086,0.6675928,0.7330391,0.0,1.8859284,0.45487818,0.39720652,0.40798327,0.044407174,2.3388453,0.7605609,0.021927835,0.8543066,0.684772,0.15671928,1.6268133,2.2019298,1.310899,2.039887,0.1699685,1.301758,0.45391947,0.5106723,0.43512025,0.34274426,0.58344424,0.33568788,0.048005834,0.53709245,1.0975176,1.0218537,0.21044484,1.2677639,0.44559774,0.24779457,0.90164745,0.7002589,0.44371724,0.5212151,0.85701495,0.6264614,0.7323301,1.293014,0.77060884,0.9691076,2.7042036,2.2936964,0.33494073,0.42225027,0.96537465,0.06875513,2.3441567,0.18504559,0.37987486,0.20889011,0.093653776,0.09644207,0.5506688,0.45898592,0.46637514,0.53120524,0.51458055,0.20731272,0.89008695,0.07475744,1.1473813,0.80304044,0.16599086,1.0510839,0.037828952,0.0813724,1.5206507,1.2695991,0.09187788,1.0901365,0.21186881,0.64974314,0.37620535,0.5445462,1.1776778,0.44176775,0.4191955,0.33226055,0.0,0.74586004,2.4062662,1.0974174,0.519938,0.6112891,1.9009405,0.60296607,2.6111383,3.224392,0.27977237,2.6553226,0.34531045,0.3695814,0.392949,2.3148246,0.2878501,0.046747815,0.9526236,0.49276534,0.70381624,0.08730139,0.14983487,0.48736167,0.19955145,1.3714881,0.40890798,0.75040853,0.7929187,0.52142614,0.10598334,0.7507644,0.94103956,0.8800635,0.036122262,1.168539,0.14045006,0.3812092,0.9011277,2.033071,0.76647323,0.035938814,1.715672,2.271355,3.6366508,2.3940437,2.8645723,0.49469522,1.139466,1.9143702,1.5201132,0.37273678,0.02858258,1.1122073,1.2802258,2.7506628,0.6385693,1.7499013,0.4322435,0.85706466,0.087485045,0.4699092,1.3070264,0.3702957,0.6365158,0.2320886,0.43051773,0.83615047,1.0012736,0.008838067,0.68916476,0.3164863,0.3108979,0.06294878,0.0,0.7867114,0.49590555,0.8610279,1.9570832,0.38472292,0.1474162,0.5153588,0.90237695,0.5441715,0.9585246,0.31187886,0.17832997,1.663818,0.32701623,0.061966397,0.16167782,0.50395495,0.814499,0.9390297,0.90275455,0.9091174,1.9997599,0.5363659,0.10139508,0.4507711,0.78688455,0.21343756,2.1690774,1.7757291,1.391299,0.8911467,0.114253536,0.7163855,0.8354111,0.9154907,0.14145738,0.045181114,0.38707358,1.4038646,0.42805207,0.025598442,0.115880445,0.00065481145,0.5418575,0.025320394,0.4693942,0.14552519,0.79762,1.2530448,0.637461,0.123011045,1.1408662,0.028638637,0.3849301,0.8891028,0.07361172,2.5872464,1.5111258,0.4365418,all_pothole_images\pothole_images_enhanced_d1be32e52aae597ecf60db73be7b5460.jpg
2.1688251,0.9908758,0.2657463,2.082845,0.57936555,0.3099158,0.049217995,0.011881911,0.5966863,0.33602187,0.4558082,0.65409505,0.22153184,1.6557395,0.6892063,0.13040136,0.19741389,0.06953836,0.9387599,0.15505734,1.4981334,0.9237287,0.24104449,0.69862056,2.535644,1.0382165,0.36564294,3.5017254,0.23264153,0.011101728,1.1565282,0.0,0.2363781,0.42590746,0.8087398,0.73368156,0.24258642,1.7031878,0.4877891,0.1561269,0.036018234,0.013043293,0.73422325,1.2070487,0.6381612,0.6109348,0.02228032,0.4073391,0.53421843,0.4994825,0.036151566,0.5863209,0.13543576,0.15020914,0.03937473,1.9017118,0.5037639,0.04480035,0.32712328,0.032328635,0.26965955,0.37817383,0.46516153,0.1682125,1.7245704,1.3134977,0.33793405,0.0,1.3496716,0.12104705,0.7163613,0.005253425,0.7682412,1.496896,0.07974336,0.89936393,0.03443771,0.44672832,0.0029693672,0.25672147,0.16180448,0.53619856,0.46863422,0.4220632,0.44947153,0.60283923,0.11849115,0.13851382,2.915131,0.5455776,0.49304637,0.0662508,0.055820487,0.6744131,0.18100668,0.01916152,1.1483523,0.28709587,0.63448423,0.8337555,0.08650457,2.0704181,0.18985666,1.1196151,0.26297727,0.13014358,1.5263246,1.1488737,0.07476536,0.51395833,0.09866763,0.774551,1.4705416,0.63282615,1.228109,0.742282,1.1401676,0.23893487,0.3251909,0.97855264,2.705369,0.017374154,0.07597974,0.5804253,1.1920841,0.49470952,1.3822296,1.4176869,1.595886,0.39090136,0.041435756,0.0,0.020789193,0.10679986,0.2947071,0.914073,0.45780754,1.9166074,0.5620215,0.0058253114,0.06741215,1.0992538,0.14197704,0.5589588,0.34506002,1.4056101,0.06716283,0.27561492,0.21036004,0.19243072,0.73215216,0.16180614,1.48410645e-05,0.44323853,1.0538561,0.96485907,0.3264703,0.044447277,1.3974986,1.8208,1.086049,2.6748347,0.069532625,1.8981417,0.2633299,1.7911792,1.4259633,0.0572102,0.8970322,2.1850696,0.27019823,0.038304143,0.32016423,0.3093554,0.37113968,0.21930735,0.94454306,0.15333286,0.12904976,0.61593455,0.059940346,1.7519926,0.96005756,1.6071867,1.76517,0.8909081,0.062543355,0.5114413,1.0917135,0.34403548,0.268435,0.6412615,0.18136927,0.7241219,0.38515893,1.1273851,0.8849638,0.7248909,1.1291931,1.2550914,0.21175933,0.38271713,0.18048422,0.9869324,1.4356416,0.24040881,0.80021363,0.08194393,0.86269206,0.3965243,0.02125426,0.02164701,0.29922682,0.0,1.888669,1.2354311,0.4987243,0.23251677,0.015776835,0.19964336,1.5175706,0.2525634,0.87441593,0.049771283,0.04046472,0.62010366,1.0837549,0.8823084,0.91351944,0.8669905,0.12622409,0.041768443,0.27983022,1.2293128,0.5857933,0.32037252,3.1231678,0.043170534,0.48225072,0.25678295,0.16431162,0.038669858,0.31146464,0.22582138,0.29894078,0.0,0.27469808,0.87880635,0.7727555,4.628964,0.24693064,0.020351581,0.3911704,0.75449055,0.24463183,0.0068088244,0.23072843,0.94632846,0.4233742,3.3505242,1.130633,0.18147475,0.438731,0.00020372526,0.3909694,0.2742123,0.9367658,0.34756806,0.16901928,0.19929352,0.50945866,0.0,0.17321755,0.0816706,0.059359487,0.5934409,0.15329647,0.6755224,0.0706763,1.0650156,0.19502214,0.110549204,2.0830529,0.08668151,0.96572256,0.9393771,1.7996297,0.1898536,0.1285398,0.0,0.065113,0.6306791,0.25286475,1.4756656,0.27528876,0.16143228,0.5868768,0.4595433,0.11107255,4.0154266,1.0747894,1.1630378,0.0,0.3592058,2.5595129,0.8664141,0.0,0.3920882,0.23456563,0.061910447,0.9201587,0.6497305,2.244247,2.5712702,0.068679854,0.7282604,0.11119046,1.260364,1.7455612,0.12096402,0.48327908,0.07690955,1.0041717,0.026605602,1.1195165,0.57332915,0.07077471,0.08546985,0.40355295,0.14181753,2.2966685,0.49949855,0.002755174,0.044270866,0.20492125,0.014560191,1.0100683,1.1180809,1.0190396,0.569438,0.33854294,0.26757908,2.6152039,1.0054219,0.5837158,0.39622676,0.4224788,1.1026495,0.2629231,0.39040583,0.11242224,0.6351578,0.011230228,0.64295256,0.22918923,0.15722887,0.24711707,1.698895,0.41344008,1.1684954,0.4822675,0.8079825,1.3983603,0.9877183,0.09926406,0.5683854,1.9567703,0.40869793,0.114345305,0.9174029,1.4405744,0.30756414,0.118595675,0.5348198,0.49895635,0.22606249,0.21866107,0.2954074,0.17725153,0.24618143,1.6891567,0.0,1.2705925,1.4450389,1.6724274,2.5957503,1.1544405,0.40098602,0.035844,2.2865398,1.883194,0.7123249,0.05163761,0.088901356,0.45085722,0.3160984,2.832459,0.18165043,0.12146371,0.025012862,2.2218406,0.5916341,0.2255843,0.23574273,1.7486849,0.17493033,0.28936252,0.3254629,0.6755019,0.16460161,0.758124,0.103119574,0.009965481,1.3292342,0.0,0.33918026,0.35238,0.1751468,0.9855352,0.34080932,3.0609882,0.17481717,1.122473,0.8195323,2.1218357,0.37100494,0.6669053,0.09892518,0.9011033,0.8228257,0.36490098,0.17953297,1.2410367,1.9039079,0.552791,2.6268716,0.7629408,1.9555935,0.17477861,0.22597861,1.2794725,0.00016671469,0.15682621,0.1429348,0.0,0.009061324,0.91507924,1.1815966,0.4519224,1.6497347,3.5189,0.37437984,0.6132615,0.36327362,0.60345596,0.24421763,0.7239957,0.0836257,0.31858402,0.53908545,1.039056,0.25201592,1.337279,0.13366506,0.57350796,0.6036468,0.7369213,0.111437194,0.765783,0.3470968,0.26719707,0.61920625,0.035768885,0.2095746,1.418649,0.07848897,1.4158779,1.604978,1.050361,0.07988215,0.6201221,3.423618,0.44878963,1.0626395,0.5327115,0.08991191,0.09387974,0.08059115,0.2750548,0.070324674,1.025368,1.3288938,0.0018548821,0.023322433,0.3240381,0.018294485,0.081232145,0.04367503,0.3525092,0.22491463,0.674184,5.1356697,0.33457807,0.4111766,0.81446534,0.8172741,1.414137,0.57598406,0.06262926,0.24564397,1.4884351,0.5117768,all_pothole_images\pothole_images_enhanced_d20144d7f5004a7f45b2a96388a5ace7.jpg
0.10922904,1.3917933,0.07496315,1.6057009,0.99412084,0.01701335,0.37492377,0.49128807,0.069224335,1.4665365,0.5759342,1.3546368,0.22158,2.1074796,0.0,0.08391871,0.8267185,1.5770773,1.7223756,0.94004774,0.74701536,0.2943383,0.15927283,0.11090692,2.3221915,1.4039764,0.42293286,1.8886715,0.016453445,0.21395515,0.16934653,0.7686987,0.21276787,0.04464666,1.3990359,0.68148494,0.19745378,1.8754574,0.23629822,0.046352077,0.00053586793,0.24629416,0.30904412,1.915324,0.31385168,0.020033823,0.8543135,0.14301763,1.0288607,1.1320994,0.64030105,0.4017707,0.2611916,0.37299618,0.1763511,1.8081115,1.2997204,0.7017497,0.78593427,0.7093957,0.9749111,0.21620737,0.5428197,0.3221848,2.1346974,1.6191579,0.0628205,0.011023602,0.036096256,0.2951076,0.75735223,0.08915877,0.70171386,0.07069567,0.41592932,0.00034191026,0.059430853,0.5675938,0.07113928,0.4637118,0.41857454,0.95780236,0.55367446,1.8710912,0.10988231,0.08123817,1.0436758,0.011174257,0.5356977,0.0030172975,0.21928479,1.3177149,1.0383003,0.12199852,0.044188958,0.39903772,0.30889678,1.3874899,0.41975418,0.8509675,0.8301509,3.8532796,2.1912358,0.068014845,1.4736415,0.1633865,0.7592896,0.68523294,0.038028844,0.07592735,0.16690865,0.9760783,0.65344745,0.32618597,1.0214885,0.39809647,0.0121509135,0.041186355,2.2893097,0.53816694,2.344203,0.01387105,0.3771534,2.2315745,2.3685946,0.56067026,1.5825095,0.63981533,1.6786387,0.03558606,0.5208108,0.43605205,0.13880621,0.2099108,0.3775831,0.002643149,0.8147969,0.045427855,0.6333172,0.3074993,1.4862849,0.035621088,1.1013463,0.73755133,0.1351342,0.74388814,0.7954282,0.6327722,0.6366804,0.06634119,0.4003112,1.1656559,0.00041788406,0.11289912,1.3440019,0.68784994,1.8786846,0.1992588,0.82315874,0.2863124,1.3863003,1.6898072,0.5982367,2.9039712,0.62198085,0.17762898,1.7796946,0.52421135,0.2666004,4.0240874,0.0031732041,0.066600546,0.27540952,0.17097975,0.007108363,0.0,0.34095407,0.51977533,0.9696427,0.33945775,0.21948515,2.0112543,1.5807266,1.0077076,0.5480319,1.7184545,0.67039907,1.4588256,0.49274552,0.09968204,0.0,0.5495636,0.15939486,1.347851,0.43697667,0.9300132,1.839533,0.051835783,0.23220502,0.0038186712,0.18269262,0.50611967,0.14502141,0.016729897,0.43702394,0.44453028,0.10934668,0.28442508,1.0550113,0.7162103,0.0057514035,0.11256956,0.34558716,0.17287272,2.2626061,1.5561224,0.5078602,0.13719237,0.5585294,0.96070963,1.1724638,0.541077,0.8424154,0.42217183,0.12363822,0.26011592,1.3326544,1.1398152,0.8340908,1.9482493,0.12567814,0.27127916,0.5403611,0.29423192,0.02726363,0.05294841,1.6388453,0.5817585,0.059144773,0.9368851,0.057706676,0.25850198,0.35683766,0.44111267,0.52075857,0.020793723,0.7887928,0.26566166,0.3167875,2.8879347,3.3268914,0.134095,0.2891112,0.8065038,0.37079623,2.2864063,0.030207427,1.0052185,0.25616887,1.9482449,1.8406211,0.031000733,0.23153235,0.2868593,0.2977366,0.25211948,1.5936525,0.80372554,3.5120993,0.05083255,0.028931808,0.1172359,0.7980817,0.06912636,0.1400787,0.6615393,0.20532715,0.30265057,0.09300664,0.09624289,1.6138566,0.99935895,0.7999114,0.2482457,0.1061068,0.72681534,1.8848437,0.32843995,2.3592174,0.2765673,0.004624094,0.0076903165,0.118958324,1.2403467,0.1348762,0.3531259,0.30045107,0.79240465,0.17883866,1.4590918,1.0880446,0.6322852,0.25517932,0.13853398,4.9478893,0.26967505,0.26315567,0.35809302,0.15332963,0.32121766,1.5853903,1.4111207,1.2955871,0.83932656,1.0266801,1.8148535,0.02030328,1.1085836,3.4523432,0.118367836,0.06538627,0.6661291,0.21095148,1.9686478,1.4149783,0.14151599,0.29993093,0.011120221,0.20932427,0.031659953,1.303258,0.51863694,0.23873158,0.1435389,0.13337675,0.014203437,1.7667772,1.469091,0.99323094,0.70792955,1.0267113,0.18583815,0.61259544,0.98995036,1.1496893,0.4022377,0.05157909,0.5480637,0.8984124,0.20523635,0.92913336,0.16089122,1.1531353,0.5351548,0.08701814,0.06863134,0.03980612,2.800746,0.6026698,0.42655602,0.73621,2.2423882,0.5602807,0.40296456,0.0730019,0.0050747795,2.5998483,0.46486485,0.054794732,0.04679269,1.5371007,0.20089829,0.30635425,0.41466933,0.34572163,0.45943147,0.24440235,0.14878581,0.43898895,0.14219774,2.102621,0.13127266,0.6006354,0.3533139,1.3072084,0.014134034,1.5668057,0.0017508954,0.10839661,0.49258453,0.45622572,0.1222511,0.58147454,0.26117107,0.17045131,0.22910717,1.981439,0.09328041,0.10647682,0.017373648,1.2180054,0.80455893,0.17379862,0.8000555,0.4416461,0.73076177,0.14307447,2.7916136,0.5353124,0.061634142,0.4967643,0.47231376,0.017270688,0.89222604,0.08768072,2.1358042,0.3574463,0.503232,0.6059589,0.08473218,3.6918347,1.2275263,1.3173236,0.86206985,2.4890954,0.02502199,1.4176099,0.83203006,0.04876552,0.0,0.68161404,1.9201179,0.1450735,0.31132716,1.3683616,0.9212619,0.456794,0.068272136,0.038151324,0.07399171,1.125764,0.5330801,0.6884054,0.003330476,0.048157617,0.0,0.47127438,0.33712035,0.0014581785,1.9721705,3.1882348,0.44460338,0.09794001,0.083570495,0.25322327,0.531272,0.3113601,0.02152524,0.14986669,0.044126805,1.6780936,0.2723962,0.8529641,0.00892835,0.2269248,0.37194708,0.5212369,0.06403249,0.11566515,1.3583747,0.22354159,2.1935306,1.0646555,0.4927548,1.8469098,0.12290904,1.0553627,1.4441609,0.47598025,0.030392682,0.29687104,1.5455542,0.20335579,0.009005093,0.048745267,0.19141446,1.301496,0.060649958,0.9192617,0.029160788,0.86927086,0.9051538,2.2788496,0.09703653,0.022851063,0.101397686,0.47935745,0.4661522,0.5496475,0.32440054,0.76559895,3.0151784,0.4256704,0.590459,0.5155019,0.95784545,0.09245233,0.38799667,0.057291478,0.02805421,0.54022926,0.067862324,all_pothole_images\pothole_images_enhanced_d2344df650e8383ec6ee666bfcf7f762.jpg
1.8464047,1.2482715,0.1452669,0.48072052,1.2124888,2.4679255,1.4376813,0.6721429,1.587467,0.037871327,0.61369914,0.50124186,0.37223476,2.8671165,0.9156523,0.6877075,0.09947586,0.26827466,0.38366777,0.30639544,0.8550588,2.154281,0.49430987,0.030978203,0.9303514,0.12193884,1.1285608,2.6335287,1.0378557,0.45338368,0.25809613,0.7750151,0.3649923,0.23218252,0.30410656,0.49479043,0.36258432,0.26812035,0.22420554,0.53302014,0.59115815,0.8790124,0.15309845,0.64118576,0.68401015,0.03643305,0.031318825,0.010846512,1.3815854,0.7863471,0.71017945,0.5317842,1.2391893,2.0853713,0.11569072,1.4044489,0.580892,0.3176511,1.0807436,0.49748018,1.2556767,0.13933586,2.5986345,1.746373,2.295576,0.34096354,0.22362138,0.11634785,0.12248907,0.738508,0.09041824,0.7423403,0.08688224,0.88372725,0.10490546,1.3076096,1.3032053,0.42486787,0.024771512,0.08314981,1.1729199,0.5330234,0.0,1.3227129,0.30629233,1.5032889,0.14007494,0.26654655,0.49413878,0.005542249,1.2895676,0.08078862,0.71249014,0.3159838,0.31271908,0.17140906,0.0143440375,0.31426308,0.11499398,1.4677113,0.43789738,0.4552315,0.59203345,0.20418113,0.07727587,1.3724812,0.70455503,0.4808534,0.29058903,0.08261837,0.96586,1.3742404,0.57211196,0.07843521,0.329055,1.8080313,2.8861058,0.18519376,0.23361742,0.7138896,0.17761074,0.18289402,3.1716075,0.25771475,0.62355226,0.2013623,0.452455,0.24445263,2.2509475,1.4571358,0.7557722,1.152347,1.4320592,2.0987983,0.14686967,1.8321255,1.5914983,0.4347569,3.63779,0.18824051,1.2540418,0.053993385,0.14726679,0.64701337,1.1267345,0.94567096,0.059694577,0.07552718,0.25814447,0.6379085,0.08673604,0.5373826,0.38915196,0.8287633,1.7919664,1.9114263,0.60277146,1.2585256,1.0895845,1.0152164,0.6815079,0.08434763,0.079345666,2.9294605,0.31814718,0.27622595,2.1209831,4.4423265,1.2588788,0.4219863,0.6157872,0.5883655,0.21738154,1.123958,0.07670424,0.42803502,4.005707,0.8999626,0.010758098,3.4320114,0.15391488,0.24756859,2.4184265,0.0120159,1.7728945,0.19412117,0.4497597,0.47358245,0.43450832,0.4943562,2.9843836,0.20259343,0.415802,0.6444717,0.050944112,0.032828655,0.66296357,0.021071456,0.4734317,0.58951706,0.008565926,0.25630385,2.79351,0.37418035,0.4811863,2.429933,0.069697075,1.2404048,1.9403635,0.42647395,1.5356535,0.45864832,0.9851279,2.3459446,0.77436095,0.8706483,0.07323616,0.34448373,1.7463727,0.7183192,0.33352953,1.3175426,0.42029244,0.33751494,0.0,1.6261247,0.77515775,0.3447556,1.9572668,0.23518282,0.53471667,1.0330077,0.41194528,0.89278144,1.2548816,0.799361,0.4421734,0.5449641,0.27159548,0.8789065,2.3596725,0.03199159,0.33897626,0.26701948,0.40893748,0.006735799,0.22940409,1.092984,0.79279184,1.269731,0.5161911,0.032633528,0.073947474,0.6504653,1.2678567,0.30278942,1.2183433,0.6365801,0.6183164,2.971466,0.15867202,3.5716078,0.50503093,0.82288086,0.5369026,1.010634,0.18236472,0.75654334,1.4784939,1.7116172,0.19713956,1.0332346,0.54584354,0.010736053,0.5156958,0.29169798,0.32079774,0.45589286,3.7442515,0.48875186,1.2378749,1.6407427,0.08865106,0.23184547,0.49310175,0.5263669,2.0517156,0.92885345,0.5836036,0.9065605,0.65415365,0.20359486,0.41103026,0.93082774,0.2927654,2.4864676,1.2577844,0.533389,0.95829797,0.55714244,1.3081136,2.641046,0.4842821,0.6153455,3.3898776,0.79320604,0.92985713,0.6049223,1.0235165,0.42182928,0.10619278,0.18287233,1.6616944,3.1088872,0.1981299,1.269719,1.2431523,0.39317122,0.7862445,0.39453816,0.8761053,0.29365584,0.8240197,0.66331035,0.9637106,0.85743433,2.3144255,2.5118861,0.036378376,2.3785663,3.3374465,0.41168466,0.09980402,1.4894745,0.5862749,1.5332196,1.8930559,1.4959053,1.0923893,0.447511,0.09570317,0.8020254,0.68373317,0.3160676,0.032227468,0.2410089,0.19705628,0.8693529,1.1454964,2.0235722,0.14274135,0.12010613,0.21995147,0.129569,1.5711288,0.4782222,2.2769477,0.18000418,0.86364263,1.083755,0.47739884,0.10139985,0.7767597,0.5501344,0.67744833,0.37317753,1.6853952,2.4088452,0.0077115665,0.40562823,0.9573766,0.5218739,0.7804335,0.046945687,1.2096672,0.7868717,0.48488623,0.009464832,1.0465649,0.7055787,0.030929638,1.2699875,0.29306632,0.9237147,2.0261877,1.8822262,4.3859825,0.78142685,0.5683769,1.0518088,0.39131615,0.0246835,0.2935608,0.13020617,1.3587089,0.0,0.102025144,0.68597263,0.6924375,0.0871132,3.8492005,0.12942253,0.12237203,0.87525827,0.18236032,1.2517749,0.6235269,0.2924389,0.66684973,0.50542015,0.52928156,0.44291577,0.6804389,0.20847975,0.3419214,1.1601092,0.90730345,0.99519557,0.18829517,0.34943226,0.6106552,0.3048472,0.19141023,0.72477955,2.172151,1.606303,0.6576046,5.963218,0.4767625,0.05359759,0.05613076,1.794677,0.39531797,0.12850809,0.0,0.8496436,0.7759964,0.76852804,0.12343102,0.96577996,1.2307725,0.3196385,0.09658537,0.16087979,0.4724944,3.2575247,2.0174952,0.6005075,0.49439368,0.23566253,0.70480436,0.26556116,0.0,0.4997642,0.9350668,0.1752886,0.86547315,0.15302528,0.79880524,0.13621628,1.8387091,0.9180251,1.8079778,1.4935198,0.42832237,0.033837896,0.3255815,0.1468677,0.39185363,0.9608613,1.3182857,1.1680832,1.5188773,0.3941719,1.7726737,0.090736,1.4994718,1.320486,0.25962165,0.5637821,0.6663963,2.941071,0.12389716,0.16838871,0.037622426,0.45701617,0.436488,0.10543572,0.23860312,1.331745,0.07126123,0.38759327,1.1648824,0.3510584,0.17114946,0.3131858,0.065485224,0.60026276,0.011068348,0.23884967,1.8215667,1.1527654,0.18921445,1.078778,0.8274763,0.53894466,0.46690422,0.3658753,0.03501803,0.5318654,0.54339087,0.5076587,all_pothole_images\pothole_images_enhanced_d264c872dd4cf77a4df1c576583e5856.jpg
0.5020961,0.097996846,0.020525368,2.3117454,0.14657217,0.0,0.032386348,0.0030090034,0.17567426,0.3040488,0.1946489,0.26587445,0.020995889,2.767977,0.06775298,0.0065329866,0.05428681,0.35896736,0.8363314,0.0,0.99591994,1.5406332,0.0,0.0,1.6246483,0.022106092,1.1109974,1.4564698,0.31441087,0.10746378,1.3281019,0.08120704,0.7282397,0.01396531,0.45768195,1.014538,0.11742796,2.275363,0.08170955,0.9362177,0.0,0.00587563,0.31490347,4.4159327,0.078606546,0.11438591,0.036882695,0.057802632,0.36350724,1.1658208,0.56281084,0.8604572,0.5471348,0.1920513,0.21996328,0.7676687,1.6102933,0.22306152,0.038438126,0.057415266,0.02914293,0.16718082,0.4145458,0.22572511,0.5963897,1.894064,0.12049832,0.034341943,1.099105,0.13848804,0.54894036,0.017745223,0.03077265,0.16992953,0.42852044,0.019786738,0.061777998,0.5227799,0.086508974,0.015695762,0.32571176,0.02070045,0.04451161,0.7660879,0.6996336,0.021506328,0.002083137,0.13643709,1.7224815,0.20945144,0.43235147,0.0,0.013956444,0.07549439,0.0,0.0010763456,0.4593568,0.8094745,0.70796645,0.051454075,0.024443353,1.2825931,0.44374147,0.20177059,0.30971012,1.3380485,0.021944206,0.48633888,0.24583757,0.08574144,0.0,2.0033207,0.04257682,0.22617912,1.0877799,0.02102701,2.2620935,0.2245256,2.0818434,0.4619825,3.6186395,0.42539382,0.0009318079,1.970341,0.023735644,0.061740767,0.0,0.6509766,2.3266468,0.059380803,0.5303199,0.02987665,0.13473041,0.06498632,0.6039275,0.09860708,0.0775446,0.4630053,0.2610746,0.15352643,0.35770035,0.5900837,0.27460364,0.40062496,0.026247788,0.81581587,0.063947506,0.50820833,0.40686586,0.023109725,0.43293294,0.71926546,0.027150778,0.097603284,1.5778098,0.122559726,0.16954392,0.16212907,1.1541984,0.10837261,1.6647401,1.4721324,0.12344228,3.1785026,0.0122833885,0.053576138,0.34347236,0.19670245,0.44263637,1.1003587,0.0057674367,0.01420114,0.11861556,0.33933765,0.6366083,0.08650253,0.23819774,0.11149995,0.030061686,0.01407234,0.0,3.0973074,1.7634994,1.0979359,0.5044686,1.0324773,0.12996982,0.04021531,0.70974284,0.21490708,0.041006874,0.5952115,0.11716636,2.5550034,0.12024607,0.8558918,0.28119394,0.31132677,0.004035081,0.7466409,0.5297152,0.29648766,1.4378878,1.3973298,0.55261767,0.38979113,0.072190806,0.34044933,0.06731526,0.0,0.023434285,0.0014069071,0.23153967,0.76636386,0.9738061,0.4394024,0.1362154,0.13866247,0.6984948,0.0068353484,0.027169669,0.2893608,0.013669209,0.07711289,0.38366255,0.2476754,0.8432,0.21162277,0.4063041,0.5022342,0.19361217,0.049264356,0.5468348,1.0506932,0.061748352,0.14839475,2.0694098,0.018558409,0.26303452,0.03614941,0.010307325,0.116432205,0.09844157,0.05235276,0.4564411,0.002109002,0.09367334,0.54688925,0.03964358,3.1948957,1.7471665,0.33443123,0.4001079,0.09243031,0.48652962,0.4579778,0.36235937,0.1402872,0.43025494,0.80851597,0.3667455,0.021118302,0.60058236,0.49481615,0.67726475,0.5433833,0.3499164,1.1001323,0.8570633,0.36085668,0.058861557,0.02116504,0.03459897,0.13327526,0.9747982,0.4430966,0.5528343,0.5149364,0.24159689,0.0863481,0.8191544,0.059430804,1.19646,0.12378983,0.24383034,0.7907768,1.1735108,0.49299392,0.28869152,0.37454307,0.0,0.03579799,0.022900898,0.4145769,0.104449175,0.022860454,0.25527903,0.30906084,0.112905964,1.408402,0.69420224,0.7996494,0.03986847,0.7367292,6.014297,0.22429217,0.0,0.5864325,0.00044604356,0.16724971,0.07191669,0.9678502,0.28848064,0.5072986,0.046695445,0.6026751,0.017424218,0.76209444,2.4181104,0.14093593,0.45866865,0.0021598956,0.44174245,0.080513746,0.23111346,0.39623716,1.1479039,0.0,0.59276825,0.11566877,0.8899598,0.3623749,0.2027185,0.027435958,0.12118097,0.14238314,0.38646495,0.35531032,0.48033476,0.0888611,0.045025434,0.1676247,0.7790812,0.30954736,1.191633,0.39858198,0.0,0.028382445,1.2105278,0.16605435,0.64072114,0.50386846,0.0027650539,0.21885373,0.14378384,0.1377762,0.5392666,0.7467617,0.82063216,0.5216536,0.02399301,0.2738242,0.57789356,0.09593341,0.08232557,0.06803433,2.5455291,0.2334991,0.13923138,0.44495088,2.527709,0.07914925,0.2514827,0.06991207,0.19249758,0.02129431,0.14766626,0.017602278,0.18800074,0.27820906,0.24723855,0.14410572,0.24037336,0.53941417,2.2727995,1.4262025,0.24205379,0.0003611636,0.029605553,0.66203636,0.7262933,0.23042998,0.30570474,0.043318637,0.8454462,0.42749676,1.3148798,0.49993134,0.012102823,0.20393625,2.596197,0.5147294,0.050297994,0.63629645,0.28766888,0.05520103,0.18903233,0.7905674,0.3543307,0.0,0.26117343,0.5350965,0.53533554,0.6577116,0.08851663,0.01984256,0.5328354,0.035049308,0.01766023,0.020383282,2.3384562,0.07601685,1.0853934,4.53319,1.379259,0.14425814,0.98554134,1.643928,0.17882049,1.6457713,0.07096895,0.22128177,0.47615838,0.21275197,0.47332007,3.6010997,0.35438263,0.3914611,0.049720302,0.17870109,0.3976133,0.3594601,0.1524512,0.5146927,0.473883,0.0,0.6521914,0.2839109,0.71212626,0.9506621,2.2883618,0.14352013,0.019808777,0.21523675,0.61294013,0.51007956,0.4631934,0.20801179,0.16726756,0.84910846,1.9171021,0.61762005,1.2685812,0.0061020553,0.59610206,0.35198104,0.14376013,0.0,0.08921656,0.16291198,0.79167795,0.97355,0.041109823,0.47459006,0.053899847,0.05974997,0.21714157,1.4026622,0.015456692,0.026485194,0.17683272,4.763052,0.5617101,0.008545293,0.015154435,0.34262758,0.3365376,0.0,0.6066214,0.01545752,0.29548687,1.2933666,0.0,0.123647705,0.0029501698,0.007344805,0.041538585,0.118102774,0.23117524,0.0031321396,0.09350771,2.7058964,1.3349833,0.35005218,0.03268129,0.87281656,0.701541,0.2238357,0.2591479,0.008139125,0.28251427,0.54082423,all_pothole_images\pothole_images_enhanced_d2a4d7a9606a2072b0b562d78f31bb84.jpg
0.7066378,1.7504721,0.09300467,2.0775647,0.5457622,0.13804814,0.20597415,0.024950618,0.12870447,0.52330863,0.19181782,0.9280302,0.18440725,1.412439,0.0031852645,0.09035028,0.24865296,0.19284022,0.927693,0.116135515,0.7605917,3.3866448,0.11094466,0.751492,1.606468,1.9502019,0.49259394,3.475231,0.4107467,0.5430359,0.91777,0.50930655,0.5401133,0.5576999,1.3830594,0.57839036,0.2955911,2.254028,0.24109237,0.3524665,0.0019236255,0.079730175,0.11328244,1.3494048,1.5682503,0.2585084,0.100095,0.09018148,0.36605555,0.73859686,0.64493257,0.0,0.76416075,0.10747401,0.2147355,3.0143533,1.1563885,0.25834012,0.35935357,0.24305747,0.63832057,0.5447282,0.683645,0.0,0.5574769,0.35832143,1.1918032,0.5170949,0.73185295,1.1125805,1.1983986,0.21559252,0.08031576,0.5816861,0.28481552,0.7809291,0.5384832,0.30399424,0.14659156,0.13423346,0.10726695,0.9147942,0.0,3.0588286,0.62638015,0.24103078,0.5799818,0.29734796,2.849735,0.44457301,0.020443704,1.3605812,0.0034565383,0.49317527,0.17726529,0.5732817,0.5774629,0.28838444,0.9232693,0.7848369,0.35531056,0.97066545,0.4712391,0.15146637,0.04699342,0.41360056,0.52607715,0.03169069,0.016464582,0.023453997,0.024566073,0.95161414,1.0671811,0.12484554,1.8057853,0.086615175,0.9150912,0.2341657,0.9839451,0.3505905,3.297971,0.2617504,0.122197345,1.7447516,0.49209118,1.317328,1.1196938,0.50589347,0.9725547,0.6921352,0.94534063,0.009791027,0.3589933,0.15218271,0.58252096,0.13333248,0.3833299,1.3132174,1.5326422,0.6756152,1.1415675,0.12502064,0.00021918713,0.9347883,0.07824854,0.7325171,0.17740554,0.032185644,0.28970996,0.43626344,0.8706236,1.0613259,0.0,0.25921822,1.0096205,0.13906959,1.2178711,0.034418,0.4808079,0.82962245,1.0526348,0.94860345,0.3146263,2.230245,0.072802365,0.26148242,0.5857756,0.07967527,2.788981,0.5906577,0.3026458,0.163075,0.06339146,0.17167518,0.09711759,0.019727137,0.5606837,0.026062766,0.29976082,0.1992278,0.06395015,0.9817661,1.0122932,0.91832286,1.5413543,1.425136,0.3043329,0.02857265,0.10448678,1.0028859,0.6025743,0.7031995,0.17302209,0.779747,0.012388782,0.703286,0.25798786,0.08666692,0.22738846,0.7538461,0.30601543,1.3428732,1.4173118,1.2491708,2.5300138,0.47351792,0.15251051,0.3876324,0.50850904,0.09628519,0.13406879,0.21105653,1.7543529,0.02684544,1.1548277,1.6335393,0.694836,0.11826663,0.12555948,0.44698668,0.8280797,0.30640465,0.49941438,0.09701158,0.0128276395,0.29239744,0.32682487,0.05559474,1.6140672,1.4139512,0.027018389,0.15901817,0.577961,0.37839955,0.7630684,0.31932077,1.3404776,0.07495956,0.00095193525,0.16681896,0.400552,0.0038125108,0.09804396,0.1952422,0.07732045,0.290938,0.7289264,0.22619823,0.9176324,5.5629845,1.3647794,0.002706924,0.66068876,0.63789916,0.20691358,0.29199728,2.1702259,0.07606125,1.2354223,0.9746886,0.19213228,0.44762263,0.46782574,0.37975988,0.18328698,0.33607286,0.083423845,1.2287529,0.8526123,0.11116451,0.0,0.0,0.022067945,0.43343377,1.1385436,1.5399288,0.27319863,0.44431677,0.23384212,0.45888323,1.8667951,0.31601664,0.31476146,1.0246713,1.5473819,0.18032414,1.1760024,0.21591805,1.3864154,0.1819102,0.009239836,0.091914825,0.0,1.464815,0.5079696,0.010594043,0.20824783,0.94522524,0.049247175,1.7289377,0.4230346,0.60072273,0.07111038,0.29263526,4.635726,1.2636343,0.010532474,0.6822228,0.043506768,0.31273746,0.028722066,0.6271322,2.298864,0.72238296,0.15411188,1.0498787,0.20646803,0.8341961,1.2470264,0.013903654,0.32510594,0.0017350264,0.121945046,0.24415947,0.8613374,1.0452819,1.3690556,0.93979454,0.7811788,0.36457488,2.5688531,0.0564986,0.77283967,0.0071657584,0.09163502,0.34520113,0.7608018,0.72172886,0.039174993,0.3311541,0.5565685,0.5976703,1.6265544,0.5062982,0.73883367,0.01745567,0.38907522,0.58085775,0.54180557,1.1707811,1.951063,1.212336,0.0,0.5161831,0.17732768,0.20359269,0.6769415,1.8485309,0.764208,0.74179405,0.0349051,0.0,0.52820826,0.20329888,0.1071358,0.22006245,2.8240218,1.5891556,0.0784478,0.96182,0.64646643,0.42995197,0.15040362,0.8149129,0.0039578783,1.1896873,0.13056326,0.5800101,0.14643593,0.85315657,0.03051965,0.016066937,1.3497956,0.827152,4.9499316,1.5304176,1.6173965,0.14770938,0.010118019,3.895616,2.0217626,0.008904448,0.09895989,0.71437514,0.09488808,0.023049071,0.8162621,0.20389007,0.2925052,0.24012409,2.723242,0.5869758,0.27981114,0.6106231,0.21021675,0.23677821,0.25404152,1.3969373,0.47191966,0.05808077,0.6258397,0.65431976,1.0349202,0.77557373,0.1930804,0.32087955,0.89355624,0.1413839,0.123259544,1.5797049,2.408551,0.10961867,1.6977158,1.3681027,1.5132756,0.55165666,0.51801586,0.61532295,0.18075304,0.87070477,1.1956476,0.11127704,0.0051189167,0.9125379,0.50201064,2.6977184,1.2933174,0.8088791,0.38623962,0.06789541,0.27102634,0.37675214,0.2512718,0.9190161,0.12813021,0.38217255,1.7978089,0.38422304,0.86786354,1.2153054,0.90096265,0.4063452,1.0100406,0.08406369,1.8692614,0.019192059,0.91362137,0.26097342,0.66243804,1.1057457,1.121186,0.17900029,0.49929187,0.37435013,0.79401815,0.44014117,0.020360261,0.1134158,1.3136754,1.1288177,0.432171,0.58513784,0.28752592,0.13009705,0.42660904,0.038132574,0.37415317,0.6010674,2.1791263,0.00547917,0.016092062,2.248143,0.37449956,0.6451695,0.007755769,0.033098925,0.97369087,0.4533629,0.27247378,0.0033899532,0.24464564,0.41082856,0.15788983,0.10782373,0.0006162743,0.07351994,0.0006846766,0.14773165,0.36524087,0.3651773,0.09970139,4.9572744,0.8613124,0.10033181,1.136851,0.52630395,0.3286534,0.60758334,0.3365156,0.1510237,0.22943696,0.27852216,all_pothole_images\pothole_images_enhanced_d366b64444551a78e42f55d4d39876d3.jpg
1.0242851,0.100295864,0.25055426,1.0216908,0.7433389,0.15330264,0.0965944,0.35197106,0.24791172,1.1797546,0.06526437,1.1684501,0.4230883,1.8669969,0.19160998,0.38038284,0.517543,0.6235074,0.45173866,0.21907444,1.2902805,0.37506005,0.66100603,1.6076459,1.9305629,0.110239804,0.10549756,1.933485,0.28266478,0.25160578,0.53849953,0.9748172,0.39249426,2.4343777,0.88755697,0.95663583,0.029504815,1.6629865,0.30684102,1.8973265,0.17914744,0.11574708,0.2503081,0.6783036,0.42212301,1.1621045,0.0,0.15295531,2.0280263,0.5222987,0.72702396,0.45332262,1.5387996,0.016787931,0.047532454,0.7561903,1.9699427,0.17444289,0.48901087,0.26907665,0.03293982,0.11227843,0.14951056,0.021768777,0.5909204,1.5234036,0.1334547,0.09026465,0.8651244,0.027481241,0.11602838,0.21234177,1.0994939,0.59566206,0.16606759,0.336767,0.09166575,1.1046705,0.017470263,0.035385687,0.15415339,0.40224448,0.5328593,0.56015265,0.70696855,0.70392996,0.04055307,0.6257718,1.513319,0.49645436,0.13934149,0.17003651,0.10506878,0.36790383,0.06646055,0.037607193,1.6041592,0.8111267,0.08433437,0.17683336,0.008921591,2.196046,0.5260523,0.7064827,0.60773313,1.1190971,0.01759669,0.38188896,0.07143146,1.5912005,0.05505118,1.5825012,0.5433861,2.2473764,0.7768641,0.57376796,0.9219016,0.31767607,1.8806242,1.3056302,3.225117,0.9472555,0.07376741,2.8822005,0.73476267,1.0977238,1.043619,0.34001407,0.34391853,0.64504194,0.22938837,0.013084124,0.021971874,0.31231666,0.88995004,2.0646255,0.15876965,2.378838,0.13979192,0.23530057,0.32208875,0.032489773,0.3784202,1.9444717,0.012067358,0.30158642,0.0812685,1.75058,0.5681618,0.020786654,2.2165186,0.31206247,0.0064075696,0.028475732,2.2947571,0.5392968,0.53608525,0.085018076,0.03224284,0.22975168,2.843161,2.3130314,0.014820276,2.867034,0.024973275,1.3714631,0.03719446,0.08086451,2.0132897,1.0610868,0.5339302,0.06993674,0.6459419,0.010167367,0.3556292,0.25267264,0.08767326,0.0,0.1540237,0.56952447,0.0,1.995359,1.9025962,2.9673884,2.5800476,0.79534084,0.20175564,0.89851886,0.8451686,1.520075,0.58408266,0.14315963,0.09606943,2.4283488,1.0669107,0.82067895,0.7549983,0.95392233,0.1954077,0.26289192,0.07820425,1.0680922,0.0076138536,0.48905653,1.4369797,0.57096606,0.43597806,0.53674525,0.6642465,0.3036017,0.0,0.10529916,0.3246212,0.25730953,0.8627787,0.86896133,1.1045579,0.020604715,0.3285777,0.060555004,0.2833241,0.06550122,1.0997493,1.1098174,0.017923553,0.016057614,1.4934049,0.16578458,0.2606383,0.25756174,0.0021862665,0.10997398,0.32212794,0.8647352,0.49093845,0.21732081,2.1418328,0.17473112,0.065766215,0.06728288,0.7255947,0.12579049,0.4448138,0.80482084,0.0,0.28887773,0.18790638,0.29324472,0.5945033,4.012999,0.052179277,0.3570394,0.567938,0.49611282,0.17236724,0.05049676,0.6448538,0.3964643,0.071204916,1.2826734,0.7574774,0.11932958,0.56275886,0.27128404,0.38572508,0.6710899,0.19688112,1.3190491,1.2321897,0.0068442165,0.6987233,0.0068112356,0.14476302,1.9825531,0.8767269,0.51777905,0.2466275,0.9326008,0.42239654,0.22905283,0.020332867,0.0042036367,1.6976064,0.04569985,0.40845513,0.35615787,0.78326523,0.5490601,0.12201894,0.08739338,0.78362757,0.054399144,0.5609382,0.8971566,0.5820114,1.190278,1.1927619,0.19157164,0.23976889,2.0728853,0.36618742,1.0157223,0.0,0.91097844,3.3010156,0.35572457,0.08585923,0.25315353,0.08557567,0.14754893,0.6617646,0.6826723,2.9918175,1.3334328,0.14810637,0.058922697,0.0,0.6507212,1.9847661,0.22511947,2.835672,0.060569756,1.6035284,0.26183847,1.5120943,0.31368402,0.46303374,0.30716163,0.43030742,0.015012111,1.6491733,0.13495758,0.90517074,0.0,0.09394817,0.50948215,0.54006684,0.5321613,0.51267695,0.51044595,0.8979734,0.46217313,2.6882644,0.29392922,0.26878157,0.37815985,0.085756525,0.09581542,0.08298052,0.103626706,0.32025057,1.5598396,0.604477,1.1124645,0.0042378106,0.48537883,0.013091666,1.2069353,0.844052,1.0445509,0.65615386,0.41083425,1.5906465,0.49260953,0.009532684,0.8788692,1.0702513,0.06797674,0.36540598,0.22549479,1.6495036,1.2497696,0.1376355,0.2741603,0.68094784,0.26942283,0.7952854,0.65406984,0.9630108,0.8334953,1.5602993,0.062289987,0.16663793,0.74991894,1.2496784,1.24187,1.0866553,0.07411258,0.029840687,0.69975823,1.5238558,1.7444266,0.39871722,0.0,0.21977863,0.20027079,1.6463486,0.6083805,1.166853,0.005787022,2.7753813,2.1391726,0.8801189,0.76995575,0.17614968,0.1223901,0.1931316,1.0280489,0.18125,0.005272577,0.353961,1.4100186,1.0254791,1.3376892,0.0,0.24406861,0.5530693,0.20406827,0.14301218,0.5065687,1.5399976,0.23807037,2.8528433,3.4927547,1.8909506,0.055532947,1.3851573,0.2959739,0.28785506,1.0363144,0.620904,1.075548,0.3723936,0.9797554,0.58900666,4.882056,1.4141825,0.5769517,0.29070422,2.0577576,0.021957664,0.0699398,0.00024961063,0.19919784,0.14102525,0.028155064,1.0524184,0.3054702,0.09853213,2.1317089,1.9438106,0.73732567,0.7000637,0.78539944,1.2845246,1.2783439,0.6300083,0.3793849,1.1080059,1.8754976,2.216005,0.0,0.8295436,0.10992799,0.23802504,0.47465777,0.5980468,0.3929623,0.35759825,0.671951,1.0797856,0.47384658,0.25518468,0.15449421,1.0322101,0.10609307,0.27590826,1.0663029,1.5013165,0.3008216,1.9750311,3.432249,0.9135591,0.6535951,0.07897847,0.44707376,0.5044638,0.16714936,0.9437094,0.0010797124,0.6990454,1.1508262,0.47028565,0.0019483254,0.35924765,0.369993,0.21293955,0.41235203,0.51903695,1.0676316,0.21881162,4.7557054,1.2534791,0.22725232,0.2682786,0.3004226,0.20804037,0.06879933,0.44656882,1.3645214,1.4276016,0.967903,all_pothole_images\pothole_images_enhanced_d370612f871b46a46b6464555f2f1363.jpg
1.5798663,0.5455066,0.3081865,1.8759112,0.80738705,0.6332235,0.3907956,0.55672234,0.2926902,0.9405271,0.5537837,0.34122688,0.4854692,0.1742838,0.31875533,0.23353319,0.2949435,0.99113876,0.9262712,0.04682163,0.3757389,2.9473298,0.5847849,0.87186235,0.23845552,0.3375247,0.33277324,0.94286394,0.12557639,0.09024984,0.6170604,0.18906844,0.9582212,0.40693647,0.8317717,1.2839807,0.6193653,1.6833187,0.3093569,2.3783739,0.0004508576,0.0446693,0.017869737,0.6055346,1.2730551,0.6530312,0.0026809943,0.05389323,0.8844101,2.1626759,0.47743675,0.36093614,0.38946226,0.0059715547,0.05254948,1.4484949,0.89074975,0.39028668,0.39587846,0.0465885,0.0,0.022072071,0.05257105,0.040102,0.7209144,1.723258,0.7024343,0.37396988,1.8624167,0.13499022,0.059567325,0.14695126,0.77774733,0.34479815,0.1471472,1.0710789,0.28209767,0.029575566,0.0,0.26103854,0.06603678,0.0,0.11327747,0.7116644,1.8060638,0.5148251,0.23965164,1.1069567,2.7794948,1.0389612,0.08331042,0.07248516,0.15077704,0.1723406,0.008242669,0.058886256,2.141324,0.4899193,0.75385255,0.0128363855,0.017072972,1.2848902,0.5685497,0.050895244,0.007936599,0.6222741,0.19187215,0.2731452,0.03133001,0.5906323,0.008291308,2.0727696,0.60743415,1.3161913,0.6140404,0.6089453,1.9652766,0.2441227,2.1719613,1.7572697,1.7898902,1.1370404,0.121502094,1.5019771,0.15266924,1.6269516,0.10952826,1.3536053,0.43764198,0.68643343,0.2894893,0.019626692,0.34314004,0.049649578,0.011439912,0.81009907,0.07402507,1.4761757,0.22321987,0.0047000023,0.3123459,0.3034891,0.28019017,0.402093,0.120100595,0.5895794,0.103921294,1.5036902,0.33587152,0.4583999,1.1304296,0.20266324,0.00070600415,0.0,1.6329068,0.5818146,0.87191063,0.22770317,1.6137513,0.007808386,1.9491869,1.2189059,0.1171917,0.7405706,0.005512506,0.8079163,0.2078049,0.004018827,1.916848,0.21882546,0.10311873,0.0,0.0,0.12062332,1.3317335,0.21418025,0.09328858,0.0,0.121763326,0.082095385,0.035170276,1.8428258,0.12637058,1.2754387,0.9415719,1.1640675,0.52391064,0.33639455,0.8008564,1.7958158,0.067350805,1.1114705,0.040236786,0.48749924,0.1255076,0.40767744,0.22142492,0.7212851,0.6562306,0.4460874,0.20614938,0.84252447,0.21356404,0.50662225,0.9968011,0.1591462,0.36158007,0.7664587,0.9007719,0.62604153,0.043088105,0.2813411,0.8735004,0.6234979,1.1673791,1.1656435,0.7970854,0.106277816,0.18332992,0.0005331803,0.26563478,0.64453655,0.9346332,0.84594375,0.2143958,0.18068306,0.35564357,0.08580219,0.38518527,0.14087848,0.041185528,0.27419764,0.428268,0.39853215,0.06069231,0.13505933,0.7411728,0.034063466,0.080338776,0.009522756,0.99050665,0.20687485,0.041551847,0.034871146,0.029011482,0.17436124,0.12183917,0.34271976,0.6675848,4.1187367,0.83186674,0.21388938,0.764673,0.014563052,0.01815124,0.46751675,1.3790504,0.4135698,0.12477281,2.165679,0.02959056,0.0,0.62071836,0.63402766,0.6802819,0.53394026,0.77073157,0.64032114,0.82645416,0.051737316,0.25187936,0.20772472,0.002741203,2.1889713,1.0424862,1.205444,0.5707861,0.15340878,0.4480718,1.2691045,0.656484,0.0,0.08527178,0.0,0.47209308,0.14153767,0.12361746,0.2229353,0.010215068,0.2572565,0.5665101,0.06182762,0.14766411,0.776299,0.042164296,0.010682934,0.5713843,2.6974766,0.40617782,0.6767244,0.41849765,0.51792383,0.0,1.2156794,3.209025,0.85270983,0.011492696,0.68522424,0.0,0.1122324,1.7203053,0.5483823,2.8465025,0.2782475,0.026474563,0.54094326,0.0,0.77235514,1.2276914,0.0,0.95075077,0.0,0.08982183,0.06407672,0.12116328,0.39670068,0.6729308,0.20367692,0.8712929,0.046810187,2.849689,0.13412574,0.0038200507,0.0,0.0,0.68937683,1.7796179,0.0,0.058668155,0.023747459,0.8597576,0.24913204,2.548132,0.7312786,0.35551122,0.7146288,0.09056017,0.17544022,0.021909382,1.3419093,0.53720075,1.3047891,0.37698835,0.02611216,0.112819165,0.42944852,0.1981498,1.6125693,0.5442975,1.6328492,0.11335532,0.3792285,0.5189456,0.28512383,0.074539706,0.72650033,1.9005518,0.022297699,0.34191698,0.25653306,1.2028925,1.0168741,0.2361526,0.055048436,1.0143864,0.3072253,0.6815609,0.96687245,0.22959442,0.13588561,0.5240634,0.0,1.3088939,0.4044672,3.5646372,1.3389521,1.000338,0.0,1.1125783,2.0738661,0.9463149,1.9503678,0.13546535,0.091079526,0.0,0.02211048,0.37028632,0.70905405,0.37484428,0.30803967,3.25231,2.0205793,0.48718962,0.5845826,0.42744032,0.0,0.13101394,0.28550795,0.002349682,0.08815878,1.7253314,0.5229234,0.65460956,0.58008474,0.0,0.11641413,1.1934947,0.0034506342,0.22816253,0.020162554,1.630838,0.376098,0.4079441,1.3940246,2.2909143,0.17937346,0.18344507,1.6062491,0.05782789,1.5287445,0.36180133,0.27182958,1.1778452,0.30854043,0.3060735,3.7705145,0.9781161,0.06944723,0.038430147,0.6967852,0.25088826,0.44184366,0.2986514,1.7178992,1.283498,0.020248959,1.498105,0.19101219,0.12507801,0.36904794,1.4033713,0.5355257,0.8673711,0.6440111,1.1439062,1.6509731,0.99070287,1.0375874,1.2972375,2.5823295,0.83979183,0.47560033,2.121087,0.20346051,0.4361005,0.44345847,0.21915494,0.0045547285,0.52789456,0.4077739,0.3376684,0.24329148,0.037976854,0.093603745,0.8926759,0.05012706,0.052885614,1.4188721,0.17477539,0.8255371,0.4524407,2.6262302,0.10394479,0.70843285,0.02441345,0.3209444,0.14187816,0.18587038,0.82561725,0.18772584,1.1008795,1.0715234,0.01493337,0.008995487,0.32195026,0.1325889,0.027709762,0.10508749,0.22692467,0.053761967,0.39706707,6.5907736,0.27253237,0.0,0.6864339,0.16559096,0.16008829,0.82456625,0.30396593,2.1226742,0.30854923,0.49049053,all_pothole_images\pothole_images_enhanced_d446a68652d9d45cd22fb7adf7a8b904.jpg
0.64867544,1.1643655,0.7284623,2.193854,1.3308918,0.19697252,0.27969086,0.40327483,0.04681282,0.13622668,0.78936195,0.9135746,0.4827518,1.4590714,0.5445374,0.22747211,0.06805903,0.62218547,0.65920126,0.16958658,0.6281574,1.3247864,1.2186029,1.5043219,0.26423636,1.0366173,0.75048983,2.6452897,0.6005444,0.45768946,0.8756961,1.2796795,0.3949023,1.0806513,0.89495516,0.6389743,0.98380333,1.720225,0.45285556,0.21216132,0.543736,0.6019124,0.45989138,1.9801453,0.4588447,0.84315896,0.36213157,0.0,1.0225326,0.34539184,0.530943,0.3061304,0.4160691,0.19289449,0.004686292,1.1162816,0.7779104,0.45377755,0.47596055,0.07073505,0.5646552,0.29900536,1.2350402,0.32703823,2.566631,1.0834255,0.5157066,0.0,1.8269582,0.3307624,0.72437453,0.031597994,0.034566443,1.9267615,0.5231567,0.27230668,0.0738896,0.32397377,0.093636334,0.5280358,0.31855202,0.29821154,0.47587132,0.19740228,0.3818005,1.3207892,1.0167161,0.2409194,2.2715456,0.46517634,0.85384583,0.26555863,0.26177728,1.349909,0.086445466,0.3702484,1.0619837,0.68097126,0.3989696,0.79327136,0.19159286,0.61426324,0.42640445,1.1482129,1.3821452,1.2561636,0.6534938,0.98980004,0.66011935,0.40021217,0.3148764,1.1638857,0.6404974,1.4744779,0.81594175,0.5388032,1.6094753,0.7351654,0.5271914,1.4787117,1.6996768,0.5690703,0.80877924,0.16851272,0.441116,0.09441167,0.11169745,0.621624,1.8984194,0.40118882,0.68363404,0.36651355,0.64287806,0.20084533,0.0,0.9292049,0.10239798,1.5118887,0.90323544,0.10018182,0.4511482,0.55838287,0.7585829,1.0087855,0.8237742,1.5681973,0.5231009,0.029030152,0.14455384,0.51530886,0.03729828,0.41678143,0.2306548,0.09968661,2.4014769,1.0665697,0.7228785,0.33683714,2.7211115,1.0517405,1.8877494,0.633687,0.4334778,2.0905373,1.0781997,0.8041494,1.8883941,0.5177184,2.461113,0.852922,0.062043063,0.7555772,0.51610816,0.17520933,0.5621833,0.71588653,0.74860764,0.17690971,0.49605972,0.099296294,0.08871865,1.667132,0.9475965,0.5363296,0.87565976,0.9498356,0.12813228,0.31867516,0.47906634,0.5177359,0.58638436,1.1173556,0.98797125,2.159475,0.6272791,0.9248811,0.49979126,0.98529345,0.36109263,0.08642355,1.2021292,1.2309979,0.6936817,0.75318664,0.81374395,0.42306557,1.1654888,0.19625773,1.2273327,1.4785362,0.40534252,0.2334952,0.18971577,0.32154745,0.95818114,1.1023589,0.70658785,0.052125774,0.8036268,0.4212203,1.4954994,0.8846219,1.3219528,0.0,0.29676735,0.17641024,0.71770614,1.1640573,1.0504193,0.8467622,0.58577114,1.0281143,0.7685693,0.60726136,0.5117524,0.20722595,2.3807526,0.80577046,0.4562322,1.8517102,0.4596127,0.16758315,0.20686394,0.018264549,1.071068,0.065084904,0.9061333,0.7677619,1.5285894,2.9862235,0.8536245,0.0020070868,0.39330143,0.3660027,0.351931,0.47853535,0.36819845,0.6097291,0.30560738,3.4138627,1.2699517,0.4998857,0.32072714,0.877414,0.45839462,0.84103864,0.2693058,0.99127257,0.1118435,0.61530614,0.15573747,0.25797072,0.58125556,0.15093751,0.119851634,0.26950586,0.7649578,1.4772888,0.3584964,0.57316536,0.26300943,0.06308787,0.96464807,0.80035174,0.40354195,0.7679543,1.2678365,0.81158525,1.6045622,0.08613979,0.38884392,0.11654635,0.12868978,1.7668716,0.58805203,0.05001275,1.4100226,2.4063458,0.06756036,1.4584302,0.90591115,0.15471502,0.13523917,0.4172976,1.8686912,0.63686836,0.0,0.4051014,0.19765338,0.5854534,1.2213187,1.2673383,2.4510837,0.6583478,0.24388924,0.41655108,0.078609064,0.48803806,1.1197824,0.36477765,0.74183154,0.30862412,0.11911645,0.156744,0.23706111,0.37888673,0.18182978,0.54486287,0.4188656,0.53090197,2.0364177,0.7041097,0.19683568,0.009107706,0.28346783,0.11734495,0.41319257,1.4991336,1.6551946,0.36347395,0.48592696,1.0025852,1.1868609,0.68801963,0.4689254,0.51591766,0.9698871,1.7006394,0.3891656,0.40175742,0.4908155,0.12203657,0.1733047,0.19845517,0.32969627,0.5354905,0.375029,1.2921255,0.1634502,0.19323091,1.4036298,0.4431338,0.7876916,1.0364997,0.0027825814,0.21195163,0.80439043,0.48632553,1.0484374,0.82679266,0.758757,0.41927662,0.564728,0.36729652,0.58114916,0.62729394,0.37261966,0.4657795,0.5115758,0.9547537,0.79004365,0.032563385,0.3657924,0.4908247,2.025061,2.8506718,0.8489909,0.120624624,0.23448455,1.0277873,0.7091593,0.9263648,0.15897955,0.8282451,0.58525705,0.6145874,1.612496,0.74218917,1.1581458,0.018534875,2.3761458,1.7984447,0.5341469,0.16684172,0.5967797,0.33516234,0.7126661,0.52351797,0.2433582,0.4089613,0.45742342,0.77609503,0.3093045,0.38402385,0.024256263,0.13782513,0.48523578,1.9396284,0.20076351,0.066673644,1.4494318,0.8883696,1.4183813,4.0708666,2.2428923,0.19407846,2.2514498,1.4809753,1.146591,0.98527974,0.049971715,0.56004256,0.7062202,1.2280773,0.53135157,0.86455154,0.6445056,1.3840466,0.30043632,0.7134242,2.3469887,0.44518358,0.66681826,0.11160146,0.5812428,0.0,0.39411092,0.0,1.2596103,0.5456319,0.92062235,0.45361966,0.86766595,1.3666463,0.51490253,0.75974786,1.067689,0.6632595,0.1833565,0.633471,1.3787929,1.2571559,1.6509365,0.52357763,0.5019237,0.0003607856,0.18388088,0.029959045,1.5407813,0.49347872,0.5336821,1.2993331,0.10089117,0.6696469,0.82528585,0.32780233,1.4093999,2.2554455,1.2919536,0.19686486,0.48950288,2.1632566,1.0569834,2.1378875,0.10723865,0.70154,0.13923427,0.9721851,1.9926633,0.29520917,1.3291395,0.118774325,0.19565119,0.45139834,0.2879596,0.13500056,0.12305487,0.0060101748,0.50301105,0.13677165,1.4258341,1.9746493,0.700192,0.58551836,0.17690018,1.1747428,0.024327757,0.39226183,0.0344969,1.0894073,0.22552474,0.5694315,all_pothole_images\pothole_images_enhanced_d5045136e813c0671e2f2e8695e93a6c.jpg
1.2105457,1.7415681,0.4060308,2.0033202,0.9732097,0.38910377,0.088929854,0.040602315,0.34218118,1.1127001,0.33463255,0.38873857,0.15299028,2.1167548,0.07949892,0.4585481,0.17295021,0.06003153,0.74244946,0.092579275,0.34172657,2.458989,0.9557589,1.5197461,1.9818497,0.2720607,0.0,1.9865799,0.009539933,0.51008976,0.92160195,0.18947916,0.9995237,0.91681904,0.35678318,0.96096736,0.4613517,1.0260192,0.103504516,0.56639814,0.51537025,0.13702646,0.3991631,0.19350004,0.55695236,0.86030376,0.3155834,0.0,1.0372503,0.9126353,0.6639259,0.2985839,0.30401292,0.016339496,0.097750835,1.210864,0.64658356,0.17645882,0.757087,0.0039001943,0.12671696,0.6090238,0.3359996,0.12884971,1.3427085,1.6282308,0.7532207,0.08642496,2.6476696,0.36588097,0.49497074,0.070822194,0.442991,0.3580053,0.8128052,0.57862294,0.09855697,0.16797228,0.6279727,0.57491153,0.018813137,0.16139412,0.31484967,0.61785644,1.6390632,0.88683504,0.08435279,0.289494,1.952078,0.839769,0.4993435,0.53329194,0.032666415,1.5460212,0.039915472,0.16199036,1.0628935,0.5106544,0.031986,0.019231824,0.4447012,1.482183,0.17592433,0.44456145,1.2977248,0.567109,0.4146202,1.2363516,0.03197027,0.5145317,0.0,2.6783082,0.3573003,1.2189677,0.69259197,0.06343144,1.5141461,0.5491493,2.3122747,1.3573812,2.7130222,0.5992168,0.29938936,1.236693,0.32382363,0.955512,0.104680255,2.879298,0.27467343,0.17985493,0.53400004,0.0,0.16481203,0.14681348,0.37705767,1.7514195,0.26941276,1.4023119,0.5610495,0.08273201,0.17979403,0.4404236,0.2517809,1.1184032,0.015164616,0.5457001,0.0,0.077599004,0.5732329,0.31185696,0.5675237,0.93588305,0.27708912,0.12746286,2.1157699,0.46331388,1.1780026,0.64414495,1.1730977,0.342284,2.860007,1.062595,0.7627741,2.4299088,0.37232238,1.3685141,1.1582699,0.02076354,2.603703,0.69639057,0.44271874,0.31368187,0.0,0.39193016,1.3975985,0.5162133,0.25616533,0.086188614,0.0994717,0.047009423,0.008376578,1.3882126,0.49662238,2.301689,1.0436815,1.8506885,0.5647907,0.00048372574,0.3613367,0.9250738,0.24330282,0.6038098,0.29372603,2.4409606,0.2250335,1.0975615,0.6812467,1.7811786,0.04071389,0.9123018,0.9990441,0.8577677,0.46352822,1.1020164,2.3996704,0.18450221,0.7739645,0.20569764,1.8743292,0.68021125,0.09222892,0.10474459,0.63786066,1.0243703,1.0353928,1.0704777,0.75705844,0.04210507,0.9814578,0.1841171,0.086045645,1.6200584,1.536163,1.0889584,0.10101987,0.02752051,1.6394801,0.37916481,0.95857584,0.033054873,0.10954006,0.3565211,1.0863105,0.46439564,0.6918471,0.03447515,1.8632529,0.2534139,0.14739418,0.2911432,0.63586384,0.08376853,0.23618107,0.4641735,0.75007397,0.032555897,1.0129057,1.0372163,0.7099203,3.3455982,0.82994586,0.5604725,0.82697994,0.26171058,0.24537897,0.13151552,0.59231424,0.5966205,0.8157787,1.9715542,0.50433344,0.07465935,0.20957126,0.7679095,0.030827254,0.6438007,0.8380415,0.35174957,0.4542113,0.8270845,0.09724097,0.123312205,0.33695453,0.023221945,1.0514387,1.0815544,0.9597987,0.3358302,0.8809937,1.5605552,0.0,0.86057305,1.1297404,1.2824602,0.788828,1.3837168,0.8389018,0.33046526,0.54845893,0.45190123,0.14735064,0.36015117,0.061278027,1.2533085,0.5942198,0.06100752,0.958119,2.6430097,0.12237759,1.3857844,0.35637206,1.0050241,0.08753105,0.39076972,2.5832517,0.39536303,0.14743382,1.3253475,0.226116,0.01386573,0.83372855,0.9688444,4.8071804,1.2780647,0.073008455,0.31980908,0.03191992,1.6947426,1.6822631,0.12951764,1.6539567,0.027338456,0.15918303,0.8167769,0.62797356,0.80874157,0.36358654,0.10560455,0.17156579,0.54180056,2.3766713,0.2201867,0.22208853,0.0029399663,0.038825177,0.62165904,0.0054540397,0.102358624,0.883293,0.16335571,0.7974103,0.39387834,1.5008205,0.023833405,0.1734766,0.6028013,0.91905415,0.2136333,0.37450013,0.38350588,0.068892114,1.2221291,0.26382387,0.41276747,0.45936126,0.26526508,0.20710334,3.3021305,1.5319796,1.4724076,0.7329456,0.4353123,1.2795484,0.08516996,0.07023178,1.1544889,1.6885946,0.25800157,0.9702899,1.5111747,1.9340923,0.6369668,1.0992117,0.12513995,0.61548203,0.7518496,0.09323228,1.0198061,0.012432081,1.2189941,1.2067883,0.76039135,0.29961148,0.5911937,2.5208485,0.89540565,0.6870031,0.029564787,0.31116834,1.1658502,0.32912794,2.4784143,0.72553694,0.9900124,0.015267751,0.8242107,2.0138369,1.7914828,0.53180563,0.035759322,4.2765565,0.7417085,0.63602686,0.5276075,0.5199176,0.1011129,0.47961348,0.76338476,0.007156486,0.30096537,1.1177866,0.14609568,0.8414621,0.25943756,0.022206238,0.16800228,0.5769313,0.24928732,0.6720134,0.10294151,0.264153,1.1437495,0.27635032,3.3470156,0.9305329,0.17526773,2.1234004,0.91972005,0.4096719,1.8664569,0.87888944,0.6853355,0.56333476,0.8834534,1.1195412,3.4660463,1.5533422,0.7925692,0.3175206,0.74602664,1.0077505,0.5409056,0.39812118,0.64736605,0.7197333,0.0,0.29243904,0.18510701,1.2932392,0.6688237,1.0258452,0.8577577,1.4965073,1.7033612,1.1129656,0.9413069,1.0699407,0.108028606,0.49388254,2.02892,0.83590317,0.74616534,2.1770551,0.26456407,0.9120867,0.80637205,0.6448757,0.047702335,1.3467622,0.23330386,1.2359557,1.1433822,0.0,1.246509,2.477346,0.5024101,0.54690164,2.7661612,0.4598517,0.31972095,0.66290843,3.117388,2.0007648,1.2152385,0.057980508,0.25432122,1.1516955,0.6483234,2.8461237,0.10471188,2.131555,0.7515956,0.45595545,0.07137458,0.6462103,0.017885162,0.17343715,0.4388998,0.53722554,0.5970424,0.0608487,4.710861,1.4567622,0.4328944,0.109666176,0.119953826,0.13077465,0.6484929,0.3572195,0.5584774,0.43069,0.4191906,all_pothole_images\pothole_images_enhanced_d574cce47e96ec0d3e3dadb075abc43b.jpg
1.1343654,2.2552516,0.81714743,1.2338699,0.43300924,0.1644969,0.48506698,0.75068116,0.16293545,0.32821342,0.9432424,1.4035294,0.68466073,0.8091976,0.04635927,0.10750675,1.5977113,1.5907362,0.08752223,0.9185234,0.32050854,1.4275591,0.7604795,2.550429,0.83390385,0.72179854,0.05780139,0.27793846,0.4508073,0.46376953,1.3249507,0.00442435,1.735277,0.76460165,1.6299659,0.48063692,0.36029816,2.3444161,0.08172633,0.19871031,0.2894652,0.74022776,0.73945504,0.83005273,0.060540374,1.182332,0.3437136,0.04589893,0.35484746,0.6053947,0.23121448,0.6576625,0.63471967,0.16369812,0.06774789,0.48780465,1.191305,0.11135624,0.64792407,0.5791244,0.43425918,0.1539133,0.6072894,0.11015136,1.6828077,0.4872653,0.35431102,0.05090689,0.16139393,0.18053393,0.09024439,0.17450756,0.65180635,0.032562077,1.291312,0.29456523,0.045427438,0.7428562,0.012729515,0.0054192273,0.48404968,0.6842617,0.2077127,1.1114908,0.73569447,1.182959,0.020591721,0.3780185,1.7469172,0.02726485,0.5724243,0.21418688,0.6987476,1.7232388,0.03605127,0.29052606,0.539076,1.0931301,1.2454276,0.9823092,0.7067816,2.027354,1.1323735,0.09780674,0.06568483,0.44500765,0.104508884,0.5130882,0.018062513,0.54197127,1.0063921,0.7666873,1.15344,1.2862273,0.45564333,1.3378017,1.3155881,0.2398388,1.2375395,0.69717276,0.53877735,0.9264183,1.2225151,0.9525179,0.7997009,0.8241183,0.7259871,0.13947019,1.8090276,1.2243087,1.1179017,1.5255357,0.7966385,0.22343053,1.0196308,2.326084,0.20663315,0.20365547,1.0741069,0.3306116,0.62851965,0.38452694,1.0330989,3.201576,1.1820843,0.19380417,0.2982002,1.1113799,0.18192053,0.9308596,0.25172547,0.003530476,0.20506427,0.09384482,1.0192827,0.06625237,0.42235672,0.97575724,0.41291624,0.4878016,2.6617348,1.3250986,0.0699642,0.21997465,0.30075318,0.10220801,0.7241209,1.7475108,0.69922787,1.3221124,0.035177253,0.6654589,0.5465169,0.0139498515,1.3704184,0.96645904,2.7793686,0.06428791,0.49470434,0.53061366,1.1365412,1.1647371,1.7461742,0.85676384,0.62530035,1.0844439,0.13661307,0.13541797,0.11628443,0.30610406,0.66983086,0.91002464,0.7216489,0.8548691,0.197323,1.1561804,0.42181575,1.0072479,0.032981448,0.46798494,0.21543755,0.74779004,0.39758122,0.26454276,0.55190384,1.031752,0.4632426,1.2857164,0.5247165,0.6835445,0.021661896,0.34688637,0.83260876,1.3905172,1.8217916,0.07101585,1.2017906,0.36843124,0.18952459,0.18786134,0.5354758,0.16556677,0.5785496,1.1871293,0.095146015,0.04052623,1.3606105,0.34095508,0.8343895,0.95624083,0.62052697,0.21819432,0.8099942,0.73798686,0.6823838,1.5914323,0.72022635,2.3321054,0.17563313,0.03376149,0.7402522,0.80142677,2.0028565,0.521232,0.20159718,0.33178103,1.9240953,0.1744504,2.0930572,1.6209289,1.6453595,0.02118438,0.016404549,1.2503507,0.102660544,0.20471604,0.81518817,0.29042515,0.5315404,1.9456743,2.5554419,0.12505798,0.5133492,0.043720163,0.403538,0.010349998,0.2858085,0.31252727,0.23139198,4.3946953,0.12059733,0.02342927,0.35843217,1.3394151,0.4931235,0.32740673,0.6879556,1.5226814,1.034515,0.4735634,0.7246313,0.4576545,0.40833655,0.00197556,1.3799356,0.30823213,0.3012132,1.3525438,0.88966304,0.42989665,0.23600854,0.5798503,0.59471136,0.8131633,1.2435344,0.36019617,1.119533,1.4623227,0.1214839,1.8812108,0.041089304,0.352716,0.22299542,0.41358352,3.1844027,0.299684,0.0,0.2782287,0.53608495,0.53165114,0.8892765,0.96576893,2.4024165,0.70509547,0.18285617,0.8296117,0.15894167,0.10551355,1.917589,0.43924382,0.31597087,0.18234056,0.07492753,0.08969568,0.052109923,0.8711511,0.2586169,1.0386176,1.1142563,1.8143272,2.8354912,0.781042,0.37292165,1.4440396,0.7890867,0.80423635,2.057896,0.2391214,0.304127,0.11750549,1.5041033,0.43861943,0.91656226,0.3870278,0.33718857,1.0433426,0.3022853,0.43840486,2.4041045,0.6744552,0.040408585,1.0133601,0.01582727,0.13780902,0.18548813,0.35257408,1.3062006,0.21409431,0.22456025,0.29114056,1.2383363,1.2829118,0.19917566,0.71393865,0.08601796,0.24113029,0.90215427,0.6577353,1.0211307,0.6379505,0.5520106,1.8541245,0.57441115,0.105969414,0.22259533,1.3166714,0.46414402,2.5452554,0.16066779,1.4016291,0.3666251,0.4142929,0.09964676,0.8387848,2.7698236,1.0893762,0.72413456,0.778229,0.10458877,0.5315054,0.5922316,1.765177,0.29422376,0.54574966,3.61566e-05,0.15555404,0.61705804,0.044415496,0.09632371,0.27249834,3.0047896,1.3783219,0.68528414,1.6408983,0.07159495,0.045607843,0.3820998,0.7607699,1.8634609,0.22960065,0.085452445,0.27177674,0.09282574,1.1398307,0.9912088,0.8174319,0.09681813,1.4171102,0.80159503,0.41946784,1.2224455,1.6459017,0.4097471,0.97918206,1.45621,1.05184,0.9994521,3.2757277,2.115258,0.15382302,1.0545852,0.41232127,0.26840505,0.48750794,0.8724763,1.5511789,0.077528745,1.6237413,0.702801,0.22450615,1.4481363,0.40714496,0.13569339,0.70761645,0.22932597,0.18631737,2.91733,0.18761286,0.2409473,0.70103127,1.8481936,0.3835042,0.29775503,0.9657962,1.2182103,0.16991882,1.186317,0.25192946,0.06549065,1.0218147,1.7055595,3.1596375,0.31684363,0.014000946,1.820371,0.5369718,0.22592139,0.35303783,0.20106743,1.2130744,1.2903814,2.3370385,1.7921032,0.14473467,0.5212779,0.06750546,1.11768,0.14742427,0.27379307,0.8198899,1.7829397,1.0949545,0.06004747,1.0376946,0.018277148,1.3554149,0.46263352,0.25898194,1.1239176,0.14303489,0.40317535,1.4700235,1.1557214,0.65404254,0.41490152,0.51493454,0.40473062,0.18279098,0.4739235,0.27142248,2.1419024,1.8140627,0.29837307,0.32578793,0.061818328,0.38707295,0.46567923,0.8893584,0.050686255,0.12632304,0.8248749,0.26001465,all_pothole_images\pothole_images_enhanced_d57fb82776b92ff329537efd0b627402.jpg
0.6192736,0.3162,0.3902698,1.4515681,2.3175561,1.6100047,0.33594754,0.17439678,1.0311588,1.0962242,0.01623503,0.08112049,0.5160527,0.32329082,0.0,0.21570069,0.14533035,0.09600083,1.5537729,0.40020496,0.72548944,3.0300694,0.3685349,0.01836504,1.4940269,0.22181278,0.076072454,1.4193438,0.24592927,0.34839046,0.0,0.02240456,3.0229344,0.22206722,0.15575773,4.40815,0.09894293,0.66450447,0.009074649,1.538969,0.0,0.0,0.00019742442,0.92301816,0.040647984,0.47120267,0.39343908,0.14217833,0.2460266,4.733208,1.2952734,0.35184985,0.010308701,0.18359914,0.7493116,3.488609,1.8347112,0.5481315,0.5825743,0.05269312,0.7032733,0.49406967,0.23393767,0.021947108,1.1956323,2.7306156,1.0491486,0.06797018,1.7171851,0.21283267,0.021136839,0.034132812,0.2886363,0.9445601,1.2829579,0.12703545,0.17435245,0.7844593,0.3989471,0.11814172,0.0018132286,0.15760899,1.1201404,0.6622375,2.9276826,0.6785549,0.21401966,0.20348951,0.86792785,1.2921717,1.1504035,0.08279356,0.04347267,0.20321013,0.03590094,0.1932333,0.13605522,0.06388914,0.91121876,0.9607625,0.025371142,3.270803,0.6854119,0.41828823,0.26032725,0.010609233,0.14458603,0.3386487,0.03731225,0.08801232,0.0,2.1952214,0.60489887,0.4000701,0.11076978,1.2423815,4.3501687,0.8620545,3.5406313,1.1035428,0.9365379,0.5572934,0.1483579,3.3500357,0.5345867,2.3260796,0.3852046,2.307191,1.1151625,0.07553876,0.6368787,0.0016177004,0.2894557,1.1961364,0.009412424,1.4762808,0.21037506,1.7290467,0.3684049,0.10522143,0.123026446,0.013707024,0.0,0.17454322,0.10145197,0.62217975,0.22515611,0.30636558,0.36170647,0.52825826,0.08822865,0.5561219,0.45571288,0.0,1.2454202,2.0946994,0.69654095,0.10415698,2.2417312,0.5959769,0.06555862,0.6527244,0.0,0.34667376,0.0,0.31503195,0.5754132,0.05818758,1.77913,0.46718952,0.28438675,0.0,0.0028276646,1.997255,0.8416028,0.018093567,0.023534229,0.005619795,0.64547586,0.0069278902,0.11911758,1.9374872,1.5304688,2.117555,1.5460874,0.12463771,0.42844754,0.37940228,2.04086,0.39720345,0.0045357,0.17817473,0.0016030557,0.9408677,0.6210833,0.79980916,1.1022073,0.13629961,0.81509054,0.06049645,0.07801313,1.5831059,0.29160708,0.9849766,2.9388094,0.68369496,2.266009,0.4962785,1.1764836,0.87859297,0.057872634,0.0,0.7359404,0.9167306,2.1337569,1.0698578,1.0471557,0.52157146,1.0319012,0.028275007,0.22040094,0.9643242,1.216826,0.83814585,0.0,0.8548229,0.20497528,0.5226661,2.6435163,0.0,0.015476638,0.4475003,1.0069724,0.55332416,0.24437428,0.48330188,1.307899,0.3260419,0.0,0.05692111,0.09268167,0.27648535,0.030903008,0.0047271093,0.2864111,0.7396645,0.6145722,0.3886771,0.36893246,3.60062,2.1324527,1.1707677,1.3468711,0.8813584,0.017689127,1.348487,0.53634167,0.29084954,0.24012528,2.7815688,0.010898918,0.0,0.34664246,2.017136,1.0349218,0.46139875,0.6223558,0.39549446,0.17862943,2.2140274,0.27741715,0.05290958,0.45435664,0.7973712,0.59288013,0.14854056,0.17853756,0.10657287,0.1623754,0.71041375,0.64585096,1.4201264,0.017602868,0.26963466,0.42964607,0.11255852,0.49885643,0.014998426,0.3907227,0.7976328,0.07957537,0.17984761,0.15143324,1.3465104,0.47322285,0.17022844,0.03929706,3.3187795,0.843463,0.78709805,0.31584033,0.3849724,0.031330187,0.1402296,3.5134015,0.85555196,0.07670423,0.07681151,0.45756117,0.07862759,1.6199722,0.0,1.399621,2.3152635,1.3885895,0.22882153,0.18240835,0.19749731,3.4497766,0.0,0.7792254,0.2112444,0.8546756,0.4556722,0.13489445,1.7864822,0.3570435,0.011416143,0.104253024,0.0,1.5334457,2.260049,0.092129596,0.018136565,0.034125265,0.5751435,1.1546358,0.0015017386,0.4862065,0.58480006,0.2689592,0.18252864,3.433139,0.05787596,1.2989364,0.36897513,0.0,0.009442536,0.0854402,1.3050582,0.67171144,1.374195,0.058863785,1.4095094,2.0662412e-05,0.23822144,2.2494826,1.5169631,4.327357,3.282168,0.08290047,0.05165396,0.34554815,0.07705539,0.4070595,1.7178528,1.4271296,0.010494916,0.06952085,0.30079147,1.6543952,0.0,1.9596986,0.06411327,1.1209493,0.10229589,0.7182055,0.69696915,1.1043347,0.33575675,1.412528,0.0,1.3071605,0.5635668,2.7652123,1.6836346,1.3435663,0.0,1.5164825,0.7486172,1.3781185,0.0,0.34586707,0.4662041,0.20677371,0.046071228,1.1571947,0.0139896255,0.44297338,0.54060715,3.045099,0.07894672,0.025199968,0.052189667,1.1388674,0.0,0.007969526,0.1616816,0.5390717,0.2850576,1.3369411,0.036473393,0.9143425,0.24696302,0.10907944,0.27975178,1.9708345,0.38403383,0.44922236,0.31936666,2.1606348,0.2832682,0.4385853,0.29430127,2.0255427,0.6859075,0.71348476,1.3067853,0.04287372,1.3390706,0.68182063,0.28300014,1.4429038,0.32800177,1.1574157,2.9851055,0.6399913,0.45475504,0.115759514,1.0090866,0.5298172,0.19955453,0.2854309,1.2906723,1.4281329,0.54983723,1.2402226,0.4448356,0.022758877,1.136841,0.44039637,0.23796564,0.40576452,0.61059314,0.90428376,2.4491765,0.05307055,0.5696513,0.14436463,1.8855207,0.75268847,0.44677758,2.5817034,0.14793426,1.6478671,0.8626756,0.8661036,0.21548332,0.7470966,0.4237024,0.3844947,1.1631547,0.0,1.2402802,1.2918369,0.18483095,0.3480738,1.6700449,0.0,0.59151465,0.1492786,3.583142,0.16736019,0.0007642626,0.08873624,0.0,1.8721259,0.03915045,0.70118594,0.07620771,1.6074455,0.46281603,0.0,0.07128499,1.2163153,0.14185219,0.018988738,0.0140296,0.6225804,0.02419827,0.6098948,7.898214,0.5269239,0.6028888,2.1043994,1.0837535,0.25466698,0.3818215,2.0969226,0.006545966,1.1277018,0.99337834,all_pothole_images\pothole_images_enhanced_d595fadb0658651e65fea3e89369876e.jpg
1.8694205,1.2466445,0.14514099,0.39509305,0.8950725,2.8469718,1.0822636,0.619001,1.8870059,0.107466325,0.957953,0.6880084,0.513328,2.4431682,1.029732,0.7944533,0.17187023,0.031973775,0.44510663,0.14430423,1.0619054,1.9493302,0.95935947,0.05774847,0.8197669,0.068149604,1.2005365,2.2225914,1.1696867,0.2867345,0.60039556,0.82311755,0.7205379,0.0621526,0.18089144,0.36943987,0.40708226,0.23015963,0.0938093,0.3176066,1.069665,1.2069352,0.22137797,0.50032556,0.47881356,0.038729846,0.048883405,0.08895344,1.7847981,0.9135671,0.47310728,1.0794454,1.4320446,2.3932896,0.098803185,1.1676792,0.97146595,0.35483778,1.0163728,0.25277722,0.90694785,0.23096009,2.5421116,1.8443428,2.5302367,0.4303134,0.4378094,0.021702087,0.05769275,0.3377251,0.09953143,0.94373655,0.19997434,0.7947333,0.30499563,1.3322797,1.5238811,0.5295476,0.02664637,0.1187437,1.0982214,0.89582115,0.0001498693,1.5931203,0.2762055,1.7923402,0.1015439,0.36486784,0.39011967,0.0027726574,1.262615,0.03769877,0.9172606,0.7381031,0.5438401,0.44389707,0.030780397,0.42138284,0.3503909,1.0126475,0.36808744,0.21681926,0.49579814,0.16041254,0.19412944,1.5391425,0.76459223,0.32552773,0.345973,0.34660217,0.6563934,1.5068626,0.7455254,0.19429228,0.11980648,1.882129,3.3104563,0.21862726,0.22140595,0.51508445,0.2820001,0.199219,3.3919833,0.16201411,0.6253095,0.117115915,0.21762289,0.28076434,2.1725402,1.2285227,0.9636099,1.3214458,1.5397507,2.2414944,0.17795128,1.84144,2.0526884,0.689279,3.4405797,0.18353145,1.2955595,0.10880518,0.19263797,0.7271016,1.080435,0.5627251,0.0420067,0.3429421,0.15945634,0.48868906,0.065142885,0.71343017,0.5316541,0.8719009,1.495657,2.11018,0.50949156,1.9042809,1.1726801,0.90720093,0.84575635,0.04823831,0.021624243,2.112924,0.2883465,0.33540422,1.5743454,3.703044,1.3651005,0.33883047,0.66599655,0.8306262,0.37839037,1.426402,0.059393987,0.5626195,3.5393865,0.7257936,0.017260006,3.5994475,0.24685705,0.2972083,2.6444166,0.0,1.276374,0.17585029,0.6057134,0.6114641,0.37355933,0.5119789,3.0854542,0.032849614,0.62700593,0.6021045,0.009052016,0.24443287,0.9090457,0.021774828,0.88074213,0.39384142,0.074327506,0.18111236,2.503214,0.6344731,0.45817837,2.0386767,0.12871897,1.0659486,1.7748382,0.46697307,1.32154,0.7924107,0.7355615,2.5436487,0.7203879,1.076774,0.08185727,0.5458976,1.6595521,1.1916642,0.6842665,1.1499803,0.39967874,0.3438166,0.0,2.0121403,1.546536,0.5505662,1.7335033,0.47789645,1.1469647,0.90672535,0.42131057,1.1484171,1.3201804,1.6543021,0.55181324,0.7892445,0.18458986,0.78105927,2.0693898,0.029141264,0.5167897,0.33850783,0.36445597,0.0,0.53046674,0.9760649,0.9224071,0.7374926,0.30364233,0.033797525,0.08191545,0.829406,1.7523249,0.3586376,1.3957058,0.29765752,0.49940372,2.3606536,0.19455473,3.8420684,0.33453116,1.4662538,0.5323631,0.8958847,0.18288821,1.0923932,1.341042,2.1521792,0.16597776,1.2861606,0.55669713,0.007975279,0.29019356,0.5439053,0.47120276,0.35909578,3.4534805,0.13877779,0.56726223,1.7477423,0.044948913,0.3256399,0.6087003,0.3628826,2.884673,1.0082053,0.43250433,0.69390374,0.64223015,0.34485275,0.33055487,1.0770159,0.31413242,2.460378,1.6907014,0.3659241,1.4904822,0.6491608,0.9376306,2.0438588,0.22644018,0.92994237,3.4980593,1.1457356,0.8169585,0.5780788,0.78536767,0.49419957,0.5144489,0.092193864,1.4038805,2.8740127,0.020449772,1.596931,1.0601772,0.6465971,0.7936233,0.33087766,0.7860077,0.5452591,0.7488276,0.6096503,1.0723337,1.2466427,2.6265857,2.8368685,0.060357288,2.5884442,3.2138712,0.42736435,0.053385817,1.6243293,1.0490264,1.5149634,2.5673165,2.0277374,1.2221067,0.5412945,0.13840427,1.038622,1.174761,0.48226172,0.07638907,0.45493862,0.38946253,0.67985344,0.96701086,1.5796478,0.43079332,0.13216479,0.316404,0.22133774,1.7790889,0.22492638,2.7649364,0.2515245,0.8007485,1.0802723,0.23870249,0.33709946,0.84333366,0.68494743,0.70778716,0.55092704,1.8596107,2.4651735,0.019422201,0.24266675,0.87401545,0.81745505,0.6528849,0.20502543,1.9307979,0.5001636,0.5758032,0.109032355,0.9858983,0.90315866,0.089435875,1.3317943,0.35856965,0.78808165,2.2527013,1.6395811,4.3939247,1.0786743,0.6988124,1.0072626,0.5185766,0.070041,0.7189151,0.16165534,1.2633338,0.0,0.15203692,0.82366526,0.76121205,0.011848076,3.7483099,0.31369057,0.26550838,0.5578689,0.33924323,0.85641766,0.45180053,0.4041527,0.5981003,0.86760575,0.34185693,0.45986256,1.1035064,0.35973343,0.28221908,0.96610975,0.88101304,1.5409522,0.2793739,0.25101945,0.27239305,0.36270705,0.13466237,0.63739425,1.2578074,1.3081098,0.6222881,6.0806484,0.5993036,0.21335539,0.22207269,1.8709793,0.51252276,0.11813876,0.003122595,1.4386251,0.6642224,0.68864924,0.17830098,1.3341533,1.238433,0.10866688,0.09997544,0.19674943,0.7908463,3.6141338,2.5225322,1.0015683,0.38612434,0.31213972,0.9430819,0.26210198,0.0006834572,0.5590523,1.2826865,0.2608367,1.4755348,0.15743563,1.2587974,0.18604757,1.5033296,1.1195945,2.1225107,1.7344453,0.276164,0.13395563,0.31638613,0.0831487,0.61419725,1.1508583,1.2027781,0.7712263,1.4510134,0.6118383,1.6145594,0.107476935,1.2137111,1.9846396,0.13158825,0.7893505,0.83770305,3.0188212,0.57141566,0.25843957,0.12292888,0.3697408,0.63873196,0.31665844,0.22876114,1.5857627,0.20765963,0.6189531,0.80609846,0.31588727,0.27411097,0.4403012,0.0,0.27447948,0.047602102,0.29644394,2.0540662,1.4280056,0.14236693,1.228648,0.5635657,0.48953775,0.49348512,0.6172334,0.018141856,0.90937126,0.52747065,0.12857158,all_pothole_images\pothole_images_enhanced_d5ce94e4dfa8e3ca13e49c86e5ae02eb.jpg
0.0013796203,0.8457516,0.07485222,2.7943738,0.7847833,0.07118632,0.9351489,0.25382045,0.017396629,0.691113,1.0803523,0.7617564,0.022543829,1.8841285,0.0,0.7915414,0.10142428,2.5351768,1.2555848,0.3685716,0.30853114,0.64071774,0.3300905,0.5975617,0.22410241,0.44633028,0.23063444,1.0799847,0.007860426,0.010731329,0.022766853,0.21177113,0.002618136,0.24074994,0.23361291,0.712318,0.98397124,0.80826515,1.0962768,0.47378883,0.0,0.36667523,0.1062143,0.97039187,0.7384117,0.00929715,0.39563853,0.0033607613,0.23949295,0.006959533,0.37518245,0.16502133,0.028652344,0.0028258725,0.11056716,1.8052958,1.6313654,0.6396134,0.21841933,0.29880887,0.62626743,0.29444757,1.0518793,0.08846003,0.6336055,2.739314,1.0971662,0.3094413,1.3496639,0.38905957,0.054405376,0.51276803,0.04292169,0.0041670706,0.13119693,6.125594e-05,0.4103103,0.11211592,0.0,0.0037806933,0.020542836,0.4980894,0.51242054,0.6020429,0.53692025,0.0,0.30196863,0.012659168,0.8433752,0.33053723,0.0,0.6372686,0.0683406,0.48379365,0.102163315,0.029322427,1.1618984,1.3878771,0.6564284,0.65508395,0.30383125,2.6693187,1.4072409,0.2586865,1.4973739,1.0320451,0.15275137,0.0,0.13091455,0.7110985,0.07155191,0.31394425,0.46754113,0.87011194,0.9413366,0.14542544,0.0,0.24528721,1.968458,0.23147614,0.22895828,0.073704414,0.005480427,0.17501296,1.3623012,0.41674516,0.035991803,0.2837878,1.2414693,0.3054699,0.6369935,0.44503906,1.0247064,0.20782727,0.059923325,0.03305393,0.0,0.22635378,0.079841815,0.0,0.3305242,0.10376257,0.03821059,0.15396026,0.45778865,1.0504683,0.13299829,1.1670275,0.15781714,0.08024623,0.04420251,1.1192294,0.0666437,0.27324122,1.6025729,0.16136858,0.2504756,0.22578251,0.75555885,0.21411312,1.3858492,2.373852,0.036289185,1.3157116,1.0841906,0.023456853,1.7880458,0.25908396,1.1351451,2.5010595,0.36226195,0.024710568,0.036957934,0.7375286,0.15049587,0.25328258,0.1685573,0.002409595,0.3704439,0.06503496,0.036216233,2.0237913,0.40600628,0.2538758,0.34025198,0.72231835,0.5436551,0.4606073,0.30491522,0.4043408,0.2996704,0.053270474,0.29095927,0.39106002,0.46939933,0.11466055,0.78843623,0.2869782,0.19534677,0.12287908,0.13013753,0.8553607,0.019670935,0.055970162,0.5806624,0.0225317,0.4313127,0.03439728,0.712834,0.9570273,0.0,0.10328677,0.95491356,0.47301838,1.7027081,0.9291724,0.8411171,0.094640575,0.52724355,0.515222,1.1684641,1.2809291,0.33741233,0.059047513,0.0,0.10932897,0.73932296,0.37063178,1.3990209,0.07111261,0.047010332,0.33193836,0.8098061,0.099102825,0.046222564,0.047422376,1.9656521,0.2937831,0.44147,0.009630569,0.5537689,0.06822621,0.11082525,0.064121485,0.09652167,0.00036385137,0.21899585,0.37702167,0.19949621,5.3940005,2.4194553,0.0,0.2611133,0.045010105,0.07177781,1.093625,0.15669392,0.94087744,0.40367445,2.7129629,0.48092443,0.016684003,0.51189065,0.2529099,0.27340132,0.11252005,1.6181506,0.28574866,3.314752,0.0,0.08003091,0.051224552,0.57549316,0.2692782,0.49628213,0.6508658,0.05598657,0.649175,0.23658974,0.34407768,1.1134429,0.053422228,0.5138623,0.0,0.0026497256,0.0,0.18663657,0.0,0.3646276,0.4530438,0.16703224,0.087021075,0.03284051,0.81783247,0.20874748,0.35035825,0.09159436,1.4567438,0.1800841,2.126903,1.2127931,0.23643634,0.05466713,0.062206525,5.477702,0.0,0.1394218,0.03829447,0.23966174,0.33710915,0.61395013,0.79478186,0.5184653,0.15875831,0.9477371,0.69960004,0.008208493,1.6002356,3.942795,0.21823145,0.358792,0.0,0.060218424,0.023628477,1.2205501,0.16111656,0.0693341,0.0026862244,0.71647733,0.06930601,0.36321118,0.09654232,0.17550196,0.08229081,0.011496427,0.0062929615,3.2752922,0.93683296,0.33139646,0.21054243,0.1273213,0.0026958708,1.3235713,1.2604978,0.7488737,0.44346574,0.13454132,0.36757743,0.0,0.6570967,0.6009983,0.15243828,0.019747868,0.070905015,0.07207942,0.06944776,0.294576,2.7349305,0.8488051,0.361177,0.16641848,1.653505,0.75668705,0.0,0.021731324,0.0,2.0026696,0.0,0.16397543,0.10032194,1.2956667,0.14585996,0.1588825,0.06819027,0.1984771,0.16714066,0.022134136,0.10580514,0.2967989,0.23079225,0.76389295,0.0127382595,0.51917845,0.6741821,0.6325868,0.06511781,0.6263781,0.0,0.048434664,0.27411592,0.07233117,0.0632027,0.08688374,0.3869541,0.01207088,0.0,0.8785204,0.048007574,0.5690355,0.007348055,0.5659292,2.1010604,0.45115295,0.7781848,0.80791056,0.38374773,0.36314547,0.90539986,0.5044024,0.12412038,0.32449475,0.37037462,0.048236497,0.075507365,0.0,1.2182356,0.07515772,0.20304045,0.729138,0.12161115,0.83175,0.7304101,0.36740327,2.2838657,1.3325675,0.05162063,0.35429296,0.14641961,0.043730654,0.13573827,0.30358216,0.5579765,0.46162337,0.38406745,0.30752608,0.66324955,0.27549896,0.019336775,0.09960818,0.17139168,0.7485087,0.041536856,0.059584334,0.0,0.23276351,0.04295775,0.28827035,0.10921553,0.721583,0.5777013,3.5386837,0.007779519,1.0506213,0.2853773,0.2049406,1.9364088,0.031356134,0.07235649,0.041006856,0.33923674,1.4340781,0.08832071,1.1306239,0.0014514325,0.29937458,0.0,0.09545209,0.0,0.63171995,0.87394744,0.7564029,1.4940323,0.00088706537,0.2718641,0.3905157,0.22679918,0.8523484,1.5073217,0.44863102,0.37800103,0.56355125,0.4504965,0.25005746,0.051317733,0.074571595,0.12151171,1.2734162,0.08813739,1.029066,0.012175528,1.9374352,1.2987424,0.52908576,0.021264756,0.0,0.08115035,0.39139155,0.033998203,0.08374673,0.010913214,1.256042,2.5756104,0.103006266,0.10265332,0.06906258,1.1499227,0.55622977,0.59401625,0.08149248,0.6055542,0.18498561,0.06297195,all_pothole_images\pothole_images_enhanced_d5dac20fa1baa3bad65d68c23bdda900.jpg
0.5179164,1.2567927,0.2907826,2.4816022,0.22791527,0.13284042,0.4626775,0.0,0.7564887,0.3651647,0.27835584,0.1622172,0.43219146,2.8700948,0.005775605,0.15305208,0.04462578,1.5477927,0.33018622,0.007733369,0.05282407,0.35006508,0.3697214,0.5355205,0.050026387,0.0900598,0.25630733,0.5565076,0.044372737,0.3662918,0.5585397,0.14168978,0.5265706,0.6438988,0.08647681,0.743935,0.046833914,0.35355723,0.020363262,0.21643315,0.07281882,1.0649205,0.12498139,1.9988664,0.116870336,0.23154126,0.8130392,0.0588847,0.4869173,0.38133773,0.030567804,0.43459514,0.04108602,0.21575865,0.25979078,0.7566058,1.0044888,0.044844516,0.9692714,0.47045955,0.50385505,0.054078612,0.6715627,0.45131028,0.28326562,1.1811367,1.1060091,0.10478727,0.34412098,0.88242877,0.28457737,0.00057668716,0.052844435,0.0,0.10885526,0.07831247,0.15551841,0.14552487,0.024107061,0.026230479,0.12738861,0.54975736,0.9691875,0.8180087,0.22721802,0.1737521,0.031195689,0.01590481,0.5381409,0.24905847,0.46900117,0.9347543,0.0,0.39670086,0.14468314,0.32041886,0.5682593,1.6659415,0.04725132,0.0344921,0.14488384,1.9249346,0.060172483,0.37938192,1.1006703,0.6301584,0.29245698,0.013290286,0.99046963,0.8357852,0.46689084,0.6271662,0.116034925,0.48979393,0.21427092,0.011335377,0.89139235,0.5915748,1.5012997,0.32457486,1.1276894,0.40884313,0.09690162,1.0300905,0.023450013,1.1252904,0.19646962,0.3201445,0.39262134,0.2048973,0.68569994,0.041138317,0.13287634,0.25321883,0.11504825,0.50750685,0.05410857,0.105712146,0.16330256,0.04894475,0.9882528,0.0,0.5277561,0.7640397,0.13376981,0.42531854,0.011036731,0.6112613,0.45275855,0.32202113,0.29328904,0.055506986,0.106964774,0.08863287,0.62921804,0.034825966,0.42968172,0.58631885,0.4284305,0.7189169,2.2819707,1.5712965,0.0760059,0.16773702,1.2681507,0.0020951554,0.77901536,0.2730221,0.22100419,2.4246318,0.12418396,0.0798186,0.063281946,0.6905358,0.06500625,0.35670057,0.17762059,0.032619942,0.7650163,0.10387972,0.01827702,2.0551858,1.153732,0.105046816,0.26310584,0.6157173,1.461707,0.0,0.28256556,1.0632111,0.3545749,0.33079633,1.2698666,1.1321495,0.027865697,0.104148045,0.8600714,1.7578579,0.046408292,0.33384058,0.24014187,1.4878258,0.20437479,0.8433838,1.1704652,0.20444371,0.50094503,0.06658968,0.8692286,0.2708295,0.13831484,0.4133702,0.5339689,0.18153374,0.8968166,0.39345062,0.89642626,0.57735074,0.33871463,0.13031767,0.044756413,0.86463875,0.44684494,0.06900978,0.016388599,0.0031842531,0.96655285,0.6199916,0.8689535,0.08672444,0.2577835,0.063422784,0.10763375,0.34708306,0.3376054,0.17637153,0.526454,0.19030419,0.09465333,0.15475827,0.10562914,0.23279561,0.25788617,0.84048057,0.20565538,0.17479213,0.6285762,0.59776735,0.9789595,4.660682,2.1809196,0.09299242,0.101659276,0.18984063,0.0667254,1.6991329,1.2641523,0.4401088,0.31580496,0.47246355,0.46002468,0.27231547,0.3986368,1.318147,0.0,0.6070155,0.018453423,1.128009,0.3142504,0.07286259,0.15354857,0.24125713,0.2773923,0.9461553,0.68393433,1.0543013,0.77837,0.328877,0.48645532,0.020970888,0.8041743,0.27375227,0.09003487,0.2159623,0.19888549,0.35578543,0.6382132,0.18918045,1.8383129,0.13135692,0.05547282,0.03245306,0.008947717,0.73388195,0.17193724,0.15376619,0.5758343,1.5477626,0.36258346,1.1671612,0.08727291,0.10613385,0.027466299,0.030723523,4.8789654,0.16006166,0.11492122,0.66462743,0.008974211,0.4577722,0.5082995,1.1451149,3.564099,1.5301294,0.5329929,0.9735308,0.04624854,0.34295094,3.0818548,0.08011896,0.69923514,0.006127906,0.0704004,0.03893001,0.55905586,0.01662292,0.8763538,0.0025804115,0.040445648,0.1196164,1.9896766,0.13882229,0.05377662,0.0011760764,0.0,0.0,1.126388,0.14820753,0.35255685,0.03752675,0.027920898,0.2936288,1.0950253,0.5242152,0.115714364,0.2913247,0.27706456,0.32308668,0.21737054,0.20374651,0.7049009,1.0814228,0.07101354,0.031394467,0.1467354,0.43080676,0.023288682,0.6385512,0.08257049,0.17947492,1.0469044,0.70198596,1.866803,0.0,0.03848586,0.0,0.4480273,0.065764904,0.7217316,1.6623435,0.55596817,0.5027625,0.8829557,0.6522931,0.3097316,0.48089582,0.259185,0.010598985,0.25818208,1.0688132,0.31806526,0.10844647,0.08696796,0.7014338,1.5596619,0.55287063,0.8496133,0.0021828155,0.20609538,0.286024,0.7644358,0.41632396,0.024536286,0.6078045,0.026337197,0.24765678,0.41747054,1.7324569,0.48188344,0.100937575,1.4643981,0.3781662,0.1376988,0.30378938,0.38821387,0.09965437,1.180222,0.22130425,0.010035445,0.12075971,0.058099356,0.86335677,0.3100304,0.32383364,0.20123751,0.06702347,1.3585083,0.44301316,0.06501637,0.031272568,0.3192099,0.25569326,0.36161628,2.5577126,0.5021229,0.2601918,1.354827,0.010955806,0.109721884,0.6113078,0.25036773,0.54146636,0.042379506,0.06615649,0.09473458,0.8656696,0.30748513,0.44582078,0.4497099,0.0,0.20344572,0.74053735,0.29355162,0.003696779,0.6956142,0.0,0.29799613,0.30214372,1.1499273,0.8443281,2.0015056,0.16339564,0.22013779,0.61914384,0.8472875,0.59457386,0.21836334,0.55883163,0.14848182,0.84813297,1.5985552,0.34140784,1.4860647,0.11687821,0.085893095,0.05913705,0.0135259265,0.00018208839,0.23918547,0.18431231,0.64803356,0.8643711,0.48101413,0.45613027,0.05203581,0.24484886,0.057639223,0.7085093,0.737717,0.060428943,0.2368947,0.72393215,0.48349023,0.9072123,0.18832721,0.21598406,0.6916023,0.06890937,2.1899793,0.15115018,0.2766077,1.55522,0.0,0.18348922,0.046134852,0.0,0.13275675,0.002305036,0.31196076,0.10841103,0.07233955,2.3112223,0.37379315,0.45775935,0.6386117,1.1731106,1.0256996,0.43630365,0.3464947,0.057792313,0.15574181,0.41757125,all_pothole_images\pothole_images_enhanced_d5f24df638b82b55fe9a2078126e0626.jpg
0.03252881,1.0711097,0.16627815,0.40612826,0.5700337,0.020788178,0.2744707,0.17685343,0.0,0.30512413,0.21461508,0.49299574,0.39355537,0.09814675,0.00027520253,0.16623029,0.30366242,1.2770175,0.602855,0.21086673,0.20642716,2.123234,0.7372885,1.1056763,0.3849543,0.14883302,0.007805864,0.071384266,0.01866793,0.3553428,0.22605394,0.009623654,0.03153414,0.6771438,0.097463526,0.412998,0.4469614,0.06709148,0.78895736,0.61411136,0.30138645,0.24402066,0.017026335,0.06075267,0.6810259,0.0065983115,0.030883426,0.0,0.09170709,0.0048023,0.91270655,0.4419987,0.015421699,0.06807519,0.009333107,0.27718803,0.37652263,0.037849877,0.80354434,0.023176728,0.0039768135,0.12112936,0.2484086,0.0,0.25000954,2.5703027,0.40585014,0.22944006,2.0087671,0.36526784,0.0,0.64276934,0.004893514,0.0,0.03719814,0.027291162,0.095681965,0.3864469,0.0,0.008747971,0.0,0.06482572,0.43540695,1.12984,0.34234008,0.53969765,0.1822637,0.047129747,1.4473889,0.17584224,0.10312775,0.26024258,0.22278547,0.5152505,0.063210964,0.04970144,1.321841,0.42039844,0.034020394,0.0,0.43070897,1.1074115,0.114268795,0.03107269,0.39490587,1.4936943,0.0,0.10714385,0.0011597924,0.78336596,0.0,0.69571227,0.1647574,0.46642506,0.23851828,0.28482953,1.7721596,0.4075676,0.73567307,0.0838867,0.5103406,0.4419917,0.6907213,0.15977183,0.3498276,1.1121752,0.08514999,0.17863005,0.33879247,0.22084951,0.5003113,0.07304684,0.573823,0.1213889,0.016821062,0.45656243,0.12251774,0.0,0.8271419,0.0,0.34108877,0.38886657,0.19224209,1.2840861,0.07873978,0.0021137372,0.24180345,0.9422448,0.12939122,0.49936378,0.078261234,0.92843676,0.036026612,0.0,0.6648982,0.3616379,0.6992763,0.2305003,0.07042832,0.018759143,1.4348351,0.58027714,0.000730111,2.6330597,0.16470346,0.00040136455,1.2028083,0.016586995,0.74690956,0.6877014,0.22707713,0.015851011,0.0067738057,0.022275312,0.24665746,0.04381805,0.030214593,0.0034463003,0.400432,0.18241484,0.0055119055,1.062917,1.3629272,0.3583177,2.8429859,0.3526657,0.012322522,0.22976598,0.10801558,0.25221258,0.76552796,0.091155,0.10995382,1.0271167,0.0843478,0.0067135543,0.36794782,0.32744566,0.28662822,0.39910355,0.013141294,0.50584096,0.16105995,0.43817386,1.4786887,1.0461382,0.4496224,0.006057878,1.547041,1.1421449,0.0,0.06778005,0.1348099,0.34534898,0.0312317,0.0,0.49918342,0.022386337,0.37024754,0.12544392,0.20962636,2.999643,0.18292294,0.7196557,0.12799531,0.13650788,0.9856134,0.0,0.28404874,0.07552056,0.0,0.31439987,0.30874887,0.0,0.3692524,0.0074252766,0.29019663,0.0011516113,0.058539763,0.21834901,0.06592621,0.04527488,0.07464515,0.022298902,0.12194899,0.008142593,0.5558446,0.039252948,0.60827947,1.8920313,0.6688188,0.07308006,0.4359063,0.0,0.0019892745,0.41577202,0.27159086,0.4854564,0.16376297,0.748563,0.016884234,0.15476248,0.044314027,0.8966047,0.7282693,0.19883111,0.554549,0.42158094,1.9142789,0.32471886,0.07621419,0.2583164,0.09967446,1.0542979,0.20307413,0.6986387,0.55538446,0.06709639,0.33005026,0.055178627,0.38875827,0.11499507,0.15358543,0.0,0.20609681,0.0045333058,0.09289376,0.0,0.27973747,0.26793534,0.47661954,0.1848901,0.17855284,0.84031147,0.054067094,0.26586586,1.3115381,1.8911662,0.21889608,0.6211569,0.36087206,0.27280304,0.0,0.2599129,2.8450768,0.0069363136,0.14353561,0.29377866,0.016090423,0.20276858,0.32752025,0.33261275,4.477892,0.54644203,0.17547226,0.16843581,0.20360026,0.4235035,1.7074032,0.26653713,0.39425552,0.16252418,0.05181771,0.302982,0.11690105,0.13360177,0.11715712,0.034930076,0.577425,0.09517806,3.862298,1.0731734,0.36534646,0.0,0.0021571168,0.35098076,0.88377815,0.1454549,0.00015746255,0.021906465,0.01891776,0.12499199,0.5545756,0.026040537,0.0,0.93014055,0.036022488,0.059518114,0.09190545,0.4381474,0.03152331,0.30094948,0.15432121,0.025977356,0.19597863,0.41572344,0.00051667605,2.3268213,0.1971875,0.6305593,0.28181872,0.23510377,0.5862022,0.020811161,0.063974395,0.10295929,1.1457747,0.09679134,0.460309,0.022035463,2.3244996,0.19677609,0.2823782,0.2317056,0.5172715,0.11710702,0.00239928,0.20777349,0.094524354,0.19339284,0.3990059,0.118634164,0.29030448,0.6951663,2.4044387,0.06816142,0.3443552,0.04358767,0.44066748,0.6041093,0.24765188,0.8947067,0.053485107,0.09087082,0.06818387,0.08079973,0.21209624,0.83169454,0.5226797,0.08204884,4.272548,1.3294644,0.2040975,0.104080044,0.713263,0.0019264567,0.23881362,0.82437426,0.0,0.052440837,0.15681656,0.45379645,0.1731561,0.5388209,0.048280418,0.08150054,0.1088473,0.06393337,0.031358615,0.0,0.0708129,0.086609945,0.8245304,0.83869916,0.7856146,0.35345858,0.12652098,0.8201004,0.074462146,0.12756312,0.49277538,0.51423466,0.04209587,0.6408428,0.61770904,1.510943,0.38865077,0.08722019,0.02236216,0.2355442,0.09403832,0.41057134,0.15697841,0.3397654,0.40308064,0.28123498,0.714471,0.05903926,0.0,0.72817844,0.55512166,0.21381727,1.6723857,0.5701531,0.057407223,0.611632,0.24505052,0.07721718,0.40662563,0.31182173,0.6794849,0.24846251,0.8704011,0.0,0.024137694,0.24301691,0.04700833,0.007051735,0.16317312,0.011706344,1.1101669,0.73339915,0.032707177,0.012087436,0.43188542,0.0012941008,0.09776447,0.44692728,0.26986852,0.066561885,0.18945074,1.0235795,0.615749,0.20069425,0.0,0.25880042,0.22610895,0.018046008,0.42403877,0.052604206,1.2078462,1.280438,0.038356137,0.13087009,0.021639483,0.04320816,0.29845807,0.23203363,0.011549203,0.031265505,0.32136488,1.863559,0.058058087,0.22828569,0.0,0.14290945,0.036396407,0.53376937,0.5900687,0.6784445,0.029794415,0.43047473,all_pothole_images\pothole_images_enhanced_d5f2a0afaca971050e6c1fec21f34761.jpg
0.86588097,0.99192214,0.3590843,1.2031064,0.8658628,1.129883,0.9652873,1.6593742,0.91554135,1.0112783,0.96701235,0.2428234,0.03618961,2.4785318,0.5290689,0.21097465,0.17819251,0.7273404,1.2487929,0.4065997,0.9273992,1.2933254,0.32481498,1.7066406,1.7723279,0.7409214,1.8167391,2.329566,2.0371475,1.1421663,1.2803127,0.7350676,1.6761893,0.009310521,0.022570252,0.4478047,0.22235422,1.1745539,0.050321948,1.3221986,0.9262315,1.0185984,0.39104456,1.1817682,1.2702171,0.25857416,0.7646335,0.6387623,0.4485367,0.11263449,0.9603483,1.9214861,1.0612308,0.10707106,0.5681838,0.34513894,0.8489071,0.16424944,0.010043001,0.3418946,0.617282,0.9554494,1.2497541,0.49498895,0.511676,0.9564732,0.38972935,0.046459064,0.14407134,0.19655986,0.027103258,0.7853279,0.09657275,0.18926537,0.45200893,0.4439814,0.51964045,2.3739092,0.047121212,0.44831097,0.1559475,0.06615406,0.5424146,1.3631643,1.2889727,0.65635335,0.42210674,0.10193231,3.8122685,0.30396912,0.23198014,0.3629924,0.22234784,0.44710442,0.0,0.087215275,0.58107656,1.3182373,0.44714642,1.3965846,0.05770706,1.6352593,0.47414106,1.2051582,0.10271646,0.6571023,0.244314,0.369952,1.5005149,0.11753707,0.8479936,1.0142764,0.92192334,0.4553952,0.72777367,0.8501018,1.4467534,0.4494058,0.26261768,1.0961674,0.58776206,1.6059967,1.8518311,1.7142047,0.16222511,0.19420129,0.3497889,0.806464,2.123884,0.45601755,0.19819412,0.7862353,0.27795854,0.84489423,0.14883792,0.34040737,0.44706205,1.1683545,1.1794747,1.0148323,1.7801791,1.697379,0.63259137,1.6168194,1.1933324,1.9535717,0.12979971,0.33878905,1.1712438,1.8391004,0.5543244,1.2421201,0.07886459,0.51655304,1.9567683,0.21945623,0.48196197,0.6099656,1.0702679,0.37254733,0.7865454,1.6304972,0.41564572,3.3333077,0.17531127,0.8154361,0.4482593,1.4828956,1.9198259,0.07150829,0.050807476,0.0,0.57969064,0.3172105,0.7825305,0.14872694,2.2294712,0.10956791,0.5348145,0.6618465,0.35410437,0.9043447,1.9103782,1.5030253,2.0338957,0.63590884,0.6061918,0.538159,0.45581037,0.64273345,0.5349819,0.76748085,0.54094195,1.5266309,0.59398174,0.094731145,0.056135654,0.9197168,0.95858467,1.1485964,1.049931,0.7710836,1.5082929,0.8618056,1.6142609,1.3002975,0.13071416,0.8538498,0.9002201,0.67358285,0.9654361,0.6498418,0.96396285,0.8668898,1.1336682,1.5162996,1.0765063,0.040976573,1.5304135,0.44976136,0.9664187,0.009715053,0.5272216,0.1982457,0.42374918,0.024326626,2.0343275,0.030097716,0.66602093,0.33149573,1.1101302,1.234651,0.012742048,0.78876853,0.5458668,0.96934766,0.6201447,0.30940977,0.38065383,0.28688875,0.9221124,0.2973151,0.8952327,0.4671981,0.5426282,0.17711842,0.6793091,0.2573565,1.0725116,2.680246,1.0617757,0.03778594,0.33352992,1.1977412,0.23847249,1.7500033,1.3191327,0.73003423,1.6284648,1.3726233,1.624247,0.34863475,0.41115212,0.29159194,0.14970157,0.03698962,0.60458547,1.0676829,0.32034513,0.9543323,1.342503,0.20020035,0.9358089,0.8585485,0.4449487,0.30640733,0.18526213,1.8451798,1.0472381,0.39388788,0.68546385,0.6196125,0.9170461,1.2948079,0.5233955,1.0250458,0.719793,1.1176949,2.1787066,0.47787738,0.29374737,0.7439013,0.13259651,0.44579583,0.5213532,0.5983383,1.0739686,0.5549537,0.21078643,2.3200116,0.3372778,0.5609927,0.3311204,0.58001655,2.472619,0.7155587,0.5301354,0.97923106,0.2930443,0.028501753,0.5123297,1.6248912,1.9754744,0.5527687,0.045994584,0.41606295,0.43506253,1.1891553,0.5881477,1.1951723,0.15216002,0.75745374,1.18988,0.1004062,0.49430838,1.2662287,1.8741537,0.13975336,1.5326303,0.48176488,1.877853,0.5336114,0.29103932,1.7075251,2.283955,0.43488747,0.6557905,0.70110244,0.20699564,0.59439725,0.7012218,0.7156057,0.6334236,0.42155018,2.2450855,0.26755387,0.79143673,1.4464467,1.2556429,0.96297836,0.66862065,1.3305532,0.5177082,0.12846619,0.5290414,0.7435352,1.262284,0.43536702,0.38272506,0.62402225,0.34683016,0.74850875,0.6239281,1.0068375,0.12713648,1.3761054,1.1743575,1.6845088,0.54026437,0.0025769752,0.46117035,0.5047112,0.51793313,0.46029794,0.41683403,0.4452099,0.42059356,1.1283514,0.6701988,0.6333435,0.24989821,0.16898054,0.17043713,0.78063536,1.9676704,1.5421358,2.5913584,0.42234015,0.07759236,2.2566674,0.9424904,0.39663607,0.5429751,0.5411701,1.7821568,0.10947414,1.2473584,0.6583132,0.081490025,0.24338484,1.4405102,0.44363427,0.028081397,1.9410192,0.6915243,0.5127379,0.034600448,0.13770649,1.9317808,0.17961644,0.049806505,1.4512713,1.3840684,1.7609866,0.11191791,0.5971801,0.5502116,1.805712,0.47922274,1.4615214,1.0641785,0.23249258,2.5710604,1.8455492,2.0288746,0.6956003,1.3218732,2.4375098,1.1886079,0.384379,0.49060377,0.61032766,0.6407053,0.4051768,1.1197757,2.057814,0.728519,0.8665274,0.35975322,0.51205647,0.40343317,0.22937317,0.31298274,0.030722382,0.26897308,0.17696275,1.8590181,0.5396122,0.42228433,1.3059893,0.5281556,0.12247497,0.48086873,0.34526408,0.831366,0.48324427,2.099136,0.46403962,1.2574328,0.2772944,0.6849543,0.83590585,0.80576867,0.4168239,0.6916818,0.2494289,0.6951184,0.16825715,1.9984187,0.47153878,0.92880136,0.6871066,1.2650152,0.17214043,0.35588872,0.37827775,0.30562517,0.6324979,1.5501059,0.58148247,1.7682922,1.5002744,0.36860862,2.1699762,0.17673963,0.39099973,1.90348,0.13540712,0.77251023,0.9544312,0.3928604,0.9561643,0.41521874,0.82310253,0.15426482,0.20929518,0.6346943,0.052793343,0.09395817,0.10606797,0.34644768,0.67773294,0.6767813,1.6222023,0.38905874,0.004594397,0.17215678,1.1834768,0.60113376,1.0730027,0.2788834,0.77831715,all_pothole_images\pothole_images_enhanced_d6378d7d2f35cd92454ea1eef4443d73.jpg
0.22594152,0.8379088,0.33248892,2.038858,0.81659865,0.029813513,1.1194178,0.22470921,0.073357746,1.5336024,0.06720388,0.398829,0.18660942,0.63548565,0.10049032,0.07995835,0.104960896,0.45947877,0.9138395,0.21681836,0.012431669,2.090653,1.2873318,0.6078748,0.19994228,0.3522781,0.3853408,0.6340162,0.04790974,1.0984057,0.5934421,0.0,1.0525233,0.054189753,0.08928719,1.1397805,0.77604985,1.6074084,0.16748944,0.052170858,0.0,0.07916685,0.023165548,0.42193845,0.3249214,0.25528997,1.1241839,0.0,0.3150334,0.3559108,0.449675,1.4227666,0.54206276,0.102059714,0.0,1.248044,1.4859482,0.0028076102,0.13174498,0.09096638,0.41745165,0.0029876432,0.896993,0.24951224,0.7436499,0.6474172,0.17741705,0.06932068,0.62351185,1.1919329,0.650317,0.049898185,0.0062497244,0.30284333,0.46090534,0.174438,0.02135739,0.3157459,0.28470793,0.57704717,1.55468,0.04637471,0.016539939,2.1359875,1.6349037,0.7286134,0.54219407,0.074708275,0.78584135,0.60258424,0.12809037,0.1114689,0.0,0.6758863,0.19640338,0.035066694,0.8569113,0.0016725701,0.090546064,0.754452,0.24766468,2.3426914,0.65234554,0.0,0.51678604,0.0,0.6346672,0.3557525,0.54929733,0.17141028,0.12266504,0.21768446,2.6086712,0.235538,0.62428945,0.018540902,0.9125098,0.43558475,0.97560245,0.75883436,0.26909646,0.41175893,0.6885476,0.24416354,0.1808706,0.65481955,1.8561012,0.514638,0.8830728,0.04399208,1.3765,0.004258633,0.18827203,0.04208647,0.036742993,0.89218295,0.03918089,0.6090643,0.45364815,0.37283325,1.1509615,0.04984172,0.03480808,1.3656863,0.13747133,1.6811591,0.0,0.60841835,0.6686132,0.0051152385,0.23347087,1.4745153,0.1858714,0.02135717,0.8557047,0.3960895,0.53582734,0.06584394,0.9844592,0.057589307,0.36123073,0.18806282,0.18981542,3.3805075,0.51070535,0.6379214,1.3606731,0.6892611,0.7674204,0.014493465,0.112227805,0.07604655,0.24722442,0.42505506,0.20744884,0.0,0.4599334,0.13951892,1.2795539,0.017612845,0.06526226,0.84721327,0.74956495,0.20941585,1.6377757,0.08902531,0.0,0.4259107,0.18027157,1.1026459,1.0635251,0.0063494076,0.0,2.5882053,0.14661776,0.07831759,0.042348772,0.38903797,0.028343605,1.5212196,0.5759538,0.4984953,0.4958689,0.40924066,0.7111356,0.0587002,0.8739526,0.41553184,0.7515689,1.3139391,0.039420813,0.4878787,0.7470197,1.285976,0.42503387,0.66839707,0.28174442,0.21986046,0.090574,0.15508673,0.9033118,1.5619248,0.27008826,0.036605313,0.023561569,0.21599188,1.051168,0.0,0.24053355,0.09918608,0.29303917,0.33447954,0.36544862,0.00054870296,0.555344,0.06748363,2.1225395,0.111676835,0.068302885,0.048671238,0.34626952,0.20149122,0.07587324,0.08837386,0.24635637,0.0,0.21329238,0.63230586,1.1974021,3.220015,1.7033377,0.0,0.23125301,0.01682934,0.056505922,0.626913,0.6890256,0.32487643,0.2002776,2.9290884,0.18418594,0.3444388,0.72897935,0.04331397,0.044552486,0.13779801,0.23214966,0.35436475,0.8402855,0.08553365,0.026652796,0.0989383,0.04889751,0.7031962,0.1823284,0.6691685,0.44022945,0.3290004,0.104352936,1.2412542,1.2134477,0.030212888,0.47996894,0.2787686,0.030519111,0.013727992,0.34213275,0.59872574,2.5127053,0.13353997,0.119404666,0.0,0.12185512,0.55411386,0.026498502,0.730667,0.3964877,2.9798198,0.0083426675,0.2103426,0.16763929,0.73005295,0.19282691,0.020901369,6.8761554,0.8869556,0.049548578,0.2774288,0.035366166,0.74120003,1.5144142,2.0789003,1.728709,0.35022163,0.49081263,0.7528267,0.020272959,1.3542958,1.0295135,0.07812082,0.10485213,0.44019064,0.0,0.32768148,0.41551208,0.34868094,0.559548,0.072637185,0.5875151,0.023798507,1.9013587,0.5318966,0.0559221,0.7475745,0.046121236,0.5165811,1.1956966,0.3110979,0.083534606,0.0028587214,0.74431586,1.6232626,0.16110897,0.31436098,0.025478868,0.15479425,0.6091403,0.12366502,0.115808785,0.50535715,1.0898068,0.05361653,1.1959741,0.07273589,0.10643251,0.10444054,0.33098364,2.5630403,0.45602018,0.12082355,0.2666992,0.35533524,0.33886254,0.080025725,0.0,0.09712763,0.7175006,0.0097434595,0.045143876,0.27550915,1.1309074,0.05826407,0.4850137,0.0,0.007816169,0.31726062,0.3029815,0.0,0.96359515,0.90417075,0.85250026,0.023903921,0.06308218,0.1079436,4.008541,1.1105403,2.9413197,0.064399734,1.3534228,0.49561584,0.0020199134,0.43999103,0.0073771216,0.842314,0.036992483,0.0,0.5830681,0.346578,0.11751747,0.3665287,2.5206761,0.29937974,0.35949734,1.5266985,0.29088792,0.13047193,0.21041921,0.6436929,0.20663163,0.0601784,0.60933864,0.10762063,0.0,0.17926484,0.014509773,0.13879617,1.0784858,0.4363233,0.62347955,0.0,2.1351628,0.283337,2.8230896,0.45084825,2.2608342,1.2107956,0.59840214,1.0773653,0.64383936,0.3136567,0.03492514,0.62528217,0.034709115,1.096862,0.22794233,3.34924,0.9646516,0.15782852,0.13458699,1.1973516,0.4861141,0.4691746,0.29526517,0.19348279,0.3673912,0.0006352308,1.3138067,0.004838586,0.17370525,0.47749093,0.400057,0.13855444,0.21030521,0.9919898,0.33321375,0.63078135,0.5039089,0.23714708,0.13562474,0.03879484,1.5017061,0.17695786,0.9970284,0.29173723,0.25962687,0.10965383,0.002933195,0.0,0.66551,0.8316951,0.21524684,0.925157,0.5951953,1.4733338,0.32094496,0.4485227,0.11301163,1.2655886,0.41791236,0.09254646,0.21463728,3.6359131,1.4618129,1.3001245,0.0,0.8290785,1.2725787,0.14472799,1.3909775,0.20354602,0.19137375,0.27294645,0.6706057,0.03655207,0.22946249,0.108230576,0.2578234,0.0748129,0.3655265,0.20586926,1.4229416,2.8257053,0.37764615,0.12640747,0.29779485,0.20097086,0.1091139,0.64083886,0.04622072,0.06500004,0.66167223,0.124946184,all_pothole_images\pothole_images_enhanced_d652a3b43d8c8e18018d2284348874f4.jpg
2.4892569,1.2011716,0.096495986,1.5603048,0.6417175,1.23576,0.3632454,0.0,0.7872308,0.2283965,0.24394478,0.07492826,0.25888023,3.9423435,0.8588342,0.2967193,0.1086162,0.22025499,0.81524086,0.37197575,0.93801814,2.114447,1.6150774,1.4188066,1.8869834,0.21619785,0.39367947,1.5681009,0.44564608,1.0143056,0.38019398,0.7041687,0.78852206,0.13310441,0.81296396,0.12767667,1.2257208,1.4295568,1.0700874,0.14067261,0.14304543,0.57452214,0.8030244,2.0605772,0.64563406,0.39168885,0.0,0.15855771,1.7141805,0.4301739,1.4464643,0.024988202,0.5631999,0.37288755,0.034472037,0.07321078,0.77620673,0.045273438,0.26399535,0.5932271,0.20256935,0.034095034,1.7822477,1.2239056,1.189728,0.01537106,0.60333484,0.082493894,0.06269752,0.39556506,0.64159226,0.5636994,0.2095487,0.8091658,0.31036556,0.8714527,1.2805961,0.77242947,0.17975013,0.087921984,0.57647896,0.703742,0.2737176,1.7219504,0.5293136,0.65919673,0.13857374,0.0030244046,1.9742124,0.005312262,0.58341634,0.9400768,0.81425226,0.6563606,0.30806646,0.056762364,0.8720935,0.25699326,0.089753255,0.5169507,0.09309177,0.4165727,1.3788086,0.090915486,0.2617006,0.6488097,0.79616636,0.112750344,0.02328368,1.0419873,0.7671327,2.1191337,0.12129273,0.0043606292,0.320839,1.2539189,2.2125742,1.1302177,0.64279526,1.0368967,1.2121161,0.3262165,2.597384,0.27407974,0.31637844,0.13988894,0.010412825,0.022509132,0.9102669,2.7190073,1.6882825,0.5379366,0.55204123,0.3226898,0.008641628,1.7062482,0.5612645,0.043202087,3.008371,0.013907311,0.62587976,0.42549348,0.106129564,2.2782304,0.8059902,0.087273665,0.3578392,0.08957417,0.24340734,0.2977898,0.37747344,0.35507798,0.47451097,0.59385514,1.2775158,1.9275858,0.75320446,0.79157495,0.6404988,0.3449036,0.523864,0.1320473,0.83804286,1.5900029,0.65306824,0.052263282,0.44570112,2.0810378,0.6992837,0.855299,0.96357834,0.14360012,0.01357199,1.4878477,0.02388184,0.34329596,3.430096,0.25523573,0.12843618,1.3620876,9.830482e-05,1.1334529,1.2575667,0.3082505,2.9070303,0.69145435,1.1842434,0.011469243,0.07901881,0.08232206,1.9984595,0.06184408,0.261444,0.160633,0.49141434,0.27350482,0.802756,0.5285216,1.7185389,1.0353298,0.13344601,0.1458876,1.2940322,1.1584352,0.33407822,2.6364028,0.21226643,1.1872725,0.58658713,0.002868779,1.2506007,0.68628186,0.97360307,2.0441985,0.62185705,0.16310674,0.55238813,0.06773607,0.5757328,0.24498141,1.0461227,0.1491876,0.63575524,0.44606888,0.00026234885,0.40228876,1.424963,0.61621,2.6913323,1.0341442,0.20328021,0.88574374,0.26415136,0.28927636,0.90773237,0.42067686,0.74581194,0.6272696,0.12131403,0.23020706,1.3916949,0.05436132,1.0989534,0.1351737,0.024259767,0.01012088,1.0609443,0.8458104,0.7264236,2.7676075,0.09261273,0.082887866,0.01798749,0.17687136,0.0,0.44826794,2.1000588,1.1993283,0.264734,2.0596218,1.721166,3.6668258,0.4737596,0.34757677,0.27615824,0.62600386,0.03324991,0.65465593,0.93500346,2.9161308,6.423221e-05,0.047427185,0.53946996,0.01990267,0.18546665,0.7841945,0.68446535,0.38163736,2.402363,0.2114749,0.27936533,0.7152084,1.2422192,0.15039037,0.97829527,0.56181437,0.878565,1.3483557,2.0622177,0.36142442,0.13307129,1.2713989,0.3665294,0.2533611,0.10124814,0.8938447,0.5003889,0.23264837,0.56442153,1.2183092,1.2601908,0.7653231,0.0,0.008909941,5.864873,0.5351735,0.3487122,0.67389303,0.55132926,0.059048533,0.13636385,0.41865718,4.5548306,1.0122132,0.022416525,0.26658782,0.028112113,0.38830316,1.6946268,1.453408,0.12648381,0.3519402,0.8446974,0.85082734,0.6069004,0.010023863,2.343603,1.6972567,0.26012468,1.6333171,3.7483056,0.73041666,0.1465577,1.433178,0.19240566,2.8939543,1.1640812,1.2055281,0.23379155,0.2112285,0.2367651,0.9527739,1.7033798,0.3868046,0.033377185,0.023288108,0.10322215,0.24532606,0.95889217,1.161556,0.014815683,0.45493603,0.40352637,0.31661826,0.90162313,0.12609841,1.371182,1.2001066,0.37875688,0.5484741,0.9593828,0.4074893,0.10509113,0.2597373,0.6062528,0.031723488,0.5073084,2.9300387,0.52911717,0.11587963,0.72626096,0.34667403,1.0372784,0.56024927,0.49393818,0.7877507,0.010188441,0.7123187,0.5236625,0.27485877,0.80948776,0.08182084,0.45842063,0.50832313,2.662909,0.36790177,3.9300284,0.6338263,0.19008836,2.1784987,1.6745948,0.11807497,0.23434405,0.5329132,0.56867546,0.17548245,0.24042708,0.9624652,0.5236985,0.011786251,2.1617706,0.44654363,0.07771978,1.7972717,1.1550188,0.47991702,1.0531318,1.0950543,1.5153517,0.07771053,0.052136105,0.07651962,0.44444135,0.32574734,0.099365756,0.87060905,0.03627472,1.8095984,0.06940785,0.07084314,2.2897801,0.16030344,0.7863355,0.37960878,0.571582,2.442311,0.14567024,4.3080087,0.22468306,0.617424,0.07184796,1.2857989,0.085527934,0.4569727,0.25101203,0.92193973,0.20167331,1.0024935,0.30998552,0.08635173,0.9285303,0.28932285,0.047749963,0.019443695,0.07186873,1.3694872,2.9122782,0.20502545,0.49318266,0.3394071,1.2705683,0.8637126,0.39338925,1.3635098,0.34858096,0.056563444,0.8338224,0.116986156,0.024557274,0.6140575,1.2892342,0.43148383,1.1347296,0.015552414,0.338382,0.25193316,0.029260173,0.6127416,0.022981511,0.68212926,0.14789028,0.2712152,0.89126736,0.5637488,0.8284186,0.0,1.1641815,0.4355474,1.5411682,0.32963085,0.061192892,2.3375788,0.22428037,0.38040385,0.39731863,0.5194835,1.0864891,0.20658393,0.49915168,0.37197754,0.3885384,0.53943443,0.23443027,0.33145025,0.0008613672,0.058425695,0.3540914,0.68138355,0.008423812,0.79282004,0.3687191,2.594229,0.872186,0.35337034,0.1918245,0.15570666,0.3917335,0.8819295,0.055851307,0.8517383,0.049142938,0.3512542,all_pothole_images\pothole_images_enhanced_d66525349834790fb01d4c879fa85936.jpg
0.6990367,1.9915626,1.3186507,1.3768338,1.1256881,0.8961966,1.0212059,0.034839,0.2024788,1.3590746,0.69496673,0.0006732916,0.1380337,0.83427566,0.23715894,0.76481247,0.1710686,0.95722646,0.6053465,0.17465727,0.4609622,1.6648737,0.94539976,3.1590145,1.1780311,0.16869037,0.12174322,1.3171681,0.0069910735,0.50086975,1.3425782,0.1047687,0.31685364,0.8819901,0.45764178,0.83574474,0.5024467,0.21524553,0.5175214,0.72225547,0.23541051,0.11332732,0.09397995,0.22883213,1.4842286,0.10582663,0.2022837,0.11796982,2.1539705,0.32975858,0.023041049,0.20320205,0.2620356,0.024213778,0.23334517,0.44617197,2.0896444,0.14719246,0.3083565,0.3974709,0.1292819,0.42449194,0.83926886,0.107678935,0.0046296045,0.42691794,0.17176203,0.5412863,0.32387817,0.36197475,0.04367145,0.22263229,0.97186077,0.13340689,0.24201077,1.3765439,0.6963033,0.34975955,0.02261221,0.8136965,0.00680143,0.11090708,1.3350929,0.75605834,1.2506807,0.79556054,0.061830793,0.24548793,3.7681549,0.71057844,0.12510566,0.578299,0.19696721,0.0375515,0.25070983,0.1422625,1.1958143,1.5296307,0.389774,0.085724816,0.13398598,1.5218481,0.31131545,0.54659694,0.47078985,0.54684174,0.11783698,0.18178612,0.7023441,1.6825149,0.40480658,3.584513,0.18857677,1.7513088,0.27098143,1.0521278,0.7944619,0.18143421,1.738164,0.84886986,1.3528701,2.0937629,0.43581215,1.4021896,0.6521582,2.03036,0.12661274,0.19549021,0.11408371,0.46431133,0.3731087,0.042767048,0.24407797,0.42207354,0.1573938,0.21692708,0.054993983,0.3826682,0.028778179,0.006229222,0.3637303,0.9079562,0.12692465,0.8687112,0.06708211,0.33511397,0.09916673,1.0882535,0.32815248,0.38412353,0.9019876,0.10581329,0.072125465,0.037578788,2.3855357,0.37278855,0.49939477,0.9790075,0.8610455,0.2303149,2.7512228,1.7053686,0.30172887,1.6147513,0.88038635,1.1850799,1.0504667,0.05024004,2.2021337,0.5297494,0.17624462,0.049810797,0.30158323,0.3543695,1.8148504,0.15522714,0.48005745,0.0072494936,0.0,0.1349559,0.00061133987,1.7061876,1.1601213,2.2621267,1.2931648,0.502639,0.5086743,0.17751089,1.3575956,2.2017627,0.366611,0.49982744,0.0066883927,2.2660558,0.73261726,0.09888501,0.3713289,2.369016,0.05254451,0.4206834,0.33186662,0.69899446,0.4047688,0.10057449,0.90967464,0.3322411,0.30055717,0.10069677,0.6536464,0.67665976,0.29668882,0.4613359,1.0459322,0.89471895,0.2537547,0.72148037,0.70214236,0.0549673,0.5677588,0.10729556,0.29685292,0.047248464,0.4108284,1.4923271,0.26311192,0.0014874886,1.0073835,0.34681803,0.64656144,0.151217,0.014839467,0.2603011,0.60645014,0.45756805,0.6851145,0.4237295,1.4507468,0.1440163,0.2205087,0.017629078,1.1943797,0.4112748,0.26192787,0.3516075,0.0027335573,0.09678448,1.2832812,0.022461643,0.109513186,3.6676655,0.3641826,0.039085206,0.74416554,0.18575427,0.47483227,0.16832565,0.4805933,0.8441476,0.26843432,1.3438827,0.24356692,0.025396664,0.82885444,0.24912009,0.08561959,0.46195912,0.96488166,0.123136096,1.9836315,0.10720257,1.038776,0.007912619,0.17311905,1.129889,1.1923519,1.4954844,0.559903,0.25127232,0.24624841,0.63538474,0.015597425,0.021137893,0.91706735,0.10960442,0.3536616,0.40259928,0.19944853,0.33702508,0.19579016,0.5149165,0.43495128,0.9170896,0.24162582,1.8429973,0.30078137,0.2369133,1.2556219,0.82994044,0.17437261,1.0083485,0.1564777,0.22424333,0.0069303876,1.6674445,2.4100502,0.69650304,0.002059835,1.1069231,0.46828976,0.04000489,0.31144154,0.7453069,4.577235,0.6557552,0.033417404,0.17069055,0.043086924,0.49644,1.4838903,0.05767421,0.9069696,0.13453496,0.47570336,0.10225693,0.68488437,1.1151173,0.09617926,0.5856716,0.6742433,0.35529283,2.2550628,0.045753796,0.20486136,0.0,0.0,0.50892115,1.3653007,0.0,0.15978508,0.13596153,1.0542375,0.50382084,1.4314922,0.027010735,0.58529025,0.12754454,0.25626233,0.0,0.0,0.17455198,0.22828205,0.8814098,0.13288136,0.0049360204,0.22490902,0.33613262,0.8345607,0.18230014,1.3339255,0.73655045,0.2044712,1.1949224,0.649454,0.09181135,0.04354845,1.1043922,0.5283867,0.13194135,0.7311406,0.48507184,1.0987096,0.63576615,0.41701838,0.026752928,1.37029,0.5177725,0.50631416,0.23742247,0.012060114,0.36183625,0.4861574,0.13578236,1.063439,1.2442858,2.3646796,0.42463586,1.4466105,0.06554629,0.4770446,2.212967,1.3327478,2.508446,0.57928723,0.7009402,0.013283018,0.13302357,0.38228518,0.41101378,0.32454064,0.18137012,0.41615248,2.0518563,0.5485327,1.0405422,0.20061003,0.021865968,0.26312602,1.0813893,0.15833649,0.29538485,0.19906437,0.8570573,0.195655,0.4326954,0.02684513,0.14847414,1.2215208,0.047249306,0.40501404,0.27473265,0.7406887,0.18480137,1.5525091,2.2276235,2.5891864,0.48141456,1.2407492,0.7427971,0.0879188,0.65294504,0.565911,0.6731721,0.18490411,0.37530994,0.8674044,4.5358,0.4808537,0.27501276,0.15889981,0.7604562,0.38258678,0.2728171,0.07961036,0.2634595,0.37906125,0.06506647,1.0722194,0.32578036,0.44106624,1.2167706,1.3067639,0.93205726,1.0552765,0.63280046,0.9109851,2.1551895,2.4415247,0.90185225,0.73720115,1.2369021,0.46763733,0.032729466,0.9700819,0.4254694,0.53715926,0.827045,0.098423876,0.032840904,0.5551807,0.578333,1.4474936,0.31300527,0.010475736,0.21322794,0.83673656,0.9585518,0.011414929,0.28563797,0.32571664,0.4006815,1.6236084,2.8502104,0.44144166,0.29680175,0.005477288,1.1992352,1.7196568,0.7721248,0.07888522,0.052708857,0.43324763,2.636482,0.21778598,0.0,0.08049024,0.15423259,0.65839523,0.08320745,0.46785307,0.37190187,0.10198005,3.095209,0.5572206,0.29907992,0.18036082,0.17668685,0.12829776,2.2834373,0.18742456,0.9856529,0.67845416,0.7203088,all_pothole_images\pothole_images_enhanced_d66e5fa9f3c748dd17a95207d32fe511.jpg
0.5448393,2.7584538,1.8349229,0.9841772,0.35682276,0.0,0.16464798,0.07574452,0.17182739,0.35953647,1.2013824,0.110656776,0.4645774,2.0479877,0.3781693,0.28974867,0.81376415,0.18582581,1.3326082,0.22554539,0.30121616,1.0660123,0.8123373,2.460312,1.4315008,0.48464513,0.17633612,1.3189974,0.22981809,0.11646568,1.9121069,0.5197906,0.25929365,0.28113797,1.0210379,0.47569686,1.0811607,2.6095824,0.3372068,0.5418588,0.108637586,0.0,0.48641375,1.79224,0.39552987,0.0654263,0.0,0.2331748,0.21162818,0.36565816,0.40074685,1.4638954,1.0764781,0.16339786,0.42297378,0.22373432,1.8130947,0.10625067,0.47004223,0.13479254,0.018138813,0.4219698,0.2072538,0.0,0.27582732,0.97020423,0.23470987,0.16741885,0.9681352,0.06912391,0.4396445,0.10548773,1.0001469,0.25013074,0.65905976,1.1706257,0.3174198,1.0475887,0.23873195,0.34817135,0.26206675,0.014422464,0.021010917,0.89262825,0.8351527,0.21089719,0.12178445,0.39992765,3.7811558,0.11857243,0.2578268,0.016763085,0.21585149,0.33779016,0.21044174,0.12837735,0.7532294,1.6609662,0.3115275,0.085198,0.1616826,0.78199255,0.48598942,0.8208487,0.948923,0.9331951,0.21418162,0.14784838,0.004840744,0.90732324,0.36201364,1.223151,0.37164235,1.4256939,0.9699347,0.036433823,1.166037,0.27649212,0.59928334,0.46802017,2.752411,0.09541764,0.34660402,2.0598056,1.0927795,1.0737059,0.5376236,0.02680757,0.18637708,0.6091816,1.0136715,0.025856014,0.15471992,0.23075631,0.9309594,0.19686387,0.20924467,0.23406386,0.28029075,0.3572137,0.24809878,0.31133914,0.58967006,0.7004446,0.38528678,0.30887544,0.007036444,0.4561225,0.18348657,0.97425383,0.9053426,1.0268437,0.040824924,0.20201558,1.0820719,0.04652855,0.12077145,0.22979794,0.08107724,0.2452028,1.9742265,0.48186713,0.41526005,3.459847,0.003582413,0.67295814,0.8266653,0.03850432,0.31266192,2.6407902,0.44954064,0.36820552,0.21895792,0.13347015,1.803402,0.21754375,1.3253359,0.071764916,0.005486961,0.53905773,0.0,1.6258199,2.3688846,2.2801828,1.0339148,1.5843005,0.044494532,0.13641244,0.97797805,0.6771709,0.20859784,0.6917979,0.30613804,1.522052,0.100718796,0.19038744,0.57733476,1.0050917,0.13582115,1.3317481,0.011123118,1.067607,0.070322365,0.14735867,0.44895825,0.67042166,0.19053614,0.3796302,0.09562025,0.0,0.23746634,1.3113319,0.7540924,0.8374303,1.3330253,0.59710085,0.5839089,0.21883923,1.2052191,0.0,1.1160794,0.01074028,0.30811948,1.0523543,0.0,0.34021664,1.451468,0.39803928,0.35055113,0.8056698,0.22578955,0.14484894,0.35556096,0.40261412,0.1420643,0.83295006,1.3681265,0.43538225,0.0429002,0.0,0.5860172,0.30579972,0.72872084,0.5861049,0.15205145,0.40954694,1.0702829,0.0,0.16512822,2.1814797,0.174725,0.12715407,0.05088425,0.3756996,1.0444824,0.0012741417,0.50784296,0.0067361617,0.41120216,0.55580753,0.16975123,0.2008316,0.7316715,0.018226825,0.6226829,0.7366143,1.4074361,0.26657078,1.570247,0.39873025,0.22202256,0.003271745,0.7572513,0.8035434,0.26037353,2.758515,1.0847104,0.45064527,0.5824626,0.2728534,0.050250627,0.26090237,1.955813,0.8031746,1.1642028,0.38426846,0.46468657,0.9923513,0.5927537,0.023704957,0.7025808,0.38405228,0.0017738299,0.5110035,1.4393038,0.5357349,0.60490847,0.0075751017,0.5917477,1.8475323,0.5835935,1.490233,0.14689878,0.757341,3.679188,0.12493731,0.21460123,0.19689529,0.7097059,0.147758,0.26305225,0.5624768,5.4204836,0.58877987,0.0,1.1478571,0.62996674,0.586678,0.95124435,0.2645813,1.2370358,0.39832744,0.688495,0.0,0.19731268,1.6214002,0.8256753,0.29951346,0.85610354,0.5349824,3.3762512,0.13377446,0.23602152,0.04117655,0.32252875,0.8327624,0.73569447,1.2860466,1.5932952,0.076484345,0.896462,0.2850872,0.6951272,0.2768212,1.0347799,0.07650896,0.44333193,0.010938987,0.22744478,1.0885327,0.0,1.0913411,0.21596889,0.3092246,0.20802097,0.01276478,0.1380557,1.1191936,0.6037988,0.33710557,0.3920829,0.20082496,0.8255058,0.954578,0.04618969,0.86661917,1.5098766,0.17885324,0.11521373,1.156923,1.58717,1.7905426,0.055296097,0.62911236,0.77470374,0.36450058,0.118162915,1.4400249,0.0,0.7676119,0.38544285,0.22504713,0.7231252,1.4029182,1.8106923,0.24274518,0.6100676,1.0301828,0.13123508,2.6497986,2.065494,1.7165146,0.6545092,0.077122346,0.21411599,0.9320751,0.43283832,0.66607744,0.43732816,0.073745675,0.936135,1.614027,0.77621037,1.027342,0.20778817,0.14647013,0.52391285,1.3666689,0.35888353,0.36404306,0.2267244,0.71234727,0.7313329,0.6020421,0.0008188328,0.06712132,0.036327463,0.022259755,0.046691347,0.21994022,0.48744392,0.5067104,1.7414167,1.4929281,0.94504225,0.01734476,0.6759478,1.5801578,0.042102445,0.35449785,0.5902965,0.098625146,0.7288714,0.5664363,1.2498754,4.6377106,0.8806031,0.4368412,0.4837813,0.07565203,0.44971123,0.57743704,0.0,0.8991772,0.006505549,0.0,1.4407257,0.8517451,1.5964118,1.0259649,4.173556,0.5937296,1.6980853,0.45265862,0.38956037,0.9412703,1.6958568,0.33655795,0.3605072,0.39823368,1.0259475,0.0025567473,0.6355672,0.17787127,0.5141318,1.541626,0.6670654,0.08297088,0.6287703,0.6454475,1.1836886,0.047833715,0.20676538,0.42126402,0.25378707,0.57312936,0.23364882,0.83450687,1.401502,0.48966637,1.0456768,2.141954,0.47146422,0.49672732,0.0,1.1425565,0.60890144,0.43949133,0.10774352,0.050317977,0.76091063,1.2382199,0.024039945,0.051167175,0.014994031,0.04029607,0.038738843,0.1163801,0.15296894,0.24853098,0.12803245,3.5278778,0.58699083,1.0170374,0.23884834,0.21005218,0.303115,0.59664595,0.60451204,0.14225212,0.15217835,0.24776748,all_pothole_images\pothole_images_enhanced_d67c0b83069a3d7bcec63c6159ddeae9.jpg
0.6551455,0.44872227,0.1839585,2.0283573,0.23070444,0.51395625,1.2509217,0.44479388,0.41507113,1.1188327,0.09669886,0.72752404,0.025828013,0.5146716,0.07524123,0.04471009,0.08052434,0.60445726,2.921974,0.1468538,2.2899637,4.2536993,0.06344512,0.026466014,0.5050064,1.0507389,2.1820824,3.1429567,0.56258506,0.61230254,0.36956564,0.7269747,0.48151442,0.120106906,0.67237526,1.0299265,1.5457379,2.2579112,0.033643562,0.9330153,0.026295114,0.26421565,0.29734686,0.82780236,0.2997077,0.7256038,0.054688424,0.33785716,0.11035904,1.2724046,1.247186,0.9655693,0.60963434,0.23480397,0.32961044,1.7026985,0.65369654,0.68048733,1.1107966,0.17820549,1.4386023,2.3562825,0.17052831,0.051159658,0.54762864,1.4371929,0.48734105,0.11548548,1.488531,0.34671205,0.59272444,1.6148208,0.18577546,0.18625621,0.43657315,0.24121708,0.4562057,0.764438,0.17985392,0.19670178,0.3283179,0.028675752,0.025542343,3.552335,1.0621456,0.07644507,1.0604473,0.0031672558,1.7468619,0.14358413,0.008567488,0.3648266,0.02441265,0.68663925,0.36684793,0.059464343,0.47746456,0.5898272,1.1673528,0.69913137,0.083956145,1.707147,1.275369,1.5358531,0.26124257,0.016249234,0.3019557,0.30977738,0.17983407,0.0030586654,0.023109112,2.3618152,1.1103601,0.0,1.135352,0.0021220464,1.3019174,0.2793868,1.4136072,0.5555808,1.0298886,0.6224369,0.08996779,2.6330416,0.33706412,0.23588423,0.555346,0.97251534,2.402347,0.67377645,0.67932665,0.08707823,0.18021517,0.028253311,0.03382411,0.08224612,0.16520722,2.0020714,0.4217558,0.20105128,0.33076453,0.4139781,0.2148483,0.007206779,0.25302407,0.55375606,0.6265386,0.23669901,1.2266004,0.1207088,0.9085174,0.38982788,0.0,0.17821658,0.8734381,0.45673674,1.2565181,0.2674655,0.84009206,0.009872711,0.6626558,3.759669,0.04151375,0.6395908,0.3860708,2.0322032,4.9836645,0.401365,1.2299296,0.3346891,0.07310417,0.031109337,0.09091487,0.3586874,0.073060036,0.0,0.08600671,0.1425651,1.9960757,0.18353882,1.1927935,0.30143616,0.581671,0.73151535,1.4667063,0.7240418,0.0013861564,2.0467563,0.17270552,0.51928914,0.27684018,0.7265058,0.0013542231,1.2591234,0.0,0.0634277,0.039869126,0.3239198,0.9460824,0.12759064,0.37259427,0.2173333,1.7796241,0.56048995,0.49951795,0.038149863,0.27780288,1.2997062,1.1061623,0.96177983,0.08720167,0.10984945,0.8983172,0.32801905,1.204487,2.2302825,1.419904,0.3126974,0.577103,0.39659378,1.7599708,0.4409411,0.88894933,0.32480636,0.835017,0.9402461,0.3193702,0.0,0.60930705,0.85016435,1.973641,0.70106536,0.11498886,0.17017648,0.10568911,0.03996432,0.92593116,1.4118702,0.00855724,0.80743295,0.5234272,0.24372807,0.048670564,0.30309358,0.574069,0.6681815,0.20465177,0.03100435,1.4857647,4.775537,4.7376237,0.0,0.69561595,0.8185814,0.009476169,1.7069278,0.87619895,1.0244534,0.5327464,0.96901995,1.1072977,0.0030314475,0.27254677,0.5652795,0.09583792,0.042311173,0.29952604,0.30578905,0.42384845,0.2497478,0.3564695,0.6668046,0.0,0.033212017,1.3725296,0.43322316,0.23237298,0.032499533,0.79368514,0.69624656,3.4263082,0.060088523,0.12778275,2.3597524,1.6902004,0.3292285,2.2665596,0.9493732,1.5109661,1.0895368,0.021072598,0.6614658,0.293987,0.82946557,0.09846792,0.7949173,0.24627657,1.8550754,0.06339446,2.0162559,0.4006185,3.0054681,0.25687483,0.5529304,1.7279572,1.3690898,0.18528214,0.5852315,0.04017748,0.50305533,4.31727,0.38567176,0.8184664,0.50494075,0.22261387,0.40989062,0.63835907,2.2958665,2.734265,0.051385947,0.0,0.8484257,0.4578268,0.40101016,0.23134124,1.15492,0.5787562,0.022104302,2.144467,1.1696912,0.5781761,0.8993647,0.7144895,0.85770625,0.2418992,0.431715,1.7208472,3.3859227,0.0,1.3873574,1.2120267,0.3186554,0.8924156,1.4016283,1.5112962,0.07942952,0.3142723,1.2821696,0.71058047,0.8418137,1.0801724,0.55669576,1.8164217,0.20425904,0.100269586,0.22809125,0.023549493,1.9285289,0.15051183,0.20135772,0.14086026,0.54596347,0.12328848,0.9441061,0.12975273,0.033781216,2.8665116,0.24951655,0.010734208,0.016647816,0.38453135,0.18137394,0.19294113,0.5620795,0.720416,0.088679485,0.80636454,0.25158924,0.015575323,0.8398001,0.9156141,0.0,1.8838223,0.0931787,2.3648152,0.27904528,1.717562,0.083901495,1.378422,2.388802,1.9411138,0.030147992,0.06355939,2.4163368,0.13495922,0.0001703632,1.6175652,0.0,0.3165194,0.13516422,0.33457544,0.0043167905,0.1948047,0.7359657,0.45126355,0.0,0.0,1.7673402,0.23843285,0.13172783,1.0338048,0.033201095,0.002612756,0.270581,0.513383,0.13183789,0.80481386,1.0498798,0.20284565,0.7397182,4.547289,0.8951702,3.8514955,2.7841434,1.8840642,0.18800843,0.44521347,0.4838603,0.0,0.39825466,0.09384427,0.19288616,0.04279862,0.58936334,1.1621637,0.7827863,1.1716552,0.093536235,0.38840172,0.0117101325,0.06402728,0.5497339,0.17143409,0.7673444,0.2724728,0.0042502563,1.9217803,0.15221809,0.06572677,0.1333063,0.3268051,0.76711005,0.037405428,0.93095815,1.1556449,0.84049994,0.99048877,0.94304717,0.3943747,0.05799528,0.112009905,0.13157299,0.12540631,0.010189497,0.16329443,1.8706578,0.53090924,0.5086021,0.10404396,0.44560793,0.02286148,1.9073839,1.0770397,0.23569591,0.32345867,0.04192826,0.11577714,0.3991021,0.27877635,0.8347269,0.7229366,2.8805857,0.15554358,0.036127083,0.088044025,0.9591878,2.1388686,0.32469028,1.1470855,0.21065441,0.46780652,0.93966436,0.6907191,1.3134155,0.0,0.34628925,0.08350563,0.8477374,0.26167455,0.2922669,0.2978987,2.788601,0.30344862,0.44710198,1.1076618,0.4094534,1.39185,0.0035701427,0.7960691,1.7540606,0.38266867,0.13199255,all_pothole_images\pothole_images_enhanced_d686b9eb3e20bf7fff457cafe164daa7.jpg
1.1600358,1.885613,1.3330137,1.1463946,0.7716251,0.29502344,0.2343606,0.61586815,1.1084486,0.21371141,0.32151234,0.09691481,0.7697736,4.4853024,0.16621986,1.3023283,0.5295293,0.18173647,1.5686563,0.14972076,0.66874564,1.0647016,0.04576618,1.4454849,1.0100925,2.0949507,0.6243718,1.9128276,0.4900157,0.36850613,0.18027745,1.2780411,0.9707499,0.69763875,0.0,0.564293,1.6161143,1.4734157,0.6391467,0.112354785,1.1427691,0.48173338,0.5775597,1.5888048,0.22978652,1.5059255,0.43981364,0.34753793,1.9015194,0.786447,0.27417722,0.21334527,0.44407925,0.71160513,0.032106373,0.90703005,1.3264747,0.0,0.5934166,0.30318385,1.1223502,0.16902377,1.4269861,0.19513652,0.67483675,0.84146273,0.36588624,0.43404254,0.738098,0.76542646,0.46946117,0.0074741594,0.079608776,1.2673883,0.8512679,0.55075794,1.3959248,0.8945939,0.78610444,0.51322645,0.18873,0.29089168,0.50929844,1.136559,0.11033344,0.69784033,0.55416906,0.26975065,1.8099422,0.18923903,0.972788,0.7725572,0.1854378,1.1396077,0.75045884,0.93177366,0.8609851,1.9719092,0.48179793,0.9204791,0.403087,2.7611828,0.34825942,0.058275525,0.76590276,0.904536,0.19060715,0.55609256,0.049490456,1.638583,1.0846804,0.9247209,0.5779842,0.79084486,1.4629447,1.1056637,1.438911,0.74711275,0.94135207,1.6051979,2.0312192,0.20401087,1.3151488,0.56466633,0.4418122,0.77855515,1.6235219,1.1854277,0.789446,1.3175532,0.8824768,0.31873703,0.32333902,0.90176094,0.26367706,0.44180894,0.7857727,1.027791,0.7078362,0.4321793,1.5247514,0.049786124,0.043538656,0.58831835,2.1059184,0.5400986,0.4348268,1.0529989,1.0689099,0.27552316,0.4907293,1.4639593,0.32893944,0.9460796,0.9512202,0.9841027,1.4393623,2.045829,0.883207,0.6007338,1.4548281,0.6583023,0.17545925,0.8719346,0.28626162,0.60691035,0.5777266,0.9669708,1.4337033,2.1995506,1.3374405,0.69667405,0.4627845,1.3436731,0.85775006,0.046312142,2.4340997,0.6619118,0.48803803,0.37159145,0.14595476,0.9359688,1.6218022,1.1575311,1.0945007,0.7173036,0.88047856,0.89683497,0.14271437,0.9576332,1.639337,0.70137036,1.6795433,0.8407018,0.2908619,0.19678734,0.22740555,0.4880557,1.2300696,0.23400073,0.83143187,0.543818,0.86033326,0.4733432,0.4118695,1.2201647,1.4024627,0.27823287,0.19787402,0.6060309,0.9792762,0.94380796,0.9376416,0.45760706,1.7094475,0.803246,1.2637486,0.25953025,0.48043486,0.2490246,1.8023255,0.5698219,0.7117297,0.6699206,0.046661187,0.022165135,2.956262,1.7511393,1.066101,0.8671534,0.6053597,0.72141916,0.5911328,1.888916,0.4418176,0.075892836,0.51139826,0.89347804,0.22848652,0.7212375,0.91328275,0.4115555,0.49162096,1.5591352,0.9029097,0.20155756,0.88662213,0.03719604,1.0603342,1.9957079,1.8098328,0.0,0.042220786,0.7093872,0.3067009,0.5686709,1.778873,0.66732585,0.23179741,1.3325976,1.2722529,2.4733403,0.86304194,0.55780715,0.28548658,1.8215101,0.044015106,0.766523,0.51791245,1.9814554,0.67908084,0.75551915,0.37390742,0.7288777,0.059505418,1.0446509,1.0080596,1.5446769,2.3162265,1.0250258,0.014216772,0.15494075,0.27815917,0.7901615,0.79930454,0.058350597,1.508904,1.0989169,1.5242667,0.26963043,0.90254164,0.46146202,1.3572004,0.12454116,0.4952907,0.39028504,0.64750916,0.07502847,0.9113665,1.6133481,0.23216142,0.9516953,0.1925798,0.34418175,3.0693066,0.3298817,0.27172375,0.5023395,0.31246963,0.3067375,0.94689584,2.1515133,2.7450647,0.21427791,0.017938437,0.31606734,0.6895186,0.20792945,1.495314,1.2913338,0.28740832,0.257076,0.7531201,0.36931908,0.44894478,0.042335737,1.8676978,0.7312996,0.8872724,1.0270475,0.666442,0.23081145,0.09766598,1.2960024,0.4337445,0.81427866,2.0764384,1.2952502,0.25662282,0.53506905,0.82654727,0.7634225,1.7390195,0.57085556,0.43868256,0.431937,0.09869665,0.69115496,1.0489743,0.6427154,0.10964292,0.6215412,0.81639993,0.365637,0.77741873,0.23797041,1.2872981,1.0932951,0.64878505,0.38895544,1.1735007,0.22220679,1.9357007,0.6789946,0.28499246,0.4162278,0.7414694,2.1712446,0.009948136,0.35967222,1.7574714,0.4830101,1.110405,0.7135259,1.4300563,0.9483076,0.020048495,1.5769916,0.54490155,1.0995438,0.8192726,0.10568385,1.718948,0.9076678,2.2817833,1.7993279,2.5928736,0.79090285,0.8998871,1.4665054,2.1974852,1.1375664,0.6922542,0.5357888,0.32964325,0.41677377,0.6377605,1.5673115,0.5021034,1.1800725,2.2345064,1.0865908,0.8985636,2.8245356,0.8527059,0.42299494,0.26280135,1.4105302,1.5717574,0.07671443,0.99898213,0.57403415,1.2679853,0.98015684,0.5356213,0.20915003,0.23412338,2.2616107,0.72118175,1.0126482,1.2124069,0.70713884,0.47178954,0.4422314,1.5029547,0.69481415,0.77589387,0.47432333,0.4434428,0.33644047,1.0386685,0.7658702,0.48951977,1.9464015,0.86464244,2.8808198,0.5277626,1.7247556,0.1730234,1.1535959,1.5110741,0.4634538,0.6778127,0.3464718,0.25516948,0.124738805,2.400028,0.4506799,1.1146069,0.8678617,2.4379625,1.6155407,0.5759805,0.36254054,0.743454,1.1929327,2.092796,0.5773612,0.53070384,2.2056425,0.5985191,1.0113255,1.1201504,0.6410238,0.07317064,0.58935034,1.1696153,0.46606818,3.4753091,1.4366757,0.14903638,0.91933596,0.7077776,0.24162728,0.21422377,0.23589765,0.85530037,1.2988801,1.0898753,0.23552763,0.76217943,1.7822813,0.13757987,1.8670031,0.18090495,0.48509306,1.2879254,1.6959747,0.5971656,0.7864658,0.2616702,0.39937395,0.7287291,0.35199833,0.047181845,0.027441954,0.49045148,0.047337525,0.5371342,0.3771233,1.2706642,2.960841,0.426236,1.4996701,0.05727718,0.1285829,0.819517,0.98163944,0.710575,0.3927866,0.8595556,0.54230255,all_pothole_images\pothole_images_enhanced_d6e0042034a8a25fabef0d0640b86f0d.jpg
1.0915166,2.0199158,0.6035511,1.0659535,0.42029598,0.39335826,0.12173177,0.24589647,0.18784156,0.211622,0.2546136,1.3310162,1.261692,1.9078954,0.28008527,0.04290588,0.9091638,0.093740635,0.13454202,0.40394256,1.059566,2.0117023,0.22210175,1.4003434,0.25573397,0.091180936,0.58306885,0.96454084,0.8238673,1.307444,2.0380416,0.09487783,0.8357656,0.9243964,0.41139826,0.44578278,0.7296169,3.0866296,0.98751694,0.38245842,0.47065124,0.0,0.7888715,2.217517,0.51681924,0.10282788,0.4963358,0.2585846,0.110143326,0.2842992,1.0472233,0.0,1.2555392,0.09749557,0.02283721,0.35875988,0.61475307,0.12666905,1.0633973,0.014996504,0.0428478,0.018308336,1.225627,0.40962616,0.22469606,0.5119931,0.40209204,0.9345029,0.64057934,0.39071518,0.46939677,1.2462276,0.1511122,0.20494929,0.4497775,0.016089473,0.18861525,1.2942724,0.007629546,0.18556808,0.6462566,0.47185478,0.4952623,1.4501721,0.9386312,0.011951737,0.07740911,0.544603,3.2343628,0.015533723,0.38562998,0.4547425,0.031560935,0.811896,0.3286265,0.7710327,1.1098171,0.20939238,0.75410336,0.7892795,0.31485048,2.0356236,0.13318181,0.6142631,0.24796095,0.6823904,0.76685727,0.077486806,0.13772376,1.2816254,0.6969475,0.2681495,0.10751034,0.8270866,0.49708992,1.372818,1.572344,0.2168037,0.4757562,0.14130555,1.0253311,0.5759567,0.3539054,0.37155944,0.20232671,0.45932674,0.33785364,0.016442947,1.2928307,1.9290316,0.9737124,0.35808274,0.40812567,0.049989168,0.30745944,1.0218344,0.6410393,0.53481,2.559005,0.70301217,0.78548175,0.69995195,0.17156297,4.51157,1.5834248,1.0770992,0.69283277,0.65858346,0.27436435,0.715136,0.27183098,0.57338464,0.42832416,0.15696684,0.16890535,1.262584,0.46199027,0.0,0.7100484,0.52924013,1.8082532,1.4041293,0.05249911,1.2360638,0.54422337,0.0001079456,0.21588685,1.5413394,0.54008293,0.39745292,0.0,0.14584874,0.7698767,0.32800144,0.3748635,0.047381833,2.057837,0.035193685,0.025788523,0.6319412,1.0157531,0.7359139,0.74656934,0.59031254,0.9795881,0.19990101,0.03477428,0.26443914,0.05866172,0.08067294,0.5470353,0.48525915,0.90618145,0.54069924,0.09804093,0.22738457,0.13647424,0.055038963,0.6711322,0.6235783,0.40217543,0.06834663,1.3374761,0.48521298,1.0079088,1.4757693,0.8773545,0.50246817,0.46348792,0.0,0.09139884,0.06453513,1.031394,0.29747012,1.2142915,0.08672863,0.9141302,0.6552674,0.4664944,0.0,2.169778,0.33940396,1.2134937,0.2445721,0.022858322,0.9395666,0.93613213,0.88825756,0.29341933,0.18011211,0.20343381,0.25526777,0.4499171,0.8205674,0.1310945,0.23337546,1.6492814,1.8515826,0.04105528,0.12825605,0.22349271,0.046757035,0.64984673,0.6427816,0.5000575,0.39302233,1.5248616,0.25880533,0.42029154,3.601934,1.9687816,0.4428633,0.39901444,0.6387466,0.0,0.72314304,1.6820134,0.5749592,0.5826335,2.161176,2.558816,1.8020198,0.2334822,0.09088602,0.7119413,0.11458616,0.05520118,0.54509324,0.7578335,3.7417808,0.0,0.024666408,0.051775582,0.08744119,0.41401532,0.5179203,1.4189198,1.3839407,1.5495602,1.0898182,1.0012631,0.061634567,1.0554757,0.042141568,1.1445339,0.1286525,0.31303224,2.856807,1.9205686,0.11805743,0.046293277,0.16908646,0.98947376,0.15353256,0.8840027,0.8549946,0.58710724,0.9586834,0.5352982,1.1999116,0.50851476,1.0653304,0.2711975,0.10338645,5.7976813,0.022653658,0.5131233,0.7572795,0.7232908,0.05237146,0.242562,1.5516304,1.8635173,0.07220941,0.1962926,0.30609027,0.844687,0.48487085,1.2163092,0.36047876,0.08309781,0.016458305,0.056855932,0.70195436,0.2317699,0.43999764,1.3997096,0.82922643,1.7423632,1.2347345,2.634552,0.6712539,0.21350881,0.5092584,0.89839965,0.33456808,1.982283,1.2780275,0.40171376,0.1378319,0.48307043,0.37082937,1.1889042,0.695157,0.19880298,0.43538252,0.16321881,0.4716828,2.0458739,1.1060591,0.36144242,1.5151494,0.005488808,0.39230403,0.30816033,0.12286159,0.92281103,0.13336751,0.18373889,0.14505553,0.14507243,0.6296547,0.14696947,0.14619303,0.12864555,0.034520097,1.6118486,1.2691834,0.50579727,0.29047838,1.0446739,1.3049928,0.39088672,0.56818354,0.62406904,1.810852,0.11462865,1.6189566,0.64825565,1.5319295,0.26457092,0.07838222,0.09881923,1.1609161,3.4307852,0.95979273,1.5677775,0.011428672,0.06061547,1.5669715,0.5838113,0.68539214,0.04920392,0.18334344,0.23017833,0.4935977,0.90389687,0.0,0.13261537,0.14666049,3.7404883,0.26575324,0.7420286,1.4996446,0.58262587,0.017360026,0.6830813,0.78114015,0.6210435,0.074154735,0.15604734,0.027719785,0.32242832,1.7665367,0.19881493,0.2811764,0.056233294,2.2369986,0.16032237,0.5548787,1.6606324,0.032834493,0.18235895,1.1388919,0.6111226,0.9881653,0.3977066,1.759388,0.0,1.4287137,0.24117632,0.22321765,0.6865562,0.21397369,0.8786563,1.6934509,0.06324042,0.4092452,0.21344322,0.70314205,2.137741,0.856634,0.3902167,0.97618484,0.42738423,0.5995259,3.3964844,0.19033273,0.66386825,1.0400817,1.1554033,0.92915046,0.8463319,0.74217504,0.40955135,0.043211274,0.2537349,0.13325368,0.08886932,0.1691147,0.7512289,1.4983808,0.31648463,0.0,0.8889287,0.6230512,0.055370245,0.6729628,0.21395975,1.0571709,0.075598344,1.2185333,2.2810888,0.27209452,0.18101081,0.07174976,0.044111673,0.078925475,0.46331894,0.49741867,0.10712888,1.7289004,0.28960073,0.67861164,0.09907469,0.41035163,0.86252403,0.03704376,0.890753,0.0,0.44976264,1.0100217,0.20975192,0.5804684,0.1970078,0.7472481,0.9682809,0.06822142,0.031150354,0.15670204,1.0943484,2.5312726,0.104682766,0.6519625,0.20295537,0.2789707,0.75660676,0.30725423,0.5764076,0.16707468,0.016400538,0.11020648,all_pothole_images\pothole_images_enhanced_d733f0b54e7be347b61224863a6f28bb.jpg
0.27982983,1.5260127,0.43922234,2.3007147,0.28908163,0.46768436,0.73027444,0.005993694,0.45562834,0.7957067,0.7418076,1.1832249,0.17428662,1.0378326,0.4845517,0.7998802,0.74926305,0.2542614,0.9075081,0.97500396,1.1808286,1.5024549,0.20830904,0.86913985,1.0124865,0.6665629,0.22719638,3.5872557,0.8229063,0.060118712,0.4496916,0.28672662,1.4953046,1.9459636,0.19879846,1.2926341,0.59488577,1.0703392,0.00077743386,0.6675599,0.21900624,0.008272411,0.6850027,2.4146428,0.58400065,0.81894994,0.49353096,0.10638782,0.0,0.63986623,0.60867995,0.44465208,1.2810503,0.5264309,0.3543607,0.7734246,0.14411111,0.077568255,0.77219856,0.5147057,1.1208391,0.4918187,1.6354927,0.88835764,0.6580402,0.64411896,0.17107914,1.4855802,0.5793905,0.513069,0.93320197,0.23885067,0.3843814,0.6963934,0.42452067,0.781582,0.5707061,1.1035345,0.0,0.094909854,0.6792632,0.35712278,0.0033068142,1.3855449,0.8101599,1.0146433,0.6126645,0.24511299,2.3994007,0.025109135,0.3437644,0.056104586,0.18636115,0.596067,0.06371797,0.5162411,0.8342272,0.5975148,0.62066716,0.9102911,0.0053840484,3.3326242,0.5934142,0.18157934,0.11622448,0.23672073,0.63477373,0.35534224,0.3724514,0.21071994,0.0,2.249703,0.63466793,0.14977565,0.45606148,1.4354086,1.9838339,1.0160438,0.34526432,1.2812781,1.4034514,0.9749359,0.9239497,1.9156692,0.23134193,0.29648757,1.1056333,1.8038971,0.93378425,0.25436485,0.8007121,0.002522673,0.11887602,0.85652274,0.61284816,1.8904699,0.7080382,0.9219917,0.91339606,0.4870209,0.3209985,0.06960029,0.13644981,0.38476306,1.2151295,1.741678,0.7312843,0.035017386,0.16579847,0.8397184,1.1952677,0.8803444,0.22507308,0.04357174,0.062118635,0.7403329,0.32114562,0.32780114,0.4714764,0.79059803,0.6893502,2.5138593,0.0,3.6254072,0.10204377,1.3003396,1.4223971,0.8407224,0.35848504,1.0460688,0.9481523,1.4804047,1.6981971,0.7372727,0.1275602,0.96439904,0.22925436,0.024724709,0.06880688,0.48414874,0.13866809,1.566485,2.1466367,1.5130892,0.6671551,0.18578564,0.32418033,1.0801629,0.7646184,0.4899013,0.33169454,0.59892476,0.13398309,1.2361423,0.8486777,0.5488999,0.3572975,0.028626816,0.08629167,0.49032676,0.7440369,0.3669869,1.7279183,0.3785989,1.090747,0.2890817,0.8923074,0.09413669,0.28296512,0.113336466,0.5602158,0.056681845,0.36107892,0.23608145,1.2905217,2.017895,0.8552905,0.17373334,2.0183132,0.28314492,1.4337119,0.16804823,0.27152377,0.027997999,0.0031815444,1.1435225,0.33985585,2.155059,1.3597211,1.0252641,0.32466993,0.3516022,1.8376517,0.13084611,0.78280187,0.028164517,0.956935,0.32842872,0.014048483,0.6723221,0.2037805,0.10887958,0.77257156,0.06303971,0.2917779,0.0062439917,0.44484442,0.5533834,0.30347893,2.6879244,1.783161,0.9675626,0.64726734,0.7289572,0.14449775,0.08722623,0.16400765,0.061762717,0.60039467,2.7868686,0.27822474,0.9073912,1.7852942,0.003030241,0.21119858,0.4032898,0.3778361,1.6575592,1.4117184,0.6907828,0.22902542,0.10948773,0.43891847,0.53632814,0.061220475,0.7466335,0.38774022,1.3005842,0.7175523,0.8648548,0.36024538,0.23164667,0.14353725,1.2127619,2.035266,0.020259561,1.0603304,0.85727614,0.79532593,0.14405543,0.4069743,0.19899885,0.7337925,0.30765256,0.2819725,0.37615883,1.0479008,0.35936183,0.9436199,1.6448901,0.4323984,0.5801941,0.982091,0.83141965,3.6414716,0.17662372,0.3425822,0.35285035,0.3472929,1.0678971,0.2948613,0.5894881,2.025666,0.9132962,0.18306078,1.3738949,0.028491154,1.2382149,2.0060337,1.0300504,0.8148117,0.5316446,1.0415742,0.6892459,0.91687304,1.7916113,0.5314675,0.75646347,0.3957595,1.4152402,1.5991096,0.2119816,0.11064918,0.043298744,0.30243433,0.4578029,1.0718027,0.6090888,0.48832655,1.0694693,0.4723028,0.40452743,0.5891094,0.80418634,0.7854702,0.13825409,0.34243673,0.6145361,1.0159459,0.5486973,0.7325395,0.123464756,0.26030752,0.13729636,0.64153653,0.10332775,0.39595583,0.10185057,0.750278,0.2654739,0.010850557,0.5778307,0.6770934,1.058507,0.4732518,0.14193948,0.96280456,0.90551186,0.25106454,0.51111865,0.84718585,0.77782834,0.5979942,0.34274837,0.18226658,0.24248075,0.7855851,0.07221214,0.22793593,0.66054004,0.44240487,0.8001768,1.0887759,1.2783226,1.1916208,1.0698661,2.1843865,0.6083131,0.004253534,1.500709,1.1247151,0.11788492,0.230126,0.078065366,0.13497342,0.35002637,1.1737497,0.4835578,0.4413334,0.0077395206,2.3650866,1.4069692,0.5395973,0.3828457,0.1375162,0.5719144,1.5664115,0.06719178,0.43154007,0.95619285,1.7737833,0.36336967,0.5287912,1.4380908,0.0060133794,0.6730247,0.5352034,0.32812366,0.98319167,0.3199455,2.1600444,0.36634094,0.8508002,1.1632047,2.7213113,0.0885328,0.5947212,2.191089,0.24011296,0.7324838,0.34828523,0.033124868,0.9485153,0.41348296,0.6247778,1.5324476,0.8742333,0.120001964,0.021441007,0.69792914,1.4736589,0.5669042,0.21588302,0.21435751,0.07046897,0.99389595,3.0918498,1.2816494,0.48888925,1.2479055,1.2159871,0.4672587,0.20807996,0.2039453,0.8261093,0.41355598,0.435496,0.4195755,0.3894511,0.047948375,1.8579584,0.369987,0.7730834,1.5544596,0.45665443,0.92171276,1.5544225,0.034703556,1.5696856,1.0651641,0.5033277,0.46546164,0.24016018,0.3696898,0.39416876,0.20026888,1.1109955,0.70616233,0.521778,0.14557236,0.5325995,2.3409474,0.49379706,0.7312762,0.021602916,0.08797491,0.4026804,0.22732958,0.010237854,0.1051715,0.8180598,1.4959309,0.122865975,0.5518664,0.68717736,0.431167,0.19130811,0.08011789,0.143601,0.0600593,1.4152933,1.9923133,0.08518556,1.6815094,1.8421842,0.58685505,0.5318322,0.2251034,0.27447316,0.39545044,0.39076754,0.47245,all_pothole_images\pothole_images_enhanced_d73586e19ad1c1b29e85fe72d62b3e5b.jpg
0.08080596,1.844085,0.63346314,1.9232999,1.3111696,0.7159854,0.41048667,0.32904768,0.22541831,0.61292285,0.0885226,0.540274,0.022018919,0.88722354,0.045735538,0.15632935,0.18702151,0.040129345,1.2513034,0.6926928,0.22421375,1.802857,0.686652,0.6425578,0.25236255,0.41769487,0.036271866,2.8698633,0.08176681,0.5251868,0.7145258,0.68007845,1.6384751,0.017811742,0.72755134,1.0392046,0.13303159,0.5607167,0.33413735,0.8204876,0.44890454,1.3942186,0.2120041,0.58331406,0.48017356,0.12132063,1.0452297,0.0,0.6382623,0.9454744,0.40046427,0.36831805,0.5359462,0.17021269,0.26010025,1.5535845,1.2450743,0.30269915,0.39147764,0.4705493,0.33214262,0.22666425,1.2098541,0.30651745,0.5468878,0.7609281,0.92096615,0.043233696,2.0364301,0.957498,0.06550309,0.45030394,0.094194494,0.3267478,1.0570042,0.9975457,0.4210987,0.95635307,0.020971127,0.49274948,0.20688121,0.5976566,0.0,3.2145197,0.85059214,0.9142045,0.45571932,0.016303277,2.7518232,0.69317156,0.086289,0.24398765,0.08457954,0.34940964,0.15790974,0.025349127,0.6841325,0.5225386,0.17244174,0.5052299,0.8986606,0.6880722,0.4969065,0.0019955349,0.29771084,0.43159664,1.255035,0.16068335,0.2804187,0.3490152,0.44114918,2.0419219,0.6441444,0.47841114,0.19925845,0.7802278,2.9743514,1.0747193,1.0739864,1.259158,1.2074128,0.4062503,2.3077385,0.52865946,0.21743813,1.225824,0.16458473,2.0708404,1.4295863,0.7738146,1.3290788,0.053962123,0.35379067,0.5650046,0.5953472,1.5955681,0.084511854,0.5395107,1.3936961,0.33372208,1.2899878,1.2244813,0.0012110447,1.0153636,0.213748,0.107681535,0.07774774,0.15354349,0.8157927,1.439729,0.8796327,0.54535776,0.0,1.0038415,1.3050152,0.5852046,0.9707922,0.20897639,0.003126983,0.24056219,1.6600465,1.0051584,0.17524475,3.3377476,0.011558906,0.0758796,0.25075212,1.4011062,0.9150152,0.5987374,0.39095935,0.0,0.060136944,0.6953687,0.36890963,0.0016151121,2.0251832,0.6403313,0.30086356,0.22533013,0.011255901,1.4432439,1.3121445,0.35582584,2.224114,0.80671334,0.35083854,0.39205444,0.03130884,0.9602848,0.91240704,0.9925991,0.0776646,1.7788037,0.3469176,0.0,0.25805768,0.37502512,0.48353258,1.0828093,0.08743723,0.5564332,2.1739297,0.82043546,3.9412482,1.1608703,0.010096655,0.9661083,0.3065226,0.7178846,0.25236037,0.074403726,1.9823606,0.6735617,1.1278553,0.72693276,0.081004314,0.16768852,1.6244513,0.9147492,0.3446285,2.5654655,0.22643025,0.6222432,0.10203848,0.10078605,0.7485026,0.24462728,1.1050552,0.007696525,0.15253918,0.38405943,0.9029779,0.40772134,1.9808767,0.74256414,0.554643,0.066826224,0.13294654,0.058439415,0.7612644,0.19814818,0.4109532,0.24441922,0.050427232,0.060156647,1.9325699,0.8108999,0.7124545,2.3719556,0.8378235,0.28299755,0.6299625,1.3769655,0.0,0.14122805,1.4181968,0.22077036,0.5952058,0.52837527,0.1597599,0.93329346,0.2944174,0.4236009,0.150519,0.73387635,0.3270943,0.29656625,1.439887,1.5325696,0.048728973,0.029296225,0.019706614,0.18395938,0.47779846,2.3329961,0.040644947,0.915754,1.4927745,0.9384473,0.39836502,0.36471984,0.90129775,0.7602823,1.3248726,0.66448504,0.7580926,0.6834933,1.3915423,0.59124047,0.35739943,0.031133112,0.17193553,0.94668084,0.0894949,0.8508074,0.36068705,0.5428683,0.38987935,0.0367057,0.27271876,0.2585656,0.517807,1.2169769,3.531055,0.76124775,0.35419363,1.5216684,0.13224947,0.37346396,0.23746793,1.1450185,3.546849,0.91703594,0.17410462,0.5417845,0.0003926462,1.3699504,0.84440017,0.27050874,0.49168453,0.37699413,0.0,0.72225213,1.1652611,0.60569966,1.2440766,0.3638428,0.7945046,0.102595665,3.8237255,0.79854876,0.12294024,0.5587396,0.37131202,0.5206548,0.45945054,0.37642738,0.018741328,0.20158184,0.21262792,0.81776595,0.4644715,0.018441511,0.7671619,0.6001226,0.08057446,0.94579417,1.1458694,1.3181254,0.5866966,0.44726047,0.08913743,0.27005032,0.017163415,0.010443565,0.20327443,0.879168,0.52044374,0.90595573,0.43163007,0.16665092,2.0213249,0.11473463,0.33225256,0.39891687,1.3352549,2.2739468,0.07081547,1.1192044,1.2997698,0.2416752,0.989343,0.13012469,1.1670057,1.4756709,0.3332697,0.18303698,0.3550348,0.6339764,0.1983262,0.05033845,1.0329589,0.41802278,3.8493085,0.41296756,2.2255208,0.025509289,0.2248876,3.3599544,1.2470342,1.7934256,0.72931796,1.5366644,0.58681494,1.1545161,0.28570524,0.646389,0.54120344,0.03860022,6.2220945,0.15942468,0.17772052,1.0825518,0.05207234,0.02311934,0.7010389,0.03271689,0.5372127,0.22940063,0.2507422,0.10467924,2.0322895,0.5318744,0.7650342,0.17283723,0.9056496,0.47052002,0.3464047,0.3942954,1.4494954,0.25882542,0.26160857,0.81053174,0.7168405,1.5360982,0.5217621,1.280012,0.25974494,1.2390472,0.16622606,0.5067152,0.14783649,1.0226706,0.97879493,3.2875016,0.70691586,0.39257875,0.13990535,0.8714811,0.01767182,0.321643,0.42095026,0.43877378,0.014481399,1.031817,1.000468,0.51399386,0.39103684,0.38413292,0.8643611,0.3678208,1.3293426,0.5945766,0.99075764,0.9351113,0.96598333,0.471377,0.4663997,0.9857136,0.11039337,0.62558186,1.1306963,0.4655784,0.41669908,1.3196337,0.07752619,0.05654722,1.1739627,1.2429852,1.2103916,1.2116066,0.61498094,1.0905852,1.0945222,0.18938407,0.21119513,0.8144131,1.296271,0.24832872,0.27733,3.3280833,0.5427213,0.18668501,0.0047908034,0.06808944,1.2675638,0.2267486,1.7542354,0.14708957,0.15466247,1.3305614,0.18676181,0.0144390995,0.1721149,0.29697746,0.7828087,0.62839913,0.013443479,0.17710514,0.74466515,3.290911,0.83201385,0.57141596,0.7211011,0.09030649,0.48945644,1.126802,0.64808184,0.15763007,0.24674517,0.34163082,all_pothole_images\pothole_images_enhanced_d73a96c3a12fcbb00601b1e7ceb08901.jpg
0.8075178,1.3960185,1.3142875,1.1268216,1.7329135,0.3368567,0.4852266,0.074134536,0.27551556,1.816433,0.9177623,0.5326795,0.2565249,1.6310863,0.22740014,1.3054187,0.0673604,0.15856956,0.8145944,0.81009865,1.4738408,0.5573271,1.205079,1.4098203,1.9948245,0.519353,1.4699261,2.7266648,0.34933767,0.8741362,0.6472189,0.24150456,1.1783497,1.4575517,1.4583015,0.26759744,0.14852606,1.5254364,0.6110931,0.5588557,0.33246678,0.12729834,0.18550976,0.9413166,0.587284,1.4642019,0.09883945,0.3097411,1.606423,0.6489186,0.36067808,0.54023695,1.4446714,0.3389856,0.22645406,0.8798549,0.7978239,0.05979397,1.4450475,0.22901617,0.944648,0.057970624,1.2035913,0.66648763,0.7175103,1.1317708,0.5913494,0.9337045,0.047265332,0.8698714,1.3374715,0.6290906,1.706103,0.5515036,1.2429658,0.78252214,0.8243315,0.4521215,0.2210342,0.2063218,0.20040333,0.4102684,1.517589,0.86453944,0.6298095,0.557583,0.46516448,0.32853323,2.897522,0.2013384,0.33842131,0.9822786,0.4716262,0.33581045,0.19346422,0.91943806,0.678755,0.6929026,0.18962504,2.546735,0.03886544,1.0899004,1.0361167,0.20008901,0.3583658,0.38843906,0.5063917,0.5658145,0.110124566,0.6497139,0.106241204,1.1380838,0.1319085,0.00015749577,1.4370489,1.045165,1.4580278,0.07339888,0.26844633,0.35089687,1.5893103,0.22770749,0.41179848,1.0330297,1.0725684,1.6603968,2.324517,0.36937216,0.44399938,2.0210059,1.0967466,0.029628836,0.31512496,0.21115732,0.735891,1.2309822,1.6291672,0.21774547,2.1312346,0.2103118,0.9967845,1.1535131,0.2865943,0.881718,1.1633186,1.5595667,0.14001341,0.17209037,1.2778509,1.3046814,0.9688803,1.6234883,1.048414,0.35475042,0.7103304,0.8319537,0.46862644,0.1685322,0.27891552,1.1108052,0.74378455,1.5526881,0.3894263,0.7789922,0.21537215,1.4783076,0.742462,0.96497625,0.6086288,1.1382036,0.41343352,0.59969926,0.49110278,1.3420014,0.12280053,0.17313725,1.3720713,0.04031544,0.5403988,0.833719,0.52742445,1.2433286,1.0230527,1.2929491,2.8003454,1.4703679,0.09832911,0.45084488,1.8381368,0.326434,0.3761089,0.12563331,0.12006647,0.5972267,1.6211675,1.6030018,1.6700882,0.25388703,1.0479981,0.7495556,0.47629133,1.7702206,0.36324733,0.86963665,1.346045,0.7149017,0.5544263,0.25967613,0.8120637,0.26194742,0.88542306,1.0236406,1.007501,0.16787156,1.0514183,1.9389056,0.18101814,0.46473828,2.287684,0.041622,1.8246862,0.03363876,1.2518905,0.39809188,0.12541246,0.8449731,0.35616893,1.138592,2.766966,2.0870476,0.11201488,0.985313,0.6278375,0.09941885,1.5864983,0.26830882,2.1799614,0.24120407,0.12875552,0.0071237357,0.2622003,0.28356323,0.76900077,0.7715744,0.21235816,0.14879508,1.281898,0.844252,0.65666336,3.7986605,0.16854663,1.0142562,0.69168603,0.77270395,0.28587162,0.38335526,0.6390911,1.1279733,0.7621117,3.4382339,0.7791891,1.6008209,0.4902525,0.6054345,1.0053294,0.88905793,0.3378515,1.235994,2.414485,1.2844356,0.4988227,0.041631036,0.71504694,1.9130927,0.25097352,1.7644619,0.8860568,0.52227676,0.7975298,0.5806272,0.43124846,0.9299777,1.1409578,0.6058591,1.6347232,0.72597665,1.4257517,0.91065353,1.4489458,0.05090844,0.135263,0.32480118,0.22066122,0.9917932,0.78066564,0.19994389,1.0932857,1.0060323,0.99403626,2.3984768,0.94891965,1.0698256,0.42422745,0.1788771,5.3935833,0.76363283,1.8709241,0.07803516,0.6886884,1.4044995,0.16658226,2.1591146,2.706106,1.5234116,0.05696264,0.11938588,0.3081405,0.501482,3.1233358,0.6859381,0.29593447,1.3266007,0.9938974,0.7746436,1.2349614,2.262566,1.2910187,1.1010915,1.0487717,0.8005368,3.3184855,0.5139788,0.30381355,0.37074342,0.27122054,0.84197944,1.8808061,0.06473023,0.41409138,1.3146977,1.0006187,0.10417979,2.6504455,1.0228385,0.40314484,0.3201986,0.45086923,0.4796054,0.5197311,0.7533153,0.99804115,0.80199105,0.053069994,0.57619375,0.22727402,0.044616096,0.572442,1.1441929,0.7544899,1.5271689,1.1648417,0.4055685,0.77147937,0.84200984,0.57009834,0.65914404,1.5753043,1.4515245,0.026673937,1.0120525,1.1615595,1.0456887,0.61820555,1.6756947,0.13173583,1.0192863,0.31391755,0.07336872,0.27932507,1.4625266,1.6066073,0.27991614,0.6896653,0.69821215,3.6714091,1.7603793,1.932353,0.74009097,0.76746976,1.2411048,1.4367347,0.8600867,0.16763163,0.70230126,0.037731767,0.5496361,1.1014924,0.8269563,1.4737417,0.18128975,2.0670135,0.9826427,0.19055423,1.7523555,0.8308913,0.3102369,0.9926608,0.2761173,1.3459345,0.26352176,0.65023685,0.79655844,0.2763488,1.3157935,0.023770504,0.41649595,0.58822125,0.32349625,0.99170536,0.34771168,2.192527,1.0327104,0.80016774,0.5015625,1.9935352,1.1356754,0.9912099,1.2931312,0.66493833,1.3916135,0.18642692,0.5062556,1.1910764,0.9651799,1.6249316,1.6274999,0.5901881,0.86771315,0.014990697,0.66660947,0.9860023,0.8946533,0.4553442,0.29935545,0.07803996,1.0224527,1.1736025,1.1344941,0.53441,1.1469678,1.0371994,0.4598844,0.48189408,0.13439262,1.3233047,1.3803952,0.77268904,1.4028052,0.8414109,0.543859,1.9470359,0.025930278,1.1061572,1.1337283,0.07027574,0.6216845,1.1467203,0.05915043,1.9240949,0.8260684,0.33410028,0.9121926,0.21674319,0.27057993,0.39824808,1.0350993,0.07062111,0.11299674,0.6372141,0.11409249,0.5402066,1.9694326,0.19100904,0.18927187,0.025721835,0.62543184,1.5775919,0.50574476,0.34688902,0.03472103,0.48855668,1.5669135,0.24086049,0.4087503,0.65399575,0.35737762,0.18524605,0.027546503,0.51769644,0.19737244,0.13786595,2.7584016,0.99362147,1.7652217,1.9211147,0.9322897,0.62670135,0.5654103,0.33842093,0.37633553,0.80955374,0.48655957,all_pothole_images\pothole_images_enhanced_d7618c3fe45f2077f2c26da341191e7d.jpg
1.2128601,1.3713843,0.23138027,1.7654307,2.258913,1.8496884,0.77912503,0.433163,0.123869784,0.09864048,0.06277311,0.03475775,0.6614553,1.6883856,0.20213777,0.10799478,0.64666337,0.43695855,0.5107917,0.38667664,0.06653368,2.9849865,1.2762641,0.8335271,0.67338234,0.8463619,0.68345267,2.7820246,0.5988431,0.11693618,0.41388664,0.27007872,2.5362792,0.045329157,0.3238124,1.2899439,0.57798684,1.7743065,0.18251045,1.0282346,0.47893205,0.6540851,0.80233383,1.8346655,0.59064436,1.1712023,0.016306985,0.060061973,0.70059687,2.0856497,0.6686654,1.3217679,1.3318304,1.3130951,0.31279564,1.5920732,1.1162745,0.44973707,0.30179432,0.5055272,1.1188804,1.346017,2.2970493,0.40463856,1.373669,1.7734172,0.9818904,0.3569887,0.30497435,1.0164667,0.61172104,0.41318247,0.07363971,0.32690358,0.38316298,1.07367,0.11317733,1.5941333,0.3752386,0.19212049,0.78119266,0.21229428,0.06518992,0.89417034,1.8878584,0.16138922,0.7497672,0.012080915,2.45423,0.26728073,0.25370026,1.7761154,0.58172125,0.36380482,0.0063386043,0.065960415,0.7880547,0.5405554,0.15249887,1.4089199,0.113687165,2.2584083,0.7711556,0.16708833,0.22577633,0.59994924,0.3587342,0.25235575,0.02610336,0.60112935,0.5067312,1.0812638,1.1424911,0.07303833,1.8175858,1.6400884,1.8826097,0.30286714,1.7219636,1.6247127,1.5017661,0.4109605,1.3696187,2.1944058,0.4827592,0.76109785,0.430877,0.8482809,0.49043342,1.5227515,1.7835624,0.23464903,0.31791258,1.141239,0.06275127,0.21506068,0.24378335,0.4806535,1.60023,1.3349011,1.3061638,0.07578524,0.25774154,0.58831626,1.6486589,1.3334988,0.61234486,0.096221335,1.6559803,1.2572454,0.81321746,1.4790468,0.31689745,0.35104895,1.7341975,0.9605579,0.7622565,0.35574785,0.3504591,0.46722576,0.66551995,0.51299363,0.6712777,2.404985,0.94536984,0.0042911973,1.5831479,2.003931,2.372032,0.12603346,1.2566566,0.38725707,0.08164796,0.95122844,1.1980247,0.15890737,1.9028877,0.75322294,0.5460583,0.36620057,0.1576477,2.4363375,2.9997945,0.49230248,0.2902689,0.3898134,0.39928964,0.5057869,0.44018492,0.40545234,1.4042909,0.5567377,0.07496511,1.4159878,0.042446155,0.0044096354,0.22935377,0.28009135,0.3866795,0.33610585,0.14246508,1.4259152,3.3670135,0.545334,0.7855556,0.9519778,0.121557444,0.86047006,0.6766023,0.46320826,1.1248362,0.4595654,2.0171835,1.228571,0.6975226,0.78342086,1.2402998,0.23637423,1.138588,0.6733523,0.90619844,0.4878594,0.04411936,0.41461048,0.17792386,0.5611507,1.4293759,0.13041304,0.9048153,0.54368144,0.5926803,1.6566445,0.45458454,0.73621476,2.008949,0.5196061,0.74836993,0.71780854,0.014893172,0.19632895,1.6596931,0.18615916,0.75775427,0.5648376,0.045763977,0.033053227,0.6954221,0.5231573,0.6408465,1.607177,4.81272,0.0050120996,0.53581774,1.685539,0.22162387,1.9381258,1.5894486,0.3404513,0.7523288,1.1934062,0.72515076,2.6488569,0.5918823,1.588428,0.86169803,0.9322023,0.034575135,0.22115889,2.794516,0.7158369,0.071111694,0.20916,0.075338416,0.7171901,0.05391011,1.3214836,0.5378519,0.9155258,0.84613115,0.417208,1.0511913,0.075657874,0.00074752345,1.5023475,0.83367926,0.042840403,1.2397281,1.0211682,1.8879279,0.4387867,0.8887223,0.6200129,0.82896733,0.18247701,0.373915,0.9095635,0.3106313,0.7979062,0.43060476,0.024501387,0.42459887,0.98805857,0.38894716,1.2254791,3.6651642,0.3149009,0.005038931,2.1165905,0.10075598,0.7632493,0.7494299,2.8152163,1.9817884,0.79504687,0.44747567,0.2968863,0.2441832,0.6337283,1.3425262,1.0352898,0.023383802,0.37542647,0.19024916,0.9813203,1.0114672,1.4168558,1.8142052,0.6442105,1.5335724,0.64455897,2.1690855,0.27365512,1.9227575,1.3003231,1.0435996,1.299848,2.2832427,1.2465792,0.0131731685,0.29424417,0.19853684,0.439232,1.4288043,0.18526581,1.24063,0.0015114325,0.016890252,0.15703209,0.7051421,1.556285,0.34770662,0.942184,0.49303856,0.07878635,0.5712487,0.20551093,0.7266811,0.9308356,0.7948261,0.54929096,0.03926327,0.23726708,0.75782454,0.75775486,0.04659747,0.17293136,1.8903005,1.2981808,0.062267948,0.8659356,1.7701446,1.137087,0.9557322,0.42529914,0.8638652,0.38617745,0.38822922,0.4924654,0.7127053,0.6456681,0.18667036,0.009931636,0.64908725,0.87325376,3.1516469,0.9197619,2.1422858,0.11432979,0.627625,1.83202,1.6743348,0.2782438,0.10949409,1.3599589,0.27279538,0.0,1.3258878,0.7324667,0.5631137,0.7073383,2.7824812,0.6647545,0.16888198,2.3896565,0.7930349,0.5129339,0.5424611,0.78926504,0.7658217,0.87840235,0.7549711,1.8259137,0.32588583,0.60618615,0.04127704,0.29203746,0.5862505,1.6774501,0.12751678,0.8395593,2.8273563,0.67299557,1.1658777,1.3254961,1.9710157,1.3208579,1.841094,2.4505448,0.69639033,1.0655823,0.5443973,1.2612404,0.21933667,0.6242993,0.5418603,2.0370991,1.5622723,0.99478227,0.65691453,0.2835882,1.173105,0.9815194,0.5164455,0.5776478,1.2703277,1.4762392,2.5694442,0.6064623,0.07493788,0.28085452,0.4414798,1.3752838,0.30171296,0.15148194,0.6465297,0.90897477,0.7217533,0.5971037,0.7788198,0.44000387,0.3435304,0.18144813,0.8283965,1.6468319,0.8330831,0.49119356,1.4441438,1.1034263,3.0573602,1.6226237,0.7032407,1.0442522,1.2057917,0.13884668,0.072750226,0.4905809,0.26958266,1.1603014,1.4568057,0.56816834,0.14709707,2.5989485,0.75459325,0.67351437,0.006464732,0.46153888,1.7204285,0.5189511,0.67319906,0.68535423,0.36416364,0.6924202,0.07010911,0.44431654,0.4841018,0.010779776,0.32370448,0.18250002,0.093265265,0.0021256905,0.5680677,2.6039972,0.7615441,1.7165346,1.1682798,0.40347454,0.002422843,0.9184725,0.9584146,0.93666244,0.63286525,0.78926724,all_pothole_images\pothole_images_enhanced_d778daa7c8d8125af39a6513d2ca592b.jpg
1.5853437,1.412308,0.21344835,1.6004598,0.90525144,0.783233,0.99620235,0.025832176,0.7432994,0.52787304,0.0613839,0.7086803,0.22469485,0.9168099,0.11251313,0.3317721,1.1405295,0.30422238,1.87229,0.6424999,0.89523554,1.9852326,0.109297924,2.0649216,0.7987582,0.16802348,0.03358898,1.272952,0.7687404,0.25491,1.210372,0.121883914,2.3518257,0.613849,0.79504377,2.101695,0.96087456,2.465277,1.3710172,0.32593077,0.15278204,0.0011829832,0.07993921,1.7632194,1.6656653,0.8186451,0.059135184,0.040775027,1.4310665,2.353732,1.3337775,0.19097121,0.02136931,0.64064074,0.55260706,1.1271806,2.3424616,0.14026268,1.6703438,0.2555473,0.09920525,0.0075560594,0.28906095,0.04449579,0.3795822,1.2121801,0.4091116,0.18714271,0.9603544,0.09064742,0.0,0.8933447,0.48760137,0.19030726,0.83436316,0.57542855,0.22152904,0.29059854,0.48229688,0.5759333,0.0034946064,0.08955953,0.17565487,1.2811203,1.6801229,0.26924673,0.40357736,1.6015447,2.6567478,0.9596386,0.31197497,0.16266116,0.08894613,0.29787585,1.2718389,0.15333368,1.9979924,0.6716587,1.7424613,0.011028347,0.0011070346,2.2251759,1.9561026,0.3520424,0.8159724,0.6053117,0.16802825,0.63623685,0.13788162,0.37091574,0.071499966,2.3238447,0.66201335,1.0898772,0.32336634,0.6502715,2.9066608,0.47910845,3.744563,2.7073689,2.2699738,0.695267,0.012440531,1.7276225,0.13311869,0.49613535,0.66997963,1.8886338,1.0501205,0.011548543,0.3669874,0.03127729,0.20614661,0.36299935,0.15344594,1.8450615,0.0,1.7308134,0.33171326,0.66077703,0.16930631,0.950308,0.57320726,0.6973443,0.042109106,0.2095048,0.028523162,0.91352373,0.065068334,0.4144951,0.8369872,0.043034434,0.08316148,0.062299483,1.8634619,0.2782661,0.9359868,0.086539246,2.2945263,0.05414957,2.5839202,0.99280554,0.018060163,3.0567052,0.11676204,0.5631535,0.85636246,0.055667583,1.6125671,0.32971382,0.3649967,0.046026997,0.055978283,0.5477418,1.5752805,0.197746,0.019733723,0.055392575,0.4551209,0.5176578,0.0,1.2345319,0.7387413,2.7151825,1.1650392,0.9179792,0.33401936,0.72634774,0.7326112,1.1981995,0.1343345,0.39203978,0.15487827,2.1957438,0.39922848,0.7062846,0.37282702,0.8754233,0.6979613,0.27582783,0.10069906,0.9703299,0.18147424,0.93685895,0.6290643,0.856644,0.64553887,0.31387374,1.7502366,0.03423991,0.0,0.003674817,0.10004889,1.1245564,1.5807663,0.98737365,0.2803733,0.016964156,1.2096677,0.27730027,0.2101427,0.56288886,0.8339536,1.0946783,0.0,0.1597194,0.6704319,0.36131114,1.041689,0.0,0.16764905,0.059472658,2.2197442,0.36453924,0.17905052,0.7215047,2.5212202,0.2859347,0.0010777067,0.13048543,0.56369996,0.18463519,0.004504579,0.16105482,0.14664392,0.058443926,0.2379528,0.0,1.7058961,2.510678,2.2102396,0.8038977,0.707108,1.4083387,0.069500916,0.5174076,0.34199828,0.43902886,0.2141658,1.3595469,0.0,0.015409459,1.7967323,1.4776003,0.83809507,0.48635066,0.25970206,0.56021684,0.48713556,0.455138,0.03735195,0.105292074,0.0,0.8574148,0.67394894,0.9584687,0.7773265,0.07119507,0.13076735,0.35908717,0.005944096,0.0840294,0.26096717,0.24920072,1.0043024,0.4462919,0.52616143,0.09322225,0.19412854,0.09955941,0.86648417,0.17186388,0.39817992,1.1705368,0.09278616,0.114786915,0.49703524,1.9973699,0.38862857,1.6688269,0.41109163,0.7102125,0.027424328,0.47079396,3.451946,0.5368947,0.1651103,0.20920198,0.38305414,0.24377054,1.8835938,0.3942326,2.8189638,2.0040426,0.04293072,1.3860043,0.11156551,0.70908636,2.542867,0.12529486,2.2531462,0.065168716,0.6813655,0.09970596,0.42134,2.0550864,0.5760774,0.199331,0.24632727,0.22248943,0.8500447,0.21130118,0.16352686,0.02508883,0.24620819,0.6373039,0.30464846,0.063358404,0.22234215,0.3980417,0.4530707,0.2752609,2.015546,0.25964817,2.6444328,0.72029877,0.38149115,0.047582235,0.0725302,1.6606218,0.11798808,0.40899444,0.11630981,0.79214007,0.08590881,1.2787343,0.15780474,0.7929594,0.709224,1.4969336,0.033301692,0.70097536,0.22664073,0.75882506,0.5259459,1.4723806,0.78901017,0.670577,1.6014093,0.6233486,1.6512436,0.4698566,0.48680192,0.16227868,0.6703791,0.19902445,0.40886575,0.27600917,0.017510412,0.29657227,0.33316153,0.46484336,1.0868536,1.0418197,2.3400738,0.7471899,1.0183054,0.3095881,1.0469375,0.6808162,0.6804794,1.9563134,0.91992444,0.13178413,0.0031943638,0.19380143,3.1670287,0.12938568,0.23213045,0.23966694,2.0961287,1.5239998,0.96614105,0.34158963,0.46312448,0.0,0.1795394,0.8795045,0.021456154,0.18520133,1.0392766,0.35248128,0.10494326,1.9228249,0.0,0.34510094,1.1799204,6.8498586e-05,1.2908579,0.058120873,2.1189055,1.1263217,1.0123384,3.42167,2.922696,0.07599773,0.7833619,1.7025856,0.043442447,2.1927526,0.6718253,0.115451165,0.998672,1.2297211,0.47134382,4.6656003,1.2961094,0.013356433,0.5180451,0.74519026,0.0019063522,0.12489735,0.11167218,2.1199646,1.2289251,0.07177214,2.4136584,0.5595676,0.002939336,1.3227193,1.9169835,0.5970652,1.5963925,2.4380128,0.9089296,2.3133967,0.5070848,0.7949784,0.48129913,2.980987,1.7699769,0.7563953,1.5057731,0.12771837,1.3237174,1.0517665,0.5297434,0.09034806,0.17301413,0.34622103,1.2471311,0.60815203,0.078400195,0.9055077,1.957693,0.40610528,0.10136426,1.8713707,0.14820679,0.5977186,1.8475858,3.5658925,0.7251273,0.32016632,0.048525624,0.06817128,0.9698141,0.74152607,0.19517213,0.04911949,1.5759684,1.1158886,0.9797964,0.0,0.33547777,0.17975356,0.34068236,0.43090227,0.3155006,0.12108736,0.332917,5.679901,0.31918728,0.38493717,0.8641286,1.5893486,0.0052611753,0.77539825,2.1841416,0.18188064,0.39402455,0.9837765,all_pothole_images\pothole_images_enhanced_d7eb5c9bda338bde7a78b285c8c6803c.jpg
1.888814,1.3262494,0.3082097,1.1377456,0.4939473,0.77021104,1.3161904,0.3179474,0.8108847,0.67155874,0.40126172,1.8244121,0.30406365,2.0520215,1.3206509,0.59033823,0.14485323,0.37770817,0.76921016,0.87944776,2.0855227,1.3545735,0.31229296,0.5675858,2.9928172,0.59583443,0.3682567,3.6281757,0.22598562,0.6006334,0.113473475,0.24629794,1.265982,1.6171844,0.33311358,0.59220755,0.11542363,1.0803428,0.117611915,1.5313634,0.16593648,0.64479214,0.25463042,1.0109595,0.79615754,2.2959232,0.05007557,0.28502375,1.405665,1.8191133,1.46849,0.37766576,0.7321198,0.88745654,0.5060609,2.059504,0.9482791,0.4855399,1.1416693,0.103675686,0.01589412,0.4372001,0.78678924,0.6635188,0.32213235,2.5869515,0.8306481,0.1492038,0.041802462,0.28631067,0.46086475,1.1758591,0.466919,1.1174277,0.5959898,0.55251575,0.33141994,1.8545837,0.0,0.7049502,0.34292704,0.19167563,0.43379268,0.5199707,0.39843407,0.9547844,0.6159473,1.1219662,2.6181803,0.19542837,0.7052589,0.17827773,0.6947171,0.53248477,0.44753116,0.018418806,0.8666914,0.55377907,0.27126482,1.4629867,0.0204225,1.4541788,1.1338503,0.48837793,0.2915939,0.9712537,1.0226129,1.342062,0.34467086,0.39651173,0.6560059,3.0920525,2.0028355,0.20223364,0.7735673,0.481264,0.9562796,0.16172963,0.9370388,1.5352397,2.212038,0.12664892,0.15575977,0.7424517,2.0898137,0.7341661,4.66802,0.10505988,0.5831469,0.2271576,0.072496235,0.13575512,0.061111614,0.2742186,0.6817102,1.9008994,0.9976881,0.80776495,1.3843969,0.31138903,0.07763824,0.9223288,0.0,0.15403828,1.0896628,1.6566617,0.44580194,0.8787612,1.2740148,0.5083699,0.9170677,0.9652057,0.18147722,0.2844205,1.3787643,0.5632876,1.778584,0.0716039,0.6830494,1.9668983,1.397161,0.5140827,0.1994614,1.5032692,0.032635782,2.5615551,0.56928444,0.07303201,1.3773882,0.46833733,0.38200408,0.16507323,0.23885667,0.27687266,0.057052176,0.8101665,0.5362068,0.065683305,0.23591311,0.54626447,0.014952131,1.6885374,1.3678987,0.55907226,1.2147093,0.029874772,0.29360044,1.7323315,1.1029518,0.29225424,1.2058462,0.86526215,0.00022379948,1.7766235,0.15098557,0.17662899,0.8030614,0.82172704,0.4735726,0.2703209,0.65968615,1.729599,0.16205437,1.5751619,0.20431393,0.59403235,0.5254713,0.55693656,0.53613573,0.37282118,0.19680525,0.12447991,0.8110557,0.42065787,0.6865046,2.7702637,0.9590758,0.1437312,0.21439414,1.1217273,1.6026973,0.08943564,2.081868,1.0025599,0.25228938,1.1476212,2.8048747,0.012695727,0.23580146,2.1816022,0.5772276,1.045552,0.6120453,0.27061284,1.1198654,0.5749051,2.1740081,0.26571438,0.021217937,0.1295886,0.57721925,0.3017948,0.4670105,0.12191326,0.13270003,0.0033801373,0.94857633,0.22944717,1.1956776,1.8274182,2.7459111,0.45626774,1.7850796,0.68333805,0.80915123,0.9072076,0.95276755,1.0353736,0.12470175,2.4414117,0.27025044,0.16861035,0.42940897,0.5718683,0.76842016,1.6824499,0.6558606,1.4449672,1.9220754,0.15554556,0.5482585,0.16877492,0.10794721,0.50334424,0.6355944,0.3541963,0.15854813,0.9026728,0.52004814,0.19066277,0.08784659,1.2006263,0.6791925,0.46642527,0.5310269,0.41536167,2.214849,0.097846575,1.2149783,0.28850523,0.49944118,0.27591315,0.7402921,1.2351692,0.10045077,0.46816978,0.2953508,1.3959988,0.26288584,1.4762498,0.56009954,1.0670955,0.60896975,0.35743243,3.0005944,0.845452,0.0033714836,0.16428398,0.86767715,1.086532,0.57611436,1.2449012,1.6315706,2.7843883,0.35039073,1.7892754,0.4210792,1.7015154,2.7255929,0.0503799,0.2694357,0.39111492,0.28605524,0.605861,1.3433937,1.0207928,0.168671,0.30073515,0.9498683,0.5714277,1.7745471,0.48514268,0.28464383,0.28381994,0.036759105,0.54122746,2.7969959,2.5560603,0.08603701,2.4415135,0.548608,0.5665563,2.2504222,1.1082367,0.8265865,0.30160895,1.0099158,0.33398393,0.40597674,0.3332657,0.4778001,0.6836614,1.1677139,0.8019928,0.7478969,0.0,0.44375828,0.8206292,0.37915027,0.8608356,0.4449522,0.111648366,0.54969233,1.101105,0.28287673,0.31231877,0.3776248,1.0850881,0.41216815,0.4998528,0.37292817,0.6400502,1.0893422,0.37059954,0.92889434,0.5055006,0.20317869,0.35472006,0.9845401,0.41247284,1.0890055,0.0754874,0.9469774,0.5480321,3.0437012,1.3180212,1.1466191,0.0,0.15000908,1.1222417,0.82639414,0.26431814,0.40999097,0.55246085,0.044601336,0.22299969,1.0610714,0.65757036,0.92526865,0.7758593,1.3962194,1.6408628,0.34412917,1.7807218,0.1056525,1.0092939,0.55947554,0.38224554,0.71444994,1.6555837,0.21254624,0.6106616,0.060907334,4.011235,0.15420915,0.9039815,1.9809328,1.317143,2.9690654,0.28898457,2.3820758,1.0504885,0.41137722,1.5366359,3.3604615,0.25491288,0.4646969,0.8214003,0.44235465,0.15661198,0.8502264,0.3340328,0.14788572,0.82210654,1.8451662,2.5055988,0.71227777,0.5256603,0.45172927,2.6382227,0.9675444,0.52260005,0.0485497,0.4584984,0.8030047,0.09144701,0.68278044,1.0336548,0.045259196,0.7131718,0.058537897,0.3896861,1.3847783,0.5385343,2.2451577,0.712854,1.0567604,0.69181824,0.58631605,1.7392966,1.1521593,0.8641095,1.1189729,1.5059851,0.22996232,0.66659963,0.8136202,0.19429836,0.09377292,1.4294446,0.35782653,0.9173042,0.54693687,0.10044952,2.2699838,0.5770683,0.43670097,2.0070393,0.53553444,0.39683455,1.2990633,1.612706,0.5413526,0.9948144,1.0250628,0.10673905,1.2455261,0.6995364,0.4949281,0.069003075,0.007310146,0.83704025,0.92388976,1.1440924,0.32154915,0.05747824,0.030875575,0.09254577,0.52232546,0.42179072,0.6468036,3.5746746,1.2319137,0.9775754,1.522772,1.3310537,0.65520895,0.47765732,0.25433922,0.5576411,0.49803355,0.60357946,all_pothole_images\pothole_images_enhanced_d84b075752f768561558c827ba370b23.jpg
0.6331812,0.39326566,0.011695083,2.7710524,0.10659406,0.18244736,1.6578667,0.261289,0.003197048,0.6559095,0.72156346,0.5125057,0.00049229455,2.989961,7.579278e-05,0.16765763,0.0055139917,1.0812612,1.1845082,0.17382948,1.2298009,0.4408162,0.016846815,0.3829568,2.07042,0.8109587,0.86092436,1.9404716,0.15100971,0.0029931152,0.27790844,0.77420425,0.0,0.35333678,0.36076266,2.7641003,0.7687239,1.5302868,1.7488983,0.13952325,0.036966443,0.39815947,0.95875406,0.28238004,1.2464634,0.7722115,0.35745445,0.18833627,1.846574,0.41015866,1.5550275,0.74189353,0.3026447,0.34023073,0.08012199,0.8916729,0.42956635,0.3435178,0.8068611,1.0321274,1.5858516,0.7978644,0.13243376,1.1156399,1.5696713,1.5986475,0.23645766,1.4381293,0.4821675,0.0012262214,0.73521066,1.0884058,0.19113947,0.27067506,1.6831698,0.09265127,1.0048995,0.80793184,0.83824,0.7861192,0.1293153,1.2733741,0.91316986,2.132866,0.028063262,0.0055546174,0.53973436,0.00048587972,1.9160337,0.70535034,0.16468582,0.5462686,0.56762856,0.36904672,0.08089439,0.0,1.0087351,0.32334405,1.7597036,1.490591,0.28201553,1.7659528,1.082555,0.12811518,1.2908226,0.020810893,0.70119554,2.275983,0.5948428,0.2696074,0.8674409,0.50611687,0.24999328,0.31616172,1.0318288,0.46892872,0.11100006,0.40885115,1.780568,1.0582957,0.22374186,0.08262277,0.27852598,1.0075436,2.2857268,0.48871478,1.512638,0.002206256,0.75093675,0.9185417,0.31831965,0.68314093,0.6901225,0.117469996,1.0990549,1.0191429,0.8421519,0.8522363,1.3096848,0.0,0.114821844,2.3023803,0.43003973,0.8874429,0.5660404,0.8232783,0.20788805,0.0015619842,1.8044419,0.02741441,0.047287837,1.0708662,0.9006677,0.16197792,1.199121,0.7269019,0.32811475,0.49915358,0.91950405,0.6564636,0.582413,1.1002092,0.04276174,1.3214195,1.357428,0.97172296,1.5857733,0.27501372,0.4873515,2.0683634,0.19175957,0.047250655,0.010490052,0.9882744,0.20374967,0.15045406,0.21801738,0.010531621,0.66054535,0.29834366,0.9966726,4.0773516,0.620588,1.8178856,2.351055,0.07318588,0.927685,0.95017076,0.053389236,0.4746357,0.22831535,1.0875945,0.2340528,0.2055682,0.43206817,0.5166393,2.3432696,0.64296603,1.9726142,0.5021065,1.2280889,0.27701047,0.058037825,1.2973676,0.11448725,0.0,0.48651505,0.020391744,2.024971,0.27801383,0.0,0.0,0.48453707,0.31844035,3.1904266,2.9447694,0.008744099,0.00079381204,0.50340307,1.4982829,0.93652886,0.022941105,0.5312362,0.26531187,0.0040104953,1.0085965,0.35591736,0.0223189,3.7420833,1.0109152,2.0062225,0.0,2.0005596,0.04038414,0.7755458,0.62933147,1.5851448,0.043260604,0.3567506,1.3987689,0.72540563,0.16581407,0.059648767,0.11847552,0.73369384,0.020221129,1.5857514,2.0724967,0.7485726,7.197343,0.17899221,1.0560496,0.13156654,0.44060624,0.26429278,0.6317413,0.55090964,1.1330879,0.9439742,4.8220396,1.309409,0.52940506,0.6947118,0.035882678,0.9022992,0.18222092,2.360851,0.17806622,0.889102,1.160548,1.0637418,0.0,1.4355303,0.8177246,0.86537915,0.40991363,0.0,0.07925844,0.5540381,0.50026035,1.5466021,0.30081475,0.04462403,0.025007201,0.0065798583,0.9151049,0.27433315,1.9418936,2.3681426,1.6961533,0.018740697,0.77620125,0.015473857,0.052998774,0.041646123,1.5709345,0.06206699,0.20233129,0.6123002,3.7910757,2.3737965,1.0356284,0.27444157,0.057788216,6.518941,1.7418673,0.4166165,0.0,0.41263223,0.65208596,0.40222016,0.16788043,1.4269098,3.7816758,1.2839072,0.5458369,0.13391937,1.0732154,6.460205,2.0574832,0.014405002,0.0,1.2354355,0.6316237,0.8129718,1.9833345,1.0285183,0.055211548,0.40111747,0.85781264,3.0826843,0.61035234,0.009767647,1.0600146,1.3983599,0.47316134,3.4208815,0.6471627,0.19735529,0.52344203,0.27974623,0.0,2.9305637,2.1419902,0.95412505,0.5414614,0.8795709,0.9083082,1.085157,0.51433426,0.044430293,0.516044,0.17978923,0.6413317,0.07488033,1.4446234,0.60627794,1.1497897,0.73474807,3.1919692,1.2620177,0.5400233,0.21741539,0.07191399,0.40043262,0.0,0.16757478,1.2057066,0.2520858,0.22071071,0.1199258,0.28695628,0.6784157,0.17612083,0.07414916,0.42765024,0.02017179,0.14745389,2.4585147,0.07713739,2.747552,0.24495675,0.52621955,1.0028918,1.7111577,0.117343806,3.1279333,0.18115972,0.41892007,1.6912308,2.328545,0.32414502,0.09918164,0.99177146,0.0811617,0.07103296,0.6272388,0.041372158,0.1717506,0.41992432,0.9593244,0.87613285,2.3935463,0.16121982,0.7845263,0.039780226,0.1206765,0.71797925,1.429576,0.3547445,0.18226053,0.0,0.025033897,0.9024323,1.3220978,2.0131454,0.043853953,1.311307,1.6054369,0.02018816,3.0791793,0.3668138,0.82642525,0.21217996,2.230408,0.89804435,0.0075392546,0.5361254,1.109162,0.7170062,0.4395357,0.6735552,1.7883282,0.05108588,2.4446702,0.38701862,0.37361276,0.19090694,1.3816235,0.028721398,0.96647424,1.4494468,0.17417821,0.024326216,0.20977323,0.17055298,1.3055232,0.7345271,0.44085115,0.7595188,2.099972,0.2268066,0.9603232,0.17418532,0.31621823,0.053538624,0.89073056,0.36479384,0.08148091,0.64104193,3.1717167,0.6444677,1.4725766,0.063272946,1.2075586,0.61984015,0.0040864926,0.0045364373,1.4577464,0.8045126,0.8893334,0.84342563,0.080244206,0.5895178,1.8825767,0.0023915383,2.5133004,1.067354,0.0,0.120495275,0.00587521,0.4417337,1.9933411,0.12792851,0.0437784,0.41422188,0.0011781966,0.0,1.6929287,0.00927901,0.6643535,1.6077679,1.3339974,0.20025218,0.0,0.2110493,0.45917794,0.7489812,0.0044147437,1.5439519,0.6609355,2.4033523,1.0661278,0.33732438,0.45250463,0.7970188,0.9246077,0.21706127,0.73434156,0.06992694,0.060693104,0.12673138,all_pothole_images\pothole_images_enhanced_d864933a77e046c26c27190acef0ec06.jpg
2.0403402,0.5281452,0.099576406,1.5441749,0.45952258,0.098621435,0.17868316,0.0,1.2401276,1.7876998,0.42143,2.2569003,0.047132257,1.1072049,0.22867344,0.020563604,0.25682336,0.001147547,0.18961182,0.7848061,1.5739446,0.36754823,0.043198887,0.889722,0.88831395,1.2447873,0.71080786,2.9369495,0.19577862,0.03048257,0.0053067766,0.06182261,0.6852507,0.40739766,0.19683596,0.44003567,0.89859575,0.77157676,1.3933916,0.013037861,0.0,0.6002583,0.5601059,0.7440712,0.65149826,0.6037019,0.16264592,1.6053436,0.37974805,0.13758884,1.0296042,0.28676057,0.5525222,0.08965777,0.22063668,1.4935346,0.91517967,0.0,0.59662104,0.18641067,0.2712047,0.2101384,0.047487054,1.2417902,0.04493693,0.91468495,0.9477999,0.9779708,0.055575594,0.0,0.23153658,0.29592833,0.17246902,0.9785788,0.37053376,0.36087227,0.22237092,0.509848,0.0017843149,0.0568799,0.96132344,0.24664313,1.4957434,0.650384,0.92862296,0.0,0.6358398,0.021962121,2.2225802,0.40695068,0.052159503,0.017765338,0.19948168,0.2548771,0.38153076,0.3333475,2.5049136,1.3043045,0.18605892,2.0252414,0.0,1.6007965,0.5167225,0.23540512,1.4227939,0.0,0.62551713,1.3044201,0.0024410659,0.5838649,0.05734032,1.1041769,2.0948682,0.3012032,0.6587588,0.8269933,0.0,0.110297106,0.255301,0.30233797,1.8543738,0.011007925,0.048285864,1.1679742,1.4523666,0.36239025,3.2765925,0.1779831,0.47477052,0.5568803,0.044328045,0.16547397,0.037762877,0.14764114,0.8172317,0.19132514,0.28374946,0.6493289,1.434303,0.0744125,0.63475084,0.8461472,0.2476224,0.09412305,0.2190295,2.5653474,0.09020789,1.2435874,0.2157722,0.21622835,1.5636176,0.765704,0.0,0.07509908,0.18452333,0.57349515,0.9115843,0.02777238,1.3278297,0.609049,0.6938604,0.35717168,0.2075402,0.4053691,0.12853783,1.0270944,0.030397335,0.3438291,0.2741585,1.6166061,0.016656063,0.10520262,0.27817726,0.0062013655,0.02972614,0.51867294,0.8067739,0.15624318,0.30877194,0.04341954,0.029559223,0.75087726,0.17817608,0.73111755,1.5583313,0.26679793,0.40505925,1.3491198,2.261386,0.24378617,0.986658,0.5819922,0.46707553,0.43747795,0.45480022,0.92402697,1.9826523,0.0024294914,2.302896,0.6603238,0.25065255,1.5063515,0.1361306,0.049747687,0.06123761,0.2719208,0.9872349,0.03861494,1.1639066,0.07633269,0.12957168,0.0067305444,0.0861791,0.33799875,1.9032018,2.536301,0.27859303,0.013508261,0.10983134,0.07308065,3.755532,0.0,1.4293588,0.08368087,0.0,0.77415496,1.2619319,0.32903907,1.1915772,0.8300738,0.00801146,0.16978194,0.36761773,0.36500922,0.5417695,0.0,3.4878078,0.05185201,0.31419504,0.18162192,0.07951808,0.20064525,0.07724796,0.28217107,0.2048137,0.0,0.2157839,0.25603226,1.8498988,4.945268,0.6609411,0.73845327,0.0,0.61395997,0.49648046,0.49485683,0.7217814,0.5977351,0.32915688,4.0871944,0.113208875,0.05095496,0.36538684,0.28617,0.034168974,0.32359102,0.5963457,0.4673591,2.528392,0.039007347,0.46557102,5.4169537e-05,0.25923836,0.057504993,0.80185103,0.3856817,0.0,0.9048066,0.43297476,0.5130293,0.06674496,0.21343799,1.4349916,0.16800728,0.036365483,0.10628504,1.3936783,0.14129354,1.4262476,0.01372384,0.1860123,0.41880417,0.3201742,0.5980243,0.008659682,1.4518174,0.32747018,0.15929915,0.07664831,2.7447112,1.5912516,0.21802968,0.08829127,0.111046605,4.725954,0.44684297,0.18394135,0.027848199,0.5665264,0.09427883,0.039363787,0.9703604,0.5977084,0.7663318,0.6446379,1.547672,0.22843656,2.5932467,2.0697072,0.8579173,0.008778377,0.15618622,0.7851275,0.17673233,0.117236994,0.36585352,0.95251274,0.033357013,1.2968912,0.12989062,0.8180825,0.010486554,0.07776398,0.10989057,0.112883255,0.035900917,4.017613,1.3385068,0.26381204,1.2881187,0.7087003,0.40568385,2.280015,1.6909688,0.9228886,0.7191898,1.5515538,0.5826548,0.13785289,0.006447335,0.6253659,0.2972485,0.07302083,0.3394369,0.6506605,0.0,0.14563301,0.59182703,0.0063153077,0.86520195,1.7090416,0.42957437,0.44894603,0.98262084,0.06378892,0.76203036,0.15231514,0.08524278,0.5806066,0.3140745,0.016311072,0.29123294,0.25376737,0.021384677,0.021663325,0.5346678,0.030055288,0.021656236,0.5257556,0.72812724,1.2571598,0.0,0.6278535,0.22428341,1.9835145,0.9853901,0.91246575,0.0,0.27047855,0.3990957,1.0249962,0.044960428,0.12471296,0.43821502,0.02495589,0.034988806,0.42297775,0.17386287,0.13241866,0.13565986,0.44293383,1.9408317,0.13805011,0.7988284,1.3830812,0.6277062,1.1911061,0.31789628,1.9990429,0.24185333,0.23872496,0.21373312,0.0,1.4157504,0.16160971,0.5488612,0.046876546,1.2323275,1.3623724,0.39176986,2.2125156,0.42794526,0.24734187,1.0150619,1.7270122,0.15007092,0.45532444,0.7156832,0.7632005,0.74755085,0.26703233,0.013096983,0.15175763,1.3088541,0.532259,1.2397116,0.029362507,1.0657531,0.0,0.41120362,0.78794837,0.085092,0.07309172,0.021447852,0.020342102,0.023808021,1.2400812,1.4093467,0.3443627,0.62168425,1.7563479,1.0051346,1.2016251,0.20213515,0.008554998,0.42129454,0.80732864,0.0,0.12519059,1.435604,2.0282362,0.14735408,0.8898027,0.66788214,0.8045578,0.15564214,0.014063908,0.021896547,0.7464292,0.7896324,0.3080611,0.18197258,0.0,0.87787026,1.5635444,0.14825186,0.41327077,1.382151,0.044773784,0.55603063,0.5785579,0.47767124,0.5674751,0.8606695,0.71260303,0.2130597,0.08852893,0.058238924,0.065543,0.007415848,0.15711562,1.770239,0.42334232,0.51298946,0.009480929,0.058185577,0.39507347,0.14173368,0.031940393,0.34554335,1.7963715,2.5010877,0.22683099,0.5178613,0.66987264,1.1840326,0.88489723,0.017754184,0.065742604,0.47455946,0.11211858,0.11402844,all_pothole_images\pothole_images_enhanced_d86f3d8acaf25b9639d63bd77493de8f.jpg
0.90644175,2.485912,1.1386131,0.8936563,1.1255625,0.50716394,1.1639313,0.16652663,2.0297368,1.070266,0.7530109,0.12541077,0.2674394,1.029971,0.5943102,0.5777642,0.23202957,0.35180485,0.50950605,0.420347,1.0977616,2.0426743,0.5800513,0.74695456,0.18020591,1.2059525,0.7358458,0.9658499,0.14074202,0.37534142,1.266633,0.007483153,1.8765032,0.14072993,0.23187944,1.1029446,0.4750083,1.0387545,0.37169218,0.4786263,0.7227364,0.30614153,0.56652176,1.5218365,0.21562502,0.3664443,0.8378365,0.29799294,0.49035457,0.09241657,0.702071,1.6095784,0.9720256,0.45624745,0.630282,0.11728347,1.3788648,0.060517114,1.0100507,0.3646678,0.4030187,0.45728138,1.9879539,0.6727374,0.18944074,1.0874078,1.5743716,0.3820926,0.13297829,0.9829592,0.018621882,1.2801148,0.5884996,0.010916532,0.28441295,1.4324633,1.0518804,0.4686717,0.47929412,0.08331867,0.53535867,0.4411227,0.12952241,1.4905097,0.07034529,0.30895215,0.23442568,0.49053726,3.2652497,0.48409873,0.08349225,0.36701334,0.35225427,0.26444754,0.29559615,0.2357351,0.9393721,2.013707,1.4032739,1.3842214,0.07941608,3.1423118,0.10188932,0.48062783,0.087937735,0.34546235,0.40934858,0.15012604,0.57436347,1.0652065,1.2117207,2.7897158,0.26437804,0.20063548,0.35801843,1.4367087,1.5588366,0.90371794,1.6352037,1.287429,1.5384823,0.7208158,1.5146492,1.9832829,0.43756524,0.71331763,0.23794977,0.76997095,1.0390619,0.644208,0.16737983,0.66543376,0.14609747,0.12460175,0.20158075,0.2754321,0.3888967,0.20518139,2.0076766,0.3088695,0.9576398,0.41957527,0.11783166,2.1621575,1.7790325,0.81615126,0.97559744,1.0071949,0.7609779,0.944147,0.6860479,1.3231636,0.05986449,1.0652667,0.8056614,0.04763046,0.077260956,0.52191097,0.39509037,0.76763314,0.8872373,1.0319412,0.107859366,0.3306366,0.072611116,0.0137492465,0.24276562,0.8043409,0.036814526,0.25516748,1.1193162,0.09547454,0.42365932,0.51875645,0.7984513,0.20941423,2.696444,0.08367605,0.017787937,0.083998404,1.1063803,1.5542107,1.5820546,0.62078375,1.7736183,0.2015531,1.0989645,0.16274993,0.39199913,0.9855685,0.5966944,0.24571034,0.5369035,0.4593146,0.2896614,0.24413563,0.69659096,0.44764242,0.5392545,0.63401055,0.011661861,0.19869381,1.2428122,0.07714136,1.5343024,0.7713212,0.6536044,1.2653912,0.5005527,0.18736626,0.13039702,0.3744958,1.6664531,1.3444483,0.2102563,0.49068147,0.40505818,0.56504446,1.2188712,0.31299636,1.526864,0.068093665,1.0999798,0.6572205,0.043205917,0.5078695,2.2455385,0.47460213,0.012336867,0.80903447,0.1918031,0.8922202,0.44793794,0.50486195,0.28505206,0.09300284,0.34532923,1.0548553,0.02125307,0.0060955053,0.84846604,0.083529614,0.12937587,1.4020886,0.01687844,0.01763786,1.0673795,0.21751331,0.97854644,2.2592523,3.2375894,0.14937057,0.13467889,0.36997128,0.06885848,0.87553304,0.62063277,0.18728283,1.7025396,0.5599734,2.1868143,1.6792468,0.28834635,0.6224766,0.114822514,0.6503775,0.029926494,0.8776628,0.90219724,2.8670564,0.22899394,0.16388704,0.05544595,0.16651188,0.45138517,1.1443064,1.2967583,1.7545596,2.019562,1.6987454,0.49299642,0.77144355,1.0489926,0.19205381,0.9573472,0.3016795,0.22717196,4.178067,1.4482343,0.07312051,0.04641056,0.17286634,1.4205507,0.620545,0.8265236,0.42317176,0.107183166,0.6368188,0.43315458,0.5791649,0.15262261,0.3977267,0.22368151,0.08427744,3.2972026,0.34200794,0.009311652,0.36236668,0.24200067,1.5044774,0.0059274067,1.6244949,2.2412853,0.19241771,0.009905242,0.168347,0.55794656,1.1832434,1.4801422,0.588778,0.6135026,0.20869568,0.12157034,0.35182828,0.72071606,0.1065123,1.9750824,0.89480674,0.74004084,2.2341642,2.0149157,0.17024176,0.3631036,1.6213229,1.3700546,0.315445,1.179544,0.485999,0.4209495,0.44415963,0.541961,0.7366461,1.3613154,0.17609923,1.0511122,0.11816036,0.05134812,0.011947895,2.164696,0.91216105,0.7146945,1.1274155,0.34801915,0.43174127,0.16043031,0.12255825,2.0205889,0.4459533,0.16178939,0.0690918,0.63160557,0.040310193,0.85770416,0.15235595,0.16494392,0.32790187,1.1830485,2.6456685,0.15709849,0.52999413,1.2109746,0.88238937,1.3144197,0.5497758,2.2777498,0.8512671,0.42473656,0.7335635,0.77366406,1.0921204,0.07005564,0.25816357,1.0060452,0.6639538,3.0093484,0.6138514,2.634403,0.17771685,0.043977283,0.9479886,1.1277468,0.6172268,0.09737803,0.16078974,0.25035062,0.5321857,0.056454707,0.7307238,0.113501534,0.41867894,0.99479395,0.2798769,0.091187045,1.8335054,0.091060795,0.09014276,0.6797132,0.3179239,0.72994393,0.22172008,0.08965268,0.46708038,0.74851555,1.8055035,0.6151829,0.23673822,0.47857207,0.898557,0.25846484,0.32839036,0.40220353,0.11909059,0.49596804,2.7266877,0.52357763,1.1630273,0.7183146,1.8313284,0.0172103,0.47682002,0.24178283,0.44317836,0.34427968,0.23581749,0.45960248,2.6703002,0.3698699,0.72327125,0.079547845,0.89339685,0.43055165,0.7915355,0.09795948,0.2780468,0.90236014,0.495453,1.3546276,0.16274245,0.60616845,0.97195446,1.4203994,0.9138222,0.2089138,0.24306507,0.9426098,0.17580146,0.84362096,0.5887061,0.1106631,0.43149865,0.6934154,1.5460896,0.8279316,0.24224867,0.4491528,0.612642,0.48543614,0.11468786,1.0332655,1.1703792,0.22169316,0.7849108,1.4598037,0.5126509,0.05352226,0.53878033,0.033820912,0.061752502,1.1357104,0.311978,1.4808407,1.9945666,0.10136488,1.3007804,0.117367014,0.21063425,3.7485065,1.0363023,0.045547824,0.39041302,0.261432,3.0891879,0.2988176,0.79882,0.30531156,0.005475816,0.7141185,0.030635862,0.26794285,0.07024938,1.4148681,1.0820215,0.31566685,0.80201674,0.38418797,0.9947848,1.682425,0.8990482,1.0593864,0.36714476,0.44272792,0.0018848449,all_pothole_images\pothole_images_enhanced_d91765aa74f72d2a820a8e3873137c4a.jpg
1.1072133,1.7490505,1.3306879,0.9702701,0.5921272,0.22303909,0.21545589,0.03542393,0.7336652,0.26492402,0.9610372,0.6465186,0.74919456,0.16403979,0.8125562,0.3417304,0.30927685,0.06303566,0.22733256,0.35658216,0.38982454,1.4648925,0.84612125,2.036857,0.8244891,0.24556161,0.3184833,0.98046607,0.09806916,0.41240823,0.43642846,0.29588196,0.16980721,1.4772233,0.8147502,0.97094077,1.1287637,0.87017065,0.2000116,0.38454592,0.23089635,0.2742394,0.25945067,0.2967847,1.0411006,0.19613476,0.69194794,0.45669127,0.5574011,1.0914739,0.17178263,0.54280305,0.2216701,0.10344232,0.1061029,0.76461136,0.5041872,0.35600856,0.96903586,0.7202571,0.19584166,0.07787836,0.06593682,1.3827088,0.2580029,1.8264842,0.07736679,0.4867179,1.0116031,0.816611,1.2358034,0.56424963,1.0407008,0.5943982,0.109982155,1.418508,0.30277336,0.5783756,0.0021542711,0.41803157,0.46664026,0.9886088,0.17070937,1.3322347,0.8179314,0.944692,0.13091461,0.08304554,2.3597846,1.115022,0.10877382,0.52606654,0.72740686,0.46237785,0.6241845,0.87202764,1.2088552,1.3539479,0.19110008,0.31481567,0.09325811,0.07209897,0.07215193,0.746352,0.18022697,0.00494345,0.33559752,0.25458106,0.08965721,0.79639244,0.05259505,1.8566831,1.7176694,0.4541549,0.60561943,0.49819744,1.3351547,0.19774452,0.31780207,0.15304998,0.72644,0.21181193,0.8823922,0.55317044,0.6918438,1.421657,1.2426168,0.4038587,0.8049604,0.54072833,1.4558504,0.047375903,0.5438438,0.025110072,0.02310438,1.6211319,0.6558477,0.3107499,1.1532297,0.0562195,0.75997704,0.51273,0.12858686,1.5338358,0.44992188,0.7270373,0.31157213,0.020772686,0.1634104,1.0839332,1.6736397,0.77047384,0.4167936,0.02723965,1.2268233,0.5584684,0.62647104,0.18047743,0.34782937,1.1687932,3.1715987,0.64988035,0.3561973,1.268371,1.1386782,0.6157463,0.15222794,0.14270279,1.1691691,0.3648354,0.009975353,0.21378715,0.012653631,0.78839964,0.8821425,0.37864003,1.478943,0.0,0.37428844,0.5231624,0.042956118,1.330456,0.5915273,1.8097768,3.9078338,0.6254859,0.53667635,0.17260303,0.8069127,1.1154771,0.4302839,0.43313503,0.41646272,0.696018,0.29696187,0.6449236,0.80075586,1.6285708,0.73264796,1.0459231,0.4230665,1.5161175,2.2064665e-05,0.23230891,1.031188,0.779887,1.3705096,0.84571135,1.1236999,0.30367953,0.15752321,0.9461283,0.63944185,0.0095784655,1.1444476,0.35341287,0.7410946,0.16179556,0.80419767,0.06516724,1.0826098,0.50219035,0.78687924,1.3973364,0.0066207726,0.82429206,0.82066214,0.90920305,1.4274648,0.8289776,0.018883152,0.047979217,0.5740701,0.09147291,1.3587943,0.10333559,0.53653216,0.01452818,0.38138053,0.06287706,0.69481003,0.059259336,0.42121205,0.07480789,0.018053588,0.0044310926,0.6699801,0.40941444,1.1850715,3.9383483,0.011361915,0.52780706,0.95967126,0.026643222,0.2829851,0.015069946,1.5562358,0.16877533,0.36160794,1.7123207,0.047667608,0.21392024,1.0523664,0.08534026,0.39220694,0.6901334,0.38260502,1.0616001,1.4742996,0.9044102,0.5325358,0.39418507,0.2143389,1.5100993,1.2253513,2.101629,0.9211005,0.25085422,1.1272044,1.160077,0.064737976,0.39896902,0.6789343,0.24255176,1.0145139,0.35967866,0.35980478,0.18604018,0.8612086,0.7284703,0.87518364,0.16991071,0.18614034,1.1139659,0.7875128,0.3777996,1.3490618,1.0662991,0.7096232,1.4114494,0.46041608,0.29444736,0.090627015,0.51568526,3.689441,0.18082595,0.34745973,0.73211545,0.5334077,0.13136217,0.3476798,0.38160223,6.0560813,2.3010893,0.44003615,0.94453484,0.0,0.85765207,2.9927118,0.48036465,0.84036666,0.10375659,0.32794344,0.72397536,0.5169798,0.49927333,1.2812842,0.23854181,0.79615766,0.44096085,6.448194,0.9871306,0.032709446,0.077272065,0.0,0.2832754,0.54987496,0.25449452,0.14117056,0.0037298426,0.29556832,0.628957,1.4596816,0.15483978,0.015903829,1.2466961,0.32993978,0.58973044,0.05010443,0.51144636,0.05438753,1.5593694,0.24402454,0.05974768,0.42380086,0.04172235,0.50950843,1.9497014,0.17466322,1.13733,0.70962256,0.0723332,1.5130696,0.65927273,0.0,0.5318593,0.089472525,0.40031752,0.5961988,0.09422558,0.07706494,1.2875518,0.23188154,0.67460865,0.6683892,1.0060894,0.1916544,1.2778448,0.4960928,0.5060592,0.84630674,0.033775873,0.69146574,1.6207287,3.6315737,1.3177356,1.6644905,0.15757334,0.14954448,2.6361578,1.3178518,2.1710615,0.122160114,0.009860056,0.48920512,0.28759736,0.45528084,1.042393,0.17858773,0.7959439,3.8850453,0.7225873,0.047062658,0.39007822,0.6856492,0.080718175,1.796462,0.27388737,0.5647988,0.13208169,1.243546,0.27791762,1.1199831,1.0275799,0.14218971,1.066319,0.7356858,0.18159026,0.5956951,0.2000161,1.1476145,0.39922068,1.0724596,0.78270376,0.3054114,0.41401574,0.41160005,1.9796886,0.8062716,1.1811589,0.31680334,0.5354334,0.76399904,1.8005412,0.5357817,2.5079467,0.3579233,1.1130567,0.13762043,0.93867147,0.6650956,0.28616259,0.49505046,1.8857684,0.11030183,0.26225558,1.5710506,0.28832683,0.6925952,1.4507549,1.9554639,0.083885126,1.6976242,1.8207531,1.5625657,0.4009754,1.2443204,0.71383053,0.3541575,0.773705,1.4491409,0.28785667,1.7571601,0.0,0.37177867,0.37661594,0.044080216,0.03296722,0.6605859,0.9295223,1.2615159,0.29458612,0.09837386,0.079978324,0.55483764,0.10565202,0.14785607,1.0302762,0.13352561,0.56893384,0.50668144,1.6120254,0.56148255,0.682435,0.0,0.559971,0.22318137,0.5793682,0.6667214,0.00027119042,0.6900608,0.58971846,0.43645725,0.29642487,0.075789176,0.2632879,0.149566,0.0,0.33858317,0.29881823,1.6667156,4.25427,0.8567485,0.6517199,0.8817765,1.498376,0.091336966,0.6237811,0.3932026,1.0210421,0.1388722,0.34964743,all_pothole_images\pothole_images_enhanced_d9376abe8e6e3010808325d919088d74.jpg
1.9556804,0.54822946,0.42690676,1.8630449,0.49225202,0.29313627,0.111735485,0.21988732,0.008748297,0.8437107,0.05567762,1.080353,0.13567914,0.3865442,0.0,0.14468428,0.0043754643,0.8011643,0.1239214,0.12303428,0.15605298,0.56760216,0.45407245,0.41723448,0.8201915,1.1925198,0.9085823,1.5356811,0.057863362,0.18152943,0.2862006,0.2779367,1.0230844,1.0913675,0.14412987,1.8758364,1.322622,0.8452944,0.06254294,0.75581896,0.54340696,1.0621222,0.99623424,0.7170228,0.44251072,1.7971153,0.21621408,0.36779156,0.74998,1.6580281,0.2972166,0.07091971,0.35848108,0.022924427,0.37533382,1.4495345,1.9543442,0.22631362,0.24992321,0.037610013,0.019626549,0.3616732,0.2662119,0.14245364,3.2757227,1.1266776,0.27677915,0.8340363,0.0,1.0673021,0.42640573,0.04676438,0.12603718,0.79306,0.034226757,0.2165513,0.33609816,0.227091,0.09063779,0.7177556,0.02430034,0.06421289,0.42664656,2.0064874,0.93658113,0.14345531,0.07844646,0.08238808,0.7077474,0.19693401,1.2828891,0.58934706,0.10857628,0.39373195,0.08225543,0.09148045,1.0462252,0.22014399,0.4027176,0.020937176,1.2730536,3.9860334,0.32990468,0.12872371,0.5127817,0.03926908,0.22879533,1.4048604,0.30142254,0.38200793,0.076873675,0.15784253,0.28177223,0.017865902,1.623486,0.39966857,1.2536275,0.21968572,2.324502,1.9901272,2.0389326,0.012057763,0.3439373,1.1894633,0.08983984,0.9945229,2.1038902,1.5232179,1.0921869,0.059053887,0.66698766,0.0014962824,0.09801522,0.011895853,0.64141804,0.97239745,0.758785,1.0862348,0.6159682,0.19481234,1.3210523,0.038649455,2.479065,0.25466552,0.12356685,0.7107247,0.04501982,0.31279397,0.4327296,0.031388402,0.6024198,0.8968826,0.50399673,0.049894538,0.99449486,0.32549724,1.9030789,0.18768033,0.32200113,0.17416625,0.1839489,0.45427525,0.50473577,0.20206915,0.037602194,0.2866781,2.0808158,0.15527692,0.98061895,0.7661273,0.6469954,0.69216627,0.032222,0.3317138,0.91581637,0.29440233,0.2189129,0.2726376,0.6790223,0.47483265,0.37703082,0.7668773,1.344287,1.0347463,3.0508435,0.0,0.5209437,0.74144244,0.22782157,2.225074,0.4152554,0.6283002,0.44048473,1.4845212,0.60955995,0.118035376,0.3636457,0.5887418,1.153342,0.0,0.9536106,0.75427663,0.44672903,1.3632009,0.43433663,0.49580243,0.44566143,1.2503622,1.8448361,0.49739265,0.0,0.18588033,0.8276434,0.43690953,0.8472609,0.55918837,1.8030326,0.10769297,0.022520697,0.6999258,0.5291286,0.45207077,0.51380527,0.16174585,0.17143704,0.61170936,0.9272845,0.39552352,2.1903534,0.8587995,0.7533875,0.51480895,0.41834685,0.0,0.34050766,0.0,1.9239964,0.815594,0.06927903,0.5404089,0.5449384,0.16712119,0.41384825,0.8848257,0.13418762,0.46966377,0.487953,0.6965831,0.64189297,6.098847,0.2509346,0.4405884,0.47625497,1.0266159,0.0,0.75538975,1.4001762,0.023453215,0.38503507,3.3076253,0.64001286,0.0113483425,0.838055,1.3623414,0.23757474,1.0221922,0.3720605,1.1559108,1.1280482,0.37638518,0.20163524,0.23677887,0.1304662,0.3570155,1.3638821,0.21738885,0.087995715,0.06080785,0.8392166,0.7715737,2.484161,0.7295053,0.52032095,0.29783753,0.3213348,0.78708875,0.3104972,0.56954265,1.4591677,1.3554583,0.50681627,0.12336335,0.25468767,1.0037268,0.13035277,0.19250657,1.46075,0.270085,0.031387776,1.8841014,0.08145877,1.1085647,1.0860124,0.24689156,4.8614216,1.6905468,0.5019517,0.0068010055,0.17844422,0.8605406,0.22375058,0.5344396,2.9791427,1.494193,0.8639097,0.32753336,0.5093943,1.4697486,4.041215,0.78574216,1.2115692,0.061945714,1.0219493,0.17632033,0.087168515,1.2385342,0.40900436,0.42505753,0.9440107,0.2830387,2.0516763,0.027478358,0.44031274,0.005051738,0.17586124,0.070549145,1.4184932,0.08656257,0.1404704,0.2787167,0.5884954,0.106881775,1.2563311,0.07469001,0.119479686,0.06116861,0.043576058,0.08880642,0.5832242,1.3368303,1.1722343,0.21248432,0.24587837,0.8542661,0.9011752,0.37033564,0.46359295,1.7131217,0.23337422,1.3140963,0.7355292,0.4459785,0.548031,0.32021368,0.1558501,0.34121794,1.0829239,0.16453609,1.0926572,0.9949365,1.1503515,0.32067925,0.82560897,0.37682015,0.49313983,0.97573537,0.5967654,0.6136973,0.069517635,1.3176119,1.4075414,0.011494775,0.6900061,0.16878541,2.0771966,1.068201,2.7735658,0.22808246,0.6052916,0.36004055,0.41214514,0.33021826,0.7144516,0.1516879,0.011662674,0.04467043,0.90521324,0.38066027,0.3114736,0.33092374,0.22384879,0.82909554,0.5454982,0.055733494,1.6249374,0.18412578,0.64333165,0.39348587,0.34699568,0.00635211,0.73707604,0.96503997,0.111044645,0.68562126,0.018696435,0.20430915,1.495082,0.66510135,0.66910475,0.10306524,1.3270148,0.97205615,1.0611746,1.0230256,2.057647,0.23319423,0.5130875,0.574758,0.21986507,0.76053184,0.058290884,0.7392136,0.2301917,0.87339425,0.2900674,1.7486562,1.8227389,0.7249389,0.2039158,0.7445031,0.621624,1.0859445,0.20712745,0.13685547,1.1548088,0.10478033,0.52649313,0.009830312,0.6950358,1.0093185,1.3046561,0.01338602,0.51106954,0.18447915,0.55614084,0.9800902,0.094223894,1.4257183,1.6999562,1.9430809,2.8366144,0.611815,1.3065218,0.28963664,0.22922313,0.09873117,0.6581474,0.0922546,0.49914163,1.1362753,0.4177404,0.56592405,0.15729043,0.16305742,0.37645203,0.10397095,0.41131738,0.84228235,0.99993175,0.023824168,0.2889347,2.4756808,0.99845266,0.5230994,0.32910606,0.47749904,0.6050288,0.230339,0.804732,0.35203198,0.5576493,0.8475177,0.47599348,1.4246602,1.2486763,0.06784749,0.1586903,0.20751925,0.6157476,2.1192968,0.77585155,6.133774,0.07488723,0.032303993,0.33315423,0.35748106,0.4426448,0.0,0.3966133,0.861667,0.2773215,1.1740415,all_pothole_images\pothole_images_enhanced_d94f8bd6a9799126eef432df3dd3d1f1.jpg
0.779327,2.2974486,1.2850089,1.7414294,0.37491474,0.5570976,0.77508324,0.23884614,0.28768405,0.9781574,0.58579546,0.86052233,0.27162614,1.8293335,0.59691197,0.83562267,0.15023844,0.098164536,1.404207,0.52874094,1.4037385,1.9195206,0.8449338,0.8325229,0.881178,1.2491236,0.21794027,2.9704509,0.3989724,0.106822774,0.72337675,0.0054998356,0.48602083,0.28276587,0.46449497,0.77747756,0.7277305,1.3316579,0.36035833,1.4186169,0.08032381,0.049993165,1.3289059,1.708255,1.1482403,0.562922,0.15839636,0.22657341,0.027874557,0.9483219,0.22083552,0.20044218,0.07920416,1.0688599,0.67018735,1.5500317,3.782901,0.054612085,0.7280355,0.11207944,0.42235875,1.7926875,1.5450028,0.18363713,0.8881185,1.189466,0.678194,0.5804658,0.95359284,0.5004886,0.7035477,0.029093532,0.058904886,0.5279313,1.1245606,1.7485074,0.224336,0.39638492,0.038215492,0.17277704,0.9711091,0.38243577,0.18835144,0.9194034,1.2184092,0.6960426,0.07851327,0.32279018,3.367368,1.4869057,0.30852738,0.34828687,0.13697551,0.01275501,0.06900322,0.22208412,0.0927867,2.1066327,2.1195796,1.177051,0.1090073,3.759929,0.3113824,0.80192363,0.8126246,0.55067134,0.18526687,0.45474792,0.76594526,0.48689625,0.42336062,1.6790335,0.4878554,1.1031994,1.6742469,0.39766327,0.58264875,0.16255705,2.2778003,1.3365608,2.3887663,0.3390632,0.0,1.6929483,0.36006525,0.9305851,0.52904594,1.011824,0.58261645,0.15293294,0.4843352,0.028090725,0.45568007,0.483584,0.28079695,0.3311541,0.3600651,2.1261215,0.024215562,0.042799577,0.19308592,1.1389172,0.5711427,0.46412513,0.18504404,0.99411505,0.6780418,0.116421774,0.16060029,1.114473,1.329435,0.1777262,0.09794662,0.011729416,2.0608144,0.18639019,0.9386763,0.31992364,0.51804197,0.63925374,1.7905217,0.08241353,0.02108059,3.0910394,0.15414654,0.17690456,3.406451,0.15830845,1.8254279,0.7318487,0.8356055,0.050401434,0.26738942,0.5417399,2.1541548,0.6854243,0.07434686,0.1639774,0.13346176,0.20276597,0.30809376,1.4114417,0.9554462,3.4125807,0.33869088,0.61757797,0.06110091,0.16348033,0.5264161,0.76704127,0.06655733,1.162919,0.25286847,3.1962779,0.084273756,0.75120527,0.7823979,1.3148851,0.26946276,1.0013913,0.093708575,0.9165375,0.027372744,0.2305555,0.5169489,0.57665515,0.8735975,1.313204,0.84965676,0.37086797,0.22067985,1.0071474,0.41490072,1.8128572,1.2036763,0.46951917,2.0431771,0.1996342,1.8364875,0.1415607,0.011704839,0.052282102,0.56535476,0.25959522,0.5145594,0.918526,0.8420354,0.52508074,0.9812108,1.3526359,0.736071,0.35568354,0.08463878,0.12060033,0.037171327,0.5326588,1.7254623,0.34629482,0.0046547865,0.08144568,0.06506282,0.0047163297,0.086374395,0.4830947,0.29663232,0.025974445,0.3531563,0.18394293,1.1322923,1.3981167,2.4782674,0.06166378,0.24049622,0.07135519,0.7337522,0.29914078,1.7065109,0.0076177125,1.2175374,2.1165106,0.53959846,0.0,1.5843247,0.68487316,0.4597122,0.1108293,0.035622913,0.40252775,0.6231086,0.12850069,0.750206,0.52822983,0.48936144,0.27903453,0.385906,0.5389056,0.7015687,0.23126952,1.0329602,0.49534208,0.047707397,0.28704083,0.44220728,2.1836288,1.7805089,0.4646219,0.7377983,0.29619107,0.14928125,0.20462827,1.5781047,1.8078758,0.29696435,0.63358814,0.46344724,0.3024262,0.8622164,0.053437017,0.7126496,1.4296271,0.1920621,0.34225532,0.049733996,1.3710217,2.765027,0.1586633,0.008186119,0.101376414,0.56775767,0.61125463,0.30298162,1.2743316,3.2405846,0.43768534,0.18326996,1.1267267,0.84360594,1.4404368,0.16021389,0.4525987,1.2478281,0.013552258,0.22546193,0.07568776,0.16075861,1.4150219,0.20826164,0.31621766,2.0540636,0.2005166,0.24265881,0.41830367,0.10843777,0.0,0.37358317,0.98371387,0.6443421,0.36721957,0.98560876,0.3771244,1.2251002,1.449427,0.8253223,0.013778287,1.3052577,0.018877173,0.9163817,0.13290739,0.25605196,1.0330154,0.16623434,0.8870817,1.4177176,0.4830203,0.26105216,0.2882054,0.45020148,1.1540238,0.29783526,0.704038,0.828092,0.8680228,0.25003126,0.89165443,0.05848142,0.3799154,0.63223034,0.08486444,0.9372753,0.7150147,0.43668547,0.32400665,0.14937171,0.43097922,1.4789724,0.80564445,0.3210364,0.520677,0.10324641,0.46388468,0.2970075,0.14582768,1.5335674,1.8044093,1.3953748,3.1684947,1.9449481,0.05049935,1.4035003,2.7754123,1.6006688,0.14680636,0.38088962,0.76547915,0.02259709,0.3271847,1.6670566,0.3732749,0.5347292,0.57218957,0.14430358,0.92367566,0.3362663,0.9520634,0.49312675,0.18048778,0.3785989,0.73023814,0.6366084,0.37798426,2.0013227,0.64003205,0.087551355,0.485657,0.05981303,0.7774921,0.73941994,0.4949592,0.12558085,0.8230047,1.020801,0.70509726,1.8572934,2.641207,3.227329,0.0,3.5434332,0.51953727,1.4396652,0.7113755,0.81704694,0.3979738,0.14865196,0.85201395,0.43892136,4.234178,0.69577193,0.70147717,0.85006917,0.23310828,0.6719371,0.3629465,0.065419525,0.06029236,0.18218033,0.313127,3.078777,1.3657894,1.1242393,1.4746792,1.0379663,0.41683725,1.5316027,0.27887917,0.7755428,1.047588,2.0310836,1.5555418,0.46768975,0.97754824,0.4802113,0.5292857,0.09753809,0.7657112,1.2960443,1.8568614,0.12047946,0.39723593,0.541988,1.3290396,1.7627757,0.2569311,0.1997465,0.21039276,0.77949953,0.23404856,0.2238368,1.1096761,0.45159128,0.28908786,1.8293127,2.7480094,0.006161275,0.3633378,0.10010833,0.1750649,0.305266,0.57651544,1.8282832,0.22375901,0.61073005,0.40347865,0.0028389273,0.36284104,0.09566044,0.0817127,0.119489305,0.3314465,0.38643613,0.17958489,0.70049614,4.8672147,0.12897848,0.77000415,0.98968536,0.117085025,0.0,0.2658584,0.10843898,1.1456281,1.0433193,1.379771,all_pothole_images\pothole_images_enhanced_d996e5ea96769b51ededebdf20bbae95.jpg
0.80470526,1.9695901,0.48465654,1.0920612,0.6135822,1.249266,0.21936569,0.07378998,0.7301803,0.36044255,0.17519534,0.6253092,0.16568324,3.556109,1.2813352,0.31060994,0.7555881,0.11262388,0.537038,0.31611887,1.2805216,2.1019175,1.0035157,2.172016,0.8464176,0.9932447,0.81734794,0.61008096,0.21404399,1.1521459,0.39465678,0.9356845,0.34166616,0.19236669,0.60132396,0.14855297,0.85315937,0.87515086,0.47220415,0.03721358,0.5171398,0.6328504,0.43161374,0.12266887,0.776894,1.0603673,0.14951488,0.48044562,1.3042203,0.48903444,1.390476,0.08424295,1.3207222,0.5160656,0.0,0.60546166,0.06364124,0.021362118,0.7782983,0.12440704,0.123533204,0.0057472056,1.6465247,1.0464357,2.2529986,0.115687564,0.76780623,0.14705378,0.0020050444,0.32932737,0.37268728,0.16955157,0.018116875,0.44463181,0.038541697,0.9494945,1.2823817,1.1728759,0.32692647,0.071227334,0.63872033,0.586167,0.5155411,1.1558329,0.20557429,1.298875,0.12633896,0.064896904,0.683896,0.13376576,1.071275,1.0454831,0.86074626,0.782128,0.83535236,0.0031251449,1.9194226,0.14190313,0.41247255,0.8092195,0.48225784,0.30936602,1.2182457,0.016891204,0.24276012,0.7777204,0.12440071,0.41130462,0.5720027,2.0342405,0.040293064,0.98702586,1.626843,0.055690493,0.375917,1.8563939,1.5672762,0.5805014,0.32959062,0.6794802,0.8979317,0.6530422,3.1999667,0.28686547,0.1428731,0.094565995,0.8684507,0.18339686,0.5353582,1.4215038,0.6456366,0.43625158,0.023019433,0.67891246,0.06616023,1.2939829,0.63136023,0.34571233,2.9774992,0.005578456,0.61868733,0.44769174,0.66906184,1.9957591,1.4961253,0.71442705,0.19571808,0.0,0.06525246,0.09969538,0.021032412,0.30824745,0.23659614,0.088055626,1.9456263,3.2520368,1.1852101,1.4057609,1.0810581,1.1397336,0.3469795,0.6612611,0.6447839,0.64348614,0.41331318,0.25230128,1.0088333,1.7711885,1.3870128,1.0940157,0.14807326,0.11460493,0.2573663,0.9829766,0.01823846,0.6742762,3.6636565,1.8293737,0.5063049,1.0224054,0.108875155,0.6507286,0.6332366,0.07996938,3.4430928,0.28571165,1.0569806,0.0,0.7142904,1.0816466,1.5208623,0.09216069,0.81106925,0.0048752944,0.8061971,0.028211365,0.8797209,0.36008587,1.5842928,1.2881304,0.39401618,0.52394414,0.7542565,1.4595962,0.4977635,2.082885,0.5371272,0.45856634,1.6939831,0.73937494,1.0879111,1.1463206,0.54344696,1.8324287,0.6011157,0.99843115,0.3872139,0.05065871,0.18265082,0.1522014,1.0138595,0.3464218,1.3757362,0.12769052,0.06017645,0.095246956,2.3379881,0.96408206,3.95889,2.223616,0.11987791,1.0658728,0.2845779,0.4539594,1.34483,0.0,2.2202818,0.97501683,1.6623948,0.5478304,1.4410827,0.24310404,0.6147623,0.03282636,0.49493128,0.38188878,1.2900158,0.54645795,1.8175453,3.813313,0.30755007,0.36270204,0.29044768,0.12085601,0.18154658,0.0,1.9437212,0.8631868,0.0060388763,2.1007936,1.0455512,3.5167449,0.96829176,0.56785697,0.28792483,0.11375438,0.2772109,0.064013414,0.8596808,2.624436,0.24754734,0.031141162,0.13077572,0.48020053,0.5690048,1.2094953,0.58411396,0.27331823,1.582401,0.84748536,0.52475095,0.13360739,0.5996455,0.0,0.7334789,0.78308433,1.023241,1.5753591,2.4671433,0.34300476,0.24836129,1.1527814,0.56568754,0.3491813,0.27079707,0.9104267,0.63688356,0.37200966,0.6351955,1.8633145,0.24485743,0.6626596,0.07457502,0.5252433,4.3366456,1.0416893,0.22081248,0.12652773,0.93262696,0.025301952,0.41027603,0.18283176,3.046814,2.285147,0.008853614,0.6474826,0.1778457,1.0203903,1.2919613,1.0807836,0.010759587,0.031620573,1.4469335,0.9451854,1.1058602,0.4326364,2.2911346,2.2370596,0.61435395,0.93047094,4.1785407,0.46646366,0.071554184,0.93862414,0.34656268,1.9688976,1.7059282,0.3072858,0.4729219,0.64408404,0.3829299,1.6658703,1.94949,0.42383894,0.11716765,0.24848692,0.030791486,0.4037094,1.6377543,1.2437724,0.240846,0.11013979,0.15181918,0.12202035,0.26631692,1.3041571,0.6565993,1.0716025,0.14352849,0.2285517,1.3997812,0.62586594,0.01747661,0.70922166,0.12293743,0.118379824,0.3364109,2.4538772,0.48531947,0.0029337993,0.63842225,0.81495994,0.25203484,0.5190991,0.543635,0.6200692,0.091238976,1.0468551,1.1911659,0.7455432,1.1058886,0.0,0.3120583,0.5162416,3.2710698,0.40198687,3.7605994,0.31725162,0.26275018,1.810005,1.274571,0.13353273,0.110941865,0.6143252,0.35093158,0.019106654,0.6437076,1.8985782,0.17327164,0.09845477,2.2566285,1.1604359,0.0,0.28082713,0.58788997,0.22194965,0.752273,0.5339041,1.8904533,0.3859696,0.07385602,0.21396777,0.55031085,0.1665786,0.94883305,1.2089818,0.14382517,2.5132163,0.11537061,0.6749575,1.2939119,0.15475859,1.3207198,0.13943684,1.1571193,3.1303823,0.72414964,3.4914622,1.9068327,0.09888271,0.040611736,1.224865,0.2780954,0.3726214,0.020823598,0.7322857,0.5709874,1.0495063,0.5858814,0.6532548,2.698102,0.9948846,0.06857996,0.16037966,0.33540732,1.6434052,3.3455913,0.9339636,0.661189,0.49316922,0.6958376,1.1842674,0.289225,0.69395435,0.13842653,0.1793501,1.209271,0.1984017,0.40502083,1.0204413,2.7725282,0.7765829,0.8794187,0.14209902,0.70747185,0.5129311,0.011777355,0.14694828,0.00777911,0.23135804,0.16577467,0.19326928,0.47324675,0.019958181,0.65775865,0.030569002,1.0256414,0.15236676,2.042629,0.7364238,0.35288,2.3659937,0.22410466,0.35480452,0.109483875,0.35935095,0.313969,0.11776446,1.749584,0.2079962,0.43201032,0.6662596,0.5207266,0.12997869,0.03281874,0.1977803,0.6837669,0.0,0.04620635,2.3100228,1.3755615,2.9097545,0.25915584,0.74310225,0.0,0.62810934,0.7805283,0.30486825,0.12793173,0.5395668,0.13647078,0.56065774,all_pothole_images\pothole_images_enhanced_d999d3223c86250978c0484a13a86eae.jpg
0.59186274,1.6160676,1.9822786,2.3609445,0.745708,0.52553225,0.29625714,0.028828789,0.11588326,1.562058,0.101502515,0.62108153,0.33786976,0.98363477,0.18984593,0.2689034,0.09505377,0.410801,0.47456044,0.25961462,0.32902893,1.6918441,0.600844,1.626354,1.0194207,0.54220897,0.126761,1.616687,0.8064899,0.62269354,0.30735427,0.066243194,1.4010429,0.4471052,1.0575019,1.8565959,0.8429044,1.3663945,0.2608585,0.418291,0.18797772,0.6070678,0.20675732,0.1923598,1.4276989,0.08479109,0.68536836,0.645697,0.6876205,0.40605843,0.75793695,0.38363498,1.2615359,0.04425232,0.0,1.8433398,1.8108561,0.1830978,1.1494156,0.45136413,0.055881914,0.47730395,0.4875625,0.14955519,0.09865542,1.726177,0.75967216,0.53291714,1.9778532,0.7835862,0.106121294,0.23164114,0.3600094,0.42665955,0.5243863,0.27978778,0.04967138,0.80963606,0.24528328,0.31633458,0.2621388,0.054787714,0.36951765,1.3944886,1.0662271,0.5834481,0.26830804,0.06533093,2.3107665,1.0860656,0.7190614,0.39653972,0.006378451,0.6352298,0.41054776,0.12920211,1.0016931,1.1575018,0.6113734,0.6433488,0.14792562,1.9056072,0.8659986,0.5205544,0.7928979,0.14039394,0.0033749049,0.18473613,1.0352427,1.0173988,0.099678546,2.2581873,1.9881859,0.10782177,1.2773284,0.068241276,2.3198445,0.11945506,1.0796767,0.84651035,1.0427186,0.45079282,0.670748,0.31859332,0.26682025,0.6301989,0.65325403,1.2202023,1.2237049,0.06961038,0.7906208,0.18024549,0.419992,0.1527683,0.21814267,0.9466593,0.085206136,1.357592,0.576614,0.36168656,0.42071563,2.3068953,0.09944297,0.5256743,0.22252613,1.1034821,0.11466476,0.39002332,0.45126334,0.55456924,0.5993116,0.8041365,0.03210429,0.07913224,1.1337898,0.8634279,0.71518916,0.17676659,1.7351614,0.5880741,1.3644384,0.05300327,0.07899039,1.9013588,0.34235412,0.40693688,0.3130253,0.30199522,1.8134787,0.748481,0.10453228,0.5349465,0.23161638,0.68710643,0.7769575,0.064380094,0.61413956,0.01692361,0.6636322,0.046009444,0.043108214,2.1319005,0.9791078,1.4266334,2.469276,0.9763144,0.27099574,0.37637302,0.7808071,0.82744,0.21685016,0.8989278,0.07131188,2.9946787,0.21940218,0.07408716,0.008836251,0.28430623,0.57613224,0.6568032,0.27965719,1.0935681,0.08529056,1.016801,1.8413198,0.46430388,0.316002,0.08171747,0.78244704,0.31979606,0.05683216,0.19204415,1.7383195,1.0526085,1.4217066,0.7477138,0.16748899,0.1915591,0.64307433,0.29956004,1.8639834,1.6191436,0.19918239,0.28730345,0.1443264,0.021028385,1.4467783,0.4005073,1.0113671,0.11355748,0.106482424,0.5121618,1.3240281,0.97027725,1.3524104,0.2956591,2.4452658,0.1377037,0.1435757,0.011229803,0.19414195,0.026632281,0.39048633,0.20513009,0.11107334,0.018076953,0.68515277,0.21975417,1.5818855,4.9047027,0.5919155,0.20970626,0.49116978,0.48442858,0.36315918,0.3232328,1.2322977,1.2638296,0.7888435,3.1815746,0.21327613,0.07251107,0.8787271,1.4141053,0.49406236,0.465344,1.566746,0.41216716,0.6775309,0.337491,0.44030675,0.010550437,0.23256028,1.0783019,0.8889504,0.39808887,0.43446162,1.234762,0.17610598,0.43158826,0.21879107,0.043297533,0.35992876,0.061310608,0.14999314,0.5018924,1.1264642,0.17205533,1.5932628,0.20637855,0.29682848,0.4971828,0.041083563,1.9715985,0.02404586,0.0009655879,0.94120413,1.8087337,0.06602439,2.0769897,0.0337804,0.38838667,0.20618746,0.8984236,4.2767534,0.33832008,0.12947963,0.58469284,0.8761546,0.04329219,0.76139235,1.3159248,2.7222223,2.1189065,0.08713834,2.021365,0.050096408,0.9935632,1.3594157,0.16553308,0.49270198,0.22092019,0.12010175,0.17101339,0.52459383,0.60535806,1.025703,0.35945237,0.79293287,0.24129808,3.0127258,0.28834337,0.17105979,0.075536095,0.040510114,0.187971,1.0526943,0.71126324,0.715446,0.07304765,0.5457519,0.9558663,1.5943177,0.12864403,1.296652,0.94633293,0.3991075,0.26377052,0.06719234,0.2608942,0.90011764,1.017679,0.20981573,0.6939589,0.3342822,0.1769256,0.4300806,1.1424835,0.4492518,0.59948796,0.50527275,0.079141416,0.9783409,0.048554458,0.00015001772,0.6595553,1.3987763,0.25389975,0.31479084,1.4490556,0.87406427,0.07722727,0.79469466,0.09137017,0.8238678,0.043665476,0.17201287,0.17762145,0.79674107,0.468291,0.8924254,0.19700941,0.4215834,0.8241153,4.4652276,0.61898595,1.1910418,0.03175777,0.51504236,1.785098,0.16811346,1.5055951,0.32458156,0.49281758,0.32458588,0.20467077,1.7062082,0.63430387,0.25117797,0.14024471,2.5972416,0.7974803,0.49913144,0.075793184,0.031775165,0.019143943,0.12833011,0.34590492,0.16744937,0.14874005,0.53385586,1.1973368,0.13569583,0.872065,0.0,0.53195256,0.58414596,1.1587087,0.6489592,0.22913629,1.9718207,0.4493957,1.1236105,2.2280865,1.9027407,0.8790327,1.2113993,1.2222135,1.284904,1.8009679,0.59663785,0.29403722,0.2708177,1.4466643,0.35730252,4.3905363,1.6086469,1.3030288,0.5266431,0.88129437,0.75055933,0.98405284,0.56726927,0.5160797,0.28864416,0.046315145,1.1298308,0.315375,0.37620267,1.6330512,1.1505289,0.80453503,1.5765812,0.8589149,1.1764867,1.2409598,0.88332087,0.23907885,0.19890195,1.2342551,0.82770026,0.07326145,0.80272204,0.43026733,0.62382305,0.29816,0.21602897,0.0,0.46237493,1.4746058,1.4408164,0.8655007,0.30114508,0.5147203,0.9213912,0.34409517,0.60002035,1.8487549,1.9225733,0.5734444,0.74037045,2.105625,0.80691606,0.80100745,0.15765816,0.11203398,0.75855875,0.23486087,2.2174401,0.014981999,0.42255569,0.38394514,0.22114566,0.11189286,0.07969721,0.082682006,0.5275613,0.14179504,0.6701754,0.046430126,0.63094753,5.4588466,0.98502237,0.30433917,0.6368078,0.63249993,0.037126448,1.2045484,0.5172357,0.33359084,0.58378017,1.0499748,all_pothole_images\pothole_images_enhanced_d9aee888344443d34e349481cdbe0626.jpg
0.3002705,2.6442337,0.56965387,1.3729064,0.9407191,0.31308505,0.41043285,0.0077865454,0.09604708,0.7875084,0.57046366,0.4457863,0.523848,2.5094068,0.048578788,0.83022445,1.4143754,0.82225984,1.112167,0.22494796,0.717902,2.0351322,0.9595449,1.4493232,0.0665694,1.08476,0.26913533,0.7116484,0.8714845,1.7796708,0.37798175,0.4816927,0.24416287,0.6003016,2.1386747,0.47765002,2.3232465,0.9880565,0.0858705,0.51096535,0.7028547,0.04478761,0.289159,1.931089,0.32684034,0.64498353,0.7074651,0.39533097,0.21673815,0.06013936,1.5868342,0.46879685,0.8548878,0.8371159,0.13255627,1.5666056,0.61048865,0.14887552,1.5478489,0.23307422,0.80791306,1.5869408,1.1800834,0.27645552,1.2618358,0.28751677,0.77953804,0.53753394,1.19973,0.41673204,0.8792743,0.29101923,0.8475009,0.101920106,0.34461492,1.1941193,0.30462575,0.49361908,0.22512083,0.4595552,1.3940241,0.4073823,0.3734018,2.346908,0.7991295,0.59292847,0.42234364,0.047013447,3.4014764,0.087106496,0.5802054,0.5168673,0.0152327875,0.82654727,0.68191046,0.8053458,0.341861,1.9058728,0.07120841,0.6235055,0.72743195,1.3355994,0.68188286,1.1022716,0.86361986,0.5945058,0.13346608,0.08268926,0.5089225,0.35860878,0.13088831,1.4672744,0.4900413,0.4842344,0.9354416,0.29698032,1.3154166,0.10984683,1.274497,0.7646586,0.3622101,0.6154766,0.29800084,0.40911832,0.11832057,0.7190893,0.56940484,1.7122049,0.51196605,0.96887654,1.1677247,0.45822516,0.2957611,0.14962487,0.9566066,1.0465916,0.13609287,0.53252566,0.7645707,0.6193227,1.145053,0.05156295,1.1520698,1.2749968,0.09386619,0.080365546,0.028511513,0.09470965,0.47067252,1.187212,0.8988579,1.4635919,0.27191013,0.17696929,1.179204,0.5147762,1.3619003,0.8725964,0.54311776,1.1897725,2.569076,0.90538114,0.0,1.1101221,0.45026836,0.17167933,0.75950307,0.56583667,1.3199055,0.7045947,0.4244934,0.410146,0.6387562,0.7965401,0.865665,0.5835502,0.37949237,0.18514279,0.9147821,0.49822634,1.6410497,1.9114575,0.20644769,0.22456506,0.20670299,0.7747205,0.664652,0.30627498,0.4075981,0.5537372,0.031856257,0.7833288,1.3223485,1.0895674,0.015390784,0.07377465,0.72195315,0.71990126,0.766311,0.61401695,0.25250593,1.0037489,0.65334535,0.47291836,2.5565999,0.6874246,0.6763931,0.27679357,0.60650223,0.38250476,0.4673733,0.5332275,1.5639164,1.5720265,1.7853869,0.84012324,1.435658,0.9873061,0.56924015,0.3522033,1.8151779,0.23819341,1.1319718,0.39286867,0.59901714,1.0270243,0.31871298,0.44786435,1.7913811,0.04816564,0.71356255,1.1013962,0.22853361,0.7495703,0.68376213,1.1618907,1.3596611,0.29253435,0.0,0.4114258,0.0420259,0.18082519,0.021990076,0.3796635,0.67037374,0.6838683,1.3179511,0.30748996,1.3694427,4.180291,2.0621662,0.038457036,0.59448457,0.9358735,0.0788379,1.5531937,1.9803942,0.7209084,1.1969085,1.8057939,0.701078,0.43235272,0.75432587,1.5264167,0.90320563,0.8028549,0.09477498,0.9788622,0.53295743,0.82033676,0.82913053,0.56540096,0.09626269,0.18895304,0.3516586,0.82073957,0.68120885,0.33097157,1.1883509,0.9928111,1.183164,1.6150391,0.030876955,0.23206873,1.5407845,0.22297002,0.87894267,0.29486784,0.8118439,0.18351527,0.12586951,0.7903277,0.09500947,0.34092575,0.47291222,0.30376172,1.5307975,2.0329652,0.28767928,1.5348411,0.04960013,0.4700441,0.28133672,0.7972272,4.262176,0.39035898,0.144591,0.37671247,0.5862992,0.4337091,1.5458329,1.2214714,3.4745638,0.093045205,1.3068672,1.3769808,0.6780042,1.4569169,2.4583805,0.16200949,0.30822963,0.109582014,0.008748986,0.062076885,0.13176145,1.7708392,1.0589702,0.42713118,1.632859,0.9704175,1.5142361,0.4108165,0.0065044747,0.044922423,0.19473319,0.044282537,1.3408347,0.21222948,0.5500069,0.41850063,2.0451567,0.4261979,0.27930668,0.43748146,0.20043112,1.0559278,0.8892598,0.33438328,0.32996076,0.89318913,1.1222111,1.2039948,0.075219475,0.75261086,0.4355313,0.2013556,1.5339587,0.97910357,0.008969188,0.7467105,1.2270892,0.4117128,1.5894717,0.3723585,0.5070093,0.4333946,0.92304754,0.041397337,0.742452,0.6076874,0.67524546,0.6355223,1.1360471,1.236387,0.898925,1.1065683,0.26332194,0.025156964,0.1714033,1.4375056,0.9857011,0.29319903,2.0055292,0.30203316,1.9841244,0.58331615,1.7927256,1.7690758,2.203288,1.8928499,0.75821054,0.2089391,1.127257,1.293694,0.027304914,0.26694053,0.9365174,0.8089689,0.45968238,0.13893752,2.602897,0.79219025,0.19793288,0.4936215,0.8133741,0.017421342,0.43165147,0.43258217,0.12117743,0.46959117,1.9628196,0.59824497,0.5028968,0.8110281,1.0209712,0.45043337,0.69196117,1.5322746,0.3292991,0.06322756,0.63803464,0.0939211,0.9155343,1.5749723,0.968497,0.54244286,1.4552059,0.9910295,0.64355826,0.14028168,1.1542525,1.2952685,0.24455935,1.011709,0.69948745,1.7712144,0.42953256,1.028641,0.8198695,0.5689376,1.0395528,0.12937014,1.2295655,0.5371901,1.2142214,0.13002586,2.4422011,1.2381868,1.7140617,0.8665499,0.7213473,1.307066,2.2034605,0.7857039,1.1502776,1.5633546,1.8064562,0.13902976,0.38919836,0.8884064,1.6935964,0.5901617,1.1278216,1.6079813,0.90524495,0.3048273,0.6039421,0.1819623,1.6470003,0.6087637,1.3936956,0.5144889,0.43769512,0.6309494,0.4244278,0.4509995,0.07191496,0.69859016,0.6843875,0.29291755,0.49432877,1.0211569,0.01855986,0.52032644,0.012327433,0.12448986,0.90959865,0.078543134,2.0534952,0.27208304,1.9169655,1.0303575,1.0832939,0.023903914,0.04909377,0.5805702,0.14579952,0.20495859,0.27084213,0.26711652,1.1863003,4.096338,0.15481052,0.9767649,0.9763859,0.5091074,0.23971713,0.85175896,0.62506664,0.3137022,0.0,0.3638794,all_pothole_images\pothole_images_enhanced_da1bb70fb3ec9b7a9b3b82d92db9598f.jpg
0.94977444,0.78325915,0.099697344,1.6730522,0.6606494,0.6313283,0.47443104,0.094961785,0.4368009,0.3623411,0.8577062,1.0115805,0.121312425,0.873322,0.4656,0.71512973,0.070252895,0.34706753,0.7656306,0.094243534,0.3436744,2.0504875,0.46336862,0.8225365,1.1022272,0.5823067,0.20790058,3.0697265,0.047591496,0.0046085743,1.7072253,0.31946027,0.004910517,1.0680612,0.30698356,0.6404501,0.020796979,1.4489223,1.193899,0.7118032,0.14309277,0.0,0.33909532,0.9137076,0.19225428,1.4302237,0.09273814,0.32677662,0.0,0.30499208,0.65283215,0.575162,0.20811234,0.014485113,0.120878205,1.174161,1.2993723,0.17624275,0.050354734,0.0024209348,0.63736176,0.22379687,0.7352148,0.022478672,1.4356089,2.146909,0.40722573,0.13717341,0.38200775,0.034035295,0.1956172,0.03007205,1.1558869,0.29344708,0.08520633,0.24468169,0.039484523,1.0258178,0.37636852,0.29127693,0.34545943,0.020311192,0.00394081,2.116011,0.74659806,0.2362622,0.0011009844,0.29803854,2.4138088,0.042984564,0.34685713,0.015307316,0.28393012,0.24195194,0.04711197,0.051905435,2.2264886,0.83584654,0.9490185,1.156418,0.06862643,2.6919286,0.16441207,0.47525132,0.8775803,0.13034275,0.725999,0.97065383,0.3074567,0.053617682,0.047554746,0.19609906,0.6055772,0.937334,0.27822,0.5549981,1.7748222,0.7071986,0.5080171,1.2864425,4.244851,0.15997413,0.2211357,1.1731662,0.44517624,0.18573958,0.51665556,0.6119228,0.5840067,0.6611932,0.23295778,0.027980475,0.46400058,0.32183832,0.23327897,0.8880334,0.81256574,1.5012264,0.67715055,0.14213677,0.1830421,0.1899581,0.39403668,0.92137784,0.29874954,0.6480632,0.04892437,1.7742159,0.10273209,0.055222567,0.9453512,0.54568917,0.0,1.0478618,0.44657922,0.017871562,0.3035881,0.0,0.023956215,1.0456767,3.3947246,1.0510128,0.023342786,1.8287015,0.09127279,0.6036596,0.32904792,0.53722316,1.3148272,1.6209718,0.041395895,0.18549393,0.20664947,0.010129218,0.6922169,0.24446023,0.22347695,0.07092665,0.06625649,0.024428202,0.23158608,2.2695034,0.7659226,1.6320848,1.6723995,1.0655158,0.50753206,1.6414001,0.7539204,0.105883546,0.007290301,0.65507376,0.0715088,1.4074137,0.94890773,0.038114276,0.34471083,0.10582365,0.34474793,0.82438606,0.3036254,2.0519097,2.0810125,0.59821194,1.2532344,0.3560447,0.23295192,0.45589945,0.51623684,0.16683133,0.028975789,0.0,0.99426234,0.057933856,2.1088195,1.6868083,0.30395725,0.20405455,0.68261033,0.0028436198,1.1245198,0.3454462,1.065504,0.2860959,0.1131918,0.70996183,3.7801046,0.21870206,0.47680563,0.49259022,0.34403172,0.8479373,0.21925186,0.03293158,0.48645407,0.25520608,3.5069396,0.022866098,0.5635657,0.9229371,0.30737442,0.038940348,0.955406,0.23305772,0.89905155,0.0,0.15357026,0.41319898,0.06559439,3.217553,3.004633,0.4488839,0.14652818,0.8369797,0.08933226,0.010480879,0.3753318,0.3796786,0.5226776,0.8106052,0.34965038,0.012279523,0.6101082,0.35280094,0.14960374,0.31890118,2.2829764,0.3768746,1.3201326,0.0829627,0.056012988,0.4759629,0.16769634,0.4518626,2.1493013,1.1141595,0.7072873,0.758354,0.9957462,1.0287157,1.8385412,0.026384281,1.8350999,1.0941291,0.2665067,0.85577244,0.5215094,0.98075104,1.3743426,0.26554823,0.13723233,0.049055338,0.14284782,0.46165332,0.37732446,0.06840671,0.4995285,0.501441,0.17214406,1.5305903,0.4313841,0.8582636,0.18444175,0.6928971,3.283834,0.41068733,0.34627858,0.3113746,0.112354584,1.1687372,0.25364837,1.3535151,1.8386582,1.4610802,0.69631505,0.6395528,0.009040822,2.1765344,1.478936,0.13315234,1.5183113,0.04635294,0.76545143,0.0,0.5634675,0.18255946,0.4430046,0.013557497,0.22038297,0.5343297,2.1611505,0.37469018,0.1945986,0.16741683,0.18056351,0.8258838,0.94526154,0.9333836,1.4290783,0.5567969,0.19748789,0.021538544,1.3499432,1.0402458,0.74888813,0.123789184,0.33270574,0.3935798,0.4073866,0.17903183,0.34250945,0.3727898,0.5416842,0.51810014,0.28814307,0.30696976,0.343979,1.2507932,0.64493513,0.12941445,0.5189515,0.1913968,1.7916627,0.6576993,0.19080964,0.0,3.1683648,0.12946503,0.5079934,0.11013107,1.9926305,0.4898074,0.2175515,0.1568366,0.10547803,0.0003033335,0.013316691,0.22399937,1.761166,0.1567446,0.547777,0.08078887,0.20586567,0.1170979,3.0337462,0.42475313,0.50409347,0.04780435,0.0,1.2310297,1.9413276,0.37059593,0.11312308,0.21216202,0.10105991,0.18455042,0.5926193,0.04041888,0.11414596,0.07358253,2.8383422,0.5773067,1.8492028,0.849012,0.4056162,0.486683,0.47433022,1.1052109,0.36619553,0.022296946,0.45090848,0.05984904,0.061103906,0.42610136,0.42058018,0.26153672,0.037738066,1.1426065,0.37260133,0.0,2.4329727,0.30076674,0.8869098,1.6557328,1.0221134,0.12654476,1.3850055,0.9119697,0.27153125,1.2957331,0.6604892,0.029857898,0.704614,0.9919643,0.30547616,3.709221,0.7158937,0.71730196,0.07392888,0.48092404,0.85764647,0.785313,0.19448578,1.1904428,0.3561427,0.0039300392,1.7561295,0.49126276,0.03699888,0.16467783,2.545201,0.07655736,0.37494943,1.0701014,0.4934123,0.9498044,0.0442654,0.20306046,0.41357204,1.1090658,0.89983165,0.31203246,0.20339027,0.11616999,0.6993427,0.6058975,0.1945303,0.028579846,0.370653,0.17470273,1.3822174,0.07312071,0.3865442,0.6474566,0.40500328,0.0,0.58386743,0.75025624,1.3578752,0.2620992,0.2796485,4.514592,1.4118278,0.10086725,0.0,1.1212449,0.0,0.08099553,0.89010835,0.2792093,0.00041559158,1.2835088,0.021834623,0.29959947,1.2528943,0.37682208,0.3342655,0.06503502,0.043570884,0.33534247,0.6889154,3.0109937,1.1790822,0.104945,0.68014663,0.8345044,0.6739676,0.0,0.20321752,1.2516023,0.27937943,0.6648066,all_pothole_images\pothole_images_enhanced_da56d5599bcc11b504858a88d833c437.jpg
1.3143535,1.9347612,0.6132483,2.5358582,1.1684339,0.46408868,0.14863439,0.062485527,0.32834858,0.88445294,0.3745851,0.79503787,0.281582,1.5750607,0.12480183,0.47824073,0.1945605,0.032406893,0.69343156,0.045879204,0.74478835,2.274069,0.90552,1.6507667,1.9609393,0.22220264,0.009727224,1.9981508,2.3846866e-05,0.5538139,1.1035868,0.4902069,0.7449843,0.7213206,0.4058085,1.1042664,0.7260346,1.3472545,0.093134895,0.75459474,0.690711,0.043022126,0.38707635,0.32456803,0.782062,1.1463078,0.32333767,0.03398631,1.0112487,1.1076459,0.5282459,0.35090753,0.5244443,0.0109958425,0.14853041,1.8409435,0.7386711,0.23503388,0.80247104,0.002007418,0.060505033,0.31613988,0.3061022,0.116724536,1.2939068,1.7610395,0.43981737,0.08514029,2.2011564,0.372314,0.7625014,0.09266123,0.40148467,1.1233945,1.0277323,0.8562402,0.08658979,0.09844647,0.37617913,0.3736984,0.03409069,0.25472647,0.334563,0.74230385,1.6378236,0.9348848,0.16138597,0.31636178,2.3527493,0.85540235,0.41984674,0.44579026,0.040784303,1.5685667,0.20316452,0.26898873,1.0826944,0.8552586,0.008079203,0.043054264,0.65740484,1.2061226,0.11384187,0.3864731,1.4348552,0.65509796,0.11520653,1.3841742,0.024623545,0.43277785,0.00082172354,2.8289862,0.43053314,1.6056918,0.93591744,0.20380339,1.4514427,0.30941737,2.118981,1.7258867,3.2228336,0.9225009,0.1589783,1.7467593,0.272173,0.9806422,0.16631295,3.1993046,0.6845487,0.47284412,0.5065789,0.0,0.23475689,0.10383362,0.47912535,1.5802358,0.4139131,1.4879128,0.39156777,0.06291723,0.07856077,0.7095241,0.23218621,1.0638916,0.029600235,1.1407105,0.027039703,0.14687073,0.37663302,0.2864905,0.7349248,1.0095556,0.18262665,0.07801202,2.444791,0.8186944,1.0181829,0.62281567,1.4472333,0.7137754,3.0370426,1.1104289,0.7772471,2.1249661,0.28885737,1.6463809,1.010567,0.020951029,2.7544327,0.6684718,0.052089468,0.1549381,0.0,0.31707415,1.3819393,0.8490045,0.37092334,0.11043063,0.056704212,0.050434373,0.0,1.3890358,0.5652362,2.529389,1.2893502,1.5014223,0.38600594,0.013762963,0.6609475,1.0780087,0.09404286,0.5599893,0.33849642,2.8754022,0.16197288,1.1188964,0.8195013,1.9841087,0.07260771,0.79381204,1.3020309,1.1644564,0.45229012,1.0798888,2.3982263,0.1812415,0.90024704,0.3227469,1.8275732,0.7825368,0.14734302,0.08083619,0.50670254,1.0844022,1.2929318,1.522643,0.7125423,0.05558958,1.3518194,0.14364949,0.27369356,1.3640132,1.3665323,0.9794389,0.09339027,0.13440973,1.788677,0.40828863,1.0249152,0.045625616,0.11619652,0.33043382,1.0869406,0.52738327,0.4678058,0.037322294,1.8230176,0.42981687,0.25931486,0.27386916,0.79899096,0.23684065,0.30470517,0.63147444,0.88808286,0.06370713,0.85836244,0.9467024,0.5923516,3.9172277,1.0378308,0.54862124,1.1103985,0.19281363,0.3560824,0.042841498,0.5034666,0.54840326,0.7869937,2.3837767,0.81858724,0.017215898,0.22788562,0.49882194,0.06711426,0.6020905,0.81033814,0.38876006,0.5354253,1.2256404,0.07899928,0.06899914,0.3288056,2.0538362e-05,1.1422036,1.0687429,1.0297736,0.5116384,0.7720531,1.3840674,0.0029944624,0.82894415,1.3287495,0.8771806,0.9985697,1.291898,1.1110936,0.26339766,0.4511068,0.5048175,0.2163027,0.44163772,0.10702362,1.8304535,0.47970822,0.073368944,1.1106397,2.416453,0.15691222,1.5364937,0.48640645,0.7953278,0.14353278,0.4598941,2.5253034,0.3246242,0.06277865,1.0921947,0.2982749,0.017763026,1.1081588,1.1367294,4.773597,1.3761889,0.079112716,0.5619202,0.038052022,1.9063566,1.707196,0.11373435,1.5666326,0.006210371,0.06750418,1.1412847,0.4001903,0.62200004,0.10877225,0.09518097,0.30914232,0.45340398,2.7971816,0.26475486,0.08496858,0.0,0.029699916,0.65602887,0.01057554,0.2956515,0.6914,0.096528575,0.87678653,0.26371792,1.7894727,0.044650108,0.3906421,0.5278417,0.6115189,0.11632685,0.42098877,0.23495588,0.057613127,1.4212887,0.24825132,0.5091343,0.5015664,0.37389988,0.29216453,3.1973226,1.5826926,1.8114135,0.6421859,0.4248782,1.9922704,0.16070955,0.027538173,1.0555193,1.7939949,0.15904042,1.0864866,0.9006844,2.214767,0.58668137,0.8526249,0.29174855,0.6767413,0.8623535,0.09240994,1.1226403,0.007871838,1.3798115,1.0974007,0.72970366,0.30358204,0.6819263,2.486598,1.3180451,0.51471424,0.103371054,0.1813851,1.4445376,0.50264716,2.2770965,0.33354697,0.53464884,0.0,0.7555324,2.5206027,1.5253121,0.49725634,0.1001887,4.379322,1.2941213,0.7641557,0.35715893,0.63078487,0.21272878,0.38180065,0.50242996,0.0044180406,0.17671554,1.4322865,0.22857478,0.69510853,0.36147696,0.013517163,0.29309413,0.8085859,0.2486227,0.4241011,0.18743905,0.27432057,1.5117209,0.2759995,3.465121,1.2805889,0.28054875,2.0689533,1.088096,0.43526536,2.1527236,0.87002313,0.9047395,0.6968495,0.821983,1.3015617,3.689593,1.5698946,0.6481768,0.2957605,0.96005404,1.2795051,0.35133672,0.30505458,0.3153553,0.61002874,0.0,0.32708344,0.07431196,1.2884961,1.1973618,1.2091601,0.8345177,2.0160708,1.6158693,1.0750473,1.020448,1.2060019,0.18559782,0.9783788,2.6691968,0.9656742,1.109831,2.8624797,0.48221603,0.63505566,0.5935956,0.783773,0.020711398,1.8958436,0.43326023,1.1931484,0.8076139,0.012662116,0.8772653,2.99555,0.35466415,0.39658004,3.0535247,0.3568772,0.42635676,0.8528548,3.191511,1.6308634,1.3769083,0.104003266,0.2505648,1.1467768,0.5368648,2.7196217,0.05893331,1.6627245,0.9169023,0.11912413,0.022199003,0.6028634,0.008294896,0.1669383,0.49620864,0.796818,0.34760654,0.26657525,5.5486135,1.4157864,0.4543374,0.07821021,0.1358432,0.16529664,0.6530462,0.21082556,0.6243717,0.47877,0.2965259,all_pothole_images\pothole_images_enhanced_da9e697f7e5ef3e05e59e17f1460fc3c.jpg
1.318503,1.50124,0.33674136,2.6722066,0.089820586,3.11914,0.5408053,0.09744593,0.88742346,0.5715138,0.37214074,0.9801397,0.6629891,1.5351982,2.0786085,1.2814752,0.5129832,0.5965483,0.38965544,0.6188441,0.39157173,1.8252509,0.7222022,1.2428865,1.5948218,0.59783614,0.6633927,1.3371878,0.7188876,0.9450394,1.9397844,1.171276,0.8443021,0.89534205,0.12268183,0.4507631,0.0,0.9470553,0.4502651,0.19488315,2.2288902,0.06497378,1.0175806,3.5022569,0.35755304,0.34355384,0.704549,0.0,1.1246502,1.512231,0.5853663,0.30399257,0.31718534,0.17946854,0.43483382,1.7909503,0.8890972,1.1292977,1.404211,0.96721977,0.0047269445,0.66021764,1.8579842,0.30718872,0.73941207,1.4174079,0.48298526,0.08603684,0.18438824,0.22833452,0.64117074,0.11233471,1.1124895,1.8244936,0.9197165,1.3721511,0.4705298,2.161088,0.53415465,0.06611601,1.1757607,0.023890268,0.85490483,0.052626356,1.4586577,0.75195223,0.34072283,0.18977267,2.3111634,0.94760704,1.056789,0.18647712,0.5342135,0.61822116,0.27188388,0.23878504,0.6880831,0.60506856,0.22699839,0.39032432,0.3283671,0.3561421,0.95780766,0.94482046,0.50630313,0.91122884,0.07506636,0.61759,1.2364607,0.89105755,0.1710516,2.3781393,0.46363196,0.76590234,0.951011,0.4062041,0.9264559,1.2193425,1.549582,2.4040434,2.3911054,0.8504131,0.11799329,1.3171641,0.36598897,0.4676051,1.9842445,0.84942156,1.1782173,0.40755907,0.87771714,0.11507455,0.40060112,0.03087325,0.09894078,1.6276696,0.3908477,1.4459449,0.17694284,0.8407669,0.45184496,0.09514273,0.39688507,1.17109,1.182906,1.0122046,0.09277084,0.14881556,0.064824834,0.49673834,0.6675512,1.3385246,0.31860867,0.5147951,1.6373587,1.0830877,0.976027,0.63929594,0.8130583,1.7540525,1.6463995,0.37092775,0.026534868,4.015048,0.35038367,1.1371754,0.2718301,1.2514608,2.6205213,0.16720408,0.2645173,0.29685903,0.27613047,0.4565436,0.63777494,1.0083234,1.6310858,0.053640675,3.113467,1.4895418,0.026084615,2.8697264,0.8914112,0.5260878,0.6947935,0.7939273,0.27600318,2.0546005,0.59740204,0.6695211,0.31050345,0.661609,0.056616187,1.6693084,0.6988584,0.32888576,0.008546723,3.2353058,0.37589785,1.3888254,0.56008404,1.1595342,1.1282607,2.0220697,1.1102914,0.53286165,0.72471446,1.0753815,1.131579,0.709697,0.17913921,0.031870246,0.5785639,1.1698807,0.7631957,0.9607374,1.1479367,0.1243813,1.6208801,1.5049329,0.18689914,0.61031157,0.8538006,1.4612317,0.071238756,2.1285455,4.026017,0.36572993,0.2843639,0.24125615,0.6753192,0.23676746,0.11726829,0.34592578,1.097933,0.0019894035,1.3479971,0.7179187,1.9159628,0.15429267,0.5079278,1.3119787,0.96954346,0.11059618,0.5790346,0.2272876,1.3064862,0.46230188,1.6043448,1.3353772,2.3682685,1.1060637,1.3295306,0.05603245,1.4758357,0.75994164,1.1337612,1.704116,0.55004364,2.6687684,0.7792319,0.24395612,0.7422798,0.8904915,1.5505525,0.72542214,0.026319308,1.695336,0.7310025,1.1327882,0.1431383,0.7204464,0.9365731,0.8915455,1.1116527,0.5420636,0.7033975,1.1390707,0.76762986,0.6749388,0.3276918,0.808857,0.3982029,0.45359382,0.60350364,1.2037113,1.2396007,0.1855592,1.0350475,0.15904677,0.7066526,0.35499233,0.28969514,0.64823496,0.09204664,2.0434072,0.61096764,2.6018436,1.4217806,0.51434314,0.47688589,0.7440184,0.06500846,1.9761211,4.875395,0.43135238,0.7188465,1.0286573,0.68254775,0.92535514,0.28346524,3.196224,1.636914,0.24698263,0.23957208,1.3181437,1.1887665,0.059569743,1.3676323,2.0120864,0.22121982,0.039080605,0.1220042,0.27693227,1.2747772,0.31607556,0.39688164,0.028037654,0.5876851,1.5302393,2.9365785,0.95972276,0.34198257,0.29893282,0.054724533,0.5552214,0.35076624,0.49091244,0.9053371,0.23140177,1.170245,1.2374241,3.2109287,0.3789986,0.6004469,1.0608406,0.9650173,1.0617235,0.67924064,1.1592348,1.9412752,0.7827788,0.75575507,0.4108119,0.21941341,0.30166233,0.0,1.2813909,1.6810967,0.7464255,0.43642426,0.22449112,1.1027846,0.72450846,0.0180116,0.7115529,0.96348375,0.11969052,0.68448496,0.468903,1.535731,3.9668458,0.7470755,0.023743566,0.5299516,0.81950366,0.5662827,0.2339479,2.0876267,1.4419006,0.6313904,0.6403505,0.29778847,0.8435348,2.1301565,4.6921587,0.6266693,0.019758442,0.13425225,0.6050044,0.23355551,2.3077943,0.06632392,0.69035417,0.32655117,0.5149641,0.8547675,1.3306159,0.28493336,0.17921087,2.6730635,1.1645896,0.6648057,0.5630656,0.44162914,0.44290775,0.359523,0.6210513,0.2409631,0.993837,2.049817,0.89273006,0.32600272,0.30697265,0.6369149,0.12615381,1.553682,0.33031836,1.0793707,0.46411425,1.6058258,1.528237,0.3388456,2.4784007,3.0240479,0.034743797,2.63612,1.6075048,1.2245929,1.9859335,0.30421117,1.4112488,0.15307078,1.0778494,0.29321694,3.106117,0.6191512,1.786116,0.07994966,2.3454046,1.0560257,1.2355686,1.4308091,0.39962724,1.5287051,0.025718065,0.99585766,1.0905389,0.97442627,0.5289962,1.6729991,0.68497705,1.5287883,2.912412,0.5537189,2.6619997,1.0156679,1.1399319,1.6551806,1.6655332,0.79626524,1.7214208,2.2474298,0.79993266,0.84942144,0.4302312,0.01659218,0.112512305,0.84505415,2.1841974,1.5742687,0.96568197,0.3547641,0.28089935,1.2344109,1.3754771,0.8447901,2.1368854,0.34606025,0.17419231,0.23720273,2.5730233,0.36927718,0.996904,0.105960324,0.26423788,0.8929846,0.0021948218,2.6604273,0.329621,0.5921334,0.34547463,1.7286825,0.4090828,0.97525334,0.5256715,0.32420927,0.046463095,0.04027531,0.3640441,1.0308976,2.7807484,2.4909058,0.906451,0.6816661,2.238364,0.27169982,0.55388016,0.121800214,0.6291612,0.044057827,1.4475341,all_pothole_images\pothole_images_enhanced_daa7801d984d03df2b6d655c7ea67a6a.jpg
0.7061918,0.97460234,1.5374061,1.0999392,0.7482072,0.21522273,3.035684,0.017066063,0.20451975,1.4957204,0.07658945,0.57417643,1.1955944,0.53800255,0.0016002208,0.84982735,0.25214246,0.47277972,0.2840273,0.8879711,0.29931957,0.62171924,0.94271755,1.3225664,1.4110332,0.06939908,1.7054036,1.0263234,0.1914535,0.4638056,0.91449386,0.67450255,0.06606437,1.4491019,0.2201715,0.23255605,1.3593664,1.7751399,0.85474,0.0,0.19601284,0.13182232,0.3918385,0.8176817,0.07956578,0.25125423,2.2174413,0.5461788,0.20222203,0.1181979,0.4978994,1.2067982,0.35384375,1.4004167,1.2927393,0.25609022,1.0252112,0.13071975,0.86879075,0.0003873365,0.055556316,0.39279658,0.19485241,0.17811611,0.8761165,0.25858063,0.8351329,0.3944042,0.11400732,0.3444643,1.9998618,0.012776408,0.32591957,0.31870604,0.18418238,0.0020558937,0.1272676,1.9558886,0.005427917,0.06630442,0.026329448,1.6505793,0.44068184,0.74498963,2.650216,1.4449774,0.057263754,0.1440417,0.7923464,0.6245842,0.95979476,0.0786148,0.028617589,1.2600113,0.15790157,0.2416502,0.31477106,0.98148066,0.0772584,1.1780853,0.5232522,1.7155733,0.36509708,0.6018408,0.250309,0.50623155,0.71981966,0.25270766,0.03340978,2.179662,0.45636958,0.20609762,0.49735433,1.2329962,0.0581296,0.8391613,0.32346,0.120040245,3.6362543,0.2651466,1.3630164,0.62795746,0.23952703,0.31885102,0.0,0.5081305,2.0037193,1.223649,0.40445217,0.7093501,0.73561734,0.77426404,1.0713528,0.12224828,0.3136818,0.16931286,1.3898013,0.29657316,0.34770036,0.7839324,1.1896509,0.44059873,1.3017585,1.6798928,1.1568967,0.19598341,0.0,1.4615154,0.9343992,0.42689207,0.49158517,1.6494685,1.0305313,0.07876882,1.4383408,1.0476941,0.44988975,0.38085625,1.600839,0.114699885,0.45251223,0.11829748,0.0029408894,0.67900807,1.7600827,0.06630498,1.3684088,0.513619,0.28992537,0.38297528,0.9585862,0.2776004,0.3379054,0.19042408,2.3707962,0.12614758,0.12089788,0.07872943,0.14755885,0.14343593,0.33716014,0.033112444,0.1555478,2.6945498,0.98896337,0.13232003,0.006775531,1.4323287,0.32482705,0.509161,1.3428783,0.093206316,0.71437997,1.3617966,0.009976364,0.32149842,0.82902455,1.5367562,0.77655417,0.09000554,0.24066348,0.41064274,0.17316128,0.0009586866,0.32833347,1.1835092,1.4659877,0.13718842,4.5905404,1.3343315,0.0249769,0.61814713,0.6902092,0.623646,0.41911688,0.4359621,1.5807567,0.284437,0.029195638,0.16091624,1.4310083,0.7080933,0.8773351,0.021914518,0.40524456,0.5429562,0.9946636,0.21850319,1.0485393,0.019885119,0.6064916,0.15724792,1.4062808,0.27448002,0.08094632,0.18460868,1.7556916,1.300699,0.020887453,0.25302988,0.4674281,0.5563152,0.087718554,1.2735567,0.055793144,0.12423087,0.5069604,0.20268969,0.30664882,2.123804,0.44238257,0.109092996,0.0,1.1424434,1.3617967,0.7527005,0.047634777,0.29831126,1.3449785,1.6165265,2.8666823,2.4798064,0.5592326,0.3065103,0.012998847,0.40215802,0.055031672,0.5727987,1.3786007,0.43630427,0.30402502,0.0783555,0.1392414,0.023132738,0.023094153,0.53265,0.16531253,0.78121996,1.5285581,0.8923103,0.007237997,0.000120659264,0.39404428,1.0572978,0.47978356,0.23846,1.2602739,1.5542122,0.5239743,0.510747,0.79298204,0.2038345,0.48338574,0.76991934,0.23420334,2.8835542,2.386118,0.53064436,0.0007878334,1.9200318,0.5638557,0.3780688,0.0,0.19420083,4.036518,0.090874225,1.9121358,0.038329184,0.40444952,0.051863022,0.3808874,2.0007045,3.2818902,1.2035974,0.7310557,0.7174816,0.015388378,0.750447,1.7511111,0.7512224,1.0504106,0.7607323,1.3603431,0.47696948,0.3401371,1.0079433,0.359722,1.1197902,1.7552338,0.22138038,1.635483,0.0,1.392589,0.18218996,1.3112887,0.0,1.5238451,0.3803206,0.7881781,0.5514611,0.9811277,0.49625248,1.2764938,1.1323756,0.12184205,0.0,0.7536977,1.5346748,0.033041354,0.9505447,0.40489966,1.0669641,1.5985811,0.31794184,0.16640736,0.20785587,0.44001025,1.1317769,0.047223996,0.23123565,0.64477384,2.1241658,0.39898542,0.6374656,0.36521533,0.2112079,0.65095276,0.41808394,1.4082794,0.300806,0.34067905,0.96290994,0.8339478,0.2836691,0.9392151,0.8144881,1.5307393,1.0753305,0.8588906,1.8346856,0.49088472,0.041389976,0.16045353,0.28889233,1.0621895,1.1174462,2.7004042,0.6530477,0.5759187,1.2332506,0.0,0.46729827,0.13847344,1.3131654,0.08278822,0.44801793,0.7173379,0.27663657,1.0883669,0.41148913,0.18236582,0.14929393,1.5192028,1.097221,2.0983605,0.08581413,0.58682734,0.6982891,0.37514332,0.48531637,0.12613676,0.67558885,0.7974676,0.7887444,0.049176984,1.4446576,0.43402705,0.60269433,0.18944576,0.7226738,0.0,0.8075529,1.0690461,1.3472325,0.2850394,1.4061251,0.7909177,1.2305808,0.09194258,1.0551065,0.3127777,1.195866,0.5028443,0.7035324,0.7107598,0.70353454,0.99434847,0.61115825,0.31313896,0.64555544,0.92386144,0.07911533,0.022765568,0.073067576,0.30296788,0.0051604914,1.392575,0.1621234,0.9705573,0.37998658,1.0913843,0.33056492,1.6862849,0.46532166,0.5511668,0.16584563,0.6045075,0.12501736,0.7664208,0.20316511,0.5408952,0.79920477,0.26092935,0.12570299,0.83292884,0.7847201,0.0034161112,0.54927695,0.8200018,0.5766701,1.5419283,0.3294533,0.36026156,0.3858785,0.6864271,0.27433297,0.17873375,0.9251648,0.03590025,0.4874782,1.0669527,2.4011884,2.8440583,0.672637,0.9161719,0.93129754,1.1840662,0.033415858,0.4809946,0.07239718,0.08491694,0.79862213,0.35042927,0.20761257,0.1734384,0.63259554,0.26216003,0.17999434,0.040147703,0.4995091,1.3946337,3.5674145,0.38064706,2.3121667,0.008360367,1.5064437,0.14535347,0.87035507,0.9127921,0.2917917,0.0030164572,0.0304314,all_pothole_images\pothole_images_enhanced_dac75a068ad3395b54f8728e6d671e44.jpg
0.024510704,0.37270892,0.11352108,1.1800549,0.16482328,0.26727918,0.0,0.12448186,0.14028701,0.09333863,0.039262928,0.15072165,0.150067,2.2404597,0.050700463,0.051350936,0.08560637,0.2322196,0.4858929,0.016827375,0.13458927,1.0080932,0.11885384,0.3785108,0.42239493,0.0,0.4352308,1.7492772,0.15956992,0.017964631,1.7997533,0.16511714,0.08550138,0.05750418,0.4222594,0.072100006,0.46985385,0.728846,0.36853844,0.22574052,0.0,0.2185619,0.7534412,3.5921717,0.24803635,0.0,0.0090084355,0.16943035,0.089280486,0.95901644,0.48056692,0.075379506,0.45845515,0.17563666,0.06476581,0.6238446,0.19108047,0.052815404,0.61540055,0.4133286,0.43414092,0.0064760353,0.4133819,0.20325594,1.1165493,0.015695075,0.11546105,0.12884082,0.053280864,0.8599618,0.20683518,0.2759012,0.32644054,0.038595557,0.31040853,0.17302513,0.21061333,0.21633193,0.004215828,0.10120525,0.19304332,0.21362841,0.47186622,2.2444038,0.11030863,0.48146126,0.35604724,0.07783474,1.3277036,0.21901348,0.36978516,0.63198406,0.06842362,0.19208981,0.10718575,0.027687112,0.99706954,0.470744,0.07925497,0.037520148,0.2329848,0.07937858,0.28416315,0.01687504,0.04089331,0.6623207,0.116214186,0.3994965,0.20053056,0.5569674,0.04130229,0.43906736,0.060825083,0.06995285,0.16674337,0.002534049,2.812075,0.031981524,0.2495175,0.20654199,2.3752663,0.12632069,0.12802689,1.2682002,0.20904957,0.75054675,0.04745869,0.0,1.0238736,0.277783,0.57466567,0.054042492,0.45379964,0.036279216,0.14565098,0.632792,0.46230522,0.6102103,0.2918728,0.03337498,0.58087283,0.08488051,0.041567903,0.26593757,0.091229886,1.0955696,0.35750127,0.036910612,0.07887543,0.07220946,0.14874232,0.09069726,0.0,0.012396944,0.097600095,0.26544562,0.17585912,0.017844763,0.007377899,0.57170314,1.8027797,0.8044368,0.0,2.7621465,0.0,0.07362864,0.749479,0.008122974,0.3305151,1.5825862,0.07153594,0.23211151,0.008391958,0.088280134,0.011171754,0.017643943,0.24180003,0.037094496,0.7509328,0.0070770322,0.031763606,2.1876652,0.2327399,0.68727976,2.3369412,0.7252063,0.3296725,0.021331575,0.16748297,0.32838058,0.01104903,0.4124418,0.7461042,0.7058465,0.20459798,0.023701446,0.42447424,0.018801333,0.42857108,0.21585754,0.29665107,0.55094105,0.892144,0.5066809,1.8685981,0.44086778,0.065759145,0.7304849,0.5989517,0.029671133,0.0069892914,0.13910027,0.36547688,0.06298517,0.8812468,0.5569703,0.08114492,0.15649933,1.1829231,0.05174664,0.075157166,0.23033181,0.083299905,0.100488424,0.42549148,0.65203714,0.3100224,0.51351655,3.7751842,1.0226741,0.3993328,0.33248648,0.41877103,0.75055444,0.18817173,0.34957555,0.6757038,0.09490671,0.21468736,0.28944033,0.0,0.0,0.41936174,0.087918416,0.40774858,0.0050722635,0.5172436,0.50005615,0.37375578,3.5489166,0.026675718,0.030957088,0.24400702,0.16504064,0.46916378,0.29756546,0.4549239,0.47875714,0.11848552,0.35327885,0.095286846,0.0037860535,0.27038392,0.12848367,0.8691142,0.33351523,0.04486197,0.40072927,0.35842082,0.08438867,0.008959704,0.11870327,0.48585334,1.795581,0.5595174,1.242674,0.027821194,0.3597953,0.022473129,0.27524418,1.6292274,0.016757432,0.8840752,0.0,0.71356845,0.090647265,0.85960776,0.3891169,1.1108931,0.13575365,0.31346828,0.12468812,0.11455829,0.020127486,0.33339962,0.083941445,0.17672922,1.0800833,0.33865345,1.2524942,0.9875561,0.5169802,0.0044719414,0.28210765,6.734176,0.26689166,0.19270402,0.0141216805,0.049410876,0.08831894,0.09958398,0.054761745,2.9866855,0.98699874,0.05829652,0.5190461,0.10290684,0.03714638,1.91202,0.6048761,0.09041473,0.20659211,0.09555225,0.1397306,0.81361496,0.8710946,1.215589,0.011516084,0.0,0.28059882,4.0035934,0.23194943,0.4485628,0.090451755,0.28298602,0.3003394,0.27280062,0.27969924,0.3703201,0.020848393,0.023475595,0.101274885,1.348407,0.6098755,0.35843322,0.030093696,0.0023052257,0.54639083,0.51469946,0.73086536,0.31837142,0.40510386,0.3678143,0.016546527,0.19443241,0.31365857,0.013160944,0.98630095,0.18361787,0.57426757,0.06195733,0.52523214,0.13952023,0.0,0.26086545,0.0,0.55328643,0.2642415,0.11659292,0.07503824,0.47622517,1.0704416,0.021000618,0.2464612,0.2565767,0.4087858,0.50705934,0.60186315,0.79554397,0.3234545,0.4938204,0.0002992075,0.04227813,0.66607714,3.091476,1.5020808,0.8362618,0.019554846,0.5967705,1.6526557,1.9959519,0.11619038,0.039386693,0.42359492,0.50545686,0.08647165,0.8056625,0.09028754,0.2518768,0.13785739,5.1624436,0.16923274,0.020116238,0.20996301,0.68473923,0.0,0.011421391,0.55359554,0.09643091,0.0640781,0.28874052,0.13125214,1.0112098,0.23324923,0.14501436,0.3372036,1.0685265,0.0678907,0.012155291,0.13087295,0.97623444,0.13720231,1.0997628,0.22727872,1.1502624,0.25870404,0.29019612,0.48022518,0.38214612,0.72787243,0.4045821,0.06197134,0.2760592,0.09522905,0.26483044,2.0540357,0.3608218,0.2141491,0.32167882,0.3774776,0.24141319,1.2466983,0.47164348,1.1997608,0.43471912,0.1408343,2.2029107,0.16317867,0.00040823992,0.1739726,1.842092,0.43607634,0.15375265,0.9633749,0.027086738,0.3745705,0.17612197,0.53525174,0.19411606,0.77667564,1.6436458,0.119497105,0.15719321,0.0,0.50308865,0.014786827,0.10989613,0.0,0.08752875,0.19807187,0.4009548,0.63501835,0.18033092,0.0648848,0.80359507,0.21198164,0.7732173,0.35954323,0.054623865,0.15143377,0.02498352,2.9212132,0.10655546,0.10853991,0.030027445,0.031725008,0.046595134,0.21087259,0.40989584,0.052417755,1.025603,0.30936286,0.005537707,0.0,0.0,0.1608061,0.00027712996,0.14637822,0.029676978,0.1963734,0.016288033,3.0275211,0.5564853,0.5051484,0.39107844,0.6070515,0.3927471,0.057585638,0.39236706,0.13102604,0.03357632,0.7856055,all_pothole_images\pothole_images_enhanced_dad3825749e1a9000c2538c08c939cb8.jpg
0.22330989,0.7231995,0.18291537,1.169463,2.3171506,0.02444401,2.0017774,0.9371316,0.19533767,1.0616688,0.40418857,2.2287455,0.7883788,1.7674887,0.0,0.08215161,0.0012856527,1.9829643,0.11403257,0.9295413,0.09411933,0.055497676,0.85944414,0.5747834,1.340859,2.1569264,0.39262766,0.51915115,0.33121023,0.6375535,1.0984526,0.41356874,1.3876889,0.15502268,0.82924587,1.7545834,0.3975637,0.23265383,0.9758294,0.14690703,0.047614723,1.0215353,0.8468676,1.3081275,0.15239291,2.0947514,1.4329907,0.0,1.491171,0.13930462,0.93041354,0.796345,0.68565017,0.032707293,0.054932147,0.975232,1.1443987,3.0753746,0.52870303,1.3091288,0.6479163,0.35117996,0.6845469,0.17298038,1.1973829,0.11476151,1.1598336,1.0275698,0.21925958,0.27941096,0.4606236,0.9409192,0.10447529,0.47708523,0.107326716,0.019660043,0.27065936,0.34917223,0.0014258838,0.26853755,0.7222789,2.0343049,0.002306033,1.5999925,1.8539333,0.8184782,0.27908316,0.4088355,0.0061440486,0.28152102,0.55807686,0.21311578,0.112659656,0.061619632,0.048233323,0.2986181,0.27555695,0.4746121,0.66968083,1.089034,0.92150563,0.25423437,1.0247419,0.3539919,0.25120786,6.8281846,0.7069412,0.4959725,1.9547272,0.044623222,0.35727686,0.031060629,0.4551454,2.9932077,1.7833086,0.9271879,0.6234653,1.1907201,0.46479726,1.9757416,0.1270384,0.22778775,2.5303805,0.31821364,1.2108006,0.10986905,0.8747462,1.4106725,1.7789482,0.18113105,2.1423924,0.3638676,0.07811572,0.4972412,0.15956421,2.3975594,1.0419455,0.32794297,0.81727165,0.15342042,0.75687826,0.5913174,0.7998383,1.3114829,0.04785889,0.008858827,0.66077876,1.4918668,0.47063044,0.4307635,0.20154162,1.0199074,0.22050802,1.0651512,1.6297859,0.95260787,1.6935873,2.5690033,0.3518292,0.57852685,0.28029132,0.9048599,0.6342551,3.0188923,0.5992618,0.113970645,1.1343607,0.8544786,0.9318656,0.30332053,0.19770376,0.1491384,0.37397912,2.2059903,0.8934941,2.7528923,0.9425997,1.3251994,0.2841599,0.48202607,0.6795734,1.3387333,0.16257702,0.4367038,0.047761917,0.073825225,0.543025,0.6109594,0.0,1.845354,1.2226619,0.38237825,3.06251,1.4587474,0.42097908,0.7967518,0.2930639,0.960267,0.18777353,0.5725923,0.15868784,0.1928628,0.336354,0.43713754,0.47169185,0.27902713,1.0977541,0.70405513,1.1800389,0.96128976,0.020276073,1.119358,1.3520702,0.78474057,1.771712,0.49873504,0.80480933,1.5630915,0.8760394,0.089633524,0.09299841,0.75390905,0.82509875,0.63348246,1.1004336,0.8716678,0.4012799,0.7504211,0.11297334,0.28109717,0.25647205,0.28078628,1.7421526,0.0019342502,2.174216,0.32097706,0.70000166,0.92805123,0.20110889,3.3120472,0.90993464,0.055445377,0.209216,0.6681873,0.30985165,0.51419073,0.3033496,0.9982286,2.556046,2.0303416,0.28844273,0.19154656,0.3825538,1.1400064,0.0055571753,1.0534766,1.0446035,0.38846067,0.29752317,0.12968297,0.5619365,0.94649845,0.30382198,0.3297266,0.0,0.5434179,1.8546699,0.33438566,3.2663474,0.32783446,0.30975088,0.31187755,0.009227399,0.14117365,1.0688545,1.4550977,0.1382826,0.30951804,1.9159435,1.4910278,1.6273475,0.0,1.1925924,0.5261317,0.09201925,0.12701425,1.4071677,1.0013978,1.647614,0.36620244,0.92650664,0.3085939,0.5076458,1.0076389,0.84389603,1.7060145,2.8019419,0.112968475,1.098862,0.49701643,2.4196155,0.044567138,1.9065473,0.15207826,0.9725857,0.06432083,0.63642734,0.002417074,0.42685336,0.027878415,1.086577,0.20933093,0.0073697846,1.2489918,2.8056676,0.1871867,0.0,1.4325293,1.7557155,0.5558464,2.078424,0.62310755,1.2638735,0.46811053,0.29445273,0.20528094,0.6554156,3.6151776,0.86884713,0.64793336,0.21236683,0.15333223,0.7024849,0.7057417,0.5769423,0.891922,0.17516597,0.0031456505,0.502811,0.53560686,0.08042649,0.94360256,0.58015007,1.6891329,0.018606694,0.1768966,0.2706767,2.1437643,0.06094003,0.5921081,1.131884,0.22892952,0.10471586,0.048707265,1.5282116,0.8274628,0.36264637,0.7336934,0.23471797,0.10846145,3.4035401,0.32086995,0.7047768,0.9438581,0.33863282,0.1494448,0.19984412,0.7697095,0.4292794,1.8631008,0.017301766,1.0618927,1.7319504,0.038787432,0.065866075,0.40726167,2.027132,0.019427096,1.8588338,2.1770732,1.3124878,0.30528414,0.84925,0.18515132,0.059257604,0.4336444,3.2983317,0.22033376,0.0,0.4489791,0.27003875,0.09638765,0.84939027,1.1040293,0.25265685,0.38137972,0.54118675,0.661728,1.3203063,2.0673647,0.2448379,2.1636653,0.74916166,0.613524,1.3711905,0.09967619,2.1925077,0.8928923,0.889014,0.035601456,1.6020467,0.965661,0.6623281,0.5153198,0.9936071,0.19117922,0.38226068,0.9257102,0.72397983,0.0,0.8951436,1.0852203,1.1968893,5.60388,0.077789575,3.496411,0.9960889,0.026532898,0.7169716,1.0337251,0.22989194,1.2893388,0.12181491,1.0887669,0.54393333,0.17279364,1.3260356,0.31536642,1.0563353,0.54635125,0.0072643477,1.2338829,0.80407923,0.49726507,0.002271343,2.1805017,0.19056079,0.2620816,0.06273704,0.38304546,1.1633174,1.2116157,0.85570693,1.8142862,0.6584863,0.3220369,0.16595264,0.25628713,0.16196574,0.027700767,2.1437533,1.1377681,0.2757931,0.71227634,0.38915765,0.8759219,0.048337128,0.035458818,1.4949399,0.34530818,0.17970555,1.2207375,0.124068595,1.9812968,0.66965675,0.0,1.2981635,0.9439632,0.88765264,1.1298214,0.59507936,0.1839463,1.1125886,1.6119998,1.5014498,1.5133169,0.8678417,0.18990473,1.2035669,0.53191817,0.16414015,0.010215986,1.3275197,0.0076746256,0.16363922,0.17193787,1.0365311,1.2980692,0.69983214,1.3505728,2.0893235,1.3319198,0.09671491,1.1405967,0.053991057,0.18900855,0.2495081,0.13466476,0.37538886,0.62536466,0.0031703361,1.5436668,all_pothole_images\pothole_images_enhanced_dad5cc2f76933775886f42ddf8f365f7.jpg
0.46761507,1.0830683,0.1486563,1.9387599,2.0241947,0.40580395,1.024522,0.00041594522,0.78957504,0.6889891,0.24821785,1.105308,0.47413304,2.8488863,0.9308907,0.018728757,0.5294147,1.4849561,1.4708745,0.60781914,0.2475607,0.9953627,1.9068128,3.1305623,0.651114,0.39622638,1.205987,1.3270762,0.6487148,0.6572267,0.8654987,0.07802705,0.8382562,1.3519938,1.7101595,0.56671906,0.5405543,1.6844482,0.3484928,0.2859796,0.37121674,0.04973851,0.7111701,3.1904626,0.673645,0.5960747,0.5701468,0.28791448,0.77902603,1.2404158,0.95461655,1.279027,0.6497353,0.5659026,0.3856071,0.58982354,0.4365588,0.13879474,2.6280408,0.14159095,0.8972321,1.8630698,2.1197238,0.32937676,2.0518553,1.1157914,1.1601572,0.26962095,0.2435372,0.21088572,0.9477387,0.19134587,0.8583642,0.0197546,1.4331499,1.088031,0.82501006,1.3646833,0.29941493,0.3268451,0.917436,0.28436667,0.36498123,0.45756924,1.7082189,1.0517364,0.14524227,0.46463558,2.4494371,0.10607956,0.66906625,0.09799416,1.6258429,0.013331038,0.008299394,0.48498827,2.7467315,1.1692182,0.848818,0.64186007,0.035698548,2.6473424,0.20785487,0.7331865,1.4641699,0.8374659,1.1538762,0.48364022,0.27969727,0.5540977,0.38313326,1.3562223,1.279113,0.5430506,1.8077698,1.321989,1.266559,0.22456488,0.89265305,1.6011072,0.6108602,1.0722847,1.7215623,2.2073698,0.5950821,0.31587896,0.07797513,1.219025,1.5900402,1.6288106,1.0747753,0.21168455,1.1277772,0.1040078,0.0,2.455871,0.00046395266,1.0765177,0.91639864,0.704275,0.37853372,0.65022707,0.6202762,2.042603,0.7616354,2.151307,0.11855631,1.7315395,0.4679332,0.7733811,0.6792228,1.9019643,0.1259797,0.031720035,1.6342613,1.6023545,0.9049374,0.23943752,1.6310369,1.5070602,1.9562893,4.3304224,0.15917467,1.5190008,0.59583676,1.434643,0.4304987,0.7684359,1.5348713,0.5041168,0.8814248,0.5323944,0.32940716,0.19821702,0.3245438,0.8129166,1.1230251,0.3635815,0.30175957,0.6611016,0.05917734,2.111745,1.0853493,1.5675855,1.4886533,0.783134,0.70017654,0.47077173,1.199028,1.1139282,1.1427487,1.4797999,0.28779647,1.3185323,0.8239777,1.7073171,1.0104998,0.66456836,1.3372213,1.7873251,0.71678376,0.6733297,1.5345898,0.33406344,0.70668256,0.6006647,0.8091344,0.83092445,0.18205874,0.42040485,1.219747,0.2029519,0.7878316,0.23126002,1.4519355,0.5053463,1.4345627,0.27187425,2.1918747,0.1765299,0.28783885,0.2162097,2.373171,0.35813853,0.3522966,0.44123948,1.8967206,0.64749867,0.18262528,0.40574902,0.5956426,0.15793996,2.2359455,0.22363709,1.0996741,0.17117637,1.9142771,0.88354427,0.9891206,0.73806643,1.562726,0.23705098,0.2982099,1.0604656,0.42834067,0.122335576,1.6077197,1.1425809,1.069923,3.4606535,1.7220223,0.45972115,0.6216616,1.3401805,0.9465584,3.2007387,0.4511914,0.7284061,0.290829,2.8705487,1.2462136,1.5603995,1.4384941,0.58663017,0.05130793,0.48621234,0.3896281,0.93341017,0.7775318,0.53099906,0.13659778,0.24183168,0.37155285,1.0930434,0.124839306,1.208039,0.44883958,1.5222653,1.2913605,1.4415423,0.10741762,1.1726636,0.6233224,0.94120866,1.3640803,1.945626,0.9266493,1.2373638,3.8853734,0.029501764,0.5533021,0.051800005,1.0518274,1.5803179,0.817346,0.6611112,0.71990764,1.993775,0.19226576,1.5695184,0.72353435,1.0047836,0.18920009,0.15160248,3.6373808,0.7939319,0.0079215625,0.8273441,0.3371328,1.1257197,2.002086,2.1168847,0.4660413,1.3309195,0.5293106,0.5027775,0.5025376,0.88153976,2.7653458,0.42670143,1.7763962,0.5033224,0.36276892,0.8242137,0.753727,0.7407084,1.1383761,0.81329,0.644681,0.81518084,1.4183902,0.056983437,0.3635434,0.48925763,0.2398131,1.3641354,2.4580355,0.94975895,1.2869468,0.3141498,1.6474587,1.3380414,0.20098269,1.1584758,2.198351,0.4551632,0.22552028,0.6218263,0.052174956,1.8721802,0.39755553,0.5552843,2.4149206,0.15422684,0.38031378,0.12143351,0.89645666,0.34275913,0.6629374,0.23310874,0.78696275,0.820015,0.30131367,0.58429325,0.0038244405,0.11127674,1.2722753,3.6324944,0.6162192,0.7202825,1.06401,1.3240448,0.9730034,0.56141543,0.6810341,1.6883507,1.0949025,0.06665107,0.5440367,1.5585213,1.7779348,0.32094666,0.8100332,0.81895965,2.3706863,1.6240695,1.6052887,0.5569137,0.5069758,1.9326217,1.6223867,0.5893224,0.28919983,0.9005814,1.1014521,0.2078272,1.0062169,0.5034294,1.3542156,0.029857708,1.2484225,0.90768695,0.08129134,1.8157345,0.4612156,0.5703374,1.6636187,0.21185699,0.41066203,1.1877632,0.41820315,0.5660909,0.42979577,0.63557464,0.03633731,0.44635537,0.45913917,0.8504565,0.37099963,0.07909455,1.6290685,2.1613615,1.4437902,1.9677573,1.6309679,1.9432648,2.6860595,3.230314,0.7256275,0.8834892,0.00074888044,0.8505062,0.20915094,1.5733622,0.9570498,0.8844476,0.54217994,1.2450297,0.19469789,0.67018205,0.9077245,0.99613905,1.0017772,0.70454794,0.22466993,0.348819,2.1264431,0.49331337,0.77693033,0.90105665,1.1062016,0.928004,0.09489623,0.76256794,0.40073782,0.15624644,2.0721412,0.43130445,0.18668312,0.34300917,1.6800447,0.6398555,2.495912,1.0110221,0.107823886,0.99845505,1.7245648,0.0015532066,1.0078044,0.48566958,1.2850262,1.5009364,0.059277553,0.6567361,1.0761548,1.0951118,1.6055366,0.27099988,1.6569939,0.3326374,1.3985895,2.6502342,0.79863846,1.4533828,0.26125348,0.30192223,1.0372432,0.38434917,1.765469,0.10559818,0.69417644,1.2972605,0.040893115,0.27061757,1.2266759,0.35851115,0.16149367,0.13905537,0.2078696,0.37278244,1.5635631,2.718853,1.0847999,0.40249577,1.5914999,0.5220457,1.9341131,0.90810347,0.0579398,1.2990055,0.5176983,1.1873649,all_pothole_images\pothole_images_enhanced_dbc6bafee4e5b5b7e27e13eb3c9ba21d.jpg
1.5533328,0.1506826,0.07041337,1.0067247,0.93710506,1.0284292,0.22391886,0.57867706,0.5335045,0.26050606,0.00067736866,0.264608,0.006422353,1.0732297,1.6647618,0.026561815,0.3259388,0.58061093,0.5756027,0.3140632,1.1971422,2.6502483,0.4319598,0.086086415,1.6275741,0.5263842,0.73365504,2.1779356,1.2215861,0.03406526,1.0840647,0.25684175,1.4932424,0.35834965,0.082792066,0.5606822,0.4205526,1.406857,0.08862416,0.5420581,0.0,0.08594405,0.31387675,4.818866,0.43355107,1.2975664,0.11181302,0.3083532,0.22742291,2.3439465,1.1252509,0.17959248,0.57420117,0.079739965,0.120873004,0.61427087,3.4153657,0.2701821,0.081705965,0.11046627,0.07439002,1.3410177,0.573583,0.106974356,0.44100913,0.35883945,0.14852847,0.2606004,1.0959322,0.22247578,0.08691136,0.2416488,0.6752258,0.106502004,0.9635565,0.92319876,0.03900744,1.6164906,0.106944956,0.1888461,0.1045187,0.0,0.58228654,1.3349818,0.64963406,0.00096870644,0.13380203,0.8683196,2.7331982,0.26919,0.22270952,0.96057475,0.27876958,0.13825071,0.12731043,0.011118187,0.08787579,0.6607701,1.4376945,0.084387116,0.026310002,1.3351644,0.4083903,0.033505492,0.16703258,0.17271431,0.37332377,0.45910975,0.042683553,0.21288131,0.013960242,1.5090085,0.5574967,0.083249375,0.31018403,0.8705975,2.818461,0.14491023,2.1285577,1.6574463,2.5923548,0.37565643,0.7520895,1.7880265,0.53686225,1.1165143,0.0,0.08666085,2.0720985,0.006894801,0.15134515,0.009553694,0.002131517,0.0,0.101093054,0.44165155,0.16107282,0.9720127,0.3703891,0.82413137,0.73242176,0.8329829,1.6977452,0.32565525,0.3000978,0.18554541,0.12589283,0.22152482,0.13082121,0.19203271,0.59026754,0.0,0.1293901,0.017936856,1.8038831,0.93752354,0.81402856,0.030605836,1.7356054,0.50992244,0.27912754,0.24093877,0.43820354,0.6788635,0.007613349,0.4022293,0.21736933,0.36781085,1.8508985,0.17603074,0.0,0.43543103,0.056881286,0.12293151,0.62096506,0.2862345,1.4062166,0.008782904,0.19835186,0.14962737,0.03239357,1.4865861,3.271115,1.2584397,0.9311279,1.0480661,0.2447496,0.0024762752,0.82355326,0.3724991,0.0076377913,0.3341023,0.028958641,1.5207491,0.024763666,0.3328508,0.22178139,0.0063060056,0.16490617,0.13904436,0.40911716,0.55226415,0.89398783,2.2177672,0.4142479,0.7897429,0.2103561,0.8507818,0.2670517,0.093523815,0.003485028,0.0067421603,0.59003675,1.2543321,0.84038293,1.1179682,0.40069765,0.059257347,0.5874981,0.576621,0.46797603,0.39020795,0.57635164,0.82810336,0.092134885,0.1922693,0.70181143,0.25529197,0.68551826,0.26054934,0.31387302,0.004524299,0.08691301,0.28823423,0.13208471,0.3047676,2.9023511,0.04756072,0.00106032,0.1778209,0.20230998,0.06854272,0.1860606,0.4725397,0.45791402,0.03968332,0.45746848,0.2887494,0.6656007,3.3488355,1.9310552,0.34943977,1.1222552,0.14904258,0.5492734,1.1743648,1.385817,0.250091,0.2586044,2.8849287,0.0,0.38149026,0.39495546,0.7521589,1.3848834,0.59319735,0.0,0.89759654,0.7381345,0.34938774,0.048414834,0.05717009,0.56351376,0.4683955,0.98412246,0.30849683,0.04535405,0.22146368,0.6850838,0.09760024,0.31435883,0.647849,0.011118894,0.15097873,0.29454517,0.06676038,0.85709614,0.04099597,0.38607234,0.09171397,0.7187986,0.49028137,1.3414048,0.56553507,0.17715676,0.04981959,0.07210941,1.7952548,0.072796516,0.90302736,0.5778659,1.4598136,0.0,0.14432403,6.6205454,0.29244116,0.016531112,0.086167246,0.21976171,0.5626376,0.3404633,1.0483233,1.3243548,0.8849243,0.0060324627,1.8901715,0.0028113176,1.135721,1.6246405,0.09124664,0.28077957,0.27914998,0.21029848,0.7954768,0.100442395,0.014053906,2.2282033,0.0066322233,0.9215824,0.23803425,2.5041802,1.2279085,0.09430565,0.098045334,0.0,0.45994866,1.3806531,0.10935019,0.24914329,0.95396185,0.58310634,1.1916625,2.601356,0.007988641,1.2773023,0.17998634,0.13951412,0.1629003,0.16518492,0.85250354,0.6481741,1.019647,0.5785763,0.59778315,0.23472255,0.18162608,0.8093355,0.087923184,0.7080112,1.5414759,0.00038184665,0.0,0.020303529,0.993743,0.0632728,0.27339846,1.2973582,0.02647582,0.14957605,0.51337045,1.2771868,0.09521959,0.64023954,0.0,1.0968378,0.3669326,1.4877366,0.16650102,0.74166673,0.19036888,0.54322165,0.005168699,0.015856465,1.0449861,3.9347558,1.195563,0.27202353,0.00359931,0.16216971,0.6364297,0.061037086,1.4072001,0.27792245,0.2787834,0.09918583,0.027143884,1.7352388,0.032679603,0.22056004,1.6545706,2.5578034,0.6813462,0.43463212,0.34964627,0.18254676,0.030536963,0.10715876,0.28395122,0.28658593,0.29470727,1.221037,0.38197187,0.20760494,1.4951757,0.30289325,0.4136105,1.0746027,0.25182635,1.0311905,0.3494243,3.3631067,0.17554812,0.5833992,2.426936,2.5952055,0.094226845,0.6983424,1.0823641,0.03348954,1.22798,0.8275418,0.2918759,0.7395203,0.49239826,0.5032497,3.9126031,0.82184917,0.058159806,0.012848258,1.0578157,0.75982577,0.19785511,0.58723855,0.86515886,0.9174887,0.0,0.78160805,0.5550718,0.6054148,0.13874139,0.8924039,0.96057713,0.20737472,0.6570423,0.23507208,0.58398014,0.20649034,0.4371766,0.5884614,1.8460233,1.5847423,0.31189308,1.8924932,0.27067277,1.0490313,0.0,0.42854753,0.8620431,0.094088025,0.6541357,0.78962046,0.12426644,0.33342874,0.004365152,0.9149648,0.4689714,0.124429755,0.8558002,0.08486396,0.3788103,0.006299069,2.897036,0.5644229,0.4178377,0.2013063,0.0,0.43822205,0.23601729,1.4686316,0.144412,0.7629857,0.41967285,0.09050037,0.49772814,0.013445341,0.014481662,0.0033368552,0.25923085,1.0159599,0.19699581,0.11794219,6.299822,1.1922386,0.20072372,0.75802773,1.1087307,0.081417,0.07156337,0.18501946,0.7197594,0.3701343,0.54243785,all_pothole_images\pothole_images_enhanced_dbc8b4997855a7c0ae60e82d0242db26.jpg
0.6681858,0.727178,0.7610285,1.2301928,2.9399335,0.48243043,0.54823077,0.0160707,0.13597406,0.95471525,0.086758815,0.050796684,0.2605949,1.8731819,0.2645435,0.64220417,0.0,0.29196224,0.45537913,0.6041324,1.3934715,0.81685585,2.7167592,3.9736514,1.5942124,0.77247125,0.68873787,2.3061223,0.52270883,0.24495554,1.1396793,0.46953207,1.1916764,1.7029878,1.3894165,0.79342884,1.2551279,1.3004178,0.2037803,0.41277465,0.5561039,0.17845519,0.8117632,2.0389855,0.30765253,0.77687514,0.51445496,0.0,0.8042366,0.07573903,1.8918544,0.5445925,0.9602639,0.73730123,0.3367335,0.2514439,3.433705,0.03999256,0.654385,0.1661944,0.5339338,0.7329519,2.6349065,1.204475,1.3037188,1.4244275,0.705787,0.13963673,0.30508125,0.33977202,1.1312029,0.1830092,0.5778195,0.87248766,0.3397188,1.2667065,0.26689845,0.88321966,0.068770476,0.004657421,0.04570964,1.7857118,0.2543231,0.9391625,0.24521749,2.267786,0.8054481,0.18393256,2.3688877,0.08436724,0.42237607,0.73232573,0.15177433,0.45637456,0.23059,0.101148985,0.3813482,0.15526573,0.0046553113,1.4869598,0.21961838,2.7736413,0.2027979,0.16778004,0.620383,0.78430563,0.14389966,0.99842334,0.05535737,0.8302674,0.54431367,0.48603484,1.4029866,0.39306644,1.3443681,0.78828865,3.0483882,0.4757178,1.4771706,1.5996044,2.8373375,1.3533902,1.6134366,1.5439714,0.4520764,0.43833327,0.07418363,2.855418,2.1814837,1.0191634,1.2081903,0.0,0.6201747,0.5043564,0.20377874,2.9419022,0.51829123,0.7192919,1.0293667,1.1260498,0.88443524,1.2689315,0.043813787,0.88964003,0.6382786,1.1265259,1.3096229,0.4181392,0.7607708,0.92336017,0.56150496,1.5438749,0.58089954,0.32946745,2.004579,1.2306665,1.5963343,1.7390139,1.3662996,0.90632457,3.3313482,0.71317685,0.22872083,2.1145408,0.38222378,0.6623882,0.63053703,0.40913773,2.0812988,0.55561465,0.44637603,0.3188627,0.0046751765,1.2390387,0.09522296,0.6239427,1.5245388,0.34377724,0.069315515,0.018064369,0.124397434,2.860998,1.735409,1.7343416,2.2398531,1.2821826,0.3988348,0.34349826,0.33617365,0.4359951,0.21896338,0.3749863,0.08196961,3.667245,0.57967514,1.8196663,2.6321206,0.91331416,0.15668862,1.0304354,1.01095,1.430981,1.8336083,0.90488946,1.9018878,0.30445188,1.0232745,0.08177587,1.3590705,1.2127426,0.86416703,0.40314227,0.32074454,0.8246264,1.4338605,0.50831324,1.0569804,0.5144213,3.3943791,0.30018285,0.42160624,0.06410303,0.35304096,0.24697159,0.17106947,1.1012455,1.450436,2.0335803,1.2767844,0.15964861,0.3041645,0.43950635,2.073775,0.30865774,2.407068,0.23403154,1.7419195,0.60978633,0.2361885,1.0701692,0.4349051,0.01742113,1.923448,1.2788863,0.1648053,0.14017965,1.4477814,1.000421,0.38437238,2.2182162,1.0821159,0.44727746,1.3355125,0.16299209,1.1924641,0.4682315,0.081184976,0.1999906,1.1081673,2.5346303,0.8544381,2.4239607,0.52168864,1.6816123,0.94108844,1.5852973,0.0654138,0.35547072,1.1406326,0.51502335,0.12322769,0.087780066,1.1454536,0.26878095,0.16366634,1.0981858,2.4380937,1.6189519,0.7420967,1.26302,0.10002114,2.1642497,0.82647437,2.3123536,1.8317242,2.095803,1.1535915,1.1383176,2.6421428,0.38937694,1.2837182,0.3400765,0.113592416,2.7044234,0.32934976,0.07914572,0.51763767,0.16034997,0.5625385,0.70498323,0.56195056,0.31029356,0.43012643,0.10541291,4.81653,0.21903655,0.7512519,0.35411325,0.34926072,0.7289399,1.447986,2.7909122,1.7081326,3.2386978,0.8033542,0.079006046,0.12599717,0.8011837,0.92709875,0.6513386,1.7101507,0.51614434,0.53298265,0.63706106,0.8621969,1.684831,1.5395426,0.9248109,0.258566,0.6129042,1.33261,0.112723365,0.19177145,0.71178615,0.24225873,1.2664076,0.5210388,0.39766872,0.9774646,0.0013668321,0.27373943,0.73358923,2.4599397,0.07755979,0.20260963,0.74210304,0.77405906,0.13485886,1.115307,1.2191333,0.12751205,0.5023027,0.373872,0.86874455,0.4142165,0.27734205,0.44545236,3.4863842,0.86587656,0.79105085,0.8292652,0.76207936,1.5689695,1.5989357,0.0,0.33775562,0.8917695,3.2057557,0.8018637,1.5558441,2.0070255,1.0840914,0.16192695,0.19551586,1.5914322,1.1121475,0.5246404,0.13320541,0.677491,1.8821971,1.0281825,0.51826805,0.18337528,0.43873167,2.7999575,2.9338527,2.2544022,0.3664522,0.48088196,0.43838793,0.2641126,1.7645363,0.81052285,0.88031715,0.39757824,0.25819203,1.351294,1.3768541,0.87296283,0.39024305,1.3770955,2.1462007,0.29453915,0.7461525,0.043323684,0.58610916,3.1307168,0.09412335,0.1140826,0.2580485,0.7410437,0.102190636,0.9682633,0.07934698,0.47900695,0.89588696,0.77872497,1.6530924,0.3654784,0.26540044,0.43206736,2.2794447,0.72496575,2.5043278,3.0892243,2.2480738,2.6652658,2.3727133,1.3259417,1.7005688,0.3726551,0.40821448,0.29418308,0.23587044,0.40698752,2.3144581,1.0930066,1.3237743,0.28345627,1.174487,1.4888047,0.9319229,0.22949155,0.51317847,0.27834907,1.1668365,0.36978164,1.0956199,1.1009563,1.541229,0.25996214,0.86934084,0.18723215,0.15842107,0.9897373,0.28805247,1.7547033,0.1888176,0.8446888,1.6843183,2.1157954,0.42533714,3.179871,0.31657657,0.029407224,0.1868956,0.60329616,0.07412289,2.9806666,1.3189971,0.15972506,0.63636297,0.4183917,1.3396982,1.340631,0.81252617,1.0142347,1.6063712,0.95149165,0.0,0.3885861,3.169132,1.3890462,0.58462256,0.40994573,0.608213,1.4326493,0.678074,1.3906449,0.085302174,0.07212666,0.5549043,0.024200179,0.23457885,0.8005905,0.013108188,0.000890066,0.06536895,0.6556376,0.76279026,1.4465299,4.1792064,1.991067,0.5284346,1.9528556,1.1626694,0.377479,1.6052319,0.36047924,0.9623455,0.6393128,0.1317199,all_pothole_images\pothole_images_enhanced_dc41e82e69d526a3d3968560fa144a18.jpg
0.5202505,0.9535914,0.59669465,1.0926424,0.055747803,0.37255013,0.4488118,0.35035914,0.72397137,2.3340366,1.663125,0.08415662,0.21168104,0.5808992,0.48983294,1.4785773,0.6890762,1.3052938,0.19301125,0.06922243,0.47024885,1.2561586,0.0647157,2.847003,1.8596487,1.0139636,0.34008196,1.5453312,1.405558,1.8404307,0.39024943,0.039956354,0.8605035,1.102191,0.08681114,1.5564313,1.1731325,0.27243108,0.91720223,0.69169164,1.3501471,0.70177954,0.29955003,0.48834613,0.65006053,0.29836476,1.4719098,0.114431255,3.256073,0.3186767,0.032163825,0.22498442,0.16360825,0.13835205,0.50977236,0.6488857,3.245584,0.4830445,0.45684195,2.2328267,0.45051295,0.46131173,3.2259574,1.9926614,0.69557214,0.1045519,0.031300638,0.42115736,0.11556956,3.1705182,2.4822655,1.3774722,0.3976242,1.4165828,0.7078412,1.1647339,0.10911065,0.7897055,0.17408626,0.5502731,1.059606,0.8351332,1.3354563,2.562639,0.07877593,1.8939943,0.24650173,0.5161609,1.0331264,3.5659995,0.34814045,1.032935,3.1182582,0.3483567,0.23423749,0.6677737,0.10500181,0.90567154,1.8181401,1.1421626,1.2955083,0.3303327,1.0238417,1.7802857,3.4893906,0.26121658,0.41836905,0.973527,2.209067,1.6940793,1.9320716,0.8810283,0.3383315,0.1548731,1.4407582,1.2946655,0.26789874,1.1903923,2.0153835,0.41180387,2.466138,0.9170294,0.108336896,0.9843362,0.33877268,0.18720499,0.2666897,0.32196417,0.96752214,2.213597,0.30129513,2.1286829,0.11766956,2.0107934,2.0117934,0.13105853,0.7074583,1.0212221,0.17506422,0.8947299,0.14293626,0.30920005,0.7698586,0.96443236,0.08949671,2.3584402,0.9600815,0.77996075,1.4304236,0.629005,0.3864827,0.9362573,0.24124414,1.7480866,1.9579408,3.0090656,0.3926041,0.3654366,0.16515657,1.3311106,0.6507501,0.8051422,2.5035229,4.712417,2.268736,0.58208627,2.192719,2.1977847,0.7193017,0.60000974,1.3591375,0.69445145,1.1815127,1.314321,0.6851634,0.4615924,2.29822,1.3890193,1.0078186,0.6113535,0.23177065,0.4702814,2.031074,0.20795724,2.6144705,0.25903106,1.2534328,2.1954074,0.36264706,1.316142,0.17899485,1.0968909,1.1995579,1.5394534,0.85991246,0.4260226,0.6283743,1.102639,0.2686589,0.57961386,0.6355562,0.75164574,0.2003203,0.07087972,0.6741837,0.8057949,1.6719061,0.19433454,1.7447098,2.401121,0.7684785,0.5014764,1.0363904,0.51437026,1.7291379,0.33073914,1.6974798,2.123573,0.6815707,0.8884334,0.30234846,0.8262131,1.1467276,0.27783704,0.819738,0.5698506,0.44034475,0.013267719,2.3102968,0.5453156,1.4745394,0.79882824,0.30091754,0.15466651,0.57530123,1.9565375,2.565848,0.36236367,0.1719532,0.019512517,0.3260758,2.2992034,2.2599123,1.543282,0.72155464,0.69001675,0.7161187,0.26697144,0.37967724,2.094767,0.6442487,1.3968539,0.75815237,0.47347242,0.9337426,0.44756496,2.794699,0.985754,2.9441092,0.4199232,0.5072484,0.48391017,2.7036605,2.3102064,1.0004517,0.36104786,0.66003364,0.57819366,1.2709005,0.45272943,0.8786395,1.2336786,2.8126755,0.30152443,0.5853395,0.28955537,0.0016243176,1.2055628,0.14454424,0.8040218,1.9846104,0.33284083,1.460456,2.1575153,0.39855543,1.2627934,0.81849277,0.48572797,0.23105189,0.38856894,0.09470491,1.0150253,0.6982794,3.7314956,3.3108556,0.8596108,0.42839897,1.7910341,0.32503253,0.9455139,0.55653,0.6212255,0.0,0.88582546,4.232708,0.3725908,0.4477413,0.9301521,1.1978426,0.6542247,0.012896503,2.3759153,2.4758267,0.29942366,0.36473018,0.12481477,0.602953,0.113829896,1.8887229,0.9044363,1.0595101,0.82984936,1.5132184,0.77668184,0.7826324,0.636645,1.3403717,0.014481902,0.19399989,0.7704593,1.9179335,0.83681005,0.20511122,0.5866668,0.28307673,0.054071415,0.19882992,0.7873521,1.7012001,0.0,2.4820418,1.4710791,0.61082333,1.0382004,0.06541989,0.074424915,0.23932819,1.1738969,0.14884463,0.9987693,0.28435466,0.5384178,0.009260983,1.3667344,2.334282,0.003608944,0.5027208,1.0135671,0.5751355,0.16308591,0.16431071,1.1944269,0.095636986,1.2708648,0.59570265,1.5181454,0.10745144,1.4083672,0.66925,2.9296558,0.52507055,0.88222486,0.3459028,0.40552792,0.804277,1.5935102,0.34106585,0.055906683,2.4222019,0.7272946,0.15721789,0.6438302,0.44211265,0.367354,0.4906573,0.09114364,1.2576741,5.551357,0.15595762,0.54718626,0.5332708,0.42748794,0.104707316,0.87505656,0.015331112,4.769351,0.686922,2.799719,3.8873143,1.2678598,0.38634127,1.5050771,1.3934387,0.7220157,0.44027814,2.1870074,0.4026712,0.5809949,0.12750596,1.0650525,0.022181746,0.42633808,0.93914056,0.2634415,0.5818938,2.421933,0.34156692,1.4981474,0.4791193,0.9047372,0.26645207,1.8844107,2.2833762,3.0157943,1.3766247,3.1738842,1.4194257,0.23033571,0.91902065,3.6583867,1.7557025,1.2554704,0.59858865,0.42628786,0.17042604,2.1920033,1.6793433,2.4555175,0.983601,0.608962,0.12932153,2.1468039,0.6171907,0.37180242,0.061689727,1.4567063,0.03718234,0.36732787,0.25120384,0.14062478,1.2354853,2.9581757,1.3982794,1.249858,1.3820828,0.43795884,0.21488771,1.2087408,1.5169967,0.34823513,0.640097,0.33359277,0.73849297,1.3975384,1.8762602,0.93779504,0.9053228,1.1174158,0.23448776,0.65229183,1.244089,2.76202,1.626298,0.050171614,1.0098675,1.1058122,0.8125441,0.17580013,0.08374936,0.00010835851,0.68360114,1.1329367,0.8879902,0.8878751,0.82451594,1.0502385,2.1434839,0.7477641,0.3645783,0.055337675,0.21160488,0.18012798,0.8781019,0.057531785,0.74882656,0.9993866,0.0791096,0.64198613,3.1129203,0.3785093,0.16385071,0.22572348,1.5541608,1.0068282,0.55917954,1.7241855,0.0845267,2.563483,2.6226265,1.3902385,2.233396,1.5203362,all_pothole_images\pothole_images_enhanced_dc646998a2b752bd6dbf32c3d84bd3fb.jpg
0.0,0.004194736,0.0,1.8444977,0.7432045,0.0,0.69671285,0.016851237,1.0163629,0.19801223,0.59011096,0.17118755,0.002493499,1.7393525,0.092644826,0.017241765,0.6114474,0.6624388,1.0332063,0.14547093,1.4665781,0.12956156,0.043532625,0.056691255,0.99478614,0.47148064,0.1346632,1.6161687,0.11659935,0.030529264,0.017550828,0.44097677,0.28495112,0.43830895,0.07115261,1.088623,0.029039288,0.0005605719,0.35790953,0.0,0.0,0.03446236,0.0,1.2035738,0.00020809719,0.049884066,0.07516282,0.49760506,0.78193927,1.549756,0.91475296,0.16754036,0.2610483,0.11300657,1.0553695,0.8329969,1.2699424,0.9443914,0.20936757,0.3847952,0.11310722,0.0027830594,0.12687944,0.0007424832,0.19149369,0.5054378,0.063153565,0.18434855,0.14411627,0.0,0.037009772,0.01624307,0.5849871,0.035094976,1.0514255,0.0,0.14649212,0.85655445,0.00603727,0.3135729,0.0,0.16664208,0.7271043,1.4725806,0.4226237,0.0,0.0,0.008812262,0.057396866,0.3587666,0.630669,0.0,0.011252756,0.0,0.19753428,0.18491109,0.3742671,0.2921309,0.13122228,0.1714192,0.09459897,0.93194306,0.92262673,0.0,0.5870178,0.0,0.54425,0.09669813,0.03940313,0.4746662,0.019297665,0.787999,0.09832844,0.034209926,0.42893994,0.012116819,0.15247041,0.15789017,2.4772727,0.12315773,0.16997115,0.19337253,0.034555666,0.90404546,1.7366853,0.2939364,0.63579315,0.0,0.0,0.0083891945,0.017147293,0.0429408,0.0061908225,0.15089591,0.023349253,0.27404705,0.020708634,0.021916788,0.0053951354,0.004281431,0.5443892,0.28834167,0.35455945,0.1924754,0.010421403,0.010837527,0.0,0.0,0.70619506,0.02147676,0.18427888,0.1630987,0.5085612,0.14974733,1.5219178,0.021857345,0.13661686,0.13200094,1.116851,0.89332765,1.2347732,1.777795,0.0487684,0.17505254,0.30701986,0.05208209,0.34261328,0.008408233,1.2698759,2.317689,0.022155575,0.07709501,0.035302024,0.059426967,0.0051985825,0.0,0.020163361,0.0,1.0297602,0.058883335,0.017189382,4.2890563,0.7958769,0.054245107,2.086184,0.18154013,0.68537164,0.05279938,0.5582658,0.37987357,0.50247216,0.0,0.14701228,0.3509152,0.65824467,0.09319146,1.4500663,0.052484676,0.3016604,0.8449965,0.0,0.7050258,0.0,0.30623096,0.009997331,0.005553574,0.23281002,0.04370944,0.07513058,1.2853024,0.0,0.0,1.0080789,0.21683346,0.58424467,0.5948638,0.29734528,0.0,0.019661285,0.8366857,0.04795757,0.013946859,0.832397,0.64357865,0.0,0.0,0.07836921,0.0,2.1580555,0.37926877,0.033754684,0.0,0.271609,0.03460679,0.1742809,0.17272037,0.71641576,0.0,0.16821702,0.009858811,0.72012496,0.17435926,0.0,0.04791231,0.0,0.0,0.23038003,0.002452581,0.9281024,5.900404,0.49070054,0.19060428,0.0,0.0,0.010298512,1.4219601,0.12536156,0.5578617,0.025578097,0.99861455,0.0039104135,0.15532497,0.0,0.3114107,0.2301254,0.1970998,0.74607134,1.05526,0.08650974,0.49147508,0.080963366,0.0,0.6499739,0.46657798,0.1722444,1.4808478,0.0,0.101293884,0.103920974,0.041855253,0.6885049,0.5928127,0.08615743,0.0,0.0,0.86222947,0.2023505,0.0026694958,0.39207038,0.0126531925,0.0,0.49618903,0.0,0.5720531,0.079881355,0.3412149,0.011887356,0.33615777,0.0049946555,4.3683143,0.08550873,0.143059,0.0031885896,0.017098822,2.6926208,0.05616614,0.5054472,0.047060955,0.6534312,0.96503353,0.31244943,0.8728076,0.41730863,4.2744694,0.00023232005,0.17885305,0.0,0.4336604,7.679067,0.022913616,0.004640552,0.0,0.41661808,0.64365375,0.020501725,0.018881187,0.89529926,0.0013998738,0.0,0.0038643014,1.0850545,0.18651074,0.22191569,0.20733194,0.0,0.0,2.9994624,0.14736822,0.008997532,2.4609327,0.6878826,0.0,1.6299989,2.9136903,1.8427038,0.0560101,0.00021325109,0.9208576,0.39046058,0.008744954,0.0273639,0.11357981,0.16033523,0.007808455,0.013792628,0.51203495,0.22433755,0.0017001171,0.757705,0.6518565,0.0,0.08800123,0.8492849,0.5425026,0.1338897,0.0,0.47483143,0.5909023,0.0,0.0,0.130028,0.7912912,0.5792552,0.098429434,0.043370984,0.4488347,0.14041251,0.0019494437,0.16099332,0.042613275,0.5639588,0.0,0.006752087,0.03226951,1.0275428,0.16194949,0.20776464,0.0010427053,0.010001788,1.135529,0.6391918,0.0004000157,0.21094103,1.5672959,0.025448957,0.03390619,0.054102566,0.040579446,0.1701678,0.0046365606,0.2576137,0.24997607,0.12980382,0.19419125,0.027285397,0.0,0.009150978,0.67668635,0.79155856,0.046670437,0.0,0.18664026,0.05990879,0.040323205,0.0030768265,0.12178559,3.2349124,0.0,1.2993805,0.0,1.0694189,1.2574447,0.0010308045,0.8589063,0.4787941,0.0897237,0.33642754,0.0059432653,0.023933832,0.07908353,0.4713131,0.12685148,0.5038789,0.9404607,2.4400654,0.24291961,0.40409246,0.46428648,0.07408444,0.4362395,0.20776634,0.00075557147,0.0,0.06012453,0.101582855,0.019832594,0.17186227,0.00075481983,0.029244795,0.6333587,3.3824427,0.0,0.9967388,0.0,0.27758843,0.41328725,0.026284745,0.0146701215,0.0,1.1469141,1.8526444,0.0,2.2539272,0.0,0.5139946,0.031009033,0.16121861,0.0,0.067881726,0.3877632,1.1365514,1.5367042,0.0,0.0,0.5081131,0.48327067,0.3880314,0.070640296,0.010852221,0.030274283,0.9131829,0.6480372,0.4066202,0.3369402,0.33662432,0.031155225,0.0,0.098283865,0.92812634,0.0,0.09649897,2.2840092,0.61753374,0.11154869,0.0,0.19397375,0.3952371,0.0,0.0075212223,0.0021127907,0.5362893,0.8632339,1.85203,0.8261153,0.04275007,1.1988037,1.3021431,0.13935426,0.0038645368,0.0,0.016049039,0.0072969696,all_pothole_images\pothole_images_enhanced_dc6f1b55611f51881bceddd30c5815dc.jpg
1.7563233,0.846114,0.6774235,1.017334,0.30024648,0.20537709,0.46165177,0.31514812,0.3547529,1.3546753,0.137737,0.4033394,0.7886753,1.852593,1.5175127,1.4570676,0.50826555,0.852135,0.43859717,0.5114193,2.0190532,0.6459886,0.8786888,2.6088276,1.193196,0.0153608695,0.2281723,1.4951072,0.6313932,0.49240977,0.65437376,0.46419373,0.7729841,0.9958972,0.28738308,0.6463025,0.5139658,0.79688114,0.17416662,0.9787591,0.024677774,0.04081974,0.035032287,1.7862612,0.2968841,0.36247674,0.22913335,0.6043459,0.8168117,0.5788683,0.8996962,0.68823147,1.7989626,0.34162876,0.6717277,0.4083649,1.3132046,0.052999552,1.0961885,0.2058418,0.008715215,0.4827463,0.107716255,0.79099864,0.21070647,1.9720625,0.38079596,0.98603976,0.20429626,0.66860664,0.042958252,0.16955177,1.0467577,0.41209224,0.03437561,0.8162563,0.28987497,0.4950331,0.0,0.0648601,0.21609528,1.1839063,0.05739985,0.46489987,1.0785025,0.36029905,0.06036638,0.9671515,2.7338424,0.08481472,0.23147532,0.1173875,0.0006195966,0.0,0.34536657,0.085181184,1.5980041,1.9074417,0.58558345,0.048089,0.0384341,1.3428737,0.8149814,0.2859591,0.4893739,1.2892013,0.058613483,0.0498099,0.019504389,1.352181,0.0023400616,2.7558212,1.481325,1.140242,1.446611,0.4764135,0.75916505,0.056295432,0.22148699,1.0216625,2.0172858,0.58218086,0.18549006,2.1086395,1.3228472,1.4328511,0.56589305,0.5315933,1.4346659,0.05760249,0.3318997,0.13310458,0.26447794,0.20768332,0.37998202,0.4927138,0.19102162,1.4119793,0.43519598,0.006819211,1.0821773,0.53612113,0.3823367,1.0521532,0.6824877,0.6541863,0.5848302,1.9058492,0.0,0.25679493,1.3876213,0.6082847,0.2923376,0.0004152709,0.97652155,0.3401233,0.047981065,0.03121001,0.8323416,0.5000185,3.4440033,0.6213301,0.0,2.7817864,0.0071682045,0.3802021,0.32433307,0.095988855,0.36806226,0.5706655,0.10788725,0.010348415,0.30623144,0.49813405,0.48417023,0.69832355,0.29445434,0.0008434053,0.10048626,0.022436408,0.0022609688,2.5928543,1.6566116,2.3354537,0.27590948,0.45234367,0.20910925,0.12674905,0.83072114,0.48603994,0.6050326,0.654364,0.45497766,1.775977,0.24697155,1.1320312,0.3417164,0.80457354,0.006065625,0.99795127,0.49640217,1.7190437,0.18964332,0.78802234,1.1166738,1.4294726,1.9594101,0.09544968,1.0488291,0.6607529,0.0,0.09048905,0.6636129,1.117421,1.2058579,1.4595947,1.8150305,0.6534704,0.65489334,0.0010167512,0.6822999,0.30607522,1.4836407,0.6805784,0.17060949,0.4735189,1.9226049,1.175048,0.34228453,0.9979346,0.10621433,0.03910954,0.5999901,0.4068694,0.90729207,0.3577385,0.5372322,0.12574081,0.15777305,0.012213239,0.2149077,0.14361928,0.49509257,0.7658034,0.0,0.008187635,0.70893264,0.1387293,2.135001,2.4489613,0.83786225,0.86152595,0.40432197,0.08388675,1.3143883,0.27315792,1.2779503,0.3919169,0.6513812,1.8061442,0.38944992,0.042136688,0.45195758,0.2057019,0.60976344,1.6314423,0.011139858,2.0983787,4.9049544,0.032975562,0.97126377,0.042175468,0.14339492,2.2031722,0.5785502,0.9090214,0.055312943,0.6274228,0.7949464,0.36089885,0.023685941,0.0,1.4917445,0.12819181,0.93815184,0.08366528,0.8270849,0.7676476,0.18679826,0.12251914,1.3973986,0.47309664,0.8509928,0.12277287,0.007792015,0.2859427,1.6166263,0.48702723,0.62696993,2.1080637,0.44273686,0.77848977,0.057111684,0.60661113,4.2951202,0.0015168722,0.00070953916,0.120838806,0.44778085,0.22879632,0.5177246,1.0200676,1.7298808,1.0092415,0.12655036,0.78104633,0.010175579,0.467613,2.1874826,0.27639484,0.6856845,0.0036096587,0.5285434,0.25819987,0.7385117,0.29989427,0.9115061,0.09776218,1.5899237,0.0047299583,2.0238082,0.0036089614,0.14667995,0.13498986,0.11144752,0.20048015,2.1141996,0.65805125,0.41830456,0.15973307,0.6771171,1.3773062,1.2838624,0.07201844,0.38879994,0.0,0.41686732,0.03273506,0.26698574,0.607864,0.46226954,0.480511,0.82637864,0.8803168,0.6936206,0.21172132,0.050793875,0.257493,0.0012501373,2.0682015,0.5397248,0.3468724,0.19064662,1.1137111,0.0040535578,0.8858786,0.7381114,0.241048,1.0652426,0.26831147,0.22351035,0.6160818,0.42491177,0.39264938,1.898626,0.31684116,1.5119052,0.516998,0.7685573,0.62904257,1.1117668,0.12915912,0.6570504,0.99289364,1.7913549,0.8609803,0.06965193,0.0,0.015166605,0.4332086,0.15648393,2.0794444,0.583175,0.40461373,0.020229852,0.39284632,0.98866946,0.60244465,0.26934528,0.010483175,0.26566008,2.2209857,0.6202761,1.2764908,0.0043693767,0.23052864,0.66375047,0.17211923,0.7121173,0.5381442,0.4986667,0.5892664,0.15184733,1.1688567,0.012564513,0.22826786,0.6672307,0.13932914,0.51038677,0.060110856,1.3902386,0.6943627,0.45124653,2.2259269,2.4417174,0.1414717,1.3518265,1.4031857,0.4415437,1.4229411,0.03621537,0.51487726,0.24376233,0.6001468,0.15486033,4.4706354,0.8215889,0.45046198,0.31791386,1.6399548,0.36379778,0.26109692,0.007725895,0.062069338,0.1734896,0.10709503,0.85167146,0.90303224,0.38554257,0.9157553,0.7058882,0.36036924,0.87993115,0.6930748,0.29294884,0.678132,1.6601402,0.3241101,0.061434597,1.9144671,2.1924548,0.4861444,1.2055961,0.2624382,0.37668723,0.11971561,0.1722724,0.11739143,0.7284627,2.7267468,2.0146346,0.5218319,0.022852542,0.5325148,0.5564391,0.16144526,0.0,1.3515213,0.035294697,0.94886756,1.7451265,1.1171389,0.37630025,1.6763265,0.03680094,0.2525619,0.23616539,0.35928687,0.6109007,0.08760459,0.14288998,1.6248685,0.0,0.31347197,0.17692533,0.08670299,0.42387834,0.021436365,0.28863576,0.5650347,0.7505891,3.943494,1.1552147,1.5965598,0.6398483,1.0255321,0.02793736,0.35375595,0.06992562,1.0722886,0.07333945,0.37061986,all_pothole_images\pothole_images_enhanced_dcb0f3c1b1ec068a6fba3eab3a169c8e.jpg
0.23808067,0.5968762,0.0877968,2.521205,0.34437743,0.265682,0.21763955,0.23809835,0.0,0.350418,1.0925463,0.7430921,0.39445183,4.38686,0.52236986,0.28636345,0.024825906,0.39086062,0.69353914,1.2442261,1.2790741,2.1686487,0.761348,0.93944526,1.6720047,1.1983052,0.7785198,1.8510423,1.2176983,0.69447356,1.4504908,0.4062574,0.05562124,0.34881482,0.48932844,0.9701562,0.587665,2.173035,0.31552252,0.36363786,0.10497373,0.41599432,0.423575,0.17778333,0.40295726,1.0239462,0.7505985,0.40286115,0.06443314,0.17308934,1.2971438,0.26221868,0.6059917,0.43753412,0.045089263,2.0204046,0.44934657,0.25415787,0.40716085,0.23143558,0.27889943,0.5720374,1.3009157,0.8408834,1.0243777,1.4896204,0.26541564,0.30290902,0.55483025,1.5461146,0.09675561,0.2554025,0.07206773,0.31909376,0.73482054,0.8039409,0.59384483,0.6485536,0.023923907,0.11416051,0.26797473,0.03668894,0.67869973,1.226055,0.045804985,0.74644065,0.35068005,0.03336795,1.2316285,0.5243211,0.6425363,0.8535512,1.0074155,0.84734553,0.21030937,0.06034995,0.594194,0.18301696,0.4563547,3.459941,0.5669628,3.6141357,0.32404575,0.986924,0.020493932,0.33405164,1.143441,2.0356514,0.24918546,0.32253668,0.54817986,1.3624156,0.898674,0.5202804,0.97958136,0.36722037,0.8944904,0.34764576,0.5439181,0.4398536,1.343414,0.64998716,0.52451134,0.27125153,1.3353847,0.98716766,2.8495426,0.19249524,0.5913849,0.8922494,0.48164243,0.06581568,0.5169144,0.13716258,0.299212,1.3834774,1.2450885,2.1507201,0.6870927,0.050251946,0.81214094,0.51090616,0.20900272,1.4758234,0.7503423,1.0921047,0.3416623,0.2501236,0.15771896,0.13882433,0.7110486,0.4157981,0.21043679,0.6658635,0.4912698,0.12703055,1.2834666,1.5132983,0.8351382,0.7685377,0.93289477,1.1554611,0.46100807,1.7592108,0.36269942,0.8487458,0.65295357,0.42628974,1.4167153,1.8636608,0.080020726,0.845415,0.077537484,0.0020506303,0.11781634,0.23757015,2.2707524,0.10439348,0.7840381,0.56792575,0.14405464,2.1990182,1.5462378,0.39204305,1.8838202,0.3893479,0.2914534,1.383276,1.3552227,0.1648418,1.2273483,0.24590023,0.42642686,0.645228,0.44574693,0.053985715,0.5638462,0.80379534,1.7672498,1.2923971,1.6165447,1.0314169,1.1298438,1.5680463,1.1815404,0.18296222,0.2725909,0.267506,1.2963452,0.4455976,0.08812959,0.2722859,1.1522733,0.2749508,2.9438608,0.23350751,1.0320282,0.45745763,0.94241595,0.75461423,1.7284409,1.1551514,0.40778077,0.31796703,0.79453915,0.8346289,2.3754191,0.42364997,1.1553043,0.68510896,0.10357007,0.9010783,0.16902475,0.9088063,0.840443,0.043664247,1.5610069,0.5995105,0.855183,0.65696824,0.99981034,0.09208868,1.082515,0.35433462,0.5268693,0.14526108,0.78596634,1.1944498,0.47047493,4.950594,1.6340216,0.049818344,0.9553119,0.22551051,0.09667767,0.79544854,0.32718042,0.7445476,0.35877752,3.725353,1.3186244,0.8237573,0.8355085,0.5429013,0.29595327,0.59020567,0.33919892,0.50398004,1.4906778,1.7436472,0.4534231,0.46205384,0.4217727,1.6234223,0.60665286,0.1420989,0.25367814,1.285748,0.2500504,0.73367107,1.1245987,0.58077365,0.66730815,0.70808256,0.934481,0.05290192,0.25117213,0.8932738,0.29248393,0.12880144,0.5651107,0.35319462,0.3423288,1.6131549,0.7324511,1.5282923,0.17228737,1.272203,0.17614761,1.6972785,0.9718871,0.085527256,0.23673932,0.073388934,3.3382192,0.62062925,0.0,0.26564428,0.78414804,0.6511941,0.7867738,0.90951896,1.6387637,2.2912316,2.0734,0.8117101,0.43003327,0.20320171,1.5482093,0.8267818,0.17322664,0.051573023,0.7067421,1.8954325,0.7710331,0.35061347,0.12582107,0.12364233,1.3005553,0.89326733,1.8148028,1.0273526,0.07957442,0.4028706,1.3911827,0.23893028,0.86223763,1.9760458,0.9470877,0.7102611,0.56349915,0.5685657,1.16859,1.4946322,0.17715034,2.0622404,1.1296557,0.51361614,1.2503865,0.47100416,0.5022271,0.5446589,0.25868186,1.1781322,0.006138524,0.19039828,0.46280417,1.6758709,0.94494605,0.04813667,1.0027028,0.34844473,0.5268656,0.25968036,0.4623814,0.09886136,0.5511775,0.28851256,0.7209306,0.015476944,0.2684151,0.6465516,0.767685,0.7572053,0.33265817,1.2947483,0.35951936,0.8372303,2.3628666,0.85742915,0.6641299,0.29426515,0.39597327,1.1124839,2.9546258,2.0085566,1.7333311,0.054868292,0.046709932,1.8982021,0.5750977,0.18092972,0.060702678,0.91958606,1.7004675,0.025761425,0.77464014,0.63996965,1.0860924,0.91479367,2.7758102,0.84821546,0.20912202,0.83643836,0.91486233,0.30901608,0.68860656,0.59960985,1.38917,0.11973149,0.4340285,0.56419545,0.93196493,1.0993423,0.049828228,0.53048855,0.47411415,1.659538,0.5386969,0.8703118,1.8924353,0.17762294,1.655002,0.48262995,2.254929,1.0349604,0.61361825,1.3942984,1.3108429,0.5569047,0.9281293,0.8622209,0.549015,1.5840675,0.8505596,2.4087734,1.0596738,2.3719168,0.57985264,0.76784486,0.8207975,1.3286816,0.13840488,0.13852401,0.49715146,0.5821947,1.978935,0.915321,0.03753329,0.503359,0.121259995,0.90267795,1.0060239,0.14041902,1.1168691,0.9245084,2.1325448,0.076457,0.24752314,0.93776244,0.47431642,0.535741,1.2509815,0.093771845,0.9836709,0.23160817,0.3542777,0.50571465,0.9379873,0.8795058,0.31673968,1.2974975,1.7139204,0.21885975,0.30541146,0.0,1.9979126,1.1764352,0.78482157,0.27617195,0.2610803,0.90282923,0.16343622,0.4700357,0.09741975,0.53862697,0.62274545,0.0,1.1554288,0.2107509,1.1217993,1.8026136,0.5261599,0.06145305,0.22533852,0.22471268,0.5038011,0.21827666,0.97479814,0.49409065,2.03079,2.2140644,0.663757,0.24590373,0.7245613,0.14822046,0.8958949,0.15539755,0.34188834,0.2793953,0.32692987,0.7867388,all_pothole_images\pothole_images_enhanced_dcd405c972b3d9312c92022d38d4e43d.jpg
2.3450246,0.28657576,0.12672782,0.9870079,1.278295,0.033198085,0.5213187,0.56549984,0.56594175,0.6457376,0.031569205,0.6106717,0.041901797,0.33313057,0.7436167,0.19334656,0.0637952,0.015204776,0.27929404,0.39108646,0.9132944,2.637318,0.6291407,0.2187893,2.0336995,0.42051804,0.8056176,1.5364863,0.1761446,0.021579053,0.14315388,0.5401617,2.017282,0.25552574,0.33765772,1.5779734,0.0,3.3628545,0.6705168,1.6054356,0.0,0.067266814,0.12909774,1.3195639,0.44837794,0.5810369,0.07190834,0.18947169,0.701972,1.2849634,0.77600735,1.4167129,1.2177533,0.209146,0.21125057,0.91226023,2.262791,0.18986481,0.7415729,0.34601274,0.0055223503,0.42493343,0.17089343,0.5139314,0.382537,2.8395815,0.6842575,0.1451753,1.192235,0.096158884,0.077377684,0.10602759,0.4232843,0.21906233,1.8485537,0.56741774,0.27000552,0.42046738,0.0008095161,0.031907804,0.74054646,0.05910565,0.3716851,1.5818721,1.1617802,0.26623464,0.58232075,0.81154615,1.5818033,0.1353909,0.11111238,0.0053267227,0.038073264,0.043687128,0.4936823,0.4298704,1.1941788,1.2604878,0.3318175,0.37763962,0.04522524,1.9847051,1.3488449,0.08119994,0.29299906,0.007317601,0.71383065,0.7212169,0.030448383,0.0923928,0.23148906,2.330411,0.45507714,0.100875266,0.72394,1.174327,2.5402257,0.083699934,1.0215418,1.9569002,3.1812482,0.12227751,0.10404563,4.0222316,2.0608854,1.4599904,0.34902245,0.82153547,0.46587703,0.061688095,0.84739363,0.001995332,0.024688285,0.17098452,0.07730829,0.7876196,0.0,1.6254526,1.232287,0.5549732,0.12881847,0.40479285,0.14996581,0.7780627,0.037962936,1.4267619,0.36881778,0.9501392,0.044879522,0.0069980407,1.2601423,0.547195,0.027829554,0.0068744253,1.2620296,0.17635532,0.21784061,0.07535766,1.5100235,0.90247357,1.11422,0.7675403,0.032811612,2.3424397,0.10108755,0.39641383,0.120683715,0.10867213,1.5127453,1.0173695,0.15349378,0.0,0.0099838,0.15625541,0.42558104,0.19523178,0.18256055,0.0060721324,0.24708636,0.03427623,0.13266289,2.8062077,1.4362411,2.5486007,0.41610125,0.53586024,0.10729651,1.1285843,1.5084549,0.451931,0.16265881,0.18413185,0.0,1.0303262,0.5372039,1.2350006,1.941412,0.14720084,0.63085276,0.20976138,0.05276654,1.4908173,0.8251067,0.82930225,0.99213016,0.08818545,1.3620839,1.213637,0.64799637,0.31301594,0.0,0.01725746,0.2745178,0.93163484,1.3240043,0.74537694,0.17492186,0.0023883397,0.42217854,0.27969173,0.34804535,0.58103746,0.09103119,1.4755183,0.029614784,0.13719241,1.3035934,0.14510374,0.487713,0.60697186,0.022640506,0.20902976,0.8817767,0.35250628,1.0254487,0.0,2.1728666,0.06692646,0.0,0.20306739,0.11158403,0.16633487,0.017050516,0.41484767,0.2703614,0.0,1.383213,0.36304593,1.1883485,3.9259372,3.7315104,0.8438288,0.68099505,0.17682654,0.25326672,0.3052105,0.7859703,0.0001391209,0.2687776,2.9828055,0.08694027,0.2887659,0.14280774,1.1777725,0.6251726,0.5626193,1.1213588,0.83511275,1.2924972,0.21210562,0.06461316,0.034520887,1.0232048,0.7175207,0.807279,1.2354757,0.404424,0.5524709,0.3059077,0.3072671,1.2847701,0.98990256,0.36267495,0.008772382,0.34586886,0.27141708,1.2208158,0.58728844,1.0777955,0.49783343,0.31795114,0.31177202,0.27627262,0.35831177,0.04197355,0.26996005,0.12615003,1.9024088,0.23293798,0.93371224,0.4624661,1.0368652,0.28344032,0.72922236,3.7896333,0.43824553,0.033716828,0.17004305,0.21526197,0.5042301,1.273484,0.9641661,0.7270035,1.365299,0.008660892,0.66115975,0.092496425,1.5749985,1.3856014,0.115312144,0.31152716,0.5013542,0.5087958,0.014601215,0.62819403,0.2609088,1.4033661,0.38092336,0.3431478,0.08842334,0.8524316,0.68570226,0.027565315,0.33033395,0.06490793,1.7961594,2.1344168,0.77084607,0.08789555,0.47217503,0.60053545,0.21833171,2.1146357,0.11426336,0.8048767,0.03000963,0.021258453,0.0,0.36587137,0.71500534,0.44037327,0.9779488,1.0675184,0.19906995,0.7691401,0.9781878,0.5574957,1.8326763,1.2657737,1.1471708,1.0628976,0.2188944,0.0912424,0.10583658,0.037742034,0.14446223,2.3157182,0.21754195,0.062624775,0.71128106,2.4528916,0.11442444,0.5256416,0.001967038,0.19801554,0.32371557,0.3806699,0.16631153,0.273115,0.11701811,1.2020055,0.0026999507,1.4258629,0.011890096,2.7332532,2.419163,1.2174454,0.0,0.27908394,0.030513803,1.0677758,0.40407282,0.23348439,0.7703486,0.2917778,0.29014117,0.8564528,0.02720787,0.025002131,0.29378846,3.165429,0.19942153,0.50044227,0.560931,0.75075924,0.05201259,1.2559587,0.25680763,0.854897,0.8722822,0.86652195,0.29721743,0.24194533,0.41028887,0.0030992492,0.13320935,0.33680418,0.41828403,0.88482416,0.16907047,3.164661,0.60000646,1.1410983,0.8272518,1.6312788,0.25512892,0.5600771,1.3969971,0.4783512,1.0727236,0.26544547,0.18461007,0.9740809,0.23633279,0.401076,2.8566246,0.92470676,0.9622547,0.41349295,0.5368294,0.09378578,0.61403215,0.21298613,0.8391126,0.6047855,0.1597425,1.754837,0.58529013,0.27551788,0.32820752,0.7590314,0.9170283,0.12192514,0.495789,1.1693376,0.92306376,0.44204998,0.27547348,0.13117029,0.9278499,0.94540465,0.8021089,1.8558536,0.5154731,0.8877702,1.2329153,0.45256275,0.26263437,0.6051783,0.13407257,0.36557332,0.6157285,0.14416377,0.7750697,0.8841287,0.6017357,0.015729815,1.1902797,0.44365606,0.37777156,0.22575915,2.7819183,0.7748353,0.22294305,0.0,0.9993363,0.1746741,0.15602875,0.5709555,0.08137681,0.08103278,0.7781327,0.36771828,1.1991123,0.28095666,0.004435531,0.08664886,0.07973803,0.6140785,0.038223013,1.4668019,5.267993,0.6085419,0.055064116,1.4555461,0.6119938,0.5054123,0.4171519,0.31129855,0.74499947,0.7750343,0.105047144,all_pothole_images\pothole_images_enhanced_dd0015bb8ea9bc4818d60f8225ef856e.jpg
0.40111548,0.7447195,0.3883386,2.7909193,0.84168863,0.0050465176,0.44477686,0.62668484,0.22926633,1.1901066,0.78012824,0.9303174,0.564736,0.7018329,0.058152072,0.38569897,0.18269648,2.065845,0.17413859,0.27756396,0.92329156,1.0137616,0.55534273,0.8120741,1.0667399,1.57678,0.066385046,0.8938316,0.09794445,0.30104932,0.75335884,0.69853395,0.72246605,1.0679045,0.7809403,1.8051361,0.0859959,0.9516612,0.5766477,0.60021085,0.22516379,0.9862599,0.43860918,0.770974,0.44317845,0.28906253,0.15196258,0.014814294,0.42039484,0.52508974,0.3387768,1.5324861,0.0989665,0.16392352,0.5200546,0.44062233,1.9042277,0.18031184,1.1162648,0.75599056,0.07967939,0.011271598,0.078108214,0.18180186,0.47078145,2.2164078,0.028440533,0.22712532,0.8235313,0.17392683,0.12798584,0.77245647,0.23618227,0.9362296,0.14093792,0.40153724,0.34238654,0.2608287,0.9738966,0.07183256,1.0015478,0.4927271,0.022194397,1.306446,0.2827147,1.2185527,0.05825631,0.53563863,1.8886622,0.842335,0.3298772,0.21286984,0.04428004,0.49254024,0.009696179,0.13775228,1.4738289,0.7323561,0.15729497,0.19163287,0.28940925,2.5727837,1.1596402,0.25177327,0.6788526,0.887697,0.4563757,0.70597535,0.05692082,0.7767193,0.004132519,1.5424004,1.1410589,1.1974317,0.5295731,0.606941,1.9573019,0.51124585,2.0737283,1.023983,1.2005614,0.31351835,0.3341323,0.03606667,1.5401372,0.367577,0.4846586,1.0868145,0.754655,0.11225377,0.70578665,0.44074672,0.41585034,0.6004519,0.80889547,1.9041388,0.07643742,0.6814206,0.2827196,0.0,1.0702008,0.12098667,0.8001587,1.2627054,0.038606323,0.06474148,0.41065204,1.6013395,0.20137246,0.21892695,0.39876086,0.43368435,0.0029641194,0.6599574,1.3188461,0.612044,0.17408568,0.054549664,0.644521,0.3669188,2.983957,1.1537454,0.28547928,3.0605123,0.31532434,0.34290114,0.16214384,0.3221671,0.8165299,0.18191747,1.4195712,0.5445142,0.38855645,0.0,0.72223383,0.19690661,0.024066402,0.0,0.3823907,1.1163714,0.0,1.3453443,2.6492827,1.003621,2.2273152,0.5333051,0.3143889,3.128114,0.8775169,0.6017375,2.2849247,0.19688505,0.1347639,2.470409,0.03159201,0.2422932,0.41317737,0.7637889,0.80440116,0.26658013,0.20858282,0.5609322,0.33992532,0.3186779,1.9811162,0.57503974,0.08880084,0.47522968,0.90789247,1.5260255,0.003971603,0.07974026,0.59838873,0.24612468,2.923093,2.185999,0.77156687,0.019637834,0.8531077,0.41843492,0.6810072,2.2510781,1.6816306,0.59662986,0.47530252,0.90936714,1.6896046,0.30119583,0.55364317,0.046328183,0.1267143,0.48136765,0.6225826,0.1330071,0.107682645,0.23613487,0.072399616,0.19058707,0.18245852,0.6739471,1.2723248,0.63204074,0.9836953,0.22258173,0.15694818,0.39185956,1.7951317,0.41812208,2.0714366,4.39858,1.2950693,1.5705528,0.89764965,1.1144091,0.0018851871,0.25615287,0.81290865,1.230697,0.9858054,1.8104337,0.3528725,0.096911825,0.09091054,0.7023364,0.5081393,0.5238201,0.3225685,1.6511722,1.3057551,0.17126527,0.41085675,0.07987922,0.05879187,1.9766123,0.92558986,1.3819677,1.5100144,0.58068645,0.7777442,1.0929604,0.34998274,0.03307927,0.6604978,0.1504994,0.39392397,1.137437,0.6016258,0.5114099,0.8552313,1.2969769,0.66413254,0.23498124,0.62862647,0.61470056,0.53575563,0.06066197,2.3733058,0.85499597,0.21243344,0.99144316,0.21514215,1.1110495,0.38260448,0.19089706,1.66013,0.67852885,0.14305963,0.69324493,0.08427207,0.9183096,1.4516596,0.6201884,2.5201695,0.7615261,1.0294435,0.6751311,0.15686283,0.29456982,1.7669002,0.40450937,0.8183234,0.12674998,0.0,0.7037848,0.7222229,0.15595207,0.19624197,0.56669515,1.3521937,0.16685304,2.534817,0.27259412,0.7205424,0.07353534,0.3320755,0.10598324,1.3643739,0.72733,0.83735377,0.4945814,0.7924456,1.3798946,1.0789804,0.5975856,0.17992169,1.0801837,0.33185363,0.13315655,0.008533721,0.35080025,1.5562329,0.9355182,1.0437455,0.2243353,0.098509945,1.4998258,0.02417269,0.7432704,0.16403937,0.8395588,0.7786682,0.7770686,1.171139,2.706007,0.001283368,0.3129582,2.1616845,0.16091636,1.0168837,0.82429796,1.9999286,0.34937748,0.47143608,0.087329336,0.87370074,0.3571851,0.043965947,0.94724035,0.25827545,0.5523613,1.3903836,0.07743656,0.0071950536,2.076856,2.2210073,0.77000517,1.6156983,0.7178782,0.08425189,0.68535304,0.30295745,1.7330086,0.63090044,0.17352466,0.24174903,0.09469053,0.1908919,0.35571194,0.7334263,0.039354958,3.5418687,1.6976577,0.40420756,0.5716352,0.1639102,0.0,0.6925265,1.1113896,0.0009462812,0.12231953,0.9265465,1.0509249,0.9123744,0.41008303,0.0,0.18775803,0.03209306,0.5451217,0.72751987,0.15540184,0.89710265,1.5432322,1.4847974,1.8967023,1.197426,0.059227396,0.25137898,1.8681872,0.6748607,0.23898506,0.48563367,0.91095036,1.1917256,0.63844806,0.55924845,2.7208207,0.91001815,1.6272765,0.7160243,1.4981614,0.51691496,0.94855577,0.2128391,0.1554869,0.2863587,0.04181041,0.23604988,0.13322638,0.1109029,0.5264997,1.6427665,1.234304,0.752,1.2200948,1.2659715,0.5798367,0.7872832,0.21713868,0.7143528,1.502519,1.5019263,0.48284793,0.6477755,0.12685934,0.3030904,0.7885435,0.47126544,0.001985783,0.22455604,0.7168127,0.36384982,0.5456385,0.38072094,1.0615845,0.7723204,0.08967069,2.006247,0.45655048,0.52697563,0.0036191207,1.1675738,1.2684027,0.9252142,1.4890803,0.18660024,0.9968688,0.5671878,0.46982157,2.238801,0.022651562,0.67709786,1.4515088,0.008738839,0.8402364,0.1256995,0.35743186,0.059668258,0.75318235,0.2654776,0.66748035,1.1712768,3.549229,0.33087674,0.2206707,0.19944344,0.3344177,0.03192536,0.67455274,0.86488783,1.5557927,0.4615469,0.51891905,all_pothole_images\pothole_images_enhanced_dd0158bfbc09fa4f640b39a8f16e824a.jpg
0.62313896,2.117956,0.15920922,2.2702088,0.39699566,0.61209685,0.308321,0.816845,0.12654768,0.80029625,1.2280942,1.6255443,0.15902099,1.3430798,0.17623305,1.2068287,1.5571382,0.2723751,1.110248,1.1770433,1.3231531,1.2453023,0.20706572,0.749692,0.5137226,0.49822393,0.47355846,3.5279696,1.1238883,0.06127523,0.36793646,0.75564027,1.1109401,2.0344362,0.14926636,1.8956616,0.3408787,0.97026014,0.053750467,1.202006,0.46068084,0.019507186,0.8718562,3.350473,0.5300504,1.2588216,0.4165973,0.043302476,0.5750323,1.5512458,0.5127554,0.723143,1.4182119,0.5485986,0.26381168,1.6906754,0.28205532,0.280647,1.5796804,0.1727677,0.8632703,0.1760822,1.2977996,0.7701065,0.7794821,0.77661866,0.4541086,0.6144659,0.28825134,0.36564767,0.7273089,0.2991572,0.48664123,0.73757374,1.0365895,0.37758002,0.41404203,2.3335478,0.036388945,0.54327947,0.99552613,0.24590285,0.10198429,0.7693015,0.6369988,1.2666755,0.9509565,0.07346907,2.6544657,0.04956301,0.1297107,0.13317639,0.2994611,0.8549459,0.25864404,0.9750987,0.97252107,0.82485867,0.5572917,1.3690464,0.12877199,3.0954907,0.49582216,0.23556745,0.3117196,0.23375164,0.787397,0.816185,0.52332723,0.09852295,0.0023648727,1.857206,0.68395436,0.13974412,0.62410885,1.7242687,1.1693285,0.8922242,0.27403608,1.2059296,1.2553015,1.2564262,0.6825903,1.7957642,0.56745577,0.72577727,1.714428,1.8851511,0.84835845,0.45090935,0.849857,0.054595564,0.14194922,1.3112218,0.97129166,1.0637013,1.4381728,1.1350601,1.1418222,1.1916511,0.33695862,0.10440106,0.3547981,0.4657268,1.174653,1.9446259,0.5729884,0.11329343,0.44453347,1.016034,1.9759763,1.0652994,0.21972048,0.4993541,0.5052093,0.7879037,1.0236447,0.12214569,0.8348957,0.73470443,0.4633497,3.4378295,0.25319746,3.1236944,0.10283087,2.3284338,1.3812007,0.61702716,0.71543044,0.8818431,0.87061906,1.4263862,1.4060678,0.5553109,0.18173295,0.9424379,0.58011985,0.2546002,0.24625127,0.72163934,0.26336074,1.7918178,2.696355,1.6906464,0.9203298,0.37501004,0.15812112,1.3878525,0.7040851,0.43372795,0.59335655,0.6557814,0.5931446,0.37485835,0.8383079,0.7382764,1.4621943,0.004629648,0.14007759,0.85487694,1.2872171,0.613129,1.6907194,0.2924366,1.6294501,0.37363935,1.2987666,0.3292027,0.22740263,0.014372089,0.7600961,0.2958512,0.6471756,0.7736969,1.1450559,3.189729,0.48621017,0.022346774,1.3869346,0.70206916,1.66641,0.048411533,0.62550724,0.37891114,0.04953242,1.0252826,0.38665903,0.6458278,1.0892442,1.1981776,0.5367721,0.20913972,1.6929044,0.07487167,1.2261027,0.27431107,2.9746716,0.5152192,0.035266478,0.6534654,0.9426495,0.16230212,0.90886074,0.10873625,0.79157144,0.08538818,0.72998756,0.7844069,0.5541268,2.808259,1.7149383,1.4906802,0.37119552,0.6802379,0.8210076,0.4308491,0.51469326,0.35660276,0.78478193,3.7439,0.3161344,0.64892423,1.6807879,0.016768193,0.18365595,0.6588671,0.38909814,1.5639025,1.4787809,0.8284361,0.51047426,0.21314959,0.55801475,0.96677536,0.50386435,0.51132756,0.494877,0.882277,0.9848435,0.81826603,1.2570497,1.0455993,0.4107646,0.9441097,1.7033665,0.062370572,1.3465034,0.8931583,1.5652472,0.23593523,0.7089546,0.75409466,0.06537933,0.5633894,0.66155535,0.98427844,0.688359,0.8833926,1.254204,2.2068937,1.3033916,1.1407083,1.0307118,1.0336,4.840385,0.47487795,0.9170744,0.8063062,0.4274834,1.3367428,0.6966774,1.2123321,1.4246815,1.0794492,0.41839343,0.43350694,0.13641235,1.211125,3.2485762,0.85310173,1.5657005,0.9807989,1.0176635,0.9724467,0.95477074,2.7180727,0.6145128,0.38208482,0.677144,2.0727572,1.669982,0.77007705,0.18416105,0.042949103,0.20015013,0.56136554,1.1535456,0.7911159,0.27711248,1.91191,0.65968055,0.7243639,0.416064,1.7281185,0.61006796,0.36230946,0.23350221,0.67210716,1.2434139,0.15521696,0.6730652,0.3963071,0.56800425,0.21216154,0.96453106,0.09720459,0.1949714,0.62885594,0.79314023,0.5983514,0.0,0.87625945,1.533029,1.1707982,0.51788366,0.5778868,0.95883596,2.4515898,0.47848123,0.7000005,0.5819848,1.1653516,0.2073276,0.276365,0.5999774,0.5241404,0.8007356,0.015119768,0.1629947,1.4015443,0.5313666,0.7670016,0.51283246,0.93093884,0.7974069,1.9538091,1.795964,0.8973321,0.41757748,0.9413183,1.3766267,0.34605244,0.38427213,0.27258697,0.081959054,0.44670308,1.2080978,0.46672598,0.9223816,0.12690863,2.1568751,1.6678584,0.6986697,0.89310455,0.35083896,1.163196,0.91946995,0.35925433,0.4754873,1.7826015,0.86389047,0.65469086,0.4517917,1.6172158,0.0067765056,0.33510134,0.80037904,0.6606178,1.2832993,0.33503482,2.5155077,0.52090883,1.3830541,1.0641959,3.2899623,0.11615902,1.0695047,1.9775879,0.31694353,0.6817813,0.83665234,0.3677657,1.3256469,0.7914787,1.1586549,1.4697571,0.57381535,0.5576297,0.025643853,0.9899558,1.6389483,0.59304047,0.33965835,0.10959024,0.030300763,1.296321,3.202245,1.1364696,0.4849865,0.84175014,1.6454785,0.5142064,0.13667814,0.35232496,1.4637873,0.89891815,0.56766135,0.98120725,0.84568566,0.43463528,2.3876743,0.267989,0.9876773,0.572936,0.7530364,0.8973264,2.3620908,0.17436919,1.6630957,1.4623165,0.5087131,0.6603954,0.4894684,0.07542894,0.7195953,0.2472155,1.1509922,1.1286597,1.059658,0.47971368,1.1153396,2.3861856,0.53762335,0.71713537,0.3220757,0.010715453,0.4573312,0.23078448,0.2690858,0.2740053,0.90971947,1.8304428,0.37222302,0.524427,1.1008891,0.7125562,0.020784354,0.487688,0.13075109,0.57657516,0.8859038,2.2875612,0.119513616,2.029688,1.8033313,0.7359093,0.33625755,0.05765192,0.3459259,0.4073592,0.13649246,0.31496027,all_pothole_images\pothole_images_enhanced_dd6f58b768ab1e7c06c9938d8487a65d.jpg
0.84594196,2.7208548,0.94780785,0.5894812,0.48897102,0.7513788,0.13778464,0.0,0.81349397,0.2350017,0.14858684,1.0113084,0.5213927,0.72884476,0.04330636,0.15590444,0.039287455,0.0963744,0.08384568,0.29858226,0.13058445,1.2025646,0.80714554,1.3837466,0.41432706,0.32437882,0.58921766,3.8598044,0.103008494,0.19304416,1.139122,0.4049273,0.23810801,0.7141198,0.41561207,0.5299987,0.1173461,0.39804184,0.08438359,0.36447328,0.14361133,1.0813211,0.26762006,0.048353147,0.47112998,0.0151463235,1.0443412,0.0,0.11382447,0.04326251,0.15526116,0.83602,0.9930429,0.18559903,0.08688331,0.07548086,1.5790309,0.9302589,0.2588588,0.10608547,0.28000844,0.7788173,0.76335436,0.53842455,0.29347178,1.000423,0.7194914,0.35276392,0.08098156,0.36357817,0.998866,0.98478013,0.5064907,0.2669488,0.041127063,0.7856734,0.7818002,0.24992888,0.0,0.42570207,0.3276216,1.6460892,0.002464196,1.509831,0.20074393,0.7611104,0.50014985,0.01117544,2.895749,0.4328642,0.032620654,0.29186776,0.014428423,0.32807493,0.35428467,0.11438711,0.009716344,0.99058795,0.18255459,0.04185675,0.7671987,0.7978058,0.29843837,0.32478622,0.66957295,0.040011834,0.21466815,0.28595734,0.062613465,0.93951863,0.12146546,1.7069272,1.1413196,1.5900823,0.28112742,0.57699,0.58097756,0.09403919,0.4594427,0.07433141,0.6601949,0.23621343,0.5753072,0.82820165,1.2563331,0.3262589,0.63628817,0.090918206,2.6660056,0.5504528,1.5723413,0.5208707,0.10264864,0.24746756,0.3312954,1.2808592,0.035219587,0.06771327,0.42477283,0.026332129,0.96642286,1.9874148,0.014895769,0.7896973,0.03302923,0.65259725,0.12597936,0.18901151,0.012150293,0.6884232,1.7923962,0.40879953,0.95259607,0.009848159,0.36075035,0.027217232,0.027746432,0.23751852,0.16763006,0.026861047,1.1788182,0.5443248,0.16444093,2.1024086,0.24994227,0.0031209113,6.0317593,0.030232513,1.0596673,0.55528736,0.74858373,0.04127687,0.085874125,0.073672295,0.73455137,0.07971128,1.4170656,0.28206727,1.0938301,0.47401482,0.17708209,0.21349517,2.6231751,0.8016085,1.6513376,0.3430593,0.09186252,0.49486598,1.295404,0.3837569,1.6838284,1.2029347,0.0,2.5605326,0.012134727,0.046358068,0.0326227,3.1768415,0.041259386,0.3955497,0.3611364,2.3727436,0.5956989,0.0033764436,0.49974826,1.560023,1.0800825,0.10054263,2.7737284,1.0867532,0.094363086,1.08498,0.8358448,0.168132,0.1450827,0.67986405,2.3118677,0.06340073,0.53592634,0.1152551,1.3188534,0.0,0.25687006,1.0603645,0.3479309,0.00225721,0.8097186,0.018881511,0.55682707,0.16749407,0.037005145,0.2601056,0.5969845,0.17998356,1.1752522,0.7488398,0.45407793,8.1482205e-05,0.2522633,0.49546525,0.6278216,1.029139,0.42428082,0.05438648,0.0,0.17726117,0.38445398,0.57865167,1.0556424,3.149739,1.3368714,0.34553513,0.68576086,0.06887881,1.9563066,0.061327733,0.5891135,0.058644902,0.4853606,1.6387953,0.06048434,0.7611283,0.3147711,0.020779068,0.49281317,1.4184786,0.41870397,0.5378892,3.3849587,0.34983787,0.44004604,0.18166022,1.2025892,0.542414,0.5276099,0.9378634,0.2268162,0.34604162,0.9473998,0.5031325,0.39023215,0.01751984,1.4042044,3.8185236,0.77646893,0.88756436,0.5373012,0.99200064,0.3347294,0.19009368,1.778831,0.763223,0.2096412,1.6379976,0.31865764,0.1532051,1.2444619,0.09155051,1.0377494,0.39265406,0.11223113,0.04092414,0.06564335,1.00134,2.1315649,0.0020191462,0.39469203,0.7867149,0.26527828,0.029406399,0.29271394,0.94945735,6.7608833,0.75555074,0.29803008,0.462799,0.09473197,1.0995846,0.828423,0.91019857,0.44120052,0.19415787,0.07849758,0.8652611,0.39459056,0.5169074,0.37857196,0.02584998,2.26046,0.23816484,7.0412135,0.7451741,0.4324335,0.20993884,0.06246769,0.08827248,0.53330696,0.30815804,0.21809115,0.06693096,0.033037096,2.4307275,1.5156735,0.2870408,0.31350872,0.20209919,1.3728461,0.6915017,0.03384576,0.79680055,0.010447925,1.406924,0.010715056,0.25380787,0.44865698,0.040689327,0.17822063,0.41181046,0.0,1.4907441,0.53071475,0.33719876,1.3731414,0.43411878,0.0,1.1521797,0.5884117,0.80561393,0.06321934,0.8191369,0.12674806,0.7714555,0.228521,0.2675323,2.4729471,1.7312375,0.83929396,0.8601515,0.01706954,0.062899604,0.01749557,0.19288713,0.6632989,1.5390631,2.6756186,0.43120238,1.2681636,0.28885248,0.0,1.6570522,0.11835846,3.4706254,0.7761452,0.38662353,0.0,0.39670208,0.054212306,1.6506466,0.07167163,0.119298905,0.23320602,0.42589384,1.1787817,1.9457916,0.092610195,0.67437595,1.4230435,0.24096943,0.16142721,0.35193396,0.46921515,0.8933188,2.223341,0.06491676,0.8203631,0.068639785,0.8835603,0.9037837,0.15762782,0.4039171,0.22825928,0.08534553,0.7620954,2.5396068,0.3596882,0.7018297,0.95673597,0.87865865,0.073885545,0.9694799,0.20075525,1.0949336,0.08033307,0.4931337,0.10106024,2.6532412,0.09340542,1.1120964,1.3617902,0.96530664,0.18805094,0.00947932,0.113681674,0.1100916,0.32512122,0.08918089,0.5643477,0.93268543,0.19345741,0.16111885,3.1283338,0.012047264,1.4019358,0.47911957,0.4263067,1.2945783,1.4031323,0.94348794,0.0032022407,0.25356367,0.17077895,0.130662,0.23764731,0.077594735,0.4474055,0.34258348,0.0028020258,0.28916705,1.2182771,1.9184288,0.5400982,0.115474,0.22724117,0.4247153,0.31479752,0.32741362,0.08319911,1.7560757,0.8653016,0.131331,1.0441278,0.55578077,1.2679001,1.1800869,0.0,0.73418325,0.22136904,0.88329977,0.5804745,0.11677495,0.20781845,0.4817032,0.04349583,0.0,0.2781728,0.016994085,0.9932448,0.026599782,0.00028956414,0.22946164,0.2376948,3.29051,0.88017845,1.1756886,0.12140072,0.9431047,0.040202275,1.7494874,0.5156009,0.6210208,0.4308913,0.08540806,all_pothole_images\pothole_images_enhanced_dd756aa2a0c7f6e35c42c5e4cfad7c77.jpg
1.1710759,2.3716836,2.089269,3.3133373,0.5902883,0.4330777,0.38233986,0.6613918,0.36072403,1.6151173,1.0458987,0.011132065,0.60865414,3.249384,0.55244786,0.7086368,0.16462263,0.18012431,0.28073356,0.20652603,1.0922496,1.1748557,0.7448884,1.9361706,0.5568467,0.41716468,0.037795715,2.452473,0.8092777,1.7312644,0.9015991,0.2174015,0.5500787,0.68492836,1.1373333,1.0677484,0.73875386,1.4526343,0.33226067,0.20861603,0.6555747,0.5640536,0.7440527,0.3021132,0.9975613,0.49115315,0.4044925,0.047544867,1.3642497,0.15243763,0.5361718,0.43835083,0.92086107,0.0020902436,0.6977382,1.573717,2.907823,0.13508195,0.34099317,0.63965476,0.4598259,0.17693844,1.8629318,1.0303327,0.9675832,0.7913293,0.06240722,0.026858404,0.3138413,0.7673463,2.3579314,1.0753745,0.5932349,0.8310161,0.42646915,1.3195662,0.25761718,0.27843356,0.85200274,1.018687,0.46239293,0.8479808,0.5464126,2.7282982,0.35647154,1.2828141,0.6510068,0.27435002,2.5554056,0.2901901,0.17124148,0.72399306,0.39200872,2.1134827,0.9598229,0.41470984,0.09493813,0.26192415,1.7761569,1.4556844,0.29454643,2.917757,0.35773072,0.9612227,2.0013502,0.0,0.25475818,0.9141732,0.90766555,0.3869609,0.17181781,0.67113423,2.0823634,0.59147626,0.73934996,1.0114827,1.3876709,0.25044692,1.6360252,0.80740446,1.3070598,0.5720874,1.865169,0.8208422,0.4187088,1.539968,0.90078515,0.5389525,0.8890356,3.1644964,1.2436861,0.12256992,0.34192738,2.3991616,3.6060877,0.90196776,0.88299495,2.7222397,2.5928998,0.39257875,0.47902292,0.35035098,1.069847,1.9257861,0.8364016,1.3442434,0.0,0.14808573,1.4767783,0.8336116,0.8624086,1.0194404,1.1546631,1.338343,2.707243,0.74539274,0.7789005,0.7517767,0.2907035,0.8034597,0.9911438,1.5213112,0.66941607,1.6484662,1.8146769,0.4189934,1.3212456,1.7716473,3.9080343,1.911098,0.57675207,0.22515695,0.42315423,0.8755242,1.2832334,0.55298936,3.11702,0.7480746,0.15160492,0.9192725,0.33479193,1.827098,3.0877318,0.5647673,2.0817163,0.7349681,0.54303074,0.9092156,0.23751083,0.47994205,0.42639115,1.0927497,0.42941323,1.7658844,0.6655365,0.78218037,0.10508971,0.8077353,0.5902939,2.0542758,1.922607,1.9866416,1.1322173,1.7517258,1.8802786,0.63776284,0.1415164,0.44558367,1.8267632,0.30742255,0.33824772,0.9243131,2.634224,1.3135849,0.8125679,1.5838797,0.8265768,0.35301244,1.1975727,0.5423387,1.9831823,0.6078325,0.9546052,0.46827832,0.045792025,0.16321623,2.3753648,0.5591999,0.48005223,0.1913081,0.18279177,1.5676469,0.25059637,0.7693459,0.98860765,0.7039928,0.96375704,0.34516278,0.5748256,2.0355937,1.4719139,0.75065875,0.69912237,0.6041511,0.671278,0.106003605,1.2671497,0.3100447,0.43644452,3.7755282,2.617893,0.4039425,0.14063211,1.1887006,0.33105752,0.19764139,2.044237,0.6659646,1.2284236,3.7408836,0.7397195,2.3206217,1.5421511,0.36283624,0.4455153,0.54925996,0.049030513,0.33276406,1.7336859,1.2700185,0.08162768,0.113778576,1.3469658,0.033658408,0.076745875,0.6907425,0.3215751,0.9218529,1.1967269,1.2045614,1.3977871,0.21038558,0.27937466,4.2363243,2.6714532,1.8057948,0.66099113,1.4195645,1.4795806,0.7397034,0.35754523,0.527726,0.0012071829,2.4971423,1.8888456,0.13784023,0.15389943,0.91665816,0.8104167,1.2269322,0.023337595,1.0394258,0.19965668,0.9871573,5.139734,1.058277,0.09879753,1.2605932,0.25573403,0.532068,0.04232382,0.6366978,4.7789574,1.3526311,0.34768885,1.0172887,0.5951596,0.7553543,1.665293,0.29178354,0.5865687,0.27196434,0.3475516,0.8207368,0.49463737,1.3587071,1.4243759,1.6902376,0.6078915,0.74062586,3.211014,0.358888,0.01880925,0.23306751,0.4204755,0.62303245,1.6056887,0.9917797,2.150695,0.6773283,3.2882457,1.806481,1.9188442,0.54961884,1.1050801,0.035827737,1.4403306,0.29547212,0.22896357,1.410109,0.86286175,0.0649326,0.052474134,1.9539856,1.3933797,0.037440516,0.081080735,1.405866,1.0542976,0.5541867,0.046383843,0.13595296,1.4312533,1.4130676,0.0984904,0.24166554,2.2106276,1.6232175,0.07831603,1.8669292,1.3256261,0.4635118,0.34006462,0.67068565,0.85827106,1.3891993,0.16403486,0.18856756,0.29811135,0.668267,0.16148227,0.8932425,0.48372892,1.06187,5.138344,1.8959559,3.9758704,5.3822083,0.026517011,2.4481905,0.88366026,0.8436738,0.03424182,1.2110493,0.48208112,3.412376,0.5368837,1.9874156,0.29198176,0.12651247,1.4020938,0.40171972,0.19305462,1.1225368,0.15390933,0.37461057,1.0544138,0.6565835,1.1382711,1.0887665,0.5404633,0.059788626,0.30704728,1.2624508,0.13197605,0.31457162,0.47586483,1.7105308,0.5295215,0.8553857,1.8904836,0.46308398,1.7142751,1.7411988,1.7972684,1.0136492,0.8772859,1.884394,3.2607906,1.6528771,1.2425648,0.7064024,0.41743368,0.36461312,0.7160287,3.0775127,0.8310313,1.9379798,0.3434021,0.84328365,1.8607433,1.5442274,0.31430236,0.26401758,0.12021336,1.2146883,1.3205391,1.1029048,0.8218919,0.4808822,1.5460339,0.7134019,0.8951948,0.8822283,2.5158012,0.6092392,1.2936953,2.2806418,1.3094591,1.1644639,0.5667101,0.16413535,1.1154072,0.707153,1.4925472,0.47893125,0.23995796,0.09814421,0.90546215,2.3141284,0.84674644,0.39337146,0.54942316,0.35826328,0.45970473,0.5461425,0.8651794,0.76178265,1.5727903,0.49867702,0.5948045,2.7422023,1.8646739,0.10646083,0.12017431,0.9117226,0.6978236,0.8670364,1.2976196,0.19163544,0.15259668,1.1378838,0.21453549,0.1120348,0.6433753,0.6717094,0.050654285,0.3430532,0.56571364,0.92035115,0.740503,3.253064,0.37388346,1.0936079,0.51988775,0.052922685,0.8176906,0.7802941,0.644671,1.3015963,0.6479385,0.82113457,all_pothole_images\pothole_images_enhanced_de24a78120bd67ed25b5020568bafd24.jpg
0.32235074,1.2239347,3.5582125,0.89108926,0.21276756,0.024113432,3.519806,0.0,0.20224395,2.783083,0.46473867,0.8391146,0.07446135,0.91087556,0.089649215,1.5296654,0.28793758,1.8462683,2.123416,0.37602466,1.9459312,1.1879473,0.348875,1.3100923,1.568427,0.24920662,0.99078614,0.31161404,0.009902162,0.73290604,0.68273294,1.1198772,0.24428336,1.0484626,0.23542163,1.0339556,0.38086143,1.449583,0.5914058,0.78388834,0.5268314,0.4090212,0.06719662,0.92840123,0.5495662,0.19277853,0.2854675,0.0,0.9708288,0.19587663,1.5553879,0.40867084,0.62431526,2.01008,1.1869662,0.25042725,1.147783,0.47907412,1.2179452,0.714557,0.54973334,1.73864,0.08732605,0.14482917,0.11390263,1.0476289,0.013074756,0.38397142,0.4997166,0.9395981,0.15996596,0.24294077,0.67590153,0.62770855,0.20772263,0.983087,0.8995691,1.3038434,0.0,0.45671618,0.33570725,0.10182754,0.37499782,0.9415877,2.0573878,1.6092657,0.035170734,0.20965509,2.816897,0.43723997,0.32612652,1.0678377,0.24583705,0.20707208,0.0032654922,0.49006528,0.40281773,2.0972865,0.35630715,0.4181903,0.20007974,1.1821314,0.4474564,0.5559997,0.33876407,0.9041612,0.0142035745,0.2952651,0.53150666,0.6861301,0.7554106,2.28838,0.13697417,0.99917084,0.31142303,0.85437024,1.0396365,0.015133195,3.9392152,0.7395828,1.0392504,0.83396024,1.1105481,0.846689,0.9975139,0.56235003,0.8265918,0.8562791,0.5301728,0.8119438,0.23993152,0.54831344,0.95896,0.10545684,0.011564733,0.1437141,0.32120794,0.039019573,0.18529141,0.10130889,0.2665149,0.3736344,0.27041093,1.2301571,0.70719534,0.16063863,1.063697,0.64673483,1.6550028,1.0189013,1.3943756,2.2391036,0.135878,0.36004,2.7384553,0.013457036,0.2302648,0.021368496,0.96008706,0.26917833,0.8612958,1.3663068,0.38313589,0.7987513,1.8922533,1.9047588,0.7389638,1.918083,0.44307008,0.6508968,0.36356422,0.037865367,0.11341109,0.34104592,0.84386533,0.059428487,0.29302233,0.0,0.8808647,1.0888903,0.3468722,2.7586722,1.79655,2.1908333,1.933559,0.7151002,0.38592273,2.623796,0.42948774,0.84205765,1.1515479,0.3127833,0.018189227,1.1025535,0.045575675,0.02077005,1.4927884,3.05783,0.303491,0.6706986,0.079649776,0.62510794,0.14503016,0.2580769,1.1302233,0.38119036,0.8653463,1.371373,3.4905014,0.47882402,0.028869113,0.042313915,1.2587814,2.0586689,0.36323258,0.82240885,0.66170025,0.048363842,0.6040835,0.055085532,0.38075322,0.8814034,0.6762474,0.14440253,1.0698829,0.22363298,0.45750535,0.06298032,0.08608104,0.117895395,0.44131345,0.3212774,1.0070035,0.15283586,0.1404935,0.21726502,1.4279498,0.67736703,0.3979084,0.29968187,0.28907308,0.18375665,0.3420942,1.405957,0.24044514,0.00045289277,0.72482204,1.0615768,0.62012774,2.8075616,0.4983292,0.08105471,1.2375162,1.1044817,0.59785473,1.4304392,0.45044497,1.4377388,1.8729706,0.97655547,1.9740059,1.2438405,0.8361916,0.5107583,0.40908572,0.5656743,0.66065353,1.1538808,0.25087395,0.50461626,1.4890769,0.22378232,0.55632085,1.6321168,0.60138303,0.73977536,0.034290742,0.20108888,1.8355496,0.4362965,0.0,0.09066885,1.2152026,0.010195852,0.41218725,0.9400603,0.049550224,1.951295,1.1808743,0.21058095,0.7482143,1.0758708,0.8344834,0.3856585,0.42335454,0.2598376,2.7571259,1.6284068,0.26605013,0.45647234,0.3812977,0.11836143,1.6357965,1.4713786,2.6054692,0.48917395,1.2715043,0.42122182,0.29781157,0.47673017,2.4117558,1.2005631,3.7091024,2.011838,0.74098927,1.0446143,0.09930105,0.52785164,4.3219976,0.20866346,0.8886831,0.094927765,0.42363614,2.420091,1.2643081,1.0338151,0.06038555,0.4765231,1.4932935,0.74234927,2.3837473,0.3438346,1.0904378,0.40719774,1.5082852,0.08212347,1.4487965,0.78567487,0.010439769,0.4763947,1.4622167,0.56330115,1.1827245,0.3813448,0.28792286,0.07382417,0.29427817,0.89994264,0.13536064,0.14805366,0.11562466,1.2649949,2.5196126,0.7621139,0.04280782,1.8761842,0.9288529,1.4008058,0.23358485,2.4451635,0.20406368,0.6818896,0.4626999,1.3987402,0.74969214,0.33298036,0.8607761,0.400339,0.43369415,0.03498564,1.2291882,0.77492833,1.3374745,0.28000307,0.93627733,0.315835,0.7533946,1.2716184,0.64744556,0.23627739,1.1967671,0.13596542,0.92907196,1.3129252,1.8721008,0.7643174,0.99989986,0.09475483,0.8092271,2.6626601,0.61209315,1.3444064,0.67714083,0.48329914,0.08822016,0.28515637,0.9337477,0.75059664,1.4437423,0.064972974,1.0769238,1.4318911,0.5603598,0.7277753,0.022344258,0.4906638,0.7283377,0.32167384,0.019715488,0.075431935,0.078778505,0.19049321,0.33470142,0.99861795,0.001968305,0.79645985,0.30303803,0.06295823,0.122014105,0.05627048,0.683254,0.99676174,1.1529115,1.9520422,0.85053176,0.74854696,0.6095585,2.1166275,0.058299497,1.0371758,0.2906934,1.120593,1.2759598,0.9384787,0.6607602,2.0654595,2.3911445,0.40450007,0.13317734,0.5952721,0.27990174,0.24032868,0.014562997,1.0162818,1.4311012,0.060050216,0.62897044,0.4914124,0.26571882,1.0231373,0.9558116,0.08889435,1.8347789,0.6745949,0.77106863,1.4410422,1.9723308,1.0388916,0.055038135,0.28932709,0.4023604,1.7629462,0.9844124,0.24028514,0.59382945,0.9267855,0.55529296,0.51814914,1.2125629,0.32071945,2.2893996,2.8313236,0.33269832,0.48055422,1.2522268,0.46812057,0.7383678,0.21003121,0.056429777,0.090694316,1.9602463,3.6225448,1.232372,0.7832441,0.07222627,0.44369587,1.4358186,0.27752864,1.4870963,0.7915471,0.5304122,3.1457512,0.21285169,0.25161812,0.08717865,0.30468965,1.0680612,0.18024752,0.08484726,0.15470317,1.4719665,1.1877913,0.95629007,2.1380792,0.7239959,0.33417058,0.12804008,0.4189324,0.121787615,0.31630978,0.33901587,0.27413404,all_pothole_images\pothole_images_enhanced_de2a9f1516e58593711a619e062113ef.jpg
1.1958072,0.44182009,0.16159783,0.7825792,0.09993061,0.0841898,1.3347195,0.00656762,0.1251561,0.28936988,0.8101182,0.0034316503,0.29028726,3.1878636,0.04804936,0.8592059,0.0856421,0.86500514,0.7346034,0.05801456,1.383636,0.1430792,2.0770907,2.2090926,1.3444048,1.6278687,1.782651,1.3551418,0.096879356,0.17102696,0.25441757,0.33807257,0.0060036825,0.9238668,0.44404945,1.1868052,0.11914043,0.7774472,1.0945212,0.015845759,0.07314559,1.3090513,1.2910682,0.06463672,0.6472895,1.7138796,0.27453375,0.52088034,1.7102273,0.16394663,1.913315,0.38446656,1.4818467,0.644011,0.03346073,1.096966,0.1532158,0.22856724,1.3043529,0.5693744,0.1378673,0.59744066,0.19278853,0.9222356,1.7008226,0.8777869,0.5336287,0.42533118,0.3514046,0.020705368,0.2815149,0.2800185,0.8314898,0.10813195,1.7294551,0.03502485,0.21549135,1.4326427,0.10868831,0.012925431,0.025943965,0.1162353,0.90750027,0.24405766,0.5592268,0.17800467,0.4276319,0.25743997,2.1552856,0.7731847,0.6791796,1.2167361,0.49525905,0.5514495,1.4500647,0.22703865,1.5201538,1.4532741,0.15936536,0.80979586,0.14913985,1.1794617,0.3347695,0.7124093,1.1480393,0.5203071,1.2120391,1.6242576,0.2555687,0.44748288,1.2004046,0.21613906,1.2992722,1.3151693,0.765359,0.25902393,0.0078462595,0.040237315,1.3014663,1.7071378,0.6922447,0.57252985,0.19370604,0.7269186,1.0066652,0.6889304,1.4242423,0.21418501,0.039645836,0.50263965,0.25758052,0.23802638,0.5884291,0.05344565,0.342298,0.62598306,0.4700217,0.8436433,0.92604655,0.18259107,0.43183938,1.8166983,0.69747996,1.2609247,0.49019513,0.8765908,0.02692672,0.35658124,0.10410576,0.093957275,0.78556013,1.2250923,0.01667916,0.027752832,0.9260639,0.31062967,0.94429,1.0083493,1.5069978,0.7542539,2.7577446,1.0750917,0.1773317,0.56967807,1.1879528,0.46368945,0.2990656,0.076039515,1.0719174,2.5878294,0.023366945,0.026591182,0.017728291,0.13675845,0.09155979,1.5658973,0.19877361,0.10712962,0.49973747,0.13535075,1.0203794,2.3666916,0.0043777665,1.904138,3.2070043,0.2136506,0.17351826,0.63809156,0.25550413,0.23041214,0.09235199,1.9659442,0.47478056,0.9100645,0.07442831,0.7279412,3.6352918,0.9605142,1.7200704,1.0916733,0.70762634,1.0137845,0.0,1.3031144,0.2011316,0.37767097,0.6086203,0.22990763,3.22081,0.93860674,0.0114857415,0.055821486,1.1791953,0.120879,2.441501,2.0044692,1.0323371,0.24608423,0.10732829,0.5579777,0.7237839,0.039905798,1.2264191,0.2385925,0.0,0.14811544,0.68726027,0.07054906,2.0998673,0.77253926,0.52490145,0.12751791,1.1419145,1.9421557,0.57217157,0.54158837,0.92624587,0.39815754,0.20333995,0.9059714,0.39352688,0.25325495,0.07385939,1.075523,0.19250901,0.030761369,1.4468714,1.461177,1.5112504,5.436237,0.48035252,0.55393124,0.28913957,0.15220866,0.22965993,0.3626426,0.55919266,1.0967896,1.6120915,3.7695866,1.8415797,1.2608309,0.62352103,0.11060273,0.03283843,0.44558397,1.8297249,0.7122884,0.5170065,1.4007752,0.47505054,0.09219574,0.9783029,1.6413833,0.5150931,0.31997392,0.18631928,0.13142113,0.9329639,0.16877335,0.109624326,1.045578,0.45328042,0.41537085,0.25785807,1.3633336,0.5887415,0.9619982,2.0112722,0.28989142,0.16622184,0.81249565,0.26554435,0.55093455,0.043651532,0.4273584,1.1983556,0.1522431,0.30349928,4.3703556,1.8184764,0.6537932,0.50614035,0.0,2.2993464,1.2994149,0.35530984,0.0,1.5135157,0.312917,0.43853468,0.87947994,2.3477035,3.9130342,0.567949,0.37230963,0.046745386,1.8147174,4.0906353,0.5656423,1.2920043,0.13091767,0.8228054,1.6319028,1.0538157,0.88253736,0.5235197,0.1718955,0.7204786,0.4650906,1.5743207,0.47165006,0.0,0.57055944,1.0861202,0.15225619,1.6446244,0.3679163,1.2416484,0.7011348,0.06599428,0.15602197,2.0559423,2.03801,0.6997388,0.90667474,1.0193404,0.29335913,0.14053816,0.98486716,0.0,1.1987367,0.61996746,0.2937377,0.15749867,1.3732331,0.21759103,0.957677,0.22144726,1.2780571,3.1941655,0.2478576,0.042681873,0.30732512,0.25353178,0.23208918,0.010811138,0.8559327,1.0424855,0.76877034,0.014297849,1.1320455,0.14065547,0.49064928,0.44889787,1.3938035,0.23590265,0.3741533,1.6901062,0.69712156,1.905703,0.13074565,0.15568757,0.041852742,1.8608259,0.5560322,1.0131726,0.20212023,0.101676434,1.6550545,0.62819934,2.0010855,0.2860394,1.0868021,0.12831977,0.97832906,1.2196105,0.66137874,1.1741025,0.5851255,0.12818043,1.4210962,1.1315304,0.045756936,0.6008912,0.039826665,0.81399316,0.51480895,0.6019734,0.88607746,0.0450472,0.09815125,0.028534738,0.6958382,0.5376316,0.4542095,0.2647461,1.939466,0.64934015,0.42398718,1.815788,0.4748138,0.1952544,0.92945594,1.4206047,0.3887187,2.0459108,0.64817435,1.7026556,0.903651,0.18896447,1.0034273,0.43685344,0.7355703,1.1260648,0.609337,1.4075078,1.1982962,0.050974056,0.025184862,1.8213742,1.3128341,0.17328972,0.3626083,0.10863661,0.009527175,0.37244305,1.6896365,0.76073647,1.9197415,1.0110544,0.8926634,0.84813875,0.2383679,1.0218879,0.3787595,1.0057757,0.023455508,0.11096915,1.2279301,2.6209905,0.8416886,0.5880901,0.36169994,0.92896515,0.33765206,0.0,0.027875487,0.19753285,0.0,0.27132484,0.3139625,0.20832698,0.35378507,2.464241,0.03600928,0.8537586,1.1364857,0.12640116,0.6076697,1.2064404,0.6097511,2.0482256,0.48105127,0.066521205,0.12491535,0.001202476,0.0076782773,2.5177026,0.0,0.14913402,1.2074987,0.49141237,0.27685076,0.06568295,0.0515827,0.19133486,0.13977289,0.7011793,0.69431955,0.5376869,2.7045891,0.692542,0.5028917,0.50079024,0.829143,1.4712923,1.0327564,0.3530559,0.67127174,0.24031767,0.83833444,all_pothole_images\pothole_images_enhanced_de4f13e4cdd341e5971552b7042410f0.jpg
1.6523443,2.4093087,1.4730464,0.12696947,0.22250265,0.9189398,0.33358398,0.3726018,0.76650846,0.7875695,0.5466707,0.103655785,0.30101973,1.5480614,0.01349889,1.1733721,0.74842614,0.7177289,0.013819705,1.0746468,1.6271139,2.6891372,0.35720545,0.2798223,0.5237612,0.7405601,1.1090084,1.2830328,0.12923844,1.3531036,0.13012454,0.21601029,1.1914282,0.01683813,0.2554328,0.03168935,1.4010667,0.88317144,0.40700364,0.16228044,0.5504318,1.5171524,0.25629613,0.65671676,0.544229,0.90245974,0.064864464,0.068496235,1.0441737,0.23450883,0.9431692,0.10562481,0.5033549,0.13511616,0.08485397,0.18644215,1.3461396,0.0671535,0.07067988,1.1453607,0.28457698,0.24500619,3.236997,1.6589028,2.0214884,0.5053181,0.40531418,0.11307117,0.0017500849,0.14200649,0.08999272,1.1237056,0.15225421,0.48123392,0.18612422,0.04751678,0.4654742,1.3919166,0.20309477,0.013810315,1.1740602,0.007464209,0.010420459,2.5196664,0.038598955,0.10854629,0.2525756,0.115126945,2.3039947,0.0,0.8243533,0.71510804,0.7066605,1.2915351,0.0019753738,0.014931104,0.4273701,0.54016376,0.86665624,1.383038,0.37422207,1.4854752,0.28137404,0.20762147,0.002590453,0.08727087,0.02348111,0.13930857,0.09035503,0.17484201,1.4319602,0.89478457,0.48060966,0.0969629,0.12922539,1.9944829,3.0751784,0.29677385,0.4624985,0.16887115,0.34951404,0.056001112,3.9530752,0.5739178,0.2953622,0.2314278,0.45307532,1.668308,3.033819,0.47228384,0.5634813,0.902795,0.28131095,0.4349419,0.86757624,0.06622724,0.44408467,0.17727262,3.5878308,0.92907846,2.0220647,0.51997256,0.5922924,3.7853372,0.23416342,0.6607183,0.5481684,0.11676251,0.26459274,1.0413244,0.2140585,0.68972737,0.15170953,0.5863109,1.7740674,0.78747696,0.56072843,0.29515335,1.2512914,0.20332941,0.53534096,0.072610594,0.183685,3.139616,0.4942565,0.01550079,1.5955241,4.121784,0.556555,0.08463415,0.7566356,0.0032707844,1.4443705,0.7601502,0.49678576,0.18906894,3.9457576,0.29081738,0.11156057,1.8613907,0.90753454,0.102969125,1.3814765,0.1151558,2.2432113,0.16022918,1.770832,0.39366946,0.13000229,0.04468434,0.685675,0.29749352,0.4423212,0.2790483,0.22693235,0.75751656,0.09817013,0.64026535,0.44496146,0.11817039,0.030614981,0.37594834,0.65837353,0.071465634,0.59223616,2.7662857,0.27786142,1.6728095,0.63267595,0.3591819,0.61018634,0.025978103,1.5562134,2.1095207,0.5792003,0.6993665,0.13674612,0.38889375,1.073067,0.1518973,1.331831,0.009208312,1.6294088,0.8936636,0.0,0.9269675,1.8391343,0.05388759,1.1354269,0.09509415,0.5312519,0.68377,0.076882,1.4949663,0.031470045,1.4869453,1.2143391,0.64199835,0.07063597,0.15375786,1.0259974,0.05619307,0.21906532,0.3828766,0.6549091,0.16958338,1.1768105,0.3330738,0.23143986,1.638693,1.3101563,0.07086035,0.0826608,0.7243551,0.07339252,0.47230124,1.1200728,0.48205262,1.0353751,1.5204234,1.6085215,0.9040994,1.1084788,0.0,0.43021804,0.17407273,0.1242595,0.391272,0.81605256,3.8803277,0.027447999,0.09714338,0.03847974,0.14581777,0.09633156,0.66265947,0.7787695,1.3003774,3.545025,0.27590847,1.0770996,1.0910438,0.37782362,0.109457016,0.43711752,0.19342063,0.0766359,1.4449601,1.3508393,1.0935766,0.048130102,0.3832072,0.7227285,0.25821206,0.32317352,0.66602105,1.0710891,0.713633,0.29802155,0.52689296,0.4376577,0.3276815,0.07104017,1.4522575,4.697174,0.0,0.4680068,0.7612534,0.80923665,0.0038169269,0.30016974,0.49675167,3.4470613,0.58366185,0.008905571,0.066064596,1.1731564,0.7925649,0.78817886,0.35441527,0.0,0.06833604,0.30236143,1.029947,0.40412605,0.32970354,2.74202,1.544735,1.3465538,1.7132462,2.6455948,0.5647182,0.009952624,1.838794,1.4391456,0.23724513,1.286901,0.61980826,0.40060502,0.001170046,1.4300671,0.13743417,0.39964855,0.0,0.7302079,0.16671492,0.034163985,0.93179375,2.8921115,0.7137314,0.28533113,0.6187004,0.010694718,0.095369436,0.5434537,0.11442172,2.6024232,0.36448935,0.0037456106,0.4926236,0.31083623,0.15930168,0.011145521,0.51861924,0.044807956,0.6650256,1.6018091,1.3304036,0.25955528,0.15721571,0.8240762,0.2125988,1.083697,0.04449307,0.10360197,0.4351197,0.055894963,1.2945045,0.4615943,0.56971234,0.07361778,0.0,0.87485534,1.1147557,3.390722,0.22691749,3.739197,1.0149075,0.013017141,1.804514,0.9102039,0.37732774,1.088164,0.08206525,0.6727161,0.77560973,0.36875206,0.93984735,0.0029122275,0.20821637,3.0228102,0.3701733,1.0420399,2.5680974,0.5901126,0.051578175,0.74334204,0.64250475,1.3045791,1.3638184,0.047294702,0.63007176,1.0692624,1.607267,0.63124573,0.5538753,0.0,1.8238465,0.06460894,0.6069804,0.89135706,0.60032904,0.5506599,0.40908185,1.2228492,0.85541546,0.2427856,4.418646,0.4802582,0.26457557,0.7520749,0.1982628,0.1334156,0.09669569,0.81074345,1.231838,0.88852876,0.9620266,0.0,0.58025765,0.7623677,0.09640211,0.02225794,0.2627273,0.4795314,0.9989111,3.339768,0.4346042,0.8334206,0.03944599,0.60325825,1.2088628,0.6299785,0.36546978,0.34454536,0.084271885,1.6369517,0.23419395,0.14165151,0.017228486,1.3799796,1.6072937,0.42716464,1.0441626,2.1994655,0.030048521,0.01676162,0.3564868,0.030749911,0.3829302,0.4969695,0.3765157,0.846266,1.5769867,0.45193583,0.04020804,0.32993457,0.42129034,0.31075406,1.0667952,0.10006266,1.7344031,0.014187431,0.84084433,0.02435349,0.40195987,0.17300017,0.036692236,0.0043702903,0.8966325,0.25879353,0.19174257,0.6145954,0.63098806,0.118970305,0.18018569,0.5685098,0.28219876,0.110018134,0.011212132,0.64866674,1.2322793,0.032146253,1.8027583,0.11817025,0.1824658,0.20845069,0.23767042,0.101799585,0.59482944,0.49389043,0.12208724,all_pothole_images\pothole_images_enhanced_dea97db3e591070382fdfd3bc4a25e00.jpg
0.59371996,0.6153016,0.11347085,1.8909793,1.5648397,0.3072399,1.4949545,0.15879935,0.28705272,1.090065,1.9977971,1.7838553,0.53832036,1.9239916,0.10844892,1.7279761,0.11789542,1.3902177,1.1186223,0.26754898,1.5896119,1.1629715,0.29827747,1.9209781,1.1439245,0.93882656,0.014912635,0.897888,0.15600796,0.32295862,0.4275297,0.05247731,1.7645601,1.847827,0.56697714,3.7610936,0.3097703,0.8913484,0.25702906,0.07901929,0.47038057,0.11346961,0.0847146,0.18197607,0.092239544,0.7774639,0.71382093,0.025383346,1.655838,0.957733,0.34892458,0.41700387,0.18140751,1.0027493,0.4055647,2.5304656,1.2032696,0.14522783,1.4960729,0.16013737,0.47867996,0.35172608,0.272396,0.2609464,1.3564326,1.2598948,0.21533845,0.19836468,1.4737294,1.0227951,0.005576315,0.36016238,0.13040006,0.26486492,0.044117745,0.25394407,0.25283512,0.43421134,0.16961391,0.06548159,0.13050915,0.093543224,0.14731432,0.28127587,0.40576863,0.52955043,0.039141342,0.11518295,1.7252787,1.8768201,1.0840507,0.04071045,0.2677965,1.3657974,0.0,0.46470132,0.47133932,1.4604112,0.35966396,1.1768467,1.3110356,3.3736799,0.13016504,0.5531138,1.3109452,0.39313468,0.38092476,0.5719752,0.67037773,0.40399253,0.09653137,0.60441,0.85838664,0.8300823,0.67944664,0.60953796,2.1519146,0.7144142,3.6759531,1.3612121,0.62883836,0.59641916,0.47104943,1.0314958,0.05547742,1.4623187,0.31741935,2.0202727,0.21359265,0.44333664,1.6546512,0.044632472,0.84827065,0.044893846,0.1881382,2.044492,1.5857073,0.991735,0.29150027,0.06269149,0.48050973,1.6114893,0.32946843,0.33113918,0.055656187,0.7035523,1.6042284,0.11208791,2.6145034,1.2466909,0.34093186,0.78277767,0.19292983,0.18399388,1.6384274,1.8010932,2.522119,0.48278007,0.69616634,0.7760389,1.4567988,1.238946,0.09951294,1.2646741,0.46187225,0.62462944,1.1083987,0.85679555,1.689871,1.551163,0.0060388306,1.0969323,0.13397285,2.7288268,0.35994866,0.2635078,0.29945803,0.07409599,0.35994902,0.44358864,0.42575774,2.6492054,1.537088,0.60548884,3.0621686,0.4819349,0.8058418,3.7150412,0.59122604,0.37977466,0.23815428,2.4693294,0.28088227,2.30286,0.43673304,0.67550206,1.3226583,1.5194801,0.49066487,0.36152324,0.32194212,1.2388316,0.32223794,0.41954827,3.3774133,0.44794706,1.3321505,0.024188887,1.4837791,0.39765757,0.06838786,0.113932215,1.6841025,0.11350587,3.5462134,0.96557474,0.7788356,0.26410082,0.046067674,0.51084805,0.14790352,0.87465435,0.9939261,0.10412215,0.26190323,0.46011707,0.65180135,0.28509504,2.3051076,0.34161103,0.0,0.029306602,1.5684166,0.16154684,0.3044773,0.7414821,1.7550706,0.014066837,0.69040895,0.83949745,0.044723004,0.37452978,0.8308256,0.17857735,0.699096,0.6757212,0.240936,0.31453004,1.1466377,4.520486,0.49085096,0.31660652,0.50870943,1.151123,0.76356846,1.0452454,0.46358192,1.9215128,0.97284216,1.3141545,1.2632501,0.22891274,0.39062372,1.3555115,0.89063853,0.32916787,1.1781176,0.41577902,1.869904,0.3046531,0.5615291,0.19218047,0.01166373,0.8896764,1.2157305,0.72677255,1.6459447,0.24436322,1.2511078,1.5656694,1.2646569,0.19083107,1.2264376,0.29989144,0.17931299,1.5633454,0.59877765,0.11293688,1.9410892,0.80241066,0.544411,0.044432256,0.5150654,3.2505994,2.2668743,0.10209651,0.97772026,0.8848905,0.99512696,1.5801988,0.65221554,1.4002044,0.26297662,0.34169853,2.5714862,0.3657432,0.038626038,0.29691103,1.6383651,0.53098077,0.93005586,1.0047516,3.9144547,2.8689232,0.95737547,0.09511494,0.12884723,0.28732166,2.8321776,0.32681975,2.754711,0.041565593,0.38963494,0.58063096,0.69267005,0.5558219,0.1497275,0.30182934,0.47470847,0.18361264,2.557383,0.22188736,0.36154872,0.2515386,0.26689193,0.019018788,0.06197862,1.112703,0.8890236,0.24417709,0.8716958,0.58750033,1.4087474,0.7607358,0.0,0.62877625,0.26449636,0.104988426,0.8047876,0.6221463,0.31987983,1.6432034,0.02491568,1.1565124,0.12198866,0.18086587,0.40952024,1.793694,2.4812264,0.28837112,0.53622115,0.47630933,1.5123558,0.9464367,0.2637405,0.34313127,1.0744432,0.14152774,0.53247416,0.9781606,1.0919027,1.0846633,2.1238365,0.048041746,1.4634925,1.892153,0.040534843,0.071490034,0.06166002,0.46932653,0.6720187,0.11839314,0.013920467,0.9513283,2.4784203,0.60318846,1.6629583,0.037230123,0.45727798,1.4096265,0.48599765,1.2255979,0.080912694,0.30120596,0.20551825,0.41377476,1.0472018,0.8753947,2.0666113,0.32108566,1.734996,1.5608959,0.9458024,0.046297938,0.7502297,0.11162636,0.34760565,0.6298318,0.06121653,0.38824448,0.25724813,0.2924617,0.07122248,0.23676777,0.12945496,0.6409969,1.3870718,1.0762352,0.5339608,0.4075636,1.5721934,1.8471091,1.0778679,3.0899508,1.8143066,1.3757739,2.0144708,1.5793089,0.14853375,2.3301616,0.13131265,0.37220243,1.1753156,0.4269853,0.6455537,2.6992722,1.0015053,1.0137662,0.19633229,0.8957996,0.9785546,2.1644902,0.10051388,0.13429879,0.042179536,0.37519225,0.43730435,0.13560043,0.5090506,1.9832472,1.0705823,0.5736843,0.20565347,0.97897774,0.72882897,0.37655225,0.16188094,0.57285625,1.1802199,2.0205622,2.3028412,0.40143692,0.9927204,0.724748,0.7622958,0.21701322,0.38714334,0.2105976,1.1254493,0.62338495,0.6996586,3.4986863,0.6639128,0.84045374,1.1012534,0.045941718,2.4336493,1.6174097,0.53545,0.0010195744,0.24459885,2.367023,0.228893,1.0657475,0.21329996,1.2172,0.17242806,0.03204516,2.1955163,0.44165835,0.7688034,0.36856565,1.0881227,0.08180634,0.2521522,0.057835236,0.09109409,0.11460038,0.5281601,0.63072133,2.051228,3.6490784,0.49549007,0.29930475,0.5118757,1.3191755,0.42401078,0.7979172,0.96221626,0.6712273,0.09773042,1.5938008,all_pothole_images\pothole_images_enhanced_deb7a481df29d8a59b23c4d758b96ac3.jpg
0.08966078,1.3243189,0.0,1.9486009,1.4921954,0.057256736,0.21119808,0.6778854,0.076914065,1.2464662,0.5434929,1.6958699,0.36955845,2.7975066,0.0,0.0,0.70649844,1.4588552,2.0842395,1.6618965,0.22444549,0.5888983,0.2784933,0.5966677,1.9010396,1.7463644,0.5531347,2.2900171,0.042075116,0.48090222,0.42682508,0.7329428,0.44256848,0.13316509,0.6753325,0.97995305,0.4865916,2.1195133,0.70845324,0.08176753,0.08363488,0.4047263,0.26882163,1.5190653,0.80775577,0.22384822,1.0068812,0.18415694,1.6890099,1.5868813,1.0969193,0.32445526,0.14211075,0.26029977,0.050019924,1.796278,0.5887138,0.80679584,0.94322,0.54999894,2.1183019,0.1581375,0.7109926,0.24400057,1.5678803,1.470105,0.08932292,0.108278126,0.09293771,0.46144068,0.96454823,0.050254423,0.6173844,0.10461071,0.21075067,0.0023692052,0.04518148,1.0468948,0.45803756,0.3905136,0.41834706,1.5865039,1.2801312,1.3671725,0.0839816,0.0051217168,0.80970615,0.13839398,0.3442958,0.00454367,0.39120296,1.1196744,1.0013231,0.5284287,0.11268003,0.32012963,0.34914112,1.5589749,0.521307,0.8003156,1.0734255,2.9825943,2.2068262,0.059152603,1.2598985,0.25809163,0.54078263,0.6940855,0.5281625,0.03290896,0.32436645,0.4076647,0.8820938,1.0590934,1.9252748,1.1341869,0.11646892,0.05082153,1.5738887,0.36766002,2.9906945,0.025970558,0.49705905,2.273798,2.5039184,0.7498734,2.331942,0.56947047,1.5200162,0.16413735,0.4492443,0.3624387,0.75292003,0.101121426,0.52923787,0.0042616017,1.2643117,0.33007246,1.2429918,0.17251538,2.0716724,0.052500922,0.33765364,0.48797902,0.2705619,0.9215753,0.87024075,1.1825861,0.88034266,0.05445732,0.21912174,1.5933946,0.043452088,0.25937447,1.3024522,0.88180447,2.4169965,0.26517695,0.393321,0.45576605,1.5774225,1.7598457,0.55667096,2.1975067,0.4166018,0.10236706,1.4378878,0.26483718,0.26932308,4.1807933,0.02136643,0.0011099384,0.33972567,0.25264433,0.116730005,0.058740925,0.57929075,0.75730956,1.2400957,0.54335225,0.50691533,1.3531816,0.996352,0.68031776,0.38232425,3.1899598,0.5564304,1.5683961,0.16867848,0.841185,0.24632628,0.7096019,0.30975348,1.9136965,0.44316515,1.4178401,2.503577,0.05440582,0.7827298,0.005687967,0.6107567,0.5595334,0.32297942,0.059182998,0.054477524,0.9205082,0.010366698,0.08394236,0.9817361,0.7557416,0.0117437,0.6423442,0.86944693,0.29665446,2.9005954,0.88918304,0.50997627,0.30475786,0.37888107,1.033198,1.4125681,0.931511,0.61126506,0.5791643,0.0,0.08530817,1.5316325,1.3934989,0.76736534,1.0888468,0.1648391,0.21923308,0.8455671,0.5425866,0.0148685705,0.014125435,1.2777812,0.7314149,0.16531244,1.4094677,0.5455124,0.37341723,0.367771,1.1929576,0.5375767,0.20459902,0.58016616,0.2682171,0.37395653,2.496899,3.665863,0.2600869,0.2728578,1.4742316,0.36926854,2.0937858,0.116947465,1.0534643,0.2780423,1.7973309,1.8139553,0.098405406,0.1721516,0.44512144,0.039246336,0.3816552,1.5964035,0.63690645,3.6617954,0.01662454,0.04470507,0.17705335,0.40685084,0.1291919,0.39648607,1.0286437,0.3599365,0.45777395,0.14350477,0.26653317,1.1553174,0.9083202,0.8072172,0.38278645,0.022328373,0.98475724,1.8944937,1.1408526,2.9772482,0.6801585,0.0,0.0,0.13066588,1.5812978,0.24198423,0.38711727,0.5537971,0.58599365,0.3580043,1.2010924,0.72587687,0.46003863,0.7380123,0.38377348,4.5881476,0.14526048,0.97744995,1.0231217,0.1552782,0.5601733,1.4141288,1.5274664,1.2563235,0.6705371,1.4534669,1.0892069,0.08801811,0.7943437,3.3395684,0.11584441,0.11072678,0.271606,0.764153,1.6709195,1.5087806,0.44773257,0.57563907,0.0,0.6779321,0.05074648,1.0748562,0.40819758,1.2023938,0.33725995,0.31136855,0.05328486,1.2972193,1.3798631,1.3895378,0.66340846,1.1248316,0.17513904,0.7429975,1.3070831,1.2543398,0.504016,0.07377897,0.6913746,0.9448286,0.57633877,1.5139699,0.20397615,0.5748048,0.9458185,0.18424353,0.2526501,0.13001347,3.1363862,0.61052525,0.6299039,1.2136309,3.1312706,0.39413452,0.273666,0.055938613,0.33644587,2.249353,0.9576075,0.0023623435,0.58596444,2.0210443,0.27492294,0.45119885,0.32416862,0.59214383,0.5152491,0.2604433,0.4845097,1.1242571,0.5284221,2.6795094,0.037556384,0.8355677,0.5881445,2.1120343,0.0,1.8704861,0.037720263,0.1635558,1.5045676,0.846701,0.15294027,1.3086706,0.9790457,0.18173389,0.2550018,2.1004696,0.14210247,0.10498975,0.01528569,1.6834762,0.68307275,0.75447214,1.0204589,0.07606502,0.8447401,0.7810692,2.1158772,0.8306072,0.049877856,0.21467815,0.26093522,0.090071134,0.60888,0.15638077,2.5919592,0.29485506,0.97740334,0.8765534,0.31531888,3.4218254,1.0516489,0.88200516,0.7270165,2.6759825,0.5707262,1.4614733,0.67290264,0.119800866,0.04764022,0.65321326,1.8914704,0.00073486054,0.11071246,1.2021549,0.8387653,0.71233803,0.1149332,0.109377995,0.036987357,1.4042051,0.23442529,1.1673101,0.032304697,0.5423052,0.00032864374,0.7274677,0.42313778,0.017838798,2.108054,2.651913,0.4711861,0.15042554,0.013560221,0.27122036,0.427581,0.3829885,0.021500252,0.093082316,0.38663653,2.223222,0.3083824,0.67801523,0.04548065,0.31228262,0.58695537,0.74534386,0.081095435,0.4101235,1.5688237,0.43615395,2.5108328,0.87502617,0.5577167,1.5631939,0.074915774,1.254798,1.8475673,0.51592255,0.23691937,0.45486188,1.4718541,0.5239123,0.0033214681,0.04309575,0.18812126,1.187825,0.10691261,1.0781345,0.0,1.0982774,0.74745995,2.7693033,0.19404903,0.008432861,0.021378662,0.8089514,0.8434848,0.79231703,0.55750453,0.64882886,3.1342392,0.25175962,0.48420936,0.8963286,1.0257471,0.43115577,0.3597302,0.2192271,0.102991514,0.22221489,0.04843771,all_pothole_images\pothole_images_enhanced_df4057f03a805befac655fd6523e95e5.jpg
0.8696018,2.7193654,0.8982276,1.8130982,1.2541193,0.19342153,0.8861913,1.4482704,1.3684393,0.25501344,0.052867047,0.36378214,0.1523428,0.48576662,0.43925136,0.5404429,0.49712393,0.3913935,0.8728265,0.57727087,0.33442342,1.605919,1.0052601,0.6699544,1.4606274,1.188438,0.24899517,2.8540552,0.13891853,0.8486621,0.7315738,0.34799924,0.054758023,0.9738477,0.57372326,0.70744777,0.25200468,1.6026434,0.06690057,2.5088043,0.3441464,0.11945084,0.18555179,0.25562197,0.80464786,1.0632259,0.0,0.28117096,0.59817785,0.792584,0.43313402,0.42859516,0.30826813,0.20468922,0.22487839,2.26012,0.6904936,0.50697607,0.99306494,0.010847745,0.30753878,0.019817064,0.28883085,1.1025858,0.16604622,1.7455887,0.5687265,0.36496517,0.33216086,0.21831776,0.3347038,0.476116,0.24152622,0.10130199,0.882384,1.3814521,0.2122791,0.66650426,0.08793792,0.13058658,0.52639174,0.7505041,0.10570006,0.25178552,1.133223,1.0386733,0.35268396,0.3253397,3.7417452,0.31972006,0.4819882,0.30768776,0.04604848,1.4690349,0.5381324,0.02611162,1.2659801,0.8284076,0.0950312,2.4804204,0.032210186,2.2421484,0.6716456,0.22711198,0.445077,0.0033480169,0.8324188,0.4343809,0.11627978,1.6037109,0.14074071,2.1784453,0.24884602,0.5431883,0.8236167,0.8061511,1.0916498,0.7606533,0.69413626,0.923749,1.4145788,0.8350261,0.27581227,1.9835109,0.2444425,0.8171883,0.09828854,0.9209221,0.14658986,0.38720605,1.0170058,0.5299004,0.19324067,0.19908862,0.5112287,1.7609828,0.83460087,0.43951905,1.3489064,0.43648732,0.21258776,0.28647813,0.3267025,1.084008,0.5925047,1.126694,0.192054,0.83016574,0.07240974,1.1444162,0.4182828,0.09975809,0.3699927,0.12166031,1.5345217,0.9423745,1.2236273,0.5041827,0.6196525,1.5314465,0.9537635,0.54058534,0.41912493,0.48367324,0.11663076,0.43079948,0.23547347,0.40587515,3.3904443,1.3236989,0.49153775,0.22047669,0.05891972,0.05040398,1.5712043,0.119323075,1.1615232,0.07390748,0.3893044,0.017621407,0.06975808,2.762491,1.3968475,2.2119296,1.6112144,0.93542004,0.71037877,0.81369156,0.9187261,1.7858719,1.6305926,0.6251875,0.18533376,1.3079367,1.5128591,0.0178264,1.5715077,0.637559,0.18536453,0.84279335,0.32848358,0.8278796,0.06847225,0.49321645,0.7557416,0.8190496,0.310261,1.0569214,1.8756274,0.21820657,0.092616886,0.014271957,1.5042584,1.644686,0.63215244,1.2374835,0.30433506,0.090906434,0.20976308,1.1176296,0.8283234,0.10117064,0.43732148,1.5609483,0.22092034,0.8531493,1.396714,0.35177058,1.9166886,0.69134986,0.012873595,1.1645133,0.68931276,0.44116825,1.6163001,0.277504,2.2982037,0.24532384,0.3878904,0.11204045,1.3788984,0.15767714,0.71686614,0.040133055,0.37504515,0.035244647,1.491,0.26409146,0.6160411,2.4772067,1.2273421,0.3563311,0.5393443,1.7850616,0.32971388,0.27992037,1.2533667,0.11500761,0.3699036,2.000619,0.43415615,0.82214874,0.72217745,0.62492734,0.47018868,0.6561497,0.50494397,0.05645925,1.9235768,1.3217254,0.3627453,0.0,0.59749,0.6423737,1.2225227,1.3234102,0.41307455,0.99568105,0.32012916,0.79012656,0.09874698,0.9255114,0.20540872,0.897526,1.6529927,1.0854555,0.31161904,1.3543545,1.4658744,0.19392791,0.5336622,0.78309846,0.079116754,0.9880794,0.16107787,0.11425875,0.69133943,0.67227906,0.90707755,1.1907003,0.28659052,0.27794436,0.17221305,0.82099104,1.4609742,0.21202856,0.010846698,0.3682465,0.6647225,1.45948,0.30813676,1.7139223,2.040723,2.3073535,0.35622615,0.57297707,0.22315925,1.2046677,2.068932,0.43609276,0.7049724,0.17049828,0.4351386,0.3444136,0.26586673,0.9254974,0.41156068,0.9488246,0.47643107,0.84916514,2.5791776,0.18535855,0.08549799,0.34779716,0.609113,0.40053004,1.4353858,0.79727906,0.2488176,0.88075286,0.9179615,1.0518684,3.0119703,0.36741853,1.1175604,0.07902429,0.5907521,0.52036774,0.41703656,1.2199825,0.13917303,0.8893703,0.8298528,0.23905039,0.28523803,0.24033101,0.62695426,1.5715017,1.5106701,0.90315634,0.8776311,0.3187097,0.78036064,0.5041239,0.18482608,0.56989807,0.6588079,0.2988428,0.17785397,0.93575746,1.4538138,0.50914025,0.99124104,0.28005096,1.1938398,1.1106263,0.03783419,0.5367799,0.7043315,0.6324883,0.8129235,0.2708673,0.34835917,0.9257442,3.1796966,1.7303838,1.1043496,1.784449,0.09014633,1.8354783,1.3802986,0.57300246,0.28206062,0.5568334,0.49659228,0.17960638,0.78212255,0.6147112,0.36146295,0.19493496,1.7545253,0.802316,0.02091743,0.8762527,0.36655176,0.6239495,0.08269946,0.41675723,1.036723,0.045717258,0.8977826,0.31408516,1.0335917,0.60892963,0.0,0.17136751,1.3716674,0.5038358,0.77966136,0.123700276,1.2205836,0.69257975,1.0665762,0.72519237,1.8331575,1.3046998,1.4765849,1.4041898,1.1233969,1.2326841,0.29545167,0.21195805,0.04422848,1.071978,1.4498388,2.612507,1.094278,1.309409,1.2190038,0.9888268,1.193832,0.27544174,0.42867494,0.38413852,0.5513251,0.392588,0.84623843,0.3119194,0.26691726,0.94560015,1.2743418,0.61703753,0.5917373,0.094778545,1.1988561,1.1687863,0.66123563,0.20225003,0.13459785,1.5640419,1.027747,0.3010793,1.5110059,0.2807941,0.9924536,0.75742656,0.79681957,0.13630484,1.4330528,0.72416204,0.9057704,0.6562666,1.051125,0.69691193,0.28557375,0.4343654,0.096012,0.31714436,1.5006913,1.1256598,1.5716778,2.534257,0.6587749,0.16953851,0.08627533,0.29739565,0.7862262,1.1377784,0.4716947,0.20263192,0.21709411,3.085215,0.0,0.55199265,0.34462333,0.1114615,0.34845436,0.23610878,0.01016339,0.41363212,1.5775152,3.149231,0.4814797,0.495102,0.99912417,2.0194068,0.71110207,0.81485426,0.37043646,1.7043703,0.10718005,0.50670326,all_pothole_images\pothole_images_enhanced_df7014ef1333004c4fef1211d6bf12ab.jpg
0.18615478,1.9371666,0.68620056,1.6402326,1.641183,0.043427348,0.75016314,0.43920562,0.6515869,0.5284367,0.2434809,0.28605422,0.23028266,0.5096668,0.14667034,0.21631539,0.24943532,0.6274302,0.63318574,0.25508323,0.49502426,1.760683,0.97895014,0.98169965,1.3875114,0.711022,0.11662719,2.6451936,0.2109185,0.61312884,0.4868495,0.22796787,0.22161646,0.48932296,0.34331378,0.43652806,0.5390829,1.0939969,0.040313445,1.7617769,0.16473204,0.38512045,0.45290568,0.30318832,0.19416188,0.8973239,0.0,0.040727425,0.48041794,0.5398743,0.45017764,0.21629842,0.2504878,0.055604186,0.11729611,1.0631624,0.74220335,0.4444887,0.2619971,0.09577199,0.43882346,0.026426092,0.79513997,0.86692744,0.6114312,1.5012618,0.37613708,0.1874272,0.29612133,0.20576327,0.2686339,0.14510715,0.10353972,0.35154137,0.4986401,1.064385,0.3025503,0.39552465,0.14406998,0.35360008,0.19239382,0.40014437,0.021314649,0.8971504,0.47075543,1.2150916,0.38410956,0.3767804,3.6247602,0.019157277,0.60226196,0.22902374,0.12899207,1.138391,0.12856077,0.029960323,0.8006028,0.34579024,0.28562278,1.8583609,0.1840546,2.4088404,0.51127636,0.05365776,0.3496329,0.027083367,0.7592283,0.5753684,0.03958674,1.2056129,0.34016278,1.8186351,0.19506326,0.36152458,0.6128386,1.1677554,1.4676089,0.37666348,0.8322517,0.80643314,0.97332907,0.35119355,0.5089728,1.7662761,0.41435724,0.69935036,0.0023538305,0.5449219,0.2232441,0.5897562,0.73579276,0.77134424,0.13088003,0.39133605,0.32518348,1.4891604,0.9868445,0.30187356,1.3172826,0.37590095,0.29405567,0.27997327,0.32071266,1.4856614,0.4486454,1.1529586,0.303459,0.2392926,0.061496995,0.778106,0.27508488,0.066292986,0.34910715,0.2668382,1.8408306,0.98582006,0.87159806,0.29906464,0.26787183,1.2192762,1.1446495,0.54217046,0.5090202,1.4104359,0.11320901,0.28386694,0.29514134,0.51486254,2.9728742,1.099675,0.64350617,0.2174667,0.14199181,0.12833127,1.6162182,0.33678082,1.2350024,0.14280343,0.25246963,0.033534683,0.11090372,1.5577359,1.2073476,1.1483214,2.118772,0.2768077,0.81674093,0.32081944,0.534486,0.9931709,1.4372691,0.6016061,0.13985051,1.3583165,1.7432195,0.12603328,1.073088,0.40667844,0.074619636,0.69548166,0.459918,0.5219422,0.29737192,0.44440398,0.46106893,0.48223764,0.13036782,0.8260061,1.688929,0.60312736,0.27151373,0.039609306,1.6222901,1.5781608,0.6584815,0.8505254,0.7923597,0.03448231,0.41943023,0.80534893,0.2974575,0.09879214,0.40524176,1.1097745,0.01094925,0.5811128,1.2562988,0.20178708,1.6012183,0.44742203,0.22749038,1.1164552,0.506525,0.33701846,1.2892951,0.49316904,1.8234841,0.22556798,0.24139424,0.052970514,1.7310059,0.05187413,0.729109,0.003320804,0.568362,0.0043334165,1.2474846,0.44804084,0.34398314,1.9333532,1.590998,0.05592203,0.35752633,1.0436884,0.4170834,0.052152783,1.1007489,0.2083634,0.3688497,1.8417573,0.51483124,0.62755764,0.44337586,0.17051534,0.5150852,0.8346807,0.5432005,0.09650987,1.2138023,1.4950898,0.21826257,0.0,0.17883717,0.20381662,0.7331759,1.4518247,0.21488613,1.1428661,0.23665194,0.81128097,0.08436606,1.1751848,0.058165602,0.55646026,1.3848883,0.5360143,0.18318488,1.2608889,1.0813568,0.472998,0.5661419,0.609238,0.25778022,0.934631,0.31213713,0.08971806,0.32761973,0.9940327,0.46982935,0.6642134,0.66591996,0.5356655,0.20264463,0.8276449,1.120695,0.13844492,0.009733084,0.37459505,0.7980261,1.2399125,0.16638274,1.071058,2.0921726,2.0872097,0.7948162,0.061285995,0.036607448,1.3204834,2.062788,0.2273512,0.44838792,0.21520545,0.3279879,0.40767077,0.28498763,1.1149596,0.51620865,0.77833647,0.43317044,0.856642,2.6108246,0.32178655,0.055921786,0.22650076,0.48557955,0.53400177,1.3830146,0.3088489,0.26331952,0.6810586,0.9581607,0.7973175,2.406058,0.23685732,0.5870741,0.024643335,0.3761599,0.61395884,0.7455633,0.8555271,0.040155746,0.5868305,0.29796198,0.23792319,0.38229623,0.184264,0.42442918,1.1158602,1.2701931,0.68524337,0.68978816,0.11565277,0.41721487,0.67995536,0.37848866,0.28085533,0.4980977,0.72991645,0.23256564,0.9310691,1.1789492,0.34214288,0.94680315,0.06633266,0.8267912,0.8318235,0.3791919,0.3459133,0.5820252,0.65082157,0.5244752,0.013830496,0.4222718,0.80481684,2.7680657,1.3580967,1.3944204,1.5635376,0.03958933,1.6524882,1.0116001,0.4527827,0.22601376,0.510445,0.5254139,0.24430855,0.66854465,0.5133426,0.1853275,0.0043216334,2.134357,0.84447056,0.0,1.3379364,0.8677804,0.48652828,0.035188563,0.39240775,1.3994583,0.14644167,0.6295223,0.09211881,1.017129,0.6132571,0.0023725207,0.18916851,1.2815022,0.4155334,0.3123528,0.1019557,1.153821,0.4708694,0.77348936,0.38247687,1.8167734,1.0520386,1.1274562,2.2712486,1.2935091,0.6903161,0.53902847,0.27771926,0.1348839,0.86328,0.8880939,2.0083153,0.6910433,1.1699626,0.8163681,0.5577183,1.7398756,0.13857411,0.42395166,0.44507372,0.39516118,0.40975896,1.5663524,0.24492964,0.16836818,0.71915513,0.8041299,0.57099104,0.42057666,0.022796238,1.1715806,0.76454985,0.47377056,0.09736188,0.19461346,1.2805948,0.4444493,0.34147516,1.5329792,0.21033801,0.91242933,0.6331727,0.8941977,0.16531582,0.78206265,0.85201895,0.91619265,0.76464623,1.0625135,0.4794639,0.1967113,0.37313294,0.15768524,0.77558935,0.59456336,1.0305071,1.3603258,2.2662983,0.41447136,0.22073698,0.15514128,0.39546904,1.0260851,0.50717646,0.5196681,0.36286825,0.5775945,1.8714702,0.034785565,0.3448258,0.24150005,0.0751671,0.48643753,0.08616808,0.02710034,0.1570607,1.5049578,2.7121959,0.31183434,0.7867447,0.6431236,1.321871,0.28528765,1.0755239,0.31861702,1.5965208,0.4336763,0.5107632,all_pothole_images\pothole_images_enhanced_df8d8c01f5b1275737e609f358b5f7d1.jpg
0.7169408,0.59174526,0.16999225,1.5796016,0.047895517,0.10289254,1.1113098,0.07362387,0.05989341,1.1257367,0.43892214,0.31867072,0.357385,1.6280037,0.007554135,0.15207691,0.11670196,1.8256745,1.9089808,0.2540555,1.376491,0.6227426,0.06865196,0.5220703,0.6276371,0.4249305,1.596008,2.1442752,0.497772,0.11160375,0.20743741,3.0405667e-05,0.026391177,0.7282736,0.57329166,1.3576032,0.26129252,0.6978674,0.37668788,0.020599995,0.0,0.4633169,0.23112895,5.365314,0.41940704,0.64375067,0.43127722,0.0,0.050894473,1.5622417,0.24647,2.199366,0.21633448,0.27336723,0.4118249,2.1729648,0.45785293,1.4599117,0.20829356,0.11689423,0.6629402,0.79206616,0.927873,0.11319491,1.9855319,1.9698646,1.7309972,0.0,0.66354257,0.0022480853,0.5467733,0.30702886,0.048770066,1.1398637,0.16402231,0.0,0.32860503,0.5624356,0.09520915,0.0,0.30446404,0.12604962,0.5442517,0.25223783,0.42774862,0.008322699,0.03860057,0.15188321,1.1144308,0.38617426,0.8401007,0.2304963,0.023991212,0.08369043,0.36496174,0.2678795,0.65959865,3.1860194,0.7778943,0.06932606,0.6385268,0.4350022,0.11729663,0.2675701,0.81783724,0.85470027,0.33140233,0.21931177,0.37461057,0.1823068,0.088657066,0.43102062,0.2846626,0.7940271,0.099570386,0.0027342925,0.03151193,0.10727135,2.1833496,1.0283854,2.633594,0.47106022,0.067447945,1.2720288,0.8044032,0.076401964,0.59862775,0.6888068,2.8581817,0.7136254,1.0020884,0.08601873,0.0099479845,0.13378397,0.05792974,0.17539223,0.8137324,0.79965144,0.86985904,0.00045354952,0.19633204,0.057145126,2.069179,0.30823803,0.092315584,0.19099523,1.5431285,0.15605658,0.033060186,0.7139812,0.054622624,0.11236467,0.105741106,0.008122688,2.0048952,0.9451745,1.1270039,0.24570961,1.5867163,1.491358,1.5740515,1.0793184,0.37439346,0.6381628,0.29289976,0.07283388,3.5987349,0.06007182,1.5740373,1.6418467,0.014287833,0.1996619,0.25828034,0.107116796,0.0692543,1.0133795,0.24282953,0.080265194,1.8160182,0.26971227,0.5564263,1.8010443,2.5997446,0.3730959,0.7756603,1.3385025,0.77107567,0.842322,0.4463128,0.10618398,0.13866387,0.8101878,1.176184,1.2529877,0.2317262,0.03279697,0.7563948,0.6114152,0.39620915,0.22113235,0.4306276,0.34429207,1.1801105,0.353773,0.17450944,0.22800219,1.257892,0.03135426,2.0476282,0.689725,0.054247934,0.9213533,0.14484052,1.7690299,1.401945,2.1288602,1.1694435,0.02559996,0.0045674853,0.80618817,0.39463964,0.5032522,0.71697986,0.06527501,0.029669523,0.059116848,0.09770584,0.033297766,1.137521,1.7472306,0.6385531,0.0,0.3305892,0.41572374,0.03934141,0.13129877,0.95758164,0.5285704,0.019720068,0.5572356,0.0,0.6405568,0.03365631,0.33279333,0.14135526,0.31020904,0.69693923,0.41710997,0.49614006,4.400375,1.8256975,0.018994795,0.039317485,1.1324443,0.82910943,2.3491082,0.3845188,0.7756424,0.27569798,1.737115,0.061420996,0.17479645,0.7583077,0.016995393,0.7940831,0.75811565,0.019084886,0.7770637,1.0058898,0.22791693,0.1144989,0.2541251,0.81674206,0.04568546,0.18219513,0.24666335,0.74859387,0.034852915,0.293839,0.11159751,2.583,0.07224009,0.37271327,0.0057613044,0.13990383,0.79624027,1.9094718,0.19097266,1.0935502,0.32203758,0.13686402,0.93355566,0.35838845,0.5801559,0.16387124,0.92564976,0.26759467,0.55771846,0.6569083,3.1066823,1.2047257,2.1615372,9.780532e-05,0.04079807,4.7071333,0.031150473,0.11312082,0.02202279,0.031593136,0.045509562,0.9437874,0.79810876,0.7010397,0.18290214,0.9198999,0.6033028,0.11566964,1.4875002,1.8673005,0.19909795,0.6772614,0.0,0.30647162,0.9997111,0.0031033012,0.024624825,0.22704878,0.0012188258,1.4100282,0.06379879,0.642953,0.0,0.8139629,0.5785978,0.11624181,0.100736015,1.6769145,1.5473971,0.4930099,0.9989322,0.21800248,0.4953272,1.4946628,0.73386115,1.2266505,0.6723844,0.04599166,0.59537137,0.7216999,0.048560813,0.5445977,0.3100727,0.15775096,0.16101201,0.09895793,0.20103887,0.015956745,0.52800316,0.15929249,0.8252174,0.47426292,0.75764835,0.43261465,0.49066263,0.2440765,0.0058194217,0.81242245,0.021399006,0.4782584,0.4093581,0.041207638,0.69415295,1.3347691,0.0061063585,0.49668193,0.33143264,0.41904005,0.0,1.0963684,0.6339124,0.2972278,0.3087837,0.49077585,0.81718427,0.1322992,2.1427217,0.09392958,0.005587836,0.013989518,0.31989852,1.8048378,0.49805927,0.07856523,1.4581692,0.09420594,0.30352128,0.75065106,0.95435166,0.5230715,0.05356997,0.14440984,1.2926769,0.60809135,0.14935875,0.5672121,0.20871933,0.5470494,1.7092719,0.6393491,0.99770087,2.2564998,0.98489624,0.2724172,0.6077358,0.26487595,0.8540007,0.98513556,0.24437301,0.025333155,0.02862473,2.7859259,0.6569021,0.7617634,2.4709344,2.1082122,0.21703742,2.4109497,0.86070544,0.06669588,0.008755912,0.025053222,0.24743967,0.9824312,0.87541837,1.5166984,0.75662804,0.010078683,1.0023131,0.07362644,0.08215095,0.5548936,0.088743374,0.06259252,0.25045395,0.698524,0.0,0.06135118,0.0098879235,0.80786467,0.64438576,3.283287,0.7981628,0.67271113,0.4383866,0.041427262,0.34844106,0.09176075,0.015025346,0.08558049,0.31877646,2.065765,1.1932616,1.940254,0.3528201,0.24432018,0.004906409,0.008838152,0.016473327,0.9490957,1.2309912,0.015820729,0.3431254,0.1002882,0.037552394,0.20253757,0.0,0.7903352,1.220376,0.049173404,0.028311944,0.2151624,0.702431,0.007858322,0.4089918,0.17324698,0.097406454,0.045930408,0.25728068,1.8016968,0.008747134,0.28942057,0.33057612,0.12804064,1.0288004,0.405173,0.025232561,0.041297592,0.11669005,0.052536633,0.50755066,0.12730545,2.5411663,0.3158708,0.29051867,1.2835286,1.5975018,0.68687606,0.09512145,0.025454069,1.5822043,0.0,0.14875336,all_pothole_images\pothole_images_enhanced_e0042bab60058cd2ec508b2ab4acf4b4.jpg
2.218704,0.28219134,0.17729434,1.0443722,0.6200925,0.18532594,0.7584736,0.5590608,0.18568021,0.6340856,0.17991902,1.1502998,0.0047852555,1.5669838,0.6191411,0.62455356,0.30301103,0.5600982,0.47030202,0.6327489,2.676595,1.9981071,0.19526482,0.35638726,2.0648592,1.2549175,0.109383136,2.913966,0.013044875,0.07139225,0.651106,0.6797616,1.2880485,0.35612592,0.5063676,0.6627101,0.14624844,1.251949,0.4058113,0.9550641,0.01804733,0.18968855,0.17425981,0.4517707,0.36684978,1.9963051,0.033890564,1.0459872,0.44249308,0.93860704,0.69210887,0.09493444,1.116702,0.032844577,0.44185844,1.7267268,1.2609781,0.15035357,0.058662,0.3159675,0.057567,0.049487434,0.3935832,0.6538092,0.0025976629,2.0439446,0.21114059,0.3743041,0.011848074,0.8796268,0.43859726,0.40826064,0.09801548,1.1698269,0.16969608,1.5715454,0.025342727,0.45943424,0.07784695,0.37662867,0.24550445,0.030888021,1.3848538,0.7659921,0.288628,0.0,0.7602738,0.7458937,0.69691116,0.6164243,0.0023977451,0.18940438,0.29867965,0.48908183,1.2246963,0.5423188,0.25909892,0.31126592,0.42479178,1.9789765,0.015379781,3.0862253,1.4970428,0.30536613,0.9902181,0.02257208,0.30326065,1.3100038,0.15767409,0.63251346,0.04087494,1.2254083,1.9095091,0.25510293,1.5533026,0.11903435,0.26368532,0.29371232,0.74194115,0.7009567,3.176338,0.18275453,0.0,1.531855,1.403064,0.8195605,3.2212372,0.41494244,0.12519006,0.08827254,0.38769802,0.0063400706,0.0,0.71950793,0.6347374,1.2983251,0.44290915,1.0634549,0.22827561,0.017437508,0.3048327,0.46331507,0.66021496,0.2076245,1.1282865,0.9719776,0.69612974,0.56423706,2.0905204,0.350534,1.702253,0.50509423,0.107703306,0.029280908,1.0207596,0.12620392,0.84340817,0.77378196,0.35247982,1.516041,1.6539067,0.5881603,0.07941169,1.5786471,0.05865636,1.097922,0.5113233,0.86524767,2.2637558,0.4565642,0.06897878,0.03266365,0.07720291,0.454733,0.39453053,0.4966543,0.77386427,0.5251448,0.1994172,0.49408984,0.05600527,1.6674242,1.1368241,1.4097738,0.1733803,0.7533217,0.33092538,0.46658683,0.20513184,0.47183114,0.15165752,0.044984244,0.24490748,2.0312586,0.24148408,0.42937413,0.77129394,0.15387687,0.29753357,0.5508369,0.9788549,1.136085,0.8041655,1.6756212,1.1850458,0.32212535,1.2530082,0.35948095,0.4609823,1.0028017,0.0,0.14151107,1.2270888,1.2770739,1.1055918,1.8423367,0.65731543,0.16757272,0.17191583,0.1273712,1.4542391,0.07962052,1.1287352,0.33252493,0.21172571,0.56793004,0.90493494,0.26187524,1.072545,0.96373177,0.06536829,0.8346841,0.080335975,0.8041759,0.6682378,0.30542958,1.926021,0.61250275,0.015698452,0.0786706,0.5963492,0.6386344,0.024940832,0.37704563,0.2818202,0.28680107,0.12694265,0.33936918,0.974835,1.4086779,4.2273984,0.26908112,0.8165526,0.44124025,0.7162829,0.51207244,0.26583764,0.1680501,0.9775739,2.065134,0.20170799,0.03218222,0.44569895,0.012859743,0.13385251,0.28441647,0.3779277,0.8592068,1.8319468,1.0433643,0.64149964,0.0024603964,0.7734496,0.35803598,0.6819006,0.4534241,0.16998287,0.5805254,0.30424333,0.34695587,1.0092741,0.45124528,1.0607105,0.3804164,0.6830364,0.030510625,0.64809966,0.017008487,0.09424248,0.12205048,0.913969,0.11953174,0.19610542,1.5419395,0.23927304,0.53460014,0.5173035,0.66444284,0.048372354,3.040737,0.90186876,0.7830036,0.970442,0.5853035,0.7777037,0.23562075,0.02909597,0.19766918,0.7155744,0.14705585,0.95187944,1.3412696,0.047075145,1.9351112,0.1561255,0.9232067,0.475234,2.2303545,1.1374034,0.55040854,0.4302126,0.40089804,0.7312211,1.2960668,0.4366313,1.2839413,0.17219967,0.0,0.8184514,0.5328925,0.098596685,0.2565065,1.1838584,0.5383129,0.12583244,1.0796584,0.7361038,1.6189419,0.10088588,1.4684927,0.32221395,0.294296,2.4939551,0.7218781,0.56957346,0.38725224,0.39253825,0.29265073,0.79161084,0.082121864,0.58842593,0.2386853,0.07234635,0.8350578,0.76526517,0.07908466,0.29748648,0.39536723,0.2622569,0.96343374,1.1279376,0.2570595,0.83963215,0.14253333,0.25284612,1.0367126,2.3604698,0.023096459,0.38798642,0.45069402,0.8733659,0.13015231,1.0970756,0.8363188,0.09086279,0.0035494799,0.11024315,0.24251276,1.1422251,0.40770116,1.3138536,0.42032906,0.5164964,0.38197306,2.5291314,1.071567,0.47832322,0.0,0.05401171,2.058228,0.4820079,0.46775544,0.06172302,0.613677,0.12169787,0.1765644,2.16142,0.04694855,1.0581896,0.71041536,1.886157,1.3672293,0.15632933,0.7993454,0.29962984,0.37183434,0.63869447,0.12109598,1.235844,0.17571634,0.34165362,0.589557,0.18620494,2.0118916,0.055361,0.43532312,2.297766,0.50277907,1.2510421,1.4391072,2.3687456,0.7462932,0.8296535,1.3107662,3.1369255,0.6276838,1.5823283,0.0,1.4365729,0.44984832,0.59751976,0.32879433,0.5797313,0.684374,2.0889952,2.5321321,0.5221386,0.6517262,0.029556211,0.67539525,0.75902,0.08872334,0.05794454,0.13589829,0.2560039,0.0038753166,0.5942402,0.95494187,0.060782485,0.4131553,0.43056607,0.15152963,1.6727155,0.5903572,2.031184,1.2942578,0.4966909,0.4778196,0.4467929,1.400017,2.002303,0.5409805,0.8962167,0.76072514,0.29718283,0.24111292,1.0240055,0.49708074,1.0468633,0.67456543,0.3152034,1.1335558,0.23847085,0.031639073,1.3042715,0.14551505,0.051355384,1.1309893,1.357294,0.29949355,1.5279394,0.31704044,0.10620732,0.41342366,0.35400867,0.24763249,1.5404508,0.77841216,0.49154884,0.15848863,0.3443146,0.751841,0.83996797,0.09551441,0.4289908,0.16343366,0.15467705,0.21464857,0.6298602,0.34891868,0.6733337,2.8118708,0.415808,0.9235195,0.6523741,1.0508374,0.38947284,0.023633873,0.21608354,0.27305213,0.46055812,0.33475178,all_pothole_images\pothole_images_enhanced_e008be75e2ca5c8e78245776d1b5612b.jpg
1.6529704,2.1884096,0.30799845,1.5015249,0.62518334,0.3765963,0.94860613,0.38945964,0.8404925,1.3467407,0.17408876,2.7180083,0.07673655,2.119489,1.3537556,1.2682108,0.16640022,0.06511952,0.7191452,1.0547912,2.2552345,1.8779463,0.62911403,0.34827048,2.814954,1.1693685,0.37152988,3.6123412,0.09465047,0.4078233,0.09222687,0.196142,1.1872426,0.9315764,0.1875177,0.4693594,0.022569554,1.4431386,0.20481609,0.82094526,0.67497236,1.4654952,0.122910194,0.4233233,0.46630886,2.7364023,0.18513209,0.2576814,1.7187643,0.7308546,0.3500235,0.6753639,0.64693964,1.0554999,0.93253124,1.5258484,0.5574265,0.23394693,0.39651924,0.063623786,0.31333286,0.31251258,0.6204821,0.42810053,0.09056093,2.51568,1.6591961,0.25461707,0.23543073,0.5636304,0.57916963,0.82020986,0.4081903,0.23938198,0.122972295,0.30256277,1.1189704,0.8554907,0.045488697,0.22739315,0.71100867,0.17055504,0.25229025,0.87976784,0.5097942,0.9872646,0.31213632,0.83358014,2.4329076,0.611328,1.2784557,0.11899638,0.57252836,0.36632448,0.7679956,0.30475327,0.78374684,1.5640604,0.19448856,3.0122755,0.006988849,1.7633103,1.2048739,0.4384887,0.45645207,1.7079668,0.94577515,1.0540296,0.19724149,0.36073714,0.5759777,4.170663,0.71949667,0.008119355,1.0366474,0.064198986,1.1124393,0.1948762,0.7006902,1.5133837,2.8517897,0.0023351277,0.2653995,1.6485901,1.9508867,0.8232737,5.356512,0.1206333,0.26067966,0.32086176,0.33953428,0.20249249,0.018245561,0.63791615,0.8811163,2.0824702,1.1271499,0.024425184,1.4894273,0.107440785,0.60705197,0.3864846,0.011257323,0.09913629,2.450534,1.2611823,0.5895531,1.1936777,1.9126315,0.20101936,1.1067032,1.6473314,0.38998616,0.12752676,0.7442258,0.791815,1.4190384,0.1107486,0.21777758,0.5978705,0.8204414,0.70986325,0.035535827,1.5476167,0.06500422,2.098711,0.6761684,0.17112924,1.0746189,0.85288346,0.448316,0.16958308,0.553523,0.1891636,0.09470264,0.64642966,0.46328002,0.038911007,0.69116396,0.8074802,0.29658633,1.2959467,1.006455,0.77456367,0.8583939,0.20811318,0.26157606,2.8652985,1.4241074,0.5813873,1.0687231,0.14665423,0.0051053744,1.1166712,0.32295498,0.30331567,0.36318246,0.7435501,0.6417479,0.5376385,0.490829,1.2192594,0.5129127,1.3771555,1.374148,0.6622236,0.31148177,0.16238286,0.5806259,1.1926124,0.8375298,0.297418,2.241408,0.7902659,0.9231893,1.3189256,1.2298597,0.012321348,0.76717424,0.44038537,0.96413964,0.61386794,1.9867603,0.28633815,0.19268902,0.53599745,4.051321,0.01267111,0.25610515,1.756562,0.071039006,0.87953824,0.40302244,0.2908111,0.4542608,0.25684568,0.96329963,0.12245176,0.21491389,0.10049582,0.7907545,1.0157967,0.002204304,0.059383046,0.09466715,0.004639224,0.5734519,0.19817299,1.0015764,1.150853,3.1392264,0.64274955,1.4819068,0.49373084,1.1175766,0.5031724,0.19236879,1.5050244,0.14850979,2.622201,0.44823697,0.44718164,0.2346105,0.70496154,0.24978697,1.6224036,0.42317492,1.1575062,5.6973023,0.6540127,0.74824077,0.23737743,0.0016079259,0.5450294,0.54277754,0.76361096,0.14021017,1.1793617,0.08374511,0.50303596,0.12469963,0.46446678,0.47178873,0.23018368,0.656971,0.07494255,2.6901555,0.22649612,0.24026586,0.17596951,0.84607834,0.65692323,0.4898785,0.39017096,0.14609094,1.4110618,0.54801404,1.2555138,0.6912216,1.649793,0.5111175,1.1819999,0.40506026,0.8911888,1.8054963,0.513799,0.0853927,0.47826886,0.9276077,0.87139213,0.2747524,1.5534085,2.5685902,1.688247,0.38547134,0.82233644,1.4254665,0.6540907,2.0504992,0.095518224,0.45170468,0.0127448365,0.6531228,0.5202358,1.7561978,0.20874126,0.030182395,0.40008432,1.6444184,0.47533455,1.4549617,0.49021327,0.085435614,0.5720006,0.09599257,0.94182134,2.8274984,2.7698774,0.06648661,2.3808815,0.63613313,0.6889659,2.9288218,0.87933576,1.1362752,0.38701424,0.9013892,0.4724227,0.39452565,0.5578546,1.0928859,0.65133196,0.8434682,1.0440412,1.2565129,0.10383062,0.61182714,0.8055711,0.079401635,0.68656117,0.6728904,0.059046984,0.2637781,0.30498782,0.048263382,0.81717557,0.41135538,0.9757122,0.027297704,0.7687387,1.1007407,0.7758293,1.8874418,0.78439873,0.871315,0.4793386,0.4638086,0.32378697,0.46980208,0.3786874,1.2236892,0.17079748,1.4881548,0.8637773,2.8841808,0.65043163,1.6477957,0.0,0.45910448,1.0467979,0.29498324,0.4349681,0.36065194,0.9961024,0.15378338,0.7523927,0.60317546,1.0377645,2.0288033,0.27287826,1.3791794,1.0822791,0.2136516,1.6535631,0.14194682,1.729146,0.38861325,0.7955112,1.2952497,1.3837909,0.5291405,0.65481925,0.13765538,4.047557,0.09065733,0.24136208,1.6551498,0.6092329,3.0603986,0.34343085,2.559703,0.85844374,0.3299116,1.1589419,3.1348097,0.012712047,0.3943329,0.43003085,0.1852492,0.30371925,0.8396485,0.3861884,0.4278787,1.817673,2.4147165,2.086329,1.1416967,1.0201322,0.62121725,2.3570786,0.58681965,0.7246933,0.047858994,0.0,0.648097,0.04792083,1.1459526,1.2133921,0.06661734,1.1998707,0.19524263,1.4102857,2.0467846,0.11950674,0.88601744,1.4354138,0.86362606,0.5533515,0.55542994,1.0247829,0.3132988,0.30117476,0.32524037,1.8799499,0.09014479,1.4371564,0.59939444,0.29442376,1.0104893,0.6433319,0.71355605,1.6499916,0.2182611,0.17113307,1.1369197,0.86831146,0.37805292,1.2015867,1.3595176,0.34004155,2.1320443,2.0269763,0.24692883,1.2604308,0.7174022,0.009423294,1.8163091,0.3975098,0.9289172,0.35669905,0.111909516,2.2192557,0.6989587,0.7114625,1.0760494,0.18262693,0.7866113,0.19918282,0.4807838,0.4699675,0.6252861,2.2039566,1.8640206,2.0748732,1.0329719,1.1302329,0.5429502,0.20485897,0.17590494,0.48187667,0.22455701,0.57569295,all_pothole_images\pothole_images_enhanced_e0180653c16cccdefd687ba2e59617e7.jpg
0.9260751,0.86565965,0.89238393,1.2788357,0.32917377,0.07355989,0.007152304,1.0892351,0.5374925,0.67250973,0.4707127,1.1391302,0.49261832,1.0297467,0.8253279,0.07629375,0.18246853,0.014156655,0.43120435,0.18216456,0.46411356,1.6815048,0.29080543,0.45624822,0.3264507,0.3118726,0.5890271,1.6029836,0.14866313,1.0145305,0.7426341,0.32288638,1.0588002,1.0694107,1.1106323,0.7379189,0.9693666,0.75528514,1.2039926,0.6691549,0.34349215,0.46860686,0.7678267,1.3151989,0.47667858,0.34056628,0.49795595,0.043015957,1.0468048,0.5806117,1.0261154,0.41930053,0.14005521,0.08406666,0.15784638,0.18888424,1.0608032,0.0005581475,1.3752108,1.1871618,0.8059386,1.0511409,0.13669041,0.62683487,0.5906702,1.0534678,0.23608781,0.2504409,0.3726001,0.2551255,0.36700535,0.52967817,0.11987513,0.50234795,1.1484542,0.34279165,0.66234386,0.61761105,0.16379261,0.5428013,0.68284464,0.69116145,0.014888379,1.815996,0.44984287,0.69187737,0.14823832,0.03791151,1.4128994,0.4209745,0.2180052,1.335817,0.580612,0.14734012,0.25306788,0.8053365,0.988156,0.28356564,1.0152403,0.9846775,0.6161192,0.34174058,0.39235672,1.0095717,0.31358138,0.7450381,0.11647735,0.17422399,0.6104417,0.5514834,0.054695148,2.0763671,0.21386535,0.17983152,0.8187465,0.38110384,2.0131652,0.21370494,0.5678228,0.40361786,0.47457293,0.15517545,0.43883604,0.6165579,0.7302598,0.79287314,0.30568343,0.93165904,1.936202,0.653208,0.58055276,0.63190395,0.82298726,0.0861893,0.50045735,0.47957432,0.22673793,0.816689,0.677226,0.31539515,0.5151897,0.20033354,0.40144545,0.97076464,0.57679296,1.1915734,1.4568771,0.10164843,0.72766376,0.64959586,0.27932584,0.80878776,0.25043756,0.12296042,1.040616,0.041418128,0.54512686,0.07544044,0.6723915,0.6430783,0.8789721,0.2264885,0.06376165,4.2392697,0.9310235,0.7293793,0.14730135,0.6562958,0.6668788,0.3464484,0.11581281,0.8068075,0.4578915,0.4053195,0.18546139,0.19898415,0.2380508,0.0,0.48889223,0.54930097,0.003714674,1.8362323,0.61112803,1.6182871,3.1153955,0.44891903,0.09034669,1.0593385,0.895083,0.6525499,0.14882743,0.21798414,0.48710817,2.5968552,0.40318173,0.770798,1.1846112,1.4889635,0.64209986,0.5607338,0.15610325,1.2202723,0.013153033,0.5444512,1.7212195,0.4591935,0.7986997,0.7382348,1.1722021,0.90889287,0.019890852,0.15330602,0.5795063,0.5925382,0.80498147,0.35655618,0.009551149,0.09415529,0.94096965,0.109973826,1.5466679,0.58139694,0.5393921,0.27602562,0.78518784,1.0511628,0.42785746,0.39592603,1.8723342,0.39393076,0.60103136,0.6988841,0.0028622062,0.7429138,0.043873187,0.05098952,1.4436361,0.43207198,0.075938866,0.4371699,0.22295682,0.10652712,0.095457815,0.59930885,0.030065324,0.0010482166,1.0098313,0.06768499,2.5240417,2.2040317,0.1033056,1.0760474,0.28005174,0.22929952,0.38038534,0.13402206,1.6754712,0.359653,0.26807332,1.802199,1.7119591,0.27946344,0.60849035,1.0192466,0.868463,0.22251993,0.4537556,2.035093,0.5222526,0.393157,0.7421074,0.05252001,0.12563655,1.8710108,1.5793722,0.5382474,0.7473598,1.9168661,0.22895302,0.07018073,0.48580784,0.11266713,1.43617,0.1263201,0.5229827,0.19771713,0.86547124,0.28715965,0.7626653,0.22342506,0.06585727,0.105511524,0.41772822,0.48317325,0.33301356,0.0284115,1.4564834,0.59462327,0.13511251,0.2407387,0.3589195,0.3037387,0.131299,0.69546616,3.9122398,0.5429285,0.4990273,0.1412197,0.13100913,0.36542904,0.4746928,1.0823239,3.291254,0.85033906,0.0,1.1808292,0.17549421,0.45568213,2.047208,0.730349,0.854497,0.7890491,0.029143501,0.35357374,0.36840343,1.947799,0.9660252,0.21774778,1.1345475,0.69497794,4.5731483,0.625696,0.15962037,0.037491016,0.17748404,0.2034941,0.6596597,1.1593788,0.34836242,0.43522567,0.2365222,0.43080246,0.9164397,0.38559115,0.74234414,0.4858839,0.0,0.7891651,0.5789166,0.8897934,0.6749627,0.19598982,1.206152,1.1122817,0.17018452,0.54373723,0.5370201,0.41449407,0.011592409,1.8228028,0.17409968,0.6247146,0.12133676,0.646888,0.4994489,0.34937876,2.5348492,0.20489763,0.75310016,0.07415097,0.5856099,0.3636476,0.027585212,1.3755661,0.96120024,0.36166576,0.4854761,0.6421887,0.18346424,0.9180115,1.0665087,0.0052061644,1.3867261,1.075374,3.789436,0.6367949,0.86234975,0.12549235,0.71347237,3.748629,0.5440101,0.94746864,0.27720177,0.10722387,1.0839001,0.5325727,1.7878927,0.86923224,0.99536395,0.059064038,4.2977695,1.2252481,0.60665834,0.47386795,0.24649607,0.10917254,0.6632286,0.15035972,0.0029150604,0.09183083,0.57070947,0.8578697,0.907574,0.79678917,0.084886216,0.32408002,0.3477004,0.69363093,0.07338569,0.29232845,1.5413836,0.87885374,1.3488764,2.052356,1.2721611,0.00487836,1.2746378,1.3838242,1.2536669,0.8259179,0.09403242,1.673078,0.78197557,0.77656186,0.27560046,2.0664797,0.7766376,0.4699103,1.365326,0.31656468,0.8188554,0.6804865,0.18994726,0.6294661,0.0501324,0.0070886514,0.87315804,0.047735438,0.3402433,0.8847517,1.0022721,0.5881312,0.6896902,1.2483078,0.68185705,1.3319789,0.41102937,0.86398953,0.26944542,0.91430753,1.3624654,0.12938355,0.43977562,0.1452616,0.19677779,0.12466432,0.11271818,0.18752266,0.68726194,1.8953369,1.0761101,1.2995776,0.73085177,0.044863056,0.16671124,0.61707103,1.1525307,0.8855537,0.47527486,0.07511509,0.41591865,3.6806746,0.92514074,0.825862,0.030977856,0.004126146,1.7284278,0.097169206,0.9185874,0.13435808,1.3777587,0.7831578,0.008511295,0.83158314,0.0,0.23743822,0.38104853,0.35786372,0.199932,0.03891914,0.33743367,2.835365,0.42755,0.5674037,1.1484138,0.4284731,0.02261221,1.1261871,0.28452948,1.2552006,1.0196639,0.5508884,all_pothole_images\pothole_images_enhanced_e071a596d13b8b25558318c63cc58457.jpg
0.932082,0.39724475,0.23168415,1.3556304,0.866759,0.24888569,0.12258253,0.9956368,0.70683086,1.3866261,0.22538199,1.2531673,0.010044141,1.6772645,0.6947935,0.31014198,0.20768318,0.21186423,0.38121542,0.5566375,1.688588,0.9366779,0.22869065,0.38091648,1.4608016,1.4607385,0.5322665,2.5903187,0.25140092,0.07507645,0.5722113,0.020507716,0.58824056,0.46403357,0.2947883,0.8615123,0.55955,0.6741613,0.21015821,0.5487008,0.03039705,0.63691354,0.1850874,1.4260509,0.11012781,0.77857363,0.25184166,0.7293172,0.24453688,0.2313939,0.71411335,0.73391163,0.41031894,0.0027570585,0.06943976,2.0856032,1.9242238,0.002230214,0.20742895,0.0009434289,0.4247034,0.3776519,0.25169465,0.69971645,0.48622552,1.9086432,0.2180948,0.06900706,0.10872877,0.5424026,0.18410431,0.047275294,0.087861456,0.08469404,0.38912725,0.2129284,0.4837133,0.32844415,0.00027352315,0.124492325,1.0024197,0.03657262,0.528629,0.65804505,0.14109816,0.086430326,0.6326192,0.14397375,1.5726857,0.08429992,0.18342146,0.34921306,0.16502158,0.23525521,0.32198745,0.27779412,1.0296947,0.4796851,0.48964807,1.4071454,0.0,3.6355371,0.996545,0.24929246,1.1133453,0.08934123,0.5337783,0.4385004,0.2808846,0.46447083,0.035929777,0.5204827,1.2872959,0.21694261,0.93340003,0.071280554,0.016650664,0.10953849,0.5470069,0.11401333,1.4298924,0.43428272,0.044527482,1.0517641,1.33923,0.046430483,1.4760904,0.26444393,1.900578,0.42721105,0.25596318,0.027221452,0.0,0.46795544,0.8284587,0.30119032,0.38953045,0.68925023,0.8961698,0.05359008,0.5897883,0.44215968,0.2600346,0.19297743,0.755224,1.943595,0.101212196,0.7822119,0.47965565,0.15277891,0.83015573,0.3008689,0.0,0.03703334,0.38178137,0.8883097,1.0581839,0.08477647,0.8285214,1.093873,0.86908823,1.0727111,0.056369536,1.0016625,0.008643111,1.0092717,0.7638594,0.9250393,1.229993,1.1352127,0.08054296,0.24627452,0.15686738,0.0784114,0.028956192,0.461528,0.86559397,0.37924626,0.3227143,0.17339729,0.022017788,1.6655774,1.0524542,0.77570677,0.86067605,0.11186255,0.16897336,0.39831188,0.63592505,0.34763047,0.70365626,0.09358547,0.107114695,1.1109113,0.45985964,0.29408714,1.060168,0.08199979,0.8168123,1.0870149,0.24859855,0.8628479,0.5297748,0.3496937,0.12814319,0.27122793,0.41807917,0.16694216,0.56657493,1.1611744,0.28801996,0.008164281,1.246508,0.35856682,0.96944875,1.811439,0.6866203,0.0025481551,0.22151694,0.065650016,2.5855744,0.0135467565,0.558414,0.012896291,0.12167223,0.03735167,2.1601074,0.65507555,0.68196815,1.0015187,0.22783633,0.10390805,0.21862493,0.19986397,0.23439084,0.007900647,2.589746,0.010850939,0.16817607,0.11370296,0.08750318,0.022426357,0.08517999,0.25904474,0.41550395,0.0,0.012227624,0.60788554,1.0549551,3.562265,1.5097169,0.70746547,0.08892609,0.22074899,0.30675805,0.92099667,0.3794412,0.16559641,0.1732825,2.42498,0.19084857,0.050876234,0.33148807,0.23488753,0.040612195,0.008686642,0.5661555,0.36172473,1.3853034,0.038686905,0.18549982,0.03268582,0.28755537,0.015598871,0.41900018,0.3125468,0.0,0.61629,0.47292218,0.3000125,1.2436136,0.0287567,0.95558375,0.1851009,0.008715763,0.14306669,0.95011926,0.01799547,1.7682323,0.0,0.39698857,0.29060274,0.2020705,1.0805814,0.13215195,0.13970222,0.71394634,0.15345493,0.056172688,2.4596307,0.18061046,0.4382356,0.21971436,0.60525185,3.6680639,0.1889959,0.16698287,0.03125345,0.20960926,0.94122016,0.41659063,1.054948,0.78100646,1.5409777,0.44649804,1.5800426,0.43368727,1.5203552,2.433057,0.33837983,0.08643857,0.020696275,0.46438053,0.23239234,0.041850634,0.03907069,0.76705605,0.003919461,0.5181418,0.0059051015,0.25244322,0.09456833,0.023753487,0.15989497,0.045508843,0.2785619,2.2461083,1.3081031,1.1860445,0.8586161,0.55099237,0.2836905,1.2041208,1.0699072,1.1152426,0.0910895,0.5221119,0.26903102,0.42700556,0.10975184,0.7447595,0.0040705786,0.8347931,0.30053243,0.3022581,0.0,0.34282678,1.0665799,0.05412314,0.25932533,0.6136436,0.12942547,0.78205085,0.231187,0.103447035,0.08588455,0.88802654,0.13599895,0.39005396,0.24044886,0.28294834,0.07126625,0.06899423,0.079074316,0.061990213,0.30527467,0.04021232,0.013856348,0.78883946,0.3250366,0.69464225,0.0,0.23406254,0.1258643,1.0598876,0.7445616,1.476555,0.0,0.029724479,0.84519535,1.0705584,0.0,0.056097712,0.23112673,0.06506961,0.0,0.8298534,0.24598035,0.0816403,0.27042693,1.0934654,0.6182561,0.19734159,1.137039,0.35606992,0.23750085,0.15288489,1.0870697,0.5712533,0.39945373,0.13071892,0.61216587,0.0,0.6796366,0.013145212,0.49886838,0.9081581,1.019154,1.3766441,0.19499461,2.497796,0.4504087,0.5969862,1.7034323,3.0028484,0.40848625,0.6900203,0.8100081,0.68210685,0.057094514,0.99607474,0.0054183076,0.10164704,0.7776525,0.18634507,0.8624291,0.13168247,0.46270058,0.028481375,0.33871755,1.190899,0.1378766,0.07012586,0.03639121,0.1865237,0.011721533,1.5114042,1.1740434,0.21070312,0.9378136,1.9760071,0.3846789,0.57898235,0.13830476,0.20671755,0.6298227,0.43901095,0.12554798,0.24152096,1.3486533,1.6041821,0.046120014,0.5505574,0.63658077,0.51375383,0.11326562,0.05471433,0.01214292,0.294991,0.44076857,0.4104758,0.83421135,0.06915353,0.09918096,0.7685883,0.1514515,0.5906304,1.1993833,0.6509281,0.13799365,0.9304087,1.1316587,0.31014326,0.8105213,0.15984187,0.2432576,0.7105258,0.08101194,0.197745,0.12657745,0.699095,1.2589226,0.46757638,0.10335918,0.0,0.41102543,0.33208457,0.032708693,0.25193453,0.40248913,1.3075242,1.3653101,0.5381163,0.6938754,0.22116517,0.6370809,0.7003071,0.32523656,0.0,1.0685064,0.7387788,0.19053385,all_pothole_images\pothole_images_enhanced_e0bc714efca22614e841f84123a50481.jpg
0.7243416,0.834698,0.36267057,1.4221842,0.0904499,0.8076762,0.28508332,0.69787425,0.05911356,0.021689907,0.048380807,0.35789147,0.49123865,1.0269116,1.5724688,0.36542904,0.28464812,1.093975,0.70640796,0.14523056,0.27652082,2.1125739,0.046608645,0.12757815,0.7783835,0.5172496,0.6505561,1.5348328,0.16385569,0.13312125,0.76183623,0.24420057,0.29719737,0.06379429,0.10196115,1.8912314,0.052153304,0.8922405,0.73102957,0.7524907,0.08662905,0.25929272,0.9639548,2.3349385,0.2838845,0.0647297,0.09246839,0.19701101,1.6130638,0.8286087,0.54652286,0.74870914,0.5132418,1.2004519,0.15712646,2.2274244,2.4951823,0.23802121,1.1666698,0.109917715,0.045505386,0.9832681,0.6761641,0.016153064,0.45927334,3.5316925,0.9400228,0.019918734,1.1336076,0.03046631,0.22287229,0.20005384,0.34694004,0.285325,1.9342315,0.5427276,0.19293761,0.7397597,0.2339207,0.98253894,0.32534033,0.0057125767,0.53107995,0.5741026,0.8527797,0.30122992,0.26997748,0.47780553,1.6269126,0.4291353,0.30816188,0.03656851,0.01414605,0.20298894,0.23758844,0.018654086,0.23337549,0.9197676,0.85373,0.6415272,0.2070284,1.1071519,0.41987702,0.10419337,0.5193891,0.548036,0.27055183,0.88323057,0.19481379,0.4911168,0.0003567039,2.0711112,0.7804894,0.34809622,1.2273666,0.057767097,2.0421598,0.1347885,2.3087604,1.6533631,1.3956946,0.4207788,0.85642254,0.27026033,0.6789061,0.9754586,0.3569367,1.0126592,1.5051048,0.21927467,0.3645897,0.043423273,0.49109983,0.2146719,0.11312883,0.32908064,0.52881837,1.4701186,1.2673454,0.079389885,0.7961586,0.49452478,0.08351955,0.16276653,0.7353455,1.6733404,0.28968745,0.053740636,0.08055525,0.6627075,0.9760918,0.6353822,0.0065310583,0.063365825,0.8003998,1.0450516,1.3642664,0.602087,1.615445,0.33491802,0.8930896,0.032961324,0.14696795,3.0328755,0.3662524,0.37303662,0.066643886,0.30768698,2.6138427,0.1503753,0.3131036,0.40786546,0.021675376,0.047609996,0.67516667,0.41616517,0.18787462,0.0,0.594828,0.20694183,0.116590515,3.5503428,2.529659,1.2756804,1.1265928,0.10021725,0.19994932,1.1923692,0.33113435,0.13762282,1.0028765,0.31942832,0.017107269,2.7840545,0.103294104,0.026484009,0.72550434,0.36278406,0.8136468,0.62089217,0.7918587,1.4036918,1.5924524,0.79882205,1.1958251,1.091416,0.22769998,1.807925,0.59444565,0.8612115,0.007524301,0.2224456,1.1324612,1.8059163,0.8555748,1.3359061,0.5062741,0.18737966,0.7744467,0.3207534,0.6929156,1.2455777,0.80497104,1.0961932,0.38350943,0.8356932,2.8211608,0.6363972,0.084198445,0.36188444,0.015762534,0.7940787,0.029484503,0.2484933,0.020478297,0.24160825,2.0760133,0.23733489,0.115725726,0.48814857,0.22355413,0.5795151,0.22747226,0.07840996,0.9266549,0.0061371606,1.1008922,0.080610014,0.27277547,2.5170197,3.2641046,0.41874582,1.2940909,0.056479473,0.29809585,0.541899,1.4261181,0.2348411,0.54577124,3.709176,0.1312677,0.06222652,1.0489047,1.5585527,1.1450235,1.0262575,0.8940966,0.86679673,0.9088534,0.76442623,0.040746547,0.006813962,0.39024556,0.13854307,0.8141099,1.7079192,1.2163578,0.54846704,0.84710014,0.24196425,0.19922632,0.13189493,0.1582387,0.60371727,0.16178864,0.26294848,0.8217904,0.058856685,0.8033346,0.38225874,1.160377,0.28903714,0.31616387,0.18495822,0.364509,0.5216582,0.70052105,1.274039,0.562156,0.17763682,0.20542386,0.6906498,0.22241993,1.6959224,4.5525703,0.2867306,0.14255758,1.0511633,0.20093176,0.6530569,1.2020468,1.940061,2.1592777,0.4222282,0.091043785,1.4161984,0.025484014,1.3071359,0.7167885,0.57221043,0.3810809,0.042738777,0.11130286,0.0,1.1159958,0.6330205,0.72802436,0.04613267,0.70744914,0.37750188,0.99595124,0.31741044,0.44326806,0.074517,0.54940665,0.6246197,1.3756427,0.6362357,0.10243673,0.3108032,0.12444961,1.0819199,1.8652778,0.042681042,1.8120809,0.70658606,0.3612788,0.0,0.4486826,0.6548443,1.3581773,0.065792926,1.2422918,0.020508807,0.13236445,0.378285,0.32719526,0.63709354,0.7439385,0.3091403,0.01688812,0.25620052,0.33687687,0.03946548,0.12468667,0.28318325,2.8640487,0.15554608,0.26106736,0.017141255,2.2046266,0.30990854,0.310054,0.035095755,0.8515044,0.023885021,0.31956297,0.2914964,0.81286776,0.13921547,0.76486343,0.06304905,0.5594082,0.97667706,3.4082718,3.0530713,0.7790255,0.0037708126,1.2107376,0.50183344,0.7076696,1.7851512,0.43292338,0.9501236,0.8357118,0.08773138,1.5243144,0.44340488,0.13446791,0.21230459,4.485425,0.39990735,0.29923216,0.666349,0.23388846,0.10214823,0.15103523,1.4853431,0.12934068,0.13934931,1.7951429,1.4190832,1.212052,0.32537878,0.020798866,0.021016188,0.5792672,0.1983497,0.00088243897,0.007169992,2.2550445,0.040081587,0.004736588,1.2558692,2.081169,0.15725325,0.3970396,1.3349495,0.35115135,0.8532199,0.39120948,0.7215381,0.13935149,1.3187644,0.4286517,4.201237,0.80970687,0.9949314,0.2517619,1.4206792,0.6191162,1.3240845,0.7238363,0.69024915,1.0721848,0.047166336,0.3566757,0.5393926,0.12532294,0.1581348,0.5131162,0.58636546,1.0053517,0.61452657,0.4372054,0.83695513,1.2879401,0.11794195,1.4774045,1.1732002,0.9441229,0.22991474,0.9417455,0.27081585,0.90709156,0.40257162,0.9038415,0.52439165,1.1833193,0.01292402,0.6438045,0.5683002,0.39128867,0.1993034,0.3134069,0.04896946,0.86843544,1.0089326,0.17680213,0.040606808,0.5704062,2.6221998,1.2794929,0.4867939,0.002462364,0.33932686,0.5544045,0.07085932,1.8870376,0.21469751,0.68847686,0.44575617,0.045024753,0.6815769,0.4971642,0.75474876,0.1105052,0.13047366,0.21264127,0.9962594,0.20593135,4.7091613,1.2482442,0.53159934,0.3731468,0.5073222,0.043871976,1.0576687,0.14661035,0.41134864,1.0556564,0.26528925,all_pothole_images\pothole_images_enhanced_e0dcee7982eb051cb6650a2f22c167be.jpg
1.4801396,0.67164004,0.2450319,1.7546486,0.17508164,0.0044357935,0.8855673,0.0,0.09074804,0.9052076,0.06640327,0.8532982,0.27155232,0.38002932,0.061313655,0.25205216,0.073611,1.7151825,0.40914956,0.07414859,0.030514395,0.23345935,0.39439607,0.5984108,1.0543267,1.0570604,1.6589612,2.6504242,0.049762473,0.0,0.6542693,0.34333178,0.058106635,0.20041144,0.67117286,0.9218641,1.0679348,2.327156,0.6528796,0.018021936,0.0,0.090250045,0.62410593,2.1853352,0.25637397,0.48267776,0.322619,0.12137305,0.34936166,1.5228494,0.14191887,1.1153768,0.06281662,0.30677134,0.0025125176,1.3144034,0.92441994,0.6271145,0.0,0.11457079,0.1544165,0.26621035,0.14428021,0.33635274,1.4887106,0.8257552,0.6130039,0.0070030713,0.007634338,0.07153653,0.6017596,0.3154424,0.5677554,0.530823,0.10258183,0.008918787,0.37541917,1.539343,0.21980809,0.10173544,0.1490537,0.090079896,0.6249692,2.1616185,0.6523657,0.026534783,0.41080582,0.38030267,1.4729763,0.1271294,0.28071466,0.47320205,0.11239313,0.089740366,0.14462782,0.07065019,0.12628584,0.8451049,0.37366223,0.26414883,0.6729006,0.46213663,0.53132224,0.0070887688,0.045944553,0.0137701165,0.54753965,1.8830609,0.0057686395,0.15434925,0.03823157,0.89366835,0.6895548,0.03075827,0.2741741,0.16863447,0.4493789,0.24621448,1.4304603,0.84538776,1.6452585,0.0,0.034584258,0.32993945,0.29591665,0.18373166,2.3128746,0.10341963,0.4233746,0.053945247,1.1338232,0.10399677,0.20433272,0.010187334,0.8224894,0.6895018,0.7527621,0.5676378,0.7297555,0.0022483647,0.5731893,0.72453064,1.4310018,0.0011923243,0.21158418,1.0846709,0.13462771,0.19756547,0.35715935,0.06446593,0.6190409,1.6039153,0.05918352,0.10134783,0.4554937,0.33497363,0.78274983,0.031276174,0.64668447,0.48139548,0.020516248,0.5267315,0.58537,1.5275112,0.07738401,0.9974435,2.2053072,0.08013358,0.1169949,1.2198768,0.0033855194,0.5477695,0.061913863,0.117066,0.0,0.16192469,0.37162283,0.22180118,0.7059238,0.32306224,0.0,0.83393145,0.19819824,1.5733665,1.4646769,0.21666266,0.032438405,0.72153807,0.15107633,0.043645862,0.06425488,0.420854,0.14561026,0.44419104,0.2078509,0.038717292,0.75418144,0.0007098213,1.0209401,1.0191834,1.2997123,0.12699348,0.028747728,0.0667629,0.009046492,0.24919173,0.88307655,0.5962645,1.3873316,0.4622362,0.1857052,0.06154981,0.3147349,0.2542586,1.0842327,1.249389,0.0,0.7953571,0.21273302,0.08317718,1.5809952,0.01667193,0.28771198,0.0009614421,0.00096726173,0.15422171,1.359489,0.46226037,3.0703168,2.3329113,0.57938766,0.016303457,1.2502975,0.0031202808,0.15707953,0.42029455,1.655039,0.7599434,0.035246734,1.1986961,0.30479306,0.042894494,0.79164225,0.40654224,0.38377166,0.02544087,0.64185715,0.06431004,0.44979405,4.8333535,0.91436774,0.17215721,0.0106180115,1.6268216,0.09051118,0.55130136,0.36787927,0.5493366,0.027853759,2.984879,0.08607862,0.28222892,0.07322308,0.0,0.46694887,0.37344617,0.12215595,0.428788,1.4745027,0.38994446,0.3145248,0.03437062,0.17236996,0.0027627498,0.35292283,0.91224545,0.06374115,0.0025332307,0.054118525,0.45053646,1.8148806,0.17533652,0.9583267,1.4963388,0.20328191,0.85772073,2.2033854,0.3998569,1.4132311,0.43242088,5.8489626e-05,0.14903288,0.009538475,0.8313446,0.14758225,1.5892193,0.20309125,0.3902672,0.46607417,1.5974772,0.7807115,0.8004534,0.0,0.011910424,5.8224287,0.21547426,0.040486243,0.039017167,0.1570885,1.2930925,0.35141972,0.3355571,2.0571702,0.29878694,1.4485059,0.4566361,0.055541135,0.44318607,4.0346565,0.3745771,0.3206894,0.0,0.20780493,0.5111927,0.005317633,0.21413071,0.49374446,0.11709601,1.5320877,0.27425298,2.5004878,0.04288736,0.45148826,0.025956625,0.08610832,0.40680164,2.3635259,0.19162197,0.09354583,0.26412493,0.473188,0.09603569,0.9997376,1.2705754,0.0010401447,0.55344665,0.010691917,0.6268892,0.07647409,0.715296,0.45081523,0.17378658,0.44126868,0.28098485,0.387117,0.00076272385,0.06201121,0.5072399,0.12919056,0.6834652,0.026393333,1.2692268,0.57859373,0.21126679,0.19926587,0.013919228,1.0136027,0.6708166,0.024216559,0.2485022,0.34977612,0.25351712,0.21709594,0.0055908393,0.0,0.17467538,0.06440491,0.026789403,0.2622238,0.23700264,1.0093787,0.0,0.020303061,0.40689614,2.0321686,0.4161661,2.1629055,0.0054067555,0.16950329,0.083427064,2.0217764,0.26716852,0.0041202693,0.72506404,0.11461265,0.054243762,0.8939825,0.0023589535,0.20465955,0.18475695,0.3550787,1.4244711,0.15267257,0.0048767915,0.043051988,0.71482897,0.6333699,1.382011,0.98527,0.091751434,0.14426276,0.0,0.10166247,1.7637929,0.22911122,0.29665262,0.036296584,1.0926514,0.6018862,0.076504946,2.3262029,0.13804512,0.09690024,0.23951717,0.72403497,0.094440594,0.2575084,0.8578846,0.1295533,0.44903144,0.25887835,0.052335966,0.91481006,0.3475099,1.226567,0.64710045,0.48910078,0.16445233,0.012901241,0.28533807,0.83358085,0.4779815,0.16800131,0.08966039,0.038528603,0.014069118,1.2204189,0.5586705,0.48201916,0.35152948,3.4640987,0.4323855,0.856241,0.24153818,0.5184119,0.034113273,0.07627617,0.22552595,0.14688382,0.36852524,3.347521,0.1784173,0.7721729,0.048256066,0.27670723,0.06515603,0.012587649,0.06518916,0.75627524,1.45053,0.025426168,0.6471217,0.02955394,0.19550267,0.5368014,0.015171545,1.2898083,1.4832144,0.7238821,0.021652184,0.09860897,1.4804051,0.5786944,0.2726419,0.05939083,0.04217121,0.03760828,0.0068143113,0.91593134,0.004724896,0.6717532,0.13000001,0.112421304,1.3401337,0.14542085,0.02543245,0.014148689,0.45546538,0.2533409,0.6992737,0.4303384,3.6150243,0.32554948,0.14657599,0.60667765,1.8046099,0.3140264,0.0019983186,0.399396,0.05423607,0.0,0.0017074973,all_pothole_images\pothole_images_enhanced_e14a9c71ed777e6fb32d387b83b55627.jpg
1.1386063,0.87061566,0.9679413,1.4495673,0.4318774,0.6229427,1.5131477,0.22878227,0.54160166,1.7903211,1.0591716,0.9770963,0.29730743,1.461821,0.07686978,0.96335244,0.19996098,1.3970088,0.5053772,0.105840474,0.8701108,1.029629,1.1548476,2.3241742,0.36696133,0.92365324,1.864766,2.158478,0.30014712,0.179135,0.11697541,0.089084685,0.16788517,1.4159362,0.14026082,2.4897425,0.21551979,0.9960325,0.51320064,0.17957547,1.493448,0.8261988,0.956892,0.8187841,0.3238027,0.72565126,1.8231487,0.1507859,0.2207195,2.1251676,1.1903071,1.1143407,1.1843622,0.23640622,0.5100761,1.9536945,0.6631945,0.35161453,0.5584294,0.34781507,2.8097427,0.74598265,1.5649965,0.81140494,0.8545655,0.7921636,1.9725288,1.2300198,0.045377493,0.6638809,1.0153551,0.16816574,0.14939258,0.13585731,2.0896077,0.44393784,1.9523878,0.45771268,0.7840741,0.0023248978,0.152926,0.028672291,0.2223361,1.3211137,1.9990155,0.52543443,0.4903028,0.026681991,0.2723893,0.32660666,0.35639712,1.4806708,0.0027854135,0.21772234,0.106733605,0.3561741,1.002693,2.4444299,0.09361824,0.9181543,0.8325432,1.1795273,1.1429704,0.763635,0.70736396,0.689542,0.6814899,0.048823584,1.0744312,1.3888521,0.028650662,0.6603912,0.12114177,1.3018373,0.66197956,0.2848038,0.2675559,0.43126202,1.6688843,1.3666575,2.7435396,0.84555644,1.0750676,1.2408031,1.5715164,0.37915218,0.46493772,2.015085,0.49270606,0.44388837,0.89709073,0.21599862,0.82605135,2.477238,0.108202934,0.124182254,0.5441191,0.06017235,0.015780428,0.14640726,2.5253549,0.07012426,1.1804872,1.6172605,0.5504095,0.7233666,1.0573981,1.4039028,0.19809617,0.40893355,0.345921,2.4436793,0.5026568,0.13276017,1.7304697,0.13711414,0.4833991,0.52054286,0.050489716,0.81621486,1.6412537,0.67057604,0.043208536,0.18344952,0.85453826,0.0,0.82114875,0.8631452,0.23360305,2.5682938,0.9472728,0.0,0.069286965,1.5982767,0.14720367,0.93169636,0.046659034,0.0029740562,1.3031744,0.71333003,0.8031409,1.208033,0.88352895,1.8480545,2.3570004,1.354722,0.83409107,3.617977,1.3332407,1.0260363,0.4092175,0.120627694,1.0368108,0.66683275,0.010849846,1.3596163,3.0232651,0.36301243,0.86438155,0.22708635,0.5810144,2.9442525,1.4041148,0.08665001,1.8423454,0.49018854,1.7998031,0.082437254,1.651468,3.2115946,0.1914464,0.76650107,0.58412874,1.4276155,2.6660836,0.8591902,0.7838756,0.28237405,3.3264315,0.017669184,0.54496217,0.6929254,0.6838685,0.108095296,0.10274452,0.060198363,0.8626885,0.43340802,3.010772,1.2040024,0.27868387,0.20689271,1.201909,1.1198018,0.46589088,0.026074493,0.38635537,0.27600992,0.17546926,0.26601458,0.2673265,0.6849162,0.101686075,0.50801575,0.0,0.20900391,0.5248999,0.8691774,1.4542085,3.1522226,0.03862899,1.3262184,0.25965652,0.26110172,1.1151885,1.4688132,0.6834396,0.30475414,0.06482854,1.7514085,2.1321893,2.1170876,1.0570785,1.0756897,0.21037002,0.028409295,0.43120208,0.25731787,3.2392597,0.0033904593,0.8873079,0.5769415,0.47565007,1.0913956,0.13745527,0.5530235,0.008564911,1.721331,1.0653697,0.630176,0.40201494,0.08766851,0.22935657,0.0104374625,0.5082461,0.57932746,2.536163,0.37930888,1.4598815,0.8771854,0.9833762,0.41214183,0.51519716,0.31845453,0.19622354,0.598131,1.6918375,0.07971703,1.6634033,1.330702,0.29471537,2.0414655,0.05931527,0.38682282,4.5612006,0.06838337,0.5046094,0.15178198,0.06412466,0.26580137,1.5950401,1.7204754,2.489178,1.9998391,0.32760364,0.538837,0.20487793,0.47679764,2.937983,0.04226379,1.3444173,0.29430664,1.1107755,1.6213634,0.34970322,2.1668725,1.0951881,0.03941062,1.6653607,0.5601956,1.5726125,0.023285925,0.81787294,0.66386443,0.13365898,0.29628643,1.6625508,2.0148196,1.1131566,0.07416031,0.22814572,0.6036925,1.762701,0.52408457,0.020436527,1.0014901,0.39524716,0.0102400975,0.25507435,0.7429436,1.6438721,0.21829277,0.898462,0.32390925,0.24333484,0.16095473,0.5267833,0.2620078,1.1288732,2.950276,1.1554475,0.29059118,0.10766113,0.5324715,0.089276165,1.2419015,1.9063095,0.32529804,0.7779747,0.0677115,1.3051338,1.4464571,1.3645977,1.6660441,0.71855503,0.45969296,0.46772492,0.33340544,1.111362,1.1109719,0.5571947,1.2249182,0.2750431,0.6608013,1.7906709,0.8659406,2.1124873,0.2597687,1.0790606,0.1459333,0.04317694,0.5039847,1.3539463,0.5465374,0.08076056,0.22707915,0.4500534,1.1501111,2.1872723,0.13040754,1.2338345,2.3387036,0.9714039,0.26591766,0.13893156,0.21510705,1.5575181,0.17288141,0.0881952,0.31589475,1.4830008,2.2198672,1.8907651,0.13718866,0.9841137,1.1038432,0.1992302,0.3499231,0.030777268,0.43225113,0.069587365,2.015443,0.97196484,1.2471706,1.4634304,0.06407464,0.42829883,2.5885868,0.8863463,0.29713446,0.25594357,1.0761003,1.4783916,0.85597193,0.1539493,0.9605789,1.139468,0.8996814,0.22536592,0.08296214,0.8980083,1.2940513,0.21641193,0.1529856,1.1389174,0.3660877,2.2631905,0.13592255,0.2282691,0.28898886,2.7478242,0.5800384,1.0094501,0.71176463,0.122873254,0.9240866,0.37552005,0.028606804,0.74389774,0.32490575,3.5387964,0.26254466,1.6829042,0.29582626,0.4486008,0.10165987,0.08599653,0.044140093,3.073599,2.0727696,0.64733183,1.1472881,0.00847266,0.28142777,0.34742677,0.3331405,1.1460202,2.7638216,1.7671013,0.10997158,1.0003799,1.8506354,2.5028548,1.2519562,0.024309387,1.1282051,0.73247504,0.0008097309,0.12752436,0.3710343,1.0221031,1.7151566,0.12177484,1.1881835,0.059746463,0.34466016,0.60422647,1.1330885,0.6594177,0.4332464,1.230264,2.6719067,1.0490289,3.017286,1.3011825,1.0810558,0.6569839,0.16297348,0.5678366,0.23863503,0.4613128,0.0,all_pothole_images\pothole_images_enhanced_e14f8844ae1d6ff477a382e193b415c3.jpg
0.08125308,1.2958324,0.36265755,1.1258588,0.3218422,0.6722951,0.30565885,0.06002341,0.08404539,0.41975683,0.03202387,0.13213608,0.56098235,0.2900461,0.035778917,0.120811924,0.2181035,0.7995318,0.92638296,0.03834771,0.20663804,2.1571867,0.6715088,1.0695362,0.034191765,0.032498296,0.0022668175,1.2852099,0.28649497,0.16449013,1.0225962,0.32350975,0.09387228,0.612774,0.5358631,0.7666308,0.8316117,0.19285026,0.508824,0.12929583,0.0,0.0,0.3422347,1.0201777,0.4801131,0.143146,0.28791383,0.0051194904,0.12873608,0.2877983,0.4711719,0.07791231,0.5385435,0.45751956,0.15098569,0.56734246,0.20078133,0.22150226,0.8180054,0.22320633,0.6333277,0.017736418,0.42766362,0.32089558,0.6566949,0.587894,0.31454933,0.040505614,0.6594635,0.6907995,0.07987976,0.8374255,0.15224402,0.041049886,0.6251381,0.5343544,0.15059017,0.09707974,0.41650245,0.052326567,0.10420683,0.38409296,0.14309825,1.6873713,0.39111212,0.6183783,0.34904456,0.4205509,1.5726904,0.3013786,0.18594067,0.29987636,0.010288752,0.30602568,0.038708597,0.107189275,1.481133,0.26205882,0.10392035,0.0,0.4757731,0.8709764,0.18359388,0.10868778,0.31815705,1.1653107,0.1318647,0.109156586,0.1210704,0.33271012,0.028263172,1.5827545,0.37220055,0.8673608,0.088857375,0.0018013571,2.384651,0.62646854,0.55923694,0.72930795,1.766443,0.90195805,0.7807648,0.2722025,0.18817285,1.474351,0.13542327,0.103765756,1.179571,0.34039307,0.7041382,0.029475601,0.42830905,0.099997185,0.18409169,0.4291897,0.5630977,0.10841885,0.38796723,0.0,1.3016064,0.5648188,0.064243525,1.4413047,0.038272288,0.5241191,0.2426089,0.9602697,0.6501095,0.6622793,0.8015829,0.37504655,0.13258344,0.3402518,1.0997349,0.60961866,0.4618031,0.126361,0.07527521,0.15784474,3.6259117,1.463242,0.25131994,3.116321,0.0042711087,0.21737303,0.08977594,0.024116788,0.6751606,0.52567863,0.29949802,0.04505879,0.054503918,0.1284644,0.46455196,0.542022,0.0654593,0.00669678,0.047065616,0.12247079,0.24477108,1.0779855,0.8277507,0.37337205,2.7805805,0.5400596,0.16568808,0.06041735,0.15079927,0.17402492,0.13392816,0.48931858,0.19371198,1.2847779,0.1299562,0.0095816385,0.17963868,0.26317322,0.27131835,0.606282,0.5775221,0.9731635,0.7207747,0.60935247,2.5506315,0.121436276,0.24508402,0.21662897,0.66136044,0.25064865,0.0,0.030061273,0.67494565,0.10158867,0.09903097,0.68825763,0.8342422,0.52554744,1.1993455,0.06259671,0.22273394,1.1813657,0.21360062,0.5435615,0.006418062,0.6127376,0.60985166,0.0,0.5590649,0.13656554,0.4135345,0.20492882,0.16991717,0.13580096,0.0633752,0.14669271,0.49041522,0.11080327,0.31609148,0.047319096,0.06383794,0.04889315,0.63271993,0.05909512,0.018394079,0.112509295,0.6181712,0.16513132,0.52891284,1.9462668,0.4020298,0.02606396,0.38074395,0.15457962,0.00023021526,0.12838224,0.7599358,0.8617014,0.14401527,0.12086362,0.095300265,0.079681,0.0,0.54657537,0.13408503,0.5149776,0.05300474,0.37376887,1.5955476,0.5414709,0.023468653,0.18601051,0.004029377,1.280113,0.9933624,1.0208094,0.49097112,0.10013973,0.42896143,0.980479,1.0026555,0.03276646,0.16348982,0.112190455,0.9484245,0.42014682,0.23466735,0.22427192,1.1100115,0.6790825,0.32346815,0.0050352276,0.09226053,0.30173275,0.33117238,0.11895931,0.61810464,1.2431631,0.6142212,0.12248855,1.0423301,0.8075938,0.12050424,0.35996392,3.9443343,0.007479894,0.09700344,0.7558867,0.06923792,0.16654423,0.4260854,1.2005458,4.0802007,0.5897549,0.116557665,0.105431095,0.0,0.26857796,1.141386,0.0,0.6281388,0.055123996,0.04809557,0.55408937,0.4288755,0.5194922,1.0885574,0.024452174,0.20441592,0.14552669,4.566325,0.08460533,0.14067045,0.12010079,0.008215213,0.18628605,0.17433111,0.10331279,0.0,0.088917345,0.108716816,0.60827696,1.1715275,0.059528448,0.07472838,0.3068571,0.09260025,0.30754888,0.6621844,0.57168216,0.6510419,0.8171449,0.065705314,0.13571078,0.059902243,0.07619342,0.05460487,0.9434443,0.23191833,0.8549381,0.15244415,0.041801773,0.5785111,0.0025038484,0.57382315,0.027214926,1.2559541,1.0394816,0.3665784,0.15619154,0.9337121,0.8150527,0.48110607,0.1966252,1.3558462,0.86360705,0.0058678337,0.24307756,0.84239924,0.25465894,0.14430612,0.01851612,0.6054962,1.5251434,3.0015552,0.3165529,0.43548578,0.013250397,0.069163285,1.8322974,0.5546445,0.7600258,0.049570136,0.60811955,0.53738225,0.33297792,0.37802622,0.42225692,0.5273287,0.23152292,6.0514145,1.0127631,0.18560278,0.20012057,0.17579082,0.0,0.57561946,0.41163197,0.04856434,0.11219619,0.69097835,0.027287543,1.2680873,0.09929111,0.040179804,0.41655877,0.52795595,0.015920684,0.03203024,0.03720073,0.3464742,0.28741854,0.36977798,1.4957458,0.8485382,0.645334,0.2539587,1.3866531,0.06269914,0.49393445,0.3310864,0.71167344,0.37909004,0.23618717,0.47180432,2.7357209,0.14081967,0.14354172,0.23484792,0.4266784,0.2899712,0.6117046,0.32949018,1.3733237,0.05835806,0.41168836,0.7011096,0.1725053,0.042648397,0.70126593,0.81312543,0.28364882,0.4114844,1.1720232,0.17690685,0.4899669,0.19630739,0.47289434,0.086401045,0.22485615,0.9182907,0.2647966,0.9034496,0.11196942,0.22550555,0.280214,0.08527794,0.054184508,0.2963516,1.0726048,0.8240534,0.89905375,0.098679036,0.13545872,0.63515586,0.00057362765,0.179163,0.16641422,0.31488886,0.014073793,0.30683973,2.71089,0.502789,0.13924837,0.11545389,0.25874582,0.34155148,0.034610692,1.6156987,0.08448532,1.0305737,0.55727243,0.0,0.14523546,0.0,0.17145178,0.0051966966,0.50715077,0.0007570936,0.20107612,0.01053536,2.2369578,0.7752701,0.038740158,0.20270552,0.2847028,0.4506278,0.15076303,0.28636348,0.007604886,0.1201579,0.26443022,all_pothole_images\pothole_images_enhanced_e1513879fd0ee0b920131e24e52eb8d9.jpg
0.2048967,2.4216433,0.47762248,1.267956,1.3842356,0.8133674,0.0776394,0.13673076,0.48191467,0.48528963,0.23886326,0.23466562,0.23737386,0.560765,1.0186685,0.13472311,0.049085464,0.042168383,0.2377869,0.64782405,0.654329,1.9235187,0.2711338,0.6409106,1.0078635,0.4042312,0.75778556,2.3515599,0.46240768,0.14186734,0.7373352,0.42602062,0.55902123,0.4507782,0.4436962,1.0348487,0.98937315,1.5136012,0.04919979,0.6635656,0.103449576,0.08662877,0.14456455,2.2795637,0.38911247,0.13324599,0.008644236,0.43160972,0.27529123,0.081535846,0.56643087,1.2272145,0.35591823,0.6441442,0.110667676,0.71581393,2.9152303,0.02519375,0.37853438,0.60896677,0.13062927,0.2726036,1.5704352,0.2113368,0.22896172,0.83332837,0.051063027,1.183393,0.62054527,0.36171636,0.43158683,0.56400144,0.60382694,0.10314112,0.544053,2.315979,0.87522733,0.53109545,0.3797222,0.6933518,1.4002825,0.10110707,0.0599294,1.0394472,1.0416012,0.702229,0.06382198,0.0050343364,5.0433154,0.017931616,0.82690513,0.029642783,0.34984973,1.0099144,0.22004376,0.021625368,0.31276122,1.6646489,1.5325185,0.58649606,0.0,2.9240863,0.0035254061,0.41183487,0.1373232,0.07663216,0.38178283,0.02642993,0.19984634,0.75870293,0.20699342,1.7575451,0.28211498,1.1629599,0.38903186,0.94046515,1.8154075,0.39495307,0.47925508,0.50646484,2.7223217,1.6238221,0.6221439,1.0543283,0.6060949,1.4169862,0.0150122065,0.39904264,1.2170956,0.41872063,1.2273737,0.5473634,0.8503078,0.62077475,0.5654099,0.633726,0.26416996,0.57168823,1.1791801,0.20952626,0.20461547,0.15215258,0.29490355,1.0176594,1.4152538,0.6849754,0.82709086,1.2668823,0.0036944838,0.6870013,0.4432031,0.24367906,0.21556486,0.0056620566,1.3288685,0.23689276,0.6856702,0.39583948,1.0985262,0.4280662,1.6485515,0.8649615,0.2608475,2.0305102,0.026845878,0.5580471,0.758707,0.21261229,1.210259,0.5572482,1.1675245,0.28556174,0.78964865,0.8961558,1.9239051,0.42532444,1.8475145,0.089407936,0.030524265,0.23269193,0.3964905,1.5752448,4.6281834,1.1362352,1.5078583,0.9030595,0.678197,0.009486786,0.672539,0.8405396,1.4723452,0.6451175,0.050622102,2.1679444,0.4463682,0.19895932,0.0033530628,0.052605666,0.036854997,0.6096022,0.7881025,0.19741738,0.7977799,0.91219157,0.9392131,0.4620215,0.021557482,0.47496155,1.0163324,0.0,0.32411465,0.7225738,1.8232185,1.6030988,0.71069366,0.24784648,0.6429386,0.007956139,1.3099854,0.006405762,1.9708476,0.09282364,0.29511583,0.2600793,0.06921494,0.33813107,0.6641005,0.21894728,0.11733358,0.33414197,0.13584276,1.0769092,0.19805776,0.21107183,0.23118913,0.17434642,1.1427683,0.63319486,0.039912723,0.0,0.33328572,0.15660577,0.3856291,0.0052312105,0.057700902,0.14529254,0.28999156,0.0,0.21591042,3.116135,0.5828161,0.47864062,0.23834579,0.26233372,0.81170565,0.0022598798,1.2485206,0.004009529,0.16799198,0.91892,0.57271546,1.5925589,1.0475643,0.012372599,0.13455258,0.47617474,0.21184154,0.09984444,1.4072934,0.4006548,0.5359722,0.2264269,0.25527012,0.35977146,0.22201978,0.6692925,0.5704718,0.26369125,0.1628876,1.0104305,0.050394807,0.016468704,0.70928407,0.13063662,1.3292966,0.26243487,1.0241497,1.7353119,1.2127072,0.09654243,0.5122982,0.7207221,0.020522373,0.30355048,0.5428849,0.12338104,0.6357053,0.02876126,0.15696366,0.42263606,0.0,1.2099884,0.08107388,1.074817,5.3522925,0.1650817,0.0,0.9311252,0.6148924,0.27807012,0.117016606,0.31970093,3.8082917,0.47002608,0.026470892,0.85186195,0.547446,0.7227623,0.37392756,0.28970712,0.12475107,0.5010989,0.07470799,0.46241704,0.5875746,0.4679989,0.97086364,1.5237646,1.2283926,1.1594485,2.11177,0.38719818,0.04843496,0.4713421,0.8570576,1.2495003,1.3096426,0.81993115,0.75077575,0.30096155,1.0795693,1.5365012,1.7345191,0.06354043,1.1857274,0.023228902,0.28942856,0.16694504,0.18905577,0.41297975,0.31511426,0.7367683,0.55832374,0.37734416,0.380755,0.13393676,0.80971855,0.1615818,0.5919357,0.033001896,0.0035189919,0.006892638,0.016046818,1.4282944,0.063566595,0.037306808,1.0163819,0.41446498,0.07632839,0.043123785,1.1943874,0.6837263,0.44105583,0.10172106,1.6281085,0.3934868,0.0026925106,0.07495878,0.16209275,0.58742607,0.05992175,0.24486615,0.3310236,1.6233857,2.2306511,1.5244213,1.7085044,0.92744255,0.50717705,1.4463046,1.4314272,0.5025936,0.0006401609,0.08743613,0.17297211,0.0012346123,0.63102245,0.47054845,0.2642454,0.012744246,1.3880361,1.0205283,0.021232426,1.5621163,0.1010646,0.32216012,0.055502724,1.244248,0.19380458,0.77124965,0.59797895,0.4834592,0.4661393,0.88052243,0.0027494759,0.28386402,0.7084611,0.7038736,0.12193773,0.039995153,2.6809518,0.20540671,1.2510511,2.0876727,2.1636953,0.3874573,1.3639612,1.9990252,0.027832352,0.09636575,1.3696355,0.43303508,0.64985895,0.7153915,0.22204682,4.6473775,1.3312454,0.19811395,0.0018733089,0.534304,1.4273866,0.24700744,0.030454297,0.36139762,0.14911562,0.72199816,2.3190057,0.15873528,0.42414021,0.98570025,0.94817275,0.5412577,0.24804924,0.27313882,0.054863356,0.7775511,1.0945327,0.35188362,0.051450603,0.56260884,0.6500254,0.26816207,0.593933,0.14632355,1.4359335,0.31588158,0.72869223,0.2650874,0.4396752,1.6377662,1.5553868,0.32642436,0.9221185,0.117081344,0.22206062,0.20048028,0.105538726,0.48441207,1.0446869,0.36146304,0.78609616,3.4593942,0.14018227,0.50217646,0.0,0.051546503,0.6210299,0.27375644,0.035381556,0.027524976,0.17676246,3.7257245,0.0,0.033925626,0.0068384004,0.16162738,0.016860062,0.028623445,0.2693681,0.043866713,0.7831217,1.760873,0.24264619,0.86590576,0.6420848,0.06751882,0.08925661,0.8484055,0.26320323,0.67825353,0.97259176,0.4053833,all_pothole_images\pothole_images_enhanced_e1871ea4119414a296df87a96b01add0.jpg
0.564875,0.6627874,0.1964988,0.9796413,0.025435638,0.49504337,0.11228095,0.2465312,0.042527203,0.18770549,0.33680558,0.27020562,0.4002737,1.3149613,0.07673057,0.058723886,0.036191944,0.58302736,0.28470027,0.10156897,0.36954197,1.6932989,0.08578059,0.21469696,1.0335801,0.03149903,0.57423127,1.191804,0.22633514,0.23464923,1.2759033,0.37087858,0.3294581,0.6469325,0.40235278,0.12848221,0.010631276,1.9311831,0.0038643708,0.66714174,0.0,0.0048869015,0.5408946,4.6709375,0.22461455,0.05003055,0.3168806,0.03388745,0.15300487,0.78961897,0.35665652,0.25892332,0.19264087,0.14686735,0.2998446,0.5938815,2.3780894,0.40185523,0.48120835,0.061158385,0.20098287,0.70107126,0.91521925,0.13185765,0.26980704,1.1627837,0.10282674,0.090920135,0.6374453,0.15355031,0.46840328,0.036091346,0.21500695,0.4170811,0.25802684,0.005145237,0.01819963,0.38668472,0.16365618,0.049527027,0.56535923,0.0,0.106641516,0.9889166,0.56349427,0.24267796,0.0800443,0.2879977,1.6155947,0.081535906,0.5546968,0.40620092,0.0099503,0.27244967,0.044396646,0.27810657,0.39786658,0.9624377,0.21402603,0.07338299,0.004935319,0.38822392,0.09013628,0.17218523,0.64849347,0.9452298,0.16056952,0.17750908,0.08201622,0.650098,0.0041858614,1.1263579,0.0,0.14484695,0.5147461,0.0068417555,2.1377065,0.4419154,1.5293238,0.66533816,3.2103183,0.746607,0.07739852,2.1755867,0.36956632,0.6443728,0.033785403,0.8135395,2.1524239,0.27907923,0.4183646,0.0049133864,0.25549018,0.023432137,0.015120874,0.41520807,0.13534428,0.82599044,0.36166525,0.25160292,0.5864471,0.100231245,0.5340923,0.99739915,0.0038974623,0.31210363,0.10975933,0.22967035,0.5208399,0.42318878,0.38998157,0.04297716,0.033004824,0.019311335,1.6646388,0.3423877,1.3728089,0.35897714,1.0116004,0.4024145,2.3490956,0.32171193,0.047093567,4.222237,0.18061405,0.13002363,0.48764482,0.31196153,0.61240536,0.41075522,0.0,0.2965492,0.004399994,0.4357074,0.5287455,0.2831473,0.47833726,0.09221793,0.38465792,0.24038425,0.03708421,2.4710717,2.9633079,0.5290759,1.0305009,1.2656544,0.1615901,0.0019263314,0.6646039,0.32639706,0.076301366,0.71589226,0.42864013,3.2639713,0.10100748,0.56970924,0.17819153,1.4452571,0.0009466525,0.5441372,0.3641519,0.13597643,0.49798265,1.408455,0.69898576,0.32709303,0.66431886,0.4685459,0.17471582,0.21173865,0.0,0.51442194,0.081987396,0.502199,0.2581246,0.14829189,0.7899946,0.06881876,0.28046292,0.21828721,0.0060581765,0.18662289,0.47826236,0.008344453,0.0869812,0.35509205,0.50741476,0.12753075,0.44771248,0.06983078,0.28460145,0.014317741,0.15215948,0.34496123,0.017150769,0.0,1.5057495,0.13622738,0.23841827,0.21822321,0.03316964,0.086246744,0.09023602,0.29169655,0.33497223,0.012456894,0.62236947,0.39856392,0.5098584,2.839148,1.9005855,0.057489038,1.1351069,0.0061467174,0.49704343,1.4932487,0.17770159,0.13335077,0.44569346,0.27214646,0.29603818,0.37739757,0.27775297,0.24474856,0.40835562,0.6320522,0.0,1.7127767,0.022928767,0.5775255,0.0,0.29537955,0.19493213,0.6666682,0.63332,0.41662776,0.24383973,0.48692948,0.5995983,0.063073345,1.3342811,0.12593052,0.5666909,0.021527039,1.2154526,0.4654316,0.52282345,0.27095652,0.45719135,0.2383427,0.08352875,0.11348635,0.28615853,0.4541682,0.28424245,0.24585077,0.21853764,1.274677,0.09643215,0.3705236,0.67729855,0.8486138,0.0,0.4545183,6.2650414,0.04991625,0.0,0.29938918,0.0,0.15430681,0.6456739,1.4960699,1.378206,0.35385084,0.3466367,0.28261268,0.017071668,0.1438789,2.204573,0.030475168,0.58903843,0.0,0.041819148,0.059812713,0.07855763,0.2280489,1.8465953,0.0,0.07122405,0.29069418,2.7196984,0.021293163,0.19091552,0.0039204815,0.0,0.08695119,0.14162499,0.16064703,0.38865104,0.05151323,0.0016665717,0.8488982,0.6428713,0.25868386,1.2220347,0.11518842,0.00463117,0.054911014,0.32422605,0.49848804,0.7411705,1.2779322,0.42961505,0.029567821,0.0976072,0.09004539,0.3493913,0.28988805,0.12703587,0.74368936,0.23678604,0.11261187,0.21030496,0.0,0.0033854467,0.18371439,2.0381887,0.34005472,0.7643687,0.6484036,1.5625867,0.44708252,0.49952447,0.13049136,0.8650796,0.1686963,0.333356,0.1430564,0.59006107,1.0379541,0.21065974,0.08910376,0.004705542,0.48181587,2.7515578,2.3707063,0.28484994,0.0,0.0011721648,0.5530969,0.16675085,0.58521825,0.12556434,0.32101604,0.18028049,0.27485666,0.815438,1.2596847,0.21513198,0.22894058,3.5774312,0.27104822,0.089024015,0.61053276,0.09262066,0.0,0.18115039,0.86175627,0.004630913,0.17027698,1.637486,0.82448727,0.43642136,0.38514233,0.124006175,0.032035634,1.0156605,0.09579688,0.20638582,0.0,1.0806706,0.024382584,1.4357177,4.740354,1.4850441,0.062070336,1.8687719,0.85609186,0.07699426,1.0612162,0.15803932,0.8020303,0.2286716,0.048314627,0.1563997,3.416197,0.7262411,0.35936728,0.30361506,0.5141896,0.23682104,0.21330175,0.53887457,0.87121207,0.31061518,0.02847356,0.45726946,0.35291865,0.9526441,0.36149272,2.029889,0.40409437,0.047577474,0.8834552,0.47985592,0.34058863,0.18193239,0.21334001,0.0877391,0.86739427,1.4619455,0.4807998,0.9627142,0.24367385,0.25155962,0.05157258,0.0846762,0.11515123,0.6021241,0.75068897,0.7367443,0.91612786,0.13793321,0.049098596,0.014041722,0.0014993295,0.2525484,1.359647,0.2221596,0.009939084,0.13877957,4.578242,0.38845143,0.2355259,0.025255224,0.11351335,0.40772846,0.035922896,1.6021277,0.035689224,0.6845019,0.33515292,0.000972173,0.2154095,0.176074,0.022853082,0.0,0.038824443,0.022221774,0.205248,0.06456376,3.3473282,1.2286328,0.102095425,0.23219466,0.60709023,0.04133827,0.06311842,0.049296748,0.0,1.405665,0.03486019,all_pothole_images\pothole_images_enhanced_e2269dc2fe6f74796319485098fc4bef.jpg
0.16758355,1.9765254,0.8417751,1.9703037,1.0811795,0.78815615,0.23790157,0.3676692,0.29981348,0.52880156,0.16197951,0.6537365,0.05094262,1.3877324,0.064175695,0.21779694,0.28566933,0.08387826,1.4235821,0.78775305,0.26368,1.4356945,0.63087404,0.57763463,0.38108686,0.40666625,0.119127765,2.2567804,0.2918617,0.50415146,0.7579661,0.7272192,1.5163137,0.17040917,0.88378954,0.8978321,0.124209866,0.7368716,0.43359414,0.77752995,0.7284888,1.3096033,0.10557683,0.51016426,0.39470133,0.12113676,0.7378653,4.328496e-05,0.50292176,0.9614088,0.4701175,0.2800521,0.54337287,0.23605138,0.4253708,1.164475,1.0276222,0.30180696,0.3275641,0.34500217,0.14504007,0.19190238,0.65220594,0.25944114,0.41968957,0.6494589,1.1699574,0.12561665,1.7077205,1.0512711,0.064561106,0.85340285,0.18357953,0.1818612,0.9319654,0.9822077,0.5589079,1.054557,0.062663004,0.40315032,0.23128949,0.588483,0.00086857856,2.9437947,0.60966945,0.8228072,0.57185984,0.044692583,2.414479,0.8096098,0.20152207,0.21693777,0.09532752,0.2326077,0.11698653,0.037878163,0.7989963,0.7600989,0.16716953,0.3616829,0.89780796,0.66584295,0.33151197,0.058407247,0.31709352,0.6029678,1.1679732,0.111445405,0.27217072,0.40761107,0.44408128,1.8541937,0.55728334,0.5585401,0.25540045,0.6846604,2.8404756,0.9792731,1.2917498,1.1716166,1.0221695,0.41075101,2.2863863,0.40543014,0.18453448,1.0418332,0.16007929,1.9098482,1.4265391,1.0830938,1.09343,0.16957477,0.62310004,0.33711317,0.5045825,1.2465312,0.065814346,0.33564278,1.3854102,0.3201046,1.253864,1.4200956,0.011125228,1.097832,0.38172856,0.117973335,0.048436552,0.22045848,0.9485129,1.4181002,0.84656245,0.80268884,0.0034521972,0.7445559,1.0034312,0.5189622,1.1166111,0.31941614,0.010330258,0.23059906,1.8950413,1.4224777,0.25251624,1.5245188,0.015851703,0.07374336,0.24146593,1.255442,0.6898288,0.7030571,0.24564427,0.0,0.1396466,0.6539973,0.14284919,0.0,2.5629053,0.41025952,0.24365406,0.24860385,0.03672884,1.4068435,1.3167608,0.51555544,2.085257,0.91518617,0.44648188,0.25936997,0.07130289,0.7477369,0.7743664,1.4208585,0.11705206,1.9329251,0.23790246,0.0013910951,0.18083991,0.46979293,0.66475284,0.90533394,0.17664686,0.6136575,2.035668,0.9061989,3.6480358,1.3085964,0.008403598,1.1158531,0.3516,0.6412175,0.20703427,0.053836763,2.033997,0.3503603,0.7357805,0.50944954,0.12989168,0.32236776,1.188307,0.6025335,0.32241222,2.6897957,0.49243933,0.6663223,0.04720235,0.0386303,0.31051424,0.33206195,1.1138957,0.031476613,0.14395614,0.30822593,0.8832726,0.636884,1.7063768,1.0278276,0.5387864,0.29895306,0.19990776,0.12452213,1.0663209,0.28220335,0.6405434,0.38064513,0.030911606,0.017242184,1.6862686,0.53146785,0.67161894,2.6283846,0.8902527,0.23606339,0.60329896,1.3537282,0.0,0.38033116,1.3745722,0.29423758,0.6367235,0.44213897,0.33805707,0.9063055,0.26471946,0.8199889,0.16534851,0.61494136,0.38455483,0.45627865,1.4680147,1.8288621,0.098816186,0.056690186,0.017911252,0.35985228,0.58309907,2.5511084,0.08641262,1.0507859,1.5292948,0.83326954,0.33185846,0.3177218,0.75784135,0.7328926,1.3198761,0.6169956,0.93455565,0.6668277,1.2965491,0.5773997,0.25993508,0.03837065,0.41380185,0.7401845,0.10135633,0.720992,0.31259435,0.26558843,0.23631632,0.2137889,0.29311615,0.2375584,0.42095083,1.118651,3.677004,0.7713736,0.39419824,1.4925319,0.15673208,0.24154621,0.18087375,0.96646094,3.4198487,0.819794,0.13145296,0.47499263,0.023355173,1.3041159,1.0267061,0.23476742,0.30453977,0.21721184,0.0,0.8405907,0.98621166,0.62446207,1.3120612,0.6513116,1.186882,0.113943875,3.8167562,0.79353154,0.34324652,0.73601437,0.3411169,0.3309118,0.734356,0.5601356,0.08832389,0.21308628,0.27797043,0.77228403,0.6755637,0.06877958,1.0117388,1.0343444,0.116071075,0.8239466,1.085237,1.1206477,0.40463132,0.6860594,0.05277183,0.22015584,0.034728173,0.066288345,0.51688105,0.8633513,0.3240365,1.0474817,0.58127373,0.17273365,1.5341405,0.10921243,0.2587953,0.3032263,1.1883831,2.0826688,0.03987752,0.89231545,1.3137784,0.2825545,0.8385603,0.08510841,1.1988299,1.425337,0.34451026,0.47292557,0.36940396,0.5482269,0.19712569,0.02389305,1.3576645,0.4029245,4.104283,0.24291039,1.7811219,0.028991576,0.20274451,3.6375277,1.4299164,1.7769165,0.8391158,1.5459327,0.6598445,0.9892622,0.18672112,0.6995613,0.48155802,0.19591486,6.004662,0.114956476,0.2414256,1.0925375,0.029946843,0.03288247,0.9116728,0.050539635,0.788277,0.14080766,0.15666233,0.24818663,1.8712248,0.8477814,0.9012416,0.21431331,0.70070034,0.65264356,0.07444604,0.5728162,1.3742977,0.21831952,0.1700184,0.87400347,0.39780602,1.6718105,0.66145104,1.2438308,0.15619576,1.0671161,0.07670602,0.61967885,0.1185479,0.9408095,0.8831623,3.0197685,0.89551246,0.21677269,0.18487582,0.7121814,0.0086669065,0.37134144,0.5774754,0.5030309,0.07865109,0.86484694,0.6004767,0.57058007,0.39809152,0.51460856,0.8419451,0.3418396,1.5621502,0.64148843,0.69111836,0.7732282,1.0385264,0.5753032,0.59792477,1.0146238,0.30764776,0.82668954,1.1341472,0.58744603,0.28877285,1.4249141,0.106598794,0.14102544,1.504634,0.7910838,1.1384716,1.0122503,0.8545695,0.9331045,1.0845052,0.09821027,0.16858365,0.72177845,1.1239396,0.2570669,0.16326618,2.8106642,0.48666644,0.31562096,0.085540704,0.018699728,1.1333451,0.1972831,1.7834628,0.10611016,0.18098247,1.4607826,0.2926197,0.030860156,0.10180159,0.22212183,0.7663814,0.5390475,0.00018727606,0.11433514,0.7037268,2.7510898,0.72409725,0.7838125,0.4682579,0.13177337,0.8947053,0.6189755,0.71032465,0.19975829,0.11535003,0.46682823,all_pothole_images\pothole_images_enhanced_e297ab159a1d285864ce25fc7d16c1ae.jpg
0.55596703,0.58428156,0.09010933,3.0307934,0.6367816,0.02107069,1.1751835,0.6420938,0.16005506,0.9604656,0.5107078,0.58953935,0.5131528,2.3418782,0.032101814,0.36747974,0.1145267,1.8142922,1.0512391,0.27380845,0.86692,0.27120706,0.40993628,0.96682465,0.5458493,1.4016583,0.93440473,1.1310205,0.1267995,0.13002953,0.14724867,0.00497402,1.0779283,0.61842024,0.27471852,2.622882,0.17968298,0.4494113,0.62345934,0.0,0.0,0.76626134,0.18327747,0.76365775,0.29312256,0.48203385,0.32950863,0.156106,1.9752407,1.2730565,0.2583032,0.7836682,0.1859093,0.18316506,0.5421798,1.5366911,2.5851498,0.0037619842,1.9567587,0.06984588,0.02341935,0.20521222,0.2049517,0.4506115,2.0007327,1.2301095,0.67331135,0.47031903,0.18306598,0.97244906,0.18231978,0.26411572,0.083715245,0.22052641,0.21938947,0.026406428,0.16032177,0.13021971,0.01276864,0.3600918,0.093627706,0.15398124,1.2744213,0.91503865,0.23739338,0.028000634,0.4660388,0.23093446,1.3525347,0.55715585,0.96813434,1.324884,0.70208955,0.0875907,0.14948946,0.22858976,0.719362,1.6467876,0.7398866,0.70349383,0.016652253,4.3752685,0.688189,0.5277384,1.6812547,0.56413287,0.12129381,0.69423807,0.20683244,0.29348937,0.21191314,0.0055283112,0.57099944,0.8708616,1.0771368,0.5592208,0.47412688,0.35924694,2.1327925,0.365011,1.1670879,0.4246216,0.09300089,0.50167644,0.27708516,0.8454834,0.282797,1.1583515,0.60200816,0.39292237,0.20577875,0.025052788,0.30393338,0.15069433,0.77167666,0.20031835,0.026846735,0.15163669,0.88206255,0.068069264,0.6483131,0.3893115,1.9457904,0.91790164,0.09185064,0.97208154,0.48736656,0.29724017,0.6031192,0.14676777,0.7441201,0.40321782,0.0034213844,0.23007065,1.530573,0.8606036,1.3392773,0.402779,1.1481268,0.7101375,2.5245435,1.2967657,0.3926272,0.9472874,0.7185772,0.03143441,0.5845403,0.32947984,0.3828258,1.0147166,0.33689067,0.62823164,0.3013212,0.6856852,0.14996096,0.5715918,0.34428498,0.1374884,0.35555482,0.120354556,0.053643674,2.5936038,0.5363993,0.4547436,1.3434124,0.15045947,1.2587456,0.64658004,0.5393697,1.4016693,0.045870516,0.904199,0.74280167,1.2127433,0.10759476,0.5413494,0.6835159,0.52498496,0.37550136,1.0952618,0.11155184,1.0210637,0.14574905,0.03290708,0.051388495,0.14231351,0.3356257,0.64616174,0.870205,0.6935919,0.031999603,0.036132738,0.88573456,0.20999539,1.717624,1.9150347,0.9561277,0.06858015,0.018473042,0.57656544,0.9048057,0.17458604,0.8270229,0.29256564,0.0,0.4695708,0.6279691,0.096377246,1.026891,0.6538667,0.022686202,0.05009564,0.9511213,0.22282928,0.09241236,0.06659494,1.1533488,0.32190755,0.15308742,0.122143276,0.20266744,0.012823905,0.21942908,0.13856564,0.48316222,0.01462303,0.8407578,0.45545036,1.6315248,5.5009227,1.4802624,0.0882552,0.038565785,0.5055174,0.04205312,2.0427384,0.78407794,0.54447556,0.4874765,2.900586,0.21538836,0.006211861,0.09087047,0.6811877,0.079951234,0.12177732,1.6742269,0.5476913,1.3932159,0.19351642,0.45193076,0.11840655,0.2059859,0.5638098,0.62935114,0.6811176,0.48731336,0.024998656,0.68501824,0.7869321,1.6884426,0.54030335,0.72173166,0.4388244,0.2170053,1.0044422,0.9283003,0.09659382,2.044851,1.0485991,0.027517835,0.09361522,0.18051066,0.82780844,0.1935971,0.4856165,0.69818985,0.16458188,0.085928254,2.6065824,0.5752765,0.5060904,0.25610992,0.0013388201,3.7758048,1.1135997,0.05556993,0.0943671,0.32876796,0.7881059,0.5603895,1.7089688,0.8158326,1.3819758,1.4601723,0.21587335,0.53666437,1.5117413,4.652608,0.10442122,0.54518664,0.021238092,0.07002978,0.4874213,0.26096794,1.238147,0.058545996,0.21129234,0.57366204,0.0015890083,0.24946399,0.18584636,0.41756314,0.03773901,0.008236246,0.06582899,1.9609994,0.05534109,0.6459737,0.656995,1.1139408,0.23915212,0.6633635,1.1569896,0.08273031,0.6501618,0.27908367,0.21330898,0.06414988,0.7156923,0.30144042,0.29316574,0.50706965,0.8423468,0.48719108,0.2683156,0.20765616,2.1392744,1.451079,0.8277042,1.2733825,0.9421317,0.6990632,0.44608498,0.0069663366,0.024474304,0.5756002,0.030337727,0.6985235,0.31208336,0.55007184,0.84306717,0.45799363,0.2291523,0.5327899,2.3626013,0.027334627,0.01024996,0.029650731,0.99434394,1.3380762,0.10331569,0.51225007,0.13583867,1.5569062,0.61135274,1.7198635,0.08194618,0.3599489,0.42364392,1.1650927,1.0749726,0.49667925,1.2022649,0.046530776,0.22173622,0.52090716,0.45333827,0.5516274,0.97770673,0.031872254,1.7309704,1.072289,0.18606576,0.9826257,0.013574835,0.2878634,0.5573316,0.1724799,0.8111924,0.0400252,0.43928644,0.0436364,0.038161874,0.2939701,0.15431367,1.205305,0.93358266,0.94709915,0.03233283,1.8561543,1.0747852,0.47160584,2.3231578,2.7109532,0.24504893,2.2803898,0.26503387,0.8722243,0.55691737,0.27951697,0.5259562,1.1483159,0.30674303,1.4409643,0.61953324,0.22265682,0.745283,0.09455708,0.26607868,0.76702505,1.384011,0.028490903,0.32229608,0.5302231,0.13845657,0.9814705,0.13146186,1.2030793,1.7331555,1.7947236,0.36311424,0.42787647,0.1012839,0.437063,0.97505295,0.122533895,0.11751042,0.59295595,1.351588,4.1608825,0.5080767,1.4695451,0.41182283,1.0536712,0.29055864,0.0,0.12373827,0.49823076,0.7781126,0.46513927,0.70263726,0.06486608,1.1623943,1.0495341,0.40943354,0.617636,0.6444097,0.00070630043,0.049890097,0.38897693,0.6187139,1.2719916,0.43995565,0.5307211,0.07049336,0.47806248,0.028712943,2.2955787,0.1794704,0.72047985,0.9122819,1.0791287,0.3433763,0.03240468,0.028166153,0.13255173,0.3921031,0.6650577,1.9665009,0.47666487,2.8958435,0.015977982,0.14086957,0.3150814,0.28785568,1.0061542,0.2605508,0.3293543,0.8050036,0.35783935,0.88371515,all_pothole_images\pothole_images_enhanced_e2f7704c410b6bed6cd8b770d016f42d.jpg
0.32707855,1.0311134,0.655706,1.218341,0.98849267,1.8233973,0.6265107,0.61213833,1.065083,0.6914168,0.22496869,1.1205819,0.06465486,2.8018026,0.50540555,0.33181602,0.4184788,0.28107312,0.91920424,0.4500347,0.8592062,1.2979096,1.0452138,0.88040626,0.8010881,1.8679093,0.826957,2.7602763,2.4467113,0.5699042,0.5119417,1.3895992,1.6850979,0.38937724,0.057568304,0.34220263,0.43241647,1.1852018,0.31822762,1.0404769,1.1175495,0.868936,0.3061622,1.0269785,0.8037679,0.6103251,0.5446052,0.045986507,0.53904974,0.40570593,1.6372368,0.57741266,0.3316673,0.9425532,0.17178135,0.78338367,1.3146186,0.016975569,0.083964124,0.4310826,0.7676664,1.1242534,1.7260503,0.66623026,0.47912472,0.87801516,0.8367359,0.288161,0.28069293,0.096425444,0.89243346,0.8029026,0.28791088,0.31923681,0.90450543,0.93508327,0.28215745,3.583849,0.33188492,0.027031709,0.21722332,0.04828165,0.32427478,0.48009714,1.145855,1.3977424,0.98890495,0.16456832,2.7788315,0.28846452,0.3117461,0.46546772,0.49165133,0.44253108,0.7299928,0.07296166,0.693866,1.0639211,0.895603,1.8101143,0.031554706,2.544602,0.19493236,0.6557558,0.06430938,0.8480947,0.1689364,0.38789412,1.7446382,0.106096044,0.1557562,1.7626632,1.0565716,0.17957884,0.9845419,0.3773149,0.6640315,1.2291605,0.3032915,0.87319064,1.3225356,1.1187435,1.4407452,1.5169438,0.09138366,0.16472489,0.9536545,1.2866837,1.0768702,1.0933218,0.770057,0.35728034,0.43022436,0.94533896,0.22160067,0.33100536,0.620259,1.4452745,0.5078175,0.9122946,2.1434934,1.0058639,0.20598076,0.45805654,1.4875801,1.6892807,0.06748628,0.13693748,0.86243486,2.4253304,2.351327,1.0240989,0.042075098,0.2433374,1.1677623,0.39218333,0.43814585,1.0366379,0.40335447,0.08677352,0.9646141,0.5875044,0.24224587,2.994343,0.47503358,0.08786103,0.1602124,2.005855,1.5651906,0.026487943,0.20690748,0.14996907,0.3421201,0.19904514,0.47840887,0.24970408,1.6862429,0.12790893,0.759088,0.8861654,0.2911231,2.764188,1.9079928,0.582397,0.6187041,0.26073414,0.4340084,1.8439327,0.057576872,0.6096813,0.110587865,0.95206255,0.4586286,1.8746923,0.0117930975,0.21888174,0.42482522,0.47474205,0.6602276,1.3320035,0.8496831,0.063166685,1.0615052,0.3035034,1.9458277,0.29770485,0.15587507,0.7852235,1.0083939,0.9817196,0.7406374,0.42584586,0.3904901,1.326017,2.0475926,1.610189,0.9809584,0.13683124,1.8172946,0.7353332,1.310672,0.07938054,0.06067415,0.29992014,0.29580048,0.0874734,2.3440108,0.63213485,0.73614717,0.5558986,1.3379741,1.2176253,0.10586759,0.36832252,1.7207361,0.63184386,0.3690832,0.7302427,0.036691587,0.41086262,0.68349206,0.07467916,1.9634355,0.8867374,0.20234501,0.04389176,0.33113003,0.0,0.74244565,3.550748,2.9573526,0.047042098,0.10913938,0.9783402,0.2556041,3.3195333,0.37082034,0.43843964,0.9264695,1.2539732,0.6740894,1.7097684,0.50916785,0.2065374,0.14035222,0.04466899,0.44465852,0.7942164,1.1250788,0.8017042,1.4833558,0.18099736,0.5367622,1.0217977,0.6269727,0.2523392,0.6971558,2.4429436,1.4677012,0.3496537,0.89550453,0.0027815364,0.1355923,1.8644212,1.0190841,0.45027846,0.7099331,0.27559406,2.7992647,0.04084908,1.1306291,1.4659846,0.27495396,0.8167347,0.64343476,1.1367403,1.4426119,0.566879,0.7667273,1.3534167,0.39187753,0.103323996,0.85193515,0.29977342,3.1366303,1.1653979,0.42049855,0.8866417,1.1006078,0.2673471,0.431506,2.67432,2.0473523,1.0255561,0.4978168,1.4429058,0.25838616,0.5939108,0.852887,1.8067197,0.04091732,1.2233344,1.0020978,0.50051427,0.99988824,1.679511,1.1757329,0.26385695,1.786488,1.1763232,1.4070358,0.2037859,0.18721326,0.89144367,1.1991287,0.7957451,0.96097016,1.6411552,0.20864487,0.04665566,1.0233426,0.5156863,1.0984591,0.6927294,1.6296794,1.2472898,0.9736962,0.97704196,0.80457634,0.57171476,0.52021354,1.335045,0.7435478,1.0711442,0.8644252,0.25104228,1.2689872,0.46336135,0.20085233,0.16725518,0.58747953,0.6967401,1.3782924,0.9310804,0.620507,1.0436627,0.6718077,1.1604439,0.46289203,0.067965455,0.5126228,1.9782122,0.09649779,0.064166576,0.75544053,0.29222536,0.25205192,0.97208315,0.9219605,0.3685258,0.25914794,0.02609841,0.7998355,1.0352048,1.833183,1.4428397,1.6682978,0.026406502,0.4795414,2.6584396,1.4929923,0.52168053,0.2781546,2.0830567,0.8890446,0.05344592,0.93746245,0.37057424,0.39475396,0.9696564,2.3672948,0.77529705,0.15711625,1.6134869,0.0947632,0.5947875,0.5062465,0.03769868,1.5479782,0.26306495,0.30477342,1.3598828,1.3081263,0.6548051,0.124582835,0.9244777,0.5252622,2.3008575,0.034991372,1.9886053,1.204774,0.9009248,1.9241177,1.5011137,1.905325,0.745373,0.5658417,2.2135742,2.2291665,1.1825695,0.57302094,0.69921064,0.29690868,1.2790171,1.8484795,2.8611686,0.95108324,1.1662557,0.54224396,0.47059268,0.95177317,0.06036287,0.051561676,0.17920354,1.5623555,0.54605436,2.0322077,0.25424033,0.11673167,0.92078614,0.23846798,0.21635012,1.8513476,0.42491257,1.326771,0.32718685,2.149368,0.4895033,2.5034976,0.4915273,0.73523587,0.15204602,1.5227962,0.69688165,0.30646402,0.4777586,0.66227144,0.42232665,3.299332,0.8787485,1.0113753,1.2649889,2.3668344,0.3806305,0.34090263,0.5641195,0.5684157,2.1711287,1.8429297,0.22456832,1.500918,1.1892056,0.17345105,1.9289948,0.73510724,0.50285375,2.8800642,0.24354872,1.0646073,0.41227278,0.35010713,1.0638485,1.0498171,0.9880278,0.3184432,0.36364892,0.28002536,0.0061254986,0.49701068,0.42440048,1.9696922,0.8170504,0.14871886,1.2502284,0.8263657,0.045759015,0.0066264756,0.6123231,0.1256825,1.4786496,0.28848416,1.0167086,all_pothole_images\pothole_images_enhanced_e31c617ebf3b5b3de365a6127d6075ca.jpg
1.8004196,0.15486208,0.1417804,1.044819,1.3640376,0.060959514,0.42752832,0.89641607,0.26104295,0.5388355,0.010368793,0.7527145,0.14693715,0.15471108,0.32204786,0.17526132,0.06755641,0.01252256,0.31027934,0.12921368,0.93475026,2.4602287,0.54546773,0.40176928,2.0436823,0.2869463,0.602955,1.7262756,0.16986825,0.00015068497,0.081842266,0.21178192,2.2243083,0.25647548,0.34404314,1.1914794,0.0004896604,3.1307077,0.39672652,2.0909479,0.0,0.05685419,0.054843083,1.3540998,0.47396448,0.1416706,0.052646,0.15200272,0.34680215,1.5996019,0.39793822,1.2709603,0.5004329,0.16891347,0.08046563,0.8959954,2.2806296,0.07467138,0.37925696,0.3430385,0.0025247345,0.31849352,0.20715511,0.47288543,0.21263167,2.9362824,0.46903995,0.115247935,0.9301016,0.18360762,0.2234862,0.24283366,0.1667983,0.15351675,1.152042,0.35059866,0.20503365,0.29318655,0.0,0.0030664837,0.53701663,0.06284508,0.25368285,1.9113796,1.0748423,0.33392856,0.5307133,0.7075347,1.2634944,0.31834918,0.033893615,0.018482052,0.10022632,0.028480126,0.37092006,0.48460108,0.89681834,1.0641156,0.2991347,0.21675803,0.08724244,1.8613925,1.5680336,0.021894133,0.1299866,7.492776e-05,0.35215634,0.7684597,0.027456908,0.038544275,0.05328576,2.3098285,0.2891267,0.18792452,0.76233965,1.1054703,1.90051,0.09239843,0.82620144,1.6919119,2.8794425,0.041673567,0.0,3.2298636,1.3016742,1.5550455,0.059589084,0.9193559,0.6344359,0.0053919842,0.69999135,0.046029,0.085645944,0.32368532,0.017345162,0.91494423,0.0,1.4345001,0.6679148,0.5069562,0.009031698,0.1606752,0.0,0.5849254,0.065538846,1.4287924,0.442672,0.8973732,0.010275876,0.042271193,1.2616134,0.48661655,0.26997277,0.091238506,0.81831765,0.1353348,0.45735753,0.1309044,1.5972371,0.5237776,0.95719856,0.63970155,0.0114614125,2.930695,0.0,0.22892186,0.20673561,0.37505135,1.0784397,0.54157495,0.09151007,0.0,0.005635033,0.10339047,0.5029022,0.19679166,0.28112066,0.055836335,0.16864823,0.07246068,0.13400547,2.6331644,1.3259112,2.4323165,0.47335267,0.3071851,0.028433308,0.5140798,2.090955,0.17611411,0.1645282,0.09654287,0.0,0.8862748,0.2584749,0.9011608,1.4603724,0.07992906,0.2728704,0.14841245,0.03847663,1.1327189,0.65543634,0.74859345,0.8986022,0.11599844,1.2007619,0.88848966,0.7767281,0.52442724,0.0,0.01582231,0.3080969,0.81878465,1.242617,0.3862564,0.27225792,0.010665508,0.4920187,0.13766395,0.16448787,0.4246823,0.0042909184,1.1803671,0.02734369,0.4779118,1.0031995,0.19712761,0.45746118,0.42984086,0.022421475,0.14597994,0.52768946,0.28542137,0.42370683,0.00038271214,1.7494715,0.026420286,0.0,0.15047216,0.2045306,0.10858447,0.0,0.020093184,0.32070345,0.0,0.78977126,0.41558167,0.39034337,3.1379914,3.3770816,0.5307882,0.74317914,0.10267954,0.17858762,0.5078179,0.6647266,0.0,0.27475896,2.8497732,0.044455037,0.045977596,0.10533797,0.8929799,0.8328581,0.33935866,1.3041357,0.39960122,1.2472626,0.16245537,0.073646516,0.0403066,1.2003123,0.5439929,0.7603143,1.1706041,0.38182876,0.4669144,0.110507675,0.5234184,1.9502203,0.9596556,0.8173765,0.048286445,0.42882463,0.16189837,1.1639398,0.1136768,0.2716372,0.5310468,0.37427494,0.2796672,0.15665077,0.4266073,0.02323385,0.18186972,0.12307122,1.903774,0.36029974,0.33994257,0.69575703,1.0344523,0.11611189,0.6811719,3.7256649,0.259084,0.00056261074,0.21725906,0.006229145,0.14791253,1.3014141,0.94966227,0.64023906,1.009804,0.07938242,0.46934256,0.14781377,1.2209804,0.86720914,0.13058473,0.18750249,0.33356762,0.48789346,0.014456562,0.43620884,0.26754835,1.0506617,0.03258483,0.39135978,0.10208384,0.5745591,0.73011184,0.016737217,0.07681706,0.07996959,1.6000506,1.5194498,0.49931285,0.07914382,0.30309463,0.29395884,0.12650107,2.074239,0.19336554,0.6681453,0.021862397,0.04587714,0.015238408,0.23237072,0.48124737,0.5549994,1.1088651,0.8057747,0.27218658,0.6756879,0.6251234,0.45321047,1.8376454,1.0676101,0.9644339,0.25329146,0.45628357,0.10351163,0.045836393,0.016472723,0.157359,2.2591174,0.039512124,0.019935027,0.5205978,2.1695867,0.020351632,0.33495972,0.021114245,0.088103816,0.19714324,0.25825006,0.072336204,0.12601751,0.12680306,0.7170927,0.012078933,1.2464073,0.024941176,2.8059468,2.7076519,1.3691782,0.0,0.24494614,0.08792257,0.93835574,0.2617326,0.18151611,0.3723559,0.44285685,0.067071356,0.6812519,0.027597098,0.00029379738,0.5508286,3.0254858,0.13927728,0.5162413,0.42345598,0.69910765,0.005037807,0.7153267,0.331361,0.6623655,0.39980844,1.0580728,0.34528908,0.16727294,0.21979946,0.052700464,0.18928139,0.48157263,0.26095223,0.8886592,0.060038954,2.5059235,0.85736006,1.0092162,0.87889975,2.0579085,0.15097052,0.49037552,1.1613868,0.44696903,0.71899325,0.40772355,0.075871825,0.7504808,0.3976588,0.38339847,2.6601899,0.50020695,0.6728821,0.20257199,0.74888444,0.037637327,0.73717356,0.14742206,0.9625425,0.5562162,0.23025692,1.898766,0.62359595,0.28032652,0.66030335,1.1547343,0.46662652,0.05943778,0.42429814,0.67462826,0.7249781,0.48134416,0.2761184,0.29164013,0.9584931,0.5572966,0.7429574,0.84835166,0.49003196,0.5073449,0.7873057,0.6089465,0.21775565,0.19443023,0.12844962,0.50187176,0.44896573,0.11213993,0.7269985,0.7936331,0.2586026,0.07771383,1.3092082,0.23126167,0.39635724,0.43678617,2.4606225,0.3774624,0.10063985,0.015142307,0.93080163,0.15565251,0.25984234,0.48688397,0.16225147,0.17335892,0.698186,0.21372716,0.80627567,0.34262013,0.076046385,0.07355397,0.027706163,0.50220954,0.0,1.201235,5.08382,0.44578394,0.029001396,1.0858879,0.563578,0.38069427,0.4936066,0.117815435,0.91797847,1.219414,0.27450058,all_pothole_images\pothole_images_enhanced_e35c91049d8cae91ab8e93bf2e93cf7b.jpg
0.24642272,0.98275715,0.054855417,1.0984086,0.65136194,0.08919058,0.32770833,0.4891676,0.03292693,0.35331917,0.2996463,0.38377514,0.22868557,0.60546774,0.25222215,0.282575,0.029331088,0.55569005,0.07471174,0.24174245,0.35371974,1.0651077,0.26905102,0.07565102,0.055661127,0.5483782,1.4044725,1.7669332,1.3224614,0.7173075,1.1999848,0.5288094,0.14613529,0.0,0.2588834,0.67156094,0.30531242,0.7700405,0.0057640434,0.31523836,0.038705308,0.06876232,0.0929412,5.8433924,0.3711056,0.0,0.37891403,1.1831523,0.097252205,0.3179932,1.2824035,1.1490791,1.4601499,0.21166128,0.0,0.2033266,1.864967,0.0054314756,0.3063078,0.050745342,0.010091452,0.12387502,0.935902,0.3557034,0.46423608,1.4794562,0.46356812,0.026179766,0.19594124,0.21274558,0.13670066,0.7582298,0.07520982,0.7832291,0.25658703,0.30154082,0.08952802,0.61710423,0.0,0.083544016,0.6481407,0.3484481,0.13280317,0.73818994,0.014647477,1.0359766,0.19820493,0.003487918,1.7448584,0.077410474,0.22390814,0.4642164,0.041501872,0.17140976,0.805918,0.04852155,0.0060259625,0.9632391,0.28184193,0.01824178,0.040160254,0.50933707,0.21930867,0.0,0.79065233,0.07006686,0.0007285884,0.047095355,0.5619443,0.23607694,0.14452903,0.86740685,0.73678946,0.01048851,0.62957174,0.21815749,0.8841726,0.043167613,0.22817452,0.61989766,3.530378,0.1415442,0.5945278,0.6139494,0.6549085,0.14088683,0.38233882,0.11672288,3.5375524,0.02837368,0.18041708,0.28704113,0.114467375,0.0,0.525753,0.38497767,0.2600259,0.90074044,0.84633774,0.50098133,0.6937712,0.12722097,1.814255,0.8434088,0.039929327,0.87677264,0.17147054,0.47482562,0.23331836,0.5405552,0.8575471,0.17531274,0.22708379,0.008912944,0.07157533,0.3331525,0.051763665,0.2760564,0.37614855,1.3328506,0.6845543,0.16131829,0.43378803,1.5930085,0.0,0.0,0.93797785,0.45343018,0.5463959,0.24783008,0.0,0.32526273,0.031155119,0.0,0.051762756,0.12909879,0.86405206,0.041399993,0.25270322,0.3825412,0.16823281,0.8046741,5.3519583,0.12252163,1.5130445,0.4191546,0.0,0.50940514,0.32393873,0.22942616,0.40331244,0.15383379,0.16305764,1.6648703,0.1683162,0.07882367,0.0531382,0.051416352,0.24681449,0.45313448,0.016657956,0.37377015,3.0293553,1.0878419,0.021510279,0.44587377,0.24212775,0.012213076,0.63102794,0.017039549,0.135372,0.99895567,0.14597984,0.102089025,0.67952156,1.1980311,0.8453285,0.25126576,0.4746262,0.2928198,0.8539073,0.16688526,0.20692323,0.26651314,0.8114709,0.081959695,2.274049,0.22143091,1.2707572,0.94998384,0.118236266,0.0,0.33142748,0.011397697,0.6431644,0.03860111,1.4895406,0.31669578,0.0,0.43512842,0.017372616,0.64580756,0.34449258,0.20823404,0.21255106,0.23116896,1.1780436,0.16196698,0.77097785,3.633259,1.255164,0.4188753,0.5216854,0.11419541,0.74622715,1.2999796,0.7953946,0.0,0.51347923,2.027215,0.0071745296,0.34453535,0.075770296,0.3660032,0.38909996,0.5623132,0.3464479,0.7216184,1.496663,0.43739662,0.025391383,0.03394067,0.2928086,0.44053563,0.54865736,0.77909416,0.28721428,1.112889,0.004851286,0.33252555,2.408502,0.0044328324,0.36706266,0.056987684,0.34198153,0.09517506,0.63338226,0.2627871,1.661786,0.4441937,1.1816415,0.6869985,0.023125507,0.5641306,0.022863792,0.019765006,0.0,0.27503788,0.76327884,1.5564367,0.15002607,0.15424058,0.004997095,0.006995639,8.349335,0.028282408,0.0,0.09110973,0.0015454615,0.05696947,0.23366204,1.1407467,0.5040287,0.41677007,0.5491225,0.448784,0.118163064,0.28460336,0.7081101,0.08587915,0.058507066,0.107987165,0.17314537,0.780457,0.37121218,0.06983716,1.2249151,0.0019122259,1.041144,0.38431284,2.977943,0.052121054,0.32978675,0.020533215,0.13112086,0.31448826,1.2760601,0.6193502,0.31561947,0.775057,0.118207134,2.0459905,0.620626,0.8228841,1.1880482,0.31112486,0.025677048,0.77182907,0.68952066,0.0,0.6290814,0.5009834,0.49336523,0.06979617,0.0022833108,0.4157401,0.07015415,0.9959094,0.028100478,0.09646256,0.0,0.11792716,0.46821034,0.48232472,0.20085953,0.033298776,2.0972228,0.16395812,0.047935892,0.10643213,0.70465493,0.07188297,0.5527768,0.19708279,1.7835858,0.15865736,0.13098298,0.101705916,1.2311364,0.10012447,0.27595395,0.18078108,0.23198938,0.81872493,1.7686962,2.5589957,0.3411147,0.0051167845,0.0,0.08187871,0.44858938,0.31676555,0.63931686,0.21253943,0.90781426,0.00968732,0.65899515,0.37766176,0.10797191,0.06223194,2.0049543,0.4219933,0.074792095,0.35933062,0.5418008,0.22735226,0.5717127,0.36428395,0.30957535,0.26455426,0.88390213,1.6380657,0.16043715,0.08714664,0.082037136,0.3096344,0.008068138,0.27736518,0.013347876,0.11670634,2.1470625,0.031877425,2.1938233,1.5413291,2.0462222,0.9000697,0.5975765,0.95894504,0.1259612,0.061802696,0.48122528,0.4442398,0.47484836,1.5320431,0.08679123,2.3826017,0.34733695,0.3261078,0.006826513,0.8605446,0.31707272,0.10341187,0.014150719,0.036916718,1.1751766,0.002690946,0.36937156,0.08521894,0.24769759,0.023407288,1.6682004,0.13396236,0.018274043,0.08544054,0.70636934,0.09892182,0.29593724,0.09686934,0.053037208,0.54839605,2.3966246,0.03074495,0.54018474,0.0,0.27116117,0.0,0.059305646,0.0,0.1494813,0.42497024,0.112355396,0.25441673,1.1440771,0.19714841,0.20709243,0.04809059,0.28513983,0.21468063,0.53783387,0.008989608,0.0,1.2258813,0.11780146,0.046988156,0.0,0.064935446,0.6777455,0.21424675,0.21101928,0.00036365917,0.0045049214,0.17362158,0.16517632,0.19428854,0.0,0.039696064,0.0,0.10179459,0.8041331,0.60496366,0.49425435,2.5472202,0.29947993,0.6498169,0.30635348,0.72672665,0.16507545,0.010250812,0.33478242,0.72242564,0.0,0.5768867,all_pothole_images\pothole_images_enhanced_e36bc741e95f8efdcc7ef43ecb57a71a.jpg
1.6036632,1.4937991,0.3357861,1.7317139,0.110328525,0.14783198,0.16042353,0.119453385,0.019684462,0.27520066,1.5170848,0.10804841,0.17660688,2.7506657,0.18390226,0.26504362,0.0,0.42363945,0.27495003,0.13158455,1.2761948,0.44648314,1.8604392,3.4498892,0.7783089,0.11042003,0.702814,0.8145003,0.1866408,0.47323766,1.1822369,0.2247644,0.12997259,1.6584585,0.09932419,0.12104474,0.5019409,0.88202727,0.96242917,0.17953296,0.12283025,0.23823638,0.45335138,0.36741653,0.14009058,0.4097162,0.25336635,0.50701195,0.24126406,0.0894605,0.30846438,0.30086595,0.7899657,0.05298809,0.12114487,0.2960023,1.2389224,0.0,0.21304004,0.16207151,0.0014184115,0.3325938,0.87892663,0.28268534,1.6059668,1.0198817,0.25083515,0.058890533,0.023594746,0.3227281,0.37481785,0.29849356,0.1519728,0.10854281,0.12535737,0.6110103,0.22302362,0.22204173,0.042245533,0.03817998,0.411985,0.017145144,0.8137403,1.4311651,0.19292787,0.27445066,0.06126472,0.1811606,2.1936707,0.061844736,0.9427405,0.41995713,0.17551854,0.26590326,0.22628646,0.42282706,0.97101706,0.43960267,0.2109745,0.2940717,0.053910628,1.1798065,0.05485297,0.19010884,2.1323984,0.90873426,0.3079642,0.010367478,0.8399354,1.4198544,0.14095892,0.71221215,0.95639753,1.5843577,0.36220273,0.75878114,0.5458199,0.1418393,0.23799343,0.46427613,1.3608761,0.6342421,0.4445516,0.6026182,0.14163552,0.41379273,0.062760666,0.28128764,0.5173088,0.892881,0.8214682,0.029161192,0.082564965,0.4203641,0.13368876,0.117311396,0.39501274,0.5717963,0.5493465,0.20168084,1.1333933,0.07563362,0.449314,1.6312042,0.1288363,0.72310853,0.04215911,0.4774197,0.065591,0.287786,0.11010216,1.2673875,0.56069076,0.017019736,1.4037508,0.71040535,0.40328613,0.7628919,0.58975327,0.34132218,2.9208734,0.93414956,0.29371572,2.067819,0.86720514,0.1575495,0.4826198,0.5572486,1.4855059,1.9004613,0.12934554,0.11111333,0.049181323,0.045953743,0.35270163,1.0527223,0.8829637,0.049604435,0.16886672,0.23492266,0.0155361,3.4492188,0.8220179,1.084314,3.0936985,0.15892984,0.3502907,0.36913353,1.231202,0.21894266,0.33902162,0.28726664,0.79413193,1.5903049,0.39268157,0.2001046,0.44725946,1.7667084,0.8054724,0.49215248,0.34507927,1.1519442,0.40316877,0.47479162,0.67524374,0.50974625,1.2114302,0.04372119,1.0796151,0.6772751,0.009456317,0.3912281,0.3426818,0.41077822,0.44000804,0.23992479,1.3463863,0.58410645,0.71612674,0.0,0.40779138,0.03935561,1.6550664,0.2071855,0.1503689,0.17450237,2.3741448,0.2057133,2.420451,0.2214475,0.37628624,0.4061309,0.137283,0.830234,0.100768596,0.04615709,1.6992472,0.6786626,0.4737093,0.40649217,0.032349247,0.03610252,0.34555632,0.050554343,0.41835326,0.0,1.1183703,0.53012604,0.93063116,4.964516,0.38506582,0.46610913,0.106009014,0.004461802,0.46271968,0.6270417,0.7020905,0.6498364,0.20040998,2.5370817,1.3319718,0.98996764,0.5928536,0.5078012,0.26400214,1.1567585,0.5009111,1.067538,1.435487,0.632573,0.10206998,0.09817104,1.2302724,1.090834,0.8950981,0.81106824,0.55312485,0.32451668,0.4990884,0.1379389,0.18915752,0.3189777,1.1029387,0.0,0.3922491,0.36686686,0.17246743,0.93266714,0.67814076,0.0,0.023264647,0.07945023,0.06825746,0.9186936,0.7563961,0.16881946,1.0572324,0.17234217,0.113212965,2.3043222,1.3528377,0.29538706,0.090835355,0.052103013,3.3469393,0.22290853,0.0,0.38662782,0.016256902,0.037824754,0.26582548,1.438295,2.8243988,1.9077375,0.28979787,0.23246272,0.14765164,1.4922795,1.6186707,0.37663966,1.0144587,0.009965336,0.36889464,0.50322443,0.3420428,0.23339993,0.577908,0.25186422,0.3823611,0.2024654,2.0172088,0.62299216,0.031888604,0.03550719,0.3785221,0.33576488,1.1852453,0.24428172,1.0898687,0.4925045,0.2063507,0.9693566,1.0387969,0.85949045,0.3077348,0.19828805,0.53981066,0.20763673,0.23814787,0.48326606,0.29744446,0.3353471,0.043810405,0.16768907,0.2031333,0.27485174,0.19429962,0.7404396,0.18863317,0.59368235,1.5685976,0.35824704,0.33433127,0.5361502,0.0,0.06026146,1.083509,0.31155056,1.1277198,0.4134572,0.6336152,0.71216434,0.67278117,0.78612345,1.013746,0.8200341,0.23559773,0.42029196,0.72449046,1.599848,0.9922475,0.0,0.25854537,0.5297549,1.9521352,0.85359865,1.0123429,0.5225073,0.02727625,0.97435445,0.015041778,1.4902822,0.0018115386,0.69691324,0.07730717,0.8057121,0.48325047,2.0352385,1.3704702,0.1461007,0.58729076,2.308885,0.93687403,0.7564957,0.545747,0.13251139,0.9889632,0.29709512,0.054273956,0.69834685,0.05713699,0.37138525,0.2921973,0.25833425,0.10221578,0.26246253,0.31430176,1.0299027,0.01849309,0.006768537,0.80728364,0.20228857,0.670424,1.2952043,1.9781128,0.27117866,2.6690848,0.73108315,0.5960151,0.10047197,0.02733613,1.0180438,0.47665793,0.20123386,0.031395186,1.8065867,0.1191146,0.83532387,0.07888976,0.031335525,2.7949793,0.5605241,0.34419134,0.17666009,0.030834708,0.10218666,0.47516406,0.6605817,1.3104782,1.1808102,0.9545395,0.060147908,0.64342904,1.6334691,0.025978575,0.9965379,1.2459497,0.012005811,0.05342301,0.87658244,1.6193365,1.0300528,0.48393357,0.51175064,0.45681718,0.33650774,0.06717123,0.028050125,0.027005522,0.17697941,0.95388335,0.08332208,0.28522608,0.104796045,1.1281176,0.38230175,0.34699374,0.59011453,0.10457087,0.3065436,0.7573562,1.4819791,1.4887896,1.1001773,0.49703434,0.42760903,0.25505298,0.101102844,1.3167902,0.035773456,0.2486469,0.7317788,0.0076728705,0.13361193,0.14497125,0.3907204,0.38021976,0.0,0.36130053,0.22775942,0.49993125,2.1003852,0.773343,0.5600155,0.10648563,0.34247658,0.5451922,1.1630927,0.18253727,1.4113466,0.13938306,0.27968466,all_pothole_images\pothole_images_enhanced_e38c97b5e2140416511e8e7af6537e4e.jpg
0.53878295,1.3748629,0.4825386,0.20710361,0.118211426,0.45782346,0.2015118,0.060498532,0.7953486,0.24974523,0.16141199,1.0153269,1.5637405,1.4075024,0.11953215,0.13009503,0.25124502,0.46649095,0.38060635,0.5141549,1.0051498,1.9104443,0.61740553,0.78836095,0.26036528,0.10661631,0.31896874,1.102155,0.1416548,0.783943,1.4318374,0.019291727,0.69639695,0.42698592,0.31229994,0.083988965,1.0504887,2.9564161,1.2552716,0.0993607,0.22700502,0.056852948,0.49276334,0.80839604,0.6108676,0.0,0.44028294,0.26780576,0.09790363,0.04044077,0.7495801,0.009271645,1.281026,0.6601322,0.02686392,0.14888448,0.30307052,0.023887089,0.51754624,0.13016132,0.030951563,0.14198683,1.0818405,0.18152863,0.5775068,0.59748185,0.1879606,1.2168331,0.6324756,0.2711884,0.077908605,1.6691691,0.21227926,0.45353666,0.259029,0.19683129,0.34090868,0.7600813,0.067086525,0.074186385,0.35439637,0.33857873,0.26809663,1.6446478,0.73522675,0.049246494,0.3854435,0.83381736,2.9106622,0.035087775,0.8863997,0.5178214,0.0750947,0.73935527,0.136154,0.72930694,1.1399866,0.5435755,0.7574349,0.659296,0.21343456,1.7888541,0.31164214,0.25480703,0.005852265,0.8753952,0.33896738,0.03228916,0.015090573,1.4860989,0.65860087,1.0417694,0.43440977,0.50592166,0.24564928,1.3765235,1.5494565,0.49612543,0.6228148,0.06469539,1.0828857,1.037496,0.4937723,0.18215427,0.09022821,0.6041206,0.22073182,0.047609475,0.80209553,1.3130037,0.43447527,0.25720152,0.13570239,0.05929611,0.06959337,0.40461227,0.21928388,0.04195272,1.9257555,0.65613383,1.1677226,0.8490647,0.07686179,3.3608403,1.1408533,0.6086808,0.6059918,0.43879706,0.359337,0.37296885,0.11209406,0.58913124,0.20400284,0.050865244,0.5473691,1.3299526,0.041365955,0.039812237,0.6773479,0.67383933,1.22941,0.87919843,0.09801517,2.602452,0.36917,0.028256932,0.78395003,1.4660525,0.13830991,1.4377005,0.041583396,0.054935854,1.221137,0.59950584,0.66561633,0.017844984,1.0441548,0.1011582,0.06427703,0.5344419,1.0743161,1.1219548,0.33543864,0.21437566,1.1656697,0.17145394,0.072100446,0.6109578,0.16490866,0.22932546,0.2789208,0.6372686,0.7094626,0.4681907,0.02812501,0.0025339269,0.23214522,0.063197434,1.1072506,0.13249867,0.3328315,0.20800462,1.1630218,0.38378727,1.398638,1.1195589,0.8267075,0.30152813,0.47209275,0.09509228,0.37446314,0.07827353,0.48729494,0.19833967,0.7935083,0.18702818,0.72456187,0.94366646,0.4506315,0.04765883,1.2870749,0.52979463,0.9704269,0.32940805,0.16443585,1.0031339,1.0033798,0.78052443,1.6957777,0.5155404,0.43803763,0.4681856,0.4955814,0.6774694,0.28711644,0.40884393,0.3973791,1.6283121,0.26863214,0.06391705,0.022865154,0.0434449,0.22331235,0.24450712,0.23060818,0.49156603,1.322983,0.068861894,0.31219056,2.8458593,1.1366863,0.15130319,0.4404212,0.4778622,0.050905358,0.79672194,0.6072674,1.0085773,0.31269154,0.5206225,2.7446883,1.5836431,0.18041675,0.043955136,0.25639448,0.17129481,0.14167613,0.44208267,0.77163935,2.497438,0.07051645,0.08871374,0.0,0.0079101715,0.20533733,0.5013057,1.109908,1.0768859,1.083465,0.8635405,0.56370825,0.028899545,1.175459,0.0077518793,0.8947704,0.097914614,0.5762619,2.3099222,1.5359683,0.082289785,0.13837375,0.09243782,1.102485,0.13983046,0.7674867,0.36850387,1.3756374,1.0682058,0.57671165,1.1814646,0.5883828,0.9382184,0.15710256,0.19254614,3.8417592,0.00086903427,0.21010768,0.9232206,1.2264049,0.07903855,0.12354897,1.1278099,2.5549169,0.76868236,0.033046644,0.20149405,1.0009921,0.30082422,1.604352,0.6355464,0.113562316,0.06044186,0.026460068,0.36282685,0.9486853,0.38874778,0.88414246,0.91587275,1.5561427,0.63071275,2.4710267,0.017097436,0.040078536,0.7100747,0.64072174,0.18049051,0.85545534,1.106253,0.20392099,0.01080966,0.2922664,0.268666,1.2417886,0.31381986,0.3083332,0.67321485,0.29048905,0.07165919,1.6525127,0.4130156,0.25812474,1.7549949,0.038569864,0.17864612,0.5416408,0.06889928,1.2086965,0.3692823,0.08719024,0.09160495,0.08164746,0.5885266,0.007919849,0.17028835,0.449382,0.22129688,1.2485374,1.4161427,0.39299855,0.0010745035,0.54840446,1.0265297,0.48002273,0.83113235,1.2537434,1.0295889,0.2640895,1.5774841,0.35518646,1.4008242,0.34346524,0.11912201,0.48105323,0.8570513,2.3201694,0.32966185,1.7163213,0.00028497813,0.18938668,1.3248845,1.0008202,0.95597404,0.10552831,0.6601275,0.12954362,0.24688569,0.32723606,0.47322515,0.06893042,0.07032176,3.7662776,0.21903613,0.81414247,1.1658988,1.2424716,0.089337096,0.19643068,1.1249152,0.34872168,0.15010121,0.20317486,0.09479613,0.69469815,1.1436371,0.640133,0.24447909,0.10052198,2.456574,0.071770936,1.1587473,0.49971607,0.0017085747,0.16292822,0.05090396,0.32039395,1.0637661,0.09222649,1.6080253,0.052268904,0.6890839,0.29030514,0.18593764,0.94053966,0.045888003,1.3295285,1.262764,0.17677183,0.65274686,0.569052,0.4754582,1.7849492,0.8758068,0.10627633,0.52798533,0.28045073,0.38465297,3.2961018,0.1624367,0.29598442,1.5629165,1.2839873,1.0732564,1.4237113,0.5247075,0.09057296,0.0674358,0.5048643,0.26410064,0.23780333,0.03696115,0.47256625,0.88748896,0.22821046,0.0067725084,0.67175776,0.98936504,0.12353201,0.41348413,1.2400478,0.74638116,0.31928763,1.1314442,1.6304698,0.31465948,0.1866893,0.06630033,0.14385828,0.006850235,0.61062056,0.27425537,0.11664489,1.2224703,0.061070655,1.0140523,0.51962966,0.39354774,0.99545896,0.09142837,0.8886619,0.025066515,0.46416676,0.8756427,0.0939793,0.53918314,0.050503563,0.2915966,1.355105,0.14017273,0.01858888,0.046286914,0.59123266,1.8603374,0.103724144,1.0708345,0.087653495,0.1523618,0.6929729,0.08256265,1.107022,0.048142288,0.06822176,0.07740982,all_pothole_images\pothole_images_enhanced_e3b66d49fac83735386ab6ec33e09956.jpg
0.6297095,1.8587512,0.8552557,1.0875341,0.33426678,0.2750622,0.2864033,0.1053785,0.27893433,0.15635608,0.54661393,1.0171646,1.2358634,2.3002574,0.0,0.082381696,0.2909988,0.3602727,0.75156075,0.12485652,1.5667324,1.9621004,0.17762367,1.4350182,0.95374626,0.25950843,0.75981927,1.4643795,0.40946096,0.7493001,1.9268459,0.27961782,0.3377467,0.8903885,0.7391427,0.33899182,0.9692118,3.3001323,0.84425837,0.2712848,0.09514883,0.0030916522,0.6894156,1.7907497,0.44548073,0.43205547,0.025423804,0.11771336,0.09255827,0.24317296,1.1007386,0.14646955,0.5795963,0.013930054,0.026390338,0.44411367,0.42251852,0.2241657,0.04459634,0.012837298,0.18014166,0.032234762,1.3838,0.09656545,1.0569311,0.87128806,0.050903227,0.6872124,0.519745,0.25487238,0.20290858,1.337165,0.22104158,0.0685023,0.36248282,0.044942155,0.19223386,0.95237356,0.0,0.07843304,0.40287018,0.02375526,0.31193015,1.7440933,1.321685,0.10261368,0.084969245,0.65538317,3.9509954,0.007616999,0.43132418,0.46250215,0.15194063,0.8369909,0.11155257,0.05118308,1.1408672,0.072822556,0.2770801,1.0259349,0.2079103,2.671217,0.29284737,0.55422986,0.35710874,0.29909056,1.2286018,0.16487722,0.100175455,0.8106413,0.18641944,0.9125875,0.0010366645,0.95934576,0.118307725,1.5262213,1.6045018,0.4398655,1.0056379,0.28188905,0.720886,0.7387717,1.29532,0.97151834,0.32466513,1.0997438,0.62731373,0.17586203,1.0101581,2.111839,1.6928617,0.36837554,0.1780002,0.37352276,0.1265322,0.1943738,0.25950715,0.28444123,1.7348251,0.30131596,1.1436865,0.7182368,0.39449987,3.4048624,1.2637697,0.49963182,0.46608075,0.2980144,0.6309863,0.6663028,0.049454443,0.49569565,0.32537997,0.027498009,0.62947416,0.27389774,0.19928145,0.057102505,0.10555127,0.6874184,2.0569298,3.7484896,0.56630176,2.3675485,0.13437447,0.018393446,0.91042405,1.0797046,0.72494465,1.8751018,0.24888569,0.086381525,0.811604,0.25453848,0.73137295,0.011792819,1.4566716,0.081032544,0.024206722,0.78221613,0.6450568,2.945068,1.4595065,0.5452486,2.4043424,0.7497285,0.4680199,1.3405683,0.25370967,0.12902087,0.11630503,0.87630385,0.67146474,0.85022265,0.5235916,0.14318615,0.45007548,0.4391976,0.4799799,0.112204306,0.34086356,0.113716744,1.3017114,0.62233686,2.5350432,1.1479365,0.46602395,0.22094516,0.37660453,0.09329852,0.22295451,0.12772256,1.197767,0.055601858,0.899117,0.39594463,0.4378656,0.22657865,0.4853587,0.0049011456,2.726914,0.23388757,1.1382121,0.08904468,0.019992976,0.5471202,0.40846327,0.033492364,1.7743627,0.5799795,0.17143694,0.26968828,0.1159408,1.2580863,0.20447813,0.10974809,1.723085,1.5276097,0.18689243,0.13915737,0.08531683,0.10623393,0.8001719,0.33475003,0.5185217,0.31929815,1.1123681,0.31936535,0.7225323,4.766631,1.2066336,0.05533033,0.14710021,0.24236408,0.03875013,0.40839833,0.61374813,0.3888987,0.1257947,1.3485557,2.7478812,2.1227136,0.5124888,0.032254044,0.34562021,0.2616466,0.020580342,0.2326368,1.3383672,2.8416953,0.37203184,0.0,0.5758236,0.1038235,0.044756778,0.8534241,0.78911334,0.65083104,1.6445318,0.44857997,0.6720809,0.08100411,0.7360362,0.017480643,0.74325776,0.61715174,0.23187144,2.328897,1.133676,0.031393602,0.0,0.22956938,0.45892093,0.31108975,1.0660473,0.38386488,1.168899,0.5570273,0.114572175,2.3121383,0.69764936,1.1512021,0.18190323,0.47033554,4.205848,0.0569048,0.4077219,0.31509432,0.21377707,0.47712007,0.13542841,0.96152073,2.3617783,1.0090824,0.09685078,0.051883318,0.77498513,0.50284636,2.1857457,0.6948027,0.057645533,0.0012521894,0.22230564,0.7452329,0.5883427,0.22401555,0.9974421,0.5680643,2.0731194,0.83071566,2.8973095,0.4596712,0.09305649,0.29788005,0.85870653,0.41266897,1.2624954,0.27778533,0.9133948,0.69373816,0.9573596,0.028116243,1.2356788,0.69920945,0.29686576,0.46726456,0.013461046,0.099318005,1.8679103,0.9225403,0.15116835,0.9975904,0.010075378,0.2367592,0.25516757,0.0,0.46833944,0.7047879,0.09609907,0.3807049,0.14713614,0.077004686,0.1959569,0.39914766,0.041448247,0.0,1.7175741,1.3313291,0.19941106,0.055913955,1.0016217,1.1586652,1.085917,0.77383095,0.32159415,1.6055713,0.024160028,1.2651473,0.35308918,0.681734,0.49869218,0.047025297,0.48598418,1.9869528,1.7250367,0.55789006,1.7436521,0.08640351,0.010437302,2.248191,0.88692904,0.9165999,0.0140638985,0.21684769,0.056437295,0.7134544,0.6193461,0.22777216,0.6411469,0.06472863,3.3160195,0.32886162,0.23173593,1.5676999,1.2819499,0.04957929,0.60314345,1.2423176,0.52033925,0.3468286,0.14829642,0.5526721,0.2859017,1.9119111,0.31172413,0.21383795,0.121547095,1.1283913,0.0,0.6677282,1.7467178,0.023203865,0.4236166,0.99622107,0.9393298,0.7600744,0.51049864,1.984565,0.025677068,0.36145812,0.23687783,0.042102672,0.8905752,0.026532868,1.6112072,1.3075716,0.1443562,1.184216,0.4958784,0.27801737,1.7421725,0.37658715,0.22534774,0.62644005,0.0141044995,0.02457448,2.6288414,0.12481823,0.5689936,1.8825669,1.414994,0.96501726,1.0559834,0.5855368,0.29075104,0.4065904,0.89357084,0.24559958,0.17983954,0.45372012,0.42712188,1.244817,0.36836255,0.0,0.2794281,0.7250099,0.49610883,0.3705382,0.17748587,0.8340287,0.05417738,1.339676,0.8994805,0.18890604,0.11702247,0.014137167,0.16056535,0.047964264,1.5372,0.07886061,0.049817327,2.141223,0.0978813,1.0197371,0.18308541,0.10962433,0.9644052,0.5318247,1.0132446,0.05564011,0.43117312,1.7713645,0.022905407,0.5069046,0.07009997,0.2990014,0.4830521,0.1420999,0.01563077,0.019861797,1.0255278,1.3895596,0.4387669,0.91457736,0.0292358,0.5077647,1.650963,0.14189945,0.68504333,0.09181655,0.20052771,0.17267776,all_pothole_images\pothole_images_enhanced_e3bab5df9da13ba6e8a37bb65f30be56.jpg
2.7569342,2.5816333,1.7618501,1.8204817,0.6781338,1.7198805,0.9588062,0.087280735,1.9333533,0.24510254,0.09838305,1.4670681,0.93340594,0.3077296,1.1293772,0.82501554,0.457063,0.19305591,0.35554287,0.67246485,0.5561416,1.6316035,0.8722652,0.4713974,0.10151063,0.2421279,0.055238314,2.2642782,0.08675525,0.9911241,2.2076275,0.8690885,0.5700618,0.48368102,0.6344017,0.7637412,0.63191015,0.20828402,1.5391881,0.03536036,1.5167084,0.31046513,0.077111445,0.7110423,1.3002769,0.11973923,0.13489193,0.19564301,0.58674276,0.7444041,0.7327275,0.37849265,0.50693166,0.18444662,0.4062971,1.6476427,0.64562833,0.70230925,2.0844731,0.797213,0.034249708,0.13969567,0.25546587,0.79201734,0.46216676,0.52809316,0.33568338,0.18035845,0.5070639,0.8323064,0.84417117,1.2913184,1.142187,0.90403545,0.7572058,1.7020136,0.9960895,0.85426486,0.11112642,0.41081753,0.59678274,0.2808323,0.04469856,1.4225626,0.65951145,1.3014139,0.07850706,0.31529573,2.76525,0.54888743,0.27062476,1.0724292,0.7304255,0.75798327,1.5815712,0.0743766,1.5769615,0.4889706,0.23493065,0.14406227,0.015700184,0.052245814,0.49393445,0.2174213,2.2152662,0.45798168,0.0436549,0.1326503,1.3720566,0.092540085,0.060237613,2.8254135,1.5723971,0.62529707,0.24384852,0.29620653,1.2989335,0.8236516,0.4204855,1.2103375,1.4012507,0.2964641,1.6335704,0.7327752,0.35932875,0.30804753,2.1935077,1.5081543,0.8634049,0.34211263,0.5308654,0.2147502,0.1358205,0.0042311777,0.30218992,3.6983511,0.07048898,0.52833134,0.38373813,0.20391868,0.5909056,0.5934751,0.35024354,0.63047177,0.52052754,2.0636988,0.054440647,0.36433122,0.53958726,0.81565934,0.9851681,0.80018187,0.06629128,0.1976546,1.5648608,1.4242635,0.36030793,0.4246079,0.9086312,0.3420835,0.6731402,1.0885377,0.24973775,3.5125806,2.253355,0.8580089,0.38708305,0.012456521,2.6560364,0.05947611,0.03899818,0.077650465,0.110131525,0.2690309,2.0510175,0.3261779,1.3367091,0.013044205,0.22031341,1.3846314,0.1658739,0.96134746,1.403779,1.1778475,2.412084,0.427271,0.69804835,1.0943409,0.540513,1.7284986,0.12147132,1.5457318,0.0229745,2.0730596,0.63930625,0.20864964,0.6433744,3.182352,0.8253587,2.9959636,0.0185819,0.4967392,0.99762326,1.2067721,1.1344076,0.8951821,1.571219,1.5581925,1.0007789,1.7819544,0.09345382,0.55483156,0.71239144,0.7025407,1.2893391,2.0401516,0.29392186,1.0072451,1.0369165,0.50106937,0.6259388,0.55087656,1.0849565,1.2436593,0.15693031,1.0448126,2.6080983,0.40094882,0.53246856,0.014831801,0.20666535,0.50990504,0.025245517,0.2543468,1.2313371,0.14777878,0.3341402,0.02840337,1.0026697,0.472575,1.0867573,0.8534387,0.7909335,0.36914107,0.09385119,0.13509047,1.0006835,0.20473126,2.4034576,2.448082,0.4280603,0.40237725,0.8250974,0.07158331,0.6156177,0.0,1.6540738,1.3489252,0.19695467,2.4179244,0.121893294,0.4459655,2.076116,0.3285636,0.79588175,1.1829667,0.3799661,0.31960568,1.9075325,0.55849206,1.5597948,0.11370742,0.011651106,1.1537406,1.5464936,2.0329792,1.3528211,1.4073285,0.44116053,1.1691025,0.0,0.18600537,0.25005034,0.75550056,0.72182214,0.4291681,0.3384004,0.03215165,1.0982506,0.9354144,0.28172663,0.3813963,0.18585478,0.9825801,0.42474264,0.13413356,0.47474962,1.2351766,1.1394905,0.266768,0.6286091,0.12553081,0.3272961,1.0134029,1.6975316,0.016397087,0.66101694,1.3756968,0.22962286,0.01675765,0.06832555,1.0164257,4.60933,0.703871,0.58494055,0.990077,0.010530174,0.99484116,0.8326908,0.984008,1.5483536,0.00047117154,0.029670224,0.6332529,0.711305,1.3570609,0.33299083,0.8079547,0.8324181,1.4425969,6.4375386,0.09620639,0.1046109,0.120702974,0.21683575,0.19390354,0.5541793,0.023018602,0.24229929,0.0075509897,2.0065699,1.6657345,2.34194,0.13785678,0.17636508,1.139328,1.2106003,0.9591724,0.0,1.1293215,0.7360719,1.0308701,0.022506557,0.70359224,0.48389924,0.108677804,0.9065031,0.7968402,0.10662193,0.5538208,0.13899678,0.33850238,2.6215682,2.2736602,0.009467043,1.1214405,1.2584546,0.06039944,0.75444746,0.081934266,0.1867051,2.69816,1.3449012,0.22354126,1.8630437,1.1255467,0.88414407,1.1479632,0.89968574,1.0462283,0.27144474,0.41834682,0.82329404,2.0887368,2.878997,0.88936824,2.0857275,0.09166264,0.48635107,3.7831807,1.3561956,2.9200857,0.18155825,0.6330732,0.24716613,0.33963805,0.669824,1.5388901,1.4784772,0.011176777,2.3615468,0.81350875,1.2707456,0.30997342,0.7656562,0.1475506,1.2141931,0.090293765,0.0025458394,0.5647265,1.5253159,0.6233532,0.44701338,1.0195055,0.0,0.20692419,1.4301041,0.63476855,0.87507665,0.0,0.7508034,1.4969304,0.43117502,0.3858734,0.8931481,0.59186953,0.44928837,2.1526182,0.49571946,1.1149654,0.5000051,1.0089632,0.6281134,1.0808192,0.005612701,4.3007727,1.7972536,0.27545026,0.37442833,2.6527665,0.5649664,1.0789775,0.60412365,0.19883922,0.029130297,0.010352758,0.22806962,0.5317742,0.033632573,0.51714206,1.743481,0.71682006,1.7685955,2.9380424,1.6341671,1.769275,1.298344,0.96937525,1.3518196,1.6479546,0.7140868,1.1020075,2.3451219,0.98918563,1.0236226,0.44773552,0.4824421,0.0,0.6012148,3.0043888,2.1541615,0.17936207,0.67641103,0.65052676,1.7521492,0.7377261,0.5120481,1.8135638,0.063235074,0.8285638,0.18528356,2.678867,1.3420793,1.2885141,0.017204585,0.69748664,1.0694586,0.14436628,1.8545393,0.20798197,0.10963599,0.041420594,0.19833888,0.050626107,0.0,0.013092494,0.17367747,0.028247345,0.19517961,0.5982587,0.64217997,5.5337043,0.69055086,0.6928508,0.4967856,1.1229826,0.1632204,0.58063096,0.0011315978,2.9169211,0.031540982,1.2129003,all_pothole_images\pothole_images_enhanced_e3c2577c00d6335569fe4be3c5b45860.jpg
0.3385926,0.22418496,0.15985784,1.4899096,0.5141253,0.01763486,0.6775422,0.36875445,0.93794763,0.64201194,0.6574669,0.8092059,0.16294393,2.0727177,0.1503106,0.4498098,0.14183745,0.88711816,2.4150944,0.307724,0.0732529,0.92226076,0.13083097,0.26795593,0.8593538,1.6140066,0.76180303,1.1044996,0.17625855,0.06252359,0.99862653,1.2184086,0.301224,1.1065793,0.17114349,1.9079256,0.07258365,0.47719643,1.4554901,0.08416077,0.2145038,0.011629496,0.066616215,2.654922,0.24574022,0.56761396,0.39630967,0.11732639,0.7132961,1.1972,0.7858229,0.1586961,0.16844508,0.24778579,0.47602868,1.3099792,0.79324913,0.18255891,1.3468213,0.009491881,0.14787787,0.29535258,0.14761283,0.01866545,0.73771805,0.70839596,1.1309136,0.105341755,0.9546021,0.27187252,0.05616953,0.4449832,0.16812101,0.2158124,0.3075611,0.4167196,0.6653412,2.4912043,0.76602453,1.2983469,0.03307986,0.31489733,0.71114707,0.29956916,0.7795952,1.094429,0.0574013,0.09622666,2.0544395,0.78532165,0.82345647,0.31203678,0.045489214,0.9840236,0.08238856,0.012490182,0.7713694,1.4820462,0.18771861,0.59534174,0.025174193,0.59058934,0.16828728,1.1190053,1.2161463,0.65545577,0.31176832,0.30457184,0.211402,0.28167018,0.0,1.0275697,0.130714,0.4144918,0.13256724,0.16210574,1.9136305,1.1458966,1.7948732,0.8257921,1.3140349,0.16373034,0.0,0.545102,0.44285524,0.3562051,1.9786322,0.69527406,1.1396413,0.62586427,0.07289323,0.3401312,0.40163988,0.085204,0.20976403,0.9709433,0.6301042,0.082753405,0.031204661,0.1244087,0.06708581,0.3263354,0.46439007,0.15132365,0.10613365,0.3909433,0.008827953,1.1076877,0.56409246,1.2080746,0.6298595,1.7618364,0.26411712,0.75662637,1.7038231,0.8109724,0.63861847,0.09415542,0.36568585,0.70241034,0.7798791,2.1776083,0.25777438,0.13674735,0.50288504,0.679018,0.06254148,0.07357105,1.1702054,1.4889218,0.83157235,0.971846,0.05632221,0.0073404876,1.3874319,0.03328271,0.27031738,0.00673637,0.54047054,0.73179793,0.018185234,2.1082792,1.5599879,1.2312508,2.2467272,2.2069488,0.7576482,2.1825418,0.9185101,0.8794141,0.89132273,0.4226774,0.4907223,1.5090164,0.07216401,0.08025166,2.5134046,1.0884988,0.7276866,0.26837227,0.062154744,1.343334,0.9490177,0.2972192,1.766375,0.56576616,1.0761328,1.2094449,0.9249995,0.2963611,0.074969135,0.52207625,0.39792737,0.017706173,1.4921947,2.752186,0.26777607,0.036814578,0.121232614,0.12324026,0.49809635,1.0226451,0.44547862,0.42888913,0.26712412,0.023731623,0.6505804,0.110692434,1.128788,0.36152223,0.052837674,0.99878985,0.24978855,0.73622143,0.34351888,0.15799621,3.4572403,0.23849548,0.06740474,1.2687533,0.04958978,0.32191494,0.17867923,0.2581932,0.28876635,0.15520881,0.8341049,0.043851145,2.4204998,4.234267,0.2660098,0.6901445,0.37230334,1.0356616,0.13919926,0.3005685,0.33144414,1.457038,0.69602674,1.419735,0.050437927,0.24565615,0.4472487,0.598122,0.65120524,0.19749993,1.601851,1.1686515,0.728714,0.06158646,0.28684196,0.1369243,0.15402168,0.868315,1.6712921,1.062164,0.40705758,0.05616766,1.3410212,0.2808735,0.09468905,0.2594401,0.5254941,0.95698273,0.22253764,1.5753617,0.6778644,0.2360072,1.8263633,0.096093185,0.1500683,0.101399936,0.02577144,0.8764418,0.61306274,0.52590156,0.47372273,1.1016079,0.55693513,1.8396385,0.14255701,0.66018116,0.4914009,0.7193965,5.5613613,1.2215712,0.4404799,0.51803005,0.32745048,0.71740574,0.4797548,1.666739,3.112603,0.64915323,1.264585,0.6135653,0.0,0.27897495,3.6119328,0.16741455,1.1838053,1.0119157,0.75593364,0.36460832,0.4065256,1.2953613,0.29591098,0.22703077,0.19536743,0.28184453,2.7819428,0.5959125,2.2381933,0.035420217,0.24779247,0.1335313,1.617534,0.75080884,0.17650624,1.9775577,0.8332672,1.0468404,1.5694652,1.4236481,0.39278558,1.069887,0.7104755,0.99265695,0.036961976,0.32279363,0.78674024,1.0506092,0.7342698,0.4187499,0.06597632,0.24879323,0.5820958,1.1971809,0.7808562,1.3646479,0.43208387,1.2200706,1.8269992,1.3069766,0.16853406,0.70846844,2.188408,0.0028819712,0.17546062,0.29195976,2.439207,0.8439861,0.45972425,0.18193863,0.38650897,0.30246338,0.23097818,0.12023233,0.41604337,0.66996,1.0366627,0.2437669,0.65442455,0.55194825,3.0703156,1.329055,0.7737435,0.0265299,0.19561459,2.1814096,1.6670893,0.8696925,0.8998735,0.1733061,0.3090082,0.038593385,1.0022585,0.5389368,1.794457,0.30728573,3.9493818,0.2366848,0.5716066,0.5353822,0.7225739,0.094771035,1.0571227,0.09650529,0.07227829,0.26907018,0.73931247,0.70669645,1.1458564,0.38396415,0.10819362,0.023798276,0.34810492,0.38829407,0.8177649,0.14058083,1.1970583,0.3300705,0.9001797,1.5737485,0.090467215,0.047924917,1.0407498,0.9321494,0.043109823,1.1418581,0.43590015,0.17221087,1.3491142,1.1367611,0.7750687,3.087038,0.6216159,0.88253605,0.004245176,0.6344286,0.6885263,0.29825217,0.24001627,0.30313078,0.7810549,0.02288116,0.03574121,0.12454254,0.36126682,0.88357913,3.385536,0.36637905,0.9289236,1.9939095,1.1238081,2.396792,0.08896793,0.6602061,0.37303498,0.5592736,1.4240617,0.23799413,0.69526964,0.082780674,0.65503365,0.45611665,0.9443026,0.004682428,0.20920941,0.24265242,1.4716382,1.505067,0.0,0.61427826,0.6758176,1.0682676,1.0442047,1.1320932,0.535442,0.012669016,0.14161614,2.982395,2.1618123,0.08185982,0.12137097,0.26103884,1.0079488,0.37220687,1.0654339,0.17655025,1.2352382,1.7581724,0.56220174,0.10784268,0.024667853,0.09008472,0.00041698158,0.5637437,0.20480111,0.1949625,0.4104911,3.6248784,0.6483205,2.4676554,0.6426162,2.835017,1.9171824,0.26886293,1.1644894,0.38372487,0.032848302,1.4627573,all_pothole_images\pothole_images_enhanced_e3d3df4dbfee20d34ebdfd42ffff0002.jpg
0.47247618,1.7172965,0.87591606,0.8521792,0.057098817,0.64300215,1.0828004,1.3667213,0.31585002,0.7796631,0.7249737,1.5700513,1.3910751,0.68974316,0.36858207,0.3050912,0.47100592,0.1771849,1.0544785,0.29895094,0.22151555,1.824532,0.44276693,0.38491097,0.04489149,1.0507385,0.15783536,0.69111997,0.38530794,0.7962606,0.9321231,0.2601348,1.4736916,0.12736955,0.7549188,0.9983625,0.38440582,0.75952077,0.16324669,0.89722705,0.6897031,0.10896342,0.3221751,1.8889879,0.4278763,0.33387998,1.1384921,0.18708512,0.5809963,0.9896036,0.98010284,0.49405047,0.49562836,0.24341254,0.0801559,0.8740562,1.0458884,0.36924222,1.357022,0.28787133,0.49820653,0.19517314,0.23993413,0.29914892,0.74730843,3.021572,0.947771,1.6913407,0.10846033,1.6264224,1.5624412,0.5539637,0.53831387,0.21569851,0.33530962,0.50110406,0.3939227,1.5692286,0.0039815325,1.9494326,0.6784023,1.6350625,0.318447,1.8539059,1.0632821,2.5425277,0.070992365,0.1285908,2.4361606,1.4328463,0.3826202,2.1593153,0.42975238,0.041231442,0.098421745,0.123372465,0.8008902,1.1778861,2.4977875,0.47608316,0.38086727,0.9185761,0.22947426,0.5658273,1.0073086,0.60064113,0.93266624,0.35508245,0.42129198,0.65578896,0.07353362,2.356047,0.49177718,0.18748988,0.13674608,1.962573,2.25267,1.0085335,1.5681021,0.8232423,1.273511,0.120205596,0.098093964,0.41880766,0.56382877,1.025918,1.392867,1.0282028,1.2991266,0.4088368,0.8913547,1.036787,0.0863214,1.0263863,0.14710854,1.2618214,0.0793928,0.7683272,1.2894012,1.2217623,0.5991343,0.49818522,0.65486866,2.9589257,0.2871205,0.10443234,0.50328904,0.5209193,0.42719486,0.28800982,0.6690456,0.49701378,0.17595828,0.6666621,1.0042667,0.13088773,0.35891855,0.03378096,0.53247416,0.30318654,0.5312592,0.22794574,0.19851209,2.6686609,3.9345565,0.95363504,0.4579421,0.11617359,0.71800107,0.062360063,0.23838751,0.14744373,0.84835464,0.9756221,0.8194502,0.04702651,0.09374056,0.1924104,0.049657326,0.17253627,1.0461222,1.7692788,3.0027444,0.6163092,1.5703695,0.57316804,2.008037,1.2352823,0.24906747,1.3481115,1.1522468,0.583535,0.23622198,2.0685637,0.7508024,0.015067582,0.3786423,1.4625506,0.06980681,2.143224,0.047356468,0.84756684,1.3545737,0.6713651,1.3717413,0.6100096,0.7751887,0.9845109,0.33829993,0.23375075,0.002846671,1.0398959,1.3455894,1.4044183,0.52978057,0.63543445,0.3368472,0.2830401,0.23523414,0.34210917,0.9508317,0.7238959,1.5987672,1.65127,1.0560913,0.1979908,2.4720635,0.31310767,0.53211325,0.10924805,0.12686375,1.4200735,0.72520375,0.9330486,1.6593028,0.23769347,0.71998274,0.0,0.050020684,0.038674485,0.7174904,1.7920028,0.039056875,0.40354958,0.27727622,0.12923583,1.4872212,0.10931222,1.4706945,3.0255213,4.2201457,0.7552031,0.5022618,0.6675837,0.10589861,0.2965258,1.9701484,0.21103516,0.8944988,1.8918809,0.59697735,0.31305176,1.5116366,1.017648,0.15326934,0.7577932,1.6130778,0.9203935,1.7896545,0.26408282,1.8121954,0.2764624,0.005372231,0.5168037,1.3099309,0.8008166,1.3161824,1.4025906,0.07472198,0.69092953,0.73005366,1.3162196,0.52935976,0.44474658,1.2682517,1.1108565,0.6392809,1.0613164,3.1079564,0.79520726,0.39518854,0.46698767,0.4008217,1.3205984,0.41103938,0.7610201,0.2119149,0.5361453,0.28736296,0.29474425,0.083473966,0.31960526,1.0236988,0.5695353,3.8913324,0.16665626,0.047157627,0.4141347,0.5873386,0.36504808,2.0671875,0.7896904,1.6966528,0.76243365,0.3690103,1.5542145,0.016710997,0.39649376,2.5377553,0.65394807,0.2427298,0.47428668,0.15171963,0.9146742,0.666144,0.7778075,0.33226433,0.10219906,1.0770037,1.641572,4.083539,1.1363497,0.44386175,0.4631659,0.20482622,0.32607654,1.2994679,0.5543698,0.0013854576,0.17654166,1.1735941,2.3977697,1.2142626,0.25382784,0.6882201,1.3470978,0.28814307,0.2456763,0.012548268,0.640478,0.9776299,0.9556305,2.2755547,0.27639753,0.6114543,0.09987395,1.2753712,0.4936336,0.8606801,0.9298851,0.44595632,1.2017182,0.59505135,0.21515754,0.0,0.8223989,2.1140141,0.7191457,0.702899,0.34865433,2.4762104,1.4028952,0.6403655,0.04255823,1.6189151,0.4462849,0.07609307,0.8993633,1.0837349,0.6986247,1.224314,0.71580637,1.2838608,1.8894145,2.6522648,1.750024,1.7800616,0.20306006,0.31180817,2.1002984,0.92583346,1.7735506,0.14146511,0.3583018,0.4532041,0.31691685,0.4103185,1.3704554,0.77380204,0.019584408,5.525678,0.5680984,0.5643998,0.9114829,1.0119681,0.2067826,0.6584915,0.4734377,0.025721697,0.14236885,0.22282895,1.1660498,2.145257,2.2956364,0.5510768,0.5970371,0.5207558,0.5003138,1.2181381,0.47195938,1.7131503,0.7412937,1.401987,1.3372395,0.54243135,0.9502955,0.15301439,1.8579154,0.7399032,0.9261688,0.39593995,1.0574439,1.590545,2.1081283,0.25281796,3.0247316,0.9992405,2.3762786,1.5792913,0.7071544,0.47489896,0.5886297,0.2036601,0.0,0.39553544,0.46199954,0.3980647,0.12407371,0.11869248,0.8102364,0.37694338,0.16095762,0.50911456,0.9234627,2.1468775,1.0828376,0.28142723,0.7007541,0.68082815,0.938243,0.9449181,1.5972017,0.74503773,0.15865077,0.5578375,0.45937628,0.13561346,0.100704126,0.53195417,1.3937492,1.7252072,0.79862756,0.48718572,0.15328181,0.59735197,0.9367586,0.19519027,0.3199973,0.75027514,0.027762469,0.5783245,1.4026781,1.6458746,0.914926,0.08982193,0.90243375,1.9414465,0.18398413,0.7578941,0.067968145,0.49335402,0.55318654,0.5279512,0.24663685,0.9300738,0.16856046,0.35991734,0.21579854,0.7954447,1.8759806,1.0495099,4.074011,1.0447195,0.4466748,1.3747802,1.1513432,0.052059595,2.080165,0.26646042,1.8939557,0.34819677,0.23245159,all_pothole_images\pothole_images_enhanced_e3e430baeb39b1120ba108a59c72d2cc.jpg
1.3676884,0.2696308,0.637009,3.0562775,0.46199968,0.88337994,1.3541459,0.37664607,1.1628398,0.86639154,0.16961396,2.0871708,0.027833534,2.350759,0.008847161,0.69659734,0.0,2.1945927,0.23689118,0.06650043,0.5648173,0.18831699,1.5761663,1.0350649,1.15743,0.20445132,1.1991848,1.6564769,0.6729964,0.32350135,0.0956236,0.5991661,0.83760387,1.3338466,0.2907784,1.1057533,0.33953822,1.3698748,0.6187151,0.2951837,0.16041024,1.9353418,0.54147846,0.506452,0.56616175,2.2488134,0.9826661,0.0015054739,0.35016063,1.3890834,1.1552534,0.73903936,0.10312071,0.09390197,0.130421,0.74653625,1.4045671,1.0257015,0.55083907,0.28192157,0.4513109,1.0501864,0.5694431,0.19593893,2.7371097,0.24284638,0.16370063,0.6890794,0.3066726,0.34788325,0.118332386,0.22070943,0.2925683,0.21904309,0.24506022,0.68668455,0.36764812,0.39289653,0.0,0.2102363,0.600508,0.07701414,0.23162772,0.3635135,0.73584723,0.22912171,0.23930088,0.041486505,0.7859221,0.26957908,0.79756033,1.1458751,0.03896057,0.2722176,0.43057856,0.09932877,1.4931016,0.71443594,0.31156412,1.1995696,0.115159206,2.9384615,1.0819054,0.36623928,2.652606,0.3746381,0.45464265,2.975231,0.73241764,0.5095084,0.4001852,0.48177674,0.34458256,1.225396,0.83932835,0.82515484,0.42065576,0.12179669,0.683896,1.0108199,1.3741064,0.34800383,0.6283926,1.9565842,0.51478654,0.34726912,1.4989169,1.9417067,0.6297905,0.057811365,0.42113176,0.8677539,1.1336756,0.800659,0.04881428,0.4279222,0.15311486,1.9217165,0.32586822,0.050816935,1.1563106,0.40257543,0.38920102,0.7538283,0.31149903,1.335102,0.83739597,1.0837313,0.19914591,0.2647572,0.1861014,0.056125313,0.040321704,0.6924605,1.5608969,0.22671619,1.6211336,0.03740352,2.2644744,0.76987916,1.9301844,1.1257722,0.5826131,2.1752586,2.4000173,1.5873327,1.7161827,0.7744451,0.99263155,1.5623369,0.5832087,0.32066965,0.017111327,0.31657314,0.12437589,0.3758601,0.10504516,0.003074807,1.1996601,0.54932094,0.0069498224,2.297032,0.55679494,0.73572946,0.8239663,0.2918548,1.3261762,2.8952565,0.2125299,1.1498921,0.76764894,0.4224203,0.34824425,2.4635367,1.3059884,0.090317786,3.256051,1.1745069,1.6838635,0.036359247,0.7523308,1.2590654,0.21133035,0.039991952,0.34347355,0.6878329,1.8035204,1.0368981,2.3615975,1.9053173,0.001708965,0.08396746,0.7038804,0.50815403,3.054361,1.6050135,0.34794673,0.53053945,0.17877223,0.34762752,1.5207673,0.23262312,0.51230323,0.007170185,0.2557659,1.6931415,0.26750597,0.06458246,2.2168446,0.05819839,1.4337693,1.6563272,0.1710699,1.1167827,0.80280435,0.0,1.3180654,0.280711,0.99095976,3.0100758,0.06410672,0.019331379,0.3008084,0.1181429,0.43441367,0.20563732,0.14208664,0.1668932,1.3336293,4.2509484,0.5438634,0.6848957,0.040684197,0.5935539,0.21920021,0.42505512,0.58402,1.1144048,0.90326357,1.904941,0.54399693,0.10368352,0.0036995253,2.0013237,0.004096006,0.11983372,0.52531254,0.68889564,1.814411,0.27980626,0.41566077,0.040572107,0.1626529,0.33053824,0.55395323,0.03448349,0.60560846,1.0793198,1.1507031,0.92117923,0.17336166,1.0093789,0.26329443,0.73266023,0.024419565,0.8410365,0.3926749,1.8864299,0.48136294,0.76704913,1.0197148,0.53355294,0.6094859,1.0279471,0.25489792,0.27053666,2.093749,0.13403237,0.14810574,1.290862,0.38595918,0.91236967,0.5669319,0.7544571,1.3255088,0.42255354,0.0733581,0.019267054,0.042996105,0.50741017,0.6723762,1.8042079,0.73111165,2.168758,2.5746038,0.17902565,0.023277175,1.3612022,2.9584239,0.4591659,1.4651794,0.23194268,0.225284,0.34826687,0.046473492,0.72792953,0.017526213,0.75527906,0.34853113,0.6619426,0.8005352,0.0,0.30036932,0.22468472,0.29761147,0.012468395,2.6881196,0.61562943,3.1703618,0.9915244,1.207092,0.38246205,1.0397247,2.002637,0.17837182,0.32817155,0.32312608,0.7098273,0.014185263,0.799359,0.9017714,0.10441379,1.0956004,0.4040119,0.6682995,0.71244514,1.1904306,1.3882622,0.19305782,1.1181643,2.2355056,0.45776486,0.90675586,1.4781463,0.37993482,0.5552409,0.9180922,0.046981398,0.42773366,0.47352272,0.8319891,0.18832073,0.79148024,0.70826876,0.6504039,0.21229203,0.58559203,0.68844837,0.29196262,0.52797955,0.78217274,0.03736959,0.3792482,1.0048687,0.40879342,0.19468583,2.0090475,0.07202082,0.63031363,0.8927799,0.22076525,0.14755535,0.18573265,0.07709328,0.039627917,0.8476408,0.38639927,0.5498376,0.63975215,0.036684487,0.40990853,2.8423343,0.36585823,0.043902203,0.6728503,1.1474072,0.8283537,0.33430853,0.13856493,0.047725506,1.3288381,1.2020534,0.24355263,0.5671008,0.20004335,0.16231069,0.6302531,2.2761202,1.1781234,0.23357782,0.299823,0.87606657,0.6701731,1.9600241,2.5297093,0.1009977,0.38321507,0.9358063,2.348223,0.59136593,0.4304997,2.043637,0.26741514,0.48149562,0.40077832,0.5260501,2.7004085,0.5357699,0.40875998,0.7928903,0.90531415,1.140852,0.30433807,0.074199304,0.050689336,0.009870806,0.3032847,0.1927332,0.29483712,1.0484577,3.1442335,0.7159063,0.19291337,0.41572943,0.1219896,0.27764007,1.2898167,0.07111919,0.35369235,0.70220333,1.0579959,1.75722,0.18347788,0.19821846,1.2735318,0.36318275,0.13078025,0.27875853,1.4892858,2.4051354,0.880717,0.88360095,0.0,0.55995584,0.55635667,0.0,3.2298362,2.8705952,0.5327498,0.12035103,0.5678578,1.7838614,1.7289429,0.80045176,0.014703713,0.37429294,0.56835043,0.027637247,1.1590992,0.4017065,0.37134126,1.0544285,0.105130404,0.8200417,0.27867463,0.09975155,0.37351733,0.23978405,0.0,0.17585586,2.204432,1.6846148,0.26279113,0.090506166,0.60142845,0.6104656,0.28390852,0.0022008854,0.22135337,0.39117104,0.14797744,0.2188248,all_pothole_images\pothole_images_enhanced_e3f72ed211216b9901cf3b7bb9384b9f.jpg
0.036327455,0.02958647,0.117416285,1.402198,0.95024735,0.008052963,1.2164949,0.0,0.590976,0.5841213,0.22306122,0.24765317,0.004016276,1.29381,0.10654177,0.05001297,0.4200334,2.3827686,0.47441104,0.103562936,0.8729961,0.00090080575,0.5812328,1.1434071,1.0390238,0.103615895,0.03312441,0.9390243,0.08729096,0.045200285,0.17871086,0.2422108,0.31801516,0.9068672,0.20581302,1.0052235,0.0028518816,0.14987119,0.17638482,0.09869003,0.0,0.045088418,0.0018872062,1.0344735,0.0017438377,0.5203881,0.05073384,0.10827599,0.7705686,0.9729514,1.2640915,0.36454913,0.07568547,0.100485586,1.9271581,0.13226834,1.0477864,0.93791026,0.46830958,0.280738,0.05821767,0.018315423,0.04276829,0.028893411,0.25038585,0.28213397,0.016699798,0.124928795,0.047965582,0.0,0.07299951,0.3135736,0.8140872,0.045571208,0.6097101,0.00055129145,0.10484951,0.43505874,0.0,0.67346865,0.05918999,0.6602814,0.5691194,0.48759958,0.7468063,0.00087136554,0.12933978,0.34140858,0.16218197,0.045928244,0.7228974,0.19683303,0.027577823,0.14422174,0.11572374,0.16691747,0.8462167,0.7279652,0.20168667,0.121873416,0.022764318,2.775822,0.69121665,0.015999809,0.9288971,0.5827982,0.536853,0.15081364,0.18912795,1.0943127,0.032103337,0.24612339,0.12845309,1.151913,0.15708497,0.44472137,0.15351373,0.4737901,3.537909,0.92897445,0.13397208,0.5034327,0.067222334,0.78299004,1.013215,0.3981963,0.6598084,0.027990412,0.19739889,0.0248124,0.37792352,0.05771721,0.13297448,0.10363833,0.0,0.22642659,0.0033212954,0.07355798,0.000680741,0.043140624,0.4070677,0.01520499,0.7268909,0.4858968,0.019769209,0.015022185,0.024398306,1.321433,0.598869,0.067488745,0.14635727,0.2833159,0.23740861,0.04826826,1.650149,0.06128418,0.50830066,0.1087355,0.99262923,0.3127727,2.916557,2.5629725,0.093224846,0.06873285,0.10354672,0.10010614,0.27490863,0.076502934,0.7930978,1.779334,0.26102284,0.024517005,0.22078203,0.025955392,0.24777433,0.17160773,0.0,0.0,0.60603833,0.0,0.0,3.512159,1.6379238,0.4057652,0.6797687,0.11227977,0.5743942,0.26110837,0.67148185,0.5741116,0.81616616,0.0,0.47845498,0.90274036,0.39944118,0.090310805,1.0060555,0.30498266,0.1497496,0.25408158,0.0035805474,0.7181502,0.34759855,0.6829107,0.24901076,0.054799516,0.2625156,0.26632503,0.83636504,0.7497274,0.0,0.02902193,0.5319753,0.067503795,0.5005574,0.040035285,0.7156334,0.0,0.006822872,0.81194454,0.045948617,0.13666518,0.9575549,0.23596747,0.00044590962,0.010731094,0.038060527,0.008394066,0.780717,0.12130554,0.07961738,0.0004967652,0.39142916,0.064640686,0.15893124,0.1682951,0.43872857,0.32678148,0.15085407,0.036105838,1.1225077,0.08462439,0.042953257,0.02595773,0.0,0.054380156,0.070856236,0.22327586,0.3297675,4.227145,1.8200119,0.3134606,0.019240333,0.18009606,0.07223779,2.1124008,0.005878187,0.32290283,0.17277324,0.15382846,0.03547389,0.19834322,0.008256022,0.828149,0.05441623,0.1596548,0.3944528,0.7212057,0.47460255,0.07548721,0.16366917,0.0,0.31685144,0.82685214,0.05248129,1.0791224,0.014532054,0.09317798,0.4001568,0.22942485,0.46392164,0.11070849,0.020238498,0.0002833395,0.00027641046,0.19130777,0.13761042,0.054465186,0.09286728,0.054433137,0.42090034,0.6081616,0.0065280865,0.99532,0.05643028,0.3473287,0.48712134,0.3662996,0.0,3.2396646,0.13194428,0.052706383,0.06122365,0.06576908,1.4841911,0.015015957,0.20996958,0.019728692,0.28545883,0.83300257,0.7338135,1.0955528,0.03530676,2.8973017,0.31792083,0.2949448,0.0,0.55302,6.4901977,0.0,0.6500543,0.01107839,0.18014012,0.1551199,0.008429775,0.08661381,0.17770113,0.1830349,0.117281504,0.0,0.11961501,0.06422237,0.04103299,0.10725966,0.019124448,0.041612152,2.9449189,0.05987311,0.0,2.2064395,0.79910105,0.0,1.1069663,2.1171966,1.7924013,0.04311289,0.12600707,0.49237013,0.058745362,0.0012981046,0.0038477257,0.17098632,0.16986783,0.00015349625,0.007404395,1.4842563,0.025094375,0.06318569,0.09261172,0.7067178,0.28459364,0.1115797,0.3491426,0.22949909,0.035440676,0.041731264,0.28399426,0.4111406,0.3383091,0.05385015,0.14871572,0.28033784,0.7260344,0.100833304,0.6098144,0.6151481,0.3691204,0.18353389,0.06840249,0.025508389,0.40242463,0.0,0.0014247348,0.31835738,0.6801318,0.06014344,0.44614798,0.0020015626,0.0,0.23501892,0.3995693,0.1775216,0.21406904,1.6237198,0.0,0.015287149,0.041930966,0.02150477,0.31106877,0.01190055,0.00043273947,1.5120459,0.5540726,0.10671237,0.007742541,0.0,0.09005637,0.4984801,0.61456245,0.044005334,0.1448004,0.3748195,0.11888402,0.38962376,0.027908385,0.1646307,2.319764,0.0,1.0933064,0.0,0.6933135,0.9344826,0.022437463,1.6421148,1.6004843,0.10801154,0.6509474,0.14148311,0.00024514296,0.13961086,0.28883836,0.10708496,0.10397423,0.30713457,1.7585113,0.25694028,0.9169168,0.00822367,0.12407657,0.199224,0.4373889,0.0,0.06812858,0.09723933,0.31188458,0.18898451,0.13339597,0.0007995564,0.0019230825,0.40135193,2.7421863,0.038471755,0.12967098,0.26366544,0.20679888,0.73287433,0.16872384,0.10215648,0.0,1.004538,1.0357734,0.13682622,2.1913314,0.043959163,0.41227356,0.03245745,0.19176257,0.18402885,0.2578957,0.31332153,0.9797231,1.4966227,0.0,0.08843989,0.7185426,0.11135187,0.21074092,0.13401149,0.060587715,0.0023286168,1.4758621,0.45967528,0.73676485,0.32661352,0.42798683,0.033132397,0.123071335,0.041565534,0.56289136,0.0,0.024222262,2.5517702,0.17333414,0.29847288,0.0,0.47853392,0.17027737,0.0,0.0,0.012797047,0.7266754,0.5252559,0.8563972,0.19894029,0.04452525,0.9036007,0.77959746,0.028306523,0.057641763,0.054370627,0.15446226,0.08924147,all_pothole_images\pothole_images_enhanced_e41726a894deb81453dab6484277d8c4.jpg
0.7621377,0.81424445,0.29422736,1.3954011,0.32088128,0.12674868,0.71372235,0.06209814,0.23047705,1.0987787,1.3214909,0.425767,0.6301811,2.2585647,0.018765824,0.13770969,0.00508344,1.8758967,1.5340679,0.0866532,0.54000944,1.5164955,0.30355018,1.7469081,0.69561064,0.34025517,0.24612287,1.0870296,0.08346572,0.11909442,0.7283509,0.848608,0.031052131,0.4056369,0.4053355,1.0546877,0.22503157,0.36382574,0.8393697,0.42444372,0.71641266,0.17288579,0.12756604,0.923127,1.7458218,0.30281177,0.30807889,0.17252529,1.2247498,0.7231047,1.02349,0.18826583,0.9354618,0.07205046,0.7657829,0.93893087,1.5185536,0.67797494,1.0754029,0.374975,0.14715658,0.14641483,0.34992746,0.27563146,0.45235753,1.5936713,0.54430985,0.014301853,1.2498245,0.93263,0.34821865,0.71974903,0.40276173,0.16950862,0.372939,0.70893127,0.09595646,0.18385921,0.28795317,0.82002103,0.0,0.2682029,0.59717256,3.0451212,0.47718436,0.39792228,0.29341283,0.17831363,2.6504333,1.2432204,0.3237796,0.35001755,0.14653708,0.7836113,0.23339057,0.1091232,1.0264022,0.78747344,0.122700565,0.071451634,0.041727483,1.743683,0.49243933,0.68220824,0.3554876,0.8249993,0.4430841,0.0,0.1368782,1.0660565,0.029835487,1.5590085,0.4307301,1.4551793,0.08073681,0.22620457,1.7880809,0.5004542,2.9625065,0.22072624,0.62988347,1.4491076,1.1782573,1.0373799,0.08096156,1.8669238,0.30535495,0.2672385,0.570609,0.2147894,0.505613,0.0,0.4190247,0.27281538,0.38556647,0.9176193,0.09328331,0.13483253,0.8712054,0.6174027,0.91248614,0.6733727,0.058175858,0.8039954,0.04160667,1.1035044,0.0026455014,0.93567973,0.4913196,1.0170468,1.016633,0.8513845,0.036091287,0.11024181,1.2245255,0.27915886,0.5719384,0.8745494,0.6710505,0.48341578,2.9991329,2.6536224,0.17295744,1.2612896,0.21582031,0.028513389,1.2384754,0.04981688,2.025297,1.7842678,0.3944443,0.041784216,0.012794388,0.07264586,0.74342483,0.43862638,0.58669436,0.054707907,0.23105669,0.6448087,0.009519469,1.9122087,1.5599123,1.0178206,1.1449373,1.1542317,0.5731336,0.27354562,0.7380549,1.1261752,0.268321,0.7051133,0.22108291,0.97353566,0.01182028,0.28263444,0.54472077,0.6932625,1.2276216,1.6490796,0.18901712,0.720916,0.2383937,0.31421366,2.0118866,0.21148573,0.42059404,0.36746863,0.80203694,0.9925014,0.011849085,1.0599754,2.595322,0.06950199,0.46665788,0.86092174,1.7063274,0.24981442,0.7010331,0.3235766,0.5477862,0.8324774,0.9883536,0.26181397,0.28437185,0.014996331,0.6260663,0.36403757,0.63372064,0.49619305,0.076086745,0.3201441,1.012514,0.17371206,0.11360504,0.08158269,1.027744,0.1827713,0.0965327,0.04784146,0.46624592,0.039007038,0.35704857,0.119241826,0.08278049,0.016219985,0.7679258,0.114693485,0.8949807,4.85278,0.73715425,0.03423083,0.41678852,0.1505651,0.23698698,0.56018955,1.6480856,1.3193645,0.3284078,0.68108296,0.035705183,0.73529214,0.52204174,1.0125504,0.006023447,0.46915933,1.1115018,0.42673677,0.6588569,0.11247385,1.4532751,0.4728609,0.16165018,0.90313685,1.0566503,1.4140373,0.53404844,0.87184143,0.64640415,1.3072344,1.0739479,0.03562313,0.6096285,0.7606423,0.73243666,0.82399035,0.7790733,0.23455584,1.1382431,0.40564376,0.30307502,0.13550949,0.0020039468,1.0032054,0.46432608,0.19444607,0.8263118,1.0500069,0.47354484,1.876311,0.48001143,0.110712186,0.20603187,1.0796267,4.263984,0.2529136,0.112974554,1.6306907,0.20946378,0.15639587,0.7484805,0.69445276,3.6869612,0.8090275,0.14555044,0.07529244,0.24127294,0.97867686,2.9860473,0.016569436,0.6325422,0.034869567,0.10021915,0.08629885,0.9072525,2.0225859,0.74368495,0.6137579,0.7467283,0.24224634,2.0222085,0.47887886,0.21568687,0.35813737,0.0,0.62440974,2.0576499,0.0,0.4115912,0.111431405,0.36243197,0.5996274,1.675695,0.6604519,0.42811182,0.5020447,0.27259436,0.16019732,0.27895257,1.2520825,0.05188869,0.98482245,0.0480513,0.26686433,0.027901364,0.1427641,0.20668192,1.5099632,0.31269234,1.5955813,0.17966665,0.10865728,1.3518906,0.05683386,0.075639404,0.13376509,1.0297238,0.5503996,0.19464067,0.9039145,0.32229495,0.71728677,0.8453143,0.121535376,0.5515281,0.9348827,0.20289208,0.07299293,1.0122701,0.7616188,0.3161031,0.003687738,1.2119623,1.3336385,2.5962076,0.047578193,0.5194673,0.0,0.2552951,3.3013082,1.4500262,1.1088177,0.0,0.1491485,0.058562715,0.26947507,0.15783797,0.93606776,0.65568906,0.06306791,1.8678449,1.3652258,0.49711967,0.5383091,0.882739,0.008735245,0.286851,0.8121369,0.043628786,0.08643086,0.4812994,0.23913069,0.4608803,0.48657227,0.0,0.118661955,0.39411798,1.2670985,0.41714942,0.20373842,2.0931482,1.0248408,0.66344184,1.8757703,0.7972438,0.07538553,0.3385029,0.6025835,0.048262358,0.7095254,0.32525602,0.1099332,0.23599507,0.1999822,0.34947166,3.0591185,0.4510161,0.30446526,0.07216409,0.024694618,0.93955475,0.07417743,0.101257846,0.60388654,0.53295493,0.18767014,1.6796072,0.71486497,0.41996858,1.3156251,1.834541,0.47791442,1.127881,0.95366913,1.2044001,2.0379117,0.45549056,0.4882901,0.06173746,0.21309109,0.60016984,0.22873037,1.6895401,0.11265661,0.23650539,0.18805169,0.2894152,0.007345446,0.5878926,0.46211287,0.73715436,1.6520612,0.09597639,0.29842857,1.1208882,0.5769197,0.015792158,0.3383006,1.0917686,0.057097327,0.13172829,2.1859477,0.82069165,0.21913259,0.14476496,0.074882485,0.47287583,0.09498663,0.9174932,0.015550089,0.9173163,1.031211,0.0,0.086161904,0.0,0.5514726,0.13396387,0.71022666,0.14660606,0.0,0.31067008,3.0561285,0.019599522,0.9338875,0.14761776,0.23428792,0.8843486,1.1487428,0.29800466,1.374854,0.09610014,1.0208449,all_pothole_images\pothole_images_enhanced_e456bcdbb458092a1fc01366f42e032c.jpg
0.16418475,1.7066357,0.46979028,1.0083951,0.35097262,0.53113973,0.37353542,0.0481761,0.23089513,0.5198737,0.057933558,0.25205815,0.527707,0.3090864,0.03909661,0.055159267,0.22539262,0.9084503,0.9066261,0.032366578,0.082584426,2.1408496,0.8695023,1.3658895,0.0029189978,0.021957777,0.04524581,1.2590622,0.13728142,0.41881716,0.9051229,0.23161891,0.14763908,0.78188807,0.657689,0.6551531,0.8176694,0.35443038,0.44116095,0.19284347,0.0,0.0028314127,0.24010985,0.7983221,0.63710225,0.16350879,0.23795275,0.011744743,0.110548735,0.31431317,0.61201006,0.065092675,0.5126379,0.3111995,0.1287166,0.49444112,0.10900038,0.15129206,1.1270995,0.24664514,0.5552437,0.011003077,0.30370697,0.1965792,0.742666,0.5754665,0.38082775,0.02095111,0.7178235,0.72000986,0.081862904,0.77672344,0.111755975,0.017213607,0.49333987,0.54069144,0.16344696,0.07879023,0.30817747,0.089788005,0.11392561,0.388017,0.1184667,1.8361131,0.595557,0.6372874,0.3463665,0.31737435,1.6794567,0.6297004,0.13987397,0.3826771,0.038359184,0.26103973,0.024362382,0.13862705,1.8048846,0.2379354,0.108379476,0.0,0.52005917,0.90796775,0.16656348,0.19067118,0.62369716,1.0078148,0.16838443,0.13281095,0.16327827,0.5253388,0.062044185,1.9627631,0.34153193,0.9164084,0.009927627,0.0056821057,2.3845556,0.5738925,0.55974805,0.6863383,1.2913122,0.8737268,0.73397624,0.1875728,0.16682352,1.5313344,0.08020884,0.15850246,1.3793304,0.35558754,0.88152695,0.009290588,0.48587728,0.043688633,0.1400119,0.5230935,0.39186984,0.1034454,0.40389696,0.0,1.1875979,0.4469171,0.045851104,1.5658463,0.06325338,0.5247943,0.23335496,1.0221039,0.79260063,0.765415,0.8362405,0.42711782,0.096557476,0.38170445,0.88075536,0.52184194,0.3968593,0.04702851,0.12657231,0.16382977,3.9006379,1.2634104,0.23640206,3.1279776,0.008833101,0.19996242,0.08600306,0.07802109,0.5635282,0.24117644,0.35340393,0.09049312,0.020599503,0.110211916,0.39535967,0.4188978,0.1789982,0.0,0.14750859,0.23974301,0.21492895,1.335843,0.6969239,0.32280502,3.0287175,0.3076191,0.18639648,0.083199285,0.18385042,0.17222564,0.21241617,0.5730426,0.22137675,1.2690102,0.13419376,0.011966694,0.21707517,0.5112359,0.39687845,0.4867962,0.34319648,1.2055324,0.64305776,0.6445734,2.5164049,0.21039174,0.3454257,0.41647503,0.84207404,0.18748061,0.0063974266,0.028610818,0.8648843,0.03884409,0.078126125,0.74079114,1.1111306,0.33419144,1.0487795,0.11503846,0.37120512,0.96625644,0.5467451,0.5981616,0.03187695,0.366351,0.5156985,0.0,0.58050126,0.11796895,0.33135363,0.31172377,0.16111796,0.068867475,0.1045806,0.08791383,0.3550752,0.24559097,0.25651675,0.07316719,0.14475645,0.00532861,0.661825,0.017132007,0.030432107,0.12192943,0.68733245,0.17345531,0.7835692,2.0131514,0.38935307,0.08952887,0.5528994,0.084827624,0.01010376,0.20298642,0.9217765,1.0551368,0.09008895,0.25785384,0.23406118,0.105130084,0.0,0.6496647,0.13831563,0.7012423,0.05233268,0.41958508,1.7677385,0.71748483,0.06573132,0.19596075,0.0044774795,1.1959337,1.036588,0.9015297,0.49264026,0.048150383,0.40068397,1.070717,0.8518814,0.153854,0.17075971,0.06674788,1.2628046,0.5225604,0.20272344,0.31973955,1.2759981,0.67129743,0.38139817,0.0,0.09413198,0.4583087,0.2668068,0.08039377,0.780441,1.8018796,0.6584012,0.060452454,0.8827767,0.6820943,0.11515567,0.17409937,3.6920097,0.03009795,0.0484414,0.9434056,0.0320053,0.10882922,0.6110334,1.663057,4.7181287,0.6026627,0.14018014,0.21868007,0.002118184,0.21884719,1.062913,0.022617308,0.686846,0.14741509,0.044458963,0.6466371,0.34984097,0.41941965,0.9686591,0.039378695,0.286427,0.20290126,4.801153,0.18730249,0.07434042,0.14945176,0.00088437594,0.16040017,0.19034526,0.10601926,0.0,0.105931036,0.1910976,0.7249191,0.80517554,0.05733783,0.105713524,0.20840932,0.14454995,0.36924985,0.6373714,0.6766744,0.48305768,0.8956866,0.06619941,0.045218583,0.066786304,0.07892476,0.075839706,1.1346577,0.10764412,0.6616405,0.33702144,0.035465397,0.55015033,0.0034482272,0.4180204,0.038746737,1.2960364,1.0242012,0.5855705,0.29597133,0.727308,0.90118575,0.47561228,0.29171053,1.4246882,1.0215603,0.006254467,0.41725478,0.63503927,0.38913476,0.2138999,0.017690554,0.89003664,1.3793432,3.003424,0.23918934,0.4062307,0.023795025,0.0891874,1.966439,0.37407672,0.8544716,0.040279306,0.43968093,0.6772162,0.23098953,0.38002047,0.3939862,0.6374935,0.15228163,5.8606105,0.8621911,0.29513142,0.4954383,0.2533619,0.0,0.5274493,0.40771133,0.034900874,0.08169144,0.5946434,0.0861474,1.160722,0.1378408,0.014842082,0.387582,0.48623532,0.013770425,0.065341756,0.0113299405,0.35980725,0.42656672,0.4345996,1.6171861,0.7791684,0.5633164,0.21778996,1.3499975,0.054507118,0.41878384,0.1883384,0.94051063,0.28481215,0.4926007,0.5263504,2.5300446,0.13807563,0.14378434,0.33796963,0.43412754,0.5127263,0.37555262,0.35922053,1.4470958,0.059588704,0.2259041,0.7905937,0.11961867,0.07947875,0.559009,0.7811606,0.25381854,0.20422359,1.3308425,0.13315938,0.6321452,0.31502914,0.56650215,0.012177676,0.2685726,0.6861753,0.43312395,0.7618391,0.09603647,0.21412157,0.25371847,0.04286545,0.019773863,0.24609737,1.3673607,0.87441736,1.0128577,0.12234416,0.18417822,0.6627725,0.013534653,0.16982181,0.16506672,0.3413781,0.025440281,0.35138056,2.62654,0.2801963,0.18244424,0.12355479,0.3199584,0.5059405,0.05525572,1.6437749,0.059446972,0.8846902,0.56462204,0.0,0.09742459,0.0,0.28424877,0.004941234,0.35373104,0.0056664017,0.11374227,0.01326015,2.5558019,0.7420261,0.11699546,0.17028683,0.21307883,0.387386,0.26232022,0.2554363,0.061074335,0.083827935,0.28590426,all_pothole_images\pothole_images_enhanced_e46fcbde1638338ebc07a0a3a1c8ac97.jpg
1.1737866,1.4948316,0.7794792,1.4539994,1.0882242,0.71013623,0.5534408,0.0,0.24536237,0.9478323,0.16708891,0.045782376,0.36972612,0.29170597,0.088608,0.6942105,0.33842975,0.009042216,0.5205047,0.24302635,0.34824154,2.2996619,1.3424504,1.8931667,0.6378719,0.4891916,0.11670145,1.7025317,0.0073816977,0.16490628,0.5245999,0.32043943,0.57418835,0.57726985,0.53456384,1.1351403,1.4371524,0.8858544,0.43782732,0.73526573,0.056165732,0.18144156,0.5018889,1.1269702,1.2124392,0.19615068,0.15852343,0.0057148943,0.6264209,1.6065941,0.3284497,0.015329814,0.18870743,0.08797912,0.04001675,0.21707052,2.093033,0.0,0.13121095,0.50029427,0.14773649,0.02253375,0.44670925,0.3576181,0.6508711,0.52505785,0.39286375,0.005061985,0.42478028,0.62177145,0.1929757,0.16049373,0.14964907,0.19144182,0.64635015,1.4016556,0.1760897,0.27636075,0.054311506,0.93032485,0.049012627,0.30930486,0.084320456,1.7788993,1.4514111,1.3276675,0.0,0.098751366,3.4204829,0.81671065,0.12581222,0.097563274,0.33066812,0.030602116,0.1575559,0.0045913663,1.2103614,0.5374112,0.4983483,0.614905,0.051448002,1.927777,0.5126755,0.007834904,0.14861868,0.016403228,0.25905517,0.43435642,0.37795067,0.75717276,0.14975317,2.642313,0.3309653,0.676925,0.36156315,0.57677484,1.991463,0.39889538,2.5703573,2.0881116,1.581238,0.47780037,1.3728937,0.102280565,0.18615629,1.0521275,0.34953237,1.6429647,0.15380432,0.47629,0.5173921,0.2916904,0.28718707,0.0,0.0,1.1928357,0.19324706,0.9386025,0.049796335,0.079657815,0.5671196,0.40254694,0.0018938718,0.7855584,0.13157827,1.3556824,0.04709943,0.061140876,0.25858936,0.34022483,0.59638554,0.9430095,0.25481617,0.020531608,2.6243958,0.67581046,1.0685538,0.22380258,1.4811918,0.22247419,0.6365169,0.30029958,0.120835856,3.1261437,0.090486236,0.9656202,0.6548384,0.0,1.2273595,0.28518504,0.14128336,0.0,0.06053109,0.14193931,1.506638,0.07090731,0.5455412,0.11748697,0.0,0.24956223,0.42249584,1.3626603,1.6772721,2.3503728,2.5667145,0.2838792,0.0,0.30457598,0.8147767,1.1140462,0.08824057,0.29282615,0.12326889,1.0555305,0.49995837,0.6217963,0.29825118,1.0286311,0.17140694,1.0692258,0.20301278,1.0893816,0.40473905,0.9507511,2.0253747,0.80519646,0.2734245,0.6851313,0.846931,0.5922497,0.04678766,0.6483942,0.7653283,0.80038357,0.37936774,1.0268179,0.66186893,0.005908826,0.97552955,0.3684835,0.24916944,0.8307477,0.379092,0.7118277,0.0,0.27733955,2.0988178,0.21782489,1.1194088,0.24898174,0.116555974,0.5319351,0.66046935,0.16047125,0.5210474,0.07685233,2.2746224,0.022867091,0.021058451,0.016436938,1.0940837,0.18394893,0.44284967,0.13324985,0.010476642,0.0,0.67233133,0.41158032,0.101871565,3.0358076,0.18672769,0.12179171,0.2870777,0.20633933,0.29849872,0.01925762,1.2160226,0.011369276,0.09742748,1.8873568,0.11521382,0.20233415,1.1695929,0.1617827,0.27925637,0.39540938,0.21389201,0.16021429,0.39630586,0.16710088,0.4734725,0.002695466,0.16988774,0.6719518,0.6621549,1.4801586,0.22232828,0.029753383,0.19747286,1.530837,0.04088213,0.5767864,0.25449225,0.20449492,0.9795595,0.0477016,0.045530144,0.13176346,0.10052548,0.41033128,0.547265,0.089757025,0.31335664,1.3485739,0.124856964,0.11012948,0.64819014,0.81563056,0.60256875,0.1969078,0.7106725,0.5220786,0.0,1.0288062,5.5488076,0.41560298,0.2544276,0.66498715,0.18463057,0.023891736,0.40068084,1.1019366,6.8086534,1.1220472,0.021717815,0.26361507,0.0019242895,0.7797735,1.548645,0.21370393,0.9162317,0.053387087,0.0714375,0.02312148,0.21254082,0.8727052,0.8939271,0.46106294,0.35670945,0.02751848,3.40551,0.70951164,0.0,0.0,0.051655293,0.34099844,0.282956,0.05231734,0.062652245,0.016507007,1.1507576,0.9089661,1.0344454,0.0,0.29731017,0.17417714,0.060392544,0.07431221,0.04610156,0.89533544,0.06697982,0.92997867,0.072534904,0.13541697,0.098748624,0.009598876,0.90156555,1.7393723,0.6509964,0.9800566,0.0039142175,0.12380935,0.3909924,0.33139235,0.14068972,0.5010611,0.37488016,0.5648328,0.6436743,0.27182698,0.96353054,0.3998879,0.8374764,0.049988307,1.105144,0.8031825,0.042664852,0.378483,0.002352225,0.15217534,0.19608803,0.012122358,1.3889035,1.7345166,3.9036465,0.7632612,3.2596014,0.26838985,0.55732703,2.247683,0.87494606,1.7852957,0.18229786,0.2180615,0.0,0.342957,0.6326118,0.64051616,0.11219371,0.2652171,2.7767787,0.687,0.35194707,0.46684283,0.71794295,0.0,0.5583626,0.090155564,0.02869889,0.4516392,0.8904643,0.015680058,0.66624045,0.22293271,0.07861358,0.29434484,0.69391567,0.09885042,0.5069957,0.08900048,0.7273265,1.1032472,0.85076827,1.0528663,1.9065081,0.40451735,0.6825259,1.2831683,0.23606282,1.4749339,0.6258813,0.25831926,0.4111842,1.4471602,0.12702608,3.8829277,0.892911,0.4881113,0.07787444,0.68172437,0.5140055,0.06420081,0.38292685,0.5137664,0.046749234,0.0,0.9677079,0.23935786,0.7140081,0.25577596,0.8995883,0.7341363,0.40141448,1.016867,0.83035594,1.3386557,2.228079,0.8890925,1.1959246,1.5138164,0.80715287,0.44411913,1.21272,0.042170007,0.36674005,0.70581305,0.0034680925,0.022029316,0.44972146,0.97760975,0.52948326,0.060449254,0.09019054,0.42531186,1.1710286,0.24390192,0.09201398,1.7982178,0.60924464,0.17790014,0.4487066,5.098093,0.8123094,0.13949072,0.0,0.18558185,0.9693686,0.57815295,0.34122637,0.049770538,0.2800654,0.16055141,0.0847458,0.043015994,0.41088447,0.019003682,0.36125883,0.077919066,0.15985239,0.0040026484,0.5362043,6.6049356,0.4500855,0.017903773,0.6604543,0.26640397,0.0,1.428463,0.3810031,0.9023065,0.46222943,0.2776826,all_pothole_images\pothole_images_enhanced_e472780c384c0c40adbe38720d7b9ab8.jpg
1.6678722,0.3973566,0.20834944,0.49840215,0.39450347,0.9354963,0.27035478,0.11620196,1.3673671,1.2348826,0.75224257,0.30668375,0.12566778,0.7784159,0.6394949,1.0546683,0.17041771,0.89947003,0.38828602,0.63576627,0.9370218,1.7804929,0.045938145,0.028880818,1.2714369,1.000782,0.34748855,2.2159483,0.3124778,0.17118838,0.2145666,0.40776753,0.06565956,0.40299645,0.6591269,0.065235004,0.1363272,0.14325081,0.40313414,0.10945462,0.37717515,0.45747018,0.11984772,1.2950933,0.45358396,0.33100548,0.21740212,0.044866998,1.2240686,0.2633006,0.8118397,1.5232295,0.17744222,0.9571682,0.27764562,0.6655187,1.4685694,0.00880938,0.63947994,0.052970443,0.2903779,0.19897705,2.1917722,0.96732473,1.4125198,0.5734965,0.110986404,0.020488614,0.6794643,0.13467094,0.010306109,0.5397153,0.23838885,1.3661373,0.048953153,1.6605368,0.39068913,0.08168399,0.66212434,0.11543256,0.20130286,0.18614213,0.26280352,1.0544845,0.1662533,1.4265707,0.084455915,0.5962931,1.7381791,0.47003555,0.84660417,0.03520012,0.11224441,1.0412883,1.7044734,0.030442841,0.62349063,0.46517947,0.21069674,0.71634936,0.30248806,0.38109145,0.08778713,0.55888593,0.026712898,0.9979613,0.3079509,1.7693788,0.14943752,0.87161386,0.35657492,1.4563044,0.07536446,0.18634784,0.036536384,1.206186,2.5996394,0.75842494,0.57143676,0.7276745,1.4802744,0.40036663,2.0725152,0.5275762,0.056015316,0.24174824,0.04999992,0.08969766,2.5754633,0.36150163,1.5220567,0.80927175,0.987633,0.2854215,0.45993245,1.5234476,0.84760296,0.6779363,4.3163004,0.01431274,0.5025206,0.5461655,0.17321208,2.4340744,0.11569176,0.37862447,0.33286083,0.37523404,0.12116251,1.4541347,1.0017432,0.12071382,0.3790601,0.27505174,0.6351975,2.2014184,0.40253544,0.7317739,0.45488364,1.3631303,1.0009238,0.37073752,0.06095386,2.1482885,0.0702112,0.7143746,0.41884843,3.4452846,1.1523179,0.3911726,0.39246243,1.3145483,0.7079664,1.2785898,0.62058187,0.05312167,2.3537369,0.013052935,0.06885962,2.3502245,0.0,0.9724117,2.1426926,0.87238324,1.1533011,0.0,1.4890866,0.5777189,0.74002975,0.12792714,0.66366583,0.3423888,0.03702456,1.1224501,0.52922475,0.4393631,0.19037971,0.05789915,0.14855096,0.209714,0.2220459,0.21275832,1.6680685,0.16519445,1.2169156,2.0501113,0.11408356,1.0799667,1.4055701,0.15610485,0.23298721,0.6079523,0.3503238,1.0595044,0.032002598,0.27207902,0.1358268,0.18974224,2.119143,0.40614784,0.30958462,0.7831743,0.65632397,0.12290657,0.0665279,0.39735278,1.3198059,0.24925353,1.4933871,0.64549094,1.3578842,0.8925597,0.52489394,0.36315972,0.62159777,0.9637633,1.5281123,0.006196489,0.8497621,0.48481235,0.8163527,0.05381572,0.12790492,0.17523119,0.28439155,0.0,1.5451667,0.962261,0.077594504,0.79451525,0.84096944,0.020069681,0.154452,1.3664414,0.48527628,0.20263018,0.4090423,0.13872887,0.27257514,0.22277516,0.009879653,2.7134938,0.29905838,0.7166997,0.38118812,0.5671329,0.10779614,0.72820777,0.45658472,2.978241,0.12287271,0.8530951,0.7996605,0.07302268,0.6522182,0.43244162,0.40780297,0.6051803,2.6717439,0.18520114,0.33989388,0.20527771,0.14196433,0.47722143,0.9999836,0.1566639,1.5519353,0.76709807,1.1662534,1.0670382,0.7224497,0.43997067,0.012322894,0.77073616,0.00045887424,1.3987566,1.3608251,0.8440382,0.22136976,0.10018279,0.09324284,0.91391605,0.031326395,1.5587653,3.973464,0.3958814,0.588319,1.0651438,0.8902243,0.26626864,0.31808826,0.18890406,2.83992,2.4029071,0.0,0.15418828,0.17352563,0.31658715,1.9099102,0.0,0.57256144,1.1092969,1.4524385,0.8373676,0.88466424,0.21036677,2.2762632,1.2895046,0.1091764,1.4468608,4.212379,0.083317034,0.04494186,0.79948,0.25364146,0.85908836,2.4554696,1.1075078,0.68640363,0.10954471,0.01361587,0.31638393,2.0304456,0.02315683,0.36413166,0.13420025,0.59635353,0.4763494,1.2318493,1.6650859,0.646711,0.40182787,0.42878085,0.81143063,0.79386276,0.20566975,1.130744,0.06989078,0.2999875,1.7767215,0.38266346,0.7534192,0.35008505,0.26040912,0.45320776,0.5632629,1.6794477,1.1028814,0.06414997,0.2576183,1.0438962,0.19265422,0.4398037,0.049773622,0.577628,0.0,0.0,0.028697588,1.2769568,0.98153794,0.005545195,0.088288516,0.103757545,0.6133199,2.8996875,0.037221156,2.4800656,1.3351095,0.2826039,1.8109014,1.1889781,0.21762666,0.9194959,0.015320269,1.773435,0.9343936,0.004708942,0.56206703,0.25421676,0.0,5.9339013,0.083326355,1.0541918,0.6702873,0.108799584,0.13406353,0.3118312,0.78493965,0.48732656,0.8801222,0.48050097,0.20317468,0.30483693,0.941951,0.28499836,0.771995,0.13914008,0.7796061,0.27255937,0.2418103,0.7531123,0.037758984,0.43799287,0.99730355,0.069214165,0.18668287,0.00435619,5.4650655,0.2826504,0.59299314,0.7822226,1.5331371,0.17267208,0.500488,0.23949645,1.8381994,0.22701353,1.0169324,0.12506342,0.55601346,0.07976354,0.03495373,0.120197155,1.9103745,0.6375245,4.0287323,1.1786165,2.522903,1.1310627,0.06546758,0.9986242,0.04529128,0.86772543,0.13434361,0.37533435,0.78786606,0.47538075,0.27332482,0.07299027,0.124696635,1.3779674,1.3494589,1.2362835,0.7543028,0.45457664,0.099982746,0.19886811,0.16592333,0.085299686,0.09401029,1.2247088,1.1160716,0.4424148,0.1938277,0.5327931,0.118568964,0.42553154,0.47304016,0.88090247,0.47933516,0.008815737,4.5239377,0.15080197,0.12729728,0.001523605,0.0008904005,0.022539742,1.1410728,0.14197186,0.2873061,0.8819052,0.86529845,0.026065946,0.12079417,0.26568773,0.1612923,0.05261936,0.7555352,0.023550797,0.12099184,0.0029279313,0.5402922,0.21171577,0.7837566,0.44466463,0.41891202,0.12873094,0.06992448,0.14785127,0.46282718,0.4771032,0.047669716,all_pothole_images\pothole_images_enhanced_e4b6960e021387c087825974b10932e3.jpg
0.75027424,3.1963286,0.5176521,2.0169697,0.13687977,0.96512944,0.029175801,0.0,0.046173286,0.2117138,0.9155061,0.35440743,0.6625475,1.228636,0.04878046,0.03734595,0.0023256962,0.012211269,0.022301562,0.14451602,0.11019718,2.6675396,0.18134063,2.60472,0.34533313,0.40836185,0.22995473,1.1598461,0.08956207,0.11414294,2.1613119,1.0699266,0.17037925,0.18385506,1.5582067,0.38684604,1.2047744,0.76025516,0.14117418,0.73087347,0.008318546,0.12844238,0.7293451,0.70550406,2.0176656,0.18611911,0.10500432,0.3153185,0.5151568,1.2974137,0.4557479,0.2550465,2.0303018,0.4595407,0.61485004,0.69601923,2.3115823,0.0,0.0027727548,0.3965218,0.21325922,0.4564996,1.4044373,0.30915916,0.50517064,0.84411675,0.6681081,0.7967984,5.8658476,0.025228214,2.3269575,1.2233086,0.1355874,0.17653713,0.7440193,2.500492,0.25905994,0.52458376,0.27983993,0.48002064,0.5176554,1.0803372,0.07362423,1.3460205,0.8705514,0.05359008,0.47625917,0.06135233,5.967837,0.42572775,0.35381448,0.47797585,0.027453592,1.1566621,0.24024671,0.005080321,0.25155994,0.120468095,0.38959566,0.3111127,0.04680651,0.5949897,0.02327703,1.3471802,0.7328164,0.31050867,0.8196979,0.013671534,0.106725074,0.6833275,0.22989617,1.9545721,0.20447002,0.54443765,0.3356812,0.8759228,1.3575513,0.37799117,0.4343008,0.16093211,0.8480503,2.051129,1.1945229,0.7676893,0.09536235,2.1214623,0.00024994608,0.074373074,1.8461876,0.14940186,3.129012,0.0209039,0.3919441,0.14567333,0.41038778,0.0,0.18649755,0.2523221,0.9381891,0.048275683,1.5267296,4.2072864,0.56230325,0.7881767,0.08141929,0.5700354,0.42520878,0.19434683,0.53267306,1.7661561,0.019140402,0.76373786,0.08966901,0.20434654,1.0399175,0.28825396,0.7833118,0.13010535,0.45920298,0.39597395,0.9067291,1.7749683,0.059142504,1.801525,0.07613162,0.5930938,2.224555,0.0034535055,0.7263405,0.024767578,0.6660577,0.0055619045,0.22372599,0.9158258,1.6337837,0.34015962,1.0031508,0.1058973,0.48199135,0.5960782,0.54046017,1.5560492,3.1855874,1.6007473,2.9886823,1.1017972,0.14677884,0.6791861,0.17468701,1.487693,0.16008429,3.7807324,0.20640962,1.9013048,0.17477794,0.11125851,0.09158746,0.27471566,0.050147105,1.7373445,0.30838305,1.8138524,0.8321871,0.087783545,0.871645,1.0817288,1.181528,0.12439722,0.18321651,0.58259034,0.13669778,0.908431,1.03011,0.36622548,1.0762162,0.8142467,0.1516331,0.09332671,0.9605354,0.019997934,1.4989809,0.30679053,0.3109767,0.3374803,0.10002306,0.8680162,0.12879947,0.02193822,1.2169963,0.3336937,0.4409167,0.4124484,0.18896557,0.7511147,0.63202333,0.17550279,2.3020923,0.62986386,0.013315624,0.11543262,0.33146858,0.057357732,0.5284726,0.12322065,0.08452814,0.06635806,1.0590861,0.07291383,0.22746743,3.606901,0.34373772,0.0641186,0.79852635,0.0064310627,0.39663586,0.0,1.6213487,0.07975648,0.1645513,1.6516633,0.009565754,0.93200773,1.2122885,0.11484985,0.3795197,1.1659498,0.6071557,0.6795218,1.7801341,0.5737325,0.96734786,0.0,0.23175682,0.667042,0.77088404,1.5588782,1.4880708,0.17162248,1.4104534,0.552017,0.01810444,0.27622828,0.27704796,2.1721208,1.419603,0.25079584,0.93167067,2.2003818,0.6231423,0.16222043,0.26912293,1.5367225,0.0,0.2289599,0.5910254,0.022489864,0.92240375,0.0019227993,1.4771729,1.0304712,0.1303656,0.979348,0.021349922,1.0375549,5.1249337,0.7141732,0.027949233,0.9967006,0.9797746,0.29960033,0.1598025,0.6284393,5.340122,0.46935678,0.5064086,0.43248156,0.13358994,0.8636717,1.0504844,0.5705459,0.24769016,1.0139302,0.24608383,0.015923867,0.16050978,1.2179719,1.9203538,0.67135674,2.1923985,0.74702054,4.5871468,0.42401853,0.15391497,0.0009642237,0.25234288,0.51219517,2.126216,0.05057043,0.689572,0.35364953,1.645806,1.4717791,1.2099589,0.13806969,0.6866151,1.7531321,1.0920234,0.3160272,0.14860919,0.8904758,0.04492277,0.562968,0.0,0.007603357,0.3994142,0.0,0.66882247,0.9357463,0.037753373,0.7829526,0.30751997,0.096939445,0.7620646,0.5046624,0.1983022,0.117914245,2.3351471,0.96575636,0.29833528,1.9586576,2.2629812,1.4399807,0.3839821,0.04963133,0.7031052,1.0257645,0.078174844,0.025809558,0.044753477,0.11354424,0.06322718,0.079892814,1.1408662,3.1989145,3.3735468,0.5784213,0.5646213,0.28689384,0.23262994,2.8478155,1.5315862,2.0413404,0.593752,0.83906657,0.0,0.9204888,0.34787002,1.5361359,0.83175063,0.17970046,1.5735018,1.7300117,0.29535943,0.5026026,0.52081364,0.0756918,0.7324193,0.5307005,0.12492919,0.20837608,0.38124076,0.61154,1.2007135,0.8659734,0.08273122,0.24781269,0.109652475,1.4536021,0.070545115,0.03115836,0.9052405,0.24362898,0.7359304,1.1507207,0.23978743,0.15264128,0.3965878,1.3884934,0.17249972,1.1847194,0.31470886,0.0,0.8876913,0.7079465,0.38484716,3.8498752,0.60024357,1.01625,0.02500048,0.45008934,1.6212221,0.035000786,0.50339884,0.0,0.11840952,0.34763962,2.2059333,0.44791967,3.0504255,0.8354603,1.7893044,0.2403916,1.4813532,0.36684507,0.36141488,0.6713611,1.0392984,0.35917172,0.05233984,0.8294978,1.1286654,0.23312019,0.7205806,0.119782604,0.9961157,1.4367803,0.4726614,0.66068953,1.8397939,1.4162533,1.2373375,0.573465,0.124844745,0.13322635,0.24905029,0.11797317,0.5330951,0.6048952,1.601412,0.022633445,0.30757913,3.6181335,0.24019323,0.18880805,0.18938835,0.1617945,1.0049329,0.5097568,0.1082253,0.053452946,1.3161705,2.347141,0.0,0.8760526,0.0,0.07041624,0.03317435,0.12722175,0.061603233,0.059145063,0.035570502,4.019254,0.63056725,0.34596327,0.031944495,0.6817459,0.13124429,1.6109009,1.0292288,0.035017848,0.21917927,0.08750404,all_pothole_images\pothole_images_enhanced_e4c3249a4bf5f07d6192621d37850177.jpg
0.5214236,4.5654316,1.4598917,1.971039,0.91893935,1.4056565,1.1897687,0.933917,0.5716037,0.5819832,0.29381305,1.341587,0.007983478,0.578963,0.037778504,0.0,0.9865291,0.0,0.63670427,0.093943246,0.45078984,0.9007571,0.21001787,2.7405252,0.4487511,0.8062149,0.18754476,1.4827858,0.12719627,0.684388,0.46054325,0.51669204,1.835634,1.3215475,0.7035034,1.5137329,1.6525327,0.8675618,0.5156863,1.7799032,0.3485315,0.08515342,0.9246146,0.34612417,0.6809331,0.5722672,0.41173196,0.43695372,1.2409945,0.8459786,0.25322932,0.47319162,0.987258,0.21653992,0.15386651,0.8782413,1.887267,0.88744634,1.9355873,0.39244935,0.45644316,0.011488093,0.5128616,0.35903654,0.5282097,1.3112235,1.0557576,0.68861806,0.28435987,0.15752453,0.3702792,0.33856097,0.3373298,0.24959828,0.6924101,1.6352661,0.702742,1.1400001,0.0018201703,0.7685098,0.90100175,1.640122,0.49852556,1.1568753,0.9144201,0.4898643,0.15829512,0.29204234,3.375601,0.5587513,1.1568167e-06,0.1902979,0.06245666,0.23912105,0.50012493,0.7295238,1.2665355,1.1878331,0.44667798,0.22820282,0.096671276,1.525166,1.8270731,0.15061921,1.6103015,0.0758682,0.19328928,1.0656606,0.5686987,0.16310287,0.57431155,2.7165945,1.6016935,0.5983899,1.2924322,1.8167536,1.2860825,0.009389788,0.027338905,1.3654212,0.8832697,0.47767282,0.32966328,0.71973705,0.069053404,1.13171,0.22858973,1.0244493,1.087948,0.3352777,0.7707035,0.3916012,0.024578182,0.3331876,2.5403583,1.4240022,0.04328922,0.5546333,1.3325354,0.13761105,0.6020707,0.6945408,0.35516286,0.626608,0.37658846,0.8648834,0.0022211785,1.0645492,0.45231277,0.33437702,1.6650792,0.930241,0.31389087,0.01833921,1.428833,1.2139883,0.95186347,0.081327535,1.5004604,0.3996333,0.44300246,0.12280649,0.19651556,2.6073887,0.25109056,0.18045127,0.31444123,0.4897569,0.65676486,0.14382972,0.42135203,0.13532695,0.30497348,0.04861443,0.8372012,1.2080144,0.75822306,0.12084518,0.016692936,0.28234723,0.18426806,0.9603165,1.9907945,2.5306904,1.7228929,0.2189433,0.046202343,0.30344033,1.1505048,0.795017,0.9803375,0.11517554,0.39247158,0.73852056,2.2094595,0.18197402,0.44236493,0.03492797,0.6343415,1.4170824,0.7354768,0.95835096,0.06924624,0.09889742,0.55352813,0.62310874,0.63075876,0.77784985,0.20370853,0.02670944,0.034496646,0.00064928347,1.4663856,1.8797812,1.2111143,1.3582265,0.2596406,0.22040458,0.8890211,0.5759571,1.5990931,0.0,0.33221552,1.3153299,0.0,0.3724967,1.2385645,0.44981983,0.5626574,0.6080742,0.6496609,0.03980748,0.9856784,0.0,1.0251836,0.050936714,2.591207,0.017142145,0.0,0.04767887,0.48938033,0.3999144,0.46171382,0.10930807,1.3363678,0.0,2.1420515,0.2432293,1.3212512,2.8847451,0.6179813,1.8026891,0.41178462,0.7230174,0.0,0.09750208,1.8507085,0.09593125,0.9308559,3.4340608,0.07683428,0.46347496,0.9631564,0.81453234,0.10836583,0.18481338,0.1034642,0.7124073,2.8484902,0.22513577,0.36001816,0.008380377,0.2632639,0.36826235,1.2058315,1.3574972,0.4282344,0.37842926,0.55850625,1.1843637,0.023641653,0.5519017,0.3778561,0.56779224,1.2821195,0.08324037,1.7988847,0.75763196,1.3560524,0.0016953425,1.2420962,0.2832615,0.037154842,1.2658373,0.8497098,0.15268308,0.34206328,0.0,0.8499702,1.008421,0.3604817,0.5861947,0.45199558,0.24408525,3.653002,0.5348195,0.021761071,0.8870641,0.08208246,0.8053295,0.14662908,0.66431046,3.296959,0.8116359,0.22507142,1.6504279,0.29065442,1.548341,1.4559469,0.75832224,0.28339633,0.114220984,0.06730558,0.0,0.50854194,1.7484202,1.3564496,0.73763686,1.8705767,0.31875584,2.7865896,1.0740646,0.28866783,0.009100636,0.017693827,1.4803418,2.215637,0.0,0.006982838,1.2704865,1.0199981,0.6808998,0.3389375,0.6401393,0.7631671,0.35963878,1.3317072,0.10778861,0.108193375,0.33211002,0.08088509,0.5285797,0.26016304,0.3837913,0.61688155,0.015471468,0.50688285,1.1480056,0.30430946,0.5674176,0.5462754,0.6009519,0.87513286,0.87251246,0.011925801,0.6626066,0.7237846,1.1579041,0.32653645,1.0585815,0.43215525,0.702754,0.9222317,0.39049193,1.4915781,0.43892264,0.14619797,0.03694412,0.5175063,0.4036183,1.3312138,0.685616,0.2500708,1.2872235,2.4675436,1.4342806,1.9630266,0.76018995,0.60488117,0.96513194,1.802687,0.1675712,0.19853543,0.39862397,0.043764934,0.24214163,1.0859356,0.44789034,0.14593819,0.077176325,0.934962,1.2868207,0.1510355,0.95584905,0.2749756,0.7782545,1.749219,1.1055276,0.22168458,0.5449585,0.13228235,0.6891613,0.34285074,0.7640447,0.041850697,1.2933494,0.54403365,0.521178,0.7454582,0.0,1.2899798,1.5346972,1.409717,1.9865173,2.6643054,0.6808081,1.0313537,3.0647907,0.5293533,0.44014868,0.61660635,0.04306077,0.14028656,0.5976042,0.25842884,3.525178,0.48589274,0.31119192,0.803386,1.3047386,0.74169904,0.22151752,0.7618347,0.053112462,0.51365334,0.25350913,2.259613,0.98958397,1.0049199,0.53169245,0.75070655,0.76205444,0.9669866,0.3979612,1.4334499,1.7243625,0.788556,0.6687798,0.35176888,0.8447653,1.0573323,0.4742302,1.5119463,1.1563609,0.27856502,1.2314836,0.13606156,0.104724646,0.834547,0.9457322,1.6486143,0.1670638,0.6917832,0.21153243,1.3335538,0.043763224,0.009893079,0.8243623,0.26604056,1.4535204,2.8455725,2.4509022,0.9891379,0.15462798,0.40126374,0.13290197,1.9619534,0.11453893,0.38248047,0.12022226,0.76470095,2.8952394,0.22332028,0.3121332,0.14948413,0.2655535,0.33446938,0.040965825,0.03800667,0.6352249,0.80968344,2.4826877,1.1750976,0.4217387,0.34651503,0.7730979,0.18579786,1.5380958,1.2507718,0.7002862,0.5786345,0.0,all_pothole_images\pothole_images_enhanced_e4d6e057666c8f6026b404b1184117c5.jpg
0.17860416,1.3487067,0.20132674,1.6773953,1.3616973,0.7954103,1.2622732,1.649644,0.44819734,0.1629027,1.0556055,0.7490613,0.43077192,3.2772136,1.32087,0.2440766,1.7000946,1.4498624,2.5555527,1.074279,1.2857139,2.9203637,0.85083795,2.125255,0.86331505,0.3512921,0.7759744,1.6700532,0.21062621,0.7131099,1.2752413,0.021383047,1.2809525,0.87905526,1.4956052,0.58915395,0.15303923,1.2408446,0.31655738,1.1816063,0.50996697,0.20622669,0.6635155,0.23090786,0.7077396,0.5229748,0.66171324,0.5009989,0.046763852,0.81384236,1.0426688,0.5391201,1.8311416,0.71634275,0.10322594,1.5871142,0.02193524,0.4727681,1.7923335,0.106833376,1.0362015,0.19453843,0.6107232,1.1705945,1.3974494,1.2661189,0.3626924,0.4053533,0.8031029,1.5897547,0.53187215,0.6737112,0.52665937,0.12492136,0.37291238,1.7928687,0.23905051,1.0040278,0.009126061,0.001594577,0.8614339,0.95434916,0.41426367,0.6724312,0.80495197,1.1864696,0.23291463,0.056437846,1.3550487,0.05184497,0.0035930858,0.7129049,0.72059745,1.0089357,0.5699281,0.28009102,1.3672122,0.6805623,0.039630257,1.9414797,0.36749247,2.125775,0.70174545,0.59118104,1.1515869,0.23039652,0.0,0.60528433,0.015002438,0.23975684,0.98916763,2.2111332,1.7312706,0.33177438,0.1771353,1.3321041,0.48535842,0.3159751,0.29296637,1.396385,0.7759728,1.5031074,0.6111209,1.6921444,0.42388985,0.6385364,0.69647044,0.6824051,0.3256291,0.47423646,0.9225724,0.059532866,0.3040717,1.7825503,0.564648,2.077246,0.8414199,0.33300164,0.7173029,1.0781112,0.59342164,1.3425182,0.1416271,2.197686,1.4845108,0.44861582,0.28979725,1.0182148,0.42434788,0.232423,1.1972337,0.85701877,0.13210164,0.32698137,1.4301625,0.6281018,1.450019,1.1133239,0.5604816,0.87792563,2.298713,3.3900476,0.94713444,0.39657676,0.4007482,0.90110433,0.6902751,0.31843743,1.8990903,1.6846625,0.6757567,0.3279829,0.3844153,0.9950778,0.3151818,1.0073221,1.5377825,0.29504222,0.15417607,0.06261407,0.8795376,0.6929789,0.62822425,2.0629463,0.9258516,0.785598,0.35392028,0.037077352,1.0408081,1.6714938,1.668605,1.7803289,0.009698192,0.45600158,0.31075096,0.27086085,1.3473558,0.57817715,1.3244268,1.20002,0.9067989,0.41312534,1.3023653,0.20356143,0.52926457,0.114581056,1.2341176,0.16725834,0.6382016,1.6442975,0.6498006,0.2399469,1.0291779,1.7990819,1.9007714,1.676318,0.9333608,1.0313611,1.1111678,0.6461052,0.8701817,0.39370668,1.0820609,1.2839587,0.012127803,0.43466115,1.1437769,0.8916184,0.65885603,0.6827671,0.28421804,1.1361153,1.9778417,0.6778097,2.0839968,0.12930006,0.34979278,0.48699373,1.0715771,0.24892864,0.8029539,0.31981334,0.781178,0.31156895,0.5931372,0.0631177,1.6027036,1.0950803,0.7112747,3.5943453,1.775972,0.0512486,0.7593616,0.5089409,0.6092291,1.1838633,1.8094655,0.35638613,0.21233606,4.5301757,0.6907354,1.5619982,1.0057114,1.0281944,0.010313312,0.46127835,1.5949707,0.3199556,0.81431055,1.095272,0.72678095,0.41206735,0.48132783,1.1175544,0.34551558,0.780166,0.8116103,0.39310157,1.4508796,0.8365751,0.44925871,1.8876741,0.93031436,1.1890757,2.0119197,0.8433445,0.40015578,1.6582053,1.3229915,0.04334337,0.61670226,0.32606158,0.48263884,1.1598241,0.44447726,0.5016375,0.14648223,0.4302066,0.23329681,2.6990817,0.1651884,0.4654882,0.45347664,0.33802986,0.6647237,0.43200773,0.18140227,0.65607625,1.503729,0.36613947,1.0073166,1.5460172,0.9770434,2.034436,0.46103644,1.0278869,0.2202639,1.924253,1.7405093,0.35601214,1.5151273,0.27633703,0.5864947,1.4499564,1.0407679,2.054615,0.27532858,0.8540381,0.51263565,0.72661996,1.5072398,1.5626292,1.1046612,0.5668547,0.6282943,1.7804061,2.0586083,1.5791613,0.5107285,0.95461565,0.5577661,1.494497,0.75555915,1.4875771,0.39369178,0.84130335,0.8014228,0.19318627,1.2130669,0.070907496,0.20108972,0.61032635,0.68337196,1.3506302,0.3077985,0.18245077,0.52021164,1.0999168,2.2037103,0.4221087,1.2399036,0.059202537,1.0463544,0.65977705,0.0065008234,0.3190252,0.55755323,0.6960714,0.17905645,1.8784534,1.0854355,0.9967395,1.5756058,0.5217548,0.7945674,0.6858158,0.87342334,0.34006605,1.4263186,1.2941632,2.2273407,1.100236,0.093068354,1.354956,2.286038,0.6203664,1.4065365,0.38735414,0.1294788,3.0105703,0.9941084,1.3316712,0.237199,0.93199104,0.120797366,0.08298426,1.6652318,0.29257,1.0275005,0.47749087,0.7861461,0.8293732,0.59805083,0.4842811,0.46485958,1.1857584,1.3192149,0.16268046,1.4511517,0.26618677,0.51485825,1.1533474,0.71384764,1.4705329,0.2519738,0.69129616,1.1795456,0.65602624,1.5898179,0.39897022,2.4986947,0.6405163,1.6650829,0.726304,3.4740202,1.9191433,2.1826162,1.6065391,2.3955262,0.8694919,0.08476974,0.66036755,0.24274826,0.20690353,0.86870104,1.3283595,0.5032389,0.7501498,0.7799516,1.1120557,1.594663,0.17489734,0.109697066,0.9758127,0.12294865,1.3801554,2.0743883,0.33343154,0.9585462,1.6001409,1.0276295,0.55383617,0.69722086,0.640289,2.0941405,0.5204146,1.6770146,0.0,0.11420522,1.0468144,1.994568,0.39042243,0.754229,1.1438991,0.496768,1.650286,0.43996,0.78697413,0.5837309,1.1776911,0.43657067,1.3325868,1.4252492,0.7286464,2.5284674,0.3118337,0.083295226,0.16944236,1.0187675,0.8586185,2.2174745,1.1213634,1.6972017,0.8739238,0.020514993,0.16454792,0.80921996,0.48513913,1.478022,0.17368446,0.40785807,2.5191376,0.94164383,0.011583794,0.5295637,0.07638,0.59789604,1.3537717,0.2984222,0.11003753,1.593469,2.0729647,0.7513271,0.17331073,1.374293,0.35194132,1.3513556,0.56809443,0.081919745,1.4903992,0.3726077,0.23378134,all_pothole_images\pothole_images_enhanced_e52914bdfcee5048b65bb52e56052b2a.jpg
1.203837,0.11750361,0.12932481,2.0442517,0.94753885,0.30219167,0.52917075,0.0010178076,0.24649762,1.6160128,0.8262042,0.20227972,0.81378126,1.0566919,0.036562335,0.21401674,0.069600925,4.7082834,1.4845972,1.0486965,1.2957894,0.22002788,0.8083201,1.1772969,1.98303,0.50786054,0.24786595,1.8614181,0.0032546027,0.019150574,0.22279187,0.45870164,0.26230717,2.4829977,0.20034403,1.7198672,0.43086097,1.0279043,0.56274337,0.25168967,0.12819795,1.4063156,0.27931434,0.69782627,0.035894178,0.73679715,0.31951997,0.6357929,1.7125549,3.9375436,0.098299704,1.4204488,0.5197233,0.43425292,0.3831487,0.98173565,1.2231195,0.99326044,1.2432516,2.3911014,1.6491503,0.35267892,0.007555042,0.37322164,2.153107,2.1169934,0.6641938,0.00027377615,0.07174142,0.30372605,0.8579351,0.36133525,0.23301731,0.02345291,0.80562997,0.09534814,0.24942207,0.5647308,0.76318425,0.06696838,0.00887284,1.2651397,0.11606602,0.11365071,0.091346495,0.07861227,0.044252023,0.098793946,0.91170484,1.0855148,0.28760546,0.31061786,1.3845323,0.0068469313,2.0728383,0.7417148,1.3656287,0.456542,0.30112082,0.3220247,0.22104189,3.4470408,0.85961914,9.2224844e-05,1.9744014,0.6463657,0.12679781,1.3216057,0.10805913,2.105642,0.34597,0.49813792,0.66818446,2.486897,1.4508128,0.9199222,0.05617925,0.57549787,3.4498503,1.4011145,1.1078404,0.853935,0.05516622,0.5294174,0.49679643,1.0974138,0.33655664,0.10393691,0.046553835,0.9079287,0.34617084,0.12970757,1.7203329,0.08229813,0.011953929,1.878853,0.8366443,0.29502213,1.0181922,0.0,0.89972514,0.24624555,0.95852464,1.660191,0.19759504,0.24691781,0.5291876,0.9754201,0.027192682,0.4085076,0.0926349,0.85018367,0.06638024,0.37733778,0.71453434,2.5313146,0.8337608,1.4773715,1.6262757,1.3049079,1.7893631,1.5961183,0.07663833,1.2030087,0.9140182,0.9312431,0.6655889,0.10118718,0.6126832,3.0158827,0.30578893,0.31322616,0.0,0.61467373,0.23079003,0.35516754,0.0,0.31708422,0.33746925,0.23389195,0.35333163,1.7932566,1.4418793,3.3408203,0.48656097,0.5997009,0.5323856,0.115494035,0.0710778,1.348486,0.33397883,0.47806913,0.9257061,0.10035134,0.7719671,1.9945893,3.4788914,0.20753825,1.1587846,0.2008081,0.18891716,0.6486932,0.45408925,0.06427069,0.41521338,0.055794038,1.5014987,0.5252375,1.0930952,1.6216444,0.056822035,0.042620633,0.42422166,0.15115854,3.0156047,2.0110383,0.7353344,0.48156878,3.0357566,0.54397756,1.0143368,0.11917375,0.30772355,0.7971948,0.04762984,0.66399664,0.09271,3.414725,3.2062695,2.0823088,1.4193981,0.006485624,2.4086955,0.47841582,1.1087694,0.09882584,0.0270172,0.6117837,0.4281466,0.34318557,1.046961,0.0,1.5158738,0.6515419,0.014182954,0.26224926,1.1822999,1.011854,1.1268941,5.1956887,0.7805108,0.64662874,0.061842177,0.34175584,0.16254464,0.98744446,0.05433668,1.2007214,0.08924692,2.4487321,0.081717335,0.27962843,0.5890556,0.49556378,1.1471794,0.059432548,1.4502268,0.25392494,2.4833715,0.3661045,1.3572409,0.0,1.7195147,0.9891752,0.50137407,0.3706497,0.11190709,0.6543478,0.6914305,0.30248302,0.42246962,1.1721202,0.608734,0.14807276,0.6742617,0.33163056,1.002441,0.6022594,2.0351212,0.63835305,0.75640553,1.1784406,0.059532214,1.7342522,0.42525303,0.2940898,0.4452012,0.15428628,1.6290034,3.283638,1.2915031,0.80341274,0.16291058,0.007994355,2.1940165,0.039796654,0.31334573,0.13059199,0.7268046,0.46232533,3.1450393,0.30554953,1.2117082,4.5286217,1.1028196,0.19051673,0.27605093,0.70727694,6.727269,0.950335,0.7415059,0.14100312,1.3202614,0.80980146,1.0129236,1.5854439,0.26570275,0.09125581,0.32502976,0.0017798067,0.6331315,0.12620711,0.12241825,1.169716,0.09823185,0.0050523803,2.288446,0.04711662,0.12168333,0.22057256,0.105815485,0.047292877,4.1253934,1.9218912,0.2054979,0.1194183,0.30809823,0.2701419,0.48277545,0.06342673,0.14469707,0.5746892,0.63271445,0.8297901,0.26241484,0.9744449,0.19652815,2.4029653,1.3431209,2.1336873,1.1568757,1.9858725,0.9086196,1.3357943,0.2927724,0.031837683,0.1229979,0.11194908,0.38489074,0.8146578,0.47685224,0.09372276,0.5904837,0.19610482,0.40248808,1.1136454,0.08433922,0.7823832,0.1704084,0.17658243,2.8953147,0.0031542024,0.016683975,1.0019982,1.431157,0.024793943,3.263735,0.26342556,1.1878037,1.8263419,1.7957934,2.1258364,0.108400345,0.07993598,0.12805381,0.5242938,0.35454386,0.16852824,1.3318365,0.040036798,0.1296091,2.7788844,1.1987044,0.031632055,0.5925987,0.4901347,0.39880416,0.5455404,0.36075288,0.3502098,0.65842646,1.0952504,0.31605664,0.818052,1.0378423,1.3623099,0.8607206,2.1990688,1.5503985,0.2647328,1.0513296,3.6476777,0.06204222,0.7898573,2.3625042,0.0319151,0.17684188,0.11310962,0.04738503,0.7332593,0.74011636,0.31127718,1.2399538,0.33583355,2.1902924,0.6811812,0.074612804,0.91083914,0.4467013,0.32800317,1.3923454,1.1779525,0.3301499,0.4741791,0.18351327,0.1758344,0.2491454,3.6795833,0.041746683,0.48787314,3.5628564,0.65873015,0.6141418,0.059687406,1.0997981,0.48166397,0.26903033,0.009950488,0.041612405,2.909782,3.9473343,0.15616016,2.1374278,0.2610132,0.72434473,0.6534768,0.00586774,0.043016903,1.6777294,1.0814059,0.6264122,1.2143083,0.014095062,0.27664095,0.6956884,0.15141048,1.928941,1.0785059,0.7360354,0.06584461,0.15335731,0.7393064,0.62875295,1.1510702,0.44614652,0.04812036,0.28088385,0.016005913,2.3112016,0.0026967428,0.80742514,1.1728933,0.44124532,0.36210695,0.012023731,0.8205597,0.07535908,0.52736783,2.0846114,0.75700414,1.0972462,3.4053986,1.0529305,0.1852909,1.0782574,1.3324327,0.44182184,0.22197692,0.8009725,0.46197096,0.032125417,0.49957925,all_pothole_images\pothole_images_enhanced_e66d49c6f1ee42eb25b28139394ccbbc.jpg
2.702346,1.1913611,0.6595764,2.1348245,1.2980056,0.609628,0.1503444,0.09674365,0.6934284,0.64800936,0.6265895,0.86474127,0.4442151,0.11659114,0.24173403,0.23517287,0.4377034,0.02220381,0.18522798,0.06202252,0.637375,1.8456467,0.025380995,3.411534,0.9942021,1.157032,0.081129625,1.3727012,0.29025665,0.27857938,2.556313,1.1911342,1.2354517,0.69468576,2.4423118,0.63885564,2.7164168,2.3960462,0.588377,0.6310886,0.03449821,0.07553272,0.9284907,0.6532855,1.1662735,0.19156063,0.052046265,0.07354849,0.99031436,0.6076356,1.4222419,0.4448203,1.6802099,0.23280026,0.28699136,0.38170588,1.0637257,0.043413974,0.027941192,0.03462142,0.40266535,0.22052766,1.1346595,0.58625996,0.48505542,0.55093086,0.49372154,0.772996,1.0737454,0.45233884,1.8213371,0.33875883,0.62541026,1.1580217,0.005162969,0.60709226,0.4320825,0.6365677,0.22120272,1.4996513,0.41898975,1.3650643,0.6967578,2.4083688,0.56163937,1.9841915,0.4714554,0.07412633,3.541785,0.5649508,0.59538215,0.2733441,0.30241913,0.047038652,0.30079645,0.16619328,1.1219705,0.19343385,0.2196,0.24083616,0.2833828,0.05877703,0.92882925,0.25802377,0.566622,0.09471481,0.34294915,1.0581936,1.4922812,0.17740282,0.34835553,0.44903493,2.0459836,0.24340649,0.75908923,1.1637243,2.8759542,0.26656798,1.4123682,1.1063179,0.90551555,0.7225214,1.6030229,0.7581641,0.25424066,1.3402975,1.2797165,1.7905219,1.6098552,1.7542005,1.7368257,0.123039514,0.68616074,0.30944034,1.7742865,2.3122497,0.18394546,1.4886812,0.88351953,0.15646146,0.9164541,0.19471903,0.089784496,0.9005741,1.4663932,1.9879597,0.50080717,0.48218346,0.2598034,0.96609557,1.2348648,1.4202781,0.7248504,0.4374503,0.15062986,0.39037046,1.418882,0.40557647,0.2696131,0.5769198,0.86711305,1.2249802,0.0403159,1.1717892,0.09995667,0.0098124975,0.40640193,0.24945351,1.027536,0.5230718,0.7999342,0.6333423,0.6155799,0.45320857,0.6592532,0.59106696,1.2393831,0.94590604,0.54321545,0.28086734,0.039680175,0.67998767,2.5918093,2.52218,3.4030378,0.39483738,0.17093658,0.3920945,0.72346556,1.1130793,0.52837884,0.42461994,1.1608965,2.1044497,0.38154122,1.2291671,0.3235723,0.53644955,0.40229982,1.3754903,1.2610465,1.00261,0.08991434,1.7166295,3.1341588,1.5779045,1.8396434,0.7617559,0.68869305,0.65667117,0.35584098,0.13982886,1.5409288,1.31713,1.8500943,1.2589419,1.8519702,0.53872406,1.2247248,0.17221723,1.4120822,0.7791238,0.44655952,0.51052856,0.20999059,0.49421743,0.9784135,1.5549519,0.8927799,0.94163316,0.04951928,0.9743928,0.80501336,1.207217,0.8363624,0.5220528,3.2541528,0.49120855,0.43057805,0.87328583,0.121212706,0.33515537,1.0292088,0.4715992,0.13097449,0.07806861,1.2615709,0.37772346,1.0057064,2.9253037,0.7617091,0.43452674,0.31361026,1.9129286,1.6526008,0.2949361,1.5053798,0.1481757,0.25908482,1.1567008,0.045507673,1.1429813,1.5990105,0.01177491,0.32948455,0.8572547,0.63678855,0.11968433,0.25041673,0.9546194,0.022114342,0.013860019,0.8742692,1.3993623,1.7271006,1.1278045,0.6492245,0.29327264,0.7032304,1.4905494,1.303813,0.14378121,0.18385197,0.5103813,1.122277,0.4977232,0.11684005,1.3376222,1.4693273,0.66608024,0.8543395,0.5776141,0.17885517,0.93698967,1.3313335,1.0623208,0.52003944,0.2768382,0.3625908,0.92702675,0.1268646,0.71066415,0.2711584,0.78533566,5.405784,0.86204773,0.5129233,0.68104535,0.6156324,0.024137858,0.5112351,0.5014473,3.644458,0.55196255,0.10948023,1.0878081,0.20515157,1.4772345,0.4391948,0.6714029,0.6313404,0.15854369,0.8391588,0.0008336038,0.46006766,1.8503487,3.1987798,1.6416891,0.52712315,0.082433425,4.9429064,0.2044588,0.1887545,0.18017146,0.3730372,0.74738497,1.4621105,0.86761653,1.4104813,0.023244297,0.7072615,0.9105596,0.37005228,0.6616204,0.782924,0.3898314,0.07993595,0.6861604,1.392295,2.169982,0.13242094,1.3875033,0.15268727,0.76164556,0.7130688,0.029681584,0.385405,1.3524532,0.14307734,1.7561315,0.2531967,0.18821958,0.5682879,0.10123078,0.25770923,0.71846676,1.0839814,1.5499991,0.5051733,1.493593,1.1843156,0.91433877,0.36736056,0.2874483,1.1575143,0.7549472,0.7563228,0.25908294,0.55184704,1.757037,0.8050509,0.114931904,2.1710413,1.3604739,5.049672,2.0855625,1.3975124,0.09935366,0.31730646,4.0197153,2.3371623,0.44885185,0.70727086,0.085360914,0.5830345,1.3960509,0.7617403,0.22973391,0.7101327,0.035609905,2.7625477,0.97732604,0.6854478,0.8470851,0.10019534,0.88356405,1.3706677,0.6475528,0.44876638,1.065752,1.5353836,0.19903319,1.5894308,1.1354924,0.3587479,0.3383636,1.04759,1.9407792,0.10618448,0.25897995,0.36405846,0.40633366,0.7303937,1.032777,0.9741209,1.0638405,1.379273,1.0053488,0.023866702,0.5326893,0.47716153,0.21864639,0.22537431,0.029002415,0.48866323,3.6222863,0.7256232,0.8756366,0.51464874,0.9279368,0.7035381,1.2497202,0.4706408,1.3528287,0.056849547,0.34935614,2.322552,1.3136914,2.9717357,1.4953731,1.6697309,1.4802451,0.7627491,1.8473685,1.5777752,0.43992558,0.65948826,0.76791537,0.18656483,1.8487961,1.2943002,0.7867593,1.2370855,0.32242465,0.8174413,0.34822863,0.5710126,0.03624334,2.498901,1.8085938,0.0884581,0.8540391,0.5029308,0.07881331,0.9527683,0.13928218,1.4111007,1.2212117,1.9925675,0.4472915,0.17663924,3.9865918,0.35740715,0.45182833,0.19505167,1.2992146,1.5889381,1.5287559,0.7548656,0.22978301,0.34790406,0.3744761,0.8102481,0.19181465,0.86452365,0.61583424,0.3104559,0.87866956,0.60631984,0.61873597,0.28242055,5.888603,0.312251,0.32211372,1.0328771,0.15951546,0.793973,0.8514029,0.84355503,0.6594781,0.052686233,0.9664074,all_pothole_images\pothole_images_enhanced_e67be0205985589aedb3c6c474f635cd.jpg
1.8312359,0.47011748,0.1833421,0.7844392,0.93193114,0.5079372,0.2597927,0.31944138,0.76777196,0.9558074,0.57157034,1.0531546,0.5806378,0.88301164,0.6830613,0.3489331,0.6625117,0.0003370854,0.54621005,0.54199433,1.5535945,0.7324942,0.841862,1.8175081,2.0869648,0.49939352,0.020001069,2.1824539,0.04787556,0.54919416,1.0045171,0.9512634,0.5800828,2.290344,0.915325,1.1286254,0.21107842,1.4912838,0.21960118,1.2844545,0.14148724,0.18991973,0.21809235,0.62892514,0.9857087,1.1654282,0.00023745428,0.44268003,2.2965531,0.439984,0.74476635,0.25450686,1.0873668,0.14435254,0.13851424,0.9125117,1.5443712,0.3013768,0.19110559,0.6363464,0.054898404,0.0046791425,0.061951995,0.3584133,0.8418078,1.2897054,0.3833957,0.10964783,2.1116564,0.021855617,0.13365199,0.84561324,1.085311,1.3680317,0.14137982,0.63232917,0.36754903,0.7139357,0.017522315,0.2031909,0.041221987,0.57709414,0.55465025,0.6887271,0.66131794,1.1223259,0.06839696,0.9784101,1.7288208,0.6197786,0.28416035,0.18606004,0.30398512,1.2420505,0.12292838,0.052315824,1.1427494,0.86865854,0.24116418,0.37704492,0.059245683,0.6110594,0.13724165,1.1440942,0.63546455,0.25127068,0.032540042,0.69300574,0.010599836,1.1595695,0.06816409,1.9127238,0.686859,2.5529883,0.7990444,0.63915586,1.4195379,0.23629983,1.3132153,1.3169892,3.2325613,0.91063255,0.71225435,1.7205913,0.97909653,1.1467307,2.5584188,0.789168,0.72996986,0.30391288,0.42922065,0.27086478,0.32898384,0.18632914,1.3110071,2.2132876,0.46842808,2.4149606,0.8303915,0.05298197,0.19589551,0.49363682,0.02315187,1.8099583,0.1457839,0.5329882,0.026969647,0.9792927,2.318063,0.03980486,1.99493,0.36955172,0.44720832,0.04368959,1.7990587,1.0020889,1.1092056,0.16642006,0.04559113,0.22967154,2.6139467,2.0199244,0.0,1.2655834,0.12930706,2.2980719,0.035061516,0.06610686,2.6731896,0.58411586,0.5889404,0.06444738,0.38421464,0.026840309,0.38287196,0.1403915,0.7707129,0.0040478017,0.35919163,1.0126638,0.0,1.9376227,1.8501589,1.9814314,3.485907,0.8998707,0.9809533,0.8807415,1.060145,1.4612015,0.46034843,0.04344673,0.17101462,1.7280865,0.608901,0.4636404,0.30792686,1.4376808,0.27392694,0.1040242,0.6167185,1.098259,0.13651282,1.0961488,1.4392991,0.71545357,0.8587184,0.18246856,0.48365492,0.2565039,0.025549557,0.16279715,0.2873087,0.22715613,1.0833182,1.4301245,0.31282264,0.039729,0.2730717,0.049603455,0.6407894,0.19163987,2.5544333,0.9769801,0.0015066207,0.030259712,1.6992265,0.03984893,0.40607414,0.71913797,0.010044457,0.22533183,0.11672883,0.91404366,0.56461334,0.44098505,2.392461,0.3023964,0.3127626,0.20935477,1.026936,0.5293404,0.2444806,0.51556814,0.10885034,0.40377325,0.67984754,0.21119483,0.7374757,4.663061,0.083320715,0.76520705,0.9902759,0.21673736,0.29546368,0.06983903,0.57167286,1.3175974,0.032911364,1.1268955,0.43109503,0.12727101,0.414474,0.38642251,0.46119016,0.6430064,0.22128436,0.52850723,0.6309373,0.33225477,0.9368005,0.025338436,0.19646208,1.0850176,1.3163763,0.7574235,0.5413422,1.5216768,0.8198158,0.8211819,0.029436164,0.124204546,2.4673727,0.005962682,0.9591846,0.19476102,1.0399803,0.6337138,0.591403,0.61827976,0.6959831,0.036415607,1.0698034,1.0195675,0.6117053,1.328953,1.061175,0.78494793,0.4824294,2.3836393,0.25767434,1.5228949,0.015417441,1.2529058,4.1788187,0.6572258,0.66002053,0.65504766,0.05526331,0.014121387,0.24091561,0.27353504,4.020241,1.6185684,0.20168129,0.17322484,0.11125651,0.8009171,1.6994036,0.54888827,2.9962974,0.048095006,1.7697084,0.8221612,1.6448314,0.07423175,0.9468018,0.3607561,0.9383498,0.18034172,4.335938,0.27887806,0.11896764,0.0,0.42006752,1.3262889,0.5954433,0.74378914,0.23697685,1.1411912,1.4254826,0.49725744,2.5702507,0.56204075,0.61236006,0.9111084,0.24372381,0.72826093,0.31601217,0.09167452,0.35436785,1.9953631,0.3611246,0.8453235,0.08812244,0.25934348,0.05722369,1.388134,0.47856444,1.2393879,0.367023,0.8902018,1.5183662,0.7959333,0.07125094,1.4163296,1.1905004,0.47732127,0.118953615,0.007546615,1.3772147,0.99683136,0.5740562,0.068265215,0.5594607,0.23184153,0.416377,0.62019944,0.4644502,0.34380355,1.2041128,0.040788516,0.083759815,0.83364636,1.8978513,2.004922,1.0723419,0.16902132,0.061366294,1.7402054,1.5713106,1.6137667,0.4902971,0.0,0.31291753,0.6802505,1.6535581,0.45579794,1.0937477,0.15922543,4.242281,1.5213392,1.034581,1.0318315,0.13837478,0.49635437,0.21250409,1.6547146,0.35266906,0.39060548,0.5276106,1.1253753,0.9456457,2.3306441,0.0,0.43781763,0.56057113,0.033119846,0.43818605,0.64277977,1.3454287,0.5063008,2.4808517,3.3536026,1.19303,0.18571186,0.6777842,1.0145826,0.17131668,0.4490893,1.1879059,1.280309,0.7822836,1.447795,1.6085693,3.7862794,0.8417419,0.64004886,0.079824135,1.7886832,0.08797573,0.12085067,0.0,0.42802775,0.21412152,0.201742,1.1266648,0.6356908,0.025382567,1.7280548,2.4046178,0.79697657,1.1731198,1.4866853,1.4110612,0.63781554,1.1726317,0.49974945,1.25054,2.6165516,1.717768,0.17014165,1.9551733,0.29179955,0.14351037,0.16902117,1.7074444,0.035508983,0.5183764,0.70998865,0.5796575,0.5157646,0.6161508,0.26899824,1.0526274,0.28290206,0.7342576,2.0804312,1.1171664,0.18172823,1.246273,3.6642954,0.61862266,0.96278006,0.17186305,0.3573592,0.57517624,0.82782084,1.4459617,0.06854239,0.9351077,0.5797166,0.23592131,0.00757413,0.25793996,0.2088173,0.1942783,0.4423453,0.97841245,0.7748353,0.3375258,5.144707,0.8892688,0.41272697,0.18952885,0.49327832,0.5966055,0.033111237,0.19566187,1.0393076,0.76541024,0.9820501,all_pothole_images\pothole_images_enhanced_e67c065c3039b809666d3f6716f237a5.jpg
0.87933564,1.8795922,0.59895134,1.3328732,0.36231193,0.22001044,1.2933358,0.74803424,0.247958,0.8752325,0.7433371,1.3977097,0.8468825,3.133343,0.5508182,0.91424686,0.451481,0.33683395,0.16158666,1.0815674,1.5460793,0.611616,1.5922612,0.9350053,0.538783,0.41895843,0.43021736,0.22532177,0.7079685,0.9724963,0.8786407,0.20426111,1.2112327,0.58952683,0.11659151,0.71305615,0.47383258,0.18635124,0.6952353,1.0080408,1.1860043,1.1486785,1.4282068,0.46431392,0.6734798,1.7533244,0.6491865,0.3783166,1.5065643,1.1634305,0.49187952,0.12862335,1.0755465,0.26191923,0.8845839,2.5956535,0.15211529,0.7508035,0.08536671,2.5594726,0.3957089,0.98470944,0.7951879,2.5438325,1.3535203,0.16815186,0.8203799,0.31834844,0.018763637,0.75599545,2.0080965,1.2651403,0.45656428,0.9596506,0.41635695,1.8721647,0.7087502,0.17142043,0.5451608,0.10907073,1.5019029,0.19008243,0.2568395,1.6968216,0.48241073,0.21926333,0.16324672,0.2923798,1.9039145,1.9263507,0.6749303,0.8069981,0.74814326,1.3772801,0.39072838,0.6327908,0.075885914,0.18078527,0.21406457,0.37112188,0.92375946,1.5878532,1.2190688,0.7673287,2.88154,0.19172633,1.565184,1.1710958,0.40631986,1.5883129,0.32124493,0.30862972,1.8787172,0.63344,0.5411036,0.86448014,0.64237684,0.15479212,1.4509022,1.6350113,1.5652381,0.19060855,0.6541291,0.91397154,0.33369648,0.07757967,0.65980357,0.6584636,0.99990845,0.02899618,0.6214102,0.81993365,0.4672062,1.4509989,1.5492204,1.1402198,0.042142987,1.7894502,0.5200971,0.44939065,0.8389148,0.85032433,0.2163539,1.5432549,0.72722125,1.5481222,0.6207903,0.10760951,0.29110354,1.4806876,0.022935916,1.1146654,0.1878404,0.34916982,0.51811624,1.5436804,1.4481645,0.21942936,0.25942627,1.918361,0.7174001,0.8667866,0.10322991,2.7518559,1.0318621,1.0210313,0.5807015,1.4816427,3.052449,0.20455909,1.5531383,0.1797223,0.5394954,0.7798132,0.6955017,0.47266433,2.5001585,1.6423645,1.4547144,1.0742884,0.93991023,1.9069638,1.0065237,1.2898461,1.6514798,0.5977914,0.8769794,1.1122057,0.38935533,1.1347847,0.7785251,1.3664705,0.15842707,2.0731144,1.2271322,1.1275228,0.82681006,1.5568193,1.4836111,0.042368922,0.64828897,2.0370736,2.631814,0.20435715,1.6502172,0.3989204,0.43745053,2.2042491,2.1507063,0.87483364,0.6190584,0.13771304,0.08905387,0.6722108,1.7462479,0.053833462,0.8776353,0.74908906,1.9504565,0.35183692,0.41616568,0.12683432,1.2812536,1.0630149,1.0465024,2.454242,0.49422485,1.1949633,1.9431208,1.0055951,1.4081848,0.6358535,0.08684155,1.4453292,0.040828284,0.62714714,0.012732834,0.8617644,0.42883864,0.5735565,1.3399501,0.39860922,0.47652608,1.0144293,2.162508,0.6036422,0.2749275,1.226441,0.9449852,2.734362,1.1216959,0.016248487,0.9329136,0.6372479,1.4012306,0.27033627,0.96821874,0.30953828,0.92008084,2.3866942,0.8618231,0.47770202,0.4100182,0.57409436,0.09699001,0.45043603,0.104116835,0.48006973,0.7630797,0.7155808,0.370368,0.019249348,2.1394758,0.22102979,0.53494686,2.407888,0.34470475,1.6720002,0.26230106,1.2024848,0.91291857,0.9895806,1.3298479,0.20432124,1.1224711,0.29578164,1.0313284,1.8706957,1.5118741,0.22549497,1.1608459,1.6066078,1.1445146,0.74884886,1.2665347,0.13686143,1.5039139,0.64656305,0.60673255,1.3227286,0.07257016,1.5214645,0.48164463,1.9921082,1.2386888,0.73412806,0.94626015,0.17465639,1.3143237,0.4074317,0.21568543,0.6096415,3.4554935,2.6247003,0.17829686,2.502613,0.37678832,1.4458116,0.8951154,2.755224,1.0570196,0.85030454,1.0824076,0.44252378,0.7030658,0.33406994,0.5744966,1.3294784,0.61718214,0.13174492,1.3929418,0.32284194,0.5956493,2.295501,2.3299687,0.818029,0.03716702,1.4232544,0.7821358,0.96115863,2.8377538,2.428471,0.9212993,1.1383687,0.44699177,0.048461992,0.8461495,0.47723904,0.78777874,1.8061602,0.96218425,0.28689662,0.17242408,0.8555154,0.7280724,0.958128,1.6248256,1.0154527,0.91052663,0.28224272,0.92708445,0.57238007,0.8871441,0.9575027,0.021890776,0.4639993,1.4296321,0.9516903,0.35776266,2.1006246,0.3389866,0.9231172,0.97656035,1.1308415,0.24857931,0.85366935,1.2929158,1.0932404,0.8849147,2.8395247,1.0113838,0.662336,0.8957626,0.26643306,1.7684743,0.44338116,2.8609955,3.7302024,0.81890893,2.2822542,0.12255094,0.4209573,0.038552266,0.53374046,0.702126,1.1994336,0.77979183,1.2927425,2.498006,0.60382015,1.6307594,1.4277776,2.1535268,0.36821932,0.54158705,0.28094333,0.41609758,0.7865795,1.318771,0.28468037,2.282411,0.9850358,1.5939766,1.0609683,1.0017184,1.7992382,2.73237,0.97777885,0.93319064,1.7370646,0.38964516,2.6153536,1.1518072,0.2587924,1.5817653,0.74142075,0.86318904,1.6170118,1.3406254,0.9330748,0.9131121,0.4576352,0.08154847,0.54731834,0.59054303,2.0857134,2.4681582,0.75414634,1.2541105,1.3272336,1.4689865,1.6714854,1.4436792,0.04372646,1.078809,0.4102664,0.87556624,1.5269318,0.11884111,0.7586447,0.4124467,0.2717898,0.17591552,2.1695871,0.61226606,0.10199286,3.788723,1.394042,0.45717534,0.7092108,0.6065904,1.1872298,1.5290238,3.8404038,1.4715409,0.841395,0.11952111,1.0197062,1.3791896,1.2596133,0.8433721,0.028134333,0.22139004,1.2180873,2.4297059,0.0047140685,1.5876536,0.7677096,0.1437199,0.6167601,0.9996667,1.0724554,0.8969976,1.6240275,0.6155472,0.7007236,0.80299723,0.3870812,0.32268494,0.5632316,0.7876381,1.4365982,0.45561522,0.15229613,0.22499758,0.11468745,0.28852576,0.27057108,2.3001513,1.185637,2.0941572,1.2390829,0.84688276,0.7985306,0.6183698,0.76942647,0.013225895,1.1409733,2.7331026,0.93494976,0.11465391,1.5650529,all_pothole_images\pothole_images_enhanced_e6c0c6ec33d8758c1bb50178b8457029.jpg
1.1405784,0.6012107,0.441029,2.8934774,0.95627344,0.12333929,0.37623137,0.29920667,0.31848976,1.5068032,0.28903216,0.38246655,0.008654306,2.8223133,1.679148,0.06221004,0.37452373,0.11869366,4.182333,0.7835058,1.5283747,3.2410252,0.6668185,0.38105106,1.0568413,0.04300673,0.52218217,0.70992976,1.060794,1.139387,1.1247977,0.5289648,0.9217677,0.05415297,1.1468359,0.009199793,0.5454563,2.2188718,0.3280958,2.2114182,0.0,0.4127255,1.0055199,2.4902396,0.23404515,0.18803886,0.093861595,0.0047767684,0.67302096,0.28714445,0.5631575,0.57589984,0.013643803,0.41549188,0.21417032,0.84220403,1.3488871,0.25709677,1.3750974,1.0193863,1.6537033,3.1967177,1.2559373,0.015437108,0.24181814,1.416769,0.4764608,0.0024700298,0.88764954,0.013931569,1.0027424,0.38670316,0.26823562,0.43300247,0.55902255,2.2731512,0.23953114,0.24453859,0.22072268,0.13320519,0.16593894,0.44801447,0.021627372,0.24530105,1.4525012,0.012042805,0.04975884,0.24124885,2.4381835,0.39936224,0.20318522,0.9510624,0.10887761,0.21964134,0.19902238,0.05507201,1.7381395,0.83323246,0.99682903,1.7509233,0.0,1.3704865,0.13617171,1.6074376,2.1355264,0.5785442,0.06669159,0.045042545,0.25071764,0.49418697,0.2890998,4.527113,0.5945906,0.0,2.3126912,0.17052487,0.58196753,0.15041317,2.0897055,1.6890501,1.7123393,1.4392366,1.1336292,4.3977656,2.4163442,0.3289161,0.24817875,0.48534274,0.986171,0.587531,0.28949913,0.5133372,0.8389731,0.4689297,0.0,0.6501892,0.030436525,1.196656,0.4306375,0.2760661,0.2910144,1.4472525,0.06957397,0.79721737,0.060410645,1.0180619,0.34083432,0.9278102,0.45255712,1.2529005,0.33218923,0.4205415,0.009598369,0.24683332,1.5248865,0.1490811,0.1214297,0.37598702,0.70306444,0.33079708,2.5085146,3.5120566,0.14068122,3.8460743,1.455252,1.1810312,0.50637686,0.07574267,1.5975648,0.20664698,0.83323157,0.2041499,0.2153725,0.10569973,0.6378481,0.07402125,0.5515631,0.22558697,0.28898728,0.19815947,0.6968671,0.6649875,1.105892,0.89998734,0.10849519,0.82009494,0.0045650583,0.01966482,0.40151578,0.9342632,0.38250384,1.2716182,0.077400684,2.886511,0.10310758,1.0493398,0.24226418,1.3063774,0.8236783,1.0063624,0.7170922,0.937363,1.1353506,0.71071905,1.397838,0.119930334,0.20369571,0.8302341,0.76224375,0.45841,0.07759822,0.5366927,0.9353105,2.2182262,1.6577631,0.8190277,0.79420555,0.03053925,1.3682253,0.28125665,0.9876537,0.032787822,0.9263752,0.16650394,1.0857413,0.8730092,0.2660366,0.09820767,0.062220454,0.43663308,0.6535882,0.5916336,0.894851,0.27258974,0.12774271,0.047324423,0.096224435,0.44566476,0.27671206,0.14675182,0.5366695,0.21745595,0.4298835,0.94699943,0.16656175,0.0,0.036645874,0.7237825,1.4099065,3.8807557,2.143617,0.002257629,1.559016,0.5800242,0.17437907,3.2140229,0.15713216,0.37191728,0.53826874,2.556516,0.59308475,0.018918185,1.4422449,0.7196857,0.012291972,0.41866505,0.18713261,0.9050927,0.3791738,0.11461468,0.43543345,0.05805939,0.47969973,0.5553816,1.6654675,0.06299861,0.33436647,0.15741856,1.0536559,0.70754474,0.06473691,0.41890195,0.89213824,0.37304547,0.7939295,0.9652823,0.6659344,1.2135811,0.42961708,0.31250727,0.18763652,0.08754451,0.8131679,0.08601879,0.3919776,0.35632062,0.5109804,3.2542903,0.07518281,0.87891465,0.17334461,0.8824088,0.063044235,0.91094595,2.7368922,0.94101906,0.35215142,0.5335503,0.3389035,0.40471256,4.386863,2.5384078,1.0434277,0.11827021,0.13883708,0.42197043,0.324954,1.3886261,3.3599732,0.07601086,0.8526348,1.4808437,0.15316114,0.43255746,0.9243528,1.8516594,0.11935366,0.3627613,0.9024692,0.45881575,0.45921466,0.4083831,1.1904771,0.06434308,0.32428646,0.21508834,2.7828705,3.454279,0.78146994,0.7198959,0.57557356,1.2560915,0.074283704,0.6087356,3.060332,0.06184518,0.004005999,0.28101692,0.27253392,0.98795563,0.7197233,0.16847554,2.864733,0.06422541,0.124676384,0.030375466,0.25180852,0.41635233,0.49948022,0.71051586,0.66690916,0.8206996,0.18333645,0.9871387,0.04299423,0.026740244,1.0580986,0.28927428,0.051716764,0.74973017,0.5870877,0.36304614,0.15119243,0.6112324,0.93158567,0.0045495587,0.5084794,0.4834866,0.20315821,1.3370531,2.2762206,0.32950696,0.7388306,0.1794042,1.5995083,0.7544951,0.011581656,0.31847382,1.4387863,4.2448974,1.5141411,0.30068576,0.89042366,1.3988975,0.426692,0.3097635,2.3741317,0.065559976,0.33783877,0.22614965,1.1028231,0.5908651,0.009592339,1.8513062,0.434395,0.16434716,0.16648051,1.1226548,0.49583176,0.27948725,0.64194536,0.70734745,0.12105034,0.7249608,0.0069363643,1.183715,1.4611734,0.011329674,0.23604095,0.29743984,2.3068435,0.94382566,4.971348,3.4514365,2.4177358,0.049523294,0.60102564,0.5734166,0.5640837,0.6658532,0.026169619,1.1283602,0.0147549715,1.345305,1.0354166,3.7047963,0.2462601,0.20500794,1.454039,0.34556425,0.2781249,0.46459785,0.6000441,0.7593438,0.021960704,0.0,1.3183724,0.0008116289,0.838917,1.4232635,0.72702664,0.0022998722,0.023532381,1.6305008,0.68783236,1.1463007,2.2216039,0.87127775,0.38176706,0.39990178,0.17569906,0.2261312,0.55931777,0.06279555,0.015314004,1.4984719,0.38401452,0.0061069764,0.114449866,0.6865751,1.0178851,0.7836785,0.03117013,0.22131157,0.41665816,0.72851056,0.59459734,0.24219388,0.04742327,0.26425013,2.935264,3.2527068,0.8555032,0.34748033,0.0,0.5143692,2.3933542,0.19738026,0.9816484,0.1250201,0.44167256,3.3094208,0.0,0.15819892,0.0006148271,0.025570769,1.174082,0.0476159,0.5912073,0.086129755,0.24887921,2.4675088,1.0709236,0.29132593,1.0587078,0.1265293,0.3112924,1.9368759,0.3143949,1.3649454,0.5252465,0.30584836,all_pothole_images\pothole_images_enhanced_e6d32bb20e01355d3d4117b34665af83.jpg
2.153802,1.0351344,0.06051171,0.4737557,0.6699703,0.8157313,0.47515213,0.0017431324,0.42622966,0.15804434,0.4325304,0.41623852,0.42821413,2.793026,0.7948256,0.4905955,0.3413136,0.53696835,0.71978056,0.8245979,1.1828641,2.0441294,1.5253077,1.79256,1.537111,0.48929176,0.48224935,0.9790116,0.2758353,0.9926781,0.07803402,0.4106317,0.3933626,0.23339222,0.87054545,0.41649702,1.15801,1.8952851,0.84677356,0.3333931,0.42135814,1.1003361,0.39548275,1.5518857,0.7879855,0.77506536,0.08966573,0.25621012,1.3184786,0.3143435,1.3438263,0.4798929,0.47614685,0.70913804,0.029207963,0.18019603,1.3017131,0.06172418,0.21232365,0.87653095,0.2237554,0.00023581239,2.6107101,1.2232724,0.79263127,0.0876824,0.72741747,0.08562627,0.10204773,0.3772516,0.44569665,0.63681024,0.35609707,0.62314004,0.1708617,0.40717533,0.9184561,0.72968864,0.4536737,0.18856615,0.98890674,0.7783412,0.36980686,2.2401326,0.33999887,1.2255884,0.021975048,0.0213701,1.4769951,0.16390005,0.78427255,0.5913934,0.8993452,1.1525316,0.71482545,0.15472357,0.9380658,0.68548006,0.046642657,0.31464309,0.25411698,0.71478814,1.5773991,0.062179342,0.46711713,0.7795304,0.86352986,0.6547164,0.08790507,1.3794311,0.58012414,1.9233243,0.31176794,0.022756124,0.36074474,0.53358495,2.231733,0.58837605,1.1899526,1.2674291,1.4346879,0.5049892,2.6613717,0.30648395,0.030387778,0.19214231,0.13025089,0.0,1.2015319,2.5837326,2.3724895,0.77375877,0.97740984,0.26836824,0.059249707,2.739375,0.2194296,0.008665633,3.0919356,0.035500698,0.7987635,0.24532922,0.14934584,2.4305744,1.1834056,0.094171405,0.1929307,0.11089551,0.18073899,0.8550418,0.36805317,0.55637187,0.35355315,0.30553785,0.8753706,1.0837439,0.6694431,1.2998141,0.6871735,0.8313119,0.99672866,0.18453324,0.6143066,1.6663868,0.5031129,0.19681934,0.7057617,1.8408992,0.5755823,1.0638013,1.2802235,0.6985354,0.07276845,0.9178411,0.024297597,0.5872473,4.057631,0.22601543,0.48278832,1.5894071,0.056694802,1.0967922,1.673128,0.36695838,2.9251955,0.738762,1.3646226,0.10630237,0.010310133,0.07595245,1.2341872,0.10126793,0.37522906,0.4275239,0.8270607,0.706502,0.75954396,0.117939636,1.0229534,1.1095995,0.221336,0.3123817,1.4535621,1.6411464,0.40758494,2.7803655,0.36752337,1.3691581,1.0207468,0.035095748,0.6514326,1.0869403,1.7316828,1.7341479,0.830158,0.20000635,0.75530726,0.09733039,0.8084905,0.053094037,0.58374995,0.13978347,0.97129166,0.49807364,9.2606155e-05,0.22575419,1.827363,0.6424428,2.9560583,1.6129416,0.15408336,0.8839575,0.41910696,0.36206412,1.0012417,0.5345199,0.62872255,1.2579,0.08078371,0.44693655,1.3408558,0.23923628,1.6320641,0.20241137,0.017204557,0.022682939,1.3374791,0.5017981,0.4956402,1.6707779,0.2639254,0.011508111,0.033143837,0.53526634,0.06520737,0.60009843,2.3074615,0.90636367,0.3463244,1.042531,1.7048849,3.6950023,0.42962584,0.5322867,0.3705742,0.86080194,0.09546442,0.559042,0.8152011,3.4886293,0.019828727,0.12863342,0.14760354,0.017058209,0.0960133,1.2300092,0.7287803,0.535732,2.5947785,0.052727435,0.4021864,0.9912639,1.1045169,0.055545893,1.6707405,0.18653886,2.1016538,1.1080968,2.071553,0.040279288,0.13864094,0.83622336,0.43247527,0.591429,0.20550309,1.4391217,0.7979576,0.20771411,0.7515083,0.6995817,1.0064657,0.61351967,0.12105685,0.0076022665,5.53242,0.5364376,0.63073015,0.3599831,0.73564476,0.09995299,0.18689801,0.89389807,4.623126,2.0300605,0.055896536,0.23737635,0.40360004,1.1730921,1.7451462,1.8762807,0.06736276,0.50350463,0.83872354,0.7686714,0.42451864,0.21278624,1.9782531,2.5178003,0.65664685,1.419299,3.7533972,1.0437771,0.11709537,1.7741127,0.10933865,3.735768,0.5306829,1.0823872,0.36965105,0.5004301,0.24317998,0.92117757,1.061052,0.42143977,0.16237876,0.05662168,0.30552945,0.095695026,0.91921765,1.5651126,0.058998942,1.2746551,0.29259026,0.29526398,1.242002,0.30979383,1.2048793,1.2975949,0.072065026,0.41590005,1.34347,0.75651175,0.6902852,0.08716889,0.6878194,0.18996674,0.38982588,2.9300344,0.7615482,0.2783784,0.7228234,0.49515992,0.93497777,0.56124467,0.80636907,0.85626024,0.13459061,1.0907478,0.7033265,0.6813953,0.7463408,0.07556222,0.23391965,0.49392948,3.007697,0.10729412,3.4574397,0.53572935,0.22344017,1.0772846,0.4757305,0.30771247,0.29795256,0.44852802,0.6407322,0.11660802,0.21534191,0.99592704,0.85034865,0.0483891,2.2403097,0.12421202,0.25712535,1.573436,1.1993115,0.6037816,0.8277422,1.3317624,1.0729706,0.08316782,0.026706658,0.20126694,0.52389854,0.53389746,0.8019364,1.0879205,0.30529213,2.6978972,0.08079884,0.09374922,1.3219571,0.7284599,0.44878298,0.6243384,0.6085682,1.447473,0.1667953,4.5606556,0.2573186,0.37154037,0.21025977,1.3235153,0.26789546,0.899115,0.3679859,0.57114524,0.43601584,0.8281924,0.5423675,0.46176872,0.8243053,0.33068046,0.024538059,0.030696116,0.39802808,1.5781962,3.1304228,0.6168823,0.27986804,0.5046431,0.8050576,0.4559994,0.48344263,1.3478208,0.17052333,0.2041466,0.5697502,0.037208952,0.032004807,0.822592,1.4692668,0.93320847,1.3041853,0.046980537,0.20301864,0.30056506,0.12233824,0.4732272,0.04657369,0.5292662,0.23973054,0.68818617,1.0512072,0.5929103,0.5958534,0.10979523,1.1168019,0.6273804,1.9059477,0.41541764,0.086746246,2.1592758,0.35245505,0.5452177,0.6875992,0.6293584,1.1340166,0.4420586,0.59905964,0.50127935,0.14299527,0.22891216,0.52558017,0.32534903,0.015953599,0.13327634,0.5168557,0.7025091,0.052590787,1.5714091,0.6675117,2.3708105,0.88351876,0.6543415,0.23391712,0.1781079,0.28811315,0.9761791,0.22331518,0.1777297,0.023863614,0.5569502,all_pothole_images\pothole_images_enhanced_e6e95d4802f4584fecfcedf2d331b8ae.jpg
1.605893,1.0132024,0.64767236,1.8537172,1.3747756,0.5178871,2.0199816,0.25678164,0.21396379,1.566243,0.33327585,1.1854227,0.006343095,4.606284,0.44865087,0.51443183,0.12168713,1.2722958,0.50648993,0.019469218,0.6214958,0.81439674,1.0462643,1.03327,3.099567,1.560763,0.4772272,3.712295,0.5845177,0.07256746,1.6516385,0.333775,0.83043736,1.0079912,0.45498416,0.22658053,0.25118375,1.9343861,0.19117604,0.697887,0.015692182,1.5438609,0.43558624,1.8104941,0.21940868,2.0831416,0.38504395,0.032085877,1.2799253,0.4673675,0.9607067,0.6996764,1.5398115,0.02664255,0.35856494,0.70348334,1.8268695,0.058282584,0.75974584,0.54565734,1.5220745,0.01879715,0.49759144,0.109336235,0.99130416,1.8714048,0.13453574,0.1456847,1.6928401,0.13667463,0.78210294,0.2740026,1.1440381,0.08298569,0.3317681,1.4795065,0.18854308,0.19654839,0.32964286,0.2939451,0.06285565,0.78287375,1.1356007,1.228354,0.41531846,0.7274222,0.10556054,0.383808,1.6782614,0.3753581,0.34136838,0.38952488,0.36793473,0.92157793,0.3020478,0.29929706,2.5001044,0.17068858,0.28729016,1.0145754,0.06521616,2.6374125,0.663228,0.3528825,1.602389,0.52567846,0.78357726,0.7788882,0.4240489,0.14248174,0.009854536,1.5103716,1.6070566,0.3940103,1.8849123,0.14201668,0.5191042,0.42711782,0.44626242,0.4173729,2.6743958,0.63691366,0.98268545,0.2826842,1.2205532,0.00061988377,1.8964875,0.18213218,0.109272435,0.13622992,0.7857053,0.30483633,0.04913929,0.346665,0.9416782,0.4383417,1.101309,1.1229562,0.63460064,0.121881105,0.6373454,1.5328646,0.37527528,0.9432954,1.1617547,1.7099109,0.076098226,0.5973036,1.1981442,0.41875115,0.83022004,0.82985157,0.060898494,0.12216521,1.744384,0.36936817,0.6395027,0.78580576,0.38872916,0.38408005,3.1548212,3.0643883,1.1372608,2.8273191,1.1822443,0.39491418,0.7385089,0.23745222,0.8137469,1.498247,0.54446334,0.039548542,0.13877693,0.3839711,0.47992873,0.04814849,1.3529601,0.091391705,0.6702803,0.18517447,0.05846684,2.1362202,2.3980067,0.43960857,0.954355,0.8724936,0.6229298,0.96471107,0.5272143,0.7295592,1.0015652,0.28600135,0.2563428,2.3157723,0.36967802,0.1862797,0.6718887,0.5676112,0.31524968,2.0772123,0.54171306,0.9999948,1.3376467,1.113625,0.36914238,0.3330877,0.15723658,0.28019655,1.5018293,1.0396334,0.7024513,0.71394056,1.4342545,0.1802384,1.104395,1.9012692,0.93062794,0.1609076,0.55323243,1.0278397,0.931185,0.5766899,1.5548782,0.05827777,0.6387855,0.46431345,2.3383675,0.89540344,0.29145822,1.3611526,0.36523068,1.4615165,0.31805933,0.5184116,0.24319394,0.1967617,2.0054944,0.8828145,1.1001594,0.16043721,0.72277844,0.552119,1.1778342,0.9217301,0.032619674,0.063298844,0.744675,0.8878381,1.1517903,4.1830664,1.8513852,0.12330184,0.51853234,0.90054685,0.0,0.8913377,0.07707836,0.8565865,1.4769666,2.4412832,0.99195135,0.81849235,0.4574616,0.52076805,0.09529282,0.76023895,0.74953693,0.2112943,1.0696156,0.50381845,0.7677507,0.14274779,0.5012475,0.31359524,0.5128061,0.75098073,0.6452885,1.656425,0.5554737,1.2888218,0.81801224,0.029019758,0.97602284,0.82968557,0.92555296,1.0216509,2.0151327,0.7606341,1.6716342,0.37184745,0.17206651,0.09000658,0.6216121,0.2568615,0.40392938,0.50564396,1.0726955,0.6470269,0.017315127,3.09726,0.70492053,1.4667246,0.038852286,0.04796006,1.837051,0.20950669,0.097770065,0.8650303,0.022971885,0.5866602,0.691842,1.12829,0.82890046,1.3744545,0.45927626,0.48576447,0.32604274,1.0101131,1.4057853,1.0440736,0.4182053,0.43403938,0.81674844,0.5772863,1.416199,0.5373787,0.032572098,0.64773047,0.26106307,1.3180828,1.6086951,0.184694,0.009143263,0.6317999,0.9154254,0.6884716,2.0669932,1.2104961,1.1958134,1.8194997,0.22784977,0.70976764,1.0279857,1.571261,0.8815043,0.16311255,0.25580582,1.2014886,0.6315138,0.36614957,0.13826478,0.86206627,0.74534935,0.23921801,0.32160085,0.26725394,0.2999825,1.3365079,0.2662045,0.30670273,1.3642416,0.029423192,0.66476005,0.74447316,0.02599741,0.10553123,1.8568524,0.92795944,0.9532939,1.1589346,1.1358579,0.39993444,0.63379425,0.49269244,0.1324555,0.011915088,0.020643905,0.32438684,0.63928294,0.047090024,1.9284319,0.3144366,0.06853894,0.5289728,1.7844248,0.7468163,1.0083272,0.03569782,0.045710884,2.2437062,0.9705216,1.7218753,0.4593828,1.1213099,0.78023463,0.22842479,1.1725552,1.3348614,0.87050676,0.41041037,1.0135698,1.080606,0.6277233,0.8826803,0.49145398,0.7951355,0.16078924,2.0486908,0.60427034,0.13129057,0.2352284,0.9943416,0.04221018,1.9499056,0.0,0.45121166,0.73914135,0.5626064,1.5702535,0.0057819416,1.8472949,0.61228,1.5592524,1.1408137,1.991327,0.19524366,0.45811507,0.5451908,0.40274662,0.6680034,0.16405493,1.1449893,0.914768,1.4009602,1.6339687,2.849288,0.58825696,1.074306,0.08096841,0.38941526,1.4053108,0.86790454,0.02585537,0.013826632,0.0,0.0012289668,0.20164457,0.47099474,0.059492063,0.31807917,1.4008082,0.28070733,0.34439912,0.4853524,1.1898545,0.20899467,0.5363196,0.15895133,0.065403715,0.93422043,0.9399031,0.5053001,0.6600632,0.33138937,0.626124,0.44193166,1.1210631,0.16887544,0.88603437,0.57173115,0.11975694,0.6229086,0.3149006,0.2881457,0.67242503,0.68567944,0.8172931,0.41139898,0.8257493,0.15972264,1.3340279,1.255186,0.8791139,0.8539719,0.092474714,1.0179554,1.2988019,0.46057335,1.7061157,0.0,0.7358923,0.73584914,1.0532681,0.08780907,0.4739059,0.29229078,0.729005,0.14193852,0.797076,0.68600476,0.45444834,1.8340584,0.84833694,0.9896863,0.32906651,0.23302938,0.5730922,0.5250469,0.13337843,0.42805395,0.103949554,1.203361,all_pothole_images\pothole_images_enhanced_e72ea3f620232e55b98fd98231a6492a.jpg
1.9710383,0.20362371,0.2207348,2.0955384,0.99891114,0.15257557,2.0685463,0.038713876,0.66945255,1.0928475,0.20612915,0.776217,0.38758814,1.8148607,0.11145326,0.34268215,0.010301917,1.2504212,0.059956793,1.1758957,1.2433041,0.6034148,2.667638,2.0842676,0.46633533,0.72495764,1.197498,1.8582779,0.32172608,0.72504914,0.1757096,0.6644686,0.46048167,1.4041504,0.22787571,1.0671605,0.030959433,0.84122247,0.5883814,0.022344254,0.0070626745,1.2531024,0.49824843,0.30043715,0.037271395,1.6685319,1.8073049,0.07720535,0.23392999,0.70011306,2.7680047,0.4326547,1.909158,0.059759974,0.5058498,0.77130336,1.8396105,0.6934733,0.40739587,0.19635846,0.4315612,0.6683446,0.2910936,0.6732137,2.300284,1.3779964,0.96041757,2.0253055,0.05159649,0.76343155,0.39091748,0.45499104,1.2404498,0.8520575,0.61766446,0.22284642,0.14786783,0.3796657,0.15342985,0.00066628587,0.062110826,0.104623206,0.7970187,1.292865,1.0038776,0.49952385,0.50797397,0.5876579,0.18337752,0.019867534,0.9294007,1.0385624,0.049591225,0.16576292,0.335123,0.6142441,0.43332022,1.437432,0.33236897,0.0015917019,0.08241161,2.8011873,0.18340959,0.23513013,0.65826476,0.3971141,0.09665678,1.188621,0.241775,0.79884416,0.7733822,0.12461291,0.5447386,1.5263221,0.4255927,0.33538336,0.30911192,0.3264903,1.5259293,0.7472764,1.7222834,0.6977891,1.3764341,0.8150875,0.8656065,0.4507393,1.2941182,1.4336692,0.47972846,0.16932933,0.5362394,0.2368091,1.3191986,0.15728003,0.6113429,0.08237798,0.16500644,0.7230236,0.38667095,0.21917102,1.4692271,0.78130776,1.8071753,1.1857243,0.24917813,0.95893127,0.22399269,0.4457761,0.042736385,0.019440426,1.684417,1.3118938,0.03311467,0.0723759,1.7974032,1.7641532,1.5893028,0.5962281,2.6262643,0.4662822,1.9421954,0.41323423,0.363073,0.45363367,1.4986633,0.26172814,0.42869484,0.24644192,1.1320758,1.7632899,0.7521772,0.07294035,0.019246843,0.28835425,0.44396225,1.93995,0.39924636,0.004276984,1.0971091,0.06644819,0.011034552,1.209409,0.18935318,1.2411349,2.0915067,0.28254977,0.76112163,0.16850612,0.536594,0.9912917,0.61881965,0.08897514,0.7632406,1.2359275,0.04116079,1.3557475,2.0291917,0.4984653,0.47804788,1.3582072,0.8483491,2.1344426,0.89963096,0.2912255,0.2653006,0.4326869,1.2390194,0.63508993,2.350786,1.497482,0.096173614,0.07425092,0.36893797,1.06805,1.4108999,0.6671264,1.7411113,0.26877812,1.557813,0.0943265,1.0961822,0.010157829,1.0855163,0.3237865,0.0,0.19614363,1.2002795,0.5621041,2.0922844,0.0,0.21669014,0.053889867,0.7114602,0.55757636,0.57743454,0.0005839571,0.32923684,0.2511294,0.13401599,1.28623,0.5561823,0.011497962,0.21717635,0.8078824,0.04503079,0.08710862,0.8330693,0.08270405,1.6354512,4.9924955,0.8381007,0.8137574,0.035528254,0.3583663,0.026255395,0.3578917,0.30394852,0.05127929,0.7554304,2.9812255,0.5565824,0.82373613,0.21944971,0.38833204,0.050726596,0.072211355,0.52633286,0.727163,1.0180604,0.22883126,0.5894109,0.16231385,0.25783795,0.2697992,0.025323609,0.888627,1.1340196,0.466463,1.0788122,0.6652278,0.7687215,0.68474764,0.7807494,0.8351772,0.0067612533,0.8637948,0.82590824,0.08550712,0.7707475,0.018586397,0.13790864,0.056256197,0.118142806,1.3561351,0.14966707,1.0597404,1.107796,0.0,0.38440222,2.5981367,0.73338836,0.26863575,0.8568411,0.35960826,2.0496895,0.13542093,0.3781133,0.0,0.63126016,1.3747624,0.90860677,0.89375675,1.0052035,1.9414861,1.1464981,0.005157243,0.03294574,1.2998936,3.5039794,0.3777456,1.0371107,0.0,0.6317297,1.9557974,0.9892077,1.5234075,0.5965017,0.078831196,1.6433693,0.031385463,0.22529115,0.00598617,0.4965761,0.28225306,0.03419304,0.29264072,1.7634009,0.15080066,1.2704993,0.65804607,1.053801,0.13474654,1.9177442,0.44815674,0.646309,1.1339371,0.38069585,0.07741594,0.090239175,0.20797819,0.5166964,0.85471165,0.15488827,0.76991284,0.52914727,1.3960774,0.33293983,2.447452,0.79798406,1.8947597,1.4797821,0.9799988,0.31401488,1.5327618,0.0052775154,0.46668985,1.1809118,0.068621635,1.066053,0.90207267,2.0645442,1.1307459,0.8815227,0.40577012,1.28129,0.84646666,0.6667285,0.27346775,0.9348364,1.4840227,0.6101552,0.17581108,0.08390662,0.82697725,1.7001355,1.8536716,2.4042308,0.008848548,0.0,0.9596515,0.0,0.7112596,0.4690939,0.83112264,0.0,0.4333297,0.2755643,0.5510775,0.98993325,0.49322173,0.03488162,2.3373652,0.825046,1.1243944,0.1799845,0.45890123,3.3996022,0.3741314,0.46687624,0.4197256,0.9586256,0.110671364,1.3182724,0.61649895,0.16159002,0.25901696,0.3325948,1.1365694,1.1712602,0.14659311,0.92503744,1.6876872,0.16428086,1.5675273,2.267819,0.5869881,2.1064057,1.2218264,0.9187398,1.6921993,0.052739657,1.1345655,0.55967903,0.67786175,0.48340535,0.6725352,0.108174294,0.7800007,0.0037322743,0.018725634,1.1653261,0.17238702,0.0,0.40246013,0.78401667,0.025642723,0.65426165,0.6553757,1.5591141,1.4420004,1.6862104,0.78963095,0.61647505,0.24954392,0.49796793,0.34610772,0.06124492,0.0002150443,0.48492527,0.89717644,4.9354243,0.9946594,2.4271722,0.6386199,1.6690396,0.048079308,0.0,0.0,1.0745305,2.0305924,0.82624054,0.09120497,0.04364821,1.8829778,1.3724902,0.6976337,0.108929,1.039983,0.0,0.014534197,1.1964235,1.4226191,1.7427722,0.8591496,0.59448874,0.17751296,0.5919249,0.036975145,0.64736605,0.0012412093,0.11019774,0.49161568,0.0,0.55377954,0.07101551,0.059824627,0.020231627,0.68109393,0.5310216,0.5353246,0.75151294,3.9047244,0.06474863,0.56307954,0.010574073,1.5910629,1.1009271,0.76468974,0.199781,1.6808523,0.3596736,0.022564124,all_pothole_images\pothole_images_enhanced_e743ef46ece663fec9dc59897bef6ac2.jpg
1.2386004,0.3710999,0.015356144,2.9497187,0.086099006,0.32557812,1.2069012,0.047958013,0.110364,1.187857,0.5293102,0.68547904,0.75439364,1.2439363,0.13808583,0.0,0.13136701,0.94381976,0.12770204,0.120927125,2.5544143,0.6804639,0.0,0.21579255,1.7552371,0.81649554,1.1529362,2.4281,0.013245576,0.14482802,0.3631248,0.21276245,0.008092892,2.2267804,0.021587271,2.1494608,0.5210793,0.87771153,1.2137768,0.3110935,0.22279444,0.36792022,0.29624137,1.5408157,0.3690832,0.5527392,1.9292865,1.210611,1.0745605,2.378907,0.79553175,0.49133122,1.2826977,0.48907351,0.49573517,2.0001032,0.6638369,0.7091081,0.05429223,0.3634532,2.3120902,0.26514274,1.4375454,1.0123843,0.33287537,2.1913607,1.7391784,0.70817673,0.42274556,0.5791575,1.955392,0.11380594,0.3371948,0.0,0.082534805,0.0,0.10753428,1.1064025,0.110091165,0.035088085,1.201093,1.2281135,0.250514,0.6027158,0.07566747,0.1551849,0.11160416,0.048852663,1.7699943,1.065746,0.44127825,0.034513216,0.21749309,0.23356861,0.44244796,0.59791434,0.30514768,1.0149523,0.063358836,0.5381859,0.1706154,0.86880195,0.95229477,0.7532532,0.97118807,0.46671167,0.0652456,0.0062696585,0.054548,0.07093876,0.0972267,0.20817822,1.4726082,0.027411854,1.0146866,0.014479437,0.0,0.6924612,0.83823663,1.9214832,1.4874454,0.13453464,0.22658394,0.78590876,0.14083754,1.293765,0.84472966,1.1809118,0.15757541,0.826825,0.27676296,0.04693349,0.1958439,0.08859587,0.95800817,0.5596262,2.4766376,0.3073515,0.46605852,0.47735587,1.067713,0.077045456,1.1299409,0.066307366,0.25138128,1.9291074,0.3472729,0.87542504,0.038133636,0.46348205,0.4888784,3.992072,0.17411715,0.045512,0.21186505,1.4651008,0.31860498,1.5908165,1.9565629,1.0606658,0.42158958,0.46726108,0.502266,0.10400102,0.025052536,1.364734,1.7965044,0.7313659,0.24678257,2.3740695,1.4285352,0.37711248,0.7273433,2.2803895,0.0,1.9239055,0.05927814,0.014468858,0.09838315,0.6649419,0.4882614,1.6907519,0.7269817,0.047600906,0.6141785,0.43901318,0.034029882,0.5313734,0.20811412,2.8747425,0.036338966,0.9363372,0.8390127,0.080010265,0.5562484,1.0429293,1.3845702,0.0,0.5867604,1.173492,0.31286126,0.812514,1.2619345,0.0027735096,0.28408134,0.0017650923,0.91923326,0.0,0.6852817,0.9431872,0.25161183,0.3027851,0.8581022,0.5837831,1.7613187,1.6032997,0.1058242,1.4878179,2.2329082,0.037005108,2.1006184,0.3462059,0.12751883,0.813233,0.0,0.113373965,0.53248286,1.9600031,2.8980026,1.2440481,0.45944765,0.05816436,2.4438303,0.23389773,0.12002183,0.06991915,2.3219035,0.5411415,0.08294719,0.07156073,0.08326629,0.01394577,1.212678,0.4521007,0.0451133,0.045064867,0.15222864,0.49756563,1.0485308,6.7230315,0.3217384,1.8780317,0.1021653,0.20747505,0.49113595,0.5673328,0.514234,0.9296185,0.011177183,4.594811,0.97103804,1.5265462,1.2077924,0.06106431,1.2480782,0.28891888,1.3822044,0.4454936,7.4588947,0.38338062,0.70444095,0.47457862,1.2994151,0.0023601614,0.058211304,1.7176242,0.3355302,0.7655245,0.37377566,0.7869195,1.3058385,0.21145862,0.1307106,0.88197666,1.5043732,0.0,2.3474896,0.82049525,2.3323097,0.10824879,0.053179458,0.38031068,0.22084054,0.034942765,0.9888299,0.07145575,0.3211053,0.15631658,1.1622764,3.191917,0.8288396,0.6357792,0.05876106,0.00034051423,6.60182,0.03516923,0.2638463,0.22186594,0.8339888,1.1108357,1.6031504,1.2543193,0.96978873,0.7630109,1.2739328,1.3376373,0.2340785,0.98254406,2.1638536,0.74654377,0.14312159,0.0,0.7216068,0.38553423,0.03603877,0.45736313,0.60009557,0.15013854,0.5617157,0.24529433,0.8611626,0.79948425,0.0020317766,0.61060035,0.024004225,0.027363133,3.4805932,1.1502242,0.9810797,0.82827467,0.51727456,0.37220055,2.3843172,2.268306,1.4123796,0.9821757,0.1821898,1.6210225,1.5100923,0.016762383,1.715569,0.3220344,0.074755035,0.11183505,0.40533,0.2521193,0.4178588,2.2303793,0.6135433,0.5428327,0.021349914,0.53671676,1.1211905,0.48699102,0.034044955,0.0,1.1144985,0.00089720864,0.1277839,0.7635378,1.836074,0.9793691,2.3571105,0.42473885,0.0244308,0.27329615,0.2720516,0.0,1.0021697,0.12034417,1.2955147,0.11908026,0.5455988,0.46669772,2.7875762,0.6538331,1.7801181,0.43191943,0.08415858,1.240234,0.71810883,0.19234367,0.11054087,0.14670853,0.4255242,0.35778102,0.04180087,0.52669495,1.0062591,0.2460779,0.15258737,1.393528,0.16303535,0.003646152,1.0597491,0.8387335,1.2134221,0.10306247,0.47907913,0.28541654,3.4007013,0.63518995,0.019888444,0.697186,0.6530709,0.33728245,0.008989345,0.68710274,0.7525744,0.27498958,2.4082136,1.3782213,0.108605966,1.0717589,1.1653119,0.20805372,0.25367397,1.2886364,0.08567191,1.8011932,0.035094995,0.0,1.2103517,0.4200071,1.0132366,0.9236991,0.33543777,0.6384465,0.01430238,0.6127531,0.72426075,1.4761438,0.16594404,0.007641081,1.0074607,0.093133226,0.5735525,1.1789448,1.0074618,1.3181748,2.1273563,1.3744564,1.6149707,0.5877519,0.7559827,0.5171298,0.11946357,0.038459092,0.033421967,0.11474435,5.263756,0.05168532,1.1365464,0.70431346,0.24456196,0.55578464,0.09720752,0.0,2.2146358,1.0870609,0.020979313,0.09626606,0.032713667,0.015032355,0.13817516,0.21578792,0.8765295,0.6766313,0.9216387,0.09088623,0.0013100863,1.1397619,0.69089735,0.56478345,0.8274857,0.016598668,0.17662884,0.009748608,0.33922702,0.0012249446,0.7927542,1.892806,0.0072354428,0.9598166,0.12590511,0.5124899,0.17502017,0.53055704,1.6223323,0.14818197,1.4890556,1.7701793,0.010530301,1.398138,1.8107486,2.2041411,1.3317455,0.44175592,0.51939654,0.29401258,0.016027395,0.078579485,all_pothole_images\pothole_images_enhanced_e7783f94ff6cfeaeadaa4124054f01fa.jpg
0.11271585,2.524647,0.7721179,1.9042186,0.21955009,0.109265156,0.1882816,0.34447223,0.43824005,0.86166817,0.8938695,0.39145917,0.098943844,1.0117931,0.67689264,0.16189614,0.8466571,0.25316113,0.8468461,0.00412306,0.1405125,1.2088348,0.19613235,0.6312149,0.22395411,0.20745908,0.27423623,0.9806967,0.089404166,0.9310739,0.60036796,0.10876051,0.3197949,0.5527217,0.019968593,1.4683486,0.15659581,0.35114732,0.08159254,1.2020607,0.45465162,0.65738153,0.44342017,0.32092437,1.7679591,0.30670592,0.14712362,0.13250583,2.520962,1.2208481,0.28669778,0.555303,0.19312471,0.51892483,0.19372001,1.4742671,0.5314603,0.3379358,1.2159411,0.23559973,0.10448631,0.2972991,0.32449627,1.2137637,0.34492445,0.731245,0.6266644,0.17727984,0.7233396,0.35908875,0.46595374,0.36788052,1.0050567,0.30996633,0.36012325,1.0392414,0.12884971,0.5158445,0.0019896436,0.21644604,0.3241645,0.1653939,1.2259076,0.48116565,0.982188,0.53693324,0.28281587,0.070683874,2.9980469,1.7172365,0.0,1.4367388,0.81134653,0.6728621,0.6152987,0.67161965,0.9158573,1.3222597,0.66512203,0.14101355,0.34137258,0.58809716,0.6898441,1.402361,0.908447,0.0006629355,0.59547055,0.13175964,1.0000341,0.82845944,0.12793063,3.3354971,0.08382364,0.33200607,0.656522,0.18820408,1.0741556,0.21230265,1.1548201,0.0949319,0.99878925,0.3395406,0.0,1.4105252,0.47035295,1.4671371,1.2175626,0.33029735,0.44393465,0.6783712,0.592773,0.019803684,0.30069187,0.28890955,1.2727295,0.10302865,0.38276166,0.78497845,0.3617851,0.016204253,0.14683378,0.21065861,0.24775861,0.32942292,0.31878433,0.89620954,0.46292105,0.4169692,0.517218,0.6230067,1.0223411,0.17183445,0.16143341,0.44646466,1.709465,0.439261,0.40869802,0.43114954,0.20937215,0.7294953,1.237766,2.5380542,0.27009138,1.0585726,0.66461873,0.84208435,2.2540777,0.4111874,0.3759644,0.90314513,0.22559318,0.47083226,0.12563425,0.14112909,1.6893464,0.0004963639,0.98897284,0.003679514,0.36969453,0.25914362,0.042551722,1.0475621,0.68639326,0.20717385,3.7469108,0.6691511,0.3276219,0.63064104,1.0416249,3.554343,0.3882714,0.65602875,0.5261629,1.1221606,0.8650055,0.23362942,1.6959035,1.6170475,0.20215848,0.8908407,0.19474545,0.27972934,0.19062965,0.11608055,0.67586267,0.65193874,0.41847965,0.95361453,1.603179,1.1669708,0.085414946,0.6565969,2.0643232,0.12811159,0.4199973,1.4253027,0.0,0.0591562,0.37965703,0.22992474,0.30982393,0.514166,0.25723603,0.37393788,0.0,0.1571475,0.41045535,0.7561428,0.68454695,0.87979686,0.21349818,0.01899671,0.4326891,0.26618207,0.3123458,0.73045206,0.99491286,0.38593787,0.2892737,0.0077801757,0.97385484,0.3030523,0.20419206,0.5499225,0.043844182,0.0023697682,0.3975412,0.53683114,1.0302927,5.0422735,1.0320802,0.68035126,0.40441877,0.032656845,0.2518311,0.22890799,1.0398703,0.5226775,0.8557702,1.6798779,0.04217146,0.0019202629,1.1006508,1.0342864,0.98852396,0.41777343,0.39927253,1.3033953,0.78580123,0.2594729,0.62897885,0.2568609,0.64855486,1.3568738,1.4499418,1.7876859,0.15745315,0.24837166,0.33086905,0.36338845,0.23629121,0.4600256,0.2770806,0.8289732,0.81351787,0.8534921,1.0774662,0.48652083,0.1204253,0.46473047,0.22314978,0.79715556,0.040081047,2.3367572,0.7419067,0.39749607,0.29626793,1.9438759,0.15317732,0.81188136,0.16135038,0.84816724,0.0005843124,1.14415,2.5514936,1.0659628,0.07978276,0.30369064,0.73230004,0.8040142,0.0,1.3179975,5.0384045,1.8907433,0.056400813,0.8857931,0.7931703,0.10207667,3.3855205,0.20808935,1.0636282,0.3828827,0.8724877,0.1073081,0.19864458,1.1145467,0.34160924,0.56770664,1.3555803,0.072205015,5.0283914,0.70569026,0.39065355,0.036113866,0.28261983,0.0047631944,1.1751782,0.28217837,0.35349748,0.53294253,0.63896316,0.31701767,1.1673769,1.6293663,0.80574036,0.7416373,0.17408484,0.34183642,0.017437903,1.8286449,0.6047756,0.9041324,0.04943941,0.3559466,0.23637882,0.2421034,0.042914048,1.3910855,0.62075865,0.4268695,0.15291122,1.4759904,0.74602544,0.44578272,0.081490375,1.2196406,0.7511653,0.35279882,0.01439847,0.53287464,0.31346753,0.5212512,0.21310027,0.5396965,1.0827427,1.504173,0.25309253,0.53598434,0.13954034,0.45792535,0.35004848,0.18400905,0.85603136,1.1687485,2.7961223,1.0023012,1.0614065,1.9462812,0.081826545,3.232438,1.5478123,1.1012497,0.13923673,0.5232538,0.34296763,0.84772676,0.81218195,1.9301983,1.2969209,0.5405705,1.1753494,0.065916754,0.014313258,0.1553161,0.52009237,0.12111017,0.21966925,0.942328,0.31403536,0.02889423,0.14518589,1.1661469,0.3659617,0.23117529,0.02004493,0.1852053,2.8881123,0.15470323,0.27254435,1.1330917,1.0382098,0.052461013,1.6751534,1.6614622,1.2991905,0.24440432,1.302175,0.38174683,0.48856276,1.1454403,0.33304155,0.60732603,0.33866647,1.1454546,0.3670395,2.9230795,1.0883514,0.62609386,0.09462295,0.72213084,0.23988304,0.6664081,0.3958319,0.031824246,0.18902108,0.058848705,1.6168184,0.48669428,0.44574246,1.5235084,2.3737116,0.3298452,0.20797993,1.5710734,1.4867396,2.0893512,0.38985625,1.513623,0.99871916,0.41876492,0.2150787,0.0,0.5668674,0.10865537,1.4232894,1.4925717,0.31851706,0.020936357,0.41958892,0.51848143,1.5669817,0.27837178,0.53775126,0.13668367,0.52389234,1.0753862,0.0053389748,0.5539553,0.1323929,0.45733377,0.1445047,2.3284676,0.84302205,0.39844936,0.11986829,0.20419629,1.2384874,0.03504155,0.8243413,0.14988723,0.41346705,2.387635,0.4967611,0.02834832,0.03464224,0.32065713,0.0016958354,0.26437542,0.6178416,0.5684147,0.24198729,3.1819694,1.214976,0.24275947,0.97469866,1.547929,0.17056084,1.744646,1.4002383,0.48669225,0.30057222,1.5017389,all_pothole_images\pothole_images_enhanced_e78be2fafba45c8e4ced4d4a7930e615.jpg
1.538032,1.4817841,1.2573308,2.2952821,0.3981716,2.2476785,0.5178231,0.14197034,0.33627638,1.0213541,0.22981787,0.2995939,0.21488205,1.5352418,0.19999532,0.6416849,0.012770808,0.46301168,1.7447419,0.26496947,0.6162068,4.4860106,2.593028,0.8105459,0.25070074,1.1994913,0.21090445,1.3353165,0.6195416,0.45292667,0.43732226,0.2535716,0.5071272,0.16622168,0.98813426,0.51868695,0.24299273,1.108942,2.7885213,1.1777647,0.53969353,0.41878206,0.22558348,1.0271263,0.74669707,0.36999336,0.3882303,0.0054301023,0.9958319,0.3749944,0.2835087,0.5929413,1.0598145,0.20407096,0.007132868,1.3738333,3.2501638,0.42293504,0.8433104,1.5076449,1.0026318,0.57171285,1.5750654,1.2171829,0.5843476,2.1571286,0.90710795,0.5547287,1.1271515,2.1828496,0.8067312,0.15899028,0.20238456,0.14453642,0.54344386,2.0349038,0.6916148,0.38805428,0.47550407,0.8813,0.28308445,0.055002168,0.0,1.9715554,0.7848536,0.13552248,0.083834045,0.24666665,2.9474876,0.60980105,0.25302175,1.6508994,0.22126515,0.05349123,0.23419514,0.14726235,2.361324,0.5322631,0.46146446,0.7135151,0.04301797,0.64437366,0.36094964,0.37601689,1.1377995,0.52234685,0.033553574,0.28572354,0.9915896,1.0900774,0.072597966,3.5831935,1.0025074,0.15269713,0.95983595,0.014237512,1.130301,1.3888428,1.2125088,0.92457104,1.5697908,0.9133751,0.5503832,0.9218221,1.215717,0.94714105,0.71096444,0.52612007,1.0430285,0.8259271,1.0979314,0.0047031804,0.009700462,0.30396116,0.023725137,0.09165649,0.041804682,0.4397776,0.33124676,0.3079336,1.1716506,0.5435931,0.22974637,1.3381877,0.2736897,1.0724998,0.58025396,0.19154395,0.6758141,0.11895812,0.16973707,0.4133298,0.058706593,0.5752815,3.1591697,0.716925,0.1082434,0.71436924,0.9466414,1.037139,1.9382926,0.78824604,0.22795054,6.758018,2.2870712,1.1302177,0.7750725,0.12674506,2.4142854,0.12601645,1.3979526,0.07166065,0.041818034,0.5423794,2.0520587,0.54708135,0.6332668,0.20656778,0.27582425,0.5537687,0.36852062,1.659734,1.2431221,1.416127,1.3744812,1.5654862,0.30937165,0.30204627,0.06911765,0.861442,0.21820515,0.38143566,0.15454961,2.7457044,0.20013288,0.063392036,0.25203538,2.535941,0.4056955,3.9007635,0.295799,1.0991307,1.3287288,0.84865373,1.1292915,0.28295517,0.6160383,0.53313947,1.2028718,0.31427905,0.113509685,0.08866149,2.3473246,1.3197049,1.7126973,1.3888998,0.33072206,0.5936251,1.0924108,0.11192437,0.417856,0.8353802,0.25342992,1.5749496,0.20705672,1.1841128,4.5301213,0.27534026,0.19411951,0.09751642,0.058582343,0.9134665,0.17125964,0.027003821,2.8439093,0.03797919,1.5103986,0.031140942,0.081934415,0.26306674,0.04387655,0.036290992,1.1458424,0.044741616,0.0707303,0.025976924,0.22716892,0.9293359,0.71195143,3.1053405,3.1034067,0.08109591,0.4801399,0.02064615,0.07888012,0.01129512,3.315008,0.25433108,0.40506098,2.2176464,0.0029950216,0.1255885,1.1699709,0.68601406,0.75702417,3.599157,0.086045206,0.38118762,0.5178305,0.018079652,0.15441006,0.13268016,0.0,0.73211694,1.7450157,1.6260765,0.98753965,0.70628184,0.24259393,0.68303245,0.6287437,0.9566972,0.35811117,1.5060943,0.54436725,0.9155806,0.433363,0.41970226,1.8109158,0.065853804,0.09225672,0.04459679,0.26400006,1.2461694,0.07973612,0.77706975,0.42818972,0.9655903,1.5812231,0.08176683,0.0,0.896071,0.3558721,1.0975776,5.652844,0.13832588,0.4730537,0.8409223,0.06932217,0.61783,0.8986715,3.6387877,3.7923691,0.5762185,0.76901156,1.0940063,1.0477854,1.2521995,1.7183024,0.953033,0.51858574,0.07471377,0.1780192,0.9261967,1.5813318,0.5776226,0.9805751,0.017245749,0.811505,0.032795236,2.752275,0.46359715,0.37722933,0.4660791,0.52591634,0.9411848,1.4602253,0.08475531,0.122608475,0.08772219,1.0195554,0.59460044,0.83920085,0.43004647,0.45578906,0.036249034,0.046373338,0.6748451,0.2689039,1.4783708,0.73036784,0.22147422,0.63933957,1.0840226,0.60300165,0.17416327,0.1966176,2.2515354,1.8812078,0.039816733,0.1739441,0.20389019,2.6395628,0.26284313,0.299568,0.60861695,3.1525562,0.62460536,0.016724462,0.6268131,1.7125114,3.2257354,0.4311676,0.16444297,1.3546722,0.0044671213,0.009562362,0.46565723,2.0031197,1.062641,0.6816298,0.018175414,1.8253425,2.3111677,3.533753,0.69173217,2.0104613,0.4107083,0.08019066,1.6842754,2.29725,2.0076542,0.360485,0.47028396,0.1747425,1.1114239,1.1505574,1.5748614,0.18948542,0.049748532,1.4409394,1.886341,0.103270814,2.8281102,0.11572238,0.23380975,0.064830996,1.1244555,0.03911995,0.12815905,0.91666895,0.8242164,0.9365386,0.3369582,0.1604955,0.20677976,1.0726141,0.73972553,0.82551533,0.0129578095,3.1116893,0.6927071,0.82876545,1.8340871,2.721796,1.8506178,1.226127,0.56713206,0.9098696,0.778722,0.35885626,1.1643618,0.09473515,2.586223,0.098460354,4.8175497,0.7355841,1.2444059,0.4356411,1.8858991,0.3225419,0.25948802,0.019424047,0.88404095,0.0,0.0010521237,0.6043078,0.5014707,0.83784574,1.415999,2.062308,0.12561272,0.43323788,1.2142384,1.4070139,2.8350008,2.4280994,0.41419595,0.02046034,1.0064648,0.9311013,0.09322865,1.2540077,0.58523923,0.85233456,1.8568463,0.06762423,0.10541083,0.37078795,2.751884,0.99342626,0.7583828,0.20501655,1.2434807,1.2892647,1.4641521,0.9386008,1.3838964,1.2196336,0.0,1.0504806,6.827179,0.55790097,0.16775513,0.0,1.7382861,2.530711,0.05239171,0.28871486,0.3581969,0.06041674,0.33992347,0.09504215,0.036408756,0.7250089,0.2140397,0.92338717,0.5406331,0.38548422,1.3227147,0.026714677,5.6408973,1.4595954,0.12877464,0.9587065,0.6210647,0.103140034,2.1298504,0.26979536,0.91783047,1.1598628,0.47701293,all_pothole_images\pothole_images_enhanced_e7abcee34559975a66b520d3c0692007.jpg
0.4710962,1.1590288,0.1248446,0.27268618,1.2524892,0.1715865,0.6732254,0.015647525,0.6547244,3.077348,1.8032126,0.26395756,0.86514384,1.7884781,0.63677895,0.59387827,0.46960756,2.5426812,0.22731987,1.2693748,0.9737557,0.5440631,0.48660114,1.7226084,0.5203471,1.1422085,1.4566091,1.107096,0.79120994,0.20142879,0.9722693,0.7844959,0.27715445,0.54030055,0.34088662,0.28783053,0.5120695,0.36410934,0.82344675,0.07815296,0.17585373,0.22334588,0.122907236,0.5713362,2.376287,1.1722003,0.5005152,0.37263,0.9024803,0.14997958,0.13578515,0.6291788,0.25122952,0.40998077,0.7887475,1.066112,0.40728074,1.010043,0.40640846,0.30580592,0.4050657,0.25989237,1.5454428,1.5458368,0.19569506,0.2364183,0.3093348,0.2003232,0.12343955,0.0993367,0.51814383,2.3940816,0.21807696,1.3498136,0.10295452,0.4030813,0.6284243,0.15977663,0.051996022,0.34378895,0.16573049,0.07471429,1.1093258,0.75445163,0.83514655,0.19868241,1.1273545,0.6552181,0.6723597,0.5373316,0.3692237,1.249788,0.35689747,0.41838232,1.0791,0.17408684,2.2860901,1.4211509,0.6962202,1.0980046,0.08471284,1.2753367,0.034819275,0.4739149,0.1367868,2.1552503,0.4858923,0.1430941,0.6535713,0.46082336,0.31307462,0.17082798,0.05717321,1.0299613,0.028288404,0.29818833,1.6780682,0.22775538,0.8956271,0.36248207,0.32292655,0.573798,1.2604505,0.2375659,0.2379547,0.0,0.44755337,0.40491158,2.1300733,1.0327398,3.414124,0.08608672,1.1467237,0.5653689,0.29488194,1.5095714,1.033586,1.156696,3.3892348,0.094033025,1.984874,0.0,0.11455906,1.9751014,0.38338414,0.87464243,0.375665,1.5137163,0.15158741,2.0107868,0.07230876,0.13019358,0.5157447,0.18863049,1.6249753,1.2650559,1.3483359,0.6255317,0.8018665,0.92130166,4.580617,1.6809133,0.0869249,3.6167347,0.25504515,0.021302,0.14584167,3.9935224,0.9594522,0.01854389,0.8635906,0.68923277,0.3116186,0.47487763,0.3494463,1.2470394,2.0082736,0.36394873,0.49009594,1.9228446,0.11279721,0.72910523,0.25169808,0.09764355,1.1636851,0.96931314,2.0385592,2.2437925,0.2241967,0.06559386,1.7733288,0.49361902,1.5437019,0.9748024,0.2622668,0.757561,0.39955217,0.45072174,1.158757,0.21927008,0.04324911,0.43901864,1.0331553,0.9390621,1.0940182,1.6538746,1.6826423,0.93023586,0.68959606,0.12421239,0.019317558,0.36326775,1.2621651,0.5167647,1.0809953,1.5508606,1.5066942,0.20307797,1.2864797,0.28134045,0.32160753,0.8259776,1.2934192,0.00091959647,0.10824008,1.0652612,0.3581047,0.053044975,0.007006204,0.0010148706,0.10671779,0.28940868,0.63966024,1.3001574,0.23020713,0.81957227,0.017498923,0.5773085,0.2876288,1.7374871,1.2337129,0.09515735,0.89411086,0.62777054,0.30319792,0.24820207,1.0313163,0.8548805,0.41552195,0.323658,1.1658604,0.055356443,0.28390086,2.4303427,0.1384045,1.6357052,1.3713053,1.3703336,0.9692048,0.6260442,0.4504895,1.9412546,0.44560793,0.4158954,0.00033598163,0.5413348,0.0038511336,2.4742167,0.64539856,1.2422569,0.1633791,1.745034,0.098492116,1.5269895,0.56693494,0.8074772,0.9052364,0.69099355,3.945814,0.45840597,1.0675416,0.27354768,0.38793346,0.87555724,0.019425021,0.46296185,0.61330885,1.79544,1.5765302,0.6530011,2.8788333,0.39641157,0.0021554742,0.86337686,0.87781256,1.6481366,1.6652704,0.82377994,0.7604633,0.032324407,0.9861319,0.17859592,0.15983067,0.04614609,1.2958772,0.06294993,2.0845199,0.24360181,1.3292735,0.17201611,0.20651278,1.0609393,0.69487965,1.8114555,1.3574296,0.39878464,0.0047306004,0.4688619,0.5053168,0.25825173,0.97668946,0.5807941,1.1517407,1.6195897,1.2157325,0.822828,1.6355151,2.0653749,0.32415187,1.1903839,1.4462342,0.6999049,0.7231858,0.44265106,1.0688844,0.6705409,1.8017036,0.38943276,0.6016035,0.04480098,0.28237146,0.31862545,0.25385287,0.8060786,0.72192055,0.11496793,0.5667586,1.516979,0.4964398,1.1607628,0.77961475,0.251545,0.026186038,0.32819954,0.370391,0.32041696,0.9410302,0.0027079761,0.2637761,0.7462273,1.8101865,0.4726088,0.9929622,0.088375546,0.5140057,0.8125954,0.737532,1.0836886,0.35691828,1.9082581,0.10774089,0.7048374,0.9509769,0.054236818,0.2950374,0.5127508,0.5247961,0.24893363,2.694223,1.1589763,0.19398539,0.08329734,0.054954354,1.0145823,1.4091649,0.428117,1.9589709,0.91556674,0.0,1.6130452,0.8406347,0.21056221,1.297957,0.25522214,1.7346786,0.12974189,0.23661333,1.9375658,0.97592825,0.27594897,1.9845065,3.006262,0.44816712,1.3594347,0.5478631,0.0,1.9038931,0.3643742,1.846585,0.8973227,0.9052631,0.13352011,0.67254436,0.5961846,0.05300228,0.8545299,0.23324782,1.3733739,0.03307877,0.7824308,0.49693084,0.26445785,0.5948485,1.3230608,1.9429424,0.74347574,0.11535963,2.0721714,0.31071553,1.6391482,0.23194885,0.25327286,0.5228183,0.5548492,0.57474124,1.307617,2.4689775,1.295586,0.38537106,0.0984331,0.48062605,0.38495278,0.03949228,0.7302677,0.21090505,3.0736053,1.7903905,0.9480134,0.54454154,0.101956,0.16402124,0.4670803,0.7942569,0.9544803,1.5744524,0.8184495,0.06343535,0.6590791,1.2045605,0.17083393,1.8282219,0.9857568,0.4995018,1.6411307,0.27283856,0.07588313,0.024118911,0.46348876,1.8036529,0.43677995,0.4998724,1.655774,1.6360531,1.5574552,1.4631914,0.055219863,0.11259298,2.0695496,1.1059432,1.2476629,0.6475077,0.40961277,0.07624154,0.6805197,0.55302745,0.87110376,0.45127222,1.0479265,0.60420746,0.34175375,0.42096636,0.17023234,0.2510035,0.16935554,0.0366676,0.29028597,0.04275586,0.6098963,0.0421664,0.77035016,0.6343268,0.07781861,0.23455131,1.9505094,0.26661488,0.79908985,0.23510101,0.060880948,0.8859408,1.4771775,0.0,0.1424652,all_pothole_images\pothole_images_enhanced_e7cce1471f7fc7bb6494f7bf1822a88e.jpg
0.92315626,1.852434,1.1188809,1.9304037,0.7319712,0.5245309,0.27589104,0.044626154,0.7480775,1.2043302,0.020868098,0.2605821,0.4362199,1.2336388,0.010134516,0.40541393,0.35301673,0.18533567,1.1226262,0.14103721,0.17499459,2.7993524,0.13578126,0.86839914,1.7575012,0.2838251,0.0,1.5095516,0.07050514,0.25750738,0.9212566,0.2656111,1.5757499,0.3174582,0.1435908,1.0148976,0.41655332,1.0805752,0.5349035,0.8204573,1.2766001,0.103477515,0.22830647,0.076693736,1.4103125,0.33079278,0.43597627,0.06391451,1.3496931,1.5658917,0.70028543,0.0,0.025359483,0.13298813,0.099895425,0.99374324,0.44689572,0.19250928,0.48875573,0.027643712,0.0,0.080672994,0.22348134,0.4930578,0.21510904,1.769274,1.1651539,0.1353684,2.8703463,0.82145166,0.4163007,0.58256704,0.5516172,0.40215123,1.1529124,1.4845372,0.19436985,0.5618084,0.88916045,0.25050506,0.0,0.40684867,1.032162,0.9818446,1.7278546,0.87843245,0.40237147,0.14016093,2.8429768,0.89516807,0.18112114,0.45832202,0.008943643,2.0919569,0.6454237,0.0,1.1537883,0.5281798,0.23743936,0.0,0.6997716,0.6221387,0.53990287,0.0,0.5139278,0.10851078,0.30026716,0.7141532,0.038364634,0.5139789,0.03381916,3.7367392,0.80369836,0.8813836,0.6800435,0.24637876,2.4266756,0.98827803,2.7347147,1.1169829,2.6534667,0.92909503,0.42045453,1.3729881,0.18592994,1.9561362,0.007778746,2.674754,0.4377073,0.17253833,0.57378924,0.0,0.08298322,0.09455582,0.78312135,1.2393714,0.46619198,0.79019344,0.878992,0.21045357,0.22065957,1.6942155,0.0919906,0.69883394,0.0364429,0.5602443,0.0006163895,0.46642634,0.86991143,0.3184159,0.627077,0.62458915,0.11747276,0.40955758,2.1099355,1.2409598,1.1055044,0.43929073,1.4694318,0.01414498,1.2856706,1.7921236,0.6589738,0.15702403,0.31204692,1.4658561,0.99170697,0.0068833176,1.9780343,1.1922584,0.008873067,0.0034440025,0.0,0.2801694,2.0345333,0.026899401,0.41144404,0.21619333,0.16257575,0.03412786,0.0,0.91207606,1.709821,3.290478,1.8575495,2.6375828,0.40640724,0.17578718,0.499349,1.4383175,0.49367896,1.100334,0.0,2.753886,0.26747403,0.61463755,0.41093,1.559133,0.3683229,1.0696279,0.88093007,0.9227029,0.77973205,1.1962852,3.3212986,0.5391706,0.5778726,0.4002506,3.0918422,0.20551853,0.0065462515,0.1502908,1.2207481,1.1320963,0.8530579,1.9907091,0.12869842,0.14498082,0.97898114,0.5998414,0.36397296,2.7986033,1.0745794,1.5143946,0.03222712,0.012990305,1.992387,0.2344216,0.8420437,0.18104002,0.0903302,0.04958624,1.9718945,0.21967685,1.0794642,0.32505247,2.6509798,0.18540327,0.1797909,0.23304312,0.8633635,0.743749,0.64669186,0.8121056,0.35338196,0.033919167,1.982591,0.5378457,0.20185715,4.8687396,0.7260584,0.84902936,1.1291173,0.56572527,0.045440864,0.21420953,0.8688101,0.4878637,1.3893071,2.2672765,0.006848344,0.00052387174,0.2911464,1.5240366,0.012269438,0.54830724,1.2159606,0.107916765,1.0138209,1.5749705,0.2680193,0.0044594016,0.30376157,0.0035170964,2.433289,1.4837668,0.58403,0.2275741,1.564946,1.6159852,0.105029844,0.57757497,1.4408457,1.298676,0.8950247,1.3775687,0.9054615,0.23827346,0.6557898,0.8228238,0.20475663,1.0082679,0.04077152,2.8359518,0.12482145,0.076387785,0.56766915,2.7086132,0.43424493,1.3808922,0.06356182,0.673762,0.22163136,0.46946084,4.7178063,0.6945781,0.6773289,1.6451429,0.41730452,0.053618032,0.5976782,0.8058759,5.8555694,1.5930501,0.023202434,0.8736544,0.007338204,1.9132388,2.2400243,0.14475156,0.62291217,0.13342574,0.13689476,0.8282022,0.36542907,0.006801207,0.36258844,0.2050993,0.20006129,0.53594005,4.4623127,0.15998761,0.1087563,0.0,0.0,0.4911536,0.50000954,0.38283113,0.14065924,0.18743555,1.0777622,0.9175029,2.960605,0.0,0.76650774,1.1063477,1.2558519,0.013452863,0.7918533,0.19934839,0.40785372,1.4162122,0.16988139,0.59999985,0.54562867,0.24896815,0.12685241,3.4584892,2.290686,1.7082084,0.007939633,0.1922312,1.2000598,0.15252152,0.0059045977,2.227567,1.6127194,0.2802869,0.60904694,0.76076174,2.0381758,0.32733527,0.9142235,0.012195784,0.62813705,0.88334644,0.087331206,0.9601675,0.00086649705,0.64201325,0.6453769,0.80681205,0.31277108,0.83620274,3.8500545,0.44304988,0.4782877,0.11516679,0.17885303,1.5974146,1.1706665,3.3996942,0.5902711,0.7634382,0.0,1.042722,2.4662268,1.296419,0.07650528,0.3882777,4.7327685,0.19319277,0.77097404,0.52552277,0.7027624,0.42211625,0.46036458,0.951003,0.008268576,0.003114327,0.2777267,0.03384248,1.0026146,0.55022156,0.1604037,0.016076205,0.738945,0.39164668,0.8346747,0.23352775,0.9310951,1.0924565,0.27616873,2.7146,0.52029645,0.48909384,0.12998804,1.7462057,0.34215114,2.7623076,0.9346362,0.08643396,0.27891156,0.8034013,1.3864161,5.414541,1.3992736,1.0045735,0.21691163,1.259338,0.51574403,0.10027602,0.11825962,0.12094849,0.6046581,0.008924919,0.20429339,0.40542695,0.4336968,0.49544275,1.32848,1.1024643,2.8282697,1.3235825,1.6915575,1.4786104,1.0816798,0.5653737,0.58150846,3.1787257,0.23266175,0.58489496,2.6086612,0.03024672,1.4075015,0.76758564,0.6676901,0.032169707,1.3240229,0.28644896,1.1208549,1.5433197,0.18159734,1.4900184,2.5848336,0.20445672,0.0026549653,2.719678,0.9059494,0.7393173,0.46671262,2.933894,2.8216584,0.69316053,0.07804553,0.5798982,2.2202892,0.81366235,1.4020799,0.103080064,1.5765004,2.5643144,0.67383957,0.0032578474,0.34712198,0.012836223,0.15861408,0.8620279,0.2873851,1.0333977,0.20100136,5.9452167,2.0947287,0.3370131,0.20435756,0.8654648,0.20185542,0.54357016,0.7583622,0.50102776,0.06044992,0.8358195,all_pothole_images\pothole_images_enhanced_e80b0d718be5e497e6d2a7db850e355e.jpg
0.9298038,0.31523022,0.48213655,2.398816,0.20648761,0.0,1.8664156,0.050302148,0.23828064,0.3320845,0.42661315,0.96458155,0.42426664,0.74882966,0.5763686,0.15780185,0.010327634,2.2686217,0.9076005,0.796282,1.2879729,0.54812807,1.0021046,1.6187837,1.8258479,0.6292038,1.9580532,1.2464578,0.9684057,0.274147,0.3542669,0.0044564526,0.3837892,1.1332943,0.57566977,1.1104056,0.31594077,3.1791239,0.19590665,0.3353797,0.0,0.064882055,0.25227177,1.1748159,0.013724046,0.530464,0.49453002,0.06313624,0.3079984,0.242069,0.5101191,2.159431,0.4673808,0.5247658,0.36066774,0.8316865,0.5467671,0.17291507,0.9802953,0.005857539,0.037883874,2.7891011,0.6715332,0.39816028,1.6993642,1.3554317,0.35578716,0.7027985,0.13498305,0.019031292,0.5297325,0.024575317,0.14485238,0.27099207,0.561141,0.36369812,0.19394651,0.27668086,0.0030008804,0.07542145,1.6303711,0.0,0.50227565,0.057247844,0.7355677,0.46448597,0.44410655,0.49020037,1.6955589,0.1877826,0.5010217,0.03184989,0.023828443,0.051421918,0.28055453,0.29102993,0.22692725,2.3153932,0.82570213,1.1514571,0.12998506,3.7825503,0.072147176,0.42859742,0.18278359,0.32566333,0.07457359,0.19943409,0.123306036,0.5552982,0.11304608,0.5221907,0.74010503,1.7640067,1.5408803,0.05421661,0.18427616,0.003220493,3.0455775,1.4222374,1.3663952,0.63295364,0.20811532,2.1385486,1.3349571,0.02799091,0.9569396,0.76343125,0.69398385,0.0770248,0.26142246,0.20340234,0.008137126,0.14620274,0.3272892,0.14627805,0.013208711,1.1938729,1.1647384,0.5934424,1.8059165,0.57209384,0.23513007,0.98331046,0.39360803,1.0661511,0.027553812,0.23628008,0.0016471322,0.05461173,1.8700094,1.0119226,0.0,0.007840156,1.0962816,0.29032275,0.76126814,0.045587514,2.0938313,0.9747303,2.6707625,0.96876556,0.0,0.9343479,0.9546817,0.3537895,0.5423528,0.11449822,0.8909933,0.6467887,0.11645346,0.052674167,0.5564941,0.23166507,0.286353,0.57073885,0.41206938,0.056864046,0.5333813,0.16994263,0.40363604,0.7476323,0.9984106,2.0577486,0.90482175,0.35999453,0.14108817,0.12980035,0.41725126,0.3447726,0.6850022,0.12491929,0.14382197,2.0855908,0.0095886765,1.0845935,1.3000546,1.3252519,0.5056589,0.64369035,0.32200497,1.0888783,0.027192151,0.6693036,0.0,0.42560476,0.56694293,0.600725,3.0651083,0.8228082,0.092824936,0.10015772,0.0,0.5980448,0.84006935,0.30832192,2.2029006,0.19532296,0.2738341,0.0007145954,1.6480403,0.05240558,1.338439,0.007745294,0.23516446,0.41320083,0.48096406,0.02258898,0.2434351,0.27089033,0.12945755,0.5599861,0.08535948,0.06561571,0.2807427,0.006745099,0.7168584,0.15455264,0.022000566,0.07917281,0.05584517,0.0,0.0,0.07038532,0.1455258,0.020751359,0.36664498,0.34254584,2.0801034,4.0043964,2.5711694,0.37565908,0.0076995576,0.008441034,0.46625552,0.9479638,0.8218393,0.0,0.48996204,3.4282124,1.6697716,0.34782892,0.4743571,0.45105615,0.20102121,0.065073624,0.48807347,0.45730707,0.56013197,0.30556664,0.48464832,0.012939622,0.17578444,0.28004777,0.14995557,0.16377342,0.1684986,0.18728454,0.6663043,0.932345,0.03263076,0.18448678,0.82723165,0.81286186,0.23326959,0.47416452,0.2533137,0.6304797,0.9031716,0.02320567,0.7201114,0.16771218,0.40350673,0.21592452,0.0,0.605947,1.0237067,0.42592,0.14129512,2.3623846,0.4033844,0.13898538,0.38349983,0.086686485,2.464158,0.48809797,0.0022903124,0.035587955,0.26799837,0.72048575,1.4201788,1.3277142,0.9691249,1.1431519,0.21555145,1.3197893,0.24131006,0.999638,2.494973,0.27817318,0.39246538,0.10948089,0.34479398,0.23993626,0.49819034,0.046660606,0.049263496,0.43277147,1.934839,0.16701528,0.028379524,0.042636603,0.15503544,0.34005633,0.00021180754,0.3361658,1.3926463,0.6978592,0.2571108,0.5264207,0.56925184,0.68751556,0.8224456,0.27678,1.1226056,0.24005091,0.7593431,0.12525421,0.21030623,0.32087812,1.303527,0.20393781,0.964768,0.21175814,0.112575255,0.12604398,0.24042113,0.532012,0.04976333,0.65892535,1.5878572,0.69585425,0.060222693,1.224016,0.028212795,0.0,0.32689416,0.09419068,1.3258322,0.14662182,0.024753079,0.042720865,0.31310818,0.42847016,0.6513337,0.5891793,0.2079166,0.24150068,0.24008451,1.1382484,0.59434277,0.028974656,0.29520574,0.3970139,1.1115633,1.612899,2.6898367,0.13252142,0.31475213,0.736362,0.13941872,0.09410776,0.03686923,1.860122,0.0040264777,0.08256266,0.6142157,0.014731177,0.13175207,0.56594986,0.0019418325,1.1631782,0.12332424,2.1464152,0.5022954,0.15813012,0.67518115,0.4799791,0.7233916,0.1135561,1.1843925,0.95534796,0.036705323,1.9469607,0.2956981,0.14542091,0.53491765,0.98574996,0.7230057,0.0027867658,3.4835875,0.53642887,1.5081401,3.0377047,3.6064184,0.26627302,2.898685,0.9428371,0.27715772,0.7728613,0.25725737,0.13714668,0.09250667,0.35834658,0.5094668,0.7489831,0.4217859,0.46224776,0.34156874,0.02715473,0.20224212,0.067907274,0.61364526,0.41276112,0.368712,0.0,0.6930604,0.05718437,1.1835736,1.4741756,0.55993766,0.43568754,0.33877555,0.24875507,0.11792083,0.06594412,2.6922395,0.15574832,0.43972093,0.55075765,1.1217518,1.1874945,0.47133934,0.55520767,0.5019593,0.94988483,0.006837895,0.078260355,0.70867324,0.49301612,0.31378517,0.31642392,0.6082569,0.24358666,0.59123236,0.21647705,0.0012590289,0.9613493,0.01628902,0.042738855,0.9705612,1.1285965,0.13666475,0.5034961,0.010844345,0.31145912,0.6350175,0.14275418,0.9324112,0.005118253,0.0,1.4206312,0.023225203,0.60705143,0.039347224,0.11871093,0.1063062,0.0018594052,0.027675048,0.075675674,1.152935,1.631058,0.284814,0.14586727,1.3082262,0.17071743,0.013795453,0.00067014917,0.013895998,0.49686944,0.60621893,0.7357162,all_pothole_images\pothole_images_enhanced_e8262604d7ae63096d3bfc6d0f3d19b3.jpg
0.13571775,0.44222265,0.015979532,1.6333166,0.10075497,0.24844074,0.2971733,0.075891264,0.031300176,0.0718778,0.31138843,0.097354166,0.13868904,2.9694684,0.064062156,0.0,0.17428398,1.2100621,0.3679955,0.0,0.059607003,0.34229192,0.23101075,0.5328767,0.48959598,0.0,0.5043425,1.526575,0.059304498,0.0067135077,0.23519163,0.19393943,0.47200927,0.66612417,0.1739507,0.453526,0.024876477,0.016740283,0.02241385,0.255582,0.0,0.045154475,0.40300083,1.1846666,0.0041253,0.04670779,0.08692603,0.32327795,0.04665482,0.7927216,0.120718874,0.0047733164,0.016397962,0.0012240818,0.27757388,0.82375866,0.33895165,0.20251219,0.12246256,0.13603927,0.12743169,0.18235444,0.8460892,0.22715296,0.8484304,0.80079913,0.778902,0.005610504,0.06913547,0.055782422,0.14408712,0.003717862,0.18212461,0.097085424,0.2867045,0.059851266,0.0020582487,0.21322769,0.0,0.056616247,0.018986959,0.10978058,0.2913503,0.09093323,0.15049717,0.0900268,0.002654616,0.044794463,0.50127727,0.015143204,0.5679472,0.18611723,0.26406997,0.3173178,0.09620571,0.14567137,0.05013647,0.39527655,0.025759593,0.09724777,0.058604006,1.2341484,0.0,0.32360232,1.7528175,0.69140494,0.11522685,0.029335288,0.32322854,0.34697527,0.13149232,0.29881823,0.09728101,0.46569017,0.32534498,0.37463024,0.26675555,0.21461941,1.7271415,0.6780879,0.54837394,0.26515898,0.021552058,1.0747777,0.2593562,0.32684052,0.011608013,0.24216145,0.28964773,0.33351412,0.53198224,0.2557528,0.0,0.6409195,0.02722773,0.001891725,0.11096386,0.16713054,0.011889376,0.19905195,0.31460893,0.027249137,0.48816544,0.1444489,0.04114848,0.6451714,0.37406558,0.04359414,0.023631725,0.047259107,0.0,0.010185976,0.04739253,0.032743882,0.68323624,0.3748272,0.5461601,0.58912045,0.35819003,0.89188087,1.372171,1.7039689,0.0,0.62134665,0.53531694,0.05004471,1.3318323,0.17198223,0.5861472,1.3530902,0.088474564,0.03481431,0.004757636,0.45996606,0.039888266,0.5360745,0.24242267,0.0,0.37516224,0.0,0.0,3.4100971,1.0180714,0.021888308,0.48955715,0.32908535,0.22048736,0.0028132778,0.059152827,0.14633712,0.021160247,0.44896626,0.94949603,0.9233677,0.3001068,0.10756615,0.6054425,0.9294848,0.12185126,0.0,0.048231382,0.4600444,0.27581987,0.4141546,0.4480646,0.11623677,0.37996668,0.031674538,0.663056,0.796309,0.0,0.12099083,0.04174005,0.4370185,0.42840537,0.28821298,0.5193662,0.06843217,0.103861876,0.14411351,0.03961938,0.06521178,0.39541402,0.1715845,0.0,0.0,0.41497725,0.0,2.5864012,0.22520228,0.07564808,0.033759918,0.08123922,0.09261973,0.13419034,0.056982405,0.6612793,0.24209508,0.14976603,0.1301147,0.021300849,0.0009053362,0.01109484,0.013533725,0.09011478,0.0,0.5111006,0.30132893,0.07359539,4.053838,3.0933588,0.007497274,0.0,0.0,0.056130733,1.4517123,0.16771735,0.06992716,0.016784504,1.8334376,0.34199744,0.14101012,0.44793618,0.5547036,0.012156928,0.62482363,0.3413736,0.7308449,0.35322422,0.21276025,0.39026445,0.29486072,0.6807645,0.5452194,0.0030771494,0.26663315,0.06303527,0.08307149,0.24389371,0.0,0.68593454,0.19934973,0.021999083,0.5247389,0.049615096,0.35676283,0.30149877,0.07605818,0.17696132,0.031917643,0.0,0.15798621,0.042335328,0.33554056,0.40918374,0.0021759367,0.20458902,0.5003614,0.02469248,2.013143,0.39391738,0.059164688,0.0033434432,0.097187154,2.8674173,0.14383417,0.0067868293,0.012391778,0.014686954,0.034824323,0.12562372,0.97295207,0.7594261,1.6842026,0.22887447,0.13522576,0.005992628,0.40107974,4.3275023,0.08716248,0.63777167,0.0,0.06838529,0.042531844,0.0,0.21395512,0.53121305,0.0,0.19794802,0.049142234,0.7926866,0.37969914,0.084500276,0.08349259,0.0,0.0,1.8834352,0.31189117,0.6551224,0.59512025,0.13733609,0.22403145,1.8015535,2.0914595,0.84757346,0.063498095,0.09042464,0.54361355,0.63456756,0.2535984,0.18193436,0.016847251,0.0,0.17143314,0.115697645,0.037481405,0.0,0.0112061575,0.54280716,0.1584082,0.6411322,0.18132326,0.16001341,0.0,0.0,0.0072341426,0.23700456,0.080847956,0.24978963,0.48076636,0.17930616,0.3975282,0.85643315,0.19299142,0.30289373,0.41411248,0.3096133,0.02223451,0.4626638,1.3283778,0.9041421,0.0016202963,0.049817167,0.22979724,0.5126268,0.37253168,0.3345907,0.020936452,0.0,0.8087952,0.056124132,0.35371697,0.003518929,0.9442523,0.0,0.72334987,0.1984704,0.72793657,0.39602575,0.028605105,0.08292998,0.40526783,0.16783525,0.009753316,0.033229817,0.0022527871,0.11133293,0.22157018,0.28454328,0.45690832,0.14425617,0.3667322,0.051877804,0.13379519,0.1980483,0.72819746,0.89429075,0.45590815,0.11182916,0.0,0.8967245,0.49944744,0.044150334,1.9121264,1.4412093,0.3724537,2.3095458,0.11162851,0.5183811,0.018071849,0.016832506,0.30444545,0.024429243,0.03197569,0.40025195,0.027332885,0.11666578,0.26967883,0.105258256,0.02523516,0.44920713,0.004782318,0.07770226,0.017945753,0.22981091,0.05956673,0.24670418,0.07197734,1.2438139,0.6222798,2.5090292,0.00071160647,0.13330393,0.12147988,0.0,0.34907964,0.4405097,0.16218825,0.2046423,0.5250511,1.6719924,0.61769664,0.3662837,0.09879145,0.14598733,0.007849275,0.08920295,0.013553255,0.026481438,0.30248317,0.5189268,0.8674642,0.036589112,0.0060088476,0.4882016,0.004873784,0.10249966,0.46458614,0.16619307,0.01994447,0.4119877,0.27174637,0.5437299,0.513522,0.3642986,0.026028689,0.10098489,0.087709025,1.6239737,0.0,0.088007994,0.99383825,0.11155062,0.029491263,0.29258606,0.003671071,0.0,0.0,0.047673643,0.17109126,0.1072266,0.5623499,0.41210875,0.10210209,0.2556709,1.0090785,0.9263204,0.014896844,0.061199553,0.27395678,0.33799738,0.277533,all_pothole_images\pothole_images_enhanced_e838111645fe17ce0c5b169ee68407dc.jpg
0.8937206,1.8886125,0.117175296,2.091522,1.1649206,0.18930925,0.33969447,0.649029,0.009835996,1.026053,0.88152134,1.1584854,0.31782517,1.3064175,0.47845364,0.3219536,2.8094475,0.348622,0.3644136,2.1851718,0.36074236,2.395003,1.3520421,2.3702846,0.8703654,1.5375366,0.17048882,1.7547841,0.09582926,0.74121785,1.724322,0.17827015,0.050226428,0.45714328,1.7776586,0.8492171,0.95374906,1.2785753,0.41903725,1.9440267,0.10514606,0.100950904,1.4149976,0.34888202,1.071176,0.68610924,0.036986385,0.010698032,0.78262866,0.8581359,1.9786448,0.2047469,0.86791265,0.6943703,0.6859047,0.82481694,2.44549,0.11717356,0.8250416,0.4610218,0.03943937,0.07753415,2.8515728,0.43984744,1.5379859,2.6212487,0.78592104,2.3504968,3.148987,0.527309,1.331798,0.7469083,0.15915093,0.9831046,0.9336821,1.9893546,0.062298376,0.25233945,0.46213025,0.6875003,0.15699376,1.868239,0.53560376,0.7904773,1.0774785,0.22846085,1.223591,0.6877332,2.4222863,0.51045185,0.19026855,0.8052146,0.18424329,2.602293,0.13199854,0.7114938,0.3699544,0.24134445,2.2244916,1.0984446,0.06747293,1.1119049,0.71860224,0.33550292,0.6489227,1.007036,1.2755523,0.71791,0.29210678,0.15074489,0.33247286,2.1335948,0.32843313,0.4390688,3.1304088,0.23091434,0.15590079,0.7668588,0.35144836,0.8075466,2.012433,1.9700837,0.84256774,0.34177113,1.6296598,0.27223444,0.1937856,0.3412617,0.018506743,0.07679645,2.2151234,0.015748747,3.3782465,1.4733964,0.9460266,0.8767287,0.9116844,1.2378825,0.87491757,0.05812762,0.37083802,1.9600288,0.012612503,0.563526,0.811388,0.5183643,0.7845721,0.053873092,1.8728049,0.5952914,0.4741486,0.88814676,0.99922055,0.25071764,1.529944,0.102533944,1.514659,0.34403992,0.040869996,0.33289215,1.6700788,0.06496478,0.33450738,2.6156242,0.53320897,0.2751289,1.1186167,0.14899878,1.8607031,0.21782026,2.3367004,1.0141739,0.43224874,0.43864575,0.39852196,0.06279936,0.3723403,0.75015664,0.16565946,0.58635503,2.34705,0.4094591,0.49194863,1.0237883,0.6239636,1.0645663,0.5350063,0.074052624,0.52128047,2.1075168,2.3665743,2.246446,0.1348831,1.0217044,0.3106941,0.9727916,0.22897682,0.0043878104,0.0007318119,2.7607577,1.4873626,0.4434962,0.88958067,1.1515003,0.4982292,0.49044394,0.87650687,0.00351478,0.5100615,2.208135,0.559847,0.7483056,0.9580453,1.2255416,1.0555637,0.28078035,1.4536465,0.12902406,1.0809046,0.64433044,0.70678186,0.17469676,0.72493464,0.47847888,0.6061987,1.2044313,0.8838096,0.1635867,1.9897919,1.3059957,1.613985,0.99537694,2.6312268,0.91669923,0.31461436,0.3379797,1.3417182,0.30726478,0.48219416,1.2979339,1.2897607,1.0139823,0.934444,0.7276774,0.1351106,0.45290795,1.2728274,0.36573336,0.17653067,2.530133,2.2836459,1.286055,0.5899004,0.18574342,1.3310503,0.066200145,1.400374,0.86080766,0.389148,2.8605602,0.23969771,1.0187008,0.35004798,0.8946282,0.2979437,1.8883377,0.011994156,1.690886,0.51830184,0.5115417,0.0889698,0.12982476,1.6640904,0.54382807,0.73341775,0.5184978,2.4704309,0.69594,0.4344085,0.53086495,0.1543915,0.7359807,0.33864346,0.04527852,2.1629827,1.2464159,1.5217557,0.6028599,0.22555856,0.5243799,0.52710426,0.09807895,0.10063313,0.80405504,1.000174,1.2311236,1.2357109,2.0400925,0.70292664,1.3719121,0.14693688,0.9041084,0.15902875,0.77150226,3.385367,0.71354866,0.3544101,0.2741218,1.635543,1.6635796,0.53106284,0.6141599,1.9937415,0.61178946,0.29280382,0.8914884,0.9143252,0.61065173,0.50786805,0.5021552,0.34901273,2.1635122,0.32693473,0.20245293,0.5178886,2.6886742,0.22001585,1.463018,0.064073674,2.1001873,0.8028224,0.7107659,2.1812992,0.47907785,0.56295925,2.1137383,0.9682945,0.7270732,2.2393904,0.019339629,2.242901,1.5695112,2.7057743,0.15325351,0.32626447,0.34010434,1.6097437,0.09005958,0.7992264,1.2414396,0.06777674,0.34131062,0.26288223,2.0586522,0.78280467,0.22784466,0.47513378,2.225579,0.87348354,0.84420395,0.36768013,1.7267783,0.54890615,1.9854708,0.208022,0.779343,2.3349116,0.05605382,0.053127322,3.5944898,3.4447267,1.878836,0.32491893,1.2743115,0.2770427,0.8810903,0.42361593,0.32124564,0.025040805,1.1601685,0.2610706,1.6068869,0.498231,1.2616916,1.977526,3.0908735,2.097086,2.4826424,2.288433,1.3993226,0.6557252,0.04213809,0.7463496,0.36341757,0.06944795,1.0520536,1.8715898,1.3070395,1.0731462,0.47873795,2.804011,2.5968688,0.01636127,0.6953036,0.2584455,0.14444542,1.8057637,1.0789136,0.7313494,2.5408816,0.3043945,0.09520178,1.1053345,0.616357,0.035079148,0.36766738,0.19492888,0.59465206,0.9131194,0.653128,0.3531529,0.08819531,2.135093,0.07668524,1.4153692,0.59185994,0.13742685,0.93817496,0.65593857,1.7286009,0.3569339,0.6094334,0.5629193,0.93177855,0.0074014054,1.4084519,0.44422385,1.1020372,0.50360596,1.6210886,1.6576395,0.20627677,0.25257367,0.404921,0.6535979,1.2834765,1.7467374,0.20512016,2.2198012,1.1180412,1.3119625,1.7093605,0.92143095,0.04546251,0.40391135,0.046512913,0.6478188,0.41318142,0.32353964,0.027979638,1.09872,0.8264506,0.29298285,0.29680052,1.3181062,0.25807005,1.5397214,0.54333824,0.25445,0.71562046,0.6359431,0.25965118,1.1209686,0.056057252,0.07070651,0.82700664,1.3361907,0.07190666,0.800808,0.03015298,1.5033976,1.8071637,0.7493107,0.08771316,0.115860306,0.23802026,0.027728567,0.26489225,0.26098084,0.3187582,1.3164394,1.6450287,0.2473246,0.07781623,0.73108774,0.18677187,0.40256244,0.4074714,0.026020933,0.3732521,0.7060382,3.528581,0.10387346,0.24536619,1.5790671,0.5672101,0.0,2.173865,0.48575363,0.23539552,1.7462674,0.055074923,all_pothole_images\pothole_images_enhanced_e83d0edc02ec4e01bd6e3777cbf0f57e.jpg
0.5054022,0.35870528,1.5824501e-06,4.191778,0.96557194,0.0013068398,1.2946686,0.10962199,0.7322869,2.6311588,0.51475906,1.497674,0.006811542,2.0395987,0.6813677,0.11850507,0.19448487,0.5490619,2.4777966,1.3547248,1.3966401,0.052110855,0.585377,1.3300929,2.460063,1.7092985,1.5837532,1.3958732,0.0017009124,0.6021015,0.14490686,0.0151642,0.6280139,1.1355603,0.13758664,1.0930704,0.6619401,1.3388603,0.52724874,0.16100402,0.34575975,0.8992328,1.41835,0.45237035,0.52316886,0.4310977,0.20492491,0.4315222,0.14566427,0.0005208676,0.4850013,0.5641445,0.045402884,0.012538268,0.12134222,2.320165,1.4373392,0.9266961,1.4504807,0.02987092,0.43217048,1.2193319,0.0,0.53116184,2.341019,1.1996307,0.004080501,0.05910704,1.4212123,0.5343765,1.3203716,0.19503729,0.2880336,0.3030077,1.0854554,0.38321015,0.95097023,1.2112896,0.5811225,0.03275976,0.5078656,0.6542787,0.31271955,1.072077,0.53913915,0.22562583,0.5012518,0.23605223,3.128423,0.16687953,0.13793637,0.6932466,0.26073048,0.8524384,1.2188972,0.31226844,2.1788938,0.016335288,1.1510981,2.441442,0.0,3.2872999,1.1090716,0.88981307,2.1242974,0.013143198,1.5831034,1.1023813,0.1316684,0.038912248,0.055613663,1.9497895,1.2589808,0.8256476,0.921042,0.02931982,0.033431295,0.5474213,0.2899665,0.050699312,0.28151956,0.19216876,0.6065735,2.0408883,1.2748073,0.0,1.1069229,0.2483972,1.2681785,0.33086002,0.9881254,0.012802677,0.4329254,0.35513458,0.35408735,0.43457568,0.24198736,1.2326827,0.3999404,0.6092672,0.18182506,2.1604836,1.0757115,0.71711016,0.055870265,0.4898073,0.105905846,1.0521023,0.45196655,0.006937764,1.5555258,0.019323528,0.00039637217,0.6569251,1.7948105,1.7274618,0.2731634,0.0,1.1506029,0.600547,2.4882467,4.5330772,0.24720497,1.9673386,2.8394601,2.3379548,1.0764358,0.49345696,2.1632035,2.126996,0.07785819,0.22300762,0.0,0.032666057,0.16685288,0.44197667,0.88584757,0.005191584,0.033011068,0.02501771,0.1047966,2.5019186,0.0,3.0107715,2.561563,1.9579433,0.20863006,1.2660958,0.38941666,1.4449855,0.56884825,0.18092574,0.17284787,1.0917703,0.117126,0.1217172,2.7973921,1.599048,1.3747588,0.7806352,1.1433759,0.36549875,0.0,0.10910279,0.0,0.03300007,0.770796,1.2127075,1.035997,1.0194701,0.0037538055,0.16942267,0.9348247,0.2830967,2.466601,3.5102196,0.31840083,0.16853943,0.25053322,0.78306204,3.212363,0.22047153,0.6582726,0.69459,0.07419212,0.3684496,1.1825235,0.69216305,0.6480439,1.0506755,1.4289169,0.13137566,1.2253178,0.3383672,0.36601564,0.1110063,3.4173717,0.22772303,0.711013,0.31937277,0.8879247,0.21456034,0.9186753,0.21474122,0.93804383,0.005789614,0.65601194,0.4149615,2.2531214,6.7252297,0.47425795,0.9149556,0.033566203,1.2351652,0.13595845,0.8732527,0.51404226,2.1420639,0.25801906,3.7883306,0.56157273,0.37325808,0.28010634,0.3561042,0.0,0.74753135,2.6826146,0.08359302,1.5706061,0.037055444,0.61740005,0.0075260047,1.3130265,0.037918918,1.2226415,0.683594,1.0326798,1.1838688,1.1414664,1.6063807,0.03761255,0.3121314,2.0639846,0.42828372,0.25149798,2.0040722,0.9162192,0.11631254,1.7911799,0.74492645,0.0065381676,0.39251575,0.46109173,0.9773195,0.8169244,0.95381147,0.06743984,0.16868378,0.013028619,4.478846,1.3776894,0.31865552,0.18546519,0.011381154,0.38994816,0.87013686,0.70427954,0.035473898,0.41044718,0.5297378,2.654544,1.1101755,0.423171,1.2001818,0.9097575,1.2834197,0.006339664,2.1714017,4.127497,0.6643535,1.1880777,0.06571892,0.2032003,1.1478136,0.9323068,0.23803765,0.045504987,0.0030538265,0.1950496,0.5493703,0.70572466,0.39069742,0.009334673,1.1242937,0.9201252,0.24413086,3.713666,2.7055595,0.61743504,1.3019382,1.3625693,0.25105283,0.39880398,4.6180115,1.4479983,0.80910957,0.8036799,1.6807771,0.07591601,1.0001901,1.4606357,0.5350794,2.5049977,0.21888398,0.0,0.8995049,0.014765744,4.1778207,0.85561854,0.90817803,1.4500927,0.7923047,0.85479975,1.658081,0.015093526,0.36060205,0.9087091,0.0032111658,0.26552504,0.2152017,1.3514783,0.04342199,0.012232236,0.20501989,0.10983494,0.7866075,0.59536487,0.1821298,0.8923242,1.2431055,2.5055065,0.27281517,0.37332168,0.20700392,0.26334786,0.8249121,1.2446736,0.09790489,0.078054175,2.5109608,2.0427651,0.3908912,0.45835483,0.6852308,0.02940601,0.010857189,4.570185,0.78437865,0.5846702,0.42059574,0.11991908,2.5259752,0.307842,0.35123855,1.0810182,0.11333466,1.0483633,1.6652925,0.8066087,0.018550983,0.19547828,0.12121904,0.008356149,1.1511087,0.024286738,0.7377271,3.5891316,0.12698242,1.7508348,0.5081178,2.8082287,0.65352297,2.7847037,1.7697881,2.6306937,0.04409342,1.60096,0.22065645,0.828458,0.5557809,0.02555377,0.09889448,0.63670886,0.47749,1.7945945,0.47285652,0.11371929,0.3999081,1.08557,0.034182824,1.257346,0.24535476,0.10910791,0.0,0.0012811866,0.0,0.6018439,0.21245275,1.9256673,1.8765885,2.8877263,0.6468484,0.14308102,0.5609929,1.0465323,1.3483301,0.20593618,0.0,0.45645484,1.0747823,1.69972,0.18459556,1.2698674,0.1858445,0.57351935,0.38273463,0.028102485,0.57828295,0.45537773,1.5958209,0.2044557,0.4440886,0.07121594,0.96758,1.5333828,0.27672893,1.2150058,1.7157738,0.70012665,0.23111172,3.6687336,1.4163475,1.4991024,0.90271175,0.1198085,0.27161157,0.71677107,0.9124161,1.8909223,0.075952515,0.47904643,3.0688033,1.2652999,0.14760236,0.0,0.58596253,0.93290645,0.41680923,0.1917257,0.6274059,2.9202719,2.9355867,0.8775876,0.4576023,0.3712937,1.3492316,2.088239,1.0256205,0.014696682,0.8469341,0.103925265,0.2412323,all_pothole_images\pothole_images_enhanced_e84e3a5cb6368aad9e37a6798e460c6e.jpg
1.2810671,1.4589218,0.45361152,2.18279,1.2192429,0.36479995,0.41343173,0.14126925,0.28076315,0.66685796,0.5950948,0.81218094,0.027993744,3.3146317,0.72263026,0.37529147,0.11787107,1.4544104,1.1646043,0.42161343,0.66996455,1.8319587,1.789829,1.2565625,1.1361856,0.6066696,1.9987631,1.0085174,1.7703253,0.533294,1.0019513,0.93740135,0.39733568,0.14863783,0.73059237,0.5201946,1.6469777,2.8265095,0.008528935,0.46389413,0.34177428,0.072515875,1.440763,4.460039,0.5289361,2.1837122,0.11079267,0.0012246114,0.92020446,1.3167413,1.6172959,1.9710609,0.52808154,0.12620944,0.020908056,0.522732,2.2117932,0.23147114,0.45042813,0.469992,0.03485693,1.1915147,0.809892,0.015743256,1.6895747,1.1097661,0.7036244,0.39668167,0.4024996,0.15936257,0.20747748,0.0,0.25515574,0.87352145,1.8376659,1.7124367,0.113137506,0.3171239,0.7963064,0.54588246,0.38839644,0.13320126,0.30345204,0.5053369,0.51765543,0.2431125,1.1424804,1.0740247,2.683996,0.1949562,0.06260522,0.83726305,0.04369603,0.77971727,0.13733105,0.8226304,0.22993974,1.2272862,1.3035702,1.3150761,0.33965304,1.9197828,0.41614756,0.28418195,0.6212096,0.94962513,0.3178167,2.641112,0.1129944,1.3304237,0.08041424,1.7985067,0.21067701,0.4307886,2.2077193,0.4975268,1.0980115,0.2533363,1.0847205,2.6539633,3.133553,0.62015605,0.6864982,1.5531459,0.6266593,0.53969723,0.5068929,1.3552582,0.93780327,0.89781123,1.1038213,0.45230258,0.19607334,0.21000175,0.35901487,0.59657323,0.33332247,2.7350392,0.26776782,0.13485394,0.43610716,1.3714545,1.2297081,0.8450783,0.167562,1.0138682,0.23445813,0.2701416,0.8707991,0.43071267,1.2549344,0.74727094,0.015027737,0.17296647,1.9587557,0.34692806,1.0522447,0.5731371,2.2108266,0.10910972,1.1165594,0.10061662,0.48160875,5.3579574,0.0027791876,2.9192903,0.16578174,0.29780635,0.92047304,0.46987337,0.060359515,0.19214517,0.63104844,0.47538382,0.39074457,0.40203506,0.74116474,0.0984268,0.17510867,0.2268673,0.0710986,3.2861626,0.974238,1.8956088,0.36312795,1.1293001,0.44499907,0.8639176,0.5461089,0.20429878,0.76196927,0.95851475,0.2526814,1.2154586,0.30253997,0.28151497,1.179211,0.7050497,0.2614413,1.8175825,1.9174231,1.7590019,0.45936102,0.9482298,0.41811478,0.3020023,0.4953053,0.5241796,0.33191252,0.05398172,0.42657346,0.6038593,0.17832427,0.95090103,3.1718886,1.8699816,0.67854154,0.17447066,0.49899074,0.12883843,0.4853826,0.0386932,0.2601484,0.4458854,1.5250045,0.64556473,2.4190726,0.23505491,1.5813767,0.260239,1.6306108,0.49744123,0.06218222,0.28381345,0.6948526,0.1638759,2.703503,0.31023768,0.0745287,0.46918488,0.8244475,0.17252967,0.68270856,1.4406036,0.67262226,0.47309762,0.08548096,0.2198763,2.420337,2.6213055,1.5319687,0.41399613,0.10230208,0.31681597,0.24813601,0.41268262,0.52407146,0.907429,0.4980464,2.1750028,1.1773967,0.238545,0.15086934,0.7097618,0.7199748,0.4881442,0.14321335,1.1894559,0.14991158,0.85640436,0.17738996,0.00043708092,0.028705232,0.009472137,0.4701166,0.5165081,0.0,0.29820272,0.43287548,0.36274645,0.039715495,1.4851433,1.3565991,0.40774122,1.4445124,0.70651275,0.4197047,0.49352178,1.5604968,0.5238684,1.0228493,0.26724586,0.06368362,1.1557814,0.19503799,0.11498462,1.1594422,0.3246271,0.29663524,0.96689606,0.6201641,0.37676358,0.25593832,0.81693816,4.5138903,0.7202573,0.060433842,0.255038,0.5497455,0.63835984,0.9284135,1.3981463,2.092636,0.74320734,1.7094635,1.1361618,0.015871553,1.1231097,2.1865125,0.28300393,0.7463954,1.0477245,0.034487188,0.45710176,0.40239486,0.658003,0.8280991,0.10489267,0.75186896,0.42423564,1.1703442,0.8641798,0.28502917,0.20864266,0.2665683,0.8882285,0.74600905,1.4578127,0.49241644,1.5486339,0.2949405,1.1852018,0.48016286,0.33177713,0.29575434,0.65129644,0.41988808,0.35552692,0.032651227,0.8710569,1.0685593,0.40044546,0.620153,0.457206,0.12829661,0.3106794,0.19912268,2.1956751,0.6083152,1.0147502,0.8451071,0.359324,0.9348043,0.13651404,0.688602,0.30635077,0.8803075,0.86227727,0.41943413,1.361013,1.4519538,1.0293871,0.12205672,1.011564,1.1181763,0.5465117,0.2825464,0.38944843,0.42949313,1.028918,0.28967407,0.20047894,0.5718339,0.9542923,0.89400965,1.8675344,1.0597032,0.2921697,0.28322706,0.64638865,0.65319455,0.42875335,0.3742766,0.058744136,0.3081038,0.031149492,2.39132,0.84921956,0.533216,0.005394517,2.0109344,1.9772283,0.47888887,2.95553,0.24286705,0.22929303,1.5087117,0.16704409,0.85339534,0.4894079,1.349926,0.80369544,0.3257991,0.42426798,0.44130406,0.40895283,0.036230955,0.29348257,0.28924757,0.17835288,1.8562195,0.0862293,1.8393279,3.3238375,2.4425423,1.4137008,0.561302,1.4713396,2.0651278,1.7064745,0.17267571,0.97697604,1.3467793,2.39155,0.4197611,3.448519,0.7683164,0.35906398,0.3026741,0.11205449,0.6205572,0.24153341,0.017191155,0.23726231,0.14313899,0.10688942,0.9355403,0.33583108,0.22317876,0.3455062,2.8725915,0.14692008,1.1170717,0.3046603,0.90650725,0.24566148,2.2972748,0.21020263,1.4937794,2.6178257,0.7505448,0.39202377,1.5179499,0.5496682,0.6390915,0.6412549,0.40523395,0.6653155,0.74219775,2.4408803,0.40368104,0.38702035,0.26307052,0.21909338,0.2740453,0.38748708,0.09027773,3.6245337,0.70970863,0.33040306,1.0670127,3.0681672,0.31905824,0.6963046,0.31801364,0.6383792,1.0067027,0.22478008,1.2141771,1.085424,0.6658974,0.045342777,0.17348137,0.16837,0.37368533,0.10225259,0.39706567,0.06660927,0.35673478,1.0059463,2.5439758,3.3073468,0.23909439,0.50990486,0.92313856,0.52521276,0.0,0.9320903,0.16423938,0.16277114,0.21120131,0.35608196,all_pothole_images\pothole_images_enhanced_e870f6bab9e2ff7b076432d4ccee32af.jpg
0.095830664,0.9162138,0.1441917,0.58769834,0.20052479,0.072869614,0.083456874,0.0,0.0,0.3391728,0.079979084,0.18104397,0.027936475,1.8849635,0.025131209,0.2111762,0.10355044,0.7886872,0.09329506,0.3421926,0.6014424,1.0660292,0.06740785,0.05953474,0.18431959,1.5897381,0.18894418,1.2791224,0.02249556,0.024147244,0.29565254,0.11695513,0.0950436,0.20006438,0.42844072,0.21474072,0.5926343,0.94524527,0.4026329,0.08017331,0.0,0.13201131,0.123922266,3.0974894,1.0861305,0.010260826,0.1572388,0.1040222,0.41094023,0.0799644,0.63507694,0.29214376,1.2949259,0.19235124,0.0064089303,0.14929542,1.4634851,0.32748598,0.27195194,0.06906967,0.0,0.00048531956,0.34467152,0.39803347,0.09132671,1.0755248,0.42647055,0.47122982,1.3060646,0.56479555,0.50966936,0.4338039,0.10343111,0.12096572,0.060611464,0.070166714,0.026123144,0.39858466,0.005395445,0.012620984,0.016630497,0.57864213,0.9391492,2.2291944,0.08954712,0.021678917,0.32426032,0.019053616,1.1579086,0.23725766,0.21329945,0.19976662,0.22720733,0.40487126,0.27235535,0.04038872,0.26734695,0.9508802,0.11958307,0.0,0.32247287,1.2019074,0.5175563,0.0,0.06868698,0.1205376,0.0054532685,0.037359938,0.07018568,0.21152797,0.28406227,0.24177027,0.38413137,0.03504782,0.6021497,0.081809565,0.787886,0.030099107,1.1567633,0.3786817,1.548578,0.17288075,0.35959905,0.51973885,0.94158983,0.67126256,0.074231565,0.34690657,1.3667777,0.0,0.07284135,0.048118614,0.39190143,0.004647926,0.38831717,0.049892407,0.0,0.16195646,0.9797086,0.5193659,0.2512856,0.54104406,1.2408438,0.17230289,0.0,0.4079724,0.2359165,0.08593684,0.22658503,0.023299942,0.056975093,0.47770703,0.0,0.07983217,0.4213354,0.1486412,0.03090955,0.11785169,0.27843708,0.14578806,0.3875504,0.8485232,0.10901472,1.7234254,0.03356932,0.0,1.8594102,0.01175306,0.059619777,1.4405314,0.033247706,0.034297813,0.027598845,0.21929425,0.20766342,0.076724626,0.031397182,0.024731118,0.6083205,0.03817757,0.051838815,1.6496528,2.6432433,0.23558597,0.83203995,0.9493574,0.017887851,0.10322416,0.11243557,0.32555655,0.031818822,0.8254074,0.02785376,0.57521003,0.0084292935,0.012236986,0.12515172,0.20510727,0.11163058,0.5945058,0.0,0.30811685,0.083955444,0.60730827,1.1125661,0.19899948,0.15329233,0.1575475,1.2220725,0.14121103,0.0,0.10811727,0.5956016,0.459334,0.11383664,0.062630445,0.052639164,0.36413473,0.3459971,0.255064,0.17355596,0.86433256,0.070427015,0.08501041,0.0037756069,0.017378587,0.92937076,0.16256195,0.9075183,0.5574743,0.0,0.0,0.49718595,0.24964869,0.26324633,0.0001676277,1.0964245,0.0,0.0021383495,0.14836304,0.0,0.18175279,0.26090685,0.65231204,0.15464811,0.0,1.2964666,0.22686952,0.080254376,5.6282225,0.8415937,0.030540261,0.191505,0.16880144,0.005638504,1.4239386,0.60635084,0.09681371,0.4975769,1.6039014,0.07800751,0.2629746,0.36375517,0.0699341,0.66521275,0.57931346,0.39553908,0.67559767,1.6769483,0.0,0.10753133,0.00089030445,0.15165184,0.27790007,0.5469392,0.67142415,0.0138498,0.4455269,0.012163914,0.34989792,2.9085953,0.044253718,0.39255995,0.0,0.24682485,0.10625261,0.2701069,0.0453798,1.2214324,0.18499647,0.14350766,0.26993507,0.16818628,0.102861,0.034726404,0.16715789,0.17531115,1.3053279,0.2795787,1.9857576,0.5307556,0.68085486,0.0040778294,0.13066901,8.677638,0.15703228,0.008509498,0.044972774,0.07822411,0.2677072,0.08129277,0.20875907,2.2064173,0.6492661,0.24263008,0.89571536,0.19303846,1.2269439,1.2447805,0.65106976,0.4546502,0.016044868,0.06952991,0.34188828,0.69824094,0.047424182,1.130197,0.069223896,0.36834416,0.0,2.7078981,0.08763847,0.0023992027,0.0,0.59826314,0.08087546,1.1118103,0.3647588,0.33172613,0.0,0.17843285,0.8525673,0.37426305,0.3870485,0.35616457,0.4211073,0.0,0.013416163,0.2528178,0.746251,0.025303114,0.57324314,0.672532,0.36511168,0.12615022,1.0104514,0.117895186,1.4635004,0.0125685735,0.012251761,0.0,0.039202984,0.13384527,0.127239,0.108396605,0.045699403,0.5233693,0.39640749,0.057842746,0.45901865,0.70006746,0.02285447,0.47811356,0.072287336,0.42087466,0.033748627,0.5420912,0.010473081,0.509054,0.2424708,0.24575084,0.06754528,0.11155355,1.0176356,2.5672848,0.56280905,0.3841495,0.014733096,0.03168496,0.023134887,0.22095703,0.52357763,0.82135755,0.7343178,0.2782343,0.009056219,0.019391922,1.135057,0.16445008,0.40065423,0.29015768,1.019148,0.1964978,0.12151435,0.34130403,0.2146758,0.09705165,0.99729526,0.0023787036,0.27371183,0.09212584,0.8531184,0.009136782,0.15834802,0.037906747,0.08811089,0.0030109014,0.3625266,0.04959749,0.016792733,0.7259368,0.042018067,1.3390412,0.96530336,0.66790754,0.71765226,1.0222664,0.16645625,0.0,0.4745783,0.73767257,0.068879284,0.0289744,0.04875427,0.16907233,1.5795674,0.5568417,0.27895966,0.31992412,0.16114025,0.14233626,0.4995088,0.39579684,0.020084204,0.3346545,0.23495334,0.8930868,0.5123649,0.43453482,0.97092766,2.0448375,0.2502555,0.24345335,0.14445995,0.026785843,0.060860258,0.043469097,0.11572534,0.0,0.24817988,1.3480514,0.028723624,0.7759352,0.0,0.20505875,1.1612414e-05,0.012295839,0.0,0.2101303,0.62621546,0.19372772,0.54343444,0.33826104,0.296758,0.41239688,0.10492692,0.47747102,0.43565002,0.32096726,0.022046894,0.09894601,0.45987147,0.46373382,0.13989289,0.10530824,0.08725151,0.067369275,0.072124675,0.550996,0.0004304596,0.22609082,0.86238545,0.10432779,0.4149309,0.0,0.011643648,0.37945086,0.17401053,0.74938184,0.072684586,0.027828792,3.8766017,0.14494686,0.20834363,0.19464768,1.1753469,0.4633209,0.03190296,0.18228425,0.3063543,0.3802916,0.19461806,all_pothole_images\pothole_images_enhanced_e873a38adda24a1e92d426463934869e.jpg
0.59626853,1.9330323,0.6092167,0.50611866,0.23521979,0.031330455,0.25266406,0.15336958,0.07521195,0.5268205,0.38721636,0.27615443,0.88852626,0.67536086,0.2115003,0.1517401,0.19812845,1.1344677,1.2610633,0.25653845,0.9188438,1.3652344,1.4741628,2.7745974,0.20185179,0.8440173,1.4064293,0.8410613,1.1022547,0.61361235,1.6743474,0.107649975,0.6852715,0.6031194,1.3430897,0.7589882,0.59197205,1.7128389,0.12952082,0.45207673,0.29442352,0.0,0.0007966688,1.5643412,0.23483895,0.11403755,0.08343881,0.3988706,0.24901724,0.43893623,1.507952,1.1258706,1.3285978,0.19697587,0.0,0.2398311,1.3229339,0.1612818,0.2462816,0.50817525,0.0082692,0.43740827,1.1806499,0.8249454,0.102717176,0.38090864,0.10570958,0.5911328,0.030781025,0.104951695,0.38025168,1.0923003,0.56159556,0.5043163,0.14556535,1.1104983,0.42007932,0.6437011,0.0054508825,0.06251529,0.33115566,0.21033023,0.23332483,0.7059955,0.41584504,0.5954548,0.2572617,0.3768649,3.5662274,0.22672504,0.3161853,0.16395597,0.32103288,0.4308144,0.15153435,0.14871624,0.23230211,1.252277,0.27569434,0.25219297,0.07520082,0.72781444,0.114005595,0.65095323,0.23567683,0.71796846,0.04536656,0.14708446,0.05083464,0.80272883,0.10298433,1.9966857,0.86355555,1.1185735,0.64047885,1.562556,1.6723956,0.8010892,0.80037594,0.5267157,1.1360152,1.6157618,0.6561618,0.24011733,0.3846162,0.5308054,0.009371187,0.6594131,0.6754868,0.97989994,1.008094,0.87526095,0.4605664,0.067395724,0.06454912,0.63753444,0.1266817,0.5112836,1.3231786,0.3877407,1.1767532,0.5273313,0.6661931,2.1249516,1.2552617,0.30224502,0.34673008,0.7710651,0.28994554,1.0979841,0.46035898,0.5485501,0.04628507,0.007244105,1.2529943,0.25010794,0.71359545,0.21216695,0.54676574,0.33112645,2.105388,1.0617137,0.034759585,0.5256315,0.0047945026,0.5036809,0.5672705,0.5258761,0.0743796,0.46646336,0.30165598,0.32952842,0.99532735,0.7572424,0.28330392,0.42798755,2.2484345,0.0553325,0.05068361,0.43640137,0.6495268,0.71847564,2.163958,0.79895735,2.0122838,0.7292497,0.10643569,0.18157421,0.34206605,0.28650695,1.4838482,1.3911709,0.16450186,2.108806,0.14207384,0.17230625,0.13128166,0.42174903,0.68716764,0.6918312,0.19636627,0.17710418,0.30610093,0.40585014,0.26569423,1.5087785,0.5793654,0.10178442,0.24432902,0.32868627,0.5547792,0.2744076,0.96041775,0.48374963,0.8651204,0.16192134,0.8447634,0.55252844,1.2955239,0.0,2.129775,0.2458236,0.58153784,0.25728858,0.116108,1.0348648,0.7757076,0.1071307,0.6377122,0.5952979,0.40191093,0.34514725,0.4889382,0.95177215,1.0387264,0.0,0.43863797,0.50894064,0.10059332,0.0074082087,0.034313302,0.1902009,0.31812143,0.15811996,0.08418863,0.04277029,1.6421084,0.14042453,0.66298467,4.0394697,0.24449761,0.043205388,0.23076606,0.17134304,0.37994486,0.27051944,1.1060504,0.019518072,0.3933091,2.523144,1.3774055,0.84185094,0.38144878,0.043398015,0.23933367,0.40153578,0.22299229,0.6325293,1.395708,2.2365797,0.37652162,0.024921468,0.0046126368,0.6518642,0.03062751,0.24869564,0.5104789,0.89526737,0.7755264,0.6680189,0.13856865,0.33880922,1.3682609,0.10246542,1.0481772,0.23110335,0.26214206,1.3680451,1.4583777,0.19612102,0.9234408,0.57401335,0.8647476,0.5748053,0.36613145,0.43660703,1.6159223,0.31096795,0.16869658,1.649921,0.033550046,0.90258,0.074450694,0.13752145,3.9365287,0.3421692,0.0065185316,0.12993272,0.72552675,0.16624564,0.5586796,0.77376646,3.2747676,0.1404635,0.14906383,0.41645426,0.24496469,0.12705989,2.229495,0.6740819,0.44148675,0.77477634,0.41361147,1.5679349,0.42422897,0.6993756,0.3670844,0.7046437,1.8567716,0.9789795,4.073684,0.9645574,0.48189753,0.1939791,0.4783281,0.6859967,1.6048642,0.5628086,0.5076374,0.2369985,0.8361623,1.3214834,0.49024472,0.17028448,0.12349959,0.08384574,0.041499574,0.14616771,0.3171265,0.030336699,0.37765706,0.46704865,0.07373608,0.09525824,0.27130434,0.030517599,0.6044084,0.22664836,0.17827238,0.17977054,0.23021558,0.72433543,0.3168545,0.5748304,0.0,0.053064402,0.8630605,1.3206146,0.14446576,0.36614546,1.5399365,1.7780553,0.8820908,0.16352865,1.6746241,1.5941088,0.1055874,0.43819714,0.15392287,1.4175181,0.6693143,0.44759706,0.20053396,2.7919335,3.0930057,0.9636421,1.3639137,0.9129181,0.080770984,0.27561402,0.9777373,1.2169226,0.33331847,0.09907281,0.789489,0.06658989,0.48114517,0.093162514,1.2061874,0.05299054,1.3563138,2.1667943,0.39544812,0.5493942,0.04320673,0.0014438808,0.16177328,0.58221316,0.42371446,0.17934833,0.33621526,0.64613324,0.12291738,0.5967386,0.0,0.1138972,0.12858321,1.285886,0.11563134,0.0,1.0238116,1.0938265,1.18882,2.0711095,1.0316955,1.5851367,0.37770087,2.9653065,0.25642928,0.5445408,0.28238702,0.34979242,0.64681524,0.8720383,0.075733565,2.5292528,0.53504443,1.4454647,0.1353232,1.1045401,1.669512,0.2075387,0.26452863,0.2791643,0.154001,0.27980557,1.7442238,0.116602756,0.9165956,0.7941678,1.8757815,0.7636322,0.58638406,0.41521433,0.24866787,0.29491773,1.7298551,0.064473815,0.2492959,0.5325743,2.836496,0.34863025,1.2638011,0.28335086,0.07787244,0.5203906,0.20170183,0.16029339,0.99993116,1.971385,0.712988,1.0694098,1.4990419,0.67296225,0.2199787,0.22497681,0.18120849,0.6910635,0.74654454,0.6986028,0.81495893,1.7321022,0.11762926,1.2195975,0.006112622,0.4100214,1.3297786,0.14701216,0.38255703,0.0029453128,0.3708584,1.7145122,0.0,0.18601821,0.03520013,0.033308465,0.022932585,0.10788347,0.2011439,0.008960584,1.71034,2.6125655,0.35171968,0.36684704,0.033100333,0.17319831,0.8564153,0.59150827,0.051518995,0.78241473,0.29284585,0.063986965,all_pothole_images\pothole_images_enhanced_e8c7b13e4a4fed22698107b52a06ea2d.jpg
1.2231959,0.6858461,0.085618734,2.2940676,0.34679225,0.7333914,0.13189264,0.054557953,0.18916972,0.5537948,0.07781595,0.868035,0.15892842,1.9764466,0.3927291,0.44332734,0.08639892,0.15177691,0.012906918,0.48838004,0.8254706,0.8480153,0.37398323,0.26696745,1.4135678,0.89079744,0.2768473,2.9301295,0.31802785,0.08456194,0.6217309,0.32628453,0.5625632,0.79648805,0.12389665,0.23776108,0.12909468,0.24626821,0.50836945,0.5772243,0.5870469,0.013917516,0.5858791,0.58925587,0.937012,0.6927666,0.07741857,0.29290342,0.6146442,0.03654898,0.5309037,0.0006613105,0.23670726,0.037574664,0.02004075,1.2412511,0.9617737,0.5529789,0.14839585,0.009027536,0.06262485,0.13623898,0.8400651,0.3644673,0.24959281,1.5331929,0.5552309,0.044695318,0.76981694,0.039245047,0.72181094,0.1609261,0.23549739,0.46377784,0.572185,0.2351211,0.08631506,1.6655116,0.37356013,0.15741631,0.14635412,0.3345799,0.5976431,0.6451979,0.25399837,0.58539224,0.92321354,0.11099708,1.7107936,0.29618976,0.4492002,0.0056020347,0.039427135,0.6981953,0.00088549056,0.015390033,0.18949074,0.24610774,0.64351267,0.7904369,0.06801049,2.2459888,0.09576932,0.22400832,0.18194622,0.0,1.0728514,0.6280366,0.04585433,0.6498951,0.054672115,0.7235153,0.37108737,0.16886495,0.82392067,0.16403867,0.8838324,0.057239197,1.4714352,0.52194506,1.4966997,0.12154217,0.3810929,0.50508714,0.7753351,0.7704976,1.6403676,0.8513062,0.6018515,0.3623203,0.09876328,0.10862864,0.012754636,0.24167138,0.3760225,0.5365836,0.6386439,1.4352834,0.45848238,0.17612267,0.09357453,0.30759943,0.02323422,0.42802942,0.11473789,1.3520371,0.0,0.0,0.4486623,0.10127117,0.6622691,0.5723087,0.2849679,0.008846159,0.43279904,1.1182476,0.8323162,0.08608043,0.37878165,0.14710593,0.8413259,2.394269,0.08552933,0.75436896,0.1370935,1.4793556,0.98344445,0.5251232,3.2487407,1.0210855,0.0,0.005981789,0.08015448,0.0017125676,0.18664725,0.33449546,0.29442537,0.017012253,0.74059397,0.26836115,0.0056640226,1.5992693,1.1203266,0.21123698,1.9506593,0.0077062,0.007904872,0.9434553,0.67395157,0.24530247,0.3426754,0.08396662,0.29425013,1.0261581,0.860048,0.23850721,0.5760438,0.3768845,0.8742852,0.45201257,0.6662979,0.72559685,0.3468205,0.8180818,1.3172212,0.41455105,1.3000256,0.044141475,0.39407554,0.9565688,0.029356536,0.0,0.45242232,0.26701194,1.2137903,1.5181758,0.26994774,0.13017514,0.02375876,0.019506866,1.0759842,0.7179378,0.6682659,0.05799596,0.0,0.052400745,2.0225964,0.32590973,1.3274406,0.6352567,0.0072920686,0.048774727,0.17613389,0.21903524,0.0662616,0.011146212,2.9385116,0.007132645,0.30492523,0.51233625,0.41655666,0.15373458,0.09322047,0.07305654,0.16287403,0.0,0.7263001,0.54142004,0.3110322,5.4612164,0.7343217,0.26427206,0.3889475,0.20231931,0.010214923,0.3292554,0.500952,0.13311556,0.10997563,2.743255,0.13428254,0.28989527,0.11916065,0.7721802,0.1532486,0.20313129,0.17255144,0.2496933,1.0025835,0.34718174,0.93904024,0.09106593,0.5603362,0.41261116,0.6239284,0.19319771,0.7651632,1.6712736,0.12909584,0.81119156,0.7780468,0.025605097,0.5700967,0.84509766,0.30192047,0.55695444,0.63831484,0.29350922,0.9181487,0.02105611,0.08477929,0.18263578,0.054941956,0.6313312,0.18556948,0.5597333,0.020412825,1.6489105,0.06688209,1.9355268,0.2849031,0.18581091,0.1298598,0.4014901,5.3750086,0.34174964,0.016024243,0.20198958,0.14099045,0.591863,0.011044979,0.5578251,1.9538982,0.69834524,0.050514925,0.271691,0.0049054692,0.8322637,3.1534948,0.3243498,0.11377306,0.0,0.10890853,0.322711,0.057866704,0.19576275,0.7455526,0.08911701,0.39659375,0.25295198,2.5515969,0.015905675,0.15098076,0.0,0.09896591,0.032762382,1.7691541,0.53864235,0.3977579,1.2787048,0.29084793,1.2315434,2.6965175,0.7243669,0.8869592,0.0,0.900326,0.42317685,0.4426725,0.075960286,0.5697926,0.82825035,0.07937941,0.5931648,0.123907454,0.0,0.07459544,1.2148463,0.14540878,0.22137967,0.01594809,0.29065958,0.26907888,0.10363273,0.0,0.33587253,0.84019125,0.5075785,0.04339039,0.47963107,0.3468568,0.26156422,0.09721699,0.024351291,0.1631324,0.3977042,0.06165656,0.02587294,0.5188671,0.12744829,0.6879827,0.18254595,0.25081813,0.31313953,2.206919,1.7874931,1.4277085,0.007642786,0.09820808,1.1668717,0.09968301,0.28392753,0.059482,0.1680577,0.11820733,0.6492908,0.38925716,0.5729017,0.8324152,0.598158,1.1697048,1.1223028,0.5165943,0.6336467,0.17008181,0.6680237,0.18640229,0.8679834,0.290245,0.7204173,0.80460846,0.177996,0.3072622,0.98609287,0.0,0.06487484,0.124479905,0.2103746,1.0140259,0.36834553,2.2221866,0.046663817,0.7210605,0.8464886,1.438289,0.09583779,0.7409928,0.8297738,0.43312106,0.30048075,0.7924432,0.19477761,0.16161263,0.2625888,0.57426155,1.1784654,0.44733772,0.9117523,0.1108356,1.324877,0.7291169,0.15242709,0.07972456,0.08032283,0.183577,0.016921537,0.60754013,0.79755133,0.22093989,0.5296998,1.1284398,0.9689365,0.85426253,0.2629337,0.8217336,0.37481853,0.5618058,0.06783801,0.6909688,0.6242091,2.1792693,0.30462304,0.8669902,0.8589864,1.1857247,0.10516701,0.6753606,0.003170892,1.0034858,0.57939744,0.18156664,0.33739737,0.24584118,0.4484463,0.6770852,0.0024975408,0.33950722,1.2969241,0.6205513,0.0058038277,0.017132234,2.1953888,0.9987265,0.40766844,0.13819735,0.0,0.27117372,0.27859855,1.2634374,0.1436743,0.1446386,0.42214662,0.0,0.094380714,0.056215715,0.057627697,0.0018499016,0.019004919,0.008499473,0.47268093,0.40295282,3.1679294,0.45270842,0.18565676,0.28093165,1.2942244,1.1178787,0.048271943,0.046949543,1.7638868,0.21194026,0.65028965,all_pothole_images\pothole_images_enhanced_e8d1eb5ce82a10274fb8b75e6422a60c.jpg
0.5609016,0.436894,0.103388034,0.9655986,0.24090096,0.27940157,1.358715,0.033642016,0.16542868,0.5808632,0.79673034,0.84224147,0.41731834,2.0279129,0.09515519,0.57270795,0.06182501,1.9433746,1.08537,0.5754023,1.3159617,1.800502,0.51908946,0.612654,1.2217183,0.73611057,2.8603346,3.4256768,0.5294656,0.38101593,0.014122637,0.068060465,0.1937912,1.0779635,1.2446159,1.8128653,0.29699418,1.3407875,0.51297206,0.4822752,0.0,0.061370563,0.1843452,2.1569881,0.4088945,0.5510208,0.26824245,0.19001353,0.25940084,1.2410184,0.69452065,1.9792634,0.4273492,0.6235655,0.007529613,2.4343748,0.076056585,1.6032423,0.31185475,0.3205971,0.33725244,1.6251345,0.61260086,0.80795926,3.0410697,3.354704,0.3551393,0.4878543,0.19442914,0.057757687,0.4266241,0.28550756,0.13344021,1.1371232,0.05137853,0.12872632,0.4283979,0.90973467,0.014875405,0.0,0.30839783,0.045096923,0.6246907,0.43644828,0.16378492,1.1985677,0.17663097,0.10982158,1.0866319,0.29001904,0.46488562,0.49471587,0.07711432,0.3250083,0.17474957,0.24940817,0.40080643,1.515321,0.6045327,0.5042515,0.25495148,0.9133184,0.06293174,0.14382157,0.71592265,0.38728473,0.021060381,0.5260999,0.29224566,0.18455666,0.05881522,0.13310292,1.2515943,0.6364162,0.36545143,0.20209548,0.103764296,0.38531086,0.68873924,0.8481538,1.7917606,0.39595008,0.112925485,0.9858194,0.66750336,0.28658947,1.3193876,1.2756115,2.3540373,1.1022264,1.2469453,0.36687493,0.37559268,0.24058816,0.2080534,0.34189048,0.33577433,0.6033243,0.53789365,0.070688024,0.84563684,0.9309574,1.0236651,0.354699,0.83727604,0.60196185,2.2777712,0.25375685,0.14270096,0.07904471,0.96344894,0.46696052,0.7362906,0.0,1.7920501,0.48807874,0.7687966,1.0090562,1.4166895,0.7636918,1.7611442,0.89274627,0.17019987,0.94404733,0.2918919,0.04122736,3.42728,0.24776725,0.6011428,1.4577694,0.331674,0.14978948,0.42820483,1.0939025,0.21845753,0.5065819,0.42172888,0.007593897,1.8966829,0.49965432,0.94074214,2.8419263,2.3367105,0.1723127,1.9671608,0.5967515,0.58593065,0.21918379,0.39416814,0.37210757,0.22721991,0.7767488,0.46439603,1.5027802,0.106820844,0.17074083,0.58405155,1.6042471,0.17135537,0.5080032,1.1176454,0.55730486,1.5981188,0.45335993,0.6171782,0.29625908,0.609176,0.08415194,2.8461847,1.4290227,0.07162792,0.29211938,0.023881556,0.086985,1.9031789,1.0108832,2.3300664,0.061318737,0.21400324,1.0125093,0.35707033,0.1710991,1.3057525,0.03708543,0.22901732,0.49927005,0.8262164,0.028441092,1.6234629,1.5131614,0.96831715,0.6288269,0.25082,0.38825396,0.043362714,0.2803017,0.5600238,0.627734,0.0,0.5619795,0.0004585162,0.45403314,0.0054719974,0.18239756,0.36014152,0.5914233,0.5336571,0.1975942,0.47776988,5.2850523,2.4717417,0.013111913,0.3335325,0.17768665,1.0577122,3.0950716,0.21026358,0.066470556,0.58819133,1.0757797,0.62111586,0.13236217,0.8860994,0.05058288,1.638048,1.0316291,0.9429751,2.0339713,0.35261387,0.22188474,0.19128612,0.26150098,0.43553394,1.5941432,0.048638236,0.14532287,0.1789063,0.519562,0.35926414,0.18696566,2.2873034,0.08486421,0.7091732,1.0092493,0.5482077,1.6560547,0.5380165,0.046784654,1.0907574,0.86717,0.28460267,0.36578006,0.5589704,0.25308105,0.25829738,0.8803547,0.22292887,0.21174991,0.75331205,3.5701358,0.71234846,1.0693376,0.043956347,0.15870745,3.0312743,0.03339888,0.045744386,0.023263767,0.14586641,0.21206017,1.6970797,0.49343663,0.7587659,1.2416956,0.68926316,0.2916793,0.54885185,1.4250149,1.1670191,0.63977575,0.5306074,0.0,0.21466212,0.7158184,0.50222576,0.08470943,0.27159137,0.044290163,2.6341496,0.13637668,1.5265571,0.061343636,0.7522878,0.95439255,0.13258974,0.05430411,0.53001964,0.33247375,0.71800745,0.47135788,0.10087047,0.9683165,0.57623094,0.947062,1.9549043,2.3846247,0.08623172,0.83283806,1.4583015,0.7897205,1.3219495,0.24483995,1.5019115,0.6131689,0.099868365,0.8271973,0.17479427,0.9713016,0.7258394,0.97117704,0.74463665,0.42001444,0.2888108,0.38170272,0.22903527,0.089726955,2.1473956,0.15582341,0.7691663,0.34648392,0.22037248,0.7191107,0.75893044,0.13910258,1.6142447,0.51480657,0.22937681,0.050503165,0.3689966,1.3885113,0.3440012,0.02913429,0.8580895,0.859108,0.6820947,2.5246117,0.7732119,0.03571162,0.0077213557,1.8550264,0.81664926,1.1489865,0.17656158,1.0793859,0.079281695,0.46589902,0.6608348,0.8895059,0.24266353,0.92994475,0.12942174,1.2122291,0.35670793,1.0126978,1.1458257,0.43861097,1.5301765,1.2615606,0.5227904,0.7429347,1.8377439,1.5764465,0.25359243,1.0906848,0.40275174,0.62689215,1.3921832,0.6341286,0.23926608,0.12460726,2.3896422,0.53961486,1.4923687,2.7946334,2.7253265,0.25382587,3.3261585,1.0690306,0.47060385,0.05599753,0.121095866,0.32712,0.2638937,0.96537715,1.646837,1.5199084,0.21796311,0.9628003,0.04884621,0.1415035,0.22688219,0.13357748,0.077094205,0.05703208,0.86196494,0.0423656,0.6617091,0.43788022,0.8121977,1.4651082,1.3888079,0.09423057,1.3099539,0.3914976,0.35181886,0.7270593,1.4477489,0.17782176,0.47148058,1.8108103,1.3510015,1.6410758,2.3002157,0.36766386,0.03754546,0.03056876,0.40697685,0.0,1.1199574,0.24397948,0.39330664,0.43826547,1.031734,0.019623622,0.016905747,0.09387007,0.4264478,1.1957058,0.07728096,0.17696956,0.28472117,1.1439773,0.00069419306,0.6881298,0.50196224,0.0233161,0.047614932,0.24226418,1.4425316,0.05216358,0.11542407,0.59492004,1.0123242,1.1741424,0.2300796,0.04315279,0.001714534,0.046684507,0.17674707,0.09110824,0.6688019,2.2146592,0.74624413,0.052213326,1.4469696,0.6213785,0.45946014,0.19379663,0.066308714,1.2697433,0.35931832,1.3114136,all_pothole_images\pothole_images_enhanced_e90154abbbb46033df46481c12119657.jpg
0.7593208,1.5779444,0.6552369,0.5178055,1.0541488,0.12755276,0.15547207,0.60040456,0.45460734,1.3860881,0.4776373,0.10463773,0.14413182,0.39026812,0.06528409,0.43169853,0.057227112,0.073185004,0.32577273,0.13644706,0.24990892,3.9010494,0.734815,0.83990324,1.665979,1.0120127,0.5026827,2.1607263,0.35363784,1.2166994,0.7398244,0.24885662,0.34199858,0.2977685,0.9052883,1.0870173,1.278056,1.5361115,0.18039426,1.2786802,0.32804617,0.32695147,0.007609086,0.5445433,0.45094064,0.51031774,0.22999403,0.1808033,0.4560824,0.81550324,1.2828561,0.20717725,0.37578955,0.45922166,0.13333176,1.0163941,1.2051215,0.0,0.7674713,0.45687243,0.0019249201,0.30449486,0.60348874,0.5808167,0.2936501,1.2694929,0.5945086,0.9932484,0.1912522,0.06995457,0.45816505,1.2966722,0.12796475,0.040284682,0.40306935,1.9224066,0.40833014,0.34675634,0.046626188,0.26999286,0.8110375,0.3712129,0.78314185,2.4512782,0.10725059,0.41623983,0.6621738,0.379769,3.577593,0.16226973,0.22240292,0.16137773,0.0,0.11486359,0.15835634,0.37233025,0.9804187,1.2821434,0.29615375,0.4481636,0.51171464,0.8417249,0.7069908,0.5040804,0.044760376,0.050082102,0.0058030146,0.26192784,0.17227492,0.93536985,0.14969017,2.7315035,0.0388152,0.29092106,1.2920456,0.5680584,0.9259097,0.0,0.7764519,0.20508589,2.7029455,1.1631308,0.16452995,1.4657333,0.35480273,0.84935784,0.04911965,0.32992864,0.0032457118,0.07570017,0.56885016,0.8632714,0.69611067,0.06280855,1.1998593,0.66807085,0.29731414,0.25115207,1.9442149,0.17714109,0.22408468,0.44341284,0.4278636,1.6824837,0.36502525,0.32419902,0.026406456,0.39095962,0.11063838,0.38173783,1.2666699,0.70598894,0.25142956,0.17241982,1.8200059,0.029033355,0.78307074,0.15805346,0.23882861,0.33097523,1.6573406,0.12992159,0.023332883,2.362701,0.0033473286,0.24337143,0.1813254,0.16810197,0.4737193,0.70286596,0.34991422,0.0,0.15727325,0.5305184,1.4401342,0.06278095,0.60501903,0.042671066,0.31036127,0.3239793,0.5627857,0.885114,1.0678159,1.6315709,1.9485089,1.2827958,0.03820952,0.050519515,0.3317439,1.3439225,0.44611505,0.15278132,0.0415714,1.0932477,0.69691426,0.08690262,0.9495515,0.01598724,0.8919543,0.84160197,0.016195225,0.82399535,0.042332172,0.57045674,1.0871797,1.1916214,0.0045716004,0.62852025,1.3862787,0.26401088,0.102696456,0.23321404,1.2164682,1.5248331,0.7724157,0.4592173,0.41709366,0.6028717,1.4318908,0.016476436,1.7919714,0.34190392,0.3879433,1.0839097,0.51816434,0.70882034,1.0965992,0.17407188,1.7322085,0.8471639,0.00060401147,1.0329928,0.23514888,0.11213417,0.82835245,0.0591143,0.57049745,0.88247544,0.0444786,0.05226717,0.52651477,0.15018241,0.08779432,0.6586844,0.019616306,0.079345666,1.0535873,0.0,0.12688658,3.7145298,1.0277363,0.76329964,0.13323645,0.12593453,0.090206884,0.14038512,1.0893005,0.45341787,0.30188745,1.868577,0.79408324,0.50933236,0.96029747,0.40789077,0.6445299,0.4512715,0.42648444,0.6242996,1.1142364,0.8741867,0.6640516,0.074237935,0.024857389,0.77614236,0.57804525,0.43162182,0.5322816,0.43329793,0.07373817,0.6483134,0.054823413,0.49876118,0.6132909,0.0,1.3009639,0.1862224,1.6243441,1.27161,1.1637653,0.19590731,0.5062188,1.0189431,0.38714474,0.053000055,0.1332493,0.2562256,0.9428147,0.7960313,0.26513645,1.530292,0.21405382,1.4236145,0.21682717,0.9542478,4.366466,0.34710708,0.14396782,0.9290849,0.3194311,0.33813563,0.08668375,0.0,4.6318326,1.7156262,0.29214215,0.74687177,0.34476992,0.76454455,1.0180898,0.14723966,0.052334394,0.32104212,0.3480248,0.15536901,0.66128975,1.2942274,0.5752793,0.39179757,1.2224541,0.93001276,2.4401574,1.3427731,0.06762216,0.45866182,1.053249,1.1541013,0.93473065,0.47493848,0.09988545,0.25937694,1.4032234,1.0098208,1.6268412,0.0,0.34034124,0.050151967,0.028084299,0.134567,0.0082350345,0.34355283,0.23142448,0.9555785,0.5080125,0.8410051,0.4573745,0.29639617,0.7860295,0.9389744,0.2002383,1.025958,0.8876067,0.29087484,0.24096777,0.3069114,0.3000634,0.044410713,0.6192905,0.09582389,0.20155881,0.1539365,0.7718461,0.9969272,0.7618415,0.2637882,0.83768445,0.3087458,0.0,0.75340676,0.22410642,0.223226,0.36518645,0.29978415,0.8104604,0.9960372,4.024188,0.7442539,2.4292839,1.3711712,1.8024762,2.1379583,1.7601705,0.6106046,0.9494306,1.6743054,0.3193296,0.04980999,0.63597333,0.49305972,0.2891353,0.3539981,3.0056572,0.6085837,0.2475468,0.3863357,0.70001936,0.066576496,0.0668273,1.4278847,0.17689319,0.16282305,0.18158022,0.17281057,0.7435257,0.7684741,0.04355841,0.66689885,0.07108464,0.5920402,0.5024144,0.6090304,1.2603389,0.2855686,1.7503489,0.60386926,1.6239583,0.9361092,0.13719526,1.8873928,0.38575923,0.3331912,0.3328489,0.3391589,0.56082404,0.63232076,0.2244367,4.475334,0.67000556,1.306519,0.051225692,0.7804283,1.577818,0.3598445,0.3076192,0.2600947,0.7590758,0.8978972,2.6082695,0.18858156,0.2831083,0.7537789,1.4365668,0.5611041,2.3882985,0.60586023,0.28072888,0.20957027,1.2147025,0.15147601,0.20996296,1.2825062,0.6805774,0.22282596,0.25777054,0.3520725,1.0463012,1.328191,0.7199867,0.3760329,0.02074281,0.6924586,1.160276,0.18726784,1.0630579,0.36788154,0.15066041,0.54892933,0.054362636,0.10209752,0.6016008,0.3429633,0.9558694,1.4346758,0.20166346,0.3135518,0.0,0.09646093,0.70553476,0.015655762,0.24085619,0.0,1.6023668,1.5564734,0.00052704016,0.018034048,0.105532914,0.10136551,0.15581219,0.36898288,0.035129633,0.33829454,0.23191522,5.3010764,0.21186848,0.20331338,0.24023247,0.2124253,0.0,0.32857284,0.19233774,1.0035676,0.57011676,0.08410165,all_pothole_images\pothole_images_enhanced_e91194beedfaf88b2d86adedc2be3745.jpg
1.0718777,2.8719707,1.2133939,1.1575168,0.30133614,0.44579703,0.4567913,0.009411384,0.19293906,0.57560474,0.08985942,0.32014063,0.5044375,0.1878946,0.3705923,0.9681202,0.5938563,0.091496274,0.59930724,0.30475485,0.5864082,1.4693974,1.3868965,0.87101793,0.68508667,0.28419003,0.02641325,2.0411613,0.0,1.6762278,0.33564508,0.005786957,0.2633184,0.5768855,1.2491913,0.1065376,0.9641609,0.507861,0.61096084,0.7359862,0.00077913573,0.005459746,0.1742911,0.09571519,2.2712207,0.72758466,0.3572713,0.0,0.28120065,1.4565461,0.46249714,0.08754927,0.5331258,0.45682982,0.0,1.9138047,0.19300424,0.23777036,0.63858134,0.39025715,0.11926478,0.1600819,0.358563,0.46534082,0.57000315,0.8573602,0.4910905,0.08696239,0.75120187,0.4441043,0.4798734,0.085237294,0.6046633,0.790742,0.2644247,1.2242888,0.11913918,1.3448265,0.022972098,0.2069774,0.68251806,0.047467843,0.18251446,0.094027266,1.7444336,0.5607144,0.03542216,0.24583443,4.5389752,0.8554933,0.11006293,0.15637948,1.3914194,0.35753533,0.1656765,0.35132715,0.5915739,1.1797787,0.03537875,0.5484158,0.19934845,1.5779043,0.3245991,0.18808347,0.25249347,0.0,0.51842964,0.69275826,0.10308947,0.5303623,0.5783031,1.1189728,1.8737874,1.3589805,0.15939616,1.6637421,0.6612636,0.15059556,1.8799793,0.42908865,0.3184485,0.23698038,0.4452721,0.6019516,0.6122821,1.6281298,1.1381997,1.5742072,0.300892,0.7452014,0.10244968,0.08478997,0.5930385,0.17838532,0.3464675,0.52820116,0.09557931,1.0246915,0.27791026,0.002491607,0.6581721,0.09445172,0.2323722,0.29928985,0.47564635,1.7051938,0.061143767,0.10921729,0.0,1.7246702,0.42789724,0.40285635,0.2613492,0.044358924,0.8372494,0.30843443,1.386619,0.025164176,0.547778,1.4750941,0.70340955,2.957074,0.22454582,1.5521876,0.123540096,1.2642572,1.8008786,0.031484112,3.039446,0.73939484,0.38776562,0.0431314,0.2170329,0.0025205682,1.3085293,0.035564095,0.45598394,0.19240521,0.4227558,0.65986407,0.22935005,1.1171597,0.65367967,1.3549832,3.6258547,0.22229643,0.13964176,0.6551974,0.8705366,0.6564256,0.04089178,1.2255691,0.0327122,1.4879725,0.65226835,0.34169888,1.5150739,0.57419187,0.564747,1.3161308,0.49232933,0.35256258,0.0,0.67616224,0.40459356,1.2351834,0.22296184,0.658955,2.0052323,0.3586562,0.43981075,0.12935679,0.0972634,0.7256986,1.749848,1.2485096,0.16534261,0.20935726,0.13572676,0.1296586,0.3330785,0.10760648,0.20537011,0.36660755,0.0022578044,0.48669708,0.38634044,0.6801715,0.6619832,0.06520279,0.0026643914,0.4146004,0.1889058,0.9279162,0.48505127,0.22522719,2.0485015,0.14297135,0.06618971,0.56245744,0.3552133,0.094813935,0.06484823,0.023961082,0.64427626,0.0081694,0.6638469,0.4292146,0.37611565,3.4313192,0.48213476,0.39796895,0.5943653,0.0071772384,0.41025203,0.1014338,0.4434015,0.3329501,0.54026884,2.2585926,0.07204677,0.10485382,0.35622764,0.37573802,0.12588121,0.40449104,0.65920013,0.5431465,0.7356331,0.113295786,1.0342895,0.083045974,0.20072988,1.2151186,0.66722053,1.0638945,0.11087301,0.30920532,0.10429461,0.77719724,0.051358957,0.2853425,0.5719533,1.0792106,0.9649596,0.16824117,0.08333187,0.53000903,0.6070939,0.4522396,0.11808962,0.56759506,0.042815216,1.5892344,0.16945854,0.062611036,0.13416915,0.9595909,0.61817306,0.8189528,0.4200845,0.24085537,0.81278294,0.5996704,4.914859,0.7705709,0.13287953,0.47636482,0.569823,0.9249156,0.0834761,0.52923673,5.468987,2.9326255,0.12291455,1.0228441,0.40934908,1.8517561,1.6940157,0.112331614,0.9516002,0.0923343,0.39321524,0.21182267,0.8074812,0.95662636,0.15710242,0.10840427,1.9146625,0.13804434,4.798297,0.13255808,0.018532807,0.026161203,0.38302284,0.035160817,0.23243436,0.0,0.6055869,0.5360321,1.0733768,0.060193278,2.1258707,0.525336,0.51669294,0.5279335,0.3671959,0.13596237,0.43457848,1.3369061,0.22268182,1.1057316,0.18912192,0.009084372,0.09913378,0.2690208,0.110873744,1.5033015,0.6408096,1.0670799,0.35781428,0.45389494,0.6410191,0.4765468,0.04707362,0.79977196,0.46313947,0.22150412,0.05039493,0.06951255,0.045564923,0.34231147,0.28527874,0.103028975,0.58482486,0.6928865,0.3875531,0.3462879,1.188641,1.3353503,0.48198372,0.13111973,1.0269697,0.58488065,2.8307567,1.5147308,1.6086376,0.9100368,0.33221298,2.3613884,0.2664965,0.828673,0.007407231,0.13092366,0.0,0.108653784,0.54486746,0.72963905,0.022763407,1.1356864,1.5174302,1.2451444,0.3373752,0.278032,0.14604558,0.030291056,0.06479347,0.43189144,0.25782692,0.8241801,1.0996853,0.19852792,0.13907161,0.7604666,0.02971146,1.4062492,1.2249343,0.44622716,1.0351975,0.39012593,1.2038045,0.7441612,0.8610775,0.059676047,2.75886,0.5399481,1.1542305,1.3939409,0.7096344,0.536988,1.4156384,0.098591216,0.7706075,0.45214194,0.17824404,2.4935179,1.1798605,0.068716444,0.29374796,0.8891506,0.982733,0.6240825,0.77345103,0.15553483,0.13812813,0.2590508,1.470965,0.79720473,0.9951154,1.4127792,0.6472921,0.20360647,0.79012555,0.7434449,1.1158832,0.9328252,0.8047722,0.83513224,0.72650576,1.1994054,0.948401,0.34151793,1.5494244,0.42094398,0.2534606,0.9044564,0.71119916,0.24564707,1.1079068,0.23454344,1.2277359,0.11541495,0.29755944,0.20396505,2.6255634,0.08855881,0.3867217,0.39569873,0.064903624,0.9082578,0.21124119,2.528241,0.36837208,0.1060627,0.011596001,0.0,0.38408637,0.28347433,0.21063769,0.19361371,0.28745225,1.7502631,0.48939177,0.40891328,0.1551475,0.020446451,0.3145626,0.09615399,0.96377647,0.011654508,0.42598614,4.2875466,0.12111092,0.35154113,1.1254274,1.9349315,0.48674533,1.0057569,1.1414039,1.125328,0.09650691,0.9354131,all_pothole_images\pothole_images_enhanced_e935b385c88ddb9d368bd104847dd7fc.jpg
0.0673023,1.111084,0.36591265,1.9666805,1.9020499,0.033492517,0.8123652,0.07337179,1.2494558,1.0997702,0.5635392,1.3344591,0.42705038,1.5511998,0.059017085,0.29108015,0.0989476,3.403342,0.8037124,0.2690894,0.44846678,0.23970912,0.2333093,0.67184305,1.156043,2.3292794,0.2132721,0.88559127,0.09263712,0.087170236,0.04438105,0.7450784,1.482207,0.48467246,0.35573643,2.4767303,1.246161,0.5558919,0.15992355,0.14699969,1.3057707e-05,0.7260114,0.23582992,2.4482796,0.2758087,1.0501593,0.5346138,0.07950765,0.82298,0.031184154,0.6055988,0.49345595,0.37090734,0.047497656,0.8205381,2.2334707,1.8979138,0.27544546,1.3238893,0.28497368,0.18716964,0.2971789,0.21441211,0.29414338,0.6118026,0.8569448,0.782295,1.3196645,0.30545187,1.6988587,0.73560435,0.03524572,0.10336886,0.082600415,0.1263742,0.14519353,0.3453082,0.91152585,0.0,0.17778103,0.6326502,0.12737897,0.6490451,0.8559784,0.6824738,0.08615759,0.14757259,0.03488462,1.5567225,0.32432875,0.47654077,1.0456929,0.09451498,0.1941756,0.034494273,0.20031346,1.2368636,1.8622998,0.33171645,0.89074534,0.59790343,5.1197143,2.228571,0.012448804,0.46662128,0.630042,0.3925244,0.114722036,0.20411985,0.46046728,1.1211146,0.3780286,0.45996466,0.71445155,2.3930266,0.7102183,0.24441233,0.0,2.42105,0.7031339,0.8143034,0.11115933,0.484204,2.3765278,0.49678537,1.2830958,1.9691267,1.1310005,0.74821687,0.0,0.47582096,0.2465659,0.101099014,0.13699068,0.10491025,2.7290492,0.11287785,0.16149342,2.0251408,0.33445603,1.4181494,0.007006038,1.7836634,0.5246579,0.022382585,0.91898817,0.06337394,1.0938551,0.30081487,0.010956646,0.9110103,0.67766446,0.065949485,0.044600137,1.3032963,1.064711,0.5390074,0.10536548,0.4110913,1.1777061,1.1888738,2.1261077,0.10708797,1.3002232,0.105576724,0.0012212541,0.49411437,0.5195885,1.2170992,2.1177835,0.4179652,0.0048606065,0.10190543,0.5435132,0.0066528874,0.55323964,0.7244461,0.69655085,0.2009194,0.05280697,0.6611608,1.3358333,1.4838645,0.87951565,0.6204805,0.98415124,0.71710104,0.5253202,0.5977624,1.9977103,0.59202915,0.13460477,0.18497583,0.49515143,1.2337228,0.32184798,2.559313,0.060101848,0.63769954,0.015408423,0.1901118,0.8482998,0.01862752,0.5165233,0.30149448,1.255098,0.97167623,1.0261914,0.684678,0.9076645,0.05899595,0.18948741,1.5559834,0.34251773,2.7629247,0.056810193,0.8320807,0.94285417,0.9579196,0.07940701,1.4157493,0.3088374,0.8856227,0.033109583,0.0,0.09246205,1.0206741,0.90554154,1.3936007,0.6166289,0.05496045,0.32283476,0.7235772,0.06146732,0.5330097,0.0,2.0401766,0.24050583,0.027807983,0.15849902,1.3569087,0.031735618,0.12810165,0.97984797,0.12408285,0.7669732,0.8743754,0.6178084,1.3315197,5.1708126,1.1172049,0.17992598,0.08690101,0.46351013,0.07589113,2.2265232,1.2868904,0.047726702,0.90812165,2.6074004,0.30862778,0.1457964,1.4405771,0.58903074,0.60899764,0.00028025283,1.1645479,0.20075475,2.9554255,0.039922044,0.117972136,0.08328019,0.108652465,0.73787206,1.0039388,0.9477458,0.0015570072,0.19283627,0.44304913,1.0143622,1.2705947,0.9383243,0.34973451,0.080942765,0.41625297,0.17795518,1.0837135,0.5439792,3.4533813,0.18245187,1.0397869,0.44395167,0.28590634,1.9272177,0.03501636,0.11128643,0.31002617,0.13998365,0.0,1.8266357,0.630429,0.18360223,1.6395385,0.041528296,3.7706964,0.17085923,0.44937876,0.13001697,0.8855516,0.6264898,2.1390798,0.25759616,1.4033755,0.9295053,1.3741012,0.8757824,0.8510484,1.0628206,4.2238665,0.011755265,0.40130037,0.08205902,0.30057225,0.16949554,1.193425,0.046061296,1.0120567,0.7164976,1.2646061,0.011433377,0.6927768,0.024732001,0.11325327,0.5251547,0.00034536998,0.22589163,3.314679,0.07732001,0.08129798,0.33173612,1.1800065,0.1888145,0.4091225,0.23387286,0.079944596,0.034461435,0.11090248,0.9662811,0.09434481,1.0068418,2.0285604,0.23578314,0.79816324,0.22081807,0.8602048,0.47569668,0.74539244,1.2173373,0.046604972,1.1567134,1.7983612,0.07916198,0.46225217,0.80821997,0.0018462812,0.12165743,0.46212247,0.17856972,0.96904224,1.1461321,0.8670494,0.11729416,1.5260627,0.54318553,0.30064255,0.8363345,0.09410732,0.42982715,0.5517686,0.74052304,1.727034,0.05039826,0.28232232,0.41701725,0.7888448,0.056114435,2.7061808,0.5679898,0.38516936,0.14939101,1.4603363,0.12315143,0.08854616,0.46575978,0.12890346,0.04493903,0.9516052,0.07592465,0.5833641,0.7898385,0.16367394,1.961697,0.15516134,0.6125225,1.3723099,0.25940022,1.3123797,0.66554713,0.8935917,0.09216498,1.2458856,0.8411504,0.058897056,0.7378862,0.34269106,1.0460002,1.0345514,0.7134219,1.3211778,0.009579918,2.1665428,1.1134152,1.2760023,1.0473332,2.2810104,2.6390145,0.76923573,0.6021418,0.109385096,0.43320683,0.3545413,0.1633601,0.0015380055,0.19455041,0.7735634,1.1164896,1.5733455,0.12437722,0.26749808,0.19213603,0.17600271,1.6693076,0.29189196,0.13771701,0.04043619,0.08699342,1.2779804,0.56535614,0.02579654,1.1267631,1.4714044,0.29958144,0.27018228,0.1007476,1.3843645,0.6395205,0.24804278,0.4366298,0.19069725,1.0398157,2.4539366,0.059573714,1.0092984,1.4976511,0.35318074,0.34756115,0.03615151,0.05890821,0.52541643,0.991415,0.9787993,1.3774167,0.0062454664,0.43963894,0.68310153,0.0,0.10137577,1.1045257,2.7641237,0.15660569,0.29638305,0.67038304,0.28255197,2.0379567,0.0426592,0.19730142,1.6683278,0.0021636067,1.2028,0.47258636,0.32327238,1.2230841,0.3886584,1.979493,0.013795749,0.19359376,0.122125834,0.024652125,1.3438354,0.5495342,2.6162245,3.8868794,0.04740234,0.8335152,1.8458629,0.4914362,0.9366086,0.0018072113,0.6013848,0.16882819,0.005055179,1.5277791,all_pothole_images\pothole_images_enhanced_e9533649acc62f694fa869cde4e807be.jpg
0.53408486,0.7963082,0.26744935,1.6538107,0.8768044,0.46404472,0.08263529,0.0,0.9795395,0.39164367,0.45805955,0.66857636,0.34159985,0.95383453,0.07665257,0.37704,0.43724787,0.31034967,0.3488358,0.12476244,0.7852276,0.8484166,0.43815997,0.894366,1.7416351,1.2957927,0.3190048,2.8348505,0.037683897,0.3420249,1.027648,0.6123609,0.6917771,0.4106243,0.42497587,0.5505227,0.19553718,0.7615504,0.47516623,0.10296101,0.10014102,0.33370456,0.31593376,0.1957545,1.4235475,1.8253438,0.041445453,0.4553318,1.4653062,0.5642248,0.76333904,1.1901021,0.5181948,1.1066407,0.724177,0.5798669,0.7970114,0.23111461,0.60551304,0.0836155,0.003991352,0.64448273,0.5215999,0.5591944,0.8659516,1.7987524,0.79803246,0.075358264,0.8443807,0.23359446,1.1406771,0.66190934,0.7365886,0.244979,0.25606832,0.36742222,0.20273687,0.84805554,0.0,0.49606666,0.0043415157,0.02203889,0.42348653,0.54761606,0.3459166,0.7208746,0.6446964,0.84343904,1.9854085,0.5249089,0.8026999,0.38128528,0.8950463,0.29020876,0.17476062,0.07948646,1.4316144,1.248517,0.620299,2.0379944,0.039524354,2.4738405,0.7070233,0.11358518,0.6130582,0.4414701,0.8668851,0.24492306,0.10555358,0.89986026,0.10319036,1.3563306,0.9281126,0.059091695,0.63870823,0.8843776,1.2784802,0.22422788,0.31464857,1.3388134,2.436067,0.024073588,0.30607146,1.5749296,0.69457996,1.1059546,2.8586092,0.1519919,0.38624206,0.96586734,0.19201726,0.030868394,0.22656575,0.39783445,0.25193638,1.3520077,1.997378,0.34827417,1.5581996,0.756349,0.69176793,0.42395929,0.5235252,0.4836225,1.0482175,0.6451206,0.22076182,0.60864884,1.1503431,0.3102804,0.83391976,1.4005061,0.41284,0.1597567,0.710918,0.36205435,1.2518175,0.2369921,0.11082408,1.4823025,1.6226873,0.61347514,0.1436685,0.73360807,0.11234038,0.13538973,0.3948497,0.050556473,1.8835564,1.8575635,0.38614964,0.0214695,0.040973745,0.051726792,0.082006134,0.53009164,0.49620557,0.0006511653,0.806758,1.3091326,3.339847e-05,0.8054316,0.89425176,0.6825516,3.2422683,0.25397143,0.40137485,0.9095407,0.7786253,1.1017135,0.925457,0.46069312,0.22654173,0.8578977,0.047404893,0.0048143603,1.0100751,0.12884033,1.6705487,0.4801087,0.5590244,0.10115884,0.06093064,1.3847108,0.42127612,2.1282208,0.5015182,1.0817528,2.3944645,1.686954,0.038709275,0.24819918,0.8634539,0.40561563,0.2989196,1.9615053,1.0407035,0.15721422,0.26576468,1.0896654,0.5958103,0.13179763,1.0438194,0.5642252,0.060707968,0.60334456,1.6587418,0.5940267,1.9812238,1.6635603,0.049561333,0.4227122,0.6951815,0.6050364,0.20307109,0.019882897,1.2492836,0.8041807,0.46038622,0.54474473,0.9440376,0.013775689,0.22414178,1.0595878,0.090271726,0.1382984,0.92301875,0.717983,0.58806217,3.4407685,0.9085081,0.005111208,0.5829554,0.2755383,0.029020948,0.16445798,0.5935841,0.7778499,0.041492116,2.3654158,0.50497663,0.92100805,0.5584055,0.18059199,0.5853245,2.0489385,0.46185035,1.5091764,1.717041,1.1477644,0.058787633,0.036381487,0.37959105,0.96258456,0.47801954,0.45085508,0.21483518,0.7499779,1.1409068,0.72361195,0.0,0.30047816,0.10648729,0.026562462,0.5621247,0.13974042,2.0124807,0.716667,0.9027095,0.15115708,0.19521384,0.6408787,0.48348594,1.1824737,0.26212105,0.63566524,1.4048007,1.2124684,0.06830674,1.9451054,1.5404093,0.77129734,0.13831812,0.5123326,2.9984741,1.6122711,0.014667785,0.37315547,0.586195,0.8932712,0.2571015,0.40625972,4.1597056,2.9917998,1.034692,0.511855,0.8605065,0.9018083,2.458258,0.52648616,0.35717866,0.18660203,1.051556,0.41284248,1.6545752,1.0797726,0.42071268,0.1843545,0.83293456,0.3182182,3.9570348,0.084983855,0.41390133,0.48576105,0.69189143,0.3016539,1.3350852,0.46725506,0.38363966,1.6827062,0.16999835,0.59616125,4.280015,0.35041553,0.7463685,0.6662637,0.34408474,0.14805202,0.7672871,0.13484456,0.20530961,1.0176508,0.55152285,1.0338337,0.2729082,0.12006033,0.63682693,0.4710514,0.21505006,0.70927095,0.96827596,0.08041821,0.25001907,0.18922597,0.3150261,0.080477245,0.7889072,0.3780631,0.23380461,0.5939629,1.0196413,0.76623255,0.6971037,0.44710523,0.39341697,0.7139428,0.46364993,0.22631589,0.4240378,0.42377937,0.31106544,0.008372386,0.71843195,0.6007246,3.1190348,1.58422,1.461195,0.50773734,0.47483522,0.70942,2.1422806,0.77564776,0.60653174,0.43481788,0.07479921,0.28348607,0.63592523,0.923493,1.192517,0.19386412,2.0327218,1.6690807,0.38246632,0.26997265,2.0869827,0.14042103,0.011472215,0.5174795,1.4942889,0.19640441,0.21244815,0.49362695,1.1382792,1.2411335,0.0,0.34715706,1.1822486,0.7852033,1.3634151,1.0530341,1.1972347,0.053733498,0.9358183,0.17600816,2.102078,0.5032608,0.74948895,0.65408224,1.5933748,0.48739612,0.43477377,0.54787076,0.2955059,1.4746426,1.3645377,2.2978535,0.8826885,2.564234,0.15710576,0.9198153,1.0651598,0.47787175,0.30114415,0.1957168,0.40594083,0.036930963,1.4630297,1.2590805,0.17555614,2.589267,0.53119385,0.30302268,1.9909658,0.30810738,0.6497804,0.8247737,0.104687884,0.26144636,0.64932775,0.86583716,0.7379766,0.20638742,0.42154795,1.8724061,0.18900363,0.8758345,1.2765335,0.22544481,0.66956556,0.73376334,0.83709854,0.106349416,0.14912955,0.1750926,0.7982251,0.071381554,0.643223,0.48838747,1.1568992,0.24944207,0.47442594,1.4712744,0.9275033,1.1866106,0.44344983,0.08320524,0.95359665,0.055655017,0.7557294,0.39982387,0.5778764,1.6855191,0.17887855,0.26496264,0.28939542,0.24883613,0.2044638,0.020343328,0.36751404,1.0271654,0.015259099,5.483139,0.53085357,0.7134845,0.7552669,1.8181758,0.49650067,0.48928615,0.19594651,0.8354923,0.41013414,1.3210776,all_pothole_images\pothole_images_enhanced_e9771f1f14704453752ee1b0a43aa81a.jpg
1.3573451,0.06405347,0.07756793,1.486646,0.9172117,0.051686104,0.47186804,0.17779633,1.0275997,0.584778,0.6564253,0.43070656,0.031929567,0.8285076,0.12195397,0.31001225,0.22911538,3.932355,0.85256183,0.98047185,0.9007553,0.0,0.90603167,1.3537803,1.4461391,0.8024385,0.95964336,2.6943004,0.025408436,0.0,0.20182352,0.021347731,0.6117544,1.3910269,0.17371902,1.5836543,0.00061335176,0.1359708,0.5223693,0.28735042,0.014263757,0.1271187,0.38373145,1.328649,0.025270922,1.3263581,0.024428869,0.82666063,2.0960617,2.661697,0.9861888,0.2954352,0.4259902,0.0,0.44815272,1.167436,0.5225845,1.0045338,0.670248,0.7798247,0.44200695,0.0778894,0.028335493,0.30759317,1.8366328,1.497102,0.8261386,0.009050836,0.042444512,0.0,0.041651666,0.1673134,1.0627177,0.11837637,1.695333,0.06401854,0.06807163,0.90256464,0.23076886,0.013570254,0.02126177,0.8753991,0.25205714,0.023264607,0.25375345,0.0,0.3075813,0.12639022,0.740635,0.06847041,0.81708574,0.7857608,0.81448954,0.008064433,0.6583796,0.018872406,1.0212353,0.50813127,0.0032071897,0.059514325,0.057050634,2.5673556,0.4822144,0.0,1.763933,0.6395882,0.47698155,1.0625055,0.037930902,1.0324358,0.053588666,0.20322978,0.21441787,1.1049926,0.66752076,0.18723151,0.06001319,0.32414362,2.7641091,0.83377963,1.9184211,0.21394697,0.006858623,0.92985034,1.2090583,0.6098463,1.513382,0.2727912,0.09843306,0.12359308,0.24452867,0.006301993,0.0068973848,0.12289259,0.6665525,1.7992971,0.76193935,0.22351128,0.41779226,0.027997065,0.7155226,0.42063987,1.5849416,0.7482172,0.088908225,0.24623854,0.016953746,1.0861713,0.12171887,0.09570902,0.75178075,0.2476941,0.1009769,0.03331604,1.3871462,1.7347133,1.4459662,0.259815,0.49848932,0.95290947,1.5377107,2.1438017,0.38715348,0.29331386,0.70505637,0.45701844,0.2911586,0.021906925,0.38921547,2.6842458,0.2003348,0.0,0.23571886,0.0011633293,0.05815375,0.8588972,0.020205704,0.0,0.7661251,0.2900061,0.021651966,2.0218642,0.6639615,2.1473205,1.6037266,0.36087245,0.5851596,0.41901714,0.89040637,0.6136584,0.6994039,0.03434898,0.8548562,0.19597949,0.64762574,1.51251,2.6796734,0.23853785,1.1821927,0.5996719,0.16000353,0.13800722,0.6834779,0.11238322,0.11136047,0.057567112,0.5998826,0.22555503,0.91696537,1.4971008,0.041753426,0.0020883495,1.260425,0.28198954,1.8411292,3.0865622,0.35359257,0.18419611,0.3243213,0.5349195,0.14545918,0.1301196,1.0482767,1.1733825,0.0,0.05853064,0.035595812,0.5173377,2.0360644,1.7906603,0.07882321,0.0,1.7512406,0.5701844,0.9502071,0.16792472,0.87732404,0.2803724,0.14029361,0.43719232,0.7633686,0.0031046707,0.14688593,0.1405817,0.027326636,0.1897411,1.6682782,0.08344777,0.45920694,5.0199513,0.118969254,0.279042,0.010420678,1.5285081,0.024298852,0.94359905,0.007002557,1.28857,0.044726074,2.7344487,0.06524556,0.24066658,0.04908467,0.39227426,0.23798048,0.045814037,0.8677798,0.13677987,0.92532146,1.0792849,1.601645,0.0,0.16706415,0.93245506,0.09233865,0.5081223,0.35441858,0.2888806,0.21088246,0.30358556,0.3906863,0.98762435,0.4374411,0.0050836294,0.009933984,0.9711717,1.174564,0.36692294,1.9853051,0.10192659,0.17684595,0.49176687,0.0,1.3990968,0.39387232,0.5636948,0.17614652,0.055812106,0.3813111,3.8283772,1.2408645,0.06702618,0.25689775,0.0,1.8307847,0.38920534,0.05033751,0.0,0.6485695,0.936595,0.47517207,0.38632235,0.05243892,2.8035932,0.2144066,0.0,0.029555734,0.19728503,7.2387733,0.1169771,0.9913236,0.01793677,0.58783835,0.7724055,0.9770517,1.4259242,0.07215528,0.6756838,0.3611763,0.12717663,0.38555342,0.22586203,0.7234892,0.04522955,0.1146199,0.007860203,2.6847737,0.040623173,0.40825376,1.6392976,0.5464231,0.0027146523,3.6619008,3.4718149,0.9519619,0.487791,0.23598766,0.44088393,0.15045872,0.0030993174,0.020318007,0.5963815,0.041674223,0.8920064,0.040197983,0.22305354,0.18497966,1.3148694,1.368146,2.1614676,1.3378567,0.6976351,0.7351964,1.3680124,0.01903793,0.4204613,0.13996935,0.31691587,0.47541428,0.9751156,0.051566556,0.69016266,0.49852192,0.21991497,0.30863535,0.24089459,0.107238926,0.16919595,0.26034182,0.673491,2.6062748,0.110874206,0.14524154,0.59518737,0.6338619,0.06092629,1.0036325,0.093665436,0.062319916,1.2922149,1.5333631,1.3378242,0.8272563,0.02438404,0.091400765,0.19675632,0.52147543,0.023316378,0.34936708,0.009944964,0.0,2.9803069,0.5452451,0.010794889,0.22636436,0.13610329,0.36384958,0.8050627,1.1934471,0.53885,0.14610815,0.7051264,0.34447995,0.5167328,0.02053125,0.5000576,1.5120637,0.2592404,1.6054008,0.4738393,1.3093022,2.3211257,0.25351393,0.76637447,2.0402002,0.33844462,0.5456848,0.23428461,0.03728967,0.41636446,0.24895275,0.16595575,0.9917016,1.5253791,2.5932982,0.24576642,0.62907624,0.7991914,0.30250344,0.045098964,0.68747616,0.36514664,0.09452276,0.6493159,0.024129441,0.15581152,0.0076051573,1.2129173,0.0021377096,1.5474212,3.2598577,0.3911354,0.6708766,0.048151556,0.36254048,0.2661979,0.15669826,0.03730421,0.08763027,1.3951641,4.879131,0.19526243,3.1771774,0.09142555,0.06728867,0.091274515,0.007502662,0.011775845,0.30161223,0.19250059,0.059499517,1.0986818,0.0,0.27504873,1.5271924,0.080731794,0.40078875,0.14455208,0.17656957,0.0,0.28905404,0.33533847,0.6377972,0.17471151,1.3715979,0.02002929,0.18793385,0.009468281,0.41025442,0.018478166,0.30692855,1.3503486,0.5061471,0.534443,0.0,0.15052992,0.55057293,0.7428964,0.8695543,0.7824738,0.59097743,2.6582386,0.67721105,0.22525826,0.03370575,2.2909162,1.4421057,0.0044782856,0.120893806,0.5040354,0.006966726,0.18067116,all_pothole_images\pothole_images_enhanced_e9df58961e30596b4d51e97eb432afa2.jpg
0.3885882,0.69660014,0.224001,2.9100091,1.6319371,0.54851025,1.3651272,0.23787786,0.06927355,0.39413458,0.037005533,0.100214735,1.6016691,1.9483587,0.12098972,0.24007061,0.15438928,0.74100226,0.6596812,0.057846118,0.5775178,2.102375,0.8278069,0.3173855,0.50719655,0.3595852,0.82485557,0.46657243,1.531235,0.9494195,0.6208263,1.1790402,0.6002985,0.2303487,0.17823468,2.0444329,0.43991414,0.1522945,0.30325165,0.4556383,0.42128155,0.1539332,0.2871745,0.30547488,0.4006951,0.24573518,0.55249596,0.06838423,1.2439237,0.5687421,1.6212968,0.7292199,0.5925679,0.8828667,0.28067484,1.9804333,2.7966502,0.11842723,0.5883991,1.2238904,0.9871281,0.6186756,0.57425016,0.45584118,0.66099906,0.87532604,0.09867458,0.6255924,0.014295564,0.91776234,0.0025092594,0.08370744,0.07381054,0.4976785,0.6109423,0.7057537,0.47381037,0.5307658,0.5134274,0.59851044,0.1402177,0.33059064,0.90868455,1.6618311,0.75193596,0.7613056,1.0721918,0.07109734,2.0302541,0.15763956,0.21524754,1.0645479,0.081414,0.06196291,0.7398022,0.20820497,0.01889272,0.8572294,0.21874714,1.3580627,0.90911084,2.8874593,1.0656133,0.75648147,1.6617777,0.07919575,0.57270485,0.096775986,0.2715137,0.81085,0.89008284,2.6690624,1.40028,0.16362283,0.71254855,2.0331507,0.7406462,0.7270539,3.9525356,1.1497275,0.12335438,0.6904926,0.7123841,0.53391147,0.21870063,1.8505933,0.0,0.1997994,0.24139585,0.08874153,1.5128505,0.54991996,0.47583804,0.4719611,0.21044505,1.5305192,0.594429,0.046956077,0.98262596,0.5216378,0.60840744,1.7317449,0.36182177,1.9037493,0.26829582,0.4568046,0.012786402,0.7195504,0.7812419,0.24907738,0.28336933,0.5845143,0.76560336,0.20298198,1.1626897,0.8865056,0.38834628,1.5034615,1.4016658,0.48130298,0.5855376,0.7223404,0.4390279,1.3457428,0.93613994,1.7718982,0.62877816,0.33201614,1.8934566,0.09638154,1.3536825,0.3044263,0.19428405,1.8812059,0.60759556,0.5988079,1.4946342,0.5140457,0.6266148,0.18979858,0.09550361,1.4364766,1.6756859,0.34802634,1.1579951,0.067588195,1.5167502,1.3594637,0.30351853,1.0877482,0.6240847,0.7657243,0.0,1.163414,0.34499246,0.0475245,1.1398605,0.88905036,0.5421031,0.57871574,0.026616616,1.0017893,0.23204593,0.3603145,0.879222,0.97214544,0.18491898,0.109193034,0.93761206,0.93417513,0.6175241,0.32941148,2.420537,2.3154502,1.1967713,0.96939427,1.139569,1.3382927,1.4233171,0.10233657,1.8543566,0.0,0.7255778,1.763919,0.11626343,0.34310025,1.3755088,0.6356814,1.7609228,0.00073520886,0.009468276,0.81700426,1.0992477,0.62485814,0.9832863,0.13704464,2.023184,0.22054832,0.41330758,0.42929107,0.80250496,0.16555634,0.35894564,0.0,0.021259507,0.4387167,0.77603596,1.2762413,1.0739623,5.2436895,1.8698064,0.47557613,0.7314571,0.85824835,0.21437518,1.3323436,0.97707874,0.20190293,1.2651206,4.0494995,0.1729198,0.94469947,0.6503113,1.1974047,0.87193257,0.23249471,0.5116246,0.027524488,1.406387,1.0852462,1.3112503,0.06727856,0.15334916,0.121701375,1.784273,0.9935984,0.15141687,1.0741538,1.2370247,0.049724996,1.245242,1.2052268,0.24237718,0.6502086,0.429985,0.8180321,1.3935792,0.8552766,2.413148,1.7808822,0.3077306,1.3288227,0.11363825,1.0177218,0.55179477,0.32668075,0.55827737,1.2137716,0.10362628,1.0740983,0.032835364,0.43684545,0.12052828,0.5775993,4.320625,1.1589761,0.87628376,0.14362727,1.0501552,0.5765169,1.6662568,1.2981939,2.5281126,1.7616471,1.3366634,0.36725673,0.03884291,0.58189434,4.9351277,0.3705747,0.3540475,0.93332237,0.1264719,1.292256,0.40028223,1.1263391,1.2004386,1.0139759,0.102193035,0.8432494,1.4619137,0.93396795,0.59360707,0.42819127,0.20979087,0.28849828,1.9230053,1.4169581,1.2501943,0.76954633,0.36928526,0.8199097,0.806974,0.36408514,1.0503429,0.29036298,0.06343445,0.040193122,0.37002105,0.5378715,0.7193147,0.28194213,0.19468883,0.62200516,0.5714219,0.46576533,0.5578159,0.4852575,2.3246303,0.6083568,0.47654638,0.3616034,1.2614999,0.6389683,0.09356117,0.9629742,1.8561976,1.0225997,0.19803876,0.74771124,1.0275819,0.14723665,1.8231417,0.75112665,0.6922391,0.61509794,0.101892315,0.13082126,1.4678154,0.27924973,1.5893184,0.021545162,0.22743486,1.105636,2.6201975,0.13627772,2.62175,0.47148788,0.42064214,0.6947119,0.046356663,2.0437157,0.4675768,0.3904713,0.6564502,0.16823713,0.2935085,0.043335713,0.72359633,0.52608705,0.48242334,0.069484346,0.53520304,0.45655385,0.41490218,0.15892817,0.13745558,0.364776,0.65201336,0.29081395,0.3155088,0.6806357,0.1430663,0.11455985,0.36970383,0.13230272,0.90116286,0.58445966,0.39647603,0.49786943,2.1892016,0.77324444,0.56200445,1.8500948,2.410616,1.9247648,1.0677642,0.6646144,0.9271325,0.5212313,0.8081738,0.76830316,1.1154952,0.09835762,0.0076653464,1.1403464,1.3146843,1.1855648,1.3143872,1.4627126,0.99581736,0.7912928,0.24589656,0.031507663,0.11806935,0.85738915,0.8908224,0.71105766,0.15170865,0.41298196,1.5768541,0.05356933,0.31826922,0.3185895,1.9251144,1.3258473,1.6146265,0.020958358,0.56940484,0.70437753,1.9602566,0.108155996,0.93833035,0.24825379,1.5037122,0.3586234,0.034829155,0.8207311,0.14729792,0.98407245,0.544695,1.3663943,0.26425448,0.4775663,0.807332,0.81279486,0.542552,0.4802672,1.0944277,0.34836107,0.3074055,1.8132719,2.2938824,1.2013499,0.022045335,0.94162166,2.1387303,0.16635379,0.92722726,0.4190643,0.8797036,1.1682847,0.11428224,0.071806185,0.71361464,0.24979493,0.46517235,0.51101005,0.4909825,0.3206327,0.8929428,3.2437637,0.9035601,0.7455891,0.55824083,0.47434717,0.11119726,1.5240606,0.23538591,0.18648873,1.5251566,0.89434826,all_pothole_images\pothole_images_enhanced_ea24414ade934d49be17c24c690fac7b.jpg
0.15969695,0.9388856,0.15001796,2.9533703,1.9350495,0.4452872,0.2821771,0.0538901,0.07462126,1.3941574,1.7581315,0.9467453,0.2264145,2.8230603,0.031127365,0.4483769,0.1723258,0.87648505,0.41690052,0.055671122,1.2412391,1.0724814,0.54179925,0.97326785,0.8182932,0.015494708,0.2785113,1.434759,0.14586532,1.2465289,0.77232873,0.0152081195,0.64564157,0.71402144,0.17148185,1.9712979,1.0969118,0.5525703,0.64060503,0.60583985,0.07379357,0.99953985,0.16640987,0.7825057,0.087406985,0.80279416,1.133436,0.010627374,0.97611654,0.5932991,0.0,0.27053058,0.05167245,0.1275175,0.4840089,1.4213222,2.0337732,0.16239128,0.7616723,0.23708422,0.9028438,1.5779356,0.6836583,0.10020807,1.6897473,1.0342293,0.10078923,0.3851914,0.6427003,0.87094647,0.5065818,0.22813256,0.6404007,0.5114634,0.4716741,0.13725446,0.59914476,0.1759976,0.11542153,0.11278775,0.047283117,1.1250724,0.5176591,0.99214786,0.07843901,0.019474322,0.12393397,0.044027936,1.4370178,0.58246404,0.9866293,1.7949479,1.1092976,1.2725163,0.060829956,0.14553118,0.17266166,0.4291645,0.26777837,1.3508521,0.76327765,5.409628,0.012944907,0.019836312,3.035203,0.79649615,0.034656025,0.40201548,1.1847466,0.33860764,0.23418301,0.1545733,0.11209056,0.34879467,1.4589454,0.6234419,0.9349374,1.1739737,2.526802,0.65586936,1.3857545,0.1384535,0.29947928,1.452353,0.7614091,0.9727414,0.49501795,1.4554113,0.55806726,1.464114,1.4657992,0.13182715,0.32124874,1.0421096,0.882805,0.9197187,0.26405594,0.64574903,0.4900875,0.47645932,1.5696034,1.9334898,1.686485,0.512175,0.123122506,1.4934205,0.866236,0.16366525,2.2050276,0.6864584,0.0041236016,0.68726563,0.47190318,0.35722795,1.074314,0.7160912,1.2599293,1.1137068,0.19070482,0.74926084,1.6350917,0.9656561,0.3030418,2.2122734,2.8562448,0.40315595,1.8220841,0.37376675,1.1849217,2.2826142,1.2475258,0.9699605,0.1854943,1.7919582,0.34000415,0.17275302,0.5893537,0.01197701,0.36926335,0.19737709,0.18687314,1.4750923,1.3760291,0.529512,2.264271,0.16049112,1.7900456,0.6840488,0.3828897,0.69068664,0.29832593,2.8418086,0.7912819,1.4285823,1.4839011,0.45986658,1.0291905,1.36241,0.7397996,0.11314499,0.3150377,2.1241903,0.63342726,0.10882782,0.45422903,0.2938999,0.38969868,0.20878595,1.4138258,0.537959,0.30753413,0.84992903,1.2867432,0.47638512,3.2303023,1.3143356,0.3506395,0.31770977,0.09847798,0.56741625,0.47687495,0.053507205,0.418618,0.03023493,0.30831775,0.47084337,0.55321735,0.33664155,3.3289526,0.26370922,0.8553036,0.8333994,0.9878356,0.5494828,0.55302536,0.013015744,1.704398,0.19603124,0.34429184,1.3482906,0.03640855,0.15056364,0.4371362,0.4388484,1.7144467,0.6109006,0.4514439,0.59896725,0.9931522,4.2009363,0.2952602,0.080144845,0.36677262,0.77184343,0.30800653,1.8157295,0.14347205,2.1823528,0.8933935,2.1327488,0.66142744,0.5091934,0.6335271,1.8295177,0.04238281,0.40781453,1.3197311,0.4506259,2.4720666,0.43905067,0.17211936,0.12437067,1.3320266,0.39922523,0.11200785,0.06550769,0.34688124,0.30277196,1.3438051,0.69358915,1.3612914,0.732247,0.88151383,0.1971552,0.08350955,1.7186979,0.53472847,0.46615443,1.5615729,1.6784121,0.1604283,0.053525597,0.10465591,2.0628824,2.1246488,0.22186275,0.86797315,0.414262,0.62773937,1.9823061,1.7116549,0.18203828,0.019754754,0.114144936,4.325437,0.15809593,0.25381035,0.28041598,0.8409405,0.71304536,0.6984324,1.1040705,2.0976446,1.5651006,2.0257075,0.12356559,0.30353817,0.33259237,3.4700878,0.49063256,1.2078792,0.7191961,1.2941136,0.31383616,0.022820951,1.10738,0.032225866,0.060910147,0.888114,0.6781266,1.5008392,0.32924145,0.76204634,0.10154654,0.21564877,0.006451339,1.4169959,0.3324407,1.1130714,0.87588423,0.5398046,0.9804695,1.2145499,0.90997493,0.6711021,0.28995836,0.72159684,0.22362588,0.54871845,0.51212704,0.15665832,0.21997175,0.013771445,0.42884418,0.6765907,0.12697048,0.059012674,1.6115105,1.9287888,0.36686444,1.5202683,0.53154105,0.6669015,0.6007004,0.0535934,0.024609843,0.22881648,0.06412624,0.9566376,1.1530746,0.4425312,0.912367,0.49509203,0.7626546,0.41299316,2.0423503,0.21239688,0.060944352,1.197673,0.82765883,0.8144555,0.014250885,0.09859476,0.37095088,0.5972667,0.25919557,1.5778133,0.42095622,0.74470395,0.71542966,1.4869102,0.12412886,0.28776908,0.91426927,0.0,0.1589431,1.0017586,1.3185788,0.862991,0.13975759,0.06792373,1.7851204,0.3663175,0.011218354,1.3253253,0.14418909,0.31140873,0.10792389,0.73467463,0.33082542,0.19497792,0.56182766,0.038083296,0.07696641,0.81779695,0.7528562,1.096037,1.3551455,0.44802567,0.10740318,1.6466606,1.1051322,1.8551363,1.1740775,3.4634006,1.3016422,2.331265,0.09197454,1.0749735,2.4104638,0.32678553,0.50932854,0.7265561,0.08966776,1.336659,0.3290197,0.29827082,0.30953604,2.104871,0.15510343,0.43351027,3.6257603,1.6377769,0.019758197,0.07111861,0.36723328,0.79627025,0.50747347,0.34179452,1.7192429,1.7574923,0.22451381,0.78053194,0.6087645,0.6206551,1.2114121,0.5016131,0.4523204,0.6545674,1.4257921,2.5798855,0.55686504,0.4379387,0.31372395,0.19781044,0.1381153,0.27747685,0.26102093,0.30240744,0.8122127,0.41946974,2.4804864,0.054865614,0.37819093,1.5877352,0.019800182,2.7961445,0.84933734,0.08576371,0.0,0.13734932,1.1955379,1.1708338,0.6006918,0.18640417,0.20452671,1.4206377,0.013762173,0.9548771,0.35190013,0.5918971,0.349035,0.16110842,0.2411849,0.0996761,0.010567809,0.3587778,0.26320693,0.25145265,0.9906115,1.2906436,2.1151538,0.8345418,0.5667071,0.4982476,1.4092178,0.2409381,0.21215446,1.1251621,0.23028216,0.4614805,0.5553254,all_pothole_images\pothole_images_enhanced_eae468c97b3b05652ad86b585c659b0d.jpg
0.8056321,0.7272057,0.047910016,1.596659,0.8295003,0.35666966,0.8294169,0.075363405,0.0,0.41438666,0.8257508,0.9454604,0.30023095,1.4429845,0.17904499,0.35344556,0.7811074,0.709907,1.4411194,0.21309398,0.8911804,1.3145652,0.53432506,1.9985665,0.5078435,0.04868096,0.0,0.19995193,0.35530663,0.33417854,0.051154256,0.10053973,0.7025435,0.35614905,0.23632695,2.547561,0.43596858,0.7309353,0.3610677,0.45172936,0.0946816,0.026929537,0.23429792,0.76513857,0.58564657,0.64852303,0.2314323,0.146203,0.811364,1.7617137,1.382639,0.18174326,0.80581063,0.24979793,0.31165716,2.5190876,2.4007812,0.6480537,0.9303335,0.37746817,0.31280324,0.22749522,0.27141187,0.124118775,0.2978802,1.046887,0.32755953,0.036078937,0.2970184,0.21220647,0.0014453268,0.014728554,0.2476756,0.08170316,0.91470563,0.050020695,0.0014687252,1.0018642,0.25637937,0.12076966,0.017448053,0.5413161,0.03184691,1.8520564,0.5756227,0.42151737,0.00056078297,0.46490648,1.1468472,0.25590166,1.595599,0.28614926,0.0019052383,0.0840366,0.5201413,0.0,1.3359442,1.6247525,0.5567575,0.2869937,0.4253487,3.8951826,0.4304837,0.051242385,0.7526537,0.83220905,0.102530204,0.1457355,0.13688679,0.48992324,0.50133204,1.581168,0.4385177,2.4002242,0.58615375,0.38141775,1.4635402,0.11534897,3.5390477,2.3511107,1.6466991,1.0646809,0.21162522,1.0630288,0.9939732,1.8781568,0.6415642,1.4610686,0.7377469,0.016596338,0.1097226,0.0,0.398387,0.16144517,0.080483004,0.8154036,0.3031449,0.9891741,0.20747916,0.09852579,0.43789774,0.02452307,0.04787069,0.76688397,0.14562172,0.21591544,0.0792615,1.750606,0.061042562,0.04502727,0.19873805,1.7044597,0.008918306,0.008793549,1.4352494,1.1117889,1.0399177,0.20723835,0.8551074,0.37696892,2.2463546,1.0352505,0.017166652,1.7690419,0.09676708,0.35346618,0.5696853,0.011563696,1.3841033,2.665807,0.36718827,0.0,0.03324256,0.4895604,0.47157046,0.20854735,0.37003532,0.0,0.0,0.042078815,0.09922191,1.5311124,1.5564541,1.6441541,1.3257316,0.95484006,0.31400198,1.8086479,1.3055525,1.0288234,0.36620235,0.09109705,0.7544271,0.80092543,0.09925113,0.86239094,1.3609538,0.63698703,0.796117,0.13500312,0.41588172,1.1052357,0.6374921,0.89789426,1.8119155,0.5806676,0.7533041,0.12779158,1.0207051,0.57421,0.021254953,0.17473732,0.7538132,1.1548233,2.1157634,0.44017082,1.0657233,0.26779318,0.38684374,0.2750636,0.28316802,0.44223532,0.6894462,0.54789484,0.006104465,0.08510037,1.2071203,0.51289165,0.26769927,0.15207647,0.0,0.00087823183,1.6529832,1.4634056,0.5925993,0.30244482,1.8807986,0.0,0.16310678,0.035256747,0.7592049,0.03740907,0.0833548,0.19158359,0.18749444,0.09389634,0.2920455,0.6587574,0.3176108,4.334639,1.5858705,0.24751653,0.3427253,0.6670364,0.2076212,0.31551692,0.70378804,0.531101,0.10641225,2.9499452,0.39032498,0.0,0.7483648,1.0059371,1.061912,0.43027985,0.36573184,0.5262125,3.1383893,0.4292899,0.11202705,0.24835679,0.10070496,0.81829304,1.0447448,1.0846945,0.19399154,0.05117093,0.3264488,0.6789865,0.38343102,0.7285309,0.2054677,0.029622834,0.14655434,0.29170635,0.3176209,0.411685,0.078248836,0.19279712,1.3160396,0.10114805,0.022324942,2.013539,0.43995976,0.06303883,0.1618531,0.7008659,0.33671296,1.1144263,0.3367698,0.2691218,0.042980038,0.3998313,3.7938135,0.15824905,0.13072824,0.5154565,0.21213041,0.27937588,1.5548103,0.81210375,2.1288004,1.5628871,0.27126884,1.2497753,0.0,1.0405812,2.5448263,0.0,1.345635,0.053401265,0.41680032,0.37612438,0.3234951,0.36912385,0.037792563,0.03208908,0.65264016,0.0,0.9680944,0.9296873,0.110830024,0.0,0.07161234,0.406708,0.663622,0.6057184,0.60470176,0.13421491,0.20611,0.44662932,1.5054054,0.47757766,0.21165237,0.58764607,0.0072884825,0.0,0.39288154,1.1394225,0.11465076,0.5148069,0.09341695,0.96284056,0.0030619483,0.23263611,0.72392786,1.2782534,1.1014234,0.89073306,0.025650574,0.2292143,1.0130984,0.09416113,0.11477147,0.69824815,0.65688986,0.022405356,0.5378657,0.029801227,1.4514363,0.049412668,1.2168367,0.33306712,1.2376379,0.7027323,0.60264903,0.071999356,1.5290402,0.04443247,0.6040461,0.098697916,0.77041996,0.70995456,1.9533234,1.017882,0.60069263,0.0,0.1752837,0.73718697,0.17232382,0.81913835,0.13673171,0.43275595,0.13838176,0.003081798,1.8571714,0.12454838,0.60588694,0.30691883,1.5050669,1.3438015,0.74362296,0.51927567,0.317306,0.0,0.12847444,0.049621094,0.5198561,0.23448527,0.8182542,0.44584796,0.48973098,0.7010311,0.04998855,0.42713434,0.6321457,0.16580114,0.5405301,0.07232819,0.9425026,1.0509048,0.64501834,1.9278408,3.9030075,0.26345062,0.18599471,0.32412863,0.45234507,0.42513204,1.4334037,0.29759768,0.25824055,0.30922142,0.07996594,3.4743564,1.0992408,1.1947917,0.19233209,1.4555966,0.5926646,0.5595958,0.7666339,0.42715296,0.28260976,0.27294686,1.589381,0.37562656,0.05509051,0.93327034,1.2983555,0.6063697,0.45924953,0.65871555,1.3686228,1.6531658,0.7786513,0.11920444,0.6477052,3.4161925,0.75826794,0.656901,1.9165049,0.16048992,1.0129826,0.19057076,0.15091448,0.27972886,0.88663435,1.1657722,0.52839035,0.5691883,0.06797133,0.497956,1.0973924,0.0,0.18829447,1.6631202,1.2530473,0.85601056,0.22045596,3.3588204,1.2796537,0.37497073,0.04894293,0.14118229,0.40428385,0.084798016,0.52828586,0.19258781,0.65661263,1.1717194,0.30127048,0.0,0.3317199,0.7737634,0.27819613,0.23466358,1.1830536,0.012998672,1.2846384,6.7806597,0.28773186,0.041201357,0.25705335,0.39864594,0.5638164,0.3357783,1.3890086,0.27016732,0.42967695,0.21526791,all_pothole_images\pothole_images_enhanced_ebd0742e3a7f753565d7ac6124878631.jpg
1.2900815,0.87287915,0.2665357,2.3931084,1.250796,0.10196365,0.58001316,0.2206041,0.66101635,0.7520512,1.1716895,0.6294726,1.0541122,2.3353171,0.009075993,0.38199088,0.08817025,2.9038465,1.6962354,0.21957901,0.6988052,0.44925252,1.0491787,1.6522123,0.78599626,0.040765706,0.022715194,0.50267184,0.09396455,0.36843657,0.085714035,0.013016047,0.7997453,0.2827087,0.48366144,3.347957,0.30444238,0.27086014,0.27520186,0.1401874,0.0035582513,0.86568,0.01648315,0.2784034,0.33541462,0.94494474,0.334403,0.0,0.95522535,1.0024111,0.7790134,0.61878645,0.049002,0.34452462,0.6619271,2.072852,1.3076284,0.7560515,0.99288136,0.31149358,1.4748163,1.7833247,0.41444847,0.27823666,1.3573453,1.118177,0.29024822,0.43019626,0.17866327,0.39378107,0.83610797,0.08542522,0.03881344,0.26008397,0.31790826,0.16640058,0.92246896,0.625476,0.5631824,0.1661644,0.011712148,0.13352354,0.44882324,1.3666167,0.4048687,0.12174635,0.11571179,0.008108223,1.4871153,0.69539094,0.7527029,1.2072579,0.14665276,1.1554202,0.027487608,0.022619473,1.0853364,1.1454927,0.18641904,0.5339063,0.92436683,4.0913677,0.28601447,0.064920954,3.3330572,0.6779254,0.40537387,0.19640473,0.55415916,1.0028604,0.46507117,0.3542532,0.3360559,0.83971137,0.68085,0.5644897,0.6238457,0.7243541,3.994741,0.3038204,0.568099,0.13901937,0.34465453,0.7437655,0.8563877,0.68632936,0.051305994,0.85574603,0.45508373,0.5257213,1.4087117,0.18899804,0.72162193,0.6063388,0.6299278,0.52336955,0.6603127,0.6582405,1.0704756,0.29975754,0.8672463,1.494458,0.18834034,0.22530724,0.29630935,0.50054795,1.1882509,1.3183407,1.4893098,0.91340864,0.15159182,0.8672516,0.69108814,0.21029904,0.5518217,0.37078595,1.3957407,0.73005724,0.3824559,0.060463,1.6120923,0.9738421,0.045884497,3.2279868,3.6168876,0.31799218,0.83399975,0.28661782,1.5534787,1.2458403,2.6830473,0.85663885,0.20559026,2.551498,1.044963,0.079066515,0.35221672,0.0,0.08096695,0.07168207,0.40034905,1.5728139,1.2220073,1.7066,1.5648576,0.15512605,2.2116241,1.5754036,0.08516659,0.09091038,0.5687064,2.5816536,0.46496123,0.61031395,0.75604606,0.384821,1.996871,1.0571396,1.3451416,0.12116836,0.33720124,0.868854,0.33559152,0.10582785,1.4609876,0.43946722,0.67276436,0.24222887,1.9484324,0.8634008,0.37363905,0.5507831,0.6976532,1.0057924,2.3152118,0.22253865,0.72507507,0.24042816,0.6219671,0.24533018,0.29075423,0.00063820556,0.4772441,0.018808324,0.0,0.08944127,0.35516375,0.40056875,2.2016735,0.11275197,0.22680683,0.8200545,1.537919,0.55473036,0.0073683667,0.07917386,0.5491275,0.031202422,1.1502221,1.622604,0.19221121,0.15480757,0.4659595,0.47786602,1.0887841,0.26348963,0.13377513,0.39518058,1.2544445,3.596859,0.85070837,0.08206563,0.22710821,0.13407078,0.25707725,0.67882264,0.25781813,1.4023393,0.42366078,2.0441437,0.40785626,0.6387783,0.260122,1.9956923,0.3298776,0.3268173,1.7631251,0.21681772,2.0694356,0.49928248,0.15271395,0.009121783,1.5366366,0.6544007,0.5882441,0.07179711,0.57764596,0.26973775,1.7795824,1.2386675,0.5435793,0.5223443,0.5287255,0.123883225,0.259402,1.6299425,0.27869833,0.9463174,1.2274144,1.5029274,0.39474517,0.51941043,0.11317374,1.2533159,2.038341,0.41893122,0.8077235,0.39130762,0.9684578,0.81987065,1.8957226,0.5490573,0.5840566,0.042660795,2.7435257,0.06348532,0.32464358,0.17850979,0.33887175,0.7989192,0.7343784,0.6551336,2.321441,1.3443097,0.8747242,0.40518716,0.07389502,0.82406163,4.0950704,0.17575996,1.4742914,0.95146304,1.5613385,0.1866902,0.04602037,0.7438602,0.009780756,0.1629452,0.13912316,0.40235534,0.5077038,0.31411323,1.0874863,0.5959212,0.08364428,0.08379722,1.4224983,0.45273423,0.7113595,0.36414236,0.43857488,1.2622722,1.1037122,0.94521385,0.46241844,0.19188851,0.07531013,0.03944224,0.3178692,1.6385351,0.25465328,0.2935361,0.07765237,0.2251326,0.99739546,0.296506,0.5724796,1.7265195,1.4933716,0.51786894,1.1468517,1.2492372,0.93191355,0.61195296,0.02895121,0.06054708,0.37681442,0.33624926,0.29459938,1.4993883,0.47900027,0.31757972,0.85402554,0.43448704,0.66348016,1.1035751,0.039172865,0.046386976,0.4677667,0.27189964,1.3211106,0.011566298,0.18943617,0.20968305,0.55279964,0.01018853,1.70878,1.3044924,0.7202307,0.625736,0.70216584,0.10891768,0.03805589,0.41052058,0.0027152034,0.09779568,0.28312978,0.42350072,0.55299157,0.3619873,0.17810819,1.6680601,0.44435456,0.037851445,1.563651,0.0,0.28052577,0.26944998,0.2310594,0.06521868,0.2702541,0.4267937,0.25166178,0.32170627,0.28804988,0.9637037,0.8489844,1.5822889,0.5940456,0.1633777,0.74170035,2.2617576,0.56331354,2.2388732,2.2908835,1.2390958,0.27810478,0.60298526,1.0345522,2.3817387,0.706423,0.30469915,0.1766884,0.09987974,0.43230897,1.3933886,0.5893148,0.119327076,1.2063075,0.86308956,1.257137,3.3715973,1.7439461,0.0,0.027869599,0.35631338,0.5346438,0.31191877,0.26453602,0.6117396,1.4581616,0.007968494,0.24454008,0.8731399,0.55418855,0.2284129,0.6053919,0.35254467,0.6027469,1.2397074,0.93746597,0.62653476,0.65213877,0.14107712,1.0961334,0.113210976,0.50175524,0.08413489,0.4760379,0.6294601,0.4854705,1.6336322,0.02703561,1.0913347,0.5200231,0.10607762,2.9874554,0.75324,0.038437765,0.03064288,0.21161807,0.87375605,1.2594937,0.26933095,0.18386547,0.6245914,0.6328342,0.0028950376,1.4213277,0.5764123,0.07692154,0.5536956,0.016379556,0.034689512,0.18669721,0.029138617,0.11829399,0.009676198,0.34505042,0.14530617,2.1133509,2.8988824,0.40393144,0.15059774,0.22311816,1.143971,0.286489,0.31792024,0.72234994,0.17159507,0.36515263,0.052096706,all_pothole_images\pothole_images_enhanced_ec90a021d2b9a377070eef9a23b14ba1.jpg
0.46422336,1.1800854,0.41892335,0.88793206,0.35916382,0.47183904,1.5083041,0.26144332,0.0917732,1.6614398,0.9354884,1.2471302,2.0035737,1.417709,0.70909166,0.23438926,0.045482263,0.73225325,0.86713755,0.10916452,0.14124358,2.7958012,1.9947274,1.3865606,0.03357578,1.150831,0.39462522,1.3871709,0.42058736,0.43198973,1.3230741,0.009963802,1.1121411,0.53732973,0.8689192,1.4512502,0.2388487,0.9526085,0.2353524,0.18852882,0.34771004,1.2367692,0.5872587,1.2440561,0.22280549,0.7957205,1.2455064,0.12898333,0.54508954,1.9064246,1.118502,1.0535369,1.6465003,0.52217513,0.081822045,1.2385113,1.0029744,0.35522702,1.2420832,0.7205041,0.7719083,0.3135,1.0025367,0.39546952,1.2391589,2.907338,0.48479596,0.19090448,0.101726115,1.8708972,0.87549275,0.45112604,0.5415789,0.18874452,0.5495313,1.1009257,0.4619979,0.7325199,0.098929256,1.0577552,0.70465976,0.31025216,0.5783903,0.9047517,0.7903975,2.1456103,0.2451427,0.4746408,2.3597069,0.25315887,0.7955725,3.0569897,0.2975572,0.25759625,0.1305597,0.37068737,0.7115477,0.75856733,0.92196643,0.18919535,0.44372752,1.514593,0.08439994,0.5934021,1.0991627,1.1888665,0.67765385,0.4501128,1.7113827,0.20553449,0.24097645,1.2684958,0.9567225,0.9078309,1.1240205,0.61021876,2.0122547,0.922398,0.50221634,0.9048653,1.0894139,0.73640597,0.6271971,0.7242696,0.2174419,0.6018786,0.37352523,2.0223095,0.68362206,1.1297241,1.165877,0.9726222,0.04973124,0.2864641,0.04998343,0.7018334,0.78639436,0.8041426,0.6580737,0.29699978,0.7230439,1.2437418,0.94155073,2.7580404,0.6407657,1.5314384,1.5587888,0.67577744,0.2313991,0.73997355,1.6625413,0.01864057,0.24517079,0.28429475,1.29423,0.48643053,1.4521056,0.35691106,0.3028035,1.1086171,2.2820473,0.39220333,0.5992494,4.2295203,1.7181109,0.9792477,0.69838667,0.6065482,0.6556067,0.35854003,0.04219046,0.059551343,0.16792248,1.1577196,0.6613058,1.3443121,0.059655413,0.08925745,0.43855682,0.051054016,1.0442343,2.1676884,1.2722588,0.25289175,1.2085891,0.725405,1.0594317,0.8868648,0.20196058,1.2684537,1.2267308,0.42445627,0.26875228,3.032693,0.9232827,0.06847596,0.9467096,1.2643583,0.081194974,2.1862175,0.48539585,1.6597068,0.97640926,0.36761537,2.011508,0.03281902,0.75989085,1.5930351,0.42842677,1.421487,0.029597076,0.6386928,1.6602417,0.82659286,0.53344953,0.72117114,1.656442,0.17314953,0.47653884,0.10949295,1.0873489,0.41706708,1.5708858,0.28553194,0.5352944,0.8272023,2.7651572,0.04034127,0.42279944,0.078509696,0.19363506,0.8895489,0.18595225,0.6642353,1.2160323,0.17753208,0.95879847,0.24374016,0.0,0.2830902,0.15321337,1.2575654,0.29892716,0.5398439,0.31777883,0.1386343,1.3299056,0.400374,2.0445907,3.578656,2.6151533,0.9621288,0.3765138,0.27549955,1.0716969,0.8376787,1.6528096,0.035508443,1.4045122,2.276095,0.77477187,0.65174496,1.3267415,0.5453873,0.25027925,0.44617322,0.705477,1.6862618,0.91759175,0.40785742,1.736463,0.38768798,0.07774003,0.6285248,0.5374995,0.7093712,0.72543335,1.7298882,1.2800881,0.11885758,1.0501189,0.8830039,1.0338757,0.34626457,0.76645064,1.4568573,0.5076414,0.09903534,3.897637,0.9064553,0.54429525,0.29901835,0.54233116,1.7851491,0.71562004,0.069589324,1.2333207,1.0242698,1.1252723,1.0785561,0.4864807,0.8331449,0.42264423,0.4737643,2.808899,0.14029601,0.39914578,0.28091338,0.17313668,0.8238383,2.0770614,1.9690875,0.928166,1.2059284,1.4768871,0.89599675,0.12818468,0.49782565,1.4902527,0.9124078,1.1995254,0.10670722,0.16571593,1.7131817,0.93165433,1.0448644,0.23190679,0.055206664,1.168357,3.0590284,1.7441596,0.24838276,0.059600662,0.2073499,0.056273222,0.4908032,0.3905639,0.17049809,0.4142207,0.13234164,1.1114455,1.6947913,0.88103867,0.10431191,0.14042175,2.179131,0.10498177,0.13831049,0.12062868,0.2319928,0.8227113,2.0083988,2.4170456,0.53062457,0.5407198,0.2316817,0.8086073,0.28554624,0.62588423,0.5836902,0.7492843,1.5677334,0.7486655,0.2951968,0.22217937,0.45275542,1.7024182,0.35201353,0.5528516,0.21747209,1.541353,1.516618,0.6350766,0.19700076,1.3891106,0.9315531,0.14075573,0.26005745,1.5808886,0.8537834,0.41024554,0.03473257,0.6581024,1.2137623,1.1526362,3.1220946,2.18116,0.0003071309,0.46488914,1.8332927,0.9543069,2.5538752,0.3112942,1.0687131,0.00072940014,0.38636297,0.9850342,1.2473522,1.5444261,0.1167198,4.881271,1.4867071,0.27222264,0.26347739,0.9325092,0.016232535,1.9208864,0.38736713,0.06959725,1.1981813,0.8946719,1.2569277,1.1427119,0.8248113,0.4012195,0.23515303,0.6810221,0.97537524,0.23272736,0.8424529,1.5701898,1.4663799,1.345838,2.3529644,2.1997998,0.39455292,1.4385911,1.8193126,0.5753442,1.0406255,0.21080935,2.2371593,0.9207938,1.8645449,0.406079,3.0416396,0.46543744,3.1572745,0.2732417,0.41906863,0.6233366,0.43361402,0.033650227,0.10547468,0.11165582,0.089126274,1.2605023,0.60121006,1.5357716,1.5103639,0.536033,0.08711848,1.3894806,0.6912286,1.1438649,1.1086237,1.1008027,0.9040829,1.0937072,0.81951123,1.2558304,1.8711869,1.4291939,0.58349824,0.2561475,0.16980109,0.07171998,0.21116568,0.93759143,1.2454628,1.7553624,1.6623079,0.7623811,0.276039,0.46159098,0.6261075,0.22341603,0.26336578,1.5324836,0.10176056,1.1002039,1.046628,1.4254538,1.8858122,0.3169301,0.4876189,1.8855962,0.20034024,1.3139547,0.30110812,1.9107381,0.7714895,0.52384436,0.7158458,1.4738938,0.14508744,0.09630299,0.27265194,0.07350912,3.0806847,1.4972596,3.7861607,0.15728182,1.7873983,1.1071444,0.173229,0.17876856,2.746861,0.1847657,1.1132182,0.19033948,0.47035217,all_pothole_images\pothole_images_enhanced_ecac785cc22d062ce17c326b3f51ab0e.jpg
1.7003472,0.4407136,1.1967076,1.2222494,1.7112758,0.93426245,1.5671189,0.042327248,1.0143701,0.9642708,0.3356905,0.5216289,0.766492,0.66857797,0.29092044,0.6796107,0.041766245,0.28675368,1.5362651,0.15147641,0.20418932,3.7496402,0.378553,1.2610168,0.7549927,0.34047395,0.01947831,2.1814268,0.119381174,0.077166185,1.161232,0.37871918,0.8722506,0.19063161,0.063044734,1.2122897,0.43607843,0.68732804,1.8758843,0.4867901,0.3516898,0.19555163,0.10796101,3.6657972,0.9072366,0.41727564,0.17178744,0.14584585,1.2707735,2.1375325,0.55139154,0.0060344385,0.38284975,0.6585363,0.3214934,0.61322427,2.0586643,0.0,0.80960643,0.226584,0.08436899,0.6268356,1.1085654,0.78424007,0.42868307,1.3762313,0.84734046,0.10120124,0.6784752,1.0743127,0.078569785,0.72479355,0.24762475,0.5079982,0.83532584,0.7732608,0.19661315,0.35002723,0.33548158,0.4189315,0.0,0.1714782,1.3570671,1.2161944,1.9320401,0.5715013,0.28811893,0.06782339,2.4010398,0.33902204,0.9484556,0.06176799,0.07916901,0.040683102,0.35317132,0.073931,0.7943817,0.07224468,0.472888,0.30631694,0.026627285,0.33289978,0.34595913,0.08432783,0.2652054,0.21200295,0.14097546,0.57120556,0.6720726,0.21048251,4.2472886e-05,3.2041738,0.95695215,0.029226521,0.26663956,1.3941429,3.2685356,0.9695868,3.819306,0.78863025,0.98023766,1.0740653,0.7409336,0.31614298,0.3702426,1.310695,0.50830454,1.1159972,0.56602025,0.078419514,0.87589496,0.0,0.937351,0.061385922,0.03579231,1.1496894,0.6459,0.5487656,1.0038738,0.6588641,0.17734946,0.1962238,0.013786056,1.2263621,0.0881231,1.6957207,0.24986072,0.027113112,1.8877946,1.4613937,0.46204078,0.96655655,0.03456793,0.29960275,1.7586772,1.045625,0.9603931,0.12057995,1.9602664,0.5659323,0.06160336,1.8359512,0.019268531,2.0159829,0.6748413,1.0337077,0.6278304,0.16230685,1.4270085,0.008643184,0.15383233,0.28734815,0.022937218,0.653466,1.0738899,0.040375847,1.0010021,0.18765227,0.564831,0.1409774,0.0,2.364088,1.9644768,1.4805604,1.646021,1.4397559,0.93118554,0.7161334,0.73710084,1.564065,0.095158115,1.0282862,0.0019128517,1.6618139,0.045629762,0.32448807,1.2479116,1.2445813,0.37660995,0.98249674,0.20744053,0.8561351,1.7165595,1.5809449,2.5829294,0.22534512,1.3865188,0.33690712,0.6897807,0.1876315,0.2025095,0.5551003,1.7583392,1.181341,0.94672775,1.149211,0.04436774,0.33210722,1.402623,0.06922133,0.88377064,1.639178,0.045363348,1.0705549,0.0517904,0.25976056,0.42397898,0.49044883,0.56740767,0.07246091,0.3303064,0.17455731,1.5009158,0.10815294,0.7568202,0.18679404,2.8321152,0.0,0.03756271,0.13039002,0.05316878,0.45180354,0.07532372,0.0,0.12368376,0.045539506,1.4609166,0.1900266,1.3495332,2.722993,1.2878398,0.3592649,0.67239153,0.6283758,0.31235057,0.5636362,1.913052,0.7215101,0.41832554,2.2010767,0.0,0.5246274,1.2318565,1.9406404,1.1220424,0.90377206,0.3536849,0.09296419,0.08095548,0.5090183,0.20114416,0.036237705,0.13186458,0.623276,2.0439675,1.4669073,0.59050345,0.48963067,1.0294822,0.57874125,0.092007905,0.45092905,0.032995697,0.18211748,0.6528783,1.4980663,0.6748741,0.1869559,2.352944,0.1807732,0.2963001,0.047376562,0.17444833,2.2486155,0.44508055,0.005987682,0.122121125,4.690846,0.882484,0.5876961,0.31703877,0.62606937,0.028056338,1.9156216,9.107602,0.61011887,0.87318146,1.2551775,0.2549764,0.5308273,0.46496016,1.9114517,3.9632666,1.252003,0.060220424,0.8710958,0.0,1.1057607,3.128991,0.04146149,0.1336454,0.3515256,0.0051838406,0.36327136,0.34320477,1.5046809,0.8132335,0.12390417,0.29677972,0.32453954,3.0996826,0.8687646,0.0,0.05365426,0.030038564,0.59675205,1.4371864,0.031159552,0.008599158,0.17600532,0.5270744,1.6421175,1.5843711,0.16708027,0.053578172,0.082782246,0.13133188,0.12414405,0.13098608,1.3812594,0.0054732906,0.6775211,0.30690765,0.09657591,0.0662467,0.0,0.02780274,1.9931796,1.51793,1.4854599,0.0,0.5493094,1.230079,0.9779608,0.035594337,0.26926917,0.27926323,0.58518857,0.0656963,0.29562953,1.6010875,0.4542458,0.6187788,0.010927133,0.87346095,1.5658972,0.7350507,0.056199703,0.38099256,0.07802466,0.5629079,0.029841315,0.5383018,0.6085622,4.2373095,1.922018,1.6180128,0.0,0.9041408,1.960433,1.2757794,2.5298386,0.13167782,1.1813583,0.23442818,0.09883822,0.8245742,0.3831762,0.47662398,0.70589244,4.9218407,0.20017998,0.26337445,0.39403895,0.74912196,0.0038029125,0.57330066,0.47851655,0.009791039,0.19445314,0.777082,0.62193954,0.20290619,0.62983066,0.14921361,0.16350448,0.98616415,0.42263487,0.596243,0.07000143,1.9038001,0.6009893,0.73311573,1.9558164,1.4995291,1.1483226,0.9728745,1.985373,0.06174652,1.5127616,0.24959876,0.16411227,0.73083305,0.50823736,0.0591012,3.8296158,0.5862625,0.5267989,0.22798412,1.7450029,0.6547083,0.8125495,0.35416114,1.5680476,0.35920656,0.0,0.6591894,0.32818928,0.13810633,0.29993302,1.6276098,0.9853847,0.580353,2.0213385,1.4895717,1.6117716,1.0721968,1.1323785,0.21941434,0.7746287,1.355766,0.208302,2.5812762,0.25777513,0.68848044,1.6390723,0.1724929,0.110143915,0.7290413,0.3279498,1.1378932,2.5200582,0.076006405,0.34454665,0.9722016,0.70464325,0.905071,1.49809,1.2607449,0.071866624,0.031330727,5.923556,1.070638,0.35760236,0.1663042,0.6671271,0.9374044,0.55620337,2.103772,0.12706132,0.24995595,0.030375568,0.6576908,0.34104988,0.068659544,0.2967558,0.027499903,0.64810693,0.08291528,0.19896033,0.3323109,4.6650357,1.5206712,0.8538272,0.94461405,0.7698817,0.01614405,1.2279986,0.14865647,0.14450495,0.13510023,1.816529,all_pothole_images\pothole_images_enhanced_ecfee5bf156f61c8d71ab5423f44e150.jpg
0.28267288,0.0984094,0.32548788,2.441225,1.0284101,0.0031694968,0.68684185,0.0,0.4722552,0.17679377,0.39067966,1.7183034,0.13442762,3.0305812,0.041100334,0.9782825,0.5297229,1.186376,0.72207266,0.035052426,0.7351736,0.5118167,0.14559379,0.91312855,1.0098056,0.29976723,0.7436278,0.50697285,0.01493613,0.70412433,0.15725656,0.086296216,0.13687323,1.2812611,0.20093088,1.1068656,0.012855223,0.14965181,0.7502536,0.0,0.6323145,0.10160145,0.7065631,1.1388714,0.76711535,0.20020828,2.2317722,0.5256414,0.63811445,0.45674986,0.7153311,1.6148739,0.0684359,0.103829384,0.22477514,1.9080843,1.0361146,0.469963,0.43480226,0.35136357,0.07998735,0.036906354,0.41109154,0.24047364,1.1861519,0.78510904,0.6658903,0.007190281,0.31583208,1.6490114,0.64645714,0.14988665,0.17476706,0.098075576,0.13134804,0.0,1.2069021,0.6535068,0.018936664,0.022720069,0.020441517,0.67586905,0.09885963,0.6674571,0.27968442,0.015873587,0.7640977,0.03995419,0.8374938,0.19413404,1.405119,0.5493388,1.4168748,0.21844211,0.32321918,1.8769017,0.030057728,1.5835413,0.0,0.9153646,2.711582,1.9003514,0.8454085,0.16204159,1.2118423,0.80819994,0.3938175,0.030123694,0.9404593,0.623165,1.5686231,0.06099681,0.17663656,0.5212947,0.30024546,0.34137335,0.23279186,0.4608638,2.499054,1.2255477,2.1446722,0.32224694,0.04350166,0.25423077,1.8160185,1.1381823,1.1443576,2.172711,0.076353095,0.94652283,0.78271204,0.13107716,0.30803674,0.400456,0.34522736,0.0,1.7764341,0.1055613,0.047833588,0.2185564,1.5819911,0.011921618,0.5585708,1.4560275,0.66751426,0.12399939,1.6882049,1.3302289,0.38644746,0.7129904,0.0096880635,0.32631558,0.042121463,0.5093398,1.0337121,0.37222537,1.677799,1.8961583,0.35602748,1.8419974,1.6781626,1.5678916,0.5181236,0.45557365,1.0636977,0.64142525,1.3962245,0.2959392,1.1513566,2.019681,0.060445454,0.16417637,0.0,0.17780408,0.040854048,1.2695906,0.49940217,0.0,1.6078709,0.36968675,0.06508555,2.7290792,0.03809246,1.3007927,0.75404024,0.471649,0.9116679,3.8770914,0.18696213,0.58988196,0.08147892,0.8162521,0.9179066,0.98608947,0.037714813,0.13928317,1.107685,1.0301317,0.20374505,0.0045848624,0.18446815,0.080156386,0.2149076,0.10942126,1.1120969,1.4078462,0.60267603,0.04808128,1.7830281,0.56439704,0.2196843,0.1170338,1.3276877,0.77184266,3.287303,0.8830913,0.5135904,0.13746677,0.16327135,0.088957116,0.1204926,0.0046026944,0.9802171,0.68394065,0.20438944,1.0065495,0.19991082,0.047479376,4.253197,0.8244395,0.4905809,0.029723302,0.67146784,0.25301102,0.17260356,0.36067712,0.67053664,0.082634635,0.9433185,0.19763055,0.1607403,0.4255698,0.93927974,0.58042234,1.2387168,0.34447676,1.0879773,0.144031,0.23483603,4.113625,0.9686107,0.25746375,0.53255177,1.7064785,1.0204157,1.5135707,0.08719596,0.15802121,1.7107813,0.9406534,2.3142054,0.57450163,0.0674044,0.18270887,0.21782713,0.41364825,0.37004867,0.38740975,2.4343736,0.561735,0.3703744,0.5959779,0.4648639,0.04802019,0.0089144,0.45955345,0.12011792,0.47968134,0.17447747,0.5411433,1.941054,0.6000887,1.4578887,0.24868357,0.13398646,4.1120644,1.5563349,0.20715714,1.7847643,0.29253402,0.0065383147,0.7660503,0.06758559,3.679302,0.6530276,0.1595235,1.3252891,0.19005802,0.19315857,3.8478916,1.7087629,0.14510441,1.3856428,0.33631456,4.614219,0.016728085,1.2978324,0.0,0.27835137,1.2699662,0.7533535,0.8053612,1.1907554,1.483482,2.593553,0.30769315,0.5962067,0.37100118,4.9861674,0.39992538,0.9957398,0.04838602,0.39466125,2.011272,0.013566395,0.8284119,0.38977417,0.004319296,0.30677158,0.002377189,0.7014066,0.6924433,0.26992285,0.57449067,0.37514076,0.045152392,1.4449815,0.9468527,1.7530118,0.20412044,0.516511,0.1270051,1.9218802,2.2387893,0.076864414,1.1099417,0.03544767,0.6367472,1.9594809,0.124208935,0.13211215,0.385781,0.1103872,1.3031839,0.12520681,0.052770812,0.24406752,2.7062652,1.6749758,1.1506052,1.2154619,0.055814132,1.4367439,0.89522374,0.5258168,0.20161943,1.2741814,0.0019962033,0.7465373,0.69372,0.5199832,0.535234,0.66382426,0.16306241,0.40049264,0.28959778,0.6869579,0.0,1.3237422,1.3470546,1.2545131,0.14468844,0.3388119,0.54169345,0.75616264,0.6620608,1.6247581,0.17486173,0.09787468,0.5152341,0.70984316,0.078176446,0.09472868,0.53927207,0.40758,1.0753325,0.36712188,1.0304332,0.47598183,0.6418407,0.026993172,0.993648,0.3781923,0.021484248,0.55461174,0.23556647,0.19923358,0.18557408,1.5135586,0.23926048,0.17636877,0.25413415,0.11505586,0.08498688,1.1356177,0.21773975,1.1278541,0.11895193,0.6899238,0.09770436,0.46268114,2.5442758,0.4685912,1.4377443,1.8501401,1.9998324,1.5309718,0.118108824,1.1747035,0.004322639,0.6574845,0.4312231,0.733516,2.5208712,0.9532169,0.12906095,0.09551964,0.22725473,0.58359206,0.14979441,0.2067763,0.064526044,0.015539777,0.40939525,0.7638738,0.0,0.42568806,0.052277334,0.61034113,2.1732945,2.6708555,0.39865866,0.6697709,0.10538983,0.013121593,0.06315795,0.60956067,0.0,1.0311155,2.0182056,2.4762468,1.0939595,0.35465306,0.18618558,0.095117636,0.87652135,0.059409723,0.40284032,0.31046993,1.3091773,0.22458893,1.9433233,0.015504173,0.5526528,1.8967891,0.1783539,0.9353843,0.5798801,0.15523945,0.015405198,0.22558285,1.0675521,0.22265811,0.42432213,0.87623197,1.1783355,0.06417416,0.018430348,1.374195,0.37702757,0.42117202,0.66327775,1.1363014,0.14333215,1.5188737,0.00082613155,0.5928363,0.124158606,0.08905049,0.483928,1.1149343,1.4056586,1.0475799,0.042112324,0.5273155,1.8204323,1.6766623,0.6457375,0.59672534,0.5543571,0.008482872,0.09762509,all_pothole_images\pothole_images_enhanced_ed23ca78a0d14a091ec06c19431ba98a.jpg
0.12273911,0.6512529,0.031842668,2.694783,1.8533338,0.076359525,0.5978968,0.12311581,0.06892168,1.4803971,0.6539325,0.6931341,0.036081966,2.3027842,0.06658676,0.22321676,1.0067563,0.3925792,0.8541669,0.029500915,1.4331797,0.37383294,0.016925048,0.99469334,2.472347,0.49475232,1.2264304,3.3999116,0.57530373,0.017194763,0.26850647,0.060372464,1.0406117,0.5487668,0.26393402,1.7095444,0.780573,2.017532,0.93249744,0.4766095,0.0828296,0.46770558,0.48381314,0.599236,1.4617541,0.45801547,0.18648016,0.059046958,1.6193005,1.5526277,0.6958439,0.01383815,0.39376667,0.34792927,0.020953236,1.8256079,2.3091447,0.25702313,0.026389854,0.9385691,0.89789283,0.10484611,0.3905054,0.19380304,1.6937765,1.482925,1.0507019,0.05826748,0.19366916,0.86158496,0.31836298,0.2713062,0.43239835,0.050745632,1.161935,0.10525785,0.021078233,1.6049166,0.0586379,0.32241666,0.0,0.22224878,0.12728024,2.3755126,0.91332614,0.06823331,0.10723731,0.13221036,1.952528,0.05666285,0.3969771,1.5701029,0.017279927,0.24051622,0.16604258,0.0005745555,0.8867214,0.6629494,0.41655174,0.87742573,0.41452914,3.4325724,0.46127617,0.26489404,0.34331807,0.00061919226,1.8363563,0.32744262,0.08267025,0.292503,0.2876808,0.6327953,0.43499985,0.61916417,1.2284372,0.28219852,1.0335811,0.16742517,2.6027973,1.7736651,2.6601527,0.68427515,0.25185356,1.358585,1.8330576,1.3810753,0.9007851,0.28143173,1.6848732,0.43222722,0.41105404,0.012688673,0.059785105,0.39713013,0.3266753,0.84696704,0.42734495,0.22273053,0.060405146,0.0006451998,0.68611425,0.9817386,0.20916386,0.19104774,0.42690215,0.99488515,0.093776844,0.7759089,0.52432716,0.086940125,0.08339673,1.0676805,0.09964015,0.25529683,1.0772208,0.7547035,0.38959083,0.05713714,1.0731515,1.1366938,1.7053279,1.0777525,2.459673,0.691561,0.9128723,0.87536913,1.3013843,0.06724415,0.93665063,2.2784276,0.14277497,0.07656622,0.40142795,0.20151968,0.07165143,0.264044,0.6372416,0.15772687,0.085519284,0.18244587,0.21581307,1.9493843,1.1798073,0.6511636,1.7495484,0.21871747,0.5828324,1.0100753,0.28221884,0.96103215,0.009233153,0.25239307,0.34640238,1.0988821,0.31325167,0.2794437,0.3218687,0.33352247,0.66071826,0.5864619,0.6766001,0.6346502,0.43897903,0.3837295,0.35679832,0.0048397034,0.16675816,0.08308971,0.91677934,1.0805701,0.0089399535,0.003625906,2.2925465,0.11415978,2.4821062,2.6304743,1.1779231,0.09105276,0.089801244,0.8660174,0.8151993,0.48207948,1.1660825,0.29642406,0.0,0.07638747,1.0344006,1.4788435,0.4401407,1.4164296,0.12648636,0.035927426,0.8614452,0.5066009,0.35151908,0.008375529,1.856586,0.4921917,0.082050785,0.48912665,0.988599,0.010191869,0.6708329,0.29268694,0.9895493,0.0028586234,0.568811,0.2956168,0.11093955,5.9442067,0.4781936,0.6129861,0.25505203,0.024989303,0.003449575,0.4463514,0.37317353,1.1769667,0.17395814,3.1682744,1.1031104,0.48643196,0.3520739,0.1531545,0.775629,0.37841547,0.8655665,0.18785293,1.2046522,0.27788275,1.1498361,0.10833913,0.9332344,0.49971008,0.5531672,1.0357085,0.3322095,0.3173687,0.10411426,0.43740445,0.91836655,0.30297536,0.648451,0.1347232,0.9777894,0.9685103,1.0104725,0.58470213,1.8015513,0.6111908,0.17956781,0.0016254362,0.121315554,1.6768847,0.2658342,0.6979984,0.71223676,0.48014423,0.13402566,2.9336398,0.527353,0.39965096,0.20814405,0.0,4.4716473,0.7209997,0.25990626,0.22534612,0.049185567,0.7090806,0.56325066,1.5911214,1.7367738,1.8422521,0.7605515,0.5658559,0.021471335,0.9003498,2.3586748,0.24254368,0.06942699,0.08147257,0.34878355,1.7960883,2.3262513,0.7323501,0.377673,0.23523891,0.7211885,0.08366903,1.6282004,0.35097948,0.023819568,0.051858306,0.6199691,0.06980969,1.682098,1.1088787,1.321119,0.75687516,0.07893006,0.120168194,2.3251102,1.2330853,0.8211117,0.116466634,0.4057424,0.90297854,0.58750904,0.22609225,0.815876,1.2154461,0.3279526,0.24264838,0.07603991,0.08207706,0.2156024,0.8253433,2.8695621,0.40082183,0.03881799,0.046824727,1.1140779,0.35750985,0.070983164,0.1463742,1.9805132,0.991761,0.8091227,0.041749388,1.2137172,0.26956,0.29010624,1.2802371,0.12351834,0.960443,0.6639481,0.28393155,0.20653841,0.7909973,0.7354225,0.0031853109,0.68770826,0.67392075,2.1525953,0.37626973,1.264011,0.000587607,0.01865777,1.9409478,0.9166318,0.30472785,0.02779946,0.38170043,0.42513916,0.07424356,1.1993393,0.06810288,0.5781791,0.21467929,0.4944054,1.5624511,0.1831758,0.180706,0.3116819,0.44217455,0.2888174,0.18726842,0.9179589,0.074027665,0.11947845,0.043422148,0.0,0.91666275,0.01702375,0.68789476,1.3567741,0.29716533,0.69721997,0.27986547,3.4258325,0.5975941,0.3235324,1.2012898,2.5012176,0.15166159,0.648135,0.54623413,0.17066348,0.7799192,0.43183634,1.252416,1.42076,0.50668055,1.9701194,1.2582902,0.93908924,0.109720714,0.0038013195,0.40845925,1.8631096,0.46057606,0.4456372,0.2123084,0.35185158,0.17072342,1.3849663,0.1141665,0.3132239,1.266935,2.0417886,0.46060568,0.21643311,0.22663867,1.4115603,1.1100026,0.65251017,0.11139279,0.688519,0.72559124,1.9275421,0.5918909,1.0943011,0.023914665,0.50937146,0.3958359,0.5998125,0.002577872,0.6544197,0.7928384,0.087712936,0.44065922,0.3439509,0.11698071,1.5707755,0.09363191,0.5889604,0.65380704,0.8687162,0.2491965,0.17594601,1.5643079,0.99496186,0.4364431,1.0442792,0.28075305,0.7005775,0.005477289,0.14112796,0.1508884,0.5359217,2.1530962,0.20509961,0.13514017,0.10538041,0.3850226,0.5668997,0.56456196,1.414906,0.28229278,0.1951539,3.9496267,0.5453614,0.59224933,0.23289461,0.31909513,0.45760936,1.1348052,0.40423185,0.33423734,0.7203978,0.08544257,all_pothole_images\pothole_images_enhanced_edf37fc61f528dc7efb5d1872780935b.jpg
0.6412654,2.8526082,0.5670941,1.1936218,0.39884287,0.41027832,0.4949548,0.5742724,0.112834625,1.6582866,0.09681941,0.1676965,1.4294086,0.6961409,0.28074571,0.5581174,1.0294405,0.1011947,0.60533273,0.17564224,0.2966072,1.6323781,0.8084123,1.4912641,0.29122004,0.7861599,0.052670676,0.7422445,0.16142122,3.2875178,0.29205582,0.8674749,0.16423105,0.7753194,1.1037503,0.7490088,0.9992481,1.1833373,0.18959337,0.46728152,0.49819568,0.40307072,0.46152917,0.13451888,0.9925579,0.3315871,0.53044003,0.12536378,2.1546743,0.049171373,0.51551825,0.61842597,2.0104792,0.2129408,0.23129216,0.8477433,1.552109,1.0910604,2.9379368,0.47203943,0.6262979,0.8823306,0.33388767,0.44629455,0.11669684,1.0656364,0.6310701,1.32928,0.35938993,1.0010303,0.774983,0.26261467,1.5708635,0.18886885,1.097467,0.37898743,0.77030754,0.7152004,0.12166729,1.0239362,1.1081575,1.9977297,1.4899575,1.9798691,1.32254,0.6331224,0.686646,0.91352373,3.1601923,0.23277931,0.33686283,0.17570193,0.30877268,1.7016281,0.7282265,1.5239046,0.85604554,1.1338234,0.36405095,0.2026281,0.6870817,0.5752745,0.21789894,0.33935508,0.79944456,1.0917467,0.4663322,0.8133848,0.65210885,0.12250176,0.63485485,1.4714799,0.64506567,0.31538785,0.4034761,0.99864733,1.059052,0.32705042,1.030637,0.33069485,0.10353441,0.08330679,1.586308,0.30540442,1.1088537,1.4843724,0.54664373,0.36919868,0.5420897,2.04765,1.4772669,0.8528136,0.2661695,0.50382185,3.1891851,0.16012046,0.84322995,1.6474671,2.2757308,0.44204554,0.79862225,1.0163387,0.9532768,1.1540784,0.2522761,0.38033962,0.24440295,0.056366067,0.9576638,1.5239158,0.12203055,1.2189091,1.8399187,0.3302265,3.3147016,0.68146235,0.19800264,0.4162405,0.07868768,0.23224008,1.154014,0.5943633,0.9924933,2.1567585,1.703169,0.21801679,1.1587247,0.5889535,1.7529739,0.87091124,0.29884058,0.42916298,1.032301,0.44033018,1.605408,0.21349825,1.0224856,0.18066561,0.21533166,1.3505806,0.86052275,1.7562586,2.2076392,1.0775979,3.6915164,1.5408447,0.96620667,0.7027769,0.5045922,1.105651,0.6028722,0.431593,0.51890844,1.5795169,0.75234205,0.8587732,0.51804936,0.5835615,0.04373733,2.1502485,1.1277333,1.0781054,0.079954684,0.40512124,1.522294,1.5239122,0.7148039,0.382676,0.8022968,0.31780496,0.37578747,1.0570115,1.4439445,1.8437622,1.2983502,0.9650256,0.86082,1.1194819,0.62693375,0.0447187,0.8597723,0.65547574,0.57418686,0.83914214,0.42170808,0.3293999,1.5207787,0.6971607,0.6154406,0.42059115,0.78868926,0.42175233,0.32298583,0.79585624,0.7198807,0.108869396,0.9549564,0.18486883,0.56409365,0.65926474,0.53337044,0.8413262,0.18086801,0.43227035,0.25826535,0.79709333,0.7225821,0.50781095,1.9588572,4.0695252,0.96269226,0.8275973,0.8990215,0.9494854,0.7920052,1.6475338,1.571465,0.56493324,0.8057573,1.6046997,0.7567724,0.838354,0.4808771,0.43817595,1.6605105,1.4624338,0.532008,1.3154103,2.024923,0.792167,0.20844863,0.0,1.0767728,0.4958582,0.30710417,1.4930135,0.8884115,1.3595597,0.5580864,1.4176072,0.0004025147,1.092403,0.5439296,0.4301899,1.6092688,0.8079917,1.118153,1.2347,0.8912565,0.76231635,0.47463912,0.30803707,0.98797774,0.6452605,1.8617185,0.8408577,0.8816897,1.797981,0.93205047,1.8220686,0.13003473,2.8156462,0.05099812,0.5270487,5.7766294,1.2066153,0.36206862,0.560608,0.3594411,0.61425424,0.40772521,0.8229145,5.045423,0.1964384,0.42949262,0.88799906,1.8059051,1.0846004,2.6523569,0.5436366,0.19837762,0.45619953,0.07020896,1.835145,0.8454496,1.4097979,1.6938726,1.0974628,0.5087896,1.05422,5.5094895,0.67812407,0.13446727,0.0,0.9333935,0.8418984,0.90751326,0.39328268,0.76604825,0.46226445,2.3979743,1.1152784,0.9726635,0.3001148,0.43744192,0.5503563,0.16389759,0.82323277,0.7282342,1.730573,0.32682738,1.3409972,0.99953794,0.9876553,0.47409326,0.047864065,0.03919981,2.440697,0.77798754,0.7568111,0.46167526,0.000984853,0.6390795,0.25952113,0.0,0.3174268,1.7191439,0.4808693,0.25418147,0.42171073,1.142302,0.113746874,0.8673209,0.67182624,0.7629178,0.60927796,0.26500672,0.23304102,0.44522402,1.7337723,0.34700903,0.24166173,0.6518689,0.29269975,4.183647,2.3319108,1.3259872,2.5945082,1.2063761,1.377537,0.46053898,0.5618151,0.503683,0.06250554,0.0,0.46354106,0.20459487,0.5517384,0.31222358,0.366946,2.321051,0.530394,0.7597128,0.69003755,0.24952643,0.11230618,0.7343426,0.6051267,1.19528,0.9042456,0.36614683,0.28403774,0.24974422,0.19655472,0.75424945,0.5978,0.62601024,0.3616421,0.026029427,0.06779758,0.17134237,0.14144999,1.9911852,0.7713141,1.1898762,0.49238905,0.93952864,0.6467474,0.4999883,0.28760192,0.9814635,1.0686034,0.8137806,0.25434938,0.1879413,2.1480558,1.9154872,1.5713457,1.249697,1.3058256,0.4800661,0.6893717,0.7371815,0.46534207,0.26958227,0.87939173,1.0661312,0.929332,2.0485065,0.85813445,0.46324643,0.89095837,0.38575175,0.62777185,1.2674395,0.6138025,0.6868973,0.27291727,1.7417359,0.6198395,1.4025978,0.76730144,1.1917217,1.2279838,1.0599296,0.7068634,0.14792965,0.74711967,1.1874818,1.6256418,1.1353525,0.53049034,0.93630344,0.04908754,0.46279728,0.26561978,2.3644152,0.4963269,0.5006117,1.2719859,0.8347584,2.83925,0.6546209,0.9880968,0.0,0.70244086,1.4907502,0.18814471,0.4459431,0.35215867,0.8217237,1.2431971,0.965767,0.29681617,0.9209367,0.38862845,0.7642123,0.25314307,0.7847723,0.890717,0.9108245,3.5001552,0.8754965,1.6113683,0.5496755,0.7439565,0.2884941,1.2809366,1.353853,1.0846328,0.51163125,0.3382095,all_pothole_images\pothole_images_enhanced_ee75d39bf72080de0d9448cd692754c1.jpg
0.8943687,2.5126112,1.0883285,1.0715519,2.1617365,1.7239324,1.7372274,4.061872,0.0365184,1.104836,0.72524273,0.022994557,0.066585295,1.8135027,0.56215745,0.23803878,0.51847315,0.18884706,2.0040245,0.046086945,0.74704397,2.3344505,0.67385274,1.6788056,1.5853853,1.3711573,0.7264819,4.8197336,0.6019329,1.1573935,1.2131844,0.24686518,2.419007,0.6095772,0.53665936,1.9975563,0.58051604,0.17670347,0.69999784,5.8182006,0.010386948,0.0070750955,0.27783158,0.41580394,0.40902779,0.5727708,0.11615564,0.083604924,1.0875326,2.8773043,1.1116142,0.43842843,0.90101206,0.5059731,0.055823695,0.6907818,1.4928408,0.30740443,0.0,1.0321261,1.7024381,1.1003684,0.9686798,0.5228092,0.6170805,1.664349,0.5375186,0.31809303,0.13299708,1.1162784,0.51145303,0.25404078,0.46725127,1.026089,0.8183101,2.0609465,0.65972376,1.0937887,0.0019505464,0.53772736,0.32383186,1.8047298,0.07203234,1.5926977,0.6862473,1.73241,0.21880563,0.16435884,2.9917328,0.04464707,0.390798,0.64695734,0.088674895,0.37796223,0.21239682,0.0,0.48859668,0.3455502,0.48627892,1.6053326,0.21220012,2.781468,0.15703617,0.23096246,0.15446219,0.38649243,0.002202563,0.7867869,0.40317932,1.0020291,1.5502203,0.92473346,0.42782834,0.17751817,1.4597142,1.7796358,2.0509357,0.32006097,1.6529249,0.6071955,2.0355883,0.8780787,0.69342506,0.357171,0.9010484,0.75389177,0.95495975,1.647407,0.21643202,0.75620717,2.0148466,0.220199,0.34837785,1.9008927,0.22302185,0.14223395,0.3774782,1.2432137,0.83134896,0.09087438,1.2948409,0.055934053,0.27221695,1.3213915,1.2520208,1.922688,0.5324193,0.047881108,0.5682406,1.059905,0.9628222,1.7260748,0.12911561,0.6137626,1.6618016,0.49242648,1.1815505,0.39312226,0.10590358,2.3746755,1.429193,0.11454765,0.7195503,2.930002,0.72276276,0.102217324,1.2351496,0.06999709,3.3037548,1.5421871,1.9470932,0.015086005,0.07415412,0.98677355,0.6740265,0.109708264,1.2066016,0.0169207,0.14115037,0.25471687,0.17160831,1.7325664,1.5509039,0.8726618,0.39826447,0.5522171,0.22634374,0.0,0.52626157,1.265599,1.447108,0.3821003,0.2117662,1.369131,0.62284386,0.20760512,0.094590135,0.23678717,0.101585366,1.1356463,0.6589404,0.60549784,2.2211223,0.7053362,0.23008455,0.86875117,0.6731867,0.83535236,0.606573,0.6106651,0.43666667,0.6893812,2.2875304,1.586617,0.40914324,0.2781256,0.9052326,0.06871172,1.6452901,1.3636607,0.5681174,0.36230537,0.2261865,1.0431676,0.1255076,1.7760123,0.30559152,1.0861112,0.3886793,0.49230784,1.3245139,2.7273986,0.48199368,0.7949842,2.6490338,0.022728866,0.5230255,0.2632108,0.07609321,0.20736916,0.40339676,0.013784824,0.86264545,0.06673941,0.7767299,0.010099703,0.34569767,1.1021085,0.84879255,2.3217168,1.7777096,0.0030954136,1.0526272,0.19314991,0.23616628,0.20886078,1.945484,0.16814317,1.4965135,2.9560723,0.11143354,1.4124203,1.6094248,0.5476985,0.30158943,1.0136673,0.30676284,0.767549,0.5515407,0.18943495,0.26504615,0.57919645,0.81340563,0.6423003,0.09387466,0.76074666,0.20539561,0.56064475,0.8931682,0.45715028,0.7458347,0.2253705,0.09210429,1.5585698,0.8749592,0.2785563,0.5772036,1.7346265,0.4969259,0.0560288,1.5163057,1.1631173,0.026897367,0.6310661,0.08907766,0.742804,1.1284294,0.21025608,0.22443393,0.5392715,0.14362541,0.2765447,0.6767584,0.6139053,0.67329824,0.2261574,0.010363306,0.41220137,0.24866533,0.7445395,0.5280544,1.6344199,2.1068313,1.4824432,0.19334812,0.5200726,0.044153947,0.7454146,1.3186698,1.3721207,0.08997556,0.4461151,0.44092768,0.6877692,1.462345,1.9274974,1.3684791,0.46355942,1.4686061,0.65927887,2.049974,2.0878332,0.4322599,0.43905997,0.84508574,1.8021922,0.91498196,1.0155841,0.39736843,0.6868774,0.13257147,0.4504144,1.9641668,0.3439799,0.7358771,0.058956973,0.38236377,0.6732231,0.4978179,1.3549743,0.4788414,0.21641263,0.3915116,1.2360504,0.1834027,0.18176307,1.49218,0.7783753,1.353979,0.96617794,0.6207062,0.15349242,1.0251602,0.55377406,0.098384,0.015985457,1.8748983,1.7511836,0.05224398,0.81693137,2.9103713,0.6774542,1.3411454,0.8348499,0.3037882,0.48332572,0.078954995,0.21829842,0.7294942,0.27407923,0.695513,0.038382873,1.319192,1.1810567,2.0169678,2.7972813,2.7285538,0.28780997,0.11227371,3.0031557,2.0087585,0.11185843,0.15554965,0.41414863,0.7791499,0.0035861644,0.9921839,0.50513756,0.38194796,0.1396976,1.8119861,0.507158,0.15889683,0.8121164,0.12590818,0.40962183,0.82801044,0.18084908,0.81439286,0.056877255,1.7268982,1.4535397,1.5271332,0.48487115,0.45369214,0.5154547,0.8773057,1.0353316,1.1010673,0.52624506,2.1697838,0.5011506,0.6350172,0.46863663,2.0350451,0.9327081,0.7562482,0.27161285,2.9129121,0.4359819,0.3218593,1.1558499,0.45572844,1.488228,1.0206562,3.335299,1.2726167,1.1686406,0.33447945,0.35079917,1.8706748,0.06219923,0.3405328,0.19280754,0.6108759,0.6753213,3.047735,2.0757065,1.29819,0.7898291,1.3102448,0.28069472,0.8626633,0.39204103,0.86866224,1.5794896,2.3733501,0.61781037,0.48640826,0.8352216,0.7051495,0.3843028,0.8831404,1.5634559,0.53101903,1.4196413,0.6220661,0.42993486,2.961304,2.1942506,0.87724465,0.60941285,0.0,0.44328645,0.6179094,0.1759677,0.037229307,0.81078345,1.851718,0.29670766,1.181994,1.5706233,0.6209306,0.74431384,0.17461142,0.003521691,1.0713102,0.12729135,0.1094639,0.35009056,1.1226015,2.174815,0.20972736,0.18675278,0.25286204,0.13226086,0.097872175,0.35566977,0.6840048,0.0,0.79419005,2.6107259,0.24401641,0.7195823,1.2171028,0.07423458,0.04179656,0.7446036,0.05921445,0.8710677,1.1039842,0.041046776,all_pothole_images\pothole_images_enhanced_ee7cf793b45125485ed82086b44484ed.jpg
1.0735128,1.2705039,0.41314867,1.9989896,1.5732191,0.67433673,1.1211027,0.06943737,1.2151073,0.45874852,0.070911296,0.8424716,0.28912356,1.0633442,0.10520729,0.42268553,1.1126407,0.2638797,2.075902,0.5756955,0.7311542,2.4124327,0.11932508,1.933774,0.65858597,0.16778752,0.15830536,1.3645759,0.9999077,0.41162828,1.3525015,0.18580604,2.284507,0.47993663,0.48212776,2.3072152,0.66113967,2.3100915,1.8575467,0.49648774,0.23417513,0.0,0.11009945,1.8320351,1.8416125,1.1131794,0.20717554,0.08563968,1.6235031,2.4001799,1.3289831,0.06607318,0.030728128,0.5550266,0.56528306,1.3652705,2.161793,0.20203057,1.8029848,0.35507393,0.110587895,0.0,0.2208942,0.008849789,0.56638265,1.2944205,0.40743706,0.35350507,1.1284053,0.20630862,0.0009372023,0.90630984,0.28175,0.12785074,1.124458,0.67080736,0.45684487,0.3519411,0.44363862,0.5528592,0.019604621,0.18305089,0.23515385,1.0622723,1.5620878,0.39532614,0.62570024,1.5242231,3.0587142,0.75232697,0.22309673,0.34719104,0.156887,0.3082854,1.6331044,0.27736732,1.9877865,0.86900437,1.6591077,0.024899613,0.054299355,1.9543217,1.956764,0.4882228,0.64667577,0.46364522,0.22119187,0.3075363,0.2210675,0.2899274,0.0673837,2.4691887,0.84816027,0.84485126,0.4169368,0.7999369,2.863722,0.770278,3.492728,2.3195097,2.3410206,0.69912034,0.0019535301,1.3766598,0.14688486,0.83094954,0.54611415,1.6770779,1.632399,0.03702446,0.59036475,0.005178335,0.16285007,0.34437034,0.0534655,1.9224629,0.0048498427,1.9047804,0.23562816,0.85776687,0.101832755,1.6806706,0.6526602,0.861952,0.010964062,0.17882062,0.037894186,1.1068501,0.6176813,0.50759315,1.0217178,0.0991975,0.20054588,0.03963867,2.032202,0.30572942,1.0011332,0.14949581,2.2748585,0.18770796,2.661472,1.6350491,0.08535963,1.5775207,0.12333654,0.54408437,0.9625092,0.08544755,1.9821575,0.24654314,0.42620042,0.016384276,0.024709892,0.8581487,1.5860975,0.31103596,0.07967139,0.030890046,0.6207003,0.4927924,0.0008320954,1.2858274,0.5232468,2.7002454,1.1275055,1.0671974,0.41209272,1.0962511,1.001522,1.7936565,0.33972752,0.8081523,0.18830834,2.0570047,0.45638725,0.7235164,0.5131659,1.2748212,0.75761944,0.25051025,0.25280693,1.3604366,0.23742142,0.93320394,0.3232198,0.8110991,0.63173956,0.23690087,2.1965747,0.0314116,0.0,0.00342179,0.42837325,1.104981,1.9072026,1.0180613,0.21721585,0.15114777,1.0254303,0.44398692,0.24347818,0.6778742,0.7732623,1.5874901,0.003403355,0.061703224,0.56515104,0.18048519,1.138756,0.0,0.18791342,0.027442094,2.2707987,0.5020894,0.40392777,0.9869341,2.8282764,0.3519381,0.0,0.12260186,0.91628265,0.37611237,0.026732126,0.15483442,0.14912783,0.19055818,0.6166496,0.0,1.9847403,3.406191,1.9843339,0.84694827,0.9605233,1.4663672,0.0060258894,0.5489582,0.98220026,0.337269,0.18404669,1.5248952,0.0061659277,0.036852047,1.5528711,1.5963155,1.2053071,0.46881133,0.04202215,0.5229044,0.36023727,0.4570368,0.08074985,0.13569528,0.0,1.1043237,0.48952386,1.4544913,0.6665581,0.051141016,0.1573552,0.46921653,0.11262091,0.06317254,0.19117795,0.397467,1.1066006,0.8501646,0.9933902,0.15714718,0.5744653,0.14058337,0.49338958,0.22998683,0.29818445,1.6146779,0.08309534,0.13122298,0.3262109,2.3554916,0.59964603,2.1114607,0.16220732,0.66777986,0.051448364,0.5162567,4.060509,0.71468616,0.17850994,0.28548282,0.62673897,0.3178948,1.6868477,0.43501106,2.8563268,2.206874,0.12951076,1.3447272,0.047977086,0.46858802,2.808838,0.01775831,1.972743,0.12682074,0.3854212,0.2074502,0.5132449,2.1252427,0.90347165,0.23091348,0.6295478,0.26001948,1.6273607,0.1909884,0.35265362,0.043684848,0.12021893,0.45264375,0.72202456,0.12595779,0.1779878,0.8106824,0.79014593,0.44372106,2.3222148,0.3649899,3.1188226,1.12501,0.2776814,0.14681262,0.1336091,1.6389827,0.2972922,0.38317645,0.09312073,1.010399,0.20782918,1.073551,0.04350562,0.39382172,1.2191517,1.3783464,0.06399769,0.4856694,0.37817988,0.9483532,0.47619694,1.2679176,1.155353,0.74969876,1.6913729,0.62582487,1.6391563,0.48176938,0.63070595,0.16378692,0.9594216,0.48557693,0.48773855,0.28282383,0.1190965,0.3862658,0.31338677,0.67305094,1.1654993,0.9659175,2.8678713,0.6073602,1.0970794,0.269691,0.72811997,0.9591118,0.71072376,2.0035536,0.8124586,0.43013325,0.005759836,0.18537936,3.3383193,0.13702007,0.14467739,0.41021377,2.017431,1.3898689,0.50587636,0.31842047,0.33340356,0.0,0.403507,0.5546202,0.08878998,0.22710933,0.8364512,0.45469773,0.046526838,2.1780424,0.0,0.21305898,1.6312551,0.022857165,1.6608574,0.09172109,2.4446805,0.85650104,1.2121826,3.7484229,2.932012,0.1326877,1.2859509,1.6140426,0.07092751,2.571211,0.79155535,0.13786641,1.2758093,1.3881813,0.34122226,4.0861826,1.3517823,0.022033794,0.76860017,0.6949002,0.00781378,0.01959995,0.17077017,2.322415,1.3398979,0.24264447,2.4121177,0.48689246,0.05917041,1.2125597,2.1129305,0.6444314,1.7957687,2.3880036,1.4011518,2.4388568,0.40429896,0.88167506,0.50564283,3.2627766,2.1594133,0.62067527,1.1030309,0.25036672,1.4236889,1.5864081,0.5634254,0.19317481,0.28868857,0.40405166,1.2820035,1.0970615,0.06273504,0.71250725,2.184712,0.3820613,0.0,2.0070555,0.13252982,0.66397566,1.634691,3.167727,1.3021961,0.4785107,0.047719594,0.15079993,1.0198623,0.61978686,0.21731736,0.19015881,1.5451932,1.6450177,1.1736635,0.0,0.10543459,0.2599494,0.6977044,0.40531114,0.43454304,0.21300966,0.36356407,5.0521135,0.4898503,0.33161992,1.0110658,2.0701358,0.0113564925,0.6103842,2.0512652,0.25309753,0.45146528,1.1946347,all_pothole_images\pothole_images_enhanced_eef01245e67728ebecf795aad3226cf1.jpg
1.191804,1.5224235,0.45178708,2.816247,1.2370664,0.33936346,0.32635033,0.12314857,0.29846272,0.50537264,0.5371017,1.0198742,0.01249374,3.229712,0.634243,0.2356672,0.10092947,1.5376256,1.1717939,0.56084055,0.5240783,1.6379386,1.7803615,1.0326633,1.3138529,0.5327906,2.329092,1.2008262,1.6723177,0.758441,1.199295,0.8398728,0.7132024,0.14505531,0.68412155,0.5430422,1.6757332,2.568129,0.027756566,0.6509229,0.21924084,0.28155172,1.3984212,3.6333792,0.6362565,1.9998225,0.32002681,0.0036561012,1.0742126,1.3561012,1.394564,2.2703714,0.7145198,0.18725558,0.019182414,0.52055067,2.2776554,0.12513268,0.45157585,0.67808264,0.08144043,1.0888261,0.6955832,0.014822129,2.0474927,1.3432542,0.63382936,0.20646706,0.38344675,0.1867374,0.285478,0.0,0.22153647,0.7346344,1.9864978,1.9098934,0.087530054,0.25856766,0.7688338,0.4209196,0.36652538,0.185052,0.3696175,0.44717515,0.39290154,0.29287827,1.1972083,0.84078825,3.04295,0.18070024,0.12819502,0.9230067,0.025780132,0.86384124,0.27925894,0.5396189,0.126314,1.3506167,1.0885782,1.5523994,0.18245603,2.098042,0.5022068,0.22955208,0.876188,0.7941407,0.33103198,2.5979812,0.12589867,1.7649592,0.16122496,1.9244808,0.40573832,0.5136106,2.6154275,0.5723684,0.91507673,0.2645879,0.7087866,2.67627,2.7500997,0.65210295,0.62492347,1.579904,0.8185462,0.511493,0.30650494,1.1103802,0.80177397,0.76906395,1.1485031,0.489082,0.28236976,0.3609405,0.26382107,0.6016506,0.4622457,3.4945185,0.28515592,0.20081325,0.46636182,1.8761975,1.1226953,0.8226497,0.19593099,1.216923,0.14012732,0.29000843,0.91298157,0.601862,1.013177,0.74645257,0.0025001096,0.15714034,1.705501,0.46593451,0.9606393,0.8770653,2.2829213,0.18766724,0.99617285,0.12397004,0.44672024,5.6276155,0.051274177,3.2887528,0.2668024,0.46951878,1.0935231,0.35998502,0.06286774,0.14408207,0.42869392,0.35066393,0.22689612,0.19393407,0.80243975,0.102715045,0.2737356,0.20139717,0.054361302,3.5861585,0.9866174,1.4539227,0.32043603,0.7693269,0.43736956,0.7527246,0.20305763,0.5267057,1.0636725,0.99068224,0.21972294,1.5882976,0.17913456,0.49272963,1.1602571,1.0191911,0.38755232,1.9653939,1.9724884,1.986274,0.36404312,0.90927154,0.14201857,0.26041007,0.39361194,0.42264074,0.35768163,0.059506506,0.46485522,0.69492215,0.29509187,0.93140876,3.172096,1.9635128,0.9644903,0.1877039,0.41822982,0.24358831,0.63516885,0.0077166813,0.18673085,0.4913611,1.7333685,0.684514,2.4066665,0.30580798,1.8736377,0.16812505,1.8544261,0.65342265,0.032163225,0.18040113,0.7599444,0.05966168,2.8616295,0.20575823,0.04012897,0.5464922,1.0686983,0.1554636,0.93950754,1.2239246,0.4762708,0.42466372,0.10200524,0.30532408,2.5981271,2.69992,1.3777996,0.35869294,0.12137833,0.2672901,0.2721475,0.37370083,0.56825167,0.79286784,0.4986964,2.6122603,1.2204087,0.1778995,0.13362646,0.5418798,0.32856932,0.6343727,0.1860196,1.3762484,0.281777,0.93723905,0.20695226,0.01425709,0.09875638,0.04387413,0.5192222,0.54261106,0.044221263,0.42202187,0.3057722,0.37448508,0.012360797,1.1190237,1.3482393,0.26463595,1.727359,0.9104951,0.60798836,0.9020663,2.0860777,0.33827576,0.830072,0.34474692,0.07430081,1.1153846,0.14520451,0.0984303,1.4443903,0.27153447,0.39416432,0.8400449,0.5062805,0.38356984,0.2620911,1.1071087,4.47975,0.7026119,0.08375746,0.2499239,0.8196875,0.35459983,1.2169544,1.7958956,2.2403483,0.7185935,1.5672231,1.1863797,0.013898499,1.2487954,2.5126293,0.3729996,0.5601968,1.1993036,0.03556245,0.28077734,0.5281793,0.66015595,0.66322595,0.13041873,0.61154574,0.38514903,1.1401857,0.5088609,0.34520856,0.31702968,0.41102675,0.6293039,0.95731837,1.6738399,0.7772547,1.4107686,0.40770262,1.2319247,0.6512965,0.33774367,0.08935547,0.5381571,0.5878774,0.71919125,0.055212878,0.7885831,1.0296576,0.45007417,0.6219354,0.5834325,0.11399631,0.34629762,0.28273302,1.9922345,0.42364988,1.1907307,1.1533068,0.4585702,1.0409741,0.23929036,0.48754442,0.30370495,0.6216174,0.9066885,0.23925446,1.4517535,1.8635606,1.039082,0.06481744,1.1355333,1.0881058,0.45557773,0.24066824,0.5402091,0.516034,0.9163474,0.3141233,0.16547343,0.6826897,0.77010095,0.8811133,2.3377557,1.0042598,0.37972984,0.16155593,0.6384364,0.53785044,0.6613192,0.022307716,0.052925892,0.23723088,0.10676535,2.2757246,0.8239713,0.4532226,0.014852325,2.0703206,2.276007,0.26077613,3.0303116,0.25288627,0.2140968,1.5567904,0.07707965,1.0811116,0.6797928,1.3369733,0.6703105,0.4724452,0.20559707,0.23248571,0.37967965,0.03219904,0.4065429,0.2730322,0.2926009,2.2503614,0.0653783,2.0327919,3.1770346,2.347535,1.6114606,1.1125469,1.5455322,2.7102447,1.9707358,0.16028267,1.209838,1.4489437,2.6155264,0.2820774,3.402994,0.7304363,0.344207,0.44727847,0.06253551,0.8467916,0.22339377,0.27584952,0.14138135,0.05544391,0.10186894,0.80818707,0.67837423,0.36467105,0.28854537,2.93944,0.18442924,1.2552577,0.24307698,0.95909566,0.24732947,2.1661227,0.39040643,1.4628028,2.3590581,0.9090219,0.53417385,1.189893,0.67185193,0.73706955,0.6595455,0.30875546,0.53670543,0.47115955,2.882427,0.31239656,0.5489437,0.32832646,0.2828319,0.35923162,0.49230036,0.2267793,3.8978589,0.81048614,0.389295,0.9794852,3.2812805,0.35266557,0.800389,0.12330479,0.80458665,0.9226095,0.14579508,1.4180509,1.2370903,0.6166476,0.14929698,0.2321501,0.07885891,0.349088,0.17687152,0.49414802,0.019417282,0.15630676,0.79714763,2.7546797,3.2983036,0.16214941,0.71436876,0.7174083,0.31984895,0.014103551,0.98329175,0.13051105,0.12629706,0.42741448,0.49975467,all_pothole_images\pothole_images_enhanced_eef258cdc0505373772f615a6d8d7a26.jpg
0.2432871,0.13910662,0.16867048,0.42726925,0.4453065,0.09389843,1.0325276,2.370942,0.13417822,1.081078,0.034893177,0.45817277,0.36911157,0.70945567,0.0,0.79167616,0.21004388,0.80870706,0.79157645,0.535001,0.030758765,1.2294487,0.8570781,0.5462797,0.047108557,0.02358386,0.059384346,0.8697642,0.0019804188,0.30612555,0.17249492,0.01095791,0.65186334,0.53666204,0.49893957,0.92367095,0.19896007,0.33385783,0.02972796,1.6600745,0.0,0.13742882,0.06985055,0.20993055,0.0942341,0.53204024,0.46763605,0.0,0.17723861,0.87727773,0.91609704,1.084062,0.0,0.09706726,0.45664215,0.7329079,2.7724183,0.143832,1.181682,0.10954634,0.6199589,0.2237968,0.72746533,0.022869304,0.5509052,2.5185342,0.63034725,0.25985613,1.314644,0.60092044,0.01285644,0.1335178,0.0058345776,0.08565519,0.07207041,0.011087281,0.05518785,0.09978917,0.006785278,0.23282444,0.0045177187,0.24974133,0.021713976,2.2511544,0.5777578,0.60525,0.17742601,0.35492775,0.82821083,0.4988686,0.08894682,0.51514405,0.06427374,0.097873084,0.045308746,0.0079425415,0.6513442,0.63153446,0.30906767,0.0,0.09760556,2.9010868,0.35255495,0.12118401,0.42115414,0.2769816,0.2458471,0.049173787,0.0022163948,0.9860343,0.027619766,0.5901642,0.23865846,0.22775568,0.1425784,0.32631737,1.5703015,0.49218547,2.3393342,0.36301458,0.6105993,0.84932,0.2698214,1.531472,0.4723403,1.3761903,0.148484,0.1910061,0.581559,0.050795753,0.50211525,0.17434072,0.6750152,1.1970944,0.31863454,1.5422801,0.022044113,0.58781403,0.46910235,0.03385402,0.9074056,0.22992547,0.078407474,0.60533047,0.19553559,0.18448977,0.0,0.812531,0.20084593,0.19050878,0.44395038,0.20997833,0.55002034,0.0,0.19759929,0.22377332,0.6788331,0.05565153,0.40478277,0.09578224,1.1828659,1.0058405,0.0007005664,2.9584804,0.16427717,0.2065571,1.483362,0.17854635,0.85866916,0.1648173,0.33787128,0.0049868827,0.0,0.18188961,0.6201188,0.0,0.001158597,0.015871994,0.13873965,0.2706677,0.003952823,1.0105766,1.966063,1.1610415,1.2598126,0.028056243,0.4235184,0.3156783,0.15762931,1.0373257,0.39650014,0.10992735,0.0,2.9547713,0.0033857573,0.32160094,0.40687537,0.570674,0.11531708,0.26975876,0.0023995263,0.23307674,0.40243265,0.2502417,1.5769694,0.14929947,0.31295902,0.1185356,0.95571214,0.86125046,0.010144953,0.21171331,0.6964513,0.5380328,0.026281685,0.10326757,0.9922413,0.11896636,0.40924367,0.02007069,0.10549994,1.1912237,0.6897752,0.33790034,0.003915752,0.06233518,0.10776119,0.05814746,1.3405917,0.10480578,0.11074223,0.23890467,1.1496972,0.04051292,0.28879035,0.15586051,0.783475,0.043074265,0.037411876,0.045519907,0.7135231,0.0,0.04765379,0.020026414,0.027386315,0.0,0.7118386,0.61100286,0.41877288,3.12322,2.044867,0.4836446,0.1959833,0.21450733,0.092558354,1.4350863,0.017995402,0.035475962,0.35795498,1.0100617,0.180056,0.06254522,0.36522457,0.24546564,0.44932142,0.14617388,0.39838222,0.32047543,0.7500318,0.2664181,0.352903,0.038354736,0.025057342,0.2814537,0.49173725,0.42742106,0.42835763,0.330719,0.35422,0.14786725,1.982953,0.79827523,0.14933242,0.2662743,0.34749043,0.22066005,0.5285316,0.33540526,0.8193177,0.23288493,0.2463699,0.0,0.07978162,0.50408447,0.19844554,0.026801785,1.1047243,2.6753266,0.024468163,1.0108125,0.064268105,0.19221754,0.06659236,0.13507892,2.56911,0.20457429,0.29281774,0.11704372,0.107496575,0.43081248,0.9779712,0.03449501,2.1094558,1.2320844,0.48772156,0.08485766,0.0,0.50223416,3.772563,0.008926059,1.5255948,0.49461332,0.0,0.046130043,0.30523786,1.5047917,0.36630493,0.24375923,0.62880915,0.020133749,0.9974219,0.6309201,0.14711167,0.0,0.058258377,0.3028613,0.7547537,0.010664643,0.27801868,0.2671417,0.2183793,0.29563478,0.13486217,0.07097756,0.07756473,0.16832143,0.083838224,0.011455969,0.001828035,0.4618717,0.24929588,0.2206132,0.071126714,0.59011084,0.17704557,0.30461863,0.34973958,1.2102798,0.1617175,1.2726468,0.33616123,0.66771823,0.65686446,0.019340748,0.0015359219,0.32758152,1.586838,0.26381838,0.32484576,0.67060876,1.3378129,0.2589893,0.4394247,0.11769037,0.9767713,0.47549832,0.6488822,0.21517578,0.03257164,0.38252926,0.89673775,0.058951996,0.085201226,0.26334018,2.6155894,0.27665946,1.8461561,0.0,0.46520597,0.44988555,1.0157828,0.88506365,0.19069602,0.7607127,0.30765033,0.023615563,0.0617592,0.001344669,0.7114307,0.017641751,1.4517081,0.58968145,0.4451578,0.50426006,0.043594126,0.007896932,0.07821513,0.24367912,0.0056177643,0.15579078,0.15919703,0.665722,0.6316599,0.112684295,0.1648158,0.0004868945,1.7644379,0.21969306,1.0288672,0.11381383,0.35658,0.38973552,1.5606656,1.0797267,1.2323968,1.0165994,0.727088,0.2397544,0.0,0.5671113,0.52262264,0.54729587,0.087889485,0.28528804,0.2592099,2.4531524,0.9012935,0.0,0.29267532,0.36652583,0.21291262,0.36618122,0.1737345,0.3044818,0.7142379,0.4986178,1.101496,0.17700113,0.0,0.4720317,0.7169718,0.0036116927,0.55123854,0.21657267,0.25539652,0.98327494,0.08922454,0.11155774,0.03993466,0.5290402,0.78166735,0.16848516,0.5493125,0.062023576,0.6643166,0.44889274,0.11520376,0.0934872,0.10361713,0.5413218,0.82077444,1.5054532,0.011285891,0.41526648,0.20055728,0.032521658,0.14317507,0.57714474,0.355035,0.26050884,1.3523912,1.5872656,0.7047114,0.09621256,0.021370731,0.9843703,0.58038574,0.024376038,1.3531677,0.025666038,1.8273855,1.0127858,0.1535508,0.0,0.65484136,0.24721009,0.075507194,0.21675688,0.16491267,0.27347142,0.42927235,3.684823,0.42894915,0.07592481,0.1062312,0.29037455,0.0019020361,0.1858012,0.523414,0.25764266,1.9551516,0.066505104,all_pothole_images\pothole_images_enhanced_ef051057e67338eddc18d462585cc647.jpg
0.12632486,0.026630072,0.7392756,2.6668797,0.19258527,0.012646239,1.1523588,0.46988302,2.0513167,0.4034414,0.6876814,1.075529,0.19340223,0.8629088,0.0062107197,0.6637385,0.40077123,1.8375748,3.3381138,0.35130525,0.31128722,0.0233606,0.44593507,0.07832648,0.563739,0.23186247,0.2368282,1.1087371,0.0993099,0.049829967,0.011873092,0.18056624,0.14215697,0.8513382,0.19675618,1.6315706,0.063893355,1.5422766,2.097741,0.0427777,0.0095399935,0.46606046,0.779657,1.12061,0.1490715,0.68228036,0.5520979,0.1651097,0.0,0.93676203,0.4983466,0.78167,0.00083567423,0.22139081,0.8909762,0.82419026,0.14907257,0.14973876,2.5886705,0.6099225,1.2773712,0.28749973,0.017568117,0.06596328,1.6148051,2.4476962,2.1561964,0.20767704,0.3660637,0.27281246,0.84563977,0.07521452,0.027248615,0.021228937,0.30555397,0.0,1.2885671,0.0819158,1.3517923,0.8410786,0.00044046616,0.2404002,0.8534256,0.6531177,0.21453498,0.8575799,0.41671994,0.44218457,0.030362885,0.2176466,0.4462794,0.35763144,0.010374469,0.37426916,1.8156768,0.26330265,1.5520864,2.108419,0.105960734,0.84243447,0.7766351,0.7459947,0.21709153,0.9596118,0.97687924,0.17999537,0.29735237,0.112910524,0.0,0.16680393,0.016303942,0.14707206,0.26423422,0.08778136,0.19524704,0.02001949,0.0,0.18886822,2.4455607,1.6305401,0.2383589,0.0,1.1081859,0.70882064,0.74313134,0.7100917,0.9829237,0.6791019,0.32354242,0.27167305,0.8087714,0.77327114,2.6940513,0.0,0.08957367,1.2058123,1.8532621,0.064389005,0.073516525,0.24794587,0.64591545,0.15060024,0.36194202,0.009510189,0.7756882,0.4720314,1.3610094,0.7259351,0.057273667,0.28280067,0.6432027,1.999307,0.1395687,0.020109497,0.6352662,0.7294699,0.42530224,0.0,0.60234976,0.051162675,0.6566354,2.0139744,0.14615713,0.14966655,0.3102444,0.0,0.06243801,0.07698199,0.0049568256,3.2822652,0.25236967,0.19330674,0.0010928183,0.57154536,0.66981196,1.060943,0.052028935,0.025933024,0.87891984,0.5625467,0.7581177,1.1620617,0.009522349,2.8091393,0.5412861,1.0414261,0.30654988,0.6580104,0.019764835,1.1577523,0.13646348,0.6728933,0.34815955,0.23577915,0.9659961,0.3008938,2.5444257,0.6665478,1.3044026,0.17957033,0.83140856,0.40895823,0.036148883,0.26798463,0.15445209,0.23998053,1.256975,0.3074434,2.9341292,1.6874741,0.2093799,0.5736201,0.4336783,0.15382461,1.692508,1.0939628,0.6492748,0.16467424,0.5681954,0.85688704,0.36353076,1.3402635,0.08440364,0.59987396,0.001164749,0.25661048,0.49130693,0.18421838,1.3323288,0.73531574,0.42181522,0.4939217,1.2069361,0.08882618,0.07722178,0.1485926,0.44023302,0.28747243,0.041989032,1.4000409,0.04203881,1.0057764,0.22808084,2.1790397,0.007923513,0.0,0.8023248,0.2523886,1.7934644,3.5483267,2.2299795,0.1610916,0.0,0.63707924,0.013142145,2.159517,0.009614024,0.63423955,0.08406518,1.7384616,1.2304965,0.22045001,0.6371405,0.15313162,1.1304362,0.6981688,0.6274575,0.025800033,1.8381091,0.8917306,0.08416574,0.6548553,1.0398599,0.26987946,0.124362774,1.1353201,0.2255096,0.034017492,0.53135484,0.43711275,0.10086764,0.7739802,0.06535447,0.101795524,0.025642317,1.4633209,0.8539966,0.27050003,0.6642967,0.08577803,0.01130438,0.04997678,0.24005315,0.20555204,1.0813744,0.2241532,0.085494265,0.51031566,0.32224953,3.4564333,1.7309399,1.7684008,0.77895725,0.018301316,2.729812,0.08997708,1.447726,0.8653059,0.04772946,1.3105983,1.0407608,0.12623653,2.8447623,0.9039034,1.1037004,1.5821958,0.13914953,0.94231975,3.2902377,0.0008024762,1.5493912,0.07009388,0.8151423,0.271388,0.5876223,0.7022926,0.29084504,0.0,0.18165204,0.03381166,0.6834817,0.19096453,1.0219544,0.9751642,0.7648588,0.48662886,2.1697218,1.4441183,0.79138243,0.029450348,0.07288743,0.016862882,1.7424334,2.4105132,1.2016646,1.6553209,0.16100149,0.9672653,0.8205119,0.72307557,0.016714456,0.17201898,0.035539888,0.00018823128,0.0048514646,1.0631416,0.35436165,2.4621634,0.058339786,1.0260396,1.5925565,2.2864702,1.1021302,0.1322405,0.66332173,0.072546415,1.2296677,0.7931491,0.3638202,0.32901508,1.0073218,0.4755,1.1211686,0.32286027,0.0,0.35213104,0.023404282,0.336091,0.5615021,0.30696794,1.5819917,0.73438513,0.8644549,0.8198457,0.17203377,0.005939092,1.091282,0.3911493,0.23082475,1.4998993,0.89202356,0.05128896,0.18944702,2.0153916,0.06945428,0.10382625,1.7078441,0.030758366,1.5043867,0.006132854,0.4565675,0.14268544,0.018488452,0.4590545,1.918442,0.005438678,0.7462133,1.0127357,0.3473786,0.0,0.6776546,0.024311751,0.19772387,0.9757336,0.0,0.22865741,0.24039587,0.3329689,0.69506645,0.10543224,0.6362918,0.9769967,0.0,0.88984025,0.025004348,0.028830508,0.32042027,0.19839619,0.0,0.040275775,0.03628227,0.17905828,0.1798302,1.2734717,0.5146792,0.19070956,0.3098348,0.03522088,0.0042391797,0.3122309,0.9171636,0.095451266,0.17653067,0.22522451,0.79551464,0.0,0.35330465,0.116104804,0.18212801,1.2288824,3.2876718,0.561168,1.767944,0.29216084,0.102208875,1.235827,0.0041680485,0.005212921,0.48463532,0.94971216,2.1414952,0.37859002,0.95094585,0.019650351,0.17623633,0.7357243,1.3999304,0.15697692,0.09961424,0.72277254,0.25780913,0.9829891,0.010152163,1.4256812,0.34989858,0.011739561,1.1377405,0.4193149,0.62527734,0.07148519,0.41645026,0.015233878,0.8860128,0.10173945,0.9940964,0.18431288,0.07454714,0.47312045,0.9351354,0.06905995,1.8443509,1.9277916,0.10108569,0.45805708,0.23048683,0.01714826,0.007125302,0.46038187,0.06940368,0.4990478,0.53317904,2.4215667,0.19140415,0.105541654,0.6978913,1.0725267,1.5903429,0.1927405,0.37568888,0.34834212,1.4678868e-05,0.025689682,all_pothole_images\pothole_images_enhanced_ef12e8d3e01009ac954ed944e48b8dad.jpg
2.4568236,3.009596,1.2607715,2.776689,0.45351392,1.3931953,0.15645121,0.17739749,0.12360824,1.191013,0.26070294,0.09334469,0.7450799,0.91606045,1.9393306,1.8352882,0.23934151,0.03371816,0.9216073,0.48966628,0.8901761,1.1197102,2.5375407,2.4874928,0.2793489,0.10318859,0.15887989,1.3240275,0.0,1.0503862,1.4337556,0.5223011,1.0130631,0.70131,0.6554522,0.35789225,0.92403364,1.0764825,0.839767,1.2921636,0.67887205,0.461349,0.081653945,0.5998703,0.5839238,0.90608555,2.1931286,0.04347657,0.46779925,0.2694399,0.3149651,0.24901514,2.3253067,0.20660688,0.0,1.6790934,0.9947514,0.03385058,0.84139484,0.40185273,0.04460844,0.4012144,1.5288981,0.3796861,0.37312955,1.014376,0.13790868,0.23931299,0.058776706,0.89425665,0.30639142,0.02828045,0.5350497,0.3492896,0.045797795,2.0864277,0.8993411,2.002371,0.32807973,1.1934679,0.20322838,0.0,0.5561942,0.21049318,0.5313072,0.91422665,0.013005674,0.29348812,5.035699,0.43675122,0.7717392,0.272906,0.79504246,0.7109775,0.53298444,0.27625114,1.42276,0.3313816,0.1532439,1.1707181,0.88850355,0.82055914,0.19967012,0.84275705,2.2199259,0.30001134,0.099466555,0.5146301,0.42211077,0.7791044,0.23452686,4.2678466,1.6842206,1.0942324,0.30692685,0.48960435,0.7421968,0.89716506,0.17661822,1.6131562,2.4835155,0.34557495,0.8802506,0.824643,0.654798,0.8682064,1.8876361,0.91402245,0.17678064,0.6613607,0.1645813,0.07126808,0.25601012,0.20589377,0.33882904,0.77486527,0.8848408,0.96152574,0.3053165,0.5796444,0.35900614,0.345067,0.5582403,0.3100294,0.25743625,1.0318764,0.7476773,1.3180255,0.82037085,1.4903677,0.7562846,0.4167904,0.41205788,0.22877862,2.2419968,1.0467191,0.57055426,1.5031186,0.1305637,1.1058974,1.682387,0.8142434,0.07140945,2.1762502,1.1470182,2.4040225,0.58210623,0.049765382,2.4787595,0.0,0.781695,0.0017168982,0.5576374,0.33319962,1.356511,0.28715622,1.51807,0.048877195,0.5479287,0.97004014,0.35644117,1.478238,1.707833,0.8100936,4.028362,1.0143849,0.67832416,0.90817726,0.74401426,0.77541965,0.38221538,0.714525,0.16432503,0.93976617,0.92719615,0.019598331,0.57434845,2.399404,0.7328123,2.5328975,1.3768798,2.8203192,0.47568494,1.1988252,0.7048938,1.7961841,0.6707977,0.20025717,0.6401338,1.1129147,0.13364998,0.21994378,2.0734794,1.6654071,0.46698156,1.7079041,1.3585367,0.46204376,0.6028706,0.018286267,2.3727858,0.063521735,0.81813097,1.5482032,0.022724235,0.915238,3.136069,0.039815895,0.300744,0.12572776,0.5551929,1.6688145,0.4284737,1.5366263,1.1833578,0.8300364,2.5936563,0.113799155,1.2447947,0.51601356,0.9070221,1.3188677,0.24617979,0.48868552,0.46755207,0.116060205,0.78471833,0.28932378,1.41834,4.254838,0.16577946,0.5776668,0.62804717,0.033722818,0.8109414,0.07850693,1.1887283,2.573562,0.92531747,3.3179088,0.016845591,0.3313044,0.2822641,0.70164543,1.0836734,4.2583866,0.0878576,0.49729437,5.65587,0.42666134,1.5366579,0.6277565,0.11766574,1.0001233,0.94843143,0.52647513,0.1642214,0.28740385,0.08047838,1.00727,0.3772876,0.97828037,0.2681416,0.0021736715,0.7146375,0.19629838,0.3038649,0.63812685,0.040318068,0.24396892,0.17263909,0.2525067,0.8537679,1.3408988,1.1872476,0.6803445,0.43266857,1.4684471,0.8941165,0.3251835,0.2765419,0.264527,0.17963703,1.107194,3.7994447,0.37204558,0.36929974,1.6983654,0.63147473,0.10733038,0.47971883,1.9703493,5.25294,0.8532238,0.0,1.2639298,0.32431668,0.92217535,0.8133298,1.3209987,1.4959989,0.8942418,0.30535853,0.61116546,0.5320232,0.8747729,0.1467044,0.59670633,0.8610591,1.5748913,4.7252827,0.4151795,0.35428405,0.14810069,0.86397177,0.1904213,0.9287771,0.27672416,1.2446352,0.02439433,1.1622121,1.9669482,1.7282188,0.051928632,0.29689664,0.36575884,0.26750657,0.17008968,0.28504375,1.0349042,0.34963155,1.5281231,0.5644173,0.74273664,0.29240322,0.049778666,0.31015825,0.24663258,0.62914866,0.46852908,0.16573505,0.16675542,0.5400096,1.0387306,0.10321386,1.8375107,0.6311359,0.1916732,0.010601968,0.6074042,0.7480009,3.5190303,0.5018469,0.25900406,2.279716,0.32911345,0.1760259,1.8643123,1.042281,0.16265133,0.95800906,0.08588069,0.5897177,1.6312189,2.8750792,1.3913045,1.2906908,0.17186663,0.2804419,1.084242,0.0036564171,3.4159062,0.49848288,1.2996913,0.1461558,1.0482898,0.5526031,3.2261968,0.8361601,0.37047464,0.5921936,1.6908796,1.2075709,0.6899733,0.33912915,0.26918373,0.13460891,0.20681186,0.024639841,1.0271189,0.3852471,0.36392456,1.0915648,0.6001088,0.27012473,0.20283885,2.1368558,1.2458032,0.45810395,0.31837267,0.42399916,0.64428186,0.97569025,0.21841396,2.7761712,0.094980694,1.854526,1.1701639,0.79292816,1.2685963,0.17730369,1.2836021,0.5452302,0.8927343,0.10899707,5.0957384,1.691089,2.15924,0.93678576,1.8222628,1.9188391,1.2311339,1.6080389,0.5839135,0.22014017,0.0953729,1.0516367,1.1362233,0.3749522,1.8614997,0.5782774,0.43017057,1.2249979,1.0283961,0.5646795,3.13231,2.6268163,0.5067475,1.3130182,2.4121037,0.8984243,0.8374995,1.8648881,0.5011849,1.384395,0.56705457,0.36582068,0.51380503,0.32560024,4.059211,1.5366344,0.10361109,0.093822576,0.19225143,1.0907115,1.2736242,1.1354418,1.1993197,1.4352922,1.0181946,1.0965225,2.8222466,1.0328554,0.5940995,0.024067977,0.4806075,1.2673148,0.42683125,0.7768005,0.3738185,0.026392372,2.1319187,0.07436025,0.3266735,0.57442737,0.025859343,0.13613288,0.07139244,0.5965867,0.9425698,0.38924515,3.3792977,1.1030468,0.932775,0.6883579,0.9568569,0.069180086,2.339411,0.5598562,1.0063738,0.9964236,0.047319166,all_pothole_images\pothole_images_enhanced_ef260abbbb1c168e7d63888988792136.jpg
1.7230476,3.1694367,1.6794002,0.561582,0.43686417,0.15310284,0.22298022,0.20506974,0.19414778,0.21129976,0.44717935,0.101752006,0.50975066,0.29536408,0.4407457,1.2355652,0.07942908,0.15185289,0.006456402,0.56153566,0.35641992,0.8576431,0.058907866,1.27759,0.8280943,0.6719387,0.34857827,0.8567762,0.26000163,0.26012084,1.5607017,0.33045045,0.3088813,0.61220855,0.5413902,0.4965393,1.9162401,0.37545255,0.35991815,0.816845,0.9447775,0.04473977,0.9555642,0.38779375,0.5167362,0.64397377,0.022081744,0.68311036,0.731852,0.61943334,0.0042160754,0.009612809,0.29751253,0.4807382,0.037842706,0.6568563,1.5416379,0.01759163,1.1472086,0.760359,1.1429204,0.05928055,0.29396456,0.96847916,0.23961483,0.9244523,0.41762486,0.27776545,1.3895522,0.19789985,0.09215126,1.3524861,0.84446186,0.5139525,0.41163686,1.7544938,0.14598948,0.7481522,0.29690918,0.357677,0.7274455,0.4916107,0.4678931,1.0747912,1.0254815,0.5217781,0.1397966,0.32298163,2.38105,1.0657984,0.6460735,0.045350533,0.35109925,0.14064345,0.9788519,0.06848675,1.5399971,1.0392407,0.5939806,0.3558775,0.29605368,1.6511652,0.21918513,0.5792655,0.37601307,0.22003594,0.5582489,1.4567695,0.73693806,0.7193321,0.1077632,1.2398938,1.7544937,0.89297765,0.68485445,1.0497571,2.4030256,0.008009198,1.1577882,0.4470547,0.120683976,0.30607662,0.75346047,0.1561745,0.3586071,2.048749,0.7476955,0.46142456,0.13551627,0.003855174,0.69141346,0.046355836,0.6407504,0.057076734,0.23568752,0.95711595,0.16276754,0.49662182,0.34481627,0.26534027,0.21659863,0.12009717,0.2709559,0.5860787,0.3183495,1.315474,0.016644893,0.9719006,0.18944174,0.80449194,0.5528098,1.0732621,0.0026727938,0.3481855,0.6363914,0.13693583,0.20095268,0.0,1.6271278,0.5933151,1.3709365,0.50952095,0.4251329,0.327595,0.033407677,0.860252,0.22775066,0.023203472,0.8786083,0.6767909,0.17847025,0.895159,0.80031556,0.44958487,2.0129101,0.36433488,0.52766037,0.023855202,0.24768871,0.23496012,0.15339224,1.5733914,1.9923851,2.1367664,1.8814901,0.53500074,0.38020656,0.044052016,1.4257096,0.81729186,0.15282214,0.21783257,0.21807612,2.3697047,1.0779762,0.12354541,0.2152105,0.15816392,0.4126964,0.8273045,0.33453184,1.3050071,0.038088493,0.81419116,2.0183973,0.34215,1.1768975,0.45491207,1.0249686,0.32015914,0.15034507,0.7565991,1.1022443,0.97990555,0.65608597,0.74115986,0.9046626,0.43224847,0.75047845,0.13991584,2.0300498,2.4368494,0.6628322,0.76234716,0.07724796,1.0164098,1.5610954,1.1149976,0.7922986,1.8946561,0.05612328,0.24834086,0.7289843,0.3296855,0.42598653,0.7288033,1.7503287,0.65346324,0.025639568,0.046572786,0.44379938,0.09190662,0.3004841,0.24553975,0.09237503,0.13474734,1.4335715,0.0,0.32060263,1.7976636,0.062326852,0.041509286,0.17742094,0.10065096,0.226078,0.0,1.4413066,0.85127866,1.6453706,2.3790812,0.27053392,0.0056435266,0.9597309,0.60709476,0.9684601,0.14657812,0.58073074,0.25517908,1.6759758,0.64301103,1.0628787,0.26583186,0.15080984,0.9493655,0.7617679,1.742034,1.5092779,0.1972547,0.3387573,1.6694102,0.055951778,0.31903574,0.30739808,0.14101455,0.09672525,0.0,0.08568639,0.703347,0.18523777,0.38558593,1.3989797,0.69503987,0.16077182,0.26104143,0.011850823,0.6693686,0.74275625,0.027157426,1.256103,1.2210814,0.037369188,0.50203484,0.0359336,0.45790038,4.510639,0.38061172,0.12144783,0.50767046,0.2531057,0.61790115,0.0015129397,0.73128724,3.2194126,0.8318831,0.02660414,0.92341363,0.47174135,1.95208,1.1497227,0.7557913,0.49773288,0.02747183,0.09632165,0.0,0.49875912,1.1279426,0.7797535,1.0668658,1.0194803,0.5021644,2.4418235,0.3631011,0.008480778,0.0035641484,0.7946065,0.32600498,2.285475,0.23830734,0.08904627,0.46486872,0.97594404,0.7466432,1.1676816,0.06665414,0.6056589,0.44812804,0.25478837,0.10620357,0.23600528,0.26170114,0.0,0.87489957,0.17534561,0.38059646,0.98974824,0.07075183,0.50806946,0.8334776,0.7233539,1.2107447,0.019584445,0.22123677,0.5135013,0.48421854,0.22184464,0.4474617,0.009032472,0.01855482,0.6778407,0.039431825,0.37403736,0.1784057,0.17775926,0.15918013,1.2616302,0.28413317,0.47754797,0.6899753,0.2933619,0.45301366,0.7628721,0.3347554,0.94960165,0.60922235,3.8723679,0.8209454,1.0348942,0.0,0.7203121,2.655578,0.5655307,1.2325542,0.25378644,0.01256729,0.0028419748,0.08897387,0.51461816,0.7642128,0.1837451,0.21262169,1.767684,1.1132419,0.59097594,0.9554356,0.1758671,0.6594111,0.41723213,1.321881,0.46370345,0.41923484,0.31788927,0.57564557,0.07444828,0.11425413,0.07462787,1.1138707,0.3918885,0.46549994,0.5790051,0.09606127,0.867623,0.3376893,0.5918037,0.544416,1.1199777,0.04142211,0.9563223,0.8886659,0.4474714,0.013072399,0.8707227,0.032452878,0.56229365,0.49499348,0.6580218,4.9281926,1.1799184,0.32946014,0.17844439,0.3920039,1.1845461,1.0125006,0.0797557,0.4562587,0.1532161,0.5738963,1.671486,1.2021008,1.0312736,0.34560233,1.0287429,1.1531907,1.8947065,1.5887227,0.09872985,1.141238,0.9345796,0.2862719,0.30111772,0.8768379,0.98776066,0.049702108,0.4487633,0.74814254,1.5047,0.9985316,0.27434903,0.047381505,0.66312903,0.7035721,1.8437043,0.08178817,0.778883,0.22995463,0.57791346,0.38680896,0.18368222,1.15039,0.48480797,0.63029414,0.7045911,1.9149354,0.28969297,0.1533589,0.09084924,0.33262026,0.7879281,1.011343,0.9497332,0.07903709,1.0911376,1.2648557,0.3978857,0.47823972,0.053190045,0.66547674,0.84398854,0.14553772,0.24143213,0.028861765,0.2511521,3.3286824,0.44335854,0.7318429,0.06443946,0.8669131,0.073908046,0.018209515,0.74328613,1.8497945,0.31216073,1.7640798,all_pothole_images\pothole_images_enhanced_ef33470163ed8864d479a6567507ed77.jpg
0.7398812,1.6970012,1.204618,1.9839885,2.2628393,1.1224691,0.20188345,0.05062135,0.5164193,0.67869616,0.14813045,0.45631018,0.39248174,0.44662076,0.8936347,0.67871124,0.17955813,0.012362294,0.392467,0.7650435,1.2119634,1.647876,0.3181763,0.6134361,1.710312,0.26984686,1.1470973,2.275618,0.28102916,0.24355553,0.7718379,0.50665635,1.3203304,0.48812932,0.50361246,1.3465514,1.0337546,1.9847493,0.07545873,0.80032665,0.053033564,0.17784254,0.1612102,3.0172708,0.747303,0.11919613,0.2978256,0.3999591,0.22964193,1.0355805,0.815542,1.421243,0.29836616,0.7371587,0.45018542,1.4323242,2.4441085,0.09714991,0.178766,0.7198951,0.028735662,0.5110502,1.0901313,0.503076,0.11894869,1.3297669,0.45502898,0.8354465,0.5482562,0.44132036,1.3221903,0.5769113,0.46194005,0.5763534,0.4389579,1.6077166,0.3941033,0.99148107,0.05286536,0.68860346,1.0090866,0.020777259,0.0,0.34473044,0.93626,0.46925735,0.13885704,0.20526849,4.9285173,0.1785914,0.58200204,0.16956559,0.29876277,0.7293864,0.5921619,0.042297687,0.15071797,2.0983906,1.4641287,0.84642714,0.0,3.0523524,0.28318176,0.47615907,0.21989253,0.18410774,0.26280835,0.25389874,0.13251325,0.56527585,0.20166118,2.048943,0.45526963,1.4346331,0.41799787,1.292618,1.6665889,0.053880613,1.2043815,1.3013611,3.4598312,1.2707648,0.17877644,1.6109324,0.85820526,0.8056491,0.20765477,1.1172289,0.83939373,0.19553067,0.9800261,0.17326173,1.3068147,0.55741614,0.69903183,0.8490039,0.39088497,0.9771465,0.86712724,0.3567949,0.2990921,0.1217283,0.26128653,0.4283876,1.5456092,1.2161726,1.1722885,0.44294146,0.0,1.010335,0.7499357,1.1856325,0.21562669,0.0,1.4116437,0.37454706,1.490936,0.18226391,1.8319534,1.2965736,0.98436266,0.56801313,0.25682434,2.5729675,0.0023444404,0.52770483,0.74304533,0.14337361,0.8276655,0.1836876,1.0633378,0.4029326,0.6266321,0.98448986,1.4118048,0.09749527,1.0703318,0.08664536,0.11275417,0.15519486,0.114724316,1.7044425,3.947171,2.8553076,1.4195232,0.8053538,1.0175664,0.07363103,1.9512833,0.78395027,0.6935992,0.49576443,0.32439402,1.662868,0.44299725,0.7096321,0.29452324,0.009350635,0.14312273,0.6623368,0.6995599,0.73329014,0.45845973,0.71089965,1.5285548,1.433283,0.09001321,0.6864877,1.0529644,0.062331617,0.1774127,0.83042556,1.1675338,1.4410986,1.6040183,0.533221,0.26128635,0.09404254,1.6872184,0.0,1.8777704,0.064363,0.1459587,0.12653789,0.15056737,1.2388419,0.39539713,0.5054899,0.583735,0.4607792,0.35719046,0.8748022,0.63398653,0.11797934,0.22067352,0.24500261,1.3094426,0.3111773,0.041398462,0.11609303,0.36257318,0.0,0.080890514,0.064232856,0.143901,0.24156243,0.105518654,0.0,0.28530347,2.3518753,0.7653206,0.35668084,0.48155758,0.65147424,1.1476368,0.09747511,0.96309644,0.0057902383,0.2647098,1.6653361,0.4976584,1.001915,0.9182361,0.33327731,0.416553,0.8385444,0.022736043,0.48378214,1.6527492,0.023090402,0.4959431,0.26986042,0.37134245,0.17518876,0.2115012,0.6394659,0.24979928,0.22873951,0.2925446,0.852413,0.1012813,0.10650948,0.5451688,0.22175582,1.4845937,0.46711835,2.496255,1.4839736,0.37856725,0.061072826,0.61471325,0.6887139,0.12899111,0.93660283,0.43933696,0.6213341,0.63948286,0.08662746,0.05855946,0.5512609,0.20900626,0.89703494,0.19547123,1.0028727,4.7994423,0.48801646,0.0,0.43205342,0.46197516,1.0953969,0.13218509,0.4774353,3.27203,1.5390906,0.3522873,1.1523125,0.58765346,1.3126546,0.47186345,0.11500896,0.25476128,0.7121942,0.4742464,0.25571522,1.1498945,0.8253662,0.9698831,0.9928658,0.94552344,0.72476906,1.3149208,0.7402472,0.2040761,0.13200617,0.65343124,0.87136436,1.0624489,0.55877924,0.56067663,0.6727725,1.0243478,1.2389742,2.262967,0.15047237,1.2268714,0.12326645,0.25319627,0.25465116,0.26861137,0.3425698,0.7685152,0.8439826,0.56895065,0.61722153,0.565022,0.03803233,0.48617506,0.44274685,0.51448476,0.77817786,0.23066612,0.07056434,0.30369863,1.3900402,0.24148339,0.26650357,0.12439312,0.10285983,0.03917027,0.23503926,0.86679775,0.54835963,0.5289245,0.122940235,1.7624303,0.8756316,0.06663916,0.108582795,0.25555158,0.3180069,0.030592311,0.07747303,0.41867128,0.9010489,2.4026747,2.0368438,2.8575196,1.1326021,0.62462413,1.1080002,1.2344202,0.051039312,0.15429811,0.058949664,0.19108072,0.04203272,0.89876264,0.19877844,0.3910201,0.13704212,0.98510116,1.4737489,0.0,0.6456941,0.0710916,0.3517332,0.039002683,0.6393344,0.5570534,0.8769112,2.0192218,0.53816605,0.5148295,0.8881531,0.0070160627,0.49272212,0.921531,1.4627624,0.22214371,0.012804402,2.0898244,0.13544016,1.4061463,2.0784843,2.6877217,0.13072798,1.1177301,2.2255461,0.25083935,0.5529955,1.4580355,0.1388395,0.8997516,0.7246453,0.31574002,4.0395083,1.720591,0.43813348,0.06067769,0.7918196,0.9005024,0.24787922,0.01700498,0.44754004,0.24494338,0.9904493,2.9240685,0.35031173,0.5187309,1.7248129,1.1105659,0.49849564,0.37513864,0.26506436,0.17874517,1.2395761,1.1726711,0.50484324,0.4776909,1.2658396,1.0745546,0.38513374,1.1137143,0.32713443,1.1266705,0.4429706,0.23504622,0.058818094,0.53131694,1.4332592,1.528303,0.12785771,0.68407935,0.23629412,0.3185056,0.29945752,0.32149187,0.81102705,0.73487866,0.35235277,0.7302493,3.6407137,0.19777982,0.4801917,0.0089127505,0.0038540538,0.5360439,0.41502574,0.029108373,0.21300058,0.08914869,2.4125066,0.16322567,0.18981875,0.03504559,0.00992618,0.2786068,0.0,0.3650859,0.0,0.41364774,2.916789,0.39228672,0.49343953,1.9396324,0.61261,0.030790292,0.6317936,0.7485275,0.5007161,0.57097995,0.1535996,all_pothole_images\pothole_images_enhanced_ef917f77188b9234be57ad7901f64f7f.jpg
0.80498874,1.481597,1.0447954,1.622452,1.2161599,0.3064407,0.69247603,0.09048411,0.13816117,0.37496978,0.48754284,0.020422477,0.018535739,1.6662878,0.30985704,0.3694292,0.054525405,0.052113105,1.1593258,0.33585384,0.3224526,2.0561821,2.0433798,2.0424435,0.2340613,1.5158063,0.45834047,2.056933,0.091637194,0.329215,0.5531547,0.035887703,0.85093796,0.04798935,0.1302363,0.061224848,1.1513886,1.091626,0.041111212,1.4893973,0.25327662,0.37497032,0.6878539,0.94722044,0.13699691,0.7396381,0.20774765,0.3045548,0.2460326,0.057668965,1.0532986,1.0693003,0.5793538,0.5051539,0.69144416,1.4918845,1.4316213,0.0,0.35437244,0.026762774,0.31707665,1.3098049,1.0857784,0.09206457,0.7010963,2.1392572,0.3900928,0.014392185,0.3863116,0.9284107,0.31632036,0.39133266,0.60561967,0.15236622,0.16302119,2.0839782,0.3769851,1.5018895,0.26325879,0.019673651,0.08752464,0.054108765,0.37165672,1.0063468,1.1596144,1.3012155,0.007526681,0.11511213,4.3312097,0.16695209,0.27327484,0.09153458,0.1302805,0.8261597,0.3329371,0.039292384,1.534072,0.52999324,1.1777849,0.75155,0.0060967323,2.6815073,0.41300902,0.1021884,0.5812486,0.80413747,0.8000393,0.17809112,0.03519108,1.2393606,0.5766694,1.6150734,0.75684774,0.3091793,0.43389285,1.6348526,0.41848963,0.26594114,0.22173986,0.57970834,1.0341414,1.1568116,0.95122284,0.40266442,0.5565197,0.6350484,0.1513443,1.2393934,0.26837447,0.73807275,1.111978,0.121924594,0.5473785,0.3268256,0.13781327,1.4543731,0.09631676,1.0237931,0.5169905,0.96312803,0.32129335,0.2620645,0.1812925,0.7384598,0.53041166,0.6827676,0.044345733,1.4154557,0.87020886,1.3269286,0.15457997,1.0981688,0.0,0.18083741,1.7310138,0.36298093,0.39457828,0.5211834,0.14054458,1.2556661,1.9309502,1.1181943,0.028782431,2.8151047,1.0524952,0.5671604,0.59774625,0.92691475,3.9057257,0.19522956,0.68042165,0.2101255,0.07862523,0.06792924,1.8765875,0.20243925,0.7616197,0.28097355,0.0,0.23220313,0.18484929,1.9772977,1.029696,1.0405461,1.0321871,0.5093413,0.3333042,0.39614993,0.015969515,0.7909647,0.53609425,0.13266043,0.017045394,3.3208022,0.21561626,0.20339975,0.3355368,0.40628177,0.24041681,1.4543087,0.7200035,1.0309033,1.9532022,0.334056,1.0791727,0.024495943,0.35011712,0.07992791,0.46915632,0.29184482,0.5052617,1.064508,1.8973898,1.5042018,1.0511425,0.51415354,1.7056483,0.45079103,1.4228601,0.19499463,0.91372275,0.05527778,0.3238548,0.4810201,1.0521159,0.4380741,1.9537163,1.0401053,0.87707657,0.18750022,1.5189353,1.665432,0.03888364,0.85485774,1.46642,0.07795152,0.9396791,0.2812117,0.058197662,0.0007614554,0.81202453,0.38452902,0.7307569,0.46338683,0.26587522,0.28849474,0.25746447,0.6240278,0.39786547,2.4985516,0.84126306,0.12285346,0.2843982,0.31375265,0.053912915,0.0,0.28827798,0.3116045,2.152767,1.9868058,0.25189427,0.8532911,1.2505426,0.3591549,0.056191783,0.90082943,0.23419549,0.74208117,1.9924421,0.16258714,0.08960584,0.0,0.12700734,0.13077728,0.68736595,0.82796925,0.7348723,1.5221784,0.3026072,0.90568113,0.0,0.7115932,0.35397598,1.1430799,1.2411531,0.7438009,0.7042348,0.9126501,0.99866486,0.026412092,0.97711366,0.6800497,0.24436374,1.5123832,0.73284364,0.3797493,1.007052,0.0597349,0.047373094,0.8881595,0.16540624,0.5565497,0.40049136,0.82733387,2.184929,0.08212265,0.09898364,0.92120856,0.40814623,0.09402128,1.3019387,1.6327393,2.5684128,1.3933842,0.0,0.191434,0.07913963,1.8596723,0.27246413,0.43806222,0.03795565,0.61324215,0.1486837,0.30244958,0.50404584,0.8012616,0.5231211,0.23113708,0.24369757,1.0980086,1.243036,0.14854832,0.048714414,0.8586009,0.69681937,1.41692,2.2306943,1.2544785,0.22048324,0.055244274,0.43740666,1.3431677,2.173166,0.07300091,0.21770065,0.100388154,0.2842284,0.0998939,0.14319992,1.3647981,0.38762268,0.30083928,0.7908551,0.16916186,0.06609392,0.08343545,0.639174,1.109131,1.0024542,0.71910936,0.0494519,0.11564201,0.31438848,1.2188541,0.100894615,0.16431919,1.3871818,0.39253566,0.4729935,0.63339376,2.881044,0.9435169,0.6307472,0.18959467,0.80956095,0.84734094,0.037356738,0.28131464,0.8507404,1.642956,0.61750793,0.048618365,1.324075,0.23055033,2.0503814,1.1177841,1.1479391,0.33086857,0.3391942,2.2670574,0.6869026,0.2653444,0.14980872,0.27453777,0.31779674,0.0,1.9381595,0.12977432,0.8562737,0.058785856,3.8327081,1.8471879,0.17336904,1.2182592,1.1580321,0.38202903,0.7163068,0.00831433,0.2292815,0.22830658,0.09118736,0.11066243,0.90572745,0.45734754,0.033276986,1.0679948,0.8265377,1.0675201,0.32572153,0.029515086,1.6041839,1.5354539,2.569025,0.8101751,1.2693324,0.73618126,0.66255707,1.8417889,1.0615847,0.7680006,0.19798166,0.122717835,0.433181,0.9493829,0.6222549,5.6844153,0.6553726,1.0516847,0.4672182,0.07868676,2.8080463,0.102265365,0.18731742,0.094804175,0.22922602,0.6103911,1.9127866,1.1386536,0.77091074,0.7226542,0.14986847,0.2619489,0.9826241,0.66914296,1.1787121,1.6831847,0.27115384,0.016226625,0.21137364,0.9019135,0.727528,0.05881324,1.5542192,0.9041299,0.7243602,0.42152372,0.5900186,0.5980739,1.8610198,1.4929601,1.5327251,0.44169647,0.92749393,0.5867701,1.1056195,0.41235813,0.088836804,0.15499058,1.2062079,0.50609064,1.9831642,3.8588603,0.78971314,0.6365746,0.02079584,1.3772895,1.0167801,0.5713384,0.61085564,0.44421417,0.85597587,3.2416224,0.058306485,0.13633831,0.19458055,0.0,0.088115275,0.12084123,0.4029799,0.04475026,1.1635119,2.014454,0.23168945,1.0917633,0.35772884,0.5153478,0.07096762,1.0201223,0.37973377,2.1056173,0.2792151,0.27055138,all_pothole_images\pothole_images_enhanced_efa5707377bd79d5698d7e4d458ed775.jpg
0.076927036,0.86781996,0.17586422,0.83963805,0.14752454,0.067040466,0.7414279,0.42458776,0.5493298,0.35705975,0.08873227,0.15520217,0.18458658,1.0807537,0.19361258,0.070017256,0.16174729,0.3695819,1.9915421,0.55659485,0.0,1.3426403,1.0917279,0.7521369,0.31364432,0.005381658,0.05441873,2.4501455,0.2987147,0.054337345,0.38368332,0.119268574,1.4257112,0.2636715,0.1581883,0.32467505,0.1513893,0.5889647,0.6885216,0.05974848,0.008617753,0.2761388,0.21685423,0.6797189,0.07694029,0.48446774,0.34656638,0.014513282,0.0735575,0.29164866,0.15483256,0.31096163,0.025108088,0.07595241,0.48979822,0.20881484,1.2092493,0.16934709,0.3248154,0.34575164,0.15375158,0.39013255,1.7241182,0.064638056,0.9820581,0.63797504,0.6331628,0.12237134,0.33284828,0.32843965,0.17773527,0.11263206,0.0,0.032588124,0.14381512,0.0,0.21788062,0.3707199,0.17786139,0.11915263,0.15580662,0.5313643,0.10990523,0.9169629,0.061709937,0.046869278,0.089390315,0.1502864,0.4028176,0.20420781,0.062708825,0.4324589,0.0,0.031196253,0.08424222,0.023902815,0.38812622,1.4001558,0.5051694,0.07683694,0.5323322,1.5821121,0.61626714,0.4275438,2.2197733,0.8401091,0.4557476,0.09187755,0.113220066,0.4282615,0.036979876,0.28910992,0.4645026,0.8792877,0.52874917,0.07392173,0.7848367,0.17709121,0.7156143,0.17595993,2.2762048,0.23476662,0.124102734,0.7256951,0.26847744,0.4060119,0.07413722,0.17326564,0.5384532,0.12922359,0.32551637,0.54302263,0.042314805,0.5680773,0.21278732,0.24787605,0.029983787,0.57320833,0.0045207324,0.15356477,0.29939073,0.062928386,0.051696945,0.43221772,0.21108763,0.520939,0.020152405,1.52484,0.10286672,0.2960006,0.3487155,0.12549075,0.0032354218,0.19197072,1.1688094,0.024201183,0.46047083,0.028894378,0.5132173,0.14403495,0.36636135,0.65920055,0.113133974,1.8372828,0.1333767,0.002213656,3.2152872,0.123744644,0.86438906,0.24373735,0.20114906,0.001968332,0.0036420985,0.14611813,0.48758462,0.86130524,0.26722512,0.12626958,0.14571288,0.036969967,0.114097,0.2091775,1.4086269,0.70674974,0.14950155,0.32177046,0.018983196,0.22585425,0.028228326,0.039246827,0.2446702,0.16419004,0.121571735,2.0449386,0.013419574,0.051995255,0.016199697,0.6246571,0.0992989,0.21209824,0.9571094,0.62959707,2.1707122,0.18130113,0.0854824,0.48677406,0.3053013,0.0,0.7552427,1.3920699,0.010629301,0.6406632,0.6466196,0.15661222,0.9455452,1.0363151,0.9669401,0.3668471,0.634582,0.10789472,1.1605997,0.32597592,0.03782463,0.33419913,0.055101287,0.00921573,1.1062508,0.037984055,0.9633454,0.13684708,0.01717752,0.38893178,0.45375443,0.02964478,0.38808885,0.32086894,0.9633029,0.49399644,0.08433989,0.7784022,0.19827391,0.16885991,0.22765683,0.29744646,0.17258842,0.14257608,0.06253279,0.22182582,0.6859126,1.585248,4.0109134,0.063360445,0.039844926,0.095149934,0.4792907,0.6891501,0.54054666,0.24574776,0.3536455,1.0578777,0.25566092,0.007126216,0.3911157,0.3035474,0.0015689543,0.24242748,0.8341558,0.17636521,4.278443,0.26084363,0.82279855,0.4579317,0.42323336,0.037349463,0.18247521,0.31175408,0.723007,1.0440227,0.1280329,0.06456935,0.90494424,0.11662315,0.7141998,2.2851012,0.061638635,0.09094575,0.5618081,0.021681769,0.42367515,0.0013286963,0.21351421,0.103158444,0.0051947455,0.68017095,0.1859199,0.06702963,0.35799775,0.4634882,0.062193245,1.3519074,0.6745535,0.32085124,0.21691452,0.39706522,2.104889,0.0014032649,0.56500053,0.6548923,0.05807217,0.034125697,1.0540569,0.5521444,1.9903947,0.6456704,0.20145994,0.31675062,0.0010520242,0.6358187,1.6178569,0.1115936,2.054495,0.1012545,0.09118678,0.06662889,0.58642024,1.2118726,0.21805276,0.0,0.69150794,0.28710666,0.23914509,0.26693535,0.53056955,0.089998975,0.27033958,0.062063508,0.86590105,0.14825064,0.19865711,0.14027338,0.29838434,0.4372733,0.9860648,0.648151,0.7056509,0.11789437,0.23698924,0.24022159,0.099568315,0.20956466,0.39473307,0.0019288659,0.001214746,0.35901368,0.21113645,0.07648263,0.07397893,0.64690006,0.14664967,0.29971194,0.6655712,0.86243516,0.291845,0.12091457,0.011536632,0.6395711,1.6361476,0.23429912,0.28591782,0.13264212,0.7501465,0.15882112,0.34938,0.14249617,1.0569595,0.27980003,0.26572865,0.16617821,0.054606114,0.18839371,0.5449725,0.27603376,0.32482323,0.62100875,1.541174,0.0,1.0741539,0.07147644,0.10460835,1.4443737,0.025136312,1.0294862,0.33668938,1.1573029,0.0,0.4409972,1.4328588,0.36446354,1.1174905,0.26220372,1.5696317,0.62144315,1.1503483,0.7412169,0.13835354,0.02856718,0.55090326,0.44851917,0.15390389,0.39053586,0.074795514,0.7777171,0.71480495,0.1774299,0.32482857,0.20341685,0.3464649,0.78375,0.42451683,0.08838871,0.55095917,0.48472512,0.4743397,2.8945928,1.7468934,0.1456829,0.45861226,0.2335673,0.06438921,0.19358604,0.26862162,0.6135414,0.015395435,0.14955392,0.03890268,1.4741898,0.11473539,0.25136268,0.085734345,0.06099908,0.7937908,0.27043304,0.03375071,0.060967512,0.4372135,4.2545084e-06,0.6361412,0.04927608,0.24381778,0.31621704,1.8459504,0.11134866,0.7516468,0.05625287,0.29530117,0.80068547,0.23835228,0.21937062,0.16718549,0.8852648,0.4394533,0.1546682,0.35940728,0.021099912,0.24523331,0.5627852,0.046945658,0.11114503,0.58830255,0.5651446,2.395321,0.52858454,0.08392544,0.7323108,0.53155667,0.080304645,0.050687987,1.6195467,0.22631842,0.0066391095,1.1201893,0.6427813,0.9346569,0.4533002,0.4515966,0.070788644,0.84346706,0.010668229,0.32892862,0.96904176,0.55153024,0.49136874,0.015547726,0.009280992,0.0725932,0.094421655,0.2091397,0.71207565,0.3264736,0.0007298056,0.094260156,1.5845731,0.014970128,0.60890275,0.12056069,1.6803768,0.61411715,0.5370954,0.034693368,0.676542,0.112779334,0.06857759,all_pothole_images\pothole_images_enhanced_f0408eeee1d8b530c2f85fc421e8c585.jpg
0.6525747,1.1263633,0.41269225,2.0390265,2.8685613,0.77160746,1.2067366,0.69324,0.53263,0.39169043,0.17495425,0.6682599,1.0102452,4.2382355,1.5028796,1.4791964,0.02832454,0.26055157,0.40576693,0.5789798,0.9545805,0.71103287,1.1280414,1.3698845,0.29747063,0.24787718,0.045868624,2.1496098,1.594329,0.15338734,0.8437049,0.3393796,0.86851335,0.6288875,0.28174597,1.5117238,0.83487,0.36116993,1.1070651,0.10871918,1.3719155,0.23733777,1.6994433,1.864166,0.9944322,0.9580536,0.0012203804,0.0,1.0524285,0.14247063,1.6627408,1.5297401,0.42693436,1.3257769,0.3925143,1.60826,4.453357,0.009405054,1.2794074,0.36409634,0.5139764,1.7304033,1.7092339,0.20044765,0.34762296,1.1454506,1.2179147,0.2327284,0.19712195,0.34575236,0.43758857,1.2999898,0.6812434,0.56779903,0.69439596,1.0575563,0.5554607,1.2376788,0.11249148,1.0049621,0.5632968,0.03264274,0.02935209,1.7023692,0.5284614,0.44400436,0.4223723,0.2579853,2.7806134,0.1722989,1.1123065,0.5284376,0.13715781,0.3057287,1.3895566,0.1295182,0.17321645,1.6932398,0.36225072,1.085875,1.1202844,2.9551218,0.5284105,1.1835781,1.0701388,0.44531128,1.2423984,0.23726046,0.20794111,0.75947034,0.60956115,1.0858686,0.5353769,0.31604737,0.751268,0.11953957,0.80023307,0.23781496,3.204715,2.4359057,2.2345433,0.25867873,0.28743064,0.9202505,2.8144424,0.35660723,0.61168736,0.64842427,0.66581553,0.70102084,0.119781636,0.18862051,0.44417655,1.6005427,0.22638476,1.6131959,1.2270907,0.39792475,0.41565257,0.26641598,0.9145974,1.8514615,0.48622474,0.9315668,1.8405493,0.30039597,0.35773727,0.22043683,0.9704339,1.4194362,0.7042069,0.6869867,0.9066278,1.1055341,1.1488513,0.12719567,0.7047358,1.1248817,1.5970232,1.3534596,1.1486316,0.56631136,0.20549701,1.4294318,2.2953446,1.4701579,1.8643537,1.185665,2.1401453,0.18073767,1.3834543,0.3502031,0.7637015,1.1814432,1.6316643,0.05426786,0.71038926,0.34001577,0.09979583,0.9965706,0.023578402,2.9577863,1.7776822,0.7575319,1.1881746,0.6986639,1.6871412,0.92966855,0.05864039,1.0837823,1.3296001,0.89502573,0.08943432,2.910906,0.10916556,0.28646582,0.7733705,1.7037468,1.0837896,0.029178448,0.3324346,0.7426057,0.94089264,0.7241815,0.18282129,0.32012877,0.09642313,0.25296116,1.4675324,0.46798587,0.15800647,0.6201945,0.7243541,1.5253242,2.3780098,1.9198636,1.4921327,0.18816015,1.4931421,0.13651761,1.3285171,0.030220224,0.77289104,0.66478324,0.15359169,1.2504535,2.7153468,0.3871029,0.6347862,0.037336838,0.7242276,0.77345526,0.24522711,0.14055054,0.9739436,0.6005083,0.23527719,0.01989774,0.19135024,1.3339198,0.790372,0.2421191,0.25174043,0.256576,0.38393712,0.086319804,0.50167394,0.085341975,1.3946105,3.3840954,2.9798152,0.23422003,0.11408021,0.04283099,0.9000065,0.25906566,1.0396888,0.23173799,1.9222534,4.1670647,0.40726483,0.16178042,0.64328635,1.0500523,0.91520095,0.380428,0.29138073,0.88849324,0.5237308,0.12407373,0.058071524,0.26431942,0.48594618,0.3874844,0.799715,1.9338211,0.4581292,0.26348615,1.9210217,1.048922,0.2345815,0.39515528,0.28934088,1.2572494,0.22361313,0.76664007,0.668559,1.0033844,1.2754526,0.07576549,1.331164,0.5798779,0.8750324,0.48530683,0.108970754,0.9564704,1.5697429,0.61847174,0.2985581,1.1661999,0.0,1.7458231,0.6255189,1.2611196,3.2851393,1.4166336,0.78653264,0.32448456,0.6743639,1.5299606,0.17501915,1.0127884,4.791903,2.3042285,0.15199694,2.285881,0.24563694,2.0889149,3.6978986,1.010955,1.2618055,1.0090698,0.03419811,0.33746377,0.6717738,1.1704965,0.09612099,0.5299109,1.2762245,0.39779794,0.7713537,0.04785052,0.18651666,0.48071194,0.81763244,0.5340648,1.1416929,1.5367142,1.0755658,0.8626441,0.2877576,0.4077824,2.9885843,0.046179697,1.7314229,0.20387182,2.060757,0.19073819,1.1716498,0.22733602,0.3158946,0.18855476,1.2433267,0.49382758,1.2035116,0.0827289,1.1578015,0.10488851,0.35495672,0.25820148,0.23557161,1.20973,1.888782,0.8702426,0.14913434,0.032234576,1.9757565,0.00036016776,0.30627516,1.1737115,0.24733087,0.40504712,0.9360353,0.85878676,0.72789955,0.92844796,0.5890176,0.6465352,0.5999813,2.7454035,0.09303358,0.283693,0.7128839,0.59873784,3.2990634,1.2149502,3.0434468,0.14194356,1.0507131,1.7045076,0.5030385,1.2616087,0.35336462,0.6204575,0.50538605,0.3404954,0.8197541,1.198323,0.9781027,0.38408524,0.784138,0.074245274,0.82781386,0.88071126,0.5877094,0.6525162,0.4453602,0.9585137,0.32765833,0.31050444,1.1842643,0.9402358,0.29601115,0.48840454,0.6144948,0.5697594,1.030183,1.3502527,0.19512911,0.42197037,1.2094182,0.43171304,0.69863594,1.6652838,3.1058476,0.51139575,2.6141,0.4847023,0.5300312,0.10848001,1.0331998,1.1940228,0.9852582,0.9764919,0.011676708,2.122649,1.4103764,0.7273334,0.960856,1.6571463,0.6753049,1.1484413,0.2595951,0.15899254,0.38234353,0.21401015,1.8517568,0.25077176,0.64023614,0.3391901,1.5827556,0.017625215,1.4441494,0.5911689,0.7012634,1.6402947,2.3214605,1.1547673,0.90658194,1.6515031,1.4645787,0.16686916,1.3014007,0.39382923,0.6094955,1.0940622,0.0132676335,0.4472368,1.2134707,1.007749,1.86543,0.5069998,0.4264683,0.07553352,0.693582,0.14199698,1.338072,1.0335308,0.7423813,0.31942445,0.91904074,1.3807486,1.405182,1.724102,0.0,2.4388957,1.1018958,0.16542587,0.7080793,1.6608835,0.050343614,1.7341015,1.4329104,0.2161423,0.04846231,0.56617695,0.5677547,0.32939,0.056258492,0.5248247,0.095895976,3.0425355,0.6561353,0.26073092,0.5040814,1.4772406,0.0,0.615804,1.1703956,0.33860722,1.3290728,0.33874357,all_pothole_images\pothole_images_enhanced_f056da5e12253a39ec3aeb1b8b401e46.jpg
0.07088041,2.2031345,0.83410776,1.3579355,1.0740397,0.17318416,0.5899212,0.8500336,0.0069530527,1.0176888,1.0775731,0.36189064,0.2575282,2.0086946,0.09024006,0.608428,0.519828,1.3065791,1.084658,0.47151175,0.22558352,1.1308589,0.73923725,1.9839535,1.0021348,1.1155734,1.0483309,1.7196493,0.58502424,0.20650403,0.8055163,0.54945844,1.5897675,0.16624127,0.98735076,0.91732204,0.55397207,0.9113933,0.2840638,0.52191573,0.16525525,0.38538653,0.8309729,0.6287642,0.7471073,1.3646184,0.0070974156,0.0,0.78993195,1.17743,0.60762465,0.23430504,1.354181,0.8553498,0.23480633,0.6967276,2.2637584,0.1039284,1.141246,0.16602033,0.09116189,0.8152733,1.4321254,0.08266724,0.972195,0.49419585,0.14885496,0.1603409,0.06851883,0.85191274,0.44050485,0.0837802,0.0925418,0.16405173,0.75402707,0.42751184,0.24224186,1.0269852,0.030661806,0.4148641,0.04466376,0.10481558,0.2934513,0.39370582,0.47443938,0.3565028,0.6165629,0.08429118,3.2124615,0.24842764,0.15050897,1.9518191,0.35563087,0.1725778,0.07953757,0.07793703,0.5474726,0.89995426,0.5915691,1.5702709,0.14938234,2.6873565,0.08187072,0.1462505,0.5150311,0.926261,0.046871703,0.2477355,0.003917555,0.5095719,0.13115776,0.71485424,0.020619385,0.7121944,0.7488748,0.51955724,0.7156036,0.061864015,1.1636856,0.41997567,2.0843275,0.9589356,0.2904436,1.1655893,0.7838735,0.38980046,1.1275789,1.0641748,0.16615449,1.8477945,0.5763635,0.21991019,0.38595405,1.1921785,0.0649275,1.1780487,0.43227246,0.46737856,0.81708515,0.40476733,0.7492833,0.58317643,1.426546,1.1337392,0.84997463,0.76461816,0.33262438,0.6605218,0.9052207,1.2428349,0.98517644,0.79330254,0.0127967615,0.47124842,1.5017967,0.3847262,0.8700209,0.102340095,0.44910803,0.77733266,2.41804,0.7928374,0.16321263,3.4998412,1.0401356,0.12556627,1.8614762,0.13966542,1.7663198,0.46136737,0.66381335,0.08821438,0.37548298,0.022380415,0.55466634,0.14954421,1.2978231,0.2580317,0.21912672,0.32053745,0.14520514,1.0628488,2.5882716,0.7413973,0.9640025,0.52578366,0.522133,0.31938767,0.16921788,1.3711575,0.44075993,1.0524971,0.47676158,1.5262822,0.13865851,0.25877002,0.28020516,0.40224728,0.58293283,1.1893079,0.32715777,0.5854541,0.8877655,0.7506483,0.22752202,0.8390809,0.13888891,0.7887296,0.7823934,1.4618953,0.3605795,0.99693143,1.606341,1.3475131,0.6038555,1.2537147,1.8072675,0.000112322385,0.9592016,0.4587933,1.1303655,0.3951462,0.41603106,0.5856585,0.0033979001,0.34123325,0.8605086,0.47721064,0.28681237,0.7808306,0.8009961,0.95014775,0.4976511,0.41405168,0.10271401,0.06339485,0.84980696,0.16191764,0.15635964,0.09096559,0.5734418,0.010766431,0.2381617,0.314171,0.058748603,0.012944373,1.2030638,0.53143495,0.53280824,1.9463503,1.721981,0.039939888,0.18918873,0.31909943,0.029326338,0.79186743,1.1599078,0.12155648,0.94427085,1.9335145,0.6491575,0.10313791,0.40022486,0.74136555,0.5311703,0.57926506,0.29982126,1.0860325,0.6349351,1.010533,0.4580099,0.05226708,0.38335752,0.6463833,0.02803762,0.81474435,0.38168335,0.39385864,1.1809939,0.44630343,0.24868533,0.20094246,0.34811085,1.1405318,2.0086083,0.23274538,0.48938563,0.6025813,1.2696061,0.1555288,0.50415,0.46088818,0.045693204,0.20269461,0.9031645,0.7694157,1.2835001,0.5012395,0.117363974,0.6264471,0.32642573,0.102104954,0.28566664,0.52223116,1.9973041,0.7992551,0.0013846122,0.7073611,0.6492049,0.4769329,0.5810952,1.7060466,3.1309075,0.79301435,0.2611923,0.18262142,0.3846862,0.17044386,0.67223436,0.55385476,0.17564516,0.7874639,0.012062535,0.8006364,1.6750941,1.6409905,0.29276344,0.20893143,0.705435,1.2969228,1.5753629,0.18853235,0.86372125,0.300295,0.27905592,0.14691167,0.57020414,0.34921685,0.13606179,0.11146576,0.7109741,0.64029187,1.8482296,0.026313769,0.6869509,0.0811419,0.28367487,0.013424764,0.9726413,0.71614975,0.22246748,0.47475728,0.3097368,0.5696815,0.07031858,0.103643656,0.512616,1.0990249,0.31898215,0.38937703,1.0630714,0.7745362,0.558041,1.3077483,0.37354016,0.3068676,1.578002,0.45663527,0.22931781,1.279092,0.9112943,1.4230359,0.73425454,0.53700846,0.97864825,1.315607,0.0109210815,0.3553501,0.038922008,1.2763122,0.055273954,0.14932144,0.7053534,1.1243192,2.1632714,1.4224716,1.7930142,0.9259474,0.40282735,1.8216001,1.6417681,0.6963599,0.2909408,0.7620786,0.05365169,0.08525854,0.9020371,0.8515224,1.6829284,0.08000391,0.4860698,1.2138122,0.20740505,0.8498992,1.0611144,0.2951955,0.2811952,0.46828663,0.51037884,0.2122555,0.22617875,0.5468188,0.7467555,0.49415302,0.0895884,0.12968463,1.6334478,1.769423,0.62058586,1.016661,1.5011094,0.41632035,1.5142803,1.4881598,2.5611637,0.23377903,1.0893399,1.1936146,1.0357001,0.58953434,0.48380914,0.43280247,0.11413665,0.82465804,0.26544988,2.2288628,0.9882585,1.3168436,0.274687,0.39408952,1.6571182,1.0628079,0.052687988,0.14581972,0.3009522,0.5459033,1.8444226,0.64165306,1.5262604,0.23519531,0.9121372,0.9990996,0.98794055,0.2854443,0.74718195,0.7621442,0.86444575,1.2503837,1.1694723,0.17588565,0.62113786,0.9750931,0.54993546,1.4348314,0.15800858,1.0777099,0.55276924,0.42158866,1.25734,1.0877211,0.7201031,1.3270507,0.26934227,0.14399739,0.1934344,0.19168861,0.40834886,0.58249515,0.70826834,0.05338591,0.95315844,1.3604702,0.8572942,1.2077769,0.051223006,0.39147177,1.8427591,0.02951561,0.6227644,0.2638213,0.43883255,0.99230933,0.08805836,0.34134617,0.11351211,0.05911691,0.14747755,0.2682916,0.04668214,1.0151513,0.09358935,2.0888283,0.07286746,0.86985195,0.28948686,0.048740078,0.005572193,0.46305346,0.13437787,0.30670694,0.25079268,0.5373756,all_pothole_images\pothole_images_enhanced_f08bcced95557c4bc60f151ec294a953.jpg
0.40869105,1.907571,0.16512568,2.2417073,0.21250366,0.20422976,1.1117395,0.13089922,0.62676615,0.48031247,0.14122036,1.3952149,1.1425201,2.087932,0.42557594,0.51944715,0.3300061,1.0491258,0.8560366,0.5025704,0.7772557,1.3082558,0.8622833,0.082184866,1.7767069,0.44573066,0.88951874,2.8612816,0.32299677,0.00030913937,1.2218221,0.11910051,0.46038124,0.013597571,0.25432578,1.0500561,0.092877276,1.1966401,0.8125358,0.21247973,0.0075743767,1.0623064,0.1226043,0.37585834,0.36583093,0.033053465,0.90890515,1.0085144,0.0,0.099085525,0.026814142,0.13574135,0.37523264,0.21303517,0.025348974,1.8995332,1.0225918,0.07667246,0.28821784,0.27530783,0.554392,0.24295756,1.4306093,0.2859045,0.58702624,2.3763196,0.19344063,0.19904178,0.01568982,1.1896096,0.12541421,0.09211112,0.0,0.014803923,0.0349224,0.052366234,0.24658677,0.16257651,0.00036109437,0.19281138,0.41967025,0.0,1.0791432,0.93916905,0.33786842,0.04694485,0.23283838,0.0013454708,0.7457629,0.0044561643,0.083510034,0.586635,0.029740635,0.22032772,0.39852536,0.016575368,1.2040975,0.5039499,0.66535294,0.46471658,0.39541134,3.2918687,0.69761926,0.12810147,0.5326427,0.09125535,0.14757761,0.20555645,0.033307213,0.31669083,1.6066743,0.5758737,2.5304656,0.17422225,1.0373852,0.0535458,0.04082956,0.033760995,0.13458614,0.11257874,2.1586068,0.008196569,0.3647927,1.548512,0.7980459,0.77536416,3.9948313,0.22480495,1.3427938,0.057880066,0.6089992,0.14221053,0.0,0.2898975,0.80532736,1.3443705,1.5686178,0.025370002,0.51635915,0.22355668,2.5671036,0.084238656,0.6823374,0.70975703,0.23868008,2.013431,0.13991454,0.8214575,0.20974083,0.061805476,0.9324219,0.9393021,0.0293481,0.038936347,0.22351958,0.010237724,0.34411183,0.0683566,0.7445499,0.31864005,0.9127766,1.2096127,0.06646461,2.478786,1.362256,0.6421876,2.3695924,0.69030076,0.9130267,1.5018028,0.7465096,0.20786266,0.0013837079,1.4250784,0.31712067,0.061189797,0.9612788,0.6964611,0.21085563,0.5256978,0.07722822,0.7393545,1.9626706,0.02244766,2.5333672,0.00954237,0.60184425,1.0534264,0.10277368,1.0339876,1.0179002,0.34552476,0.0,1.6643625,0.32368648,0.0,0.26123756,1.5148252,0.076153815,1.0707476,0.32716298,0.58924156,0.60113364,0.9318757,0.15516292,0.0542049,1.1323712,0.35271803,1.1718915,1.0057456,0.0,0.5942288,0.85767645,0.09235737,1.5657041,0.7400293,1.0224535,0.8366722,0.7151629,0.31070048,3.108467,0.21302554,0.38231546,0.07613154,0.0052497745,0.19763276,1.8662405,1.108983,0.7889971,0.5697454,0.034091953,1.4644827,0.74226505,0.003376826,0.2724528,0.02400411,0.77729446,0.2080017,1.0463003,0.24821317,0.041383065,0.012099509,1.0723304,0.06903281,0.3576749,0.38394383,0.48203743,0.2803033,1.7112108,6.6650715,1.8329461,0.4400828,0.18026322,0.06547949,0.04244156,0.40617853,1.5962478,0.36293072,0.2397765,2.6550825,0.08313145,0.1926411,0.29774454,0.24650857,0.21413697,0.6383812,0.82471186,0.83247155,5.4569564,0.3943919,0.3032573,0.7451247,0.16816501,0.3154065,0.4667708,0.7227461,0.01804152,1.2672268,0.29278144,0.6210803,1.2904259,0.021825148,0.6700316,0.7759566,0.34141237,0.14916481,0.33608952,0.2899979,3.621506,0.21725349,0.011772562,0.3192401,0.19933137,0.17654707,0.09161338,0.71990013,0.12615426,0.7455779,0.3406379,1.6204818,0.07717454,0.17893524,0.81503344,0.021921488,5.0667996,0.004887429,1.1743287,0.020416534,0.10981951,0.8869375,0.17145121,0.97432876,2.2031467,0.69749737,1.7837356,2.4002426,0.22807175,1.2858008,2.7451448,0.36062434,0.0,0.0089850025,0.40266284,0.8451594,1.0930037,0.045127142,0.23368476,0.0,1.4206433,0.35803965,3.3519514,0.1938169,0.037131887,0.5446032,0.037100602,0.0,2.0807586,0.2173659,1.361235,0.11379351,0.076636456,0.42236152,1.2090753,0.6485409,0.9979404,0.7134183,0.5891816,0.3004534,0.252997,0.8674145,2.7553113,0.058405988,0.58541507,0.72755,0.47843412,0.035723846,0.13060547,0.876621,0.0020256012,0.068276875,1.229352,1.5110427,1.0323347,1.085218,0.015064971,0.0,1.487968,0.047060657,0.09139541,0.99875396,0.25469437,0.009498811,0.16103439,0.10659801,0.13468274,0.20747264,0.01133152,0.8797051,1.0050681,0.393382,1.2941022,0.33535364,0.30313253,1.3216358,2.122298,0.3056753,2.9159791,0.04720136,0.21526586,0.4477107,0.67823154,0.27619082,0.03883815,0.22228439,0.0971823,0.6417364,0.06854999,0.40032348,0.022861348,0.7570039,0.38514662,0.5813385,0.58141637,1.0240206,1.2385898,0.1795423,1.0360283,1.1367612,0.10769114,0.64012045,1.57682,0.7182701,0.020124553,2.1925921,0.80642164,0.6054689,0.8227618,1.0231861,1.5502045,0.54975224,3.2043817,0.005834347,0.6152667,1.0814173,1.7704906,0.061911,0.25629416,1.0255198,0.7540398,0.143101,0.5717327,0.29599836,0.0030242216,0.22157635,0.009043543,0.88140136,0.022950428,0.7170419,0.20979623,1.4648,0.32334518,1.4143891,0.2267954,0.0006841785,0.34021708,0.01304923,0.74769896,1.9519382,0.32278544,1.1658269,1.9741242,0.21238436,0.6225069,0.21637014,0.07342886,0.57455635,1.511934,0.081514604,0.04118557,0.16731627,1.949235,0.039983105,0.019564858,0.19206692,0.29840556,0.50502205,0.01288413,0.0,0.08294151,1.4338976,2.351985,0.6434468,0.21626341,0.4623413,0.0694442,0.06914836,0.87665725,0.6823109,0.7025922,0.26979673,0.15017043,0.5772557,1.151947,1.6542025,0.0,0.4617507,0.25924236,0.07673276,0.3842933,0.1083621,0.041202217,1.791814,0.035288777,0.99047863,0.0017466178,0.31662294,0.1179786,0.060073584,0.37879708,0.05598321,0.8695062,1.521843,0.33416373,1.086176,1.5718405,0.91430897,0.7487669,0.06671362,0.07675408,0.12599216,0.10270631,0.32614052,all_pothole_images\pothole_images_enhanced_f0f9daabf85f3ceb6218a01bcb9fb59a.jpg
0.8597666,0.7787044,0.15009487,1.1182555,0.6078123,0.33562523,0.31610882,0.743582,1.2435849,2.1600447,0.44046044,0.43018916,0.20031841,1.106453,0.013758282,1.005919,0.42785707,0.49423662,0.18332806,0.7818012,0.43259358,1.1099876,0.7883967,1.7424545,1.1314032,0.7839544,0.40931568,1.5401746,0.39792028,0.9975019,0.17333063,0.3023965,0.44940582,0.18465385,0.660261,1.0880549,1.1195229,0.5252221,0.32832342,0.2105744,0.033172697,0.61416227,0.23280986,0.115509674,1.7548335,0.45533448,0.11986253,0.1045757,2.813119,0.20628119,1.1235242,0.3757532,2.1705737,0.367708,0.19666259,1.4320577,1.4291993,0.2969903,0.0706047,3.0540102,0.32322508,0.61518717,3.3860505,0.89452934,1.2328857,1.3106763,0.21161799,0.104186915,0.14909275,0.15786746,0.37858987,0.8981901,0.0,0.71417314,1.1329958,0.41165906,0.23901793,0.92945546,0.00021000754,0.6040102,0.33004722,0.95313853,0.51950806,2.069194,0.14507772,0.41826147,0.41118762,0.15096267,2.0816607,0.32793197,0.43573752,1.83309,1.1654916,1.124739,0.49555913,0.22439201,0.8496321,0.7706745,0.4361303,1.0578803,0.38239992,2.2175775,0.124577805,0.54245454,2.0217488,0.2004822,0.5481606,0.70386857,0.52480125,0.6445502,1.170729,0.5096487,1.5340253,0.35304615,0.39701337,1.1716821,1.3676238,0.2189032,0.89248633,0.56112427,1.7436079,0.41318136,0.96362954,1.1374879,0.6942674,0.6464736,0.41370127,0.6571567,0.4208529,0.5735326,0.6036231,0.75798887,0.9071582,1.014448,1.0340847,0.5322526,0.48118544,1.4920931,2.461492,0.16865064,0.4399113,0.21395098,0.54581946,2.969625,0.40461406,0.76955706,1.049371,0.014177016,0.277603,0.24576347,0.2239614,0.24034654,0.85119855,0.18499209,1.6260493,0.56014377,0.12328972,0.3140371,0.02394272,1.7699348,1.3040202,0.26479584,0.47307137,3.5569592,0.48380095,0.5618933,0.88964236,1.9250829,0.960336,0.95272654,1.1961836,0.007137337,0.9075547,1.0990177,0.58152884,0.27593997,2.6229777,0.23767263,0.16230552,0.57600486,0.95787257,1.6452738,1.4669267,0.4120566,2.3638806,1.411712,1.4633303,0.51643366,0.54661024,0.4226729,0.77875173,1.3481688,0.5730329,0.7844523,0.6074562,1.2495286,1.2114792,1.0862261,1.0294919,0.6072334,0.15390244,1.7484717,0.21000414,0.38071814,0.6075326,1.0176475,0.25722525,0.3070613,0.5451046,0.12949565,0.25667346,0.014938288,1.031726,1.4707714,1.3422123,0.12769674,0.5134697,0.6724775,1.1123492,0.23580742,0.7180723,0.3955574,0.77617645,0.34697443,0.0,1.8052208,1.5718212,0.08334707,2.301216,0.23854528,0.54605186,0.44621536,0.0026166027,1.6589113,0.5443787,0.6701725,0.52625793,0.62530845,0.38312206,0.2611818,0.66277564,0.03127487,0.088492274,0.4079488,0.589055,0.109098785,0.5383586,0.8522621,0.45409185,2.7158499,2.1845758,0.310101,0.24243024,0.34363928,0.6731038,0.24883036,1.3961939,0.7112901,0.7569021,2.3639934,1.302585,0.6388365,0.521568,0.32778874,0.5419918,0.0956933,0.07075546,0.14963181,0.43029428,0.97275174,0.99023503,0.21558018,2.729227,0.43397164,0.9506079,0.83428776,0.16332754,1.4823333,1.2390596,0.084700204,0.22283626,1.1971679,1.3811946,0.14945328,1.8377066,0.22616145,0.79068273,2.3036878,2.365543,1.4546976,0.3341244,0.46505195,0.11085321,1.1382861,1.7516915,2.5569053,1.0693961,0.9602657,0.7127322,1.4475629,0.8767284,0.74860054,0.0028646025,0.6932667,3.3641152,0.24548662,0.39130408,0.28850052,1.7634704,0.18414924,0.04020672,0.29243702,3.6097007,3.1082706,1.0045142,0.23121385,0.45643175,0.5884464,1.8036933,1.0913798,0.43241385,0.45868582,0.80445546,0.37519088,1.7522019,0.70390487,1.3601111,0.997559,0.4113149,1.6166215,2.7079935,0.95928764,0.2551501,0.51653564,1.40313,0.281825,0.48608798,1.5445608,1.0054243,0.21959919,1.3749363,1.3925496,1.6246073,0.90174085,0.6246407,0.20847264,0.33894995,1.0919052,0.538812,0.46859416,0.09252554,0.23640864,0.40067825,0.938238,2.2090764,0.0465398,1.185148,0.50147986,1.9521074,0.71917146,1.8523326,0.09401091,0.0355702,0.6334723,0.10157472,0.25901163,0.6857356,0.8362123,0.26270273,0.90574217,0.3187323,0.4259859,0.40520376,0.5972745,0.36201897,0.53601336,0.21901251,0.24226208,0.32320926,0.88264215,0.90107024,0.17549747,0.1261236,0.36064392,2.5847127,1.3178141,3.5973809,4.3245907,0.4391008,0.83038265,0.49971685,0.11481956,0.8675017,0.41282216,0.7712451,1.7191986,0.014105716,1.354216,0.53998697,0.105737,2.2430904,1.3356872,0.41609946,0.77508837,0.4986775,0.5729464,0.67336833,0.830009,1.7464898,1.0495577,0.45961714,0.10116889,0.13439797,0.2930233,0.47242,1.3551149,1.0270659,2.7300916,0.5043186,0.7379438,0.30259708,0.12771524,1.2186594,0.34272692,1.1697998,1.0937696,0.42837536,2.8224761,1.9003311,0.79123545,1.2570696,0.3293181,0.09640316,0.5380897,0.7570763,1.5916809,2.9784958,1.6028198,1.8761979,0.74760413,1.5471346,1.2188718,1.3725815,0.091457844,0.18903522,2.4513905,2.7294376,0.87777054,0.30295503,0.10024364,0.5736277,0.23542964,0.9497414,1.086105,1.2860498,0.347369,1.043194,0.6084311,0.16947056,0.71935534,1.211076,0.25800827,1.0658298,0.25948134,1.466468,1.2125343,0.022301868,0.01697418,0.13713926,1.4922856,0.57361585,0.61005986,0.33337238,1.1419713,0.8270901,0.3650309,2.3131886,0.58826834,0.7888682,0.6244666,0.2827964,1.4688232,0.7006789,0.44033295,0.059895523,0.5613397,0.9097877,0.22353067,0.28438818,0.19360815,0.2489369,0.5391395,0.37456125,0.080315806,0.12716715,0.052679256,0.21683732,0.20139544,1.0851948,0.1100105,1.4654193,2.1004953,0.18599258,1.4164021,1.1950388,0.5919,0.0077939713,0.33227223,1.4076258,0.43202314,0.80414706,0.9866405,all_pothole_images\pothole_images_enhanced_f13461133ec498958f9871f7677a07a2.jpg
0.2507104,0.1471733,0.07799171,2.2423325,0.7768946,0.53783137,0.21886986,0.004937315,0.34583002,0.25755742,0.08242179,0.5192207,0.31934845,1.0072078,0.12927948,0.2793242,0.18780196,0.38203344,0.46418786,0.0,1.2526648,1.7080312,0.14111683,0.95449436,1.1912322,0.10698427,0.06978754,2.2718978,0.06093382,0.11680722,0.16628414,0.39530423,0.21856302,2.0074463,0.8439181,1.8276141,0.5847667,1.2572385,0.35897192,0.06800111,0.023997353,0.010812962,0.19873627,0.63298845,0.45021433,0.9130374,0.22504072,0.01200276,1.149022,1.4210007,1.3100618,0.07164691,0.06576078,0.046455834,0.15978651,2.7421162,0.37109756,0.3595876,0.11706518,0.1782411,0.05975909,0.1480988,0.8786654,0.19766624,1.8203695,1.2168505,0.81271327,0.0024458955,0.5700897,0.20558524,0.53261715,0.0013231015,0.73080456,0.46133265,0.7722962,0.0646679,0.16195574,0.88474363,0.086546116,0.0984709,0.18578269,0.07586466,0.5325597,0.4443353,0.8223252,0.019424297,0.04757948,0.18753484,1.8152511,0.40278625,1.4739112,0.24525167,0.015392476,0.3027011,0.035360083,0.17610887,0.5647027,0.97134554,0.055274155,0.7446875,0.2887801,2.0096846,0.561989,0.084153935,0.38977993,0.85881144,1.7461479,0.1615975,0.2515512,0.3152076,0.18348114,0.67059004,0.20224483,0.5678213,0.57659614,0.53895015,1.2190939,0.36246583,2.5112793,0.99113697,1.3234655,0.35457143,0.16863462,1.1804693,0.54343235,1.1019797,0.059460003,1.8987052,0.5680797,0.3475545,0.5045778,0.0,0.27909338,0.14427723,0.025028117,0.5051705,0.6009329,1.0529617,0.27712452,0.08652673,0.1899146,0.06527039,0.05917147,0.7127024,0.07294724,1.2824414,0.44059247,0.60223466,0.10440431,0.27982932,0.019160671,0.2635245,0.32360166,0.0,1.772226,1.0872645,1.574854,0.6422307,1.8756253,1.947864,1.4445562,1.2325132,0.53153414,1.1479466,0.046168458,0.20774218,0.073127754,0.12805107,1.7505523,1.4252634,0.06544248,0.0785854,0.03806489,0.23222315,0.6500342,0.4943244,0.08931255,0.104765736,0.142964,0.21743317,0.0,4.0093975,0.70175576,1.3137604,2.0417125,1.9718556,0.43297398,0.27626696,1.2503965,0.70662904,0.17553481,0.72440463,0.61903065,1.3130683,0.10708363,0.32582143,1.152513,0.40090218,0.5314919,0.15866028,0.4357782,0.5445711,0.32376206,1.4994959,3.3734503,0.66261417,0.6828781,0.14899075,1.3221529,0.50078416,0.31541818,0.0097179795,0.4114898,0.36171395,1.5272453,0.7950647,0.6589677,0.18578753,0.31756827,0.27139828,1.062904,0.33085155,0.7777067,0.019234937,0.0,0.097016335,0.3199233,0.57294434,2.3913558,0.05788044,0.07181333,0.023295263,0.78786683,0.49922627,0.056783743,0.28669405,2.0241761,0.17414446,0.089510456,0.2916584,0.39062288,0.18247491,0.18808778,0.03245651,0.4557685,0.04994917,0.80404204,0.73315895,0.33516148,5.611176,1.0535512,0.17588674,1.0336179,0.28161013,0.07002293,0.6254168,0.4703532,0.30168825,0.3019523,2.8308864,0.32140076,0.286432,0.2856988,0.2678093,0.568603,0.6509671,0.31895605,0.54832226,0.075575806,1.071068,0.13602583,0.09325223,1.1060495,0.891126,0.6014087,0.458123,0.9398492,0.28729665,0.5740168,0.38437095,0.1973308,0.042783454,0.55227023,0.05559864,0.07661225,1.2618651,0.7788188,0.08968318,0.59851134,0.36648634,0.010279311,0.22283608,0.025463916,2.2845297,0.4118555,0.061547376,0.33154565,2.2678192,0.24627127,2.0839987,0.6877647,1.343678,0.09571346,0.4170138,2.5928125,0.40560043,0.013530205,0.43219188,0.10196537,0.9707406,1.9887978,0.92982435,2.3257785,3.2218928,0.33012453,0.25092444,0.026403533,1.1888834,3.0519283,0.0011088239,1.0143332,0.024940414,0.7078342,1.3281698,1.1397742,0.20025815,0.54193497,0.010800741,0.11926238,0.053770177,1.54822,0.27837855,0.003783152,0.0,0.15621993,0.00014939575,0.31450084,0.004178182,1.0880213,0.99059474,0.50385535,0.033374038,3.318923,0.079376236,1.2079828,0.26129112,0.006228428,0.118473664,1.6006052,0.2927403,0.71006477,1.2373339,0.0028879049,0.47465304,0.021132408,0.32474834,0.30731386,0.7671649,1.5283297,1.9471722,0.59478754,0.2608245,0.7669351,0.028596364,0.18122856,0.12928686,2.372465,0.225866,0.3083541,0.055386145,0.81894463,0.15134628,0.6977648,0.62330776,0.30057934,0.44619143,0.2749814,0.5168853,1.4304196,0.9407555,0.7937123,0.0,0.13893534,0.72814363,2.4984283,1.0244405,0.236855,0.060259964,0.44056112,1.0852727,0.13148968,0.4925442,0.08124425,0.15610817,0.021567537,0.30027002,1.7605288,0.18868263,0.2456082,0.3839187,3.2233021,1.0857408,0.19503659,0.008104812,1.4716136,0.0039863167,0.14479685,0.16382591,0.50561625,0.95347756,0.7750252,0.107052326,0.25655016,0.35737723,0.004082982,0.3265003,1.001057,0.12346976,0.28990263,0.17289467,1.9305404,0.36156604,0.06805312,1.6005065,2.6966789,0.08134832,2.2157207,0.31202886,0.07904235,0.81283575,0.47561583,0.27233878,1.3050843,0.32961354,0.3871164,1.3179196,1.3548428,0.79441047,0.21538089,0.27420786,0.91421443,0.09368449,0.42937234,0.22478391,0.58766544,0.0,0.53185743,0.023002898,0.57124186,2.1448522,1.1211094,0.4614347,0.29251468,0.5272385,0.13991505,1.4483436,0.25407544,0.2624178,0.14663823,0.94316894,1.9420176,0.46662548,1.8194622,0.7373284,0.59341866,0.14227036,0.77901334,0.17558582,0.86557746,0.018733775,0.62708193,0.9572244,0.01573712,0.2805977,1.397134,0.010670574,0.38536155,1.0218095,0.47820777,0.0,0.12377081,2.3620086,0.31956217,0.40023923,0.5953179,0.10122876,0.044350512,0.22161306,0.65790766,0.62457603,0.96983874,0.67905474,0.0,0.2516349,0.0018561315,0.12572595,0.0,0.051161807,0.43290773,0.08393262,0.10769941,4.228952,1.3635288,0.20852154,0.81364554,1.1831423,0.46387678,0.12006374,0.7214429,0.16495611,0.22853613,0.674906,all_pothole_images\pothole_images_enhanced_f1686e912c8e5c4ff0c0af539639b921.jpg
0.8196216,0.47041485,0.022029804,1.5005947,0.8151294,0.31690636,1.163903,0.021641465,0.03840571,0.616583,0.5393306,0.8237941,0.19335537,2.6044564,0.028956978,0.7414877,0.35188138,1.4888387,0.7962308,0.47555697,1.3491395,0.295943,1.9524031,0.83978236,1.936909,0.38821977,0.6992107,1.8753934,0.9915585,0.3123326,0.23946041,0.03871453,0.16262445,0.51232123,0.3110775,1.3466766,0.44330245,1.613704,0.50986683,0.2205786,0.07628433,0.6635549,0.66237676,0.8906309,0.5071921,0.9191941,0.26534697,0.0,0.55068934,0.57707524,1.9494822,0.26657823,0.012674388,0.6608907,0.5084064,2.3865554,0.30677012,0.4699428,1.2647916,0.60739243,0.21479799,0.48963323,0.332715,0.08386154,1.9372691,0.6615722,0.954343,0.0035272434,0.5710689,0.5398428,0.3158829,0.21642205,0.07064553,0.2680335,1.2611179,0.40718663,0.936747,0.4969853,0.0011690778,0.39618465,0.22758617,0.0746658,0.24524899,2.0403087,0.44075853,0.04319961,0.66106045,0.488419,1.3518083,0.15329945,0.79407996,0.64843464,0.5272571,0.36750862,0.32274348,0.0,0.74134094,0.96811074,0.32956707,1.2937938,1.1728976,3.5720718,0.7200081,0.019124106,0.9890609,0.670545,0.6881155,0.6229376,0.11346157,0.591991,0.06529347,0.44291297,0.3468413,1.3233496,0.92939913,0.2855529,0.0,0.11386379,2.7769725,1.2920369,0.9857311,0.13851911,0.0,0.5042768,1.5589236,0.5284074,1.6905507,0.42327148,0.03574486,0.114298776,0.2547835,0.0803168,0.18416338,0.104068324,0.20776579,0.60592026,2.052439,1.7497661,0.38885772,0.0,0.3468474,0.38110712,0.56690025,0.4789308,0.13310961,0.38742045,0.27557102,0.9231285,0.6218226,0.009590279,0.42790848,0.4871945,0.0,0.08213588,0.98269415,1.0119469,1.8746634,0.61246294,0.4204483,0.7290816,1.6647447,1.4178423,0.7871031,2.9479208,0.3877611,1.7827721,0.3983504,0.08717526,2.603812,1.729171,0.13316701,0.0,0.09247578,0.04782639,0.0,0.16726974,0.09042177,0.04274974,0.0,0.19428955,0.46852905,2.5453174,0.20818095,0.533504,1.2846335,0.050488703,0.12579033,2.4724398,0.06684772,0.54487675,0.6353906,0.39437246,0.9729547,0.15346877,0.11475191,0.0481925,3.0943553,0.577335,2.030307,5.687536e-05,0.46354413,0.5167123,0.096459106,0.64559555,0.33579057,0.34030905,0.07433577,0.213412,2.555433,1.2691231,0.026218552,0.0051380843,0.57652193,0.18744826,1.5341834,1.1368876,1.5670222,0.36123976,0.09068735,1.9321675,1.0966896,0.35830593,0.7125037,0.383798,0.033793446,0.615731,0.44796044,0.007302053,1.5748487,0.4130118,0.01420864,0.16590583,0.8868862,0.20226416,0.41096807,0.213751,0.3568067,0.050507117,0.06701193,1.8139285,1.4951695,0.054882232,0.26001686,0.61036235,0.23658192,0.11058874,0.163022,0.20318155,1.0702174,4.8252263,1.2096488,0.4782888,0.055722892,0.045722947,0.0,0.8903599,0.28734973,1.1066484,0.4313033,4.6929936,0.5785158,0.21905704,0.19496894,0.63025165,0.20995085,0.11470388,0.2817834,0.6001004,0.55633163,0.47822025,0.40912813,0.017334264,0.36614048,0.4785176,0.6590638,0.46454895,0.1934243,0.0,0.7466411,0.54085904,0.37887383,1.076463,0.04310348,0.1294543,0.26580644,0.3724488,0.9975807,0.039534763,0.534679,0.08763692,0.48697707,0.38913178,0.17096598,1.6399653,0.60197955,0.96278226,0.92980254,0.44227925,0.037947867,2.3508415,0.99297464,0.5071071,0.5064901,0.09678074,1.3301666,0.29319596,0.25931957,0.0,0.75956863,1.098079,1.0485697,0.49659985,1.0208869,1.5623645,1.2991399,0.84492445,0.1356326,1.3899846,3.5393727,0.21220577,1.457077,0.18917656,0.48227653,1.1255618,0.24133621,0.32542795,0.0,0.12704794,0.34193504,0.18243606,0.06442976,0.5017723,0.020906482,0.21481527,1.294566,0.0730503,1.6380662,0.96053123,0.32775092,0.7144981,0.45427677,0.008832133,2.699533,1.2838463,0.2616385,0.057580557,0.5652379,0.6532748,0.5346218,0.42179114,0.45956504,0.4476544,0.18179578,0.40560445,0.022107605,0.40152538,0.057958707,2.0341961,0.79350847,1.2663885,0.71831995,0.24950123,0.0,0.3009447,0.3104916,0.044538613,0.36946964,0.078369595,0.60880697,0.114290155,0.46795526,0.5651947,0.09557356,0.9078568,0.26723593,1.0293747,0.3845679,0.16154984,0.43401268,0.19120613,0.978915,0.0,0.1275712,0.41861156,0.44694805,0.95420104,2.5537126,0.03536013,0.27891743,1.3652197,0.14297363,0.005599181,0.0,1.0155784,0.16361275,0.07850315,1.0115222,0.04922127,0.91423625,0.32486483,0.61892176,3.125406,0.24652985,0.028380724,1.4914873,0.0078003854,0.037605118,1.3372986,1.1734738,0.33525634,0.42142782,0.16557425,0.4352209,1.8094285,0.029959362,0.4321223,0.6030921,0.10700574,1.045033,0.11370997,2.0862224,0.86520165,0.17738688,0.70868456,4.148558,0.18393868,0.3269177,0.69761795,0.5490774,0.74354154,0.6608977,0.4212443,0.048882443,0.7380723,1.6424096,0.72237486,2.1110375,0.62048626,0.01667377,0.12526444,1.9809113,0.887878,0.21228658,0.012220681,0.18066508,0.07617159,0.9643914,0.10633758,0.03238744,0.71489424,0.9867834,0.6761076,1.0138596,0.029615207,0.50391066,0.3218862,0.93876755,0.06015188,1.8296586,1.3404857,0.52878195,0.18489666,0.50307435,0.423441,0.24088643,0.5257236,0.035373934,0.23601633,0.33662134,0.17872362,0.050216284,0.6422275,0.44857663,0.52353716,1.7071241,0.009479368,0.61796194,1.4218519,0.02698468,0.17775984,0.8579453,0.53485864,0.35381678,0.8855816,0.59052646,0.25375947,0.1227054,0.0005942255,1.1115745,0.0072583575,0.88502806,1.204342,1.0842366,0.28652495,0.17673667,0.90908456,0.44972166,0.011508153,0.18625306,0.016020896,2.3313437,3.1016886,0.0274527,0.11552073,0.02949053,0.18814509,0.035930447,0.07235375,1.2734911,0.32364073,0.041268967,1.0221235,all_pothole_images\pothole_images_enhanced_f176582872ffd841d446821baa46f750.jpg
0.0016596393,0.5522827,0.004103291,0.9691509,0.36640716,0.024499241,0.97230077,0.21673866,0.49870187,0.13838792,0.29416364,0.99871576,0.7131673,1.1010256,0.0047420817,1.0236622,0.10006941,1.3350699,0.56178993,0.0010213862,0.89363766,1.0259614,0.030300943,0.21766055,1.944972,0.40177983,1.0539846,1.9975502,0.17803366,0.06548362,0.18929094,0.4475532,0.07903459,3.2391064,1.2054384,1.2688941,0.0007744442,1.5825205,0.53720266,0.6941065,0.112028666,0.53625137,0.12707429,2.0329983,0.11332857,0.8094786,0.38473845,0.0,0.43687725,2.0892332,0.02473733,0.44571167,0.8247637,0.3759213,0.0613096,1.8107684,0.34651414,0.6046427,0.6531246,0.92005926,0.5623427,0.28340542,0.17072442,0.36071357,2.692464,3.3079634,0.14921762,0.33120143,0.42393056,0.2072545,1.1924877,0.26182407,0.04853968,1.2553215,0.411929,0.08395036,0.1723737,1.0277961,0.0498643,0.11705304,0.17439383,0.31325647,0.056725305,0.20274115,0.025790477,1.7366737,0.32417467,1.3529022,1.2406375,0.16354461,0.21731742,0.9119929,0.12938379,0.14961685,0.2153188,0.45944932,1.6430745,1.1478248,0.5228186,0.11324358,0.19289589,2.0382094,0.6646533,0.13916844,0.5196312,0.72818005,1.6368822,0.74365294,0.25271833,0.0054719714,0.24020037,1.20801,0.27293655,2.1497858,0.4184426,0.138646,0.0907007,0.66973245,1.8162371,0.7174986,2.3027148,1.1735448,0.05038031,0.69455266,0.5437632,0.061768666,0.31280825,1.1138684,2.0670455,0.5945786,0.9070746,0.53528345,0.0805908,0.3545132,0.059454154,0.26491094,0.05687061,0.17992996,0.94572574,0.00039660872,0.7074778,0.25552112,1.0288066,1.4847988,1.1707336,1.4274288,0.043907322,0.73563457,0.08796864,0.24229217,0.49233642,1.1331238,0.30993888,0.0,2.4736962,0.5281472,0.9782519,0.30755,2.2408857,1.3635889,1.4799334,4.6525455,0.031673603,2.6845174,0.099703774,0.3928129,1.6499587,0.05899326,0.74461913,1.659931,0.13981064,0.040286426,0.079875804,0.032849524,0.5970677,0.074251376,0.05575246,0.11076512,1.2269386,0.4597347,0.066796824,1.662432,3.1748993,1.24063,2.340873,0.9210597,0.26998705,0.37780425,1.0512121,1.2678075,0.20748757,0.006188383,0.20607017,1.2172557,0.35041934,1.3140754,0.6639253,1.2452369,0.004952448,0.34657013,0.63051164,0.8627424,1.7244325,1.6456499,1.3506479,0.2175562,1.1269994,0.019867532,2.6937685,0.6403143,0.018106006,0.05348296,0.52003187,0.0070890137,1.1636546,1.5311992,1.0857022,0.0,1.0291293,0.14678146,0.71070737,1.5215261,0.4190093,0.13226815,0.0,0.18967806,1.2971262,1.302515,0.5104217,1.2142664,0.18927461,0.010283706,1.4927965,0.52181864,0.40328082,0.34272975,1.6912826,0.5384806,0.07346545,0.7225644,1.1388648,0.027180469,0.038415357,0.04065102,0.23779555,0.008404336,0.7816654,0.80103487,0.06697867,5.436471,1.9641212,0.53647923,0.025230724,0.35686684,0.08590881,2.2966135,0.6447496,0.26961544,0.04671087,1.886082,0.22594097,0.1725313,1.1645538,0.6125981,0.5624451,0.15496308,0.5128287,1.2999468,0.6224147,0.13282079,0.2958571,0.0006277395,0.30969295,1.4176891,0.65863144,1.195991,0.50313866,0.97536504,0.14934321,0.6552125,2.259298,0.1628093,0.9597084,0.28796577,0.50041723,0.7225751,0.5238874,0.13134594,1.4061859,0.12098534,0.14103754,0.3963078,0.38096344,1.0525744,0.17567341,0.09365842,0.09113865,1.5060954,0.63653815,1.440383,1.6352171,1.2621262,0.087815724,0.0,3.5233634,0.1661287,0.045795236,0.44887406,0.0059715626,0.3722522,0.243675,1.0395448,1.2105851,3.7655654,0.049508102,0.66720706,0.27239183,1.3460506,2.0752218,1.200078,0.89834166,0.0,0.4442861,0.5896121,1.5271388,0.55076814,0.00016262427,0.030421695,1.7802618,0.155064,2.149801,0.74847615,0.35527202,0.0,0.026616558,0.24127217,0.5855937,0.088210315,0.008043614,0.91129667,0.061906695,0.157379,0.6096935,1.9183911,1.663019,0.7107886,0.052442253,1.4084998,1.4032539,0.03954262,0.81102157,0.4663749,0.27413702,0.0,0.09351771,0.28992805,0.05826693,0.91439474,1.425665,1.8761148,0.17087501,0.30095297,0.7756981,0.0,0.00077793084,0.019615963,1.4208772,0.7916431,0.13927539,0.014405926,1.9270266,0.33389586,1.0427078,0.008023608,0.21281153,0.75115967,0.21526434,0.11450086,0.16658486,0.2544265,0.61566925,0.0,0.059567597,0.32342005,0.9460437,1.7923423,1.428508,0.0062305313,0.0024142547,1.0889939,0.8057405,1.0326365,0.17089745,0.66158295,0.29558668,0.122384526,0.60633457,0.6946012,0.07041986,0.45519072,3.0481517,0.8382281,0.67685443,0.42341977,0.42461464,1.6202424,0.2786145,1.2720625,0.41292253,0.05359038,1.1116778,2.3589354,0.13555326,1.4541417,0.0054532294,0.48841888,2.0607307,0.23693536,0.0,0.46908954,1.8922832,1.5783645,2.0431924,2.3507586,3.6745207,0.4805796,0.77228045,1.3996825,0.0890628,0.027252093,0.64749914,0.35170302,0.16403884,0.38797954,1.01951,0.6003626,0.10133251,0.29589108,0.19384216,0.80133337,0.09246267,0.69516176,0.5940643,0.28712684,0.05597665,0.0023897511,0.72659934,0.26675066,0.0,1.0993853,1.5792526,0.17365915,0.5715313,0.2329346,1.029068,1.3201046,1.2466352,0.0040344875,1.7008209,1.8002802,1.4504094,0.7453463,1.6713369,0.018253341,0.06974138,0.023704369,0.09152702,0.0,1.4356645,0.12910597,0.368279,1.1178712,0.21914674,0.05672757,1.001921,0.054869708,1.0975164,1.2538574,0.89319843,0.04888074,0.34146225,2.260044,0.0874601,1.5186255,0.10383278,0.23294502,0.13259022,1.8644753,0.10391557,0.0,1.0389823,0.8963092,1.0556482,0.33424205,0.0,0.23463327,0.2571678,0.34622514,0.6695155,0.08250272,0.74060273,2.150041,0.4337099,0.50449985,0.42340538,0.84729236,1.1479496,0.201058,0.04284307,0.45383528,0.96286523,0.31273642,all_pothole_images\pothole_images_enhanced_f1bb92086dfb8ac8b01e99652f13e8f4.jpg
0.05626874,0.14005779,0.22715576,1.4563309,0.7211933,0.0,1.5728325,0.19705985,0.6720277,3.1221144,0.5859839,0.49129683,1.3769361,1.403911,0.1314474,0.290232,0.85519797,2.265199,1.9378939,0.3085239,0.12388532,0.87267333,0.22042657,0.49738497,0.622847,2.4942758,0.77468276,0.763694,1.5587229,0.39502224,0.6958633,2.0894885,1.5658505,0.08480171,0.5413809,2.0567071,1.187611,0.18786515,0.13821793,0.23967947,0.46462217,0.5830505,0.14753197,1.3712152,0.15738311,0.7082466,0.5595223,0.4482883,0.2474511,0.9373628,2.6163342,0.74686694,0.51745284,0.9043719,0.94997126,1.6333064,1.6708244,1.4537107,0.8659636,0.54042816,1.1070418,1.5106919,0.40387756,0.21557383,1.543721,0.8351684,0.42613092,0.42004916,0.17853892,0.4696234,0.262084,0.31020665,0.083130136,0.042921484,0.27413142,0.49375576,0.39971393,0.4577687,0.7600514,0.6052707,0.40144533,0.13252135,0.045030773,1.9253626,0.6488834,0.34977978,0.21865901,0.058180474,1.6502748,0.055002864,0.8382801,0.21625139,0.09658583,0.14793798,0.39451224,0.48686382,0.6573581,1.7788459,0.87766993,0.4690654,1.6869671,4.2399454,0.20090239,0.39324975,1.3975933,1.0011019,0.39724573,0.119458646,0.54566276,0.14490828,0.51061475,0.67955667,0.4746748,1.0151767,1.325796,0.32427067,0.7390397,0.6385883,4.134754,0.87330174,1.442517,0.42434442,0.3815612,1.4728594,0.22116874,0.4584835,1.8089343,2.170475,0.47326127,0.06753061,0.5088158,1.0161979,0.5878301,0.2378691,0.24606745,0.59423244,0.6205613,0.3194551,0.05720913,0.48582038,0.26628652,0.53956664,1.0614184,1.6271787,0.5311014,0.1507884,0.29231408,1.480636,1.63057,0.4408327,1.6022656,1.2726833,0.25554362,0.92379797,1.3020818,0.17928754,1.6547068,0.8739012,0.995621,0.3409381,2.0528338,2.2569652,0.0,1.6325767,0.16351783,0.22052549,0.8641167,0.2513816,0.45992446,1.8961682,0.83474106,1.2197311,0.2530572,0.3940235,0.5519868,0.076856464,0.29310673,0.121518746,0.20190011,0.11953515,0.6484368,1.7586219,1.4346855,0.4266219,0.19458272,0.63533866,0.028867438,0.6369113,0.28899404,1.4913925,0.4069533,0.016034253,1.4591693,0.6614657,0.06817827,1.100702,0.42712924,0.3149859,0.33301485,0.6599992,0.5560531,0.106831044,0.3011608,0.26028126,0.7106166,0.3942274,0.12395926,1.6671313,0.95734465,2.237513,0.012583263,0.86763686,2.8787367,1.8061968,0.8124668,0.4971828,2.049465,1.5537239,0.7325636,1.1420486,2.279292,0.38717866,1.2033533,0.39536044,0.6675119,0.047012083,1.0122662,0.12659045,0.54412574,0.2574963,0.4234032,0.37706476,2.0432503,0.2749811,0.039850075,0.11671639,0.2953357,0.3240596,0.004890385,0.14155594,1.047457,0.28104156,0.18952926,0.652292,0.12089497,0.024963431,0.1169524,0.2594841,1.9963558,4.680692,6.496872,2.2212646,0.13836704,1.6562542,0.519116,2.2154891,0.93436015,0.52900946,1.0833762,1.2809383,1.3406527,0.36987546,0.73320377,1.4268783,0.0833307,0.9694875,0.45678243,0.41016427,2.2278874,0.1895504,1.3670576,1.0100962,0.08079475,0.46172315,1.2150156,0.028093435,0.16797581,0.57985085,1.4725211,1.1298258,3.0394678,0.04064989,0.53278005,0.44842085,0.038634337,0.8223081,0.6890012,1.0519214,1.4920187,1.0043827,0.3609594,1.0512382,0.05986131,0.22678266,0.7405363,1.4892304,0.6213703,0.72722733,0.107676856,2.4917898,0.541248,1.6011324,1.3078629,0.21988878,0.74691075,0.2678621,0.07583081,0.032912824,0.10331654,1.1704361,2.7711306,0.74422103,0.94311106,0.94672173,1.3075885,1.7646455,0.10389506,0.5306793,5.257611,0.45465824,0.59713316,0.13904974,0.33508122,0.34665093,0.8226775,0.46231428,0.73734814,0.04986418,1.1155757,0.2862157,0.30917445,0.013417416,0.3495424,1.6577775,1.0338322,0.0064173313,1.7660055,0.5197292,0.10448535,0.42796722,0.17980404,0.36445186,0.9766188,1.7348583,0.89194363,0.34652314,0.00025483046,0.7449247,0.9805658,1.6014192,1.667687,0.2745804,1.1525996,0.27972874,0.200828,0.75414205,0.4730989,0.3527311,0.07321299,0.056463107,0.26711583,0.7428221,0.43762046,0.3851043,0.029915087,0.027710551,1.395281,0.3340153,1.0729698,0.44568902,1.0838572,1.1988257,1.278196,0.63208795,0.96497357,0.8462204,0.085426405,0.3781437,0.03352137,0.14935108,0.25465828,0.045577366,0.37115973,1.4994162,0.39900073,0.19917871,1.7033265,0.09061069,0.9954164,1.8017635,0.027413227,0.068450846,0.47613308,1.322109,0.0051629227,0.17595814,0.9025069,0.44267178,1.4750465,0.0,0.29892796,1.8984898,0.2659257,0.49728903,1.0189297,0.22027537,0.20622425,1.5059006,0.19796214,1.0777556,0.47735608,0.16168746,0.56720805,1.8533677,0.32376072,0.5058585,1.1952189,0.3243346,0.60278046,0.31334847,1.7500018,1.047141,0.09689836,2.1509697,2.4362512,0.15825531,1.2197572,1.1396714,0.10757596,0.6734229,0.8435937,1.2504716,0.2490442,0.93584675,0.5590581,1.5598503,1.7782564,2.8681512,0.14172459,0.0,1.1752357,0.15614429,0.41164133,0.015057553,0.28721914,0.039504364,1.4814038,0.5696389,0.0024507649,1.3307271,2.4647033,1.0567664,0.16361524,0.25608927,0.34156805,0.9699894,0.021025492,0.04043733,0.25506693,0.45763692,1.221819,0.25890693,1.7547517,0.0024652441,0.56949383,0.07066327,0.48345223,0.38215452,0.9895326,1.2121896,1.3385452,2.259825,0.3735831,0.02229923,0.0109406635,0.4221141,0.47773036,1.6247396,1.5049242,0.22816315,2.2636619,0.4564366,0.6635356,3.0136163,0.019487841,0.28047994,0.37224966,0.0354034,1.733165,0.45517075,0.06942814,1.5690141,0.7205705,1.5768386,0.64356714,1.4579325,0.21255672,0.40804955,0.5262504,0.0,1.0415126,2.2673788,0.5437777,0.13143954,0.20799719,0.627634,0.56518525,1.6649592,0.31095833,1.1803703,0.2877578,0.42750072,all_pothole_images\pothole_images_enhanced_f20b51bf64e4293197efcbba6ea2f738.jpg
0.45689234,1.4175879,1.2190907,3.767689,2.523119,0.7264665,0.4842315,1.4072573,0.027572664,0.66019446,0.20781332,0.17889518,0.4091098,3.458933,1.4759771,0.2874596,0.46577457,0.20028414,1.0482461,0.6455745,1.1505353,0.34385324,1.0754341,0.7706566,1.703493,0.41206422,0.051989194,1.4383305,0.7034407,0.98471355,1.2747614,1.4109652,1.9509389,1.1221049,0.63091224,0.2515563,0.4817448,1.4424394,0.35953242,2.249977,0.009877376,0.56576467,0.79757255,0.18060651,0.7273837,0.5630551,0.2054328,0.8919024,1.4971921,0.872288,0.5435819,2.2437093,0.99162334,1.0418361,0.36821178,1.652081,2.3946445,1.4921062,0.5266917,0.9285127,0.8252698,1.3114433,0.7338948,1.2407142,1.5481839,0.38825342,0.7667068,0.6138466,2.3621008,0.46995163,1.9720536,0.57822245,0.9717303,0.42762834,1.5453167,1.6980124,0.03817198,1.7193685,0.91545165,1.0781065,1.3672025,1.3671325,0.63692564,0.69918394,0.8576159,1.0634214,0.33147982,1.2406981,1.4265743,0.9107952,0.627238,0.75301015,0.75313175,0.795475,0.96023536,1.305711,0.4610604,0.9185107,0.50260365,2.0184734,0.028494893,2.43751,1.2152874,2.2755983,1.3138958,0.76653403,0.78076905,0.15172103,1.0481902,0.96675426,0.4523083,1.2438362,1.5847509,1.7798122,0.8208886,0.571956,1.0051607,0.2818433,0.8841523,1.247969,1.2616786,0.9220989,0.3936202,1.4657334,1.0546157,0.22928837,0.09368073,0.43952775,1.1890327,0.69132346,3.1200626,0.36705664,1.5318158,1.389522,1.4124966,0.80241877,1.8308909,2.0565727,0.9411939,2.4286768,0.7354345,1.8551989,1.73369,2.9347446,0.23181203,0.6438697,2.5622146,0.6448675,0.5527866,0.57439864,0.37208283,0.5063098,0.20178522,0.7421284,2.3680542,0.36066502,1.4573069,0.19866975,1.0312185,2.8968847,2.055192,0.8445357,0.22804347,2.743869,1.3982602,1.1686424,1.9378833,0.4912497,5.067861,0.4368427,1.2027593,0.31605798,0.2467172,1.0249717,0.30757552,0.43569285,0.908531,0.2826877,1.1840968,0.69638294,0.04618906,0.77028173,0.6601354,1.8532755,1.9520662,0.25657013,0.6304911,1.4644821,0.18819389,1.4144508,1.1637636,1.3038024,0.5510196,2.1859212,0.3272548,0.55857146,1.3953559,1.4591832,0.0057404935,0.024545506,1.366819,1.2952726,0.0024318206,0.93122596,0.10898479,2.0670745,0.9805374,1.0157269,2.4114718,1.5217459,1.8330339,0.8705735,0.19917148,2.8832738,0.4434503,0.8860718,0.44650432,0.7674894,2.9296727,0.19867909,1.1841065,0.3014782,0.52837,6.158782,1.183764,0.67670876,0.28451678,0.7134652,1.2376118,0.03754791,0.44671825,1.5647722,0.39103672,0.8276233,0.61246157,0.54128593,0.8338324,1.4178569,0.5585498,3.0137537,1.4812683,0.03370555,0.6694132,0.38528416,0.287671,0.20948869,0.45812926,0.34870082,1.5226045,0.8403265,1.3953539,0.6014249,0.36256373,1.142307,0.84450215,0.033088855,3.8428605,0.5686914,0.07817207,2.4208775,1.0731487,1.4547416,0.2361385,0.1515337,0.5058025,2.4290216,0.547283,1.2747238,2.8598166,0.18372387,0.29933718,1.0620993,1.4878714,0.18568243,0.3437086,0.30455735,1.3070706,2.065093,0.5550655,0.47350687,0.029132517,0.14817438,0.6265185,0.5558574,0.6068969,0.616633,1.7175636,2.5265362,1.8346903,0.9043814,0.18019167,1.0262185,0.4005819,0.76760006,0.7653898,0.4452043,1.7869443,0.6106031,0.5371873,0.24200875,0.1450915,0.64412004,0.2731952,0.78820294,0.8084784,1.0391595,0.03650103,0.16224311,0.5946198,0.77365327,1.3585266,0.014461546,2.100011,1.0866029,0.96016115,3.896295,0.606482,1.2270036,0.22159007,0.5573415,1.8108182,1.2382212,1.7806321,0.8587651,1.3903357,0.37280864,1.988994,0.9927297,1.7894338,0.83262086,1.5718284,0.32485583,2.2953923,1.6921972,1.1937459,0.4003482,0.7500735,1.6391438,1.5374018,0.15738465,1.5117346,1.1008377,4.4058075,0.6278564,1.0157162,0.77622557,1.0703993,0.5287377,0.6603893,0.44025764,1.5154637,0.60448885,2.6141696,0.60458374,0.40024403,1.7279348,0.5009648,1.2934057,2.294557,0.19726263,0.7286471,0.5885809,0.8016523,2.6007292,0.0168852,0.12252534,2.4143965,0.278548,0.4299942,0.96547246,0.3542022,0.28322512,1.2543907,0.994865,1.9615368,0.019002333,0.5323667,1.7134621,1.7957336,0.31898296,0.61076504,0.13043474,1.4586899,1.2066561,1.8424517,2.613248,4.700588,0.48087496,0.74243397,0.5730123,0.15821601,1.9050014,1.9282508,0.8410292,0.22719981,0.5196087,0.93785477,1.0509785,0.8467794,0.2149334,0.21421675,0.6581645,0.340416,1.4031659,0.46878564,0.54825383,0.3178021,1.319976,0.22367026,0.7075288,0.8858913,1.183649,2.558591,0.48975518,0.55166954,0.54067516,2.6990995,1.5658214,0.014906995,2.7627904,3.1480227,0.8920014,3.521544,1.2728939,0.91344863,0.62674737,2.4332879,1.5921977,2.9895706,1.4610002,0.59938896,1.1366059,0.24345045,0.37515882,0.11649812,1.1171452,1.6599177,1.2171818,2.1937282,0.7871984,0.39788842,1.5869128,2.3909788,0.967394,0.526586,0.17187874,0.48857364,1.127495,0.70852715,1.9951642,0.8989611,0.111100234,0.6737992,1.4132651,0.9586871,0.30503684,0.89611584,1.7290914,1.5410435,0.26301414,0.95409966,0.8976002,0.20110449,0.5063522,0.39565167,1.8883126,0.906688,2.5868149,0.4446291,2.2225885,1.3149904,0.4594315,0.4683566,0.40678176,0.42591912,1.0142926,0.8097125,1.1633203,2.0979128,0.53562325,2.4873955,1.0959742,3.5406947,1.0932134,0.41764048,0.41885403,1.3430263,1.1034082,1.9559357,0.6923355,0.36429963,0.26512417,1.1444412,0.3913659,0.18450524,1.5396484,0.2713479,0.96039426,1.0009979,0.14997844,0.99814606,3.0951593,1.0068028,0.41466415,1.755537,1.1224121,0.16341256,2.2808168,0.34086818,1.8738792,1.6297785,0.16499755,all_pothole_images\pothole_images_enhanced_f2b6d754ffffda65ad14fe5985e61c29.jpg
0.6434618,1.8594856,0.7973902,2.3326702,2.006345,0.9785919,0.055423513,0.012943997,0.53941816,0.76513237,0.12158478,0.5643514,0.38871464,0.182566,0.75568855,0.44995606,0.06677632,0.2514974,0.10489028,0.5407318,1.3752158,1.3333269,0.4552937,0.716861,1.7111847,0.66810375,1.0930203,2.1017253,0.2800324,0.27054912,0.38197938,0.31271634,1.1043686,0.33313045,0.42985243,1.581262,0.88991857,2.009702,0.0761172,0.5044853,0.059206773,0.051301245,0.106863596,4.076673,0.68224746,0.08985101,0.11971808,0.526886,0.53783226,0.7767104,0.47982788,1.6884289,0.27810565,0.47872043,0.30930915,1.7635775,3.3344991,0.14824007,0.29683828,0.3704176,0.0036975138,0.60246074,0.9835554,0.26251507,0.042187348,1.1511441,0.28330004,0.9207167,0.2652223,0.53885984,0.9788801,0.85803944,0.63066906,0.4540525,0.6683759,0.87455684,0.25268182,1.1847053,0.0,0.6027386,1.7251064,0.0022712827,0.087739736,0.46982324,1.3526516,0.26180005,0.26841733,0.15474609,5.388801,0.127898,0.45156884,0.19608073,0.2563345,0.39823115,0.45319432,0.13561656,0.42853615,2.259915,1.1320311,0.6553785,0.0,3.0211773,0.46005613,0.6038877,0.27901208,0.08277544,0.2397196,0.18483749,0.0936248,0.6133911,0.052591357,1.4073025,0.20392264,1.3118817,0.42187858,1.0476369,1.6108328,0.058594067,1.7384199,0.93345946,2.3784392,0.869886,0.07725601,1.3443279,0.63549876,0.6827432,0.20637321,1.3873552,1.0168505,0.43457147,0.76882553,0.10186018,1.0221623,0.47289816,0.4738047,0.81490386,0.19227406,0.5840796,1.3077607,0.31347016,0.51480407,0.17831977,0.010871224,0.58225566,0.6584024,1.3484554,0.8678363,0.35917157,0.0012215407,1.5705302,0.9232125,0.6416363,0.08860796,0.0012156079,1.3255055,0.6409609,0.78977686,0.1641873,1.8976164,1.1500771,1.2098701,0.81214577,0.26831272,2.1738396,0.050133713,0.010253589,0.7253365,0.24372774,0.89396137,0.19899479,0.75667214,0.5880642,0.21594654,0.50057936,0.5111082,0.041275963,1.0559746,0.120072626,0.37058392,0.20849541,0.09592853,1.7366502,3.4607356,2.6481953,1.3815161,1.0035459,1.0835915,0.22171283,1.8035141,0.09285476,0.3691192,0.52711385,0.10673105,1.6366035,0.32392302,0.80076444,0.41624555,0.03183906,0.11992598,0.691119,0.6393405,0.19975834,0.27927604,0.9239683,1.1323658,1.0575995,0.06379612,0.56421304,0.5933777,0.0648909,0.3821023,0.577499,1.0555528,1.423545,1.5248984,1.251783,0.3141829,0.07467352,1.01156,0.011717368,2.1800225,0.030485857,0.2648789,0.04534117,0.15503784,0.63792837,0.4373791,0.23362964,0.3998822,1.0424255,0.16991763,0.5453825,0.57065254,0.027873589,0.48712248,0.3748635,2.1678355,0.17477469,0.032914735,0.10763163,0.15329762,0.01499585,0.03238655,0.0012520647,0.18973744,0.12038096,0.3999025,0.0,0.35667744,2.731074,0.93289363,0.30188116,0.6972179,0.72950387,1.0807475,0.58265936,1.1724159,0.016572364,0.4063713,1.4086778,0.4689165,1.036907,0.68411493,0.46010324,0.49234357,0.449734,0.001017712,0.41823432,1.586224,0.061016407,0.25143024,0.16834201,0.22939214,0.19168726,0.45421997,0.7564154,0.54810125,0.22542489,0.110941745,0.8252721,0.5485115,0.124403894,0.6759173,0.04620546,0.95037997,1.0197768,2.436558,1.0070293,0.90388143,0.007890545,0.55514914,0.82677317,0.06419768,1.360572,0.4923834,0.48941514,0.42898858,0.018098976,0.052443203,0.92323667,0.24319088,0.6779505,0.12206085,0.8683631,7.139773,0.67099434,0.0,0.7303785,0.70975024,0.8135379,0.34866464,1.130201,2.6372461,0.99865884,0.30441588,0.96742123,0.7071648,1.1171261,1.0537561,0.07261463,0.18747047,0.7171593,0.35338965,0.17361605,0.81964296,0.7006143,1.2802693,0.750392,0.8558144,0.847373,1.7479892,0.56233925,0.3843608,0.014262643,0.5074003,0.6899987,1.3290814,0.5817842,0.39695743,0.6285374,1.049117,0.7982841,1.8474859,0.101139575,1.3049129,0.005259154,0.08145345,0.005526191,0.6865699,0.28651524,0.67279255,1.0089785,0.61002016,0.16717593,0.4110225,0.026956076,0.2368865,0.95449704,0.42930758,0.46608403,0.029617012,0.021157902,0.7201848,1.3347224,0.25953338,0.33523992,0.48790574,0.116593905,0.2628219,0.13447236,0.46662623,0.51794225,0.51950026,0.22815515,1.0776762,1.3883892,0.33090696,0.062320795,0.30187532,0.29083717,0.037616093,0.17057772,0.2056268,0.81315863,2.57271,2.125544,1.857542,0.7202449,0.5902457,0.9963974,1.3534291,0.004148101,0.2444957,0.08124243,0.11632873,0.030378588,1.0504407,0.12344914,0.31053576,0.6453909,0.77749,1.6592011,0.019767502,1.0382036,0.2613405,0.21476027,0.027922377,1.0017033,0.4355545,0.86750436,1.2944742,0.8565687,0.34245262,0.51876837,0.0034827709,0.6039533,0.757751,1.266201,0.3108341,0.018813604,3.0927377,0.4411309,1.443014,4.3073635,2.7811248,0.14602488,1.2406448,1.9845166,0.012041125,0.5016068,1.8441356,0.095233075,0.6911308,0.366942,0.43641484,3.6416016,1.3399833,0.44640353,0.18044148,0.5729302,0.7450299,0.2649998,0.0071867923,0.5508851,0.10400402,1.1469945,3.2794518,0.41547292,0.6377711,1.684425,1.6018636,0.48679596,0.3750267,0.15162712,0.4020268,1.1138333,0.6713459,0.43041575,0.3488523,1.6629094,1.7856102,0.23052198,1.3513154,0.47351876,0.80589765,0.16449079,0.1493753,0.10583386,0.42104927,0.7535333,1.3462632,0.2597872,0.5123766,0.26621157,0.45131698,0.36896646,0.27049077,0.88104075,0.818231,0.2122182,0.58052355,3.383959,0.14580472,0.23387258,0.0013478015,0.0,0.5146095,0.31973973,0.053189836,0.13595371,0.0075705154,2.14407,0.093952596,0.2607234,0.010313731,0.0010395552,0.22790651,0.0,0.22279972,0.022381632,0.1038967,2.9925604,0.54404813,0.6705114,1.9492729,0.46927312,0.13709386,0.6409195,0.9808961,0.3418925,0.5680383,0.5114637,all_pothole_images\pothole_images_enhanced_f2c51c0fe75737b2e7957a32e487340d.jpg
1.9135165,0.2541612,0.25039414,1.9962927,2.9294116,1.983961,1.3395667,0.23205283,0.04817483,1.0531354,0.30917338,0.49463984,0.5330578,1.117608,0.0073365555,0.11460857,0.5450688,0.3738125,0.43523198,0.0,0.8635002,3.2299786,1.1442456,1.4246594,1.3435059,0.30526906,0.50396013,2.672641,0.5778693,0.95210624,0.4936033,0.19052175,3.3501823,0.7004628,0.3810712,3.123874,0.06899759,0.9418439,0.0,1.4927876,0.0,0.032555435,0.16878518,1.2997805,0.0,0.49656022,0.45951632,0.01828952,0.31881106,5.175941,0.9425466,0.7522449,0.9904434,0.07821655,0.44808495,3.646911,2.45317,0.6394897,0.7598207,0.20493822,0.844178,0.98445576,0.63503236,0.5606639,2.7817652,2.3163412,0.6913716,0.09675778,2.3463416,0.32103848,0.13433869,0.01798128,0.47716525,1.4501206,1.7794389,0.34735146,0.0,0.60786843,0.16641216,0.0026472379,0.26458728,0.46649384,0.5197782,0.4715552,2.7899637,0.5123047,0.8208369,1.0430768,0.5595999,1.0170583,1.7362103,0.26163113,0.27198517,0.23574653,0.033792075,0.6147011,0.13088544,0.5627608,1.0089229,0.7278758,0.20511904,3.4784286,1.2050508,0.47930846,0.3174657,0.4608948,0.21781687,0.60803837,0.029132979,0.123247825,0.63442886,1.3004875,1.9607754,0.90234375,0.86326045,1.5124521,4.008917,0.19314909,2.0709767,2.7473195,1.4342622,1.2359947,0.2418805,3.7778716,0.7640372,1.8084866,0.114192195,3.4092329,2.2913923,0.3659827,0.6177148,0.0064056613,0.11458368,1.5962328,0.05836104,1.1037409,0.45980942,3.0731983,0.2990989,0.37336108,1.4542824,0.08822521,0.015740866,0.4153384,0.6964631,1.0876759,0.29386818,0.018850505,0.09582059,0.5081224,1.2966874,0.52961767,0.22459285,0.03598191,1.9848201,1.8597552,2.1524534,0.5045622,3.6456952,1.4163936,1.8591584,0.3915258,0.0,2.6032126,0.031121131,0.47833958,1.7390287,0.7367575,2.8721461,0.10630919,0.93311447,0.10627197,0.0,1.4242606,0.74858934,0.7075579,0.062300373,0.1567207,1.1210184,0.017595664,0.12062673,2.1719544,1.139819,2.1543155,1.8535728,0.32514766,0.35446435,0.086988196,1.4895413,0.18485579,0.1836476,0.26246804,0.70679456,2.1560967,0.23275235,1.1797445,0.902722,0.91774786,0.28137824,0.18998079,0.0574207,1.7071635,0.36503667,1.2876631,2.9545188,1.2804109,2.1476796,1.5059316,1.7742621,2.2959282,0.033126447,0.0,0.29493803,1.4688443,2.4837346,0.6782156,2.2584262,0.20155755,0.18424138,0.15012254,0.110411815,1.52469,1.8328,0.26687858,0.0,0.83491576,0.3492319,1.13139,2.662069,0.0,0.44163716,0.47400808,0.89272773,1.3856419,0.14744884,0.15549971,0.8818696,0.80188537,0.0,0.12123648,0.119738355,0.08322476,0.0060118446,0.02535949,0.4201372,0.77860975,0.9764951,0.8540185,1.3040223,2.3954737,2.533079,0.041268814,1.5554231,0.43474185,0.56662905,1.3655761,0.5237315,0.16862078,0.10721016,3.2227876,1.4905906,0.08406527,0.43571332,1.4527628,0.8425925,0.29661426,0.34545305,1.3216813,0.3352084,1.4594988,0.9597484,0.37124667,1.0727779,1.0988907,0.22026365,0.046329442,1.3430763,0.32544318,0.79817486,0.84019136,1.2458559,1.0437989,0.054384954,0.72032577,1.0763948,0.6285979,1.20103,0.0007069955,0.6380391,0.3979644,0.4184864,0.20576808,0.5705025,1.6366756,0.33886755,0.26074028,0.48207363,2.872176,0.48095143,1.8496578,0.5798819,0.7274386,0.07666868,0.09718502,2.1852226,0.3869534,0.17223345,0.050087433,0.13506918,0.29983243,2.1958334,0.43937525,0.8149905,2.800971,0.8776355,0.069138475,0.1518132,0.37188923,1.4601923,0.0,0.89238316,0.45643795,0.40988493,0.35778072,0.7472861,1.3161466,0.711307,0.1583863,0.99489623,0.041161396,1.0215466,1.3906578,0.29431608,0.15992719,0.011426719,0.30268955,0.10342096,0.0071540773,0.83956,0.3525266,0.043422252,0.66555977,1.8507419,0.045652777,1.458389,0.1992349,0.0,0.14456448,0.3041598,0.36429632,1.0921654,1.3100826,0.34684122,1.5571114,0.17880884,0.47733855,1.2615318,1.2269379,2.5073133,2.5375528,0.7165591,0.23458798,0.58808273,0.26129377,0.11381984,0.9114433,1.5243145,0.30617848,0.47110844,0.92567873,1.4181778,0.2119163,1.2957982,0.21734034,2.1108449,1.4852481,1.355922,0.44061527,0.8569757,1.3021868,1.2760775,0.0,0.8614365,0.26793382,1.6238415,4.6024046,1.6156298,0.01435019,0.9689899,0.16265818,0.78151757,0.6074059,0.5411435,1.2104213,0.47165668,0.9302128,1.219448,0.12024578,0.12769257,2.1681926,2.7431476,0.8986511,0.09980937,0.2894914,1.3899312,0.0,0.6018061,0.6980236,0.985268,1.0540574,2.7074578,0.85660255,0.6759694,0.14589062,0.1641198,0.32967344,1.6796556,0.7829893,1.7474571,0.17764449,1.944249,0.898703,0.53043216,1.475447,3.8429813,1.0977012,4.6355643,2.3715575,0.48656464,1.7407123,0.919375,0.14487466,0.919162,0.35400194,1.1509147,1.950084,0.33688307,1.3605759,0.1939766,1.6694618,1.0660514,0.1169395,0.37813294,1.5570955,0.8422928,0.33009478,1.5925193,0.639356,0.9797092,2.2037053,0.77449757,0.50517654,0.45001826,0.55171555,0.8613218,1.4553524,0.10082723,0.79660195,0.35352126,1.2743251,1.7567565,1.3692532,2.1506054,0.74279916,1.4875015,0.2954543,1.0452659,0.15552154,1.3763885,0.34315798,0.6366987,1.186235,0.008260533,2.1076522,1.3976585,0.28479856,0.2131283,1.2007492,0.009056131,0.18243742,0.95002556,2.6257665,0.0021346002,0.2745165,0.023893367,0.0067447885,1.837883,0.0427184,2.646736,0.103632525,1.1156647,0.13290621,0.6614694,0.14630313,1.9714041,0.27664378,0.0,0.0,0.64670855,0.11184146,0.8462401,7.109854,0.4135597,0.31915987,2.2838454,0.6459341,0.13928816,0.21987715,0.7400172,0.06746643,2.2697432,0.7741204,all_pothole_images\pothole_images_enhanced_f2f4a0e9678a92679cba5c6d85895acf.jpg
0.5360583,1.7687515,0.8489704,2.0023062,0.120443925,1.1037408,0.159149,0.07143061,0.046253998,0.3935482,0.012271702,0.1734132,0.56488806,0.644591,0.1686265,0.1134408,0.4161198,0.38748887,0.19311717,0.7425683,0.82696545,1.8394202,0.070507206,0.557241,1.3170859,0.26090857,0.41050592,1.8048046,0.3649421,1.9264055,2.155904,0.050116096,0.1322829,0.35362577,0.08000521,0.07948611,0.46221125,0.9038735,0.28942627,0.02954098,0.0,0.012476947,0.6802473,0.854194,0.87494564,0.064726315,0.098549746,0.33212534,2.0142159e-05,0.006012877,0.7218648,0.46281105,2.5241172,0.16291043,0.028513864,0.8252046,1.468532,0.58782625,0.53540605,0.009231582,0.080312,0.6409768,1.4852628,0.54431033,0.26575023,0.8256625,0.07814671,0.017779091,1.7617419,0.033536345,1.2420492,0.6479955,1.6605418,0.21993777,1.2610737,0.2962669,0.015634147,1.5401942,0.09804033,0.074826695,0.13702771,1.0484377,0.0,1.4747866,0.8219148,0.4865106,0.06426928,0.20793714,3.1617289,0.74827325,0.2738041,0.0,0.122745305,0.48660895,0.15017793,0.0,0.5383444,0.007851006,0.7715324,0.079570815,0.073702335,1.6008346,0.123304635,0.001940722,1.0373758,0.006613168,0.28543824,0.030982042,0.5356051,0.08901341,0.8716652,0.52759135,3.0822244,0.13830782,0.24315253,0.9937779,1.2145149,0.1025924,0.023917079,0.18798779,0.4309447,1.3740485,0.65232384,0.21892796,0.6856031,1.1399492,0.23501328,0.21449603,3.8824008,0.050975498,0.22861342,0.0,0.21998267,0.0,0.18981154,1.0953274,0.31341672,1.6617051,0.68299633,0.12572405,0.5040479,2.9312205,0.0,0.6389074,0.22459674,0.93276024,0.0,0.93082184,0.07241164,0.931287,0.58952993,0.30067277,0.22956184,0.10004637,0.5250123,0.16640939,0.18178089,0.14502297,0.06640088,0.33871654,1.6334584,0.76947695,0.067451485,1.6085012,0.39604104,0.085237764,2.2247949,0.04481818,3.35064,0.7021077,0.031719115,0.06163056,0.27695486,0.20407507,0.47276205,0.3873179,0.9821554,0.06397126,0.29253834,0.18236627,0.52271163,0.31040305,2.6063552,1.0693135,2.7821593,0.23936293,0.037518546,0.16392489,0.22803666,0.1353054,0.2684019,2.0040665,0.014307648,3.1242888,0.033891555,0.2979551,0.078835346,0.26496512,0.16433857,1.0292491,0.5447281,0.44658303,0.64023805,0.9814858,0.48906404,0.7243826,0.6218908,0.7803782,1.0439204,0.20464984,0.0,0.007394477,0.5693334,0.52424806,0.44247946,1.8210438,0.60369784,0.90191454,0.3957805,0.055284604,0.7380923,0.016588962,0.0021749635,0.681293,0.0,0.027086848,0.9737448,0.45572326,0.65028185,0.03455767,0.035066184,0.0665096,0.64439464,1.4689114,1.1929979,0.098165624,2.0886066,0.0029986599,0.32086843,0.6249314,0.1875549,0.17459,0.99874,0.50390136,0.15926142,0.01571596,1.8449516,0.14720185,0.3100743,3.4518728,0.68684536,0.03540207,0.3716398,0.13210121,0.19875464,0.014422499,1.5002307,0.2754653,0.27656913,2.3494473,0.0,1.6447065,0.85313666,0.0048534363,0.04969802,0.85653365,0.36614677,0.59506184,3.2830327,0.40205967,0.4430088,0.0052520083,1.4083872,1.1635667,0.83293444,0.16614716,0.84224427,0.61517406,0.77379656,0.6650655,0.6647225,0.009803832,0.07335259,1.920247,0.7997356,0.36816156,0.14516845,0.6873607,1.0138112,0.18984193,0.13342102,0.12415604,0.13345559,0.5419211,0.57924825,0.09467094,0.08183849,0.1695898,0.32057014,0.67444086,0.19120741,0.11306984,0.037543222,0.018723395,5.8560057,0.5010521,0.05650871,0.37046388,1.276205,0.061744902,0.11182485,1.4365679,3.2747219,0.4033704,0.06185392,0.5318249,0.16724639,3.1453876,0.18572558,0.52107024,0.030470748,0.16230066,0.26162514,0.3588119,0.19352338,0.88644356,2.088208,0.0,0.126776,0.033780113,5.0820575,0.07486919,0.5564459,0.087507404,1.6835215,0.26922306,1.6489345,0.7010934,0.5373344,0.045930717,0.5579084,1.9279044,0.9908405,0.67359513,1.0654526,0.72548175,0.60148746,0.0861396,1.0618569,0.13015018,0.25820756,1.0287061,0.5697864,0.71760714,0.03225165,0.0,0.06435999,0.9101243,0.107689016,0.6486614,0.0027271975,0.10305606,0.25495255,1.0171729,0.013263004,0.2646085,1.1361661,0.86635244,0.054856464,1.087107,0.47500306,0.10945236,0.33029217,0.0,0.98565656,0.413919,0.9683584,0.022235453,2.2406015,0.24085836,0.7882233,0.34094554,0.32426465,0.10446803,4.1087046,1.4500775,0.693988,0.3721808,0.01809714,1.1498499,0.034269843,1.9860587,0.77964455,0.29676053,0.005518624,0.726585,0.14586493,0.13192867,0.073561326,0.044491343,0.070241004,1.0126994,0.48933756,0.5031054,0.2325355,1.1465147,0.49443564,0.04496309,0.7426703,0.69689816,0.9274877,0.40031508,0.46098396,0.15920016,0.43489894,0.7120889,0.28714636,0.91013724,0.19959196,0.0,1.5626001,0.0,0.75397277,0.34397775,1.1357505,0.76185745,1.9011495,1.3446128,1.0065866,1.0804292,0.33862704,0.08577448,0.043044582,0.0,0.0059256777,4.4825463,0.33662936,1.0504938,0.9254304,1.3796763,0.49665934,0.01987096,0.14219615,0.33728102,0.14468129,0.13470048,0.33681908,0.8324082,0.25687405,0.13030243,0.56576794,0.020920072,0.5382296,0.18974102,1.8667717,0.76755613,0.34127885,0.41928488,0.37826428,0.40042737,0.623533,0.09459365,0.46085167,0.045287024,1.2149044,0.66601795,0.0,0.002254112,0.8174881,1.3259588,0.7335938,0.055676006,1.1355696,0.35239464,0.18352929,0.0,0.13363887,0.67956096,0.2805394,1.5024385,0.014429033,1.9069827,1.5359731,0.15998298,0.0997352,0.017896298,0.4807768,0.008394645,0.76218563,0.0006797948,0.25622928,0.4822685,0.012642022,0.26085997,0.014371363,0.04679103,0.86372995,0.0005181921,0.13801901,0.004075395,0.059455067,4.6728306,0.8754433,0.15656555,0.6274893,1.2810721,0.50344694,0.49537823,0.07114161,2.0108316,0.6121612,0.31486788,all_pothole_images\pothole_images_enhanced_f32368126397c5ef2dec49167672aaf3.jpg
0.18460593,0.6804526,0.6836302,1.5910524,0.13724326,0.41149154,0.745865,0.25672886,0.14536364,0.48940876,1.1899542,0.07731741,0.13579582,2.168574,0.012734512,0.014208267,0.67194855,0.79111975,1.9104195,0.09933536,0.7510706,0.0868985,1.2839458,1.9785928,0.27039826,0.41254112,0.074405,2.4969146,0.14651655,0.07808172,0.56014425,0.1703595,0.048375558,0.6809255,0.24371135,1.2020448,0.44745705,0.38554052,0.6211003,0.31765506,0.0,0.28955007,1.3476043,0.97711366,0.17151766,0.1390221,0.38712353,0.6564049,0.085947976,0.21015665,0.27591208,0.14396942,0.5002554,0.09792846,0.33505976,1.4681686,0.55692023,0.41305923,0.5879853,0.1687559,0.6112011,0.34123898,0.56837064,0.5183187,2.1231978,1.5385318,1.6941419,0.017460039,0.04632041,0.032122716,0.3637051,0.11021793,0.52790374,0.029955702,0.30350393,0.018130334,0.08744168,0.40580943,0.08817049,0.0,0.0069242576,0.09576435,0.45237684,0.41233373,0.33461955,0.25830948,0.119119674,0.016177053,0.13759114,0.15377732,0.89956826,0.8239545,0.14601244,0.03644799,0.5461104,0.10185528,1.0723935,2.5068803,0.43271574,0.16631281,0.1158614,1.235767,0.0036681523,0.80985945,1.7136747,0.9496514,0.08277915,0.075581305,0.4299666,0.36694068,0.2920098,0.68189853,1.0110637,0.6407395,0.4157208,0.051194176,0.42402655,0.14950316,1.5961566,1.6645478,0.99915355,0.57600707,0.29602072,1.6514292,0.5033315,0.248064,0.6221089,0.070935585,0.7162239,0.26075011,0.3627637,0.487221,0.049371243,1.0004414,0.0793323,0.2743696,0.32094097,0.13240302,0.5726783,0.19147156,0.88643736,0.23605198,0.16738817,0.48585778,0.53578115,1.3149333,0.5198073,0.36337057,0.061933763,0.27276257,0.0024648868,0.79417396,0.08111766,0.1252039,1.8565602,0.55650634,1.1341438,0.3042076,0.004400221,1.1904569,1.8069059,1.8295324,0.13338646,0.76093626,0.28998008,0.015487446,0.40450057,0.12589541,0.46836945,4.1470556,0.004766605,0.037108865,0.10164383,0.16257463,0.28299698,1.1690991,0.3934264,0.041230947,0.154514,0.06633996,0.043484103,1.9361295,0.41798162,0.91016734,1.5181526,2.3891118,0.29543993,0.13271321,0.6436697,0.4016355,0.03627804,0.58736044,0.9661846,0.99352825,0.36277848,0.009275151,1.727884,1.519766,1.0944117,0.76895994,0.109183446,1.0647492,0.025705833,0.238407,0.97071826,0.4684565,0.19904661,0.12503728,1.8493959,0.74994797,0.04531716,0.027423734,0.9615125,0.6369274,1.0345724,0.96150035,1.1873834,0.7359267,0.9680853,0.02933252,0.50661767,0.9311428,0.81275177,0.49931026,0.0,0.0,1.4099768,0.13559157,0.85596645,0.9832541,0.37297198,0.3471394,0.3014494,1.0281469,0.8456076,0.08161319,0.87070626,0.77178603,0.4825896,0.525623,0.0025718294,0.20536827,0.43193984,0.87654585,0.09544869,0.013756853,1.4895222,0.18545534,0.18157242,5.082319,2.095938,0.0,0.0,1.0668263,0.5620364,1.4885755,0.2135149,0.5651897,0.0,1.5447278,0.61291933,0.55758053,1.032034,0.042511042,0.36623,0.55246776,0.44341126,0.36610553,2.6843264,0.04575308,0.1233334,0.46619454,0.9692686,0.41973382,0.20238797,0.4234556,0.3808318,0.2559349,0.15652744,0.10008981,0.82754564,0.5979235,1.0433524,0.07294916,0.16424948,0.6100446,0.89186966,0.12395452,0.7658414,0.018402088,0.035745323,0.08402419,0.12948124,1.1961462,0.602993,0.43836185,0.29890645,0.2892643,0.040392153,3.208927,1.0296932,1.4856548,0.0029404685,0.0809383,3.941942,0.05411471,0.41977036,0.48555046,0.13008569,0.14315332,0.6307681,1.0325518,2.9285553,1.6575298,0.56301785,0.6330762,0.016589437,1.7661896,1.9596301,0.7134216,1.0296907,0.0011463345,0.60972434,0.65722686,0.416685,0.10430404,1.0413357,0.0015877621,0.2992987,0.14135751,1.8603439,0.29327613,0.2594957,0.26035708,0.029089946,0.09767499,1.9744179,1.9318608,1.2001132,0.024460666,0.22676314,0.16220981,1.5472437,0.7778153,1.1508296,0.11754974,0.19366506,0.09199284,0.4312916,0.5161321,0.18619901,0.37664038,0.17988855,1.0150716,0.10315811,0.2369023,0.04229052,0.5863894,0.48326936,0.13201869,0.9704064,0.50064963,1.0509446,0.07418272,0.0,0.042639993,0.39002284,0.069898486,0.33059362,0.9633446,0.2807784,0.6710607,0.8375563,0.17505081,0.58579516,0.33217442,0.24204789,0.024779791,0.50482774,1.0556456,0.4503758,0.009577107,0.2718177,1.0593706,0.926512,0.60981816,0.8228714,0.21389566,0.043544486,0.8106766,2.1272688,0.44039565,0.1848111,0.7771197,0.05007512,1.3072999,1.0510086,0.4321711,0.12183053,0.0005635823,0.104412615,1.2863601,0.110227056,0.034515925,0.5308678,0.031202838,0.4520373,1.1821318,1.048814,0.23345861,0.22822405,0.10918955,0.24741675,0.7394756,0.08438447,1.2736704,0.503261,0.5283399,0.37757993,0.09173461,0.23807703,0.07197966,0.16652298,1.7041229,1.3956126,0.006952597,3.1899931,0.0,0.262824,0.07484954,0.03621365,1.1270859,0.0,0.50346094,0.70792514,0.7093456,0.11311925,1.1032882,0.65286666,0.07978072,0.8789669,0.19192025,0.49207178,0.10300893,0.32323697,0.0,0.0980506,0.25822535,1.1823181,1.865295,3.6651149,0.117531076,0.05512386,0.93374616,0.03371628,0.42673507,0.41406584,0.6919657,0.0,0.10743911,1.7372116,0.5080872,0.5986128,0.29633802,0.31420866,0.07439233,0.08522232,0.0,0.13022667,0.6176684,0.24333766,0.4093521,0.14956899,0.004508935,0.68533677,0.005171149,0.30428502,1.4878895,2.0846114,0.029275784,1.2642567,0.43187386,0.70526916,0.35791475,0.036723636,0.053229477,0.04802396,0.066713236,1.9680024,0.024697589,0.2786725,1.6287605,0.052807134,0.0,0.075253755,0.0,0.29300234,0.008956808,0.001981896,0.512537,0.008129702,2.752746,0.76787376,0.12251155,0.25783685,0.6296176,0.902076,0.6472929,0.32378498,0.43973592,0.9868165,0.11900737,all_pothole_images\pothole_images_enhanced_f34f2f006e4f095d4d3b4887609b18dc.jpg
0.22453766,0.3228885,0.07202306,2.1339023,0.63544834,0.05439898,1.6847892,0.023845235,0.37348098,0.7250145,1.2547613,0.688925,1.7830353,3.2557719,0.48910224,1.0178663,0.036785897,1.8942182,1.0816492,1.3863764,0.20628178,0.8306102,0.28452167,0.26219586,1.1926355,0.3228954,0.06381829,1.7020286,1.674249,0.5191674,0.35681188,0.72086024,0.18281206,0.32861894,0.0445314,0.7009178,0.031192616,1.5876759,0.26853728,0.044096444,0.04119654,0.65185654,1.3547786,2.1569304,0.35002992,0.24870498,0.8874955,0.025994342,0.32366848,0.046350054,0.81370264,0.20550232,0.42983747,1.0736787,0.55778795,1.8893999,1.0186896,0.17360204,1.1801525,0.84468293,1.3398017,1.0514559,2.3190117,0.17936754,0.60131514,1.8063059,0.79433733,1.3236203,0.2842751,1.2244346,1.2910993,0.28556952,0.3214545,0.6875039,0.29874456,0.18048447,0.44083202,0.8696262,0.96708786,0.93941396,0.0,0.0067688683,0.52371275,0.82774436,1.0325888,0.3372148,1.3586503,0.0,0.9677585,0.34974363,0.38798115,1.3061305,0.40998197,0.72222084,0.61590046,0.43096238,0.36488247,1.7168148,0.3542294,1.6832876,0.75451607,1.5949793,0.67529166,0.44368267,1.856418,0.19025306,0.44049436,0.004715684,0.05019146,0.42515492,1.4807805,1.0707577,0.6229175,0.2309202,0.29938063,0.86634934,0.004187401,0.9076668,1.8715516,0.9379365,2.5070057,0.34065706,0.89819795,1.3089634,1.8376284,1.2200863,1.4237655,0.16434266,0.0117894225,0.573131,0.5826121,0.5790897,1.1135956,1.0445578,0.11107522,0.28309909,1.394801,0.59684926,0.22365369,0.5276568,1.438999,0.8567523,0.9892601,0.50930667,0.14232905,1.4161593,0.0,1.8849503,0.43295026,1.1712426,0.47878832,0.70209134,1.3968717,0.93667656,1.8428823,0.5525707,0.2262551,1.1790146,0.3307244,0.24595378,1.8971839,2.433891,0.06603082,1.6224427,0.27638307,0.47978446,0.27016726,0.57632864,0.43476734,2.728088,0.96422654,0.50976205,0.1428352,1.4576839,0.69343084,0.87855715,0.47910082,0.20058876,0.6958089,0.3240475,0.6846759,1.5545423,2.0061104,0.48316517,0.3486431,0.94399285,1.4673967,0.9276462,1.2185285,1.4943386,0.46689737,0.86408573,0.124873646,1.0041871,0.06757703,0.016450237,2.6403387,0.16487014,0.18976843,0.42418835,0.5215139,2.1115563,2.4398625,0.3325803,0.46508348,0.25914598,0.14625737,0.19262469,0.8804815,1.7275834,0.15345584,0.046340056,0.79765505,0.0038555067,4.212941,2.5465946,1.8010957,1.2229601,1.6708359,0.2575881,1.4605418,0.47558123,0.62813455,0.72126335,0.0,0.14136241,3.31832,2.018644,0.43743175,0.5641657,0.3045637,0.08304749,1.2693652,0.34220037,0.110685,0.0920118,1.3994493,0.42318612,0.16435213,0.45244598,0.7890605,0.37752506,0.36842272,2.2241998,0.007953415,0.012462852,0.827345,0.13175426,0.72477245,3.1569076,3.2740803,0.013151362,0.5365499,0.18574499,0.85064805,2.2091353,0.24227913,0.2006016,1.1361701,1.4279064,0.5485108,0.8865116,0.92725134,0.48397923,0.16125248,0.4542766,2.2447083,0.069129005,1.3428106,0.12415076,0.26832008,1.1705955,0.7822808,0.21965882,1.5317208,1.5166037,0.30465588,0.90780705,1.6155934,1.0102243,1.0529189,0.61972857,0.64383537,0.8083398,0.53984153,0.8907729,0.9767515,0.38107178,2.120583,0.5515147,0.11367192,0.5406546,0.9514929,0.7990346,1.4192358,0.21908963,0.07403719,0.79319733,0.005780271,1.9549277,0.68512094,0.5301016,0.4990074,0.032900285,4.285064,0.16770002,1.1235969,1.3388754,1.5108893,1.2920542,1.674258,1.135549,2.3716524,0.66667765,1.5827693,2.0702062,0.7763561,0.9970067,2.9292166,0.18751921,1.3983532,0.7488224,0.5395113,0.96115685,0.9518895,0.4856157,0.84782237,0.0656971,0.447859,0.12893498,0.51927394,0.045256805,1.2913557,1.0374465,0.1950614,0.13339144,2.0458581,2.5220566,1.5485896,0.76660305,0.82321805,0.41191426,0.7829489,0.97379893,0.98017895,0.17129257,0.42701927,0.27613753,0.38731962,0.45348525,0.74934167,1.2280525,1.1009834,0.24981302,0.079950966,0.28513592,0.03993053,1.6217374,0.6270356,0.4281323,0.2940483,0.46508476,1.0662953,0.41647804,0.281435,0.17621402,2.2658596,0.70207,1.0222534,1.3457433,1.804131,0.44222182,0.7624924,1.146352,0.55895644,1.3133076,0.008267491,0.40593076,0.3801575,0.0516703,0.40900803,0.19443107,0.36728993,0.47607428,1.9002508,0.33982012,1.0190872,0.100042805,0.15665355,1.837474,0.18393555,0.28191712,0.06640956,0.39427394,0.05430526,0.09523428,1.2495468,0.40796527,0.7649039,0.24100481,1.6805348,0.93057513,1.5945605,1.0940117,1.7212896,0.80190945,0.7187487,1.0526159,0.34332713,0.18080536,0.6508874,0.6453318,0.5861674,0.7628902,1.0407312,0.22256052,0.082043864,0.61972946,0.7010386,0.16543502,0.67313755,0.6844128,0.2691365,2.9886792,1.6927843,0.017263826,0.6449894,0.0011635224,0.18992451,0.43302742,0.9962909,0.56296766,1.0188516,0.7345274,0.3193386,2.802772,0.008219195,0.50435966,0.0,0.013674876,1.5710099,0.58893216,0.10634062,0.05054789,0.15647617,0.19009796,1.032136,0.9823753,0.32750982,0.27977026,3.5482414,0.839778,0.11224398,0.8132899,1.019604,1.2385957,0.3625865,0.20729168,0.106856,2.176981,1.9038662,0.019257927,1.2970911,0.5751999,1.5539607,0.8746849,1.8055847,0.18136494,1.0655476,1.4063463,1.0071843,0.91077626,0.27168855,0.76465493,0.50457287,0.89009327,0.58231336,1.9109924,0.851422,0.28781986,1.1032131,1.5881643,1.2215097,1.5940907,0.0,0.92112327,1.580364,0.06542178,0.6674199,0.8895722,0.92417455,2.1475682,0.3499634,0.36563468,0.6424647,0.49789587,0.19657806,0.012721339,0.9889183,0.35065484,0.5913874,3.169646,0.24984469,0.9282801,1.4478892,0.30529085,0.66793674,0.9273468,0.16305901,0.5036074,0.003542779,1.0940592,all_pothole_images\pothole_images_enhanced_f3682755795b116df50cb3fab74a9c8a.jpg
0.24021615,0.9766922,0.57794374,1.0286438,0.65509045,0.60076785,1.0676976,0.09245584,0.058568414,0.79994965,0.11004805,1.302683,0.39343256,1.7809619,0.20024401,0.2970112,0.8689733,0.2063692,0.2808528,0.36506245,0.37262237,0.6501927,0.08572748,0.685507,0.7248337,0.44682196,0.61459845,1.5640748,0.5554582,0.52360445,0.39026606,0.30740452,0.82385665,0.5063119,0.5101665,0.21516488,0.84353524,1.1225741,0.45213142,0.28480214,0.026150363,0.6596568,0.07433537,0.7965637,0.07352073,1.8438662,0.0031491527,0.0,1.4922765,0.4078745,0.078729935,0.17797361,0.22615416,0.058995828,0.4839349,0.19219764,0.19655208,0.02977306,0.45535985,0.3499973,0.072526895,0.0,1.5382472,1.0467314,1.2119558,0.92983353,0.66262305,0.14458017,0.010401634,0.09216701,0.46848404,0.19035876,0.23433323,0.6682144,0.6178707,0.5782253,0.18370514,1.1007347,0.24302524,0.21588714,0.6627838,1.3162599,0.09060899,1.3465875,0.6428364,0.8971615,0.097203955,0.16802561,0.4575297,0.015035633,0.2767529,0.31829634,1.297329,1.3025867,0.3510091,0.23891531,0.46111998,0.3093363,0.50862217,0.61276823,0.32918975,0.35660034,0.53948766,0.868041,0.5368416,1.4772712,0.6171338,0.8942898,0.3606154,0.077662095,0.06277079,1.2990804,0.96585906,0.33633143,1.5069969,0.9404026,1.363503,0.14176416,0.68898463,0.41696742,0.6968264,0.44687787,1.8531106,0.36967802,0.13333538,0.20065545,0.32471612,0.058687337,1.0971059,0.64892066,1.0127147,1.7692806,0.38029546,0.5796213,0.3996409,3.200641,0.37826473,0.43750185,1.9769218,0.1841171,0.096986815,0.41289604,0.3454275,0.36884293,1.3057642,1.3664429,0.011313685,0.35391718,0.18550745,0.047902677,0.12404697,0.3261527,0.15210381,0.030508338,1.571595,0.8017694,0.22526392,0.0026323353,0.17356691,0.18371971,0.5581607,1.2729257,1.2874703,1.1004924,0.22062935,0.5727543,2.510639,1.071362,0.7578458,1.1753472,1.1300569,0.58023876,0.44452184,1.3308647,0.48059818,0.7189576,2.4005833,1.7782136,0.37127408,1.3829849,0.5475841,0.30773708,1.7545675,0.032141548,0.6013995,0.11469317,0.19700192,0.017810034,0.26226208,1.7723172,1.6960691,1.0037717,0.17412505,1.0640008,0.39378807,0.9691724,0.004288564,0.22464746,0.026235772,1.9118392,0.6259562,0.00891536,0.5023764,0.99003094,1.1768044,1.1192621,0.005612962,0.788499,1.3845301,0.13710082,1.0370524,0.6024277,1.7904736,0.38268584,0.6249258,0.48070237,0.46823227,0.8702791,0.57318854,0.039864615,0.18134584,0.5546284,0.6627122,0.0,0.40852526,0.2166265,1.7628375,0.67879647,2.4520407,1.375434,0.5768942,0.7073312,0.54852885,0.5491223,1.6022365,1.5052515,1.1757545,0.7311699,1.1930479,0.11154448,0.1923422,0.74192536,1.202208,0.19228847,0.03247025,0.13931637,1.501273,0.6531087,1.3379991,3.4495254,0.3414014,0.0,0.08047995,0.91000444,0.09277317,0.6395129,1.2165774,0.04969926,0.24288543,1.7284955,0.395428,1.8093797,1.061799,0.0,0.19514397,0.62447935,0.0,0.21262932,2.1327233,1.1267873,0.16254269,0.36397818,0.17570114,0.2093948,0.17546381,0.66257364,0.0031451266,0.72032344,0.715191,0.26592678,1.3967905,0.19099769,0.7370343,0.25605103,1.572288,0.5290127,1.3782741,0.43794802,2.2428954,0.21726032,0.2839333,0.11516088,0.033682432,0.35555726,0.70641935,0.0901937,0.09277075,0.6127366,0.32321846,2.2221591,0.45881504,0.20464443,0.015510953,0.05803099,4.4417768,0.18173198,0.03942785,0.033515695,1.2374885,0.02932841,0.21950093,0.17633447,1.5646273,1.0564891,0.16628242,0.19592597,0.12368128,0.3636125,0.65580165,0.68922794,0.45890987,0.4849437,0.19559252,1.1449676,0.6479637,0.47421178,0.21123707,2.0523272,0.885134,0.24602853,3.6019642,0.7856328,0.014791993,0.30755195,0.4552727,1.9245245,1.8945334,0.44263676,0.33254978,0.34993458,1.1314697,0.82705575,0.6324437,1.0840408,0.5927977,0.39685622,0.010847618,1.105117,0.55633414,1.0308694,0.0014371604,0.3375887,0.2894409,0.33537433,0.3626553,0.1644127,0.1408081,0.2984695,0.65313387,0.010249927,0.84810704,0.06699521,0.42911053,0.52129394,0.08061565,0.024156692,0.5214791,0.5762993,0.0059053567,0.6473266,0.38076547,0.6222703,0.5291295,0.1402127,0.25091818,1.3297614,0.2838815,0.32328594,0.20362425,0.71910155,0.28802827,0.18832849,0.15395415,0.42719144,2.0023792,0.14759816,1.8883314,2.6195211,0.20262554,1.455997,1.3667468,0.7058908,0.36104545,1.1434541,0.097550474,1.3195294,0.32001558,0.23077577,0.06557411,0.12398928,1.0244267,0.56709427,0.0,0.52766883,1.2325512,0.052361894,1.0374565,0.4696433,1.6032405,0.90516746,0.29085636,0.2426857,0.016501669,1.3781067,0.27201608,0.11569134,0.42389798,0.3238321,1.2877315,0.19641559,0.9751224,0.85154474,1.642498,1.445217,0.9175653,1.0950831,0.52937,2.2582388,0.0025372528,0.5134741,0.3707357,0.23096447,0.79450047,0.4990766,0.34270522,1.052272,0.21653743,0.84721553,0.1823421,0.99307436,0.08292096,0.040907945,0.026920194,0.050290287,0.0,1.3056756,1.5449312,0.107709944,0.0118280705,0.4731109,2.0469155,0.8094349,0.09566668,0.15830137,1.1670808,0.001993334,0.3110946,0.1386814,0.012598715,0.4199041,1.5543395,1.6120063,0.02790776,0.25679874,1.557274,0.1931516,0.34116876,0.021486554,0.009032315,0.84812444,0.2779095,0.33184227,0.741881,0.029938923,0.37553105,0.7110475,0.30203137,0.09940929,0.9554017,0.6406169,0.32847962,0.9865805,0.20464516,0.043887522,0.24301307,0.33654115,0.11048257,0.5395005,0.14487167,0.030219492,0.27365732,0.7530248,0.24472365,0.19321254,0.84617186,0.14081013,0.1572518,0.17155242,0.036666367,2.023744,2.0477407,1.6452252,0.09637804,0.8410563,0.023153964,0.31615782,0.6470752,1.4296302,0.024638155,0.21251184,0.010961631,1.8255091,all_pothole_images\pothole_images_enhanced_f375eaa0d0a742e0214224871e5b9c2d.jpg
0.8963066,1.7646598,1.1656271,1.520345,1.2949814,1.006311,1.2371696,0.0023088334,0.21259126,1.4546977,0.6990068,0.0,0.06131278,0.90178186,0.28111404,0.7938194,0.1171679,1.0499897,0.4918038,0.23089807,0.5700209,1.5032969,0.759401,3.3613703,1.0567542,0.17268263,0.19717516,1.6560806,0.013460382,0.46707338,1.4646999,0.18644601,0.6663618,1.1054174,0.353674,0.9830395,0.3730793,0.34489936,0.17061764,0.7838085,0.56802905,0.08405242,0.18760617,0.2775676,1.4739066,0.30847132,0.24872413,0.21743937,1.9074414,0.6561773,0.0076301405,0.2464039,0.06532131,0.06966251,0.1108607,0.3360471,2.32058,0.17625651,0.16570815,0.26696432,0.09948341,0.387948,0.6123896,0.1186509,0.04903787,0.3953918,0.07839432,0.41564617,0.32369053,0.29081795,0.0,0.14319345,0.9052663,0.27020848,0.28520152,1.565311,0.64377594,0.2911822,0.08920364,0.8347207,0.0029430443,0.14707492,1.2290586,0.55263346,1.2853234,0.867249,0.04794464,0.31564108,4.0020514,0.64827466,0.09673577,0.349158,0.16291714,0.011574877,0.14037082,0.08315627,1.36853,1.525856,0.447748,0.041770954,0.116355546,1.7164378,0.34273076,0.5271833,0.36673027,0.5712294,0.092978396,0.47214982,0.9381835,1.4051516,0.30606815,3.8520594,0.21522468,1.8787651,0.21808043,1.0365419,1.015693,0.27793673,2.0044363,1.3086079,1.4793462,1.974759,0.28734007,1.3764066,0.45599177,1.5549339,0.14448969,0.65559894,0.053111814,0.36038405,0.31951302,0.022929875,0.25278762,0.3978372,0.23548931,0.30689186,0.046016414,0.6153704,0.023614377,0.0030118148,0.24348214,0.72558284,0.12018834,0.66703403,0.08550546,0.33590347,0.08054288,0.9729715,0.3152774,0.3086149,1.0600544,0.06922575,0.124900974,0.032898173,2.5100336,0.39774543,0.4829047,0.8772454,1.0437071,0.19358005,2.8540406,1.4914454,0.23409145,2.1236181,0.40706176,1.4091115,0.99897134,0.042475224,1.9775378,0.582128,0.2530855,0.029190755,0.14713931,0.3308883,1.9339448,0.1534086,0.48174062,0.0152657125,0.0,0.10620117,0.0,1.734133,1.0394086,2.7695518,1.4690944,0.47174346,0.5005437,0.31363058,1.5398473,2.1329894,0.33056885,0.5061148,0.05794448,2.140131,0.96433747,0.14426054,0.36242682,2.299297,0.12662652,0.48538792,0.26948112,0.6139826,0.43996966,0.2086216,0.76395476,0.31184453,0.4621904,0.2962053,0.6900096,0.6591891,0.18324092,0.48522168,0.95029837,0.84403396,0.30188552,0.8947045,0.6313779,0.0374901,0.69874823,0.16488215,0.14438415,0.02433716,0.5275421,1.2296216,0.2074959,0.015630277,1.1152176,0.26986983,0.7263692,0.18686911,0.0447279,0.14960988,0.82465094,0.41976145,0.67828023,0.4024604,1.4762757,0.069369584,0.31713688,0.0,1.3127865,0.35105985,0.20660844,0.2140245,0.0042616054,0.05516527,1.1578833,0.014405286,0.24585319,3.982291,0.29103082,0.1532229,0.8484802,0.35678178,0.5116694,0.17307933,0.24572921,0.6933119,0.25553548,1.6590786,0.34314284,0.0064294594,0.7911551,0.20338917,0.25848976,0.46143726,0.8222701,0.12086078,1.5573074,0.1173873,1.005662,0.0036876749,0.09651,1.0313878,1.0153973,1.4596053,0.56651586,0.24407949,0.2973632,0.9424109,0.019625766,0.021492938,1.0814266,0.08743417,0.34080544,0.5714377,0.16294752,0.33007798,0.05661984,0.55046386,0.53600615,0.880983,0.21282549,1.6177424,0.21964034,0.20888264,1.2619975,0.50769866,0.12320306,1.1528653,0.13095903,0.36376417,0.034554217,1.7504694,2.2220423,0.7890116,0.0,1.0380249,0.38109532,0.05160305,0.28366888,0.79711366,4.566039,0.95826596,0.080061,0.1004066,0.022289619,0.42146385,1.597013,0.031690657,1.3659394,0.11231922,0.4219391,0.05604223,0.71307254,1.0498835,0.08747118,0.72164166,0.6730606,0.3307079,1.9693751,0.07104682,0.19541855,0.0,0.003009343,0.38296688,0.9090731,0.00819122,0.23729587,0.30453447,1.1557684,0.4262702,1.5134981,0.056916196,0.61445755,0.13143276,0.49904716,0.0,0.0,0.15063596,0.20021215,0.927673,0.121945925,0.0045739063,0.19766003,0.4066531,0.7556117,0.09788834,1.2667198,0.8348171,0.24542952,1.1002014,0.61352485,0.37122032,0.0039585596,1.2593747,0.37661937,0.09465158,0.7283371,0.3788019,0.98079056,0.5409674,0.4844944,0.040918104,1.4076415,0.65662354,0.5355483,0.26586288,0.009438932,0.3807943,0.5005208,0.11866773,0.8372725,1.3966669,2.1479862,0.56436485,1.7868711,0.08551335,0.46876276,2.0760508,1.4371902,2.9129152,0.8419437,0.55544066,0.028073195,0.16374059,0.6174622,0.30754715,0.33173534,0.15892085,0.2895769,1.8605094,0.6969528,0.74878514,0.19421324,0.0,0.17733586,0.8537512,0.13397709,0.12589994,0.24962823,0.6400497,0.18620212,0.56551385,0.004872901,0.13658945,1.4253489,0.051721025,0.5950039,0.31956422,0.85979265,0.3678175,1.7598839,2.3694088,2.9707136,0.3855356,1.2904764,0.7294095,0.08652971,0.9099997,0.47122854,0.5053526,0.35832983,0.58479035,0.93754745,4.802625,0.6387977,0.32303065,0.13576831,0.9170194,0.3126657,0.2062802,0.03373951,0.27334613,0.3518565,0.05291354,1.3917849,0.24807319,0.34547728,1.1204726,1.5678549,0.9252636,1.0486418,0.88927054,0.99911076,2.0827334,2.572204,1.1880579,0.8632861,1.1472168,0.5675839,0.074938886,0.892629,0.403285,0.58951575,0.8769788,0.28273895,0.03600546,0.48224702,0.8775001,1.5400306,0.28332075,0.012263186,0.32842767,1.146584,0.7868145,0.015504372,0.5035277,0.52085835,0.48557782,2.0857587,3.2217762,0.48440284,0.6037663,0.0027650802,1.0177734,1.3923322,0.9513457,0.11598174,0.011899598,0.2639702,2.3781524,0.4150923,0.0,0.21898848,0.1579619,0.5554871,0.04092955,0.54469603,0.43130687,0.2047094,3.2415674,0.6598199,0.22733548,0.11749933,0.18718456,0.14639686,2.0712051,0.13491632,0.809546,0.8013475,0.74825394,all_pothole_images\pothole_images_enhanced_f39997c7a9a2403ba2f3e6aa2a5accb1.jpg
1.212013,0.4506533,0.1689882,0.6355272,1.3663595,0.028243417,0.08023835,0.0,0.74116063,0.7456612,0.06287075,0.51932466,0.00054423074,0.5656982,0.034686238,0.53089154,0.2090076,1.1326411,0.5344977,2.3656485,1.312387,0.16800176,1.7138231,2.1309273,2.0830808,0.6407494,0.24191424,1.9678233,0.01285478,0.8218021,0.35498855,0.14760625,0.51025134,1.3672602,1.0176368,0.75504786,0.6017045,1.5326935,0.035209924,0.0,1.6387442,0.24560204,0.8642698,0.31269214,0.7414035,0.95923465,0.92556494,0.46872255,2.055773,0.5417766,1.1336632,0.83644515,0.95472616,0.09786065,1.4476911,0.052978292,0.71034646,1.2628438,0.5019943,0.56555027,0.07257133,0.03759091,0.38087818,0.46134877,1.0738907,0.2801719,0.031826545,1.6019268,0.006199912,0.51091,1.7220138,0.16576512,0.80244446,0.45889938,1.5875791,0.09662181,0.70005476,2.1040175,0.4123989,0.47834396,1.0019486,1.9482642,1.3660864,0.8931898,0.5348557,0.1101992,0.3508236,0.08317312,1.3734071,0.38241655,0.16988917,1.144912,0.894792,0.8657436,2.1661785,1.4167675,0.7480475,0.20735848,0.5744938,0.6644671,0.14641401,2.0632641,1.6355267,0.18607229,1.5676249,0.19933344,1.8820654,0.94891727,0.19852671,1.242205,1.0668138,0.5294004,0.45951185,0.40738803,0.7197266,0.56915724,0.1447794,0.18082434,0.4480217,0.6438141,3.0577636,0.92409676,0.6438164,2.3781834,1.4500368,0.14174359,0.9910706,1.2562395,0.23336668,1.054,0.45434117,0.22280447,1.0076765,0.59167945,0.6601543,1.8910749,0.15340297,0.37152365,1.402973,0.38251358,0.32427418,0.9069807,0.8439024,0.9825067,0.76412386,0.5170035,0.5683187,0.27312988,0.07367081,0.25573155,1.0353913,0.13831529,1.3890024,1.6516048,0.8049283,0.75577444,0.53467935,0.034978483,0.55171376,1.5150734,0.6989599,0.15999831,0.94722354,1.678466,0.23641773,0.071824156,0.6037644,0.026469527,3.3636575,2.2086537,1.479,0.19080274,0.04991293,0.38264173,1.0914286,0.98375386,0.56828284,0.16666618,1.1608535,0.5804507,0.11376293,1.705412,0.03277744,3.4700303,4.1601405,2.5632887,0.11985841,0.50621504,0.2699692,1.8854632,0.14072526,0.01908908,0.379379,0.80116844,2.071126,1.1977266,3.8777885,0.24359481,1.8967515,0.5822366,0.9281516,1.234816,0.13553756,0.69958884,0.059981067,1.9419135,0.9229744,1.7463949,1.5195849,2.0139897,0.00041261755,0.3720524,0.19917978,0.14630584,0.53725237,0.76684296,0.18686348,0.14631622,1.0335857,1.3160315,1.3570027,0.09813175,0.27307698,0.46950284,0.009379529,0.50413495,0.41975722,0.67219746,3.1410742,0.8649127,0.10435552,0.28010234,0.33751073,0.013801575,0.49912155,0.19539025,1.5524149,1.0151469,0.14287537,0.69814557,0.31093442,0.4048617,0.35426068,1.087684,0.17432,0.15579847,1.500649,0.5149825,0.79824406,2.3918662,1.0651001,1.396665,0.45996678,0.29072893,1.2740396,0.026437156,0.17199738,0.025265638,0.64049923,1.5274975,1.6730071,1.7942688,0.5872914,0.11497795,0.054762162,0.4126751,0.81537706,0.8474388,0.8013945,1.5996886,0.037699495,0.056027193,1.0276555,0.09144064,0.2081215,2.0303855,0.37606907,1.369918,0.42425945,0.16936037,0.13965708,0.45253536,0.78308743,0.3745995,0.47323114,1.6554061,0.932542,1.6908177,0.73376805,0.042244647,0.09386051,1.656679,0.13189703,0.9367147,0.25439706,0.28008854,0.7788635,0.04316471,0.4827613,2.5954742,1.5151964,0.67006046,0.8647353,0.41398636,1.9841056,0.042315308,1.5015757,0.0,0.3392141,1.4798625,0.24626623,0.4559676,1.8315506,3.9765258,0.36542997,0.5158153,0.024485812,0.93609416,4.281428,0.87873685,1.07072,0.8923323,0.8941766,0.6975635,1.2897773,0.64659894,0.9881112,0.3204647,0.7733527,0.7522774,1.540974,0.28829044,0.66279894,0.95635563,0.22060025,0.7462775,0.49446464,0.18759444,0.48743892,1.2264843,2.0599797,0.112631224,3.8962636,2.04101,0.41818038,0.43134582,0.38378268,0.56482214,0.4317152,1.0902076,0.012692269,0.7280261,0.8963286,0.16520265,0.6624148,1.0981762,0.0045304387,2.5756311,0.096091285,1.4362011,1.6403989,1.405947,0.2173205,0.95744485,1.0150311,1.2003964,0.7675334,1.622496,0.14363325,1.0901726,0.14255005,1.9227316,0.14734595,1.7522985,0.30348393,0.6492184,0.33082065,0.7081336,0.17453723,2.795643,1.2064779,0.2773089,0.56228024,0.6782052,1.2106202,0.4637621,1.3428926,2.252524,0.01723167,0.65361214,1.1234283,1.0356243,0.47683042,0.7222198,0.06644107,0.45536843,2.1729262,0.4507894,0.49234727,0.76510876,0.46986333,1.4064667,0.38912535,0.0561681,0.25727272,0.22689854,1.3799697,0.06461831,1.0883211,0.15928844,0.0,0.029678937,0.2411222,0.41703722,0.31804037,0.48806792,2.6901493,1.5580841,1.7383524,2.042961,0.8813951,1.796124,1.646217,0.040755413,1.2536583,0.51729256,1.0105413,1.4010881,1.9631116,0.61277413,0.4012159,1.2036462,0.020867899,0.9443392,0.07208628,0.40447164,1.945838,1.1862949,0.049054727,0.528175,1.028588,0.44942856,0.3088223,0.26022917,0.07751797,0.11566618,0.07509492,0.101826005,0.4085051,1.0286305,1.5571144,1.0885279,0.68583506,0.25379968,1.7830461,0.03961184,0.10293627,1.0076522,0.1786534,1.0749701,0.6688844,0.523646,1.771694,0.06536361,0.8133929,0.5650338,2.8120177,0.63343006,0.46806237,0.49757633,0.7059767,0.285911,0.40461886,0.42653096,1.1628519,0.5537971,0.022888344,0.7702901,1.9505424,0.026277633,1.2974933,0.817643,1.221023,1.4031,0.62512165,0.7082764,1.0704522,0.6887632,0.755143,0.039991498,0.13056971,0.2188527,0.72705853,0.50949657,0.0,0.12489266,0.07506833,0.30275208,0.56477743,1.1694547,1.6101979,2.9087641,1.6459361,0.4571783,1.0794815,3.102305,0.85219216,0.24282515,0.256678,1.027739,0.30580395,0.15819067,all_pothole_images\pothole_images_enhanced_f3d6e1ac3e33280f36527bbfacef5a1b.jpg
1.0767297,1.826588,0.72224456,1.8760183,0.3428482,0.4364329,0.9824041,0.032947235,0.40858117,0.6285275,0.7278713,0.39553684,0.7410513,0.9461827,0.32778946,0.37067127,0.55810153,0.00224296,0.38007596,0.07207617,1.0886703,1.7634969,0.46377963,0.82849246,0.8237452,0.9152401,0.1922718,2.1403863,0.27157828,1.2258629,1.6484344,0.21501295,0.11108644,1.0675306,1.3533869,0.5102537,1.2196683,1.272006,0.9078825,1.3468243,0.25274593,0.07557441,0.7380568,0.22975162,1.1841736,1.0649459,0.01575315,0.16919851,1.2277895,0.2210543,0.86108196,0.16661695,0.9512606,0.22853485,0.48213658,1.1985692,0.32270762,0.063035585,1.0777954,0.4201444,0.09108699,0.8940101,1.0176529,1.0014435,0.5583373,0.835349,0.8379131,0.37457,1.2239288,0.26198936,0.7814274,1.5678798,1.2311469,0.13413559,1.1423376,1.0779306,0.48120016,0.75692147,0.5193198,0.41266733,0.35119805,1.4111955,0.5426741,1.1843373,0.4475081,0.4100112,0.16143948,0.18571799,4.212421,0.49242693,0.36411196,0.08019593,0.5022933,0.7848207,0.541389,0.14485231,1.0177064,0.3512445,0.5400319,1.1604741,0.21793556,0.8422679,0.08816653,1.973453,1.1727635,0.8058245,0.940577,0.73082256,0.3417342,0.34691697,0.04439558,1.9874442,0.8612275,0.23564918,0.5547753,0.30971366,2.0683198,0.35737044,0.9416346,1.1310998,0.273381,0.25655657,0.9949654,0.08872551,0.7797953,1.2127044,1.0024569,0.8586343,0.60949415,0.8532588,1.1999301,0.032236863,0.0,0.07874979,1.170125,1.3934537,1.0761714,0.98510057,1.106894,0.16486384,0.59479684,1.1263489,0.018532308,1.3927454,0.23018494,1.2329636,0.12242521,0.7114787,0.60385406,1.4344099,0.45660964,1.0765399,0.030686364,0.39512768,1.0995814,0.7667669,0.22596043,0.10179136,0.8477479,0.35934377,0.86147976,0.951402,0.36614874,1.1116503,0.55366224,1.2374227,0.49881688,0.10385381,1.3253856,0.23561594,0.13003711,0.41530997,0.09914542,0.48960727,0.4638495,0.13685806,1.2071161,0.025495976,0.07531614,0.4334825,0.43715456,1.7671771,0.51960427,0.8602631,1.9418693,1.1564443,0.28264585,0.83697474,0.6142803,0.5558427,0.34284198,1.3524375,0.17131993,0.8971159,0.3388372,0.24502349,1.0310063,0.29386902,1.6672503,2.0706108,0.6382932,0.76655906,0.28890786,1.815534,2.0148253,0.5946706,0.48273587,0.5572132,0.6269953,0.03066583,0.46578845,0.12666579,2.4720926,0.39865208,0.98162407,1.2423828,0.8287847,0.2887277,1.2042015,0.12826471,3.4868052,0.30316097,0.6827825,0.71992165,0.52638996,1.042894,0.85308975,0.12861887,0.36358628,0.90827006,0.41445905,1.0900673,0.3408984,0.5148677,1.7277825,0.33110854,1.4596578,0.14729153,0.22515686,0.39717665,0.565137,0.5666135,0.44765553,0.4496249,0.0053877053,0.03667053,1.4496198,0.7877399,1.0088004,3.8506796,0.13125877,0.22589679,0.759443,1.7917824,0.00077700947,0.0016464561,1.3570173,0.7586211,0.4860176,3.0133686,0.11878079,1.66787,1.0428363,0.118658274,0.53748304,0.493908,0.4235347,0.6458409,2.743388,1.4748603,1.0018197,0.03364681,0.424407,0.783827,0.44674358,1.2192235,1.4060172,0.74749243,0.26234454,0.7706442,0.05805935,0.49302736,0.14284302,0.5071774,1.5103105,1.5660433,0.6973057,0.68845725,1.3535326,0.22201535,0.3294665,0.0,0.21841593,0.8599563,1.0346634,0.10062189,0.3263564,0.7575026,0.41597188,1.9600174,0.29846323,0.6499895,0.262293,0.48059455,2.959443,0.15886684,0.35677412,0.7149767,0.7525711,0.13594048,0.397933,1.0852208,3.9133737,0.9798476,0.22067434,0.95344144,0.4480152,1.1911527,1.462588,1.1385096,0.10143484,0.051218703,0.30811316,0.93353015,0.7166135,1.5319226,0.6298424,1.2304806,1.1485194,0.27550218,4.277021,0.2227023,0.011472933,0.35898504,0.38425398,0.7666463,1.8648924,1.056138,0.56359935,0.22815119,1.3343388,0.35132593,2.0073383,0.6624228,0.21548213,0.6264185,0.23884691,1.3793497,0.98310786,0.8522869,1.0496495,1.4637436,0.32319814,0.27512044,0.089394026,0.0,1.0953933,0.37064773,0.6447541,0.86354965,0.057613425,0.0,1.2016062,0.7877945,0.005679631,0.11036065,1.6015921,0.7940768,0.046407416,0.61130357,1.3294022,0.8302595,0.50813407,0.17097352,0.65593374,0.9680954,0.18416171,0.21885574,0.19128744,0.96934557,1.2461138,0.0131670525,1.4805008,0.8947773,4.324522,0.56031775,1.4715451,0.104847275,0.63883746,4.1229887,1.0951225,1.036143,0.25837123,0.332333,0.19906382,0.9065693,0.62727,0.37191156,0.4345438,0.09057932,4.6514473,0.66697115,0.27005932,0.25914854,1.5610948,0.71673274,0.5930817,0.5699208,0.11282013,0.14389168,0.58195096,0.646453,0.9558579,2.0747287,0.102949,0.14808172,0.71461535,0.88781404,0.7545605,0.018448781,0.99300295,0.47324345,0.26010767,0.72390366,0.27886626,0.54221153,0.20695959,1.7680945,0.54086286,0.85076475,0.15773493,0.20572892,0.62884927,0.1013745,1.1974638,3.2204158,0.62039214,1.3500735,0.18363616,0.7111146,1.0071788,0.27868858,0.4200755,0.55174357,0.016414935,0.091489285,0.9994289,1.5242132,0.71179414,0.24983732,0.95348257,1.6979853,1.4537368,0.80996794,1.2216921,0.57732475,0.4566993,0.28654462,0.42113397,0.7854488,0.8969839,0.15503822,1.2838312,0.80104935,1.6966674,0.6399589,1.109899,0.19369078,1.82466,2.125036,1.7729326,0.42036593,0.47131735,0.27944067,0.36379832,0.35525718,0.5425017,0.92395514,1.5810556,0.46808848,0.16747105,2.6197152,0.4547877,0.048569,0.01998756,0.049311288,0.57415664,0.11046459,0.34116706,0.013653699,1.1614724,1.6842835,0.013420735,0.034477163,0.11322665,0.35012498,0.12446399,0.022000283,0.28653514,0.024054082,0.19189322,3.3840864,0.78559875,0.2187836,1.5025052,0.23244904,1.176815,0.9551664,0.825864,1.6098344,0.117776625,0.51838005,all_pothole_images\pothole_images_enhanced_f4207018afea392bbc86d21d9f585d6b.jpg
1.345098,1.8609049,1.1310818,0.26595706,0.6333163,0.71989936,1.9745802,0.84220773,1.0890871,0.23063438,0.8525655,0.06383609,0.7392543,2.38703,0.63385916,0.09804463,0.18119158,0.78314716,0.5050615,0.12874088,0.92771053,1.6610342,0.37469324,0.35554355,1.6665727,3.080268,1.5293453,1.4752032,1.780574,0.09117787,0.007309378,0.57814974,1.1429043,0.09374984,0.28008273,0.49583447,0.33417106,0.6185589,0.21083504,0.63102674,0.44979134,1.153827,0.9498015,0.264872,1.7892865,2.202632,0.6649369,0.11811242,0.7755519,0.09215979,0.992239,0.9331174,0.7358145,0.48601267,0.026073862,0.793013,3.2031405,0.0,0.1897705,3.0150547,0.017444586,0.19345127,3.1041439,0.7231756,1.424266,1.2983887,0.22390838,0.00873347,0.020118669,0.039474394,0.0069916355,0.75744784,0.024849648,0.45471868,0.13181953,0.2776271,0.33243388,1.2462437,0.26064822,1.08607,1.2780972,0.0,1.5610642,2.0070446,0.60147154,3.4819603,0.7200585,0.22086503,2.2513087,0.9488795,0.16005269,0.7782014,0.8404608,0.6107784,2.4280567,1.3535852,0.68231696,1.0753565,0.5286377,0.6658143,0.68609446,1.8263618,2.087362,0.7397101,0.22424215,0.89144886,1.4414598,4.596045,0.7187892,1.1377473,0.31320533,4.0225625,0.7281559,0.6416131,0.26215154,0.44277778,1.1913234,0.4633234,0.7667335,1.0154246,0.76641893,0.18348923,2.8154125,0.0032068284,0.04121948,0.06580648,0.048200637,0.08198528,1.573225,0.15424848,0.70999426,2.4306333,1.1196259,2.5980315,0.15587941,1.0363169,0.025566682,0.37181386,1.1653594,0.13206959,0.5003805,0.1150365,0.046403438,1.0582051,1.3276999,0.2392034,0.26965126,0.00074098393,0.12281584,0.38001892,1.1649225,0.3247569,0.047984228,0.07737475,1.6196877,0.92576885,0.6784783,0.34721863,1.8393191,0.45274815,1.3855219,0.61884344,0.24365346,0.86151147,0.25960946,0.2167543,0.47871023,2.1570344,1.7390153,0.036915738,0.7764542,2.060137,0.6132388,0.47718763,1.3322736,1.4818392,4.973228,3.1200697,0.420183,2.5953662,0.27080607,1.5587872,3.493107,0.34373552,1.255972,0.27292895,1.9542547,0.4611018,0.007271153,0.2307111,0.5467209,0.0024683967,0.07427439,2.0698578,0.78461176,0.13306578,0.5443462,0.05354243,1.6411341,0.5225456,0.24130256,0.07909105,0.57306653,1.9314204,0.36006218,2.7969697,0.30907917,0.89756525,0.9777874,0.3347401,0.6436116,1.7064878,3.6337872,2.9796584,0.45945257,0.4079036,1.7213888,0.4530537,1.9818695,0.0034651586,1.5963417,0.477312,0.7903258,1.0632155,0.03328997,0.39804372,1.9767371,2.0365477,1.2301862,3.6076975,1.3291913,0.72778726,1.1152904,1.4688847,1.6929961,1.6152025,2.5478332,0.96186656,0.18174191,1.0628108,1.4374142,0.4939765,1.861539,0.17844677,0.6998356,0.02190887,1.8671626,0.8793209,0.8264285,2.4211428,3.7519562,0.028532585,0.48136514,0.32984772,0.21112476,0.05674302,2.3587618,0.2591049,0.943565,0.85978305,0.3127515,1.7602277,0.23710558,1.5869728,0.25973934,0.7346148,0.7467698,1.0944196,1.4273138,2.2325046,0.0911949,0.74619645,0.9070193,0.01539848,0.09873326,1.8672571,0.25661173,2.117759,2.295793,1.480467,0.4316565,1.3065541,0.06723583,0.0394488,0.5045894,0.15826784,2.9723687,0.36503753,0.8376529,0.36965606,1.1769179,0.71454114,0.26910275,0.68232334,0.25136262,0.43644315,0.997073,0.112218425,0.9832451,1.0974725,0.011167961,0.54028994,0.9963022,1.4193375,3.9819658,1.5153307,0.007943869,0.22861588,0.50122684,0.48735675,0.22538446,0.9952714,2.19179,1.776741,0.0705267,1.4337966,0.7780735,0.6622274,1.349475,1.2763349,0.023489527,0.45492783,1.0289629,0.28420594,1.6650633,0.7550937,1.2905742,4.2722526,0.20493668,1.1404179,4.152418,0.8224722,0.0,1.327708,0.002378981,1.1906408,1.493741,0.73984015,3.054627,0.67948085,0.1515015,1.0513737,1.0629295,0.52441627,1.2584467,0.13304992,0.46462125,0.29211238,0.49424428,1.8110175,0.56347454,0.87718385,0.44955927,1.0998728,2.6466644,0.12558486,2.8317273,0.15450945,0.22047536,0.031019714,1.4642577,0.6443085,1.0556738,0.14630152,0.029629255,0.65777946,0.6702633,1.5067185,0.43474662,0.5560145,1.8939979,0.02004675,0.48990414,0.84984416,0.15928692,0.05879089,0.15006058,2.8852196,0.2668441,1.6224663,0.004279547,0.06692611,0.1707386,1.1074749,4.0904264,0.029706083,4.0598702,1.1327631,0.024185833,2.6178274,0.053672418,0.23847272,0.0061349263,0.08080244,1.0476173,0.9235955,0.92136,0.983556,1.1052045,0.10042496,3.1431012,0.5249274,0.33431262,0.5002568,0.08007493,0.0060116877,0.79549295,1.6419566,0.7547141,1.4372754,0.17093317,1.0885652,0.39104545,0.7103069,0.104492374,0.20692821,0.16463162,2.689425,0.5065753,0.72945833,1.2800752,0.74377376,0.6896028,2.4865289,1.5591799,0.26709664,0.34719637,5.217276,2.1182323,0.0024434282,1.2960526,2.2404406,0.12806658,0.62750673,0.5147723,1.9525214,1.916678,1.4740463,1.4196411,0.83798903,1.1139715,0.4909375,0.12166691,0.08092697,0.28848198,1.5605032,1.9323522,2.879329,0.18572243,0.29099882,1.8832171,0.51620203,0.056747966,0.41119376,2.5965774,0.8778119,0.9138316,0.09206797,0.056658123,0.6853142,0.7009752,4.935279,0.3610901,0.26820442,0.85694176,0.028383836,1.310574,0.4199227,0.006185955,0.28370148,1.2660245,0.4574828,0.1905572,0.046760757,0.26684868,0.08436824,2.4619157,2.0727065,2.0019748,0.091917835,0.8638444,2.8517573,0.17012432,0.07635126,0.0,0.708814,1.4805702,1.6234081,0.33170083,0.38445282,0.3744175,1.1050786,0.03704966,0.6517532,0.17668027,0.110264935,0.14155658,0.56760204,0.00928216,1.102935,0.7441824,1.4545249,0.10678283,1.7823018,0.091835305,0.5446024,0.03186912,0.5457435,0.020289136,0.104331695,2.6407819,0.9119968,all_pothole_images\pothole_images_enhanced_f42df9a3e793a75d3576263059f4144f.jpg
0.5258833,0.9838743,0.044461537,3.2957032,0.5400503,0.01879153,0.9505911,0.3324037,0.026241422,0.8835262,0.34152147,0.9413223,0.063490756,1.9990246,0.41147822,0.7524229,0.079895094,0.97226053,1.2743337,0.271508,1.7431715,0.57157564,1.0488201,0.70321125,2.0571282,0.1535126,0.27932218,1.2626795,0.35252464,0.7725618,0.0032393248,0.0,0.36588365,0.3300831,0.23211806,1.9519542,0.6190545,1.123554,1.4331528,0.55189115,0.015211592,0.70108217,0.42341286,0.27129626,0.26102826,2.315337,0.15548357,0.13162051,0.80686975,0.8871499,0.55784875,0.36200294,0.4992288,0.2267954,0.543663,2.88525,1.8308499,0.6262599,0.7801473,0.7492355,0.68848985,0.9091569,0.43519658,0.10485983,0.3082141,0.9970474,0.866804,0.81822956,0.16068204,0.8374583,0.05130396,0.027074283,0.6353726,0.17476673,0.47704297,0.42104104,0.2302701,0.014372079,0.12162509,0.45516855,0.32467997,0.5136481,0.62855625,2.058968,0.0060324203,0.0,0.16531426,0.52194226,1.0960853,0.23908587,0.167419,1.4175147,0.04734881,0.398908,0.41158178,0.012933989,0.5704324,1.4637393,0.36041197,1.6569321,0.6196544,2.3128855,1.5109724,0.44185692,1.4115702,0.777469,0.76212716,0.29302892,0.15393294,0.4939219,0.11336896,1.2328926,0.5059924,0.93570125,2.5744674,0.32951775,0.15858318,0.27130848,1.2568805,0.40396887,1.4387819,0.074553266,0.031715557,1.2352859,2.0228028,1.7813163,0.48708573,0.5699588,0.5181045,0.77348655,1.3003353,0.24089007,0.24291652,0.35851356,0.44189116,0.09880245,0.08290766,1.0189024,0.48654586,0.04803329,1.2582802,0.7351115,0.9030196,0.21627961,0.04623402,0.16598907,0.5271488,1.2501808,0.41362616,0.10937863,0.19171971,0.53341466,0.29500785,0.2775154,2.0342357,0.22488394,0.61397237,0.17435808,0.042354185,0.49820575,2.6989708,1.2513738,0.16880871,0.6765936,1.3605505,0.787747,0.21720569,0.4198962,0.60211354,1.5369381,0.35045564,0.2152947,0.2695576,0.57905453,0.095902376,0.29463533,0.9679474,0.0,0.51364756,0.041674532,0.108129516,3.2182524,0.2514298,0.99059784,0.9427185,1.348249,1.7960734,0.74113446,0.44531643,0.22704373,0.11044521,0.051381085,0.08001095,1.7362834,0.67632365,0.23894487,1.5718328,1.2036347,0.6193392,0.84347546,0.4659411,1.723199,0.28295735,0.6789574,0.4128449,0.34468815,0.118546724,0.37350044,1.1608884,0.44917673,0.011921064,0.41376883,2.002405,0.77224845,3.8853824,0.9541602,1.1709888,0.30357227,0.9964509,0.049674653,1.4742875,0.18079169,0.83009034,0.31561646,0.07473807,0.2990656,1.0734727,0.0015374745,1.7698405,0.55438536,0.394891,1.5804816,0.48683733,0.19404387,0.7595269,0.43896064,1.0919746,0.1756075,0.4034428,0.59113985,1.3572648,0.01719973,0.124857605,0.19402543,0.11368705,0.19595607,0.47313124,0.71300054,1.6171373,5.941401,1.7894603,0.24058329,0.8005863,0.0012065258,0.0988931,0.38900417,1.1338758,1.0597693,1.1420457,3.5533564,0.5167428,0.10637822,0.6697602,1.3040913,0.37496802,0.28942698,0.7327294,0.25254577,4.618032,0.3283243,0.3568685,0.11569295,0.16770706,0.5349476,0.22629352,1.7827362,0.90618336,0.36325017,0.77502453,1.4482591,0.7423287,1.1432282,0.88819605,0.1388153,0.43870652,0.6799849,0.35843334,0.045455933,0.20130822,1.1969485,0.32333568,0.14589442,0.2687194,1.0375178,0.117255725,0.54330295,0.108808756,0.16083695,0.0,2.4013193,0.492682,0.7779013,0.6642764,0.4044286,3.0187602,0.36155286,0.07444404,0.2633052,0.5709439,0.9140033,1.3679801,0.7419953,1.3975514,1.211391,0.68597364,1.4559846,0.116739415,1.2732952,3.5657496,0.4025829,0.609087,0.050106768,0.39920768,0.47819218,0.058599457,0.20125847,0.341685,0.13488114,0.7846533,0.088008925,0.66646063,0.15618186,0.0878494,0.07249509,0.16291392,0.22230873,3.4487288,1.6594005,0.7859024,0.80095166,0.98931104,0.27440408,1.3690412,1.3644364,1.1223909,0.26110044,0.15988323,0.039032526,0.34738225,1.0074472,1.761291,0.27458045,0.23595786,1.5361986,0.2468329,0.43379688,0.3601224,1.9615436,0.87399834,1.5275991,0.98362595,0.91547674,0.8134993,0.41142732,0.008506519,0.07233828,1.7354717,0.0,0.521202,0.82377374,0.5610636,0.3681655,0.13796017,1.6433215,0.40835485,1.0653276,0.1871202,0.07295495,0.43623352,1.2449533,1.2703462,0.0,0.79459435,0.96467745,1.6799433,0.32374862,1.620238,0.13535121,0.51267433,0.46475947,0.48177153,0.081800535,0.16044687,0.8269982,0.0,0.17889185,1.7040524,0.1703857,0.9611332,0.27819988,0.2950798,2.3408265,0.6612558,1.3620392,0.25763115,0.107112825,1.4255315,0.72073114,0.8617254,0.39672497,0.5687084,0.89433455,0.06452986,0.23504037,0.33984858,0.24151555,0.91800857,0.43343574,0.3752234,0.0014106333,1.2373435,0.9045972,0.31799287,2.0206337,2.9364257,0.18227665,0.47116616,0.08121825,0.45988908,0.32604527,0.97737354,0.5689637,0.38494432,0.8771694,0.63114244,2.151803,1.4551917,0.7230421,0.25336638,0.43689588,0.21844357,1.4317572,0.31260985,0.050873756,0.12978527,0.077156134,0.7130203,0.7298043,0.19552302,1.1448338,1.6225712,0.5478461,1.007438,0.025152404,0.91511536,1.277184,0.41584986,0.18532169,0.19089733,2.3949869,1.9683332,0.25338084,1.0599174,0.070182644,0.76162267,0.075629815,0.1585567,0.30706462,0.10377427,1.6404325,0.5741519,1.0255128,0.09272359,0.074691616,1.0046227,0.50944144,0.9877125,0.9970316,0.9627506,0.65528524,0.86645633,0.2884138,0.97164536,0.17630589,0.17745106,0.4962101,1.4739224,0.013284361,1.3919379,0.37910354,0.8822291,1.9265687,0.29209688,0.30215067,0.070821,0.7302188,0.29044423,0.28034145,0.33061716,0.055826385,0.9689337,4.4360027,0.20389187,0.27653527,0.20626085,0.48737058,0.7483251,0.17391558,0.14557628,0.16224179,0.27587596,0.24650986,all_pothole_images\pothole_images_enhanced_f436f2546333e1a75a28b571269069f0.jpg
2.9593916,0.4331838,0.462794,2.42358,1.3594992,0.55534816,0.8936545,0.041099202,0.15850219,0.6654557,0.15027402,1.4422492,1.5925583,0.0536484,0.30143052,0.38446456,0.7883816,1.6564801,0.104801685,0.45455262,0.72787005,2.040783,0.32796288,1.2838132,1.091895,1.541146,0.51369816,2.4072459,0.23248613,0.07214797,0.1641205,1.0673589,0.75474715,1.7244018,1.5436633,2.041025,0.4192242,0.62662464,0.58339006,0.17744595,0.51571983,0.0067993593,0.058367036,1.2396371,0.69627595,1.3497366,0.14726457,0.1538289,1.5090431,2.0729752,1.4826163,0.09210454,0.12733334,0.29372835,0.38634738,2.8087676,1.6277857,0.940785,1.1344819,0.028650532,0.089994565,0.29842678,0.3849978,0.34264284,1.6719915,1.1984472,0.42022306,0.28223145,1.5393026,0.15771273,0.26448536,0.18291487,0.40023124,0.8516041,0.9107277,0.12740128,0.17819518,2.6568294,0.5561168,0.049417704,0.4471152,0.0085807955,0.31856132,0.25173587,1.5700917,0.31288776,0.44274208,0.49133912,2.3314564,1.3016342,1.0518447,0.013981733,1.4663789,0.3652163,0.1489585,0.044627823,2.0065145,1.0099914,0.45888078,0.96364355,0.71931314,2.3716645,1.3474274,0.7252516,0.83357036,0.35881037,0.38570815,1.92399,0.06280883,0.31418088,0.04653858,0.68670154,2.4609444,1.1764162,0.5825226,1.92643,1.6009959,1.3191905,2.7947214,1.8705301,1.7214707,0.7920762,0.29627544,0.7813867,0.19102447,0.78166974,1.8441279,2.2632644,1.203809,0.26763108,0.38168186,0.058206517,0.49244308,0.08621035,0.268976,2.576885,1.0046142,0.95756316,0.9510229,0.05654683,0.661255,0.4939459,1.073281,0.56233454,0.661544,3.0395854,0.112741604,1.5803294,0.7244026,0.44494137,1.1421887,1.5157303,0.30170187,0.025035938,0.9556951,1.2174397,2.5330596,0.17935593,2.4279845,0.13197137,1.7222,1.7339424,0.054098766,1.4493728,0.24935672,1.7532496,0.4270476,0.3218918,2.4576137,0.0829865,0.30030444,0.117014065,0.12054165,0.738503,0.98098177,0.41675574,0.10123431,0.010949699,1.1094192,0.38974598,0.044719383,1.0965977,1.2911329,1.0728405,2.504868,0.6741441,0.02282219,2.4605193,1.7165645,0.83906025,0.27571526,1.2766794,0.4090404,1.0155581,0.16339076,1.0064664,1.4047403,0.2072932,0.66349745,0.41539058,0.18374906,1.212048,0.78535205,1.6114019,1.5952781,0.97570145,1.4165381,0.4654039,2.659087,0.99233603,0.112597436,0.0049361032,0.84174234,0.5098435,1.9797812,2.4129782,0.9350958,0.15440917,0.31400496,0.21598276,2.7897904,0.86294544,1.3879884,0.05381364,0.0,0.6638052,0.76669526,0.71584785,0.19922224,0.66443074,0.10637824,0.2658649,2.5291188,0.34605083,0.14920914,0.08143382,4.265706,0.08059328,0.0149862105,0.7151022,0.3390344,0.14572977,0.31887022,0.12854685,0.31567428,0.11508825,1.3770412,0.6084214,1.0883586,4.5274014,1.1054428,0.12450942,1.0812601,1.8752136,0.0,1.0999267,0.5744633,1.2566347,0.44763973,3.5754893,0.0047698766,0.40901417,0.877323,1.3858371,0.83037066,0.42420393,1.1130586,0.51354367,0.33406883,0.091978334,0.5821679,0.09689513,0.0,0.89591783,1.7579952,0.3940786,0.9515584,1.006672,1.0588522,1.4608258,0.5328486,0.05282616,0.30891594,0.6220585,0.16116448,0.81133425,1.0048585,0.0029038484,3.9681752,0.4900553,1.1280518,0.6318989,1.2309073,0.85803485,0.12741321,0.043847013,0.9642325,4.3386273,0.33955827,0.78559923,0.40098274,0.90545815,0.0011514255,0.49177036,4.073816,1.2261564,0.22730613,0.706645,0.2261334,0.3849304,1.0155431,1.277946,2.5120716,0.97076935,1.0422924,1.4246371,0.18313587,0.8276328,2.9589849,0.47475904,0.709431,0.6368166,0.23782243,1.040571,0.09127459,0.83204633,0.20625064,0.30920357,1.7718375,0.5751341,2.5925756,0.3721438,0.947697,0.0048176073,0.13238698,0.023992883,1.9517025,0.6068532,0.19680776,1.356752,1.2103001,0.06709705,2.0643384,0.25710052,0.51965916,0.32381573,0.6135434,0.73950523,0.013630052,0.8859307,0.15645531,1.3267728,0.59600425,0.82506317,0.7353284,0.30613062,0.2864968,1.8222268,0.52715683,1.8093104,0.34365544,0.68494666,0.8943129,1.4791448,0.2251571,0.3413932,1.4009662,0.5573749,0.6510578,1.0928677,1.7518404,1.2614944,0.65558,0.035938065,0.5535441,0.2510233,0.05090586,0.08982039,0.7607212,0.75235015,0.97720057,0.0,0.16219124,0.35628614,3.1950567,1.1442857,0.23701134,0.0,0.6276074,0.3135416,0.75629175,1.7857949,0.31253082,0.19483097,0.021328961,0.08491216,1.0564702,0.09235148,0.57234544,0.35148785,1.6783501,2.4995477,1.435844,0.032209516,0.6549251,1.0237756,0.34004444,0.47814724,0.0004069298,0.65201735,1.0497226,0.93948245,0.039770097,2.0820794,0.003031303,0.7930913,0.49020767,1.3141124,2.0145206,0.030591354,2.5653462,2.174594,0.17803666,2.7602532,2.6997082,0.13300277,0.6327961,2.2063744,0.3309315,2.4894352,0.87025887,0.3491406,1.1357638,1.2831199,0.6378832,2.5664184,1.677247,1.3198301,0.0,2.4979572,1.0277765,0.93212825,0.68825746,0.9408839,0.47789624,0.10081836,0.17538522,0.6666397,0.10734987,0.57638377,1.1303787,1.9170747,1.4257545,1.4602439,0.5438215,0.6994317,0.5525805,0.2986496,0.3947713,1.8697512,2.984758,0.5666037,2.6356444,0.9570695,1.702527,0.16498174,0.6114551,0.008462973,0.29589096,1.0714805,1.5385932,1.2241793,0.05042532,1.4027009,2.1369326,0.37845016,0.84606844,2.5618649,0.8001542,0.61972094,0.4639787,3.809185,1.5449901,1.997474,0.024254555,0.4531361,0.20101497,0.115364015,0.9805469,0.060370382,0.9073244,0.25796762,0.4759822,0.34328958,0.7761665,0.32689992,0.028223945,0.025721304,0.45848873,0.044023212,1.1149896,5.3610377,0.27355027,0.06666254,0.6029552,1.1369423,0.099056125,0.022330692,0.6387452,1.8259791,0.24172771,1.2314523,all_pothole_images\pothole_images_enhanced_f44dc45fb1c889d80d7f959ca33fe72d.jpg
0.20054829,0.7107094,0.22737682,1.9657716,1.4394836,1.2908353,1.7775798,0.5448331,1.1117792,1.3668303,1.059007,0.66923916,0.0020901405,0.6077752,0.19133846,0.7035024,0.06610606,1.9680117,2.652104,0.96821344,2.0953586,1.0030625,0.20791131,0.38620803,0.7016887,0.47176266,0.47892383,2.9810536,0.73317647,0.5070153,0.44533047,0.10985129,0.48938704,2.194047,0.106622905,2.0327208,0.6185023,1.905631,0.66407806,0.8541764,0.17921253,0.46200117,0.9054773,2.7039247,0.47797248,0.40084806,1.0001532,0.13673522,1.1515739,1.1803838,0.19212115,0.4754081,1.0134645,0.16363172,2.2688901,1.370422,2.3840964,0.6174912,1.2932166,1.0409831,1.7225014,1.5037546,2.5035512,0.31117713,2.0951426,1.5397375,2.7009008,0.7108715,1.1686494,2.1094344,1.8619847,0.5565538,0.0978689,0.19657831,0.8392141,1.2172711,0.19582742,1.5197031,0.08404102,0.7378099,0.087292574,1.4304112,0.53609514,1.1321294,0.0,1.1533111,0.9090027,0.3124759,1.3060694,1.1336502,0.13859177,0.74294686,0.973881,0.4642519,0.74747235,0.7082637,0.5208319,1.3215195,0.6385097,1.7566891,0.09535682,1.2950808,1.5745778,2.1243296,3.3445785,0.28946775,1.1317383,0.15162303,0.8359783,0.577289,0.38722742,1.480209,0.2774024,0.015164198,0.6250283,0.53103954,0.45928183,0.36016506,0.98650825,1.646991,1.3648432,0.0,0.24868444,1.8440545,0.42211956,0.9779122,0.45424393,0.7482295,1.9781584,0.6600373,0.6259693,0.31827202,2.242978,0.56574714,2.5174735,2.3859093,1.7498667,1.3880663,0.31871876,0.17037773,0.89778626,0.53010434,1.7954926,0.7346878,0.6747504,0.91772497,0.31087422,0.13987996,0.40206036,0.28590575,1.1239655,0.296014,0.09983591,0.7185352,1.6026542,1.140453,0.7717578,0.21159753,0.66807884,1.297999,0.4319901,1.2554097,0.6381364,1.8647854,0.65860015,0.16496132,3.8542318,0.94823533,0.40764484,1.3619537,1.5220461,0.4109842,0.24993448,1.8901627,0.31056765,0.61920583,0.39992866,0.6169848,0.4549067,0.78256476,0.9557023,1.1855224,1.8168467,1.6334088,1.3908825,1.8272319,0.51877385,0.6118165,1.2716017,5.2894044,0.03887167,0.91477084,1.3317134,0.9777471,1.6291181,0.90497434,3.5464194,1.1116323,0.018406933,0.22172739,0.25830847,0.5956946,1.3438512,0.020100113,0.43418053,0.06895273,1.0002112,0.55828506,0.98483264,1.7866509,0.310046,0.9368965,1.1807309,0.22911815,2.2925537,1.6923002,0.5432617,2.3599856,2.5126133,0.075415865,1.2140046,0.2941981,0.19959846,1.0494517,0.05468806,0.836979,0.07506176,1.7518493,2.1066024,1.2592078,0.62337434,0.13530198,1.1469069,0.6159725,0.47013783,0.5899702,0.6707973,0.47950557,0.0,0.4905707,0.27625662,1.3651873,1.1651851,0.49953818,0.5388774,1.4455962,1.6228395,0.36040992,1.8975799,3.7325044,1.6633964,0.9648818,0.108307615,0.9619081,0.9556447,1.7733729,0.21436447,0.19030628,0.91576475,1.62553,1.1272525,1.2214446,1.4629992,1.7758743,0.99321824,0.25848985,1.0928355,0.10718246,1.9976823,0.2642979,1.3393015,1.5154451,3.9857569,0.26842168,1.537533,0.7101807,0.44329002,1.3072618,0.30628335,0.5635351,0.734834,0.5455675,0.26024556,1.5506287,2.1386263,1.4014376,2.943363,1.5767057,0.7920162,0.05997094,0.06077335,1.1305208,0.9263667,1.338268,2.605304,0.18133482,0.027108382,0.39257756,0.14957175,1.5992497,1.0181276,2.320129,0.94508874,0.36050782,2.4579573,0.0841429,1.0184549,0.46838996,0.72025704,2.3990502,1.3078017,0.94405377,1.807869,1.3593584,0.92400527,1.8077725,1.7127361,1.6132392,2.292445,0.3050498,0.7852904,1.2571759,0.79767644,0.20195581,0.10662031,0.92497116,1.0276606,0.9647726,1.1755526,0.39779085,1.1880528,1.0100088,0.8259187,1.299112,1.3456029,0.6210043,1.1559353,2.0867288,1.7336569,0.916123,1.2327133,1.5355105,2.3264685,3.1109385,1.5334636,0.14661476,0.15465818,0.7622659,0.5379832,0.8877106,1.2220535,0.6850027,0.2811492,0.45716724,0.2466471,0.005284038,0.13477452,1.6606535,0.9873279,2.1115975,1.0760468,1.2649498,0.64887345,1.7967515,0.32023007,0.594756,1.1571859,0.6208113,0.12052372,3.1600826,0.74450994,0.34113806,1.7181748,1.152276,0.6909651,1.1245139,0.61046,0.14561893,0.14011522,0.27916512,1.296472,0.40336967,0.23856,0.03261105,0.3936248,1.2660378,1.3133698,2.6117084,0.37138692,1.478026,0.85230595,0.1735296,1.1283758,0.19788279,0.14286847,1.8070129,1.7245541,1.2474838,1.3256681,0.1297807,0.0115245795,1.8171394,0.43604672,0.044865265,1.5854495,0.97238827,1.0180566,0.39493796,1.0880147,0.5229825,1.8401507,2.2384298,0.12303968,0.8808846,1.5859553,0.42434973,0.85024047,0.70946616,0.9551042,1.2820511,0.96525776,1.465301,0.933223,3.1422405,1.6259036,0.34705567,1.7710003,0.94065744,0.057590064,0.77898854,0.11175101,0.13001518,0.35980466,0.68796337,0.4294766,1.5605575,1.19799,0.33237654,0.59635997,0.39295992,0.4099458,0.9086305,0.823444,0.05481253,0.17647247,0.28595725,0.40801474,1.0100039,0.5651628,0.118849866,1.9626434,1.800292,0.3857618,0.64567363,1.4592845,1.8546846,0.00619905,0.56322026,0.77907854,0.63272476,0.91897535,0.055345807,0.76418823,0.8555387,1.5620958,0.8159948,0.98043025,0.7509794,0.81663036,1.5942277,2.2112284,0.23907188,0.0018962951,0.19923311,0.059484754,1.7353213,0.06774099,0.9682442,1.0612683,0.043575052,0.03763884,1.1748402,0.4603409,1.094419,0.2936081,0.5727144,0.54467094,1.6558005,1.0210042,1.2632505,0.33787552,0.32948428,0.80492455,1.1333109,0.119923696,0.2537097,0.10459217,0.3066184,2.1393719,1.0382102,1.2233735,1.7840862,0.34499875,0.7313815,3.1001155,2.8731053,0.3556617,1.3070488,1.7899064,0.7538578,0.7729581,1.3208797,all_pothole_images\pothole_images_enhanced_f460a65afe954f2176ee24a751f96d14.jpg
2.249858,0.59314245,0.31908694,2.2350018,0.7557904,1.2396387,0.66585666,0.26148158,0.028632736,0.2876683,0.38485909,1.1129593,0.026365956,1.2006924,0.020855349,0.2753733,0.60450894,0.0,0.63284373,0.0051707868,1.4325122,3.9891818,0.011033345,1.6293662,0.37408665,0.32299578,0.0,1.8131659,0.104409836,0.13292111,0.54337484,0.23692182,1.2810043,0.641096,0.19334047,1.7754085,0.7200804,1.3270472,0.6710665,2.071496,0.11584003,0.10104969,0.2247626,0.46992913,1.5148259,1.0399284,0.090879574,0.17652905,0.22220351,1.7871078,0.65383255,0.059065145,0.32206544,0.14563099,0.0,2.5898962,1.8969707,0.4145703,0.2772365,0.67702264,0.0,0.17974605,0.23647934,0.42784196,0.33640543,0.8538778,0.7814155,0.86994946,0.3440843,0.47205785,0.22629942,0.14537609,0.96876603,0.6330022,0.34805298,1.3423525,0.360341,0.61214817,0.025084363,0.04828366,0.5874063,0.5116806,0.49721006,2.209585,0.80898803,0.23161305,0.10052571,0.48911557,2.5614314,0.9913878,0.0030659398,0.19128335,0.28035805,0.114117876,0.28756285,0.0,0.9570072,0.43846515,0.802207,0.079004265,0.4437976,2.1502116,1.180901,0.020171272,0.11433182,0.0,0.17147648,0.8077095,0.29313734,0.08773019,0.091211095,2.6619449,2.3436072,0.5109403,0.6801646,1.5383527,1.152099,0.033685047,3.08008,2.3346522,1.6797246,0.14460713,0.01619571,0.76409477,0.23889592,0.93971264,0.8451691,1.5880382,0.14615808,0.47707295,0.5383027,0.0,0.17022668,0.8429855,0.51759696,2.145848,0.1242569,1.6209912,0.52826893,0.5529878,0.085884966,0.23101628,0.008524156,1.0215019,0.4638329,0.31635055,0.5516346,0.5340376,0.5769928,0.008157646,0.5445245,0.10246932,0.042742126,0.0010363789,1.99955,0.3130703,1.0762768,0.4576809,1.8295621,0.5026267,0.5209354,0.4540896,0.066171594,1.6685054,0.07117266,0.3007897,0.636056,0.02405093,1.9312785,0.39664444,0.4215737,0.0,0.012619704,0.49455315,0.5710836,0.03673224,0.5519667,0.02045087,0.12607187,0.0035862853,0.004856802,1.0685267,0.6441022,2.29025,0.8982878,1.0894442,0.66008556,0.015000571,1.1540776,1.858539,0.20097789,0.07456926,0.0023251749,0.8649356,1.0110142,0.4318521,0.08311511,0.7247254,0.4025561,0.76724535,0.106713116,0.8920035,0.65158576,1.2587531,1.0245941,0.371303,0.5099276,0.021470781,1.9776795,0.20841563,0.30129176,0.0,0.9933596,4.541372,1.4485906,0.94708556,0.15289773,0.081465244,0.69372344,0.6179905,0.539336,0.3786171,0.32300815,1.6061921,0.0,0.19902928,0.7166214,0.19818941,2.0254557,0.24944659,0.39432836,0.16008459,0.9160027,0.5533712,0.5201742,0.41412303,2.3546476,0.14958677,0.008356597,0.028062856,0.32601267,0.21476345,0.4999961,0.0,0.13732396,0.0016305667,1.2603338,0.50393164,0.5504062,4.1734715,3.2872634,0.6958721,0.366314,1.8132024,0.0,0.47574037,1.8379604,0.02678802,0.5940284,4.7707186,0.0,0.059094835,0.6741398,0.4712887,1.2690111,0.20801185,0.16732612,0.11519719,0.63011324,0.14750896,0.75271195,0.14085276,0.08437914,0.7589659,1.2864988,0.5957632,0.7288387,0.10431587,0.11550885,0.3734878,0.65661824,0.42246214,0.800529,0.036844872,0.3680301,0.42532197,0.67096263,0.37921515,0.16028532,0.012213239,0.006084151,0.9883355,0.13178943,1.8647252,0.1255845,0.32413,0.01212639,0.94627243,0.10486307,0.8972978,0.31933776,0.4578978,0.004487747,0.5067721,4.665931,0.3309292,0.102309875,0.7597461,0.006131363,0.15151195,1.4395335,0.3287589,3.0856388,1.681989,0.026930876,2.0561771,0.009043241,2.0928583,0.47076672,0.35389137,0.24667178,0.011192418,0.22478029,0.14618276,0.2323135,0.36761886,0.46600762,0.07255361,1.8069644,0.31254953,2.3107266,0.95047367,0.57411003,0.047202524,0.0,0.7084939,1.3355341,0.07907729,0.03202367,0.34265506,0.19915399,0.7704164,2.7773545,0.057100873,1.1749811,0.16278377,0.26862308,0.0,0.66897833,0.20801577,0.01983633,0.512684,0.17880544,1.3733001,0.8636632,0.51246995,0.13807899,0.32852307,1.8904628,1.4726796,0.069360584,0.55374527,0.5570817,0.5579289,0.0,0.6819916,1.2355406,0.11074775,0.22396909,0.9757881,0.767508,0.04097999,1.8827723,0.06858025,0.2757818,0.22618589,0.8007533,0.094125345,1.5368359,0.6137324,0.6682022,0.023895029,0.5626124,0.93369883,2.8376439,0.88092655,1.7105123,0.070643365,0.7898454,1.882208,0.988722,1.5846243,0.0695798,0.6741435,0.0,0.02654984,1.2320257,0.077499524,0.023292853,0.35975027,1.2256851,0.7360167,0.9633155,0.03594229,0.8969379,0.4812893,0.7432089,0.4524503,0.052136276,0.33126035,0.9175975,0.87890065,0.13922738,2.1301901,0.38556123,0.4205761,2.1640532,0.18250695,1.4032241,0.70168024,3.2064855,1.4245602,1.1333731,0.41431633,4.3797755,0.6554981,1.0684022,0.18700498,0.24868873,0.9987975,0.66493994,0.13511145,0.2514267,0.30283666,0.32173097,3.7549129,1.0192761,0.15267338,0.92267025,1.9815038,0.62314165,0.28337044,0.29813552,0.44376597,0.8308317,0.17956932,2.0233195,0.6912634,0.15258612,0.89425206,1.0145231,0.9144461,2.2894194,0.64123166,1.1416196,1.1946163,1.2113719,0.63508165,0.3955516,1.9108282,1.352057,1.5683426,1.9662625,0.7425616,1.6209642,0.10056968,0.1583858,0.6851323,0.092304215,1.2795491,0.49206752,0.034357827,0.47785574,0.75257695,3.1696115,0.04472201,0.0040349867,0.7398423,0.36529985,0.9241318,0.74209124,2.130553,1.6171473,0.35873157,0.15042496,0.47059318,0.46456942,0.25218067,0.4338153,0.09679303,0.42515448,1.5453702,0.6355983,0.0,0.060308695,0.10966223,0.83847046,0.8078138,0.101934545,0.17201477,0.37486,7.3356233,0.9605683,0.0023591267,1.3120424,0.82625556,0.037887484,0.5958581,0.28201032,0.35332403,0.7272289,0.52607536,all_pothole_images\pothole_images_enhanced_f49f73daf6d8617ddf2f71bc9f5c27ad.jpg
0.011014553,1.1145324,0.09167527,2.7066662,0.7676539,0.06543531,1.0434712,0.06332238,0.14746882,0.7412173,1.1660423,0.86305326,0.19057262,1.9498156,0.0,0.570272,0.39952996,3.3192005,1.2077721,0.2827137,0.3435262,0.65475947,0.65695876,0.644614,0.19543396,0.6309634,0.14492705,0.49724624,0.04946626,0.12604046,0.078992546,0.26406795,0.022593819,0.21263365,0.3858877,1.2896085,1.1675552,0.6020104,1.2989223,0.04922436,0.049317855,0.7733308,0.20425123,0.85791075,0.8084601,0.12457428,0.40759614,0.18090287,0.600043,0.18644813,0.26246855,0.40845668,0.13468973,0.0004397334,0.2903568,1.706393,1.0722408,1.2132113,0.782355,0.3783907,0.83947843,0.7354063,0.3331519,0.37713423,0.8955987,2.9271781,1.3756752,0.9495426,2.4651735,1.18567,0.23521407,0.43321252,0.241878,0.001854371,0.23202346,0.01301551,0.95444006,0.016372358,0.019116847,0.058807604,0.01436689,0.6953894,1.5364751,0.52338916,0.62794924,0.0,0.39531136,0.025311645,0.72999805,0.6217813,0.09538206,1.9618899,0.5785446,0.48145562,0.14328359,0.008333905,1.1526865,1.5071187,0.20031872,0.31643322,0.36750504,1.9882386,1.1899598,0.43317828,1.9513216,1.1932065,0.33124146,0.0,0.26798722,0.98047054,0.45534852,0.16213189,0.22868204,1.1136569,0.6464921,0.15908693,0.0,0.5362529,2.1003726,0.1483835,0.09490852,0.07906091,0.26407635,0.30286995,1.5722281,0.7415179,0.008877132,0.13734047,1.3134513,0.28849944,0.70965946,0.34370944,0.729466,0.18632756,0.1768315,0.4878225,0.0,0.10867888,0.24457604,0.039535213,0.2774348,0.15509984,0.46603355,0.2002409,0.017923297,0.88282555,0.070435725,1.1691688,0.08456412,0.06937332,0.0067404904,1.0770906,0.35532823,0.521258,1.4011439,0.16632979,0.19317159,0.2332222,0.5413585,0.28204566,1.3531125,2.81938,0.11158201,0.52550715,1.883601,0.00590185,1.3437263,0.20695618,0.7620144,2.9225307,1.1402737,0.0039967117,0.0010662123,0.7794291,0.39287955,0.19938585,0.101778105,0.0,0.73729247,0.08912764,0.03966399,2.1523824,0.5813697,0.37116078,0.4420056,1.1359543,1.2984017,0.094729386,0.32576084,1.0196495,0.70531666,0.080151364,1.0678657,0.17445523,0.29512572,0.05828983,0.97962683,0.6513749,0.69863814,0.13651784,0.031527475,0.8854525,0.121757336,0.045409348,0.624839,0.07139129,0.23879574,0.06595333,0.52995884,1.277542,0.066713646,0.266326,1.0452197,0.1969075,0.9797944,0.44161877,1.0513433,0.101769075,0.19484158,0.63247234,1.8224615,1.4098352,0.5407105,0.49659744,0.0,0.0,1.2810742,0.011696572,1.168622,0.15230039,0.10469063,0.4818493,1.44843,0.17268905,0.0764676,0.022073502,1.2404602,0.46773115,0.25630233,0.05367603,0.27452916,0.30062845,0.26824984,0.3180018,0.18375245,0.04132658,0.97133106,0.54029405,0.74460506,6.0332403,1.5700257,0.052523214,0.2576824,0.036884952,0.040143806,1.95332,0.17019121,1.1324773,0.20935212,1.9899213,0.17901766,0.0067425733,0.25561076,0.6558073,0.29213026,0.23835067,2.3002617,0.19895382,3.0401187,0.048201215,0.5008354,0.18888,0.9014024,0.51225936,0.3033411,1.236253,0.022466015,0.6686195,0.62468606,0.28990752,1.0571842,0.12031676,0.6767204,0.0,0.056479786,0.09119152,0.18682241,0.0,0.5620594,0.8007697,0.24768049,0.32292965,0.09931343,1.103256,0.7340374,0.3353256,0.08088484,1.6170713,0.10007882,3.1093283,1.2253993,0.18875414,0.06262564,0.0035462135,4.8339734,0.0071998206,0.14474289,0.100997075,0.29643512,0.48977077,1.1968988,0.97122395,0.53253263,0.10990608,1.2211192,0.33505312,0.15875387,1.3897238,4.982145,0.3663479,0.5156706,0.008134509,0.13451913,0.17658234,0.57727593,0.18418512,0.020795641,0.0033625856,0.71944314,0.07629671,0.33393455,0.10391162,0.8782085,0.3621397,0.038045824,0.09740437,3.663005,0.6876404,0.34795,0.23362066,0.34174135,0.0,1.1350771,1.6124258,1.2247485,0.9739551,0.10107889,0.1426314,0.14818174,0.8800186,0.25025448,0.31852803,0.053647675,0.23046261,0.067882955,0.29708797,0.37423185,3.3519645,0.95363516,0.7637716,0.6986347,2.0884228,0.6607082,0.0,0.040073067,0.009212242,1.4606417,0.0,0.13856456,0.71483266,1.4162551,0.41266218,0.21647047,0.35096556,0.20598465,0.8274758,0.08753621,0.3674828,0.66082186,0.20816647,1.1890582,0.0007162102,0.85477537,0.81435597,0.1958126,0.030070957,0.3247746,0.019918498,0.09831792,0.46097568,0.23648511,0.11799973,0.24583657,0.430783,0.0039638467,0.0,0.8600894,0.16873445,0.9381407,0.24009104,0.7103282,1.9676099,0.77630067,0.49467614,1.5489854,0.29945287,0.29024634,0.948105,0.16896032,0.14150412,0.103353105,1.1728556,0.09688521,0.10332839,0.12916367,0.7060571,0.12942909,0.24417968,1.1415879,0.2925771,0.4531283,0.73929596,0.2162498,2.489455,0.8547442,0.12615895,0.3261572,0.0048938245,0.0594376,0.2763179,0.6274639,0.47387317,0.45878282,0.13771737,0.593564,0.66702706,0.329082,0.10288898,0.33209968,0.036597274,0.6755732,0.3361327,0.023460738,0.0,0.43491504,0.14943269,0.32758003,0.06528331,1.3199483,0.5734339,3.9278848,0.15403035,1.0621312,0.15220892,0.44241893,2.383678,0.028937487,0.03606811,0.0017252457,0.90416783,1.5244446,0.08409154,1.5136292,0.012633564,0.49834263,0.0,0.76909345,0.020943947,0.87051857,0.8831688,0.94617134,2.2086835,0.041041166,0.017671214,0.80796355,0.4171128,0.7266788,1.3711966,0.55397314,0.14292547,0.6461869,0.12915333,0.59894925,0.096556105,0.11272235,0.34616813,1.186953,0.18175608,1.4682477,0.087062925,2.8681326,1.4496346,0.25369403,0.12703423,0.0,0.056926016,0.12685728,0.06366716,0.5452134,0.20807928,0.8110812,2.3444772,0.06228875,0.021819277,0.18132025,1.1759703,1.2660108,0.76359355,0.28679356,0.9515933,0.09493041,0.49524415,all_pothole_images\pothole_images_enhanced_f49ff3bf4f36c689a376961699dea038.jpg
0.08341497,3.197329,1.0483705,1.0430938,1.3275286,0.959634,0.244336,0.90015435,0.6426848,0.594243,0.6031875,0.35907125,0.056723166,0.50012606,0.67970794,0.22318655,0.2357229,0.08914408,0.03829347,0.3444645,0.032455873,1.1611562,0.1344604,1.6582496,0.100994684,1.2365516,0.28983492,1.6764557,0.49654528,0.5895038,0.87163776,0.9295045,2.7231307,0.6073407,0.058558457,0.62567246,0.10371904,0.46100134,0.091687374,1.7051992,0.9832451,0.47199023,0.6199099,1.0134444,0.9415421,0.25681755,0.34887204,0.045131586,1.0921541,0.32528344,1.0471733,0.41957125,1.3645102,0.4875359,0.012615074,0.2178884,1.5667961,0.11137964,0.41734558,0.48270395,0.13876317,0.8191254,1.4824709,0.2838843,0.0064454586,1.1330395,0.4029913,0.78055483,0.13937666,0.20971352,0.17651355,0.44341323,0.92702717,0.17186472,0.011528653,1.3560522,0.3241343,1.1659935,0.26031622,0.27727017,0.90807074,1.2111746,0.33970156,0.6703617,0.31347647,0.08466149,0.24977514,0.0379718,4.242483,0.24688423,0.16469815,0.28568137,0.1525141,0.436775,0.27759728,1.0620109,1.0622357,1.6778357,0.8187293,0.33336273,0.047657587,2.289142,0.45359775,0.4840175,0.17936924,0.18691257,0.2223968,0.25082535,0.53055763,1.6676733,1.009703,1.3336793,0.29294726,0.28223145,1.0914026,2.24812,2.2122614,0.32177433,0.53789485,0.527354,0.7703742,0.58720803,0.5629624,1.3651137,0.4918408,0.91282946,0.01417378,0.5104882,0.28613693,0.63543206,0.8855678,0.67325264,0.13201961,0.19691207,0.1950186,0.20128205,0.19231296,0.077716455,1.901454,2.079323,0.5368482,0.22742783,0.32639274,1.7601334,0.6567558,1.3655273,0.9938993,1.0473535,0.52135193,1.6908479,0.14401704,1.2190363,0.21310739,0.035001136,0.9114805,0.2623965,0.30474713,0.10164733,0.22618285,0.48198044,1.0278319,0.7819774,0.121114284,0.4671308,0.5674752,0.021601051,0.6884876,1.0782244,0.26898256,0.0259916,0.8883172,0.07995991,0.4518966,0.42268986,1.3715323,0.13151442,2.2147717,0.030141326,0.28557917,0.20139466,0.3454135,0.41484776,3.312522,0.80302644,1.5795616,0.097792335,1.0094714,0.44671783,0.17822452,1.0380026,1.3783338,0.34940022,0.62381494,0.83170664,0.40966982,0.00021352209,0.34893626,0.43278325,0.22448839,0.41977373,0.22355539,0.31325656,0.17963473,0.039275814,0.31195274,0.6491834,0.8023947,0.09159762,0.27534577,0.08776496,0.3771897,0.038424235,2.2628055,3.070634,0.7923766,0.37197685,0.456387,0.5513993,1.3546689,0.2649948,1.1821212,0.03426337,0.25721636,0.54985356,0.027886575,0.2761192,0.5701042,0.39220956,0.9752549,0.05616856,0.464053,0.21162689,0.5660741,0.07261893,0.21493304,0.24668872,1.997894,0.3642023,0.34766012,0.0,0.7727174,0.012349299,0.45467344,0.035554886,0.05500406,0.2397027,0.6207213,0.14892748,0.4659919,2.622918,0.77473843,0.10451839,0.7097344,0.42705792,0.7025162,0.3913051,1.9749001,0.0058292826,1.2361366,1.5944363,0.8506563,0.9674818,1.1192992,0.22288229,1.0471746,0.5395717,0.0,0.45973578,1.7318045,1.7105192,1.1631868,0.0,0.23108286,0.83731306,0.64220935,0.84076345,0.7239968,2.98403,1.1629345,0.44428736,0.07957857,0.43563887,0.20784824,0.72065693,0.7052756,0.012794909,0.4949925,2.5352147,2.1210325,0.3808097,0.39474767,0.47863254,1.1863889,0.27864096,1.1392239,0.0020651727,0.26820257,0.531361,0.29097882,0.35776433,0.059767738,0.94769377,0.28185874,1.3864655,6.2201114,0.91474974,0.0012271153,0.6123929,0.76739067,0.46213555,0.20353873,2.1342869,3.282295,0.41754416,0.0,0.16136245,0.4324031,0.052221328,1.326563,0.5047162,0.59136146,0.20396139,0.052162636,0.5817217,0.57053274,0.31414986,2.089027,0.70994425,0.53913397,2.3544922,3.5605183,0.23256712,0.2257205,0.82115555,0.29224727,0.42134425,1.6352094,0.18989535,0.31076568,0.4389396,0.4733461,0.36535403,1.1411343,0.008665243,1.08996,0.06335204,0.21723537,0.002317635,2.1216342,0.27942908,0.21445441,1.4809822,0.17435932,0.3927493,0.06575394,0.071768574,1.5520223,0.39824286,0.15226345,0.22209193,0.77835953,0.014082338,0.1789063,0.37353972,0.12540871,0.64972323,0.28848258,1.4755732,0.33178437,0.5794827,0.9849142,0.37406796,1.8576508,0.04345886,0.5501063,0.49622017,0.0829953,1.6975001,0.22511415,0.4421355,0.024815612,0.19202892,0.346142,2.4592092,3.093541,0.7294589,1.5496892,0.5490558,0.34869123,1.2550918,1.027893,0.47529715,0.06736404,0.14244148,0.11455139,0.38318124,0.10325606,0.7220524,0.41842696,0.32491925,0.67777157,0.13147801,0.11884591,0.6390744,0.004494689,0.12811889,0.22452776,0.4491079,0.22552955,0.041990746,0.0656668,0.89673346,0.7020055,0.2399102,0.24213009,0.095833115,0.7525477,1.2838209,0.059126154,0.2848679,1.5156966,0.47772563,1.2967359,2.5401187,1.193521,0.98900896,1.8894945,1.3499379,0.97381824,1.28024,0.41660234,0.0023692274,0.27622142,0.0984871,0.26358077,2.9645061,1.3097194,1.4460245,0.09634391,1.037115,1.2524133,0.16960686,0.33844808,0.47430885,0.8501649,0.9971596,2.3014975,0.49987057,1.138813,0.47380883,1.425767,0.6924807,0.33689135,0.0762988,0.28466696,0.15651996,1.4011581,0.78010106,0.31214306,0.39664117,2.0837126,1.02886,1.710088,1.6101189,0.5454738,0.74503136,0.43900204,0.5957134,1.1509907,2.5021007,0.38143578,0.7872511,2.6120908,0.025339978,0.0151670035,0.16355486,0.16225867,0.21196261,0.18290204,0.7877351,0.4638532,1.7060925,0.47157395,0.70894814,0.006265929,0.3090551,1.2333943,0.4315748,0.022859227,0.41808432,0.21633545,3.9843526,0.5472968,0.26830748,0.67215836,0.10778176,0.1209679,0.024669014,0.10605987,0.036159717,0.84789836,1.220727,0.17277871,0.8104811,0.44386303,0.85905075,0.40996906,1.7351766,0.944496,1.1071402,1.0471355,0.08175683,all_pothole_images\pothole_images_enhanced_f5670788df0492ca901df71364d19924.jpg
1.7963849,0.31849536,0.2304902,1.3556653,0.19462681,0.11455847,0.94714004,0.31479084,0.111160666,0.49457812,0.23729572,1.3874295,0.0,2.467724,0.50872016,0.4741299,0.082171,0.10596753,0.3728956,0.5693879,1.961113,1.9741436,0.11396697,0.81524485,2.7605174,1.3079368,0.105046354,2.9055493,0.16801058,0.013164699,0.13990985,0.22924502,0.91429496,0.10846431,0.265694,0.37273005,0.04143783,1.845564,0.47088662,0.5607566,0.0,0.0043475274,0.33972,0.76037294,0.63302463,2.2413077,0.008212103,0.97605145,0.6184758,0.7895266,0.5463198,0.12598068,0.64507246,0.07006029,0.36975342,1.9979784,1.2707843,0.2589576,0.07035732,0.33016345,0.025828624,0.16706105,0.22836114,0.2817775,0.0,2.159144,0.41699535,0.27622122,0.026395181,0.6499899,0.6296391,0.34429517,0.21618004,0.4442145,0.42156866,1.523069,0.0019432078,0.8361586,0.09186434,0.6562002,0.28559932,0.03552101,0.85404545,1.1713709,0.6382939,0.0,0.60609865,0.82537234,1.3887014,0.4171978,0.015165576,0.412269,0.31799984,0.4414344,1.1246864,0.45168355,0.19317609,0.89916974,0.69049513,1.9090666,0.0037230272,1.8351066,0.6959814,0.97466063,0.7941259,0.01593279,0.4053559,0.9195108,0.008501985,0.44196257,0.0,1.2691666,1.1505796,0.23968528,1.4880521,0.051832743,0.13516432,0.14806741,0.7081805,0.46118218,3.5592558,0.12021167,0.0,1.7890998,1.2942718,1.0032991,3.1030624,0.38920245,0.1300299,0.03820375,0.30181545,0.14091538,0.014697718,0.37897506,0.81039566,0.7329719,1.0911341,1.1865834,0.34632245,0.25648385,0.16011588,0.504235,0.57309985,0.29938355,0.4790863,0.61207616,0.37799942,0.46823353,1.6597656,0.32396024,1.2627481,0.27763736,0.12599511,0.09705562,1.4810152,0.113749005,0.9357921,0.4616106,0.20576352,0.9693214,1.6563904,0.29146075,0.3383071,0.78446746,0.028305821,1.080079,0.17901172,0.34800786,1.9090899,0.80834335,0.00038036765,0.048511494,0.10448441,0.48907766,0.39740312,0.5803038,0.857647,0.09389141,0.058130287,0.44635975,0.04824393,1.828644,0.93798065,1.4583799,0.054090478,0.86603314,0.37821305,0.4530955,0.14579442,0.23637934,0.33445534,0.018467242,0.15854637,1.9779614,0.28723022,0.3971124,0.40260407,0.54506844,0.29859748,0.56006503,0.9857137,1.3418387,0.54109645,1.4160385,1.2909596,0.64336467,1.0943362,0.33248645,0.24220276,0.6888443,0.019326773,0.052301224,1.7441986,1.5090419,1.4273636,1.5288726,0.6294742,0.18920644,0.21551065,0.10072126,1.1751081,0.11288377,1.7260996,0.42594457,0.25154045,0.05625081,1.6823847,0.19246826,0.8641294,0.6594161,0.26925135,0.6084144,0.037211504,0.75905585,0.68066657,0.39047575,1.5606269,0.46130988,0.006189385,0.0690155,0.26965553,0.7353867,0.008339162,0.5454731,0.15031384,0.09924266,0.1925972,0.31797642,1.5792543,2.6063871,4.4519925,0.20107393,0.8021614,0.08584197,0.36077335,0.2976834,1.0181851,0.10518721,1.1544008,2.2796621,0.3769137,0.066298045,0.6501586,0.016862886,0.17949714,0.16030025,0.1396648,0.74007446,2.0519257,1.4981289,0.73742944,0.009853225,0.3220143,0.4444357,1.0046028,0.44816926,0.15370266,0.23236269,0.4938889,0.1958935,0.7662028,0.41127333,1.1241288,0.42764568,0.6049754,0.12469801,0.7386529,0.037491836,0.11151886,0.14073588,0.3054643,0.13852946,0.053187814,1.9422274,0.093889624,0.6000038,0.44985178,0.76025623,0.13162403,4.3022013,0.6324346,1.1088527,0.77912915,0.47466838,1.5889344,0.15283401,0.0356072,0.19569294,0.63966155,0.19255249,0.72389835,0.8936064,0.33615828,1.3311459,0.12590738,1.6302837,0.17038262,1.4144912,1.3599733,0.42156363,0.3227107,0.36504635,0.45813337,1.0076737,0.2877482,0.62272805,0.5656894,0.0,1.2205796,0.5576422,0.48978627,0.22621438,0.8521208,0.22657269,0.16446899,0.5728228,1.3189276,1.9518566,0.09630119,1.1259104,0.41131502,0.14605099,2.176983,0.8914899,0.9967646,0.30958563,0.38491738,0.12124326,0.60829884,0.15228723,0.8473664,0.33399767,0.04354217,0.7315388,0.4633995,0.08167985,0.18194899,0.39366105,0.49562326,0.5407411,1.2420582,0.15582556,0.53784704,0.156895,0.1067717,0.83911216,2.4422777,0.03283293,0.6736464,0.32183507,0.7474225,0.1829616,1.0726086,0.6593655,0.08819829,0.063679636,0.10078451,0.16064711,0.94965446,0.27292892,0.6219845,0.16795215,0.85312283,0.7323311,2.940756,0.5383808,0.15665355,0.0,0.10863034,2.315866,0.25109068,0.44948235,0.020912075,0.84715754,0.0,0.07284525,2.122964,0.10196886,0.83494675,0.41362792,2.1778514,1.3885732,0.26127425,1.4973241,0.100045696,0.19013593,0.44624627,0.2707867,1.6026028,0.3340031,0.01195297,0.5554353,0.045227148,2.952757,0.0950195,0.0933787,1.3820109,0.17727923,0.9356463,1.0319033,2.4564629,0.7259965,0.22704387,2.2667992,2.2251737,0.27764744,1.0903323,0.08044121,1.035593,0.5466919,0.82047814,0.65085244,0.33029574,1.0926716,2.323463,3.411197,1.0210302,1.5445837,0.22516142,0.26800436,0.46122226,0.013980473,0.014159478,0.04973504,0.38923728,0.01354313,0.50859225,0.8433047,0.0054899063,0.74358416,0.66098225,0.14425212,2.1234083,0.6342604,2.1025836,0.9354953,0.6430094,0.4404493,0.28200114,1.4136459,1.4631054,0.5046856,0.7763243,0.6285442,0.31545946,0.41464213,0.8098175,0.51308286,0.6670545,0.5993965,0.44125754,1.0660563,0.15428205,0.007327375,1.2378286,0.0834132,0.049508467,1.3616892,1.1762707,0.22296354,1.7740552,0.29786637,0.34035015,0.7532092,0.32588205,0.15781118,1.6547639,0.43935052,0.37910837,0.06819815,0.2621647,1.0687156,0.7012051,0.10511596,0.15998538,0.21154995,0.011907383,0.19576609,0.7762236,0.4337431,0.35730642,3.744725,0.7458468,0.74998385,0.24949458,1.0432012,0.6309894,0.29016247,0.16331965,0.13339065,0.04082518,0.20653452,all_pothole_images\pothole_images_enhanced_f59ba65747cec06b7062949b4ab77fc4.jpg
1.6909653,2.0483031,1.902351,0.73534524,0.74432045,0.20740105,0.55207473,0.4864986,0.4732318,0.47810528,0.2776294,0.5366129,0.011431079,0.5600242,0.67289406,3.1221755,1.0050155,0.6995549,1.031861,2.4217205,1.0797099,1.206153,1.0679344,1.6449519,1.8384473,1.091251,0.23443937,0.47917715,0.28706557,0.74960315,0.41010588,0.22016166,1.8125379,0.631567,0.36888978,1.1602898,0.18609184,1.6845679,2.6238618,0.03692719,1.6032196,0.32301244,0.52054924,0.16797374,0.32566568,1.1620022,1.6696879,0.23167077,0.5211953,0.5347479,0.49722397,0.41032135,0.94807696,0.80430615,0.40745005,0.19416524,0.22485982,0.0074787005,3.8956423,0.040794663,0.34109718,0.3308944,0.3789929,0.11395387,0.038281597,0.3782358,0.5507071,1.2776623,0.1588198,0.5691814,0.11717615,0.0,0.88161856,0.5677312,1.7366033,1.9011918,1.2074525,1.9906794,2.767601,0.07325407,0.13011207,0.0,0.3556081,0.54592216,1.1881589,0.2075477,0.13783951,0.1707882,2.9002833,1.1262773,0.47207323,0.09842116,0.35351512,0.46883464,0.2618713,0.19407046,0.58184767,2.0557864,1.6738654,2.6713068,0.3423491,1.7333187,0.555698,0.5008568,0.7240519,0.26627547,0.017114794,0.06718436,0.9022437,0.19969907,1.20415,1.1138333,0.092011645,0.05384636,0.32894993,0.3108828,0.94657475,0.33935773,0.12904492,0.44731995,2.0383809,0.5566034,0.47851345,4.31729,0.51186407,1.1131154,0.4117986,2.4269073,0.04502165,0.418018,0.16881575,0.018611554,1.8907293,0.34127247,0.6877088,0.31371954,0.8683053,2.844849,0.09107494,2.0259817,0.49391696,0.037469562,0.6208145,0.7742336,0.996513,0.22086155,0.5914677,1.5610168,0.004924905,2.4438307,2.467721,0.90031415,0.158214,2.291014,1.3598664,0.31436786,0.5982741,0.20390025,0.40985006,0.1385543,0.47596702,1.2104634,0.116225086,2.197557,2.1705983,0.29347467,0.09687494,0.09544053,3.2459373,0.7495584,1.2012112,0.11133373,0.3434229,0.78013176,2.1253614,0.059241652,0.9366893,0.029490018,1.6488007,0.12696326,2.432054,0.439773,0.4835873,4.626176,3.0110605,0.37404546,0.38239187,0.29836974,0.14319031,0.78282094,0.74454683,0.71808267,0.11511169,1.820531,0.31059703,0.6596136,1.8780097,1.2045114,1.2246534,2.1662874,0.46462473,1.4619994,0.5284131,0.15312473,1.8455582,3.0661216,0.520106,1.0321579,0.9312859,1.0297287,0.3038877,0.22193757,1.0079769,1.5862236,1.282955,0.61023,2.2040548,0.0793593,1.6490705,0.05050906,0.153128,0.18971711,0.0706836,0.8159072,0.089117475,0.31298628,1.9452907,1.5160325,0.7417853,0.48414743,0.080577925,0.55642533,1.1338576,0.5127867,0.3793288,0.29351404,1.2657826,0.000115261486,0.9113477,0.15904245,0.2055319,0.16824678,0.48581827,1.8545043,0.27958304,0.043663334,1.3619522,0.5646697,2.2726588,0.5757063,0.07020343,0.87653106,1.4140376,1.980418,1.6443162,0.73035735,2.0602036,0.47073862,1.248409,0.72810274,0.508856,0.4110142,0.79352146,0.65262866,0.17188732,0.83040166,0.38447258,1.0042353,0.44895032,2.0735838,0.0,0.364644,1.2730529,1.6387908,1.7088495,1.1831559,1.1085116,0.19605574,0.39074975,1.7348751,0.0,0.51732594,0.58166516,1.1906779,3.0387921,0.19188139,0.30749598,0.75753134,0.6438851,0.0,0.31664437,0.9111373,0.39023706,0.35533574,0.58799917,0.65234864,0.88187736,0.3425708,1.0010654,1.694117,0.5100874,0.841299,0.58461034,0.72412145,1.3373144,0.31431735,0.9925879,1.8125784,2.889455,0.6486797,1.1002854,1.5505806,4.906712,0.5625207,0.012973305,0.296484,0.57424843,1.3728099,0.97689366,0.11188314,1.9392061,0.24753052,0.3737974,0.055430256,0.8352502,1.6716564,0.79452217,0.15889646,0.06768249,0.57792175,0.3342523,0.072325625,0.1862615,1.8356493,1.2494642,2.7696745,0.33053872,1.8690721,1.2257034,0.22548677,3.965966,0.47527468,1.7872825,0.078268066,0.3502236,0.10248478,0.7612354,0.01837155,1.5578318,2.03257,0.12915058,2.430561,1.1449782,0.5174883,0.21413167,2.5295925,0.99256414,1.4673871,0.8132931,0.23477632,0.8703008,0.21763009,1.1102933,2.3128042,1.3510377,2.8345,0.5732489,1.4121853,0.3487315,0.6484543,0.5649419,1.2632614,0.22527596,0.05833114,1.3480865,0.77692854,0.77750367,1.1742934,1.4140483,0.38234052,0.8797883,1.6781838,2.8196878,0.13357864,2.2912097,0.06342317,1.18351,3.2413852,0.3286759,2.0613484,3.5649202,1.2863665,0.2550882,0.74782693,0.3159692,0.22578204,2.8311462,0.69094783,1.0656929,0.1810369,0.9821794,0.78936577,0.93316984,0.5429109,0.65033174,0.014951201,0.090192504,0.682442,0.11961245,0.98160094,2.2040865,0.1584475,1.2883215,0.20631838,0.15823287,0.3823068,1.0952157,0.6122859,0.7046506,0.59879965,1.3861482,1.2157227,0.7278877,0.2364396,0.46186003,0.1851428,1.9463911,1.8357412,1.1294192,1.7661453,0.13503715,0.27007118,1.0312804,0.36238545,0.2432133,3.1873987,0.13255717,0.0,0.2788933,0.012081648,0.9103545,1.7541857,0.6900164,0.7191557,0.20760946,0.057582203,2.178128,0.3864908,0.20946936,1.1583858,0.41343892,1.3008701,1.4554613,2.2383122,0.6975032,0.61370325,0.2989487,0.3241099,0.07255413,0.41053498,1.1415704,0.8991447,1.637731,0.04093792,2.9759903,3.2987945,1.0068655,0.15266119,1.9119169,1.2432508,2.9591823,0.53613275,0.1340739,1.1701058,1.930323,0.04818762,0.5588097,0.7511445,0.63651043,0.8730663,2.0476449,2.2365923,1.167886,0.857115,0.07788146,0.89659756,1.3171133,0.22869633,1.5009239,0.3590242,0.39515507,1.3503623,0.4153767,0.06989856,1.0915465,0.33520216,1.1326472,0.5836993,1.0051081,0.76940686,0.063575126,2.7552133,0.5293093,1.8542155,2.7441025,0.6292576,0.056475323,2.0415883,0.34696198,1.0700537,0.003918495,1.5491192,all_pothole_images\pothole_images_enhanced_f5bf54dacc0c5dac0b13400e6dedb342.jpg
0.5094193,0.895686,0.047809035,2.128476,0.70316327,0.4705071,0.26276726,0.0,0.32391277,0.6612872,0.5692942,1.3189856,0.0036795507,2.9799805,1.4585888,0.05125017,0.08903301,1.0344609,2.336951,0.590537,1.0914439,1.3184608,0.01606549,1.2623558,0.9493221,0.80425245,2.3928192,3.2754118,0.6529238,0.14566362,1.3584604,0.04873376,1.0701704,0.14284247,0.21214446,0.80356246,0.5575884,1.7296063,0.12498105,0.23570092,0.06560295,0.03153072,0.93612325,5.315989,0.20862098,0.3809601,0.38204694,0.26970932,0.27753925,0.8932157,0.41181034,0.36762473,0.3205702,0.10962862,0.12723778,2.5956435,1.9046979,0.85460395,0.1064647,0.09381854,0.91022134,0.40629745,0.4185007,0.2926633,0.99595934,2.0457764,0.36808273,0.021978287,0.013745884,0.17934026,0.008156467,0.68032604,0.33230287,0.088033944,0.42697448,0.43880278,0.24963655,1.7968806,0.09975544,0.46225753,0.14036521,0.030634724,0.030457485,1.0224398,0.17633668,0.010662186,0.12657438,0.048137322,2.2810287,0.018183663,0.81950283,0.055950973,0.17674032,0.0,0.014413434,0.10740099,0.1951355,1.1610295,1.5856217,0.09584382,0.1614066,2.2072265,0.16673616,0.66628885,0.8804165,0.6250933,0.30597088,0.052559327,0.74818903,0.05410918,0.0,1.968925,0.37692887,0.13164762,0.33636042,0.26145318,1.5251644,0.86222434,2.152887,1.817738,4.001719,0.832429,0.11081074,1.9211836,1.642005,0.03703095,1.5791308,0.4448927,2.2009156,0.18774924,0.46649253,0.16234124,0.15116243,0.10833673,0.6326624,0.34088376,0.52054507,0.91474944,0.79157263,0.12988986,0.48227212,0.41237628,0.46339378,0.49859747,1.141449,0.60438544,0.15430091,0.14459437,0.34123713,0.17055298,0.73488945,0.16830064,0.0,0.3331576,2.672064,1.2088152,0.7312731,0.24514021,0.64074653,0.4362708,2.5006013,0.81051105,0.40324485,3.3983667,0.3639693,0.25542447,0.3710213,0.5261709,0.7518408,1.930854,0.11588138,0.056108974,0.11711934,0.06073863,0.21280901,0.43739995,0.6111384,0.0,0.071178466,0.08339196,0.0,3.778967,2.001006,2.0450685,0.38658217,2.4229436,0.5123215,0.7166737,0.014454846,0.15439034,0.002206894,0.4010229,0.4422875,1.2453903,0.07365192,0.64707893,0.6263945,0.51442343,0.09229454,1.0785974,1.275208,0.08579,0.595254,0.8535273,0.78928924,0.057207637,1.8371097,0.9025734,0.39935735,0.4604683,0.0,0.0,0.8828467,0.69837856,2.7960522,3.3941987,0.39808246,0.19346264,0.14214262,0.88354516,0.8100916,0.098160565,1.1016173,0.061445087,0.13019189,0.3937527,1.1956615,0.6716749,0.028876305,1.6442755,0.88040286,0.022895608,0.2811542,0.26148078,0.7606413,0.526492,2.0658865,0.585555,0.28741658,0.35352758,0.03942012,0.61646485,0.8929826,0.37871945,0.5458768,0.0,0.5439026,0.0039308034,0.62244165,2.350865,2.4352157,0.44420296,0.1558383,0.51682264,1.3763484,0.56785935,0.44456092,0.9548668,0.3615189,1.0048871,1.104424,0.05251233,0.5164867,0.15323234,0.6453867,0.54751706,0.8114543,0.78269005,0.50726354,0.10332478,0.48167393,0.056802027,0.99690586,0.0,0.81783855,0.17582673,0.0,0.5879766,0.7957306,0.67765605,1.0338136,0.0010038082,1.064029,0.30562478,0.29035428,2.3790996,0.8295467,0.93267274,1.7601132,0.06604091,0.00820588,0.119348526,0.16616505,1.1487821,0.12666479,1.1629838,0.03110451,0.3107513,0.36754557,2.7077405,1.8062385,0.5019443,0.13236557,0.44514644,5.6832647,0.0002592748,0.15238664,0.13778089,0.18386441,0.5503082,0.42926335,2.1336925,0.8096698,1.4198741,0.010095071,0.5057424,0.0,0.7908465,1.8792629,1.3735439,0.15235452,0.0,0.8506163,1.4823501,0.617878,0.88770944,0.86713624,0.021533076,0.6406056,0.51092297,1.7981701,0.13204738,0.3579019,0.1462243,0.51626587,0.1519354,1.123722,2.2564092,1.5967423,0.09455901,0.35294145,1.3051186,1.0272287,1.1265792,1.9170167,0.25634095,0.3556654,0.8762985,0.484726,0.00797144,0.93671304,0.06578708,0.28642032,0.80728036,0.10529465,0.018806605,0.15287375,0.71269834,1.0159324,0.33311352,0.0026620023,0.3818047,0.34829506,0.8699389,0.30503526,0.6693782,0.88889515,0.4098016,0.4882112,0.44352865,0.55578405,0.25914097,0.5912605,0.0,0.59706724,0.06429323,1.5717714,0.0,1.8975108,0.39345285,0.52655244,0.4287557,0.026040705,0.586588,1.9079429,1.1680763,0.19477907,0.11329076,0.0,1.8425057,2.2319417,0.2941411,0.8055391,0.0678338,0.33148053,0.13986103,3.535286,0.70837307,0.028372131,0.21644558,1.271701,0.8027431,0.48796678,2.0167265,0.08568868,1.3728307,0.15473531,0.7648281,1.0648732,0.37160417,0.58534706,0.34125462,0.09126579,1.6085616,0.13375424,0.5297173,0.67668074,0.8905546,0.6652769,0.042062916,3.847062,0.15373786,0.4498829,2.9717004,3.226121,0.58025,2.261496,0.83480865,0.09414857,0.20968476,0.7676733,0.19559698,0.18365829,0.6267044,1.6110501,3.495781,0.831796,0.03310767,0.32272825,0.42858723,0.7522809,0.002827914,0.094654925,0.72412145,0.5566331,0.008521666,0.91243553,1.0060643,0.035395805,1.457834,2.7703526,0.25268975,0.018967934,0.97457236,0.1881303,0.48752657,0.32136866,0.7071961,0.17014103,1.1416017,1.6880732,0.28913411,1.3831217,0.019569868,0.3101257,0.014780232,0.05532003,0.08541289,0.68315333,2.4994178,0.5496389,0.44485086,0.16510981,0.6764504,1.3587496,0.3127158,0.67076975,2.7718494,0.18908249,0.0,0.6985218,3.43004,1.2771316,0.6186645,0.12288504,0.0042092176,0.18075077,0.18577552,2.0109715,0.0661193,0.002779717,0.56760514,0.5171122,0.0031068956,0.12569913,0.03663972,0.0,0.30641115,0.19410199,0.67594486,0.1567124,2.6958194,1.2953156,0.31069928,0.5288791,1.88021,0.2208733,0.036492065,0.031686824,0.08486557,0.009255423,0.12450753,all_pothole_images\pothole_images_enhanced_f63925a70a69d192ee02936f4aae0bc9.jpg
0.61535615,1.1497899,0.026967075,0.8763024,0.9779049,0.25103155,0.59356546,0.40272343,0.58252317,0.43266264,0.11218196,0.38212904,0.3755005,0.58112854,0.041862644,0.27186242,0.37343267,0.60230356,0.5732707,0.33136982,0.32525858,1.8666815,0.16786341,0.24107745,0.899751,0.7877876,0.32785687,1.2230781,0.035505377,0.35038376,0.15910934,0.002276237,0.6504532,0.0,0.25857592,1.4606234,0.9725221,0.6039164,0.42304602,0.8676179,0.0,0.059889633,0.061391696,1.1854807,0.8079201,0.24851826,0.57670933,0.046978697,0.22739477,0.8575788,0.45082754,0.30744705,0.034143943,0.1142265,0.5057233,2.0438108,2.2638254,0.43545964,0.61225826,0.15452327,0.2534242,0.52873826,0.7553768,0.6213736,0.004579215,2.1334527,0.5766131,0.16047134,0.31513593,1.6290835,0.0,0.43163773,0.13570988,0.018285036,0.6259482,0.04498468,0.28901637,1.2627454,0.059742443,0.02960299,0.3028803,0.5510385,0.47627854,1.4709913,0.82145983,0.48452556,0.007949631,0.1600968,1.657034,0.011603217,0.2816284,0.09849078,0.08736858,0.12132785,0.2275326,0.02650308,0.2562102,0.01639864,1.0083345,0.47206387,0.3113471,4.9810596,1.4972078,0.057590332,0.3686255,0.11252103,0.2403862,0.15055755,0.0,0.18134132,0.17201322,1.0207354,0.3795359,0.0,0.4455274,0.674506,1.3145887,0.21179362,1.9425914,0.35597345,0.82875365,0.4027657,0.18115266,1.1801469,0.12403471,1.0173967,0.080774926,0.6063684,3.4635015,0.07353403,0.9232798,0.19039789,0.18637462,0.12927099,0.42248222,1.0061175,0.116183616,0.6589545,0.5565106,0.24004409,1.5368558,0.49657643,1.1068057,0.10429459,0.10694996,1.2057093,0.30490965,0.2963118,0.7053337,0.8055416,0.04845968,0.8311728,0.3297527,0.11961961,0.89802635,0.4555466,0.02182354,0.032515593,0.74547285,0.29951382,0.19438264,0.5989657,0.48313123,2.8529768,0.43933678,0.20210014,2.6712239,0.1947185,1.0093035,0.22454329,0.54602915,0.09472391,0.0052914266,0.533209,0.53338945,0.0,0.2796823,0.14163713,0.023705136,0.02309932,0.051589224,2.1556163,3.5773218,0.84398556,2.087662,0.2909322,0.41219333,0.5713525,0.1350417,0.76233643,0.21528241,0.24782467,0.070989445,1.8426229,0.20448895,0.03229419,0.51413965,0.36444652,0.005483239,0.17399478,0.052627057,0.41514158,0.29097202,0.33619797,1.1291636,0.33495918,0.78019744,0.6869894,1.0391914,0.343836,0.0142103005,0.10834078,0.9626743,0.65044564,0.57334006,0.9772446,1.3658348,0.50162274,0.4354321,0.17260724,0.3895892,0.40290403,0.069383174,0.17059544,0.04348819,0.18873984,0.9125087,0.54141015,0.28515166,0.41692054,0.14908129,0.33233428,0.8221357,0.025891332,0.76159364,0.0,2.634,0.031144464,0.06811729,0.0069665615,0.02381913,0.07789168,0.12638862,0.09498636,0.35556036,0.1703534,0.5757552,0.42163303,0.52751523,2.948812,0.85064024,0.07959214,0.9258729,0.14564703,0.031908542,1.4178479,1.130006,0.112580456,0.03795859,0.7596957,0.0,0.35078964,1.1191957,0.6156363,0.29272753,0.20583242,0.1642064,0.35641104,2.2807384,0.09560116,0.04915281,0.026733981,0.42657864,0.27761933,0.8469383,0.3469413,0.14569235,0.21045521,0.36343655,0.16433729,1.2734032,0.5976796,0.043884024,0.6581653,0.64507145,0.8111024,0.4875096,0.30053997,1.2489152,0.20491856,0.41103852,0.16770218,0.17008813,1.5549201,0.63324356,0.0231097,0.18079475,1.1413134,0.098824166,0.44658193,0.61951184,0.5502362,0.060334302,0.21726118,5.340125,0.13667646,0.045791656,0.3677256,0.33687124,0.16657194,0.63164544,1.6198242,3.3143008,1.2433616,0.57864374,0.3931894,0.34412578,1.1910092,2.0382826,0.03854337,0.0,0.3556987,0.276318,0.275039,0.068343066,0.20175509,0.5933871,0.033110794,0.428096,0.10601213,2.7650576,0.16847867,0.050689332,0.2185186,0.032578167,0.8981669,0.3224838,0.007843609,0.31459978,0.20475711,0.12620302,0.70035505,0.45208925,0.0,0.63115144,0.008216374,0.0,0.010052414,0.077012576,2.0598133,0.51896214,0.06638243,0.99673486,0.030638857,0.4756551,0.026222821,0.2763286,2.4577184,0.67990315,0.5376055,0.0,0.31020096,0.18914312,0.021776617,0.15707238,0.44427952,0.76878685,0.34469756,0.7583715,0.5811548,0.92595375,0.0,0.5992147,0.48199305,0.41160622,0.28248686,0.12635295,0.06684295,0.18476988,0.055378158,0.33118978,0.0141349975,1.344316,0.67972356,2.0317833,0.26637068,1.2759949,0.17862755,0.43999463,0.5387287,0.9542942,0.11162737,0.0,0.20688383,0.26893798,0.07869975,1.2030499,0.06606971,0.0011531191,0.38627157,0.9330156,0.15676433,0.09511042,0.36354536,0.5967015,0.20666154,0.49517968,0.20188129,0.0,0.3747078,0.33187008,0.41762674,0.09564559,0.23827669,0.25894535,0.7257622,1.2700363,0.29030666,0.3719381,0.032656666,1.0439055,0.67234635,1.4429486,1.5818559,1.8020838,0.37399226,0.5859217,0.1144828,0.50550926,0.48534372,0.73480767,0.059012037,0.38079584,0.013305351,0.39096642,2.0929353,0.10839275,0.19034049,0.5650103,1.0166684,0.6239404,0.108457565,0.29245827,0.018513735,0.17328262,0.2608725,0.3465208,0.5228509,0.19410904,0.41451383,0.45757172,0.06852588,0.2973272,0.6523906,0.70510846,1.0814201,0.2280635,0.06220457,0.19415216,1.2035743,0.80267364,0.040616926,0.76756245,0.2517931,1.0610591,0.059362967,0.29035047,0.2649621,0.33662662,0.6490566,0.378134,1.4762264,0.47438976,0.16564848,0.82327944,0.5346952,0.078648984,1.2777916,1.03443,0.20390943,0.11442615,2.4306114,0.81848633,0.40617916,0.14602195,0.032042395,1.6256111,0.35218123,0.98020214,0.059484854,1.070123,0.94786847,0.4319732,0.44809774,0.26888508,0.0010595567,0.25673726,0.16705354,0.10212645,0.06321937,0.54639214,3.413353,0.7862433,0.21607132,0.8386154,0.26993462,0.23118821,0.3349564,0.78146577,0.43485138,0.6278829,1.3326886,all_pothole_images\pothole_images_enhanced_f650043b6fabd393cb6b2431de468854.jpg
1.0723487,0.29834792,0.240107,0.73404086,1.4324689,0.07053168,0.27301612,0.0,1.1492548,0.6384314,0.15179217,0.6525178,0.010257248,0.4625435,0.06300169,0.6849888,0.4696141,0.9043511,0.20615003,2.6007924,1.0078443,0.13509491,1.3788004,2.0283742,1.671546,1.2067014,0.269664,1.6779128,0.018173434,0.9646134,0.12756054,0.04816205,0.45298922,1.2285118,1.2205573,0.89734775,0.6958726,1.2682664,0.037907954,0.0,2.2916546,0.51673996,0.958793,0.18720478,0.9544534,1.09028,1.4667466,0.37815326,2.205527,0.6876362,0.9644254,0.9508246,1.228172,0.44790104,1.8504455,0.28466275,0.68537086,1.2892777,0.49907073,0.93256545,0.3680507,0.07654255,0.39767805,0.4968021,1.2065301,0.66128415,0.057815574,1.4880911,0.00789365,0.691504,1.7792498,0.18147735,1.0585784,0.2466179,1.7412254,0.3412186,1.062354,2.0327258,0.14413898,0.2196278,0.89026207,2.4169805,1.1877992,0.69348395,0.684684,0.2807044,0.06076583,0.10508901,0.9277085,0.7169271,0.36125743,1.9944934,0.93562824,0.7565559,2.9535654,0.93017966,0.59657604,0.50335974,0.46942443,0.7611066,0.27095184,1.9168031,2.3611321,0.14160553,1.182887,0.098070554,1.6178716,2.1054974,0.25574872,1.1534834,2.153638,0.4207646,0.9090589,0.5839481,0.7222028,0.8319023,0.08822144,0.12674445,0.7685941,0.58873403,3.0222435,1.0127456,0.38126707,2.3861098,1.3934313,0.20087203,0.9354444,1.7490714,0.48284265,0.52321595,0.26833865,0.48953673,1.8379979,0.96387887,0.6522583,1.5935979,0.023429595,0.15715398,1.293482,0.2379517,0.116524704,0.57601184,1.0234535,1.1012237,0.8211609,0.49410057,0.7920861,0.20935187,0.08135646,0.41451368,0.63272554,0.05840761,1.5531074,1.0736929,0.8658939,0.58568794,0.39208272,0.13864395,0.32419,2.0029802,0.509286,0.10384999,1.0435315,1.9485921,0.4541751,0.07905272,0.8136993,0.64078087,4.5536323,2.2752643,1.206611,0.13798447,0.12822524,0.2384202,1.6739517,1.0827608,0.46325386,0.21211866,1.5179166,0.52098894,0.14590606,2.3770845,0.09916986,3.5726504,3.2719376,2.5084238,0.22732393,1.5385758,0.11977396,1.6363873,0.050862923,0.19572686,0.7452248,1.0745208,1.584491,1.0595917,4.1779275,0.37512836,1.505947,0.55835223,0.78918207,1.2541147,0.12246657,0.7929538,0.048300855,1.6697263,1.3053895,1.2856264,2.1028767,1.649501,0.0001960293,0.27660522,0.6283173,1.290467,1.6305432,0.39746767,0.19950517,0.22905613,0.9893294,1.9193528,0.6621408,0.09484618,0.117070995,0.13306819,0.013967515,0.73108417,0.4682468,0.9242462,2.4353657,0.6364162,0.06877069,0.19126321,0.5613343,0.008834049,0.7531169,0.1496526,0.55835694,0.9291202,0.2528094,0.56233305,0.8905265,1.1104487,0.33686477,1.5124426,0.30290857,0.24325009,1.1511202,0.5090906,1.1526031,1.7493033,2.0319793,1.1546239,0.90015143,0.84491175,1.4557551,0.18504976,0.59699374,0.014400133,1.0131226,1.418978,1.6746093,1.2565287,1.0617667,0.17897135,0.34970963,0.37446365,0.9043967,0.48013234,1.1316909,1.3011637,0.14741227,0.04123939,0.9720228,0.01873395,0.25491396,2.1239655,1.2460195,2.3756592,0.33224198,0.2632083,0.115395136,0.51623005,0.50014573,0.68665403,0.3877444,2.0120404,0.79779077,2.0308018,0.49576762,0.4307836,0.45564535,2.1084359,0.1691559,1.4367559,0.24828415,0.8079451,0.7968376,0.014053301,0.91430956,2.043614,0.54399216,0.5427348,1.032466,0.61986166,1.9142723,0.019052366,1.1530627,0.0148023935,0.48242563,1.2081052,0.32123697,0.6190998,1.7378646,4.8130484,0.2289709,0.77669054,0.028994778,1.1537783,3.7502844,0.9962461,1.1353892,0.38653755,1.0044478,0.58979595,2.8044646,0.85025644,0.8335311,0.15850303,0.33230275,0.6643299,1.5901568,0.031033693,0.6510227,0.5203027,0.54489595,0.21140125,0.5007744,0.1274559,0.849965,0.83606505,2.361817,0.24271126,3.9253054,2.0534406,0.86493164,0.3589763,0.48631963,0.71532625,0.6019294,1.9205295,0.19023281,1.0342997,1.2001132,0.10236185,1.4840007,1.2581819,0.037430223,1.964348,0.55080765,1.869186,2.0542135,0.90599555,0.4459039,0.8407868,0.51388496,1.1381806,0.76096016,1.8511206,0.1911691,0.9436709,0.48366192,1.5944642,0.03431021,1.456857,0.15525013,0.4376605,0.5024154,0.6322371,0.2983951,2.876711,0.9158061,0.44953537,0.41973552,0.31561422,1.2526084,1.1182882,1.209379,3.2532928,0.03147582,0.99966955,0.3364458,0.9894842,0.25677967,0.7057897,0.054938704,1.0170293,1.6006943,0.84593743,0.13923803,0.6020292,0.27009255,1.7926383,0.16896531,0.11758977,0.1905385,0.15407093,1.4309955,0.07228193,1.1519965,0.16928749,0.086719014,0.02248539,0.2778609,0.6992405,0.06260718,1.0968727,3.100273,1.8025534,1.8004925,1.7338533,0.7543711,2.3649814,1.276417,0.15752432,1.3851606,0.5339745,0.9496211,1.2097317,3.003991,0.7888066,0.6310987,1.3677121,0.007166793,1.0331634,0.21964388,0.7230391,2.8916302,1.5550394,0.16019866,0.80754685,0.7130138,0.7902955,0.2767911,0.42043006,0.021647163,0.031376358,0.11788956,0.0635125,0.5837811,1.2089864,1.3558682,1.2100556,0.84226006,0.7214552,2.6501708,0.029647294,0.03238738,1.0820495,0.25996372,1.3449411,1.1836303,0.48113856,1.639654,0.016277388,1.2269533,0.5873215,2.5235438,0.59823936,1.2351332,0.6118189,1.4039714,0.8580377,0.39155585,0.6983599,1.5965725,0.76077914,0.3110494,0.8555897,1.5974909,0.042554926,1.8086027,1.0323516,1.4264294,1.3993146,0.6234472,1.0458592,1.5837368,1.1469406,0.85959435,0.069089584,0.07569536,0.42285514,0.6750443,0.38716614,0.0,0.12572028,0.26186064,0.60563767,0.7825031,0.7195796,1.6645015,2.8926728,1.5601611,0.89890933,0.7421313,3.5527434,0.60501206,0.18930684,0.563977,1.3798308,0.23586445,0.028441457,all_pothole_images\pothole_images_enhanced_f6948b8693456784948bd86925dd790f.jpg
1.5098583,1.4193646,0.115092605,2.7854033,0.6821197,0.35091463,0.1626682,0.657173,0.40695667,0.20673609,0.002154776,1.1353359,0.21744172,0.4248549,1.2451891,0.012172998,0.33852613,0.1046768,0.09083094,0.48071623,0.8994706,2.108044,0.06793642,0.6023783,1.5329474,0.18586698,0.1897648,1.6574236,0.06306449,0.35624927,0.89248306,0.24230006,1.5264803,1.0262084,0.9685698,0.66062546,0.31580493,0.16619103,0.09849909,1.2566149,0.043004356,0.03188178,0.21896814,1.0969287,0.77777404,0.1853031,0.59236044,0.68103343,0.61018693,0.6849037,1.0466768,0.5103209,0.5650839,0.08780467,0.0023642832,0.9621778,1.4850703,0.057397317,0.2835061,0.44818446,0.095234536,0.39962712,0.12730768,0.5558671,0.30827895,2.8575242,1.269678,0.0042496086,2.180634,0.10892942,0.648873,0.10415078,0.11648859,0.7921629,0.082749695,1.001242,0.41404957,1.1133739,0.018308377,0.14581515,0.16510913,0.37897635,0.24319936,0.7103462,0.100929014,0.3942031,0.30493966,0.67095155,2.3543754,0.4893419,0.421534,0.21585287,0.16480489,0.57510996,0.25268757,0.0,0.7420762,0.5231224,0.8266556,0.30550656,0.3016881,2.4411411,1.6571988,0.05473491,0.09261056,0.0,0.30947527,0.64944494,0.40969867,0.676606,0.8341354,2.1404042,1.4905661,0.94798535,1.1232768,1.1864792,1.9187164,0.13633507,0.35886368,0.1861487,3.0623293,0.3471377,0.60500515,0.5042185,0.8040645,0.8310827,1.0574375,0.42530936,2.3028622,0.03819483,0.2536979,0.18082659,0.16488452,0.032534692,0.9380904,0.60043895,0.0,0.47247788,0.3786747,0.47724533,0.23226365,1.2698839,0.11338671,0.52463186,1.2758156,1.8633868,0.0304337,0.99940777,0.33282065,0.109121494,0.64767295,0.13967827,0.2243812,0.0,0.7038219,0.95084906,1.0522271,0.0,0.6114602,1.4610316,0.5398239,0.89128125,0.08086794,0.18241726,0.104888916,0.9366351,0.2980587,0.9160066,1.1081716,1.1162026,0.19077152,0.0,0.35240087,0.048719097,1.2815447,0.61693853,1.0235577,0.0443652,0.30814463,0.27523255,0.0,2.180788,2.3006542,0.72586447,1.0661205,0.1554778,0.37405345,0.032927055,1.8169276,0.38618967,0.850059,0.17613001,0.0485007,2.3662097,0.55215853,0.1583736,0.19479793,0.21427588,0.050139576,0.40108243,0.4964123,0.98589385,0.644644,1.3176836,0.665436,0.62273926,0.78735614,0.10943328,0.6371193,0.01877046,0.14368874,0.08915064,0.022281513,0.83204406,1.5248265,0.52984405,0.6652449,0.7416174,0.30694425,0.33084673,1.2632793,1.5908886,0.6780431,0.590579,0.00460028,0.23560193,1.0410743,0.26256204,0.9593418,0.4758297,0.07448702,0.089146376,0.47952488,0.33598506,0.7868646,0.12674777,2.8257694,0.15817337,0.1841624,0.09562595,0.3391189,0.26744932,0.35483536,0.0007562708,0.18142287,0.0,0.81663793,0.24682973,0.81241596,4.7706194,0.7111001,1.1743677,0.54254615,0.0,0.20170443,0.48014456,1.1895416,0.2877301,0.349964,3.8814852,0.118539765,0.16693668,0.70998305,0.8757211,1.0063167,0.2185608,0.21833588,0.99043435,2.1729925,0.47138718,0.7419432,0.0,0.009778547,0.41205406,0.55556965,0.4234313,0.36175817,1.5437907,0.4376592,0.99012935,0.19681422,0.04470806,1.2159557,0.08956569,0.069935314,0.016761035,0.89642334,0.09336289,0.6029099,0.49030602,0.8903793,0.4454032,0.39931044,0.92350364,0.015763953,0.27115563,0.06270601,1.0807238,0.42494085,1.880239,0.033613198,0.61819065,0.0,0.26374322,6.0242844,0.9626817,0.0071962415,0.69266164,0.0937757,0.31430575,0.011837441,0.7136876,0.97472394,1.7310901,0.007351156,0.608583,0.08747397,0.6021042,1.6920304,0.20553508,0.3811677,0.17793773,0.33435342,0.1600326,2.2842596,0.32230446,1.1912353,0.1115726,1.16528,0.16268025,1.9303942,0.26829997,0.09103833,0.0045149415,0.022416623,0.46865863,1.6532227,0.06297199,0.5788668,1.5950816,0.07530563,0.7212545,2.8297977,0.124189906,1.13397,0.6099847,1.073718,0.050343387,0.79609334,0.5802213,1.018938,0.76054513,0.0062468587,1.389714,0.42898637,0.04778174,0.68273365,0.98504776,0.3543344,1.7005051,0.08207438,0.11825515,0.19290747,0.40036863,0.0,0.39858907,1.66553,0.3974129,0.75162554,0.59159374,1.0954273,0.0,0.102966756,0.14252189,0.11137549,0.07886163,0.31476453,0.35851955,0.94202864,1.2606847,0.21877393,0.031888664,0.5831227,0.2708943,3.314245,2.446355,0.5779799,0.12204711,0.0947141,1.0142196,0.17514955,0.62813395,0.094245516,0.042087402,0.3165764,0.27082503,0.85532594,0.56748503,0.12696567,1.4580852,2.0794783,0.16600421,0.18191722,0.64401877,0.07702266,0.72398907,0.3356546,0.97576606,0.64290285,0.56475425,0.45743465,1.2885807,0.12697156,0.80469036,0.05082264,0.5906111,1.1328368,0.45576775,1.1621729,0.9447745,2.4397182,0.22243457,1.8409278,1.8052248,2.4845006,0.18167701,0.61651105,1.1754878,1.3046775,0.2289971,0.8528967,0.21903224,0.8181803,1.3622807,0.23332949,3.2247376,0.7849613,1.7383348,0.22864062,0.4251516,0.52402556,0.34149137,0.034155954,0.21049304,0.80858946,0.29849902,1.3129604,0.54582715,1.0030551,0.88906914,1.5122503,0.2169797,0.09778766,0.4527928,0.6702772,0.84820694,0.16579452,0.028445007,0.3022779,2.128006,2.5259748,0.41090196,1.2377776,0.29974276,1.0069449,0.13352016,0.014512194,0.18684071,0.023324033,1.5318432,1.3480407,0.53094774,0.25054413,0.11537651,0.49190903,0.036467604,0.21355623,0.77323645,0.3805489,0.43935955,0.10755603,2.4822893,0.34565955,0.73652697,0.14795613,0.0,0.7491665,0.17832954,0.5216111,0.0073136976,1.2742188,3.339607,0.018559868,0.45671922,0.03423991,0.012554575,0.8246728,0.23315488,0.078361,0.15478766,0.31689376,4.3642955,0.3134836,0.36654654,0.47890696,2.0558822,0.79248106,0.036148474,0.2010555,1.0845656,0.6306765,0.3091302,all_pothole_images\pothole_images_enhanced_f696f77764cb50cfc987ad1f9eca3cbf.jpg
0.02991395,0.9790847,0.07857195,1.9074697,0.6280147,0.00897153,0.40858594,0.107959084,0.18334223,0.17105293,0.60653317,0.8331751,0.027218584,1.7590364,0.007297824,0.3639806,0.15966354,0.89202535,1.3804582,0.06630205,0.2543812,2.262266,0.005630203,1.0245302,0.3665234,0.3855358,0.3289422,1.3420432,0.076657526,0.1571492,0.4784516,0.025125135,0.27973583,0.000658016,0.24999061,1.3238817,0.18718354,0.6572843,0.19613114,0.75328654,0.031556208,0.045452926,0.24223378,0.85981345,1.0586971,0.005833135,0.23933293,0.13317241,0.43916795,0.3956907,0.5315898,0.0612178,0.12938212,0.043457657,0.21893726,1.1856985,1.4021753,0.3608688,0.60963005,0.16173394,0.4745649,0.012533044,0.8374715,0.020733234,0.32192898,2.3968132,0.5335908,0.037604373,0.8277958,0.87723094,0.056809507,0.23121682,0.11359256,0.00047470283,0.2207004,0.1605201,0.20422938,0.4169445,0.001441061,0.25962034,0.006215057,0.017358448,0.3086809,2.2578151,0.04535949,0.06229958,0.25594416,0.049296632,1.5706781,0.39072916,0.08749197,0.24376751,0.032867875,0.08552446,0.006249228,0.01522553,0.58717835,0.8843647,0.34123075,0.06654195,0.33511028,2.4369996,0.6491127,0.15475012,0.21033178,0.7485858,0.18461443,0.015840068,0.11596987,0.13241284,0.03319912,1.5124569,0.070912704,0.03802897,0.30402362,0.08618669,1.8689044,0.2990685,2.0607145,0.37004128,1.201053,0.2536996,0.15282081,0.07291517,0.25127283,1.006367,0.10163315,0.051259857,0.70352614,0.28385472,0.21210378,0.02886115,0.26723522,0.16234516,0.0020509665,0.55983603,0.072633535,0.118377954,0.4922019,0.0,0.33362097,0.57958686,0.0,0.6751122,0.3189463,0.7850175,0.05664389,0.049849957,0.7084274,0.43536684,0.20219558,0.1808877,0.0032682219,0.115149595,0.9192669,0.0,0.10747631,0.122678734,0.07385783,0.037690997,1.18442,1.0880342,0.13087337,3.3776393,0.5068283,0.0,0.7475457,0.28484088,0.15184711,1.5622168,0.0,0.0019447895,0.041300572,0.20530818,0.024084283,0.03733669,0.10676324,0.0,0.10075284,0.08104955,0.020682894,2.9999502,1.2553788,0.07023326,2.0188177,0.4825571,0.3853915,0.3586033,0.22835979,0.68676436,0.41335732,0.16268232,0.10593907,1.2133123,0.2405969,0.056075357,0.6441116,0.24151218,0.12606029,0.57990855,0.20670441,0.5055183,0.81617206,0.3079061,2.4544008,0.3398546,0.0776731,0.17165406,0.18519525,0.56256807,0.03426135,0.07532618,0.77607334,0.49123967,0.8082296,0.98613924,0.49118444,0.08580927,0.33587036,0.41534474,0.1663943,1.1441311,0.27070853,0.15263535,0.2184479,0.25411034,0.6055023,0.21403784,0.74960095,0.28139767,0.016031438,0.07610965,0.6250895,0.04512524,0.27285314,0.13704778,1.0071371,0.008762462,0.0032655403,0.033864915,0.072066665,0.07894746,0.16590114,0.19991884,0.01524991,0.0,0.3825154,0.16381226,0.07101108,4.1909447,3.0390692,0.006835237,0.5347054,0.11348098,0.0036074724,0.5016272,0.7097578,0.35784605,0.7745995,1.1317459,0.25003237,0.014608683,0.048272014,0.6374258,0.2116032,0.17728296,0.47465035,0.17716779,1.0355173,0.1482652,0.07187657,0.029593997,0.013813583,0.13859186,0.7940755,0.84979504,0.31763652,0.70560336,0.2359033,0.34660986,1.1437652,0.08961942,0.11418426,0.23020357,0.46412456,0.75192213,0.41258425,0.15584296,1.3962072,0.22260812,0.009282879,0.0,0.07928272,0.5193617,0.6914904,0.119332455,0.18643591,1.3732636,0.2525529,1.3103613,0.6471186,0.38344014,0.17597283,0.5988427,4.4873543,0.0,0.10296155,0.98863095,0.13022909,0.61987835,0.9011833,0.5353663,2.8482058,0.41111645,0.23395678,1.1642152,0.12099307,0.48823053,3.119637,0.21581069,0.0,0.0,0.21861051,0.40416119,0.7706703,0.63010997,0.555174,0.017596189,0.43186963,0.27957064,2.5263395,0.19027951,0.38546276,0.025170969,0.15274696,0.14295706,0.79785043,0.51446366,0.07259913,0.16375846,0.14648685,0.5263033,0.7374873,0.41426784,0.23357317,0.44477576,0.0,0.16178285,0.815164,0.6172466,0.13182676,0.023525313,0.0,0.7273679,0.003003124,0.07409034,0.28877306,1.7304573,0.11662653,0.45358774,0.007292489,0.58728915,1.01184,0.0,0.16653222,0.04142014,2.4707108,0.59917945,0.0064077335,0.18162028,2.0563986,0.013108248,0.25300997,0.48292592,0.10648408,0.30721512,0.0018410189,0.0,0.06716932,0.13164088,0.38444215,0.0,0.33276924,1.0173738,3.6101658,0.31208748,0.67088205,0.0,0.003865139,1.5806099,1.3006533,0.2583318,0.012759639,0.22760133,0.07072948,0.0003276125,0.8021592,0.02053986,0.15237138,0.10620826,4.26093,0.29729742,0.09409603,0.82959527,0.3678167,0.020737309,0.26704964,0.638892,0.09135475,0.014533685,0.004294775,0.2056068,0.4433452,0.1536606,0.16258225,0.0036857747,0.26811787,0.019303562,0.12803723,0.0,1.7459651,0.35610038,0.07617662,1.8113444,1.2817535,0.26053587,0.12181397,0.44706833,0.053110577,0.3524127,0.2136042,0.049762793,0.15794721,0.41258207,0.5115044,2.735065,0.25099432,0.42988002,0.17060025,0.47662157,0.10314746,0.056362286,0.043154325,0.2922327,0.79926056,0.019695168,0.5379376,0.4762716,0.009284918,0.812968,1.5468909,0.438875,0.5840622,0.07225235,0.7410057,1.0391799,0.16645104,0.33776513,0.950523,0.9539052,0.8816621,0.23937595,1.0020293,0.013557488,0.5622716,0.3377199,0.28871122,0.08812273,0.51846164,0.32606825,0.6107227,1.7024227,0.46881998,0.09312746,0.08925755,0.06572867,0.0,0.6656802,0.20178986,0.0,0.25427487,2.1643956,0.28716233,0.29737306,0.02345229,0.12430829,0.5655875,0.0,0.95980763,0.23271868,0.9044661,1.4285449,0.15677413,0.056463595,0.0017437426,0.2785674,0.14854208,0.19096327,0.00094468705,0.09805171,0.3531211,2.8951771,0.44930676,0.032815088,0.061353445,0.63021153,0.10008909,0.16941065,0.82336193,0.12514089,0.10880795,0.28785378,all_pothole_images\pothole_images_enhanced_f6dc55a50cf8fea3fd4012bdae774107.jpg
0.73373336,2.9308085,1.000299,2.3730123,1.9367007,2.4962792,1.3460983,2.4292755,0.5328991,0.7756103,0.4083275,2.205839,0.4580469,2.8971052,0.31853092,0.7199596,1.5735296,0.53213465,0.52121073,0.029698603,1.4009377,1.186686,0.78440183,0.69816166,1.4589381,2.2287164,1.015112,2.8537722,0.8068832,0.21736082,0.06253637,0.27696472,0.2565936,0.09799472,0.7374969,1.408433,1.2136409,1.5038438,0.2717182,1.5207174,0.027920436,0.13184309,2.5748398,3.3905408,0.2968394,0.23306482,0.21395679,0.27920014,0.07360934,1.5658718,0.055627316,1.2394867,0.6922653,0.36882785,0.51856464,4.0222917,3.497435,0.43888566,2.5588865,0.1291382,1.6366025,1.0273098,0.296392,0.15967983,1.5646342,1.7972152,0.84771067,0.7843768,1.5168575,0.32928038,0.7957251,0.007647507,1.1160561,1.636368,2.7448301,0.90800226,0.056842946,0.8422752,0.2973207,0.5524074,2.790896,0.22146572,0.19494592,0.14984547,3.020986,0.48271224,0.17870797,0.65282977,3.3583348,0.836349,0.9327802,0.72923714,0.5668533,0.7081567,0.3472186,0.32360676,0.2555261,2.4615543,2.0127077,1.787605,0.08009734,1.4036372,0.20093651,1.5623034,0.796974,0.2623433,0.6927661,0.525363,0.02120691,0.20334163,0.0018512075,1.3327204,0.27126387,0.68114525,1.5296394,0.8981256,1.436201,0.375795,1.99501,3.6286173,0.9796382,0.18027504,0.12789503,2.5027714,0.93917567,0.7780299,0.67060024,3.5900578,2.8510945,0.30454823,0.27399054,0.2228604,1.3892777,1.4341992,0.044943467,2.301796,1.5994959,3.2271447,0.10408405,0.21786417,0.3628108,0.26741546,0.88744617,0.21596012,0.12944597,1.1103594,1.4598532,0.96427697,0.0112245595,1.1742,1.1483539,0.53654844,0.8464849,0.2202917,1.5531204,1.250322,0.628243,0.31403446,2.3196535,1.8591093,1.1164439,0.22137015,0.7933623,0.6910988,0.93901837,1.5942632,0.91661024,0.56453305,1.454747,0.21952741,0.3771623,0.83304644,0.5603299,1.3030921,1.4789817,0.079333976,0.06193584,0.9414668,0.3455603,0.60963714,0.92251915,4.3676705,3.4905837,1.3543987,2.074101,1.2233994,0.04381903,1.3634651,1.7303605,2.002134,0.32158566,1.0875676,0.90674186,0.70116276,0.991731,0.5097631,1.8802086,0.19967982,0.1327648,1.3729957,0.25126228,0.7162163,0.13083269,0.89496726,0.13955152,1.4316099,0.24478067,0.62820303,1.1320745,0.23388596,0.0,0.20812851,0.31945422,2.901574,4.152549,3.045448,0.41125417,0.04614495,2.1897135,0.5760697,0.8288931,0.0989206,0.044651713,0.8722642,0.23218943,1.1338475,2.0927882,2.2678053,1.2068362,0.6444295,0.49695095,0.37507394,0.77788544,0.6531373,0.022037745,1.2248001,1.8365335,0.28060547,0.22604778,1.5422802,0.0036311261,0.12603158,1.483537,0.5108445,1.1729761,0.009564218,0.03903179,0.4078658,2.5030913,2.8547955,1.767618,1.4223757,1.0724232,0.42557442,1.3135444,1.7198981,1.3639437,1.8223182,0.97372603,2.0143993,0.6002084,0.28794977,1.6548402,0.18524532,2.1302998,1.0310088,0.78700256,0.7208673,0.22919701,0.25691262,0.8774933,0.71159285,0.58026874,1.0702531,2.592563,0.18112907,0.624818,0.15144497,0.43593317,2.2106526,0.119504645,0.7557384,0.073365316,0.16487324,3.1372857,0.75492066,1.8308936,0.275995,2.3329601,0.41482106,0.37266526,0.8175463,2.5345442,0.797829,0.2833084,0.8301094,2.0720022,0.6715961,1.3012508,1.1551616,0.08882087,0.9105924,0.11185188,0.9844248,4.3238816,1.2129047,1.1201547,0.06486827,1.0877125,0.026403325,3.193921,1.4646174,1.4908391,0.15596165,1.3384908,4.7788596,0.5869746,2.3492913,2.1847768,0.65693337,0.06926866,0.41341835,0.10148399,0.5170304,0.26515713,1.6674021,0.177932,0.69534796,1.3674402,0.99512166,0.73238295,1.3010732,0.056842726,0.1007764,0.34330133,0.48163152,1.161672,2.9940016,1.3740277,1.4758427,0.33006954,0.20181735,1.2361372,0.6854184,1.7309517,0.3614723,0.35444012,0.52097136,0.2638833,1.6229839,0.7800134,1.2739121,5.7458234,0.6507937,0.4202004,0.97243714,0.9020187,1.7315975,1.1539028,1.5259614,0.43572837,0.5043338,0.37651286,3.3122141,0.10814411,0.21263951,0.33303553,0.08038278,0.5512252,0.5235838,0.7810664,0.39568362,0.17392357,0.5666589,0.9648499,0.03241579,0.0,0.33054578,1.9119135,0.9621186,0.19927378,0.639211,0.2724381,0.2826996,1.667803,3.4342701,0.24985196,0.438332,1.6337953,0.63535523,0.92785364,0.76266587,0.16547865,0.17358214,0.77374697,0.21434456,1.6801916,0.67781204,0.01762934,0.5242773,0.63691163,1.5371897,0.069763705,0.64970654,1.2261634,0.031413138,0.32463923,2.331697,0.61828804,0.4466518,5.1938014,0.01316193,0.13780825,0.095489405,0.083511196,1.9674919,1.1341377,0.2002031,0.42404723,0.18884128,2.0537117,0.9251817,0.5794225,2.218803,2.9493775,0.05622356,1.0681669,3.4330668,1.9817389,0.9967967,0.3698501,0.12976179,0.8560234,0.5333002,1.0056701,2.56197,0.21558352,0.32525787,0.27520883,0.05283735,2.3294535,1.6719967,0.44267642,0.869192,0.120986,0.29775536,0.26739633,0.64246064,0.6704212,0.5818314,1.8048716,0.98865116,0.3975922,2.0579193,0.44251633,2.045299,2.3921883,0.8421606,0.13279444,2.0822136,0.36178643,0.4789091,1.8136287,0.3832408,0.371852,1.7032603,0.13463031,0.14066389,2.3651538,2.5955846,2.108771,0.73161095,0.36611012,0.70594954,1.2089828,0.9867432,2.9042466,4.0979795,0.16719903,0.5520524,2.4567769,3.6544733,0.42782536,0.64589745,0.068104394,0.64311814,0.7930178,0.011479164,2.226069,0.20560497,0.49061576,0.5838142,0.09986334,1.9938239,1.3480831,0.7397171,0.2644797,0.07490764,0.55769956,0.33652973,0.4686418,7.179113,0.89738184,0.708034,2.4273918,0.3301445,0.3979654,2.431309,0.082403,1.0424211,1.3396665,1.4374202,all_pothole_images\pothole_images_enhanced_f6e23e3828b85880ef5c57a6aac6dcd0.jpg
1.1770772,2.2900472,0.70539486,0.93119156,0.37944147,0.47658882,0.21569322,0.17636737,0.356234,0.31975582,0.15515067,1.2447568,1.1808357,1.4712197,0.15475582,0.13915205,0.980197,0.04196301,0.13103278,0.43211523,0.98766387,2.251271,0.16623817,1.7350703,0.42016333,0.047182664,0.407913,1.084175,0.6872223,1.5986063,2.234367,0.11616079,0.72711366,1.1731822,0.3849706,0.44257942,0.8316575,3.282587,0.8899462,0.5069423,0.45764136,0.0,0.5781687,1.9969326,0.6163667,0.02107135,0.48141393,0.2674376,0.12802057,0.27465594,1.0858784,0.0,1.1074142,0.08069383,0.01807889,0.47522002,0.71689093,0.19770871,0.92324615,0.0176554,0.0039760363,0.006904861,1.3272367,0.32429788,0.16425408,0.5525478,0.2646034,0.9185395,0.50405073,0.49566463,0.56910306,1.2515689,0.118376225,0.2104113,0.40220165,0.015191132,0.14499873,1.6532868,0.006327011,0.20513561,0.49792978,0.3972361,0.3523435,1.5061016,0.934839,0.037454236,0.11110549,0.5780234,3.7112365,0.026005326,0.32121053,0.43747446,0.035847418,0.98553216,0.33033636,0.93697345,0.9981979,0.24480402,0.83889526,0.7707297,0.3038374,2.1158357,0.1307141,0.5237587,0.36672303,0.5742775,0.6680604,0.07049844,0.06188132,1.3915125,0.7381135,0.35172024,0.11381697,0.93287534,0.56920016,1.5766755,1.8719575,0.34907225,0.48043042,0.15728785,1.1148294,0.73076844,0.4041415,0.39627424,0.20653161,0.50219315,0.35809618,0.013733705,1.5786299,1.9309789,1.1411523,0.56403834,0.48401514,0.014879231,0.26924717,1.2932504,0.61691946,0.66676766,2.6916666,0.70353454,0.7544448,0.6368836,0.1414558,4.617726,1.55681,1.4113036,0.75721955,0.6728587,0.18228035,0.84698945,0.31602064,0.6114751,0.45446727,0.078604504,0.15728055,1.0592026,0.5426538,0.0,0.7690821,0.5588445,1.9027238,1.0332682,0.064379744,2.42866,0.42119744,0.07104614,0.109237336,1.7777486,0.7292751,0.29268894,0.0,0.10595615,0.73571074,0.46579224,0.49784485,0.09262493,2.1567342,0.067859806,0.011854148,0.74680305,0.93452513,0.96303886,0.7329435,0.7505714,1.1572875,0.1875736,0.081168644,0.40651372,0.14688578,0.049359687,0.5247621,0.44661587,0.7313594,0.7054374,0.16473159,0.17741139,0.124232136,0.042027615,0.42410666,0.42210993,0.41699934,0.09015042,1.1551745,0.4973617,1.1746019,1.7348953,1.0644684,0.50261307,0.5431598,0.0,0.053517316,0.012720567,1.0048492,0.3340538,1.2609088,0.18885972,0.6786013,0.73433685,0.6494351,0.0,2.3162713,0.2636569,1.3301933,0.16312675,0.007782175,1.1442088,1.0193577,0.8827168,0.42367777,0.15060164,0.13882165,0.16876891,0.29737216,0.9683671,0.11518495,0.25306666,2.0325315,1.86353,0.05537549,0.13832647,0.2765654,0.066646144,0.5783373,0.41324896,0.50530493,0.43203703,1.4683437,0.20412076,0.4472203,3.0395844,2.052894,0.41109458,0.4640854,0.70349354,0.0011848131,0.69891447,1.6062533,0.47749445,0.4866295,2.2110007,2.7511413,1.7564967,0.4274365,0.008636647,0.7343067,0.04784683,0.07821712,0.57161164,0.9760169,3.7403545,0.0,0.032736022,0.07696208,0.07674171,0.5794237,0.31385133,1.2307199,1.5140909,1.7589504,1.0458182,0.7879494,0.14204681,1.1566726,0.12602472,1.4601257,0.10249845,0.37882885,2.9149606,1.9530205,0.14303166,0.056744114,0.08774512,0.9788737,0.18922102,0.96774316,0.5435404,0.61408657,0.95430684,0.71680254,0.8705122,0.734761,1.2801849,0.38023546,0.18873991,5.8412027,0.0036960535,0.72136575,0.75455475,0.8075179,0.08905373,0.26604256,1.5336844,2.0821226,0.19282088,0.088564016,0.2525424,0.83582205,0.5773761,0.89508325,0.41371372,0.17497367,0.02558298,0.09894118,0.8954646,0.14233674,0.5595451,1.4932425,0.77338356,1.5695112,1.2670168,2.8749914,0.5957677,0.23199873,0.4621197,1.0467384,0.3220926,1.5219617,1.364348,0.34049127,0.0767618,0.560671,0.45868406,1.0535041,0.56556404,0.17643312,0.29850158,0.11375072,0.6294254,2.02916,1.2127197,0.32650098,1.5389667,0.0033644657,0.42561123,0.2668594,0.07157636,0.90811104,0.19192295,0.21423608,0.18557529,0.15025052,0.63749844,0.12571703,0.22731467,0.19702281,0.026697207,1.6054721,1.1944301,0.5048338,0.2609364,1.0189707,1.187407,0.6130568,0.5108742,0.7303525,1.8332083,0.08456041,1.5573361,0.4962784,1.5895946,0.33906367,0.086712554,0.11654645,1.067028,3.6296258,0.86334974,1.6104503,0.0035672698,0.03225971,1.8606905,0.43225333,0.6096296,0.055919573,0.095713966,0.24287602,0.5655919,1.1402649,0.005004907,0.20083068,0.08769885,4.001201,0.5171004,0.73436517,1.4915295,0.46550563,0.012748587,0.85108334,0.683892,0.61404026,0.080927975,0.13585967,0.01916073,0.38771075,1.7879837,0.22004205,0.37913024,0.026675727,2.2857113,0.12613519,0.4371119,1.6478003,0.10040783,0.23717818,1.1393719,1.07415,1.2035158,0.46674183,1.9760457,0.0,1.4544166,0.22636935,0.10250549,0.7724902,0.17150626,0.8915805,2.0438507,0.046506297,0.35679135,0.13634399,0.7012848,2.2638702,0.875848,0.48938492,1.0868558,0.31663442,0.6095698,3.7681909,0.20867915,0.6019248,0.9515374,1.0093515,0.7419327,0.8789966,1.0388596,0.33704585,0.047739353,0.25211057,0.084383905,0.14115669,0.35452917,0.8429327,1.6702296,0.26637298,0.0,0.8327179,0.56050247,0.044827476,0.6975096,0.12823145,1.1419777,0.050154734,1.205869,2.4448655,0.25736204,0.15944949,0.040381745,0.024935499,0.20309386,0.5964727,0.49983996,0.0549767,1.7385647,0.30251458,0.6922097,0.097260036,0.36688986,0.7657812,0.06662018,1.0668701,0.0,0.57036346,0.8047578,0.1341083,0.46723586,0.23548351,0.8307267,0.9691457,0.048737016,0.046571437,0.19351721,1.2954106,2.7937143,0.25401834,0.7487519,0.18066102,0.2709753,0.48758057,0.22193216,0.7411765,0.22837858,0.009718695,0.03701353,all_pothole_images\pothole_images_enhanced_f6e47bce3200773a1224084406dc45b5.jpg
0.66388965,2.8699434,1.1912256,0.6860373,0.7242537,1.3373978,0.7563665,0.4162471,1.0360519,0.10265356,0.09054462,0.30081716,0.49935675,0.4465406,1.0036736,0.2675185,0.32559347,0.06360499,0.008396837,0.6180418,0.8950564,1.4673381,0.05382338,0.8547763,1.0036347,0.14258865,0.4071186,0.52964133,0.17285043,0.72955155,1.1843609,0.1289033,1.6308787,0.048070293,0.13517156,0.26492792,0.9533797,1.6395148,0.4477879,0.71715933,0.7448691,0.73112845,0.059510197,0.72813463,0.6643061,0.38914675,0.34897402,0.31048942,0.39958167,0.53713745,1.0857521,0.3735314,0.78820163,0.32038406,0.037561893,0.00064997433,0.1261574,0.50801337,0.11401749,0.25941604,0.0073910337,0.42380974,0.7801667,0.42246947,0.107050404,0.55234265,0.32567436,0.43999207,0.09394227,0.12912545,0.40453142,0.10140057,0.1611994,0.16170178,0.0,0.22993937,0.56887096,1.0607253,0.0,0.04652877,0.83819175,1.1282238,0.15465267,0.62388337,0.5905277,0.731127,0.03965328,0.1396845,2.4455202,0.19425191,0.5791485,0.041100983,0.27122867,0.5284204,0.24682987,0.4569827,0.96220094,0.44137946,0.035478726,0.5619948,0.14242247,0.41732216,0.9260179,0.75309837,0.18292776,0.27390483,0.1058076,0.13467427,0.16132501,1.6979463,0.6311114,1.8051502,0.45999363,0.12895086,0.08947205,2.69157,2.3273864,0.13270703,0.25006768,0.311958,0.25017792,0.7471063,1.4304912,1.0069209,0.18529005,0.6823151,0.34411687,0.181477,1.7115855,0.5277143,0.33200994,1.1116492,0.7780539,0.1906311,0.44558364,0.69902295,0.7167853,0.19796048,2.2671623,0.28418493,1.0608643,0.6643622,0.22269519,3.0016084,1.2519721,0.3580149,0.79340297,0.59306145,0.19011198,0.7561443,0.23271498,0.41423634,0.60818183,0.24330737,1.5249596,0.90805614,0.22297548,0.545089,0.6455786,0.9561448,1.1778221,0.61002916,0.4461286,0.44117048,0.36385068,0.02367481,0.47640362,1.7468003,0.47594234,0.3202891,0.42247492,0.25427,0.42730337,0.6965744,0.13331623,0.17320983,1.860284,0.11705625,0.09275207,0.51841855,0.0,0.28162903,1.2425836,1.0014228,2.9664972,0.06362527,1.6993124,0.035865758,0.30072746,0.060679615,0.8083622,0.15460396,0.18318082,0.7416742,0.8009955,0.007257172,0.23527057,1.0200028,0.68545073,0.45215067,0.024939269,0.18073833,0.47743344,0.29602677,1.3324256,2.309805,1.1229192,0.45680898,1.1810493,0.4318653,0.7988313,0.1909446,1.6454347,0.77624357,1.0384722,0.033698924,0.24719356,0.64283794,0.44632384,0.23907796,0.50521547,0.3315808,0.75307053,0.5422816,0.014271611,0.55521274,1.1071837,0.1424738,1.3692179,0.3392688,0.54024374,0.95711327,0.09259333,0.37905177,0.727043,0.5139249,0.20291281,0.29598686,0.45768088,0.062773764,1.0573833,0.064929195,0.05103191,0.05034678,0.0,0.010541778,0.6070468,0.49069038,1.1425232,2.4689991,0.31574836,0.004057234,0.70180154,0.05383281,0.040036686,0.015647614,1.2989707,0.35961637,0.94003534,1.0621979,0.86599094,1.4662791,0.6627746,0.3492937,0.6155645,0.7868183,0.094482355,0.4684428,2.4856133,1.7255409,0.69356424,0.2325109,0.07487217,0.04418375,0.1480344,0.75482893,0.17216772,1.4101237,1.1590923,0.42267832,0.070261836,0.43952063,0.5818889,0.20118156,1.1673368,0.21491142,0.8091451,1.899835,0.6594076,0.5273056,0.49524525,0.5782302,0.5705182,0.55809504,0.24727844,0.5236193,1.0584404,0.48723266,0.5555061,2.2338958,0.3398203,1.3923755,0.012933164,0.5458202,4.8748064,0.102477044,0.05193655,0.463337,0.56986284,0.0008871347,0.0028967713,0.71871513,4.2955627,1.2758496,0.1279277,0.13687438,0.45981598,0.32112044,1.4186032,0.8904117,0.5560568,0.07941055,0.5072833,0.9035006,0.2105287,0.23864123,2.9414177,1.1884801,0.9319953,0.72488964,7.00653,0.62818253,0.14115176,0.7322023,0.5899463,1.0080429,1.6511738,0.129628,0.26741502,0.023934651,0.26177526,0.8866349,2.5981605,0.3767527,0.1833636,0.12148244,0.1361165,0.5323077,1.6993332,0.95021063,0.1998841,1.0218352,0.016799744,0.08982512,0.36852965,0.38510886,1.4155813,0.14910536,0.011909772,0.45072016,0.40875524,0.30699375,0.38217786,0.49886274,0.038014054,0.675025,0.9764736,1.9256893,0.39352626,0.0,0.32918936,0.31745493,1.3809094,0.8636856,0.6278254,0.17341824,0.83509874,1.4098608,1.3351443,0.89116067,0.5458362,0.1432915,0.7182148,1.1521286,2.7039328,0.37678504,2.4205592,0.46264383,0.0,0.8156007,0.5600061,0.3527987,0.036232736,0.011816511,0.56939274,0.118761696,0.49576932,0.643558,0.04837774,0.25204518,2.927458,0.30547312,0.1496087,1.0964267,0.69719166,0.6025284,0.1248477,0.40581372,1.9934536,0.28988248,0.37638518,0.20794438,0.72582275,1.1940079,0.7510774,0.22572082,0.17178078,1.267782,0.22581375,0.8091655,0.62323064,0.19262728,0.576847,1.0217774,0.13336845,1.6038162,0.9377004,4.1058354,0.89173126,0.13558142,0.74582416,0.4248163,0.25256166,0.031893864,0.61014104,1.5463854,0.7822508,2.1403584,0.75292766,1.2919126,1.0188489,0.31605807,0.114171706,0.058603995,0.35259843,1.3850762,3.7943301,0.026501635,0.09367197,0.8447737,2.2354994,0.761027,0.96147203,0.6180455,1.5631518,0.022320893,1.1586167,0.05075139,0.5064408,0.15410234,0.77925014,1.7112589,0.9030168,0.2324496,0.43672848,0.90741336,0.06262225,0.2717374,0.007221745,0.70274425,0.59957504,0.5034839,1.0473688,0.24457309,0.5340239,0.01556744,0.622404,0.4292729,0.7554161,0.9178513,0.15607922,1.3300465,0.40831682,0.54315585,0.11390988,0.21723057,0.77596366,0.10330316,1.1187698,0.66401553,0.40285763,1.7821264,0.26527017,0.41849902,0.48815933,0.16394767,0.10124016,0.12064484,0.0293878,0.0,1.475264,2.5409827,0.29774183,0.90634966,0.16880327,1.8442441,2.467401,0.5927213,0.41925588,0.36768726,0.079719506,0.1233985,all_pothole_images\pothole_images_enhanced_f7658835e33c2c01a1fd32cbff692fb5.jpg
1.2110877,0.17112866,0.6920977,3.2266078,2.5300083,0.32186064,1.3165764,0.03723257,0.2699917,1.3349245,0.284656,0.23639138,1.3864764,1.4434476,0.13294609,0.8937124,0.0019040864,1.0693872,0.11936218,0.24999247,2.1416078,1.0426574,1.2418554,0.7603851,2.7920523,0.49055573,1.3824967,4.6720357,0.2323018,0.062589675,0.022748657,0.12265833,0.008062298,1.8627479,0.041095305,1.252801,1.116502,1.4788612,1.2609968,0.46087578,0.0,0.9747243,1.5987184,1.5813025,0.5086297,0.96410614,0.6945229,0.22996631,0.24163078,2.3478594,0.38642395,0.6590177,1.0503976,0.6353564,0.2600735,0.5484902,2.2594264,0.0,0.12883897,0.9810487,0.09096674,0.10981357,0.17975554,1.9742241,3.6391327,0.70054156,0.22145182,0.48920944,0.19104156,1.892796,1.7831498,0.2503205,0.49628633,0.086618334,1.2990494,0.99587715,0.67077386,0.89967155,0.061871804,0.45649529,0.11843072,1.1825918,0.39261824,0.22328906,0.32991943,2.2002318,0.15754159,1.3713242,2.0916781,0.03300273,0.1919753,0.7373445,0.57836163,0.13912155,1.061577,0.69957656,0.3450355,0.8813454,1.1714848,1.0467643,0.104989365,1.9599149,0.6879377,0.014741969,1.1393763,0.021687023,0.6964129,2.1384225,0.0005539566,0.12121061,1.0984461,0.78376514,0.41005808,1.5660524,1.0014459,0.49891883,0.16223426,0.06418697,1.0095643,4.154252,0.86683404,0.80951005,0.28764218,0.6597944,0.67947465,0.9763879,0.15587138,0.91868883,0.17671508,1.0444511,0.677418,1.7450172,0.8579466,0.3346564,0.72297156,2.7913105,0.44014096,1.3030227,0.3412836,0.42402267,0.24376363,0.8942877,0.22261927,0.6152126,0.81735843,1.8433615,0.16835724,0.6530615,0.011706656,0.7906816,0.748163,0.5761791,0.25695306,0.3451191,1.0566871,0.7443047,0.088268615,0.5516919,2.6297557,0.3991941,0.39148825,0.83537763,0.94495624,0.92977685,1.9116207,2.3536189,2.3206527,0.07863157,0.8815776,1.3056295,0.5010644,0.1657944,0.43482673,0.027406376,1.1130701,0.20907062,0.12808251,0.45162925,0.19993728,0.004147411,0.47691962,0.7207831,1.5527575,2.3609204,1.1987048,0.008696914,0.38095006,0.38279623,0.20256062,1.5398391,0.009583489,0.24443,0.014201709,1.2060615,0.5709051,1.1935127,1.6450486,0.08057239,0.7531823,0.55035734,0.8810534,1.7111765,0.7093292,0.46852967,0.05494152,0.030909654,0.6729274,0.7050012,2.2635498,1.7831724,0.0,0.26686835,0.7765844,0.2602721,2.563597,3.8472495,0.14282931,0.26911733,2.2193787,0.21308887,2.0628593,0.20476685,0.0,0.888612,0.00096848555,0.3829541,0.4228981,2.3078606,2.6780894,1.422703,1.5107213,0.15114954,1.3273891,0.845619,0.57975566,0.05565834,0.97023654,0.747051,0.011516636,0.86400867,1.4669937,0.5821244,0.7166647,0.31446505,1.018007,0.25065508,0.60518026,1.1572866,0.39529115,4.4102015,1.3298123,0.5397009,0.032890752,0.61470485,0.47792515,0.9390849,0.53491,0.9117569,0.38413775,3.1775382,0.257684,0.99791324,1.4467913,0.09543405,0.20142728,0.43111157,0.47861362,0.18581288,2.3151848,0.06829025,0.121114515,0.03461746,0.6919934,0.24066627,0.54286563,0.8784244,0.13665327,0.237757,0.50722694,2.328125,0.59595853,0.49858633,0.0008077763,0.34685877,2.301054,0.15716723,0.6545469,0.81917197,1.0232419,1.0244435,0.13837796,0.5707065,0.88526076,1.470326,0.017968671,0.040043917,0.42365953,0.40251446,0.19153763,2.1513224,1.567427,0.37839726,0.0,0.06036915,4.197895,0.3514686,0.091921166,0.27052155,0.16787592,0.19772418,0.08224123,0.7261254,1.5465226,2.1568449,2.6638165,1.5847709,0.35436234,0.3814546,2.4068053,0.22674459,0.11854555,1.114794,0.20492665,1.400228,0.57528704,2.3289387,0.091376394,0.4026089,1.2558495,0.1334451,1.6823771,0.123953514,0.006200683,0.08415256,0.41976553,0.0026569043,3.1608918,1.4524729,0.54676586,0.9023347,0.29714718,0.22602326,1.829143,1.4541562,0.3650827,0.0046365927,1.7567359,1.3013679,0.31164816,0.032629304,0.11067627,0.55019945,1.1212208,0.17653103,0.5527505,0.33968505,0.14627628,1.9863018,0.927896,0.8685024,0.8466605,0.93975735,1.0158513,0.2779099,0.76478016,0.0014804705,0.4201177,0.15416883,0.5786736,0.1225176,0.6314251,0.00104071,0.8276651,0.39871153,0.1016719,1.8774513,0.13211733,0.23814516,0.056568004,0.04346253,0.28447995,0.05501423,0.61410123,0.71301484,2.1002774,1.1780227,1.9958489,0.00067490694,0.86236167,1.2562892,1.1489199,1.0615423,0.6598532,0.37432465,0.11079714,0.1063756,0.61052996,0.0077888253,0.70801276,0.99714607,0.37247202,2.080368,0.12343817,0.34394664,1.1650839,1.0552005,1.2274469,0.7317012,1.1677456,0.13583115,1.7313073,1.3119895,0.13483301,0.7227189,0.77158105,0.53953487,0.4506551,0.9381259,0.4088917,0.54503053,1.5088071,2.3107893,0.086804174,1.9494258,3.5736043,0.13082339,0.25239742,2.0510192,0.5899375,0.32984325,1.526845,0.7948541,0.47010827,0.25430652,1.4149724,0.29229704,0.07533372,0.47991258,0.011215772,0.27816275,1.99568,1.345611,0.041087244,1.0774777,0.107062295,0.0005984881,1.1670325,0.9064393,0.8832882,0.1681232,2.8104024,1.5125439,0.33505765,0.034700137,2.9551873,1.5298309,0.8376887,0.31256285,0.40078726,2.624427,2.2632017,0.97757214,0.8074807,0.046924435,0.011195373,0.65909886,0.2143532,0.31240785,1.4296678,1.5456728,0.6433335,0.73269325,0.21890822,0.11872048,1.2549222,0.9917456,1.314378,1.3074434,1.0104548,0.5963705,0.5133771,2.2665858,0.7534505,1.1217173,0.13398524,0.4828568,1.337818,1.1754044,0.6432053,0.36720917,0.740869,0.28544903,0.3250663,0.43068978,0.26370746,0.13558203,0.01286198,0.23204885,0.6181364,0.39556393,1.3805134,3.8201075,0.28704804,0.029076973,0.46188843,0.29967842,0.1482506,0.89556354,0.020662794,1.6642507,0.83719164,0.80420685,all_pothole_images\pothole_images_enhanced_f7bfbd2db8cbb70cae41d4f50a7f47ce.jpg
0.44257525,0.031784043,0.0,1.6674967,0.34207025,0.025181158,0.8527454,0.006237004,0.8793039,0.089909844,0.37867486,0.31693852,0.0,0.87672096,0.19603208,0.0,0.54705554,0.29928264,0.37956354,0.1565695,1.3336779,0.024230275,0.2284628,0.1680013,1.0901322,0.0,0.06480974,1.3961449,0.057352144,0.0316363,0.0,0.090761475,0.18132925,0.6817094,0.00046256548,1.210174,0.020519085,0.18288285,0.07215526,0.07170193,0.0,0.0,0.0,0.4428627,0.13501666,0.14047149,0.29708982,0.33617565,0.9768422,1.0942774,1.7937124,0.46915925,0.19036715,0.7067344,1.2344146,0.4769442,0.79455525,0.6228668,0.019661836,0.33525622,0.008876932,0.0,0.60482615,0.0,0.062960945,0.49475074,0.0029317741,0.069918565,0.01391603,0.0,0.07613753,0.0052280882,0.42876676,0.0,0.946521,0.0,0.1289242,1.6849698,0.0,0.6844214,0.060100157,0.1738753,0.5929227,0.57214713,0.65066206,0.0,0.0,0.28249893,0.065546036,0.5196779,0.469593,0.0,0.0,0.110685304,0.39180174,0.39959162,0.040553205,0.6796791,0.3485011,0.44701985,0.0040321443,0.8130987,0.68606263,0.0054453146,0.67386633,0.0,0.615834,0.19365586,0.053446222,0.74761844,0.052430283,0.66953206,0.436017,0.017318014,1.2314514,0.04017117,0.059388023,0.14823267,2.3327153,0.8170072,0.1837721,0.12893441,0.030158339,1.4770645,1.451127,0.41548023,1.2004313,0.025097461,0.0,0.04171853,0.02830282,0.07440284,0.0001611508,0.49218422,0.0,0.28130797,0.024665495,0.012601921,0.045228656,0.0,0.64032334,0.8041897,0.30753985,0.20073651,0.07155598,0.08708226,0.010457798,0.003923525,1.2681165,0.1422142,0.107318655,0.19591191,0.84285766,0.0,0.81617534,0.044591125,0.087452546,0.20836978,0.7907407,0.938213,1.1347771,1.2616501,0.07116554,0.44308692,0.37084687,0.14882308,0.30619282,0.06034813,1.4482826,1.8103709,0.027321994,0.044348992,0.2907463,0.084208235,0.12331883,0.0,0.12064415,0.0019282177,0.83116037,0.01500267,0.08480603,4.393547,0.778713,0.34176424,1.9471642,0.10206414,1.0447072,0.17017703,0.643466,0.21202691,0.62690866,0.0062121567,0.053365074,0.30313644,0.60892,0.026599972,1.4579376,0.18682884,0.6491642,0.60134655,0.0019657526,0.73839897,0.0,0.7224644,0.04737778,0.037278682,0.5579881,0.024107102,0.17884713,1.1447804,0.0,0.0006960864,0.21731152,0.19510984,0.34420744,0.2978951,0.40398374,0.0,0.0,0.12257953,0.019296674,0.03564968,0.8940957,0.19927931,0.0,0.0039739157,0.005875377,0.0,2.6134841,0.5262357,0.022467729,0.0,0.005257408,0.059178136,0.13996899,0.06260387,1.7350767,0.0,0.20190023,0.0032682125,0.21247001,0.14485696,0.0019858375,0.029160488,0.0023138318,0.03359169,0.054246347,0.0067589027,0.75417817,5.4602137,0.70862186,0.10761528,0.0016860192,0.0,0.14649364,1.0709007,0.1681009,0.06519276,0.01157869,1.3575358,0.0416149,0.7245909,0.011103809,0.5859213,0.10761944,0.31941617,0.103418,0.8603424,0.036031574,1.1389903,0.03877752,0.0,0.38543454,0.7163534,0.07416388,2.1642692,0.0,0.7295133,0.27022523,0.00051721855,0.100762494,0.52936345,0.0868702,0.0,0.0,0.07165436,0.38556004,0.04173991,0.031941522,0.055198573,0.0,0.3796546,0.010944807,0.28833523,0.1511612,0.7193387,0.04316321,0.2513227,0.0,5.376823,0.14525259,0.0428464,0.13637677,0.071022786,2.685178,0.10170841,0.4257768,0.060382847,0.60454136,0.58911794,0.08034065,1.1126975,0.4801588,5.449583,0.0029476746,0.16009155,0.0,0.5339578,6.3332424,0.09357179,0.036397856,0.0,0.67473614,0.14176357,0.0068648984,0.04125152,0.82650894,0.005896879,0.11298014,0.045425422,1.3681265,0.08872094,0.2633726,0.13472037,0.0,0.0,2.5782847,0.16492724,0.05170862,3.1603057,0.7130624,0.0,2.1760838,1.8703401,2.3393111,0.08935707,0.05635718,0.6939654,0.43916386,0.031800825,0.0051335003,0.17359768,0.0034799646,0.018751796,0.022404863,0.36385974,0.3631873,0.0,0.026991623,0.6005255,0.1064592,0.21356478,1.0671362,0.30892926,0.0,0.028995378,0.4290601,0.3289856,0.0,0.0,0.1281676,0.25102967,0.362998,0.3508565,0.14072032,0.34279835,0.32026297,0.04398812,0.27700022,0.11703577,0.1083861,0.0,0.0032590742,0.4134639,1.2535623,0.5394333,0.3724703,0.07264234,0.0,0.6873737,0.71416444,0.0,0.29842627,2.037787,0.09674677,0.12456608,0.030442448,0.09785816,0.27414435,0.20980519,0.38732496,0.14666708,0.09883135,0.09837872,0.11756924,0.0,0.13507421,0.13739349,0.9681629,0.12589991,0.025690336,0.7886885,0.053328726,0.12729204,0.04029006,0.078670904,3.4319143,0.0,0.84968925,0.0,1.0160275,0.50664073,0.092790455,0.48330066,1.0502084,0.29262784,0.31065685,0.001716916,0.10314698,0.016539974,0.2966053,0.04452774,0.416817,0.44970474,1.9120176,0.033687413,0.89112633,0.40301463,0.7203063,1.230553,0.14480661,0.026216596,0.036808297,0.15292108,0.074856535,0.05026478,0.347365,0.031737536,0.0,0.5306658,3.3191035,0.0,0.56482464,0.0,0.12810811,0.1659612,0.035769057,0.002474746,0.0,1.100282,1.8132461,0.05971357,2.1885862,0.0,0.5151458,0.30518755,0.16689685,0.0025948607,0.15945186,0.41688362,1.450883,1.1630813,0.0,0.0,0.15366992,0.017814191,0.14173228,0.13963608,0.0,0.044683076,0.6207579,0.9299834,0.4998091,0.22738783,0.25659326,0.0,0.0,5.3127816e-05,0.4261222,0.004394079,0.0018266998,2.6965864,0.04076426,0.15672138,0.0,0.0,0.5098874,0.0,0.0,0.05059098,0.66949713,1.1675725,1.8777217,1.0201136,0.4131818,1.4137661,0.7200524,0.16279444,0.038974307,0.0,0.03369732,0.006018506,all_pothole_images\pothole_images_enhanced_f7cfd042bd352ffe9eb08acb1c012824.jpg
0.25941938,0.69672877,0.12538452,0.89135367,0.15871541,0.28215054,0.20088407,0.061599936,0.0018303044,0.68224585,0.015583972,0.31803453,0.092158005,1.553303,0.14093697,0.0,0.6129978,0.9248612,0.31189826,0.23422453,0.58318734,2.2606387,0.009724743,0.0031388167,0.7154597,0.75594777,0.4922099,2.1673605,0.29542983,0.36820295,1.3477068,0.0019208787,0.4466029,0.041793983,0.05900329,0.754454,0.0071415654,0.92222124,0.07996585,0.08759896,0.0,0.11997967,0.12765396,4.0150013,0.8278069,0.040630374,0.050639383,0.0050511854,0.04740038,0.3999315,0.812893,0.035592586,0.44348657,0.0051078834,0.0033433072,0.1980962,0.96630144,0.26679182,0.49492326,0.0,0.017147603,0.038719527,1.0945207,0.1816321,0.27026218,1.2539634,0.2485098,0.17767183,0.8360428,0.07760026,0.36137822,0.7262624,0.15338215,0.16495988,0.72005796,0.0036750191,0.011887492,1.4057411,0.10779,0.044555794,0.10249686,0.059778992,0.6552607,1.7103552,0.24449585,0.08179059,0.08505865,0.24365045,1.2907771,0.12900537,0.038739506,0.13921541,0.19851129,0.13720314,0.10051624,0.07344331,0.22322792,0.65581346,1.1305104,0.0,0.09827402,0.4031951,0.07785776,0.054099314,0.33880177,0.8693108,0.48047853,0.19786596,0.010959133,0.0,0.101402596,0.8535103,0.30505764,0.027204784,1.0580837,0.06957483,1.9312177,0.21798351,0.3647267,0.14874436,2.0309875,0.032966983,0.25079697,0.530625,0.73879164,0.32324833,0.0,0.24801922,2.8888369,0.11765655,0.0043338006,0.07173493,0.044538613,0.0050416077,0.5491564,0.34531337,0.01359184,0.29547322,1.0319867,0.09654404,0.20277934,0.040864833,0.9607693,0.08424458,0.0072047436,0.74481225,0.008561871,0.57306325,0.80545753,0.29535735,0.11162332,0.15711848,0.0462681,0.105502866,0.71814233,0.43418688,0.12434446,0.0,0.30149055,0.22180647,1.1555704,1.2188205,0.20606013,1.2330785,0.06135862,0.0,1.8305458,0.61009014,0.3507268,0.056291804,0.0,0.04360153,0.04852506,0.008393408,0.14886278,0.12204979,0.6439822,0.22883785,0.7377238,0.50009656,0.0,1.0696774,2.6865687,0.01977023,1.246702,0.7304628,0.16079777,0.108232155,0.021841384,0.3288909,0.08760883,0.11750987,0.07084768,1.5086,9.497955e-05,0.0331657,0.013789391,0.054318406,0.29398996,0.18945333,0.06849041,0.008640211,0.834458,1.3348572,0.35304794,0.2816129,0.0529051,0.06653869,0.1470638,0.08317801,0.021793257,0.014945188,0.86420923,0.06907875,0.09234247,0.5207219,0.009743778,0.4037279,0.10233566,0.18829754,0.18156952,0.86066294,0.083311826,0.06749062,0.08129907,0.07032303,1.5579357,0.45028794,0.04675751,0.7739838,0.10953779,0.0034833057,0.09614557,0.42380458,0.24613522,0.0,1.5655153,0.06796318,0.062154613,0.44722867,0.044503093,0.63630676,0.09119762,0.73596215,0.38834184,0.01829939,1.291426,0.2628871,0.017139334,3.5100274,2.3495789,0.012828189,0.553038,0.20686632,0.024328027,1.7794507,1.0562289,0.27448812,0.30612472,1.4312756,0.012694563,0.18306486,0.11035996,0.18588041,0.5680662,0.10929119,0.07193987,0.45154867,0.5382169,0.25329587,0.13801774,0.16398492,0.061700586,0.32254753,0.42241833,0.2623387,0.035271704,0.44223785,0.19227381,0.60653216,3.2039363,0.0009289261,0.032208003,0.28548938,0.7106485,0.28072312,0.8990126,0.14248389,1.426912,0.015062327,0.041229874,0.024397062,0.35931882,0.4844179,0.057799514,0.25798115,0.029627565,3.0064263,0.42901498,1.3354766,0.6473177,0.41706148,0.048091315,0.00407207,7.8297205,0.664734,0.0,0.42009497,0.002526604,0.34193075,0.0053113895,0.5420177,2.0897527,0.27925506,0.052678537,0.15409946,0.09228084,0.56494737,1.5206248,0.026482824,0.17134908,0.0091019105,0.08922807,0.2628548,0.18253137,0.36668956,1.0029205,0.0,0.047285866,0.18076402,3.9320939,0.44102547,0.3198241,0.0064339535,0.07059516,0.052887682,1.3131891,0.73622245,0.19601715,0.0073142215,0.122165136,0.94341636,0.34685254,0.604828,0.9311626,0.22317398,0.0,0.52571326,0.8036411,0.84464544,0.5873617,0.32574287,0.5668961,0.4055044,0.14487883,0.1691571,0.1803299,0.6265581,0.082681164,0.22271378,0.021358008,0.0,0.17450365,0.09502212,0.020256307,0.011550232,1.5568087,0.7258716,0.0,0.45882976,0.9689452,0.04659192,0.14353992,0.0048868977,0.6467823,0.31614652,0.6465623,0.0003762931,0.54994804,0.17668284,0.13189436,0.0,0.29951522,0.14023277,4.570411,0.3897031,0.27865842,0.005962341,0.03373867,0.35863307,0.19927685,0.12923864,0.50218284,0.622369,0.5124971,0.020505155,0.37844652,0.17477554,0.08707986,0.26849014,2.7398837,0.40874335,0.30302304,0.08530796,0.282478,0.12718657,0.06258181,0.5198178,0.03013589,0.01031634,0.22412208,0.17017742,0.004809121,0.2052044,0.0011577534,0.07192997,0.09154557,0.22507791,0.14031114,0.0,1.367223,0.0001407922,0.56563634,1.7947882,1.4987749,0.98263437,0.08712525,0.8393647,0.003504203,0.29137343,0.2517005,0.18311453,0.21730645,0.0013118811,0.08452111,1.9453359,0.4011759,0.16304047,0.1493754,0.42243016,0.40000203,0.19327667,0.5314156,0.47361404,0.695189,0.09447525,0.58182675,0.08170714,0.1263616,0.07584117,2.0171432,0.4821433,0.08380886,0.5528651,0.28191525,0.22481501,0.0,0.5215597,0.14198394,0.56860024,1.091106,0.15545484,0.58994764,0.036962893,0.18929875,0.028783783,0.20153283,0.123307645,0.22236334,0.12197895,0.39952958,0.9707825,0.54146236,0.01740573,0.27590597,0.011928045,0.1642138,0.6470011,0.20959069,0.02768051,0.016121728,1.6690661,0.4490723,0.014635974,0.12658349,0.00810547,0.5079632,0.0055610733,0.98879015,0.108557686,0.5582351,0.26910183,0.0,0.17693605,0.057491906,0.08912563,0.10511526,0.06674523,0.53223974,0.07489881,0.003059769,3.3358896,0.25118038,0.21007547,0.09086437,0.5556403,0.5274691,0.0,0.24897264,0.20310535,0.3181122,0.5988438,all_pothole_images\pothole_images_enhanced_f7d737b25bcb9a3bd1af55d1e9cc4915.jpg
0.83477813,1.8266566,0.25383118,1.7352473,0.5499061,0.40350837,0.4721423,0.38825053,0.09905139,0.9301415,1.2130555,1.1702967,0.3203087,1.4928921,0.2746177,1.0511163,0.9952745,0.34073824,1.2414503,1.5134523,1.5407217,1.4937699,0.1538015,0.82360345,0.73593277,0.40845403,0.1933865,3.444524,0.5438428,0.023238618,0.5549878,0.40779293,1.1436025,2.1392224,0.05432018,1.2742183,0.20378192,0.9090279,0.02189801,1.0615053,0.13653898,0.0,0.8728293,3.6792433,0.77163404,1.0619587,0.27518895,0.124408945,0.76323265,1.1504551,0.38476157,0.28990746,1.3323193,0.8234022,0.20794684,1.5995677,0.36124966,0.36214674,0.7018187,0.2943656,0.6764199,0.13620685,1.5728347,0.8724572,0.28502405,0.59694034,0.29890606,0.7175141,0.15004563,0.6197664,0.73313063,0.34374088,0.40024596,0.6505799,0.6823016,0.59385663,0.2879342,1.8019247,0.09081965,0.54656875,0.93025094,0.35583922,0.1643825,0.6613561,0.87084913,0.79556227,0.67150474,0.07771105,2.2883396,0.07390885,0.119203575,0.0464602,0.15766366,0.74851674,0.08406322,0.3460233,0.8025434,0.77390784,0.32883447,1.6122885,0.16433093,2.9840276,0.36065078,0.12412722,0.21674268,0.38450283,0.8531559,0.36064467,0.69586307,0.14919047,0.022784252,1.3862809,0.8434848,0.050538465,0.55407864,1.412166,0.90571827,1.3077155,0.26985756,1.3043314,1.8018768,1.5054573,0.83475953,1.6479203,0.76751745,1.019497,1.0411905,1.2945023,0.42322022,0.48663634,0.6713036,0.008704427,0.1446508,1.4242626,1.5101732,1.217252,1.4151155,0.9557696,1.1396577,0.7589612,0.1805796,0.11767968,0.2983645,0.59900105,1.6886345,1.9138384,0.47481036,0.14173307,0.7310548,0.94521385,1.4409446,0.92784166,0.2877763,0.5111471,0.33093947,0.537437,0.95524037,0.39978695,0.6582487,0.40611142,0.6011567,2.5570028,0.2582958,3.246689,0.1171284,1.4459546,1.4448494,0.24900718,0.81685466,0.56862634,1.326232,1.371927,1.2055922,0.5428796,0.11642842,1.2459255,0.39034832,0.14494762,0.64113915,0.33623034,0.22565545,1.4144168,2.7463474,1.5847071,0.5617774,0.16788438,0.5365938,0.6849699,0.63494176,0.39507148,0.60865974,0.685849,0.28037405,0.5623181,0.957011,0.8477123,0.87367475,0.0015118008,0.040468536,1.1501021,1.2181505,0.4214592,1.82871,0.33804408,1.825442,0.22547808,1.0678743,0.27321014,0.06057803,0.028855097,0.7413717,0.2870049,0.4973268,0.871031,0.9436437,1.9926839,0.42406273,0.0066399425,1.2296298,0.56455505,1.3467224,0.03923926,0.53910726,0.31461415,0.03816684,0.7396877,0.21347429,0.6071698,0.77520347,1.2809713,0.282729,0.40580368,1.4584244,0.023187574,0.79683715,0.36726677,2.5339258,0.49983716,0.028754564,0.7769835,0.89905995,0.22387424,0.6898204,0.14927961,0.82769865,0.056631558,0.71653825,0.2115545,0.11347119,2.092861,1.5858552,0.86531943,0.6821795,0.9088884,0.5602034,0.6912136,0.47773886,0.10573928,0.7157159,2.8270798,0.2919821,1.293129,1.3746511,0.1568287,0.47068474,0.37676206,0.21691431,1.6035757,1.5338292,1.3393638,0.1475088,0.08037134,0.62917924,0.8939955,0.42644244,0.5087733,0.51476693,0.5226494,1.1229137,0.84693843,1.2815287,0.33641663,0.62161636,0.9202917,1.8329453,0.075052135,0.94356215,1.0985934,0.6835602,0.08276639,0.55846834,0.7434087,0.21464509,0.46220544,0.6821885,0.74133325,0.5063419,1.1901339,1.017516,1.9650942,1.3729258,1.111079,0.6180947,0.8894308,5.170343,0.23319048,0.76883423,0.7040622,0.37234363,1.6180899,0.30160713,1.4199693,1.5591408,0.89204466,0.32618907,0.44025868,0.02519463,1.3822762,2.4088814,0.5449076,1.6608801,0.9272327,0.9523274,0.7887544,0.33232784,1.4603299,0.8031486,0.4043198,0.5158013,1.6192287,1.6330689,0.24384984,0.23418738,0.06666308,0.08057271,0.510644,0.9955526,1.1042694,0.20137209,1.558237,0.92371225,0.87276447,0.48485658,1.2225785,0.55711937,0.1092391,0.31499118,0.4403407,0.97738343,0.102495015,0.08723637,0.05323716,0.09454285,0.31908098,0.78545266,0.037864253,0.17837022,0.47675923,1.2981435,0.19308281,0.0,0.50997496,1.2278373,1.0836815,0.46851793,0.616437,0.83464515,2.1024795,0.18983653,0.8388599,0.43873748,1.0060694,0.92781985,0.2583822,0.6370176,0.37232152,0.47955313,0.14708006,0.13252267,1.467454,0.6559543,0.4427089,0.29069856,0.5525294,1.0703421,1.7540725,1.5280463,1.13909,0.23660362,0.7393756,1.0146298,0.39012894,0.46127528,0.22400309,0.13720666,0.4379685,0.9483382,0.67617416,1.0499635,0.14028811,1.9131277,1.3598466,0.5657113,0.9825693,0.095838845,1.1424786,0.45333624,0.1353659,0.7546758,1.6037699,0.7184242,0.38437465,0.6594796,1.7900901,0.010391331,0.445335,0.4362318,0.91809905,1.0787177,0.2851134,1.9678845,0.32563126,1.0577743,0.63861656,2.641161,0.2082645,0.7373076,1.7964498,0.078575574,0.65128964,0.89814794,0.12741454,0.6619904,1.0063789,0.71302944,1.5574667,0.5684762,0.48519567,0.03357102,1.3650349,1.5606319,0.6775281,0.3108241,0.09108255,0.14477128,1.4318676,2.967252,1.0146477,0.633794,0.8651006,1.501737,0.54762197,0.46375352,0.26704878,0.914648,0.26912314,0.62540764,1.0420146,0.37850863,0.097079985,1.814592,0.13570516,1.0000776,0.58826345,0.37541443,0.9784091,2.3116934,0.35550046,0.9361928,0.90606135,0.41208488,0.54320127,0.39445323,0.23716275,0.5907347,0.34801552,0.6878802,0.6168355,1.0509756,0.263507,0.8566943,1.7692899,0.6224938,0.90157145,0.38875178,0.018248932,0.62380046,0.606646,0.102037095,0.33311146,0.8211757,1.4749413,0.31657755,0.7019705,1.0171732,0.6950761,0.033734515,0.15597232,0.33775374,0.34953034,0.81568396,1.8780948,0.032892283,1.4584231,1.8682302,0.5759751,0.23619032,0.34741685,0.45169783,0.22109123,0.26767448,0.49048254,all_pothole_images\pothole_images_enhanced_f7f187f3c81cc2398319e012bfc9d4cf.jpg
0.7507922,2.9401057,0.39559555,1.03861,0.10828302,0.1368385,0.6900985,0.40033212,0.6491448,1.2482373,0.5304723,0.14572006,0.9378531,0.40477714,0.9112128,0.37458536,0.14258175,0.26295725,0.59571165,0.21112195,0.6500951,1.1540227,1.1506315,1.6737612,0.100436226,0.42839143,0.66310155,0.19116624,0.2773033,0.73612225,0.41604477,0.19467144,0.6775534,0.9849322,1.374224,1.1919477,1.7123815,1.5883225,0.15547414,0.21655817,0.18233532,0.24089889,0.36283913,0.2716853,1.3209565,0.11560944,0.5660717,0.282,0.99970835,0.15128678,2.0047042,1.4422969,1.0898728,1.3077842,0.20365234,0.4726429,2.1806426,0.56536186,1.6217144,0.44831607,0.0,1.3446633,1.7228671,0.16830333,0.49903908,1.5919744,1.380679,0.6274139,1.5402492,0.0041503166,0.38629487,0.80759835,0.19994713,0.30130327,0.46363533,1.2736617,0.5379904,1.6640993,0.008962174,0.8973954,1.0352917,0.28671315,0.053765044,1.0055101,0.7586254,0.13452314,0.57184815,1.0250607,4.784335,0.10333239,0.9074872,0.74398524,0.32158527,1.2375311,0.32204258,0.37064925,0.5645984,0.8999819,1.052592,0.1291624,0.0058605294,3.340491,0.17713904,0.21644327,0.5890633,1.150383,0.31485566,0.017127711,0.60535073,0.46276668,0.63936114,2.4993396,0.35153255,1.3033844,1.2326903,0.69007343,1.6311004,1.8556833,1.4320681,0.42639977,0.57986027,1.7261378,0.39255467,0.4263824,0.00523334,0.5748495,0.3091099,1.2923273,0.2910741,0.54294485,1.3120211,0.8958006,0.67054445,0.061095323,0.5888149,0.026026838,0.053099982,0.19620149,1.1473328,1.0311135,1.0906898,2.3057184,0.6379922,1.8005185,0.68730706,0.41654375,0.8441311,0.2362446,0.9972082,2.6566205,0.15734102,1.8665179,0.26245588,0.57069546,1.5984852,0.6311712,0.67928755,0.72476727,0.12523027,0.20994104,0.70003825,0.010488989,0.26004967,6.2150655,0.77984446,0.0404972,1.0219342,0.52208966,0.3830028,0.24919657,0.86790615,0.5665041,1.4572619,0.06557618,0.6224519,0.30357164,0.41314113,0.04090453,0.18091789,0.16626677,1.1543407,0.50727934,1.134481,1.1784364,0.97862726,0.37764373,0.45622304,0.5792772,0.3682883,0.47985783,1.4408394,0.37776658,0.65771824,1.9953935,0.082861945,0.5353151,0.09557595,0.23933329,0.21559681,1.7826347,1.0195485,0.5536304,0.0,0.12339811,0.26859772,1.2310641,0.960484,0.48083413,0.49203378,0.6928993,0.45770046,1.1084028,0.8515051,1.8261342,0.18372387,1.3314846,0.5454271,0.22408886,0.7138283,0.28966513,2.0849533,0.018259447,0.37880772,0.4063521,1.8641679,1.3844651,1.433495,0.0035858396,0.33936298,0.034511752,0.97599065,0.5600031,0.4255504,0.2873156,0.36050358,0.13501734,0.82198673,0.13741,0.14136456,0.19127841,0.051379222,0.044941314,0.0745149,0.10880738,0.1617917,0.088943325,0.19239081,0.0033350904,0.8255908,1.4792644,0.92222124,1.1975136,0.32196853,0.20084572,0.3783191,0.79375917,0.59715253,1.1782311,0.9243757,1.1373582,2.0978951,1.48149,0.94806683,0.8838295,0.21446714,0.6045815,0.19556034,1.5265269,0.59182,0.28555933,1.8220048,0.0016036655,0.22108558,0.2238287,0.12651974,0.37316808,1.6107905,0.6935139,1.1936063,0.31295872,0.0,0.89785135,0.43885654,0.40450865,1.2114666,0.0,0.21231332,1.7845235,1.3356572,0.21967067,0.13871028,0.47589433,0.29462102,0.34313112,0.42521966,1.0942029,2.9351668,0.37019593,1.1331352,1.0161964,0.061012156,0.061731596,0.38534132,0.36368397,2.1952322,1.0694284,0.0017012107,0.50157076,1.1208419,0.28007156,0.19253224,1.5074328,3.296429,0.6174704,0.3438193,0.5336542,0.8300228,0.6435897,2.4457877,0.7156011,0.8416828,1.2862965,0.4139959,0.0,1.1597662,1.807449,0.32312477,0.86731493,1.8597686,2.3524292,1.2857168,0.6731022,0.3140781,0.10914793,0.8837133,0.021361506,0.9227484,0.12440443,0.7925612,1.0549334,1.2860948,1.1984893,0.46654993,0.37862715,0.5290431,0.3902245,1.0095677,0.18355507,0.15491444,0.4478136,0.771079,0.60530597,0.79007137,0.16593865,1.1791712,0.0,1.298871,1.7418891,0.1145238,0.042085648,0.2235065,0.3111618,0.6176427,1.0220944,0.41956216,0.6606081,0.88284415,0.34816417,1.7866136,0.10353232,0.84612924,1.7343731,1.4215333,0.92308307,1.490553,0.102541454,0.36196283,0.49909776,0.0,1.572166,1.0155207,1.2642621,0.235709,1.741101,1.361295,1.4198108,2.8836334,2.0494363,2.1221943,0.79199374,0.9031362,0.5855278,0.497257,0.39013276,0.5135779,0.5183678,0.110006474,1.3503643,2.3616023,0.23435503,0.8494542,0.47814605,0.0,0.4650006,0.2666436,0.9432474,1.6127256,0.67701066,0.26503688,1.1577752,0.1826872,0.7298341,0.5968161,0.65054667,0.0027772915,0.17454684,2.1948087,1.3549303,0.37380725,0.49255696,0.40193394,0.7795162,2.4350166,1.0713596,1.901175,1.2438389,0.31418616,1.4401944,0.10293334,1.4214673,0.3136849,0.8997038,0.11580773,0.45088035,1.0371158,2.106936,1.2634348,0.94688547,0.22069581,0.1669395,1.3852321,0.12931345,0.42698485,0.28134936,0.59469473,0.2105629,2.3838048,0.20485152,1.4178625,2.3485136,0.14366604,0.6403555,1.9228462,0.4074042,0.26975185,0.3205705,1.5412283,0.6847856,1.415621,0.23586358,0.4841777,0.07247603,0.62772816,1.5509136,0.057486933,1.7331758,0.38787755,0.19554688,1.3105072,1.6320175,0.8388785,1.2146066,0.34821084,0.41901684,0.25732124,0.2740641,0.07356676,0.29201835,0.27432898,0.71808046,2.0612555,3.0300746,0.7176578,1.3827053,0.44726133,0.33584765,1.6147228,0.4978348,0.29500738,0.017660627,1.5484596,1.6378435,0.29007286,0.41855925,0.003078902,0.04802851,1.7606095,0.120048426,0.39518088,0.011555835,0.71941274,2.1877027,0.19055252,0.6655312,0.48804972,0.17469533,0.07112907,2.1281936,0.3907181,1.03347,0.4965009,0.020044329,all_pothole_images\pothole_images_enhanced_f839f0225719dfaf79f67b8dd74940a3.jpg
0.31691405,1.0014591,0.30524766,0.87383205,0.63711315,0.001519027,0.3872612,0.044699922,0.11985075,0.33041897,0.16266838,0.33315322,0.8183925,0.5622356,0.12411706,0.21855654,0.08166779,0.33135578,0.46823615,0.2170234,0.28891283,2.7011409,0.12647389,0.61062706,0.9726553,0.3468678,0.113623306,0.87433344,0.0,0.5568766,1.2722099,0.22625943,1.0823985,0.15162054,0.22280887,0.69356847,0.17315923,2.0270002,0.2468972,0.28422195,0.072751254,0.015663242,0.16876264,1.8752728,0.15172087,0.24532048,0.0,0.0,0.45014307,1.3225069,0.70074373,0.10957581,0.4933804,0.06464333,0.027259018,1.4787401,1.6506847,0.3588309,0.12198369,0.07091954,0.104492486,0.45188695,0.6765635,0.08998223,0.75845945,3.1002085,0.0002751589,0.0,0.5826783,0.10905215,0.095951915,0.3005598,0.19741477,0.40325227,0.27500382,0.097784944,0.15247694,0.32197037,0.44436535,0.08839739,0.37281215,0.08027761,0.04030334,1.4592266,0.9038573,0.26756775,0.2551245,0.31499836,1.6143188,0.002551298,0.19897889,0.09175507,0.17868264,0.0070884703,0.0,0.07500225,0.9559981,0.37920067,0.72368556,0.056516323,0.52634996,1.6595141,0.6622388,0.0,0.036442574,1.1125114,0.7303378,0.34427875,0.04541434,0.24303639,0.0,2.3073251,0.3513652,0.14594893,0.21501109,0.35697445,3.160914,0.7733907,2.9115188,1.4879773,1.626084,0.014385639,0.6228311,0.74873745,0.551823,0.39133123,0.28875563,1.3572689,1.1815971,0.09326399,0.6356234,0.0019170012,0.0043569077,0.02614445,0.02702856,0.45049757,0.0921355,0.3173305,0.75785726,0.19229157,0.121818826,0.0,0.0020540892,0.9606751,0.033737317,0.6121619,0.19146596,0.040600486,0.3323969,0.04752195,0.14083505,0.37901017,0.00534269,0.17341213,1.7173856,0.783386,0.6366938,0.39771384,1.2495587,0.101543754,1.7475467,0.83107084,0.006612414,5.196336,0.8778811,0.5601906,0.40828365,0.8370858,0.4524955,0.5801733,0.13491715,0.0,0.14940692,0.121187516,0.5045918,0.0,0.10617715,0.43473807,0.13042903,0.07821665,0.057589248,2.9035313,2.428352,1.007134,1.3592622,0.19002332,0.28233054,0.93297106,0.25592706,0.11836429,0.65392786,0.0008521632,0.33517003,1.7171977,0.0033009916,0.5016695,0.42239448,0.73745733,0.058089286,0.718543,0.0011421985,0.70561266,0.86834526,1.0118223,2.4886181,0.5335197,0.3134561,0.6777199,0.2300438,0.25061134,0.019028673,0.0,0.53967977,0.40910083,0.54511327,0.910027,0.040236138,0.1448513,0.80842036,0.0,0.02339288,0.6346094,0.3589568,0.3009622,0.03544181,0.4495134,1.9540539,0.015482307,0.7563713,0.06287913,0.12671746,0.17867371,1.2522354,0.07896859,0.30601272,0.02106005,1.5186954,0.049894705,0.12643175,0.20064491,0.02568478,0.12170445,0.044058885,0.0018539394,0.41228732,0.0052081686,0.75184643,0.83133304,0.52145207,2.48774,2.1220355,0.14278372,1.0265554,0.16101374,0.19340535,0.12451325,0.46318898,0.32243147,0.018395875,1.2573537,0.19068699,0.27613017,0.20885387,1.2426121,1.5966476,1.2932729,0.25754195,0.06634793,0.28660184,0.76187676,0.05236063,0.515355,0.04385794,0.23112863,0.5839689,1.0585932,0.6518445,0.3249173,0.33674076,1.2449322,0.6834991,0.51051533,0.10136647,0.003602588,0.60823566,0.35706174,0.614698,0.67477036,0.5325834,0.33060074,0.008421679,0.0305167,0.61570454,0.34194073,0.0,0.08171552,0.10584435,1.5405505,0.72039884,0.034701414,0.26446143,0.5979924,0.4366129,0.41901883,5.1677756,0.32382756,0.093113266,0.53323066,0.060190476,1.0220517,1.4839864,1.5668132,2.782522,1.0659832,0.0038999915,0.2189282,0.20444974,0.2999666,3.2748547,0.4590929,0.062466405,0.024942392,0.0056288876,0.07753853,0.58804435,0.020087102,0.43952733,0.097640395,0.1376943,0.037168764,2.4154482,1.0645977,0.053008284,0.30120343,0.09678146,0.10837882,0.31460172,0.035648003,0.011716141,0.27442628,0.16591309,0.34687427,0.7486825,0.12310366,0.24496181,0.09477951,0.011329627,0.2625734,0.38276836,0.6012151,0.24246496,0.60263985,0.25843427,0.08811774,0.05036965,0.44809648,0.29201758,1.7932225,0.982493,0.54952955,0.0014323872,0.67139447,0.048049863,0.29044574,0.054906122,0.06424271,2.001115,0.9013256,0.06301953,0.23925963,3.1003897,0.1805487,0.5168434,0.25159842,0.14596419,0.4037978,0.00042953817,0.08669427,0.29539856,0.38421622,0.7879402,0.08242064,0.04668746,2.3411622,2.7006817,1.0653942,1.1619605,0.17802665,0.19479503,0.19623522,0.3336648,1.5856935,0.24239428,0.026921002,0.3439478,0.3098755,0.65169793,0.15497197,0.5785186,0.47629058,4.6755104,0.19498153,0.05152248,0.9487319,0.5889497,0.049731653,0.31424624,2.0756376,0.00794331,0.26077002,0.45725685,0.63899106,0.012222565,0.61820716,0.02418923,0.053502657,0.18032381,0.0,0.25198063,0.002141141,2.6496942,0.121206865,0.53674585,1.6328716,1.8367323,0.04717086,0.039638396,1.6580455,0.04117743,0.6842197,0.22657242,0.076815866,0.48507196,0.15806821,0.36849582,2.991811,1.0154084,0.98463124,0.5394203,0.8130311,0.43170038,0.25662202,0.19098073,1.2397292,0.03222759,0.06286445,0.25335604,0.6176886,0.08685215,0.26775157,0.7199227,0.4538637,0.013720246,0.6267708,0.83884543,0.93353796,1.0710307,0.70980525,0.12477863,0.86284333,0.9047267,0.12427073,1.9599345,0.01016544,0.4149276,0.41639486,0.25757757,0.034047976,0.73182625,0.64573985,0.63662034,1.6278702,0.43989885,0.45975307,0.7972239,0.118456,0.3095282,0.98423445,0.009022246,0.014721674,0.08082351,6.2270494,0.6402354,0.1894763,0.0,0.1596381,0.56167114,0.0013241218,0.54476357,0.19694631,0.039458256,0.08686473,0.26222572,0.57855463,0.10477171,0.020961972,0.19286461,0.33297232,0.032906562,0.14245191,0.24248978,3.500018,0.91700363,0.034891818,0.14266488,1.1259615,0.003104347,1.3942103,0.40428326,0.0,0.7045657,0.0,all_pothole_images\pothole_images_enhanced_f878ef5d6bbc4f4da1493f7efbc3d522.jpg
0.2160522,0.88600004,0.16451438,1.7750992,2.85016,0.9762009,0.8041446,0.16430905,0.003781136,1.5919645,0.12830968,0.8341002,0.30601084,0.6634994,0.00045649218,0.06737553,0.13477147,0.5584016,0.92439806,0.47783053,0.3715775,3.3966465,0.30439177,0.9291274,1.2827923,1.1834915,0.97308534,3.6629202,0.27291858,0.33731133,0.23683606,0.14751552,2.1911087,0.015671497,1.5635724,1.2268738,0.9442778,2.6736429,0.15270182,1.3545043,0.063121855,0.007105792,0.10229735,1.103876,0.2875691,0.016748369,0.48768684,0.03654237,0.9829903,0.019104848,0.8827007,0.26978186,0.15623175,0.492593,0.00661872,1.1011144,1.6494141,0.20910425,0.09885558,0.29895222,0.55086523,1.168641,1.3884847,0.06874209,0.58309376,3.0503356,0.39228034,0.656937,0.23051043,0.5834789,0.49061552,0.025899658,0.6865185,0.91534805,0.5949906,1.346883,0.015872622,0.20559376,0.17537265,0.44689217,0.6978228,0.21969557,0.016002815,2.5583074,1.0212203,0.1569253,1.2110534,0.007993605,3.2975295,0.3170855,0.3073983,0.28507644,0.15959802,0.12101841,0.15563172,0.00983776,0.06657069,0.32729185,1.2977022,0.39426804,0.0044425577,4.5198107,1.0763766,0.044363126,0.12509848,0.111788526,0.38406566,0.019197475,0.0074352375,0.49242082,0.0628023,1.4553039,0.6857214,0.04823892,1.117175,1.2479011,2.0033076,0.27739185,1.3450147,1.7298263,2.0364769,0.17282061,0.838427,1.6447772,0.552066,1.8993119,0.0,2.58705,1.1490705,0.74933064,1.1530874,0.0034007283,0.1746897,0.07459211,0.27309912,0.79998887,0.051485877,1.422704,0.7265949,0.68105495,0.79348296,0.5183868,0.013274292,0.973644,0.5031316,1.1351516,0.3326331,0.059884127,0.08015693,0.6500126,0.9083532,0.65280277,0.0021434864,0.09373032,0.9749906,0.93589705,1.3927099,0.11312644,1.0583721,0.1622772,0.7497917,1.2609708,0.06441796,2.6499531,0.2276218,0.015893275,1.2914497,0.988173,1.4741849,0.7894465,0.20926571,0.037890814,0.07839878,2.373757,0.30333745,0.16616312,0.23140782,0.48262456,0.022627536,0.20684032,0.4600581,2.0941818,1.4288062,0.7075533,1.5977774,0.23976408,0.32887593,0.12533729,0.034897786,0.33471894,0.49465904,0.8029278,0.0,1.300526,0.1404641,0.49460733,0.6387776,0.3388991,0.40284136,0.84230345,0.21223508,0.5284383,0.116339244,1.2680528,1.0258778,0.63665706,0.04933458,0.58162385,0.4461441,0.1515639,0.5930115,0.24049233,1.0197345,0.8213362,1.6332668,0.62551045,0.50150347,0.15399675,1.6454338,0.57480043,0.8009858,0.05030769,0.044215724,0.19136791,0.26027322,0.51849264,0.3017273,1.0292782,1.3944646,0.027116993,0.03553016,0.28866214,1.1007223,0.34741437,0.735284,0.08699231,1.4775916,0.0010076481,0.025081221,0.14455496,0.1902197,0.0,0.30225146,0.12553166,0.38344866,0.0,0.34794337,0.5304257,0.57126415,3.8398457,1.7361588,0.23855104,0.49656773,1.1526959,0.0649234,0.13503622,0.4561753,0.02804307,0.3171213,3.4555657,0.511333,0.9590009,0.61437947,0.40903696,0.004682831,0.26350904,2.7463746,0.00046984965,1.0254773,0.561349,0.3441465,0.23593684,0.27112246,0.3026419,0.3563328,0.519247,0.1823704,0.20309617,0.37695497,0.75471383,1.032437,0.11043724,0.4149365,0.86421317,1.5508951,0.95305634,1.4348941,0.45939347,2.1586182,0.50383276,0.0788478,0.4175822,0.07967832,1.1568999,0.35611075,0.028624535,0.4284327,0.50891894,0.11546027,1.1143348,0.07017506,0.17371139,0.17561461,0.8375683,4.211179,0.26841637,0.22881103,0.052643873,1.6474589,0.6139166,1.4007696,0.38045284,3.2177842,1.0013008,0.7365093,0.24928786,0.061061215,0.9068164,2.7367182,0.0038344038,0.14207065,0.087023675,0.047160055,0.2584803,1.5353868,1.8976827,0.6688181,0.09109787,0.48161525,0.1367727,1.7891195,0.3615226,0.010521165,0.1475227,0.0,0.59927225,0.7514133,0.21265538,0.5181509,0.48857448,0.18775558,0.26416162,1.6547894,0.056751017,0.29454362,0.026631523,0.40543345,0.17278683,0.08979407,0.4637357,0.98865193,0.7682933,0.022499727,0.42619696,0.020867731,0.037057906,0.19033732,1.4740514,1.5129999,1.3165339,0.05201812,0.14465535,0.04395626,0.37833333,0.057029877,0.023668194,0.46374473,0.49676007,0.27110252,0.41751033,1.4448072,0.18430698,0.2987617,0.23434393,0.42150941,0.22097602,0.019330215,0.030343113,0.28673527,0.24264139,1.0044874,0.0,3.0075176,0.14467947,3.768255,1.1564028,1.5189809,0.033315007,0.26431236,2.5967836,1.1877939,0.18318586,0.24807554,0.3857616,0.2722919,0.008921273,0.9388904,0.17137264,0.24051507,0.16017535,2.56308,0.30401877,0.4202943,0.30100545,0.3598301,0.0,0.03180379,0.27801755,0.45484963,0.09252231,1.0571002,0.24802174,0.26660633,0.3998431,0.04456452,0.37534103,0.15253748,0.6926598,0.8037182,0.0125244595,4.1954675,0.83009666,2.4568827,1.5602586,2.7042148,1.9870123,0.61728466,1.206199,0.6442934,1.3077514,0.6890875,0.020116357,0.8112977,0.6307228,1.4838827,2.5049684,0.8426278,0.44736174,0.56277424,0.0024856736,0.99867964,0.09186719,0.4133611,0.8507196,0.2555877,0.31693852,2.5972047,0.6011649,0.1550837,1.5717001,0.57089794,0.29600307,1.1353952,0.5297816,0.7682743,1.140233,1.1497527,0.32908335,0.079717815,0.57397676,1.0912689,0.055593863,0.084941484,0.61258024,0.6369388,0.7551196,0.37659758,0.2840072,1.5403099,0.43913803,0.5434552,0.8820388,0.032421984,2.161014,1.3954843,0.027800543,0.2663739,0.60903215,0.9994055,0.06232953,0.62490934,2.9930656,0.41038328,0.094168544,0.0,0.06547622,0.9120471,0.013463058,0.15601715,0.016499279,0.36939955,1.2553954,0.19156437,0.0010076779,0.04831578,0.63242626,0.0027956942,0.36756897,0.18130401,0.007415049,1.0386405,5.0155096,0.08681474,0.15238103,1.3509964,0.21744645,0.28054306,0.46175358,0.26124585,0.2544781,0.5221256,0.177657,all_pothole_images\pothole_images_enhanced_f8d9e3d598b89c72b0fd1acebb862ab5.jpg
0.87318814,0.30862242,0.059308548,1.9680288,0.5253922,0.99214,0.31836218,0.0,0.097078145,0.9086766,0.07502555,0.818838,0.79055697,0.8341019,0.0,0.15599212,0.69804406,0.30802298,0.6768209,0.032522414,0.3537082,1.6688473,0.6981039,0.660432,0.5345198,0.36126322,0.0,1.5690151,0.13668671,0.197295,0.08728769,0.06781253,0.33566245,1.0764487,0.27270135,2.0556407,0.6780011,0.15175954,0.38539445,0.38339576,0.16917865,0.04706185,0.30222479,0.18355294,0.40353104,0.7868808,0.26960352,0.0,0.643299,1.3451334,0.9663811,0.16695963,0.33621088,0.73087,0.3324202,1.6760228,0.4621577,0.14067051,1.9064271,0.17910045,0.42318472,0.37598956,0.28648648,0.36691973,1.517305,1.1959783,0.23181048,0.0,1.0367194,0.1369539,0.1887337,0.111248404,0.6579462,1.1982039,0.84572804,0.2246479,0.0049509695,0.99238366,0.8264296,0.04096022,0.012452538,0.027132714,0.57650477,1.0720505,0.604231,0.1398125,0.010827434,0.14642078,0.9967105,0.9173864,1.0688728,0.09896914,0.040072482,1.1246202,0.08647893,0.26021343,0.5313401,0.59710765,0.17531706,0.46210015,0.6806384,2.5627878,0.8078972,0.28056797,0.6911288,0.15042993,0.1116502,0.20448767,0.48976448,0.1047855,0.13838775,0.8744897,0.13973832,0.37592962,0.24918108,0.18187325,2.7345033,0.22894013,2.5061314,1.5308533,1.4959096,0.47082916,0.44032922,1.2209698,0.28276572,1.1211817,0.18819205,3.2766464,0.28936073,0.25471234,0.24192919,0.0,0.31722558,0.17429192,0.014891014,0.42224273,0.45326525,1.4402425,0.14351434,0.41154027,0.39179718,0.54363656,0.20347013,0.584689,0.08788355,0.20760328,0.0013440442,0.78302777,0.20343018,0.45907903,0.6004044,0.21679091,0.3978483,0.0,0.5111033,0.9060008,0.8981957,0.5855583,0.94254404,0.48822594,1.5905432,0.6563739,0.0,1.3868891,0.1039497,0.9909467,1.2578225,0.15829813,1.4518018,0.55540913,0.0003744561,0.29262567,0.00021461616,0.3117002,1.0503389,0.48623753,0.21736433,0.0,0.5882293,0.1182981,0.2407874,1.0729097,0.28714797,0.47434568,2.6179645,1.1028683,0.2666989,0.54703635,1.0478601,0.51640785,0.0,0.13467936,0.66633576,2.2710001,0.02438643,0.2870018,1.2433784,0.73206174,1.3057213,0.10531249,0.5527059,0.52688295,0.70587474,0.94328296,1.8667692,0.21545324,0.7344927,0.029801222,2.1100488,0.98770756,0.06436271,0.14825873,0.18675265,0.47737533,1.2201,0.8343227,1.083318,0.16034682,0.6100918,0.3350746,0.107393146,1.551971,1.0954465,0.28855515,0.0459965,0.33481878,1.2063047,0.40494117,1.1714892,0.10701853,0.080179214,0.10144593,0.76087576,0.0133657595,0.06572057,0.21754748,1.6453187,0.123631924,0.1914572,0.2686712,0.79305476,0.2877269,0.32260087,0.30346933,0.44641307,0.00084921956,0.3929186,1.0364428,1.2295617,3.077939,2.0197716,0.48707214,0.57574415,0.5017043,0.25399444,1.1007457,0.2998159,1.1536394,0.9008416,1.5232981,0.45589283,0.04489837,0.27681825,0.8684457,0.36647975,0.19607776,0.18826957,0.9491875,0.08053755,1.1020288,0.11882517,0.073483385,0.018462097,0.93349314,1.0838292,0.42449766,2.0384998,0.67327005,0.5119275,0.70668197,0.28280383,0.24599507,0.45291153,0.253474,0.32993382,0.38602066,0.61538225,0.03002213,1.1340897,0.5692605,0.21909873,0.28684637,0.6172919,0.6192514,0.09046927,0.051668603,0.7135928,3.3871577,0.2713354,1.2433233,0.3847289,0.9765972,0.16378683,0.50701916,2.1749113,0.56870484,0.52855855,0.44828683,0.29392317,0.12447751,1.5214968,0.3703348,4.1831665,2.2267368,0.55011636,0.67561364,0.4946779,0.55866694,2.3946729,0.24663557,1.7932589,0.09615514,0.0077070524,0.2897396,0.8291739,0.79778117,0.42749047,0.32623786,0.2405439,0.31060538,2.2938867,0.5851913,0.07526539,0.18715309,0.0014929493,0.22484124,0.0030443778,0.041113455,0.29608056,0.22315243,0.5326294,0.21701278,1.1716602,0.09771952,0.12735018,0.79043967,0.13061571,0.09566337,0.4457295,0.8413824,0.71390694,1.9350489,0.49611998,0.45406654,0.27796718,0.909847,0.44977316,1.2294848,0.78879714,1.8853501,0.7165128,0.9058023,0.9283428,0.10042035,0.32767844,1.1242766,1.6492971,0.7144709,0.77342594,0.5309793,1.0393221,0.071482815,0.4373026,0.060958534,0.4142617,0.6132098,0.70583475,0.75971854,0.17328939,1.5784924,0.69710445,0.11771194,0.40576985,0.061242383,3.0442734,2.0156324,0.9283215,0.08275501,1.1805272,0.6875211,0.40021276,0.7809652,0.17420496,0.9064415,0.0032543694,0.49743363,1.8614224,0.5872212,0.5417585,0.28342772,4.2639527,0.7578906,0.8433872,0.08039813,0.98785377,0.10906764,0.06193888,0.4027784,0.0,0.047363963,0.74133706,0.19596364,0.80494624,0.009495272,0.18262577,0.4578769,1.6963177,0.03621158,0.6438159,0.07391687,0.4470889,0.20658137,0.19681601,1.164547,1.1593612,0.32635045,2.5627048,0.8509627,0.22189625,1.792574,0.71659875,1.3725779,0.9895778,0.084487446,0.4966198,2.172999,0.6572267,0.8211642,0.10300601,0.44321707,1.1929412,0.32191616,0.39382783,0.737972,1.2787446,0.09366357,0.9870304,0.078525856,1.0996238,1.3932339,1.0562588,0.4297367,0.9154506,0.87102616,0.3372138,0.88241327,0.22813638,0.45839453,0.7865312,1.6131538,0.6962261,0.7162571,2.021643,0.54008716,0.72762173,0.23589943,0.7201965,0.056365974,0.633487,0.46051168,2.1462145,0.4677721,0.1324081,0.72104216,1.5553405,0.019940019,0.20101187,2.0191386,0.021448182,0.12659355,0.5793868,2.554892,0.57211566,0.6551009,0.084293425,0.2699992,0.19686395,0.030372376,3.0391657,0.17594676,1.4210105,0.22915414,0.06578884,0.11589014,0.8064888,0.504992,0.056634475,0.024493834,0.35048097,0.4411076,0.4940005,6.0304613,0.475392,0.44928437,1.2349172,0.04341426,0.065192185,0.046947468,0.35627002,0.4810681,0.42647937,0.5160239,all_pothole_images\pothole_images_enhanced_f8f2662fc97b8b1020e4f00c91d4bcfe.jpg
0.15719624,0.46100926,0.1310986,1.7562785,1.6555645,0.06185236,0.5421354,0.102669716,0.22095789,1.135026,0.65923744,0.012526595,0.27182916,1.9912461,0.04714195,0.47831833,0.24267893,3.1760237,0.94687897,0.38913453,0.4858461,0.041610885,0.84248483,1.1376098,1.348439,1.0039197,0.19547956,1.6382401,0.004504021,0.11540426,0.1167238,0.009117212,0.0012038982,0.31284314,0.056438588,0.8467112,0.128793,0.057548303,0.58832335,0.40700352,0.0,0.4420336,0.11575438,0.66048783,0.8974473,0.5482176,0.6116285,0.76738286,1.6872083,2.2353086,0.27221036,1.169435,0.22084637,0.054848853,0.99142075,1.6505691,2.3299532,0.4367418,1.229629,1.2089711,1.3705472,0.10207304,0.06640146,0.61923736,1.1110919,2.5223763,0.88472396,0.54025126,0.059904955,1.4297928,0.2788318,0.34191328,0.65937805,0.0,0.6654403,0.07717741,0.20203975,0.1888703,0.026336007,0.0,0.0043234127,0.6027858,0.68078804,0.42440414,0.45532873,0.0073608262,0.098860644,0.014153099,0.7399098,0.70536536,0.037810195,2.1446748,1.7356575,0.028548812,0.25384971,0.37875232,0.6153822,1.6067619,0.20605424,0.32373473,0.17438807,2.3935082,1.2861278,0.00071864534,2.425008,0.8777025,0.6142541,0.005550192,0.5277265,1.6698748,1.0502753,0.31312305,0.09244001,1.1960125,1.1588691,1.6639488,0.06450366,0.7670935,2.2340138,1.2016243,0.8884866,0.45736447,0.008760681,1.1407192,0.9955522,1.6524708,0.004016242,0.32202584,0.22852771,0.19904175,0.97674763,0.87378174,0.2306036,0.61921626,0.1041561,0.8165419,0.005516936,0.022757117,0.52672815,0.29323024,0.9683348,0.32925522,1.1606705,0.9387717,0.15373221,0.38033593,0.20146658,1.2304822,0.18842882,0.32668972,0.05807453,0.42798036,0.27284178,0.09616385,1.0689985,0.092530034,0.036931787,0.9767324,0.018098155,0.9970871,2.5004737,1.3529793,0.57268405,1.3172956,1.6267211,0.74245846,0.7476283,0.18104213,0.91825104,2.0919936,0.95290786,0.013766277,0.028532961,0.9078386,0.03435625,1.0686783,0.0,0.05356374,0.30773127,0.023961045,0.001814965,2.0347817,0.6394193,0.6231006,0.8711498,0.0,1.0913367,0.26616204,0.1334596,1.7898566,0.6048528,0.16159439,0.7559644,0.41315055,0.42455792,0.4922219,3.026533,0.18350336,0.24803215,0.037603267,0.0,0.4675602,0.013104495,0.00016176843,0.16751254,0.47628215,0.48184904,1.1838791,0.3581878,1.6536027,0.009486247,0.05916501,1.0485905,0.032475688,1.573699,1.8565091,0.9635863,0.5690615,0.54390246,0.36740544,0.22072247,0.5422714,0.5432673,0.87065107,0.0,0.010355559,0.8742252,2.6805637,1.9678793,0.7194702,0.039711952,0.35642895,1.6595166,0.114151254,0.8394034,0.04032727,0.7950911,0.623607,0.20023002,0.013924516,0.17374575,0.14343135,0.5989475,0.825566,0.013318886,0.08103349,1.3807694,0.7761098,0.22388478,4.6785035,1.3331535,0.48705983,0.034694925,0.10362406,0.0,1.9278967,0.1676903,1.0285872,0.21761271,1.0204651,0.09037655,0.09638799,0.47441083,1.1439704,0.032188796,0.057888225,0.7410322,0.31916136,2.609849,0.044310983,0.6370389,0.06345358,0.7535632,1.6599691,0.92463964,1.8153367,0.0,1.3938608,0.44123772,0.29336536,0.9262175,1.1361982,0.331414,0.18812314,0.27023396,0.008514266,1.5258781,0.3186208,2.6015089,1.5475241,0.4795656,0.48954317,0.23379104,1.756382,0.18805431,0.35950443,0.5219985,0.31940427,0.14008099,1.3534203,0.8648445,0.0293662,0.0055354354,0.071221925,4.8209743,0.004678007,0.07776457,0.31671408,0.12685454,0.7171095,1.0605658,1.345273,1.0020485,1.9249647,0.82005525,0.47631314,0.0038623107,0.28240004,5.7825804,0.33437613,0.35416996,0.027926719,0.10637507,0.52889705,0.5634919,0.6525229,0.33941114,0.24776384,0.06892414,0.01797794,0.8303976,0.018963717,0.80258816,0.5210632,0.0,0.2737641,2.782472,0.3338998,0.3218492,0.12038395,0.035207257,0.09405712,1.6134803,1.3609375,0.4268737,0.0028233384,0.11162672,0.049594123,0.009321271,0.02332158,0.12614359,0.14879331,1.5330867,0.16089064,0.0275893,0.018516444,0.037394103,1.6035935,1.9927653,0.4626267,0.6272178,1.4694921,1.033904,0.0,0.008796277,0.006655668,0.46088392,0.01995891,0.2114903,0.19997217,0.5067164,0.16497716,0.60657,0.5952116,0.3259815,0.93539613,0.06365905,0.015659677,0.4891555,0.12751873,1.7933782,0.1333154,0.09283784,0.26194865,1.2938194,0.14982207,1.5732777,0.03524825,0.10182766,0.14921464,1.0012509,0.30174237,0.26475233,0.054823674,0.47710192,0.072050296,0.5015392,0.19040522,0.6385353,0.16863677,0.043409687,2.2570002,0.37364203,0.17700227,0.7779538,0.31084308,0.21993601,0.8694056,0.19717275,0.6771324,0.11206328,1.9228716,0.09837764,0.2250793,0.59692395,1.9316465,1.1931086,0.066587225,0.29207996,0.0,1.3079162,2.3209977,0.5580348,1.7501765,2.193265,0.17682834,0.41283798,0.07028877,0.0758931,0.3041793,0.5377361,0.5470009,0.33013248,0.7634028,1.4319012,0.5184513,0.025977839,0.10751621,0.14140712,0.19625686,0.5115536,1.6322302,0.043813035,0.53273046,0.26325703,1.4374628,0.5402718,1.6421432,0.109980345,0.05789811,2.2847314,0.13609168,0.08859374,0.16964392,1.4975272,1.5584309,0.06821417,0.048111983,0.34118506,0.87954354,3.665496,0.012511916,1.4212672,0.067882724,0.31329522,0.17378484,0.29244277,0.021184372,1.235907,1.0171825,0.9754947,1.9368601,0.0,0.00022534562,1.6243364,0.88337874,0.009565027,0.35304987,0.5388529,0.259918,0.44453815,0.5241639,0.9048775,0.28466853,0.22847907,0.28500086,1.4701105,0.11419376,1.3261694,0.0,0.13125823,0.9477835,0.43787694,0.23108433,0.0,0.6587772,0.32051745,0.0060126013,1.6180012,1.1459361,0.485137,1.8442621,0.21366344,0.12379743,0.69003624,1.3399116,0.37253577,0.33859578,0.5621776,0.47688356,0.2915419,0.50435346,all_pothole_images\pothole_images_enhanced_f91672485985abeeba531ba62224a924.jpg
0.073319405,0.21563207,0.1997748,3.5488336,0.34726956,1.5244467,1.6769375,0.32306263,0.10551466,0.03754855,1.2938229,1.0570835,0.8042634,1.0688399,0.0,0.6668444,0.2571886,2.9217243,1.7454174,0.32778668,1.0709218,0.78566414,0.12722348,0.012218542,1.664797,0.03318644,2.0762105,2.475652,2.6053085,0.17920928,0.0,0.3262261,1.1962034,0.42454746,0.17274109,0.84935087,0.42142898,0.9857174,0.3727027,1.1589276,0.019890424,0.76208925,0.24802056,1.2688478,1.3871877,0.39827892,0.30362025,0.02383486,0.23685871,0.23416322,0.65611637,2.0643423,0.056416743,0.58897334,0.1543122,1.0355386,0.034088615,0.22974578,1.1945487,1.2189469,0.08896263,1.0587641,0.70705384,0.62355465,2.4181561,1.8708092,0.90624887,0.80013746,1.5753697,0.005049753,1.2106149,1.0809462,0.076367125,0.29372725,0.060356945,0.05251011,0.060534548,0.17993286,0.0,0.01438757,1.1153451,0.3149431,1.1349378,0.12097213,0.43364033,0.5322394,0.7806984,0.06795992,1.4062724,0.27905947,0.002860311,0.7583883,0.18616322,0.5210663,0.576514,0.07753966,1.168128,1.6099432,0.30718553,0.88235116,0.18203318,2.8591228,0.6772892,0.21689187,0.31100747,0.031185525,0.13277091,0.9403638,0.6224486,0.032806195,0.16066666,1.3180046,2.2667072,0.41905937,0.497296,0.054619953,0.00193696,0.6016178,1.5058042,0.39037666,1.1755418,0.17483863,0.08337517,1.649914,0.42181855,0.07027625,0.322659,0.20604105,2.3623703,0.5139386,0.58589303,0.93907964,0.24290046,0.2707195,0.02392281,0.37717673,0.28830835,0.53757805,1.6218175,0.22448185,0.85436916,4.168133,0.18155926,0.17969786,1.1367841,1.780851,0.21779439,0.12965591,0.0,0.11358897,0.076132596,0.26288807,0.0,0.004240706,0.733903,1.1464347,0.37457177,0.05858776,2.287184,0.8702858,1.3718315,4.168515,0.05339858,0.4623579,0.30265492,1.8267261,2.9201913,0.017603507,1.2546897,2.493538,0.07801532,0.711516,0.82120144,0.8852596,0.1250575,0.087679826,0.5327746,0.052599702,1.675912,0.030133054,0.2112327,0.10060537,3.2368968,0.702799,1.6542538,0.09410172,0.647536,0.3590606,0.30475524,0.42112592,0.024873797,1.052419,0.0,0.6801275,0.6370927,0.30728385,0.53528845,0.09786708,1.4636827,0.44002417,0.70034665,0.98858523,0.3411292,0.4106287,0.24320787,0.48435342,0.52112526,0.021846479,3.8538163,0.79864514,0.7174399,0.26575,0.053061556,0.6098994,1.3221644,3.3982706,1.4915991,0.035667982,0.062185016,1.205314,1.8703105,0.3339568,1.153055,0.48573714,0.003052815,0.25460133,0.66073126,0.5053867,0.51833725,2.1033995,1.5412111,0.8339467,0.9374807,0.4627852,0.02638979,0.006448331,2.0408773,1.0257164,0.23820496,1.267472,0.0044434774,0.20699865,0.29330117,0.050679356,0.072962426,0.79074985,0.19444759,0.7208753,0.3209726,7.3077116,2.2929132,0.0,0.17189091,0.3468573,0.06381372,3.891001,0.0013813672,1.5711039,0.2595864,2.6903007,0.10096894,0.07458642,0.15818062,0.37780574,0.3112145,0.31346896,1.4766177,0.91337395,0.21304038,0.418565,0.71047944,0.07799918,0.09065666,0.342054,0.6078642,0.15655069,0.16952012,0.6789843,0.13467123,0.4030406,1.7382712,1.1348195,0.048298407,0.37217602,0.0679856,1.0922784,1.0729799,0.14528249,3.4364212,1.4600867,0.0,0.5001976,0.1280476,1.0997076,0.19582577,1.63805,0.005243574,2.178175,0.6271113,4.751437,1.0878463,1.2798579,0.014800819,0.050734635,4.447668,0.40115246,0.428279,0.021569286,0.3500686,0.21477292,0.54258525,0.26875845,1.0175452,1.1894157,1.2486476,1.4410722,0.77819276,1.1359245,2.65772,1.1746709,0.06822397,0.04901878,1.4205376,0.008493461,1.6138159,0.07087018,0.003850155,0.2618832,0.64359105,0.14302668,1.738989,0.088434264,1.2560364,0.038338263,0.064495414,0.0,2.1113255,1.1972717,0.7322688,1.60174,0.08503692,0.35106307,1.0129253,1.5783716,1.6245525,1.2495347,1.1173877,2.2628152,0.9139505,0.0010448922,1.0235862,1.7121553,0.010819917,0.22861513,0.0,0.16767533,0.1662458,2.0085652,0.20819585,0.053062856,0.670144,0.22383365,0.8386328,0.29500127,0.017511157,0.02898757,0.62892294,0.16692987,0.9883083,0.58374107,0.32905903,0.22101605,0.13304456,0.19967125,0.01584388,0.05957148,0.0035763325,0.011923101,0.5358488,0.26973405,0.4423437,0.0007497716,0.012018521,0.55346715,0.11630352,0.7454988,0.98393935,0.012662599,0.13919084,0.84838367,0.25539795,0.20889232,0.07559849,0.50710607,0.12876193,0.088719085,0.6924965,0.025695233,0.036906652,0.47929624,0.020411912,1.0096861,0.0756786,0.319203,1.0981854,0.5306709,0.14159718,0.9688406,0.5944378,0.018607767,0.11369025,1.7706977,0.007109889,1.3471003,0.0,1.06542,1.0464023,0.49995002,0.99340683,1.0845594,2.387469,1.1481622,1.403671,1.9906744,4.0369973,1.0858843,1.4048911,0.16729179,1.3726664,0.9217029,0.59784424,0.5738674,0.006246081,0.6379905,2.4173079,0.1704903,0.45514992,0.6333753,0.27686277,0.61854327,0.6822769,1.0710706,0.48017222,0.0,0.16749753,0.0,0.29773355,0.35865176,0.0027396036,1.9041601,1.038303,0.63540393,0.8709544,0.13968703,0.102421425,0.10107108,0.1849499,0.0045573963,0.5166173,0.33954647,1.1377819,0.523631,0.15471712,0.449917,0.06536943,0.04730492,0.083376415,0.16382837,0.052559298,0.81157863,0.07761292,0.50853044,0.29723018,0.10651725,1.1607821,0.0,1.2233961,1.3986778,0.8384974,0.011381572,0.21584602,0.30269524,0.039506026,0.28898063,0.051674016,0.0012794072,0.44345555,0.35307965,0.05432786,0.2921982,0.22871827,2.6162555,1.9548753,0.45756218,0.0,0.0,1.3495489,0.05368214,0.12733805,0.3981807,0.2795529,0.23583345,0.9188645,0.0,0.3617156,0.76342773,0.44464812,0.19372842,0.30692345,0.90015537,0.51228684,1.1843116,all_pothole_images\pothole_images_enhanced_f96584269a2a13b5ed8e8118456f47c3.jpg
0.68612266,0.45029202,0.00061695126,1.3471313,0.81214374,0.0,0.4410897,0.046402328,0.97659004,0.15290342,0.62175816,0.53614813,0.018367166,1.8645397,0.010435527,0.18384628,0.29596522,0.64431053,0.53731537,0.35553375,0.25499082,0.015132587,0.10933218,0.11929965,0.4751484,0.11816365,0.6971119,1.399489,7.299852e-05,0.0059858803,0.020855868,0.015970185,0.06178419,0.28942725,0.2925122,1.3169302,0.25837126,0.009306983,0.3153116,0.060592104,0.6147737,0.2488341,0.4398233,0.85165715,0.46147832,0.25767377,0.53298265,0.73857546,1.0272522,0.8434571,0.2753477,0.5918944,0.008695256,0.18637139,0.2161079,1.5243527,1.1370381,0.60716057,0.00611506,0.4730507,0.23183475,0.019998666,0.53735775,0.29348293,1.1703922,0.5640102,0.29319897,0.10656431,0.005992887,0.7841877,0.5870745,0.20708227,0.32672423,0.004652727,0.36554542,0.0,1.3053302,1.0992452,0.0070936056,0.11274743,0.0,1.1780874,0.3786045,0.6977909,0.14359687,0.0,0.2864702,0.0,0.80663466,0.03679968,0.46702504,0.58338815,0.72635216,0.032344576,0.12366454,0.412285,0.07910646,0.73413056,0.0010902632,0.6946559,1.5095022,2.0584772,1.2811037,0.0,0.6580092,0.22762085,1.3620422,0.32656586,0.29505932,0.383294,0.92060626,0.1176359,0.06900645,0.022555983,0.99604964,0.47269532,0.31847376,0.032668844,1.6304542,0.35406488,0.9131241,0.0,0.3909282,0.3040896,0.97437626,1.175734,1.8535914,0.86668825,0.15881738,0.060320042,0.073829405,0.23317829,0.3712797,0.5172376,0.29737592,1.0816032,0.76145715,0.006524909,0.20599163,0.060119297,0.8857679,0.26277035,0.38135645,0.37768477,0.5135364,0.12689549,0.77992153,0.7759388,1.0572488,0.12250956,0.022674652,0.089139335,0.09155817,0.37514865,0.32490543,0.10990264,0.6639697,0.13599315,0.19794439,1.5667661,0.2713638,0.7106291,0.61037695,0.1687356,0.9198411,0.10774061,1.858608,0.04184622,0.6097591,1.9485154,0.1715975,0.088812985,0.02836125,0.3466341,0.0,0.5165288,0.06299684,0.050277825,0.42256132,0.1513184,0.020460796,2.094726,0.5501326,0.7276524,1.3833534,0.035563413,0.5914155,1.8212821,0.0062085134,0.21126024,0.009512081,0.01730281,0.0021630563,0.41630033,0.83502704,0.19356327,2.11066,0.029122293,0.842274,0.07799633,0.022327125,1.2481263,0.29266414,0.11948072,0.9447881,0.45187175,0.769781,0.04297561,0.80142987,0.25596985,0.0,0.03506986,0.91591275,0.065216646,2.451632,1.2010015,0.036674798,0.03676091,0.22122997,1.0062853,0.24863786,0.111980885,0.6308154,0.6155353,0.0,0.35695738,0.31477642,0.11954166,4.8104167,1.9699087,0.7560985,0.15494965,0.59982145,0.003443786,0.36650062,0.051993474,1.2520243,0.45854878,0.23454654,0.3641471,0.49059096,0.45564464,0.7110183,0.045291103,0.21176109,0.14221053,1.0907025,0.10510267,0.49719712,5.402775,0.22661152,0.34321034,0.15971538,1.0699898,0.13879924,1.681556,0.023584373,0.616583,0.13840309,1.5367631,0.37252074,0.40644002,0.08015124,0.21833818,0.22823466,0.040069226,0.48946673,0.1566809,3.2478466,0.40389562,0.3193939,0.00012014654,0.27248013,0.14565969,0.18624578,0.6541247,0.13467304,0.1360089,0.0027214824,0.6661456,1.7455319,1.0568132,1.5010338,0.03591663,0.0,2.0037718,0.9841268,0.053206347,2.2508824,1.3698528,0.025309833,0.2544037,0.009155156,2.9164267,0.17476621,0.09990937,0.25970468,0.046300933,0.74749625,2.7340038,0.81395394,0.0980254,0.87516713,0.12663668,6.3101106,0.049945522,0.985125,0.0,0.47182992,0.70209146,0.042135436,0.37969884,0.9836465,2.2849252,0.9539557,0.14199461,0.12075796,0.41293156,5.401151,0.32229936,0.33609587,0.010399496,0.5249763,0.9892137,0.057230666,0.6602405,0.90651476,0.0,0.51419383,0.23458578,2.221814,0.1749512,0.1881964,0.8101586,0.09444529,0.0,2.143974,0.7589356,0.5460665,0.9045682,0.43200144,0.04977047,1.8918942,2.4552987,0.57280326,0.43847173,0.037659265,0.18681927,0.6159121,0.06608407,0.40672472,0.0049253455,0.0026970222,0.667901,0.06201266,0.03035048,0.31529182,0.94343066,2.0302465,1.0866526,0.24875815,0.5558554,0.57260185,0.383392,0.2488342,0.3439118,1.2615148,0.064481445,0.5554647,0.039896816,0.31039602,0.12558158,0.005822783,0.8507907,0.14499432,0.51153314,0.11357123,0.050603,0.020110903,0.40882903,1.1736315,0.07399237,0.2993726,0.64117974,1.218474,0.1272446,1.4401914,0.025038816,0.13148479,0.7989556,1.353624,0.029446451,0.19387642,0.024885228,0.08565244,0.034913782,0.01613266,0.17948525,0.013186753,0.09525157,0.27292055,1.0672826,0.50898874,0.099882044,0.36838904,0.11129483,0.65475976,0.19333687,0.96809936,0.08467678,0.0,0.21805911,0.0024601694,0.06903552,1.5582755,1.721338,1.1539165,0.30522096,0.21431729,0.023070887,0.5704208,2.0369663,0.76863515,0.07462632,1.2408558,0.97460127,0.66973853,0.11567287,0.10438417,0.14159663,0.5928964,0.12051215,0.41616568,1.8695228,1.7392235,0.22826679,0.47685018,0.2102608,0.314381,0.44575414,0.0,0.8929271,0.10376619,0.0,0.21986213,0.03169707,0.27875328,0.021131644,0.18462016,1.1929702,2.6004577,0.07884679,0.28513196,0.0,0.37065792,0.10923656,0.45142835,0.032495044,0.18932295,0.71729493,2.831822,0.25186893,0.28481534,0.015508683,0.048046146,0.27920842,0.27355957,0.12597828,0.45999134,0.44507882,0.09711133,1.9013423,0.045607645,0.07928171,0.9981403,0.20859592,1.4351847,0.0501267,0.8487381,0.0,0.053317457,0.6174256,0.13827047,0.02890085,1.195716,0.037331708,0.47389928,0.00064953126,0.0930998,0.4161404,0.80562115,1.8042146,0.5591795,0.6432729,0.031352412,0.017550008,0.65459925,0.32552344,0.22290681,0.4119215,1.1789153,1.2973503,0.603303,0.19162497,0.42695048,2.2569816,1.7555318,0.0017182904,0.049111262,0.55329156,0.017466703,0.00011545541,all_pothole_images\pothole_images_enhanced_f96f32ec90513b250d27084f527f6f47.jpg
1.1493621,1.1761445,0.8496371,0.54294646,0.4896885,1.0513788,0.69814223,1.4876076,0.35127643,0.61234486,0.08111609,0.14955468,0.04529476,0.5330937,0.29916197,0.09027476,0.000503254,0.5483246,0.8485146,0.1291682,0.31038022,2.6351578,0.37279576,0.83242905,0.5487484,0.3223904,0.47401187,0.55864906,0.73731446,0.14073654,0.5132415,1.3003321,1.0493464,0.24125576,0.047677934,0.20077077,1.2435132,0.49132544,0.00428963,1.4111328,0.27365267,0.7718254,0.0,1.0835706,0.40532786,0.035894338,0.31825644,0.0015295567,0.013324237,0.32298765,0.351718,0.6075405,1.7439846,0.116873644,0.17333268,0.041065097,1.8669399,0.4161897,0.2926435,0.26784554,0.5545528,0.61056805,0.764651,0.6791235,0.021404544,2.2064433,0.4913061,0.057142545,0.15172851,0.3777479,0.33836403,1.0106918,0.19959033,0.20560801,0.0,0.2695643,0.31637758,1.0162069,0.0,0.017456181,0.074888,0.443278,0.1244833,2.7241611,0.17531231,0.31797847,0.77182776,0.0036904085,2.5311441,0.004759892,0.2278456,0.2714611,0.041092083,0.12995206,0.27201653,0.016483437,1.9092147,0.21156058,0.0067500365,0.049973756,0.29711303,3.5308635,0.5280431,0.18791829,0.08001401,0.1617068,0.0,0.21699008,0.77898175,0.37631443,1.011725,2.6658878,0.9746858,0.18991485,0.17201376,1.276108,0.84669197,0.8507556,0.22694838,0.46767184,1.827905,0.7774236,1.7124375,2.1601806,1.4540294,0.3470463,0.68173045,0.83402264,3.6256847,0.033296328,0.272351,0.0,0.08926587,0.06894328,0.16068846,0.59347975,0.29725546,1.4768524,0.49202046,0.7741658,1.7177955,0.45859724,0.11625904,0.76784563,1.212684,0.8651881,0.14036499,1.4515314,0.85837513,0.40065363,0.41421267,0.8635164,0.21013701,0.23919044,0.7100123,0.4995552,0.28424972,0.38380116,0.26423454,0.19909944,1.6893847,1.0222096,0.67324656,1.5383765,0.00019570896,0.32104656,1.417014,1.7109112,0.9141243,0.057106163,0.07756678,0.009754095,0.19627419,0.5157291,0.69924015,0.12928015,1.3952471,0.493682,0.70945525,0.56909883,0.5361154,1.4358796,4.9089265,1.4249387,3.9715781,0.70198727,0.28447267,0.09987855,0.9905847,0.24599774,0.24713856,0.27667418,0.25076628,4.002684,0.11344132,0.52479845,0.004288994,1.1707942,0.26126793,0.9167527,1.0178784,0.14728574,2.2370672,0.93232024,0.4039728,0.34717146,0.62454855,0.124105304,0.4563299,0.45704335,1.2772852,0.60932994,0.11949399,1.5729588,0.7927729,0.60965973,1.5123593,0.9883083,0.77662504,0.07132708,0.57237244,0.20482768,0.2632848,0.20641416,0.0997026,0.16584443,2.2528257,0.04502632,0.07874448,0.43019032,0.9964872,0.8752739,0.3299773,0.5481075,0.3532482,0.033891674,0.5320193,0.7319913,0.1294939,0.2238613,0.37598622,0.3031131,2.2849643,0.017149128,0.073845714,0.101353005,0.4233934,0.1775288,0.96934295,4.3155036,2.0938196,0.13226256,0.76901764,0.27828354,0.065437056,1.1732316,1.3059837,0.023857666,0.038556937,0.47544473,0.12490382,1.3195589,0.68594617,0.3360811,0.12852995,1.111836,0.05178559,0.37673193,0.56632227,1.38376,0.52787185,0.8918376,0.47369266,0.3753416,0.9415815,0.24421917,0.36562467,0.8240439,0.2587086,0.31368974,2.0704315,0.07130222,0.56834114,0.15079339,0.36397398,0.41352314,0.58431023,1.4451574,1.481871,0.25711644,0.12620363,0.797878,0.72914386,0.3749497,0.17806457,0.24962878,0.009758705,0.7535012,0.48881632,0.8289931,0.71318233,1.6823285,0.47154137,0.2351557,4.3702755,0.62411875,0.40169236,0.3688492,0.27778918,0.039055515,0.52348197,2.0935245,1.8370626,0.73190355,0.07935619,0.03493083,0.016860826,1.5709208,1.389505,0.59974957,0.0059919814,0.2679343,0.16682148,0.24208383,0.90280235,0.77677035,1.9877493,0.29165792,0.80794525,0.30076426,3.9060643,1.1311823,0.41013807,1.0496649,0.57367444,1.3972943,0.97282743,0.39329097,0.20966975,0.18034102,0.0,1.2054173,0.48258203,0.0056277392,1.5916303,0.015454051,0.062973,0.29679817,0.8216291,0.52689105,0.4380856,0.85539556,0.6200698,0.66891813,0.09337732,0.36819878,0.51261467,0.8065915,0.079022266,0.52021533,0.27555886,0.0,0.83211267,0.28114873,0.028572323,0.10389171,1.2034074,0.9813858,0.53720146,0.87716067,0.954107,0.32475546,0.65216774,0.25317702,1.0285659,0.027672943,0.32012913,1.6400102,1.2570925,2.0095332,0.0974515,0.036335297,1.4021982,0.6588119,1.9458845,0.8101825,1.0443652,0.19851188,0.011442693,0.14721668,1.0614133,0.39157268,0.13395958,0.39408764,0.0038890562,0.13000682,0.7932692,0.157755,0.18838997,0.5503919,0.90939194,0.3615518,1.0075455,1.4154648,0.0,0.94531083,0.11518254,0.16306233,1.1299901,0.0229397,0.35331067,0.31327868,0.6097465,0.20626894,0.07485826,0.48318818,1.3250062,1.7582095,0.23740053,0.8934912,1.1260952,0.060792964,3.2476351,2.073273,1.7801981,2.1071706,1.3005226,2.1384542,0.40310222,0.40837544,0.09105297,0.51587546,0.0,0.0,0.2604427,3.313853,0.9390537,0.36069542,1.550884,0.46200958,0.40873674,0.37774923,0.10974633,0.12500606,0.33706868,0.54800564,0.5015911,0.01211397,1.4389956,0.89796865,0.3721002,0.1633557,0.027654117,0.510418,0.84605026,0.23195612,2.111748,0.16786312,1.401654,0.5859136,0.83600295,0.8423101,0.35953435,0.4160848,0.24594004,0.19529578,0.13259366,0.45088303,0.98422164,1.7728512,0.73522234,0.73310506,0.8577078,0.013675632,0.12336903,0.03044175,0.23735632,1.5082865,0.8963573,0.017695943,0.4816443,1.7064537,0.10961241,0.7228101,0.0,0.8751689,2.1333535,0.13310762,0.6116542,0.026801819,0.15347812,2.6222606,0.0,0.6493429,0.010037851,0.0,0.3990171,0.1768361,0.55612874,0.43519604,0.15798354,1.9269506,1.0278943,0.4896641,0.09027854,0.5737677,0.56854236,0.27957216,0.455815,1.4334538,1.6782538,0.11947508,all_pothole_images\pothole_images_enhanced_fa034ec6e69845c470cf9f7eba573709.jpg
1.1173049,1.2049414,0.14247772,2.092133,0.54535425,0.9660525,0.8864606,0.36251074,0.6623095,0.11554251,0.3408951,0.40374923,1.4332318,0.6609452,1.16683,0.9438131,0.1179055,0.24258454,0.48322874,0.07543635,0.86363703,1.8372927,0.8610695,0.20908815,1.0578561,0.61128587,0.015045175,0.85401595,0.102002375,0.27689463,0.84588605,0.7501628,0.2466191,0.15026225,0.23587878,0.89573675,0.24034172,0.7536761,0.4944437,1.0383043,0.6337207,0.3256057,0.08867934,0.8070598,0.86709875,0.5370863,0.1521105,0.034745425,1.1170033,1.305954,1.3807139,0.112448536,0.035672247,0.4274967,0.76254624,2.4566054,2.1983652,0.53930473,1.0742967,0.0070421277,0.06727316,0.061754305,0.4399269,0.5496324,0.17532437,0.91210794,0.14826076,0.17953409,1.8636248,1.2400883,0.1570567,0.1975419,0.23035271,0.2492243,1.0315402,1.3323909,0.466056,1.2382412,0.37066814,0.2091184,0.04912707,0.5131845,1.1036193,1.0385449,0.5885971,0.78635544,0.02072653,0.78273547,2.5790944,0.45590162,0.3348815,0.06338871,0.41847458,0.6700226,0.66041034,0.07739836,1.1773703,0.6690789,0.48356035,1.5674657,0.6755185,1.4391497,1.0315394,0.2201823,0.9876651,0.20186672,0.3041453,0.6022261,0.03334594,0.25927147,1.3229773,2.007639,1.1878165,0.42477542,0.20422024,0.54808396,2.6837742,1.1185776,3.2727299,1.6054432,1.4635128,0.31566212,0.42852458,1.5260004,0.8410925,1.8612742,1.2836324,0.55723965,0.21991082,0.16347207,0.45210913,0.022439567,0.17473802,0.38357815,0.00012091872,1.6382407,0.8134263,1.7170659,0.22715248,0.08479379,0.19527037,0.0147641655,0.25214082,0.7589639,0.026762951,0.6401222,0.36988664,1.0842723,1.7361262,0.45802653,1.078138,0.6497511,0.02114756,0.12503998,1.4300939,0.86001587,0.29466984,0.4003633,0.74054956,1.3745036,1.1322439,1.2968752,0.042971075,0.6873169,0.11914079,2.5489357,0.5303541,0.16801271,2.6697633,0.096230514,0.27523896,0.0,0.02606537,0.48978135,0.861908,0.02807262,0.31730244,0.008181052,0.6523173,0.016527766,0.004921825,2.7050126,1.7073507,0.7605208,1.8109641,0.5675387,0.2812695,3.0536087,0.29131383,0.76025856,0.32746357,0.3980235,0.0,2.099959,0.0,0.16511442,1.8687716,1.1905556,0.30948752,0.793437,0.52987856,2.5305696,0.74885106,1.8225851,1.5726637,0.5710406,0.020324795,0.64172685,1.1807827,0.32922605,0.009602999,0.047950827,0.8426965,0.593467,1.2573712,1.4169619,0.48874003,0.68386334,0.24878614,0.07122184,0.42481425,0.94137025,0.12468923,1.1497625,0.021153683,1.1236492,2.4285316,0.0041846116,0.03433727,0.0,0.4526237,0.3896939,0.50596976,0.0,1.0450222,0.15109676,3.0201643,0.0,0.035906993,0.08459689,1.5939453,0.91057414,0.27049953,0.89870936,0.043963198,0.00314888,0.41759998,1.0059341,0.8558762,3.811483,2.300128,0.29618537,1.8874253,0.48924983,0.2066861,0.5102293,1.4257263,0.3599921,0.6545052,1.3783824,0.0,1.0293021,0.41826293,1.3977026,0.9356336,0.35899013,0.024727391,1.0008836,1.2727916,0.1705987,0.33262843,0.6709874,0.10480468,0.30449572,2.5628562,1.96639,0.63076955,0.21042418,0.6029485,0.36161408,0.6042055,0.9845545,0.08325138,0.29927254,0.60097194,1.2409483,0.3608136,0.1918918,0.95567423,1.0113846,1.1036023,0.29153153,0.07878615,2.5456734,0.03091788,0.23109904,0.32183218,2.0520008,0.26232058,0.2782648,0.1221758,0.723494,0.0,0.20030925,5.023664,1.4318681,0.27481294,0.85175246,0.0641376,0.60305107,0.48492554,1.4809697,3.9905457,1.5580014,0.6788344,1.0038302,0.28050196,1.4855773,3.6194725,0.14133634,0.20591758,0.027917337,0.0,0.38160565,0.58599144,0.38637304,0.86305296,0.1430913,0.09194531,0.07154311,4.183435,0.4445385,0.050507665,0.024890026,0.006347476,0.5119894,1.5801753,0.37524235,0.0396509,0.56520075,0.7779421,0.42976627,2.6825318,0.69498223,0.8313395,0.4953652,0.4823539,0.05873534,0.7545524,1.5946245,0.56583655,1.797931,1.7222735,0.36288276,0.3344943,0.055673044,0.030344393,2.1577063,0.5846179,0.19351847,0.024734886,0.08322536,1.5230118,0.3120625,0.05576523,0.3355871,1.7474141,0.6841329,0.42971948,0.1524134,1.2517123,0.42309245,0.41953883,0.20635842,1.4324678,0.6383678,0.37354645,0.86645865,1.7137743,0.089536175,0.053491894,0.11221487,0.47639108,0.14417197,3.527063,0.53294396,1.1969982,0.0,0.4334216,0.8162621,0.54326725,1.2387547,0.21389408,0.51582813,0.14073578,0.02029858,0.09284815,0.38068834,0.29905865,0.75115865,2.7094538,0.0,0.51635045,0.438675,0.09276225,0.87113017,0.47494242,0.10988475,0.18649712,0.21514061,0.10861837,0.17130649,0.09700105,0.3838021,0.40555933,1.0201634,1.6926123,0.36018282,0.25179112,0.036381062,1.3042222,0.3512911,1.1035527,1.1545919,1.6355277,0.9617621,0.48195675,0.6099686,0.9893059,0.57029617,0.6753101,0.7111388,0.15058824,0.2993692,0.015978677,4.171841,1.7160234,0.06710918,0.14739692,1.8332831,0.075567536,0.7591775,0.48699927,1.4744521,0.43041882,0.34103188,0.529123,1.0921068,0.1535306,0.13544038,1.2352109,0.8209672,0.6519161,0.8155329,2.0207205,0.9458855,1.2361984,0.9915736,1.0931354,4.04441,0.81199497,0.5517383,2.6821165,0.018112242,0.81661373,1.4712166,0.66079104,1.1813514,0.7249175,0.8522823,0.8922459,1.683278,0.5766132,0.20605536,1.0929137,0.53451693,0.00561229,2.5922647,0.85053813,0.8210519,0.27790824,4.4852057,1.5424107,0.3674755,0.05830436,0.5411986,0.855981,0.44326606,2.3046298,1.0469164,0.43030894,1.1073898,0.37670037,0.46842033,0.8582572,0.57964027,0.07270343,0.39136443,0.31054413,0.26026908,0.42752713,5.841701,1.834829,0.4644212,0.9702348,0.5313361,0.5625198,0.06569077,0.41970864,1.603718,0.6359805,0.1991762,all_pothole_images\pothole_images_enhanced_fa432803da6888419ff8401498cafc92.jpg
1.2782379,0.86118853,0.117333986,2.0312572,1.6152798,0.12874433,0.39671928,0.8462596,0.2383833,0.50753325,0.07855452,0.9645669,0.657407,1.8668051,0.67087007,0.32227468,0.0884212,0.9503877,0.63118494,0.690885,0.46247104,0.25937137,0.19149293,1.3711321,0.8379505,0.59918463,0.57604057,1.4393666,1.0782723,0.41013288,1.0942603,0.40688488,1.145078,1.5007657,0.95262223,0.5186708,0.9796725,0.7779305,0.7807192,0.4643041,0.09761702,0.0,0.22182308,3.8646507,0.6285791,0.6073655,0.48038527,0.0,0.9277912,0.9250239,0.78370726,0.25601363,0.73095703,0.015914325,0.13651823,1.1077181,1.8564459,1.6252942,1.1735389,0.18484543,0.09175386,0.2050339,0.26482022,0.43167526,1.0535504,1.637974,1.292424,0.14502597,1.7684488,0.30781692,0.35097,0.7153243,0.40843436,0.10874536,0.566718,0.09849356,0.31960812,0.5362465,0.048703138,0.20922698,0.16867226,2.5328012,0.34920475,1.37835,0.3608895,1.136206,0.27286094,0.7512804,1.3204229,0.17224711,0.833588,0.028103545,0.031588018,0.74787915,0.17519552,0.35318324,1.1404481,0.36666432,0.192586,0.095243365,0.22593588,0.25675213,0.43733293,1.25546,1.1486509,1.8268168,0.20788835,0.3666213,0.21586025,0.2384214,0.0061471034,1.8526206,0.21582113,1.0370811,0.6777927,0.2788909,2.00951,0.18522955,0.6005066,1.2053045,1.6115128,1.243106,0.350793,0.11484469,0.19214168,0.08863611,0.14875303,1.1579908,4.1601233,0.5257539,0.6080765,0.0,0.0028000157,0.014196366,0.3897156,2.6270742,0.19191091,0.9229295,0.62720054,0.0434221,0.088741474,1.0322868,0.9893513,1.0682129,0.2290916,1.125433,0.11223393,0.47249952,0.31369716,0.19514878,0.83956474,0.6975681,0.14282623,0.20462756,2.780885,1.4777477,1.1504008,0.20349172,2.0707502,0.92176473,3.475689,0.60518444,0.1655784,2.3315442,0.26731253,0.10226709,1.316882,0.076211914,1.3332077,0.8320023,0.52135724,0.2612265,0.02580968,0.44248927,1.0597076,1.3204404,0.3350173,0.023291282,0.04403278,0.40765473,0.0,1.6440792,1.8600006,1.4483091,0.64308625,1.37959,0.1647517,0.4093385,1.4603925,0.35513952,1.0115968,1.0801543,1.374608,1.362508,0.394053,0.69510484,0.41159642,0.98002326,0.059989072,0.2733122,0.2634297,1.4172531,0.4695029,1.2229604,0.47861278,0.62028825,1.7449373,0.38648987,1.0931197,0.3342368,0.03863545,0.14141221,0.14207816,0.123490095,1.4925972,0.88544136,1.5468298,0.17048614,0.5413119,0.2734124,1.2457695,1.2086041,2.1014938,1.6323868,0.02047423,0.36075345,0.09039454,0.6010738,0.6503663,0.07035508,0.080593504,0.36191502,1.2756507,0.62891465,0.8327546,0.050093267,2.4572177,0.279958,0.062313054,1.3388125,0.47671118,0.38032562,0.24241543,0.20683214,0.34759393,0.034706794,1.1363146,0.12983754,2.1202688,3.802572,0.01030721,0.25920442,0.29014727,0.74891955,0.07453974,0.53998566,1.85651,0.15498492,0.083802685,1.9452645,0.6117479,0.33142105,0.41688478,0.5958204,0.7311608,1.6084129,0.54967016,0.8913361,0.5804541,0.16541328,0.341381,0.768289,0.14923297,0.091166705,0.19743386,0.59879214,0.9476608,0.95095456,0.15048948,0.8811463,0.9905229,0.4479289,0.6898333,0.26861164,0.8547415,1.1517773,1.3813308,0.7257917,0.49547392,0.13302794,0.69968617,0.0068146572,0.22260666,0.74216133,0.28134918,0.16646463,0.62963146,0.46356404,0.11604044,2.2447333,0.65265936,0.013253201,0.010092288,0.014695773,4.074427,0.025852371,0.0,0.068159714,0.029869843,0.059233364,1.0580972,0.88121235,1.4142174,0.86065197,1.2732316,0.07502663,0.098553054,0.3645485,2.301004,0.14643094,2.243248,0.20328307,0.20566806,0.041356348,0.29436782,0.26547986,1.1137367,0.6296472,0.6258773,0.32937735,2.805437,0.26539087,1.748114,0.013566093,0.28965884,0.40367323,0.57054746,0.038667444,0.5751883,1.4341888,0.20246984,1.6248593,1.2090769,1.5131742,0.8225733,0.43762392,0.10607344,1.4167752,0.075474896,0.5676854,0.57812816,0.30176914,0.2886091,0.4907777,0.24954677,0.15497099,0.5798007,1.470539,0.45631784,0.6839269,0.831949,0.33964592,1.3216506,0.509492,0.09416327,0.2867378,1.9967978,0.5121821,1.6900909,0.66327447,0.5975718,0.8887936,1.0223185,0.36187127,2.255692,0.9184567,0.28013203,0.33380932,0.07668314,0.9735246,0.8727666,0.42661223,0.44339702,1.4077018,0.56159055,2.2230136,1.0733474,0.026624938,0.0,0.63297343,0.39721602,1.8465339,1.4391958,0.7249622,0.17978776,0.22509314,1.4900001,1.4905121,0.8880383,0.08029831,1.2993125,1.0123751,0.37797973,0.60547465,0.3909524,0.17490825,1.8417841,0.022160709,0.0,0.36609387,1.1800513,0.58041495,0.5685185,0.28974086,0.0,0.04331462,0.8534584,0.81932175,1.1268516,0.016607149,0.8150318,0.87089473,0.84594476,5.1206145,0.8733477,0.3889149,2.2405868,1.4839841,0.122585654,1.5204138,0.03177374,0.8553743,0.8885933,1.3467771,0.30242616,0.9238387,0.5909305,0.61532843,1.2105747,1.304588,0.28696948,0.051917505,0.18151045,0.47614995,0.16174287,0.27288842,0.37167823,0.06727932,0.91752714,0.5799287,2.6984699,0.3534771,0.48517144,1.0753303,0.98951304,1.2162005,0.006614155,0.09112314,0.50187373,1.2457851,2.8508346,0.60933673,1.0050939,0.35114837,0.5622212,0.3137317,0.4254686,0.56589866,0.38146475,0.7770744,0.17229073,0.6971733,0.094877884,1.1626399,0.47087404,0.4895274,0.30564332,2.239125,0.94164985,0.24893059,0.51881087,1.9406474,1.1756543,0.9206325,0.3564521,0.061991174,0.022964437,0.12305425,1.2911674,0.0,0.7921769,0.022653244,0.18974446,0.012016548,0.17414837,0.020759366,0.24780487,0.22024211,0.50555307,0.10013666,0.5694416,3.7298481,1.2983196,0.11811349,0.18129024,2.0089345,0.8852669,0.079898134,0.14172468,1.4374641,1.046648,0.25692427,all_pothole_images\pothole_images_enhanced_fa54ac164bc8243f8de9b035cc1c1fd9.jpg
0.942259,2.3777173,0.6073417,0.32662848,0.83171415,0.6873505,0.07258222,0.36771572,0.89742315,0.9683035,0.63726795,0.7548384,0.12219766,0.56153125,0.57857704,0.32681325,0.39311248,0.13611616,0.023009086,0.24198216,0.3973961,1.9085685,0.15667582,1.9257951,0.08668989,0.8304878,0.0012811736,1.9126081,0.5552391,0.22137906,1.2175412,1.402239,1.3129421,0.34531355,0.0760097,0.41145238,0.53901,0.56705004,0.35201076,0.9510283,0.76644087,0.5517569,0.07161529,0.2840087,0.9303213,0.12133526,0.03776997,0.5999077,0.33190003,0.05364066,0.76948196,0.53858536,1.0979035,0.0,0.056825563,1.1133724,1.2351514,0.17004515,0.19212726,0.27504694,0.24402142,0.04005848,1.3066688,1.541503,0.043504287,0.10048179,0.38575688,0.3210423,0.2531524,0.06633829,0.023923913,1.0945282,0.3008799,0.24388307,0.35451037,0.7198774,0.3454033,1.2623787,0.056371946,0.013885789,0.6297002,0.27150917,0.0155557245,2.7709193,0.58205384,0.59539443,0.5177356,0.14060195,3.021769,0.24523668,0.2335945,0.2877604,0.39968675,1.0998498,0.1281363,0.2524007,0.9186992,0.9594822,0.36591268,1.1844058,0.055750135,0.5825566,0.11676296,0.5185677,0.1596,0.39079526,0.23016427,0.096148565,1.0294493,0.6551646,0.25475326,1.4351208,1.3188493,0.32045165,0.3086691,0.9461729,1.2141136,1.177158,0.0,0.22201268,0.84034604,0.52977955,1.6699748,0.56196094,0.3872546,0.53843343,0.20775166,0.61971074,1.277259,0.27335867,0.5457844,0.020102056,0.08957505,0.3539236,0.45200783,0.78539807,0.22078535,0.5527895,1.2512733,0.8931338,0.79627746,0.59171355,0.069034316,1.5605909,0.6115374,0.80461705,0.39610723,0.8816121,0.7280141,1.1866933,0.59797144,0.44754004,0.12717213,0.2765646,0.30226675,0.22667983,0.8097071,0.21712945,0.05324658,1.1955945,0.82752335,0.20373628,0.33855233,1.4064096,0.14682515,0.8225179,0.034826666,1.3359345,1.2274,0.17646827,0.24099477,0.006187636,0.42389095,0.22613934,0.45187765,0.16613968,2.4610507,0.005713113,0.03417433,0.28935617,0.014060843,1.2168478,1.6574588,1.4486786,1.6782051,1.2414774,0.6239374,0.34112293,0.52681524,0.6330158,0.3074821,0.56844646,0.46694705,1.1001409,0.88931304,0.26610762,0.5212769,0.19177954,0.38933912,0.2654905,0.6367683,0.4239282,0.7200505,0.36878297,1.5190223,0.3987497,0.4110685,0.25599587,0.38838112,0.44778898,0.70459896,0.33360958,0.44583717,1.1847202,1.3696074,0.5315,0.7673295,0.27961737,1.1060106,0.22024713,2.089899,0.3164544,0.6182336,0.38484704,0.010515694,0.09599932,1.7016667,0.0,1.5701702,1.0449482,0.29664192,0.7377003,0.02910377,0.5573397,0.3712771,0.32876053,1.7579223,0.043780215,0.1014106,0.019348918,0.2849701,0.712543,0.7229421,0.013648941,0.0,0.08724492,1.2726518,0.14039116,0.259942,2.7087252,0.54231936,0.057215616,0.4202276,1.3276871,0.2020649,0.3683571,1.8009902,0.3298121,0.7343815,0.89412284,0.29422054,0.5331245,0.7201547,0.0453261,0.10077937,0.1867077,0.05894734,0.2613208,1.8703538,1.1547772,1.6473578,0.2162604,0.017672371,0.49776053,0.8966808,0.23392698,0.4271722,2.2357278,0.4670264,0.2591581,0.28448603,0.28988972,0.69647187,0.58306414,0.43947327,0.23993672,0.49940455,1.0273768,1.6857963,0.08151269,0.5145579,0.18240635,0.010331783,0.80818313,0.7379522,0.48388582,0.005422025,0.7460365,0.58863115,1.1756372,0.4059511,0.4395962,0.16178554,0.82282364,4.5899434,0.21087782,0.21410522,0.5930606,0.6449135,0.08424163,0.23470227,1.2819288,3.0640404,0.6506765,0.0046726414,0.16822496,0.0070861443,1.1988801,0.32945427,0.39640746,0.234578,0.15311658,0.20878585,0.13680018,0.6892075,0.3984839,2.244874,0.16922228,0.24439983,0.8823054,4.197415,0.15856774,0.0,0.49529546,0.79651874,0.91783005,1.9111913,0.48654497,0.4686416,0.038833704,0.18172163,0.73872703,1.5255585,0.2577409,0.5201201,0.16056378,0.22392471,0.2519218,2.050715,0.5221635,0.07394303,0.7424187,0.21607071,1.0987393,0.44120994,0.3689367,1.0277089,0.26756552,0.22780947,0.6365512,0.2933218,0.07156466,1.3246257,0.46958074,0.0027442924,0.5524338,0.50524604,0.7751999,0.3312559,0.73219997,0.9631226,0.12699865,0.7839964,0.31972235,1.6162013,0.6133687,0.120863795,0.60769355,2.591266,1.7304327,0.27561954,0.058842085,1.1714778,0.803286,3.154188,0.41995457,0.90999585,0.17961136,0.04880583,1.4737189,0.51074266,0.24333398,0.4545592,0.56637996,0.20712791,0.17284647,0.5340362,0.69440913,0.010447626,0.64409584,3.3490703,0.6975183,0.25140986,0.7103486,0.06726583,0.3343837,0.5930379,0.39080593,1.3250508,0.5583168,0.54055333,0.8423472,0.8580763,0.65548915,0.2709933,0.24977489,0.20558612,1.4836594,0.13342157,0.46624812,0.2247151,0.61126035,0.53845453,0.34596568,1.0562662,0.41117352,1.8866317,2.052461,1.0048276,0.22394009,0.9068162,0.1539017,0.15636663,0.36822364,0.16786315,2.7056406,0.89107805,1.4950197,0.8754673,0.9428689,0.93703026,0.10519104,0.10030503,0.5456043,0.112518415,0.7885049,2.0237863,0.40787658,1.0376889,0.7518019,1.2757599,0.5799457,0.7688531,0.5590787,0.6861776,0.2802481,0.7433244,0.16421504,0.38223565,0.30773067,0.72766215,0.8008597,0.98342097,0.32817715,1.276939,0.03809632,0.44180343,0.2643816,1.08086,0.95146894,1.5723705,0.76557565,2.4563684,0.06829639,0.3356428,0.045947257,0.108134784,0.5505983,1.6117985,0.39475262,0.8049258,1.5687807,0.43608516,0.49288398,0.05654737,0.24857104,0.7040665,0.37526676,0.8908527,0.08720834,0.21771795,1.1518242,0.23711932,0.29593372,0.12950675,0.17395969,0.26512322,0.2709068,0.2950112,0.017833324,0.52243483,2.629615,0.22010799,0.22520593,0.7358917,1.1608918,0.65591997,0.5719431,0.4645638,1.1019037,1.0936512,0.18660623,all_pothole_images\pothole_images_enhanced_fa6bfa016ffd491f969ab7a602fb776d.jpg
0.16380383,3.2258408,1.3935992,1.8012732,1.2050033,0.67293984,1.6646384,0.030046575,0.05698201,0.5512581,1.3862643,0.79473084,0.42120957,1.0808189,0.4243415,1.4131238,0.24350002,1.1947694,0.7551643,0.648926,1.1386203,1.3568991,1.5610473,1.5856405,0.69198203,1.1734294,1.0276222,2.3976052,0.562831,0.58510643,1.8960714,0.077668,0.10044352,1.338228,0.9107203,0.9870695,0.7768705,0.2578758,0.15867211,0.39743233,0.021258445,0.07665253,0.47598732,0.7258643,2.0343904,0.16242301,0.06979067,0.08327209,0.4742469,0.9026167,0.8527561,0.45491645,0.8321625,0.72011137,0.48136503,0.6230727,1.0092351,0.4898293,1.116198,0.07029553,0.15005596,0.97201604,0.7805001,0.547016,0.9982674,0.42096502,0.32529512,1.2693361,0.1830209,1.2487732,0.810772,0.9867391,0.7481888,1.869225,0.36092827,1.5583243,0.16730615,1.2313857,0.14721228,0.017783135,0.4877255,0.25732318,0.43268156,1.1426762,0.48227754,1.4259695,0.7763293,1.4128019,3.6955917,0.87346226,0.3285126,1.1469159,0.7821968,0.04594477,0.16697936,0.41476822,0.12747423,1.9428011,0.43880033,0.019365596,0.022853848,0.6910018,0.19167335,0.6837728,0.43296427,0.55076385,0.608454,0.58331525,1.0622164,0.87603337,0.100402266,0.96861994,0.60696775,1.3208263,0.7548465,0.32710442,0.45243725,0.30740994,0.75964206,1.5233009,1.7504026,0.53680277,0.5787769,0.75604105,0.5004139,0.8531139,0.047174823,0.4409781,0.80535465,1.6873301,0.43977496,0.026682505,0.45536014,0.42841986,0.23546469,0.13359416,0.7690025,0.47751305,0.27806103,0.0874324,1.8233172,0.8449017,0.90795314,1.1190289,0.18903144,0.41751546,0.1776828,0.3678557,0.368396,0.93168205,1.7690598,1.0619931,0.082626626,0.052176926,1.3857967,1.0438778,0.97700435,0.3648893,0.28297102,0.87152237,2.7852507,0.6543066,0.7147658,2.5091,0.36619315,0.022258805,1.6300834,0.38900873,1.1665428,0.82047814,0.7084169,0.19644693,0.37227002,0.79850423,0.6343565,0.54699796,0.9731003,0.12020013,0.28567114,1.0948896,0.5186088,1.1510546,1.6651715,1.3532213,1.8716705,0.08427042,0.42785156,0.37822738,0.9418703,1.5077751,0.2930542,0.97566223,0.34072068,1.7604662,0.047528703,0.12487771,0.6874164,1.3446387,0.43719372,0.51291436,0.11953558,1.0740027,0.072428845,0.39854184,0.22101048,1.2139808,0.6909449,0.45017144,2.303817,0.6489815,0.13242406,0.71743417,0.62849087,0.6358234,0.6850713,1.2218193,2.2553816,0.41305244,1.2960069,0.8173266,0.121343866,0.08873073,0.66155887,0.7667723,0.43700022,0.31199145,0.4456677,0.24722145,1.0662386,1.232789,0.009390766,0.13826399,0.3562074,0.1570795,0.7468698,0.47711504,0.342517,0.4929001,0.14446566,0.6645495,0.19809781,0.18588908,0.6913089,0.040652495,0.35124144,0.27647492,0.99550104,0.4842002,1.1867673,3.759342,0.1967167,0.15834856,0.37211195,0.2804522,0.20725143,0.38634834,1.1791079,0.5264137,1.8944297,1.9649446,0.24968264,0.4964907,0.77078515,0.044126004,0.5176331,1.1064862,0.35494986,1.5796616,0.94670546,0.09914443,0.7899063,0.13254246,0.25383103,0.72534305,0.8165912,1.9443284,1.1150278,0.10859043,0.8598642,0.63442546,0.76670945,0.033367082,0.55192494,0.57773775,1.6245042,0.3607556,0.18909763,0.47708413,1.2795806,0.46813044,1.1553419,1.7821711,1.290483,0.85189974,0.3587272,0.76547635,1.6732023,0.32790938,0.5562541,1.415714,0.87820005,1.4074031,0.030106928,0.69346666,2.9025543,0.23184535,0.1099643,0.32535926,1.0627182,0.6864891,0.87117857,1.4791363,3.7242181,1.4894437,0.6467375,0.65497464,0.20094198,0.9174337,1.2602923,0.7150894,1.0466273,0.025223678,0.59281945,1.567385,0.6627394,0.77842367,0.2561197,0.91020113,2.197225,1.005931,2.5990071,0.79149437,0.3709033,0.1284632,0.53377515,0.06714918,0.22094427,0.7032983,0.74241215,0.20857106,0.53872514,0.40217096,0.57860374,0.035502613,0.2895915,0.897877,0.6721008,0.38079163,0.18689908,0.21436182,0.47055888,1.8692515,1.0355529,0.4232243,0.35057524,0.67158926,0.7971729,0.25658128,0.4293855,0.92645913,0.6355591,0.21306147,0.19335902,1.5032817,0.015126209,0.90913063,0.67965645,0.69915617,0.9089349,0.48898894,0.2993898,1.14819,0.48691335,0.42660108,1.1840587,0.64133054,0.7757187,0.42242867,0.6011301,0.87115103,0.8231266,0.62595046,0.5625685,1.0189399,2.1386797,2.2949677,1.265706,0.7010353,0.31171536,2.09951,0.6918419,1.528836,1.4621638,0.32545224,0.09693453,0.3357721,0.37384045,0.8012507,1.0965099,0.76250404,0.61298853,1.0443021,0.82633805,0.98187596,0.15919246,0.87291294,0.7604922,0.90830386,0.38686448,0.8330275,0.85881054,1.755655,1.3163334,0.27174166,0.08966794,0.64155644,0.64545417,0.31602547,0.2672511,0.48492044,0.59055376,0.17637528,1.7309885,2.0914214,2.8458538,1.4890332,2.4487398,1.490991,1.3030335,0.7675507,1.3642468,1.0879562,0.8653089,0.37586656,0.7259619,3.1469746,2.246175,1.1626635,0.052020438,0.055178855,0.9285005,0.15067445,0.059309706,0.6545738,0.19046186,0.767535,1.4035091,1.2120252,0.77980554,2.8079166,1.4936199,0.6696088,2.266326,0.42804822,0.599529,1.0339781,1.2368925,0.75322175,0.3853923,1.2746248,1.8106334,0.22594362,0.9934775,0.91212595,0.576069,0.53261423,0.18254097,0.36112097,1.2564762,1.4214823,1.8171405,0.20245682,0.53358036,0.5170789,1.6334449,0.10592399,0.26646262,0.60554045,0.23961456,0.13392894,0.82717466,1.5107658,0.49509957,1.6123657,0.22588488,0.9552531,0.5000996,0.414458,1.120794,0.17419137,0.09413567,1.3207227,0.5658821,0.37224895,0.09237335,0.16194837,0.34720978,0.14095074,0.43364137,0.82905847,0.2971039,4.3934836,0.35767025,0.72734654,0.61337787,0.49040705,0.06014633,0.64288646,0.6493183,1.1849811,0.29371458,0.7471779,all_pothole_images\pothole_images_enhanced_fa9ec6290918c9f27ccd937542da33b9.jpg
0.91380805,1.7302287,0.33904997,0.5029005,2.274624,0.20315158,2.7387047,0.009010179,0.815838,0.047045562,0.21097876,1.4598091,0.33962274,1.5854067,0.3036654,2.2624948,0.37675008,0.401972,0.64157736,0.21823534,0.33060434,0.0023788034,0.8496491,0.63666534,0.7788028,0.2643919,0.7222295,1.2709193,0.42187834,0.36674786,0.85918707,0.037296318,0.5333757,0.07226827,0.5668516,0.22566849,0.0,2.0781448,1.3887458,2.6048982,0.0069186864,4.0442586,0.0016436239,0.029123653,0.29398778,0.23687862,0.011129126,0.23311356,0.7613122,2.36185,0.55465186,0.39492851,1.004252,0.9140965,0.08481524,0.56248766,0.17880602,1.053707,0.8284616,0.18208933,0.3922816,0.17815337,0.9988255,1.9617132,0.111316934,0.7600152,1.3539045,0.023874259,0.0,0.046708338,1.0663338,0.350366,0.19552653,2.0297608,0.05099866,1.2056484,1.0085729,0.61879855,0.073392846,0.48480573,1.2809167,0.35661843,0.2243594,0.22311823,0.70353734,0.7442114,0.07451543,1.1105914,1.0057935,0.2523051,0.2249957,0.3320735,0.18655437,0.7977936,2.4156353,0.7617857,0.37755966,0.9595409,0.0,1.2870172,0.061665505,0.037855312,0.044731796,0.65711516,0.7709064,0.58635986,0.3221375,2.4730341,0.009147509,1.7262112,0.7505474,0.481671,0.71832895,0.82578063,1.5598627,0.6605904,0.5711688,0.15152201,0.81926537,0.47360054,1.6395665,0.4396473,0.033236332,0.23651627,0.21732238,0.013534949,0.3147872,0.04868346,0.117800094,0.10823371,0.022245077,0.47884208,0.09846144,0.63086087,0.024426587,1.5360727,1.8463894,2.0844555,0.6486215,0.010598445,0.032473173,0.30225226,0.0,0.96697664,0.20647037,3.1170735,0.42781892,0.1171827,0.904477,0.23030634,0.57257384,1.0481123,0.07144823,1.0184255,0.25115895,3.5066319,0.9296965,1.2731714,0.56821984,0.6359938,0.85994005,0.05682489,0.27428597,3.1321547,1.4675769,0.5283082,0.30462474,1.1744845,1.0229756,0.10739178,0.28086737,1.4748684,0.0011166884,1.9648563,0.54959184,0.06461448,2.1050992,3.4909568,0.41076693,1.0438206,0.0,0.2536071,1.2564198,0.5764922,0.6817278,0.0,0.06445778,0.178743,0.9688792,0.7202947,3.4533584,0.00045326812,0.1325406,0.019773237,0.41386133,0.018941596,1.3009167,0.12249748,1.2716888,0.83717686,0.03812773,0.20063964,0.89522135,1.0255575,0.4491454,1.5265763,0.30357757,2.6512923,4.877071,0.996433,1.1911664,0.1300001,0.6930247,0.93311805,0.065152004,0.44857755,0.5817923,0.002799281,0.11556199,0.14850208,0.054383907,0.24032086,1.382648,0.12561356,0.8666125,3.575209,0.7277682,2.579417,1.7348452,1.7266775,0.021567216,2.420523,0.6521282,1.1156025,0.91665167,1.5159795,0.6252428,0.26868385,2.5334432,1.1970153,2.4522817,0.0,0.8652991,1.7628068,0.016343333,0.16413774,0.17853406,1.0327542,0.18357058,0.21182749,1.3605958,0.01184793,1.0931427,0.3762172,1.000497,0.6412033,0.4107553,0.16499004,0.2229259,1.7798945,0.087338656,3.9460561,0.15828797,0.13365553,0.7812114,1.9849509,0.13933718,0.08338508,0.9753666,0.29802054,0.058352727,0.9181764,0.7524234,0.004646606,1.0962056,1.3873485,0.0,2.1201262,3.151042,0.36290428,0.1907341,0.1645712,2.7103944,0.031042088,0.9788518,0.99248797,2.7325058,0.09256942,0.118196845,0.016206311,1.9193207,0.44233844,1.5199968,0.34389195,0.03434403,2.964625,0.78185505,0.009084357,0.79986984,0.2109365,1.7375269,1.7456422,0.18679436,1.2205313,0.58559513,0.6671818,1.2831327,0.4395929,1.8329408,0.011085016,0.7061389,0.29946744,1.8148025,3.3350964,2.636614,0.16980454,1.5873423,1.9354489,1.1571496,0.29356018,1.4693395,0.041032586,5.6622934,0.14687093,2.0253758,1.5679957,0.23349737,3.191603,0.70571655,0.22982848,2.292751,0.5994829,0.042022813,1.8847724,0.43044502,1.5860057,0.90956163,1.2630291,1.7125129,0.38956183,0.0,0.66217756,1.6950468,2.915869,0.0,0.009790833,0.042919222,0.53482753,0.020067682,2.6140392,0.0,2.9062042,0.6800316,0.61894315,0.061966058,0.002527254,1.4018246,0.21739173,1.0137998,0.34804147,2.2402813,2.279041,0.12840751,0.59849906,1.0767097,0.0,0.19444665,0.5421603,0.06148601,0.58393526,0.21794882,0.70059353,1.4456096,0.7506834,0.41940415,0.10527845,0.707749,1.6884212,0.0932569,1.0632523,1.0840073,1.2171224,0.3320543,0.31314152,1.3229278,0.022457054,7.2907457,0.85619783,0.8928934,0.61865115,0.4417191,0.013590338,0.0,0.07394965,0.49409032,0.35379675,1.2807189,0.45296675,1.6199529,0.29799497,0.25853407,1.3512863,0.7011676,0.13018546,1.276793,0.14411637,0.3818183,0.48077837,2.3420644,0.16515775,1.218412,0.07152033,0.26931474,0.058569923,0.48342285,0.5725657,0.99528587,0.55699116,1.6126201,1.015613,0.1387415,0.8862521,1.8773623,0.14353183,1.1120423,1.370877,0.0,0.7655988,0.29674053,0.47973713,0.23928392,0.7471139,0.03113369,0.34170812,0.7378063,0.5548803,0.43415582,0.7349525,0.02122241,2.5039768,1.4476633,0.0113366535,0.079229385,0.23047926,0.9203052,1.7683258,0.9783611,5.918547,0.47041175,0.19633305,1.2045686,0.017799778,0.72966826,0.77217615,0.3865962,0.38845253,2.4459562,0.0,1.0586498,0.87961,0.49402976,0.13566482,0.35580042,1.9206779,0.3293774,0.20789368,0.32619664,0.92204267,0.12852423,0.061214462,0.2612386,0.3173701,2.4874752,1.2971519,1.4185185,0.35427156,0.70684534,2.695672,0.0028305054,1.6711895,1.1241859,1.3397194,0.03996711,0.09336345,0.016291248,1.2859126,1.3217583,0.18847634,0.011562506,0.14015162,0.007923033,0.35490042,1.2081448,0.5762932,0.36674476,0.08446609,0.88984466,0.0040371018,0.3888783,0.5308696,0.48103994,1.4703661,0.9525922,1.1253456,0.085720524,2.331863,0.0531701,1.7768661,0.4896448,0.054981813,1.0984528,0.943983,all_pothole_images\pothole_images_enhanced_fb3bc601ac1e4e58986483c702c0cf8a.jpg
0.2669219,1.3307542,0.2833645,3.233574,1.8612496,0.23181032,0.25261104,0.023950674,0.17508939,1.7869477,1.9807636,1.2918408,0.29360327,2.5872724,0.02530854,0.38878486,0.2655878,1.0118217,0.65269417,0.029903494,1.7097781,0.56168884,0.23452228,1.7000993,1.0918951,0.14285825,0.3275018,1.6601416,0.13602015,1.4195803,0.61084,0.009393601,0.9390996,0.7739526,0.17460915,2.5162206,0.83110106,1.040644,0.5990117,0.40550372,0.0905688,0.9035335,0.10161073,0.56616867,0.16326194,0.83218193,1.5938087,0.14019854,1.5435497,1.1123695,0.0,0.2610536,0.015011531,0.20352861,0.4109855,2.243721,1.6398926,0.46977696,0.7018743,0.026008751,0.89631224,1.4296162,0.50914544,0.10837155,1.5270706,0.8881068,0.13842203,0.26486158,0.6200668,0.80150807,0.6671338,0.16785428,0.81523895,0.55574894,0.3122495,0.11146555,0.5027387,0.5365966,0.39823094,0.041077543,0.26947075,0.96282655,0.64622587,0.6086966,0.17092068,0.005711495,0.23788421,0.045682196,1.4448328,0.63731366,0.89851975,1.3391324,0.8180622,1.6339068,0.109245256,0.24220717,0.24493133,0.8954585,0.15675798,1.4954256,1.1863332,4.817039,0.07958356,0.071145944,2.7598448,0.5154148,0.08323219,0.4374087,1.4998645,0.3787304,0.108357444,0.17657262,0.40359777,0.5016149,1.9614606,0.8045254,0.74569803,0.6976056,3.180907,1.3717364,1.5214999,0.12909082,0.23193006,1.8142697,0.52070993,0.7489653,0.20331573,1.7401247,0.6797904,1.392456,1.6269711,0.06064016,0.20127074,0.58572435,1.0569742,0.29117593,0.9821426,0.7467031,0.24225612,0.5158375,1.8391753,1.550643,1.3301712,0.17037645,0.14003375,1.3194991,1.0156928,0.1897498,2.0871522,1.1884481,0.059632067,1.1176872,0.34318006,0.17081581,1.3845115,1.0396285,1.8054043,1.3977077,0.57511264,0.9597677,1.6308113,0.6005334,0.631249,1.3911871,2.4086337,0.35924852,1.6202496,0.42788595,1.6151738,2.5753021,1.0268261,1.1726471,0.12478137,2.845688,0.21905284,0.28030965,0.4363795,0.08230886,0.828489,0.23453008,0.30591545,1.8968813,1.0352628,0.5944533,2.3404129,0.410341,1.665768,1.1915551,0.31540212,0.6864392,0.26348332,3.016799,0.7846884,1.6756778,1.6211337,0.454332,1.0227746,1.6392876,0.8209398,0.15254723,0.7517273,1.815003,0.35911477,0.047734488,0.33168176,0.33195597,0.4870647,0.12993723,1.3714815,0.7774798,0.2998685,1.0795503,1.2791455,0.67874736,3.4521284,1.9494915,0.29871178,0.38309765,0.078096285,0.798622,0.2662265,0.04121357,0.68326294,0.020770509,0.35996985,0.4966734,0.386644,0.41423663,2.9094532,0.4636314,1.0300424,0.7107334,1.6696606,0.7214041,0.35580152,0.17776823,1.9801271,0.24056765,0.6337018,1.8809521,0.0,0.09271887,0.40209928,0.737096,1.8062383,0.92863744,0.3554494,0.31560504,0.7600235,4.064679,0.3649997,0.07294388,0.25438467,0.8177092,0.56089765,2.021651,0.16064163,2.299373,1.4006782,1.9955547,1.7614667,0.61151844,0.5817758,1.6949795,0.020298067,0.4850902,1.98248,0.6469691,1.9813763,0.7924559,0.18113144,0.15774094,1.0720519,0.43746713,0.10694782,0.07403661,0.82838786,0.096308425,1.8059845,0.8500106,0.99572057,0.4624236,1.1369758,0.32856095,0.13020657,2.1693597,1.0525669,0.7103846,2.0058835,1.3524293,0.1478065,0.13445137,0.18468212,2.529976,2.378739,0.20350744,1.3359407,0.3590028,1.0174464,2.3359122,1.453182,0.40859783,0.1687253,0.40977243,3.5194838,0.25575757,0.16735308,0.7386569,0.57522076,0.6967555,1.2332551,1.3436403,1.7938981,1.9693644,2.4616296,0.30447146,0.23186928,0.5798255,3.2907228,0.34247577,1.4052086,0.6343908,1.43097,0.46828705,0.01252721,1.0081187,0.03063738,0.09595869,0.8509449,0.69466406,1.0099856,0.48724198,1.2925171,0.0283519,0.29540652,0.0,1.0818875,0.36057144,1.4748806,0.5101688,1.033006,1.057798,1.39725,0.94703037,0.7518097,0.58060265,0.7325908,0.16727984,1.1019698,0.45907226,0.4658203,0.36164078,0.06942745,0.6686753,0.61565346,0.1464806,0.020836392,2.3017726,2.3413382,0.48022935,1.5675397,0.40810844,1.0824307,1.0321307,0.0788998,0.009637677,0.12932448,0.14600411,1.1402832,1.2974621,0.48994535,1.1162376,0.9005521,0.7046029,0.60949814,1.5130394,0.16880222,0.0812289,1.1008432,0.8887704,0.92274666,0.0033436946,0.13885157,0.6596414,0.7298856,0.41534492,1.4429022,0.43092933,0.8538203,0.6927172,1.9770473,0.22256674,0.39317918,1.073104,0.0,0.22068217,1.3594192,1.2193023,1.0224092,0.3329399,0.00041796657,2.0588324,0.4487285,0.003391455,1.2444913,0.11307889,0.27841064,0.116533704,1.2889981,0.43686628,0.2554244,0.39943376,0.08234634,0.08346168,1.0072932,0.70445484,1.109781,1.222027,0.22596724,0.06966668,2.0955846,1.6257117,1.3077947,1.6072918,3.204644,1.6659776,2.3888617,0.573426,1.3508816,2.819967,0.0622739,0.7215482,0.67845184,0.052719675,1.3359686,0.5831043,0.5753475,0.5149445,1.749202,0.16750649,0.82938445,3.7700317,1.9722211,0.012801784,0.25624377,0.1570232,0.6603644,0.3124158,0.2978947,2.2228286,1.450032,0.34196395,0.72399527,0.9711378,0.8156283,0.61606556,0.6987615,0.6708942,0.96203595,1.9045432,3.019748,0.712181,0.7035056,0.53395903,0.5647164,0.119118765,0.17669004,0.24821071,0.6303948,0.93993366,0.07185477,2.2342615,0.035904665,0.6896197,1.8328298,0.0019796083,2.718609,1.2944278,0.06680779,0.010143707,0.07989294,1.400787,0.9699934,0.8038579,0.53089803,0.16697311,1.0076255,0.015655365,1.1622391,0.5314283,0.679746,0.08214269,0.72180265,0.07358746,0.1279553,0.015349337,0.2058655,0.25140792,0.32165557,1.0785099,1.863109,2.648178,1.0057263,0.47046232,0.5033394,1.9648085,0.20990461,0.45906854,1.2496696,0.49339333,0.46396732,0.33206448,all_pothole_images\pothole_images_enhanced_fb56229067dab3d14b54fbc29d507dab.jpg
1.2616524,0.7982882,0.17402644,0.9378889,0.52360696,0.058576092,0.1694589,1.5911183,0.2441577,0.98239577,0.5018056,0.24654257,0.75234455,3.1383712,0.34054136,0.06437518,1.39885,0.44334754,1.9308076,0.7453453,1.7904395,0.86733717,1.6290047,1.4975275,1.5528734,0.6388765,2.1112542,1.2517239,0.6051402,0.6509374,1.0894854,0.3714208,0.8254754,0.11792355,1.6047497,0.35447463,0.28916162,0.6073016,0.3180552,1.358217,0.2880755,0.15433101,0.23363164,1.5379257,0.71503305,0.6969237,0.39300123,0.4841598,0.41948688,1.0033436,1.1202167,0.5568752,1.1527842,0.80616444,0.27557224,0.29425162,0.94924957,0.0,1.6713198,0.15318543,0.19666424,0.044886354,1.3473613,0.40282464,1.7917984,1.4157543,0.49897125,0.49485037,0.23934625,0.5006365,0.43826312,0.5741204,0.26188084,0.36283943,0.5607389,1.1901405,0.5205692,0.75864846,0.8222753,0.48274395,0.7477567,0.4681549,0.41231403,0.06252414,0.93510133,1.6701154,0.039097164,0.21786591,2.0133438,0.07636418,0.08806871,0.26689133,1.3169425,0.42384282,0.29527685,0.5823,0.7316473,0.65939534,0.8102811,1.0325668,0.024468262,3.2716737,0.16212243,0.54458326,1.8388216,0.01899505,0.73851264,0.9712082,0.10023391,0.8315836,0.86074483,0.7792534,1.6898097,0.3142905,1.317016,0.5742977,0.742787,0.3384611,0.54917324,1.4069719,0.96723795,0.66953236,0.53159946,0.9319338,0.08501952,0.27321494,0.010412585,0.7406659,0.43547562,0.40856335,0.24824333,0.33979046,0.05348538,1.313505,0.0010255052,2.1781514,0.04951187,1.0612509,0.4561802,0.384006,0.45731297,0.6896503,0.58009917,0.89468163,0.8532502,1.1123734,0.32325026,1.2574782,0.44867453,0.3289652,0.4657208,0.24951214,0.77075636,0.13362883,2.3877344,0.32489,1.1012796,0.2995045,0.84606636,0.4955162,0.71790683,2.7424994,0.19451335,1.1755643,0.2455375,0.12191512,0.9745591,0.12444656,1.0604715,0.8430716,0.37622407,0.0,0.3940351,0.32561633,0.80516803,1.0226728,1.1224962,0.32919607,0.53408915,0.5129075,1.8987043,0.776381,2.85123,0.76105446,1.1175445,0.77927023,0.15560406,0.14936209,1.7571983,0.035085246,1.9065729,0.89877534,0.079539105,1.350397,0.2242599,0.7460674,0.11325475,0.70543236,0.57674485,2.3997777,0.69191694,0.7004891,1.0165111,1.1369501,0.05763333,0.23783037,0.32991207,0.20738792,1.23206,0.12166225,0.32473314,0.29530245,0.36312792,0.33124074,0.38139245,1.2370367,2.0318367,0.25919574,1.2159587,0.8316892,0.57500684,0.08334291,0.47798568,0.48116535,0.2596003,0.90970534,1.1161368,0.93531597,0.2667981,1.5272193,1.0437881,1.4423202,0.5072963,0.21036401,1.5632803,0.23475339,1.645296,1.3341895,0.60573256,0.5616001,0.7388936,0.020980923,0.19980553,0.535979,0.8000923,0.021613073,1.2831438,0.9153457,0.5757022,3.0645573,2.2062378,0.12061775,0.7926158,0.050833292,0.7880709,3.1656823,1.2497109,0.3056956,0.43870208,2.140517,0.59638417,0.9594954,1.3691207,0.2531428,0.11387654,0.22979848,0.43951797,0.1908844,0.12545313,0.23247549,0.24293788,0.034857523,0.91357994,1.1837798,0.09478462,0.15459691,0.46291053,0.6707499,0.27714062,1.079706,1.7276832,0.7631361,0.4926659,1.8226291,1.8850085,1.0658574,0.96980095,0.9173475,2.108722,0.19551325,1.4582924,0.42115307,0.19717523,1.1578765,0.289517,0.057585925,0.4030185,0.8199072,0.0,1.9123769,0.11909019,0.40136063,0.21084958,0.052243695,2.6642437,0.90431803,0.0,0.7196002,0.7839349,0.06866942,1.4202363,2.2123406,1.3527025,1.891799,0.29102263,0.695031,0.46592283,1.0789295,0.5598071,0.5348631,0.46263456,0.32456002,0.0,0.51959264,1.2695987,1.4286596,0.28443655,0.848612,0.33256584,0.3713547,0.80890656,0.7570938,0.24443267,1.0068829,0.8237063,0.78447247,0.585231,1.2990054,0.47285393,0.6067675,2.0009573,2.2059102,0.45178345,0.5881379,1.6526707,0.14695951,2.2624125,0.07709898,0.23237444,0.15051599,0.13513215,0.1491045,1.0305086,0.78607357,0.82524884,0.66573304,1.0555916,0.47327998,1.2271819,0.14515482,0.8454809,0.75971705,0.011669687,1.0387725,0.030026285,0.14895478,1.4188383,1.4150487,0.1350562,0.72051096,0.17019431,0.68236035,0.31294197,0.5023629,1.0170504,0.78835124,0.52300835,0.13848041,0.0,0.6090372,2.3569913,1.4493723,0.6238325,0.41446647,1.931006,0.7543724,2.4687562,2.8116245,0.08618187,2.5644326,0.40952814,0.51362526,0.5752782,1.6523961,0.67925054,0.08943362,0.79976,0.66287255,0.81238365,0.3177041,0.040117282,0.24641721,0.80747527,1.1671968,0.6881574,0.7025172,1.0988699,0.62530017,0.13981663,0.68817526,0.673965,0.7129481,0.12135622,1.0344292,0.21391954,0.31040752,0.8505541,1.9706383,1.0197074,0.0,1.2131593,1.5636058,3.0253835,2.2475033,1.965933,0.96983415,1.2467557,1.7254624,1.6247348,0.32114986,0.0064041438,1.5798726,1.5840266,2.6978242,0.56441814,2.0260448,0.030993685,0.7102272,0.12011545,0.15700963,1.3064618,0.492685,0.48577693,0.043000005,0.43080512,0.86757505,1.0180094,0.015045174,0.5580295,0.22582972,0.36573932,0.016318262,0.011984231,0.33498517,0.5613582,0.954928,1.7363019,0.23622417,0.19825713,0.68184125,0.59489375,0.3655861,0.76919895,0.31135228,0.20319939,2.2643607,0.38220882,0.063944414,0.57210594,0.47957152,0.6971391,1.0074439,1.3230404,0.73570436,1.7116203,0.05293982,0.14423917,0.6219182,0.6578872,0.40211743,2.4480288,2.0888784,0.92893183,0.56561875,0.36521363,0.79160905,0.6831718,0.8143435,0.30901888,0.08656474,0.23398536,1.7065843,0.47013527,0.0,0.3643484,0.01782829,0.49505255,0.025077749,0.4862345,0.09404028,0.62340087,0.9384036,0.72239935,0.2845283,1.3987966,0.0055017946,1.0021248,0.8477029,0.13554104,2.908137,1.6281581,0.3954959,all_pothole_images\pothole_images_enhanced_fbb7c2bdd5f66c0a718829ca43df7080.jpg
2.563186,1.1619492,0.32214665,3.0291538,2.067011,0.4922877,0.6363347,0.56901705,0.41342247,0.3617446,0.0026519967,0.9104917,0.090932384,0.2543776,1.2965449,0.0,0.268976,0.24109021,0.12037929,0.3987037,0.79979193,2.357706,0.04539376,0.5002029,1.8088447,0.30753845,0.14630209,1.7470403,0.016812658,0.51517457,0.57300556,0.25727126,1.4428782,1.0658368,0.67002386,0.47584867,0.8908244,0.07106345,0.21005028,0.9341083,0.00039761513,0.014139942,0.29219982,2.1919065,0.56014687,0.44021738,0.25165415,0.2179355,0.2014342,1.5987704,0.66934186,0.60602176,0.6450217,0.07359449,0.0011653907,1.0619353,1.7850046,0.06439085,0.39567694,0.58391136,0.25624347,0.1804669,0.46402845,0.5289828,0.4110211,2.6041183,0.4753887,0.015317476,2.7806275,0.53250736,0.42449233,0.1148233,0.09197293,1.0746033,0.040085975,1.165552,0.22217445,0.9023563,0.029024685,0.43422076,0.59193885,0.51060694,0.33345342,0.6742697,0.15123107,0.67635244,0.60823715,0.80508935,2.4879122,0.3301651,0.46729052,0.14561036,0.18504429,0.3205349,0.07521266,0.0,0.46474737,0.1769053,0.6103607,0.10629066,0.25302342,2.0094059,1.8744494,0.0008102929,0.03315324,0.030994823,0.31704628,1.0080082,0.07444445,0.39737338,0.8142468,2.0167122,1.9837173,0.08405413,1.4562589,1.2269534,1.619516,0.099574514,0.36066326,0.5822719,2.9259973,0.38779625,0.70091563,0.5413377,0.8631526,0.52802086,1.070347,1.0281204,1.8531332,0.0,0.092348576,0.12061167,0.2524408,0.21442378,1.3194633,1.6893245,0.014996537,0.92310846,0.3174723,0.67851466,0.072787195,0.87041575,0.024623903,0.56900626,2.3863757,2.437433,0.06468302,0.06814645,0.31131884,0.07755365,1.2234615,0.56126165,0.50324273,0.023744233,1.0095576,1.2740631,1.8442177,0.063588016,1.1760815,1.1275388,0.4574163,0.5251137,0.0014852604,2.3250046,0.03029589,1.5702622,0.46848327,0.7803818,0.7399822,0.10430852,0.3526331,0.0039545293,0.26052094,0.21817501,0.9736721,0.5523933,1.6721996,0.13097583,0.76479566,0.30491865,0.0,2.0521681,2.1373055,1.2529831,1.1758367,0.0,0.089160286,0.0,1.8930838,0.43616143,1.0616202,0.28678125,0.012723579,1.9882075,0.19918977,0.5885466,0.0014723992,0.2915652,0.0,0.8582807,0.47642788,1.1260083,0.29207915,1.1496578,0.63572323,0.25413147,0.82303476,0.36419487,0.18855095,0.17281589,0.3484113,0.21927357,0.0041707526,0.9360317,1.1529415,0.05986736,1.0398235,0.8368174,0.78561765,0.3274667,1.1228527,1.7178531,0.30491993,0.34942168,0.012707083,0.9518766,1.0432194,0.135826,0.6327851,0.38247845,0.44312114,0.30586416,0.657352,0.12488637,0.37514052,0.0,2.4175415,0.061182063,0.06431523,0.042527165,0.34340975,0.3141112,0.64458835,0.0,0.17680411,0.0039725658,1.2456689,0.17473814,1.1159934,3.0479085,0.65096414,0.9153198,0.76566064,0.013612838,0.54898155,0.6606183,1.2793518,0.26749423,0.15197116,4.106908,0.208707,0.23067112,0.5760882,0.3862554,1.0722445,0.24097335,0.04395027,0.7352127,0.6802351,0.6140846,0.30560067,0.025974505,0.20601027,0.3742188,0.2051367,1.1528289,0.1196718,1.3489288,0.48313767,1.73162,0.29857603,0.03518202,1.5368078,0.009797364,0.097591795,0.053950246,0.98193383,0.05470911,0.6522977,0.2694248,0.84831595,0.7035235,0.7600297,0.7581093,0.07412995,0.02591855,0.21181299,1.8482203,0.15621467,0.7616577,0.29920638,1.6915686,0.24351738,0.4355123,5.8311806,0.39876068,0.0,0.53979,0.3899742,1.0026616,0.13073072,0.9314324,1.6844361,1.6604897,0.16216023,0.66040975,0.19364841,0.5572034,1.6320542,0.10646702,0.005133798,0.64182407,0.07849062,0.17951736,1.3391035,0.41717318,1.1698717,0.25731304,0.74224776,0.120043755,2.2687178,0.4163351,0.15433374,0.0869307,0.0,0.5966575,1.5127162,0.21389662,0.37014163,0.80518013,0.18031959,0.87321836,1.6370442,0.094435476,0.8617443,0.26445362,0.65042424,0.07512687,0.6639454,0.37367252,0.62305903,0.533849,0.162814,0.9226902,1.3362957,0.09717538,0.6399779,1.0183507,0.25523353,1.565479,0.11708536,0.09071728,0.31305566,0.18540332,0.0,0.22033033,1.064629,0.59107816,0.48714274,1.6603138,0.82063824,0.0,0.08310779,0.34159723,0.18452185,0.5335797,0.18430443,0.45909032,0.4490162,0.7216594,0.2883452,0.005641407,0.24693057,0.1828064,2.783251,3.816686,1.7089821,0.13560408,0.07608472,0.14100361,0.31734878,0.6936448,0.013467125,0.12258307,0.32117444,0.24342677,1.2018267,0.120994106,0.0005365732,2.0232763,3.2274928,0.18245734,0.28090557,1.3931831,0.0631416,0.17919058,1.0200189,0.7856706,0.34792268,0.9219094,1.4450954,0.5617747,0.102686666,0.6241043,0.3868379,0.91877323,0.37495074,0.26089394,1.8131186,0.2830979,2.1918929,0.37234423,2.4284432,1.5893469,3.752177,0.37304127,0.63998365,1.6818793,0.5856637,0.4546222,1.6486753,0.18883736,1.1007138,1.3328162,0.098473996,2.795907,0.6062327,0.949522,0.035837132,0.6865082,0.71291023,0.3980032,0.0,0.6012423,0.19152075,0.31139144,1.2971675,0.13324867,0.8833937,0.5627079,1.5476323,0.4107698,0.33353087,0.4809643,0.7578004,0.2892885,0.21661091,0.26687142,0.17133658,1.772873,2.2317057,1.0742776,1.271313,0.17736933,1.0104011,0.0,0.33957982,0.3245957,0.08483525,2.0268874,1.2194244,1.3216484,0.1841169,0.11994108,0.99176663,0.1338556,0.30553892,0.91188073,0.3619061,0.29846174,0.054897282,3.2504385,0.059437945,1.3153833,0.29920396,0.0076162852,1.5369141,0.28746796,0.8294606,0.027403394,1.3118348,0.8687025,0.06682014,0.7575575,0.09471248,0.0031784773,0.49769294,0.01969361,0.118274435,0.22889146,1.0117779,4.2768373,0.20090862,0.472062,1.047704,1.222449,0.17790139,0.037254315,0.038572576,0.8048852,0.9095223,0.6192095,all_pothole_images\pothole_images_enhanced_fbca480de9b614fa5c76c7bf591a5cd0.jpg
1.4058422,0.6925812,0.0034136532,2.6104565,0.6322702,0.38591644,1.0941356,0.44221333,2.0211823,1.1007881,1.5868075,1.1953195,0.76622933,2.3367445,0.721876,2.0067828,0.87052596,1.1461315,2.5069337,1.1164881,1.367881,0.7492171,0.028668916,0.70725185,0.86245257,1.6398636,0.4048123,3.5848591,0.3678288,0.23418939,0.08093395,0.9297694,0.17136425,2.7567587,0.008335664,1.594832,0.010598483,0.15116882,1.1898986,0.21278219,0.0,0.075889535,0.46772274,1.4610264,0.5459483,0.6766048,0.90411234,0.12895097,0.7743238,1.4598655,1.4296825,0.083631,0.45722798,0.3934831,0.5382604,1.9456528,2.0897548,0.6191692,1.1620326,0.2513485,0.88260275,0.73106086,0.81600934,0.43169823,0.92035764,2.114548,1.0055785,1.0677489,0.27169684,0.41981632,0.7644699,0.062907174,1.7208221,0.44673914,1.7844285,0.23758687,0.31257087,0.44815406,0.70360315,1.0848167,0.20674577,0.6785869,0.0,0.30593306,0.43500346,0.19583774,0.10392438,0.6189267,1.9007437,0.9264095,1.0668728,0.29186103,0.65811497,0.9412707,0.734756,0.0,0.4962285,2.1198173,0.2738277,1.3207272,0.0,2.6014903,0.8925085,0.33201313,1.5415301,0.17965657,0.15175337,0.04291043,0.02603732,0.37272167,0.03466935,0.23700495,1.8328792,1.3010591,1.0230083,0.47498694,0.18490839,0.5846494,1.9049634,2.374755,2.428523,0.46398965,0.022010708,0.946543,1.5083791,1.0864218,1.910881,1.5180502,1.122154,0.12254208,0.257293,0.23800966,0.014051881,0.79196763,0.68283856,0.9135379,0.75233525,1.3007503,0.08184287,0.24757972,0.08942453,0.22335888,0.5204275,0.24420694,1.7004702,1.5555835,0.0,2.2791228,0.86264473,0.33005065,1.354974,3.6533446,1.0392467,0.03931407,1.6319982,0.88444644,0.5146026,0.5040186,0.83877313,0.61411893,1.4757457,0.6410539,0.08780764,0.72482157,0.6786279,1.7864722,0.23953159,0.19022729,1.1695865,3.8855522,0.41095942,0.1391318,0.3921855,0.31407502,0.078728765,0.30935287,0.55024034,0.0070255008,0.38985738,0.019675812,0.4707704,2.1735213,1.2251464,1.3871771,0.69141394,0.34055975,0.6281621,1.1113127,1.4705501,1.8499126,0.59240544,0.14197108,0.5913951,1.2123278,0.17114736,1.3504813,2.8575797,0.0012259398,0.8829374,0.13830069,0.35112306,2.9116273,0.17721586,0.4702558,0.012997673,0.24257547,1.620572,0.25231975,0.45614046,1.0261347,0.059313968,0.00088509225,0.9522293,0.9195667,3.4300892,4.258275,0.5483025,0.8646948,1.4079686,0.3406042,0.47252205,0.74389577,1.6463003,0.88514954,0.17221488,0.16214783,2.471324,1.9608419,1.3528541,0.59436804,0.0,0.18050677,1.679321,0.364527,0.17267606,0.22485374,2.400182,0.42276677,0.2671533,0.08655478,0.15475422,0.12012733,0.60161287,0.47704348,0.011866384,0.0,1.304983,0.20887102,1.1321942,3.7136266,1.678912,1.1082671,0.27651912,0.7591634,0.9964081,0.7173292,0.75242925,1.913022,0.0,4.5508647,0.83370847,0.0748554,2.5145822,0.36726448,0.29260004,0.13165012,1.4290955,0.21717492,3.890529,0.15584172,0.71455795,0.12866195,0.9140349,0.484055,0.036010645,1.1752772,0.4602758,0.3670588,1.1664221,2.2046664,0.43199527,0.3834474,1.4134917,0.18855695,0.39823976,0.0,0.29719433,0.26049536,1.3088409,0.23420471,0.60240793,0.20983855,0.92489076,0.72524834,1.0592297,0.1511335,0.26698765,0.4037196,0.7628287,3.6477168,0.2421486,0.59426546,0.36103606,0.7448167,5.792645,0.23330976,1.3887861,0.65064335,1.4140528,0.049925786,1.5518094,2.5458884,1.6516396,0.9609719,0.38594607,1.0976803,0.29618943,1.4185071,4.168671,0.35088456,1.0742701,0.05217619,0.800323,0.002783713,1.239209,2.0427942,0.1553044,0.34282106,0.4086404,0.055504117,0.8787837,0.20322558,0.77915955,0.29687,0.014863805,0.24258868,3.0801117,1.3796661,1.0826788,2.815335,0.6775337,0.069540225,2.5000074,1.1760377,0.79015434,0.32931826,0.6879319,0.35180047,0.06908002,0.28835678,0.79919,0.43667552,0.88198966,0.4018828,0.48201257,0.31552,0.14873701,1.2993755,0.8274374,1.7062159,0.7879581,1.0712806,0.5142027,0.7809042,0.0,0.4421674,1.3619679,0.006686782,0.1665825,0.05611773,2.5856016,0.13796246,1.4930404,0.171181,0.067502715,0.5680728,0.11196831,0.11884759,0.886447,0.10626758,1.8403246,0.58789,0.1679202,0.0037558184,3.5266948,2.3746295,0.8590332,0.11741264,0.8016087,1.948602,0.8553358,0.33735394,1.4989263,0.13318157,0.039703265,0.09857127,0.9014728,0.31584093,2.334199,0.0032426948,1.397986,1.4253542,1.2197104,0.2946071,0.292693,0.910417,0.44467714,0.67580396,0.2883579,0.39613768,1.9067026,1.756093,0.54992867,0.57670856,0.046278924,1.0754895,1.0324248,0.22259809,0.78270066,0.6266435,1.5439804,1.6040757,0.5527641,0.5316004,2.877874,0.28754213,2.0638208,0.03452717,0.4914395,1.190646,0.35469797,0.91704696,1.9155924,0.64901817,1.1629788,3.0442343,0.83943284,0.4282905,0.0029971323,0.4226855,2.0993886,1.4281332,0.6391782,0.40954733,0.40454546,0.011906887,1.9455903,1.483376,0.043483414,0.9274104,2.4908555,0.43270585,1.0668911,0.8032719,1.1879789,2.512572,0.3243125,0.26108783,0.17545462,2.3267293,4.4761086,0.082671255,0.85520184,0.10434898,1.8360088,0.17380272,0.17546485,0.0,1.4140148,3.9668405,0.96344227,0.3840222,0.10795381,0.004623632,0.76718026,1.7870506,0.4310808,2.5398707,0.756516,0.21208274,0.69516903,2.910414,0.5254455,0.71677285,0.012918342,0.04523046,0.43147355,0.15727898,1.5542945,0.03554773,0.5268676,1.4412676,0.37198895,0.3066935,0.2094112,0.1627303,0.31239343,0.18652658,0.4161998,0.16571333,0.33441025,6.7190495,0.3370093,2.170694,1.0181147,1.1265309,0.37539244,1.0724128,0.06015727,1.1028564,0.33313736,0.55824775,all_pothole_images\pothole_images_enhanced_fbd4f4108ee3eda763f2e30e5c5d2987.jpg
1.386903,2.057756,0.5300835,0.85394794,0.7741945,0.64563143,0.4948629,0.12535568,0.3637666,1.8633074,0.5337819,0.17137149,1.5767819,1.2104927,0.47097766,0.43281388,0.27412283,0.061939087,0.6952673,0.1412105,1.0370334,2.5229344,0.16266027,1.387855,0.83313346,0.54930913,0.25773787,1.3553554,0.7674075,1.2306697,0.15907975,0.37254396,0.8028843,0.29084578,0.7134052,1.0784682,0.6067796,1.8561281,0.10265513,1.177272,0.2586042,0.0,0.13344796,0.53978354,0.63010436,0.46475834,1.0454991,0.10928672,1.0084528,1.0812631,1.7161298,0.5841315,1.6479584,0.27389514,0.12533373,1.158097,3.1887617,0.41961253,1.4959586,0.27153897,0.35529342,0.09879766,1.2352002,0.12973899,0.42044112,1.6251441,1.1008719,0.27066448,1.2230555,1.3097855,0.42723668,0.64116716,0.69445086,0.48917544,0.41572353,0.5556607,0.73313266,0.69213635,0.35976174,0.9412183,0.9048784,0.140863,0.037529077,3.2062974,1.0547996,0.23662843,0.2505323,1.4181749,3.925106,0.2930117,0.2332031,0.7942193,0.03342118,0.022711964,0.07468558,0.6084293,0.166106,1.3201275,1.1103774,0.34809446,0.6536908,1.3203665,0.3635355,0.27205262,0.34849408,0.1062167,0.03656071,0.27428302,0.32178026,0.06657015,0.57668877,2.752927,0.53698945,0.01791541,0.90204036,1.5756596,1.6855705,1.0483323,0.555648,0.36184278,1.4279009,0.40956548,1.6791338,1.0669848,1.0926613,1.3557528,0.36869454,1.1886954,0.31357655,1.4390414,0.5547977,0.19685142,0.09822063,0.40118515,0.82231146,0.36697954,0.69747466,1.8635235,2.9599185,1.1576257,0.9763764,1.1707376,0.0456251,1.5730416,0.4159419,0.27596384,0.36628392,0.12347081,0.09063376,1.9950533,0.96073085,0.51789814,0.4890726,0.19817533,1.3198638,0.78756565,0.8545157,0.62577844,0.8277991,1.4968888,0.49783328,0.087307744,0.38720033,1.291776,0.026027849,0.30253384,0.27901477,0.98664427,1.5416677,0.077032,1.2401749,0.033351317,0.057555452,0.89674705,0.44011548,0.006471427,1.217078,0.3657502,0.13386048,1.2688404,0.6365703,0.3845379,1.7273699,1.3653904,1.4409994,1.8219843,0.8230189,0.3329638,0.45149618,1.2131413,1.0495651,0.11777282,0.008409725,1.0069778,0.5392439,0.36785713,0.18815768,0.09866834,0.16434938,1.5222124,0.6647395,0.25632036,0.12508987,0.17837423,2.1785038,1.0490601,0.68681693,0.9403211,0.052827332,0.3177933,0.13867892,0.68482137,2.5118198,2.5205615,1.413931,0.595786,0.66725594,0.9106901,0.29100758,0.088801675,1.5044186,0.020148233,1.1206176,0.55527544,0.0020255465,0.80744296,0.7552742,0.7865207,1.3001379,0.010572516,0.013093527,0.5678617,0.89754647,0.9110596,1.4535444,0.094721444,1.7365439,0.15194677,0.0,0.2395392,0.13733754,0.015861822,0.0,0.24556638,0.057354614,0.08632089,0.45551798,0.26887363,1.276203,3.4182222,0.46971613,0.25511643,0.33163354,0.41033876,0.5958046,0.15958193,2.8759491,0.21581852,0.46357983,2.8544965,0.20708646,1.1566398,0.4742129,0.790449,0.4421437,0.7864525,0.12094976,0.6448625,1.344375,1.5088133,1.3056865,0.69836783,0.18581896,0.48039588,1.4070883,0.9192347,1.3965871,0.09316238,1.9633775,0.61048305,1.6411933,0.37116253,0.007031056,0.026230864,0.46629936,0.6675321,0.7407047,1.1950417,0.28341162,0.2713543,0.2139844,0.09981334,0.37396803,1.0145843,0.91392314,0.5005779,0.82805896,1.033461,0.9623882,1.8033528,0.060412236,0.57361585,0.32377005,0.25231248,4.6626434,0.8410207,0.086776614,0.5708062,0.5853836,0.41482842,0.7938243,0.26084504,2.4889119,0.6015762,1.0370091,0.34012407,1.6319185,1.1057322,1.6776149,0.35749194,0.13112694,0.35537586,0.024274146,1.5488571,0.89758235,2.4102776,1.3139374,0.156479,1.674452,0.6468039,2.7385721,1.933575,0.14152385,0.0,0.1234526,1.299349,2.1297956,0.15401286,0.41468635,0.4945336,0.8877618,0.4825547,0.74601674,0.005638365,0.4550666,0.98910284,0.51998025,0.4997161,0.91320914,0.4628435,0.8657863,0.63513726,0.4616743,1.7769908,0.19640784,0.016103314,0.97883105,2.4962885,0.8983917,1.93006,0.06846965,0.020056922,1.429462,0.73592633,0.049130615,0.9569265,0.47902745,0.64670396,0.09987245,0.56467205,1.6490825,1.1098524,1.8992289,0.01739252,1.1499355,2.3893034,0.45182812,0.15087703,1.1581488,0.17353664,0.31370428,0.08711602,1.1235977,1.1383985,4.5100994,2.8718398,2.2127512,0.0003508013,1.378701,1.5395288,0.6159168,1.4593966,0.36999005,0.86731046,0.20407587,0.13510999,0.42029887,0.51028985,0.3043648,0.57047814,3.0532358,0.8514379,0.27083644,0.101103865,0.526272,0.013212531,0.21944734,1.316127,0.65659875,0.15038967,1.5409871,0.42115393,0.88182485,0.23732112,0.2572771,0.03297107,1.120456,0.6680779,0.9992954,0.05576694,1.8792344,0.54929906,0.15515482,0.053036377,1.9885873,1.3317908,1.5312408,1.423427,0.18782254,0.5268389,0.7235237,0.22473857,0.09056919,0.6136675,0.74582523,3.801697,1.0425824,1.5551361,1.0823326,1.1428385,0.53277946,0.30651423,0.65226513,0.08332877,0.62368023,1.189421,2.833232,0.72590226,1.3122829,1.8388544,0.4221576,0.567557,0.84092486,0.17087194,1.492,1.8332242,0.38498983,1.257088,0.051540922,0.9124294,0.9307163,0.011156591,1.7498451,1.0497681,0.016836332,1.0903424,0.3644464,0.24350224,1.1929069,0.46435142,0.84206057,1.1125606,0.16209032,0.7060015,0.22329572,0.16813663,0.028284574,0.46363533,0.6167948,0.16882852,1.2476554,2.5197008,0.106604286,0.28124726,0.0021397993,0.25377837,0.9335272,0.10112013,0.3954927,0.18354963,1.3580067,1.2110305,0.87976986,0.00014790354,0.55471987,0.41001084,0.12848377,0.40617564,1.0148038,0.19450836,0.29811922,5.4432583,0.32776284,0.86916566,0.43337637,0.32320762,0.01656135,1.0083476,0.6122937,0.29437733,0.5454368,0.30886793,all_pothole_images\pothole_images_enhanced_fbe8c1d6d241ec88aa6e8c9720988dc7.jpg
1.1298113,0.3980902,0.23342037,2.5200448,0.7003813,0.09615388,0.5391323,0.90826744,0.56081843,0.17693537,0.7979386,0.7326197,0.1376772,2.452039,0.33967248,0.59207696,0.9200148,0.13489176,1.6674471,0.15967873,0.4730247,0.6329025,0.629544,1.2369738,1.5861558,0.34391123,0.06239451,2.2707458,0.3785713,0.50191534,0.39042726,0.22474495,1.2055881,0.08082216,0.036533155,0.9417852,1.119186,1.3864006,0.33468673,0.4393755,0.117577136,0.075886466,0.23123871,0.8962812,0.4746243,0.8138917,0.018401003,0.7659785,0.52611274,1.2783422,0.110488266,0.24724354,0.5721301,0.18033269,0.568972,1.0487207,2.3196967,0.0147293545,0.17287293,0.09676106,0.08052058,0.16138569,0.5602733,0.31002337,0.9758266,0.25363427,0.6269354,0.1854625,0.48089662,0.23775007,0.91481745,0.04786762,0.86228365,0.07030869,1.3070898,0.41068548,0.100105956,0.3382826,0.49711716,0.2780787,0.19194622,0.64365727,0.32431912,1.3734125,0.14159243,0.44271064,0.0138466535,0.25459126,1.0961049,0.6303137,0.54148185,0.0,0.081210755,0.31833944,0.33367965,0.03158953,0.54176414,1.0577992,0.18029737,0.3573887,0.29334226,1.7434026,0.48362085,0.05557816,1.9671836,0.011967501,0.15802853,0.5376626,0.15061444,0.6176809,0.0,0.6499588,2.1632125,0.9402682,1.0554012,0.091552354,0.57466984,0.026354618,0.74669087,1.1022991,2.6118596,0.29102546,0.17376244,0.6957665,0.16128774,1.07853,0.108585894,0.7485138,1.6260046,0.05395947,0.14119332,0.02059227,0.17609894,0.16536324,0.124749124,1.3059677,0.0,1.1774815,0.005667921,0.0026782185,0.659907,0.019655373,0.58861506,0.023157986,0.008935634,1.3594671,0.0,1.3675605,0.062790774,0.15682296,0.5953221,1.6518449,0.12690817,0.0670959,1.3433367,0.75120753,0.47213992,0.110110536,0.8324493,0.07746482,1.3320937,0.423554,0.39564598,0.32289943,0.43692526,0.16656491,1.7834562,0.042345174,3.287109,1.3009511,0.0,0.06482025,0.0,0.06179754,0.20201372,0.20479651,0.21684021,0.0950967,0.63230485,0.030531809,0.57983905,0.7700549,1.1332504,1.8223355,0.6167977,1.3889338,0.40118945,0.24268411,0.079395294,0.49959657,0.094943754,0.046896033,0.57525605,2.2973094,0.013987054,0.10628591,0.41913852,0.49609694,0.6521277,0.7012713,1.72149,1.2180064,1.219545,0.7062482,0.20575151,0.10910532,0.93626773,0.094784655,1.1727935,0.68965715,0.24938695,0.18443848,0.27195555,0.18075924,2.342726,2.2246413,1.5420662,0.3895741,1.1171255,0.18604691,0.53509545,0.13500078,0.38463047,0.6336592,0.013136426,0.02941372,1.2025795,1.3518698,0.9412105,0.17937924,0.0114224525,0.2859804,1.7143489,0.6140274,0.5863991,0.42617399,2.1069033,0.041174043,0.022133352,0.1846404,0.6086526,0.061541878,0.48952737,0.3466729,0.31413078,0.024181286,0.54984874,0.050153214,1.1811342,3.9058197,0.16998672,0.53936446,0.44692415,0.15821205,0.011418682,0.044213325,1.9247828,0.3052183,0.060073145,2.8045728,0.06115922,0.08617592,1.9071716,0.12625305,0.007084982,0.7081071,2.1266468,0.054866225,3.4848666,0.15820745,0.101174414,0.12301435,0.5542221,0.37921676,0.26323134,0.8870158,0.3769593,0.13281465,0.49705216,0.38594443,0.5538251,0.54456365,0.6509099,2.1085203,0.62631506,0.6065241,0.12299817,0.15467422,0.5810366,0.29398006,0.5865225,0.05507139,0.59601986,0.30530605,0.016159294,0.05005234,0.3227431,0.056740984,0.104541086,2.2306578,0.24336964,0.20465685,0.013403171,0.84608,3.643312,0.18025853,0.20741262,0.44423226,0.6271505,0.067644864,0.815971,0.79588956,3.602572,0.86722213,0.08333476,1.026638,0.0,2.7773356,0.61014843,0.3589655,0.7859333,0.10537966,0.053828113,0.26295286,0.23879278,0.27720538,0.5837118,0.061547846,0.19557503,0.14006105,1.3261862,0.5760506,0.21431132,0.0,0.048707124,0.8134357,1.4715736,0.2654195,0.33132347,0.010377484,1.4842882,0.6342362,0.99936527,0.07974122,0.66237795,0.6480519,1.2288569,0.2240089,0.076569155,0.42575914,0.08641088,0.5660315,0.16972265,0.45061186,0.103990555,0.08723743,0.3299374,1.455676,0.7153357,1.0258496,0.25151384,0.81472653,0.63956195,0.5350572,0.0,0.15799282,1.3191787,0.0,0.95730245,0.18644671,1.873139,0.03908954,0.003371811,0.11731085,0.5782231,0.07268478,1.1904297,0.7856876,0.46476337,0.033441193,0.85418123,0.084068805,1.7599076,0.34233278,2.9236517,1.3514507,0.9375745,0.032980476,0.12312423,1.4747657,0.16146119,0.6920767,0.4606474,0.5072856,0.00092310045,0.31665784,2.7434645,0.27163208,0.21086249,0.29512736,0.4944348,0.6211145,2.0285232,0.9329517,0.70622516,0.44799042,0.2988248,0.23293316,0.07991101,0.113711275,1.5991063,0.43194345,0.3584453,0.23800151,0.35156897,0.14807346,1.298922,0.65026325,0.48798198,0.0,1.6347466,0.8009909,0.55641073,1.2619382,0.7866212,0.0005084438,1.1305776,0.1718572,0.85541165,0.5318199,0.24504109,0.8463566,1.1879483,0.03248836,0.2880651,3.6852431,0.10672172,0.20613028,0.008049601,0.8587741,1.6508636,0.16681947,0.28303844,0.1833395,0.4932714,0.0,0.58270645,0.4551831,0.5497071,0.52458924,2.1635027,0.36468127,0.8208889,0.44021377,0.99587715,0.581635,0.67257977,0.40766773,0.30449092,3.4304605,1.2121743,0.7154463,1.4190499,0.14126632,1.9194765,0.19556268,0.0,0.0,0.54177624,1.3967986,1.8758082,0.06306243,0.0022298787,0.77826184,1.6403419,0.33076406,0.022912974,2.225302,0.31135768,0.1683856,0.44798177,2.2874277,1.7172445,0.42083883,0.24388689,0.107243635,0.1270117,0.37429038,0.8662273,0.23298559,1.315009,1.060229,0.08773659,0.00594696,0.26254314,0.101415925,0.2192577,0.4269023,1.0880374,0.62600654,0.22064698,7.0235615,0.50450027,0.3562493,0.4978521,0.30936792,0.8924355,1.0871215,0.10592363,2.159321,0.023157071,0.67012835,all_pothole_images\pothole_images_enhanced_fc078527d28dd4157c4f25ed09c29737.jpg
1.2334789,2.0702865,0.98453987,1.2353101,1.0498978,0.36181173,0.5825821,0.029232748,0.1001504,0.38683438,0.5542166,0.43403277,0.10718091,2.1324637,0.46921948,0.1813994,0.4542864,0.41280645,0.012871211,0.30500907,0.8509626,1.8296627,1.6213541,1.8120484,0.5887187,0.49229205,0.42117068,2.4578297,0.24938284,0.5170553,1.6899471,0.1399931,0.5412507,1.630471,0.41469657,1.1947759,0.6625265,0.7263893,0.14315817,0.26965687,0.5368121,0.42985106,0.9489444,1.0422988,1.3141087,0.8682529,0.3622261,0.0028871645,0.9341287,0.83086604,1.3245974,0.4458833,0.96930474,0.6881971,0.005703296,0.6518852,1.2648352,0.48608682,1.1745499,0.65516216,0.13571529,0.85265094,1.7172251,1.2850729,1.4611726,1.0522252,0.81689,0.18228051,0.25949508,0.7428758,0.61521935,0.98894626,0.7161953,0.16123681,0.7622511,1.1067483,0.44025078,0.43601692,0.44203392,0.1969426,0.500318,1.0107923,0.43047816,0.7009531,0.7416716,1.0222067,0.3599056,0.73234206,2.7141044,0.27779606,0.13545093,0.8263486,0.86429197,0.56582105,0.38390052,0.92665505,0.5030139,0.45003572,1.0098431,0.3667187,0.012858639,1.5955079,0.34349304,0.98443973,0.64652824,0.47325504,0.29441285,1.2758087,0.50431776,0.14307512,0.99446976,0.79008466,1.000809,2.1296394,0.9389876,0.6797623,1.6869366,0.48710123,0.9916621,1.189883,1.5264605,1.0184219,0.67690635,0.3898381,0.71009344,0.7358203,0.47637907,0.37120622,0.40914312,1.9118673,1.4083757,0.5886858,0.3966825,0.6019453,1.4275947,2.144074,0.097591825,0.59510964,1.879417,0.21252106,0.4983062,1.0925453,0.7358081,1.9770918,0.89905584,1.9167334,0.9085873,0.052104,0.2860516,0.7835976,1.3168582,0.033744004,0.33806002,0.3026877,1.9957553,0.39626116,1.4232575,0.5753599,0.56771785,1.2317296,1.8073752,1.3291999,0.29641742,1.5829163,0.5366883,0.15876676,3.7252803,0.572355,2.3925374,0.7669272,0.9183346,0.3551016,0.1617565,0.15251975,0.8454097,1.1229049,2.288262,0.8535466,0.6579891,0.37655312,0.03137802,1.0780113,1.1482239,2.008964,1.1793443,0.85615194,0.82084846,0.2961936,0.44154233,0.34258115,0.550975,0.10092066,0.31259555,2.0470514,0.3657332,0.694619,0.4984339,0.7101741,0.3840925,2.2816133,0.3420421,0.8374627,1.1278442,0.6861575,0.45095333,0.87155837,0.49794465,1.0352073,2.077153,1.1001627,0.40095878,0.72612464,0.894528,0.77397895,0.45601037,1.1813962,0.5953158,0.21674831,1.9169837,0.24513368,1.3753867,0.47977823,0.59558,0.9049334,0.13998127,0.31756023,0.49939016,1.1657903,0.73737645,1.0846305,0.19794938,1.0172273,0.23103568,0.65454787,0.76619005,0.15509193,0.37037843,0.87200016,0.096681505,0.82207876,0.70096254,0.24450763,0.3768596,0.17856029,0.3273491,0.17415664,2.0133543,0.5628827,0.6483928,2.1577594,1.3624116,0.9258375,0.43097156,0.7016215,0.8957037,0.8443845,0.6928378,0.13296843,0.16358298,2.7878196,1.6757611,1.7573595,1.4091111,0.6251326,1.1236415,0.8776417,0.12494463,0.56475526,0.84167945,0.68177545,0.30975068,0.25371474,0.38169962,0.7962807,0.01997397,1.1840359,1.3560158,1.8191892,0.3529556,0.6918341,1.062089,0.19335727,1.0606247,3.0873723,1.9300257,1.6790527,1.525677,1.0368003,1.6256477,0.63645184,0.38183448,0.31403387,0.3637591,1.5261129,0.7302144,0.3185998,0.3944255,0.629507,0.6947355,1.423069,0.355856,0.011766054,0.033852022,0.51598495,3.3070538,0.35550803,0.0,0.5127387,0.045666732,1.2237012,0.45719793,1.4454763,3.2107432,2.1864054,0.73994434,0.2524433,0.23728839,0.56386185,0.561057,0.9995794,2.2025943,0.086133674,0.3387122,1.7624178,0.65186256,1.5188731,0.79881454,0.12538765,1.2425423,1.4598612,3.0220108,1.2749885,0.27197012,0.41285798,0.38285592,0.48537853,0.27250716,0.28402564,1.6907557,0.18288249,0.31964388,1.8587487,1.4082912,0.3937714,0.5589439,0.66267365,0.6524953,0.10465502,0.48598602,0.40857536,0.19127484,0.9411832,0.3013878,0.5577556,0.15919471,0.31845045,0.47165018,0.43498096,1.160266,0.60576224,0.44757202,0.29249918,0.81740534,0.8187635,0.11872555,0.4851727,0.4220031,1.4684068,0.72723746,0.9931902,0.59142274,0.97531384,1.7001694,0.6675585,1.478921,2.4916553,0.16195029,0.09596562,0.8398916,0.546338,1.0768869,0.5525299,0.35734227,0.85878146,2.4532177,3.0402155,2.9529533,1.5613716,0.698596,1.8076769,1.2364026,2.146977,1.7159634,0.9380478,0.84326565,0.60184675,0.4936314,2.2011414,1.4004905,0.7043378,0.9410495,0.5583321,0.19513527,0.71439767,0.15914723,0.49220574,1.0184596,0.58381987,0.49437603,0.82536364,1.2262304,0.9284725,0.69712156,0.25858733,0.3311923,0.11486498,1.0645659,1.5506766,0.5691719,0.54546314,1.2302258,0.773424,2.2795968,2.7324,3.006963,0.8439219,2.2153583,2.5977745,1.1620692,0.87895954,1.2633255,0.36090967,0.31996095,0.017549347,0.43211636,1.6164395,0.8152374,1.4830288,0.5184751,0.98119104,1.2686712,1.2608042,0.04832931,0.35583267,0.28200117,0.87400335,2.9964056,0.47734287,1.8641328,0.759966,2.0285397,0.9194402,1.1088201,0.8179676,1.128658,0.25337654,1.1034384,0.5509067,0.4931997,0.86423224,1.980775,0.6658028,1.588567,1.194832,0.43422413,0.5754814,0.6051465,0.7041024,1.6427706,0.98090345,0.607957,0.4666752,1.2528493,0.089969225,0.693218,0.7402441,0.34516096,0.25283355,0.4973617,0.13142422,0.8718029,1.400226,1.1520767,0.6020665,0.11262894,0.09199405,0.5585554,0.8401992,1.9062222,0.00088670925,1.0427293,0.96016175,0.049223773,0.011610808,0.30730695,0.3292457,0.096235245,0.25991452,0.51038575,1.2167709,0.62724364,2.101646,0.38308537,0.79172504,1.1043383,0.96640044,0.5786703,1.56588,0.13347164,2.0563152,0.17362034,0.24720491,all_pothole_images\pothole_images_enhanced_fc14d16991f7dd849ba0dd7c71c58c72.jpg
0.41363767,2.488512,0.27859452,0.2584143,1.2210896,1.1685954,0.47410512,0.5057875,1.7975246,0.55356276,0.7439888,0.98221993,0.22958104,2.2639904,0.46209925,0.23091674,0.048514094,0.5881761,0.37335613,2.120502,0.8432857,1.5721155,0.15729746,1.3444921,0.04394096,0.874313,0.636462,0.8191906,0.021056263,0.03700509,0.8189369,0.2656113,0.32979456,0.35542747,1.7520757,0.3507962,0.8204276,1.267648,0.98308897,0.72585654,0.18740065,0.0,0.0,0.6104955,1.2136446,0.014256127,0.37662354,0.0,1.4728701,0.57430685,1.4057038,0.48890802,0.7882896,1.1606425,1.3798076,0.3804714,2.4661987,0.72681934,1.0277675,0.6697194,0.33224192,0.25298315,0.9669384,0.06739656,0.4320955,0.6153556,1.6925606,0.03520775,3.5606549,0.030910198,0.5283551,1.4783472,0.13393551,0.14616473,0.9225979,1.0794934,0.05819026,0.6451949,1.2463522,0.37950125,0.9113427,2.3029819,0.28806537,2.1484644,1.9384965,0.768145,0.8309508,1.3166956,3.1804192,0.5932846,0.35312104,0.08385466,0.30417573,3.3087099,0.8296491,0.462025,0.72995263,0.39773256,0.16928539,1.0593511,1.1760433,2.3198197,1.2013439,0.3172605,0.24717128,3.4294872,0.13200514,0.7000496,0.0,0.17195167,2.167349,0.4833315,1.3467377,1.3994751,1.0544131,0.97840226,2.0481784,1.2428035,0.76023024,0.31763235,1.7661674,1.4332362,1.984008,0.26373744,0.42780915,0.20581089,1.2408212,1.1796455,0.44168782,0.2133468,1.3998593,0.540127,0.4652799,1.7414217,1.5401814,0.6015533,0.6506446,0.19046153,1.5628624,0.1516413,1.187848,3.5878808,2.118339,1.7596905,0.81233585,0.0054150964,1.2234855,0.71410245,1.3525014,0.25824356,0.25037327,0.42005634,0.729253,0.11302666,1.0401626,0.62855595,1.4969485,1.1419694,1.2713208,0.36962387,0.64796376,0.07824569,0.6999158,4.6457977,0.8322886,1.3226794,3.947875,0.14469709,1.549123,0.43774918,0.6750011,0.0012604836,2.218383,1.5098583,1.9463986,0.2956049,0.32827353,0.0424997,0.56982654,1.0369272,0.4297041,0.8837146,0.5770895,2.0711594,0.48643944,0.663205,0.41417438,0.2395504,0.2771445,0.31670266,1.166153,2.3217227,1.5605273,0.7347769,0.25731492,0.0887029,0.0066747833,1.7431424,0.569642,0.5070324,0.1624003,0.6471306,0.8764916,0.12019368,0.32625726,0.25592422,0.20216538,0.10427419,0.4259199,1.193299,0.03407087,0.8835608,0.39660707,2.4572697,0.10775785,0.10377309,0.18443382,0.110590965,0.19446844,0.3570851,0.2629454,2.6660118,0.873378,0.30179211,0.0003104897,0.9030023,2.795583,0.0,0.29394704,0.37241328,1.0776842,0.575632,0.5133215,0.04970373,0.0020926814,0.8624446,0.26126346,0.59643346,0.0025778662,0.84673446,0.25558296,0.05807125,0.10320954,0.07261734,0.6247424,0.17695017,0.8294788,0.0,0.34185112,0.43371317,1.9352205,0.70082605,0.83127934,0.09008345,0.098248616,1.1353511,0.008786376,0.6985338,0.63719666,0.71233696,2.3512044,1.577064,0.8617601,0.45416656,0.2919345,0.59270704,0.2959105,0.18301164,0.5080425,1.3403779,1.6576091,0.06108466,0.31256703,0.5408115,0.0,2.591486,2.2443016,0.36208573,0.53498644,0.30697316,0.18056318,0.5220016,0.493064,1.4341214,1.3125074,0.039044615,1.2433715,1.8958064,1.6476823,1.0381103,0.40202463,0.81520194,0.12914333,0.32795942,0.44182947,1.7835267,0.6745792,0.22113565,0.19318783,1.019086,0.59334916,0.38514823,0.06924988,1.3184739,1.4359255,0.2358716,0.1307032,0.37168822,0.89611256,0.4821843,0.6848479,0.1084685,3.7113647,0.81625175,0.05048992,0.33068737,0.7776136,0.104413554,0.0041956464,0.067255735,1.3383956,0.80061215,0.09343791,0.31358665,0.733975,2.0710943,0.08990866,2.261586,0.55492735,3.093108,1.2044898,0.67827666,0.19593216,0.22651623,1.3724754,0.52269113,0.2510311,0.12546599,0.901136,0.45422506,0.43204334,2.5441937,0.45624846,0.4587368,1.6378512,0.6855115,1.1862234,0.1812548,0.08504597,0.98602337,0.08353306,0.17788532,1.3977907,0.60720503,3.273925,0.81783354,1.8169923,0.69746196,1.3836932,0.004017617,0.48177636,0.84718865,0.12789576,0.68288064,0.49847725,0.25738055,2.4550877,0.6540743,1.1680015,0.0017176943,1.4932761,1.2897727,0.67271227,1.3218527,1.4766098,0.08312286,0.08816361,0.36830902,0.020605499,2.6718993,0.52054775,0.71954155,0.7596436,0.85645074,0.8411489,1.1916804,2.674871,0.66166776,2.2618432,0.76032615,0.49653524,0.4185786,0.0980756,0.4810514,0.4093209,0.5433907,0.6801301,2.2316868,0.47094116,2.393169,2.5102293,0.3194125,0.21892166,2.0913322,0.47708663,0.0,1.2193565,1.578612,0.5578554,2.491783,0.028176235,0.31382445,1.2215096,2.1225848,0.025859103,1.1056905,0.6257706,1.2316563,0.98949486,0.32963434,0.069183886,0.5736287,3.321167,1.0882993,1.485041,0.20660193,0.5238355,4.3726745,0.4866374,1.0135719,1.8323832,1.3160201,1.5209621,0.5885447,1.7013776,1.3839871,1.3961259,0.120367855,2.0511575,0.52420676,0.7844249,0.80985487,0.0,0.3028469,0.5262559,2.0113406,3.9455154,0.77404845,0.35819665,0.24594517,0.16971335,0.15322502,2.7105632,0.6051505,0.687163,0.7486818,1.9360964,0.35557508,0.9073687,0.19303598,1.2438898,1.3142289,0.87097484,0.24100217,0.1314614,0.94171107,0.118771434,1.0011448,3.4546604,0.20327684,1.0536413,1.7918016,0.013609704,0.45654187,1.1495094,0.089101344,0.20975584,0.12533566,0.35443768,0.49340224,0.6876015,1.583744,1.3784157,1.6304506,0.93654895,0.4855374,1.6813177,0.25491545,0.0021340512,0.081622764,0.75838864,1.1521122,0.8747615,0.49341926,0.009509785,0.29815108,0.3345816,0.56868446,0.5277303,0.33233657,1.4336797,0.8305553,0.4709805,1.205029,0.0,0.3168188,0.005616786,0.34541988,1.2334373,0.26507455,0.43239662,0.18200095,all_pothole_images\pothole_images_enhanced_fc492aa16494ba947bb56c5d007196a5.jpg
0.6357954,1.6117672,0.5777281,0.8662296,0.1465812,1.3438339,0.016068168,0.60129863,0.5046087,0.63951755,0.6356644,0.33876893,0.041091796,0.009105632,0.7086868,1.6883714,0.5306061,0.11605946,0.06368486,1.1311376,0.25870585,0.781142,0.4593462,0.8765178,0.2112287,1.0572166,0.83554775,0.5844651,1.0147914,1.0053569,0.22662653,0.47977042,1.2551714,0.24547908,0.4562205,0.6368982,1.1103787,0.17521076,0.2649915,0.6804783,0.31405383,0.05648817,0.19685973,0.83639807,0.7279358,0.16982621,0.27186832,1.0585626,1.897214,0.55311567,0.2669402,0.83865976,0.62932307,0.11843272,0.4187006,0.5816837,2.0882378,0.8885293,0.7630702,0.88934404,0.16099893,0.19337451,0.28958148,1.2062423,0.20602977,0.30735967,0.22425112,0.5027481,0.6416697,0.42406958,1.7866799,0.7068671,1.3308843,0.8716505,0.30098793,2.0964832,0.017989095,0.6745586,0.16555077,1.3386934,0.15071364,1.8370734,0.3612838,0.9565957,0.9193521,0.842372,0.7944629,0.8850571,0.8686524,2.9401042,0.2939153,1.4273438,0.9563701,1.4164058,1.1384495,0.8644064,0.07250883,1.3655578,0.22671859,1.0627061,0.0316899,0.23196158,0.013132784,0.4216123,1.1420211,0.4271497,1.0935786,1.476671,0.993012,0.56522757,0.032901235,0.4876882,0.21543214,0.921139,0.21086058,0.20509924,0.8728166,0.17625217,0.82385737,0.25144503,1.3610495,0.5506884,0.13646498,1.19422,0.35307187,1.306471,1.6794293,0.10930001,1.4177134,0.45579764,0.115392946,0.022456752,0.6670451,0.102665454,0.35222477,0.21403271,1.1344566,1.363905,1.7248516,0.14061205,0.10967757,0.4099563,0.87510747,0.46171442,0.052673873,1.0072778,0.029154835,0.6455131,0.006220697,0.2273259,0.11886375,0.8545276,0.76422536,0.15083812,0.85604864,2.0096023,1.2653093,0.5479282,0.24213627,0.40349808,0.75034523,0.82973564,0.24509405,1.251927,2.260062,0.08596969,0.94098336,0.7172036,0.527896,0.058278196,0.12634937,0.65202266,1.3364247,0.48707384,2.209386,0.01773369,0.42724982,0.036017433,0.439666,0.66492873,1.1532425,0.34578073,2.024642,0.8445987,2.5500731,0.7527957,0.4894731,0.9170976,0.31647983,0.3624578,0.0072847246,0.7270514,1.7537721,1.3733678,0.71152264,0.8328904,0.3821869,0.43996543,0.19372267,0.088877864,0.7949718,0.3392699,0.10832917,0.101647675,0.14646266,0.5948543,1.2076874,0.13489589,0.46189794,0.07144486,0.055348463,0.75788146,0.18988103,0.66814333,0.47448933,0.14300533,0.13839148,0.48917794,0.3333285,0.39099276,0.7229592,0.057597693,0.5116387,0.58927125,0.4158945,0.44933403,1.4318359,1.0621881,1.4023781,0.5588839,1.3047937,0.004522014,0.04316831,0.38289496,0.1432607,1.0499533,1.6507163,0.13167688,0.048766963,0.29817703,0.57587886,1.5930948,1.2085088,0.6092287,1.2671881,0.5276574,0.41414648,0.045642056,0.670677,1.6530015,0.4372556,0.26050124,0.33276385,0.634444,0.18675445,0.698092,0.28328857,0.94911504,0.18571791,0.8868103,0.24295963,0.2167875,0.36970285,0.69871557,0.862207,0.45992896,0.093372054,1.0547491,2.2045932,0.48209614,0.8681864,0.12964493,1.1232355,1.2562964,0.78279877,0.70013475,0.4760638,0.45175934,0.23405209,0.13368833,0.81782585,1.3436021,0.17687118,0.7285689,0.87761754,0.053633377,0.3406199,0.20100316,0.3035661,0.7818973,0.75694513,0.021545699,0.022790315,1.066572,1.6943188,1.2259467,0.08541708,0.42304766,1.7353686,0.11944949,0.12552124,0.38018265,0.10439504,0.44502515,5.311174,0.49864507,0.4058992,0.13702323,0.9715693,0.36960083,0.23504189,0.0888435,2.3487349,0.44311103,0.34831393,0.691636,0.2157713,0.51692784,0.8059981,0.31573224,0.75606984,0.71362656,1.7682103,0.23808837,0.50674623,0.7422958,1.4157721,0.3207359,2.0698695,0.91528934,4.8206286,0.3870809,0.013712697,0.38832256,1.080675,0.0010811914,0.72071046,0.84325624,0.29610777,0.07494174,0.65347826,0.66365683,0.79336023,1.1414286,1.0086596,1.1946933,0.28695467,0.46477243,0.6245423,0.71944094,0.02292436,0.93376315,0.12921457,2.0629342,0.92491007,0.010608777,0.94080085,0.5609811,1.0597245,0.20502026,0.3618504,3.9270754,0.4419071,0.4362915,0.22192098,0.0549937,0.04681216,0.34249574,0.025104564,0.43587968,0.95535487,0.23580627,0.051234312,0.5458188,1.7624575,0.2974816,0.25440788,0.26217797,1.1083829,0.9608872,0.11228912,0.56523055,0.1135569,0.585767,1.6948469,0.5232417,0.46576092,0.53610516,0.48437506,1.2648053,0.73076814,0.21391855,1.9332502,0.20853062,0.22490738,0.9667942,0.26148134,1.23252,0.090067714,0.39843413,1.004439,2.6173863,0.53817236,0.8691957,0.0,0.1369581,0.19684845,1.031828,0.22452198,0.65165657,0.22929655,0.18609136,0.057695717,0.35026816,0.63870704,1.3225784,1.1021621,1.3780539,0.053207524,1.1926821,0.51153034,0.38712233,0.80433965,0.12768231,1.148808,0.5615274,0.5088773,0.5141821,0.39368463,2.2078352,2.5474532,0.20707558,0.13300791,1.0229284,0.15707,4.2886443,2.9453695,1.173107,1.0503829,1.284825,0.22474639,0.5038503,0.27700093,0.78968155,0.9275192,0.932606,0.25177544,1.9058183,0.8544757,0.062261682,1.4980382,1.1816071,0.16384137,0.4029794,0.6269113,3.0084875,0.38152343,0.24859938,1.2209063,1.6702896,1.0117747,0.20468459,0.34213263,0.57577676,0.91647387,0.008583642,0.91654235,0.36826342,0.75962967,0.73589015,1.8186693,0.28554848,1.6112108,0.08227954,0.07634961,0.635456,0.66386396,1.1329687,0.056811668,0.6365143,0.14853038,1.5925142,0.049617536,0.0,0.12036279,0.029246746,0.91830426,0.8221021,0.1590013,0.14771609,1.1720215,0.65958095,0.44434744,0.1922013,0.04508724,0.068491966,0.0,0.017551057,1.3325427,1.253287,0.85578233,2.7685602,0.33242485,0.24780343,0.6988277,1.7172146,0.4505614,1.0956603,0.8096418,0.2387309,1.9532689,0.584739,all_pothole_images\pothole_images_enhanced_fcde92032e4fb3a7cca1aa1ea9c275a4.jpg
1.0325776,0.76817054,0.0,1.7820456,0.3649182,0.035877775,0.2520719,1.1228204,0.25045317,0.08016536,0.029390963,0.31234205,0.040970173,0.26144677,0.42571265,0.017874384,0.018020146,1.224236,0.30402833,0.40921244,0.077781945,0.52747715,0.084762126,0.0027378004,0.8628457,0.4470488,2.378703,1.8743333,0.23366663,0.0,0.36685574,0.27628762,0.23771605,0.6785339,0.086917035,1.1574476,0.4202343,1.0812695,0.12782934,0.573324,0.0,0.05656766,0.043661673,3.4791453,0.3612403,0.3238193,0.058442075,0.40351918,0.0067981263,2.3176565,0.047760792,0.74719906,0.5841624,0.057343487,0.54981494,1.6253431,1.53535,0.6572457,0.61468035,0.50062305,0.12833287,0.63238156,0.0,0.30990958,1.4975156,1.5578954,0.7399313,0.53242564,0.007496834,0.20605515,0.45665544,0.7424428,0.5785135,0.078576244,0.5270017,0.0064516924,0.1837028,0.45623285,0.025463741,0.32206082,0.12092197,0.03853655,0.030515797,3.1305642,0.24245656,0.13188113,0.42579666,0.6697414,1.4378514,0.23514716,0.00065629155,0.7044779,0.07335152,0.0010339621,0.12768544,0.0,0.6109153,0.67915624,0.31067201,0.0038987817,0.12562698,0.9547334,0.6879478,0.07199797,0.8347571,0.054954156,0.15808837,1.4657705,0.07874666,0.23102772,0.0,0.09021737,0.83269197,0.32202896,0.19528416,0.27619207,0.5147874,0.0051094396,1.1273938,0.27120012,1.4576576,0.0,0.1696309,0.62714696,0.43402946,0.17458007,0.0,0.65228254,2.5681355,0.03315548,0.76724344,0.4313378,0.14603537,0.0,0.28846574,0.59731835,0.024132354,0.77312577,1.0719717,0.014515722,1.4449488,0.18579292,1.7905108,0.0,0.1726567,0.83029467,0.14951757,1.08378,0.0,0.0,0.17023486,0.34198982,0.0,0.00091399654,0.8947074,0.63233817,1.5582664,0.0,1.8116151,0.08286247,0.43483225,0.7749031,0.41702032,0.39292786,0.08219954,0.0,0.25167322,0.27216637,0.08020494,0.78908676,0.15056168,0.58806574,0.2145576,0.079745665,0.14691103,0.0,0.29534578,0.045674466,0.302698,0.042417493,0.15141721,2.319898,2.5939865,2.8181744,0.8222977,1.1605366,0.5595808,0.10869897,0.06474417,0.89175147,0.00083332387,0.7693879,0.0,1.4297885,0.042831644,0.041387193,0.77303654,0.0,0.2765438,0.08970607,0.13358772,0.67383397,0.57917583,0.32112458,0.015135667,0.32219234,1.1807088,0.24163958,1.1914024,0.07452559,0.0,0.10862105,0.042849038,0.124922186,1.7274126,1.3365972,0.76323783,0.05983398,0.032764316,0.31606457,0.27287826,0.4184286,0.27814737,0.0,0.17861737,0.29592532,0.67350084,0.35600075,1.9401573,1.7819479,0.9897319,0.0,0.18136553,0.09616554,0.15288642,0.0,1.0178579,0.001065359,0.055259053,0.85003775,0.06334006,0.016259538,0.3444274,0.07497515,0.90528536,0.0760894,1.3055091,0.2667203,0.76467884,3.4641778,0.3749886,0.35713392,0.261556,0.2360287,0.20689414,0.27439064,0.37757048,0.63920945,0.05103727,2.117575,0.33793163,0.0,0.7493089,0.3891349,0.7617846,0.119913995,0.26070973,0.6157667,0.3928041,0.03721576,0.018101417,0.1374121,0.13218789,0.61601746,0.13823277,0.9181819,0.14993645,0.23757084,0.15405317,0.77810574,1.608063,0.03546436,0.1507416,0.00023466579,0.27613157,0.13338715,0.49106115,0.08010682,1.3493643,0.71697116,0.08458274,0.0,1.2322958,0.7284373,0.16744466,0.26424286,0.0,0.0073539163,0.25860792,1.5767511,0.6321829,1.5350237,5.686727e-05,0.0,4.186052,0.70517606,0.010688004,0.10821649,0.0081766695,0.55783564,0.63230526,0.3146108,0.04597361,0.7515166,0.58740515,0.2932998,0.0016443644,0.62838364,1.8744855,0.22502506,0.5142923,0.053763606,0.26261476,0.07282365,0.5429462,0.11840392,0.8806456,0.0024444342,0.85047156,0.27374303,1.5113736,0.3969022,0.8926625,0.021240473,0.16960184,0.16284262,2.8230484,0.26769942,0.31373772,0.24473937,0.04174778,0.69725925,0.4838164,1.5808332,1.3523419,0.15113817,0.011299217,0.5298837,0.058902495,0.031320013,0.52366984,0.21535346,0.4923641,0.038083028,0.03296996,1.1889274,0.061189253,0.8841884,0.9779975,1.1033815,0.15002315,0.4624039,0.1378456,0.183846,0.0,0.0,1.5327247,0.007569156,0.8366778,0.40541053,1.4600006,0.082125776,0.24884005,0.0077214143,0.56057876,0.3727297,2.6313612,0.0,0.8580765,0.68898016,1.571815,0.0050159944,0.0062845494,0.4380908,1.7923541,1.4225526,0.65798295,0.007319353,0.08256392,0.0028884553,1.5346537,0.028001498,0.13584302,0.08660695,0.14210555,0.0017460992,2.3845525,0.0014110282,0.25489572,0.28563073,0.8987943,1.1103514,0.5680843,0.6502979,0.16063702,0.008787206,0.09491167,1.0650839,0.018567747,0.23455037,1.6450121,1.2393433,0.0,0.45652935,0.0,0.67897314,0.6300587,0.7193012,1.7430396,0.0,2.953356,0.62625563,0.44881237,1.7059128,1.8886379,0.19277447,0.8713215,0.67107147,0.46715063,0.5400567,0.09482928,0.0027567805,0.4267667,0.04118449,0.5968369,2.95335,0.9924701,0.0343364,0.7190324,0.19098002,0.67290956,0.96389425,0.48960203,0.25431284,0.20954676,0.052436497,0.8056924,0.25318912,0.036212094,0.06426509,2.032969,0.6376234,0.0,0.19375224,0.06394976,0.68088305,0.0,0.0,0.06211299,0.860327,2.9922652,0.020623172,0.21017669,0.0,0.054716803,0.023517027,0.15165246,0.10264184,0.15843283,1.0488142,0.06802473,0.2618728,0.7457126,0.21676563,0.13808037,0.41382223,0.6847945,1.3064597,0.14472872,0.34525996,0.18013416,2.2216907,0.33697817,0.49573398,0.0030952205,0.0,0.06885536,0.576557,1.4752777,0.0,0.012876813,0.8835667,0.009757508,1.2734548,0.0,0.0,0.0,0.14010501,0.41616312,0.15401766,0.11030199,4.866106,0.051620997,0.2644558,0.55818564,1.8196782,0.16337252,0.0,0.07867128,0.42728847,0.54541147,0.49085903,all_pothole_images\pothole_images_enhanced_fd74ebf70cf6d8aeeb231996e9a65e67.jpg
0.9789617,2.4269276,1.6218451,1.2783455,1.0000774,0.6641569,0.8705193,0.013178193,0.12734011,1.1226518,0.60230845,0.0,0.0669006,1.4284406,0.25930187,0.34905145,0.16042525,0.6541482,0.5688553,0.27049565,0.5088765,1.5566083,0.7243048,3.0739079,0.8703266,0.14773893,0.15857427,1.516917,0.06660009,0.44245088,1.6496043,0.23549257,0.40422547,0.63482445,0.4667585,0.8837012,0.6875647,0.6229198,0.4741234,0.8883474,0.61146796,0.18569596,0.26721674,0.25864124,1.242268,0.16639067,0.19300844,0.08280345,1.4530919,0.22978786,0.043363865,0.19823882,0.056479868,0.12013033,0.11529757,0.24813145,2.3388476,0.101682134,0.29354241,0.2555274,0.16012375,0.26151416,0.4359804,0.12416796,0.046112314,0.44806352,0.16680689,0.4670703,0.3611921,0.18673114,0.06237388,0.24810587,0.7806809,0.09268008,0.33473673,1.3673561,0.9967536,0.26620507,0.08992063,0.74729264,0.0014248615,0.2454231,1.1727619,1.3042912,1.120157,1.1053005,0.030444115,0.42746404,3.7688377,0.6451104,0.20906162,0.34574586,0.1363346,0.23564829,0.16437688,0.099914536,1.1887549,1.5124375,0.5717374,0.0029378892,0.20859465,1.6060427,0.42873093,0.4131153,0.5103912,0.60986835,0.15367077,0.39109433,0.6019195,1.5476193,0.31151214,3.8307474,0.35800254,2.0108337,0.20637049,0.86714256,0.9616766,0.16214588,1.6682904,0.76963675,1.246942,1.7875814,0.39700636,0.93998015,0.55976117,1.6636016,0.14331456,0.47492722,0.07858656,0.42411307,0.32849032,0.036007788,0.2402097,0.4052292,0.45250544,0.2666273,0.040798925,0.35166728,0.015242384,0.04310605,0.18044129,1.0195961,0.37707156,0.5212702,0.018282607,0.41503513,0.028534845,1.0833772,0.26530525,0.3738611,1.032168,0.32138187,0.096580915,0.048156008,2.1371758,0.27056208,0.26509917,0.9346103,0.9044146,0.07493491,2.3265715,1.1714276,0.2064577,1.8534843,0.33687845,1.139652,0.9926762,0.008944336,2.27902,0.5177534,0.23022693,0.03746173,0.26149154,0.07442932,2.0560067,0.12724522,0.6335878,0.027514618,0.0,0.08480982,0.019934645,1.7849438,0.96238935,2.9062705,1.0417426,0.3598829,0.37266564,0.15170129,1.2819062,1.6040741,0.36210218,0.471936,0.14275263,1.9008802,0.7516657,0.033214916,0.30228856,2.25578,0.42588225,0.34829614,0.24501835,0.5807651,0.14527021,0.11682693,0.7641335,0.36816043,0.21036527,0.17489344,0.8067984,0.32546622,0.38788927,0.14204338,0.87998664,1.1681174,0.27665594,0.5412145,0.5500344,0.08035609,0.64120334,0.23922789,0.51327956,0.0020565246,0.3447004,1.576295,0.38461328,0.0,1.4145807,0.27805555,0.56443596,0.17798194,0.010954163,0.28644663,1.0981241,0.35966516,0.17800517,0.55330735,1.1869161,0.14416283,0.09447293,0.0022963474,1.1526248,0.405826,0.43854517,0.25284705,0.007520285,0.1543923,1.0548978,0.03516977,0.10208193,3.6070082,0.20071006,0.3457152,0.52910674,0.28123283,0.50695366,0.08155932,0.39794213,0.663322,0.2583353,1.2666732,0.3672928,0.0,0.87160456,0.105839536,0.099457294,0.3097416,0.8833157,0.22120027,2.0159187,0.13137549,1.0294212,0.0,0.1730453,0.7102493,0.9837182,1.4780227,0.4799527,0.26890996,0.1529584,1.0057408,0.019316083,0.058613796,0.95998573,0.12954198,0.43482322,0.42660567,0.14180206,0.5880169,0.03824444,0.37449166,0.29633373,1.0620228,0.06438927,1.2872952,0.439568,0.12470307,1.5440354,0.60057443,0.31745577,1.0798645,0.19592676,0.48918793,0.03181952,1.8504372,2.280436,0.3803475,0.036056224,1.0559062,0.36571515,0.023834977,0.17595567,0.48450127,4.4094033,0.3718806,0.038599037,0.080104955,0.04641084,0.5581303,1.0836375,0.1250547,1.2981774,0.026097175,0.2701622,0.045044824,0.2893734,0.9618566,0.17035432,0.70843786,0.73383075,0.47098523,1.6920985,0.19853944,0.09379959,0.0,0.04427081,0.5455386,1.2152504,0.0,0.29175952,0.18053788,1.2893311,0.47202826,1.2519206,0.0466592,0.51887393,0.19490518,0.542434,0.0,0.0,0.12064222,0.038269453,0.6669941,0.16341925,0.011553327,0.44467488,0.4817005,0.83732736,0.523199,1.1963595,0.7935593,0.15937147,1.1152275,0.2709992,0.14676338,0.0045336196,1.314969,0.40247756,0.1090898,0.73903126,0.48007908,0.9972871,0.43503004,0.40779048,0.065594025,1.0315249,0.45331904,0.5709581,0.2680492,0.013788829,0.31922498,0.42323217,0.34995517,0.7174866,1.2699686,2.0840685,0.8670494,1.4453473,0.26398355,0.42974713,1.9519719,1.6988075,2.3781855,0.4267651,0.51933783,0.026968462,0.35735652,0.4302526,0.3575572,0.110271685,0.0977955,0.2982427,1.5146444,0.6952488,0.87702423,0.20461772,0.11445406,0.12041925,1.4972605,0.08701095,0.06764677,0.119181566,0.22816113,0.5063167,0.67545927,0.010601822,0.07563424,0.9689385,0.059392523,0.40519628,0.23114574,0.7030889,0.2246144,1.5386118,2.4523003,2.5512822,0.50182384,1.3444189,0.81587124,0.15433446,0.6311125,0.49364892,0.4725627,0.24991389,0.24793346,0.7516839,4.9853024,0.23625948,0.1925287,0.19745381,0.49253356,0.37275365,0.3015478,0.011814316,0.19160226,0.4765424,0.037131302,1.3929638,0.16388774,0.5406386,0.9269718,1.3614231,1.2452594,1.3653615,0.74178183,0.88492334,1.9070411,2.583227,0.86971515,0.71684855,0.88520724,0.24481358,0.035166193,0.7054721,0.36405817,0.72242725,0.7590331,0.08463338,0.06385785,0.5374222,0.67369753,1.5182023,0.2371036,0.046975806,0.44552082,0.7373273,0.46376553,0.057119377,0.4262703,0.33862144,0.82165384,2.2245252,2.8605711,0.3657759,0.531296,0.024277324,1.2502708,1.4179896,0.9354455,0.21759617,0.0,0.5394345,2.6912622,0.19955751,0.0,0.14611702,0.0957448,0.51982576,0.28118172,0.3746282,0.524662,0.09403923,3.1442795,0.37557346,0.41200286,0.008985644,0.22997122,0.09065674,2.2131748,0.071425796,0.8312857,0.812016,0.72229004,all_pothole_images\pothole_images_enhanced_fd7e526d2e0f031027d41d8fe9daae59.jpg
0.038414847,0.8585107,0.19982827,1.3121983,0.7012762,0.02470378,0.8898611,0.101120666,0.32034585,0.15852988,0.37144297,1.1872504,0.040745944,1.9965917,0.005410584,0.34606144,0.2639554,0.70337045,1.5797801,0.012204783,0.8356351,3.1689446,0.0017189552,0.6598837,0.2928681,0.36848775,0.22142236,1.43644,0.0,0.33849272,0.60968107,0.14996143,0.09693508,0.016940277,0.16470326,0.8723859,0.19317557,0.6323855,0.603773,0.81565017,0.090794094,0.105121024,0.040939968,0.8457952,1.4071153,0.048117455,0.3309564,0.045050133,0.17410487,1.1554257,1.0387207,0.028659891,0.4234908,0.02324815,0.00561751,0.89280546,1.3778511,0.48803064,0.28978553,0.06897747,0.28090966,0.16380756,0.6564184,0.0031866431,0.063513935,2.324186,1.2594557,0.25520942,0.6086825,1.6595261,0.0,0.36184964,0.20995289,0.0,0.008693147,0.3536831,0.056987215,0.28549424,0.01213284,0.15065387,0.0001545432,0.0629184,0.57767314,2.6892593,0.07677883,0.029987194,0.23681279,0.05346168,1.2061948,0.2901949,0.06448474,0.79282457,0.36878052,0.060293764,0.067327335,0.19705172,0.72752416,0.7779568,0.12459852,0.111155696,0.59936595,1.2422401,0.82245773,0.1823429,0.3368714,0.76505136,0.013970294,0.030852249,0.39247653,0.20484588,0.093048,1.9442612,0.065193854,0.0023419273,0.20286722,0.20662436,1.6375464,0.6186428,1.0511677,0.023300705,1.4030192,0.25844395,0.09538448,0.12531984,0.18079656,0.85057193,0.8528676,0.16441609,0.74162304,1.217292,0.22024423,0.0010250316,0.2785256,0.0940739,0.15955462,0.27757782,0.16116568,0.11037223,0.65591204,0.013389915,0.37114492,0.6405113,0.03765503,1.271788,0.4341194,0.5723974,0.18594049,0.14235762,0.80767035,0.3309738,0.2489439,0.5997144,0.0,0.0077088047,0.995851,0.019746816,0.21971425,1.1358759,0.091790766,0.2277756,1.0409725,0.85724765,0.17031868,2.6496923,0.5194875,0.021246301,1.1852586,0.18125778,0.14089058,1.2974751,0.0050170966,0.0,0.052494574,0.03955398,0.1859436,0.042648185,0.09029115,0.0,0.22601753,0.090895765,0.0,2.3988926,1.0188645,0.0080056265,1.7481273,0.42856935,0.76480085,0.23178743,0.107069656,1.0377314,0.32870445,0.15941924,0.05333656,1.6305649,0.08635916,0.0005090546,0.2428176,0.4405734,0.23648383,0.3822126,0.11358285,0.46030632,1.0087683,0.42434564,1.8051443,0.27915412,0.13730758,0.278538,0.27512547,0.32116616,0.0,0.12875572,1.0833732,0.07729672,0.42482877,1.0092424,0.62874895,0.18126014,0.62559736,0.5791969,0.15866555,0.9858293,0.58617634,0.24919319,0.48627445,0.08877335,0.4275191,0.3247353,0.68435544,0.39526573,0.006967366,0.2577558,0.46585098,0.0,0.3874744,0.050834574,0.62086546,0.12206714,0.07039038,0.18509448,0.035817374,0.09375413,0.43312803,0.308262,0.037600975,0.047234286,0.24999104,0.11986376,0.24800651,5.0804515,3.287725,0.0013872928,0.7321007,0.05498284,0.08926637,1.6601344,0.3867634,0.6253312,0.87805265,0.6326737,0.35674953,0.0048280675,0.21525836,0.66994363,0.3940927,0.23232892,0.091439106,0.2774163,0.96052,0.17777845,0.17182216,0.015668042,0.017986028,0.16108224,0.7983925,1.097646,0.050410487,0.5450649,0.3306245,0.3704366,2.4524958,0.04086128,0.16409862,0.34217328,0.68114877,0.45862097,0.2304088,0.14004946,1.5885539,0.22759897,0.011412527,0.082009174,0.03821876,1.6718665,0.03099643,0.25343013,0.37585747,1.8014106,0.3632051,1.7756461,0.4234626,0.53165823,0.16743757,0.8410011,4.3902636,0.0,0.01804415,0.9530367,0.17778602,0.39757168,1.3604995,0.54309195,2.4852629,0.7853664,0.4125445,1.0720056,0.21900338,0.47726884,3.1912947,0.25488257,0.009118715,0.0,0.14673194,0.69283944,0.3629469,0.4222604,0.56142884,0.016110294,1.0412607,0.2922673,2.3804147,0.39052916,0.5986659,0.008178239,0.24523419,0.08011773,0.805229,0.50430954,0.11789596,0.029956905,0.34480652,0.2158148,0.6240196,0.50808436,0.23822251,0.93498546,0.0,0.07704352,0.8460634,0.91686934,0.058083046,0.083418205,0.16886897,1.1956775,0.021592902,0.09634425,0.196352,2.1432118,0.65998405,0.7038163,0.0,0.08295497,1.1460047,0.009014679,0.005583745,0.13955331,2.8976316,0.30220416,0.0377615,0.061387636,1.7513056,0.0062973164,0.2589787,0.46898982,0.083907634,0.39417285,0.0,0.0,0.2957146,0.29233685,0.45213103,0.006230039,0.647438,0.7651513,4.240996,0.08478392,0.7353318,0.0,0.034738857,2.2067106,1.5760124,0.25124022,0.06436964,0.33169198,0.021085002,0.00798576,0.64936715,0.29471713,0.002591369,0.19203138,3.781941,0.034847986,0.07054037,0.7700799,0.40243557,0.023923425,0.062354617,0.57882774,0.021464247,0.06993387,0.0026151596,0.3636736,0.91173553,0.22845863,0.34572747,0.05387448,0.37762582,0.021926021,0.18861964,0.005398033,1.1794654,0.27725548,0.14301002,1.8796245,1.2998229,0.22630008,0.080938354,0.5047162,0.074803546,0.9355622,0.32957885,0.118215226,0.019554924,0.34249917,0.44633296,2.486495,0.33359748,0.1933489,0.3560049,0.11172111,0.07123155,0.23402278,0.0,0.42110932,1.1778405,0.14909792,0.88874143,0.561263,0.0042892597,0.87918127,1.6329882,0.39296585,1.223245,0.09503107,0.6622036,1.2497265,0.062072843,0.4356275,0.5268082,1.0785191,0.95641416,0.059774913,0.7216284,0.004220375,0.22430092,0.26956803,0.10368481,0.09042144,0.26406473,0.66535676,0.6408924,1.9421593,0.2749575,0.06416534,0.36882567,0.06149541,0.0058401455,0.92107034,0.7803946,0.0058265366,0.44093445,1.500655,0.27019683,1.0786847,0.07941379,0.22933835,0.48035228,0.001562676,0.70183665,0.22693093,0.66394633,1.0536122,0.7431062,0.055083267,0.02443709,0.13924395,0.51845753,0.20972978,0.2970375,0.32685152,0.010471298,3.1075728,0.4749975,0.1373624,0.12285748,0.8501801,0.15693808,0.09674185,0.6473326,0.38667887,0.0,0.61971027,all_pothole_images\pothole_images_enhanced_fd89c5c1d07620886243ba55a8aaa816.jpg
0.12690766,1.2050761,0.0,1.3850832,0.44206923,0.056489475,0.17667872,0.29456005,0.04798932,1.5465429,0.32091787,0.92236334,0.0713175,2.457382,0.0,0.03081152,0.51568997,1.7619677,2.5977945,1.0118754,0.34456238,1.0905668,0.07828739,0.23522866,2.0200088,1.4317913,0.49651265,2.3037243,0.08658925,0.3848252,0.38850504,0.5010714,0.14009564,0.06967744,0.8855561,0.5882802,0.083493784,1.8956311,0.7020028,0.008648394,0.0,0.21062598,0.20255181,1.5926712,0.3445273,0.10241741,0.76704264,0.078049675,0.921868,1.0769861,0.98052275,0.34952658,0.16850117,0.10225821,0.06891589,1.781859,1.1266022,0.8709499,0.7597547,0.21161172,1.3022183,0.21680517,0.7491886,0.1619906,1.1826874,1.9672216,0.12087148,0.03786111,0.14242058,0.3486575,0.94108444,0.12588629,0.35404438,0.08869885,0.27027526,0.0,0.024324901,0.39923802,0.30799523,0.39810553,0.11245614,0.82132345,0.7318265,1.920361,0.02919868,0.017250055,1.1033251,0.037080802,0.72362673,0.010045763,0.05296148,1.3305691,0.85962564,0.50250787,0.0986358,0.10879437,0.24123017,1.4809551,0.34005395,1.0757482,0.6863766,3.0536585,1.3850576,0.004390593,1.8426567,0.35711685,0.62917864,0.4663025,0.06572221,0.03716006,0.012925287,0.43646404,0.6524447,0.41288516,1.0227902,0.4490855,0.017478975,0.077658385,1.8955714,0.053375736,2.8674738,0.016975792,0.25146744,1.8494662,2.1635716,0.49135008,2.12651,0.4757049,1.4942149,0.060829278,0.2943363,0.2883798,0.0921829,0.13078724,0.5308293,0.0,1.1259402,0.14384349,0.946403,0.23480141,1.2251081,0.051996857,0.17958689,0.39137968,0.096211396,0.60769576,0.48829728,0.8929482,0.7785199,0.014010903,0.54174453,1.2882118,0.1096675,0.0817408,1.6581383,0.78135705,2.0188754,0.25169078,0.40553367,0.27023527,1.4442934,1.8517032,0.55931485,3.1019807,0.36161307,0.0,1.7825636,0.27785522,0.44201574,3.7601318,0.0,0.011337476,0.05757534,0.0063384743,0.20738904,0.11594198,0.33161855,0.37872478,0.9682212,0.4663955,0.36932564,1.7574699,1.0503998,0.8040583,0.41060755,2.4014902,0.14884162,1.3982478,0.053405687,0.15369166,0.018305266,0.44659767,0.2190765,1.610718,0.43623695,0.72425777,1.9253155,0.043670673,0.3472239,0.2712464,0.28253886,0.60831887,0.33730793,0.043390263,0.13386022,0.71700656,0.04064737,0.19069627,0.91505533,0.8893456,0.0,0.15468511,0.9029756,0.14944287,2.3766296,1.7202582,0.65051913,0.12744662,0.42482355,0.77868986,1.1706617,1.0355401,0.6030621,0.4309803,0.038445424,0.0036652451,2.1857874,0.47327462,0.9694042,1.054978,0.024947837,0.09612094,0.63415575,0.13573064,0.060315046,0.014266574,2.726523,0.2638284,0.084851325,0.73750365,0.24679618,0.5809754,0.39559212,0.9672901,0.48068738,0.046736635,1.0348957,0.07153713,0.12561232,3.1377196,4.2582345,0.24549294,0.05369303,0.86465716,0.0632507,2.0610476,0.016955078,0.9492294,0.48451737,1.7964551,1.4420991,0.027699284,0.4364079,0.24390586,0.10722682,0.12832591,1.6307044,0.25810432,3.1550846,0.03685391,0.015733551,0.021261193,0.7376466,0.0,0.15948991,0.74376166,0.4235811,0.72860444,0.08486475,0.20206763,2.240124,0.83743745,1.1354496,0.48077455,0.022884201,0.5805796,1.5827384,0.131574,2.3282135,0.06703435,0.013877372,0.050446898,0.017333992,1.2588811,0.35390893,0.1854358,0.1882662,0.84476966,0.19762284,1.4671735,1.2660605,0.6493938,0.6365596,0.090770975,4.8812747,0.090501755,0.8203395,0.4721972,0.11280716,0.65896374,1.3480222,1.7149724,1.0785819,0.43275583,1.394563,0.8273338,0.13243939,1.4930999,3.2859385,0.10408056,0.15845506,0.30511144,0.2664306,1.5035911,1.3930446,0.23637876,0.17292584,0.004846589,0.37277305,0.0057753194,1.2507263,0.38922006,0.60736334,0.28412253,0.25686643,0.085372195,1.4966586,1.107898,0.6310406,1.2485851,1.0575976,0.009662697,0.44580325,0.98718804,1.7261801,0.1640541,0.40854293,0.64195544,1.0175364,0.29568332,1.0005882,0.30473614,0.7464659,0.7864848,0.12511954,0.102790944,0.06322934,4.172778,0.90314645,0.45115712,0.8503202,2.6131117,0.7979482,0.4089019,0.02380217,0.0824944,3.2184215,0.3950624,0.0,0.43325913,2.0817893,0.4150826,0.24041566,0.1276211,0.2963621,0.17122866,0.2239632,0.09099976,0.6850474,0.27521,2.416924,0.11340398,0.29120344,0.6325831,2.050658,0.00032537035,1.0143274,0.012146361,0.0715966,1.1282098,0.7173681,0.08664199,0.81656444,0.5798978,0.22337067,0.26374537,1.861055,0.19117324,0.32209745,0.049664687,1.3270351,0.8491766,0.42850164,1.2255745,0.4243995,0.6940692,0.54963833,2.4065154,0.50609696,0.019824604,0.38225126,0.6841991,0.0068954057,0.53444743,0.016102731,1.1920747,0.23638028,0.53445387,0.9260723,0.266555,3.563763,0.4282289,1.0893552,1.0040326,2.4333174,0.03920049,1.0305513,0.58765066,0.010326147,0.045051627,0.6778353,1.2018954,0.22156006,0.46921405,1.0567149,1.1449956,0.32690835,0.08422022,0.056630567,0.01296863,0.7892302,0.13323548,0.39388657,0.007903478,0.13247839,0.0,0.32490277,0.5549725,0.0025768592,1.8406782,3.7060857,0.14287713,0.11231668,0.018873086,0.3398073,0.58010685,0.04091284,0.018112216,0.13105915,0.11351722,1.6345454,0.28966084,0.7970841,0.044021387,0.53328794,0.30365705,1.1489674,0.058242593,0.21547244,1.0972234,0.29500595,2.1227095,0.96916246,0.65517884,1.4139074,0.09831436,0.6196127,1.74401,0.20850527,0.053090625,0.24040273,1.3386918,0.28021416,0.0,0.09166069,0.10999712,1.1412761,0.0,1.1758127,0.0016986486,1.0428268,0.5346813,1.5481066,0.20555872,0.033872537,0.0,0.603953,0.6227933,0.60395175,0.677769,0.5752411,3.343667,0.36944225,0.39731532,0.83208674,1.1855583,0.17958517,0.67205733,0.016660633,0.035811104,0.43787485,0.05050068,all_pothole_images\pothole_images_enhanced_fda65fc8515416d2ace43cf89bf21dcb.jpg
0.022603758,2.629007,2.1621563,1.226569,0.619754,0.43244186,0.42042607,0.6859078,0.012968075,1.4294384,0.15389337,0.58415484,0.6649424,0.5057956,0.6811209,0.76787543,0.13943198,0.31024033,0.6258508,0.42963594,0.8942152,3.124093,1.1497211,0.96946055,0.49722868,0.71194506,0.399207,0.7838734,0.27584857,0.3929915,1.641354,0.3556726,0.61038923,0.5239734,0.19999473,1.4670843,0.20526686,0.35804486,0.052010857,0.9434297,1.804979,0.27039722,0.30316406,0.1282595,0.43339965,0.41179258,0.86076784,0.0034308592,0.6687681,0.3786983,0.6850411,0.3162333,0.21248041,1.1457733,0.26554248,0.4953453,1.3641528,0.3826284,0.6578372,0.233528,0.049046963,1.2283144,0.67471683,0.31799737,0.24148995,3.4418764,0.443976,0.37392253,0.292042,0.37703946,0.0599662,0.62128204,0.6145386,0.67702544,0.4433027,1.8888181,0.09247091,1.2511927,0.28363866,0.19031526,0.21284862,0.16183197,0.55763334,1.8110083,0.84953654,2.094526,0.4105908,0.78842276,1.8702879,0.68450713,0.08470662,0.16575688,0.12792042,0.56873995,1.3816249,0.9909501,0.8866615,0.36747935,0.39413527,0.9243302,0.22242288,1.3269172,1.1382074,0.003740848,0.03946706,0.66808355,0.09421433,2.095435,0.45467344,0.42229635,0.016971018,6.1012106,0.70146877,0.30722612,0.14804535,0.5597196,4.277301,0.44334513,0.6191618,0.8800332,2.125712,0.6146856,0.33265498,0.9318698,0.035818066,1.0964415,0.63972485,0.46101463,0.43554822,0.44869244,0.94976586,0.091350846,0.22492689,0.43555278,0.1574715,1.1716024,0.09535307,0.087409005,0.34966102,0.46269965,0.71841174,0.47604665,0.6555097,0.587241,0.13869646,0.038148317,0.711096,0.4002508,0.22352934,0.0012934746,0.26800996,0.12163027,0.49484897,0.40603402,2.3711975,0.7816,0.18544766,0.53775406,0.77179843,0.01506457,2.6237185,0.25382608,0.58362657,3.1877508,0.010351945,1.1784713,1.6366409,0.39480084,0.41535,0.39307448,0.013672077,0.12113544,0.80141133,0.0,1.364698,0.022322932,0.92772627,0.0,0.122332096,0.145978,0.27519155,2.2710328,1.9458733,2.115956,3.554091,0.81074816,0.2880536,1.9651365,1.9227501,1.0514299,0.6118821,0.20105213,0.009195333,3.9877868,1.3352107,0.028133094,0.71344924,1.8746712,0.5227806,0.7124946,0.70363677,1.1727644,1.9840131,0.5223432,3.1964,0.65429825,0.26387638,0.64195377,1.1307845,2.776055,0.02620062,0.67780286,1.9224986,0.6609511,0.45544678,1.3415034,0.3921658,0.057706237,1.8041905,0.3058653,0.51284665,2.5901504,0.4951041,2.4934192,0.25337517,0.37069094,3.0332747,0.1374768,0.70114064,0.21420167,0.16271743,0.013005481,0.57103825,0.004803148,0.87699825,0.87589735,0.4916152,0.3007174,0.50492716,0.0,1.5853207,2.0729783,0.2512636,0.09507136,0.16026706,0.028869115,1.987915,0.2756524,0.8377497,1.8913428,2.6302948,0.6076423,1.3682506,0.02508911,0.35403672,0.056419816,0.043334246,0.69243884,1.1367131,1.7641537,0.2509105,0.1577575,0.9953731,1.2181219,0.78487957,1.0373598,0.63521206,0.37478232,2.5573556,0.5514445,0.2907614,0.30277178,0.052222636,0.086166136,0.6524193,0.98124987,1.0636498,0.77534795,0.15332326,1.0734365,0.48941714,0.88278896,0.33972487,0.27725857,0.55057347,0.39212537,0.18691288,0.5547544,0.008459228,1.939813,1.0133597,0.89009655,0.1536177,1.019105,0.00015554021,0.21659122,1.412204,1.4963737,0.4822603,0.1797579,0.16022217,0.41772962,0.51968014,1.0202824,0.22288865,0.7264736,0.012890013,0.5245464,0.75674236,0.13382638,0.6347172,0.7338033,4.1198816,2.7968338,0.17665131,0.29465005,0.44691613,0.004384247,1.0765945,0.32431448,0.2128045,0.45187277,0.025336603,0.7001598,1.436606,0.7047821,0.46035552,0.013591251,0.73912996,0.46116742,3.9606876,1.0516905,0.40178806,0.15146363,0.18814865,0.564461,0.045523755,0.0,0.00420875,0.4436534,0.4973248,1.9060721,1.5851282,0.062418215,0.6699788,1.1360495,0.45019716,0.003303668,0.1850061,1.0620172,0.3174931,0.3680117,1.2867637,0.49035925,0.2753783,2.2337205,0.16540259,0.8989785,1.4350109,1.1254562,0.09069263,0.035546284,0.8230843,0.20134388,0.041486993,1.5528036,1.1179725,0.4132792,0.4063599,0.019696265,1.4923536,0.38656706,1.6138021,0.45140254,1.9514304,0.10349577,0.40586695,0.6216469,1.0808514,1.2479011,0.18470901,0.9818925,0.583829,1.1034981,4.2634206,0.48104352,0.6688337,0.0011353053,0.24736127,2.053984,0.7933304,3.1385605,0.05491582,2.4453337,0.0028097793,0.08698874,0.92419297,0.60892546,0.07864788,0.10619799,5.163509,0.32340088,0.096660554,0.7267849,0.0,0.026228715,1.3530376,0.32721242,0.022857169,0.28482518,0.09580896,0.33882803,1.2436124,0.19130586,0.31128237,0.10581348,1.6303941,0.32256928,0.18868656,0.39973694,1.1460196,0.30987072,0.7658852,1.0615765,2.0411966,0.16835906,2.2015512,1.421817,0.9317577,0.66839784,0.6149541,1.0510433,1.3709071,1.341353,0.95163757,5.82624,1.3055362,1.1033686,1.1522722,0.92781043,0.27055863,1.0452136,0.009869197,0.83565146,0.20245685,0.31748465,0.35680965,0.19769382,0.15564859,1.0936062,0.25080407,1.5083613,1.6102986,0.67536724,1.5803764,2.2960875,0.334601,1.0708808,0.7099677,1.302581,0.04919386,1.3191708,0.8909841,0.46828488,0.46496356,1.3595484,0.8820066,1.3265406,0.43805537,0.6829504,1.916735,0.65371835,0.7075383,0.42881322,1.0689867,0.71762645,0.22988665,0.79426706,0.56374186,0.2874403,1.546307,2.420236,1.8403963,0.597735,0.008302658,0.46108416,1.0059184,0.13414013,3.5852113,0.3910022,0.31051767,2.0715177,0.2171938,0.4038026,1.7779282,0.4951779,0.8181318,0.1602979,0.10743758,1.3067085,1.0847572,1.7920196,2.66214,0.85533994,0.10785355,1.2062804,0.010728308,1.5003754,0.32798976,0.3068796,0.9752776,0.7252946,all_pothole_images\pothole_images_enhanced_fdb628189e2856eb3a5b84438bc5d3c8.jpg
1.3146471,1.412289,1.1643031,0.95923847,0.08421014,0.13858186,0.055097803,1.9663774,0.019272987,3.251395,0.0,0.16650654,0.06815452,0.6489949,0.93181074,0.08565834,0.06432312,0.5177119,0.13565543,0.68434805,0.022960586,2.1948557,0.64181453,1.1064112,0.56582874,0.53838587,0.377975,0.7376987,0.12717165,2.6516972,0.5122195,0.26050574,0.90161693,0.77895665,0.07741508,0.8048567,0.04530462,0.61668736,0.82177085,0.24936877,1.1778319,0.72690415,0.15917383,0.2593156,0.81148577,0.09927726,0.3472331,0.0,2.9484725,0.5426727,1.3360064,0.5525262,1.7544204,0.09635782,0.6555112,2.1671631,1.1136543,0.53301424,0.57428586,0.7530328,0.12942901,0.49866626,0.76447433,0.25572678,0.74070054,2.2438374,0.016822616,0.27136144,0.17060311,0.8445882,0.3736156,0.15546572,0.10637237,0.10328913,0.946228,1.3107711,0.06858628,2.010526,0.73788357,0.14667685,0.034361012,0.77658516,1.1145581,2.56559,0.3723159,0.5339353,1.0995696,0.47390875,3.0723684,1.0857892,0.0027123415,0.4272258,1.4045249,1.0007584,0.9115204,0.8293875,1.3631917,0.21095689,1.0237889,0.21571293,0.5639202,2.3882923,0.37274504,0.019763704,2.2842355,0.57727784,1.244933,1.5770712,0.25490877,0.7158933,1.7294573,2.0397785,1.7920276,0.56499386,0.11890765,0.407568,2.1867473,0.118709564,0.8202927,1.2357136,2.801637,0.32537746,0.5644916,2.5186756,1.4247829,1.5413662,3.47279,1.6234367,0.5822334,0.5700873,0.31740424,0.064419486,0.33082002,0.46496698,2.4413168,0.67756015,0.79213977,1.9362235,0.7455857,0.5892813,0.37858698,0.027819993,1.9849775,1.7527667,0.29271343,1.9420817,0.44292846,0.44572353,0.058578797,0.30648753,0.9186703,1.0563747,0.26547953,0.6194136,1.9072919,1.3053743,2.2131083,0.9358933,0.10682114,0.7349551,0.63651115,0.36005595,0.8080549,6.2303233,0.9721225,0.7177712,0.45644867,1.4247159,3.0836635,0.8245163,0.03175747,0.0,0.4978591,0.042621378,3.5260117,0.23849754,1.4702413,0.25134218,0.21939774,1.3476653,1.2846824,2.5492945,2.5387049,2.5334682,4.060951,0.1996157,0.4355699,1.8405874,0.012076139,1.542212,0.06916367,1.4404864,0.86639464,3.4577723,0.12865345,0.44486508,1.504259,1.7485191,0.29674092,2.8256836,0.9488757,1.6862419,2.9101496,1.017869,1.1230718,0.6642223,0.2244006,0.5841171,0.1445632,2.1993213,0.18365672,0.19528456,1.8045632,1.0512055,0.62492865,1.0954815,0.2559061,1.043148,1.1630572,0.09015828,1.0261174,1.802847,0.46693948,0.58850086,0.11979642,0.4641442,2.082601,0.73152393,0.7653201,0.103286564,0.5294848,0.07589614,0.0012448296,0.5426837,0.22236569,0.12474264,0.98514026,0.27923203,0.16112657,0.36255836,0.41221502,0.24895422,1.1363676,0.9119649,0.51504487,0.24396311,1.0972233,0.48393062,2.0003774,3.293934,4.0356092,0.6998024,1.093798,0.0936239,0.69141555,0.38813668,0.8588969,0.1138885,1.8063782,1.6026814,0.40291253,0.021801447,1.3873683,0.40158454,2.61154,0.70667315,0.12791029,0.7463603,1.690974,2.1057808,0.28645366,0.43204466,1.9772747,0.37312642,0.717361,1.8731891,0.55044687,0.9341352,0.012948239,0.41764978,0.31958082,1.1273495,0.019530304,0.61818314,4.223822,0.16384207,0.45038345,1.6471816,1.023406,0.18380482,0.0,0.7634042,0.25743133,1.9462155,1.0430195,0.20697114,2.290767,0.9990367,0.49915943,0.5978224,0.21062492,1.2760463,1.0442314,1.2543843,2.1509652,0.37824044,1.0550168,0.37569505,1.24103,0.68759066,0.5811614,1.3057357,3.5587401,1.6664785,0.2467105,0.40085477,0.30330378,0.21895167,2.24441,0.19649932,1.1028711,0.58080775,0.027277732,0.78844273,1.1256237,1.7356404,0.5278523,0.8120568,1.0579586,0.29249957,1.7945663,0.6366677,0.0038089554,0.42327744,2.0173018,0.20692863,0.76984215,0.026484523,0.36152083,0.111083575,4.5108013,0.896385,1.1488551,0.4120474,0.51879424,0.39417794,0.11275523,0.2130634,0.24094966,2.5223088,0.6250247,0.6300596,0.0237454,0.5256165,1.96444,0.8304167,0.2073516,1.3932128,1.6211733,1.2401264,0.5724004,0.8823255,1.4331163,1.1895595,0.1523396,0.55812454,2.1130126,0.63175464,0.06869629,2.2001321,2.0410192,0.8256968,0.3077316,0.3675436,0.8250449,0.7601763,0.23345359,1.0094274,0.37807062,3.1078851,0.33233777,1.6827786,0.74655056,1.1079351,2.6483674,0.5915177,0.2771508,7.579703,0.11537674,2.7572076,1.5858678,1.9713087,0.31478626,1.0582513,0.0714228,1.3325912,0.5036708,1.2785264,0.6126616,0.044278372,3.0618205,1.0258368,1.339556,0.5324319,0.24916333,0.16449495,0.1903849,0.14791086,0.6856059,0.99423504,1.968192,0.042592064,0.23754495,0.713423,0.83585966,0.98332214,2.2175026,1.0133092,0.48257428,0.7971554,1.3614628,0.8190947,1.7391391,0.46396285,2.6617959,0.13220847,0.46219283,2.851236,1.4943405,2.173354,1.1986495,2.5087686,0.5663105,0.99778634,0.019849189,4.997603,2.494857,0.20751777,0.45207533,0.1783733,0.48033792,1.0969814,0.5100119,1.0991973,0.12944478,0.9521414,0.92843795,1.7524134,0.25736845,0.4909727,0.5023159,0.26325548,0.068644345,0.7617748,1.489551,2.0729856,1.2404685,0.018660806,1.6939672,0.19659692,0.80336887,0.5499776,1.8139231,0.7432911,2.9176059,1.0097075,0.78429115,0.21840951,0.27197185,0.9859406,1.1029927,0.5628947,0.44033065,0.5706093,2.164239,0.64715725,0.38365567,0.36298624,0.07338219,0.0038356208,0.7388693,2.4438958,1.7862847,0.32114008,0.0857997,0.5952583,1.7894131,0.0,0.17729296,0.0,0.2564727,0.29876328,0.16231523,0.14639628,0.4026814,0.3135142,0.14309321,0.6921842,1.810968,1.9152564,1.3613857,3.3887074,0.4694578,1.6577693,1.8338345,0.970814,0.013872358,4.6618505,1.3708782,2.0522642,1.1245887,0.3920872,all_pothole_images\pothole_images_enhanced_fdf86ee99fe301ae8ac3c47208ad631e.jpg
0.5128889,0.3516405,0.25589693,3.1121664,1.3831547,0.09933648,0.28374878,0.00015997703,0.33304143,1.4831882,0.22452807,0.7993575,0.14485069,2.6536772,0.060253736,0.30252877,0.49889404,1.3464874,2.363241,0.345105,1.654794,0.7528034,0.43193123,1.1808274,2.652234,0.15014054,0.18467058,2.7296956,0.0899808,0.007981197,0.47044232,0.38111058,0.006286068,0.9324215,0.18782698,1.9929314,0.88267374,1.419603,0.9313496,0.13543102,0.0,0.0705056,0.3159703,2.8520837,0.42575938,0.47481045,0.32173362,0.3453434,0.08236138,2.3187065,0.4350796,0.063086934,0.05651016,0.17278643,0.65771955,1.3656967,1.8845974,0.70673823,0.054999117,0.039370995,1.1866257,0.48350453,0.45206133,0.32644996,1.6267467,1.6386914,1.1396056,0.26683927,0.42880788,0.17863753,1.619266,0.17100805,0.3679801,0.056463193,1.4505749,0.9398369,0.023779936,1.0289875,0.16995054,0.16026391,0.0066200006,1.0527452,0.0541574,0.8611507,0.7134754,0.04437023,0.017514342,0.1306312,2.8159966,0.61183125,0.4718965,0.51822597,0.4664734,0.47906634,0.8227038,0.29964766,0.9704498,0.76959175,0.7234617,0.735404,0.34293792,1.611661,0.5489195,0.11829886,2.5599053,0.6448666,0.18284506,0.116423175,0.45214698,1.2483525,0.013844907,1.3355062,0.6462051,1.0368261,2.8067272,0.7588499,0.081434,0.37611568,2.7137942,1.0484306,2.7139535,0.19916916,0.02107153,0.59845334,1.5420871,0.5364831,0.070436634,2.0838084,0.75124305,0.9040731,0.68412507,0.1735247,1.1433885,0.0909319,0.35220328,0.4981902,0.99959373,0.21277773,0.32871646,0.07360311,0.3732477,0.15541843,0.7318616,0.40436465,0.083869234,0.4871282,1.0041544,1.2778296,0.08313183,0.09164678,0.17895177,1.4936489,0.7337575,0.5932986,1.963367,1.5877513,0.68558097,0.9143454,1.978912,0.63143367,1.8942679,1.5585072,0.33569944,1.1901913,1.1820775,1.1963865,0.6637568,0.0,0.9258652,2.9721966,0.19072548,0.019072957,4.3705855e-05,0.94059336,0.21211234,0.32211736,0.32513994,0.48061574,0.0,0.10335013,0.01584923,2.0205681,0.56600857,2.6229067,1.2791198,1.6089845,0.8745771,0.0048170616,0.32432616,0.7875712,0.18453415,0.47865364,0.9977136,0.46731076,0.883933,1.2866523,3.0105448,0.10879628,1.2192378,0.08897845,0.58177704,0.21482849,0.6735036,0.21473254,0.106072344,0.19418526,1.426326,0.054153297,1.2973707,0.80998677,0.0,0.10283716,0.45453066,0.63813984,3.1160288,1.9897448,0.38933107,0.21801575,2.7188663,0.18549164,2.5869012,0.77063733,0.23378608,0.41251436,0.0,0.48052043,0.1880436,2.5501173,3.6686738,0.6469407,0.09992288,0.19190694,2.4104362,0.8579695,0.04958396,0.21564707,2.046021,0.053701606,0.57026845,0.3433855,0.29094645,0.38203079,0.27689424,1.6097854,0.06702547,0.12223905,1.040214,0.057868417,0.3100943,6.279821,0.41568598,1.2109382,0.006822861,0.1247621,1.1218826,0.5102454,0.57432634,1.0428091,0.145932,3.3959477,0.060292237,0.18858144,1.2639365,0.3193859,0.39980316,0.12111654,1.1421022,0.104479626,3.8244839,0.05794746,0.26775122,0.13413523,1.4746176,0.29499656,0.8732334,0.11508005,0.073527895,0.29996854,0.16372317,1.0383183,0.003529124,0.37277198,1.2239879,0.16923277,1.2270783,0.7465073,1.487781,0.27430817,0.43839487,0.31810805,0.04053398,0.6853122,0.24672833,0.5959124,0.35234708,0.40552753,0.7814032,0.1338406,0.37445277,3.0456543,1.6737245,1.4193057,0.3218202,0.17191803,5.128449,0.00044943902,1.5785168,0.15873085,0.23424123,0.088769816,1.6907943,0.35710657,1.4772013,1.3820822,1.0385498,0.8576866,0.0052680233,1.183671,4.992529,0.38463095,0.6182323,0.4588232,0.73354554,0.9202146,0.13197319,0.39383775,0.32206514,0.018980972,0.415072,0.20555817,1.1717918,0.4615358,0.658993,0.12047635,0.21602595,0.0018527489,2.3965683,0.8909333,0.47632408,0.42569816,0.61990786,0.331007,3.0150557,1.2899314,0.8245477,0.036233217,0.095949784,0.09814358,0.10865838,0.32526293,0.0526972,0.7595932,0.39054933,0.20224884,0.5398623,0.16764274,0.33490732,1.6568065,1.7359681,2.5721595,0.37955692,1.4540471,0.4983675,2.534893,0.027833764,0.10969695,1.0326971,0.072489634,0.12231405,0.07263316,1.0058275,0.11417187,0.8507052,0.11862463,0.4041893,0.37393394,0.033083707,0.19948435,0.49404296,0.020263037,2.2931633,0.16007365,0.8281334,1.4840825,1.5830604,0.41811082,0.44624,0.10957188,0.63409495,1.8673707,0.7915517,1.1531001,0.29972023,0.33043072,0.0046330676,0.26556578,1.8518779,0.18974535,0.96686506,0.06892498,0.26229292,3.174624,0.47510454,0.037411235,1.6671362,0.94164205,1.1218166,0.50587213,0.60172117,0.11384873,1.4137113,0.16157763,0.23872243,0.10588677,0.18580973,1.6517308,0.13081305,0.20975871,0.29414842,0.09063063,1.5947944,2.5239232,0.04323017,2.1755786,1.7223238,0.026114853,0.56982476,0.35874268,0.0063686,1.949522,0.20562994,0.054573506,1.4812899,0.4156657,0.90866446,1.1538675,0.024371618,0.71655434,0.112124905,0.44350335,2.0752873,0.37846762,0.10271025,0.001301449,0.0033213624,0.02155792,0.097764246,0.38995597,0.58880395,0.98715276,3.8769166,1.1117,0.74947137,1.0834424,0.4037635,1.5965453,0.7203045,0.111273706,0.028263204,1.748778,3.1833973,0.37275186,2.3235564,0.030625964,0.5245331,0.73397,0.0989189,0.0,1.0517982,1.631339,0.47934672,1.0776502,0.0,0.5659802,1.147496,0.4337619,1.1902765,1.495988,0.5024775,0.3944493,0.253174,1.6751995,0.83765286,0.31862175,0.29318643,0.53222084,0.77142626,0.046963457,1.0660621,0.0,0.47939384,1.2804642,0.035540603,0.30099016,0.45103356,0.10100111,0.016613534,0.44912058,0.97078407,0.40130126,1.670809,4.6521482,1.2357216,0.14473966,0.54207736,2.6477778,0.7540615,0.121244825,0.3219926,0.2743357,0.031007411,0.023638641,all_pothole_images\pothole_images_enhanced_fe2cb8972b1c679ca504f075e9dd2787.jpg
1.7144904,0.5975824,1.4489774,0.8723862,1.0231415,0.17399976,2.4224288,0.13133737,1.0715083,0.89000046,0.70438194,0.6032493,0.14765134,0.9828876,0.044433404,1.902758,0.01565823,2.5330923,0.10132263,1.0366231,0.875073,0.0071809753,2.1260936,3.8120925,1.0264103,0.009028354,1.1024123,0.41695487,0.63980556,0.84012663,1.658891,0.8740678,0.13969015,1.5786375,0.29043084,1.0750871,0.087320246,3.7152317,1.1970322,0.2579594,0.12237665,1.3537166,0.23254286,0.12922156,0.19749758,1.9928106,0.5576647,0.5280726,0.36422846,0.3730949,0.15368888,0.98296434,0.7394979,0.37814564,0.26539215,0.18769711,1.1091346,0.0779664,0.67601556,0.13122128,0.5270503,0.020077195,0.9432709,4.135405,0.4963135,0.674973,0.20444189,0.390619,0.082891636,0.0239676,0.8346525,0.9097949,0.043915596,0.17379457,0.25949737,0.27452824,1.1454084,0.86157966,0.053957608,0.4589417,0.49651492,1.3066409,1.5551993,0.13872074,0.21960892,1.8676001,0.25597215,0.6098602,0.38544324,0.0,0.64596254,0.15631732,0.1895324,0.19402893,3.260595,1.3089625,3.288609,1.6032138,0.08670203,0.86037475,1.2515798,1.12134,0.6272896,0.3361847,3.2810307,1.5833507,0.12679408,0.70383,0.52709323,3.0977266,0.45860305,1.595949,1.9002056,2.6297274,0.43407354,1.7439504,0.1722348,0.001252439,3.1600478,0.7925412,1.305425,1.6677473,0.07039337,0.021857388,0.6680125,0.0,1.7041281,0.8734325,0.5657632,0.37311813,0.4093912,0.40732664,0.31347638,0.15938571,0.118744135,3.5786502,2.305451,0.5971108,1.3751389,0.0,0.08223068,0.18191014,0.009232152,2.7286346,0.97157425,1.5116667,0.90592587,1.4691062,0.6848053,0.3563067,0.8887724,0.53199434,0.015941914,0.6780951,0.4683001,2.6832778,0.15200363,1.047776,3.0065157,1.7466066,0.79195356,0.6361511,0.6056305,0.65829337,1.1501614,0.906969,2.132977,0.054660626,0.119385466,0.21754572,1.2877631,1.3548176,0.67170674,0.4809926,0.25145966,0.7506447,1.1152475,2.550426,0.82331693,0.07776627,0.402203,0.3419514,0.6817424,2.900235,0.48529917,0.013701797,0.1727938,0.6063188,2.1076925,2.0804348,3.1792126,0.04969372,0.076077946,0.5867505,0.45870507,0.2670883,2.0219853,0.8252793,1.2436739,0.31540984,0.07846621,0.12583391,1.6006125,0.16710806,0.2040936,0.29616368,4.789769,0.023922555,3.480838,2.4153607,0.52852243,0.285162,0.10723042,0.4445198,0.09581112,1.5028306,1.3084145,0.01642204,0.21993537,0.36751315,0.36564496,1.0493443,0.21526636,0.09113115,0.16985025,1.9007173,0.062637046,2.7809956,1.9530449,1.2414896,0.035414096,1.107548,0.8846668,0.8318699,0.32998568,0.0,1.0446575,0.40644392,1.7387029,1.2205658,0.88327944,0.11074518,0.65614957,1.2639394,0.021044184,0.7928503,1.0320251,0.4282555,0.313278,2.580659,1.1420736,0.38878888,0.28114685,0.15865111,0.91303,0.3285315,0.39868602,0.3244143,0.031386666,4.9907537,0.24021631,2.9486072,0.574475,1.1823862,1.1440749,0.4279684,0.23826683,0.3541731,1.894838,0.14262603,0.21917082,0.61855495,0.09508201,0.9997555,0.09534359,1.7961351,0.45756397,0.48987883,0.6144731,4.334672,0.057299368,0.00405216,0.45116144,0.13097276,2.367334,0.02314497,0.91995966,0.5502084,0.29291877,0.0,1.3047515,0.12373059,0.07180657,1.5093564,0.27417436,1.8204902,0.46361977,0.21737978,0.51317465,0.46839157,0.933455,0.2339702,0.24717413,0.008123151,1.6641226,0.37149122,0.012855468,0.23874393,0.17018715,0.30055806,0.11247258,1.473958,0.32874462,3.0783896,0.7217454,0.079855874,0.63003564,0.29683703,2.7010682,0.35932696,0.4681814,0.8430121,4.024654,0.9610993,0.76033306,0.86460686,0.4203837,0.66464347,0.5332021,0.074469216,0.56725323,0.33066714,0.18130264,0.34779218,0.7755656,0.18922757,3.5459943,0.7706299,0.1348765,0.1501399,0.07038196,1.0328789,3.6591034,1.7501416,0.034660358,0.35396162,0.11384476,0.7019723,0.3096756,0.10913431,0.02577422,0.2536438,0.027915861,0.53704786,0.5400527,0.0024368952,1.7385432,1.0234579,0.15091972,1.4929847,1.822468,3.5930324,1.2891278,0.88591576,0.5994641,0.13458018,0.11212468,0.08402133,0.0630863,1.532985,0.7981136,0.21431613,1.187045,0.08950025,0.34809396,0.5032404,0.0,0.20841421,0.46817577,0.46727282,3.321806,0.0935575,0.05644166,1.3666937,1.7914566,1.0723381,3.4088259,0.072443955,1.0527831,0.75672585,0.5979637,1.5386176,0.095189795,0.19314949,0.48833343,0.061431933,0.0148532605,2.9650451e-05,0.73112845,0.41171506,0.04077371,2.7728758,1.3046649,0.32904652,1.2371569,1.635461,2.6523297,1.3618234,1.3195012,0.09632345,1.0575782,0.16498618,0.2173754,0.666708,0.23861475,2.2191541,0.3329619,1.9459391,1.8949213,0.39588335,0.099985376,1.506655,0.9333725,1.4764502,1.458556,0.8128241,0.032830887,0.5459008,0.43301964,0.2415171,0.058206763,0.3053657,0.3727617,0.6235528,0.26227406,0.764662,0.47417122,1.1723421,0.30936,2.439552,2.0396261,0.6756114,0.186008,1.1393529,0.0067238538,0.36396614,0.2971559,2.5902832,0.885021,0.020261614,1.7371819,1.8197703,0.2202055,0.17791137,1.1493852,0.63264537,2.5953228,0.25265247,0.47310844,0.6136319,2.6169434,0.76591647,0.8441483,1.313647,0.09905399,0.98663795,0.0033737046,0.08314708,0.9473025,0.03688647,0.10266625,0.115869775,0.16240834,1.4545757,0.62835884,1.1392423,0.4825465,0.13154581,0.10870766,0.20933513,0.9350383,2.039107,0.21032543,0.4085575,0.107360475,1.1985638,1.265498,0.8254444,0.32369453,0.0031525686,0.075065464,1.2322791,0.37766322,0.3438151,0.013344677,1.1526768,0.72018075,0.08536666,0.6435297,1.267308,1.572846,0.65073216,0.33089283,0.48210692,0.89292055,1.9302231,1.2420406,0.09985396,0.12298124,0.39870778,1.3329589,0.050721254,all_pothole_images\pothole_images_enhanced_fe829955bdb9b9e953ca01ba20f2bbd9.jpg
0.5184146,0.8622066,0.349202,1.5401846,0.75752956,0.26414767,0.083330825,0.073546946,0.75708395,0.1626069,0.22646226,0.51750904,0.23643567,1.0792792,0.13467775,0.32967365,0.4983314,0.42113665,0.57278776,0.34778035,0.31262046,0.6876869,0.5857552,1.0055695,1.4718201,1.3235865,0.2561333,2.5601492,0.040798027,0.2274217,0.8983589,0.77003455,0.89386994,0.82310635,0.4391228,0.57863325,0.112569824,1.1544744,0.90585655,0.17815572,0.02267307,0.5053856,0.42907414,0.13214897,1.6003674,1.5525012,0.11289098,0.35999313,1.1901897,0.5660683,0.90301055,1.0854844,0.55391175,0.6070232,0.78148776,0.4042746,1.3405174,0.20625266,0.61702967,0.10420727,0.0,0.12572141,0.7404626,0.32055375,0.61728066,1.5216069,0.6877602,0.0,0.8795075,0.3250164,0.9067331,0.6562716,0.93091285,0.34070292,0.24943343,0.29596674,0.2737183,0.64907247,0.04412156,0.6345741,0.004777283,0.044744655,0.57567805,0.593932,0.36051917,0.6877455,0.59316385,0.769755,1.5647436,0.26017296,0.41587988,0.24888906,0.73648643,0.46240336,0.29839227,0.009207527,1.3625327,1.2770454,0.75384825,2.1764066,0.04878466,2.248064,0.82780415,0.2762752,0.64640665,0.47744057,0.9433881,0.37320536,0.22338367,0.88847154,0.18291208,1.2396369,0.82922286,0.123154454,0.5426381,0.6859056,1.6134486,0.2847794,0.12065138,1.3716431,2.3740063,0.049004346,0.37261906,0.8250964,0.7411846,0.6543444,2.5512862,0.04463392,0.6792752,0.46451077,0.2925585,0.0033235634,0.37085688,0.28358725,0.15123437,1.3997612,1.7867036,0.5142546,0.57752633,0.91626585,0.31330705,0.21942826,0.22659291,0.6352013,1.1323096,0.66195446,0.33887964,0.63107455,1.0496669,0.38845712,0.49676114,0.8980034,0.26825857,0.1261456,0.6837057,0.27419946,1.153389,0.1578142,0.031006357,1.3843492,1.8378469,0.5760422,0.2056517,0.47937512,0.13366953,0.124134004,0.43190667,0.11138188,2.2347248,1.4665757,0.2638103,0.07946204,0.09123489,0.0,0.163663,0.7412125,0.8228379,0.005635208,0.93442774,1.1959068,0.053037554,1.0770195,1.5851313,0.41266498,2.9435074,0.037483152,0.32432714,0.4508048,0.42103884,0.91193545,1.4044665,0.24264783,0.3207703,1.1302438,0.03262067,0.014578231,0.57091683,0.10059942,1.172004,0.5251767,0.755469,0.5736936,0.046039682,2.2864082,0.24482322,2.1581903,0.52403,0.7433805,1.7030032,1.5130658,0.015371062,0.42300045,1.5042156,0.37431,0.29611447,2.2006223,1.2136867,0.15074441,0.39762422,1.2373792,0.8178003,0.19270252,1.3604147,0.61259836,0.15126748,0.5040658,1.8246909,0.6367902,1.9401145,1.4005737,0.14747198,0.45912635,0.7549745,0.4546482,0.7217868,0.034623183,2.0660493,0.8387828,0.61061233,0.7085969,0.9534096,0.010383902,0.3369756,0.78663385,0.14228141,0.03349471,1.0208726,0.88495976,1.0362182,3.2165937,1.3122946,0.021123802,0.4235544,0.36591566,0.07476427,0.24396938,1.0902104,0.8960915,0.009477937,1.8464193,0.6939168,1.1416028,0.6690882,0.27113378,0.5539495,2.264363,0.5363895,1.4045619,1.3210441,1.0204358,0.007490102,0.08329068,0.28264102,1.3700609,0.6710974,0.38317782,0.29233614,1.2290809,1.0127888,0.5995198,0.09747961,0.2931255,0.05931205,0.0,0.57511735,0.11654183,1.2177694,0.63065004,0.56028557,0.02235524,0.33529642,0.18515724,0.35026854,1.6095669,0.06792588,0.21812674,1.0644836,1.4549348,0.05773386,1.6718216,1.452174,0.13581027,0.3847672,0.5318358,3.1606295,1.6345754,0.045873243,0.40028584,0.30767727,0.87426615,0.43036765,0.90271336,3.2036672,2.9984305,1.1996844,0.83768976,0.80610794,0.7359025,2.5026336,0.41979733,0.48610577,0.21943524,0.92249286,0.32192236,1.7367857,0.9754665,0.7829683,0.21201226,0.4417895,0.45071676,3.7055619,0.0969177,0.20996106,0.77316064,0.7386397,0.34226403,1.2255626,0.37090674,0.7742658,1.5055401,0.13256554,0.42376742,3.760709,0.6447994,0.70521265,0.7318167,0.5474369,0.30234528,0.2672606,0.23248026,0.4250852,1.0986226,0.5016986,1.1184613,0.33644208,0.26336712,0.51849467,0.7945235,0.2660703,0.30548483,1.131479,0.09257571,0.31771308,0.11289671,0.081841215,0.08032608,0.6853485,0.54184645,0.28284302,0.3020949,1.3067094,0.45794672,0.5869905,0.5474131,0.4130444,0.59505135,0.46338615,0.52835494,0.2719176,0.21302383,0.39217407,0.0016566715,0.6859271,0.9131161,3.6630783,1.7869759,1.335859,0.45790544,0.2563427,0.57396615,1.5830176,0.9278965,0.39360362,0.42109478,0.22548825,0.39758626,0.69254595,0.6610886,2.0250232,0.19780916,2.0725567,1.345888,0.55093676,0.13837509,1.1110876,0.080218785,0.04050506,0.23722528,1.2002008,0.2060056,0.12843712,0.37679005,1.5262855,1.4131262,0.0069323126,0.14463061,1.5770459,0.95692223,1.5521109,0.7907914,1.4712341,0.10848387,0.84315574,0.16034183,1.771825,0.5493365,0.8505258,0.7002889,1.7686243,0.3948333,0.20975679,1.20836,0.23439302,1.3165871,1.2572659,2.103168,0.82399577,2.1990125,0.174892,1.3175336,0.83182836,0.1585539,0.46066353,0.45440397,0.8504916,0.02684688,1.1328666,1.6466024,0.07191345,2.3220403,0.38243574,0.17732881,1.3464891,0.2503632,0.7158977,1.1500974,0.16558616,0.63048697,0.36332688,0.9742696,0.93694955,0.5571867,0.24281597,1.2014086,0.21365029,0.59531236,1.3130716,0.20323062,0.24923709,0.98337835,1.047856,0.27710655,0.5084702,0.17964184,0.5761937,0.0,0.5161674,0.8611032,1.7336553,0.33492464,0.60690236,1.7401543,0.80816305,1.3503283,0.52359414,0.028517123,0.8265934,0.14036229,1.4504298,0.4831866,0.6087045,1.3161705,0.14930075,0.34411138,0.38585117,0.27978262,0.12625615,0.040072843,0.4602073,0.33217433,0.019116424,5.4769635,0.35428268,0.6083696,0.9045047,1.8021613,0.7259738,0.5205131,0.04266135,1.0282152,0.79983205,0.8420326,all_pothole_images\pothole_images_enhanced_feb08a15bcc9287efa46a7678c750f49.jpg
0.12483702,0.7824685,0.06907623,3.2673228,0.31745443,0.16219269,0.5471873,0.0,0.41442552,0.10611281,0.3004013,0.48473236,0.7993071,1.3799175,0.19195685,0.09910924,0.3902515,2.6973398,0.63531137,0.28036332,0.28031668,0.0,1.131498,1.3774778,0.27731586,0.0058627552,0.37418288,0.8348428,0.11005993,0.108156405,0.38918397,0.0065782256,0.010722683,0.8294458,0.28728786,1.2112138,0.14933217,0.47722632,0.26490825,0.04762551,0.13088842,0.6379079,0.39098716,0.9048294,0.10582204,0.027427737,0.26946193,0.22133435,0.12452559,0.48222834,1.596973,0.64665794,0.04991589,0.24139799,1.2695062,0.88175416,0.12780729,0.55775815,0.8759005,0.089585215,0.75880027,0.23749168,0.38284588,0.4330064,0.6463613,0.9772602,0.7850159,0.0,0.025438273,0.058437336,0.34164658,0.7229536,0.33534318,0.12181302,0.89119226,0.0,0.38424698,1.0032872,0.0019249775,0.70345104,0.123312674,0.10918843,0.72977865,0.33106053,0.3920527,0.015581975,0.10348454,0.024311941,0.37990597,0.3723006,1.3431716,0.4740054,0.1190465,0.14609091,0.9959105,0.26793334,0.36271465,1.1178402,0.09649135,0.16912219,0.037921347,1.1523697,0.5854307,0.31584415,2.3482068,0.83170885,0.9925906,0.2532776,0.87276894,0.9719331,0.17993033,0.70614344,0.15561062,0.9318938,0.5921894,0.6544368,0.12586617,0.22037868,2.2433848,0.2068816,0.45317364,0.16684449,0.029989298,0.6855158,1.180689,0.2795276,0.16324942,0.25088605,0.06389098,0.21994711,0.68155986,0.16252588,0.012385548,0.6720607,0.012076459,0.40096647,0.10829564,0.02103163,0.26500607,0.04225114,0.39507744,0.044715103,0.48170903,0.5210665,0.08850145,0.910651,0.24508718,0.11133153,0.06531669,0.35915112,0.0055849277,0.2547756,0.1100636,0.3694963,0.622719,0.3675544,0.46987236,0.54515225,0.16331096,1.6283315,1.2756492,2.8149633,0.038528807,0.7632291,1.6994365,0.095287554,1.2255682,0.3806131,0.5508319,2.4758062,0.5310623,0.19573377,0.69650036,0.09131778,0.09957041,1.0762424,0.092340134,0.0,1.3554728,0.14184773,0.00026626646,2.282137,0.60722524,0.20843531,2.3682973,0.29707292,0.72658724,1.5638156,0.6366191,0.7499622,0.6839267,0.19435425,1.1174079,0.94617677,0.46388972,0.018474802,2.5349672,1.240483,1.1555768,0.0057912944,0.0144364685,1.1466064,0.18156238,0.20306067,0.08905492,0.10397186,0.41232252,0.07721089,1.5745977,2.194411,0.10307068,0.15273927,0.07714567,4.9027863e-06,0.7176671,0.73901373,0.6726454,0.2915691,0.38917494,0.5586088,0.23550555,0.10497866,1.0774226,0.06187291,0.0,0.2352536,0.1006665,0.0,2.6073363,0.055999223,0.0,0.02209448,0.042869773,0.074474916,0.084694736,0.042472042,1.1943308,0.500743,0.23207922,0.38034785,0.30893618,0.46531364,0.018564438,0.051542047,0.1019517,0.0,0.6314712,0.26584592,0.6679096,4.22147,1.5197338,0.09756919,0.01573564,0.00774731,0.47812983,1.5895636,0.16674086,0.65592957,0.08204028,1.6066082,0.37759745,0.1767733,0.5804401,1.3540753,0.05795713,0.47412112,0.41949463,0.6343999,0.89338285,0.062356587,0.36362642,0.2993033,0.34537825,0.73499274,0.29221126,2.591257,0.2520705,0.21011747,0.29482663,0.013745725,0.17808685,0.3569228,0.073598996,0.18957783,0.028923959,0.19779654,0.64810246,0.08876944,0.23981063,0.13414443,0.24785906,1.2973846,0.21165116,0.24971806,0.24556662,0.16121261,0.3473116,0.48765984,0.07322752,1.9302626,0.45109677,0.20805056,0.28425464,0.0018805682,1.9090343,0.07208993,0.68817914,0.026436297,0.2090727,0.90386134,1.6048621,1.4105387,1.0996598,3.0517082,0.45142636,0.13250203,0.2126369,0.620693,6.035596,0.10325699,0.9460777,0.2980049,0.06848488,0.3800002,0.08681149,0.2852931,0.24132538,0.146842,0.11266292,0.015051262,0.9831633,0.018522432,0.33313704,0.64336604,0.0,0.0,2.078899,0.15033874,0.54922014,0.85366553,0.024727678,0.09405975,1.8898537,2.2603672,0.85945314,0.3235937,0.20858689,0.13354602,0.034010597,0.3542187,0.02007892,0.187123,0.12989609,0.2896287,0.051921535,0.10559268,0.039655417,0.162802,0.19657618,0.3595116,1.0165547,3.200827,0.37484616,0.5814212,0.08512859,0.008381739,0.063205734,0.783614,0.21287593,0.22906186,0.04311216,0.45974427,0.6731832,0.55614084,0.5776363,0.9336942,0.16574925,0.12347175,0.36381558,1.1018045,0.65397906,0.034433547,0.30524585,0.9688034,0.08338024,0.6499502,0.55752695,0.045478,0.05153418,0.09106914,0.13455302,0.118935555,0.113051996,1.6204021,0.031526055,0.60793656,0.21551746,1.0437486,1.3967165,0.055522125,0.19934736,0.7887587,0.036741257,0.0,0.4670435,0.0,0.71973574,0.2905512,6.883211e-05,0.72908944,0.21733516,1.068345,0.4334571,0.04490102,0.090192236,0.12617417,1.298873,0.6485725,0.3633109,0.0,0.7982659,0.45128903,0.20967403,1.2455398,2.5563784,0.010957667,2.1483986,0.11208951,0.13220246,0.16374615,0.4870076,0.30983472,0.4941702,0.09173325,0.23250659,0.0059848903,1.2495075,0.48488796,0.38595986,0.1445322,0.81013626,0.16428547,0.23028654,0.064229116,0.0038141077,0.23684788,0.03712781,0.057643957,0.88917905,0.93537605,4.114755,0.07168687,0.031769186,0.16772504,0.054160204,1.7643104,0.039314274,0.22262621,0.027877176,1.2392958,1.6384583,0.47226968,1.4874858,0.34909198,0.376834,0.39006442,0.5024551,0.07542459,0.20914562,0.3227978,0.62330073,1.8123113,0.2276752,0.23106138,0.5046516,0.21551864,0.5432284,0.2279527,0.08182911,0.0656326,0.43754622,0.39455158,0.8460669,0.3914197,0.22368033,0.55710983,0.025908114,0.06353576,1.3593227,0.0023631826,0.11513056,1.4787872,0.0049010506,0.52889043,0.077634044,0.044536486,0.28717846,0.0,0.0,0.42214036,0.44478372,0.5993229,0.8063543,0.5475006,0.60270905,2.0868473,0.34936032,0.44406673,0.18602778,0.5314781,0.007168422,0.040615216,all_pothole_images\pothole_images_enhanced_fee2f4b0ec54b20769af9197dd89efb1.jpg
0.18821032,0.40022215,0.70471925,1.2916435,0.3533547,0.42173976,1.6715583,0.06361698,0.0054369634,0.9426181,0.16918595,0.9145715,0.90549654,1.2818615,1.2345117,1.2093818,0.33026046,1.764324,1.5438145,0.46574974,1.9959992,2.2843,0.16394426,0.4253438,1.6378044,0.82522035,1.0912144,1.8664134,1.1410012,0.09022372,0.9298864,0.08489236,0.08242164,1.2121713,0.19646844,0.57933015,0.010075526,2.2700665,1.1522026,0.31753772,0.16636302,0.0904787,0.24288586,1.1362923,1.5919952,0.0,0.3134423,0.0095996335,0.32163408,0.18023938,0.93467766,1.0000929,1.108489,0.012340475,0.0,0.20597284,0.7671814,0.48279312,1.7776698,0.85510254,0.46995765,0.46102384,1.2943753,0.19664817,0.20858695,3.8174343,0.5902266,1.7772616,2.649524,0.16342261,0.3227037,0.37463424,1.3332955,0.6002678,0.8296815,0.7946702,0.0,0.28321868,0.78069896,0.06879899,0.19760601,0.042871036,0.53414077,1.1390215,0.18801825,0.07436358,0.9410612,1.5809194,2.3595054,1.4409833,0.37224507,0.0,0.062052377,1.3943498,0.5656121,0.13375054,0.4487304,0.60363024,0.8814317,0.027911365,0.06582141,0.33421776,1.01939,1.0556687,0.047882676,0.60231733,0.05869198,0.1268183,1.5818313,0.049158003,0.018500205,2.6609948,0.47405717,0.33294335,0.024820307,0.20983718,0.7255864,1.4520061,0.22742738,1.2017987,2.3753324,1.5381725,0.804785,0.66764945,0.9983646,0.68939215,0.031087525,0.0,1.9490353,0.22880523,1.1049653,0.0,0.6559113,0.0,0.6194053,0.9371419,1.323751,0.710246,1.319961,0.03578235,0.228116,4.1692963,0.6065483,0.5630579,0.8097936,0.6422634,0.5795626,0.4888914,0.00052016746,1.0645571,0.69450694,1.4336814,0.0,0.3018098,1.8289555,0.9525396,0.10985594,0.47798592,0.9249548,0.13687843,1.8003131,1.4391776,0.20450148,5.045656,0.0,0.79263383,0.207569,0.080429405,0.373082,0.8743921,0.0009743744,0.0627751,0.34073985,0.99111056,0.69790834,0.55538625,0.09853465,0.0,0.65940094,1.5886883,0.41600585,2.6011999,2.5847716,1.839319,2.513,2.1061075,0.029310396,0.5491352,0.57088476,2.0747674,0.49407297,1.0630902,0.006237332,2.6519675,0.28824118,0.5461059,0.18358423,0.16335623,0.0038531555,2.5251706,1.5743339,0.8118656,0.6563909,0.6961713,2.7842572,0.5108616,0.40381372,0.5521508,1.8184062,0.57274,0.059630997,0.65976995,1.2043275,1.0529494,1.1218868,2.0413735,0.44485682,0.020883173,1.0981966,0.034039017,0.3934249,0.90964574,0.507067,1.6511526,0.042046867,0.34764597,1.63056,0.29819107,0.09708336,0.62968737,0.06644576,0.109841354,0.36561832,0.14375062,1.3153496,0.06042616,1.0589017,0.0,0.034750275,0.25463995,0.032485276,0.42531732,0.3289112,0.06736011,0.061117463,0.04166772,1.9489981,0.1675573,0.708005,3.1427906,2.6687734,0.93911564,0.65434015,2.0819447,0.18005688,0.1417197,1.3076642,2.7597353,0.71172315,1.2224007,0.36208522,0.68514764,0.021626538,0.40537375,1.4044114,0.12758744,0.869658,1.0266913,0.86695826,0.13648224,0.6701551,0.069169156,0.23037778,0.8048205,1.6364428,0.7426224,0.28043243,0.315358,0.33027372,0.7349218,0.37027186,0.2781732,0.585466,0.31379065,1.2588803,1.1236185,1.5000132,0.07391968,1.7192993,0.34977937,0.058193397,0.15572771,0.016746439,0.2655204,0.10044557,0.70420456,0.37881634,2.0994594,0.4540303,1.8065641,0.79729164,2.9499586,0.0,0.3544525,3.2363317,0.06294695,0.6449639,0.33458495,1.3595212,0.16421142,1.6740402,1.5033655,2.5903776,0.80511665,0.8170281,0.4582905,1.2981893,1.2456145,1.2626698,0.9049416,0.047771715,0.13470389,0.20539452,1.1371609,0.28010637,1.7460008,0.5937636,0.91586894,0.806258,0.5016323,2.7145154,0.25230372,0.7265203,0.31241822,0.34037924,0.29366803,0.5060268,1.2443281,1.6307843,0.021893805,0.68227255,1.0536953,1.0762975,0.33704048,0.51773906,1.0931175,0.60487366,0.94201684,0.9220516,0.8056743,0.4012977,0.47261187,0.2709615,0.494404,0.036715277,0.720292,0.0020993908,0.8299417,0.45916432,1.3840029,0.030151019,0.10739342,0.2868468,1.0709718,0.4519109,0.8765428,1.318245,0.3290783,0.016663102,1.2303537,1.3665178,1.3979865,1.2089217,0.0,0.45742074,0.068809904,0.5047671,0.014784098,1.5411165,0.19634098,1.1037252,0.19599833,0.050874528,0.22812863,2.9459183,0.97542906,0.0040737255,0.016342483,0.024646586,1.489879,0.4998144,1.3059686,1.5684354,0.29706007,0.19485933,0.75467026,1.4528534,0.73559725,0.00010483456,0.11365548,3.8978345,1.714409,0.037428875,0.38307357,0.04796044,0.10191639,0.32664144,0.92994314,0.34650218,0.67545366,1.3158646,1.3268615,0.86391664,1.4623514,0.052058164,0.13275057,0.109111615,0.14695124,0.24488726,0.58244956,1.9826927,0.74305505,0.39020324,1.0808676,2.5922925,0.12771921,0.793043,1.3626212,0.19001697,2.0959136,0.39760885,0.39768007,1.0560014,0.4919344,1.1777315,4.01886,0.30289713,0.8160084,0.12657948,0.1448134,0.25035417,0.044498783,0.14579989,0.7513541,0.29404128,0.05681641,0.25972182,1.3507677,0.086845845,1.5574735,0.32073095,0.0952787,1.0724977,0.31975368,0.43103033,1.7312479,0.042823903,0.22446124,0.7622922,0.51311386,0.61630946,0.28383458,0.9112686,0.7525457,0.65680426,0.13168585,0.29251772,0.004478265,0.35707414,2.2657154,1.1522379,0.27753335,0.20639674,0.07722218,0.16385362,0.92355055,0.15429388,1.6765708,0.8630964,0.058871683,0.28103724,1.4009649,0.00022863125,0.4908142,0.0,1.389578,0.24959011,0.017604006,1.8035184,0.0,0.73559135,0.8835172,0.5908275,0.43743762,0.06323374,0.9131617,0.58836055,0.0,0.22055915,0.9317772,0.94514215,2.0024538,0.87062985,0.0138107985,1.3266631,0.9475094,0.0,2.2547376,0.33510774,0.66838664,0.33364627,0.6900096,all_pothole_images\pothole_images_enhanced_feeee52d391a9969d555b4fb585c42da.jpg
0.14211841,0.5905542,0.115103595,2.2155836,1.6539094,0.0625925,0.1973978,0.29710954,0.005125081,1.3081762,0.38712096,0.37804887,0.0719287,2.7076883,0.06369187,0.12789162,0.5088975,0.5681873,0.36291027,0.0619771,1.0418589,0.8983154,0.07507381,0.85236406,2.0662966,0.29578868,0.73984396,2.9106464,0.62518597,0.14849007,0.22225262,0.058013152,0.58180326,0.31420156,0.5387332,0.7234627,0.3976962,1.6634396,0.7245777,0.30924812,0.06718957,0.26515004,0.67511296,0.9474078,1.326096,0.5177532,0.15223187,0.0,1.6299952,0.5615843,0.7851733,0.08469699,0.2558595,0.31842923,0.0015831048,1.309116,2.627775,0.2581003,0.03962019,0.44135976,0.8754692,0.14198455,0.61457384,0.1487779,0.8015697,1.1631833,0.56632596,0.030217564,0.042301938,0.48273927,0.25633052,0.57390326,0.08612499,0.030510994,0.9193242,0.106957726,0.0025996545,1.517395,0.006254618,0.5716297,0.001102892,0.21194364,0.104940034,2.6748254,0.36590907,0.099816486,0.1893121,0.033520218,2.1964405,0.046031103,0.48066533,1.1979744,0.008123553,0.14015552,0.22314285,0.041315224,0.72316056,0.43772396,0.34886912,0.7948356,0.2694161,3.6975102,0.22544812,0.321002,0.4090044,0.07133096,1.5208883,0.26564395,0.008516184,0.22186953,0.384064,0.92620134,0.34316865,0.28334013,0.951127,0.19409817,0.7286718,0.18873218,1.664051,1.128776,2.424838,0.44233876,0.014151042,1.2057459,1.9667869,1.0467681,1.325023,0.015401536,1.63368,0.256589,0.27215943,0.014868184,0.0068991613,0.14710642,0.39816812,0.39086163,0.95039535,0.24285305,0.67159307,0.036918804,0.28614134,0.6988586,0.0189764,0.18327752,0.17138527,0.41642597,0.0073321997,0.3887773,0.6476057,0.089332364,0.07754857,0.9356985,0.21568038,0.43054745,0.7315342,0.33791795,0.45615605,0.21254808,0.72840285,0.8226321,1.6379844,0.85544765,1.7930036,2.2894564,1.080566,0.71628654,1.3726466,0.06761665,1.1121889,1.2367853,0.083099276,0.074859485,0.4114163,0.10128314,0.06819394,0.14355858,0.7428641,0.1411359,0.1070901,0.22784069,0.15662763,1.9308839,1.4249407,0.6329759,1.5769379,0.12472195,0.41616952,0.9662673,0.109650426,0.34754896,0.012385545,0.3509167,0.32939878,1.3705542,0.3216887,0.17394556,0.56730247,0.117749505,0.52454805,0.18713608,0.5627736,0.6241659,0.70426923,0.5909261,0.72493196,0.014899272,0.15849625,0.0035486144,0.72793734,1.0567427,0.0,0.017500512,1.9804474,0.21643385,1.3125733,1.719328,0.7861104,0.046895634,0.107235126,0.8256983,1.0618125,0.2950168,0.8209746,0.15778519,0.0046507176,0.0336403,0.9638176,1.0180832,0.279585,0.98884594,0.02494103,0.09025505,0.82108134,0.117963575,0.11746383,0.013084926,1.8717885,0.34748566,0.02760165,0.64176023,0.730045,0.00093153084,0.4937947,0.5777934,0.33128536,0.0,0.5237524,0.18107723,0.07678523,5.067183,0.947766,0.23470007,0.20062129,0.010996852,0.0003516125,0.27090785,0.40754566,1.1025932,0.4079435,2.8726735,0.7117218,0.6216302,0.15107358,0.08740929,0.48342678,0.19338886,0.50567955,0.24026641,1.1034899,0.12621823,0.8345444,0.10721475,0.6832731,0.22362712,0.69443387,0.45834693,0.1837923,0.21430106,0.17098503,0.28976992,1.6383448,0.20115381,0.2694484,0.51142395,0.7668442,0.87049913,1.01171,0.50529975,1.7970325,0.27626982,0.19960539,0.0009145715,0.10354571,1.063243,0.4669514,0.68971795,0.59892535,0.87866974,0.0824187,1.8476756,0.7461132,0.25603178,0.04965272,0.0050546085,3.9397495,0.26857877,0.105410285,0.09780057,0.09686855,0.7450084,0.37930474,1.514353,1.5327085,0.98627853,0.51146877,0.508714,0.0,1.025707,2.292227,0.1291551,0.002017467,0.5234039,0.18469527,1.2036076,1.6058853,0.609958,0.41014245,0.15502153,0.40738225,0.20629698,1.2504567,0.29772645,0.07520856,0.059885334,0.46037704,0.0366141,1.4709365,0.9561593,0.51413584,0.61317456,0.032766175,0.19987682,1.5499799,0.839001,0.37549424,0.008854288,0.112261295,0.7060774,0.34089002,0.33648086,0.5056544,0.559193,0.22919051,0.36722392,0.20087683,0.15028429,0.19659582,0.5467927,1.8784659,0.20531534,0.005590005,0.0,0.68259436,0.13968472,0.045699757,0.076350555,1.7693243,1.2233509,0.4631853,0.25512514,0.8624826,0.41350034,0.29760626,1.0091319,0.13339269,0.7142398,0.2630306,0.225645,0.33630753,0.3261578,0.6759695,0.035132553,0.8176218,0.3531702,2.106829,0.36348552,0.96834093,0.0,0.0,1.7408231,0.84625876,0.27411255,0.005101019,0.5235349,0.35042757,0.07302326,0.6276273,0.11243032,0.37530392,0.04916687,0.58598316,1.4120331,0.25531137,0.20369156,0.076262,0.5444069,0.1460579,0.17223425,0.62937087,0.08693148,0.11113545,0.00834922,0.0,0.81980973,0.16431138,0.3216378,0.46815786,0.27126852,0.5970494,0.359809,2.8858454,0.23115835,0.5074264,0.749391,2.3988352,0.2898621,0.92817736,0.20829172,0.18179773,0.60600024,0.59155387,1.0039761,0.7741199,0.3089604,1.6608089,1.2640601,0.61172533,0.24038418,0.030498462,0.2876169,1.7396194,0.37062022,0.23822002,0.2240715,0.09559206,0.2940366,0.7932364,0.1725581,0.19737205,0.6159549,1.6336029,0.23277353,0.20568444,0.16256776,1.4717988,0.54373753,0.27713177,0.045081533,0.57944554,0.22753246,0.86828434,0.38540718,0.55259866,0.03764648,0.52237046,0.57576585,0.3079366,0.010215847,0.21627143,0.53136766,0.08711484,0.59371996,0.41139513,0.07741642,1.095484,0.0060560284,0.45219123,0.5887736,0.98213506,0.050073653,0.08813348,1.3034024,0.8810599,0.34425303,0.46921322,0.16132125,0.7177823,0.0,0.29396465,0.11267645,0.22347943,1.2933811,0.05483281,0.07390784,0.041054837,0.2998998,0.65855384,0.60646844,1.014718,0.22360194,0.072169304,2.9822905,0.56108296,0.27370292,0.18551375,0.27512094,0.10374353,0.41605204,0.21269986,0.15169643,0.8781753,0.13126452,all_pothole_images\pothole_images_enhanced_ffe98eceb24f8ba585579bf7d98acc11.jpg
0.89012736,0.7389507,0.17073335,1.7777131,0.61601794,0.5964468,0.46651757,0.5990019,0.19041894,1.2461828,0.55331814,0.64965546,0.033516612,1.3396114,0.6890256,0.0631517,1.1069473,0.64327943,1.7016782,0.0,1.2071435,0.94264734,1.7259804,2.6844819,0.69424325,0.033318367,2.3225422,1.8838965,0.28073606,0.48307192,0.6600054,0.035708006,0.54559577,0.88645476,1.2377288,0.9887338,0.40590468,0.68896234,0.24427605,1.4404122,0.124191,0.08011448,0.24103019,0.19481894,0.66998506,0.879096,0.3993573,0.61823714,0.30427372,0.80734736,0.36056182,0.59278244,1.5557207,0.16457334,0.33498284,0.9779068,1.1853539,0.3179285,2.0499675,0.097820915,0.8421491,0.29909286,1.0036199,0.12032682,2.3578758,2.1643062,1.0266598,0.0,0.43589306,0.06882324,0.40917847,0.23625934,0.12390041,0.011393123,1.4903203,0.5709871,0.09712505,0.8818409,0.37472177,0.011211679,0.25956196,0.4701222,0.8133914,0.14445628,1.5451651,1.4976664,0.25841996,0.05693665,0.97141874,0.0188132,0.2558995,0.1711684,0.30888975,0.49474505,0.6784473,0.7755334,0.87962216,1.200254,0.37616324,0.42035118,0.080591835,5.337553,0.040183943,1.4942561,1.1327219,0.31151053,0.117142975,0.8436044,0.15175153,0.27826613,0.6685196,0.6685643,1.5732815,1.2920301,1.4797915,0.12065107,1.0760397,0.2654429,0.8244935,1.5052843,0.6195236,1.1373346,0.117135726,2.1375778,0.26105922,0.5061837,0.18102992,0.718567,0.7017925,1.1843386,0.6549607,0.0,0.017061708,1.850027,0.10768312,0.88241667,0.23851459,1.1092308,0.065407366,0.039262507,0.11110469,0.8836777,0.024075635,1.2700373,0.528927,1.5617721,0.564892,0.3027817,0.24728133,0.9013308,0.50526863,0.13474256,0.051051315,0.14390528,2.1757028,0.3596766,0.7570282,0.44726896,0.80704063,1.0381324,3.3742487,5.840674,1.2020965,0.78834033,0.75083774,0.33844444,4.0775385,0.14406188,1.9493682,1.9572215,0.35758004,0.11446096,0.1734433,0.5162377,0.23793834,0.6085613,0.31665593,0.04618451,0.77688164,0.048637018,0.8668239,0.18072937,1.0813272,1.1926962,2.499314,0.52245665,0.087676615,0.034590054,1.5157816,0.7247363,0.26993403,0.4704412,0.86610115,2.0754704,0.024410624,0.8132282,0.16726147,1.2114022,0.58462113,1.5241604,0.28046,1.0885713,0.4549801,0.37404275,0.6508828,0.33524913,0.5889963,0.56227404,1.3776094,1.0607291,0.34760723,0.09565264,0.33309507,0.1948389,0.22582576,1.812699,1.7728732,0.12924883,0.17742375,0.36489594,0.34490165,0.036856893,1.7593956,0.32302615,0.0,0.5384552,0.6844948,0.43273988,0.19528314,1.0229181,1.458071,0.33129603,0.9796267,0.554125,1.0413525,0.57521427,1.9092861,1.7718649,0.3286216,0.08891581,0.083207496,0.20831467,0.20035568,0.27040747,0.78831,0.2844988,0.7468825,0.55683947,0.96149164,4.4805527,1.3101488,0.06368026,0.16096312,0.2003424,0.9347459,2.1591363,0.74648535,0.9584461,0.22930336,1.5441505,1.2083263,0.48464856,1.0423971,0.7115684,0.16253325,0.6554406,0.7359929,0.9171129,0.17588255,0.09492761,0.37540478,0.07338929,0.88760436,0.95244753,0.056643903,0.47890097,1.9708054,0.71553206,0.8635991,0.8551657,1.9144734,0.23937353,1.6767324,2.4111495,0.81511724,1.658859,0.8825002,0.52937645,0.6372251,0.008423436,0.5332006,0.90271366,0.08408996,1.7357168,0.33780304,0.015599402,0.2595708,0.2710742,0.15699807,5.0934772,0.18903187,0.65990335,0.0060368455,0.018757781,0.51334924,0.6612496,0.0,0.21789849,0.16065834,0.07404851,1.732988,1.3888117,1.7303381,1.974116,0.31833544,0.028663399,0.95734507,1.005735,0.04646194,0.09441193,1.613703,0.031245148,0.2649316,0.43081805,0.98065645,1.6702962,0.23134816,0.30005437,0.113452226,0.36360744,1.3110183,0.9358465,0.017375736,0.2965095,0.20988433,0.23169278,0.15794365,0.84619355,2.2313557,0.9939528,0.345598,0.91196364,0.7403773,0.8907072,1.7008299,0.261041,0.17564344,0.031094564,0.2849117,0.22713375,0.22052704,0.37371597,0.100902185,1.0656054,0.42637354,0.3127461,0.19187014,0.2381216,1.7037035,0.058192883,0.97404224,0.3363395,1.0940784,0.081680976,0.13850117,0.4345407,1.8966435,1.286462,0.23590498,0.7251228,1.0102481,0.3037503,0.54061276,0.72137,0.7218545,0.5785474,0.45821983,0.14009306,0.09366159,0.7399319,0.5191518,0.35977066,0.49765307,0.475256,0.56174463,2.0791318,1.613383,1.109512,0.2046022,2.916778,1.6342739,0.5582096,0.33176106,1.7445492,0.9915551,0.3695955,1.7295581,0.5150317,0.4063182,0.12169308,0.1017491,0.6945592,0.20240253,0.18594761,0.21293165,0.117370576,1.9914888,0.5619808,0.86147267,1.2857015,0.26329282,0.7997679,0.11170818,0.09187924,5.9780752e-05,0.020452533,2.1456466,0.6526696,0.9095843,0.068635225,1.5093191,0.4545522,2.943938,2.7432477,4.278551,0.30201155,4.4284368,0.8841154,0.56109786,0.6367107,0.07326738,0.41193646,0.62929505,0.874832,1.7933992,0.84651434,0.15248041,0.93328685,0.042667776,0.30411133,0.08042789,0.18124452,0.0024412596,0.24859844,0.0073251254,0.20936419,1.3151896,0.09656154,1.6029152,1.8759918,0.6081184,0.003639749,0.0041754423,0.75655144,1.30341,0.1658743,0.13248768,0.37570775,0.39170533,0.5957734,0.97655797,0.83714706,0.75014526,0.35274854,0.0003119832,1.2279757,0.8089265,0.41361788,0.3982594,0.2707706,0.2598196,1.1730014,0.7248034,0.93151045,1.5857432,0.11840264,0.07853138,0.104022376,0.21348844,0.047803782,1.6010326,1.0892687,1.1762347,1.0033183,0.6903427,0.15732448,0.22655253,0.39914095,1.1692364,0.03946695,1.3527529,2.011599,0.34605873,0.04552598,0.6369998,0.6602596,0.295187,0.36981356,1.0974563,0.33496755,0.23302908,1.3984932,0.44663844,0.13216454,0.518435,0.0669609,1.4499757,1.3767283,0.099443994,1.3753301,1.4181963,0.45573986,all_pothole_images\pothole_images_enhanced_ffefd6a3f72337901c7464729a4c61de.jpg
0.77012914,0.93476796,0.68987375,2.3286493,2.7710316,0.75561833,1.2313492,0.355446,0.10238204,0.53001404,0.3681219,0.6922508,0.60765237,1.6159083,1.0460286,0.118735015,0.6295051,1.0056642,0.6126233,0.30991942,0.1211884,1.7440453,2.0594146,1.6954635,0.16262278,0.5510708,1.6693915,1.1679358,0.639471,0.40984058,2.215012,0.5216665,1.8816795,0.8031854,1.0683864,1.4629221,0.13897085,0.85816115,0.42692122,0.4257782,0.31433752,0.91091317,0.15698412,1.4098979,0.97852916,1.0290378,0.4331073,0.24853131,0.07254524,0.43264684,0.15141538,1.723601,1.0112579,1.8153067,0.6142827,0.35057995,0.54693776,0.04964445,1.4179364,0.18826084,2.273917,2.4276192,2.1084585,0.9998343,3.030397,0.5088175,0.46095964,0.15630266,0.4588693,0.42858467,0.56156224,0.21740945,0.2655073,0.0,0.84992063,2.4930258,1.2728367,0.74333626,0.37700373,0.019182237,0.9086238,0.68817365,0.58578116,0.011354721,0.97296524,0.83193153,0.006759275,0.47094375,2.0572503,0.06686007,0.38223782,0.88697815,0.6359555,0.36481124,0.2545345,0.20824233,1.2984792,1.266793,0.10984948,1.9292979,0.022958923,0.71584773,0.028966503,1.1695621,0.3492185,0.818299,0.54162496,0.48742524,0.44620255,0.66601723,1.9543506,1.1127299,1.9060264,1.2324927,1.3840929,1.0517209,0.78290534,0.045284867,0.60371244,1.6246806,0.4408921,1.3016304,1.7550727,3.158538,0.32262355,0.262099,0.3880444,0.05729676,0.66450477,1.8096656,1.609983,0.2915292,0.055533115,2.4613974,0.08714156,1.1867269,0.4291498,0.8440203,1.2020006,0.11218781,0.61501896,0.11400542,0.17013092,2.7677512,2.0669718,1.8051611,0.176948,1.1094376,0.7304161,1.4917624,1.7397428,1.0171578,0.11224184,0.020052884,2.0862267,0.060063303,1.596051,0.98217195,2.1926181,1.3449025,2.1151106,3.701576,0.2747258,1.2443519,0.613254,0.5513325,0.68877447,1.9591761,1.4334732,0.38926563,0.802841,1.0617808,0.40296325,0.55059993,1.4232897,0.8725215,2.3370645,0.24712385,1.2160411,0.39398694,0.28278908,0.5394824,1.2197863,0.4843113,0.077016175,0.62338,0.7781188,0.24259377,0.71235543,1.1660707,1.1549642,0.40769336,0.27666062,1.7785717,0.015257285,0.43156415,0.5588131,2.6620386,0.2930551,2.3693542,0.19628692,0.85903496,1.838473,0.6788638,0.65072954,0.9684738,0.7288967,0.7653057,2.264358,0.82912016,0.61787367,0.23519614,0.8085926,0.9230413,1.367263,0.78685683,1.1365547,0.4375971,2.9743361,0.16088523,0.7164034,0.14215875,1.2283467,0.009591174,0.2521474,0.6127534,0.48038647,0.12332804,0.20820695,0.40096122,0.6819738,1.3545783,0.53645843,0.5638321,1.597725,1.016187,0.16193725,2.5264952,0.7635163,0.038160443,1.744534,0.010922421,0.81446356,1.0259013,0.031283993,0.06880412,0.99900216,2.1543882,0.6153778,3.0085468,1.929556,0.0006110524,0.13619156,1.6383018,0.37167543,2.3173318,0.9837845,0.3919243,0.8751237,1.9161545,0.9587187,3.177664,0.9491933,0.4642638,0.03262148,1.5922582,0.0147709055,0.8916866,0.6066144,0.62581885,0.47968423,0.83572525,0.9052289,0.3136415,0.109017216,1.2847234,1.2361251,0.9984754,1.3933372,1.693692,0.33000168,0.13086548,1.016602,0.96205384,0.81468713,1.2397331,0.42809218,1.2030461,1.834467,0.32721663,0.59742206,0.9709438,0.38182473,0.56271285,0.14312026,1.587679,0.3370686,1.5013156,0.21026003,2.4108808,0.41975075,0.6268746,0.29858187,0.22610779,1.5019356,1.2330008,0.54973054,1.4844891,0.03427446,0.47708377,0.6157348,1.1883649,0.6991046,1.0892594,0.663599,0.3439704,0.25492162,0.6821834,0.15746847,1.7332315,0.898332,0.4303461,0.23130743,0.94968295,1.4332197,0.96405673,1.437326,1.4647888,0.56460416,0.9320341,1.4175436,0.08179391,0.37354955,0.43073183,1.6653188,1.4313488,1.826753,0.61638284,0.5826351,0.04206195,0.8859645,0.53737664,1.4145515,0.9604047,1.1142528,0.2256629,0.25210294,0.35258126,1.4130641,0.71963704,0.82681644,1.4058813,0.20892446,0.15090783,1.0445502,0.8570084,1.3477272,0.0,1.011102,0.130265,0.6848213,0.6315925,1.2104726,0.8521117,0.22078007,0.1278604,1.1189017,2.5912335,0.30105683,2.2302494,1.1898007,0.46135244,1.6691966,0.29714498,1.1796888,0.66066414,1.6561536,0.54249394,1.6966499,0.5201969,0.44933707,0.10595914,0.14461364,1.3486639,1.3899539,1.6138302,2.57406,0.62329745,0.4437705,1.1450946,1.2911694,0.82768613,1.3609054,1.4001193,1.0426075,0.40915793,0.5472559,1.0448272,0.8733285,1.7507663,1.1764127,0.80868024,0.103390835,2.3503993,0.47964883,1.0985699,2.0258582,1.1306351,1.5085748,0.891017,0.80429333,1.2133157,0.13576205,0.7735106,0.033558026,0.7699277,0.9545939,0.40980116,0.19266771,0.55905443,1.2849865,0.21992235,1.7829056,1.5838869,1.5388554,2.1112614,1.6673136,3.3005366,0.36944565,0.66701776,0.5372696,0.6512712,0.15228571,0.94718707,0.62098956,1.0989741,1.4475993,1.8163493,0.09157737,0.40575922,0.9361379,1.0703707,0.33797142,1.4220039,0.42852268,0.8765162,1.2137885,0.13645157,0.91907984,1.2008123,0.7741946,0.51290095,0.041587275,0.7404748,0.26170033,0.06377479,1.6958338,0.5541192,0.057919655,0.022151185,0.8854398,0.7554822,1.5894059,1.133846,0.9465289,0.4009248,0.088097416,0.7711057,1.5198731,1.0315932,1.141485,0.747034,1.6913897,0.4201308,0.24054132,0.7228767,1.0732782,0.10295219,1.5045644,0.32842067,0.9484563,1.7547549,0.68524456,1.0948291,0.0,1.0647818,0.6580582,0.9248328,1.7826116,0.12630747,0.426207,1.8371422,0.34892228,0.31168833,0.6412717,0.28343078,0.59254265,0.38084376,0.08634537,0.11366142,1.0192469,0.42432648,0.8788656,1.2359669,1.7270794,1.0369401,1.0600013,1.9489814,0.0259086,1.5132011,0.51941025,0.5465182,all_pothole_images\pothole_images_image_0.jpg
1.0864701,0.6591597,0.19581617,3.8875725,0.69961345,1.3382115,0.7982784,0.0530115,0.40491048,0.604836,0.6552488,0.9760692,0.012356766,1.1647273,0.6285377,0.005616052,0.30559966,0.5991682,1.3392564,0.21484993,0.694126,1.0416031,0.6105532,1.1404111,1.0288017,0.37257665,0.33839116,2.121792,0.8490496,0.37336734,1.4843017,0.21752441,1.4324149,1.9337435,0.25350022,1.8320161,0.47882313,1.6153094,0.413138,0.96949035,0.26229635,0.011451317,0.54337794,0.6429901,1.0619127,0.11449564,0.5088505,0.10234919,0.14757752,1.6208568,0.5177373,1.1644607,0.22156653,0.06751773,0.23984373,1.5662854,1.5336105,0.79247797,0.46228057,0.20624341,1.0312656,0.44817576,0.0051079034,0.55232227,1.1924378,1.8950431,1.0133024,0.07603372,0.9009974,0.21682341,1.570494,0.44182518,0.76333654,0.16363527,1.7065607,0.8813544,0.10216116,2.0618749,1.1920757,0.12437873,0.8281396,0.48900604,0.013589929,0.46705273,1.553805,0.20819566,0.53226274,0.08221289,2.3905663,1.4298828,0.457374,0.1923629,0.397183,0.45868334,0.5681646,0.047098067,1.8664227,0.32619438,1.2558292,1.5205933,0.1314377,4.279226,0.3781817,2.4488404,2.199891,0.054270346,0.22400285,1.2989713,0.96365494,0.13504928,0.19948064,0.8930892,0.40978947,0.87149,1.1390027,0.20428784,1.6787717,0.34799615,1.0767082,1.1841439,1.6208365,0.40125275,0.07237816,1.702347,0.144003,0.12993516,0.9690006,2.5016277,3.0153346,0.8099521,0.9908881,0.0077378373,0.3219266,0.38424397,0.046331853,3.3755476,0.116394885,3.2615786,0.50449073,0.8960777,0.015164759,1.5704107,0.036344107,0.993013,0.8113523,1.5777828,0.7366199,2.0140116,0.692318,0.17236537,0.76864785,0.65682906,0.3660472,0.8413335,0.44422334,0.67232996,0.51683855,0.022868613,0.4040914,1.7517325,3.2222981,3.083356,0.2532899,1.8478527,0.56333005,0.87982625,0.3681633,0.3654225,2.2035282,0.48991984,1.6247823,0.2708934,0.15554687,0.0031742854,0.26256713,0.29836443,0.39332446,0.07926171,0.53927505,0.12970491,0.45736897,2.6819382,0.31806034,2.54908,2.1845124,0.6467431,0.10874803,0.98403805,0.62451816,1.2069358,0.0010465656,0.69441056,0.1357416,3.7585492,0.33602345,0.5750803,1.5080802,1.5060557,0.8896795,0.1616663,0.40238792,1.7756375,1.1394035,1.5545199,0.36486527,0.37893957,1.6462439,0.68087274,0.66872156,0.2602201,0.27834606,0.06862234,0.75041837,0.5270221,2.2460678,2.3071392,2.1564922,0.074586906,1.1730752,2.0587249,0.22963092,0.7582749,1.1705219,0.4053623,0.3520377,0.33040383,1.8335971,0.226882,0.62358487,0.11579515,0.6186823,0.7444621,0.7185189,0.23934767,0.44784218,0.119295634,4.914189,0.1811446,0.38047895,0.26005107,1.2388288,0.08122182,0.74184555,0.55066204,0.14109951,0.08653495,0.51464987,0.68855566,2.7809806,2.7916975,2.3281984,0.17479089,0.47966042,0.6035885,0.0071340255,0.646442,1.0893021,0.05965009,0.30804813,3.425892,0.6875138,0.12905261,1.3726277,0.2720668,1.5232407,0.24625991,1.2505172,1.1463653,0.34225234,0.9342349,0.117312975,0.096708104,0.20660922,0.780298,2.361314,0.19323009,2.8742971,0.5315506,1.3456564,1.096276,0.53796303,0.07162615,1.0089763,1.4789306,0.80889213,1.3531789,0.80080974,0.87498814,1.5737628,0.59109545,0.44897097,1.0860254,0.18290247,1.5666755,0.15828758,0.49652958,0.43650162,0.54799485,0.44018483,0.6688948,0.23264569,1.0549729,0.5304326,0.21014181,1.7589478,0.59529567,0.91591495,0.5893108,0.14544314,0.48400247,1.4879835,2.3784819,0.6980886,2.1349936,0.41368687,0.28174558,0.113967195,1.3319082,1.0152496,0.39355814,3.3194182,0.6001905,0.4939401,0.28304338,0.7168852,0.85006076,0.7773112,0.31962815,0.6086497,0.74354553,2.069397,0.79701614,1.342831,0.28942916,0.059741806,0.71245825,0.91360843,2.2137768,1.0313827,1.234141,0.8023697,0.30826464,0.42878422,0.78957343,1.9588909,0.06871854,1.6427014,0.5524573,0.6183591,0.5939157,0.5388424,1.5913631,2.0209217,1.3203666,0.59893185,1.1438527,0.49660218,1.8435878,2.2152135,1.2783028,0.49903977,0.87077874,1.6127197,0.84052545,0.012945743,0.20080557,2.5441344,0.90920895,0.7344739,1.6075847,2.7742746,0.59430474,0.2565387,0.4891049,0.29382998,0.33656353,0.29584685,0.103850365,0.71399254,2.5404048,0.74232686,0.35661405,0.75999576,0.49056676,1.2358556,3.74926,0.5648397,0.004788842,0.26711234,3.0984774,2.1958516,1.4595889,0.0,0.065138005,0.78207856,0.17499697,4.255394,0.032877855,0.53179234,0.13338786,2.147121,0.3581182,1.4155849,0.26484883,0.73428416,0.75895804,0.8037544,0.18602742,0.19185328,0.0033526635,0.94420886,1.3572545,1.0540808,0.58887583,0.060248654,0.5823815,2.6947,1.0627319,2.0755625,0.2635427,3.069339,0.951525,3.3128572,3.8142276,2.3993309,0.12809952,3.991263,1.0703928,1.4318583,1.9240968,0.16981095,0.546379,0.28936478,0.29460645,0.85856754,3.2192569,0.9436358,0.9400898,0.85287476,0.5929303,0.03871091,0.75152874,0.4576691,0.1702317,0.15461774,0.0,0.6672343,0.5213933,2.4441462,1.4706072,2.4913855,0.19430177,0.12220437,2.25054,1.6652596,0.75808483,0.4406095,1.3826936,0.9348775,1.3916261,2.0772889,1.3743165,0.3326363,0.68630296,0.5928619,0.24853195,0.26915345,0.31260842,0.60780054,2.2404637,1.7740697,0.04625699,0.8395846,1.6896851,1.081799,0.13078193,0.6729843,3.2408278,0.9705722,0.8382188,1.085558,3.6944423,1.6111709,0.62494475,0.0,0.32424873,2.0072637,0.31772387,2.577452,0.30350912,0.62161994,2.276111,0.10296732,0.21553232,0.9587686,0.77480423,0.3451307,0.19992726,0.818969,0.4208358,0.36374745,4.8572273,1.2914058,0.31147167,1.9294907,0.6980561,1.5313642,0.19726373,0.23879085,1.759627,0.9563195,1.5924667,all_pothole_images\pothole_images_image_1.jpg
1.9760265,0.648387,0.6208724,0.7812841,0.5484645,0.13316765,0.98673105,0.15739256,0.60055655,0.37836358,0.45392928,1.0666064,1.0096121,0.18723598,0.29646745,0.60682213,0.49084875,0.24538137,0.4941681,0.29640657,1.0381277,2.077773,0.18616898,0.20478258,0.7181827,1.105305,0.39144787,1.9136791,0.14973947,0.097178265,0.34785098,1.0401784,0.18689075,3.6177893,1.4684572,2.5035822,0.11628285,0.096930094,0.7908273,0.6443559,0.16730145,0.12892404,0.20670047,1.3969681,0.46485433,1.081604,0.09933765,0.012263991,0.7801965,0.80423826,1.8542248,0.33371174,0.051328517,0.434073,0.1679633,1.9602357,0.89602953,0.4720473,0.33042562,0.012567004,0.0,0.5142552,0.2681894,0.22394094,0.7688447,0.9874082,1.0157628,0.96664476,0.90617704,0.043049198,0.9005639,0.374132,0.18778645,2.1479533,0.4692097,0.047109254,0.15220569,3.9889317,0.41249874,0.39245072,0.81316173,0.14803493,0.662643,0.42350605,1.3125006,1.2292005,0.15847686,0.7654874,1.9905162,1.371138,0.82173866,0.17569962,0.10020199,0.74014443,0.21126848,0.0011844125,1.2389576,2.4664133,0.75075376,1.2368187,0.5794301,0.6440466,0.6808971,0.42914078,0.38222915,0.3141595,0.8533269,0.40834877,0.10919213,0.4547926,0.0998719,1.9483355,1.4492661,1.2658687,0.40510282,1.4433309,1.4760112,1.0168052,2.1022034,1.0906961,2.5577674,1.0310017,0.28922698,0.46897736,0.055680014,0.8414245,0.81066716,1.9742607,0.6055454,0.3192206,1.7595602,0.33573475,0.17942068,0.14641808,0.13616651,1.1166521,0.55524254,0.47327816,0.6078779,0.57897544,0.48400357,0.21981849,0.09423224,0.7369691,0.16692804,1.3799187,0.6627073,1.3771337,0.68222535,0.6679622,0.6526922,0.99025166,0.5520432,0.03299756,1.2075714,1.7585533,3.2723489,0.07852688,2.260639,0.064466074,0.56042403,1.2963674,0.100133225,1.5584472,0.29304692,0.3017067,0.3949848,0.043482833,1.7689056,0.07341622,1.0864412,0.11761285,0.78974974,0.88997096,1.5738477,0.01890066,0.28121895,0.09978442,0.88966966,0.37093297,0.016522609,0.49161652,1.8652645,3.4375463,2.597109,0.4801826,0.12422731,2.334958,2.5805361,0.8821439,0.8684943,0.82194567,0.58062077,1.164105,0.5830486,0.1736412,0.9849219,0.23065126,0.7707247,0.18023384,0.54498124,0.64494675,0.8587278,2.120641,2.005724,1.8919903,2.5208216,0.3839025,3.4651654,0.55109006,0.13106664,0.11317792,0.39931372,1.3798479,0.21423239,2.0450199,0.39571404,0.1171896,0.39971766,0.13667622,4.1978045,0.70181173,0.4026909,0.10948607,0.000101921505,1.2990801,0.6527067,0.36858678,0.52587837,1.203848,0.0007968471,0.4596569,1.715705,1.2138023,0.04622259,0.16416222,3.970097,0.38033566,0.051352713,0.49920246,0.49432278,0.560571,0.045197047,0.08113976,0.35140786,0.34336415,1.4505864,0.16387515,0.15338223,4.1093717,1.5460521,0.2007939,0.9327802,2.401137,0.028976994,1.9574172,1.3009348,0.47752756,0.24391769,2.5096512,0.06000199,0.6334145,2.43649,1.3415656,0.42148757,0.44526297,1.5042009,0.8190692,1.0020102,0.04822843,0.09199333,0.06035125,0.2061839,0.6950796,1.8837948,0.42173398,0.94976807,0.39171728,2.1385527,1.0957724,0.8778287,0.016173718,1.3163692,0.6375955,0.00041200675,0.5854386,0.71772814,0.047138795,0.6386425,0.67705,1.0567962,1.4537518,0.2826313,1.0750809,0.58591866,1.0615916,1.8291953,3.6820579,0.36824474,0.9264632,0.81660867,1.0011859,0.43767413,1.1841199,4.2996316,0.7958095,0.2511006,0.7110374,0.0,0.34937653,0.56658196,0.62111086,3.191317,1.5749828,0.95406586,2.220268,0.1286553,1.0196183,1.8960456,0.0,2.1227715,1.2190077,1.1580205,1.5176004,0.0,0.44109687,0.9387906,0.16094539,1.8442283,0.7458927,3.0279684,0.4234493,2.3529441,0.0,0.7776219,0.02492242,0.93621296,1.7642187,0.3905398,2.3789308,0.9918884,0.320885,1.86265,0.48590067,0.27101704,0.14942953,0.7165812,0.27037725,0.010546209,0.3628147,0.017929053,0.93587875,0.19075935,0.2692728,1.144759,0.21306236,0.45745012,0.30430996,0.74535275,1.4524912,0.021713363,0.6005467,1.4340943,1.6716336,0.43523437,0.6080796,2.1603816,1.1728159,0.3916153,0.004877189,1.0070577,0.6085904,3.3247776,0.0020890513,0.8897638,0.077973396,0.4016727,0.35006642,1.1697204,0.8041168,1.120711,0.0060679354,0.39987862,1.8976642,2.9769714,0.85656434,1.2817948,0.0,1.025002,0.82643116,1.0651125,0.9319492,0.0229364,0.3191678,0.03550786,0.17381689,1.7942435,0.040899523,0.7894268,0.6150617,2.4079328,0.7063326,1.6403311,0.1564406,0.86296064,0.44875035,0.4109551,1.2620094,0.0,0.23719421,0.91528255,0.9139732,0.35811377,1.3083364,0.0,1.2656771,0.83328694,1.2026416,0.10877841,0.40591055,1.738734,1.8538927,1.1593686,2.578574,1.8048904,0.58928525,1.5461057,1.0707207,0.18891747,1.2979611,1.044238,0.52948034,0.2625772,1.3622645,1.1442139,3.3100011,1.4321544,1.6495965,0.3246322,2.665237,0.5280624,0.5124786,0.48498186,0.7835997,0.5971287,0.07865823,1.1267638,0.30058947,0.037115555,0.87888473,0.9057603,2.2042763,2.0113943,1.5000707,0.894967,1.2399149,0.4851039,0.15743615,0.333681,0.84567904,1.3891923,0.27170473,0.73665524,0.22665389,1.3254812,0.05387629,1.0227249,0.2778315,0.232193,0.4530093,1.084612,0.6725213,0.1849738,3.079225,1.6592847,0.21723753,0.7238615,1.8199646,1.2493522,0.40654165,0.8330559,2.5531285,2.2938538,1.8287624,0.22916314,0.36377716,1.1309296,1.3996437,0.43838394,0.27085435,1.1555898,0.53375506,0.082296334,0.082948394,0.049815934,0.1963976,0.008023975,0.19806509,0.22006652,0.0,0.79606616,5.4160905,1.3126955,1.0124496,0.236732,2.1291268,0.23116446,0.10676711,0.2008709,1.8712709,0.22436094,1.4177681,all_pothole_images\pothole_images_image_10.jpg
0.3002705,2.6442337,0.56965387,1.3729064,0.9407191,0.31308505,0.41043285,0.0077865454,0.09604708,0.7875084,0.57046366,0.4457863,0.523848,2.5094068,0.048578788,0.83022445,1.4143754,0.82225984,1.112167,0.22494796,0.717902,2.0351322,0.9595449,1.4493232,0.0665694,1.08476,0.26913533,0.7116484,0.8714845,1.7796708,0.37798175,0.4816927,0.24416287,0.6003016,2.1386747,0.47765002,2.3232465,0.9880565,0.0858705,0.51096535,0.7028547,0.04478761,0.289159,1.931089,0.32684034,0.64498353,0.7074651,0.39533097,0.21673815,0.06013936,1.5868342,0.46879685,0.8548878,0.8371159,0.13255627,1.5666056,0.61048865,0.14887552,1.5478489,0.23307422,0.80791306,1.5869408,1.1800834,0.27645552,1.2618358,0.28751677,0.77953804,0.53753394,1.19973,0.41673204,0.8792743,0.29101923,0.8475009,0.101920106,0.34461492,1.1941193,0.30462575,0.49361908,0.22512083,0.4595552,1.3940241,0.4073823,0.3734018,2.346908,0.7991295,0.59292847,0.42234364,0.047013447,3.4014764,0.087106496,0.5802054,0.5168673,0.0152327875,0.82654727,0.68191046,0.8053458,0.341861,1.9058728,0.07120841,0.6235055,0.72743195,1.3355994,0.68188286,1.1022716,0.86361986,0.5945058,0.13346608,0.08268926,0.5089225,0.35860878,0.13088831,1.4672744,0.4900413,0.4842344,0.9354416,0.29698032,1.3154166,0.10984683,1.274497,0.7646586,0.3622101,0.6154766,0.29800084,0.40911832,0.11832057,0.7190893,0.56940484,1.7122049,0.51196605,0.96887654,1.1677247,0.45822516,0.2957611,0.14962487,0.9566066,1.0465916,0.13609287,0.53252566,0.7645707,0.6193227,1.145053,0.05156295,1.1520698,1.2749968,0.09386619,0.080365546,0.028511513,0.09470965,0.47067252,1.187212,0.8988579,1.4635919,0.27191013,0.17696929,1.179204,0.5147762,1.3619003,0.8725964,0.54311776,1.1897725,2.569076,0.90538114,0.0,1.1101221,0.45026836,0.17167933,0.75950307,0.56583667,1.3199055,0.7045947,0.4244934,0.410146,0.6387562,0.7965401,0.865665,0.5835502,0.37949237,0.18514279,0.9147821,0.49822634,1.6410497,1.9114575,0.20644769,0.22456506,0.20670299,0.7747205,0.664652,0.30627498,0.4075981,0.5537372,0.031856257,0.7833288,1.3223485,1.0895674,0.015390784,0.07377465,0.72195315,0.71990126,0.766311,0.61401695,0.25250593,1.0037489,0.65334535,0.47291836,2.5565999,0.6874246,0.6763931,0.27679357,0.60650223,0.38250476,0.4673733,0.5332275,1.5639164,1.5720265,1.7853869,0.84012324,1.435658,0.9873061,0.56924015,0.3522033,1.8151779,0.23819341,1.1319718,0.39286867,0.59901714,1.0270243,0.31871298,0.44786435,1.7913811,0.04816564,0.71356255,1.1013962,0.22853361,0.7495703,0.68376213,1.1618907,1.3596611,0.29253435,0.0,0.4114258,0.0420259,0.18082519,0.021990076,0.3796635,0.67037374,0.6838683,1.3179511,0.30748996,1.3694427,4.180291,2.0621662,0.038457036,0.59448457,0.9358735,0.0788379,1.5531937,1.9803942,0.7209084,1.1969085,1.8057939,0.701078,0.43235272,0.75432587,1.5264167,0.90320563,0.8028549,0.09477498,0.9788622,0.53295743,0.82033676,0.82913053,0.56540096,0.09626269,0.18895304,0.3516586,0.82073957,0.68120885,0.33097157,1.1883509,0.9928111,1.183164,1.6150391,0.030876955,0.23206873,1.5407845,0.22297002,0.87894267,0.29486784,0.8118439,0.18351527,0.12586951,0.7903277,0.09500947,0.34092575,0.47291222,0.30376172,1.5307975,2.0329652,0.28767928,1.5348411,0.04960013,0.4700441,0.28133672,0.7972272,4.262176,0.39035898,0.144591,0.37671247,0.5862992,0.4337091,1.5458329,1.2214714,3.4745638,0.093045205,1.3068672,1.3769808,0.6780042,1.4569169,2.4583805,0.16200949,0.30822963,0.109582014,0.008748986,0.062076885,0.13176145,1.7708392,1.0589702,0.42713118,1.632859,0.9704175,1.5142361,0.4108165,0.0065044747,0.044922423,0.19473319,0.044282537,1.3408347,0.21222948,0.5500069,0.41850063,2.0451567,0.4261979,0.27930668,0.43748146,0.20043112,1.0559278,0.8892598,0.33438328,0.32996076,0.89318913,1.1222111,1.2039948,0.075219475,0.75261086,0.4355313,0.2013556,1.5339587,0.97910357,0.008969188,0.7467105,1.2270892,0.4117128,1.5894717,0.3723585,0.5070093,0.4333946,0.92304754,0.041397337,0.742452,0.6076874,0.67524546,0.6355223,1.1360471,1.236387,0.898925,1.1065683,0.26332194,0.025156964,0.1714033,1.4375056,0.9857011,0.29319903,2.0055292,0.30203316,1.9841244,0.58331615,1.7927256,1.7690758,2.203288,1.8928499,0.75821054,0.2089391,1.127257,1.293694,0.027304914,0.26694053,0.9365174,0.8089689,0.45968238,0.13893752,2.602897,0.79219025,0.19793288,0.4936215,0.8133741,0.017421342,0.43165147,0.43258217,0.12117743,0.46959117,1.9628196,0.59824497,0.5028968,0.8110281,1.0209712,0.45043337,0.69196117,1.5322746,0.3292991,0.06322756,0.63803464,0.0939211,0.9155343,1.5749723,0.968497,0.54244286,1.4552059,0.9910295,0.64355826,0.14028168,1.1542525,1.2952685,0.24455935,1.011709,0.69948745,1.7712144,0.42953256,1.028641,0.8198695,0.5689376,1.0395528,0.12937014,1.2295655,0.5371901,1.2142214,0.13002586,2.4422011,1.2381868,1.7140617,0.8665499,0.7213473,1.307066,2.2034605,0.7857039,1.1502776,1.5633546,1.8064562,0.13902976,0.38919836,0.8884064,1.6935964,0.5901617,1.1278216,1.6079813,0.90524495,0.3048273,0.6039421,0.1819623,1.6470003,0.6087637,1.3936956,0.5144889,0.43769512,0.6309494,0.4244278,0.4509995,0.07191496,0.69859016,0.6843875,0.29291755,0.49432877,1.0211569,0.01855986,0.52032644,0.012327433,0.12448986,0.90959865,0.078543134,2.0534952,0.27208304,1.9169655,1.0303575,1.0832939,0.023903914,0.04909377,0.5805702,0.14579952,0.20495859,0.27084213,0.26711652,1.1863003,4.096338,0.15481052,0.9767649,0.9763859,0.5091074,0.23971713,0.85175896,0.62506664,0.3137022,0.0,0.3638794,all_pothole_images\pothole_images_image_100.jpg
1.2527647,0.35740408,0.18319131,1.790716,0.23596537,1.2397242,0.62526774,0.050645515,0.74490637,0.69857013,0.39300615,0.11987213,0.17156646,2.409743,0.37101123,0.003919754,0.23748381,0.69741225,2.073518,0.025424903,0.8561409,3.7569823,0.4694645,1.1060183,0.75283784,1.1319035,0.22334857,1.8293519,0.28845266,0.6268311,0.66310704,0.3246068,0.60967785,0.70036006,1.4706584,1.081998,0.93275994,1.0346191,1.2167647,0.105872855,0.17973094,0.056716543,0.48794022,0.22081232,1.082274,1.1049899,0.39196917,0.13638978,1.0016266,1.9560082,1.5987343,0.37767607,0.7214341,0.23241024,0.27063802,2.1456122,0.7205824,0.8692787,0.59922385,0.47015885,1.4691458,0.6254416,0.85409653,0.42212301,0.93350434,2.118884,2.06474,0.13974474,0.71314454,1.1772567,0.83758074,0.8210854,0.51168627,0.750894,0.5337697,0.72379124,0.34580123,0.1837686,0.37673172,0.041672852,0.41960004,0.012338588,0.0493392,1.03415,0.38655752,0.08211631,0.0,0.44038647,1.9287043,0.29978415,1.3442363,0.7494415,0.45094725,0.6537646,0.20842434,0.41114542,1.4582222,2.1113617,0.414643,0.5627298,0.4409396,2.5388513,0.54816955,1.5807843,0.34277108,0.7742747,0.65051454,0.14017862,0.6110925,0.27462417,0.031164888,1.4279265,0.42054895,0.82968116,0.7810898,0.5451089,0.755535,1.0531293,1.3673189,1.1574444,1.0651224,1.4422644,0.82157946,1.3655815,0.043663695,0.6855081,0.8669676,0.88845253,1.0598817,3.5670767,0.82683676,0.013478424,0.40552512,0.35572058,0.25613782,0.2973795,0.42999473,0.68326163,0.9501061,0.15306868,1.1235051,0.7233791,0.19661252,1.9659314,0.5674541,1.0918019,1.1898522,0.17302361,0.049814515,0.6884416,0.0394105,0.74470854,0.008928542,0.0,2.0676062,1.3346502,0.875241,0.69264,0.22939697,1.657238,2.8633585,0.22179951,0.15084682,3.0505326,0.54730785,0.10154769,0.32885683,0.22624712,1.2978507,1.585084,1.1048913,0.07447988,0.11446948,0.89271,0.47050405,1.0717256,0.62372977,0.0,0.073860236,0.23902094,0.17661548,3.1819706,0.6475105,0.39136994,1.0068331,0.9984268,0.03171205,0.29569632,1.1166052,0.454243,0.53465855,1.1005116,1.8637779,1.4033648,0.091566175,0.9655192,0.5692988,0.5416728,1.0198109,0.5762099,0.57127416,1.4249932,1.1696947,0.8900243,2.4021578,0.7815715,0.6936306,1.1997795,0.36740765,0.25659972,0.20332146,0.065664,1.2028098,0.4493768,0.610073,0.71856165,1.4154868,1.3355893,0.238359,0.8688479,0.9812257,0.33091587,2.4410768,0.7649536,0.1614911,0.6280335,0.55084795,0.4919309,1.1190995,0.5486212,0.14943881,1.3333014,0.15247484,1.3666903,1.5674338,0.040857535,0.8716856,0.81599754,0.109788805,0.20960778,0.28773674,0.30798724,0.43977478,0.14547254,0.2250988,0.6888589,0.405244,0.31397527,1.2386055,5.9310327,3.0941908,0.023781363,0.30135852,0.61984044,0.04086189,1.2108647,1.4291147,0.29790273,0.4406363,2.0878446,1.0800889,0.42224196,2.1047022,0.3843818,0.6395648,0.74331117,0.14933534,0.67868215,0.21733026,0.29832208,0.89874697,1.1118346,0.18237355,0.22467117,0.7637276,0.5516537,0.9953037,0.23642859,0.57876176,0.3165362,0.8278499,0.01620879,0.19609785,0.47206676,0.9708245,0.54381967,1.3466052,0.57606936,1.8655268,0.25188762,0.08211225,0.44922286,0.048528235,1.5919435,1.3531483,0.0,1.7150027,0.88388556,0.21352568,2.6546228,1.3036852,0.74014294,0.27938327,0.52154243,1.310932,0.35205314,0.31837022,0.3314072,0.032043733,0.2504977,2.4825287,0.3213538,2.0759048,1.0300974,0.8178061,0.11037124,0.048817623,1.1650459,1.5078412,0.7118261,0.6810239,0.0,0.68613744,0.5853419,1.185259,1.2625251,0.5437325,0.2893841,1.5622982,0.043580394,0.91925657,0.7608405,0.91510147,0.09145053,0.8456681,1.779524,0.34000713,0.33145234,1.1468488,1.1132023,0.2487685,0.34865317,1.7310555,0.03622672,0.67274845,1.5469193,0.0365692,0.22036232,0.36898857,1.291447,1.0720273,0.15700163,0.22134618,1.9395962,0.21067,0.8050533,1.4816278,1.1939458,0.7290277,0.8305631,0.9850487,0.040458508,0.24118887,0.16054288,0.154897,0.0,2.8513212,0.65509826,1.0971028,0.77608657,2.1161187,1.0055763,0.88756716,0.8040004,0.49564874,0.3155038,0.12332476,0.06899218,1.6403321,1.2299426,0.643974,0.22996889,1.2566329,1.6054786,2.5573518,1.6985402,1.3744155,0.44183153,0.5067988,3.4458323,2.591996,0.7728849,0.16355743,1.0566512,0.067673534,0.71586716,1.0747037,0.7319728,0.29515392,0.05582318,2.7863517,1.2791445,0.28175008,0.07543811,0.85888237,0.042556714,1.3534256,0.17194703,0.6518868,0.7288737,1.1829641,0.38013548,1.402979,0.45471218,0.24656989,0.46012565,0.28533795,1.3231981,0.45015708,1.1820037,1.9936016,0.38162118,0.35531518,2.282998,1.4171854,0.91091245,2.2807841,0.42529652,1.5183055,1.5100123,0.10674926,0.4121685,0.57824296,2.7255208,0.7724216,2.84727,0.45964134,3.8615296,1.4160041,0.009598852,0.9583449,0.0,0.96000046,0.7049389,0.7741969,0.069728896,0.5641372,0.37822497,1.3288316,1.7424409,0.12144103,0.38897315,1.1760093,2.154241,0.5995726,0.93655294,0.16937593,0.23034637,0.9792018,0.8914511,2.0222116,0.920087,0.64586437,0.2756542,0.33713314,1.0632899,0.0081559,0.11383035,0.08985195,1.3140956,0.60964894,0.4188397,0.0,0.57753986,0.44037074,0.059634198,0.45783487,0.9106562,3.1865277,0.0110109495,0.6641088,2.2473297,0.38144708,1.4737722,1.1077392,0.018989082,0.56514114,0.04233723,1.4214988,0.005318841,0.84319735,0.42833734,0.03782861,1.0311843,0.41977364,0.075546004,0.95267314,0.1839304,0.86947227,0.29042935,0.06909342,3.9988394,0.3911259,0.0074287774,0.36394987,0.054877188,0.12137977,0.972421,1.3668708,1.3067408,0.59471714,0.09735949,all_pothole_images\pothole_images_image_101.jpg
1.8312359,0.47011748,0.1833421,0.7844392,0.93193114,0.5079372,0.2597927,0.31944138,0.76777196,0.9558074,0.57157034,1.0531546,0.5806378,0.88301164,0.6830613,0.3489331,0.6625117,0.0003370854,0.54621005,0.54199433,1.5535945,0.7324942,0.841862,1.8175081,2.0869648,0.49939352,0.020001069,2.1824539,0.04787556,0.54919416,1.0045171,0.9512634,0.5800828,2.290344,0.915325,1.1286254,0.21107842,1.4912838,0.21960118,1.2844545,0.14148724,0.18991973,0.21809235,0.62892514,0.9857087,1.1654282,0.00023745428,0.44268003,2.2965531,0.439984,0.74476635,0.25450686,1.0873668,0.14435254,0.13851424,0.9125117,1.5443712,0.3013768,0.19110559,0.6363464,0.054898404,0.0046791425,0.061951995,0.3584133,0.8418078,1.2897054,0.3833957,0.10964783,2.1116564,0.021855617,0.13365199,0.84561324,1.085311,1.3680317,0.14137982,0.63232917,0.36754903,0.7139357,0.017522315,0.2031909,0.041221987,0.57709414,0.55465025,0.6887271,0.66131794,1.1223259,0.06839696,0.9784101,1.7288208,0.6197786,0.28416035,0.18606004,0.30398512,1.2420505,0.12292838,0.052315824,1.1427494,0.86865854,0.24116418,0.37704492,0.059245683,0.6110594,0.13724165,1.1440942,0.63546455,0.25127068,0.032540042,0.69300574,0.010599836,1.1595695,0.06816409,1.9127238,0.686859,2.5529883,0.7990444,0.63915586,1.4195379,0.23629983,1.3132153,1.3169892,3.2325613,0.91063255,0.71225435,1.7205913,0.97909653,1.1467307,2.5584188,0.789168,0.72996986,0.30391288,0.42922065,0.27086478,0.32898384,0.18632914,1.3110071,2.2132876,0.46842808,2.4149606,0.8303915,0.05298197,0.19589551,0.49363682,0.02315187,1.8099583,0.1457839,0.5329882,0.026969647,0.9792927,2.318063,0.03980486,1.99493,0.36955172,0.44720832,0.04368959,1.7990587,1.0020889,1.1092056,0.16642006,0.04559113,0.22967154,2.6139467,2.0199244,0.0,1.2655834,0.12930706,2.2980719,0.035061516,0.06610686,2.6731896,0.58411586,0.5889404,0.06444738,0.38421464,0.026840309,0.38287196,0.1403915,0.7707129,0.0040478017,0.35919163,1.0126638,0.0,1.9376227,1.8501589,1.9814314,3.485907,0.8998707,0.9809533,0.8807415,1.060145,1.4612015,0.46034843,0.04344673,0.17101462,1.7280865,0.608901,0.4636404,0.30792686,1.4376808,0.27392694,0.1040242,0.6167185,1.098259,0.13651282,1.0961488,1.4392991,0.71545357,0.8587184,0.18246856,0.48365492,0.2565039,0.025549557,0.16279715,0.2873087,0.22715613,1.0833182,1.4301245,0.31282264,0.039729,0.2730717,0.049603455,0.6407894,0.19163987,2.5544333,0.9769801,0.0015066207,0.030259712,1.6992265,0.03984893,0.40607414,0.71913797,0.010044457,0.22533183,0.11672883,0.91404366,0.56461334,0.44098505,2.392461,0.3023964,0.3127626,0.20935477,1.026936,0.5293404,0.2444806,0.51556814,0.10885034,0.40377325,0.67984754,0.21119483,0.7374757,4.663061,0.083320715,0.76520705,0.9902759,0.21673736,0.29546368,0.06983903,0.57167286,1.3175974,0.032911364,1.1268955,0.43109503,0.12727101,0.414474,0.38642251,0.46119016,0.6430064,0.22128436,0.52850723,0.6309373,0.33225477,0.9368005,0.025338436,0.19646208,1.0850176,1.3163763,0.7574235,0.5413422,1.5216768,0.8198158,0.8211819,0.029436164,0.124204546,2.4673727,0.005962682,0.9591846,0.19476102,1.0399803,0.6337138,0.591403,0.61827976,0.6959831,0.036415607,1.0698034,1.0195675,0.6117053,1.328953,1.061175,0.78494793,0.4824294,2.3836393,0.25767434,1.5228949,0.015417441,1.2529058,4.1788187,0.6572258,0.66002053,0.65504766,0.05526331,0.014121387,0.24091561,0.27353504,4.020241,1.6185684,0.20168129,0.17322484,0.11125651,0.8009171,1.6994036,0.54888827,2.9962974,0.048095006,1.7697084,0.8221612,1.6448314,0.07423175,0.9468018,0.3607561,0.9383498,0.18034172,4.335938,0.27887806,0.11896764,0.0,0.42006752,1.3262889,0.5954433,0.74378914,0.23697685,1.1411912,1.4254826,0.49725744,2.5702507,0.56204075,0.61236006,0.9111084,0.24372381,0.72826093,0.31601217,0.09167452,0.35436785,1.9953631,0.3611246,0.8453235,0.08812244,0.25934348,0.05722369,1.388134,0.47856444,1.2393879,0.367023,0.8902018,1.5183662,0.7959333,0.07125094,1.4163296,1.1905004,0.47732127,0.118953615,0.007546615,1.3772147,0.99683136,0.5740562,0.068265215,0.5594607,0.23184153,0.416377,0.62019944,0.4644502,0.34380355,1.2041128,0.040788516,0.083759815,0.83364636,1.8978513,2.004922,1.0723419,0.16902132,0.061366294,1.7402054,1.5713106,1.6137667,0.4902971,0.0,0.31291753,0.6802505,1.6535581,0.45579794,1.0937477,0.15922543,4.242281,1.5213392,1.034581,1.0318315,0.13837478,0.49635437,0.21250409,1.6547146,0.35266906,0.39060548,0.5276106,1.1253753,0.9456457,2.3306441,0.0,0.43781763,0.56057113,0.033119846,0.43818605,0.64277977,1.3454287,0.5063008,2.4808517,3.3536026,1.19303,0.18571186,0.6777842,1.0145826,0.17131668,0.4490893,1.1879059,1.280309,0.7822836,1.447795,1.6085693,3.7862794,0.8417419,0.64004886,0.079824135,1.7886832,0.08797573,0.12085067,0.0,0.42802775,0.21412152,0.201742,1.1266648,0.6356908,0.025382567,1.7280548,2.4046178,0.79697657,1.1731198,1.4866853,1.4110612,0.63781554,1.1726317,0.49974945,1.25054,2.6165516,1.717768,0.17014165,1.9551733,0.29179955,0.14351037,0.16902117,1.7074444,0.035508983,0.5183764,0.70998865,0.5796575,0.5157646,0.6161508,0.26899824,1.0526274,0.28290206,0.7342576,2.0804312,1.1171664,0.18172823,1.246273,3.6642954,0.61862266,0.96278006,0.17186305,0.3573592,0.57517624,0.82782084,1.4459617,0.06854239,0.9351077,0.5797166,0.23592131,0.00757413,0.25793996,0.2088173,0.1942783,0.4423453,0.97841245,0.7748353,0.3375258,5.144707,0.8892688,0.41272697,0.18952885,0.49327832,0.5966055,0.033111237,0.19566187,1.0393076,0.76541024,0.9820501,all_pothole_images\pothole_images_image_102.jpg
1.1261368,1.2779175,0.24614398,2.3706164,0.4906711,0.18699418,0.40618363,0.0,0.1349321,0.34753993,0.36008266,0.07584427,0.14472747,1.0354584,0.37985224,0.4064823,0.048993,0.0,0.33846182,0.5741599,0.38655502,1.6968297,0.70861346,1.0496656,1.0453483,0.58327836,0.14911655,2.2402868,0.033457812,1.1193563,0.9137516,0.15956399,0.1687968,0.22349778,0.24516745,0.72827756,1.1830941,0.30885765,0.7007381,0.14297268,0.0,0.4835799,1.353614,1.2719159,0.6266554,0.54534936,0.33043194,0.5973389,0.38856873,0.29353148,0.55511105,0.8674355,0.28345478,0.41945487,0.014625053,1.413662,2.5762236,0.0056126937,0.15100358,0.13509047,0.017675776,0.47613227,0.9959854,0.64238787,1.1640718,0.37712416,0.3452136,0.0,0.0083408905,0.25200447,0.5476088,0.34037966,0.1347193,0.9187145,0.47836226,0.68753403,0.14535666,0.10513809,0.0,0.27697355,0.3126466,0.8092589,0.43994018,1.1550545,0.59565234,0.7451541,0.33549452,0.034400754,2.3090649,0.15898862,0.16678742,0.0,0.18284187,0.11427794,0.03966462,0.0,0.89771557,0.17785867,0.454733,0.7543859,0.09094526,2.3260937,0.954224,0.19932657,0.36059678,0.0,0.71089524,1.0429815,0.030063065,0.7542751,0.36102018,0.23378202,4.2620645,0.12617826,0.50110215,1.4158938,0.9752912,0.0,0.52998847,0.49525604,0.26084706,0.66429466,0.30606702,0.35334027,1.1655377,0.5554627,1.6526312,0.14479914,0.7356507,0.22898413,0.418858,0.2761602,0.29424888,0.0,0.6742495,1.293144,0.4838935,0.6174093,0.70661634,0.0,0.44864795,0.31078625,0.05817045,0.20362258,0.789307,1.9887538,0.0,0.3619142,0.41904938,0.26220936,0.39503187,1.1659669,0.2852303,0.3415075,0.8240822,0.24497308,0.4383569,0.05175747,0.78157634,1.3094703,0.63199145,0.30368525,0.050556913,0.6698698,0.09382004,0.64519,1.4041934,0.266176,1.9105598,0.26165354,0.27414098,0.35997283,0.47612903,0.18709077,0.28965983,0.7425019,1.703138,0.01833183,0.8492396,0.05361206,0.061312802,0.9177864,1.0047145,0.33161992,2.315388,0.0,0.10339505,0.9139393,0.4600317,0.30296177,0.69595873,0.43898094,0.37692025,2.1872854,0.719037,0.0,0.7380387,0.492283,1.1261728,0.7406352,0.5655437,1.5375416,0.31683457,0.40537307,0.09168378,0.29350868,0.529675,0.4576746,1.413226,0.09513462,0.0,0.14768913,0.26333794,0.3689325,1.4284565,1.7961662,0.33250085,0.17479908,0.1554277,0.23783602,3.5554376,0.0,0.4311492,0.010731894,0.01931509,0.99165356,1.2268404,0.003567247,0.9958512,0.3495253,0.21885587,0.21062753,0.85046333,0.3013424,0.41936758,0.36491147,2.2771213,0.16970381,0.36416703,0.7245781,0.4106668,0.013425008,0.12040102,0.38953388,0.117171146,0.0,1.3731544,0.6524363,0.57740074,4.408408,0.1953913,0.04681518,0.45101017,0.013168583,0.034845438,0.07225323,0.7499805,0.0995426,0.42150903,3.6918204,0.9676723,0.2263276,1.1910207,0.1883255,0.11572336,0.43795767,0.35039964,0.9275074,3.4267135,0.28027987,0.11109627,0.0073241713,0.9515247,0.054071475,0.2451609,1.0788734,0.033833295,0.29326227,0.41838697,1.4987749,0.62709814,0.5052043,0.62968934,0.19573978,0.0772222,0.3246798,0.70832324,0.7693808,1.3475003,0.29315147,0.27482003,0.1659291,0.27310506,0.75148064,0.004927441,0.8397607,0.66378766,0.58135176,0.03693905,0.95501643,0.19439973,0.41732687,0.061008833,0.24199711,8.37067,1.5782018,0.41819406,0.4175709,0.0,1.7345347,0.25844064,0.9867391,2.6020315,0.7708628,0.06643465,2.0456383,0.012106718,2.1678817,1.9725616,0.26367003,0.34654224,0.26782796,0.18313436,0.30631298,0.43380406,0.4366139,0.781993,0.065899454,0.39213243,0.37147614,3.4097486,0.08031314,0.1591084,0.30325395,0.13238573,0.2147105,2.4914794,0.20558135,0.31289008,0.27009404,0.53081506,1.3937135,1.6308767,0.29495072,0.176635,0.1763377,0.54797685,0.027555645,0.5201849,0.3234382,0.64173275,0.020458542,0.19731912,0.3383343,0.44477442,0.0,0.7305056,1.5354356,0.34035486,0.5782344,0.14868246,0.29191995,0.36005187,0.72081363,0.32246828,0.0017130941,0.4301138,0.6390473,0.6568251,0.018962407,0.6509773,0.2559455,0.16366945,0.24553837,0.46091703,0.5094302,0.12621708,0.21871899,0.8439845,0.50408524,0.438511,0.074673824,0.517209,0.3685734,4.073473,1.722745,1.9911368,0.052180313,0.16260111,0.58712876,0.8248294,0.18246602,0.074599355,0.04229568,0.2303088,0.48869646,0.07409643,0.0,0.14507322,0.54951,0.84745306,1.1321391,0.5574354,1.5432094,0.9387217,0.5558683,0.44281605,0.46433532,1.317399,1.1970153,0.19919677,0.07626402,0.0,0.44264007,0.037631582,0.5763278,0.3648458,1.0431622,1.47763,0.0,1.1077231,0.13586009,1.0477922,0.87168884,1.799472,0.69061774,1.6899003,1.6050054,1.3781788,0.042779088,0.78325623,0.25589603,0.19494848,0.9022128,0.0,2.722965,0.15402214,0.74511296,0.0021604428,1.3278824,0.9629159,0.4943529,0.16584632,0.67534685,0.2280765,0.1083944,1.2147003,0.30210865,0.6555488,0.09841936,1.3112068,0.251888,1.0696591,0.31778234,0.708237,0.66185385,0.84382486,0.42238212,0.012713578,0.16395259,2.767561,0.21342972,0.9401291,0.0,1.4192455,0.12842305,0.014627025,0.012164148,0.49883246,0.86580974,0.29867095,0.04093748,0.54781026,0.5466342,0.58414894,0.39009807,0.6632282,0.35832813,0.057169106,0.7786697,0.0,2.4292858,2.279483,0.990823,0.35486946,0.025490118,0.7053391,0.14150673,0.045370642,0.35496125,0.48120612,1.6405463,0.041211978,0.41662973,0.0011202378,0.25858802,0.38104832,0.12445822,0.022093195,0.026719255,1.299612,4.1979327,0.41992366,0.72623503,0.67514646,1.9600288,0.6434569,0.23787087,0.5888004,0.28202957,0.2319263,0.2728093,all_pothole_images\pothole_images_image_103.jpg
0.59546226,0.24433902,0.12651736,1.1913812,0.82805085,0.15049124,0.89653856,0.32464045,0.7231886,0.66984636,0.2552262,0.8577175,0.0003608885,0.74345636,0.03825886,0.13841452,0.19786425,0.108560115,0.7341607,0.96018046,1.10303,1.3597428,1.2888399,0.6564387,2.1675591,1.7109416,0.6384832,4.2526164,0.24935748,0.02882716,1.2603613,0.1222651,0.59551036,1.1231371,0.026751399,0.2335015,0.036125418,0.35129878,0.9897263,0.03806567,0.0,0.43794802,0.10081172,1.376027,0.61231667,1.7048489,0.0,0.46891356,1.025355,1.1985687,0.9437679,0.123923026,0.110601485,0.021619808,0.0,0.59444153,0.24389835,0.11127071,0.10301226,0.100842535,0.029809372,0.105843715,0.35756135,0.5377669,1.8743843,0.27668843,0.71891505,0.04341466,0.2649355,0.00067669945,0.7692969,0.2179116,0.4480418,0.38649514,0.52646524,0.08570226,0.046311703,0.50226563,0.028496841,0.5408809,0.0,0.06272847,0.8309978,1.005155,0.038676277,0.37320086,0.057915624,0.15264195,0.98309994,1.2053179,0.02533795,0.46209413,0.17639023,1.0264802,0.7012691,0.0,0.72377884,0.20701495,0.06079043,0.93952924,0.3220945,1.8629538,0.20098378,0.019244026,1.2315118,0.10604147,0.17195621,1.0719378,0.0052745035,0.0785303,0.046437994,0.39911303,0.52981436,0.94051546,0.7436847,0.35026821,0.056494404,0.20600085,0.9544984,0.21483475,4.5475974,1.208382,0.03058233,0.79715276,0.399365,0.3253976,2.9671757,0.0,0.70737255,0.04561237,0.03537487,0.11700827,0.0,0.1490694,0.18771909,1.0377975,0.25430825,0.004681198,0.4704867,0.015486218,0.6972047,2.385491,0.95471907,0.26398167,0.8110878,1.3384104,0.0038202864,1.2854174,1.1097034,0.0,0.35601044,0.7566615,0.0030540088,0.092920415,0.9355068,0.7906511,1.6304047,0.18586633,0.9624134,0.32992578,1.2174591,1.2606441,0.21720247,0.07914142,0.40373433,1.4432405,1.5005066,0.0,1.1817318,1.5012255,0.13996992,0.004662402,0.091836594,0.2418736,1.1341407,0.71009886,0.99074256,0.43558374,0.4766379,0.4146084,0.18832013,0.013193125,1.4866389,0.59839654,1.4283668,1.1522467,0.2050014,0.14516531,0.32517615,1.2483147,0.08142133,0.62676454,0.08240917,0.94023615,0.49735937,0.330038,0.5786419,0.17306271,2.2746434,0.3295713,1.1782238,0.5127852,1.661402,0.5992021,0.10538185,0.27097479,0.17750667,0.061734937,3.3716187,0.938365,0.24169171,0.02416882,0.51741725,0.25417548,0.49113807,2.107443,0.29717258,0.041409332,0.45693275,0.9823897,1.3474036,0.9394188,1.8784597,0.6312522,0.044090748,0.058979765,1.7337347,0.38185647,1.4816881,1.4128537,0.82728666,0.016652174,0.3376295,0.034512844,0.46942544,0.17679273,1.7434661,2.5598094,0.30683142,0.5109389,0.22347687,0.21353935,0.110855274,0.79011667,0.80641544,0.020913664,0.47772402,0.24609375,0.07976325,5.30703,1.4842257,0.07727786,0.2687421,0.53962743,0.082759954,1.7862816,0.041999258,0.77072346,0.33726045,2.6315434,0.5971326,0.35937726,0.7500941,0.018519295,0.10222152,0.0059279366,0.32028174,0.26409885,0.6958407,0.15424506,0.39209685,0.035775505,0.105846964,0.79599077,0.15273948,0.49726695,0.04086546,0.35954082,0.31033233,0.36540478,0.89698386,0.9100834,1.1859217,0.5538247,0.4317167,0.8594456,0.9023498,0.5416537,1.14746,0.10916982,0.0002711445,0.7896816,0.15094423,0.88239366,0.017828897,0.91504997,0.35318953,0.6672595,0.5418224,3.311374,0.42366573,0.40991375,0.30922437,0.011227732,2.0022333,0.6300907,0.99742186,0.012255607,0.0008382857,0.54167646,0.39842644,0.05662459,1.4918399,1.5464188,0.6217102,0.05165842,0.9798112,0.40272164,2.8384736,0.17597385,1.3508204,6.985814e-05,0.7191875,1.3555071,0.63781106,0.09369073,0.14256673,0.79130465,1.9088335,0.16468412,0.6253213,0.041626077,0.0014141451,0.2737031,0.16450995,0.0,1.1897633,0.03076865,0.06002446,1.6521446,0.2633882,0.070832916,2.6247435,1.9970678,1.5492636,0.41112596,0.096942395,0.96874875,0.87197524,0.20061785,0.022739537,0.46498513,0.027900817,0.9604478,0.21967398,0.20415306,0.2811022,0.565358,0.45298323,0.60186714,0.77293384,0.55137265,0.010029741,0.58896005,0.29837975,0.54675406,1.593896,1.1020266,0.82723236,0.37207022,0.029087596,0.32691145,0.9229225,0.0324788,1.0532272,0.8061984,0.10409135,0.58788925,0.081302404,0.41688845,1.1450516,0.06836657,0.91171855,0.31234792,2.627894,0.12825052,1.8746834,0.06788644,0.6317108,2.24921,0.89217234,2.325052,0.4855938,1.3708758,0.06076335,0.14061885,1.7359929,0.2583543,0.38636515,0.4647255,0.30443463,1.6536566,0.8160168,0.18352248,0.5301429,0.6766417,0.09849519,1.4304379,0.23388506,0.014729728,0.016753975,0.2983202,0.074393846,1.8947277,0.9587771,0.6466673,1.5707556,0.7321,1.9012537,0.8129478,1.2596221,1.271784,0.26931715,1.4770408,3.2073207,0.09390621,1.2329441,0.25910723,0.0,1.0133845,0.9250201,0.31153136,0.16806586,1.4773668,2.05408,0.31071153,0.35113683,0.37480164,0.0,0.28728744,1.1106007,0.31131452,0.10274675,0.26056266,0.956084,0.027346034,0.40036026,1.3280141,0.020778919,0.2124573,1.0017558,1.3610888,0.53424656,0.026020711,0.2853199,0.21598291,0.44618872,4.8217138e-05,0.008239882,1.1124271,1.6431389,0.31696513,0.88052493,0.06331399,0.32904363,0.21477656,0.8173582,0.12236671,0.27727067,0.036892194,0.039784454,0.23352866,0.0009232238,1.0803957,2.00641,0.24840267,0.15440291,0.67107785,0.48581815,0.0054592555,1.391802,0.40178546,0.5068988,0.83954275,0.703397,0.044875387,0.85982233,0.032863725,0.10273556,0.020729268,0.9239627,1.5271282,0.11930839,0.07249203,0.3252298,0.013484561,0.8676586,0.69036037,0.5914244,0.6005858,0.0018231635,2.3750873,1.6603949,0.0,0.0014087955,0.7455938,0.53687,0.0014118609,0.02363571,1.109774,0.11825257,0.061010726,all_pothole_images\pothole_images_image_104.jpg
1.4614401,0.5976629,0.024691628,2.0923796,0.7433076,0.555388,0.39659232,0.19629766,0.8435838,0.62702006,0.80779994,1.1656592,0.10226121,0.625922,0.21265866,1.1085176,0.17910977,1.0532368,0.6185048,0.1871008,0.12412003,2.422159,0.47717634,0.7303414,1.037174,0.5813159,0.6054351,3.0172255,0.079472415,0.019407524,1.1119385,0.32290754,0.02031288,0.76772356,0.53091955,1.3454597,0.0,0.854894,1.3794369,0.68666714,0.27950814,0.0,0.21110263,1.1684041,0.14791901,1.2708722,0.19746076,0.6667606,0.0008188892,0.9385962,0.53166795,1.4193158,0.15476283,0.037758406,0.13710265,1.8579357,1.0776403,0.90858305,0.0822826,0.17533016,0.3397712,0.16163038,0.7632399,0.12618932,2.3203216,2.2341604,0.70397735,0.13400696,0.39866325,0.14885266,0.14995486,0.059458446,0.87197834,0.19074547,0.08867219,0.23233098,0.31774384,0.9849005,0.67820615,0.1386218,0.5412975,0.028473036,0.002329365,1.8313987,0.8763577,0.275926,0.051650204,0.08018396,2.0729792,0.14703733,0.6268977,0.01722828,0.44823888,0.0842728,0.0025821428,0.11655021,2.0543284,1.2793849,0.54031825,1.4047693,0.06095164,2.091299,0.18591674,0.8686886,1.1563263,0.12330269,0.60111344,1.0030118,0.2952056,0.011160888,0.0071725072,0.16620114,0.7002086,0.7221036,0.20355548,0.22974046,1.7203295,0.6147422,0.6476303,1.1025535,4.3300147,0.53437865,0.123001896,1.8329252,0.34452656,0.08712753,0.3268851,1.3922241,0.70879567,0.9735635,0.1970852,0.031484846,0.26442635,0.3618393,0.12846744,0.7475966,0.9773861,1.0481876,0.89914656,0.17763864,0.209212,0.20925936,0.36818698,1.1176487,0.7528959,0.81496274,0.19749883,1.8453395,0.41713408,0.23208061,1.0094457,0.9061248,0.059081826,1.1131042,0.8248574,0.3183599,0.66394395,0.0,0.096315846,1.3068615,2.5378056,0.8264728,0.0009729053,1.5419937,0.06911481,0.6216247,0.3961008,0.4999535,1.2482574,1.5088847,0.16668923,0.026127689,0.05725294,0.26487508,0.69261503,0.0977427,0.093161054,0.0520845,0.12930147,0.01915944,0.23020487,2.1341593,0.5757202,1.7600228,1.3975515,1.1053777,0.46540785,1.9985119,1.157126,0.19303705,0.043504983,0.6813286,0.092176855,0.84104407,0.8158932,0.38517165,0.56787884,0.17083335,0.46117097,0.80688274,0.33552963,2.1939852,2.269227,0.49636832,1.3884171,0.70075554,0.23830144,1.0170246,0.3327531,0.31275263,0.093530014,0.0,0.93018353,0.42852074,2.3833807,2.463528,0.22922912,0.27745506,0.34866682,0.051570673,0.64335185,0.63075864,1.6519504,0.32189572,0.13826929,0.60799944,3.4881573,0.14000845,0.8850497,0.52545893,0.18884157,0.79749626,0.4247158,0.04033924,0.69903564,0.2936042,3.465901,0.05156616,0.57602066,0.7671472,0.22480379,0.072958976,0.8912354,0.124321274,0.5724389,0.0,0.18293044,0.41058087,0.04013789,3.6007385,2.6515677,0.26839826,0.2097889,1.6029721,0.26936406,0.03656261,0.4086235,0.32516012,0.17814042,0.73107404,0.5499883,0.07917206,0.6671707,0.4697003,0.24384429,0.3013831,2.266637,0.27293694,0.9331858,0.08094485,0.2544355,0.33128932,0.10424818,0.47734225,1.9232597,1.3972402,0.7039946,0.833865,0.97494954,1.227521,2.585245,0.16408452,1.8649341,1.2487944,0.22542217,1.392618,0.7464069,0.9169425,1.9022309,0.6819172,0.14847155,0.056049634,0.0812963,0.8807963,0.4074138,0.3180114,0.23352833,0.8921675,0.24974734,2.2170553,0.42446843,0.9693843,0.048857562,0.7253162,3.644507,0.42174202,0.35547963,0.32674003,0.10263802,0.9908071,0.18402813,1.4126154,1.2551113,1.5329359,1.1154238,0.466156,0.006417918,1.8365617,2.2310052,0.16046719,1.6033325,0.16756411,1.32854,0.0,0.7142832,0.3824374,0.64863825,0.041756343,0.24853042,0.5718165,2.077687,0.49488953,0.9927038,0.59160054,0.121458136,0.45449632,0.80912334,1.2723264,1.390255,1.0978945,0.18989196,0.0,1.2642757,1.5825186,0.4815145,0.12907702,0.16181612,0.3834732,0.5678142,0.12134379,0.2790612,0.3250701,0.6145738,0.37467068,0.21911532,0.18391374,0.23127882,1.6622545,0.881216,0.29164618,0.41964394,0.33436775,2.4708564,0.6663109,0.14546771,0.055592816,3.5727968,0.24421132,0.55431795,0.28220725,1.9761608,1.0002946,0.35050115,0.11291547,0.03577494,0.0058500473,0.018917536,0.20388661,1.666786,0.0434869,0.4185331,0.49048138,0.17682408,0.01586634,2.8217797,0.4723311,0.8979824,0.13590647,0.0035537097,1.5829881,1.9447713,0.6363174,0.33629486,0.22183058,0.18259327,0.20948893,0.5969892,0.048720524,0.112305306,0.09926354,2.3849363,0.7473422,1.2586133,0.69758946,0.44418633,0.5680487,0.4027194,1.0580612,0.74347633,0.012195091,0.6553701,0.45115817,0.07840784,0.3629105,0.52149016,0.24126793,0.24459758,0.8669908,0.5615161,0.0,2.2348328,0.7369598,0.9556087,1.9579536,1.0702176,0.65950936,1.4313837,0.9172412,0.29316044,1.3049761,0.8838096,0.053467527,1.1724503,1.0833892,0.30051088,3.1323254,0.6521845,0.8654391,0.0027909486,0.40517518,0.58386356,1.0211525,0.27712312,1.3969839,0.4837273,0.016460013,1.6422554,0.15134315,0.035773803,0.20763925,2.6800885,0.16487008,0.45694855,1.3113973,0.6439363,0.91489613,0.0351494,0.2767906,0.3364252,1.0337814,2.0626504,0.19309501,0.4744892,0.104974434,0.7745959,0.6427621,0.26217183,0.019409038,0.5430345,0.08868132,0.8715017,0.2912045,0.47570005,0.6083377,0.37392122,0.0014654394,0.23495284,0.87258565,1.7434387,0.1771342,0.30823395,4.61333,1.5533459,0.20647681,0.022521531,1.327391,0.0239975,0.038180646,0.72966677,0.49105164,0.012161907,1.0334398,0.42432457,0.095458634,1.3629041,0.3796405,0.27826637,0.08238485,0.04961458,0.8018397,0.54615283,2.86675,1.811261,0.17378272,0.8291161,1.0752382,1.1217183,0.0,0.26445875,1.2285212,0.4266936,0.99118656,all_pothole_images\pothole_images_image_105.jpg
1.7003472,0.4407136,1.1967076,1.2222494,1.7112758,0.93426245,1.5671189,0.042327248,1.0143701,0.9642708,0.3356905,0.5216289,0.766492,0.66857797,0.29092044,0.6796107,0.041766245,0.28675368,1.5362651,0.15147641,0.20418932,3.7496402,0.378553,1.2610168,0.7549927,0.34047395,0.01947831,2.1814268,0.119381174,0.077166185,1.161232,0.37871918,0.8722506,0.19063161,0.063044734,1.2122897,0.43607843,0.68732804,1.8758843,0.4867901,0.3516898,0.19555163,0.10796101,3.6657972,0.9072366,0.41727564,0.17178744,0.14584585,1.2707735,2.1375325,0.55139154,0.0060344385,0.38284975,0.6585363,0.3214934,0.61322427,2.0586643,0.0,0.80960643,0.226584,0.08436899,0.6268356,1.1085654,0.78424007,0.42868307,1.3762313,0.84734046,0.10120124,0.6784752,1.0743127,0.078569785,0.72479355,0.24762475,0.5079982,0.83532584,0.7732608,0.19661315,0.35002723,0.33548158,0.4189315,0.0,0.1714782,1.3570671,1.2161944,1.9320401,0.5715013,0.28811893,0.06782339,2.4010398,0.33902204,0.9484556,0.06176799,0.07916901,0.040683102,0.35317132,0.073931,0.7943817,0.07224468,0.472888,0.30631694,0.026627285,0.33289978,0.34595913,0.08432783,0.2652054,0.21200295,0.14097546,0.57120556,0.6720726,0.21048251,4.2472886e-05,3.2041738,0.95695215,0.029226521,0.26663956,1.3941429,3.2685356,0.9695868,3.819306,0.78863025,0.98023766,1.0740653,0.7409336,0.31614298,0.3702426,1.310695,0.50830454,1.1159972,0.56602025,0.078419514,0.87589496,0.0,0.937351,0.061385922,0.03579231,1.1496894,0.6459,0.5487656,1.0038738,0.6588641,0.17734946,0.1962238,0.013786056,1.2263621,0.0881231,1.6957207,0.24986072,0.027113112,1.8877946,1.4613937,0.46204078,0.96655655,0.03456793,0.29960275,1.7586772,1.045625,0.9603931,0.12057995,1.9602664,0.5659323,0.06160336,1.8359512,0.019268531,2.0159829,0.6748413,1.0337077,0.6278304,0.16230685,1.4270085,0.008643184,0.15383233,0.28734815,0.022937218,0.653466,1.0738899,0.040375847,1.0010021,0.18765227,0.564831,0.1409774,0.0,2.364088,1.9644768,1.4805604,1.646021,1.4397559,0.93118554,0.7161334,0.73710084,1.564065,0.095158115,1.0282862,0.0019128517,1.6618139,0.045629762,0.32448807,1.2479116,1.2445813,0.37660995,0.98249674,0.20744053,0.8561351,1.7165595,1.5809449,2.5829294,0.22534512,1.3865188,0.33690712,0.6897807,0.1876315,0.2025095,0.5551003,1.7583392,1.181341,0.94672775,1.149211,0.04436774,0.33210722,1.402623,0.06922133,0.88377064,1.639178,0.045363348,1.0705549,0.0517904,0.25976056,0.42397898,0.49044883,0.56740767,0.07246091,0.3303064,0.17455731,1.5009158,0.10815294,0.7568202,0.18679404,2.8321152,0.0,0.03756271,0.13039002,0.05316878,0.45180354,0.07532372,0.0,0.12368376,0.045539506,1.4609166,0.1900266,1.3495332,2.722993,1.2878398,0.3592649,0.67239153,0.6283758,0.31235057,0.5636362,1.913052,0.7215101,0.41832554,2.2010767,0.0,0.5246274,1.2318565,1.9406404,1.1220424,0.90377206,0.3536849,0.09296419,0.08095548,0.5090183,0.20114416,0.036237705,0.13186458,0.623276,2.0439675,1.4669073,0.59050345,0.48963067,1.0294822,0.57874125,0.092007905,0.45092905,0.032995697,0.18211748,0.6528783,1.4980663,0.6748741,0.1869559,2.352944,0.1807732,0.2963001,0.047376562,0.17444833,2.2486155,0.44508055,0.005987682,0.122121125,4.690846,0.882484,0.5876961,0.31703877,0.62606937,0.028056338,1.9156216,9.107602,0.61011887,0.87318146,1.2551775,0.2549764,0.5308273,0.46496016,1.9114517,3.9632666,1.252003,0.060220424,0.8710958,0.0,1.1057607,3.128991,0.04146149,0.1336454,0.3515256,0.0051838406,0.36327136,0.34320477,1.5046809,0.8132335,0.12390417,0.29677972,0.32453954,3.0996826,0.8687646,0.0,0.05365426,0.030038564,0.59675205,1.4371864,0.031159552,0.008599158,0.17600532,0.5270744,1.6421175,1.5843711,0.16708027,0.053578172,0.082782246,0.13133188,0.12414405,0.13098608,1.3812594,0.0054732906,0.6775211,0.30690765,0.09657591,0.0662467,0.0,0.02780274,1.9931796,1.51793,1.4854599,0.0,0.5493094,1.230079,0.9779608,0.035594337,0.26926917,0.27926323,0.58518857,0.0656963,0.29562953,1.6010875,0.4542458,0.6187788,0.010927133,0.87346095,1.5658972,0.7350507,0.056199703,0.38099256,0.07802466,0.5629079,0.029841315,0.5383018,0.6085622,4.2373095,1.922018,1.6180128,0.0,0.9041408,1.960433,1.2757794,2.5298386,0.13167782,1.1813583,0.23442818,0.09883822,0.8245742,0.3831762,0.47662398,0.70589244,4.9218407,0.20017998,0.26337445,0.39403895,0.74912196,0.0038029125,0.57330066,0.47851655,0.009791039,0.19445314,0.777082,0.62193954,0.20290619,0.62983066,0.14921361,0.16350448,0.98616415,0.42263487,0.596243,0.07000143,1.9038001,0.6009893,0.73311573,1.9558164,1.4995291,1.1483226,0.9728745,1.985373,0.06174652,1.5127616,0.24959876,0.16411227,0.73083305,0.50823736,0.0591012,3.8296158,0.5862625,0.5267989,0.22798412,1.7450029,0.6547083,0.8125495,0.35416114,1.5680476,0.35920656,0.0,0.6591894,0.32818928,0.13810633,0.29993302,1.6276098,0.9853847,0.580353,2.0213385,1.4895717,1.6117716,1.0721968,1.1323785,0.21941434,0.7746287,1.355766,0.208302,2.5812762,0.25777513,0.68848044,1.6390723,0.1724929,0.110143915,0.7290413,0.3279498,1.1378932,2.5200582,0.076006405,0.34454665,0.9722016,0.70464325,0.905071,1.49809,1.2607449,0.071866624,0.031330727,5.923556,1.070638,0.35760236,0.1663042,0.6671271,0.9374044,0.55620337,2.103772,0.12706132,0.24995595,0.030375568,0.6576908,0.34104988,0.068659544,0.2967558,0.027499903,0.64810693,0.08291528,0.19896033,0.3323109,4.6650357,1.5206712,0.8538272,0.94461405,0.7698817,0.01614405,1.2279986,0.14865647,0.14450495,0.13510023,1.816529,all_pothole_images\pothole_images_image_106.jpg
2.3450246,0.28657576,0.12672782,0.9870079,1.278295,0.033198085,0.5213187,0.56549984,0.56594175,0.6457376,0.031569205,0.6106717,0.041901797,0.33313057,0.7436167,0.19334656,0.0637952,0.015204776,0.27929404,0.39108646,0.9132944,2.637318,0.6291407,0.2187893,2.0336995,0.42051804,0.8056176,1.5364863,0.1761446,0.021579053,0.14315388,0.5401617,2.017282,0.25552574,0.33765772,1.5779734,0.0,3.3628545,0.6705168,1.6054356,0.0,0.067266814,0.12909774,1.3195639,0.44837794,0.5810369,0.07190834,0.18947169,0.701972,1.2849634,0.77600735,1.4167129,1.2177533,0.209146,0.21125057,0.91226023,2.262791,0.18986481,0.7415729,0.34601274,0.0055223503,0.42493343,0.17089343,0.5139314,0.382537,2.8395815,0.6842575,0.1451753,1.192235,0.096158884,0.077377684,0.10602759,0.4232843,0.21906233,1.8485537,0.56741774,0.27000552,0.42046738,0.0008095161,0.031907804,0.74054646,0.05910565,0.3716851,1.5818721,1.1617802,0.26623464,0.58232075,0.81154615,1.5818033,0.1353909,0.11111238,0.0053267227,0.038073264,0.043687128,0.4936823,0.4298704,1.1941788,1.2604878,0.3318175,0.37763962,0.04522524,1.9847051,1.3488449,0.08119994,0.29299906,0.007317601,0.71383065,0.7212169,0.030448383,0.0923928,0.23148906,2.330411,0.45507714,0.100875266,0.72394,1.174327,2.5402257,0.083699934,1.0215418,1.9569002,3.1812482,0.12227751,0.10404563,4.0222316,2.0608854,1.4599904,0.34902245,0.82153547,0.46587703,0.061688095,0.84739363,0.001995332,0.024688285,0.17098452,0.07730829,0.7876196,0.0,1.6254526,1.232287,0.5549732,0.12881847,0.40479285,0.14996581,0.7780627,0.037962936,1.4267619,0.36881778,0.9501392,0.044879522,0.0069980407,1.2601423,0.547195,0.027829554,0.0068744253,1.2620296,0.17635532,0.21784061,0.07535766,1.5100235,0.90247357,1.11422,0.7675403,0.032811612,2.3424397,0.10108755,0.39641383,0.120683715,0.10867213,1.5127453,1.0173695,0.15349378,0.0,0.0099838,0.15625541,0.42558104,0.19523178,0.18256055,0.0060721324,0.24708636,0.03427623,0.13266289,2.8062077,1.4362411,2.5486007,0.41610125,0.53586024,0.10729651,1.1285843,1.5084549,0.451931,0.16265881,0.18413185,0.0,1.0303262,0.5372039,1.2350006,1.941412,0.14720084,0.63085276,0.20976138,0.05276654,1.4908173,0.8251067,0.82930225,0.99213016,0.08818545,1.3620839,1.213637,0.64799637,0.31301594,0.0,0.01725746,0.2745178,0.93163484,1.3240043,0.74537694,0.17492186,0.0023883397,0.42217854,0.27969173,0.34804535,0.58103746,0.09103119,1.4755183,0.029614784,0.13719241,1.3035934,0.14510374,0.487713,0.60697186,0.022640506,0.20902976,0.8817767,0.35250628,1.0254487,0.0,2.1728666,0.06692646,0.0,0.20306739,0.11158403,0.16633487,0.017050516,0.41484767,0.2703614,0.0,1.383213,0.36304593,1.1883485,3.9259372,3.7315104,0.8438288,0.68099505,0.17682654,0.25326672,0.3052105,0.7859703,0.0001391209,0.2687776,2.9828055,0.08694027,0.2887659,0.14280774,1.1777725,0.6251726,0.5626193,1.1213588,0.83511275,1.2924972,0.21210562,0.06461316,0.034520887,1.0232048,0.7175207,0.807279,1.2354757,0.404424,0.5524709,0.3059077,0.3072671,1.2847701,0.98990256,0.36267495,0.008772382,0.34586886,0.27141708,1.2208158,0.58728844,1.0777955,0.49783343,0.31795114,0.31177202,0.27627262,0.35831177,0.04197355,0.26996005,0.12615003,1.9024088,0.23293798,0.93371224,0.4624661,1.0368652,0.28344032,0.72922236,3.7896333,0.43824553,0.033716828,0.17004305,0.21526197,0.5042301,1.273484,0.9641661,0.7270035,1.365299,0.008660892,0.66115975,0.092496425,1.5749985,1.3856014,0.115312144,0.31152716,0.5013542,0.5087958,0.014601215,0.62819403,0.2609088,1.4033661,0.38092336,0.3431478,0.08842334,0.8524316,0.68570226,0.027565315,0.33033395,0.06490793,1.7961594,2.1344168,0.77084607,0.08789555,0.47217503,0.60053545,0.21833171,2.1146357,0.11426336,0.8048767,0.03000963,0.021258453,0.0,0.36587137,0.71500534,0.44037327,0.9779488,1.0675184,0.19906995,0.7691401,0.9781878,0.5574957,1.8326763,1.2657737,1.1471708,1.0628976,0.2188944,0.0912424,0.10583658,0.037742034,0.14446223,2.3157182,0.21754195,0.062624775,0.71128106,2.4528916,0.11442444,0.5256416,0.001967038,0.19801554,0.32371557,0.3806699,0.16631153,0.273115,0.11701811,1.2020055,0.0026999507,1.4258629,0.011890096,2.7332532,2.419163,1.2174454,0.0,0.27908394,0.030513803,1.0677758,0.40407282,0.23348439,0.7703486,0.2917778,0.29014117,0.8564528,0.02720787,0.025002131,0.29378846,3.165429,0.19942153,0.50044227,0.560931,0.75075924,0.05201259,1.2559587,0.25680763,0.854897,0.8722822,0.86652195,0.29721743,0.24194533,0.41028887,0.0030992492,0.13320935,0.33680418,0.41828403,0.88482416,0.16907047,3.164661,0.60000646,1.1410983,0.8272518,1.6312788,0.25512892,0.5600771,1.3969971,0.4783512,1.0727236,0.26544547,0.18461007,0.9740809,0.23633279,0.401076,2.8566246,0.92470676,0.9622547,0.41349295,0.5368294,0.09378578,0.61403215,0.21298613,0.8391126,0.6047855,0.1597425,1.754837,0.58529013,0.27551788,0.32820752,0.7590314,0.9170283,0.12192514,0.495789,1.1693376,0.92306376,0.44204998,0.27547348,0.13117029,0.9278499,0.94540465,0.8021089,1.8558536,0.5154731,0.8877702,1.2329153,0.45256275,0.26263437,0.6051783,0.13407257,0.36557332,0.6157285,0.14416377,0.7750697,0.8841287,0.6017357,0.015729815,1.1902797,0.44365606,0.37777156,0.22575915,2.7819183,0.7748353,0.22294305,0.0,0.9993363,0.1746741,0.15602875,0.5709555,0.08137681,0.08103278,0.7781327,0.36771828,1.1991123,0.28095666,0.004435531,0.08664886,0.07973803,0.6140785,0.038223013,1.4668019,5.267993,0.6085419,0.055064116,1.4555461,0.6119938,0.5054123,0.4171519,0.31129855,0.74499947,0.7750343,0.105047144,all_pothole_images\pothole_images_image_107.jpg
1.886284,2.0287876,1.866513,0.3306577,0.30861187,0.7091708,0.3331939,0.36291608,0.6836596,0.8137693,0.24124476,0.0037557704,0.3769883,1.2272131,0.026707625,0.8507454,1.0182033,1.0277908,0.05272065,0.90023476,1.4578813,2.098861,0.43067124,0.25250998,0.66008186,1.125621,1.250052,1.0940967,0.074640386,1.0414151,0.13457589,0.24274223,0.96972156,0.025363373,0.19043744,0.13420475,1.6988324,1.1818265,0.6446602,0.02928778,0.46947128,1.2021574,0.20854463,0.6028466,0.6189641,0.5472637,0.05366985,0.14630887,0.98280084,0.4436131,0.7627898,0.18003985,0.76043093,0.14047886,0.02935115,0.22937801,0.8315804,0.0075330227,0.10249252,0.7803566,0.1728951,0.3065884,2.890397,1.7851197,1.3018551,0.4757752,0.23878886,0.04067089,0.038999874,0.08508832,0.2575417,0.9131377,0.3329792,0.5405488,0.33973444,0.0066228434,0.43635932,1.2837353,0.21861625,0.09118981,0.832579,0.17897874,0.037472885,2.056,0.009366696,0.11936898,0.4988156,0.19323628,2.2208807,0.002115163,0.80369735,0.4432339,0.7165446,1.2522043,0.008276262,0.023286337,0.5886875,0.48749757,0.5672882,1.6305865,0.3923404,1.4613686,0.2887558,0.29149753,0.008125895,0.13918038,0.0442864,0.26027393,0.09975055,0.2669674,1.0658294,0.8092723,0.8058171,0.043112278,0.16432425,1.681805,2.7785056,0.21526769,0.6896182,0.22506511,0.3835189,0.10046234,3.6537983,0.7896328,0.20330937,0.10237531,0.37687406,1.7772509,3.139849,0.4878673,0.5974015,0.51574916,0.17612529,0.25714493,1.02857,0.08885189,0.35981178,0.18434069,2.6610498,0.8185133,2.3156972,0.36357427,0.26378757,3.5931053,0.52010125,0.6339884,0.6052182,0.16703746,0.45451736,0.58354783,0.31168288,0.93601274,0.117668055,0.46096945,1.4864556,0.62720007,0.73055154,0.16968822,1.2803422,0.3781529,0.75184256,0.08217093,0.22196417,1.8390754,0.29143625,0.05769337,1.2973795,3.8338118,0.2037702,0.17774265,0.7151802,0.09807628,1.2068758,0.91579753,0.41823748,0.17328945,3.9085836,0.365751,0.3016751,1.6877123,0.833079,0.19371916,1.3831712,0.17422567,2.135972,0.19808517,1.4727997,0.38764572,0.0909808,0.021055587,0.62786674,0.31203097,0.654179,0.17504834,0.176164,0.8392367,0.214574,0.24545138,0.58326834,0.31493253,0.078762315,0.55297285,0.53416836,0.08376942,0.58610237,2.9221609,0.19229065,1.6200287,0.4649341,0.24307801,0.5637292,0.0063077183,1.2128567,1.7892127,0.62651825,0.5130808,0.39777094,0.31564823,0.77288324,0.32512525,0.9810432,0.004525005,1.7408291,0.9848707,0.010759443,0.61477035,1.9944937,0.13140535,1.0116549,0.10480001,0.46493754,0.36712572,0.06602646,1.5402343,0.08310468,1.5319562,1.6915257,0.7897336,0.046333127,0.07737966,0.97641736,0.08912265,0.3452487,0.60284954,0.37226602,0.1676863,1.2166102,0.46739477,0.2922567,1.3906296,1.5459508,0.052810047,0.11006127,1.1424075,0.09719715,0.34522152,0.9951192,0.4913472,0.91039413,1.1954741,1.713793,0.7857727,0.9583555,0.026603993,0.3191175,0.25239313,0.049684428,0.8588504,0.32078353,4.2994294,0.0191626,0.01617229,0.02242643,0.33653584,0.065916546,0.71325946,0.9179186,1.2071992,3.266389,0.13873164,0.997506,1.0149149,0.26227066,0.08787249,0.6107528,0.17381598,0.20049484,1.2769437,1.5182668,1.1944863,0.060659114,0.3287623,0.4489092,0.2704792,0.2335866,0.76050276,1.1469857,0.437053,0.23419675,0.7283308,0.43934384,0.27640256,0.06818766,1.2441261,4.4648223,0.05858239,0.4991514,0.92804015,0.9552824,0.006653443,0.2054471,0.6123305,2.9763613,0.7183129,0.03142591,0.08756088,1.2900976,1.0118464,1.5654198,0.24044758,0.028789572,0.0632001,0.069779664,0.59549993,0.40328464,0.33538285,2.6365635,1.3253522,1.3285728,1.3926803,2.6577852,0.6018271,0.03094362,1.9417737,0.7761984,0.61273724,1.35,0.7022592,0.31528962,0.00045337272,1.1171659,0.15732788,0.38874048,0.021833774,0.97367907,0.33870792,0.043733288,0.68400025,2.783516,0.66254103,0.29248452,0.75990194,0.03271194,0.28316692,0.80641884,0.046124496,3.0159395,0.44324002,0.0043610423,0.47918856,0.4073513,0.20865183,0.16951817,0.16038622,0.20555116,0.7563184,1.6522746,1.6220673,0.39155316,0.20155284,0.73279727,0.098811224,0.8373929,0.016083503,0.26281267,0.5896108,0.11499775,1.1623743,0.28343976,0.41162303,0.1399824,0.0,1.2385036,0.97053766,3.6204407,0.15826108,3.5260751,1.0043012,0.06425412,1.7037318,0.6973381,0.27459347,1.1491928,0.13974737,0.69573146,0.98471427,0.1388516,0.75921834,0.0,0.18416293,2.5675507,0.47703132,0.80936736,2.665668,0.8067208,0.024199573,0.88027126,0.545239,1.2124908,0.97713953,0.010332115,0.5671891,1.1062313,1.3482387,0.72278595,0.48314276,0.0759708,1.6940192,0.083745204,0.6220892,0.8249289,0.38989285,0.35791314,0.38363966,0.76759696,0.703681,0.25332978,4.5565224,0.33635142,0.252904,0.7710419,0.11235928,0.077829696,0.15058419,0.88749796,1.2265165,0.855113,0.70862794,0.05956906,0.47778594,0.59038043,0.10581307,0.14540458,0.19266473,0.7763906,0.64936316,2.9049706,0.4049223,1.0235989,0.049190164,0.8432173,0.98193544,0.7252447,0.13226938,0.5599848,0.013843211,1.5411122,0.21312581,0.14103568,0.035961006,1.5502111,1.5793401,0.7798426,0.5675469,1.7203926,0.1820082,0.019981945,0.17522113,0.08190355,0.28094876,0.20536125,0.41401407,0.7216716,1.4240638,0.31685233,0.10606735,0.26754117,0.55182153,0.6647533,0.9516981,0.056926288,1.2034457,0.065578245,0.5368964,0.35161826,0.30624166,0.10108656,0.11440084,0.02269539,0.50958073,0.33352768,0.3829659,0.49521473,0.9074903,0.10619265,0.10337372,0.42255464,0.19539301,0.11747444,0.050656173,0.7083902,1.3270012,0.10225588,1.5945083,0.23565735,0.3195873,0.42017254,0.07457928,0.08507252,0.38397473,0.28408858,0.20703195,all_pothole_images\pothole_images_image_108.jpg
1.3421791,1.5583874,0.8606863,0.6375839,0.57911193,1.1628721,1.820688,0.66421974,1.8229696,0.67423683,0.092578955,0.75007707,0.7511697,1.5310416,0.5184583,0.2947179,0.83131844,0.100267604,0.5178808,0.012363674,0.3478095,1.2360343,0.04987049,0.9561165,2.0584497,0.9053955,1.2856966,1.8598119,0.48921457,0.22923432,0.13466816,0.5356311,2.7590895,0.028288484,0.041249283,0.57499146,1.4807618,0.5161556,0.9953146,0.6921018,0.14889215,0.8463178,0.12599666,0.25228405,1.4151468,0.96288264,0.06531023,0.21169434,0.8307999,0.07527928,0.49580607,0.18895988,0.2974982,0.33604702,0.03797306,0.33328375,2.2288444,0.0,0.44141847,0.71903586,0.4040905,0.01573163,2.2696543,1.1439488,0.29525387,1.2380329,0.7405058,0.049884327,0.68444073,0.037637264,0.095909275,2.212746,0.013896453,0.26571372,0.009369014,0.71218604,0.5069239,0.1768811,0.013084561,0.71222466,0.6011671,0.066766225,0.3272578,2.3080966,1.4200745,0.48104733,0.50799865,0.22871722,2.215004,0.88886315,1.2882226,0.16972503,1.1192023,1.2197295,0.45547026,0.37594977,1.1244624,0.7035866,1.6626103,0.40960294,0.8082141,0.8839967,0.70170397,1.0159849,0.11463239,0.2187513,1.1114895,1.4092445,0.618362,0.6530915,1.5489852,2.8411915,1.2377422,0.00559241,0.5776169,2.7191167,2.5828888,0.21014673,0.09927479,0.87904567,1.0604435,0.056781974,3.5781622,0.3278944,0.11672364,0.34460557,0.15339294,1.2641335,2.4992547,0.23837504,0.11764391,1.7353314,0.46664453,1.5476283,0.113336496,0.71099246,0.23508987,0.50680107,2.7224975,0.31909174,1.0738872,0.21741222,0.0,1.1197975,2.1692538,1.0183104,0.5992404,0.13064054,0.33967656,0.3264279,0.0415752,0.14098485,0.3423584,1.0813996,1.3674631,0.56045556,0.572018,0.61734134,1.0872438,1.2383434,0.8072173,1.056128,0.0631152,0.56180596,0.23302883,0.14935216,0.55801463,4.0321174,1.3079422,0.0632281,0.45285293,0.44943842,0.871195,0.15919271,0.20180133,0.22154862,4.2335324,1.3588635,0.036623742,2.245126,0.3495873,1.9805725,1.8088844,0.0032127285,3.4452477,0.2726297,2.5894206,0.32435492,0.08302223,0.32082656,1.974792,0.08566692,0.3357924,1.745325,0.8950489,0.7759065,0.11576822,0.62534624,0.8129024,0.069087245,0.24085258,0.16171098,1.2700424,1.8736491,0.27061322,1.7456064,0.86196524,0.81137717,0.6032309,0.027249988,0.90529644,0.4582914,2.1456158,1.8317192,0.6031187,0.24646626,0.046476807,0.058817327,0.9921558,0.9043649,0.7037949,0.823328,1.0148224,0.48488688,0.0,0.70705014,0.65073484,0.31705093,0.80420977,0.89689356,0.8508789,1.4818029,0.10418705,1.4710187,0.98283696,2.224764,1.8816886,0.66144365,0.46742237,0.19457743,1.6685275,0.09556352,0.44849053,0.6476056,0.49807867,0.007825484,1.5533001,0.53831416,0.41723117,2.6344655,2.3214023,0.080978535,0.14948739,0.02895752,0.011260956,0.26113498,2.8366718,0.28400433,0.9930734,1.4514213,0.68393016,1.1071334,0.37179622,0.64289564,0.1866396,0.36608356,0.22051865,0.29226398,0.21961892,2.6116006,0.36121795,1.2180645,0.31538364,0.09698708,0.6084756,2.04482,0.41011277,0.78277946,2.486352,1.5555791,0.6549081,0.5106852,0.13068739,0.7550701,0.201225,0.17167847,0.7066533,1.313108,0.6385667,0.4978604,0.2124986,0.25380602,0.30949694,0.8699912,0.067095675,1.6470736,0.44288737,0.86651266,0.67219234,0.7795331,0.0652581,0.5440783,0.17852941,0.43644375,5.0573306,0.14755054,0.19852951,1.038385,0.06747527,0.10118925,0.09615698,0.21719418,3.6480267,1.0616162,0.09095807,0.36118722,0.8608648,1.1330888,1.1324974,1.3406459,0.00014858556,0.22243838,0.48850504,0.37304738,0.837546,0.37486577,3.462646,2.9097438,0.32258925,0.9934601,5.327254,1.0053141,0.037757065,1.5968887,1.0404377,0.070383914,2.6804323,0.7138349,0.41550958,0.3782438,0.28682712,0.07425616,1.7183446,0.14395949,0.39578342,0.22461836,0.250655,0.720551,1.281696,2.3495893,0.12503487,0.49560228,0.22623663,0.54972214,2.031565,0.28881523,3.2323098,0.1152534,0.44355196,0.24099928,0.9600823,0.0066537587,0.21394284,0.057869535,0.015176122,0.31329072,1.4876752,1.9313834,0.025817284,0.078649685,1.5496675,0.0,0.73675346,0.4407363,0.0787957,0.23840213,0.31165075,1.7194349,0.23275639,0.88497066,0.119088404,0.3464944,0.7454048,0.53731185,3.6749728,0.9662382,3.1195865,0.525349,0.2766369,1.0036361,2.3209944,0.23684257,0.6209247,0.61013395,0.49102467,0.7815364,0.5112099,1.0467435,0.0,0.059373796,3.7853425,0.29371953,0.6360092,0.8789419,0.65411,0.07148306,1.162077,0.49940664,0.8340965,0.41111684,0.014582457,0.527171,0.71047443,2.0532634,0.20286053,0.5879645,0.3284491,1.0258805,0.28009722,0.363177,0.3936611,0.2526319,0.35470277,0.8758182,0.6484339,0.9433915,0.3801283,3.2333217,0.9889707,0.23811096,0.85910577,3.5958662,0.35287404,0.2605362,0.1798605,1.4790064,2.024376,1.153768,0.3358516,0.465607,0.93041676,0.24517402,0.11974587,0.18134297,0.8162477,1.7162075,1.5077195,1.0105226,2.211971,0.24558648,0.46291047,1.0161575,0.049077548,0.106018,0.9964079,0.33103186,0.8819107,0.48845914,0.35441872,0.56660545,1.0544466,3.4466677,0.91620797,0.6361174,0.48500887,0.12979549,0.32643208,0.120666094,1.2094123,0.1024087,0.53088534,0.3611296,0.2837993,0.73707974,0.5312417,0.11339693,1.3797076,0.75620204,0.39089528,0.21856941,0.13568074,2.4678743,0.29103965,0.31391755,0.031848162,0.65267164,0.7280104,0.25629804,0.1008019,0.95479107,0.1013536,1.8960736,0.22954063,0.0114982845,0.69731635,0.24451174,0.07830217,0.14088707,0.20931093,0.5223251,0.85753834,1.5615383,0.18422997,0.683235,0.1517451,0.4000171,1.181083,0.27420858,0.10364523,0.8366946,1.9756155,0.43833822,all_pothole_images\pothole_images_image_109.jpg
0.5135559,3.0148308,0.69299376,1.6598048,0.9436413,1.7888967,0.10547909,0.7821471,1.4009231,2.0029488,0.46951675,0.5589396,0.40608475,1.4118772,1.3906647,0.8978039,0.58724785,0.002928489,0.9285182,1.3716686,0.26504257,2.0421016,1.2065879,2.5074954,0.33513385,0.30336976,0.062889576,0.6726345,1.0838068,1.9282131,0.98321253,0.20289402,2.819612,0.2846069,1.4797357,0.82314026,0.0,0.20536937,0.23064095,0.8413796,1.6177278,0.18580005,0.9540467,1.0184773,0.17053694,1.1972148,0.7768593,0.9814677,1.0631942,0.39766437,2.1030114,0.7732459,1.2956285,0.33249897,1.7483213,1.6331301,0.66969585,0.21598762,1.1292111,0.894989,2.3191986,1.3581032,2.1615226,0.45931935,0.6842168,0.32807198,2.2382805,0.8683179,0.26158246,0.9262395,0.058920752,0.62848014,0.31956202,0.28412986,1.5055894,3.2793493,0.95050436,0.3701762,1.0026927,0.32490492,0.70208335,0.28849316,0.5677329,0.9191868,0.66277313,0.27878386,0.79544216,0.28605345,4.7283463,0.04732182,0.21547803,1.2553961,0.6085544,1.4862561,1.0173142,1.1618227,0.9473559,4.002201,0.89423335,2.477955,0.6781282,3.3657267,0.6663773,0.21758679,1.2492808,0.70673305,0.148755,0.40286893,0.8292769,0.16360289,2.8483672,3.4881716,0.5522736,0.65709734,0.019582683,0.550084,3.052392,0.14163554,2.0198128,2.1010187,1.7102113,1.9821917,0.6931353,3.6135004,0.057952326,0.5917433,0.80350757,1.7833817,0.3656737,1.2505025,1.441121,0.03420874,0.18155025,2.314478,0.11630521,1.0713562,0.24475746,0.5019407,1.0366602,2.7468002,1.9432846,0.19276607,0.12082698,0.82890576,1.0798093,0.21597935,0.30130228,0.042177882,0.080447964,3.204837,1.6260935,1.5550057,0.03144849,1.3393542,0.81748486,0.07985476,1.556739,0.8576587,0.10860052,1.1223905,0.67711484,0.087996766,0.25549233,1.1071825,0.22063398,0.34544525,0.9521517,0.63659704,1.3839036,0.71161294,1.2118742,0.053844675,1.0696243,0.8456107,1.323467,2.097293,1.1711568,0.19106363,0.9577517,0.080218315,1.0302962,0.2986475,1.6623906,1.7572317,3.1358817,0.73260635,0.49997202,1.7233887,2.2461765,1.4302073,0.31176084,0.074162394,1.459609,2.759101,0.39095446,1.106766,0.15998116,0.6048316,1.5223755,1.2330283,0.5177003,1.3123007,1.0800697,0.525037,1.023218,0.6269134,0.02461296,0.4077228,0.11961582,0.20536341,1.8686566,0.4972983,1.3163347,3.355236,0.5845922,1.121331,0.9904069,0.82655066,3.6324627,0.25778785,0.4874273,0.46239293,0.32157162,2.019473,0.5639365,0.7302244,1.6901629,1.0525408,0.080472626,0.58375496,0.8234909,0.98123574,1.5786949,0.14452212,1.1650211,0.13135168,0.5497183,0.230829,0.5343468,0.023746103,0.0552922,0.25655216,0.2626009,0.43428218,0.8399398,0.8090814,0.79713607,0.061275613,1.521056,0.5912877,1.9169917,0.43335286,1.4892801,1.2729369,0.63806164,1.7276497,1.2659782,0.210844,1.4424376,1.2216811,1.6147339,1.6497504,2.7724175,1.3417492,0.005057178,0.76445174,0.046434183,0.8576597,0.8606522,0.8916889,0.100001335,1.0287848,0.20681968,1.1775976,1.11554,1.2484145,4.036934,1.011756,0.3342265,1.2462659,0.6561753,0.486782,0.24436277,3.7703795,2.4165087,0.47579625,0.25097516,1.2025692,1.0589337,0.06512641,1.6444567,1.3053219,0.39435288,1.022864,0.09694708,0.09717261,0.5457228,0.05781446,1.2079871,0.03885686,0.2495932,1.2734364,0.72012126,1.0141238,0.90572023,0.8527237,0.05198819,1.5314949,0.56429225,1.9637288,0.17722493,2.0838697,3.832971,0.35934123,0.54524356,1.9252858,0.09776398,1.1886743,0.098044366,0.37580886,1.6076243,0.57656884,0.09258077,0.3883023,2.4161854,0.031039914,0.85757077,0.5355615,0.4022623,0.70133036,1.1179937,0.68272936,0.3650086,0.379855,0.8055703,2.18526,0.2333223,0.7054299,0.64880663,1.0541372,2.464299,1.1377476,1.2657541,0.14996366,1.6470383,0.6571496,0.28949857,0.0,1.2230476,0.9871063,2.321511,0.6438894,1.5315934,0.36421978,1.0668211,0.27398035,0.119114086,0.88444847,1.4628438,0.14611056,0.78687364,0.09711028,3.188464,0.7878438,0.27999473,0.29729393,1.6659201,1.4862087,1.2127924,0.27560297,0.48157907,0.74507296,2.0477102,0.6773672,1.4065579,0.42778778,0.17986457,0.52610815,0.3473048,1.0707856,0.108663194,2.3980267,0.80252993,1.1351566,2.390335,0.8984457,3.7452214,1.7838736,1.5434847,2.0483475,1.4814272,0.7192192,0.18653171,0.662881,0.26979038,0.26262307,0.8164407,1.3698568,1.3531102,0.36731184,0.8470328,0.20162442,0.09263421,0.5378664,0.4137125,1.3689424,2.3803184,0.20539214,0.39853597,0.6592542,1.7324315,0.6493974,1.69401,0.7299488,1.0381749,0.7743577,2.8778996,0.3584982,0.108738676,0.60565245,1.6111792,0.96015346,1.8308629,0.5975012,1.9079036,1.0740271,3.4065394,2.1518686,2.073188,0.7769901,0.4915446,0.83058614,0.7597682,0.5148847,0.34052828,2.6755009,1.0374916,1.2242167,0.47547823,0.29980332,1.040961,0.44744852,0.05847418,0.86642367,0.1092883,0.8682036,3.0907423,1.7099972,0.8863508,1.8216546,0.19956917,1.7020352,0.86587304,2.0747597,0.50020987,1.568341,1.2266484,1.6228068,0.93841124,1.5152141,1.3826957,0.875523,1.852326,0.5884016,0.8019809,2.5258806,0.65377635,0.6974912,3.3611817,1.2656622,2.1593316,0.14146154,0.5133018,0.23726751,1.5900159,0.3175785,0.08407036,0.5062667,1.0923905,0.50728273,2.8111923,1.1200664,0.32855558,0.8399912,0.12742662,0.008592632,3.9098167,0.43311614,1.3884783,0.41667822,0.3498749,1.7385412,0.16227265,0.06054642,1.2470944,0.548453,1.4531555,1.4933739,1.5393225,0.06392599,0.23445901,2.081206,1.3049942,1.6363227,3.6162007,0.66325516,0.15467232,1.0725495,0.925619,3.357114,0.60533756,1.3346596,all_pothole_images\pothole_images_image_11.jpg
0.34143937,0.63831633,0.13809237,2.6053445,0.33891237,0.122482315,0.3820484,2.0779047,0.2369112,2.0278168,0.44754285,0.545346,0.25705513,1.4882945,0.00088007405,0.86902785,0.10093856,0.8659845,0.8335984,0.2134528,1.6884872,0.4067308,0.059383,0.39925376,1.4624767,3.0205712,0.50270844,1.9485607,0.4027322,0.1048573,0.08815272,0.15892841,0.0083561335,2.1981022,0.50941896,2.0385766,0.22820534,0.54706484,0.14194581,1.3360288,0.0011820071,0.024462545,1.0448866,1.2740765,1.7029973,0.03895885,0.0103426855,0.0,2.9408898,0.40248373,0.60464156,0.7679545,0.44065017,0.15476984,0.30648145,2.0632083,1.1499203,1.3139772,0.6634688,1.7096757,1.512504,0.5630283,0.58272386,1.0028651,2.1954548,2.5525925,0.18657705,0.35825476,0.17744511,0.0071815043,1.1576777,0.32362452,0.9516391,0.081185356,0.74997395,0.50918794,0.028367734,1.612035,1.3073531,0.8314728,0.6096247,1.5173414,0.8541413,1.4264425,0.2855576,0.43902415,1.7925122,0.010766983,1.6542846,1.0366914,0.09793406,0.21865287,3.125828,2.0308084,0.3948249,0.36670053,0.53684574,0.495386,0.9413737,1.1476129,0.27543154,4.9608254,0.6044754,1.1576588,1.9296678,0.2540316,1.2187128,1.6444285,0.48672447,0.02513129,0.64957225,0.05537173,1.5777211,1.3403363,1.0359279,0.25984776,0.17560835,0.7024077,3.9828465,2.37936,1.2171177,0.046265315,0.1166236,1.0092442,2.1596766,0.11939119,1.5263118,1.4154688,1.7245383,0.94000006,0.33260667,0.0,0.46264374,0.4185482,1.7378962,0.059324294,0.8396192,1.8964641,0.9892391,0.24550667,0.1087975,0.39550847,1.4504715,1.6148367,0.1605955,1.392541,1.0746579,1.1126146,0.2471652,0.9024333,0.7212095,1.5306057,0.8024706,0.28230748,1.8500528,1.1741351,0.82822174,0.23298588,0.74903697,0.23008537,1.361705,2.1443543,0.53496045,1.6259309,0.42902958,0.39550394,1.5068979,0.27190608,2.0773714,2.7365267,0.51127344,0.16893348,1.775144,0.3273677,0.704418,0.18709055,0.7398962,0.2844248,0.1413763,0.37473592,2.6314118,2.457354,2.0191648,1.7510177,1.2680831,0.7933731,0.63464975,1.3508556,1.2420697,0.4370761,0.0069539645,2.871429,0.0,0.9017075,0.7499129,2.3541777,1.5446467,0.98377085,0.39696914,0.119174615,1.2252674,1.033868,0.28317577,0.07374159,0.11332859,0.03725903,0.6616809,0.12020094,1.5550269,0.4223778,0.33755803,0.068070725,0.73638844,1.1345285,2.431587,0.8962479,0.64421004,0.17523186,1.2325411,0.87181336,0.11451627,0.08763836,0.7922329,0.6824883,0.12612128,0.8600178,0.9032145,0.311754,0.4649379,0.70868695,1.9926016,0.1737409,0.41192198,0.96527725,0.03179495,0.6890394,1.4631685,0.92750055,0.044045053,0.51403034,0.07564929,0.5834045,0.76348597,0.27895507,0.6948906,0.18033482,0.54594356,0.82616675,0.8643466,4.997818,3.2163172,0.26849052,0.4391879,1.1188831,0.42513746,0.9654491,0.74682367,0.16640119,1.2664291,3.7140458,2.278275,0.38140965,0.5425214,0.0684116,2.0880518,0.14702515,1.4947131,0.000894439,1.1182792,0.14844544,0.6619832,0.06977497,2.8404317,0.30224434,0.52428824,0.35693443,0.16176586,0.84291184,0.121884264,1.6004496,1.5190008,1.2659185,0.61563027,0.45260534,2.6279275,0.6307895,0.8773973,2.7964594,2.5032425,2.0059707,0.0,0.48342997,0.22324981,1.1724603,2.0970285,1.1666518,0.033854496,1.0445117,0.2693934,3.0927522,1.6960808,1.1845436,0.991463,0.041731864,4.0586166,1.1584486,0.45680696,0.0,1.6772752,0.31071055,0.75547296,0.70533884,2.2686152,0.47578093,0.73900944,0.6754428,0.13260177,0.66098607,1.948347,0.5429013,0.40862498,0.27491447,1.1829388,0.89935166,1.0465589,0.24030636,0.0,1.2799296,0.7942623,1.4628394,1.2200235,1.0798181,0.10375911,0.6952685,1.7501818,0.27218628,1.9054781,2.4765913,0.898622,0.7586757,4.613604,0.93150926,1.834186,2.1173737,1.5495758,1.1971855,1.3017987,1.1289662,0.57403874,0.4573442,0.19231777,0.21182117,1.4962763,1.004967,0.671749,1.203947,0.1570539,2.381958,2.8231866,0.9952048,1.2184668,0.3634803,0.29837537,1.5141934,0.014997209,0.63030267,1.400109,0.67285365,0.7177852,1.4098369,1.0421025,0.0,0.3374728,0.19926842,0.114023626,0.15975122,0.27431008,0.0,0.89326084,1.403709,1.6061467,0.31721842,0.36932486,0.667269,0.98164433,2.632756,1.4151322,5.7318,0.30702868,1.0122741,0.64645165,0.33408666,0.6683103,0.2939973,0.27534923,0.50042516,1.0501362,0.631525,1.0508351,0.5276338,0.46317422,0.79660785,0.58083504,0.24833651,0.8321231,1.556105,0.28692245,0.7263372,1.2364672,0.0053988406,0.68744814,0.014196414,0.0,0.9780381,0.457166,1.2857572,1.4737953,1.544122,0.49476185,0.7868249,2.156075,0.38536483,2.0694013,1.786027,1.6886297,0.20415895,0.5842791,0.67609864,1.2161686,0.751118,1.1300733,0.51908314,1.2888459,0.21914765,1.3534749,1.1196721,2.6190634,0.9072281,1.3000231,0.5605882,1.3148831,1.344194,0.93827504,0.19653453,0.5432887,0.44062018,0.5212136,0.78109807,0.108801015,0.9559678,0.45618153,1.4135604,0.24658887,0.9924413,0.98797214,0.9322964,0.7377355,0.3063843,0.86953074,0.56683797,0.67840356,0.24398361,0.09824347,0.5542156,2.4223552,0.8038906,0.29554677,0.12240817,0.30247334,1.5868964,0.011566681,0.1565775,0.49682873,0.15054126,2.1624117,0.002547615,2.6647618,1.0065061,0.62692994,0.40530166,0.65658146,1.0922552,1.7381635,0.0,0.22163393,0.26252148,0.48672026,0.0131345745,0.56828296,0.0,0.67452544,1.891376,1.127608,0.15697277,0.25861862,0.13277622,0.09240193,0.82328,2.587374,1.1433753,2.4630291,2.4368284,1.355209,0.23128365,1.8221428,0.9596906,0.20337524,1.2244878,1.9042374,1.0579431,1.3275406,1.5910286,all_pothole_images\pothole_images_image_110.jpg
0.6907535,0.21573651,0.01062987,2.2827954,0.06626068,0.23282205,1.1217222,0.20143804,0.0037376357,0.40043032,0.28138736,0.19662552,0.029830743,2.5882263,0.017366884,0.1622487,0.009589549,1.4357477,0.7969768,0.02557591,1.6891437,0.099449836,0.15589137,0.42143974,1.6530752,1.2510037,1.0735054,2.2892723,0.08439558,0.0033923697,0.3347275,1.116891,0.0,1.263612,0.5722498,1.380536,0.3267635,0.6470483,1.3699235,0.05232884,0.06344191,0.5751237,1.1807175,0.24545926,1.3687385,0.94045395,0.27522928,0.14554265,2.136237,0.49448034,1.7010942,0.103252195,0.74076647,0.41039804,0.16028918,1.2116151,0.42715445,0.4294346,0.7968841,1.1129577,1.0957826,0.5544244,0.007733892,0.315162,2.125719,1.6255943,0.45291716,0.93770003,1.0566108,0.004164861,0.6191412,0.81751823,0.3400468,0.21964756,1.8359146,0.18745025,0.6412,1.4584951,0.53637874,0.4979195,0.0,0.624166,0.89960796,1.53932,0.04734961,0.005787946,0.32854795,0.017120445,2.199581,0.90288264,0.18049997,0.7352247,0.48970217,0.5773206,0.6038384,0.0,1.3665141,0.56005245,1.1227925,1.167522,0.31424215,1.6358411,0.66509473,0.34230018,1.4992828,0.0047736843,1.3181418,2.2075765,0.111669496,0.38068086,0.70654714,0.44896513,0.34446195,0.524439,0.75869936,0.1601171,0.022754861,0.25398386,1.771194,1.5212512,0.30287465,0.03597579,0.542653,1.1433903,2.342448,0.44909316,0.991106,0.002288993,0.5061841,0.70487374,0.069240525,0.4219319,0.41431645,0.004192962,0.90640163,0.9901766,0.5624031,1.210923,1.381759,0.0,0.2105832,3.1993463,1.2389503,0.8383113,0.0524588,0.56581014,0.06798955,0.013902608,0.6951548,0.041369293,0.12665483,0.5570015,0.25240374,0.17618848,1.1998378,1.178775,0.81052524,0.2572637,0.87518233,0.78634197,0.73020184,1.5680339,0.32494318,0.9161665,1.0430909,1.1223831,0.50112176,0.025385525,1.0285939,2.5811837,0.105400465,0.0012129588,0.08557711,0.07230278,0.30625057,0.17487171,0.36371183,0.030296288,0.7736242,0.14312235,1.1414627,4.0310163,0.43261516,2.1985788,3.3545637,0.6319113,0.6669903,0.78775316,0.1222604,0.6272735,0.11215375,2.6915052,0.2356304,0.33849117,0.36775798,0.54860103,2.9691885,1.046018,2.6372492,0.87836975,1.0698272,0.16016461,0.0023006771,1.3546566,0.24719602,0.09520629,0.31731388,0.19024178,2.2522795,0.39181837,0.0,0.0034744304,0.43923315,0.14951967,3.0095274,3.5695183,0.034719903,0.0,0.2725907,0.9843527,0.9530258,0.09352865,1.1621512,0.0970342,0.0,0.31253815,0.66604984,0.037181683,3.2200224,0.9015845,1.409278,0.0,1.389414,0.3973858,1.1157854,0.6772307,1.5696365,0.0,0.35385934,1.954818,0.6184327,0.20278609,0.04586504,0.41908276,0.6109361,0.016722044,2.057407,1.7656555,0.6676462,7.876044,0.43125635,0.9095714,0.13028297,0.48165005,0.11986201,0.33064154,0.829949,1.4362555,1.0718473,4.974927,1.6360352,0.91888815,0.6917231,0.11753429,0.80235624,0.16061883,2.2392256,0.09305619,0.7050192,1.496691,1.103852,7.60599e-05,1.6632556,0.8315283,1.0893452,0.4230759,0.0,0.047025423,0.6596799,0.420748,0.57001936,0.39962745,0.19469123,0.24633808,0.018888246,1.2958897,0.27961263,2.0181966,2.6243103,1.4604545,0.1553962,0.54183304,0.041361827,0.06305521,0.12503777,1.2909107,0.071940936,0.05697143,0.30793157,3.9847963,1.8742214,1.0082179,0.2768386,0.0,5.2088594,1.8275223,0.52174336,0.0,1.1398605,0.34955674,0.25642037,0.028152883,1.8163594,4.09204,0.9199322,0.53211904,0.07352796,1.8708956,6.197006,2.3517613,0.11472388,0.029784046,0.96227014,1.3124794,1.5225624,1.5530001,0.6629735,0.061485466,0.6087259,0.67548275,2.8454962,0.4725942,0.0,0.5915276,1.5998701,0.26625574,3.6420667,0.9553874,0.47865385,1.3069986,0.33813834,0.0,3.6818564,2.5449655,1.3905368,0.4456808,1.552615,1.1649427,0.60079443,0.39718202,0.0020285193,0.6064918,0.5300149,0.4155262,0.017715577,2.1528518,0.124552295,0.7749113,0.9618223,2.817078,1.5702908,0.16657066,0.09447519,0.14521697,0.23767748,0.010272325,0.10082751,1.015505,0.13462031,0.47823194,0.09264609,0.52598554,0.15633065,0.052936304,0.14653218,0.86716616,0.044283774,0.15838829,2.2602184,0.0738104,2.5836616,0.23463866,0.46197882,0.69439983,2.209412,0.18820845,2.0024698,0.66623634,0.3209728,2.076744,1.6267644,1.0993614,0.21211842,1.0420321,0.041028976,0.54138124,0.7907328,0.23285283,0.38611305,0.14725342,0.30403203,0.87497467,1.8633469,0.15665668,0.7414505,0.009300716,0.0037520977,0.77094656,1.6040366,0.3086542,0.060176287,0.0,0.0,1.081109,0.76355296,1.1613942,0.060804345,1.9784125,1.5136632,0.24249843,3.2159088,0.3975726,0.6378985,0.11152628,1.2856394,0.4130422,0.12519832,0.3847832,1.1515558,1.2264618,0.43380728,0.85330784,1.4146893,0.15995082,2.190926,0.51511633,0.89503384,0.90667087,1.3385147,0.056187812,0.7981478,1.7391201,0.34858778,0.14146836,0.023333091,0.055502754,0.6623309,0.8593534,0.28178403,0.9232011,1.3123387,0.55243844,1.0728667,0.19488506,0.9262103,0.1127122,0.81489396,0.31004667,0.18783149,0.7701933,2.8478537,0.30474007,0.54517007,0.0863894,0.74328434,0.4924083,0.0,0.013638044,1.4036742,0.40100542,0.65308815,0.90149486,0.19073252,0.62770313,1.7790178,0.010531172,2.0315819,0.86095357,0.040109523,0.022277653,0.008918012,0.5309817,2.5012777,0.18721682,0.15433602,0.2880612,0.016066793,0.014463814,1.9687998,0.0,0.09526056,1.8146753,0.95926774,0.26839843,0.008345326,0.1107169,0.3000539,0.4905765,0.09727224,1.2787603,0.8021665,3.4766865,1.3885759,0.4324214,0.1631463,0.9036781,0.8699257,0.30087838,1.0200263,0.19368029,0.022220425,0.45530534,all_pothole_images\pothole_images_image_111.jpg
0.39768425,1.8702663,0.6106912,1.4661555,1.037139,0.4377191,0.7748324,0.42163783,0.4086817,1.0365934,0.3385496,0.97781867,0.67023444,2.0376337,0.676651,0.15578228,1.1164881,0.31692445,1.7086705,0.6598575,0.4015203,0.20755552,0.8317609,1.2710934,1.1956601,0.65634036,1.7976156,1.3601323,1.1200266,0.26119792,1.5954524,0.07382782,1.5349596,0.7642797,1.1603757,0.81494,0.030322945,2.5466807,0.17144541,1.0236984,0.30193737,0.42421404,0.5253541,1.8314427,0.12857486,1.0260437,0.04521553,0.100381374,0.9040775,0.93159616,0.30327597,1.3071554,2.6209238,0.41447914,0.39181042,0.73112917,0.542592,0.9119011,1.2740628,0.17928699,0.90491396,1.1834525,0.34271538,0.10383175,1.3511745,1.1862746,0.0030800335,0.22420439,0.055729423,0.18180126,0.71190596,0.03599608,1.0948951,0.076540574,0.74573016,0.19232228,0.7447972,0.9238837,0.5230445,0.013652084,0.82764316,1.3649837,0.14797582,0.69600546,1.1242851,0.35667208,0.30506453,0.18961957,3.5166435,0.13790885,0.11490593,0.22892192,0.26266846,0.40929157,0.27463865,0.59129864,3.0618503,1.490857,0.42414218,0.2122827,0.0841138,2.231631,0.23479035,1.9463542,0.8598295,0.37252238,1.3529623,0.7831219,0.20182562,0.24642931,0.5057782,1.4265937,1.383565,0.46087107,0.66979295,1.2425966,0.6261777,0.9315593,1.3486212,0.8134979,0.86343926,0.5195973,0.041954517,3.0402243,1.3593656,0.27333817,0.59466815,1.3810997,0.48249975,1.3799545,0.3072646,0.012432489,0.1696206,0.47375163,0.45939478,0.45863044,0.44427925,1.6700233,1.3820287,0.5221745,0.016782884,1.0714793,0.78295696,1.9260602,0.27303702,0.93159616,0.35387477,0.54522055,0.18167578,1.1731308,0.62062323,0.23603782,0.25842124,0.19398443,1.4400381,0.40235502,0.3213448,0.11091888,1.3176317,1.4838223,0.77408916,5.2310467,0.16659123,1.4565473,0.35213274,0.31656003,1.6682179,0.40869135,0.7821191,1.1962388,0.36840135,0.016676838,0.37980437,0.40248808,0.59654945,0.017050317,1.197788,0.33264592,0.23948073,0.5130976,0.6070041,0.6824639,1.5455176,2.2770956,0.5977746,1.7519529,0.48708954,0.32340094,0.4431674,1.6549191,0.427431,1.0255393,0.38737276,0.53803796,0.6501296,0.8767626,0.848962,1.4311823,0.4580377,1.5709175,0.1153932,0.9778067,1.153374,0.3066733,0.79988766,0.4133361,0.699003,0.20399618,0.39046288,0.48983827,0.22483438,0.2070216,1.2655098,0.64246255,1.2638497,0.85094047,0.12574081,0.053064734,1.7276046,0.018067207,0.78226906,0.093284875,0.5117631,0.16222267,0.0051064123,0.27818272,1.5199072,0.35992035,0.63398755,1.5398012,1.2349457,0.121732846,1.1152201,0.50716853,0.20366555,0.6404987,1.2236497,0.42296478,0.06749568,0.049593516,1.142841,0.48484638,0.20990951,0.52158046,0.031662628,0.13944222,0.6171598,1.1598127,1.5427417,4.595649,1.2826563,0.27813175,0.05091153,0.69406384,0.026530372,1.062696,0.76940405,0.38509986,1.0863484,1.887008,0.73715115,0.30306777,1.1490998,0.028717654,0.3346584,0.2642017,0.8958046,0.7316725,0.23000386,0.39574128,0.3534067,0.0029994592,0.37334526,1.1752152,1.2045234,1.7041342,0.64121854,1.1463226,1.3235275,1.0731323,0.49070692,0.12690021,1.5508704,0.96269846,1.3855562,1.8665645,0.500995,1.5016563,2.5894296,0.042641576,0.20404832,0.5069784,0.9512216,0.97943324,0.73494595,0.62128836,0.25408807,0.46126416,0.57557136,3.175332,0.51647824,1.4353791,0.03690746,0.052254405,2.245225,0.45256302,0.1676259,0.48912233,1.0335797,0.13760088,0.69545645,1.2509162,1.7817711,1.9109982,0.15566395,0.3399636,1.3595479,0.0603645,2.0175028,0.6421393,1.7965882,0.14209038,0.33100986,0.054875698,0.8007521,0.05877943,0.5994816,0.41548473,0.5374145,0.23294406,1.8999163,0.95149416,0.57997715,0.027435686,0.4126576,0.4228455,2.541673,1.4052709,0.5398683,0.19985923,0.69736385,1.6692657,0.71824545,2.8747358,1.1888684,0.2702746,0.038437214,0.6394843,1.4032717,0.2216642,0.5029749,1.7757783,1.043567,0.01229508,0.0729899,0.70343965,0.07599705,0.49138263,0.53396,0.24137774,0.7731065,0.08302874,0.3537545,0.28812337,0.0,0.4057761,0.74259436,1.6155299,0.058127962,1.9349846,0.5143755,1.3045686,0.90641564,0.3132588,0.32674026,1.6161641,0.3292179,0.4330339,0.21227321,1.028211,1.4805886,0.3139067,0.25213158,0.98709285,1.1851995,1.1975796,1.7999061,0.94261295,0.04245385,2.265108,2.8725133,1.3060051,0.42538226,0.5483796,0.06884337,0.22290418,0.9087741,0.13916266,0.39645806,0.020060042,0.38732725,0.11254625,0.11777793,0.6560183,0.25524616,0.10858514,0.13156861,1.7565747,0.7855354,0.008844083,0.19763274,1.163748,0.17310788,0.5308975,0.2304788,0.1486125,1.8312306,1.0255147,0.668192,0.399242,1.6178539,0.66402614,3.47934,3.0053542,1.8684787,1.1265093,2.1206615,0.8217227,0.8841288,0.9735345,0.67327,0.19512138,0.47507343,0.6494705,0.81146675,2.65316,0.42839158,0.41276237,0.6885509,0.18289302,1.2880061,0.5507391,0.23400488,0.018948697,0.06373844,0.124928705,1.6162958,0.41208065,0.5451858,0.85868186,3.4958916,0.5155563,0.26759273,0.07269469,0.75142556,0.04183927,1.0217155,0.32631698,0.08556906,0.27427995,0.69746226,0.4061239,0.49249324,0.3521689,0.22029145,1.7955981,0.21715428,0.102756515,1.1563845,0.53984934,0.29411498,0.83498216,0.9659481,0.41846356,0.111344576,0.20275824,0.6028123,0.59770286,1.1253359,0.34927267,2.360177,1.8114902,0.98411965,2.0198183,0.0255734,0.88490295,0.2868766,0.41007462,0.8038247,0.0,0.33653542,3.0601828,0.7631188,0.33603394,0.2997517,0.043914795,0.23537092,0.015296912,0.31332928,0.42253637,0.8077569,1.2068323,1.312023,0.41142577,0.87149084,0.83169323,1.8479222,0.3595946,0.3736242,0.40219194,1.1074219,0.4944514,all_pothole_images\pothole_images_image_112.jpg
0.86503005,1.6567115,0.29169264,2.227693,0.16910231,0.3022478,1.0618362,0.35856035,0.41075745,0.6346261,0.5430136,1.3362352,0.9287556,2.092523,0.35494697,0.56718004,0.4880566,2.2152832,0.9969157,0.23237932,1.3375515,0.9802817,0.96808904,0.17203763,2.0449898,0.27787018,0.81245935,2.7636843,0.3731278,0.23146582,1.1710052,0.07697166,0.62792915,0.0054401495,0.5028137,2.1724126,0.04117348,1.020254,1.0042756,0.3180421,0.006278112,1.4412333,0.09542558,0.4530188,0.25461605,0.22989334,0.6369828,0.84112686,0.014547468,0.10017354,0.10343133,0.21970901,0.71248376,0.2113191,0.050362363,2.5006518,0.53747565,0.019489923,0.5815671,0.39916041,0.90924317,0.27721053,0.9629128,0.3058182,1.2648033,2.4399762,0.2081763,0.2235453,0.04697644,2.0637805,0.5388766,0.066297494,0.19098517,0.099201664,0.018830808,0.025709774,0.5761648,0.2781943,0.24246019,0.25451607,0.5876715,0.01775289,1.8757442,0.727558,0.193209,0.054314982,0.15581483,0.014891772,0.642454,0.022043863,0.13227388,0.6351551,0.115316056,0.24376374,0.45644724,0.34599856,1.1842746,0.7199249,0.56276065,0.49329376,0.37587243,2.9432843,0.6724055,0.29451802,0.7871989,0.044949476,0.1422287,0.7923816,0.2505961,0.198463,2.1250641,0.44549796,3.2635558,0.3972055,0.89346516,0.12827638,0.059017584,0.06762359,0.28821307,0.56990826,1.6576273,0.007593179,1.2099633,1.7626536,0.78023356,0.80353093,3.9555068,0.7901527,1.6766475,0.36850712,0.8291781,0.45390612,0.0,0.19795011,0.7016251,1.7591931,2.5711288,0.03687902,0.5333671,0.2454871,2.6365652,0.131363,1.1649678,0.80011916,0.115758404,2.9006784,0.0075819343,0.4188294,0.2897714,0.06254628,1.2278006,1.4801048,0.04350729,0.06566429,0.26630476,0.04622922,0.8099242,0.09126381,0.9892708,0.43557364,0.8141928,1.3900129,0.09060196,1.9186716,1.1900172,2.035237,2.3903513,1.510938,1.9017563,1.9637417,0.72301364,0.3143011,0.013850098,2.389726,0.40173626,0.24279763,0.62997395,0.7457244,0.28125712,0.5790945,0.06501711,0.6948298,1.6217436,0.10340093,3.035967,0.037718516,0.8287278,1.055297,0.051415194,1.1594336,1.2605305,0.45397443,0.09084855,1.9230745,1.2129542,0.027774032,0.40001148,1.528718,0.0930852,1.4574811,0.2937407,0.63444173,0.45638028,1.7050229,0.20582035,0.045509282,0.986143,0.5377256,1.3879558,0.9944868,0.0,1.2805364,0.63011116,0.056570567,1.8832805,1.4358025,0.7386308,0.8085527,0.654978,0.45113564,4.021474,0.280038,0.47270516,0.1092105,0.015743453,0.15366665,1.8690817,1.5381815,1.0960083,0.94138414,0.3561388,2.2082186,0.38386422,0.16990654,0.2523617,0.033517305,0.590763,0.50145644,1.2391028,0.33154374,0.03939106,0.01635568,1.2758775,0.12391333,0.9477877,1.8839896,0.26915887,0.31773412,1.1777959,7.2821693,1.5800735,0.4297937,0.0977063,0.28770387,0.024666626,0.33851618,1.3797055,0.5527886,0.7545306,2.878918,0.14279403,0.14102207,1.4643645,0.073377505,0.112585716,0.6941806,1.0760107,1.221009,4.223946,0.8733929,0.32367107,1.1610626,0.2892439,0.06871049,0.7898446,0.6722552,0.06653873,0.55473894,0.53482246,0.79825795,1.2773004,0.041149814,0.5792114,1.1272043,0.48518425,0.49215946,0.4399294,0.07459567,3.752209,0.14240184,0.0061446927,0.6168588,0.22443593,0.9543245,0.24983902,0.73331153,0.17310269,0.5778207,0.28040096,2.2738752,0.14672859,0.45135662,1.2532102,0.033572618,4.120382,0.010336218,2.0105228,0.09604757,0.08941515,0.9368686,0.6676175,0.68100893,2.1275704,1.2400221,1.9632934,2.3368208,0.35358152,2.2754734,2.9239008,0.5620411,0.080348104,0.020643886,0.81726885,1.2986426,0.9086943,0.0889979,0.14648068,0.0065753143,1.3227559,0.21956323,3.1184075,0.30478433,0.1886286,0.7484548,0.03779957,0.0,1.9921161,0.4087575,1.0031246,0.10710913,0.16365315,0.14104865,1.2680492,1.0439937,0.6806069,1.4256696,0.45112535,0.37577695,1.1762319,0.5734785,3.0175774,0.14628652,0.2663019,1.045793,0.2909852,0.06658231,0.16044983,1.3892341,0.017946295,0.104996994,1.3767923,0.9838064,2.1689863,1.6755232,0.005897508,0.0015644949,1.0851704,0.008431737,0.15124072,0.80902267,0.1829885,0.036570888,0.3504458,0.1177388,0.08152134,0.35212776,0.03311176,0.85480815,0.7927476,0.33812004,1.345481,0.28600737,0.23753065,1.2186013,1.5864193,0.33426058,3.1832125,0.13699959,0.201799,0.6158986,0.77786523,0.2982011,0.086694635,0.15646169,0.0977233,1.1031903,0.18930945,0.556216,0.013361343,0.99611676,0.3590769,0.89004606,0.75184566,0.67847115,2.3131561,0.012759739,1.1269755,1.057464,0.15695882,0.4879717,2.8379989,0.6255225,0.09073331,2.9071941,0.81020963,1.0738654,0.63629717,1.1493479,1.3497128,0.73629946,3.9620588,0.08292109,0.8242899,0.8758316,1.9025334,0.13032268,0.39705256,1.809929,1.3780396,0.16060759,0.6199905,0.44202545,0.0031077994,0.38078472,0.11137174,1.0447203,0.086229496,0.81299543,0.18416145,1.5589763,0.38694596,2.0411682,0.2680413,0.087146156,0.11743069,0.011266511,0.45175365,1.9437754,0.50288516,1.729054,2.0286844,0.13805316,0.87147754,0.17697798,0.19110358,0.8889562,1.4732134,0.15447602,0.2000278,0.105357535,2.728895,0.06007102,0.25932807,0.22375755,0.41150168,0.45977306,0.0013270694,0.0,0.13074172,1.6199918,2.0004263,0.7779518,0.0869867,0.73395956,0.26756367,0.016778069,0.91021353,0.8587642,1.0357366,0.07251037,0.13692531,0.40136972,1.0239176,1.8011343,0.0,0.49224463,0.20574217,0.011064812,0.4739778,0.26133832,0.14266561,1.3665135,0.21168794,0.9053101,0.0006914461,0.47086924,0.10621602,0.027154015,0.33878955,0.39168626,1.0315195,1.5783082,0.14594641,1.3655987,1.9210134,1.2669387,1.2243147,0.44920617,0.3819032,0.19588286,0.060750857,0.5875886,all_pothole_images\pothole_images_image_113.jpg
0.048360355,0.34716803,0.4729925,2.846897,0.5932058,0.021098046,1.0430669,0.10622808,0.67865926,0.5848362,0.2673718,0.075494416,0.1037144,2.3973744,0.32097313,0.008651258,0.080177784,1.77166,2.3053284,0.61501366,0.22492023,0.17426328,0.52734977,1.2311075,1.2599822,0.045828234,0.6480057,1.3638107,0.29751465,0.46327445,0.57566017,0.14313684,1.3345816,0.196332,0.22506605,0.98419726,0.29540876,0.7339704,1.0797656,0.40745315,0.1529761,0.66478586,0.50128436,1.677374,0.04849277,0.29860115,0.8660164,0.13087769,0.74072695,0.48423603,1.0882341,0.24118014,0.018685054,0.0,0.3581917,0.8231463,0.9915859,0.73841506,0.1988319,0.5867022,0.2576963,1.1504573,0.38622692,0.012307614,0.223379,1.5341548,0.7479584,0.2115979,0.17310311,0.32934266,0.32443273,0.21536492,0.26158953,0.15392633,0.16395056,0.34592998,0.5976517,0.5950936,0.13374102,0.13977459,0.011993454,0.82419056,0.4711383,0.6226642,0.4384584,0.011744817,0.09358164,0.31364205,0.64042455,0.47768673,0.2654612,0.8227591,0.46137822,0.16156337,0.12184633,0.005018603,1.3788495,1.5122854,1.4837382,0.46374944,0.25528556,4.0617294,0.9734846,0.39388382,1.5470774,0.5666054,0.80507785,0.45964637,0.5811758,1.3655001,0.44512114,0.6912207,0.29089665,1.1319466,0.4926176,0.8203106,0.6026174,0.23155375,2.1030314,1.2710565,1.1854411,0.32454595,0.45859697,0.57055706,1.6136225,0.23461354,0.28367218,0.22858337,0.7958151,0.2658364,0.5597136,0.19642912,0.41827548,0.65967774,0.032299463,0.9223127,0.13332574,0.47919878,0.27519655,0.0013534981,1.4740723,0.43821925,0.83699685,0.62940866,0.21724157,0.6890498,1.5371757,1.2585894,0.26428545,0.081221744,0.044684444,0.132865,0.023892911,0.1880126,1.9509382,0.26602584,0.3237033,0.139126,0.4261578,1.2239151,2.9259367,2.5301783,0.04239332,0.031892505,1.0391163,0.019188423,1.0562459,0.4729731,1.0390571,1.3450502,0.24957171,0.015017057,0.0054568737,0.46744668,0.11151687,0.10457681,0.027494162,0.0,0.34900746,0.15705805,0.11459313,3.1134536,0.9978172,0.8974933,2.127458,1.1006917,1.5597348,1.1089438,0.42719883,0.66496813,0.28771725,0.21497399,0.57999545,1.3025457,0.16493133,0.3887383,0.6738356,1.0910543,0.6271075,0.22230025,0.6629885,0.9264137,0.4587036,0.94465,0.16064085,0.31423497,0.45434386,0.29276899,0.9993088,0.47371298,0.07011364,0.114500254,0.97886944,0.75209653,2.9278233,0.66343564,0.7481711,0.40463933,0.8908514,0.054772306,0.9611807,0.2762126,1.1731588,0.045355447,0.05523881,0.061894774,0.26508912,0.010337281,2.281052,0.15172474,0.7966213,0.059617877,0.6921181,0.3641651,0.5313199,0.38013616,0.17403525,0.38156617,0.22721641,0.640397,0.9177923,0.02073502,0.15194598,0.47803873,0.06571337,0.08913768,0.15385002,0.5732924,0.89017636,5.04269,1.0234274,0.25775924,0.2727715,0.46109352,0.008636422,1.2309227,0.3896876,0.36750847,0.8975419,0.64821565,0.8290856,0.5524079,0.29929757,0.40720305,0.5000335,0.56820935,0.65284365,0.5665561,1.0212829,0.023426525,0.76426786,0.020735314,0.46765256,0.5803252,0.6557084,0.28356257,0.13960056,0.562912,0.45407605,0.6164277,0.19410981,0.0074961283,0.58060384,0.06927693,0.10786303,1.072064,1.3048154,0.69088715,1.4853665,0.3704558,0.3727652,0.10927522,0.13253397,0.9270351,0.14307316,0.3017924,0.7950229,0.12930217,0.015627785,2.535524,0.597514,1.0826077,0.029343419,0.16702831,3.8536096,0.26942047,0.3195319,0.011612388,0.19659196,0.22900857,1.0359477,1.4663895,1.0708712,2.3593109,0.50461876,0.4214045,0.047536694,1.3789395,4.02801,0.43585256,0.9619164,0.064215876,0.26992103,1.2400992,0.42636392,0.09482197,1.2172257,0.086430185,0.35719302,0.07444577,1.3830551,0.0,0.52685595,0.660714,0.6009221,0.14535804,1.7642568,0.9445596,0.28666818,1.1551841,0.47377047,0.09904402,3.4924362,1.5983406,1.0587504,0.12483625,0.3035488,0.41425997,0.97518134,1.03978,0.6182703,0.062119,0.4783923,0.62210995,0.016258668,0.44281602,0.0,0.8252783,0.6054525,1.6469295,0.8628937,0.60088706,0.016992087,0.7140054,0.36490992,0.10530026,0.51927966,0.66965795,0.53480476,0.23229365,0.7388467,0.20259255,0.22109786,0.49763495,0.9735019,0.19584984,0.613411,0.12401239,1.1251298,0.83346635,0.89750963,0.11444312,0.624952,0.54858774,1.1129727,0.05694905,1.3494036,0.38920456,0.0032421441,1.3523973,1.1611668,0.106967516,0.0700095,1.4270701,0.0,0.011407039,0.8594279,0.18847802,0.3936824,0.068370454,0.46630484,1.849581,0.4944043,0.75116515,0.31239498,0.056086913,0.19961995,0.5175262,0.33474886,0.0239258,0.20162578,0.2575726,0.12625426,0.3175366,0.47110793,1.7717433,1.7990221,0.71118194,0.3366549,0.00998487,0.9776286,0.6073467,1.1003382,3.2323813,2.301712,0.9114297,1.2810475,1.0050297,1.1298428,0.24004708,0.29331973,0.31719568,0.39184406,0.27190137,0.8432528,1.4168117,0.76764756,0.14812434,1.1690053,0.065358356,0.5116341,0.3506181,0.100443795,0.14640853,0.651403,0.2915698,0.22848012,0.0142244855,0.10242022,1.3803717,2.6009552,0.17690594,0.4709102,0.764594,0.16467425,1.1555254,0.3012365,0.06613212,0.3144362,2.4097323,2.313143,0.46326473,1.3390814,0.0016215077,1.0742657,0.10437758,0.01919492,0.07887209,0.3129495,1.63033,0.8041321,0.8799812,0.16542202,0.33578923,1.1904618,0.14853175,0.50953203,1.5250791,0.556197,0.11371159,1.3444816,0.7843701,2.395588,0.4415577,0.37980255,0.060534086,0.37647238,0.027184928,0.7935983,0.452082,0.924375,2.6209288,0.23775575,0.15132566,0.0028371208,0.17149793,0.32750314,0.030595943,0.17574915,0.00047395,0.82544553,1.34489,1.0397747,0.15690991,0.5755026,1.1752957,2.1204836,0.9765779,1.0351409,0.98934007,0.045597665,0.22749084,all_pothole_images\pothole_images_image_114.jpg
0.087871425,1.187811,0.49779415,2.268026,0.17856789,0.19503142,0.30584344,0.0,0.9078763,1.5062301,0.6270666,0.22286507,0.02928359,1.5149344,0.0,0.28827876,0.078510694,0.11817301,0.6429843,0.052173857,0.0039519817,0.755796,0.4552371,1.798899,0.38010246,0.28435406,0.068803474,0.98993385,0.0,0.14269048,0.0,0.11114443,0.46907273,0.051880423,0.09889384,0.37316862,1.0447171,0.16339502,0.4670653,0.025432874,0.15875077,1.3248148,0.6456796,0.6188377,0.9892757,0.19688097,0.13735697,0.403918,0.26647174,0.1064532,0.13037685,0.5015108,0.26701823,0.068234034,0.19852906,0.7126129,0.87548155,0.22168873,0.11800248,0.4083369,0.02837348,0.08677579,0.29761118,0.31849873,0.8835228,0.47161832,1.1335456,0.27957568,0.0,0.818956,0.62185967,0.0,0.24204135,0.011073158,0.3032425,0.6684722,0.15048993,0.23057774,0.03204646,0.26068825,0.00036716252,0.18786725,0.9064601,1.67438,0.7065591,0.18371905,0.07200875,0.0,1.0060475,0.39526233,0.0,1.2661066,0.026726738,0.036425684,0.12918442,0.23083414,0.5633593,1.8019876,0.67571944,0.3122463,0.4957517,0.58910465,0.8715071,0.5653063,1.6586391,0.011593123,0.44731224,0.0,0.810791,0.9079761,0.32054767,1.6373811,0.07172731,0.08608869,0.5973501,0.6869627,0.018268604,0.17521247,0.4870957,0.49541697,0.8162483,0.54230255,0.051102668,1.3746208,0.23296511,1.5261852,0.19865341,0.0,0.084225856,0.13660157,0.016634999,0.7742699,0.08293206,0.05425268,0.5181472,0.04330704,0.081742585,0.07372785,0.024309464,0.1797107,0.31205845,0.05017948,0.91902316,0.7996387,0.0010583573,0.079557754,0.14415823,0.08455975,0.28439376,0.06624195,0.15246958,0.043488245,0.2414567,0.0068261353,1.7930516,0.26777273,0.07414595,0.46990147,0.0035584853,0.67286414,0.36939374,0.15610597,0.75531036,0.5774475,0.70021105,0.05324423,0.6348344,0.19507739,0.58196115,2.631858,0.009162128,0.0,0.094029985,0.05310476,0.2760427,0.035938445,0.0052421317,0.017651534,0.32936227,0.09372963,0.008943332,2.0277586,0.5874079,0.39637455,2.1613164,0.15755364,0.4925991,0.18739949,0.7782981,0.5305655,0.19195774,0.0,0.60951465,0.3015349,0.8145475,0.012067972,1.6783255,1.7311846,0.8770568,0.5002475,0.1931476,1.2355636,0.0,0.0051637935,0.9335704,0.4431918,0.49800092,0.22982016,1.5341886,1.0506597,0.0006727844,0.214626,1.0794054,1.0025964,1.3710947,1.0033176,0.3104155,1.089319,0.4601443,0.58685637,0.35295376,0.0815927,0.25018597,0.31254113,0.002525319,0.0,2.3152108,0.021243716,2.8224137,0.158694,0.37680823,0.27146518,0.122434154,0.17738393,0.980851,0.14963531,1.4898801,0.004940636,0.017474817,0.02925338,0.064597994,0.2909962,0.735714,0.20342578,0.089493714,0.45387602,0.6654556,0.032164045,1.2092123,7.397662,0.15834862,0.0721337,0.005431956,0.0828582,0.02668271,0.1772451,1.4580064,0.7706356,0.24971493,1.863739,0.13027334,0.19553594,0.7363912,0.5314334,0.14819407,0.5641108,0.11887284,0.18777283,3.2353334,0.0,2.024529,0.005662445,0.20298739,0.055014614,1.1939765,0.18001284,0.0,0.40855673,0.0057484554,0.24392428,0.49166313,0.36617932,0.55302083,0.023202864,0.10582807,0.7220553,0.7241671,0.25753,0.74097145,0.0197359,0.0076990686,0.2433815,0.101762354,2.53785,0.44889146,0.09098035,0.26962742,0.776985,0.035411514,2.3939726,0.23080237,0.45041528,0.0,0.06719201,6.4158998,0.62109613,0.18061943,0.3736035,0.15246296,0.01834353,0.014465397,0.2882332,5.898867,1.4847888,0.07414229,0.38744447,0.18621933,0.67029023,3.1648471,0.6230044,0.43130314,0.12096282,0.10228163,0.15805548,0.56306505,0.51649433,1.1387787,0.036491826,0.6360503,0.050990995,4.062521,0.0,0.06550894,0.29576978,0.008454859,0.03870065,2.4407895,0.21241532,0.050113242,0.389489,0.37622556,0.3273218,1.2618777,0.36702892,0.09966784,0.0031650981,0.1610601,0.22925618,0.049233817,0.1618315,0.5329874,0.7932994,0.6272663,0.46536255,0.2119062,0.21775503,0.045238037,0.99059886,1.1883752,0.8904462,0.22916058,0.13481088,0.018809026,0.043453902,0.17215306,0.13446642,0.40738988,0.08126692,1.213772,1.2892716,0.25576591,0.078336455,0.0,0.90276444,1.0342348,0.44056067,0.36071694,0.118672945,0.41834477,0.26850754,0.45315367,0.28462082,1.0725243,0.31383184,2.1622274,0.07229907,1.4556365,0.36890832,0.18863678,2.0573719,0.22439145,0.85040694,0.0036441325,0.6041847,0.088393874,0.61006635,0.8238396,2.1580508,0.7771813,0.00055353314,0.7029048,0.56896895,0.18470159,0.555019,0.63406336,0.5038273,0.3742384,0.42476603,0.30976212,0.40550426,0.002318641,1.055514,0.35024345,0.40734562,0.066365756,0.49201006,0.278873,0.29764482,0.02358392,0.6246763,0.4214391,0.4179395,2.0245442,0.69763553,0.55939764,0.10083292,0.97976667,0.14279515,0.2577599,0.100672975,0.055369686,0.90115595,0.4167136,0.75881577,0.59975904,2.0918126,0.53860915,1.2472636,0.95238477,0.066185996,0.23532234,0.099410675,0.00039164702,0.0031176468,0.40370184,0.023266828,0.5098718,0.30895093,0.18329321,1.178942,3.0429642,0.077176645,1.4240949,0.0032980053,1.4080929,1.0844895,0.6046832,0.5883691,0.34728163,1.1359478,1.0497743,0.0,0.08093231,0.07354157,0.83768165,0.055080287,0.0,0.10616819,0.0,1.5026236,0.50594896,0.22076781,0.17622264,0.075024314,0.025373971,0.43960842,0.14383566,0.73502195,2.1059847,0.15599498,0.9918837,1.4380203,3.063,0.7651035,0.038945965,0.2388454,1.6224734,0.2135977,1.1502862,0.017811537,0.53207994,1.9512064,0.1284916,0.031391304,0.016671149,0.22809985,0.9643072,0.016899997,0.74338454,0.40957838,0.45705748,4.661266,0.095485024,1.1681836,0.32835877,1.2962344,0.379286,1.106241,0.61965835,0.54653174,0.026741214,0.85198176,all_pothole_images\pothole_images_image_115.jpg
0.11998727,0.094908156,0.54424673,1.5220729,0.80265534,0.121915154,1.6607354,0.10958716,2.754463,1.1787362,0.8650107,0.29609364,0.9208341,1.6878624,0.03986862,1.2827412,0.77547485,0.102883026,2.9123597,0.5152478,0.382681,1.7378565,0.0028362398,0.5619609,1.1280882,0.15871465,0.36929756,2.1100733,0.45736483,0.008473634,0.13383697,0.15313712,1.6922168,0.49922818,0.0064400584,0.9057476,0.0,0.115178496,0.4152488,0.0028549782,0.82663393,0.093403034,0.3069802,0.85065514,0.8397204,0.051632077,0.8053358,0.024677668,0.2333235,1.4800392,0.3922828,0.09374484,1.0178916,1.7150701,0.22462466,2.2979403,0.27538088,0.4405036,1.2652655,0.5706464,1.1289872,0.73987764,0.48276153,0.68387336,0.74241704,2.2691379,1.8465242,0.0165751,0.30029714,0.23413736,0.24194057,0.0073072286,0.2872786,0.03095193,1.6613619,0.3755876,0.093695104,1.2450423,0.7901074,0.025879601,0.091262504,0.19036877,0.20266542,0.6807243,0.90174085,1.1730807,0.5227836,0.21509233,0.3879228,0.3576578,0.67896193,0.5775099,0.0,0.7501661,1.381177,0.0068713515,0.45741698,1.9305366,0.0056524426,0.851695,0.044675793,0.63097733,0.0065992023,0.5643706,0.89198744,0.3100104,0.65604883,0.083496355,0.0,0.054003306,0.71818274,1.1199198,0.02137568,0.08334934,0.15291633,0.0044440906,1.1297284,0.7431394,2.4147096,2.2740326,2.3792484,0.34428424,0.6478966,2.271912,1.4198096,0.7118712,0.6012699,0.20079581,0.43192387,0.17059863,0.6298977,0.31312263,0.29766127,1.5647769,0.3846283,0.60345674,0.49349296,0.09693398,0.93311274,0.69908655,0.38905403,1.7176832,0.08481731,0.023337295,1.2378306,0.68633157,0.37130737,0.35717136,0.7351338,0.47671744,0.53812724,0.44399744,0.1736117,0.07461366,1.8909109,0.6405857,0.5923691,0.039482705,0.04345883,0.45114216,0.9500719,1.3990077,0.061504148,0.54329306,1.1262373,0.01161011,0.2584499,0.15424041,0.35846367,4.488487,0.6347535,0.06379398,0.010298646,0.66909975,1.0490582,0.2571036,0.3036344,0.016119143,0.11054854,0.20063846,0.12115616,1.3984691,1.6888344,0.8044165,0.83879596,1.6370112,1.0973871,1.038511,0.9352306,1.0771085,0.4269223,2.5062468,0.084896244,0.55412966,0.045682643,0.26110303,1.9888128,1.7703011,1.030751,0.39134154,0.28770524,0.4533095,0.57340145,0.24754263,1.702722,0.5871714,0.44106472,0.11556523,2.3021,1.0292027,0.3751735,0.026744047,0.3108898,0.6214894,3.780887,2.3705745,0.018849904,1.0786041,1.8151331,0.4630348,0.110836454,1.0516133,0.3889632,1.551026,0.0035515358,0.0014949691,0.8793851,0.10769052,1.2714514,0.26748022,0.022449123,0.12946928,0.85254353,1.1050229,1.1193721,0.4205726,0.39306808,0.07192731,0.49351883,0.46184748,0.24175675,1.0141346,0.070994645,1.5012054,0.011984894,0.19145876,1.1511317,0.34955952,0.15573928,3.6113038,1.6777362,0.0,0.4144894,0.5052873,0.37478352,0.8506524,0.23284303,0.5574689,0.30741948,0.7994205,0.7871165,1.6559815,1.3998151,0.44545776,0.41103536,1.6087857,0.7012832,0.02304622,0.6769709,0.85577404,0.039581582,0.12596753,0.51055795,0.06231892,0.011742569,0.96055865,0.211085,0.69063413,0.70113,0.1314264,0.43999317,1.0340914,0.17137358,0.16188085,0.07016549,1.0430156,0.40237466,0.6286964,1.3503352,0.105286054,0.29245535,0.49119687,0.2859964,0.57416713,0.83955944,0.16064034,0.019221583,1.7784939,0.024582325,1.834719,0.6150449,0.7943133,0.2816825,0.025055408,3.4000041,0.039678108,0.88522136,0.32041714,1.7717922,0.18606879,1.0022975,0.3544087,5.508283,2.170157,0.0780642,0.8445464,0.0,0.21796636,1.2282991,0.5172566,2.028147,0.6895585,0.7252571,0.5570887,1.9250385,0.21449785,0.30098337,0.06330562,0.012475439,0.12642182,3.0954316,0.17508538,0.6871825,0.34473258,0.7327793,0.1768415,1.1053995,2.9723542,0.9337538,0.37305441,0.32598233,0.65499187,2.6884441,0.6422657,1.7071966,0.73169535,0.2592041,0.04542411,0.17150493,0.8831625,0.6685191,1.006764,1.1505953,0.47368908,0.58914524,0.35648605,0.077015914,1.894453,2.2054825,0.38848397,1.0183675,0.065585576,0.78780115,0.07513696,0.20921825,1.8525689,0.61454475,0.45519984,0.032574534,1.1222302,1.5146899,0.15155247,1.4033881,0.2703917,0.5312327,0.4438893,0.16673231,0.04477602,0.367412,0.8261798,0.21696697,0.38645947,0.39421088,0.71899897,1.7535095,0.6209934,0.5461981,0.8792617,0.9884514,1.1184769,1.4760017,0.6015934,1.6970103,1.80112,0.072598614,0.56806105,1.311022,1.0253186,3.2264302,0.020265622,3.4104788,0.068206705,0.03871555,0.13257556,0.3880886,0.2008159,0.23824917,0.05216178,0.39509225,0.0038939938,0.8328174,0.9665496,1.5330609,0.078879364,0.0,0.12117267,1.3763574,0.051784564,0.15738541,0.4928346,0.0020251279,0.16308676,0.13610765,0.55313706,0.8287844,0.6924081,0.5129649,0.3006589,0.23011146,0.40565866,1.7834839,0.46945915,0.47756553,0.01898461,0.42752963,0.9152342,1.0846447,1.3400197,0.34935394,0.7568541,0.08963154,0.9997608,0.9878163,0.26131958,1.4368697,0.33508164,1.829004,0.54726243,0.020369053,1.4087515,2.8510735,0.110225044,0.7405556,1.2208325,1.7710948,0.85873336,0.15984131,0.07867694,0.06263829,2.9008923,0.73083574,0.23473997,0.5335064,0.59420574,0.7420091,0.50842613,0.96602815,0.13471837,0.42733452,2.0343845,0.16706285,1.0034724,0.008013,0.047485244,0.49838683,0.32598096,1.1374627,2.5789363,1.3196992,0.49337006,0.86596894,1.4391286,3.075152,0.025926927,0.06473322,0.56848574,0.5910361,0.16728067,0.6822147,0.45667234,1.1812229,2.5549438,0.5693073,0.04354803,0.110724755,0.0058508473,0.19933793,0.6103468,0.058231235,0.58272713,1.060027,4.696861,1.7608985,0.35944074,0.7343247,1.8289772,0.57104284,0.8824403,0.952506,0.13581848,0.73480403,0.111631215,all_pothole_images\pothole_images_image_116.jpg
1.1345106,0.4643611,1.2086229,0.5502223,0.027933912,0.03343971,0.7289111,0.06651122,2.1483128,1.7888387,1.3385775,0.7523891,0.33418685,0.45837465,0.04887395,0.38061002,0.67154425,0.0,0.95510113,0.5962172,0.14937773,0.19192693,0.31734353,0.9334662,0.3148882,0.74046665,0.8115199,0.6952538,0.029664317,0.08624633,0.16948473,0.08109484,0.15715799,0.4723247,0.30752087,1.2069403,0.02332024,0.62959236,0.55176145,0.066399105,0.47794405,0.0,0.6959018,0.2733917,0.79482603,1.2754198,1.3445659,0.057363596,1.006242,0.6298341,1.2541403,0.8147157,0.060518887,1.009171,0.917358,1.4442807,0.10269207,0.43196374,2.4184628,0.2696392,0.1635936,0.44706362,0.68527865,0.2003317,1.721624,0.86164623,4.0391884,0.29022348,0.55757266,0.18710218,0.103506796,0.23757459,0.61535245,0.81267625,0.49898472,0.21778879,1.676291,0.63868505,0.6753915,0.31780478,0.0038049778,0.30543992,0.25020325,0.9884032,0.527604,0.32929978,0.07531532,0.28775626,0.57067794,0.47692278,0.21540774,0.27193215,0.030302009,0.08950958,0.56918114,0.1740796,0.6236336,2.0631661,0.05312289,0.7987361,0.0034200908,0.36695418,0.081930175,2.0463765,0.4776441,0.71002585,0.43882135,0.14560515,0.10838481,0.23356292,0.017858347,1.0402328,0.07522541,0.44672447,0.7434009,0.0,0.50440115,0.66542584,1.4056932,2.1409235,0.45576164,1.0692018,0.4251142,3.6500285,1.0368688,1.179498,0.7321572,0.0034232421,0.32242697,0.25007173,0.4014972,1.5194832,0.2553748,0.78149056,0.22352807,1.2676069,0.112698816,0.022608867,0.17809324,0.22460645,0.009952496,0.29305166,0.43445328,0.17553955,0.5562373,0.49581572,0.0049441285,1.2060461,0.22931997,0.9299526,0.72555983,0.24140409,0.19165833,0.13811715,0.34349892,0.14034748,0.44073027,0.18316261,0.016756244,1.0834,0.65737647,1.0854367,0.020705074,0.8743211,0.4599405,0.054933693,0.036172986,0.6095515,0.06313408,2.547703,0.19860892,0.6916062,0.23917435,0.729596,0.4195019,1.8308675,0.29208043,6.8136265e-05,0.21281414,0.4009611,0.34867507,1.4326284,0.3069476,2.128578,0.01764844,0.3014546,0.1344018,1.5325634,1.1895869,0.48167893,0.19102614,0.49333918,0.259362,1.3040384,0.34560782,0.65042084,1.8204925,1.3450398,0.5611278,1.0643256,0.16462113,0.5705495,0.121635996,0.02518648,1.1887167,0.09803624,0.6272793,1.262486,1.6234286,1.2325231,0.29764095,0.11695665,0.0,0.035303026,1.1039556,1.0349512,1.2496203,1.2028633,0.6305912,0.21642062,0.58602446,1.0138466,2.925788,0.4757762,0.08212576,0.3299159,1.0219532,0.24564897,1.339832,0.31815082,0.0,0.6776714,0.3051342,0.3935093,1.0690851,0.02738993,0.71556294,0.48127207,0.13906915,0.40336227,0.24808536,0.18634912,0.06285173,1.9941696,0.07025054,0.0,0.96090776,0.19357422,1.0444437,1.8573047,1.0392463,0.590773,0.0758434,0.027245006,0.8124786,0.75067425,0.07825533,0.37525463,0.4997241,1.1667664,1.8785071,0.40177327,1.9835613,0.11010861,0.2879839,0.57544464,0.27252206,0.86378926,1.4961637,0.5983883,0.4201189,0.07996677,0.57770306,0.85920393,0.21635284,0.21814854,0.33421892,1.5869664,1.0148847,0.1311947,0.70792854,0.59676635,1.7931689,0.3138147,0.0052694883,0.41188413,0.51840216,0.32374883,1.1563812,0.3127231,0.07602671,0.22193238,0.10831286,0.3245046,0.11586498,0.4673194,1.1673399,0.74755144,0.10598393,2.8630526,0.77667487,0.5709342,0.31015858,0.17404562,2.329296,0.17892312,0.20627667,1.113031,0.15161261,0.24854523,1.3549944,0.016657526,3.9827864,1.7289019,0.52084285,0.51658744,0.10752304,0.27344674,1.2064646,0.78380215,2.3315592,0.15237063,0.8996417,0.014762903,0.37973213,1.4117795,0.5329278,0.15747942,0.07322853,1.0679469,0.88718945,0.0641324,0.61889786,0.7738974,0.3204507,0.32689464,2.3127236,0.28573158,1.3932296,0.0035193455,1.0301027,0.2653163,0.6511012,1.9099759,0.1759486,0.6838552,0.4340262,0.12853546,0.46215302,0.4661948,0.16606416,0.5788471,1.1786801,0.6709247,0.24082372,0.9058259,0.6844204,0.02279415,0.5079711,0.3513671,2.9557855,0.8664261,0.6084209,0.4496432,0.42354318,0.7225904,0.97254544,0.3143233,1.4252194,1.3429036,0.16350277,0.90458256,0.8001715,0.59826946,0.2830445,0.24016446,0.32403645,0.043490637,0.47869965,2.0247328,0.5042753,0.47944874,1.8810961,0.3919972,0.12716782,0.5335865,2.0190513,0.13221638,2.063666,0.90703046,1.6031954,0.30045864,0.5821499,1.6668972,0.18594468,0.80584234,0.41473153,0.7281449,1.6710919,0.004832261,0.87481093,0.2675999,0.14843726,0.84462434,0.2979719,0.03895288,1.2740862,0.1944241,0.062725335,1.0798403,0.19707547,0.33788815,2.1601107,0.23401445,0.000857103,0.009679331,0.08323759,0.4844315,0.87903297,0.0,0.397484,0.5431256,0.06829457,1.0780385,0.24861418,0.0130771175,1.8038808,0.060484394,0.043490227,0.3933266,0.8989066,0.61291295,0.8531778,0.8630005,0.007858781,0.7201097,0.2260046,1.0569322,0.0064282697,0.11434664,0.2962333,0.47515985,0.6463552,0.134289,0.8754073,0.0,0.8861998,0.19189624,0.9980351,0.8013925,3.1728907,0.47088382,1.0507108,0.5891913,0.14374202,0.25555012,0.0,0.8951864,0.022014765,0.76937395,0.9799188,0.4790623,0.5141519,0.24404109,0.63914925,0.40180326,0.82450664,0.024365766,0.33092263,0.5292713,0.12218807,0.45706424,0.18307997,0.4765032,0.0,0.8809903,0.5434445,0.48674726,1.3307098,0.54816335,1.6421144,0.3389656,1.054132,0.5815792,0.0091863815,0.6054546,0.19862081,0.64494145,0.72264636,0.22303188,0.556883,3.3533554,0.4848374,0.04169432,0.4026797,0.06783571,0.35331935,0.49392262,0.017791241,0.7768946,0.8164021,2.9878092,0.38767236,1.3518637,0.35565364,0.81854796,0.65489525,0.15500408,1.3430269,0.02946008,0.70962733,0.46500197,all_pothole_images\pothole_images_image_117.jpg
0.20384617,1.7654358,0.20300797,2.1968095,0.3545427,0.29112074,1.045357,0.15444094,0.34921372,0.6734797,0.17522284,1.0440186,0.5796113,1.3040311,0.0312796,0.13912794,0.24009918,0.22285686,1.1188786,0.10475149,0.79277736,3.830513,0.15383606,0.6977189,1.5411735,1.5776753,0.21279745,2.502098,0.28714,0.39700374,0.5424813,0.303361,0.633559,0.71024793,0.93069667,0.37980017,0.69474876,2.1446228,0.3611042,0.7719299,0.0,0.0,0.1309602,0.84855,1.5208002,0.26534945,0.03146673,0.0,0.42976728,0.5532945,0.60636526,0.0,0.13501036,0.25617248,0.14471991,2.817079,1.3135986,0.086883895,0.36434224,0.4762627,0.70992464,0.27735755,0.64249504,0.114382334,0.30313554,1.4607081,1.0462176,0.63291615,0.18967573,1.656469,0.6875395,0.21283764,0.24880105,0.5191135,0.33519644,0.7832939,0.11711495,0.17473337,0.07854257,0.04113754,0.15548883,0.7647685,0.0068820207,2.4599655,0.850525,0.18907797,0.596399,0.17865469,2.5864415,0.38704273,0.15571606,1.3349158,0.07675738,0.6678346,0.08146844,0.30947748,0.6282111,0.34852618,0.9313552,0.6969332,0.21628965,1.2844003,1.0098081,0.19336326,0.02290554,0.44733217,0.45773393,0.06696834,0.1439201,0.2633533,0.1019805,1.7997401,0.6257847,0.1152057,1.8029579,0.2082655,0.8628484,0.46701413,0.529889,0.52655447,3.2542949,0.2608675,0.18811013,1.6162102,0.39869478,1.4554876,1.3910016,0.08639981,1.3593268,0.19729495,1.0589978,0.06874688,0.4688474,0.16588265,0.3524349,0.31585592,0.30946934,1.2996228,1.5447179,0.6979925,1.0487565,0.12901948,0.0,0.88825464,0.6132414,1.3028518,0.21365122,0.0,0.42740875,0.14354187,0.30725178,1.3544769,0.0,0.0131887365,1.7348751,0.3441419,0.56554973,0.19929759,0.4855376,0.7813465,1.4459238,0.5710794,0.15553015,3.4572933,0.012843991,0.32522652,0.47583848,0.36966285,2.1745324,0.52551675,0.4530035,0.0071397508,0.2590323,0.31609043,0.39862612,0.078043655,0.37929106,0.0092809135,0.30560157,0.06966205,0.007760005,1.3950536,0.9103305,0.32302064,1.9925659,0.87450343,0.13527294,0.011915705,0.47972813,1.0686662,0.6517997,0.397656,0.026980905,1.2193071,0.08431757,0.97653466,0.13268936,0.030491117,0.078194045,0.40498662,0.20936657,1.4366786,0.74949616,1.0373127,2.4970257,0.095447354,0.11761513,0.21873976,0.43415636,0.099438004,0.4403078,0.15162346,1.0321131,0.16499564,0.8210948,1.0519583,0.59944195,0.12045079,0.4960206,0.29011592,0.8113368,0.13264208,0.23559603,0.22167546,0.0,0.533593,0.52858734,0.26940078,1.1046108,0.5897988,0.2056689,0.15853593,0.5203528,0.56625736,1.0078992,0.31624317,1.5732961,0.21430424,0.0,0.08775998,0.19677673,0.005331189,0.043932773,0.07787785,0.06602802,0.0681435,0.3168963,0.17708436,1.3039119,5.7347236,1.1377854,0.0,0.9549969,0.0982613,0.17527016,0.23257723,1.5171071,0.13335253,0.43657625,1.8805138,0.13988039,0.31416515,0.3298826,0.6174189,0.2722951,0.25919208,0.08671536,0.9364588,0.5746837,0.1641985,0.0,0.008500409,0.11834584,0.324874,1.0891063,1.3523724,0.23488286,0.49429336,0.27335054,0.82084143,1.0662675,0.12173111,0.23404907,0.30911937,0.9751824,0.047930535,0.93758905,0.3255662,1.0806781,0.07730394,0.028726978,0.05083429,8.029551e-05,1.4523829,0.17339051,0.06362339,0.29374406,1.3624619,0.20828547,1.7435415,0.63428634,0.44999304,0.0035865654,0.31277642,5.577706,0.7050758,0.002973707,0.1653643,0.0,0.42317027,0.54717684,0.42745692,2.151132,0.4689296,0.0,0.89614415,0.12244825,1.0228395,2.1791375,0.05136414,0.04818006,0.0683239,0.156674,0.114413165,0.9940266,1.4656448,1.4556011,1.0067117,0.62459856,0.17289393,2.906473,0.1740677,1.1623262,0.0018777688,0.20212811,0.34150243,0.9826308,0.6639783,0.05756816,0.105322294,0.7270877,0.49490806,1.6097733,0.43085137,0.60594124,0.20076488,0.19676083,0.55745196,0.124918394,1.1478454,1.6265433,1.1701255,0.053313196,0.37088984,0.2010034,0.048687346,0.86870307,2.0707083,0.51788986,0.19235589,0.0,0.051467974,0.34502423,0.3347429,0.0,0.1877414,2.885762,1.5047314,0.12493925,0.14416859,1.1304051,0.6516275,0.1936823,0.6823045,0.07809415,0.4985694,0.12980644,0.440744,0.59685105,0.20459062,0.076864876,0.00023002084,1.1781119,0.50970775,4.333203,2.04151,1.7774711,0.15634862,0.017274937,3.1276057,1.3180789,0.004957796,0.07598885,0.22973411,0.03790802,0.02310427,1.2694013,0.22919144,0.1695659,0.34697247,3.3374796,0.6206425,0.12156418,0.5091582,0.24121185,0.22480322,0.35481107,0.6885031,0.6007788,0.1780666,0.1426814,0.8770921,0.45110148,0.31420326,0.23353006,0.4162735,0.45674056,0.015804967,0.013758812,1.1350093,1.9730943,0.06820368,1.6420778,1.3076632,2.072794,1.3294451,0.62380207,1.0950803,0.3513199,0.18133809,0.959655,0.1705571,0.016566256,1.1144973,0.39068353,2.8046417,1.1904645,1.3395376,0.38101858,0.3436189,0.319499,0.0,0.18869224,1.1942552,0.113696456,0.064710185,1.3587565,0.7571033,0.34895962,1.5708648,1.0410894,0.12953685,1.2471962,0.01309676,1.8455231,0.12822418,0.7309939,0.7679514,0.53989065,1.1039779,1.1765367,0.22614199,0.371025,0.58154005,1.0350493,0.61035764,0.10833168,0.08627809,1.169087,1.3815095,0.15724176,0.57097644,0.089298606,0.29564518,0.45276827,0.050462645,0.45354918,1.053419,1.7151536,0.013321445,0.033786867,3.0614972,0.35410404,0.9318832,0.0,0.04061954,1.2048053,0.19919911,0.027226837,0.15720284,0.47463727,0.445311,0.04056937,0.008168557,0.0,0.061030943,0.06059399,0.06052672,0.57459664,0.0055336813,0.5816348,4.952046,0.8116885,0.26360744,0.8096254,0.31947938,0.11120336,0.46845138,0.3608587,0.11530616,0.7180614,0.097975776,all_pothole_images\pothole_images_image_118.jpg
0.0017746638,0.483125,0.025185939,0.9060633,0.38985717,0.018036611,0.64933777,0.017074587,0.68871206,1.408687,0.5548636,0.646947,0.031348106,1.9215153,0.3372399,0.03125638,0.35571584,0.40014878,3.515844,0.50549567,1.3618643,3.157908,0.13380623,0.40620142,1.2649928,1.1139531,1.3122764,3.5708363,0.40449524,0.97624344,0.5576401,0.005790597,1.7425568,0.087635934,0.6587841,2.1845083,0.20200247,1.1769327,0.84662277,0.4162596,0.058631048,0.0,0.05604073,3.3187845,0.63825685,0.20576048,0.3274145,0.9367536,1.33396,1.3140867,0.3648527,0.6622986,0.7979418,0.017100394,0.16826613,1.3688745,2.2003973,0.34501302,0.12905465,0.71331227,0.7433099,0.27600098,0.6229787,0.116453975,1.6020352,2.2470868,0.4145773,0.20771523,0.010322491,0.5667037,0.031183418,0.69132495,0.30494416,0.40465653,0.6959428,1.1237869,0.103739135,1.5933799,1.2247326,0.59416026,0.9891165,0.033091642,0.9506333,2.0636513,0.08031092,0.08399725,0.5380309,0.0037196449,1.4235713,0.07080489,0.4764571,0.8381671,0.24371497,0.18159652,0.003407265,0.13179861,0.18664722,0.35562506,1.090782,0.37825105,0.9959295,4.601201,0.0,0.04989011,1.7723597,0.01164913,0.25454774,0.1579415,0.8732799,0.59585327,0.10856162,1.1098119,1.4118913,0.033223763,1.284356,0.9662662,1.9107575,0.8330159,1.4488189,0.15165558,2.9430392,0.25377136,0.25249758,0.6353576,1.1947727,0.73747134,0.04249315,0.3229623,2.6801202,1.9372727,0.24604346,0.02845207,0.009634035,0.22350314,0.3172968,0.017168008,0.51725024,1.0549936,1.4683691,0.85005313,0.38469028,0.258856,2.1494138,0.52539253,0.47018093,0.80278176,1.6483108,0.38158098,2.1571465,0.035883833,0.68886286,0.43146265,0.2086182,0.10667124,1.840655,0.9885142,1.061724,0.70535874,0.07765889,0.9451504,0.90365225,0.95946306,1.4028219,1.230564,0.00606889,0.16325672,1.5694381,0.6052013,2.3173864,1.3731575,0.09703821,0.310354,0.2510352,2.2657735,0.2784369,0.1648082,0.6377427,0.042389438,0.43710512,0.27632526,0.24222694,3.059679,4.429304,0.5801365,2.0468876,1.0447254,0.5995784,0.8640069,0.03209419,1.0831355,0.16334917,0.6855688,0.016419342,1.7912656,0.03708534,0.30737585,0.38373303,0.034730118,0.47243994,0.35812682,0.15901086,0.7739877,2.140368,1.2900157,0.428994,0.09503747,0.267593,0.53650236,0.41619223,0.024159905,0.39501214,0.6370039,0.7881785,0.88059604,0.98062134,2.2307453,1.3363903,0.0536157,0.81644654,1.0075299,1.2169961,0.0890089,2.340195,0.8405508,0.043323472,0.20639369,0.8223868,0.8360421,0.46515778,1.3371633,0.44094226,0.07894018,0.46903634,0.4824482,1.323173,0.164832,2.2991962,0.05807211,0.0798967,0.34995192,0.23184048,0.48345488,0.5104497,0.7817503,1.3696839,0.31452653,1.541498,0.05526834,0.68604237,4.810961,4.0113106,0.21792336,0.2057616,0.26217166,0.035935353,1.7677974,0.4797923,0.007550598,0.67678785,1.492952,0.089390196,0.4520436,0.11836351,0.058077626,0.5300108,1.5596081,0.2769276,0.5598101,2.6449597,0.30021054,0.31010944,0.008360523,1.6045021,0.07881806,0.9197362,0.15807706,0.048046257,0.58366585,0.62054175,0.1565496,2.7396824,0.28844824,0.3310138,1.4230598,0.35403478,3.9624035,1.1626338,0.36335582,3.0269632,0.24749237,0.05064498,0.42418188,0.21885027,1.673317,0.26996547,0.24883609,0.10319736,0.28073928,0.8400885,2.0934756,1.336724,2.913082,0.40868416,0.16140941,7.598954,0.08571736,0.4260959,0.32597917,0.0,0.72736406,0.763465,1.8375679,1.2501444,1.8279359,0.026670257,1.3909576,0.026334813,2.449401,0.7607758,1.09011,0.0,0.12531008,0.74238575,3.875775,0.8211019,0.46112892,0.90829825,0.0070164204,1.1819837,0.39831015,2.1406958,0.4463308,0.5134951,0.049927108,0.1807658,0.1046713,0.38476908,0.45780173,0.13723259,0.31368202,1.1211369,1.0748444,1.3317046,0.45214286,1.6886648,0.12080037,0.0833294,0.39250487,2.0969353,0.13695009,0.5786374,0.030504746,1.2333802,0.72694063,0.092577815,0.054966863,0.2790251,1.4402797,3.4092002,0.41330782,0.0,0.040485438,0.92627805,0.97232646,0.04628443,0.19271077,2.266542,0.9245528,0.16260833,0.18610637,1.2905988,0.0,0.79943496,0.13315791,0.31208786,0.045011394,0.30680686,0.0,0.60533684,0.43473846,0.107302666,0.40592045,0.95161885,0.15895358,3.3529842,0.5091799,0.4515934,0.08048865,0.0046945717,1.8403566,1.452292,1.5260708,0.81058276,0.50356483,0.118512385,0.009853035,2.1330326,0.43550777,0.016783897,0.6902787,1.3991693,1.0217302,1.0397909,1.3178777,0.41986784,0.28401744,0.081032194,1.7780203,0.9250735,0.6352367,0.375265,1.3369423,0.005075745,0.38542137,0.21552311,0.9898088,1.1786257,0.42505485,0.054154664,0.0,3.68105,0.47681078,1.4179494,2.3848102,3.2743342,0.20497052,1.9862322,1.2410638,0.20791668,0.06419335,0.7062749,0.32244733,0.30029806,1.1391789,2.5053961,4.255677,0.7395253,0.38772622,0.42368346,0.76319224,0.59588015,0.31363875,0.24924974,0.1968443,1.1086367,0.11043627,0.44805145,1.3254608,0.07396002,1.2527249,0.8019109,0.21123849,0.21018186,0.27607208,0.74017346,1.4500656,0.79943365,0.84427977,0.5892662,1.714643,2.1542356,0.6599623,1.3433769,0.025602253,0.91924816,0.049559947,0.10967496,0.31858483,1.0113692,0.72242707,0.22621533,0.24376379,0.4140536,0.04188039,0.5956734,0.29675815,0.33020806,0.45396784,0.53972346,0.0056754,0.032233544,1.9915575,0.58605504,0.28671518,0.11698239,0.047637843,1.0599183,0.15870231,0.088489026,0.07267705,0.88754714,1.5945674,0.43756655,0.059692048,0.12125251,0.12527747,0.060698103,0.85004413,0.8303871,2.4227939,0.024565693,3.2792072,0.87050307,1.443516,0.15251713,1.746582,0.2795376,0.0,0.83172745,0.29100874,0.56980515,0.32641014,all_pothole_images\pothole_images_image_119.jpg
1.9556804,0.54822946,0.42690676,1.8630449,0.49225202,0.29313627,0.111735485,0.21988732,0.008748297,0.8437107,0.05567762,1.080353,0.13567914,0.3865442,0.0,0.14468428,0.0043754643,0.8011643,0.1239214,0.12303428,0.15605298,0.56760216,0.45407245,0.41723448,0.8201915,1.1925198,0.9085823,1.5356811,0.057863362,0.18152943,0.2862006,0.2779367,1.0230844,1.0913675,0.14412987,1.8758364,1.322622,0.8452944,0.06254294,0.75581896,0.54340696,1.0621222,0.99623424,0.7170228,0.44251072,1.7971153,0.21621408,0.36779156,0.74998,1.6580281,0.2972166,0.07091971,0.35848108,0.022924427,0.37533382,1.4495345,1.9543442,0.22631362,0.24992321,0.037610013,0.019626549,0.3616732,0.2662119,0.14245364,3.2757227,1.1266776,0.27677915,0.8340363,0.0,1.0673021,0.42640573,0.04676438,0.12603718,0.79306,0.034226757,0.2165513,0.33609816,0.227091,0.09063779,0.7177556,0.02430034,0.06421289,0.42664656,2.0064874,0.93658113,0.14345531,0.07844646,0.08238808,0.7077474,0.19693401,1.2828891,0.58934706,0.10857628,0.39373195,0.08225543,0.09148045,1.0462252,0.22014399,0.4027176,0.020937176,1.2730536,3.9860334,0.32990468,0.12872371,0.5127817,0.03926908,0.22879533,1.4048604,0.30142254,0.38200793,0.076873675,0.15784253,0.28177223,0.017865902,1.623486,0.39966857,1.2536275,0.21968572,2.324502,1.9901272,2.0389326,0.012057763,0.3439373,1.1894633,0.08983984,0.9945229,2.1038902,1.5232179,1.0921869,0.059053887,0.66698766,0.0014962824,0.09801522,0.011895853,0.64141804,0.97239745,0.758785,1.0862348,0.6159682,0.19481234,1.3210523,0.038649455,2.479065,0.25466552,0.12356685,0.7107247,0.04501982,0.31279397,0.4327296,0.031388402,0.6024198,0.8968826,0.50399673,0.049894538,0.99449486,0.32549724,1.9030789,0.18768033,0.32200113,0.17416625,0.1839489,0.45427525,0.50473577,0.20206915,0.037602194,0.2866781,2.0808158,0.15527692,0.98061895,0.7661273,0.6469954,0.69216627,0.032222,0.3317138,0.91581637,0.29440233,0.2189129,0.2726376,0.6790223,0.47483265,0.37703082,0.7668773,1.344287,1.0347463,3.0508435,0.0,0.5209437,0.74144244,0.22782157,2.225074,0.4152554,0.6283002,0.44048473,1.4845212,0.60955995,0.118035376,0.3636457,0.5887418,1.153342,0.0,0.9536106,0.75427663,0.44672903,1.3632009,0.43433663,0.49580243,0.44566143,1.2503622,1.8448361,0.49739265,0.0,0.18588033,0.8276434,0.43690953,0.8472609,0.55918837,1.8030326,0.10769297,0.022520697,0.6999258,0.5291286,0.45207077,0.51380527,0.16174585,0.17143704,0.61170936,0.9272845,0.39552352,2.1903534,0.8587995,0.7533875,0.51480895,0.41834685,0.0,0.34050766,0.0,1.9239964,0.815594,0.06927903,0.5404089,0.5449384,0.16712119,0.41384825,0.8848257,0.13418762,0.46966377,0.487953,0.6965831,0.64189297,6.098847,0.2509346,0.4405884,0.47625497,1.0266159,0.0,0.75538975,1.4001762,0.023453215,0.38503507,3.3076253,0.64001286,0.0113483425,0.838055,1.3623414,0.23757474,1.0221922,0.3720605,1.1559108,1.1280482,0.37638518,0.20163524,0.23677887,0.1304662,0.3570155,1.3638821,0.21738885,0.087995715,0.06080785,0.8392166,0.7715737,2.484161,0.7295053,0.52032095,0.29783753,0.3213348,0.78708875,0.3104972,0.56954265,1.4591677,1.3554583,0.50681627,0.12336335,0.25468767,1.0037268,0.13035277,0.19250657,1.46075,0.270085,0.031387776,1.8841014,0.08145877,1.1085647,1.0860124,0.24689156,4.8614216,1.6905468,0.5019517,0.0068010055,0.17844422,0.8605406,0.22375058,0.5344396,2.9791427,1.494193,0.8639097,0.32753336,0.5093943,1.4697486,4.041215,0.78574216,1.2115692,0.061945714,1.0219493,0.17632033,0.087168515,1.2385342,0.40900436,0.42505753,0.9440107,0.2830387,2.0516763,0.027478358,0.44031274,0.005051738,0.17586124,0.070549145,1.4184932,0.08656257,0.1404704,0.2787167,0.5884954,0.106881775,1.2563311,0.07469001,0.119479686,0.06116861,0.043576058,0.08880642,0.5832242,1.3368303,1.1722343,0.21248432,0.24587837,0.8542661,0.9011752,0.37033564,0.46359295,1.7131217,0.23337422,1.3140963,0.7355292,0.4459785,0.548031,0.32021368,0.1558501,0.34121794,1.0829239,0.16453609,1.0926572,0.9949365,1.1503515,0.32067925,0.82560897,0.37682015,0.49313983,0.97573537,0.5967654,0.6136973,0.069517635,1.3176119,1.4075414,0.011494775,0.6900061,0.16878541,2.0771966,1.068201,2.7735658,0.22808246,0.6052916,0.36004055,0.41214514,0.33021826,0.7144516,0.1516879,0.011662674,0.04467043,0.90521324,0.38066027,0.3114736,0.33092374,0.22384879,0.82909554,0.5454982,0.055733494,1.6249374,0.18412578,0.64333165,0.39348587,0.34699568,0.00635211,0.73707604,0.96503997,0.111044645,0.68562126,0.018696435,0.20430915,1.495082,0.66510135,0.66910475,0.10306524,1.3270148,0.97205615,1.0611746,1.0230256,2.057647,0.23319423,0.5130875,0.574758,0.21986507,0.76053184,0.058290884,0.7392136,0.2301917,0.87339425,0.2900674,1.7486562,1.8227389,0.7249389,0.2039158,0.7445031,0.621624,1.0859445,0.20712745,0.13685547,1.1548088,0.10478033,0.52649313,0.009830312,0.6950358,1.0093185,1.3046561,0.01338602,0.51106954,0.18447915,0.55614084,0.9800902,0.094223894,1.4257183,1.6999562,1.9430809,2.8366144,0.611815,1.3065218,0.28963664,0.22922313,0.09873117,0.6581474,0.0922546,0.49914163,1.1362753,0.4177404,0.56592405,0.15729043,0.16305742,0.37645203,0.10397095,0.41131738,0.84228235,0.99993175,0.023824168,0.2889347,2.4756808,0.99845266,0.5230994,0.32910606,0.47749904,0.6050288,0.230339,0.804732,0.35203198,0.5576493,0.8475177,0.47599348,1.4246602,1.2486763,0.06784749,0.1586903,0.20751925,0.6157476,2.1192968,0.77585155,6.133774,0.07488723,0.032303993,0.33315423,0.35748106,0.4426448,0.0,0.3966133,0.861667,0.2773215,1.1740415,all_pothole_images\pothole_images_image_12.jpg
1.1343654,2.2552516,0.81714743,1.2338699,0.43300924,0.1644969,0.48506698,0.75068116,0.16293545,0.32821342,0.9432424,1.4035294,0.68466073,0.8091976,0.04635927,0.10750675,1.5977113,1.5907362,0.08752223,0.9185234,0.32050854,1.4275591,0.7604795,2.550429,0.83390385,0.72179854,0.05780139,0.27793846,0.4508073,0.46376953,1.3249507,0.00442435,1.735277,0.76460165,1.6299659,0.48063692,0.36029816,2.3444161,0.08172633,0.19871031,0.2894652,0.74022776,0.73945504,0.83005273,0.060540374,1.182332,0.3437136,0.04589893,0.35484746,0.6053947,0.23121448,0.6576625,0.63471967,0.16369812,0.06774789,0.48780465,1.191305,0.11135624,0.64792407,0.5791244,0.43425918,0.1539133,0.6072894,0.11015136,1.6828077,0.4872653,0.35431102,0.05090689,0.16139393,0.18053393,0.09024439,0.17450756,0.65180635,0.032562077,1.291312,0.29456523,0.045427438,0.7428562,0.012729515,0.0054192273,0.48404968,0.6842617,0.2077127,1.1114908,0.73569447,1.182959,0.020591721,0.3780185,1.7469172,0.02726485,0.5724243,0.21418688,0.6987476,1.7232388,0.03605127,0.29052606,0.539076,1.0931301,1.2454276,0.9823092,0.7067816,2.027354,1.1323735,0.09780674,0.06568483,0.44500765,0.104508884,0.5130882,0.018062513,0.54197127,1.0063921,0.7666873,1.15344,1.2862273,0.45564333,1.3378017,1.3155881,0.2398388,1.2375395,0.69717276,0.53877735,0.9264183,1.2225151,0.9525179,0.7997009,0.8241183,0.7259871,0.13947019,1.8090276,1.2243087,1.1179017,1.5255357,0.7966385,0.22343053,1.0196308,2.326084,0.20663315,0.20365547,1.0741069,0.3306116,0.62851965,0.38452694,1.0330989,3.201576,1.1820843,0.19380417,0.2982002,1.1113799,0.18192053,0.9308596,0.25172547,0.003530476,0.20506427,0.09384482,1.0192827,0.06625237,0.42235672,0.97575724,0.41291624,0.4878016,2.6617348,1.3250986,0.0699642,0.21997465,0.30075318,0.10220801,0.7241209,1.7475108,0.69922787,1.3221124,0.035177253,0.6654589,0.5465169,0.0139498515,1.3704184,0.96645904,2.7793686,0.06428791,0.49470434,0.53061366,1.1365412,1.1647371,1.7461742,0.85676384,0.62530035,1.0844439,0.13661307,0.13541797,0.11628443,0.30610406,0.66983086,0.91002464,0.7216489,0.8548691,0.197323,1.1561804,0.42181575,1.0072479,0.032981448,0.46798494,0.21543755,0.74779004,0.39758122,0.26454276,0.55190384,1.031752,0.4632426,1.2857164,0.5247165,0.6835445,0.021661896,0.34688637,0.83260876,1.3905172,1.8217916,0.07101585,1.2017906,0.36843124,0.18952459,0.18786134,0.5354758,0.16556677,0.5785496,1.1871293,0.095146015,0.04052623,1.3606105,0.34095508,0.8343895,0.95624083,0.62052697,0.21819432,0.8099942,0.73798686,0.6823838,1.5914323,0.72022635,2.3321054,0.17563313,0.03376149,0.7402522,0.80142677,2.0028565,0.521232,0.20159718,0.33178103,1.9240953,0.1744504,2.0930572,1.6209289,1.6453595,0.02118438,0.016404549,1.2503507,0.102660544,0.20471604,0.81518817,0.29042515,0.5315404,1.9456743,2.5554419,0.12505798,0.5133492,0.043720163,0.403538,0.010349998,0.2858085,0.31252727,0.23139198,4.3946953,0.12059733,0.02342927,0.35843217,1.3394151,0.4931235,0.32740673,0.6879556,1.5226814,1.034515,0.4735634,0.7246313,0.4576545,0.40833655,0.00197556,1.3799356,0.30823213,0.3012132,1.3525438,0.88966304,0.42989665,0.23600854,0.5798503,0.59471136,0.8131633,1.2435344,0.36019617,1.119533,1.4623227,0.1214839,1.8812108,0.041089304,0.352716,0.22299542,0.41358352,3.1844027,0.299684,0.0,0.2782287,0.53608495,0.53165114,0.8892765,0.96576893,2.4024165,0.70509547,0.18285617,0.8296117,0.15894167,0.10551355,1.917589,0.43924382,0.31597087,0.18234056,0.07492753,0.08969568,0.052109923,0.8711511,0.2586169,1.0386176,1.1142563,1.8143272,2.8354912,0.781042,0.37292165,1.4440396,0.7890867,0.80423635,2.057896,0.2391214,0.304127,0.11750549,1.5041033,0.43861943,0.91656226,0.3870278,0.33718857,1.0433426,0.3022853,0.43840486,2.4041045,0.6744552,0.040408585,1.0133601,0.01582727,0.13780902,0.18548813,0.35257408,1.3062006,0.21409431,0.22456025,0.29114056,1.2383363,1.2829118,0.19917566,0.71393865,0.08601796,0.24113029,0.90215427,0.6577353,1.0211307,0.6379505,0.5520106,1.8541245,0.57441115,0.105969414,0.22259533,1.3166714,0.46414402,2.5452554,0.16066779,1.4016291,0.3666251,0.4142929,0.09964676,0.8387848,2.7698236,1.0893762,0.72413456,0.778229,0.10458877,0.5315054,0.5922316,1.765177,0.29422376,0.54574966,3.61566e-05,0.15555404,0.61705804,0.044415496,0.09632371,0.27249834,3.0047896,1.3783219,0.68528414,1.6408983,0.07159495,0.045607843,0.3820998,0.7607699,1.8634609,0.22960065,0.085452445,0.27177674,0.09282574,1.1398307,0.9912088,0.8174319,0.09681813,1.4171102,0.80159503,0.41946784,1.2224455,1.6459017,0.4097471,0.97918206,1.45621,1.05184,0.9994521,3.2757277,2.115258,0.15382302,1.0545852,0.41232127,0.26840505,0.48750794,0.8724763,1.5511789,0.077528745,1.6237413,0.702801,0.22450615,1.4481363,0.40714496,0.13569339,0.70761645,0.22932597,0.18631737,2.91733,0.18761286,0.2409473,0.70103127,1.8481936,0.3835042,0.29775503,0.9657962,1.2182103,0.16991882,1.186317,0.25192946,0.06549065,1.0218147,1.7055595,3.1596375,0.31684363,0.014000946,1.820371,0.5369718,0.22592139,0.35303783,0.20106743,1.2130744,1.2903814,2.3370385,1.7921032,0.14473467,0.5212779,0.06750546,1.11768,0.14742427,0.27379307,0.8198899,1.7829397,1.0949545,0.06004747,1.0376946,0.018277148,1.3554149,0.46263352,0.25898194,1.1239176,0.14303489,0.40317535,1.4700235,1.1557214,0.65404254,0.41490152,0.51493454,0.40473062,0.18279098,0.4739235,0.27142248,2.1419024,1.8140627,0.29837307,0.32578793,0.061818328,0.38707295,0.46567923,0.8893584,0.050686255,0.12632304,0.8248749,0.26001465,all_pothole_images\pothole_images_image_120.jpg
1.1066128,0.2857146,0.11509047,2.0804305,0.7717743,0.41619402,0.25785384,0.0,0.4889935,1.1439338,0.08002662,0.748127,0.71375483,1.0620948,0.02287179,0.54735416,0.73337245,0.26335648,1.0426142,0.048659373,0.5344316,1.5191803,1.1528758,0.912703,0.47254682,0.53776443,0.002765057,1.7929802,0.17705041,0.19886363,0.08529416,0.16162105,0.56922805,1.1379062,0.32388383,2.1657493,0.5320401,0.15631409,0.47499084,0.30027026,0.2123489,0.013706978,0.18375927,0.18518804,0.37210763,1.2790626,0.22574247,0.0015087725,0.9322861,1.9000916,1.2034785,0.061438106,0.32391867,0.6218868,0.2983355,1.3019787,0.16518518,0.19043097,1.9637161,0.14358522,0.27540794,0.22299445,0.16827497,0.5022663,1.405019,0.80645335,0.55570006,0.0,1.0861343,0.15370621,0.19876927,0.09543273,1.014896,1.2024503,0.20880686,0.22170617,0.011353353,1.2755904,0.9367046,0.022705331,0.0034483536,0.2077123,0.5365672,0.5700513,0.67813545,0.19617824,0.00018772436,0.058903206,1.0851991,0.86700284,1.1324687,0.05941677,0.02182057,0.9885629,0.043880392,0.1502786,1.0066836,0.8292904,0.027827922,0.49776107,0.51691586,2.1231766,0.7185374,0.36712232,0.83423334,0.04410777,0.26565135,0.28267315,0.40091848,0.24527942,0.06534723,1.0084046,0.20164186,0.5125707,0.21004365,0.2839714,2.586665,0.36780846,3.274376,1.6409221,1.5114987,0.3383553,0.3804159,1.2227398,0.1325338,1.0876311,0.55667317,3.1731613,0.051261004,0.19082583,0.24445394,0.0,0.31356946,0.053110473,0.007727393,0.7922306,0.3220331,1.527311,0.17371091,0.082680985,0.15656517,0.18144877,0.067313954,0.6453806,0.062351704,0.1820232,0.030336073,1.2310356,0.3825538,0.37370646,0.895233,0.65378875,0.25787392,0.00023105124,0.5173502,1.2553117,0.89677185,0.4540445,1.285342,0.7437455,1.7625526,1.2718898,0.0,0.09529894,0.0916454,1.4480084,1.1036534,0.101996146,1.4421433,0.7104607,0.0,0.13437259,0.001835794,0.10894859,0.97754836,0.32293373,0.17883456,0.0,0.7823898,0.08870736,0.18504396,0.8844903,0.19379266,0.5486174,2.8584049,1.4320934,0.37790114,0.60147333,1.0772749,0.85800964,0.0193673,0.1214835,0.53489554,2.1511204,0.035523154,0.70779634,1.4216735,0.83853877,1.5838946,0.1015965,0.7834924,0.75148964,0.69332135,1.0015928,2.1623695,0.16257955,0.9735911,0.030366525,2.0758045,0.9226991,0.16678712,0.08255977,0.74230283,0.37450454,0.97160167,1.061458,1.299784,0.14408934,0.3983867,0.3797683,0.1699042,1.4026082,1.508744,0.32541776,0.01296419,0.11095407,0.72976327,0.5188222,1.2950052,0.15985751,0.096242525,0.09009905,1.4194728,0.20432994,0.1561173,0.20935078,1.8147458,0.15755326,0.17031658,0.19960187,0.962564,0.422966,0.15033902,0.314417,0.36847216,0.0,0.22278766,1.0839592,1.461764,3.9644551,2.056928,0.53867036,0.46497554,0.7333651,0.5552926,0.9953848,0.3100066,1.6175935,1.0356354,1.7081736,0.42356557,0.062064078,0.2394847,1.0603524,0.20413062,0.26039928,0.17130372,1.0353901,0.06748199,0.8950385,0.024405293,0.116936125,0.010015341,1.5209391,0.9066913,0.6106632,1.4342963,0.4477815,0.6259276,0.63459027,0.18497692,0.2124733,0.38278222,0.38914827,0.1829412,1.0976554,0.7459513,0.09679999,1.1750286,0.38715813,0.35045418,0.14533885,0.42592123,0.9575053,0.14230798,0.050242398,0.9356088,3.7662497,0.31925887,1.6247611,0.25864255,1.0939487,0.050842524,0.6678257,2.560976,0.74950475,0.7374031,0.51742077,0.17273158,0.0763975,1.8750781,0.6439955,4.224136,2.6084008,0.40274262,0.5208948,0.3920376,0.39448577,3.353899,0.24835376,1.8515378,0.12626208,0.04970204,0.45798212,0.50507313,1.0469295,0.38263732,0.55853504,0.49031782,0.34299305,2.7539785,0.5419949,0.14248766,0.15029739,0.025918294,0.24840713,0.039059274,0.066289335,0.3994807,0.39996478,0.8136528,0.22780477,1.8808981,0.18427852,0.15763654,0.81600654,0.03248193,0.17121336,0.6133201,0.7663377,0.44643435,1.6705239,0.35925663,0.46508232,0.14000285,1.1846927,0.23097575,1.1014974,0.7992252,2.3932621,0.5258738,1.3409928,0.6356631,0.43742993,0.2481823,1.1551299,1.4119166,0.9401413,0.7693956,0.43889531,0.8615752,0.12307423,0.55931175,0.08860303,0.44664198,0.74244153,0.82004166,0.8183339,0.28976,1.1736364,1.1251954,0.1469385,0.53131944,0.04039648,3.649391,1.2509401,0.8928984,0.060682002,1.1185099,1.6713185,0.48668122,0.8273884,0.092461936,0.90409553,0.00038396518,0.31010428,1.8327674,0.46999303,0.8739081,0.1791282,3.6560535,0.69399667,1.0637169,0.097948074,0.6086116,0.13664047,0.31177288,0.27433497,0.0,0.12458285,0.25557655,0.030771708,0.88889873,0.0092279,0.115213335,0.45812893,1.667722,0.041205678,0.5098931,0.14518523,0.6685654,0.57723576,0.19229256,1.3001299,1.0187714,0.4369109,2.1046028,1.07043,0.08169106,2.2867002,0.4410084,1.7387992,1.1399336,0.36058667,0.48246866,2.497979,0.8262609,0.81826556,0.034849275,0.7326638,1.3963305,0.43976036,0.5568222,1.0559102,1.6370834,0.109789036,0.99194986,0.11364201,0.599167,1.3088664,1.0798558,0.68253464,1.1462892,1.1460466,0.49508604,1.1666577,0.2088798,0.36900175,0.74875087,2.000242,0.967713,0.880867,2.5417573,0.19912168,0.6719116,0.22338003,0.7646371,0.014760071,0.6133963,0.37175882,1.938693,0.9795085,0.10316932,1.0529451,1.9425752,0.1075552,0.3651421,2.0476649,0.14154142,0.19976617,0.48409286,2.9218783,0.5724392,1.0389436,0.13682215,0.40561828,0.17654921,0.05538906,2.922329,0.17270757,1.3022058,0.5752244,0.095758945,0.14869769,0.68557227,0.47358018,0.043054637,0.12796995,0.08695122,0.28835264,0.36926553,5.654197,0.42471763,0.64183104,0.94713527,0.1531171,0.5383601,0.007078155,0.4854325,0.7284546,0.045559008,0.4842906,all_pothole_images\pothole_images_image_121.jpg
0.609221,1.3346897,0.038820185,1.3433982,0.023543583,0.07791265,0.34748134,1.9780973,0.47690558,0.21639341,0.37380716,0.620151,0.0098942965,1.8986131,0.050794393,0.28446323,0.48009816,0.3565347,1.5629003,0.080325365,0.51948637,0.7610743,0.1832437,0.5625629,0.03378647,0.24919322,0.012489117,1.2597615,0.2902808,0.25557822,0.043718692,0.097311154,0.28587946,0.03870854,0.0,0.45462683,0.470861,0.8683629,0.56939465,2.696041,0.08887892,0.012448021,0.23866965,1.3036319,0.7070451,0.46123663,0.0,0.19631006,0.51909137,0.08513203,0.006920948,0.09615249,1.0194983,0.017158905,0.017129611,1.2023807,1.4641873,0.044476196,0.0,0.06226356,0.0,0.053700637,0.38723207,0.23101553,0.08568055,1.442655,0.8940227,0.122735195,0.3544177,0.33867225,0.43555722,0.24528189,0.09774566,0.007914137,0.05316592,0.056705553,0.0009021168,0.2670363,0.2517119,0.08825919,0.043844596,0.48873845,0.47526145,1.8965993,0.3191359,0.21709204,0.2987619,0.052062996,1.3998235,0.16809884,0.0,0.18912728,0.0052715717,0.023423666,0.07594431,0.00639098,0.32343242,1.2101046,0.07724796,0.037377752,0.26059937,1.7829704,0.2654198,0.0,1.1478467,0.025420412,0.07786859,0.0,0.0012026647,0.16625461,0.04414297,0.24723968,1.1365846,0.2817281,0.47583494,0.2982465,0.0147332875,0.016904302,1.2938796,1.4284756,1.7103411,0.12620379,0.012944191,1.2900304,0.1851625,1.4604634,0.13884252,0.16316265,1.0279682,0.011390496,0.014049101,0.05939503,0.0027424414,0.3675191,0.44254124,0.48624542,0.0,0.7380735,0.0756191,0.01889255,0.2625476,0.0,0.63373435,0.1203427,0.02399799,0.7868914,0.07721401,1.0761307,0.09669593,0.22586508,0.77309525,0.30731407,0.012122672,0.045657866,1.3054466,0.045174647,0.17446819,0.0,0.6591321,0.38491744,1.1042683,1.3983384,0.07198104,0.20438461,0.68309253,0.0,1.6284267,0.046765484,2.564042,2.2939627,0.058281954,0.00426217,0.0017342331,0.067756556,0.5989068,0.20529729,0.03560345,0.0,0.06649496,0.0,0.16283637,0.28832403,2.2877269,1.3725525,0.1288453,1.0588557,0.26800242,0.15925999,0.059157282,0.38372397,0.024090314,0.046883438,0.023431081,1.4498305,0.23666248,0.0,0.040316943,0.06146715,0.1105101,0.4546765,0.101365946,0.7721556,0.9337406,0.38061166,0.34433988,0.01242796,0.6517343,0.08248543,1.5667629,0.6200538,0.0,0.18497175,0.78663456,1.3081808,1.2896085,0.68501794,1.7138659,0.2531661,0.15124708,0.11633931,0.05078484,0.5446257,0.43201587,0.43343827,0.014074791,0.0,0.9312837,0.0024323226,0.72910815,0.15631625,0.010105188,0.40667483,0.17003778,0.05117425,0.035952613,0.048977315,1.767021,0.05559133,0.0,0.06427413,0.10448672,0.29793838,0.0007988238,0.06037411,0.43345305,0.010486272,0.25209445,0.001031611,0.3356577,4.465497,1.2260295,0.0,0.045916528,0.32410225,0.037094623,0.1324585,1.6882819,0.00011246289,0.13178888,2.0588958,0.0,0.15696259,0.77124697,0.02884395,0.03954792,0.4184868,1.4101841,0.17808628,3.49532,0.015226938,0.34573388,0.02770718,0.8677964,0.072665244,0.11360834,0.41437194,0.14779507,0.35091734,0.10432702,0.20050426,2.0240135,0.21415071,0.55104166,0.3178011,0.1951499,0.101777405,0.013051671,0.037302665,0.7819548,0.02661463,0.36821288,0.03709021,0.0155049125,0.39776495,0.056961164,0.7264611,0.028483806,0.48433778,0.11759651,3.1610508,0.2238704,0.36107737,0.0,1.0346987,6.0727997,0.0051461,0.037145313,0.15495649,0.010477848,0.031085677,1.1563859,0.46102807,2.6522932,0.18861283,0.174869,0.8078114,0.028817376,2.3374393,0.40212783,0.123791456,0.39398617,0.0,0.14974117,0.0066186236,0.058197435,0.051305722,0.6551679,0.0,0.24561942,0.08559316,1.1392095,0.0024096775,0.15703125,0.0035901123,0.010615215,1.1134577,2.5681016,0.25628978,0.07481098,0.0,0.89543456,0.54941285,1.3438324,0.017865254,0.71535563,0.14484783,0.18448393,0.09330677,0.77749443,0.3787522,0.07295276,0.1189957,0.26681557,0.9148027,0.0008032105,0.52596664,0.0266538,1.2678425,0.058191553,0.18014261,0.033180337,0.49456578,0.7649363,0.15945126,0.36937603,0.00601219,1.7043238,0.0071843723,0.37660295,0.10243329,2.1881545,0.031088918,0.053153746,0.030416075,0.62693655,0.11834088,0.9533285,0.0,0.41132098,0.25046608,0.4002419,0.0,1.9164201,0.6959475,0.856558,1.2755766,0.4771833,0.040976547,0.26859003,0.40401703,0.029032571,0.19177966,0.19689251,0.24373229,0.023405805,0.022590375,1.448183,0.48217154,0.27358857,0.19489981,1.1339686,0.33799082,0.9692801,0.95573,0.87608594,0.016029194,0.19374587,0.32025173,0.27674013,0.1311679,0.5757894,0.5288044,0.1524941,0.17649317,0.0063787526,0.09062904,0.42562085,0.38909277,0.046564236,0.0,1.5521642,0.3247416,1.3020959,0.816275,0.81808114,0.0016341744,0.8959735,0.043758083,0.6847067,0.024184022,0.8149979,0.2545687,0.22347392,0.09495368,0.05717077,3.595024,0.06343441,0.06484462,0.45655233,0.36594608,0.5260916,0.14169788,0.3050959,0.0,1.0733957,0.0,1.6054158,0.15237252,0.36569968,0.5984527,1.9335452,0.1074707,0.9860292,0.010959848,0.7155221,1.0780382,0.34602675,0.20802213,0.18871213,2.145417,0.6393638,0.1761247,0.9761813,0.0023082416,1.0598769,0.0073549263,0.0,0.0020092276,0.046237573,0.722137,1.5176073,0.06758416,0.20053813,0.08383845,1.1140246,0.37453642,0.0,1.4370079,0.37316972,0.41706792,0.83892787,0.65909916,0.579599,0.1710546,0.0054375352,0.057117842,0.072143205,0.017810203,0.17294852,0.096268855,1.3221096,2.7693064,0.042512838,0.10844518,0.0,0.12604918,0.001085019,0.7592288,0.09397079,0.2043555,0.16693635,5.3543763,0.09168219,0.1114976,0.31207973,0.7567699,0.78028667,1.3148723,0.09250744,2.842022,0.48378602,0.11065664,all_pothole_images\pothole_images_image_122.jpg
2.813271,0.13561086,0.22675546,0.44451922,1.2357107,0.4868958,1.3147238,0.894774,0.38586718,0.23066598,0.043841094,0.103022926,1.0598769,0.25416073,0.39637157,0.20920207,0.3380726,0.5235685,0.37098798,0.015411031,0.8627773,1.3005533,1.214108,0.8969259,0.896605,0.22870943,1.0928319,1.1485224,0.42368257,0.3233518,0.014941029,0.30749053,1.3475827,1.4249659,0.1206974,1.7446035,0.48028937,1.4164073,0.7817134,1.4227226,0.015495446,0.098794535,0.09806045,0.40716603,0.4493616,0.7821733,0.30596188,0.09093994,0.93171984,4.1719193,1.2890935,1.3220042,0.8195097,0.47742617,0.3985246,0.4374645,2.857843,0.13462047,0.3333667,0.48073342,0.027410766,0.6742893,0.29138735,0.7663717,1.4760991,1.6082505,0.34543535,0.36777383,0.4259784,0.43456462,0.22911078,0.0067496407,0.59489566,0.78080595,1.3422543,0.20003754,0.08331748,0.37196988,0.0,0.017126435,0.1927359,0.0,0.14040777,0.2959547,1.8102113,0.2786045,0.5955945,1.9327705,1.1614847,0.44731513,0.91380435,0.31909376,0.5439824,0.15287273,0.6690269,0.5553398,0.6577835,1.6389989,1.225524,0.29510224,0.058304932,3.4042308,0.6351466,0.055435535,0.001651863,0.19905733,0.17938988,1.2032299,0.025717977,0.5947069,0.6549499,0.6444831,1.7619294,1.7242168,0.70336133,1.1587702,1.8063291,0.0,5.0133467,1.9430437,0.4421078,1.2916201,0.6676046,1.133141,0.36561358,1.4335079,0.0,2.1971023,0.64881194,0.0074972096,0.07052127,0.1635957,0.15243766,0.33336973,0.0,0.012208472,0.0,1.6091788,0.021185819,0.45015782,1.7054231,0.41833255,0.25074387,0.4194177,0.23640862,1.6800777,0.060868397,0.2830167,0.17170069,0.6116751,1.7586896,1.0759444,0.12825121,0.0,1.3403958,1.2340897,1.0101473,0.19582972,4.5454144,0.3528342,1.3132355,0.177535,0.060490534,0.97696257,0.2322501,0.45279709,1.0038807,0.11875366,2.436647,0.097167425,0.19647415,0.20727602,0.0,0.035487086,1.3509425,0.73419905,0.33129263,0.15735708,0.09671224,0.055662192,0.1672264,1.2790198,1.1090206,2.3290925,2.3538895,0.37139794,0.049965594,0.3876058,1.2778146,0.47291034,0.038576946,0.12365791,0.26879722,2.004733,0.0,0.81556576,1.313401,0.24241228,0.3019623,0.5708052,0.49798083,0.99612314,0.0024520599,0.5547634,1.0290909,1.1878082,1.2963576,0.97702825,2.5038426,1.9831464,0.0018488746,0.0,0.0,1.8163564,1.2047169,0.9302936,1.2455658,0.06376418,0.031359207,0.10470598,0.38898826,0.2152069,0.4609309,0.17853464,0.09666427,0.93211704,0.3974118,1.1383543,0.9245543,0.57708174,0.67628735,0.0,0.30521366,1.5058982,0.2593975,0.15240476,1.5335273,0.0974891,0.0022875697,0.17915702,0.5102414,0.03488199,0.05684572,0.4717005,0.07005821,0.16840626,0.21491966,0.58851516,0.90453494,2.995461,2.0409708,0.73367345,1.0188252,0.037213758,0.640878,0.20037286,0.9774387,0.061975386,0.3323401,2.1505134,0.3223292,0.04514446,0.70286435,0.8453882,0.9618197,0.24452086,0.09534265,1.1828685,0.07931119,0.059630107,0.3326931,0.051751096,0.06747529,0.19454806,0.37692645,0.5826356,0.563241,0.4973217,0.35760352,0.4664425,0.09311362,0.7190555,0.3441797,0.5292198,0.52140385,0.6338064,0.44344676,0.026182389,0.22881687,0.36640322,1.4184293,0.22652476,0.9825829,1.1435094,0.01833834,0.044546526,1.2336998,0.62643075,0.4365915,1.3635104,0.9191354,0.6699586,0.041655675,0.15200077,1.9993218,1.0008692,0.011671155,0.013506395,0.053589337,0.19507334,1.2037572,1.2745135,1.4188843,3.1265461,0.76885223,0.58052063,0.11354014,1.3251218,2.8635573,0.08905101,1.1156331,0.0,0.20727603,1.7309026,0.844759,2.1579685,0.3614833,0.008105919,1.7061032,0.0,0.32235423,0.34099808,0.0,0.0,0.05627741,0.22809201,1.1804852,0.073905535,0.43050295,0.35362893,0.3561627,0.17741656,1.4809129,0.04629784,1.021315,1.0605383,0.060732316,0.0,0.46877432,0.40180188,0.43221384,1.927559,0.0585265,0.3612088,0.6649204,0.64946836,0.6794935,1.2145433,0.91827935,2.2801385,0.16542727,0.381462,0.012487027,0.19939232,0.45642808,1.0148286,0.23472275,0.14870656,1.0554659,0.08296691,1.4663377,0.0,0.5493363,0.23041312,0.53686666,1.1257921,1.2795826,0.56146663,0.26917514,0.30671147,0.1419175,0.014663996,0.6188616,0.29188517,2.6125686,3.1539524,1.3830777,0.0,0.4487169,0.32204515,0.5823402,1.1462672,1.2699256,0.110995,0.06699478,0.17050965,0.43883774,0.10670546,0.07352851,2.4407134,0.36149028,1.9421729,0.4692487,0.088801,0.57249045,0.04383663,0.9269766,0.019146422,0.16184379,0.37614596,1.5893978,0.71631956,0.18738966,0.2227248,0.4767211,0.68998855,1.6934628,0.17945106,1.3309224,0.04568112,1.3416041,1.0109863,0.4687556,2.0380228,3.778107,0.35881066,1.5421585,1.0904045,0.7274025,1.5872668,0.7981248,0.09384846,1.1656238,0.004840533,0.14658433,2.4655972,0.77841955,0.13658449,0.0,1.3310643,0.12790169,0.1669505,0.06284585,1.8339783,1.2010678,0.009404479,0.9775033,0.39192003,0.52283335,1.5136924,0.99776816,0.72772443,0.42623994,0.1656097,0.56447595,1.1715571,0.57336104,0.017392611,0.9623154,2.9838212,2.2188478,0.9954227,2.3524225,0.31412753,1.0904467,0.29916623,0.36082834,0.06621737,1.8922925,0.47310793,0.52149785,0.32973167,0.07638209,0.27182502,0.81919307,0.38560766,0.0050710514,1.6067221,0.0,0.58856547,0.93865913,2.7881737,0.28957576,0.4058405,0.2807039,0.03580173,0.24208389,0.20746328,0.42471874,0.527006,0.46415251,0.54146653,0.13361011,0.017343463,1.0041124,0.019427888,0.020724531,0.04156621,0.75577545,0.06403878,0.7636856,4.7465777,0.25008658,0.0380284,1.1448282,1.3287812,0.040861644,0.15151192,0.9299128,1.275027,2.0181165,0.31650802,all_pothole_images\pothole_images_image_123.jpg
0.683564,1.3039639,0.4268916,1.4887619,1.4772768,0.26281703,0.115890585,0.17881495,0.12456202,0.7694093,0.007198996,0.18259522,0.35528126,1.6888522,0.34348336,0.89720356,0.0,0.18918706,0.270818,0.36912957,0.8061178,1.3099174,1.3404495,2.213769,1.7020006,0.93078285,0.23426253,1.733366,0.81326926,0.39091593,1.1328013,0.5562998,1.3724439,1.157205,0.9680212,0.09646079,1.2398444,1.2026539,0.26484343,0.23735008,0.6576107,0.38515937,0.18775846,1.5126928,0.5951993,0.39971352,0.06283062,0.0,0.29089266,0.3170272,1.0218687,0.1535274,1.1562285,0.48304826,0.035811115,0.6319444,3.1171646,0.01225801,0.5353577,0.10321093,0.5933722,0.44310626,1.7957735,0.6728075,0.41823965,0.7465361,0.30472443,0.0028276108,0.20642282,0.3484395,0.54913545,0.3899862,0.2979353,0.61722076,0.63391477,2.1257627,0.19075054,0.7467102,0.011923374,0.10306553,0.12602949,1.1042768,0.026188178,0.9451476,0.48313987,1.1902876,0.067424595,0.064095914,3.6461089,0.13859606,0.2574274,0.3609824,0.08549932,0.6778718,0.4282463,0.045385383,0.54752755,0.37709633,0.03801583,1.7423962,0.054612275,1.8394768,0.03939519,0.055762265,0.70731485,0.3671172,0.04501334,0.5566612,0.07849968,0.8718311,0.45958772,1.1341562,1.702389,0.35210195,0.75776404,1.2588485,2.1151452,1.2128781,1.7816346,1.1822028,2.7378004,0.70665944,1.0119629,1.2229238,0.73608285,0.68659264,0.10135524,2.0567832,1.9306778,0.5981576,1.4868276,0.0004893197,0.5441982,0.29494235,0.091277234,1.6384491,0.64654213,0.8697348,1.6155925,0.41710326,0.39353308,1.5077878,0.06553607,1.3490949,0.57940334,0.78727555,0.23721123,1.2876747,1.1591136,0.8153743,0.559478,0.6467777,0.2980026,0.28437278,1.0509076,1.0213785,0.8903437,1.1840364,0.45085308,0.54213,3.7183776,0.676209,0.14193663,1.8523505,0.090006225,0.85480356,0.16480023,0.8973282,2.285966,0.36505982,0.22111548,0.32640353,0.00268598,0.93588805,0.6154338,0.05102319,1.9241422,0.13407959,0.08748126,0.010408494,0.07299615,1.8850368,2.211976,1.63293,2.4777775,0.511669,0.45575908,0.44148853,0.14535612,0.41817772,0.5151502,1.22299,0.034701873,4.0950575,0.013017468,1.5991578,1.482457,0.6401187,0.7594559,1.1548626,0.54278105,1.2241129,1.0685364,1.1962065,1.0760478,0.4732497,0.52505714,0.16365968,0.78699887,0.1615309,0.6931715,0.1560955,0.31755948,1.0916506,1.7808429,1.2743968,0.5817389,0.3179107,2.5003207,0.11770728,0.7143112,0.022978388,0.11862558,0.3367799,0.09104116,0.34777367,1.5919847,0.9378828,1.2924957,0.028173426,0.060294904,0.41149247,1.360908,0.09546598,1.5586686,0.25054526,2.7700648,0.3379497,0.049039274,0.25953224,0.616678,0.0154035855,1.5213537,0.7479829,0.099675,0.0016132735,0.84493315,0.7205972,0.52155554,4.0809,1.0240691,0.015032169,0.9730467,0.23643836,0.116274744,0.3689535,0.5836053,0.12631528,1.4941752,2.4658313,0.08438934,1.1716764,0.9049719,0.9217817,0.6831594,1.2990404,0.190172,0.15080084,1.2943625,1.1338445,0.25638056,0.046656113,0.5626684,0.045365542,0.5206862,1.001136,1.7821997,1.4945961,1.527567,1.5837454,0.036077514,0.1576712,0.48702192,1.0796133,0.757795,0.5416985,0.44794992,1.9403982,2.0266218,0.11257842,1.1905397,0.5457828,0.13091636,1.0788183,0.040641412,0.18028478,0.1250711,0.388087,0.25468698,0.45695114,0.41249517,0.49017885,0.28475899,0.017414698,6.939177,0.16149297,0.92872834,0.51563334,0.59507793,0.0969867,0.5619432,2.1836298,3.4737406,2.0882335,0.0030160034,0.49094406,0.005020824,0.5782624,1.645285,0.5580246,0.22518782,0.48829553,0.05464986,0.7625133,0.7741797,0.29733866,1.6224973,0.7694255,0.030896848,1.0937815,3.113716,0.106175594,0.19610818,0.575297,0.6122549,0.48274323,1.4979953,0.8704753,0.064195506,0.1377029,0.39408484,1.1080954,2.7237847,0.11570792,0.53467584,0.0,0.46505678,0.29966474,1.1647989,0.6821529,0.101798035,1.0898813,0.26796556,0.14321333,0.19749217,0.1860445,0.12119708,2.075659,0.19223878,0.66818744,0.010324021,0.24200907,0.6592673,0.98700184,0.008172209,0.7404798,0.92697656,2.385887,0.007712606,0.99234295,1.8323768,0.58813375,0.24659713,0.15752041,1.352171,0.4450835,0.034283254,0.32160002,0.9108231,1.0713942,0.21352047,0.061249673,0.20092438,0.9042713,4.8375998,2.1025956,1.1836513,0.1871471,0.023605624,1.0187318,0.6279878,1.9211998,0.46228543,0.16885681,0.19120127,0.049857058,0.80748236,0.8018973,0.8164012,0.2650986,2.4257002,1.1873674,0.801617,1.1115384,0.026635261,0.696682,0.71995014,0.10549769,0.4858897,0.0717888,0.26079512,0.20103197,0.3190495,0.060169403,0.053666726,0.7687244,0.47847658,1.0660766,0.16891068,0.20327654,1.045449,1.1967409,0.63687634,1.9203173,1.5874509,2.1670175,1.1703242,1.7399333,0.684743,1.5161872,0.4959693,0.41779682,0.0781421,0.23858048,0.23586693,4.573697,1.5279253,0.99669117,0.06542904,0.96320343,1.0380459,0.88882965,0.36830893,0.66850317,0.12820713,1.3331665,1.1545513,1.1025203,0.7811965,0.20108464,0.53824675,0.58179194,0.51212627,0.431936,0.81972235,0.42950383,1.1263686,0.6277983,0.47227913,1.3735377,1.380751,0.118038625,1.2471949,0.071608506,0.4889408,0.18655048,0.48706642,0.21050537,2.5709136,1.8698263,0.44596028,0.49877912,0.5301038,0.8096864,0.6705785,0.12077501,0.7618025,1.4266863,1.1101171,0.0,0.4167374,3.9082267,0.8533808,0.7995468,0.0,1.0115312,1.1397262,0.5579829,0.84363997,0.090699814,0.03144226,1.6678339,0.0,0.32345098,0.10900203,0.010750915,0.36309788,0.009249328,0.26474023,0.2037011,0.90710336,4.592581,1.8216344,1.033733,0.6970831,0.43465185,0.31444386,0.9301132,0.1926786,1.2077591,0.8223626,0.24598135,all_pothole_images\pothole_images_image_124.jpg
1.0515761,2.3363662,0.4913489,1.58725,0.20053726,0.55599695,0.4267871,0.0,0.4260262,0.32835987,0.5768593,0.29218233,0.5857836,1.9451327,0.3223131,0.19529755,0.47113258,0.18920273,0.45003498,0.605393,0.44666055,1.293514,0.32127482,1.8681235,0.83544695,0.32196665,0.9105696,1.6360395,0.26924148,1.3997836,1.1814679,0.093515456,0.65278137,0.33505645,1.7163752,0.03468903,0.5205215,0.76221794,0.041066665,0.6008191,0.004922243,0.1906261,0.0831782,1.6587305,0.7156754,0.022055302,0.07403548,0.36728048,0.06955197,0.72728354,0.44467193,0.5036154,1.0451399,0.15950999,0.4786946,1.777078,1.4818685,0.36702085,0.5839958,0.45720527,0.14756319,0.48317775,0.28288,0.09157417,0.4398767,1.3675468,0.5902627,0.4835113,1.3392209,0.66578966,0.49150848,1.1786543,0.7074767,0.24570778,0.16629004,1.1294404,0.31918696,0.59537655,0.032654643,0.382094,0.18327242,0.710407,0.06440968,1.6227257,0.73094237,0.8287728,0.15796709,0.5037944,3.6206982,0.21296377,0.5586735,0.1585139,0.5846332,1.2056402,0.10637242,0.20273739,0.34624824,0.83142376,1.0162755,0.583431,0.0378405,0.7264768,0.13239023,1.162214,0.5435664,0.50539756,0.24242814,0.10552462,0.012833179,0.8253765,0.048476227,2.1757383,0.4693452,0.63873684,0.49250185,1.1688812,1.768892,0.046467874,0.33154476,0.1964556,1.225842,0.6303526,0.6306079,0.7221948,0.9313289,0.7595272,0.2162811,0.5877434,0.41077453,0.2626404,1.2824506,0.34446746,0.63222957,0.113792084,0.12929791,0.40268642,0.30205327,0.5117275,0.92674536,0.4181978,0.16084954,1.4540534,0.19516014,0.83099645,0.018687498,0.80490935,0.43723705,0.012376564,0.7946946,0.96928304,0.23924531,0.8406574,0.021093719,0.30744365,0.72095615,0.27476406,0.47937077,0.11585684,0.8390646,0.89569056,1.7888193,0.539529,0.12020935,1.3928418,0.23630606,0.47362697,1.1384182,0.0,0.28681841,0.92281044,0.024018165,0.009872497,0.31016672,0.9334547,1.006065,0.22013576,0.93069386,0.103308395,0.06526391,0.604813,0.34227788,2.2341943,1.4667324,1.5173573,0.9172213,1.1235362,0.025991423,0.02532073,0.8376888,0.9206937,0.8841024,1.7259026,0.20209803,1.5618968,0.013896938,0.117962845,0.49618652,0.923644,0.20794322,0.78197044,0.19311304,0.7480312,0.028081149,0.5936028,1.1058518,0.6358593,0.7988933,0.2601988,0.39255688,0.006368894,0.23754428,0.3958669,1.1244017,0.24555162,1.1626674,0.7870175,0.53163177,0.5762288,0.34632266,0.10103274,0.785507,0.11208582,1.4431353,0.89488715,0.818537,0.6406396,0.73995054,0.4721305,1.8119118,0.007317168,0.20541446,0.45592442,0.7447403,0.7322891,1.6084713,0.7687262,1.2343394,0.099951476,0.015785323,0.0015669982,0.04246224,0.62027204,0.142708,0.09289008,0.22246967,0.1626423,0.8878803,0.23603778,0.3898771,3.7273796,0.518999,0.22746906,0.7915151,0.48982447,0.31348866,0.0,0.9943615,1.1714604,0.54561794,0.747609,0.4835376,0.24787568,1.0313289,0.039875273,0.39200896,0.39309552,1.1032765,0.6329945,0.8219821,0.58875793,0.5775473,0.0,0.02928947,0.122982286,0.44349277,0.76751405,0.6706885,0.1310804,0.8065592,0.88894373,0.5135463,0.18812124,0.98764396,0.19712356,1.351517,0.615334,0.2674256,1.3921117,0.5954245,0.6802172,0.5528025,0.18679456,0.5050172,0.54017,0.26880446,0.33655903,1.545342,0.49334368,0.4109188,2.0430338,0.15164708,1.0505582,0.14103104,0.9793065,4.0022697,0.38576332,0.00862844,1.0891806,0.63417,0.0061814077,0.5550213,0.026752703,2.6178079,1.0923156,0.14973581,0.56097764,0.42836633,0.70411086,2.3550165,0.45701128,0.21858649,0.25788504,0.042431455,0.31579006,0.74088854,0.48026264,0.50979686,0.71272486,1.1513419,0.57803434,2.8266318,0.1341888,0.19234551,0.46841004,0.94492555,0.32518864,1.4333955,0.7915291,0.20144977,0.3703498,1.2785718,0.5862348,0.6912879,0.590772,0.3013586,0.81852674,0.18951046,0.45277295,0.016855322,0.5312119,9.389033e-05,0.8300528,0.9881783,0.60836995,0.15323173,0.3031347,0.5780993,0.9127706,0.061719578,1.1397182,0.07623704,0.077400886,0.10186059,0.44355035,0.0,0.5288131,0.6400081,0.11447518,0.48301366,0.17864078,1.3590785,0.919437,0.47755978,0.03724947,0.91668934,0.69415516,0.0046910234,0.45776984,0.43164152,0.39849854,0.35760885,0.5767134,0.2463919,1.6435653,2.6267567,1.8093507,1.0879589,0.7041385,0.21677138,2.7404966,1.3679422,1.1079328,0.16056602,0.18071455,0.030287845,0.26814672,1.2447714,0.2937721,0.45884266,0.0240304,2.5637527,0.52336234,0.46500006,0.9369273,0.24242607,0.3755367,0.25096107,0.806049,0.053991087,0.40379706,0.080647714,0.3403335,0.4669589,0.6906451,0.062457833,0.46945032,0.85419774,0.52997345,1.0393614,0.06800664,0.8797847,0.28725442,1.1863111,1.8246887,0.51723653,0.41401157,1.1463621,0.8612248,0.33939132,0.30212128,0.017975917,0.7478814,1.4836447,0.43048546,0.034554057,3.3110852,0.44074872,0.62948865,0.24866602,0.18104222,0.9010791,0.0225161,0.23747377,0.4218138,0.3835057,0.06502174,0.84933585,0.967552,0.5679886,0.3098914,1.5365062,0.3738975,1.3379203,0.6947183,0.07015069,0.4027193,0.40081456,0.55415535,0.08385046,1.0439947,1.3055658,0.115669735,0.22631353,0.22838098,1.0377929,0.33851206,0.75466615,0.21253271,0.35353056,2.038571,1.1549908,0.71295047,0.1657514,0.12596877,0.40479273,0.2493999,0.2460517,1.0290481,0.56999075,0.48860556,0.89227945,1.6784319,0.74986094,1.0611513,0.007612298,0.66900986,0.51832765,0.57935023,0.64169663,0.0331058,0.8179146,0.9527736,0.31394988,0.05568405,0.1601244,0.19040515,1.2137468,0.011310617,0.22704871,0.19957729,0.40557143,3.197737,0.6354094,0.83989745,0.18926881,0.5506947,0.31298962,0.55466115,0.69023347,0.440241,0.03588975,0.13366632,all_pothole_images\pothole_images_image_125.jpg
2.2257333,1.2788014,0.1467068,2.057329,0.8844401,1.7553157,0.24545474,0.28530186,0.065289445,0.43680766,0.02291677,1.224416,0.69326377,0.77111864,0.6126164,0.1690334,0.23065746,2.3762665,0.084528066,0.77200776,0.81890196,0.53686905,0.6327095,1.2068584,1.8650876,0.35290113,0.4972812,1.8521185,0.0118994685,0.58659464,0.6294274,0.9860363,0.29296872,1.5494652,0.6673553,0.81179225,1.0040824,0.6042969,0.12886755,0.45105058,1.7529233,0.06993494,0.5250018,0.6742831,0.54854023,1.0774075,0.15104978,0.4295553,1.2748007,0.75610137,0.7612135,0.09006165,1.1965693,0.0103125395,0.40890402,2.784751,0.9218904,2.0189192,1.1863323,0.24268694,0.30506143,0.04759957,0.23544416,0.45931792,0.5407003,2.4440045,0.1633795,0.10121727,1.3591834,0.6326576,1.4128525,0.18600018,1.0003043,1.8731875,1.679584,0.73592186,0.21098563,1.8757436,0.05157094,0.2526186,0.113043666,0.669574,0.77562976,0.47064188,0.6587758,0.7465028,0.8750964,0.43678275,1.4293933,1.3851935,0.5805498,0.2453847,2.2482076,0.769514,0.3559948,0.033147976,0.8324878,0.18887208,0.26353148,0.1847917,0.27869222,2.584763,2.0183165,0.594081,1.1016647,0.8890157,1.1781185,2.3675632,0.84912753,0.6813226,0.020096846,1.22431,2.3989198,0.92796516,0.6923386,1.3140612,0.7389706,0.38401255,1.5545764,1.7033452,0.74590224,0.17719541,0.6445749,1.1849034,0.9633374,0.3250603,1.5896063,2.200949,1.6600485,0.06216411,0.38125992,0.005007545,0.009660182,0.25150126,0.56078196,1.801443,0.21748126,1.598662,0.18985522,0.053621236,0.6185595,0.64716756,0.5672105,0.17509186,0.95958614,4.346316,0.066148676,0.98852485,0.17652515,0.16448823,0.4928925,0.53666997,0.45662656,0.008371706,0.72873056,1.4523882,0.948337,0.14418773,0.6282436,0.6492463,1.2500775,2.487348,0.11684593,1.75745,0.15598884,1.2766058,1.8227472,0.7125998,1.5559094,0.8802049,0.63584656,0.010931699,0.12233915,0.097153224,0.67181087,0.7988085,0.53619766,0.006148198,0.20958525,0.43021953,0.12827073,2.751679,1.4963198,0.5966386,1.3397273,0.71932024,0.10317279,1.7366354,1.6564066,0.31821346,0.43329844,0.5812056,0.38141152,1.6293662,0.88067997,0.22294438,1.4699439,0.1724849,0.20811471,0.47197995,1.1679506,0.8389315,0.46454075,1.3456181,1.5530685,0.5104795,1.2769152,1.4507875,0.8046255,1.8351412,0.15462439,0.0,0.05196391,0.015376536,2.561156,1.7384981,1.0126057,0.6185006,0.07074951,0.20112692,1.5123568,2.010251,0.6612809,0.030019525,0.025991848,0.52281135,1.8025117,0.33861548,0.79671466,0.8830242,0.2082667,0.057157826,0.5436981,0.3099242,0.32699463,0.119001865,3.3631716,0.45333868,0.615251,0.9800596,0.31577432,0.8345547,0.83564895,0.0055160164,0.035017118,0.43965572,0.2268436,0.93216187,0.4669513,3.1578894,0.41513535,0.6246889,0.30290368,0.42887852,0.1092332,0.79077554,0.327586,0.70813555,0.3989352,4.1696916,0.093804464,0.29528058,0.29557896,0.44880116,0.9361779,0.05687221,1.2857869,0.97534394,0.99054545,0.6050175,0.6385049,0.36068428,0.1820928,0.6163648,0.5629417,0.44011325,0.12961493,1.7509921,0.2868882,0.5869331,0.90531445,0.0,0.052077983,0.39885697,0.0,0.0855383,0.65958965,0.0,1.0873474,1.0353894,0.79591507,0.3056444,0.7234553,0.610512,0.24948122,0.06271665,0.12943166,1.7019566,0.1269974,1.985574,0.53747,0.78145003,0.0,0.27957153,3.0388753,1.1101487,0.18806757,0.035467952,0.25580376,1.6227738,0.48621202,1.4676918,1.0059258,0.97267365,0.34663576,0.8946485,0.1959417,1.6089072,2.6620255,1.2240283,0.53783846,0.118952066,0.2188605,0.48069572,1.3944342,0.95115536,0.13578211,0.2730877,1.2734263,0.02972592,1.7167686,0.4449078,0.5505364,0.12141375,0.039668575,0.044306792,0.99852794,0.20349117,0.33536378,1.6541461,0.5440508,0.22173437,1.7822882,0.6438344,0.9158084,0.58245134,0.43964782,1.3733222,0.3584029,0.17922652,0.3184614,0.16162099,0.79454,0.4749867,0.49898916,0.10811817,0.059657607,2.2163155,0.52911437,0.96566784,0.26913527,0.24287881,0.7409481,0.135438,0.0010494526,0.091341585,0.85407704,0.06129381,0.30242795,0.7618447,0.6271417,0.3910815,0.3025222,0.09738687,0.32861227,0.23318502,0.3344681,0.30481237,1.7108903,3.3490226,0.79445755,0.007644514,0.2298501,0.22826637,1.2737225,1.9853659,0.20483029,0.0022502863,0.07728645,0.58844566,0.38072398,0.43262163,0.07509247,0.06733238,0.32351705,0.08752689,0.50749344,0.51020837,0.13815615,0.50123453,1.4112424,3.2054367,1.4946483,0.15918662,0.44035283,0.4908338,0.19304574,0.59066564,0.609301,1.1376034,1.9609901,1.2277073,0.0067685647,0.7784897,0.005013942,1.2995244,1.1927563,0.5780712,1.9393677,0.7012886,2.3572574,1.6564642,1.0602635,1.0442704,2.9324303,0.13107833,1.0437047,1.1777811,0.92863727,0.5634728,1.276054,0.15138182,0.59575456,0.3994675,0.24001122,0.7704788,1.7595642,0.5039744,0.12134791,1.9312638,0.58988094,0.9793527,0.8037179,0.0338399,0.0,0.10291916,0.06902127,0.689972,1.0122432,0.43690217,1.0480058,0.6724411,0.077417165,0.5133114,0.5719624,1.7313606,0.06431996,0.4595037,2.1798196,1.2340088,1.7280154,0.4316164,2.7909393,1.0643456,0.21687715,0.004465653,0.6469831,0.13230431,1.5256525,1.1942112,0.70036036,0.70163935,0.27046865,0.0,0.5842822,0.35553437,0.6497153,2.203254,0.13628814,0.11964181,0.16018048,2.29105,0.9290652,0.38819838,0.06480118,0.1407484,0.27206787,0.13716362,0.77180284,0.026085464,0.75591207,0.54290533,0.8275729,0.292086,0.88819176,0.4693088,0.38443443,0.13026313,1.4056526,0.38593814,1.6315205,2.4649901,0.31591994,0.01608748,1.1138438,1.5001043,0.76862204,0.03753821,0.6121005,2.662241,0.4580316,1.2789891,all_pothole_images\pothole_images_image_126.jpg
0.48898023,1.444797,0.30412802,1.8397355,1.0229508,0.4713274,0.9222098,0.3156501,1.3541924,1.6039664,1.5427358,1.3784317,0.3630084,1.8820384,0.13646647,0.87376183,0.36387798,1.1084982,1.6666222,0.23958747,0.6957391,0.14142251,0.3150463,0.39738458,0.1921182,1.2906475,0.0,1.6329491,0.10685108,0.5621446,0.345111,0.4532154,0.5028716,0.8816635,0.040175606,2.7955022,0.24128318,1.3081192,1.1762491,0.12277179,1.1120198,1.2042115,0.22639033,2.1584864,0.7914321,0.21552101,0.6041143,0.22939983,0.24822524,1.698676,0.50678754,0.5284029,0.2492479,0.10744816,0.71775985,1.9960766,0.35813108,2.07111,1.7748394,0.31990853,2.0428095,0.61833066,0.5748742,0.23891507,0.3155308,1.6426504,0.7597839,0.8667685,0.035563882,2.004742,0.31275976,0.11849378,0.20703188,0.97632146,0.35139045,0.25800946,0.40873387,1.2174271,0.34494695,0.22780535,1.6239616,0.54872763,0.33882546,1.9001539,0.44909146,0.374787,0.057563145,0.0,1.19162,1.5539296,0.770114,2.0884926,0.44950998,1.2846061,1.3051891,1.3387853,0.2508868,2.4339416,0.5539836,0.023643272,0.52086973,0.78466547,0.0052695554,0.83630913,2.5347056,0.20419276,1.2499179,0.14837,1.4960283,0.07078845,0.86697817,1.1375637,0.4649277,0.3207805,1.5926994,1.4155436,0.17962082,1.328654,1.6282787,2.147872,2.0051284,0.0025901946,0.18935692,1.2732252,1.4184203,0.9677879,0.68488014,0.82068765,0.594769,1.02838,0.5661786,0.04897172,1.1433866,0.25536206,0.53934747,0.86265653,0.84552574,1.2453167,0.0981446,0.2985281,0.6954504,0.016573973,0.40419558,0.31734285,0.4746554,0.51163083,1.6599838,0.37208334,0.19782998,0.4442419,0.5917939,2.288801,0.6262111,1.0078626,0.109127045,1.3507818,0.5003099,0.08226193,1.0944875,0.9266474,1.069339,0.5789152,0.7016928,0.6387575,1.7907736,0.6478648,0.08227295,0.5244424,1.4983639,2.5809186,0.7441013,0.48894542,0.01286876,2.564624,0.42627823,0.32934368,0.20939884,0.48357347,0.44003117,0.5011312,0.028010007,2.1927187,1.1983479,1.8252685,0.9543549,1.5922608,2.0949106,1.9795939,1.1220412,1.1205901,0.09715049,0.5754661,0.8631847,0.6609404,0.91795397,0.061666615,3.425977,1.2726789,1.1829424,0.06784307,0.016672404,1.1118833,0.13003515,0.4446264,0.84397393,0.36828908,1.5894086,1.1915517,0.8498205,0.9828553,0.0032659285,0.0054429825,0.84643894,0.3751291,3.8265448,0.5593059,0.11654143,0.5980825,1.2754827,0.319146,0.8971387,0.5649264,1.0508822,0.74783385,0.1841079,0.016330156,0.962205,1.1531223,0.78168565,0.2385526,0.10251901,0.9125318,1.3593905,0.77358586,0.4532574,0.19034535,1.4517593,0.78545034,0.17969297,1.7854701,0.60239166,0.37652463,0.03731405,0.5570936,0.519603,0.94456714,0.4262081,0.00754305,1.6266873,4.320942,1.426375,0.47006738,0.38041592,0.9756747,2.1966665,0.8118247,1.8510357,2.8254974,0.23011348,1.4737147,0.29101962,0.08766808,0.29654053,0.85039824,0.28501847,0.21843173,1.4001584,0.16734421,1.5345424,0.31117043,1.3106834,0.23015115,1.3143793,0.16012254,3.5764916,0.53508794,0.00083583326,0.20510213,0.33606797,1.0563956,1.8559355,1.0028809,1.2992498,0.27012128,0.33283532,1.5287081,1.1823366,0.22386281,1.7765948,1.1306965,0.10380695,0.46550068,0.16205542,1.68228,2.7568126,0.10146796,0.2733544,1.0626181,0.58549106,1.9311842,1.2985306,2.0556095,1.3703523,0.33842686,3.4683528,0.35984516,1.7894121,0.3663901,0.7595641,0.3845691,2.1383798,0.633552,3.7116694,2.3591971,1.6268448,1.6395706,0.382635,1.4642498,3.9478166,0.33819485,1.4103502,0.06617576,0.6804205,0.9424028,0.03228439,0.5699469,0.2612395,0.0016212132,0.4536223,0.8063991,2.068436,1.1822298,1.361225,1.2746834,0.16478315,0.5157178,1.1673628,1.9596026,0.7184141,0.8042619,1.027495,0.7433693,1.1441277,1.3063748,0.6678624,0.67462796,0.2789817,0.21764241,0.01769756,1.6759578,1.651354,1.1842152,1.4836996,0.22794808,0.25869748,0.434955,0.21886514,1.8113054,1.3397187,2.340274,0.7361154,1.0898981,1.0870595,2.299171,0.0066054226,1.2010367,0.82404745,0.18431614,0.7424919,0.66169035,1.1937486,0.47589627,1.3448305,0.8033602,0.44714248,0.5559557,0.17675053,0.96314317,0.7235401,0.37097666,2.3510542,0.4331004,0.8497853,0.3822294,1.502586,0.25771448,1.5212642,0.08705638,0.95660233,0.6084666,1.0353914,0.35366455,0.07034063,1.233512,0.057729997,0.28297505,0.5941077,0.4229382,1.8992862,0.29599702,0.7330902,0.2815167,1.0819584,0.05248288,0.8867786,0.32525367,0.6987193,0.12279133,0.05457206,0.0614033,1.5961727,0.13760217,0.1706121,0.18293299,0.9904864,1.9956405,0.59519106,0.8783334,0.26453424,0.20185839,0.5766971,1.2243842,0.31353322,0.39859796,1.5611039,0.6484606,0.860095,0.17402159,0.2694111,1.3003509,0.3358445,0.14788632,0.20572318,0.41265872,0.33072984,1.0834678,0.48390192,1.4959153,1.2642614,0.7652001,0.8185947,2.8175406,1.0079358,0.35123637,0.21587579,0.03717437,0.17016274,0.36640424,0.12854096,1.1482872,2.8815727,0.19397031,1.5360321,2.7032144,1.1822369,1.6325852,0.5730358,0.81592125,0.4459245,1.5000728,0.7134667,0.36292964,1.0131705,0.100856,0.6770211,0.33706704,0.11763197,0.0,0.58605814,1.4203849,1.2542839,1.8906807,0.21494713,0.070141375,0.7383779,0.085992366,2.1192546,1.440403,2.0868611,0.4147109,0.06425128,0.81819004,1.0462445,1.109698,0.7836998,0.46166605,0.40782422,0.300712,2.1706874,0.052131653,0.23332457,0.9265591,0.43635863,0.69081205,0.23266356,0.8038663,0.13411242,0.1196854,1.2098566,0.15041354,2.0487165,4.1801186,1.3691707,1.1691678,1.7358125,1.1556913,1.0283097,0.730834,0.9991039,0.7500095,0.0,1.2522789,all_pothole_images\pothole_images_image_127.jpg
0.75383186,1.3166186,0.3198207,0.5791471,0.4829922,0.36570424,0.029197054,0.0833382,0.7829799,0.15168113,0.44786364,1.1562209,1.6025113,1.9506594,0.2081847,0.18913513,0.3129621,0.4981603,1.0167208,0.7234467,1.2528225,1.7718058,0.7845522,1.1765093,0.36564255,0.17796539,0.72251636,1.182698,0.23204927,0.254208,1.2061205,0.016807448,0.56551355,0.21756911,0.89451957,0.31690422,1.2344273,2.6713855,1.3085372,0.1681228,0.3674961,0.03538227,0.47895235,0.96678954,0.6346154,0.00080868084,0.5724346,0.63068235,0.09642682,0.25064218,0.6820568,0.019335246,2.0939202,0.8066691,0.04056542,0.37228397,0.17722334,0.24365586,0.574231,0.06759585,0.034826625,0.16236112,0.58508545,0.29293498,0.90422446,0.9069693,0.2218251,1.6238711,0.35318962,0.25664476,0.3427773,1.535986,0.31310365,0.44817328,0.4692876,0.2859747,0.55907923,0.69354916,0.04210256,0.1674036,0.22039573,0.6107069,0.21112615,1.697252,1.0962445,0.049427677,0.37038347,0.8490672,2.9348216,0.1564052,0.6404444,0.9116736,0.020189349,0.5581413,0.16241734,0.8098949,1.2781866,0.6923229,0.43896008,0.6526323,0.41031647,1.4680223,0.5016593,0.6201846,0.06783107,0.59953696,0.64556235,0.106157556,0.04741771,1.4589572,0.5338385,0.78825873,0.3089028,0.80942494,0.29429248,0.95905393,1.6443995,0.5264019,1.4226685,0.10949313,0.8650508,1.2899697,0.26094267,0.17446883,0.07431325,0.685909,0.14011215,0.04269424,0.4389846,1.3633331,0.6728518,0.14457752,0.12955086,0.045806702,0.07488333,0.61804324,0.13091977,0.23699476,1.9744987,0.59295803,0.9153334,1.3185176,0.04271473,3.5070162,0.9993208,0.44495353,1.0376788,0.88451415,0.5120763,0.3740252,0.091504544,0.5818199,0.40417066,0.19659711,0.7384242,1.388318,0.104504794,0.03016368,0.7636457,1.2479571,1.6630025,1.2263018,0.20597719,1.4796977,0.36360082,0.2842728,0.81902796,1.2001352,0.31991643,2.1605961,0.01595116,0.011604957,1.7205061,0.5736258,0.48181808,0.045227353,1.1740505,0.24681476,0.15130387,0.691585,1.7994817,1.640089,0.16882394,0.69438964,1.429333,0.6520968,0.1681313,0.579142,0.660484,0.09622313,0.22135718,0.9271823,0.71184653,0.34764472,0.20431906,0.036703628,0.3830355,0.3574805,1.8058014,0.1468069,0.53069884,0.52443945,1.159362,0.4146937,1.2014395,1.4717454,0.69012296,0.1591029,0.30754828,0.23876272,0.54893446,0.017283931,0.47765622,0.31434676,0.7594577,0.27092406,0.53397197,1.260778,0.5061181,0.11536704,1.4578446,0.53888047,1.2105608,0.5776381,0.101188034,0.9742664,0.95177037,0.31122118,2.018812,0.8484324,0.3735131,0.44701642,0.5764863,1.1467735,0.1990976,0.46726018,0.5044187,2.0190363,0.40548,0.12434533,0.31405544,0.2708995,0.15650292,0.1938812,0.38016173,0.52857697,1.1709714,0.20301269,0.20521381,2.9633896,1.1014415,0.2631679,0.3963706,0.41205066,0.057942763,1.0495244,1.0864092,1.4698259,0.4155992,0.41240293,2.7663178,1.2710863,0.3253887,0.18631102,0.55851984,0.21270598,0.18363813,0.5955874,0.788,2.2086885,0.17162062,0.026691359,0.003779537,0.030079687,0.40829444,0.6933269,1.3040537,1.0015594,0.64756554,1.0701133,0.48295188,0.061552957,1.7700257,0.00067568826,1.2591372,0.21596721,0.52352655,2.697755,1.8910904,0.10656446,0.1462368,0.16798311,0.9288585,0.24095866,0.5612535,0.6089902,1.0827072,1.0002702,0.4587834,1.5220696,0.70143545,0.8612308,0.21973422,0.20863323,3.9147952,0.10878357,0.15007254,1.0589347,1.4202316,0.015511539,0.28778934,1.0267284,2.7168012,1.2548723,0.028221592,0.22740154,0.9257817,0.38199693,2.1953306,0.3544619,0.258063,0.09574291,0.07305968,0.41601226,1.1514167,0.35286787,0.64300674,1.0605909,1.2543044,0.7884903,2.57159,0.15355721,0.13631651,0.67840624,0.9548433,0.33086675,1.2119049,1.7146282,0.61283445,0.13724981,0.3628149,0.5397832,1.6598628,0.6558445,0.30083105,1.1326146,0.6978689,0.029649505,1.061575,0.33987606,0.13412958,1.5796727,0.21671773,0.10259476,0.69152075,0.28195083,1.3813537,0.42187807,0.30743262,0.49233046,0.28425446,0.57192904,0.0,0.15425384,0.39278337,0.3724138,1.41041,1.4045328,0.43562472,0.008265161,0.47675213,1.2344749,0.4011424,1.0037205,1.0802811,1.1634644,0.34957266,1.5022578,0.7807662,1.3238791,0.6316557,0.29808283,0.68937147,0.915979,2.4131663,0.5914987,1.990404,0.15377139,0.40129894,2.0171456,1.3769863,0.73831666,0.25933507,0.7372476,0.23322856,0.30322152,0.67383015,0.3840608,0.1100419,0.041115895,3.30069,0.44385934,0.9507196,1.0932131,1.192214,0.097295396,0.33397967,1.0565754,0.6235047,0.049759164,0.16811772,0.06394043,1.0481896,1.317414,0.18087064,0.3534462,0.16397637,2.8542275,0.11539231,1.2579528,0.56618917,0.022788242,0.34821856,0.18122217,0.10855077,1.4123963,0.18138084,1.5857794,0.115552306,0.809515,0.2506514,0.28178653,1.8035569,0.136738,1.6624727,1.2150569,0.24086396,0.6779801,0.44996655,0.5192915,2.2558177,0.8150203,0.27708456,0.77350223,0.69312614,0.6098808,3.4192066,0.2708239,0.117552705,1.9333116,1.7280436,1.4928533,1.9330821,0.9068792,0.42309114,0.23084863,0.9717418,0.38507998,0.18170205,0.12118589,0.802683,0.9681826,0.30086732,0.08525124,0.32255334,1.0553498,0.17750132,0.5513996,1.1464609,0.82794374,0.14355968,1.241581,1.5848315,0.40910813,0.22264844,0.030499069,0.20888583,0.14845513,1.0568923,0.37664342,0.10986752,1.3591527,0.19878484,0.8256374,0.61901855,0.50390893,1.3088775,0.048562516,1.5846268,0.09445792,0.4383625,0.8761417,0.099283226,0.91686577,0.029426737,0.31591058,1.1116004,0.11676539,0.034304988,0.068161726,0.9352894,2.3202055,0.2892113,1.0725908,0.23297983,0.61220956,1.2754483,0.025604783,0.95403427,0.06365254,0.034597393,0.122499295,all_pothole_images\pothole_images_image_128.jpg
2.46645,1.4668025,0.21738154,3.2300048,1.4578971,0.48192266,1.11148,1.2136352,1.1270856,1.1711582,0.29203978,2.1748261,0.6578179,2.0391715,0.72029567,1.6999087,0.71137345,0.80446875,0.7726154,1.3635945,0.59873515,0.95638275,0.709979,0.79253435,0.5311413,0.6389306,0.33669055,2.844619,1.3131028,0.14713117,0.22332783,0.3134623,0.48171338,0.66474277,1.0245839,0.2630267,0.436274,0.6643138,0.117499396,1.0139831,0.71913916,0.49378562,0.6501428,1.7909507,0.38362437,0.42801335,0.4439859,0.344943,0.5475178,0.5037966,0.69794536,1.5600467,0.18759088,0.044606578,0.079325445,1.6566932,1.8068279,0.40884122,1.958922,0.7162199,0.11202898,0.81872594,0.23639393,1.0133299,1.1492069,1.1312863,0.19300453,0.5942753,0.061460495,0.35831252,0.09433373,0.159577,0.60033923,0.99661493,1.14847,0.24547699,1.2391909,3.2091675,0.08321433,0.18093243,0.31869054,0.159835,0.6662362,0.9212744,0.48368818,1.8584259,0.6172325,0.09541347,1.940227,0.13681269,0.027979514,0.34182778,1.7527409e-05,0.5808329,1.6281579,0.31857646,0.3777665,0.7745023,0.16567466,0.69640684,0.13283011,0.4989341,0.37778363,2.0032885,0.66928774,0.013763712,0.045415513,1.6040223,0.3638125,0.20815188,0.2726702,2.4158843,1.2548392,0.031361543,0.32650098,0.22156915,0.10545028,0.6458927,0.4501689,1.6556078,0.6551772,0.2673248,0.013650858,0.7961047,0.71518916,0.48953566,1.312929,1.3633641,0.89620745,0.10155449,1.0220433,0.10922369,0.11050346,0.6622531,0.45558575,2.8395262,0.3684455,0.25584486,0.60410255,0.21729901,0.2543507,1.7939085,1.3255726,1.1558843,0.23619613,0.05528841,0.08196333,0.5848402,0.2637918,0.8498468,1.1022042,1.056444,0.56744444,0.89881194,1.1787893,0.5125431,0.05820294,0.13482009,0.9239088,1.2727655,1.2036813,1.3174537,0.43545204,1.8613842,1.4770769,1.63529,1.0216684,0.055919394,1.6941265,0.61820906,0.097373135,0.3839323,0.2511196,1.6910596,0.5820316,0.05243899,0.86318934,0.0027917733,0.38214827,0.3179756,0.059684865,1.3746487,0.87262475,0.96492803,1.1359441,0.410426,0.03931061,1.4505246,0.258074,2.1592166,0.51613754,0.1172439,0.0819659,1.2857958,0.46748817,0.17457724,0.7368604,2.0947464,0.4948092,1.7190086,0.75707805,1.2096163,0.23255393,0.17007789,0.018860133,0.7285234,1.2981778,0.077004775,0.63069826,2.0427077,0.041792538,0.25304553,0.96682113,2.0809166,1.217338,1.9844724,0.26622963,0.61354953,1.1065472,1.1757911,1.3795197,0.034557037,0.97456247,0.85757256,0.020968566,1.315949,2.7881699,0.38828766,1.1331195,0.39591357,1.0730934,0.22144465,0.8921837,0.020685865,1.352437,0.08496157,1.4274896,0.22818537,0.49615404,0.068294324,0.19027561,1.2130857,0.7671868,0.16541262,0.038715772,0.051288523,1.0110986,0.7482437,2.1731484,4.7579722,2.2205377,0.7174996,0.4529232,1.2440212,0.39281696,0.50988525,0.6197605,2.5865762,1.3668884,4.224924,1.3354707,0.32777187,0.70028263,0.035089657,1.073677,0.96546966,1.0283042,0.5658795,2.404487,0.20879227,1.1850504,0.16891418,0.022596855,0.0372911,0.50682193,0.81069064,0.38948244,1.1340047,0.97255087,0.39605573,0.9342357,1.3057766,1.3188975,0.6982385,0.54542303,2.1331758,1.7504463,0.024448497,2.0391922,1.356622,0.17469618,0.59009796,0.24177216,1.1199727,0.35212368,2.0492187,0.9038002,1.2611297,0.46876633,3.229699,0.028369222,0.97331876,0.02958792,0.79338,3.5644598,0.16414827,0.24332772,0.37872058,1.6479225,0.12341236,1.816824,1.9825392,2.8737848,0.6788389,1.7275406,1.3290428,0.16389109,0.97490555,3.4960637,0.2168269,0.8324261,0.35548544,0.05950917,0.28320697,0.5059278,1.3475822,0.2405318,0.49681002,1.0635849,3.4144948,2.464946,0.46759,0.25700974,0.39221707,0.08370084,0.11584136,2.4350739,2.3157794,0.8525826,0.6835643,0.38250285,0.80818826,2.1772974,1.8750148,0.6610341,0.41929695,0.37631735,1.3806143,0.15526685,0.627772,0.15103388,0.16494516,1.033403,0.578915,0.28296867,0.20865525,0.36315733,1.0619503,0.09179702,0.49271423,0.5477176,0.81464106,1.4772938,0.8986421,0.12656973,0.9424984,1.0072777,0.33215496,0.8076394,0.50793684,0.6037891,1.811875,0.7458838,0.5151325,0.4465907,0.4171655,0.5251079,0.35319144,0.9073682,0.6639771,0.7774584,0.81398576,0.5308227,0.28392786,1.751492,0.68083906,2.3207006,0.08212418,0.10933368,1.5548553,0.67906,1.0160807,0.19025993,0.30371776,0.029247994,0.031094495,1.7964423,0.19160095,0.47027463,0.21465027,0.37290153,0.46076578,0.42230237,0.85942346,0.49703285,0.036992256,0.9899494,0.35205725,0.9735268,0.69342524,0.62110245,0.87085813,0.03027224,1.2489078,0.46031663,0.44067046,1.246833,0.35503286,1.985866,0.2586073,1.1504575,1.5933224,0.72986835,1.3986473,2.578461,0.82238615,1.7729701,0.2733094,1.7741349,0.60605747,0.43676,1.6596102,0.7293717,0.88820225,0.39160421,1.9515337,0.8945346,0.8760692,0.19004975,1.4186307,0.337277,0.6560428,0.2355436,0.0,0.04197682,0.05133128,0.9035352,0.2157465,0.08851728,1.0616698,2.779872,0.10746454,2.0358493,1.3970205,2.1808848,0.656856,0.9316522,0.35012633,0.9851404,1.8664762,2.1383975,1.2087458,1.1860546,0.1082354,0.64562416,0.26395914,0.11423579,0.014843911,0.15968087,3.2261152,0.4118365,1.2984312,0.5930601,0.89467186,0.6348029,1.95336,0.37767148,1.7873653,1.7872996,0.31457105,2.5413048,1.0531219,1.6375515,2.4958398,0.061884996,1.3844037,1.3353647,0.4441873,1.9865559,0.37332457,0.48560807,0.9488799,1.8666003,0.20334177,0.71297383,0.4732182,0.27701324,0.5360763,0.3296621,0.45900944,1.8732275,4.7532334,2.406586,0.22109511,0.62684274,0.9502208,0.5415564,0.35545418,0.0,1.2111033,0.76506895,0.7392485,all_pothole_images\pothole_images_image_129.jpg
0.30944437,1.7767828,0.69098496,0.35816717,0.34672025,0.7053439,0.13558668,0.16017629,0.51598144,0.27624607,0.08568889,0.46926042,0.7802751,1.7961113,0.22855498,0.34271064,0.34989622,0.5977216,1.4657172,0.34538096,0.3655948,2.1562946,0.66460454,2.0158672,1.6650927,0.64465547,0.17341654,2.0571709,0.06400778,0.6781256,1.1298252,0.44490427,0.60511583,0.10690341,1.0526781,0.27236095,0.59456235,1.69106,0.81543404,0.2396353,0.30783308,0.55377483,0.08591157,0.7562265,0.51608527,0.24478069,0.14127848,0.09308324,0.12798525,0.13528138,1.1107638,0.31179935,0.6636501,0.99813414,0.39720222,0.272386,0.9371761,0.28840268,0.6902837,0.3071181,0.13418575,0.8803056,1.4445139,0.729492,0.08222119,1.1598161,1.026788,0.13906603,0.6269262,0.354162,0.30531427,1.1538622,0.10429026,1.0567515,0.23598611,1.9771806,0.39125866,0.64090353,0.24119326,0.121304624,0.4547141,0.3889518,0.34047434,3.117624,0.61311984,0.54218775,0.6402445,0.51641864,4.387868,0.24625279,0.261451,0.29606006,0.4091301,0.9907122,0.30192262,0.28096616,0.6261261,1.0746636,0.01041791,0.9490378,0.23482548,1.284977,0.22537318,0.6191503,0.1326417,0.7385783,0.05676209,0.9837954,0.20523122,0.3362122,0.9225834,1.0493273,0.84478277,0.8011938,0.09325402,0.9292643,2.8368886,0.20339045,1.1989868,0.39337584,1.4055161,0.26198146,1.5270377,0.59827495,0.68871534,0.8902636,0.09818573,0.569804,0.7050495,0.83764064,0.7061603,0.034861643,0.4088636,0.27745995,0.021310445,0.005978315,0.112243846,0.030560454,2.416241,0.2516962,0.5002064,1.5456997,0.0064644674,1.0489671,0.405616,1.0396928,0.57663864,0.15258197,0.7454517,1.0604284,0.87170774,0.9257384,0.14517768,0.20669775,0.7437546,0.38016245,0.07822624,0.18534066,0.13724358,0.16414371,1.3027306,1.2994877,0.5471533,0.8840497,0.01329012,0.24035445,1.1601509,0.9269046,0.7882701,1.42799,0.5530716,0.08323879,0.30258068,0.02645843,1.1959072,0.10215725,1.4699153,0.03187408,0.0,0.61726654,0.079560846,1.5139146,1.284494,1.2351917,0.89331,0.5055286,0.7116743,0.74820477,0.1665471,0.24331295,0.33819482,1.8649534,0.029151639,2.4300554,0.026539035,0.0825685,0.49531075,0.48627192,0.8310346,0.51626396,0.3121299,0.50946784,0.79163426,0.12633795,1.356569,0.5093836,0.036900632,0.37682584,0.5450605,0.0,1.1291488,0.04251865,0.490617,0.19141726,0.33796886,0.013512349,0.36915922,0.058317125,2.0566034,0.19032475,0.7359525,0.0018565861,0.054538567,0.27431738,0.6961765,0.09554889,0.92429364,0.5076944,0.6681043,0.19641635,0.02754787,0.35067734,0.5156578,0.1310516,0.52021205,0.40578297,0.50952685,0.8046693,0.07989051,0.046152923,0.07975578,0.07597823,0.4887401,0.65111214,0.61323804,0.0,0.34271887,0.18941793,0.31666502,3.1896524,1.8443913,0.0033226465,0.36108226,0.0,0.33870882,0.3841412,0.25906625,0.2557506,1.8292974,0.050637975,0.40406168,0.48981106,0.3100141,0.37125653,0.76982737,0.10268533,1.5572608,0.4708473,0.6840554,1.3216523,0.5694744,0.01853384,0.1490013,0.256778,0.20739073,1.5904198,1.1254386,2.497061,1.0071582,0.35767558,0.49822202,0.16652147,0.7463711,0.9881888,1.0312666,0.023710914,0.3670162,0.5260137,0.7693651,0.069282,0.27576917,1.1407312,0.15939508,0.818495,0.69160724,0.5082679,0.7569725,0.3660902,0.020526847,1.3964596,0.015658256,0.301002,0.0768805,1.2537609,3.6431386,0.2378254,0.043302115,0.6035907,0.3942874,0.038132206,0.22622123,0.97577894,3.1876884,1.4457837,0.0,0.18546443,0.56649345,0.6563922,2.7752762,0.60211563,0.28573534,0.2768738,0.082570754,0.3814561,1.264169,1.3160955,0.6412273,0.4072736,1.1987636,1.7793483,2.6338384,0.48167676,0.19312486,0.54540664,0.4549059,0.38234073,1.2316775,0.28858352,0.17252368,0.056983504,0.6026787,0.0003745819,1.0407379,0.11636957,0.8082593,0.08770146,0.019430589,0.038437963,0.97385675,0.5316252,0.016717352,1.2810127,0.15041427,0.181722,1.5397263,0.20089647,0.55251235,1.0878242,0.15939905,0.40060773,0.017677737,0.0,0.35665554,0.52253,0.0010916621,0.55246985,0.8840201,1.8086809,0.10056357,0.14767602,1.4136322,0.059370868,0.5887055,0.41941515,0.50940126,0.5320928,0.06473706,0.15251687,0.29920173,1.4769325,0.1607279,0.012513287,0.5481755,0.5661561,3.3388393,0.0813947,1.3350893,0.08696009,0.14053737,2.5805504,2.032742,0.3886457,0.045077182,0.100066066,0.5699207,0.4952884,0.21519345,0.3906094,0.026379485,0.5203283,3.2608652,0.86902344,0.4406029,0.8047526,0.21371497,0.27434236,0.05614228,0.9831379,0.09006325,0.14941989,0.023061028,0.8805374,1.0815703,1.0714661,0.03533856,0.4729494,0.4640367,1.1800426,0.19358304,0.22046302,0.5806082,0.55776346,0.75256425,2.5485666,0.06792737,0.70012546,0.2685061,2.6565876,0.22944497,0.93752974,1.3524004,0.23113292,0.07552872,0.014563565,0.6758938,3.1679475,0.60916704,0.087883055,0.31512794,0.07142982,0.34306136,0.391338,0.004333308,0.5545749,0.013487184,0.77106446,2.2315683,1.8929282,1.0815119,0.3948812,1.5299171,0.9435964,2.113392,0.19779567,0.2002854,0.37088725,0.8906293,0.1652513,0.025794622,0.08773852,0.4434438,0.11660107,1.5430635,0.5438659,0.58103955,0.60689443,0.6194313,0.49231523,3.48028,0.19740969,1.759936,0.6974122,1.171251,0.040251423,0.2929715,0.20458142,0.24112889,0.40587136,0.6105965,0.07460142,0.48130074,2.1382697,0.331587,1.3565558,0.084439784,0.2076378,1.0826658,0.15050758,0.5854188,0.12022441,0.3414233,2.605247,0.005032556,0.75454074,0.0,0.038063537,0.32439563,0.080312125,0.4708945,0.020566674,0.29693317,1.7551733,0.09990322,1.380924,0.5230476,0.047178987,0.8702338,0.76309156,0.56951225,0.5136119,0.16732422,0.28391725,all_pothole_images\pothole_images_image_13.jpg
0.27082723,3.1412919,1.9051791,1.2664928,0.6937603,0.6273754,0.27544424,0.6480385,0.20867363,0.98249316,1.0173013,0.18937667,0.54828477,0.06232828,0.050815426,0.16907427,0.6646812,0.11520962,0.853549,0.6981975,0.72463614,3.3269615,0.71693116,3.2459753,0.54689664,1.626206,0.071116835,1.4235432,0.05400914,1.3741022,1.9200461,0.42326993,1.1080613,0.9186938,1.3097245,1.2432805,0.71001285,0.6697399,0.8816324,0.14942907,0.46313646,0.0061444053,0.025261061,0.31453532,1.1445239,0.07485896,0.2893586,0.20934634,0.2431989,0.5155305,1.2748423,0.5661241,1.4664855,0.12845832,0.024266325,1.3111831,1.6580477,0.0075377785,0.24523255,0.44254085,0.0,0.083737954,1.2961779,0.5858092,0.7692941,0.59097946,0.40514314,1.0422839,0.0,0.25629696,0.19035845,0.88942575,1.1594629,0.44849142,1.0187627,1.56695,0.14123665,2.1707401,0.507606,0.57470036,0.2560674,0.36201316,0.113489054,2.8494377,1.368663,0.43746555,0.19488904,0.015870035,4.639915,0.6942752,0.0010892027,0.65302277,0.4440211,0.72808504,0.0064932946,0.37881392,0.39900947,0.81933445,0.5883075,0.3806997,0.34157676,0.6394671,0.40213478,1.362938,0.9408735,0.05065338,0.067398734,0.048952993,0.43360013,0.643862,0.95067906,4.1998963,0.60911393,0.0041801366,0.064601235,1.195081,1.352147,0.22357823,0.04591093,0.8054415,1.5456433,0.75787026,0.6159339,0.6491679,0.8128002,0.9804754,0.57546055,0.020467551,0.8411637,0.84238464,1.7458987,0.046536308,0.34273583,0.035770692,0.041521218,0.6426799,0.60021645,0.25055635,0.7046565,0.20245408,1.4519844,2.039366,0.8285551,1.8638352,0.24735197,0.17962621,0.5504171,0.3017165,0.39218235,0.10188393,1.5946596,0.42805913,1.1612298,0.054575462,2.2735965,0.88896006,0.44298762,1.2888863,0.070455536,0.48135445,0.8207869,0.03116715,0.14182138,1.1442035,0.6085694,0.08766316,0.12108372,0.43328607,0.4896244,0.4236336,0.25100198,0.0,0.83766705,0.051564798,2.0038242,0.3706954,2.0174432,0.0,0.022328379,0.6975226,1.8323255,2.1057885,3.8475134,2.54673,4.7742176,0.9978752,0.18908803,0.05842451,1.1700476,0.51139885,0.44487497,2.9341686,0.13644718,1.7458224,0.2926373,0.6868908,0.5207196,2.9202147,0.35387066,1.4018074,0.38247237,0.064249806,0.016679803,0.07726339,1.4187292,0.764204,0.63845253,0.31680247,1.7771853,1.1144668,0.009208243,0.88067955,2.266651,2.8109455,0.10755933,0.6817539,0.6082221,0.55231994,1.7834179,0.5775533,1.1274345,0.20904522,0.59607285,1.8315005,0.032007933,0.11106561,1.9686341,0.001657783,1.1167396,1.126242,0.111510955,0.052364744,0.6670993,1.3431066,1.2370666,1.0244975,0.50563085,0.37741065,0.15157798,0.07460548,0.48995414,1.0358822,0.83032376,0.11303932,0.0017051011,0.08496346,3.0925772,0.21104847,0.99852407,3.3601186,0.7897214,0.07739554,0.78888726,1.0323888,0.73857504,0.0,1.3100909,0.3632064,0.24829587,1.9630483,0.2634835,0.40441686,0.42539525,0.01142694,0.2358355,1.935422,0.24621895,0.5511913,1.4928143,1.6896006,1.3917542,0.025155723,1.189465,1.1844826,0.5355016,0.6294991,2.2691236,0.3795774,0.13545038,0.8026206,0.10742744,1.1001842,0.28785712,0.45051047,1.7589493,1.2309536,0.5821014,1.2028922,0.76621497,0.059239537,0.23788309,0.55652755,0.14786552,1.5051905,1.2848068,1.749168,1.0040823,0.27699405,0.010101121,1.0571034,0.36350965,0.5900022,0.13651346,0.11068797,2.0916681,0.45031288,0.00072290533,0.8264783,0.97180605,0.047139317,0.20340164,1.0046189,5.980658,1.1452938,0.070154235,0.08918089,0.0078089335,0.037364252,0.7780281,0.46542263,0.8150036,0.3988482,0.51057875,1.7430977,0.6066793,1.0600032,0.62473714,0.9659794,2.2447255,1.2136545,6.5481653,0.06880089,0.77706254,0.82719266,0.67939377,0.56989884,0.3503267,0.4750011,0.32398745,0.21741736,2.6412184,1.913903,0.8361685,0.040753957,0.402189,0.50203496,0.26162896,0.3896595,0.266553,0.3896205,0.12058371,1.2969917,0.56826246,1.1755157,0.65919834,0.19911614,1.0559998,0.027326198,0.8805436,0.9539669,0.14108413,0.04213372,1.1486416,0.99594,0.25565222,0.4716172,1.137308,0.51394695,0.5808617,1.3771318,1.0198696,1.200677,0.89751536,0.01371001,2.4145231,0.8141188,0.07164058,0.27450293,1.1778086,0.6623952,0.9034824,0.11625586,0.3468231,2.5363538,5.8295417,0.623092,1.7258344,2.8140645,0.06557446,3.2835045,1.7988582,3.2809317,0.022427345,0.7810782,0.17179635,1.6237271,1.0373272,1.2811412,0.29974017,0.46833003,1.9656276,1.9943461,0.40664354,0.32833862,0.58137065,0.49414933,0.44460037,0.89030606,0.41167933,1.052337,0.105054095,0.09813151,1.6393598,1.7563549,0.07355338,0.42522857,0.7843633,0.64451534,0.4962888,0.4019369,0.8855096,0.38213554,0.93631643,0.8318982,0.5096403,1.2012451,2.8940485,1.961531,0.5757997,0.14008161,0.16714738,1.3128058,0.5820122,0.17469975,0.89759725,4.6892924,0.94066983,2.0511832,2.4505432,1.0916576,1.539126,0.021664532,0.07694098,0.5049567,0.24945691,0.85388654,0.37719285,0.85924053,0.019242266,2.4761076,0.67360866,0.46626195,2.5062735,0.44042882,0.75745827,2.6330602,0.9980156,0.5977163,0.06083157,0.38358283,1.7139288,0.4608719,0.46990916,0.00028153392,3.1066203,0.071485594,0.06059134,0.080065705,0.065253064,3.2015543,1.5849863,0.16075204,0.8149441,0.2189745,0.38012418,0.23459059,0.5479592,0.5677929,1.9775332,0.3397993,1.0481455,1.8527102,0.73211926,0.7116367,0.0062559783,1.2394724,1.9566832,0.33313096,1.7995415,0.0,0.22711298,0.7072452,0.023039352,0.080816366,0.3673616,0.010295387,0.37724146,0.23984556,0.28890085,0.48194262,0.2737518,5.004723,0.7091192,1.0639259,0.1692746,1.4039627,0.050275277,2.7935812,0.79592085,0.18702087,1.0643474,0.19834,all_pothole_images\pothole_images_image_130.jpg
0.72583425,1.4925282,1.2638338,0.9169503,1.5538636,0.15746212,1.4103991,0.25492686,1.9777845,0.58043647,0.1686806,0.52282643,0.6046695,1.9973131,0.1644681,0.79239327,0.4527645,0.11377255,0.08823527,1.5254211,0.41712776,0.737884,1.6919576,1.669141,0.6189263,0.28536543,0.21919729,2.0863607,0.116424896,0.13864851,0.5622299,0.1170787,1.4089352,0.51061624,0.5084166,0.39782175,0.56183976,1.5497016,0.10426923,0.04323995,0.9894297,0.45184636,0.40717646,1.5643297,0.60783976,0.49566656,0.25397903,0.613285,0.39658245,0.9676941,2.180185,0.14521472,1.627538,0.3917492,0.5422529,0.96701056,0.60852265,0.005950266,1.1223012,0.29473755,0.53188527,0.047822244,1.4074168,1.4387416,0.7447005,0.20541751,0.8635869,0.58160293,0.023871446,0.38534245,0.095087506,1.0436211,0.22989142,0.05371156,0.46278498,0.115114845,0.71174425,2.1332183,0.37123445,0.36964417,0.2077019,1.5561626,0.5354136,1.8048712,1.34012,1.2683284,1.1697401,0.25840026,1.1941968,0.506449,0.19716977,0.4916614,0.73387957,0.7835636,0.5428374,1.3510027,0.5343358,0.72409695,1.296325,1.1530141,0.23069152,0.73508734,0.862442,0.6611346,0.52357846,0.15287475,0.5753775,0.5994219,0.12141531,0.57323784,0.6013424,0.41689536,0.26337868,0.398718,0.73692435,1.3667704,1.7838877,0.41970557,0.54160243,0.59398556,0.5435393,0.62378645,2.3028045,0.5231786,0.39014602,0.6045058,0.60984206,1.4539418,1.8104569,1.7103208,2.5194802,0.67463946,1.3636924,0.6610331,0.03597722,1.994698,0.13458763,1.0933064,1.2207898,0.7385517,1.139535,0.9334441,0.26659316,3.0043082,0.57712847,0.990223,0.20017567,0.87486076,0.81196696,0.7364166,1.3687758,1.5285482,0.33561832,0.16450077,0.52558273,1.0626042,1.4584712,0.14867724,1.3466316,0.15879513,0.7938218,0.34823912,0.12147577,1.4259456,0.78424025,1.3648549,1.1114028,3.1956973,0.75938195,0.78038,0.62341905,0.08132077,0.34409142,1.7476392,0.559903,0.8304442,1.6472595,1.3803804,0.11700754,0.617132,0.27934453,1.143303,0.7429166,1.5444779,0.6427344,0.45690426,0.6767889,1.6007949,0.41047192,0.2937601,1.3097103,0.20713401,1.230454,1.1732521,0.6213222,0.44792315,2.039925,0.3139327,0.96264976,0.51840657,0.79004085,0.3625663,1.2666049,0.6019816,1.0094713,1.4838836,1.7167368,0.35896626,0.36235753,0.51060534,0.3190065,0.48095495,1.1118108,0.61554587,0.9295237,0.48856992,0.86544955,0.15782395,1.7833986,0.40366265,3.0167053,0.23295183,0.95599073,0.39877713,0.13527742,0.42184058,1.4156271,0.8545242,1.1482276,0.26690513,0.2225803,1.0580627,1.1377211,0.31998548,1.022894,0.5600021,1.5002223,1.1656567,0.35909134,0.712834,0.72202885,0.8120408,0.2654578,0.43567035,0.9265789,0.005216981,1.1133134,0.2236933,1.4253455,1.8764136,1.2798493,0.4270947,0.21544592,1.6049893,0.048056193,0.7123493,0.25513408,0.20069213,0.46137574,2.3030262,1.4274564,3.2489228,1.1501073,0.51683456,0.055538323,0.23524523,0.80817443,0.12426041,2.687172,2.0528636,0.38480002,0.9732814,0.18723266,0.0034464756,0.18038358,0.58439034,0.5778165,1.3314514,3.3938835,0.3835535,0.29232267,0.7832302,0.1431866,0.78660816,1.4207144,1.5948284,0.5180198,2.0123005,2.2993429,0.461851,0.8793707,0.7769611,0.54310006,0.8777836,0.2743811,0.44263038,0.8153819,0.4807666,0.35868865,0.8344368,0.4164462,0.54592997,0.26870152,0.20600519,4.7167954,0.21418394,1.2778478,0.25828925,1.0806121,0.8231939,0.5983181,0.8127516,2.2450337,1.5237651,0.2856897,0.24223031,0.03936343,0.27131996,1.7563905,0.49329546,0.66788465,0.18783729,0.6276953,0.95159566,0.9428081,0.54314655,1.3931636,1.8413175,1.0395924,1.5621772,1.4158429,0.27561733,0.3373291,0.54086894,0.78488207,0.8103417,2.521294,1.0075874,0.23263125,0.0003872775,0.8162501,1.2372264,0.61814076,0.33149108,0.29002437,0.32905227,1.0784612,0.88062495,0.58196014,0.91448224,0.3573796,1.0147868,1.0072044,0.19497243,0.66221654,0.13337979,1.6029437,1.9965873,0.3548939,0.93414676,0.6200307,0.7122753,0.8356707,1.1138053,0.102145985,1.2236149,1.0296012,2.2702365,0.76336503,0.8476335,0.18706024,0.39858225,0.6761626,1.1002078,0.86745715,0.63661855,0.29904392,0.77979285,0.5768979,2.6398575,1.4325708,0.6693614,1.4545504,0.77164894,2.0476317,1.3244401,4.2658463,0.16046768,0.64800096,0.94800895,0.50561,0.27137288,0.5199568,0.89563537,0.32850116,0.8403665,1.6341829,0.5532432,0.6359686,0.4339226,2.4471076,0.079986475,0.6145279,1.6994019,0.82885194,0.21149473,2.2327373,0.19764811,1.2337017,0.8660668,0.7425874,1.0680478,0.036335412,1.2768337,0.3522901,0.019933717,0.57172465,3.0227714,0.35207787,0.8864912,0.4501872,0.76838464,0.44615778,1.3574245,0.25644144,1.537466,0.5718743,4.4195795,0.32467812,0.7651751,0.6037605,0.40081832,0.26339376,0.07189152,0.0,0.5152457,0.9814139,1.2417359,0.077581845,1.7130799,1.7518444,0.42610073,0.4148314,0.5002392,0.57528883,0.64459944,2.62982,0.40413478,0.6768682,1.246116,1.354192,1.0190946,0.9042437,0.6257805,1.3396914,0.31170112,0.7343529,0.94889206,0.6371786,0.21463117,1.245363,1.1014436,1.0427161,0.077897385,0.45837003,0.45276096,0.3233885,0.22887214,0.58256847,1.2232006,1.3601004,0.8287651,0.75685066,1.4111462,0.59223974,0.4295212,0.45891905,1.495003,1.2135516,0.6212169,0.2546405,0.81774104,2.7716053,0.63437945,0.62250423,0.69844866,0.24930227,0.4918339,0.6613768,0.78216505,0.086068854,0.36998114,0.25104198,0.28268775,0.7086243,0.009220831,0.14873755,0.32036778,0.087290935,0.37896997,1.5124452,3.6959589,0.009089892,2.6635787,0.20845549,0.7184255,1.0364149,0.22500871,0.8689489,1.6234876,0.277322,0.061010875,all_pothole_images\pothole_images_image_131.jpg
0.5144497,0.69543254,0.0,2.2924337,1.1332083,0.1345861,0.63375586,0.039669137,0.5281277,0.6909025,0.45007643,0.029819047,0.27772996,2.8147688,1.2398221,0.23473932,0.29501793,0.89317805,3.3566284,0.13735951,1.377393,0.15623327,0.40346012,0.50482345,2.8996313,0.050896324,0.8157157,0.86730057,0.22200504,0.36291224,0.4914362,0.14722238,0.91533595,0.22705933,0.21993333,0.8899504,0.2426585,1.5298733,1.3425549,0.37874618,0.07810912,0.20301363,0.33048543,2.42017,0.73105776,0.30936947,0.03359523,0.33838806,0.37386233,1.7410645,1.19968,0.20141503,0.09731708,0.015021871,0.122792765,1.8507046,0.44924787,0.69204915,0.3517925,1.1915594,0.5711054,0.98296684,0.038094033,0.46900788,0.4315401,1.0891464,0.27517188,0.07646797,0.15097344,0.028547242,0.26995388,0.119581394,0.56092715,0.6212797,1.4175738,1.334549,0.28575507,1.8406565,0.15385315,0.7545772,0.116136976,0.020939505,0.103231,1.418819,0.7192686,0.0,0.07204091,0.17595802,2.939326,0.06915809,0.6896909,0.53119,0.19184153,0.08027621,0.25711292,0.0,1.1934636,0.008276158,0.22475441,1.665134,0.0022208723,2.7913773,1.452552,0.10141277,2.333186,0.04148214,0.4237393,0.10931416,0.15314746,0.3532068,0.0,2.4740827,0.7619241,0.038585518,0.094422944,0.770932,0.37932882,0.041130614,3.0410557,0.44326642,1.7390777,0.059528653,0.05921924,1.2850039,1.0036378,0.020545542,0.723602,1.0835395,0.711333,0.39665288,0.51189756,0.3055849,0.0,0.79023904,0.7311051,0.90650564,0.49415618,0.23048604,0.22609602,0.4564664,0.3394362,0.32077032,0.9347578,0.045424636,0.5247492,0.9270379,0.0018675905,1.3106339,0.48516887,0.057019588,0.33128715,1.2303764,0.0015816115,0.87847185,1.0200698,1.3711599,0.0852853,0.0,0.5763031,0.47592333,1.2038054,2.5588171,0.07225901,1.6040621,1.3657542,0.7644156,0.21507634,0.44224465,1.117454,1.6917348,0.13146828,0.48329186,0.34316498,0.15618365,0.2721721,0.049744353,0.7772683,0.05156306,0.1841179,0.41365954,0.0064558913,2.5861034,0.17768496,1.5802513,2.0590315,0.45906118,0.19462071,0.9878124,0.071950614,1.1231976,0.14936852,0.1618611,0.10176176,0.9387815,0.5310698,0.575539,2.1013663,0.5084532,0.95756435,0.25165626,0.22307797,0.37321845,0.37292796,0.3299083,0.0,0.14043237,0.43021676,0.5702624,1.1679761,0.39974338,0.18436517,0.0101292245,0.34243494,0.14029092,2.1370022,2.3721213,0.21747711,0.25129578,0.6608738,0.30886292,0.7498768,0.094209574,0.9153745,0.7886477,0.13861607,1.0252264,0.9272505,0.30968893,0.7167833,0.74659014,0.32948267,0.31994382,0.73568964,0.97451884,0.25601625,0.5315577,2.9930058,0.2187732,0.104548454,0.15092729,0.29061055,0.99028176,0.2293046,1.0043474,0.9490278,0.01085533,0.64255875,1.0947634,0.97067386,4.2521205,1.4542792,0.5842285,0.079879954,0.008986056,0.46826553,0.8693812,0.34088522,1.623732,0.42043424,4.087319,0.6558762,0.1557758,1.2443615,1.1232293,0.4656035,0.34704766,0.9656848,0.5560588,0.121515796,1.1473007,0.54458565,0.0,1.1178706,0.842183,1.0718106,1.5254142,0.061675046,0.32346788,0.5090702,0.007373958,0.0,1.2249894,0.72290754,0.1691801,0.08397926,1.2414975,0.566689,0.4335472,0.6967168,0.14251658,0.062089544,0.07735845,0.71813256,0.4393948,0.0071606794,0.89903975,0.36382192,0.73501074,0.0,1.4158332,1.3260131,0.3439662,0.26130873,0.32924536,1.9484113,0.60371,0.868304,0.0524897,1.0429012,0.830713,1.3105395,0.38387325,1.3388649,2.853216,0.46568176,2.5010557,0.08053646,1.2329838,4.452719,0.3213078,0.19502749,0.7515483,1.0528792,0.06868193,0.440589,0.04237769,0.26728165,0.014217186,0.111112654,0.5110662,1.4445444,0.9049072,0.36306626,0.6635795,0.43693355,0.048654236,2.0937982,0.53824943,0.5085979,1.3819622,0.2622087,0.14224532,0.52252,3.4607291,1.9269605,0.083899245,0.16541475,0.9630425,0.6830522,0.9501956,0.45294103,0.20288429,0.28642073,0.3941821,0.027404543,0.0946174,0.0141896885,0.14225644,0.9741886,1.7425412,0.38335893,1.3625394,0.6791518,0.79045385,0.2197449,0.3126138,0.97721505,0.042839512,0.15575959,0.6103121,0.2959104,0.67560613,0.71665174,0.13376135,0.011844941,0.1926975,0.9786229,0.12573794,0.3425827,0.8109698,2.667499,0.7104208,0.15394431,0.5605029,0.98745894,0.6390995,0.5661769,0.1003461,0.2856893,2.4323964,0.978831,0.24906357,0.12128172,0.18301524,0.07903333,0.0,1.5200608,0.47651514,1.3386832,0.0,0.627041,1.4400698,0.36567554,0.12281813,0.6203719,0.12379644,0.13844554,0.40296847,0.45333168,0.0,0.7461174,0.63074136,0.015796376,0.42035156,0.037613634,0.8435453,2.3661423,0.047209222,0.623008,0.20234956,3.772634,1.3419566,0.935167,1.0351132,1.8774879,0.29647613,0.49096984,0.5021029,0.39755338,1.4006156,0.22266178,0.6266661,0.70614254,0.55639195,1.0868069,2.264215,0.7856898,0.34080788,0.010988933,0.054061666,2.123613,0.27014065,0.83411723,0.056007415,0.001961716,0.046125293,0.9283924,1.318015,0.02389847,1.1076939,2.5152192,0.15549831,0.64015716,1.5386049,1.2537216,1.1247346,1.0345846,0.007776428,0.3397142,2.797374,1.049882,0.26961458,1.2565267,0.11571546,0.75070375,0.6815169,1.9270414,0.004979442,0.009362253,0.8965701,0.6324333,0.47834957,0.09124916,0.61754507,2.577575,0.50471723,0.54067874,0.77638346,0.81140864,0.5252061,1.138254,1.3197535,0.85480803,0.15914834,0.7190206,0.32971597,1.1511512,0.3796017,1.1552094,0.047878806,0.5564473,2.4372287,0.22450708,0.3021376,0.0072527975,0.075647265,0.42762464,0.20988713,0.49141324,0.025255786,1.2074873,3.3663304,0.55461186,0.58716416,1.524614,0.8579313,0.9768751,1.6338946,0.08589538,0.059716955,0.2532449,0.984624,all_pothole_images\pothole_images_image_132.jpg
0.10526057,0.37655807,0.1308465,1.0187068,0.15096484,0.27766404,0.0,0.13953975,0.2072632,0.12410185,0.13320298,0.12566568,0.23075281,2.1610565,0.12804967,0.02758337,0.106158175,0.3532418,0.5554715,0.04539666,0.29123598,0.6760056,0.15600167,0.53782946,0.9511794,0.0,0.28010765,1.4586194,0.1341879,0.03929458,1.7614534,0.18212059,0.046915274,0.20783025,0.37828943,0.13751787,0.32442123,0.6456702,0.3655505,0.30332968,0.0,0.24882361,0.72687185,3.7356784,0.2812974,0.0069091637,0.018387135,0.266907,0.31501666,1.0500954,0.5178727,0.123554654,0.67775816,0.23766163,0.19710563,1.029654,0.075917594,0.18298583,0.549427,0.25555205,0.39321357,0.005483562,0.23884599,0.22374572,1.0419002,0.00087473495,0.0916698,0.2617812,0.27065605,0.7187419,0.2718631,0.2932263,0.423706,0.16104949,0.29330054,0.23599072,0.15241963,0.21372366,0.007395015,0.056973383,0.18934225,0.3262641,0.75518626,1.5217301,0.25866032,0.4551158,0.46493685,0.18390906,1.6475456,0.25687763,0.41015658,0.8767352,0.20761688,0.4633998,0.14892933,0.06962339,1.2203851,0.5133307,0.0600915,0.10547661,0.13934427,0.035308205,0.20897986,0.087501615,0.08392544,0.6616997,0.15456562,0.3216393,0.25037158,0.5847305,0.023447016,0.2955436,0.13628075,0.10156881,0.21297556,0.027610652,2.6675587,0.04560988,0.30469447,0.17872055,2.519302,0.16293944,0.07920863,1.2950988,0.16457026,0.87983984,0.23951542,0.0028372847,1.0694155,0.26646867,0.4969562,0.07182742,0.35659853,0.015870688,0.16035444,0.63834125,0.50505257,0.53252715,0.34696624,0.029279146,0.518391,0.04789687,0.132661,0.30779403,0.027178066,1.2391529,0.33602473,0.057233863,0.16646653,0.17849995,0.09102206,0.08399676,0.013329216,0.0119954785,0.20608333,0.45903754,0.17219044,0.09777542,0.011972571,0.8748491,1.818043,0.9859608,0.022877721,1.571199,0.0,0.17199169,0.92389363,0.014140917,0.4210334,2.1463685,0.08932919,0.290921,0.05900391,0.28955436,0.055202365,0.056156337,0.3594731,0.030540617,1.0072291,0.09299426,0.054105368,2.1295838,0.29454166,0.6796936,2.520813,0.9800299,0.35362297,0.055211183,0.43212026,0.68833876,0.06825045,0.5393196,0.9990708,0.6085191,0.21480319,0.04171383,0.28598574,0.09436907,0.41863233,0.15783297,0.37689075,0.6278953,0.89206177,0.55781144,0.8182297,0.5654289,0.021860227,0.75124747,0.46183395,0.07873004,0.0173133,0.25878853,0.3110787,0.0138710635,0.62925845,0.6820515,0.118464544,0.09436804,0.97297776,0.0,0.0649552,0.21875782,0.07585897,0.19835341,0.5355494,0.8210126,0.26931483,0.5294102,3.4113932,1.289085,0.3269268,0.47417822,0.41190192,1.3260548,0.22222063,0.4242179,1.3036598,0.12732857,0.2140315,0.27116916,0.05113932,0.007794867,0.17863166,0.26389605,0.52817,0.036929835,0.694878,0.50329584,0.47801083,3.6316178,0.024005909,0.0115476055,0.4284812,0.28482383,0.42665666,0.659546,0.35257748,0.67695445,0.1944387,0.3369839,0.31832108,0.0,0.26503912,0.108670756,0.70988876,0.28670138,0.07313493,0.34945413,0.24667975,0.15704511,0.094775654,0.15894456,0.29761407,2.0223446,0.48672205,1.6253927,0.038405728,0.13643563,0.049886532,0.3376669,1.4598643,0.14745261,0.7421157,0.0,0.9255479,0.15970339,0.79543334,0.56962943,1.4219289,0.35886204,0.41270038,0.16836658,0.12487899,0.23736754,0.3836816,0.08477096,0.35410136,1.1097031,0.37815335,1.8318192,1.0592554,0.7628093,0.00014204506,0.23461577,6.3922815,0.41329628,0.18820289,0.14274147,0.16591245,0.20057169,0.10078599,0.08966929,2.802054,1.0179087,0.12933965,0.2237081,0.26676002,0.059845895,2.5371776,0.40803176,0.2600684,0.28481185,0.10603883,0.14757602,0.7724518,0.85823506,0.9853005,0.055598497,0.0,0.29058194,3.8354301,0.48360476,0.6831957,0.09745284,0.37356123,0.43018803,0.4285863,0.43096963,0.178755,0.15314253,0.1252778,0.06653749,1.3810608,1.1848917,0.4198218,0.011834845,0.00061174616,0.6928399,0.6599605,0.5966541,0.12844993,0.5707894,0.31370655,0.011866161,0.19990826,0.67285764,0.0028628013,1.1208847,0.37575436,0.7880591,0.21368983,0.42731914,0.5253596,0.0145745,0.25738063,0.0,0.46413702,0.18312603,0.07493063,0.16986547,0.74228674,1.277968,0.0460404,0.28666586,0.2617261,0.6638141,0.61370057,0.6516175,0.8751351,0.36673534,0.6957391,0.0,0.1074243,0.9588833,2.9308453,1.7450223,0.7768815,0.15431803,0.7623199,1.9717307,2.3592446,0.24410576,0.06029551,0.42754522,0.6134086,0.033400048,0.98573035,0.13052902,0.3823845,0.17167608,4.9900217,0.23227914,0.03509211,0.09558891,0.660493,0.0,0.0,0.7998479,0.24542335,0.0347294,0.26480934,0.1896143,1.0654289,0.29885435,0.11095429,0.38312155,1.5015397,0.048340652,0.00565422,0.5036456,0.80390257,0.1905191,1.5785662,0.34229222,0.8576733,0.26786083,0.36278588,0.25717276,0.6365536,0.7745116,0.370041,0.35214186,0.44228214,0.43300465,0.4680498,2.0063033,0.32810572,0.24947214,0.27415726,0.08297747,0.32749954,1.2745513,0.6239745,1.2390006,0.5404734,0.31474674,2.260017,0.16724205,0.0018631276,0.3346368,1.9677804,0.2706647,0.098153114,1.005491,0.14746638,0.30859187,0.13740121,0.46008524,0.20285735,1.0839274,1.8788582,0.26197615,0.5223057,0.0,0.40440896,0.1258794,0.101313315,0.0,0.06419563,0.10461276,0.33281663,0.821693,0.100686595,0.08286021,1.3119304,0.23440357,0.77520776,0.5192141,0.2289158,0.11945494,0.04192929,2.8513966,0.08107964,0.081907436,0.13526312,0.070904836,0.053151887,0.30652583,0.37460932,0.110800214,1.4449917,0.31408742,0.0,0.04402345,0.0,0.11527823,0.0015899653,0.16396329,0.054680366,0.44354853,0.017535027,2.8616133,0.78352135,0.45372152,0.47449905,0.91977334,0.75970143,0.070258975,0.27524075,0.17813067,0.09295417,0.85994273,all_pothole_images\pothole_images_image_133.jpg
0.22325729,1.949172,0.23409458,1.6855175,0.7404134,0.03546861,0.6137477,0.64136785,0.1740611,2.0875514,0.5789742,0.18755868,0.62536263,1.2304997,0.124006316,0.24096605,1.1986213,0.009290836,0.43472484,0.54736376,0.3808012,1.9579104,0.22181854,0.62905896,0.7107591,0.8664462,0.26407203,0.91888773,0.20223719,1.5333511,0.19791655,0.25577274,1.5193475,0.32162714,0.22044437,0.21170534,0.54413444,0.48482195,0.0072870497,0.5147438,0.4501352,0.92990243,0.09766453,1.0596898,0.5714283,0.62826365,0.90065825,0.063682586,0.41366693,0.026461491,0.61656094,0.41929033,1.2535046,1.2704353,0.08399199,0.68216574,1.5338157,0.25146502,0.5967618,0.28727973,0.44837934,0.37946486,3.058014,0.6819074,0.7888296,0.20143528,0.43080917,0.48668942,0.031767067,0.5979979,0.18319578,0.18026379,0.70357394,0.13699983,0.31805858,0.95050114,0.17353532,0.9261776,0.047657464,0.05220048,0.82976717,0.46298423,0.4975535,1.1636447,0.21278077,0.7571555,0.33540905,0.22259626,2.6385398,0.030994944,0.040993094,0.16664869,0.6761528,0.74900615,0.0,0.17651258,0.51830274,0.39383715,0.5760191,1.7176796,0.0027681938,2.8878229,0.23354043,0.01513068,0.22105801,0.077511765,0.39361718,0.0077347923,0.17272767,0.19185284,1.9387468,0.27441597,1.0537791,0.34433115,0.5618807,0.8394558,0.73641753,0.97328776,0.42548293,0.7256131,0.4457812,0.06021996,1.6482605,1.2483125,1.4708236,0.41699758,0.4207959,0.42285874,0.7758271,1.2760452,0.7521369,1.1609071,0.10491726,0.21071164,0.2831737,0.33868194,0.08667842,0.29923412,3.0517528,1.0294063,0.44549066,0.10521151,0.25464666,1.681371,0.1971079,1.4367118,0.7105632,0.28655362,0.33982268,1.5082892,0.5348214,0.6892792,0.60865766,0.16896054,0.66942877,0.41275248,0.33930656,0.49740234,0.3407268,0.67332506,0.7426613,1.0165809,0.32853344,1.4311461,1.9489131,0.06286819,0.3321409,1.9633629,1.3709401,0.52575207,0.25412536,0.0072318534,0.25479132,0.95906836,0.40323478,0.064982235,1.8725094,0.12049896,0.59492606,0.06647939,0.38333276,1.0791898,2.3315346,0.08715466,1.8497927,0.48753718,1.6206771,0.513749,0.03144518,0.51100403,0.92917174,0.040484227,0.0,0.9832057,0.035989963,0.48582473,0.034789607,0.08326579,0.099457294,1.3035183,0.136706,0.31648594,0.7004233,0.09708619,0.28403616,0.68139803,0.16175677,0.45497656,0.5475489,0.27195758,0.052814055,0.41264614,0.4743323,3.9492803,0.23402455,0.7881501,0.05843723,0.10053249,0.44084442,0.1585713,0.99366,0.0,0.045678128,0.16472442,0.10549172,0.7174017,1.3738397,0.16959403,0.5744077,0.039307863,0.059965488,0.87201375,0.21773379,0.35483912,0.35514146,0.15927361,1.2729298,0.114618346,0.14581928,0.016324192,0.30342323,0.12170443,0.04427808,0.18000247,0.3242434,0.0,0.466897,0.090255335,0.6013956,3.1047583,1.7537456,0.039526775,0.12088864,0.6732735,0.11859965,1.6938336,1.0141612,0.12711161,2.0988588,3.1491578,0.5360166,1.2932698,1.2946544,0.21039276,0.7067165,0.2213592,0.21774654,0.7554358,0.7939184,1.4943804,0.13262197,0.22005233,0.59326446,0.2865795,0.37006447,0.095211804,0.7858478,2.7610474,2.0338163,0.5368521,0.28976032,0.37962168,0.04374277,0.8351009,0.2811544,0.38584968,0.36766356,1.5814708,1.7756047,0.06030762,0.17743924,0.010542374,0.58456856,0.20488411,1.0138817,0.5673178,0.40352,0.8643713,0.07685073,0.08658648,0.217732,0.13691656,0.19492626,0.10915275,7.0417266,0.9371056,0.28355584,0.6315912,0.34813836,0.38878515,0.9901655,1.3708295,1.857485,0.028922971,0.1724282,0.11986726,0.27320284,1.047219,0.91635245,1.1888379,0.010828396,0.32684878,0.10532438,0.9600137,0.70951104,0.50336707,0.83379275,1.1541708,0.6390516,2.8753672,1.6575612,0.40869832,0.9944561,0.41416937,1.4931506,0.1484061,2.041895,0.8840681,0.26545218,0.02517724,1.3138224,1.081982,0.57865137,0.010039864,0.7903956,0.022659902,0.48765457,0.8842988,1.4858042,0.4385818,0.73571306,0.406726,0.3031742,0.16085878,0.03425346,0.07625681,0.48795614,1.6808854,0.15277931,0.25328612,0.80988544,0.00055602076,0.103866085,0.72550154,0.023945503,0.07085778,0.19847481,0.8748417,0.048400443,0.52329695,0.8530701,0.24747108,1.6401373,0.0,0.43601868,1.1351541,0.17618981,0.17224142,1.1855048,0.4053543,0.07218334,0.21329963,0.16669647,0.053741463,2.5335464,1.6134547,1.848637,1.8978251,1.283841,0.842393,0.34852725,0.24870723,0.17943585,1.1354293,0.4918348,0.100242145,0.06301074,1.0603335,0.68885815,0.8992636,1.3858446,0.68419534,0.39893153,1.354818,0.090033315,1.1664674,0.3518181,0.0048139547,0.29441652,0.23764493,0.39918166,1.1381979,0.10188023,0.08910575,0.13189453,0.790754,0.6271456,0.77438074,0.14069138,0.35809,0.7151048,0.55569685,2.0132883,0.45598722,2.021516,1.2710841,0.64262235,2.0266223,0.84928423,0.13999201,0.5487283,0.031584464,0.00624305,0.41520163,0.40175658,2.53202,0.39941508,0.6291721,0.34610596,0.5963662,0.56489974,0.5127684,0.14685076,0.11090524,1.0763689,0.9173074,2.2513802,0.25150385,0.4357261,0.32299224,0.1973033,0.31340122,0.18967044,0.13486937,0.6316329,0.73087525,0.9359847,0.23500471,0.35799792,0.058384772,1.992068,0.99257904,1.3728623,1.1258155,1.3307408,0.34091786,0.040634423,0.36370003,1.0176573,1.7792583,0.25393727,0.15657209,0.96391386,0.42937726,0.07640829,0.23131573,0.09939522,0.05080316,0.34265456,0.7374213,0.49046472,1.3724864,0.90769523,0.7972254,0.0,0.17516787,0.7163886,0.11590078,0.57811093,0.19962941,0.092182904,2.1314852,0.8805534,0.30601856,0.526774,0.013796663,0.39393365,0.06690832,0.21892446,0.3143509,2.0731997,1.8316728,0.46278813,1.7625234,0.4127356,0.23144105,0.20968449,1.0670257,0.11598263,1.6306998,0.6341989,0.27874842,all_pothole_images\pothole_images_image_134.jpg
2.0256345,0.19035769,0.16826987,2.5630925,0.8431473,2.414287,1.8555158,0.116798565,0.43878952,1.5911229,1.01898,1.0345738,0.056063097,0.5370712,0.4217463,0.8942803,0.26670063,0.7390948,0.3664392,0.5025623,1.2342254,4.052017,2.2025714,1.7828915,0.04062514,1.1636955,0.1632063,1.6678982,0.17107391,1.2077695,0.67018634,0.21268539,2.0425408,0.46400887,0.30149525,1.3854376,0.118449,0.06543108,0.7981768,0.0007093395,0.1058044,0.95641845,0.23068711,1.3120012,0.3303476,0.031202136,1.7583553,0.011104861,0.73959637,1.9157071,1.6179186,0.9466124,2.4905248,0.0705259,1.3085978,1.7015564,2.7873678,0.82580197,0.5335333,0.7779667,0.89997345,0.88688684,1.8262861,1.3867829,1.3965678,1.0790325,0.21167214,0.21821648,0.50608736,2.3148592,0.003139972,0.99628663,0.4459952,1.094858,1.3959053,0.6921217,0.2558546,0.6300433,0.21570568,0.8209745,0.52702904,0.38832703,0.1595216,2.0707643,1.8202038,0.80565834,0.75887054,0.70139986,0.9545907,1.061548,0.5090576,0.8094688,1.5040436,0.19609626,0.49767303,0.33928645,0.43250725,0.7306927,0.40721956,0.36249268,0.028590644,1.8770037,0.21813002,0.12375422,0.9706867,1.4854294,0.17815636,0.053435534,0.19181705,0.4418569,0.42464897,1.3942578,1.3153555,0.69153017,0.902839,0.9789081,1.276232,0.35246933,1.1086805,0.72612464,2.093244,1.8497838,1.8332821,0.45022613,0.23225178,0.5371056,0.9346042,0.5295729,1.5693558,0.0656862,0.42961445,0.4281279,0.70919186,0.72231746,0.20785233,0.34237054,0.019983768,0.31482098,0.1791797,1.0411994,3.835411,1.8123153,0.9911159,1.0241002,0.28322336,1.9844896,0.63117874,0.70780057,0.14958334,0.34623656,0.5018394,0.7072296,0.051926777,0.952177,3.4918985,1.4623263,1.8726386,0.13658236,2.0692015,1.243057,2.738985,0.033388708,0.34346396,4.116197,0.7659027,0.015057633,0.4357942,1.1124424,2.5462098,0.056287028,0.42368048,0.58694303,0.0,0.39903897,0.6449421,1.0694724,0.23787676,0.014950273,1.1327326,0.10354647,1.3496543,1.3059627,0.6955744,0.9493961,1.6204722,0.66272795,1.0065831,1.6932625,1.3210266,0.9501509,0.08033997,0.19033845,0.30192298,2.7861726,0.06452861,0.22788711,0.6540809,0.21416163,0.31006354,2.6434205,0.1437312,1.885302,2.4674304,0.07676607,2.096173,0.098832965,1.0027493,0.6082595,0.67758304,2.4882762,0.0,0.09358221,1.6398535,1.2512225,1.2745126,2.221445,0.8546209,0.0,1.1729151,2.0780635,0.4689014,0.45296165,0.5506328,0.6491919,0.14212424,0.6843087,4.6689672,0.40325794,0.48955604,0.055408783,0.31370753,0.17505877,0.35651046,0.37691334,1.5373441,0.44840372,1.2073557,0.26837835,0.09027996,0.44204372,0.066571176,0.010768201,0.2408091,0.052156486,0.09340294,0.08270668,1.2700068,0.44659618,1.8893,2.6998975,0.9210214,0.024584336,2.0830734,0.13463107,0.5661732,0.3959064,0.32744402,0.49193668,0.55198824,1.955605,0.2016244,0.6565361,0.46314284,2.3053162,0.0564357,1.8307468,0.34634912,0.306828,0.6779116,0.09038331,1.4232173,0.19049537,0.50840986,0.27418777,0.062334828,0.59423435,1.022425,2.0901701,2.3179529,0.22929925,0.6654911,0.5910281,0.18447703,1.2775518,0.22904925,0.5493135,1.4152498,0.007604995,0.4543133,0.06519398,1.350136,0.008849651,0.23260626,2.4793684,0.46139628,0.14575325,0.40418178,0.55329615,1.1852975,0.50559026,0.6985097,0.19985105,0.20609443,0.15603602,1.5971713,0.09133296,0.25372598,0.86345154,0.0009772582,0.5064092,1.1543851,2.4405763,0.49509802,2.3522139,0.67875594,0.06465215,0.17922027,0.5929512,0.44760668,0.87580276,1.3694819,0.21621571,0.424219,0.79007286,1.3975258,1.2929887,1.051329,0.6471103,1.0096774,0.31520835,0.87079567,0.10457099,1.4755738,0.046814274,0.75203407,0.14906795,0.12715402,0.26543912,0.314257,0.24711429,1.0469319,1.0575343,0.7348842,0.15310714,0.67351127,2.021475,0.65884197,0.26565334,0.37570998,0.1399505,1.626377,2.0029688,0.75146216,1.5063759,0.5488989,0.85802186,1.0523963,2.305661,1.5554113,1.3314162,0.17174232,0.04852977,1.499481,1.8503286,0.060944192,0.5727721,2.1780317,0.46630263,0.6088241,0.25203985,1.13836,1.0899531,0.35516247,0.011256113,3.3154633,0.7699788,0.6397374,0.12061108,2.0244195,0.40406144,0.5268398,0.07557951,0.14451456,0.81827855,1.7291356,1.951458,2.8360102,0.016133761,0.023801265,0.8341393,0.6470899,1.6542115,0.9605492,3.2875645,0.21162213,0.4491057,1.8073916,1.4846222,0.6004576,1.5754653,1.4961131,1.386678,0.69962436,1.2867222,0.093832344,0.27092126,3.2739491,0.07833276,0.0021339396,0.88915443,0.19230568,1.2034179,1.1887659,0.19417186,0.5301078,0.1742107,1.727052,1.8520753,1.6350636,0.0648086,0.58333707,1.3852757,0.90144914,1.3211921,2.7790704,1.1983578,0.9524363,1.6069158,1.0380533,0.65794384,0.19551659,0.5710978,0.79138297,1.307923,0.018780462,3.4675212,0.6637607,1.9410006,0.15374552,2.2834182,1.0681456,0.36857492,0.032090712,0.47640437,1.5034319,0.49127305,0.7562923,0.2224652,0.068555325,1.2912297,1.327514,1.4227494,0.736318,0.22443037,0.54131746,1.3489065,0.085756816,0.17546208,0.74904466,2.2541351,2.1607294,0.2805409,2.4416375,0.80374956,2.4200444,0.17445344,0.043141387,0.10011266,0.49916542,2.3532228,1.245728,1.1835836,0.18874991,1.705104,1.7794474,0.64381886,0.70093435,2.7256186,0.08611272,0.18790317,0.77423626,3.2980452,2.7582185,0.26118946,0.19328952,0.12269869,1.9192638,0.21162933,0.49754214,0.0966269,0.08603925,0.2193824,1.2941859,0.13798326,0.077638745,0.008936824,0.59301025,0.6499294,0.5559835,0.09790719,0.47073787,5.590156,1.2121952,1.9397247,0.47455922,1.190627,0.023216395,1.4877828,0.41545197,2.4027665,0.15829642,0.07863563,all_pothole_images\pothole_images_image_135.jpg
0.8126859,2.691027,2.1723874,0.8897732,1.3939881,1.2859735,0.7224747,0.8435497,0.0,0.29384163,0.06362858,0.06328852,0.038158976,2.251167,0.5779317,0.6248544,1.02167,0.5763063,0.14930429,0.08492814,0.6914276,2.2997277,0.17315936,0.3813214,0.7103963,0.96359813,0.38256815,2.0049562,0.31921124,0.9118468,0.2247087,0.25427097,1.986921,0.72024083,0.05427688,0.6555044,0.24462448,1.1621507,0.1409759,0.57712424,1.2607534,0.75956404,1.0284606,0.9637843,1.0942568,0.62621206,0.2726312,0.06590827,0.46503296,0.81430316,0.45977464,0.065101124,0.6723209,0.2132988,0.4209551,0.22260799,1.3291378,0.34945935,0.640717,0.7461834,0.111476265,0.6113393,0.5792165,0.48253155,0.4878177,0.4657856,0.08760171,0.39877364,0.45628783,0.76350516,0.00732566,0.13822548,1.146639,0.080823,0.4986173,0.72749597,0.22366565,1.3868161,1.080676,0.2406269,1.7478905,0.12720123,0.1496793,0.8842051,0.24653536,0.0023796214,0.35418296,0.5625324,3.1620567,0.4349157,0.59832025,0.76112396,0.69808173,0.47731084,0.17623703,0.5861842,0.7344907,0.7179286,0.4696299,1.3945041,0.03454312,2.2308433,0.2586825,0.7267252,0.00018063773,0.43047416,0.5616675,0.22417897,0.19496968,0.6954812,0.9228657,0.47514498,0.19490458,0.2834739,0.60437876,1.7039579,1.0997968,0.59034854,0.6113421,0.899393,1.1379148,0.18325642,1.1481543,1.3426439,0.41888124,0.4767635,0.10933215,1.2597525,0.82683164,1.076416,0.55804276,0.38297215,0.189779,0.064702824,1.4858742,0.026445026,0.54911697,0.39611956,2.0606885,1.4228984,0.5082972,0.19187418,0.44473577,1.4483755,0.57494694,0.9306624,0.8798208,0.104386024,0.5134114,1.4952775,0.59452844,0.625333,0.043146633,0.4509678,1.3171918,0.46289596,0.15738164,0.14779614,0.30139795,0.04223231,1.0588989,0.85225654,0.4522034,0.64941275,0.101386026,0.19742218,0.41987643,0.7712558,0.82665175,0.033465818,0.4877327,0.21410644,0.5631613,0.587806,0.16224435,0.0067134006,2.3834374,0.20126279,0.40435556,0.36660466,0.0053466717,2.4756358,1.2223861,0.25487024,2.1738586,0.41346377,0.7500159,0.21344426,0.08486218,0.8890381,0.21832962,0.17310283,0.036947988,1.6130561,0.017768145,0.28829554,0.4101475,0.5528344,0.04508942,0.50399715,0.052457,0.16114545,0.34701443,0.85002387,0.893188,2.4870136,0.108499445,1.3190566,0.44045857,0.15581927,0.3025185,0.115981646,1.934981,1.4634786,0.8907829,0.7095894,0.9162204,0.1314419,0.9824364,0.16031161,0.30393094,0.051455744,0.41595653,0.71146,0.03369567,0.04017931,1.0681597,0.2988599,0.88085127,0.07430415,0.16923557,0.39547983,0.032570496,1.0135666,0.40440628,1.2367233,0.67935014,0.45847413,0.16822568,0.3898556,1.0021394,0.012572865,0.6417114,1.0111649,0.057132743,0.022069748,0.7699146,0.60936034,0.74771535,2.4995058,1.6698502,0.14436705,0.25542894,0.5119823,0.013077837,0.7966429,1.6270032,0.21709037,2.6243377,1.1884271,0.67568463,1.1651126,0.6864099,0.05985928,0.31603917,1.3493029,0.46450597,0.5396469,0.35090104,1.660378,0.24301627,0.1536026,0.04855001,0.2825697,0.61299413,0.45468372,0.2393116,1.2163391,1.4665776,0.93643,0.28235087,0.08116061,0.09825732,0.36474532,0.49094856,0.26120827,0.85386133,2.0690906,1.4266837,0.28972745,0.19087201,0.7436522,0.44864205,0.18620619,0.0044282833,0.11885109,0.082768485,1.0396136,0.35765347,1.2841492,0.2505355,0.4137734,0.37979445,0.6476268,4.022964,0.7324514,0.0984583,0.54154545,0.1839889,0.32149437,0.30000597,0.7550459,2.516749,0.58316785,0.30605206,0.26889485,0.8677321,1.0589638,1.6487224,1.2764663,0.012710179,0.008118454,0.039661568,1.1268654,0.06670167,0.9405684,2.1497488,0.9209634,0.68689376,0.82188946,3.0141861,0.59861064,0.3320068,0.5513111,1.1145686,0.3002909,1.2968254,0.35021248,1.0647987,0.14587186,0.6736519,0.2846466,1.0181197,0.3800666,1.5713284,0.21405534,0.6718727,0.4367415,1.0796789,0.97126395,0.1305408,0.78713787,0.14062442,1.1172472,0.19640377,1.4766767,0.8056165,0.567596,0.26004788,0.21877356,0.23650753,0.0,0.17855455,0.45817366,0.07668299,0.6170963,0.4612432,2.2963204,0.009165417,0.45494282,0.7681173,0.3803096,1.6427938,0.0,0.12982723,0.6976941,0.6252577,0.5673374,1.5234194,0.32505536,0.109060325,0.08042133,0.67436934,0.2417974,3.8118987,0.32892025,1.162022,1.3314745,0.31595993,2.5693817,0.5067197,0.41829726,0.48393154,0.111237384,0.08286734,0.57602996,0.7325836,0.91856515,0.028228223,0.78195274,1.2629339,0.4496983,0.6878912,1.4575754,0.004701526,0.97547513,0.09668512,0.074826315,0.98845255,0.18370128,0.0,0.73936373,0.0,1.0038215,0.118150614,0.035207607,0.51599854,0.38845614,0.041266035,0.06268466,2.1559746,0.027465472,0.15920594,0.93301225,0.5401691,1.0113657,0.77253675,1.7035924,0.26500714,0.02731848,0.60934204,0.16084068,0.99111843,0.007143893,0.5864145,2.3140612,1.2967882,0.5321301,0.022096332,0.281707,1.0329752,0.70200056,0.48306608,0.62126243,0.81914485,0.5535035,1.4487033,0.37158617,0.14319274,0.9306308,0.41811943,0.4383268,0.9363633,0.33128244,1.0520256,0.34367454,0.56212336,0.6059126,0.4109937,0.4790562,0.6892523,0.9900609,0.12709892,1.0199132,1.1772419,0.21630028,0.10618968,0.78058356,0.4900905,1.0925696,0.4502886,0.34447458,0.60170555,0.33450183,0.35711482,0.03933141,0.0,0.5043341,0.50177276,0.36746496,0.2840277,1.5128143,0.92915326,1.0888407,0.08090712,0.37502608,0.7571,0.31634453,1.1268926,0.14320299,0.21904917,1.3754492,0.2640344,0.9701818,0.6788765,0.054458395,0.22879411,0.06966211,0.38487017,0.0,0.5053653,1.5056877,0.2284911,1.5812243,0.3416224,0.3224243,0.21081887,0.53578067,0.05345362,1.2313749,0.10250563,0.35701656,all_pothole_images\pothole_images_image_136.jpg
0.301569,1.3949224,0.17788222,1.6620895,2.1930888,1.7744825,1.022466,0.14361861,0.062362242,1.3121157,0.21218202,0.61861676,0.396629,0.70922506,0.002567113,0.07106428,0.54083925,0.45453432,1.2322339,0.0018905456,0.2003688,3.3688998,0.5760328,1.9611436,1.0073948,1.1817387,1.1085836,4.5003734,0.42927557,0.05980875,0.3179877,0.20191644,2.0812542,0.013568843,1.3528966,1.8379247,0.41873133,1.6514236,0.3587391,1.6261907,0.24308087,0.12581351,0.14531663,0.4899383,0.46125114,0.06623315,0.3335999,0.0481432,0.9379939,0.6087683,0.8393608,0.16363773,0.21862069,0.45819768,0.07948055,1.2879816,1.3785187,0.23790371,0.16328482,0.23344989,0.8135972,1.4003328,1.287438,0.037438057,0.3042229,2.8149378,1.3254213,0.40209824,0.2566381,0.5712289,0.49288702,0.096949145,0.35092124,0.7915645,0.7048206,1.4359189,0.079169594,0.66468835,0.31449637,0.56155455,0.05672449,0.15074958,0.22692594,3.2363753,1.3954046,0.6105116,0.95954055,0.029490504,3.8521748,0.38609448,0.41907874,0.5310146,0.01018907,0.34486696,0.5110335,0.024333794,0.10270998,0.39248344,1.2084796,0.2590477,0.039438948,4.153057,0.8736296,0.09105569,0.023711525,0.023580449,0.32385266,0.055036426,0.053920697,0.12957047,0.53641653,2.0813923,1.0440711,0.022401975,0.812125,1.8508682,2.6102335,0.27945557,1.8944774,1.2567608,1.6754996,0.2806594,1.2088103,0.941648,0.2705753,2.604379,0.2396135,2.8201456,0.80541295,0.9970894,1.2935841,0.0,0.1717038,0.26869598,0.26871547,1.5690961,0.17202768,1.2384933,0.5317777,0.80969393,0.99822325,0.41707003,0.029988108,0.31226826,0.231584,1.0860325,0.30370167,0.13438863,0.6554526,0.9229805,0.9528347,0.9317736,0.0027754623,0.17967905,0.7941203,0.7354584,0.9763446,0.104686715,0.9523469,0.19715226,0.74922013,1.8853486,0.18379872,0.695248,0.31477445,0.08251858,2.1658354,0.47640756,2.2846866,0.80623937,0.18158442,0.03694261,0.03747948,2.9009643,0.86584437,0.11815127,0.43290475,0.7473209,0.27556303,0.27711493,0.41349503,1.6467165,1.4633107,0.79695135,1.7458577,0.61507654,0.1483824,0.43140948,0.099254765,0.9390781,0.57629454,1.1452287,0.0,1.059965,0.09006287,0.08239445,0.5775768,0.5771498,0.51339686,1.2610086,0.22417103,0.3440223,0.49868998,1.853981,1.4277145,0.80761516,0.18558116,0.18799143,0.91082674,0.59831554,0.68053484,0.18114276,1.757297,1.3572919,1.6265103,0.7889728,0.6079812,0.64717054,1.4819077,0.56899315,0.6902527,0.19085304,0.014696046,0.24759701,0.16687572,0.26916963,0.5302519,0.8192897,1.7838622,0.017026246,0.13313222,0.44090486,1.4139172,0.4977003,1.3358451,0.1184168,1.578621,0.010104269,0.020243566,0.024765901,0.13968536,0.007202717,0.3356629,0.16721897,0.10909907,0.0042379457,0.5257189,0.4147271,0.6406892,5.020834,1.9588251,0.37631652,0.398693,1.3456863,0.12711118,0.03865732,1.3214852,0.11993774,0.61352944,3.9045575,0.14371948,1.7899039,0.53437376,0.756206,0.00534546,0.74082637,2.1707904,0.01305285,1.3542175,0.35936862,0.6650174,0.5574578,0.10023153,0.27231205,1.3124243,0.72650707,0.2198692,0.18899778,0.6884108,0.8508981,1.5958476,0.06891559,0.2963384,1.5455521,1.6634789,1.3983266,1.343447,0.13270989,2.322651,0.54724675,0.34289733,0.78518724,0.07125768,1.3579224,0.6003508,0.13962542,0.37026915,0.6226846,0.22907393,1.3799874,0.0033064678,0.8508947,0.26617616,0.75631,4.1384025,0.669262,0.7984647,0.18053792,1.3103064,0.5555298,1.3643622,0.39454615,4.6723027,1.2282466,1.3421652,0.40185535,0.03732129,1.7521291,2.4334314,0.0033750767,0.16753116,0.02679228,0.00088973454,0.6330775,1.5383857,2.229139,0.9181486,0.08110378,0.82462114,0.13857506,3.6168106,0.5558015,0.0,0.25504255,0.0,1.4710045,1.3907492,0.09913169,0.2725922,0.51111746,0.047782183,0.59584135,2.3396137,0.27323738,0.4495651,0.17529604,0.57875645,0.14635028,0.06984196,1.0705346,0.6658536,0.95116603,0.017781163,0.9908152,0.16527615,0.092790075,0.22937615,1.739035,1.9852313,1.4518199,0.10492669,0.056067172,0.79871583,0.6202577,0.027249902,0.15342622,0.5643262,1.1155347,0.11207433,0.44585824,2.0881658,0.13731869,0.8510097,0.10172327,1.0426906,0.771698,0.08671484,0.1174656,0.34725204,0.14627333,0.46684182,0.0,3.0340283,0.29297116,4.4987564,1.3277203,2.3526196,0.03777522,0.61238366,3.0184102,1.6488647,0.20367725,0.050998423,0.52132183,0.043817554,0.06328301,0.85528934,0.22201973,0.557944,0.42242557,1.9205582,0.2143717,0.36061928,0.16740642,0.6883433,0.0,0.21515764,0.08331735,0.16693652,0.024089718,0.7766579,0.14894421,0.1196001,0.4630338,0.4172252,0.107706845,0.3719431,1.2599229,0.8372612,0.1351883,3.868334,0.47767913,1.8625585,0.9117424,2.2104392,1.9792914,0.8679806,1.6477386,0.633146,1.7283505,0.63921124,0.076000884,0.45999175,0.20656414,0.48507932,2.5560157,0.7625937,0.8429948,0.71442336,0.19238111,0.71693784,0.05748365,0.40022302,0.3458367,0.2825857,0.35797182,2.6564221,0.82987237,0.4000289,1.690482,1.0161169,0.4998663,1.6089222,0.85376483,1.503378,1.656871,1.0022314,0.5503704,0.16899224,0.680186,1.205496,0.20717916,0.6045175,0.34881285,0.732233,0.6450158,0.4344197,0.4618322,2.6824217,0.669012,0.5982441,1.076125,0.17503352,2.1058264,1.5315211,0.019687166,0.23775075,1.631803,2.1135538,0.046128135,0.20500553,2.68066,0.91987383,0.37745085,0.0017374039,0.09997473,1.1964468,0.0,0.572783,0.07045475,0.710874,2.0060942,0.16146071,0.009241074,0.00653857,0.42145988,0.025958532,0.71400017,0.049243245,0.0,1.1277375,5.7244,0.279014,0.27946156,1.5776314,0.2697766,0.30823553,1.0594777,0.1776444,0.7754573,0.33528078,0.33073884,all_pothole_images\pothole_images_image_137.jpg
0.9464146,0.4837261,1.0089991,0.6875089,0.8691587,0.28244194,1.4875183,0.31714696,0.69467515,0.65882564,0.34970868,0.9458916,0.91851276,0.7103008,0.39172044,0.51767534,0.37982666,0.2118132,1.2855593,1.4508117,0.11782488,0.1682021,0.9455521,1.2922722,0.7384674,0.3517919,1.1621139,0.8431246,0.037107546,0.061510596,0.49321017,0.019122029,0.81479114,0.65721285,0.76435024,0.40825492,0.09555356,1.9428738,0.3008685,0.5128368,0.18902142,1.444426,0.03696246,0.7303262,0.11273411,0.6249839,0.89323133,0.13801183,0.60466695,0.3649235,1.2307382,0.950521,0.992126,0.5011064,0.40385187,0.6935853,1.4701366,0.84509945,0.042712327,0.48326156,1.0141822,0.5040186,0.49304852,0.13571033,0.9599992,0.86900234,1.7164502,0.37962562,0.16768406,0.47914696,0.009386331,0.24107574,1.0424672,0.40860054,0.2403862,0.679072,1.5694673,0.22288996,0.34407556,1.3214693,0.34719625,0.19705197,0.23530637,1.0337619,0.483801,0.54050815,0.07933526,0.50815815,0.85495305,0.007976974,1.1119319,0.5941508,0.8343385,0.2003326,0.46751568,0.020192627,1.2044021,2.0335062,0.42185313,0.069393165,0.11876507,0.05969784,0.6338259,0.72640646,0.06679713,0.22324336,0.69724107,1.0881096,0.005095892,1.0213481,0.9871552,0.869715,0.034393165,0.8389638,0.14221884,0.8432461,1.1831716,0.21076219,1.5446365,0.5859992,1.3669779,2.3194525,1.6658431,1.3945804,0.7440883,0.1411718,0.045140177,0.4362339,0.295946,0.9053073,0.8222424,0.68658984,0.853097,2.5439024,0.42631316,1.2253637,0.20449412,0.14973141,0.6541024,0.03902354,0.85617834,0.46818203,0.0036206043,1.5928437,0.84928256,0.12550737,0.044256248,0.1799693,0.4916347,1.1134893,0.57715255,0.012947865,0.23341587,0.43207353,0.4757544,0.21030772,1.4521011,0.5202493,0.003092059,1.8960888,0.70535135,0.052269388,0.27389145,0.9041029,2.890308,0.16964264,0.8369625,2.0735235,0.16609566,1.8627198,0.30766755,0.19357339,0.27405864,0.3216267,0.004686069,0.021849565,0.5637017,0.12133765,0.49718964,0.8445492,0.0,1.4279095,1.820729,1.2071825,0.9618326,1.4392718,2.1407738,0.047127344,1.0428716,0.090861864,0.29521272,0.0,0.106085524,0.82220787,1.3248107,0.31496423,1.1103039,1.9739585,0.5834812,1.6621329,0.51431155,3.124256,0.025849469,0.728107,0.28993112,0.5650096,0.79789644,0.08878169,0.69053906,0.5671399,0.23194192,0.06392593,0.53759277,0.6750547,1.4064856,1.2515448,0.47195676,0.16197598,1.7105787,0.11071887,0.19473533,0.18645008,1.6708852,0.7247182,0.22682482,0.6087651,1.4945899,0.13473326,0.62974113,0.86303675,0.3955821,2.3237681,0.10752473,0.5873072,2.1156027,0.6081824,0.84513295,0.43862787,1.0000807,0.063937075,0.6413673,0.38503268,0.26402116,0.54651177,0.1820888,0.42898634,1.1729764,0.6866015,0.67765415,1.5288036,1.2324682,0.13005406,0.0687466,0.77266335,1.2881057,0.16212691,1.0258117,0.416061,0.9092697,0.86135185,0.5784148,1.2219485,0.76794976,0.6719492,0.0065670074,1.2069602,0.72510785,0.004629112,0.37434795,0.6319548,0.14081219,0.2498415,0.0018428545,0.28800118,0.2921518,2.6165814,0.5636613,1.1913463,0.8603377,0.22593862,0.2789049,0.7155122,1.3704633,0.013464828,0.40592745,0.15172271,0.40623567,1.1644106,2.2029495,0.20857038,1.6937433,0.626365,1.2996522,0.57903886,0.084695816,0.3158225,0.3827924,0.48874435,0.104189366,0.24991414,0.17078617,0.42991954,0.05171061,0.8379429,2.0053122,0.57565427,0.6177834,1.0495588,0.79182494,0.15446799,0.84818506,0.17943153,4.348125,2.995132,0.13444859,1.0600584,0.18150806,0.41945934,1.6433566,0.5054896,1.0229479,0.2487471,0.13674253,0.53047496,0.4944209,0.32586968,0.6868432,0.48739573,0.037326008,0.42372388,2.6549149,0.75152266,0.6354882,0.33060765,0.47897884,0.62989384,1.8920941,0.43328416,1.0514008,0.72444963,0.47082728,0.21210614,0.6809248,1.0427359,0.20807324,0.28281772,0.24676968,1.0201263,0.9289284,0.19188043,0.33063492,1.2927059,1.3649021,0.5917715,0.07218395,0.21698363,0.32813117,0.7487725,0.8407116,1.3412831,1.6149111,0.7527752,1.1381774,0.32759696,0.15412469,0.4606222,0.3611213,1.3998026,0.8748226,0.7356974,1.6007184,1.3453816,1.235654,0.65544456,0.9810965,0.26379013,0.29740033,0.9336401,0.5309858,1.4052927,0.9943497,0.05123608,0.5419067,1.1101418,1.0853705,1.612653,2.2449934,0.35397413,0.49778762,0.48233303,1.8335508,0.42271975,0.7035823,0.9969694,0.43165183,0.4038605,0.54804504,1.0308293,0.6849702,0.0005736156,2.182891,0.11553732,0.16244806,1.1854062,0.087401114,0.9585643,1.3631994,0.33829615,0.41757926,0.38222668,0.6718253,0.6674447,0.8402334,1.0088788,0.69331294,0.24641764,1.7757814,0.597081,1.0716071,0.32677984,0.39139444,0.3799004,1.5250922,0.65704066,0.7853402,1.4726335,0.2386064,1.5543046,0.12942398,0.117468014,1.0166667,1.0394751,1.2417674,0.7205241,0.39779833,0.7892742,1.4076544,1.1733042,0.41912004,0.056574382,0.15915523,0.10566244,0.18450929,1.0067164,1.6383812,0.7839194,1.2370135,0.4257247,0.12936677,0.21615279,2.359558,0.47638467,0.6914475,0.37065765,1.3547388,0.32577747,0.93363076,0.7415164,0.2540488,2.9364934,0.80090696,0.31054476,0.9095879,0.08842364,0.48669535,0.6277274,0.23174548,0.18270136,0.5615538,1.4299031,0.5998554,0.6759728,1.3708522,0.35860944,0.6424779,0.25982124,0.7246844,0.84975666,0.71422666,0.62535185,1.3774003,1.4665186,0.89992446,0.18953651,0.16462314,2.089203,0.7044648,1.3475994,0.84484893,0.45769578,0.02991287,0.8558061,1.67658,0.04235107,0.28439346,0.49581426,1.3723547,0.6269982,0.04564183,0.74517125,0.8762695,1.2989869,1.082066,1.2265012,0.68545306,0.42651328,0.1756582,0.83081347,0.2219728,0.08075481,0.7544825,0.30449775,all_pothole_images\pothole_images_image_138.jpg
1.3261389,1.3731564,1.3845332,1.7040564,1.4104952,0.2451953,0.6477078,0.1486898,0.2362598,0.49452838,0.38758895,0.032721285,0.08426921,1.6960442,0.6358409,0.27542025,0.033051874,0.026495134,1.165213,0.5538158,0.21215509,1.9658631,2.3671718,2.2372537,0.35417843,1.5560985,0.5631965,2.184887,0.036599085,0.35726732,0.7427453,0.03198935,0.99910355,0.1725247,0.59929645,0.1316336,0.80172205,1.332722,0.06791972,1.4386551,0.5799544,0.37951022,0.7052086,0.86674094,0.2952828,0.9405091,0.09812515,0.4359942,0.32140744,0.10358852,1.3586987,1.034561,0.94566244,0.4644945,0.8084259,1.5110422,1.3171041,0.0,0.48936826,0.026957853,0.37972748,1.1223375,0.9976808,0.036002535,0.4254925,1.9594382,0.51924366,0.052011255,0.37347165,0.68137515,0.20475349,0.5683845,0.65222704,0.16229801,0.23396888,2.5830152,0.31504908,1.4417299,0.43772092,0.038546193,0.08847594,0.043860942,0.33537334,1.018493,1.4286629,1.2549975,0.14126544,0.14341018,4.488912,0.10493328,0.37612256,0.116302274,0.10907205,1.142661,0.31073755,0.05293122,1.5443305,0.7162809,0.833469,1.0247998,0.031370156,2.1347923,0.32503885,0.14785884,0.575867,0.68747413,1.091669,0.13769622,0.010213456,1.2391899,0.5676096,1.8430405,0.8806995,0.55988514,0.5257859,1.8032099,0.6016328,0.6186572,0.2364232,0.5906623,1.1611723,1.4350771,0.79581815,0.5934656,0.8292286,0.7701226,0.23063508,1.3751149,0.24952771,1.0633173,1.5159286,0.07680073,0.66747135,0.29905662,0.16862309,1.4317694,0.07874486,0.9024438,0.72435606,1.0866817,0.34774387,0.17046873,0.10845321,0.6970892,0.6677199,0.7106514,0.33998758,1.6948035,1.2964357,1.5342404,0.29170573,0.98958343,0.10093888,0.23713876,1.671961,0.37409428,0.77947724,0.8460717,0.19853124,1.035586,1.495074,0.8463748,0.1919208,1.2735254,0.7027708,0.772311,0.4247535,0.8502098,4.0672016,0.36535734,0.5773906,0.19681154,0.1010669,0.42158934,1.8355731,0.4404997,1.0340939,0.24205676,0.014862092,0.35491234,0.21914689,2.318424,0.82137656,1.4861081,0.9403652,0.6648712,0.48653924,0.6114712,0.037449848,1.0208085,0.7360353,0.23152614,0.044030815,3.1753647,0.17752776,0.433182,0.57999706,0.7155935,0.40316615,1.5573695,1.0877646,1.1616452,2.0137615,0.4556304,0.6938249,0.022027114,0.29187313,0.19908683,0.3179759,0.39832282,0.7209217,0.9310667,1.6873126,1.3726631,1.00852,0.6003681,1.2522293,0.6206089,1.5006715,0.32577848,0.7863025,0.08823844,0.37731698,0.43964136,0.9279155,0.31690845,1.8468325,0.9075498,0.8881196,0.16871162,1.2002106,1.8112755,0.23008487,1.2649156,1.9383581,0.1507319,0.9702228,0.33928668,0.0632293,0.0,0.8110276,0.40029213,0.5556915,0.5411523,0.21145865,0.22502708,0.39388025,0.6904745,0.43402827,2.635601,1.1196532,0.16035286,0.34955665,0.43606916,0.13010143,0.0,0.29021114,0.34185052,2.0528948,1.9318004,0.37394804,1.237838,1.2608675,0.5232189,0.022843204,1.2510866,0.5846798,0.66901606,2.0074377,0.098326586,0.065156214,0.09747683,0.1418553,0.16488458,0.8760265,1.0195419,0.9193554,1.1389555,0.33166316,0.7739093,0.0010658235,0.7802437,0.5289752,1.2741536,1.378124,0.88588595,0.7433062,1.2305332,1.0991024,0.05032513,1.0341061,0.7670157,0.13518348,1.9749917,0.46947423,0.32006103,1.2282134,0.024951873,0.109663375,0.9358582,0.17351264,0.5099411,0.6080524,0.8802911,2.1573715,0.13519694,0.13737252,1.2028402,0.68962157,0.06300243,1.1799611,1.5556653,2.518178,1.4445096,0.0,0.2512559,0.08720834,1.87054,0.31232312,0.43613243,0.14460823,0.7125647,0.15658581,0.53681725,0.35724342,1.2095021,0.48271662,0.34291458,0.1556092,1.292686,1.4009289,0.09752747,0.10033058,1.0275961,0.7366903,1.7486238,2.731136,1.3776321,0.24222763,0.0716049,0.71109796,1.4428803,2.7563262,0.0690195,0.26251307,0.11846803,0.4876792,0.05777487,0.06700101,1.683181,0.28763133,0.32147604,0.5830298,0.17366646,0.100322135,0.24734582,0.6132171,1.4726201,1.5223364,0.6930042,0.09652797,0.034640603,0.50036514,0.9057401,0.11918418,0.13626343,1.2941378,0.57693887,0.6153573,1.0466989,3.5549788,1.3841453,0.734957,0.06500286,0.7075404,1.1594707,0.2100291,0.2854911,0.795784,1.908547,0.38585174,0.12913944,1.8871862,0.49911818,2.7170236,1.3252863,1.1512643,0.6520134,0.3963912,2.7652175,0.87241423,0.605812,0.011805515,0.2537623,0.30876094,0.0,1.742433,0.1882868,1.3006891,0.110606834,3.589188,1.8600999,0.37939847,1.186238,0.8812656,0.4179929,0.74111265,0.0,0.46094936,0.18958272,0.16300528,0.051143363,0.90588254,0.5685102,0.047860343,0.7197057,1.1796613,1.2236142,0.5639321,0.00801381,1.5231649,1.7390763,1.9190888,0.88843113,0.8253727,0.80007464,0.97409767,2.2958488,1.1739938,1.5025373,0.14206497,0.27880308,0.42198336,0.6923437,0.9506387,5.571664,0.9422433,1.2321225,0.5438873,0.009415032,3.0055015,0.11229818,0.15706234,0.16910711,0.5235378,0.85442036,2.644784,1.0549682,1.1647128,0.9918376,0.2987182,0.33598664,1.2280604,0.75920135,1.317386,1.7717593,0.34758502,0.02886214,0.19179888,1.2580891,0.9522855,0.104943655,1.8903631,0.6728752,0.9272599,0.5026467,0.5129353,0.59966344,2.7071197,1.7212837,1.4308647,0.50149995,1.3753287,0.53905624,1.3709083,0.5242715,0.16244254,0.26162565,1.8354464,0.5032561,2.430318,3.606602,0.8019211,0.7816915,0.10434851,1.6097758,1.1149659,0.56759816,0.90788704,0.20236358,0.811771,3.9253116,0.09929827,0.38060588,0.39259502,0.0,0.026358657,0.28072578,0.359601,0.028863402,1.4478441,2.4303513,0.26741394,0.87154114,0.57254523,0.5477911,0.48013842,1.3110951,0.19025919,2.35771,0.32829723,0.26992086,all_pothole_images\pothole_images_image_139.jpg
0.8777981,2.426198,1.5802538,1.008347,0.8990024,0.8612015,0.42170897,0.43312192,0.5381813,1.0125611,0.5184461,0.73851275,0.6191839,2.347834,0.6449497,0.28357676,1.4998416,0.7518042,0.22432697,1.1217035,0.8955407,0.67248034,0.33504066,0.7588866,1.3002431,0.9214556,1.1477147,0.8313667,0.62531066,1.0836456,0.22597945,0.13789408,1.3149242,2.1753957,1.4994843,0.7977197,0.5477559,0.92707705,0.20441964,0.402282,0.19327463,0.921664,0.2071729,0.19067313,0.5892462,0.84123313,0.16541208,0.18492985,1.0032091,0.59073395,0.54682726,0.17025274,0.58827883,0.28551722,0.10366029,1.3868545,0.81391907,1.0709785,0.15246414,0.21499495,0.4880036,0.3968083,0.8330251,1.280919,0.8055491,0.093538985,0.71287864,0.25283515,0.3588693,0.87565815,0.6145475,0.3105547,0.16489266,0.6868037,0.113936424,0.6406205,0.88839704,0.61688,0.96538174,0.20057413,1.3081777,1.2051163,0.7484481,0.47372139,0.67368656,0.646912,0.4208517,0.32616118,0.7127142,0.00229684,0.76767427,0.46827024,0.37182078,1.6616743,0.28177488,0.50087637,0.5887753,1.1299294,0.5753293,1.2774737,0.65619123,1.1257238,1.2409558,0.8120159,0.21961474,1.623528,1.1929196,0.198673,0.42781112,0.5700392,0.73246825,0.5497696,1.9664412,2.0144792,0.75780016,1.0088915,1.2810183,0.81022954,0.92036265,0.32862788,0.74271655,0.74306816,2.43867,0.5316626,0.7686742,0.03848077,0.6160083,1.338133,1.0181085,0.99315006,3.439388,0.5546844,0.48088917,1.2506487,0.5004661,1.4700689,1.0277997,0.26122862,2.560169,0.23296718,1.1119821,0.73075414,0.68604267,1.7615021,1.2020439,0.6197757,0.15459429,0.20570135,0.58499795,0.6619489,0.1513585,0.951115,0.3289714,0.5932589,0.47732246,0.7840831,0.7865476,1.681428,1.3460705,1.0104765,0.9964008,1.6835216,1.1028439,0.7105596,0.39605305,0.71573234,0.8319259,1.1564548,0.928697,1.4258068,1.2499101,0.33100423,0.46348777,1.0449111,0.75193655,0.56047565,3.625326,0.43257707,0.85288644,0.73626494,0.046211265,0.13872308,0.23069604,1.2775711,2.764568,0.18433806,0.625181,0.1914895,0.33084473,0.80300534,1.7494372,0.35777625,0.45574638,2.1645088,0.71186495,0.64416456,0.5844433,0.47121522,0.6400225,1.329902,0.38172233,0.09082015,0.8879728,1.0658054,0.78080624,1.4376636,0.27383745,1.0215877,1.6441538,0.91348296,0.22425772,1.3472618,1.1293505,0.8239296,0.8291766,0.8716345,0.48497117,0.1323545,0.40861595,0.48277536,2.1761403,0.34302106,0.893921,0.1356362,0.23848706,0.3878884,0.54284096,0.9021268,1.5070469,1.0046495,0.2526981,0.8162431,0.6854413,0.83874696,0.29948822,0.29943028,0.768633,0.934433,0.6181458,1.5568091,0.8741456,0.016174566,0.07687026,0.8606896,0.26233804,0.14922746,0.31237662,0.68551886,1.2465436,1.695722,0.7145519,1.3640218,0.15295924,0.6337491,0.45503747,0.399849,0.7924296,0.9924071,0.571936,1.0083512,0.5543091,2.255255,0.59326863,0.27268553,0.14948282,0.39243877,0.23980638,0.88742954,0.7982651,2.134417,0.110728435,0.1860311,0.1656479,0.04307601,0.26487598,0.650118,1.0063391,0.56734693,3.0043008,0.99574596,0.30618146,0.21498796,0.40634707,0.6186746,0.8734646,0.23253308,1.0805775,1.3735443,1.8469372,0.799226,0.66143984,0.35478812,0.2876089,0.44297525,0.2512253,0.7016961,1.3147624,0.6833099,0.64301175,1.1515245,0.57353616,0.7600705,0.88183296,0.61551625,1.0132467,1.0388769,0.79959273,1.0186795,0.61618954,0.27354157,0.36332196,0.55828667,1.8543646,1.7571423,0.17567988,1.5881032,0.58579975,0.52057505,1.1078455,0.5533813,0.45492047,0.6200929,1.2599319,1.0543087,0.8592331,0.5262788,1.8444005,2.199094,0.8886888,0.90857327,1.4592685,1.2537,0.073079474,1.1026198,1.0628544,0.7804337,0.97188693,0.56123036,0.72749096,0.33106676,0.42387635,1.2446972,1.6285257,1.7767075,0.3798628,0.057152182,0.13264541,0.69903374,1.3614788,1.4762064,0.3174984,0.041305922,0.17480671,0.17060031,0.36588046,0.63904995,0.9073131,0.4882058,0.13123511,0.28439054,1.0032028,0.54973793,0.32989654,0.47960263,0.3710128,0.30160013,0.9748584,1.3903232,0.067895174,0.1048339,0.8587108,0.75253254,0.6877112,0.66252923,0.15913086,1.2971588,0.3561012,0.67304134,0.98780876,0.66867816,0.46249977,0.12202689,0.57431614,0.91349924,2.9227288,0.65351444,3.0889475,2.7645574,0.13917631,1.6574043,0.48811954,0.2284052,0.25898013,0.53894204,0.5122584,0.04045037,0.85616493,1.5482104,0.3709119,1.0050006,1.3210807,0.5170327,0.14744307,1.1361979,0.1955537,0.30161557,0.79459006,0.29818106,1.3432764,0.20976087,0.07679221,0.4435278,0.5613382,0.64449316,0.16148567,0.51394856,1.1609538,0.652159,0.276734,0.44335517,1.6947578,0.6641492,0.9659142,0.7845789,0.91269666,1.5604076,1.2755827,3.5418262,1.2112857,1.190918,0.43983072,2.1694055,0.31878775,0.36640105,0.22397509,0.5531423,0.7619602,0.7548859,0.08175481,0.38269818,1.6021545,0.9452086,0.30886558,0.68800086,0.35612953,0.8249285,1.7022748,0.7028392,0.48577705,0.31275094,0.34315556,2.2916112,0.33137053,0.115817904,0.5369163,0.09015357,0.51069385,0.11958898,1.2957274,0.21101318,1.1625031,0.59294564,0.47361094,0.570267,0.48175943,0.37951303,0.19420809,0.10800411,0.60136515,0.565205,0.089688554,0.47884914,1.4795526,1.140379,0.18597996,0.04826791,0.76369447,0.69283664,1.0478903,1.6860566,1.1833274,0.7601184,0.3213,1.2516,0.18951711,0.48478934,1.0779399,0.26995447,0.67058545,0.14267175,0.36696088,0.68336254,0.76283497,0.61785454,0.06868537,0.18368393,0.044427004,0.2990955,0.15816621,0.19923486,2.069186,0.4546828,0.24325123,0.9618083,0.39665225,0.8753269,1.540274,0.7565955,0.116012305,1.7531229,0.6139128,0.6742611,all_pothole_images\pothole_images_image_14.jpg
2.558964,0.5198247,0.0,1.768385,0.003841716,1.416119,0.12637453,0.1754949,0.06879648,1.3218303,0.74354297,1.6595973,0.0,1.2847968,0.11546663,0.91292626,0.08705416,0.033146784,0.051996455,0.1470735,3.3742583,0.6217492,0.55666524,1.3180374,2.2179153,0.74366266,0.007898837,3.8148952,0.65105003,0.5524745,0.15526284,0.722553,0.106233545,2.3233342,0.20854482,0.52227694,0.0054527055,0.33310246,0.64323515,0.54123175,0.0,0.16185242,0.47336695,0.8812457,1.2806531,0.9999999,0.0,0.046289112,0.52761495,0.7507697,1.4881594,0.0015627942,0.6119349,0.07436385,0.1616117,2.9561493,1.5111909,1.1786783,0.0,0.04068213,0.08780166,0.10165288,0.08964349,0.117176324,0.9113931,0.21449763,0.55482775,0.0030898433,5.0862847e-05,0.1219714,0.8528282,0.35094938,0.73558354,2.3992753,0.39263144,0.89064413,0.032541517,0.71845055,0.0013657712,0.42884433,0.15806054,0.47706553,0.34390748,1.5030365,0.14215294,0.0,0.18536586,1.1456168,1.8455222,0.36217993,0.37354425,0.0051263273,0.095313944,1.197149,0.29743594,0.14568716,0.10507444,0.07806105,0.028018016,0.80751014,0.20247288,2.5936058,0.2306268,0.03929855,2.212036,0.20999339,0.08080494,1.5902305,0.0,0.42270553,0.0,0.38118425,0.86821693,1.5006735,0.53374004,0.08255664,0.6101696,0.45781544,3.0288732,1.1288539,3.228031,0.83794075,0.0,0.7199852,0.9891795,0.85447615,3.8653495,0.8208433,0.34623376,0.027449587,0.05550209,0.022608848,0.016694663,0.5088084,0.7403174,0.03235989,2.0767078,2.0256448,0.47121632,0.013813971,0.13522637,1.4333453,1.077585,0.028310569,0.0038010678,1.0483217,0.0,0.95210826,0.9225189,0.14013213,0.5102105,1.1883439,0.008160386,0.26503524,1.6354071,2.801205,1.2674886,0.27915198,1.6391639,1.1687605,1.4621954,0.4764093,0.32855877,0.71455014,0.65424806,5.403594,1.7752045,0.047173217,5.0261226,1.7313234,0.029775746,0.0010535155,1.4429697,0.13192862,0.01249838,0.7926636,0.9036569,0.19732256,0.101253875,0.6755885,0.1475118,0.9851649,0.75948286,1.0521747,0.8962041,1.2492126,0.0035658097,0.3263555,0.03641769,0.26436612,0.0,0.017049486,1.2461138,1.7535808,0.5470747,0.3684344,0.90379167,0.093779296,2.0383768,0.17172444,1.3390468,0.6286576,0.10841141,0.28931874,0.004852106,0.036836833,0.88815314,0.03894662,0.91187817,0.937114,0.14995138,0.0060593053,0.19585012,0.23435767,0.2381191,5.806719,0.00790072,0.2829925,0.21498913,0.26817593,1.1603155,0.0804336,0.77422416,0.21787351,0.0,0.1535163,1.5040065,1.0525644,1.5195304,0.8578822,0.20324703,0.0031491606,0.29056695,0.15684973,0.08061407,0.04051712,2.3065286,0.010496763,0.045154024,0.39063638,0.34085986,0.2100059,0.86023974,0.15652354,1.1106966,0.013613661,0.04223553,0.114066154,1.4242046,4.3169837,0.52869314,1.9917437,0.09796833,0.1423418,0.15311907,0.1268115,0.4875042,1.4341481,0.16425437,4.4169827,0.0,0.05000846,0.8786744,0.0,0.0012450741,0.41125965,0.6466244,0.0,0.20247637,0.40035734,0.9635903,0.0,2.8145144,0.090708554,0.31800815,0.169722,0.0023516605,0.047929622,0.6591197,1.3940161,0.38139307,0.32575232,1.5840923,1.1471888,0.0429286,0.29735363,0.66638106,0.0,0.87606657,0.01634619,0.0,0.15004697,0.006670298,2.1481178,0.6489835,0.62449944,0.16051039,0.1721809,0.010334225,3.2250845,0.79729724,0.34403193,0.4685356,0.9559359,2.2258024,0.98983926,0.027872669,0.0058284746,0.386533,0.07764083,0.55925506,0.3888685,0.9143367,2.2115142,0.18260062,0.28064156,0.0046185274,1.5139858,2.8667574,0.34380648,0.25819138,0.004381982,1.322512,1.9131211,0.025503924,1.4670908,0.061431386,0.112069875,0.060033027,0.44501197,0.80560327,0.13437353,0.30875677,0.0,0.36483693,0.32797283,1.2791424,0.86024225,0.49282506,2.1724913,0.5656139,0.20314987,4.548402,1.4708471,0.3490073,0.10750675,1.2682638,1.4594278,0.11143079,0.0,0.0917381,0.7939936,0.005264183,0.41613737,0.0946997,0.008487642,0.22832952,2.7390697,1.496312,1.4265568,0.032115348,0.08626351,2.0346246,1.2131339,0.09693133,0.19454685,2.0038922,0.032217864,0.46636423,0.020670192,0.3523173,0.17631823,0.30952588,0.017036064,0.0,0.003767612,0.10096709,0.038674727,1.2701751,0.27352178,0.0066200574,0.12778878,0.039359808,0.55170214,2.7215428,2.5656886,1.2610978,0.025359767,0.067621544,2.2996917,0.5011503,0.10060821,0.0,0.026740586,0.0013278285,0.43486506,1.7456048,0.43315953,0.23859806,0.39919218,0.23482665,2.7096364,1.4879212,0.017496515,0.45631868,1.6892934,0.2844975,0.2113633,1.5448203,0.6282691,0.65122586,0.1167113,0.0,2.4422948,0.0,0.14604312,0.46970114,0.49192008,2.145483,1.3041657,2.9294586,0.5221584,0.9811895,0.6671893,3.146349,0.20710135,0.9049732,0.20502253,0.5324807,0.59479535,0.34743467,0.19597076,1.5481409,0.91165394,2.7984784,0.5860475,1.1755288,1.2258555,0.0,0.1065063,3.2276094,0.0,0.01318487,0.0,0.043988593,0.0,0.017509645,1.9150022,0.0031930157,0.5873224,2.4286168,0.82011926,1.6204457,0.6740095,1.0499299,0.20905681,0.9760067,1.304353,1.1846105,1.7086608,2.7692223,0.16972014,1.081948,0.5632689,0.9318731,0.0,0.5926362,0.0019369185,1.4640957,1.4878094,0.0056382394,0.05010234,0.039546985,0.30316353,2.3309493,0.0,1.3318942,2.549668,0.01401993,0.08589453,0.0,2.1697865,0.16492799,0.694304,0.65006405,0.0728104,0.5455519,0.038482834,0.1061059,0.0,0.2256295,0.2755476,0.042828757,0.03549762,0.0,0.4767142,0.142794,0.43352592,0.9008827,0.08599704,0.070536405,5.10419,0.23997293,1.0895317,0.0,1.6404866,0.09909149,0.008454267,0.0,0.4361411,0.18314835,0.32518938,all_pothole_images\pothole_images_image_140.jpg
1.1964492,2.421047,0.88636297,2.356558,0.2604888,0.7711741,1.3970134,0.00214472,0.32624865,0.9651319,0.44795933,1.8754578,1.2922825,1.5671381,0.5576142,0.4495266,0.38556665,2.7319117,0.96204233,0.45793116,1.3296885,0.87314886,1.0961227,0.90911084,2.369842,0.5235843,1.4107884,3.110967,0.2962473,0.058606338,1.3107361,0.02965287,1.3195059,0.29389334,0.82731706,1.8516796,0.07460449,1.42872,1.192777,0.27103812,0.00050458685,1.7407407,0.07677511,0.22114605,0.35660446,0.45003474,1.6466479,0.77296275,0.0048830034,0.22375597,0.005868578,0.39144242,0.83314365,0.1652627,0.033929013,2.1461804,0.74808687,0.2375257,1.0576289,0.50923675,0.86928946,0.13810147,0.98792976,0.3855274,1.2217499,1.2548094,0.4258401,0.120384485,0.41826177,1.6712761,1.0063694,0.25924888,0.3521186,0.09341133,0.14676586,0.036859155,0.24099824,0.28333533,0.008630947,0.040321242,0.6170337,0.09814086,1.4601046,1.0269673,0.31003702,0.02365001,0.23765221,0.07293587,0.76325125,0.0821093,0.15818095,0.7871721,0.15442412,0.18569833,0.6727527,0.09495314,1.6965364,0.84227455,0.285647,1.0053047,0.404419,3.3195307,1.2405138,0.12777792,0.613671,0.2944004,0.116065,0.60746443,0.48713657,0.48769674,1.8462831,0.8257974,3.229286,0.9284439,1.4325984,0.4268042,0.15128458,0.17492525,0.32819444,0.75913846,1.6542275,0.28115156,0.7649826,1.5564743,0.46067888,0.2589995,3.4022546,0.5440202,1.4264607,0.10563517,1.2211055,0.11797248,0.017928835,0.16913314,0.39971676,2.3563342,1.2106788,0.17987555,0.5156917,0.16468884,2.6262424,0.83171004,0.9884983,1.5626955,0.24942766,2.628791,0.29657903,0.70687103,0.18902926,0.1433068,0.8039688,0.5316812,0.028566428,0.08305047,0.6073387,0.45322776,0.65908307,0.08145268,1.530956,1.0935419,2.4317374,1.4176393,0.12390804,2.6706688,1.9193654,1.7032009,2.5620203,1.008007,0.9729398,2.03267,0.6817173,0.5257217,0.07191208,2.983929,0.2592575,0.42448848,0.36385655,0.47837347,0.3304051,0.37584978,0.14058049,0.9558568,0.9586268,0.46456018,2.3843002,0.066159956,1.0984628,1.0122769,0.37668943,1.5466819,1.0340871,0.46363893,0.28096363,2.4141214,0.66624224,0.2138441,0.38066292,1.9067771,0.21577609,0.7401205,0.31638536,1.0492239,0.28578222,0.9330719,0.139203,0.35936654,1.5345384,0.44543087,1.3804394,1.7986728,0.0,0.8601208,0.6291737,0.0,1.9907888,1.8019716,1.4611939,0.9995989,0.50922155,0.2557757,3.9599204,0.123170376,0.9759904,0.28849486,0.0,0.32143617,1.6372429,3.2469528,0.65113664,1.4116105,0.8535292,1.7640148,0.96621656,0.39225465,0.36400592,0.0401096,0.87492555,0.37775636,0.95795566,0.26158452,0.051001158,0.051079467,0.94718176,0.03291694,0.1175676,0.8343446,0.8917908,0.18174267,1.8052328,6.1894855,1.1346122,0.2545819,0.11215434,0.66712785,0.06728429,0.5534968,2.0406454,0.8630894,0.7711239,2.7523112,0.3696367,0.17356898,0.6520407,0.6586108,0.0023648415,0.71025777,1.768441,1.3468817,3.3098075,0.10954476,0.29969853,0.7281989,0.018890658,0.50477594,0.5911391,0.6848747,0.18104394,1.5984682,0.46213835,0.7205392,0.8648492,0.013674492,1.3639348,1.2495403,0.4795636,0.09536833,0.80126965,0.106847905,3.82302,0.20736997,0.61315745,0.34612468,0.4705901,1.0305241,0.13765585,0.63673115,0.9804739,0.37973073,0.2276543,2.5168035,0.07330032,0.06816825,0.2782966,0.057698205,2.8349826,0.028807938,1.2843959,0.2979856,0.14516816,0.3630716,1.1784087,0.93324244,2.226164,1.7064781,2.2244055,2.4529722,0.24683844,2.0926976,2.2538729,0.60602987,0.3435308,0.045596812,0.9597293,0.7613575,1.5704203,0.18678558,0.18279147,0.13967957,1.4723744,0.2379207,3.1043084,0.33051705,0.38464066,0.531383,0.059207126,0.0048758867,1.342059,0.72154015,1.5224752,0.15940817,0.066487536,0.1543953,1.5341028,0.8171901,0.30819204,0.8899231,0.44924358,0.6247143,0.3213919,0.5053764,2.9352224,0.04922813,0.30583578,1.3749433,0.03381033,0.09821812,0.014518336,0.7466028,0.0558576,0.082167864,2.1691964,1.9209753,2.2261393,1.3234022,0.0148768835,0.0,1.3926747,0.0788451,0.4272278,0.7837409,0.18650782,0.16820094,0.34904698,0.45670375,0.49356684,0.22554219,0.018471828,0.7603899,1.2911942,0.33434576,1.8428127,0.24280329,0.36255512,1.7415025,1.4799464,0.14179295,3.9312096,0.12931734,0.03326219,0.90394276,1.143932,0.75477827,0.02641992,0.30640683,0.062825345,0.30135345,1.3028198,0.31795037,0.20130385,0.5570083,0.26158974,2.3316844,0.53245056,0.77779573,2.0391352,0.02956939,1.5245458,1.4597541,0.077371486,0.68927765,1.936385,1.1266614,0.18164895,2.8224716,0.7806694,1.618898,1.0576812,1.155877,1.9789048,0.3467517,3.642522,0.5602705,0.9595048,2.450188,3.0845907,0.24720594,0.47333264,1.1417292,1.4470879,0.5034466,0.6859241,0.28150815,0.0704622,0.34074,0.43731517,0.95424956,0.14455731,0.44551697,0.21399927,1.549018,0.6556308,1.5676295,0.16735752,0.01471562,0.08175979,0.028250897,0.70247763,2.4396348,0.37518224,1.4790995,1.8065114,0.653567,1.0509868,0.31161797,0.5668848,1.1705997,1.0967498,0.19216406,0.18565987,0.15849043,3.2485282,0.23807552,0.20066985,0.6663972,0.45335114,0.5124366,0.007221862,0.0,0.42156196,1.7199118,1.7208124,0.762389,0.27954334,0.9629834,0.97654307,0.02938526,0.8308576,1.5011655,1.4929099,0.12557442,0.69863164,0.31717846,0.6570389,2.6018732,1.6737025e-05,0.44881952,0.41726932,0.012467912,0.69962,0.16177572,0.7716302,1.1319743,0.43894833,0.7865979,0.0,0.5612773,0.7627277,0.0012383269,0.89205855,0.14379108,1.0289748,1.4755391,0.19866104,1.5026826,1.3299469,1.1479944,0.64733905,0.13488773,0.43737915,0.3226916,0.11453384,0.8750776,all_pothole_images\pothole_images_image_141.jpg
0.44373336,2.2697866,1.3121629,1.6600578,0.872459,0.23720723,0.823519,0.13957803,0.37995255,1.2997401,0.14067742,1.5464208,0.059910346,1.8218136,0.5023379,0.843103,0.3785614,0.7784326,2.3565164,0.38691252,1.181298,2.3408055,0.42065966,0.861086,0.31656608,1.2461661,1.0705522,3.6494625,0.24203415,0.20677842,0.7892602,0.051395882,0.42852315,0.289487,0.6344875,2.0829318,1.4006943,2.2298992,0.61437607,0.6277663,0.45142674,0.31667742,0.40354252,1.4006604,0.7006702,1.1725341,0.22554253,0.4359014,0.20786908,0.7303844,1.9543372,0.29817656,0.488367,0.61590177,0.2481639,1.6351056,1.5000763,0.02111322,1.0626497,0.3007524,1.0636561,1.417591,1.4271209,0.5144002,0.7811321,1.2249999,0.6325524,0.08168239,0.20215034,0.51133657,0.20547473,0.882438,0.54373837,0.38266298,0.9253451,0.9202821,0.7797719,2.0903707,0.08994018,0.15669307,0.8958245,0.035034943,0.35043883,2.0918608,0.8449687,0.10775799,0.35873374,0.16793978,3.6952775,0.20500839,0.1851179,0.11231837,0.17257817,0.27328485,0.19888146,0.0,1.1436973,1.8398572,1.4225545,0.9658477,0.31515944,3.0607984,1.0635803,0.70771915,0.32023492,0.107544996,0.7778588,0.06027859,0.18241483,0.9289803,0.057510152,2.5200453,0.7729693,0.034860402,1.0376755,0.50787354,1.6067156,0.9934337,1.8509427,1.3336803,0.5758276,0.54523367,0.47065803,0.82707804,0.32140386,0.46994114,1.5384668,1.0986856,0.33123899,0.30250436,0.6773896,0.07092472,0.35123068,0.181147,0.0024430708,0.40923098,0.48233902,0.67506903,0.3553462,0.11967431,1.209879,0.062822126,0.18200457,0.9866722,0.7500713,0.9270312,1.0422269,0.19178323,1.0522245,1.4732012,1.6866274,0.98234946,0.0056982655,0.14031474,0.8768974,0.73607713,1.1712948,0.56217766,0.83831674,0.9826108,0.98479015,1.9420972,0.43939573,1.9300143,0.27569813,0.66841877,2.5463607,0.9073375,0.5065344,0.7523634,0.16278416,0.19168277,0.3034956,0.71765345,1.2482209,0.14688946,0.119256504,0.0429273,0.5776524,0.36962283,0.18379714,2.5341175,1.5571712,1.0351807,0.95361537,0.51446974,0.26256582,2.4329274,0.036126953,1.1313329,0.50285834,0.44565,0.0382108,2.1267467,0.03174103,0.1049088,0.90496993,0.30313376,1.7057457,0.41619518,0.16291744,1.1641631,0.7764403,0.25553408,0.547733,0.18371597,0.2671427,1.464458,0.23779306,0.058630396,0.068026125,0.19803995,1.8926668,0.6959956,1.4550737,1.1237599,1.2473959,0.233258,0.9115754,0.2574895,2.3870096,0.015546137,0.421566,0.43864167,0.35110334,1.5579096,0.59575355,0.6002679,0.4659081,0.9105975,0.56173027,0.5601382,0.6238496,0.090102986,0.1101444,0.067514084,2.036921,0.7611141,0.02095276,0.42766246,0.2108558,0.32139742,0.27361155,0.22555555,0.40131742,0.25788268,0.91023535,0.016088113,0.89491117,3.5832825,2.7921565,0.22128552,0.6739314,0.8269703,0.24677786,1.2645522,1.5366995,1.3208421,1.7126415,2.047591,0.7094137,0.4840695,1.0588948,1.3997335,0.71607184,0.3837937,0.10925251,0.5834791,0.49691728,0.33730716,0.51565915,0.5297165,0.1619102,0.14902714,1.3927182,0.4492643,0.74054956,0.5353911,1.6248776,0.9364788,0.20424573,0.09360568,0.39005068,1.9027137,1.050905,0.88339144,1.0694631,0.58724403,1.833691,0.48138165,0.12111753,1.2558287,0.39987555,0.22324559,0.26439634,0.11097423,1.2015953,0.8190977,1.1220115,1.0346998,0.14861494,1.2170382,0.9029423,1.8388817,3.3561497,0.2799954,0.3532288,0.96389467,1.1597462,1.802667,1.8221029,1.3092287,2.9341514,0.74444276,1.3302108,1.4386251,0.73616725,1.182388,2.4559312,0.28308898,0.014302084,0.4932729,0.36906195,0.04024161,1.2481574,1.1851074,0.2495302,0.010697015,1.0650601,1.3714515,0.6918551,0.5575783,0.025162643,0.11226652,0.5523522,0.08715275,1.9041449,1.2611313,0.03969024,0.8087054,0.95643896,0.5486341,1.2232002,0.6334593,1.0448064,0.77562237,0.45024875,0.15511438,0.96651083,0.8497674,1.5512565,0.35356566,1.8411099,0.16101083,0.041918997,0.5330317,0.7659979,0.27366725,0.043245576,0.099119596,0.25905797,0.5129737,0.3343889,1.3519496,0.78293276,0.46629018,1.396128,0.7292133,0.32484123,0.13253383,0.8591587,0.49588415,1.0727063,0.506333,0.19380912,0.7633153,0.22988315,0.4164348,0.040882982,0.44086638,0.9439128,0.6015104,1.6755524,1.7953608,2.2484157,0.24470434,2.1666834,0.0,1.0835328,2.2166982,3.0532157,0.16098647,0.1644187,1.0007915,0.10962659,0.08967966,1.356188,0.10455436,0.6599937,0.49780935,0.8127925,0.6236527,0.048178263,0.7114815,0.7919335,0.0036157356,0.82792777,1.4460903,0.6842399,0.25287822,0.83399177,0.23049338,0.19855557,0.8181754,0.099975996,0.07779474,0.31285313,1.2035717,0.10077842,0.38815284,3.5974736,0.5979154,0.62463874,1.755679,1.9367661,0.7462975,0.16507724,1.4917699,0.23386835,0.56275034,0.06321341,0.18422556,0.053216636,0.6899634,1.1934367,2.4732676,0.6478025,0.81920826,0.15529734,0.5045093,2.688719,0.502783,0.23206851,0.0860672,0.25720063,0.09179205,2.523703,0.5947618,0.76286036,0.5666901,1.1723115,0.4605086,1.3560019,0.858767,1.3750983,1.0775182,1.8868994,0.64225787,0.2317381,0.7532721,0.5295864,0.08920078,1.0268959,0.38541698,0.298131,1.6586194,0.2129047,0.18725008,0.7556695,1.202327,1.1551752,1.6309154,0.6877491,0.69996136,0.4804491,0.45764172,1.2168512,0.33910555,0.827545,0.14173973,0.4402686,2.560655,0.030685024,0.52917564,0.5456941,0.2949114,1.287178,0.03370375,0.88703644,0.34145242,0.5899298,0.95591253,0.49756446,1.9954616,0.05978498,0.33005026,0.029986694,1.1502941,0.07642286,0.3124617,1.7542392,3.5113425,0.1434506,1.2176931,0.86425,0.8965144,0.33062023,0.08573622,0.21022396,0.5637084,0.102768585,0.34186718,all_pothole_images\pothole_images_image_142.jpg
0.15998504,0.43391958,0.20346828,1.8674923,0.829814,0.3784911,0.7935339,0.06955165,0.105279684,0.33962902,1.1953379,1.5964737,0.7151558,0.8893959,0.44042873,0.45596635,0.6945163,0.26304632,3.3192255,0.79449934,1.4172597,0.80401105,0.4998125,0.9064963,0.91522837,0.52900195,1.246908,1.0292804,1.6910741,0.07214694,0.4768419,0.24753262,0.73888016,0.8026861,0.13628758,1.6421723,0.3048423,1.0623246,1.0755128,1.3863791,0.1399222,0.63570464,0.16616605,1.7260154,0.58778584,1.2920376,1.0744077,0.20814382,0.6940354,0.1714801,2.2526011,3.1131656,0.2689109,1.9711854,0.3154027,1.3827919,0.4581876,0.14455108,1.0216503,0.7018273,0.058514662,2.3098106,1.280751,0.8864159,0.9781273,1.0201217,0.8853003,0.2592919,0.20327689,0.011082654,1.2161605,0.1019221,0.49290943,1.1818161,0.18870242,1.2477596,1.5421693,1.1767919,0.37132344,0.32774264,0.5083228,0.08895725,0.025610384,0.83548087,0.40699172,0.8160132,0.25303134,0.12817626,2.5968094,0.13278319,0.089606255,0.43681085,0.2919848,0.098652996,0.73752624,0.24598394,1.7131765,1.5692189,1.3034377,1.4142773,0.011652233,2.3735049,0.7187325,0.31033266,1.1372426,0.02866805,0.3684957,0.28028494,0.41017017,0.001642631,0.018531386,2.1571705,2.027012,0.09408287,1.1847734,0.8798597,1.0993323,0.6324502,1.7279295,0.67570657,1.6214565,0.7171918,0.063820556,1.9027828,0.904068,0.2758824,0.5781627,0.2774324,0.75178796,0.66670275,0.1883824,0.36013582,0.30377343,0.052852154,0.37008616,1.2720901,0.34402278,1.5362071,0.3925204,0.16795969,1.2512743,0.529251,0.8053089,0.70784366,1.2091482,0.47968373,0.28744546,2.7584872,0.3966965,0.32318014,1.2772074,0.60591495,0.31997487,0.1661547,0.6634388,1.5433705,0.61860466,0.10068844,1.8480545,1.5455192,1.1942697,2.3393686,0.006250116,0.14912666,0.58030206,1.3393196,0.64719415,0.009679206,1.1369456,1.1046157,1.1621618,0.7403082,0.6681385,0.019514343,0.16606,0.022411706,0.5218872,0.17434692,0.39240152,0.17584541,0.39646325,0.8868302,2.5436285,2.0735264,1.2713554,1.3334324,0.8226652,0.40498707,0.8781742,0.58547544,0.74793226,0.4920918,0.27449152,0.48159564,0.50761104,0.039665714,0.81615853,0.07361536,1.749674,1.0860912,0.69120115,0.8745313,0.98268545,0.5206422,0.5570387,0.76956224,0.08761512,0.20076407,2.2334847,0.5006307,0.14972948,0.32767275,1.004203,2.9414482,1.2845036,1.0959616,2.7037826,0.084078446,1.1548316,0.3474217,1.3459282,0.006423491,1.4840413,0.17113228,0.008699135,0.5908579,1.4984026,1.1189444,0.5917529,1.5647392,1.0983955,0.20829964,1.583577,0.6291794,0.31030172,0.24797639,1.2487252,0.30733368,1.0378183,0.26762328,1.2260901,0.12589519,0.4047556,0.08597116,0.58465004,0.11689513,0.7013092,0.33051136,0.75134885,3.78944,2.3565543,0.077532195,0.6774639,0.93989056,0.7088746,3.675385,0.14669675,0.21352695,0.36572763,3.5619807,0.17949419,0.4488853,1.2245793,0.5008715,0.3600048,0.33976254,0.02037491,0.54760915,0.8199044,0.18775505,0.38444313,0.085065566,1.4095446,0.94162345,0.82805085,0.8316773,1.2443653,0.98839396,0.42352137,0.5832213,0.8764562,0.8398006,0.9623119,0.33008918,0.828078,0.7305636,1.1903391,0.23319238,1.5662073,0.18579072,0.50713825,1.2165717,0.5480525,1.0937214,0.6608856,1.7470818,0.18281615,1.1084799,0.28913715,2.09161,0.38142425,0.9194078,0.024659256,0.14793606,2.0302691,1.1256065,0.33584574,0.42102638,0.35821557,1.0082326,2.6164734,1.932313,2.0755563,2.2134035,0.42516837,1.3065634,0.23525678,1.1332909,1.7560279,0.48046455,0.79086024,0.20397007,0.70037776,0.1683286,0.6623275,0.20481625,0.5184846,0.20701525,0.46258903,0.28680727,0.8568558,0.2065793,1.3938916,0.21255673,0.83673793,1.5468756,2.6473906,3.1959822,0.5663101,0.6935571,0.9430509,0.7395511,1.051873,1.0470754,2.6547377,0.31286308,0.49899495,0.29177833,1.1773254,0.113604136,1.0287721,0.8268009,2.5788891,0.3143851,0.15043299,0.40617028,0.7530225,0.97866803,0.49706283,0.6839601,0.29935265,0.74857485,0.6809222,2.4036288,0.018002862,0.34045783,1.0682334,0.89480627,0.21428078,0.06883254,0.59641784,0.14888023,0.68234134,1.2452374,0.7362302,0.13576955,0.49771196,0.46307492,1.0541219,0.8166982,1.1525189,0.054399405,0.37235606,0.9219766,1.3699169,0.4041322,1.3145747,0.10978712,1.7188979,0.81104773,3.060649,0.0033491205,0.14095938,1.0965682,1.0494391,0.228184,1.3285698,0.12968078,0.76201034,0.079390615,0.31278983,0.6686339,0.14169167,0.6710477,0.93763286,0.4534778,0.06011016,1.8919598,0.8148581,0.53550804,0.6278771,0.24492818,0.99689573,0.742156,0.0,0.9976471,2.74939,1.3764871,0.58899635,0.071811125,1.8506261,0.9717332,3.5289836,1.06525,3.2201865,0.4833462,1.0732569,0.7551229,0.34588155,0.24919784,0.8756723,0.28087202,0.035973612,1.0015403,0.75878537,1.9064066,0.36860058,0.5757113,2.5240524,1.0401348,2.1196625,0.5661105,0.030815072,0.07938347,0.63976485,0.20306472,2.4996226,0.7334254,0.04604306,1.7188243,1.4133292,0.5821147,0.1974355,0.17366867,0.20713268,0.75221765,2.16743,0.15534556,0.018440958,1.6889329,0.8250575,0.42209193,1.6105185,0.25472313,0.6982282,0.89330554,0.342935,0.19636977,0.4542786,0.9719722,0.5465449,0.09800133,1.8570669,0.13461858,0.9550336,0.68336093,1.5647919,0.21203437,0.9886948,1.2919093,1.3159912,0.56034034,0.87264735,0.077644184,0.041041344,0.31876078,1.1075386,0.24370562,0.52002054,0.46775526,0.18381278,3.1993482,0.49804705,0.12893035,0.6761445,0.02367857,0.38828552,0.057352837,0.10180302,0.2045373,0.4628535,4.2370415,1.376467,0.745114,1.8710874,0.7541614,0.316936,0.45836028,0.16028416,1.7967358,0.12572663,0.2255626,all_pothole_images\pothole_images_image_143.jpg
0.5496864,4.06875,1.7926196,0.9860886,1.1876523,1.1283002,0.24339387,1.5192927,1.4063141,2.2340062,0.16482951,0.25663,0.96398145,1.1400421,1.7011769,1.1007153,0.40977788,0.24578151,1.0022972,1.5150361,0.6270935,2.2734642,0.21196234,1.7713401,0.718506,0.95077974,0.6557445,0.63296103,0.8503238,1.112005,0.4928825,0.31328544,1.0920938,0.25511757,0.5371441,0.23870915,0.06857215,0.35290858,0.104497924,0.714317,1.1540014,0.279657,0.7522508,0.5436554,0.8243498,0.24394044,0.9937203,0.20197976,0.9572159,0.108986996,0.40003437,0.28735515,2.4428453,1.2590333,0.098966405,1.3441503,1.6851486,0.46452886,1.4333304,0.6165453,0.9863922,1.8698543,0.95498466,0.122445494,0.0,0.5864876,1.3519715,1.2245816,0.6422882,1.5233848,0.07803409,0.8829173,1.0208337,0.60820246,0.4548333,1.4639766,1.0943016,0.9618186,1.0157284,0.34189534,1.0856588,0.5497926,0.8405515,1.3418131,0.60884815,0.050209925,0.7333675,0.1572796,4.5915246,0.38165605,0.7335557,0.37428072,0.7010194,0.5821674,0.8964806,0.7545605,1.763653,4.306306,0.4358912,2.3327823,0.46778566,2.5194933,0.5955322,0.15585111,0.2567284,0.60609615,0.4829958,0.3155028,0.028930714,1.0645636,1.8181119,3.7572072,0.20174058,0.007889388,0.16383216,1.533356,1.2686177,0.36683813,1.6229721,1.2668403,1.2642938,0.99173564,1.3761435,3.0153477,0.8306258,0.91739714,0.20902173,0.41089723,0.012818922,1.0556142,0.22423986,0.12186439,0.7367379,1.4200277,0.28406987,0.48529497,0.057712574,0.92620575,3.1015813,1.76683,0.4510684,0.8360334,0.31696498,0.8261938,1.3535011,0.13447705,1.5688019,0.54846567,0.18344602,2.864437,0.67716295,0.35905904,0.8549958,0.49795273,1.2895405,0.51343966,0.4830471,1.0100185,0.45255092,1.525002,0.11870875,0.46319672,0.32877377,0.4545323,0.7431798,0.48071647,0.5286909,0.6783433,0.6055372,0.4420598,0.30369648,0.25684965,1.0988057,0.8963956,0.6117292,0.27051073,1.5233049,0.08373516,0.91682523,0.6958338,1.3318753,0.7551455,1.2783002,2.0029461,3.621557,1.3775086,2.297534,1.3226433,1.9711304,1.7018313,0.36808762,0.4686871,0.0,1.888376,1.7444342,0.93620366,0.47512373,0.6107472,0.8798158,1.245218,0.22322032,2.0038319,0.5659296,0.020000571,0.28258455,0.42762315,0.11707078,0.7133222,0.22801457,0.56235194,0.45265722,1.2889588,2.9173625,3.6073437,0.841902,1.2983136,0.6607426,0.09036904,2.0280845,0.005614635,0.81767285,0.16480537,0.43757007,0.54484963,0.7777101,0.34065136,1.1494049,1.2002349,0.50317824,1.3565089,1.1505342,0.71992135,0.79801506,0.57693875,1.1003329,0.1375053,0.8540638,0.06189164,0.6583296,0.0,0.17260668,0.17912565,0.15626775,0.337854,0.13535576,0.020246508,1.0005842,0.02820578,1.3639919,1.4305743,0.5452319,0.0835291,1.144394,0.67525125,0.34757373,0.8830699,2.018773,0.17411391,1.7053044,1.6564457,0.63462687,1.786603,1.3457718,0.78015375,0.31090817,0.6025427,0.37302148,0.79737806,0.8230208,0.5379135,0.3240289,0.13820209,0.2021671,0.94512516,0.7817098,0.5533343,1.8393862,1.4619666,0.43683487,0.58749795,0.08416497,0.6184561,0.77157116,0.48401198,0.886156,0.7324703,1.3460093,2.3109043,1.2229378,0.070725694,2.0163379,1.7444146,1.4662356,0.28795138,0.028315166,0.57326245,1.3986598,0.042539056,1.2994051,0.40442872,0.20967638,0.60533494,0.7115146,0.99757004,4.024667,1.4512544,0.21778339,1.3792486,2.3026662,0.16285454,0.25202182,1.3508861,4.449857,0.11742369,0.032569632,0.8697178,1.2012825,1.4497524,0.54655224,0.39228532,0.4660419,1.1622813,0.13592078,0.62589335,1.8437685,1.185239,0.6388996,1.8412733,1.2838664,1.097044,2.8830602,0.40372723,1.0020458,1.076108,0.69610316,1.6520952,1.8628535,1.83557,0.6622514,1.7089849,1.3939794,1.0932077,1.0274298,0.0028382463,0.8865435,0.10913221,0.15260091,0.0021145558,1.2402502,0.5980114,1.3105454,0.4690593,2.960302,0.48824635,0.386606,1.6362382,0.4769677,0.30073282,1.3224713,0.8607651,0.55661225,0.00030213714,0.8427767,0.08492312,0.20833747,1.2681193,0.1957861,0.9032463,0.42690447,0.23290788,0.80631983,0.58179796,1.2896271,0.7681542,1.1305397,1.2392845,0.42487848,0.13741526,1.4811442,1.2407428,0.6956431,2.147218,1.3104901,0.42041755,4.274628,0.305451,2.2331786,0.31912503,1.3228406,3.021101,2.2589211,1.0826453,0.031336606,0.62707895,0.1664317,0.0025050982,0.71926665,0.6837713,0.8827734,0.121395186,0.9777922,0.5741819,0.53425825,1.2452123,0.099109374,1.1039022,1.1359152,0.4251694,0.7670123,0.110262476,0.9935444,0.9384616,0.3028469,0.12869392,0.94160944,0.3539337,2.6857464,0.26885265,0.43771294,0.83158314,0.8061732,0.17871557,3.1592956,1.131895,1.5207317,2.1464431,3.3494232,1.3616171,2.2280111,0.1624095,0.338307,0.7161896,0.7460875,0.24544208,0.89398605,3.9569085,1.4032265,0.15338802,1.232357,0.87951267,0.906276,0.910066,0.23719308,0.24862903,1.3076793,1.9109894,2.7423139,1.8762428,1.0041788,1.2594767,0.02188063,1.6293606,2.2098408,0.34283784,0.89469534,1.3377957,0.8997557,1.0360745,0.13074172,1.7125406,1.5439478,0.33936843,1.0059083,1.8058356,1.235403,2.0911999,0.5495398,0.6594747,2.0298724,2.3356552,1.0426149,0.526349,1.2619442,0.22490555,0.3278136,0.38280463,0.39946738,0.551061,0.8704759,0.77803457,2.1848779,2.4521334,0.7423852,0.9507806,0.1357882,0.5420575,2.032646,0.28625172,1.0450647,0.01398947,0.66845226,3.4212503,0.3508554,0.36631027,0.24535617,0.57952267,1.1544511,0.26804924,0.60538304,0.027959373,0.9433524,1.7183329,2.2732055,1.6632522,1.8026842,0.51757735,0.8314517,1.4795369,0.9470274,1.723519,1.4443371,0.5348588,all_pothole_images\pothole_images_image_144.jpg
0.067722835,1.8208933,0.58156186,2.51544,0.9269132,1.0806887,1.0472264,0.1698144,0.2908137,1.0751872,0.13463245,0.26022908,0.38958514,1.3092057,0.0,0.041756913,0.22687371,0.12646434,0.4473786,0.2378726,0.0,1.3646053,0.8432391,1.4288573,0.18565738,0.60801566,0.43503106,1.2666856,0.1736893,0.37641212,1.7378095,0.7245154,0.42247802,0.019547375,0.349713,0.6887031,0.61612934,0.34762523,0.46127078,1.3333936,0.0,0.41801947,0.13630475,0.29383048,1.4034469,0.04717965,0.32021606,0.036214568,0.07671288,0.023909533,0.23707822,0.051471666,0.49949005,0.22362763,0.019500097,0.8382129,1.9191645,0.41856104,0.14247169,0.16027632,0.22323218,0.1949695,0.9780657,0.42863455,0.2312726,1.3117168,0.4451865,1.229216,0.20357284,0.54576063,0.4322182,0.30143866,0.61189497,0.02662292,0.031794798,0.9256255,0.16338924,0.97653645,0.06414011,0.3141082,0.00017661099,0.70511097,0.45144337,0.5649844,0.19068192,0.9430153,0.51032287,0.035792414,3.799757,0.29891866,0.23629628,0.57304245,0.1607031,0.41975492,0.15872014,0.0,0.2660632,0.083905354,0.43154323,0.10695852,0.0131936995,1.8562553,0.30215085,0.34887117,0.47196603,0.038053658,0.4940106,0.41142184,0.035320096,0.7808657,0.44609624,1.8182772,0.85434926,0.17662703,0.48690498,0.63773066,1.1673138,0.1465002,0.15801331,0.2622128,0.49231642,0.7060616,0.16647787,0.116585,0.13568205,1.1808853,0.4089454,0.030741692,1.586527,0.5645951,1.3231828,1.319077,0.40242308,0.56924343,0.16128364,0.8034458,0.0032103301,1.1020895,0.9831274,0.4448373,0.929815,2.6656244,0.15019682,0.71707714,0.44505072,1.0050068,0.107564636,0.445628,0.8571651,0.13529377,0.2204862,0.4456281,0.4201788,0.00994155,0.89470536,0.7952884,0.089416675,0.37962562,0.32389984,0.15352361,0.94024515,1.0050311,0.086872324,1.307657,2.8397496,0.04826684,2.113932,0.13490002,1.1256438,0.11400396,0.82758015,0.24519494,0.07324808,0.65282005,1.5955247,0.027652647,1.0319188,0.33889094,0.5010648,0.32746652,0.16837329,0.36171988,2.790261,0.35535216,3.9238842,0.2517113,0.9580765,0.0263426,0.22775416,0.7583123,0.8854252,1.7799016,0.021939317,2.744288,0.27620277,0.11630017,0.0057709664,1.5340879,0.15898809,1.022971,0.2816362,0.5754425,0.7950584,0.5481031,0.0591867,0.94650114,0.5459856,0.17505284,2.028398,0.28375787,0.5668311,0.6298679,1.280592,0.5601954,0.56318814,0.6120942,0.17724288,0.17239515,0.5345768,0.13005285,1.1941106,0.13913326,0.045992993,0.37388992,0.10332435,0.065163516,0.70800185,0.16270009,1.8986614,0.11715234,0.28622428,0.88933027,0.28262204,0.5595905,0.2716011,0.057475686,1.8447186,0.29120585,0.5012892,0.16787669,0.503261,0.31353334,1.4569384,0.09652435,0.020313136,0.3637774,0.5593134,0.37411335,0.50324076,5.3406587,0.87764436,0.23783948,0.99177593,0.2082125,0.34948182,0.22264877,0.78607064,0.07934973,0.3432663,2.4905064,0.100328796,0.59803236,0.64696103,0.23845704,0.36157772,0.71359485,0.80109465,0.35408172,1.8832419,0.19989543,0.079261795,0.0,0.8334147,0.6061026,0.82906073,0.6245584,0.33648533,1.0394017,0.10679856,1.0888793,0.36056647,0.18913215,0.25335747,1.5560673,0.67526025,1.1490979,0.1900722,0.5901121,1.7198318,0.4454862,0.33759728,0.32604417,0.13771597,1.5076641,0.47315115,0.12235909,0.48531413,0.6808772,0.23121841,0.5618581,0.06865849,0.09914514,0.0,0.8909089,6.700181,0.42239028,0.00033913826,0.59100896,0.65812325,0.08457865,0.17542382,1.5983777,4.919766,0.8219039,0.018427046,0.6065886,0.002731341,0.58140755,1.0213834,0.2919572,0.010539577,0.63146704,0.02238951,0.6771007,0.3338359,0.28050205,1.0214667,0.12246426,0.73386395,0.29234478,6.7288594,0.1811351,0.3994755,0.03423841,0.18394715,0.17486477,1.5092632,0.20461713,0.4373698,0.13329223,0.5862931,1.6485338,0.91611695,0.28881365,0.4995659,0.23196736,0.28827542,0.17537683,0.098875046,0.7453701,0.3591465,0.66696596,0.27078658,0.23354238,0.0005332558,0.059260547,0.27573693,0.67728794,0.6480683,0.31881833,0.0,0.9865878,1.1396399,0.3944825,0.0,0.079560034,1.2241493,0.26011685,0.26135564,0.91568655,1.2751673,0.17635056,0.5518407,0.40671176,0.72714573,0.990857,0.58568305,1.2219906,0.40898594,0.5254225,0.24785706,0.2316747,0.19464761,1.4038562,3.8479426,0.46497968,1.7752056,0.48729852,0.2509237,1.4165888,0.20047711,1.2055427,0.052070733,0.16040969,0.117268756,0.03325212,0.29227987,0.6132253,0.23089899,0.07293195,0.60812587,1.045184,0.12060262,1.2132502,0.24393308,0.2858161,0.16208158,0.5593433,0.12568742,0.20705566,0.17970222,0.44799742,0.5928397,0.5726413,0.09997903,0.35702538,0.7577622,1.8156943,0.06313821,0.0833823,0.95063704,0.5036229,2.6575453,1.6578892,1.5730919,1.5126176,0.7388401,1.104778,0.31982312,0.5477173,0.92609686,0.86001384,0.15375236,0.50364375,0.010469235,2.3194928,0.2296706,0.54297036,0.66615486,1.312529,0.541485,0.32719973,0.12686533,0.0,0.060697522,0.19913183,1.5723076,0.28201014,0.59919316,1.1436509,1.3274149,0.02152452,0.4346888,0.40969712,0.87560236,0.8857563,1.4647406,0.037159957,0.22850937,0.56864697,1.6267357,0.032499734,0.26204464,0.19202839,1.0588999,0.08215982,0.16610463,0.20583919,0.39369506,2.4775884,0.68951833,0.5087364,0.4577671,0.3815255,0.83353305,0.19346397,1.0556803,0.41297483,1.0410544,0.17055877,0.34705392,1.5663389,1.6201,0.3516782,0.10831021,0.7422761,1.301117,0.06434457,0.14453135,0.0031976243,0.0058394284,2.1111283,0.010362442,0.0069733113,0.014450293,0.060103677,0.07337722,0.084683,0.35809052,0.9707345,0.37924185,3.3182359,1.0173788,0.42919883,0.10039647,1.4198498,0.06430796,2.057255,0.1126318,0.49182567,0.6927343,0.5218826,all_pothole_images\pothole_images_image_145.jpg
0.75342685,0.7063727,0.046294007,2.1528335,0.4558401,0.29686,0.38149837,1.1836636,0.08069917,0.08761684,0.27957577,0.10473617,0.046497636,1.0412558,0.4384323,0.103448056,0.11326725,1.043992,0.93831617,0.23702845,0.3812168,1.453611,0.19566818,0.24513641,0.62444925,0.13848056,0.32071292,1.224857,1.3697175,0.7935036,0.47375196,0.85871154,0.69456995,0.04876576,0.017554536,0.07921821,0.4259565,0.25324127,0.14415021,0.6338326,0.025605956,0.04847514,0.3726634,3.2579584,0.4280805,0.12685233,0.123605184,0.25106907,0.31597164,0.21583992,0.038059734,0.12170799,0.2379487,0.034153707,0.15488563,0.24969377,2.6434104,0.23129031,0.16946344,0.22657585,0.3833323,0.64527184,1.4203534,0.6232046,0.057082642,1.2116735,0.14164922,0.03588901,0.17747898,0.34659213,0.5191159,0.41142592,0.07305937,0.12782171,0.9000359,0.31472138,0.008172571,0.5496406,0.0863873,0.28668448,0.0,0.14986002,0.096791364,0.65547115,0.15239123,0.0,0.31172636,0.36969808,1.9693834,0.0,0.4445336,0.088962056,0.053160157,0.2632795,0.18931307,0.0019927516,0.09578606,0.2679086,0.34956625,0.5933718,0.0017166974,2.1759396,0.42270705,0.3167584,1.3995562,0.03371506,0.071854204,0.23173456,0.056490332,0.43558052,0.17680995,0.5181226,0.7465343,0.08469674,0.06203591,0.5380128,0.9374967,0.025286883,1.8319107,0.61971015,0.45443347,0.03800836,0.100113705,0.29018554,0.2665005,0.7093386,0.008062244,0.054355815,1.3874158,0.026306424,0.1504729,0.24501675,0.119736,0.047074284,0.036638148,1.0097961,0.114138044,0.96454066,0.47110853,0.22330157,0.038555272,0.59615535,1.2427336,0.10417522,0.08760792,0.9434408,0.0071076024,0.826238,0.5304128,0.5698782,0.3261444,0.017890623,0.0731136,0.58289313,1.0329874,0.92367005,0.06904317,0.11569507,2.3688283,0.47366223,0.22417757,1.5687461,0.29324576,0.18093821,1.0365353,0.5854185,1.4026551,0.13206984,2.2380528,0.08515539,0.01545038,0.73482716,0.024444869,0.08570322,0.3619468,0.23109226,0.39743274,0.07282873,0.36832726,0.044021897,0.00035392598,1.0618415,2.2614567,0.23734449,0.41066238,0.14754915,0.022361752,0.21566667,0.04963918,0.38393867,0.3270434,0.14786415,0.04516759,2.484577,0.106149405,0.023106363,0.10745115,0.04607972,0.051772885,0.7402998,0.9566386,0.6196452,1.2517289,0.67499334,0.09449725,0.051661212,0.61921483,0.31795096,0.15036878,0.031908654,0.0,0.026853897,0.49453282,0.8728372,0.53093654,0.6262005,0.16193162,0.12789778,0.25539944,0.07396165,0.7251618,0.120122634,0.07397543,0.00058289524,0.034696832,0.0,1.2242385,0.6528705,0.5340319,0.17401688,0.24130143,0.5842261,0.13306601,0.3982531,0.2512035,0.034792945,1.2888619,0.0011465818,0.1636382,0.2617721,0.34651947,0.17614727,0.500793,0.048040967,0.029605072,0.00782378,0.22907956,0.1863891,0.69658226,3.6508353,1.6728084,0.0,0.44898745,0.037734,0.18901402,0.4517507,0.7780693,0.2790448,0.052398134,3.7111278,0.088550895,0.32460257,0.8672817,0.16531041,0.37906715,0.044014223,0.009490577,0.12903222,1.6982548,0.04128248,0.101925455,0.0,0.5752723,0.032584082,0.17412257,0.3802554,0.0,0.55204743,0.1368303,0.71483546,0.97090584,0.15025744,0.0017764439,0.944483,0.59557164,0.97336763,0.25155205,0.16522752,1.4748673,0.0766359,0.09241705,0.13503334,0.107532665,0.7022668,0.1752303,0.22760709,0.0,1.4161911,0.28712544,0.6133389,0.0,0.064546674,0.0014932391,0.18047073,7.042086,0.071321405,0.018924696,0.16628866,0.54106575,0.2625277,0.56462044,1.6935647,1.4695183,0.08398631,0.01569877,0.17566894,0.028824193,0.6272299,3.208296,0.11522875,0.0,0.24678026,0.00896682,0.13863806,0.00077323796,0.34035605,0.61941373,0.0,0.14118749,0.0,2.3571293,1.0256815,0.19149235,0.011405091,0.27568159,0.02748991,2.7386649,0.7151899,0.1634956,0.09639102,0.29264948,1.0185752,1.0727326,0.29081514,1.0967722,0.010123013,0.3491449,1.439265,0.21531478,0.24187064,0.243487,0.050881978,0.40336865,0.36786035,0.092748,0.18866839,0.18727925,0.1575514,1.2502434,0.30680338,0.004582463,0.06435246,0.034746654,0.3872282,0.0,0.0072290925,0.8675674,0.345694,0.0,0.10485698,1.4760101,0.0060087857,0.32157108,0.123249404,0.2239204,0.65114707,0.064503565,0.0,0.15842517,0.019337153,0.14751321,0.03173774,0.01759434,0.21525787,3.2006636,1.1691195,0.880261,0.0,0.0,0.87610096,0.0,0.024706291,0.028667698,0.2533828,1.0824982,0.0012078932,1.0246419,0.0,0.029505843,0.22387367,0.8213087,0.5046669,0.05357971,0.90213245,0.3065717,0.34518385,0.53736645,0.11187644,0.63160414,0.17806867,0.20747864,0.11202996,0.0,0.06489592,0.08115784,0.30465102,0.3160956,0.12819909,0.88184947,0.0071194633,1.5945696,0.35964614,1.104359,2.4760823,0.8786944,0.2093489,0.5624172,0.44761944,0.47764248,0.29202893,0.45281398,0.011941795,0.3475281,0.5466352,0.40069947,2.840915,0.07065669,0.14253816,0.30102143,0.37851754,0.97986245,0.2537406,0.49861708,0.10642443,0.23081616,0.0044340473,0.4325823,0.24591427,0.65126306,0.007878011,1.1896969,0.10145985,0.26717702,0.539505,1.4300107,0.64841175,0.08286773,0.20657444,0.13087535,0.34407952,1.8091203,0.0,0.8909523,0.0,0.40833905,0.17474663,0.0,0.011459595,0.36312345,1.571431,0.67602104,0.798111,0.017942816,0.06125396,0.07717385,0.9280946,0.54264694,0.46215552,0.24453501,0.08657226,0.0641307,2.0893092,1.4134732,0.39959973,0.004720746,0.040423743,0.75204146,0.14286558,0.7835004,0.19523703,0.2560052,2.0593202,0.099566534,0.018843284,0.0,0.23921406,0.13224624,0.061535884,0.4995105,0.19087486,0.49830338,2.472648,0.68782204,0.4551193,0.1083827,1.6769363,0.6484605,0.19504783,0.009011117,0.33101606,0.2767393,0.6704354,all_pothole_images\pothole_images_image_146.jpg
0.90644175,2.485912,1.1386131,0.8936563,1.1255625,0.50716394,1.1639313,0.16652663,2.0297368,1.070266,0.7530109,0.12541077,0.2674394,1.029971,0.5943102,0.5777642,0.23202957,0.35180485,0.50950605,0.420347,1.0977616,2.0426743,0.5800513,0.74695456,0.18020591,1.2059525,0.7358458,0.9658499,0.14074202,0.37534142,1.266633,0.007483153,1.8765032,0.14072993,0.23187944,1.1029446,0.4750083,1.0387545,0.37169218,0.4786263,0.7227364,0.30614153,0.56652176,1.5218365,0.21562502,0.3664443,0.8378365,0.29799294,0.49035457,0.09241657,0.702071,1.6095784,0.9720256,0.45624745,0.630282,0.11728347,1.3788648,0.060517114,1.0100507,0.3646678,0.4030187,0.45728138,1.9879539,0.6727374,0.18944074,1.0874078,1.5743716,0.3820926,0.13297829,0.9829592,0.018621882,1.2801148,0.5884996,0.010916532,0.28441295,1.4324633,1.0518804,0.4686717,0.47929412,0.08331867,0.53535867,0.4411227,0.12952241,1.4905097,0.07034529,0.30895215,0.23442568,0.49053726,3.2652497,0.48409873,0.08349225,0.36701334,0.35225427,0.26444754,0.29559615,0.2357351,0.9393721,2.013707,1.4032739,1.3842214,0.07941608,3.1423118,0.10188932,0.48062783,0.087937735,0.34546235,0.40934858,0.15012604,0.57436347,1.0652065,1.2117207,2.7897158,0.26437804,0.20063548,0.35801843,1.4367087,1.5588366,0.90371794,1.6352037,1.287429,1.5384823,0.7208158,1.5146492,1.9832829,0.43756524,0.71331763,0.23794977,0.76997095,1.0390619,0.644208,0.16737983,0.66543376,0.14609747,0.12460175,0.20158075,0.2754321,0.3888967,0.20518139,2.0076766,0.3088695,0.9576398,0.41957527,0.11783166,2.1621575,1.7790325,0.81615126,0.97559744,1.0071949,0.7609779,0.944147,0.6860479,1.3231636,0.05986449,1.0652667,0.8056614,0.04763046,0.077260956,0.52191097,0.39509037,0.76763314,0.8872373,1.0319412,0.107859366,0.3306366,0.072611116,0.0137492465,0.24276562,0.8043409,0.036814526,0.25516748,1.1193162,0.09547454,0.42365932,0.51875645,0.7984513,0.20941423,2.696444,0.08367605,0.017787937,0.083998404,1.1063803,1.5542107,1.5820546,0.62078375,1.7736183,0.2015531,1.0989645,0.16274993,0.39199913,0.9855685,0.5966944,0.24571034,0.5369035,0.4593146,0.2896614,0.24413563,0.69659096,0.44764242,0.5392545,0.63401055,0.011661861,0.19869381,1.2428122,0.07714136,1.5343024,0.7713212,0.6536044,1.2653912,0.5005527,0.18736626,0.13039702,0.3744958,1.6664531,1.3444483,0.2102563,0.49068147,0.40505818,0.56504446,1.2188712,0.31299636,1.526864,0.068093665,1.0999798,0.6572205,0.043205917,0.5078695,2.2455385,0.47460213,0.012336867,0.80903447,0.1918031,0.8922202,0.44793794,0.50486195,0.28505206,0.09300284,0.34532923,1.0548553,0.02125307,0.0060955053,0.84846604,0.083529614,0.12937587,1.4020886,0.01687844,0.01763786,1.0673795,0.21751331,0.97854644,2.2592523,3.2375894,0.14937057,0.13467889,0.36997128,0.06885848,0.87553304,0.62063277,0.18728283,1.7025396,0.5599734,2.1868143,1.6792468,0.28834635,0.6224766,0.114822514,0.6503775,0.029926494,0.8776628,0.90219724,2.8670564,0.22899394,0.16388704,0.05544595,0.16651188,0.45138517,1.1443064,1.2967583,1.7545596,2.019562,1.6987454,0.49299642,0.77144355,1.0489926,0.19205381,0.9573472,0.3016795,0.22717196,4.178067,1.4482343,0.07312051,0.04641056,0.17286634,1.4205507,0.620545,0.8265236,0.42317176,0.107183166,0.6368188,0.43315458,0.5791649,0.15262261,0.3977267,0.22368151,0.08427744,3.2972026,0.34200794,0.009311652,0.36236668,0.24200067,1.5044774,0.0059274067,1.6244949,2.2412853,0.19241771,0.009905242,0.168347,0.55794656,1.1832434,1.4801422,0.588778,0.6135026,0.20869568,0.12157034,0.35182828,0.72071606,0.1065123,1.9750824,0.89480674,0.74004084,2.2341642,2.0149157,0.17024176,0.3631036,1.6213229,1.3700546,0.315445,1.179544,0.485999,0.4209495,0.44415963,0.541961,0.7366461,1.3613154,0.17609923,1.0511122,0.11816036,0.05134812,0.011947895,2.164696,0.91216105,0.7146945,1.1274155,0.34801915,0.43174127,0.16043031,0.12255825,2.0205889,0.4459533,0.16178939,0.0690918,0.63160557,0.040310193,0.85770416,0.15235595,0.16494392,0.32790187,1.1830485,2.6456685,0.15709849,0.52999413,1.2109746,0.88238937,1.3144197,0.5497758,2.2777498,0.8512671,0.42473656,0.7335635,0.77366406,1.0921204,0.07005564,0.25816357,1.0060452,0.6639538,3.0093484,0.6138514,2.634403,0.17771685,0.043977283,0.9479886,1.1277468,0.6172268,0.09737803,0.16078974,0.25035062,0.5321857,0.056454707,0.7307238,0.113501534,0.41867894,0.99479395,0.2798769,0.091187045,1.8335054,0.091060795,0.09014276,0.6797132,0.3179239,0.72994393,0.22172008,0.08965268,0.46708038,0.74851555,1.8055035,0.6151829,0.23673822,0.47857207,0.898557,0.25846484,0.32839036,0.40220353,0.11909059,0.49596804,2.7266877,0.52357763,1.1630273,0.7183146,1.8313284,0.0172103,0.47682002,0.24178283,0.44317836,0.34427968,0.23581749,0.45960248,2.6703002,0.3698699,0.72327125,0.079547845,0.89339685,0.43055165,0.7915355,0.09795948,0.2780468,0.90236014,0.495453,1.3546276,0.16274245,0.60616845,0.97195446,1.4203994,0.9138222,0.2089138,0.24306507,0.9426098,0.17580146,0.84362096,0.5887061,0.1106631,0.43149865,0.6934154,1.5460896,0.8279316,0.24224867,0.4491528,0.612642,0.48543614,0.11468786,1.0332655,1.1703792,0.22169316,0.7849108,1.4598037,0.5126509,0.05352226,0.53878033,0.033820912,0.061752502,1.1357104,0.311978,1.4808407,1.9945666,0.10136488,1.3007804,0.117367014,0.21063425,3.7485065,1.0363023,0.045547824,0.39041302,0.261432,3.0891879,0.2988176,0.79882,0.30531156,0.005475816,0.7141185,0.030635862,0.26794285,0.07024938,1.4148681,1.0820215,0.31566685,0.80201674,0.38418797,0.9947848,1.682425,0.8990482,1.0593864,0.36714476,0.44272792,0.0018848449,all_pothole_images\pothole_images_image_147.jpg
0.032727554,0.6952368,0.0047109034,2.1571565,0.28371957,0.24879552,0.09777197,0.0055196285,0.047455404,0.7093494,0.8365656,0.1775341,0.0,1.6783148,0.0015381495,0.0016502306,0.39504042,0.8030401,1.3308753,0.07331481,1.0885302,0.60897857,0.2622582,0.44831675,1.1968522,0.32124582,0.51955193,1.6660969,0.84273964,0.11241621,0.17839879,0.35442165,0.26657754,0.04475224,0.0,1.7255292,0.56353205,0.47845104,0.38180307,0.6196249,0.061829608,0.0,0.06406609,1.0395181,0.16600884,0.5909792,0.030538281,0.108031034,0.13867906,0.8518957,0.9872041,0.045809276,0.022962255,0.003342536,1.3136073,1.3154054,3.1153567,0.81628025,0.017529368,0.0,0.0028244143,0.6229645,0.16649991,0.07777164,0.9406538,1.5901202,0.07620436,0.12297075,0.36365592,0.0748814,0.20914482,0.16805205,0.68432844,0.5944233,0.84026414,0.036620624,0.012928113,0.9422458,0.01657049,0.37883914,0.0,0.19265202,0.8078459,2.945865,0.17102662,0.22158848,0.05917197,0.4275765,1.5928167,0.27789876,0.46190658,0.23803532,0.31593782,0.6222194,0.20985329,0.045825526,0.3376455,0.13608086,0.98878026,0.51515615,0.14903714,4.74352,0.37119457,0.0,1.5238856,0.024429789,0.1063708,0.1926348,0.008657342,1.0754339,0.20081311,0.90996003,0.3369566,0.68508416,0.08870338,0.3891178,1.1756263,0.6927663,2.600604,0.05296801,2.7381482,0.13810338,0.01297437,0.24183924,0.42650476,1.2639416,0.13776875,0.30047402,2.4215286,0.15012081,0.82793146,0.042912405,0.0,0.29535794,0.19717146,0.12870148,0.0822927,0.90892154,0.08446128,0.06798903,0.25543255,0.6979625,2.1039875,0.25203303,0.0,0.42877254,0.1300221,0.6227282,0.42292193,0.0045511406,0.13343161,0.340995,0.0932334,0.20974112,1.8304125,0.47187313,0.20305233,0.32063928,0.51653814,1.4654049,2.0606363,2.0502114,0.46876198,0.9902817,0.08636799,0.42179254,1.9062079,0.48805022,1.6296881,2.129789,0.10363569,0.16707861,0.26603228,0.54705286,0.17752288,0.023113508,0.1590118,0.029613093,0.08508501,0.2321434,0.048615135,2.511537,2.0228896,1.4549273,3.1980488,1.0237855,0.6214453,0.6715421,0.9513978,0.4172955,0.0,0.52206975,0.47101825,1.2127483,0.14921124,0.13390383,0.4414598,0.47100338,0.084967226,0.4822654,0.12763552,1.064551,0.038413268,0.8731479,0.0,0.08541788,0.22599788,0.8570513,1.2522345,0.18164669,0.0,0.0655336,1.2696114,0.19906133,1.07668,0.8754311,1.5442075,0.4362718,0.4069568,0.31118736,0.10700897,0.00096996763,0.3919174,0.2261968,0.009111273,0.0,1.8982458,0.015409912,2.2979298,0.08418727,0.146642,0.00084550463,0.48305982,0.3918596,0.006481846,0.20941074,2.0547426,0.09307365,0.057055984,0.025926141,0.45327803,0.073184304,0.24377693,0.20722091,0.44396272,0.005331173,0.5614281,0.35341,0.10450793,6.374047,1.442455,0.17008139,0.05972254,0.42077497,0.0,0.019268494,0.35814342,0.15791152,0.13961422,1.0763351,0.615861,0.14527741,0.99210495,0.2013882,0.24654765,0.46980903,1.320315,0.7655945,1.4162216,0.30920595,0.047359753,0.07295037,0.97495204,0.07331458,0.16044374,0.4068558,0.082023814,0.16608123,0.2751616,0.25392815,1.1787459,0.37140274,0.62127316,0.03328891,0.17766634,0.23655488,0.69929963,0.062921524,0.16888742,1.2022461,0.17654295,0.21756122,0.032056447,1.5136055,0.33075935,0.46005833,0.31211323,0.0,0.06546101,3.58253,0.5026013,0.42200845,0.0,0.029406592,3.7276149,0.1942016,0.0331152,0.0675374,0.7961345,0.050622795,0.68079704,0.7112377,2.4332569,2.283172,0.9457352,0.27586696,0.008734551,1.2764791,4.2314067,0.14895286,0.08988522,0.022140205,0.1104479,1.6387107,0.020239407,0.20005642,0.28657305,0.033369713,0.1494779,0.044037342,2.1628728,0.8902239,0.8526627,0.005971146,0.19421051,0.015127879,1.028027,0.0,0.39591822,1.3719269,0.80723685,0.2616608,1.9993873,1.3927011,1.4771023,0.59243196,0.10518576,0.42457503,1.2171938,0.06389695,0.33410442,0.22775206,0.0043950863,1.1316963,0.0731895,0.375949,0.40045846,1.3073298,1.1327565,0.97872245,0.0035633328,0.163519,1.1533912,0.5186458,0.074183226,0.027649524,1.5762067,0.02435094,0.81654257,0.053484604,1.743863,0.0,0.54888314,0.3722053,0.4458011,0.522118,0.46376488,0.047415275,1.2775555,0.38792208,0.012116469,0.0,0.8519717,0.60492104,1.4500037,0.37115875,0.2255888,0.024061449,0.0,0.97241575,0.47517172,0.0912033,0.090195656,0.21793076,0.42112303,0.029758327,1.1234943,0.32598993,0.06501536,0.3954056,0.55343294,0.9254105,0.59251106,0.35943183,1.5217476,0.0043662456,0.29661536,0.43376976,0.21888557,0.047202013,0.17585446,0.2589525,0.04245601,0.38330027,0.0,0.0,0.9972683,0.59054714,0.53516805,0.0,1.8594556,0.34043303,0.8142256,1.9951261,1.4846876,0.024843432,1.6429443,0.060210656,1.0492704,1.0046365,1.3526994,0.23933592,1.3529309,0.5655661,1.2500242,3.4738092,0.85472053,0.6505522,0.24023764,0.11923339,0.9305815,0.05001801,0.011473751,0.11311904,0.0,0.28537577,1.1061157,0.81952983,0.014688004,1.0256658,2.52153,0.062023345,0.58533883,0.039139163,1.5068876,2.412774,0.011436865,0.061868418,0.209064,2.022089,0.9561539,0.115298085,1.224677,0.039815467,1.4360027,0.13391207,0.06517404,0.45785454,0.023181895,0.91033745,0.82581794,0.84535456,0.4581902,0.35616544,1.488663,0.4082876,0.05678304,1.1862093,0.34277916,0.36194655,0.8347352,2.262558,0.84792316,0.029858828,0.10179385,0.054329325,0.275317,0.010620671,0.69875664,0.0020431979,0.4668467,2.4075224,0.0,0.03943733,0.0,0.39400107,0.18710397,0.22901022,0.52169865,0.38300034,0.63068044,4.146655,1.031119,0.05826621,0.039041247,1.0014292,0.8281622,0.64679176,0.26917386,0.22274029,1.8658215,0.02147348,all_pothole_images\pothole_images_image_148.jpg
1.1298113,0.3980902,0.23342037,2.5200448,0.7003813,0.09615388,0.5391323,0.90826744,0.56081843,0.17693537,0.7979386,0.7326197,0.1376772,2.452039,0.33967248,0.59207696,0.9200148,0.13489176,1.6674471,0.15967873,0.4730247,0.6329025,0.629544,1.2369738,1.5861558,0.34391123,0.06239451,2.2707458,0.3785713,0.50191534,0.39042726,0.22474495,1.2055881,0.08082216,0.036533155,0.9417852,1.119186,1.3864006,0.33468673,0.4393755,0.117577136,0.075886466,0.23123871,0.8962812,0.4746243,0.8138917,0.018401003,0.7659785,0.52611274,1.2783422,0.110488266,0.24724354,0.5721301,0.18033269,0.568972,1.0487207,2.3196967,0.0147293545,0.17287293,0.09676106,0.08052058,0.16138569,0.5602733,0.31002337,0.9758266,0.25363427,0.6269354,0.1854625,0.48089662,0.23775007,0.91481745,0.04786762,0.86228365,0.07030869,1.3070898,0.41068548,0.100105956,0.3382826,0.49711716,0.2780787,0.19194622,0.64365727,0.32431912,1.3734125,0.14159243,0.44271064,0.0138466535,0.25459126,1.0961049,0.6303137,0.54148185,0.0,0.081210755,0.31833944,0.33367965,0.03158953,0.54176414,1.0577992,0.18029737,0.3573887,0.29334226,1.7434026,0.48362085,0.05557816,1.9671836,0.011967501,0.15802853,0.5376626,0.15061444,0.6176809,0.0,0.6499588,2.1632125,0.9402682,1.0554012,0.091552354,0.57466984,0.026354618,0.74669087,1.1022991,2.6118596,0.29102546,0.17376244,0.6957665,0.16128774,1.07853,0.108585894,0.7485138,1.6260046,0.05395947,0.14119332,0.02059227,0.17609894,0.16536324,0.124749124,1.3059677,0.0,1.1774815,0.005667921,0.0026782185,0.659907,0.019655373,0.58861506,0.023157986,0.008935634,1.3594671,0.0,1.3675605,0.062790774,0.15682296,0.5953221,1.6518449,0.12690817,0.0670959,1.3433367,0.75120753,0.47213992,0.110110536,0.8324493,0.07746482,1.3320937,0.423554,0.39564598,0.32289943,0.43692526,0.16656491,1.7834562,0.042345174,3.287109,1.3009511,0.0,0.06482025,0.0,0.06179754,0.20201372,0.20479651,0.21684021,0.0950967,0.63230485,0.030531809,0.57983905,0.7700549,1.1332504,1.8223355,0.6167977,1.3889338,0.40118945,0.24268411,0.079395294,0.49959657,0.094943754,0.046896033,0.57525605,2.2973094,0.013987054,0.10628591,0.41913852,0.49609694,0.6521277,0.7012713,1.72149,1.2180064,1.219545,0.7062482,0.20575151,0.10910532,0.93626773,0.094784655,1.1727935,0.68965715,0.24938695,0.18443848,0.27195555,0.18075924,2.342726,2.2246413,1.5420662,0.3895741,1.1171255,0.18604691,0.53509545,0.13500078,0.38463047,0.6336592,0.013136426,0.02941372,1.2025795,1.3518698,0.9412105,0.17937924,0.0114224525,0.2859804,1.7143489,0.6140274,0.5863991,0.42617399,2.1069033,0.041174043,0.022133352,0.1846404,0.6086526,0.061541878,0.48952737,0.3466729,0.31413078,0.024181286,0.54984874,0.050153214,1.1811342,3.9058197,0.16998672,0.53936446,0.44692415,0.15821205,0.011418682,0.044213325,1.9247828,0.3052183,0.060073145,2.8045728,0.06115922,0.08617592,1.9071716,0.12625305,0.007084982,0.7081071,2.1266468,0.054866225,3.4848666,0.15820745,0.101174414,0.12301435,0.5542221,0.37921676,0.26323134,0.8870158,0.3769593,0.13281465,0.49705216,0.38594443,0.5538251,0.54456365,0.6509099,2.1085203,0.62631506,0.6065241,0.12299817,0.15467422,0.5810366,0.29398006,0.5865225,0.05507139,0.59601986,0.30530605,0.016159294,0.05005234,0.3227431,0.056740984,0.104541086,2.2306578,0.24336964,0.20465685,0.013403171,0.84608,3.643312,0.18025853,0.20741262,0.44423226,0.6271505,0.067644864,0.815971,0.79588956,3.602572,0.86722213,0.08333476,1.026638,0.0,2.7773356,0.61014843,0.3589655,0.7859333,0.10537966,0.053828113,0.26295286,0.23879278,0.27720538,0.5837118,0.061547846,0.19557503,0.14006105,1.3261862,0.5760506,0.21431132,0.0,0.048707124,0.8134357,1.4715736,0.2654195,0.33132347,0.010377484,1.4842882,0.6342362,0.99936527,0.07974122,0.66237795,0.6480519,1.2288569,0.2240089,0.076569155,0.42575914,0.08641088,0.5660315,0.16972265,0.45061186,0.103990555,0.08723743,0.3299374,1.455676,0.7153357,1.0258496,0.25151384,0.81472653,0.63956195,0.5350572,0.0,0.15799282,1.3191787,0.0,0.95730245,0.18644671,1.873139,0.03908954,0.003371811,0.11731085,0.5782231,0.07268478,1.1904297,0.7856876,0.46476337,0.033441193,0.85418123,0.084068805,1.7599076,0.34233278,2.9236517,1.3514507,0.9375745,0.032980476,0.12312423,1.4747657,0.16146119,0.6920767,0.4606474,0.5072856,0.00092310045,0.31665784,2.7434645,0.27163208,0.21086249,0.29512736,0.4944348,0.6211145,2.0285232,0.9329517,0.70622516,0.44799042,0.2988248,0.23293316,0.07991101,0.113711275,1.5991063,0.43194345,0.3584453,0.23800151,0.35156897,0.14807346,1.298922,0.65026325,0.48798198,0.0,1.6347466,0.8009909,0.55641073,1.2619382,0.7866212,0.0005084438,1.1305776,0.1718572,0.85541165,0.5318199,0.24504109,0.8463566,1.1879483,0.03248836,0.2880651,3.6852431,0.10672172,0.20613028,0.008049601,0.8587741,1.6508636,0.16681947,0.28303844,0.1833395,0.4932714,0.0,0.58270645,0.4551831,0.5497071,0.52458924,2.1635027,0.36468127,0.8208889,0.44021377,0.99587715,0.581635,0.67257977,0.40766773,0.30449092,3.4304605,1.2121743,0.7154463,1.4190499,0.14126632,1.9194765,0.19556268,0.0,0.0,0.54177624,1.3967986,1.8758082,0.06306243,0.0022298787,0.77826184,1.6403419,0.33076406,0.022912974,2.225302,0.31135768,0.1683856,0.44798177,2.2874277,1.7172445,0.42083883,0.24388689,0.107243635,0.1270117,0.37429038,0.8662273,0.23298559,1.315009,1.060229,0.08773659,0.00594696,0.26254314,0.101415925,0.2192577,0.4269023,1.0880374,0.62600654,0.22064698,7.0235615,0.50450027,0.3562493,0.4978521,0.30936792,0.8924355,1.0871215,0.10592363,2.159321,0.023157071,0.67012835,all_pothole_images\pothole_images_image_149.jpg
0.84312445,1.7971135,1.3309175,1.3072811,1.2132086,0.50463724,0.79348665,0.0,0.360544,1.360059,0.60326654,0.0,0.0736293,0.8565311,0.3023828,0.54751855,0.13880156,1.1170015,0.7431493,0.3435274,0.5133125,1.3070344,0.95152843,3.1162975,0.98359364,0.21529466,0.15330343,1.1715065,0.020308275,0.47844297,1.0731419,0.14265206,0.36701086,0.7794011,0.344437,0.8349704,0.64112633,0.45613456,0.45626706,0.5534389,0.20655313,0.087280475,0.051762406,0.2162229,1.1882905,0.27884868,0.19732973,0.21256097,1.8236252,0.41942927,0.009731552,0.22095731,0.12810448,0.071059875,0.1009929,0.38863745,1.7197115,0.2104573,0.2655154,0.20874396,0.054884512,0.44799018,0.43727967,0.13345312,0.031932797,0.2604089,0.063930444,0.3810629,0.28956896,0.3720946,0.0,0.15267435,1.2743664,0.202579,0.29418963,1.3529884,0.7101715,0.24542628,0.040641245,0.6930899,0.0013894244,0.29225194,1.156704,0.81999594,1.1195347,0.834724,0.04512895,0.2598204,4.047807,0.78966403,0.20538566,0.24888134,0.22804318,0.028057283,0.2662856,0.08115473,1.1347239,1.5043286,0.31885707,0.09033774,0.14540333,1.4753234,0.2361941,0.382562,0.31192926,0.48817062,0.163574,0.25264943,0.56177706,1.7319232,0.47322822,3.2877944,0.3193678,1.9168518,0.13121188,1.0421721,0.95751595,0.12680157,2.0201623,0.841047,1.0583513,1.9048866,0.40339038,1.244749,0.7351065,1.8982389,0.09078234,0.64219457,0.036271352,0.42841035,0.27179223,0.04565596,0.17208514,0.20787321,0.18137994,0.20659268,0.051671028,0.3941919,0.0352619,0.017628152,0.4008713,0.6690804,0.07594169,0.5820468,0.03466971,0.1490885,0.045122337,0.9454992,0.37609857,0.38038227,1.0696001,0.17916761,0.101369716,0.068027794,1.9532125,0.43115717,0.38163,0.9583657,1.0666618,0.08230346,2.9670298,1.9717464,0.26601505,0.5332879,0.5911826,1.3134165,0.90465873,0.01970703,1.744836,0.65744686,0.13123095,0.042019572,0.11243324,0.19687735,1.8942424,0.0659897,0.4488062,0.015069049,0.0,0.13799548,0.006427177,1.3872012,0.97533584,2.9241352,1.7342964,0.78474283,0.3693366,0.14633428,1.3426218,1.7937223,0.33798674,0.5049196,0.04087053,1.7809368,0.5442386,0.13048433,0.4721706,2.4299927,0.27696276,0.4386771,0.32276765,0.33473742,0.24294028,0.15195821,0.73344016,0.36630148,0.37102145,0.08997803,0.9211135,0.40350723,0.26658672,0.3858888,0.94995123,0.79067004,0.3197905,0.4848253,0.6259226,0.032332804,0.5464204,0.1141718,0.28953737,0.03966779,0.42129028,0.90000737,0.16546936,0.0037272424,0.6367037,0.16465698,0.7965421,0.26349303,0.053178746,0.21252994,1.0260161,0.4949307,0.36518204,0.3764341,1.4430003,0.10210069,0.18840793,0.030874753,1.1034278,0.2990464,0.14527951,0.2827065,0.007819976,0.08193001,1.0591553,0.031610068,0.2566859,4.6763916,0.19815318,0.11432625,0.7536822,0.31626928,0.5350802,0.2131979,0.3161799,0.7715837,0.24810973,1.0923839,0.31645846,0.012537523,0.8520941,0.3242092,0.07803317,0.53378224,0.83224005,0.1467033,1.3590394,0.11337798,0.7959396,0.0,0.1551175,1.0731384,0.8813853,1.5594068,0.36124894,0.16478412,0.24649075,1.0132791,0.04630558,0.032609787,1.0684825,0.024922298,0.37916404,0.7045723,0.127613,0.3680888,0.08155092,0.32595664,0.41580182,1.0509944,0.28869465,1.6818691,0.1515461,0.26248258,1.3647848,0.8100334,0.09339594,1.5421361,0.18773668,0.5038591,0.009287012,1.6521598,2.5541477,0.8498492,0.0,0.91876847,0.3586197,0.09798718,0.3045828,0.6308739,4.72866,0.86439115,0.0192023,0.059688397,0.0057196943,0.5657215,2.4305,0.0403322,1.0782443,0.09090083,0.163516,0.109685354,0.27252406,0.8573456,0.068289176,0.77785677,0.49193984,0.23604134,2.3895516,0.0022539415,0.07949359,0.0,0.020469818,0.42559478,1.4040954,0.0,0.10376181,0.25593123,1.1923336,0.4236501,1.5159441,0.0573151,0.722386,0.10066949,0.2219651,0.001847072,0.014131008,0.15433209,0.057697397,0.8536629,0.22049649,0.0076876194,0.2869412,0.5003887,0.6668888,0.50248754,0.85881805,1.0794466,0.18587698,0.86837804,0.44889417,0.407629,0.027040325,1.2070012,0.32775533,0.1449001,0.9708856,0.3104887,0.8916502,0.29225928,0.4069027,0.05746834,1.1451225,0.68202674,0.66124344,0.34676063,0.005245779,0.35828924,0.3668269,0.100572236,1.1013604,1.3381678,2.5501263,0.41092202,1.484535,0.107195705,0.416406,2.1403053,1.2367961,2.1116033,0.34477308,0.5463423,0.013111059,0.16842028,0.48221174,0.38822174,0.17163973,0.35113665,0.19935527,1.8856611,0.54058003,0.80178833,0.29519117,0.01560481,0.114657335,0.7913536,0.203581,0.1873666,0.18646605,0.3100584,0.20195779,0.6484852,0.0017949862,0.1966561,1.350748,0.07478124,0.4269933,0.1412847,0.5937149,0.21656787,1.4607092,2.2457075,2.139267,0.5275763,1.2886521,0.7604096,0.040992472,0.7101069,0.5329094,0.42904007,0.2931025,0.30506274,0.7696233,4.0234337,0.38502806,0.20763254,0.14039676,0.690457,0.2566605,0.16572061,0.02971484,0.24294844,0.3922544,0.060272317,1.2234021,0.29471144,0.32308906,1.2955431,1.5891155,1.0156242,1.2420112,0.81707054,0.89096147,1.8873991,2.509305,0.72726655,0.34422392,1.2093066,0.5464812,0.0648169,1.2908261,0.22543074,0.6606802,0.71909267,0.06784415,0.021528272,0.6727266,0.47068,1.3174181,0.31260717,0.01234258,0.44587815,1.1506869,0.72031134,0.041869808,0.40595898,0.17487533,0.5517133,1.4355805,2.6292295,0.3658627,0.54300976,0.008729018,1.0767634,1.2839106,0.5961763,0.24265583,0.03337042,0.33377627,2.800188,0.14032812,0.0,0.10753884,0.15883194,0.38798654,0.017698308,0.26572523,0.05811763,0.20794825,3.031125,0.506602,0.18035942,0.20960878,0.29924175,0.24235898,1.8096067,0.18426934,0.63810843,0.64270574,0.7338583,all_pothole_images\pothole_images_image_15.jpg
1.4581454,2.0614974,0.51267886,1.4889858,1.8911463,0.4233244,1.0737658,0.45884773,0.1686223,0.22613513,1.1478521,0.9438183,0.04906897,2.6058552,1.4923576,0.43087673,0.5679149,0.7145426,2.23418,0.6741333,1.8080469,1.0856752,1.306423,1.0610961,2.1168716,0.3605073,0.5184606,0.99943584,0.39245299,0.1342583,1.2254227,0.19774649,0.5515737,0.61378413,0.13656564,2.5847163,0.3136969,4.2056465,0.8162676,0.51933247,0.77086204,0.2708011,0.40023988,0.7779662,0.20970367,0.9050566,0.11612201,0.9165332,0.42340133,0.111018136,0.41314977,2.909019,1.0277666,1.0532429,0.06854883,0.8334759,0.27659637,0.28797093,1.8169186,0.017630963,0.44002283,1.2540275,0.39133453,0.6030674,0.6751572,0.9912936,0.62598646,0.5271579,0.43723089,0.6824722,0.7507844,0.020096032,0.45087355,0.6065844,0.10579831,1.5883214,0.8189908,1.2268921,0.0,0.12493577,1.236113,0.15240303,0.5222178,1.003117,1.6822357,0.29812557,0.8023132,0.3178375,2.3398407,0.72891504,0.1341334,0.31299862,0.46026865,0.7945475,0.33302274,0.5548694,2.5738494,0.7898573,0.68873024,2.189346,0.08061609,2.3759017,0.97609276,1.3005413,0.5250438,0.011953093,0.7236337,0.90237767,0.033916492,0.8390646,0.27104202,1.297881,1.6352472,0.76163054,1.9944323,1.2746981,0.5492766,0.8170011,0.64019233,0.5497461,1.1565905,0.9647792,0.19070838,3.39917,1.6078112,0.12173383,0.5971495,0.3423803,0.05178897,0.9254143,1.0405082,0.3288354,0.6005616,0.7676804,0.46248516,1.9830441,0.5732616,0.95308226,2.3297648,0.37487575,0.9916157,0.916294,1.0177106,2.1250603,0.36681902,0.6750899,0.8518273,0.80409783,0.8259047,0.079700164,1.5798165,0.01505145,0.0,1.4633873,1.3302187,0.5215024,1.2036326,0.26596296,1.6229392,1.1534278,1.6184268,5.644747,0.33845946,0.83866537,0.52118236,0.7882253,0.8759857,1.2533426,1.7398567,1.2067746,0.6434079,0.36763793,1.5100515,0.6264166,0.50369185,0.45595464,0.9650149,0.55256146,0.19177368,0.05360071,0.33902004,0.34055343,0.23568313,3.1943066,0.46679807,0.97543323,0.40366736,0.82644,1.6662077,0.904303,1.8001232,0.5094334,0.011433207,0.2770476,1.0464959,0.394727,1.361294,0.47669023,1.5426513,0.8419002,0.17725623,2.1119409,0.5655383,0.0,0.15357296,0.3481035,0.76426744,0.07980811,1.7971244,0.3526701,0.15207297,0.34757885,0.80353534,0.65228194,1.7897633,1.0159702,1.1849241,0.033184215,0.3757478,0.48670527,2.0052128,0.062224075,0.77039707,0.23090003,0.14223379,0.25749233,0.48726633,0.6588449,0.5522415,0.7713692,0.33705255,0.727606,0.4877479,0.9591362,0.41221866,0.2917354,1.3560507,0.16149753,0.5017683,0.3541977,1.547571,0.5312645,0.23844254,0.054133844,1.2032685,0.89480424,0.68278855,0.32342166,2.345277,2.7888813,0.8950745,0.009329216,0.15090325,0.78527915,0.2736,0.60603315,1.2801642,1.0025752,0.78553647,3.7908194,1.2717403,1.627266,0.75927323,1.5057683,0.17585497,0.20857966,2.682135,0.88076746,1.4347978,0.6753591,0.93415254,0.13450676,0.77367187,1.173711,1.3950943,0.7405541,0.18722896,0.8645152,0.8227287,1.0574194,1.1375346,0.33680382,3.461208,1.640198,0.7178953,1.2261235,0.5354061,0.7474,0.3741827,0.027922321,0.3807593,0.8577118,0.64599305,0.88386345,0.7946406,0.26670158,0.9845426,0.30087253,0.29860282,3.4506555,0.65679914,1.7038534,0.045647714,0.28490195,0.25938618,0.7636865,0.2166952,0.6724173,1.0049188,0.24440491,0.8156881,0.8583527,0.9801209,3.4274814,0.6477421,0.626156,0.6000751,2.8281875,0.76440537,0.8418275,1.6883281,0.15811476,1.2074258,0.6171931,0.09139747,0.59233415,0.92215246,0.22373359,1.2244408,1.1634476,0.4849499,1.5286369,0.20074351,0.2352716,0.38665327,1.8307166,2.2541068,2.515157,0.312487,0.8119331,0.41668192,0.780147,0.44084427,2.293076,0.4542193,0.0436115,0.16488768,0.3695675,0.5369082,0.2558861,0.8689983,1.6264465,0.35072836,0.14994262,0.25184694,0.8304967,0.63199013,0.85680515,1.838794,0.86928433,2.5477183,0.552708,1.0702684,1.8798882,0.021130223,0.4333313,0.650256,0.25829878,0.68136466,1.2063646,0.49526843,0.6505362,0.84564114,1.3623083,0.25240362,1.2011276,0.8040492,0.5046125,0.40290374,1.9651856,2.609531,0.41180387,0.8586189,0.25117448,0.43298724,0.66181135,2.0779397,0.4196804,0.79638517,1.0974249,1.3537419,0.6337063,0.09875744,1.4865606,0.57420594,0.3601916,1.7069525,0.39572462,0.60330874,0.50505,0.31913668,0.0909402,0.7037543,1.0100405,0.9905564,0.19994952,0.5874472,1.19274,1.7404757,0.05992567,1.0534126,0.86898583,0.10255639,1.0073532,0.42502853,0.48760644,0.43416876,1.9280524,0.7742076,0.7480666,3.5756922,1.0696185,3.9789839,1.7395455,2.5571816,1.4820461,1.2164698,1.048916,0.98576444,0.825496,0.276221,0.06237385,0.5330887,0.9316878,1.3852154,1.472521,0.49823684,0.5412206,0.83336747,0.34440136,1.155618,1.1058229,0.056533374,0.541128,0.17181645,0.3653351,3.216765,0.099927396,0.78526914,1.4019024,2.4523492,0.77309585,1.0676031,0.3922783,0.59520924,0.38902703,1.2494105,0.05995409,0.09365358,0.17226271,0.75320077,0.17299475,0.1039485,0.3044345,0.6118765,1.8658658,0.19491999,0.45216936,0.42934525,0.39890227,0.29156265,0.854035,0.2707985,1.2456311,1.2638663,0.2791674,0.7220048,0.3556503,0.77657634,1.3065182,2.5497854,0.84270805,0.37848485,1.1200862,0.16332494,1.2829732,0.47146574,1.7098258,0.6483028,0.2568887,0.52945083,3.9856246,1.1301833,0.600421,0.022309093,0.38730308,0.65560925,0.66223454,0.016686104,0.28610483,3.3017824,1.0880497,0.16857809,1.2611668,1.0586661,0.60252947,2.7264714,0.33528435,0.26131937,0.79183817,0.21747552,1.075283,all_pothole_images\pothole_images_image_150.jpg
0.31046,0.4725323,0.00751716,2.959012,0.650633,0.49053818,0.035308585,0.026571501,0.14209387,0.8114057,0.03719896,0.7472689,0.18732579,1.9809128,0.007126322,0.6691467,0.0,0.41343346,0.032277104,0.29665425,1.7161893,1.0234456,0.30380416,0.88957226,2.3995411,0.2853513,0.15442531,2.4813683,0.71630347,0.39615268,0.09905346,0.026974296,0.5384249,0.59751374,0.025156839,0.5804448,0.18862332,0.71456766,0.76487,0.33227506,0.09913563,0.083104715,0.6906978,0.25194275,1.2910199,0.30277646,0.3379522,0.12841374,0.60815483,0.3804559,0.57883316,0.17798935,0.25687063,0.021236582,0.047886148,1.2795272,1.5565431,0.05488024,0.8209236,0.91511816,0.056098502,0.03288674,0.18420494,0.7709212,0.4690356,0.6893301,0.17329308,0.01056399,0.08086619,0.022776686,1.1353695,0.017572667,0.40064314,0.17149805,1.6045997,0.18752006,0.1845113,0.54913443,0.27697185,0.29880375,0.15869866,0.27511173,0.120618634,1.5346087,0.018425154,0.0,0.41973495,0.15057638,2.389923,0.70874375,0.07955825,0.09872586,0.16304715,0.5430109,1.4493532,0.0,0.6079923,0.49400312,0.6431464,2.8971226,0.18325424,3.7061427,0.54727435,0.017931456,1.8900071,0.0017140617,0.26582465,1.6232439,0.1830209,0.20652416,0.02176069,1.0659927,0.5327711,0.5531868,0.51218545,0.35243,0.022183418,0.021356454,3.6212387,0.82688534,2.220301,0.16163884,0.042650606,1.1624529,0.57457775,0.37673116,1.1368384,0.7175528,0.42088002,0.10572968,0.00027412412,0.0094119245,0.079752326,0.52521247,0.08600193,0.19658174,0.8062043,1.5389986,0.77261364,0.021340944,0.096629776,2.428542,0.16067918,0.60665876,0.24086063,0.5862029,0.016255237,1.2814356,0.29686886,0.046167217,0.61358607,0.12819454,0.0,0.7567179,1.1478837,1.1245966,0.8769944,0.13345572,1.0990843,0.78298116,1.6535707,0.9942111,0.1037793,0.83626646,0.13748322,1.7603899,0.37319508,0.02895851,3.0336726,0.56798553,0.012422184,0.22411355,0.12262907,0.35575718,0.43406296,0.13363731,0.9255267,0.16389558,0.07061948,0.028149243,0.38603172,1.5319006,0.5813828,1.2727692,2.5491827,0.8223573,0.060977127,1.0004131,0.6069353,0.6615364,0.0,1.1867865,0.049632367,2.2379634,0.8586203,0.8074671,2.664218,0.20574649,1.8169129,0.3288316,0.34374827,1.0436388,0.53157943,0.41446245,0.17086674,0.23463218,0.3191395,0.06683691,2.1464508,0.38916862,0.015125491,0.01724184,0.50239974,0.29737025,3.6500325,2.1498754,0.09681514,0.12616307,1.4384544,0.5979218,1.3489527,0.082985386,0.44860604,0.60823244,0.0,0.2640514,2.216646,0.029438084,1.969727,0.3113131,0.6573777,0.0,0.41512147,0.009670002,0.31266898,0.20302984,2.290851,0.0,0.04734705,0.61406744,0.3929,0.4649467,0.7204203,0.95933276,0.101590894,0.0,0.3915812,0.8293033,0.17876126,5.904155,2.6178563,0.5175882,0.14021175,0.14369859,0.14209609,0.0655773,0.85621005,0.28191456,0.7894497,3.6415584,0.1273618,0.55229706,0.97970706,0.46194765,0.21270977,0.23225044,0.2644539,0.15236968,1.660963,0.32697415,0.25612158,0.0,0.59115344,0.15403245,0.6315517,0.9227815,0.5320697,0.76656014,0.15058093,1.0724833,0.087760605,0.32637748,0.21386057,0.6980765,0.17763731,1.597411,0.34834474,0.2401746,0.5057508,0.049506713,0.0045406297,0.4035543,0.052701112,1.9852489,0.122754015,0.6053151,0.0,0.3958041,0.26588196,2.515004,0.6196726,0.481034,0.15506352,0.3759228,3.9005814,0.07229644,0.39553496,0.0,0.60546577,0.24070632,0.31126556,0.7727308,2.4124455,2.7618642,0.90385777,1.6230923,0.028056169,1.519605,3.9905756,0.5341112,0.26229087,0.011767214,0.33731592,0.31457722,0.66822946,0.21158504,0.6874515,0.005029854,0.0014952252,0.04629299,1.4210199,0.21688795,0.0,0.07947468,0.2590607,0.10410792,2.4079773,0.87329006,0.4495071,0.67776316,0.3413206,0.052955016,4.44304,1.5501653,1.5873684,0.14558199,0.32926813,0.21873438,0.98166543,0.21715027,0.9701664,0.7222148,0.2232534,0.76532423,0.20574857,0.09410513,0.00070463977,1.1955057,0.7659432,0.6522531,0.062402558,0.2968216,1.0289661,0.04984463,0.40712535,0.8614089,1.0253092,0.39185905,0.17207472,0.7053615,0.074315116,0.04102311,0.32677552,0.034223232,0.0,0.26371497,0.0017745254,0.024237411,0.27888334,1.3051572,0.11082379,0.001608581,0.117006876,0.3120225,3.0043976,0.046653923,1.8055843,0.06351981,0.0,1.0631553,0.23538445,0.88548976,0.0,0.088035055,0.0,0.2911274,1.3081676,0.07913384,0.20982866,0.009563361,0.29469565,1.5460175,1.1756228,0.004978881,0.12729837,0.5735865,0.11812271,0.36236516,1.5542213,0.12555265,0.3365667,0.08584547,0.0,0.31824183,0.13560055,0.13817729,0.94755733,1.3072301,1.4194251,0.03708057,1.8005494,0.38757724,0.0027760337,1.0602611,2.6327631,0.38358423,0.9110371,0.4496502,1.102479,1.0668843,0.6105721,0.0541407,0.00027259483,0.038857512,0.5961173,2.0881636,1.1312957,0.28163272,0.1663512,0.5443499,0.6045336,0.89458853,0.08132854,0.0,0.0,0.009855416,0.31046093,1.0968127,0.0030339502,0.5148474,1.0807202,1.0850133,0.62740487,0.015293241,0.8620197,0.11205926,1.3737571,0.07350427,0.6798655,2.926951,0.92349005,0.26669773,0.065562956,0.049907498,0.6922015,0.31888515,0.029200159,0.0,0.43653813,0.8218153,0.27276316,0.25382468,0.109474264,0.66500753,1.5270675,0.030948969,0.7180855,1.7896087,0.4498767,0.042346254,0.15420517,0.92066914,0.42598435,0.049157843,0.13381614,0.34038925,0.6313479,0.0,0.19570938,0.0,0.10437274,1.875412,0.008589365,0.096265726,0.45223776,0.047690026,0.66400576,0.25934923,0.0,0.16639201,0.41353622,4.5070295,1.2971798,0.0049925125,0.043346044,1.4278096,0.052285008,0.113600455,0.15325159,0.64414036,0.4809024,0.48145154,all_pothole_images\pothole_images_image_151.jpg
0.0,1.1694348,0.08672518,3.031114,0.24229705,0.0058912355,1.057198,1.9276329,0.79354906,0.11576932,0.4383525,1.0321723,0.14009838,1.2115797,0.2030509,0.4340045,0.25030586,1.2802309,1.1885811,0.0014894356,1.7241915,0.20503359,0.0028336626,0.0054420177,0.59177923,0.7023018,1.1873441,0.06833979,0.0,0.6583601,0.015291891,0.5206422,0.13872181,0.7276963,0.028496115,1.4573544,0.5149793,0.009606649,0.07828515,1.1850178,0.04306328,0.38805693,0.05582373,0.80707777,0.91715217,0.9267566,0.17594919,0.0,0.2545043,0.60839164,0.73010623,0.29340228,1.9554337,0.24847756,0.0326391,1.6126887,0.41400832,1.6279399,2.2507799,0.0031629587,0.026943764,0.4657788,0.00219761,0.34127814,0.3127224,3.1572585,1.2012794,1.3007925,0.23258245,0.03595387,0.3965017,0.12965661,0.15379524,0.34097537,0.047454275,0.030633982,0.37522754,0.86043787,0.03208111,0.19326109,0.002614475,1.3035141,1.0539747,0.7115492,0.057518117,0.06462219,0.16805537,0.11727012,1.9106258,0.009891567,0.052153405,0.16021241,0.042906284,0.029156236,0.66708344,0.028559554,0.9332915,0.6684292,0.037420947,0.00052938657,0.015851846,2.167141,0.9160155,0.75211906,0.8291357,0.022568917,0.18663566,0.86323863,0.065425776,0.02962995,0.54124045,1.95356,0.13906042,0.21830429,1.2977803,0.050771207,0.024368238,0.32672843,1.7463737,0.026435073,0.21192923,0.093889184,0.114657864,2.1446126,0.8157205,0.35839367,0.29206222,0.1166702,2.3684764,0.0,0.0,1.1549054,0.0974239,0.19451505,0.2727068,0.03536911,0.0012751028,0.8999027,0.49079093,0.036983777,0.015503014,1.1050684,0.70041436,0.49072155,0.16783075,0.5970035,0.049515743,0.4184248,0.9702346,0.02265172,0.64246136,0.18317416,0.015489738,0.0,0.7315176,0.60683554,0.1175562,0.0046016816,0.28559855,0.83129996,0.58196247,4.8995523,0.02514531,0.77620125,0.45568645,0.6100325,3.1784937,0.17185701,0.1509565,2.2436507,0.09421482,0.0043089846,0.38651034,0.0,0.67157835,0.10782814,0.06053729,0.074253604,0.388258,0.0,0.2797306,1.0367112,2.7554162,1.1596068,0.45941818,0.7979007,0.42553267,0.1923926,0.9649131,1.3753275,0.58263034,0.28988448,0.04477457,0.12487016,0.3000532,0.10328776,1.4004395,1.055682,1.0768197,1.0262082,0.3129514,1.605077,0.22908592,0.2693595,0.6844655,0.025466513,1.0214484,0.062434092,1.256126,0.25811842,0.012523872,0.0028402382,0.3716871,0.71967965,1.0133215,1.950175,0.4547566,0.16915296,0.2980151,0.42547926,0.86451125,1.4699111,0.64339775,0.4632028,0.03940102,0.4678622,1.1186632,0.00045365177,0.36038315,0.8062996,1.50678,0.80852187,0.090913504,0.05512115,0.09176044,0.0,1.8313773,0.7594765,0.009342018,0.5080013,0.52519184,0.63943213,0.0013937518,0.38547724,0.7010381,0.5358646,0.5556294,1.4464093,2.184858,8.338828,2.3673122,0.16766454,0.061821714,0.061490826,0.0,2.4677205,1.4754875,0.031159269,0.6835798,2.9314852,0.00514771,0.024279516,0.39438292,0.5402345,0.49080953,0.12162504,0.39110798,1.049308,0.68502355,0.01311007,0.9406571,0.00040910952,0.12125445,0.28338978,0.5365926,1.070483,0.026989814,0.0,0.0706789,0.2522544,2.3542726,0.49678665,0.53655714,0.0022046664,0.003574933,0.13669655,0.3199799,0.49512023,0.97997206,0.46429202,0.039398756,0.06996283,0.32392934,0.6837926,0.057206,0.058022674,0.00040395424,1.547997,0.08368528,4.743636,0.6309748,0.49964297,0.37749645,0.0,4.190404,0.94178396,0.02186487,0.0,0.33476806,0.1386377,0.7290072,0.72159725,1.3147814,2.1121655,0.1463852,1.0852675,0.6900397,1.133922,5.498505,0.31414083,0.09145574,0.0010968035,0.12418793,0.07193791,0.000119895274,0.13056923,0.7146088,0.16342197,1.0673637,0.1288057,1.6561058,0.11020234,1.4909745,0.09301648,0.011815367,0.18848243,3.4073753,1.0270001,0.065446705,2.233814,0.72500944,1.0568472,0.30990016,3.5082207,0.8475582,0.09868038,0.3069364,1.1638384,0.29824343,0.06969211,0.08985256,0.18125899,0.4846527,0.31055552,0.0,0.44443536,0.524131,0.11329074,0.07105138,0.77096665,0.1972131,0.64887494,1.0204343,0.07611813,0.01568719,0.0,1.6851351,0.015273588,0.03530968,0.6604592,0.115913935,0.025527457,1.1132463,0.9377786,0.15565011,0.671402,0.40387344,0.07748607,0.78496534,0.94282436,1.3237946,0.043960817,0.3700887,0.3415556,0.075288504,0.7724905,0.9904303,0.21940549,0.103713684,1.091655,0.959057,0.05281118,0.44317308,0.7197726,0.03769768,0.013610889,0.38869882,0.12631397,1.2179372,0.10201497,0.023164434,0.06596428,0.074319206,0.2607809,0.5135524,0.26136044,0.11153398,0.6961386,0.31729245,0.02302368,0.52000105,1.5443778,0.06959344,0.15231209,0.007583638,0.23086983,1.5440496,0.58381253,0.24769792,0.5603269,1.4279429,0.25741047,3.710342,2.5554106,1.3097737,1.0221782,0.43754235,0.0,0.09909213,0.07748818,1.3422734,0.5890364,0.91976637,0.14698172,0.44327247,0.79331434,0.4621954,0.30757642,0.7452378,0.53782916,0.084192365,0.18786718,0.5585884,0.033728905,0.0023932923,0.046654455,1.4939414,0.11897519,0.04674037,0.35539252,3.1264322,0.24783681,0.21640828,0.0,1.7295945,1.2098264,0.9668277,0.077463046,0.11570191,1.7411499,1.5966032,0.028196981,0.2089194,0.0,0.10625183,0.8625191,0.3646628,0.0013646798,0.0719545,0.76101315,0.088733286,1.7049984,0.67516696,0.08840485,0.4880148,0.13894294,0.05838493,0.38438916,0.43603075,0.30655175,1.3022908,0.42210594,0.65882415,0.60760486,0.0,0.019352542,0.6136687,0.6158997,1.0076077,0.1249784,0.01434902,4.2812743,0.095023006,0.04352036,0.0,0.0,0.25564635,0.0064718663,0.021116242,1.1326641,1.1391301,1.8304191,0.16974546,0.07712681,0.35420993,0.6254588,2.237926,0.016933464,0.29908198,1.0534831,0.4058505,0.0074636703,all_pothole_images\pothole_images_image_152.jpg
0.68073934,0.52735627,2.1033783,0.5693214,0.14358005,0.11169567,0.28408524,0.20376046,3.676577,0.5084574,0.82177836,0.06399823,0.07166761,1.8013169,0.0025166853,1.4868886,0.3549399,0.67310786,1.1982411,1.4113193,0.38705412,0.1537297,0.06315209,1.3355374,0.1373334,0.514665,0.049370833,2.6556275,0.40652198,0.23103215,0.09150162,0.022600595,1.3133707,1.5016624,0.34581783,0.7714267,0.04441945,0.3895312,1.6635723,0.06768901,0.27013567,0.05061785,0.67937875,1.3751414,0.807384,0.87282234,0.6760295,0.04446086,0.039689586,1.4337875,1.2108747,0.092848815,0.14412726,0.063118,0.16752379,0.30503836,0.17902975,0.19964646,1.0529917,0.024803944,0.103537224,0.011633126,0.40895233,0.19151405,1.9787817,0.38411686,2.0264332,0.08114066,0.1986823,0.23639204,0.14001127,0.6784945,0.15249294,0.088842526,1.302081,0.099604286,1.2493114,0.22746533,0.5762722,0.04335087,0.2765648,0.7456704,0.11140941,1.145466,0.22050445,0.14966615,0.635198,0.43577695,0.47980362,0.14209114,0.10593804,0.6608734,0.17544298,0.52338165,0.8097041,0.021473587,0.29982933,2.3439448,0.061076682,1.1324508,0.18405166,0.12182118,0.42403513,0.20237911,0.8544314,0.8554981,0.2976078,0.0,0.19208112,0.89118534,0.08534007,0.2689867,0.0,0.98633784,0.5992673,0.2426475,0.7523703,0.07762915,0.8848653,0.30613944,1.1412221,0.14440742,0.078437425,1.1579808,0.4317679,0.5539601,0.23491825,0.0952207,0.080569595,0.0,0.744773,0.5742279,0.0,0.9034875,0.7222863,0.36717027,0.3711807,0.7340235,0.17054057,0.25695255,0.32054657,0.27687025,1.1635442,0.43720505,0.3969153,0.19316801,0.0005531777,1.7376844,0.54710424,0.9215903,0.9735425,0.3889185,0.4108103,0.5755574,1.0754626,0.16865492,0.805979,0.008163739,0.02671397,0.516951,0.94450814,1.5992484,0.25245205,0.7950179,0.02691924,0.06922882,0.34126806,0.0,0.093587786,2.86215,0.1620779,0.018348208,0.12062906,0.9149746,0.029760413,1.3229672,0.1366887,0.00567091,0.38643938,0.024664395,0.0,0.31480783,0.53682476,1.9108386,0.07239453,1.4400779,0.07149109,0.70251334,0.59501356,0.47011557,0.2328997,0.7367862,0.8795935,0.51326823,0.3004946,0.60008264,1.1527506,0.79499424,2.045547,0.0,0.04692277,0.3378788,0.036292907,0.05725486,1.4716991,0.77411276,0.31438458,0.2853295,1.0475204,1.0065459,0.12325079,0.105009876,0.03526364,0.067260675,0.77774405,1.1410786,0.39926222,0.7880313,0.2142991,0.2955355,0.0009289247,0.7190824,1.4904714,1.437323,0.0,0.0016439405,0.22326009,0.27345568,3.4185314,0.20051613,0.09569038,0.26395458,0.5873058,0.2654535,0.8388032,0.06669985,1.8954225,0.20241378,0.018666057,0.47756076,0.17540896,0.65543705,0.15760338,2.526278,0.368754,0.4067925,1.9587609,0.29111728,0.3980595,1.65836,0.31719083,0.5718446,0.0,0.3085841,0.15903905,0.3135816,0.64171517,0.06692615,0.0027547558,0.13131246,0.69878465,0.1752265,0.8655778,0.4505411,0.0,0.062890895,0.14198062,0.62070084,1.2669976,0.1548309,0.024015073,0.0,0.410547,0.77233696,0.06912554,0.38570955,0.25764123,0.11864316,0.5884636,0.21098037,0.14342901,1.0992367,0.6724626,0.24007824,0.55705774,0.3128971,0.31231272,0.16323705,0.0338309,0.08936181,0.3774794,0.81943744,0.06792987,0.4775924,0.017646015,0.3005561,0.9589198,0.26466408,0.28043884,2.2683122,1.3312929,0.4681454,0.26492065,0.15496673,2.4116206,0.027172176,0.053536277,0.70897645,0.100107014,0.21872655,0.6646021,0.09203192,3.6635346,1.7597657,0.2552764,0.35767063,0.06493013,0.31825796,1.280829,0.0064752144,1.0578668,0.25313625,0.04362534,0.19541687,1.0140345,0.5642688,0.73787487,0.03565099,0.12691344,0.1119025,1.0050329,0.008436937,0.026742248,0.091235444,0.553848,0.41097507,1.655576,1.8576741,0.21078537,0.3989714,1.1423371,0.21427232,1.0044912,0.86392903,0.20223777,0.2792242,0.7808254,0.013886434,0.0,0.20929877,0.12119351,0.2710739,0.14593372,0.623334,0.668537,0.5846495,0.21499953,1.5734609,0.72041506,1.6977857,1.585144,0.28906626,0.6864795,0.22555284,0.68944716,1.7014602,0.23117943,0.4093023,0.21143335,0.1310622,0.21666227,0.08718244,1.1453897,0.3002106,0.3993967,0.40475363,0.17038268,0.22952071,0.0,0.056479756,0.32780844,0.7735647,0.58140165,0.9610034,0.10911017,0.0,1.6451429,0.21882623,0.48279828,0.20551202,0.80277866,0.45868257,0.058135714,3.541966,0.017235301,0.27165604,1.1566902,0.31600752,1.396955,0.010148306,1.1565126,1.2650411,0.6809822,0.47206733,0.62877685,0.29239568,0.85267794,0.8989643,0.3052146,1.014303,0.15110362,0.85428107,1.5628768,0.83793396,0.0,0.20691748,0.09966087,0.24754734,0.67768836,0.0862394,0.058855746,0.6552884,0.003159084,0.89648193,0.31406644,0.020913895,1.0490499,0.112834714,0.0,0.07216593,0.5643215,0.29464677,0.36348677,0.2991889,0.014281973,0.59072834,0.055626076,0.04045317,0.6240641,0.39968273,0.22364779,0.16991465,0.85714144,0.0,0.24527526,0.31808114,0.7315341,0.50447196,0.00058409653,0.2682073,3.255112,0.4886579,1.0067713,0.18525532,0.24115539,0.17494766,0.0,0.9121362,0.028791094,0.9846377,0.75778025,0.49315378,0.3596338,0.0,0.9902146,0.40654653,0.38819942,0.03195288,0.7511481,1.1893542,0.14251973,0.43468124,0.0,0.24546391,0.11126035,0.051348068,0.29439026,1.4685223,0.50826937,0.5231876,0.90481263,0.0,1.2364303,0.10804491,0.81529766,0.4187059,0.48705354,0.27823222,0.5100236,0.32518172,1.0464778,1.6022538,0.09202887,0.060707845,0.0012547617,0.014705157,0.006611262,0.95153034,0.08450409,0.37174022,0.7582187,3.4097009,0.66335803,0.3460202,0.03509153,0.79974693,0.18264797,0.0,0.5121843,0.61447847,0.34380254,0.15499921,all_pothole_images\pothole_images_image_153.jpg
2.4216337,3.0198,1.5440732,2.986831,0.68507993,1.7818111,0.61156535,0.097302824,1.9970808,0.2463686,0.27805904,1.2017074,0.8990217,0.57802594,1.1160779,1.0426128,0.6845258,0.567918,0.38599283,0.77010685,0.62409437,1.3769091,0.7841994,0.49609572,0.2679426,0.39523992,0.31998464,1.6985846,6.536126e-05,1.6733096,1.9448264,1.0275054,0.5925796,1.3297364,0.6184167,0.7134196,0.89536524,0.23648697,1.6411014,0.15869614,1.8109062,0.19266558,0.04452709,0.447821,1.7603136,0.54200244,0.11415858,0.36310887,0.96737033,1.6073496,0.31584382,0.3863596,0.6161639,0.11458906,0.4068052,2.3227508,0.54414666,1.1334767,2.830007,0.7979047,0.017044373,0.034730323,0.09590878,0.38502514,0.4173753,0.3563755,0.7048859,0.2611394,0.6484573,1.5798607,0.6891211,1.0339692,1.539618,1.0031606,1.3783576,1.9727709,1.3608577,0.9480272,0.093975514,0.41536945,0.97991365,0.41026098,0.19144307,0.9046125,0.5909978,1.2823789,0.09881759,0.35548642,2.981868,0.64781344,0.06289331,0.9290328,1.212635,0.7103724,2.3155131,0.18924657,1.5350124,0.8111865,0.2301749,0.08255094,0.015883341,0.06083443,0.6629327,0.4184727,1.9502413,0.31244266,0.043194186,0.29412112,1.1516582,0.20048225,0.09419341,3.0030131,1.5263104,0.9536296,0.49057046,0.36167604,0.6211393,0.7586711,0.5882671,1.2194875,1.1031221,0.22089332,1.2950479,1.4935262,0.15509287,0.7852056,1.8066823,1.2902398,1.0428957,0.41045627,0.83482057,0.46156567,0.12186524,0.06748881,0.40246734,4.168803,0.021570094,0.45532763,0.41443446,0.07193845,1.5020754,0.61237395,0.6554922,0.6945564,0.7025123,2.077031,0.0,0.341453,0.4298076,1.1694216,1.3655034,1.1185857,0.049011637,0.104145,1.2040443,1.4036903,0.35392419,0.433958,0.9571358,0.4212109,0.97751147,1.3115056,0.4371599,2.219902,2.6654427,1.1999086,0.42550266,0.22822705,2.580394,0.1132778,0.34401664,0.031223757,0.08768013,0.27008232,2.0295951,0.4102734,1.5648056,0.018217284,0.90148425,2.4918096,0.08245796,1.5643556,1.1225703,1.3748775,2.2819705,0.36755416,0.6840668,1.1527904,0.44495672,2.3968542,0.113515064,1.6070359,0.026726063,1.3820722,1.1151983,0.35940146,0.51756126,4.0267544,0.6341359,3.0024712,0.00693043,0.7720217,0.44858247,0.4773367,1.1489702,0.7732161,1.5378773,2.226353,0.9265949,1.929143,0.0258923,0.5588129,1.1740315,0.62701404,1.5224073,2.041542,0.2125049,1.2650806,1.2173494,0.44890162,0.5608889,0.79243606,1.382865,1.5058419,0.09618128,1.0508496,2.6751566,0.102034226,0.7124932,0.025277093,0.30846754,0.6296361,0.016188644,0.15593639,2.1662102,0.16358007,0.26026192,0.15511127,1.2531507,0.14337404,0.96743447,0.9898014,0.85634595,0.3666607,0.12317738,0.051470805,0.81535697,0.21484788,3.3819392,3.613537,0.25767416,1.1803586,0.73855996,0.055773765,0.3838623,0.0,2.430092,2.31295,0.29613823,2.9948409,0.13703276,0.10564868,2.2810194,0.4733692,0.5167365,0.94122547,0.54006547,0.41237313,2.2668777,0.6590388,1.998942,0.053368032,0.004241017,1.7894965,2.0234609,2.7201915,1.6905843,1.5574139,0.67643285,1.5802354,0.0,0.15053539,0.13170068,0.6099363,1.129257,0.4117136,0.14371656,0.05762069,0.74234855,0.9990968,0.07486209,0.8578102,0.086920895,1.2134234,0.66500986,0.059506964,0.47283417,1.2565824,1.4418341,0.44199362,0.2651018,0.09069203,0.46492538,1.0089301,1.7334514,0.103868425,0.7330345,1.4889604,0.17424434,0.016560419,0.3059747,1.5817444,4.6558924,0.81216943,0.57427275,1.3121185,0.081328966,0.87558293,1.8274117,0.869706,1.1504916,0.0,0.08791507,0.1294802,0.92450184,1.1546981,0.2677285,0.8998414,0.96276295,1.4086783,6.8958545,0.11519909,0.3621823,0.14193046,0.05234924,0.21926399,1.0552925,0.0049749836,0.12434376,0.0,2.6841218,1.261574,2.21222,0.43028438,0.23377374,1.6609942,0.86114806,1.7777425,0.0028000248,0.9513945,1.3687739,1.23901,0.089569345,0.4860244,0.30080768,0.42232287,0.35623512,1.2776564,0.02035707,0.71902347,0.20908967,0.4161284,2.9400666,2.405821,0.0,1.2147155,1.2877265,0.07161795,0.8017153,0.05176303,0.11553804,4.3308177,1.3653245,0.11355417,1.758313,0.8627579,0.7286653,1.3864278,0.97931534,1.105127,0.7122076,0.18781327,0.82631266,2.9354355,3.3070548,0.9056214,1.9147326,0.13289511,0.917061,4.234786,1.5989697,3.2630448,0.094050154,0.5049397,0.22509773,0.4141766,0.67973405,1.816509,1.5883507,0.025099833,1.5419866,0.87552524,1.2421892,0.3990391,0.47514388,0.14907332,1.4156346,0.026255023,0.004892504,0.40374056,1.6938479,1.0399226,0.34715143,0.83427566,0.0053694663,0.28988233,1.9960798,0.44716045,1.0982537,0.0011664346,0.9723925,2.396625,0.27876386,0.44644386,0.89916533,1.2675384,0.8007363,2.1601348,0.8810616,1.4220709,0.3082517,0.8487373,0.6431948,1.3935287,0.07988594,3.8295019,2.5597453,0.15995727,0.4283771,2.3459167,0.33297706,1.0999659,1.3470778,0.23176053,0.19394667,0.14593339,0.11767609,0.63254416,0.055022206,0.8289518,2.0319278,0.38764933,2.3522146,2.8151546,1.2811303,2.0001981,1.3908503,1.4668304,1.8385026,1.7542931,1.3298945,0.9789305,2.4209535,0.7684873,0.8733414,0.4943552,0.52157354,0.0,1.060587,3.3917816,2.5167072,0.61218464,0.7622846,0.15390128,2.6753044,0.5570115,0.50454926,1.920838,0.4041835,0.87041765,0.12300902,1.6868616,0.9858638,2.427663,0.05570437,0.5032903,0.7886779,0.7025537,1.7064002,0.2510941,0.13582343,0.06970575,0.32816046,0.23893516,0.070588425,0.059037644,0.2408102,0.055961464,0.84061915,0.1736374,0.69621694,5.4461274,0.7723104,0.83186305,0.6466241,1.1104668,0.22283973,1.06287,0.015756309,3.2495365,0.054348096,1.3906349,all_pothole_images\pothole_images_image_154.jpg
0.7208436,1.3447405,0.51591855,1.2846953,0.7274696,0.23459944,0.6950816,0.0,0.7370023,0.55537087,0.19009088,0.47979513,1.1643754,0.5492738,0.07075492,0.52837044,0.020920904,0.95867085,0.75301313,0.13085772,0.66392577,2.577882,0.40298414,1.1735709,1.4715906,1.1079609,0.27491724,0.7583871,0.00023183713,0.9240551,1.2766999,0.6311142,1.2962753,0.12538245,0.29373774,1.4783511,0.14809974,1.913487,0.59083074,0.46875694,0.018857356,0.04454898,0.13911015,1.8522611,0.4410197,0.3480197,0.0,0.026756184,1.4324918,2.1400888,0.45512047,0.17949405,0.91553044,0.14082076,0.101630434,2.1984253,1.6442053,0.5537834,0.92350775,0.08581909,0.14694203,0.3439405,0.22962704,0.41526076,0.812054,3.9789267,0.106903866,0.14063498,0.72299784,0.17434573,0.11817141,0.43192014,0.742261,0.20952271,0.54199827,0.2389877,0.1851354,0.25542602,0.38273537,0.17429274,0.37971637,0.1401355,0.4688516,1.509496,1.3225098,0.77996856,0.28353515,0.44101372,1.8149005,0.024934882,0.35647348,0.31001678,0.21057881,0.19503386,0.11357819,0.19255981,1.385891,0.6932547,0.587297,0.3097322,0.4097982,1.6254593,0.67622155,0.023391465,0.07842374,0.8085892,0.3543656,0.086079836,0.008342481,0.48828354,0.05498238,3.055229,0.32195738,0.10738754,0.28366077,0.44325286,3.4730148,0.65127826,4.685925,1.2889137,1.3069593,0.50130326,0.70075536,0.8140293,0.46149164,0.60132134,0.5111426,1.459498,1.8993542,0.07369018,1.1001343,0.018341538,0.06443656,0.0,0.0,1.0774027,0.21326798,0.16242303,1.0532439,0.23036537,0.19866818,0.5962715,0.004371997,0.774256,0.12399455,0.5112267,0.38907248,0.046800755,1.0811113,0.1887315,0.33094063,0.8091256,0.0069015,0.23167843,2.4622054,1.0865097,0.5926403,0.70799255,1.284157,0.08062361,2.2649064,1.5117692,0.09696452,3.599807,1.1093246,0.2913255,0.31969517,0.8070565,0.65397716,1.0684773,0.18176742,0.0,0.14942195,0.26792818,1.0776026,0.00034414878,0.24724038,0.05910338,0.53922445,0.21448182,0.027597733,3.2323241,2.5606978,1.258465,1.8012071,0.6701015,0.5398529,1.4904022,0.6409644,0.6607714,1.0714802,0.45159772,0.40553284,1.8126299,0.045184895,0.6821603,0.81270397,1.372943,0.22027148,0.6241664,0.005011476,1.0830346,0.90093476,0.74592185,2.8235059,0.7106937,0.5258994,0.9861962,0.793393,0.41116196,0.05572245,0.0,1.2125808,0.37928155,0.848644,1.6764914,0.086449586,0.64456546,1.2129676,0.09065946,0.28471768,0.49727178,0.76347786,0.49487457,0.094426,0.8149227,1.9992543,0.0419103,0.71678853,0.22113957,0.22939129,0.13637869,2.0595102,0.3996366,0.8752595,0.3006757,1.3917828,0.24197099,0.092215836,0.14010595,0.042118285,0.4555611,0.0987403,0.12046038,0.2279856,0.016618632,1.4404186,0.9906788,0.6019209,3.4555166,1.2829264,0.14868346,1.5316445,0.37753567,0.20229976,0.24401712,1.1013628,0.6782036,0.03788564,0.9981553,0.20631531,0.20236029,0.5506097,1.883276,2.051411,1.9146522,0.21623398,0.2850753,0.40741414,1.020371,0.22412834,0.5498415,0.040551525,0.60477346,0.98587036,1.5152736,0.8390344,0.17220162,0.47353646,1.2951553,0.7006066,0.81050885,0.056743264,0.012484926,0.5791377,0.51702285,0.5520795,0.7666181,0.99922407,0.53129935,0.19537205,0.15957324,0.9222652,0.6280925,0.045520533,0.024736373,0.20054568,1.2626991,1.0205934,0.08001008,0.4410516,0.6406812,0.2882928,0.33243755,5.048171,0.44388944,0.13973548,0.6429294,0.3036062,0.8633558,1.729706,1.4245129,2.635791,1.218688,0.16397367,0.15853591,0.12210403,0.15072806,3.6243927,0.44387183,0.086190574,0.03395986,0.031163132,0.14709632,1.0886873,0.020072686,0.7561357,0.3219578,0.24760567,0.0026471948,3.021146,1.0313537,0.31932884,0.2751715,0.2625588,0.4304643,0.92733186,0.037670143,0.017974388,0.10717659,0.29545778,0.68733525,1.2153857,0.25927567,1.039152,0.57689667,0.0016293258,0.11685102,0.3526672,1.1533873,0.39815995,0.86095786,0.19645382,0.23323306,0.07238189,0.59367293,0.41579655,2.2998087,1.4822237,0.9536291,0.082612745,0.85130954,0.18508558,0.15200958,0.14111897,0.19178915,1.9555293,0.7157762,0.2864154,0.38364327,3.186605,0.26204875,1.0208687,0.15100618,0.61571777,0.6273255,0.010795746,0.116728604,0.73534447,0.2642545,1.0532142,0.029407239,0.26026767,3.1613138,2.9422302,1.1931413,1.041887,0.18665735,0.22635251,0.93661207,1.0055138,2.469513,0.50208056,0.3016733,0.4142394,0.28773344,0.9548421,0.10733418,0.7073967,0.53555804,4.4937906,0.19273715,0.24066105,0.90719414,1.0851879,0.08016111,0.3491862,2.677686,0.014654841,0.11342112,0.80705655,0.9307589,0.29230434,0.7098731,0.04267028,0.06070886,0.5406028,0.027467303,0.4375102,0.023774832,3.025755,0.14888702,0.34350374,2.1092463,1.3935935,0.20217453,0.12784089,1.3745887,0.029321484,0.96681315,0.1514225,0.3416147,0.44962987,0.46263292,0.455251,3.3465977,1.0057371,1.5652318,0.38399372,1.0833967,0.19876762,0.24142216,0.15619604,0.90991455,0.07184245,0.1944238,0.48289216,0.8249029,0.10295054,0.6026882,1.0836924,0.65472764,0.02615809,1.0530591,1.5055221,1.642028,1.2948633,0.7874184,0.079189785,1.5670776,1.4202341,0.29426906,2.4450788,0.031335384,0.64977634,0.5133458,0.47758195,0.0153113445,0.5789198,0.92757976,0.4772684,2.122511,0.55179876,0.85471547,1.125315,0.46326122,0.53447425,1.4597588,0.13378893,0.012181534,0.110708684,5.360604,0.7593354,0.12589733,0.0025521168,0.20121525,0.46976742,0.0010183959,1.1140378,0.03545683,0.16600375,0.09946011,0.32775488,0.6115171,0.05235921,0.05676996,0.35467634,0.5581727,0.10882524,0.31957805,0.20907989,4.9755025,0.99474394,0.012541489,0.13210131,1.6635025,0.030312635,1.5305188,0.5972315,0.0,0.5104563,0.13945058,all_pothole_images\pothole_images_image_155.jpg
0.6833093,1.1513689,1.3183198,2.0277438,0.7025693,1.2828082,0.40215534,0.09180979,0.52633274,0.99295616,0.006832668,0.60074127,0.07061335,0.23167872,0.31468865,0.16357577,0.44637057,0.101844475,0.8065058,0.3198991,0.21872246,3.765146,0.88975,1.0083628,1.135406,0.43000525,0.5712711,2.8464377,0.34484318,0.001865745,0.8132704,0.19084829,1.1281,0.5438545,0.24052012,1.6137229,0.3524071,2.0493984,1.0115412,0.7946027,0.008389037,0.0,0.5078265,0.95345104,1.7251114,0.01480704,0.045088246,0.33369285,0.38901976,1.5317096,0.2383201,0.46241075,0.18685964,0.6159824,0.054236516,1.3333862,1.4252876,0.26570618,0.78982073,0.4156148,0.29140726,0.9406569,0.3410581,0.1762474,0.114534184,2.0368273,1.1498355,0.298587,1.3992862,0.42436644,0.052559968,0.2639689,0.6448354,0.004968568,1.2217315,0.8937717,0.57301587,0.7716123,0.38873458,0.47063535,0.11646062,0.07665486,0.39017043,2.781043,1.5772178,0.61348253,0.58110297,0.52106065,3.426745,0.9711712,0.18354784,0.12818752,0.115228556,0.09815473,0.89097905,0.18166542,0.83891684,1.1587079,0.9794645,0.12001788,0.2823529,1.9416105,0.46423885,0.7067151,0.3505168,0.10500916,0.17376642,0.16511326,0.11151219,0.20723523,0.12998427,3.85927,0.23013975,0.3093719,0.04352036,0.25116476,3.056869,0.23001651,2.6971679,1.1117011,2.3336043,0.346417,0.14106385,1.5244735,0.54992014,0.962641,0.47480103,1.4643549,0.8853423,0.11093397,0.9048234,0.021807091,0.89073867,0.2657942,0.3886036,1.0371361,0.29882944,0.23055862,0.5221004,0.48346487,0.22810984,0.32443455,0.13447754,0.8331375,0.18940566,0.81937957,0.64882547,0.11933899,0.24377258,0.57615995,0.68445677,0.71778536,0.042153172,0.22695252,1.9008515,0.055521205,0.15052406,0.33353806,1.3955277,0.18833183,1.2350602,0.7826511,0.00036283932,1.6536413,0.014552943,0.23342812,3.3908217,0.042853583,1.7406139,0.25491568,0.1769726,0.018424446,0.031721707,0.46579242,1.358142,0.123451315,0.523071,0.0,0.15970968,0.26452887,0.099808946,1.5839071,0.16661552,2.0305107,1.2074722,0.87148875,0.6722888,0.3081655,0.6026459,2.1800725,0.052551765,0.5403016,0.014224762,1.8537651,0.19315854,0.42089173,0.515516,1.2588434,0.49055117,0.52891296,0.1948691,1.0429918,0.16029364,0.14587773,0.7000403,0.091482125,0.49467537,0.29135093,1.2842681,0.14994992,0.087354675,0.08947501,0.6318541,0.23155273,0.46699396,1.2957702,0.15620466,0.054516196,2.6575618,0.39012375,0.7260328,0.054600943,0.24068353,1.9349321,0.2735729,0.10031386,0.7388955,0.41086304,1.3807974,0.08601603,0.56192446,0.015061372,1.9586229,0.17217667,0.3147115,0.09357409,0.7257233,0.03141148,0.0,0.025582174,0.13306184,0.16740645,0.37602264,0.07771212,0.045855615,0.0,0.3564354,0.21744245,0.6392934,3.2659214,2.065561,0.34767213,0.43497765,0.71459085,0.206936,0.020928776,0.55256635,0.120751046,0.35836926,1.5289975,0.38100472,0.0,0.11545183,0.33332115,0.22365385,1.2473266,1.3069866,0.44725043,0.57968557,0.2862683,0.23585403,0.49077088,0.21982887,0.70542115,1.2127578,1.4660201,0.038204532,0.1476402,0.57032835,0.62222403,0.30037004,0.08371631,0.36950612,1.9586635,1.8380322,1.0926048,0.9448756,0.4542339,1.5657977,0.64602244,0.02160805,0.49782237,0.11009347,0.9371626,0.07145605,0.18899673,0.43133622,1.6430202,0.6008731,0.8422457,0.11806168,0.31818593,0.19575296,0.8985993,3.0075047,0.40537128,0.18119442,0.33400792,0.8685791,0.17005344,0.4417486,0.18388768,5.025205,1.8104357,0.03871702,0.95541924,0.18239495,0.47825217,2.0871131,0.33410954,0.35690984,0.1091948,0.15451188,0.113252036,0.08946894,1.6442215,0.7748667,0.109251186,0.9123432,0.29156736,3.3350358,0.89043134,0.2407495,0.53079224,0.115421,0.52158797,0.15724996,0.4102091,0.32852343,0.0,0.31387597,0.27765036,2.5273254,0.14199167,2.1968622,0.6169527,0.032905005,0.008430155,0.14815113,1.7382051,0.7399186,0.64291364,0.24323452,0.5352963,0.23647922,0.7613284,0.22020999,1.3127056,1.5751069,0.548983,0.0,0.28452778,0.6246994,0.084200285,0.08592875,1.4097452,1.354746,0.19317614,0.4827917,0.49748424,0.6454028,0.23731315,0.9498099,0.009897539,0.69582456,0.5197743,0.37605533,0.60747975,0.03426088,0.549674,0.19954684,0.08046721,2.5962017,1.1658667,4.422427,0.5001004,1.4483929,0.016048405,0.40295094,2.661325,1.1335336,2.206518,0.25790632,0.5118552,0.09777031,0.0,1.1771663,0.30804136,0.016124459,0.823797,3.153237,0.0047916025,0.5465812,0.5566484,0.75905454,0.02518456,0.545651,0.35527235,0.046538897,0.060761508,0.86129236,0.0003959495,0.2555187,0.4916982,0.83744437,0.0,1.2918688,0.21517248,1.0714513,0.010768091,1.822288,0.7221996,0.15680356,2.998879,1.0149732,0.09569045,0.40372753,1.8645374,0.19984105,1.835929,0.7339163,0.030517349,0.9649997,0.49826902,0.7787161,3.682818,1.3600465,0.37289315,0.26460546,0.16767585,0.050256886,0.1882186,0.19740114,1.4605906,0.8641373,0.024571057,2.4472816,0.6960724,0.9949059,1.2452146,1.5072271,1.0252402,0.958692,1.2524464,0.8742789,1.2091947,0.87245846,2.0833158,0.3372772,1.128653,0.4806201,0.57340515,0.5318945,0.029475836,0.36594066,1.9464691,0.21219248,0.16008708,0.9319246,0.47788373,0.7600055,0.4502893,0.0018537892,0.5448509,1.1042694,0.43867275,0.050481714,2.014609,0.6562897,0.45839748,1.0905478,3.821087,1.1024848,0.744941,0.19102731,0.099211566,0.508468,0.7777434,0.470979,0.22060798,1.2811214,1.6432543,0.45173585,0.14301096,0.0045390674,0.032028016,0.0005142173,0.80396336,0.23946518,0.15697907,0.084455326,4.208701,1.3932337,0.38132697,1.3681469,0.81252646,0.047747184,0.90808994,0.7526078,0.35002148,0.15258966,0.7452386,all_pothole_images\pothole_images_image_156.jpg
1.2405125,0.57720745,0.40702608,2.503609,0.65440315,0.23207735,0.9654189,0.00010122,0.85624397,0.407448,0.25577152,0.37621516,0.20441858,0.8773878,0.09294952,0.35964864,0.09691929,0.44173807,0.43614405,0.41797918,0.69990087,0.48934236,1.4931602,1.8857166,0.5525796,0.23934005,0.027670363,2.6037948,0.032566644,0.054701112,0.4052759,0.18051106,0.598831,1.9566855,0.76700574,1.3428594,0.66379684,1.2176181,0.037495714,0.004802808,0.14335495,0.1660969,0.44172707,0.8272566,0.06588538,1.1553153,0.28532693,0.22566141,0.10865008,0.617511,1.8376579,0.5384188,0.41422716,0.019870402,1.2243993,0.9084071,0.5179677,0.90072536,0.90955836,0.2666732,0.38483137,0.70843476,0.23595254,0.06600262,1.9641557,0.5964408,1.176028,0.21887952,0.06441641,0.15553296,1.0111852,0.0021306777,0.13304378,0.029991101,0.8527784,0.0026170253,0.47071952,1.8092097,0.121637225,0.24922492,0.133664,1.3783085,0.01827456,0.9508863,0.63677603,0.39935246,0.0,0.111146435,0.8119034,0.4233975,0.52169985,0.37660056,0.014398406,0.13568261,1.1016631,0.34891814,0.46118093,1.22587,0.06517171,0.5888428,0.08634107,2.7184734,0.20741552,0.5796556,2.2181761,0.47321728,0.54535484,0.6325151,0.029248195,1.5000969,0.00042107477,0.113439515,0.10473975,1.6112022,0.80789065,0.2786862,0.25206035,0.4167531,2.6448662,0.5777928,1.3539301,0.27151132,0.3419974,0.50934786,0.5086155,0.8832693,1.0524552,0.82065785,0.07586039,0.21571442,0.6405368,0.08355323,0.27826497,0.13224728,0.15269502,1.3197796,0.86345595,0.09547761,0.050736323,0.2917347,0.9133797,0.035674416,1.4185576,1.4403574,0.07465198,0.2135202,0.045497693,0.07041949,0.25972593,0.55127233,0.27620783,1.1632478,0.38129643,0.30608326,1.368591,0.3322904,1.6652994,0.2672493,0.63950866,0.648046,1.986864,0.62261045,0.16275348,0.23182152,0.33921906,0.43161955,0.5895037,0.14633664,1.2791268,2.9940684,0.2749966,0.16068159,0.021493902,0.20848449,0.06694091,0.9117028,0.4442739,0.094822474,0.11924222,0.00988124,0.00055704406,0.96435994,0.33787605,1.902906,0.9608458,1.443234,0.5026223,0.42325127,1.0561447,0.5308257,0.40755862,0.23270272,1.6943783,1.9592693,1.2819595,0.54501456,2.3072546,0.8352695,1.5559204,0.08567347,0.8687192,0.33661506,0.5277757,0.09380609,0.08712966,0.94984776,0.80797863,0.032812938,1.6525488,1.1803682,0.030319115,0.39026144,0.21740088,0.43269986,1.3220744,0.88019156,1.134049,0.1809386,0.37118834,0.11546193,2.0214634,0.1407453,0.69787395,0.45449144,0.0040099174,0.11275322,0.4950299,0.31695616,1.5764173,0.410857,0.06696724,0.08366526,1.0343935,0.14580217,0.8272172,0.018129714,0.6176618,0.41776255,0.26807877,1.3132045,0.9523336,0.554963,0.25977138,0.828273,0.1367955,0.0,0.7609485,0.7257986,0.8162273,3.19785,1.9549143,0.89031947,0.0,0.4612935,0.4647181,0.34711793,0.052136026,0.032025393,0.46239346,2.0194876,1.0303751,1.8524615,0.1856163,0.3356348,0.0,0.4528297,0.5737674,0.5000357,1.6050433,0.84475,0.782421,0.10989529,0.18711497,0.19221286,0.0,0.6962942,1.6035978,0.65812886,1.0266672,0.3561725,0.014569118,1.0800295,0.8002766,1.1047108,0.1194966,0.18334231,0.5029581,2.130075,0.5291744,0.15805724,0.07292815,0.4738063,0.06535866,0.8184314,0.6709034,0.28562447,0.5416489,0.03679711,0.06523834,3.3431222,0.7300123,0.05402239,1.0063921,0.17299978,1.0705492,0.19125812,1.0020437,0.6710941,0.6996358,0.8224183,1.5798103,0.33828267,2.8213286,1.9921856,1.0632373,0.29542762,0.0032516867,0.81606966,3.8216877,0.3762717,2.082169,0.26949412,0.955934,0.16534019,0.5470123,1.7331543,0.15643965,0.2610301,0.21547444,0.57746375,0.4417777,0.0038560878,0.72673035,0.28058484,1.1009345,0.013511847,1.0750012,0.42807505,1.4934437,0.5555569,0.39931214,0.09527327,2.873929,1.2172359,0.53795975,0.60359687,0.11663746,0.74913687,0.7116362,0.16733475,0.22010523,0.57168907,0.01619488,0.35538468,0.21974306,0.40760094,0.20985022,0.98017657,0.03834676,1.2399122,1.7699455,0.4620454,0.9106871,0.65024215,0.043369293,0.0,0.92255867,0.75696385,1.3210174,0.44015324,1.1116481,0.21881135,1.04501,1.5769207,0.63521826,0.5001772,0.7174989,0.62744063,0.7869576,1.324732,1.661679,0.13979049,0.59380686,1.2696737,1.4376903,0.42434877,2.7532856,0.20809904,0.11902861,1.9482226,0.015370959,0.4961178,0.0,1.5075359,0.04782315,0.5583175,1.661596,0.49844944,0.9286369,0.28097787,0.6465172,1.0984986,0.8425062,0.113226146,0.45614678,0.7733773,2.472617,0.0054710493,0.102778435,0.4975455,0.14982033,0.27624872,0.9581333,0.565552,0.0,0.04984436,0.7749763,0.792556,1.1120797,0.14290944,0.44904506,0.9574457,0.13449499,1.8144248,1.3845383,0.6204671,1.7970269,0.26023751,0.8081497,0.80506647,0.05172124,0.65815264,0.72186637,0.5588935,0.6633746,0.2490286,2.243223,1.2303979,0.83809775,0.25123405,1.5692846,0.05655694,0.13193448,0.15937833,0.47309136,0.0,0.53221625,0.022130212,0.61478573,1.2803515,2.6230135,0.32911527,1.5596381,0.17682707,0.6714391,0.15413924,0.07163292,0.051780242,0.3368861,1.3587697,1.848782,0.4162801,0.9961772,0.4340343,0.52556825,0.18998393,0.1637794,0.39398402,0.40658188,0.39787385,0.4889492,0.892846,0.024304837,0.56361413,0.57593906,0.024644049,0.5139558,1.6864315,0.8026401,0.00732011,0.570825,0.8939924,2.9074564,0.33768705,0.11979555,0.038103875,0.12139916,0.23187093,0.9566331,0.025456782,0.380156,0.65511423,0.023107031,0.93694687,0.13868137,0.0,0.12509298,0.23215854,0.006071355,0.29237467,1.4800035,3.1962254,0.254002,0.66033995,0.06538014,1.125782,0.99467224,0.0915535,0.49029002,0.26088157,0.037864916,0.051040735,all_pothole_images\pothole_images_image_157.jpg
3.3819249,1.4280224,0.28262565,1.7183245,0.8873073,1.4696563,0.29285088,0.0012647035,1.2776881,0.44173756,0.2583463,0.21122998,0.20407803,3.4764764,0.86510396,0.33490473,0.12953109,0.28086144,0.8268842,0.28648436,1.0867636,1.8971773,1.2835563,0.84491575,1.7429062,0.6702127,0.6337457,1.2754173,0.18379316,0.57035726,0.13010634,0.52571017,0.8332421,0.16006418,0.42634144,0.2047209,1.7017112,1.0954424,0.88716686,0.17042178,0.13095829,0.3722846,0.76870257,1.5384421,0.33092937,0.2940992,0.050079208,0.19777481,1.5446197,0.9342985,1.1419389,0.0656326,0.4268437,0.07368725,0.035986118,0.25917828,0.7826722,0.1277279,0.26943505,0.80508196,0.076574765,0.05930477,1.391437,1.585608,1.3852775,0.0377885,0.8356772,0.07575402,0.106332466,0.26570573,1.1044241,0.5561976,0.28250688,0.7985326,0.56667286,0.4920421,1.7300293,0.9541398,0.43696633,0.05456132,0.9394575,1.0496064,0.41098282,1.5758804,0.22721605,0.64225847,0.1944345,0.015852515,1.4543703,0.00030320088,0.54562914,0.52934664,0.61022747,1.1508404,0.42200413,0.09905992,0.88120484,0.24439307,0.029189065,0.28437755,0.17931397,0.36083642,1.9944338,0.07266413,0.18433803,0.7418193,0.6084327,0.07061294,0.031232899,0.9398842,0.6183101,2.016849,1.2156992,0.0018049869,0.60639274,1.2850299,2.229179,0.37820658,0.79455703,1.3223385,0.58119357,0.1295922,2.7576318,0.25197,0.22446963,0.201797,0.0010022848,0.36780676,1.367128,1.9934156,1.8315874,1.1358553,0.45920566,0.18448432,0.06760549,1.3709941,0.9603996,0.12705228,2.76598,0.18575518,1.2534865,0.54493475,0.3109279,2.3998227,0.93360543,0.27965358,0.74180305,0.15039924,0.31630257,0.7452386,0.53450155,0.6749031,0.2019127,0.8337619,1.1203864,2.031407,0.5737194,0.7351461,0.7172944,0.7597647,0.5882015,0.2514198,1.0404035,0.58381677,0.766671,0.026305964,1.1188232,3.2886307,0.38178253,0.9361178,1.226913,0.044558004,0.05675723,1.8264272,0.016277948,0.6223125,3.7611706,0.3336702,0.55801564,1.3547232,0.05533483,1.2400451,1.160069,0.8789366,2.7625926,0.77134025,1.4140449,0.34110838,0.22038472,0.1936098,2.24193,0.16571012,0.34451637,0.19781475,0.38171712,0.9274634,0.8071071,0.4436179,1.9840803,0.7183068,0.18193871,0.18361321,0.9216614,0.75882757,0.3278247,2.4639444,0.1819842,1.6327821,0.4811881,0.040061347,0.99435997,0.23607223,1.1542646,1.8266362,0.69741726,0.4480182,0.68491936,0.015430031,0.663378,0.6493587,0.7997076,0.058495738,0.33412582,0.63373893,0.0,1.0028082,1.246788,0.7360638,2.7035334,1.1756227,0.27584648,0.51210076,0.18792598,0.51758146,0.3620547,0.3578166,0.6782164,0.7280257,0.1860939,0.36017594,1.0192813,0.02357778,1.3561728,0.21724463,0.15737207,0.06527932,0.96929616,0.74741495,0.87265986,2.5995626,0.09300541,0.11649508,0.19820622,1.1311927,0.013333361,0.6234813,2.3558772,1.2321904,0.18832175,1.894063,1.7534215,3.3863103,0.6612882,0.22110616,0.36296234,0.5768933,0.11157493,0.8244736,0.94196844,2.9907465,0.033703055,0.37219626,0.55997264,0.029200884,0.03620093,0.41120473,0.4898079,0.37531576,2.7864904,0.15535077,0.26227194,0.83507156,0.9497251,0.05844824,0.735681,0.5678925,1.1479884,1.4095724,2.0439742,0.4728517,0.03933573,1.3111979,0.5952145,0.24144866,0.123851314,1.5342901,0.7229745,0.48106286,0.7700642,1.5018352,0.78516614,0.38408104,0.017520683,0.0905186,5.223188,0.51703936,0.41518176,0.7314812,0.8506948,0.017499357,0.29089183,0.37988076,4.1544986,1.0843728,0.009775119,0.081878625,0.21245113,0.30970636,2.1615446,0.99528253,0.07693355,0.2595868,0.9611456,1.1942537,0.47028837,0.0,2.4362519,2.2280092,0.29026115,1.5498087,3.6857314,1.0479605,0.28482425,1.6539619,0.12960048,1.4200679,1.7576586,1.6335872,0.40886852,0.241222,0.36368614,0.8427,2.2179432,0.51842123,0.19255817,0.042543177,0.11146372,0.55811894,1.8566343,0.7406832,0.014765041,0.39868498,0.40933004,0.4985216,1.2531229,0.24076824,1.3354082,1.2252887,0.30775148,0.8103631,1.0147238,0.34455115,0.40827057,0.19966863,0.8559494,0.021459451,0.7411428,2.3032563,0.4390689,0.1503499,0.59958595,0.041300733,0.8640138,0.2876045,0.7548853,0.71940255,0.14750409,0.8720756,0.5973996,0.23883593,0.95181364,0.018578617,1.1929166,0.8072412,2.7358012,0.25852326,4.060175,0.7256276,0.42765898,2.261717,1.3815721,0.15543339,0.4935134,0.4675476,1.1140908,0.14031363,0.62173766,0.37624964,0.5514993,0.1598883,2.0114489,0.5287432,0.07936777,1.5510789,1.2899159,0.37179545,1.1025944,1.030708,1.4648789,0.37000266,0.040453132,0.14741549,0.5472191,0.43171087,0.18743218,1.1833324,0.055976167,1.7336469,0.07952987,0.12602523,2.1799142,0.76336014,0.47825,0.7895534,0.22290702,1.6392311,0.20904864,4.352537,0.11829529,0.9494543,0.13709848,1.7429572,0.31080768,0.68750495,0.82286793,0.9935865,0.3444593,0.6567681,0.06826446,0.15906069,1.0857302,0.29342312,0.08625123,0.05869281,0.11328389,1.5659649,2.996209,0.017035965,0.64552027,0.43948823,1.3573034,1.0316569,0.66409147,1.0842391,0.19945818,0.04613143,1.0738856,0.13476111,0.21016249,0.40673056,2.3109462,0.5900319,1.3270909,0.0031739655,0.13755468,0.38068745,0.08805898,0.63723207,0.0017061871,0.9434469,0.07175297,0.608815,0.8470493,1.0982038,0.8936303,0.040025063,0.82817847,0.58272564,0.7881985,0.7311521,0.1996055,2.3975096,0.19432853,0.32893527,0.33842626,0.48760137,0.6313735,0.5299213,0.73479956,0.4917883,0.65690863,0.4032307,1.0180173,0.5641838,0.0,0.1978371,0.25969872,0.46736744,0.06206054,0.32690015,0.79013115,2.102838,1.0611024,0.6889718,0.16740184,0.20944533,0.8751415,0.46990195,0.10728812,1.5279559,0.010174518,0.35797998,all_pothole_images\pothole_images_image_158.jpg
2.1613314,0.18550003,0.06488471,2.199705,0.5057928,1.2009156,0.37267253,0.00441121,0.552627,0.21233508,0.19589612,0.026271533,0.50251865,0.52286905,0.28873003,1.6657665,0.38124782,0.3312218,0.30725625,0.005023728,0.36343136,1.033617,0.57253313,0.54596287,0.6563925,0.9430741,0.049871467,1.3186238,0.020069245,0.35582888,0.6273027,1.1709734,1.2773788,2.1568189,0.11119118,1.250881,0.49462625,0.21466422,1.6045163,0.17205475,0.1313184,0.031719472,0.20322962,0.57651925,0.25450456,0.6072348,0.019170841,0.11349449,1.9969177,2.9624019,0.98618275,0.23454235,0.9784378,0.28609687,0.28397605,1.9291797,0.86018324,0.443246,0.71378607,0.021278566,0.018118078,0.8326032,0.018399544,0.43564063,0.6449038,0.7679205,0.099450015,0.7912914,2.44517,0.16468245,0.044064507,0.6430459,1.1870517,1.1830747,0.22640978,0.7411002,0.095558085,1.302914,0.51420856,0.121814094,0.078088164,0.37845132,0.7917156,0.10468208,1.2148123,0.15323654,0.69409966,0.13139962,2.7525187,1.219478,2.5542305,0.28362218,0.25765875,0.6162722,0.6279268,0.045334384,1.7431681,0.16153522,0.015638271,0.7029013,0.24487083,0.9376239,0.89273036,0.049818236,1.711528,0.20556484,0.25972542,0.46973968,0.332383,0.8223061,0.0,3.372472,0.9404335,1.2888707,0.015505368,1.1082565,3.3585494,0.7162659,3.4990153,1.5837181,1.5224173,0.31740993,0.4100826,0.5040907,0.10481532,1.1273991,0.24295044,2.4463825,0.32474345,0.0,0.17622331,0.0,0.09259084,0.0,0.014399878,0.6643123,0.49538213,2.0349789,0.1421279,0.41415787,0.16262633,0.00013030651,0.3769801,1.3159947,0.0,0.9291235,0.04383109,0.70732486,0.50639814,0.076581515,0.3363814,0.80793536,0.3547431,0.29605007,1.828096,2.8102946,1.196198,0.1306042,2.0842712,0.023299957,0.72370005,1.6136405,0.07055111,0.81411386,0.8553423,1.3137616,0.0434576,0.0,2.3386455,0.87087095,0.15950635,0.27990085,0.05226558,0.033931978,1.8620687,0.0,0.26975682,0.08324152,0.9913258,0.47939405,0.08990736,3.0779088,2.7519302,2.2508588,3.0481346,1.4930899,0.8434207,1.4178127,3.040855,0.85989815,0.021583203,1.0706415,0.14665565,1.4415392,0.44624823,0.298323,1.936611,1.1041611,0.9431504,0.41214877,0.71145356,1.6404294,1.7909913,1.3163711,2.2799194,0.54787683,1.0530717,1.2633929,1.9467963,0.15196346,0.039566427,0.00071464386,0.74235743,0.15624644,1.0188954,1.7006729,0.11212705,0.38526088,0.17144822,0.17809317,0.26811752,1.1772608,1.3329262,0.3997729,0.16006072,1.0791619,2.6896698,1.0282878,0.7823871,0.14390208,0.029686864,0.10334989,0.8396401,1.6388317,0.6764483,0.82723343,3.6009614,0.06536141,0.5947726,0.36045003,0.6066367,0.9377323,0.0107676275,0.026217671,0.39612737,0.02367472,0.49553534,0.30884576,1.4202706,4.0677733,0.33802313,0.7154293,2.962482,0.8121827,1.0116225,0.004581753,0.26599428,2.262253,0.2618133,2.2212255,0.03509782,0.28382596,0.4251971,2.9441652,0.7372541,0.5614376,0.7430762,0.8869286,0.71790415,0.5220596,0.047066618,0.08556291,0.05083822,1.4415205,2.221449,1.4280214,1.1102097,0.13356212,0.7475767,1.2500552,0.0,0.38672233,0.06346019,0.076967746,0.15233667,0.80015314,0.52157223,0.69533443,0.68477154,1.2024952,0.9308649,0.53330517,1.2042738,1.6606194,0.07341717,0.21292657,0.59072465,1.2603374,1.0192405,0.032743517,0.4266864,1.5893825,0.046119396,0.94041127,4.4325724,1.5227139,0.2133142,0.7449201,0.6157863,0.34666175,1.4167844,1.2445619,3.4832613,2.3210003,0.0,0.6429786,0.004147122,0.20651187,4.248287,0.31342015,1.1986446,0.31257465,0.32492334,0.25153288,0.7907809,0.15004513,0.15974258,0.51755244,0.12735312,0.03694671,4.0546575,0.30156198,0.29168963,0.0027534424,0.12378195,0.36536968,1.2684283,0.087327704,0.028089512,0.8760232,1.101832,0.2770546,2.9326787,0.7139,0.4865859,0.8955466,0.21842368,0.27700844,0.45764828,0.65226954,0.30117875,2.5053873,0.28327388,0.07731383,0.065425284,0.43486893,0.33387592,0.5087661,1.3278403,1.9699937,0.0,0.30862266,1.3036028,1.0760126,0.44003427,0.56681985,2.1472995,0.21735023,0.15785573,0.08166698,2.5620942,0.5159857,0.93420154,0.0,0.5865426,0.35316008,0.13217176,0.3919716,0.63471794,0.15172166,1.6795646,0.0,0.054746713,0.6807256,3.3981037,0.94912404,0.4232549,0.030567251,0.34034312,1.0448766,0.84753275,3.066372,0.43336412,0.0048480094,0.32949796,0.075401835,1.3328552,0.6703153,1.3642502,0.23975882,4.3955173,0.8413455,2.111066,0.026274204,0.65945697,0.2959561,0.41179457,0.36326212,0.053762008,0.19442733,0.6081365,1.0849173,0.40792903,0.79271495,0.01508885,0.082402036,0.62690824,0.09931056,1.0024595,0.07174229,1.9635862,0.48864472,0.5350747,1.0159137,0.74679625,0.10367499,0.39037266,1.1529853,0.03587764,3.2142725,0.23447768,1.5439372,1.556283,0.92831373,0.34321007,5.777625,1.6275355,1.0875182,0.0079796715,1.7859659,0.90401316,1.6932335,1.2011837,0.52744687,0.20540924,0.060913008,0.22186422,0.329253,0.029959649,0.41895768,1.5273048,1.6313008,0.32702884,1.9119456,0.6021859,2.085523,1.0334203,0.36522397,1.222753,2.5936081,1.5280219,0.4902363,3.587984,0.34076717,0.83133495,0.6744897,1.6856598,0.044691168,0.023353763,0.1655899,0.6054311,1.0817493,0.24708393,0.1712126,2.402477,0.092279814,1.8076305,2.3471003,0.46053433,0.2607764,0.00523585,6.7864265,1.3647239,0.6780004,0.0008371328,0.4180013,0.47058606,0.4230343,1.8487704,0.046913084,0.5029326,0.8343202,0.16700818,0.90092796,0.36110362,0.0122908,0.19669148,0.21709709,1.1261772,0.14036414,0.48378322,6.216854,1.517319,0.9082192,1.5203661,0.73337466,0.85115516,0.3786352,0.6747696,2.1303635,0.10536357,1.1674596,all_pothole_images\pothole_images_image_159.jpg
1.6926813,0.28877294,0.24051622,1.662465,0.052041084,0.06025668,0.19903533,0.03713807,0.4133286,1.4684993,0.8718619,0.9867016,0.89409745,0.7329215,0.207491,0.8535249,0.14665937,0.50201577,0.4133521,0.03269839,1.2142681,0.9474669,0.30474776,0.22017457,0.5336286,0.7440381,1.1518649,1.699843,0.27840412,0.46124142,0.5345366,0.3685005,0.33685258,0.4812295,0.35070676,1.0657153,0.31565544,1.2695156,2.4348783,0.28409722,0.03399631,0.39128405,0.26131776,1.7332283,0.7350289,0.010338271,0.10824669,0.055716056,1.0668716,0.33091488,0.20778558,0.020362578,0.32337484,0.0,0.002235183,1.0081269,0.19583915,0.46052855,1.1346209,0.44251612,0.1309741,0.7401976,0.091089696,0.22003692,0.76637655,1.492476,0.23770106,0.29551092,1.0231605,0.17802343,0.0792601,1.0005168,0.63373625,0.7815147,0.47303456,0.37009645,0.54669195,0.299527,0.0017806382,0.025985178,0.29706502,0.21641022,0.024940548,0.7684994,0.6396542,0.11206888,0.14844912,0.59207344,1.7425797,0.9961703,0.23187466,0.44048643,0.38465682,0.41707414,0.8083301,0.21907225,2.5477443,0.8974771,0.5363701,0.53851503,0.12014651,0.0020664881,0.44974238,1.3278246,0.9477451,0.17777343,0.24539389,0.088251695,0.3179921,0.17161748,0.0,2.2910361,1.4985735,0.32936466,0.106756695,0.4382271,0.7523333,0.4859852,1.1765418,0.9858559,0.5533325,0.12906836,0.11676818,0.17185183,0.47116268,0.19910629,0.7472713,0.10996985,0.66579,0.145586,0.22810964,0.14972396,0.469796,0.056576543,0.05155214,0.9933038,0.19620821,1.1382471,0.54016334,0.0046493476,0.018451663,0.61187595,0.14424255,0.2810763,0.06499793,1.7692562,0.64979875,0.0119707305,0.98334,0.4871401,0.4831907,1.1587615,0.0,0.39170945,1.2890742,0.7747714,0.07643822,0.14570045,1.0522116,0.55108476,0.45574677,3.0236063,0.102293506,2.241546,0.34183246,0.94945127,0.4850258,0.0068172156,0.55057013,1.0681663,0.11754914,0.07895383,0.04996254,0.35140294,0.08420299,0.013616196,0.23340711,0.0,0.7375295,0.5822024,0.26814362,1.7680882,0.7199596,0.33105975,3.2192297,0.6029431,0.06453398,2.5475,1.4529257,0.41679057,1.0563638,0.86264634,0.08221367,1.5357239,0.07242323,0.19650742,1.0898495,2.1445477,1.363834,0.13211103,0.09462185,1.7403567,0.55660915,1.0815262,1.5605851,0.30269662,0.013368314,0.60160375,0.8299716,0.2919218,0.0,0.036668655,1.1699748,0.11919362,1.413458,1.4255824,0.09650416,0.21390177,0.260437,0.29293162,1.6306251,1.156364,1.3669196,0.5728961,0.08694108,1.4146199,0.9051888,0.0,0.9875304,1.1594789,0.024695208,0.6081245,0.24247114,0.8131373,0.13816445,0.5089025,2.3835773,0.0600911,0.20182456,0.32408676,0.49317074,0.6730146,0.02772472,0.034736816,0.031516884,0.11612883,0.68780845,0.023123361,0.61355764,5.244716,0.26166892,0.24337229,0.63325465,1.1769599,5.1191604e-05,0.30525786,0.8984974,2.2860355,0.14447229,1.9046953,0.3575618,0.031467147,0.57396686,0.9369474,0.63819766,0.73830706,1.4353114,1.7206141,1.0490953,0.046564996,0.96247506,0.16122086,0.0058958977,0.87085676,2.4849918,1.64293,0.56427664,0.05372063,0.03707946,0.75631714,0.27521178,0.46929628,0.83031523,0.15692355,0.06352094,0.48518634,0.95162964,0.18657595,1.1202611,0.96171194,0.20491952,0.06114733,0.5082223,0.27387995,0.660038,0.00063262205,0.85309094,2.3640976,0.5653339,1.6304358,1.2188692,1.4981165,0.029292654,0.66828966,4.4453955,0.581009,0.24092565,1.0045954,0.18562979,0.09035122,1.064617,0.45310542,3.1354861,0.83301795,0.13286552,0.8874682,0.32411638,1.293234,3.2941003,0.46570158,1.4527429,0.14797312,0.5110218,0.061504386,0.28856814,0.10899039,0.23647705,0.12283208,1.011964,0.16853473,3.6049414,0.11495231,0.012492466,0.15001191,0.7679672,0.03751386,2.1418216,1.3287338,0.1596411,0.29410565,0.00042196314,0.14682744,1.2408376,1.8984183,0.23669976,1.9037862,0.0017644482,0.2239634,0.22253771,0.77221197,0.33328444,0.87302583,0.15950318,0.020119011,0.16844186,0.044134066,0.068217136,0.66902703,0.0072391164,0.59280723,0.05137203,0.17678966,0.40116578,0.91103286,0.19612594,0.1046141,1.3705338,0.07138821,0.24253167,0.012212582,1.5635073,0.89553565,0.17897987,0.0234441,0.2412034,0.14132443,0.026035342,0.1154898,0.8616481,0.40773466,0.9155668,0.052157372,0.931334,0.98905957,1.9971462,0.610155,0.67462116,0.0,0.0759426,2.2750735,1.6759067,1.4098984,0.6465686,0.29359442,0.7414708,0.16271111,0.37234986,0.39484486,0.79168683,0.016034704,3.195521,1.1010294,0.3655661,0.050354946,0.62488866,0.16348171,0.28413787,1.5131156,0.21504071,0.030751493,1.0555712,0.7153834,0.5725007,0.7629983,0.0,0.0056987153,0.10019631,0.56557983,0.06865496,0.38559103,1.8911601,0.4349555,1.077633,0.87099504,0.76693314,0.19298509,0.67605764,0.57759005,0.16769907,0.9521655,0.023686938,0.6163127,0.7946168,1.1083114,0.09148152,2.0372972,1.6615897,1.3410009,0.71345735,0.28405622,0.20162112,1.6832378,0.29600722,0.3760786,0.04069353,0.02723396,0.031639263,0.22423156,0.15443468,0.5868968,2.0965276,0.38177896,0.7723225,1.7641547,0.8495217,1.3376075,0.52749807,0.18615143,0.9048242,0.8944962,0.4790254,0.06745423,1.5943061,0.0,0.13192914,0.39007366,0.2508296,0.057587504,0.1897075,0.24738187,0.21995573,1.059506,0.18907632,0.111218005,0.4744265,0.09102148,1.6512123,0.9090908,0.23562849,0.15287937,0.28686014,2.1942823,0.8986383,0.2526588,0.009181996,0.45360312,0.64872235,0.008763936,0.9554806,0.0,0.82415193,0.21787605,0.35179496,1.4053411,0.0,0.16464381,0.053431675,0.09364843,0.05180243,0.18416595,1.112476,3.739261,0.61629164,0.34286726,0.61656445,1.4701588,1.1941336,0.39981005,0.60169804,1.6130494,0.33110955,1.341262,all_pothole_images\pothole_images_image_16.jpg
0.93184674,1.2299708,0.015330706,0.7686895,1.3013133,0.429759,0.85214764,0.35456917,0.045072578,0.7399552,0.2108091,0.3915522,0.17127983,1.4463297,0.88347375,0.61905843,0.23980011,0.73665875,1.2164228,0.11391069,0.75578594,2.3918366,1.9763241,2.426223,1.2649887,0.22718209,0.12851167,1.861464,0.0,1.3629823,0.327617,0.017325792,0.1422498,1.9677796,1.0313518,1.0927882,0.2970681,0.36515123,0.27444038,1.6847322,1.2479172,0.42629483,0.12185521,0.08600439,1.9614186,1.252741,0.49183217,0.014549278,2.0266168,0.31275156,1.5119036,0.89961964,2.4496748,0.6192045,0.6220335,1.3882555,1.3524883,0.2613023,0.6348147,2.0614548,0.103630796,0.20256335,1.5943451,0.88521606,2.54013,2.6921701,0.6774612,0.47197926,4.8541784,0.271055,1.545687,0.8101565,0.9557869,0.27632114,0.31730348,1.0463982,0.32331166,0.005797498,0.56311035,1.5875788,0.050070114,1.9868848,1.2943382,1.722456,0.4260678,0.9562124,0.4130136,0.69451624,1.696517,0.19850565,0.05657888,1.7263684,0.70812035,2.6896896,0.0815033,1.640854,1.2910801,1.3079915,0.08341653,0.071167946,1.7418985,1.0582906,2.3002849,0.13022384,1.0072801,0.9875027,1.7820379,0.8767866,0.13267545,0.45565173,1.3791037,2.7272058,2.042608,2.121281,0.5919577,0.98375714,0.65470284,0.98536557,1.703061,1.1902481,1.7760779,2.1259968,0.90504366,1.1976979,1.7057132,1.1836582,0.14870453,1.2512562,0.07351051,1.1983203,1.3952948,0.10931668,1.7468909,1.3464785,0.80461043,0.6510893,0.25044128,0.10291921,0.6480029,0.079143785,0.40022022,1.6203066,0.035379097,2.2175314,0.8477532,1.0609635,0.552863,0.7627107,2.4444823,0.19197664,0.24731033,0.8574816,1.3284655,0.19045132,2.2640772,0.43390062,1.5616685,2.458913,0.5662769,0.6520806,2.7274761,0.35145023,0.10535346,2.77624,0.9757496,1.0792041,2.162894,0.10034006,2.5093358,1.4727998,0.9778776,0.70258623,0.12602197,0.27092895,0.9778433,0.7494612,0.1904981,0.9582736,0.90431446,0.78990155,0.04731946,1.3963819,0.39141348,0.23472096,1.6738073,0.7666674,0.66426784,0.1268079,0.6514792,1.0449556,1.6098417,0.39023823,0.5014869,1.642234,0.033570345,1.4050573,0.5947726,0.32082704,0.040180165,3.4873836,0.93521243,1.0492057,1.61958,2.031115,0.8002445,0.17796287,0.59603345,0.39457545,2.089934,1.6485484,1.1738613,0.25707895,0.15758309,1.5883597,0.6771936,0.7928838,1.4627255,0.15533032,0.21143283,0.85428274,0.26150987,1.7664436,1.1242255,0.6408628,0.5154058,0.69333196,2.9718132,0.33682612,0.7365064,0.1990915,0.21661836,0.08676144,1.7499672,0.017755618,2.0097034,0.29447407,0.12513568,0.6873667,0.14014629,1.6371086,1.6960771,0.8333899,0.11602441,0.15801677,0.43920138,0.0098272385,0.8263891,0.33068126,0.38035518,3.4348552,3.4105468,0.99889946,2.2227879,0.11809442,0.32331157,1.1151891,0.430159,1.8781567,0.49005702,1.6876824,0.7211483,1.0890044,0.5394159,1.2450495,0.27894947,0.71216965,0.3914934,0.29063517,0.5004521,0.057598785,1.2161815,0.7734694,0.66096306,0.62123555,0.49146175,1.8380485,1.9517065,0.8325245,0.06442961,0.8741705,0.17229445,1.2285209,0.83757687,0.26844802,1.9595213,1.0439409,1.5604897,0.3997667,0.83463365,0.42528713,0.21897933,0.7195249,0.11675714,2.9591959,0.16962668,0.077982314,0.8870693,2.0401542,1.7384288,1.8288739,0.27534497,0.38277653,0.08247687,0.43554285,2.1878853,2.0514164,0.38925794,1.0494635,0.10369752,1.1744971,0.8359048,0.47402215,3.278337,1.8662605,0.5145243,1.1686971,0.9960018,0.13366352,1.705923,0.6193214,1.2149688,0.14105506,0.5657376,0.49221623,0.621645,0.7465884,0.10558596,1.2890035,0.38443136,1.1295289,2.0766509,0.69112676,0.9491664,0.024570314,0.1497893,0.6708178,0.3304835,0.10741498,1.0391439,0.2579377,0.90863675,1.9344454,1.7914727,0.5059944,0.053631436,0.98754424,1.946745,0.56604207,0.21788956,0.031225232,0.06848574,0.8711487,0.48732117,1.0248463,1.867279,0.33402634,0.2565525,3.6230767,1.719151,0.4945762,0.5299282,0.8808322,2.3457565,0.285493,0.23219015,0.10759135,2.4983974,1.3252468,0.49114078,1.4815973,2.948399,1.0365752,0.6271656,0.6846093,0.15507913,1.219174,0.41528282,0.17113857,0.4280678,0.94436705,0.7971437,0.3422956,1.1689194,0.8026235,1.810142,1.2410096,2.2351377,1.0454024,1.7480731,0.43594298,0.02466518,1.9351501,0.2569988,1.2225465,0.4545246,0.21198381,0.72166693,1.8192894,0.38514614,0.90854824,3.7064397,1.9183754,0.164942,0.3663138,0.030333187,0.5989821,1.9027308,2.304871,0.9659208,0.56094867,0.8364953,0.28123644,0.35763308,0.43845972,0.4000538,0.18376152,0.526371,0.6392894,1.143099,0.68817556,0.8868292,1.7234513,2.8649538,1.209667,1.8876344,0.0683073,0.5365235,1.7741839,1.2593386,0.5658598,1.9133253,1.4206553,0.446047,0.7324684,1.5055053,0.96130013,0.5766166,0.20795016,0.32918513,1.9486717,1.2552744,0.37947914,0.39601383,0.99451095,0.8397175,0.2735785,2.9081452,0.3023824,0.44913903,2.8602421,0.8380105,1.0386772,0.76633054,0.17900957,2.240988,1.015698,0.79039747,0.4207713,0.8996655,0.34487393,1.1672959,1.0566458,3.382471,0.46762264,0.445729,0.3369852,1.5209345,0.25181273,0.42003155,0.29947436,0.4376507,1.3492854,0.14524224,0.7921155,2.4999063,1.6266466,1.7934349,0.12615763,0.011625389,0.021386325,0.513731,1.9864595,1.4994777,0.7663859,0.21359159,0.6448024,0.35654187,0.590552,0.9871132,0.120668635,1.8547101,1.7715538,0.6225055,0.35115618,0.28382304,0.8662471,0.45005253,0.119275525,0.94436187,1.1037236,0.65891886,3.0466027,0.18443294,1.0524696,0.31517726,0.087791316,0.092550926,1.0259528,0.485619,1.5325903,0.6945058,0.16795802,all_pothole_images\pothole_images_image_160.jpg
0.85440314,1.8523856,0.7866844,2.3849216,0.18549526,1.0617759,0.08455388,0.21633479,0.75542915,0.6379498,0.7146905,1.4218559,0.021446303,1.7830737,0.719305,1.1852952,1.1791017,0.18813588,0.90795845,1.1615951,1.4630157,1.173161,0.28940746,1.0440816,0.9784569,0.63797385,0.34436417,3.9325054,1.3324772,0.18080808,0.44622394,0.51037085,1.125729,2.3815343,0.19322605,1.638025,0.16944739,1.2008371,0.18266563,0.7926749,0.6396877,0.12530969,0.97246414,3.0697112,0.6924826,1.8211244,0.3658117,0.19032073,0.32732153,1.1329042,1.2150652,0.59559524,0.94230294,0.46225512,0.62106246,1.3341153,0.042141117,0.17786771,0.8784567,0.22088435,1.3666153,0.5395862,1.4451238,0.34756234,0.53401697,0.7284775,0.31820288,1.0251298,0.59709734,0.18000948,0.9540243,0.2308239,0.45191923,0.51243484,0.85509396,0.6563231,0.98585117,1.7422659,0.022951042,0.44832835,0.7364729,0.25162914,0.074483745,1.205015,0.8920976,1.3336432,1.2373811,0.32350984,2.9590702,0.029005095,0.4685948,0.08260032,0.42426392,0.64902383,0.08763314,0.93070793,1.5350754,1.0351692,0.8430965,1.5182486,0.054240294,3.0932355,0.43010813,0.5986641,0.1505656,0.25405118,0.61804444,0.49006784,0.44226688,0.21121085,0.0023822614,2.5361872,0.52457815,0.23442468,0.7209943,1.2465228,1.2983186,0.38194478,0.58590823,1.5814413,1.5237813,0.84400487,0.8564678,1.8642515,0.6373377,0.21532735,2.4996772,2.2178817,0.614297,0.47133282,0.46788055,0.0,0.14924268,0.6555113,1.0512427,1.6109049,1.9160599,1.0020493,1.4580227,0.7751547,0.15411219,0.24069315,0.17168453,0.2785358,0.9372264,1.9185588,0.45370305,0.07475236,0.22725229,0.7558129,2.059559,1.7012817,0.21692994,0.13685696,0.37780094,1.155755,0.47610402,0.2571463,0.72463083,0.5816389,0.38834816,3.8747501,0.0,2.167309,0.016841741,2.2632632,0.91965663,0.4240854,0.39356464,1.3747077,0.5311755,1.3345059,2.197794,0.28488198,0.18874118,1.201151,0.59099567,0.024221197,0.4189253,0.78084284,0.09260864,1.602332,2.0892587,2.2758021,1.0366222,0.2838212,0.067482755,1.4796104,1.0849686,0.30338156,0.7539332,0.6783128,0.43712834,0.3887048,1.1282384,0.8527453,1.2523911,0.087088525,0.22324835,0.6109194,0.88540626,0.42375195,1.2910585,0.59306514,0.8135936,0.22767788,1.4419913,0.1426674,0.082770854,0.15824318,1.1206309,0.07811738,0.55863404,0.06552081,1.1853366,2.8537977,0.4118252,0.15782075,1.8276428,0.5020159,1.4598299,0.07611707,0.77485925,0.20345046,0.103628844,0.67774373,0.5232295,1.5333669,1.1380956,1.4335628,0.31853253,0.22566761,1.8621863,0.09925448,0.9508256,0.030224636,2.6004362,0.1899264,0.060172975,0.8215991,0.63562757,0.28894106,1.1140633,0.069149844,0.44991723,0.041653562,0.24007037,0.8241732,0.4133802,3.24808,1.5205361,1.7835838,0.3216639,0.7890112,0.13481283,0.25307563,0.10374328,0.28329027,0.3535857,3.00355,0.41597474,0.8035983,2.008545,0.04580365,0.06533938,0.28195378,0.20132567,1.8337545,1.413174,0.5572727,0.3820058,0.070251815,0.26993474,0.7988042,0.15829574,0.76839614,0.38044003,1.107869,0.57149154,0.97732407,0.42392135,0.54355234,0.1858371,1.3494778,2.3472528,0.036269385,1.1875795,0.96631914,1.5099835,0.0043376097,0.27494472,0.21374658,0.1394756,0.6851239,1.0493108,0.42151147,1.0560232,0.5891083,0.77322286,2.5443728,0.88132197,0.68460596,0.8267993,1.177156,4.0428267,0.51268965,0.5159761,0.8310484,0.38611555,1.5941719,0.35642728,0.75175,2.3997262,1.2510557,0.37456313,0.9660449,0.016751816,0.9880084,3.2934284,1.3193798,1.2487669,0.2333353,1.554689,1.0426266,1.1668515,2.1689816,0.3510422,0.54514414,0.80701154,1.6273814,1.6659979,0.5199007,0.08446027,0.057101697,0.24524225,0.61155266,1.6848394,0.62915283,0.37985152,1.7605014,0.76949805,0.2946997,0.9462027,1.738871,1.2362303,0.6380928,0.45607072,0.8764533,1.1504638,0.47907934,0.9244554,0.38351327,0.08523264,0.19068134,0.57034284,0.16860531,0.28984097,0.385724,0.6120887,0.56872344,0.0056017507,0.5933835,1.1749887,1.0288761,0.40846646,0.83336395,0.58237886,1.4009714,0.40590876,0.9076858,0.52275366,1.0066401,0.20249145,0.386887,0.029581444,0.25330204,0.8033697,0.02989808,0.27134988,0.46901616,0.4520409,0.7358621,1.0571622,1.748187,1.3251579,1.527586,2.162431,0.8373406,0.0037976746,1.5090669,1.7599828,0.3043923,0.42698696,0.25220793,0.056910783,0.6268558,0.8828082,0.40941423,0.688778,0.013195133,1.8537105,1.6319878,0.7345569,0.61904365,0.44308624,0.9869724,1.5805303,0.4132349,0.39287007,1.2143236,1.2583905,0.2756223,0.7098799,2.6337707,0.0,0.25514537,0.53696746,0.24726978,1.2735267,0.43193918,2.5544448,0.6748732,1.2820833,1.4669046,2.7731898,0.027366929,0.3206553,2.4580739,0.4509056,1.2535977,0.3905715,0.038732775,0.90726674,0.79129195,1.1342051,1.3222634,0.8599528,0.61513805,0.014285768,0.7144523,1.0296302,0.3188285,0.298951,0.23613349,0.039951786,0.63072944,3.0102203,1.2909896,0.584696,1.0130851,1.3444297,0.749643,0.33468008,0.37828982,1.0549117,0.6479681,0.79012764,0.759811,0.86302453,0.14549169,2.183348,0.16914986,0.9138744,1.6500231,0.22000414,0.843378,2.4490948,0.0573776,1.874235,1.0177547,0.70432013,0.36988238,0.24936715,0.05039393,0.18282932,0.07702982,1.5663214,1.2567053,1.3084728,0.292773,1.364992,2.5505435,0.4793221,0.96852607,0.4022634,0.025015363,0.5566797,0.48856297,0.13673528,0.112591304,0.5479885,2.1092803,0.2064473,0.8047859,0.9146572,0.8306516,0.03897739,0.34696108,0.14922842,0.3861322,0.9718291,2.377168,0.117366746,2.1507444,1.872008,1.0179738,0.9237915,0.22991975,0.3290861,0.40736306,0.37063953,0.39023036,all_pothole_images\pothole_images_image_161.jpg
0.9787913,0.3308831,0.05229304,1.676947,0.90151805,0.12205365,0.6542741,0.05415159,0.24581861,0.48612753,0.15435171,0.33076045,0.3041309,1.3604896,0.15187167,0.1264619,0.15760525,1.2080859,2.256516,0.29731542,0.7336217,1.6657143,0.020180807,0.34715736,1.1746966,0.5829679,0.6231387,1.9970406,0.39991713,0.034131285,0.45183104,1.3915089,1.2877718,0.56256753,0.2936254,2.8783054,0.22131401,1.4283565,0.4090711,0.43490744,0.0,0.2482097,0.0018894067,3.4089203,0.1892479,1.4832697,0.35334918,0.0517115,0.8582686,2.5712442,1.2034715,0.12243539,0.6118657,0.19210897,0.1422347,1.6742468,0.8328423,0.050585113,0.73213685,0.011378576,1.1817391,0.06274271,0.24285433,0.016762773,0.5441195,1.2542938,0.1880394,0.54761916,0.5463123,0.13070548,0.09792712,0.09459035,0.086119965,0.9918615,0.26339898,0.33888802,0.03948576,0.95173424,0.08780384,0.27629027,0.079749756,0.0028414638,0.5858025,0.07827201,0.73661804,0.07447642,0.09588926,0.07888989,2.1098094,0.6463848,0.20893824,0.4456075,0.013391924,0.0,0.0,0.11559997,1.1518079,1.8267891,0.2850342,0.37627092,0.007321199,1.6073344,0.6849508,0.014134407,0.90641874,0.49081486,0.3134534,1.3835919,0.15952316,0.09342044,0.11085473,1.6012259,0.3180213,1.2764527,1.3287787,0.4812176,1.3686442,0.21554899,3.0202942,1.1001501,2.1993191,0.033868972,0.06703447,1.636667,0.07557027,0.70098954,0.654542,1.6954031,1.2657855,0.061970916,0.27354866,0.025566412,0.2544033,0.2906699,0.0,0.0959769,0.17834519,0.88791484,0.58066136,0.010326319,0.58337665,0.0,0.45995477,0.6384421,0.06605016,1.1066685,0.40478694,0.9965465,0.25927,0.19436124,0.8932182,0.543471,0.0222372,0.006873087,2.5518422,1.0816566,2.2466857,0.010090661,1.1487591,0.7646696,0.5076872,1.6016176,0.04159114,2.825066,0.0017810157,0.11166067,0.12276936,0.08497332,0.8788404,1.7662191,0.011050682,0.03697878,0.005190994,0.38586786,0.81131107,0.21138534,0.16193052,0.103444494,0.4164148,0.09234239,0.0,1.7381619,1.7827029,2.0551605,0.72010523,1.8868271,1.0297626,0.68154514,1.0852948,0.5332258,0.009507732,0.36277622,0.009272424,1.1693338,0.022722736,0.43150583,1.7090658,0.067248985,0.61756796,0.1466617,0.19073509,2.1950018,0.6163801,1.247627,1.2942004,0.4039073,1.151373,0.4237622,0.7275643,0.010894442,0.10315008,0.118327014,0.964959,1.2514734,2.0745065,2.6544693,0.7842309,0.14500242,0.81431913,0.009870542,0.59590954,0.4143134,0.2550626,0.35165304,0.008272987,0.42432752,0.34499896,1.0561035,0.35988623,1.3180664,0.0,0.05399293,0.58105344,0.30732954,0.17686102,0.07361378,2.9843698,0.0001964599,0.00025163422,0.4362933,0.1800135,0.21429548,0.004124951,0.016014611,0.28698543,0.69825387,1.0409318,0.26313952,1.0203645,4.1647696,2.4060235,0.18769373,0.24937205,1.0136659,0.15382253,2.217071,1.6809511,0.43415102,0.6015728,1.8167008,0.0012022202,0.15792604,1.1448311,1.133189,0.9608275,0.34286326,0.08623641,0.67294484,0.34139735,0.37301654,0.0,0.015415495,0.13993505,2.1943176,0.5965325,0.59670126,0.31831577,0.09931555,0.7518698,0.57031274,0.38380477,0.106713496,0.7246954,0.024848979,0.23712152,0.24714442,1.0765293,0.12942797,1.5686748,0.03661219,0.8560095,0.12729913,0.4634599,0.67372054,0.09098454,0.0021671501,0.09182658,2.4002516,0.37686047,0.7215631,0.67825025,1.8052642,0.27848902,0.79034793,5.102652,0.6781456,0.039355166,0.38739944,0.042152062,1.2180668,1.525723,1.2488214,1.9045553,1.7222098,0.7930757,1.1084658,0.0,1.2213044,1.9545665,0.1854866,0.89678174,0.0,0.5719933,0.43206647,0.24909914,0.07118468,0.49461558,0.0011471306,0.78423905,0.00858522,1.026622,0.26075888,0.19512877,0.0,0.015582882,0.8080064,0.24143969,0.12454231,0.40009472,0.5984477,1.0150571,0.17279626,0.65960807,0.29073173,1.041838,0.10381598,0.19676565,0.027630037,0.36905685,1.1273144,1.2794577,1.034671,0.13045862,0.055284325,0.11159866,0.28234574,0.49633336,0.29883537,1.3136562,1.1365881,0.420062,0.9518336,1.7706012,0.67207485,0.22429137,0.3844799,1.3600594,0.08929683,0.09912975,0.5824791,1.6082337,0.098280594,1.1951723,0.1371156,0.2543373,0.23174737,0.9603874,0.34648913,0.12615897,0.09277112,1.4045544,0.0,0.10311419,0.77956647,1.8783998,1.5716319,1.2854741,0.15301879,0.77503574,0.31518865,1.0957341,0.47766322,1.3563181,0.019380486,0.01814929,0.0056609847,2.2075188,0.22830057,0.12532222,0.022050707,3.048028,1.5233818,0.094013445,0.7413471,0.42777666,0.02977194,0.12871547,1.3682861,0.53957963,0.08728957,2.5369217,1.8617641,0.14528972,0.84508365,0.018255087,0.42775795,0.52141374,0.3713477,0.09508021,0.15016893,3.2479696,0.25463885,1.3184537,3.207365,4.021442,0.10910607,0.90248543,1.6899786,0.22901301,0.9044943,0.34762132,0.32018325,1.1782619,0.7123808,0.541726,2.3475857,0.43494126,0.42209524,0.043578394,0.24634534,0.27535626,0.346378,0.95948476,0.3138779,0.4508704,0.021182887,1.6323284,0.08611625,0.20115836,1.0418533,2.8988373,0.24542595,0.013019334,0.8440062,0.4618676,0.97006935,0.61395997,0.18568936,0.092253745,2.3829048,2.284958,0.2281999,2.9364252,0.023243811,0.71956664,0.17333388,0.3037864,0.018680884,0.9793354,0.84060895,0.2270943,0.4665339,0.0,0.37367725,0.46423703,0.23288693,0.25879517,2.1922224,0.32417795,0.0,0.32275537,3.0099664,0.14861695,0.004103733,0.0,0.17770661,0.23512138,0.5130316,0.49779865,0.004931551,0.3422892,0.42720973,0.47486624,0.30818126,0.0,0.0016832525,8.9937384e-05,0.00625561,0.7566511,0.33091703,0.49511367,5.838907,0.26208204,0.26242447,1.3461739,0.56518734,0.10512856,0.44345257,0.121452264,0.14529872,0.26858646,1.3669149,all_pothole_images\pothole_images_image_162.jpg
0.94128925,2.5361993,1.2603992,2.8708947,1.2530134,0.3701758,0.13036288,0.23986964,0.3061065,2.1478076,0.27445757,0.64786154,0.15337534,1.1377875,0.0017453964,1.3749857,1.049796,0.06996561,0.75763637,0.9095241,0.6584548,0.2573588,0.38368967,1.5388916,0.27799052,0.4274693,0.2471315,2.668722,0.4350927,0.2929016,0.99417377,1.3021749,0.5739475,1.2670895,1.1205243,0.66936874,0.010359772,0.34234172,0.42212817,1.4760523,0.6336292,0.13020368,1.1392868,0.06523926,0.91200817,0.8506499,0.014501612,0.20033136,1.0953221,0.1282258,0.23152786,0.588619,0.9441506,0.24103092,1.1612787,1.6332434,0.8834191,0.19152151,4.3440695,0.037948154,0.46353352,0.19569924,0.100193,0.43949392,1.2443655,0.5587258,0.3125089,0.017024798,1.0847876,0.25464094,1.5527471,1.2833239,2.3125176,0.5016922,0.63344985,2.0707915,0.01682109,1.9900019,0.11708419,0.10150261,0.42681426,0.12991221,0.9948612,0.53867745,0.6701165,0.5286334,0.12364903,0.01164897,3.448026,0.072033346,0.10371599,0.12233966,0.3708117,0.6300344,0.3560411,0.08051528,2.0597525,1.8357569,1.3688725,2.7367392,0.062856846,2.924347,0.6402295,0.7020732,2.1042066,0.6626107,0.79858726,0.032845274,0.68650514,0.07854053,0.67777205,1.512638,1.1369435,0.15615596,0.30183548,0.18369289,0.69262785,0.7031774,1.5654461,0.90398574,1.1619096,0.22235656,0.214972,1.8241115,1.1699528,0.6190851,1.0142112,2.857909,0.5633166,1.0331194,0.73958665,0.0,0.32934964,1.5193843,0.82302153,1.4389033,0.6854156,0.3479105,0.15294239,1.0085973,0.0012775068,0.26852727,1.2385361,0.58890134,0.5183681,1.0762587,0.09091956,1.8264499,0.6302393,1.6483922,1.0856799,0.39732754,0.087527595,0.77398705,0.26828542,0.7922808,0.84449315,0.054968625,0.999992,1.3859748,2.5787125,4.4898214,0.7076064,0.50867724,0.90527356,0.9566471,1.5736071,0.03152582,2.8431432,0.6693358,0.6294149,0.034413427,0.46911037,0.010025839,0.58467823,0.47670165,0.66915315,0.31603926,0.5965212,0.12631954,0.99504524,0.41581896,0.69489175,2.2449691,1.881275,0.5740949,0.18125,0.31639588,0.6144928,0.97022027,0.42525867,0.8415067,0.2891363,2.5083683,0.29683533,1.2697011,1.1817487,0.35239977,1.7811818,1.9520961,0.60200065,0.5273782,0.787041,0.58429193,0.10974512,0.65352994,0.74134034,0.07306925,1.3119389,0.44021657,0.28592914,0.24831247,1.7588873,0.99918425,1.1691301,1.9851998,1.149319,0.3314575,1.1598655,0.5002229,1.5296026,0.01743579,0.4498473,0.38088697,0.0072593093,0.7664094,1.2486604,1.028412,0.055950217,0.6948295,0.44616562,0.018462287,2.1702716,0.69966394,0.66208786,0.16512845,1.7586663,0.0,0.7211204,0.2462447,0.53648967,0.25803086,1.793745,0.272564,1.265433,0.13199078,1.1923184,0.53447753,1.2340642,2.8574579,1.4774618,0.73640287,0.23989736,0.5605737,0.68657696,1.0029422,1.4106771,0.30672732,0.34353948,4.6552,0.0,0.12898962,1.6573222,0.28375688,0.07386299,0.23460276,0.263554,0.05541419,0.65152913,0.36351198,0.3559594,0.039966956,0.09253681,2.6158726,2.0800333,0.7592015,1.9244789,0.18714347,1.1451137,2.8563225,0.5304014,0.2968364,0.15305133,2.7103677,1.5484219,0.98905706,0.3296409,0.6218693,0.72863746,0.05645186,0.64883167,0.32616553,0.030003207,1.5894091,0.23495771,0.473789,0.34666607,0.19102478,0.45711204,1.2138048,0.2471289,0.4051283,0.37065893,0.10660582,0.24156094,1.5788581,0.065552615,0.80230737,1.9338051,0.947052,2.2453094,1.7677699,2.517569,1.997335,0.31923273,0.6488183,0.3082771,1.4646937,0.49759907,0.5686452,1.5559552,0.10619114,0.39504236,0.14269216,0.59373075,1.4156398,0.14369726,0.3299492,0.9436992,0.24508432,1.7173655,0.8006755,0.7544814,0.4167183,0.795266,0.0936916,1.80083,2.0551252,1.4393753,0.11941263,2.1124575,0.10153027,0.81539464,2.0135798,1.9011841,0.12394969,0.42972812,0.33462578,0.56538945,0.1100518,0.010313527,0.3637015,0.2239642,0.60947645,0.0973693,0.605667,0.6987904,0.16969669,1.5376533,0.75101,0.45627803,0.33674014,2.9292157,1.6490805,0.12179054,0.36335668,0.92104167,0.165489,0.13537982,0.94371295,0.5879759,0.26809856,0.22344078,0.08629258,0.31476203,0.57109207,0.27363464,0.052120663,0.23580039,0.796829,1.596211,1.2435274,0.27813748,0.36589706,2.1135304,1.1764231,0.554096,1.5915804,0.41419303,4.7178082,2.332893,1.9786016,0.04010242,0.8731879,0.084605135,0.16416658,2.0766392,0.57673836,1.0980283,0.104709275,0.09563621,1.9153357,0.44456598,0.0351023,0.53444546,0.74935305,0.32107586,0.051960446,0.28138956,0.0055533573,1.6501157,0.45805925,0.12245067,0.18887866,0.0,0.44501737,0.9962683,0.20014954,0.6909632,0.19805484,2.560044,1.3690282,1.6336281,0.07282248,3.3090823,0.050314378,2.990101,0.6613732,1.4087455,2.0526483,0.06508851,0.71760947,0.37297884,0.3807597,0.63604033,2.959844,1.1215398,1.0963025,1.230705,0.24750094,2.087555,0.91306037,0.12030206,0.077449255,0.0,0.0,1.8640993,0.9502935,0.8012238,2.4034307,0.8542282,0.64361316,0.072069906,0.934034,1.5513887,2.5436695,0.51009965,1.4026212,0.36053622,1.5603073,1.6729051,0.13299187,0.40916535,0.0,0.5747479,1.816772,0.05724122,0.2031269,2.2068994,0.7670067,1.0114468,0.57471055,0.22012615,0.76917076,1.5511048,0.0059833606,0.60838395,0.06490089,1.113768,0.07742597,2.3332148,2.152803,0.8690448,0.27912548,0.20652762,0.03871789,0.7875749,0.19312587,0.06434842,0.03734522,0.17177333,4.313552,0.72672987,0.19768432,0.096090235,0.47053158,0.16279146,0.20315331,0.63496983,0.30751204,0.14080362,3.7427654,0.31869876,0.66615963,1.285656,0.19069724,1.5040923,0.6397214,0.09905669,2.6927536,0.6880686,0.638747,all_pothole_images\pothole_images_image_163.jpg
0.12632486,0.026630072,0.7392756,2.6668797,0.19258527,0.012646239,1.1523588,0.46988302,2.0513167,0.4034414,0.6876814,1.075529,0.19340223,0.8629088,0.0062107197,0.6637385,0.40077123,1.8375748,3.3381138,0.35130525,0.31128722,0.0233606,0.44593507,0.07832648,0.563739,0.23186247,0.2368282,1.1087371,0.0993099,0.049829967,0.011873092,0.18056624,0.14215697,0.8513382,0.19675618,1.6315706,0.063893355,1.5422766,2.097741,0.0427777,0.0095399935,0.46606046,0.779657,1.12061,0.1490715,0.68228036,0.5520979,0.1651097,0.0,0.93676203,0.4983466,0.78167,0.00083567423,0.22139081,0.8909762,0.82419026,0.14907257,0.14973876,2.5886705,0.6099225,1.2773712,0.28749973,0.017568117,0.06596328,1.6148051,2.4476962,2.1561964,0.20767704,0.3660637,0.27281246,0.84563977,0.07521452,0.027248615,0.021228937,0.30555397,0.0,1.2885671,0.0819158,1.3517923,0.8410786,0.00044046616,0.2404002,0.8534256,0.6531177,0.21453498,0.8575799,0.41671994,0.44218457,0.030362885,0.2176466,0.4462794,0.35763144,0.010374469,0.37426916,1.8156768,0.26330265,1.5520864,2.108419,0.105960734,0.84243447,0.7766351,0.7459947,0.21709153,0.9596118,0.97687924,0.17999537,0.29735237,0.112910524,0.0,0.16680393,0.016303942,0.14707206,0.26423422,0.08778136,0.19524704,0.02001949,0.0,0.18886822,2.4455607,1.6305401,0.2383589,0.0,1.1081859,0.70882064,0.74313134,0.7100917,0.9829237,0.6791019,0.32354242,0.27167305,0.8087714,0.77327114,2.6940513,0.0,0.08957367,1.2058123,1.8532621,0.064389005,0.073516525,0.24794587,0.64591545,0.15060024,0.36194202,0.009510189,0.7756882,0.4720314,1.3610094,0.7259351,0.057273667,0.28280067,0.6432027,1.999307,0.1395687,0.020109497,0.6352662,0.7294699,0.42530224,0.0,0.60234976,0.051162675,0.6566354,2.0139744,0.14615713,0.14966655,0.3102444,0.0,0.06243801,0.07698199,0.0049568256,3.2822652,0.25236967,0.19330674,0.0010928183,0.57154536,0.66981196,1.060943,0.052028935,0.025933024,0.87891984,0.5625467,0.7581177,1.1620617,0.009522349,2.8091393,0.5412861,1.0414261,0.30654988,0.6580104,0.019764835,1.1577523,0.13646348,0.6728933,0.34815955,0.23577915,0.9659961,0.3008938,2.5444257,0.6665478,1.3044026,0.17957033,0.83140856,0.40895823,0.036148883,0.26798463,0.15445209,0.23998053,1.256975,0.3074434,2.9341292,1.6874741,0.2093799,0.5736201,0.4336783,0.15382461,1.692508,1.0939628,0.6492748,0.16467424,0.5681954,0.85688704,0.36353076,1.3402635,0.08440364,0.59987396,0.001164749,0.25661048,0.49130693,0.18421838,1.3323288,0.73531574,0.42181522,0.4939217,1.2069361,0.08882618,0.07722178,0.1485926,0.44023302,0.28747243,0.041989032,1.4000409,0.04203881,1.0057764,0.22808084,2.1790397,0.007923513,0.0,0.8023248,0.2523886,1.7934644,3.5483267,2.2299795,0.1610916,0.0,0.63707924,0.013142145,2.159517,0.009614024,0.63423955,0.08406518,1.7384616,1.2304965,0.22045001,0.6371405,0.15313162,1.1304362,0.6981688,0.6274575,0.025800033,1.8381091,0.8917306,0.08416574,0.6548553,1.0398599,0.26987946,0.124362774,1.1353201,0.2255096,0.034017492,0.53135484,0.43711275,0.10086764,0.7739802,0.06535447,0.101795524,0.025642317,1.4633209,0.8539966,0.27050003,0.6642967,0.08577803,0.01130438,0.04997678,0.24005315,0.20555204,1.0813744,0.2241532,0.085494265,0.51031566,0.32224953,3.4564333,1.7309399,1.7684008,0.77895725,0.018301316,2.729812,0.08997708,1.447726,0.8653059,0.04772946,1.3105983,1.0407608,0.12623653,2.8447623,0.9039034,1.1037004,1.5821958,0.13914953,0.94231975,3.2902377,0.0008024762,1.5493912,0.07009388,0.8151423,0.271388,0.5876223,0.7022926,0.29084504,0.0,0.18165204,0.03381166,0.6834817,0.19096453,1.0219544,0.9751642,0.7648588,0.48662886,2.1697218,1.4441183,0.79138243,0.029450348,0.07288743,0.016862882,1.7424334,2.4105132,1.2016646,1.6553209,0.16100149,0.9672653,0.8205119,0.72307557,0.016714456,0.17201898,0.035539888,0.00018823128,0.0048514646,1.0631416,0.35436165,2.4621634,0.058339786,1.0260396,1.5925565,2.2864702,1.1021302,0.1322405,0.66332173,0.072546415,1.2296677,0.7931491,0.3638202,0.32901508,1.0073218,0.4755,1.1211686,0.32286027,0.0,0.35213104,0.023404282,0.336091,0.5615021,0.30696794,1.5819917,0.73438513,0.8644549,0.8198457,0.17203377,0.005939092,1.091282,0.3911493,0.23082475,1.4998993,0.89202356,0.05128896,0.18944702,2.0153916,0.06945428,0.10382625,1.7078441,0.030758366,1.5043867,0.006132854,0.4565675,0.14268544,0.018488452,0.4590545,1.918442,0.005438678,0.7462133,1.0127357,0.3473786,0.0,0.6776546,0.024311751,0.19772387,0.9757336,0.0,0.22865741,0.24039587,0.3329689,0.69506645,0.10543224,0.6362918,0.9769967,0.0,0.88984025,0.025004348,0.028830508,0.32042027,0.19839619,0.0,0.040275775,0.03628227,0.17905828,0.1798302,1.2734717,0.5146792,0.19070956,0.3098348,0.03522088,0.0042391797,0.3122309,0.9171636,0.095451266,0.17653067,0.22522451,0.79551464,0.0,0.35330465,0.116104804,0.18212801,1.2288824,3.2876718,0.561168,1.767944,0.29216084,0.102208875,1.235827,0.0041680485,0.005212921,0.48463532,0.94971216,2.1414952,0.37859002,0.95094585,0.019650351,0.17623633,0.7357243,1.3999304,0.15697692,0.09961424,0.72277254,0.25780913,0.9829891,0.010152163,1.4256812,0.34989858,0.011739561,1.1377405,0.4193149,0.62527734,0.07148519,0.41645026,0.015233878,0.8860128,0.10173945,0.9940964,0.18431288,0.07454714,0.47312045,0.9351354,0.06905995,1.8443509,1.9277916,0.10108569,0.45805708,0.23048683,0.01714826,0.007125302,0.46038187,0.06940368,0.4990478,0.53317904,2.4215667,0.19140415,0.105541654,0.6978913,1.0725267,1.5903429,0.1927405,0.37568888,0.34834212,1.4678868e-05,0.025689682,all_pothole_images\pothole_images_image_164.jpg
0.42673787,1.6895996,1.2478099,1.5185363,0.64286196,0.7295108,0.12364039,0.43683484,0.6662567,0.5494678,0.814799,0.60216653,0.104045324,1.2512978,0.26311138,0.35819328,0.81288034,0.044678736,0.45009068,0.45635006,0.4166213,1.0346833,0.073746055,1.346066,1.1589336,1.9417603,0.8420339,3.1906395,0.16042092,0.4216311,0.111465864,0.032436173,0.7776032,0.21454716,0.012273441,0.97215754,0.59133184,0.5615674,0.5994821,1.2570518,0.013356407,0.007007027,0.565361,0.7078276,1.4090807,0.002446832,1.7347921,0.45222262,0.25967234,1.3328089,0.49344984,0.20124424,0.39911282,0.8437032,0.11899778,1.4579911,1.579367,6.2333835e-05,1.1059282,0.2914907,0.12767719,0.4333882,0.27802083,0.1559017,0.5460129,1.5950688,2.1577718,0.47700152,0.1164011,0.17383477,0.53063506,0.15235145,0.32080033,0.16301829,0.56988806,1.2656918,0.63796604,0.41411483,0.06360449,1.2518307,0.6266478,0.09011685,0.39289185,3.2281008,0.4947751,1.0364623,0.5602729,0.033351593,2.0677798,0.8838345,0.08099745,0.3497516,0.13216925,0.24623658,0.018079247,0.31118682,0.19264291,1.8445661,0.78598994,0.23086688,0.40977478,2.7452326,0.15154687,0.51534456,0.28427747,0.0848051,0.019853538,0.45747772,0.32256463,1.0984942,0.3698513,1.2522182,0.50555295,0.15171826,0.9026647,0.3443547,1.5364686,0.19680016,1.9828233,1.1710714,1.0377212,1.8875681,0.1570623,0.68559235,0.7677267,1.3246739,1.8500621,0.5328605,0.4097203,0.10475502,0.22684886,0.08592714,0.59044075,0.84546995,0.29047248,0.8640481,0.13567305,0.23311786,1.214443,0.34288394,0.37272924,0.7053106,0.13142182,0.47685692,0.6052924,1.2449365,0.09798096,0.34417966,0.20808814,0.26373044,1.07129,1.1362222,0.54653174,0.06507975,1.1978045,0.3990828,2.2756798,0.3677502,0.30553758,0.7714649,1.3110197,0.5094457,0.36257654,1.0632719,0.53551435,0.023968292,0.87690336,0.4874217,1.4360794,2.9641428,0.09452896,0.19894126,0.0049658585,0.2379784,0.6462813,0.23345512,0.9028611,0.1775587,0.21359038,0.012272974,0.092941195,1.4164734,1.8576438,1.1959609,0.19336048,0.19985849,0.52038115,0.48896718,1.9568874,0.9583067,0.15642212,0.6115677,0.40672994,0.95662814,0.62201273,0.019402003,1.7247152,0.81474954,0.95877886,0.5426426,0.2188527,3.899232,0.16087867,0.22989152,0.85140085,0.6339701,0.75868183,1.2100011,0.94299346,0.7144069,0.49767953,0.43168944,0.83136076,1.1392283,1.5865042,1.593707,0.98651963,0.29210356,0.9906735,0.09090767,1.1315919,0.421321,1.7032903,2.0210342,0.9377239,0.14668287,0.85712564,1.6125084,0.5839003,1.6021348,0.014281613,0.36052504,0.6636333,0.25490952,1.0720924,0.2627608,2.7209468,0.2733872,0.0654557,0.260414,0.8392929,0.3736332,0.025395544,0.49298507,0.71154755,0.16242975,2.1098819,0.01192391,0.61922663,2.71926,0.6974417,0.1745794,0.5522487,0.5555398,0.5625929,0.6744165,1.2799398,0.008057142,0.3478338,2.4829447,0.2800571,0.35906819,0.5382286,0.37977332,1.0608476,0.2593275,0.28171486,0.19293706,0.6750341,0.0,0.46830475,0.16306803,1.1321537,0.17718697,0.98304147,1.4437246,0.03277374,0.72556555,0.1646431,0.5759198,1.011393,0.30077583,1.507915,0.4102817,1.0610338,0.432731,1.4391861,0.27950996,3.2084224,0.44979188,0.07098649,1.002325,0.6105056,0.9865402,0.45146498,0.16450544,0.54311323,0.26328155,0.09177634,0.5464472,0.37233606,0.42964327,0.12938862,1.5569484,6.2356105,0.5416574,0.47591034,1.6084561,0.8148847,0.46672478,0.80167437,0.0820308,4.421309,1.3174433,0.51335573,2.0565479,0.087315746,1.031857,0.6690397,0.13442646,0.5852511,0.5450909,0.50287753,0.09813077,0.7177705,0.5431438,0.9298854,0.28255752,0.608006,0.29716605,2.801294,0.26165202,0.004228528,0.27801797,0.3258032,0.65825915,2.1623194,1.1625369,1.056465,0.8171701,0.72100675,1.2617996,0.75789624,0.06428716,0.76919997,0.14020792,1.114286,0.0412831,0.0745946,0.03635856,0.62521935,0.67038596,1.1037091,0.28314227,0.5289558,0.22313355,0.586721,0.5449703,0.6323697,0.4727346,1.098853,0.1077329,1.1949658,0.44087243,0.023180757,0.6773277,0.65279466,0.1784898,0.54234606,0.08840275,0.5756483,0.06850229,0.7207664,1.4175926,0.6965755,0.38178793,0.8324028,0.0,0.016769882,0.44708025,0.73470026,0.37240663,0.92981935,0.5717512,3.011018,1.5424384,1.4766929,0.4733939,0.6078083,1.5487894,4.0267224,0.6227626,2.0055594,0.96320856,0.052440662,0.02689198,0.59212905,0.7611221,0.1354457,0.23995668,1.434096,0.5356428,0.18515709,0.63733464,0.52815056,0.05790716,0.4467284,0.56561685,0.4727702,0.7927226,1.1524192,0.38857427,1.5429629,0.16001849,0.273371,0.24447869,0.9176883,1.3126166,0.48614097,0.016425986,2.382762,0.011777215,2.2627802,1.3883972,2.162305,0.11419239,1.2749804,0.34334302,0.39431995,0.5253003,2.65378,0.18359126,0.21610594,1.7434475,0.51117194,3.8099165,0.93036956,0.5461401,0.11635501,0.60781074,0.46172658,1.0121075,0.03431793,0.0415588,0.9275506,0.19597171,4.0894814,1.3851594,0.26986045,0.28690788,3.5895283,0.56709063,2.0886612,1.3373989,0.6605105,1.6448652,1.2617021,0.74798673,0.15509741,1.052419,1.9533315,0.118418455,0.107313864,0.21035318,1.0334072,0.5713736,1.2819196,0.5960043,0.24136709,0.46818584,0.3305116,0.0065348,1.3830563,0.54930365,0.40028372,0.29260156,0.341221,0.6244351,2.0756683,0.8995977,0.52453613,1.4884893,0.96565294,0.13250124,0.037757754,0.23341721,0.45537084,0.36143696,0.72796273,0.07358199,1.021916,2.6013193,0.09968586,0.013679613,0.045341913,0.023755606,0.41010368,0.27153978,0.21494916,1.5680496,0.14747012,6.2165875,0.039091107,1.6369346,0.7751762,0.190543,0.049879868,0.48918605,0.53124183,0.0684933,0.38597628,0.27834702,all_pothole_images\pothole_images_image_165.jpg
0.75650287,3.005581,1.452525,1.3094398,0.6378288,1.4327974,0.024053345,0.7094897,1.8881203,1.4127758,0.01141911,0.4652895,0.13832493,0.59108096,1.2909851,1.3531961,0.37760764,0.16516699,1.4160635,1.246245,0.40279463,2.1701458,0.7652163,2.6543684,1.1368947,0.043158833,0.038206987,0.70094883,0.8521567,1.0189639,0.5599156,0.5863899,2.5090127,0.6535489,0.74659806,0.30347294,0.002402101,0.80702937,0.6166096,0.6179041,2.2747543,0.20943785,0.7542058,1.7360059,0.42458424,0.64513934,0.6661233,1.2404828,0.83671784,0.32667708,0.39114103,0.31690958,0.7728066,0.16850038,1.7848227,0.8528001,1.011634,0.32041785,0.8340974,1.1857593,2.3055313,1.1743586,1.1574982,0.13126157,0.042553574,0.13378374,1.6864214,0.58904016,0.33026075,0.6723002,0.09534296,0.19760063,0.51806283,0.5890106,1.8850383,2.8143492,0.9894507,1.0210466,1.1914828,0.20898949,0.4716529,0.559039,0.9212301,1.209233,0.49326235,0.037747342,0.8842851,0.21142378,5.0202904,0.3944837,0.14675032,1.0447092,0.40683308,0.7328611,0.4505191,0.72995526,0.78209645,4.35291,0.7972833,1.8460671,0.50937265,3.0552473,1.6412437,0.037465014,0.69587576,0.5141812,0.17224085,0.061011113,0.32466012,0.65538,2.765841,3.2471812,0.6195699,1.0658569,0.0,0.9339766,2.0656672,0.3320647,2.175662,1.3476201,2.4130743,1.9527478,0.35613015,3.1914942,0.16606088,1.0167608,0.5995375,1.8856928,0.7709539,1.7803385,0.7921037,0.003625154,0.26803586,2.4243255,0.21268526,0.52567935,0.020277323,0.36110166,2.0368652,2.0643666,1.093229,0.0,0.6734001,1.0818926,1.7112942,0.030419752,0.7002511,0.25038978,0.006726433,3.658968,1.3603929,0.99386114,0.19249877,1.3945874,0.87684894,6.4597676e-05,1.4223511,0.9833103,0.20086586,0.7181577,0.13059261,0.30526778,0.33434573,1.2844865,0.24940607,0.0194089,0.46608,0.6496143,2.186299,0.24519083,1.0457926,0.027485672,0.9399728,0.09013754,1.1951966,0.88169765,1.0291775,0.12295769,1.4059273,0.14350407,0.91533583,0.59491765,2.0582738,2.9849575,3.7047536,0.4710754,0.35503823,1.6030352,1.188268,1.6726009,0.071897924,0.048352804,1.0396072,1.9944185,0.7403142,1.369238,0.29070815,0.44147936,0.94222367,0.8735189,0.32846913,1.0139358,1.12994,0.6272703,1.1694943,1.1174189,0.08608413,0.39342773,0.013878046,0.09814864,1.8198422,1.0116917,1.2759178,3.5841506,0.7642193,1.4300771,0.46249926,0.4213523,1.9002727,0.42925268,0.8616114,0.18198468,0.037652973,1.9934521,0.3002037,0.47780192,1.1869478,1.2829638,0.08648565,0.39191973,0.6999753,0.7941893,1.9679896,0.041629042,0.53687954,0.023216251,1.0391266,0.6074008,0.36513662,0.0,0.044284478,0.3403838,0.73320323,0.16675158,0.60849607,0.72341675,0.9434976,0.11736251,1.4551773,0.49137765,1.3847667,1.1648443,0.98727196,2.1985016,0.12361161,1.403736,1.1751969,0.21521176,1.2658478,1.235493,0.9055397,0.9890311,1.9826876,1.1587149,0.0,0.67482096,0.11263316,0.49029306,1.2070737,1.0326921,0.24312942,0.9341228,0.48725322,1.4062073,0.96159065,1.5937823,2.4964187,0.94655514,0.7160178,0.83345443,0.31882212,0.31310785,0.08731842,2.2230883,3.117133,0.6036724,0.92104906,1.1719422,0.5228503,0.0,0.7634459,1.9297574,0.59950155,0.30810452,0.07332547,0.058734346,0.47703025,0.14323115,1.244603,0.0,0.3903027,0.8936551,0.38031933,1.0781935,1.5218503,0.9338283,0.18507817,1.6229008,0.8618169,1.5335873,0.061239537,2.076108,4.8388658,0.1816859,0.0727716,2.2156405,0.2151782,1.3257493,0.28827265,0.14740749,0.85815513,0.44949403,0.49185756,0.07081573,1.3721042,0.08951444,1.1155493,0.72152585,0.6497514,0.8651498,1.561049,0.45182726,0.1590036,0.09445201,0.32545692,1.2742447,0.17535193,0.44295835,0.30865124,1.5977931,1.6558563,1.1798872,1.2846053,0.031406477,1.4721991,0.07423232,0.5041556,0.0,0.8376297,1.1557806,2.1061492,1.0523543,1.4144852,0.097448066,0.7741531,0.623424,0.23676126,0.73375,1.4365396,0.35214654,0.19996639,0.0,2.1833997,0.68335605,0.24216528,1.1459036,1.1305145,0.69174445,0.31516427,0.12101791,0.8155945,0.8397672,1.1860797,0.9174164,0.97653073,0.553849,0.10248122,0.61408436,0.10491776,0.55268896,0.17293078,1.3346304,1.5902537,0.9256442,2.1028655,0.7937541,2.0886352,1.7007688,0.76069564,2.2889705,2.020785,1.141515,0.19179519,0.28331184,0.38077816,0.06500477,0.74779534,0.7868243,1.0423594,0.7715787,1.342177,0.025466267,0.041202262,0.14522439,0.11112831,0.6034916,1.1505861,0.30191153,0.4298921,0.22043997,1.9313838,1.1840245,2.2152967,0.3392494,0.738004,0.33039862,3.036422,0.3228858,0.10710774,1.2130574,1.9482783,0.66165274,1.7523359,0.733522,1.2514079,0.77466387,1.5900856,1.6564229,2.4068394,0.31877205,0.73610616,0.576861,0.31232986,0.15070769,0.6985576,3.0154219,0.97022307,0.24851471,0.6489843,0.28357702,0.69333875,0.22702116,0.045577,0.6524021,0.60300875,0.5626361,3.3779337,2.5112374,1.017035,2.243151,0.13584033,2.135337,1.060687,2.562285,0.8730315,0.9697635,0.6588301,1.7957125,0.36842945,2.6917198,1.4312614,0.61243105,1.7114288,0.14052208,0.93889326,2.16071,1.3255926,0.69460464,3.034437,1.5708917,2.4438999,0.025928417,0.3295295,0.02534156,1.580301,0.48050797,0.0853404,0.18244801,0.9324171,0.8829076,2.4985652,1.3984866,0.59975624,0.6975983,0.022262018,0.11087354,4.233649,0.5838025,0.3442504,0.3002904,0.4761413,1.8448695,0.03541558,0.62335074,0.28938794,0.5637212,1.378893,0.76382446,1.2456888,0.033685412,0.042934738,2.930765,1.232039,1.3999399,3.0313895,0.58881646,0.20400903,1.6410011,1.0883362,2.2776928,0.80366844,1.3348304,all_pothole_images\pothole_images_image_166.jpg
0.50796753,0.33402112,0.053945433,2.1087468,0.984116,0.10639118,1.4725087,0.13018122,0.9634762,0.42908865,1.4510037,0.6951012,2.0638359,3.2520926,0.9285543,0.96946746,0.116827816,1.7524928,1.15922,1.3806541,0.3195758,0.51953363,0.41366544,0.40346527,1.1280487,0.8130112,0.15419047,1.8145885,1.2521528,0.4571951,0.31027457,0.91425806,0.42284462,0.38118273,0.04234136,1.162803,0.009656434,1.3410339,0.55893755,0.037320673,0.1780725,0.34843752,1.3024846,2.1042328,0.6333631,0.3232879,1.0523516,0.074092895,0.60108256,0.04583488,0.9608466,0.4405688,0.5881441,1.1455076,0.8130732,2.5786262,1.1158208,0.4832917,1.008909,0.74925244,1.1468341,0.95180416,1.9076419,0.32817447,0.8604846,1.9585032,1.1727928,0.9814029,0.202964,1.4154215,1.4565604,0.52077943,0.46332297,0.60359836,0.37403175,0.118887715,0.41038182,0.7167407,1.1551741,1.2305112,0.002126372,0.03528916,0.8001737,0.8373595,1.0036852,0.5326211,1.2733054,0.0012780201,0.88952684,0.5107453,0.6151039,1.3715374,0.7242363,0.7547257,0.8427757,0.31516492,0.5532494,1.4936209,0.13020486,1.5777918,0.6557463,2.2545755,0.46635008,0.54217744,2.1635058,0.14579667,0.83841854,0.012734517,0.19055462,0.34707507,1.9168371,0.92722756,0.64652383,0.42544103,0.39202422,0.7996886,0.016669005,1.0117157,2.723618,1.6071637,2.586299,0.4695712,1.2939025,1.2250782,1.9890089,1.4137031,1.8357189,0.3220532,0.040078953,0.7562432,0.733962,0.5266929,1.3417208,1.3693779,0.15968488,0.537298,1.1078681,0.5536631,0.6396802,0.6153485,1.602737,0.61146057,0.9802905,0.6832588,0.23890921,1.3683976,0.0,2.0837934,0.67945594,1.19689,0.4899389,1.4786792,1.1268281,1.0289514,1.8669446,0.43292078,0.56755894,1.1668944,0.53107363,0.5056057,2.0453525,3.1656253,0.15530421,0.6192046,0.58467966,0.50587565,0.26291972,0.30621162,0.93704206,3.713978,1.0085534,0.37508333,0.043603405,1.4501125,0.67662406,0.8983132,0.6380801,0.20291196,0.44766733,0.2858603,0.6972773,1.2365332,2.01917,0.48473373,0.30418158,1.0432466,2.1116104,0.88405377,1.2091448,2.0517886,0.497943,0.9803094,0.13426495,0.9375654,0.08203946,0.08956407,3.005773,0.56861556,0.49742603,0.84080976,0.5096464,2.2965178,2.1273315,0.8013462,0.5961882,0.19777237,0.2513726,0.2055123,0.8048183,1.3347968,0.3395613,0.10106163,1.0900018,0.048599564,4.191708,2.6424298,1.8060832,1.556862,1.7629508,0.34951636,1.6814961,0.5357954,1.2146031,0.5864092,0.002280594,0.23347515,3.269747,2.2332458,0.52063316,0.5720393,0.3338071,0.11513592,1.4916672,0.3282398,0.28013963,0.11465468,1.452098,0.5074588,0.21046108,0.58155376,0.9342571,0.5066663,0.16325176,2.512762,0.034686208,0.026430069,0.9823162,0.318954,0.7224856,3.7498336,3.1140995,0.034805153,0.66178894,0.18702027,0.59693134,1.91845,0.38621414,0.108006604,1.1411645,1.7563787,0.83342296,1.0211827,1.1104991,0.8010114,0.119206235,0.8148433,2.2511039,0.23605432,0.93861794,0.061710645,0.34180528,0.92536193,0.73748267,0.07225384,1.1945467,1.8317089,0.26965982,1.3242368,1.8100942,1.0652812,1.3158772,0.8676863,0.9865145,1.0859249,0.36477596,1.4314284,0.8857079,0.45603397,2.5982208,0.5014842,0.094847776,0.70197815,0.6549358,1.0038794,1.1939563,0.32542914,0.023501575,0.51760876,0.029332062,2.0680454,0.43500176,0.40118784,0.7238467,0.19093761,4.083386,0.1300335,1.0452524,1.0459802,1.3778808,1.4799186,1.9380422,0.9062251,2.596638,1.1847552,1.7407854,2.7669935,0.972356,0.9738907,3.366556,0.3398093,1.7726955,0.32583073,0.76469064,1.036035,1.0281754,0.48443836,0.8328988,0.05483615,0.87064606,0.22604182,0.6789312,0.06706008,1.0349106,0.759628,0.31003365,0.22245617,2.4150512,1.9864888,1.2830336,0.8626221,1.0536655,0.42721862,0.9653264,1.778467,1.1199354,0.32049376,0.67336005,0.264112,0.6068245,0.3672638,0.5224957,1.1737125,1.0790006,0.2515482,0.13316008,0.4219375,0.051138245,2.083397,0.85823774,0.62415767,0.4114348,0.38737604,1.4066885,0.30350843,0.2921251,0.2925442,2.0184581,1.153904,1.2383205,1.3282162,2.0763357,0.14077547,1.4515495,1.3520772,0.5084443,1.6236308,0.057708155,0.35867286,0.6854511,0.21873446,0.41900206,0.23668113,0.6774457,0.7095584,1.8439567,0.7026774,1.5531948,0.2950213,0.23759723,2.0907128,0.28612584,0.19467656,0.30888322,0.5041102,0.022853598,0.004879487,1.1362722,0.5920461,1.1093335,0.46589753,1.2204417,0.7829759,1.3445115,1.2177091,1.9655418,0.8347052,0.94896686,0.70297974,0.49525124,0.0,0.5929602,0.8482288,1.0038251,0.87438965,1.1989623,0.19902548,0.110039085,0.6834175,0.98287636,0.031025514,0.94120026,0.8403482,0.25469348,2.8124104,1.8482575,0.13655128,0.5906873,0.002243273,0.22124083,0.4577284,1.5467364,0.38513368,1.3021129,0.99060774,0.5054602,2.6559718,0.35449016,0.9024671,0.01602796,0.032362863,1.3953726,0.9331658,0.1436999,0.042679597,0.50551564,0.16610414,1.3263444,1.303049,0.4894622,0.23926984,3.978399,1.1115037,0.3642797,1.0887405,1.7549552,1.3310069,0.22815765,0.25982112,0.14356042,2.848397,2.5208771,0.09455988,2.0118647,0.92840046,1.5207253,0.5519265,2.1473746,0.32463232,1.6578242,1.2462946,0.43840295,1.2027274,0.14285967,1.2470168,0.94174206,1.1127652,0.85752463,2.0902069,1.7165929,0.26239914,1.1444561,1.6286343,1.7617937,2.1303656,0.0,0.93652076,1.375949,0.265707,0.43100217,1.1397955,1.1281832,2.4960175,0.2644259,0.2972131,0.4856194,0.41409153,0.16356571,0.043713346,1.0349885,0.3463669,0.61019826,3.7446082,0.43062046,0.8696519,1.3673626,0.39839464,1.3332933,0.38202986,0.39517,0.36321008,0.054518797,1.0802029,all_pothole_images\pothole_images_image_167.jpg
0.2568051,3.3720138,1.3038868,1.7434705,1.9032284,0.75257224,0.23381637,0.6701477,0.57398766,1.0886495,0.53886485,1.0751787,0.1302905,1.0230311,0.8633657,0.8879553,0.116058834,0.6563179,0.525798,0.6730095,0.05125912,2.5341854,2.092406,3.0232556,0.0868874,0.1477171,0.100818045,1.1455841,0.83637935,2.2903779,0.91308826,1.322549,1.708267,0.37331548,0.63666505,1.0944849,1.0269897,1.1753246,0.18525195,0.83470213,0.43723044,0.02665237,0.028149191,0.6507954,0.3907463,0.13885078,0.14002685,0.049969975,2.4616747,0.018956931,1.3826085,1.513797,1.437879,0.01020449,0.49207756,1.6535546,0.90567625,0.02509065,0.5863703,0.48045114,0.34530562,0.99663424,0.5041965,0.62612903,0.009705181,1.0018914,0.45735237,0.42064068,0.43438098,0.80020165,0.72039163,0.79652137,0.1399018,0.5024706,0.28487462,2.940125,0.31541747,1.0669931,0.008084078,0.12820783,0.87684274,0.2786772,0.22235069,2.3434207,0.49564314,0.8012559,0.32249224,0.06578965,2.9493208,0.55655843,0.07615821,0.91191226,0.68197733,0.6655208,0.33273137,0.64503276,0.6388138,0.82104445,0.024791045,0.21496801,0.3797612,1.6877983,0.5153412,0.63137424,1.6425923,0.59427255,0.8924294,0.09429184,0.6878661,0.85747653,0.080413245,2.1611288,1.6833642,0.68781793,0.7534533,1.7047629,0.85313743,0.23790571,0.36576262,1.0204775,0.6152432,0.42792347,0.17962563,0.7235772,1.7763461,0.8256158,1.3526608,0.74020576,0.5469927,3.3552587,0.8833204,0.41622606,0.8573264,0.44973326,2.7622123,0.17966384,0.04655585,1.958803,1.8014675,0.6694182,0.90901774,0.0591707,0.77833927,3.1130395,0.5236667,0.7436496,0.33194086,1.2255775,0.4310028,1.1362605,0.948447,2.1101453,0.34771556,1.2049191,1.0779057,1.4805895,0.9874782,0.50608367,0.0579384,0.25500634,2.460657,2.0271556,0.64023626,1.5499687,1.7386745,0.34650555,0.04422506,0.3370197,1.1847452,0.09828072,0.9213171,0.061651897,1.1920738,0.3986214,1.6109391,0.10602565,3.4826663,0.0,0.026787225,1.3152477,0.010829284,1.335369,1.7080956,1.1212444,3.4823747,0.483796,0.32361838,1.1574279,0.18392785,0.8282331,1.295007,1.9281887,0.05134192,2.1477306,0.35172138,0.5468255,0.1383653,1.7342433,1.0978969,0.22309752,0.24656436,1.010258,1.3804053,0.42909753,1.558043,0.9272375,0.03513405,0.25140017,1.4950085,0.5344651,0.6406709,1.101798,1.4824167,1.3933032,0.33224136,0.07446621,1.0744019,0.80262244,0.5495336,0.6579302,1.689862,0.7268807,1.017011,1.1773112,0.1066914,0.44248104,1.5231048,0.0380177,0.20633215,0.1404485,0.04731803,0.38291973,0.030136006,0.78241706,0.43999177,0.17842597,0.09725873,0.0032381995,0.18442847,0.95966166,0.8276233,1.1184524,1.2544546,0.6278673,0.24048217,0.49934712,0.40766957,0.3676476,2.1116421,3.649867,1.6185477,0.035722747,0.3828898,0.49559233,0.057773992,0.25189498,1.3194315,0.32724202,1.1969109,1.9435018,1.7451879,0.23036969,0.14888261,0.25673428,0.59894115,1.0599651,0.08131817,0.38578394,0.8782217,0.2282498,0.075037315,0.07867567,1.8970319,2.0269969,0.76786983,1.9061671,0.04622148,0.35296676,0.41167352,0.75680596,0.11875094,0.42097896,0.21756896,0.59734154,1.6492126,0.20515877,0.6382826,2.3959496,0.3231546,0.36669827,0.42211574,1.3062721,0.59540164,1.3934052,1.4168268,1.3231475,1.1639634,1.4757327,0.3877818,0.4177787,0.03189078,1.0565083,0.5061768,1.2843772,1.9624977,0.40622857,0.5750207,0.21475379,0.99174637,0.5825992,0.52687895,1.24688,5.358605,1.2445235,0.058246426,0.8402739,0.0,0.15240997,1.0643051,0.24793383,0.29864603,0.08545507,1.2008357,0.92499244,0.5358719,0.09214072,0.8448891,0.64989245,2.1535285,0.0,3.377521,0.25621733,0.08935869,0.7181788,1.1284621,0.47647157,0.78127795,1.1095923,0.24641651,0.14217532,2.6080601,1.9228674,0.3923236,0.26686162,0.3097904,0.8805266,0.2548785,0.23841356,1.0780919,1.6832485,0.021087458,0.5916176,0.2603908,0.14562471,0.69824296,0.64828473,0.562008,0.61137164,0.64616144,0.5214456,0.32850125,0.19905125,1.4875556,1.7640347,0.030232916,0.6991519,0.8412333,0.848754,0.16993484,0.5533093,1.0428222,0.2592203,0.33622745,1.510169,1.0239112,0.35936978,0.10427505,0.3057303,1.6854026,2.931554,0.23559394,0.69586945,1.7371578,0.6690916,3.7322829,0.30204096,1.4150336,5.281942,0.68007034,2.315647,1.0666682,1.3846728,0.16437197,0.71905947,0.78682685,0.14774857,0.27398148,1.2362858,0.1277356,0.42418253,3.0890772,1.4043952,0.51735866,1.1743937,0.0,0.3102154,0.63604414,0.071987525,1.4173492,0.110849924,1.0188,0.45190316,1.2922626,0.7105935,0.28357804,0.7649399,0.13990599,1.2417017,0.08528838,1.170336,1.1529268,0.3602945,1.2668334,1.6709819,1.8373592,3.0550356,0.8237859,1.4718413,1.1009792,1.9123145,0.7588522,0.3481213,1.1158545,0.6965636,0.09885643,2.9579086,2.2171237,0.26580855,1.9836222,0.2010593,0.12664464,1.6055778,1.2405477,1.0508714,0.20313165,0.9894089,1.2094594,0.79862136,0.4939844,1.0822204,0.2442238,0.114135265,1.0602024,2.7212849,0.9616502,0.99087185,2.3028471,0.5117882,0.09028055,0.5901826,0.40258694,0.33169147,1.985054,0.21231952,1.3984513,1.4761508,0.4864585,0.52806586,0.4336846,2.1545186,1.4108644,0.4509083,0.98048025,0.119610995,2.0404165,0.032996736,2.4519413,0.557729,1.2998582,0.4436622,1.1652979,1.5778096,0.5782778,1.1680626,0.0,0.7450959,2.2005823,0.14088173,0.565869,0.102945685,0.2312211,2.2656536,0.213486,0.089670435,0.14350487,0.13796784,0.15205078,0.09463174,2.1746252,0.033884984,1.3232987,2.3524761,0.71837986,0.7154691,0.99198955,0.6112279,0.115310796,0.95306766,3.6117742,0.5131529,0.87787414,1.1999849,all_pothole_images\pothole_images_image_168.jpg
0.66388965,2.8699434,1.1912256,0.6860373,0.7242537,1.3373978,0.7563665,0.4162471,1.0360519,0.10265356,0.09054462,0.30081716,0.49935675,0.4465406,1.0036736,0.2675185,0.32559347,0.06360499,0.008396837,0.6180418,0.8950564,1.4673381,0.05382338,0.8547763,1.0036347,0.14258865,0.4071186,0.52964133,0.17285043,0.72955155,1.1843609,0.1289033,1.6308787,0.048070293,0.13517156,0.26492792,0.9533797,1.6395148,0.4477879,0.71715933,0.7448691,0.73112845,0.059510197,0.72813463,0.6643061,0.38914675,0.34897402,0.31048942,0.39958167,0.53713745,1.0857521,0.3735314,0.78820163,0.32038406,0.037561893,0.00064997433,0.1261574,0.50801337,0.11401749,0.25941604,0.0073910337,0.42380974,0.7801667,0.42246947,0.107050404,0.55234265,0.32567436,0.43999207,0.09394227,0.12912545,0.40453142,0.10140057,0.1611994,0.16170178,0.0,0.22993937,0.56887096,1.0607253,0.0,0.04652877,0.83819175,1.1282238,0.15465267,0.62388337,0.5905277,0.731127,0.03965328,0.1396845,2.4455202,0.19425191,0.5791485,0.041100983,0.27122867,0.5284204,0.24682987,0.4569827,0.96220094,0.44137946,0.035478726,0.5619948,0.14242247,0.41732216,0.9260179,0.75309837,0.18292776,0.27390483,0.1058076,0.13467427,0.16132501,1.6979463,0.6311114,1.8051502,0.45999363,0.12895086,0.08947205,2.69157,2.3273864,0.13270703,0.25006768,0.311958,0.25017792,0.7471063,1.4304912,1.0069209,0.18529005,0.6823151,0.34411687,0.181477,1.7115855,0.5277143,0.33200994,1.1116492,0.7780539,0.1906311,0.44558364,0.69902295,0.7167853,0.19796048,2.2671623,0.28418493,1.0608643,0.6643622,0.22269519,3.0016084,1.2519721,0.3580149,0.79340297,0.59306145,0.19011198,0.7561443,0.23271498,0.41423634,0.60818183,0.24330737,1.5249596,0.90805614,0.22297548,0.545089,0.6455786,0.9561448,1.1778221,0.61002916,0.4461286,0.44117048,0.36385068,0.02367481,0.47640362,1.7468003,0.47594234,0.3202891,0.42247492,0.25427,0.42730337,0.6965744,0.13331623,0.17320983,1.860284,0.11705625,0.09275207,0.51841855,0.0,0.28162903,1.2425836,1.0014228,2.9664972,0.06362527,1.6993124,0.035865758,0.30072746,0.060679615,0.8083622,0.15460396,0.18318082,0.7416742,0.8009955,0.007257172,0.23527057,1.0200028,0.68545073,0.45215067,0.024939269,0.18073833,0.47743344,0.29602677,1.3324256,2.309805,1.1229192,0.45680898,1.1810493,0.4318653,0.7988313,0.1909446,1.6454347,0.77624357,1.0384722,0.033698924,0.24719356,0.64283794,0.44632384,0.23907796,0.50521547,0.3315808,0.75307053,0.5422816,0.014271611,0.55521274,1.1071837,0.1424738,1.3692179,0.3392688,0.54024374,0.95711327,0.09259333,0.37905177,0.727043,0.5139249,0.20291281,0.29598686,0.45768088,0.062773764,1.0573833,0.064929195,0.05103191,0.05034678,0.0,0.010541778,0.6070468,0.49069038,1.1425232,2.4689991,0.31574836,0.004057234,0.70180154,0.05383281,0.040036686,0.015647614,1.2989707,0.35961637,0.94003534,1.0621979,0.86599094,1.4662791,0.6627746,0.3492937,0.6155645,0.7868183,0.094482355,0.4684428,2.4856133,1.7255409,0.69356424,0.2325109,0.07487217,0.04418375,0.1480344,0.75482893,0.17216772,1.4101237,1.1590923,0.42267832,0.070261836,0.43952063,0.5818889,0.20118156,1.1673368,0.21491142,0.8091451,1.899835,0.6594076,0.5273056,0.49524525,0.5782302,0.5705182,0.55809504,0.24727844,0.5236193,1.0584404,0.48723266,0.5555061,2.2338958,0.3398203,1.3923755,0.012933164,0.5458202,4.8748064,0.102477044,0.05193655,0.463337,0.56986284,0.0008871347,0.0028967713,0.71871513,4.2955627,1.2758496,0.1279277,0.13687438,0.45981598,0.32112044,1.4186032,0.8904117,0.5560568,0.07941055,0.5072833,0.9035006,0.2105287,0.23864123,2.9414177,1.1884801,0.9319953,0.72488964,7.00653,0.62818253,0.14115176,0.7322023,0.5899463,1.0080429,1.6511738,0.129628,0.26741502,0.023934651,0.26177526,0.8866349,2.5981605,0.3767527,0.1833636,0.12148244,0.1361165,0.5323077,1.6993332,0.95021063,0.1998841,1.0218352,0.016799744,0.08982512,0.36852965,0.38510886,1.4155813,0.14910536,0.011909772,0.45072016,0.40875524,0.30699375,0.38217786,0.49886274,0.038014054,0.675025,0.9764736,1.9256893,0.39352626,0.0,0.32918936,0.31745493,1.3809094,0.8636856,0.6278254,0.17341824,0.83509874,1.4098608,1.3351443,0.89116067,0.5458362,0.1432915,0.7182148,1.1521286,2.7039328,0.37678504,2.4205592,0.46264383,0.0,0.8156007,0.5600061,0.3527987,0.036232736,0.011816511,0.56939274,0.118761696,0.49576932,0.643558,0.04837774,0.25204518,2.927458,0.30547312,0.1496087,1.0964267,0.69719166,0.6025284,0.1248477,0.40581372,1.9934536,0.28988248,0.37638518,0.20794438,0.72582275,1.1940079,0.7510774,0.22572082,0.17178078,1.267782,0.22581375,0.8091655,0.62323064,0.19262728,0.576847,1.0217774,0.13336845,1.6038162,0.9377004,4.1058354,0.89173126,0.13558142,0.74582416,0.4248163,0.25256166,0.031893864,0.61014104,1.5463854,0.7822508,2.1403584,0.75292766,1.2919126,1.0188489,0.31605807,0.114171706,0.058603995,0.35259843,1.3850762,3.7943301,0.026501635,0.09367197,0.8447737,2.2354994,0.761027,0.96147203,0.6180455,1.5631518,0.022320893,1.1586167,0.05075139,0.5064408,0.15410234,0.77925014,1.7112589,0.9030168,0.2324496,0.43672848,0.90741336,0.06262225,0.2717374,0.007221745,0.70274425,0.59957504,0.5034839,1.0473688,0.24457309,0.5340239,0.01556744,0.622404,0.4292729,0.7554161,0.9178513,0.15607922,1.3300465,0.40831682,0.54315585,0.11390988,0.21723057,0.77596366,0.10330316,1.1187698,0.66401553,0.40285763,1.7821264,0.26527017,0.41849902,0.48815933,0.16394767,0.10124016,0.12064484,0.0293878,0.0,1.475264,2.5409827,0.29774183,0.90634966,0.16880327,1.8442441,2.467401,0.5927213,0.41925588,0.36768726,0.079719506,0.1233985,all_pothole_images\pothole_images_image_169.jpg
0.7358027,2.04662,0.7644658,1.248186,2.5934334,0.12515144,0.27413005,0.8792972,0.23333092,0.13954389,1.7104691,1.2038233,0.35857219,1.7280108,0.057474617,2.4812994,1.5344818,0.30045977,1.4066304,0.7264654,1.0221092,1.1504191,0.12512907,2.2295742,1.655325,0.88632154,0.0,1.8328938,0.06401348,2.1604638,1.6223834,0.38112646,2.2482007,0.78321594,1.2675118,1.6608018,0.5292448,1.3823507,0.57789135,0.8824232,0.13947439,0.27583936,0.43866426,0.2321679,0.018922832,1.6652464,0.41629842,0.053134784,0.35439655,1.6248927,0.5134486,1.0253371,2.6469088,1.5321087,0.1538359,1.6422694,0.84121406,0.0012729119,0.43005264,0.19229838,1.053852,0.21148708,2.895329,2.151536,2.3678603,2.3031933,0.096588306,0.32449314,1.5841403,0.94243926,1.9220426,0.60410976,0.31421882,2.835679,0.76825666,1.2139119,0.60927683,0.11669928,0.43492216,0.74119014,0.58057386,0.6986473,0.6967077,1.0360595,0.66191226,2.2482772,0.03413154,0.45053992,1.4073615,0.104245156,0.756782,0.012258798,0.2722289,0.6278005,0.24249236,0.73872524,0.99062973,0.8650425,0.37832072,1.0453844,0.7679199,1.8473792,0.26169404,0.20667309,0.2154233,0.44414312,1.1806388,2.764018,0.026743367,0.73580855,0.25586122,1.8389444,1.8995956,0.94130147,0.33094722,1.8126154,2.2278943,0.67807084,0.9670273,2.363988,0.653299,0.10439113,2.0704756,1.1241097,0.22730683,0.42006442,0.7533728,1.9885428,0.6559046,2.0971396,2.4691646,0.10630061,0.22365667,1.2368388,0.5992571,1.9347262,0.9726715,0.8886073,2.729002,0.2997107,1.4740446,0.5448935,0.15957597,2.1763208,2.5742843,1.5370127,0.0208268,0.15517142,0.28065717,0.85561943,0.81986064,1.4676062,0.6451566,0.4774268,0.6691015,1.3563533,0.32642397,0.43390617,1.7825109,1.6693188,1.0931274,0.7438352,0.08271791,1.2106984,1.2363899,1.3508651,0.16680573,0.84909105,1.7082814,2.2441192,0.8246405,1.0029082,0.401028,0.9906155,0.53381723,0.40445873,2.0335379,0.98051715,0.23956606,0.681403,0.098902166,1.1315862,2.0453808,1.4715629,1.6326586,0.10113418,0.82629955,0.13332634,0.855657,0.8963351,0.9151063,1.3607463,0.3957679,1.3194491,0.7835883,0.7106513,0.3493701,0.26440305,0.3143919,1.9132215,1.9419206,0.52311486,0.9424664,1.2444961,3.2435288,0.9936433,1.7751083,0.11271305,1.9475602,0.9441391,1.1421788,0.70690966,0.92205733,2.0406709,1.4589413,0.8614605,1.2080874,0.03777138,1.5017698,0.32833076,1.4431952,2.5885735,0.5567713,0.56924397,0.11780406,0.610313,1.8981777,4.2470098,1.3811289,2.6874197,0.30992132,1.2206966,1.1815714,0.83237904,1.3735206,1.0725678,0.5995606,0.64057654,0.90378755,0.7751606,0.7057779,0.35340378,0.29678503,0.3479927,1.9267154,0.003945982,1.0654167,2.4048362,0.71420985,1.0159446,2.8705392,0.016851313,0.34350488,0.09579412,0.6298364,0.095787965,1.3557703,0.3753149,1.0299151,3.82501,0.94033456,1.5727682,0.54826486,0.22310877,0.5772836,0.72505593,0.0,1.0171342,0.24580792,4.0880647,0.2635382,0.13069105,0.9356876,0.3632796,0.5152075,1.410202,0.6908682,1.6005927,1.3169302,0.9020661,0.078301,1.2543991,0.07694675,0.68145204,2.2612016,0.3122413,0.44157302,0.93023586,0.11608083,0.1506315,0.38067693,0.15256752,0.11042001,1.4101939,1.3628079,1.4226176,0.5869483,2.135714,1.2705909,0.46261743,0.02099894,0.8940707,0.2686576,0.46732292,2.3238738,0.6731535,0.21539797,0.7077024,0.69426423,0.87530375,0.9550777,1.8416159,2.6179833,3.0593486,0.13380358,0.9386514,1.2360643,0.9753164,0.7027952,0.8351049,0.81031626,0.3523393,1.5664561,0.2767183,1.8127444,0.20309514,0.45722002,0.62130445,0.50539404,0.9276859,1.6812317,1.2926465,0.0,0.76867735,0.12091285,2.3858488,0.57978714,1.2681788,0.44304278,0.15282339,1.9775078,1.679721,1.7841376,0.06926205,0.3269201,0.30012462,0.33429423,0.46669808,3.5993667,0.8696,0.0,0.71281415,0.07537744,0.08274669,0.37302616,0.16964674,1.4952445,1.5264416,2.2371936,1.081174,0.69432986,1.3179364,2.6189742,1.3165582,0.12562212,0.033890404,0.9264305,1.130997,0.032559846,1.4746175,1.7263339,0.117674716,1.0947311,0.78586096,0.5748085,2.2910862,1.789859,0.73460954,0.4807386,0.83400655,1.0397178,0.79725707,0.12181199,0.9075381,4.5522237,1.5017669,2.5513265,1.7292297,0.49805617,1.0162767,0.2632111,1.1005043,0.12836958,2.0204504,0.5763586,1.6603427,1.3206974,0.61799836,0.67323774,0.346174,4.227712,0.9714574,0.1713786,1.1266235,0.96746343,0.4569818,0.41013378,0.95794475,0.9636384,0.07828752,1.4813539,0.25414345,1.0244766,2.4043868,0.47419757,2.5451825,0.83794177,0.658086,1.208143,0.55009025,1.6417029,2.270583,1.2688752,0.419181,2.299413,0.885056,0.462464,1.9151841,1.3984773,0.5793655,0.23194686,0.8608056,0.88266957,1.7455624,0.28741625,1.9480588,0.09990731,1.6222832,0.007997172,1.4645209,3.3271596,0.5312337,0.77202636,0.5905346,0.44907394,1.5237688,1.2004045,2.2852035,0.79905325,0.53338826,1.2725794,1.2508729,1.134865,0.541736,0.23085202,1.9916139,2.106634,0.22819151,0.12998459,0.7487931,1.0769725,0.94930255,1.537888,2.468878,1.7491446,0.55084234,0.88424075,0.29118082,1.0859253,0.60410875,0.47875842,1.288388,0.6452281,0.33380398,1.6562098,0.9390791,1.7138143,1.2348591,1.8391355,0.028266922,0.283338,1.729897,0.8823432,0.70072734,0.09069873,1.2045112,1.0001221,1.3000302,1.2756649,0.4563828,0.6669216,0.6579835,1.2436844,0.21984066,2.163933,0.64947903,0.5237343,0.059626635,0.7270475,0.057245385,2.0442486,2.9811437,0.7494901,1.1811943,0.9322315,0.1330739,0.14549637,1.5868384,1.2410091,0.79802245,1.0479715,1.1064306,all_pothole_images\pothole_images_image_17.jpg
0.34338,0.5471166,0.083461024,2.5534046,1.0830011,0.3987088,0.098936915,0.0669975,0.3154433,0.20845957,0.3631689,0.48860112,0.5527399,1.6134771,0.112659596,0.14953874,0.22700584,0.6651991,1.1864234,0.019559378,0.76356256,1.8699642,0.17421407,0.9837626,1.0222096,0.6829245,0.39485314,1.9629252,0.0,0.12857705,0.7234408,0.4394716,0.9168433,0.9486534,0.7153209,2.3308659,0.6262144,0.58091056,0.8874484,0.24825911,0.049433995,0.0069011133,0.33010852,0.39354032,0.5442266,0.5506681,0.1822235,0.14962924,0.8370683,1.5485761,0.49690887,0.011049975,0.13003708,0.2201732,0.07195456,1.3815136,0.6996104,0.11401649,0.42231062,0.08701344,0.14308822,0.14313157,0.12487779,0.42214304,1.5662831,1.1100473,0.19796024,0.3630267,1.256439,0.31466556,0.085776515,0.5147802,0.5465025,0.012170251,0.00565056,0.1597854,0.041031003,0.63602203,0.28646678,0.46406597,0.008349753,0.7266086,0.17152217,0.89999676,0.12986906,0.27016032,0.29884648,0.0020728095,2.0447407,0.16170721,0.68642753,0.14255138,0.64949644,0.5088956,0.0023435985,0.029451204,1.1745785,0.23389651,0.6291288,0.62032175,1.0769631,2.4436677,0.75891393,0.049846064,0.85210705,0.19435824,0.07829728,0.8695763,0.22820936,0.34137553,0.0,1.1176443,1.1449357,0.2515588,0.22966431,0.26860395,2.7473156,0.90201163,3.8238456,1.7492267,1.8094708,0.0,0.2833835,0.18810949,0.26912323,0.8266337,0.20130017,1.0834461,0.823141,0.5817873,1.574482,0.0,0.34547487,0.0,0.04516852,0.7639308,0.97776437,0.98679227,0.5667015,0.106332466,0.41189077,0.88421553,0.0,0.6916273,0.009557171,1.1898941,0.95098174,0.0016026984,2.028833,0.199006,0.087645255,0.90601563,0.07593948,0.10724015,1.188839,0.9856954,0.6664928,0.091878995,0.9031143,0.02065244,2.2417226,1.6108255,0.1559526,2.5074546,0.06207594,0.98841995,1.0956767,0.07315293,1.0609924,1.6190019,0.47501558,0.46347988,0.01876972,1.2531667,0.69620144,0.0,0.029498635,0.0128618935,0.2569436,0.050540805,0.07862883,2.0591612,0.8162669,0.47372678,3.496912,0.72334516,0.7520033,1.5331374,0.5198639,0.4018996,0.2122707,2.6112137,0.13477607,2.172464,0.23502159,0.6153072,0.7905977,0.49832168,0.5752308,0.120880485,0.3330619,0.83330107,0.36860147,0.6377365,1.0127776,0.44863302,0.6982369,0.3776778,1.0223732,0.113861084,0.05511322,0.0,1.2738333,0.1690201,2.5127141,1.0383373,0.04586282,0.03588732,0.031721417,0.6629753,0.17244379,0.46058375,0.6022879,0.18759835,0.09907367,0.4278557,0.43714663,0.03359773,2.8169358,0.41001236,0.0,0.03485956,1.9258724,0.32774487,0.30970654,0.22165783,3.0998218,0.032825302,0.5068724,0.4038578,0.14151509,0.2897072,0.2730784,0.13569981,0.0575322,0.09763302,0.21142401,0.12497562,0.12263697,4.581778,0.4967296,0.27895153,0.60862577,0.85458106,0.25623718,0.19893113,0.5139608,1.7003438,0.010803037,0.8591103,0.24419333,0.0133627355,0.21886988,1.7357025,1.0708095,0.26936638,1.2803029,0.66419,0.5002184,0.042578347,0.052432153,0.043878242,0.0,0.559519,0.7255613,0.841889,1.290494,0.37262845,0.88272095,1.6285756,0.16894756,0.10372936,0.65752894,0.113600396,0.34257126,1.3904257,0.33057028,0.61516243,1.257328,1.2372702,0.06619792,0.0019778607,0.086772755,0.77080077,0.7333916,0.06461713,0.13151912,1.0767035,0.27720216,1.5153236,0.9214334,1.6084683,0.032542165,0.34381193,5.642446,1.0732733,0.035654154,0.24803114,0.32244444,0.077422254,0.20756881,1.0239723,2.761847,1.8083748,0.67104703,0.21281007,0.031987123,0.12462497,4.437048,0.046415113,0.3172925,0.0,0.2992579,0.2791527,0.56524533,0.61210585,0.29360855,0.6827559,0.026489206,0.049244206,4.2481685,0.09282749,0.5349941,0.116864175,0.041067377,0.08522187,0.36604646,0.84225494,0.44833508,1.0253736,0.49351808,0.07202889,1.6334798,0.6614881,0.60325503,0.88817704,0.10843777,0.6064477,1.2370465,0.6470179,0.07249155,0.31331536,0.0,0.23271365,0.21939805,0.15870951,0.0,1.8215973,0.7072811,1.0191331,0.057299677,0.6887719,0.7176082,0.5186985,0.14456007,0.0009890384,1.6260815,0.28357595,0.058628764,0.3940771,2.4476266,0.008061031,0.5915041,0.0,0.15011309,0.28981653,0.001012079,0.11590949,0.16022417,0.29265985,0.77446854,0.11613462,0.32959926,0.9723868,3.3207755,0.4981531,1.1312121,0.016102592,0.10881982,2.3867342,0.8640239,1.4283755,0.07601866,0.0,0.5029875,0.1856253,0.52009463,0.6458976,0.17548595,0.034613233,2.6116698,1.4244051,0.68411785,0.13569799,0.8102995,0.1486499,0.20943972,0.39055887,0.042231884,0.00025336735,0.45383888,0.107754976,0.12388664,0.8192029,0.019181756,0.3021617,0.42699125,0.8994615,0.37451681,0.03856831,2.3616488,0.3092749,0.9727003,1.8825064,1.479708,0.13999455,0.2790243,1.529787,0.5254616,2.0148888,0.18270692,0.5017996,0.71249884,0.98015076,0.72163725,2.8700998,0.67655134,0.86366457,0.2840621,1.7195127,0.31751,1.1628358,0.15779948,0.6432446,0.071350545,0.1617161,0.46143484,0.2504657,0.16658172,1.267112,1.8736572,0.3508971,0.5859162,0.99793833,0.51305264,0.5145777,0.6110729,0.5920385,0.5293245,1.3725234,2.1139774,0.92113554,1.19461,0.32644922,0.55411905,0.09623592,0.39145863,0.005831596,0.31120628,1.397228,0.38093215,1.9891927,0.09698551,0.4483195,0.93055224,0.039246216,2.4086814,2.0389593,0.6010454,0.19032964,0.0,4.429033,0.2915406,0.044203263,0.06128057,0.23124105,0.12079221,0.0,1.872457,0.1988116,0.25145933,0.61412156,0.6222283,0.35325065,0.14204064,0.3547291,0.0714391,0.16156831,0.0,0.475102,1.2373545,3.6500244,0.78674394,0.06375133,0.13277982,0.9044175,0.5746662,0.25033632,0.33437473,0.2718825,0.09785157,1.2160155,all_pothole_images\pothole_images_image_170.jpg
1.2550236,1.1700898,0.072420344,1.7758166,0.39009678,0.12769996,0.075056,0.49423772,1.2090194,0.10085882,0.11097957,1.7952962,0.18633753,0.006166089,0.98772573,0.16278966,0.8088133,0.118745565,0.8980924,0.06386279,1.6480112,1.4863383,0.06263709,0.14821035,2.0614665,0.53483635,0.17535618,3.0442212,0.0017475416,0.42147714,0.5564571,0.63209593,0.1605305,1.1223625,0.8628749,1.350093,0.07712683,0.62757516,1.5098573,1.9622399,0.13436072,0.54880255,0.021970773,0.49791437,0.21153605,0.3219489,0.10342754,0.2122047,0.2194132,0.6689453,0.551104,0.09989437,0.2384074,0.036414657,0.119191505,1.2782415,0.26274577,0.35022348,1.3206164,0.3763039,0.70273054,0.073357925,0.09030899,0.486861,1.4525073,2.3592014,0.3243732,0.009022455,0.7269775,0.07411264,0.8522304,0.4681041,1.3333707,0.60434794,1.2253404,0.48590532,0.23284575,1.0236727,0.0,0.025788372,0.75432134,0.40266502,0.0,1.2181183,0.9118057,0.7637128,0.013414816,0.9216101,1.6428524,0.7144415,0.17872152,0.0319129,1.3855139,0.36650905,0.3574511,0.014529435,2.9429965,0.08035366,0.29124728,0.9337342,0.091866314,1.1862909,0.35988685,0.39429045,1.3712708,0.16369787,1.2481284,0.70959175,0.3239788,0.017346593,0.19940053,0.7248919,2.3079486,0.67452216,0.1429957,0.3490284,0.35931218,0.39233643,1.0770398,0.058963478,0.54694104,0.3883961,0.090073876,1.5010946,1.1347237,0.012357377,1.4326271,1.5617266,1.013253,0.14555733,0.044954076,0.03526867,0.0059844814,0.30403116,0.15311345,1.9808877,0.4255813,0.31018543,0.94780964,0.046234764,0.084545545,0.16052681,0.41176122,0.15689842,0.8884346,2.3806167,0.0,1.155032,0.82921076,0.50196457,0.2877659,0.41355234,0.024799049,0.08531259,0.5210623,0.10128689,0.6937124,0.05371585,1.2926491,1.67293,0.917753,5.22148,0.02032126,0.8065903,0.27582148,1.0297754,0.65553546,0.19151378,2.7878847,1.9772472,0.036628935,0.2663337,0.5418909,0.0,0.009851533,0.0104208505,0.43291238,0.001255775,0.24611044,0.36582127,0.10335461,0.7350202,0.52808046,1.2672342,1.7338628,1.3177708,0.0033803568,1.0286996,0.9754148,0.7092651,0.26483956,0.16166426,0.08935459,0.8237628,0.63409674,0.49802494,1.0864003,0.42991617,0.9609037,1.0246518,0.029626831,0.79485506,0.5468339,0.76050246,0.6136768,0.048447322,0.45323074,0.42515743,1.6368811,2.0399227,0.06950272,0.0058914153,0.12390367,0.060070205,1.9606597,2.6009796,0.21146815,0.20079315,0.109747104,0.07787663,1.3394319,0.9429726,0.71413,0.29130548,0.1634657,0.57306325,1.0792935,0.55131185,0.22299647,1.1134373,0.36519614,0.15054598,0.5502401,0.8598517,0.45452297,0.08739772,2.580968,0.1362831,0.3229485,1.188493,1.1484404,0.7801542,0.14812478,0.058465257,0.6551053,0.0,1.6625111,0.9211276,0.10893378,3.629602,1.9924523,0.4404433,0.023525145,0.0008166196,0.0,0.4594773,0.4678747,1.1147066,0.04126075,3.6030326,0.7817277,0.14832471,0.7129934,0.5673397,0.16506411,0.036949985,1.2038801,0.7824618,0.9198286,0.058239993,0.060768273,0.08938595,0.08389846,1.2901694,1.6773572,1.834158,0.7497752,1.7953799,0.07086777,1.2128618,0.8586846,0.089872174,0.81656295,0.0920689,0.26007283,0.2978195,0.8301772,0.075362474,1.2913597,0.23600842,0.0,0.13202699,0.11391227,1.2999066,0.46692932,0.059638616,0.001159143,2.8869112,0.27081338,2.1917555,0.47721353,0.46903703,0.09796201,0.0814012,1.832417,0.40851203,0.072089076,0.2507861,0.0,0.28719476,0.9146386,0.16941531,0.43667305,2.6401403,0.10967195,1.331385,0.30965808,2.6072276,2.044734,1.6563979,0.22644511,0.031105435,0.5404617,0.06406989,1.2877302,0.26390365,0.07750715,0.034586396,0.88132405,0.4400846,3.2051091,0.96058744,0.022215107,0.04519182,0.083989725,0.12747824,2.942041,0.20692828,0.025536275,1.6910049,0.4358695,0.07668716,2.3042486,2.497026,2.1570687,0.5279832,0.48589543,2.316156,1.4429327,0.22854552,0.49064317,0.6726499,0.0834428,0.0,0.32739606,0.44834447,0.28117388,1.4014796,0.5007429,0.342421,1.2026184,0.062313292,2.0443938,0.72680336,0.0,0.0,1.0066772,0.22546999,0.033857267,0.124752976,1.7338319,0.6941033,0.3415882,0.2222678,0.0045813564,0.2299939,1.1806785,0.093431234,1.4483533,1.2260823,1.5090696,0.0,0.5508762,0.0083001545,1.6780137,2.3792305,0.15754098,0.01420546,0.16751315,0.8187853,2.245503,0.5252776,0.108177155,0.22921363,0.39315835,0.010212427,0.29601178,0.08089666,0.006418847,0.061822142,2.288076,1.511678,0.46690857,0.11029479,1.1526475,0.16264966,0.64126927,0.36435857,1.2049564,0.17075056,1.3995728,1.1577324,0.068487294,0.9931064,0.1164067,0.98861414,0.98655814,0.08448079,1.8728876,0.24458791,3.0037143,1.2151724,2.124712,0.17199391,1.8510561,0.18681107,0.37965053,0.8243983,0.4045087,0.88196653,0.555675,0.25650156,0.038074255,1.0445504,0.022478962,0.45915225,1.1722076,0.8423865,0.16738448,0.9108944,0.36642537,1.352499,0.8586824,0.55529594,0.016630553,0.035115715,0.5757594,0.5823369,0.07199294,0.55593145,1.3673443,0.7030982,0.7195106,1.0327829,1.1993543,1.1919148,0.242964,0.011437235,0.52161723,0.7112167,0.48834133,0.0689208,1.6661016,0.0,0.37651178,0.30835143,0.22614868,0.076610535,0.37581906,0.0,0.45231533,0.83406967,0.57749325,0.08324873,1.1415765,0.085554056,2.3926647,0.05697883,0.7928357,0.018601969,0.10366217,2.5327995,0.5510068,0.5577392,0.07728755,0.05399232,0.18287973,0.64734215,0.2593975,0.038920693,0.609167,2.8662214,0.33828393,0.5856832,0.0,0.23643003,0.7665915,0.30568784,0.113524154,0.2617776,1.4788834,2.5259058,0.24514058,0.69449,0.57616985,1.6430233,2.7036972,0.08110114,0.30313963,1.9125824,1.4172835,0.8140784,all_pothole_images\pothole_images_image_171.jpg
0.88094264,2.7302346,1.6807971,3.3832421,0.6248506,0.5135191,0.9079512,0.6566671,0.38007116,0.49013177,0.86196125,0.71005154,0.00713799,1.9342357,0.15473914,0.36715394,1.0271988,0.49539605,2.2477698,0.4064279,1.1286911,2.0916,0.045233645,0.5008535,0.79050595,0.11318035,0.24785446,1.7776008,0.11584003,0.8680932,0.5305221,0.30639413,0.055132795,1.2685512,0.49077168,1.3935612,1.257359,0.75917387,1.0676404,2.1067035,0.27648455,0.035196494,0.24273542,1.1965317,1.3447334,0.23075438,0.036955107,0.69398355,0.1128454,2.8037083,0.11791303,0.25618196,0.62006897,0.36505818,0.09378164,2.2277887,0.51749426,0.42366797,0.63881326,0.043089867,0.14967951,0.42471236,0.109630264,0.06409751,0.22593766,2.1399012,1.5685593,0.5735298,0.35446587,0.43516603,1.0058706,0.5799423,0.048444565,0.28344536,0.77623886,1.033368,0.40842935,2.3636415,0.72662455,0.11522145,0.33576405,0.19938818,0.33531022,1.153312,2.9225993,0.1461909,0.017626442,0.14872709,3.6850748,1.39201,0.036572464,0.09028061,0.88968897,0.06441654,0.36649245,0.5006163,1.9088119,2.4378266,0.19307047,0.5452181,0.5123013,2.4554772,0.97513074,1.7957877,1.2466297,0.021648109,0.22289507,0.3369035,0.42691618,0.3933279,0.0067163426,3.4649267,0.52697366,0.69073004,0.7992851,0.07086119,0.45530078,0.012721032,2.730778,1.1987607,1.2781378,0.5272423,0.15924186,1.8679053,0.32001573,1.8253751,0.72173077,2.1285012,1.1857136,0.86289304,0.017854454,0.0068679233,0.4051797,0.42471287,0.08357461,3.1531527,0.3540025,1.2827687,0.36469603,0.5108429,0.49153703,0.042971052,0.12041043,0.79730356,0.10024201,1.267064,0.0,2.9192061,0.70240587,0.8897111,1.3941568,1.2168661,0.14196633,0.50272036,1.6898134,1.1045188,0.40265685,0.42101598,1.0471414,0.14094862,1.108903,2.6774976,0.19129394,1.92467,0.4734781,0.29820505,0.6307075,0.057695277,2.1793048,1.7360967,0.94480675,0.006413323,0.09417632,0.17680062,1.0935948,0.40177652,0.44510588,0.52899426,0.46516424,0.4633476,0.8487654,1.3921475,1.0463706,3.5091777,0.65169847,0.5691884,0.44276822,1.1957724,1.8315426,1.0512152,0.04766625,1.121781,0.112001434,0.71710074,0.6235103,0.7059747,1.7463615,2.0766597,1.8249553,1.760934,0.5536939,1.0526408,0.3180954,0.4603545,0.62931097,0.029272143,0.5975218,0.07546142,0.7987684,0.47407043,0.14808878,0.0,2.0100763,2.4069471,1.924454,3.1889467,1.6496841,0.55355704,0.5746859,0.3389413,0.3755586,0.5582322,0.2990413,2.6689808,0.08985269,0.025219202,1.5957516,0.2928596,0.19380665,0.2937674,0.047496185,0.0678968,1.7374631,1.0370502,0.39750683,0.6267148,1.6215135,0.6288538,0.5782547,0.9243753,0.27327716,1.0224026,0.89214754,0.078128465,1.1530446,0.060228627,1.0315001,0.6084039,1.1816797,4.7361937,2.1518354,0.60727537,0.5472157,1.234091,0.23593633,0.7332716,0.89477444,0.9497876,0.5770808,3.5624402,0.25503772,0.08692586,1.3376552,0.53681636,0.11109238,0.39160988,1.4453747,0.4002859,1.7423428,0.11477629,0.8269634,0.18462126,0.9257923,0.638743,2.8399456,1.0156584,0.29870826,0.038507413,0.4158301,1.492231,1.4482703,0.61452335,1.331563,0.7009667,0.96872956,0.74184734,1.4464413,0.87173945,2.3455033,0.33493766,0.15790796,2.303092,0.06311117,1.6178461,1.2146858,0.4820228,0.0937774,0.7396503,1.0312905,0.95973206,0.9243368,0.48280448,0.23184404,1.0041462,5.9771757,0.16347818,0.6797541,0.346348,1.9155322,0.2221414,1.580889,1.4290779,3.2143657,1.1719524,0.08811646,1.7681531,0.6354708,2.1793547,1.4147727,0.041913167,1.8038398,0.017103806,0.53886807,0.7527441,0.25532633,1.2190027,0.7213404,0.11378668,0.970276,0.48996803,1.9039412,0.5120235,2.0693374,0.7786577,0.8451383,0.051408183,2.6428416,1.5216687,0.39805746,1.1292458,2.8928957,1.03973,0.7158374,1.1697733,1.8685352,0.297233,0.8881013,0.33335036,0.27810767,0.51770586,0.07451874,1.3573625,0.72826916,0.1620852,0.4172547,2.2059653,0.34503135,0.38312766,3.1337726,0.82651687,0.0023161538,0.3686522,0.74526507,0.840557,0.352054,0.98317474,1.6036285,0.0057051065,0.11638223,0.7228903,0.06282557,1.946186,1.1927037,0.2094695,0.6907634,0.48712763,0.8309126,0.16483873,0.8793934,0.65091676,1.4361385,1.030527,1.4212093,0.009806041,2.9582188,1.171144,0.6897904,0.7795306,0.036491238,3.579462,2.8946962,0.6045176,0.38832694,0.5746696,0.11963649,0.05922779,1.4710678,0.63222843,0.078204855,0.17943779,0.27750623,0.34354338,1.5332856,0.70087636,1.4249024,0.04925547,0.45617333,0.20445614,0.12252914,0.13975322,0.503958,0.31148615,0.07501266,1.0113872,0.018466981,0.30464426,1.3162907,0.9174973,1.0818,0.841531,2.6512668,2.7401247,2.4757042,3.7591162,1.9785305,1.1871568,2.5453389,0.99794877,0.015244303,1.392807,0.61185086,0.29870763,1.2772485,0.10747672,0.5857202,4.966073,1.3788129,0.3895358,1.913648,0.84185493,0.71952987,0.9671237,0.7317331,0.10022837,0.080569066,0.05256148,2.0318475,0.6525421,0.6061277,1.2888445,1.8308471,0.72697765,2.3320708,1.7844645,1.7486837,2.0344944,0.65709734,0.67914987,0.55505854,1.7926704,2.3381937,0.3794589,1.1499319,0.098916635,0.53338987,0.8956717,1.3163035,0.30107707,0.38403293,0.58210665,0.84254706,0.52912545,0.2353552,0.9091082,2.320256,0.09043977,0.40872753,1.4202969,1.6956285,0.4942882,1.1619185,2.1646588,1.2985959,0.632762,0.27578303,0.4876863,1.3740107,0.57522714,2.6181517,0.25990415,0.6100194,2.8945947,0.06854866,0.0072050164,0.0008118088,0.0016265389,0.23488523,0.41348577,0.8853498,0.38155815,0.19525315,5.2347436,0.3738432,1.2604424,0.54410803,0.39812133,2.424091,1.1900736,0.09694096,1.9712073,0.19256474,0.9070956,all_pothole_images\pothole_images_image_172.jpg
0.52125424,0.36245236,0.0,3.297688,1.1097404,0.2585364,0.081480294,0.015196905,0.054350637,0.99578154,0.3628378,0.839623,0.0,1.5302182,0.0,0.21117067,0.5136161,0.9224653,1.1195385,0.10482753,1.15718,0.094823755,0.21373463,0.61234534,2.6622548,0.31302336,0.327209,2.2065225,0.038617533,0.020109534,0.5045629,0.22084256,0.2550166,0.8852048,0.11534064,1.3382711,1.2867601,1.1217072,0.20682235,0.32567346,0.007044127,0.0,0.39778545,1.763553,0.7215521,0.10052878,0.09346165,0.41948676,0.2076968,1.6974418,0.24555492,0.01605972,0.03203373,0.0024091739,0.32583284,1.0824269,1.1608443,0.43272045,0.037703194,0.0004267595,0.18604527,0.25044543,0.1276418,0.22925201,1.3483227,1.0134513,0.9077715,0.0062405732,0.20355232,0.024185594,0.24119143,0.0560189,0.90281755,0.0005189685,0.87341726,0.1114908,0.02281218,1.6362948,0.03750034,0.06642094,0.0,0.66952467,0.1781495,1.806804,0.43746382,0.0392078,0.028952038,0.011752476,2.3913512,0.14211327,0.1899554,0.32943958,0.14774652,0.19274136,0.39566365,0.011985125,0.5525777,0.39535305,0.73155886,0.15309401,0.08489936,1.9486146,0.84777963,0.009019819,0.92552996,0.06876122,0.6369576,0.00036138203,0.058127753,0.47960213,0.0,1.2269857,0.2906268,0.4284299,1.6412908,0.34752607,0.16966687,0.06279901,2.7583346,0.68371004,1.9039197,0.14343135,0.011380849,1.2888527,0.4606413,0.51764697,0.013292305,1.6208211,1.1503817,0.054402098,0.17257749,0.0043802178,0.50409883,0.037303913,0.40016174,1.0451738,0.17561121,0.1577502,0.19117892,0.013340268,0.10520484,0.21311086,0.093543924,0.20684986,0.0030744593,0.17819649,0.061626162,0.40389532,0.19921406,0.029470516,0.62301457,0.6263823,0.1467471,0.302463,1.2496542,1.0783576,0.21328416,0.046752356,0.9489487,0.18867175,0.6638388,1.9635369,0.3277738,1.3461347,0.19855595,0.51926357,1.1498059,0.2006031,0.68806666,2.9974663,0.0,0.0053312485,0.0,0.38038674,0.07301578,0.05483092,0.40323955,0.3640952,0.0032030814,0.046480186,0.0,1.7213019,0.71874905,2.7381961,0.8313833,1.9394599,0.33652234,0.29185975,0.47967774,1.0772376,0.12599668,0.18059596,0.35498777,0.22215813,1.3262594,0.3048875,2.1901956,0.15140371,0.9062243,0.028465612,0.03822011,0.15412216,0.04118635,0.52309275,0.42236644,0.19692118,0.7385099,0.5325221,1.5190592,0.998239,0.0,0.0,0.42796636,0.32301533,1.9258573,0.9884658,0.061526686,0.39044812,1.4042639,0.52146226,1.3863198,0.8666101,0.30725384,0.10770433,0.06509895,0.22149393,0.016693309,1.4426777,3.2029424,0.9,0.20773436,0.15106435,1.8571478,0.23117569,0.010565683,0.41604075,2.6033165,0.33945018,0.4507458,0.23045155,0.29257444,0.11454936,0.2666757,0.38918996,0.021989593,0.008434096,1.4602141,0.1703008,0.045165833,5.9731855,0.2007353,1.2343876,0.020736624,0.81709415,0.003516258,0.11657065,0.3812813,0.98395705,0.08689767,3.0534375,0.26970482,0.20037596,1.0707121,0.24238995,0.3591642,0.0022990147,1.794669,0.16656119,2.419735,0.12553236,0.22424679,0.023024416,0.88698435,0.009427503,1.1727535,0.44792685,0.004404313,0.11764215,0.2377468,0.48650393,0.8982285,0.1245137,1.6678599,0.0009803382,0.57241344,1.1053994,1.0103549,0.23837407,0.6457374,0.16150522,0.0,0.61477464,0.121781655,0.771445,0.26966488,0.21581684,0.059876353,0.25602853,0.2891016,3.1438816,1.5420458,0.71964467,0.007040489,0.08379953,5.0772805,0.006804942,0.62122416,0.2557155,0.37896314,0.3006515,0.50230616,0.012349198,1.7676715,1.3951871,0.6165074,0.62245417,0.0036509791,0.7540988,4.0756536,0.31725347,0.30752182,0.5813138,0.56481296,0.9660408,0.28544557,0.021047855,0.42858347,0.06592118,0.19300608,0.48360574,1.9862814,0.5715107,0.21622291,0.0417405,0.004476773,0.0,2.6584873,0.23447718,0.27731174,0.07600503,0.46888542,0.7043425,2.0760984,1.7633321,1.0120637,0.0,2.440838e-05,0.54872245,0.0509027,0.19399618,0.051868744,0.7148834,0.26891103,0.5098214,0.13521074,0.22783619,0.11936647,0.985874,1.0261588,1.3258679,0.0024646774,1.6633291,0.5804758,0.68235546,0.047447894,0.02557181,1.6528901,0.021865841,0.107472844,0.7010816,0.4169728,0.0032356004,0.45820338,0.05470798,0.0043184627,0.12780452,0.34004948,0.28865892,0.27167624,0.11618881,1.4849937,0.0,0.88326925,0.9181375,1.145345,0.19770513,0.6867777,0.015555601,0.27736625,1.434307,2.1047666,0.70371324,0.75425565,0.23933277,0.00014104102,0.16895786,1.6024568,0.039548714,0.43905595,0.0,0.055010084,1.0735587,0.4528753,0.01047705,2.0799205,0.41515836,0.54449576,0.26384664,0.40380433,0.22448523,0.530503,0.17004853,0.004117446,0.22240537,0.031274207,0.16552345,0.13654257,0.9168239,0.43321654,0.0,2.4903197,0.77705216,0.526709,0.664448,0.62432224,0.09963886,1.1323309,0.062475625,0.011976761,1.5109284,0.16466212,0.06916804,0.5470495,0.17117949,0.37591514,0.89337593,0.47972098,0.6595982,0.0,0.17366596,0.71531475,0.35578194,0.15830731,0.009011397,0.0,0.14142996,0.63336354,0.45211875,0.03431035,1.0687009,3.7766125,0.30201405,0.4579847,0.481432,0.7750295,1.1015875,0.05097607,0.6377543,0.0,0.31462312,1.2455328,0.06957669,0.7678095,0.0,0.119527794,0.08187507,0.34151867,0.015425126,0.044676922,0.16443615,0.40559807,0.7337703,0.015615179,0.8215959,0.9728832,0.19344784,0.44580594,0.7043727,0.9723229,0.39607263,0.024064329,1.331334,0.32489786,0.198566,0.44502848,0.22956899,0.33596763,0.0,1.5951235,0.019060131,0.7460152,1.4595119,0.0,0.026174713,0.0021528942,0.10455581,0.0781369,0.5025062,0.0853189,0.31829914,1.0519185,4.9292417,0.75596803,0.0,0.6038583,1.6764731,0.40612465,0.038987525,0.21576712,0.23638315,0.15629165,0.27501887,all_pothole_images\pothole_images_image_173.jpg
0.46761507,1.0830683,0.1486563,1.9387599,2.0241947,0.40580395,1.024522,0.00041594522,0.78957504,0.6889891,0.24821785,1.105308,0.47413304,2.8488863,0.9308907,0.018728757,0.5294147,1.4849561,1.4708745,0.60781914,0.2475607,0.9953627,1.9068128,3.1305623,0.651114,0.39622638,1.205987,1.3270762,0.6487148,0.6572267,0.8654987,0.07802705,0.8382562,1.3519938,1.7101595,0.56671906,0.5405543,1.6844482,0.3484928,0.2859796,0.37121674,0.04973851,0.7111701,3.1904626,0.673645,0.5960747,0.5701468,0.28791448,0.77902603,1.2404158,0.95461655,1.279027,0.6497353,0.5659026,0.3856071,0.58982354,0.4365588,0.13879474,2.6280408,0.14159095,0.8972321,1.8630698,2.1197238,0.32937676,2.0518553,1.1157914,1.1601572,0.26962095,0.2435372,0.21088572,0.9477387,0.19134587,0.8583642,0.0197546,1.4331499,1.088031,0.82501006,1.3646833,0.29941493,0.3268451,0.917436,0.28436667,0.36498123,0.45756924,1.7082189,1.0517364,0.14524227,0.46463558,2.4494371,0.10607956,0.66906625,0.09799416,1.6258429,0.013331038,0.008299394,0.48498827,2.7467315,1.1692182,0.848818,0.64186007,0.035698548,2.6473424,0.20785487,0.7331865,1.4641699,0.8374659,1.1538762,0.48364022,0.27969727,0.5540977,0.38313326,1.3562223,1.279113,0.5430506,1.8077698,1.321989,1.266559,0.22456488,0.89265305,1.6011072,0.6108602,1.0722847,1.7215623,2.2073698,0.5950821,0.31587896,0.07797513,1.219025,1.5900402,1.6288106,1.0747753,0.21168455,1.1277772,0.1040078,0.0,2.455871,0.00046395266,1.0765177,0.91639864,0.704275,0.37853372,0.65022707,0.6202762,2.042603,0.7616354,2.151307,0.11855631,1.7315395,0.4679332,0.7733811,0.6792228,1.9019643,0.1259797,0.031720035,1.6342613,1.6023545,0.9049374,0.23943752,1.6310369,1.5070602,1.9562893,4.3304224,0.15917467,1.5190008,0.59583676,1.434643,0.4304987,0.7684359,1.5348713,0.5041168,0.8814248,0.5323944,0.32940716,0.19821702,0.3245438,0.8129166,1.1230251,0.3635815,0.30175957,0.6611016,0.05917734,2.111745,1.0853493,1.5675855,1.4886533,0.783134,0.70017654,0.47077173,1.199028,1.1139282,1.1427487,1.4797999,0.28779647,1.3185323,0.8239777,1.7073171,1.0104998,0.66456836,1.3372213,1.7873251,0.71678376,0.6733297,1.5345898,0.33406344,0.70668256,0.6006647,0.8091344,0.83092445,0.18205874,0.42040485,1.219747,0.2029519,0.7878316,0.23126002,1.4519355,0.5053463,1.4345627,0.27187425,2.1918747,0.1765299,0.28783885,0.2162097,2.373171,0.35813853,0.3522966,0.44123948,1.8967206,0.64749867,0.18262528,0.40574902,0.5956426,0.15793996,2.2359455,0.22363709,1.0996741,0.17117637,1.9142771,0.88354427,0.9891206,0.73806643,1.562726,0.23705098,0.2982099,1.0604656,0.42834067,0.122335576,1.6077197,1.1425809,1.069923,3.4606535,1.7220223,0.45972115,0.6216616,1.3401805,0.9465584,3.2007387,0.4511914,0.7284061,0.290829,2.8705487,1.2462136,1.5603995,1.4384941,0.58663017,0.05130793,0.48621234,0.3896281,0.93341017,0.7775318,0.53099906,0.13659778,0.24183168,0.37155285,1.0930434,0.124839306,1.208039,0.44883958,1.5222653,1.2913605,1.4415423,0.10741762,1.1726636,0.6233224,0.94120866,1.3640803,1.945626,0.9266493,1.2373638,3.8853734,0.029501764,0.5533021,0.051800005,1.0518274,1.5803179,0.817346,0.6611112,0.71990764,1.993775,0.19226576,1.5695184,0.72353435,1.0047836,0.18920009,0.15160248,3.6373808,0.7939319,0.0079215625,0.8273441,0.3371328,1.1257197,2.002086,2.1168847,0.4660413,1.3309195,0.5293106,0.5027775,0.5025376,0.88153976,2.7653458,0.42670143,1.7763962,0.5033224,0.36276892,0.8242137,0.753727,0.7407084,1.1383761,0.81329,0.644681,0.81518084,1.4183902,0.056983437,0.3635434,0.48925763,0.2398131,1.3641354,2.4580355,0.94975895,1.2869468,0.3141498,1.6474587,1.3380414,0.20098269,1.1584758,2.198351,0.4551632,0.22552028,0.6218263,0.052174956,1.8721802,0.39755553,0.5552843,2.4149206,0.15422684,0.38031378,0.12143351,0.89645666,0.34275913,0.6629374,0.23310874,0.78696275,0.820015,0.30131367,0.58429325,0.0038244405,0.11127674,1.2722753,3.6324944,0.6162192,0.7202825,1.06401,1.3240448,0.9730034,0.56141543,0.6810341,1.6883507,1.0949025,0.06665107,0.5440367,1.5585213,1.7779348,0.32094666,0.8100332,0.81895965,2.3706863,1.6240695,1.6052887,0.5569137,0.5069758,1.9326217,1.6223867,0.5893224,0.28919983,0.9005814,1.1014521,0.2078272,1.0062169,0.5034294,1.3542156,0.029857708,1.2484225,0.90768695,0.08129134,1.8157345,0.4612156,0.5703374,1.6636187,0.21185699,0.41066203,1.1877632,0.41820315,0.5660909,0.42979577,0.63557464,0.03633731,0.44635537,0.45913917,0.8504565,0.37099963,0.07909455,1.6290685,2.1613615,1.4437902,1.9677573,1.6309679,1.9432648,2.6860595,3.230314,0.7256275,0.8834892,0.00074888044,0.8505062,0.20915094,1.5733622,0.9570498,0.8844476,0.54217994,1.2450297,0.19469789,0.67018205,0.9077245,0.99613905,1.0017772,0.70454794,0.22466993,0.348819,2.1264431,0.49331337,0.77693033,0.90105665,1.1062016,0.928004,0.09489623,0.76256794,0.40073782,0.15624644,2.0721412,0.43130445,0.18668312,0.34300917,1.6800447,0.6398555,2.495912,1.0110221,0.107823886,0.99845505,1.7245648,0.0015532066,1.0078044,0.48566958,1.2850262,1.5009364,0.059277553,0.6567361,1.0761548,1.0951118,1.6055366,0.27099988,1.6569939,0.3326374,1.3985895,2.6502342,0.79863846,1.4533828,0.26125348,0.30192223,1.0372432,0.38434917,1.765469,0.10559818,0.69417644,1.2972605,0.040893115,0.27061757,1.2266759,0.35851115,0.16149367,0.13905537,0.2078696,0.37278244,1.5635631,2.718853,1.0847999,0.40249577,1.5914999,0.5220457,1.9341131,0.90810347,0.0579398,1.2990055,0.5176983,1.1873649,all_pothole_images\pothole_images_image_174.jpg
0.5157651,2.764299,0.32744306,1.3052996,1.005833,0.478033,0.97564524,0.10763932,0.22187056,0.49599972,0.5341457,0.32765687,1.1714096,2.5665581,1.1211132,0.011793404,0.6463834,0.45617604,0.5382738,0.3816043,0.5419734,1.9133602,1.418631,2.634713,1.0986627,0.9593057,1.431829,1.2017964,0.7916379,0.10905838,1.7262533,0.34246278,0.4438015,0.4512085,0.19205227,0.4305607,0.13952067,1.420522,0.049070176,0.26663885,0.46794027,0.70646054,0.55358255,0.38543534,1.2808547,0.8971553,0.037055016,0.22176789,0.3041863,0.13021097,0.37827915,0.99281853,1.333435,1.51977,0.26264653,0.55628264,0.5194489,0.52190596,1.4328113,0.23076077,1.121876,0.82676506,1.931725,1.3922876,1.0402539,0.6094173,0.8530897,0.600409,0.33170453,1.2504073,1.8883989,0.8985377,0.6839249,0.14818913,0.59010315,1.3707138,0.915158,0.26151332,0.7938956,0.017977623,0.47755757,0.3042665,0.08117614,0.43124697,1.8011487,0.47952652,0.08244038,0.6513653,2.8241994,0.117189184,0.44533542,0.7797567,1.0375726,0.8899637,0.4336434,0.4436116,1.2700486,0.68448395,0.8255402,0.5936068,0.09775366,2.846335,0.13838667,1.52644,0.3778235,0.7193288,0.96203285,1.0660809,0.37744382,0.7577112,1.4669322,1.3892996,0.91375417,1.3982198,1.8914322,0.5945522,1.148534,0.48105744,0.8220099,1.1818222,0.96911305,0.8012541,1.6544632,3.6128702,0.8491493,0.31704628,0.031183822,0.21302892,0.9554488,2.0616827,0.5857956,0.26797116,0.09851713,0.91747385,0.48188323,1.7645141,0.26614603,0.6305003,1.3082749,0.48097336,0.9072323,1.117166,0.058723822,1.6408885,1.4569739,1.2417663,0.5044932,0.28498876,0.44403484,0.7667043,0.6719569,1.0602528,0.6340589,0.35252023,0.6356056,0.1560043,0.8698636,0.9445685,0.8940394,0.736964,2.7795343,4.4479604,0.0067503215,1.5194668,0.603672,0.24082896,3.0390213,0.6891137,1.3162707,0.8922943,1.7593704,0.93561333,0.46935725,0.21141768,1.0457493,0.86262476,1.594193,1.1986084,0.86007524,0.574094,0.81000704,0.19803,1.0240749,0.7672091,1.1310555,0.71952856,1.4491386,0.4962305,2.126128,0.4343394,1.7227948,0.5655155,0.39987856,1.5498224,0.46154,0.7029213,0.27271378,0.4902771,0.12782833,1.9275708,0.0196478,0.41554883,1.4293921,1.0910727,0.625436,0.26775002,0.9772339,0.18598521,1.2945381,0.3692158,0.85222685,0.3496693,0.4625678,0.47540057,0.65516764,0.049284317,1.7657518,0.07916743,0.86439395,0.20495467,0.48508176,0.051607355,1.4140586,0.057353027,0.019720979,0.76102424,0.86695766,1.2685199,0.50510216,0.87017316,0.39092356,1.1118124,0.8662947,0.38051122,1.372639,0.15700038,0.3621661,0.8783954,0.8697541,0.19489609,1.6273514,0.20837002,0.5806034,0.7144468,0.05123992,0.0092720045,0.671366,0.49952108,1.124939,2.9113214,1.4118307,0.02165807,0.21125758,0.36883333,0.87541336,0.24822745,0.6196183,0.14021844,0.503176,2.645504,1.5897692,2.9398181,0.96681833,0.33257118,0.39032468,0.34205464,0.16943954,1.309953,1.0194412,0.40498397,0.47206154,0.22170827,0.46305117,1.0391853,0.2516874,1.2453921,0.42552453,1.0917397,1.1997592,0.77112204,1.6915764,0.252315,2.0952783,2.3240259,1.9213401,1.5453007,0.77813923,0.5701764,1.6085464,0.090022415,1.1989458,0.5718941,0.49591452,0.4071631,0.6102857,0.18575466,0.36135647,0.8228331,0.88286775,2.867308,0.12895279,0.91999036,0.5136105,0.07062106,2.2536294,0.56632125,0.2419389,0.11048174,0.04626314,0.7066514,0.78028387,2.352988,1.8702929,0.93286955,0.029823137,0.7096003,0.87745035,1.0587956,0.7845183,1.1785997,1.2305844,0.15713543,0.97004634,0.26276392,0.8970066,1.1682602,1.179882,0.35720405,0.49540332,0.96298933,3.3088775,0.50740963,0.7921367,0.55502623,0.6813093,2.0642083,1.0405189,0.645971,0.8612948,0.46714345,0.5157917,0.8763424,0.35618222,1.2491884,0.7684387,0.18750307,0.5800813,0.5108864,1.42031,0.30027124,0.13094485,1.2882085,0.17540094,0.6713182,1.4162086,0.7069149,0.90373087,0.036314495,1.6012595,0.0,0.8977937,1.306192,0.78591466,1.0557225,0.0,0.13504767,1.1961591,2.030667,0.11569348,0.8721926,1.152316,1.0945989,1.8309236,1.1900862,1.1628737,2.959693,1.0404652,0.52429414,0.54328287,1.1458437,0.3257217,1.1791135,0.671773,1.232802,1.4786453,1.758283,3.3055637,0.71124357,0.48222342,1.569656,0.6536219,0.715021,0.14856143,0.6572274,0.27346948,0.2062251,0.9640565,0.70603293,1.2099769,1.0806652,0.43773955,0.6016871,0.2168604,1.4384432,0.34017268,0.37299386,1.1010175,1.445154,0.35816833,0.20325461,1.1268998,1.1005163,0.114606194,0.8352405,0.29726326,0.42642027,1.0388405,0.5615647,0.48173612,1.1317395,1.2059138,1.3585774,2.7081146,2.639008,2.4782033,1.2392808,1.7529588,1.6248734,0.15938471,0.16850016,0.60222775,0.3964022,0.23874594,0.37989122,0.53365624,0.7261487,0.33970326,1.7219287,0.15766929,1.3067741,0.3573395,0.8359706,0.4833908,0.3716819,0.06805769,1.3146087,2.8988347,0.45949295,1.8998494,1.6163912,2.4063785,1.149911,0.026006829,0.49848837,0.7791743,0.14466521,0.8420625,0.126598,0.17798325,0.13834126,1.1746083,0.71472436,0.830981,1.5461341,0.707532,0.43793952,0.7744701,0.4138326,1.9949154,0.75247276,0.78530836,0.64705133,1.2413894,0.3716376,0.18770461,0.4698877,0.25224885,0.3221349,0.92922986,0.64414257,0.7582008,0.47772348,0.5051195,1.7787141,0.6571243,0.64407563,0.70133144,1.4413823,0.37313107,0.31530574,0.32000428,2.3840508,0.3658966,0.31778646,0.5602037,0.05868332,0.18758681,0.11006903,0.06541634,0.5214363,0.9232714,0.93586224,0.57107764,1.0189542,0.6574,0.49309912,1.4374053,1.7938198,0.17248422,0.45706943,0.6469401,0.09455298,all_pothole_images\pothole_images_image_175.jpg
0.7066378,1.7504721,0.09300467,2.0775647,0.5457622,0.13804814,0.20597415,0.024950618,0.12870447,0.52330863,0.19181782,0.9280302,0.18440725,1.412439,0.0031852645,0.09035028,0.24865296,0.19284022,0.927693,0.116135515,0.7605917,3.3866448,0.11094466,0.751492,1.606468,1.9502019,0.49259394,3.475231,0.4107467,0.5430359,0.91777,0.50930655,0.5401133,0.5576999,1.3830594,0.57839036,0.2955911,2.254028,0.24109237,0.3524665,0.0019236255,0.079730175,0.11328244,1.3494048,1.5682503,0.2585084,0.100095,0.09018148,0.36605555,0.73859686,0.64493257,0.0,0.76416075,0.10747401,0.2147355,3.0143533,1.1563885,0.25834012,0.35935357,0.24305747,0.63832057,0.5447282,0.683645,0.0,0.5574769,0.35832143,1.1918032,0.5170949,0.73185295,1.1125805,1.1983986,0.21559252,0.08031576,0.5816861,0.28481552,0.7809291,0.5384832,0.30399424,0.14659156,0.13423346,0.10726695,0.9147942,0.0,3.0588286,0.62638015,0.24103078,0.5799818,0.29734796,2.849735,0.44457301,0.020443704,1.3605812,0.0034565383,0.49317527,0.17726529,0.5732817,0.5774629,0.28838444,0.9232693,0.7848369,0.35531056,0.97066545,0.4712391,0.15146637,0.04699342,0.41360056,0.52607715,0.03169069,0.016464582,0.023453997,0.024566073,0.95161414,1.0671811,0.12484554,1.8057853,0.086615175,0.9150912,0.2341657,0.9839451,0.3505905,3.297971,0.2617504,0.122197345,1.7447516,0.49209118,1.317328,1.1196938,0.50589347,0.9725547,0.6921352,0.94534063,0.009791027,0.3589933,0.15218271,0.58252096,0.13333248,0.3833299,1.3132174,1.5326422,0.6756152,1.1415675,0.12502064,0.00021918713,0.9347883,0.07824854,0.7325171,0.17740554,0.032185644,0.28970996,0.43626344,0.8706236,1.0613259,0.0,0.25921822,1.0096205,0.13906959,1.2178711,0.034418,0.4808079,0.82962245,1.0526348,0.94860345,0.3146263,2.230245,0.072802365,0.26148242,0.5857756,0.07967527,2.788981,0.5906577,0.3026458,0.163075,0.06339146,0.17167518,0.09711759,0.019727137,0.5606837,0.026062766,0.29976082,0.1992278,0.06395015,0.9817661,1.0122932,0.91832286,1.5413543,1.425136,0.3043329,0.02857265,0.10448678,1.0028859,0.6025743,0.7031995,0.17302209,0.779747,0.012388782,0.703286,0.25798786,0.08666692,0.22738846,0.7538461,0.30601543,1.3428732,1.4173118,1.2491708,2.5300138,0.47351792,0.15251051,0.3876324,0.50850904,0.09628519,0.13406879,0.21105653,1.7543529,0.02684544,1.1548277,1.6335393,0.694836,0.11826663,0.12555948,0.44698668,0.8280797,0.30640465,0.49941438,0.09701158,0.0128276395,0.29239744,0.32682487,0.05559474,1.6140672,1.4139512,0.027018389,0.15901817,0.577961,0.37839955,0.7630684,0.31932077,1.3404776,0.07495956,0.00095193525,0.16681896,0.400552,0.0038125108,0.09804396,0.1952422,0.07732045,0.290938,0.7289264,0.22619823,0.9176324,5.5629845,1.3647794,0.002706924,0.66068876,0.63789916,0.20691358,0.29199728,2.1702259,0.07606125,1.2354223,0.9746886,0.19213228,0.44762263,0.46782574,0.37975988,0.18328698,0.33607286,0.083423845,1.2287529,0.8526123,0.11116451,0.0,0.0,0.022067945,0.43343377,1.1385436,1.5399288,0.27319863,0.44431677,0.23384212,0.45888323,1.8667951,0.31601664,0.31476146,1.0246713,1.5473819,0.18032414,1.1760024,0.21591805,1.3864154,0.1819102,0.009239836,0.091914825,0.0,1.464815,0.5079696,0.010594043,0.20824783,0.94522524,0.049247175,1.7289377,0.4230346,0.60072273,0.07111038,0.29263526,4.635726,1.2636343,0.010532474,0.6822228,0.043506768,0.31273746,0.028722066,0.6271322,2.298864,0.72238296,0.15411188,1.0498787,0.20646803,0.8341961,1.2470264,0.013903654,0.32510594,0.0017350264,0.121945046,0.24415947,0.8613374,1.0452819,1.3690556,0.93979454,0.7811788,0.36457488,2.5688531,0.0564986,0.77283967,0.0071657584,0.09163502,0.34520113,0.7608018,0.72172886,0.039174993,0.3311541,0.5565685,0.5976703,1.6265544,0.5062982,0.73883367,0.01745567,0.38907522,0.58085775,0.54180557,1.1707811,1.951063,1.212336,0.0,0.5161831,0.17732768,0.20359269,0.6769415,1.8485309,0.764208,0.74179405,0.0349051,0.0,0.52820826,0.20329888,0.1071358,0.22006245,2.8240218,1.5891556,0.0784478,0.96182,0.64646643,0.42995197,0.15040362,0.8149129,0.0039578783,1.1896873,0.13056326,0.5800101,0.14643593,0.85315657,0.03051965,0.016066937,1.3497956,0.827152,4.9499316,1.5304176,1.6173965,0.14770938,0.010118019,3.895616,2.0217626,0.008904448,0.09895989,0.71437514,0.09488808,0.023049071,0.8162621,0.20389007,0.2925052,0.24012409,2.723242,0.5869758,0.27981114,0.6106231,0.21021675,0.23677821,0.25404152,1.3969373,0.47191966,0.05808077,0.6258397,0.65431976,1.0349202,0.77557373,0.1930804,0.32087955,0.89355624,0.1413839,0.123259544,1.5797049,2.408551,0.10961867,1.6977158,1.3681027,1.5132756,0.55165666,0.51801586,0.61532295,0.18075304,0.87070477,1.1956476,0.11127704,0.0051189167,0.9125379,0.50201064,2.6977184,1.2933174,0.8088791,0.38623962,0.06789541,0.27102634,0.37675214,0.2512718,0.9190161,0.12813021,0.38217255,1.7978089,0.38422304,0.86786354,1.2153054,0.90096265,0.4063452,1.0100406,0.08406369,1.8692614,0.019192059,0.91362137,0.26097342,0.66243804,1.1057457,1.121186,0.17900029,0.49929187,0.37435013,0.79401815,0.44014117,0.020360261,0.1134158,1.3136754,1.1288177,0.432171,0.58513784,0.28752592,0.13009705,0.42660904,0.038132574,0.37415317,0.6010674,2.1791263,0.00547917,0.016092062,2.248143,0.37449956,0.6451695,0.007755769,0.033098925,0.97369087,0.4533629,0.27247378,0.0033899532,0.24464564,0.41082856,0.15788983,0.10782373,0.0006162743,0.07351994,0.0006846766,0.14773165,0.36524087,0.3651773,0.09970139,4.9572744,0.8613124,0.10033181,1.136851,0.52630395,0.3286534,0.60758334,0.3365156,0.1510237,0.22943696,0.27852216,all_pothole_images\pothole_images_image_176.jpg
0.6721655,4.286808,2.427898,0.21742703,0.5970515,0.33714783,0.614709,1.041753,0.8722034,3.1685877,0.39809114,0.19263057,1.0205164,0.22495806,3.1548352,1.6273705,0.38164333,0.10857797,0.2975033,1.8025688,0.6094183,2.4984853,0.63658357,2.657701,0.4361634,0.7293826,0.49861452,0.8419055,1.1902524,0.809872,0.27155003,0.24009573,1.0396051,0.8789459,0.2976654,0.040064197,0.070655085,0.4176356,0.25889426,2.8040166,0.8855284,0.3006223,1.2075068,0.82587916,0.78920513,0.63792086,1.3560351,1.2899213,1.4151988,0.26016736,1.1610243,0.041202214,2.515656,1.0413322,0.22725436,0.36997503,1.2162203,0.16467349,0.64433473,0.019038346,0.12591009,0.6745805,1.889928,0.3534956,0.02315492,0.5014274,1.3928951,1.3425013,1.5698413,0.52924633,0.28723687,1.2136974,1.2839005,0.33885783,0.4172252,3.3755305,0.8111347,0.67960364,0.5573603,0.86725825,0.3885366,1.1816752,1.5385361,1.3203374,0.78571707,0.018436955,0.40325764,1.1548094,5.0055957,1.109825,0.41926056,0.1311476,0.67100483,1.0961452,0.36188436,1.2455487,1.7490643,3.6782627,1.7502763,0.36186412,0.29221725,1.0720133,0.2789204,0.0,0.18304802,0.4621782,0.5426333,0.14939253,0.030808993,0.4909825,3.2326777,2.775942,0.4466844,0.6856804,0.46080643,0.7854306,1.9342974,0.3816208,0.7629273,1.2391801,1.9255381,1.3444082,1.1070709,3.3407729,1.3081686,1.337966,0.7859956,0.51418823,0.0,0.8509239,0.78834486,0.036812056,0.3316142,0.15855248,0.28209656,1.0840416,0.38746113,0.8099376,3.177246,0.81882554,0.544743,2.151761,0.7693779,1.3646342,1.3830584,0.15117323,1.1523373,1.8351197,0.43884483,2.9257488,1.055166,0.27637792,1.386702,0.5720546,1.5004487,0.8310453,0.7919701,1.0412232,0.5287286,0.82790637,1.1743073,0.5865192,0.8387297,0.30281895,0.45789874,0.8477031,0.7886023,0.054997183,0.29666626,0.11778727,0.778218,0.008405318,1.9893069,0.2271588,1.5023912,1.0146357,2.504741,0.034587003,0.39661172,0.2908644,2.2186043,0.0027726705,1.0924115,2.7964327,2.7388067,1.330441,1.2718834,0.8663956,0.2732148,1.440258,0.2573301,2.6339996,0.021834899,1.9046383,2.9531398,1.4331168,0.110348,0.8215946,0.2806548,2.4748175,0.26427528,1.6240531,0.2930775,0.24590449,0.5519537,0.83922297,0.19737446,0.7745824,0.045199126,0.029908344,0.054777287,1.0063252,2.5491233,3.166843,0.13771717,0.46536613,0.7645172,0.8352439,1.7950553,0.1889237,0.03857648,0.31353828,0.78231794,1.0727953,0.31938452,0.64954644,1.1415156,0.683971,0.43402228,1.21769,0.63580483,0.095633544,1.3631762,0.2210874,0.6121133,0.32800534,0.37563953,0.049598616,0.22477166,0.0,0.71438533,0.06418512,0.39782512,0.7451918,0.34736657,0.25193214,1.3508241,0.0,0.55149066,0.5965419,1.1675076,0.07744363,0.47510952,0.38000837,0.6032531,0.3041388,1.0362018,0.060198832,1.9969816,0.643331,0.5188785,0.5767677,1.1918718,0.353922,0.162836,0.818866,0.06978079,1.6283513,0.6859251,1.8393515,0.5370148,1.058789,0.25383565,1.5980784,1.2177761,2.1217813,2.2656198,0.8879104,1.3936099,1.733253,0.47446075,1.2801287,0.5748469,0.53355175,2.3815107,0.3971414,1.2255001,2.183965,0.7718247,0.032286882,0.68749017,1.3453311,1.317473,0.40257612,0.025681082,0.5012233,0.46092775,0.060230892,1.573017,1.2486972,0.20028147,1.2748678,0.8364873,0.6373175,2.2862847,0.63739455,0.15807001,0.58484644,2.3716376,0.29106447,0.0009910025,1.4595438,3.5344265,0.48391712,0.065675706,0.07401908,0.9757269,0.42368558,0.51830304,0.13227877,0.4168019,0.7417498,0.41292584,1.3424178,0.63907933,0.49016717,1.152139,1.7268323,1.3469955,0.56119615,3.6530375,0.37337136,0.061104048,0.2755484,0.88474226,1.3892003,1.6311365,0.67868483,0.39055005,0.82164496,3.4213269,1.2513204,0.71317446,0.12852411,1.2174513,0.010533849,0.6263787,0.0,1.7692984,0.8386551,0.38671306,1.0475285,0.3959744,0.038002335,0.91482836,2.7655132,0.63024837,0.12690654,0.35504684,0.6178863,0.19030322,0.08273255,1.1645653,0.2554965,0.4290009,0.56716573,0.2704713,1.1606241,0.4413185,0.84424824,0.6692811,0.4944219,2.3624275,0.009807859,0.82442766,1.1141199,0.5973315,0.52460146,0.9052613,0.6784558,0.20351113,2.0606923,1.4420694,0.8541463,3.8486683,0.19234855,0.92419255,1.8929359,1.3123153,2.8766224,2.7997155,1.5183523,0.34874883,0.8490227,0.06512268,0.040523004,0.37907875,1.0090084,0.23481688,1.1453896,0.6434799,1.0177996,0.42652535,1.627417,0.10476141,0.2831448,1.3608264,0.5857221,1.454797,0.4578809,0.27397633,0.08692541,0.2970239,0.8017052,0.92075753,0.47306988,1.2545217,0.42810965,0.66887355,0.7662755,0.5017012,1.2637305,2.206675,1.2991406,1.6756618,1.2193583,2.5963252,3.038838,1.0556872,2.2823653,0.74722457,0.16319525,0.8295632,1.1475719,1.179472,5.819702,2.1552057,0.7899331,0.12308544,1.0382652,1.0405375,0.32504877,0.07486809,0.45012105,0.6007648,1.793773,4.055475,1.3403184,1.4070157,1.0557243,0.17871578,2.2179902,1.5094767,0.59295756,0.6291847,0.89263207,0.29081523,2.3341165,0.09504404,1.3752829,0.79591584,1.3310796,1.4355042,0.96410584,0.77041227,2.4600458,0.7183447,0.8706864,1.8433924,1.812457,1.3651648,0.31231734,2.1086597,0.7085574,0.9596154,0.25130874,0.034845516,0.40418142,0.6209798,2.379925,2.710711,1.5900193,0.14249542,1.5390393,0.28399867,0.82014114,1.6433086,0.26528534,0.35254928,0.18322414,0.7358079,3.563075,0.17177203,1.3074458,0.8358169,0.14958224,0.2634991,0.39453343,0.90318245,0.14774214,0.9745027,1.5107223,0.57551914,1.2953016,0.36411595,0.36405563,0.6907217,1.5311365,1.1518016,2.4526167,0.5661226,0.5931875,all_pothole_images\pothole_images_image_177.jpg
0.06407093,0.71926284,0.1081347,1.7552999,0.42649224,0.0,0.63991934,0.107755676,0.19757366,0.057832114,0.5755103,0.98697925,0.02508073,2.2057505,0.018767897,0.3824866,0.32770273,0.8740113,1.7971611,0.029928561,0.55918217,1.9520011,0.0034649859,0.9770105,0.6784514,0.3537445,0.21278052,1.1873358,0.062728874,0.22817458,0.6460173,0.043146253,0.06482107,0.0,0.2405888,1.3473899,0.16681266,0.85722125,0.30837324,0.8191694,0.025861856,0.0052649104,0.2151898,1.083528,0.8981756,0.055616047,0.22309466,0.1451148,0.45339686,0.55952644,0.5731852,0.111117125,0.32541975,0.10450767,0.4265994,0.88083047,1.5822271,0.5023158,0.38650075,0.122493304,0.33891168,0.0,0.6318868,0.14808717,0.22064963,2.7176282,0.654747,0.12842917,0.53847873,0.556854,0.12150699,0.3114876,0.20794442,0.0,0.24346697,0.29494813,0.06329006,0.4277251,0.0,0.4026577,0.0016949688,0.0723586,0.33669987,2.2790241,0.03679761,0.044126675,0.29878375,0.06661673,1.5466051,0.29044098,0.12317472,0.17364669,0.08718028,0.11451407,0.014744852,0.064490005,0.59715194,1.1134266,0.4613626,0.014416476,0.30609244,2.4000552,0.76282,0.07910629,0.34852242,0.75326365,0.083592445,0.11094967,0.15702955,0.13483097,0.0014587896,1.6561791,0.06721275,0.070799656,0.19022967,0.15091005,1.9066151,0.19418813,2.376951,0.62784266,1.3266184,0.19778986,0.1372876,0.07816785,0.11264964,0.61587024,0.11004849,0.118288904,0.85157293,0.28786522,0.20175873,0.050295386,0.12047345,0.04681452,0.03115248,0.32361934,0.09240084,0.074177325,0.71117336,0.0008016045,0.3678346,0.52392465,0.022340916,0.7699062,0.36739534,0.7172504,0.09230801,0.041622456,0.51854366,0.35128835,0.14379017,0.35504085,0.0,0.092057616,1.1719035,0.0013954311,0.044796083,0.0810867,0.18299645,0.118456125,1.054117,1.0473299,0.09013504,2.403871,0.3058412,0.0,0.59286314,0.18403345,0.052093133,1.9872113,0.0,0.0,0.15207551,0.042527318,0.06893228,0.016497439,0.0636099,0.0,0.08453696,0.07183919,0.010130578,3.2127466,1.2411951,0.12878017,1.8983666,0.5560018,0.45652443,0.36571547,0.44569424,0.6441543,0.42263475,0.08084317,0.04621902,1.316065,0.33257082,0.01854434,0.5482196,0.19127642,0.13889247,0.638862,0.27848738,0.57275325,0.63828945,0.46289018,1.8186904,0.4777226,0.09223553,0.21211378,0.22029638,0.23277213,0.031045694,0.04340886,0.80493456,0.42381454,0.77321506,1.1909949,0.46555832,0.09472117,0.49258658,0.42491564,0.09511841,1.0711652,0.30099845,0.16947187,0.34541687,0.23914185,0.5954791,0.22590348,0.53680944,0.68812716,0.068342574,0.1605924,0.5451379,0.04541041,0.23599492,0.13170406,0.66721886,0.0,0.042367507,0.060790587,0.046226107,0.13167413,0.19695933,0.11282981,0.040795017,0.0,0.53553617,0.2838665,0.03284424,4.518594,3.5093024,0.0028807463,0.5726249,0.54787177,0.015835566,0.60006905,0.94512844,0.3469914,1.0529988,1.1391594,0.268464,0.018658629,0.10880853,0.75523084,0.29280624,0.24193744,0.35166174,0.2832309,0.9315619,0.16649903,0.067717,0.043879207,0.0045457175,0.10468546,0.81499267,0.78595567,0.27740425,0.64844006,0.20978776,0.39788464,1.0578333,0.12684956,0.08102421,0.150728,0.6906436,0.63672054,0.32762304,0.20794709,1.3604254,0.12153738,0.013295432,0.007920124,0.10969666,0.7313532,0.3880958,0.3771679,0.14690796,1.2108204,0.27901363,1.7402091,0.4625658,0.47422945,0.05902044,0.67165226,4.6264496,0.0068346024,0.15632084,0.9979911,0.23415293,0.3706608,0.72330767,0.37472203,2.4714913,0.61001664,0.04931425,1.1693122,0.056435842,0.6165223,3.4913404,0.51368135,0.0,0.0,0.16544603,0.33795258,0.7022182,0.45330563,0.4720402,0.07830266,0.71099406,0.17233534,2.5854638,0.21106409,0.54193354,0.0,0.28583527,0.20358568,1.000805,0.67619485,0.049844507,0.36028773,0.28247577,0.55803204,0.80901986,0.6325849,0.20888351,0.4885398,0.0,0.23962557,0.9877475,0.5717352,0.030302962,0.04162549,0.09978864,0.855657,0.003664895,0.08675253,0.11057629,1.6477516,0.21916288,0.6080447,0.0,0.15976664,0.98461723,0.0,0.06692905,0.008015086,2.2217965,0.42240563,0.0,0.062051605,2.2865849,0.0,0.34529564,0.4245082,0.08235188,0.3979543,0.0,0.0,0.22466564,0.17060249,0.3244749,0.01691887,0.141612,1.0014396,3.8996758,0.36109915,0.4929998,0.0,0.004581816,1.5434963,1.3652,0.20159571,0.0137236845,0.1430945,0.058066003,0.0,0.5119865,0.052706987,0.034189884,0.014535786,3.958525,0.32748,0.08437316,0.7841316,0.3471956,0.12789339,0.13951059,0.66352564,0.12810725,0.0030107219,0.0,0.17846897,0.58578146,0.29512385,0.20312789,0.055174086,0.30046678,0.049361836,0.15918083,0.0,1.5111248,0.37368512,0.11570374,1.9358763,1.0817418,0.29954326,0.050101824,0.52578354,0.06043965,0.34782386,0.25218645,0.032519076,0.11498468,0.27764452,0.6306141,2.515792,0.288624,0.37679225,0.22487652,0.3336683,0.14095831,0.0555347,0.014323847,0.35719645,0.8868422,0.028340133,0.5504639,0.7420505,0.0046789236,0.8711318,1.7067692,0.50239277,0.65799165,0.12000393,0.6012355,1.178809,0.17805554,0.15470786,0.79439133,1.0552016,0.9608554,0.1551823,0.96025366,0.0,0.60982245,0.33431193,0.07529981,0.11759051,0.47400507,0.4421622,0.4890424,1.3907087,0.30878663,0.04653648,0.32400465,0.059581686,0.00021753773,0.83431023,0.35960883,0.014457743,0.4109801,1.9614458,0.25848272,0.26320118,0.07047007,0.12144995,0.38500014,0.09585128,0.9688073,0.096132345,0.7283993,1.5799476,0.18490534,0.03655992,0.0,0.22689435,0.14422818,0.321971,0.02571135,0.14811988,0.35588333,3.0242047,0.53701603,0.060015306,0.0603213,0.84341836,0.222516,0.08485098,0.9194416,0.18739358,0.06588958,0.37529638,all_pothole_images\pothole_images_image_178.jpg
0.60584706,1.2296655,0.39413306,0.76960146,0.88567615,0.52509534,0.3115369,0.057438254,0.39477745,2.443343,0.10047599,0.40508473,0.068925224,3.7839487,0.8776089,0.23553194,0.038145665,0.036000177,1.0051692,0.42170563,0.8130672,4.6238565,1.2751716,1.5960431,0.38730687,0.12503538,0.4406675,4.115063,1.0914227,0.124088444,1.6546795,0.19855908,0.54331106,0.18898214,0.87467533,1.0013363,0.87704194,1.2258321,0.4319119,0.58790207,0.4069724,0.16021597,0.27245557,1.823969,0.17156544,0.63946867,0.0865656,0.30354974,0.46771595,0.28323814,1.4967993,0.19257884,0.9630199,0.641465,0.0,0.5041965,1.321923,0.0027069235,0.07440376,0.5487553,0.8262932,1.9975657,0.5510067,0.12946236,0.6240347,0.2464663,0.5681427,0.40374297,0.20864984,0.27720788,0.45313442,0.59427434,0.10827651,0.07288257,0.4851765,1.1193545,0.2670665,1.0829648,0.5720213,0.02600301,0.8841246,0.7263085,0.2942517,3.3122127,0.79944736,0.36863708,0.15003544,0.0,3.7032146,0.14486167,0.041431464,0.7863391,0.0,0.42016095,0.62944627,0.052564733,2.0954998,0.59408987,1.3294815,0.6532988,0.0689002,2.4203556,0.10100945,0.076999344,0.27740037,0.24856974,0.6289176,0.5108397,0.080911994,0.67728937,0.99731815,2.4572463,1.1517122,0.3099445,0.8028272,0.57883936,1.5537685,0.022551708,1.5107126,1.6831899,1.8213904,1.4083216,0.7528644,0.86230934,0.37944272,0.9344946,0.9796843,0.42563757,0.5903143,1.578462,1.2550236,0.061283097,0.5519488,0.55323523,0.43264404,0.11821,0.022150181,0.68921286,1.1947826,1.6719707,0.20948584,0.1591643,0.007358372,1.5503118,0.5215268,0.5501049,1.7146189,1.385874,0.22254848,0.17998275,0.47644934,1.4923329,0.31298274,0.47765008,1.4504664,0.39177185,1.0177912,0.25126377,0.75287235,0.44839507,3.0114415,0.8138777,0.42522207,1.7707262,0.0,0.91296166,2.1527765,0.47920915,1.5081171,0.33225706,0.18893012,0.0007774843,0.3700594,1.6610188,1.2519722,0.20501395,2.0142813,0.58975106,0.18553145,0.25534934,1.093211,0.7802911,1.091117,0.653564,1.1860979,1.2189972,0.30297887,0.20781077,0.025135413,0.54302484,0.5732899,0.83422214,0.60959613,1.6705962,0.18518922,0.06640219,0.1548412,0.44041535,1.0196385,1.0582486,0.34384918,1.5908829,3.6807718,0.69284105,0.5524082,0.0057014707,0.21066788,0.2438486,0.16732231,0.04381291,0.11039995,0.41004878,1.9393473,1.830566,0.5916394,0.7086054,0.023920624,0.34224805,2.013751,0.48148188,1.1761901,0.028368557,0.167995,0.8434437,0.09070714,0.22397673,1.6673315,0.14975415,0.301251,0.32031974,1.3770555,0.5166809,0.6072196,0.21565284,0.5526542,0.11045621,1.440537,1.0746413,0.0,0.15548389,0.029875442,0.047901336,0.1722245,0.78692,0.28778285,0.11083204,0.38159397,0.01220048,0.66076225,3.2796187,4.2650113,0.049572412,0.42110318,0.04784739,0.46247458,0.4818306,1.9457952,0.19700797,1.0050285,0.5980062,0.47467336,0.841104,1.3260088,0.66739076,0.079969615,0.5165461,0.36299732,0.049902175,0.5794317,0.17400052,0.028288115,0.42115536,0.293761,0.4784217,0.6777085,0.7484378,0.6174845,1.0357856,0.22805363,0.8662169,0.20769885,0.61258185,0.77519697,3.0043705,2.7157993,0.21225812,0.3997925,2.570907,1.7012814,0.023786584,0.32266802,1.3969886,0.40438136,0.036483336,0.014098098,0.31512144,0.9540663,0.37894425,0.60767984,0.35568804,0.006700805,0.54593205,0.39841595,1.0649947,3.718135,0.86711454,0.06612498,1.2148347,0.6477049,0.059895698,0.4089554,1.1080337,3.4688818,1.1322247,0.10100045,0.92693156,0.1113809,0.77974707,0.040944338,0.2529524,0.24617922,0.5059232,0.046065632,0.56630486,0.56184393,0.98683554,1.2856888,0.8805715,1.5221199,0.7887752,1.4971534,1.7082746,0.019849487,0.9092253,1.0409353,0.57870257,1.1123285,1.5723437,0.28662434,0.4875338,0.64177996,1.5968565,0.55223036,0.11589588,1.0617375,0.4413063,0.23907751,0.2354669,1.2568618,1.6488833,0.6801,0.4537365,0.5489939,0.22386993,0.7911456,0.4451786,0.3934962,0.43861458,0.85417175,0.07395884,0.30533484,0.13553044,0.41839194,0.26326406,0.40631133,0.15667713,1.5230541,2.0409112,0.5561645,0.36303613,1.1300622,0.44052023,0.43160793,0.4367,0.038686108,0.60485077,0.0,0.33660647,0.004640748,1.9635072,0.042823225,0.77134097,3.2788966,1.1166235,4.4129314,0.27935997,1.4893221,0.055603076,1.3609183,4.298664,1.9276556,1.1981951,0.0055531245,1.7266469,0.07355756,0.0046633175,0.5522984,0.1582201,0.48850083,0.26798093,2.6237588,0.46952632,1.2669114,1.2401263,0.085254885,0.26602933,1.2785337,0.34757122,0.14262927,0.0671235,1.274897,0.3657751,0.78147274,1.0371187,1.4217916,0.14720292,0.64347225,1.6724972,0.20198098,0.6934232,1.3204974,0.2073205,1.050379,1.8907428,1.9090965,0.83838576,0.60019934,2.358178,1.439682,2.1440248,0.37564784,0.55417925,0.0059955535,0.55587673,1.374952,3.5939538,0.671173,0.5137821,0.10763569,0.011610977,2.1938365,0.68441427,0.024187807,0.8111333,0.47834682,0.30495748,4.192478,0.70197177,1.4992375,1.6461645,0.12875855,1.1324477,1.0620164,1.039738,0.5937124,0.33003733,3.3971624,0.7031166,0.12000451,0.75057405,0.20673266,1.1792899,0.8480342,0.051678218,0.5074206,1.4195437,0.6135218,0.39465827,1.8251843,1.8697459,0.7106098,0.018304562,0.6316571,0.54363,1.0515441,0.32031795,0.27847192,0.58604,0.9262905,0.7858007,0.66656667,2.8656416,0.6393556,0.6177374,0.14185418,0.0022912943,0.94619966,0.08033115,0.095091924,0.14601138,0.37758005,2.207467,0.075280614,0.24020319,0.0,0.17914633,0.24886793,0.777758,0.23182832,0.0,0.5976078,2.2555552,0.5708996,0.8717169,0.12419992,0.020315034,0.13651226,0.98043346,0.3934274,0.9580816,0.46356967,0.7050116,all_pothole_images\pothole_images_image_179.jpg
0.33045235,0.7751465,0.075074844,2.224739,1.1285188,0.45307338,0.4994999,0.0031463192,0.79769224,0.43705028,0.4485859,0.9170002,0.0,3.3747172,1.7261608,0.07047025,0.12845726,1.4768764,2.6875727,0.22232449,1.0841675,1.0225618,0.0063199904,0.598129,1.2570585,0.34982708,3.1588109,3.1397974,0.4830779,0.16783589,1.331328,0.0772489,0.4264397,0.087330125,0.15049459,1.7517879,0.4614815,2.18091,0.10948626,0.49559003,0.177501,0.065487966,0.56150883,4.548812,0.1913542,0.24230291,0.23661107,0.24509484,0.07147295,0.6131904,0.23219626,0.56553954,0.35931623,0.044900194,0.19534278,2.3756144,2.8643947,0.63116825,0.1354233,0.07807569,0.60040337,0.45510715,0.33243233,0.19400573,0.51538515,2.969209,0.36594975,0.0,0.0060179927,1.0819958,0.21587086,0.5428038,0.5964073,0.15577236,0.30629078,0.1815817,0.105277106,1.3669119,0.25669032,0.5103612,0.12288193,0.0220404,0.03360443,1.8535286,0.10687049,0.0,0.09493502,0.041178357,2.6668513,0.0730649,1.1172689,0.0,0.18969338,0.0075516105,0.033445816,0.028429158,0.13235576,1.2678761,2.3757372,0.17837396,0.28042963,3.6030786,0.0,1.1415402,0.5153641,0.3062116,0.46424258,0.12846218,0.9821486,0.10619429,0.0,1.1318579,0.44454637,0.031935714,0.24616969,0.8224264,0.871419,0.29031676,2.232777,1.809807,3.0401306,0.50516886,0.120978415,1.8769151,0.8868261,0.052745033,0.8367308,0.8709995,2.9463952,0.77979356,0.11349601,0.057603043,0.41074955,0.042133857,0.37081087,0.3709358,0.98507816,1.3095108,0.52665263,0.17359772,0.72758937,0.14865792,0.045562927,0.08898315,0.9957426,0.50076854,0.15079223,0.4620828,0.15950467,0.24325848,0.9362053,0.46610242,0.0,0.32996267,2.1200619,1.2822057,0.3677639,0.5358438,1.0963459,0.73642534,1.4670684,1.4992316,0.20639078,1.3450308,0.4147028,0.020528812,0.58100116,0.5462583,0.8129327,1.9976802,0.0590112,0.15383595,0.00013024024,0.08819568,0.28197262,0.29308084,0.36789617,0.14316759,0.09447695,0.27124256,0.0,3.6729786,1.9726646,1.6346301,0.53507733,2.6518087,0.079545796,0.74462414,0.05502251,0.188849,0.09847015,0.30915642,0.22425492,1.2113086,0.046030317,0.63797265,0.3803025,0.20461896,0.0,1.0309138,0.84037364,0.05144987,0.07036988,1.1071055,0.19987196,0.08251778,1.1525459,1.1938463,0.33122107,0.46875116,0.083573595,0.045879982,1.6682924,0.35982925,3.6900365,3.7641246,0.90061915,0.13146006,0.27114683,0.29684004,1.4680127,0.12264914,1.2846111,0.028145002,0.047306776,0.13206929,0.9945413,0.8024745,0.05987117,0.62663317,0.5563601,0.012282703,0.1503641,0.37869495,1.3445332,0.21032964,2.5028126,0.09561442,0.16958952,0.4606063,0.45273238,0.52663743,1.4250544,0.4541601,0.8249896,0.5419028,0.41412264,0.0044620433,1.4143281,3.728893,3.564009,0.6661911,0.20906284,1.5511456,1.2637012,0.08549795,0.5402757,1.2418319,0.441512,1.3622533,1.3443385,0.05134777,0.87795144,0.04242989,0.58570534,0.5522489,1.1031913,0.8534133,0.28758678,0.038646273,0.175788,0.017587192,1.3893514,0.014259106,2.566387,0.23331784,0.0,0.4457927,0.4412697,0.5989942,1.7150403,0.007264414,1.4109885,0.42735204,0.78690904,2.1681557,1.2935054,0.45396608,1.8256909,0.011544459,0.0,0.040060908,0.13089429,2.4516714,0.078796715,0.4693105,0.1874121,0.17303178,0.14046663,3.563919,1.1520202,0.6875816,0.19189595,0.2380443,5.8929095,0.3299734,0.114936136,0.10243324,0.2905638,0.21833521,0.7296819,1.4974285,0.9757739,1.9951494,0.49119148,0.7254959,0.068831384,2.731901,3.3698182,0.4057174,0.18891422,0.0,0.9918765,1.3771387,0.2695117,0.82387006,1.9224728,0.058667302,1.0959724,0.2848178,1.7693675,0.2628499,0.38033158,0.55028105,0.2195728,0.26507613,1.6405545,2.261675,1.8361955,0.54042906,0.25999954,0.9613439,1.1187024,1.1692871,1.7931612,0.3373371,0.32209918,0.528476,0.61467445,0.03898263,1.4208152,0.3123511,0.3368702,1.6033988,0.04913853,0.08623852,0.07922797,0.22436488,1.2287252,0.3954839,0.06935737,0.50023526,0.6735232,1.2450516,0.053861115,0.27410644,0.5216969,0.42402813,0.65604955,0.6043789,0.94272995,0.6139801,0.4047238,0.0,0.3283371,0.06657391,1.6586559,0.0,0.75249684,0.41256142,0.45535395,0.2336056,0.010707117,0.34712565,2.3661075,1.0846127,0.25905886,0.10708179,0.0055655604,1.0478445,1.2892394,0.022450006,0.67844194,0.0065353573,0.08403085,0.33020034,3.0341609,0.2813639,0.03125885,0.09348154,0.43773252,0.6600563,0.3546154,1.7492685,0.46714848,0.30803496,0.022306588,0.52757037,1.0050864,0.09438488,0.6028145,0.4765015,0.06792554,1.3673443,0.6351506,0.4492976,0.62507015,1.5559326,0.30733538,0.01891131,3.738722,0.04870868,0.4679854,4.037004,2.5915549,1.1701963,2.1956415,0.919456,0.14718707,0.3987895,0.8126699,0.0,0.19887017,0.2772267,0.28365198,3.3691823,0.24335551,0.026684958,0.1660904,0.110973455,0.84893376,0.0,0.11619043,0.7096438,0.20347373,0.0,0.7214844,1.6221752,0.2281927,1.5141212,2.7964365,0.004567655,0.018369166,0.47557378,0.5127624,1.0781386,0.2730575,0.22430034,0.2653317,1.9554739,3.0998828,0.221525,1.2546331,0.018256862,0.5045391,0.049129523,0.08855394,0.06282145,0.6031301,2.4874043,1.1587207,0.53305286,0.26359677,0.61521983,2.050106,0.17632715,0.006056395,3.1892924,0.95722055,0.0925609,0.36795443,3.2506075,0.67639935,1.4036504,0.29885915,0.113323756,0.13544701,0.09273681,2.51725,0.16372249,0.0,0.87113523,0.51097625,0.0,0.0061120777,0.16217606,0.0020823686,0.005867402,0.20879555,0.77459854,0.31686616,2.7826512,1.248514,0.16221733,1.1443803,2.9209838,0.85050976,1.0289263,0.029663244,0.11357226,0.07681724,0.04622236,all_pothole_images\pothole_images_image_18.jpg
2.1729872,2.7129414,1.2119203,1.1747613,0.6730264,0.76730096,0.09615383,0.38009325,2.0595696,1.5954857,0.6021529,0.82323503,0.21722081,0.3665271,0.6955117,0.22603187,1.239501,0.5309257,1.4731488,0.3154084,1.3985854,3.1184356,0.66525805,2.4812655,1.8989967,0.15226358,0.45646924,1.7987025,0.87243325,1.8661252,1.1457082,0.02706604,1.2511357,0.7516218,0.30434817,0.46644092,0.04843793,0.8900378,0.66732776,2.5568135,1.4947492,0.89586484,0.409026,0.34447595,0.6990598,1.0239272,1.4695617,0.5019125,0.7907669,1.2562824,0.8579848,0.005300582,2.0508242,0.10959932,1.4109443,0.2746304,1.221727,0.11729925,0.36541963,0.5297678,1.6824768,0.95864165,0.37007827,0.15419532,0.068831615,0.90796787,0.83620036,1.2729168,0.6457752,0.5926371,1.0392084,0.41190967,1.8980817,1.2421286,1.3590496,3.6288283,1.1685864,0.414886,0.41473243,0.036457587,0.03133938,0.48498046,1.5886822,1.2157912,1.023875,0.31108728,0.36744034,0.043376166,4.717133,1.197165,0.0,0.6735106,0.036983952,0.23751892,0.933122,1.4718344,1.5142703,3.1477456,0.387257,1.7515473,0.49901253,0.99084383,2.5195713,0.41251886,0.2767192,0.21945223,0.008956616,0.95654917,0.23501141,1.5427527,1.4297874,6.2999244,1.1015174,0.09062063,0.16224045,0.3362174,0.9514474,0.94587606,1.6597669,0.7550235,3.311476,1.2434868,0.23197785,3.5934398,0.38741443,0.867372,1.04847,0.20981076,0.57525134,0.9672431,0.17532653,0.0,0.09775831,1.7750423,0.13471694,1.2271736,0.22704467,0.3798231,1.2785519,1.2205322,0.33658832,1.4680898,0.64265996,0.1880567,1.585569,0.14472193,0.33502772,1.6468904,0.01961127,1.8563151,1.2969031,0.28374052,0.2705367,0.95925665,2.0824287,0.06620418,0.4535422,1.594038,0.024309717,0.70122945,0.31062168,0.9891564,0.042312846,0.059298754,0.0997505,0.058665566,0.12236021,0.14045715,1.0023482,0.8940175,0.5087756,0.009007879,1.1973974,0.3552355,1.2949883,0.8450793,1.6072714,0.022347093,1.9207268,0.09480403,2.0569391,0.38231993,1.1288538,3.549123,3.9522915,1.8844635,1.0512815,0.7092019,3.0299096,2.830577,0.0,0.8595417,0.2316191,2.572468,1.8389827,1.295346,0.07092171,1.4624839,2.0832667,2.2511222,0.5056087,2.7505503,0.4177179,0.80813193,0.56325847,0.6418574,0.37212846,0.07591257,0.40224245,0.43668664,1.2129257,1.4491974,3.042994,3.4505951,1.1716187,1.5771154,1.7642518,0.14326714,2.0257814,0.08265975,0.09468254,0.06364475,0.47737035,1.9697894,0.0,0.025200387,0.9342027,0.47119358,0.6203803,1.4624553,1.17826,0.93825746,1.1616176,0.8371075,0.3166562,0.21591008,0.15697522,0.4227256,0.38728768,0.0,0.44347364,1.7822222,0.1791749,0.1972645,0.007842874,0.008810321,1.9837795,0.34406364,0.89491385,1.5761865,0.83744633,0.42641628,0.7789749,1.0352081,0.110829,0.33213982,1.4881129,0.07895543,2.0982013,1.7664161,0.03560232,0.42602348,1.0864276,0.5280073,0.039728854,1.4000067,0.33604854,1.0357711,0.03367956,0.6858204,0.6471605,0.7348432,0.02410587,2.6864007,2.0578613,1.4465479,1.5469581,0.4281287,0.04071702,1.0783839,0.061490886,0.5084646,1.351465,1.2391722,1.4944735,0.2844197,2.1625164,0.77606606,0.33802468,0.09604995,0.8229865,1.3434399,0.3589471,0.1121152,0.020633006,0.3373196,0.15682364,0.14771858,0.5491886,0.8861901,0.16069819,1.8718415,0.44972688,1.4769313,1.7586193,1.0086087,0.65646344,1.8770351,2.4178817,0.29832998,0.070818216,1.1859316,4.7164574,0.6992872,0.0,0.42668658,0.43745834,1.4295207,0.2986094,0.006243698,0.7426931,0.52335185,0.6248672,0.25927657,0.97636515,1.0934862,0.9458439,0.18716007,0.6808779,0.62546515,3.379068,0.45485973,0.33702433,0.39514604,0.14179224,1.0306222,1.7526592,1.110409,0.45859694,1.7507102,1.3899965,1.5515825,2.7294638,0.11220562,1.423461,0.5142759,0.4959487,0.046876624,0.917734,1.4063923,0.7194405,1.6369681,0.20730111,0.9896034,1.0579131,1.2215004,0.119351245,0.21046089,1.264262,1.4031633,0.5228116,0.0,0.8294511,0.7105652,0.18934575,1.7731527,0.7469544,0.2789412,0.02612641,1.3425367,1.733359,0.9532703,0.7718257,0.56780785,2.20122,0.7082807,0.17739818,0.7277161,0.75283664,3.2990441,0.15970694,0.4406585,1.3249645,1.1877738,5.4979744,0.14825778,1.0993779,0.4571427,0.31673416,4.3794093,2.6513402,1.9790254,0.29727495,0.8802504,0.038959663,0.06457682,0.9738683,1.260656,0.82653534,0.06715222,1.0753222,0.53578943,0.7426199,0.3356161,0.0,0.25740698,0.6692899,0.002921637,0.4372589,0.0,0.22144504,0.49351704,1.3729174,1.7468436,0.26757374,1.3391578,5.3064075,0.02449771,2.6089408,3.22521,1.8049372,0.28541145,1.9356418,0.3969822,2.1818562,0.12219927,2.9979007,0.901528,1.2427838,2.1820753,0.03225372,1.2613351,1.0095382,0.43408474,0.2379925,5.486549,1.2689476,0.85559446,0.5567637,0.33977914,0.8542125,0.18721078,0.013475648,1.0146028,0.6352179,0.20670885,1.8095026,1.3952317,3.0120564,2.0518112,1.7330693,1.385371,1.2934511,1.6420568,0.68899083,2.3598683,0.16476569,1.6923227,0.021992391,2.5596976,2.4531326,0.6357423,0.5504483,0.64404327,2.2301197,2.816661,0.2811192,0.28029367,2.3911,1.7385676,1.6120384,0.044082798,0.115624234,0.25359014,1.6000911,0.91979295,0.015816247,0.2662813,1.3973521,0.25252935,3.3260305,2.0477962,0.69316363,0.27802557,0.0,0.19045864,2.5126178,0.37639213,0.8982733,0.13156816,0.8077155,3.3866038,0.14356767,0.20465668,0.30538052,0.056223784,1.9782791,0.82364523,1.136844,0.0,0.0,3.016067,2.3355248,0.11366034,2.1409688,1.019538,0.7012248,1.484099,0.9554381,1.6638663,1.3042775,1.0847484,all_pothole_images\pothole_images_image_180.jpg
0.8119988,2.3897064,0.3626592,1.2871438,0.19596042,0.64726764,0.49445224,0.073510766,0.50234056,0.7097865,0.981469,0.05292729,0.10966114,1.8502331,0.5297476,0.18177815,0.25575835,0.6952007,0.7997008,0.28033093,0.85843056,2.4656162,0.9348708,1.0970143,0.042284396,0.79142994,1.0790015,0.55557865,0.1043026,0.23252627,0.8700916,0.07655001,0.38628337,0.7139504,0.48834273,0.9617009,0.1320865,0.6533681,0.2659224,0.52107847,0.52797437,0.018692432,0.6091945,1.7052155,0.93264997,0.19010559,0.07321255,0.38362688,1.1522253,0.47811374,0.7690769,0.44380835,0.60304433,1.4309359,0.32076216,0.45283166,0.2613415,0.056165043,1.2287881,0.32645422,0.29389492,1.6581234,1.702262,0.94868815,0.5857635,0.6895528,0.96264595,0.82455146,0.37478682,0.24374498,0.10194486,1.1878039,0.30907342,0.18826647,0.4714114,1.6319357,0.5137589,0.7400453,0.0087994095,0.076588996,1.1614304,0.02431585,1.1341648,0.13412955,1.1055261,0.7218076,0.09454199,0.29573566,3.42206,0.0071524936,0.3440979,0.8752483,0.4465953,0.28944278,0.6338437,0.30473107,0.48402107,1.2224479,0.4959515,0.28369763,0.058070492,0.52199537,0.26715264,0.91266865,0.11673422,0.49381283,0.0,0.2604184,0.22322452,0.009024853,0.31982306,3.476773,0.50371045,0.5215792,0.7154008,0.66434526,0.68922937,0.07766445,1.322765,1.3916215,1.0026461,1.1250358,0.562314,1.1135,0.00429946,0.58214647,0.29545653,0.6296121,0.35508633,1.0481699,0.60524505,0.06311798,0.34747922,0.42683607,0.15633176,0.25356284,0.15252091,0.022251552,1.1761812,0.39493385,1.1689149,0.5421023,0.14092323,1.4394702,0.47990772,0.6117442,0.96642333,0.2572185,0.5227122,1.168235,0.37412786,1.0798053,0.0383785,0.026288154,1.4785222,0.751975,0.32792547,0.42596588,1.3320136,0.3807385,1.2238891,0.7710052,0.15206978,0.7804334,0.26528206,0.7326572,0.8730935,0.66436076,0.60085386,0.4086408,0.51246256,0.13849747,0.52671534,0.8108083,0.77168936,0.8889342,0.6522321,0.06445075,0.5875422,0.37510177,0.70087165,2.8332207,0.688701,0.80649114,0.40996858,0.8388612,0.5875414,0.34806278,0.85270244,0.43412742,0.05936712,0.8052517,0.32456473,0.5183959,0.53966457,0.049410176,1.0797288,1.0750548,0.58188313,0.9282131,0.20620635,0.5743152,0.2699567,0.09088831,0.39783102,0.115608156,0.76523334,0.61558056,1.1924677,0.13052449,0.236812,0.21245085,0.929688,2.6015096,0.3162149,0.83364236,0.75566834,0.40800875,1.7824525,0.30662006,0.49641922,0.10120935,0.7840175,0.9812281,0.51043946,1.0426742,1.0725936,0.36487147,0.85719603,1.1649063,0.7939393,0.67069197,0.19136456,0.5798057,0.76319414,0.047551494,0.4408915,1.4326993,0.0,0.10244536,0.019519936,0.48186857,0.12900844,0.14073044,0.026015205,0.25415412,1.3654053,0.057651788,0.81887215,4.306962,2.0864832,0.21474071,0.256236,0.38158625,0.22917616,3.1573927,0.88693655,0.5706386,0.9463353,1.3237846,0.707637,0.5410855,1.2317626,0.88992035,0.67630464,0.55672926,0.23770647,1.4284964,0.42285964,1.0469803,0.23453525,0.67593837,0.10210756,0.98387593,0.27403286,0.800324,1.516307,0.25985658,0.40754583,0.28504923,0.51015425,0.34702918,0.46585187,0.0867902,0.8936716,0.5116658,0.15077813,0.7901681,1.2632413,0.06420409,0.06670618,1.3729047,0.1820239,0.13714835,0.21879293,0.12712389,0.66046685,2.1211672,0.25409627,1.5910543,0.07415871,0.18972944,0.5036154,0.6232728,4.954962,0.81178063,0.0,0.7546076,0.39690098,0.19907963,0.3814814,1.2685816,2.5596316,0.850835,0.109854266,0.057459965,0.62193257,0.5623772,1.8473411,0.21258979,0.767035,0.12572779,0.07170947,0.1658354,0.644293,1.2005814,0.40553924,0.48671192,1.4304358,1.0560178,1.231044,0.2735849,0.0020847581,0.33255392,0.065284856,0.83649117,1.6221645,0.7852517,0.14274909,0.092330076,1.51521,0.31833622,0.9995174,0.9016247,1.4015833,0.89673394,0.20058778,0.29773024,0.5819244,1.1649778,0.86924547,0.5319295,0.5380745,0.070390716,0.40394112,0.38104177,1.206694,0.42319322,0.42585373,0.20496204,0.5736073,0.22196433,0.15746039,0.86404246,0.06996073,0.5622577,0.43903923,0.34266856,0.726259,0.59400433,0.45684525,1.2792808,1.6526109,0.25232288,0.78933924,0.24313186,0.28456017,0.061072133,0.2216384,1.9880587,0.9398659,0.2772314,0.7472548,1.2338134,2.6596146,1.6480641,1.7149405,0.63583565,3.3009374,1.4484637,1.6634502,1.4134073,0.999792,1.4698975,0.050305802,0.07627564,0.26492816,1.4388745,0.46827945,0.31939474,1.5241864,0.33698058,0.28674605,0.83513874,0.1764741,0.42027375,1.273175,0.64389175,0.12840112,0.086321674,0.6715144,0.8976848,0.6465917,0.22115022,0.39163837,0.047702078,0.8219677,0.9516735,0.022629693,0.16528326,1.1083488,0.45206964,1.5432516,2.699299,2.121771,1.1171527,1.4918319,1.6908277,0.13358712,0.24444081,0.038732663,0.07548389,0.3457363,0.4133891,1.1880414,1.6245353,1.07104,0.7196404,0.08299233,0.17870766,1.399904,0.3894706,0.082597986,0.49102503,1.4930248,0.41241983,2.4144936,1.0238141,2.024486,1.520357,1.2203282,0.9614467,1.1843072,0.90961206,0.84306115,0.4970832,2.6404428,1.3462744,0.11471704,0.31454718,1.1847792,0.44374177,1.0748593,1.2014076,1.0108914,0.96521354,0.4693642,0.20425087,0.6113635,0.8734554,0.8963471,0.62713087,0.6807021,0.26109827,0.44587046,0.5746093,0.37586954,0.080699064,1.0332905,0.29619363,1.5887187,2.0392034,0.1494817,0.30081034,0.174166,0.3438106,1.0313379,0.73064256,1.56105,0.10356896,0.83267987,2.2613428,0.24165484,0.1919665,0.027404323,0.011089346,0.20056553,0.10339818,0.23557074,0.056779772,0.4509573,1.550496,0.7582744,0.5613617,1.4831846,0.461374,0.66608334,0.50657165,0.16015325,0.7601802,1.0843472,0.5738725,all_pothole_images\pothole_images_image_181.jpg
0.48637775,1.0999762,0.78418,1.8480463,0.16567308,0.040725272,0.38925877,0.18272428,1.6328962,0.89256114,0.1356988,0.3858479,0.5044593,1.3019793,0.85872877,0.82309425,0.30142143,0.07368496,0.53337383,1.8784989,0.6630241,1.7533213,0.3849659,1.088613,0.85216755,0.6461263,0.395112,1.3041302,0.055573054,0.13894516,0.41790864,0.34586832,0.66985327,0.9833492,0.073537044,0.40940797,0.5988317,0.53492147,1.1882852,0.8048013,0.27492756,0.5154806,0.69627327,0.937909,0.7711007,0.044983514,0.0596601,0.78622854,1.7617022,0.40678692,0.38358694,1.6518171,1.0183905,0.06923571,0.30606422,0.19539498,1.9197001,0.19446525,1.1290321,2.334676,0.0,1.0539631,0.12879463,0.35445789,0.39897385,1.9357133,0.0035923293,0.9941987,0.29977664,0.2068736,0.16786228,0.35120383,0.033548906,0.64724934,0.49370682,1.2333854,0.28486845,0.25688756,0.3220541,0.20593335,0.04190637,0.50705373,1.1181024,2.1826227,0.07409466,0.69700354,0.17031759,0.20526983,2.3736453,0.30724338,0.029343782,1.4314973,0.23977743,0.122727275,1.3136911,0.10370789,2.8721356,0.6611481,0.8303328,0.22189225,0.35073942,2.0832615,0.6811033,0.5930599,1.1590918,0.048222147,0.89852536,0.92410326,0.019068375,1.1298043,0.015633449,3.8756957,0.6657937,0.19512795,0.08225507,0.64834857,1.8527769,0.11060216,2.2930117,1.0298846,1.7011582,0.8563266,0.45605686,0.75041,1.8763171,0.053894382,0.31961337,0.20477435,0.4364638,0.11359851,0.74025196,0.39166373,0.056467462,0.008493594,0.58636457,0.3128458,0.013626718,0.041159075,0.28459173,0.1356863,0.025664639,1.0107131,1.1383504,0.51511216,0.20582373,0.47015053,1.493761,1.8997852,0.70622945,0.15616064,0.5337889,0.38887912,0.015144129,0.37453353,1.8484098,0.562877,0.13747819,0.25687954,1.0096866,2.1748827,0.6993831,1.6125628,0.5104331,0.7238829,0.13322467,0.88248545,0.9288291,0.16982608,0.7006125,0.23086263,0.024788387,0.66774243,0.4490695,0.21723792,0.45898908,0.4550075,1.4707522,0.05869912,0.1830252,0.37489668,0.48187688,2.0865266,1.2559776,2.1745331,2.557422,0.40002975,0.21793677,2.520381,0.5103213,1.1726972,0.5495552,2.1647315,0.0034419785,1.5737417,0.4391691,0.12201745,0.61727244,2.472649,1.874314,0.22511482,0.45658937,1.9099569,0.5220908,0.3215706,0.0893094,0.54110765,0.50710094,0.4353324,0.85474,0.084988594,0.32920417,0.043598574,0.9804937,0.8210684,0.5937746,0.9256254,0.3858462,0.005981355,1.4205201,0.83634263,1.504091,0.22781582,2.1248474,1.8344742,0.2717881,0.29454368,2.0436852,0.48111427,0.71794313,0.42036915,0.18123922,0.24523903,0.97941273,0.06657252,0.10228205,0.2210766,0.9086045,0.06919294,0.04255786,0.43100613,0.7387765,0.62637746,0.3976316,1.1717541,0.10352427,0.0,1.1608878,0.89850676,1.607971,4.962265,4.4391093,0.34109497,0.41716105,0.3713153,0.10092953,0.44515193,0.9821616,0.41298285,0.71978074,1.8889138,0.027452875,0.00096912816,0.8200347,0.9510156,0.38114274,2.2970304,0.10251229,1.8723524,1.3546976,0.21629333,0.6829181,0.0,0.7108153,0.7664659,0.554412,1.7108939,0.44892466,0.5211413,0.7779301,0.34049326,0.4020067,1.7371608,0.83090985,0.0063411165,0.06321369,2.2297242,0.50869584,0.76439196,0.67380613,0.77284354,0.14254989,0.19524272,0.8034544,0.8473467,0.0048989346,0.94170445,1.1181463,1.7366517,0.8750881,0.8183281,0.2145312,0.66171277,3.5267814e-05,0.780656,2.8545232,0.1773193,0.28711882,0.5923951,0.5794704,1.0646796,1.0718323,1.5746416,3.4444685,2.023467,0.00023014344,2.0807312,0.30632687,0.46935055,2.4861302,2.0676222,1.3188369,0.066914976,0.2454635,1.5579097,2.0284975,0.048450436,0.53527826,0.0135733085,1.2338736,0.42554486,1.6193899,0.2636316,0.35654148,0.492798,0.13005061,0.10177073,1.7297431,0.25547522,0.13248992,0.18773614,0.78570163,0.6641577,1.8570943,1.2785054,1.3397626,0.62298936,0.14528131,0.035310052,1.2042567,0.9098161,0.46654332,0.029596606,1.1556327,0.5320141,0.2084918,0.61616004,0.3219086,0.12218823,0.8916894,1.0138757,0.17486815,0.20968358,0.33991802,0.2139109,0.0043384917,0.65949285,1.3201101,0.9528527,1.3933296,0.6479234,1.5690852,0.0,0.31096014,0.29112247,0.1934907,0.24760349,0.4002163,0.74738324,0.5666509,0.3108618,0.30003884,0.3867544,1.2009716,2.864905,3.0749009,0.34398556,1.1294323,0.045337994,0.4667983,2.3993495,0.49979603,3.2938173,1.0634782,0.31708562,0.013296706,0.16727288,1.0793732,0.7866445,0.7522013,0.25677645,2.3933558,0.86441654,0.6295845,1.4187299,0.39911464,0.38183013,0.38487718,1.2726707,0.2538905,0.070811324,0.011902989,1.5226635,0.7235068,0.4284428,0.034540255,0.622368,1.5822968,0.53815967,0.4503387,0.08801943,0.8709989,0.9382159,1.0468119,3.124096,1.5376569,0.14878671,1.3087107,0.4074318,1.1688432,0.7356441,1.1189194,0.67498165,0.6100026,0.7428247,0.21670423,3.1788855,1.7061849,0.33359706,0.6273496,0.87118095,0.38178077,1.07403,0.12200289,0.09963131,0.53003615,0.026131488,1.2939318,0.92390424,0.24302123,1.0021753,1.1835667,1.0908439,0.75367314,0.36549363,1.5608866,1.9479691,1.6373582,0.65399665,0.15765777,1.6108323,0.08799702,0.45231786,1.4943985,0.0,0.22211428,0.34871858,0.27959868,0.008579655,0.78561044,1.1610074,1.075439,0.43884674,0.0636009,0.23213807,1.3061554,2.3247967,0.19591685,0.26004654,0.5310695,0.3231755,2.6312613,1.8698945,1.4821494,0.45947495,1.0115758,0.60224354,1.8896617,0.5106816,0.93516225,0.62476563,0.30695283,3.7551475,0.109648764,0.8100933,0.0,0.03317395,0.072952405,1.0862154,0.0038873765,0.08663598,0.2551632,3.4773672,1.4381287,0.55859,0.88190895,1.5132558,0.40884417,0.71589226,1.7002861,0.12479803,0.9480518,0.02083627,all_pothole_images\pothole_images_image_182.jpg
0.48810607,1.0279404,0.9854828,2.44057,2.3971796,0.4532374,0.15378538,0.4129374,0.56878084,1.9447632,0.4742965,0.12067735,0.1776753,2.9268157,0.2720857,0.0526283,0.12324226,0.056227148,1.4918876,0.9204145,1.6537669,1.7094599,0.7110723,0.23946358,3.1486073,1.2355576,0.95360065,3.8894618,0.35279495,0.11079521,0.50793636,0.5662521,2.0031555,0.90742415,0.0016292965,1.006674,0.50984645,0.5085152,0.9505476,0.9106113,0.36491004,0.73381716,1.2224219,0.84984416,0.021981807,0.09352063,0.38078982,0.12583417,0.22528236,0.11084313,0.5691962,1.3811051,0.061880868,0.06760146,0.27696672,0.7376624,4.0741615,0.053443484,0.35089785,0.8017205,0.21563965,0.77508634,0.17628537,0.37430027,1.477975,0.23081833,0.27811486,0.14656135,0.4230703,0.53110456,0.7742918,0.08328574,0.80632454,0.0273362,1.1797742,0.8365279,1.8565447,0.7496058,1.3246924,0.5116535,1.4118637,0.7749225,0.06567634,0.5918532,0.9214809,1.4598014,0.84309906,0.3364756,3.62323,0.52846634,0.29847008,0.8976823,0.48732808,0.6326894,0.5100622,0.35060135,1.3130128,0.1377942,1.7985089,3.5251505,0.0,5.9870114,0.19510148,0.6315843,1.3520103,0.0786835,0.22496977,0.40056154,0.017577855,0.14584461,0.22206223,1.5135597,2.1524012,0.24158663,0.6973478,0.3909521,1.484538,0.42225444,0.06549716,0.44872564,2.0212924,1.3532717,0.21779077,1.7731084,0.38388067,0.031475343,1.0665562,0.8120323,0.73950523,0.65688664,0.50270766,0.24636498,0.47396716,0.66563195,1.1069592,1.0244153,1.1738899,1.8511152,0.399668,1.1864927,0.19525045,1.1847159,0.5726462,0.08540662,0.0046205427,2.6006196,0.4331135,1.1821839,0.6911498,0.19840536,0.8135743,1.1591005,0.09816076,1.3101946,0.7867679,1.2882011,0.8655697,0.22545268,1.0569474,0.37564266,1.3924541,1.1439389,0.101926915,1.651269,0.543905,2.7792838,1.6754727,0.026498925,1.9217837,1.1422784,0.78880155,0.021920172,0.48182032,0.26194775,0.7027352,0.032215856,1.909563,0.011642631,0.17369467,0.10188068,0.52839375,0.8884702,1.640954,1.9339519,2.9823997,0.77552,0.0034303183,1.0409937,0.9621168,0.5517602,1.4538025,0.13618726,0.30326757,2.4886107,0.23442486,0.50024396,1.13692,0.44271025,1.655235,0.19225253,0.29546043,1.5477251,1.1859478,0.4128702,0.13512512,0.39655355,0.00383162,0.53876364,1.2061062,1.0756215,0.37256944,0.441771,2.163891,2.1054666,0.5850153,1.0755779,1.4635284,0.22629751,2.7674117,0.54510576,4.5870867,0.0,0.6213451,1.6874654,0.27300993,0.65291786,1.5780814,1.5579002,0.33839738,0.4029955,0.9759339,2.5355477,1.1435596,1.3803054,0.32829502,0.3520584,3.1673262,0.016001549,0.17217517,0.01609823,0.30204058,0.26864168,2.1831868,0.8158829,0.7312847,0.030724358,0.28961408,0.088268615,0.53907126,4.0198736,1.0933309,0.15332289,0.29275832,1.0490122,0.09624394,0.49322167,0.21129198,0.11066921,0.432293,4.00703,0.78985,0.5750297,1.5349218,0.31042284,0.23299314,1.1536695,0.34051576,0.6556135,1.7418606,0.24599726,0.77227974,0.002283189,0.6001843,0.053473238,0.34653938,0.02855769,2.2156067,1.4091517,0.04783026,0.9816153,0.22419164,1.7711788,0.13126223,2.7941763,0.8686916,2.0192626,1.9062395,1.6483095,1.8806082,0.04947821,0.2824705,0.20425403,1.2209235,1.2168752,0.3094035,0.0,1.9330668,0.33255774,0.0,1.5939128,0.6529991,0.7819108,0.30564252,0.9301478,0.42961076,0.7100313,1.2897629,0.49068007,0.18902227,0.21721251,2.9114716,1.5728604,2.522446,0.8015944,0.43118697,1.5606819,0.49991813,1.184484,0.60906357,1.3288312,0.73225075,0.96916765,0.04566422,0.70773906,0.34354404,0.24300537,0.022465082,0.514833,0.68352,0.57664245,0.3260463,1.4395164,0.0,1.2263345,0.16226636,0.42221287,1.5101146,2.7546737,1.0751696,1.453469,0.48766097,0.87470776,0.9969495,0.23489723,0.38995755,0.13848527,0.2745406,0.3604368,0.30029818,0.12600487,0.56804264,0.76745325,2.6579602,0.52192116,0.083078384,0.42850837,1.1053021,3.4057775,0.77056617,0.4414765,0.13831271,0.003799536,1.0738533,2.7507522,0.0,0.7425213,0.6177861,0.673774,0.78515077,0.6343265,1.9575452,0.35057086,0.08165471,0.10236079,1.0586196,0.14837559,0.019333942,0.5168575,0.09722436,0.29693884,2.227642,0.20896393,0.19274981,1.0651598,1.0803347,0.81578267,2.7435548,0.76629776,1.9623796,1.9494901,1.0076522,1.4731995,0.009731941,0.7148523,0.54795337,0.58146626,2.576634,0.07839698,0.12276606,0.013823774,0.7633948,1.0565376,1.0068297,1.2626178,0.13031772,1.3757436,0.15024397,0.5873423,0.21840155,0.21425994,0.9819664,0.4061299,0.32752284,0.45629516,0.0010436415,0.15504457,1.7102159,0.9457872,1.4434484,0.18589729,2.5867727,1.3869755,2.5009623,1.3930119,3.9038732,0.003908798,2.0216067,1.0536112,1.6112652,1.023551,0.499296,0.12672915,0.95479566,0.89058,0.8262243,3.8341541,0.5312454,0.548799,0.42520574,0.6826257,2.5162673,0.60899425,0.050671753,0.021999003,0.019705711,0.0,0.5067078,1.4802991,1.1594417,1.8071148,0.12819989,0.6957185,0.012915986,0.0076821754,0.59390694,1.6332647,2.2762833,0.0,0.6872045,0.7296636,0.34094727,0.40048715,0.2147411,0.17711973,1.3504715,1.0724258,0.7719196,0.1263264,0.33327815,2.8614128,0.30093458,0.09940698,0.32710865,0.14626834,0.52395374,0.0619591,0.49872112,1.2013925,2.1705487,0.57210314,2.570121,2.8445783,1.66667,0.3044096,0.08526043,0.18068928,1.9241569,0.18209465,0.5354014,0.12503538,0.44308528,2.109723,0.08065839,0.023827946,0.18247834,0.071887895,0.35189423,0.581478,1.310426,0.10130116,0.38164306,3.1210434,1.1253059,0.8410993,1.1525956,0.089793056,0.21713507,2.009223,0.19143595,2.4139006,1.2805903,0.12445426,all_pothole_images\pothole_images_image_183.jpg
0.96362925,0.31149063,0.58865327,0.56658995,0.43783408,0.44049498,0.7098162,1.0879662,2.5819159,0.47495046,0.52857596,1.1800218,0.0,1.5905768,0.23027739,0.7390016,0.00121657,0.1164201,0.11917884,0.3651592,0.45517445,1.7603848,0.31941146,0.64884096,1.4974799,1.1525244,1.367383,4.8826523,0.6172371,0.2601884,0.18649575,0.014390911,2.0882633,0.94256043,0.005685069,1.3687084,0.0,1.0651873,1.6871969,0.40739292,0.6167229,0.90090585,0.76625925,0.6252053,0.11841342,0.58990884,2.0076518,0.027900804,1.8939989,0.94205636,0.5972711,0.5373141,0.1277566,0.10952059,0.3751272,0.20117863,1.1033243,0.0042997994,0.43991756,0.13078645,0.24033156,0.24129048,1.1064965,0.081178546,2.2920127,2.1776593,2.1242118,0.5895384,0.48656502,0.1802124,0.081223264,0.021429304,1.0126817,0.22267355,1.2311007,0.38402984,2.4191887,0.3308716,0.72679675,0.08367186,0.2741608,0.7527265,0.64565647,0.9903056,0.18351646,0.0,0.26616788,0.54933137,0.29489136,0.27575007,0.18271853,0.033965055,0.0,0.42279512,0.025342584,0.09924885,0.46182522,0.2132183,0.1459148,0.35243455,0.00012861831,2.1957226,2.0696166,2.8909914,0.7335682,0.17614345,0.5973133,1.023134,0.03542582,0.46607995,0.48905876,0.0679117,1.557245,0.0612835,0.7246134,0.15555052,1.3539765,0.14922634,1.6400971,0.67424,1.7486316,0.6384005,0.04348496,0.71083426,0.5765776,0.0075691193,0.72117245,0.50820476,0.16430785,0.10370213,0.2592626,0.22627744,0.39777368,0.43746543,0.167264,0.20834513,0.7924123,1.1930017,0.2517574,0.17335421,0.9397162,0.93214726,0.67955,0.0011769545,0.5732945,1.0915821,0.0030874829,1.0730168,1.143006,0.78531605,0.39672863,1.1778834,0.0058903573,0.30048725,0.6646823,0.14447263,0.83468354,0.40797397,0.28373718,0.26373067,0.7219997,0.8257587,0.54823697,0.17389922,0.034412276,0.107406855,2.1429172,0.5575487,0.7674825,2.078886,0.0005833839,0.01763784,0.03348578,0.5754403,0.39694446,0.06944651,0.46913567,0.040724505,0.63662165,0.10705757,0.05902974,0.8042904,2.1630929,0.92034644,0.7805163,1.2728887,0.051189046,1.459891,0.7904222,0.9189052,0.61286193,1.4714694,0.36674905,5.1970673,0.80467683,1.2568941,0.4726928,0.48821083,1.1001765,0.5958978,0.5365207,0.5516979,1.6170197,0.11307424,0.36047223,0.12906814,0.5549237,0.3214108,1.0031117,3.38562,0.23243219,0.14559866,0.28594282,0.08122797,1.3716418,2.1987472,0.028961703,0.35317203,0.22302267,0.124599084,0.5711558,0.51044106,1.5245066,0.16107097,0.090152964,0.06340046,2.4779208,0.65533024,1.3624239,0.5409642,0.05745407,0.123814516,0.0072525768,0.4297409,1.6725024,0.24958937,0.49697235,0.03456905,0.26749855,1.3950723,0.004710093,0.6934039,0.07655414,2.3878183,0.83414227,0.036977883,0.6640466,0.81919646,0.07470239,1.8578837,1.7746243,0.9478142,0.32090762,0.21482043,0.09033697,1.1642717,0.11586792,0.17666137,0.6991771,2.8568568,1.1279742,0.58929557,0.65956676,0.6030327,0.11713417,0.24069583,0.09927114,0.37924108,0.25396028,0.0,0.25058123,0.02599849,0.011690232,0.13153084,0.04066296,0.91482747,0.39247513,1.001061,0.82856435,0.330712,0.32524842,0.28602308,0.3199304,3.0888147,0.27014056,0.4114206,1.8310484,0.15962526,1.7625111,0.0,0.027361859,0.09046212,0.024413453,2.4238577,0.11086014,0.036352642,1.1401476,0.019039208,0.027795343,2.5292199,0.22354348,0.7437439,0.19471349,0.25046363,2.3149734,1.5919734,0.28759098,2.6127257,0.3882244,0.51192623,0.3072819,0.4111613,3.1823628,3.2088776,0.09695517,0.8162459,0.17659034,1.2496091,1.0305157,0.16668816,0.43894997,0.069619335,0.98767525,0.19725357,1.5192227,1.9946892,0.87456465,0.7837004,0.5996687,0.04362816,0.3898683,0.35916945,0.010456293,0.20878293,0.7390381,0.25684696,1.7977369,1.8831083,1.1363115,0.2618759,1.2341342,0.2889628,1.8342749,2.2384357,0.23234555,1.0669718,0.8160434,0.58550745,0.37100476,0.35428968,0.73322827,0.5255771,0.29539177,0.8174317,0.22575316,0.20035161,0.067236744,0.65623206,0.9505618,0.29488748,1.775078,0.058848303,0.4752073,0.14830163,0.10672217,2.205324,1.4961193,1.1788055,0.12977152,0.39409515,0.83029,0.15067467,0.42351073,0.5829204,0.13774891,0.009183496,0.077563666,0.18262723,0.16575244,1.0718575,0.8426595,0.80222535,0.96545184,0.15098013,4.1511574,0.11470475,2.8019128,0.6079906,0.515545,2.581441,1.4556221,0.98758394,0.4955084,4.311538,0.15648882,0.12664571,1.1861731,0.09650486,0.5825955,0.018505005,1.0105677,0.34566388,0.6290914,0.14646351,0.0,0.9069363,0.9470157,0.9430405,0.19639494,0.008111156,0.0031808624,0.7330641,0.70063716,0.19244727,0.2700667,0.6604989,0.8778931,1.0245557,1.0343654,0.09579313,1.2641265,0.7926069,0.07834495,1.5327644,1.2597053,0.27404982,0.331529,0.14662604,0.25513807,0.13706744,0.04930863,0.48260605,0.22828566,0.32800096,0.0752497,2.2474496,1.0713841,0.0172926,0.0204907,0.46803486,0.93508387,0.47996998,0.18117325,0.43248573,1.3390096,0.2249581,0.26876786,0.8589261,0.05353044,0.044893987,1.4309027,1.0898027,1.883847,0.3219336,0.685187,0.59945726,0.93154734,0.60775685,0.65607685,1.5543343,2.3008864,0.0024293724,0.20627585,0.3112969,1.2290436,0.43936238,1.0237628,0.28944483,0.5569178,0.99076027,0.7799457,1.1161686,0.016937224,0.25333405,1.2317216,0.03535374,1.2985525,2.178046,0.98602045,0.037734047,0.6032184,1.0769342,3.8516023,0.73323977,0.16061378,0.15840407,0.93473,1.1843599,0.0021862804,0.07150494,1.7681162,2.096225,1.3479483,0.11349127,0.049115457,0.11741282,0.3915257,0.6475933,0.18779616,0.39924908,0.10709953,3.160128,0.053740717,0.9585893,0.15335724,0.20189102,0.21856016,0.1760755,0.51581395,0.7234764,0.21726705,1.1800035,all_pothole_images\pothole_images_image_184.jpg
0.7157588,0.7992241,0.77826536,2.9540455,0.70441204,0.094108336,0.6150265,0.36380678,0.017846368,0.3681753,0.31046543,0.70060855,0.0019175421,0.69063044,0.74144185,0.44961554,0.11481177,0.33773798,0.58001995,0.31986237,0.14562728,1.389183,0.34877005,0.55715257,1.2337017,0.14265054,0.3937023,0.28856245,0.28080344,0.19909784,0.37443456,0.19919503,0.19332474,0.5949324,0.06766832,0.5573271,0.055654358,0.97899234,0.34772903,1.7260365,0.12769626,0.07935024,0.0,0.42072117,0.29756582,0.34240994,0.13040005,0.025296062,0.1131736,1.2615173,0.0017674736,1.0431602,0.9936787,0.48592573,0.14398137,0.14079387,0.877523,0.2542661,0.405192,0.9408326,0.038910743,1.2160788,0.06425261,0.2958145,0.022175634,2.5898645,0.4851841,0.47287855,0.09522255,0.0,0.32873967,0.2540116,0.31205615,0.0882488,0.032612797,0.9194962,0.4199358,0.28467476,0.0,0.010218566,0.30149338,0.6591713,0.5210106,0.89858603,0.011469793,0.34340757,0.016893286,0.5324024,1.960609,0.09997719,0.008150704,0.06459131,0.0,0.11269088,1.076416,0.5128743,0.71195424,0.96851563,0.023303144,0.033239838,0.0,1.2894298,0.73929125,0.6468747,0.24226764,0.11569831,0.009498637,0.5002302,0.3122966,0.1322146,0.0110102985,5.329061,0.38482937,1.6571875,0.30664265,0.06672315,0.15278953,0.48098063,2.5357974,0.72375536,1.42005,0.8419858,0.0,1.6101183,0.15247554,0.52817154,0.069968104,0.00087618036,1.8521454,0.01920691,0.5331956,0.25280997,0.08582636,0.5041013,0.45761365,0.30982903,0.0060604154,0.10722209,0.2420131,0.4261289,0.06523928,0.4542257,0.23896131,0.44124123,0.11909787,0.124541335,0.21325439,0.60504466,0.9371969,0.11781976,0.589029,0.37684065,0.35001743,0.07081211,1.4914083,0.11276903,0.3138945,0.37564203,1.5966672,0.4613476,0.6922759,2.8336985,0.0,0.82439107,0.16622272,0.8736678,1.0532589,0.17728697,1.4876891,1.5449145,0.0,0.04747717,0.12834303,0.18120559,1.1878958,0.01102591,0.9047277,0.00014842648,0.27523676,0.0537118,0.03184022,1.6027579,3.0685954,2.5756187,0.90715927,0.9905576,0.19237505,0.071899936,1.7894095,1.2469693,0.048519313,0.0,0.012657551,1.0817059,1.2274054,0.43334904,0.56510305,2.2401264,0.46082807,1.2157077,0.38229275,2.826103,0.6232444,0.69304967,1.0314541,0.107950896,0.110527545,0.12621593,3.077818,0.2745631,0.050770428,0.016489087,0.29675242,1.4675435,0.17162152,1.0843587,0.21484731,0.1615987,1.0209203,0.0,0.2667787,0.441558,0.46950543,2.2654228,0.13121812,0.19502716,1.65453,0.009867827,0.033501144,0.1719125,1.1927088,0.15277448,0.08673182,0.086330995,0.21248156,0.0,1.1379569,0.30436927,0.055676095,0.031596936,0.41966832,1.4528005,0.009550857,7.588907e-06,0.17261498,0.014634276,0.38936532,0.64929384,0.19522414,5.083197,3.0162394,0.40217042,0.20364463,0.56767243,0.111757606,0.6178726,1.2146444,0.44888306,0.58827955,1.9910817,0.0028317603,0.072660394,0.4075526,1.684084,0.1374364,1.9311687,0.078940384,0.34957466,2.5001113,0.0045621516,0.2598882,0.0,0.14105423,0.024789235,0.8961096,1.4841713,0.022747563,0.35515252,0.023717036,0.27369133,0.489494,0.33822507,1.1521951,0.13283913,0.10297558,0.07510471,0.8135656,0.13029312,0.02762117,0.62367105,0.008633873,0.0007634133,0.3698136,0.8313152,0.06067593,0.39318073,0.093086414,1.5423291,0.65583956,1.0577804,0.6149432,0.5138824,0.05450775,0.94765615,3.3487947,0.090839654,0.0,0.30591363,0.0,0.15380171,0.2042985,0.6179175,2.6293435,1.9860456,0.17971466,1.5767498,0.035401765,1.0475116,2.2525547,0.7040914,0.4106172,0.015152719,0.30026525,0.06911059,0.2820713,0.066521704,0.16747394,0.0008543857,1.1860417,0.36085516,2.4125311,0.60922825,0.069972165,0.117363244,0.037016306,0.33906972,2.922442,0.15030724,0.063981086,0.7432162,0.022417292,1.643336,2.061655,1.5545493,1.7752243,0.9323805,0.052191053,0.49255836,0.56184226,0.0,0.757649,0.26204953,0.10967609,0.3150191,0.2458912,0.19926491,0.0066585825,0.14771736,0.52794415,0.3568506,0.39273164,0.5549986,0.48518467,0.20044817,0.018392142,0.25798738,0.8522256,0.005586184,0.0249928,0.002152423,0.45039088,0.020261416,1.0366923,0.021083457,0.27444434,0.07418108,0.74159986,0.0040475326,0.88271946,0.55449736,0.0049164477,0.017846964,0.17703761,0.91235477,1.3954625,0.49976507,0.9468049,0.009034992,0.022120517,0.25086653,0.31544882,1.0045819,0.22090042,0.6470871,0.007617351,0.07448636,0.053185087,0.18831229,0.2817611,0.5459371,0.52224976,0.32898715,0.2815707,0.109749936,0.042587787,0.4185547,0.9414063,0.62941575,0.4801082,0.024129847,0.5496573,1.2854431,0.01127188,0.49720427,0.0744862,0.068291776,1.518881,0.031671647,0.26133606,1.5962194,2.1435425,0.44261748,1.6442853,1.9362657,2.8548849,0.09292288,1.0441737,0.5872998,0.35114828,0.266679,0.6264263,0.4036563,0.2218269,0.05369943,0.2567901,2.549749,0.89705825,0.08935124,0.9489067,0.8030699,0.015848303,0.517798,1.0252987,0.03647581,0.37598902,0.0,0.6255415,0.23988993,0.004080685,1.2492385,2.756454,0.14586948,0.5097376,0.72877324,1.5751313,1.8725654,1.4943103,0.45429856,0.26848438,1.4983674,0.085684404,0.75558275,0.7885944,0.03698356,0.10578391,0.380545,0.34749806,0.086284555,0.20076708,0.43331835,0.37426466,0.6681039,0.21332055,0.0,0.095409885,0.023117684,0.593565,0.87652135,0.9861916,0.19380747,1.0587107,1.2058264,0.88077575,0.22543077,0.0,0.36661762,0.6227535,0.63244706,0.9955259,0.02040609,0.54914343,3.9117303,0.0,0.2309632,0.0,0.0,0.17228702,0.23034994,0.011464121,0.5376289,0.299244,2.2656305,1.5331931,0.08671835,0.46149608,1.4134661,0.30093995,0.7072037,0.3007558,0.17993775,1.198132,0.07589349,all_pothole_images\pothole_images_image_185.jpg
1.2191309,0.857615,0.075834796,2.2838392,0.27715337,0.8603961,0.1467717,0.038662963,0.13402443,0.595364,0.0756878,0.89418423,0.13064781,1.9416509,0.46509337,0.4115658,0.077240594,0.14358178,0.017395895,0.5590206,0.83116025,0.82980686,0.4114857,0.2912571,1.4884094,0.819485,0.25834492,2.8859143,0.26053196,0.110932834,0.6728971,0.4401671,0.57579964,0.97023785,0.12419084,0.17641316,0.087862246,0.20203733,0.45257995,0.48412314,0.5425388,0.007547949,0.47079676,0.5909524,0.8713715,0.78517896,0.1121234,0.2308037,0.6620059,0.011307741,0.4552989,0.001891796,0.36531067,0.055753443,0.008974003,1.4659863,1.1139559,0.55431783,0.16992867,0.013769575,0.08465055,0.23173206,0.80893564,0.24473314,0.33279398,1.5690862,0.47071934,0.05974534,0.7785132,0.022910567,0.6081551,0.12771788,0.16867028,0.58247006,0.539989,0.27757356,0.06737826,1.6324923,0.32504174,0.071167074,0.19516227,0.35402605,0.6022491,0.64652884,0.2300894,0.5249546,0.877264,0.14269398,1.7003441,0.34202975,0.50676244,0.0069949906,0.019544458,0.61956614,0.0,0.029631792,0.27437878,0.19155814,0.6442389,0.6714374,0.06199413,2.2106962,0.13928546,0.30177298,0.28145072,0.0,0.93006146,0.59096897,0.05158833,0.821579,0.033111185,0.8623839,0.46489412,0.15239705,0.7774163,0.17327029,0.9044284,0.05075263,1.5437977,0.48695326,1.63202,0.12418414,0.3398397,0.42627284,0.7273573,0.57440263,2.0147598,0.61412895,0.59548515,0.2981763,0.09488666,0.08865523,0.006368308,0.3450042,0.35493726,0.53425366,0.6981056,1.4642009,0.5521318,0.20868318,0.08318426,0.2337449,0.02753896,0.49925464,0.099086456,1.2145283,0.0,0.009404303,0.5167423,0.11897018,0.6281189,0.4365902,0.25232512,0.0074310508,0.42494982,1.2304492,0.7804799,0.11130048,0.31166473,0.2930664,0.79003876,2.1920114,0.07451761,1.401989,0.19851439,1.820435,1.0335065,0.5977566,3.6239579,0.8470358,0.0,0.021610903,0.15625893,0.0028614025,0.17914885,0.3240938,0.3097613,0.02972031,0.73544925,0.3753459,0.011160475,1.80904,1.0523541,0.20743555,1.9341359,0.022861626,0.0,1.0150628,0.64206517,0.3082813,0.34278563,0.06242031,0.19962473,1.1951532,0.731603,0.17718971,0.4398131,0.4713775,0.6376341,0.5754609,0.65911514,0.57970756,0.37596783,0.7363312,1.1680315,0.38255385,1.4263104,0.03546475,0.3712297,0.9746662,0.03157652,0.0,0.37046945,0.23864347,1.0918131,1.7237673,0.40414238,0.12360981,0.01298581,0.0,1.2569674,0.6900745,0.7272496,0.123114094,0.0,0.043269653,2.2325468,0.26555154,1.084514,0.51710737,0.0,0.06217448,0.16248569,0.21640643,0.088539325,0.00638879,2.7228577,0.00041357832,0.37751058,0.5016208,0.39785653,0.13785371,0.08327972,0.06305111,0.07656561,0.0,0.69712913,0.51195407,0.53887355,5.3071623,0.9128833,0.2440769,0.41215584,0.18203719,0.010522304,0.2871753,0.56018907,0.1250439,0.15579258,2.6490548,0.11971462,0.28698692,0.1234324,0.7339437,0.17135838,0.24152355,0.16639933,0.18486445,1.0597117,0.37199873,0.965873,0.1451188,0.6227775,0.3477032,0.6627507,0.19141981,0.84367764,1.695356,0.11882525,0.6961198,0.63359153,0.029111827,0.6663859,0.8635031,0.33822942,0.56221575,0.68636787,0.29605463,0.95325375,0.022165434,0.070649005,0.18865034,0.039033182,0.5864472,0.2876694,0.546129,0.028473968,1.6008929,0.045600723,1.7338228,0.24052289,0.22055785,0.20268734,0.3462965,5.224823,0.35042432,0.031540222,0.23799153,0.16367865,0.69025874,0.06546732,0.651832,1.8411463,0.7332892,0.006789283,0.37198374,0.0029588293,0.92558265,2.9107604,0.33705828,0.15430893,0.0,0.07403829,0.481358,0.088682495,0.13509779,0.71306795,0.12712085,0.48943087,0.12692945,2.5008638,0.019049676,0.21922652,0.00728396,0.105433285,0.052193914,1.6377164,0.4650976,0.3848868,1.3854473,0.37169203,1.314379,2.5701878,0.8497806,0.9007071,0.0,0.930838,0.60046947,0.5052993,0.06691424,0.7721654,0.8181156,0.09674694,0.48234245,0.044624057,0.0,0.03956269,1.1887474,0.16904907,0.123281166,0.0021126692,0.22404659,0.3788027,0.20982909,0.0,0.25578988,0.9694209,0.39987785,0.031972684,0.48902658,0.36602873,0.29278305,0.07675516,0.04811245,0.21280581,0.36061502,0.06640572,0.048711497,0.6591782,0.13885632,0.6348603,0.17638299,0.21235934,0.2846232,1.9972397,1.785775,1.441967,0.0058117914,0.08704812,1.2777984,0.17402165,0.371721,0.023879394,0.16287687,0.11869181,0.7424805,0.3126162,0.56251436,0.9464824,0.6243103,1.2192329,1.1982248,0.63350916,0.75167596,0.1745554,0.6271635,0.26514256,0.9215781,0.25851867,0.88796055,0.95923084,0.26730224,0.286275,1.240123,0.0,0.04439268,0.15550777,0.17391118,1.0807132,0.4594334,2.46108,0.033042938,0.8195948,0.97958,1.4814297,0.050093006,0.7760503,0.7077011,0.5346769,0.24015555,0.8592507,0.272863,0.22125466,0.24585891,0.55195564,1.2735469,0.4864234,0.8968812,0.1134467,1.388403,0.7570479,0.13643484,0.07450911,0.089587666,0.1176694,0.018383618,0.55641204,0.908505,0.15580574,0.6139293,1.0535142,0.9239255,0.8528372,0.33885944,1.0194693,0.3398602,0.57954586,0.10082808,0.71525663,0.602505,2.1846898,0.29735118,0.70127976,0.9375414,1.2766358,0.12864673,0.61731166,0.0,0.7388893,0.6935092,0.26037452,0.32121688,0.22988442,0.37497544,0.6578159,0.00041864457,0.35619736,1.3958181,0.54103404,0.0020258187,0.029818846,2.3525555,1.0764495,0.53610724,0.10822951,0.00944234,0.28036535,0.2609795,1.2461654,0.18866113,0.08068253,0.238567,0.0,0.07425319,0.026868138,0.055906303,0.00252831,0.02706538,0.019181632,0.45626292,0.33069128,3.0874383,0.52910393,0.3056748,0.27213618,1.4205933,1.0110271,0.12664647,0.039264843,1.7623281,0.4045182,0.5906226,all_pothole_images\pothole_images_image_186.jpg
1.1777883,3.2954898,1.1756742,0.9068994,0.4870644,1.003105,0.17075385,0.36145145,0.7829761,0.34374735,0.45444533,0.28862044,0.24630173,0.35334155,0.031373125,0.5434032,0.24987961,0.20231463,0.012352396,0.11170543,0.19214498,1.2176478,0.3559805,1.6229347,0.23994252,1.1416626,0.29031783,1.7295324,0.27398095,0.85932386,0.67444545,0.3419999,0.70423645,0.063239336,0.5101701,1.1675524,0.31755865,0.5003615,0.7995112,0.15886438,0.24861342,0.51285094,0.22426352,0.37750357,1.6534904,0.47885302,0.1999964,0.25759742,0.798863,0.98533475,0.019111827,0.12313276,0.2775578,0.05163096,0.27490607,0.8039513,3.0344262,0.0534191,1.6404946,0.76894796,0.3734584,0.0072528627,0.7998587,1.13281,0.11448453,0.5053511,0.25768927,0.19039567,1.219165,0.6818629,0.6037853,1.1479502,0.5736643,0.15663247,1.1263686,0.34305197,0.62327206,0.3592878,0.49337152,1.2086308,0.6810866,0.054796174,0.077127054,2.4202733,0.60228044,0.067657925,0.7176193,0.30869606,4.5775795,0.37589148,0.3681912,0.42477623,0.22248785,0.49133918,0.23061316,0.05238239,0.23097147,0.9566278,0.5140122,0.57366085,0.0,1.4770288,0.16545568,0.9256547,0.29575405,0.22635984,0.28845522,0.96015257,0.24491788,0.5425453,1.1358764,0.42789724,0.18313268,0.6998962,0.44263324,1.3838594,1.2236075,0.24373999,1.0973258,0.44527373,0.69617057,0.38769042,1.1114393,0.5311959,0.021920778,0.9168662,0.14195189,0.7307423,1.2038003,0.32066923,0.33999074,0.29490992,0.40482447,0.100883625,0.27369332,0.06544799,0.13901296,0.48620492,1.8564792,0.40937227,0.47405013,0.66290545,0.22554125,0.77984726,0.29006845,0.89661765,0.19250546,0.1814695,0.46737587,1.6938579,0.35894144,0.87111646,0.057169635,0.15730536,0.9792413,0.5852937,0.22077912,0.75427604,1.0127263,0.5082138,0.56701565,0.71705455,0.17804769,1.2843004,0.13242702,0.25413835,0.92912585,0.28183523,0.96450245,0.00090728985,1.0306884,0.46927175,0.81494015,0.31864145,1.4447545,0.0042501367,1.4984754,0.10536225,0.07596547,0.38003483,0.038865756,1.2510076,2.9753683,0.81669664,2.5257084,0.18815891,0.8842265,0.18214813,0.8534832,1.169639,0.6042208,0.95622873,0.38281417,2.1458063,0.15251863,0.14990307,0.08793385,0.030999064,0.001849246,0.49332523,0.10369863,0.48864275,0.13676961,0.53524864,1.1627958,1.5205915,0.111608796,0.44314232,0.72690415,0.018715905,0.81747246,0.42938596,1.3793459,0.6726342,1.1254456,0.7395659,0.3956115,0.13311967,1.5497661,0.19980659,1.2191112,0.19420324,0.008221273,1.4806991,0.0,0.26553437,1.3569427,0.17095527,1.1335231,0.23043768,0.58563715,0.5768314,0.15161613,0.1451066,0.61576194,0.24519706,2.5383112,0.2682849,0.06729386,0.039321866,0.6775846,0.022133764,0.46501204,0.01461022,0.2787293,0.22138587,0.9297163,0.13430902,0.4750438,3.1211743,0.36872602,0.0018218136,0.18188712,0.54835236,0.065629326,0.122960925,1.5262909,0.4685438,1.1945776,1.2765701,0.077160455,0.44488513,0.6015697,0.06215063,0.4310017,0.8370607,0.009878715,0.35848764,0.029490974,1.1305867,0.9086584,0.0033504541,0.02160205,0.69853145,0.45178163,1.4932116,0.4708013,0.63750255,0.08592737,0.8002698,0.18809618,0.02839843,0.018069671,0.60328865,0.48208395,0.067344055,0.3252475,0.73201394,0.8220917,0.5817824,0.10511399,0.40877074,0.0026471468,1.7368566,0.8195252,0.32486102,0.44464824,0.41555265,0.7055467,1.3554553,0.012364509,0.60295206,0.0338813,0.788724,5.85834,0.8738665,0.0,1.6685697,0.40029067,0.30685967,0.18788218,0.38568792,3.487533,0.64030427,0.0545842,0.2652983,0.90080494,0.8169713,1.4197334,0.45951253,0.173156,0.92090046,0.020129208,0.2029459,0.67999375,1.3728884,1.7183585,0.8891036,1.101033,1.5060838,2.7819426,0.36069706,0.09479785,0.8758306,0.13242556,0.014934396,0.9342817,0.20567665,0.4833589,0.5528541,0.6812884,0.1950453,0.7778807,0.106629685,1.4473389,0.30076078,0.03746367,0.0,0.8681699,0.65112567,0.008917805,0.48637393,0.117257886,0.46116537,0.39519414,0.18631235,1.3127667,0.42176136,0.484417,0.42162696,0.11293448,0.12029337,0.40801114,0.57436275,0.03013331,0.3925307,0.8684523,1.1273417,0.3080864,0.18926477,0.8873286,0.67090935,0.61629295,0.17204478,1.0613998,1.3756732,0.24947318,0.09041965,0.19742428,0.26903135,0.0085176155,0.26162237,0.359446,0.7135371,3.7764182,0.47541925,1.7736502,0.13967834,0.28661713,1.1422876,1.1255584,1.0024441,0.32353175,0.067822985,0.21183603,0.7447851,0.5975534,0.8051059,0.03827416,0.16483532,1.2475944,1.3839926,0.43953925,0.83615243,0.13650768,0.0022670864,0.21909885,1.0503383,0.16702467,0.6434617,0.20303532,0.9562535,0.8256475,0.26398835,0.0024272809,0.6192323,0.27180785,0.71676105,0.14384896,0.014297213,0.5511504,0.59009707,0.48918104,2.0086977,0.73955315,0.7370476,0.4932726,0.9880354,0.23916005,0.1888025,1.0282313,0.11465535,0.3766764,0.44287154,0.73768693,4.152492,1.0115547,0.56575936,0.07176061,0.32448417,0.40983117,0.40473267,0.066825025,0.48372504,0.007559983,0.28099146,1.3343185,1.0080454,0.9010447,0.24874528,1.0865374,0.9452624,0.8764898,0.29202652,0.22928908,0.6823354,1.8253719,0.23752794,0.0,1.0344578,1.9733437,0.0036569482,0.824132,1.1153315,1.0243107,1.3474121,0.21061029,0.019007452,0.8774764,0.9193329,1.8474195,0.4894562,0.5822793,0.3457401,0.17321455,0.51925534,0.09915679,0.41658103,0.5949392,0.4453804,1.4563183,3.4803333,0.21417817,0.17108227,0.0048763393,0.113946974,1.242206,0.3486795,0.085306026,0.031047743,0.4806284,1.6107439,0.30550325,0.12608285,0.17547473,0.22640426,0.20633383,0.20509462,0.05527543,0.03993336,0.021859748,3.6242325,0.03752864,0.8126885,0.3033252,0.25623426,0.28322768,0.8050891,0.5382059,0.25860542,0.8699177,0.7853841,all_pothole_images\pothole_images_image_187.jpg
1.6575096,0.027062863,0.8021754,2.7779777,1.3333471,0.6013822,0.67197365,0.19548646,0.21579571,0.049315657,0.162972,0.2604023,0.15811051,1.5602996,0.46643004,1.5293236,0.08848818,0.3709484,1.5183278,0.2202337,0.7879527,1.1318489,0.9555516,0.11343543,2.2488253,0.34030938,0.8084578,1.8888185,0.6387042,0.12853399,0.3421545,1.1406955,2.0321524,0.09708671,0.24801369,2.6208565,0.0,3.0210676,0.24133593,1.5342723,1.8151351,0.54549664,0.049459487,0.5211551,0.007436733,0.930072,0.47102284,0.045356583,0.93261826,1.7177289,0.32772171,0.394852,1.0561259,2.0368242,0.3454495,1.2067809,1.7139741,0.2035648,0.38030654,0.22986966,0.19489637,0.8222868,0.25452766,0.277926,0.1379726,3.3620324,0.060728177,0.2365853,2.1769216,0.20692657,0.25431314,0.47185874,0.55779046,0.23569149,0.12837452,0.9010409,0.19078052,1.1702101,0.044382542,0.47471532,0.0706935,0.0,0.06312476,0.2204661,1.3685583,0.6485937,0.12411684,0.29265964,0.88932407,1.1675376,1.4359686,0.012888218,0.0,0.2088018,0.9073105,0.22002915,0.075540185,1.4658571,0.7358432,1.396158,0.42790392,3.2690575,0.86233044,0.12298047,0.23561057,0.25737333,0.31274423,1.1079019,0.0,0.49101803,0.0712048,4.6063466,0.95055413,0.33367577,0.4545295,0.22735909,3.3600988,0.108834304,4.4262714,1.2411468,3.272143,0.50030756,0.05643764,2.0628037,0.3745989,0.3924857,0.9713044,1.9424927,0.33990368,0.035321064,0.6241149,0.0,0.15707268,0.59290236,0.074260995,1.4404808,1.7246584,1.6527392,0.29122394,0.00070623396,0.42804983,1.1681987,0.611531,0.20076732,0.12421803,0.35991913,0.0887729,0.17494172,0.94954836,0.13999899,1.121605,0.7858961,0.095453516,0.38278592,1.7983996,0.9591731,0.5822749,0.93779,0.88288003,0.5084168,1.1112263,1.6995659,0.0,2.745018,0.0,0.9227189,0.22812647,0.013327229,2.426538,2.7217183,0.05335144,0.16987,0.023253037,0.38140532,0.51707894,0.02202388,0.16620527,0.036835305,0.12712607,0.37088895,0.0,1.9421748,2.9515817,2.5610433,1.7032158,1.8238955,0.35703218,3.2856364,2.5689402,0.5116419,0.58191806,1.0731579,0.03422362,2.9566252,0.34018928,0.30858457,1.5662175,1.0609753,0.6799993,0.082021326,0.59546864,0.9671509,1.8990872,1.0829579,3.0916398,0.30294663,0.83408,0.55792624,2.0996723,0.26728937,0.033658925,0.00038510194,0.88315696,0.24016899,3.141812,1.0240855,0.6512967,0.37676868,0.18770352,0.058996756,0.19791819,2.5052257,0.8944683,0.5872817,0.014909729,0.7011535,0.7810341,0.9090294,0.7508419,0.7234807,0.050214924,0.15304622,0.89548194,1.0786513,1.3794267,1.1709615,1.5370667,0.003641998,0.1106138,0.47794202,1.3001108,0.49518666,0.103276536,0.53307855,0.14435717,0.4568071,0.18689176,0.11677606,0.23071519,3.2177553,1.5413105,0.22458313,0.8353124,1.0349976,1.1646125,0.269154,1.1385579,0.2539998,0.18792826,1.2711039,0.22839028,0.9632847,0.40971175,2.5340893,0.99291086,1.6383026,0.0032857948,0.30371812,0.37651965,0.83709383,0.2894581,0.70670956,0.003384391,0.1651148,2.5224006,0.6410077,0.49767965,0.9709432,0.53274155,0.52960587,0.07837222,0.52232444,0.44053555,0.52617544,0.2123421,1.2419555,3.1110535,0.45871285,0.17788619,0.33060455,1.008956,0.10646421,0.34435567,0.8699992,0.23316386,0.20564683,0.42808282,0.3797507,0.2365029,1.3078624,0.19375178,1.370698,1.2224219,0.5522686,2.7985508,1.3397228,0.2702579,0.16024558,0.95610327,0.31795385,1.4420204,0.3039369,2.465333,4.5095415,0.7373295,1.5588757,0.022466186,1.033947,2.4716973,0.05701391,1.1039187,0.10047708,1.1919892,0.43859538,1.6784272,0.3663925,1.0086522,0.0,0.45298973,0.036179367,1.5537428,1.2867403,0.016054083,0.19485228,0.44045058,1.0926936,0.0388852,1.4533355,0.2514032,0.47602162,0.1884422,0.43580315,3.9323967,0.20374937,0.82836443,0.6813939,0.21230628,0.074723236,0.1141582,1.2240306,0.64680123,1.1536732,0.3368327,0.85883796,0.4240045,0.34099293,0.07718897,0.7806692,0.98459905,2.1114702,0.7571928,0.9295377,0.816106,0.84042674,0.7311597,1.3663509,2.1624596,0.18911007,0.27575135,1.076757,2.320634,0.30508742,1.537323,0.5024834,0.46909657,0.050084703,0.18935442,0.22431707,0.2981746,1.0240129,0.34502327,0.6666202,0.06457883,0.7115149,1.874199,0.24501407,2.1724977,0.040909193,0.29096812,1.1678188,0.5125138,1.5420909,0.17742145,0.11948139,0.04656216,0.3795379,1.8385231,0.042420838,0.91660917,0.45573258,3.24792,0.8408268,0.28934503,0.11874267,0.33033168,0.16634147,0.0961051,0.2558116,0.55446965,0.0,0.90950453,0.18377921,0.49873358,1.7664511,0.02916322,0.10121228,0.5702962,0.38122985,1.0586226,0.7436695,3.784537,0.034050133,0.80386794,1.7861207,0.73537165,0.016149856,0.27563655,0.11652226,0.42749825,1.099405,0.09236622,0.9786835,0.8321061,0.59743035,0.15581179,4.9950824,1.8196406,2.654993,0.7746445,1.4334544,0.21216547,0.11567301,0.12929444,0.06499965,0.16735551,0.0077434876,0.22839046,0.14830662,0.1512277,1.034462,0.88198525,0.3589437,0.07517477,1.823429,1.7147926,1.6506217,0.40664715,0.07506035,0.64850295,1.7375072,1.6087736,0.18520509,1.3953664,0.45893422,0.36615172,2.5821996,0.28154442,0.048794337,0.19454832,0.14011797,0.48347446,0.9324694,0.54993343,0.29033226,0.5460184,0.13291256,0.28197864,3.067225,1.3963695,0.17063351,0.14249684,5.693288,0.7404122,1.187614,0.0,1.0557756,0.33702675,0.06210361,1.1393627,0.23904455,0.04084079,1.2581693,0.93136,0.27846983,0.30809653,0.012141328,0.22532363,0.33084413,0.82169855,0.23627162,0.32097384,4.086679,1.6756582,0.40270722,1.346097,1.1953726,0.52996916,0.70561635,1.7776521,0.48082694,0.35450503,0.92772114,all_pothole_images\pothole_images_image_188.jpg
0.1432674,0.6948574,0.12078281,2.1525073,0.33355317,1.1286596,0.39971036,0.042810634,0.2039994,0.33692363,0.2181283,0.23142397,0.16010699,0.41507226,0.055192046,0.4740377,0.1425704,0.11591066,0.5037198,0.00030576275,0.8135447,2.2617044,1.0027416,0.16523895,1.1232942,0.1705063,0.041928314,1.7658988,0.1958266,0.13386124,0.43665516,0.5972492,1.1053606,0.3636726,0.42939726,1.6462303,0.3453064,0.90527993,0.23970655,1.1891817,0.112357445,0.0011698634,0.34947857,0.5712177,0.91426915,0.17572317,0.4004568,0.06098754,0.63980156,1.7721587,0.9412458,0.0013944912,0.013130403,0.91378874,0.09377892,0.881897,1.0132779,0.018246748,0.6247596,0.18950756,0.33897147,0.23341411,0.8536781,0.20261891,0.17764069,1.7947359,1.2244871,0.06286848,2.0440106,0.011050702,0.2114261,0.06842072,0.5844086,0.030321432,1.2460594,0.31027946,0.29887724,0.61229557,0.11616386,0.075699866,0.0031006476,0.32995495,0.52653635,1.4953928,0.72762436,0.12552775,0.14379291,0.52144915,1.4091167,0.55454177,0.092526354,0.17431897,0.006123465,0.591963,0.9528105,0.0505412,0.074419506,0.056132894,0.8913049,0.29030466,0.14768597,2.5048203,0.6517029,0.064463325,0.14293848,0.025232032,0.5104485,0.44551355,0.13045993,0.35463923,0.03341376,1.6189849,0.20934556,0.14231674,0.8107748,0.12500429,1.4402341,0.17231731,4.839003,1.395344,1.5310287,0.18186565,0.05695406,0.98826146,0.5012711,1.7541893,0.034220528,0.9392359,0.32765114,0.0827865,0.6296337,0.0,0.13786474,0.00055635173,0.06967897,0.69395274,0.16040415,1.1912014,0.5120852,0.011187923,0.08109299,0.5768974,0.17417802,0.6622826,0.0,0.44625783,0.07122157,0.0040719397,1.0034714,0.7425675,0.3776267,0.09386416,0.5647553,0.124911994,1.3898458,0.85522085,1.2796079,0.10982606,0.3749258,0.5937989,0.13660751,0.5566256,0.15677172,1.1082612,0.0040455605,0.7156947,1.4240822,0.032300618,3.0846272,1.2020094,0.0,0.0,0.0,0.0,0.68218,0.012599747,0.0,0.010182035,0.5285434,0.08677371,0.062267072,3.2690609,1.5103012,0.47400248,0.71453464,2.1571033,0.10981369,0.5561186,0.547519,0.74991137,0.11105267,0.0593648,0.0,0.6578438,0.61891615,0.05920444,1.3477784,0.23349279,0.6859322,0.092644885,0.63924295,0.3196431,0.1946951,1.5920453,2.2251098,0.27504402,0.36184466,0.5543485,1.4870988,0.30314252,0.0,0.033861723,0.75768137,1.7111533,1.2838188,1.4685405,0.23457903,0.067329295,0.32010606,0.7925922,0.0399367,1.1639584,0.6746,0.76579255,0.016085647,0.11420326,0.8757042,0.18892962,2.5793228,0.60090107,0.0,0.0,0.3522376,0.05567567,0.79312545,0.20626184,1.7609377,0.0064621717,0.08871326,0.4445968,1.2075607,0.30610162,0.023619968,0.024528831,0.49083358,0.0745735,0.6244261,0.17238864,0.0,4.0930943,2.1358852,0.31808752,0.45977253,0.16994879,0.006228763,0.6048194,1.0004064,0.33756703,0.2578771,2.6238484,0.016796825,0.51324093,0.7553517,1.47193,0.3347243,0.25066322,0.104541175,0.09642007,0.36305976,0.21145643,0.11244692,0.044402756,0.42922,0.011970195,1.1651337,0.37572736,0.7145829,0.15189315,0.7065553,0.2372735,0.26082882,0.16745369,0.21173559,0.36787018,0.7613225,0.4142871,0.9258062,0.17751555,0.80269206,0.61684173,0.13737792,0.17771047,0.0050011147,1.1667901,0.23341046,0.21163866,0.088549614,2.671387,0.5895233,1.8124248,0.10210855,0.7264596,0.49488276,0.21016864,4.914014,0.6585927,0.6562907,0.39747658,0.16960989,0.38101798,0.48691475,0.3103464,2.9363213,2.199805,0.5312601,0.20791502,0.16335838,0.7248974,2.383828,0.44864607,0.19343713,0.0,0.30602366,0.37991893,0.6590945,0.86742413,0.50189954,0.008684552,0.2861099,0.07924087,2.0459,0.6737223,0.11110033,0.0,0.20731768,0.06951453,0.31854093,0.012704001,0.23511441,0.6743192,0.68496,0.24419387,3.841505,0.11158782,0.73935264,0.59413564,0.29410556,0.26214522,0.62713635,0.5936199,0.6776316,0.78676885,0.50645673,0.42631662,0.018457277,0.1112603,0.0,2.8477407,1.076621,1.1210382,0.007115611,0.09755778,0.3563937,0.014448652,0.0674375,0.1899343,1.0604194,0.20312558,0.05073562,0.0066772895,0.524228,0.028507568,0.8227877,0.06370935,0.42411727,0.25250536,0.049188644,0.33279067,0.867867,0.0076743267,0.39956924,0.024595097,0.2350448,0.21001212,2.814963,1.7892859,1.3246185,0.0025230239,1.3007022,0.7611225,0.4929488,0.51364225,0.21191569,0.6593196,0.0038961917,0.42844334,0.5175807,0.12551619,0.053395435,0.6501745,2.5479755,0.005115383,0.14311968,0.04019123,0.7912498,0.06004045,0.46369043,1.1668262,0.36781886,0.116184905,0.7587836,0.0733191,0.045066487,0.05388028,0.11612134,0.005415191,0.58324045,0.049850624,0.31181052,0.22689453,1.8187016,0.08917891,0.96951944,0.8303242,1.2322037,0.020973662,0.14862107,0.53273666,0.40710622,0.3861101,0.9647956,0.1480704,0.29938978,0.109263025,0.84836924,2.5812783,1.7414607,0.8431189,0.16711906,0.9061709,0.31544518,0.552478,0.34606782,0.4200773,1.2528694,0.0022440678,1.0770372,0.19358008,0.02110734,0.45036206,0.36231256,0.28324458,0.66817075,0.59357053,1.6379293,0.744693,0.9092416,0.66358197,1.2720584,2.111071,0.2518995,0.1627868,0.9826925,0.1610464,0.505585,0.8270424,0.0060819285,0.07846616,0.17863834,0.26594427,0.17055768,0.7078527,0.42900115,0.3831505,0.3925859,0.00081260095,0.4382963,1.0815021,0.21844319,0.18885297,0.13923582,2.6633162,0.492046,0.016470661,0.10980345,0.09762326,0.68747634,0.2788617,2.0620713,0.011896019,1.5202311,0.83166564,0.62863463,0.2126313,0.31427592,0.051041953,0.16134672,0.17199136,0.0026582151,0.4147335,0.1562327,6.0734973,0.7586653,0.05845283,0.2453398,1.2210222,0.096388325,0.00057468907,1.9591291,0.6064386,0.04130937,0.19679981,all_pothole_images\pothole_images_image_189.jpg
1.7963849,0.31849536,0.2304902,1.3556653,0.19462681,0.11455847,0.94714004,0.31479084,0.111160666,0.49457812,0.23729572,1.3874295,0.0,2.467724,0.50872016,0.4741299,0.082171,0.10596753,0.3728956,0.5693879,1.961113,1.9741436,0.11396697,0.81524485,2.7605174,1.3079368,0.105046354,2.9055493,0.16801058,0.013164699,0.13990985,0.22924502,0.91429496,0.10846431,0.265694,0.37273005,0.04143783,1.845564,0.47088662,0.5607566,0.0,0.0043475274,0.33972,0.76037294,0.63302463,2.2413077,0.008212103,0.97605145,0.6184758,0.7895266,0.5463198,0.12598068,0.64507246,0.07006029,0.36975342,1.9979784,1.2707843,0.2589576,0.07035732,0.33016345,0.025828624,0.16706105,0.22836114,0.2817775,0.0,2.159144,0.41699535,0.27622122,0.026395181,0.6499899,0.6296391,0.34429517,0.21618004,0.4442145,0.42156866,1.523069,0.0019432078,0.8361586,0.09186434,0.6562002,0.28559932,0.03552101,0.85404545,1.1713709,0.6382939,0.0,0.60609865,0.82537234,1.3887014,0.4171978,0.015165576,0.412269,0.31799984,0.4414344,1.1246864,0.45168355,0.19317609,0.89916974,0.69049513,1.9090666,0.0037230272,1.8351066,0.6959814,0.97466063,0.7941259,0.01593279,0.4053559,0.9195108,0.008501985,0.44196257,0.0,1.2691666,1.1505796,0.23968528,1.4880521,0.051832743,0.13516432,0.14806741,0.7081805,0.46118218,3.5592558,0.12021167,0.0,1.7890998,1.2942718,1.0032991,3.1030624,0.38920245,0.1300299,0.03820375,0.30181545,0.14091538,0.014697718,0.37897506,0.81039566,0.7329719,1.0911341,1.1865834,0.34632245,0.25648385,0.16011588,0.504235,0.57309985,0.29938355,0.4790863,0.61207616,0.37799942,0.46823353,1.6597656,0.32396024,1.2627481,0.27763736,0.12599511,0.09705562,1.4810152,0.113749005,0.9357921,0.4616106,0.20576352,0.9693214,1.6563904,0.29146075,0.3383071,0.78446746,0.028305821,1.080079,0.17901172,0.34800786,1.9090899,0.80834335,0.00038036765,0.048511494,0.10448441,0.48907766,0.39740312,0.5803038,0.857647,0.09389141,0.058130287,0.44635975,0.04824393,1.828644,0.93798065,1.4583799,0.054090478,0.86603314,0.37821305,0.4530955,0.14579442,0.23637934,0.33445534,0.018467242,0.15854637,1.9779614,0.28723022,0.3971124,0.40260407,0.54506844,0.29859748,0.56006503,0.9857137,1.3418387,0.54109645,1.4160385,1.2909596,0.64336467,1.0943362,0.33248645,0.24220276,0.6888443,0.019326773,0.052301224,1.7441986,1.5090419,1.4273636,1.5288726,0.6294742,0.18920644,0.21551065,0.10072126,1.1751081,0.11288377,1.7260996,0.42594457,0.25154045,0.05625081,1.6823847,0.19246826,0.8641294,0.6594161,0.26925135,0.6084144,0.037211504,0.75905585,0.68066657,0.39047575,1.5606269,0.46130988,0.006189385,0.0690155,0.26965553,0.7353867,0.008339162,0.5454731,0.15031384,0.09924266,0.1925972,0.31797642,1.5792543,2.6063871,4.4519925,0.20107393,0.8021614,0.08584197,0.36077335,0.2976834,1.0181851,0.10518721,1.1544008,2.2796621,0.3769137,0.066298045,0.6501586,0.016862886,0.17949714,0.16030025,0.1396648,0.74007446,2.0519257,1.4981289,0.73742944,0.009853225,0.3220143,0.4444357,1.0046028,0.44816926,0.15370266,0.23236269,0.4938889,0.1958935,0.7662028,0.41127333,1.1241288,0.42764568,0.6049754,0.12469801,0.7386529,0.037491836,0.11151886,0.14073588,0.3054643,0.13852946,0.053187814,1.9422274,0.093889624,0.6000038,0.44985178,0.76025623,0.13162403,4.3022013,0.6324346,1.1088527,0.77912915,0.47466838,1.5889344,0.15283401,0.0356072,0.19569294,0.63966155,0.19255249,0.72389835,0.8936064,0.33615828,1.3311459,0.12590738,1.6302837,0.17038262,1.4144912,1.3599733,0.42156363,0.3227107,0.36504635,0.45813337,1.0076737,0.2877482,0.62272805,0.5656894,0.0,1.2205796,0.5576422,0.48978627,0.22621438,0.8521208,0.22657269,0.16446899,0.5728228,1.3189276,1.9518566,0.09630119,1.1259104,0.41131502,0.14605099,2.176983,0.8914899,0.9967646,0.30958563,0.38491738,0.12124326,0.60829884,0.15228723,0.8473664,0.33399767,0.04354217,0.7315388,0.4633995,0.08167985,0.18194899,0.39366105,0.49562326,0.5407411,1.2420582,0.15582556,0.53784704,0.156895,0.1067717,0.83911216,2.4422777,0.03283293,0.6736464,0.32183507,0.7474225,0.1829616,1.0726086,0.6593655,0.08819829,0.063679636,0.10078451,0.16064711,0.94965446,0.27292892,0.6219845,0.16795215,0.85312283,0.7323311,2.940756,0.5383808,0.15665355,0.0,0.10863034,2.315866,0.25109068,0.44948235,0.020912075,0.84715754,0.0,0.07284525,2.122964,0.10196886,0.83494675,0.41362792,2.1778514,1.3885732,0.26127425,1.4973241,0.100045696,0.19013593,0.44624627,0.2707867,1.6026028,0.3340031,0.01195297,0.5554353,0.045227148,2.952757,0.0950195,0.0933787,1.3820109,0.17727923,0.9356463,1.0319033,2.4564629,0.7259965,0.22704387,2.2667992,2.2251737,0.27764744,1.0903323,0.08044121,1.035593,0.5466919,0.82047814,0.65085244,0.33029574,1.0926716,2.323463,3.411197,1.0210302,1.5445837,0.22516142,0.26800436,0.46122226,0.013980473,0.014159478,0.04973504,0.38923728,0.01354313,0.50859225,0.8433047,0.0054899063,0.74358416,0.66098225,0.14425212,2.1234083,0.6342604,2.1025836,0.9354953,0.6430094,0.4404493,0.28200114,1.4136459,1.4631054,0.5046856,0.7763243,0.6285442,0.31545946,0.41464213,0.8098175,0.51308286,0.6670545,0.5993965,0.44125754,1.0660563,0.15428205,0.007327375,1.2378286,0.0834132,0.049508467,1.3616892,1.1762707,0.22296354,1.7740552,0.29786637,0.34035015,0.7532092,0.32588205,0.15781118,1.6547639,0.43935052,0.37910837,0.06819815,0.2621647,1.0687156,0.7012051,0.10511596,0.15998538,0.21154995,0.011907383,0.19576609,0.7762236,0.4337431,0.35730642,3.744725,0.7458468,0.74998385,0.24949458,1.0432012,0.6309894,0.29016247,0.16331965,0.13339065,0.04082518,0.20653452,all_pothole_images\pothole_images_image_19.jpg
0.62914586,2.39529,0.57997894,2.9909992,1.8801678,0.19759092,0.48123515,0.16608544,0.18482043,0.51869446,1.2107021,0.29861957,0.0540463,2.1859674,0.51617,0.6692979,0.8186823,0.44204235,1.5507904,0.7194572,1.0885055,0.26565024,1.1044443,1.1020612,1.0950142,0.07347657,1.4348507,1.5742819,0.7198174,0.37181067,1.1891536,0.053891648,1.5669686,0.9163007,1.6532546,1.220558,0.3336187,0.7297514,0.052335642,2.0712993,0.16694711,0.3836802,1.2299327,0.7721939,0.13800508,0.7688066,0.3592851,0.32039982,0.050052952,0.040232323,0.3791419,1.1422001,0.88686556,0.5069555,0.35204506,0.5008649,0.8929468,0.0126561485,1.5458705,0.07957146,0.66423655,0.63737345,0.15930799,0.7406001,1.9081637,0.705604,0.66445595,0.21938185,1.4993798,0.68284106,1.6737998,0.027534246,1.7479192,0.42987943,0.12698041,1.2185916,0.29617316,1.3365793,0.040175293,0.15926607,0.04281659,0.915876,0.1108882,0.20581809,1.4704378,0.6808726,0.66144794,0.17469499,2.7040682,0.4081641,0.2958061,0.58963585,0.5956962,0.768967,0.31473228,0.6556694,2.952112,1.5796596,0.70230925,1.0193232,0.0017180833,2.4335978,1.059195,1.2809303,0.5293752,0.16902164,1.1340429,1.2771132,0.46016192,0.24618411,0.518851,0.74988616,1.0412837,0.37785152,0.8863884,0.06918466,1.0602982,0.20837207,0.16454385,1.4498518,0.23396234,0.12213057,0.2621138,1.9842098,0.93726933,0.65642077,0.6108771,0.6088968,0.74142593,0.7582838,0.8697314,0.0650968,0.5071258,0.70094794,0.40735057,2.519416,0.3257352,1.6710479,0.38873324,0.027589902,0.30306965,0.7975343,0.45181158,1.4983561,1.5249758,1.8450595,0.5780659,1.0399593,0.075459495,1.0487436,1.859464,0.45164356,0.26292166,0.6155831,1.3805367,0.55645096,1.3575172,0.0,1.2887443,1.7355846,1.6431748,3.7928565,0.31339544,2.1415565,0.67494965,0.17820275,1.313269,0.3229422,0.47342828,1.8043262,2.572142,0.0351903,1.4140142,0.4571377,1.1019325,0.55105376,1.3361206,0.15476677,0.59533036,0.008909447,1.2592971,0.76312053,0.23266406,3.395651,1.9864244,0.9406732,0.33704376,0.03342429,1.2307062,0.6624619,0.39371872,0.78540105,0.407236,1.6571697,1.0822656,0.8258654,0.8674558,0.06443043,0.437446,2.0647793,1.058505,1.6919394,0.23139025,0.4085718,0.16472663,0.41123384,0.96815133,0.26606265,0.9931914,0.096289866,0.0052138395,0.31266662,1.5677543,1.1962306,2.1347585,1.0289779,1.9819134,0.05946587,2.0192976,0.32199132,0.7951027,0.30455422,0.10518033,0.19832352,0.018771907,1.4169805,0.33890006,2.8621109,0.5797471,1.4151509,0.2375495,0.5220157,1.085925,1.021487,0.3965796,0.819687,1.2469428,0.3252324,1.2212967,0.16765468,0.8582878,0.1165074,0.49808657,0.3113466,0.8153745,0.0,0.35775158,0.122630835,1.0103761,2.301446,0.42674077,0.1341128,0.032743882,0.6786653,0.023121675,0.21849708,0.5399557,0.37484008,0.32984388,3.474653,0.47614652,0.3266402,1.7898874,0.048027817,0.5535695,0.33458975,2.2221496,0.63463074,1.1210626,0.1265932,0.5115334,0.39422926,0.4579814,1.2289338,0.037597742,1.2096246,3.3935292,0.60715556,0.5032358,1.9542747,0.01466674,0.3672276,0.7498752,0.86142665,1.7932584,1.0160687,0.10525603,0.31854934,0.27247775,0.0,0.600651,0.69624263,0.29787827,0.48117325,0.6410481,0.40549994,0.6265204,0.004421512,0.5648103,2.4953356,0.6261117,0.3933758,0.013277941,0.5685478,0.29995105,0.55166405,0.032433946,0.7429839,0.6299297,1.0466843,1.0859201,0.529869,2.4119864,1.6464647,0.19846994,0.7912514,0.31170428,1.1318307,0.7059192,0.49504408,1.4689975,0.2834653,0.9034587,0.20202059,1.8398428,1.236001,0.09606848,0.8653234,1.1123471,0.5180728,1.2111155,0.5871973,0.8230722,0.43025875,0.18948086,0.5718503,1.8323792,0.89930147,0.75344056,0.31158552,1.6991471,0.6059579,0.72703624,1.3840415,0.8265362,0.21636191,0.19130045,0.6939613,0.39400887,0.3995,0.35569102,1.3716737,0.476935,0.02767373,0.20189337,0.5616098,1.2062306,0.81519455,1.3066146,0.840588,1.5168933,0.09475435,1.0893229,1.503909,0.08467125,0.21641509,0.49982643,0.67173815,0.13245915,1.2409369,1.6528516,0.9477693,0.16851714,1.1371882,0.20121582,0.114313826,0.43378645,0.9436514,0.3488303,1.4671088,1.6047344,0.22560392,2.28155,1.0434358,1.1329468,3.3362978,1.6034685,0.978595,0.7427298,2.9654696,2.1847792,1.0064275,0.022197684,0.08436395,0.46002254,0.12861833,2.4050057,0.27655804,0.43479702,0.0147669725,0.06249609,0.90302444,0.08963877,0.6771366,0.4553981,0.016504038,0.8118238,0.7153165,0.73809123,0.009851994,1.6337967,0.4536609,1.1070848,0.50351655,0.0061544282,1.3055198,3.256805,0.3425479,1.158637,0.07271681,0.8783274,1.2337763,3.9453974,1.5587353,2.3142061,0.115190804,3.0487552,0.81000394,2.9479809,0.53856903,0.047619347,0.25262412,1.0169293,1.8590013,0.83382744,4.4906063,0.751428,0.34182152,0.31958112,0.23926342,0.88354164,1.0417204,0.30562782,0.5700849,0.0,0.012891552,3.101773,0.46437606,1.861849,2.429766,2.6322358,0.25101656,0.45676294,0.28130904,0.6048811,0.7728874,0.7846087,0.6179626,0.07853143,0.3936056,1.5244014,0.653447,0.42260596,0.091552906,1.2711372,1.6645762,0.016128952,0.040407673,1.5858892,1.3601089,0.89001393,0.0073714238,0.10793575,0.66342354,0.58099675,0.50166535,1.0070057,0.41067892,0.57186913,2.1142216,2.6321318,1.7203176,0.115850426,0.5764473,0.04093089,0.1322831,0.5988831,0.72329617,0.62219924,0.6702426,0.6797463,2.1781843,1.0216128,0.20625535,0.6191373,0.17802303,0.074800745,0.07655773,0.4531437,0.018216839,0.91799146,3.474764,0.26466736,1.637379,1.4009575,0.9313124,1.9411888,0.8709982,0.06306034,1.9828179,0.93662786,0.7516241,all_pothole_images\pothole_images_image_190.jpg
0.39774004,2.3008537,1.052486,1.9350061,0.43325767,0.3560162,0.43060762,0.04220797,0.8531245,0.7941292,0.1182494,1.3770132,0.011228093,1.8775475,0.47171953,0.6460301,0.6043952,0.6415337,2.569668,0.16499749,1.3896586,2.3355503,0.5127478,0.94141495,0.30929387,1.1582946,0.7777831,3.4212556,0.15633583,0.3254855,0.40339115,0.035968065,0.8106062,0.29145688,0.295358,1.8446555,0.937007,2.087564,0.4917228,0.87702537,0.2678851,0.28815362,0.5460289,2.042835,0.80776525,0.8979643,0.2565696,0.42568976,0.39613068,0.7361178,1.7864823,0.38853815,0.37209398,0.71983594,0.33842483,1.2456161,1.4678578,0.20323512,1.2025206,0.250899,1.1117469,1.2148604,1.3559159,0.3546331,0.88711697,1.0877451,0.8596118,0.016626688,0.71152467,0.6715323,0.13516948,0.61934614,0.28306425,0.14318267,0.99005014,0.6025342,1.0135632,1.7694032,0.10753457,0.15512319,0.89567316,0.10763079,0.083370574,2.185626,1.1766129,0.039632533,0.26823682,0.09052932,4.205136,0.34815955,0.20473728,0.20282134,0.25750577,0.4536318,0.2489304,0.027874185,1.1015794,1.6775335,1.4230282,0.8602994,0.2079284,3.4851644,1.138482,0.5350961,0.46212542,0.16113949,0.80026436,0.09938055,0.084741496,0.89777637,0.51753277,2.2613177,0.70527166,0.12411631,1.0341833,0.5865795,2.3860197,0.3860521,2.1906915,0.941315,0.5144563,0.2821717,0.33794427,1.1512324,0.38070977,0.51715124,1.1828084,0.673306,0.6620888,0.22147816,0.2718108,0.111708485,0.25192824,0.14066374,0.033218205,0.16233611,0.3874799,0.62118065,0.544879,0.34778562,0.8657736,0.1138423,0.23996983,0.52625006,0.41972366,0.637953,0.7966043,0.1282136,0.7508014,1.3187556,1.7899755,1.1498334,0.0,0.15405405,1.0388552,0.37657028,1.047346,0.30603796,0.9018475,1.0293367,1.0493734,1.9839505,0.18131764,1.8245718,0.27481094,0.6801873,2.9113805,0.5557112,1.23058,0.68075484,0.18862441,0.17055316,0.21167184,0.5370423,1.1520113,0.18939658,0.14395103,0.19196151,0.25535506,0.26861292,0.07950388,2.9628825,0.98921543,1.5484662,0.75878346,0.73505074,0.114805885,2.4681277,0.049057625,0.76439524,0.55329114,0.773865,0.046134025,1.4893734,0.030183868,0.1377739,1.0844213,0.12968451,1.5918669,0.71131134,0.15598612,0.60377103,0.56472945,0.40152842,0.63946503,0.2103274,0.61956924,1.5889914,0.318418,0.017139656,0.122345075,0.1611607,1.7184902,0.82139975,1.4664342,0.89815724,1.1770861,0.064330906,0.754939,0.37007412,0.8951931,0.0035678786,0.4086703,0.54550904,0.18065938,1.7678192,0.32632926,0.7083909,0.9408229,0.9205191,0.53622764,0.48962638,0.28716266,0.12730484,0.32726213,0.14537804,2.168155,0.37301654,0.00025075357,0.45869064,0.22434969,0.045745675,0.14257763,0.12675011,0.7404346,0.095498666,0.854887,0.19439538,0.61853254,3.1345315,2.6465204,0.080642045,0.6502102,0.4704529,0.17163813,0.7840277,2.0416923,0.48481974,1.2633576,2.3150902,0.8052874,0.4553003,0.96027815,1.2320758,0.7649038,0.4434097,0.11039034,0.643142,0.79420453,0.22824655,0.086143434,0.20064907,0.21490145,0.16615883,0.7436883,0.5996748,0.3043411,0.37265486,1.4083014,0.7334956,0.29105192,0.42554498,0.071956694,1.7113545,1.3342744,0.90700585,1.2093719,0.5663199,1.7157493,0.2889322,0.2681845,0.90564495,0.09896542,0.9648837,0.25181115,0.17136213,0.94781804,0.7052358,1.2471282,1.1560563,0.18880533,0.85000694,0.9870397,1.848379,3.6201034,0.57076627,0.21793404,0.7371384,0.7920757,1.9685432,1.785404,1.6928197,3.3119726,1.2098165,0.7157254,1.6162766,0.6237712,1.2760859,2.7622075,0.18579267,0.032118496,0.31795773,0.3726199,0.051375218,1.2527804,1.7877555,0.33042735,0.002801821,0.768089,0.97407997,1.0245874,0.562865,0.041644532,0.11547688,0.31626764,0.37368977,1.629026,0.99989784,0.033321902,0.6093098,1.1706251,0.5518668,1.4217173,0.474263,1.0748451,0.55905986,0.37103614,0.1413701,0.9514567,1.292892,1.4533707,0.36031953,1.3877487,0.09877066,0.0840389,0.42748073,0.9446724,0.49529025,0.25708264,0.25899547,0.15961632,0.46050847,0.58749896,1.4495388,0.73387176,0.5503744,1.2694014,0.8666634,0.31274644,0.26144165,0.34589824,0.109079495,0.9079444,0.8171222,0.2651674,1.0627496,0.24308263,0.28384992,0.10115383,0.5820354,1.0787617,0.3730034,1.8785658,1.2881017,2.3834023,0.5650692,2.906177,0.25345433,0.96986175,2.5355885,2.9129367,0.03614997,0.06884854,0.7116626,0.15817071,0.21576817,1.2785199,0.05003985,0.47218937,0.32349864,0.5306048,0.3841903,0.028013885,0.5399719,0.7737183,0.0030297844,0.7682854,0.7629204,0.6755292,0.07353595,0.66890013,0.21725374,0.2578198,0.7838014,0.08292984,0.3901228,0.6380721,0.82738245,0.07695266,0.24263223,3.7422833,0.49573523,0.9687981,1.8168992,2.22259,0.24864313,0.1723094,1.1053618,0.43757546,0.3950815,0.10226156,0.06575102,0.18029061,0.7805683,0.94255096,2.3381333,0.5465048,0.61633986,0.21626377,0.5871488,1.5533571,0.26501253,0.29458332,0.20578082,0.29204106,0.13432851,3.1178563,0.68981475,1.2105765,0.44333676,1.0235829,0.4440995,1.0437199,0.7581711,1.5165931,1.1439012,1.9015784,0.62159437,0.3595911,0.39917833,0.29463965,0.12953202,0.75471556,0.23582014,0.5474956,1.8801969,0.31426245,0.27618,0.9995748,0.7592707,1.4031023,1.0980176,0.41755512,0.35278806,0.9254422,0.36303446,0.7463136,0.16108344,0.8491627,0.3482605,0.7360515,2.6603792,0.077093266,0.033936977,0.4239359,0.24857447,1.4891027,0.08193572,0.791287,0.55722857,0.31756747,1.3368933,0.24868101,1.5186723,0.023099061,0.2421024,0.18055452,0.74007523,0.13082872,0.17790282,1.2784287,3.6958704,0.31627998,1.0626856,0.96278864,1.2518555,0.32365647,0.07050581,0.5440635,0.4986827,0.083325095,0.58518195,all_pothole_images\pothole_images_image_191.jpg
3.2414129,0.6693551,0.0039155134,1.9242691,0.9578431,0.3239319,0.0,0.4328704,0.05275988,1.383808,0.02709319,0.79482,0.0,1.6732576,0.7452772,0.7362003,0.2709743,0.05534538,0.075954214,0.2737894,1.9072409,0.77772325,0.17066321,0.6312193,2.0512652,0.9729572,0.0,3.2748876,0.40161124,0.24684972,0.44548762,0.57536733,0.2595487,0.976867,0.07903016,0.22507752,0.000695707,0.682163,0.90827143,0.7574201,0.0768637,0.15493077,0.18542121,1.4990916,0.7612442,1.1634966,0.044558484,0.021974381,1.3763708,1.3495936,0.6654996,0.0,0.22140798,0.016480802,0.0025140767,2.2701287,2.7884989,0.42248994,0.0,0.0812012,0.117954016,0.09796711,0.51578784,0.6318308,0.29241604,0.79018795,0.70132554,0.0074830353,0.21524861,0.12507178,1.463441,0.21034174,0.85895306,1.8174089,0.10613761,0.57246065,0.004230259,0.6816589,0.035126604,0.22988024,0.026477698,0.0095854085,0.32557762,1.5088516,0.078081965,0.013792709,0.59360176,0.51954573,2.9780579,0.05661312,0.6537423,0.09244595,0.38285026,1.2686613,0.16803293,0.15870884,0.4973466,0.1591468,0.42491734,1.3907067,0.018770587,2.7415783,0.4605346,0.004723829,0.48674718,0.0010047972,0.32941607,1.2243431,0.042481605,0.5758086,0.033841416,0.27096143,1.093618,1.774129,1.2438004,1.2783257,0.21389437,0.19018243,2.1374757,1.4485705,3.5725038,0.5815481,0.0,0.5100613,1.2659307,1.3919729,2.132753,0.7316845,0.36095762,0.04678561,0.12399756,0.0,0.08917792,0.15366785,0.63309884,0.48218378,0.77862537,1.040494,0.52705336,0.0,0.05096268,0.17792422,0.7522454,0.0020371878,0.12124389,1.6405905,0.0064784386,0.8499243,0.019553814,0.0555123,0.3513542,1.4416262,0.057588298,0.17466809,1.9480792,2.6411524,2.2780685,0.14898156,2.0467126,0.5144207,1.3302182,1.4070938,0.73659766,0.28969577,0.23193935,2.4738975,0.26882824,0.15880175,4.993886,0.7800377,0.0,0.06777273,0.0012027108,0.11196106,0.5662108,0.59975535,0.6887939,0.16896178,0.6417226,0.0,0.019248588,1.1344011,1.3261114,1.6099316,1.013915,0.047900014,0.0,0.26455042,0.8190706,0.55277276,0.014957863,0.15002982,0.8742801,2.2022324,0.75301546,0.28462443,0.51543015,0.033585537,1.0242286,0.5194949,1.7505316,0.7428839,0.8406409,1.2858741,0.18902397,0.1197191,1.3910924,0.13461399,1.0308391,0.30983484,0.08882075,0.012344557,0.5853966,1.5784211,1.4337922,2.6842763,0.15485515,0.0038639596,0.6870657,0.04097422,1.4224722,0.017972669,0.6155518,0.0914917,0.0,0.34431893,2.0194335,1.8321619,0.6894536,0.81961447,0.0035877253,0.047910247,0.9389949,1.0078686,0.11497727,0.0,2.9478464,0.0,0.19067313,1.2307996,0.18798402,0.00081987923,0.10179298,0.0179482,1.0613953,0.0,0.7791157,0.000117131145,0.39401218,5.922481,1.1505499,0.7453434,0.04059912,0.28182665,0.0015426304,0.06724006,0.5863594,0.6446017,0.63106567,5.1645093,0.0,0.12156767,0.9742096,0.07150882,0.21614222,0.19541292,1.134441,0.011641809,0.89353055,0.121477045,0.39587885,0.0,1.73491,0.0,0.6279205,0.5843474,0.26042765,0.57510537,1.1453371,1.0709363,0.8399445,0.32575867,1.2386216,0.8888643,0.096308045,0.18359213,1.0460678,0.18882467,0.41281027,0.10440487,0.20233078,0.06999815,0.16198368,1.3941122,0.07205483,0.9901391,0.16673158,0.59519285,0.28089318,2.0181303,0.068916395,0.3098896,0.042194895,0.6491618,4.452656,0.699414,0.04951017,0.0015788337,0.03765145,0.8573484,0.6049712,1.1665097,1.0570552,1.264019,0.954814,0.110311955,0.0,2.5077913,3.1230443,0.4580421,0.11917243,0.0,1.1476068,0.1727196,0.18475203,0.23433205,0.1864217,0.15281507,0.24679245,0.061042514,0.6687076,0.094275065,0.01020799,0.0,0.003831812,0.3250216,2.3155959,0.04169158,0.28516242,1.7968086,0.7549485,0.039861552,5.0353084,0.2565294,0.52747166,0.003637955,0.2886853,0.25501084,0.06380143,0.155644,0.46347943,0.87360895,0.109908216,0.32210314,0.0549278,0.10737404,0.10054413,1.7290039,0.9521276,2.193763,0.123136826,0.06302776,0.8265333,1.0221626,0.0,0.30010465,1.6448255,0.0048455107,0.06975997,0.039548747,0.89424366,0.07794145,0.05694477,0.0024612157,0.007844676,0.16112176,0.0,0.27530843,0.31352088,0.118714556,0.5133284,0.011723585,0.39463937,0.047223877,3.933731,3.2737176,1.9311974,0.026563823,0.12836151,1.4011296,0.08711133,0.3878197,0.22090857,0.026990226,0.010784042,0.20329218,1.7936504,0.4277719,0.5017613,1.2309223,0.53930557,1.7899219,1.2070119,0.23049988,0.07341814,1.3875881,0.13493264,0.6230626,0.60750437,0.52917373,0.4332436,0.04791621,0.0,0.70170826,0.0,0.7154874,1.0612963,0.56939024,1.5304526,0.15824462,2.6004727,0.17719291,0.52837306,0.77500486,3.4776542,0.044671398,0.77233976,0.042816743,0.671756,1.2839706,0.36999497,0.32931852,1.223143,0.92183733,0.71358657,1.787091,0.23537995,1.2961551,0.0,0.726822,3.9515953,0.06389744,0.25244138,0.098143645,0.5300589,0.007676369,0.62567365,1.273349,0.13382986,0.02809388,1.2811233,0.97929245,0.48858213,0.48682684,0.3825196,0.38025576,0.7036563,0.13495463,0.35729975,1.9124432,3.0302641,0.1320118,1.6162641,0.19934458,2.3185332,0.038067963,0.51417655,0.0,0.5978869,0.7408145,0.037667282,0.05573077,0.06647176,0.42393726,2.7182343,0.3131105,0.8691448,1.2667058,0.10421446,0.16914456,0.46933308,2.8869298,0.40714428,0.5606748,0.1006321,0.034376305,0.06369359,0.4174933,0.12135444,0.006479463,0.44650346,0.49737695,0.04087801,0.26944852,0.22019471,0.2568522,0.13232206,0.31741795,1.192095,0.015517229,0.03910689,7.0009866,0.17522979,0.72709507,0.07269223,1.5590476,0.36166516,0.041201193,0.04301403,2.6807466,0.497382,0.30682224,all_pothole_images\pothole_images_image_192.jpg
0.06136167,0.5146071,0.005636788,1.7929838,0.25090322,0.20124029,0.472764,0.926052,1.3947308,0.024120703,0.095515296,0.39098746,0.13675676,2.0666497,0.16604932,0.124379486,0.19498096,0.15380818,0.12357913,0.004287875,0.6879275,0.4368546,0.5623993,0.046947196,0.92175764,0.17702143,0.0020284662,0.33610955,0.445929,0.127803,0.0,0.0,0.34787774,0.16627572,0.018007834,0.30561674,0.46872503,1.2433125,0.2702883,0.56207085,0.0052968445,0.091124035,0.34685752,1.6882763,0.20870936,0.315025,0.10423483,0.5658962,0.09014051,0.65300447,0.758386,0.27687383,0.090439685,0.06497097,0.3028581,1.8167984,1.0528793,0.20087458,0.374291,0.24772301,0.03908643,0.22922938,0.055167854,0.22987024,0.33264408,0.27359965,1.416002,0.054140322,0.45033202,0.05439928,0.1550704,0.05194041,0.06302525,0.026769925,0.6602981,0.008773241,0.35382274,0.41165486,0.026580587,0.23831788,0.48229566,0.25253645,0.13641325,2.1924696,0.25000334,0.0,0.21843524,0.04525144,0.4185313,0.004201693,0.09510499,0.019582955,0.0,0.019268772,0.42128798,0.16934219,0.23191142,1.6687263,0.4532106,0.7953241,0.14008933,0.98232114,0.12372136,1.118509,0.35295287,0.3326512,0.23459564,0.5423976,0.07329737,0.59860724,0.08891568,0.21477987,0.023623902,0.07650454,0.3066043,0.16537343,0.49848318,0.0076739737,2.253163,1.822449,0.5152888,0.018388651,0.08917479,2.3744252,0.44951987,0.685903,0.0,0.34456837,0.63584363,0.067645475,0.44106546,0.399373,0.010874491,0.35573834,0.1371837,0.19842681,0.5336553,1.1395113,0.3076713,0.45852053,0.077480905,0.26560408,0.36224294,0.02869939,0.0,0.022458676,0.1374196,1.0434117,0.057413902,0.047153782,0.3889945,0.2994086,0.074953936,0.24246076,0.24156076,0.6328771,0.5888902,0.11826029,0.5234027,0.3085381,0.42527533,0.98587656,0.13377884,0.26286116,0.3782494,1.9864157e-05,0.23008274,0.14243108,0.34447896,1.3358243,0.07345795,0.1817653,0.006972959,0.22966214,0.35493308,0.17006274,0.6156901,0.15096919,0.0,0.18629704,0.025631102,2.6792512,1.1929493,1.0969557,0.19754943,0.9814255,0.22851218,0.15188408,0.03235479,0.6304549,0.10324892,0.055987436,0.23384759,0.6228206,0.2813222,0.0,1.4911851,0.13244186,0.29719013,0.2994813,0.12144737,0.61510515,0.07519118,0.7891872,0.64091694,0.29231367,0.8958893,0.25166345,0.66756237,0.09453335,0.03243944,0.12664701,0.32155874,0.74349135,2.4495375,0.46583903,0.038853828,0.0117926765,0.71736044,0.0,0.071351334,0.2471914,0.023084205,0.7533646,0.020335658,0.14466502,0.9538092,0.14711164,1.9239293,0.38865063,0.017762367,0.08095911,0.2083542,0.10057149,0.4349723,0.095979005,2.0601633,0.1559963,0.18448581,0.34447905,0.4249825,0.18445805,0.16688004,0.738164,0.32312018,0.384681,0.32451224,0.40170506,0.55588335,4.726313,2.4025538,0.07277454,0.10521858,0.5772616,0.04298323,0.2610503,1.0739244,0.08038893,0.3949995,1.4938182,0.026542492,0.16073912,0.60103655,0.24361683,0.26831147,0.21805815,0.49596432,0.047123495,1.6980785,0.43361694,0.068247184,5.445825e-05,0.14435615,0.05093773,0.31685403,1.081959,0.121948004,0.28761357,0.60229015,0.08482569,1.6128266,0.33165646,0.16954978,0.3869395,0.29057974,0.4529105,0.675445,0.28063062,0.091774054,0.030319309,0.18094656,0.050998688,0.33990142,0.4157423,0.17628288,0.22573008,0.0,0.14612131,0.0026507815,2.2980788,0.41085216,1.115128,0.045562893,0.42706242,4.683262,0.007615386,0.12606224,0.109288625,0.06056316,0.19019656,0.35420853,0.17694975,1.8427114,1.912992,0.82128674,1.5875281,0.095228136,1.6596749,2.3810818,0.050534375,0.79122454,0.12878059,0.33147556,0.10322155,0.062225904,0.15386166,1.141197,0.069411926,0.0,0.589463,1.2281344,0.38563785,0.096957974,0.04073408,0.01393081,0.423766,2.582434,1.2958208,0.25584364,0.8473442,0.08737778,0.060453422,0.95129216,0.7934972,1.5825312,0.05633019,0.0,0.19180399,0.20130542,0.9564489,0.4573563,0.6898425,0.31758994,0.2728796,0.31287292,0.5509276,0.21796456,0.84964097,0.047163017,0.46333477,0.41276136,0.23859793,0.6852085,0.0,8.7630724e-05,0.106731355,0.70268685,0.1655118,0.039213695,0.24075936,0.6763154,0.07503555,0.38882688,0.010692514,0.15254828,0.03910326,0.3585334,0.1925454,0.4913534,0.35504445,0.11011559,0.13836652,0.69999623,0.51747304,1.0536866,0.018995041,0.34046507,0.095951766,0.08278701,0.16101144,0.6372957,0.0,0.08987365,0.30969453,0.001813318,0.0641234,0.887895,0.03190199,0.10305163,0.07763001,0.21862294,0.081011355,0.5710251,0.14105955,0.60891575,0.019928318,0.8004497,0.17018528,0.85026485,0.16029067,1.1149309,0.57628465,0.08691098,0.18017052,0.39688212,0.56802046,0.032854866,0.5876949,0.24629433,0.07895139,0.7468259,0.3025009,0.34924206,2.9882896,0.5208298,0.4772547,0.31919318,0.0,0.2769794,0.2018134,0.74092364,0.06639265,0.036505453,0.00757363,0.1634689,1.5603803,1.2884938,0.022567837,0.36318251,0.7088593,0.0,0.0932037,0.031646147,0.12305727,0.09933159,0.0012394375,0.70906633,0.6781029,0.02273231,0.21748142,3.5014398,0.18375184,0.24380393,0.27320898,0.12874927,0.34362373,0.143024,0.005720288,0.08473007,2.4267979,0.7820911,0.10896266,0.147068,0.08250176,0.81249386,0.36543673,0.6361119,0.09023884,0.16072181,0.54682183,0.9304553,0.032175656,0.5355776,0.15964797,0.3580401,0.29032126,0.13456392,1.290557,0.029719755,0.9290061,0.5358982,0.70932037,0.66677123,0.0,0.04140323,0.11410643,0.7477608,0.0119228875,0.7653886,0.3819585,1.0225929,1.695151,0.012324279,0.0,0.14221057,0.00472613,0.0,0.12698385,0.073225945,0.04488793,0.4732149,4.920195,0.52251196,0.40561682,0.45467976,0.6651054,0.93101275,0.032279965,0.510997,0.2594391,0.18717693,0.19922863,all_pothole_images\pothole_images_image_193.jpg
0.28364614,0.6843377,0.12869613,2.038989,0.21672338,0.021904817,0.7821107,0.6445444,0.8273126,0.15617192,0.3388465,0.4518129,0.0972615,1.2386618,0.6016985,0.29429978,0.26691368,0.84528464,1.3901181,0.032051153,1.2039298,0.4730886,0.11716431,0.3149528,0.8686132,0.7657911,1.1593686,1.602503,0.0,0.05329603,0.036578424,0.06610092,0.7579442,0.18323936,0.11588393,1.6001465,0.58258265,0.0714532,0.3572467,1.0626026,0.24116594,0.8333812,0.0,0.14449248,0.6365328,1.2151419,0.40505296,0.19101855,0.5750554,1.8437413,0.13828044,0.15693738,0.50169164,0.093573704,0.0053120297,2.5879586,1.0996308,0.6459749,0.85288674,0.074877515,0.280015,0.02935948,0.13384691,1.8629924,1.3628473,1.7336382,0.15183853,0.085438885,0.016173515,1.2171998,0.039458804,0.86641973,0.2533653,0.38935867,0.35824025,0.44549635,0.040749867,0.22630364,0.0,0.19246107,0.2151505,0.11217385,1.2773153,1.7118443,0.03456347,0.024013823,0.04142025,0.11472335,1.5254964,0.13277307,0.24108113,0.7903183,0.660185,0.19471532,0.008482704,0.0,0.5498331,0.5280045,0.123409666,0.0075302483,0.083656564,3.8719075,1.0330073,0.008867068,0.90454507,0.012424514,0.5394021,0.9461653,0.20143464,0.29172945,0.17507476,1.190666,0.9355484,0.10877609,0.47784927,1.1805131,0.7143668,0.4993082,1.9796989,0.08433295,0.7265773,0.0,0.017845908,0.92927605,0.38947338,0.5592573,0.3846385,0.3216506,0.9719412,0.012923153,0.009980097,0.025472086,0.0328315,0.29258442,0.39725536,0.9136407,0.017128192,0.29532486,0.30424488,0.0,0.64897907,0.021938257,0.21996328,0.03547383,0.6203204,1.0502489,0.013130995,0.12614855,0.87682015,0.0,0.32541203,0.16518193,0.0,0.0031842443,1.5340642,0.7617505,0.79105264,0.29640082,0.4995911,1.0485575,1.1681423,1.9398022,0.52353317,0.56623137,0.32632646,0.28225484,2.3220015,0.21939011,1.3603437,2.1306968,0.5627871,0.021812724,0.0331703,0.03000327,0.3793666,0.18083328,0.15182465,0.06539947,0.14548473,0.1492093,0.013156569,1.789093,1.2851402,0.08748783,1.8039302,0.3667881,0.8868724,0.0528015,0.15203823,1.6126434,0.46199882,0.050353505,0.022003539,0.2753601,0.024318751,0.12695989,0.60093176,0.1103282,0.7871862,0.49127057,0.028394183,0.9153431,0.008397527,0.73368084,0.043531895,0.011282528,0.08330425,0.6850623,1.2693883,0.84385765,0.0,0.0,0.7159684,0.34927356,0.70464075,2.0928252,1.1514423,0.30550563,0.043266807,0.8532879,0.8051694,0.6488528,0.4601703,0.20114689,0.04160443,0.5874021,0.8599109,0.02733968,0.95572364,0.9655654,1.0959432,0.58483124,0.6577324,0.3440245,0.40060285,0.0,1.5798113,0.24581581,0.023353547,0.04624735,0.49233603,0.19185346,0.12271837,0.0,0.6919677,0.09407444,0.37210774,0.77492774,1.0005114,6.504175,0.5699268,0.058060616,0.103423655,0.17046534,0.10831849,0.91219264,1.443685,0.5265312,0.32017356,3.2064493,0.0037474784,0.03388123,0.42529565,0.71107745,0.17743956,0.68542796,0.74157035,0.33251852,0.84415746,0.26278374,0.11673592,0.02687026,0.104791716,0.37075084,0.684237,1.3478266,0.0144829415,0.15216388,0.32796204,0.30343527,1.9174426,0.86170334,0.38696715,0.005033112,0.021198316,0.2379213,0.23363954,0.0015816373,0.9193915,0.33299324,0.18600102,0.031504944,0.24694318,1.4900147,0.0,0.25812402,0.0,0.60715115,0.0017880601,2.7940397,0.40824667,0.5082514,0.048956398,0.20421381,4.090569,0.7554649,0.012068991,0.009995476,0.11493338,0.71337306,0.43463865,0.9026502,1.5382951,2.9248264,0.350952,0.80225605,0.4794085,2.2572174,4.6797485,0.1339941,0.0068557863,0.039001033,0.0931724,0.06174284,0.15660033,0.11056113,0.48352346,0.06673343,0.21991974,0.09875871,1.948491,0.2478423,0.08034529,0.17804615,0.023591973,0.22796096,2.4544697,0.080873236,0.07657307,1.255417,0.38403404,0.17514801,1.2158763,1.1396648,0.3483439,0.055858515,0.38092056,0.2231184,0.4137833,0.17911701,0.14514802,0.020259347,0.32465273,0.46477675,0.007949472,0.12360538,0.08543421,1.1891451,0.907782,0.3331611,0.22988245,0.4019537,0.44414926,0.014120295,0.011584649,0.002158347,0.42881006,0.28265435,0.024449509,0.21497567,0.6786116,0.0,0.5693353,0.3245134,0.15195948,1.2116375,0.33824384,0.038773105,0.5775677,1.302551,1.3424339,0.016250422,0.46320647,0.34664384,1.0093917,0.85377485,1.5523219,0.012748522,0.287373,0.3233015,1.2109032,0.093644954,0.0044233142,0.77101505,0.0,0.0,0.514079,0.06965781,0.34202212,0.5876239,0.08338525,1.0571669,0.40232545,0.2047596,0.60700285,0.1827623,0.06642014,0.5599027,0.1590411,0.03367468,0.1569837,0.997668,0.1416553,0.04627889,0.5535955,0.48321795,2.3434956,0.3960072,0.5517513,0.1334961,2.5623407,0.976047,1.7324591,0.88424,3.153778,0.5460538,0.4866341,0.18810225,0.2276333,0.28205055,1.1365173,0.037873216,0.27223012,0.2658549,0.4447361,1.20086,0.6190321,0.28127056,0.10081419,0.17386016,0.8452126,0.895443,0.29868186,0.108930066,0.6592605,0.5286398,0.88904136,0.49636397,0.20066693,0.79200566,1.7569734,0.22274622,0.35206938,0.15090272,1.7180295,1.470489,0.9108389,0.48538315,0.03617935,1.609241,2.2858157,0.17914861,1.3683807,0.4944423,0.5961843,0.066299595,0.036577806,0.08868669,0.10333363,0.2728532,0.74423486,1.8612487,0.21224813,0.1014069,2.3290782,0.0864858,0.048076764,0.18062373,0.32815683,0.20357965,0.17685714,1.0292192,0.9200203,0.41053635,0.26925218,0.098981105,0.49064907,0.28440946,0.30111724,0.37043998,0.64034826,2.7694464,0.5014553,0.16946189,0.0,0.0,0.2643369,0.67084277,0.29006863,0.7684504,0.8467912,2.8826008,0.20948814,0.09843655,0.16523047,1.4925939,0.7351425,0.0039062933,0.2762363,1.5886476,0.470421,0.36441538,all_pothole_images\pothole_images_image_194.jpg
0.9002405,2.71066,0.8798748,1.9679881,1.2351278,0.17568673,0.9324126,1.6087929,1.3095598,0.28422564,0.05300367,0.30127412,0.15095189,0.5242373,0.31725857,0.50171846,0.5266335,0.28327304,0.63179827,0.5572244,0.3695282,1.6302737,0.97331035,0.6530374,1.3659242,1.1690111,0.27644998,3.0380912,0.120282635,0.84544784,0.7040101,0.322568,0.09399563,0.9775873,0.47699514,0.72432226,0.26714572,1.4458175,0.06851177,2.9183536,0.3001253,0.08627251,0.17533946,0.24740264,0.84784836,1.0309714,0.0,0.34771892,0.5639631,0.804211,0.5022044,0.41829324,0.26420626,0.16089031,0.22266932,2.11775,0.8680728,0.49733898,0.90766674,0.013265371,0.31129342,0.01414966,0.22642271,1.0447338,0.12754987,2.0071595,0.5997109,0.39898404,0.3549315,0.25438753,0.30695927,0.5429573,0.2960567,0.09778145,0.8017876,1.4734634,0.32203788,0.72872466,0.0960024,0.12908709,0.48917404,0.79078984,0.090632096,0.3012182,1.0299935,1.0945085,0.36907774,0.2966691,3.8327935,0.32170588,0.4593832,0.27601245,0.08952816,1.515034,0.48522052,0.013463451,1.1766832,0.79994226,0.13132791,2.1903048,0.05240051,2.4659743,0.6593041,0.25346267,0.47016507,0.0053832987,0.8948704,0.49611345,0.13257654,1.5816857,0.14523247,2.1537845,0.22905442,0.53391606,0.7588575,0.8657476,1.1101224,0.73086077,0.66647977,0.9942637,1.3544054,0.78724456,0.33623746,1.8301603,0.2314985,0.84183687,0.11613487,0.9190526,0.1618133,0.40340197,1.0496141,0.5718942,0.17264329,0.17997424,0.6650998,1.7344011,0.8125182,0.46171585,1.3290162,0.43781108,0.18079105,0.31120506,0.3195018,1.0227431,0.6726134,1.2902128,0.18832138,0.8093112,0.06915351,1.1150053,0.3803705,0.16460313,0.3778736,0.10346674,1.5232152,0.9581677,1.2810009,0.47514713,0.5250139,1.3720548,1.0252708,0.57126427,0.4138138,0.328734,0.09689053,0.43284622,0.3630899,0.4074749,3.253778,1.2503415,0.56189793,0.15656452,0.05194146,0.067393966,1.6228648,0.14866889,1.1891747,0.08008268,0.31515852,0.024718752,0.077777624,2.7390964,1.3243068,2.0556264,1.506167,0.8324725,0.6806628,0.7898553,0.87779856,1.7414572,1.6181439,0.605057,0.19756432,1.4029521,1.4491572,0.01212544,1.4821708,0.6635742,0.20369183,0.85351974,0.29855,0.8934994,0.06884002,0.5064685,0.768001,0.81663775,0.27955788,0.9688473,1.8245531,0.21688935,0.10703873,0.014970331,1.5839157,1.7185986,0.70625645,1.2117943,0.43329403,0.09799739,0.20166883,1.092607,0.8296599,0.096866235,0.3675644,1.6384778,0.1752781,0.7716443,1.3987423,0.3073172,2.0717754,0.71188825,0.014036352,1.1137049,0.6690303,0.46220565,1.5652213,0.35633612,2.3622978,0.22981846,0.2894133,0.12824693,1.3314283,0.1793557,0.68712145,0.045219302,0.2941634,0.038491305,1.4733552,0.29778823,0.61586046,2.7034001,1.2626994,0.3631155,0.5158971,1.7216839,0.33812827,0.23231529,1.2704787,0.11022944,0.34490153,2.200446,0.42519486,0.788046,0.7454811,0.6131748,0.418702,0.6177984,0.4828937,0.06908357,1.7812979,1.22184,0.40459454,0.0,0.51739204,0.6861163,1.1764873,1.3431276,0.4503904,0.98163027,0.28964812,0.88109535,0.122136794,0.93302447,0.109698564,0.839354,1.616406,1.0778477,0.25198895,1.3834865,1.3602519,0.22218665,0.47737172,0.7023649,0.07336192,1.0970086,0.13766551,0.095721565,0.67735904,0.6516375,0.88098526,1.2302002,0.18835342,0.32537752,0.18167809,0.9155032,1.7230165,0.20111664,0.027452143,0.36294854,0.5849084,1.4779015,0.31230316,1.5649643,2.083934,2.241543,0.29649797,0.54254717,0.21638349,1.2213647,2.078947,0.5062961,0.6489092,0.15339419,0.40986907,0.4024646,0.26984665,1.0185273,0.38585842,0.99112636,0.52776396,0.86608034,2.62321,0.1648564,0.10691647,0.34889835,0.6059369,0.3691204,1.551025,0.79944897,0.22869785,0.9267492,0.9628838,1.0452359,3.2315655,0.32681265,1.1781863,0.086376615,0.61298037,0.5223322,0.408917,1.2017872,0.10170636,0.85075384,0.7066498,0.27064678,0.2600854,0.25967577,0.5922308,1.6477484,1.5026017,0.952914,0.7025977,0.19843397,0.68842936,0.5355143,0.17384408,0.58238435,0.67706525,0.26708186,0.2446082,0.88273025,1.6709585,0.46414107,1.072898,0.2165843,1.2051935,1.0622512,0.051353347,0.48132554,0.72846866,0.6105715,0.68514323,0.29519615,0.41510433,0.91989547,3.3621557,1.8067237,1.1655941,1.7990638,0.08532448,1.9080932,1.3214722,0.6421936,0.28656927,0.55658317,0.43296793,0.15490568,0.73315597,0.59849954,0.36820525,0.17527457,1.6455145,0.831069,0.023552157,0.91469914,0.32722738,0.6132264,0.096121274,0.39425883,1.024011,0.052808844,0.77427405,0.30100006,1.0304955,0.6776861,0.0,0.23926395,1.3501384,0.45920312,0.87253076,0.10626602,1.2513679,0.833166,1.019994,0.7375219,2.0005505,1.2745185,1.5644746,1.4525895,1.0829448,1.2063242,0.26046646,0.2641847,0.08130949,1.0304252,1.4660405,2.7136974,1.1371262,1.2691197,1.2068686,0.89769083,1.1677244,0.29782608,0.41009885,0.38766152,0.53868127,0.4179402,0.9315628,0.3168698,0.32138848,0.8532683,1.1624798,0.6172709,0.64207345,0.07472322,1.17095,1.2344213,0.5242992,0.26344532,0.15586391,1.7408737,1.1880083,0.33118773,1.5405021,0.23906119,0.99117416,0.697491,0.75463617,0.15641946,1.5206952,0.7448679,0.8478318,0.62059426,1.1490631,0.7096643,0.27040508,0.43124643,0.07385503,0.30083707,1.4512262,1.1437078,1.5834643,2.5546534,0.645067,0.19301555,0.12852626,0.28511244,0.86037046,1.0930299,0.5117721,0.21815677,0.27674934,3.2705598,0.0,0.5070312,0.33377895,0.1167433,0.38302296,0.26313064,0.01657927,0.32726946,1.6197939,3.2826002,0.42647743,0.5276211,0.9187462,1.9142054,0.7024748,0.8419149,0.4355629,1.850783,0.15086386,0.51925033,all_pothole_images\pothole_images_image_195.jpg
0.26111773,0.7174287,0.70468014,2.6646347,0.69523495,0.85840636,1.1185522,0.6833642,1.2157358,1.0377635,0.5691687,1.5526826,0.15715182,1.9827527,1.0880209,0.03247799,0.65577906,0.19306463,2.7253077,1.4907217,1.5809013,0.5107648,1.2154261,1.5131917,1.2584944,0.6729926,1.4999956,1.874956,2.922375,0.8733506,1.289671,0.40677375,1.549223,0.6050021,0.61107266,1.4346422,0.57728297,2.13486,1.2089782,0.8671982,0.1458727,0.4098278,0.7722121,2.0698822,0.19836365,0.6808937,0.12904301,0.2704401,0.1984834,0.23446405,2.537894,1.187374,0.39740065,0.34481078,0.015887527,0.38157856,0.7893852,0.098460466,0.6535224,0.06334506,0.7803895,0.93734986,0.17015852,0.16057733,2.5632622,0.9198691,0.4247873,0.3819765,0.08965623,0.49971193,0.8418353,0.8864012,0.4928289,0.06869412,1.1637868,0.48693466,0.8441872,2.6936448,0.5983262,0.40752736,0.471903,0.38079056,0.14641543,0.81989694,3.0884852,1.3218075,0.66713333,0.18765876,2.5636327,1.1862918,0.36451128,0.19684589,0.16601107,0.6192634,0.5887421,0.4894329,2.4860075,0.25006628,1.0290383,3.0545456,0.17407869,2.5460227,0.8013162,1.2382554,0.7248088,0.040877897,1.6386678,0.75208485,0.43951538,0.7128741,0.42292863,0.77674305,1.6984318,1.0325441,2.0922623,0.816622,0.8979164,1.017887,0.3999303,1.1512713,0.50728494,1.3019459,0.3626741,1.1378272,1.3561913,0.045180663,2.6667228,0.33417502,1.7043957,1.5588435,0.034796484,0.27743903,0.6470797,0.40936208,0.23838034,2.4890285,0.59429455,3.5597844,0.27903354,0.577784,0.52122366,1.2305924,0.8632708,1.5289063,0.9093868,1.2257638,0.0071343966,2.1463633,1.2989568,0.2521304,2.3008273,0.87672335,0.056467086,0.10163148,1.1561265,0.49268907,1.6274643,0.5839639,0.36767733,1.1847615,2.7207167,2.9070005,0.29671973,2.8908432,0.13916348,0.9772781,0.7350529,0.8487265,1.4601752,0.6299533,0.53003305,0.012993707,0.9034472,0.15065116,0.083273806,0.5919024,2.27382,1.2734691,0.2517784,0.24148309,0.6675717,0.10869468,0.12371887,1.4674072,1.2289026,0.27074775,0.1637831,1.9341584,0.41036326,0.51051086,1.0258265,0.9014609,0.7999604,3.3306143,0.4706963,0.27128538,0.59128034,1.4312545,2.5722475,1.2636067,1.3618388,1.020051,1.375258,0.7839897,0.07480413,0.09749432,0.5718456,0.10617578,1.0387226,1.3863288,0.070056275,0.17690487,2.5718486,0.24426685,2.5253947,2.1164093,2.2733138,1.1101243,0.36527818,1.8874537,2.2096095,0.30317196,1.2506131,0.749481,0.37255466,0.5324235,1.0562912,0.58633435,0.54247755,0.66772866,1.1333394,0.70197064,0.3679947,0.72840065,0.70944726,0.31785852,1.483018,1.1385572,0.6476616,0.37011492,2.334288,1.1921089,1.3967615,0.6205175,1.1225468,0.22934273,0.7936619,0.53305775,2.0194182,2.9482157,0.8864945,0.37888604,0.96748054,0.5716397,0.09390985,1.1642824,0.42322502,0.8942041,0.6005226,3.0131984,2.1402001,0.47740278,1.4792125,0.031556614,0.09672532,0.15666084,0.33031958,0.5524647,0.47992146,0.4634515,0.47795224,0.19415085,0.057795182,0.87074685,0.3743561,0.22618239,1.1203731,0.9758048,0.88702637,1.0959475,0.35168245,0.13638416,0.8018721,0.5709629,0.796498,0.9258158,1.3512044,1.6752259,2.9570255,0.29679906,0.43791354,1.557374,1.7130989,0.6730619,0.5562116,1.5310684,1.6966599,1.342191,0.06245903,2.2492406,0.372134,1.134944,0.9989045,0.7909378,1.4563718,0.7696305,0.32492882,0.7813382,0.91434336,0.46418184,2.4504297,1.779835,0.9150752,2.1107116,0.29241002,2.0547152,0.36757755,0.40925333,0.40062478,0.18557167,1.1962526,0.8512185,0.14888853,0.90521115,1.6718451,0.49614337,0.7396665,0.5263408,0.5792068,0.71723974,0.80388284,0.64772373,0.1369192,0.74785036,2.5958893,0.32906023,1.782924,3.433841,0.6384276,0.66197366,0.5760128,1.0128038,0.5633231,1.2515719,2.3551772,0.7566478,1.0317904,1.2618588,0.4909831,0.415822,1.1161046,0.8542076,1.8721431,0.23387681,0.18187976,0.65332484,1.2014055,0.9037047,0.11871427,0.33480686,1.3648401,0.24986029,0.57313865,1.244217,0.03240326,0.36609268,2.3570287,0.61949736,1.2367167,0.25353506,0.98208547,1.4729935,0.7264016,0.93041533,0.7821276,0.8642047,0.1963044,0.61901736,0.62922883,1.9656867,2.390511,0.998792,1.2697424,1.2081945,1.4487016,2.9663699,2.1054192,0.5555659,0.41613647,2.4429183,1.8441514,0.837131,0.0020551009,1.9231437,1.1224064,0.07276403,2.9549916,0.05947864,0.65056163,0.03126391,2.0473156,0.29046795,0.3953124,2.276699,1.7580551,0.33980575,0.3258288,0.44596106,0.592519,0.18056545,0.47002098,0.46572036,0.7708807,1.6629539,0.0,0.69390374,1.7999234,1.515088,1.01054,0.61772,3.306095,0.6573821,2.5408635,2.1427624,2.0556498,0.5704513,3.2449431,2.213327,1.9446495,1.2529892,0.50588983,1.6349077,1.2920351,3.4064212,1.0246062,3.1402338,1.2727475,1.2646409,0.77605385,0.4210603,1.7029574,0.37301245,1.1991206,0.47190264,0.23949307,0.0,2.7467446,0.16505976,0.38387108,0.46914282,1.2953496,1.291575,0.015753595,1.0540427,0.26213127,0.6069361,0.62406725,0.6655675,0.7592898,0.38620892,1.3405001,0.72192496,0.22189498,0.37949008,0.3196954,1.6796006,0.50090003,0.36467513,1.6899984,0.35105988,0.78504056,0.8598745,1.3386228,0.6289266,0.18097235,0.37169468,0.77864164,1.3110837,0.42300734,1.5764595,2.4490008,1.1258354,0.9323701,1.6990128,0.033541605,1.8424461,0.93585414,0.0,1.1587541,0.5089052,0.7559819,2.3376477,0.5847526,0.45719212,0.19111325,0.5932733,1.7353073,0.4812544,1.2718573,0.34168345,1.0933931,1.3864138,0.68755955,0.47609445,1.7453539,0.07406163,2.4846072,0.36229518,0.33882418,1.3939644,1.1173524,0.8124006,all_pothole_images\pothole_images_image_196.jpg
0.9589654,1.8579427,0.6053721,2.5462961,1.207153,0.3008754,0.5481412,0.17358088,0.33799645,0.48143747,0.5646689,1.0643691,0.18303661,3.0516462,0.5935347,0.30046192,0.21683179,1.3005128,1.0160842,0.5820394,0.5437388,1.8393763,1.7093874,1.2607806,0.78851277,0.95683396,2.1795719,1.0041008,1.4736571,0.7653185,1.4272518,0.8191761,0.56561995,0.24740012,1.080221,0.78973216,1.7785952,2.862015,0.009722094,0.7010217,0.30425188,0.097467355,1.6132499,4.5004725,0.5444418,2.360563,0.39737967,0.02412928,1.342453,1.1626775,1.4462962,2.137283,0.4620861,0.12646116,0.021231422,0.6099507,2.2296836,0.1987241,0.3154574,0.39870596,0.10399715,1.5330623,0.9007829,0.023127794,1.842145,1.3664212,0.87432003,0.31419656,0.33259302,0.304669,0.1862069,0.0,0.24905251,0.7943095,1.8718206,1.9083147,0.14585888,0.33003023,0.72978413,0.43880323,0.5017852,0.2767066,0.41653472,0.23969829,0.8004952,0.33782196,1.2523292,1.1525339,2.803296,0.17731106,0.15477276,0.9674165,0.08858787,0.9042343,0.31954834,0.53967094,0.31057268,1.6053575,1.3362371,1.5778188,0.21484044,1.7623487,0.700606,0.40193066,0.9811605,0.90541524,0.49158618,2.2367232,0.074661665,1.3854954,0.111731716,1.8528545,0.3317469,0.624734,2.371014,0.60417056,1.1510277,0.08594329,0.7203444,2.6995902,2.5253322,0.3476503,0.5714771,1.3391191,0.633292,0.5015349,0.48900744,1.2342937,1.1840479,0.86749375,1.2288321,0.37130913,0.38238975,0.18986921,0.24842028,0.59148806,0.11262245,3.1144729,0.33196506,0.1353871,0.6328574,1.2891842,1.1087579,0.93843216,0.37837416,1.1303254,0.094887525,0.38531,0.7846893,0.43640482,0.90017664,0.59395826,0.0,0.11770771,1.8224591,0.30361733,0.9301342,0.38610715,2.4976983,0.18815002,0.8642452,0.18478507,0.5547274,3.74249,0.0,2.9689937,0.14614327,0.4306215,0.8631327,0.30171818,0.0859013,0.1312368,0.82434016,0.22352538,0.34226152,0.2948148,0.80857366,0.15046982,0.31242657,0.20909122,0.12264724,2.8315623,0.90735096,1.8599117,0.30272943,1.1378506,0.53724736,0.9019006,0.40555972,0.3805053,1.1011616,1.0750228,0.2014506,1.8072563,0.22271055,0.33573213,1.0489191,1.0649612,0.32530713,1.5677845,1.7379619,1.8307859,0.5613041,0.900456,0.110475965,0.40835515,0.46982172,0.325162,0.3089178,0.06437215,0.40184745,0.7766435,0.25472054,0.9038849,2.8772252,1.4798627,0.82925224,0.21375386,0.40312412,0.12179728,0.6212308,0.07167731,0.32832545,0.2743293,1.7211261,0.41914806,2.6469686,0.18863906,1.5960497,0.21037951,1.484537,0.67713,0.01251176,0.4152869,0.75252813,0.21416329,2.6556826,0.22618246,0.020243686,0.6224604,0.87833005,0.09865637,0.4268676,1.6504005,0.5413971,0.58870757,0.05050982,0.34288067,2.7297468,2.9290345,1.5156307,0.4020564,0.057322104,0.23677643,0.12567936,0.35847855,0.6566288,0.48597717,0.448504,3.1169395,1.5334235,0.15493482,0.17181097,0.35649395,0.88728315,0.45227596,0.104132384,1.3737309,0.16205406,1.1388304,0.11275433,0.0,0.025839848,0.031505622,0.39672443,0.64420503,0.0,0.47573236,0.6961727,0.32332698,0.017923383,1.3131791,1.1403525,0.5207917,1.4077469,0.7997715,0.7183523,0.83215004,1.5136607,0.38494775,1.1477067,0.26747975,0.081229545,1.3575767,0.18446186,0.15992263,1.2292324,0.28141293,0.5679568,1.2067257,0.23382658,0.3903228,0.12547226,0.8613837,4.540866,0.84016883,0.10126524,0.116530895,0.37533873,0.9468392,1.1940546,1.5587109,2.1049554,0.4378247,1.3919027,1.39297,0.0048280098,1.0813704,2.2152078,0.21238078,0.8988557,1.2114135,0.036667783,0.3389817,0.55849814,0.7139748,0.72185427,0.15052733,1.0183328,0.5268504,1.0463897,0.54310185,0.324748,0.284675,0.70743513,0.6689594,1.2522435,1.388257,0.3713281,1.8287226,0.42483163,1.3965266,0.6900524,0.48757216,0.46118534,0.5596755,0.5293086,0.58024406,0.093588926,1.0314312,0.9897487,0.35401908,0.55678236,0.26902395,0.09082004,0.37568894,0.27864343,1.3988652,0.4821223,0.87530845,1.05873,0.21473028,0.7530973,0.082467064,0.49246204,0.25522882,1.1643199,0.6833901,0.33611578,1.7376766,1.8037697,0.99764365,0.02926819,1.0990516,0.9751107,0.77156985,0.25318545,0.5855513,0.6235801,1.2444896,0.35530332,0.31379044,0.91910374,1.0213704,1.0647323,2.1697564,1.1356091,0.47401315,0.20196739,0.45106155,0.564803,0.54451394,0.2350331,0.19222344,0.1996712,0.029039064,2.667481,0.47078824,0.6395787,0.083719015,1.9376999,1.6988033,0.35589528,3.3871005,0.3118043,0.2437479,1.3448051,0.36101997,0.8540235,0.23978846,0.94793546,0.68605334,0.5537727,0.3850117,0.34316197,0.3788515,0.05280158,0.33043584,0.24811853,0.21696174,2.347919,0.04865244,1.884243,3.5582685,2.1235087,1.5468068,0.5381682,1.2901471,1.870715,1.6850704,0.14306837,0.83608896,0.81051135,2.671226,0.35511556,3.5400224,1.0177684,0.3863259,0.45098698,0.059891466,0.58585304,0.07229435,0.097359,0.22780846,0.082777955,0.14353026,0.8560482,0.13971266,0.37608355,0.12921116,3.496105,0.28937548,1.3251786,0.43929788,1.1274085,0.41306394,2.2687705,0.18547887,1.1084383,2.2961802,0.6717314,0.52952707,1.2546668,0.66079515,0.54846,0.5185723,0.40885097,0.996876,0.77017033,1.9832084,0.30099678,0.40049213,0.246864,0.16598848,0.34460697,0.41479135,0.18974869,3.0548177,0.85597116,0.3618117,1.4305317,3.133817,0.85993356,1.0883763,0.21326964,0.87510586,1.1309435,0.39992973,0.86809224,1.1852739,0.43921235,0.21511297,0.289823,0.051322993,0.55743754,0.18602423,0.38469264,0.08392201,0.31905898,0.77988267,2.5330403,3.5133119,0.117292695,0.5794938,0.82396024,0.76470625,0.027560856,0.677567,0.15998662,0.24046506,0.13895735,0.38211077,all_pothole_images\pothole_images_image_197.jpg
0.00035820535,1.5392431,0.16510049,2.9474368,2.553207,0.10473226,1.5432817,0.23773037,0.5224545,1.1009506,0.018940503,0.2805622,0.005730025,1.3979548,0.037659645,0.24852747,0.4820154,0.8614642,0.84155285,0.57432365,0.6312153,0.7848956,0.030792492,1.3302742,1.2603657,0.058862004,0.16736642,1.8433286,0.16245891,0.7358271,0.7452704,0.0,1.486391,0.7848544,0.3493852,0.74242836,0.06492395,0.5734681,0.03329071,0.9702726,0.2569192,0.08947492,0.19167121,0.57720923,1.1461948,0.0,0.46883133,0.0,0.8721019,1.5135006,0.040878586,0.5131529,0.36441946,0.07672571,0.108235456,0.8293457,3.11373,0.4395785,0.52117723,0.8063775,0.45891526,0.39493027,0.7557463,0.33564663,0.46095455,4.0143747,0.6613655,0.19855896,0.14628355,0.4634957,0.42712706,0.114258744,0.12896378,0.15557966,1.2592984,0.5203694,0.22250144,0.83575726,0.0048502493,0.19729143,0.0021416445,0.55263215,0.24676935,1.6779253,0.5828466,0.20108359,0.036591105,0.26654947,2.515032,0.2032603,0.08065093,1.1257566,0.17702052,0.073968284,0.71069753,0.38376212,0.57967424,0.4700772,0.7601845,0.32237333,0.23442307,4.2733703,1.5059841,0.013137727,1.5610236,0.0,0.5269412,0.04522445,0.097929485,0.20435283,0.34483445,1.8599604,0.41666442,0.21863146,1.0822029,0.808488,0.4835832,0.24452575,3.6709228,0.35166106,1.0872387,0.69447947,0.25882575,1.2853057,0.8249384,0.28187796,0.6731185,0.6689659,0.62389106,0.7366283,0.9416652,0.058770917,0.4494385,0.7301178,1.1326559,1.5786299,0.017868776,0.6675243,1.1934893,0.14579388,1.2859545,3.392862,0.21344396,0.86817473,0.397127,0.44018966,0.056361802,0.07374889,0.5970669,0.11325968,0.28463688,0.09158008,0.18484154,0.28967685,2.0668216,0.14094286,0.09061568,0.09543468,0.19413878,0.6937757,2.4399943,2.5081341,0.5103096,1.5583613,1.2872045,0.50363433,1.2905232,0.2868495,3.0142975,0.9524519,0.75997955,0.0,0.046688385,0.39660722,0.3511125,0.04382401,0.689527,0.22679782,0.31630594,0.21708153,0.004834524,1.5807598,1.6408299,2.0701258,2.2740889,0.50566643,1.0556556,0.012202408,0.48203754,1.8272184,0.6507947,1.688922,0.059443425,2.5072947,0.3151478,0.4043113,1.8244812,1.3392859,0.0,0.9712817,0.18910731,0.18348792,0.23531091,1.1441456,0.054933332,0.10008008,0.34938064,0.051871862,1.1752665,1.3407689,0.0074036326,0.0031325025,0.80078036,1.1508548,2.3095722,2.057947,0.2145393,0.7032163,2.2236836,0.59397936,0.19281949,0.36111194,0.18303823,1.0711682,0.0,0.08500525,1.0186117,0.048307847,1.0252178,0.2381608,0.48761502,0.006632337,1.5137558,0.14825901,0.88584226,0.11022447,0.7267512,0.010676703,0.44270027,0.39803952,0.4517666,0.20125717,0.6656631,0.22795627,0.02859905,0.0,2.1191278,0.59017855,0.6459046,4.6491046,3.09305,0.50157267,0.7446763,0.12944038,0.2878891,0.2840101,1.1302437,0.47796434,0.6939325,2.9740214,0.09858135,0.4680045,0.41024095,0.41265553,0.06783683,0.863605,0.3613376,0.17598027,2.0247762,0.42238823,0.7056749,0.0,0.42257425,0.29319918,0.6227759,1.1464803,0.19808851,0.89554393,0.35737494,0.39330277,0.24561045,0.30897483,0.07656286,0.50848794,1.0390942,1.5822545,0.8662326,0.295073,2.037751,0.035296828,0.015168744,0.4533731,0.6511667,1.7874432,0.24997695,0.20798473,0.12503375,1.3828791,0.2803791,1.2011678,0.30957344,0.7111894,0.14070256,0.024298334,3.9266906,0.06377757,0.8332533,0.47185662,1.1061285,0.47758374,0.117694035,1.4540331,2.629217,3.0002446,0.13367912,0.92643815,0.0029396028,0.17084716,4.00839,0.14359206,0.2799324,0.07550438,0.009960871,0.8042006,1.8013847,0.2887812,0.3368661,0.0186741,0.3022547,0.127223,3.0073237,0.21315792,0.2862372,0.08443219,0.036053583,0.4267462,2.4451323,0.055340536,0.483845,0.38444307,0.56656784,0.77539426,3.1944113,0.93764824,1.8264716,0.09121518,0.1631234,0.0,0.39511323,0.07910862,0.81959486,0.37194216,0.3178011,0.7688924,0.11836028,0.07900757,0.0,0.84737736,2.2019193,1.2868749,0.0,0.0590218,0.7717092,0.58551633,0.008599629,0.2828992,1.6569315,0.7929164,0.079568304,2.2395272,0.59356636,0.020840209,0.41616598,0.3583242,0.11648097,1.106098,0.40242362,0.10814801,0.12009427,2.1655958,0.45240667,0.17226663,0.20570254,1.3269714,3.0403097,1.2820375,2.0521815,0.17788608,0.0,0.46517667,0.57681865,1.5071126,0.06421268,0.6073461,0.0077798213,0.10714135,1.1089332,0.39546826,0.68699425,0.1441847,0.101762325,0.35366088,0.20384477,0.52642757,0.029973874,0.07233696,0.39491716,0.938974,0.22916524,0.005852694,0.1489439,0.6930855,0.051936664,0.94396055,0.19158125,0.088855475,2.6781554,0.3095696,1.1408169,0.085967705,2.022377,2.2368948,0.7158893,2.2707825,2.174863,0.7029076,1.8015932,0.57821167,0.72268003,1.889612,0.22921854,0.14835016,0.07156933,0.11740783,0.39354146,1.808133,0.7329028,1.1128848,0.6265821,0.62886083,0.19879176,0.8744864,0.32524428,0.0028970013,0.028773297,0.20873585,0.85091335,0.44112337,0.08915514,1.0901536,2.3574748,0.33221802,0.16526467,0.1284318,2.2032928,1.2835649,0.6369859,0.29424056,0.8174648,1.458492,1.4454355,0.50919735,0.25983226,0.23621687,0.39556387,0.16874689,0.3274942,0.004880168,0.44358972,2.6995692,0.76815957,2.0986514,0.10370745,0.14370283,1.1231587,1.1616094,0.4144962,1.7533861,0.63639766,0.0030674338,1.9826046,1.3839731,1.3270639,0.3764443,0.01425656,0.87111115,2.1179302,0.12194592,1.3287364,0.0,0.053609233,2.328825,0.22274567,0.058114897,0.2189503,0.012120793,0.8130461,0.30406624,0.055213664,0.019860953,0.30677018,4.5042624,1.539878,0.12983228,0.84148437,1.8510885,0.13184361,0.7902642,0.14745475,0.81685084,1.1385577,0.46132192,all_pothole_images\pothole_images_image_198.jpg
1.0724449,1.1673492,0.18297477,3.5070415,0.07587955,0.62536156,0.38067263,1.2125491,0.17563675,1.3147547,0.9315816,1.4552475,0.016663983,0.5188929,1.7396649,0.19347584,0.9590963,0.49678704,1.2055855,0.277345,0.60921234,0.41652966,0.7279445,1.9152203,0.8508866,0.059500273,0.4752115,1.3082907,0.3612259,0.76037204,0.32101506,0.046329785,1.6570314,2.0909264,0.15356846,0.9306516,0.04283413,1.1872346,1.0214785,2.4053614,0.49949217,0.097510725,0.63797206,0.0056255907,0.69345427,0.7477352,1.4009162,0.24875216,0.59528875,0.10861241,1.7328827,0.9326083,2.592868,0.12742144,0.053043813,1.427503,1.7179201,0.52494514,2.4220839,0.18384379,0.020782748,1.0669343,0.23240319,0.17153998,0.39779133,1.609132,0.5421399,0.08972767,0.8071678,0.14955318,0.53940505,0.1739426,1.115078,0.46275756,0.77675766,0.36497918,0.2146795,1.7566316,0.2051796,0.04904742,0.406113,0.7786192,0.117420554,0.7620237,1.077833,0.32349578,0.15632053,0.12733836,2.474516,0.9731458,0.00818633,0.095270485,0.42025632,0.28766444,1.2825044,0.8637968,2.6452436,1.7712281,0.88941854,2.7792656,0.0034448297,5.013603,1.157932,1.5365901,2.095844,0.012582935,0.76504874,0.443838,0.53579164,0.18419942,1.7038478,2.5230553,0.78186035,0.57888013,0.29213828,0.14582814,0.39203686,0.24787271,0.6529504,0.4991964,0.9637686,0.8465104,0.059510425,3.047386,1.4789698,0.43905845,1.2335818,0.72353923,0.91174984,0.09163663,0.57519275,0.0,0.31660333,0.4922144,0.15189314,0.39880434,0.1955719,4.049372,0.32554772,1.2038764,0.00020869325,2.042208,0.09162593,1.9970756,0.35434037,1.5484921,0.5368417,1.9397049,0.93605,0.58350384,1.7669302,0.06908945,0.02384142,1.1864315,0.7470966,0.78577346,1.0896739,0.3107807,0.9306458,1.621345,3.2319503,6.074428,0.06613058,1.0022912,0.903552,0.22035293,1.7662803,0.029428788,3.7944932,1.5266892,0.09573069,0.07204224,0.102003634,0.06318953,0.0869061,0.839847,0.5615232,0.017938511,0.0384484,0.0028384966,1.4649192,0.82931966,0.06937126,3.201219,1.1913097,1.5185481,0.016129253,0.9840437,0.62160504,0.7656305,0.011820591,1.4090191,0.28506082,1.8158296,0.9828958,0.24666344,1.3543962,1.206284,1.7644928,1.3279842,0.74899036,2.6186628,0.4586497,0.18469149,0.56573427,0.22622536,1.39954,0.10455422,1.1451154,2.2623389,0.08107653,0.29012853,0.58054,0.52257,1.6600603,2.7351604,1.0833851,0.31061035,0.79014117,0.22041056,1.7543324,0.23744552,0.20419595,1.5940359,0.0,0.16161066,1.8066716,0.44320196,0.15118232,0.49003592,0.7203874,0.22108415,0.5418654,0.6249642,0.19968449,0.021349614,3.7822957,0.111605115,0.20403515,0.22463675,1.0714642,0.15162145,0.30155307,0.15970758,1.0273211,0.019563362,0.22748055,0.051821917,2.471355,4.1657395,1.815885,0.14378682,0.02921649,0.15298198,0.028284257,0.14594154,1.0243654,0.57348454,0.41894495,3.999866,0.039809134,0.22935583,0.57426625,1.7561703,0.014244749,0.35609335,2.3652081,1.267206,1.4588695,0.017487943,0.8121403,0.0,1.2456977,1.6016322,2.1876953,1.2321004,2.845794,1.9866258,0.5348519,1.0972522,0.68155444,0.19340344,1.2011902,1.9076002,0.47470558,0.81887347,0.6716111,0.14325817,0.20916364,0.0,0.063471556,0.15856539,0.22333713,1.8272539,0.6101634,0.27044523,0.005437684,0.30302787,0.29951298,3.0367095,0.48588562,0.6045674,0.019226054,1.0406438,0.5291551,1.153302,0.18813556,0.4655912,1.5824203,0.45560136,1.6028117,1.8563598,3.0307922,2.626703,0.13132721,0.48271307,0.82299715,2.2482324,0.6438896,0.35160843,2.8380685,0.6767909,0.5114609,0.26826382,1.0663022,1.0838686,0.59113437,0.10783844,1.1094834,0.6687068,1.5364214,1.039382,0.6233557,0.13913879,0.1618142,1.498313,2.183353,3.531357,0.7922318,1.7739031,0.80872715,0.5126205,1.2572483,2.302687,1.1718132,0.18837601,0.95089704,0.24853154,0.72112924,0.23817053,1.0931503,2.1665614,0.39187163,0.33718672,0.0,0.33482906,0.0499953,1.3882926,0.18320519,0.174595,0.9613577,0.5941733,2.0257466,0.30977306,0.04548267,0.8836929,1.7280596,0.59296465,0.9618786,0.57820815,1.6973095,0.18685298,0.35216922,2.1200888,0.59717315,0.49231687,0.32504404,0.087248705,1.4115921,1.513812,0.7704756,0.5732997,1.3427955,0.19699752,0.6350061,1.1551071,0.72859067,0.04731207,0.03602288,3.6777852,1.7476096,1.621898,0.009718245,1.1715443,0.0,0.42333084,2.4026592,0.43117887,1.5807182,0.18791059,0.30438706,1.3676219,1.318107,0.15601063,0.3788621,0.016221995,0.7837462,0.100612044,1.1759773,0.71993816,1.4520439,1.0506898,0.34745765,0.6152351,0.0,1.3126503,2.9570673,0.76844823,1.7165204,0.6503653,4.0343122,0.3804191,5.327266,2.1155775,3.3980033,0.0027705948,3.5062075,0.3004789,2.0753198,1.1032218,0.43247113,0.39706662,0.13156727,0.18322028,0.3581221,1.9688315,0.71611035,0.10255755,1.9998598,0.56889725,0.7587698,1.1276224,0.22126886,0.05996415,0.0013878293,0.020666344,2.6242518,0.36500284,0.44550145,2.4631438,2.517961,0.6449723,0.6967868,0.47156322,2.2441237,1.5876007,0.6598468,0.55276364,0.5850104,1.5885252,0.6649115,0.046089273,0.096834004,0.10179549,0.20265631,1.4442734,0.51782227,0.46117428,0.7829931,0.17475416,0.0880346,0.30185694,1.8818116,0.859313,1.0012945,0.07694457,0.15127425,1.1623085,1.3255254,0.22915576,1.7209442,1.9188871,1.2784268,0.11610391,0.0,0.008203642,1.8346372,0.037060093,0.73653567,0.013082983,1.4954274,3.9234076,0.07754527,0.3548668,0.0,0.41291878,0.32953522,0.07871539,0.42521912,0.024720147,0.947492,2.808138,0.5695038,0.22482148,1.020105,0.9221914,3.0424414,0.3888394,0.05266395,3.5524888,1.1543248,0.6837621,all_pothole_images\pothole_images_image_199.jpg
0.12909313,2.048059,1.3499879,1.5582231,0.4283683,0.47521147,0.66497093,0.024457883,0.41182008,0.96404636,0.4202965,0.33643308,0.22165574,0.1971105,0.0,1.13279,0.13540219,0.077436954,0.34313548,0.48719865,0.0,1.8701681,0.4527271,0.48171067,0.87919647,0.13019535,0.15483731,1.2548381,0.20932096,0.33056137,0.07021713,0.0,0.25432467,0.22386616,0.8970182,0.6081432,0.9024536,0.8492262,0.569023,0.7526307,0.15008986,0.043807987,0.79399467,0.88921416,0.9183454,1.0135438,0.83852917,0.5086834,0.11343585,1.0456144,0.1500052,1.3706111,0.54450685,0.60640854,0.35582024,1.5388501,1.7603736,0.65146965,0.45953992,0.078562714,0.039500777,0.34441522,0.50806457,0.012998104,1.248331,1.63248,0.36297575,0.03599246,0.7699801,0.44048473,1.214348,0.0759978,0.80849624,0.25178432,1.1201556,1.4695503,0.29874662,0.7541619,0.0075681875,1.2401412,0.3398482,0.2916545,0.0777998,2.763205,1.3458862,0.99059993,0.32161495,0.43937466,4.249548,0.907249,0.092053264,0.46999523,0.12820344,0.248371,0.23681466,0.45372155,0.840626,2.9472058,0.720857,0.33826807,0.63524294,1.9677277,0.46876213,0.17942707,0.10295625,0.28324068,1.146758,0.06718848,0.05212728,0.08294374,0.54077476,0.49316767,0.17719689,0.31468815,0.3866792,0.6068389,0.98517007,0.16505884,1.5307081,0.1585151,0.9201936,0.113717586,0.14411435,0.653744,0.3093118,2.2565677,1.2304362,0.82367563,0.18875265,1.2979228,1.071415,0.18831669,0.47874773,0.034805715,0.32022944,0.79799575,0.2273927,0.8357606,1.347321,0.4351881,0.76208913,1.4586164,0.23064563,0.37154707,0.31693676,0.43790936,0.24006088,0.06278249,0.0327116,2.8091216,1.0799209,1.0452596,0.56383944,0.30640352,0.8849803,0.3204575,0.77526146,0.013562538,0.49717635,1.2077322,1.2219104,1.0045996,0.5749658,1.2699032,0.1315881,0.033925604,2.6567402,0.0,0.83973444,1.3762457,0.48260447,0.01037091,0.04783474,0.4627592,1.0938406,0.035164814,0.5112709,0.49554405,0.1408172,0.89453125,0.28554744,0.60788596,0.40753117,1.4715149,2.3787189,0.8120354,0.45899442,0.684194,0.076098785,1.64061,0.019446667,1.142004,0.29408285,1.8286886,0.08910841,0.6820171,0.17415854,0.93222815,0.53919286,0.5465035,0.8146937,0.1064206,0.033541694,0.3468543,0.2813039,1.6417471,0.4273041,0.1476289,1.0110068,0.30455947,0.25473708,1.1324346,0.70094717,0.9255432,1.5457371,0.7850367,0.46290645,0.0,0.702889,1.1443335,0.8458336,0.35724893,0.11508352,0.6324756,0.5717266,0.96020406,0.12432577,1.2255992,3.5007005,0.7712959,0.082753316,0.681448,0.8845839,0.21873917,0.16137157,0.34797654,1.883127,0.048015594,0.07884798,0.098401986,0.82276803,0.16956,0.28498992,0.2924577,0.619234,0.0023760085,0.10269977,0.70842135,0.29436794,3.7265177,0.1740885,0.0032760694,0.4898002,0.5963246,0.38911685,0.05766812,1.3829571,0.09377264,1.125355,1.8798708,0.16139844,0.074118264,1.1517551,0.028443582,0.51142395,0.33299807,0.65140826,0.64319634,1.0955569,0.21500804,0.6586493,0.39134037,0.07848346,0.76310116,0.27853534,2.7294598,1.2358493,0.02683094,0.24704088,1.2527289,0.67237633,0.3968848,0.342046,0.5743159,1.1847384,0.70651394,0.7795178,0.3153202,0.5258803,0.42210758,0.2430953,0.57329834,0.10308894,1.1461947,1.0304682,0.48066443,0.3079278,0.47651997,0.7293622,2.54317,0.39786497,0.29743284,0.32674423,0.38753042,4.3471017,0.17981206,0.15656993,0.0909294,1.1089256,0.5272693,0.07513606,0.06911264,5.608685,0.8925355,0.8242216,0.391539,0.18811138,0.5859959,1.7691021,0.14104486,0.98891664,0.08637578,0.057180032,0.19889617,0.59557456,1.350328,1.0028855,0.104480974,0.833575,0.02279317,4.767007,0.23482059,0.695115,0.0,0.7047798,0.04980714,0.45035556,0.18274225,0.6113994,0.5624132,0.37062293,0.36610833,1.3346909,0.51616895,0.4571748,0.3029341,0.063518636,0.058959372,0.46752766,0.7179624,0.006534809,0.5632982,0.054517083,0.30635482,0.004251321,0.029047184,0.20998655,2.6109502,0.3929201,1.0645646,0.12767242,0.26140484,1.910523,0.40041173,0.22112356,0.45283347,0.5573856,0.24872966,0.3742545,0.28458014,2.0577383,0.39103705,0.4545063,0.2732514,0.99172115,1.85588,0.13025807,0.8901965,0.17308536,0.010989903,0.058519315,0.0005736406,2.3914816,0.9489932,2.4262507,2.5046244,2.1909661,0.01739141,0.108894505,3.526478,1.6284506,1.3146328,0.6803838,0.25550744,0.09733643,0.0,0.8937477,0.58801633,0.3196601,0.4862002,2.382843,0.59697354,0.004121186,0.7754744,1.5082234,0.110237375,0.8304699,0.2929293,0.5414762,0.054997303,1.2103862,0.22933777,0.53836894,0.26238224,0.008976509,0.30278873,1.8822757,0.2920461,0.30924073,0.08058839,1.0570806,0.25663438,0.9430159,0.3375659,1.0635691,0.7059508,0.5068894,0.67530495,0.8734213,0.4270413,2.3703034,0.0,0.74507433,0.8811066,1.0792079,3.0894585,0.9572619,0.24820264,0.27919894,0.0796682,0.5065526,0.2384875,0.1157365,0.85064834,0.37621477,0.021242125,3.6624222,1.8839935,0.29282963,1.9205501,2.7926524,0.5473313,2.1504707,0.57527006,1.1022512,1.3452698,0.024079902,1.371334,0.060851898,2.094513,2.4007356,0.062302127,0.42639345,0.22900449,0.28374314,1.3471665,0.23955117,0.19502296,1.1290786,0.9398014,1.1754678,0.22311181,0.22224025,0.34170538,0.5504542,0.56458855,0.31408706,0.74224156,0.88699496,0.74060166,1.2791115,1.8722092,0.3850865,0.0392441,0.0016225402,0.0025042135,0.1890946,0.39165008,0.15472452,0.14553267,1.4191507,1.1884512,0.75208235,0.02572329,0.1908132,0.507972,0.0022875112,0.11829216,0.5041486,0.03045554,0.2594671,6.7698145,0.4061826,0.55768013,0.74257416,0.90940714,0.068977036,0.630185,0.92004114,0.44204438,0.1488851,1.0014057,all_pothole_images\pothole_images_image_2.jpg
1.9311218,1.8501706,0.49595332,1.609312,0.3223087,0.8238847,1.1280596,0.019777335,0.18183556,0.6453974,0.30199903,0.8220861,0.5192905,1.5058403,0.5069115,0.30704042,0.050689418,0.8850228,0.34606946,0.074549355,0.8945079,1.5487721,0.93893915,1.1006362,0.35487303,0.19685988,0.9658175,1.1401693,0.32670859,0.44078434,0.6380095,0.15775248,1.2354417,0.16247393,0.619643,0.3748319,0.575525,1.172374,0.05848227,0.3018999,0.06316982,0.6779366,0.18909727,2.125373,0.31652838,0.04155802,0.090289176,0.12070396,0.55921626,0.17963755,0.53675693,0.063939765,0.36113563,0.048253875,0.0262347,0.50504476,1.3745176,0.5096722,0.013383342,0.4095359,0.009705248,0.10903296,2.1241424,1.7003404,0.7787979,0.19155222,0.25096866,0.14723071,0.035826314,0.8913926,0.33992422,0.42815143,0.027996246,0.48846194,0.027928824,0.35452092,0.92533296,0.84603614,0.16906421,0.41719797,1.0595059,0.2781202,0.23531622,0.75251794,0.702088,0.5321154,0.0860942,0.0011145172,1.3890833,0.08079627,0.1513791,0.47218692,0.22517456,1.0137981,0.5786979,0.020639015,0.40517962,0.29122192,0.065691486,0.049704593,0.21999209,0.9569094,0.3941546,0.08573611,0.15848309,0.025993682,0.2991473,0.04330414,0.13667895,1.0850626,0.0,0.59039944,2.1875968,0.17702487,0.37016302,1.2986782,2.7220247,0.5062659,0.60541177,0.10793965,1.2560936,0.09109971,2.006144,0.0779662,0.24039786,0.48859623,0.40282747,0.4089507,1.9310377,1.2122928,1.1382525,0.93258417,0.5758743,0.2879624,0.44601563,2.0054243,0.35502166,0.0029976058,0.68037134,0.2884551,1.3943901,0.048743714,0.4956875,2.2209086,0.7625975,0.62200546,0.06246222,0.3997068,1.0224894,0.5189036,0.9955067,0.5374014,0.021577913,0.34561202,0.7188319,0.2310503,0.25487304,0.7173767,1.0283419,0.3023514,1.4098806,0.6133977,1.0580912,1.0787872,0.26547095,0.36073124,1.467031,2.5906382,0.7569957,0.8118218,1.2163235,0.3702503,0.2351328,1.8825191,0.482396,0.5675008,3.0688663,1.0017234,0.34709555,1.2864293,0.25136477,0.07127515,3.3462906,0.05640846,3.3081994,0.72663766,0.79862136,0.036277164,0.019712392,0.35472706,2.5733912,0.1252141,0.020892289,1.6910986,0.4025535,1.0229423,0.07565089,0.21464662,0.6358582,2.2660558,0.10501093,0.07326127,1.966638,1.0527823,0.083626114,2.378102,0.050193135,0.81890696,1.0595093,0.025672287,0.1913803,0.8105829,0.88245034,0.5028611,0.49777365,0.18751726,0.4512484,0.4293621,0.6484432,0.14684005,0.7584567,0.11639382,0.019451197,0.30504265,0.0,0.9528092,0.7982026,0.4277114,1.1268107,0.22695225,0.11196971,0.30414414,0.5638177,0.260407,0.10681847,1.2102406,1.2093079,1.3331001,0.2915529,0.1371873,0.579995,0.23119424,1.8998446,0.40317944,0.15240473,0.21225183,0.5429128,0.29756585,0.6105216,3.4216552,0.8172982,0.11115259,0.14204343,0.4800784,0.06209622,0.625757,2.033652,0.15120648,1.2365173,0.6853761,0.83577335,3.0443614,0.21983555,0.095219076,0.014782283,0.26336676,0.09871604,0.44270128,1.3630847,2.790889,0.06205583,0.4474193,0.14946797,0.44187498,0.21378696,0.7175721,0.3959179,1.151895,2.5574563,0.43675312,1.603966,0.1578303,1.7502525,0.8204218,0.2864238,0.2997643,0.33308315,1.2723889,1.2973871,0.5240538,0.16977896,0.66189784,0.3061218,0.66246873,0.04146257,1.587639,0.049017657,0.08733896,0.84613806,0.9703942,0.36907724,0.76880795,0.0,0.023116985,6.8119326,0.20580766,0.46456414,0.30414465,1.1685306,0.033087928,0.00987286,0.6577272,3.2038624,0.77519286,0.93402964,0.29274544,0.11195184,0.11393495,2.8902762,0.3346367,0.41452208,0.28678906,0.49261898,0.933087,0.06332036,0.07313421,2.1275332,1.8334291,0.2918958,1.1057445,4.584915,0.5931401,0.75812835,1.2165756,0.7685941,0.50456566,0.93373394,0.3946371,0.2923036,0.40831006,0.15685177,0.99051213,1.0811185,0.9109923,0.31515485,0.2776184,0.105827145,0.2236337,1.5981784,0.5395693,0.37513414,0.71737885,0.0,0.0027365189,0.34586048,0.120444596,1.7257214,0.3033947,0.18779169,0.12331557,0.12202169,0.1583748,0.6686856,0.2987065,0.027233101,0.25961447,1.9879447,1.5282938,0.06961368,0.50477153,0.8554569,0.17690292,0.35618466,0.071135454,0.167222,0.44870853,0.19876724,1.1519436,0.1925093,1.1809801,0.02759567,0.39401284,0.59990495,0.8471113,4.1576605,0.14413162,2.6953604,1.1622034,0.0,0.9480629,0.66825277,0.16179223,0.15210174,0.07206089,0.5238493,0.033571605,0.3000994,0.19157365,0.26206568,0.0791341,1.4300513,0.32090876,0.33933172,1.2431846,0.1314439,0.18319193,1.159527,0.11269115,1.0728897,0.5846605,0.011824176,0.07140541,0.326474,0.5582253,0.19161859,0.21441232,0.05066568,1.0643183,0.22975111,0.26893,1.4617652,0.22822161,0.74250424,1.4810475,0.23135935,1.3913184,0.60139614,4.288694,0.33354175,1.3040595,0.408857,0.80483025,0.012780928,0.3978592,0.4335113,1.3281766,0.62189955,0.2542028,0.18647285,0.37994358,0.49780747,0.028726893,0.0096016005,0.11031711,0.17082602,0.40051478,2.6050527,0.024436863,2.1524184,0.4111627,2.1409042,0.6660215,0.15727586,0.53857154,0.9646563,0.07348292,1.5140773,0.0,0.530416,0.634267,2.9651208,1.1768603,0.7517332,0.0,1.2592068,0.18742487,0.022859192,0.87261593,0.0,0.85301137,0.5125412,0.603557,0.6835963,2.101835,0.34747288,0.030517245,0.25105792,0.97337556,0.124471195,0.26928493,0.09579843,2.599274,0.79614794,1.0190846,0.0,0.22090553,0.42576072,0.061000142,0.13322362,0.86698365,0.02990001,0.9789943,0.10147538,0.6495767,0.012155521,0.012582847,0.042558957,0.248274,0.039612245,0.5318359,0.62787557,1.1988809,0.3820048,0.7664246,0.64394975,1.342865,1.267309,0.50104415,0.2187261,1.3850144,0.1789376,0.036977004,all_pothole_images\pothole_images_image_20.jpg
0.92315626,1.852434,1.1188809,1.9304037,0.7319712,0.5245309,0.27589104,0.044626154,0.7480775,1.2043302,0.020868098,0.2605821,0.4362199,1.2336388,0.010134516,0.40541393,0.35301673,0.18533567,1.1226262,0.14103721,0.17499459,2.7993524,0.13578126,0.86839914,1.7575012,0.2838251,0.0,1.5095516,0.07050514,0.25750738,0.9212566,0.2656111,1.5757499,0.3174582,0.1435908,1.0148976,0.41655332,1.0805752,0.5349035,0.8204573,1.2766001,0.103477515,0.22830647,0.076693736,1.4103125,0.33079278,0.43597627,0.06391451,1.3496931,1.5658917,0.70028543,0.0,0.025359483,0.13298813,0.099895425,0.99374324,0.44689572,0.19250928,0.48875573,0.027643712,0.0,0.080672994,0.22348134,0.4930578,0.21510904,1.769274,1.1651539,0.1353684,2.8703463,0.82145166,0.4163007,0.58256704,0.5516172,0.40215123,1.1529124,1.4845372,0.19436985,0.5618084,0.88916045,0.25050506,0.0,0.40684867,1.032162,0.9818446,1.7278546,0.87843245,0.40237147,0.14016093,2.8429768,0.89516807,0.18112114,0.45832202,0.008943643,2.0919569,0.6454237,0.0,1.1537883,0.5281798,0.23743936,0.0,0.6997716,0.6221387,0.53990287,0.0,0.5139278,0.10851078,0.30026716,0.7141532,0.038364634,0.5139789,0.03381916,3.7367392,0.80369836,0.8813836,0.6800435,0.24637876,2.4266756,0.98827803,2.7347147,1.1169829,2.6534667,0.92909503,0.42045453,1.3729881,0.18592994,1.9561362,0.007778746,2.674754,0.4377073,0.17253833,0.57378924,0.0,0.08298322,0.09455582,0.78312135,1.2393714,0.46619198,0.79019344,0.878992,0.21045357,0.22065957,1.6942155,0.0919906,0.69883394,0.0364429,0.5602443,0.0006163895,0.46642634,0.86991143,0.3184159,0.627077,0.62458915,0.11747276,0.40955758,2.1099355,1.2409598,1.1055044,0.43929073,1.4694318,0.01414498,1.2856706,1.7921236,0.6589738,0.15702403,0.31204692,1.4658561,0.99170697,0.0068833176,1.9780343,1.1922584,0.008873067,0.0034440025,0.0,0.2801694,2.0345333,0.026899401,0.41144404,0.21619333,0.16257575,0.03412786,0.0,0.91207606,1.709821,3.290478,1.8575495,2.6375828,0.40640724,0.17578718,0.499349,1.4383175,0.49367896,1.100334,0.0,2.753886,0.26747403,0.61463755,0.41093,1.559133,0.3683229,1.0696279,0.88093007,0.9227029,0.77973205,1.1962852,3.3212986,0.5391706,0.5778726,0.4002506,3.0918422,0.20551853,0.0065462515,0.1502908,1.2207481,1.1320963,0.8530579,1.9907091,0.12869842,0.14498082,0.97898114,0.5998414,0.36397296,2.7986033,1.0745794,1.5143946,0.03222712,0.012990305,1.992387,0.2344216,0.8420437,0.18104002,0.0903302,0.04958624,1.9718945,0.21967685,1.0794642,0.32505247,2.6509798,0.18540327,0.1797909,0.23304312,0.8633635,0.743749,0.64669186,0.8121056,0.35338196,0.033919167,1.982591,0.5378457,0.20185715,4.8687396,0.7260584,0.84902936,1.1291173,0.56572527,0.045440864,0.21420953,0.8688101,0.4878637,1.3893071,2.2672765,0.006848344,0.00052387174,0.2911464,1.5240366,0.012269438,0.54830724,1.2159606,0.107916765,1.0138209,1.5749705,0.2680193,0.0044594016,0.30376157,0.0035170964,2.433289,1.4837668,0.58403,0.2275741,1.564946,1.6159852,0.105029844,0.57757497,1.4408457,1.298676,0.8950247,1.3775687,0.9054615,0.23827346,0.6557898,0.8228238,0.20475663,1.0082679,0.04077152,2.8359518,0.12482145,0.076387785,0.56766915,2.7086132,0.43424493,1.3808922,0.06356182,0.673762,0.22163136,0.46946084,4.7178063,0.6945781,0.6773289,1.6451429,0.41730452,0.053618032,0.5976782,0.8058759,5.8555694,1.5930501,0.023202434,0.8736544,0.007338204,1.9132388,2.2400243,0.14475156,0.62291217,0.13342574,0.13689476,0.8282022,0.36542907,0.006801207,0.36258844,0.2050993,0.20006129,0.53594005,4.4623127,0.15998761,0.1087563,0.0,0.0,0.4911536,0.50000954,0.38283113,0.14065924,0.18743555,1.0777622,0.9175029,2.960605,0.0,0.76650774,1.1063477,1.2558519,0.013452863,0.7918533,0.19934839,0.40785372,1.4162122,0.16988139,0.59999985,0.54562867,0.24896815,0.12685241,3.4584892,2.290686,1.7082084,0.007939633,0.1922312,1.2000598,0.15252152,0.0059045977,2.227567,1.6127194,0.2802869,0.60904694,0.76076174,2.0381758,0.32733527,0.9142235,0.012195784,0.62813705,0.88334644,0.087331206,0.9601675,0.00086649705,0.64201325,0.6453769,0.80681205,0.31277108,0.83620274,3.8500545,0.44304988,0.4782877,0.11516679,0.17885303,1.5974146,1.1706665,3.3996942,0.5902711,0.7634382,0.0,1.042722,2.4662268,1.296419,0.07650528,0.3882777,4.7327685,0.19319277,0.77097404,0.52552277,0.7027624,0.42211625,0.46036458,0.951003,0.008268576,0.003114327,0.2777267,0.03384248,1.0026146,0.55022156,0.1604037,0.016076205,0.738945,0.39164668,0.8346747,0.23352775,0.9310951,1.0924565,0.27616873,2.7146,0.52029645,0.48909384,0.12998804,1.7462057,0.34215114,2.7623076,0.9346362,0.08643396,0.27891156,0.8034013,1.3864161,5.414541,1.3992736,1.0045735,0.21691163,1.259338,0.51574403,0.10027602,0.11825962,0.12094849,0.6046581,0.008924919,0.20429339,0.40542695,0.4336968,0.49544275,1.32848,1.1024643,2.8282697,1.3235825,1.6915575,1.4786104,1.0816798,0.5653737,0.58150846,3.1787257,0.23266175,0.58489496,2.6086612,0.03024672,1.4075015,0.76758564,0.6676901,0.032169707,1.3240229,0.28644896,1.1208549,1.5433197,0.18159734,1.4900184,2.5848336,0.20445672,0.0026549653,2.719678,0.9059494,0.7393173,0.46671262,2.933894,2.8216584,0.69316053,0.07804553,0.5798982,2.2202892,0.81366235,1.4020799,0.103080064,1.5765004,2.5643144,0.67383957,0.0032578474,0.34712198,0.012836223,0.15861408,0.8620279,0.2873851,1.0333977,0.20100136,5.9452167,2.0947287,0.3370131,0.20435756,0.8654648,0.20185542,0.54357016,0.7583622,0.50102776,0.06044992,0.8358195,all_pothole_images\pothole_images_image_21.jpg
1.3270158,2.4075236,1.6434107,1.9422919,0.65469533,0.9804939,0.032520883,0.37691626,0.48197532,0.3592789,1.0901357,0.287826,0.16108516,0.604214,1.0083176,0.09948283,0.42102742,0.048255555,0.61392015,0.8161676,2.0430424,3.436792,1.2014188,1.498456,0.12797953,0.23092233,0.90482384,1.7859932,1.6224462,0.45971006,0.46371555,0.117990345,0.48610523,0.0,0.24433556,0.85664696,0.77970785,0.8157271,0.7744026,1.618864,0.18441504,0.18258749,0.21448915,0.48531863,0.45439875,0.4047683,0.598085,1.1054991,0.800303,0.25834477,0.1596666,0.9168279,0.60815835,0.037471328,1.2286122,0.5008438,2.9088347,0.0013906416,0.34974986,0.6567582,0.3603953,0.3433441,0.5180497,0.115633145,0.56083447,0.990026,0.26109374,0.22655743,0.9570587,0.31008497,0.44854107,0.22446711,0.5554322,0.20801783,1.8680593,2.519411,0.33539292,0.443699,0.03719031,0.09058758,0.16437113,0.46394566,0.6494838,2.7519276,0.90211725,0.9725714,0.113636464,0.05678611,2.7502222,1.1257874,0.005666773,0.4371017,0.21123506,0.6188015,0.4670382,0.27420348,2.436029,2.834964,2.524823,1.228657,0.26705256,0.8674522,0.44762945,0.88528925,2.1543736,0.06360361,0.07534426,0.42933634,0.5044614,0.7916389,0.61976963,2.6340692,1.9633272,0.08577915,0.051995452,0.7039819,2.401277,0.043612227,0.7441837,0.91318375,1.5771663,0.3302144,0.500606,0.5290888,0.15788026,1.0658978,0.57585573,1.0009341,2.8651571,0.3695267,0.59659284,0.03446902,0.20744108,0.5140631,0.32842693,1.674222,0.11303032,2.085306,0.17442636,0.03044734,0.51789653,1.0130068,0.637905,0.16742808,0.23543641,0.45915973,0.8929655,2.7113636,0.47385547,1.3109187,0.8472594,0.3019575,0.31178784,1.1546129,1.605474,0.03091836,0.48355564,0.32246664,0.8153544,0.65201885,1.084762,0.25877792,0.6786052,0.3388222,0.66459554,0.62148714,0.91479474,0.08155785,1.142885,0.0,0.10040746,0.044783626,0.83411235,0.37907872,1.4957168,0.10270049,3.4062545,0.06780618,0.264993,0.3396632,1.7492431,0.60309523,1.4808402,2.0413785,4.3750076,0.5589612,0.34426892,0.4755298,0.2804541,0.7626316,0.0,1.0757926,0.18778582,3.5805433,0.49630612,0.2775618,0.0067624375,2.7717104,0.5936937,1.1416405,0.8628488,0.98187536,0.3929828,0.56477165,0.384684,0.43894857,0.16372356,0.28461215,0.25923157,1.0713242,0.057228643,1.4627289,1.2897745,1.061485,0.78549564,1.53328,1.1066254,0.88570553,1.2427566,0.9995425,0.04473005,0.86108536,1.3694252,1.0326264,0.15349515,0.22551933,3.3621242,0.004985079,0.65344113,1.5706971,0.6251514,0.122352354,0.10809204,0.03190522,0.16312563,0.47409174,0.6345147,0.19846797,0.07314959,0.037663557,0.3719043,0.45569244,1.1268668,0.6386983,0.038025882,0.010777787,0.76343447,0.6421085,0.6098995,1.9181942,1.2410945,0.087082796,0.70142776,0.46543744,0.12344642,0.031166079,1.9470942,0.13870037,0.54583305,1.0478925,0.088398114,0.09026996,2.7167215,0.17324364,0.24284948,1.2237701,0.09864979,0.66183496,0.6230454,0.8846141,0.47559983,0.24954301,0.022758996,1.1594197,0.9483267,0.7506108,0.5605497,0.15133011,0.1596746,2.2951741,0.118360125,0.23407972,0.19504796,0.76636875,1.7159108,0.2507003,0.16858573,1.0111233,0.99892503,0.744533,0.6629608,0.27499965,0.09212907,1.9760891,0.24627244,0.35349062,0.71524596,0.039359797,0.7664473,0.59839237,0.0,0.52501994,0.33353087,0.77564144,2.4447236,0.9319341,0.12105364,1.4519105,0.2762542,0.39995408,0.4040807,0.66664374,4.3110094,0.028191717,0.0023161063,0.2758631,0.024265511,1.1721878,0.010942654,0.18021236,0.12218934,0.2306019,0.023570979,0.24405989,0.5188095,0.38838136,0.9363925,0.3137819,0.55882263,0.29228503,3.7484035,1.1997216,0.04904058,0.20646945,0.96225876,0.6406871,0.80140686,1.1379762,0.94692075,0.13114686,1.6424592,2.215456,0.8080859,0.030291473,3.207233,0.14315423,0.48167458,0.8736329,1.2711108,1.6185838,0.70301425,0.17744796,0.2236377,1.053142,1.192167,0.37445855,0.60424733,0.18085143,0.33873078,0.266103,0.24651171,0.18081155,0.53472143,1.1685288,0.51460075,0.27964398,0.8414431,0.5070732,0.3981051,0.15167129,1.0468254,0.36911586,0.47775212,0.54577893,2.8588688,0.35144988,0.83196604,1.2968739,0.7376751,1.0598993,0.19501641,0.007030057,2.602811,2.8829029,5.721143,0.26753467,0.6490821,0.15733604,0.08432598,5.2461734,2.972291,2.3361337,0.37050095,0.6737624,0.31964082,0.24216126,0.7470764,0.07422118,0.057166692,0.30480716,1.5840492,0.2184755,1.5770214,1.2808475,0.63365346,0.019538905,0.848312,0.45942575,0.97805005,0.05412054,0.16238746,0.13743494,0.5723599,0.23430656,0.09393458,2.000264,2.1475413,0.021327997,0.41609064,0.07683822,1.7226677,0.66183645,1.3328319,1.7902802,1.5387782,0.4879731,3.068778,0.7651601,2.9432416,0.7062276,0.15008266,1.0027057,0.21597636,0.7898591,0.42889583,7.4442964,2.1475132,0.0595711,0.6066804,0.017735522,0.6260864,1.4209687,0.028505515,0.3247168,0.025966922,0.14689708,1.4197189,0.08082547,0.18309154,0.77862614,0.6362992,0.5151222,0.5005604,2.911672,0.37782517,1.948757,1.9644837,1.3822902,0.23755164,1.9194007,0.16551177,2.6406848,0.17413573,0.029518144,0.9788815,1.6167045,0.0720108,0.7493366,0.82017684,2.5853782,1.9625747,0.041326005,1.3136225,0.060999684,1.2755033,0.4233719,0.05872604,0.77338344,0.03514528,0.99052787,3.4387267,3.312849,1.2910013,0.34648108,0.005517924,0.106381014,1.997027,1.0263703,0.97614145,0.040780175,0.6658579,2.0998113,0.043960348,0.33250022,0.5967463,0.45246848,0.6668768,0.09308136,0.55890757,0.025433637,0.12482301,3.6076248,0.83325654,0.06665379,0.33114126,0.05847454,0.20161228,1.1350616,0.48879054,1.9552091,3.6523192,1.2275279,all_pothole_images\pothole_images_image_22.jpg
1.126657,1.2474747,0.8024578,1.3050082,0.06529407,0.34751362,2.2598758,0.27257636,0.4288587,0.81305087,0.44342858,0.35960662,0.36596844,0.07682502,0.2677406,0.6813138,0.07057724,0.6108472,0.8512164,0.3531255,0.5944031,0.5830906,0.2773939,1.2100297,0.2584585,1.5309143,0.9146123,0.3494091,0.091150224,0.6723412,0.2939134,0.9734976,0.42576015,0.29272887,0.5538409,0.56199014,0.18358265,0.5596463,0.12933193,0.18236618,0.44144237,0.40849712,0.95416677,2.6215975,0.35456634,0.675642,0.107723914,0.30065912,0.43098426,0.5254131,1.4472401,1.2221283,1.0805025,1.2007623,0.9748086,2.0918996,1.2339624,0.76783586,0.71698636,0.05097827,0.2611626,0.7384548,0.20665278,0.07814584,1.040119,2.478542,0.8852287,1.5464778,0.4809529,0.1199454,0.3494201,0.24542892,0.036885854,0.46568063,0.44909012,0.5565563,0.5915879,3.2683003,0.16888274,0.27465937,0.29799378,0.3025893,0.035963975,0.37810415,2.591336,1.3621496,0.6487497,0.26650807,1.8478452,0.34167784,0.66032064,0.42560107,0.1964898,0.6477425,0.0038929323,0.5109427,0.09459532,1.2895635,0.6207416,0.40631306,0.35011527,0.8466713,1.0344303,0.24312985,0.46107066,0.30847526,0.7405757,0.59361696,0.15200321,0.40793,0.002296911,0.7334025,1.4874756,0.3317463,0.6055277,1.1822232,2.0566623,0.3279919,3.1685252,1.0974451,0.41513544,0.015495251,0.17142709,1.3277247,0.860968,0.8232928,2.0861347,1.1468132,1.4601531,0.026454054,0.52214426,0.16735108,1.6660181,0.0028021708,0.6165213,0.13963947,0.8951135,0.23563978,0.7035645,0.53050166,0.39835083,0.28780493,2.068615,0.4580649,0.73361576,1.0097561,0.45146093,0.42433625,0.5537655,0.5604099,0.9435141,2.4887574,0.45943132,0.0,1.3144684,0.6136668,0.7106372,0.0,0.4556106,0.46286336,0.051159136,0.27748778,0.063787125,1.4697351,0.16997108,0.698805,0.3680387,0.23181874,1.1897737,1.3254371,0.5285708,0.036984712,0.27764928,0.1379689,0.6421627,0.4893204,0.17775808,0.0,0.93568265,0.32030728,0.45612094,2.0453515,3.0758915,2.439214,1.3313905,0.38179427,0.46906802,1.8802019,0.53341186,0.41621596,0.49536908,0.034078937,0.09496293,1.9851573,0.01768168,0.31234875,2.167082,0.776528,0.026937775,0.9749355,0.2249478,1.2941282,0.29943016,0.35856146,0.8736376,0.28420404,2.2064583,0.33229998,3.0089471,0.41539764,0.0,0.15870148,0.63585234,1.5796478,0.49379063,1.0018605,0.45579875,0.3387151,0.7483201,0.01963955,0.20784941,1.0031236,1.1461108,0.0,0.85322607,0.46416807,0.7322924,0.7109284,0.41198775,1.0338904,0.27739695,0.13762264,0.56760114,0.0,0.4674481,0.08811008,3.3314712,0.62057793,0.004251951,0.17250162,0.106048845,0.87394446,0.0137562165,0.32144934,0.07742917,0.076072164,2.1654158,0.3083606,0.82845736,2.7201407,0.88994,1.4246247,0.86721385,0.19344234,1.5936127,1.9577663,0.37627107,0.4377223,1.1281466,3.4125807,1.167365,0.66474414,0.7398886,0.057387102,1.320252,0.30096516,0.028138919,0.8565611,2.7884614,0.013102028,0.8924502,0.021236712,0.108616866,0.35642716,0.41351435,0.7259285,0.02134227,0.53291523,0.8916845,0.26262134,0.49521843,0.45438758,0.5006592,0.16710612,0.07174941,0.1951956,0.31093284,1.734776,1.8999565,0.11712062,0.3970978,0.97028357,1.2991134,0.30616918,0.34913853,0.78216535,1.063824,0.2868026,0.24551408,1.133407,0.27480918,2.1125736,0.8573352,0.634341,6.953491,0.42218158,0.8054937,0.017165953,0.01392481,1.6865994,0.9181993,1.5931885,0.9758067,0.7198225,0.20287357,2.152308,0.0,0.38388488,2.000046,0.2805632,0.61951053,0.42658895,0.63200897,0.39645073,0.42379844,0.8328954,0.68657273,0.09754416,1.9537772,0.26747504,1.9833484,0.20621549,0.45501232,0.09058101,0.87744546,0.34245375,3.166885,0.45325232,0.045993533,1.058513,0.53534096,1.0891186,0.6911817,0.29760578,1.3218572,0.40459,0.07373795,0.27682596,0.23762643,0.47894746,0.2926312,0.16898951,2.4312966,0.0377902,0.16604483,0.5214929,0.06687298,0.5273994,0.13191263,0.90388376,0.0027726535,0.027988078,0.13738425,0.59695953,0.36886114,0.056012608,1.6606631,0.30129248,0.071315594,0.29807344,0.59286714,0.16974464,0.2867871,0.011777303,0.58581346,0.03486282,1.4270432,0.033385552,1.8731132,1.2639625,1.2428248,0.44570592,0.45182654,0.4034826,1.5571566,2.74776,0.4283389,0.03468961,0.67803454,0.6764507,0.9400314,0.27702776,0.17411768,0.18583663,0.105632864,0.0,1.6185869,0.15227552,0.22604401,0.1834619,0.9229978,0.39979482,0.70131874,1.1375995,0.5730492,0.37395185,1.0923921,0.7311766,0.29188246,0.7818073,0.47128156,1.0306768,0.2302264,1.1774739,0.008558545,0.2459574,0.630832,0.10796399,0.22042663,0.51481044,2.145599,0.9684581,1.7207893,1.8878728,1.5807638,0.039506212,1.0164121,0.89827454,0.18813503,0.18272084,0.0483354,0.2711901,0.88918895,2.492341,0.7164684,3.7309837,1.9489578,0.7243874,0.0073056603,1.0840477,0.6298607,0.49159753,0.063630834,0.14403501,0.8505607,0.0026296838,0.80197674,0.47459617,0.7047463,0.34591165,1.0561891,0.2272194,0.9519221,0.58944404,0.794118,1.0960115,0.2820863,0.15628682,0.21964426,0.77449286,1.4479697,0.37493607,1.9642966,0.63703907,1.1099792,0.061267413,0.44576395,0.104823716,0.26167905,1.8920553,1.2507331,1.0086827,0.22194041,0.26311156,0.3233841,0.987462,0.90850484,0.58845973,0.42051664,0.44681442,0.6326347,2.6474376,1.325841,0.4776456,0.017334504,0.5129211,1.0383246,0.24524555,0.0808253,0.059515573,0.49897406,1.3601432,0.06760187,1.6971959,0.82362425,0.36426574,0.25508323,0.018174885,0.2849112,0.08913008,0.57640755,4.70544,0.7908808,3.0819192,0.43826693,3.5030859,0.41031075,0.2809027,1.3252441,1.3870744,0.026151383,0.20607919,all_pothole_images\pothole_images_image_23.jpg
1.7519002,0.98555934,0.3797088,1.4430785,0.3046024,1.0775045,1.2518091,0.4358747,1.1063478,0.6131777,0.33330166,1.5706763,0.49731562,1.8174495,1.1831907,0.6447726,0.2550835,0.33637536,0.67045146,1.0198125,2.0793865,1.2212241,0.18231915,0.9746601,3.0256858,0.55856246,0.34811485,3.5560691,0.3371103,0.5051262,0.1581447,0.45284417,1.6652628,1.4221077,0.36883092,0.53761184,0.04808849,1.0499929,0.30931666,1.4276004,0.2964007,0.6803653,0.24834134,0.83691055,0.8657972,1.6795285,0.012493368,0.45621735,1.4060467,1.8129777,1.8928229,0.13759162,0.665164,0.8048931,0.39795023,2.0303385,0.8754225,0.46076116,1.3367875,0.12772538,0.03407024,0.4066373,0.7931703,0.5447381,0.10213255,2.443835,0.94194436,0.036353167,0.05817236,0.1346625,0.25809836,1.0181515,0.38104922,1.1214948,0.84582484,0.4662885,0.27932322,2.7078016,0.0011599334,0.36203057,0.28990632,0.27014402,0.5213152,0.32249412,0.6157063,0.8943937,0.7115491,0.9907825,3.1616347,0.11753337,0.8051942,0.1071905,0.36040732,0.6016796,0.7451002,0.0,1.1337463,0.66281563,0.33583146,1.1214899,0.011233014,1.7470847,0.86261636,0.8340213,0.24579465,0.69647324,0.7390277,1.247311,0.28984284,0.5908079,0.3760173,3.2693424,2.10979,0.15579763,0.6283657,0.5041087,1.0223933,0.08117568,0.7929227,0.7980275,2.3120456,0.13808075,0.15426886,0.81675214,1.9721693,1.0088981,4.800726,0.13685814,0.5157843,0.17478955,0.10016252,0.08435285,0.03065119,0.2987026,1.0376581,1.8352784,0.95623505,0.8631819,1.4555527,0.4444842,0.21275002,1.6760936,0.0,0.13541953,0.67787254,1.598258,0.2427153,1.3045452,0.8833439,0.6712116,0.89660114,1.067646,0.0054136296,0.22148053,1.2311054,0.59110534,1.4331285,0.0052929944,0.82161486,1.8216537,1.3271366,0.6783822,0.24777527,0.86305785,0.2005255,2.3971362,0.47663522,0.073835686,1.5113084,0.6970152,0.19369358,0.11260377,0.15140791,0.30286667,0.19659603,0.6861194,0.60670364,0.051977653,0.20926541,0.6812828,0.03459053,1.7843119,1.5799718,0.82366866,1.3985639,0.008362986,0.5949952,1.891681,1.1357248,0.4786349,1.3252182,1.1786344,0.0,1.5931488,0.13582785,0.27182972,1.0450518,0.7941228,0.89187264,0.45701382,0.7173923,1.5931702,0.26385292,1.2345737,0.34509322,0.6322968,0.63842434,0.3244306,0.34728888,0.18240099,0.0922055,0.05472133,0.6770933,0.29835084,0.74977756,2.6015294,0.62581927,0.18602705,0.29400545,1.1678767,2.4194944,0.13165617,1.5782415,1.2643375,0.16897535,0.8477926,2.5401452,0.12052153,0.26349163,1.8247341,0.4913815,1.1310519,0.59516454,0.8730242,1.1103418,0.5461632,1.9764519,0.16965277,0.07133762,0.046098743,0.47509897,0.33855337,0.5950021,0.11188798,0.071558885,0.0063108266,1.1056753,0.18255903,1.6608711,2.8825393,2.4055378,0.6051573,1.6962135,0.53237706,0.6129029,0.73798686,1.0969255,1.4731904,0.09549378,2.9424796,0.14317869,0.11693387,0.5192917,0.5812242,0.79701775,1.7197413,0.38870916,0.97223145,2.2665193,0.082249865,0.9151195,0.039102122,0.31865388,0.57938945,0.6894305,0.29110152,0.19087826,1.0679224,0.6553119,0.12004465,0.011699007,0.9063549,0.5257963,0.5444114,0.41856715,0.48757645,1.701269,0.18530536,1.6649964,0.26097834,0.45604113,0.44082773,0.4971926,1.0087935,0.1357576,0.48570213,0.25895196,1.2870396,0.5560522,1.7305655,0.34871486,0.7324885,0.37409294,0.38048393,3.160783,0.8505226,0.015849208,0.20706901,1.3964328,0.53981876,0.40537095,0.9847443,1.7361609,2.4210489,0.24236356,2.0732362,0.16026063,1.202214,2.7167602,0.07755764,0.17306902,0.47884396,0.31540424,0.5312487,1.8397973,1.0524384,0.35186657,0.04151334,0.84959567,0.41929656,2.0973597,0.31828776,0.24469593,0.106485344,0.076932296,0.415168,3.07544,2.1527853,0.030316932,2.0920556,0.69765216,0.5194862,3.359198,0.97476566,1.1682965,0.33715594,1.3187028,0.42745334,0.19149755,0.5304832,0.72325206,1.0218956,1.1283594,0.83483773,0.8205177,0.013492216,0.36224863,0.6837698,0.3865185,0.7924283,0.35537532,0.09860282,0.6519922,1.3768224,0.23301023,0.5825062,0.43422207,1.1755236,0.38487744,0.51652104,0.50182873,0.7101712,0.53212696,0.3535981,0.68827385,0.42029718,0.0010296782,0.2904639,0.96234363,0.26045796,0.6653165,0.064259596,1.2517451,0.8921647,3.389253,1.0416957,1.0817833,0.0,0.0875605,1.7698203,1.3659775,0.11076247,0.20215645,0.40052238,0.0,0.3834431,0.95100635,0.46495107,0.50788367,0.51320237,1.3124213,1.5114182,0.3885048,1.3242838,0.13214493,0.6710856,1.0172256,0.19918083,0.53338724,1.7041185,0.0801475,0.6839874,0.13814057,4.0608225,0.122451514,0.6257679,1.8153684,1.6917074,2.806331,0.7900337,2.5746384,0.8158213,0.2518995,1.5284816,2.731538,0.07889515,0.41563168,1.1437619,0.71996105,0.3176235,0.8979487,0.31776065,0.15631382,0.6444748,1.3133639,2.5879927,0.7945404,0.95919067,0.5151724,2.2620056,0.83896244,0.48179767,0.043982312,0.3026819,0.78448445,0.012118113,0.57885426,1.5221626,0.051978976,0.94400114,0.32363957,0.40657938,1.5639127,0.6250394,2.1801481,0.80133927,0.97100985,0.43163434,0.43844825,1.8992453,1.5145731,1.0621253,1.1466877,1.1230557,0.5345188,0.99797344,0.35634425,0.15202104,0.02415116,1.7862045,0.3798411,0.84077924,0.439489,0.06812973,1.893094,0.55979085,1.0521113,1.9673427,0.77624434,0.70558524,1.1600344,1.544763,0.57489043,1.0219327,0.92296845,0.017175188,1.079111,0.39232698,0.3442083,0.06301981,0.026035668,1.5571666,0.4545721,0.8295581,0.21141936,0.0,0.051859524,0.33637914,0.3266981,0.15989439,0.31565037,4.0166507,1.149096,1.1758183,1.3135892,1.3902189,0.88110596,0.2956953,0.3456121,0.65550965,0.23956287,0.540212,all_pothole_images\pothole_images_image_24.jpg
0.8851866,0.2455521,0.1694982,1.3245616,1.1169037,0.09978644,0.0,0.0488057,0.80666554,0.2723475,0.058240462,0.8319454,0.6592911,0.7788984,0.40872195,0.24137586,0.5495681,0.078512795,0.6175932,0.035054818,1.0927601,2.1237876,0.026414143,0.23391715,1.4584142,0.43083793,0.26628432,2.5449488,0.022265906,0.5051919,0.80040866,0.39997175,0.40953928,0.55200464,0.7058225,1.4681221,0.334197,0.5504202,0.8551252,0.79850596,0.0,0.0,0.3725529,2.6101856,0.38394192,0.44287732,0.10845316,0.20966086,0.7016343,1.703507,0.70399076,0.26408622,0.13544187,0.2630097,0.0038147392,2.7609367,1.1240653,0.10401879,0.24701636,0.13055411,0.0,0.23883548,0.6849065,0.2614207,1.1217631,1.4089336,0.42184198,0.07296074,1.0631074,0.22510205,0.15154609,0.53667885,0.23086454,0.4078385,0.119658895,0.14507186,0.1519504,1.0258487,0.32280323,0.25416192,0.22985041,0.05171182,0.015531433,0.8245862,0.91403794,0.26955485,0.33913618,0.3561206,2.641977,0.26685596,1.0405736,0.13506772,0.24126938,0.39087442,0.0,0.0037651495,0.46039662,0.3546652,1.082483,1.2311085,0.06383468,2.6028109,0.62587005,0.04362803,0.13430321,0.21476527,0.8263157,0.122185946,0.13098662,0.40776813,0.0,1.9948329,0.8119291,0.12563205,0.37027046,0.9204514,3.275695,0.5337917,1.6681857,1.2076513,1.8165501,0.012872796,0.23637226,0.96764886,0.7931592,0.2877589,0.49600577,1.3195283,1.7548457,0.005698377,0.19524784,0.0,0.48424864,0.22248326,0.1655563,0.58868647,0.36375305,0.61172765,0.90878356,0.042561743,0.7780493,0.091041625,0.012977013,0.8114378,0.17050743,0.8836514,0.52010065,0.24735318,0.6352048,0.2523901,0.55851173,0.26022705,0.12161825,0.00897673,1.0832291,0.7441456,0.70309275,0.03505448,1.6562612,1.5178564,1.0606021,0.64572525,0.04066435,2.6254368,0.09661465,0.3782739,0.4266721,0.072430655,2.1343622,0.54455894,0.016900454,0.040178683,0.03210602,0.056146678,1.1432872,0.0,0.39103255,0.07026508,0.13908668,0.40471712,0.08151994,2.9261506,1.5898182,1.3745805,2.7936902,1.1356803,0.6532644,0.9271048,1.5624797,0.4814309,0.73036623,0.66640115,0.05652647,2.0968165,0.17195508,0.41358137,0.73539376,0.13859427,0.10253687,0.063849814,0.5751631,0.9612098,1.2131416,1.5691723,1.8805964,1.1368357,0.62003404,1.1358199,0.57498384,0.23075125,0.0043055154,0.049376525,0.13116542,0.49706593,1.6701782,1.2794468,0.090627424,0.0039784857,0.73089015,0.009833525,0.79951507,0.8254592,0.6356733,0.20908076,0.19669904,0.62925273,0.2616069,0.6136809,1.3144056,0.15135501,0.09283261,0.07234569,0.7147527,0.7909495,0.124529205,0.21094227,3.4064748,0.04202471,0.085020326,0.2739797,0.027239775,0.17669813,0.082980424,0.050907455,0.73416376,0.008687224,0.27049768,0.14568107,0.31394115,3.6576908,0.72623986,0.4876747,1.2667303,0.85335475,0.2822337,0.34923694,0.42748532,0.27798557,0.19101639,1.4356989,0.0722812,0.018332554,0.51392746,0.83089525,0.95298475,0.4860835,0.37280795,1.0489913,0.4081439,0.34691635,0.0032304986,0.06278607,0.25092646,0.16782157,0.9938562,0.76941705,0.22206685,0.84142965,0.3380544,0.30352163,0.4231568,0.21442175,0.84914196,0.03427529,0.09678259,0.9732975,1.2505981,0.18340358,1.1930192,0.16006954,0.23131743,0.060963396,0.22475798,1.699787,0.09864566,0.03551684,0.3259789,2.3046486,0.72665507,1.1729988,0.30725038,1.1894022,0.008237024,1.0516852,5.0930133,0.28563538,0.17121142,0.25108513,0.22430734,0.8940856,1.1092685,1.1139959,2.2914357,3.1604843,0.26190302,1.5026118,0.17091618,0.72136456,3.7499077,0.35651162,0.38237587,0.13656662,0.28592727,0.50612444,0.74801844,0.8732638,0.3459614,0.025447937,0.54435205,0.13488318,2.5898216,0.27911362,0.20904219,0.036166485,0.3248579,0.40142104,0.1648866,0.39758083,0.39989585,0.9733651,0.32382473,0.115634724,1.8164713,0.29118067,0.792262,0.48586196,0.0,0.08967576,0.7214742,0.77439916,0.57966536,0.3234637,0.47355938,0.1668145,0.13351735,0.022525111,0.0772054,0.8762212,0.38079593,2.0716856,0.012389692,0.1917915,0.60396147,0.68534213,0.13630164,0.017926887,2.5992117,0.73848444,0.24514914,0.037708256,1.7076559,0.069178104,0.14181744,0.005809827,0.04244214,0.032329142,0.04350969,0.29310036,0.89267653,0.61365175,0.8673765,0.11467311,0.20821224,0.6158555,3.6587884,1.4641937,0.65234435,0.005054678,0.017744187,1.1446768,0.88398725,0.33122253,0.3091032,0.14490457,0.2961285,0.034747813,1.5028362,0.41491663,0.019291813,0.40801615,3.7954955,0.784717,0.041013133,0.2078385,0.467415,0.036781713,0.38359395,0.5272312,0.32452658,0.16479796,0.40715295,0.30991316,0.55713737,0.29518482,0.2562342,1.1131579,1.307344,0.11678057,0.4254225,0.0,2.5128667,0.47363657,0.4909101,2.009195,2.1902883,0.043482255,1.1113764,1.2377528,0.17246926,1.2785004,0.05128454,0.1507567,0.9807323,1.6075009,0.4598933,2.852335,0.47366175,0.50958735,0.3553449,0.6793772,0.79077315,0.30900052,0.3362063,0.5529939,0.95529735,0.055042826,0.35206696,0.36633697,0.03883157,0.6940445,0.88616467,0.3420449,0.38798562,0.7625248,0.27697718,1.0715036,0.041409507,0.28440168,0.40938988,0.53684306,1.830037,0.29556033,1.7982072,0.0,1.1363661,0.38896587,0.45085084,0.039166935,0.2973001,0.19826935,1.0080734,1.1877503,0.0004770708,0.3614711,1.0615518,0.047234077,0.46065533,1.2034485,0.76119804,0.014594024,0.04443406,4.5663924,0.5795717,0.4165029,0.15676221,0.14629695,0.12287884,0.06727974,0.4529745,0.13461843,0.6632835,0.77861136,0.123519056,0.41002148,0.01650615,0.040002204,0.026949335,0.24621488,0.3052082,0.15516452,0.4858591,4.0212216,1.2534711,0.74265754,1.2205045,1.6439984,0.101728804,0.0069670784,1.0086402,0.054044947,0.34737694,0.6341317,all_pothole_images\pothole_images_image_25.jpg
0.0923157,0.8930056,0.0,3.0670965,0.14501075,0.5589382,1.4034067,1.2059362,0.23071426,0.22406258,0.92794985,0.5939909,0.4981787,0.2737052,0.04312276,0.33492965,0.6027525,1.9010477,0.8104401,0.2226905,1.1980817,1.2569807,0.09848711,0.16290882,1.1040419,0.06062779,1.1827942,1.364979,1.9210014,0.3439029,0.054048527,0.49778977,1.7038524,0.07334432,0.12001697,1.1521281,0.28265616,0.03655976,0.0592468,1.2616782,0.10292522,0.8995692,0.22936848,1.0221239,1.1464789,0.2632411,0.15442397,0.029494314,0.069959655,0.26682654,0.71788037,0.5965216,0.36920235,0.6125845,0.052228864,1.4403342,0.7582919,0.43288663,1.6393715,1.3773628,0.2557744,0.7636618,0.20770475,1.2006699,0.7350031,2.5642188,0.49714133,0.5347717,1.0774981,0.22544295,0.51991963,0.6940547,0.000651036,0.32196096,0.032193102,0.11146428,0.092643976,0.15774907,0.0,0.15377288,0.34225628,0.680614,0.24339448,1.533465,0.40152383,0.005166656,0.80850506,0.13485664,0.8090434,0.36690193,0.07896696,0.18808267,0.102718964,0.8228491,0.59915596,0.14563173,0.41735256,0.31602877,0.41137075,0.12805805,0.4768449,3.470195,1.1260738,0.16953222,0.4689274,0.0016291013,0.13234766,0.7608402,0.19307953,0.054007944,0.16682157,0.7693625,2.027447,0.069600284,0.8197742,0.4254427,0.015316658,0.20894463,2.4919107,0.056541238,0.30678895,0.039376345,0.40254593,1.0162243,0.9398509,0.05189246,0.5125252,0.46191883,1.9551418,0.0,0.049537443,0.9607911,0.62336695,0.19802216,0.0,0.06606176,0.0032994023,1.1027321,0.98380435,0.29697055,0.414336,2.2411609,0.173915,0.0042105713,0.7013065,1.7665125,0.0064832466,0.018910017,0.24022162,0.2503165,0.19146158,0.8614128,0.0,0.02937778,1.0887837,0.70462966,1.1596768,0.023348453,1.984033,0.5712687,1.068727,4.3127723,0.30156994,1.1109687,0.19863822,0.16622305,2.193555,0.0046090954,2.7272034,1.3665568,0.014342584,0.46614483,0.08805158,0.73080534,0.090854265,0.0,0.0954026,0.1420232,1.5166442,0.04409183,0.5102152,0.31852487,2.5431583,1.5450858,1.1509778,0.27436993,0.19668207,0.75478315,0.13684112,0.18678997,0.0,0.80626625,0.0,0.9382735,0.3041011,0.36239803,0.55042326,0.012549921,0.6843643,0.6034214,0.4471707,1.3453645,0.21117416,0.4929098,0.21759029,0.027072988,1.019432,0.06398499,1.6791036,1.3087331,0.16172928,0.5370867,0.43888694,1.2854917,1.648704,1.4715601,1.5474917,0.064571254,0.027706824,0.97842836,0.5306278,1.0120982,0.8802392,0.23545891,0.0061326823,0.29008815,1.10841,0.5525764,0.23875052,1.5289283,0.9550437,0.95464915,0.26913646,0.20609081,0.25310907,0.010502176,1.6699834,0.23952319,0.07475414,0.9333451,0.22481428,0.09581858,0.41693997,0.0,0.51081944,0.0031613389,1.047088,0.36730704,2.444444,4.876293,3.4178846,0.06517248,0.1257385,0.0036949296,0.0136956135,2.2776296,0.2583655,0.5411851,0.025919525,2.866685,0.022481123,0.020447018,0.4446902,1.3141226,0.35090706,0.018330213,1.742971,1.0810839,0.4938556,0.022100005,1.1948498,0.0,0.40124086,0.6229117,1.3227565,0.4953181,0.17229627,0.5745923,0.07029413,0.30839822,2.316427,1.0280883,0.27142242,0.2933597,0.06914012,0.25940543,0.22310233,0.049109563,2.3783603,0.31850326,0.049959444,0.22628199,0.42276075,0.7827581,0.0,0.26180932,0.0,1.5027758,0.5015608,3.616559,1.4202089,1.8531771,0.5245238,0.005226159,3.1675034,0.2110173,0.28634062,0.111248575,0.17439379,0.09022779,1.0049839,0.7777149,0.24631727,1.3575771,0.07371114,1.8345009,0.099372424,2.469905,2.4683933,0.36682284,0.352002,0.16130029,0.59672475,0.22679031,1.3916763,0.18822964,0.3741446,0.09121626,0.54976964,0.49423778,1.444836,0.21923353,0.41919944,0.16582687,0.038788777,0.0060075945,3.025935,1.1266059,0.1841361,0.508021,0.06331657,0.51594555,0.44121176,2.4671102,0.6939141,0.3022531,1.3203933,1.7436997,0.6012642,0.020232778,0.92525685,1.4918083,0.3305952,0.6543725,0.16882783,0.48192316,0.54493177,1.2845564,0.5468694,0.14310111,0.2276612,0.33599076,0.6419763,0.23628472,0.079275645,0.0342575,1.179191,0.4143345,0.74121994,0.6291421,0.67190504,0.3666024,0.036377456,0.13626508,0.08782153,0.05729185,0.68722355,0.09593939,0.97019565,0.53273565,1.0013374,0.049375903,0.028397249,0.08593573,0.10226361,0.88537496,1.1572332,0.0012776101,0.29938516,0.8355082,0.076882996,0.0,0.028754348,0.3701013,0.274592,0.0755702,1.6233416,0.10435454,0.22240159,0.48538303,0.24159534,1.0459281,0.38455173,0.11815408,0.4022113,0.26973796,0.0031810505,1.3610064,0.13788247,0.049361013,0.1492292,1.3983815,0.019402092,0.604879,0.0013698704,0.7988429,2.3202503,0.28678066,1.2466955,0.25787008,1.8465161,0.606471,2.7227297,1.5647222,4.102549,1.0446075,1.6267269,0.42205024,1.0347403,0.23062524,1.1397951,0.44256368,0.077381626,0.21200167,0.20609477,1.1440604,0.61459196,0.12915368,0.12780306,0.46594405,0.6904631,0.74331677,0.32341158,0.011394315,0.3173105,0.31227997,0.70032936,0.96876377,0.04223334,0.9938329,1.1388532,0.5138564,0.37619466,0.082841285,1.7717334,0.77484614,0.24348025,0.0007241394,0.16145588,0.7175805,0.9043451,0.47296473,0.6864611,0.14062102,0.5785267,0.00040025875,0.22564286,0.0,0.034477387,1.5055758,0.17557764,0.8641487,0.9475164,0.1270978,1.4911144,0.033668287,0.8051431,1.5164639,0.08448152,0.7402809,0.5495815,0.19146942,0.20311406,0.48147652,0.0105074085,0.018183015,1.1997579,0.010026483,0.32177868,0.0,0.5376766,1.2527918,0.4457934,0.427586,0.011457387,0.016084677,0.17600542,0.19334628,0.15549695,0.27951717,1.0893763,2.4188714,0.41210824,0.17931502,0.34104654,1.6793022,0.45974672,0.7114961,0.12499433,1.2353052,0.71113193,0.23910749,all_pothole_images\pothole_images_image_26.jpg
0.53867114,2.2286346,0.6600611,1.8158257,1.7688713,1.0590702,0.09024172,0.0,0.95431596,0.45281616,0.16783847,0.48051342,0.3685588,0.3864805,0.72902477,0.56097525,0.1257275,0.04035787,0.35369718,0.61032426,1.4746782,1.4138099,0.72502005,0.5481988,1.5743899,0.40394917,0.8387948,2.1670954,0.3821497,0.33722305,0.46079472,0.5409313,0.85875064,0.3721586,0.66083765,1.7292985,0.6806445,1.5403541,0.20829187,0.3272857,0.046173207,0.053226795,0.027255442,3.335613,0.62157744,0.15531339,0.11760305,0.6908795,0.38825217,0.5290246,0.44196707,1.6988049,0.6296929,0.58320546,0.4746502,1.5703193,2.508671,0.20636609,0.38289967,0.47457385,0.0003231631,0.68163943,1.0751252,0.19996874,0.19933504,1.2197703,0.2953123,0.77855426,0.5635278,0.4589497,0.7763622,0.6727036,0.7127734,0.33843267,0.6987054,1.2801361,0.29084593,1.110795,0.021952294,0.6837695,1.5663984,0.009926402,0.017305087,0.5489935,1.467013,0.33687276,0.060567584,0.12776692,5.590885,0.055416588,0.5752826,0.13732424,0.22291674,0.7391327,0.4737274,0.05404879,0.523984,2.70349,0.9988294,0.6763719,0.0,2.433005,0.21922818,0.6325339,0.35140252,0.12970154,0.2756943,0.09467635,0.035791975,0.54552054,0.21035531,2.021352,0.18184155,1.4747945,0.130664,1.0678141,1.6981659,0.035927422,1.5457174,1.0597689,2.3745515,1.0695238,0.15026468,1.2913183,0.8317318,0.98625326,0.2857796,1.1870099,0.9626569,0.4393074,1.025282,0.21570943,1.0670353,0.5923458,0.4791349,0.79044545,0.29165104,0.5196043,1.3077211,0.2069217,0.39342675,0.18051013,0.044912074,0.6105922,0.91862947,0.69101185,1.0755574,0.74124104,0.003705633,1.5182805,0.7198469,0.788385,0.10659315,0.002608056,1.0450913,0.58574724,0.74878067,0.13309522,1.6363678,1.0714304,1.0212771,0.57604074,0.19137032,1.8296916,0.0,0.32964215,0.48227742,0.067907326,0.9852748,0.35634324,0.87528235,0.5009816,0.5338328,0.40680772,0.791952,0.029121362,1.2981229,0.113235645,0.16408406,0.16370258,0.34202644,2.3428373,4.083519,2.546503,1.4566687,1.2179888,0.9811468,0.29759914,1.9516166,0.1639017,0.83210194,0.7061529,0.16037013,1.4716544,0.29076135,0.53549606,0.5471009,0.06431059,0.23188308,0.9145335,0.66062754,0.18337247,0.32520384,0.9520788,1.0235568,1.0002956,0.051551905,0.47349504,0.6895759,0.010213491,0.4466844,0.6361947,1.2993361,1.4607513,1.5014975,1.2624357,0.4288681,0.07504333,1.204788,0.015893761,1.9028656,0.016726688,0.33521792,0.16806293,0.16419742,0.5552752,0.47720543,0.2511469,0.27859008,0.8061971,0.17694691,0.7991691,0.44094917,0.042874496,0.4757442,0.48274136,1.4325223,0.31086335,0.04972125,0.26768038,0.22232036,0.03744978,0.12829643,0.0,0.15519959,0.2644346,0.5995516,0.0,0.3345688,2.9042196,0.9362244,0.38400513,0.46803886,0.81934106,0.9410375,0.1800677,0.9975895,0.032661658,0.43526363,1.4164174,0.46888295,1.1167047,0.6462013,0.23985699,0.53401387,0.8369163,0.027016751,0.5731399,2.0037353,0.022617606,0.16854346,0.2579792,0.4623065,0.24599534,0.24787688,0.8661161,0.3329689,0.17334883,0.07228323,0.735383,0.06026976,0.07758511,0.650981,0.046033993,1.389859,1.092808,1.9915626,1.2686087,0.7078045,0.0,0.5335143,0.88585573,0.060495064,1.0339035,0.6087599,0.58574015,0.6723496,0.06517652,0.032578893,0.880125,0.14987826,0.850435,0.12352081,0.88590485,5.986044,0.5104866,0.0,0.654366,0.7610134,0.93686193,0.17842638,0.66076267,3.413892,1.0644352,0.22137447,1.4779296,0.53277,1.2981297,0.80640286,0.1041886,0.043848522,0.7092725,0.33267438,0.25555092,0.8783463,0.66600066,0.8488762,0.99489856,1.1349354,1.0248338,1.894045,0.6442386,0.26752055,0.032428317,0.784228,0.89473456,1.4839147,0.6152845,0.30936348,0.7210625,1.1613576,1.2185329,2.0002158,0.14994407,1.5366293,0.11958937,0.13723786,0.10950681,0.57362485,0.5212151,0.46898815,1.0680183,0.5623568,0.18575442,0.5939965,0.029974373,0.40056336,0.41946575,0.67543465,0.5664177,0.012101944,0.0,0.4766624,1.6340462,0.27427226,0.28071988,0.24617426,0.19553639,0.19524758,0.3525032,0.6451936,0.41221905,0.5358657,0.14520177,1.2939527,0.7785595,0.23212136,0.04374805,0.31379965,0.3199555,0.033952158,0.10613308,0.21898264,1.0376785,2.6742759,2.0793424,1.6879177,1.4240077,0.48909894,1.3142366,1.554649,0.07882666,0.064211614,0.09257285,0.1185546,0.03593374,0.6225663,0.1264074,0.41163456,0.25342023,0.8248613,1.4870656,0.016180836,0.75323135,0.5254222,0.23617464,0.09628645,1.0815309,0.78543633,0.60668194,1.4656193,0.58367616,0.41727233,0.6745412,0.0,0.6374063,0.71254325,1.2566854,0.23015647,0.038985953,2.7075725,0.08698976,1.0383246,3.0358493,2.134992,0.27576673,0.89872223,2.0958598,0.06253176,0.4401379,1.6693233,0.1514952,0.6702199,0.38075414,0.4433251,4.234026,1.5075918,0.42075768,0.10869471,0.68429846,0.9242628,0.11294501,0.02635898,0.43568045,0.038624495,1.01281,2.6235845,0.6107698,0.6537746,1.6800482,1.0569378,0.49307737,0.35341096,0.2652929,0.22466223,1.2330606,0.9148682,0.47916785,0.26350364,1.2719803,0.8526376,0.53107184,1.2870808,0.36967474,1.0646095,0.24169649,0.3025976,0.10770496,0.5488094,1.0536922,1.7649498,0.10441971,0.42280203,0.14746921,0.46181425,0.45243338,0.5338887,0.669979,0.85217416,0.24958007,0.82827646,3.190716,0.23017667,0.30831885,0.0041723084,0.0,0.6233676,0.30851135,0.07446232,0.094116025,0.003330389,3.295551,0.037460294,0.16445725,0.016783424,0.0,0.26484984,0.0,0.24933414,0.0,0.105559796,3.0523112,0.353932,0.7380107,1.681532,0.65744764,0.17658094,0.9552972,1.1183268,0.30631784,0.62630206,0.47489554,all_pothole_images\pothole_images_image_27.jpg
0.656664,1.4479324,0.19623365,1.8853695,0.20774513,0.26752228,0.12488079,0.0,0.2811189,0.5089682,0.040617146,0.65332526,0.09365385,0.83689046,0.0006640152,0.00068510213,0.24577354,0.24049582,1.6442302,0.10564955,0.6121257,3.5886366,0.38498792,0.6677509,0.99039114,2.2427216,0.4356817,2.9436827,0.5942134,0.6099379,0.95258343,0.952223,0.31043404,0.29933128,1.4253356,0.49044922,0.25557414,1.9861827,0.40729195,0.07837969,0.0,0.06655726,0.12650731,0.9482534,1.3076769,0.28963336,0.124200314,0.24961506,0.17615181,0.6940667,0.9216277,0.0,0.6311913,0.1924586,0.20446643,2.4697852,0.48025855,0.6325723,0.4648662,0.52568,0.5766891,0.39077312,0.55230165,0.0018210398,0.71868056,0.4085732,1.1100434,0.5692158,0.996317,0.8811632,0.57865125,0.26405156,0.16323732,0.33782062,0.30716282,0.717758,0.42545825,0.11174768,0.12857047,0.07565679,0.029855859,0.74838924,0.035010193,2.5152588,0.71552694,0.10913654,0.5052217,0.33614162,2.884126,0.30379072,0.06829085,1.1467232,0.018644752,0.44200492,0.031028366,0.31748834,0.89471525,0.448612,0.29049754,0.95197934,0.0795707,0.56926817,0.32876956,0.20571779,0.01724532,0.6595478,0.2938493,0.0067236708,0.0,0.0,0.0019085596,1.2358205,0.66232145,0.011530548,1.4917356,0.032543235,1.065125,0.26773146,0.61051166,0.21234414,3.0752046,0.40095663,0.30142838,1.5390601,0.22580746,1.7618781,1.1085699,0.46710664,0.97593355,0.32187316,0.7011248,0.017824564,0.42829898,0.01581101,0.31111524,0.06818798,0.308615,1.0326667,1.479485,0.5422731,0.6813082,0.10930891,0.0,1.1197808,0.06299548,1.0707681,0.054818027,0.0,0.3041598,0.348759,0.6056652,1.3551184,0.0,0.12604998,1.0673712,0.41562635,0.9478469,0.0075119324,0.47597516,0.84803414,1.0566423,1.0055119,0.32842714,2.6687179,0.0,0.20601186,0.3906797,0.015270924,1.7648804,0.5703852,0.05229534,0.06771574,0.0064819106,0.29305995,0.17991276,0.18478405,0.47835904,0.0,0.7516523,0.312896,0.0056083384,0.55258286,0.75213075,0.32725984,2.5228536,1.1825752,0.15637012,0.032798357,0.2780395,0.9731087,0.7308531,0.781913,0.19951625,0.3926538,0.0,0.6385654,0.10230644,0.19459817,0.08618263,0.9038774,0.0945748,1.5826737,1.175318,0.7489098,2.8691468,0.61417675,0.08171832,0.64245564,0.6212972,0.04004747,0.32409236,0.07932225,1.0546702,0.05016443,0.82697177,1.2525119,0.50652444,0.45440602,0.70953757,0.29406726,0.64803135,0.19355363,0.8563011,0.12618662,0.024263678,0.31087556,0.23906702,0.039022237,1.6275555,0.9539259,0.003144672,0.17572749,0.4326972,0.5358712,0.86760277,0.15236962,1.5051701,0.072775334,0.01980811,0.2021262,0.12582216,0.041111488,0.1175676,0.46126127,0.01818862,0.38273674,0.2796433,0.20866759,1.0138829,5.961739,1.057435,0.0027783725,0.43914795,0.29344526,0.032671206,0.2996835,2.0141757,0.14238204,0.53066725,1.0999438,0.2172746,0.33731142,0.24708915,0.6061692,0.39449602,0.2331365,0.0,0.79539263,0.93555665,0.33973828,0.0,0.0,0.0050294767,0.3286579,1.4785234,1.1561363,0.20097658,0.4189775,0.18308958,0.62321645,1.1913078,0.2863636,0.34363696,0.99901634,1.2423137,0.11716949,1.0546948,0.4667884,1.6059785,0.252314,0.009132631,0.060932405,0.0,0.83170646,0.4807125,0.014032269,0.28289297,0.9060644,0.0016409834,1.701851,0.6183297,0.8309646,0.003730321,0.29979852,5.277731,1.3037267,0.00025227148,0.6323311,0.042095266,0.15471973,0.19262959,0.69654644,2.7775211,0.5405511,0.1609112,1.1458719,0.58064324,1.0241598,1.6879481,0.09360803,0.12091301,0.02906322,0.0001529241,0.4802119,1.012849,1.1407866,1.3250021,0.5036682,0.8165205,0.3352116,3.7183223,0.035880834,1.0467826,0.008193239,0.117675215,0.35850492,0.7144752,0.96659344,0.02831236,0.16254202,0.53801996,0.44338912,1.5016934,0.5096794,0.36341405,0.23509502,0.2683184,0.59417325,0.2598931,1.3922081,1.4982144,1.0343724,0.003521128,0.24352828,0.21453401,0.19520056,0.50356364,2.0786386,0.2995992,0.22686619,0.060732435,0.022704586,0.94992864,0.3266266,0.105954595,0.07956992,2.0095818,0.98508,0.048724897,0.5216133,0.35464826,0.72513694,0.4976639,0.5967332,0.10010357,1.085159,0.07767069,0.48441797,0.24093962,0.16456832,0.06525629,0.007902658,1.1847376,0.76576906,4.660835,0.836784,1.4358654,0.18611193,0.0444088,3.7785625,1.7363452,0.0,0.03545354,0.8391304,0.3885895,0.04287205,0.32849497,0.2435877,0.3160437,0.07806803,3.0187001,0.79097575,0.011542147,1.0578897,0.45447776,0.18994687,0.37252212,1.084733,0.29772875,0.07658081,1.0871325,0.47983086,0.62736,0.45673987,0.076911,0.15560597,0.3685808,0.13945274,0.0010731993,0.82941,2.3506737,0.0,1.3179394,1.0613823,1.0415146,0.6341983,0.044612717,1.0798516,0.0451412,0.88931376,0.9473998,0.23111153,0.012518438,1.2632865,0.23244554,2.8295534,1.1320195,0.936903,0.4881049,0.39369473,0.10953046,0.2159495,0.2113427,1.3010647,0.13063024,0.16680732,1.2142446,0.31383252,0.23064263,1.5507774,0.77162844,0.21900924,0.60975957,0.11044843,1.2699518,0.06305359,0.71600014,0.16735338,0.5013708,0.8200033,0.9647352,0.08308268,0.6602486,0.59773916,0.48479083,0.39702192,0.003228017,0.04161636,1.0551757,0.91171527,0.38783506,0.4073581,0.54581165,0.25806266,0.12401827,0.064322375,0.5851089,0.6646909,2.233059,0.09111815,0.0,2.3287022,0.45213643,0.8148934,0.0,0.024098447,0.49245352,0.050074983,0.29053226,0.011379109,0.042559277,0.40285257,0.03610061,0.069815315,0.00015422732,0.0291735,0.011400279,0.043960117,0.26315656,0.5195981,0.24069159,4.3797374,0.43082535,0.17873307,0.9785215,0.5291079,0.41639328,0.3457313,0.22349776,0.16175877,0.02295676,0.27950174,all_pothole_images\pothole_images_image_28.jpg
0.35315245,1.4114467,0.8211381,0.7299546,0.90235275,0.41695976,0.07620424,0.00424618,3.1857548,1.1860873,0.75291556,0.11297107,0.30950296,0.45601746,0.41757244,0.4331591,0.66033906,0.0,0.0037574999,0.1978444,0.0035319175,1.3719453,0.062288225,0.22147326,0.0,0.7355093,0.019979898,0.513284,0.06564434,0.12538522,0.05430473,0.07630781,0.60307604,0.1310364,0.22025098,0.52614826,0.026655367,0.036781978,0.263304,0.024397796,0.16507904,0.08683282,0.22476229,0.6261468,0.6623773,0.06770178,0.71352476,0.21298416,0.061249673,0.885393,0.65857834,0.1951626,0.40159148,0.8308066,0.001431297,1.967177,0.21142499,0.3142826,0.31816477,0.28362837,0.59758884,0.2097975,0.6549531,0.20999262,0.37149012,0.22293063,1.8637253,0.3948376,0.043957327,0.9506079,0.16592118,0.0,0.37536243,0.30204168,0.15482126,0.22553974,2.2250705,1.2331003,0.06416939,0.078139566,0.040007662,0.8877524,0.33253142,2.1877775,0.006392386,0.12748012,0.10657836,0.0,0.746326,0.053442977,0.0,0.42071095,0.005844294,0.100768805,0.088858284,0.0056899292,1.0819441,1.4386624,0.0,0.1565929,0.66382223,0.062932506,0.23077755,1.1562821,0.10538163,0.0109708365,0.2540064,0.00064610527,0.0,0.82497615,0.9598803,0.48030388,0.38475785,0.02299981,0.32123455,0.14412561,0.20320216,0.5087154,0.77588207,0.14950535,1.335496,0.24909954,0.047504026,2.948162,1.9619006,1.1652931,0.59530103,0.16434968,0.0,0.11723166,0.48661593,0.11061353,0.02247896,1.1464498,0.00032175545,0.4646907,0.21102504,0.014382784,0.46642628,0.4695539,0.5488941,0.024787426,0.94246525,0.8200574,0.012782442,0.004091877,0.025547532,0.57609016,0.25087488,0.22733489,0.9925002,0.0956796,0.50577956,0.49478787,0.14932078,0.17742571,0.10942274,0.41511402,0.0007493438,1.1647745,0.4786799,0.56523645,0.048996497,0.21829118,0.7157444,0.050281078,0.7360933,0.31800848,0.19437759,3.7344596,0.52447456,0.0035316667,0.084016904,1.1459377,0.4946426,0.13709728,0.7495916,0.28488812,0.6352599,0.0,0.0024514766,0.23876104,1.1014292,1.0434846,0.07995368,0.47994488,0.6647468,0.016145514,0.56490856,1.3632152,0.0062136073,0.103614435,0.47764328,0.053537942,0.9048682,0.0,1.2193996,1.2356713,0.7787614,0.32816875,0.0,0.5629955,0.0008069468,0.06378369,1.4783602,0.12992308,0.12485047,0.18189076,0.07351496,1.3730154,0.0,0.12379551,0.52537066,0.60483295,0.73485935,0.13105705,0.0,0.8162327,0.048296984,0.14765602,0.029849451,0.4620879,0.34766433,0.67906934,0.024983767,0.111797825,1.7500783,0.1537972,1.7715902,0.4424565,0.0,0.0,0.029496688,0.09334202,1.3930336,0.0,0.80316067,0.0135900555,0.0642072,0.022210235,0.04887373,0.23890845,0.10914995,0.5448768,0.010345678,0.001242319,0.76486266,0.19038317,0.20678414,3.8532526,0.25300917,0.14325494,0.030744577,0.015548628,0.5491927,0.95199037,0.9738622,0.35643378,0.5726159,0.6083363,0.2203448,0.91736066,0.9554267,0.20277761,0.11282724,0.7069895,0.2344208,0.190987,0.7252071,0.0,0.4455385,0.115337975,0.21513134,0.5211993,0.1396143,2.0455832,0.016811159,0.2930569,1.0230027,0.43654382,1.5913646,0.35035327,1.1472262,0.05272834,0.0047147977,0.11366769,0.37470502,0.5720024,0.9002849,0.5329741,0.08674364,0.8759512,0.43483686,0.4078668,0.6235927,0.46930897,0.06807743,0.67791075,0.15359026,2.8256848,0.06424388,1.2815543,0.41842842,0.9518747,4.3075414,0.0,0.33157843,1.9703355,0.60389566,0.26556474,0.2018598,0.41891533,5.73146,1.4987177,0.82401973,1.279698,0.26691616,0.3228751,1.2655613,0.2875152,0.33916515,0.051889867,1.2181534,0.34862432,0.28973475,0.33152428,1.8244853,0.059605382,0.0078080487,0.5046784,4.241116,0.2245584,0.90619266,0.5021923,0.032380596,0.05010901,2.412043,0.26327914,0.8260992,0.19754606,0.8931959,0.6342637,0.3169648,0.8042631,0.6064402,0.06135524,0.15869184,0.15058883,0.75641364,0.05982357,0.3697958,0.27642635,0.6892062,0.15340929,0.6130725,0.95810044,0.21849613,0.21856901,0.6497232,0.34756258,0.99342626,0.15570031,1.3023328,0.18820433,0.07715393,0.3313394,0.59228677,0.73424506,0.23341233,0.4747684,0.30449823,0.020500068,1.066618,0.84613097,0.040283654,0.43589315,1.1149243,0.40833718,0.86037713,0.61067975,0.3265837,0.19054931,2.4379475,0.04398233,1.3229955,0.87755865,2.110028,0.41072658,1.3215891,1.150769,1.6694176,0.0,0.58697736,0.25577417,0.0,0.16690686,0.08465856,0.6060971,0.4906297,0.1620206,1.177614,0.0,0.37351882,0.012584834,0.57666427,0.25879177,0.466414,0.024774011,0.30920655,0.094147585,0.31668752,1.1456118,1.9851366,0.012472333,0.1560649,0.06900589,0.83883446,0.009705807,0.10665211,0.024584195,0.06128916,0.26247543,1.1865109,0.09528804,0.6434524,1.3014783,0.60006577,0.0,0.011091566,0.65637445,1.6258647,0.7246671,0.60548437,0.38679224,0.10243419,1.8924024,1.3496927,1.5031542,0.44445878,0.33052218,0.048542313,0.31338713,0.8929713,0.75467664,0.9749692,0.60225713,3.5604758,0.14541517,0.0,0.5175822,3.7605205,0.113399826,1.7753621,0.32521504,0.83435494,0.67242277,0.301855,0.32309785,0.06159273,1.9307983,0.5579636,0.028263811,0.61508566,0.03279703,1.0550141,0.36779112,0.4158083,0.0747893,0.10699728,1.5639224,0.009030557,0.9039552,0.0,0.11987904,0.2987028,0.021467926,0.7934916,0.015886726,1.9033995,0.42232183,0.9354447,0.2541935,0.7497122,0.7595996,0.0,1.2884629,0.20595804,1.1490191,0.114248894,0.052298926,1.1661677,3.250525,0.4519992,0.123044364,0.2124827,0.077260174,0.29950744,0.15279783,0.009680833,0.008672851,0.25896478,4.8104177,0.09810173,1.8393981,0.07563728,0.43073747,0.5528198,0.019420989,0.23282441,0.16709515,0.59750336,0.0,all_pothole_images\pothole_images_image_29.jpg
2.2667503,0.63454086,0.34024885,1.1093254,1.0485165,0.13198157,0.4277858,0.96461517,0.2650821,0.7586975,0.0,0.4541991,0.09907218,0.21174322,0.601956,0.14696178,0.35469672,0.0045323255,0.07697068,0.5053955,1.2959154,2.8151195,0.5175835,0.41429216,1.9438076,0.21514441,0.7874161,2.1105163,0.08042253,0.018890385,0.33658552,0.21700779,1.5042018,0.8550446,0.77570575,1.1833502,0.0,4.215217,0.46071205,2.733578,0.0,0.06642898,0.06008443,1.0632423,0.4021616,0.3775508,0.10261816,0.20812024,0.53430504,1.8928026,0.32167593,1.8624331,0.7181855,0.3814073,0.11292214,1.4212198,1.8991288,0.12256505,0.407153,0.34521893,0.0,0.1520181,0.14816935,0.5198553,0.14374477,2.9696565,0.64801735,0.050053585,1.006677,0.16202986,1.174409,0.14767653,0.38097575,0.1931743,1.2948323,0.78611726,0.07150063,0.5303651,0.015474669,0.046180893,0.7898614,0.05828551,0.23888132,1.5797648,0.78472465,0.16280225,0.22549826,0.54505086,1.708011,0.27444625,0.056489214,0.04605011,0.45227003,0.14289922,0.44640082,0.8094915,1.1681617,1.9417834,0.56980205,0.88156486,0.33991802,1.8033447,1.371861,0.19762926,0.13122182,0.028310142,0.7408514,0.6856219,0.06284201,0.5250136,0.060935944,1.9552336,0.68416345,0.49310264,1.2178453,1.376619,2.2873168,0.029129028,1.8355674,1.9461703,3.313407,0.049109034,0.0034626925,4.5429654,1.4490108,1.9363929,0.21545278,1.4002845,0.6473437,0.14193098,1.1537678,0.003679531,0.12534617,0.51077396,0.18024802,0.7233013,0.0026069314,1.2062496,1.4634517,0.6661597,0.8193345,0.30377954,0.0,0.8244498,0.035939362,1.8176962,0.076223664,1.4052579,0.08086606,0.4590061,1.1488513,0.78221565,0.000274251,0.00022807397,0.7070466,0.122602284,0.79799116,0.119739965,0.8271192,0.59183854,1.6923174,1.0115038,0.0068666376,1.7110327,0.08128171,0.39487293,0.00061600155,0.42716604,1.2749082,0.98256356,0.013283805,0.008328674,0.020639235,0.14455086,0.47894505,0.06327031,0.35201308,0.06933681,0.11170387,0.03111259,0.22988875,2.4550912,1.4054029,2.9991298,0.3144044,0.8893688,0.1505305,0.5213003,1.0677668,0.31263992,0.012163807,0.16994546,0.0,1.1144507,0.5022831,1.4510734,1.5869995,0.02987666,0.41780427,0.5827685,0.06796338,1.812017,0.77175045,1.021275,1.1107414,0.3062409,1.2062811,0.75156605,1.0335572,0.120266736,0.028390149,0.3624967,0.4649427,0.71629304,1.3424852,0.13934788,0.2729303,0.038346663,0.6341943,0.1007937,0.04316974,1.2015556,0.06715406,1.5363538,0.06805151,0.3634547,1.3130265,0.0663332,0.5300144,0.97654754,0.19603172,0.1326057,0.5502158,0.2758259,0.9151706,0.0057438477,1.7387935,0.043142073,0.0,0.4740951,0.3995274,0.034827787,0.1177844,0.4886255,0.48854133,0.0,1.4825892,0.46230957,0.5135984,3.6393893,4.157174,1.0858884,0.48276582,0.09516055,0.28580144,0.20021263,0.6562454,0.00075754424,0.4946938,2.3450627,0.041393142,0.18177809,0.8662878,0.37998173,0.7149155,0.23259331,0.85384506,0.4584904,1.2581642,0.16852285,0.03732689,0.09878235,0.68369216,1.5978602,1.2645563,1.2856946,0.23196863,0.4803658,0.032905728,0.63382274,1.8542343,0.6777639,0.70176446,0.003633239,1.2350916,0.12504849,1.0105535,0.50884587,1.2835401,0.5190095,0.049128488,0.33327156,0.4276637,1.0316019,0.03336333,0.49578413,0.24206655,1.6702957,0.24807891,0.5453263,0.31441247,1.0072385,0.17665018,0.62971896,4.1454363,0.79394597,0.05574743,0.2281154,0.04409867,0.4285169,1.3097134,1.0769559,1.0037999,1.5335497,0.0005644204,0.8901609,0.17527191,1.4942592,1.3889163,0.1482933,0.457723,0.10696618,0.60421956,0.017181285,0.50496775,0.35991773,1.8380874,0.3360206,0.6468751,0.16388027,0.8741019,0.6043017,0.057823967,0.28496766,0.14192232,1.1812166,2.0644991,1.2975942,0.28525066,0.61718255,0.79386777,0.48779863,1.7921612,0.09478668,0.79746693,0.016829645,0.021619372,0.004918568,0.5153859,0.121724956,0.5781073,1.4398816,0.68834716,0.46271655,1.2785609,0.41632333,0.38283086,1.655529,1.7936052,1.1874634,0.8782235,0.054367498,0.34786192,0.06265847,0.043233663,0.0,2.6029723,0.29100233,0.12752447,0.85937095,1.7293329,0.39178774,0.45936516,0.06707303,0.08045805,0.13997832,0.27943355,0.09736561,0.22110273,0.74217033,1.0464528,0.0,1.0506775,0.012182635,3.9905736,2.4531455,1.0810934,0.0,0.3714829,0.38986844,1.08851,0.29622257,0.17159583,0.55174035,0.20990133,0.07404723,0.40963176,0.13469855,0.046021096,0.48597413,3.8296795,0.28584394,0.40730223,0.505581,0.28805935,0.099679224,0.97535175,0.39196536,0.9798018,0.5757573,0.7935828,0.8139955,0.4338513,0.8023051,0.13330531,0.19122186,0.5583048,0.22764277,1.0616888,0.6649259,3.1697307,1.4065707,1.4933578,0.8322973,1.8137634,0.19433251,0.8335152,0.9787642,0.29581356,1.2587551,0.7966157,0.036466666,0.73050296,0.48376268,0.7696888,3.3614924,0.8118001,0.67450625,0.22908452,0.41682357,0.039448425,0.5190344,0.7787219,1.7593014,0.5173742,0.13041294,1.5692393,0.870179,0.027729873,0.4963608,0.95346457,0.7004552,0.15184952,0.56575,0.99735475,0.9304298,0.6008551,0.48001063,0.14341824,1.2736338,0.7602453,1.0584794,1.2663631,0.3334465,0.62576157,1.4306494,0.32024145,0.30627224,0.70450574,0.17344677,0.3469814,0.95606196,0.19424273,0.7547086,1.6571056,0.23237817,0.00490296,0.7491407,0.24837701,0.8894268,0.27652565,2.306406,0.31803235,0.04513971,0.0033075428,0.57684886,9.449022e-05,0.39953855,0.78253794,0.079563275,0.40049046,0.95610976,0.23368539,0.6514593,0.38233674,0.0077403015,0.012049386,0.12014203,0.45305493,0.031034846,1.2187672,4.8359947,0.5037488,0.11149601,1.4975255,0.6112386,0.8842085,0.3616736,0.15337686,0.9598616,1.0602958,0.05198454,all_pothole_images\pothole_images_image_3.jpg
0.50328267,1.8454337,0.41075975,2.2594934,1.4196783,0.53601635,0.65742344,0.428922,0.05091377,1.804702,0.3319617,0.15418556,0.9388925,1.3580949,1.1716638,0.5297534,0.2581738,0.22878164,0.79755896,0.71425676,0.4482872,1.9414685,0.68125,1.464393,0.65305865,1.4809458,0.73842037,1.5100195,0.6637587,0.3589591,0.7892816,0.9732785,1.2875139,0.09100222,1.0891333,2.5497441,0.46247053,0.22895661,0.028595958,0.43142566,0.0,0.009127761,0.38559854,0.7136207,0.61933947,0.24574588,1.5827919,0.21700065,0.48625642,2.0109403,0.15331835,0.8216958,0.34193382,0.34274167,0.37497646,2.4621947,2.726509,0.08798953,0.32277378,0.18207137,0.5498498,1.1209558,0.5326363,0.1340805,1.1602436,0.31336993,0.6210876,0.65740675,0.30205834,1.9462068,0.5006661,0.66106427,0.19615448,0.14766274,0.32038915,1.4585518,1.1980093,1.1013728,0.2808741,0.6254894,0.8826491,0.23634851,0.08749127,1.6846061,0.76167995,0.2469765,0.9370339,0.09801461,3.0379689,0.16205089,0.010719895,1.4429582,0.24947749,0.23546055,0.30009168,0.01931068,0.35026646,0.67650974,1.21592,0.8735729,0.43139192,4.349019,0.37023,0.02801946,0.09384974,0.28642082,0.33161107,0.4557559,0.3840088,0.55703485,1.3713983,0.49886575,1.8242711,0.43783054,0.8644199,1.0255002,0.6398229,0.23790048,0.87180775,0.88553447,1.4860814,0.718979,0.45712423,1.4782058,0.83188576,2.3040864,1.9440323,2.5990226,0.38153285,0.6181878,1.108767,0.0034761862,1.3028488,0.19509223,1.0109478,0.44232652,0.36101696,0.8786215,0.9704222,0.2996541,2.5603516,0.1628015,0.59116405,2.0083902,1.3043153,0.47389898,0.5165662,0.06524761,1.1392851,1.512561,1.340687,1.4512824,0.05689654,0.8903557,1.0451016,0.5633028,2.0966027,0.26831833,0.19562308,1.0556678,0.7334133,0.31663388,0.051510956,2.14116,0.051247742,0.46410778,0.5716157,0.9216144,2.0524657,0.21715324,1.3540151,0.017507618,1.3379222,0.8548414,0.31575894,0.0019404246,0.5857498,0.0,1.4145865,0.76002717,0.6076994,0.81873167,2.127687,0.89605266,2.1717608,0.21098109,0.057930414,0.63378376,0.4293502,1.8648663,0.7053515,0.76452845,0.41664925,0.9166051,0.031651594,0.5241671,0.01672884,0.014028362,0.054427437,1.3731097,0.27376163,1.2811844,0.9168066,0.79963964,1.593839,1.6897721,0.38894403,1.7677678,0.20154367,0.73183936,0.25502148,1.0169916,2.2332125,1.6966988,1.8269833,1.9061457,0.7128981,0.20686865,0.89730996,0.26128095,1.6468313,0.10046851,0.1611694,0.040962033,0.013850618,0.9741919,0.33627066,0.39719358,1.0867398,0.102437004,0.8183197,0.55657583,0.15505767,0.31091395,0.5477938,0.010684957,0.5364771,0.10412566,0.08799734,0.41883916,0.95548373,0.00011282155,0.37641722,0.1792019,0.3012804,0.108882435,1.0383636,0.07989098,0.9031638,3.6789544,0.4419807,0.29400334,0.67486227,0.37881252,0.24196091,0.7077142,1.3812339,0.08558681,1.4317504,1.9849551,0.5645331,0.91229075,0.16495913,0.29564035,0.29946008,0.25819695,0.2073531,1.062645,1.6169679,0.34915102,0.6361184,0.18432274,0.3621201,1.1107671,0.6665839,0.69985247,0.9616883,0.22555429,2.1128247,1.4649614,2.5633252,0.024633614,0.72502655,0.6368731,1.3987834,0.5543513,0.20233767,0.25813377,1.4442008,0.4945759,0.5310423,0.6188063,0.070465036,0.6128377,0.23006496,2.8912134,0.34881687,0.03389194,0.53753114,0.9999665,0.15050468,0.89691114,0.63522536,0.47236958,4.674558,1.2416493,0.29296824,0.5819374,0.2884348,1.6677105,0.15626149,0.95171255,2.219845,0.9347571,1.0724568,1.2569621,0.20093335,0.5214157,1.0258269,0.118179835,0.007789421,0.893251,0.09046374,0.42219046,2.3670638,1.2920456,1.3062613,0.17086636,1.1664937,0.2497672,1.996956,0.44171613,0.7560191,0.44285947,0.3562092,0.0035934388,1.3840201,0.44329402,0.16706899,0.9333499,1.4646544,0.97249186,1.3351833,0.17774874,0.48287353,0.18732467,0.6227745,0.0023996367,0.79007727,0.2987831,2.2873876,0.29018295,0.68810755,0.8673843,0.05117366,0.20822312,0.11875865,2.1369252,1.2388505,0.4791238,0.21803513,0.106480755,1.2501558,0.59310424,0.0024900802,0.088474125,2.470947,0.3565571,0.594184,0.018040724,1.5479555,0.6881393,1.181999,0.584507,1.2135134,2.1460402,0.07020521,0.29454157,0.23513152,0.26348355,0.16681196,0.15940182,0.8588408,1.2840599,3.3309531,2.228414,2.7572849,0.21878363,1.7217221,1.6965126,0.81747615,0.48186916,0.6652863,0.1887942,0.18258764,0.103025734,0.18720405,0.016952785,0.926749,0.964681,0.8939067,0.5180954,0.24149786,0.75977325,0.19325209,0.25156415,0.11368637,0.4293764,0.022374356,0.7641632,1.8700125,0.37369823,0.68695474,0.38841695,1.1078954,1.4210293,0.98215544,0.96749294,1.8774495,0.05726672,2.5933962,0.520543,1.3716456,0.41591316,3.0203962,0.624544,1.3258739,0.81568956,0.37043586,1.2638016,1.0576276,0.2104679,0.06769008,2.047976,0.4876639,3.9925823,1.3733368,0.29816112,0.026189322,0.28219444,0.6597528,0.9076964,0.07635349,0.2985219,0.7011913,0.63615555,2.3635788,1.2072012,0.77104074,2.5580568,0.28415608,1.4096938,0.6676339,0.5828537,0.66952205,1.302137,1.5434933,0.899881,0.6269616,0.2653773,3.4829268,0.0,0.20978612,0.90393525,0.98852843,0.65424967,0.3400406,0.112129,2.3263233,2.1064768,1.5843325,0.98587406,0.28489208,1.3383863,0.84992623,0.44747964,0.022430273,0.5058676,1.6401641,0.15460856,0.743836,1.7471306,0.30150566,2.1133125,0.06642457,0.0619488,2.268963,0.2093375,0.061395664,0.7116771,0.37023178,0.83392614,1.5019345,0.11314273,0.0,0.26828897,0.010453449,0.9130141,0.32212567,0.0,0.16705596,2.6913354,0.19166046,0.35272947,1.4959241,0.48209393,0.007061734,0.5074104,0.23966497,0.45263547,0.29529026,0.43901667,all_pothole_images\pothole_images_image_30.jpg
1.7863053,0.6112198,0.09802189,2.2248282,0.59809554,0.68571687,0.47713196,0.04107552,0.16026159,0.62160146,0.26344407,1.1742603,1.587464,0.98041016,0.29701754,0.0,0.41207045,1.6269429,0.48925197,0.017197568,2.1584754,0.1517897,1.2363081,1.561489,1.614142,0.13416106,0.5979394,1.4940368,0.12580273,0.51828283,0.107591815,0.057071056,0.06456665,2.2128677,0.20426859,1.4083542,0.5488209,0.52131814,1.6025808,0.008518484,0.0,0.2734698,0.38566107,1.2477895,0.25825056,0.08903371,1.1896906,1.3318151,0.048158266,1.0432041,0.7440086,0.6055794,0.62916386,0.12845503,0.5411143,0.5533943,0.229817,0.27975792,1.2107403,0.25747618,0.3281516,0.105617784,0.20422658,1.2822791,1.7625748,1.0388905,1.2800671,0.4613256,0.051693615,0.16214432,1.4112698,0.13921438,1.0293934,0.20264238,0.29272598,0.017281968,0.7312841,1.0108322,0.014572275,0.010095581,1.0550046,1.0759356,0.6024437,0.17244321,0.83373195,0.042244423,0.05344452,0.225916,0.36725864,0.5822604,0.9016065,0.12400983,0.8639755,0.14848137,0.7376755,0.3039409,0.98148733,1.0947924,0.35358682,0.54636514,0.14934592,0.40742633,0.78404653,0.4577069,0.82448053,0.68208414,0.033132605,1.3079895,0.2105953,1.3995681,0.39009032,0.07351366,3.4225721,1.5896873,1.2913051,0.37835404,0.011589887,0.19352578,0.5220137,1.3599828,0.6994716,0.22593081,0.49790022,1.065796,0.1743623,0.31035167,1.2113464,1.8004589,0.34051245,0.4158446,0.30634007,0.58740497,0.16389802,0.032294326,0.9785347,1.5386438,1.4564261,0.6837167,0.86413276,0.07231153,0.9838795,0.52944577,1.5611748,0.8548302,0.25517538,1.974232,0.887663,1.890511,0.011422449,0.095171146,1.3663987,2.3994129,0.0048609176,0.0,0.45048344,2.6756697,0.31342965,0.52647865,2.2050822,0.50865924,1.5304643,0.22853574,0.10787263,0.32626435,0.561561,1.1041855,0.47950625,0.075988136,0.2012541,2.569533,0.42842972,0.9705962,0.7029397,0.9225492,0.015296771,2.166091,0.09696862,0.013291387,0.4944844,0.3022272,0.22138335,1.0983429,0.028682785,2.3189905,1.6877469,0.7611567,0.08770752,0.51360846,0.9606225,0.32728526,0.09028744,0.9102923,0.91551703,1.0283076,0.8915274,0.6262002,2.7239003,0.6776785,0.82260776,1.378498,0.3410483,1.1749061,0.022487221,0.03873317,0.06920885,0.49700361,2.7390943,0.001809069,1.84929,2.1027398,0.0008606023,0.722804,0.14434566,0.2738572,2.7211123,0.77781826,1.4612292,0.59766287,1.4200975,0.0,1.9019151,0.1192928,0.3809883,0.38079342,0.04302433,0.0658081,1.2686036,1.999009,3.2910304,0.8030928,0.29469186,0.071003,0.9211407,0.4330097,0.17864579,0.17676336,0.48618028,0.997685,0.9791979,0.36936352,0.0,0.0040928125,1.4558456,0.51717186,0.40010247,0.029166883,0.84328103,0.2586937,2.6785913,4.793936,0.07355497,1.7299993,0.06498583,0.042665005,0.6009505,0.7704726,0.602368,1.4122733,0.041989107,4.052862,0.4431752,1.7209022,0.8608536,0.30876935,0.22151458,0.3392946,1.2840953,0.5865555,5.478191,0.1659556,0.79170114,0.23810902,0.22614384,1.1206845,0.065720454,0.9712135,0.32903567,0.41828692,0.08542205,1.8396292,0.029872255,0.0030717447,0.44757995,0.13581854,0.78064114,0.7805416,0.9357123,0.019270284,2.4866939,0.0026010626,0.07401241,0.44101962,0.3561861,1.1006043,0.18564758,1.3673843,1.1561599,0.017190658,1.4666928,3.656064,0.88353103,0.4441695,0.00029254862,0.0,4.2434793,0.017920787,0.6390904,0.00054706505,0.26699603,0.0,1.4946988,0.55048203,1.3585324,1.2417744,1.2555285,1.501029,0.21350354,1.6206163,2.9737704,0.4233434,0.6690213,0.0,1.5426668,0.5686141,0.09158685,0.22022632,0.5471771,0.0491218,1.2208077,0.045559313,1.2180555,0.91968995,0.2885379,0.49499893,0.0,0.0,3.0386043,0.32027632,0.69613975,0.25661084,0.5751415,0.5520369,1.848086,0.9895969,1.5981171,1.4663743,0.64083153,1.0063977,0.27899057,0.008526804,0.74264944,1.0234487,0.43688482,0.37380424,0.87291116,0.95947903,0.17802843,1.6967723,0.72014576,1.6196011,0.8314187,1.525386,0.8828601,1.4456367,0.0,0.02708885,0.014794894,0.008613352,0.8875748,0.8846248,0.060998574,1.1332711,0.21944836,0.10004406,0.3464669,0.2268412,0.21516126,0.4634985,1.9729902,0.9671237,2.6200736,0.24438052,0.40048352,0.4582043,1.6263461,1.4174241,1.1217248,0.0711058,0.6780485,0.067225434,1.5627578,0.996428,0.64814967,0.2763212,0.017706085,0.80504006,0.27638966,0.4690215,0.37420616,0.3413894,0.029677633,2.9565995,0.12895392,0.008733958,1.0154729,0.032381024,2.1030064,0.3478861,0.5739187,0.40179297,2.1854038,0.42868975,0.21615413,1.3975807,0.6266618,1.9683434,0.2456315,1.4788128,1.4890096,0.005472466,1.6364774,2.467478,0.20954666,1.5175582,1.29211,0.45382705,1.1828351,1.4039378,1.5629071,0.964175,0.036129586,0.19483346,0.49458212,0.35684508,1.2661564,0.58297247,0.10810773,0.3683389,0.0342012,0.9174795,1.0389904,1.600991,0.17671305,0.5380705,0.22483458,0.090431325,0.2934971,0.9317801,0.9039358,1.2547381,2.7211373,1.6015351,1.467264,0.1511411,0.0,0.3732388,1.424312,0.0,0.00080597156,0.5824001,5.1155066,0.30381945,1.4556061,0.51635104,0.545651,0.6213002,0.0,0.011025902,1.3417872,1.5897003,1.1143938,0.17150536,0.007348013,0.030639052,0.9685818,0.07954144,1.6217219,0.71342605,0.005094708,0.41099906,0.3320205,0.5634766,0.4410043,1.5915879,0.31270343,0.14548185,0.0194198,0.044654164,1.3176597,0.005739378,0.12860784,1.1389654,0.25042972,0.42410472,0.053091485,0.60227096,0.2930011,0.23160124,0.1966879,0.38471004,1.6613073,2.5963268,0.105141744,1.8887813,1.8113726,2.3042235,1.5905986,0.06751549,0.124170445,1.7232097,0.077469744,0.085439414,all_pothole_images\pothole_images_image_31.jpg
0.3972411,0.30775583,1.10949,1.80131,0.3924071,0.20445544,0.43247673,0.35970968,1.3490338,1.3397816,0.24708405,1.1820893,0.294805,2.0067215,0.14376113,1.5862497,0.43198115,0.403027,3.0240746,0.780376,1.3574735,1.4783615,0.30100283,2.0249264,1.3215644,0.5492116,0.07943096,1.3358563,0.30993378,0.13922757,0.26180208,0.330953,1.2801207,1.1291561,0.20247754,1.7473944,0.3565071,1.7160274,0.62478137,1.1175802,0.14672282,0.03774019,0.4152481,1.4041387,0.6112214,0.45149073,0.073307574,0.5142935,1.6292344,1.1003078,0.27427006,0.0962959,0.88982874,0.38139248,0.19021589,1.421988,1.9468064,0.20068,0.60625565,0.66876435,0.08367911,0.1650521,0.26590234,0.43003327,0.33531556,2.1833785,1.035984,0.063597426,1.2768542,0.15990205,0.014272298,0.19869044,1.3556411,0.3216384,0.3980032,1.7263585,0.17603366,0.743228,0.2696473,0.25406453,0.12969004,0.41749167,0.38091627,1.822606,0.60400146,0.55496156,0.07263088,0.42762595,1.4414475,0.75198364,0.50970715,0.03148686,0.03145756,0.517885,0.40221912,0.0067765857,1.9147613,1.7956614,0.4023217,0.059041437,0.47302952,2.249096,1.404835,0.012345006,0.60236263,0.39870247,0.17637272,0.12910339,0.87150025,0.1165833,0.0,4.392878,0.67893225,0.19615863,0.5197419,0.12936696,1.9800496,0.9833937,4.544768,2.8210664,2.1750453,0.68362397,0.54103434,1.3643254,0.70961946,0.69220203,0.33694753,0.93269765,0.8938124,0.044621307,0.71052915,0.0,0.37928092,0.08193338,0.121207796,1.591295,0.361752,0.6885063,1.1127881,0.12868759,0.05611827,2.245166,0.29144007,0.32632604,0.14404249,0.33231747,0.17561902,1.2261815,0.8952899,0.0025623683,0.53518075,0.5710963,0.16505705,0.027666954,1.8558279,1.2287073,0.45469368,0.8944126,0.25264674,0.3074585,2.3564756,1.7640606,0.22170864,1.2725642,0.04417401,1.0099492,0.18548408,0.30249208,1.0583038,2.793398,0.0060085277,0.0040579326,0.11040504,0.53102046,1.107923,0.26527968,0.25656763,0.005266194,0.05393062,0.47657618,0.13692544,1.9196787,1.1305538,2.485529,1.9459814,1.195656,0.7255669,1.005528,1.6401557,1.7700517,0.15310496,1.4619408,0.0,3.0009022,1.4304098,0.795592,0.65342337,2.7672343,0.7421895,0.859282,0.6900985,1.0515828,0.62230027,1.0133712,1.66972,0.031286906,0.10174154,0.17991069,1.4683084,0.1137735,0.24387495,0.012556342,1.4502609,1.2488136,0.98892295,0.47956347,0.36282647,0.29423568,1.1400452,0.16981858,0.12091936,1.5402044,1.3651824,1.5131516,0.018259903,0.09628128,1.9616238,0.9221133,0.38016602,0.9908006,0.13217087,0.008086396,2.301802,0.5257618,1.3467953,0.5858356,1.1801175,0.27478045,0.06684144,0.65161765,0.60393953,1.7309688,0.20555058,0.8622396,0.3113104,0.03530883,1.156579,0.4623853,0.48954505,4.2431407,3.4717815,0.6123251,0.21367817,1.4036598,0.032021005,0.08988422,0.71434486,1.7565542,1.0853988,1.1594784,0.095918715,0.01494679,0.0215117,1.5386268,0.81822854,0.8745993,0.3607896,0.30226135,0.8028522,0.47871366,0.519935,0.19883032,0.0,0.99208295,2.4210844,1.0368536,0.47549224,0.4329485,0.38144892,1.0855312,0.18884817,0.73696303,1.0257258,0.07169331,0.11002998,2.4521422,1.9389738,1.5280594,0.2791122,0.49805832,0.16666383,0.24268535,0.21934478,0.98223525,0.65875787,0.8779499,0.3595422,1.5292282,0.67376024,0.83831775,0.12807375,1.675768,0.32370943,0.46678647,4.270525,0.009359228,1.0596468,0.49816468,0.5787908,0.22600563,1.2752581,1.083107,4.2396555,1.7960426,0.005826132,1.9580956,0.09321617,0.5493773,2.0627923,0.20299685,1.5168017,0.28717196,1.163034,0.17370118,1.3095387,0.14755541,0.20612101,0.71969855,0.4275827,0.63617533,1.7084821,0.8970361,0.026391737,0.24200913,0.30631217,0.1659403,0.9945481,0.29350063,0.07437512,0.020114215,0.28048828,0.8711694,2.4746575,0.43537116,1.5548295,0.11198884,0.0,0.23885174,0.45363796,1.6867416,0.07751234,0.07899715,0.30733004,0.9726036,0.22477683,0.7979554,0.03507004,0.5883835,1.7798336,0.8447759,0.05353546,1.0717047,0.39088368,0.7487702,0.458847,1.1602598,1.8316149,1.0519704,0.098413706,0.6782499,2.0891154,0.23433371,1.4356529,0.08424678,0.7883238,0.15138294,0.1186631,0.36088607,0.37479144,0.9796177,0.38527614,0.01845526,0.612445,1.8424754,3.5112076,0.27537,0.3530621,0.0,0.09520828,1.7280687,1.845629,3.1202254,0.50871694,0.28329584,0.11485132,0.16461489,2.3341596,0.45571136,0.5498384,0.026303858,3.0442667,1.0776209,0.3989404,0.32707354,0.26647243,0.25542876,0.13347405,0.49686205,0.10868231,0.0011757235,0.0,0.40622935,0.15443727,1.5811615,0.006383858,0.3933627,0.71515274,0.27261093,0.52705854,0.7077779,2.6063266,0.3845404,0.39694956,2.4921253,1.4318355,0.39346215,1.6880398,0.5772711,0.15578727,3.1269562,0.17485479,1.6024942,0.054526307,1.0510032,0.59083384,5.009274,1.7588202,0.5947185,0.9824555,0.92057365,0.28772137,0.9172267,0.1909881,0.9516182,0.32831648,0.40238905,0.7567711,1.0203775,0.021517573,2.1040578,1.5264366,0.4343755,0.31123415,2.1698225,0.8078197,3.2843387,0.53746206,0.74830115,0.654202,1.9467446,0.097564206,0.49832636,1.2541713,0.1359272,0.75069714,0.8152111,0.9660182,0.0,0.054549254,0.1638546,0.86896294,1.3521098,0.13587178,0.3657706,1.7904017,0.552728,0.589515,1.5987757,1.2961589,0.013428661,0.97210336,4.85401,0.77679086,0.3508496,0.0,1.3362721,0.6861493,0.2193579,1.457157,0.30981112,0.71378875,1.7784413,0.21766764,0.39381534,0.19068687,0.028411264,1.0776591,0.24306464,0.5439393,0.5369925,0.19151816,5.573105,1.4792312,0.007981981,0.5028102,1.1171772,0.12689388,0.2609309,1.5368775,0.26524827,1.6335008,0.37075263,all_pothole_images\pothole_images_image_32.jpg
1.6686616,0.7739268,0.5582909,2.743603,0.4755866,1.0426062,0.95503426,0.9171626,0.024883002,0.46270752,0.0,0.78069735,0.22190484,0.52984416,0.7395684,0.27815428,0.041319013,0.9122889,0.5430835,0.7954807,2.029577,1.3961046,0.102045,1.4282122,2.016496,0.023037028,0.2773412,1.357103,0.17115958,0.5088279,1.2873013,1.290673,1.6860083,0.9859078,0.8960386,0.9065211,0.8324194,1.2960203,0.27340752,1.6474371,0.69308627,0.56000835,0.66398746,1.1044077,0.9726866,1.2534615,1.1827803,0.061380308,0.775995,1.980339,0.45867467,0.41268146,0.80443627,0.18298578,0.21425714,0.58146614,1.5335721,0.6860537,0.47056764,1.327233,0.5092153,0.03737469,0.54442453,1.5109081,0.25346884,2.6104326,0.27283394,0.25932124,0.7081452,0.10743816,0.86042833,0.20276044,0.58485925,1.6739697,0.7572904,2.9924777,0.13802867,0.58642834,0.18414341,0.13897415,1.7594221,0.23607607,0.64704436,0.440474,0.027233243,0.2040768,0.81047875,0.46076265,2.5403094,0.52630407,0.020023273,0.1071427,0.69050205,0.2458335,0.098321624,0.17702644,0.02088535,0.39618155,0.65818024,1.2487768,0.035579562,2.5124755,1.5634798,0.19985086,0.8306931,1.1450008,0.36300725,1.6466074,0.27745646,0.31713325,0.0,2.9422352,3.154034,0.6845808,0.8531721,1.3781887,0.895311,0.3334913,1.9173785,1.9285288,2.775616,0.760576,0.32199612,2.1084478,1.0304164,0.65732306,0.90115184,1.875176,0.99187607,0.11794686,0.71389574,0.0,0.0,0.47652048,0.8310868,0.3898636,1.7008832,1.8292661,0.36460727,0.110925354,0.35880998,2.881871,0.27965748,0.6517093,2.3430097,2.2647455,0.70107675,0.37534285,0.9202704,0.4938141,0.28326714,0.42242953,0.43571645,0.1799017,1.9986525,0.28058535,1.497595,0.38718495,1.7191844,0.7895109,2.2158706,2.4989004,0.08482585,2.4147272,0.027427828,1.4297878,0.9545856,0.03091675,2.1865304,0.78383815,0.036941484,0.0,1.1682171,0.5419206,0.41690102,0.52522045,1.1199495,0.0008381288,0.61125547,0.0,0.13821077,2.9691832,2.2091825,1.853557,0.97479695,0.8534629,0.421396,0.55191594,0.33161154,1.3726875,0.69441193,1.7386318,0.304663,3.548679,0.5286222,1.2335331,0.640495,0.69621485,0.3354208,0.25011384,1.1910696,0.78822315,1.2539709,0.7492527,1.4011241,0.17177473,0.08840091,0.5326685,1.8491682,0.107988656,0.3773206,0.021737015,0.029286632,0.7586589,1.3549285,2.161295,0.54258347,0.32396528,1.4273866,0.13172856,1.7724142,0.60403055,0.650305,0.55819803,0.06131632,1.7049454,0.6820074,0.40527445,0.27061304,0.5362516,0.8448017,0.29652297,1.4943315,0.02618769,0.40131742,0.081549466,1.9697777,0.05664226,0.18723112,0.6873254,0.79239047,0.19638176,0.13591841,0.16245794,0.1062465,0.05405431,0.93389595,0.88672686,0.3872269,2.3460433,1.8348502,1.1810251,0.5252983,0.17270526,0.047391087,0.5262164,0.85817385,0.022515895,0.49057567,3.5591416,0.07965339,0.099923305,0.28117776,0.50817335,0.3956415,2.1056201,0.28794262,0.23195656,0.6814408,1.5957214,0.91476625,0.29766017,0.8892634,0.05549388,0.44501343,0.8511046,0.266509,0.76996416,1.4207225,1.2436812,0.21603782,0.1562784,0.4545175,0.2284518,0.24539106,0.3485656,0.45588967,0.3597543,1.3583561,0.6714468,0.44493204,0.33742172,0.48166445,0.4705084,0.09382483,0.11491016,0.09403138,1.0851915,0.74954784,0.83238626,1.6578802,0.57561,0.46140683,0.4840597,2.4545968,0.8834025,0.03406921,0.19179176,0.2748768,1.785423,0.78399557,1.4967183,1.7502233,2.9459786,0.25345564,2.4962194,0.0,2.2976036,0.83896124,0.57897705,0.8698737,0.4615638,0.94116426,1.321691,0.5845684,0.036800373,0.3761724,0.0023941041,0.31657565,0.31420642,2.0251129,0.14547637,0.0,0.83823353,0.29592457,0.31749642,0.6020551,0.06949215,0.44873932,1.0603639,0.5608572,1.4338615,3.4228234,0.20195952,1.9398291,0.47758165,1.6723409,0.19878444,1.1532035,0.33726808,0.21806839,0.24810095,0.66178113,0.85240173,0.23675267,0.66846657,0.17750557,1.3263235,1.3284605,0.42743245,0.8337731,0.34314016,0.9225178,0.14643183,0.05762891,0.5153306,1.4174806,0.2837157,0.017383657,0.3175325,0.47597227,0.33994743,0.53680146,0.4360667,1.4061261,0.3495747,0.50597906,0.34129772,2.1710453,0.40001944,0.16893746,0.18685642,0.30086848,1.285354,1.4524598,1.9880087,1.6124672,0.0,0.05087759,0.89433193,0.54161817,1.686988,0.24482054,0.25536856,0.24708094,0.70240504,1.5866612,0.64252543,0.64801645,1.1422658,2.1456308,2.4654593,0.7059909,0.27452952,0.08795196,0.16201219,0.39655334,0.65859056,0.9629177,0.38688254,1.235197,0.46159428,0.7074843,1.1558788,0.19742674,0.27157387,1.217907,0.3513549,0.48263502,0.43479896,2.780637,0.67323583,0.8642884,1.7745947,3.794189,0.1363475,1.7678792,0.6332926,0.9874557,0.6321215,0.34876305,0.7566193,1.8967322,0.9698309,0.9303057,2.2784877,1.3765916,1.2671599,0.28770342,1.5075912,1.0663582,0.8458352,0.38681248,0.23364349,0.44103482,0.19101311,0.08120214,1.2598146,0.2640367,0.8723931,0.7342939,0.52274215,0.9816614,1.3472129,1.0273712,0.23343122,1.677451,0.41355845,0.27528468,0.74382347,1.2234652,1.6367648,1.838885,0.28865522,0.14083992,0.16987495,0.52841234,0.23788951,1.7871411,0.85884863,0.64592856,0.5791126,0.2526016,0.0,1.8559474,0.0,0.48447767,1.6788372,0.028341142,0.062359434,0.32687822,2.329768,0.98596907,0.64940137,0.11028005,0.0,0.5137367,0.18858077,0.5435227,0.16597413,0.44562796,0.9476787,0.68540066,0.5687808,0.34256223,0.12035542,0.36882502,0.07990212,0.7442455,0.44769046,1.5027765,2.958176,1.5924832,0.06671205,1.2912427,0.60097927,0.089282826,0.074271776,0.34824237,0.14616081,0.05615994,0.8158946,all_pothole_images\pothole_images_image_33.jpg
2.1688251,0.9908758,0.2657463,2.082845,0.57936555,0.3099158,0.049217995,0.011881911,0.5966863,0.33602187,0.4558082,0.65409505,0.22153184,1.6557395,0.6892063,0.13040136,0.19741389,0.06953836,0.9387599,0.15505734,1.4981334,0.9237287,0.24104449,0.69862056,2.535644,1.0382165,0.36564294,3.5017254,0.23264153,0.011101728,1.1565282,0.0,0.2363781,0.42590746,0.8087398,0.73368156,0.24258642,1.7031878,0.4877891,0.1561269,0.036018234,0.013043293,0.73422325,1.2070487,0.6381612,0.6109348,0.02228032,0.4073391,0.53421843,0.4994825,0.036151566,0.5863209,0.13543576,0.15020914,0.03937473,1.9017118,0.5037639,0.04480035,0.32712328,0.032328635,0.26965955,0.37817383,0.46516153,0.1682125,1.7245704,1.3134977,0.33793405,0.0,1.3496716,0.12104705,0.7163613,0.005253425,0.7682412,1.496896,0.07974336,0.89936393,0.03443771,0.44672832,0.0029693672,0.25672147,0.16180448,0.53619856,0.46863422,0.4220632,0.44947153,0.60283923,0.11849115,0.13851382,2.915131,0.5455776,0.49304637,0.0662508,0.055820487,0.6744131,0.18100668,0.01916152,1.1483523,0.28709587,0.63448423,0.8337555,0.08650457,2.0704181,0.18985666,1.1196151,0.26297727,0.13014358,1.5263246,1.1488737,0.07476536,0.51395833,0.09866763,0.774551,1.4705416,0.63282615,1.228109,0.742282,1.1401676,0.23893487,0.3251909,0.97855264,2.705369,0.017374154,0.07597974,0.5804253,1.1920841,0.49470952,1.3822296,1.4176869,1.595886,0.39090136,0.041435756,0.0,0.020789193,0.10679986,0.2947071,0.914073,0.45780754,1.9166074,0.5620215,0.0058253114,0.06741215,1.0992538,0.14197704,0.5589588,0.34506002,1.4056101,0.06716283,0.27561492,0.21036004,0.19243072,0.73215216,0.16180614,1.48410645e-05,0.44323853,1.0538561,0.96485907,0.3264703,0.044447277,1.3974986,1.8208,1.086049,2.6748347,0.069532625,1.8981417,0.2633299,1.7911792,1.4259633,0.0572102,0.8970322,2.1850696,0.27019823,0.038304143,0.32016423,0.3093554,0.37113968,0.21930735,0.94454306,0.15333286,0.12904976,0.61593455,0.059940346,1.7519926,0.96005756,1.6071867,1.76517,0.8909081,0.062543355,0.5114413,1.0917135,0.34403548,0.268435,0.6412615,0.18136927,0.7241219,0.38515893,1.1273851,0.8849638,0.7248909,1.1291931,1.2550914,0.21175933,0.38271713,0.18048422,0.9869324,1.4356416,0.24040881,0.80021363,0.08194393,0.86269206,0.3965243,0.02125426,0.02164701,0.29922682,0.0,1.888669,1.2354311,0.4987243,0.23251677,0.015776835,0.19964336,1.5175706,0.2525634,0.87441593,0.049771283,0.04046472,0.62010366,1.0837549,0.8823084,0.91351944,0.8669905,0.12622409,0.041768443,0.27983022,1.2293128,0.5857933,0.32037252,3.1231678,0.043170534,0.48225072,0.25678295,0.16431162,0.038669858,0.31146464,0.22582138,0.29894078,0.0,0.27469808,0.87880635,0.7727555,4.628964,0.24693064,0.020351581,0.3911704,0.75449055,0.24463183,0.0068088244,0.23072843,0.94632846,0.4233742,3.3505242,1.130633,0.18147475,0.438731,0.00020372526,0.3909694,0.2742123,0.9367658,0.34756806,0.16901928,0.19929352,0.50945866,0.0,0.17321755,0.0816706,0.059359487,0.5934409,0.15329647,0.6755224,0.0706763,1.0650156,0.19502214,0.110549204,2.0830529,0.08668151,0.96572256,0.9393771,1.7996297,0.1898536,0.1285398,0.0,0.065113,0.6306791,0.25286475,1.4756656,0.27528876,0.16143228,0.5868768,0.4595433,0.11107255,4.0154266,1.0747894,1.1630378,0.0,0.3592058,2.5595129,0.8664141,0.0,0.3920882,0.23456563,0.061910447,0.9201587,0.6497305,2.244247,2.5712702,0.068679854,0.7282604,0.11119046,1.260364,1.7455612,0.12096402,0.48327908,0.07690955,1.0041717,0.026605602,1.1195165,0.57332915,0.07077471,0.08546985,0.40355295,0.14181753,2.2966685,0.49949855,0.002755174,0.044270866,0.20492125,0.014560191,1.0100683,1.1180809,1.0190396,0.569438,0.33854294,0.26757908,2.6152039,1.0054219,0.5837158,0.39622676,0.4224788,1.1026495,0.2629231,0.39040583,0.11242224,0.6351578,0.011230228,0.64295256,0.22918923,0.15722887,0.24711707,1.698895,0.41344008,1.1684954,0.4822675,0.8079825,1.3983603,0.9877183,0.09926406,0.5683854,1.9567703,0.40869793,0.114345305,0.9174029,1.4405744,0.30756414,0.118595675,0.5348198,0.49895635,0.22606249,0.21866107,0.2954074,0.17725153,0.24618143,1.6891567,0.0,1.2705925,1.4450389,1.6724274,2.5957503,1.1544405,0.40098602,0.035844,2.2865398,1.883194,0.7123249,0.05163761,0.088901356,0.45085722,0.3160984,2.832459,0.18165043,0.12146371,0.025012862,2.2218406,0.5916341,0.2255843,0.23574273,1.7486849,0.17493033,0.28936252,0.3254629,0.6755019,0.16460161,0.758124,0.103119574,0.009965481,1.3292342,0.0,0.33918026,0.35238,0.1751468,0.9855352,0.34080932,3.0609882,0.17481717,1.122473,0.8195323,2.1218357,0.37100494,0.6669053,0.09892518,0.9011033,0.8228257,0.36490098,0.17953297,1.2410367,1.9039079,0.552791,2.6268716,0.7629408,1.9555935,0.17477861,0.22597861,1.2794725,0.00016671469,0.15682621,0.1429348,0.0,0.009061324,0.91507924,1.1815966,0.4519224,1.6497347,3.5189,0.37437984,0.6132615,0.36327362,0.60345596,0.24421763,0.7239957,0.0836257,0.31858402,0.53908545,1.039056,0.25201592,1.337279,0.13366506,0.57350796,0.6036468,0.7369213,0.111437194,0.765783,0.3470968,0.26719707,0.61920625,0.035768885,0.2095746,1.418649,0.07848897,1.4158779,1.604978,1.050361,0.07988215,0.6201221,3.423618,0.44878963,1.0626395,0.5327115,0.08991191,0.09387974,0.08059115,0.2750548,0.070324674,1.025368,1.3288938,0.0018548821,0.023322433,0.3240381,0.018294485,0.081232145,0.04367503,0.3525092,0.22491463,0.674184,5.1356697,0.33457807,0.4111766,0.81446534,0.8172741,1.414137,0.57598406,0.06262926,0.24564397,1.4884351,0.5117768,all_pothole_images\pothole_images_image_34.jpg
0.08966078,1.3243189,0.0,1.9486009,1.4921954,0.057256736,0.21119808,0.6778854,0.076914065,1.2464662,0.5434929,1.6958699,0.36955845,2.7975066,0.0,0.0,0.70649844,1.4588552,2.0842395,1.6618965,0.22444549,0.5888983,0.2784933,0.5966677,1.9010396,1.7463644,0.5531347,2.2900171,0.042075116,0.48090222,0.42682508,0.7329428,0.44256848,0.13316509,0.6753325,0.97995305,0.4865916,2.1195133,0.70845324,0.08176753,0.08363488,0.4047263,0.26882163,1.5190653,0.80775577,0.22384822,1.0068812,0.18415694,1.6890099,1.5868813,1.0969193,0.32445526,0.14211075,0.26029977,0.050019924,1.796278,0.5887138,0.80679584,0.94322,0.54999894,2.1183019,0.1581375,0.7109926,0.24400057,1.5678803,1.470105,0.08932292,0.108278126,0.09293771,0.46144068,0.96454823,0.050254423,0.6173844,0.10461071,0.21075067,0.0023692052,0.04518148,1.0468948,0.45803756,0.3905136,0.41834706,1.5865039,1.2801312,1.3671725,0.0839816,0.0051217168,0.80970615,0.13839398,0.3442958,0.00454367,0.39120296,1.1196744,1.0013231,0.5284287,0.11268003,0.32012963,0.34914112,1.5589749,0.521307,0.8003156,1.0734255,2.9825943,2.2068262,0.059152603,1.2598985,0.25809163,0.54078263,0.6940855,0.5281625,0.03290896,0.32436645,0.4076647,0.8820938,1.0590934,1.9252748,1.1341869,0.11646892,0.05082153,1.5738887,0.36766002,2.9906945,0.025970558,0.49705905,2.273798,2.5039184,0.7498734,2.331942,0.56947047,1.5200162,0.16413735,0.4492443,0.3624387,0.75292003,0.101121426,0.52923787,0.0042616017,1.2643117,0.33007246,1.2429918,0.17251538,2.0716724,0.052500922,0.33765364,0.48797902,0.2705619,0.9215753,0.87024075,1.1825861,0.88034266,0.05445732,0.21912174,1.5933946,0.043452088,0.25937447,1.3024522,0.88180447,2.4169965,0.26517695,0.393321,0.45576605,1.5774225,1.7598457,0.55667096,2.1975067,0.4166018,0.10236706,1.4378878,0.26483718,0.26932308,4.1807933,0.02136643,0.0011099384,0.33972567,0.25264433,0.116730005,0.058740925,0.57929075,0.75730956,1.2400957,0.54335225,0.50691533,1.3531816,0.996352,0.68031776,0.38232425,3.1899598,0.5564304,1.5683961,0.16867848,0.841185,0.24632628,0.7096019,0.30975348,1.9136965,0.44316515,1.4178401,2.503577,0.05440582,0.7827298,0.005687967,0.6107567,0.5595334,0.32297942,0.059182998,0.054477524,0.9205082,0.010366698,0.08394236,0.9817361,0.7557416,0.0117437,0.6423442,0.86944693,0.29665446,2.9005954,0.88918304,0.50997627,0.30475786,0.37888107,1.033198,1.4125681,0.931511,0.61126506,0.5791643,0.0,0.08530817,1.5316325,1.3934989,0.76736534,1.0888468,0.1648391,0.21923308,0.8455671,0.5425866,0.0148685705,0.014125435,1.2777812,0.7314149,0.16531244,1.4094677,0.5455124,0.37341723,0.367771,1.1929576,0.5375767,0.20459902,0.58016616,0.2682171,0.37395653,2.496899,3.665863,0.2600869,0.2728578,1.4742316,0.36926854,2.0937858,0.116947465,1.0534643,0.2780423,1.7973309,1.8139553,0.098405406,0.1721516,0.44512144,0.039246336,0.3816552,1.5964035,0.63690645,3.6617954,0.01662454,0.04470507,0.17705335,0.40685084,0.1291919,0.39648607,1.0286437,0.3599365,0.45777395,0.14350477,0.26653317,1.1553174,0.9083202,0.8072172,0.38278645,0.022328373,0.98475724,1.8944937,1.1408526,2.9772482,0.6801585,0.0,0.0,0.13066588,1.5812978,0.24198423,0.38711727,0.5537971,0.58599365,0.3580043,1.2010924,0.72587687,0.46003863,0.7380123,0.38377348,4.5881476,0.14526048,0.97744995,1.0231217,0.1552782,0.5601733,1.4141288,1.5274664,1.2563235,0.6705371,1.4534669,1.0892069,0.08801811,0.7943437,3.3395684,0.11584441,0.11072678,0.271606,0.764153,1.6709195,1.5087806,0.44773257,0.57563907,0.0,0.6779321,0.05074648,1.0748562,0.40819758,1.2023938,0.33725995,0.31136855,0.05328486,1.2972193,1.3798631,1.3895378,0.66340846,1.1248316,0.17513904,0.7429975,1.3070831,1.2543398,0.504016,0.07377897,0.6913746,0.9448286,0.57633877,1.5139699,0.20397615,0.5748048,0.9458185,0.18424353,0.2526501,0.13001347,3.1363862,0.61052525,0.6299039,1.2136309,3.1312706,0.39413452,0.273666,0.055938613,0.33644587,2.249353,0.9576075,0.0023623435,0.58596444,2.0210443,0.27492294,0.45119885,0.32416862,0.59214383,0.5152491,0.2604433,0.4845097,1.1242571,0.5284221,2.6795094,0.037556384,0.8355677,0.5881445,2.1120343,0.0,1.8704861,0.037720263,0.1635558,1.5045676,0.846701,0.15294027,1.3086706,0.9790457,0.18173389,0.2550018,2.1004696,0.14210247,0.10498975,0.01528569,1.6834762,0.68307275,0.75447214,1.0204589,0.07606502,0.8447401,0.7810692,2.1158772,0.8306072,0.049877856,0.21467815,0.26093522,0.090071134,0.60888,0.15638077,2.5919592,0.29485506,0.97740334,0.8765534,0.31531888,3.4218254,1.0516489,0.88200516,0.7270165,2.6759825,0.5707262,1.4614733,0.67290264,0.119800866,0.04764022,0.65321326,1.8914704,0.00073486054,0.11071246,1.2021549,0.8387653,0.71233803,0.1149332,0.109377995,0.036987357,1.4042051,0.23442529,1.1673101,0.032304697,0.5423052,0.00032864374,0.7274677,0.42313778,0.017838798,2.108054,2.651913,0.4711861,0.15042554,0.013560221,0.27122036,0.427581,0.3829885,0.021500252,0.093082316,0.38663653,2.223222,0.3083824,0.67801523,0.04548065,0.31228262,0.58695537,0.74534386,0.081095435,0.4101235,1.5688237,0.43615395,2.5108328,0.87502617,0.5577167,1.5631939,0.074915774,1.254798,1.8475673,0.51592255,0.23691937,0.45486188,1.4718541,0.5239123,0.0033214681,0.04309575,0.18812126,1.187825,0.10691261,1.0781345,0.0,1.0982774,0.74745995,2.7693033,0.19404903,0.008432861,0.021378662,0.8089514,0.8434848,0.79231703,0.55750453,0.64882886,3.1342392,0.25175962,0.48420936,0.8963286,1.0257471,0.43115577,0.3597302,0.2192271,0.102991514,0.22221489,0.04843771,all_pothole_images\pothole_images_image_35.jpg
0.10347253,1.1001312,1.0426643,3.3038967,0.2381056,0.3905044,0.2533109,0.32874528,0.7776478,1.4642972,0.25921553,0.6205247,0.06543888,1.6893926,0.09821043,1.2456242,0.0391828,0.12470863,0.4007638,0.04113792,0.5601599,1.2860153,0.366403,0.93186367,0.7943968,0.3991309,0.42630175,2.3845315,0.68699145,0.29121208,0.5923011,0.027104363,0.46774283,0.640063,0.16167872,1.1768605,0.72462696,0.6349314,0.41655865,0.67144495,1.2523088,1.2540051,0.72085524,0.04430626,0.7942928,0.030147927,0.6727072,0.14823845,1.1560038,0.1685276,0.2746439,0.1375413,0.38399068,0.1975404,0.012445952,0.8632205,1.2537982,0.3180725,1.4685233,1.7179545,0.07572709,1.7421743,0.7703969,0.7175759,0.5733927,1.7459062,0.46310976,0.07781575,0.25723112,0.13415556,0.02406261,0.42016146,0.10354974,0.0,0.76747715,0.9441553,0.5438027,0.7109325,0.0,0.11609202,0.094906375,0.8929825,0.97392553,1.9470603,0.16308352,0.8603869,0.31166285,0.025894133,1.7236325,0.5402096,0.005623363,1.3143255,0.0,0.35526457,1.3031539,0.24700001,1.1467746,0.3778894,0.51015985,0.037245207,0.06888937,0.7462787,0.01849441,1.2752973,0.7095057,0.0041611665,0.084674865,0.1076159,0.27626646,0.03845847,0.22901703,4.0235176,0.5302906,0.12843378,0.557507,0.07595657,0.9363677,0.053557016,1.1018671,1.6470948,0.97156525,0.36735082,0.10187823,1.565951,0.33430856,1.4740229,0.14546472,0.02614782,1.6712424,0.16315402,0.39255834,0.0,0.16791153,0.115121305,0.09180871,0.8893131,0.062394336,0.5684787,0.48521182,0.13565448,0.2618327,1.3460299,0.07478143,0.3645847,0.036632147,0.57648444,0.1156775,0.082182765,0.548802,0.09231122,0.545206,0.45762852,0.04044412,0.21071336,0.9985603,0.14890529,0.3081605,0.5025617,0.8085623,0.30634966,0.40314275,1.1397156,0.16597399,1.0095047,0.9795349,1.5510474,2.114596,0.22556785,1.1346608,1.2150092,0.18966618,0.22791389,0.0,0.23160991,0.39807028,0.25537705,1.9094582,0.0058815917,0.3218725,0.47436365,0.018570023,1.3836813,1.8829747,0.7423074,3.170265,0.8102679,0.2970057,0.93553734,0.7146996,1.0245261,0.6034281,0.41655955,0.0,1.4274572,1.570223,0.0,0.9245434,4.2022843,2.1027713,0.95182127,0.3519702,1.1328397,0.4749119,0.57507193,1.3150604,0.0920734,0.313698,0.2044285,3.475171,0.8323386,0.016288415,0.0321023,1.5358995,0.99243855,0.6300354,0.4390732,0.08819321,0.020141609,1.5263591,0.6144055,3.4435396,0.16522573,0.344786,1.942162,0.1409987,0.57786036,1.1118456,0.16939487,0.57139456,0.7766618,0.24876055,0.5498868,0.40536627,0.3689981,0.77686286,0.318945,0.5003176,0.13574539,0.28312021,0.5936336,0.47671548,0.25601602,0.28499973,0.1561897,0.08077965,0.0,0.6412956,0.81225854,0.18902066,8.1548395,0.7282947,0.14616555,0.2434576,0.018680148,0.0,0.020445937,2.1615615,0.9922539,1.1302998,4.9215817,0.71964186,0.15063089,0.3862915,1.5492488,0.49379843,1.0579543,0.033054043,0.32901114,2.420517,0.73925024,1.607534,0.3946877,0.2645865,0.019288186,0.82920057,0.7772309,1.0300757,0.6162475,0.21325782,0.69929457,0.6856367,1.4351519,0.41328892,1.255267,0.041794162,1.287589,0.8066325,1.2780637,0.93264884,0.36974156,0.28895497,0.06775574,0.036465507,1.6118456,1.2462702,0.19258432,0.673965,2.086935,0.45934913,1.9704181,0.07325001,0.12788117,0.09490634,0.19135602,3.576526,0.09710716,0.6079842,0.22499919,0.017765874,0.03922279,0.13707158,0.4218343,6.236498,0.6984355,0.22240487,0.5404903,0.09979313,0.2134265,2.0643837,1.2673476,1.1952769,0.024472287,0.021473022,0.16296157,1.1247591,0.27728397,0.09088609,0.263736,0.9171641,0.21076456,3.3461483,0.8260692,0.0,0.13368419,0.31415623,0.15433946,2.1832316,0.037857585,0.061461233,0.051078327,0.26358756,1.5050737,3.4642124,0.6562875,0.35591188,0.43572566,0.0019918708,0.34749818,1.579076,0.44571358,0.18557233,0.40465042,0.0025098056,0.25495806,0.09437355,0.13900986,0.5107746,0.7029087,0.47187206,1.16544,0.22487293,0.16841902,1.2328173,0.39071375,0.005872747,0.6268695,1.4104677,0.4017527,0.2917146,0.6588718,0.2992495,0.17966613,0.18676904,0.0804768,1.7532156,0.29965267,0.4014944,0.7455325,0.20256062,0.1135657,0.84936833,0.12243635,1.8070912,2.044068,3.126498,0.39719,2.0341961,0.16899566,0.14355904,2.6624165,0.77384096,2.2422457,0.5961678,1.7665732,0.2402245,0.5800475,0.3008703,1.5014328,0.5882348,0.112901196,0.82724077,0.51352465,0.07226752,0.30268645,0.63853693,0.6666739,0.4060524,0.19149439,0.13681522,0.0034965638,0.02334168,1.0595944,0.43874943,0.11258022,0.0,0.009996451,0.21538742,0.6150993,0.13416077,1.4409813,0.738613,0.14849314,0.40261844,0.83173424,1.5253023,0.40136912,0.49709904,0.44597143,0.448571,0.5419038,0.30738413,1.3313392,0.13802238,0.6051365,0.015319034,2.8419404,2.3319247,2.0957084,0.43689767,1.7033684,0.2015023,1.7675552,0.65495896,0.0,0.5340233,0.044930525,0.8121392,0.30833033,0.08085909,1.3685002,1.1960818,0.14357588,1.1776056,0.3578204,1.3383262,0.9110668,1.9944267,0.4397667,0.14758705,0.91063017,0.14082222,0.07399475,0.90659827,0.06678755,1.024684,0.79650486,0.6837292,0.50567144,0.7365394,1.3031944,0.0121228825,0.6507266,0.2347458,0.32506216,0.21613358,0.0110988775,1.4874992,0.53811646,1.049062,0.0,0.10738154,1.3162475,1.9724487,0.5586385,0.1217985,0.16906814,0.4467199,0.0052712504,2.1926546,0.026363717,1.1084696,2.5526512,0.039541706,0.004174204,0.0,0.06189417,0.470409,0.08451546,0.20124787,0.33675733,0.36987984,3.948158,0.9525682,0.10632534,0.27090472,0.5357715,0.12561443,0.816393,0.8961681,0.8144638,1.2139709,0.11249889,all_pothole_images\pothole_images_image_36.jpg
0.39784092,1.3032534,0.06998171,1.4866486,0.55229694,0.30162486,0.779728,0.40031388,0.2554902,0.90298146,0.71954453,0.67944264,0.22897193,1.2028596,0.0,0.5021301,0.5209352,0.34285456,2.3495111,0.111075155,1.4944929,0.44389215,0.59454733,1.2195681,0.5163465,0.44018257,0.39892897,1.6941665,0.0031567086,0.73247045,0.91138333,0.13583905,0.452091,0.6879402,0.32444564,2.6198566,1.1713325,0.675583,1.74064,0.8481489,0.07922281,0.17762153,0.025892662,0.108554,0.8271609,1.1647861,0.09587359,0.36065292,0.42157695,1.1813627,1.000583,0.48935068,0.34925103,0.0010786147,0.0020232631,2.8279667,0.4968219,0.593556,1.0654485,0.19653985,0.8322113,0.45765164,0.10560849,0.23017243,1.7121009,1.5642086,0.64211994,0.4923875,0.6362925,0.9456343,0.57798845,0.41645753,0.14982438,0.64022076,0.038443655,0.2876878,0.12652962,0.18233605,0.10663355,0.37694997,0.034499824,0.9131719,0.6854388,3.063294,0.2395843,0.70426697,0.53278106,0.09623667,1.0378186,0.34144345,1.3093582,2.009619,0.18067534,0.5904964,0.37240818,0.27411652,0.46756363,2.0974858,0.23876467,0.67570347,1.3385414,2.4855518,0.15223452,0.0,1.5580844,0.047627166,0.38567504,0.15701567,1.6639893,0.4604228,0.2909137,0.0076355482,0.9666891,0.52646875,0.43553278,0.63130456,0.7854946,0.29006413,1.3753679,1.0727957,2.0724528,0.54177773,0.252865,1.0898327,1.4859228,1.7113601,1.6918737,1.5801786,0.9367467,0.4437872,1.2745401,0.06775002,0.15292817,0.84972066,0.47204325,0.6274727,0.37789705,0.6523034,0.7336326,0.45162013,1.5924288,1.2762264,0.0570834,0.9742921,0.18344809,0.7405,0.6629917,0.57355636,1.8587743,0.11223117,0.4700838,0.7403547,0.44917443,0.0,0.47625452,0.42941055,0.8486402,0.24549882,0.7412257,0.52370584,2.0184216,1.2562342,0.10142784,1.6928606,2.7450724,0.82548046,2.7034953,0.055479515,1.1851805,2.5614095,1.3788449,0.34449583,0.0118646305,0.5618338,0.97391695,0.0,0.16835335,0.35928553,0.36039862,0.32880414,0.0020293677,0.8437434,1.573756,0.5140951,3.610995,0.7402318,1.0994656,0.93597907,0.09975173,0.58285123,0.8828097,2.5056655,0.6369372,0.79297155,0.8689603,0.15437491,1.2129209,1.5431216,0.49566263,0.24943063,0.18756351,0.6797509,0.36129418,1.1893537,2.1849399,0.17643873,2.5558767,0.4047422,3.6739495,0.17811295,0.107649386,0.6554203,1.2552372,0.20246316,2.5562773,1.5146832,0.7117917,0.39512193,0.029922755,0.6122506,0.43708807,1.3853284,0.6572487,0.028590966,0.086806685,0.13256353,0.18278535,0.32180652,3.8011749,0.8329569,0.022090197,1.1964134,1.3361303,0.9994025,0.5507717,0.2689425,2.1259577,0.118036255,0.48932576,0.9892644,0.41048434,0.69520974,0.8223593,0.61046225,1.8662875,1.0536565,0.70723724,0.03089835,0.8173264,7.3984666,0.6615202,0.37092984,0.41456962,0.92046076,0.014779799,0.10344298,0.5843365,1.4967648,0.107093096,1.667321,0.25717726,0.051666092,0.09353447,0.4289075,0.30608833,0.07323456,1.2965481,0.6946641,2.0677865,0.07966545,0.029489323,0.19860442,1.0782788,0.38176048,1.1508634,0.1688944,0.28031108,0.794566,0.38600674,1.2314366,2.7002807,0.3318,1.1478083,0.015715899,0.17865233,2.1272984,0.20916729,0.5483843,2.3822927,1.1064619,0.21811931,0.4917271,0.0,1.701703,0.6767557,0.32110855,0.36998582,0.8322793,0.73278254,2.4370854,0.9516137,1.0279895,1.7168797,0.038898237,4.4428387,0.021093901,0.50912714,0.21905194,0.15770563,0.67720187,0.4208777,0.5710132,2.7433636,2.883886,0.6095503,0.7767846,0.020967867,1.7328513,2.8352265,0.45300585,0.22858109,0.06417542,1.4627178,1.3033129,0.4544754,0.64588046,0.18626079,0.016055709,1.2630605,0.025697807,5.0673637,0.2769831,0.71036786,0.024980327,0.15407455,0.046657804,0.55526054,0.39374012,0.24214773,1.1959323,0.66893363,0.41288725,0.7322891,0.6526883,0.2982759,1.3496257,0.021298865,0.33635756,1.2456056,1.4464597,0.184035,0.41487315,0.340943,1.2460506,0.35887545,0.49819577,0.62238103,2.503208,1.0191901,1.7541466,1.1552248,1.984502,2.74891,0.21431811,0.82398415,0.02594701,2.207788,0.20298854,0.13949585,0.835036,1.2423693,0.038322832,0.20623724,0.042787638,1.0182632,0.28836676,0.106697656,0.029027259,1.1988661,0.40254351,1.7664042,0.018756842,0.49356303,1.1950736,1.9562736,0.3896806,0.7569359,0.2570903,0.47997594,1.2529649,0.8537242,0.3453008,0.17693573,0.17130369,0.04149383,0.21108215,0.659611,1.2050133,0.03789214,0.27935275,1.7747294,2.0285165,0.84276026,0.7248322,1.0683901,0.0,0.83949447,0.39005464,0.211715,0.06527489,1.2732278,1.0506335,0.08573804,0.94029844,0.0588214,2.0260804,0.50485873,0.99307936,0.9228361,0.050231487,1.3642681,1.1611811,1.2135433,1.337877,1.4618673,0.9423772,1.3235078,0.124680564,1.0208721,0.9488799,1.4111948,0.8238773,0.5327377,1.360695,1.0981354,1.167498,0.079689346,0.3236255,0.82838184,1.3491467,0.27257517,1.8992691,0.8667598,0.050484706,0.11701441,0.2017603,0.2918499,0.80082124,0.037471898,3.207862,2.0093455,0.13746817,0.24984665,0.073659696,0.19559348,1.8751653,0.01148787,0.30365053,0.6129032,1.175852,1.5877261,0.7867168,1.0662344,0.01987653,0.55852383,0.0,0.7522438,0.0,0.66235083,1.0382618,1.8009874,1.2396382,0.4035688,0.2625907,1.4594061,0.63799953,1.7461187,0.7158339,0.66360164,0.32276982,0.056479763,1.0847635,0.024832537,0.104503505,0.19302626,1.0185983,0.88064104,0.00056003366,0.41715893,0.4805051,0.569641,1.029469,0.17272761,0.50130904,0.023771118,0.43963274,0.5502796,0.26061377,0.5500107,0.44296628,0.7688485,4.2227106,0.56199247,0.37282827,0.7206467,1.264326,0.47119412,0.01234793,1.3733739,0.010966774,0.78044116,0.7581701,all_pothole_images\pothole_images_image_37.jpg
0.011014553,1.1145324,0.09167527,2.7066662,0.7676539,0.06543531,1.0434712,0.06332238,0.14746882,0.7412173,1.1660423,0.86305326,0.19057262,1.9498156,0.0,0.570272,0.39952996,3.3192005,1.2077721,0.2827137,0.3435262,0.65475947,0.65695876,0.644614,0.19543396,0.6309634,0.14492705,0.49724624,0.04946626,0.12604046,0.078992546,0.26406795,0.022593819,0.21263365,0.3858877,1.2896085,1.1675552,0.6020104,1.2989223,0.04922436,0.049317855,0.7733308,0.20425123,0.85791075,0.8084601,0.12457428,0.40759614,0.18090287,0.600043,0.18644813,0.26246855,0.40845668,0.13468973,0.0004397334,0.2903568,1.706393,1.0722408,1.2132113,0.782355,0.3783907,0.83947843,0.7354063,0.3331519,0.37713423,0.8955987,2.9271781,1.3756752,0.9495426,2.4651735,1.18567,0.23521407,0.43321252,0.241878,0.001854371,0.23202346,0.01301551,0.95444006,0.016372358,0.019116847,0.058807604,0.01436689,0.6953894,1.5364751,0.52338916,0.62794924,0.0,0.39531136,0.025311645,0.72999805,0.6217813,0.09538206,1.9618899,0.5785446,0.48145562,0.14328359,0.008333905,1.1526865,1.5071187,0.20031872,0.31643322,0.36750504,1.9882386,1.1899598,0.43317828,1.9513216,1.1932065,0.33124146,0.0,0.26798722,0.98047054,0.45534852,0.16213189,0.22868204,1.1136569,0.6464921,0.15908693,0.0,0.5362529,2.1003726,0.1483835,0.09490852,0.07906091,0.26407635,0.30286995,1.5722281,0.7415179,0.008877132,0.13734047,1.3134513,0.28849944,0.70965946,0.34370944,0.729466,0.18632756,0.1768315,0.4878225,0.0,0.10867888,0.24457604,0.039535213,0.2774348,0.15509984,0.46603355,0.2002409,0.017923297,0.88282555,0.070435725,1.1691688,0.08456412,0.06937332,0.0067404904,1.0770906,0.35532823,0.521258,1.4011439,0.16632979,0.19317159,0.2332222,0.5413585,0.28204566,1.3531125,2.81938,0.11158201,0.52550715,1.883601,0.00590185,1.3437263,0.20695618,0.7620144,2.9225307,1.1402737,0.0039967117,0.0010662123,0.7794291,0.39287955,0.19938585,0.101778105,0.0,0.73729247,0.08912764,0.03966399,2.1523824,0.5813697,0.37116078,0.4420056,1.1359543,1.2984017,0.094729386,0.32576084,1.0196495,0.70531666,0.080151364,1.0678657,0.17445523,0.29512572,0.05828983,0.97962683,0.6513749,0.69863814,0.13651784,0.031527475,0.8854525,0.121757336,0.045409348,0.624839,0.07139129,0.23879574,0.06595333,0.52995884,1.277542,0.066713646,0.266326,1.0452197,0.1969075,0.9797944,0.44161877,1.0513433,0.101769075,0.19484158,0.63247234,1.8224615,1.4098352,0.5407105,0.49659744,0.0,0.0,1.2810742,0.011696572,1.168622,0.15230039,0.10469063,0.4818493,1.44843,0.17268905,0.0764676,0.022073502,1.2404602,0.46773115,0.25630233,0.05367603,0.27452916,0.30062845,0.26824984,0.3180018,0.18375245,0.04132658,0.97133106,0.54029405,0.74460506,6.0332403,1.5700257,0.052523214,0.2576824,0.036884952,0.040143806,1.95332,0.17019121,1.1324773,0.20935212,1.9899213,0.17901766,0.0067425733,0.25561076,0.6558073,0.29213026,0.23835067,2.3002617,0.19895382,3.0401187,0.048201215,0.5008354,0.18888,0.9014024,0.51225936,0.3033411,1.236253,0.022466015,0.6686195,0.62468606,0.28990752,1.0571842,0.12031676,0.6767204,0.0,0.056479786,0.09119152,0.18682241,0.0,0.5620594,0.8007697,0.24768049,0.32292965,0.09931343,1.103256,0.7340374,0.3353256,0.08088484,1.6170713,0.10007882,3.1093283,1.2253993,0.18875414,0.06262564,0.0035462135,4.8339734,0.0071998206,0.14474289,0.100997075,0.29643512,0.48977077,1.1968988,0.97122395,0.53253263,0.10990608,1.2211192,0.33505312,0.15875387,1.3897238,4.982145,0.3663479,0.5156706,0.008134509,0.13451913,0.17658234,0.57727593,0.18418512,0.020795641,0.0033625856,0.71944314,0.07629671,0.33393455,0.10391162,0.8782085,0.3621397,0.038045824,0.09740437,3.663005,0.6876404,0.34795,0.23362066,0.34174135,0.0,1.1350771,1.6124258,1.2247485,0.9739551,0.10107889,0.1426314,0.14818174,0.8800186,0.25025448,0.31852803,0.053647675,0.23046261,0.067882955,0.29708797,0.37423185,3.3519645,0.95363516,0.7637716,0.6986347,2.0884228,0.6607082,0.0,0.040073067,0.009212242,1.4606417,0.0,0.13856456,0.71483266,1.4162551,0.41266218,0.21647047,0.35096556,0.20598465,0.8274758,0.08753621,0.3674828,0.66082186,0.20816647,1.1890582,0.0007162102,0.85477537,0.81435597,0.1958126,0.030070957,0.3247746,0.019918498,0.09831792,0.46097568,0.23648511,0.11799973,0.24583657,0.430783,0.0039638467,0.0,0.8600894,0.16873445,0.9381407,0.24009104,0.7103282,1.9676099,0.77630067,0.49467614,1.5489854,0.29945287,0.29024634,0.948105,0.16896032,0.14150412,0.103353105,1.1728556,0.09688521,0.10332839,0.12916367,0.7060571,0.12942909,0.24417968,1.1415879,0.2925771,0.4531283,0.73929596,0.2162498,2.489455,0.8547442,0.12615895,0.3261572,0.0048938245,0.0594376,0.2763179,0.6274639,0.47387317,0.45878282,0.13771737,0.593564,0.66702706,0.329082,0.10288898,0.33209968,0.036597274,0.6755732,0.3361327,0.023460738,0.0,0.43491504,0.14943269,0.32758003,0.06528331,1.3199483,0.5734339,3.9278848,0.15403035,1.0621312,0.15220892,0.44241893,2.383678,0.028937487,0.03606811,0.0017252457,0.90416783,1.5244446,0.08409154,1.5136292,0.012633564,0.49834263,0.0,0.76909345,0.020943947,0.87051857,0.8831688,0.94617134,2.2086835,0.041041166,0.017671214,0.80796355,0.4171128,0.7266788,1.3711966,0.55397314,0.14292547,0.6461869,0.12915333,0.59894925,0.096556105,0.11272235,0.34616813,1.186953,0.18175608,1.4682477,0.087062925,2.8681326,1.4496346,0.25369403,0.12703423,0.0,0.056926016,0.12685728,0.06366716,0.5452134,0.20807928,0.8110812,2.3444772,0.06228875,0.021819277,0.18132025,1.1759703,1.2660108,0.76359355,0.28679356,0.9515933,0.09493041,0.49524415,all_pothole_images\pothole_images_image_38.jpg
0.24959272,0.29472366,0.32177207,3.5409403,0.46135253,0.03027024,0.9385672,0.0,0.2953991,1.1242174,0.3194401,0.37846887,0.059517287,1.4631354,0.024052678,0.40796623,0.0041311863,1.954202,0.7035644,0.100142255,0.99235624,0.39452556,1.2454325,0.68514735,2.2145386,0.096380375,0.2168259,1.1788818,0.008896158,0.0,0.047345564,0.36285657,0.0,0.8657858,0.3620138,0.40683377,0.36067328,0.4792116,0.9679912,0.105269246,0.029245993,0.45282567,0.40216666,0.3245703,0.69658566,0.094903626,0.7531105,0.0,0.21820943,0.11495409,0.014799851,0.3707092,0.021556353,0.07836005,0.9310804,0.6468146,1.3120642,0.6649777,0.16053325,0.6635032,0.004537602,0.5338049,0.82953805,0.043210395,1.135535,0.9822523,0.23099057,0.33422258,0.3473586,0.18153904,0.9020056,0.1029151,0.4123509,0.0034239644,0.69625497,0.007737524,0.66689277,1.0850741,0.070742674,0.057119466,0.011581814,0.25973985,0.92938447,1.6739097,0.1781015,0.0042357254,0.1841889,0.03406254,1.3462173,0.49936768,0.0084913485,0.6809613,0.6494201,0.28443405,0.40749052,0.0022448297,0.64019954,0.62214994,0.4469436,0.6575985,0.16794442,4.0045033,0.1914565,0.0023211143,1.1193067,0.60278535,1.1801711,0.15181395,0.33636022,1.1659231,0.009235204,0.4672332,0.12826133,1.4987075,0.46094996,0.147275,0.012996261,0.13484824,3.5046332,1.265012,1.2230054,0.35598296,0.13117383,1.5187765,1.1660973,0.6072981,0.054319195,0.047532264,0.08898937,0.47883192,0.36241543,0.4274352,0.8796468,0.16055991,0.0075031994,0.35676855,0.051653974,0.010211751,0.07641756,0.0,0.55186635,0.32377404,0.66783696,0.23481706,0.029773295,0.435072,0.4999824,1.2089797,0.0448315,0.09054623,0.017038131,0.44015604,0.04113921,0.013344868,1.6887188,0.36584052,0.14323752,0.4263124,0.4399294,0.36459458,1.5879279,3.340077,0.6211334,0.39300704,1.0495147,0.19192813,1.4961945,0.10614645,1.3095342,2.7788982,0.15985143,0.0,0.009741733,0.014357163,0.28293255,0.061244726,0.060087014,0.014948472,0.43542358,0.0069013955,0.022171974,2.3504329,1.2549881,1.701449,2.6832752,0.14672294,0.482359,1.2249552,1.0871403,1.5092044,0.22361732,0.21715502,0.29976436,0.48343968,0.36656353,0.15115681,2.3804479,0.6850381,1.3381938,0.19813931,0.1568791,0.22808644,0.16413027,0.10664578,0.3266559,0.13769178,0.10511916,0.26438463,3.5027387,0.9691933,0.0,0.033703472,0.61877114,0.41977435,1.4725734,0.6740978,0.36293486,0.16962694,0.60808384,0.33247477,0.7931967,0.34870553,0.0597816,0.008117411,0.0,0.07361725,0.62384266,0.0,2.9945855,0.39772293,0.44058266,0.021940878,0.7308536,0.0037335516,0.33272126,0.37018692,1.3525329,0.061360456,0.3501742,0.8031729,0.44517407,0.1461157,0.57754856,0.33230215,0.0,0.035604164,0.95778465,0.40588596,0.031739295,8.190337,0.45290497,0.04071495,0.004162652,0.42052817,0.0,0.6978906,0.30229038,0.8728439,1.0191802,1.9676944,0.63721037,0.9231141,0.38305196,0.3519926,0.09075995,0.30484903,0.8554429,0.43656394,2.6220145,0.08200365,0.10621789,0.0023047978,1.0537589,0.42039442,0.2734111,1.2520276,0.028470645,0.060420126,0.19010603,0.6091753,0.4881815,0.016726147,0.5836289,0.020613184,0.008656164,0.20778719,0.37742177,0.49415603,0.5248854,0.5245288,0.10175088,0.17392763,0.002213323,1.4682612,0.14113176,1.465531,0.19538365,0.48078018,0.010081296,3.25722,1.4365497,0.094058715,0.0,0.0,5.394206,0.13167909,0.25731874,0.024760827,0.028864568,0.09839824,0.24968688,0.5335444,2.1059132,1.9026651,1.8254828,0.25711757,0.0,1.4418316,5.529122,1.09574,0.2411319,0.021081304,0.23561062,0.9490095,0.8336558,0.010031155,0.020619877,0.15256345,0.012939656,0.0104358755,1.4414536,0.0,0.44525355,0.08451082,0.11168822,0.0037396075,3.6542919,0.40166557,0.18640043,0.6630028,0.48386645,0.022651784,4.27818,0.9608387,0.7558478,0.34237218,0.27394962,0.23594044,0.13345206,0.06375366,0.0,0.15604126,0.30538678,0.0061624725,0.0122390315,0.63992935,0.0,1.6990556,0.3375763,1.3329697,0.92058927,0.55204576,0.17635307,0.21393877,0.0034682187,0.019920386,0.42234224,0.0,0.26628074,0.029582534,0.43270555,0.06956022,0.21496521,0.0054263026,0.34521765,0.14667816,0.026022136,0.06250626,1.5108898,0.08593124,0.2483403,0.0,0.2775267,0.5625739,1.2370452,0.09723572,1.870763,0.3756692,0.07944431,1.1486712,0.6960809,0.0619871,0.039970994,0.4604743,0.0,0.05823792,0.044674493,0.060835775,0.65910345,0.05590561,0.19357054,2.0004783,0.33650652,0.107178025,0.8205753,0.52324665,0.2694092,1.0171617,0.48154873,0.026585681,0.081745245,0.41099387,0.041337635,0.019762453,0.0011442337,0.4385536,0.8292549,0.93502617,0.2057646,0.09054281,0.3349367,0.28711933,0.44759342,1.0925782,0.7576889,0.57710224,0.24336365,0.14653894,0.069784224,0.23903215,0.6050901,0.44056728,0.39695844,0.067738816,0.88885397,0.7162909,0.80532867,0.15487394,0.055653732,0.043118414,0.1166357,0.6736188,0.03496532,0.0,0.0,0.04760132,0.0981833,0.07729381,0.0,1.1692523,2.5034337,0.6882681,1.1994778,0.01236645,0.4132608,1.0035543,0.11616577,0.033783052,0.07137187,1.3698705,1.1905359,0.07772851,0.97786206,0.008090373,0.64922667,0.011264027,0.0,0.10752913,0.1915217,1.2599344,0.6013359,0.807647,0.0,0.298475,1.4487174,0.088172525,0.72245026,0.42972326,0.34228718,0.034624312,0.1068147,0.99246854,1.6279427,0.15962788,0.2482317,0.6185282,0.16346425,0.0040135486,1.3036835,0.074077174,0.49785396,3.0079794,0.0,0.07678608,0.0,0.11301799,0.46576005,0.060624268,0.0,0.048403136,1.0925415,2.867631,1.2275208,0.07216601,0.1326524,1.2171056,0.735747,0.44978777,0.60225475,0.72228473,0.11983624,0.011924295,all_pothole_images\pothole_images_image_39.jpg
0.11799105,0.3352857,0.5071023,2.5098069,0.61082673,0.11939498,2.2343643,0.118977554,2.0583282,0.797431,0.87522125,0.2648302,1.0290871,2.2054017,0.02016744,0.8984448,0.6532493,0.7551567,3.319869,0.0018036955,0.50255865,1.7701131,0.092670344,1.144673,0.8563541,0.08589849,0.33738062,2.0251658,0.5935198,0.035249025,0.15684834,0.40655753,1.6604832,1.2699664,0.07127828,1.423224,0.011444392,0.2704571,0.22724357,0.0048221713,0.6867912,0.0012962244,0.32742023,0.6396968,0.5396068,0.0947406,1.1682383,0.0016643675,0.31583473,1.9357414,0.18161546,0.04993988,0.8290096,0.9532415,0.29065576,2.0957131,0.36018547,0.9303602,1.5037019,0.38006973,1.605162,0.31216344,0.3455197,0.6191785,1.184127,2.3173807,2.6185682,0.019498518,0.3602155,0.18954475,0.19191186,0.0,0.19911668,0.07627616,1.8078976,0.15213852,0.06039617,0.755737,1.4145638,0.0014554157,0.06199599,0.11624188,0.2677503,0.6909292,0.5859409,1.1371238,0.5697677,0.14518274,0.3842444,0.41124362,1.299276,0.20717503,0.031582683,0.8650738,0.9358442,0.19921789,0.44157162,1.9870377,0.026039014,0.65455604,0.022608785,1.1471436,0.011131757,0.34295288,1.7298895,0.41619164,0.28022802,0.2687857,0.0071421633,0.2905283,0.24767406,1.6078314,0.016939547,0.48175073,0.21468836,0.0,1.0459117,0.7980476,2.9403355,2.4498935,2.4528747,0.4094137,0.41359875,1.4996951,0.5261685,1.1701498,0.26419464,0.24886507,0.54460436,0.24056625,0.91039187,0.2733278,0.21484356,1.5187823,0.46255225,0.56468844,0.59698963,0.2976115,0.22002177,0.60829645,0.52535444,1.2357574,0.24944332,0.09110569,0.71339905,0.5847741,0.19918792,0.41982883,0.5358304,0.6080519,0.08947221,0.62262005,0.026098536,0.09422374,1.971021,0.6778044,0.9375774,0.19049491,0.015906371,0.6312416,1.3602318,1.3854563,0.061096318,0.50016403,0.88565296,0.03723275,0.53078324,0.07015523,0.5648916,4.813744,0.4560051,0.028690942,0.0020206287,0.55792093,0.47820333,0.7155918,0.8068995,0.01895157,0.06603049,0.3472241,0.0019408326,1.5875432,1.5683783,0.27879697,1.1468261,2.4024515,0.9729653,0.7555708,1.0490133,1.3969611,0.13345155,2.349003,0.3259688,1.2120081,0.17049198,0.3084471,2.192554,2.1998444,0.4688173,0.28864238,0.053443197,0.7844734,0.77053684,0.22392954,1.5045586,0.46241853,0.5607772,0.09926348,2.4066918,1.0986726,0.4803631,0.0584622,0.07902481,0.45445263,4.032067,2.4245791,0.053158667,1.1468563,2.7869842,0.12291022,0.22743633,0.7876467,0.53320426,1.5938238,0.0,0.0,0.55307215,0.08321139,1.1438664,0.23180072,0.17185345,0.16234896,0.5196543,1.5769902,0.85479593,0.5138063,0.3865649,0.11309406,0.4414992,0.6921278,0.1640246,1.1454597,0.19231951,1.5857844,0.33015105,0.2476799,1.0124872,0.43487003,0.3358788,3.7617004,1.8330837,0.011947653,0.27942786,0.26819283,0.4584346,0.9147479,0.34143057,0.67619044,0.45426917,0.69952196,0.8511972,1.4626225,1.2530707,0.6501727,0.49170843,1.721541,0.3363237,0.2606652,0.6773819,0.6269399,0.06820217,0.17821416,0.37990665,0.11368749,0.015967755,0.7339177,0.4654476,0.28239527,0.678575,0.12193631,0.38589904,1.1721263,0.20270345,0.5751915,0.51582944,1.0778295,0.6263589,0.29005942,1.2644957,0.0,0.2570722,0.3009677,0.3657859,0.7391228,0.7946726,0.044518627,0.25984916,1.612314,0.083133034,1.36722,0.7033379,0.9760474,0.06885299,0.03501672,2.7305493,0.014563519,0.69347364,0.37169638,0.89798534,0.03678656,1.476376,1.1593175,5.472065,2.1462886,0.8528169,0.8288161,0.0059994636,0.2195129,1.325681,0.44410214,2.4893315,0.54857886,0.50232095,0.64720327,0.9967712,0.31976247,0.23040028,0.01326877,0.019813815,0.17774417,2.4300125,0.20287828,0.40670133,0.022120308,0.45807207,0.083273925,0.622795,2.5677204,1.5160357,0.41212285,0.23057197,0.8345751,2.789895,0.502109,0.8628091,0.6394766,0.37986144,0.042544704,0.23491123,0.6449225,0.5656353,0.9509631,0.69520956,1.0074682,0.5630269,0.23535268,0.05616413,1.7708802,2.2551172,0.73543113,1.003927,0.037001655,1.4199262,0.07461694,0.0011040176,1.6371404,0.45825607,0.16977888,0.16466264,1.4890999,1.5301038,0.36847565,2.657242,0.15257359,0.9578264,0.81952673,0.12012211,0.03832283,0.56795305,0.88758117,0.39828122,0.8634791,0.22431506,0.923527,1.4431275,0.8747994,0.14516361,1.085134,0.76770407,0.5246525,1.1532905,0.8089439,1.3901068,2.4606597,0.3616771,0.8157023,1.0329139,1.577718,4.2514105,0.034153387,2.113864,0.3537041,0.21004963,0.102911375,0.23868895,0.4817391,0.5916057,0.08109879,0.08528083,0.0065676756,1.7592957,1.142376,1.9408884,0.04498353,0.06086865,0.0,1.1110419,0.0253106,0.1410911,0.053980205,0.0,0.18555401,0.12765501,1.9793721,1.3135519,0.621646,1.2883263,0.33085954,0.039016653,0.3878303,1.447689,0.7743013,0.5460867,0.041730735,0.25928327,1.3979398,0.8092139,0.90682083,0.14002432,0.4327117,0.40130678,0.87254196,0.88358897,0.38833883,1.7116213,0.28203657,0.8605901,0.2501564,0.59157836,1.5245464,3.419103,0.23042701,0.6063188,1.2288585,1.6122493,0.54225415,0.22288303,0.04998684,0.40368503,3.065572,0.7677961,0.42956826,0.7838339,0.88660395,0.76613384,0.7406465,0.77123624,0.09640659,1.0041702,1.884845,0.12168971,1.3768154,0.0070736436,0.10432082,0.4080589,0.10309283,0.7436109,3.6963384,1.4279888,0.19679883,0.75739425,1.7053024,2.3889318,0.051756207,0.08532178,0.7995575,0.5355732,0.024180517,1.7851533,0.4412763,0.8241705,1.9755788,0.33354944,0.000900937,0.20414498,0.0,0.06285865,0.63333076,0.1113513,0.7287997,1.1838514,4.5078497,1.5677068,0.1547431,1.1984543,1.5952095,0.5042485,1.3096232,1.0185615,0.24161457,0.47466722,0.1595294,all_pothole_images\pothole_images_image_4.jpg
1.5575851,0.49446252,0.00043858445,3.1469676,0.74028295,0.31512916,0.14616801,0.3728801,0.94306165,0.65774125,0.07562569,0.52099895,0.9155742,0.8732087,0.45562848,0.052263238,0.030855905,0.52021074,0.36279196,7.901983e-05,0.42497727,2.3481972,0.2501375,0.51240325,0.13381535,0.55182326,1.0766144,2.85918,0.04288405,0.6245114,1.3364412,0.43055126,0.61215574,0.68890595,0.25073972,1.8176918,0.6643953,0.6742997,1.1241186,0.97201425,0.16104443,0.39015582,0.3610749,1.8797585,0.8269788,0.72100335,0.32942837,0.09523465,1.1945646,2.9793196,0.70780444,0.5313233,0.04402647,0.0,0.051388193,2.3908815,1.7901374,0.62904555,0.8263714,0.2227845,0.34489027,0.042482954,0.078018695,0.6139165,1.7117168,2.2866435,0.20201436,0.07493123,1.8261435,0.7611645,0.031403825,1.4488429,0.6031712,0.07751716,0.9760092,0.51856315,0.4172978,1.0422648,0.18771096,0.06120221,0.13922638,0.06455421,0.1920317,0.43174145,0.65747327,0.0781443,0.26762465,0.029145192,3.057659,0.3849364,0.44463938,0.66044235,0.07726064,0.11412752,0.07245051,2.0792593e-05,1.2062051,0.4620629,0.427728,0.34961027,0.14258601,1.6243771,0.927456,0.0026787035,1.0540972,0.026191015,0.33282143,0.22406396,0.9064763,0.50801706,0.0067579956,1.8249637,0.9721681,0.45062712,0.108031936,0.60093856,3.6070673,1.0996374,2.8009157,0.92533684,1.2911333,0.22402292,0.29160035,1.078853,0.31059372,1.5339957,0.19715834,1.8642986,1.6406621,0.06460625,0.7218483,0.0,0.15818903,0.038749117,0.15591298,1.6880213,0.89013416,1.0668346,1.1719718,0.0048119216,1.0755863,0.023976585,0.81759745,1.6733353,0.17373256,2.5277328,0.10232729,0.31577244,1.2566525,0.020424945,0.27983007,0.7191297,0.041503906,0.19339758,1.4006889,0.95914346,1.3782821,0.109667756,0.8078481,0.68815684,2.2553658,3.0162134,0.1109323,1.2771553,0.10505884,0.6042779,0.52592653,0.02754613,2.2510257,0.98565626,0.0,0.00024766306,0.011893679,0.041419387,0.66140324,7.8830046e-05,0.03901531,0.0,0.9058457,0.5846475,0.0013448151,2.2482088,2.3499248,1.0141305,3.5293148,1.8596523,0.057484824,1.0054461,0.5969913,1.4481951,0.062582836,0.6159628,0.15753545,2.1551807,0.28409415,0.71249676,0.86637884,0.30775997,0.8211121,0.674746,0.38972777,1.6533694,0.9770211,1.5217183,1.5151831,0.40004212,0.44751778,1.0474957,0.6839486,0.18217488,0.21988739,0.0046681506,0.86585665,0.49161115,1.2354937,1.9381268,0.19133717,0.4850326,0.5625639,0.14005828,0.25268862,1.0382557,0.2883591,0.6477722,0.024927584,1.0001745,0.29092857,0.28549334,1.4437928,0.71225744,0.26859614,0.010930242,0.4132547,1.2279038,0.9151452,0.11280233,3.0395432,0.034900393,0.15079533,0.41827616,0.70608455,0.23465008,0.46053454,0.33205235,0.31057614,0.21025649,1.0077347,0.8441419,0.4577373,5.2036123,0.25811768,0.5137744,0.7743745,1.3369976,0.13633804,0.42333755,1.3384751,0.954173,0.018895205,1.6762866,0.12962253,0.23056917,0.772565,0.924424,1.4399049,0.5919302,0.005007543,0.96892446,0.43455964,0.1542501,0.18231378,0.019137086,0.0019647542,1.1246192,1.7653189,1.0695717,1.1817316,0.77820927,0.39639306,1.3333355,0.3817078,0.022781596,0.13866328,0.16069838,0.19907491,1.0222747,0.7809445,0.3320313,3.1583114,1.408777,0.13060272,0.0861866,0.27258497,1.1818702,0.031771943,0.09494182,0.1725342,1.938683,0.96669173,0.7994744,0.18987739,2.1347065,0.009678451,0.13317733,6.766741,1.2557782,0.07125341,0.25441894,0.017793268,1.2450373,1.3123715,1.2442324,2.7584178,1.9392734,0.36711043,0.66654176,0.088850684,0.85747916,3.7167077,0.29910633,0.05509781,0.0,0.01358,0.76305234,0.26151413,1.3182914,0.8545604,0.12105492,0.29118073,0.09591735,4.2204294,0.1642463,0.0,0.0358273,0.2166326,0.1201224,1.5828178,0.2408216,0.24118972,0.13718086,0.4654376,0.23598802,2.8085134,0.6855546,0.9892475,0.68374103,0.18231061,0.1578015,0.61362505,0.66901284,0.9584594,0.46857086,0.45867488,0.28984523,0.0,0.19968496,0.30617395,0.5594511,1.6111412,1.3193979,0.027820349,0.08724409,1.504795,0.4025278,0.21992776,0.002594283,2.3268747,0.17602246,0.0,0.320191,1.8787386,0.6252729,0.83862966,0.0,0.35436216,0.34411448,0.09012556,0.0,0.55043596,0.5242088,0.42514253,0.22800608,0.13410051,0.584214,3.0732126,1.8141257,1.7543423,0.054677263,0.34728095,0.27709284,2.4108644,1.6469951,0.31788614,0.0049668527,0.29407996,0.00044353146,1.2579393,0.36372286,0.299472,0.023790244,3.0153828,1.694271,0.28276289,0.20432991,0.9384515,0.5405229,0.62261564,0.2868642,0.06423583,0.09668096,1.5449098,1.0961955,0.23195063,1.2458575,0.011097225,0.24598461,0.92921025,0.08251819,0.8612836,0.040040683,3.5236979,0.49804917,1.0739843,1.6103688,2.6455946,0.063201085,0.14361611,1.6875249,0.009994877,1.8255494,0.25295815,0.31001386,0.7200065,1.4149518,1.2884943,3.9619083,0.57464397,0.27282324,0.16619316,0.67387146,0.23967361,0.87910444,0.87669903,0.46155372,0.121920474,0.31369147,0.3425728,0.23943351,0.71240234,0.8972032,1.8457679,0.26874533,0.12819257,1.8310587,1.4755856,1.1851368,0.52108264,0.75455093,0.6652368,1.5660412,3.0201578,0.30336937,3.6579652,0.11667724,0.059850127,0.30384123,0.11395014,0.06298215,0.8884468,1.3238487,0.08909198,1.6340657,0.17294663,0.486467,1.347087,0.7246629,0.38643163,1.6614951,0.49997395,0.044468977,0.0,5.2671123,1.1553074,0.26765537,0.0069306316,0.24100651,0.4727061,0.094637334,1.1334177,0.20067637,0.33305162,1.2755818,0.37518817,0.79049885,0.026604503,0.061206874,0.13468538,0.45494834,0.08554641,0.7538653,0.06857916,4.2651243,0.9834811,0.25381383,0.5732884,1.4400235,0.7042778,0.23408554,0.44782272,1.3261226,0.047457557,1.423084,all_pothole_images\pothole_images_image_40.jpg
0.5054022,0.35870528,1.5824501e-06,4.191778,0.96557194,0.0013068398,1.2946686,0.10962199,0.7322869,2.6311588,0.51475906,1.497674,0.006811542,2.0395987,0.6813677,0.11850507,0.19448487,0.5490619,2.4777966,1.3547248,1.3966401,0.052110855,0.585377,1.3300929,2.460063,1.7092985,1.5837532,1.3958732,0.0017009124,0.6021015,0.14490686,0.0151642,0.6280139,1.1355603,0.13758664,1.0930704,0.6619401,1.3388603,0.52724874,0.16100402,0.34575975,0.8992328,1.41835,0.45237035,0.52316886,0.4310977,0.20492491,0.4315222,0.14566427,0.0005208676,0.4850013,0.5641445,0.045402884,0.012538268,0.12134222,2.320165,1.4373392,0.9266961,1.4504807,0.02987092,0.43217048,1.2193319,0.0,0.53116184,2.341019,1.1996307,0.004080501,0.05910704,1.4212123,0.5343765,1.3203716,0.19503729,0.2880336,0.3030077,1.0854554,0.38321015,0.95097023,1.2112896,0.5811225,0.03275976,0.5078656,0.6542787,0.31271955,1.072077,0.53913915,0.22562583,0.5012518,0.23605223,3.128423,0.16687953,0.13793637,0.6932466,0.26073048,0.8524384,1.2188972,0.31226844,2.1788938,0.016335288,1.1510981,2.441442,0.0,3.2872999,1.1090716,0.88981307,2.1242974,0.013143198,1.5831034,1.1023813,0.1316684,0.038912248,0.055613663,1.9497895,1.2589808,0.8256476,0.921042,0.02931982,0.033431295,0.5474213,0.2899665,0.050699312,0.28151956,0.19216876,0.6065735,2.0408883,1.2748073,0.0,1.1069229,0.2483972,1.2681785,0.33086002,0.9881254,0.012802677,0.4329254,0.35513458,0.35408735,0.43457568,0.24198736,1.2326827,0.3999404,0.6092672,0.18182506,2.1604836,1.0757115,0.71711016,0.055870265,0.4898073,0.105905846,1.0521023,0.45196655,0.006937764,1.5555258,0.019323528,0.00039637217,0.6569251,1.7948105,1.7274618,0.2731634,0.0,1.1506029,0.600547,2.4882467,4.5330772,0.24720497,1.9673386,2.8394601,2.3379548,1.0764358,0.49345696,2.1632035,2.126996,0.07785819,0.22300762,0.0,0.032666057,0.16685288,0.44197667,0.88584757,0.005191584,0.033011068,0.02501771,0.1047966,2.5019186,0.0,3.0107715,2.561563,1.9579433,0.20863006,1.2660958,0.38941666,1.4449855,0.56884825,0.18092574,0.17284787,1.0917703,0.117126,0.1217172,2.7973921,1.599048,1.3747588,0.7806352,1.1433759,0.36549875,0.0,0.10910279,0.0,0.03300007,0.770796,1.2127075,1.035997,1.0194701,0.0037538055,0.16942267,0.9348247,0.2830967,2.466601,3.5102196,0.31840083,0.16853943,0.25053322,0.78306204,3.212363,0.22047153,0.6582726,0.69459,0.07419212,0.3684496,1.1825235,0.69216305,0.6480439,1.0506755,1.4289169,0.13137566,1.2253178,0.3383672,0.36601564,0.1110063,3.4173717,0.22772303,0.711013,0.31937277,0.8879247,0.21456034,0.9186753,0.21474122,0.93804383,0.005789614,0.65601194,0.4149615,2.2531214,6.7252297,0.47425795,0.9149556,0.033566203,1.2351652,0.13595845,0.8732527,0.51404226,2.1420639,0.25801906,3.7883306,0.56157273,0.37325808,0.28010634,0.3561042,0.0,0.74753135,2.6826146,0.08359302,1.5706061,0.037055444,0.61740005,0.0075260047,1.3130265,0.037918918,1.2226415,0.683594,1.0326798,1.1838688,1.1414664,1.6063807,0.03761255,0.3121314,2.0639846,0.42828372,0.25149798,2.0040722,0.9162192,0.11631254,1.7911799,0.74492645,0.0065381676,0.39251575,0.46109173,0.9773195,0.8169244,0.95381147,0.06743984,0.16868378,0.013028619,4.478846,1.3776894,0.31865552,0.18546519,0.011381154,0.38994816,0.87013686,0.70427954,0.035473898,0.41044718,0.5297378,2.654544,1.1101755,0.423171,1.2001818,0.9097575,1.2834197,0.006339664,2.1714017,4.127497,0.6643535,1.1880777,0.06571892,0.2032003,1.1478136,0.9323068,0.23803765,0.045504987,0.0030538265,0.1950496,0.5493703,0.70572466,0.39069742,0.009334673,1.1242937,0.9201252,0.24413086,3.713666,2.7055595,0.61743504,1.3019382,1.3625693,0.25105283,0.39880398,4.6180115,1.4479983,0.80910957,0.8036799,1.6807771,0.07591601,1.0001901,1.4606357,0.5350794,2.5049977,0.21888398,0.0,0.8995049,0.014765744,4.1778207,0.85561854,0.90817803,1.4500927,0.7923047,0.85479975,1.658081,0.015093526,0.36060205,0.9087091,0.0032111658,0.26552504,0.2152017,1.3514783,0.04342199,0.012232236,0.20501989,0.10983494,0.7866075,0.59536487,0.1821298,0.8923242,1.2431055,2.5055065,0.27281517,0.37332168,0.20700392,0.26334786,0.8249121,1.2446736,0.09790489,0.078054175,2.5109608,2.0427651,0.3908912,0.45835483,0.6852308,0.02940601,0.010857189,4.570185,0.78437865,0.5846702,0.42059574,0.11991908,2.5259752,0.307842,0.35123855,1.0810182,0.11333466,1.0483633,1.6652925,0.8066087,0.018550983,0.19547828,0.12121904,0.008356149,1.1511087,0.024286738,0.7377271,3.5891316,0.12698242,1.7508348,0.5081178,2.8082287,0.65352297,2.7847037,1.7697881,2.6306937,0.04409342,1.60096,0.22065645,0.828458,0.5557809,0.02555377,0.09889448,0.63670886,0.47749,1.7945945,0.47285652,0.11371929,0.3999081,1.08557,0.034182824,1.257346,0.24535476,0.10910791,0.0,0.0012811866,0.0,0.6018439,0.21245275,1.9256673,1.8765885,2.8877263,0.6468484,0.14308102,0.5609929,1.0465323,1.3483301,0.20593618,0.0,0.45645484,1.0747823,1.69972,0.18459556,1.2698674,0.1858445,0.57351935,0.38273463,0.028102485,0.57828295,0.45537773,1.5958209,0.2044557,0.4440886,0.07121594,0.96758,1.5333828,0.27672893,1.2150058,1.7157738,0.70012665,0.23111172,3.6687336,1.4163475,1.4991024,0.90271175,0.1198085,0.27161157,0.71677107,0.9124161,1.8909223,0.075952515,0.47904643,3.0688033,1.2652999,0.14760236,0.0,0.58596253,0.93290645,0.41680923,0.1917257,0.6274059,2.9202719,2.9355867,0.8775876,0.4576023,0.3712937,1.3492316,2.088239,1.0256205,0.014696682,0.8469341,0.103925265,0.2412323,all_pothole_images\pothole_images_image_41.jpg
0.60597444,0.52543575,0.027317144,3.7446003,0.8724513,0.07599674,1.5809547,0.028024124,0.23995064,0.6236917,1.3363003,1.1666698,1.9722732,3.4154332,0.81086314,0.9289236,0.2679613,2.9607515,0.7495041,1.5170869,0.2804772,0.44527897,0.34633103,0.12302273,1.0756204,1.1152335,0.22032292,1.0553814,1.6628567,0.23750561,0.14180487,0.35639128,0.4116605,1.1421778,0.0004910957,0.5459578,0.019058779,1.7283523,0.43743196,0.053957645,0.091447935,0.1940787,1.1627023,1.5886745,0.80316323,0.23275548,1.3217449,0.13435407,1.1771888,0.10162036,0.72067755,0.6238748,0.57758933,0.7236192,0.34569386,2.607843,0.77493924,0.75673443,1.8643469,1.0043049,1.299711,1.4806707,1.8722943,0.6435299,0.94737333,2.1322134,1.4217837,2.5122495,0.18547502,1.9740791,1.5738856,0.093332306,0.83336675,0.6398481,0.90829015,0.059898965,0.8632058,0.999829,0.66509396,1.2545923,0.15442899,0.04604915,1.153469,1.0840095,0.303719,0.34369183,1.3144735,0.0,1.776975,0.3965868,0.2786742,1.2234747,0.68021065,0.9643503,0.84986687,0.54628277,0.7759147,1.1908536,0.750757,1.4971344,0.3894796,1.8587207,0.79546124,1.1395574,1.980052,0.025751904,1.5320066,0.064719655,0.23996398,0.5526856,2.0226073,1.3459015,0.7219454,0.23095578,0.90493226,0.78836244,0.02275149,1.750927,2.0032723,1.4049494,1.6144109,0.1074758,0.68580216,1.5756792,2.6811476,1.5767249,0.5401925,0.4329838,0.277118,0.5594241,1.3256607,0.23097613,1.3117869,0.50309426,0.20754206,0.87802494,1.116822,0.71705735,0.9252838,0.4757944,1.6203824,1.3601409,0.8693617,0.62509394,0.48437986,1.0548505,0.0,2.2487144,0.6253685,1.1378683,0.9588199,2.1747913,1.7393895,1.2667041,0.5821553,0.5231766,0.32807565,1.59896,1.3501593,0.2594369,2.0921593,3.427162,0.15043846,0.01855421,1.226217,0.5578839,0.2568355,0.8060267,0.6928027,2.3718438,1.1532575,0.6476157,0.04087701,1.9087073,0.8451246,0.5929856,0.7375024,0.39280358,1.0732967,0.52610683,1.4198323,2.1489458,1.9018906,1.4564241,0.61369044,0.7016383,1.542276,0.56106627,0.6418562,2.6636782,0.4623012,0.840073,0.2109077,0.8143753,0.06869718,0.26959324,3.40828,0.34935024,0.742196,0.83798635,0.7665152,2.2503936,1.1634841,0.20765978,0.8214379,0.0579336,0.839329,0.81500274,1.4614799,1.8461497,0.41270447,0.028419804,0.7162756,0.07861864,4.5820637,2.1149886,1.4652965,1.7344788,1.9281931,0.19479506,1.9929317,0.570696,0.8224295,0.3684138,0.14145616,0.7004293,1.9247441,2.8665679,0.7643581,0.39888635,0.83152974,0.40481174,1.854731,0.30233714,0.14773157,0.1431795,1.7006981,0.7677177,0.07584924,1.0316619,1.354968,0.17146894,0.48128542,1.313738,0.114235595,0.009695738,0.5736847,0.42836788,2.056753,5.0931625,2.777692,0.23744267,0.40924418,0.238407,0.8980003,1.5868404,0.97539485,0.97831166,1.3987207,3.0425754,1.106807,1.1948478,0.5904353,0.96676433,0.31820965,0.93009514,3.1722152,0.26167887,0.7596258,0.10615803,0.4190028,0.58039135,0.68014306,0.3306247,2.0201151,1.874431,0.027010217,1.3267193,1.4088736,1.3891326,1.7118564,0.59843653,0.9645181,1.0845016,1.2650043,1.6011673,0.41151854,0.64264834,3.2237275,1.1475879,0.050910417,0.6937239,1.9652743,0.45100448,1.3340352,0.40180516,0.136343,1.1969428,0.1823437,2.6889598,0.43554538,0.987748,1.501874,0.052092988,4.556501,0.30070832,0.6554109,0.79406124,0.9962479,0.99562794,2.735674,2.4867485,2.297345,1.3570746,2.371037,2.3879583,1.7141811,1.4845064,5.414805,0.43148676,0.9088333,0.8668404,1.0586776,0.99326324,0.5568878,0.7154064,0.7783451,0.05967028,0.54452676,0.17165527,0.9442637,0.16218163,1.3584838,1.9154538,0.26578107,0.14714362,2.921591,2.2528625,1.1813409,0.93559855,0.39402384,0.17890397,0.74444896,1.9774985,0.6798622,0.30341923,0.8735177,0.7505751,0.40706673,0.7647041,1.4009517,1.6621087,1.572554,0.22241971,0.07029738,0.9276488,0.030791102,1.9643822,0.45344254,0.9500455,0.7666673,1.4826037,0.7856921,0.53809446,0.034022927,0.3235075,2.3451765,1.1451975,1.9925867,1.9448936,1.8487219,0.45114917,1.1328664,0.8120718,0.24255106,2.3271964,0.047863647,0.8288068,0.7511987,0.033977482,1.9379091,0.2339826,1.2175744,0.6122391,2.3198347,0.5814834,1.7000275,0.13311838,0.41962597,1.8955698,0.07911622,0.24281314,0.30186608,0.46476123,0.16536377,0.047732655,1.1647183,0.411432,1.4334458,0.65485054,0.16361026,0.65168554,1.5048447,0.81706876,2.1676834,0.75936675,0.6060964,0.90463626,0.10817446,0.045209534,1.3446795,1.0388474,0.39740518,0.45284215,1.205397,0.6925419,0.42211533,0.9514212,1.9646099,0.021976955,0.6322729,1.5647619,0.28918868,2.8366437,1.4927785,0.10850669,0.6539322,0.033054873,0.7436353,0.4537762,1.2247528,0.3688145,2.081355,0.9239595,0.30697086,1.6921474,0.056953803,0.5184093,0.012712521,0.017164323,2.0288002,1.2755319,0.41154924,0.28813207,0.38705558,0.2147767,0.61523795,0.6016149,0.37068573,0.41168937,3.4040918,1.187866,0.5028582,0.8708549,1.7985189,0.89148074,0.5957783,0.06931576,0.009681507,2.9142501,1.9547826,0.016834043,1.7362372,0.33456877,1.548426,0.8144394,1.856951,0.1255234,1.5792663,2.2283642,0.35493127,1.7186902,0.21562,1.7823405,0.49747607,2.449941,1.2332895,1.6828806,0.8015753,0.34509793,0.7307017,1.2804792,0.8725305,1.6221306,0.06665854,2.0741453,1.5927887,0.45605204,1.41396,0.6931123,1.2047812,2.0293062,0.7552789,1.1574636,1.4950893,0.67844296,0.08856921,0.075234555,0.9776975,0.19062392,0.77125376,3.8282657,0.61803484,0.8517218,1.8439358,0.29896894,1.0142695,1.5239934,0.14920382,0.6938907,0.02799353,1.1865656,all_pothole_images\pothole_images_image_42.jpg
0.07093552,0.96872437,0.51687276,1.9870169,0.7426972,0.040589415,0.29366842,0.3260433,0.5521354,0.128507,0.28215334,0.20863089,0.030024698,1.3562893,0.010372495,0.12652577,0.039976984,1.677176,0.70796555,0.20322856,0.032026645,0.29348692,0.16306041,0.3626259,0.38432455,1.1355891,0.5206041,1.4611888,0.0,0.14412664,0.0630668,0.5982015,0.171694,0.23481528,0.010954261,1.4092017,0.25576225,0.12593982,0.28600633,0.41336447,0.096385606,0.13389096,0.061522152,2.0817275,0.71136326,0.21970794,0.23919354,0.0900745,1.7366127,1.1382408,0.31278273,0.14652993,0.23828211,0.11140481,0.1017189,0.54397315,2.2116232,0.26285264,2.2675548,0.21665668,0.15929596,0.14607179,0.45832965,0.12194252,0.3500704,0.83179224,0.1532496,0.9980518,0.034821745,0.584828,0.049267214,0.20872831,0.18460102,0.08743066,0.354494,0.26737905,0.24711037,0.13829759,0.008265384,0.32146543,0.0950581,0.20414896,1.9843508,1.0752761,0.08438625,0.31630948,0.71915084,0.006385518,0.69535357,0.105103575,0.15232575,0.80369264,0.28589314,0.0068285647,0.08295518,0.58356565,0.4239759,1.1593695,0.19772206,0.037274856,0.13066582,1.0856322,1.3306586,0.05002412,1.0134614,0.09328134,0.014251662,0.48515022,0.103155404,0.5985119,0.024413,1.3740524,0.25766543,0.11041257,1.3813052,0.01402439,0.747314,0.08099044,0.99603844,0.22792615,1.0186144,0.22484705,0.07961181,1.1740389,0.302631,1.0143927,0.4363234,0.09455872,1.6607401,0.0,0.06835984,0.09743601,0.17160773,0.22103456,0.10109917,0.24130712,0.019290294,0.13243791,0.19909494,0.58334625,0.2869902,0.021366468,1.0717968,0.32529354,0.19482735,0.123127796,0.011330105,0.4890646,0.8769491,0.13096702,0.92872244,0.05851139,0.056038506,0.1253472,2.1903481,0.10424304,0.37631786,0.07079023,0.124050096,0.32545283,0.53436434,1.566709,0.013866235,1.3964673,0.29506662,0.0028213148,2.111822,0.16696595,0.54603064,1.5254934,0.0864724,0.31915942,0.1440761,0.22361922,0.339844,0.16743217,0.20198621,0.01315368,1.6714841,0.003971789,0.0,1.684507,2.5219343,0.20116903,0.6965923,1.031424,0.7960994,0.12957455,0.2072574,1.590169,0.0216016,0.047394294,0.16253822,0.8077701,0.4980552,0.00694656,2.0603895,0.51327777,0.08558491,0.046372164,0.034709755,1.5427316,0.072275095,0.08356892,0.460974,0.19279093,0.31432974,0.5051869,1.1117417,0.0,0.078022316,0.104120776,0.5388229,0.18110123,1.242177,1.7952678,0.78969926,0.16231766,0.34061578,0.7204543,0.52438074,0.2794253,0.18800172,1.339047,0.04481995,0.18748604,0.44264627,0.99176306,1.5751914,0.92299205,0.038629685,0.043215357,0.3957886,0.0,0.89188755,0.025547499,2.3247144,0.18211994,0.099280566,0.07843475,0.027110834,0.43269444,0.16668315,0.16492917,0.14305896,0.13777179,2.0251596,0.24048597,0.9135029,5.0756927,0.5969692,0.10613259,0.12124756,0.023138674,0.31087276,2.1277637,0.7310507,0.13378562,0.09242369,0.63784534,0.0,0.057010826,0.14650628,1.26926,0.22591472,0.5781381,0.6193218,0.5768582,2.0437167,0.0024847004,0.18877171,0.0,0.34949255,0.5389751,1.0002553,1.188976,0.0039303997,0.47468045,0.17813106,0.12714979,2.2696247,0.9000917,0.71810836,0.06731393,0.13548896,0.1107489,0.4204469,0.0029638617,2.1723855,0.21912721,0.2979893,0.44491667,0.2875815,0.46276543,0.0382364,0.027121237,0.021158392,0.93292195,0.49249426,1.2971424,0.09506777,0.3991838,0.23758958,0.29299578,7.790961,0.68679434,0.043839883,0.20765355,0.3199882,0.7818372,0.07763735,1.0881027,2.046036,1.2507026,0.46141556,0.9637564,0.2528997,0.37443608,4.4022326,0.30573672,0.080234304,0.14461698,0.030212343,0.11018736,0.50992095,0.6112671,1.5938858,0.0,0.0947953,0.03729009,2.6816204,0.07627179,0.31649253,0.08583762,0.0034727945,0.15639807,1.633178,0.06900628,0.056770887,0.47494867,0.33838537,0.69320613,0.27487484,0.6549508,1.0947262,0.3196667,0.034217443,0.008970262,0.37808976,0.23848638,0.7578077,0.25022772,0.44903493,0.23253931,0.04971856,0.17731152,0.19846764,0.85600084,0.6111612,0.19563322,0.26849884,0.78521794,1.4082748,0.12141232,0.27528605,0.2846304,1.0983304,0.061556727,0.120701775,0.20632705,0.3202755,0.10968723,0.68191886,0.29036513,0.77172965,0.6644939,0.69485664,0.13790053,0.028794792,0.010622141,1.0900853,0.028389068,0.39282793,0.46746054,1.9664298,0.17231096,1.0032327,0.0,0.0067320988,0.028346715,0.91522527,0.9802565,1.7647122,0.30547982,0.041891214,0.07506766,0.45098993,0.7280935,0.18367255,0.36952978,0.39676553,0.46043923,0.14042798,0.96074325,0.274735,0.038064502,0.27824655,2.1921947,0.06373629,0.08004857,0.31494266,1.7047135,0.2657983,0.016485132,0.40544415,0.08877788,1.0049055,0.09946247,0.78516245,0.0026118576,1.4948599,0.29010773,1.4472351,2.915567,1.4790924,0.1708315,1.476109,0.07125398,0.029175738,0.20794259,0.28430367,0.5249512,0.06264324,0.27495685,0.6620119,2.5064828,0.18346125,0.016330063,0.26468435,0.77133054,0.0,0.6564827,0.29458812,0.03851386,0.21110748,0.032851905,0.2868149,0.12217801,0.2865078,0.86135584,4.0785713,0.084820144,0.0810574,0.11185352,0.26289886,0.9126244,0.43078625,0.54532087,0.106700875,1.1505911,2.4374657,0.0,1.3121574,0.07602106,0.11046316,0.4542997,0.03051116,0.2820936,0.27655423,0.74851096,0.69336957,1.6859454,0.28137106,0.08000471,0.18757495,1.2206883,0.36726907,0.5418375,0.21785331,0.0064635472,0.24179396,1.1407505,0.6424978,0.21122935,0.033144604,0.12312907,1.2386211,0.54130685,0.8354684,0.32545197,0.27153844,1.5686309,0.7843307,0.24653527,0.017978398,0.0,0.06443791,0.088436544,0.19263321,0.89132845,0.4205356,3.2491448,0.57895416,0.7033531,0.41433313,1.168013,0.4806187,0.4845649,0.08909091,0.001193434,0.7306114,0.30296978,all_pothole_images\pothole_images_image_43.jpg
3.3792791,0.427247,0.18905577,2.173975,0.7213191,1.707837,0.81964797,0.014825148,0.030846233,0.4107567,0.3302701,0.604453,0.16469862,1.5514956,0.083380006,0.17225622,0.7053693,0.0030105612,0.7942417,0.16256355,1.5055364,4.1704607,0.27296394,1.9648353,0.69480723,0.66603506,0.015366627,1.5071087,0.45012793,0.6575358,0.49615064,0.19890188,1.5383898,0.6168669,0.0960576,2.6895254,0.8983892,1.3628733,1.1169087,0.9807743,0.35013542,0.015041672,0.065705895,0.13135199,1.983035,1.4271563,0.058026,0.2802405,0.40114868,2.3726902,1.2015584,0.048840802,0.60709393,0.29559648,0.0,2.6750114,1.1570195,0.4576458,0.3869313,0.29442105,0.0,0.45740512,0.17947851,0.6689229,0.59014064,1.0658357,0.621313,1.94571,0.66120636,0.22405055,0.28958178,0.07840602,1.7116218,0.9213253,0.513538,1.7492696,0.22758643,0.56082386,0.2520668,0.12222276,0.61639434,0.4792218,0.73406273,1.8839104,1.3177704,0.19832174,0.13982779,0.6460034,2.7874293,1.3603493,0.29093987,0.12925573,0.14146319,0.064444326,0.22807553,0.17997228,0.93638396,0.47987092,1.4953173,0.028308848,0.50577617,1.2337422,1.3724873,0.13844115,0.07895774,0.020378457,0.16976815,1.2732383,0.16390756,0.13371976,0.0008652593,3.0227523,3.2739525,0.4744555,1.0833955,1.059979,1.1839129,0.15842292,3.1724896,2.473616,1.6080197,0.37103513,0.003277673,0.40895927,0.127899,0.8768499,1.0552334,1.8545494,0.0602065,0.16523479,0.5118709,0.0021438017,0.0361256,0.16858444,0.23533078,2.2989948,0.09670575,2.0862064,0.34613764,0.86341614,0.18469965,0.35253245,0.02187275,0.9961096,0.18810984,0.26727435,0.54907036,0.6832306,0.8147391,0.0,0.31254813,0.49180666,0.12558475,0.013498272,2.0243316,0.4568858,1.2996391,0.548365,2.491815,0.13615681,0.49956286,0.80252624,0.14521573,0.5688467,0.025057606,0.62304896,0.6253657,0.02951502,1.554248,0.45871493,0.26273298,0.003352698,0.07631645,0.48042786,0.36735144,0.0026979786,0.84015477,0.011184191,0.7482186,0.00065754476,0.12574908,1.0300832,0.4194277,1.7290169,1.7634763,1.5142759,0.9818108,0.31464174,1.6924684,2.3621502,0.19829531,0.22547092,0.0,0.77885926,0.8910681,0.45024413,0.11006241,0.82849157,0.92195976,0.56813717,0.17360772,1.2901446,0.2725254,1.6458819,0.65191686,0.1704532,0.5165542,0.048645023,2.3691297,0.1726442,0.15766016,0.08584793,1.4278846,4.192805,2.0556395,1.1679037,0.21328108,0.042165536,0.6697534,0.28867903,0.74484175,0.62085915,1.016896,1.4871992,0.0072771395,0.1303339,1.003883,0.08180634,2.4462063,0.17911944,0.33215535,0.29407603,1.3723963,0.9715417,0.6896808,0.28411707,2.2162611,0.061895117,0.0027682765,0.008740319,0.3745686,0.41743863,0.058515552,0.029884316,0.03831533,0.089672156,1.4437644,0.55774003,0.82024395,5.096898,3.508881,1.3544608,0.45476067,3.129831,0.031172816,0.5340149,2.9155753,0.28587106,0.26111045,4.948723,0.03209479,0.13667895,0.75582045,0.7094392,1.7563875,0.36481652,0.32464314,0.58506787,0.44087148,0.20039651,1.6890721,0.6498907,0.045676097,1.5886374,1.6970204,0.4224527,0.8450873,0.09729479,0.029939504,0.35753256,0.5907654,0.24965912,0.82488215,0.1880598,0.07827396,0.8402349,1.1506263,0.27923208,0.6099063,0.0731716,0.18705927,0.97775716,0.17774518,1.0808625,0.13695721,0.28994915,0.036280666,1.0602719,0.23381606,1.730001,0.09394891,1.1387947,0.17694493,0.64158297,4.9217477,0.98964983,0.08456886,0.8717575,0.3356009,0.032030616,1.7857027,0.18949941,3.0114944,2.07649,0.33457258,2.2047458,0.031928238,2.2066076,0.76923525,0.031199206,0.098384835,0.04174267,0.38770333,0.32231614,0.16640252,0.2830511,0.87456036,0.04944744,2.441788,0.13290963,3.6032588,0.5636285,0.31187558,0.51995796,0.0,0.27422848,2.2016935,0.109313175,0.07778516,0.27216157,0.61747843,1.1578372,2.7723594,0.050155304,1.3882011,1.3042762,0.35641798,0.014818439,0.7896126,0.6573919,0.3052352,0.35022178,0.2198463,1.6376369,0.97845083,0.79385155,0.054087773,0.32525557,2.2259455,2.4724674,0.33793056,0.7178673,0.43085498,0.46686935,0.0,1.035136,0.9717256,0.033098258,0.022042682,1.0534086,0.9358646,0.0916677,2.5210958,0.111627705,0.6104216,0.553103,1.0346949,0.06741795,1.8062227,1.1119937,0.8796986,0.066783965,0.5666543,1.1293815,3.2552452,0.46214497,1.6830384,0.027354972,1.1518916,1.8095322,0.42855477,2.7069116,0.31074223,0.9687647,0.0,0.041733194,0.654631,0.12522024,0.27971503,0.39046586,1.3702354,1.2263671,1.7724818,0.025559068,0.7348185,0.35804525,0.95310444,0.4564462,0.024844559,0.4002894,1.243739,0.9165544,0.016697694,2.9293225,0.20129287,0.5405324,1.243263,0.2506771,2.275737,0.8978294,3.9947536,1.1006583,0.7546179,0.29014024,3.6992493,0.68405986,1.2123811,0.21079242,0.36343104,1.7295972,0.36507723,0.9258717,0.94520146,0.8931181,0.2700482,3.826818,1.4488963,0.5607252,0.45846143,2.433208,0.4467551,0.31522372,0.17222609,1.0945904,0.98238736,0.18366037,1.5501915,0.36313316,0.12977563,1.2867814,1.6200119,1.1986505,2.926454,0.8380734,1.1403912,1.3650782,0.82884824,0.39228597,0.42081997,1.7963442,2.7683892,1.8145757,2.9183064,0.92072964,2.17293,0.053083364,0.7361131,0.57542014,0.42127648,1.0243273,1.2265764,0.0494376,0.47759584,0.4540537,2.9038208,0.17289346,0.0057893237,1.429646,0.5868566,1.1539626,0.48451862,1.7441453,1.6047469,0.3625847,0.076458275,1.0985128,0.13352089,0.20279834,1.0765523,0.08051689,0.15989916,1.3049896,1.3939031,0.014747744,0.33362383,0.05795947,0.93901217,0.99382627,0.18979378,0.1387107,0.6338062,7.840088,0.87346435,0.0,2.133518,0.8844628,0.059096638,0.63123906,0.28400436,0.5261777,0.4858808,1.3212678,all_pothole_images\pothole_images_image_44.jpg
0.9919,0.35223556,0.17072518,2.1197574,1.0992692,0.74122137,2.207306,0.53990555,0.25285286,0.28944173,0.5661863,0.8184426,0.062123396,2.224523,0.06567554,0.9007398,0.3825793,1.7474748,1.6449718,1.3783249,2.8611896,1.9154603,0.42491037,0.60662293,1.0278642,2.1562722,0.7759009,3.360765,0.47532582,0.062963486,0.350676,0.88813716,0.99531466,0.46700785,0.4937411,1.5889282,0.12936199,1.5106544,0.5347655,1.6554607,0.02657538,1.188259,0.24924028,3.1098542,0.37359074,0.71425486,0.45980015,0.51679456,0.6185431,2.6729531,0.75425273,0.75622994,0.5921324,0.00022894618,0.13682923,0.7148232,0.94058734,0.24578308,0.69396347,0.10417563,0.6423774,0.5224668,0.35261777,0.37051955,0.8271269,4.492076,1.5437335,2.2814972,0.6190384,1.7442434,1.7584103,0.22805208,0.14725602,1.5618145,0.38745084,0.18686819,0.39995587,0.3116716,0.27759337,0.36927724,0.17638704,0.021781294,0.43770432,1.8804215,1.0176897,0.63819885,1.1732227,0.41849557,1.5456163,1.2089573,0.1116698,1.1801085,0.019351894,0.22479595,0.22778855,0.324198,0.4246389,0.6913228,0.75980073,0.2237577,0.030953316,1.3080438,2.634523,0.0012063923,0.50594276,0.21206322,0.29931402,1.546864,0.36775705,0.76122904,0.0,0.786518,1.4139916,0.0029447114,1.2475185,0.3578706,0.5126237,0.3913529,1.3649553,0.7942022,1.9855692,0.20351452,0.58154804,1.2004122,1.452135,1.0735948,1.2769028,1.3376673,1.1533704,0.476269,1.2429494,0.11914829,1.0078433,1.4191866,0.54597753,1.7988756,1.1212875,2.0790293,0.60700685,0.046843108,1.3876085,0.85564727,2.1133814,0.85066897,0.07691701,0.95211035,0.041009124,0.2788729,1.1457367,0.018385865,1.419457,1.0146692,0.45866755,0.20063446,2.3493173,0.56420386,1.4453629,0.1067815,1.3491328,1.7559316,1.9584032,1.3139081,0.691142,1.8369355,0.40384185,1.081933,0.5065959,0.27727154,3.2004688,0.13927992,0.8064997,0.016736686,0.025349135,0.81879437,0.17959888,0.59645784,0.012132948,0.09677589,1.8128294,1.7622688,0.63534665,1.6720622,2.2284122,1.2183154,0.76770204,0.5421396,0.06328586,0.21783254,0.21607733,1.9817467,0.5738409,0.19910382,0.5505027,1.3940355,0.64221275,0.02992124,1.3559725,0.7758738,0.012954968,1.1433051,1.2041868,2.2265205,0.6599585,0.93413955,0.9423661,0.47000542,1.2413809,0.16444996,0.45275903,0.37286058,0.007551321,0.19563219,2.2935796,0.7690865,1.7830688,2.8869436,1.2569759,0.15696453,1.4905154,0.7045532,0.45196432,0.24610046,1.0345323,0.8729369,0.094902165,0.39484215,2.1189234,0.34474057,2.003472,2.8010883,0.308515,0.19296265,2.053627,0.0036159388,0.677325,0.0013944737,1.6426405,0.1300678,0.012597789,1.3165244,1.6083192,0.08080301,0.3064499,0.15229426,0.45075053,1.2265525,0.95546114,0.7099851,0.77102077,5.6027975,2.6468213,1.0638562,0.27827364,1.9719025,0.12547982,1.9404775,0.71215665,0.8317241,0.7833154,2.1045074,0.16502443,0.1729126,0.40161115,0.23107974,0.28688094,0.50967544,0.89422375,0.5769932,0.6758283,0.89826137,0.84335387,0.05823802,0.7228188,0.82674336,0.7092295,0.41225097,0.33003554,0.8070375,0.2120098,0.6793471,1.9288286,0.3329041,0.4232008,0.5706751,1.1558493,1.3338159,1.732826,0.13994476,2.497863,0.0243125,0.08672677,0.49982575,0.553832,0.43283984,0.14216426,0.19077411,1.0387697,0.8559802,0.015145878,2.8418703,0.07517477,3.065421,0.22279295,0.37029666,5.892607,0.5829,0.27531564,0.48044053,1.0528053,1.1156462,2.1262739,1.6345253,0.89765537,0.40689278,0.8982975,1.0279065,1.3791443,1.8661449,3.2298136,0.2634036,0.054454938,0.008489707,0.22744274,1.1018504,0.11984301,0.8955757,0.5943293,0.43004662,1.4040344,0.4153599,1.2637792,0.71463877,0.9580381,0.61008984,0.25716972,0.5656992,1.1734551,0.6629813,0.8224834,1.7240663,0.8861392,0.44828326,1.1434242,0.8389821,0.6059612,0.032088883,0.30482742,0.99849707,0.56831914,0.07676462,0.6926258,0.8416828,1.5450405,0.3130692,0.14026906,0.78725696,0.5475415,2.1568043,2.0480766,2.105943,0.85221034,0.30666366,0.46193695,1.263509,0.031831514,0.013108263,2.6190767,0.2425852,0.12947577,0.14103834,1.1258034,1.5580649,0.74109757,0.11184934,0.13433476,0.12017431,0.09026683,0.6329229,0.238207,0.1845557,1.4844973,0.019300615,0.39492112,0.9639917,2.062021,2.4050436,1.2165306,0.0,0.13230707,0.45306993,1.1515353,0.1285742,0.39765003,0.64818996,0.22045048,0.00021594523,0.6619479,0.09761485,0.1904901,0.037773486,1.0706049,1.7079368,0.26163557,1.4442368,1.6721255,0.0007511445,0.21611205,2.09764,0.9650297,1.0762107,0.8958092,1.3322642,1.4847269,0.79894364,0.06372767,0.040252537,0.6715795,0.32160193,0.82236814,1.1815146,2.6642444,2.3645804,2.7921565,2.2646608,1.3559353,0.4195534,0.9112733,2.1409633,1.9669787,0.96179634,0.24794026,1.2962847,0.29373226,2.745345,3.5264647,2.541319,0.47730574,1.1951225,0.31864628,0.57081854,0.70691097,0.7354403,0.048016466,0.0067114653,0.65577555,0.014981613,0.7165489,0.24509954,0.15062065,0.8837757,1.1314489,0.19429705,1.2022777,0.81592995,2.0075855,1.2726315,0.9868122,0.40923387,1.19425,1.5826566,2.3245766,0.397954,2.254144,0.84438837,0.47870338,0.5223849,0.361981,0.046017647,0.60687345,1.1464708,0.0022627912,0.5839795,0.044584136,1.026639,0.7241018,0.595474,0.6184298,1.5699552,0.4918532,0.54566026,0.16749775,1.3288714,0.7911265,0.59767383,0.091257416,0.8542323,1.0947105,0.051968552,0.5311034,0.0,0.5357163,0.08908212,1.9148494,1.284562,0.073794544,0.13780424,0.40006462,0.15593459,0.15952021,0.91373754,1.1037859,4.9699316,0.5341713,0.598618,0.15799582,0.6160098,0.20008992,0.38356137,0.34850678,0.5135874,0.1411532,1.6425594,all_pothole_images\pothole_images_image_45.jpg
0.79236615,1.6935694,1.0130047,2.4870887,1.2792203,0.16526489,0.17732036,0.0,0.71552867,0.35908434,0.22639136,0.6029137,0.045622878,0.9681225,0.46747825,1.4342654,0.1350576,9.525306e-05,0.0439641,0.032337807,0.13740085,1.4204367,1.0909241,1.1975023,0.40293103,0.46152028,0.029607179,1.9023795,0.11169432,1.0381842,1.9797267,0.041567307,0.98500836,0.52247286,0.7099533,0.16551884,0.94178694,0.27556756,0.31013694,0.7212141,0.06323932,0.60576135,0.57625055,0.7236535,0.87966526,0.038079612,0.25087762,0.45188898,0.21698095,0.11520043,0.4290407,0.8386294,0.23632704,0.1634785,0.004535541,0.49401525,1.1140156,0.08764203,0.08047185,0.14052607,0.0,0.2967884,0.37034816,0.45366862,0.54648715,0.29391676,0.43702945,0.04679046,0.10365046,0.011295324,0.20008507,0.016573949,0.36599928,0.2628657,0.0064327265,1.7605304,0.34107172,0.37610707,0.0017985951,0.6733467,0.62471956,0.41952863,0.09229197,1.5449358,0.2904809,0.80415636,0.089802876,0.19641006,3.932929,0.5391221,0.12008548,6.004727e-05,0.046853993,0.07831069,0.3084145,0.14212629,0.23916115,0.8929403,0.060555205,0.44459978,0.4436208,0.908247,0.674278,0.78276277,1.3205315,0.0,0.09643424,0.12388348,0.35047993,1.713881,0.027888838,2.4739127,0.7120172,0.7380578,0.61468405,0.9937574,1.9034249,0.05083269,1.2161763,0.72914875,1.1443377,0.52446413,0.1950016,0.5058319,0.81428427,1.1061536,0.68851095,0.55397284,0.42442885,0.40058073,0.24249879,0.045875907,0.15862769,0.0,0.24805091,0.2734677,0.08967903,0.28071734,0.017688707,0.0011974892,0.14288522,0.74217504,0.15891594,1.5702221,0.39927956,0.7870997,0.25607654,1.2767379,0.21938092,0.5284337,1.2143306,0.4197441,0.5987155,0.45743626,0.8992386,0.57972217,0.34904036,0.08577402,0.89767313,0.5309145,1.0689764,0.47314012,0.06727339,0.45554453,0.3928414,0.5758039,1.2924843,0.004064201,1.294332,0.632327,0.0,0.4694504,0.2660218,0.066307776,0.7879683,0.42616984,1.0012851,0.0,0.00923368,0.097527355,0.027693344,1.50383,0.4690856,1.2847352,1.0048585,0.14867522,0.23855531,0.21155913,0.68192476,0.61958325,0.5240004,0.43018508,0.34694296,1.8110673,0.8834686,0.16279553,0.17996368,1.913937,0.6223618,0.4182333,0.85276157,0.21669756,0.0015704388,0.07508498,0.10843089,0.21593577,0.784743,0.050515354,1.8491292,0.051453657,0.39410883,0.37034747,0.55736756,1.274019,0.7477288,1.7609087,0.33204547,0.0,1.7922292,0.0531048,2.3488283,0.0,0.14766674,1.4910444,0.4444105,0.27091083,1.3406104,1.0407761,0.88032824,0.3746838,0.2226147,0.450647,0.37611693,0.0750369,0.43697184,0.10083656,1.8670915,0.0,0.8727476,0.18878633,0.5334012,0.017940035,0.5203848,0.49827325,0.116089605,0.038721215,0.5189384,0.061429907,0.6685594,3.303092,0.52122945,0.19054985,0.16898252,0.029850114,0.45921522,0.0,1.3467056,0.042726975,0.6324796,2.9219594,0.5030841,0.529642,0.89153725,0.008333112,0.5162733,2.0942814,0.33045647,0.16289473,3.8135667,0.14267193,0.74814457,0.0,0.12536171,0.47343194,0.14075102,1.6689733,0.0014952141,0.6561379,0.8772976,0.61821735,0.14732033,0.26319772,0.772919,0.74263966,0.3246756,0.6331648,0.39949217,0.9519063,0.45250958,0.028138194,0.13584669,0.7617239,0.34290788,1.2312607,0.12712315,0.35955587,1.14244,0.3463016,0.055773538,0.67029136,0.13241783,0.27740228,0.06909963,1.5753787,3.7235985,0.23296702,0.2471577,0.59011567,0.46265316,0.18567388,0.4156639,1.1816721,5.886816,1.5505806,0.15686932,1.6819615,0.012578702,1.1623865,0.8677061,0.20969458,0.9103447,0.5182427,0.27973774,0.48464164,0.27828863,0.108310685,0.99147034,0.77852386,1.0052024,0.42012638,4.5283484,0.09720291,0.0,0.10156495,0.07729449,0.17671561,1.4820409,0.41167352,0.6898675,0.057139747,0.6312817,0.8190694,2.2447379,0.08896432,0.4423757,0.1196408,0.28032053,0.048225068,0.29364565,0.21308604,0.039496213,1.0080973,0.43565565,0.30252594,0.15408766,0.029499944,0.3364526,0.0342527,0.27318776,1.1100245,0.21453352,0.2995596,1.1748345,0.34984615,0.076109156,0.65558934,0.6405162,0.053762775,0.48477647,0.5088287,0.23863186,0.5287359,0.11421599,0.058685105,0.80229366,0.2409253,0.5007114,1.149283,0.08842363,0.25942224,0.34971222,0.08035593,1.5535586,1.3300691,2.7461185,0.9225373,2.0332365,0.07694597,0.04163506,1.6747707,0.5114089,2.101142,0.086829275,0.034374338,0.002504994,0.7944813,1.0513076,0.28138924,0.004214487,0.0006437891,0.9378014,0.7192051,1.0267358,1.421141,1.0558289,0.50261635,0.44505882,0.15814921,0.08667391,0.10217696,0.6752584,0.21879223,0.7701488,0.29865083,0.039828945,0.23352534,0.44962528,0.5297695,0.67136157,0.12050524,1.2821851,0.13686186,0.932321,1.9397334,0.7329893,0.4364586,0.90935475,0.6601547,0.4493553,0.8334796,0.49331874,0.36858577,0.35443243,0.35783416,0.10742133,3.8377984,0.6334386,0.22114325,0.3344151,1.0029192,0.9003087,0.21034504,0.13899481,0.15555216,0.112523064,0.0049502333,2.4652903,1.3798869,0.19888654,0.42838964,3.009887,0.30927452,1.8630596,0.5783826,0.50199586,0.56405497,2.8727484,0.587715,0.12408893,1.2553871,0.7628016,0.108164355,0.3239731,0.01826212,0.72984964,0.5085349,0.091927335,0.0687352,0.43061617,1.584507,1.2845994,0.010742001,0.060736403,0.6711266,0.29115304,0.10970606,0.3424717,1.1527957,0.27246657,1.0136923,0.84473825,2.078167,1.9170232,0.8919048,0.024792865,0.7423851,1.3751904,0.649651,0.8420471,0.29368395,0.24791858,2.481669,0.07838048,0.0,0.0075016823,0.035856165,0.27848893,0.16892935,0.0044589615,0.18303156,0.004684786,5.3545227,0.5667035,0.6818114,0.32522365,0.84714895,0.047734704,0.54724854,0.48983857,1.2322729,0.11555152,0.28573442,all_pothole_images\pothole_images_image_46.jpg
0.45964858,0.9708075,0.4177323,1.5418019,0.70968986,1.9156299,0.7051586,0.55281,1.0767071,0.81001246,0.610438,1.0622736,0.13320865,3.062182,0.592312,0.36564565,0.4017399,0.29360867,1.1608866,0.3742754,1.1468492,1.0530372,0.88302165,0.9467949,0.84043694,1.9698046,0.69153345,2.9964879,2.965081,0.3379964,0.48470032,1.4943854,1.5473739,0.33536744,0.09746961,0.3631749,0.34798205,1.228083,0.29961953,1.081412,1.1294012,0.7465839,0.3646075,0.97191083,0.8480576,0.61387426,0.59957695,0.07639191,0.561025,0.47760886,1.661927,0.52627754,0.31740075,1.0114803,0.14743315,0.7278105,1.3544767,0.01944651,0.080580935,0.51072717,0.8225218,1.0209905,1.5662019,0.87850535,0.5531126,0.79712784,0.9634909,0.29093337,0.29350454,0.106501274,1.0450355,0.84290624,0.26944062,0.36004218,0.75653464,1.0177358,0.2477658,3.9232047,0.42433897,0.033454925,0.10198731,0.0579172,0.4662856,0.3166782,1.0687251,1.440874,1.1624326,0.16181491,2.928406,0.26718163,0.48227298,0.4808218,0.42633837,0.47860464,0.6356743,0.037683412,0.735557,1.1790682,1.089609,1.991209,0.024743082,2.7148666,0.14649485,1.0591552,0.04126091,0.6414005,0.18934298,0.46517247,1.9136785,0.06855818,0.22441572,1.8989279,1.0726485,0.23284191,0.81628823,0.3862711,0.5748274,1.1964,0.31580582,1.119744,1.3991802,1.279123,1.3300669,1.5319837,0.081723325,0.19477145,1.0465006,1.3871715,0.93003607,1.0863979,0.5119891,0.40350085,0.5532393,1.1466191,0.23299193,0.2492735,0.67485934,1.6367514,0.55573374,0.88480616,1.9057281,1.385911,0.36149502,0.3658009,1.6984785,1.7999171,0.14731361,0.041103538,0.9556581,2.3662577,2.3792675,1.1113033,0.075270966,0.2657386,1.2825639,0.4112122,0.36347896,0.91115856,0.4575928,0.12986366,0.8848231,1.0101687,0.22198938,1.6538815,0.4819345,0.15953554,0.15410158,1.9044352,1.846694,0.070553735,0.18965292,0.34650055,0.64906627,0.16682333,0.47239396,0.23106551,1.81853,0.154561,1.093417,0.9903939,0.24446395,2.7920506,2.3902647,0.53139615,0.697151,0.24305771,0.4499233,1.7720517,0.1451952,0.70913213,0.103459276,1.1577853,0.46903843,1.9124992,0.09120259,0.13741909,0.3610187,0.4706604,0.85676557,1.5185192,0.80883175,0.08659711,1.1369079,0.36095256,1.9523245,0.28930378,0.13136402,0.76467943,1.0299858,1.0012813,0.8662849,0.6431399,0.56207705,1.1095034,1.9598294,1.7343259,1.1388412,0.14366609,1.5853293,1.0369406,1.2411784,0.06924074,0.02127486,0.17291304,0.3833005,0.07395088,2.4368575,0.52665925,0.6954392,0.868078,1.6070635,1.4352331,0.12700097,0.72138464,1.5880749,0.6646892,0.41281116,0.69899344,0.0849236,0.5177656,0.8630626,0.06969344,2.0524628,0.90043867,0.18952362,0.0052587516,0.28698343,0.0027326464,0.66776973,4.0866766,3.1356816,0.021125805,0.13583913,1.0431932,0.3049391,3.26597,0.48813948,0.6404188,0.9443053,1.6491116,0.79607683,1.782163,0.46367267,0.20300663,0.18783747,0.20191659,0.61107177,1.0114311,1.0166094,0.8141169,1.7825793,0.20279427,0.6714938,1.0203699,0.7451991,0.31301427,0.6564734,2.500214,1.3647578,0.49550948,1.0364633,0.0034913714,0.121216856,2.0225365,1.0995454,0.62562406,0.63910115,0.33729655,2.7168055,0.03969262,1.05994,1.7111231,0.257819,0.9413553,0.61373836,1.406549,1.4342694,0.5258142,0.81169033,1.8133303,0.27380598,0.0712118,0.8017855,0.25890642,3.0837402,1.505052,0.21431455,0.9101683,0.8524221,0.27060154,0.29782268,2.5243163,1.9666455,1.0748196,0.53031564,1.4588583,0.19038773,0.6974069,0.9157936,1.8493426,0.04219772,1.1876887,1.2591865,0.49683413,0.8825086,1.8030168,1.0419875,0.33940288,2.0970423,1.050591,1.5211792,0.18256328,0.36552,0.7711016,1.2560142,0.6229986,1.4150736,1.8413941,0.4154062,0.088997215,1.1180245,0.6798154,1.5448407,0.9213731,1.8076062,1.2964466,1.2426317,1.1034622,0.7250374,0.53459233,0.41563612,1.5949984,0.67223346,1.081443,0.95586497,0.2588218,1.3893296,0.33336645,0.21801937,0.16548908,0.5370932,0.6970566,1.5530963,1.0217488,0.46052986,0.9496184,0.5644887,1.126273,0.41019413,0.049083494,0.57376117,1.878623,0.21585868,0.048807975,0.8152998,0.50312436,0.35937718,1.0218612,0.84600353,0.29929695,0.1572026,0.034850024,0.7779234,1.2527733,2.0269353,1.7814318,1.6899441,0.014592565,0.462143,3.1272027,1.5352352,0.5173228,0.32538992,2.030861,1.2154388,0.123502016,0.86950463,0.23571257,0.52311057,0.9341879,1.9999913,0.7632933,0.20262085,1.3954953,0.17072049,0.5971703,0.38609096,0.042643595,1.7414476,0.27078176,0.2019004,1.4373327,1.1884254,0.88553405,0.10795587,1.0151283,0.3542821,2.5681686,0.120656535,2.2271173,1.3666933,0.91451657,2.0006392,1.5627886,1.9533303,0.76905507,0.5400193,2.426249,2.5556138,1.2542247,0.514421,0.64601827,0.2296783,1.5287588,2.0292315,2.8384454,0.9747551,1.5531033,0.49486682,0.4071589,1.2051969,0.0530181,0.10369369,0.104194336,1.6950105,0.44993964,1.972733,0.23584764,0.17147988,1.0841,0.2226993,0.28074676,1.7036412,0.37033257,1.4423461,0.29820085,2.1424859,0.699473,2.7214537,0.5045156,0.71314836,0.40000197,1.6412216,0.7349252,0.33799273,0.47906455,0.7798127,0.5115647,3.4188588,1.0621878,1.1041902,1.2321308,2.1686034,0.33865955,0.30147564,0.60118705,0.9591614,2.0654254,2.0027902,0.20275047,2.0233018,1.189115,0.19561508,1.9186076,0.6519157,0.5233847,2.8607066,0.23356187,0.94349235,0.28450027,0.25435942,1.502381,1.018472,0.8933413,0.26061404,0.5213432,0.2776552,0.029721394,0.35205957,0.41767126,2.0077798,0.6567592,0.18453579,1.1344578,0.79410225,0.034607466,0.018423757,0.6187641,0.09112399,1.7612848,0.27298316,1.2174871,all_pothole_images\pothole_images_image_47.jpg
0.8719694,2.4479482,0.81046724,1.9981462,1.7852993,0.98805857,0.14336811,0.0020427394,0.7299249,0.50761825,0.39968047,0.40893587,0.38978297,0.34918618,0.56272626,0.44681883,0.039312366,0.032967992,0.15249264,0.79457635,1.1255101,1.2369802,0.8317034,1.431189,1.51279,0.67535913,1.1641705,1.9003751,0.36585733,0.1756215,0.58831203,0.49627444,1.2567186,0.49941355,1.2231647,1.0757283,1.2768433,2.3701468,0.24940029,0.45430312,0.07902277,0.10646577,0.18056667,2.64208,1.112573,0.045417015,0.08653806,0.70617867,0.43482935,0.8302185,0.3596699,1.7256988,1.3206686,0.55829793,0.65962154,1.1725522,2.116846,0.100394584,0.3153281,0.60451907,0.04989892,0.33675244,1.3302857,0.5077579,0.10441984,1.3277436,0.5460833,0.8186675,0.73143554,0.36541,1.2827438,0.7145013,0.5850112,0.53530043,0.6157652,1.6043261,0.58462614,0.6932077,0.0030017179,0.72384036,1.4706626,0.09010249,0.10570296,0.6823774,1.571758,0.07369909,0.53239244,0.09646897,5.5405025,0.26136318,0.45927435,0.21689212,0.29847717,1.1405532,0.5907461,0.20984554,0.50099176,2.365653,0.83918,0.446049,0.0,2.3243499,0.49749812,0.5592612,0.47734895,0.18521883,0.54263014,0.21464631,0.105431065,0.4252018,0.29377034,1.9162441,0.63253415,1.8561114,0.49697322,1.1558291,1.6092498,0.03225796,2.035149,0.9095572,1.9187796,1.1066248,0.15474567,0.85787916,0.93898624,1.2586633,0.12587377,1.1341206,0.639795,0.69122237,1.4982749,0.10967197,0.9515363,0.49375603,0.38712403,0.7223481,0.24228057,0.47226334,1.4519532,0.16464856,0.48800334,0.24414897,0.022409147,0.9211852,1.3953092,1.4657925,1.147203,0.6702213,0.027754657,1.5964783,0.73785895,1.1306536,0.0570005,0.035213497,0.9258893,0.55038816,1.2093635,0.20611364,1.9240383,1.1673548,1.0105532,0.593368,0.29115772,1.8739817,0.036501627,0.280747,0.6776863,0.28721726,0.6337173,0.3528229,0.982573,0.67483324,0.43644014,0.7152811,0.6707945,0.11040329,1.6667944,0.20862466,0.22018002,0.27128515,0.5144993,1.9142054,3.080337,3.1278682,1.5408711,1.0438489,0.96425986,0.4316157,1.8623093,0.18797489,0.90013283,0.7185664,0.19524364,1.6586305,0.36598453,0.7201848,0.448699,0.0,0.27163303,0.8610947,0.7019974,0.5513977,0.3545593,0.48258457,1.6666418,0.92546934,0.033562716,0.5225724,1.0039608,0.02851706,0.37333035,0.9922815,1.072471,1.3740653,1.4126236,0.9266153,0.2913157,0.0061522326,1.5292485,0.006607853,2.4267583,0.08994218,0.6055555,0.030774621,0.12395672,0.9899321,0.3316151,0.18072313,0.7464097,1.0156648,0.22548784,0.75719845,0.3077846,0.10678107,0.40455893,0.29301393,1.5932823,0.55878407,0.1146807,0.038897183,0.17344221,0.003015586,0.047067262,0.058076877,0.1128511,0.4642236,0.47838214,0.010977489,0.20352119,2.436677,0.8940858,0.21066,0.7578649,0.7392309,1.0877839,0.23761262,1.1123885,0.05862898,0.3608586,2.0217211,0.8027965,1.8156576,0.7999688,0.28148323,0.530713,0.25373664,0.0,0.2629664,2.0150318,0.13429902,0.37660173,0.109981045,0.43426457,0.18679804,0.334051,1.3974457,0.59375226,0.45621103,0.12757926,0.61263347,0.00036562097,0.12090827,0.6116752,0.17943741,2.4893057,0.33451197,1.8122429,1.3330894,1.0158156,0.017872851,0.42403683,0.948576,0.091453806,0.98907965,0.363716,0.7335349,0.4056983,0.008726375,0.22944899,0.6643967,0.3178106,0.75349504,0.021024602,0.71182466,6.4154854,0.83652484,0.0,0.6953334,0.68461514,0.9656945,0.05909306,0.50665855,3.3458214,1.1246065,0.15411085,1.0957578,1.1322234,0.953402,1.0583113,0.08131027,0.049921278,1.1008639,0.20854244,0.13770974,1.0625621,0.7315509,1.2675128,1.3920811,1.0782361,1.1549972,1.9546969,0.6270245,0.17493212,0.059201863,0.38728946,1.394656,1.7039642,0.9247465,0.3162712,0.6826788,1.623994,1.4722476,2.289376,0.33730945,1.5535437,0.025030544,0.13683876,0.21343495,0.62157947,0.70321906,0.3930704,1.1525427,0.5771446,0.4643096,0.80066323,0.0,0.293331,0.43476227,0.35883003,0.55765975,0.12015456,0.16178371,0.24672349,1.6679795,0.24806987,0.35073623,0.21401075,0.32222897,0.2528192,0.43376544,0.5277406,0.52984357,0.29534906,0.23078941,1.4969535,1.0018938,0.039319824,0.029222405,0.19788183,0.42925027,0.13148676,0.02291315,0.5778365,1.036414,2.8604307,1.7628186,2.756647,1.611674,0.8114485,1.1536812,1.4232465,0.07691772,0.39129147,0.07239883,0.056492887,0.038349953,0.7080195,0.26023126,0.72141534,0.53483295,0.6492574,1.6840206,0.0,0.7003155,0.3886575,0.10618478,0.270785,0.6895778,0.62827986,1.1267747,1.4722905,0.623807,0.36127776,1.016764,0.004741497,0.5651094,0.46836525,1.4160391,0.30854174,0.12848473,2.439712,0.5839622,1.309586,2.6742666,2.0085363,0.54611784,1.0182488,2.5718892,0.16928299,0.7263548,1.3525378,0.123449326,0.93493056,0.4098824,0.66582596,3.921765,1.1325371,0.29682606,0.10687139,0.53602827,1.1008081,0.18071361,0.039930813,0.3813313,0.028239245,0.9083761,3.050562,0.866874,0.9306301,1.4678183,1.3443815,0.7199507,1.1645713,0.14018245,0.10899168,0.7637553,1.447079,0.44025052,0.19267464,1.2726967,1.3028991,0.3937493,1.1198981,0.4767543,0.69550693,0.4812765,0.45077518,0.05337541,0.7804548,1.1830624,1.0421959,0.14385784,0.26189923,0.3104459,0.32134962,0.56738156,0.29530427,0.7574389,1.1832138,0.30643293,0.45321378,3.245405,0.19174738,0.3136033,0.013734035,0.037504077,0.8498622,0.8507055,0.043381818,0.18103684,0.30396998,3.0865736,0.016499555,0.21821536,0.0,0.033646088,0.22418314,0.0,0.12917474,0.0,0.57827175,2.8448374,0.28375408,0.8126244,2.216277,0.7144484,0.12503733,1.2132901,1.524544,0.77851844,0.3431357,0.26106387,all_pothole_images\pothole_images_image_48.jpg
0.8063179,1.777302,1.4003545,0.5632974,0.85191905,0.6463289,0.27819443,0.26490745,0.48744977,1.8037115,0.40706056,0.65362126,0.13998492,1.7647468,0.20824893,0.23228908,1.2469083,0.17651108,0.09727195,0.26626357,0.8176502,1.4258922,0.057026666,0.5374765,0.7251636,1.1467018,1.3483622,3.5691388,0.38010228,0.050330743,0.0,0.7391299,2.679354,1.3751888,0.12941025,0.15411304,0.50746536,0.97668797,0.072251126,0.27717534,0.5463799,0.77347934,0.07608093,0.73781615,0.2656922,0.67936575,0.49547482,0.71350586,0.9071222,1.0252632,0.57564634,0.21452561,0.5322522,0.37884337,0.33343887,1.0585934,0.9371403,0.3140591,0.7269781,0.5880331,0.65617776,0.55458057,0.61377203,0.5996771,0.5601262,0.47754315,0.33513108,0.7957888,0.30201557,0.27543005,0.35595438,0.09788178,0.7922103,0.104487024,1.0341449,0.9423036,0.47230518,1.6492507,0.56602687,0.0,0.9065998,0.88392484,0.067561485,0.9864035,0.4247864,0.06868559,1.160229,0.22928871,1.6771115,0.34146768,0.03140597,0.6521618,0.5257303,1.2220722,0.13454188,0.8677625,0.94245255,1.4783175,0.7703332,1.7012126,0.1396873,2.1387675,0.3957822,0.36212578,0.035747193,0.12904844,0.18646286,0.13235717,0.25162256,0.6072504,0.78098685,0.5229552,0.011153615,0.5712881,0.53016216,0.7043968,1.0594254,0.5226593,0.059335776,1.338396,1.9151449,0.1216994,1.4064374,2.0645106,0.32703385,0.6468647,0.69699126,1.8278732,1.6141263,0.99243146,1.477027,0.9898006,0.14329265,0.42717245,1.227803,0.019203253,0.37052822,0.42005292,1.116934,0.7914856,1.3009444,0.14260696,0.6005015,0.2468981,0.6480413,1.1075929,0.21561795,0.2863643,0.6857478,0.4662405,1.1987717,1.3064275,0.019351153,0.14496836,0.5837798,0.23216721,0.85057116,0.15616916,0.24409138,0.3893278,1.7333959,0.6765026,0.07765209,1.7478108,0.12540896,0.5786837,0.56034833,1.486943,0.6227686,0.33227655,1.2773159,0.03504885,0.20947845,0.6226514,0.7285197,0.18499471,1.7507911,0.06750255,0.061331067,0.39359742,0.17192626,1.7935687,0.76854473,1.2260015,0.78526,0.96348935,0.3742912,0.97052485,0.62242997,0.11146048,0.24565974,0.044447366,0.35120752,1.3964473,0.21965055,0.57728016,1.0455759,0.085255444,0.09032534,0.5122783,0.09520486,0.5972,0.81646067,0.021421459,1.3551979,1.3341426,0.87460333,0.70935875,0.43077633,0.19950594,0.31964964,0.4631612,0.7856206,0.82710934,1.0923316,0.82431036,0.13017698,0.17786434,1.0310575,0.66821194,1.2230269,0.041804653,0.10227415,0.38456362,0.0,0.16933389,0.50819063,0.5118401,2.3452342,0.47059754,0.06389115,0.4532606,0.17785165,0.54176813,0.6414417,1.2903811,1.4808797,0.10937587,0.09321232,0.010265538,0.42229578,0.19516039,0.983116,0.29541346,0.08558415,0.0,0.14562921,0.1526809,0.9131921,2.6963155,0.40487075,0.59362084,0.6207545,2.3989155,0.074506454,0.95868534,0.41426405,0.04706524,0.8397471,1.7029765,0.48614419,1.2969106,0.8097272,0.42599645,0.56139416,0.20371561,0.29335803,0.7654482,2.13459,1.0624206,0.50160396,0.22506379,0.34871036,0.6990204,0.21990505,0.13460277,0.79804057,1.9321734,1.5652491,0.83161753,0.21490262,0.11329591,0.46495947,1.5428559,0.82093173,0.06282139,1.3340926,0.5666245,1.3780875,0.579231,0.6486806,0.14467642,0.35900903,0.30092567,0.2714627,0.30861127,0.47114593,0.13002764,0.5880333,1.5917741,0.056426413,0.4347023,0.2712658,0.9322134,3.6587775,0.37991184,0.18781467,0.55610365,0.25173286,0.6215045,0.18809167,0.7675753,1.950307,0.30788118,0.12006839,0.29634297,0.09874792,0.45787942,1.3851646,1.2456628,0.00426878,0.17582291,0.4112601,0.7326216,0.9609134,0.66316533,1.8873832,0.812332,1.1322931,1.3792986,1.6383489,0.21308793,0.29767385,0.69027305,0.90383,0.34543228,1.5626142,0.88231266,0.69437814,0.4228475,0.55149037,0.1882753,1.1882181,0.10118825,1.2335728,0.06725544,0.4106339,1.1698171,1.1825966,1.0204569,0.5034749,0.5117789,0.06397706,0.4281968,0.25626028,0.19633709,0.98933613,0.5611741,0.53374606,0.4080162,0.6646937,0.123189054,0.7007946,0.67126715,0.053555034,0.5372455,0.90049475,1.3926173,0.077766985,0.5862788,1.1590365,0.5505856,0.687453,0.36726406,0.6350138,0.19349663,0.06484027,0.016849345,0.4230126,0.571442,0.64849913,0.007217337,0.80225503,0.734923,1.6738125,0.24468695,1.1850297,1.6309804,0.3212351,1.6305274,0.9308637,0.1425084,0.6150785,0.9409635,0.123617224,0.16841011,0.32489672,0.738454,0.13422662,0.582593,1.2015853,0.9008766,0.3928207,1.6665322,0.07755335,0.8585439,0.56126934,0.015154175,1.2656158,0.37923104,0.51877123,1.2705408,0.18190818,1.020625,0.1018322,0.2753023,0.43401328,0.6312557,0.18533073,0.20103481,1.8463075,0.42420796,0.46136552,0.29329932,0.84082186,0.13640526,0.22727932,1.7603859,0.5388114,0.7110369,0.35806736,0.21361175,0.44913438,0.86615807,0.45806456,1.5058433,1.4322379,0.7196452,0.24231157,0.18432006,0.48758087,0.38746005,0.5297859,0.7599079,0.23458152,1.303555,1.6623429,0.35564166,0.2345166,0.21220274,1.2059189,1.2587128,0.6809904,0.23017536,0.43328056,0.103962466,0.45818952,0.255412,0.8648184,0.1895785,2.358174,0.92399454,0.4819967,1.1147752,0.89022934,0.2987941,0.9176838,0.836845,1.5865725,1.1266938,0.18462309,0.25264436,0.3541771,0.39269835,0.17136715,0.41858298,0.06318684,0.66299003,0.5820992,0.8469483,0.13893417,1.0384183,0.15509474,0.45206755,0.019660186,0.05798833,0.3222594,0.056603573,0.13991268,0.1848268,0.51491946,0.5799978,0.188278,1.0168725,0.36967966,0.018083544,0.09098844,0.2831349,0.30338928,0.002887703,1.0335063,1.7635963,0.15739234,2.6996522,0.77234775,0.5438789,0.22539642,0.9572534,0.02408324,0.45597935,0.7685064,0.016098328,all_pothole_images\pothole_images_image_49.jpg
0.539483,0.1254082,0.13446452,2.0532055,0.5735729,0.25911695,0.51855165,0.6544082,0.3256781,0.34858346,1.3919746,1.5997728,1.357404,2.3183222,0.2783252,0.27530187,1.2631924,0.6696131,1.6836367,1.1726335,1.3867356,0.19566804,0.88480264,0.6499707,1.1470166,0.3560363,2.103284,2.0730314,0.8370299,0.028832946,0.21020432,0.23528416,0.24046937,2.6020298,0.19132194,0.5926979,0.02888385,1.4407773,0.95892704,1.8087236,0.7438755,0.22313464,0.33064792,0.32685456,0.1453385,0.64797217,0.42327708,0.0089450115,1.0062819,2.2761214,0.43710622,0.20669858,0.7712702,0.31259307,0.12588839,1.7089224,0.92454135,0.9700202,0.8851892,1.0147117,0.6477917,0.0927289,0.33376408,0.03888628,2.21233,1.4468248,0.52772975,0.16729599,0.9911198,0.44423908,0.47609282,0.18194218,0.79792494,0.7106899,1.9542975,0.43208486,0.123481944,1.1346139,0.40014464,0.02391297,1.1107926,0.08992511,0.24748628,0.7061297,0.7482529,0.47157833,0.447056,1.0402448,0.5032386,1.332091,0.4117175,0.5524,1.467187,1.1278857,0.108969435,0.121720485,1.3956096,1.5071789,0.55910856,1.6270667,0.16025855,2.8929849,0.42654485,0.50400007,1.3702121,0.47350717,1.0520258,1.0279174,0.04714792,0.21243967,0.7387383,0.42250898,1.0383638,1.0496516,1.2686414,1.2393299,0.48555186,0.3837284,2.635726,0.79859006,0.7368483,0.42668134,0.043142524,2.0309765,1.7439082,0.28238556,0.3933937,0.50436145,0.61711043,0.319857,1.2679275,0.30556276,0.1616939,2.2413201,0.17703581,2.5911682,0.76128656,1.414558,0.66251785,0.5405787,0.4490909,1.2868155,0.34294084,1.4206121,1.013535,1.62968,0.6091274,3.1448495,0.88332784,0.1770417,0.68599164,0.416022,0.06708056,0.45637575,1.2126993,2.0958626,1.0701721,0.1432932,0.97103506,1.2551996,1.8684692,3.1030295,0.29880166,2.7181458,0.5742058,0.98248523,1.1066756,2.2834702,3.2313702,2.0246427,0.030569721,0.09518154,0.35007757,0.15497245,0.02010949,0.963997,0.6876602,0.014458831,0.1997218,0.89017004,1.1105644,0.795191,0.19965725,1.1830053,0.54816645,0.93494266,0.19287658,2.1796675,0.2728816,0.18120517,0.08237431,0.53028727,0.17789058,1.9596121,0.6686128,0.15738246,0.7813877,1.4520423,1.7355608,0.61826426,0.12739843,2.000065,1.3270768,0.38324803,0.16049406,0.38539684,1.1021743,0.47284243,0.6805704,1.0762417,0.18418486,0.003168805,0.58542293,0.43493706,3.263947,2.2646363,2.1491077,0.2548504,1.377736,1.1207685,0.14008076,1.9663026,2.340119,0.80190355,0.61987096,0.48729998,0.6542292,0.23092379,1.242928,0.44056752,0.71149886,0.26901513,0.5559387,0.34710616,0.12780972,0.62108,1.1467127,0.86324435,0.8137816,0.8970259,1.902609,0.80185497,0.2682555,0.66297376,1.2996784,0.059976283,1.2595992,0.9050942,0.3304572,3.3890772,1.0086436,0.340717,0.9846723,0.29273406,0.05328278,1.833962,0.8447033,1.029509,0.4164696,3.6420934,1.4557742,0.38196385,1.0854595,0.8647811,0.7629801,0.445715,0.867523,0.088177815,1.3515885,0.5035082,0.8888825,0.0039124726,0.5435007,0.8964913,1.0638855,2.0332146,1.1782125,1.8660611,0.9025539,1.3475902,1.1288894,0.64988405,1.3703136,0.11891682,0.36082947,0.5452426,0.075571045,0.28363058,2.30992,1.0575541,0.6236108,0.52356476,0.9254678,1.5437508,1.1819421,0.14122735,0.63638484,0.49831513,0.25270015,1.7333542,0.664646,0.56371135,0.072320454,0.09395463,1.369214,0.27028984,0.5698599,0.83512574,0.6499926,0.9906704,2.2956684,1.1230654,0.42609957,2.3310308,0.45171425,0.7274626,0.2688762,0.60157865,0.5342244,0.77184325,2.9113638,0.13035424,0.16737229,0.9783982,1.4601909,0.9614586,0.013206158,0.2809941,0.074819304,1.2141702,0.5381141,1.7729509,0.6616248,0.11018669,1.3867399,0.34595197,1.4668738,2.3815575,1.3092095,0.16013373,0.5684064,0.2147791,0.70130295,1.5652497,1.574911,0.3283459,0.31789213,0.8970988,0.032696363,0.11757466,0.6135971,2.1850622,0.8042421,0.36978486,0.1930938,1.3921717,0.037719466,0.67342097,1.8209977,0.64933854,1.5336357,0.63185143,0.24220116,0.71887094,0.00026209804,0.73109996,1.1119381,0.67833567,0.066774316,0.075841315,1.6505674,0.14049427,0.8828667,0.41216728,0.40722656,1.2848399,0.9155913,0.6946466,1.7661575,1.1298629,2.3528442,0.1229427,0.26783064,0.9138096,0.78410035,2.7289217,0.82076776,0.050787535,0.25301054,2.2853901,2.8057468,0.77922446,0.9610316,1.2534465,0.76439995,0.08230697,1.3148404,0.23315684,2.4576283,0.17474245,1.7072953,1.2729368,0.8088212,0.6274544,0.7833863,0.2688632,0.9019955,0.9465707,1.0359122,0.16808605,0.27040446,1.9410197,0.74595094,0.17404626,0.057864197,1.6663208,2.0680065,0.57083064,0.55612093,0.64402175,3.403526,0.98136747,2.941788,1.6141958,3.7513602,1.1388158,3.4840617,0.2867399,0.89498836,1.0080996,1.5156729,1.2258596,0.65815747,0.28516698,2.073443,1.67624,1.7026408,0.31519878,1.3499428,0.6873138,1.3558544,1.9848797,1.4924939,0.5840434,0.4585308,0.038133956,2.3311462,0.43065748,0.21112481,1.7848635,1.3576112,0.5870265,0.72400135,0.4490378,1.3757868,0.28235525,0.3415151,1.4947162,1.1452632,1.0703554,2.2324064,0.76218873,0.25693902,0.17683484,0.46061534,1.2073375,0.7315177,0.0,1.0629263,0.48103857,0.260571,1.7073414,1.5179899,0.22179592,2.0754485,0.24219827,1.5066422,0.46859288,0.5172092,1.0195919,2.0303721,1.3055288,0.86791474,0.034375187,0.18680719,0.8809696,0.10645506,0.23501977,0.8352463,0.01565021,1.4521213,2.2426002,0.5238223,0.0,0.12441455,0.42354372,1.0369599,0.45840517,0.5766299,0.8078632,1.7885529,2.3173,0.75668925,0.6337741,1.038916,0.1484277,1.4475083,0.22827557,0.26467136,3.0633209,2.7169373,0.72099835,all_pothole_images\pothole_images_image_5.jpg
0.41365698,3.725525,0.8990391,0.9102599,0.88340974,0.4187032,0.8486901,2.1287758,0.1522591,1.4244783,0.20718671,0.35860318,0.07669494,1.0811286,0.09846074,0.17058194,1.3432919,0.26694283,0.32010165,0.44622448,0.023223989,2.9128401,0.7597472,2.2320712,0.32782838,0.5753347,0.8501824,1.5925214,0.2234183,0.79203284,0.7340647,0.4964661,0.50474507,0.11645565,0.7538507,0.71188843,0.6445987,1.6651648,0.06375092,2.3172007,0.24498653,0.16486536,1.3245827,0.379876,0.59722525,0.36610833,0.12691854,0.15867251,1.2115313,0.41877052,0.634596,0.8464044,1.1873082,0.37693906,0.2806387,1.1242294,1.4724772,0.23994155,1.5178881,0.4229613,0.0417454,0.6482864,0.94337225,0.29778802,0.021271924,3.0614996,1.7350006,1.2610754,1.4306569,0.9948447,0.05107323,0.17681684,0.25547227,0.11674373,0.84808415,0.9598144,0.31889933,0.28641382,0.14085895,0.47861013,0.17835236,0.5909312,1.10589,1.614552,0.7788902,0.033441562,0.8399158,1.183655,3.7386904,1.107329,0.14014904,0.5071485,0.4402173,0.73789775,1.2507845,0.48559576,0.3696087,2.038079,1.4953289,0.16828722,0.0068467385,0.92292833,0.29900566,0.51431674,0.7053976,0.9500295,0.23795764,0.4605019,0.7728397,0.07810173,0.8488813,2.3895037,0.69921404,0.6409046,0.75483125,1.2783936,0.7747869,0.14654292,0.5568527,1.107549,1.4405113,1.0631583,0.53325766,1.83344,0.20172724,0.597467,0.12786737,0.7255395,0.15928619,0.73131573,0.9703896,0.71015507,0.77624536,0.58893454,1.6336645,0.600927,0.24684456,0.58529496,0.16872095,0.113146506,0.6390417,0.29565853,1.531774,1.6444216,0.2864247,0.72265553,0.17810397,0.0,0.4936662,0.7614363,1.12644,0.16477787,0.37307963,0.42583874,3.5010583,0.0,0.48027042,0.092472866,0.30283675,0.41076905,2.102719,0.29637995,0.23088019,3.3396668,0.120436974,0.2256841,1.2127036,0.5380688,1.1080762,0.321105,0.8200048,0.08913069,1.3566889,0.26256093,3.6524882,1.3594946,0.3605311,0.71071905,0.11160165,0.7728679,0.34494594,2.4074905,1.505773,1.6541952,1.1489135,1.0761644,0.17588452,0.26219696,0.02350864,2.064346,0.6532052,1.1488914,0.6224631,2.1325104,0.8193405,0.0,0.6119556,0.46366087,0.01395515,3.3539078,0.0050179246,0.52297884,0.21806237,1.2185987,0.11316746,1.6710798,0.030764343,0.91725326,0.55368435,0.2911827,0.0016028616,0.26611444,1.7314098,1.7204047,1.122116,0.34381095,0.40632695,0.69673723,1.004188,0.65593743,0.18449664,0.5089691,0.22090091,1.8266816,0.101557456,0.059717685,3.056707,0.3024072,0.34565383,0.38442898,0.83650416,0.009197813,0.54714084,0.0025185829,0.94946736,0.10545312,0.79774815,0.3726591,0.046710856,0.09515953,0.6417249,0.082100876,0.9535648,0.69148844,0.2518229,0.07629887,0.4348965,0.05442877,1.4257934,2.0481617,2.2094893,0.13347116,0.12396142,0.41825196,0.19748035,0.5411784,1.285807,0.3668348,1.673587,0.19670798,0.2827711,0.4151303,0.7598798,0.12993132,0.012855357,1.0357355,0.7406948,0.89179033,0.14508629,0.2107461,0.5846962,0.08076291,0.1876803,0.75465703,2.464714,1.3450239,0.47889584,0.7388885,0.6224777,0.5570769,0.223994,0.25036445,0.3837844,0.40508154,2.9607458,0.4403015,1.3058451,0.3593887,0.6947932,0.023257075,0.5655104,0.86417603,0.44352672,0.85397977,0.2094969,0.43545574,0.90591794,0.08481456,1.1444056,3.6402943,0.036401685,1.276541,0.08715875,0.30731738,1.2731717,0.26442638,0.105280556,1.0488737,1.4615077,0.21399753,0.7464399,1.1871523,3.1977756,1.6395506,0.40921605,0.7078023,0.64780766,2.18199,1.651704,0.8118236,0.36147285,0.31681892,0.048345648,0.044506535,0.42306462,1.9270312,0.7723203,0.11589293,0.751834,0.6994161,1.3297503,1.081091,0.1566358,0.2768738,0.22402544,1.3146929,0.8771317,0.44778404,0.3737516,1.3942804,1.4190843,1.1367507,0.27853626,0.64092225,1.567576,0.056875363,0.1190393,0.05159406,0.0045216363,0.9879813,0.5754481,0.60299045,0.5668524,2.0375707,0.39977306,0.94603604,0.009203659,0.6757617,1.5485318,0.42977563,0.7383813,0.23216566,1.5084107,0.92344713,0.28039947,0.6962942,1.0087737,0.650671,0.29647768,0.9737927,0.27849263,0.80919176,0.34429187,0.4279765,0.619111,0.5914287,0.10704951,0.33495358,0.14987908,2.2128148,0.12056944,0.8940743,1.414973,0.16406383,1.4015465,0.71887183,0.57839507,1.8177848,0.7995507,2.4143648,2.0009758,0.29490224,1.0661272,0.24135497,0.36324823,0.4528992,0.7399656,0.75395536,0.8963935,0.20162182,0.3409867,0.21460268,0.033717718,0.5804725,0.5495766,0.09609769,0.9116186,0.92892367,0.8248127,0.7807218,0.7308717,0.5690885,1.1176158,0.19033584,0.20721602,0.07753469,1.4951518,0.51118445,0.5110888,0.0,0.75373507,0.39240295,2.1446278,1.9495845,2.13796,0.5257766,1.1920193,1.3492004,0.16753857,0.19344066,0.7135839,0.06800084,0.44520193,0.21128593,0.14405803,2.8901656,0.65388644,0.11019304,0.5791317,0.2657228,0.8536735,0.10374587,0.34679067,0.60134304,0.35164553,0.30463645,1.6509842,1.0936327,1.4512508,2.47765,1.4664104,0.23806714,1.0671117,0.33043382,1.0667527,2.0080287,0.2890207,0.8362824,0.48801157,0.90233064,0.27247772,0.18169832,0.2004136,0.28173825,0.31835702,2.6927943,0.63540137,0.23274001,0.54434514,0.3131995,1.1081107,0.1928948,0.18444897,0.2775066,0.9102878,0.2282397,0.040691696,0.5444718,0.88913155,1.5819786,4.6411324,1.3685141,0.7292611,0.66882414,0.04132112,0.3963836,1.7057335,0.3562541,0.7565181,0.036729433,0.5683839,1.9347271,0.41730142,0.049887072,0.07896603,0.2878987,0.54163283,0.5222423,0.21863845,0.7042787,0.48161408,2.7903821,0.6721831,0.81724435,1.010206,0.5558448,0.0,1.4296182,0.61791736,1.6028485,0.2647107,0.50613135,all_pothole_images\pothole_images_image_50.jpg
0.3885882,0.69660014,0.224001,2.9100091,1.6319371,0.54851025,1.3651272,0.23787786,0.06927355,0.39413458,0.037005533,0.100214735,1.6016691,1.9483587,0.12098972,0.24007061,0.15438928,0.74100226,0.6596812,0.057846118,0.5775178,2.102375,0.8278069,0.3173855,0.50719655,0.3595852,0.82485557,0.46657243,1.531235,0.9494195,0.6208263,1.1790402,0.6002985,0.2303487,0.17823468,2.0444329,0.43991414,0.1522945,0.30325165,0.4556383,0.42128155,0.1539332,0.2871745,0.30547488,0.4006951,0.24573518,0.55249596,0.06838423,1.2439237,0.5687421,1.6212968,0.7292199,0.5925679,0.8828667,0.28067484,1.9804333,2.7966502,0.11842723,0.5883991,1.2238904,0.9871281,0.6186756,0.57425016,0.45584118,0.66099906,0.87532604,0.09867458,0.6255924,0.014295564,0.91776234,0.0025092594,0.08370744,0.07381054,0.4976785,0.6109423,0.7057537,0.47381037,0.5307658,0.5134274,0.59851044,0.1402177,0.33059064,0.90868455,1.6618311,0.75193596,0.7613056,1.0721918,0.07109734,2.0302541,0.15763956,0.21524754,1.0645479,0.081414,0.06196291,0.7398022,0.20820497,0.01889272,0.8572294,0.21874714,1.3580627,0.90911084,2.8874593,1.0656133,0.75648147,1.6617777,0.07919575,0.57270485,0.096775986,0.2715137,0.81085,0.89008284,2.6690624,1.40028,0.16362283,0.71254855,2.0331507,0.7406462,0.7270539,3.9525356,1.1497275,0.12335438,0.6904926,0.7123841,0.53391147,0.21870063,1.8505933,0.0,0.1997994,0.24139585,0.08874153,1.5128505,0.54991996,0.47583804,0.4719611,0.21044505,1.5305192,0.594429,0.046956077,0.98262596,0.5216378,0.60840744,1.7317449,0.36182177,1.9037493,0.26829582,0.4568046,0.012786402,0.7195504,0.7812419,0.24907738,0.28336933,0.5845143,0.76560336,0.20298198,1.1626897,0.8865056,0.38834628,1.5034615,1.4016658,0.48130298,0.5855376,0.7223404,0.4390279,1.3457428,0.93613994,1.7718982,0.62877816,0.33201614,1.8934566,0.09638154,1.3536825,0.3044263,0.19428405,1.8812059,0.60759556,0.5988079,1.4946342,0.5140457,0.6266148,0.18979858,0.09550361,1.4364766,1.6756859,0.34802634,1.1579951,0.067588195,1.5167502,1.3594637,0.30351853,1.0877482,0.6240847,0.7657243,0.0,1.163414,0.34499246,0.0475245,1.1398605,0.88905036,0.5421031,0.57871574,0.026616616,1.0017893,0.23204593,0.3603145,0.879222,0.97214544,0.18491898,0.109193034,0.93761206,0.93417513,0.6175241,0.32941148,2.420537,2.3154502,1.1967713,0.96939427,1.139569,1.3382927,1.4233171,0.10233657,1.8543566,0.0,0.7255778,1.763919,0.11626343,0.34310025,1.3755088,0.6356814,1.7609228,0.00073520886,0.009468276,0.81700426,1.0992477,0.62485814,0.9832863,0.13704464,2.023184,0.22054832,0.41330758,0.42929107,0.80250496,0.16555634,0.35894564,0.0,0.021259507,0.4387167,0.77603596,1.2762413,1.0739623,5.2436895,1.8698064,0.47557613,0.7314571,0.85824835,0.21437518,1.3323436,0.97707874,0.20190293,1.2651206,4.0494995,0.1729198,0.94469947,0.6503113,1.1974047,0.87193257,0.23249471,0.5116246,0.027524488,1.406387,1.0852462,1.3112503,0.06727856,0.15334916,0.121701375,1.784273,0.9935984,0.15141687,1.0741538,1.2370247,0.049724996,1.245242,1.2052268,0.24237718,0.6502086,0.429985,0.8180321,1.3935792,0.8552766,2.413148,1.7808822,0.3077306,1.3288227,0.11363825,1.0177218,0.55179477,0.32668075,0.55827737,1.2137716,0.10362628,1.0740983,0.032835364,0.43684545,0.12052828,0.5775993,4.320625,1.1589761,0.87628376,0.14362727,1.0501552,0.5765169,1.6662568,1.2981939,2.5281126,1.7616471,1.3366634,0.36725673,0.03884291,0.58189434,4.9351277,0.3705747,0.3540475,0.93332237,0.1264719,1.292256,0.40028223,1.1263391,1.2004386,1.0139759,0.102193035,0.8432494,1.4619137,0.93396795,0.59360707,0.42819127,0.20979087,0.28849828,1.9230053,1.4169581,1.2501943,0.76954633,0.36928526,0.8199097,0.806974,0.36408514,1.0503429,0.29036298,0.06343445,0.040193122,0.37002105,0.5378715,0.7193147,0.28194213,0.19468883,0.62200516,0.5714219,0.46576533,0.5578159,0.4852575,2.3246303,0.6083568,0.47654638,0.3616034,1.2614999,0.6389683,0.09356117,0.9629742,1.8561976,1.0225997,0.19803876,0.74771124,1.0275819,0.14723665,1.8231417,0.75112665,0.6922391,0.61509794,0.101892315,0.13082126,1.4678154,0.27924973,1.5893184,0.021545162,0.22743486,1.105636,2.6201975,0.13627772,2.62175,0.47148788,0.42064214,0.6947119,0.046356663,2.0437157,0.4675768,0.3904713,0.6564502,0.16823713,0.2935085,0.043335713,0.72359633,0.52608705,0.48242334,0.069484346,0.53520304,0.45655385,0.41490218,0.15892817,0.13745558,0.364776,0.65201336,0.29081395,0.3155088,0.6806357,0.1430663,0.11455985,0.36970383,0.13230272,0.90116286,0.58445966,0.39647603,0.49786943,2.1892016,0.77324444,0.56200445,1.8500948,2.410616,1.9247648,1.0677642,0.6646144,0.9271325,0.5212313,0.8081738,0.76830316,1.1154952,0.09835762,0.0076653464,1.1403464,1.3146843,1.1855648,1.3143872,1.4627126,0.99581736,0.7912928,0.24589656,0.031507663,0.11806935,0.85738915,0.8908224,0.71105766,0.15170865,0.41298196,1.5768541,0.05356933,0.31826922,0.3185895,1.9251144,1.3258473,1.6146265,0.020958358,0.56940484,0.70437753,1.9602566,0.108155996,0.93833035,0.24825379,1.5037122,0.3586234,0.034829155,0.8207311,0.14729792,0.98407245,0.544695,1.3663943,0.26425448,0.4775663,0.807332,0.81279486,0.542552,0.4802672,1.0944277,0.34836107,0.3074055,1.8132719,2.2938824,1.2013499,0.022045335,0.94162166,2.1387303,0.16635379,0.92722726,0.4190643,0.8797036,1.1682847,0.11428224,0.071806185,0.71361464,0.24979493,0.46517235,0.51101005,0.4909825,0.3206327,0.8929428,3.2437637,0.9035601,0.7455891,0.55824083,0.47434717,0.11119726,1.5240606,0.23538591,0.18648873,1.5251566,0.89434826,all_pothole_images\pothole_images_image_51.jpg
2.0288262,1.5123073,1.6567501,1.1933556,1.4741815,0.83327794,0.31147876,0.11644015,0.24695906,1.4417893,0.83989114,0.28790116,0.94570625,0.08390048,0.3665871,0.49054882,0.77695096,0.20424616,0.87910753,0.2477449,1.3397816,3.5276797,0.68084013,3.3730254,0.35319257,0.2981,0.007756221,1.0144222,0.13951798,0.7106804,0.35358083,0.23525749,1.3984213,1.0490267,0.59315854,1.6236606,1.4143087,2.3992822,0.56882536,2.30475,0.8997767,0.35867634,0.8558042,0.92029697,2.1697237,1.5132996,0.037207145,1.9235222,0.6130348,0.75289637,0.3463453,1.0881807,0.63906264,0.69574165,0.97807574,2.3840468,1.5536245,0.9384723,0.91409785,0.39140686,0.66945374,0.5176269,0.5104447,0.7015996,0.3051834,0.779623,0.9365545,0.9756667,2.6171644,1.1645253,0.3525326,0.65528625,2.1762857,1.5819209,1.1034156,3.9652727,0.50533503,0.13735649,1.0073557,0.18963309,1.7441045,0.640251,1.0324315,1.9365077,1.0782866,0.27393875,0.12117238,0.54614127,4.692977,1.2300605,0.029198712,0.34885913,0.46475798,0.2928742,0.5714895,0.8420125,0.8416801,3.2692945,0.47686565,0.74543494,0.24860223,0.91837335,1.1124046,0.79486364,0.19681226,0.048271198,0.20525655,1.6014552,0.1356541,0.8755043,0.23618826,4.488925,1.6164827,0.7534292,0.49678713,0.5008862,1.8082938,0.4414457,2.2291393,2.2644498,2.9149902,0.34537208,0.055460937,3.5848665,0.21162984,1.6581187,0.33791685,0.49279425,0.25551432,0.40158212,1.2081715,0.027532127,0.049984775,0.87052995,0.58057606,2.7942228,0.40022022,1.4389015,0.7603887,0.74875087,0.14710928,0.5226234,0.28661695,0.942576,0.62722063,0.6706538,1.1229599,0.7063407,0.057401825,1.2132791,0.7753403,0.4922084,0.11843621,0.5322954,2.1158967,0.65956813,1.3921448,0.4362638,1.0886744,1.0038644,0.91119546,0.3370559,0.020591494,0.881217,0.0,0.5635817,0.056211375,0.15230453,1.3839691,0.8540179,0.5078502,0.18739903,0.3717905,1.3065544,1.7665794,0.72879416,0.46554974,0.017249875,0.45664883,0.33219633,0.045462437,2.3004203,0.78356373,4.2116694,0.29663885,1.850074,0.8323649,0.53278875,2.0187938,2.2196407,0.07490666,0.35552418,0.086169355,0.93942165,1.0797312,0.36506373,0.5026173,0.27905515,0.9119373,0.7758245,0.4228363,2.0054412,0.048049122,0.3520664,0.75050986,0.38423422,0.25399682,0.7090938,1.0342376,0.15019028,0.09920096,1.1003262,0.73989743,3.567605,1.397455,0.98286164,0.27680168,0.5561406,2.6607466,0.05551375,0.7948915,0.32355642,0.5369299,2.1399343,0.5099342,0.76633173,1.2940917,0.36032984,1.5860001,0.5691594,0.15244435,1.7131358,1.4270434,0.3123111,0.7523298,0.4968661,0.99044627,0.12663908,0.006749154,0.05621958,0.21308061,0.05854991,0.14568631,0.013894933,0.026999453,0.17699063,0.8876821,0.13122736,0.4102418,0.79523313,0.759095,0.48495373,1.0716583,3.4411542,0.13367914,0.0773145,2.1543124,0.3713225,1.1524938,1.7033681,0.029670624,0.36164334,0.9748379,0.43358922,0.9216817,1.0666981,0.88261336,1.0093216,0.46037257,0.17743848,0.79301965,0.8384061,0.1906709,0.44196656,1.3050147,2.0155983,1.4348227,0.0,0.19778648,0.3412544,0.08118135,0.10516079,0.7392362,0.3956533,0.98341227,0.93617976,1.5947393,0.8993313,0.24486968,0.78185177,0.5296735,1.5048401,0.23199312,0.20767498,0.573861,0.39017138,0.72301733,0.29048407,0.7933661,1.2748194,0.26225725,1.0205877,0.5287929,1.1142594,2.6564384,0.6083378,0.0832491,1.2522902,1.006842,0.8776047,1.0971301,0.7086452,3.9841142,1.4395014,0.16164343,1.9305853,0.706384,3.3857882,0.45716465,0.25305486,1.4774767,0.9773031,0.4239459,0.44959733,0.6985629,1.6266574,1.3889009,0.25706315,1.2209525,0.4372011,1.3676505,0.7435639,0.3007401,0.25081316,0.23419355,1.537764,1.7338396,0.5600662,0.5138804,0.046240028,1.8644936,0.22814411,2.562396,0.0141395405,1.5379689,0.7008469,0.8549258,0.03292583,0.2156998,0.80049646,0.18100722,0.97497153,1.0217355,0.9008601,0.40917158,2.6055858,0.24114572,0.753109,2.2286766,1.2971984,0.40589046,0.2319815,1.5767492,1.0022213,0.14941084,1.3400651,0.45069146,0.025398532,0.059140626,2.0978801,0.80318034,0.53216195,1.7722929,0.22945054,1.4552076,0.23132028,0.9472537,0.6167607,1.4978324,1.1726904,0.1648605,0.10589758,1.8391179,0.95007247,2.6882899,0.8776706,0.9069572,0.14055562,1.5901146,2.6425145,1.58178,1.9527142,0.4549801,0.22735226,0.09917456,0.3465509,1.4383272,0.74911183,0.035882574,0.46999857,1.965672,1.4806963,1.0795344,0.26362756,0.2690303,0.25002256,1.199346,0.7188681,0.9153327,0.23968005,2.7249563,0.4166498,0.58682984,1.8447858,0.46721414,0.62741446,0.83635736,0.66917807,0.76217276,1.3182255,2.7963247,1.3615394,1.6493891,0.4423169,1.9266222,0.046571597,1.1243606,0.5200648,0.33361804,0.90068585,0.4450549,0.07814652,1.4424087,0.3457272,1.4134746,5.186519,1.814509,0.21543868,0.10828082,0.84183735,0.9448652,0.615411,0.09288678,1.9239427,0.43883196,0.23699465,3.3015547,1.2712156,1.0820085,1.6467565,1.898439,0.86833125,2.8990097,1.371133,0.7171266,1.5198257,0.9479909,1.8601781,0.0,0.99469054,0.7075283,1.0884532,2.907778,1.1474276,0.47342765,0.9132702,0.82679695,0.020756565,1.3467724,0.62896955,1.8693885,0.28456628,0.257508,0.7873367,1.6632406,0.55657065,0.0,0.5774215,1.478475,0.797922,1.6221229,3.1602206,0.87296605,0.19956884,0.04986287,0.54951334,0.8895247,1.4395761,0.8948987,0.19805695,1.1243781,1.661267,0.24574466,0.1620482,0.3559227,0.103158034,1.1651943,0.5131462,0.1945942,0.00896213,0.28989658,5.5255837,0.799911,0.5563597,2.589969,1.2006854,0.08779017,1.7317368,0.17171022,1.198556,0.5090671,0.8468517,all_pothole_images\pothole_images_image_52.jpg
0.93719137,0.9415906,0.20311375,0.75147015,0.87536097,0.64916456,1.8713751,0.17292425,0.26212278,2.8538806,0.34731066,0.023899604,0.5887311,3.0945597,0.35844156,0.093631744,0.00931562,0.24068724,1.1860913,0.7829857,0.4507763,5.4712954,2.6591654,2.498836,0.32231992,0.31992245,0.59201574,3.0859,0.8089374,0.4589858,1.3230191,0.22659437,0.69516003,0.21264097,0.55152905,0.6184835,0.29602405,1.2874041,0.012861526,0.16623822,0.01389545,0.09406899,0.22490096,0.7931972,0.6011803,0.84849584,0.25075573,0.25326133,0.3556403,1.6408551,1.7770909,0.99695027,1.1999625,1.0263287,0.20099844,1.3388964,1.0006067,0.19204152,0.73071706,0.76840615,0.721699,2.4013257,1.6155894,0.17641065,1.4758933,0.694719,0.7163675,0.05827871,0.12919082,0.37484553,0.67828697,0.37041947,0.4080148,0.17625433,1.0921905,1.8005978,0.4466693,0.609847,0.48996204,0.0,0.91824853,0.6050928,0.2483735,1.813086,1.0634227,0.58867866,0.43871006,0.33482105,2.0499442,0.1272514,0.29917452,0.76578814,0.45938587,0.72688127,0.34367892,0.2809151,1.198072,1.2471985,0.7403324,0.91229516,0.27275914,3.3299184,0.31928968,0.35345057,0.57962424,1.0830643,0.11388553,0.48290157,0.019485349,0.37267816,1.4291259,0.99355495,2.3127346,0.6934081,1.4127473,0.16988248,2.2449136,0.072661385,1.6322283,1.1148413,1.8987688,2.254292,1.0532935,1.3916162,0.18173878,0.6162069,0.68971443,1.2562932,0.72652,0.8570715,1.326505,0.0144099975,0.35717106,1.1979281,0.21005717,0.5166125,0.08926983,1.0520664,0.81048644,2.0572908,0.47205916,0.32615274,0.3018826,1.6333699,0.6241756,1.4195986,1.710399,0.2962064,0.37511992,0.25935888,0.29838884,1.4955254,0.24046698,0.22132683,2.4353223,0.3470983,2.642027,0.763239,1.095839,0.9698322,4.5448885,1.0084745,0.101710275,1.8338737,0.5016506,0.45422643,2.8571863,0.84298205,2.710541,0.11751979,0.68791664,0.043727797,0.25947008,0.7946209,1.5724325,1.2097188,0.8408413,0.3299908,1.1745371,0.13974635,0.97172755,0.6717695,0.5847813,0.7588077,1.2520534,0.6944359,0.11865142,0.17226613,0.17629142,0.2667406,1.0041142,0.54356086,0.41433337,3.4778616,0.06233758,0.54349476,0.21140379,0.6437346,0.16204382,2.6487482,0.2860745,2.1168857,3.306284,0.37499318,0.5129984,0.0010294537,0.2006904,0.26319483,0.27849388,0.47896516,0.24853504,0.63220924,1.4678665,1.5800594,1.1475042,0.37415633,1.6528605,0.056702517,2.0032291,0.8912512,0.49026585,0.01145893,1.282797,0.47453502,0.104146235,1.1239585,1.3574287,0.24582554,0.23955362,0.070452094,1.1633565,0.40266863,1.082694,0.20832571,0.8869409,0.011481988,0.72280794,0.3167381,0.06286254,0.14230897,0.29127902,0.023106063,0.32226557,0.5648501,0.3400051,0.13842091,0.4921101,0.17929928,1.0564997,2.327442,4.3231816,0.029034037,1.0450715,0.34409207,1.0267788,1.5358744,0.802124,0.11193486,0.46766436,0.8340776,0.79755783,1.4185879,2.1475973,0.5616809,0.031649016,0.6592832,0.5339175,0.6884612,0.12584458,0.018135132,0.21166389,0.41784084,0.7600209,0.33848798,0.38830927,0.043156303,1.3663753,1.10511,1.4412714,0.6977489,0.7839437,1.3254184,0.58403707,3.68579,2.3751967,0.67533094,0.53800505,1.7549454,2.174158,0.42304713,0.63621783,0.76895124,0.2815149,0.51031506,0.014029382,0.25996366,1.3730484,0.54161185,0.48337683,1.416066,0.0014335519,1.0906984,0.5648163,0.70507616,2.148488,1.4559398,0.00994118,1.4064881,0.17196919,0.51841134,1.8090068,2.5673149,1.8209447,1.9386872,0.5139175,0.31122786,0.26337412,1.1000434,0.09865907,0.1464544,1.0482937,0.6207954,0.22956991,1.6834642,0.83273405,1.1481802,1.5220828,0.54882675,1.056415,0.98879766,0.78775764,0.79863906,0.1470096,0.97276646,0.62808895,0.76270294,0.37818277,1.3414253,1.4764887,0.5407347,0.8240325,1.2969519,0.33228326,0.15717144,2.3401792,1.0382438,0.5696737,0.027185174,0.90499073,1.3212948,0.596312,0.5570172,0.823214,1.2641655,0.8219232,0.4042547,0.40854803,1.0430653,2.349709,0.16490023,1.1031685,0.18489711,0.6367672,0.35849127,0.11333,0.054078255,1.8072808,1.3075241,0.44974658,0.31378376,0.22591229,0.50305974,1.1344831,0.27363667,0.3117829,0.5099314,0.18981044,0.035890657,0.6515836,2.195043,0.09100005,0.6286767,1.9172243,0.5613807,3.6273594,1.8918772,1.9997836,0.019102938,2.006887,5.09004,1.1167451,1.0425732,0.065383285,0.94778425,0.30896676,0.23643036,1.3248277,0.40594178,0.6674412,0.7717884,1.7504158,0.8389861,0.48436192,1.0845387,0.079641946,0.5380374,1.5238296,0.46946058,0.07956805,0.3062785,1.8177798,0.95353824,0.24888389,0.2524529,1.1163952,0.1801909,1.1530281,2.0622075,0.09955179,0.57226545,1.667098,1.0606877,1.8971335,2.4644642,2.698574,0.26921245,2.9284558,2.5617871,1.2286307,1.1642265,0.11456557,1.3633659,0.17673679,1.4842442,1.1923432,2.518025,0.4316193,1.0575253,0.100720085,0.24126303,1.9654984,0.24727403,0.18244794,1.1775784,0.8258749,0.26019412,3.8198416,0.7320973,2.07789,2.7139273,0.051276438,0.47697744,0.49391493,0.585823,0.51524436,0.26252225,1.8300669,0.58246964,0.20644507,0.7960426,0.7958059,0.84566224,1.5877477,0.5633484,0.4698045,1.1728424,1.2373384,0.09402522,1.5298332,2.0139303,0.5220053,0.08107383,0.2825717,0.9532243,0.78669256,0.189291,0.16827583,0.3815777,0.022390114,1.2004085,1.7197607,2.4009852,0.7806049,0.69242144,0.052846313,0.0,1.0455029,0.24102823,0.9553755,0.0058771116,0.21122126,1.094436,0.777492,0.19385652,0.36497357,0.04934139,0.20454772,0.86460906,0.61687547,0.27963376,0.7716846,1.574694,0.42963448,0.6077168,0.9482796,0.096874855,0.13976845,0.92071927,0.0,1.3222284,0.9883681,0.4072856,all_pothole_images\pothole_images_image_53.jpg
0.19178978,2.2437718,0.59835565,2.9497797,1.7580615,0.65674645,1.4937485,0.0040110415,0.67766124,1.1895396,0.5090512,0.1706767,0.30421308,6.476748,0.3653042,2.521396,0.6898392,0.7595579,1.7707665,1.0969927,2.3437428,2.0065596,1.3414141,0.32877335,1.5516846,1.7324744,1.6935023,2.8101494,0.5405379,0.5677607,0.61727625,1.4069501,0.48085275,0.893047,0.3286921,0.8682982,0.07691239,0.99196994,0.19266662,0.22513895,0.6627303,0.72729445,1.4121907,3.520688,0.4763558,0.31381765,0.0,0.11061187,0.54403776,0.7350319,0.7340111,0.6672648,0.21169199,0.89480704,0.5669115,1.081666,1.6318723,0.027791364,1.7173599,0.41293228,1.1191305,1.2471241,0.7992209,0.3332291,0.9130272,1.049483,0.8419335,0.10108707,0.2588074,0.057730928,0.9690122,0.7108841,0.29937133,0.3972288,0.5218795,0.47114375,0.8580834,1.8445022,0.6202281,0.5730784,0.2597644,0.055281498,1.017005,0.59186524,0.23734516,1.6371176,0.9480286,0.03504641,3.5987585,0.8059106,0.3383645,0.41561863,0.64039344,0.6929399,1.4485804,0.014238612,0.88499415,1.0301301,0.86359894,2.2853994,0.027636468,2.4960678,0.4746387,0.14737235,0.91831875,0.6018445,0.36713564,0.124235,0.12025229,0.55931085,0.35056868,2.1836734,0.41359818,0.055857424,0.41047096,0.70450443,0.7600065,0.06817931,3.1161342,0.25335884,0.097996935,0.41047886,0.58953744,1.2369493,1.8759923,0.6301656,1.1235627,0.3142838,0.26606953,0.70350426,0.74324846,0.047847427,1.1585109,1.1481644,0.33906546,0.452573,1.001788,0.4499377,2.2007847,0.4255844,0.48085722,0.113120474,0.4715956,0.92707837,0.10366993,0.5779243,0.19982375,0.08522956,0.25753027,1.7737153,1.1250777,0.8231702,0.118997514,0.8836836,1.2524303,0.79552543,0.61300516,0.24309604,1.2161293,0.58111125,0.6211828,4.220456,1.0062332,1.9784803,0.88214374,1.8020338,2.5057392,0.64953256,3.38588,1.5028242,1.1809131,0.39804828,0.48745614,1.4457954,0.9679945,0.066778146,0.98235834,0.51199424,0.47776675,0.44268155,0.15856367,2.4198086,1.9927586,0.4100476,0.9413776,0.33257097,1.5902151,2.582368,0.184383,1.9405146,0.9893902,0.82370603,0.0703103,0.39702573,1.042959,0.5361084,2.877792,0.93399686,0.6031953,0.30173084,0.36989734,0.8919321,1.6559647,0.22615795,0.5559856,1.0939695,0.25217667,0.45541373,0.12608843,0.6230043,0.028448176,0.10909219,2.1247675,1.3131559,1.0772399,1.1776457,0.8491129,0.00996013,1.289795,0.623171,1.5061194,0.05674084,0.30254838,1.3213295,0.5873563,0.5067803,0.869497,0.5296315,0.24308792,0.3105814,0.15728575,0.42286345,0.67925906,0.6564083,0.3060116,1.0428119,1.4429631,0.32861382,0.021267124,0.7390535,0.5060416,1.358319,1.260746,0.57103866,0.43159056,0.22969322,1.6456112,0.30121782,1.7962779,4.0698504,2.707226,1.2391119,0.2715499,0.9063882,0.8651828,1.0211209,0.36528733,2.1606183,1.7998027,2.5592785,0.26179364,1.8011898,0.3112028,0.9988979,0.14483461,0.18438224,0.69446623,1.2473866,3.0326686,0.7000987,0.5843432,0.0,1.341438,0.26038203,0.6831709,1.7458433,0.13543907,0.72406846,1.9906607,0.341993,0.48838034,0.92427367,0.027885264,1.8817269,1.4097147,0.79785824,0.69823253,1.0571202,1.3807477,0.37159023,0.049045693,1.6864281,0.44055712,0.5639645,0.68705297,0.63072765,0.9613491,0.95153457,0.9854065,1.6446029,0.7760131,1.7950107,0.20547557,0.4992292,3.807995,0.51043594,1.3947672,0.24081062,0.9128867,1.0944564,1.0460776,1.3026177,2.6814995,0.78891784,0.25178584,1.1673309,1.2545518,0.64282024,3.5509026,0.11854496,0.008295088,1.3260498,0.14793329,1.5755241,1.1955966,1.0709229,0.46065745,0.7462032,0.30546558,2.0412972,0.47275466,0.83169305,0.34284547,0.9550804,0.23174143,0.75225353,2.9647608,2.7999055,0.17881498,1.684154,1.0508195,0.84687155,1.4203929,1.6542493,1.7717792,0.1018427,0.10020144,0.36952952,0.66104186,0.47705412,1.7789576,0.51243806,1.3179637,0.7556783,1.0895543,0.15993054,0.46170712,0.5527774,0.4997061,1.8398948,0.4145451,0.12178373,1.1047843,1.9872184,0.37226042,0.2601011,1.2203108,2.1772468,0.008407446,0.8455879,1.2374544,0.4189109,0.37211588,0.27225825,0.14602318,1.175907,0.1392821,0.32196623,0.11648147,0.11489088,1.0149498,0.72333694,0.48699304,0.6439765,1.6250458,0.48367703,2.3690574,0.06519039,0.29018298,2.8145742,1.2575701,0.2953273,0.10934477,0.5316436,0.63738346,0.043955132,0.13710059,0.071676664,1.313162,0.015178016,0.92563206,0.26901934,0.05963162,1.4701207,0.6066526,0.4615851,1.4874966,0.49406153,0.27967262,0.81483537,0.18412879,0.84557885,1.1446462,1.0110465,0.1165091,0.22019987,0.6572851,1.104351,0.2529481,0.57100487,2.028701,0.37667236,0.63698554,1.8304988,1.6780885,0.10573915,0.704089,2.067783,0.546539,2.1341715,1.2534924,0.49532726,0.83248544,0.29061165,0.47540927,2.059532,0.6844036,0.560406,0.41323283,0.21275756,0.9238715,1.3174778,0.21574773,0.1426672,0.62781304,0.68229914,1.7999827,1.90898,0.38067198,0.6612269,1.8904263,0.61595255,0.5034328,0.14013934,1.5855393,0.68752176,1.7849202,0.6296557,1.2532663,0.41880152,0.6237422,0.25244197,1.2187116,0.052109852,0.44186503,1.9949346,1.2471422,0.06492249,0.78092885,0.13483216,0.6339178,1.621535,0.9153084,0.041695524,1.6115221,0.32826805,0.6222944,0.7367988,1.5814195,0.09514962,0.7290756,1.7272763,1.0458754,0.268982,0.12967092,0.5704605,1.4831431,0.6089011,0.9821995,0.20845643,0.36285475,3.2236958,0.14468643,1.3720344,0.031952355,0.18161349,0.18792166,0.50394094,0.2727659,0.32004783,1.3387766,1.131842,0.25312817,1.9759454,1.7021226,0.46388516,0.7218838,0.3043081,0.24996784,0.6702983,0.08608239,1.0700527,all_pothole_images\pothole_images_image_54.jpg
1.477153,0.08634097,0.20360339,1.3976309,0.2518671,1.1513066,1.1644176,0.0,0.1729205,0.7856914,0.0,0.06996469,0.35943633,0.036689956,0.09795403,0.90523404,0.052865967,1.3938593,0.21558386,0.21226002,0.30012453,2.1672463,0.731388,0.69983834,0.7164337,0.1669108,0.06182186,1.4678773,0.0,0.007858771,0.032617163,0.08641317,1.0762787,0.7353058,0.20060344,1.5558981,0.2678288,0.095895015,0.62003285,0.16224056,0.28284115,0.011419587,0.11052168,0.7743142,0.574963,1.1399552,0.40782726,0.01165426,1.5467303,1.649634,1.0828434,0.15190591,0.022315351,0.26621103,0.87040055,1.7397269,1.1357433,0.15976612,0.4472899,0.0091415495,0.0,0.7082588,0.52983904,0.6995089,0.37702706,1.398902,0.11783538,0.118007794,0.29325747,0.11918247,0.123966075,0.22152694,0.7158679,0.27117443,0.45150584,0.0013486232,0.028915973,1.0094042,0.6540858,0.1784887,0.029331978,0.07466713,0.9935682,0.0,1.5339309,0.07181291,0.1809109,0.06194968,1.8247138,0.1812729,0.8530035,0.16923255,0.0,0.015471512,0.2515099,0.0,0.8630919,0.34574312,0.4782302,0.69766575,0.032882236,5.1976438,0.14578357,0.0,0.87870175,0.7084573,0.2678184,0.33334368,0.30349267,1.1959714,0.0,0.8715033,0.39001775,0.7622408,0.112409785,0.5335845,1.3576152,0.8749982,5.124777,2.2874782,1.0409346,0.406351,0.1066975,1.0252888,0.10058629,1.1617696,0.25578174,2.2684104,0.2465285,0.012672426,0.3476994,0.014611199,0.023056619,0.07725536,0.011687048,0.20397481,0.2491265,1.6773074,0.06967639,0.5992075,0.517634,0.0,0.4633475,0.7671327,0.0,0.72712284,0.03721416,1.3840792,0.6710467,1.1697108,0.047859844,0.38416657,0.5521283,0.0,1.5084159,0.6754756,1.0443181,0.09710569,1.8664236,0.16100632,1.3094591,1.2365233,0.0043307766,0.17994036,0.0452962,0.7483791,0.37876767,0.037592053,1.7337453,0.62121356,0.070266195,0.11679756,0.06667293,0.29155043,1.3637321,0.15919033,0.109647304,0.0,0.09491545,0.034735285,0.208055,2.7015464,1.520548,0.4136569,1.6341127,0.116391785,0.25168833,1.2498429,0.45686227,0.99390924,0.1875462,0.56806487,0.32325387,0.53045857,0.18066412,0.22721344,1.64592,0.30600438,0.32970122,0.19503768,0.11397905,0.40489808,0.57981336,1.8090675,1.215466,0.72251564,0.46896338,0.39694142,1.9478054,0.32712454,0.0042431853,0.0,0.25077873,1.2372639,0.25534436,0.77913535,0.76874286,0.106573716,0.0041572014,0.70184296,0.37001166,0.14495437,0.6373281,0.009596268,0.0,0.528679,2.2578976,0.05044147,0.30361778,0.016522534,0.2428303,0.01624482,1.4024806,0.01140099,0.075123005,0.03427325,3.6099265,0.12709786,0.12541395,0.33649713,0.27676612,0.2586965,0.015350449,0.18421653,0.0,0.004397899,0.2702388,0.21604647,0.0027205043,3.262641,2.9574263,0.2021962,0.9440519,0.509507,0.027061721,1.4463099,0.3399233,0.2849635,1.6621274,1.0964956,0.0,0.014280369,0.29816914,2.5083184,0.008552054,0.26162338,0.5541412,0.80190045,0.58592,0.74718934,0.35131493,0.0,0.06636035,0.9897688,0.92939866,0.2783217,1.0014778,0.27332738,0.95488876,0.51666534,0.018829346,0.06960942,0.1192671,0.054375086,0.02522398,0.5319212,0.065673694,0.07101284,1.0396552,0.28969586,0.6687988,0.1546032,0.20030591,2.2286408,0.03344473,0.072305106,0.43719375,3.3759043,0.75269485,0.37362033,0.18187226,0.55093104,0.010076746,1.2361732,4.1688814,0.6242848,0.14362527,0.7541854,0.22211193,0.4510093,0.6963072,1.7070909,2.1675923,1.9269956,0.26364425,0.448781,0.0,1.0892202,4.5412674,0.20248249,1.0232892,0.06115532,0.24572614,0.14959045,0.43957967,0.27621007,0.013360157,0.16694719,0.027257783,0.33996004,1.4500759,0.0,0.13997895,0.001874531,0.011681335,0.007844867,0.78724825,0.0,0.010007329,0.98324406,0.7967601,0.026410485,3.3984303,0.021549184,0.48648086,0.01623777,0.046792906,0.0,0.48210454,0.57806885,0.38663322,1.1621827,0.41832414,0.13372576,0.1333209,0.07683724,0.18165214,1.6835958,0.72497725,0.65916926,0.19098711,0.03129906,0.21330816,0.00827166,0.7574676,0.56912345,0.9326219,0.260864,0.44487512,0.06860113,1.7380564,0.139538,0.76726073,0.0308619,0.6440297,0.06526284,0.047887538,0.31300756,0.37456018,0.36930108,0.059876606,0.016112741,0.061992813,0.620222,2.790453,0.61493915,0.6492653,0.0016343879,0.73700684,0.047886595,0.1101785,0.8461413,0.015697759,0.082677804,0.00088116375,0.029206261,0.24886885,0.06877576,0.11521613,0.3656005,1.9685783,1.6373875,1.1769115,0.00524018,0.6884333,0.017683191,0.031775903,0.7598484,0.0064762454,0.19970083,0.06323256,0.17275009,0.09233116,0.04825916,0.0,0.07648822,1.4001948,0.14739758,0.53045154,0.061134726,0.7168856,0.5311742,0.31266764,2.971573,1.5962546,0.0712726,0.21220073,1.0835493,0.12008332,2.0950947,0.27174768,0.3091175,0.5572424,0.11304351,0.5327387,2.9025626,1.670093,0.57611704,0.08394667,0.23209758,0.43137524,0.68732804,0.27320904,0.27631897,1.040308,0.13858397,0.33298633,0.061657105,0.001732629,0.33217067,0.40072435,0.51674336,0.1498803,1.221385,0.47662187,0.6651843,0.6897231,0.19178244,0.97605115,1.5103638,0.7260793,0.62744266,2.4899974,0.1382132,1.2194991,0.11394045,0.804211,0.06497585,0.3673372,0.08507307,1.473531,1.194651,0.5173307,0.21714407,1.2801294,0.15287612,0.06889051,1.8535768,0.19878381,0.09577295,0.1462666,4.4533815,1.1327745,0.046896636,0.24194005,0.04516513,1.8421559,0.13788818,0.32629165,0.08554382,0.5939382,1.2444534,0.1049018,0.2937069,0.45014006,0.19912182,0.014655857,0.00930468,0.051116742,0.32931763,0.5567136,4.297244,0.38373387,0.02010366,0.88589567,1.1929404,0.025661616,0.06658041,1.5009507,0.47602835,0.19001928,0.81459326,all_pothole_images\pothole_images_image_55.jpg
2.1848927,0.56771314,0.085250765,2.0627089,0.2858948,0.26948598,1.4822358,0.22099502,0.11905162,1.3543869,0.62751716,0.98415077,1.2543349,0.8520956,0.35409138,0.008298096,0.31127495,1.2250592,0.09899479,0.14806189,2.5013292,0.24098882,0.7598873,1.3455391,1.7674342,1.2766073,1.1790898,2.138073,0.17029917,0.07369919,0.37982222,0.099951565,0.10552169,2.6317284,0.1891317,1.9440964,0.18542844,1.4565283,0.7406465,0.0013260106,0.04124804,0.6709318,0.90217054,1.6922688,0.3670844,0.1973277,1.6100348,0.6322237,0.6719265,1.3590164,0.22160463,0.60509664,0.6929614,0.30188006,0.7794233,1.0036255,0.6819095,0.25108248,0.56088066,0.3794094,1.326482,0.30148906,0.923534,1.2971199,1.042263,2.522549,1.2121528,0.26050067,0.37488455,0.040034994,2.056143,0.008427792,0.6902005,0.009380718,0.4782173,0.06891018,0.41491652,1.5233291,0.0,0.034301106,0.8714127,0.25533637,0.96015227,0.053565565,1.014951,0.116874106,0.0761724,0.17927335,1.8630368,0.6502107,0.7666836,0.0864609,0.4568205,0.4267272,0.49721324,0.600804,0.35798836,1.0963277,0.118345484,0.43536025,0.06045979,1.7802256,0.42355993,1.5550985,0.95107424,0.50779545,0.13893026,0.48315638,0.28637952,0.53792566,0.32355472,0.20115918,1.8524379,1.4030703,1.8661878,0.1131124,0.0053647687,0.23682655,1.5212265,2.297828,1.6991997,0.63236225,0.48004624,0.9260283,0.09605959,0.5060097,0.62941897,1.1894162,0.32037455,1.0983863,0.5286973,0.1425296,0.1880335,0.030126758,0.77201825,0.54498416,1.9414663,0.5599961,0.63372636,0.46315414,0.9759278,0.701485,1.2366986,0.73555285,0.53831565,2.6696746,0.2263597,0.900662,0.0,0.860428,1.2234197,3.5801086,0.016508088,0.26030526,1.2276826,1.8054302,0.56922406,0.84265953,2.3753595,0.5398643,1.9460177,0.79482675,0.69793713,0.24717128,0.20062193,1.0289376,0.54034585,0.325683,0.51704407,1.794975,0.7522993,0.61370856,0.39563635,1.7274898,0.05060513,3.447507,0.1201549,0.015041384,0.36461428,0.3518621,0.599037,1.441455,0.06565573,1.3079065,1.3234438,0.43987218,0.0,0.6862055,0.4733923,0.8133738,0.11727064,0.9378673,0.8462403,1.673499,0.3244503,1.6520388,2.084593,0.67664444,0.5998351,1.0919207,0.85743994,1.2922281,0.1323501,0.10990942,0.0149381915,0.5223597,1.1300846,0.0,0.85548705,2.0719755,0.038483452,0.13903587,0.17241178,0.52722865,1.7363119,1.194178,1.3548117,0.50736094,1.6602241,0.030359024,2.3573163,0.09284179,0.54508156,0.31053555,0.05321646,0.1556435,0.8968153,1.6700335,1.4010626,0.9099842,0.10906627,0.037087552,1.5122055,0.65004456,0.15518597,0.04204518,1.9906064,1.2064768,0.05491015,0.0041605667,0.050283637,0.07294511,0.8106406,1.5081173,0.040497128,0.024489537,0.9451252,0.7755295,2.1348708,5.343024,0.25876456,1.3703218,0.06460573,0.0343397,0.3344202,0.53951615,0.36233005,0.9322886,0.046524905,4.846892,1.190969,1.6913807,0.71756196,0.23182973,0.39274156,0.39797756,1.4240352,0.9408102,4.245141,0.32483435,0.8315527,0.24272858,1.4280701,0.50116175,0.092945285,0.8138834,0.37594062,0.23570482,0.27970305,0.7349574,0.08945808,0.19837157,0.5151774,1.2060183,1.202829,0.7073269,1.4017375,0.057744775,2.5968626,0.015249562,0.063471004,0.5394002,0.16689876,0.36936906,0.60260564,0.13745703,1.274408,0.09480605,0.83412576,4.4766097,0.8611679,0.50906384,0.013590503,0.0,4.1571655,0.1638225,0.11529053,0.06404737,0.27481413,0.11635866,1.1502063,2.0296938,1.1575652,0.9225192,1.4498347,1.0717977,0.5232808,1.2800232,2.5401053,0.41740486,0.6611865,0.0,0.95686585,0.8816316,0.08087881,0.536444,0.51865894,0.12892805,1.2815468,0.09724519,0.83432996,0.6096114,0.0,0.16748428,0.0,0.10808544,2.5625796,0.8063068,1.1910987,0.898283,0.538389,0.4207881,2.1868,1.7250259,1.3252214,0.7161046,0.36322078,1.1153722,0.29292262,0.013186659,1.1888143,1.141369,0.101932876,0.12499707,0.52941036,0.6774201,0.09292219,1.7356797,0.9960157,0.32064596,0.79520565,0.950008,1.0030344,0.86238706,0.0,0.09889791,0.29941177,0.050069228,1.0541415,0.6240872,0.5177976,0.97256917,1.4626117,0.052726477,0.4151694,0.63779974,0.30848294,0.053405635,0.59282357,0.72089386,1.3526517,0.13853766,0.22921012,0.1786438,2.1944966,1.7653351,1.6512853,0.7105945,0.011897738,0.61956346,0.45921153,1.5219458,0.04064649,0.4999333,0.06535994,0.47738662,0.51261455,0.54798067,0.7867142,0.64247596,0.01029289,2.2311864,0.0697571,0.016143028,0.48235008,0.55271184,1.5636033,0.21322429,0.6640038,0.42674536,1.4186906,0.22180007,0.05039934,0.92372596,0.3137646,0.5374746,0.29044417,1.0400867,0.7852506,0.21647815,1.6469963,1.9118048,0.15096594,2.7158685,1.6865723,0.123688936,1.6890849,1.9818915,0.29838875,1.2593676,0.0,0.27469087,0.73034954,0.63346434,1.5809631,0.3732587,0.023454892,1.539987,0.041531198,0.45354766,1.1237997,1.2412171,0.004357731,0.19599567,0.82427776,0.062361646,0.2794764,0.9584614,1.69379,1.9180064,2.2772849,0.76312333,1.4052752,0.27226952,0.8191419,0.07169449,0.7619878,0.081407614,0.04668675,0.7694165,5.2026663,0.53168565,1.5156591,0.83935827,0.21569625,1.0935003,0.027031235,0.0,1.4167231,0.3975563,0.30889323,0.17041849,0.0038167736,0.046336174,0.52770054,0.07692318,1.3490049,1.0193219,0.4464821,0.2566374,0.37051398,0.9455828,0.2962827,0.9132027,0.6115929,0.071907215,0.19086935,0.1906413,1.1805558,0.0,0.3299233,0.89990646,0.06449289,1.1012622,0.15920112,0.6223365,0.10342033,0.55266875,1.2129908,0.54728556,1.8855876,1.7000959,0.07456405,1.2493798,1.2087495,2.288805,1.5535144,0.55713964,0.12091975,0.9902072,0.036907136,0.21760763,all_pothole_images\pothole_images_image_56.jpg
0.05626874,0.14005779,0.22715576,1.4563309,0.7211933,0.0,1.5728325,0.19705985,0.6720277,3.1221144,0.5859839,0.49129683,1.3769361,1.403911,0.1314474,0.290232,0.85519797,2.265199,1.9378939,0.3085239,0.12388532,0.87267333,0.22042657,0.49738497,0.622847,2.4942758,0.77468276,0.763694,1.5587229,0.39502224,0.6958633,2.0894885,1.5658505,0.08480171,0.5413809,2.0567071,1.187611,0.18786515,0.13821793,0.23967947,0.46462217,0.5830505,0.14753197,1.3712152,0.15738311,0.7082466,0.5595223,0.4482883,0.2474511,0.9373628,2.6163342,0.74686694,0.51745284,0.9043719,0.94997126,1.6333064,1.6708244,1.4537107,0.8659636,0.54042816,1.1070418,1.5106919,0.40387756,0.21557383,1.543721,0.8351684,0.42613092,0.42004916,0.17853892,0.4696234,0.262084,0.31020665,0.083130136,0.042921484,0.27413142,0.49375576,0.39971393,0.4577687,0.7600514,0.6052707,0.40144533,0.13252135,0.045030773,1.9253626,0.6488834,0.34977978,0.21865901,0.058180474,1.6502748,0.055002864,0.8382801,0.21625139,0.09658583,0.14793798,0.39451224,0.48686382,0.6573581,1.7788459,0.87766993,0.4690654,1.6869671,4.2399454,0.20090239,0.39324975,1.3975933,1.0011019,0.39724573,0.119458646,0.54566276,0.14490828,0.51061475,0.67955667,0.4746748,1.0151767,1.325796,0.32427067,0.7390397,0.6385883,4.134754,0.87330174,1.442517,0.42434442,0.3815612,1.4728594,0.22116874,0.4584835,1.8089343,2.170475,0.47326127,0.06753061,0.5088158,1.0161979,0.5878301,0.2378691,0.24606745,0.59423244,0.6205613,0.3194551,0.05720913,0.48582038,0.26628652,0.53956664,1.0614184,1.6271787,0.5311014,0.1507884,0.29231408,1.480636,1.63057,0.4408327,1.6022656,1.2726833,0.25554362,0.92379797,1.3020818,0.17928754,1.6547068,0.8739012,0.995621,0.3409381,2.0528338,2.2569652,0.0,1.6325767,0.16351783,0.22052549,0.8641167,0.2513816,0.45992446,1.8961682,0.83474106,1.2197311,0.2530572,0.3940235,0.5519868,0.076856464,0.29310673,0.121518746,0.20190011,0.11953515,0.6484368,1.7586219,1.4346855,0.4266219,0.19458272,0.63533866,0.028867438,0.6369113,0.28899404,1.4913925,0.4069533,0.016034253,1.4591693,0.6614657,0.06817827,1.100702,0.42712924,0.3149859,0.33301485,0.6599992,0.5560531,0.106831044,0.3011608,0.26028126,0.7106166,0.3942274,0.12395926,1.6671313,0.95734465,2.237513,0.012583263,0.86763686,2.8787367,1.8061968,0.8124668,0.4971828,2.049465,1.5537239,0.7325636,1.1420486,2.279292,0.38717866,1.2033533,0.39536044,0.6675119,0.047012083,1.0122662,0.12659045,0.54412574,0.2574963,0.4234032,0.37706476,2.0432503,0.2749811,0.039850075,0.11671639,0.2953357,0.3240596,0.004890385,0.14155594,1.047457,0.28104156,0.18952926,0.652292,0.12089497,0.024963431,0.1169524,0.2594841,1.9963558,4.680692,6.496872,2.2212646,0.13836704,1.6562542,0.519116,2.2154891,0.93436015,0.52900946,1.0833762,1.2809383,1.3406527,0.36987546,0.73320377,1.4268783,0.0833307,0.9694875,0.45678243,0.41016427,2.2278874,0.1895504,1.3670576,1.0100962,0.08079475,0.46172315,1.2150156,0.028093435,0.16797581,0.57985085,1.4725211,1.1298258,3.0394678,0.04064989,0.53278005,0.44842085,0.038634337,0.8223081,0.6890012,1.0519214,1.4920187,1.0043827,0.3609594,1.0512382,0.05986131,0.22678266,0.7405363,1.4892304,0.6213703,0.72722733,0.107676856,2.4917898,0.541248,1.6011324,1.3078629,0.21988878,0.74691075,0.2678621,0.07583081,0.032912824,0.10331654,1.1704361,2.7711306,0.74422103,0.94311106,0.94672173,1.3075885,1.7646455,0.10389506,0.5306793,5.257611,0.45465824,0.59713316,0.13904974,0.33508122,0.34665093,0.8226775,0.46231428,0.73734814,0.04986418,1.1155757,0.2862157,0.30917445,0.013417416,0.3495424,1.6577775,1.0338322,0.0064173313,1.7660055,0.5197292,0.10448535,0.42796722,0.17980404,0.36445186,0.9766188,1.7348583,0.89194363,0.34652314,0.00025483046,0.7449247,0.9805658,1.6014192,1.667687,0.2745804,1.1525996,0.27972874,0.200828,0.75414205,0.4730989,0.3527311,0.07321299,0.056463107,0.26711583,0.7428221,0.43762046,0.3851043,0.029915087,0.027710551,1.395281,0.3340153,1.0729698,0.44568902,1.0838572,1.1988257,1.278196,0.63208795,0.96497357,0.8462204,0.085426405,0.3781437,0.03352137,0.14935108,0.25465828,0.045577366,0.37115973,1.4994162,0.39900073,0.19917871,1.7033265,0.09061069,0.9954164,1.8017635,0.027413227,0.068450846,0.47613308,1.322109,0.0051629227,0.17595814,0.9025069,0.44267178,1.4750465,0.0,0.29892796,1.8984898,0.2659257,0.49728903,1.0189297,0.22027537,0.20622425,1.5059006,0.19796214,1.0777556,0.47735608,0.16168746,0.56720805,1.8533677,0.32376072,0.5058585,1.1952189,0.3243346,0.60278046,0.31334847,1.7500018,1.047141,0.09689836,2.1509697,2.4362512,0.15825531,1.2197572,1.1396714,0.10757596,0.6734229,0.8435937,1.2504716,0.2490442,0.93584675,0.5590581,1.5598503,1.7782564,2.8681512,0.14172459,0.0,1.1752357,0.15614429,0.41164133,0.015057553,0.28721914,0.039504364,1.4814038,0.5696389,0.0024507649,1.3307271,2.4647033,1.0567664,0.16361524,0.25608927,0.34156805,0.9699894,0.021025492,0.04043733,0.25506693,0.45763692,1.221819,0.25890693,1.7547517,0.0024652441,0.56949383,0.07066327,0.48345223,0.38215452,0.9895326,1.2121896,1.3385452,2.259825,0.3735831,0.02229923,0.0109406635,0.4221141,0.47773036,1.6247396,1.5049242,0.22816315,2.2636619,0.4564366,0.6635356,3.0136163,0.019487841,0.28047994,0.37224966,0.0354034,1.733165,0.45517075,0.06942814,1.5690141,0.7205705,1.5768386,0.64356714,1.4579325,0.21255672,0.40804955,0.5262504,0.0,1.0415126,2.2673788,0.5437777,0.13143954,0.20799719,0.627634,0.56518525,1.6649592,0.31095833,1.1803703,0.2877578,0.42750072,all_pothole_images\pothole_images_image_57.jpg
0.12273911,0.6512529,0.031842668,2.694783,1.8533338,0.076359525,0.5978968,0.12311581,0.06892168,1.4803971,0.6539325,0.6931341,0.036081966,2.3027842,0.06658676,0.22321676,1.0067563,0.3925792,0.8541669,0.029500915,1.4331797,0.37383294,0.016925048,0.99469334,2.472347,0.49475232,1.2264304,3.3999116,0.57530373,0.017194763,0.26850647,0.060372464,1.0406117,0.5487668,0.26393402,1.7095444,0.780573,2.017532,0.93249744,0.4766095,0.0828296,0.46770558,0.48381314,0.599236,1.4617541,0.45801547,0.18648016,0.059046958,1.6193005,1.5526277,0.6958439,0.01383815,0.39376667,0.34792927,0.020953236,1.8256079,2.3091447,0.25702313,0.026389854,0.9385691,0.89789283,0.10484611,0.3905054,0.19380304,1.6937765,1.482925,1.0507019,0.05826748,0.19366916,0.86158496,0.31836298,0.2713062,0.43239835,0.050745632,1.161935,0.10525785,0.021078233,1.6049166,0.0586379,0.32241666,0.0,0.22224878,0.12728024,2.3755126,0.91332614,0.06823331,0.10723731,0.13221036,1.952528,0.05666285,0.3969771,1.5701029,0.017279927,0.24051622,0.16604258,0.0005745555,0.8867214,0.6629494,0.41655174,0.87742573,0.41452914,3.4325724,0.46127617,0.26489404,0.34331807,0.00061919226,1.8363563,0.32744262,0.08267025,0.292503,0.2876808,0.6327953,0.43499985,0.61916417,1.2284372,0.28219852,1.0335811,0.16742517,2.6027973,1.7736651,2.6601527,0.68427515,0.25185356,1.358585,1.8330576,1.3810753,0.9007851,0.28143173,1.6848732,0.43222722,0.41105404,0.012688673,0.059785105,0.39713013,0.3266753,0.84696704,0.42734495,0.22273053,0.060405146,0.0006451998,0.68611425,0.9817386,0.20916386,0.19104774,0.42690215,0.99488515,0.093776844,0.7759089,0.52432716,0.086940125,0.08339673,1.0676805,0.09964015,0.25529683,1.0772208,0.7547035,0.38959083,0.05713714,1.0731515,1.1366938,1.7053279,1.0777525,2.459673,0.691561,0.9128723,0.87536913,1.3013843,0.06724415,0.93665063,2.2784276,0.14277497,0.07656622,0.40142795,0.20151968,0.07165143,0.264044,0.6372416,0.15772687,0.085519284,0.18244587,0.21581307,1.9493843,1.1798073,0.6511636,1.7495484,0.21871747,0.5828324,1.0100753,0.28221884,0.96103215,0.009233153,0.25239307,0.34640238,1.0988821,0.31325167,0.2794437,0.3218687,0.33352247,0.66071826,0.5864619,0.6766001,0.6346502,0.43897903,0.3837295,0.35679832,0.0048397034,0.16675816,0.08308971,0.91677934,1.0805701,0.0089399535,0.003625906,2.2925465,0.11415978,2.4821062,2.6304743,1.1779231,0.09105276,0.089801244,0.8660174,0.8151993,0.48207948,1.1660825,0.29642406,0.0,0.07638747,1.0344006,1.4788435,0.4401407,1.4164296,0.12648636,0.035927426,0.8614452,0.5066009,0.35151908,0.008375529,1.856586,0.4921917,0.082050785,0.48912665,0.988599,0.010191869,0.6708329,0.29268694,0.9895493,0.0028586234,0.568811,0.2956168,0.11093955,5.9442067,0.4781936,0.6129861,0.25505203,0.024989303,0.003449575,0.4463514,0.37317353,1.1769667,0.17395814,3.1682744,1.1031104,0.48643196,0.3520739,0.1531545,0.775629,0.37841547,0.8655665,0.18785293,1.2046522,0.27788275,1.1498361,0.10833913,0.9332344,0.49971008,0.5531672,1.0357085,0.3322095,0.3173687,0.10411426,0.43740445,0.91836655,0.30297536,0.648451,0.1347232,0.9777894,0.9685103,1.0104725,0.58470213,1.8015513,0.6111908,0.17956781,0.0016254362,0.121315554,1.6768847,0.2658342,0.6979984,0.71223676,0.48014423,0.13402566,2.9336398,0.527353,0.39965096,0.20814405,0.0,4.4716473,0.7209997,0.25990626,0.22534612,0.049185567,0.7090806,0.56325066,1.5911214,1.7367738,1.8422521,0.7605515,0.5658559,0.021471335,0.9003498,2.3586748,0.24254368,0.06942699,0.08147257,0.34878355,1.7960883,2.3262513,0.7323501,0.377673,0.23523891,0.7211885,0.08366903,1.6282004,0.35097948,0.023819568,0.051858306,0.6199691,0.06980969,1.682098,1.1088787,1.321119,0.75687516,0.07893006,0.120168194,2.3251102,1.2330853,0.8211117,0.116466634,0.4057424,0.90297854,0.58750904,0.22609225,0.815876,1.2154461,0.3279526,0.24264838,0.07603991,0.08207706,0.2156024,0.8253433,2.8695621,0.40082183,0.03881799,0.046824727,1.1140779,0.35750985,0.070983164,0.1463742,1.9805132,0.991761,0.8091227,0.041749388,1.2137172,0.26956,0.29010624,1.2802371,0.12351834,0.960443,0.6639481,0.28393155,0.20653841,0.7909973,0.7354225,0.0031853109,0.68770826,0.67392075,2.1525953,0.37626973,1.264011,0.000587607,0.01865777,1.9409478,0.9166318,0.30472785,0.02779946,0.38170043,0.42513916,0.07424356,1.1993393,0.06810288,0.5781791,0.21467929,0.4944054,1.5624511,0.1831758,0.180706,0.3116819,0.44217455,0.2888174,0.18726842,0.9179589,0.074027665,0.11947845,0.043422148,0.0,0.91666275,0.01702375,0.68789476,1.3567741,0.29716533,0.69721997,0.27986547,3.4258325,0.5975941,0.3235324,1.2012898,2.5012176,0.15166159,0.648135,0.54623413,0.17066348,0.7799192,0.43183634,1.252416,1.42076,0.50668055,1.9701194,1.2582902,0.93908924,0.109720714,0.0038013195,0.40845925,1.8631096,0.46057606,0.4456372,0.2123084,0.35185158,0.17072342,1.3849663,0.1141665,0.3132239,1.266935,2.0417886,0.46060568,0.21643311,0.22663867,1.4115603,1.1100026,0.65251017,0.11139279,0.688519,0.72559124,1.9275421,0.5918909,1.0943011,0.023914665,0.50937146,0.3958359,0.5998125,0.002577872,0.6544197,0.7928384,0.087712936,0.44065922,0.3439509,0.11698071,1.5707755,0.09363191,0.5889604,0.65380704,0.8687162,0.2491965,0.17594601,1.5643079,0.99496186,0.4364431,1.0442792,0.28075305,0.7005775,0.005477289,0.14112796,0.1508884,0.5359217,2.1530962,0.20509961,0.13514017,0.10538041,0.3850226,0.5668997,0.56456196,1.414906,0.28229278,0.1951539,3.9496267,0.5453614,0.59224933,0.23289461,0.31909513,0.45760936,1.1348052,0.40423185,0.33423734,0.7203978,0.08544257,all_pothole_images\pothole_images_image_58.jpg
0.16197479,1.4955859,0.18799143,1.9701762,2.4821064,1.7166427,0.844679,0.10464481,0.14874305,1.3852757,0.17499198,0.734479,0.47052035,0.49688798,0.0016742047,0.0415415,0.5445602,0.47999498,0.81391585,0.021909898,0.17327562,3.1576571,0.581406,1.7751234,0.8575362,1.4990082,1.0257219,4.2383165,0.3406413,0.1919929,0.29569682,0.20323063,1.8373301,0.058960535,1.864508,1.5837234,0.86618507,1.6996074,0.2196869,1.4326193,0.3991048,0.11102525,0.27622455,0.69076675,0.42841503,0.06948267,0.36059475,0.1262434,1.0891166,0.48739147,0.82529616,0.10940342,0.07304059,0.4717287,0.0891002,1.4483663,1.5823227,0.41013747,0.12586015,0.21424255,0.66771114,1.3726491,1.4276372,0.035111316,0.36804587,2.6961603,1.2144223,0.22944692,0.14677826,0.40813485,0.66286427,0.120258525,0.4393168,0.8413715,0.49638295,1.5625697,0.099009335,0.6478368,0.19256042,0.6215268,0.15016957,0.3568953,0.20391938,3.0445101,1.1646619,0.6722644,1.1268048,0.024811793,4.055483,0.34176168,0.29554054,0.3443837,0.061001293,0.3380543,0.46766233,0.026804209,0.06509051,0.19586518,1.5939265,0.56799126,0.029150434,4.3146014,0.92293674,0.18967013,0.06241006,0.115185596,0.64296407,0.052754246,0.15118052,0.13400792,0.50164425,2.1710215,0.9208922,0.01839207,0.9388865,1.5841664,2.615968,0.4938665,1.7881526,1.1717808,1.2875623,0.1369957,1.0867237,0.67506766,0.32934397,2.1306455,0.20545085,2.943967,0.84641314,0.9323891,1.1407233,0.0,0.23625827,0.18097177,0.39812306,1.6191175,0.23205689,1.4321884,0.5240616,0.60631686,1.0524868,0.08569041,0.0027451692,0.2865518,0.12071245,0.79351616,0.2714796,0.21221551,0.38784924,0.6414971,1.1391217,0.6331602,0.051546216,0.05128857,0.7662918,1.0068072,1.008378,0.13571073,0.9249553,0.1976684,0.82257295,1.8369884,0.12387799,0.47893488,0.47962368,0.13670075,1.9907911,0.400245,2.4792993,0.8648116,0.23668145,0.044461828,0.04916947,2.6022632,0.88426256,0.17017603,0.48496532,0.6626903,0.35580078,0.36730286,0.31140208,1.4670992,1.479149,0.6930774,1.8941422,0.7749687,0.11536199,0.369873,0.121584006,0.7947919,0.56638354,0.9769242,0.0,0.9754852,0.09431082,0.092925034,0.7865284,0.5617837,0.64005166,1.0125321,0.32306144,0.25928918,0.33479095,1.7369492,1.2732525,0.8367153,0.08370413,0.17819439,1.0662243,0.68852544,0.57802427,0.27891606,1.7227448,1.7082094,1.5735679,0.92060834,0.3666901,0.42245865,1.562159,0.70013505,0.9949847,0.13957544,0.026450662,0.3073831,0.15410419,0.3898949,0.5309983,0.7891567,1.583877,0.033390034,0.1346788,0.47712636,1.4995341,0.3914611,1.3693033,0.12732865,2.0839102,0.021058682,0.056954827,0.100871846,0.20950362,0.0040727616,0.24772215,0.09917158,0.049138077,0.0,0.62963814,0.34224206,0.9571377,4.885018,2.0493045,0.5700503,0.38987145,1.7963054,0.052349497,0.05718197,0.85215455,0.1917876,0.42815393,3.8114443,0.22851545,1.8895992,0.42726812,0.74137837,0.007554115,0.71022403,1.7744672,0.00459137,1.3091253,0.3308005,0.6441003,0.36247727,0.080322236,0.12924668,1.1094912,0.56473935,0.3312555,0.18742454,0.7333416,0.8827482,1.4225868,0.16417585,0.107848726,1.3433102,1.4883267,1.5994095,1.8501322,0.11684397,2.240221,0.40092692,0.49994522,0.5651994,0.06065372,2.0171075,0.6524094,0.123264864,0.46219257,0.6601075,0.1293935,1.3128842,0.002779467,0.54938,0.22861552,0.8425372,3.9307194,0.69407153,0.93143314,0.2653159,1.1086124,0.7254766,1.5781423,0.3061901,4.797172,1.1804997,1.208458,0.45646527,0.021213723,1.3929439,2.6728833,0.058426924,0.18149504,0.02952285,0.042451195,0.3422651,1.2934142,2.3249028,0.8807046,0.09858321,0.82334596,0.13039927,3.1882207,0.38878584,0.008733024,0.29638374,0.0,1.562295,1.3285267,0.13701412,0.335422,0.782466,0.1870318,0.68871087,2.4501429,0.21854204,0.5278734,0.11651539,0.6126317,0.119219095,0.052279457,1.0818967,0.821124,0.8764549,0.026096996,0.91474944,0.14072455,0.012164887,0.23647991,1.9151698,1.3382406,1.558898,0.10056046,0.022348387,0.709915,0.82015026,0.058178466,0.10024862,0.5001086,1.2849166,0.24140759,0.6084021,1.9672023,0.19346869,0.52510643,0.05278457,0.9420901,0.32028326,0.013516744,0.090216964,0.3484111,0.13802321,0.3463612,0.0,2.9575655,0.32864368,4.055764,1.6344802,2.3913088,0.23629157,0.73734236,2.8690138,1.5330958,0.318546,0.06481272,0.4097925,0.090562604,0.030545147,0.97240144,0.08074756,0.5238553,0.4822656,1.5377147,0.15998381,0.21708795,0.24629067,0.7395063,0.0,0.4459791,0.18637682,0.29310456,0.00036645264,0.37758762,0.16688462,0.026529307,0.56524277,0.21939342,0.19303373,0.53126293,1.4163013,0.9559269,0.13951218,3.5333917,0.66062504,1.9435626,0.8470703,2.1948,1.9054372,0.7359263,1.6395469,0.72552824,1.7374477,0.6660001,0.06584215,0.23379968,0.14687394,0.6957063,2.4680793,0.59889364,0.78690976,1.1523753,0.17031762,0.5647296,0.06546277,0.5431872,0.28885227,0.4714688,0.11523069,2.621504,0.7153047,0.23533984,1.4889909,0.66460526,0.6546917,1.8027577,0.5842248,1.4650431,1.5868616,1.3178838,0.6053786,0.26538846,0.68159,0.966697,0.2327506,0.8422146,0.19628042,0.7631221,0.5017372,0.47545165,0.4228804,3.0294418,0.70797914,0.5645476,0.84898627,0.2101043,1.7278126,1.4026968,0.014700239,0.27798352,1.4892628,2.291036,0.027912142,0.29217657,2.6127841,0.76276654,0.30879647,0.018137982,0.015222074,1.5317932,0.021711446,0.68307245,0.03710398,0.8066706,2.2670746,0.11530846,0.0015210895,0.010860012,0.38541323,0.028402004,0.77599746,0.0238151,0.0,0.9592056,6.042935,0.35855725,0.468045,1.6158378,0.5279161,0.21701041,0.87683386,0.2539107,0.7298314,0.21453065,0.21328439,all_pothole_images\pothole_images_image_59.jpg
0.22887236,1.9838138,1.1434221,1.6729784,0.85640156,0.29946715,0.43430963,0.0180016,0.07884744,0.5601135,0.82782894,0.2717711,0.1359072,1.5431297,0.16657697,0.86975455,0.6482717,0.041937545,0.40410176,0.037608184,0.8062636,1.090409,0.30872253,1.0493329,1.0830591,0.71884465,0.7661273,1.9523854,0.5169754,0.09379523,0.40238255,0.11904746,0.07074435,0.34959283,0.30442315,0.54967237,0.24584907,1.076127,0.96780014,1.1001699,0.24037291,0.108714014,0.43933532,0.58972865,1.5869187,0.5690018,0.009346416,0.06845881,0.9890082,0.49725565,0.18214871,0.067868866,0.4574309,0.20206326,0.01873026,1.1602851,1.350906,0.27778316,0.38069066,0.118528366,0.35021552,0.24464992,0.046873655,0.10760959,0.33111858,0.609546,0.6735251,0.50132567,0.20230281,0.41788372,0.29038388,0.6492248,0.7631962,0.15362556,0.37747234,0.87430054,0.21056843,0.8119708,0.016146982,0.49358723,0.118445314,0.01044337,0.34085768,2.3945985,1.0893883,0.5512533,0.05826976,0.14202635,2.4478593,0.7837908,0.18686213,0.4742518,0.0100202,0.25712755,0.15412518,0.07171396,0.8572775,1.1550424,0.32689032,0.6858931,0.15267654,1.4726645,0.0012274103,0.6795627,0.023789007,0.1321769,0.7249257,0.18219273,0.15097545,0.38360518,0.15570033,1.3595507,0.041628633,0.8438577,0.49653286,0.29129598,0.50983304,0.064624816,1.7843055,0.72951376,0.9171084,0.6811038,0.08112304,0.73108983,0.46105412,1.8486753,0.83726734,0.19950543,0.1873265,0.42912346,0.0,0.05681869,0.27202377,0.096063875,0.17226171,0.2132681,0.37185085,0.109160215,0.32590637,0.00465528,0.28530487,0.35207665,0.04202598,0.19327728,0.15046689,0.49796072,0.023539258,0.24335143,0.2946846,0.86549383,0.517733,1.2944291,0.0054321554,0.18500827,1.1587259,0.2890268,0.31417748,0.17213118,0.7698619,0.26918682,1.3190787,1.1251192,0.7506514,0.16546449,0.4021323,0.22154638,0.6733509,0.08031118,1.123136,0.89721847,0.024812812,0.16440044,0.10056876,0.1478058,0.63691336,0.20669837,0.8867674,0.20545854,0.24459025,0.38264415,0.10737174,1.2254531,1.1953526,0.43107286,1.3933655,0.45638213,0.099345304,0.44970727,0.8271728,0.85369515,0.061949395,0.39170837,0.13143633,0.628973,0.27310655,0.01403057,0.11369651,0.93060005,0.5449268,0.6883693,0.31496802,0.7085777,0.15240017,0.5764207,1.0026714,0.23904891,0.06026946,0.06290427,0.98677075,0.22961505,0.27262974,0.36057606,1.5275524,0.6415586,0.8853238,0.80408335,0.9799408,0.040627133,0.52680755,0.4808851,0.7541644,0.017144904,0.8223102,0.64630544,0.1641695,0.12445508,0.60280377,0.31259486,0.52418244,0.97423124,0.20507526,0.38339123,0.12059194,0.3074202,0.23726575,0.44170156,0.896228,0.2108062,0.12949936,0.14250833,0.6536396,0.0607702,0.21102613,0.3931132,0.014878955,0.0003029491,0.5152959,0.07106302,0.053324733,4.5472193,0.24502723,0.10467746,0.5937013,0.14152032,0.08586885,0.02723926,1.2481409,0.5667623,1.1796188,2.0716212,0.9491318,0.21259056,0.69969255,0.3489512,0.69642,0.68962985,0.24673185,0.5497331,0.60880667,0.019908646,0.71231574,0.056667045,0.26713958,0.48520356,0.7084504,1.1450009,0.11381204,0.06655528,0.007093008,0.30569714,0.4257551,0.16474119,0.24189539,0.17965235,0.7967181,0.57741547,0.25504646,0.43218884,0.6340128,0.23142867,0.62476623,0.5978747,0.14433178,0.7836943,0.13916066,1.093637,0.8109441,0.85490465,0.66536593,1.7850589,0.046902638,0.22529033,0.034939356,0.9799259,3.8668015,0.6842585,0.024719032,0.98410267,0.26568896,0.69502383,0.13549998,0.482462,4.367886,0.50671285,0.13884185,0.69868964,0.14901675,0.8618375,1.5535481,0.38500533,0.32302263,0.06049958,0.13315304,0.37306824,1.0114686,0.98006845,0.5912895,0.606629,1.239536,0.61413574,2.4453645,0.16569386,0.061857503,0.0,0.59718496,0.10172764,2.2186959,0.4879387,0.2698321,0.22237512,0.41195175,0.025748204,1.9605658,0.50803757,0.65521455,0.558286,0.05002627,0.20181157,0.44736487,0.17601219,0.15691632,1.298716,0.22129188,0.44513226,0.30511492,0.13488632,0.7716584,0.22345804,0.61764586,0.7669103,0.028677544,0.0,0.64055234,0.29909074,0.15885834,0.5827648,0.70056087,0.6753023,0.69002503,0.018089812,1.0953337,0.4097142,0.36230433,0.3392794,0.95516205,0.5607559,0.25716487,0.32162187,0.13284956,0.49058315,0.20285678,0.35485753,1.1510923,1.0519356,2.9577107,0.42353743,0.94285923,0.077917606,0.69958025,2.585734,0.8229423,0.71382993,0.27340046,0.44458085,0.048604205,0.05441226,0.33395913,0.46421248,0.29384053,0.03187248,1.2282572,0.9814811,0.12399945,1.1102337,0.57623553,0.6273319,0.16582642,0.43594164,0.6428417,0.0,0.25344583,0.1822833,0.21048181,0.7554882,0.0,0.19306718,0.6058643,0.07263785,0.3700306,0.11561149,1.591974,0.18466996,0.17700343,0.6123763,1.081518,0.16488984,0.6095261,0.57672286,0.12073412,0.47712287,0.95342076,0.42646953,0.5508211,0.6270464,0.6557005,2.9803936,1.4495686,0.1536681,0.16337737,0.32672304,0.8813872,0.34894842,0.23285252,0.8967242,1.0116076,0.13480477,1.2285291,0.95652914,0.313006,1.4558034,1.2976478,0.5063808,1.7644731,0.2194629,1.0205954,0.820409,0.98094827,0.6478096,0.45291424,0.8806324,0.5000582,0.2857991,0.71241415,0.14680506,0.20951107,0.63589364,0.64180905,0.06406766,0.6771103,0.1989653,0.39743555,0.14575979,0.2927288,0.05671042,0.881589,0.17160882,0.36168614,0.100769274,0.7542656,0.09606053,0.8642681,1.6194415,0.9493106,0.23990567,0.36419746,0.11868313,0.60500103,0.21482539,0.06451282,0.029947206,0.7721642,2.2716897,0.011208451,0.02261958,0.0047416007,0.3442063,0.03406762,0.2835758,0.6426123,0.044375185,0.024369178,3.4078836,0.13728793,0.6549037,0.3715044,0.4710507,0.35471508,0.60033226,0.5317468,0.91664934,0.22079939,0.4119124,all_pothole_images\pothole_images_image_6.jpg
0.36745912,2.5330164,1.0983778,2.4493935,0.1377557,0.6454555,0.42797336,0.0,0.13588934,0.9061204,0.4514033,0.23795205,0.30318236,3.2896159,0.69859123,0.7857349,0.084780805,0.19995695,0.8780201,0.33733538,1.3898695,3.165574,0.8054025,0.8275902,0.7509107,1.1152235,0.47740275,3.6005628,0.57102823,0.24660772,1.2873646,0.06482353,0.183097,0.44803926,0.49339497,1.0322499,0.6191556,1.0622119,0.5046876,1.5821815,0.15395676,0.035671134,1.3596003,1.7127956,1.3890136,0.9058249,0.032719675,0.13124335,0.21114746,1.1966962,0.092927866,0.17363507,0.15053341,0.6869273,0.041993685,1.9545182,2.8185785,0.54604805,0.47745135,0.033145916,0.45513535,2.8411474,1.3746926,0.38547254,0.92560464,0.808189,1.1393527,0.84860253,1.5128083,0.4678124,0.63697666,0.027088344,0.3335848,0.15849845,1.6166811,2.1285627,0.4275634,0.35346362,0.05334789,0.0009835648,0.76791865,0.4017502,0.13776591,0.59156924,1.2134016,0.11451905,0.012177607,0.52456594,3.0456018,1.3844416,0.4374188,0.3817633,0.124910735,0.06342121,0.8549022,0.1682867,0.19044831,1.9307467,1.4007914,0.4193957,0.14062347,2.0600576,0.097463205,1.6266934,0.6430368,0.6449492,0.22344814,0.09375926,0.8258343,0.40050882,0.42939636,2.9550683,0.6438403,1.1965841,2.1692452,0.23844369,0.519598,0.01462739,3.6857102,1.1353934,2.023025,0.28503925,0.0,1.2647598,0.51251405,0.73440456,0.96955013,0.63786286,0.37719357,0.21642675,0.5296047,0.0,0.37363064,0.35002497,0.0,0.13066946,0.35565647,1.2580526,0.0011747474,0.08311377,0.78076404,1.0635335,0.20278654,0.5481293,0.060183622,1.030137,0.6873136,0.028131528,0.2525746,0.91807467,0.9878975,0.45736226,0.07834393,0.04326347,2.549798,0.2748132,0.8501375,0.38431606,0.5606226,0.7046403,2.029041,0.7844427,0.097369015,1.4679413,0.15765983,0.48118415,4.1777773,0.072945066,2.9028044,1.1902874,0.8500739,0.016937004,0.107755825,0.40267333,2.7708278,0.4841539,0.12209789,0.11825012,0.20963201,0.15687472,0.3504624,1.4076438,0.6750263,2.1116261,0.37239093,1.4809835,0.2051662,0.1886069,0.41350478,1.7025224,0.0816475,1.4551368,0.21124129,2.7290475,0.05535719,0.42861968,0.5494651,2.6925378,0.51182127,1.5255287,0.05871314,0.94042856,0.14980297,0.61176986,0.39593178,0.3647872,0.7389336,1.2251039,1.3500191,0.4366327,0.21006727,0.22123937,0.52564085,2.3541505,1.1713461,0.733695,1.2395136,0.29264003,2.0788372,0.4320095,0.014256776,0.0008051329,0.5693233,0.30257827,0.4041733,0.39982828,1.290239,0.4299677,0.8122948,1.1240261,0.9295975,0.14897256,0.1703822,0.6415741,0.39934045,0.4973769,0.9827556,0.45338774,0.07549341,0.0,0.0517988,0.035917126,0.1306317,0.29345027,0.29422414,0.007955105,0.40021062,0.2978148,0.65680695,3.480877,2.4222317,0.015344549,0.14232445,0.08383542,0.75522953,0.37214985,2.5646317,0.035449088,0.8878264,2.5292866,0.31496298,0.011979844,2.0158126,0.31546235,0.4489352,0.33072257,0.22379796,0.5157996,0.61601955,0.11011969,1.0527024,0.46432686,0.6458428,0.29280084,0.39667055,0.5829934,0.71791047,0.09243635,0.9769573,0.76202756,0.0034872752,0.06345946,0.5121442,2.9746501,1.3960251,0.5890797,0.70540845,0.252766,0.031831793,0.20978968,0.56002825,2.0516934,0.09030345,0.8897806,0.46169987,0.19417346,0.65756196,0.17399688,0.8732248,2.4215405,0.31108525,0.53258026,0.03697747,1.6190724,3.0542846,0.08701385,0.041093957,0.25809455,0.4452265,0.1468561,0.24794582,1.2936953,4.474416,0.12875868,0.23183256,1.1869065,0.52547044,1.1393101,0.37291354,0.60413635,1.1859275,0.005688864,0.1915876,0.35303497,0.39415646,1.6834184,0.09709121,0.033081263,2.2879055,0.07195509,0.56876373,0.39480215,0.007720659,0.104508765,0.23741147,0.4879762,1.0243609,0.11757241,0.7786681,0.34768552,1.2291626,1.0763239,1.9726869,0.1495763,1.5819129,0.198601,0.47483674,0.05678831,0.7394931,1.5611564,0.47954208,0.9758746,0.76897085,0.27818877,0.08247424,0.17996047,0.16282743,1.2144243,1.0735003,0.6102948,0.67146915,0.32720658,0.33851054,0.48272586,0.006320852,0.23854002,0.5816992,0.022359602,0.8954352,1.0512344,0.2931928,0.31133577,0.44014016,0.13412412,1.1330043,0.8802249,0.35577574,0.9067867,0.2520207,0.529718,0.46553493,0.21724042,2.1363792,1.7206366,2.0345771,2.3020768,1.5872734,0.30911067,1.6914496,3.6104343,1.484257,0.54450613,0.42422178,0.7079469,0.0120105315,0.5274499,1.1486466,0.82443625,0.4455691,0.9623107,0.012193247,1.0525947,0.39531186,0.7682239,0.6964234,0.62322134,0.54800653,1.1431797,0.5744821,0.07926691,2.4713697,0.56981415,0.07530738,0.28544986,0.30567837,0.2620199,0.84570825,0.27649054,0.005372531,0.6689532,1.0038587,0.111166,1.460041,2.88815,2.9765573,0.013961806,2.2869596,0.40898418,0.8523715,0.5722977,0.39883614,0.31653804,0.024492059,0.1858009,0.5886586,4.22983,1.0864621,1.0560048,1.4426165,0.22369808,0.5910133,0.48571658,0.2649765,0.33974087,0.22325383,0.16686937,2.3556173,1.4088151,2.1404607,1.6907004,1.9439689,0.46574655,1.2645787,0.27961016,1.6246905,1.0974268,3.353124,1.7337046,0.6657889,0.9999241,0.49604836,0.44160414,0.5003054,0.36058146,1.2572016,1.5500021,0.14030306,0.26025432,0.42693672,0.8106912,1.1103319,0.2515305,0.047494207,0.1118015,0.6723583,0.21913199,0.57222545,1.3225387,0.70801294,0.026746983,1.4776354,2.8840754,0.13634297,0.817731,0.14100371,0.27416998,0.38626137,0.3795074,1.3303443,0.0076118256,0.42105997,0.5783964,0.004445649,0.25831535,0.0056931973,0.054658744,0.0010982234,0.68584925,0.36610115,0.115243115,0.4264576,5.896442,0.6877248,0.75640976,0.43481195,0.6627571,0.0,0.6421535,0.23193271,1.235249,0.19352,1.252542,all_pothole_images\pothole_images_image_60.jpg
0.260543,2.4477391,2.2613513,1.9126885,1.0013031,0.8048389,0.7076638,0.6778087,0.28515768,2.5940363,0.12547305,0.20534854,0.5464075,0.7496303,2.4245405,1.2205508,1.0266738,0.17146474,1.5557823,2.110772,0.7515053,2.7265432,1.1246632,1.7314974,0.5483107,0.51125884,0.11658139,1.2601178,0.7154221,1.858001,1.074163,0.064269125,1.9583986,0.2508549,0.22070856,0.48775405,0.4540834,0.8142024,0.8292216,2.2746053,0.5793023,0.9675863,1.7445563,0.83745956,0.5577795,0.8244912,1.2359458,0.7479562,0.6212693,0.17745745,0.7054597,0.63283974,2.1896176,0.32442325,0.24199277,0.99466944,0.5956471,0.04393884,0.51501995,0.56123024,0.50345916,0.6471945,0.6610993,0.34724545,0.008066559,0.48815668,0.39849234,2.0493164,0.27938864,0.634872,0.6059052,0.3339304,1.7833828,1.1760324,1.0369442,2.1940672,0.64865106,1.0593507,0.6468248,0.27908856,0.29915404,0.74289995,0.7048333,1.3136153,0.47275376,0.061460942,0.4124935,0.36251426,4.1829,1.043003,0.003540677,0.7386958,0.13569528,0.10200366,0.43111795,0.93791324,1.205485,3.0493784,2.2678032,0.83325654,0.5706783,1.3942927,1.0192137,0.2097287,1.2595004,0.5200107,0.20237595,0.62124324,1.0574263,0.89160484,1.5470002,3.611546,1.258638,0.33724242,0.94148064,1.1333506,2.3093238,0.3218002,1.37108,1.0443834,1.4975806,1.0558493,0.7757718,3.3096364,0.17841491,0.3658951,0.81431365,0.78011274,0.45146385,1.2304885,0.5052527,0.09964969,0.40574628,0.837213,0.21721138,1.1192459,0.20461677,0.8923086,0.93633115,1.4522682,0.12808968,0.63733524,0.2197349,1.6710043,1.2561202,0.4743889,1.1137528,0.86431426,0.2817266,2.8089,1.5521227,0.15278548,0.23465152,1.4727224,1.4107523,0.28272742,0.071378544,0.4447358,0.46830833,1.2373511,0.67372745,1.1212479,0.55887324,1.2979186,0.63412684,0.12722291,1.1007221,0.041993767,0.77899766,0.02030927,0.12529299,0.07387994,1.8011879,0.7012414,2.1904085,1.0943427,2.8735864,0.3493238,1.3857445,0.1372988,2.107814,0.25988454,0.5681094,2.1480985,3.4859943,0.5004952,1.0125972,1.0317957,0.4522577,2.3041444,0.26431915,0.7794391,0.03034251,1.686012,1.8886989,0.7625135,0.4126454,1.4034313,1.4718757,2.9482555,0.7969803,2.2176468,0.475608,0.12381534,0.34340775,1.0106732,0.35991994,0.2187196,0.31206086,0.3844573,0.76427597,1.5702312,2.672035,3.348103,1.1173357,1.3441315,0.819731,0.67010015,2.2335486,0.10822875,0.19905464,0.57584995,0.08240971,1.2273037,0.08602995,0.9270678,0.6730588,0.95976055,0.42845434,0.5412421,1.4986608,0.6870908,1.6549639,0.06965645,1.3829987,0.08474901,0.40807474,0.030467553,0.7990243,0.02225473,0.7780719,0.78543293,0.44296297,0.32822162,0.43210343,0.012968338,1.1790173,0.58577454,1.3332973,1.0385123,0.64621747,0.19978835,0.76914835,1.7834067,0.29491943,0.94037753,1.3563539,0.1502294,2.4420571,1.7293255,0.0,0.9359361,1.2717328,0.3344925,0.01832555,0.87244046,0.89980316,0.37097293,0.9169051,0.96861374,0.2700703,0.6131046,0.507297,1.526961,1.1037809,1.2128501,0.7154628,0.60928476,0.3812457,1.1077024,0.2154467,0.2509374,1.533752,0.9049093,1.4145056,0.49168512,0.7832591,1.6050054,0.9946917,0.3920042,0.2160207,0.7516661,2.361852,0.28231943,0.0062355963,0.4639764,0.398739,0.55868095,0.77123517,0.4461786,0.42419994,1.8506968,0.44317424,0.9314588,1.9114566,0.98798347,0.030675875,1.3746006,3.3366606,0.29467678,0.09939313,2.504469,3.8676543,0.5360177,0.01149626,1.435311,0.29284886,0.9989607,1.1134702,0.039374027,0.7055077,0.67697793,0.08680618,1.4779267,0.45400974,0.14297871,1.0328557,0.5328258,1.4567796,0.29327887,3.9673188,0.13245264,0.034657046,1.3524646,0.33415443,0.4232595,0.98463124,2.4936762,0.9083139,0.69438577,2.001485,1.0132086,0.83824325,0.26169133,1.5583029,0.09182501,1.0796821,0.17246713,0.9565822,1.9225304,0.54278463,0.92408967,1.0354232,0.070658155,0.14236726,1.333473,0.31068927,0.19093618,0.7170804,0.16046196,0.77651924,0.014111998,1.1799276,0.75227106,0.6138001,0.2529845,0.37207416,0.48783657,0.2408361,0.32047135,0.33596846,1.0273757,0.5534646,0.4833162,1.4126798,0.82976645,0.38811734,1.7623823,1.5705383,0.4339278,0.35619372,0.9006181,2.0007691,1.4478171,4.1264534,0.10379305,0.5172808,0.44867,0.67070526,4.131183,1.5198971,1.386033,0.20078331,0.35791907,0.035442933,0.08198938,0.79807943,1.6178458,0.6185723,0.038204264,0.8018824,0.31872442,0.83596724,0.29681528,0.09442848,0.07560893,0.24842677,0.3686538,0.49168065,0.21508524,0.8607394,0.6929756,0.9024792,0.1717524,1.1836336,1.8560823,3.2181888,0.29369688,0.23862581,1.2259276,1.3314109,0.063844375,3.1154852,1.2277722,1.3841904,0.785361,1.6024948,2.1354442,1.8597754,1.4290025,0.16783746,1.2234222,2.7381852,1.5967596,0.5094566,3.269538,1.2005962,0.82464486,1.0028849,0.710452,1.3733877,0.3189031,0.16090663,0.5836276,0.23068544,0.093277946,3.580525,1.5865588,0.716197,1.3199852,1.7957263,1.2349778,1.3409065,0.9820259,0.34191608,0.7478439,1.1620375,1.2471821,0.09289045,0.8832854,1.6137383,1.3651105,1.6298292,0.34698993,2.2905598,3.224679,0.4580763,0.10441305,0.86386615,2.6173599,1.8634069,0.092079274,0.58186424,0.28867334,1.4167033,0.8744003,0.22818728,0.17425813,0.8963956,2.696278,3.3299167,2.1788251,0.39113492,1.1292009,0.0,0.14309399,2.963747,0.08050484,0.1447674,0.123141035,0.17083994,1.7724502,0.10140197,0.77195597,1.2363784,0.28391266,0.69586766,0.18333253,0.7459674,0.13511775,1.3103759,2.5131168,1.2138072,1.7016745,2.19275,0.4067922,0.22844326,0.97206765,0.88932383,2.3291461,0.13553149,0.7415602,all_pothole_images\pothole_images_image_61.jpg
0.5364004,0.68499076,0.5423111,1.0315926,0.7658148,0.51860887,0.32514215,0.51644945,1.3303066,2.627069,0.51401216,0.12301132,0.28385195,1.3522223,0.034435008,1.0976588,0.4963339,0.7415566,0.10337888,0.94030607,0.43329284,0.98847926,0.4263256,2.351022,1.376505,0.9323165,0.37803915,1.8094958,0.45779434,1.2475802,0.30752066,0.3032974,0.9189911,0.60902065,0.7387742,0.77552843,0.55171496,0.6234382,0.274703,0.04429859,0.05426712,0.5086419,0.3387107,0.09418396,1.8678218,0.58600175,0.08685634,0.15767029,3.0711029,0.0988157,1.1942178,0.29781538,2.1313362,0.20276484,0.21192099,1.2234316,1.0622212,0.09962595,0.047589332,2.8386397,0.23769464,0.5477461,2.328058,0.64811426,0.985503,0.9942089,0.4394207,0.17861038,0.12207061,0.2158632,0.4695931,0.6498613,0.0,0.327307,1.1062709,0.5636682,0.21955633,1.5971615,0.009705999,0.37250075,0.39518178,0.69884145,0.6767005,1.5884832,0.28104454,0.441591,0.29152173,0.20891516,2.3940277,0.49003282,0.3883557,1.7248538,1.0103917,0.843196,1.3243022,0.18063997,0.87037057,0.8001315,0.36841318,0.9388804,0.10371294,1.6929812,0.14888065,0.622358,1.9409317,0.12248251,0.65621567,0.8838786,0.06705813,1.0045415,1.159053,0.78388125,1.7596654,0.3837966,0.16910478,1.0896865,1.1794704,0.057624124,0.65491456,0.78023124,2.0312567,0.47914016,0.81193465,1.0971636,0.68157244,0.64901304,0.47964838,0.6654332,0.57569593,0.608566,0.6260347,0.3527283,0.4020834,1.2488494,1.1493149,0.48246658,0.24669406,1.1297709,2.896178,0.18495196,0.505527,0.1727013,0.94085544,3.4177108,0.40566984,0.12589021,0.77192765,0.0,0.2768607,0.41176248,0.22947133,0.110952005,0.61880684,0.07002692,1.3570781,0.7986623,0.33844265,0.4163943,0.090487,1.457782,1.23766,0.115050875,0.7602637,2.587941,1.1974833,0.37759545,0.4553302,2.5009954,1.4075472,1.0001075,1.4808443,0.062166046,1.0743523,0.6290952,0.7525275,0.21057823,3.4207597,0.30094916,0.14293575,0.9628204,0.8914958,2.147372,1.661532,0.73787904,2.9548812,1.2547625,2.6512232,0.5408434,0.13831307,0.89566195,0.6409534,1.823268,0.34151673,0.54796755,0.5004931,1.234821,1.5899813,1.6107228,0.9345276,0.72969675,0.2564923,1.2704871,0.50958854,0.46763283,1.1289188,1.2764003,0.3173693,0.51892036,0.7736384,0.2162069,0.21568471,0.05594189,1.3329109,1.9114406,1.4568014,0.302144,0.25696087,1.0207651,1.4776082,0.5507325,0.82313246,0.42730343,0.79201686,0.29956266,0.0,1.2955816,1.1884915,0.17369702,1.9336451,0.21602573,0.38535634,0.5912094,0.037517145,1.5965881,0.7483401,0.74867666,0.30384624,0.5556808,0.27453846,0.19072165,0.5212504,0.044337437,0.43686137,0.6194599,0.4507913,0.15737607,0.83975405,0.88315594,0.2853381,2.6326673,2.482026,0.30545825,0.06495059,0.29467785,0.6994566,0.24163908,1.3515098,0.604382,1.2998934,2.3349447,1.5911756,0.87377316,0.4903851,0.2332383,0.29625297,0.1319799,0.1161694,0.10561883,0.33253402,1.7302766,0.5308651,0.045205362,2.8021276,0.30477092,0.78812855,1.203679,0.170959,1.1097513,1.6996453,0.14405605,0.13040423,0.9844723,0.88824725,0.26546115,1.6407231,0.33671713,0.7625219,3.2987716,2.1208265,0.74326354,0.33733547,0.690037,0.18129985,1.1722393,2.0002155,2.2536187,0.77780914,0.71352917,0.5204432,1.7456948,0.35621902,0.9408306,0.037903074,0.5690198,2.990608,0.19009463,0.48493233,0.31175458,2.2977052,0.20161319,0.006181673,0.24667892,4.478144,3.2768385,0.40111417,0.38772988,0.316365,0.38928768,1.5752946,0.9950171,0.34535202,0.84837556,1.169137,0.4500236,2.473452,0.90611696,1.279445,1.1829244,0.30219617,1.2226454,2.6016107,0.58536655,0.108586386,0.3850437,1.6085708,0.0827838,0.7037511,0.60282415,1.11799,0.5289344,1.332388,1.0915602,2.2648509,0.77164567,0.6522477,0.066543244,0.34770584,1.1938553,0.9761818,0.58691543,0.16384229,0.30018684,0.09887644,0.8399476,2.1181562,0.111051194,1.4447461,0.6674146,1.4249605,0.85396457,1.604673,0.033159595,0.35317808,0.62624645,0.039396312,0.29306158,0.5379483,0.79239154,0.3573462,1.5077692,0.6415376,0.11539574,0.26086354,0.6343006,0.18818678,0.32834843,0.13324283,0.18537802,0.4903014,0.8021533,0.818746,0.21503837,0.15398407,0.39244142,3.2645767,0.97258043,2.7932327,4.379899,0.21409601,1.5349061,0.7783846,0.45532995,0.6221386,0.325083,0.76432544,1.9697965,0.16277218,1.823548,0.4570245,0.059265155,2.5370255,0.8861558,0.44539294,1.0891368,0.50287014,0.60318685,0.55085623,0.58199334,1.8950195,0.6592853,0.49972224,0.15428364,0.26890364,0.3381489,0.66312176,1.0364652,1.4918733,2.3564038,0.41152412,0.72563946,0.39867848,0.10069308,0.6026505,0.24046078,1.2529302,0.9955821,0.4038762,3.222843,2.4114354,1.088397,1.3512635,0.048960943,0.27660838,0.1876624,0.7861851,2.4740043,3.5773675,1.9274262,2.0061018,0.65266925,1.3597274,1.4937657,1.1832856,0.12548669,0.16730997,2.4174228,2.7437053,1.090718,0.27764532,0.18972419,0.5209143,0.28086168,0.8024821,1.1290929,2.1293392,0.2507319,0.9472044,0.4008189,0.1545126,1.2243685,0.99013,0.4964786,1.0645943,0.45887655,2.0047226,1.296169,0.09197,0.0122076925,0.12375139,1.1591415,0.63529867,0.25891766,0.32544008,0.9464422,0.7239629,0.40071717,2.0187187,0.31304562,1.0357819,0.38307133,0.5604934,1.74274,0.9366965,0.76072955,0.10959159,0.6554616,1.0165843,0.29401502,0.5226987,0.15533689,0.1246688,0.6110621,0.3972308,0.17078914,0.07966588,0.044693395,0.20029141,0.25290823,1.197153,0.20414981,0.9029927,2.7285678,0.38024545,1.7174876,0.9981818,0.5725484,0.008243352,0.34628913,1.6398877,0.58460426,0.4806791,0.8250259,all_pothole_images\pothole_images_image_62.jpg
1.3539126,0.9426148,0.37147012,1.4139242,1.0079322,0.12105381,0.37196553,0.0,0.4250661,0.5061214,0.19878572,0.06735598,0.8612736,1.7810147,0.047864642,0.1603658,0.08647528,0.6264005,0.4344859,0.27975067,0.16785534,1.0930995,1.171356,1.8731202,0.4453171,1.5356,1.478955,2.0066319,0.33064264,0.010501493,0.5722762,0.9367048,1.3061558,1.1238377,0.686536,0.85156226,0.52951133,1.4015373,0.04242883,0.26911193,0.29756016,1.6971879,1.0149422,1.3644266,0.3129453,1.8438054,0.11208851,0.025414335,0.68108237,1.2627662,1.2124183,0.3005707,1.1738695,1.3206666,0.056148697,0.6699301,0.3948649,0.060470175,0.85526556,0.40553665,0.16880414,0.77278185,1.5899599,0.979749,1.9419342,0.56625414,0.80410933,0.6036814,0.21702933,0.24934931,0.7992175,0.9624688,0.56728715,0.11736971,0.1354498,0.30883914,0.5912933,0.5849508,0.058259744,0.18632148,0.066016674,0.5947956,0.8624143,0.74723893,0.4508053,0.86215335,0.64382535,0.202681,1.8835721,0.001847387,0.47876272,0.39303005,0.018009566,0.34404197,0.46083212,0.07088598,1.235736,0.7377136,0.9083622,1.7776318,0.045453236,0.5271339,0.5127305,0.49795118,0.019220093,0.5807942,0.393886,2.0647259,0.2623493,0.78863996,0.44027203,1.2490458,0.8305248,0.2956265,0.6459245,0.8708598,1.4966706,0.4474443,1.4841188,1.2802765,0.88475597,0.4605942,1.5832359,0.95060074,0.18936132,0.30686712,1.4255773,1.6695573,0.0983689,1.2874625,1.1371114,0.46433172,0.80083776,0.9743291,0.0,0.7383882,0.72367513,0.4151258,1.8585833,0.94398296,1.009598,0.27327076,0.23391488,1.8434993,0.98015016,0.7816111,0.17515892,0.22965743,0.6757946,1.5303818,0.24800748,0.5538354,0.24452797,0.1441338,0.60479504,0.21097326,1.1258897,0.3580297,0.9678737,0.7100095,0.38664073,0.580387,0.026029011,0.5693677,0.6754484,0.6381778,0.5267751,0.67410386,0.69515276,1.1157416,0.5429055,0.28930235,0.18473065,0.23202619,0.6120548,0.24516779,1.3507,0.09636915,0.45725903,0.34408763,0.21910517,1.8639985,0.81289953,0.915219,0.95990807,0.37616786,0.6164526,0.7368043,0.03390407,0.88228005,1.5688133,0.52328557,0.91554946,0.5730936,0.05963315,0.2208327,2.28773,0.02520869,1.5574862,0.2900639,0.36927927,0.49881786,0.8264023,0.58021253,0.80705196,1.0467992,1.2013137,0.13835627,0.7042339,0.43885925,0.34861937,0.4095881,1.3118277,1.0464463,0.7741542,0.77595925,0.4183963,0.10489213,1.0924311,0.6104932,2.6218536,0.016374946,0.8051877,0.3166837,0.08720389,1.0606788,0.76476115,1.3716344,1.9393466,1.2495459,0.30801848,1.2442995,0.6819632,0.17707811,1.2095029,0.057003345,0.55927384,0.5996447,0.44717482,0.8736207,1.1413214,0.0830599,0.6962734,1.0675669,0.058496516,0.13119273,0.7968502,0.22490197,0.5829586,3.3671217,1.2356943,0.4784387,0.0618344,0.8976913,0.030918019,1.1496241,1.1177679,0.18011115,0.6878798,1.5306181,0.5699638,1.5937929,0.8000438,0.8858244,0.36261553,0.76753515,0.20239787,0.9055542,0.42236164,1.279878,0.47503573,0.009777055,0.004222285,0.6149593,0.36031246,0.5325104,0.94938445,1.8843336,1.5294535,0.503909,0.04362925,0.40849608,0.57364917,0.12538883,0.9168119,0.007242854,1.3212715,1.9148622,2.0723748,0.16888453,0.97793937,0.93633556,0.57866424,0.5219341,0.43265533,0.6504729,1.9236636,0.9262538,0.6284552,1.5586418,0.15758027,0.4222771,0.29714182,0.8416468,4.026722,1.3766096,0.031815413,0.5892217,0.5616883,0.22418626,0.5379257,1.0299149,1.8800403,1.638309,0.4052353,0.9117651,0.07697907,0.26308805,3.610534,1.0718968,0.7143817,0.26295406,0.6470457,0.289179,0.5523156,0.8939257,1.0654316,1.384932,1.1373061,2.71326,2.0538578,0.17201534,0.37075096,1.2061999,1.4340019,0.029765062,3.21072,0.8524464,0.50650465,0.36291057,0.5539498,0.5423989,1.2182558,1.7693506,0.24502146,1.0585226,0.46019036,0.39804083,0.7264379,1.4387252,0.6294455,0.90728277,0.6175335,0.14989683,0.6314303,0.09485319,1.2731122,0.15188417,0.46131733,0.06801207,1.641951,0.34515116,0.5564741,0.4016534,0.0,0.4353897,0.5334875,1.6820211,0.14439452,0.82434237,0.5511086,0.9349579,0.9673178,0.13425136,0.6069136,0.6740963,0.35992256,0.41940755,0.14873265,1.4085317,0.90785104,0.01263177,0.754409,0.8017973,2.6228893,1.3354204,3.0570395,0.16669552,0.96677804,0.9009982,1.5720541,0.38780493,0.5714148,0.8850472,0.35914266,0.43435785,0.08100452,0.54058665,1.3819284,0.22000232,1.8767042,0.26586455,0.10267038,0.7385463,0.52572304,0.19331323,0.9198395,0.99711204,0.79513127,0.021278735,0.45701382,1.3904325,0.7076712,1.456739,0.42215422,0.23741588,1.0456362,2.677423,0.83025247,0.7923887,0.9623302,0.4406722,0.57813793,0.54478574,0.84070694,0.50695044,0.24995632,1.6004168,1.384307,0.42719892,0.1904173,0.5810998,0.16889593,0.32680687,0.5250675,1.421729,1.0863823,2.0432649,0.27029932,0.6920717,1.2644614,0.55903774,0.38758424,1.1020736,1.0242971,0.5260305,1.680546,1.6319569,1.8632731,0.07201467,1.6483572,1.4686531,1.0172132,0.48121306,0.73193204,0.41674837,1.2212173,0.6244365,0.75926447,0.17414437,1.7864764,0.5149593,0.94141066,1.5851513,0.31211993,0.9245736,0.86713254,0.13309814,2.3122075,0.6589508,0.8262325,0.9891505,0.4699576,0.27203438,0.015309567,0.1604078,0.59639066,1.2279015,1.5381634,0.23699868,1.1246313,1.7089036,1.1359922,1.6908963,0.036082268,0.7946539,1.4448694,0.39906672,0.3600632,0.51671785,0.23607954,0.85306156,0.42244554,0.8595867,0.17911619,0.26781932,0.23231731,0.0,0.15643267,0.28025383,1.5239108,2.88485,0.16784613,2.2356684,0.6897108,0.9758757,0.99537736,0.51890355,0.14546989,0.51366633,0.30351448,0.57331747,all_pothole_images\pothole_images_image_63.jpg
0.7007717,2.846489,1.0332979,3.2854426,0.61228025,0.5765693,0.582063,0.24460539,0.45859852,1.2208594,0.29324433,0.8223775,0.1184564,0.45054263,0.4096218,0.46205866,1.5920177,0.07777538,0.8153589,0.14150755,0.60441643,1.5165198,0.8134983,2.460026,0.97512853,0.23737714,0.1286847,0.5896437,0.32656613,0.8132928,0.5408598,0.016838606,0.5445245,1.0982009,0.3467404,1.4037467,2.1028237,0.07678165,0.84558153,1.8770926,0.58289677,0.29257232,0.11145091,0.037499446,2.323599,0.24428153,0.2115177,0.5620462,0.5670231,0.14032093,0.60658646,0.41304803,0.4518934,0.85256565,0.0,0.9596222,0.37336874,0.43597496,0.8154233,0.59679234,0.09928271,0.48389134,0.24037425,0.81743085,0.14985107,0.56017095,2.324417,0.3974742,0.52486265,0.10196664,0.4366145,0.16788034,0.7200124,1.2585014,0.30424574,2.8096588,0.75736105,0.74467915,0.08520414,0.62226987,0.55516857,0.7730464,0.43046546,1.2231342,0.8134384,1.2430314,0.042782124,0.45959488,2.5957394,1.8211222,0.21859647,0.37468088,0.1571982,1.5172844,0.29359308,0.0875919,0.88811874,0.7077566,0.18788956,0.45548582,0.366944,0.50915205,1.1501172,1.5988379,1.0103971,0.0,0.25598606,0.57041395,0.114472926,0.92395467,0.44032332,3.2291842,2.690663,0.5071097,0.44873753,0.19863074,1.288263,0.55438435,1.6562634,0.8844391,1.2961649,1.0203389,0.1547066,0.31382743,0.47710106,1.0628474,1.2512565,0.35442427,0.44262937,0.00959995,0.6502285,0.25990763,0.14948648,0.5489404,1.1974102,1.8454053,0.031170709,1.0825617,0.31172326,0.0014007881,0.38104793,1.2833899,0.29599944,0.22479492,0.46251148,0.50059104,0.47384688,0.4881516,0.9588939,0.27506584,0.48301196,0.45632768,1.3274803,0.15638703,1.2496655,0.05197943,0.9753256,0.79850817,0.56637996,0.4522586,1.770125,0.29500666,0.18166374,0.024056386,0.5857468,1.4641731,0.48801807,0.007869658,2.2248669,0.26330543,0.09711178,0.0,1.0911794,0.020548495,1.7420888,0.2057593,0.97552633,0.030961467,0.994384,0.28329387,0.9384339,0.3598795,1.0168108,1.8521161,2.6429093,0.2765897,0.18076223,1.0877655,0.13536558,1.0787888,0.3095865,1.1919653,0.08414434,2.4933002,1.0921283,0.11226103,0.19600973,2.2552369,2.8256927,0.91287595,0.36684462,1.810758,0.094517685,0.39559236,1.1332703,0.40960887,0.17561519,0.22534537,2.3163545,0.53436947,0.10555636,0.20185336,1.0726609,2.0843692,1.2898737,1.1105173,1.0479364,0.3364248,0.55908376,0.9970047,0.90380126,0.18180497,1.5044795,2.076948,0.7066162,0.9179932,0.59884655,0.49324447,1.1439898,0.08394669,0.12804744,0.22779246,0.7207921,0.4612857,0.66059065,0.14134714,0.67271274,0.67602086,0.571049,0.4885935,1.5721486,0.10108387,0.5603876,0.13077788,0.14059377,0.07472716,0.34443656,0.000705812,1.3002509,3.5487995,0.027974289,0.73684907,1.0873393,0.055355474,0.17659609,0.15217227,1.527377,0.59717125,0.9892515,2.6147377,0.28928924,0.039178897,0.82017726,0.5849037,0.20139785,1.9365178,0.8770861,0.39680415,0.8617203,0.32106036,1.989231,0.0,0.26033986,0.4465298,0.705922,1.2448199,1.27838,0.61198187,0.2120317,1.4115571,0.10980355,0.9960601,0.7639417,0.1556215,0.5429225,0.63821495,0.9495942,0.7973577,0.29834262,0.6033338,0.5827283,0.79466105,1.1535017,0.82221717,0.49884734,0.9454282,2.2854786,1.0799952,0.24228248,1.4113085,0.12434184,0.5451127,1.174377,1.9486309,1.0822626,0.5842913,1.3582364,0.7768701,1.0102834,0.14996797,0.45547065,1.0017152,6.3601236,1.5646975,0.20107448,1.9599525,0.2036212,2.3216374,0.5024892,0.4756743,1.5828415,0.9650889,0.98993415,0.12673962,0.7492797,1.1688,0.27179703,0.8161141,0.94192994,0.31891027,3.799829,0.6607277,0.07435101,0.051359557,0.20571595,0.23632324,0.64066684,0.17720285,0.15189661,0.743889,0.7428037,1.5479083,1.6033459,0.11544712,0.3194541,0.13201737,2.4452727,0.34156817,0.07943969,0.50635684,0.68711776,0.63678294,0.6055142,1.1776943,0.94839734,0.30723998,1.0046233,1.0493431,0.69699025,0.87565005,0.37680843,0.28068903,1.3326087,0.9130872,0.260075,1.0567614,0.6334048,0.44817093,1.3757856,0.22220945,0.33142266,0.7348117,1.2043012,0.5212612,1.7939657,0.47238696,1.1291887,2.2008722,0.14708512,1.952887,1.0759212,0.658987,1.7899272,1.6690812,2.769351,0.7508032,1.9868104,0.3647278,1.9481,2.1992376,1.0749054,1.5815275,0.6365536,0.52582484,0.17409797,0.9033505,0.6525692,0.82352394,1.306707,0.6047306,1.4542277,0.36791143,1.1261059,0.16320466,0.15742351,0.058032364,0.9009115,0.8419381,0.26781246,0.07760961,0.3424423,0.42817435,1.3793874,0.23305169,0.0057656965,0.53498584,3.067455,0.2749333,0.8534524,1.7687892,0.28161672,1.491432,1.8480422,0.3215194,1.6355568,0.9586589,0.9420459,1.0923276,1.9120773,0.43062174,0.5364451,1.0900519,0.3799207,0.43092105,0.7359144,3.4423008,2.8921576,0.20233275,0.7667496,2.0990636,0.90118456,0.75759107,0.0,0.4818258,1.4035008,0.33851922,2.1169157,0.30127728,0.3598957,1.4153535,1.4161652,0.7034437,1.602236,1.2013662,1.5392249,1.03733,1.8451936,0.07012453,0.68155175,2.0163853,0.2950971,1.0075612,1.06533,0.49198475,1.4747063,0.7831551,0.7383541,0.16560866,0.7131846,1.5188682,1.126564,0.07246976,0.9603656,0.33937922,1.5321487,0.09159937,1.0215919,0.38345903,0.9063259,1.7646507,2.767681,0.8316887,1.2500409,0.64816576,0.0,0.8128231,1.3354402,0.14636464,1.4996222,0.050799172,1.0140599,2.0621998,0.20157148,0.14798643,0.48213926,0.0,0.66070944,0.5984291,0.34584433,0.17991962,0.25281897,6.5133286,0.7205326,0.6905724,0.14097871,0.5528109,0.0069243857,1.6561806,0.8325395,2.2530487,0.6916026,0.7569594,all_pothole_images\pothole_images_image_64.jpg
1.0316403,0.5633823,0.64496076,3.4747798,2.763075,0.16791229,0.104030326,0.13372602,1.1132828,0.7038663,1.3108718,0.68832564,1.0515465,1.7462769,0.007256785,0.8279551,0.31455958,1.8893031,1.520477,0.30849463,1.5344427,0.3114573,0.33215424,1.5542452,0.90616107,0.022299593,0.3957937,1.2613802,0.12632218,0.51538795,0.11907917,0.018215468,1.0377276,0.5599653,0.25450078,6.047653,0.68629265,0.15706882,1.1995219,0.23740092,0.37659454,1.0743771,0.09210663,1.2355174,0.17760925,1.1339597,0.51311773,0.046756823,1.64354,1.238615,0.9086556,0.7516887,0.04081615,0.49673402,0.68641394,1.8642955,1.7771983,0.36922342,1.1996148,0.124424815,1.1580348,1.8293148,0.5187008,0.5924896,2.2156904,1.2697169,0.0804851,0.6126284,0.22681014,0.5159055,1.0782971,0.1695863,0.18714193,0.93139756,0.24313565,0.19332297,1.156751,1.3588468,1.2684066,0.6414675,0.004670815,0.024834815,0.23495635,2.1882384,0.81641394,0.16124067,0.17254706,0.0050971755,1.7437638,0.78373605,1.2852231,1.0476719,0.51224387,0.8113478,0.2269022,0.5522995,0.8995973,1.7451398,0.75491565,1.0979563,1.4490755,4.4576416,0.8815491,0.11590055,2.9057531,0.007174604,0.5716334,0.15378961,0.5489254,0.9844686,0.87823975,0.1500903,0.17949188,0.21018894,0.39843014,0.8276909,1.4882015,0.72651196,5.069661,0.05231765,0.92607504,0.0447345,0.30989698,0.92324555,1.3025037,0.7775328,0.14166448,0.9729291,1.0231884,0.717963,0.89261395,0.35481507,1.8832179,0.49025244,0.84062064,0.95619345,2.363091,0.6769793,1.4355708,0.3908801,0.5535938,0.9678254,0.24872483,0.06140406,0.9710201,0.5268259,1.9621049,0.30767164,1.6431271,0.7395701,0.5763395,1.1305134,0.6989282,0.7505334,1.3031988,0.33708322,1.6369638,0.79792,1.3657146,0.54190445,0.58255845,0.983693,0.22394869,1.9027518,3.9076989,0.4451434,0.5863236,0.6984834,1.5655646,2.7200286,2.0001347,1.0780656,0.015281205,2.8277369,1.0327938,0.031960696,0.6622257,0.0059355316,0.22830679,0.41738135,0.026790366,1.393483,0.8331731,2.138862,3.1277926,0.4984064,2.478725,2.49669,0.026409129,0.6906039,0.18439089,2.776538,0.48034084,1.0668546,1.2476102,0.79677504,3.117635,1.2314929,2.1693277,0.017162299,0.38845068,0.92821205,0.08969041,0.17091544,1.6068234,0.26796556,0.5984403,0.21694511,2.5303767,0.6280567,0.2845078,0.13338253,2.0849297,0.7349252,3.7100406,0.7386547,0.42722133,0.040374685,1.0528982,0.4433241,1.409108,0.07053629,0.41290924,0.04937756,0.0,0.58834964,0.2415744,0.9802956,4.024307,0.31952685,0.1464921,0.32738534,2.2054567,0.73677415,0.046009716,0.3153951,0.48604932,0.03552656,1.371448,1.8072431,0.094499215,0.18295398,0.44263363,0.38600978,1.1790563,0.015112631,0.14138234,0.47031382,1.1638832,3.9987712,0.54433006,0.085319944,0.20644858,1.1484723,0.40676156,0.12987582,0.27016214,1.6897879,0.2805225,2.0278313,0.7151549,0.69305307,0.80914664,2.2617955,0.7386589,0.36735097,1.115702,0.5988663,1.9373258,0.59301215,0.3022134,0.0045537325,1.738616,0.20533551,0.6765033,0.37535325,0.9113434,0.16449985,1.915271,1.8001043,0.9527812,0.37954828,0.55978835,0.19427735,0.2257294,2.3864684,0.6493844,1.5331992,2.2149382,0.8774957,0.29563242,1.1105593,0.23017412,1.7946976,2.1605394,0.12988779,0.52379227,0.20983496,1.5107142,1.7493327,1.687369,1.1635873,1.3072796,0.42893085,4.4353046,0.040455665,1.3156736,0.046785563,1.4687667,1.4944274,0.88529694,0.3163746,3.0363967,2.9069023,1.0825555,0.57903594,0.10574853,0.7722923,6.2473235,0.37128264,0.9049589,0.39718324,1.7455469,0.38425305,0.2548634,1.4576895,0.2626056,0.017077565,0.078449205,0.09240475,1.3042039,1.0082043,1.000853,1.5789359,0.64969236,0.16970947,1.0776811,0.60284424,1.6593798,0.5075552,0.6287586,0.93206584,2.1467502,1.2474344,0.34183672,0.0709959,0.03458439,0.14433,1.7056986,1.7065147,0.49849123,0.565012,0.028567513,1.8143575,1.2659886,0.9092494,0.63759154,1.829143,2.2364726,1.3247422,0.33044186,1.4478734,1.6494925,1.5320796,0.7570391,0.15684722,0.35886136,0.82415426,0.12419478,1.7561986,0.69210535,0.044296723,1.1225841,0.779321,0.2719578,2.4031763,0.29256624,0.113320485,0.50811726,0.08916665,1.9023266,0.06132158,0.6501275,0.44235295,1.2609881,0.11676961,2.52771,1.2273422,0.18168749,1.0357989,1.2485476,0.021394446,0.15026315,0.09707591,0.024169225,0.4010227,1.4120646,0.5051152,0.24130066,0.48463288,0.36337942,0.867518,0.18919177,0.012396834,2.034427,0.0044658026,0.27869657,0.6995164,0.06179675,0.0,0.13465184,0.12332904,0.2084294,0.63878685,0.41769594,1.2383682,0.8664267,1.6403631,1.333074,0.22858962,1.5762794,3.1056714,0.185634,1.9892575,2.05051,1.2495533,0.5526509,0.63948846,1.0249134,3.2182164,0.55653346,0.16422707,1.1735927,0.10980271,0.43343356,1.54297,0.6721713,0.63774645,0.6628334,0.6781269,2.342469,3.9338696,1.7067189,0.14950792,0.008426153,0.16509593,0.6938274,0.48794156,0.14936729,1.1963686,2.3338118,0.1726734,0.39456597,1.2432978,0.541468,0.1818495,0.120792344,0.42498744,0.067239456,1.8251956,2.0232909,0.3255991,1.1632606,0.0,1.3882359,0.14196873,0.2967985,0.39667445,0.7809134,1.038414,1.4278013,2.523635,0.03771876,1.0995132,0.6668737,0.35652387,4.138941,1.1927286,0.15253505,0.041970685,0.10423285,1.7113507,1.0767121,0.7376173,0.19606656,0.27687952,0.17518337,0.0,2.074727,0.6269067,0.42725578,0.45516688,0.033669747,0.7869014,0.0,0.003447998,0.17324843,0.18927716,0.019018203,0.057167396,2.4846067,3.760734,0.57805276,0.24738,0.22345455,2.5228384,0.59064204,0.6628324,0.9210697,0.1695115,0.15339276,0.27608365,all_pothole_images\pothole_images_image_65.jpg
0.68486303,0.765095,0.97593117,0.55637676,0.16957915,0.09988319,0.18560068,0.26866814,0.88551235,2.3756685,0.05410061,0.32247892,0.12242338,0.9345759,0.36354613,0.5834139,0.10369949,0.059471514,0.27376014,0.20303982,0.40587,1.7577617,0.5232846,1.0195171,1.8400121,1.1959684,0.32478505,1.3489445,0.21895415,1.6843915,0.68829435,0.8352026,0.61282086,1.038963,0.39691776,0.09107307,0.6561091,0.5854009,0.78091276,0.28309882,0.436185,0.46135205,0.41042596,0.19801897,0.6481026,0.16992311,0.16346939,0.38366652,0.29515815,0.86095434,0.5267063,0.00015533308,1.2910339,0.29557788,0.49582896,0.4868289,0.4834116,0.35207775,0.32936165,0.608763,0.7571106,0.6165453,0.6518891,0.68622726,0.28271413,0.7748624,0.62697047,0.4135355,0.4314906,0.25208944,1.6777117,0.0952923,1.0000275,0.09414215,0.8427778,0.7475907,0.7231652,0.69312257,1.7996242,0.121684425,0.1487525,2.2584932,0.8908333,2.1401854,0.06673162,0.26164106,1.2577051,0.50057065,2.6154187,0.0671038,0.4584557,0.98032224,1.1943448,0.21672614,0.19763732,0.24484806,1.3841375,0.76907057,0.80567217,0.8219229,0.4271129,2.591915,0.623953,0.36357552,0.10641262,0.57686263,0.35407537,0.9268283,0.36451432,1.4482704,1.6855079,0.4932464,0.3101226,0.40747643,0.51156175,0.8451206,2.2133994,0.050791368,0.82098705,0.56475186,2.136565,0.42129922,1.7679067,1.8253033,1.2272955,0.71648365,1.628739,2.4286056,0.17738494,1.1957619,0.5150482,0.32045007,0.2151574,0.18978351,1.0242718,0.37712994,0.24635464,0.8620141,1.0328486,0.977766,0.40825316,0.2534781,0.12845626,1.3940564,0.20438357,1.0386109,0.8499612,0.58318573,1.1783007,1.2541181,1.077271,1.9413557,0.83812976,0.51036876,0.5385655,0.867492,0.16011266,0.15452658,0.6344778,0.70455116,1.4378455,0.28820175,0.017277578,1.2954485,1.0035341,0.56817317,1.1762469,0.1343939,0.46136555,0.865699,0.5549741,0.14260224,0.35137433,0.17744835,0.47170198,0.15115012,0.79016143,0.08184882,0.8097874,0.41926104,0.14682886,1.7700186,0.9526345,1.5462914,3.0029972,0.7560618,0.45881233,0.36519027,0.19043773,0.6732667,0.647569,0.25083145,0.69152284,1.0142801,0.08317005,0.45260125,1.082991,0.64403945,0.53654927,0.41149756,0.79664975,0.79703957,0.5120982,0.8379985,1.6873748,1.271781,0.9269644,0.7763974,0.7634183,0.74189925,0.8114103,0.6922548,0.8085943,0.7833637,0.7410057,0.45346907,0.3823144,0.06782013,1.1958953,0.26250196,1.306013,0.65501237,0.2589719,0.47624117,0.08374896,0.67959625,1.447771,0.41345075,3.527219,0.07507313,0.5659253,0.7694121,0.034567475,0.48622426,0.70348895,0.34756142,1.2061465,0.21683104,0.15850458,0.22187878,0.27363643,0.017132249,0.37105817,0.9529593,0.004703761,0.09587947,0.29089284,0.36677352,0.45887673,2.8589191,0.44390512,1.4159354,0.7549512,0.880497,0.41847932,0.18171643,1.047602,0.0382634,0.68108827,0.1459391,0.49398607,0.8962943,0.39954752,0.032547798,0.89355606,0.59996337,0.06186772,1.3806413,1.264747,0.9564825,0.094295956,0.011025693,0.7165281,0.5594585,0.23646933,0.78688186,0.96724063,0.9878183,1.0274293,0.92156786,0.3023647,0.16410244,0.2739505,0.3815993,1.1189916,0.2977168,0.5847007,0.7754708,1.4999366,0.38470018,0.5614648,0.26388478,0.023056034,0.9245809,0.11994251,1.0197666,0.3468188,0.20717421,0.21867646,1.8876944,0.23207742,0.4625513,0.27128974,0.44240713,4.4117074,0.25281033,0.38110864,0.33100694,0.34876788,0.029859927,0.087315194,1.6749405,3.57004,1.4595925,0.0,0.06817489,0.3052675,0.67458016,2.1413968,0.24008353,0.3692658,0.56104547,0.43635184,0.8571609,1.0349023,0.5643623,2.3992727,0.18586326,0.5857118,0.8649108,4.3550334,0.26150703,1.5990734,0.7771437,0.33012253,0.15662813,1.1728083,1.5342852,0.44346714,0.3953918,1.6329873,0.18736576,1.3271968,0.2607242,0.6949018,0.7059207,0.021234741,0.10250211,1.354149,0.94668657,0.007872106,1.3744634,0.50444615,0.3133664,0.5822075,0.2987138,0.2709322,1.0235932,0.8581259,2.568941,0.013824225,0.65742147,0.6372478,0.4947801,0.3487056,0.9889861,0.4317902,1.4919916,0.07043093,0.36232802,0.9829197,0.1633622,0.44739315,0.3853311,0.64713526,1.0231422,0.09901235,0.8708337,1.194311,0.691166,0.3170929,0.024390364,0.99989116,0.42748165,2.7007184,1.2018267,0.85942435,0.99550134,0.17590722,3.9690351,1.1021831,0.12362463,1.0222888,0.20129694,0.41667968,0.97883654,0.023431215,0.8246745,0.04625688,0.32722765,2.5291214,1.0457422,0.6998823,0.7826043,0.07635355,0.30877826,0.62966764,0.12239578,0.73130125,0.60147583,0.21333379,0.25533667,0.9171766,0.27055523,0.29612905,2.631061,0.6844495,0.85213053,0.41223902,0.62679416,0.13785273,0.30706757,1.9707466,0.42886606,0.027301148,0.8803334,0.6923414,0.67384315,0.35041037,0.74216574,1.0175858,0.2513644,0.31643257,0.052443717,0.51983666,2.082142,0.9699199,0.6817257,0.35346082,0.1650526,0.082462795,0.31670853,0.037678998,0.8061369,0.09587085,0.6445415,1.7709255,1.6623327,0.35944536,0.39921105,0.6338362,1.6177269,1.6082375,0.6891188,0.25711432,0.14503042,0.44320086,0.44252044,0.15245587,0.26735038,1.7052429,0.018035436,0.460132,0.8756954,1.2700989,0.13164057,1.1496046,0.34012341,1.8422861,2.073569,1.2982892,0.3664607,0.6922407,0.3317977,0.5735312,0.40249816,0.0034349437,0.41319942,1.3981569,0.2994533,0.23919623,0.8000222,0.81048226,1.0059676,0.37022418,0.1521745,1.7946095,0.05442697,0.18002391,0.050086185,0.47449738,0.6772153,0.17819546,0.49936435,0.0,0.58591217,0.16417123,0.12532248,0.42987302,0.13197939,0.23899175,2.1184194,1.4252008,2.0373821,1.3479457,1.1965449,0.58836013,0.6267321,0.94093025,0.4647323,0.015064422,0.19001168,all_pothole_images\pothole_images_image_66.jpg
0.61525124,0.21942711,0.28174195,0.630176,0.28954035,0.2237961,1.1912856,1.0925947,0.9146861,0.33468437,0.0327176,0.08417439,0.26906884,0.22978567,0.27246234,0.16307963,0.058581304,0.19414574,0.692287,0.006433597,1.1048613,1.3930732,0.24341306,0.0020065415,1.1639678,0.68383944,1.3546673,1.5233357,0.3599958,0.4287857,0.029918209,0.5061027,1.0682485,0.30121166,0.0018811901,1.4442114,0.23448293,1.1463861,0.1670597,1.9119517,0.13457341,0.0022456462,0.37317982,0.6431143,0.51628333,0.53425425,0.352572,0.024085507,0.7077423,3.011492,0.532378,0.44783586,0.029903825,0.38384533,0.43114495,0.82095146,2.840949,0.13303398,0.4395385,0.14896168,0.004725778,0.58112425,0.22084147,0.18719275,0.8931022,2.9471836,0.5119452,0.09985981,0.7083234,0.014409856,0.010566768,0.34574625,0.3733767,0.4014796,0.70719314,0.31300354,0.093778975,0.46532556,0.16283393,0.009036045,0.0071339593,0.0,0.1076878,1.3957672,1.2573005,0.23366274,0.025212647,0.69080466,1.8429403,0.1809507,0.23152758,0.009778966,0.0,0.12646654,0.34462166,0.02277253,0.39555746,0.7088076,1.4135455,0.20776774,0.0031002327,3.1920543,0.36861023,0.16520324,0.11418695,0.0004066471,0.23773837,0.82858616,0.015680265,0.1727266,0.09076438,1.563759,0.88643456,0.08694398,0.090523556,0.35905522,2.380391,0.0,5.541829,0.8156286,0.53230846,0.30977434,0.07965906,1.121167,0.20326528,0.80336607,0.024741702,1.1172255,0.21069548,0.0,0.03854534,0.0016905115,0.02403306,0.089980066,0.0,0.018539993,0.102723405,0.9622284,0.013145665,0.049021132,0.36650836,0.015797695,0.19623362,0.0031442265,0.004170005,0.33896592,0.052274212,0.41233474,0.72198135,0.7274554,0.621081,0.42042878,0.027497604,0.004114896,1.0129715,1.3462654,0.18803266,0.4518034,2.7030756,0.2245097,0.16927843,0.07588228,0.03191545,0.43768036,0.10549288,0.40842468,1.5464882,0.13584721,2.2911818,0.26087505,0.0,0.21718891,0.0039809067,0.05324051,1.1190385,0.0,0.033775248,0.0,0.06129262,0.08310357,0.10500359,2.4661899,2.1593378,1.4592752,0.63630325,0.5705245,0.28630394,0.59782517,0.44641015,0.46089655,0.15973413,0.1575812,0.0034396856,1.7287616,0.026584843,0.3238949,0.1916035,0.24172436,0.21126372,0.03480499,0.35481548,0.06324673,0.049680013,0.58298165,0.413988,0.0037491652,0.45110703,0.8569894,0.80375504,0.36250043,0.0,0.0026013805,0.08094385,1.8468294,0.5559387,1.745187,0.5508647,0.016666412,0.10698236,0.19288445,0.25712642,0.1943709,0.4116635,0.4225095,0.20105533,0.9298669,0.38512,0.34328842,0.5527253,0.7179289,0.6819216,0.0,0.5528357,0.31027743,0.65638304,0.30311558,1.6897066,0.0067895073,0.0,0.046861306,0.7232214,0.34257782,0.004015573,0.4520266,0.15367933,0.0,0.41783383,0.32556626,0.0045406437,2.6279633,3.1222813,0.76261044,1.423556,0.25204924,0.47167563,0.48297843,0.6829875,0.28508276,0.6865807,1.8859993,0.00082295376,0.03240034,0.5896161,1.2992307,1.1848261,0.4356079,0.0,0.38384658,0.1311229,0.21863797,0.115473256,0.0,0.0330714,0.0057098,0.99550796,0.60646874,0.58611864,0.0866563,0.1981198,0.35479474,0.37215358,0.74875766,0.02940679,0.6647658,0.44382885,0.58292997,0.6434502,0.1121461,0.46648127,0.8653358,0.20761813,0.052718434,0.13246177,0.82502353,0.006918618,0.19803666,0.066998556,0.8773107,0.17099899,0.8551489,0.08570193,0.5063781,0.09308068,0.43554828,3.1451502,0.95120215,0.015888488,0.23856793,0.07116402,0.32282135,0.91224545,0.9433902,1.0677462,1.7774346,0.043232955,0.860434,0.1673269,1.7921616,3.1988223,0.17578623,0.089846164,0.011002954,0.057634663,0.2235208,0.15246932,1.9021103,0.27335426,0.004604128,0.05870936,0.03196562,0.65726596,0.65778905,0.037192438,0.0,0.023001492,0.21756856,2.363594,0.5201649,0.0027006536,0.51452506,0.40028423,0.105006754,1.9648514,0.18204685,0.8542202,0.44764912,0.05001966,0.028852116,0.8406151,0.47571754,0.67017615,0.760046,0.11787144,0.13138811,0.17271684,0.10838186,0.39601585,0.85821176,1.1663843,0.73530585,0.0,0.0059895306,0.090592846,0.17172593,0.3048387,0.5047804,0.21999456,0.087822475,0.374952,0.0021994167,1.4464388,0.0,0.94222325,0.0340252,0.70257145,0.29297885,0.99303573,0.3036152,0.25364423,0.026822189,0.098656714,0.013466245,0.42283925,0.2710376,3.0257928,1.6041778,0.50033987,0.0,0.6026361,0.49606314,1.0099564,0.31260642,0.2752084,0.52415437,0.030513534,4.8133024e-05,0.35185435,0.18323322,0.012902537,0.71038526,0.5455697,0.20851366,0.3827283,0.04614366,0.5175698,0.022434736,0.017799158,0.03640803,0.29648927,0.26069468,0.62122333,0.12558126,0.1288388,0.28208315,0.070484996,0.41107488,2.2565453,0.07860229,0.5454171,0.07043784,1.5211356,0.11983539,0.6327029,2.1784263,2.1889875,0.26823178,0.22634812,0.5190661,0.06921481,1.2831621,0.4890268,0.049138427,0.7091559,0.006023995,0.7249024,3.5659,0.9455185,0.17874597,0.1284818,0.9442332,0.05013965,0.058975905,0.06016053,0.9186926,1.5186138,0.121516705,0.88717866,0.19655013,0.03203543,0.15830271,0.45470098,0.716958,0.39099082,0.4818147,1.0309018,1.8977611,0.48818743,0.15880145,0.503332,2.1077101,0.900527,0.027148493,2.4801173,0.32380784,0.718176,0.38639963,0.19071524,0.2835711,1.1916043,0.21212174,0.526996,0.7288427,0.43130842,0.13697773,0.54077756,0.4947543,0.048777897,1.855513,0.0022953723,0.5311892,0.19773999,2.742973,0.49037376,0.1879274,0.033249665,0.0,0.55617404,0.4164723,0.22518134,0.40849817,0.38198042,1.0357417,0.13331372,0.11022076,0.35587427,0.1538826,0.0,0.05189373,0.0013992429,0.07507411,0.08670228,4.5846953,0.6399256,0.047196932,0.10054757,1.503213,0.0,0.24719572,1.4890351,0.40411866,0.3691569,0.3148869,all_pothole_images\pothole_images_image_67.jpg
1.286236,1.3740185,0.4330545,1.8088493,0.3514777,0.6845857,1.2110621,0.4233459,1.4014882,0.75283897,0.13320605,2.3502324,0.16793813,2.334609,1.4662226,1.1360393,0.58102846,0.32347402,0.974023,1.3508744,2.3173552,1.5224469,0.7895707,0.16726118,2.0961099,1.2218285,0.754168,3.377537,0.12194793,0.50176114,0.14230819,0.39309436,1.7691967,1.0561658,0.44447395,0.7341607,0.00882822,1.2308153,0.40817183,0.6781293,0.65817064,1.2122371,0.024213737,0.5727015,0.34844732,2.6697717,0.07371543,0.22259317,1.5212412,1.1775131,0.6702752,0.61189085,0.63875693,1.2861663,0.5347481,1.5699211,0.2532991,0.2485163,1.1975744,0.033265427,0.23864426,0.5768528,0.5110432,0.39501756,0.09356607,2.4343235,1.4991791,0.72726935,0.31643483,0.41847742,0.4263819,0.85804826,0.43798703,0.26885182,0.3664552,0.12002964,1.1420809,1.8509854,0.13036484,0.1778512,0.6332303,0.12528495,0.47626066,0.25064987,0.98127073,0.92449886,0.31299216,1.0829166,2.2348974,0.44852778,1.1598159,0.21847627,0.529243,0.5005062,1.4999303,0.10615441,1.6140255,1.3831573,0.39604685,2.4429116,0.01966813,2.2403708,1.1335503,0.5296351,0.6852003,1.3836188,0.82619226,1.1793776,0.09701422,0.39983475,0.72256047,3.6471512,1.2397066,0.042872135,0.6334822,0.07432868,1.1660609,0.12912863,0.7615906,0.8258961,2.8205826,0.003273363,0.18950775,1.7602215,1.6823816,0.868141,6.2321177,0.39328626,0.5885605,0.7011739,0.43045923,0.1495738,0.025093645,0.7929208,0.6405483,2.1283512,0.8963493,0.115156054,1.6388886,0.25023535,1.2372309,0.3568237,0.004158103,0.004728192,2.1610746,1.2749827,0.7530412,1.1491839,1.4039553,0.35518882,1.2906352,1.2750652,0.039338574,0.049211554,0.80238736,0.8856302,2.0927103,0.026505375,1.1012801,0.9199044,0.9379836,1.3178173,0.06770777,1.154624,0.20156342,1.6568036,0.5841936,0.089307375,0.9694659,0.960212,0.6245905,0.2363958,0.297503,0.19212788,0.16151051,0.6471901,0.43434423,0.0697081,0.9800373,0.92194796,0.1546301,1.5189166,0.861577,0.7590157,0.9406327,0.45764518,0.5739971,3.225153,1.3532166,0.8154095,0.9742964,0.49901104,0.0059537133,0.9809107,0.0884169,0.26891524,1.2846178,0.6686934,0.67871255,0.5328931,0.5935066,1.6697297,0.49519902,1.0988979,1.0345764,0.88100016,0.93324697,0.3112963,0.5219594,1.0828766,0.51233274,0.020420194,1.7742327,0.74154717,1.2277629,2.145931,1.1687776,0.08110105,0.758004,0.5463549,1.4265035,0.6665246,1.5536512,0.6863632,0.060229056,0.46861058,3.3909028,0.056702115,0.11230965,1.5262983,0.085436694,0.7875097,0.39724737,0.74640465,0.46429387,0.31318685,1.1182759,0.14268489,0.37752432,0.05907453,0.86148405,0.8241614,0.010404388,0.24747686,0.045790866,0.047758285,0.97561544,0.29611868,1.5636823,1.8107179,3.9468844,0.85059696,1.8174211,0.7502623,1.0513972,1.126947,0.3648017,1.5899518,0.10885345,2.8945317,0.5301715,0.33763066,0.37914166,0.8535512,0.60935,2.0709362,0.28971437,1.2318001,5.7701006,0.57335854,0.56215054,0.31933448,0.0030829818,0.8061879,0.41760933,0.545381,0.1533485,1.0167062,0.29016933,0.4241998,0.12293465,0.52936435,0.41003805,0.35633412,0.574213,0.21357708,2.2368402,0.21730524,1.0360572,0.18286136,0.9657642,0.8115413,0.43631762,0.886347,0.25365916,1.2371635,0.25428104,1.4071916,0.8102993,1.3498731,0.45419428,0.887014,0.65827864,0.6491633,1.8661145,0.64385813,0.086957835,0.5257655,1.3792546,1.0374218,0.32382253,1.6191311,2.0687208,2.0678682,0.35005036,1.3533046,1.0553727,0.5369244,2.3206637,0.263919,0.40845376,0.097975135,0.54260457,1.0037233,2.2652915,0.47104385,0.08982118,0.008525683,1.7708211,0.41740125,1.7808701,0.63565487,0.2550208,0.23027536,0.18222396,0.6290254,3.0606976,2.4334576,0.085611224,2.269188,1.1991982,0.60738486,2.8525136,1.5658295,2.039392,0.7666542,0.88086295,0.34091955,0.2962609,1.0115273,1.4634132,0.988773,1.1239132,1.3885678,1.8303798,0.22743353,0.63241565,0.51795155,0.26549733,0.72489524,1.026799,0.10962304,0.281213,0.99489725,0.018534545,1.0256802,0.5990087,0.9240042,0.13268216,1.2436645,1.0704014,0.92522264,1.5657877,0.64393175,1.0890019,0.67837065,0.80028546,0.3041614,0.7264448,0.38862133,1.5203642,0.21493362,1.8463761,1.0804183,2.8437185,0.457235,1.0322278,0.0,0.29238102,1.1169176,1.0565586,0.26417914,0.28848842,0.79344,0.10269728,0.7656432,0.7315205,0.64914405,1.5192009,0.40408757,0.7448311,1.0937419,0.27488282,2.4863403,0.36842307,1.4572318,1.2797272,0.6081006,0.70609653,1.5087866,0.32488668,0.738777,0.16961212,4.0455055,0.08323283,0.54110885,1.6646658,1.0473093,3.3750467,0.721108,2.8819647,0.71933514,0.08855136,1.5115474,3.286906,0.0076445425,0.64877,0.52682227,0.47359574,0.6974244,1.034826,0.3872302,0.27949816,1.6074651,1.583918,1.8886976,1.3302876,1.5641912,0.85667545,2.3370638,0.50063175,1.0956628,0.102558434,0.041752208,0.78702694,0.040031567,0.89360607,1.4088935,0.12126854,1.6050608,0.43257985,1.4008346,1.6816322,0.11478209,1.2967683,1.5095803,0.6420478,0.44988173,0.8935675,1.4922462,0.89877176,0.5855538,0.82529056,1.8824601,0.4144562,1.3941178,0.72930396,0.24484123,1.0267651,1.0080627,0.6110913,1.4764228,0.38353333,0.12210083,1.4442577,0.89860106,0.7181072,1.4958792,1.8239756,0.6432475,1.9883077,1.7205231,0.5049716,1.3036505,0.76018023,0.00075223966,2.0994573,0.3262618,1.0742161,0.23157549,0.11577168,2.1423726,0.4458017,1.001658,0.62075,0.01987405,0.4648354,0.28412277,0.32448146,0.8355144,0.70119834,3.0530365,1.6590204,1.9542569,1.9883759,1.5440689,0.7672503,0.18604451,0.059730757,0.48488224,0.2277047,1.1338905,all_pothole_images\pothole_images_image_68.jpg
0.7074082,1.8145428,0.3106683,2.5899346,0.9255966,0.4574672,0.66856694,0.1533289,0.42541772,0.36621577,0.5422043,0.0986931,0.15373671,2.5250819,0.69785345,0.7708385,0.3218539,0.6771594,1.3417147,2.1673603,0.66635716,1.3385178,1.0255213,1.0207839,1.5075966,0.1575909,0.48766753,2.247759,0.41124538,0.58090615,0.51391673,0.4319915,1.1278107,2.1307871,0.15981433,0.190507,0.3287991,0.40672904,0.26050812,1.4762825,0.15599751,0.17595173,0.6230462,0.16027285,0.27883786,1.4946834,0.30766052,0.03346545,0.44656315,0.59313315,0.20365106,0.1569038,0.65591586,0.48856965,0.21544208,0.2504561,1.7382896,0.019175677,1.2089528,0.55025685,0.18988165,0.48161882,0.37439767,0.89068276,1.1166663,0.6715348,0.5596733,0.6100027,0.3604463,0.9690866,0.8341172,0.27609226,0.7453411,0.15502346,0.61877716,0.6324133,0.4122308,0.52679396,0.71225566,0.22927876,0.0933766,0.845378,0.37872097,0.21378882,1.1362243,0.5171,0.37944734,0.024562286,3.073753,0.41459858,0.3700616,0.8598614,1.0003312,0.8389416,1.0835899,0.01862186,2.1443052,0.7458586,0.8610435,2.2444134,0.02093737,3.0390904,0.5291354,0.4074117,1.5288173,0.30070212,0.99257207,1.2321328,0.026007049,1.2612327,0.8424376,1.9537,0.39958742,0.12402658,0.2133015,0.889934,0.7880084,0.10124815,0.5604962,0.6500157,1.3220273,0.05726953,0.27695772,1.383733,0.6895694,0.21171354,1.8724891,0.77038455,0.16854472,0.35395736,0.6013637,0.04817109,0.7277805,1.3368278,0.19800237,2.951184,0.22141352,1.3146393,0.1588035,0.98852164,0.55254334,0.63023967,0.55353373,0.49740604,0.88947374,0.28055456,0.5894188,1.164199,0.4634938,0.66320026,0.23286383,0.15545812,0.66690874,1.2864807,0.35431468,0.35729778,0.41628486,0.044281155,0.43554586,1.6868681,1.3554343,2.3827205,0.027738264,1.0325376,0.5427216,0.3822884,1.5333666,0.06147453,1.263722,0.77518755,0.7974872,0.57799846,0.18074028,0.0,0.7732913,0.049367037,1.0688547,0.039993938,0.3475834,0.1840106,0.7751575,0.8746687,0.44967544,2.0782628,1.7885172,0.9837097,0.05708115,0.37123775,0.5820363,0.7888423,0.7075642,0.6248593,0.23217453,1.962957,0.21727762,0.22977409,0.73715615,1.2265972,0.19550765,0.8299843,0.89896935,1.6055984,0.8904799,0.6036799,0.1386453,1.0458009,0.8832568,0.2540866,0.040134136,1.290775,0.25537458,0.8007244,1.8871243,0.79562616,1.1443671,0.5254766,2.4987772,0.13029371,1.3074442,1.2485065,0.6475404,0.30067602,0.45338228,0.7531777,0.028649475,0.45325157,2.0682554,1.5763774,1.5021499,0.3664767,0.8987732,0.7746015,1.5019273,0.28166723,0.38247064,0.20643853,1.3918355,0.20989609,0.76356083,0.4065673,1.6650138,0.035794303,0.39667043,0.46452275,0.09453206,0.036486384,0.6816933,1.1432803,1.44395,1.4450003,1.9480032,0.051849596,0.047891933,0.77023274,0.21475834,0.32269758,0.81412953,0.13120829,0.2817885,3.3178217,0.5329194,0.2676656,1.0981972,0.28219104,0.66707563,2.2735054,0.7959735,0.9544746,1.1901894,0.5069293,0.6030221,0.01837431,0.74725145,2.1718755,0.749154,0.6960455,4.098006,1.2917142,0.0063419044,2.3260844,0.013196777,0.68225044,0.46995577,0.7523618,0.895469,0.7119827,0.14927094,0.56556803,0.09554633,0.17557876,0.78431267,0.34472215,0.4674347,1.3283997,0.26169628,0.30448437,0.5340628,0.45501962,0.19927393,0.6761976,0.116525955,0.32201886,0.46424985,0.460451,0.3725446,0.20274016,0.04574851,0.9308486,1.4913622,0.9154842,1.5048865,1.4138271,1.7893902,1.7305855,0.10824166,0.9281588,0.22120331,0.50817907,0.9444385,0.19206378,1.4645398,0.34440035,0.05135483,0.51446784,1.9822325,1.1268989,0.22435893,0.020818958,0.20057347,1.4090385,1.3231356,0.14207071,0.6775048,0.71009636,0.73812085,0.025790691,1.6817613,2.0146995,0.19539058,0.5056405,0.39792776,0.80429125,1.0167514,0.74330187,0.88772744,0.029693484,0.5557984,0.6036392,0.50541264,1.6524756,0.22904734,1.5009843,1.1332476,0.78701794,0.28243852,1.3333547,0.12511909,0.27528894,1.4444388,1.1240894,1.154938,0.09730611,0.7907942,0.6406376,0.060547102,0.23439874,0.53656876,0.187417,0.018464854,0.8672637,2.8504124,0.36922333,0.59839094,0.8727397,0.79693687,1.0463511,0.3757904,0.98679215,0.3752692,0.5877025,1.5019714,0.27207416,0.3383373,0.51820815,2.2857535,1.5706005,0.7728972,0.4529099,0.48046827,4.2391863,0.5212029,1.0567124,0.083259836,0.21109402,0.106739536,0.069004364,1.3219442,0.23778887,1.747953,0.10236302,0.6818893,1.9731562,0.41571775,1.5089077,0.18501866,0.09366549,0.43097883,0.1708319,0.078445196,0.00052934955,0.08659189,1.0537618,0.48218364,1.154162,0.059422337,1.617507,3.6891928,0.9587871,2.930664,0.6888166,1.22653,0.071006395,2.265166,0.8781577,2.0708456,0.057999976,3.8547816,0.1279358,0.91489923,1.0131533,0.6529106,1.4974988,0.95484644,0.9027261,0.6800769,3.762694,1.2557596,0.10734129,0.6418657,0.30551407,1.0332891,1.199872,0.3864917,0.44227478,0.0,0.012099978,1.0163422,0.8797049,3.0115767,0.9220183,1.1736528,0.3188032,0.10516972,0.85765326,1.1092758,1.1345081,0.4521229,1.0277671,0.26257768,1.2021112,1.1964985,1.3864647,0.22062418,0.5190147,0.38234022,0.9023147,1.3852984,0.11977809,1.9432172,1.4802269,1.9854742,0.09202808,0.4059693,0.12363914,0.56099576,1.11883,0.06765252,0.7706912,1.2592765,1.3699973,2.769923,2.0004153,0.9073611,0.7530988,0.0052326308,0.24132992,1.5716835,0.60651296,1.8709452,0.38783932,0.2879963,1.6703564,0.60419804,0.0,0.46102566,0.21485029,0.4326813,0.392459,0.3452322,0.48030603,0.23917434,2.179694,1.108948,0.6888296,1.936025,0.39879373,0.67009085,0.50812703,0.30651695,1.2566615,1.2232043,1.680971,all_pothole_images\pothole_images_image_69.jpg
0.085844524,0.33016258,1.3590047,0.51444274,0.869723,0.40120876,0.6499406,0.17266995,1.5200597,2.1588926,0.7933686,0.4146995,0.15583204,0.31404716,0.18117836,0.4393102,1.1645074,0.8873755,1.4612682,0.61276805,1.1527692,0.45312193,0.23886007,0.7369627,0.68521506,0.9654908,0.8502571,1.362756,0.116857,0.744855,0.0856447,0.20579404,0.47747874,0.74532783,0.0,1.5551503,1.0113587,1.4395416,1.1126802,0.5261594,0.8134886,0.45092416,1.3146662,1.9708325,0.43674964,0.16421969,0.11776892,0.0695693,0.53894883,0.080203675,0.9880253,0.38811415,1.0562079,0.055329148,0.2997154,1.0944979,0.37848905,1.1861432,2.3451884,0.100552894,0.8941612,0.50699764,0.06330801,0.2891548,1.093492,1.0165855,1.7469943,0.86762464,0.76224875,0.37207952,0.027658034,0.05982059,0.94334626,0.80919194,1.1908777,0.37972102,2.3875334,0.24047792,0.5313647,0.07360459,0.34141225,1.667121,0.10815293,2.0793533,0.8470173,0.08155474,0.3160175,0.13837126,0.38277796,0.28044057,0.58158344,0.819441,0.11031079,0.0,0.69378316,0.09471382,0.8345533,1.8455558,0.33579913,0.08840264,0.01562501,0.80300856,0.12658337,1.1158392,0.06670537,0.660635,0.40789363,0.0,0.12466812,0.20610842,0.25078827,1.1446528,0.16597983,0.058883607,0.41726685,0.5167845,0.8488673,0.20813008,1.1024454,0.8827731,0.7992473,0.84431314,0.82523626,4.282436,1.2749244,0.5650951,0.6906597,0.02210145,0.655689,0.03668981,0.1104312,0.17342131,0.0,0.6380176,2.11992,0.383741,0.8143945,1.3712656,0.42949644,0.5639809,0.083313696,0.35686898,0.9555571,0.12927407,0.70952374,0.25661606,0.45297724,0.28865427,0.21879785,0.04663764,1.6243862,0.30502588,0.12248625,0.5442434,1.341663,0.43136916,0.099983454,0.21234061,0.0,0.6263342,0.47944188,1.630205,0.08247898,0.72656965,0.22213532,0.18215878,0.63392156,0.61252886,0.39868638,3.0487995,0.55169934,0.16052482,0.06915901,0.3772211,0.0704957,0.3392702,0.2043733,0.058339056,0.22752899,0.08991391,0.10825567,1.0819808,0.81972986,1.9435606,0.010127789,2.703833,0.1515374,0.1161178,0.6229151,1.1432159,0.109018594,0.010170507,0.62349343,0.011918637,0.4548065,0.53191537,1.45304,0.7877303,0.79858357,0.52086425,0.105471365,0.3267433,0.24266946,0.09664567,1.1860071,0.1170977,0.2604159,0.9493796,1.0653563,0.5982103,0.3018356,0.0010018105,0.6743631,0.23145613,1.1261574,1.3477496,0.23204201,0.28716028,0.36553612,0.23931158,0.9334547,0.33849567,0.27627596,1.3709906,0.030416505,0.13864145,1.4782903,0.55100167,0.26595247,1.2354486,0.5476687,0.40200934,0.5773788,0.57455224,1.6377763,0.073537536,0.5139707,0.49523577,0.13303852,0.62448865,0.29513204,0.46771523,0.06585143,2.3046923,0.3082669,0.0010800853,1.6313822,0.32972145,0.33807862,3.4270344,1.5603924,1.2189698,0.07288096,0.8475253,0.55337584,1.2363883,0.21999569,0.67355597,0.07960949,0.8867442,0.23523828,0.42560226,0.51859814,0.38580543,0.3069811,0.32746318,0.34223524,0.08415448,0.44819915,0.001183576,1.0189512,0.117133565,0.3489028,0.23184697,0.54905885,0.59624153,0.011592082,0.05199209,0.6627376,0.33571398,1.3360928,0.53102684,0.42837688,0.07426942,0.076168604,0.31659096,1.420692,0.92407715,0.77060825,0.11975095,0.71456677,0.24158664,0.3571564,0.30373874,1.3900034,0.41526225,0.25240955,1.1518984,0.3243335,3.8610883,0.2520475,1.7917894,0.006683868,0.07055369,1.5190022,0.08876247,0.6526165,0.348153,0.32042927,0.39628455,1.4169265,0.04297927,2.9122095,1.5001692,0.038216524,0.41030565,0.41675314,0.5463392,2.5266087,0.6758475,0.40439457,0.2574377,0.67763674,0.14059973,0.6519339,2.0478587,1.35582,0.10575152,0.3720859,0.13721357,0.7730472,0.2901749,0.600442,0.20140186,0.5659459,1.6806345,1.7942134,1.6671836,0.6247341,0.101709224,1.2660769,0.31473243,0.57188046,1.0412542,0.73955506,0.079112865,0.0274805,0.48898128,0.24919316,0.27022067,0.61610925,0.47086033,2.3406365,2.172794,0.028523255,0.8849966,0.0367153,2.3995318,0.5748987,0.47924346,0.3442517,0.029385578,0.5239663,0.517645,0.87950295,1.0824525,0.9017821,0.18159005,0.182676,0.1853517,0.468543,0.32154173,0.6526886,0.1042026,0.61947984,0.2435687,0.85821,0.23897575,0.4653921,0.28382358,1.4980565,0.37334573,2.0389273,0.010667994,0.07752382,0.52177787,0.9154646,0.03698842,1.5261755,0.9202434,3.5672731,0.01762348,0.47933057,1.8084031,0.5577199,0.060175262,1.0986605,0.19997689,0.33273697,0.0055809123,0.9696898,0.12059582,0.5380232,0.12270538,0.120305456,1.5631956,0.5807582,1.3076293,0.5593134,0.86285585,0.08609115,0.063882574,0.78683406,0.5882722,0.053835616,0.24636453,0.6749373,0.032453097,0.42979982,0.46660754,0.22748236,0.26324144,0.87502927,0.2390271,0.64134777,0.16432852,1.0975549,0.01840893,0.0021282546,0.028298816,0.6550559,0.82985836,0.2793352,0.38940394,0.59801674,1.074892,0.34188315,0.6076032,0.79168075,0.08252717,0.2595014,0.12439154,0.17864934,0.23736967,1.1425124,0.15112224,1.918774,0.17255405,0.0,1.341065,2.777837,0.7479447,0.18966281,0.36367026,0.38260475,0.8036329,0.0,1.6679833,0.18775865,0.6685456,0.9041555,0.0036775202,0.52114594,0.0,1.7817929,0.41393164,0.22648904,0.0171632,0.36465052,1.4914628,0.0591308,1.2995788,0.004652167,0.0,0.035662927,0.13392608,0.6528941,1.1263312,1.3863391,0.87817615,2.0791967,0.3570542,0.57600516,0.22941089,0.038939856,0.3758232,0.66852957,0.83970237,0.56262916,0.0037287797,2.9156454,2.3070383,0.59409726,0.24304272,0.008078297,0.012742327,1.067455,0.16833076,0.07006594,0.13341314,0.45114917,3.4208617,0.6602347,0.4174992,0.61019564,0.04694184,0.04033667,0.08014223,1.4409828,0.4886239,0.2994825,0.41332486,all_pothole_images\pothole_images_image_7.jpg
0.4970406,0.8220979,0.08479325,1.889728,0.14417638,0.4424329,0.047757156,0.0064853257,1.1540285,1.6138648,0.032870844,0.5734047,0.17141269,1.0542897,0.3865807,0.43502745,0.7368695,0.42421442,0.16847299,0.22457507,0.4306231,1.2356747,0.20838644,0.7815184,0.34692338,2.063601,0.51031035,1.6992421,0.0026191673,0.0,0.18313181,0.23289543,1.1895918,1.3628749,0.087256566,2.3424501,0.26202816,0.7139089,0.15105334,0.19252999,0.80267364,0.051800415,0.54579276,0.4957629,0.45560148,1.1040839,0.23786348,0.6934327,3.100947,0.22233517,0.48581257,1.2611659,0.26147175,0.020755326,1.0329429,3.0764823,0.81065035,1.4230353,0.6060751,0.15003373,0.09835407,0.065903746,0.040203482,0.52612394,1.3499712,1.3048558,0.13015239,0.43460584,0.94476146,0.8388952,0.46108735,0.021854484,0.9729458,0.97856224,2.120753,0.6500216,0.102157384,0.26285437,0.55316705,0.8851835,0.0034037575,0.19041996,0.50010204,1.5909442,0.5656384,0.13263251,0.3319612,0.17162564,2.0100908,1.3916931,0.17905904,1.1336497,0.8709748,1.235378,0.8587145,0.2086476,0.03801817,0.621032,0.87514585,0.5514218,0.4352438,0.5986018,0.96087825,0.7550134,1.686957,0.11785921,2.4802551,0.63822603,0.90308607,0.8388601,0.111167125,0.61570406,0.27878797,0.59585583,0.6239293,0.14355974,0.5411996,0.2882225,2.0421703,0.6210055,2.2252038,0.27952114,0.39011115,0.47635078,1.0563077,1.2947977,0.54838395,1.2505666,1.0260612,0.3526294,0.059688874,0.0012669942,0.24079044,0.26601553,2.3791878,0.80103076,0.4248238,1.5635302,0.4554207,0.115814574,0.34998134,0.14435259,0.6021612,0.21880448,0.21067953,0.19918329,0.29366472,0.08279527,0.29816592,0.17102003,1.2963831,0.04958891,0.9826926,0.9947209,1.4433469,1.0912917,0.9963583,0.21787608,0.4508396,0.83453256,0.59472406,0.56660604,1.2725714,1.521792,0.12148693,0.109020315,0.16718109,0.03252869,3.5260427,1.0562388,0.78694767,0.32062656,0.0,0.11528226,3.0456557,1.0919017,0.17042263,0.2783587,0.0925052,0.7787975,0.3730962,2.9444697,0.37711972,0.8228648,2.3462846,2.733714,0.21998698,0.71683717,0.36908224,2.0842283,0.7587283,0.022356633,1.0413476,0.2096825,0.8541911,0.92166525,3.0222292,0.007586541,0.8129291,1.1294087,2.1660476,0.07853916,0.91839355,0.30969515,1.0855372,0.46169487,0.48490277,1.131103,0.402654,0.2918907,0.05721399,0.121348456,1.305324,0.51128536,1.8371497,2.3534918,0.08977886,0.21638998,0.23040417,0.9636989,0.5228213,0.71229476,0.92712,0.19614309,0.0,0.26307148,1.1693672,0.42585537,2.3635836,0.21782735,0.07370599,0.03984281,0.10678272,0.47820818,0.2797386,0.036065165,2.6787097,0.36051714,0.05531198,0.59467405,1.6871356,1.9175813,0.46545315,0.97720474,0.8871347,0.063851945,1.4677444,0.22909006,1.9227322,4.713981,0.93454856,0.9573233,0.84538394,0.49401528,0.20544975,0.042684544,0.432331,0.10694653,0.06073955,1.2204243,0.10112311,0.5676964,0.25433534,0.5468269,0.7665634,0.12215164,1.0270505,0.2853015,0.27922672,1.0980542,0.24277869,0.0,1.1056787,0.16682377,1.1568351,1.37482,0.36047348,1.2786226,0.064331695,0.616468,0.86298054,0.16409022,0.66709197,0.69883996,0.61448336,2.2924294,1.440593,0.53893316,1.2606393,0.8671744,0.3624822,0.28302264,0.15970205,1.1234244,1.543556,0.12154767,0.013332638,1.3276745,0.67443156,1.4371185,0.70274043,1.7959052,0.72536826,0.26312205,2.7840657,1.1424875,0.3617175,0.0012874971,0.23612034,0.524566,0.34805036,0.52637476,3.0529878,2.4881606,0.2646746,0.30824596,0.008286951,0.3424604,5.194689,0.45428863,1.1033441,0.007160595,0.3026798,0.93737054,0.7483913,1.7823722,1.8420371,0.08420455,0.09391543,0.06970335,2.6341004,0.02758503,0.35719824,0.12844563,0.22820355,0.4217565,0.9003307,0.3163076,1.087831,0.2135833,0.7937247,0.081999995,2.5922165,1.7194144,0.9374044,0.52893597,0.33416432,0.19052984,0.9390343,1.3452195,1.1605331,0.4656623,0.11435024,0.6030108,0.74108416,0.5962354,0.009519265,2.4171,2.6595013,0.7273636,1.3213009,1.7053529,0.72223634,0.4407477,0.43246424,0.57208234,2.3391154,0.10939271,0.504582,1.9162959,1.3637507,0.48643467,0.15938206,0.28013742,0.017809346,0.17156881,0.2735041,0.5450496,0.45497665,4.549936,0.72159165,0.78725827,0.5233113,0.32272288,2.582004,0.84374166,0.8506544,3.5015383,0.4663835,0.89936835,0.83302003,0.5500272,0.3162518,0.07527367,0.030891044,0.97498584,2.1101415,1.7891703,0.46309933,0.44015494,2.6879814,0.65153515,0.4540289,0.0024173248,0.05623642,0.1322726,0.66297203,0.45115358,0.37334046,0.41533133,0.8360671,0.6152077,0.16027066,0.3024276,0.1644187,0.09090365,1.8987236,1.2479124,1.1755166,0.50703,0.7788836,0.5029656,0.19244626,1.0413703,0.52631164,0.042338956,0.075870305,0.42919075,0.37165338,1.3802003,0.637089,0.44881594,1.307016,1.358181,0.52885485,0.9762559,1.1620888,1.2510717,0.4984393,0.9623908,0.49853826,0.451674,0.6595456,0.9951908,0.8980983,0.37655506,0.13145831,0.26667732,2.9572737,0.8051883,3.3005016,0.2572708,0.19066755,0.07970568,2.8053513,0.6267241,0.42043698,0.45358047,2.4859626,1.2231513,1.8784851,0.6983839,2.2986763,0.29760572,1.2093589,0.057745155,1.1835469,0.0,1.3547541,0.33816722,1.5380261,0.31377512,0.038149808,0.4167264,1.2280135,1.2248576,1.4256521,1.8246889,0.38734895,0.0696771,0.0,1.8001345,1.4893123,0.023737663,0.5946366,1.070237,0.6290294,0.16795006,1.0102,0.49457845,0.94539404,0.28392696,0.7524807,0.35206705,0.5286357,0.17189555,0.00078181573,0.87747556,1.1765332,1.924873,0.5284609,4.849393,0.8940349,0.46290717,0.98724824,3.641833,0.52963203,0.2875832,0.35024253,0.59485406,0.19995496,0.033879753,all_pothole_images\pothole_images_image_70.jpg
0.3108475,0.28479427,0.64407504,1.2595763,1.5335546,0.1368228,1.645813,0.027950425,1.0737088,1.9289192,0.79095775,0.50561297,0.1167305,1.49342,0.18965437,0.6786832,0.022972306,0.70243144,2.5353026,0.8381911,0.65979826,1.1710863,0.2537975,1.7747992,0.67436105,2.5573668,1.9208179,2.1938188,0.06320817,0.06335385,0.07773491,1.0739257,2.0615745,0.5772055,0.6410451,1.6786368,0.35880163,0.8407398,0.047377825,0.07392537,0.5205607,0.70747405,0.9524768,3.4498928,0.40834007,0.7820051,0.9693212,0.009281649,1.3635876,0.6424886,0.9746026,0.6956006,0.9434068,1.201439,0.29696244,1.3223752,1.6889726,0.12275079,1.3186408,0.0020552855,1.5927042,0.27106825,1.8238189,0.46950334,0.9459137,2.072525,2.2408001,1.1654192,0.13781394,1.2142372,0.028773597,0.17272212,0.21287271,0.29739606,0.9690349,1.1222537,2.0678098,0.18403497,0.07577543,0.32997996,0.18251762,0.19834572,0.99513006,0.6509431,0.51137054,0.370526,0.013291222,0.09269559,1.5580876,0.10530613,0.45706853,0.20772758,0.0,0.0,0.0,0.123541676,1.1320822,3.276602,0.07461435,0.15911561,0.0,2.746438,1.3484432,0.10356806,0.37403682,0.3829552,0.17613932,0.3137556,0.76303774,0.4243753,0.63978255,1.2064285,0.08881324,0.43083915,1.047518,0.03494084,1.1054113,0.14755553,2.8921225,1.40154,3.3000388,1.8529994,0.22579053,3.687544,0.9820069,0.67473507,0.43155533,0.3448174,0.11763745,0.11373559,0.8025615,0.18615806,0.71744394,0.72712564,0.15660818,0.03198594,0.077219576,0.101697505,0.49984524,0.049206212,0.5996873,0.02871816,2.52866,1.7894253,0.51563764,0.65684235,0.1591198,0.0047968053,1.5185552,0.9633291,0.7527641,0.22440599,0.0006227604,0.0052231,3.3274932,0.4223297,2.3015213,0.36372367,0.05877021,1.579074,2.6731582,0.2983933,0.04823909,1.4811656,0.43277273,0.07432035,0.97394675,1.0528877,0.19231345,4.5791006,0.11682561,0.32883748,0.22648811,1.1096387,0.0077962945,0.36432132,0.41144726,0.08506072,1.1408429,0.06750418,0.1576002,3.0591252,2.8067539,2.1511838,0.11020099,2.2890904,1.2182386,0.040168308,1.5006667,2.2681649,0.25434956,0.12555596,0.7449445,1.2473089,0.91892177,1.5675904,1.8025514,0.6537062,0.30152828,0.5405672,0.0047074845,2.0377243,1.178625,0.35951146,0.998094,0.23834251,0.6712632,1.3569912,1.0678886,0.13345754,0.0,0.41894802,0.5696958,0.84623384,0.675795,1.6390063,1.3314552,0.66529644,1.50298,0.41455466,0.24926282,0.6048909,2.1251223,0.5308785,0.0647293,0.4015764,1.7336752,0.9591298,0.7190181,3.2047312,0.19485283,0.53506297,0.28975087,0.17609252,2.5540721,0.0,0.89306885,0.03822755,0.004548631,0.002856738,0.27227938,0.3547669,0.08542777,2.3003192,0.22042155,0.43184826,3.404409,0.19318311,0.46519524,4.1276364,3.461308,0.8615959,0.17471625,0.4701221,0.612345,4.378493,0.7771428,0.2702894,0.9473392,1.078669,0.39818284,0.25366187,1.07665,1.3111538,0.16900471,1.2230953,0.035814952,0.61593306,0.37559572,0.07809191,0.0758886,0.16775446,0.30480015,0.5446861,0.41655883,1.4161206,0.37727806,0.16953461,0.8567473,0.33889037,0.11002318,0.6254892,1.9565862,0.035213582,0.47080657,0.20409666,0.98825365,1.0479802,3.5292542,0.0011578433,0.36993006,0.9436878,0.37524134,0.8103175,0.022605529,0.647636,0.548126,0.87238145,0.3782608,2.0919712,0.11397177,0.8410317,0.6667358,0.032893565,5.1238227,0.6287053,0.18730545,0.80844194,0.09853178,0.8136706,0.7008471,1.1706692,3.5616987,2.1712549,0.27813026,0.5073237,0.7118426,1.0249989,2.785027,0.40830803,0.4963321,0.05158299,0.29164484,0.09382164,1.7320431,0.061422765,1.490735,0.048678756,0.32761547,0.13079843,1.0019343,0.13257645,0.016539825,0.032187816,0.9949677,1.7057496,1.8065599,0.5361582,0.43199247,0.16149445,0.7275586,0.74387413,1.4157811,0.06985827,0.39297912,0.12790428,0.2287015,0.11724782,0.2650495,0.24227364,1.6038,1.1399521,1.9743246,0.050470926,0.039269693,0.75766706,0.51727843,0.61682665,0.8915401,0.05552059,1.3648915,0.23808584,0.36935398,0.06276001,0.2914157,0.69468844,0.6734086,0.08091664,0.79961663,0.80576533,1.0163529,0.7865089,1.5449221,0.74623245,1.4994031,0.83914745,0.6505998,0.0006805,0.44931877,1.2387172,1.3465796,0.077079006,0.836687,0.667617,1.5109605,2.2135832,3.0937824,0.16751191,1.1266972,0.15888666,4.500056,0.088096,1.9900154,1.1138524,0.26971692,0.26460004,1.4745601,1.5164069,1.0860562,0.0,1.4950253,0.48578957,0.14047039,1.4119568,0.14240812,0.50100285,0.3532655,1.9268341,0.17966035,0.47806984,0.8334249,1.3682721,1.0176195,0.60193807,0.15273377,0.504923,0.57832855,0.19854058,0.39529714,0.15478376,0.937123,0.10868734,2.6630797,2.5223548,2.2818272,0.16810277,2.5512307,0.36535215,0.05211143,0.10317313,0.38715407,1.5330664,0.6457764,1.9565986,1.8123941,2.290442,0.5478824,0.9075218,0.061092082,0.0,0.31669867,0.11854328,0.21760048,0.016882734,2.2859058,0.008797923,2.49255,0.30710757,0.7083474,0.74101335,1.9786918,0.27581957,0.27646664,1.2081896,0.4599803,0.51636636,0.6909383,0.6501979,0.11893976,1.0599333,2.345509,0.35039634,2.1264386,0.59302706,0.378011,1.1563624,0.045253184,0.05663119,0.71505797,1.9285729,0.3403337,0.8584649,0.3113927,0.28123677,0.1109073,0.54211426,0.2489842,1.2295694,2.1801412,0.25859854,1.5400115,2.352662,0.58941114,2.1067197,0.0,0.49391407,1.323923,2.5379038,1.0604962,0.48194027,0.07840058,1.8545473,1.7688601,0.73257244,0.20492542,0.0,1.4271065,0.054468967,0.4208701,1.1608477,0.18922198,3.2087164,0.40729764,0.64002746,0.77516764,0.1595627,0.088892244,0.04995129,0.4639111,0.25140658,0.3584175,0.59060156,all_pothole_images\pothole_images_image_71.jpg
1.1386063,0.87061566,0.9679413,1.4495673,0.4318774,0.6229427,1.5131477,0.22878227,0.54160166,1.7903211,1.0591716,0.9770963,0.29730743,1.461821,0.07686978,0.96335244,0.19996098,1.3970088,0.5053772,0.105840474,0.8701108,1.029629,1.1548476,2.3241742,0.36696133,0.92365324,1.864766,2.158478,0.30014712,0.179135,0.11697541,0.089084685,0.16788517,1.4159362,0.14026082,2.4897425,0.21551979,0.9960325,0.51320064,0.17957547,1.493448,0.8261988,0.956892,0.8187841,0.3238027,0.72565126,1.8231487,0.1507859,0.2207195,2.1251676,1.1903071,1.1143407,1.1843622,0.23640622,0.5100761,1.9536945,0.6631945,0.35161453,0.5584294,0.34781507,2.8097427,0.74598265,1.5649965,0.81140494,0.8545655,0.7921636,1.9725288,1.2300198,0.045377493,0.6638809,1.0153551,0.16816574,0.14939258,0.13585731,2.0896077,0.44393784,1.9523878,0.45771268,0.7840741,0.0023248978,0.152926,0.028672291,0.2223361,1.3211137,1.9990155,0.52543443,0.4903028,0.026681991,0.2723893,0.32660666,0.35639712,1.4806708,0.0027854135,0.21772234,0.106733605,0.3561741,1.002693,2.4444299,0.09361824,0.9181543,0.8325432,1.1795273,1.1429704,0.763635,0.70736396,0.689542,0.6814899,0.048823584,1.0744312,1.3888521,0.028650662,0.6603912,0.12114177,1.3018373,0.66197956,0.2848038,0.2675559,0.43126202,1.6688843,1.3666575,2.7435396,0.84555644,1.0750676,1.2408031,1.5715164,0.37915218,0.46493772,2.015085,0.49270606,0.44388837,0.89709073,0.21599862,0.82605135,2.477238,0.108202934,0.124182254,0.5441191,0.06017235,0.015780428,0.14640726,2.5253549,0.07012426,1.1804872,1.6172605,0.5504095,0.7233666,1.0573981,1.4039028,0.19809617,0.40893355,0.345921,2.4436793,0.5026568,0.13276017,1.7304697,0.13711414,0.4833991,0.52054286,0.050489716,0.81621486,1.6412537,0.67057604,0.043208536,0.18344952,0.85453826,0.0,0.82114875,0.8631452,0.23360305,2.5682938,0.9472728,0.0,0.069286965,1.5982767,0.14720367,0.93169636,0.046659034,0.0029740562,1.3031744,0.71333003,0.8031409,1.208033,0.88352895,1.8480545,2.3570004,1.354722,0.83409107,3.617977,1.3332407,1.0260363,0.4092175,0.120627694,1.0368108,0.66683275,0.010849846,1.3596163,3.0232651,0.36301243,0.86438155,0.22708635,0.5810144,2.9442525,1.4041148,0.08665001,1.8423454,0.49018854,1.7998031,0.082437254,1.651468,3.2115946,0.1914464,0.76650107,0.58412874,1.4276155,2.6660836,0.8591902,0.7838756,0.28237405,3.3264315,0.017669184,0.54496217,0.6929254,0.6838685,0.108095296,0.10274452,0.060198363,0.8626885,0.43340802,3.010772,1.2040024,0.27868387,0.20689271,1.201909,1.1198018,0.46589088,0.026074493,0.38635537,0.27600992,0.17546926,0.26601458,0.2673265,0.6849162,0.101686075,0.50801575,0.0,0.20900391,0.5248999,0.8691774,1.4542085,3.1522226,0.03862899,1.3262184,0.25965652,0.26110172,1.1151885,1.4688132,0.6834396,0.30475414,0.06482854,1.7514085,2.1321893,2.1170876,1.0570785,1.0756897,0.21037002,0.028409295,0.43120208,0.25731787,3.2392597,0.0033904593,0.8873079,0.5769415,0.47565007,1.0913956,0.13745527,0.5530235,0.008564911,1.721331,1.0653697,0.630176,0.40201494,0.08766851,0.22935657,0.0104374625,0.5082461,0.57932746,2.536163,0.37930888,1.4598815,0.8771854,0.9833762,0.41214183,0.51519716,0.31845453,0.19622354,0.598131,1.6918375,0.07971703,1.6634033,1.330702,0.29471537,2.0414655,0.05931527,0.38682282,4.5612006,0.06838337,0.5046094,0.15178198,0.06412466,0.26580137,1.5950401,1.7204754,2.489178,1.9998391,0.32760364,0.538837,0.20487793,0.47679764,2.937983,0.04226379,1.3444173,0.29430664,1.1107755,1.6213634,0.34970322,2.1668725,1.0951881,0.03941062,1.6653607,0.5601956,1.5726125,0.023285925,0.81787294,0.66386443,0.13365898,0.29628643,1.6625508,2.0148196,1.1131566,0.07416031,0.22814572,0.6036925,1.762701,0.52408457,0.020436527,1.0014901,0.39524716,0.0102400975,0.25507435,0.7429436,1.6438721,0.21829277,0.898462,0.32390925,0.24333484,0.16095473,0.5267833,0.2620078,1.1288732,2.950276,1.1554475,0.29059118,0.10766113,0.5324715,0.089276165,1.2419015,1.9063095,0.32529804,0.7779747,0.0677115,1.3051338,1.4464571,1.3645977,1.6660441,0.71855503,0.45969296,0.46772492,0.33340544,1.111362,1.1109719,0.5571947,1.2249182,0.2750431,0.6608013,1.7906709,0.8659406,2.1124873,0.2597687,1.0790606,0.1459333,0.04317694,0.5039847,1.3539463,0.5465374,0.08076056,0.22707915,0.4500534,1.1501111,2.1872723,0.13040754,1.2338345,2.3387036,0.9714039,0.26591766,0.13893156,0.21510705,1.5575181,0.17288141,0.0881952,0.31589475,1.4830008,2.2198672,1.8907651,0.13718866,0.9841137,1.1038432,0.1992302,0.3499231,0.030777268,0.43225113,0.069587365,2.015443,0.97196484,1.2471706,1.4634304,0.06407464,0.42829883,2.5885868,0.8863463,0.29713446,0.25594357,1.0761003,1.4783916,0.85597193,0.1539493,0.9605789,1.139468,0.8996814,0.22536592,0.08296214,0.8980083,1.2940513,0.21641193,0.1529856,1.1389174,0.3660877,2.2631905,0.13592255,0.2282691,0.28898886,2.7478242,0.5800384,1.0094501,0.71176463,0.122873254,0.9240866,0.37552005,0.028606804,0.74389774,0.32490575,3.5387964,0.26254466,1.6829042,0.29582626,0.4486008,0.10165987,0.08599653,0.044140093,3.073599,2.0727696,0.64733183,1.1472881,0.00847266,0.28142777,0.34742677,0.3331405,1.1460202,2.7638216,1.7671013,0.10997158,1.0003799,1.8506354,2.5028548,1.2519562,0.024309387,1.1282051,0.73247504,0.0008097309,0.12752436,0.3710343,1.0221031,1.7151566,0.12177484,1.1881835,0.059746463,0.34466016,0.60422647,1.1330885,0.6594177,0.4332464,1.230264,2.6719067,1.0490289,3.017286,1.3011825,1.0810558,0.6569839,0.16297348,0.5678366,0.23863503,0.4613128,0.0,all_pothole_images\pothole_images_image_72.jpg
0.9830663,2.9829586,1.2371205,1.4476782,1.6933304,1.1722295,1.0222113,3.5205824,0.46703693,0.96799797,0.46788397,0.064941406,0.16042684,1.5267773,0.9640973,0.2854238,0.2767876,0.12814116,1.27842,0.18949237,0.3893188,2.4639301,0.8209831,0.79799813,1.6858538,0.7353381,0.48111185,4.0017166,0.6318159,0.80959,0.9025169,0.8896547,1.1831276,0.3082301,0.6221946,0.4280454,0.3542744,0.17064668,0.6255458,5.744988,0.26379016,0.08351838,0.66299874,0.3446048,0.09699289,0.7525407,0.009643881,0.16702925,0.7301458,1.5668467,0.3698427,0.07366331,0.63820505,0.6527095,0.33029103,0.8792471,2.0099373,0.31771493,0.06917917,0.43958867,1.4477688,1.1716008,0.7549756,1.3703077,0.10679739,1.8334014,0.16727395,0.6475593,0.505447,0.60775614,0.50011766,0.2401933,0.83086705,0.6320082,0.53651893,1.6981192,0.35545334,1.3150855,0.19229986,0.27172366,0.22414602,0.9599025,0.042807233,1.9190468,1.217592,1.2393717,0.13153234,0.018497542,4.5129356,0.06315756,0.4666422,0.5899864,0.019525584,0.93336904,0.54466,0.0635499,0.14890195,1.0035834,0.58141464,1.3210969,0.12255117,1.7584107,0.13525759,0.57502896,0.2464205,0.1493449,0.17903844,0.28706142,0.011342203,1.8546549,1.357575,2.2109017,0.5193786,0.18596917,1.279632,1.5413228,1.5353253,0.27742743,1.6284821,0.50646514,1.9755902,0.87635815,0.60563225,0.82715565,0.9929484,1.2352271,0.46212915,0.83447546,0.04627955,0.87578005,1.9032594,0.46505395,0.15562141,1.9726387,0.17241116,0.2751056,0.44287965,0.77583015,0.8311715,0.15831578,1.0668527,0.09825819,0.4056064,1.62214,0.5868965,1.0912279,0.17858571,0.21313283,0.97193503,1.5746613,0.5158803,1.3230805,0.07819204,0.78095096,1.6246655,0.5240917,0.8163561,0.47375908,0.20940682,1.8431017,2.1811714,0.35281232,0.7954425,0.9941671,0.91913664,0.37529314,0.690463,0.074115574,3.3637567,1.0352926,1.6309615,0.104410656,0.4224137,1.2895203,1.3958608,0.24783672,1.3620168,0.025408182,0.14809954,0.13782379,0.19352452,1.7947689,1.1577553,1.1199379,0.65504324,0.9563002,0.32610056,0.23226354,0.63805264,1.4599472,1.4583329,0.8575137,0.12605621,1.8363537,0.32132694,0.11351951,0.22062112,0.13883826,0.74894243,0.7544017,0.8752199,0.48181283,1.5583442,0.8692065,0.30240998,0.6998983,0.7852288,0.744546,0.8464679,0.44281837,0.9429752,0.4189774,1.8202434,3.2806625,0.6067467,0.5045097,0.84067434,0.41168827,1.3144852,0.7829225,0.8752069,0.27755666,0.4167527,1.6794685,0.10941998,1.7133281,1.306047,2.0170116,0.20579194,0.317564,1.1384727,2.3475678,0.3190571,0.85207146,2.1018066,0.21943168,0.2981908,0.48263705,0.322021,0.21015818,0.42988995,0.0018308253,1.0155213,0.65296334,0.20128673,0.034152776,1.1054527,0.7079569,0.8021928,3.7736757,2.6495304,0.050203227,0.63698786,0.99241394,0.22580901,0.30247152,2.3987932,0.09385068,1.8806214,2.820014,0.034233835,1.4387001,0.32041892,0.32773834,0.0807264,1.563072,0.20955731,0.6141843,0.88265455,0.39434335,0.42627785,1.0303162,0.91797966,0.8509421,0.53696513,1.3506142,0.28719488,0.5167091,0.47747585,0.61589223,0.22777514,0.55728704,0.29698053,1.0359381,0.8055391,0.14493942,0.8279084,1.210125,0.6272601,0.18029782,1.0648673,2.292948,0.05230472,0.2957445,0.0,0.9634734,1.1880935,0.7081702,0.4568904,0.498707,0.026457319,0.34243456,0.104334414,0.57627285,0.88161117,0.5274382,0.021623835,0.20724869,0.9620014,0.26209545,0.49648252,0.89325345,3.130057,1.0088329,0.20009741,0.9381468,0.009126079,0.5698172,1.9154266,1.0918714,0.0039944192,0.18297368,0.23266812,0.25300443,0.63665956,0.9342215,1.3809038,0.85296583,1.644601,0.89907634,2.705965,0.7494182,0.7329212,0.5669436,0.90577215,0.8472069,2.3678246,1.4041464,0.409096,0.7479475,0.29389375,0.71177036,3.130647,0.3036475,0.52741206,0.0,0.051505182,0.62254703,0.3103739,1.3255982,0.22630276,0.83607215,0.63804483,0.80785733,0.36149743,0.51388395,1.1350377,0.7313925,1.4570497,0.7348533,0.40971082,0.06497859,1.1413404,0.61344415,0.090830736,0.24837343,2.0993602,0.70482326,0.00663696,0.91029865,2.8035197,1.1389214,0.67769593,0.36982206,1.155821,0.14817996,0.43649083,0.1252503,1.614874,0.64402103,0.61623305,0.08841004,1.699145,0.68239874,3.1123998,2.4377918,2.0437245,0.47225624,0.3753146,2.8836782,1.9570848,0.41706607,0.07300254,0.5498804,0.09657076,0.0057685003,0.89500874,0.64554656,0.19126485,0.20318483,2.5996249,0.08755659,0.06688246,1.4588385,0.10596901,0.547482,0.6190418,0.26310164,1.1543083,0.0266284,1.4420502,1.4292096,1.6525142,0.53799206,0.15091941,1.0241736,1.2081282,0.71330017,0.9333375,0.25446773,1.6216589,0.10540502,0.5658918,0.5475454,1.2478654,1.0305328,0.5462395,0.513416,2.1050923,0.78830504,0.5099362,0.75629026,0.3649126,0.7314631,0.89543134,4.196962,1.1417732,0.93583226,0.28354663,0.2714972,2.1191936,0.037136935,0.16534366,3.456329e-05,0.8947615,0.28947836,2.606482,2.7636657,1.6623327,0.89377886,0.47998637,0.96626663,1.0218217,0.24466088,1.3203242,0.9578275,2.564665,0.87523705,0.40885994,1.3326544,0.5183613,0.11889113,1.0173527,0.815494,2.1950698,1.6775132,0.3451864,0.7731059,3.5249228,2.677313,1.0523549,0.18497142,0.19140734,0.6140237,0.585735,0.20420393,0.022312421,0.23656642,1.3540201,1.0406052,1.8997188,2.4727454,1.2139319,0.39716244,0.0076928027,0.15851608,1.5369633,0.20212416,0.50330144,0.35412776,0.45929873,3.3319054,0.061275862,0.03928231,0.111007534,0.015101493,0.076923154,0.29422888,0.2508062,0.13900807,0.7702839,3.1986568,1.0254393,1.2232519,1.6323079,0.1306753,0.20069185,0.47012818,0.669646,1.3903654,1.1170492,0.025906477,all_pothole_images\pothole_images_image_73.jpg
0.33945635,0.35644284,0.027879898,2.8624961,0.015812175,0.012127533,1.8785449,0.00076329487,0.5112795,0.24743535,0.31725034,1.341942,0.32453606,1.5070666,0.41478893,0.23124157,0.2209257,1.5158408,1.034711,0.052932076,1.6273943,0.03738205,0.26580888,1.5209438,1.5246502,0.04295785,0.4271754,0.6817681,0.35770524,0.14401282,0.07890952,0.107283354,0.0,0.45843288,0.020432752,0.8763781,0.71454823,2.0959635,0.30517232,0.16382487,0.026892086,0.36391056,0.5233188,1.4272071,0.45004997,0.78929216,0.31228045,0.14218232,0.030946864,0.33326405,0.87463516,2.5505805,0.18731566,0.24265893,1.249783,2.534389,1.4666959,0.9051839,0.20475876,0.38279685,0.20785439,1.1989733,0.3050291,0.3621848,1.8023282,1.7988546,0.37391165,0.045927595,0.48768413,0.0,0.9092118,0.03507733,1.1619513,0.78390753,0.7898019,0.27332172,0.111114696,1.1024576,0.26807067,0.009724078,0.18782622,0.5662488,0.2393025,0.49880108,2.0451233,0.019910756,0.07099861,0.38360524,1.7627871,0.23059669,0.42677435,0.04650672,0.9959155,0.6796358,1.5599754,0.13520911,0.852035,1.3493979,1.6773249,0.98134905,0.30888247,0.8363476,0.9240291,0.19213048,2.275871,0.5406626,1.3711197,0.71793973,0.13672271,0.5091047,0.026972754,2.6155083,1.4381844,1.8894762,0.30022416,0.53761935,0.051838003,0.73576736,1.96603,1.3482778,1.9183253,0.41975072,0.0040321643,1.5154345,1.213192,0.0027260883,1.0903434,0.32708615,1.3248764,1.0320103,0.53290164,0.061248682,0.10192483,0.8621247,0.13271374,0.1388642,0.84820586,0.9605215,0.047259282,0.0,0.21188961,0.89259034,0.7509197,0.44945845,0.734545,0.107671194,0.25095746,1.2763445,0.25549313,0.24347834,0.051707618,0.65792954,0.054515745,0.12753633,1.8732318,0.46282926,0.037830275,0.1683072,1.7560925,1.7704084,2.7976344,2.4198089,0.2517061,0.68918186,0.68621725,1.6929032,1.0710256,0.13252991,1.6661912,1.2086388,0.08839566,0.70842284,0.57869416,0.33285105,0.79192847,0.4608746,0.0020039862,0.02964662,0.31833756,0.10349795,0.2399443,3.4726574,0.75606257,1.587279,2.102337,0.8584382,0.43605614,1.7321045,0.72863144,0.53022903,0.23528811,0.3383626,0.11083994,1.528001,0.02043145,0.20523427,0.84948933,0.96776164,0.85604453,0.95878005,0.616101,0.3131943,0.1939612,0.8296102,0.10349704,0.003787031,0.123111404,0.07313626,2.3638425,2.2871697,0.0,0.92330384,0.35361838,1.072706,2.268886,3.337135,0.84697247,0.22442387,0.115351714,0.09922942,0.23325418,0.06543536,0.41229612,0.47962245,0.0,0.056923058,1.5907309,0.30591846,2.3855553,0.9249845,0.76725876,0.0,0.27061442,0.06409589,0.01049527,0.6571302,0.6085605,1.0490454,0.084869124,0.025326915,0.42203185,0.21691163,0.56043786,0.3330008,0.048958864,0.013135022,0.50704014,0.57980454,1.392541,6.0605927,3.1221743,0.5405935,0.0,0.909942,0.63421047,0.11727896,0.1938596,0.99903196,0.47223687,1.4442624,0.5676081,0.7634947,0.16184734,0.18026394,0.6988982,0.38355917,0.9470989,1.093088,1.9848943,0.043999467,1.0686322,0.005758382,0.57325727,0.30480155,0.097183846,1.9909939,0.04288008,0.8787437,0.36638236,1.1223434,0.26336554,0.009937204,0.4991353,0.07721208,0.021779498,1.0755113,1.4449189,0.15636015,0.67953724,0.44991994,0.035264023,0.70158553,0.039008126,1.6332568,0.78955716,0.9795245,0.2999698,0.17944974,0.5894578,5.4428086,0.61886466,0.7678697,0.13277213,0.22854604,2.4894617,0.035829958,0.09164798,0.046108898,0.28947297,0.18379296,1.2072675,1.0376782,0.65658975,2.5583088,0.2874089,2.217032,0.038811047,1.4993731,4.6399527,0.5068058,0.40036157,0.0,0.46387807,0.8734778,0.02755948,0.6699708,0.5672879,0.05337851,1.2085931,0.5228857,1.2212378,0.07051373,0.42547253,0.5658167,0.7169719,0.0,3.6237319,0.7349324,0.19326445,1.2405472,1.0496215,0.023898441,3.5154655,4.15816,2.6308403,1.0638841,0.09481641,0.9862562,0.8410587,0.5471079,0.25998402,0.10974417,0.018280327,0.07257081,0.0,0.28898254,0.017106244,0.13275349,0.3690715,1.1083405,0.33175725,1.3917146,0.9406799,1.392358,0.11102833,0.09478467,1.4645398,0.10094784,0.3229609,0.08524044,0.5947399,0.8206507,0.4270943,0.119777285,0.31516922,0.5422054,0.6388363,0.19633186,2.35516,1.4045483,0.0020470722,0.0,0.44179368,0.64696705,0.71987,1.0432601,0.62848866,0.2483523,0.0,0.112518996,0.49231586,0.21537714,0.0,1.0931443,0.0,0.004300869,1.2730565,0.05490728,0.13547385,0.19702381,0.73708475,1.5843023,0.7772879,1.0125892,0.50515467,0.026727585,0.49077842,0.10741317,1.394743,0.59922385,0.49064562,0.9731187,0.15377459,0.62203103,0.021240238,1.2023069,2.0325875,0.12085228,0.1018672,0.0,1.85969,1.5000103,0.016379248,1.8743759,1.8906736,0.31795174,1.0878031,1.3834496,0.7370535,0.21321496,0.41489083,0.014726899,1.969547,0.6634974,0.75365394,0.411179,0.0101347985,0.3420853,0.69451684,0.011795458,1.1197066,0.08123444,0.036230307,0.2671,0.20507613,0.03460686,0.10877349,0.11396161,0.06189093,0.5623387,3.5187278,0.5729202,1.0324906,0.030629985,0.6397282,0.64357513,0.0703647,0.053754855,0.15787756,1.2935027,0.78899634,0.42296016,2.22406,0.47150028,1.9302547,0.0007220644,0.4600093,0.28533095,0.48308322,0.1916666,1.4827195,1.051966,0.091756344,0.08570773,1.3079972,0.37833348,0.5509407,1.5462979,0.0014435619,0.002391763,2.529616,0.9420167,1.2804985,1.4315802,0.21143344,1.2218027,0.32849136,0.035621393,0.84994256,0.20845279,0.09263313,2.6680737,0.5346726,0.02284299,0.0048664445,0.3822879,0.16396515,0.0063683223,0.0,0.33756867,1.2240236,1.9333189,2.486538,0.75497746,0.56024677,3.2311532,1.3591369,0.7923419,0.09338571,0.87750375,0.022069367,0.2867067,all_pothole_images\pothole_images_image_74.jpg
1.7955388,0.43488705,0.022633417,3.7732441,2.8129745,0.20151705,0.838942,0.49005437,0.11753966,1.2230612,0.89898705,0.69190264,0.16393311,2.0466862,0.012002315,0.059003945,0.45750877,1.2288053,2.192897,0.14973904,0.6926006,0.8477744,0.4825826,0.41094503,1.5282645,0.12278418,0.52155405,1.924454,0.10577435,0.08381131,0.15635408,0.23936011,0.0661334,0.19937703,0.7888381,3.1463969,0.92208004,0.3112135,1.3013601,0.2975088,0.12370351,0.3171679,0.16627435,0.89019245,0.3096801,0.35340765,0.7156648,0.3428621,0.6745263,1.1777711,0.7493047,0.6784295,0.24170408,0.16455263,0.66252804,1.2109374,2.8260908,1.0578011,0.36711004,0.3826878,0.3856814,0.24855785,0.26116192,0.84042686,1.6692985,1.4896032,0.6597356,0.0071257357,0.43710232,0.66108066,0.26826602,0.090408534,1.0032232,1.1510313,0.7541357,0.25472698,0.6403773,0.8427169,0.88930905,0.9696468,0.0,0.6426892,0.12743269,2.4432173,0.039361168,0.48713645,0.45903003,0.45496884,0.30793616,0.24473687,0.10240555,0.0084476,1.4290956,0.32150686,0.017872604,0.008370983,0.12338553,0.8026562,0.087259114,0.87307185,2.0493596,2.674408,0.3806276,0.004995188,0.48161864,0.12212102,0.22940692,0.68087953,0.48695508,0.20323175,0.1322518,1.0929505,1.3327924,0.22127077,1.2752067,0.5813542,0.08982776,0.54163724,2.1783035,1.0302919,2.3545969,0.40200123,1.1554796,0.57734746,1.3269849,1.8607647,1.3738574,1.197931,0.23056123,2.097992,0.46317354,0.27507815,0.4857206,0.20937869,1.6957009,0.99549085,1.3871421,0.6886875,0.13928193,0.09994594,1.194358,0.48019555,0.551966,0.70311874,0.50084287,1.9895107,0.40636188,0.6532891,0.16217314,0.08277648,0.6968995,1.4931262,0.6908695,0.49218693,1.9002835,1.5753412,1.3263308,1.1692061,0.5710897,1.4932923,0.7097487,1.0677058,0.849081,0.985752,1.299485,1.9585029,1.2470433,0.37925836,0.9796312,3.3172333,0.36556104,0.054965068,0.32167912,1.7987027,0.16370577,0.22550109,0.6131995,0.027363071,0.38674957,0.025298147,0.105431855,2.1429183,0.16812192,0.81606835,1.1900381,0.84016544,0.1560503,0.61573,0.52540493,0.87994015,0.46951565,0.18720946,0.2020083,0.20261145,1.5977193,1.3649929,1.179343,0.17028818,0.84276205,3.0260477,1.2149564,0.5811826,0.32744592,0.046069942,0.10785721,0.13160954,0.33000767,0.8035179,1.0856776,1.0914955,0.18913424,0.19320662,1.3219198,1.0462443,3.4954135,2.233048,0.115638286,0.57737577,1.1287854,0.34462574,1.4006245,0.3000351,0.99766874,0.5939677,0.031231388,0.44141734,1.4432513,0.34330362,3.2686772,0.42525247,0.24796988,0.11619486,1.7540705,0.09881181,1.4393941,0.09208445,1.5349001,0.36320713,0.9787478,0.45323858,0.22219475,0.4166218,1.1821997,0.6381439,0.6839207,0.036248308,0.7098386,0.48151594,0.23626736,6.6039944,0.22035314,0.48509082,0.10290985,0.6668564,0.20204838,0.20619293,0.5724548,2.2272673,1.3212144,3.376582,2.102186,0.82410693,1.5648766,0.15931614,0.1280055,0.19978271,3.2496126,0.1357818,3.8769338,0.056264788,1.03622,0.8151647,1.4033178,0.0728172,0.09816478,1.821033,0.20498028,0.4297301,0.7499919,1.7917745,2.063274,0.4969782,2.3841252,0.1513011,0.006947863,2.514544,1.0877589,0.48433217,1.408229,1.367389,0.0,0.027431691,0.08350148,1.5581975,0.36216772,2.1445987,0.3953739,0.4147667,0.19074407,2.9464405,2.2196589,0.041909557,0.3293232,0.22810687,5.433027,0.18860215,2.0239756,0.74510205,0.5868977,0.39852464,1.005865,0.33986625,1.453154,0.3908127,2.5702448,0.14756879,0.17402345,1.7577075,4.6958923,0.4031389,0.14015457,0.028454745,0.56652373,2.8644016,0.25454456,1.2979716,0.14838463,0.22391064,1.0832133,0.06601,1.1968462,1.0266964,1.3087356,0.9225947,0.057663266,0.22753508,2.5209775,0.08195493,0.70050514,1.1051949,0.43396983,0.01823689,2.4958932,1.2644945,0.31557867,1.9575851,0.0052289455,0.5301222,1.4078664,0.06796715,0.18399449,0.045131672,0.0062701376,2.3114998,0.50061727,0.042165153,0.5614883,2.765598,2.442505,1.6923373,0.008801426,2.9694855,1.8367498,0.72228855,0.26327762,0.0,1.3284853,0.7124298,0.0031966807,0.35771826,2.8374887,0.16607712,0.5839808,0.10922492,0.011711519,0.36604676,1.0864412,0.014828406,2.0007033,0.27239493,1.03347,0.4291292,0.52783513,0.7938371,2.2749095,1.169359,2.0521212,0.46847004,0.28309712,0.94868296,1.9859723,0.9851591,0.37784284,0.40697697,0.67318827,0.42740592,0.676838,0.2901072,0.8928641,1.2991059,0.72339207,1.1030178,0.7614095,1.0493488,0.71536154,0.16216862,2.5071673,1.0797902,1.0338367,0.04556535,1.2783391,0.0846509,0.15428466,0.46973005,0.55514085,0.29385152,0.04298331,0.6110519,2.0418384,0.0117782,2.1497965,1.498048,0.12159931,0.120430425,0.9266396,1.909306,1.0806495,0.87006235,0.59791946,1.2396933,1.1419506,0.9943409,1.4453208,1.2698154,1.8278158,1.5936856,0.31430453,0.24999075,0.014725527,0.5978878,0.445026,1.0927414,0.028004365,0.26067278,0.25510055,0.15564157,0.9315209,0.66727525,0.5291036,1.6159639,3.9240072,0.8285223,1.1175119,0.0,0.9672255,0.7118184,0.36418268,0.47984684,0.80192643,1.3495907,4.3770423,0.05143845,2.1274855,0.16913493,0.9371901,0.08673913,0.8482845,0.36788762,0.9641856,1.9144888,1.0620975,1.3811221,0.0010211342,2.096284,1.9014956,0.37542647,0.70758957,0.71931046,0.49857715,0.09486613,0.011320897,2.0943875,1.4347984,0.9852988,0.59324265,0.51318914,0.53442335,0.0,1.7961469,0.3078179,0.6628709,1.4812896,0.9956408,0.03602415,0.65814096,0.6054624,0.20166397,1.1232604,0.5246542,0.6749361,1.7688094,4.2317452,0.7358986,0.2985287,0.29043832,1.0511161,1.146521,1.0561938,0.012179744,0.54510516,0.06312762,0.30135396,all_pothole_images\pothole_images_image_75.jpg
1.7415228,0.9079906,0.502842,2.635493,1.2266624,0.4261741,1.4474707,0.25261042,0.19005063,1.40012,0.2516644,0.975629,0.011070892,5.1535406,0.77035093,0.5078166,0.12329226,0.8847408,0.63260245,0.061953425,1.061502,0.7143219,0.8740766,1.2874874,3.0796993,1.4712855,0.6906402,3.8130577,0.65547055,0.023675913,1.7332665,0.34539324,0.8615055,1.0834198,0.43554592,0.2017983,0.23176727,1.7254381,0.32911316,0.69929427,0.034183398,1.4828463,0.38753477,1.6730658,0.21759468,2.4051542,0.25514188,0.07288615,1.3677645,0.7016994,0.87911487,0.5156522,1.4058603,0.015463754,0.31393853,0.6136354,1.9400675,0.078298666,0.5743578,0.63361156,1.5813749,0.019325456,0.37109977,0.08713341,1.2748821,1.7193086,0.25852564,0.12390609,1.8391017,0.18688071,0.84811795,0.217633,1.1213613,0.03322769,0.317257,1.774542,0.21537556,0.278769,0.2587796,0.3622175,0.032811973,0.60945517,1.2879022,1.447642,0.6348844,0.6020524,0.029642649,0.26091006,1.9175254,0.370879,0.23549697,0.25905308,0.42027122,0.7130405,0.30395415,0.23326375,2.8979492,0.08437545,0.2429553,1.1364331,0.028673807,2.80112,0.7519104,0.60079485,1.7678865,0.32937992,0.89105606,0.97981405,0.543368,0.14535564,0.05762997,1.9891678,1.6705583,0.46722567,1.8603895,0.17082964,0.39634743,0.34962147,0.8433627,0.42686072,2.3228295,0.7063416,0.52373755,0.15431215,1.1204073,0.0,2.0531464,0.3044225,0.09584268,0.3426511,0.76121193,0.20152801,0.08601667,0.30805483,0.747226,0.67877907,0.81517494,1.3696077,0.53474575,0.1266279,0.45001528,1.2062782,0.4635339,0.91409355,1.033143,1.5462984,0.09080935,0.8489702,1.0897145,0.34954378,0.5803881,0.64826715,0.012470985,0.18694007,2.064987,0.20906182,0.55834454,0.76454973,0.6344763,0.48979494,3.3061066,4.325019,0.89816064,1.4078956,1.1138778,0.5520815,0.8349412,0.13997976,1.2393312,2.0318246,0.44990247,0.024760643,0.10271837,0.21282384,0.32366306,0.04598169,1.3529348,0.044524208,0.600186,0.09250485,0.029174447,1.9474076,2.0552754,0.3077731,0.79937655,0.7438658,0.6586202,0.9783515,0.46615335,0.9019914,1.0043864,0.32033923,0.38261148,2.2862184,0.537559,0.21614133,0.6928234,0.6682119,0.68121773,1.8317614,0.607055,0.88215595,1.6331071,1.2019064,0.13999623,0.2877255,0.1663076,0.07871767,1.3156952,0.8068767,0.7645205,0.57168514,1.6058947,0.09872446,1.3294494,2.2730064,0.96457684,0.35078576,0.58964556,1.235861,1.3728795,0.5948731,1.8326665,0.1973226,0.7670576,0.39623338,2.5366678,0.8341732,0.33957207,1.2583877,0.52636164,1.081438,0.35303342,0.6950155,0.4547769,0.09097231,1.7269549,0.85765445,1.0647486,0.23057899,0.7037926,0.6707734,0.95663464,0.8603601,0.04347142,0.09703472,0.6867259,1.0825319,1.2106683,4.9635296,1.9004905,0.12759097,0.41908938,0.8303687,0.0,0.66938907,0.15426354,1.0873661,1.5700079,3.0137603,0.9234673,0.53535587,0.5105186,0.37885144,0.052145977,0.7950939,0.41308317,0.28009164,0.9106894,0.24845594,0.7424534,0.1940204,0.51565945,0.28984597,0.7097395,0.79777974,0.56215334,1.6454036,0.4017847,1.3332927,0.7714443,0.03077194,0.9210307,1.0877346,0.8489232,0.8485144,2.0004363,0.97339654,1.5157069,0.25916845,0.0920632,0.09297749,0.430288,0.37941647,0.26047227,0.49479377,1.1429385,0.71518695,0.0020820084,3.446193,0.31127828,1.272384,0.03415791,0.08650336,1.6170623,0.48335597,0.034577757,0.67343295,0.004824378,0.704764,0.96958214,0.79860234,0.9085251,1.5630473,0.5052691,0.55192333,0.26064304,0.9036258,1.5332698,1.227465,0.28461435,0.2867086,0.81688255,0.5190595,1.3900833,0.40351468,0.055495486,0.57201344,0.5477091,1.3872393,1.4220808,0.34132805,0.0,0.7591829,0.99104416,0.44370607,2.8326335,1.2794466,1.1655686,1.8703281,0.39914808,0.5313124,1.4446676,2.0122368,1.2672096,0.23628682,0.3083779,1.1268595,0.7605934,0.28554016,0.19580474,0.637104,0.6885463,0.38483834,0.2587264,0.23543529,0.19556925,1.0798029,0.40688455,0.20884767,1.7205299,0.023794176,0.77408457,0.97874635,0.00016294127,0.026012264,1.756384,0.97403216,0.92788863,1.123276,1.3193213,0.28010997,0.6530251,0.7800866,0.08452638,0.08975202,0.061870098,0.2757078,0.4729386,0.062596425,1.8072447,0.2689497,0.06544319,0.6583753,1.8722901,0.78748226,1.3505485,0.10926012,0.017096482,2.6586094,0.84721386,2.061772,0.32579425,1.2957729,0.77729505,0.33076596,1.2340797,1.5045666,1.1022692,0.24081393,0.6470577,1.0830033,0.72058266,0.6702235,0.8126054,0.7470474,0.19446948,1.8539833,0.7636983,0.06658596,0.3368658,0.994531,0.027370749,2.0136344,0.0,0.25871655,0.69166297,0.6762327,1.8028026,0.054095197,2.2266905,0.82243454,1.4225582,1.3606997,1.7224088,0.12851898,0.32014024,0.314188,0.46482748,0.8746568,0.1638475,1.4168016,0.8807801,1.4264785,1.6150581,2.7993164,0.7010387,1.195693,0.05290727,0.22546065,1.5085042,0.88539743,0.0,0.009808888,0.0,9.365228e-05,0.3601228,0.64492255,0.07277248,0.23182398,1.1971297,0.6429716,0.24990457,0.5412398,1.0671538,0.3079913,0.8221954,0.16143425,0.073113665,1.279202,1.1689602,0.5763355,0.79896975,0.25271854,0.5098984,0.8659714,0.9133368,0.2578561,0.7419185,0.71697325,0.1900747,0.70500207,0.22788553,0.15225461,1.1033266,0.4642301,0.81089145,0.32681516,0.8550773,0.12632917,1.6483154,1.4689116,0.8027987,1.0667969,0.14474896,1.1200219,0.9877632,0.51954645,1.844556,0.0,0.8585571,1.4331506,1.1402732,0.08281982,0.35911426,0.31502175,0.7225053,0.108586036,0.9199321,0.6334222,0.37765315,2.0958266,0.83218026,0.8821889,0.24990702,0.1944545,1.2423483,0.623701,0.08261024,0.59428865,0.06877631,1.1937455,all_pothole_images\pothole_images_image_76.jpg
0.35110614,0.3987215,0.4416202,1.3783675,0.08951764,0.04237949,0.44489828,0.5778013,0.30079395,0.40249422,0.026215725,0.2916662,0.075265646,1.1016765,0.11562044,0.12112596,0.018843597,0.9060426,0.60342085,0.25678772,0.43950012,2.812074,0.058033425,0.013365845,1.2118446,0.3404307,0.4915969,1.1942647,0.099516295,0.13058642,0.16667317,0.1090539,0.47560543,0.2919082,0.2926813,0.74781626,0.111699276,1.5669713,0.08088808,1.2539426,0.0,0.021558644,0.17141756,1.9936541,0.5629561,0.029680291,0.044993836,0.0016183894,0.34096223,0.7174507,0.19765997,0.40096828,0.26983878,0.29241985,0.12166144,0.62605196,1.9366361,0.36560962,0.7217908,0.009097267,0.0753413,0.20678924,0.4591416,0.087322496,0.23968016,3.242048,0.64459944,0.12461536,1.7345078,0.1784247,0.48899212,0.1491855,0.014224919,0.12571397,0.14688365,0.011537612,0.06943223,0.03002882,0.06266123,0.15462707,0.0788313,0.013024235,0.2186376,1.5094517,0.39974314,0.046714563,0.24528053,0.32980213,1.7171745,0.3873273,0.11845376,0.0,0.014976841,0.26961944,0.055516805,0.27532393,0.31581056,0.43879613,0.67523855,0.07400821,0.29354113,2.1919656,0.41230556,0.022917932,0.048252884,0.6033623,0.11666007,0.1331156,0.033764668,0.09423138,0.00037351553,0.9202398,0.18913735,0.027662996,0.41297358,0.17174481,1.4954818,0.32474256,1.9010236,0.5527721,2.926049,0.33401847,0.054079104,1.2399374,0.33721724,0.5988943,0.044150844,0.24303801,0.41007435,0.026873296,0.39179236,0.00038518556,0.644363,0.013508925,0.75620884,0.23989521,0.21007915,0.543252,0.2972515,0.15509112,0.22413878,1.503683,0.2433683,0.644677,0.004099975,0.4057279,0.15818098,0.14596611,0.43376097,0.62770146,0.43300658,0.37709853,0.32780603,0.06185803,1.1114699,0.23753428,0.38284975,0.53875744,0.4983084,0.0068920166,0.31634107,0.7524129,0.051872067,1.3160921,0.015206576,0.018885782,0.6894455,0.2614002,0.85199785,0.50586057,0.012133314,0.019567847,0.12708598,0.052060053,0.5602856,0.031019835,0.048877444,0.0048955013,0.27034578,0.0418933,0.24925926,2.6125104,2.186238,0.9861201,0.34878737,0.6335796,0.074924245,0.03241312,0.16122818,0.25341484,0.23881584,0.6957838,0.021448012,1.6420122,0.41277927,0.41368538,0.28707266,0.057030883,0.045348946,0.40396383,0.43078208,0.046143755,0.9502526,0.7247809,1.6062002,0.11431107,0.35391128,0.44134152,0.66552585,0.030014781,0.0012606087,0.0,0.49152076,1.0055707,0.28470293,0.31924018,0.09153631,0.34779528,0.49407628,0.17744924,0.0076760375,1.5031582,0.028384272,0.17375204,0.011631486,0.3578872,0.54359025,0.14086157,0.3981302,0.21411075,0.22255975,0.03391304,0.6764648,0.11112773,0.14411391,0.02034809,1.1039882,0.024193209,0.016794937,0.2979187,0.10717507,0.013093631,0.026996756,0.14612672,0.09858275,0.0,0.2172132,0.07734922,0.015672583,2.8261127,3.0293584,0.33792332,0.18613815,0.041366518,0.1761535,0.47857407,0.6400692,0.3081749,0.4110868,0.99346596,0.046612065,0.0040987767,0.35791653,0.75912553,0.4917763,0.15350522,0.65791446,0.4362328,0.71206355,0.3397882,0.3348215,0.005460805,0.07937043,0.3463859,0.71156496,0.41734046,0.6243498,0.057403997,0.43678123,0.3129874,1.3664261,0.03803368,0.08883575,0.12584515,0.34694085,0.03327572,0.52303517,0.18192424,0.65323645,0.29329965,0.0032239368,0.05372668,0.067974,0.1415266,0.12599659,0.06142184,0.10272701,1.73667,0.27098954,1.24652,0.17178212,0.3928471,0.0,0.6683027,5.105487,0.35602963,0.0,0.4508023,0.11670803,0.09774107,0.5299078,0.19553559,0.8359346,0.46349669,0.021625664,0.18118419,0.038309075,0.46526927,2.1561909,0.0,0.37567195,0.0066971267,0.10417189,0.044572033,0.086763,1.4242946,0.65723354,0.025013544,0.21753556,0.05278624,0.55329967,0.26337788,0.23198886,0.024910267,0.0046379324,0.42416894,1.1378952,0.15228836,0.3560317,0.0012842215,0.11784456,0.63126093,1.5257245,0.013093698,0.3573548,0.6138913,0.0016872322,0.011503471,0.3163632,0.54179347,0.48650804,0.2243525,0.1243709,1.2382656,0.1925953,0.4851913,0.45549968,1.7420154,0.57918936,0.6413006,0.0018312074,0.0032015813,0.0036975406,0.029454688,0.07491359,0.01663897,1.9720756,0.15313524,0.0043178857,0.10682726,2.7849624,0.080023766,0.41757253,0.0,0.14244509,0.075740226,0.076232724,0.0,0.02920178,0.023156457,0.21789965,0.0021013697,0.3692321,0.24552085,3.851328,1.2839628,0.7236161,0.0,0.16647278,1.1434346,0.49383256,0.42943066,0.053545322,0.122270934,0.15063497,0.08271599,0.7741715,0.12164028,0.0,0.58681625,3.3035252,0.0,0.14647515,0.17182152,0.023314795,0.014654213,0.07364893,1.1398695,0.008902803,0.18167889,0.23226345,0.10512432,0.2733703,0.71535325,0.17774095,0.060274366,0.1971887,0.43850848,0.102500975,0.006779456,1.6404256,0.03511627,1.3759122,2.2583709,0.9282201,0.20281546,0.647816,0.76492804,0.067057304,1.1737605,0.40911084,0.21120834,0.24898914,0.25720748,0.5203453,3.806077,0.38146776,0.36061922,0.12891224,0.0,0.1116917,0.38148174,0.1904758,0.36824688,1.5311611,0.14517678,1.2734228,0.49749643,0.04554177,0.5717436,0.3218826,0.04967597,0.4495549,0.25753063,0.6710037,0.56596255,0.18874651,0.29245102,0.3292721,0.37688395,0.7356815,0.050274182,0.2936801,0.0,0.11826488,0.25920206,0.0,0.0,0.19671407,0.28049704,1.1680025,1.2996377,0.0846752,0.13546097,0.12947485,0.01162462,0.175783,1.3504895,0.028794661,0.0,0.20592926,2.6006787,0.7102895,0.06961462,0.19849917,0.3135081,0.12217315,0.014901169,1.0083381,0.042315483,0.9820961,1.0855001,0.10341821,0.23829778,0.018728208,0.0050647054,0.09931864,0.05261361,0.005248596,0.0019404109,0.09210202,3.1106465,0.35726756,0.044010073,0.27530292,0.63181925,0.0,0.107085936,0.33268067,0.036171373,0.3068418,0.39459234,all_pothole_images\pothole_images_image_77.jpg
0.37843004,0.440405,0.39335656,2.1509223,0.5781223,0.20326151,0.7070436,0.5526434,0.38805273,0.8763817,0.8871541,1.2569839,0.1343602,0.5010193,0.10272335,0.023794226,0.5189997,0.44106182,1.0982927,0.011685687,1.7658525,0.59338707,0.5139376,0.30129042,1.4668133,0.09399449,0.3813294,1.2019647,0.45418707,0.2674757,0.4711862,0.4048072,1.1076814,1.0332031,0.33468935,1.975987,0.6253559,0.73506415,0.20292678,1.8255129,0.08028863,1.4842103,0.03989583,0.63337696,0.1841006,0.5770269,0.7751633,0.0,0.19776288,0.08913398,1.0144447,0.51789904,0.1185537,0.0,0.14031966,1.7197505,0.810657,0.42729592,1.3024517,0.45878196,1.656275,0.95449024,0.120403655,0.8033839,0.85400647,1.2837932,0.244367,0.2497105,1.3223015,0.51946133,0.45299187,0.18290882,0.13746446,0.2912838,0.30355158,0.0,0.307751,0.3720214,0.12873761,0.0047393222,1.1064285,0.6186173,0.021468353,0.9353812,0.3386503,0.46021965,0.12224424,0.07998569,1.5171208,0.19670933,0.00035180364,0.3553009,0.074056186,0.48300165,0.7175934,0.17841008,2.6705782,0.48576385,0.12595305,1.9576232,0.25419682,5.2645946,0.40740114,1.3639065,0.62130064,0.20322624,0.6340045,0.9871928,0.038266193,0.33823565,0.956512,1.2889631,0.2283399,0.18000205,1.1289368,0.019590182,0.3112187,0.85405695,1.3566376,0.3187074,0.98590213,0.08549604,0.31045192,2.8493164,1.3543916,0.06252255,1.8383929,0.36866012,2.0719464,0.31133047,0.474905,0.0126569,0.011866677,1.0058392,0.16203168,1.1959536,0.29352266,0.37561432,0.82415557,0.2512528,0.524211,0.5018027,0.28831047,0.5146628,0.07880632,1.6645975,0.2260783,0.36897713,0.21117665,0.55934083,0.3011865,0.72040963,0.2870744,0.05263197,0.22029896,0.5217477,0.28488025,0.2943595,0.5507259,1.2575749,2.708755,5.7149296,0.42086717,1.0537423,0.62876827,0.85164744,1.0927192,0.899391,1.6171702,0.9203363,0.07271287,0.04461284,0.07547815,0.69942164,0.0,0.017742895,0.2276127,0.0,0.102228515,0.20722361,0.3428327,0.68649,0.31871325,0.7098795,2.1385136,0.58944374,0.04751146,1.2379776,1.4789257,0.5616138,0.116911866,0.051666114,0.26446512,0.8651244,0.26908675,0.4991626,0.85248643,0.5296014,1.1611063,0.59426486,0.04815735,1.6101476,0.4126312,0.13164218,1.037258,0.10154419,0.6355569,0.01659015,1.1202482,0.8559383,0.06885891,0.007881895,0.08590988,0.24413422,1.1411773,0.9230477,0.60233974,0.23494354,0.25300032,0.0065132324,2.84464,0.468326,0.45458248,0.5758118,0.18352942,0.3922461,0.34555566,0.33244506,0.22417088,0.7230812,0.2537511,1.2056726,0.3245222,0.34579092,0.05329455,0.018727813,2.088691,0.27562645,0.36372375,0.010578533,0.41797912,0.046755556,0.49967638,0.2248101,0.092414744,0.0074161342,0.15829508,1.1160717,1.2821296,4.984084,1.0468115,0.008142806,0.0011151743,0.0037419184,0.0111552235,0.59444946,0.33722985,0.10996463,0.039620984,3.189123,0.36833236,0.49783695,0.083014175,0.8530098,0.77590364,0.22227032,1.1174668,0.37805918,0.81112075,0.7815586,0.066869825,0.0,0.12073471,0.10391662,0.6801692,0.65111655,0.54421216,0.69630724,0.7038885,0.52729756,1.1950699,0.08612812,1.9054823,1.0436803,0.738041,1.1276041,1.0756596,0.28460756,1.0245169,0.40050068,0.02956582,0.294802,0.25860724,0.4646468,0.013098459,0.13205181,0.160437,1.909612,0.1805844,2.6288462,1.14501,1.1718905,0.0037230551,0.22018085,1.3089963,0.8645555,0.090922266,0.0092323255,0.13596709,0.09400858,0.5589089,1.4548944,2.2426405,2.185694,1.1122718,1.1276486,0.09507381,1.5770957,2.186225,0.33798587,0.29438564,0.18136589,0.2715922,0.61231154,1.5959662,0.14635628,0.05807814,0.26650012,0.2923355,0.17358144,1.537821,2.0039508,0.00398913,0.14851545,0.025599396,0.2329279,1.0892247,1.6389787,0.15807043,0.8553516,0.08772093,0.006430065,0.7752274,1.7397397,0.5486801,0.44681692,0.4682301,1.449224,0.53385377,0.36978126,2.0750885,0.59411585,0.056413252,0.3366532,0.0,0.5574095,0.88773274,2.2152,0.7260166,0.42845196,1.2028586,0.040819373,1.5616424,0.29102802,0.0,0.0051533347,1.4830223,0.19003274,0.4283969,0.48877513,1.5791295,0.04069224,0.79577464,1.6400108,0.07651175,0.27378348,0.07181041,0.2910764,0.5134461,1.0613307,0.63331145,0.010527401,1.3571721,0.20731163,0.37696728,0.4912696,2.0367942,0.074650556,0.1106008,1.3818614,0.6687874,0.11422368,0.031842683,0.41576633,0.21728627,0.12435276,1.0261613,0.05922917,0.10548547,0.7378032,2.8651977,0.35933712,0.2037378,0.28820774,1.0192922,0.003972869,0.1789404,0.017418008,0.58061445,0.0,0.8830856,0.0351921,0.14252049,0.63539094,0.0,0.8747946,1.1441203,0.072915144,2.123834,0.91989225,2.6012924,0.0048462786,2.565668,1.524513,2.4381032,0.18209893,0.7674953,0.5139698,1.5804511,0.5632686,0.79917437,0.46229076,0.71395123,0.66600007,0.98046863,0.14528726,0.298704,0.7071773,0.59611917,0.95200914,0.1320217,0.04922731,0.19138008,0.40806752,0.06758006,0.03221612,0.59397554,0.1791232,1.687881,1.3036346,1.614738,0.43591428,0.49171233,0.32900167,0.74936044,0.0040271156,0.36410007,0.089270495,0.52410024,0.103693046,0.59005463,0.0675993,0.10160951,0.37161613,0.5639771,1.0642852,0.039560538,0.31402105,0.745187,0.03667254,0.119188376,0.8629159,0.1337286,0.6275212,0.14925188,0.0034041684,0.2907386,0.7265546,0.6474683,0.08118453,0.640813,1.6973464,0.42065173,0.08247119,0.12029592,0.17389369,0.54350305,0.0,0.43329784,0.020508224,1.8582075,3.706985,0.019199453,0.19903255,0.0,0.4713665,1.0128393,0.15936412,0.897986,0.15790464,1.9726908,0.8956597,0.24660406,0.3365714,0.6721598,0.25851512,2.7988954,0.057417363,0.057803687,0.10425902,1.7038596,0.017251072,all_pothole_images\pothole_images_image_78.jpg
1.7770612,1.1034124,0.40793446,1.2820024,0.34010252,0.9753899,1.1833122,0.453738,1.4231966,0.6277708,0.40171206,1.7401521,0.4283782,1.9549255,1.2265451,0.5251682,0.21491124,0.15720297,0.6123117,0.9524695,2.04057,1.2036595,0.22928137,0.9104342,3.0109458,0.65921944,0.44581586,3.7870197,0.38093612,0.54955155,0.14201145,0.454052,1.4357754,1.5260768,0.33159235,0.6146759,0.04464898,0.91929424,0.23233478,1.6338506,0.2583183,0.75371736,0.2138861,0.78484327,0.8369235,1.8476665,0.010428938,0.40481186,1.4488832,1.7459569,1.8155447,0.26298156,0.674626,0.8254425,0.3697273,2.0734332,0.8527027,0.3970153,1.329426,0.072990574,0.054408003,0.37175462,0.66801965,0.654774,0.06185824,2.6249495,0.9576851,0.13318534,0.03783037,0.10779493,0.22685726,1.1351892,0.6090895,1.1012777,0.8375009,0.35572526,0.32197836,2.7393394,0.0,0.30920258,0.27870968,0.30313146,0.65531653,0.4269028,0.711525,0.9378609,0.719441,0.9853311,2.9384663,0.14269531,0.83605427,0.07775774,0.36342666,0.688733,0.9116745,0.016215283,1.2167878,0.6249262,0.30003098,0.90874845,0.00765239,1.7131441,0.7538176,0.9999966,0.15952262,0.8245964,0.72946525,1.1656765,0.2604411,0.49151057,0.489099,3.3979595,2.0012305,0.1487629,0.7065118,0.42126185,0.81444675,0.08540737,0.6195935,0.72897416,2.3607278,0.13263701,0.1598973,0.70745736,2.1038072,1.0014032,4.9853864,0.15899636,0.64790285,0.22676125,0.057354003,0.050561894,0.04379397,0.3051299,0.9815381,1.7794317,1.1281846,0.63014495,1.433991,0.46167794,0.19032735,1.7268196,0.0,0.12029181,0.5174457,1.5693362,0.22415721,1.3273505,0.99344456,0.6261284,1.0629764,1.1157593,0.033994645,0.30139184,1.2054737,0.5644128,1.2557318,0.021269498,0.63407934,1.7547083,1.4144104,0.7209097,0.27393347,0.679844,0.12904996,2.2173157,0.46537602,0.09447327,1.4226438,0.6972681,0.09849448,0.12715825,0.24571185,0.32782358,0.21604374,0.66526246,0.6375069,0.022031967,0.12165089,0.7922352,0.030928306,1.8571509,1.4494824,0.69226927,1.3932891,0.010713891,0.4891074,1.8517916,1.3238037,0.4821314,1.5818347,1.2142696,0.0,1.422929,0.1695017,0.25640965,0.9843563,0.812949,0.7608338,0.27592987,0.6605327,1.5513906,0.23060875,1.4041402,0.21434714,0.5132375,0.6401607,0.43609694,0.3950745,0.15273237,0.12589732,0.04402258,0.6582082,0.22593373,0.6617287,2.6596491,0.65757585,0.21630776,0.28547207,1.2879785,2.286138,0.11488922,1.8350995,1.3137761,0.1835749,0.79712725,3.156118,0.10689558,0.30569345,1.8350577,0.4742886,0.9870593,0.4717062,0.77379847,1.1084571,0.52018565,1.890562,0.17683583,0.082981825,0.017213048,0.46621376,0.3999277,0.7308434,0.21308571,0.06072859,0.029171348,0.999512,0.18289207,1.1710175,2.7747364,2.7693727,0.5871102,1.6140678,0.6689913,0.70035565,0.6365617,1.1299388,1.2902539,0.17052323,2.5001657,0.19898687,0.10746887,0.47493184,0.38799784,0.64253414,1.8744705,0.5161765,1.0668008,2.3182495,0.040191915,0.7915007,0.010894638,0.13873987,0.6729758,0.6723242,0.25568968,0.14546342,1.140447,0.80289567,0.16185483,0.040334765,1.0113755,0.55991805,0.566098,0.45873895,0.4580237,1.7932098,0.18080725,1.6383419,0.33780202,0.4075121,0.513785,0.59169674,0.9446016,0.0886242,0.5748958,0.39950207,1.1613752,0.50591797,1.832429,0.330476,0.6052796,0.40518206,0.3584793,3.0510812,0.83170104,0.043382365,0.31297117,1.518445,0.7548093,0.39858592,1.0061477,1.6692587,2.362722,0.24162972,1.9793551,0.20021968,1.23946,2.7492344,0.058455665,0.25158003,0.561317,0.4052469,0.55326456,1.657886,1.0459765,0.3643484,0.17563127,0.9914946,0.5069715,2.01528,0.35654846,0.2653212,0.10147778,0.11137372,0.38483334,3.0963275,1.9612592,0.021441406,2.2050447,0.6588265,0.44867846,3.1414502,1.1330884,0.91654545,0.3270915,1.3140261,0.480277,0.16996266,0.45126635,0.771365,1.0221176,1.2578794,0.83519495,0.97878855,0.021661943,0.5359256,0.6425623,0.26332474,0.65563124,0.41675892,0.08486484,0.6417883,1.2686983,0.2242135,0.6262978,0.45800656,1.187029,0.43004024,0.3356649,0.5453964,0.6420092,0.6630985,0.29764917,0.8290746,0.51764125,0.0010567503,0.34556165,0.7770308,0.2169827,0.6002788,0.04200465,1.2216914,0.7927438,3.5155396,0.98255396,1.0044918,0.0,0.09144275,1.7743813,1.4271622,0.1163133,0.24636482,0.45350724,0.0,0.38001332,0.8789673,0.56442136,0.5186351,0.5400439,1.4182973,1.4063313,0.41665995,1.368771,0.16341688,0.6291332,1.0504941,0.31034407,0.51442426,1.4542842,0.08301679,0.526515,0.124206595,4.1428328,0.0925246,0.7495033,1.672643,1.5090485,2.8951578,0.5750977,2.4124277,0.7451472,0.22214255,1.6099612,2.6011517,0.10493234,0.53063947,0.940665,0.6582424,0.34790233,0.8596586,0.4460465,0.12041514,0.6806633,1.525133,2.963675,0.7152012,0.7731507,0.575399,2.2007556,0.65448964,0.31801212,0.01963827,0.36631057,0.7981629,0.0070987134,0.60328925,1.6291839,0.017217483,0.9440153,0.16934466,0.35301387,1.4250305,0.6641445,2.245343,0.93568665,0.9304342,0.48723048,0.40405378,1.9912677,1.3804806,1.0043905,0.96164143,1.0611122,0.4624756,0.9265677,0.4747171,0.14159091,0.015995108,1.7519349,0.26049742,0.7850408,0.47326347,0.056759387,1.889086,0.57410115,0.7080766,2.028555,0.6849844,0.68098944,1.5754528,1.4810954,0.75728494,1.0216888,0.9421283,0.05476733,1.1070899,0.4301243,0.32326254,0.07418487,0.038100004,1.6176902,0.5634252,0.8786997,0.1453251,0.0,0.118064895,0.17960703,0.36132348,0.27986056,0.39138177,3.8878753,1.3430736,1.016328,1.2575886,1.4421911,0.8325326,0.2742441,0.4498725,0.70693624,0.31077853,0.4356472,all_pothole_images\pothole_images_image_79.jpg
0.18269001,1.98152,0.85374403,1.2988261,0.96231997,0.12697838,0.64899254,0.16921827,0.024825377,1.2400489,0.8355299,0.2655731,0.40913135,1.9026003,0.22574271,0.76100373,0.4000915,1.1721551,0.9718131,0.41922385,0.40925333,1.0442429,0.73673916,2.9255352,0.5642686,0.978729,1.5964259,1.3585622,0.7670093,0.337302,0.7859265,0.8166655,1.1777374,0.19463037,1.2834897,0.71178293,0.5802205,1.0574282,0.31602,0.36093065,0.34313238,0.17969286,0.56427974,0.55935365,0.59259903,1.6051728,0.061463643,0.08495792,0.90435195,1.37571,0.8590345,0.18204607,1.6783898,0.55977166,0.16984068,0.28498113,2.0529702,0.15574522,0.3869568,0.19050258,0.20476523,0.9078271,1.0469736,0.22866473,1.0421543,0.5532443,0.3451228,0.18823402,0.15926342,0.5792847,0.40580705,0.14555727,0.2531188,0.105070725,0.81276554,0.25756207,0.18515626,1.1695777,0.16537985,0.4734173,0.028291095,0.17619325,0.42293003,0.6504978,0.96099246,0.38919148,0.35337904,0.04040772,3.1060872,0.17350991,0.11279393,1.8684546,0.5500062,0.29799715,0.23314281,0.14703794,0.7016037,1.0092447,0.48714516,1.3076448,0.20079574,2.0891054,0.05381481,0.27646607,0.41779444,0.8326003,0.012478746,0.5234062,0.029725075,0.5464513,0.30131096,0.96264446,0.087461025,0.8562421,0.70674384,0.8459702,1.309074,0.08575956,2.3286664,0.7170761,1.0999757,0.973002,0.58625823,1.0053306,0.24453494,0.31539714,0.85990804,1.5178446,0.13148212,2.1736286,0.7005788,0.1090195,0.5879029,0.84357125,0.0039705723,1.310557,0.46923423,0.43729064,1.0451878,0.17878813,1.0400538,0.72024846,1.264335,1.0029637,0.9775409,0.25209653,0.26757187,0.78714275,0.57061416,1.5368694,0.7467768,0.5618849,0.0015667023,0.682439,1.809446,0.2662455,0.8662664,0.39727706,0.99091417,0.62559927,2.285851,1.4741397,0.083194226,0.61367697,0.7693872,0.17592947,2.00561,0.48647556,1.4508187,0.78550315,0.4717217,0.12542549,0.5147855,0.049983326,0.3108826,0.25885034,1.7304039,0.15852745,0.58245367,0.4562981,0.6416314,0.71161723,1.8197435,0.57417244,1.537226,0.653044,1.1305803,0.09159659,0.33245113,1.4413515,0.22209755,1.3715892,0.4775634,1.4457891,0.12623611,0.19729331,0.18655252,0.84321874,1.1279848,0.97639877,0.36949146,0.42970827,0.6523218,0.5426793,0.105519935,1.1464772,0.10613686,0.51756525,1.223244,1.3063669,0.4483873,0.8483101,1.8287765,1.5995998,0.71178925,1.6507492,1.7166059,0.061047796,0.8709952,0.4951724,1.3146116,0.24354903,0.5607502,0.5647733,0.12699327,0.28914997,0.83023643,0.69804776,0.6964483,0.8257071,1.5447247,0.6405394,0.5520014,0.6064136,0.15356092,0.1703397,0.7156579,0.6417704,0.10079375,0.28210464,0.4939255,0.04284382,0.33445042,0.34735507,0.051433902,0.13040242,1.1070209,0.5049566,0.78245246,1.9922544,1.8036644,0.0071642874,0.22710453,0.5340875,0.08576142,0.7746188,1.1620216,0.62744474,1.4748095,2.0675368,0.9118719,0.011044558,0.19778271,1.107339,0.53829426,1.1834573,0.08310258,1.0384829,0.5833914,1.6015183,0.4714028,0.07223777,0.041964687,0.7525796,0.0032186203,1.099249,0.6148747,0.55886644,1.824347,0.6466492,0.2166906,0.13588665,0.30267692,1.6380641,1.9181833,0.34641856,0.41882148,0.90673524,1.3367172,0.60899866,0.39339694,0.7091782,0.12387661,0.45589945,0.6881855,0.93671596,1.7140187,0.38864797,0.14164384,0.91079617,0.0047725984,0.059529256,0.17751586,0.7398501,2.076393,0.80605185,0.0017098851,1.0130048,0.5678119,0.25677204,0.78505605,1.6981506,3.7959569,0.5961424,0.35789835,0.09150493,0.18758824,0.079170585,1.2616329,0.4008559,0.26193786,0.78196716,0.111536324,0.67451614,1.1951813,1.6070737,0.49999726,0.24814707,1.0288444,1.6807009,1.9022951,0.25923938,0.4283951,0.2940052,0.19268014,0.12586765,1.33805,0.2897077,0.17968777,0.04281413,1.3511121,0.54217845,2.436987,0.13510787,0.7535146,0.28279305,0.4862418,0.081913635,1.5353266,0.6924689,0.06741701,0.54786384,0.32213366,0.3142554,0.30237412,0.19380762,0.75210345,0.6825785,0.30219114,0.26570806,1.0981171,1.1355778,0.47769412,1.2378011,0.28316244,0.47467983,1.1444881,0.82329047,0.4818533,1.1367998,1.2187314,1.1296537,0.7215548,0.4172172,0.7752693,1.2271554,0.22902896,0.3980599,0.095118985,1.4603639,0.10489555,0.19470161,1.0211263,1.354702,2.9699726,1.2530129,1.8225645,1.0240577,0.61604536,1.7531236,1.7409312,1.3268495,0.4054385,0.93039525,0.2899911,0.22119907,0.8104504,1.0144908,1.4290255,0.090205655,0.36394984,1.3458899,0.21092266,0.5876486,1.17318,0.122509256,0.43194762,0.59217036,0.7623216,0.16600208,0.090775624,0.39537063,0.8658119,0.55511636,0.2626581,0.20608,1.343074,2.122317,0.36774588,0.71572304,1.0345843,0.7759931,0.65483385,1.7111944,1.5541745,0.55332106,1.0380108,2.1834202,0.6492912,0.9903136,0.30448738,0.4795733,0.17574129,0.9464567,0.4919632,1.9454056,1.1728271,1.4812868,0.16983332,0.22501792,1.4169972,0.86700237,0.036981456,0.56169635,0.67020696,0.5383339,2.010235,0.6809082,1.8423061,0.1271087,1.2281303,1.4101318,1.0640459,0.42941797,0.8558997,0.89724714,1.7399002,1.3021536,0.914732,0.6630115,1.3537508,1.3725505,0.8222271,1.2477281,0.22629516,0.8741911,0.43551552,0.46057642,1.9318757,1.3523403,0.66278327,1.6015859,0.12079574,0.17202379,0.31901193,0.14026915,0.909549,0.64783555,1.1012684,0.15277983,1.7044617,1.6506858,0.53917325,1.1857177,0.033838823,0.5221992,1.8151736,0.12812509,0.91022134,0.035139233,0.6342222,1.3570461,0.3244591,0.44743782,0.27948746,0.13267626,0.11345322,0.3284518,0.045597177,1.1206845,0.654605,2.6230834,0.07700318,1.0387834,0.24663061,0.28426027,0.16591264,0.6058971,0.26998276,0.27567476,0.15435492,0.64579654,all_pothole_images\pothole_images_image_8.jpg
1.2676215,1.3639196,0.97265524,1.1146761,0.4732518,0.05107888,0.041467045,1.1430357,1.0197629,0.88164926,0.4106134,0.96099585,0.66790164,0.49504873,0.8068508,0.20182522,0.20470661,0.106042065,0.67233163,0.24785744,0.39589196,1.8484193,0.34254703,0.38644803,0.3573857,0.4974873,0.4941161,1.486117,0.09462261,0.9913496,0.6882951,0.5577494,0.93611485,0.7882818,0.9272794,1.313973,1.1699235,0.54996115,1.332133,0.7590187,0.72468907,0.32706887,0.36073127,1.0123572,0.5856528,0.5580913,0.6523055,0.04300526,0.7044879,0.7239765,0.576056,0.27057457,0.10434092,0.096414566,0.19739947,0.2117807,0.87003636,0.000120491015,1.5587133,1.199894,0.85218453,1.1174128,0.06717614,0.3254333,0.5980636,0.7202131,0.25359783,0.28611645,0.51076335,0.40066212,0.24197403,0.53876626,0.21596077,0.5483291,0.7056461,0.16863239,0.80953777,0.37314752,0.48943052,0.563911,0.5578046,0.55838835,0.073142245,2.2341237,0.4459437,0.4363953,0.14688557,0.049477592,1.8460116,0.548712,0.15383819,1.2954658,0.43549868,0.13395427,0.4748184,0.7507676,1.0699152,0.42089722,0.8606621,0.49055552,0.5909426,0.8448382,0.54979396,0.9085232,0.23482765,0.5354533,0.11426427,0.09663073,0.35963568,0.43478096,0.095862925,1.7149171,0.30672994,0.344067,0.66181666,0.4113323,1.9037783,0.105880655,0.8328624,0.36222604,0.25364786,0.5016739,0.47683302,0.5222055,0.6600807,1.1277087,0.25918984,1.3632736,1.9244024,0.65477043,0.5604459,0.718615,1.0283223,0.020281823,0.73409003,0.47078174,0.07206934,0.35349172,1.0464419,0.2901929,0.5355477,0.18888035,0.28311834,0.89808756,0.563726,0.68084717,1.1542763,0.3770709,0.48984683,0.6843352,0.5154753,1.0946409,0.08256057,0.13867432,0.6360208,0.11705076,0.69442934,0.09487414,0.9721093,0.5287227,0.9047659,0.6673787,0.099836,2.3349283,1.1433153,0.760641,0.30608535,0.76082397,0.5575607,0.5332054,0.038641334,0.7399364,0.012432404,0.31472322,0.16023445,0.009135184,0.24087079,0.0038217981,0.48252034,0.48632538,0.063641734,1.3479412,0.8766098,1.7534279,3.5320172,0.9842289,0.38385546,1.0632559,0.5730262,1.1022453,0.061718423,0.35097453,0.32350433,2.5315328,0.35737386,1.0178759,1.019539,1.6268198,1.0431694,0.7614172,0.31224403,1.2092023,0.1115552,0.4660192,1.8915342,0.6443685,0.43944156,0.63366127,1.22683,0.53717256,0.00811048,0.19128211,0.9038204,0.44121894,0.81383723,0.58886576,0.0075040082,0.16549775,0.7401072,0.2171226,0.9690998,0.361076,0.5390695,0.09944577,0.20926405,0.9725071,0.40495396,0.15841576,1.8080341,0.25629056,0.41683215,0.6549445,0.048763204,0.72014004,0.14506732,0.077711724,1.1921145,0.33556408,0.089861535,0.75145125,0.2781163,0.0953257,0.08176479,0.4741593,0.10645078,0.0065538357,0.74431306,0.03756491,2.6251225,3.424156,0.1598117,0.89569455,0.47772384,0.5551487,0.4315495,0.19240011,1.351123,0.646213,0.2095471,1.4936635,1.6974151,0.2427043,0.8007099,1.1184285,0.9764652,0.18633558,0.40254784,1.8953929,0.8259276,0.24889039,0.8893344,0.06425891,0.012630806,1.8643901,1.1540014,0.5676116,0.4606485,1.520534,0.24684222,0.3087175,0.8457324,0.4059814,0.7171296,0.31917775,0.96685064,0.2715828,0.7436344,0.30068505,1.3925197,0.45992115,0.01508784,0.013176884,0.56970865,0.7743243,0.04209605,0.0076750447,1.2003529,0.45183665,0.36751103,0.34433994,0.21279389,0.32246113,0.28111222,0.6405411,4.1120644,0.95402104,0.32764822,0.14022057,0.031140944,0.40259376,0.55670106,0.79729295,4.036212,0.8416154,0.021882772,0.7959097,0.33204815,0.35807893,2.6840794,0.6109578,1.0358909,0.4095824,0.021069186,0.6739075,0.29613283,1.563815,0.80283636,0.48849744,1.0683608,0.57680285,4.6474805,0.66543424,0.07765063,0.012510141,0.12599011,0.14193352,0.60495657,0.67182046,0.29620773,0.39829332,0.50187933,0.44475162,0.9615363,0.32812443,0.60433185,0.53091806,0.0,0.71693367,0.6026309,0.9919651,0.46295625,0.24037437,1.1836311,1.1709019,0.25859392,0.920856,0.46215603,0.5989532,0.110438325,2.0734842,0.2350885,0.61942506,0.22610438,0.39785537,0.53868353,0.53577524,2.3383574,0.15955247,1.2845955,0.017700015,0.9648238,0.17180659,0.04579438,1.0125165,0.9152614,0.7617135,0.4851403,0.70736194,0.21525253,0.97317564,1.1050316,0.037966315,1.4177516,1.1558263,4.3349323,0.25701648,1.2930554,0.15940274,0.645431,4.014652,0.61928624,1.0206316,0.26251116,0.18846714,0.98364973,0.5984746,1.8418483,0.55859804,0.7141708,0.1387753,3.7137132,1.1295849,0.26646087,0.2861429,0.35847577,0.09328322,0.7129665,0.41181248,0.002632472,0.03360106,0.83197075,0.5213297,0.72852206,1.0239238,0.04496875,0.33649802,0.39753425,0.5757932,0.40109417,0.1283926,1.3815279,0.76489514,1.0405021,2.349606,0.9345854,0.025416616,1.2120582,1.3954388,1.5756078,0.8397393,0.17074317,1.4636067,1.1049527,0.4844507,0.5693077,2.1487179,0.9167198,0.40170175,1.0976372,0.26644695,0.98351955,1.1694176,0.32033074,0.5117959,0.18373764,0.056695797,0.73923147,0.087085545,0.4001116,1.0052642,1.0241435,0.91595644,0.6035161,1.4380031,0.9461726,1.4719642,0.3755454,0.65169764,0.32029158,1.3881652,1.6800615,0.40558225,0.89230907,0.014734501,0.04668564,0.11481851,0.043455727,0.111846,0.6817642,1.8356382,1.113236,1.5258677,0.6955664,0.020040287,0.17837687,0.7315761,1.397048,1.1632664,0.5918431,0.08596837,0.23091196,3.3903039,0.92988,1.0950131,0.0002080792,0.0027438027,1.2274705,0.23563848,1.2484624,0.40120292,1.375797,1.2379898,0.18741284,1.1174103,0.0,0.32649636,0.22723621,0.32415673,0.049609803,0.0070440774,0.74455273,3.000618,0.36796796,0.18924464,0.8928665,0.41058466,0.07764887,1.1759639,0.62675434,0.95780677,1.0676389,0.8626209,all_pothole_images\pothole_images_image_80.jpg
0.7987677,1.638802,0.7301452,3.7480729,0.5539158,0.35422555,0.9820427,0.2586969,0.28788513,1.0214505,1.3132701,0.7651426,0.08235011,2.5262165,0.95074755,0.66071165,0.27189633,0.27144557,1.8085096,1.0918616,0.76910067,1.4906282,1.532128,0.25467184,0.9694713,0.83722645,0.25191617,1.5169104,0.3660983,0.032780107,1.5353247,0.21009067,0.50085944,0.5992923,0.08449876,0.5931709,0.75681484,0.017815735,0.98594046,1.1619853,0.40302292,0.28311625,0.23995689,0.14061566,0.12763663,1.7599007,0.049274053,0.2504658,0.10283693,0.061172977,0.44943804,0.1927126,0.43374166,0.13800487,0.14903751,0.59347653,0.7262265,0.012520873,0.681278,0.017927784,0.45853934,0.6485963,0.017720103,0.71810436,1.9809349,0.11687067,2.1692965,0.18095304,0.6982084,0.6434031,0.31838596,0.1287582,0.58525366,0.0018799513,0.32834372,1.527056,1.0851288,1.4168421,1.3881253,0.34753945,0.51998174,0.04525624,0.5958187,0.14245461,0.1824351,0.21331182,0.03159471,0.018269273,3.6164684,0.56596065,0.029472506,0.24629818,0.0,0.558673,0.61915106,0.06449477,2.7121499,0.41105095,0.39550272,2.978307,0.019200992,3.6934683,0.24900496,0.5448704,1.8887367,0.12928393,0.032000627,0.89641804,0.83714914,0.59340686,0.32736486,1.6036577,2.8626697,0.24914542,0.47423723,0.11755026,1.5593238,0.8201379,0.48233083,0.24035035,0.6911238,0.16275877,0.613333,0.61446697,0.39307472,0.38447812,1.6899006,0.13331044,0.06704922,0.36575392,0.17450596,0.1615993,0.061888646,0.7766445,1.1849886,2.4030085,0.19547234,1.1679543,0.2337077,0.09538255,0.5139304,1.5589108,0.7496801,0.32254812,0.3607268,1.6804895,0.09633168,2.5420005,1.7157257,0.34054124,1.4078773,0.45772645,0.27914217,0.6523062,0.9506562,1.0233514,1.1541587,0.08489819,1.1320572,1.0680081,1.013246,1.4458858,0.0,0.4982455,0.25677845,1.1523128,0.22870618,0.009369355,3.3763494,0.78274816,1.3208598,0.0024293202,0.827242,0.40934497,2.18659,0.5183998,1.3511695,0.4338018,0.13962719,0.06921559,1.179346,0.026748914,0.40310305,2.8905964,2.201166,0.67553097,0.10737056,0.28223032,0.37434348,1.3438748,0.6372401,0.28491557,0.036829956,1.8000684,1.2768035,0.08976904,1.3338776,0.25438058,2.5726259,3.1440647,0.45187333,2.6141386,1.6031824,0.33999002,0.19914144,0.22373118,0.14731035,0.73269665,1.8893613,0.7583197,0.14179906,0.31363946,1.05062,2.943254,0.73488975,1.4717224,1.7734317,0.4703897,1.1427553,0.656646,1.4421337,0.15010725,1.2187233,1.30659,0.40732846,1.0177178,1.5945576,0.7560977,0.052732486,0.78128994,0.093318954,2.6134195,0.32626602,0.9128848,0.5015953,0.014033852,2.2167122,0.72722226,0.38422576,0.3299997,1.4936626,0.32622588,0.6201862,0.06255501,0.62707657,0.42593196,0.47395635,0.011907092,1.7830073,3.253882,1.0805048,0.2694697,0.033869814,0.31517574,0.29452708,0.14235766,0.87789387,0.23017058,0.7775275,5.3122783,0.036108937,0.13213247,1.1094066,0.36300853,0.052555744,1.2344443,0.826016,0.27830136,3.3371775,0.4299862,0.51466984,0.13577235,0.7425525,0.45746565,0.35698673,1.395817,3.3814764,1.4914024,0.2286858,2.085065,0.005117904,0.9337892,0.66458434,2.2518983,0.07293747,1.9938223,0.3553065,0.74121165,0.27471262,0.6875296,0.6786616,0.80632067,0.24962394,0.3035024,0.28615427,0.39155462,0.5695811,0.11276859,0.33294943,1.9378176,0.79355145,1.1046487,0.56729645,0.6536438,0.44816667,0.65865284,0.05865215,0.8860746,0.65969443,0.6557422,0.15767448,2.0789113,3.2232454,0.6096636,0.42023823,1.3027765,0.34332165,2.569755,0.29117116,0.85983866,1.8168632,0.113736734,0.7581208,0.16148278,0.28050473,1.8709625,0.001076186,0.105710715,0.59948015,0.7841906,1.0163258,1.2735486,0.59560096,0.50892603,0.7375837,1.1560367,2.771536,0.4351991,1.1323186,1.284674,1.4828476,0.81897205,1.6562204,1.47361,0.8235282,0.36502278,0.9148259,0.21561463,0.4294637,0.24536222,0.116434306,0.49574095,0.23919919,0.07368186,0.025316041,0.10425221,1.1228149,0.6915034,0.7502135,0.61711293,1.2471792,0.2083313,1.8099014,1.6020411,0.3249694,0.29790172,1.8919617,0.3092987,0.35300526,0.6415976,1.4297969,0.71873444,0.9604151,0.47955337,0.0585063,0.13058761,0.103569865,0.43465295,0.26997998,1.0160414,1.6252525,0.66268545,2.09098,1.5361857,1.3377295,0.69813424,1.718007,0.44830227,1.2620363,3.4714422,1.2398666,2.467725,0.061456207,0.47909293,0.006663818,0.31263185,1.1645991,0.50496626,0.9721421,0.18825297,0.36575603,0.72280884,0.8253688,0.8722268,1.3931404,0.09749658,0.5879167,0.1419582,1.0636693,0.28515157,0.36934572,0.59549624,0.5470563,0.39936194,0.050729323,0.5049017,2.4488742,1.8540748,1.2420671,0.2688898,2.0214481,0.72731423,2.2045164,0.37855995,1.9628943,0.3202775,1.6936109,1.5812376,2.1645303,0.89830935,0.07422526,0.08741704,0.092007235,0.8544685,1.4559041,3.5790684,0.4397869,0.53271556,0.38214964,0.8483608,1.4065145,1.4816241,0.20983627,0.007864249,0.1592383,0.0,2.4574966,0.6415965,1.0238163,0.9711742,0.7226106,0.67752784,0.5161937,0.49938956,0.65613234,0.5105554,2.1593392,0.023760013,0.6487621,0.5788784,0.89268583,0.73512596,0.79452527,0.30382288,1.9102455,1.2992283,0.29837495,0.14743857,0.84688735,0.71837413,1.0952752,0.0,0.17931136,0.7443289,0.8867199,0.5257129,0.881169,0.012799204,1.4592073,0.87257314,1.7727695,1.5912242,0.89516056,0.23240003,0.070138566,0.3503993,1.8163676,0.46435928,0.5248866,0.121831015,0.75002956,4.0416694,0.06637688,0.30974394,0.010892491,0.22049631,0.21262994,0.7408249,0.07274579,0.44887167,0.18388617,3.2559135,0.36754727,1.5422354,0.2559485,0.800081,1.4329518,0.19822821,0.12371719,3.7535706,0.094553106,0.9924534,all_pothole_images\pothole_images_image_81.jpg
0.15737826,0.2607376,0.85049754,1.2790745,0.76139176,1.453331,0.6007819,0.19880126,1.7848231,0.81932044,0.37639073,0.6512623,0.68772733,1.8418326,0.20447126,0.73610115,0.3938014,0.40333232,2.082134,1.2527397,0.8038341,1.3682269,0.34484953,1.3052232,0.19238544,0.23765396,0.064546585,0.6782703,0.6684302,0.49402943,0.1774898,0.2867518,1.3653667,1.268866,0.016676782,0.7735737,0.32625535,0.8052038,0.6191615,0.1406807,0.7363307,0.023505181,0.29869506,1.7944932,0.57054496,0.46355742,0.26841047,0.41037664,0.88137084,2.9148145,0.31590337,0.18608528,0.9488379,0.38026255,1.3202814,1.2392222,2.695295,0.048000388,0.9725325,0.8378059,0.27977508,1.0123419,0.11333318,0.46768025,0.30162284,1.5784873,1.0159874,0.7427594,1.5604961,0.1157493,0.57713073,0.12485153,1.5033828,1.0183944,1.3343676,2.0260522,0.21713318,1.225619,1.0878557,0.372012,0.04173424,0.9216691,0.87044346,1.7830178,0.0693016,1.102694,0.5787718,0.5180431,1.6242068,1.1309485,0.8776553,1.9233648,0.004826235,0.5859066,0.5784626,0.035995457,1.286969,1.7642163,0.31266367,0.07227648,0.57223904,1.6983246,0.96989113,0.038382165,0.5092725,0.4020789,0.6132697,0.48457098,0.7854913,0.16394323,0.2813882,3.5011356,0.73190975,0.09026497,0.32807907,0.1869367,2.057941,0.6434958,4.0279956,1.9857835,2.568157,1.592542,0.3181086,1.2404945,1.227364,0.67345816,0.0840115,1.6209203,0.773432,0.008770698,1.0457506,0.04572837,1.2673566,0.02929578,0.123841204,0.8608138,0.27674827,1.0281489,0.6090024,0.16767612,0.018381318,3.2783737,0.44239122,0.39533782,0.07965607,1.5213333,0.35186884,0.7903656,0.7733982,0.014282193,0.84380937,0.8858444,0.5648795,0.09291952,2.0218072,1.0279298,0.48828608,0.84490836,0.19254595,0.63255167,1.580009,1.1113693,0.26001897,2.720911,0.5784349,0.4552848,0.3689149,0.1790415,0.8001119,1.807193,0.30404422,0.26954725,0.0912003,1.0756174,1.8456144,0.00073833996,0.50335014,0.047212955,0.9494922,0.14685574,0.15800293,1.4715949,1.6787425,4.0098658,1.2923914,1.7328646,1.0929887,0.7775491,1.9606334,1.8200558,0.0069204373,3.7067947,0.04839926,3.6858249,0.7486695,1.29695,2.1366212,2.3401926,1.3297979,0.5615421,0.13134123,1.480825,0.8516691,0.43369627,2.0489526,0.00024258297,1.9454725,0.21415551,1.2868884,0.10941102,0.173316,0.09026198,0.75462776,0.60492057,2.199924,0.7574931,0.054237228,0.18656984,2.444856,0.0,0.035515852,0.55631584,0.25527003,1.0449986,0.09203991,0.02606438,2.068971,1.7929282,1.209823,0.4182113,0.10620766,0.0,2.1409693,1.1037889,1.0064586,0.16919976,0.9078522,0.017251294,0.10225689,1.2639811,0.21704008,0.84920484,0.30791304,1.0916195,0.7523278,0.1431265,1.7112613,0.35765463,0.29828343,3.387896,2.3203998,0.40722618,2.348684,0.53027046,1.1472627,0.1197499,0.86516815,1.0322226,0.24180965,1.1309038,0.039206192,0.056374837,0.06522955,1.482872,1.1181002,1.3292643,0.009073103,0.19329618,0.318013,0.62697005,0.2536101,0.42259872,0.22496104,0.9832263,1.3540313,1.3968546,1.5895785,0.61187875,0.93068707,0.32635713,0.2314644,0.8292521,0.70621693,0.11111042,0.948649,1.1789621,0.96665955,1.0853562,0.9807583,0.3120613,0.84267,0.56277114,0.42017293,0.40858865,0.46187863,0.7010782,0.022959987,1.4099139,1.2234132,0.12516457,0.7408275,1.5695338,0.44217435,0.31240296,5.107661,0.02792321,1.2550417,0.5013703,1.2680665,0.5609512,1.2346356,0.87168074,3.0499063,1.6649531,0.0,0.6385438,0.03528253,0.17620724,2.4559746,0.38895962,1.0646522,0.13127524,0.38628617,0.8941902,1.4414576,0.15719311,0.5373663,0.26407483,0.27251944,0.112155,1.8062989,1.2622697,0.7740913,0.10214386,0.013859088,0.28612968,0.354122,0.02159978,0.073070884,0.018134197,0.9390824,0.7332953,2.3923035,0.3319444,1.3696657,0.36220032,0.0,0.15635203,0.90569764,1.0843095,0.11975324,1.2062502,0.1632532,0.24009903,0.75714463,1.1574193,0.011455525,0.6905329,2.808705,1.5407135,0.030854376,0.2966189,1.3906842,0.017035177,0.031624902,2.6344953,1.3252819,0.7186313,0.0063929083,1.6487277,2.4135876,0.07613142,1.43864,0.13250741,2.2398753,0.4999563,0.17040256,0.28772485,1.1288296,0.76347554,0.5608393,0.3625823,0.52997166,2.6842084,2.8599079,2.0605707,0.5556773,0.028382894,0.2768893,1.5529398,1.219281,3.0090365,1.7885078,0.0,0.15115656,0.79114485,1.9154874,1.2143085,1.1389765,0.43183443,3.8941,2.1766355,0.4011952,0.692018,0.05032144,0.16748491,0.2094533,0.42990226,0.012233789,0.06539819,1.2549598,0.48573703,1.0052993,0.24627124,0.29095268,0.27196628,0.99373454,0.40892226,0.38094857,1.4218202,1.0602931,0.45049328,0.30447277,2.6427891,1.2094467,0.2690946,1.5243329,0.51829374,0.8230587,4.0497036,0.6790981,1.1024628,0.6069324,0.7088861,0.28333375,5.0970874,0.6442278,0.56906104,1.161601,1.5084876,0.28510785,1.2248818,0.24688196,0.59325904,0.5400445,0.43408966,1.352511,0.1717064,0.21458602,0.83289987,2.5104005,0.47656763,0.0526574,1.4088832,2.0119586,2.6911697,0.486184,1.2812762,0.33321902,2.3779848,0.5936119,0.20176426,2.487889,0.22108097,0.5785899,0.5060477,0.92992413,0.042680174,1.202381,1.7530731,0.49603957,0.7221927,0.075246096,0.3216201,1.8109146,1.6787349,0.76830524,2.9643183,1.1800607,0.047449764,0.08758065,5.1145496,0.30768234,0.2227025,0.17092259,0.6040602,0.5575605,0.12187701,1.4445297,0.8191212,0.6377117,0.38847104,0.6518286,0.20443954,0.009814848,0.055989526,1.0450915,0.7033552,0.7209038,0.98077685,0.08407996,6.250643,2.2632496,0.2352006,1.3208821,1.7817087,0.038138684,0.29981518,0.6945617,0.11297576,0.7617214,0.33603022,all_pothole_images\pothole_images_image_82.jpg
0.7407438,2.9066343,2.4443655,1.5542414,0.262324,0.06840811,0.3473608,0.4387126,0.17642403,0.30384445,1.3122665,0.4951449,0.38927847,2.4060407,0.28295964,0.47662482,0.872078,0.256676,1.3811427,0.53894293,0.45461202,1.0742242,0.33012947,2.6063914,1.3060908,0.43069932,0.21482094,1.4769578,0.40022558,0.18052669,1.6907127,0.2490141,0.07255552,0.17487568,1.1962302,1.0800554,1.4403186,2.5740707,0.7208309,0.7050665,0.3934141,0.007317408,0.36007732,1.9860085,0.4960243,0.42722973,0.07083775,0.32960385,0.6751982,0.7589318,0.3473384,1.2866756,1.1399416,0.05772909,0.43472958,0.40315533,0.5415657,0.22674346,0.20066617,0.0932746,0.4402191,0.35186416,0.1345959,2.1169577e-05,0.11201856,1.4454467,0.28265786,0.38113225,0.68864316,0.19915417,0.541129,0.301261,1.3736578,0.6072186,0.9761526,1.1666951,0.37627277,1.321199,0.308583,0.4953482,0.61866146,0.104013726,0.076292194,1.0347073,0.7680913,0.44972813,0.23600197,0.47528854,3.5202255,0.27714312,0.24418803,0.006036477,0.14159396,0.25658584,0.49318817,0.35229632,0.9356271,2.2794209,0.52829766,0.018554999,0.10993418,0.6390406,0.317961,1.2616404,0.5929728,0.8373536,0.58782434,0.2877426,0.2961182,0.63751155,0.16414575,1.6994425,0.30726126,1.1250416,1.3545762,0.20335789,1.2195657,0.2876859,1.2787908,0.5737289,2.2503514,0.068475105,0.24649833,1.7863339,1.0367926,1.3072889,0.81622297,0.18587431,0.25301418,1.175247,0.60519713,0.034256317,0.43943405,0.14546806,1.2723577,0.29246184,0.07586204,0.48717943,0.4560567,0.46857098,0.52049434,0.59109086,0.6151335,0.33125293,0.2611941,0.42085722,0.119500004,0.35539034,0.18825234,1.026667,0.5127926,1.2310277,0.12697297,0.14348389,1.0933018,0.028144943,0.04155034,0.27375588,0.05740598,0.37502593,2.068527,1.1296104,0.44715467,1.1312963,0.0012105439,0.3222649,0.6790421,0.08941875,0.46718878,3.3276298,0.46796086,0.03951214,0.59309286,0.42277035,1.5621073,0.117052235,1.1297654,0.30881855,0.0,1.0597299,0.0,1.7942688,1.8621066,1.7497498,1.0868919,1.8698574,0.42807642,0.16151094,1.3131576,1.010883,0.34069708,0.6830954,0.6401307,1.0950558,0.24357428,0.34539217,0.5766114,0.96511966,0.1923224,0.9064565,0.011210497,1.4631248,0.20788565,0.3912158,0.72059005,0.8401841,0.69486445,0.28374216,0.0714113,0.0,0.4219906,0.63925487,0.64322597,0.9289208,1.3720642,0.30187583,0.11698114,0.5854011,1.2666653,0.0019845648,0.89608926,0.24746533,0.58888686,1.1681182,0.00515948,0.09324576,1.0019399,0.8561471,0.40326774,1.3415163,0.24104398,0.3321624,0.719043,1.2552783,0.281228,1.5298698,1.0641502,0.58612025,0.28128928,0.08762253,0.65645355,0.58955675,0.79659116,0.42540225,0.19879559,0.70583797,0.7833484,0.052419845,0.39657918,2.6123276,0.39686346,0.079061195,0.18123509,0.3411228,0.7001508,0.0,0.7336744,0.34933698,0.7384455,0.8068555,0.5298858,0.10741711,1.4070939,0.19654308,0.74785423,1.03468,1.3679054,0.42499453,2.1176858,0.26629484,0.12652773,0.014216572,0.44902351,1.3520015,0.37431544,3.601525,1.0936737,0.544089,0.4436194,0.8534091,0.12273383,0.27024522,1.8005698,0.44905487,1.2325928,0.49432346,1.0513735,1.0363203,0.32931232,0.0352281,0.47485408,0.51385856,0.0030227248,0.28174984,1.0873331,0.5029086,0.60494804,0.045655083,0.8776134,2.146063,0.71219105,2.0268126,0.1344923,0.83791476,3.703657,0.019953009,0.14907715,0.62274307,0.86742026,0.17452368,0.094145276,0.2700609,4.7619987,0.8571764,0.0,1.3311574,0.35011482,0.20270745,1.6078309,0.41725063,0.78089684,0.20935498,0.5476473,0.021240022,0.1747496,1.4799184,0.5229374,0.108487494,0.9166215,0.6887794,3.3451805,0.34206823,0.21363573,0.035786744,0.45131075,0.38873214,1.445953,1.4044797,1.5733639,0.030561605,0.7738715,0.24731846,0.97787374,0.6710994,1.4821494,0.5698153,0.37808967,0.03907051,0.08720705,0.87399304,0.09947937,0.528817,0.009628431,0.49552402,0.08571835,0.08927282,0.14151497,0.6555287,0.14650483,0.6730861,0.43872902,0.11329353,0.5066738,1.0056849,0.052991953,1.0233018,1.3493521,0.033229582,0.008643792,1.1089766,1.7636338,1.1522279,0.16977707,0.56437814,0.04986361,0.2660603,0.2284181,1.1204892,0.10235621,0.4579071,0.23812136,0.5504348,1.3189732,1.6086254,2.9369175,0.82700276,0.5232122,0.85427725,0.41025978,3.035237,2.6672468,1.2454398,0.7468255,0.06737356,0.29485717,0.738119,0.6230341,0.99584943,0.20926172,0.017674942,1.538236,1.2147702,0.88436896,1.2953496,0.34975496,0.17027742,0.4030551,1.6093777,0.9005031,0.20650129,0.43862045,0.594177,0.7479599,0.88361573,0.0,0.058323383,0.08698623,0.042391878,0.061363697,0.25903103,0.94061565,0.22759542,0.9792921,1.4087342,1.1450279,0.027060892,0.6910591,1.239239,0.0898004,0.4254009,0.59560966,0.009382527,0.61168844,0.7624383,1.5874356,4.618645,1.1042398,0.7742035,0.7253289,0.075270005,0.5263013,0.93090373,0.22771206,0.5830378,0.056380376,0.0,1.6765398,0.80949557,0.8317219,1.7142845,4.393765,1.0082891,2.6749027,0.59117264,0.52828395,1.0916374,1.349926,0.25688627,0.21663122,1.0364969,1.4405941,0.014989781,0.58671546,0.23660521,0.489759,1.3808538,0.62767416,0.02199321,0.8851779,0.36292166,1.2066196,0.26959634,0.086396255,0.48961964,0.32473513,0.4249579,0.49337068,0.986069,1.6578674,0.08805631,0.7606618,1.7410673,0.39772645,0.48333693,0.037041813,1.1323287,0.549307,0.49361232,0.4258335,0.025048973,1.0506864,2.3825517,0.025636585,0.1792667,0.006659193,0.07825326,0.0020269493,0.076466985,0.2538419,0.23600675,0.17182788,3.3667686,0.9941417,0.8859934,0.25977552,0.57907456,0.61160064,0.19688976,0.63921475,0.13487186,0.0,0.29549232,all_pothole_images\pothole_images_image_83.jpg
1.2543598,0.3463551,0.13180211,3.6839268,1.5027721,0.081394754,2.2930865,0.9146567,0.9546144,1.6872727,0.16977689,1.3334509,0.038033064,1.0916736,0.46215248,0.28938654,0.29923427,0.6480023,3.2590947,0.60149896,2.644216,1.0992538,1.0317459,0.28969145,1.5786995,0.5081324,0.6076455,0.76034874,1.0093575,0.72197783,0.24433874,0.41721398,2.5317178,0.7288032,0.0757341,0.5377828,0.21149318,1.4866443,0.8486787,0.92314667,0.0,0.73066354,0.20596968,0.80714834,0.93155277,0.49212524,0.8532551,0.031366576,0.06132869,1.4622401,1.1756556,0.8033438,0.6567107,0.38397142,0.04889873,1.7830399,0.30317998,0.9701337,1.1375453,0.5652951,1.219813,1.9227681,0.0,0.39836276,0.5623498,1.3563747,0.59873664,0.06980174,1.5161871,0.15852772,0.7865825,0.49938604,0.40155277,1.0942388,0.12453172,1.3414415,2.2984405,1.9898089,0.08321874,0.11223988,0.89674145,0.14956206,0.41446853,0.33740187,0.8982676,0.30337867,0.08872208,0.1073552,2.8203423,0.67696613,0.0,0.26049224,0.060118556,0.029168362,0.891666,0.28671074,1.766935,0.14523308,0.31938335,2.0388005,0.07102191,1.5990201,2.6356337,1.156842,2.734198,0.0,0.30317476,0.46375126,0.10116343,0.2827367,0.103796944,3.2998679,1.7663444,0.24948703,0.5134773,0.15860048,0.10162314,0.7799113,1.6479713,0.5966082,0.37836322,0.0030146553,0.18900625,1.9758627,1.1772989,0.32369688,2.5267742,0.6361822,1.853766,0.1521896,0.45030278,0.7434541,0.055178456,0.30176508,0.8252554,1.5697311,0.6159215,2.3166385,0.6675162,0.1591211,0.35591978,1.0740495,1.0142208,0.4044221,0.4538956,0.80250573,0.009795379,2.0411704,0.7632351,0.074888356,0.5289837,0.22824454,0.012003263,0.3718719,0.3882313,1.3182102,0.55064774,0.0,1.2096338,1.277416,1.5316879,3.9615247,0.07310812,1.4054054,1.7632359,3.3798716,0.93862313,0.90798295,0.67601186,0.44551966,0.340514,0.21455556,0.13483222,0.014654991,0.025171299,0.028868726,0.5700032,0.26857668,0.95702344,0.01425173,0.2865832,1.0151199,0.82431066,1.1867118,1.1068934,0.2826588,0.51367706,1.38222,0.39104587,1.318918,1.0017759,0.32665214,0.021086536,2.323856,0.08033071,0.07561231,2.4260178,1.6393313,1.4579015,0.3587377,0.31284305,0.5708787,1.1599154,0.42676145,0.1982322,0.029523924,0.6817937,0.18425824,1.1927618,1.4110615,0.049013432,0.12377832,0.30349326,0.9983491,2.2475944,3.3081288,1.1703173,0.12658286,0.21211074,0.7065914,2.1093342,0.96828943,0.660948,1.2925013,0.03991041,0.67818487,0.55790263,2.12275,0.20779152,0.55585885,0.4613303,1.1285182,0.35061333,0.16984996,0.57260054,0.04234185,1.8697418,0.35717174,0.16017413,1.3767407,0.55111015,0.5506026,0.9106875,0.17493038,0.6516953,0.0,0.33203116,0.60826445,2.8909338,3.8876917,2.6066325,1.3410746,0.8364893,0.33435023,0.077480555,2.6842997,0.7247925,2.3241677,0.49411267,3.5102196,0.07212791,0.3474487,0.3570824,1.6283927,0.48101923,0.56831294,0.88648593,0.20393384,0.4927124,0.22661497,0.5726174,0.22299506,1.4485341,0.6841146,1.5406736,0.4165814,0.1202212,0.28683534,0.7897199,1.54771,0.0261788,0.14063257,1.0678308,0.027307773,0.08891084,0.26761195,0.791724,0.26482844,2.4650025,0.08037397,0.024306284,0.31959334,0.9826815,0.5650295,0.2897724,0.6817838,0.089440025,2.612373,0.09745045,1.2983409,0.7650302,0.81468385,0.5841452,0.5017358,1.5035585,1.0019459,0.8298122,0.23793226,0.45497468,0.34501687,2.7893546,0.98827374,0.83280134,1.6796337,0.41876817,3.0701218,0.038165607,1.3454254,2.145069,0.7444678,0.20914723,0.42791724,0.6191562,0.06884544,1.1154544,0.1573741,0.5900808,0.32084224,1.094373,0.22697628,0.9259162,0.47421747,0.81081903,0.5882963,1.111785,0.27173546,3.324431,3.7978477,1.4794333,2.2292676,0.2463452,0.60942674,0.60054445,2.858661,2.3264477,0.4592148,0.8731476,2.1289217,0.22236075,0.4612774,1.5108981,0.20739086,1.643388,0.34327903,0.021067511,0.49106196,0.11581914,0.98352,0.36984158,0.5491147,0.60698026,1.9815557,1.0062525,1.9921204,0.20449097,0.08650934,1.5029844,0.004303097,0.0,1.4692581,0.25597373,0.15834811,0.97655135,0.1571712,1.4025096,0.520504,0.45264426,0.5556026,2.0609386,1.0506669,1.41277,0.14384507,0.48609614,0.17641827,0.61666524,1.0232799,2.6287253,0.0,0.4150629,1.8012393,1.0838809,0.40590248,0.46515062,1.5344046,0.025595943,0.003186893,2.2726083,0.13591318,0.86344564,0.07129176,0.6629917,0.67966586,0.4504031,1.3750775,0.34564158,0.6622692,0.115160376,0.49540055,0.2753745,0.19591402,1.4715959,0.84959847,0.05651123,1.2053019,0.026098166,1.3915565,1.4536638,0.97910994,1.5011597,1.1960887,4.045936,1.030795,3.1504111,1.9481798,3.654522,0.18724695,0.7234502,0.58389777,0.7273524,1.4987866,0.20341694,0.85088664,0.39964828,0.2851805,0.51645595,1.1914796,0.07934551,0.24214512,1.6058972,0.53572536,1.5192379,0.58374304,1.0372921,0.19816832,0.09636589,0.068333305,0.7492305,1.4251704,0.16850038,0.68493426,2.133728,0.23316371,0.19663085,1.7031814,0.44736925,2.4516158,0.5877573,0.037368886,0.01032507,0.81214124,0.5849015,0.38371882,0.9114199,0.2105801,0.018483514,0.72027445,0.19302955,0.13567974,0.91963714,1.1792203,0.22463284,2.0375025,0.1618201,0.17434314,0.79494894,1.3598305,1.400059,2.379114,0.15755332,0.5897421,1.4539716,2.0200663,0.3964804,0.6404298,0.03984598,0.17132741,2.8184743,1.7754382,2.4073286,0.0,0.21970028,2.666631,2.2590103,0.8237613,0.0,0.21961927,1.1098003,0.020120868,0.15782201,0.1169194,1.029741,1.735779,0.42581612,1.2162234,1.9783658,0.0631622,1.9155797,0.9525665,0.1407783,0.5686472,0.40952268,0.5392031,all_pothole_images\pothole_images_image_84.jpg
1.3436874,1.2157989,1.2585378,1.9406916,0.013874353,0.04706469,1.0460922,0.30936998,1.3920935,0.46570083,1.0974121,0.82290626,0.7579855,0.72532386,0.67548394,0.23842846,0.9094382,1.3808893,1.2903242,0.9582479,0.19466555,0.40932637,0.6631616,0.7645,0.16206269,1.0260316,0.773288,1.1598059,0.4707676,0.0,0.41381213,1.3593552,1.0871261,0.726813,1.2467006,1.1322194,0.29888415,1.1504554,1.0577189,0.21347205,0.73015314,0.9200233,0.30204323,0.80429995,2.2908826,0.12979017,1.466387,0.42018828,0.35861632,0.3561928,0.14500481,0.0,1.1907617,0.52351254,0.27924222,1.3836735,0.55402344,0.06944304,1.5103015,1.229237,0.60094947,0.768303,1.3086869,1.1794486,0.2457364,1.3147745,0.17742227,1.497935,0.19050154,0.12431826,0.48889098,0.69791573,0.39480072,0.8287178,0.05683211,0.049158927,0.68976593,0.78033257,0.0010329293,0.28410512,0.6162008,0.017189922,0.9472214,0.7882807,0.040085148,0.43476835,0.10454232,0.0,0.3370215,0.074164025,0.169177,0.7062506,0.308903,0.042410746,1.0207343,0.55556375,1.7462149,1.2433236,0.012184405,0.5461544,0.05439639,1.6680989,1.5351562,0.41038808,1.0092812,0.15321735,0.061007835,1.2511258,0.23756342,0.2957062,0.103497855,3.066491,1.4419979,0.66203105,0.6169684,0.038166415,0.027492765,0.24851148,3.9665227,0.44813934,1.6660868,0.07079537,0.4671348,0.723377,0.39122805,0.18339871,1.7272687,0.053356297,0.89377344,0.11900919,0.8252908,0.14329362,0.22773688,1.268682,0.0154358875,0.2699291,0.15310338,0.16397451,1.034847,0.6535244,0.98898345,0.16414134,0.17283905,0.5696019,0.95764095,1.4686345,0.54363155,0.7484442,1.043149,0.06803777,0.12688689,0.6522187,0.015255444,0.20969225,1.4515182,0.12511015,1.1805815,0.09414914,0.8433122,1.0438888,1.5070989,0.7534561,0.0008459605,1.1957333,2.1305187,0.24129824,0.27651042,0.5307955,1.6759074,1.7802211,0.4049187,2.1019723,0.39021823,0.81561357,0.23526542,0.5282353,0.66261804,0.027308969,0.04086475,1.0368506,0.21881819,1.7293565,0.8237084,0.9395034,0.28226322,0.9564667,0.34409425,0.82866955,0.5551954,0.37425894,0.057401918,0.04990823,0.3125367,1.3937291,0.843374,0.28035355,1.8399141,0.9422419,1.6875908,1.0020481,0.1398518,2.7017007,0.07386821,0.09607309,0.6189364,0.84006715,2.840569,0.0,1.7050482,1.3937026,0.08938522,0.77511847,0.33500516,0.9792207,1.8722011,2.009208,0.5658028,0.18643565,0.700976,0.56617093,3.2255976,0.5962719,1.253266,1.3753848,0.0011842407,0.40739927,2.3689702,1.107001,0.38302815,2.7674897,0.7160979,0.55055016,0.84578097,0.51693237,0.92717844,0.06793751,0.8728317,0.2771651,1.0426213,1.7350118,0.049232896,0.47349352,0.8372837,0.18545695,0.05625597,0.15665476,2.5457218,0.49661335,0.76599455,3.1168895,3.1567924,0.40313572,0.1900349,0.15373792,0.4056623,0.8228578,1.4421743,1.0542542,0.9744735,2.9478784,0.110186525,0.30442744,0.77501535,1.4873729,0.297079,2.3379421,0.913292,1.5454067,2.0049155,0.010208426,0.66355217,0.27517563,0.045326956,0.35076368,1.1630365,0.6068419,0.29040283,2.838887,0.35193965,0.3429016,0.025973637,0.6771395,0.9651769,0.25184077,0.0076414933,0.057685763,0.5009654,0.042786777,1.7594767,0.07525194,1.8653104,0.28869134,0.7667812,0.4045309,0.24545918,0.51672816,0.088210784,0.6443858,0.22653182,0.95889026,0.77920264,0.2917456,0.5995964,0.7937483,3.865727,0.26042497,0.64909285,0.070175834,0.13111117,0.30361867,0.60742825,1.7825091,2.0518005,1.8220955,0.5132705,3.1103292,0.011220124,2.3325589,2.1541095,2.0816693,0.78534913,0.05479683,1.1651902,0.24477594,1.2108859,0.0757413,0.3902793,0.20539863,0.7733579,0.4528082,1.8019903,0.015241696,0.24211493,0.22168486,0.11502248,0.35243663,2.6055963,0.85914075,1.0405304,0.21677034,0.2676525,0.6080842,1.6981559,0.450995,1.4395285,0.89153165,0.41209546,0.38564712,0.32593384,0.6233284,1.5300326,0.7381288,0.6494072,0.8582167,0.25342155,0.10517959,0.20148696,0.23904726,0.38600546,0.0056410017,0.37695903,0.87663233,1.7990503,0.35609275,0.1412147,0.40704784,0.78501016,0.027276905,1.0472312,0.34932995,0.32475382,0.50120044,0.43749642,0.31907725,0.3363069,0.04141492,0.23317795,0.96453834,0.62004584,0.49898952,0.89314437,0.04017908,0.3324356,1.7134743,1.0039366,0.7429716,1.4645566,0.13271663,0.20293987,0.55214906,1.2783967,0.32224795,1.526085,0.1462886,0.049248353,0.017556773,0.81088287,1.0508729,0.47175884,0.30977166,0.49796185,1.707338,0.7144246,0.44516215,1.7064604,0.54600537,1.3586687,1.0277598,0.061508458,0.046965543,0.91542816,2.3340015,0.993706,1.7232208,0.08309007,0.96906346,1.2659888,1.7233518,2.1983123,0.91637784,0.52537537,0.34009767,1.207024,0.8895844,2.1496441,0.004888432,0.10218595,0.228073,1.680165,0.085587546,0.68517214,0.46386662,0.3458814,0.062167313,0.6018815,1.4345179,0.6414631,3.1823022,0.64750427,1.3618151,0.7573764,0.20806612,0.2920989,0.001319855,0.2961488,0.014187769,1.1018124,0.7073744,0.07942532,2.1774292,2.4147587,1.1416165,0.91964275,1.3114555,0.9701049,0.16084895,0.9414656,0.118599266,0.18090136,1.6848116,1.3351313,0.44954503,0.7491891,0.28884146,0.56732,0.44843438,0.4745913,0.009992226,0.052569628,2.1672404,0.277646,0.28375536,0.45973048,0.2581063,0.3107632,0.559594,2.9961927,1.5271612,1.5381764,0.8459164,0.24109715,0.4132825,0.5925153,0.87256575,0.032867905,0.55075556,0.56345034,0.71470284,0.39706576,0.005102183,0.14012204,1.2915748,0.13700789,0.61469406,0.0,0.0,0.7873446,0.94197327,0.083496444,0.4123975,0.2625639,4.0601397,0.4953147,1.8737503,0.49681222,3.1147785,0.7678085,0.10891136,0.08979298,0.6752102,0.35679883,0.45800063,all_pothole_images\pothole_images_image_85.jpg
1.5683092,0.5060972,0.021447804,3.7713323,2.74625,0.21795298,0.82217544,0.52667063,0.14590392,1.2500371,0.760725,0.7853389,0.2846185,2.2808626,0.02705153,0.050099466,0.39879832,1.3092997,2.377259,0.12378699,0.7909667,0.7962255,0.65307313,0.42994058,1.6183336,0.13597275,0.6092427,1.8511018,0.119857185,0.14932434,0.333981,0.22530997,0.054962087,0.25324446,0.8357659,3.0877056,0.74305785,0.3530403,1.2529782,0.23390977,0.111159354,0.34661222,0.14792426,0.9702156,0.25442728,0.33066928,0.7466608,0.28711978,0.59855986,1.1795865,0.8356298,0.72037,0.3263105,0.29312024,0.6932852,1.2527615,2.4985282,1.1343445,0.4086762,0.33484995,0.4892355,0.31896544,0.2394861,0.84097064,1.6558366,1.3321215,0.8252892,0.007950814,0.44855183,0.63728154,0.2730545,0.055396836,0.9447457,1.1859248,0.63572186,0.18746842,0.421856,0.6767571,0.77885056,0.93835014,0.0,0.6702952,0.071132205,2.3441536,0.051227257,0.5505417,0.3936704,0.45275298,0.28615713,0.24540783,0.1199566,0.010610271,1.302138,0.33240083,0.011134853,0.02551901,0.16706717,0.7759754,0.0797562,0.9342533,1.9007723,2.500464,0.40285033,0.0034508875,0.51447076,0.13834758,0.19856033,0.5525653,0.44607684,0.2319242,0.14106336,1.0825064,1.5313344,0.2161488,1.2255063,0.6370782,0.09999435,0.59798604,2.2876973,0.96070266,2.365074,0.31543976,1.2311827,0.7506829,1.2849565,1.7997178,1.5267539,1.2765149,0.23091322,1.8954842,0.450552,0.29378203,0.519918,0.22556044,1.5271243,1.0542163,1.3376169,0.63135946,0.19372295,0.10390868,1.308629,0.40367585,0.5048457,0.74254507,0.46620622,1.9734708,0.4213502,0.64882857,0.12684034,0.033497166,0.674206,1.3245264,0.6506817,0.43094596,1.841903,1.6703659,1.2190665,1.30258,0.68880004,1.5044094,0.71289223,1.0898889,0.7240794,1.2797629,1.3465875,1.9177946,1.1272267,0.3341113,0.7886519,3.4958663,0.4107225,0.06081305,0.38667354,1.8592392,0.1953467,0.22717561,0.53612834,0.030390384,0.32698962,0.019442426,0.12370882,2.1576548,0.20724526,0.855042,1.0629046,0.83470666,0.18548977,0.5654818,0.55586255,0.91968954,0.55578786,0.2325309,0.16890061,0.17249191,1.7161053,1.1900132,1.3696167,0.16516745,0.72732574,3.1585531,1.1272193,0.5826767,0.41919485,0.08098528,0.12455671,0.1669176,0.3049936,1.0437964,1.2003553,1.2454269,0.14384797,0.16137685,1.4083236,1.0271358,3.4548974,2.0220115,0.099355325,0.75401866,1.1135473,0.3403634,1.4910328,0.3652264,1.0683844,0.54597145,0.03057457,0.5380681,1.3981279,0.43762615,3.1745698,0.2987548,0.18443242,0.13939606,1.7835718,0.11857927,1.5727799,0.0853521,1.5879216,0.36936444,0.910742,0.32176098,0.27337995,0.37199214,1.0274744,0.6733167,0.5341453,0.015972285,0.6281119,0.46013048,0.21587218,6.55137,0.19294186,0.4842893,0.08171866,0.67838234,0.17568411,0.16922271,0.5831,2.0748804,1.4439025,3.4647715,1.946714,0.89425033,1.6492596,0.17833576,0.10915062,0.20077705,3.259642,0.12662013,3.9578881,0.036377586,1.1553726,0.8585297,1.5415883,0.07649185,0.12858118,1.8196297,0.20422035,0.57650256,0.75705034,1.6698927,2.073388,0.4305312,2.517195,0.17788902,0.01312759,2.4633617,1.1207839,0.5836846,1.3894348,1.3783296,0.0,0.086830996,0.08931208,1.2579912,0.50568,2.308442,0.42335752,0.3366691,0.16501993,2.8460348,2.2804437,0.030270085,0.25155336,0.13244998,5.326145,0.15759881,2.2002246,0.64313036,0.59471637,0.40745303,1.1967257,0.31683046,1.4740244,0.41136682,2.7009826,0.12667865,0.17815897,1.7267421,4.6609344,0.51016307,0.14766985,0.037427165,0.6185722,2.7080426,0.3388633,1.297189,0.13908096,0.20818636,0.8212513,0.059899297,1.1940353,0.99534863,1.5366206,0.9978413,0.060255304,0.22598262,2.6356866,0.117017426,0.800651,1.1195033,0.38217875,0.060741257,2.3111022,1.5062573,0.3390787,1.955764,0.03451736,0.63169664,1.3926184,0.11207426,0.25556156,0.040450852,0.0259303,2.1328638,0.5055879,0.04990236,0.6230002,2.6646748,2.2459447,1.7904329,0.013470214,3.0650923,1.7678584,0.8777925,0.3099285,0.0,1.2973406,0.8218651,0.0009841319,0.45111147,2.6487095,0.38008195,0.63607407,0.114120014,0.018941361,0.36974055,1.1266396,0.01736361,2.19771,0.2906475,1.3095827,0.43167037,0.40656412,0.8385821,2.0836153,1.001295,2.0538812,0.3531171,0.36569583,1.0261424,1.8907994,0.87343675,0.43008134,0.3579743,0.61683446,0.5993762,0.64999807,0.28183305,0.883354,1.0892404,0.7511905,1.1222621,0.7996165,0.93820536,0.87057865,0.20913497,2.4351108,0.9386533,1.0079066,0.077099584,1.3750088,0.09078846,0.14317448,0.498013,0.40389997,0.26558822,0.03849492,0.7074054,2.1487343,0.0065751364,2.2197256,1.3599254,0.14255984,0.12241929,0.7649788,1.8889177,1.0572002,0.85279274,0.70095927,1.2505723,1.0954409,0.8623369,1.3856394,1.2566496,1.7715279,1.6127656,0.24818693,0.2686372,0.05347926,0.6623741,0.531994,0.86767465,0.028319847,0.23067707,0.23743193,0.14346242,1.0683967,0.7589384,0.537782,1.5629925,4.045073,0.74935025,1.1081117,0.0,0.9762361,0.8210002,0.29210722,0.32387027,0.6344551,1.0772462,4.2271285,0.04589789,2.170934,0.14092286,0.95510066,0.06442782,0.8995884,0.29294032,0.78133833,2.0005288,0.9960626,1.2837846,4.4414865e-05,2.221352,1.7648221,0.34700876,0.87708485,0.73877966,0.4487007,0.1154539,0.012262381,2.0628874,1.4486059,1.0403961,0.5174316,0.42171434,0.29992917,0.0,1.8940161,0.31872028,0.5616456,1.4173518,0.8748997,0.07485386,0.7324653,0.66446185,0.2329211,1.0484853,0.5395015,0.683836,2.014623,4.197478,0.7291697,0.42181593,0.34547743,1.0071297,1.2725927,1.0957779,0.008386268,0.51799864,0.03796782,0.18883815,all_pothole_images\pothole_images_image_86.jpg
0.114173844,1.9654522,0.25299332,2.217623,0.7867874,0.2781388,0.6758769,0.5724516,0.113528855,0.18039043,0.38470295,1.1449227,0.5275104,3.6390376,0.01778349,0.15571252,0.9019389,0.16080083,2.352711,0.32275677,1.3754829,1.931,0.47828186,1.3153994,1.0274528,0.49194464,0.14503387,0.5869406,0.6456735,0.11247732,1.7671728,0.83154327,1.0844172,0.08539621,1.2045659,0.76524913,0.94866323,1.5599576,0.31390926,0.61524224,0.35743603,0.011417629,0.48405245,1.2191288,1.0567307,0.42471555,0.12417806,0.042958595,0.29424196,0.50939876,0.680463,0.09974571,0.72026294,0.5655754,0.20640653,1.2134885,0.2995653,0.08903401,2.609341,0.17341202,0.92368704,0.70387936,0.23271435,0.32249972,0.63163084,0.77199274,0.42670408,0.3996866,0.36431852,0.03329295,0.61133915,0.7535016,0.49898955,0.30849838,1.2574999,0.8383251,0.19299768,1.1359828,0.29360068,0.031786136,0.266145,0.49631158,0.12214856,1.0699295,0.5167036,0.4096383,0.23627436,0.068507604,4.1129847,0.0,0.1402557,0.052988898,0.27851167,0.72915804,0.08836756,0.0794319,1.7583628,0.4990165,0.7189411,0.8216243,0.046486028,2.5755467,0.16988471,0.7892738,1.2505916,0.7464401,1.3855418,1.0812238,0.006294285,0.013655999,0.11568969,2.9015293,0.7989643,0.50866187,0.60474193,0.83769566,0.72694707,0.85144633,0.9748596,1.1764412,0.8115118,0.62244236,0.65443915,1.8793287,1.331372,0.43169454,0.29497573,0.84280163,1.702968,1.1559885,0.37428197,0.23993823,0.40938652,0.43159974,0.21463136,1.0384979,0.0264407,1.5090955,1.1811199,0.77804416,0.24551782,1.1306205,0.012187372,0.8426553,0.5744485,1.3191863,0.16469808,1.568217,0.22316496,0.5820546,0.5433448,0.6045144,0.021316348,0.24267764,1.3555416,0.6000844,0.18204969,0.28078154,1.2934214,0.35235798,1.1915008,4.406283,0.21648815,1.6529169,0.41108328,1.3155309,0.41705856,0.09461851,1.2164832,0.9920223,0.5906119,0.0,0.2777797,0.47521567,1.0314074,0.22334422,1.0965754,0.16245906,0.009201141,0.0,0.6349753,2.3784401,1.624244,1.085703,1.485851,0.35475492,0.34833363,0.7861021,0.8674732,0.54358137,0.433813,1.6890786,0.17153639,1.1380689,0.22629333,1.3545883,1.4200156,0.94234776,1.7161192,0.6868632,1.1175566,0.9646483,0.4944522,0.29283944,0.9536439,0.18654169,0.28467917,0.5519828,0.33782786,0.06749234,0.022670818,0.3185623,0.9559284,1.4372078,2.0716481,1.2830335,0.69870436,0.035484426,1.0995399,0.16186196,1.3668576,0.088693805,0.43131116,0.785053,0.11314161,0.20767874,2.337852,0.026698329,0.0087698875,0.55437255,0.56953764,0.6167091,0.98598176,0.57204014,0.19613168,0.37370586,1.6480834,1.2564552,0.17856963,0.21317883,1.1838281,0.43446434,0.34700155,0.2715223,0.66952676,0.057429362,1.3376611,0.33565193,0.49811116,4.6876884,2.7577221,0.019427694,0.09471449,0.11316971,0.15443495,1.9735389,0.67340785,0.2229348,0.55615634,2.8211122,1.2279116,0.1234684,0.4026574,0.35412818,0.026720604,0.04697712,1.4086957,0.15039793,1.3275106,0.40013278,0.41248816,0.027348613,0.20546636,0.92540646,0.5221906,0.9342667,0.66796756,0.835142,0.8776988,0.851252,0.017936772,0.8680761,0.6181808,1.1116213,1.5196365,1.1805867,1.0252222,1.6292874,1.5975211,0.052497026,0.16816513,0.6242104,0.5593517,0.7484674,0.60484576,0.4010262,0.26313743,1.0815096,0.2961684,0.65402514,1.2595222,1.0545672,0.10935049,0.39156738,4.1412196,0.46178684,0.03994276,0.8091359,0.6527551,0.37081632,2.84991,1.3614978,2.2548351,0.28961182,0.013822531,0.31841162,0.28700274,1.1915158,2.0245156,0.3276488,0.52721024,0.13908385,0.0060741366,0.22596732,0.6384521,0.49960038,0.020375008,1.087797,0.5637662,1.19814,1.4588872,0.5272105,0.17833732,0.30071002,0.25132006,0.33417892,2.2054904,2.2418053,0.6077533,0.17434968,1.8762871,1.2987789,0.04695343,1.1760895,1.0144699,0.7011023,0.7604775,0.36490217,0.34766418,0.16231969,0.5676263,0.57280755,2.136355,0.22283904,0.42927384,0.08854797,0.519836,1.0630239,0.9005013,0.41101423,0.12274327,0.24649404,0.0,0.5218372,0.051005177,0.5581681,1.0720052,1.0041287,0.11590977,0.31922007,0.5118815,1.1356639,0.29442915,0.07134446,0.7557925,0.7971326,0.03636627,0.28548905,0.2699279,2.095765,2.0378456,0.38303417,0.86276555,0.56528604,2.6444004,0.22134247,1.1968517,0.82801145,0.7474859,2.6016576,0.8781274,1.078852,0.08210472,1.1970363,0.18474504,0.47118753,1.4000801,0.47730368,0.25539988,0.09311017,1.1366726,0.046394683,0.44149882,1.4549292,0.035579663,0.5270402,0.28131452,0.22983319,0.084914334,0.16568457,0.109729044,0.23935167,0.3726831,0.9333486,0.0146568585,0.38595635,1.0479722,1.3662359,0.57597095,0.15094659,1.751535,1.3936219,2.4267995,2.4315035,2.5073638,0.69161475,0.8864599,3.0767522,0.8600573,0.48941535,0.3282504,0.26101482,0.5597693,0.021524973,0.31339243,2.0070903,0.2058739,0.10472895,0.47690746,0.16120541,1.248403,0.73889613,0.12094317,0.023229424,0.04931406,0.36931413,1.6905282,0.18584003,1.1217564,0.4575927,0.55219203,0.79883385,1.2781601,0.33856177,0.860622,0.82462907,2.7603405,0.34981364,0.7787882,1.0744632,0.5590536,0.27135867,0.37911338,0.29822627,0.9011804,0.9927028,1.0244167,0.24281695,1.1451228,1.0769267,1.0394461,0.94486135,0.6207456,0.7157613,1.7627579,0.2082407,0.908881,1.4076418,0.39625505,0.27517948,1.5739,1.5488938,1.4535347,0.55062604,0.07906024,0.1562486,2.158013,0.0,0.604022,0.29746565,0.6587367,3.1338336,0.13979052,0.32283187,0.008393726,0.08836978,0.4335985,0.28557947,0.28471246,0.6044452,1.2587847,3.1044285,0.58276606,0.29858792,0.503742,0.14608873,1.542436,0.39821446,0.22384588,0.97380537,0.64057297,0.30155575,all_pothole_images\pothole_images_image_87.jpg
1.5919151,0.39648655,0.0022498842,2.5364068,1.0926753,0.34544247,0.90820646,0.54436404,1.7646374,1.5054424,1.1624646,0.8782232,0.5145064,2.5269248,0.56680983,1.6803668,1.1633722,0.6241338,2.8914478,0.8235576,1.1989648,0.97090614,0.0043581435,0.54421484,0.74827325,1.1520214,0.22043683,4.197772,0.41874975,0.3144423,0.01374977,0.91086006,0.12343091,2.3475032,0.0064123003,1.6356446,0.03213805,0.32896328,1.5323011,0.236295,0.0,0.018677656,0.49532863,1.6607211,0.5440987,0.574139,0.86934483,0.12848704,0.592921,1.2762759,1.560172,0.056105204,0.3665135,0.1441949,0.36179253,1.8742896,1.807818,0.24657749,0.456958,0.13580516,1.2412208,0.71643686,0.53726524,0.17370276,0.74160796,2.1247416,1.1172558,0.7728837,0.37408948,0.1514278,0.87709576,0.039932154,1.2052184,0.29355583,2.058409,0.18221581,0.45848635,0.9090286,0.5566285,1.1019248,0.029142205,0.75581825,0.0,0.30737576,0.3340489,0.17970608,0.094636604,0.7097024,1.8182572,0.55046344,1.3056241,0.22116788,0.27972162,0.6374377,0.47689864,0.020709248,0.5476311,2.331691,0.41416836,1.6226233,0.0,3.061519,1.0213419,0.23720399,1.3695385,0.22084455,0.069329865,0.0579362,0.043011285,0.50021553,0.044483125,0.3873061,1.7372022,1.589419,1.1319436,0.44878265,0.110236205,0.31485632,1.7435224,2.4351475,3.0830748,0.40221697,0.004984522,0.6787802,1.4642689,0.7940255,1.8307389,2.1628253,1.0262817,0.057709187,0.120999016,0.2292118,0.049237937,0.9177861,0.6881302,0.459036,0.5862372,1.6730363,0.112007,0.61198896,0.043351285,0.04456306,0.19916804,0.32002568,1.425136,1.6326061,0.0011236699,2.302426,0.7433211,0.18580218,1.1144038,3.4397483,0.7743615,0.013838873,2.1683867,0.9032552,0.59301394,0.048620116,0.56797695,0.42404243,1.867916,0.44272628,0.08360431,0.7735667,0.27192017,1.8552403,0.20494439,0.21283016,1.2202058,3.912486,0.21498664,0.037919912,0.3575894,0.22728853,0.04473911,0.13159667,0.56194496,0.06861796,0.1318421,0.0,0.58237207,1.8872739,0.87431216,1.5418788,0.7168434,0.48253623,0.5984141,0.9102293,1.3822289,1.1326797,0.39336613,0.10805918,0.70614755,1.381432,0.13907759,1.1955919,3.3098137,0.0,0.9395389,0.12661822,0.3684728,2.711889,0.28607795,0.4870477,0.0093807755,0.17802477,1.9369553,0.027510868,0.18137583,0.9909241,0.13605298,3.1145762e-05,1.0676519,0.88319224,3.701853,4.454688,0.254668,0.5117729,1.1395118,0.28856736,0.36190632,0.49162215,1.378789,0.8164464,0.06535036,0.03969784,2.5490713,1.4668957,1.4105885,0.4778085,0.0,0.11698593,1.7730454,0.48828483,0.07285349,0.12788999,2.844856,0.38387913,0.039250407,0.045752402,0.17207193,0.33791202,0.3807465,0.6330216,0.11161944,0.0,1.2698401,0.30461672,0.5835861,3.541508,2.2740717,0.69760776,0.3345127,0.537029,1.2316332,0.8310944,0.7259884,1.6380684,0.0,4.3111253,0.77716064,0.07622705,2.466738,0.1961661,0.03388701,0.12173734,1.5227128,0.16350539,3.5938218,0.046336506,0.7189645,0.28971243,1.183666,0.41511518,0.029160066,1.0925692,0.23601052,0.6779145,0.8201956,2.6366072,0.041515242,0.4324807,1.486818,0.19660349,0.30435115,0.0,0.48638457,0.3162925,1.3660365,0.28070554,0.65870214,0.13693376,0.6686297,0.7577813,0.76080424,0.13008612,0.1359084,0.13884875,0.55094665,3.468208,0.33411935,0.34370294,0.17293018,0.9569624,5.910794,0.14192578,1.547637,0.6906304,1.3223357,0.054704685,1.4445442,2.3595564,1.2090033,0.7095393,0.11664249,1.0262624,0.0,1.3755814,4.1082764,0.2746819,0.8744759,0.029314833,1.0208931,0.05542464,1.0189328,2.3040776,0.25265405,0.05567999,0.4284761,0.020947043,0.73317933,0.017617006,0.50801265,0.084904395,0.04184105,0.20772152,3.2050383,1.4246203,1.0429931,2.7128704,0.5711224,0.09158063,2.4282625,1.2709445,0.8633962,0.33887443,0.60737514,0.38584614,0.036636017,0.2532085,0.7580204,0.43389875,0.5887459,0.47573063,0.63489115,0.29087666,0.03834381,1.3716809,0.76995265,1.7467912,0.55726767,1.2159842,0.36468646,0.82106,0.0,0.63269377,1.1981897,0.003446592,0.11067035,0.06667372,2.8822336,0.0062952684,1.4015032,0.06890946,0.014291832,0.3481742,0.1444077,0.08970713,0.83365935,0.14599344,1.6511598,0.36804414,0.14879581,0.058617737,3.6027713,2.5763204,0.95569736,0.08503119,0.6771936,1.6422236,0.8580725,0.052045956,1.8161486,0.21370173,0.032597564,0.06773059,1.2347374,0.5483298,1.9344974,0.0,1.4097453,1.8173485,1.5393083,0.45786095,0.11343842,1.0855526,0.56922257,0.53346306,0.52442247,0.31673527,1.8085853,1.5029882,0.5211017,0.5575032,0.0,1.0585268,0.6149236,0.23866472,0.6219228,0.73836666,1.69388,1.6666088,0.5244939,0.48627082,3.2632563,0.3362074,1.9432597,0.062374443,0.585863,0.8619505,0.38440162,0.80773497,1.768559,0.6201431,1.3897547,3.2655222,0.78698134,0.6530899,0.00091980165,0.33617756,2.127042,1.1114613,0.5228161,0.20626828,0.33777478,0.009023933,2.1535954,1.0988286,0.13688532,1.0167937,2.5033855,0.6228031,0.9239975,0.5758125,1.3100021,2.3592453,0.2570568,0.41521925,0.31333336,2.6189787,4.620858,0.120798595,0.76532197,0.010297856,1.7660544,0.18257576,0.6583193,0.0,1.5165895,3.682941,0.8561392,0.30405435,0.061392307,0.03066506,0.85643286,1.473528,0.35590175,2.7551947,0.71105987,0.19860746,0.94564444,3.239028,0.4885163,0.27932686,0.0065372703,0.0024982067,0.3700282,0.15549625,1.3244879,0.0,0.41554186,1.2876898,0.14123099,0.11350196,0.26415,0.030953664,0.1398129,0.35732767,0.3535467,0.065414816,0.41059202,6.9902954,0.15235642,2.27387,0.9597693,1.0293381,0.2828463,0.8515373,0.015888505,1.1586276,0.2528273,0.36102363,all_pothole_images\pothole_images_image_88.jpg
0.1306878,1.7657981,1.4240445,0.98726654,0.17007563,0.55527425,0.34566885,0.0,0.87245005,0.58289486,0.059015565,0.04143246,0.010694672,0.02540224,0.08045876,0.059365798,0.0013178309,0.002407044,0.16706473,0.01855903,0.07500694,1.6221712,1.3085632,1.7875696,0.97779804,0.11329853,0.0,0.24295644,0.0,0.20818749,0.8452157,0.044953726,0.21937862,0.33246806,0.06850337,0.13546374,1.5623947,0.3266865,0.9933753,0.19379649,0.11434679,1.1942079,0.23648313,0.019813672,1.0980022,0.22807884,0.17860173,0.26502892,0.0,0.06290367,0.3382063,0.0022714057,0.26433706,0.5386887,0.25285625,0.085950956,1.0263013,0.11754873,0.053872604,0.040666595,0.0015943957,0.11356224,0.93406737,0.17405726,0.5822016,0.24318711,0.88386303,0.14996135,0.001516364,0.23848988,0.016756682,0.009388578,0.032049567,0.0,0.0,0.65276855,0.37774187,0.22346668,0.0,0.029899282,0.0,0.24541,0.08048291,2.470697,0.936615,0.27902842,0.057037227,0.0,0.37237945,1.4732615,0.0,0.05599365,0.23011494,0.042407468,0.23162372,0.0,0.8932004,0.19524442,0.20762357,0.059125908,0.9447275,2.0731606,1.0612243,0.0,0.4598911,0.5396366,0.0013819442,0.12321919,0.056817092,1.2013046,0.011003347,0.4977665,1.0169336,0.16415608,0.45387015,1.0310515,0.6745941,0.049909685,0.56043434,0.12834132,1.1921709,0.086749285,0.26479375,1.7865361,0.11289597,1.146504,0.45282057,0.7067561,0.60805595,0.18079804,0.07640283,0.004415607,0.17469387,0.10832924,0.58338094,0.176799,0.13958015,0.0,0.2051198,0.0029349301,0.4540346,0.2691366,0.86863005,0.7212489,0.012137352,0.038590387,0.66032994,0.2909795,0.273832,0.009485066,0.17253974,0.1966022,0.36642712,0.18933512,1.0667552,0.093469344,0.5834896,0.56875265,0.09379107,0.03538899,0.40299875,0.61860263,0.04161214,1.0030457,0.1982024,0.108729795,2.3648608,0.02508042,1.3151256,1.8534663,0.22097342,0.011864096,0.0,0.11864234,0.79686284,0.07267418,0.33220333,0.014994941,0.25924122,0.027854722,0.0034507385,0.0124874115,0.7553267,0.66161585,2.7057343,0.68380135,0.92540944,0.31087518,0.5906059,1.4224727,0.49363086,0.09430126,0.24660142,0.9712549,0.9837531,0.0,1.4989835,0.42986545,0.370474,0.21393014,0.110734895,0.1549071,0.029630104,0.9906825,1.3268651,1.2233303,0.08935358,0.038337577,4.79118,0.95919305,0.0,0.24220158,0.7501958,1.2698536,0.67271394,0.0128322765,0.3830332,0.15259103,0.21458127,0.2799507,0.42088026,0.73900247,0.248358,0.15733919,0.0074686566,0.23955704,1.1991061,0.02367258,2.9868343,0.0655295,0.018950203,0.3165596,0.39211366,0.02102977,1.8374232,0.0,1.0139948,0.027909381,0.7043124,0.3816326,0.51266944,0.054515973,0.45483717,0.23346552,0.06267673,0.0228609,0.6097026,0.6281009,0.000899471,2.9917016,0.49183857,0.7032713,0.0,0.47192568,0.0,0.0,0.13426603,0.10509494,0.093518905,0.60376114,0.1669538,0.43306845,0.37058163,0.6877579,0.13719676,0.2807129,0.12976044,0.0053640176,5.371355,0.0300824,0.4569383,0.061757855,0.01797132,0.14101887,0.47028506,0.5300514,0.006668789,0.112229936,0.71465755,0.18457787,0.7564301,0.4738162,0.2958468,0.028812632,0.010390746,0.075061545,0.10772653,0.75190187,0.27784178,0.23105274,0.10390225,0.1504244,0.12733649,0.5339832,0.077536635,0.60100186,0.6769664,0.55464345,0.2006035,1.6474329,0.23336916,0.49243528,0.04039008,0.06993177,5.669578,0.34555933,0.92918473,0.07799226,0.19157602,0.012459545,0.0,0.09833914,6.467148,1.7899517,0.2480097,0.5302868,0.10232659,1.3772049,0.3197116,0.5042204,0.82421935,0.0,0.40855974,0.09102911,0.45815912,0.26499876,1.7394325,0.04779155,0.046262935,0.0004026709,4.978866,0.01847889,0.017195188,0.114075854,0.320851,0.062234677,1.1442077,0.0013778153,0.21920122,0.0025766448,0.20564677,0.39137924,3.202214,0.011851682,0.71016884,0.14061491,0.02661316,0.24749632,0.6135844,0.7077204,0.0,0.035322912,0.10709858,0.53685796,1.1065383,0.3936418,0.06110343,1.6508107,0.051510323,0.11376963,0.44108978,0.15194665,0.008001968,0.38745645,0.4257108,0.057101093,0.30038208,0.0770364,0.6104908,0.001196127,0.24829657,0.052128192,0.120747484,0.01799124,1.1153709,0.03654848,1.0240389,0.754388,0.74644935,0.2987497,0.2667772,0.0074832696,1.70385,0.32515934,2.2444713,0.0017472518,2.2578394,0.17964117,0.21858712,0.19665785,0.102064624,0.21868546,0.0,0.67625254,0.00036400746,0.6888374,0.45550224,0.45603502,0.01693117,0.14498743,0.65631187,0.42324665,0.4237318,0.130575,1.4754372,0.20948876,0.38117638,0.21313563,0.09867228,0.048192658,0.10973678,0.015278003,0.27328295,0.19980302,0.00067253807,0.12458013,0.42850003,0.974889,0.051095262,0.14555418,0.0076586357,0.3980143,0.5540365,0.062715165,0.55434513,0.64712065,1.0414933,0.33406714,0.4916986,0.0553656,0.2678089,0.40180463,0.0,0.049328238,0.026245384,1.6725023,1.5458822,0.6782553,1.4737056,0.7615401,0.2684448,0.7591362,0.24952294,0.06471948,0.18145098,0.10287479,1.3006355,0.25262722,0.0,0.97992384,0.96889627,0.32198364,1.5813802,0.14440165,0.03069065,0.8876774,0.23911387,0.0,0.024827855,0.19696943,0.12665723,0.049069747,0.18146126,0.023098653,0.38106912,0.40174675,0.0,0.0038275863,0.0,1.1362617,1.2683138,0.08033295,0.18619989,0.13793366,0.30334485,0.0,0.77070475,0.65410036,0.3881938,0.66637325,0.5216077,1.0345495,2.7702062,0.4374976,0.32701826,0.36538446,0.8427591,0.0,0.069890305,0.24020377,0.62953794,2.2499893,0.03468424,0.36197704,0.012046972,0.0,1.7067856,0.06690888,0.0,0.0,0.039651528,3.9674733,0.25365567,0.021867462,0.0,1.6043609,0.040795434,0.061387304,1.1479783,0.3349947,0.5136224,0.053075742,all_pothole_images\pothole_images_image_89.jpg
0.34737453,1.8624166,1.2693553,1.8304102,1.1360961,0.45873764,0.2647288,0.73333114,0.90310323,1.0434746,2.011097,0.111819126,0.05221432,0.9567276,0.69764715,0.91894716,1.3292897,0.06769844,0.38093916,0.80359614,0.19452663,0.10441905,1.0067158,2.4761176,0.31187093,0.12038823,1.4421214,0.87966746,0.7836005,0.4692554,1.6464419,0.2723772,0.06105929,0.04982462,1.0933799,0.36783785,0.31088814,0.5782944,0.31821576,2.4539213,1.000369,0.8321429,1.253274,0.021965737,0.5556392,2.3343387,0.0,0.8949033,0.035335913,0.21009336,0.0056553604,0.7308756,0.16556905,0.18611476,0.6771715,0.6999762,2.6290398,0.617496,2.3328872,0.15460376,0.21656737,0.3102288,0.047146622,0.9547142,1.2864347,0.64609706,0.46752477,0.6127276,1.0647365,0.93216795,0.68936324,0.67188144,0.9992453,0.36185652,0.17778616,1.7236218,0.32139906,0.9703141,0.11282642,0.0019825771,0.057253096,0.724803,0.25002742,0.34959278,0.4228742,1.1151222,0.6004095,0.08488048,2.4935317,0.27223718,0.35290372,0.36189428,0.27141482,1.0888315,1.0302558,0.17871043,2.627425,1.7739955,0.7609256,1.2928742,0.29718804,2.2332027,0.07671442,2.2548463,1.1641272,0.14141929,0.67633086,0.6072714,0.08450745,0.8223941,0.26473045,1.2357366,0.9791861,0.17160127,0.0987444,0.10890633,1.0992737,0.120161325,0.31980145,1.1327871,0.17299005,0.64780766,0.06317936,0.85171103,1.0529243,0.29808512,0.8505224,0.4990604,0.49385855,1.0710948,1.672996,0.046649367,1.5295712,2.2844064,0.54553795,3.2572165,0.7153352,0.537052,0.10437663,0.0,0.49213162,0.46521878,0.66147906,0.30429915,0.65410674,1.3384792,0.36148643,1.0000279,0.39213073,1.0340745,0.78675246,0.23301522,0.046339273,0.9888377,0.7364131,0.092455044,0.022175845,0.0068915607,0.8035809,1.8716178,4.448395,4.973938,0.40015888,0.4672165,0.20635352,0.20458579,0.6447385,0.19845603,0.9827728,1.8169613,1.5376496,0.050558638,0.0902841,0.12040123,1.0914496,0.7151086,0.48244253,0.2777833,0.85067576,0.08241084,0.84365845,0.040340204,1.0525922,1.3897502,2.5885642,1.1473298,0.17755681,0.18129984,1.6960137,0.48070756,0.82683545,0.7719153,0.594292,2.6185029,0.6102283,0.73772883,0.49803156,0.5224683,0.9654442,2.7799037,0.28607577,0.63868695,0.03511216,0.61562556,0.3903889,0.66679007,0.36758262,0.2992247,1.1308239,1.1222304,0.020512177,0.25103736,2.3692255,1.4336245,1.4856122,2.2096393,1.7903539,0.059687298,1.0314715,0.15689622,0.37575293,0.22739959,0.6982532,0.19508012,0.0,0.24115176,0.95533425,1.5973551,0.4510369,1.3167549,0.7340457,0.17867994,1.1836995,1.1142595,0.30250984,0.10913945,0.38998032,0.49834487,1.5908021,0.38789126,1.3696817,0.49292672,2.1584828,0.22397445,0.40545794,0.2054485,0.3803832,0.23596601,1.0075116,2.4134493,0.42803866,0.2621673,0.33434448,1.072662,0.26832733,0.42754304,0.97947425,0.5138242,0.7350085,1.65821,0.08182975,0.20254056,0.92074436,0.08674974,0.5082849,2.6474397,0.6704511,0.5578354,0.21191107,0.49254623,0.8157819,0.115152396,0.36736235,1.482642,0.992019,0.63267094,3.0513406,0.08718056,1.2702491,2.372412,0.6163684,0.4166555,0.35183188,1.4817731,1.2258008,0.71487737,0.19779983,1.4031703,0.11057053,0.083383985,0.8023629,0.6371709,0.051183913,1.2024021,0.20422874,0.8199942,1.0589006,0.008942498,0.48426455,2.2573805,0.13507198,0.18055086,0.011823863,0.049437895,0.014564582,0.9567635,0.040747087,0.95271826,1.6112901,0.5281242,1.4037615,1.3795694,1.5100201,2.6078014,0.15495275,0.05417966,0.5065669,0.90418506,0.53675205,0.34502104,0.98407596,0.44957733,0.584804,0.10696361,0.9217858,1.677417,0.02157553,0.43041003,0.8053277,0.37849122,1.1556822,0.6302844,0.81213796,0.83463424,0.44099268,0.4238898,2.2472746,0.651215,1.8686311,0.27075142,0.6792386,0.44413954,1.0138134,3.4204886,1.0864731,0.48338348,0.22348207,0.33714262,0.43829516,0.30037028,0.10507667,0.85873955,0.21745071,0.5709365,0.17249694,0.9682037,0.08906321,0.0041846214,1.5137253,0.22917697,1.2818003,0.055490453,0.9803269,1.2335124,0.27818644,0.29770654,0.6473397,0.40899062,0.015415884,1.7698468,0.9070086,2.0744567,0.38344383,0.48211834,0.60612446,0.12057227,0.023069914,0.3665012,0.53348595,1.978529,0.18643165,1.1410094,0.4659761,0.43601394,0.48631337,0.806792,0.18084498,1.271703,0.2492652,3.22888,1.1866717,1.6721125,0.062569715,0.62406456,0.42515743,0.17112961,1.9057261,0.26776537,0.49936238,0.23230435,0.0033444122,1.1341096,0.11083752,0.33242053,0.021589065,0.48820105,0.41350943,0.30937538,0.5660009,0.29336262,0.27707377,0.026409557,0.0789615,0.53683674,0.005272154,0.51476765,4.3345942,0.063248985,0.9133797,0.009697471,0.8676778,1.3281379,1.6610506,0.37177956,2.5213158,0.27747038,3.0999534,0.36563072,0.8626037,0.49763095,0.14904624,0.5246479,0.72782385,1.2092464,0.5744975,2.5575,0.5944804,0.9387264,0.8222248,0.3567267,1.5299287,0.2817492,0.015581966,0.7381485,0.0,0.11202744,1.1145837,0.05340308,1.9394412,2.050588,1.9864495,0.19712053,0.087904714,0.1073611,1.0431694,1.3736811,0.14690885,0.6256763,0.3856152,0.4489367,1.2681117,0.9154021,0.7609842,0.14955221,0.23812963,1.1743286,0.38199952,0.0354082,0.72364813,0.6817829,0.9487442,0.70178133,0.05082905,0.26937643,0.8091661,0.36853313,0.17694901,0.27539226,0.7689064,0.5766392,4.996165,1.4317365,1.0369616,0.98220545,0.03645709,0.88453126,0.8538219,0.5495287,0.32888234,0.153212,0.36839333,3.8954554,0.48702204,0.11902809,0.19056582,0.5726128,0.30188966,0.256117,0.72860265,0.03007351,0.08427341,1.6654816,0.4950774,0.32093644,1.1542598,0.5356544,1.7003485,1.3814071,0.10533798,1.8766261,0.9052145,0.13267389,all_pothole_images\pothole_images_image_9.jpg
0.12586857,1.0722505,0.9917906,1.5725648,0.022278987,0.0,0.3104256,0.067452885,0.5611898,0.5314863,0.639431,0.46671015,0.0065579037,1.4197103,0.052087996,0.42753103,0.85689145,0.10628771,0.6012014,0.11978057,0.7301975,0.6934091,0.5983902,0.64478225,0.8769575,0.31214967,0.3156997,1.5852088,0.12295869,1.2086877,0.0,0.109013766,0.0032426163,0.5589493,0.48266926,0.41374758,0.10348734,0.653944,0.65309495,0.08956928,0.26902476,0.09295734,0.09792694,0.0,0.25576717,0.064948924,0.36763665,0.40212035,1.0291883,0.21358573,0.27975506,0.66444933,1.6976074,0.083889626,0.4042206,1.1388041,0.8321511,0.5897853,0.11182299,0.5812473,0.0,0.22444034,0.2482707,0.07668768,0.114811234,0.24752998,0.3537431,0.08053113,0.02325698,0.15310039,0.63861597,0.0,0.75891507,0.020044379,0.3559175,0.12727031,0.4938397,0.19373775,0.012815325,0.0,0.08318641,0.72866243,1.0613308,2.3379762,0.36750644,0.124830544,0.3353361,0.012672482,1.1109052,0.3519753,0.10008948,0.5644904,1.2316682,0.5876727,1.1266224,0.3816389,0.22766872,1.5542579,0.13717248,0.636123,1.339144,0.7949959,0.62785345,1.0593989,0.90208715,0.06279843,0.047778957,0.3291433,0.029154597,0.73114884,1.2379472,1.9393328,0.75540984,0.27974674,0.19344355,1.0432928,0.06016345,0.16768423,1.3205675,0.42902267,1.6307503,0.009579553,0.0043455837,1.4029653,1.7157842,0.7997379,1.8992876,0.21966648,0.082457006,0.74168885,0.008119457,0.058216214,0.32225847,1.0130932,1.9936135,0.52394104,0.15526803,0.39197424,0.042191528,0.005603973,0.4754658,0.64053494,0.92378855,1.2712934,0.044199627,0.0,0.09663449,0.2925102,1.0526079,0.03343692,0.29627603,0.2286128,0.23636106,0.48028475,1.3931581,0.022547754,0.007904115,0.9261686,0.61947685,1.276374,2.2472441,1.113609,0.02673105,0.04062172,0.74193484,0.5596944,0.20500828,0.049092077,1.9462893,2.9333632,0.0054030456,0.018207002,0.592417,0.0027928231,0.039628465,0.057397746,0.79053384,0.0,0.1492888,0.32033855,0.3014922,1.6525142,0.806037,0.9074041,2.8752863,1.4728817,0.105030835,0.26530722,0.57255584,0.09369965,0.21518111,0.4464189,0.5760172,0.45069873,0.8858004,0.021269048,1.1311496,1.4372717,1.021158,1.165444,0.0482239,1.1423378,0.0072356462,0.09396728,0.7197721,0.99742496,0.1590284,0.28751183,1.2697245,0.9519049,0.0,0.0,1.2901239,0.30843103,1.7904599,0.8404356,0.22092395,0.025489142,0.12231923,0.48358268,0.24510157,0.10453991,1.4543585,0.780051,0.013683567,0.0,1.6418668,0.0052805967,3.5342276,0.047437157,0.53852236,0.009439973,0.23447765,0.7598094,0.3461006,0.47218996,0.029528247,0.00028125718,0.05337056,0.028387127,0.4939287,0.6254866,0.03638464,0.2985361,0.2413664,0.0354064,0.28512675,0.121254615,1.2662612,7.2530427,2.2948287,0.2771497,0.08880787,0.05049839,0.048303135,0.48256734,0.60926783,0.97372544,0.8337058,1.5193096,1.0468785,0.44656715,1.2166135,0.2821086,0.2881628,0.9872166,0.15876597,0.82841337,1.2576864,0.48345947,0.72857845,0.0,0.46897247,0.43660486,0.37664,0.42863107,0.032869387,0.82715815,0.015654296,0.87395555,0.26099253,0.8089769,0.57958627,0.012155559,0.6987715,1.0305645,0.39240676,0.23123513,0.39030913,0.19071695,0.0,0.2285051,0.02792681,3.2441814,0.6490562,1.9129248,0.3366819,0.24445307,0.0022554793,5.5353174,0.008588637,0.39158517,0.0,0.048792507,3.053136,0.29464963,0.8292725,0.06692384,0.95828277,0.0,0.15071915,0.1261678,4.357744,3.828953,0.09822257,0.763614,0.0803561,0.5555303,5.050934,1.2991096,0.8532015,0.0,0.60114473,0.8969626,0.12972687,0.52751577,0.38264033,0.05044221,0.77929157,0.1162447,3.1940775,0.17009124,0.59410805,0.53911895,0.20710477,0.005792175,2.8162074,1.3494172,0.4830272,0.7279166,1.8959035,0.19503716,3.3263931,1.7772677,1.1767384,0.47627616,0.11215297,0.8099061,0.6506091,0.049225323,0.011324088,0.29472622,0.31969357,1.4920939,0.4411456,0.9792966,0.0,0.26050422,0.40340868,1.240825,0.28762317,0.05792286,0.3574889,0.54286486,0.054341182,0.019752426,0.71354777,0.2314649,0.5403137,0.4373588,0.27864358,0.56355613,0.0047730966,0.46173203,0.23141837,0.16654195,0.08432262,0.50253433,1.3080671,1.2011465,0.17272587,0.015730763,0.3835626,0.56769586,3.1833134,0.23533288,0.55022377,1.8653601,0.07166868,2.3870208,0.8663755,0.39116782,0.1309193,1.1054742,0.0,0.93368495,0.17611647,0.91632336,0.08152857,0.07279376,0.34635052,0.66800416,0.71088356,0.37487653,0.3356185,0.0,0.016826496,0.42060867,1.2044575,0.17251049,0.0,0.05306834,0.277363,0.33277598,0.1422959,1.5755911,1.0302956,0.40812597,1.6972824,0.6026881,0.20456378,0.5311957,0.98455375,0.50285196,0.9447851,0.39356527,1.6809312,0.30644155,1.6249264,0.43854627,1.2835424,0.11695879,0.0052850624,0.5374901,0.3623018,1.9784113,1.1217831,2.203209,1.5085306,0.23322675,0.19076425,0.3681038,0.018505072,0.00025626586,0.32059526,0.04354964,0.38216022,0.14700007,0.030949028,2.2027864,2.1161745,0.5726379,2.3437657,0.0112198135,1.0997037,0.84750146,0.96509117,0.051642574,0.0692422,0.96709216,1.0115776,0.14324874,0.05052586,0.0,0.67395884,0.21864676,0.14200014,0.19739482,0.084555894,0.9896416,1.4283977,0.92631716,0.09011208,0.04637432,1.661442,0.14660199,0.6687145,0.2634025,0.9837789,0.20227396,1.8207171,0.10323995,0.5834488,1.6467434,0.31481075,0.18481226,0.14337471,0.0,1.1257964,0.0,0.33417445,3.9372091,0.26975968,0.0043390756,0.0020634236,0.14338851,0.1496204,0.21490315,0.12744826,0.13031591,0.18636917,2.949709,0.74308825,0.9892916,0.19313271,2.1449046,0.78804904,0.5826765,1.0744221,0.12493382,0.2841764,0.009739859,all_pothole_images\pothole_images_image_90.jpg
1.1584798,2.1048298,0.43684402,1.5833669,0.26753658,0.86992097,0.39516544,0.0,0.3534273,0.574969,0.5962641,0.4036497,0.40007493,1.9874135,0.26424426,0.19307654,0.5076983,0.15860407,0.4500228,0.53026164,0.38251042,1.4595455,0.3154761,1.5109087,0.8680494,0.42156592,0.9636556,1.8036588,0.19952379,0.94065386,1.2382276,0.16214243,0.78654253,0.37060788,1.5238186,0.16090204,0.43457723,1.0344836,0.00685468,0.7488295,0.0,0.14795756,0.1746999,1.8595989,0.66091853,0.10246458,0.026318932,0.18927209,0.16572018,0.98567075,0.2649286,0.35037652,1.0120045,0.15998347,0.26571742,1.829743,1.9642825,0.32678354,0.55439955,0.4188854,0.1237327,0.20140025,0.21692196,0.053580396,0.50154036,1.4270767,0.43987277,0.37800145,1.3249674,0.5971932,0.45247617,0.9892037,0.913605,0.38907078,0.26125798,1.2597611,0.164734,0.49984467,0.047056235,0.31250936,0.3841998,0.59756565,0.021372575,1.4751645,0.6256388,0.7350268,0.28594813,0.5105621,3.6484725,0.20575736,0.46592152,0.16782461,0.59215975,1.3141841,0.05856301,0.1732735,0.28652495,0.7665699,1.1493818,0.71746606,0.027327906,1.094661,0.24189314,0.8724538,0.5233918,0.514178,0.50457174,0.09512461,0.028097989,0.62868637,0.058718767,2.1077504,0.34483516,0.6210681,0.68792194,1.2270882,2.0290546,0.07170649,0.37590802,0.330211,1.6130744,0.60841703,0.6870225,0.9917079,0.7320847,0.6112651,0.20070441,0.69177496,0.32565537,0.31907037,1.2472656,0.29866055,0.39975664,0.16899881,0.096799344,0.55662006,0.3423429,0.57578367,0.9166887,0.2797318,0.12047412,1.3705735,0.18555869,0.7945871,0.08807196,0.75646234,0.3911933,0.011383144,0.8530782,0.81135666,0.26004997,0.643866,0.0033817012,0.28306705,0.91579807,0.5055519,0.62024355,0.22844937,0.79682857,1.0069362,1.796478,0.6096694,0.10226627,2.0142708,0.1727562,0.74596155,1.4217005,0.029429134,0.31817234,0.84863365,0.03898886,0.00068340235,0.33050373,1.1762085,0.9215536,0.16366749,0.7376046,0.10973486,0.056239583,0.5635127,0.27469093,2.3446434,1.4539917,1.230143,0.8092355,1.23865,0.048578344,0.1237342,0.54848146,1.3320156,0.84259516,1.2845297,0.35676885,1.5077378,0.0035623407,0.09254323,0.35555896,0.6607262,0.24920098,0.84298486,0.044343464,0.6551507,0.011342676,0.513956,0.95626956,0.61445755,0.7412133,0.33624235,0.28063208,0.0021502215,0.17930934,0.35993513,1.0319809,0.28256118,1.2499056,1.3045514,0.42122653,0.48651344,0.3522118,0.12331983,0.6245299,0.14310852,0.9071864,0.7968216,0.8077213,0.76730275,0.57631195,0.73114747,1.7423565,0.04738649,0.25259182,0.299009,0.5993574,0.6525417,1.4729279,0.5445626,1.5955166,0.1254108,0.017954163,0.0,0.041301083,0.4718322,0.19164558,0.10081182,0.37567165,0.13099493,0.7990123,0.26240382,0.32357422,3.4751663,0.5167867,0.27081126,0.6246361,0.4497921,0.22812597,0.0,0.82078576,1.0674176,0.39055243,1.0936452,0.3264814,0.18938343,0.8693684,0.041915514,0.4658965,0.38902885,1.2585367,0.5684382,0.65877455,0.576043,0.5784077,0.0014952468,0.0071575446,0.14306192,0.5875379,0.6843563,0.6293509,0.11201138,0.6871191,1.1526753,0.8075603,0.1744919,0.9724697,0.23151882,1.3997058,0.39557216,0.47411454,1.209173,0.6136927,0.6430993,0.4201883,0.17901523,0.47539163,0.55454916,0.3917135,0.20637259,1.3324538,0.36947677,0.4866089,1.9016973,0.3068604,1.097316,0.083353624,0.9689853,3.9707174,0.39471042,0.009751928,0.99967307,0.5205391,0.0045274324,1.1294075,0.09597601,2.524779,1.2294543,0.2245593,0.4131357,0.41402185,0.6471386,2.4739654,0.5397946,0.16806641,0.23305766,0.021039639,0.3534561,0.63753694,0.5867337,0.356398,0.5776184,0.8574426,0.49833858,2.6489577,0.36216837,0.35284603,0.38795203,0.760089,0.4104035,1.1241175,0.81577796,0.29839522,0.5185366,1.1016212,0.5345802,0.9435375,0.47108096,0.1864508,0.67457765,0.026865168,0.52366614,0.015146991,0.38295242,0.0,0.8013491,0.723932,0.5526425,0.13419715,0.3065208,0.4618791,0.9089987,0.15277487,1.0965354,0.11821188,0.13042258,0.13742258,0.38895875,0.0,0.38220328,0.48965096,0.09362489,0.15853803,0.2795958,1.4725181,0.7251518,0.39001635,0.05599246,0.7568889,0.6475257,0.005582154,0.45016572,0.62476015,0.24400574,0.57680446,0.41826263,0.1502062,1.6562685,2.2280333,1.7896585,1.0006094,0.63269347,0.2265637,2.5311518,1.7446966,1.1828977,0.10378959,0.048528865,0.029333785,0.22106794,1.4803843,0.13975215,0.39971536,0.056618247,2.5291588,0.7396595,0.6652922,0.8637083,0.235055,0.35720676,0.20658025,0.74012524,0.0059305434,0.45849422,0.16381551,0.5442505,0.409252,0.38471767,0.008881124,0.51076365,0.8839154,0.27910087,0.9319013,0.049654793,1.3691512,0.5024143,1.5677154,1.6773664,1.1086601,0.430195,1.0433253,0.83105886,0.42841682,0.63013726,0.019470336,0.549745,1.8558397,0.4125654,0.043301374,3.138314,0.39564165,0.5872203,0.2857405,0.18349914,1.1468028,0.05780317,0.29315826,0.51686144,0.14830069,0.07630569,1.0502537,0.9461072,0.42145655,0.36552313,1.9184692,0.3034658,1.0679227,0.58837587,0.14185543,0.48229077,0.389806,0.5498643,0.11140831,1.072277,1.7006223,0.09484106,0.2081979,0.2306209,1.219018,0.37177062,0.704276,0.11146041,0.2948752,2.1128097,0.88760024,0.7847384,0.123430505,0.27228597,0.6461011,0.2537922,0.25947988,1.0571184,0.74778736,0.20008415,0.73909307,1.8360019,0.72881585,0.69868654,0.013856085,0.61600286,0.40304914,0.5684925,0.46783322,0.028249506,0.83006793,0.5865739,0.3860356,0.089582756,0.14582145,0.20140901,0.90200305,0.018720238,0.20118077,0.2369296,0.36073193,3.7439363,0.5159529,0.8900849,0.2033605,0.49393627,0.34042802,0.44830835,0.554902,0.52689177,0.041172534,0.12924501,all_pothole_images\pothole_images_image_91.jpg
0.19610377,0.9587943,0.20445193,3.0170393,0.55903333,0.188873,0.2626749,0.0,0.76524734,0.5941793,0.18136363,0.40395704,0.0,0.82792217,0.0097362865,0.103030115,0.05985146,0.21061485,0.11734923,0.14360256,0.4430699,1.7647706,0.23558435,0.3353245,1.0357814,0.4482347,0.02979465,1.2486211,0.08274456,0.14813365,0.29774755,0.10653702,0.13367222,0.007489815,0.13042493,0.7668094,0.7411893,0.30147377,0.3445108,0.0049591865,0.27111426,1.5515682,0.6489049,1.6289496,1.8626419,0.11174278,0.12351211,0.011451924,0.44015518,0.14439474,0.01771579,0.06288164,0.22047144,0.0299877,0.028548313,1.172407,0.78854597,0.41697535,0.055774774,0.37447193,0.14365001,0.18184112,0.65539026,0.29182434,0.34984937,0.6947947,0.37283242,0.03758946,0.00482932,0.15385847,0.10648562,0.45051175,0.11518673,0.41053772,0.14680976,0.18152365,0.087748975,0.518347,0.025519945,0.017483704,0.0923695,0.5135063,0.73756284,0.78176177,0.007213301,0.00077524537,0.22858721,0.0013091636,2.1081889,0.12214961,0.017693356,0.117401935,0.004848985,0.25479767,0.18885124,0.0074482374,0.5472435,0.6053187,0.585156,0.8273753,0.27002174,0.89002126,1.452249,0.098299585,0.5074643,0.051109426,0.30029422,0.21350847,0.23227625,0.3719382,0.0,1.513907,1.8090954,0.16277735,0.8133685,0.55341,0.42503336,0.12068876,1.8512489,0.33306426,0.8113769,0.10885114,0.039319657,1.1400577,0.63376397,0.83379376,0.23981051,0.007895832,1.185879,0.09955312,0.10102648,0.059751723,0.051089436,0.16411059,0.23231356,0.28731528,0.07078325,0.05770401,0.7963979,0.09432415,0.18613459,0.23809405,0.31478885,0.3113285,0.332996,0.76321995,0.025833985,0.09627346,0.45513007,0.107177384,0.17407306,0.29199576,0.054238066,0.31876004,1.6394395,0.17747073,0.033922132,0.14368476,0.41959667,0.49351102,0.72704065,1.3746538,0.0056565907,1.0944858,0.61423707,0.26370904,2.4774294,0.47140417,2.0570967,0.6741522,0.034281164,0.083005756,0.18346527,0.81739604,0.52931935,0.22817875,1.4413793,0.43783918,0.92807436,0.006923578,0.05124511,0.9862831,0.6581708,0.08020077,1.8140676,0.6859235,0.5811981,0.82547265,0.0810699,0.72019273,0.040434252,0.17306009,0.016369522,1.3903282,0.48810592,0.021341,0.8001518,1.7576203,1.0498139,0.7895676,0.0028014774,0.70168024,0.41647002,0.35332277,0.23708458,0.27554396,0.09614173,0.020239476,1.7906846,0.21311882,0.0,0.20466341,0.99821955,0.5251753,1.0569247,1.5819544,0.0,0.2219586,0.2533327,0.18077692,1.8177241,0.0037342492,0.0019164042,0.17704734,0.0,0.3138855,2.1194584,0.0,0.25412256,0.813158,0.17907862,0.21469128,0.14261349,0.014501545,0.74068636,0.0018679905,1.294376,0.0,0.5267597,0.34972015,0.0644811,0.5505331,0.31748042,0.09663331,0.03065204,0.07063634,0.3538456,0.38477048,0.15151875,4.730862,1.4678487,0.115243696,0.08895516,0.54614395,0.020464795,0.12737292,1.5858425,0.16698378,0.47449246,2.31704,0.20164391,0.05646147,0.729084,0.07866028,0.39353022,0.33382702,0.24903987,0.085772045,2.2120953,0.100050054,0.3470886,0.072955176,0.41707516,0.010782852,0.54739046,1.3154994,0.015107568,0.16587044,0.1824058,0.96868443,0.5069223,0.17035677,0.32732677,1.0534482,0.23430158,1.2811192,1.0219234,0.52072376,0.9917322,0.4149229,0.06510382,0.29323062,0.03814181,0.46530512,0.006528545,0.043551847,0.07773224,0.7399956,0.18760201,1.5020565,0.78017664,0.88124645,0.031882245,0.67331046,5.799057,0.6831479,0.1693399,0.40675673,0.06640853,1.0578479,0.012717236,1.1245943,4.5174212,0.45105532,0.1309152,1.5685933,0.046130802,2.4705734,1.7715975,0.0,0.002859589,0.02366634,0.0,0.08560928,0.24981594,0.06491645,0.35378,0.029658852,0.08837086,0.3359424,3.8722851,0.045089856,0.019815693,0.20445003,0.0003549731,0.004632352,1.9339081,0.10541853,0.0019461485,0.12452515,0.45730954,0.4978042,2.0021722,0.17266896,0.87781537,0.08369492,0.30111486,0.90361285,1.2628008,0.20121743,0.9259586,0.39305025,0.015570947,0.003258501,0.20832275,0.0007383697,0.022888346,0.5307285,0.27300125,0.48769674,0.0,0.14342657,1.6285543,0.37883905,0.30730268,0.11091751,0.80188596,0.0400651,0.05118739,0.0045466344,0.05413816,0.58494544,0.13205521,0.0,0.13636275,0.4266103,0.044085875,0.29002658,0.10133659,0.014866555,0.017327217,0.04315289,1.0665431,0.34348848,2.3478644,0.4429829,1.766648,0.038612872,0.11159509,0.7301756,0.47909904,0.6253995,0.012433383,0.35217133,0.0,0.13195401,0.5028237,0.5834005,0.016734777,0.21043971,0.47394383,0.68984026,0.055250462,0.50537086,1.1885815,0.6700866,0.09188959,0.11375928,1.2122437,0.1021122,0.32887095,0.0847252,0.12981784,0.25100288,0.06929964,0.2213028,1.1943691,0.41685453,0.48858586,0.30151212,0.9357498,0.1582382,0.6433377,1.0424446,1.2615811,0.41657576,0.4430125,1.2386398,0.49455783,0.059035845,0.4854615,0.009136996,0.21394247,0.043716058,0.05131086,1.2635096,0.2201602,1.178416,0.04445459,0.981898,0.39407083,0.35122874,0.4699771,0.06497682,0.0042120484,0.0,0.69926745,0.022405619,0.113191605,0.5556109,3.2664347,0.027362784,0.66760963,0.49247336,1.6367891,0.14070164,0.6315559,0.5448472,0.29188052,0.82341313,0.6736845,0.11786906,0.92884916,0.054097876,1.1462268,0.113156475,3.8970487e-05,0.0,0.17532109,1.0791885,0.08291601,0.05607718,0.10463378,0.053084042,0.384109,0.0060243434,0.8207695,0.48302656,0.28282434,0.084639765,0.0,0.78326327,1.8077561,0.38254204,0.025676012,0.91395646,0.23575535,0.05150736,0.14254649,0.14451647,0.14441918,1.3354064,0.16239363,0.04170249,0.021890517,0.14114831,0.9852757,0.008945245,0.0,0.026245492,0.51222646,3.7770674,0.7543247,0.31009737,0.4964207,1.5763028,0.7528052,0.05675432,0.14824253,0.47761053,0.016080314,0.46591932,all_pothole_images\pothole_images_image_92.jpg
0.6551455,0.44872227,0.1839585,2.0283573,0.23070444,0.51395625,1.2509217,0.44479388,0.41507113,1.1188327,0.09669886,0.72752404,0.025828013,0.5146716,0.07524123,0.04471009,0.08052434,0.60445726,2.921974,0.1468538,2.2899637,4.2536993,0.06344512,0.026466014,0.5050064,1.0507389,2.1820824,3.1429567,0.56258506,0.61230254,0.36956564,0.7269747,0.48151442,0.120106906,0.67237526,1.0299265,1.5457379,2.2579112,0.033643562,0.9330153,0.026295114,0.26421565,0.29734686,0.82780236,0.2997077,0.7256038,0.054688424,0.33785716,0.11035904,1.2724046,1.247186,0.9655693,0.60963434,0.23480397,0.32961044,1.7026985,0.65369654,0.68048733,1.1107966,0.17820549,1.4386023,2.3562825,0.17052831,0.051159658,0.54762864,1.4371929,0.48734105,0.11548548,1.488531,0.34671205,0.59272444,1.6148208,0.18577546,0.18625621,0.43657315,0.24121708,0.4562057,0.764438,0.17985392,0.19670178,0.3283179,0.028675752,0.025542343,3.552335,1.0621456,0.07644507,1.0604473,0.0031672558,1.7468619,0.14358413,0.008567488,0.3648266,0.02441265,0.68663925,0.36684793,0.059464343,0.47746456,0.5898272,1.1673528,0.69913137,0.083956145,1.707147,1.275369,1.5358531,0.26124257,0.016249234,0.3019557,0.30977738,0.17983407,0.0030586654,0.023109112,2.3618152,1.1103601,0.0,1.135352,0.0021220464,1.3019174,0.2793868,1.4136072,0.5555808,1.0298886,0.6224369,0.08996779,2.6330416,0.33706412,0.23588423,0.555346,0.97251534,2.402347,0.67377645,0.67932665,0.08707823,0.18021517,0.028253311,0.03382411,0.08224612,0.16520722,2.0020714,0.4217558,0.20105128,0.33076453,0.4139781,0.2148483,0.007206779,0.25302407,0.55375606,0.6265386,0.23669901,1.2266004,0.1207088,0.9085174,0.38982788,0.0,0.17821658,0.8734381,0.45673674,1.2565181,0.2674655,0.84009206,0.009872711,0.6626558,3.759669,0.04151375,0.6395908,0.3860708,2.0322032,4.9836645,0.401365,1.2299296,0.3346891,0.07310417,0.031109337,0.09091487,0.3586874,0.073060036,0.0,0.08600671,0.1425651,1.9960757,0.18353882,1.1927935,0.30143616,0.581671,0.73151535,1.4667063,0.7240418,0.0013861564,2.0467563,0.17270552,0.51928914,0.27684018,0.7265058,0.0013542231,1.2591234,0.0,0.0634277,0.039869126,0.3239198,0.9460824,0.12759064,0.37259427,0.2173333,1.7796241,0.56048995,0.49951795,0.038149863,0.27780288,1.2997062,1.1061623,0.96177983,0.08720167,0.10984945,0.8983172,0.32801905,1.204487,2.2302825,1.419904,0.3126974,0.577103,0.39659378,1.7599708,0.4409411,0.88894933,0.32480636,0.835017,0.9402461,0.3193702,0.0,0.60930705,0.85016435,1.973641,0.70106536,0.11498886,0.17017648,0.10568911,0.03996432,0.92593116,1.4118702,0.00855724,0.80743295,0.5234272,0.24372807,0.048670564,0.30309358,0.574069,0.6681815,0.20465177,0.03100435,1.4857647,4.775537,4.7376237,0.0,0.69561595,0.8185814,0.009476169,1.7069278,0.87619895,1.0244534,0.5327464,0.96901995,1.1072977,0.0030314475,0.27254677,0.5652795,0.09583792,0.042311173,0.29952604,0.30578905,0.42384845,0.2497478,0.3564695,0.6668046,0.0,0.033212017,1.3725296,0.43322316,0.23237298,0.032499533,0.79368514,0.69624656,3.4263082,0.060088523,0.12778275,2.3597524,1.6902004,0.3292285,2.2665596,0.9493732,1.5109661,1.0895368,0.021072598,0.6614658,0.293987,0.82946557,0.09846792,0.7949173,0.24627657,1.8550754,0.06339446,2.0162559,0.4006185,3.0054681,0.25687483,0.5529304,1.7279572,1.3690898,0.18528214,0.5852315,0.04017748,0.50305533,4.31727,0.38567176,0.8184664,0.50494075,0.22261387,0.40989062,0.63835907,2.2958665,2.734265,0.051385947,0.0,0.8484257,0.4578268,0.40101016,0.23134124,1.15492,0.5787562,0.022104302,2.144467,1.1696912,0.5781761,0.8993647,0.7144895,0.85770625,0.2418992,0.431715,1.7208472,3.3859227,0.0,1.3873574,1.2120267,0.3186554,0.8924156,1.4016283,1.5112962,0.07942952,0.3142723,1.2821696,0.71058047,0.8418137,1.0801724,0.55669576,1.8164217,0.20425904,0.100269586,0.22809125,0.023549493,1.9285289,0.15051183,0.20135772,0.14086026,0.54596347,0.12328848,0.9441061,0.12975273,0.033781216,2.8665116,0.24951655,0.010734208,0.016647816,0.38453135,0.18137394,0.19294113,0.5620795,0.720416,0.088679485,0.80636454,0.25158924,0.015575323,0.8398001,0.9156141,0.0,1.8838223,0.0931787,2.3648152,0.27904528,1.717562,0.083901495,1.378422,2.388802,1.9411138,0.030147992,0.06355939,2.4163368,0.13495922,0.0001703632,1.6175652,0.0,0.3165194,0.13516422,0.33457544,0.0043167905,0.1948047,0.7359657,0.45126355,0.0,0.0,1.7673402,0.23843285,0.13172783,1.0338048,0.033201095,0.002612756,0.270581,0.513383,0.13183789,0.80481386,1.0498798,0.20284565,0.7397182,4.547289,0.8951702,3.8514955,2.7841434,1.8840642,0.18800843,0.44521347,0.4838603,0.0,0.39825466,0.09384427,0.19288616,0.04279862,0.58936334,1.1621637,0.7827863,1.1716552,0.093536235,0.38840172,0.0117101325,0.06402728,0.5497339,0.17143409,0.7673444,0.2724728,0.0042502563,1.9217803,0.15221809,0.06572677,0.1333063,0.3268051,0.76711005,0.037405428,0.93095815,1.1556449,0.84049994,0.99048877,0.94304717,0.3943747,0.05799528,0.112009905,0.13157299,0.12540631,0.010189497,0.16329443,1.8706578,0.53090924,0.5086021,0.10404396,0.44560793,0.02286148,1.9073839,1.0770397,0.23569591,0.32345867,0.04192826,0.11577714,0.3991021,0.27877635,0.8347269,0.7229366,2.8805857,0.15554358,0.036127083,0.088044025,0.9591878,2.1388686,0.32469028,1.1470855,0.21065441,0.46780652,0.93966436,0.6907191,1.3134155,0.0,0.34628925,0.08350563,0.8477374,0.26167455,0.2922669,0.2978987,2.788601,0.30344862,0.44710198,1.1076618,0.4094534,1.39185,0.0035701427,0.7960691,1.7540606,0.38266867,0.13199255,all_pothole_images\pothole_images_image_93.jpg
0.61878073,0.6690341,0.20794955,2.5674639,1.8514767,0.16949093,1.1593933,0.86991376,0.97111857,1.0627412,0.30795783,1.0115024,0.053022645,2.0439332,0.10321766,0.55135727,0.019701384,0.70448583,2.1506493,0.3166315,2.3070452,0.35289592,0.4035983,0.09935264,2.5779707,0.45623466,1.3677896,0.9924844,0.21264897,0.01577762,0.41328812,0.3704591,0.82246256,1.1876808,0.070945464,0.53378165,0.002049622,0.15458046,0.05744168,0.057196938,0.19692455,0.7447737,0.1570388,0.58442074,0.2261783,0.34293872,0.0656242,0.0055268486,0.10749693,1.3852665,0.082888015,0.8109178,0.013890336,0.0,0.90153664,0.29099673,1.216427,0.5857081,0.92763585,0.027225642,0.8798044,0.5862334,0.009814272,0.30384216,1.1838249,2.2308424,0.60352296,0.53634036,0.6748693,0.43953463,0.30313125,0.15000772,0.22747147,0.029257014,0.839137,0.0072138333,1.5307245,1.3856257,0.03886316,0.014453441,0.45653316,0.01997166,0.89989936,0.33190286,0.8792148,0.00038415528,0.6418884,1.1288142,2.019079,0.14623743,0.20752949,0.7024303,0.07648907,0.11773192,0.32393122,0.31752542,2.1771595,0.59778756,0.045702886,0.9959916,0.0,5.033517,1.2233924,0.35343122,1.4128942,0.20595628,0.5164517,0.80233,0.00095901027,0.7527341,0.012155771,0.7903591,0.31525943,0.37393653,0.4041729,0.6128408,0.20786196,0.11348032,1.6096188,0.004862071,0.49054357,0.010768365,0.29904464,2.2126389,0.7082543,0.007327404,1.118178,0.95836794,0.68507254,0.06942075,0.029802809,0.0,0.08832868,0.5777676,0.342564,1.5887809,0.91638905,0.07328965,0.92110723,0.09491661,0.46921623,0.5643958,1.7627146,0.011546379,0.0,0.5402698,0.0,0.48700288,1.3520815,0.0,0.058860756,0.32931188,0.026945896,0.31124362,0.79608727,0.5474892,0.7002946,0.0,1.0963635,0.8337814,1.8272771,5.222942,0.1780204,0.4522747,0.09196171,0.33608043,0.6677115,0.61944133,1.1629999,3.3194406,0.012638921,0.02832591,0.2024507,0.0,0.008239591,0.017670339,0.097465724,0.37889278,1.0418385,0.42427972,0.0048388722,0.9044286,0.2958831,1.5210954,2.9630587,1.2810974,1.0546277,1.674311,4.6343303,0.9511612,0.1863434,0.0,0.08712013,0.93544817,1.7127346,0.78078955,3.8641946,1.3644725,0.69290704,0.5600671,0.12801783,0.7988225,0.15352224,0.123788364,0.024568185,0.0,1.3031698,0.0,0.52212954,2.5038807,0.0014205908,0.033375356,0.12377571,0.111495346,1.2584779,1.6714296,0.06193203,0.0057203034,0.42467695,0.011018989,1.9544404,0.63094044,1.3426188,0.00067070883,0.008026801,0.013761224,1.1381872,0.3634887,0.4099217,1.0142757,0.45110175,0.1351695,0.31446382,0.16176249,0.0,0.0,2.6082258,0.11918085,0.40827972,0.27995166,0.7184204,0.39168453,0.45847118,0.23456658,0.31981143,0.05010599,0.600658,0.41811055,2.2744832,4.1489716,0.7860751,1.256838,0.110463336,0.0036394377,0.0,1.0969254,0.0,2.3476837,0.46558425,3.5679626,0.04427564,1.0490649,0.3552419,0.7889046,0.30685326,0.21949781,0.47236085,0.03312885,0.44866428,1.0652331,0.436334,0.0,1.0381409,0.5003775,1.3394094,0.62596744,1.0826201,0.15842651,0.9066867,0.38833782,0.079234764,0.19083215,1.8010076,0.8533161,0.00262482,1.7094132,1.655474,0.24995436,1.3747545,0.0,0.0,0.4823661,0.018432856,1.225349,0.016760865,0.07495689,0.34673646,0.3388432,0.054198716,2.4021482,1.3251193,0.099238314,0.12542668,0.0,0.56154287,0.64008,1.7324913,0.028675415,0.4970328,0.5217088,0.788754,0.5235662,0.13167807,2.0502653,0.41295475,0.34036908,0.6404619,0.77597755,4.025433,0.0037489727,0.31026533,0.96824116,0.011649239,0.26467896,0.4109032,0.014759344,0.04267077,0.10911774,0.27893898,0.3617787,0.5728511,2.3464265,0.14923184,0.05078302,0.15478529,0.0,3.3228338,0.10467889,0.8720851,2.2626421,0.35611507,0.27337855,1.2226202,4.226036,1.3648491,0.061664853,0.3657584,1.2115976,0.36895385,0.0,0.6499175,0.9614966,0.06710233,0.17992128,0.08856036,0.80062723,0.044765145,1.6741859,1.3274044,2.3700972,1.8678713,0.18941846,0.34208915,1.1010284,0.0,0.5391141,0.579652,0.0,0.0,1.4353077,0.42370465,1.1271682,0.45554864,1.4344728,0.011699775,0.6676155,0.27336097,0.7090242,0.7375595,0.39823422,2.1263487,0.20809129,0.0515012,0.35781175,0.35253808,0.23462515,1.7356514,0.0009470214,0.47494778,1.0148684,1.562702,0.019155947,0.38509282,0.45704916,0.23582365,0.040231433,0.95536447,0.1657556,1.557185,0.004113165,0.0,1.0710963,0.26061922,0.17160009,0.50645584,0.033978384,0.6119228,0.35165355,0.23430389,0.0,0.32077652,0.15193363,0.02208897,0.12632297,0.03283332,0.17898245,1.8723365,0.2653124,0.735178,0.066732675,2.8442106,0.35467622,2.2602336,1.011142,2.0981476,0.86439514,1.3640419,0.4270429,0.4853585,0.6653572,0.013619272,0.13829122,0.3238098,0.4157331,0.7623724,0.47056797,0.46379593,0.82871014,0.05225767,0.17989057,0.6552432,0.40550083,0.09756546,0.052739453,0.022829551,0.28123844,0.45899916,0.5418018,0.082101755,2.4637752,2.8401,0.8452901,0.5805775,0.17046657,0.7699094,0.43867585,0.4049484,0.0,0.0708819,0.10276194,0.98849976,0.09636332,0.13263333,0.116850056,0.12559764,1.2099143,0.17668062,0.07641136,0.0008488256,0.010847781,0.0,1.7313218,0.018635448,0.4077097,0.49975446,0.001906103,0.2408752,0.59292996,0.3611584,0.023449192,1.3874642,2.5118604,0.8490169,0.42792067,0.28130963,0.024240186,1.102993,0.5673254,2.2683532,0.0,0.5031568,1.9191742,0.7247936,0.57419074,0.0095792385,0.107846655,0.24254504,0.0,0.19443133,0.49230126,1.5942847,0.8804156,0.15832964,1.5474777,1.0124326,1.1246064,2.820878,0.196867,0.0071277227,0.25091982,0.8601843,0.0122157745,all_pothole_images\pothole_images_image_94.jpg
1.2231959,0.6858461,0.085618734,2.2940676,0.34679225,0.7333914,0.13189264,0.054557953,0.18916972,0.5537948,0.07781595,0.868035,0.15892842,1.9764466,0.3927291,0.44332734,0.08639892,0.15177691,0.012906918,0.48838004,0.8254706,0.8480153,0.37398323,0.26696745,1.4135678,0.89079744,0.2768473,2.9301295,0.31802785,0.08456194,0.6217309,0.32628453,0.5625632,0.79648805,0.12389665,0.23776108,0.12909468,0.24626821,0.50836945,0.5772243,0.5870469,0.013917516,0.5858791,0.58925587,0.937012,0.6927666,0.07741857,0.29290342,0.6146442,0.03654898,0.5309037,0.0006613105,0.23670726,0.037574664,0.02004075,1.2412511,0.9617737,0.5529789,0.14839585,0.009027536,0.06262485,0.13623898,0.8400651,0.3644673,0.24959281,1.5331929,0.5552309,0.044695318,0.76981694,0.039245047,0.72181094,0.1609261,0.23549739,0.46377784,0.572185,0.2351211,0.08631506,1.6655116,0.37356013,0.15741631,0.14635412,0.3345799,0.5976431,0.6451979,0.25399837,0.58539224,0.92321354,0.11099708,1.7107936,0.29618976,0.4492002,0.0056020347,0.039427135,0.6981953,0.00088549056,0.015390033,0.18949074,0.24610774,0.64351267,0.7904369,0.06801049,2.2459888,0.09576932,0.22400832,0.18194622,0.0,1.0728514,0.6280366,0.04585433,0.6498951,0.054672115,0.7235153,0.37108737,0.16886495,0.82392067,0.16403867,0.8838324,0.057239197,1.4714352,0.52194506,1.4966997,0.12154217,0.3810929,0.50508714,0.7753351,0.7704976,1.6403676,0.8513062,0.6018515,0.3623203,0.09876328,0.10862864,0.012754636,0.24167138,0.3760225,0.5365836,0.6386439,1.4352834,0.45848238,0.17612267,0.09357453,0.30759943,0.02323422,0.42802942,0.11473789,1.3520371,0.0,0.0,0.4486623,0.10127117,0.6622691,0.5723087,0.2849679,0.008846159,0.43279904,1.1182476,0.8323162,0.08608043,0.37878165,0.14710593,0.8413259,2.394269,0.08552933,0.75436896,0.1370935,1.4793556,0.98344445,0.5251232,3.2487407,1.0210855,0.0,0.005981789,0.08015448,0.0017125676,0.18664725,0.33449546,0.29442537,0.017012253,0.74059397,0.26836115,0.0056640226,1.5992693,1.1203266,0.21123698,1.9506593,0.0077062,0.007904872,0.9434553,0.67395157,0.24530247,0.3426754,0.08396662,0.29425013,1.0261581,0.860048,0.23850721,0.5760438,0.3768845,0.8742852,0.45201257,0.6662979,0.72559685,0.3468205,0.8180818,1.3172212,0.41455105,1.3000256,0.044141475,0.39407554,0.9565688,0.029356536,0.0,0.45242232,0.26701194,1.2137903,1.5181758,0.26994774,0.13017514,0.02375876,0.019506866,1.0759842,0.7179378,0.6682659,0.05799596,0.0,0.052400745,2.0225964,0.32590973,1.3274406,0.6352567,0.0072920686,0.048774727,0.17613389,0.21903524,0.0662616,0.011146212,2.9385116,0.007132645,0.30492523,0.51233625,0.41655666,0.15373458,0.09322047,0.07305654,0.16287403,0.0,0.7263001,0.54142004,0.3110322,5.4612164,0.7343217,0.26427206,0.3889475,0.20231931,0.010214923,0.3292554,0.500952,0.13311556,0.10997563,2.743255,0.13428254,0.28989527,0.11916065,0.7721802,0.1532486,0.20313129,0.17255144,0.2496933,1.0025835,0.34718174,0.93904024,0.09106593,0.5603362,0.41261116,0.6239284,0.19319771,0.7651632,1.6712736,0.12909584,0.81119156,0.7780468,0.025605097,0.5700967,0.84509766,0.30192047,0.55695444,0.63831484,0.29350922,0.9181487,0.02105611,0.08477929,0.18263578,0.054941956,0.6313312,0.18556948,0.5597333,0.020412825,1.6489105,0.06688209,1.9355268,0.2849031,0.18581091,0.1298598,0.4014901,5.3750086,0.34174964,0.016024243,0.20198958,0.14099045,0.591863,0.011044979,0.5578251,1.9538982,0.69834524,0.050514925,0.271691,0.0049054692,0.8322637,3.1534948,0.3243498,0.11377306,0.0,0.10890853,0.322711,0.057866704,0.19576275,0.7455526,0.08911701,0.39659375,0.25295198,2.5515969,0.015905675,0.15098076,0.0,0.09896591,0.032762382,1.7691541,0.53864235,0.3977579,1.2787048,0.29084793,1.2315434,2.6965175,0.7243669,0.8869592,0.0,0.900326,0.42317685,0.4426725,0.075960286,0.5697926,0.82825035,0.07937941,0.5931648,0.123907454,0.0,0.07459544,1.2148463,0.14540878,0.22137967,0.01594809,0.29065958,0.26907888,0.10363273,0.0,0.33587253,0.84019125,0.5075785,0.04339039,0.47963107,0.3468568,0.26156422,0.09721699,0.024351291,0.1631324,0.3977042,0.06165656,0.02587294,0.5188671,0.12744829,0.6879827,0.18254595,0.25081813,0.31313953,2.206919,1.7874931,1.4277085,0.007642786,0.09820808,1.1668717,0.09968301,0.28392753,0.059482,0.1680577,0.11820733,0.6492908,0.38925716,0.5729017,0.8324152,0.598158,1.1697048,1.1223028,0.5165943,0.6336467,0.17008181,0.6680237,0.18640229,0.8679834,0.290245,0.7204173,0.80460846,0.177996,0.3072622,0.98609287,0.0,0.06487484,0.124479905,0.2103746,1.0140259,0.36834553,2.2221866,0.046663817,0.7210605,0.8464886,1.438289,0.09583779,0.7409928,0.8297738,0.43312106,0.30048075,0.7924432,0.19477761,0.16161263,0.2625888,0.57426155,1.1784654,0.44733772,0.9117523,0.1108356,1.324877,0.7291169,0.15242709,0.07972456,0.08032283,0.183577,0.016921537,0.60754013,0.79755133,0.22093989,0.5296998,1.1284398,0.9689365,0.85426253,0.2629337,0.8217336,0.37481853,0.5618058,0.06783801,0.6909688,0.6242091,2.1792693,0.30462304,0.8669902,0.8589864,1.1857247,0.10516701,0.6753606,0.003170892,1.0034858,0.57939744,0.18156664,0.33739737,0.24584118,0.4484463,0.6770852,0.0024975408,0.33950722,1.2969241,0.6205513,0.0058038277,0.017132234,2.1953888,0.9987265,0.40766844,0.13819735,0.0,0.27117372,0.27859855,1.2634374,0.1436743,0.1446386,0.42214662,0.0,0.094380714,0.056215715,0.057627697,0.0018499016,0.019004919,0.008499473,0.47268093,0.40295282,3.1679294,0.45270842,0.18565676,0.28093165,1.2942244,1.1178787,0.048271943,0.046949543,1.7638868,0.21194026,0.65028965,all_pothole_images\pothole_images_image_95.jpg
0.9765007,0.78838456,0.05090449,2.0734627,0.28718114,0.5953362,0.5632628,0.25981227,0.23968019,0.7809451,0.057793923,1.8795173,0.27589,1.8999708,0.14053518,0.5407435,0.17522521,0.09848337,0.74216086,0.17311962,1.1617517,2.6751254,0.10101573,0.86966,3.4479244,0.08146174,0.6497038,2.50248,0.4017927,0.6056382,0.50109553,0.07663431,2.0426292,0.14203404,0.46535978,0.7652672,0.3524837,2.3485577,0.70991766,1.5865784,0.0,0.09614364,0.36142722,0.8001081,0.7192539,0.6119245,0.008902098,0.69296324,1.5278989,1.2532055,0.41474712,0.3652102,0.26640555,0.025839245,0.0,1.6264421,1.5687696,0.040085413,0.29000816,0.08188631,0.04815081,0.014687882,0.5241371,0.1305406,0.4065684,2.0080426,0.1834673,0.07400279,1.71511,0.17488047,0.36389688,0.24985017,0.18850479,0.39253047,0.87791365,0.98636234,0.06301482,0.24000768,0.005836477,0.42537123,0.314872,0.08352772,0.039108332,1.718518,0.72468776,0.14146361,0.44680497,0.56842506,2.4940932,0.28761366,0.6303337,0.4553077,0.050158996,1.1918845,0.1407875,0.0017525833,0.62478775,0.2114974,0.3714971,0.8211615,0.6745202,1.5957408,0.6700254,0.07571454,1.1448898,0.095855914,0.16568884,0.184303,0.013285506,0.9405196,0.04060934,2.3570378,1.8657614,0.5735271,1.0265694,0.13721703,2.3081663,0.07025114,1.2767262,0.90854293,4.2676005,0.9700105,0.29635188,0.91744435,1.4034586,0.08526224,0.78922534,1.1306571,1.2998251,0.08179329,0.14195473,0.08577555,0.07938451,0.053496853,0.25958988,0.4127396,1.1970531,1.6937785,0.33361816,0.074464776,0.06413088,0.48108298,0.00032664227,0.43524054,0.8179917,1.1479172,0.21225734,0.1687529,0.6626206,0.19884211,0.589864,0.5775817,0.11113108,0.00019574305,0.8317267,0.11738814,0.84189713,0.5593785,0.4626779,0.85431296,3.1834595,0.7310713,0.79183173,2.650186,0.3589703,1.3747045,1.0725011,0.09438211,2.2871027,0.72063124,0.0029118648,0.0,0.18594489,0.5044689,0.78522825,0.17171723,0.6823914,0.029605508,0.117883794,0.32418543,0.07299187,2.2787344,0.47372198,0.42917633,1.4811271,0.55667585,0.40546867,0.12885974,0.099673815,1.1462892,1.1976038,0.61332875,0.450455,4.509632,0.114171326,0.8745619,0.15519726,0.88949645,0.23646127,0.40833467,0.9951494,0.58016354,0.35417697,1.526625,0.40620264,0.45598507,0.6553877,0.28680348,0.12192224,0.110950515,0.15059707,0.06368782,0.6993651,0.32399622,1.2107505,2.264682,0.8929769,0.039149467,0.0417679,0.00089554104,0.11670788,1.0607281,1.6570396,0.26895106,0.044203892,0.52516806,0.5975281,0.6057589,0.83263624,0.8235392,0.08693245,0.5747088,0.31668004,0.583743,0.13050894,0.33346328,1.5309016,0.12506223,0.0500415,0.0063792416,0.12266332,0.033119585,0.5893801,0.091914415,0.32289162,0.005240079,0.7946215,0.4947412,0.7118591,3.506765,1.0112914,0.30420378,1.6607635,0.0006504793,0.22977486,0.4876713,1.3100648,0.4564616,0.33771023,1.9807761,0.6054401,0.026552057,0.5177031,0.12698516,0.20091683,0.35980976,0.23482306,1.1295198,0.18339011,1.3693097,0.2606493,0.0069621396,0.24675143,0.6086813,0.8396558,0.7682221,0.38696074,0.41622162,0.089457825,1.8152585,0.44701695,0.050846886,0.82694227,0.26299915,0.97240895,0.18693489,0.94830465,0.5607633,1.3755121,0.09600836,0.047520857,0.08852731,0.58069074,0.84251153,0.25235555,0.05730737,0.5580013,2.6608896,0.04376165,1.4252005,0.38496578,1.7781987,0.3207237,1.494988,3.8744357,0.24255247,0.1293689,0.831215,0.09168741,0.143903,0.889443,0.8850126,2.0894022,1.3268071,0.10722709,1.1816963,0.0,1.286639,1.7610708,0.044433575,0.19695698,0.044098113,0.16469736,0.8122884,1.3989458,0.13632604,0.41534767,0.26413107,0.061726246,0.12483007,2.493722,0.7996333,0.15430304,0.06434778,0.7434476,0.38841987,0.40272233,0.8761523,0.13893403,0.19912134,0.078287445,0.45617807,1.7348984,0.46600038,0.9316366,0.031488363,0.0,0.18048108,0.85347086,1.0291317,0.8722283,0.575611,0.34721965,0.56684035,0.6341855,0.015628727,0.22535868,2.4930842,1.0830678,0.6988976,0.49145973,0.52915883,0.48753437,0.033661284,0.010796158,0.036834665,2.8243704,0.1504617,0.1288821,0.52495146,1.6465968,0.14112903,0.19123538,0.0045826877,0.30086502,0.19372435,0.029109458,1.1697423,0.06334747,1.30056,0.75280994,0.036949433,0.8676295,0.95215255,4.350937,1.3858026,0.44964918,0.049140938,0.29801947,2.3011825,0.9660996,0.8192389,0.03756801,0.12964143,0.61839306,0.18142569,1.6593553,0.50537723,0.092743345,0.074662186,3.7271821,0.7650056,0.29586294,0.7824956,0.25580427,0.052284803,0.088708594,1.1931375,0.64430743,0.18725955,0.1356461,0.4838255,0.2456287,0.8274013,0.17607296,0.39346075,1.1829387,0.01749618,0.45805147,0.17568533,2.6863778,0.29207382,0.60029614,1.9419862,1.6198194,0.12888384,1.2938199,1.3810666,0.38032433,0.84780604,0.15684128,2.1965134,0.3649477,1.0445926,0.6998091,3.0340457,0.74830955,0.3953972,0.38870308,0.11257236,1.0451384,0.40022594,0.21896702,0.959812,0.60578585,0.04012676,1.4015975,0.7488083,0.30159456,0.87844956,1.1041983,0.3125815,0.39542133,1.1305659,0.81968826,0.37526017,0.537465,0.3249855,0.8351817,1.6958331,1.1583445,1.1339836,0.26724046,0.0039701457,0.519834,0.60028064,0.24568889,0.016920738,0.28633696,0.36353877,0.49312586,0.9766396,0.0017928876,0.25325048,1.3482808,0.10253688,0.12914635,1.277165,0.02985818,0.075518705,0.17940688,2.3439841,0.05990226,0.5723556,0.024664266,0.2778662,0.704592,0.0126305455,0.50140625,0.0,1.1337934,0.27456295,0.65068436,0.036345903,0.07489755,0.4560244,0.200095,0.2691305,0.5509683,0.37186322,0.24580546,4.6218467,0.93545234,0.0029061867,0.5641986,0.13475163,0.07364669,0.59312296,0.15193719,0.22102597,0.7814736,0.9065835,all_pothole_images\pothole_images_image_96.jpg
0.23104432,0.061899174,0.7438848,1.437736,0.17564614,0.19490156,1.2315841,0.04433076,0.04294486,1.3659055,0.13331285,0.3110534,0.067458145,0.3211286,0.039025646,0.5201608,0.37741637,1.3609545,0.14239867,0.106439196,0.45936957,0.8879916,0.93386793,1.8502046,0.9163188,0.38705978,0.004527668,1.4864708,0.296873,0.010269098,0.06287413,0.025438828,0.50819755,0.780192,0.0999289,1.0908892,0.27084658,0.15938015,0.11792838,0.09623068,0.109780975,0.93856025,0.08302525,0.0052972934,0.710952,0.09340099,0.094643794,0.094750464,0.73012173,0.8119228,0.10234611,0.015609758,0.04295354,0.15831314,0.8164842,0.8132478,1.8309369,0.59602773,0.20262158,0.54626745,0.06426407,0.38154927,0.3189982,0.5428723,0.55133986,0.59835356,0.27320927,0.06877994,0.018955834,0.5021305,0.30845165,0.13995434,0.6092895,0.18449771,0.23675442,0.14373954,0.0071754237,0.22705734,0.0,0.03149061,0.012697548,0.2362396,0.0088227205,1.894506,0.19362481,0.0670059,0.06703865,0.09300944,0.76771885,0.82801855,0.056748606,1.1854024,0.040699042,0.26362497,1.0967652,0.009915341,1.0955223,0.6411482,0.008466704,0.0,0.0984484,3.4791315,0.4083297,0.09017548,1.9863561,0.52879643,0.28523815,0.47558686,0.23866883,0.59286433,0.04119104,0.9383607,0.3502374,1.1614275,0.17018676,0.52350426,0.261874,0.4807319,2.9010732,0.89718026,1.6126597,0.5887925,0.0071819765,1.1185375,0.3074954,0.18164222,0.20097555,0.29902312,0.12163383,0.09610298,0.1562452,0.05940962,0.1410292,0.19954646,0.016384669,0.5377908,0.095447905,0.009175443,0.02736285,0.1237613,0.26433608,0.15274155,0.23906817,0.40398452,0.15024507,0.3018125,0.0043292176,1.3122253,0.0017377,0.034311116,0.12550524,0.26726508,0.051554684,0.043385267,1.1688055,0.6341497,0.81904626,0.74084926,1.293648,0.48106048,2.112311,1.0081776,0.097671695,0.5494172,0.50744396,0.31482926,0.9013038,0.025401061,1.760685,1.023923,0.2065744,0.0070184795,0.022340793,0.0142178675,0.3551269,0.15461972,0.19222748,0.0034888242,0.007491526,0.0666393,0.018048739,0.60188115,0.4375379,1.0467268,1.466316,0.46433833,0.09119617,0.11412132,0.29961255,1.4741939,0.22112948,0.001050291,0.45225158,1.7014194,0.060007494,0.037851855,0.47859475,0.8106349,0.7382714,0.19498742,0.21615534,0.0943596,0.5119223,0.013356296,0.2576229,0.48099077,0.08143989,0.0053880382,2.072826,1.5413567,0.0,0.08469937,0.67414457,0.2752875,0.2599566,0.36950257,0.627112,0.02723923,0.47746333,0.2192734,0.28519273,0.4191335,0.40860677,0.17774439,0.0,0.024907425,1.3889214,0.005117663,1.6826693,0.22462688,0.65889585,0.0,0.84110105,0.37855458,0.5400356,0.13698806,0.14445789,0.08618401,0.017765818,0.58420205,0.533097,0.010561693,0.1584485,0.12674412,0.028303014,0.005980961,0.52816856,0.7093509,0.014363691,4.526538,3.5904577,0.13069032,0.12308623,0.16424783,0.020840641,0.3181331,0.1404685,0.5279823,0.29162195,3.4298842,0.22797565,0.11927967,0.9169637,0.65989274,0.17499773,0.050939865,0.19756383,0.14255637,0.96563953,0.32707748,0.70396435,0.09823805,0.039891053,0.25918794,0.47110912,0.4797237,0.2150599,0.1765169,0.40822965,0.22078486,0.3761456,0.89919436,0.035624485,1.0125229,0.059456293,0.010035564,0.0999694,0.054772027,0.26613563,0.28097743,0.3382167,0.15720654,0.0020510752,2.6314976,0.19478813,0.5325232,0.64662063,0.6798678,0.12839755,1.2707084,0.13459253,0.39224842,0.09264478,0.13524714,0.9007084,0.016373308,0.25816688,0.04927891,0.047370672,0.18666983,0.24650063,0.75467354,1.5819938,1.8720415,0.29211062,0.022031175,0.01617864,0.9890274,4.661521,0.36368343,1.839773,0.027964493,0.17760113,0.16852075,0.024881188,0.92584467,0.23217864,0.2934829,0.37322417,0.053182896,0.3227187,0.12727566,0.043733276,0.03303484,0.22723867,0.014344339,2.117511,0.0067893504,0.0,0.23065181,0.5794457,0.05465166,2.9953556,0.90659875,0.77362245,0.0,0.29230917,0.11341948,0.061610453,0.031494793,0.0,0.37061298,0.0,0.68783396,0.32789218,0.3395821,0.21041813,0.53278303,0.8175077,0.61358196,0.45425266,0.10053578,0.29820505,0.0017793395,0.003298747,0.2893709,0.7396813,0.09609674,0.43600878,0.38639894,0.20436968,0.058252864,0.41493115,0.0,0.46630803,1.3413802,0.552557,0.5415257,0.10743873,0.3260742,0.67478204,0.0,0.37515238,0.15904906,2.6102524,0.004768726,1.5879915,0.5943182,0.213373,0.9397568,0.2570561,0.97507226,0.00051429647,0.6332521,0.0,0.269263,0.52550435,0.24432126,0.56325275,0.10776335,0.004306211,1.3282224,0.3879722,0.0,0.22972079,0.09335072,0.06307559,0.33168924,0.13211696,0.051279306,0.021189725,0.31298092,0.085673444,0.19493498,0.1351433,0.10445905,1.7380062,0.21588887,1.3059886,0.5998629,0.22337964,0.5708533,0.15825059,1.2664028,2.8904035,0.2105699,0.47741154,0.100030676,0.06488532,0.77174985,0.2734112,1.1582435,0.0,0.91926914,0.28997114,1.3256657,1.0530367,1.0623075,0.28295845,0.16388075,0.8804268,0.17860273,0.13725747,0.19595262,0.19414546,0.031488184,0.45761824,0.1553354,0.0,0.4408872,1.7225838,0.46420053,0.73226446,0.026969878,1.0191318,0.79992634,0.67114615,0.03394032,0.3839415,1.3397783,0.46794564,0.21238531,0.64833856,0.027623702,0.92210186,0.14113654,0.041679353,0.0,0.2324612,0.4367684,0.26420653,0.6328314,0.0,0.55472994,0.940048,0.0,0.26872584,0.39018756,0.60073316,0.034350593,0.79032475,0.20425141,1.130864,0.82092243,0.058376096,0.7321332,0.90115124,0.00072212424,0.17971289,0.00995074,0.31835064,1.045965,0.0,0.0,0.06828961,0.23197392,0.44935152,0.16142768,0.0074337013,0.27862814,0.12821697,4.21304,0.013630778,0.0,0.036757417,1.514738,0.0026122534,0.47057638,0.50300026,0.9665818,0.32401478,0.08691357,all_pothole_images\pothole_images_image_97.jpg
0.86574554,1.2783325,1.0291637,0.71996456,1.3674155,0.0,0.2498274,0.4929662,0.9907706,0.27824265,0.25344548,0.17681842,0.62348926,4.714786,0.13131474,1.8942577,0.62251264,0.21154754,1.2189814,0.44078204,0.83867395,0.93878937,0.32948163,1.6358169,0.34422752,1.0926455,0.07570101,1.7662791,0.45489165,0.12908682,0.04144778,0.70787185,1.5752927,0.44862938,0.0018970455,0.98173124,1.053052,2.1357508,0.583882,0.27113077,1.041834,0.34564582,0.51239115,2.0319421,0.2814855,1.2348366,0.56749344,0.26942393,1.3944277,0.27995285,0.45205438,0.18385805,0.39839694,0.7120911,0.0112365,0.9607234,2.3230016,0.0055959583,0.60093397,0.3615678,0.37913427,0.15328506,1.7264334,0.28346455,0.51584053,0.47159582,0.85710937,0.07209585,0.60811156,0.3937324,0.4275636,0.37432942,0.017013729,0.7048252,1.1075324,0.6769272,0.8012961,0.86548597,0.7604482,0.5614031,0.030325703,0.21828488,0.3607165,1.81603,0.2721579,0.69419795,0.28313044,0.28503466,1.1574662,0.3959173,0.55293196,0.34535146,0.18103431,0.57937497,0.75100857,0.65662295,0.38440925,1.9155724,1.2522255,1.7213284,0.1294857,2.4593444,0.32699662,0.03842402,0.6319699,0.29104802,0.5685825,0.25077966,0.053339742,0.8411708,1.1540929,2.2028387,0.5331061,0.34209403,1.3570812,1.5578797,1.0115292,0.71044594,1.4344103,1.6805273,1.6265047,0.36770248,1.1455381,1.1493171,0.12429893,1.120679,1.1308086,1.7125306,0.94192874,1.6855643,0.54879797,0.61776865,0.4163478,0.6778826,0.34094745,0.46849138,0.44439524,1.1984594,0.6165614,0.49415606,1.0472655,0.022837842,0.13119319,1.1282796,1.5715209,0.2512931,0.21117626,0.7310258,0.74118346,0.7072245,0.49981922,1.045663,0.41210943,0.73553526,1.5286995,0.6227491,1.0068831,1.8819932,0.78380364,0.54949844,1.3669353,0.5113243,0.21422541,1.1122708,0.29593408,0.7641549,0.639087,1.6218878,1.5515579,1.453909,1.0590394,0.40741035,0.34943917,1.0099357,0.571774,0.043360136,2.4639673,0.5794689,0.16572724,0.28707486,0.2703553,1.4914342,1.6638414,1.1550976,0.6930131,1.1438413,1.1494962,0.8206276,0.07858705,0.48256963,0.79149026,0.41856575,1.0545046,0.8303302,0.3712841,0.10390886,0.80568904,0.5874093,1.2510748,0.29715618,0.7086946,0.5104176,0.92823154,0.62816125,0.9687364,1.3226087,0.9671375,0.122787885,0.26752076,0.19869283,0.3254845,0.39695486,1.6706307,0.7012541,2.011675,1.0014833,0.8014109,0.39715758,1.2587972,0.3434175,2.01115,0.74608666,0.9184465,1.032854,0.04962607,0.18298312,2.8572063,1.5624081,1.5482414,0.42558506,0.7809161,0.29739997,0.49021378,1.2585438,0.19119272,0.014730069,1.1035278,0.96858776,0.20556355,0.174739,0.67437744,0.36568654,0.24672668,2.3233855,0.64927393,0.2843303,1.3133427,0.001133406,0.7264735,2.8999135,1.5776937,0.0,0.23153706,0.9273634,0.024348227,0.24822254,1.8516276,0.3051633,0.3680071,1.4512463,1.1647431,1.4903302,0.7356707,1.5325915,0.14083645,1.0368222,0.14760032,0.6204447,0.77895,2.2637203,0.46694773,0.1391228,0.04342412,0.24925089,0.22787787,1.3185081,0.7719607,1.2867439,1.6671982,1.2415192,0.11562281,0.46893355,0.106268816,0.6098528,1.5619807,0.04166286,1.3116614,1.237727,1.2197069,0.008346478,0.7796283,0.007937629,1.6282479,0.38169748,0.83370376,0.5991762,0.5059963,0.160433,0.6649559,1.6334525,0.20597325,0.66822886,0.14078617,0.47439808,4.3745465,0.1797995,0.21292838,0.9478028,0.5161593,0.17287616,0.43641245,1.2706604,3.7748904,0.39872444,0.073205,0.3733877,0.60335636,0.30433273,1.7982047,0.81764704,0.38981402,0.23056519,0.4732992,0.25452396,0.27873877,0.2582043,1.3246375,0.4371253,0.7890582,0.9860592,0.46748313,0.10505177,0.1234734,1.1132683,0.33978245,1.4166005,1.7925967,1.0562814,0.17930807,0.93713176,1.3511467,0.69934875,1.4683915,0.6365636,0.40753797,0.54306406,0.03550178,0.3684136,1.3791862,0.6276287,0.0960954,1.08376,0.43525216,0.37896147,0.19345684,0.0928225,1.1293721,1.323161,0.5916298,0.5697442,0.5102438,0.11180196,2.0012412,0.4051499,0.19083163,0.16203606,0.25331625,2.4932835,0.016776359,0.762825,2.000382,0.81209594,1.0730087,0.4788226,1.8474977,0.92971194,0.0683997,1.663307,0.052925188,0.76800996,0.87538767,0.09294304,1.4287828,1.2027733,2.4593852,1.8385124,2.865466,0.27111512,0.8252613,0.8461213,1.5075139,1.0126606,0.33285916,1.0390365,0.30617395,0.1424311,0.91432154,0.97777617,0.6436041,0.4449271,3.2797327,1.0164087,1.1821349,2.2279027,0.77815634,0.3204378,0.6203952,1.4362433,1.5629104,0.0135760475,1.1550295,0.122573785,1.5040166,1.1575953,0.599418,0.28770375,0.17337482,1.9909751,0.41653123,0.87877667,0.63796884,1.3347007,0.26992834,0.732604,1.3879507,1.2318996,0.79868215,1.0293584,0.65557384,0.32714558,1.0786549,0.08126632,0.28550893,1.1731253,0.71868926,3.6860962,0.25721416,1.6021553,0.5893515,1.3235638,1.971898,0.47849903,0.75554156,0.4198757,0.45491728,0.43758547,1.9595679,0.289277,0.84699297,0.9267616,2.085885,1.6880323,0.69514096,0.2961704,1.4687939,1.0662826,1.6442307,1.4100448,0.3114631,2.44466,0.6223294,0.95592606,1.3463012,0.8172919,0.24026857,1.6032672,1.1562332,0.27025947,1.646728,1.0986633,0.2024547,1.4038626,0.5124643,0.093334585,0.17834443,0.13681084,0.7215389,0.91719013,1.2219955,0.048232254,1.434433,2.6886032,0.15178622,1.1824514,0.08390377,0.5952528,1.4057633,1.0043713,1.0345167,0.36197063,0.61237967,0.47849366,0.56795776,0.06483895,0.2245142,0.24382073,0.7093117,0.11438646,0.4341946,0.1639421,2.3422117,3.647206,0.346602,1.2530041,0.0474476,0.15686378,0.64942354,0.79480064,0.71599066,0.1364989,0.9847015,0.74030864,all_pothole_images\pothole_images_image_98.jpg
0.45231044,1.5038347,0.8234097,1.5428413,0.8508889,0.9071434,0.22739938,0.0021120477,0.5304271,0.37639025,0.21146314,0.19103502,0.4353713,0.98589,0.6692947,0.34645367,0.60266215,0.3423919,0.188031,0.45418206,0.7050177,1.2662994,0.8148732,2.249339,0.55084354,0.7589628,1.1264379,1.4643288,0.21699138,1.018709,1.4510332,0.14535749,1.2438666,0.68331575,0.6020884,0.43708724,0.65289396,1.1586721,0.37230346,0.27570215,0.76502645,0.47771025,1.0073438,0.5432149,0.7922369,0.38473415,0.47126505,0.17765447,0.5999565,0.7938254,1.4875356,0.055455312,1.7190996,0.7098457,0.8022083,1.363521,0.8170362,0.11257337,0.28608307,0.8822711,0.4019319,1.4736283,1.4485338,0.20407347,0.65735626,0.86401975,0.06267316,0.3515803,0.3922236,0.66280144,0.22318314,0.40386277,0.595942,0.22187336,0.6435469,0.7411747,0.47260588,0.37693247,0.42587242,0.32691005,0.2551203,0.7237012,0.22661705,1.1956534,0.55590904,0.7153299,0.104367316,0.17654952,4.068743,0.0910099,0.43785214,0.745763,0.46011823,0.29939312,1.040404,0.06777137,1.0601314,0.27076897,0.9398816,0.3650469,0.11109454,2.8658054,0.17117776,0.49897906,0.26688656,0.690015,0.6637578,0.78344727,0.12567453,0.1931995,0.18808527,1.7506759,1.3159777,0.28987157,0.024328358,1.1312809,2.1064699,0.7665785,2.231728,1.0341392,0.759507,0.20268805,0.6837045,0.5823159,0.38464502,0.8861554,0.6010682,3.1542532,0.889926,0.7049408,1.1632227,0.026389837,0.13962758,0.7435397,0.28319505,0.72206295,0.15761659,0.68232524,0.5577169,0.89385766,0.97315496,0.43403614,0.27818602,1.7512051,0.52388924,1.0268981,0.13438004,0.074491635,0.659966,1.1578753,0.7004739,0.6218203,0.027394582,0.5622701,0.88126576,0.2833009,0.3148035,0.23533347,1.0539901,0.5077518,1.2088403,0.842499,0.10947881,1.2679446,0.49621138,1.006237,0.2840193,0.42903575,1.2138897,0.96889585,0.21317673,0.06207981,0.46226773,0.066508085,0.44393462,0.3261039,1.4387777,0.25818893,0.16769497,0.9151493,0.18285313,2.6937137,1.7076411,0.6606894,2.6267488,0.17316234,1.2719287,1.053259,0.059666652,0.3698025,0.4682231,0.77988976,0.10279551,0.36169195,0.07443376,0.36196008,1.3091601,0.89199656,0.55555266,1.8964224,0.5101623,0.76109475,0.8530737,1.385521,1.6493387,0.9602975,0.29267803,0.27817973,0.5948841,0.3941676,0.086367466,0.018044,1.5609838,1.3847632,1.5966667,1.3562111,0.37551728,0.029930206,1.6456975,0.66631705,1.2579081,0.22208166,0.5419957,0.7830271,0.22892758,0.2511189,1.1559556,0.2940427,0.611122,0.1841521,0.9507266,0.23627664,1.0968813,0.617282,1.5564164,1.093086,1.2040035,0.10649924,0.053797163,0.31195197,0.6017887,0.07973773,0.41835815,0.12875725,0.030983591,0.00012293206,0.99587137,1.1483313,1.0299466,2.6935883,1.9021465,0.6211364,0.69655544,0.7246824,0.059980597,0.25388715,1.4814373,0.9854724,1.2653666,1.6349483,0.53477657,0.7124123,0.39178512,0.8455949,0.2363849,0.9061763,0.15260507,0.35932314,0.84085757,1.6998719,0.24971545,0.0,0.015452769,0.044871815,0.33672705,1.7717347,0.4937407,0.6065644,0.63814074,0.5925962,0.1374992,0.38595363,0.06855791,0.5773261,1.9976147,0.62219477,0.4792871,0.7070493,1.1392564,0.18388362,0.14608888,0.106599264,0.20035611,1.127757,0.27514297,0.6025267,0.34030798,0.6904938,0.042336944,0.928801,0.17932011,0.22675174,0.7282069,0.25525358,3.6276767,0.47066933,0.31451225,0.80179316,1.0345763,0.26325196,0.45180747,2.0722997,3.7303205,2.3733177,0.010704578,1.1284854,0.10447227,1.024507,2.4098835,0.92564625,0.24723642,0.11227553,0.0052979705,0.61341757,1.3691512,0.6740998,0.806558,0.20122313,0.33970335,0.8581345,3.0582469,0.3098098,0.08152674,0.5177349,0.13313659,0.54519224,0.7853211,0.5561424,0.38012522,0.426576,1.2203964,0.37356865,1.7290428,0.34238744,1.1364394,0.7029587,1.0398519,0.10823899,1.3676664,1.0975972,0.073887646,0.8232326,0.070753984,0.37894693,0.14365056,0.006422158,0.24805471,0.6231179,0.76659626,0.2395422,0.15208575,0.078199,0.2926705,0.80282843,0.20621344,0.2903608,0.7008527,2.1211617,0.9305963,0.32497218,1.5872544,0.7040917,0.175957,0.25886005,0.048051015,0.9675116,0.059114203,0.73129183,0.5675557,0.6419293,0.05444333,0.0682503,0.66610086,0.96137965,3.7298434,2.42486,1.0488293,0.74174356,0.118009254,1.902419,0.7605312,0.5986952,0.24743588,0.116451025,0.034215566,0.681802,0.79037076,0.25713435,0.24954791,0.019918086,2.8034637,0.24941516,0.3427708,0.6404163,0.7853205,0.19827403,0.4508572,0.20419529,0.09137171,0.03692051,0.12037357,0.3141463,0.46923602,1.3612778,0.11395681,0.6391012,1.9510236,0.941638,0.2524873,0.3241336,1.3532315,1.1704674,0.5972468,1.4609947,1.3313634,0.7699521,0.15229736,2.0344038,1.9135971,1.6256888,1.0862808,0.17027931,0.67251444,0.076043144,0.21862042,1.778494,1.9524243,2.2674825,0.21971868,0.34920385,1.0439465,0.21247384,0.5700659,0.558846,0.18371916,0.69383705,1.6733778,0.8261478,0.8924491,0.915885,0.7631973,0.9237707,0.7231219,0.6209658,1.0489404,0.8314304,1.0237559,0.05545057,0.5658216,1.5517346,0.6538644,0.7190733,2.2610598,0.34264606,1.3372952,0.7314037,0.14194043,0.2854839,1.7597343,3.184719,1.2415888,1.4576615,1.2764287,0.061848834,1.5324037,0.081710346,0.84731126,1.8894578,1.4001623,0.29937598,0.36287695,3.5367243,1.0536221,1.1253985,0.29851577,0.0038152933,1.0469937,0.04750026,1.0136399,0.1584805,0.3418977,2.2645707,0.01818853,0.5202873,0.6576386,0.11348179,0.026152955,0.13203816,0.008793655,0.064617895,0.46739,1.9916288,1.0893023,1.0002308,1.5757996,1.4835684,0.39247856,0.76476234,0.6697195,0.10004093,0.48412287,0.0009309754,all_pothole_images\pothole_images_image_99.jpg
0.011212886,0.8084587,0.0,0.4718933,0.734949,0.5200558,0.09150835,0.70089185,0.20424725,0.5769629,1.0656409,0.10021201,0.88664764,4.58724,0.0,0.07904866,0.055356283,0.02630306,0.56635547,0.36481914,0.0956193,0.3537568,0.32508937,0.80421615,0.352077,0.24047148,0.7898857,1.2541834,0.19031583,0.039083686,0.75385565,0.63490915,0.9784425,0.9083068,0.5709118,0.8615763,0.80409455,0.574461,0.44045705,0.5026701,0.24741796,1.2381103,0.42284718,1.2285271,0.58868885,0.10454782,0.044125237,0.068129286,0.66702527,0.15980805,2.2283318,1.2392608,0.95940614,0.08007523,0.16479832,0.4415781,0.23808868,0.5433988,0.015030056,0.30478564,1.0672431,0.14524972,1.951594,1.36718,2.73607,0.05708426,0.11345215,0.1436704,1.9892237,0.0,1.1187327,0.5447133,0.12944698,0.07520516,0.44566667,0.35318658,0.08498254,0.7526765,0.09691684,0.50137216,0.12127305,2.1156511,0.55138534,3.1177452,0.14502604,1.1668767,0.6736004,0.03734574,0.23991705,0.53416824,0.3722115,0.33619803,0.32182664,2.4901657,0.0,0.7961491,0.22802761,0.38935152,0.0943731,0.9492564,0.73775595,2.2745998,1.4465034,1.0542175,1.3889465,1.7297064,2.1358235,0.50730217,2.6080606,0.06463931,0.5512218,0.3363072,0.5653916,0.988611,0.34521258,0.6419982,0.58030313,3.3685863,0.2295025,1.4480237,1.2007036,0.8633545,0.8767294,1.3192148,0.6524266,1.2256374,0.058645636,0.15682201,0.5003859,0.14111279,1.039266,0.07182412,0.044445377,1.8718071,0.5945854,0.28860295,0.19830845,0.74978673,0.38736776,0.6158623,0.64753914,2.978598,0.6504794,1.1902199,0.2853265,0.47171873,0.9114684,0.0033229585,0.82718486,0.2911231,0.0013499059,0.6072677,2.2109928,0.04532187,1.0484047,0.29604512,1.961341,0.43295568,0.07810292,0.32560793,0.5544245,0.60927135,0.24363823,5.890825,0.17284128,0.02780003,1.4776212,1.0489557,0.6439775,1.9592276,1.3099442,0.13137354,0.68949115,0.539135,0.35855788,0.40811488,0.96830267,0.672404,0.0,0.4593965,1.3108777,4.3783636,1.638092,0.773991,0.9816002,1.4579632,0.2665227,0.3344961,0.27447915,0.654085,0.1778314,1.9319036,2.3708923,0.9831391,1.2287978,1.3177462,0.82328516,0.17519373,0.31095353,0.12283893,3.3205073,0.67587847,0.3152403,0.37911606,2.4818695,0.39342353,0.43535334,0.4098274,0.43758443,0.39329967,0.59410816,0.6849676,0.5467625,1.2559361,1.9610234,0.058941357,0.6661794,0.55500203,0.90957385,0.065686695,0.8335744,0.47461104,0.36096507,0.100328796,0.16270564,0.5951182,1.1048176,0.03218657,3.9385712,1.2401899,1.8758522,0.29701874,0.5481257,1.7047929,0.33290866,0.0828279,1.1542379,0.34313178,0.29316804,0.19017929,0.53684694,0.42580962,0.053291764,0.104711026,0.30322993,0.2891959,0.36665663,0.67048925,0.0422445,3.7300014,0.5674479,0.5927484,0.007497726,0.5660542,0.65861714,0.2765294,0.049490217,0.016954558,0.13621219,1.5334612,1.5462775,0.8509285,0.51730305,0.010363953,0.17763044,0.015407185,0.94309044,0.81606525,2.0365217,0.13181871,1.5738313,0.37693232,2.2682877,0.7537834,0.010409099,0.9628757,0.9177686,1.1611354,0.61911654,0.05645727,1.3429556,0.55022687,0.642674,0.57546514,0.38826105,1.3607615,0.25310582,0.61960304,1.3091718,0.91679716,0.16753677,0.21937118,0.0032025569,0.24816148,2.1821098,1.0495129,0.71002847,0.24541505,0.15334845,2.0440867,2.0656087,0.64192027,0.16143437,0.2365928,2.3828077,0.32833505,0.2784016,0.00060320133,0.586603,0.24220054,0.11923324,0.52994823,2.0075035,1.9515924,0.34610766,0.097308256,0.6583267,0.5973283,0.58633906,0.77907246,1.1340358,0.040274207,1.1188182,0.77262545,0.4288708,0.45472965,1.7768409,0.727209,0.22198823,0.08424748,1.6367877,0.497609,0.07588916,0.4141342,0.7019743,0.6832704,0.26887527,0.14953706,0.44811866,0.7729361,0.066842176,0.85608447,0.31342903,0.24781094,0.39596117,0.418949,0.27644062,0.66296494,1.8607295,1.0323262,0.15959604,0.56163794,0.41427636,0.58902687,0.7876221,0.07642596,0.39277625,1.6386174,1.0405995,0.016767088,0.39268,0.08733816,0.7732318,0.010452403,0.0091478545,0.20310625,0.7160924,1.3214136,0.99092907,1.2631317,0.9599048,0.38061365,0.5038807,1.7313663,0.83870417,0.23583345,0.06541131,0.7394694,0.89034766,2.5482705,1.482551,0.32110277,0.17380027,0.43814257,0.06944412,0.7177657,1.8442059,0.8422793,0.22563574,2.1368234,0.5779777,0.43794405,0.17024602,0.09775969,0.4322351,2.0706327,0.27482378,1.0515715,0.1458278,0.44210055,2.7370586,0.35060543,0.10264712,0.057582323,0.5752649,0.33946687,1.2912747,0.2744092,1.0135818,1.3100735,0.011866192,0.33874232,0.22792622,0.53110105,1.6166084,1.0048168,1.0402025,0.52533,0.1465494,1.6496304,0.0939992,0.5099147,2.0684192,0.6729747,2.3020806,0.23470643,2.5416734,0.7017622,0.9902831,0.4513596,1.9473233,0.66089463,0.2132807,0.13094641,1.7400982,1.3400824,1.1729647,1.8925725,0.6347286,0.65001315,0.710112,0.1445951,0.86580205,0.7224816,0.045142382,0.4554927,0.6705794,0.73871666,0.5788318,1.9636452,1.3883315,0.1714061,0.35456434,0.30039257,0.6152672,0.08878073,1.0565195,0.32825556,0.34779,0.35174736,0.8913613,0.92433906,0.48032498,0.58643794,0.29774854,0.21465176,0.4136804,0.2788724,0.0005793264,0.44462547,0.5364157,0.10568334,1.5355271,0.038495824,0.2796002,0.003726261,1.5493863,0.29664752,1.2566754,0.25477323,0.48681483,0.74568427,1.0109006,0.32935157,0.79242176,0.036035694,0.18386766,0.41461924,0.42769545,0.22919923,0.39325166,0.6055144,0.94827056,0.14141245,0.08178798,0.098869786,0.22301432,0.44994065,0.72011065,0.387204,0.67027533,0.9115384,1.0838053,0.30759928,0.2087658,0.2757309,1.6630597,1.1552103,1.5412995,0.02531094,1.3661189,1.9098176,all_pothole_images\pothole_images_new_image_0.jpg
0.6938531,1.9317218,0.49982318,0.59987915,0.40530166,0.19815919,0.16287482,0.012462488,1.5842447,2.671382,0.0,0.25990167,0.7241359,0.21082833,0.41466942,1.1102998,0.67563814,0.12809673,0.21445507,0.21402258,0.6575351,0.28097957,0.4946715,3.3266928,1.0360738,0.7208596,0.009075579,2.5541883,0.0,0.50583434,0.81920826,0.2539387,0.44087124,5.730538,1.7963116,0.15378995,0.44636372,2.62037,1.4125043,0.6998713,0.28092676,0.11358548,0.1468129,1.6777885,0.17770897,0.39142647,0.3305781,0.6307665,1.4030812,0.3192686,0.113272645,0.24888816,0.5120644,0.051438015,0.0,1.1790705,0.2661344,0.44977307,0.84135324,0.026750421,0.0,0.8795991,0.281767,0.23805866,0.98687744,0.035662208,0.79760575,0.21052551,0.6208997,0.38596418,1.4025106,0.07615125,0.44642422,0.9756664,0.0838908,1.3537935,1.4324656,2.4181056,0.57318157,0.40300676,0.06452168,0.25521436,1.817659,0.8299094,0.5334908,1.0804181,0.11286189,0.79643136,3.3034742,0.5489424,0.6270785,0.9832858,0.9438848,0.583866,1.2772187,0.40262696,1.047814,0.6821069,0.18522562,0.7464888,0.00024350367,0.49041155,0.17885631,0.84383357,0.68604493,0.045585826,0.67592263,0.28832537,0.0,1.5947436,0.14610636,1.688414,0.9110698,0.34346268,0.40618217,0.28273597,0.44138238,1.3427252,0.5161856,0.14058803,6.462631,0.41991657,0.08492779,1.6511928,0.5464957,0.03923877,0.03162609,0.4200499,0.05379301,0.7683014,1.6226697,0.08768076,0.092423245,0.20567605,0.9143899,0.056482907,0.35479268,0.0022732303,0.090524174,0.5283989,0.17681566,0.14044471,2.391426,2.4954216,0.1496643,0.16886374,0.3356972,0.5344877,0.19354156,0.18550734,0.52536404,0.14612858,0.7945315,0.16100067,1.2073216,1.2446604,0.8667886,0.76798517,0.5236608,1.7992058,0.7374152,1.3249452,0.3290051,0.16524272,1.8579973,0.91210353,0.014181237,0.23680498,1.0206054,1.6889005,0.2594451,0.34362257,0.22981861,0.09780007,1.4159027,0.7714387,0.9502926,0.003585677,0.1737041,1.827462,0.03260188,1.9056048,0.8320334,3.9611735,2.6249177,2.0542805,0.6525886,0.3166282,1.8007896,0.24049555,0.25460812,0.44726506,0.6817781,1.3377242,1.8004799,0.46126398,1.4092618,0.7926349,0.04366379,0.25042406,0.64637804,0.55832607,0.05478869,0.038457956,0.2504924,0.8340398,2.5326757,0.29202986,1.9727339,0.23755893,0.1595889,0.13039872,0.088830754,0.45635366,0.5414857,0.16603649,0.16013084,0.2115943,1.4793637,0.3019482,1.3997529,0.118071906,1.3875529,0.122080944,0.1339681,0.2580369,1.1737084,0.24652058,2.4907708,0.23922525,0.043528713,0.03236518,0.7591738,0.9664492,0.118859105,1.0812858,2.6474018,0.77928835,0.60408056,0.43938312,0.08961782,0.4394257,0.5231348,1.1258469,0.06379853,0.29547933,1.4360193,0.17303438,0.4227412,4.1221824,0.095628195,0.28518236,1.8865907,0.48744416,1.8001276,1.0466355,0.3349679,0.7660045,0.60656554,1.55206,0.89932406,1.3647735,0.64913166,1.4433839,0.2550867,1.8687528,0.25840706,0.9044951,1.2308757,0.3789018,0.36044732,0.005507952,0.75650334,0.9892105,0.21733516,0.80386174,0.43340486,1.3722867,0.59084207,0.27260652,0.05925055,0.825399,0.9668048,0.021087687,0.46175665,0.29907373,1.4933059,0.2330924,0.1242921,0.18034264,0.5787362,0.30250987,0.5155801,1.494462,2.0192957,0.14761366,0.39209786,0.6797419,0.0020873311,1.9834388,0.97202307,1.4535086,0.019306362,0.05150527,2.5145028,0.6043513,0.41189593,0.68642694,0.18324934,0.36410064,1.4579788,1.2930855,3.4941738,3.5663583,0.6071908,0.64502317,0.08421145,0.622274,3.7781887,0.3834432,2.8078465,0.8582134,1.6387162,1.0896034,0.020810306,0.27731386,0.7325767,0.08867153,0.31358743,1.4063447,2.4585261,0.048890445,0.2663461,0.0,0.17767948,0.050588813,0.34917465,0.0316245,0.28863692,0.47725224,1.3587836,0.4478699,3.9275355,0.3987029,0.09848784,0.42265657,0.34576625,0.11048234,1.0647447,0.21497352,0.033757232,1.0258641,0.6471166,0.63112676,0.15567121,0.053891778,0.21268676,0.3652877,0.72091967,1.2550209,1.3359876,0.14410253,0.7355856,0.6842474,0.14385384,0.77820385,0.5286531,1.6229198,0.984728,0.24235055,0.36207092,0.9162731,0.71128005,0.4059041,0.28136998,0.72717345,0.66623306,1.6891632,0.7087624,1.4381449,1.1167802,0.03054432,0.418306,0.34696835,1.289091,0.5181072,0.20940138,0.6173335,0.5016029,0.60216606,0.25685823,1.6589035,0.08571626,0.33433113,0.060900472,0.9994816,1.6089103,1.8057624,1.686212,0.7490398,1.1289042,0.77763337,0.99379605,0.09274685,0.052322857,1.7782089,1.4098105,1.1943555,0.1475851,0.45921364,0.011053297,0.4691667,1.0584915,1.6538342,0.2109128,1.352377,1.0839947,0.9022999,0.2249135,0.6342987,0.1939569,0.40267116,0.8122068,0.46919894,0.85981256,0.27507976,2.5619144,0.45570832,0.050456293,1.2645571,0.79322845,1.2677999,0.5479245,0.6251605,0.35759664,1.9494677,1.7901318,1.7592064,0.43533567,0.44705778,1.4903107,0.08849561,0.20374575,0.6053498,0.25003484,0.16281822,0.27518982,0.17124335,0.2217179,1.6551422,0.89613396,1.0180092,1.7092088,0.6355858,0.71365774,2.522437,0.44454923,0.095334575,0.19405146,1.3077557,1.4181663,0.3349808,2.2501426,0.09582717,0.60806644,0.19902408,1.3973897,0.24617572,0.6785657,0.36638507,1.0512222,1.2508876,0.34760195,0.012471052,2.2639408,0.106765725,0.85902077,0.19650333,1.1341529,0.26161537,1.0340515,1.0706946,1.4999186,0.5018425,0.90416616,0.41402072,0.5708907,0.55361277,0.36348405,0.0,0.8630776,0.89552647,0.70635426,0.021235634,0.5532928,0.7578824,0.09629331,1.3394781,0.6816572,0.5686926,0.6992336,2.5384958,3.3584437,1.2774451,1.8236374,4.538848,0.8771942,0.6451037,0.62311345,0.5979804,0.2760679,0.1865394,all_pothole_images\pothole_images_new_image_1.jpg
0.4863175,0.6700399,0.37722802,0.81357044,0.54935914,0.3224056,0.2680077,0.13282965,0.5107417,0.36630088,0.32107097,0.43304786,0.20665114,0.17286907,0.097631186,0.14959198,0.49315774,0.0076868236,0.24120988,0.15173848,0.7814451,0.6592699,1.8528283,1.6772776,0.4944658,0.54874927,0.0,1.0405641,0.19534405,0.24332675,0.23918521,0.20119631,0.36290193,3.6430688,1.3773179,0.2611595,0.14187555,0.4951645,0.020515878,0.052505277,0.0,0.22440831,0.72272974,0.94252497,1.3638984,0.04315542,0.30724603,0.13562666,0.097129025,0.71153563,0.6444872,0.47054258,0.37955034,0.1570608,0.16278799,0.41664532,2.7190735,0.3029114,0.0,0.7580532,0.07347737,0.53317356,0.6284818,1.1245168,0.6994525,0.41297016,0.40160334,0.13720354,0.025577096,0.35825238,0.55758744,0.054615073,0.085025474,0.4905627,0.050063983,0.071416214,0.0,2.2120435,0.10882027,0.09923685,0.076517574,0.89464146,0.024028532,0.9010591,0.08025759,0.33620137,0.21179682,0.8642772,0.89832723,0.5692677,0.53634006,1.1062225,0.1854203,0.12624557,0.049652956,1.284367,1.9248418,2.148728,0.74613047,0.5725347,0.000607115,3.2029622,1.0935724,0.039911598,1.5115429,0.008550965,0.86444587,0.8596839,0.43593007,0.33149025,0.57375246,1.0960921,0.51606774,3.3678813,0.07760613,0.43837792,0.01878389,0.0,1.6044779,1.8163047,2.1959026,0.5096234,0.30909157,0.2540666,1.0063661,0.007803474,0.18100475,0.6905251,1.9003588,1.8502439,0.1819032,0.50154096,0.10748355,0.65292716,0.2971495,0.5011724,0.0,0.46188316,0.80485266,1.079048,1.9170133,0.5869666,0.41248694,2.0533009,0.51445514,1.0212681,0.030994656,1.2961568,0.15348981,0.034657165,0.17088255,1.2887572,1.1268483,0.22871637,6.6562343,0.4564022,1.476742,0.0,2.1256106,0.26577774,2.0222437,0.2583148,0.0064902133,0.4325917,0.08879402,0.004598407,0.5887932,0.27006364,1.1311446,0.0,0.86565197,0.1595261,0.042248104,0.0,2.9335773,1.0311877,0.27703887,0.10002681,0.058120728,0.43206748,0.1123946,0.21036361,1.1975896,1.2704673,1.4495933,0.32309523,0.12941171,0.08831187,1.5561467,0.7806614,0.06607196,0.032778192,0.35048932,1.629507,0.33500135,0.2761984,0.12773249,0.013431994,0.20409971,0.57418334,0.26043937,0.42287338,0.57741964,0.6249346,0.10670422,1.4674994,1.4690503,0.10512196,2.9407835,0.2719311,0.0,0.5664796,0.3178741,0.65652287,0.6242472,0.18901274,0.036224566,0.030367957,0.50653136,0.032044217,1.6004746,0.17601702,0.68818516,0.0,0.24655847,0.001407366,4.788024,0.017853426,1.2556859,0.14058939,0.83046675,0.0,0.4842973,0.89211184,0.76083374,0.0,1.9010636,0.6039317,0.110357665,1.01457,1.4392544,0.053983822,0.16975294,0.092764765,0.0,0.014247438,0.7003498,0.35296094,0.368879,2.2150583,2.9700036,1.0153333,0.0,0.7368744,0.18610315,1.3846366,1.0357656,0.10688494,0.0,1.895688,1.3929654,0.028286736,0.21934114,0.12116734,0.7134952,0.0,0.32912502,0.8675218,1.0710565,0.0,0.13167782,0.2051687,0.08808735,0.017857205,0.17087036,0.057134043,0.94417,2.0112011,0.3830335,0.6146174,0.4209473,0.20854595,1.7163264,1.1635473,0.033416826,0.024278115,0.20269985,0.22437699,0.052300334,0.124584906,0.47718933,0.217939,0.23988836,0.85122585,0.007732577,1.1964675,0.49080458,0.109029576,1.0626501,0.10006984,0.8892337,0.37112764,0.025229964,0.0011832353,3.2804067,0.4562097,0.010511427,0.024395876,5.1129773e-05,0.020050852,0.0019956138,2.240863,1.7610959,2.1534421,1.2670364,0.54222965,0.379974,1.7429765,2.4920025,0.15975314,2.8889546,0.029730855,0.066542685,0.6623002,0.6629813,0.91689134,1.3185635,0.48638272,3.5059042,0.0030291195,2.0114064,0.021748465,1.2864788,0.0,0.0051736273,0.013895939,0.5321668,0.35555112,0.07483616,0.5676714,0.68429846,0.02711135,0.6974836,0.03121651,0.55642843,0.010347412,0.50418276,0.7402843,0.0034306347,0.008500569,0.14740454,0.6220674,0.39399737,0.012882459,1.8515674,0.03151889,0.22352743,0.3315904,0.0014083477,0.65550065,0.0048306054,0.23156834,0.3958243,0.28530058,0.0060130237,0.0,1.0172806,0.26995704,0.71312624,0.0,0.042912744,0.0,0.4428447,0.0018799545,1.2612864,0.94399786,0.37418523,0.8231978,0.34251964,1.3866829,0.15990622,0.0,0.019313863,0.83103794,3.3168957,0.056791186,2.6151657,0.5178321,0.0,0.0075514447,0.02670522,0.29895672,0.30610743,0.103149414,0.091579124,0.026697103,0.33173496,0.5725352,0.14360347,1.3191011,0.66134393,0.3030799,1.8546759,0.37274164,0.054137062,0.38164866,1.0115471,0.14212249,0.5486861,0.1197269,0.0017026188,0.6908547,0.0,0.5062065,0.4499058,1.5201534,0.3172449,2.8995447,0.720068,0.26697817,0.30481902,1.1148415,1.3899431,2.9069858,2.9247859,0.5481169,1.7630727,0.98415416,1.5817728,0.69044757,1.1770047,0.6352831,0.0,0.17879392,0.21816032,0.9133846,0.5843967,0.22523852,1.4612607,2.3164697,0.24177383,0.518178,0.22151485,0.559291,0.018499902,0.00026133598,1.4976051,0.53065866,0.06398835,0.77281034,2.1440058,0.16715507,0.39445737,0.14064486,0.073636904,0.6288301,0.74327177,0.03679814,1.7218899,0.6858993,0.65099186,1.070956,0.028602302,1.2836213,0.20891076,0.013376635,0.0,0.0,0.3213525,2.6932104,1.8464799,0.0,0.17350261,1.533106,1.2178518,0.21840407,1.3281194,2.8781052,1.8936857,0.54487085,0.23458667,1.6531227,2.122086,0.87767476,0.018754048,0.0735158,0.9278329,0.0011892122,0.23169295,0.4283849,0.044827227,0.104761355,0.024922838,0.09736942,0.08340425,0.0016630333,1.7200711,0.002608483,0.5767277,0.088515446,0.037867703,5.5606084,1.0170128,0.7705752,0.0131641915,1.833246,0.0873904,0.14079182,0.09716947,1.9939225,0.10980925,0.0,all_pothole_images\pothole_images_new_image_10.jpg
0.6434618,1.8594856,0.7973902,2.3326702,2.006345,0.9785919,0.055423513,0.012943997,0.53941816,0.76513237,0.12158478,0.5643514,0.38871464,0.182566,0.75568855,0.44995606,0.06677632,0.2514974,0.10489028,0.5407318,1.3752158,1.3333269,0.4552937,0.716861,1.7111847,0.66810375,1.0930203,2.1017253,0.2800324,0.27054912,0.38197938,0.31271634,1.1043686,0.33313045,0.42985243,1.581262,0.88991857,2.009702,0.0761172,0.5044853,0.059206773,0.051301245,0.106863596,4.076673,0.68224746,0.08985101,0.11971808,0.526886,0.53783226,0.7767104,0.47982788,1.6884289,0.27810565,0.47872043,0.30930915,1.7635775,3.3344991,0.14824007,0.29683828,0.3704176,0.0036975138,0.60246074,0.9835554,0.26251507,0.042187348,1.1511441,0.28330004,0.9207167,0.2652223,0.53885984,0.9788801,0.85803944,0.63066906,0.4540525,0.6683759,0.87455684,0.25268182,1.1847053,0.0,0.6027386,1.7251064,0.0022712827,0.087739736,0.46982324,1.3526516,0.26180005,0.26841733,0.15474609,5.388801,0.127898,0.45156884,0.19608073,0.2563345,0.39823115,0.45319432,0.13561656,0.42853615,2.259915,1.1320311,0.6553785,0.0,3.0211773,0.46005613,0.6038877,0.27901208,0.08277544,0.2397196,0.18483749,0.0936248,0.6133911,0.052591357,1.4073025,0.20392264,1.3118817,0.42187858,1.0476369,1.6108328,0.058594067,1.7384199,0.93345946,2.3784392,0.869886,0.07725601,1.3443279,0.63549876,0.6827432,0.20637321,1.3873552,1.0168505,0.43457147,0.76882553,0.10186018,1.0221623,0.47289816,0.4738047,0.81490386,0.19227406,0.5840796,1.3077607,0.31347016,0.51480407,0.17831977,0.010871224,0.58225566,0.6584024,1.3484554,0.8678363,0.35917157,0.0012215407,1.5705302,0.9232125,0.6416363,0.08860796,0.0012156079,1.3255055,0.6409609,0.78977686,0.1641873,1.8976164,1.1500771,1.2098701,0.81214577,0.26831272,2.1738396,0.050133713,0.010253589,0.7253365,0.24372774,0.89396137,0.19899479,0.75667214,0.5880642,0.21594654,0.50057936,0.5111082,0.041275963,1.0559746,0.120072626,0.37058392,0.20849541,0.09592853,1.7366502,3.4607356,2.6481953,1.3815161,1.0035459,1.0835915,0.22171283,1.8035141,0.09285476,0.3691192,0.52711385,0.10673105,1.6366035,0.32392302,0.80076444,0.41624555,0.03183906,0.11992598,0.691119,0.6393405,0.19975834,0.27927604,0.9239683,1.1323658,1.0575995,0.06379612,0.56421304,0.5933777,0.0648909,0.3821023,0.577499,1.0555528,1.423545,1.5248984,1.251783,0.3141829,0.07467352,1.01156,0.011717368,2.1800225,0.030485857,0.2648789,0.04534117,0.15503784,0.63792837,0.4373791,0.23362964,0.3998822,1.0424255,0.16991763,0.5453825,0.57065254,0.027873589,0.48712248,0.3748635,2.1678355,0.17477469,0.032914735,0.10763163,0.15329762,0.01499585,0.03238655,0.0012520647,0.18973744,0.12038096,0.3999025,0.0,0.35667744,2.731074,0.93289363,0.30188116,0.6972179,0.72950387,1.0807475,0.58265936,1.1724159,0.016572364,0.4063713,1.4086778,0.4689165,1.036907,0.68411493,0.46010324,0.49234357,0.449734,0.001017712,0.41823432,1.586224,0.061016407,0.25143024,0.16834201,0.22939214,0.19168726,0.45421997,0.7564154,0.54810125,0.22542489,0.110941745,0.8252721,0.5485115,0.124403894,0.6759173,0.04620546,0.95037997,1.0197768,2.436558,1.0070293,0.90388143,0.007890545,0.55514914,0.82677317,0.06419768,1.360572,0.4923834,0.48941514,0.42898858,0.018098976,0.052443203,0.92323667,0.24319088,0.6779505,0.12206085,0.8683631,7.139773,0.67099434,0.0,0.7303785,0.70975024,0.8135379,0.34866464,1.130201,2.6372461,0.99865884,0.30441588,0.96742123,0.7071648,1.1171261,1.0537561,0.07261463,0.18747047,0.7171593,0.35338965,0.17361605,0.81964296,0.7006143,1.2802693,0.750392,0.8558144,0.847373,1.7479892,0.56233925,0.3843608,0.014262643,0.5074003,0.6899987,1.3290814,0.5817842,0.39695743,0.6285374,1.049117,0.7982841,1.8474859,0.101139575,1.3049129,0.005259154,0.08145345,0.005526191,0.6865699,0.28651524,0.67279255,1.0089785,0.61002016,0.16717593,0.4110225,0.026956076,0.2368865,0.95449704,0.42930758,0.46608403,0.029617012,0.021157902,0.7201848,1.3347224,0.25953338,0.33523992,0.48790574,0.116593905,0.2628219,0.13447236,0.46662623,0.51794225,0.51950026,0.22815515,1.0776762,1.3883892,0.33090696,0.062320795,0.30187532,0.29083717,0.037616093,0.17057772,0.2056268,0.81315863,2.57271,2.125544,1.857542,0.7202449,0.5902457,0.9963974,1.3534291,0.004148101,0.2444957,0.08124243,0.11632873,0.030378588,1.0504407,0.12344914,0.31053576,0.6453909,0.77749,1.6592011,0.019767502,1.0382036,0.2613405,0.21476027,0.027922377,1.0017033,0.4355545,0.86750436,1.2944742,0.8565687,0.34245262,0.51876837,0.0034827709,0.6039533,0.757751,1.266201,0.3108341,0.018813604,3.0927377,0.4411309,1.443014,4.3073635,2.7811248,0.14602488,1.2406448,1.9845166,0.012041125,0.5016068,1.8441356,0.095233075,0.6911308,0.366942,0.43641484,3.6416016,1.3399833,0.44640353,0.18044148,0.5729302,0.7450299,0.2649998,0.0071867923,0.5508851,0.10400402,1.1469945,3.2794518,0.41547292,0.6377711,1.684425,1.6018636,0.48679596,0.3750267,0.15162712,0.4020268,1.1138333,0.6713459,0.43041575,0.3488523,1.6629094,1.7856102,0.23052198,1.3513154,0.47351876,0.80589765,0.16449079,0.1493753,0.10583386,0.42104927,0.7535333,1.3462632,0.2597872,0.5123766,0.26621157,0.45131698,0.36896646,0.27049077,0.88104075,0.818231,0.2122182,0.58052355,3.383959,0.14580472,0.23387258,0.0013478015,0.0,0.5146095,0.31973973,0.053189836,0.13595371,0.0075705154,2.14407,0.093952596,0.2607234,0.010313731,0.0010395552,0.22790651,0.0,0.22279972,0.022381632,0.1038967,2.9925604,0.54404813,0.6705114,1.9492729,0.46927312,0.13709386,0.6409195,0.9808961,0.3418925,0.5680383,0.5114637,all_pothole_images\pothole_images_new_image_100.jpg
0.20683283,1.1526122,0.42559662,0.70550805,2.739567,0.8161517,2.265061,1.3852694,0.012003448,1.1312547,2.1605198,1.0095689,0.27602005,3.3260279,0.5361769,1.0163785,0.91910917,0.6979655,1.6302638,4.9402304,0.24238208,0.7729612,2.7103763,2.638448,0.9598448,1.3694572,1.2645134,0.45752066,0.1246494,0.9386897,2.3902316,0.6618053,1.2371871,0.20550036,2.0322733,0.66437507,0.62178046,0.77565736,0.25452313,1.9787974,0.24308367,0.36048955,0.25502962,0.19562888,1.8082552,1.2665834,0.568972,0.43540117,1.0224248,0.036896005,1.1874344,2.2227247,2.6084204,1.0738254,0.08417801,1.3950117,2.6304355,1.177156,0.089580245,0.59186536,0.035464864,0.78704566,1.80724,0.6402455,0.92986465,0.8542669,0.7469989,0.6174907,1.1959504,0.33720237,0.6160929,0.2905406,1.41606,0.3785373,1.2453679,4.914315,1.1659406,0.8983844,0.30946755,1.2515517,0.11342002,3.068434,0.3126153,0.9317182,0.3124813,1.3310598,0.59163654,0.73355335,3.2503393,1.0028063,1.6811591,0.5071744,0.265312,2.6800683,0.81855524,0.16695935,0.4264749,0.8777256,0.7933231,1.9929806,0.7451861,1.2181726,0.3281262,0.06628536,1.5397557,1.4025742,1.6573901,0.65683424,0.895881,0.3423921,1.7050867,0.63352126,1.8634864,2.2434306,1.0549936,1.5181941,1.6369622,1.0989771,1.2102208,0.78458047,1.4805192,4.5005636,0.8645818,0.19194846,0.17808777,0.7909998,0.8286186,0.19576566,0.4693093,0.1729191,2.5258656,0.83263534,1.6001735,2.134031,1.3335576,3.06831,1.449151,0.4773945,1.5815716,0.7994444,0.50104725,4.357036,0.3413901,2.7663598,0.96493554,0.01976389,1.3846543,1.1890479,1.7667781,1.4982437,0.52625555,0.05716868,0.9231986,0.066592395,0.460518,1.0470299,1.5269574,1.886586,0.32195815,0.46309054,1.0507014,0.2175992,0.5328689,3.1246119,2.1164935,0.85121614,1.820683,0.6964676,5.60678,0.1647042,0.9994897,1.4064612,3.0230644,0.6161379,4.5762377,1.020275,1.0359309,2.2340972,0.0,0.015537006,1.1891009,0.005333489,3.0205903,2.6203992,1.603332,0.39920717,1.0714835,0.5053726,0.042813003,0.9743638,5.602897,5.739506,0.5533011,1.9660549,0.99733204,0.22937606,0.061703924,1.3033042,1.1149629,3.628884,0.88686866,0.2663506,1.3857658,0.3884955,0.32834718,1.4128146,1.0193881,0.004485307,0.53505754,0.4690487,0.88326126,0.8163547,0.9504331,1.5374855,0.6099805,1.1088585,1.0919489,0.15118876,0.38346365,1.308389,0.16269843,0.45549515,0.16271904,0.46792415,1.3780336,0.980801,0.86172575,0.076378174,0.37557045,0.7187045,0.8187226,2.0383618,0.6146638,0.46875903,1.030173,0.5001286,0.27432135,0.085902594,0.21692419,1.3488245,0.6158459,1.5971102,2.22354,1.2488478,1.1779237,1.2393376,0.53606886,0.09254516,0.4276706,1.1189791,0.92945766,0.16776665,1.376969,1.2142316,1.8150645,0.63004774,0.26973355,2.1878057,1.5386137,0.8068508,2.3045566,2.1183226,1.7262812,0.12120568,0.21496204,0.99910265,0.4554093,1.4812806,1.4763153,0.9985876,0.1767763,0.5167798,0.5991114,1.5121063,0.1549892,0.38356337,1.3143641,2.8475168,1.0360769,1.3279327,0.1422342,0.7498295,1.5554171,0.8848288,3.4875817,0.16131175,0.041887924,1.796255,0.13272923,0.1851943,0.98842543,0.45280534,0.108779415,2.4089153,0.61436933,3.3854258,1.9285444,0.20373149,1.2853208,1.7530569,0.11346932,0.39672303,1.141108,1.0612398,1.1865625,0.37111452,0.10984146,0.1341484,1.5769734,1.7487187,0.039029058,0.462223,1.1552528,2.1547453,1.0552981,0.476732,0.3473578,0.11690628,0.278707,0.60420173,1.7354175,1.7704791,0.67776245,1.2880754,1.557417,0.18639688,0.24848688,2.7155936,0.78978384,1.0018078,0.8078945,0.6228925,1.0800292,0.30648226,3.7204795,1.2183712,1.082244,0.058837134,0.060756557,1.0811266,1.053895,3.4028757,1.6929413,1.6235719,0.85711193,0.47296357,1.0048391,0.18825975,1.0863947,0.800788,0.602988,0.2844733,0.9501624,0.32685345,0.54037714,0.12492321,1.2449548,0.39518178,1.1638827,0.4331721,1.0393618,1.4577034,1.0826657,3.0973186,0.17092368,0.056251418,1.4788747,0.2874641,1.1395355,2.0252123,0.90990955,0.9832526,0.80466336,1.0618955,1.4179245,0.2745617,0.32558307,0.19659035,1.3331484,2.3581765,0.14687204,0.65239143,0.34837,3.2939875,1.9847039,2.14026,2.4982822,1.0388421,1.2611623,1.3638308,0.4161051,0.9416032,1.0707397,0.28113085,0.5775527,0.30651325,0.38083804,1.9016572,2.325688,0.7334509,0.17683302,1.1128547,0.19436924,2.1844664,0.65137964,0.0433309,0.43466574,1.951445,0.5794871,0.59764296,0.11828335,1.5068537,0.54381025,1.2033148,0.14219615,1.6080297,1.8477824,3.2799962,0.4800956,0.8765374,0.8591047,1.0113413,2.8680868,0.27010787,1.3660487,1.4880959,0.9502551,3.781628,2.7757757,1.0537807,1.4556205,0.610875,0.1859527,1.7241422,0.058186647,1.1558607,0.45167378,1.7202169,1.7345622,1.3998685,2.381082,0.7767713,0.9034292,0.5667447,0.5413953,2.4628108,2.5999658,1.6366639,1.5915854,0.91973627,0.7095268,0.11776153,0.77685297,0.050032143,1.425842,0.18290487,1.6203797,0.47581697,1.0100902,0.6326986,0.13222712,0.76236147,0.64391595,1.4430162,0.4903425,1.9320028,1.3409886,0.68557036,0.8005377,1.056055,3.2526655,0.21068747,2.186886,1.1823335,1.6374284,2.286465,0.7024888,0.42177996,0.94351554,1.3491218,4.4329476,1.1007676,0.26463583,0.660584,1.1261067,2.108998,1.3972956,0.23247185,0.54003406,1.0793228,0.12698899,1.0224113,0.111542106,0.21097815,0.7698461,0.5135274,0.96497935,0.5129667,0.6506097,0.2086927,1.1887453,1.66632,0.4996034,0.5012597,0.8000735,1.227345,0.45593962,3.6926537,0.074052475,2.7202802,1.4880763,1.5549209,all_pothole_images\pothole_images_new_image_1000.jpg
0.1871223,1.0111759,0.063506246,1.970124,0.7181717,0.28679845,0.30025768,0.0,0.29834953,0.2834746,0.5571557,0.765237,0.0,3.2888072,0.98870957,0.06481768,0.0050523705,1.3081331,2.1102982,0.12279184,1.0715692,1.3769256,0.02935591,0.6831165,1.0263753,0.45983863,2.4049473,2.8619156,0.590768,0.23038566,0.96591175,0.0034999652,0.41049576,0.0035174484,0.024998382,0.66912484,0.26648095,2.4136243,0.00065011956,0.35862088,0.020179795,0.007268795,0.7803006,4.471433,0.5786548,0.024376603,0.26791254,0.1791514,0.08104167,0.5316222,0.20399654,0.50554657,0.2004316,0.019929226,0.097092085,2.317752,2.9149668,0.7314151,0.07302011,0.05654861,0.20462172,0.18697329,0.695014,0.21488367,0.54169625,2.6416655,0.13789971,0.0,0.0071239634,0.3409324,0.093802184,0.27882168,0.29199532,0.36958352,0.28813326,0.28462705,0.08784601,1.3851712,0.016714325,0.54081416,0.11707467,0.06215611,0.015960313,1.7416774,0.026709307,0.0,0.066090725,0.03296158,2.5953577,0.045325153,0.52394813,9.841823e-05,0.0020074875,0.0067933192,0.021932207,0.0072029037,0.09189118,1.5333856,2.0704422,0.15976454,0.22197655,3.318314,0.0,0.45073652,0.43355444,0.20159441,0.20723473,0.115167595,0.8198018,0.1251056,0.0,0.9047705,0.36270103,0.24932039,0.22082463,0.5200278,0.877295,0.3932036,1.8632364,1.923305,3.4328923,0.4233564,0.019477911,1.54192,1.0699748,0.07870767,0.52897334,0.5644883,2.6944358,0.086291,0.17614982,0.049443074,0.18326339,0.065572746,0.3036274,0.17156781,0.42321426,1.5747654,0.68674886,0.2033483,0.47165048,0.021969095,0.030107087,0.3856639,0.5710022,0.38907957,0.05669443,0.18261461,0.037925165,0.14513619,0.46633676,0.1475336,0.0,0.23881692,2.2365868,0.38823667,0.3584876,0.5497963,0.87757045,0.5931989,2.5126767,1.1880525,0.32114562,3.0937266,0.16990249,0.0035121008,0.6837164,0.35168773,1.1737891,1.7419684,0.0,0.012278925,0.05773606,0.03929189,0.09585104,0.28785062,0.39904618,0.067545556,0.050118256,0.13187961,0.0,3.5333261,1.9626086,1.2583019,0.5344685,1.5861909,0.11238965,0.49844906,0.045823637,0.1975331,0.015608533,0.18951888,0.15521882,1.5588831,0.007902741,0.4414852,0.23287442,0.022341518,0.0,0.7026922,0.61586547,0.004780664,0.04368967,1.0953231,0.45060042,0.041071158,1.2980407,0.7981868,0.21823281,0.24899925,0.0,0.019177182,0.9266003,0.3984663,2.9920597,2.6793253,0.2596665,0.04920701,0.17531994,0.34767386,0.9494314,0.072235435,0.44570127,0.0,0.0003992088,0.19021524,1.224885,0.42619336,0.093295366,0.7129525,0.35545534,0.0,0.03600467,0.21166505,0.46157378,0.1887452,2.7210748,0.026179371,0.12894946,0.3212901,0.19942963,0.10093374,1.105613,0.27290478,0.6899602,0.0,0.41265988,0.0037957202,0.6409504,3.2472599,3.5819447,0.22590518,0.22787195,1.2144886,0.5859621,0.1076852,0.94213516,0.84651977,0.20453036,1.2143145,1.2725078,0.09544719,0.43048126,0.06776655,0.6072178,0.3796672,1.2166936,0.8495446,0.57515,0.08977269,0.16537942,0.020754958,1.1304799,0.0026104674,1.9399884,0.15954253,0.0,0.5694617,0.4791326,0.3519819,1.627883,0.008270567,1.576941,0.32106486,0.522947,1.8069683,0.77257615,0.28716648,1.0922741,0.03767503,0.00803021,0.0005442072,0.045592375,1.4677083,0.11156814,0.52550596,0.054629058,0.18829273,0.08784656,2.6988618,1.5906069,0.60838115,0.058947943,0.4185445,6.655246,0.0,0.06936033,0.12865128,0.1892857,0.23220244,0.4503455,1.65588,1.0354896,1.569799,0.2994874,0.7473224,0.07772071,2.8569198,2.498767,0.39964828,0.08093465,0.0,0.47735307,1.2569997,0.3221162,0.42915446,1.5786587,0.024966108,0.50079787,0.10778966,2.0586069,0.15239893,0.14363366,0.24308632,0.16210552,0.21056658,1.2044992,1.9961436,1.6803024,0.10032353,0.23157692,1.1532171,0.96226174,0.5890249,1.3950012,0.054375127,0.079491,0.3348908,0.8071334,0.066550456,1.1244714,0.03916845,0.08959552,1.2814837,0.040517762,0.0013882316,0.05211762,0.25193882,0.56788224,0.22002262,0.0025613727,0.1922177,0.4387454,0.46157658,0.02306399,0.008959188,0.9767759,0.27067596,0.21421687,0.2858877,0.7866175,0.018089289,0.43319485,0.0046618697,0.5163849,0.063260995,0.6752198,0.0,0.7890704,0.3541635,0.3115397,0.010290945,0.0,0.25240928,2.2983465,1.0479261,0.11838192,0.0055087027,0.0,0.8888146,1.0332386,0.0,0.59527826,0.009293681,0.11188612,0.14980407,2.5463932,0.084969305,0.009846745,0.0071817953,0.8286953,0.8910165,0.6351662,1.4816453,0.29623437,0.30482575,0.031627614,0.3697113,1.0972081,0.15417734,0.69872665,0.3949726,0.0050297584,1.1082829,0.39032114,0.25974312,0.26052156,1.1586242,0.19776773,0.0,3.6683447,0.10289737,0.53981185,3.6345282,2.9921055,0.44746944,1.8845278,0.8439228,0.09586161,0.2484923,1.071903,0.0035307482,0.054614242,0.10611534,0.2852335,3.4802108,0.22962025,0.00048490902,0.0045887297,0.27752256,0.6382128,0.0,0.0588298,0.87458324,0.056398463,0.021607073,0.7026602,1.306399,0.1004489,1.2201123,2.8656142,0.010372747,0.0,0.3745176,0.20852886,0.8026305,0.2503089,0.13227747,0.19528843,1.517745,1.8649238,0.5292029,0.8719339,0.02880441,0.30139047,0.0009857602,8.836692e-06,0.1906388,0.46952236,2.0780997,0.9945585,0.35060462,0.34694996,0.72808325,1.8055127,0.24313186,0.0,3.0361621,0.29151946,0.014119083,0.13835816,2.9776678,0.4745649,0.37122655,0.014463711,0.00028587802,0.15884177,0.11422644,2.220617,0.021735795,0.009011069,0.5873622,0.044876654,0.00024931997,0.0059700217,0.023166189,0.0035317803,0.0,0.0077999583,0.27394173,0.2629896,2.9151149,0.82277274,0.049042534,0.7929085,2.2432806,0.29604712,0.82944256,0.0018550744,0.2305099,0.04545602,0.033774313,all_pothole_images\pothole_images_new_image_1001.jpg
0.5107335,0.69819874,0.08858373,0.89176327,1.3782817,0.30139604,1.681155,0.18646356,0.0,1.0990094,1.1205338,0.6038348,0.2812588,2.1747622,0.24558693,0.72657305,0.08137463,1.5165682,0.9668758,0.2934052,0.9986243,0.95432955,0.63779175,0.76878154,2.2944224,1.141176,1.016075,3.1072867,0.111890994,0.0,0.47788784,0.5140601,0.34555244,0.9935469,0.090044506,1.0600288,0.006887556,1.4527183,0.02736106,0.61321735,0.16365358,0.2506291,0.1088531,0.3972978,0.60059285,0.7730009,0.090003505,0.014067691,0.9186747,0.3876579,0.02879746,0.06271238,0.8492028,0.54982126,0.031484555,1.8962768,1.6043723,0.09653353,0.0070651597,0.16569646,0.021255396,0.08093808,0.46460286,0.36021543,0.5757261,2.592326,0.2233401,0.3465004,0.0,0.007014841,0.8830979,0.04251851,0.43418318,0.094308935,0.18176924,0.32586282,0.059894055,0.2043268,0.08547386,0.7380634,0.14025728,0.24169643,1.4368373,0.7468255,0.28015828,0.17006768,0.4835651,0.13506578,1.9766593,0.74588907,1.6925054,0.0012399717,0.4751166,0.66833276,0.8538587,0.5757238,0.8474504,0.2706805,0.12909816,1.5998225,0.27819574,4.075543,1.008873,0.054597456,1.1397746,0.53114796,0.41954497,1.2289963,0.011015274,0.06796072,0.1987373,0.77626187,1.1005132,0.5626929,1.0797808,0.0068439823,0.033080403,0.0,2.6964421,1.0997905,2.7414563,0.5543147,0.13054207,0.31772396,0.8944004,0.022717739,2.8664052,0.06835039,0.19412915,0.08556666,0.18554433,0.022088854,0.25787124,1.9492365,0.3788811,1.3502579,1.3279115,0.23901059,0.52102417,0.1548685,0.95321935,1.2218813,0.47124285,0.2576478,0.3183006,1.5442736,0.116987556,0.49352652,2.4580953,0.06223767,0.5258718,1.27101,0.11212409,0.3924602,1.0319545,0.14251876,0.7213896,0.55416375,1.3081772,1.0998628,3.2796552,2.2696714,8.312415e-05,0.89099747,0.19863418,1.241941,1.3169056,0.05660421,3.0718663,1.5871191,0.010454858,0.32185712,0.021599188,0.32425466,0.3783778,0.3538025,0.82224154,0.48907915,0.03476023,0.15010127,0.54179513,0.8180562,1.3322006,0.60694426,1.7916571,1.3876354,0.055045914,0.927785,0.46334487,0.20582345,0.004148784,1.153262,0.0,2.395982,0.51592696,0.575772,2.2668355,0.19372797,0.9684948,0.91555417,0.36547002,1.6812466,1.1421589,0.54734373,0.09167218,0.052503362,0.6309581,0.001721814,1.6592104,1.6369201,0.028249083,0.17621759,0.87867254,0.32079035,2.3051832,2.2315543,0.099282235,0.0,1.26855,0.47560605,2.102051,0.043621767,0.67208284,0.54206187,0.0,0.18367864,1.6127733,0.0,0.81724346,0.4835883,0.16616562,0.10668215,1.0706164,0.105041735,0.10678277,0.07765533,1.8958386,0.12200045,0.16043825,0.2393835,0.23351902,0.5257034,0.39458454,0.47355467,0.106337704,0.41167608,0.39694914,0.037705332,0.77811617,5.508064,1.876297,0.091317475,0.35188472,0.067694955,0.4567285,1.3150438,0.22439744,0.2552827,0.06639065,3.9361017,0.0,0.8431016,0.111543536,0.017348375,0.0011176055,0.76307094,2.2785125,0.0,0.44096458,0.3698972,0.18957163,0.16274795,0.7883235,0.028170317,0.3576318,0.31493324,0.18116331,0.4203944,0.32840624,1.3474759,0.15398425,1.4582795,0.43393153,0.39761102,0.2863728,1.060878,1.7328058,0.14693192,0.97508913,0.10311313,0.18149337,0.16123135,0.396511,0.7625828,0.16961864,0.10044693,0.33046734,0.8135888,0.22075064,3.8185928,0.45974946,0.7905223,2.2658331,0.055596445,2.042567,0.9347922,0.67913115,0.011118109,1.8545787,0.4662546,0.65458155,1.2874326,1.6459613,4.708349,1.5492516,0.49443418,0.5009492,0.9961516,4.199601,0.096647054,0.42710915,0.13018243,1.1357114,0.286614,0.23618993,0.30771646,0.079827435,0.7199277,0.65443534,0.059063457,0.83515316,0.03655053,0.113460004,0.34880713,0.05492738,0.30463213,1.0507442,0.9177878,1.0346633,1.7561228,0.33364323,0.030809008,2.281181,0.84868884,0.6964737,0.9298068,0.28401306,0.45029324,0.3187335,0.09131045,0.4284531,0.9126106,0.5607644,0.1918,0.4619989,0.28510398,0.0043538553,1.4414868,0.5113879,1.4176922,0.72941464,0.13553378,0.9585017,0.034478232,0.17083704,0.46927541,0.8551662,0.11241204,0.5869159,0.097334735,0.8011884,0.08813257,1.1772966,0.050578006,0.09211207,1.0795379,0.015656529,0.0,0.62044704,1.7636912,1.3492677,0.02142787,0.029128172,0.3879428,1.9481254,0.47474048,1.173666,0.0,0.4955815,1.0123402,0.22361317,0.6301562,0.04906706,1.0397586,0.0054493127,0.0005278201,0.80605197,0.0,1.5004684,0.64272463,1.1293877,1.1302994,1.6475067,0.015622761,0.03432468,0.6280052,0.023224266,0.2597896,0.2896468,0.0076821246,0.027046995,0.48029226,0.15217152,0.89220506,0.25567594,0.8702185,2.3145173,1.8708237,2.4848626,0.23691228,1.1048355,0.62471515,0.47552124,0.96496,2.8288023,0.28723377,0.70259607,0.16657852,1.1555685,0.3318225,1.155893,0.117023565,1.080968,0.60539114,2.1245072,1.1324365,0.8556875,1.5715799,0.06888286,1.5009679,1.544896,1.2891296,0.026063008,0.44826254,0.9719913,0.03685848,0.79162127,0.127938,0.0,0.96317136,1.0424652,0.2688994,0.7764791,0.25286067,0.57810336,0.39576396,1.1228169,0.43461862,0.21867278,2.4474857,1.6644546,0.2268738,0.87746745,0.15192838,0.22435316,0.7884481,0.8428605,0.0,0.6276507,0.15372448,0.14331432,1.0200073,0.38766307,0.25110042,1.3937287,0.12011628,1.2510536,2.467785,0.6000414,0.3891545,0.9976042,1.6765611,0.27640283,0.16473883,0.0,0.64025956,0.34306887,0.35764977,0.4046582,0.004619896,0.39609897,1.4342694,1.9026233,0.6350976,0.18833327,0.0,0.052795887,0.03657052,0.61400384,0.4252416,0.5210143,2.357076,0.6475534,0.71238494,0.56726664,0.45543817,0.8484516,0.21354792,0.25570625,0.29985103,0.48280716,1.1846057,all_pothole_images\pothole_images_new_image_1002.jpg
0.30580336,1.9082038,0.6804142,1.9574631,2.2631202,2.1919746,1.0549656,0.74765676,0.42548186,0.25731754,0.6187521,0.8999251,0.31134328,2.9357128,0.89617527,1.0110081,0.13724673,0.25731316,0.89246535,1.232929,0.58558863,0.9402419,2.4180944,1.8499238,1.3262818,0.13475034,0.5129259,0.8557155,0.47156188,0.14076692,1.298114,0.18100733,0.68252903,0.5373412,1.3436145,0.6890209,1.4348608,1.5306864,1.1673325,1.367203,0.14988075,1.3338668,2.034802,1.6156769,2.4493446,1.1265787,0.703815,0.029955776,0.99994236,0.20900188,0.76255226,1.0015286,0.33491912,1.6152188,0.034375988,0.75000566,0.89066964,0.6382119,0.67940396,0.73927456,0.8174253,1.6074005,2.8385308,0.7708819,0.29690903,0.25132778,1.3507894,0.680926,0.43261936,0.020372372,2.3479161,0.9606687,0.5400215,0.85201263,0.34764713,2.1230803,0.2326202,0.041767467,0.76944643,2.6660361,0.69776434,0.8509263,1.0777447,1.6489666,1.1893463,0.9222443,0.8588677,0.64942914,1.8312334,0.8140232,0.50626713,2.0058012,0.88303906,2.4548068,0.3932152,0.05126405,0.018984111,0.1532305,1.1821299,1.3907931,0.12995291,1.080194,0.22632204,0.36043158,0.88192594,0.8662271,0.97046727,1.0478622,0.40617064,0.36585048,1.2961646,1.3562667,0.45851916,2.0152593,1.5900589,1.0033976,0.2468003,0.34031233,1.428693,0.34600404,1.2992462,1.7595271,0.80951035,0.7720147,0.99073243,0.7827757,0.86946595,0.059400704,0.29206967,0.44822675,0.7733083,3.1218235,1.6827635,2.8938682,0.38271108,1.4694383,1.0981565,1.3192034,0.7514155,0.21362363,0.05969919,3.918802,0.14518775,1.4759371,1.9216486,2.1731906,0.92239636,0.9626944,0.9692429,0.5678511,0.0010652277,0.74009,1.5133771,0.01908638,0.03251025,0.1631101,0.027213613,1.2940025,0.78747433,0.6131829,0.5102569,2.7961166,0.26164353,2.571858,6.1299505,2.2148395,2.84458,0.07306976,0.99423623,1.0655279,2.4855838,1.2412355,2.290523,0.54654604,4.162921,0.034759257,1.6642085,0.72714245,0.24583521,0.13615341,1.1296772,0.89983505,1.7182069,0.08520243,1.0643468,0.37777025,3.6347687,0.6168674,0.5123518,1.5189117,2.5839062,2.7935529,0.014349927,2.7508945,0.8406138,0.5900629,0.12371846,0.99551696,0.2535426,1.1746267,0.26895294,1.1257769,1.6651689,1.5076622,1.8469887,0.57951725,0.3708264,0.49740312,2.1324506,0.22018112,1.6169113,1.0737183,0.074923225,1.9590226,0.086630836,0.07486985,0.24291256,0.6193771,1.2174696,0.11369254,0.8057226,0.26349595,1.2062154,0.31512132,1.4972242,1.1895286,0.21845825,0.6346999,1.919269,0.36604378,1.022674,2.941596,0.17821985,0.58142287,0.37999654,0.6842463,0.9475541,1.851962,1.5915169,0.9507103,0.48836344,0.240415,0.7606316,0.2170699,1.116552,0.28706098,0.13327877,0.044726063,0.15327011,2.5833836,0.53614014,0.6532144,0.64902604,0.86817515,0.1844712,1.8018521,0.108951606,0.8076976,0.8121699,1.8759326,1.0088198,1.7330526,0.12458083,1.745049,0.6903173,0.16439028,0.46549407,1.120182,0.45916995,0.38855454,0.17330097,0.0,1.7456895,0.6498733,0.12597105,0.9444599,0.10918606,2.141136,0.03759186,0.9552597,0.21920733,2.8183558,0.5152137,0.10515736,2.0641387,0.30140635,1.5422579,1.4610441,0.5583484,0.42826748,0.028194996,0.40794048,1.8270483,0.32457453,2.5488272,1.1198258,1.6792699,1.861963,0.53817606,0.84780973,0.19429527,1.2931434,0.054611,1.6119447,4.905968,2.0352852,0.6318273,0.36739093,1.4195944,1.1443659,1.3621974,0.20497735,2.5058515,0.5314874,0.36758032,0.33962074,0.58857566,0.20747161,1.4610896,0.6432597,0.20139188,1.3983176,1.1467699,0.35951352,0.44285372,0.55714184,0.16967376,2.7929194,0.4360328,2.4060352,2.5136771,0.026796715,0.1552781,0.33054966,1.3895117,1.7379898,0.32829365,1.2969009,1.8594388,0.8854519,1.7407964,2.631319,1.1346686,0.24133828,1.1161122,0.3923057,1.3953935,0.092475004,0.26395416,1.1962072,0.12477679,0.631723,1.1086859,0.631449,2.9604769,0.23838991,2.4316847,1.0371507,0.9183519,0.07456637,0.85412544,3.7519755,0.47985232,2.553728,0.007932812,0.44004777,0.649194,0.9080896,0.38372114,1.0935717,0.92590535,0.1684123,0.9791068,2.2652729,0.06512311,0.5346514,1.3309845,0.6680786,0.751835,1.4307969,1.1793213,0.0,0.76266164,0.7524244,0.9919661,0.61130613,3.4258018,2.483981,2.2083087,0.9945107,0.8051982,0.047362532,0.2658435,0.8047659,0.16863202,0.10503607,0.16420984,0.5096016,1.6367772,0.24057043,1.2129222,0.5225851,0.035731077,0.9583466,0.22870389,0.1426891,0.50007117,1.5441628,0.021048054,0.5671401,0.39314255,0.38038346,0.94155633,2.149782,0.3983739,0.76972467,0.45177615,2.0504858,0.11590091,0.048545867,0.72142494,0.7059551,3.457833,1.4372815,1.4806645,1.1477063,0.22483121,1.9654821,1.132368,0.8056846,3.8454084,0.9516421,0.16309015,0.34103945,0.6192449,0.5698523,1.2305647,0.5580278,1.9386624,2.018661,1.4525342,1.4054008,1.1801748,0.15818171,0.5274728,1.5643469,1.3094844,1.1862158,0.48169428,0.93916833,1.5170898,0.34770378,0.81327224,0.1260512,0.32664636,0.6196657,3.0191638,0.15245989,0.9163778,0.0872583,0.45190492,2.5194309,0.9204565,0.5911925,0.42106426,1.427363,3.306425,0.3800533,0.47136307,0.4306544,0.7971177,0.4463967,2.6027985,0.20939644,0.1773301,0.3968739,4.5142484,0.0,0.60340166,0.5140592,0.11244005,1.91948,0.71548057,0.27249575,0.0027326692,0.95191276,0.96091604,0.7585902,0.28562573,0.035944887,1.3503982,3.1855724,0.2509422,0.7690571,0.75706357,0.7044134,0.35680366,0.22450633,0.123813935,1.1077476,2.3143024,1.3223858,0.067862175,0.9653993,1.9001303,0.45220533,0.31491718,1.2329632,0.23405558,0.45078823,1.554878,1.0269397,all_pothole_images\pothole_images_new_image_1003.jpg
0.6572903,1.5703684,0.34362018,1.1555874,0.2967112,0.07489297,0.40515152,0.18297394,0.15246896,0.77441293,0.07673422,1.6547587,0.82985306,1.4774886,0.045055058,0.34898794,2.5683846,0.66192013,0.5058189,2.1900327,0.23541598,1.9993678,0.38555488,0.30715626,1.4441849,0.29409117,0.52459395,0.19569235,0.23422115,1.195088,1.2785885,1.0778205,2.450218,0.9071026,3.0750382,0.42824507,0.23522562,1.4085838,0.39308906,0.022312324,0.44608122,0.36165306,0.05800865,1.1051632,0.2745081,0.18436845,0.028971935,0.19198656,0.06053971,0.5017463,1.3602147,1.2875277,1.2094736,0.744232,0.5168042,2.2749019,0.47832984,1.323815,0.3913553,1.1215531,0.82871526,0.93345857,0.11524987,0.38766435,0.5615312,0.24115711,0.91371083,0.013900345,1.1516232,0.6708685,0.6581365,0.946556,0.0,0.21691185,0.13872664,0.34730706,0.65392315,1.062193,0.05574346,0.3991879,0.6196163,0.01239138,0.0,1.285454,1.0974609,0.7469997,0.07550705,0.43471783,1.4922923,0.3464825,0.1716415,1.1134876,0.14054194,1.526507,0.44518623,0.24782006,1.7484423,0.7148145,0.09184765,0.663899,0.27094883,0.24535307,0.11152493,0.3536682,0.8340654,1.8347908,0.3416116,0.47876096,0.38743082,0.49485046,0.22609738,3.3670785,1.4169619,0.44585827,0.07477111,0.044284888,1.9032584,2.4314353,1.595166,1.5159425,3.1977763,0.38257638,0.9367227,0.80671364,1.6315264,0.120551,1.7269074,0.26791525,0.405514,0.14135353,5.4476,0.44493103,0.6814248,0.2740749,1.1261728,1.5718588,0.15450084,0.05223291,1.2177207,0.69588035,0.31264058,0.6008887,0.8326719,1.1123857,0.06789791,0.38083532,0.9541486,0.52821165,0.3866017,0.067482226,0.92009795,0.5209699,0.26129788,0.15210363,0.3984604,0.47321454,1.1029166,0.6642253,0.891108,0.7749772,0.7357268,0.4980465,0.37213826,7.32908,0.68213683,0.71378237,0.28849182,0.4595289,1.056769,0.20955291,0.044569228,0.8134549,1.6174194,0.0059096823,1.2206168,0.052476235,1.116985,0.0016771117,0.15700883,0.9013439,0.66722244,1.7415513,1.6358538,3.8362513,1.4270996,0.011698228,0.29425246,0.9024811,0.579986,0.32984465,0.7138302,0.6008822,0.013024346,1.8271074,0.06260775,0.3125891,0.76980793,0.8504281,0.32832175,0.4547515,0.3113945,0.40532267,0.6096976,1.3032591,1.7801112,1.9958279,1.4474014,0.7324815,1.7337602,1.7996384,0.03723369,0.037383907,0.8882334,0.4164222,0.7761356,0.49829847,0.37251523,0.34231582,0.07523298,0.4582528,0.28396934,1.302676,1.2972271,1.0271592,0.34471175,0.39259624,0.69949186,0.013752255,0.8848196,0.40211198,0.11190533,0.09404701,0.9861282,0.12170444,0.020244712,1.2881151,1.1075324,0.8627003,0.12008263,0.90098494,0.19933218,0.6958683,1.1289184,0.20876004,0.025803145,0.1697195,0.84856415,0.6063078,0.09645593,1.4235766,0.581003,0.734338,0.89020956,0.5789454,1.6972125,0.41317934,0.68470186,1.5582702,0.6205664,0.62776244,0.5527134,1.2101867,0.3553422,1.1643124,0.85238117,1.0031595,0.31375554,1.4380671,1.6018852,1.2529005,0.1468909,0.066951506,0.044648126,0.8937599,0.34798774,0.99230224,0.5051622,2.2118514,1.3460298,0.16972065,0.964272,0.21699628,1.1092082,1.0287875,1.5210643,0.05750417,0.4974727,0.10586395,0.62052447,0.74236345,0.5274274,0.14712772,0.27635095,0.0037880363,0.99570286,2.6258376,1.0105735,0.96623355,0.21152554,0.074045986,1.28628,0.7136153,0.63272834,1.2741238,1.5384455,0.042100098,0.35703704,0.47382197,0.25502717,0.024123328,0.5942668,0.12549715,2.8274684,1.0480924,0.030309306,0.47339904,0.036274165,0.6445999,1.5444398,1.2499335,1.6685302,0.5335054,1.2538177,1.1018705,1.4336786,0.20697229,0.9255777,0.97866786,0.25086328,0.65461046,2.1531255,1.1616418,0.051170513,0.37504998,1.4365525,0.555685,0.2659464,0.08310642,0.06060979,0.13242833,1.0321262,1.1393433,0.29760373,1.0786853,0.04963985,0.31887305,0.07887958,0.6722328,0.4152352,3.1606128,0.90019834,0.5787108,0.7738551,0.25071752,0.29103318,0.19830424,0.450455,1.1724342,0.08104942,0.25571153,0.39076373,1.6127294,0.2988653,0.019676132,0.20277517,1.6179364,2.289734,0.7462396,0.5270388,0.8044604,0.46687922,0.5241881,1.3571045,0.2637608,0.8332183,0.19874027,1.1462957,1.1795663,1.6442021,0.8675526,1.506823,0.05219005,0.22887835,0.4018264,1.1823803,0.2014593,2.5606778,2.649506,0.02553327,0.94968396,0.95426893,0.72938085,0.1286098,0.15484303,0.8263314,1.7767215,0.38891187,1.5632621,1.8491213,0.29474455,1.4999461,0.1369305,0.7507117,0.24490713,0.7277471,0.9037857,0.60254973,0.86075747,0.008125999,1.2895027,1.3134451,0.2015633,1.1010392,1.0662502,0.0036037997,0.37815678,0.8432206,0.39333713,0.15791959,0.016494429,1.2643261,0.25627142,2.6922927,0.09461179,1.2927959,0.62334526,0.7546721,1.3285023,0.117959954,0.6869487,0.36389688,1.3490916,0.6447539,0.29247665,0.0732279,2.8787155,2.7806602,0.8086868,0.045896664,0.9295642,0.0,0.36103418,0.028066194,0.78100824,0.011102344,0.73669994,0.27857402,1.151595,0.13690282,0.27926373,0.20560652,1.3431113,0.7674121,0.8019598,0.36430433,1.6297241,0.8705475,0.9281085,2.520904,0.038730297,0.49673882,1.3056129,0.62348735,1.0395657,0.4971545,0.26820514,0.3250705,0.37165076,0.6728455,0.41877848,0.3981363,0.3631846,0.34868586,0.19311033,0.19370826,0.31165922,1.148182,1.2419895,1.5076579,1.8577963,0.3900442,1.4312617,0.8562454,0.34437615,0.1833582,0.4074411,1.1419327,1.0229434,1.4181381,0.019199237,0.23909399,0.067621924,0.34222874,0.30383164,0.39731523,0.017619127,0.6639924,2.109295,0.25033227,1.2880349,0.59769577,2.5124786,0.38442588,1.9793504,0.59551364,1.5305508,0.050854776,0.38767132,0.80864644,0.39845875,0.22250801,0.06757839,all_pothole_images\pothole_images_new_image_1004.jpg
0.15354806,0.305908,0.012155165,2.5209231,0.34648833,0.0,1.1838838,0.07337974,0.23839125,0.7125624,1.2952659,0.98468286,0.0,2.6368248,0.18280877,0.051005177,0.004646595,0.37114754,1.8793362,0.017156834,1.1013166,1.2395605,0.21385616,0.06905817,1.4105207,0.62108916,0.92765325,1.9770765,0.8552003,0.04028626,0.4232399,0.12875746,0.058793515,0.29882666,0.71946675,1.7045727,0.48387545,1.2215136,0.7364011,0.23797463,0.0039197193,0.25622296,0.45469156,2.8149936,0.66427547,0.22061993,0.04786501,0.59024084,0.013410383,0.11701574,0.12474567,0.25152525,0.24939978,0.09972248,0.1944364,1.5669312,0.98395014,0.34223136,0.0,0.014041099,0.29697463,0.16864993,0.45631167,0.34765553,1.161704,1.4295844,1.4090608,0.0,0.38191637,0.08608777,0.40219626,0.33547896,0.2803559,0.19290896,0.10375077,0.49253196,0.3515361,0.8694366,0.037561145,0.79515636,0.28316304,0.012946417,0.39050248,1.510138,0.041971605,0.018182993,0.092315204,0.096705675,2.7339737,0.0034379745,0.36497498,0.0,0.104124606,0.17070782,0.0,0.0,1.5435307,1.8088441,0.43449828,0.17166573,0.06211043,2.3394961,0.009861343,0.31110168,1.7538122,0.12586561,0.6791313,0.13614775,0.9239651,0.052354354,0.0,1.1780759,0.9172235,0.23536965,0.37258732,0.12934159,0.73718107,0.16519178,2.1271827,2.0042958,2.2026052,0.006162385,0.32696253,0.76277184,0.45327407,0.48400638,0.069809034,0.099827394,1.5180521,0.60701096,0.036210734,0.78554916,0.10214482,0.015692089,0.41608652,0.09663111,0.1536471,0.21168204,0.6187143,0.028139586,0.52816546,0.22638464,0.3896004,0.004013365,0.6692434,1.9994559,0.080117665,1.572637,0.055294342,0.042960364,0.068353064,0.9904852,0.031707164,0.13501707,1.9804852,0.97761905,0.20215169,0.01031038,0.7646543,0.64716846,0.73496944,1.3988184,0.15179923,0.03137342,0.05479988,0.01251979,0.18209001,0.09799433,0.35880294,2.372095,0.09397931,0.0026402764,0.46414605,0.124563746,0.7621041,0.46711972,0.30476642,0.0,0.1055104,0.06289115,0.58992195,2.0748684,1.9123423,1.0182428,0.7375482,1.1203595,0.14543653,0.46253753,0.8312823,0.8037346,0.28697625,0.37429658,0.23520555,0.7268722,0.9638167,0.58012366,0.43920836,0.12834449,1.6590053,0.9394484,0.74532914,1.4046463,0.8207213,0.67267877,0.18883798,0.0046596415,0.12942964,0.63799185,1.3320694,0.0815667,0.038974207,0.008231894,0.8566794,1.2021774,1.45179,2.2975638,0.51026595,0.13064632,0.72978723,0.17745654,0.965602,0.27435872,0.16567464,0.110444516,0.01114102,0.12892658,1.9419873,0.53859866,0.5874481,1.2057252,0.04029285,0.04401713,0.58535576,0.5788985,0.5110679,0.15211652,2.6113646,0.21214429,0.08901281,0.38444725,0.28915817,0.29065835,0.17552502,0.61488587,0.21792972,0.0,0.39738595,0.21675354,0.0,5.991258,2.2088265,0.008393637,0.13396122,0.22546706,0.0515735,0.7185798,0.7595778,0.057061054,0.23176466,3.6829183,0.76913124,0.08917844,1.1150019,0.037351813,0.23292442,0.36550358,1.5081799,0.25296867,1.6800722,0.0,0.13511437,0.30617097,1.3182955,0.03996757,0.19166477,0.8893736,0.013314697,0.27740955,0.11328781,1.1000433,1.4288367,0.22325109,0.63193065,0.4984073,0.035630994,0.28813595,0.37954774,0.15467204,0.5543318,0.013588362,0.0041301483,0.009388508,0.3740785,0.4978318,0.55912405,0.97180057,0.16562894,0.30597082,0.008489769,2.363126,1.1510885,0.464879,0.033924337,0.0700318,6.2277756,0.24820997,0.013822927,0.04231514,0.005406712,0.45344162,0.09792999,0.85829645,0.9898004,0.20336331,0.24399671,1.9936775,0.07564791,2.105552,1.7590204,0.40589058,0.25633833,0.0,0.6785215,0.32337824,0.2781582,0.014282002,0.8332841,0.045501046,0.5789052,0.323287,1.0747672,0.12488898,1.0074608,0.090985216,0.17031199,0.17160107,3.4460099,0.7618134,0.25772512,1.1260555,0.3987714,0.5161599,1.6870946,1.0837727,1.0372525,0.31453475,0.20924048,0.21270806,0.8084092,0.12872009,0.542352,0.022234133,0.4552054,0.24153456,0.06759526,0.06550952,0.36627263,1.1743304,0.5261743,0.09676795,0.023606904,0.072207056,0.59390306,0.18990996,0.0859602,0.0,1.3353871,0.08960337,0.3000656,0.06943753,1.0622739,0.13421729,1.1009188,0.00050720474,0.8787909,0.011733192,0.08912916,0.04949805,0.7724393,0.5347137,0.32858944,0.010550036,0.2592737,0.9964942,2.2590535,0.18127985,0.3858808,0.15198721,0.12505218,0.79637223,0.9832133,0.11837941,0.10547484,0.6536317,0.0,0.011823401,0.23728684,0.09471615,0.19601238,0.08626938,0.18360133,0.3216121,0.35225943,1.1898798,0.8829421,0.45049787,1.1465571,0.41984105,0.55179167,0.0,0.7802269,0.10696365,0.025673496,1.2847334,0.039233025,0.7383452,0.49097863,0.62234396,0.48985812,0.0,2.0890427,0.09146437,0.42706463,2.3839834,1.8439138,0.4859549,0.30690625,1.0491128,0.12444484,0.475786,0.030282315,0.14496902,0.00069293677,0.23730437,1.2383891,3.7336974,0.08048814,0.16053231,0.046719648,0.074688755,1.0474105,0.22050412,0.04811337,0.025322227,0.53334045,0.0297994,0.86301637,0.8269138,0.16991697,0.570258,3.2248795,0.21623327,0.20455864,0.10203393,0.027045857,1.7426652,0.3406052,0.20460518,0.08903866,1.2357178,1.3333384,0.24382721,1.2711799,0.10786935,0.79618084,0.16915824,0.248687,0.0,0.12652855,0.21274516,0.07011496,0.0,0.39342314,0.77340573,1.0697227,0.35757667,0.29321906,1.2104611,0.95738405,0.11121712,0.51674986,1.8805956,0.72691613,0.14813063,0.22980842,0.03519031,0.08378302,0.2573521,0.36601773,0.38389704,0.088959865,2.4248667,0.019632831,0.013230817,0.0,0.07241568,0.2512816,0.3074573,0.025218759,0.098330565,0.10478498,5.4997926,0.14389426,0.22962917,0.22038685,1.0141885,1.9340798,0.36923254,0.616929,2.123704,0.03861283,1.2965796,all_pothole_images\pothole_images_new_image_1005.jpg
0.42304766,0.434692,0.026380166,2.8246384,0.37246728,0.101407304,0.27488625,0.19000149,2.1756618,0.44424096,0.7435578,1.076445,0.15151338,2.5780969,0.3729185,0.1749298,0.18624753,0.023636281,1.6380036,0.15661108,1.1778033,0.0065407194,0.36443725,0.24289279,0.680988,0.034581047,0.25618646,1.066268,0.10249567,0.07414415,0.67908734,0.33598801,1.1353177,0.9741043,0.0016156902,1.0259887,0.2262808,0.00075794937,0.7143507,0.052654903,0.87618285,0.59460944,0.7240332,1.8649409,0.37089363,0.25922912,0.6089185,1.0457901,0.46266282,0.13084786,0.050943077,0.15250085,1.0632313,0.20156994,0.37292004,0.2986726,0.13650711,0.7615519,0.55779916,0.026383232,0.05112499,0.9182079,0.021646671,0.47961444,0.65672594,0.43764427,0.6373281,0.57642406,0.49541917,0.0,0.010894438,0.12188185,0.018145652,0.0,0.005333342,0.035288814,0.6518481,1.2398163,0.009779676,0.13559608,0.17645958,0.93037695,0.5699616,0.47787997,0.31105572,0.35294724,0.035061717,0.0,0.30555794,1.1509053,0.40505174,0.010885195,0.0022587092,0.23448274,0.8962916,0.02731264,1.7015673,0.06390605,0.18720621,0.4815183,0.23016834,0.59301746,0.023112582,1.6698219,1.2267015,0.7255571,1.0728457,0.5731509,0.3255771,0.2226305,0.05972063,0.63415575,0.21237351,0.67825526,0.48623002,0.006320829,0.13196753,0.27877316,0.30512583,0.6502643,1.5061698,0.17745571,0.53955,2.7598534,0.69171965,0.41408545,0.45463124,0.008324234,1.5026037,0.20194896,0.1387557,0.0055577527,0.041864213,0.5788293,0.8983656,0.19823508,0.5523679,0.37206012,0.24566366,0.048678026,0.09716803,0.7028374,1.1748971,0.002569185,0.29912886,0.2096413,0.88681775,1.9745277,0.16928878,0.12112072,1.0828933,0.8869428,0.0006902308,0.54299223,0.68370545,0.3496559,0.2288708,0.20977421,0.027352298,0.33545917,0.20233186,4.639526,0.27093768,0.062068462,0.44269675,0.4102116,0.36436525,0.37372807,0.5825751,2.6012802,0.34265664,0.049986735,0.27457547,0.4232904,0.0,1.3041062,0.29703793,0.11830295,0.0,0.5249113,0.5015564,2.382264,0.105828896,2.2814717,0.49439833,1.9403317,1.0149283,1.977311,0.20804323,0.8050607,0.11415998,0.10148249,0.58046746,0.3150285,2.0545673,0.032118954,1.7296697,1.6718593,0.11777419,0.93439627,2.0735323,0.62453806,0.5167801,0.26482135,2.102594,0.34776828,2.71556,0.011047431,1.3526489,1.2357548,0.00049917644,0.4157855,0.62978643,0.1011121,1.7591176,0.27386484,0.8141717,0.07037621,1.9807323,0.0,1.180423,0.28403518,0.19052105,0.65696436,0.3273654,0.06758141,0.6976084,0.05319246,2.560548,0.8428627,0.005183986,0.33487105,0.33146986,0.9755432,0.097261816,1.1383203,1.3009431,0.5914106,1.8855919,0.45171183,0.028031599,0.36759388,1.3119533,1.4889492,0.09842957,0.2075034,0.50446284,0.7662913,1.8056762,5.100762,0.09105197,1.4166944,0.041669372,0.15727326,0.26456067,0.0,0.53980875,0.6750199,0.0,1.7633038,0.95544714,1.4128227,0.5862806,0.45084435,0.034593154,0.45802513,2.2354162,0.9049543,7.3823595,0.43489736,1.6232282,0.0,0.7321349,0.431801,0.03122201,0.7811645,0.0039451635,1.0913053,0.91483253,0.0,0.1787683,0.35174826,1.8061987,0.012295099,0.0033856514,1.6073024,0.8475901,0.70126677,0.3787707,0.083672345,0.0,0.26062918,0.08021911,0.37388724,0.9130842,0.7478935,0.26281664,0.08102602,0.81605494,3.6309137,1.5698594,0.8367373,0.0022569173,0.9505176,2.0950038,0.041447785,1.6422378,0.008198141,0.44714487,0.0004986756,0.7026502,0.22252557,1.5136445,1.99848,0.0,0.7526208,0.0,1.297864,1.980399,0.85427684,2.9277105,0.11422442,1.0872679,0.43974754,0.27093926,0.040069852,0.6490658,0.22149971,0.5560108,0.9226701,0.80547243,0.6910586,0.9626951,0.10110242,0.0,0.16228528,2.5729206,0.028998177,0.4840052,0.16706811,0.7037772,0.6654329,1.5664289,3.4347534,1.2462524,1.3281863,0.2268426,1.4632015,0.84563404,0.70039755,0.69873667,0.10216675,0.049401574,0.96530354,0.69076,0.53228915,0.04905113,0.5311687,0.3947589,1.4291552,0.23352931,0.51122165,0.12947246,0.30285904,0.09037146,0.8184636,0.40649393,0.011486101,0.28453445,0.9475764,0.3406127,0.7009928,0.059803598,0.2102998,0.1080506,0.19727415,1.5253159,0.6865829,0.8982959,0.5647072,2.2159886,0.7976248,1.4948791,0.12711671,0.0,0.116319925,0.20021251,0.0,0.015326635,0.5753031,1.9234114,0.3515019,0.2363818,0.9771707,0.0,0.9007831,1.8448126,1.0616561,0.506438,0.020061253,1.196056,0.30087674,0.33149955,0.21615724,1.2173033,0.025954274,1.9523576,0.05470527,0.5834667,0.24090597,0.035083935,0.00054608716,0.89443016,1.2659848,0.19771115,2.4056986e-05,1.8798549,0.7038999,1.0473496,0.32363912,0.61039346,0.15445994,0.8351461,0.65128034,0.54981685,0.0057345103,2.8452852,0.010433252,0.33253378,1.4932085,0.096721396,0.32161957,0.2964344,0.0038653638,0.81198514,1.0459012,1.3767804,0.74806273,0.26642329,1.0171033,0.061548855,0.49959105,0.017493678,0.053349573,0.7655912,0.05383217,0.079202,0.7206106,0.1759549,2.4049933,2.989794,0.5729614,1.4358714,0.0,0.19313796,0.81491125,0.29071113,0.09893258,0.26097012,0.8230378,0.26440188,0.010461799,0.6408991,0.11531261,0.26643407,0.5583515,0.08289983,0.07585184,0.3143926,0.87595797,0.95634246,0.0058947243,0.1172315,0.47459534,0.87110776,0.90486735,0.65814644,1.3040245,0.30373454,0.46141028,0.7600057,0.31437477,1.5290802,0.24329247,1.4651719,0.1173236,0.45299813,0.0050228485,0.87128025,0.34022388,1.6082201,4.786581,0.0,0.017511124,0.07242299,0.0,0.7335903,0.7630615,0.031183323,0.14456666,1.3695551,0.78126335,0.41636708,1.6240927,1.2191848,3.6421702,5.374966,0.5443525,0.22079995,0.7150084,0.6666057,0.05267717,all_pothole_images\pothole_images_new_image_1006.jpg
0.31331202,2.817481,0.8289887,0.08322725,0.16334693,0.2605486,0.13776736,0.6142812,0.21713202,1.0645766,2.137449,0.3408822,1.8219479,0.47880164,0.40489492,0.2550303,2.3825455,0.36019287,0.120660864,0.6190939,0.8015845,1.9205729,0.32131335,0.8031713,0.4928702,1.6142113,1.0448189,0.7384492,0.5356026,2.414834,0.29982445,0.39466247,0.6064651,0.69558805,1.2384784,0.49348557,0.6407898,0.99106765,0.37822157,0.09789634,0.0711889,0.19530156,0.3273348,0.11493356,1.3669813,0.10198569,0.15179944,0.0,1.1139888,0.39576364,1.8438545,0.6609531,1.3521726,0.7651891,0.53648067,1.2346189,1.5200579,0.5409992,2.2915697,0.61425525,0.047737725,0.5791343,0.31390706,0.27055466,0.48091912,1.8912421,0.07534539,1.6999372,2.3615656,0.15408766,0.06897321,0.54099154,0.4374596,0.7325858,0.26286098,1.8217759,0.4813411,1.0873352,0.38328302,0.69942683,0.45683607,1.1502199,0.18417339,0.36650893,0.0305355,0.78296894,1.2067206,1.8519142,4.010826,0.20292394,0.23506296,0.44538993,0.7172726,2.5646346,0.21450898,0.71012753,0.3390923,0.340208,0.046359655,1.6190783,0.06675559,2.1803257,0.012918747,0.26677272,0.4747939,2.380845,0.34865117,0.2768494,0.5710142,0.72752047,0.42609802,1.8759949,0.39165854,1.5273144,0.46183625,1.9101304,3.4145818,2.7089105,0.28595683,0.26585004,0.70409983,3.4547377,0.9939303,0.07907245,0.15424483,0.44286752,0.081600405,0.9475836,0.20775661,0.08623676,2.5335224,0.8501811,1.4541188,0.9441203,1.043979,0.128451,0.5795355,0.4336221,2.4326131,0.08480643,0.47458756,1.4625969,1.0385127,1.3376323,0.16596733,0.38105735,1.5957882,0.00957761,1.6312456,1.2726989,0.68226093,0.49710268,0.739206,0.087625794,2.0100617,1.4234805,0.9242026,2.18237,0.08169145,0.07567206,1.5780169,0.17624411,0.2026921,6.035337,0.15973447,0.15504235,1.1383725,0.092689805,1.8755143,0.063407026,1.4448014,1.1888292,1.6679375,0.71898854,1.4058964,0.9704132,0.8616205,0.3947951,0.3442196,1.2677771,1.3125625,1.7311785,2.6239543,0.660084,1.4197607,0.064351335,0.80184484,1.442062,0.3792917,1.1947026,2.1363451,2.9715111,0.6893838,3.0893672,0.34235248,0.10876709,0.2811021,0.6325516,0.0036352759,1.7906038,0.34292835,0.45095927,0.6874009,0.5768644,1.244594,1.9510186,1.3734207,0.36799112,0.33898216,0.40783313,0.12482937,1.6600311,1.831865,0.5141534,0.43550935,0.6170498,0.4226554,0.4178827,1.5039278,0.14841835,0.45705497,0.3196002,0.717971,0.48100677,2.5009987,1.3692057,1.0992229,0.71489805,1.3334981,0.036730718,1.1335052,1.297128,0.44707733,1.158465,1.4749242,0.43880576,0.137691,0.09462263,0.5419657,0.4656592,0.0638381,0.30776381,1.101326,0.5572307,0.6769028,0.17935176,1.6335988,0.29745921,0.113275096,0.97526765,0.27379856,0.18055992,2.2893107,0.26759365,0.050608285,0.18667662,0.24276957,1.6031677,1.55795,0.21036963,1.3045878,2.9724896,0.78059846,0.6627289,1.4242657,2.2092204,0.07125083,1.8195243,1.1067888,0.78825176,0.8596868,0.2983841,0.041596666,0.0557979,0.070160784,0.20670599,0.39068457,0.76932806,2.075956,0.26518843,0.44918612,0.124565065,0.20521574,0.58620286,1.2669986,1.4512899e-05,1.276444,1.6315285,1.9227633,0.9545953,0.22475332,0.22807185,0.55370283,0.10167146,0.7753151,0.19351408,2.3192194,0.7297226,1.2122543,0.51488817,0.29710063,1.5347488,1.3517354,0.65339965,1.6177572,0.009600947,0.0012607892,0.93947905,0.37188494,0.09803626,0.7855771,0.9080485,1.436408,1.3117368,0.23978743,0.12775348,0.8110232,0.27214235,0.8996084,1.7878526,0.37527433,1.5318666,0.14276707,0.9787896,1.058625,1.9321952,0.6414089,1.8850994,0.77244896,1.8785441,2.438658,1.3505986,1.4823048,0.288833,0.6386466,0.3075722,0.16679491,0.45282567,1.0628033,0.12760213,0.41572192,1.6705796,0.57987106,0.27118117,0.16444252,0.48702115,0.1422603,0.11872192,0.6367107,0.29661232,0.05461771,0.58255696,0.2387232,0.27721557,1.2519734,0.15690595,0.40086046,0.47633073,0.5622407,0.47314477,0.62429315,0.5389426,0.3974922,1.6839948,0.20846468,0.10374499,0.6371262,0.5382516,0.18514547,0.4814012,1.6527412,2.5616784,2.286369,0.2042799,1.7398933,0.16317272,0.04611837,0.2372113,0.14427963,1.2143174,0.46793595,0.5105505,0.06597703,3.7053204,1.1046897,0.2756288,0.9926161,2.17625,0.99279034,0.659773,2.080333,0.36257565,0.38522363,0.46133932,0.07027399,0.86412,1.0549173,2.6859865,1.8766558,0.6570225,1.8749062,0.5283502,0.05367814,0.7874474,0.29339734,0.5335833,0.15517531,1.018454,0.51926494,0.9983958,0.50614136,1.633713,0.44767952,0.9020971,0.06253474,0.05983456,0.7262907,2.6340802,0.22850733,0.14930344,0.2837878,0.3270821,1.462056,1.0305166,0.9722623,1.3874472,0.18266213,2.4937766,0.25259185,1.0876509,0.028892836,1.7811941,0.63790727,0.54221654,0.11401632,3.2284832,0.68867755,0.57961255,0.19891992,1.5830233,1.6109316,0.24413656,0.34362546,0.4538174,0.2667273,2.3246603,1.1310093,1.567829,1.2632653,0.84677213,0.13437325,0.98753303,0.31350225,0.027733335,0.37273553,0.3028383,0.31333596,0.0044020894,0.85132957,0.7103948,0.5384675,0.3895509,0.048990496,1.2776189,0.26476476,0.15789549,1.4435068,0.33161816,0.8198334,0.73489225,0.8940003,1.529323,0.6796122,0.2501724,0.21804069,0.9286663,0.061935537,0.11877225,0.008858574,0.22513428,0.7565613,3.205889,0.8085259,1.5047618,0.18930951,0.10574306,0.6303584,0.0049646734,0.31237632,0.0077361264,1.5561972,0.3645189,0.0,0.57657623,0.11439649,0.0,0.3863976,0.71241134,0.23312543,0.40749982,0.73159367,0.3992895,0.66969484,1.6861908,0.0536854,0.41217193,0.03252928,1.0791476,0.32988653,0.5912885,0.635408,0.11623537,all_pothole_images\pothole_images_new_image_1007.jpg
0.89182824,1.0487602,0.023713604,3.4581647,0.35389498,0.29734075,0.0008978307,0.0050489553,0.0037836006,1.2545336,0.24898227,0.52927995,0.0010664499,1.9723805,0.0,0.043849695,0.05470778,0.5182946,0.28716606,0.042107366,1.1792467,2.107794,0.1910942,0.1128411,0.79262376,0.6501264,0.6558502,2.5337718,0.10677355,1.0013554,0.6027074,0.17217351,0.0738473,0.6709765,0.30969635,1.33867,1.4751518,0.4261598,1.0875348,0.17629944,0.052723255,0.36506274,1.2599312,2.3774595,0.7035767,0.00068290083,0.070503995,0.72132015,0.31060344,0.08498548,0.51626647,0.59511983,0.097946495,0.0050724195,0.105957225,3.3493607,1.0090077,0.30833393,0.055804066,0.20821829,0.23654076,0.12751128,0.8988401,0.7919862,1.5410558,1.2474973,0.22320653,0.12626097,0.045492046,0.8185847,0.5844119,0.36391944,0.5785572,1.2096012,0.60716295,0.68286145,0.26005876,1.2217928,0.0,0.46298373,0.27634472,0.24053714,0.45460448,2.227028,0.2931961,0.03828842,0.21465246,0.023854854,2.1373894,0.1596515,0.036164694,0.44849956,0.51597196,0.7044666,0.0,0.18663879,1.1812668,0.09754502,0.50227433,1.071803,0.0320365,2.7620313,1.4380414,0.065278195,2.4767005,0.005399837,0.7717394,0.6880169,0.25746414,0.15033081,0.12272383,1.2041279,2.1324248,0.0,0.7670972,1.0555562,0.89993197,0.033323985,0.32354093,1.172249,1.6619844,0.0,0.13680951,0.783416,1.5602559,0.4206993,0.9004631,0.1701159,1.8203822,1.1844687,0.6465863,0.045228694,0.04967229,0.0,2.1374462,0.78757256,0.4059831,1.3971695,0.6214155,0.1965049,0.7928862,0.3070169,1.3964585,0.6661715,0.43623593,2.298736,0.30405352,1.0032784,0.92202204,0.000539108,0.0034423475,0.19351332,0.30995622,0.31170332,1.9273983,0.7258039,0.29937303,0.05770571,0.43814492,1.3371894,0.7659285,1.1124618,0.30916423,1.0066037,1.060693,0.745381,1.090705,1.55223,0.4832735,1.3855416,0.37615058,0.17236051,0.4130912,0.4330857,0.17949295,0.4598295,1.2638265,0.043117,0.6370659,0.029227672,0.028348463,3.1222804,0.41143012,0.15164258,3.8036637,0.04922819,0.72904736,1.9951665,0.5516494,0.74555457,0.2217129,1.1274732,0.5989865,1.3686825,0.5324963,0.34035128,1.4865417,0.16618897,1.1456412,0.2538526,0.32502472,1.2299398,0.038966235,0.6199663,0.21770579,0.013074041,0.47219533,0.739918,0.7856875,0.38820946,0.0,0.006575651,0.36266053,0.5457794,2.3901198,3.3171356,0.045127254,0.30598366,0.24188195,0.5957785,2.4181747,0.08383669,0.5709003,0.16576806,0.024361646,0.35312834,1.6245694,0.11703664,2.418659,0.7763642,0.18559647,0.0069733877,0.2521514,0.04651337,0.27722377,0.06693495,3.4474144,0.409858,0.4520281,0.5328602,0.25616625,0.26867625,0.45016974,0.3697832,0.4062846,0.021268344,0.47012278,0.76069856,0.10853094,6.2411904,0.18747804,0.24907103,0.65751135,0.6049278,0.008891097,0.6284163,0.76662314,0.7205532,0.47895727,4.7406735,0.9593671,0.17264509,1.0511345,0.004764994,0.45753804,0.4022578,0.51873535,1.1980553,1.4354049,0.16078591,0.14225988,0.0,1.1152775,0.91912,1.0695088,0.15132247,0.17959177,1.148058,0.061255,1.0500567,1.7523183,0.55023223,0.3336521,0.29696125,0.0047354386,0.8335185,1.7800558,1.0839087,1.8174126,0.76806,0.013162162,0.24149013,0.17746988,1.624452,0.5064364,0.5026863,0.12970674,0.18923438,0.0,2.1944766,0.8313477,0.46094668,0.008235064,0.012006939,7.199813,0.6973967,0.075101905,0.08883721,0.07012787,1.3125051,0.586076,1.511677,1.0344023,1.4634187,1.1873769,1.144517,0.0,2.3067744,3.6191888,0.12048248,0.03625123,0.057410657,0.19375929,0.9881391,0.5141688,0.5427206,1.1419203,0.0,0.45818573,0.44214645,3.2758925,0.034640715,1.1273689,0.06507412,0.18361029,0.1102528,2.4587433,1.732625,0.062067166,0.9621755,0.8359889,0.9077861,1.0030996,0.8497084,0.35877234,0.30942768,0.18917407,0.45800564,0.5539642,0.12968954,0.936908,0.0056614396,0.20555936,1.1904593,0.3481151,0.0,0.28745893,1.8023638,1.1606923,1.2135963,0.0053184777,0.5562539,1.6495465,0.7297993,0.020916807,0.12474112,1.6123836,0.23979168,0.18324845,0.4925765,0.39908975,0.043684512,0.512335,0.34130827,0.29650587,0.21663389,0.3133085,0.079530686,1.8963141,0.43028253,1.4173799,0.31618813,0.17051654,0.42530409,3.7903461,0.6139475,1.4120692,0.7100956,0.09280145,1.5339185,0.9791491,0.22253819,0.068904854,0.03635923,0.2705463,0.6936147,0.79629546,0.6856047,0.23392156,0.030755922,0.41622525,2.0902755,0.4044768,0.49766657,0.3774105,0.8163867,0.16196139,0.49277267,0.57756567,0.1431298,0.81080794,0.39218536,0.0,0.36989447,0.01074521,1.5175197,0.85460067,0.6117664,0.9258589,0.0,2.5385768,0.3356517,1.6582378,0.8915119,2.155209,1.0658209,0.71283376,1.1897902,0.54187465,0.17257321,0.030450156,0.33442774,0.45480135,0.57684284,0.9853269,2.505351,0.7442636,0.14098042,0.31457403,0.5709718,0.94560957,1.2992688,0.2559199,0.20212737,0.104998015,0.053502947,0.76199293,0.27671126,0.55790186,0.69934064,2.3892248,0.11873735,1.1061043,0.3390194,0.30484352,1.0654446,0.043299817,0.2721347,0.28355104,0.7724491,3.2400067,0.0151335765,0.7203909,0.036375273,1.1092358,0.042140752,0.09159687,0.5180395,0.45619532,1.4089044,0.46008968,0.6197052,0.4747987,0.44682196,0.86116475,0.006221462,1.0521398,0.7300448,0.5588067,0.14792746,0.05059128,2.6440616,2.082347,0.70852137,0.4016719,0.0,0.20979124,0.40610778,1.2444623,0.00063469977,0.17281933,1.2414699,0.40741652,0.23421314,0.1168307,0.21280177,0.16356449,0.017760748,0.3887933,0.71501803,1.5143322,5.100233,0.9301001,1.1214571,0.8354103,0.80009747,0.91189855,0.08197433,0.2334483,0.8114884,0.07271661,0.77128404,all_pothole_images\pothole_images_new_image_1008.jpg
0.40594035,1.1273526,1.5904568,0.9246401,0.029641958,0.00010089971,0.9520838,0.029326905,1.4785708,0.6008617,0.021022081,0.007967642,0.14975198,0.14370358,0.27900812,0.67498857,0.71673506,0.008879941,0.44251144,0.28285107,0.020788267,0.5429578,0.071701,0.7797275,1.6515974,0.021396773,0.037772633,1.2896725,0.06479587,0.0010041741,0.29577482,0.101774536,0.26615384,1.2925603,0.27916422,0.7326574,0.008518079,0.352513,0.67245644,0.0023558228,1.6219516,0.06414573,0.02760506,0.022890663,1.8817674,0.36146295,0.052820362,0.7448212,0.19194762,0.4062191,0.016484858,0.12773933,0.21240778,0.7104506,0.22880134,0.19340934,0.043837056,0.017897587,0.1131242,1.7009066,0.0,0.34639493,0.19490273,0.0069815824,0.046818662,0.1950074,1.6368124,0.0,0.13787659,0.0009339593,0.5972392,0.18710157,0.19773169,0.0,0.15378794,0.34913346,1.1138994,0.30920818,0.48339033,0.0029728918,0.13862206,0.5501651,0.049732868,0.05869607,0.08649153,0.13426623,0.3073031,0.25201446,1.4802059,0.2123164,0.0,1.7825645,0.0,0.06679751,4.808028,0.008657337,0.9349516,0.8481651,0.76163155,0.30129007,0.246396,0.008021596,0.0020194345,2.3414676,1.5641841,0.0,0.3612252,0.012232594,0.5327495,0.5720671,0.02771159,1.7860993,0.4466277,0.11397748,0.3200811,0.048577156,0.12929387,0.0,0.23104553,0.40516764,2.6109252,0.13510306,0.04711117,1.2781818,0.50724715,0.17529625,0.35604376,0.00012065229,0.027531732,0.0016877385,0.9858532,0.5269903,0.0,0.037821155,1.6177638,0.10002213,0.3722461,0.02534256,0.0067470134,0.21352413,0.13032645,0.60648984,0.114046104,0.050411846,0.0,0.021851242,0.023232255,0.27444196,0.38519934,0.8661622,0.6179747,0.02284771,0.0025740524,0.27535075,0.052249264,0.0066209086,0.23531434,0.36884284,0.01729483,1.231177,0.27098694,0.71000195,0.8325572,0.105497815,0.41839105,1.0563321,0.034196407,0.007714717,1.0687423,1.5596522,0.037057374,0.005591002,0.0028396873,0.0,1.6637378,0.0,0.0,0.0,0.15739489,0.34970728,0.0,1.9613374,0.29420078,3.8107677,0.68298227,2.4057703,0.19046818,0.12811904,0.048747413,0.6438347,0.037288126,0.14735949,0.045993358,0.3838478,1.0779105,0.014129162,2.2877612,2.1197817,0.59321594,0.86483717,0.31590387,0.067981586,0.2483749,0.10863337,1.8696163,1.8344154,0.20269877,0.06769556,2.5726507,0.4512051,0.0,0.062613174,0.5811414,0.43704808,0.16472378,0.95738465,0.17289461,0.043260213,1.2929697,1.3679141,1.0295032,0.32816586,0.23474687,0.15380879,0.005493935,0.05937766,0.02682693,0.00023187281,2.402918,0.06535404,0.7610402,0.20250654,0.43799305,1.294198,1.4722584,2.563968,0.3597878,0.025320444,0.018906966,1.4921712,0.0005898386,1.0144279,0.96603423,0.1535291,0.015395711,0.023341266,1.8842132,0.05716184,0.3545557,3.298285,1.2443087,1.2813878,0.0,0.0647678,0.71547866,0.008217231,0.029529136,0.7553478,0.40568078,1.2407112,0.3170403,0.95049894,1.8492525,0.29146773,0.30295828,2.085075,0.05199433,0.13412395,2.1632745,0.3367607,0.438037,0.0,0.5003032,1.2660753,0.28286523,0.31021786,0.34542915,0.1131527,0.0,0.0045271236,0.009573182,0.13360608,0.57694227,1.1535852,0.14913161,0.77213174,0.124096535,0.03393672,0.22072126,0.0,0.26009065,0.60839653,0.00031391543,1.372604,1.6239905,0.06543331,0.15762542,0.19015796,0.66242605,2.8006692,0.03914688,0.37572622,0.00059120887,0.2699632,0.9121816,0.0,1.273392,0.12827933,0.046988353,0.048582513,0.041323237,0.0590375,2.3875916,2.6627166,0.0,0.98315233,0.0,0.2667076,1.6300701,3.0208805,2.826794,0.48158824,0.324466,0.102927506,1.6229503,1.4358876,1.2396774,0.0,0.05609023,0.103618465,0.7204105,0.0,0.0089214165,0.002948489,0.9126156,0.92752534,1.5231895,0.4594703,0.49655345,0.11796129,0.1929968,0.48982233,3.207507,2.8631885,1.2840543,0.34858182,0.97362095,0.021678807,0.12834835,1.0300951,0.2180541,0.8829646,0.005998177,1.6365851,0.63614094,0.54367256,0.02647923,0.120301,1.1237884,0.9371461,0.67845315,0.0,0.10777755,0.075189725,0.020572793,1.0638566,0.02133942,1.237942,0.504589,2.2969024,0.3823125,0.28994018,0.0,0.22725914,0.41728863,0.009944707,0.48285255,0.19722217,0.033617478,0.07791243,0.33402354,0.47454098,1.1658963,0.16493498,0.8897434,0.0,0.113678075,3.4851577,0.09236124,2.0076613,0.58894813,0.6060924,0.21795778,1.0532821,0.21054992,4.002444,1.2877512,1.5365728,0.90652376,0.04124259,0.5790893,0.59030354,0.17653278,0.0063599297,0.004622191,0.1966382,0.45952994,1.1882834,0.22242892,0.03724276,0.0028333466,0.32099104,0.3980278,1.5852474,0.22893149,0.32249412,1.4101839,0.03024904,0.48650274,1.8807038,0.0064233905,0.2539991,0.1715068,0.28419384,0.6683592,0.0,1.9570938,0.0023700348,0.08575997,0.32244435,0.33283335,0.028215397,0.058012463,0.4830826,0.030924713,2.8208923,1.512194,1.2773727,1.8401984,0.03725355,0.029215313,0.083581984,0.2492875,0.2772599,0.07879708,0.028539073,0.022176212,0.40010852,0.00325084,2.2056162,1.419698,0.07707183,1.3728607,0.0,1.6671201,0.2701215,0.30890045,0.21628039,0.95307547,0.2527375,0.33961713,0.12613182,0.19613884,0.0,1.9685572,0.4459782,0.3958767,0.0033107812,0.0,0.47407892,0.37125552,0.00487534,0.17716517,0.098402545,0.24848105,0.6238052,0.41593164,1.0553029,3.933019,0.23025526,2.1178625,0.35255677,0.6196037,0.30921102,1.0106598,0.24338272,0.32031536,1.6633337,0.34534657,0.0,0.061353415,3.078683,0.28328684,0.0006543915,0.0050113257,0.0,0.027318083,1.2727712,0.03153733,0.39290518,0.011812198,1.386587,1.1094708,0.5181609,0.2705292,2.9539638,0.052508976,1.0049127,1.6317917,0.12269608,0.04420746,0.021225968,all_pothole_images\pothole_images_new_image_1009.jpg
0.92401975,0.88792837,0.44976997,1.7436198,0.99761134,0.2730178,0.13002583,0.029774588,0.2654352,0.6337908,0.057350546,0.4643945,0.6613202,1.7136878,0.035268594,0.16693477,0.013900246,1.3438677,0.21938841,0.0785122,0.1896339,1.9891578,0.091503,0.059983548,1.2925738,0.12096186,1.1229095,1.2593262,0.028098209,0.01254703,0.3434738,0.42418468,1.7926147,0.48717606,0.7390824,1.3495076,0.24374747,1.3832697,0.036882695,0.015716821,0.011672147,0.47573042,0.17231688,3.91007,0.53592384,0.30668584,0.58991325,0.07298471,0.3947198,1.7497244,0.12443715,0.9768348,0.6181226,0.46042773,0.0708813,2.4542317,2.0643742,0.25856018,0.35747075,0.5584573,0.10302486,0.22207327,0.7541133,0.29704392,0.77037215,2.0295308,0.5174288,0.48537967,1.1414703,0.94886816,0.5950622,0.29122147,0.04311649,0.79943436,0.15299386,0.0,0.046818033,0.2467536,0.024866696,0.03205575,0.48849526,0.047058713,0.40455857,0.4863454,0.6852381,0.060616463,0.10466815,0.11135128,1.6359782,0.34352237,0.33113736,0.72212523,0.026504839,0.12645324,0.01617002,0.054408994,1.0006447,0.6467927,0.025675451,0.28711686,0.12136859,2.3145275,1.610108,0.05139889,0.09771048,1.2933701,0.03284727,0.7497541,0.0210252,0.15916568,0.0004936797,2.065726,0.43976876,0.33862358,0.8035296,0.081179835,1.894014,0.62816995,0.8796497,1.3719016,3.082122,0.19904035,0.35434616,1.8747287,0.018762218,0.4611109,0.7375615,1.0161022,1.6352673,0.012564116,0.67694116,0.07656333,0.34213972,0.07048287,0.14960532,1.6254762,0.23350462,0.26926154,1.115471,0.39054972,1.2636702,0.0,0.21982346,1.0138893,0.6353907,0.9833033,0.43562523,0.419382,0.2948094,0.5290732,0.14299373,0.34039298,0.04702306,0.047635797,1.1777894,0.58780694,0.8092987,0.27833164,1.5270967,0.90850717,0.962322,0.39266297,0.15446417,4.706311,0.024068132,0.023336707,0.52538526,0.40213805,1.1197145,0.4935037,0.12938438,0.43142602,0.012750216,0.6975124,0.4328282,0.16702652,0.09178298,0.0,0.3617837,0.244463,0.0,2.986124,1.6006279,1.4055288,1.3413558,0.28290123,0.6384394,0.6407785,1.2259125,0.29094934,0.02879512,0.36324036,0.19756687,1.6339469,0.102137454,0.7039991,0.3105185,0.25081417,0.022042667,0.16572055,0.21813026,1.2097418,0.74754244,0.76071227,1.529946,2.1117976,0.42214426,0.7611083,0.6813205,0.27430835,0.02373594,0.22384605,0.1451453,0.36669433,1.1386812,1.5685579,0.24907552,0.29764494,0.413384,0.15694954,0.24458511,1.0676907,0.2646566,0.47827342,0.11809077,0.61066306,1.2470739,0.713746,0.48784465,0.71980137,0.16926466,0.31124398,0.4329622,0.2828973,0.1667443,0.0523132,1.1037573,0.117852814,0.010671732,0.38782644,0.025958667,0.043982826,0.29970098,0.09233028,0.19100824,0.11591969,1.3978947,0.106180936,1.4908988,3.0905025,1.795775,0.10623337,1.2409049,0.44320783,0.34571666,1.3059586,1.2456336,0.75684994,0.4283446,1.527913,0.12436452,0.12621464,0.035428148,2.0040028,1.4966025,0.5508936,0.2102958,1.6068853,1.4698272,0.2047111,0.16592334,0.023963591,0.0,1.0427685,0.96596324,1.0278285,0.8850057,0.9909943,0.10322303,0.34698185,0.6089091,0.095937364,0.074597806,0.29695553,0.28798574,0.19309527,1.3318232,0.024295593,2.1739373,0.71776986,0.30378035,0.08682774,0.20097837,1.2252939,0.15379302,0.07487672,0.45446822,1.6399891,0.52252656,0.5315364,0.48296294,0.738407,0.0010500855,0.87255746,5.964999,0.30352494,0.0,0.51360935,0.014243333,0.81902695,0.40056026,0.80127853,2.3127534,1.8032812,0.6821027,1.5875642,0.050614882,0.84775835,2.5790963,0.076341674,0.64765126,0.31348062,0.25936243,0.03516132,1.8960063,0.23131523,0.8382409,0.007339823,0.43572417,0.19552583,2.1453342,0.34918302,0.41163272,0.030807197,0.0,0.11774166,0.87630904,0.11577903,0.38511664,0.6246998,0.27952796,0.4146986,1.373642,0.20932642,0.128919,0.41894996,0.09751495,0.12504071,0.06505281,0.60593754,1.6820766,0.47919425,0.58981514,0.12596859,0.39754015,0.19574922,0.04582455,1.1582611,0.4357221,0.72245353,0.485305,0.3320759,0.95448166,0.28639537,0.0,0.003199216,2.027934,0.07829136,0.12044193,0.41732955,2.1843464,0.40313494,0.46732232,0.53538203,0.43451533,0.3156089,0.42921337,0.16251479,0.50347096,0.8745903,0.26396316,0.025832456,0.009785972,0.23564155,2.7819164,1.248596,1.5479906,0.0068502426,0.36376664,0.08809929,0.8208425,0.41816625,0.42551067,0.064019695,0.18251126,0.09822205,1.1092727,0.7965594,0.26806253,0.02175103,4.265681,0.82086337,0.035009086,0.47460365,0.24746017,0.003978263,0.44501165,0.55607533,0.005409916,0.27772948,0.30323288,1.2763946,0.84263813,0.69980025,0.0,0.44374192,1.3133237,0.57722545,0.8377054,0.06684771,1.506834,0.9210763,1.0253748,2.850951,2.3265617,0.0934576,0.7309454,1.5225556,0.533464,1.588371,0.22723109,0.73360646,0.23843901,0.420936,0.41312352,2.3394098,1.0290028,0.5941696,0.26569557,0.42954502,0.13347681,1.6270188,0.2003441,0.87940633,0.92121494,0.24703884,0.81408983,0.33126232,0.006783266,0.94893163,1.098393,0.28554726,0.5777491,0.6000479,0.7611225,0.87929624,0.32183114,0.412394,0.6466032,0.44609293,1.5817999,0.045005787,1.190783,0.02774839,0.11183472,0.37590775,0.14595295,0.027139442,0.44019946,0.33562976,1.2164961,1.8378155,0.008589842,0.0876204,1.0427345,0.2913672,0.20470679,1.8924192,0.9932088,0.006459677,0.29974014,2.9828675,0.5320009,0.9030869,0.20547146,0.014810002,0.9323718,0.14512043,1.0714351,0.00032209183,1.2216543,0.4508227,0.04002584,1.1091267,0.008243964,0.21654901,0.021215554,0.002704453,0.4044447,0.10502445,0.12833206,3.5164022,0.69660974,0.6853318,1.4756832,1.4836209,0.050275795,0.16197719,0.33214888,0.009805423,0.18241751,0.9459776,all_pothole_images\pothole_images_new_image_101.jpg
0.4592892,0.3292787,0.20752716,2.0032604,0.2637285,0.11680604,0.30584487,0.08328928,0.41472536,0.065936245,0.3026424,0.06921499,0.19169834,2.295911,0.33161333,0.7729922,0.23897244,0.92035437,0.85736215,0.120300055,0.5113041,1.2183526,0.12675552,0.0,1.0904373,0.44482523,0.038429514,0.43504664,0.37993893,0.11885002,1.0691091,0.6471299,0.20395723,0.094306886,0.27495244,0.82149893,0.020483367,0.81021297,0.076556295,0.07610847,0.059575118,0.0,0.35343504,2.8477347,0.48766613,0.11204118,0.08957783,0.0102821365,0.22722486,0.673535,0.053634822,0.1711609,0.10520831,0.80074614,0.46548983,0.73121136,1.6725067,0.06523227,0.6793885,0.05498372,0.22291942,0.8693253,0.52374613,0.12045712,0.1335508,1.6942064,0.2905204,0.059619833,2.2070675,0.041621596,0.02931247,0.71705425,0.12354245,0.0,0.40913123,0.09022275,0.13329038,0.4714961,0.053964254,0.059234317,0.17444213,0.110322036,0.2461437,0.18452278,0.2712276,0.02900727,0.44316337,0.07273062,2.0294518,0.07672748,0.1417898,0.16912946,0.021124214,0.2971287,0.62984157,0.018645082,0.7860809,1.4265367,0.2979294,0.11975708,0.01231205,1.790024,0.033228293,0.11884477,0.30227655,1.0884696,0.10913365,0.1327504,0.044362865,0.11868192,0.0,1.3555697,0.52918875,0.12733895,0.63391495,0.0013171926,1.4898794,0.21645008,3.5887861,1.6931211,1.5105064,0.25889924,0.30271393,0.9523111,0.075386584,1.4262782,0.11393246,0.5881441,1.1116122,0.0518765,0.22362019,0.0,0.5313052,0.075223684,0.029606044,0.51466846,0.18193422,1.0149691,0.25435773,0.10099294,0.018741226,0.17045665,0.121331975,0.41850135,0.18803738,0.38215345,0.07223504,0.9611324,0.8489157,0.8387663,0.3521459,1.3708373,0.019598536,0.13324745,1.1496298,0.6206548,0.418474,0.26703343,0.7973043,0.09057408,0.44238988,1.5037923,0.027426492,2.3720438,0.0012902885,0.41094083,0.1608179,0.042269904,1.0130012,1.2364049,0.003146029,0.12979011,0.00064457284,0.14494507,0.74426323,0.1420791,0.086346135,0.05326131,0.70029575,0.09563501,0.010054928,3.147668,3.0343602,0.6376516,0.8232966,0.49045423,0.20773089,0.77531135,0.8351876,0.23813775,0.020677434,1.1287256,0.068881325,1.4649252,0.04987135,0.83989805,0.58226895,0.46934664,0.47745195,0.27456045,0.57292265,0.8427328,0.80029947,1.7907503,1.6331612,0.34060684,0.013415128,0.32554585,0.581927,0.005292746,0.019809218,0.012206607,0.256669,0.80244684,0.6297653,1.3081563,0.20994072,0.40160432,0.55612504,0.2438618,0.12855735,0.80233335,0.29027003,0.24048851,0.11005968,0.7057956,1.0260683,0.03699537,0.16475418,0.2632524,0.0042148037,0.0,0.4746895,0.16872554,0.04391569,0.2301142,1.8760946,0.16093196,0.30668396,0.60585374,0.21306454,0.41535607,0.126822,0.2789507,0.0970824,0.18909436,1.0376666,0.2880575,0.250548,3.6344564,3.1777008,0.026572358,1.3223852,0.11998514,0.07108609,1.3316579,0.8676247,0.43267027,0.9170934,1.1373055,0.20249432,0.09584508,1.0035852,1.2900279,0.7421227,0.57309055,0.060305476,0.24463007,0.7712253,0.6102823,0.08892546,0.19095448,0.055227615,0.9352425,0.9628218,0.66707355,0.44745559,0.05694301,0.6919741,0.6020772,0.4679525,0.2226682,0.14833115,0.34571752,0.5662391,0.5959775,0.17019704,0.686766,0.9194473,0.25081804,0.059027504,0.25477728,0.11207613,0.33241996,0.06149607,0.2337204,0.037317105,2.5110207,0.36900002,0.28537133,0.8775804,0.9190031,0.23070605,0.42133552,6.654719,0.6675429,0.0018128625,0.6402903,0.015072025,0.58892566,0.29843837,0.5989232,1.8471125,0.20298965,0.40896696,0.48818183,0.0,0.6644246,2.3474388,0.2421155,0.7395519,0.11307765,0.11676385,0.0,0.3826086,0.07667125,0.5665477,0.19819146,0.05840168,0.027566468,1.9919599,0.49106216,0.0,0.0,0.5024561,0.20984428,1.2325552,0.26846212,0.3105593,0.2011721,0.1227893,1.0622591,1.7599831,0.31896716,0.86780506,0.3267702,0.38921115,0.047464665,0.39840576,0.6487579,0.5151165,0.6588953,0.5247053,0.023262402,0.38056085,0.25167257,0.3221985,0.7681859,0.43452033,0.5097191,0.0,0.051252797,0.13638902,0.049337164,0.012924075,0.15816474,1.625018,0.20424865,0.57439494,0.15139085,1.1916318,0.08475628,0.08461263,0.015888285,0.63011885,0.33921167,0.001768624,0.059243947,0.22191665,0.30696827,0.08316513,0.26570204,0.0075940667,0.51319206,2.9130619,0.7673149,0.78428054,0.0,0.3597902,0.19432469,0.33563286,0.7130742,0.04366617,0.34581506,0.02695444,0.044740118,0.79430795,0.5338289,0.2742043,0.07425489,2.9305756,0.68912023,0.45892733,0.40300694,0.1532293,0.31564337,0.10670457,0.6409098,0.23884527,0.14610122,1.2183906,0.04138999,0.04552004,0.602824,0.004565719,0.0,0.062725,0.21380918,0.035131663,0.22680494,1.1781709,0.003960457,0.3736978,2.590969,1.1879913,0.3410699,0.9345595,1.3583131,0.20361082,0.6495309,0.17678183,0.608044,0.09101636,0.061130654,0.06647071,3.691667,1.0350047,0.21455434,0.03845885,0.36905748,0.10846229,1.2034982,0.36573437,0.28987363,0.37838724,0.079335816,0.0787234,0.13110164,0.02338921,0.38038844,0.99103653,0.49944472,0.2624268,1.5520246,1.0890855,0.4595842,0.77310777,0.6700547,0.65667874,1.405891,0.5709435,0.22304162,0.9343992,0.05785655,0.48743242,0.48341858,0.3491023,0.077433065,0.1130002,0.41831073,0.3884256,1.2721003,0.21441595,0.31459326,0.15107867,0.0017015862,1.0116014,2.0308385,0.09997595,0.017237447,0.0988731,3.0160904,0.7141015,0.11856793,0.16033243,0.061477456,0.45150405,0.1168274,2.1369226,0.22818542,0.47858927,0.35795745,0.0,0.2027297,0.0,0.010364683,0.0,0.0,0.29966477,0.15702103,0.27093032,4.0514374,0.82203704,0.0,0.21558426,0.80878055,0.22012909,0.02914015,0.5654115,0.2942481,0.22458617,1.17319,all_pothole_images\pothole_images_new_image_1010.jpg
0.7539414,3.55347,1.0707766,1.6423479,0.254199,0.9941313,0.06102659,0.013836223,1.3904884,0.44609877,0.8070247,1.3782351,0.26908034,0.67815304,1.0880123,0.75316143,0.8898336,0.005960247,0.44069532,0.06287859,1.9631664,0.15133779,0.47300836,1.6690125,1.3646288,0.3664332,1.3265885,1.2117248,0.72155225,0.056336723,2.128422,0.5332677,0.6932906,2.37274,0.0028807134,0.39810935,0.8230826,1.3588885,1.2568972,1.2891734,1.1087114,1.5428146,0.66939723,1.0427623,0.6266867,0.7699196,1.2346476,0.6577339,0.49634442,1.0458962,0.5086756,0.68286705,0.59976363,0.15637544,0.14673962,0.16813616,0.10630326,1.3135258,0.646214,0.06977376,2.069025,0.70625037,0.4664372,1.7980415,0.1456579,0.8211648,1.0251637,0.41704068,0.6335886,0.028598517,1.2594948,0.5314549,0.79928946,0.70461637,0.022041665,2.120853,0.6584437,1.8438566,0.0,0.3021544,1.5796745,0.69948125,0.20526527,0.73035586,1.0273633,0.44507718,0.2895418,1.0065678,4.0212846,0.55903673,0.023922097,0.12948509,0.49429578,0.16819578,0.6826153,1.7384136,2.4534912,1.1142428,0.5862142,0.30082187,0.1375631,1.1127619,0.3798289,1.8490759,0.7947726,0.42138574,0.6288751,0.5090557,1.2521535,0.5804351,0.13760251,3.1294029,0.9636704,0.59764045,1.17753,1.5165147,0.96943676,1.9176053,0.58859235,0.47309455,1.4534456,0.47141564,0.34290326,2.2140133,0.934354,0.91586035,0.51292294,0.9784916,1.303183,0.6671577,0.8514431,0.23429033,0.0,0.17164399,1.0564256,0.4780807,1.0612167,0.16593514,0.44167548,0.4627232,0.38541022,0.8820342,1.1463711,0.4537467,0.6668575,1.8428553,0.8426193,1.6743693,0.30771607,0.5456404,0.8501652,0.53431344,0.34229916,0.31056094,0.6844927,0.82470703,0.049169436,0.15950206,2.0571437,1.6421514,1.0631325,5.8106933,0.6229216,0.63487595,0.016372168,1.7349317,1.4046246,1.4001848,0.6255093,2.5025034,0.0024210103,0.5642848,3.0601094,0.46939164,0.06969417,1.0558883,0.6397252,0.23717183,0.0,0.5924559,0.21303967,1.7199788,0.8356985,2.4275446,0.4950042,1.592319,0.34095344,0.9707767,1.3464237,1.093622,0.35094246,0.324798,0.9970124,0.93548864,3.5118277,0.18659636,1.3893659,1.610539,0.52401143,0.5164741,0.8783068,0.8523726,0.10193237,0.19295502,1.9974058,0.45937976,1.5904843,0.0022600968,0.64964837,0.18915841,1.1165746,0.0,0.9774824,0.11095444,0.91735435,1.4569857,0.71221703,0.5874816,0.7491797,0.24721657,3.8486073,0.68253565,0.48448235,1.4537567,0.78092027,1.0824472,0.46102422,2.6626182,1.0829382,1.6243719,1.1446668,0.29954082,0.35230497,0.72254926,0.35571492,0.34181434,2.9300072,0.7613585,2.096091,0.72507906,0.9668806,0.23114936,0.33208075,0.052382097,0.20371719,0.093651205,0.47952202,0.50115645,0.7100383,3.218159,0.107631564,1.3909006,0.0011536523,0.21268128,0.20086136,0.0,1.4848197,0.6093664,0.436869,3.62784,0.43223372,0.7928102,0.7547179,0.012114218,0.37562934,0.43810475,1.1912149,1.2061241,6.245527,0.27910867,2.0036252,0.06532862,0.7270424,0.17042689,1.278528,2.1407473,0.03621275,1.1038443,0.58537215,0.64146864,0.21648492,0.10042494,1.529332,0.034558136,0.87258816,0.6875056,1.6525915,0.5701635,0.6579093,0.09553185,0.42230636,0.48692888,0.29788327,0.47659543,1.2626612,0.10864641,0.59931165,0.37144196,1.2191585,2.2844238,1.3903376,1.2132149,0.40798295,0.53114253,2.50563,0.48603922,0.17476133,0.10560779,0.234113,1.205378,0.3289833,0.6737316,2.773515,2.4111514,0.104614295,1.3452877,0.61821085,2.0939658,1.472111,1.0854629,0.8868508,0.0321909,1.9129333,0.4747756,0.6035006,1.1570271,1.4096893,0.32555827,1.2578682,0.4137247,3.8666549,1.749134,0.0038085636,0.5790382,0.10509257,0.5444066,2.481944,0.17487639,0.7363091,1.8451164,0.19977069,0.7498802,2.069468,1.2320378,2.2204711,0.4383548,0.50862366,2.065378,1.1274269,0.36921707,1.3004897,0.8608098,0.06664312,0.724189,0.63256687,0.35753638,0.5606009,0.7934218,1.1574129,0.29507968,0.7108602,0.27182087,1.608267,1.6664934,0.0,0.40609926,0.6121863,0.99398524,0.09876089,0.11550329,0.7632085,0.37994328,0.73790115,1.0856094,0.9810761,0.4841594,1.6219891,1.2550659,0.59473884,0.37450767,2.2677937,0.54252887,1.8090576,1.9024153,1.0292077,0.8861688,1.2401496,0.0059398278,0.0042908937,2.8680453,1.9641482,1.5915294,0.36446875,0.01139703,0.20872225,0.58390486,0.6857759,1.1047342,0.20471957,0.3076957,1.0733596,1.0749325,0.25336176,0.102623604,1.1108283,0.5877824,2.510983,0.22685565,2.013769,0.45666304,1.3898578,0.8623646,0.018065833,0.72805536,0.013771429,0.6212672,0.2391574,0.22045341,0.43773612,1.7782105,2.860682,0.4320534,2.0410511,1.2244654,1.2246279,0.060284887,1.3669026,0.51962006,0.66081315,1.2497077,0.73792857,0.6116868,0.9354075,0.03482469,0.08335423,1.1698809,1.3818537,0.54512227,0.761612,0.51599824,1.4876984,0.3543827,1.0734541,0.15854469,0.0,0.088549376,1.6590154,2.5983655,1.0155725,1.9452394,2.546592,1.0691906,0.65505207,0.50249505,0.39856204,1.3246076,1.0261548,0.82289386,0.70231533,0.2932252,1.209286,0.05594205,0.63082415,0.8265687,0.33463502,2.066291,0.009961206,0.052090406,1.2752932,0.053398103,0.20990855,0.13383801,0.23058672,0.17883371,0.082554735,0.23378041,0.67394114,0.48843345,0.8941476,1.6946081,0.96401805,1.5684537,1.0869777,0.14616033,0.819847,0.012828332,1.1016426,0.2028445,0.31341618,0.18002541,1.1613815,5.3790855,0.23990107,0.08757798,0.0,0.013772024,1.3781917,0.26448092,0.046734683,0.9679545,2.081262,0.89656407,0.46811426,1.7974545,0.56795067,2.8432038,3.709355,0.32951024,0.5857146,0.9562656,0.6453168,0.033968624,all_pothole_images\pothole_images_new_image_1011.jpg
0.018798042,1.0420985,0.12533191,0.78867346,0.04001349,0.955373,0.4989592,0.16234261,0.97589874,1.6570132,2.0825853,0.83769846,0.5147003,1.7306936,1.106805,0.6896358,0.33982047,0.27480304,1.6502466,0.74691445,0.35565084,0.18188594,0.9375898,2.3874145,0.54205996,0.3401573,0.10284535,1.3769587,0.58344954,1.691149,0.33499098,0.0,0.25820175,0.562223,0.87195057,0.23837377,0.5066625,0.04877978,0.30190817,0.013195508,0.98747534,0.36171368,0.45492926,0.1863181,2.1011407,0.02522269,0.5968835,0.22468267,0.99793726,0.015085282,1.8100495,1.0100081,0.29080528,1.4790766,0.29327396,1.310342,1.2898688,0.57788134,1.1385514,1.1324455,0.091033645,2.414435,4.2992644,2.428346,1.0144569,0.57278454,2.1292725,0.6769096,1.0004748,0.32471508,1.1642228,1.1172876,0.97991145,0.26256412,0.98385644,0.77721643,0.4929249,0.12586612,0.33004636,0.61886775,0.24128444,0.8350383,0.9898637,4.920292,2.6625106,0.40267122,1.5118606,0.32354724,2.8058207,1.631684,0.28200197,0.7974269,0.41555583,2.1715562,0.024908045,0.59237134,0.14289413,0.3295363,1.756942,0.5301936,0.36130872,0.91256344,0.35774946,1.0448003,1.0128957,0.25407818,1.6812007,0.2642163,0.93982726,0.08055715,1.5745478,1.8644904,0.4069692,0.40419656,0.91793954,0.66254437,0.5091279,0.59663564,0.25495833,0.42064008,1.4356418,1.0720724,1.0873823,0.7211883,2.781831,1.5980792,0.1670554,0.18179858,1.1187726,0.6851973,0.51229477,1.331573,2.2412336,1.1324553,0.5655024,0.26731375,0.26144812,0.31408194,1.5113746,0.8134935,0.34202245,1.4004859,0.34363288,0.5596337,0.25018927,0.41088158,1.5658244,0.10913564,1.3828946,0.068101354,0.66784006,0.37287855,2.4843984,0.29207802,0.28988183,0.14090088,0.2802678,0.48266765,0.19322707,0.3751624,0.9135584,0.13349952,0.5384844,2.1243758,2.1267695,1.6179532,2.406631,1.1958165,0.56322557,1.5085119,0.6449611,0.2611993,1.2719021,0.92035455,1.3444318,0.54292864,0.76071435,0.8379914,0.30674997,1.7713116,0.6179412,1.1138046,0.8927507,0.7005964,1.8945742,0.75914496,1.2277402,0.10833497,0.4508477,1.6167948,0.9097176,2.0731344,0.025267428,1.5352188,0.9885429,0.464788,0.96406746,0.97316194,1.24947,0.6236274,0.80707276,1.1557662,0.8882966,0.5510437,0.28574276,0.16135356,0.20485525,0.61815643,1.8075274,0.812643,0.8790006,0.99452513,1.4701875,0.28532982,0.14772558,0.28035167,0.45382372,0.81392074,1.6233056,0.41343743,0.59799427,0.113654345,0.6214047,0.19773057,0.30386263,0.7972339,2.026915,0.3213422,1.9121935,0.23702417,1.0258317,0.38667646,1.7539304,0.8335337,0.25303018,1.0007012,0.3941089,0.21972181,0.7998261,1.1071372,0.36758086,0.27706152,0.028565077,0.26460016,1.1506231,0.0,0.29621238,0.4830323,1.0104128,3.3355114,1.1826221,0.090735,0.2124863,0.007926344,0.1328109,0.285124,0.16750981,0.25278974,0.37359574,1.5250989,0.9764154,0.0856362,0.18895201,1.507282,0.16303462,0.71656734,0.70944524,0.6934231,0.79271305,0.6442125,0.41340426,0.27541763,0.7973432,0.075673476,0.06009308,1.0201539,0.7367237,0.46272588,0.28335017,0.09911852,0.41520962,3.761783,0.27735493,2.2567549,1.2099286,0.9625815,0.5360275,0.15680882,0.32127565,0.43333325,0.6733526,0.19124839,1.4533392,1.5449393,0.65040475,0.8451583,1.5937282,0.29028654,0.69132006,0.5386135,0.002062588,0.82708347,0.33924985,0.70626146,2.5283694,1.5692714,0.3632869,0.39311242,0.6086702,2.1555037,0.34112206,0.82536787,5.7706504,1.5307779,0.7070475,0.71462095,1.131686,0.5655682,1.4001399,0.2392574,2.1036413,1.0374179,0.43211293,0.3277226,0.33352855,0.55863416,0.20031703,1.4175689,0.7912694,0.44323292,3.869564,0.2324592,0.12742056,0.4795948,0.24613927,0.2042913,0.13608043,0.054213412,2.1554189,0.24491815,2.1075764,1.2002568,0.41882578,0.1761549,0.45016074,0.028500654,2.1792188,0.54974973,0.21537851,0.63863343,0.24262857,0.23844554,0.98659277,0.18181953,1.0086049,0.22719558,1.2364906,1.1770579,0.3772174,0.0013883732,0.123271294,0.43504798,0.83777016,0.33577353,0.040822793,0.32290518,1.2457407,1.1290064,1.5498273,0.5859918,0.2717586,0.26975134,0.2766872,1.615234,0.5855028,2.9548426,0.47691688,0.23538545,0.0457719,2.3433075,0.10770742,1.0096952,0.7133223,1.3706735,1.9436581,0.4299444,2.9856374,3.7702973,1.579801,1.323789,0.3700688,0.47420368,0.07436742,1.4915785,1.1560943,1.8408113,0.029529352,1.2725623,0.9268515,0.3891581,0.31341684,0.25661516,1.2261612,0.16758156,1.0015589,0.28295487,0.7427898,1.1108856,0.0,1.9486791,0.54679424,0.096156806,0.66723716,0.8993567,0.8064363,0.7077034,1.6188364,0.17348607,0.6136034,0.0055680266,0.18844706,0.06299453,2.0970268,1.5294522,0.82700413,0.21152166,0.650174,1.4473798,1.4680824,0.39200413,1.6778661,2.277317,0.058583345,0.96163905,0.13050205,1.5333588,1.113746,1.2395841,1.1279228,2.4796321,0.5693989,0.45341638,0.16238095,0.15003797,0.64517987,2.4666848,2.9090815,0.58554107,0.19560099,0.8248747,1.0766277,0.22626366,1.3315574,0.3154518,0.18157087,2.1331897,2.6743188,0.7861143,0.0909222,0.3183876,0.18420443,0.33150384,1.1963334,0.506163,2.1910422,1.327335,1.0294031,0.12132255,0.35180008,0.74750465,1.034962,0.39046854,0.8071033,0.069869794,0.32259104,0.34611768,2.2286859,0.07290793,0.45356324,0.30202648,0.31797403,1.4210879,1.3069845,0.8438457,0.36791182,1.0732291,0.78416085,0.036479603,0.13332446,0.47623023,0.7910272,2.8056662,0.27203706,0.11706738,0.09270739,0.64725864,0.8699641,0.39221698,0.16633491,0.2979876,0.48202908,2.510234,0.7049339,0.21073827,1.1508845,0.43043953,0.022696912,0.9576262,0.8517378,0.52140814,1.3017468,0.12651442,all_pothole_images\pothole_images_new_image_1012.jpg
0.1296768,1.1796322,0.10297748,2.3441691,0.015358263,0.058623165,0.6385039,0.11856077,1.1565179,1.3223693,0.38483065,0.49645397,1.2565747,0.5816527,0.02347428,0.89454883,0.12911887,0.43605605,0.1075079,0.4101467,0.21671641,0.5273502,0.17258283,1.3967378,1.5417858,0.6806478,0.6104352,1.9871519,0.5345373,0.54383045,0.13014956,0.8053134,0.6132035,0.76057464,0.57673824,1.1313107,0.29729146,0.8551723,0.027796209,0.18319544,0.3983472,1.0843205,0.9054227,1.1077561,1.6856645,0.3160902,0.44838917,0.23965937,2.5441432,0.7455543,0.11008241,0.6937469,1.3843701,0.19853535,1.0745723,1.6986091,1.399901,0.45348004,0.14906755,1.8320678,0.67772293,0.08135001,1.1915039,2.1965137,2.1246223,0.57073855,0.5228767,0.31950217,0.20777845,0.9032336,1.6870054,1.2052655,0.24140479,0.43291938,1.2921185,0.6680586,0.06780014,0.43355614,0.05583732,0.2158658,0.6280846,1.5038933,0.6234258,1.8197769,0.05756336,0.75771284,0.6591334,0.07316155,1.41479,0.923902,0.0051740664,1.0288934,1.3239086,0.5730985,0.37970784,0.12243002,0.82065696,1.2749163,0.84757334,0.18092175,0.3516748,0.62687486,0.8443779,0.57495356,2.4013307,0.054657843,1.1635351,0.45650405,0.9634734,0.35681844,0.68592143,0.730572,1.122825,0.30376574,1.0359633,0.100128986,0.86851245,0.21278486,0.78435373,0.6464886,1.8191894,0.10683404,0.11602586,2.8654408,0.5126721,0.7646307,0.3768396,0.28432143,1.5853856,0.20826812,1.0228362,0.8258621,0.3437315,0.3336676,3.4862344,0.1878281,0.54007655,1.3859228,0.5044943,0.10779229,0.32734194,0.89836043,2.0841854,1.5915143,1.2716967,1.6411791,0.7921172,0.03821723,0.59023815,0.7632186,0.32618782,0.1708427,0.21604459,0.32974833,0.78197354,0.096628204,0.88925296,0.12416341,0.05542248,2.2424939,1.0715611,1.6456722,0.20858997,2.0194187,0.37031084,0.20755263,2.0589538,1.385281,0.44881952,1.7143873,0.07902613,0.14137292,0.6284341,0.4862937,0.22375114,0.93127567,1.9908208,0.869199,1.2317872,1.0075619,0.4463599,1.6433471,2.1355777,0.7158367,2.528156,2.316575,0.5205018,0.81305224,0.7302748,1.4607484,0.0075338315,1.086416,1.1074275,1.825987,0.40653446,1.8023114,0.23079295,0.5693016,0.084439844,0.028012404,0.9572732,1.0515602,0.08933078,0.028350895,1.1902533,0.8044913,0.5667741,1.0149136,1.7362053,0.9674824,0.16969606,0.44536847,0.43462256,0.10300346,2.2377586,1.7601763,0.66177875,1.7411652,2.1467366,0.009508381,2.3868153,0.01594318,1.0705444,0.0067134365,0.0,1.0075419,0.63128775,0.29438958,3.118498,2.40331,1.9968529,0.0073953634,0.21561155,0.825053,0.017281925,0.33548114,1.2382839,1.1451906,0.5921802,0.010717314,0.056181334,0.7546588,1.1382328,1.0093856,0.068720445,0.44793624,0.58961314,0.46604046,1.1548579,4.0217776,0.15200612,0.5088883,0.50516367,0.9648075,0.34190503,0.31604713,2.0172846,0.08996173,0.8850734,1.4590974,1.3298014,0.2020031,1.606482,0.13196239,0.40981904,0.08124823,0.0,0.5003238,3.403593,0.26223916,0.19232193,0.19070275,0.5749594,0.54755175,0.43734157,1.1224022,0.19602764,2.887827,0.17656028,0.48557562,0.80954343,0.012254979,0.92953736,0.24622543,1.5087465,0.65413934,0.80825305,1.6423936,2.0704288,0.5894909,0.33578336,0.8062643,0.48048976,1.0185456,1.3952999,0.12076134,0.10142028,0.19599527,0.6871545,2.7086797,0.34053648,1.6586798,0.016624108,0.23628707,5.9656973,0.8266552,0.09779345,0.0,1.0269251,0.57878023,0.09420096,0.46444383,2.8093827,1.706266,0.5573213,1.7426852,0.1064065,0.62550044,1.8427345,1.0505488,0.0012088169,0.2146972,0.22767183,0.68312263,1.225269,0.35349783,1.172985,0.4467483,0.9221316,0.25108153,4.1827226,0.009021717,0.0,0.064173125,1.3012978,0.5533732,1.8227249,0.95901924,1.3577834,0.07825034,2.157622,1.7986407,1.3064173,0.9003616,0.75492615,0.9256244,0.12553261,1.0320166,1.3282527,0.4305771,1.1114949,1.068661,1.3182832,1.3602556,0.52047247,0.08569174,0.012406588,0.9189213,0.07668881,0.48482576,0.57380867,0.11933823,0.4426812,0.71911246,0.086096965,0.16977395,0.57920057,0.26922306,0.14206685,1.3763704,0.30369872,0.15058261,0.5035648,0.6423809,0.5628599,0.92076725,0.11785257,0.19836327,0.6004926,1.421335,0.013682421,0.51926893,0.84859836,1.5962398,1.2536564,1.2667106,1.9133195,2.1174417,0.06022203,1.1382197,0.4000092,0.010656223,0.3439598,0.06557801,0.3579017,2.4560897,0.4862442,0.4198859,0.9277101,0.49960372,0.05613235,1.562634,0.52184635,0.020115089,0.4593089,1.4501034,1.0434405,0.37342367,1.4721199,0.704699,0.8745649,0.9148784,0.03167974,1.4702098,1.572868,0.7253314,0.617638,0.49807185,0.26265788,1.5773683,0.7904415,0.7660425,1.4392581,1.1081421,1.3522348,0.40455246,1.4433812,0.5940632,0.476619,0.12971076,0.5578619,0.2590189,0.69897056,0.18283936,0.3246488,1.1675756,1.8680806,0.8896126,0.124847166,0.49665955,0.13442677,0.8924358,0.36527416,0.015461398,0.0,0.07777043,0.84493864,0.6691453,0.33007908,1.595927,2.339504,0.95575434,0.33291268,0.81674844,0.7521057,0.012710253,0.5942206,0.59237105,0.7749527,0.30766705,2.498066,0.83563197,0.42765787,0.58303404,0.6826674,0.32336327,0.0025004675,0.10393462,0.8476959,2.3115907,0.18747222,0.48387456,2.0150428,0.0,0.0003499389,0.035805143,0.8769862,0.84757537,0.44602388,0.12626368,0.06932123,1.5286402,0.8901714,1.3615521,0.10001887,0.122530855,0.21951297,0.5818519,0.25887987,0.20763636,0.5138219,0.62148005,0.2412513,0.08130938,0.4494034,0.086866535,0.02297969,1.0818874,1.1475351,1.7139528,1.8644639,1.7877891,0.9777131,0.26720557,1.2541776,2.057523,0.26135257,0.11068564,2.522654,0.14347164,0.61126775,1.8046052,all_pothole_images\pothole_images_new_image_1013.jpg
0.31400278,0.5234364,0.17585786,1.9356831,1.0071326,0.30698103,0.13124593,0.05143557,0.12861095,1.0972335,0.012501884,0.39476776,0.00030585882,2.0517397,0.013267935,0.0034906198,0.072308004,0.3121568,1.733866,0.8545935,0.26241034,2.9794567,0.51788116,0.3960708,0.51758105,0.8625204,0.10098432,1.2353886,0.0,0.8304649,0.5404888,0.36585355,0.18468311,0.16357346,0.7353926,0.2631044,0.65021825,0.81046075,0.54557484,1.049266,0.0463686,0.67609656,0.27136052,1.9062533,0.2124372,0.023357853,0.15283746,0.0015837159,0.22083737,0.33089462,0.44537938,0.18126208,1.2247833,0.38947576,0.0,0.09925921,1.8219317,0.2151917,0.46162274,0.38396198,0.396944,0.3116876,0.24186555,0.39197248,1.0839815,2.3150246,0.5309565,0.7337855,1.3574493,0.25099707,0.23508614,0.12055346,0.3195295,0.22319546,0.21462786,0.8094355,0.11490501,0.042511117,0.0026688226,0.40773472,0.05538242,6.163487e-05,0.3532386,1.1908997,0.47980583,0.5060388,0.08312976,0.41286957,1.9319288,0.020815976,0.80308086,0.74798554,0.008406024,0.7086038,0.09511787,0.09906376,1.3995355,0.35582072,1.2473382,0.110085964,0.04890278,0.96130294,0.5324278,0.0,0.45315313,0.79084986,0.0,0.4922606,0.003156213,0.6076598,0.21507485,2.9769964,0.43428272,0.20015496,0.7414739,0.086526886,1.3508322,0.04512566,1.8106636,0.47879422,3.8021712,0.8470552,0.94497937,0.6943714,0.6951997,0.13362677,0.24530801,0.8012505,0.16207457,0.2616685,0.26692867,0.0,0.13501047,0.43694934,0.10505822,0.104565755,0.14810893,0.27041274,0.500734,0.086377844,0.5793632,1.3133388,0.25542924,1.4209591,0.031971928,0.25847572,0.19096884,0.09062171,0.87514454,0.0633862,0.15579797,0.07748809,0.20523581,0.12889849,2.557733,0.5860882,0.3562273,0.3136964,0.26448646,0.04106509,1.4105618,0.07545727,0.14874804,3.4378493,1.5629588,0.73039633,0.8469636,0.31003383,1.0112956,0.38014632,0.3800772,0.074507095,0.5725943,0.060747378,0.7618213,0.17333949,0.05631217,0.02461896,0.7296459,0.21246363,0.020361645,2.278124,2.2819085,0.18057235,1.8246617,0.20804164,0.3022265,0.11741153,0.25145423,0.9124893,0.8606606,0.18382025,0.032483004,1.7582624,0.3635337,0.0,0.08457846,1.252317,0.43809333,0.5199311,0.37448275,1.1073111,2.0729544,0.48978642,0.117030226,0.26140842,0.23919566,0.73708594,1.0224664,0.9412847,0.09899455,0.03830386,1.1562892,1.6636708,0.051010404,0.52936995,0.024662122,0.4403066,0.9563866,0.7061012,0.12603544,1.2848473,0.2586028,0.33358395,0.28813538,0.2969495,2.9345868,0.01463626,0.49947166,0.017727967,0.57327133,1.4467841,0.39602396,0.06783804,0.20705375,0.012869108,0.20873865,0.05401589,0.47864738,0.5032289,0.0,0.036030967,0.35026821,0.17235872,0.74752563,0.0073176767,0.13250741,0.120317586,0.3171763,4.2783675,2.3888686,0.309455,0.3526464,0.010045965,0.1680274,0.32322335,1.5137486,0.36793774,0.14281212,1.3379613,0.1118899,0.10162386,0.5790067,2.3377573,0.49953386,2.469671,0.22462656,0.3360256,0.3245644,0.12683792,0.26678485,0.3680489,0.064531416,0.30915356,0.11625511,0.45256823,0.31876126,0.018662449,0.015947936,0.74379885,0.15681021,0.19874845,0.25404727,0.0,0.37207162,0.0226439,1.042115,0.77109325,0.8454962,0.2414338,0.13386466,0.4220616,1.3576142,0.27111754,0.09083101,0.6103109,0.7223002,2.3512464,0.071938336,0.03650206,0.00015488199,0.12992866,0.0907447,1.0916147,3.095641,0.36464253,0.06294037,1.076376,0.15885538,0.13422687,1.0716925,0.5707571,3.3034372,0.63595855,0.08584812,1.2447139,0.096467815,0.3506058,2.372383,0.49336788,0.2488392,0.09258628,0.12646355,0.034431227,0.6758904,0.24513653,0.05110046,0.10555364,0.49644998,0.06779421,2.4486735,0.70467967,0.604627,0.23832126,0.17264591,0.82479364,1.2252904,0.11473393,0.2605908,0.28942987,0.26219317,1.2722868,0.91908455,0.30076808,0.54578143,0.07101539,0.06568347,0.43612793,0.0020015237,0.74290556,0.5001582,0.06153284,2.4911819,0.061655782,0.009221455,0.6767288,0.31559223,1.8357981,1.1846852,0.3179342,0.036936432,0.13000743,0.32171577,0.0016302821,0.0,0.002897712,2.5773227,0.0,0.012965803,0.07128893,2.7411454,0.6754395,0.15712693,0.0,1.1049832,0.4005647,0.03917871,0.7079385,0.04000704,0.5918082,0.9166372,0.025401922,0.22950023,1.3368566,2.2576468,1.9273876,1.4003023,0.035471745,0.9420197,0.76568896,1.3168844,1.9175686,0.08594304,1.2074622,0.18743746,0.019472757,1.8092748,1.2221402,0.4275736,0.5155184,5.707029,0.30369824,0.089873485,1.2108955,0.4395446,0.075722784,0.05144321,2.3696566,0.0360032,0.13342859,0.29793286,0.53431404,0.45919362,1.1371537,0.01876337,0.29152203,0.46612912,0.0045634,0.7392963,0.013430706,1.785963,0.0057935473,3.012732,0.6988106,1.7896955,0.33861256,0.27483988,1.507786,0.5316351,0.5475014,0.21702012,1.0800784,0.23420325,0.98514086,0.27186552,2.917937,0.7676799,0.76553345,0.7311626,0.44346803,0.4361749,0.28745717,0.053065363,0.5378928,1.720472,0.0136296945,0.9446491,0.282088,0.003042306,0.29955938,0.4036756,0.9593895,0.22685735,0.67765605,0.86826074,2.0196679,1.8247651,0.3601747,0.42978147,0.14208984,0.16259478,0.45060775,0.6864686,0.027413603,0.6162122,0.55016845,0.1751915,0.022252005,0.16332778,0.88322127,0.4949369,0.96541774,0.0,0.2161007,0.54511935,0.21835846,0.67547464,0.6682803,0.0,0.23022686,0.8183002,4.331258,0.8767466,0.5446724,0.005978459,0.37396324,0.90193814,0.0442579,0.44673645,0.0027830913,0.23208924,0.48596433,0.56562686,0.046185322,0.106952146,0.19076183,0.6638048,0.6875362,0.6212931,0.043644156,0.33717045,3.1875741,0.17000264,0.7720989,0.10097848,0.22857206,0.011610736,0.43284392,0.29010057,0.6584787,0.87432593,0.022688897,all_pothole_images\pothole_images_new_image_1014.jpg
0.4598617,1.9794505,0.3813857,1.5032982,0.5388012,0.43465275,0.62132156,0.0007222392,0.15468314,0.04127587,0.3973516,0.28864664,0.2758499,0.75256276,0.020936083,0.42499787,0.21892701,0.14511096,0.5775442,0.24108806,0.78274506,1.9746028,2.1844165,2.8259199,0.24074924,0.49255309,0.28338662,1.0498974,0.12281879,0.62715024,1.633007,0.29614908,0.23967114,0.8254807,1.6026714,0.0,0.08591459,0.6805132,0.084977165,0.45479,0.09811368,0.73591465,0.4873227,0.06831631,0.51999825,0.28067908,0.0,1.303112,0.34155035,0.048958115,0.6719215,0.28680056,3.9221377,0.06361956,0.1426743,0.53912044,0.2984378,0.41348663,0.24911717,0.2120096,0.00911227,1.1464185,0.11015993,0.08150113,1.3433452,0.81569934,0.17768785,0.23017026,2.0062776,0.57442766,0.61997133,0.3464834,1.1926154,0.040601093,0.3976785,1.6646796,0.9875072,0.7032329,0.1410271,0.07461953,0.015003397,0.13489439,0.27752382,0.36770788,0.11811565,0.3073654,0.07815804,0.14685614,3.3096457,0.0,0.15547225,0.42343503,0.07017032,0.2665102,0.2614101,0.13824694,2.0638883,0.4387263,0.0013586229,0.007837536,0.11114391,0.4028448,0.32794496,1.0606472,0.7599719,0.2700092,0.5062253,0.33332157,0.02342937,0.55347174,1.1820003,1.7476904,1.2228969,0.5837888,0.039116044,1.6355652,0.46069795,0.17186236,0.22232045,0.6476914,0.6077823,0.9949342,1.2068366,0.99424595,1.2058278,0.6191603,0.7081675,0.42902,0.08429811,0.55221087,0.46034527,0.06238472,0.07345582,0.056038912,0.5820946,0.19123179,0.2558996,0.32100466,0.699866,0.2597106,0.87484705,2.0410419,0.13881622,1.4705669,0.7174832,0.3689287,0.5084442,1.3995739,0.5748473,0.95991397,0.39242622,0.55009764,0.077435315,0.54249024,0.8092912,0.042277813,0.26301104,0.3930548,0.09487766,0.8425416,0.9063383,2.7577465,0.37136295,0.46686953,0.43497482,1.1930637,0.52629256,0.15023944,0.5654482,0.63635916,0.3294362,0.0,0.09989065,0.08550485,1.0296304,0.45555815,0.9916788,0.3271019,0.018342055,0.12367599,0.15726727,0.8694257,0.27620465,1.1425151,3.383234,0.3007908,0.044806052,0.11892195,0.6772579,0.7154911,1.011909,1.9563444,0.09419394,0.29024166,0.31027424,0.06252121,0.66907203,3.0234492,1.5523498,1.6481959,0.5667029,2.0089076,0.093982056,0.21643664,0.67476904,0.7059991,0.6667373,0.041240145,0.6413802,0.38278863,0.28210917,0.004805792,1.5528641,0.55801374,0.22143456,0.5679673,0.79563075,0.9898542,0.1225599,0.07382908,0.36143786,0.17586377,0.9249898,0.4433608,0.34162372,0.17126563,0.9653795,0.022623032,0.5352876,0.018188454,0.57634825,1.0841455,0.12953196,1.2010391,0.7667212,0.087396786,0.64791346,0.6686286,0.8395746,1.1334631,0.3832979,0.6680279,0.14243683,0.37436754,0.1491028,0.5818616,1.146878,0.67078555,0.8427213,4.86894,0.35053676,0.23457727,0.048009288,2.156385e-05,0.30213508,0.19718808,1.759701,0.9598253,1.331639,1.9737903,0.9942631,0.26771712,0.6210049,0.23315775,0.17818438,1.4061967,0.15804866,0.25976804,1.6052449,0.91119087,1.5568583,0.0979704,0.0052881665,3.798871,0.37760305,1.8835673,0.5294577,0.568987,0.062363856,0.9676805,0.012501892,0.28635925,0.53910786,0.527795,1.3676428,0.7575486,0.030519482,2.8098567,0.6897429,0.19560128,0.17812505,0.34421796,0.70460963,1.0619838,0.8255583,0.36045837,0.74684113,0.5311405,0.014024955,1.9583366,0.2888421,0.8471508,0.25387534,0.64489895,1.7294545,1.017829,0.23086666,0.4422324,1.2736877,0.068413146,0.42232683,0.3795419,3.3285973,1.1863029,0.0061562797,0.42342594,0.36470824,1.1020546,1.8183242,0.49956477,1.055666,0.2423988,0.03576421,0.747127,0.579352,1.006467,0.4390492,1.3539606,0.988838,0.9267409,3.944479,0.23757716,0.15268385,0.06589218,0.917536,0.43451858,1.6912365,0.6261251,1.0478665,0.3136179,0.80404025,1.0265102,0.48240373,1.1671771,0.18083932,0.20399928,0.20557275,0.75565463,0.6419962,0.6737396,0.14167258,0.57334185,0.24858332,0.19805984,0.49397972,0.56474566,0.4156821,0.044995137,0.18974565,0.87496513,0.62318975,0.024127748,0.042715747,0.056763303,0.11115379,0.39905652,0.77590126,0.90306586,0.35806802,1.3068069,0.7942839,1.0940132,0.09052716,0.37300962,0.60058695,1.0348332,0.57628876,0.99602395,0.06202994,0.77506,1.4103699,0.044960346,0.48615164,1.5654689,2.7771425,0.22878897,0.9045253,1.4421076,0.2576532,3.1054819,1.0813332,1.9843835,0.11352206,0.61616015,0.13797186,0.5938752,0.0677329,1.4165472,0.303589,0.048298463,0.99328595,1.8537203,0.049436256,0.17809372,0.25595766,0.35654932,0.0712728,0.016942192,0.63752544,0.08180087,0.07480773,0.12998246,0.8472993,0.7498273,0.0,0.6701772,1.1483426,0.8641831,0.049078725,0.4000149,0.65556043,0.020862667,2.0078259,0.652702,0.75460994,1.201022,0.76843184,1.7309195,1.1411905,1.04793,0.12948512,0.71621954,0.08025207,0.09992377,0.13792501,2.0725513,1.3295863,1.4486476,1.3325292,0.19976051,1.038276,0.6093704,0.33590612,0.23973566,0.035024468,0.0027565195,1.4235034,0.92752236,1.4679877,0.6523648,1.0210633,0.17788096,0.8964977,0.14714871,1.2993741,0.8545915,3.029232,0.43074682,0.25875825,1.1763251,1.1098177,0.26958126,0.23494813,0.37938136,0.6115077,1.3438088,0.18368335,0.2906224,1.634788,1.7440648,0.72969675,0.3670384,0.34287885,0.49054542,0.5726804,0.11946096,0.5886924,0.07442488,1.1219541,0.5660269,0.79977727,1.4559388,1.2350267,0.796061,0.1451777,0.7541701,1.0581301,0.2736326,0.72811216,0.061485138,0.53883976,3.0233045,0.04964064,0.50296617,0.0053474153,0.006529172,0.46418217,0.041007075,0.32771456,0.02887928,0.7747161,2.218521,0.23438145,0.075363465,0.1638488,0.5788591,2.040715,0.45935658,0.53957367,1.3455019,0.015122044,0.017581807,all_pothole_images\pothole_images_new_image_1015.jpg
0.47327006,0.9188963,0.6825496,2.4447672,0.7271211,0.66939497,1.1806837,2.5417328,1.1428746,0.28086996,0.21357192,0.16089836,0.310301,0.62252945,0.28510872,1.73743,0.30703086,0.7154902,2.701121,1.6895795,2.3788269,0.8525282,0.0892844,0.3500204,0.7591319,0.6946023,0.87168807,0.9411535,0.6992763,1.039948,0.106714986,0.4686885,1.0060254,0.6931691,0.12776825,0.37805054,0.5438584,0.0026751647,0.6194877,1.9135203,0.005330623,0.3211849,0.71180266,0.8331884,0.5666834,2.0290806,0.61133885,0.10590608,0.5996284,1.7129817,1.3015211,1.0309443,1.5100328,0.25736934,0.98300976,0.8927346,2.2140138,1.8448486,1.5032367,1.0005178,0.056219023,0.17885286,0.8744554,1.1455312,0.43705094,2.534145,0.12657875,1.7445481,0.8715859,0.50458866,0.8366455,0.41971835,0.717771,0.045389574,0.13449956,0.33336198,0.76763076,3.1125412,0.04251975,0.91154385,0.9221751,0.328148,0.5798749,1.6531959,0.9081531,0.42793414,0.5715042,0.54744416,1.3800935,0.44829294,0.2405685,1.2656112,0.6505498,2.0191553,1.151037,1.0327438,3.1314433,0.63743705,0.74834317,2.1525395,0.78236836,2.4381378,1.520898,0.12613508,2.2480257,0.7361712,0.48451793,2.1823232,0.6453857,0.033608433,0.31881127,2.1443446,0.39192647,0.20597765,0.38619092,1.0741515,1.7975897,0.13408509,0.26307642,0.0,1.5906277,0.69620883,1.3313838,0.92294437,0.63523066,0.5483772,0.030083729,2.0272574,3.5492852,0.3316026,0.08856593,1.6139158,1.646546,0.70217067,0.34625474,1.3821063,0.22227795,1.860425,0.85679394,2.0881271,1.4234835,1.8850343,1.6403414,0.5070918,1.2610631,0.26584202,1.8472667,4.4064193,0.18804365,0.17568296,0.30769143,0.07072859,1.18566,1.2919322,1.1785024,1.3024724,1.701761,0.15021753,1.0169108,0.41373074,0.42751458,0.45588195,0.8855972,0.12921877,1.8965589,0.2595495,1.0793757,0.7177616,0.36332428,0.6416574,0.16128744,0.6199676,0.6935446,0.32926437,0.31145823,0.38405833,1.6562278,2.822037,1.0766373,1.4708564,2.3975422,0.96665454,1.6541189,1.3720155,3.531882,0.4124702,1.7591618,0.35519248,1.1692001,1.5972328,0.23373778,1.949954,0.8715894,2.6487327,1.019401,0.64614695,1.1583008,0.54030484,1.165551,0.6796881,1.5453438,0.24240215,2.0405831,1.1670809,0.043726634,2.2214468,2.3163655,0.19566062,0.46316376,1.3041595,2.5308475,0.6005949,1.4302973,0.8545518,1.2292968,1.1220185,2.1743069,0.45886865,2.139452,1.4865099,0.28234187,0.38651034,1.4923401,0.30766752,0.21725968,0.57170135,2.6563764,3.5794947,0.18885873,1.7143252,1.3257705,0.28029296,1.4448123,0.16871189,0.4573797,1.2031517,2.0564697,0.0004885132,1.6769029,0.5741441,0.75302684,1.1045402,1.0607684,1.7325819,0.71061146,1.08467,0.52570194,1.5221399,0.25089973,0.7882519,2.022042,0.20533162,3.07971,0.18900232,1.6115386,0.86663866,1.1084007,2.0596287,0.034984197,1.1379974,0.17380321,0.38882235,2.61842,1.1204768,0.55296046,2.3478146,0.28316182,1.9218936,2.792569,1.0071869,0.21343659,0.16873261,1.6475255,0.33232954,0.042472936,0.48612678,2.5700912,1.9581581,0.57237715,2.293139,0.25206056,2.5830858,0.22794911,1.1568447,0.7354713,0.7198553,0.51792115,0.54900897,1.3545747,0.4557038,1.5512223,0.44768897,1.7032629,0.7863091,0.38792723,1.0509278,0.52293074,0.07725737,1.5040588,0.559029,0.21502483,1.1302437,0.44639766,0.095589034,0.6668856,0.6289599,0.032021318,1.6000351,0.5610677,0.15051791,1.1776346,0.6242862,0.479064,0.858605,0.30189615,0.23066427,0.015909467,0.45833516,0.39903888,0.21145989,0.20027697,0.12329194,0.27688107,1.508523,1.6158565,0.0006984828,1.780631,0.12837572,1.1309059,0.5967952,3.935646,0.45564726,0.22330245,0.044949774,1.1162344,0.42603076,1.8993324,0.48213437,0.46320477,0.69685113,1.5538106,1.3999515,1.9590869,0.65536267,2.151071,0.091198355,0.032829415,1.2379601,0.9455055,0.58869153,0.41139844,1.350223,2.9528034,0.4131155,1.2023137,1.3983175,2.099214,2.2395327,1.6603643,0.19362824,0.19329484,0.27765742,2.3936915,0.051685993,0.17548797,0.70770144,1.3741417,1.725844,0.9526574,0.39034337,2.6877341,0.020390958,0.772285,0.6620682,1.0804576,0.19431122,2.051464,2.042198,3.029327,0.86511976,0.7574525,0.35195038,0.37977934,0.8303353,3.237119,1.0717775,1.2964584,0.3403328,0.015452021,0.38815895,1.1444076,0.44609776,0.20022923,0.7769438,0.9083313,0.19582081,3.3025513,0.38205552,0.77202326,0.7210224,2.4022782,1.8112911,0.31733093,1.5508331,0.73581386,0.78012186,0.7806236,1.8240352,0.439496,0.21967089,1.0890312,0.29071522,0.5498076,0.594312,0.36697933,1.2847236,2.1799173,1.2499359,2.1475563,0.04567333,0.7612926,0.6689853,0.4181963,1.2293209,0.5289723,0.7966207,2.8241384,1.1483372,0.644171,0.63780755,0.1925553,2.7350364,0.6941846,0.3149882,0.5034002,3.2584207,0.70805216,0.6159998,0.70476514,3.0989118,1.2439753,2.099601,0.5470012,0.28349227,0.4465752,0.1522047,0.33846527,2.0287926,1.4655254,1.4634863,0.342286,1.7805033,0.5083235,0.14031394,0.7307411,1.6022553,0.25285333,0.7066129,1.4193362,3.3946471,1.0531915,1.9450076,0.11065407,0.7805222,0.99489355,0.2831306,0.32699227,0.515469,1.1138251,1.9944698,2.2234418,0.1636279,0.77333385,0.28108552,0.46097845,0.4300923,0.9181671,1.8011795,0.9979126,0.341191,2.0609903,3.051707,0.45160854,0.36742136,0.42652845,0.8211149,2.5203612,0.5621775,4.2311425,0.07998224,0.34138647,2.3215833,0.30190894,0.4776748,2.1880105,0.8168732,0.17529437,0.18858078,1.1903859,2.988914,0.80692196,3.2560954,1.6145337,1.6034399,0.81990284,0.94557136,1.8433726,0.256428,0.36655986,1.1668928,0.6945951,1.4955846,all_pothole_images\pothole_images_new_image_1016.jpg
0.75821304,1.1648327,0.95082325,1.9839776,0.35230267,1.0472801,0.81479424,2.4454944,1.4067715,0.2717955,0.76595837,0.633494,0.08902457,0.08341456,0.28574762,0.40928352,0.006453824,0.14869638,0.2632764,0.0,0.40561846,4.832955,0.38259727,0.91862255,0.4612018,1.11071,0.075353526,2.083581,0.003002055,0.6813329,0.8524315,0.13684762,1.3723787,0.9929004,0.23185095,0.5395178,0.25586858,0.026786605,0.10422724,2.3956537,1.3363777,0.650185,0.3468931,0.1481464,1.0185933,1.218957,0.7937686,0.007124234,1.0093343,0.92628366,0.24299726,0.40601775,0.63864064,0.017163562,0.10029867,2.417154,1.5903057,0.2638518,0.0015460411,0.44539824,0.27139997,0.34774297,0.4920802,1.130428,0.28611588,3.814471,0.41505852,0.014466152,1.3717405,0.7748346,0.06773195,1.4828982,0.69706935,0.05787526,0.9741433,1.2384236,0.75142235,1.5370874,0.23318729,0.45381156,0.09226037,0.69038546,1.6207839,1.2193975,0.39859855,0.5882368,0.32250485,0.2886158,3.2992454,0.7126931,0.6422172,0.36568758,0.007161747,0.20023645,0.35732776,0.23802632,1.4925625,0.03812422,0.8314925,1.0399921,0.6067691,2.7704437,0.56371707,0.015805664,0.6204747,0.5502975,1.3537358,1.9004458,0.66873735,0.9619706,0.2871523,3.450559,1.4317368,0.29175195,0.016785072,0.6401693,2.696286,0.59380543,0.49872106,0.9195557,1.7149915,0.21769431,0.084276624,0.09733087,0.15696941,0.46919823,0.52829283,0.9333977,0.24610502,0.23099387,0.16774616,0.11681778,0.026382653,0.2999547,0.62886983,0.43284214,0.43448034,1.5157051,0.40172377,0.3386292,1.2908161,0.8744187,0.22638705,1.1540898,0.8482387,0.5972968,0.027227374,0.7543141,0.70758945,0.33655363,0.019293569,0.122483,0.53026587,1.5656446,2.4115076,0.5288381,1.0574871,0.1916461,0.8165073,0.61225086,1.6161953,0.5910895,0.20486392,0.047971845,0.6661798,0.8063227,0.2707567,0.6782882,0.17276472,0.53588295,0.045944966,0.0056128087,0.00013985885,0.016096445,1.2417508,0.06890233,1.6894099,0.021984406,0.53595835,0.66993403,0.025560174,2.5217042,1.9627032,0.3474827,3.4635837,1.3053136,1.4599915,1.3899922,0.6032292,1.5588847,0.38207492,0.1930231,0.053598236,3.8024163,0.80744076,0.2622098,0.299465,1.5886486,0.5189102,1.2251697,0.4789601,0.3929592,2.3561685,1.342563,1.6986206,0.2150597,0.31656823,0.59194267,0.14610992,0.8083024,0.14642915,0.1130771,2.0068922,1.4728577,0.4541447,1.0509218,0.19041637,0.24504493,0.87459797,1.1146678,0.3781563,2.6832304,0.29443985,1.2253094,0.10304583,0.55465084,6.4971395,0.47362658,0.16232021,0.8494671,0.9431694,1.0185609,0.14721105,0.6228613,1.5395788,1.0935338,1.409771,0.08860545,0.7376975,0.05365906,0.7676137,0.58453506,0.6569333,0.25184542,0.1621802,0.14542362,1.0820868,1.2826307,0.24508332,2.3972666,3.7889342,0.050352708,1.952584,1.0414093,0.08867787,0.13213119,0.9581238,0.63444644,1.714972,1.4396629,0.06929241,0.0791633,0.59346884,1.1812419,1.0770553,1.0682672,0.12847833,0.8627923,0.59266263,1.8637804,1.0427417,0.085035235,0.26104543,0.2715028,0.9361477,0.5615598,1.9386344,0.7990931,0.07175195,0.9678014,0.20694493,0.7991368,0.048553593,1.1111339,0.118133955,2.0397003,1.3795425,0.7672278,1.1161761,0.2966545,0.5279317,0.82432276,0.042475056,3.1844976,0.46819523,0.7718277,0.069662996,2.4104073,0.85431314,0.6564609,0.0387147,1.0603104,0.59637934,0.90746087,1.3894541,1.6890419,0.16521594,1.5655609,0.0,1.5478303,0.14666995,1.7174021,1.6913426,2.644144,0.2829451,0.55413437,0.10366132,0.47187042,2.3883743,0.08942033,0.0990664,0.102972984,0.041031767,0.35086203,1.2278239,0.06729526,0.10118145,0.24154085,0.78541595,0.37154543,4.1144266,0.8747208,0.4947347,0.0254694,0.0835658,0.28452837,0.25605133,0.7974435,0.28634584,1.25083,0.33929777,0.8463753,3.0872846,0.008487905,1.0253158,0.62832826,0.58302385,0.48724025,0.7564566,0.39460889,0.5106539,0.8790109,0.25433823,1.297316,0.21705228,0.35602295,0.35858244,1.161972,1.5804893,0.7195433,0.059919488,0.0,2.2579415,0.08019958,0.13563399,0.35550836,2.380468,1.6577735,0.08651899,0.11849758,3.9745803,0.5659282,1.3874907,0.021896834,2.167634,0.073850445,0.29392523,0.9377518,1.2678924,0.41567355,0.3748057,0.07850302,0.24405353,1.9877406,5.1435137,0.35961586,0.7205155,0.004446363,0.19608365,1.7190666,0.7084134,2.5359063,0.0,1.0947939,0.68644214,0.0024980232,1.1895062,0.57840395,0.34541982,0.15945864,5.1616564,0.6408121,0.88483405,0.14141847,0.009488,0.2824909,0.37737134,0.08134363,0.045925967,0.23624694,0.0023078425,0.7043579,0.038684845,1.1079112,0.76095337,1.0803354,0.93628037,0.41989237,1.6100978,0.8103669,0.6364961,0.41031584,0.18380967,0.9795767,0.7125204,0.8229582,0.9386595,1.3552309,1.7887295,0.36338818,0.11899968,0.62371445,0.46805725,0.6162507,1.2762778,5.175942,1.995509,0.9358496,1.143798,1.0891749,0.680672,0.9974912,0.48893514,0.038375955,1.1837999,0.60248494,0.39824235,0.9854015,0.15988362,1.2148905,0.5006115,0.15180701,1.2137418,1.0434117,1.6980582,0.9067047,0.72910076,1.186367,0.722962,2.2202015,0.72177416,1.8562516,1.6110542,0.6159112,0.65947706,1.2799882,0.24773091,0.45426473,0.92884785,1.7022023,1.908373,0.7436002,0.26158008,0.21844213,1.5491447,0.115675785,0.067058615,1.424638,1.2311947,0.02582369,0.85786885,4.319804,1.8152634,0.326752,0.035790075,0.4164137,2.6186771,0.3875031,2.4185445,0.13564873,0.8766778,2.0021791,0.42886,0.49571818,0.8260282,0.36484993,0.30589744,0.43360394,0.7750084,1.1755142,0.2839199,2.7955496,2.5310206,0.9787685,0.6276305,1.8622807,0.94470453,0.59364074,0.29238877,1.6012033,0.8365245,1.2280108,all_pothole_images\pothole_images_new_image_1017.jpg
0.00949222,0.3517188,1.0819626,0.9584064,0.3991357,0.89825296,1.4300151,0.5226315,1.5493606,0.6569206,0.10541177,1.2285216,0.9005593,0.80357873,0.39314413,1.3302774,0.13064298,0.3395382,0.5636571,1.3673112,0.38312384,0.9954654,0.54214835,1.5582395,0.39560252,0.7179237,0.21144228,0.44957474,1.0469888,0.7303154,1.197935,0.6131295,0.87132275,0.16551316,0.3150672,0.9554309,2.2184114,0.145313,0.4151947,0.18841486,1.9368633,0.31339076,0.47749692,1.9691968,1.0604274,0.36895245,0.6839419,0.6649461,0.63818216,0.022494812,0.85878986,0.6648922,0.05180812,1.8045868,0.3491144,0.47207978,2.0087397,0.0024660458,0.35288027,1.9043386,0.55002487,2.7039373,1.1893188,0.053384658,0.25121936,0.6520756,1.2155123,0.049700122,0.0018436322,0.027978182,0.12246396,0.5826589,0.20359512,0.14871168,0.31091282,1.0089242,1.9577029,0.63096505,0.45952404,1.6768464,0.63758695,0.76712203,0.7842748,0.68091357,0.24234359,1.4181821,0.41306904,0.0768479,2.6515546,0.84084785,0.77491707,0.9320349,0.11449039,0.06122552,4.490355,0.88444346,0.11378504,1.0067865,0.4566509,0.6637838,0.8948724,0.65809005,0.041854706,0.36500192,0.78432214,0.08013731,0.24325117,1.2989386,0.5505094,1.6712883,1.7378664,4.6258535,1.150727,0.5440557,0.26367283,0.21341304,1.2502863,0.22102486,2.6868443,0.15245014,1.376525,1.2545986,0.5581544,0.12490285,0.41610223,0.15880924,0.5474313,0.022245765,0.7217809,0.0012334377,0.36960196,0.7415113,0.37130588,1.8092661,0.10163857,0.58128047,0.24183756,0.10356568,0.2404084,0.699822,0.37231356,0.15445586,0.07144972,0.7778763,0.18487065,0.40185833,0.042937983,0.21837693,0.39475277,0.44008955,1.0465654,0.16935125,0.28775144,0.15823078,0.2122186,0.9351408,0.5752323,1.4021331,1.8520539,0.20927095,0.27468607,0.09357284,0.00027247125,0.37696177,0.64489746,1.0924438,0.086515866,0.18710597,0.73474336,0.76948404,0.71724683,0.8396518,0.5427023,0.95748246,1.5136544,0.17620812,0.558704,0.3144682,0.4001709,0.015135503,0.0,0.5659988,1.76555,0.38102987,0.8418786,0.09428167,1.4935782,0.84095395,0.06681992,1.6485974,2.6242394,0.4594624,0.11006244,1.8950605,0.29215127,0.03857341,0.1827858,1.7631888,3.558065,0.46526998,0.11735605,0.6753719,0.35653487,0.4027381,0.07937107,1.012952,0.15003256,0.08550159,0.2420528,0.099638,0.32061568,0.4599111,1.364152,3.1671193,0.032133393,0.13462777,0.13784488,0.37326977,0.6016885,1.8232712,1.5522659,0.0389759,0.30246776,2.079647,0.77487767,1.0219626,1.410276,0.16714585,0.042668995,0.021269217,0.8623196,0.675942,0.49839637,0.15365481,1.6794598,0.41085562,0.089927055,0.25345084,0.18743916,0.15231238,0.7969663,0.6181485,0.27781525,0.18634905,0.1498646,0.1261363,1.0423112,0.45794404,0.68577105,2.7004817,1.5319341,0.5768497,0.63200337,0.48021308,0.76330286,0.6207307,1.144504,0.1965789,0.9525633,2.4778159,0.026895544,0.33268958,1.1378776,1.8037019,0.16449893,1.8107831,0.07605539,0.8553185,0.24062152,0.6036823,1.4561017,0.5999655,0.23688756,0.0,0.008138795,1.0473891,0.9343503,0.37275457,0.6388064,0.2860419,0.09250137,1.5414864,0.0,0.59534717,0.9705659,0.15720369,1.3431702,0.6789988,0.67168784,0.051398482,1.9287355,1.9398483,0.06977391,1.6170554,0.54178464,0.80690587,0.9426768,0.5329054,0.05858391,0.13486418,0.034195505,0.0,0.101558745,1.9791393,1.5142896,1.2118794,0.42971084,0.19788207,1.3288571,1.3145329,0.77996296,0.08860961,3.5440605,0.5446937,0.66416353,2.2520857,0.012777781,0.08641033,1.7975878,1.1610322,0.4744985,1.3963375,0.20021586,0.20487958,0.96501935,0.25446957,1.2746164,1.0108608,0.008752458,0.6959939,0.36526453,0.04331748,0.0806467,0.33077696,0.18406862,0.42549208,1.0042515,0.24993537,0.02485756,0.54677254,0.30071506,1.7367935,0.9999525,0.42851582,3.0781233,0.15777989,0.3112009,0.023090286,0.059295505,0.7678966,2.4225662,0.17626905,1.0287417,0.44917443,1.5023993,0.077391595,0.99306893,0.057813633,1.0273727,0.03929597,0.49120072,1.2054322,0.20269458,1.1115031,0.3543487,0.52832776,0.08474313,1.0044799,1.1706922,1.1605533,0.6620199,0.51458883,0.46863177,0.072217606,0.42921644,0.35259652,0.2866345,0.2830066,0.4041144,1.1330442,0.22298864,0.2925994,1.556547,1.368391,1.0917968,1.3959774,3.4877844,0.60678333,1.4864422,1.3441489,0.67208534,0.55759007,0.40242717,0.9460312,0.5646771,0.6103231,0.32036486,0.762617,1.467457,0.020173404,0.9310525,0.0,0.33238488,0.09247612,2.0931988,0.0,0.11321958,1.4088807,0.36390343,0.6455071,0.5859937,1.4000661,0.7146856,1.7323004,0.06526024,0.13507156,1.3530054,0.73726404,0.2072328,0.5124795,0.18828923,0.51605016,0.77648425,0.9296319,0.61300963,0.63210297,0.030943708,1.3855612,1.3364491,0.9865911,0.98521787,1.6930908,0.019658566,1.2902218,0.35797244,1.8649765,1.2551763,2.5471544,3.3731427,0.9667468,0.0033808174,0.30113798,0.5114939,0.04980426,0.75051737,0.2531972,2.3076642,0.48979723,0.79699475,0.75996166,0.73758835,0.07995985,1.742748,0.16078109,1.4829501,0.33478805,2.6738646,0.27512115,0.6247701,1.5046028,0.048314173,1.1246165,1.0528613,0.016898071,0.15771051,2.027995,0.65858305,0.3267461,0.24816738,0.6643298,0.21518691,0.41910785,0.2762671,0.68511176,0.19441026,0.21094449,0.5402592,0.2524165,1.24382,0.26516676,0.8089964,0.84198457,1.2478812,0.85581905,1.0133753,0.6160138,2.0112715,0.8336357,0.6874318,0.08821929,0.14223404,2.2950625,0.0013665006,0.115233846,0.38162082,0.94914603,0.39960063,0.5937554,0.018122017,0.8183113,0.32449257,2.6987653,0.94565797,0.6535834,0.1467067,0.21039112,0.12774672,1.2164885,0.17397617,0.81562793,1.4904008,0.028115558,all_pothole_images\pothole_images_new_image_1018.jpg
1.0300521,2.668221,1.4827769,0.54307616,0.28068694,0.5080575,0.09199797,0.07433511,0.40287933,0.31634608,0.38012087,1.8298687,1.1249273,0.5469928,0.0,0.33753908,0.002324825,0.36378676,0.0,0.38789442,0.07950735,1.2125763,0.8800645,0.9316506,0.7206725,0.37810248,0.7004819,2.4915502,0.2667445,0.22613443,1.1679636,1.0885861,0.22831513,0.07112811,0.3250775,0.36140278,0.20849405,0.6818575,0.32676727,0.8757136,0.1936605,0.87736446,0.23319641,0.051359646,0.51519465,0.014810805,1.2067713,0.0,0.0033373835,0.04140528,0.043361712,0.7890237,0.80910325,0.25606045,0.08028562,0.012823586,1.4827715,0.8239525,0.4843419,0.101216026,0.4065547,0.72626185,0.9275407,0.88179785,0.14505264,0.9623444,0.41087565,0.6442997,0.3935111,0.58425903,0.78591686,1.1252489,0.8952305,0.47761893,0.10901494,0.8512881,0.72914225,0.15884289,0.012600235,0.3211558,0.35165614,1.3305793,0.012378177,1.6270093,0.22560824,1.1924326,0.42852876,0.09929569,2.7889123,0.42776695,0.036944807,0.4290735,0.0021477926,0.248743,0.26613462,0.017787114,0.073411316,0.9986977,0.053417828,0.037737813,0.9142772,0.9076706,0.042439085,0.1358767,1.1256098,0.054132603,0.18708655,0.43016675,0.04719952,0.4350613,0.30291134,2.4470105,1.0106163,0.71093875,0.18222573,0.2125652,0.5674929,0.09597958,0.55318755,0.25738582,0.8222233,0.08155749,0.63025755,1.3434057,1.2534935,1.2198508,0.81015474,0.05886012,2.693429,0.27639577,1.5439587,0.036862426,0.0016972802,0.29773384,0.11634065,1.2454989,0.0774373,0.010600199,0.5243316,0.10820731,1.5625124,2.5138102,0.07799023,0.5979151,0.0,0.5117413,0.027314093,0.1750246,0.024798095,0.45986864,1.5729192,0.67580926,0.702164,0.0,0.51964885,0.0061750193,0.043561205,0.11400565,0.40790692,0.0034790619,0.85087675,0.49814898,0.30977058,2.2012196,0.24510449,0.04285598,4.762211,0.01557673,0.8898983,1.0584003,0.5334006,0.057707947,0.08541846,0.1469085,0.8542197,0.06990206,0.8459189,0.33012235,1.0407867,0.3386574,0.1517799,0.19477761,3.0360937,0.80455047,1.6425353,0.1459027,0.05816342,0.39606795,1.4969821,0.32950148,1.4172444,1.2475219,0.0,2.17385,0.07180139,0.03236161,0.062048953,3.1287212,0.11080783,0.34509876,0.33880138,2.5859072,0.36519474,0.0052173412,0.6911841,1.3564057,1.3439307,0.22129677,3.233176,0.62604535,0.021204082,0.50529534,0.46982175,0.096005455,0.2944538,0.8505341,2.3394291,0.20074135,0.29780093,0.11712253,1.5967479,0.06969313,0.4182339,1.9212621,0.13642031,0.0076346346,1.2866828,0.12357681,0.5916883,0.238214,0.016009016,0.050853584,1.1275549,0.0179424,1.0661353,0.6285345,0.6040157,0.0,0.18540518,0.90572846,0.5257155,0.99705184,0.58778274,0.06494835,0.0,0.13646941,0.53486234,0.518231,0.9172984,3.7842715,1.0613904,0.49372324,0.6656741,0.014875227,1.6808627,0.04562695,0.94817287,0.2393769,0.6099002,1.5164151,0.030317737,0.7921781,0.14554226,0.027449427,0.28086483,2.0287306,0.52559775,1.0037019,3.2479396,0.5204253,0.56600916,0.14761427,1.1546701,0.45981258,0.51829517,1.195413,0.4955911,0.36794576,0.79559374,0.61944026,0.46753076,0.063495286,1.3004557,2.8094366,0.46260202,0.72890705,0.15989242,0.99565166,0.6004749,0.45760363,1.4825867,0.5205175,0.13462801,1.2824366,0.15997806,0.16077095,1.2378843,0.3683242,0.99618685,0.3171437,0.3686262,0.00027495704,0.025339028,1.0734247,2.8319385,0.0,0.037879888,0.6170507,0.22548313,0.03708301,0.28920907,0.9557707,6.708435,0.5255895,0.6557112,0.7043346,0.04636425,0.7663096,0.9992618,1.5140225,0.33428574,0.0017173033,0.040018637,0.565706,0.4216599,0.40281135,0.49167296,0.18947212,2.0935895,0.0553099,7.0774627,0.6275378,0.5628529,0.2138276,0.0012030754,0.07875519,0.6350624,0.111877166,0.20493934,0.0,0.15322612,1.9816536,1.040349,0.3981023,0.41854224,0.47965062,1.2717797,0.5333633,0.08259815,0.6241173,0.02379049,1.3661532,0.11905729,0.40506798,0.39081955,0.006192094,0.09834443,0.8037916,0.008843666,1.1884861,0.56154466,0.28067574,1.0154003,0.2523897,0.0,1.4335991,0.6519964,0.72556037,0.44699955,0.68063587,0.1689587,0.44412735,0.1685639,0.24894899,2.6061096,1.2738262,0.8224582,1.0816717,0.17937922,0.0025070189,0.03260619,0.18285416,0.8370262,1.4862974,2.4098997,0.18295462,1.1978129,0.0975956,0.0,1.4785286,0.1336585,3.838083,0.75817513,0.20477092,2.1899539e-06,0.5538776,0.015793214,1.8070785,0.0,0.13343285,0.28149405,0.5706536,1.0818344,2.238922,0.15178804,1.2998433,1.4601603,0.5767156,0.14351837,0.18036593,0.7675545,0.6937592,2.0617993,0.23815832,0.9187038,0.043166514,0.5054287,0.57192665,0.37247407,0.10248824,0.34704733,0.023187593,0.61881095,1.4681396,0.7155694,0.25026402,0.58045805,0.5993568,0.03466889,0.31445307,0.14446916,0.8935293,0.21416053,0.18376675,0.06383085,2.5732503,0.007846729,0.67618227,1.7940177,1.2405459,0.008810879,0.04958825,0.21815965,0.17101103,0.35258907,0.042988047,0.48925325,1.1844436,0.18952951,0.27929884,3.3855336,0.08365803,1.3470051,0.5546891,0.43918616,0.99718535,1.4925026,0.84490454,0.009458442,0.43940026,0.28287056,0.14708751,0.25097954,0.026970128,0.56528443,0.28461617,0.04519472,0.53842676,1.2462636,2.0413375,0.53577065,0.290058,0.19432239,0.43982384,0.39610735,0.016001614,0.1267249,1.9850616,1.0417757,0.066851966,1.3715384,0.5587491,1.3482114,1.1234286,0.0074498896,0.51778394,0.21340272,1.0075054,0.2552992,0.13361911,0.3978058,0.65072876,0.0892205,0.011332533,0.17795625,0.0,1.3068901,0.029541334,0.0032924847,0.6000121,0.1810763,3.7143168,0.69860846,1.0037264,0.06700191,0.8121094,0.007580312,1.7413582,0.6525483,0.3689597,0.9459759,0.068664014,all_pothole_images\pothole_images_new_image_1019.jpg
0.47327006,0.9188963,0.6825496,2.4447672,0.7271211,0.66939497,1.1806837,2.5417328,1.1428746,0.28086996,0.21357192,0.16089836,0.310301,0.62252945,0.28510872,1.73743,0.30703086,0.7154902,2.701121,1.6895795,2.3788269,0.8525282,0.0892844,0.3500204,0.7591319,0.6946023,0.87168807,0.9411535,0.6992763,1.039948,0.106714986,0.4686885,1.0060254,0.6931691,0.12776825,0.37805054,0.5438584,0.0026751647,0.6194877,1.9135203,0.005330623,0.3211849,0.71180266,0.8331884,0.5666834,2.0290806,0.61133885,0.10590608,0.5996284,1.7129817,1.3015211,1.0309443,1.5100328,0.25736934,0.98300976,0.8927346,2.2140138,1.8448486,1.5032367,1.0005178,0.056219023,0.17885286,0.8744554,1.1455312,0.43705094,2.534145,0.12657875,1.7445481,0.8715859,0.50458866,0.8366455,0.41971835,0.717771,0.045389574,0.13449956,0.33336198,0.76763076,3.1125412,0.04251975,0.91154385,0.9221751,0.328148,0.5798749,1.6531959,0.9081531,0.42793414,0.5715042,0.54744416,1.3800935,0.44829294,0.2405685,1.2656112,0.6505498,2.0191553,1.151037,1.0327438,3.1314433,0.63743705,0.74834317,2.1525395,0.78236836,2.4381378,1.520898,0.12613508,2.2480257,0.7361712,0.48451793,2.1823232,0.6453857,0.033608433,0.31881127,2.1443446,0.39192647,0.20597765,0.38619092,1.0741515,1.7975897,0.13408509,0.26307642,0.0,1.5906277,0.69620883,1.3313838,0.92294437,0.63523066,0.5483772,0.030083729,2.0272574,3.5492852,0.3316026,0.08856593,1.6139158,1.646546,0.70217067,0.34625474,1.3821063,0.22227795,1.860425,0.85679394,2.0881271,1.4234835,1.8850343,1.6403414,0.5070918,1.2610631,0.26584202,1.8472667,4.4064193,0.18804365,0.17568296,0.30769143,0.07072859,1.18566,1.2919322,1.1785024,1.3024724,1.701761,0.15021753,1.0169108,0.41373074,0.42751458,0.45588195,0.8855972,0.12921877,1.8965589,0.2595495,1.0793757,0.7177616,0.36332428,0.6416574,0.16128744,0.6199676,0.6935446,0.32926437,0.31145823,0.38405833,1.6562278,2.822037,1.0766373,1.4708564,2.3975422,0.96665454,1.6541189,1.3720155,3.531882,0.4124702,1.7591618,0.35519248,1.1692001,1.5972328,0.23373778,1.949954,0.8715894,2.6487327,1.019401,0.64614695,1.1583008,0.54030484,1.165551,0.6796881,1.5453438,0.24240215,2.0405831,1.1670809,0.043726634,2.2214468,2.3163655,0.19566062,0.46316376,1.3041595,2.5308475,0.6005949,1.4302973,0.8545518,1.2292968,1.1220185,2.1743069,0.45886865,2.139452,1.4865099,0.28234187,0.38651034,1.4923401,0.30766752,0.21725968,0.57170135,2.6563764,3.5794947,0.18885873,1.7143252,1.3257705,0.28029296,1.4448123,0.16871189,0.4573797,1.2031517,2.0564697,0.0004885132,1.6769029,0.5741441,0.75302684,1.1045402,1.0607684,1.7325819,0.71061146,1.08467,0.52570194,1.5221399,0.25089973,0.7882519,2.022042,0.20533162,3.07971,0.18900232,1.6115386,0.86663866,1.1084007,2.0596287,0.034984197,1.1379974,0.17380321,0.38882235,2.61842,1.1204768,0.55296046,2.3478146,0.28316182,1.9218936,2.792569,1.0071869,0.21343659,0.16873261,1.6475255,0.33232954,0.042472936,0.48612678,2.5700912,1.9581581,0.57237715,2.293139,0.25206056,2.5830858,0.22794911,1.1568447,0.7354713,0.7198553,0.51792115,0.54900897,1.3545747,0.4557038,1.5512223,0.44768897,1.7032629,0.7863091,0.38792723,1.0509278,0.52293074,0.07725737,1.5040588,0.559029,0.21502483,1.1302437,0.44639766,0.095589034,0.6668856,0.6289599,0.032021318,1.6000351,0.5610677,0.15051791,1.1776346,0.6242862,0.479064,0.858605,0.30189615,0.23066427,0.015909467,0.45833516,0.39903888,0.21145989,0.20027697,0.12329194,0.27688107,1.508523,1.6158565,0.0006984828,1.780631,0.12837572,1.1309059,0.5967952,3.935646,0.45564726,0.22330245,0.044949774,1.1162344,0.42603076,1.8993324,0.48213437,0.46320477,0.69685113,1.5538106,1.3999515,1.9590869,0.65536267,2.151071,0.091198355,0.032829415,1.2379601,0.9455055,0.58869153,0.41139844,1.350223,2.9528034,0.4131155,1.2023137,1.3983175,2.099214,2.2395327,1.6603643,0.19362824,0.19329484,0.27765742,2.3936915,0.051685993,0.17548797,0.70770144,1.3741417,1.725844,0.9526574,0.39034337,2.6877341,0.020390958,0.772285,0.6620682,1.0804576,0.19431122,2.051464,2.042198,3.029327,0.86511976,0.7574525,0.35195038,0.37977934,0.8303353,3.237119,1.0717775,1.2964584,0.3403328,0.015452021,0.38815895,1.1444076,0.44609776,0.20022923,0.7769438,0.9083313,0.19582081,3.3025513,0.38205552,0.77202326,0.7210224,2.4022782,1.8112911,0.31733093,1.5508331,0.73581386,0.78012186,0.7806236,1.8240352,0.439496,0.21967089,1.0890312,0.29071522,0.5498076,0.594312,0.36697933,1.2847236,2.1799173,1.2499359,2.1475563,0.04567333,0.7612926,0.6689853,0.4181963,1.2293209,0.5289723,0.7966207,2.8241384,1.1483372,0.644171,0.63780755,0.1925553,2.7350364,0.6941846,0.3149882,0.5034002,3.2584207,0.70805216,0.6159998,0.70476514,3.0989118,1.2439753,2.099601,0.5470012,0.28349227,0.4465752,0.1522047,0.33846527,2.0287926,1.4655254,1.4634863,0.342286,1.7805033,0.5083235,0.14031394,0.7307411,1.6022553,0.25285333,0.7066129,1.4193362,3.3946471,1.0531915,1.9450076,0.11065407,0.7805222,0.99489355,0.2831306,0.32699227,0.515469,1.1138251,1.9944698,2.2234418,0.1636279,0.77333385,0.28108552,0.46097845,0.4300923,0.9181671,1.8011795,0.9979126,0.341191,2.0609903,3.051707,0.45160854,0.36742136,0.42652845,0.8211149,2.5203612,0.5621775,4.2311425,0.07998224,0.34138647,2.3215833,0.30190894,0.4776748,2.1880105,0.8168732,0.17529437,0.18858078,1.1903859,2.988914,0.80692196,3.2560954,1.6145337,1.6034399,0.81990284,0.94557136,1.8433726,0.256428,0.36655986,1.1668928,0.6945951,1.4955846,all_pothole_images\pothole_images_new_image_102.jpg
0.39410132,1.7924204,0.44043785,2.1007407,1.3028227,0.346282,0.7213957,0.3594915,0.040014412,1.0791917,0.4055191,0.3237434,0.9252691,1.3615427,0.8806665,0.57090807,0.107021764,0.07794933,0.79637843,0.8763871,0.18432046,1.7939845,0.7003008,1.6189194,0.66830987,1.1701393,0.5389666,1.2296515,0.49464318,0.41828567,0.7104519,0.6288471,1.0716616,0.0035155376,0.9540833,1.6924597,0.5769236,0.21024248,0.011345422,0.3155728,0.0,0.0,0.71783435,0.9016219,0.39218283,0.24707237,1.8736391,0.23342375,0.040059365,1.3836395,0.12097709,0.59823483,0.39933577,0.37580097,0.46106416,2.2162626,3.130818,0.03457165,0.1058864,0.15814725,0.45741978,1.0448967,0.9381997,0.13661978,0.8799045,0.3455283,0.3936142,0.86735696,0.08781829,1.6136576,0.4271434,0.6960312,0.09788505,0.086922556,0.4082112,1.2734658,0.70401615,0.8429576,0.13469143,0.655619,1.0294832,0.25388736,0.068131156,2.07636,0.84341764,0.50782216,0.7708159,0.048453435,3.1247804,0.03830914,0.00526346,1.0752208,0.13318844,0.046386622,0.3576044,0.018035209,0.27753365,0.37460154,1.2656404,0.8738772,0.30517057,4.8513675,0.40101093,0.013308367,0.22252445,0.35940138,0.2048488,0.14812039,0.2326499,0.6561635,0.69626206,0.7775854,1.3185391,0.22781102,0.68907964,0.9480395,0.6312989,0.30717078,0.5899993,1.1926373,1.2804754,0.60218453,0.50334746,1.1909505,0.17934078,2.042687,1.7992607,2.308795,0.3695091,0.30684054,1.2188807,0.0,1.1030122,0.09940515,1.0227597,0.28803316,0.28879824,0.85232294,0.8201775,0.29575378,2.4261107,0.114823185,0.6469408,1.9043167,1.2694051,0.36904442,0.39635152,0.002391015,0.45775184,1.525647,1.0044209,1.4297323,0.1440306,0.4622432,1.2142266,0.4391187,1.8378034,0.13795717,0.22478618,0.7526299,0.73421144,0.28785074,0.04910037,3.2096214,0.0031126768,0.24970667,0.81170326,0.7085313,1.3609992,0.21381049,0.95141363,0.011018507,1.3856742,0.8330701,0.48391062,0.0046043866,0.445523,0.0,0.71062803,0.5979867,0.8765601,0.95237046,2.03215,0.7484721,1.9413154,0.05837993,0.029808056,0.6857603,0.39060768,1.5725499,0.6306155,0.54078585,0.37944165,1.1489303,0.023226662,0.28090015,0.0,0.061011855,0.036482207,0.941597,0.27280852,0.92883337,0.7648488,0.7847059,1.669243,1.5323296,0.52527237,1.5242426,0.24398756,0.29415894,0.27704898,0.7663565,1.8065635,1.753374,1.6979569,1.7722924,1.0039314,0.30857474,1.1322067,0.05707608,1.7587969,0.031063689,0.0789519,0.12967278,0.014971305,1.0089768,0.7055863,0.07221856,0.8429081,0.04691511,1.2343599,0.48849836,0.15905243,0.14679871,0.6524394,0.0005701591,0.78314567,0.14780816,0.032741085,0.34130704,0.7381152,0.02327142,0.038983487,0.17655678,0.19671765,5.3418615e-05,0.90253425,0.10620381,1.052232,3.3449678,0.7007317,0.48735574,0.56966794,0.19547682,0.2502693,0.6956854,1.2510532,0.0005567481,1.7143525,1.7971829,0.4814584,1.0646077,0.18648097,0.4802873,0.25225258,0.26590016,0.05895917,0.8377109,2.1003714,0.39037105,0.6724841,0.2115916,0.1565892,0.42126256,0.6257273,0.88729054,1.086751,0.09836645,1.7538844,1.2561343,2.3508675,0.082362466,0.3690151,0.62475044,1.0970588,0.22027583,0.08198364,0.34005252,1.4183753,0.5192358,0.5732051,0.41104636,0.035483707,0.57893056,0.24455035,2.1769798,0.64235306,0.019021245,0.4549595,0.63054836,0.22086446,0.4995423,0.48708305,0.49286428,4.690277,0.923821,0.14690253,0.45380825,0.24986112,1.6537665,0.22265925,1.0518454,2.4019558,0.6958112,0.8387101,1.0845513,0.16808861,0.56823623,0.8671341,0.110344574,0.009079909,1.3076937,0.034565154,0.28593507,2.1590083,0.9894168,1.0098965,0.16639888,1.3411256,0.3564514,1.7828599,0.34544644,0.52375114,0.42027223,0.38903847,0.03666739,0.75087255,0.21549068,0.06657151,0.6246696,1.0699275,0.88201106,0.987116,0.077517636,0.45821208,0.1754902,0.7075841,0.01329184,0.6466358,0.20367205,2.2363446,0.07834771,0.49962455,0.6072521,0.028713912,0.12618113,0.20148028,2.2247257,0.5447154,0.34362856,0.1371151,0.08442186,0.56842494,0.7447006,0.0,0.19001041,2.1703093,0.23783767,1.1726712,0.006245312,1.5147675,0.5104081,1.1652988,0.7565151,1.5083084,1.8288808,0.012189888,0.3925915,0.17872354,0.08369195,0.102948636,0.3053445,0.58600634,1.3834678,3.0054402,1.8085792,2.7164166,0.079399,1.4996792,1.397726,0.7305696,0.61873245,0.6169957,0.26931545,0.16036801,0.08588467,0.22752745,0.03256816,0.6536026,0.857942,1.1656529,0.61673146,0.21775697,1.0674672,0.27624345,0.15285474,0.25422674,0.7034317,0.017443735,0.8774535,1.4103817,0.22723714,0.4894113,0.46826878,1.2917476,0.9494423,0.9496071,0.6810253,1.3249128,0.022608193,2.1718607,0.7847018,1.2521026,0.65473825,3.2888463,0.5968728,1.0234874,0.58111185,0.41279626,0.6974437,0.9957253,0.040023834,0.026457362,2.1404457,0.49178395,3.9008133,1.2605916,0.3941615,0.048731696,0.20360267,0.83272964,0.7057814,0.061154436,0.36366215,0.53531736,0.5431733,2.3893263,1.003351,0.46143946,2.0663812,0.15412484,1.5256693,0.93964344,0.40715554,0.7235387,1.0622549,1.7653322,0.64744884,0.4952895,0.2764855,2.8190196,0.0,0.09027457,1.1278647,0.97392017,0.8017283,0.3072154,0.13446495,1.8689349,2.051107,1.6736331,0.814962,0.46067455,1.2104912,0.5381347,0.2717845,0.0007785422,0.6423478,1.611953,0.15044548,0.83229214,2.3132935,0.43819708,1.9450716,0.0571424,0.0130269015,2.016661,0.18065551,0.03203364,0.91711175,0.36751562,0.88330406,1.0355923,0.23700647,0.0,0.48628813,0.011467502,0.53563946,0.17342238,0.0,0.3415178,2.6476614,0.15725951,0.4069499,1.0792273,0.43521965,0.0043235556,0.47797075,0.24434048,0.21175893,0.18092795,0.14538577,all_pothole_images\pothole_images_new_image_1020.jpg
0.242043,0.5135918,0.58395773,0.5542672,1.0318804,0.07079389,1.7391903,0.0006470341,0.47065875,0.1350505,0.42559946,0.5380456,0.24447756,1.3911159,0.061995447,0.36823085,0.0127086695,0.21986632,0.74976635,0.30632687,0.030459657,0.9787118,0.27418822,0.6397893,1.5634279,0.13482593,0.45962587,1.4137925,0.16675723,1.0115556,0.6454057,0.35336077,0.9516019,0.6976516,0.65094346,0.97976774,0.08401599,0.46920183,0.20076817,1.0007794,0.0,0.09322322,0.17781867,2.1984427,0.29586747,0.04847618,0.0,0.0,0.27228013,0.3892932,0.472443,1.1895437,0.72185236,0.28089562,0.09233519,0.6432674,1.323687,0.44774556,0.5128189,0.22097921,0.14014125,0.18024343,0.31240746,0.28543788,1.5352113,1.7892991,0.17253628,0.52646786,0.37592843,0.04155436,0.21811505,0.44236314,0.39588532,0.70216703,0.08578349,0.41586104,0.14192186,0.6757789,0.0026565108,0.6392219,0.042195357,0.40409118,0.033844,1.0781146,0.5469145,0.6294256,0.05004429,0.17768942,2.5749094,0.0148611395,0.12309979,0.46794337,0.32755062,0.3616392,0.060771734,0.12348022,0.27813375,0.35332724,0.5093847,0.56056386,0.07151699,0.88380414,0.14929096,0.11046341,0.92175025,0.8107183,0.48761648,0.09664512,0.02303361,0.9639318,0.044660285,1.9362601,0.40266,0.18242966,0.4047631,1.1001406,2.3812635,3.7802546,0.61696225,0.20393375,1.2213231,0.40853673,0.6874553,0.25824013,0.77703464,0.24084526,0.09112944,0.44302717,0.6180289,0.09828024,0.30512956,0.760479,0.09153221,0.22696574,0.11454979,0.15253174,0.39009678,0.1419673,0.79570144,0.31829506,0.016517244,0.89330786,0.41029465,1.2494758,0.08905653,1.2134691,0.4509119,0.0,0.7978092,0.42491648,0.032685112,0.36058187,0.0008459731,0.06084749,0.80254835,0.3728616,0.31456476,0.0025391094,0.18071513,0.53553087,0.38731718,0.16587915,0.4814718,6.8317943,0.39483532,0.1023018,1.9226916,0.25631395,0.13797337,0.30457476,0.02983843,0.14128326,0.6069411,1.5396633,0.13738173,0.023345117,0.62831265,0.39363357,0.0009828043,0.12340728,0.1217503,2.794899,1.3867818,0.7463591,0.830466,0.25639853,0.39273772,0.10677363,0.6960753,0.3440518,1.2597054,0.38152227,0.0108393505,1.2142097,0.056470975,0.126454,0.5443937,0.8047766,0.21389958,1.051936,0.12894996,0.6007732,0.18650042,0.16162415,0.83127064,0.6380928,0.13832627,0.48636106,0.17432603,0.043647565,0.3661508,0.19169368,0.32740128,0.14402118,0.56922764,0.9459102,0.4546898,0.05515097,0.71404225,0.100049,0.566605,0.20357533,0.2419883,0.48505798,1.0251696,1.0187967,1.1721238,0.80586725,2.4019585,0.37097132,0.12320252,0.4844207,1.1259055,0.030398067,1.098191,0.49942723,1.5338415,0.106669635,0.18708201,0.0026211482,0.062521726,0.13193631,0.2290389,0.44492814,0.10002842,0.05096604,1.3254597,0.5287053,0.10298892,2.8315465,0.7253256,0.080208145,1.1234258,0.9037125,0.13699318,0.63569266,0.16039453,0.08507475,0.6021625,0.2598737,0.5554095,0.42812124,0.4811737,0.116097085,0.4595031,0.9792321,1.045484,0.74074894,0.7544769,0.25191554,0.5932997,0.0,0.08820988,0.08261367,0.17346135,0.5514812,0.02363968,0.61572766,0.18158957,0.54802585,1.480914,0.43762654,1.1017919,0.019742453,0.30021173,0.5866129,0.12370895,0.7207047,1.8970408,0.6271084,0.035168268,0.2665928,1.1830708,0.52377445,0.38164786,0.05071154,0.5873987,0.918965,0.12495379,0.8266831,1.5433098,1.3604671,0.022405438,0.27459502,4.243709,0.05380897,0.01703818,0.39101043,0.9980381,0.39908776,0.5842098,0.35327184,1.8805782,1.3153113,0.056590896,0.8001673,0.1715765,0.45477092,2.3198888,1.1008526,0.32797688,0.4734754,0.16134664,0.70131606,1.011607,1.0807322,0.29871026,0.03824079,0.83295774,0.30717131,2.7517998,0.33034882,0.811393,0.4885713,0.9002628,0.27205238,0.36373806,0.13737753,0.427211,0.08954974,0.0,0.5963712,0.005460868,0.5795554,0.37902704,0.23064362,0.02133046,0.1750391,0.46094295,0.094141655,0.047737963,0.6009359,0.55364025,0.19545126,0.06939398,0.080559514,0.70980096,0.75867754,0.9466452,0.4382064,0.016392494,0.009064617,0.51984847,0.041273203,0.0,0.004096279,0.6997068,0.41135293,0.09133026,0.5062693,1.6579605,0.9822775,0.51346934,0.09399261,0.8312048,0.4619838,0.0,0.43885452,0.28722617,0.09046794,1.0614616,0.006964355,0.37086388,1.0058466,0.9043056,1.2248504,0.838273,0.049806487,0.029226307,1.008809,1.7170858,1.9273163,0.19643842,0.15057774,0.20473997,0.50822604,0.59889233,0.22810064,0.03573224,0.0003950059,2.5857587,0.57667756,0.21067148,1.3842767,0.48818985,0.14701486,0.3135318,0.48952305,0.30041295,0.47474822,0.10638992,1.004975,0.1064269,0.76639843,0.36352265,0.5917512,0.21235974,0.19715273,0.7217253,0.005952262,1.337123,0.6176921,1.3293983,1.2924763,2.675951,0.14427294,1.0800562,0.7008493,0.057154503,0.45465413,0.40121487,0.4068405,1.3093826,0.6661436,0.330764,2.6336262,0.15262823,1.0221531,0.21653832,0.15369126,0.17612255,0.14792301,0.022003315,0.49504274,0.0,0.0030566026,0.7003432,0.6107719,0.24099256,0.24362233,2.231252,0.015462856,0.27000082,0.39359185,0.1989397,0.46665436,0.3509826,0.06378668,0.030583644,0.3389136,1.6412289,0.256667,0.383365,0.042672284,0.5238889,0.8863493,0.9839623,0.01918965,0.69226164,0.27394587,0.504101,1.3285229,0.08326878,0.0,0.3312667,1.1656555,0.35630518,0.35725707,0.45306146,0.26512268,1.048613,2.708148,0.56186277,0.25831833,0.0028442882,0.2937837,0.9571991,0.2792425,0.21042137,0.10125693,0.07175024,0.44577667,0.26508203,0.036693703,0.026745854,0.15020552,0.94694734,0.008736915,0.14692186,0.38080773,0.5311486,1.7312251,0.9124925,0.7778802,0.30320814,0.28016758,0.071868055,0.4985428,0.47418812,0.027300749,0.425181,0.10784124,all_pothole_images\pothole_images_new_image_1021.jpg
1.4481839,0.9935002,0.71899694,0.9138638,0.06336683,2.8731608,0.7608527,0.62248564,0.47132877,0.43082455,0.3295905,0.69598264,0.041506313,0.11440846,1.3570768,0.96487224,0.054034036,0.45494995,0.29879746,0.3525385,1.0150375,1.015998,1.2386405,2.1559825,0.08263454,1.5226674,0.58208895,3.2862835,0.0,0.42668876,0.40906784,0.26219228,2.4439585,2.0111673,0.0816829,0.68066496,0.3444302,0.1817475,0.8077129,0.28393134,0.19174366,0.05272092,0.059824456,0.22120106,0.39729413,0.0,1.0019642,0.014944172,0.36568946,0.37671566,0.98178077,1.3530505,0.91738033,0.022808967,0.396561,1.6945925,3.0269513,0.5586732,0.9848754,0.101338364,0.17945017,0.31387737,2.2779098,0.4137949,0.31935117,1.2655452,0.27231872,0.057544127,0.057599835,0.53971934,0.037186973,0.13573498,0.5052462,0.57619154,0.04223706,0.049543794,0.24581014,3.4266887,0.68373245,0.8915884,0.16567986,0.261691,0.972755,2.256098,0.9895434,0.32686946,0.06430971,0.34256387,2.3520386,2.4461792,1.151724,0.025757916,0.1642609,0.28570575,1.1623149,0.20497373,2.161955,0.027335778,0.70915145,0.3043899,0.023174325,2.9050586,0.0023682767,0.34625313,2.2369554,0.018552408,0.08990314,0.90145856,1.4744054,0.4369728,0.091881305,2.7537446,1.5974535,0.9125832,0.0,0.27336767,2.125697,1.02053,0.080046415,0.2616049,1.8883868,0.2000871,0.040695485,0.28335583,0.57730377,0.04777998,1.6681786,0.31740028,1.6715764,0.0973937,0.05658987,0.035254024,0.20589691,0.16982974,0.30047876,0.34464747,0.08535677,2.1528568,0.023396445,1.014028,1.2337229,0.20937864,1.0144719,0.89800644,0.43743795,0.064526685,0.20389108,1.2861955,0.38533643,0.30195713,0.22963944,0.13308086,0.3134917,2.4283495,2.407442,0.92542017,0.0861333,0.10400311,0.5468054,0.59264076,1.6888733,0.69615287,0.230917,0.23123126,0.3779785,0.685699,2.4452143,0.4045619,1.2043576,0.12926508,0.4820596,0.5853826,0.026312247,0.062480424,1.1013602,0.103868365,0.51642907,0.0064487774,0.1535285,1.793803,0.2061464,2.1383839,1.7443436,1.0990821,2.7301452,0.97766674,0.28964624,1.1074867,0.3770954,0.7008301,0.30289719,0.28382197,0.08709443,2.7295425,0.070268534,0.036109626,0.114954226,2.1380203,0.9941985,1.962164,0.09026459,0.9357888,1.0253916,0.84849626,0.4934813,0.09376524,1.0651276,0.44257888,0.95221025,0.859889,0.0017849894,0.63299674,0.7424707,0.2855827,0.1324831,0.95331806,0.67245686,0.17647454,0.32581654,2.3363814,1.706505,0.5101728,0.9059205,0.30167133,0.08874865,0.17846312,6.205744,0.08197139,0.20190662,0.5787736,2.3223279,0.3334611,0.21347061,0.3063966,1.129967,0.26835918,3.1669965,0.37942266,0.20226233,0.16297308,0.09327688,0.82170916,0.920225,0.25740013,0.12105632,0.16520834,0.8306628,0.31275868,1.9989057,1.8482808,2.5802968,0.1316962,1.6880494,0.31800857,1.0213751,0.25352082,0.60741764,1.7112732,0.43671253,0.6389054,0.20554219,0.95762634,0.21887086,1.2613089,0.42078173,2.3942754,0.33896497,1.752295,1.6000042,0.30447933,0.46020702,0.14934742,0.052211013,0.74196637,1.0166998,1.2158661,1.62275,0.60754037,0.44150943,0.12480994,0.43644795,0.12392977,0.17161638,1.5534263,0.23101425,1.1992108,0.45100328,0.0772605,0.8806483,0.0037046527,0.17400903,0.31528738,0.28859505,3.129361,0.57132167,1.0247539,0.8163561,0.5644773,0.3087757,1.1411064,0.051806454,0.41702113,0.080039784,0.24569944,1.7999946,0.5689927,0.020848624,1.3957083,0.05297107,0.05080683,0.8137055,3.394808,1.5335835,2.857054,0.2941643,0.7203583,0.30128792,1.4240824,2.0211573,0.9016327,0.53108144,0.07395111,0.473262,0.030419597,0.36636522,0.17752738,0.79242295,0.29232156,0.78783864,0.1631991,2.9898407,0.19092569,0.20259763,1.4299738,0.057357747,0.94215405,0.6417671,0.5736994,0.065140784,0.58276546,0.5704558,0.3396651,2.606837,0.28240597,0.62404853,0.9327126,0.49330923,0.424573,0.81309086,0.65256727,1.4082993,2.271809,1.0744972,1.8687739,0.06398837,0.935805,0.16865446,0.5877687,0.039772123,0.04263541,0.057506327,0.09676791,3.3457322,1.4376218,0.019277846,1.3917873,1.0483563,1.4520077,0.78105545,0.16875057,1.9604118,0.26076645,0.85069156,0.051138893,2.4285161,0.05987138,0.6391741,0.5476804,1.3349143,1.2640721,0.5306888,0.07420802,0.13827844,0.6784353,3.2220523,1.406091,1.1793914,0.07754953,0.06254207,0.3889831,1.9569669,2.1741736,0.32582086,0.29328054,0.56848574,0.082491316,0.52065885,1.1533947,0.9821836,0.14617357,0.6917719,0.20150216,2.2372603,0.16758971,0.00086252997,0.00036774421,0.6547587,0.56439626,0.0124332355,0.10219871,0.03320815,0.76666826,0.8174339,0.3159636,0.4996679,0.43548322,2.1753259,2.5973744,2.7819643,0.0,0.07868109,0.67278606,1.6704425,2.229239,1.2110215,0.2133544,1.913852,0.23635381,1.2027035,0.68026793,0.22599763,0.8951369,0.28508744,0.28096077,0.14240606,5.0297933,1.552794,0.72227407,0.9686559,1.3302389,0.5949953,0.62077737,0.86055243,0.06427598,1.7827324,0.18210305,1.1619967,0.8425296,0.48335308,0.82727945,1.7620739,1.0566045,0.9761008,2.270476,0.03645149,1.7829007,0.6864817,0.5919763,0.30773348,2.3103335,0.5218577,0.90611726,1.4592861,0.031131923,1.2554512,0.89033115,0.29974163,0.46618792,0.016808132,3.9246638,3.6576283,0.75838983,0.37623692,0.54141414,1.3837265,0.15994564,1.628479,3.1904068,2.59114,0.73427486,2.065611,4.1415367,0.88539976,1.0143468,0.07769357,0.6298246,1.7925705,1.198544,3.0289824,0.14895773,0.0,1.5106313,0.3984014,0.13236131,1.0044043,0.21871892,0.3336482,0.32572976,0.2963514,1.0843556,0.07184559,3.7474396,2.6931684,1.8824733,1.2495708,1.9104118,0.9768514,0.5373347,0.4203801,1.1389598,0.830446,0.13662001,all_pothole_images\pothole_images_new_image_1022.jpg
0.7861408,1.1529484,0.56274664,0.3256882,0.014338776,0.9960906,0.078602694,0.070252955,1.3861183,0.35904303,0.8948958,0.18738699,0.6067391,0.04780528,1.4494761,0.7887343,0.24333423,0.22364537,0.91848147,1.7970241,1.9060384,1.4445572,0.53009766,0.8837606,1.6377115,0.43458495,0.9429444,1.8918796,0.40740207,0.5276366,0.43273395,0.057353243,0.9948176,1.4640266,0.026935255,0.47144255,0.13352306,1.3484528,1.5425605,1.0935073,2.0298529,0.16591437,0.17197993,0.32041383,0.16368371,0.007514787,0.7278694,0.2641771,0.6424694,0.47764018,0.007053586,0.55921805,0.9979584,0.02020468,0.5353698,0.25279903,0.91742456,0.19993451,0.38601527,1.07838,0.42506084,1.1158195,0.59779227,0.20872276,0.114299126,1.3219693,0.14915219,0.14673351,0.774278,0.22964948,0.19568233,0.106281035,0.066225365,0.38687912,0.31034285,0.40988544,1.0797981,0.7226799,0.11884044,0.19624299,0.60493743,0.46063575,0.32430017,1.5990285,0.3589061,1.233776,0.11674234,0.531111,1.6084058,1.0072757,0.021217914,0.121963374,0.4005821,0.29162386,0.7995046,0.31256375,1.357365,0.32920408,1.9079639,1.232112,0.47975242,0.99016446,0.21828648,0.4186409,0.6379621,0.2930743,0.15965849,0.25007817,0.4665818,1.3415003,0.2867276,4.323182,0.43425167,0.18446721,0.0,0.35948655,2.2102463,0.41764814,0.83731693,0.34368706,1.8617531,0.25549856,0.14621368,0.8913591,1.0830665,0.18524002,0.073807776,0.18393058,0.76259065,0.2653053,0.40473905,0.17739126,0.4904816,0.30077493,0.51043063,0.6991389,0.77123696,0.64458674,0.21327914,0.35412964,0.030482352,0.3591393,1.371936,0.019716047,0.73599535,0.1474803,1.3170029,0.6270581,0.116562374,0.046229243,0.37056044,0.1459326,0.1208169,1.210512,1.5196261,0.305817,0.043912668,0.16276242,0.22272523,0.93780494,0.7474832,1.5010266,0.13584042,0.49634147,0.26866505,1.1596909,1.0266329,0.74586654,0.5644133,0.6735832,0.12271144,0.3415971,0.9933402,0.15081334,0.5998657,0.003424761,0.2799759,0.0008883759,0.672715,1.5972214,1.4147077,1.7690818,2.5775487,2.974468,3.8087986,1.248363,0.25810966,2.8200247,0.05397867,0.88207626,0.10928317,1.0273019,0.050212715,3.35405,0.41389024,0.22469844,0.91143906,3.5267353,0.8089422,1.0586488,0.0322714,1.4371558,1.2232574,1.0239005,0.6609699,0.4800766,0.8032789,0.3400092,0.35134622,0.4841676,0.49187765,0.005419346,1.2949057,0.24321546,0.3794811,0.250635,0.18361078,0.5314929,1.9169801,0.3280115,0.43242314,0.06661766,0.19909804,0.8972351,0.16968343,0.2351387,2.7073324,0.15700455,1.5398167,0.8733203,0.2668418,0.5464339,0.9822909,0.6383604,0.8511483,0.7766538,1.0129503,0.09625318,0.12752388,0.0,0.51657665,0.36591607,0.7589354,0.29035255,0.124525554,0.0,1.2550666,0.7264843,0.4529035,2.6330068,1.0454607,0.18991417,1.1066276,0.60544497,0.5434091,0.0011754619,1.1735687,1.175457,0.025326103,0.3744947,0.107976384,0.23921713,0.5852233,1.8863012,0.54744565,2.449685,0.4829047,0.8328949,1.754642,0.07052453,0.6491676,0.067532636,0.33331504,0.27445647,0.509035,1.0166326,0.9550037,0.763953,0.17589934,0.4805282,0.073369406,0.9481796,0.1675451,0.3389458,0.8053109,1.2070793,0.3697888,0.52832484,0.00018323766,0.0,0.8579791,0.43146482,0.582195,0.48717862,0.33451664,0.19254033,0.116902545,0.2924804,0.6819487,0.46031874,0.41229188,0.5179136,0.014503902,1.1060814,1.3103573,0.02486982,0.21796687,0.6362988,1.0443919,0.5106839,0.54137367,1.789155,3.902144,2.5885365,0.0001760267,0.47951373,0.56980807,0.24747431,1.3809114,1.4267344,0.61330694,0.0,0.4762679,0.30266756,1.5503242,0.8549946,0.5482692,0.0,0.03841143,0.98004276,3.5040038,0.7693855,0.01637775,0.30583277,0.5730405,0.6240724,0.3452197,0.6557008,0.09076509,0.03744869,0.9890496,0.85906345,3.351342,0.62080705,0.789744,0.08096378,0.28433532,0.415152,1.3546361,0.8259828,0.30888245,0.8680244,1.096629,1.7357637,0.73006827,1.1731195,0.012304008,1.2017213,0.47825304,1.175224,0.031205352,0.5243749,0.3184966,1.1129584,0.52481437,1.4454119,0.8788817,0.7294848,0.30338186,0.03230859,2.9594762,1.0899559,0.9020093,0.48572132,1.1741803,0.2181885,0.7652026,0.29834402,1.551169,0.7368171,0.7173483,0.2841667,0.32204184,3.1859396,2.0705423,0.37804288,1.0841929,0.08929441,0.0,2.0630345,2.082211,2.665668,0.17399006,0.42544952,0.2290316,0.6790393,1.0579793,0.22706811,2.9694884,0.26718938,2.0210376,0.04342256,1.1955497,0.11249963,0.09909051,0.7824616,0.4506719,0.5318637,0.13102148,0.0,0.30975208,0.79641914,1.2509699,0.27475357,0.045590185,0.42327002,2.07523,0.5637984,0.60729086,0.5565776,0.73163533,0.19616088,0.6185802,0.98449594,0.77375704,0.0074138083,2.624506,0.3440656,1.6588951,1.413373,0.072394796,0.61145526,0.5541352,0.0034771732,0.48836866,4.690695,1.8661683,1.0271602,2.6048226,0.42425174,0.23900074,1.6124411,0.015758913,0.096198715,0.42070705,0.24679779,0.6737391,0.7537025,0.039664965,1.7113105,0.36574173,1.8978401,0.18012486,0.8171944,1.3960549,2.080349,0.15715523,0.8889367,0.68472296,1.2299726,0.07459075,0.26583958,0.5894459,0.13083713,0.33720818,0.93121564,0.5795286,0.2414912,1.0540811,1.7141873,1.7939832,0.48412502,0.79033816,0.09926929,1.0028706,0.29566664,0.7799023,1.0757872,1.6862665,0.0022097484,1.881812,3.9631784,0.76450706,0.5086167,0.37814596,0.49704927,1.3296206,0.4715098,1.262462,0.81390065,0.8911045,2.497418,0.0,0.12104627,0.04223508,0.13993512,0.18117192,1.587523,0.07014666,0.3599123,0.10196301,2.2220387,2.7772446,1.2522967,1.3647604,2.7438974,1.1333643,0.85587245,0.58517164,0.32498026,2.7455657,0.76247823,all_pothole_images\pothole_images_new_image_1023.jpg
1.7419744,1.2487469,1.2388943,0.18824688,0.34578812,0.9479541,0.23036537,2.5771983,0.17856033,0.68721956,0.13898717,0.81886244,0.23810047,0.07320116,0.07232119,0.48472384,0.2773206,1.9479532,0.0027009768,0.26779482,0.4116631,0.7085592,0.8843918,3.4286976,0.01895955,0.0014432829,0.001404527,0.68147177,0.0611338,0.41223782,0.5953009,0.0,1.1384335,1.4688878,0.31950203,0.22733587,0.6128927,0.32267767,0.6372513,0.47957057,0.116676845,0.0,0.05999221,0.55767083,0.2170978,0.2503043,0.53357804,0.04663298,0.19750373,0.36678773,0.7977754,1.1587476,0.19901761,0.0043336945,0.47446674,0.16522633,1.2409177,0.1361288,0.48169076,0.053320106,0.29838207,0.16074866,1.4494454,0.50299364,0.103467785,0.29184282,0.2498174,0.5328978,0.41136262,0.05395387,0.10965282,0.7182004,0.076975584,0.51856506,0.5362122,0.76304346,0.017038966,0.7215645,0.013334525,0.5892879,0.0448976,0.26388192,0.7266058,0.93875206,0.93799776,0.60501516,0.12650798,0.37353736,0.7530744,0.16135536,1.429703,0.42107156,0.22776985,0.13104086,0.272179,0.66301805,0.83400327,0.2261947,0.5514694,0.04070861,0.04108153,0.7495329,0.40151578,0.27499276,2.13309,0.6251696,0.06422633,0.16816731,0.77797544,2.5419674,0.05535471,1.1050189,0.20925759,0.85167134,0.09413064,1.2712898,1.4005612,0.108514406,0.09748644,0.27183986,1.9788139,1.1315252,0.37513128,1.2985392,0.92427653,0.2998246,0.10895326,1.0381945,2.8625476,0.4467617,0.37537745,0.05609594,0.12710339,0.17199932,0.010746753,0.27319843,0.04511563,0.6987679,0.054924347,0.45310917,1.5121329,0.015451438,0.8655154,0.8581569,0.22123769,0.64585984,0.20964374,0.91069233,0.004042388,0.4164654,0.060864966,0.2126503,0.6480981,0.0,0.721374,0.2159954,0.8344667,0.035310727,0.1260059,0.2984466,2.3773782,0.4799802,0.0045380066,2.7599664,1.2912017,0.03209849,0.9065616,0.31580544,0.7341175,0.59997284,0.52129847,0.23219535,0.076068066,0.17395033,1.815466,0.92204005,0.30729648,0.0,0.37736937,0.41063133,0.0058704396,1.217837,3.579048,1.1966397,2.4471235,0.05870528,0.25021082,0.59822196,1.32885,0.04032962,0.21899852,0.059788644,0.68388224,2.3001995,0.43300378,0.037240796,0.60348797,0.9837218,0.614251,0.049178608,0.29911375,0.90595806,1.4299278,0.7568578,0.78172946,0.59877455,2.3718517,0.14926764,0.20181453,2.4812999,0.022462418,0.5895243,0.13151944,0.32415044,0.120581836,0.048009854,0.55317926,0.21227112,0.5471043,0.14565264,0.245949,1.0899172,0.71385634,0.39211127,0.4168902,0.049024522,0.43945476,1.0513382,0.07488929,0.0813822,0.045745127,0.05927008,0.16781549,0.6553348,0.29850888,0.0050041033,0.7392606,0.6910525,0.6273373,0.77106124,0.029256089,0.0679512,0.4255876,0.35092008,0.24412887,0.117501654,0.6857015,0.35232398,2.7290082,1.2791517,0.20193565,0.16482098,1.0816419,0.0018628069,1.1543535,1.2165682,0.47232184,0.29288694,0.29272357,2.1136498,0.014223573,0.40508062,0.1576141,0.79114205,0.026998086,0.4749291,0.40839908,0.22227141,0.7420991,1.0398964,0.24338467,0.4387749,0.68830246,1.815638,1.1673232,0.21449599,0.50199366,0.9232455,0.4297655,0.30772182,1.189716,0.10616478,0.078449614,0.15121998,0.46356404,0.005192487,0.11735716,0.249143,0.042274266,0.02514101,2.057556,0.18478613,0.76786584,1.287595,1.0101452,0.14952913,1.1389409,1.7718683,1.0709475,0.10227197,0.8788447,0.04456996,0.40167865,0.87249047,0.5006,0.0,0.24839036,0.17785944,0.13720477,0.28075185,0.88936996,0.8789524,1.1649557,0.51903206,0.22221874,0.11740276,0.10641286,0.18218821,1.174466,0.037291087,0.73279554,0.53656346,0.4340037,0.09648549,0.42568412,0.4766009,0.16380344,0.004992073,1.2061332,0.4421344,1.6398109,0.14487502,0.6094974,0.10160093,0.6139074,0.21287237,0.42837664,0.13591199,0.46302366,0.18292688,0.50148153,0.7300183,0.12741327,0.23348442,0.71006393,0.0058521978,0.18089376,0.0026849776,0.0,0.87721336,0.118043534,0.54955935,0.017529022,0.20348665,0.060598515,0.11482529,0.52766407,0.042431403,0.19699425,1.154357,0.5071769,0.7987607,0.6857081,0.6136673,0.010499232,0.4418322,1.6857401,0.68136847,0.389155,0.35743946,0.4827869,0.44285107,0.45596275,0.75176185,2.0777352,0.30474275,1.0171179,0.805165,0.9062326,0.33513775,0.9184177,0.3268274,0.5412619,1.4964677,1.293952,0.6002465,0.028279435,0.52290255,0.076039836,0.37689048,0.040071502,2.3231997,0.8577739,0.2794988,0.5517109,0.045792483,0.52359587,0.46332657,2.2324674,0.32691893,1.9615507,2.002361,1.3503581,0.5928263,0.29551035,0.0,0.1786206,0.65906334,0.0,0.43871593,0.23192476,2.115009,0.7179111,0.01814559,0.27452525,0.346551,0.19080877,0.10779824,0.4227211,0.15841946,0.1737996,0.8890759,0.68947506,0.73346436,1.7748572,0.2751055,0.58669686,0.81773686,0.117033064,1.2175897,0.18928313,1.4302655,0.38739765,0.3287116,0.024493195,1.9150612,1.4628445,0.66371644,1.1024073,0.4789368,2.158489,0.35241652,0.4101757,0.57032096,0.048725326,0.32302624,0.5310323,0.21355455,0.100448266,0.23665085,0.7544892,0.26666784,0.3027879,0.94339144,0.009435765,1.8338473,0.6223837,0.5615991,0.20641685,0.39306974,0.2876031,1.0148127,0.74725753,1.1986986,0.5257801,0.23116153,1.3161318,0.4848039,1.0833746,0.12009329,1.0251389,1.2038646,0.36133513,0.29516676,0.99019384,0.032782592,0.6560272,0.34434804,0.53635794,0.014882547,0.84857285,1.1137074,0.27195406,0.33418858,0.0710955,0.3639538,1.2570416,0.11215054,1.2429689,0.10541731,1.3613735,0.24391505,0.03927744,0.17789833,0.5142094,0.36956298,0.16914622,0.11962288,1.4333882,0.08899233,0.75730383,2.7644968,0.17518872,1.8451229,0.14104493,0.59900635,0.0,0.35386345,0.024254918,1.6894304,0.3737501,0.054257877,all_pothole_images\pothole_images_new_image_1024.jpg
1.4866776,1.2053747,0.12914021,0.94028026,1.1034393,0.8780954,0.534429,0.053273015,0.10337757,0.7225363,0.35191104,0.9793315,1.308687,0.48049736,0.484358,0.052865386,0.0026797329,2.2134206,0.033808317,0.12697013,0.5317281,0.8946089,2.1726613,1.0538238,0.24107294,0.19645719,0.9478934,1.2963928,0.40304363,0.03485432,0.4344382,0.003633603,0.17176427,1.3773627,0.10128705,0.16095774,0.43473893,0.4156075,0.27559096,0.00060686,0.0,1.3545473,0.162826,0.86168593,0.0031621715,0.011467883,0.137269,0.4098734,0.04190663,0.076318316,0.26824424,0.7826125,1.7599524,0.012277416,0.025892202,0.05469389,0.63894325,1.0520201,1.07512,0.17649075,0.15745486,1.0697975,0.53321105,1.5186611,2.5967484,0.7682384,0.41109228,0.0038306306,0.02669043,0.8889774,0.33114818,0.08928621,0.54009384,0.18704562,1.0547255,0.73951983,0.120696485,0.6187697,0.0,0.003991689,0.6282431,0.0,0.4573193,0.08798505,0.3847323,0.25156188,0.67526805,0.80991644,0.53743315,0.19953197,0.4691098,1.1725992,0.662029,0.28677404,0.5042889,0.79217094,1.4698489,0.7063068,0.35079458,0.013907172,0.04468497,0.78583574,0.03699539,0.4120341,0.80778205,0.6147439,0.12272687,0.39898866,0.97197145,0.47202262,0.17482798,0.2634412,2.5629337,2.3969889,0.5903794,0.22549582,0.059356894,0.009486421,0.22241962,0.29201385,0.32523555,0.6410166,0.1624202,0.15175733,0.92550284,0.8977035,0.073064215,0.10737672,3.586995,0.7854932,0.4004685,0.07171349,0.0,0.2130106,0.035090882,0.1358332,0.05704395,0.4519,0.65527916,0.04807147,2.3321652,1.569579,0.31427646,1.8275167,0.46448708,3.2630382,0.011505779,0.6749039,0.005895033,0.033324964,1.8214643,0.5946116,0.0071398863,0.19043949,1.0758303,0.6474462,0.44549653,0.2919453,2.545969,0.31464928,1.9557195,0.6514217,0.09050745,2.17418,0.37617925,0.3668773,1.1935945,1.3188813,1.2611277,0.50393814,0.15441164,0.32297423,0.057591837,0.12877838,0.7203181,1.0261095,0.68221563,0.45287856,0.4285132,0.053305395,0.28983048,0.32046476,0.17134339,0.6125287,2.2209044,0.05241445,0.020618863,0.0023787746,0.8029838,0.060018152,0.9431548,0.18288437,0.39024773,1.8961499,0.0,0.4330895,1.1748416,0.88452286,0.10842037,1.1113205,0.83150774,1.4572785,0.30663362,0.13818674,0.24553092,1.1209562,1.4642321,0.40718517,2.0760725,2.4925127,0.010059962,0.03328076,0.57738215,0.21068639,0.35097256,0.46246776,2.1117404,0.5865491,0.2428092,0.13860436,1.1548319,0.29748988,1.2735077,0.017959613,0.013927413,0.0,0.9928709,0.1463413,0.62799275,0.061126746,0.4905205,0.012561787,0.08489926,1.5604291,0.011949994,0.035895955,0.63410157,0.51827466,0.2599983,0.83434635,0.014401027,0.0,0.6918856,0.114302166,0.09488939,0.08234904,0.46929845,0.7939326,1.3302225,4.0838265,0.33157542,0.033395052,0.20642808,0.012492839,0.71703035,0.25019225,0.6493699,0.85280186,0.027713018,2.8272898,0.61651546,0.43284887,0.24272649,0.34499684,0.749354,0.6648019,0.5669895,1.2556851,1.0177547,0.04693782,1.4322945,0.56288093,0.24516113,0.21447101,0.0028973897,0.10865879,0.2513302,0.24134694,0.78910226,0.10032101,0.34106117,0.123253286,0.780808,1.0896183,0.37708995,0.22912605,0.36300495,0.034584716,1.2748599,0.098101325,0.2465648,0.30996272,0.67484534,1.1429024,0.05600701,0.016880417,0.7043074,0.17762555,0.4213687,1.5407732,1.3169726,0.09084132,0.111957334,0.016291754,1.1276611,0.0881624,0.057834163,0.013151655,0.08034035,0.09772096,0.54008,1.1637269,1.1372894,0.9817167,0.2591701,0.016912961,0.37062773,1.0744746,1.6943144,0.9153568,0.54729444,0.0012469605,0.7073295,2.00337,1.8449999,0.22529775,0.7425028,0.03985206,2.646878,0.039454304,1.5686835,0.7887164,0.011227218,0.3098277,0.0,0.00041142592,1.5025812,0.0,0.47174466,0.16358466,0.041586082,0.43339568,0.37644902,1.2596008,0.8066652,0.5355016,0.22862022,0.7656823,0.0789477,0.21791047,0.4683841,1.7008058,0.8377928,0.1270216,0.40986314,0.05510413,0.51371,1.473691,0.03583632,0.9351056,0.7962824,0.31727666,0.154205,0.8422367,0.0017060871,0.03333075,0.706467,0.18329509,1.0461792,0.20409128,0.07515529,0.40412718,0.20649952,0.09616656,1.4143807,0.75277376,0.44724467,0.5127473,1.0592556,0.7513377,0.59550846,0.037904456,0.57236916,0.40905088,1.0288925,2.751227,1.258047,0.07183614,0.029052746,0.66676134,0.026110819,2.3768494,0.4019312,0.50601083,0.23852587,0.6013156,0.6974005,1.4849215,0.6090051,1.8182594,0.2863054,1.3860816,0.28736565,1.1682327,0.31203482,0.8157336,1.3468629,0.26225618,0.73653525,0.5696285,0.32643616,0.7087355,0.06449197,0.15372412,0.58833003,0.06914225,1.6448747,0.99995655,0.3059173,0.2991369,0.7223664,0.53969914,0.069312535,1.6627853,1.7825019,0.08192239,1.9569468,2.1161985,0.67914844,0.7740973,0.36684403,0.15098405,0.2079936,0.005632138,0.045250557,0.77104557,0.36543998,1.4874809,0.56872076,0.5195111,1.1469945,0.10451642,0.029556023,0.7282842,0.110165454,0.0049659093,0.051962968,1.6276159,1.5515463,0.8836352,1.7751614,0.07273108,0.15111643,0.20226735,0.06411528,0.50146914,0.42409506,0.04765973,1.0376433,0.16284792,1.7725583,0.76107174,1.4350017,0.68271285,0.63181996,0.004887607,0.0,0.005397837,0.35324574,1.1337222,0.3570239,0.19905941,0.14530164,0.08314528,0.06238799,0.2219354,0.009344754,1.0209165,0.01746638,0.34009963,0.4345532,1.0358275,0.946088,1.1768963,0.18785064,0.03487091,0.018026717,0.22358896,1.759249,0.0,0.83673733,0.24771184,0.005649613,0.53174293,0.07578714,0.111999035,0.8327436,0.013256897,0.36198807,0.28500217,0.22343028,2.152527,0.57649297,1.3889711,0.05931562,1.6071188,1.0269437,0.6151686,0.0,1.8656344,0.48976922,0.5256155,all_pothole_images\pothole_images_new_image_1025.jpg
2.3525903,0.9500318,1.9239568,3.1487906,0.21990398,0.73182654,1.6777823,0.7080607,1.3119996,1.3885194,0.4704688,0.8912912,0.01951507,1.006476,0.0034035216,0.5408918,0.016955184,0.5978742,0.64796335,0.2594037,1.7366488,0.5821299,0.03792756,0.89057297,0.19895676,0.09236517,0.20959914,0.01745769,0.09078709,1.6952415,1.2888795,0.5071663,0.8559977,3.0720513,0.2399217,0.0942248,1.2364143,2.2993023,1.767825,0.3098638,0.027572092,0.0096457815,0.80119425,0.11654987,0.7829339,0.52238244,1.8252538,0.0,0.25839567,0.37518364,2.618896,2.5449295,0.91584605,0.28491262,2.3283904,0.126699,0.26100776,0.15322903,0.93085927,0.046856888,0.28873384,1.4528986,0.004140606,0.46774253,0.31889462,0.45026252,1.5190701,0.30125192,0.52113736,0.16322915,0.47648433,0.6940126,0.7321234,0.24827972,0.25479627,0.014660117,2.0059302,0.7902097,0.027169295,0.10022966,0.1306689,2.6639993,0.34634143,0.801826,2.1867921,1.7328036,0.08184757,0.3105133,0.2330854,0.00019168279,1.732301,0.06619663,0.10076645,4.598773,0.45367363,1.5314773,1.7369049,0.24722996,0.0,1.2409034,1.1970271,0.60289496,0.7187674,0.23026788,0.36111194,6.031382,0.22549346,0.0008939858,0.2527311,0.28204185,0.026382405,1.6742712,0.12863915,2.3794203,0.0664903,0.0,0.5002832,0.006581198,0.71140707,0.62848115,1.2944485,4.0171556,0.008467444,0.0896096,0.91213316,0.052673522,1.727254,1.3170458,2.1097574,4.7059813,1.3890628,0.3803127,0.7959086,0.2961046,1.0569196,0.34044328,0.459135,0.30488828,0.52825624,0.32034516,2.1000364,0.9250071,0.50416774,0.60960865,3.1974013,0.17221847,0.34687126,2.0909617,0.2617689,1.4795936,0.0143386405,4.744691,0.23358907,0.3322669,1.0107327,0.008555065,0.6950664,0.43736088,0.0043966896,0.23424959,0.9699235,0.2945416,1.001927,1.218856,1.7371027,1.0361202,1.0521524,0.19289938,0.048766535,1.1937275,0.38281214,0.6865902,0.17038317,0.29612422,2.664252,0.7992017,0.11438291,0.0018406624,0.34202984,0.15097131,1.007109,1.2494276,0.07277004,0.46068415,0.17654301,0.058454365,0.0025169111,1.8632014,0.03082726,1.1308901,1.018456,0.9010876,2.3081207,1.1177573,0.0,1.0767657,0.29168144,1.3886918,1.7563875,0.15484712,0.31275833,3.0257082,1.0879976,0.81513584,0.09075055,0.38731205,2.4068408,0.14122206,3.205753,0.11568171,0.9305932,0.6752758,0.9404041,0.5519567,0.14276849,2.0521464,1.8475114,0.11432301,0.065771505,0.071053185,0.09250582,0.5145759,0.68899816,0.3472223,1.4125509,0.36952055,0.4333877,0.15493785,0.22239946,0.08941909,1.3040229,0.18344083,0.41670558,0.14754139,0.1278663,0.060533572,0.93818045,1.5366681,0.22727941,1.5131923,0.14619264,0.22494872,1.9468007,0.44297466,0.44356117,0.12588802,0.06659282,0.11503236,1.8428829,3.066565,0.32988572,1.3029495,0.18842423,0.37524328,0.21148716,2.2598913,0.14891149,0.26209414,0.5498596,0.076240204,4.1396594,2.0421102,0.28858832,0.53901315,0.115755096,0.76569504,0.23340769,2.7661145,0.5101825,0.48342004,1.1634494,0.84463143,0.23784724,0.5616142,0.0,0.502751,0.58268195,0.08910755,1.882336,1.017137,0.80217427,0.5814031,0.39957952,1.0258737,2.5124226,0.03258746,0.6186941,1.6833844,0.3644614,0.1053085,0.0132625,0.1549462,0.15636027,0.118967324,1.4573162,0.51479065,4.470118,0.18050483,2.6429458,0.47580177,1.5559942,0.23078443,0.84550023,0.2905972,0.7381723,0.32176223,2.2939155,0.32659304,0.07375031,0.1785297,0.15324263,0.45090187,0.28281268,0.21945213,1.3784404,0.76702005,0.21796608,0.37671426,0.3051972,0.5003093,0.426846,0.046083514,1.9940138,0.6727695,0.09085574,0.43267202,0.87225574,1.6996659,4.4123716,0.14966176,0.40875655,0.036211483,0.3915847,0.09972601,2.3774242,0.055941623,1.4345268,0.513399,0.42189178,1.0306259,0.141376,0.8181132,0.39755762,1.8694792,0.10462389,0.47824988,1.5753429,0.48121047,0.35691172,0.17066665,0.22882855,1.4803731,0.17121229,0.27699146,1.5724871,0.48467076,2.573526,2.8100753,0.014419319,0.9164018,0.68156415,1.5736201,1.9671235,0.5770713,2.66156,0.38987076,3.2038648,0.11811482,3.2922602,0.7689692,0.2917371,1.6155727,2.1824827,1.1041936,0.48406872,0.12628078,0.7982409,0.45927373,1.0717812,5.139297,0.34411407,1.1086808,0.39091045,0.5324796,0.18159004,0.60798395,1.1576483,1.7461774,0.044694968,0.5105962,1.8470044,0.169214,1.2084019,1.3122815,0.13713299,0.0,0.0063466337,0.8975505,2.1330254,0.21050246,0.029907499,0.14866343,0.0,0.5334604,0.37243828,1.2938212,1.1679028,0.20713376,0.110930234,0.14102253,0.6906016,0.24294533,0.07488026,0.09135727,0.76042485,0.012191669,0.8883188,0.13139053,0.5512229,2.4997437,0.013617663,0.8369072,0.40599385,1.3061006,0.053543724,0.5343834,1.0146189,1.4935433,0.023540325,1.7477354,0.073192395,1.3431281,1.2648156,0.0,0.3547669,0.056766495,1.1675526,0.036286544,0.72971624,0.25343335,0.26922533,0.5153662,0.050517354,0.23172863,0.7400744,0.5686943,0.5421028,0.07090345,2.6842768,0.6416458,0.023623519,0.5317151,1.4493482,1.9368769,1.0862429,1.709898,0.7195171,0.81878537,1.9913381,1.93208,0.29476672,0.9973263,0.035145774,0.5279458,1.8539705,0.8348358,0.18389854,0.15709686,1.8446163,0.7250623,0.08452282,0.35654372,0.8106517,0.60588837,0.29173374,0.004602992,0.2357307,0.5374852,0.023304565,0.18122914,1.0859072,1.4257367,0.49009144,0.52999604,3.6302125,0.71064,2.287476,1.0455242,1.7299211,0.045960464,0.89487064,0.89558595,0.7829216,0.4300728,0.0036838464,0.0,1.1316333,2.3960845,0.0004134977,0.539872,0.624294,1.4430076,0.37883648,1.497537,0.6354159,0.0071886084,0.7883153,0.01146204,1.6073848,0.25300696,0.0,0.0,all_pothole_images\pothole_images_new_image_1026.jpg
0.4919814,1.043313,0.0,2.0234106,0.83206874,0.06772318,0.5467997,0.0,0.5938748,0.079467356,0.5030362,0.37000352,0.22165255,1.831864,0.048081685,0.01630008,0.4328133,1.5359055,1.0060779,0.38816923,0.24683204,0.6139485,0.08548376,0.18959709,0.5003779,1.292645,0.8392568,2.5641434,0.39401034,0.24371707,0.05805104,0.7651345,0.4641147,0.23294884,0.024901671,1.5371552,0.14177042,0.31954166,0.2813725,0.0,0.0,0.29495373,0.4578986,2.746339,0.34817886,0.0,0.16392854,0.20844132,0.21864742,1.662755,0.37353942,0.043610178,0.29486948,0.09104548,0.6491222,0.94073564,1.9944453,0.02317376,0.012562197,0.3650026,0.85120094,0.14002848,0.22523409,0.42192543,1.1477555,0.96789765,0.31944254,0.09889468,0.43545243,0.113841996,0.21387185,0.22828573,0.33999416,0.15522042,1.3289069,0.0,0.01064344,0.6592801,0.5422802,0.43000174,0.044480946,0.12864652,0.25863898,0.5959825,0.0,0.015320079,0.17785697,0.27907407,1.4200727,0.091561325,0.60534954,0.3716801,0.031481463,0.083889656,0.056462105,0.0,0.2425246,1.8881432,0.5221163,0.07620597,0.017167313,1.9415905,0.42550626,0.0010213765,0.82502043,0.11433971,0.72093385,0.6524561,0.025191573,0.11374407,0.030279744,0.36599433,1.1249707,0.6012274,0.2959769,0.705072,0.46799016,0.17656925,1.9328274,0.5634808,1.5044287,0.007654261,0.13964774,0.6498693,0.51240194,0.10151984,0.27657944,0.3155158,0.5498231,0.0,0.022348857,0.54977244,0.08900037,0.124687776,0.16172557,0.07250267,0.19165385,0.055529136,0.28403205,0.23531604,1.004209,0.34575436,0.43854716,0.112009004,0.037554756,1.5351709,0.0315972,0.35890603,0.38130575,0.039947063,0.2773101,0.9387551,0.005380038,0.05856874,1.02929,1.1237335,0.14057407,0.018059522,0.90974844,0.8169991,0.5554885,0.56004316,0.1486808,0.83788073,0.2314691,0.068960644,0.082311645,0.064512506,1.159585,2.3710575,0.10163375,0.24786997,0.2052924,0.11535664,0.08046864,0.01163277,0.36167207,0.21113263,0.28265804,0.019445987,0.017505022,1.9266447,1.1534685,0.7416024,0.27212846,1.5351548,0.27784514,0.52297425,0.95343125,0.38735574,0.14968836,0.55961967,0.30428967,0.9382981,0.24711731,0.5014442,1.7930654,0.07780872,0.1330119,0.26698762,0.02047236,1.336945,0.8834293,0.07346091,0.093175136,0.19960302,0.34817067,0.47471625,0.6465907,0.34342083,0.0,0.009587637,0.4580516,0.82059836,1.9703321,1.8968649,0.3207753,0.07325716,0.29770556,0.06074771,0.80524755,0.07530541,0.1255288,0.097304985,0.0,0.0757633,1.140755,0.23544587,1.5896083,0.4924148,0.1893406,0.20160188,0.37890553,0.8790188,0.2913045,0.34655863,2.0394146,0.4074862,0.06998046,0.45104864,0.08521821,0.5191113,0.12735967,0.0976408,0.31655115,0.006256771,0.7284153,0.14293893,0.24601558,3.8671346,2.183835,0.03045646,0.36535168,0.3743832,0.0,0.5336337,0.34184724,0.74334013,0.19956249,2.276649,0.35812542,0.1621611,1.2139002,0.044636842,0.155813,0.3536816,0.765696,0.12433686,1.7440528,0.0,0.17106262,0.006994139,0.23462284,0.028815143,0.5469751,1.8322853,0.21907333,0.40796995,0.11881734,0.3877577,0.548941,0.46598098,0.71405137,0.012635188,0.0,0.6579565,0.26955873,0.026421312,0.6427145,0.0015163657,0.0048992364,0.048067033,0.12861589,0.5898405,0.00063474214,0.3602345,0.015266359,0.00034783522,0.41156057,1.2512352,1.1437222,0.3303175,0.004279541,0.02861261,4.9612246,0.041454338,0.059887536,0.21361704,0.2560454,0.3046915,0.87150043,0.6984988,0.33071563,0.96996385,0.34484735,0.8903282,0.0,1.2878907,2.935598,0.36347052,0.39221537,0.006244332,0.3313154,0.5026607,0.37469444,0.061327185,0.56356996,0.039406214,0.41816273,0.0,0.5400664,0.18489444,0.23559812,0.05806227,0.12877066,0.0469458,2.5917237,0.53052545,0.3498226,0.5201434,0.08714052,0.16567662,1.2450763,1.5409923,1.4855036,0.51270574,0.02333421,0.38779438,0.13490647,0.0759756,0.6903395,0.49484566,0.062908106,0.3744343,0.20253794,0.36233464,0.15528342,0.8020884,0.8792329,0.6359808,0.19745396,0.818608,0.96240056,0.54112864,0.0,0.10948051,0.7957164,0.2781241,0.21658072,0.22351417,1.8237122,0.0,0.9923996,0.011150914,0.047275145,0.39350548,0.24970175,0.23876064,0.15460771,0.22225508,0.5473458,0.14126767,0.0050765737,0.62396556,1.8901968,0.32961038,0.94260466,0.0,0.051652033,0.28041452,0.29018897,0.37165534,0.9168358,0.051691055,0.036216527,0.20569059,0.61122346,0.19218808,0.4191922,0.0,0.76500267,1.5247748,0.3704267,0.56892544,0.12036452,0.21499756,0.6432857,0.5906729,0.70997846,0.077290185,0.9208467,0.4503416,0.8085694,0.4076847,0.49964273,0.729975,1.1936808,0.8043451,0.16685784,0.0031126568,1.9249015,0.41684532,0.20573139,1.1671668,1.8654501,0.0,1.2556499,0.31080484,0.30013698,0.17095257,0.16757828,0.110470325,0.12479263,0.44004142,1.1433207,1.8138165,0.12114039,0.2597911,0.08107561,0.1442004,1.0874033,0.06827812,0.042986635,0.04378111,0.5036141,0.0,0.25654644,1.4232433,0.24959786,1.7976862,3.8972535,0.3999105,0.35000122,0.026333233,0.37449726,0.65275604,0.18007402,0.10699865,0.0016418071,0.986512,3.4587646,0.17295557,1.3541198,0.002073928,0.9500283,0.0,0.1772417,0.0,0.17278838,0.48277262,0.23097639,0.8230744,0.19625714,0.8409724,0.96916604,0.23909079,0.6564243,1.5333959,0.07393942,0.03855075,0.2265746,1.4692578,0.97970533,0.011787522,0.66337943,0.0,0.029501671,0.4256392,1.0842171,0.0,0.26795837,0.8393438,0.094012275,0.060160056,0.0,0.0,0.58835375,0.08709917,0.038398862,0.0055852165,0.40850642,4.2391143,0.5113431,0.42942038,0.17719373,2.5619552,0.42846495,0.18568583,0.007844769,0.5889518,0.001033131,0.3424127,all_pothole_images\pothole_images_new_image_1027.jpg
1.2605718,0.71810275,2.007196,0.048560716,0.0,2.0790074,0.3154475,1.6153969,0.43423858,0.36447448,1.4382813,0.71430814,0.12199186,1.2945924,0.34228453,0.39796132,0.7327723,0.019962227,0.3896564,1.2108364,0.46103594,0.42636108,0.019822195,0.19704655,0.08687482,0.10116499,0.48492393,1.6920054,0.44195774,0.76581824,0.0,0.84042203,0.14221276,2.6017451,0.8160408,0.61613387,0.9046863,0.1743755,0.8465249,1.0168418,0.81871843,0.7832052,0.1943461,1.5000483,0.10071509,0.59869826,2.1950455,0.74773866,0.101933144,0.83670807,1.3149047,1.7290093,0.44599655,1.0154672,1.7738913,1.6995137,4.2495418,0.12928708,0.56787294,0.028652363,0.58135206,0.55663145,0.34132043,0.79509103,0.38977334,0.6759267,0.015321853,1.433989,0.44519767,0.4970261,0.55957514,1.357151,0.6607753,0.33614528,3.001164,1.0283296,0.32187036,3.103324,0.62304026,1.9072537,0.054138362,0.43343306,0.38199028,2.993334,2.4128132,3.4151735,0.31793144,0.4779863,0.315179,0.644353,1.7092689,0.3312931,0.24514385,1.659835,0.03531804,0.74749506,0.38357168,1.2322878,2.0754282,0.15093863,1.6296618,0.39820364,0.004285631,0.0018008237,0.7667532,1.1444584,0.6779332,0.07255032,0.55562794,2.6446707,0.033596158,1.6810153,0.41102096,2.228636,0.00050798606,0.80380285,0.38058576,1.2356149,0.094906494,0.011709457,1.3116951,1.3606488,0.40258217,0.0026238812,1.7938391,0.5403173,0.5126877,1.6268765,2.8841202,0.06020229,2.1521523,0.8231791,2.8342564,1.0640254,1.4579585,0.11005526,1.324617,0.76001287,0.8024999,1.1845798,0.4235519,0.62495613,0.87777734,0.04041098,1.943724,1.1367874,0.6193297,1.8452027,0.41550437,0.820784,0.3555264,2.0755343,0.30028123,0.14626344,1.0985005,0.14304875,1.3123337,1.8784161,0.93238485,0.8174516,0.53237593,0.11843461,0.79049,0.5701516,0.0101505155,1.5887421,0.41424385,0.06064215,0.9464836,1.586696,1.5803393,0.97179896,0.101125464,1.3940523,2.9424064,0.6365985,0.033065613,0.17095849,0.08517764,0.11024224,0.07348847,2.160148,1.7724526,2.5374134,2.7199233,0.19645426,1.2737503,0.9302654,0.5361479,0.76236725,0.48642746,0.3058607,0.6271644,2.343787,0.024333095,0.9181852,2.0146325,1.1402477,0.71118,0.23892145,0.97529525,1.9290733,0.42276797,0.23608826,0.98471594,0.86445045,0.91611046,0.12541002,1.164328,0.6185348,0.64276457,0.52735245,1.1121932,3.0152102,0.15704915,0.6227737,1.1157908,0.2405844,0.7806082,0.6240749,1.3031181,0.13668704,0.0144884745,1.298457,1.1785604,0.15353158,1.3014581,0.72246295,2.8522964,1.0746909,0.28914687,1.8114256,1.7868867,1.7179393,0.032055985,0.2819719,3.7449174,1.1632116,0.632358,0.015030334,0.2486432,1.1655904,0.4641173,0.14566427,0.09579962,0.013040357,0.3972012,0.39508504,0.14888307,1.5161753,0.0,1.4112338,0.38273805,1.23495,0.844777,0.816444,1.2418623,0.3332535,0.46622962,0.27766576,0.75431454,1.8792303,2.136275,0.37577695,0.12801729,0.099492654,0.22892636,1.8069229,0.3150379,0.028050354,0.6408371,1.8211997,0.27452204,0.23593922,0.8193892,2.330476,1.9592291,0.5212281,1.1437858,0.24963051,0.6336916,0.056995105,1.4150046,0.006593592,0.018624643,0.3410572,1.3467834,0.9217998,0.048466373,0.15812536,1.6584096,1.2504989,0.11754252,0.8220241,1.754855,0.4408038,1.0233662,0.035144676,0.82100546,0.35306284,0.6077067,1.5564463,1.5821712,3.0974238,4.2180834,0.07304332,1.6932732,1.429385,1.3208717,0.94135296,1.5066144,0.006987574,0.16403593,0.20133096,0.09090964,1.1601719,0.03966971,1.3587757,0.0785724,0.1417324,0.12734972,0.567334,1.1204828,0.0079528345,0.03962194,1.0649031,1.2113378,0.45299911,1.0344715,1.1007067,0.01631817,0.7094865,0.9429427,0.86825186,2.7854404,0.41356522,1.3260937,0.6583272,0.6704788,0.7518049,0.6708893,0.25325626,1.3695633,0.4946418,1.9798651,0.92291147,0.39398193,0.14074346,0.57127696,0.33502695,0.03115021,0.0,1.098291,0.1318849,0.13254923,0.77748215,0.79811764,0.70155084,0.6521718,0.8880438,0.055019207,0.6103953,0.54368,1.7676964,0.41759616,1.0262762,2.253188,0.6867815,0.10792084,0.030050963,4.5945544,0.746163,1.0254015,0.5221789,1.3728137,0.7110118,2.7331767,0.005715556,0.5917867,0.2982556,0.18678728,0.21861663,0.19445445,2.1519272,0.9512402,2.8030314,0.23854715,0.024882587,0.0711905,0.4703644,1.714822,0.85129887,0.47224972,1.1560187,0.7089473,0.1028961,0.38424242,1.1621075,0.40377203,1.3675421,2.4109461,2.1593158,0.93292266,2.0448103,0.17145942,0.50241226,0.84383243,0.63239366,0.37642854,0.21005633,0.12777273,0.19081663,1.7428268,0.62899053,0.024556115,0.027473139,1.4925491,0.20674458,0.33303177,1.0886736,1.3465312,1.4817362,0.77570504,1.5530674,1.4235054,0.051588915,2.2527342,0.04051555,0.5661226,0.9591789,0.22995062,0.56559825,0.8679905,1.2458768,0.14237884,4.2021093,2.6941805,0.3585062,0.066566944,0.1103497,1.9708277,0.74159503,0.29505053,0.9168008,0.7432938,0.6045347,2.1517484,0.089750364,0.50524193,0.20034926,0.9945656,0.22305954,0.95304775,1.4282258,0.83922094,2.7094884,0.05000924,0.2984537,0.049173374,2.0222523,0.70686394,0.0018511807,0.45568824,0.17008854,1.4539363,0.23324916,2.299369,0.9008571,1.6360095,0.82147074,0.92126757,0.69917095,1.5337963,1.6646622,0.73001087,0.36185926,0.44352624,0.8996517,0.9684743,0.15278885,1.4086483,5.1293316,1.6357025,0.0,0.48236963,1.5862378,0.2503504,1.2040695,1.3186291,0.44408736,1.4114149,1.0984248,0.3363664,1.4064475,0.37455904,0.94425076,0.059198864,2.139785,0.800803,0.12344481,0.8789548,1.6965678,0.37933755,1.3116816,0.3363158,2.034557,0.37927514,0.052354813,0.048683222,0.48819312,5.935183,0.28947642,all_pothole_images\pothole_images_new_image_1028.jpg
0.15840422,0.15466803,0.31138495,2.6353483,0.6253115,0.28391817,0.51630425,0.0,0.8153003,0.40374404,0.027978972,0.12886214,0.0633002,0.82975614,0.0,1.1702693,0.0,1.8555655,0.78538543,1.3135709,1.1566174,0.027077071,2.300575,0.42428276,0.5698243,0.61791396,0.043440685,0.8171423,0.0,0.06041723,0.0,0.0069828355,0.0039988277,1.1323837,0.5633912,1.2467233,1.7183467,0.4156793,0.17749615,0.2143083,0.15494718,3.9563212,0.7591148,1.2426759,0.12415331,0.46472985,0.2892704,0.0016377819,0.15363422,0.27178767,2.917311,0.23982318,0.026699785,0.42361242,1.0545428,0.48960268,0.3502378,0.7870902,3.112508,0.670794,0.43760926,0.9545861,0.45255193,0.20522629,1.4455881,0.24684677,1.6671275,0.0,0.17758445,0.9097669,0.021073809,0.3696012,0.27546015,0.050539084,0.0710922,0.4577543,1.5886719,0.5290439,0.037897788,0.0754474,0.052143805,0.46624076,0.1483469,0.699967,0.08379991,0.17933647,0.24225296,0.06604247,0.7966617,0.035371598,0.023550123,0.8107346,0.032270998,0.6956451,0.79920584,0.018954694,0.18078457,0.91057396,0.43912724,0.6182157,0.29202044,4.278122,0.15729082,0.5291805,0.5012371,0.04112247,0.57340133,2.5960424,0.22587632,1.9682155,0.6153854,0.6066085,0.012100976,0.39959824,0.08670584,0.29511195,0.8948205,0.81782,6.143288,0.5374481,0.55127,0.0675292,0.4387441,1.6594789,0.9318197,0.43015227,0.0,0.15554456,0.0,0.0,0.32483527,1.0624969,0.4976644,0.0809379,0.39000827,0.8949484,0.35053113,0.0687626,0.7052029,0.0,0.5561288,0.050004136,1.0912247,0.1794738,0.0,0.0,1.845155,0.15190773,0.3839127,0.7923722,0.073531605,0.06886596,0.11477532,0.040289406,0.8487381,0.9575347,1.809332,0.018251207,0.031584617,0.2829523,1.0623114,0.67649895,0.32625464,0.0,0.4189139,0.98888767,0.9586029,0.29765484,0.22194411,3.2329817,0.5970889,0.09197035,0.13284706,0.28048858,0.33165005,0.012282026,0.20813619,0.086696535,0.08428229,0.006274222,0.25662768,0.8722578,0.3542248,2.2255895,0.51222944,0.38853952,1.2822034,1.865911,0.3224866,1.3290905,0.3624502,0.118651755,0.028617764,1.238329,0.7153207,0.0030140013,4.9103637,0.24978334,1.4037391,0.0,0.2692774,0.7449766,0.026021484,0.0,1.8672335,0.38118064,0.48505774,0.38349932,2.7435257,0.7500959,0.24364258,0.005224639,0.7990605,0.63608843,2.192285,0.42753184,0.77384746,0.40483057,0.06417955,0.12827294,0.12376827,0.58866984,0.8103743,0.70702523,0.7019851,1.308137,0.1441922,0.27342248,2.0392148,0.8152288,0.8586066,0.582796,0.33322957,0.0747185,1.6413996,0.021677457,0.056656398,0.08753014,0.10595942,1.6192253,0.15047957,0.08325278,0.10702071,1.425518,0.0130576,0.010073039,0.72425467,2.5847285,0.11368622,2.523413,0.47690323,0.84489626,0.009902723,1.2792208,0.030419866,0.48177215,0.045842163,0.32463583,1.0635332,0.43836096,0.75620955,0.7305916,0.033390153,2.4210083,0.094822764,0.029341714,0.0044878363,0.0043822243,0.85278475,0.090764076,0.44409242,0.007266236,0.014239277,0.0005952458,0.29710597,0.41202328,1.0570459,0.07920661,0.6202623,0.78288025,0.14111629,2.4041066,0.39060444,0.00044990375,0.08503253,0.13488622,1.0233253,2.3363235,0.27956572,0.79425,0.99818325,0.06733857,0.49183032,1.5942194,0.12169754,0.14335062,0.53658825,0.46312666,0.0,1.1623495,0.012095412,0.7329727,0.29718664,0.08925511,1.0829585,1.0989753,2.4848516,0.25904325,0.5187444,2.2362003,1.0869614,0.07833458,5.090578,1.692293,1.3905376,0.94201446,0.0,0.5951756,5.2578654,0.34054044,1.2876729,0.6870552,0.043142706,0.5389504,0.59034,0.084779516,0.0014976914,0.012988983,0.08461521,0.22487691,0.07298293,0.112796955,0.62930995,1.3323524,0.22210258,0.4558712,0.568632,0.7932602,0.9440356,0.25915742,0.22101298,0.42076024,2.3114266,0.20819499,0.23942807,0.12851341,0.11171396,0.08247363,0.04702028,1.7952039,0.020379763,0.15897244,0.9964313,0.5141841,0.024920765,0.5376265,0.42393512,3.1212916,0.009084786,0.025079658,1.4456815,0.7493134,0.5431898,0.04360878,0.5431106,0.122246094,0.20800425,0.5182648,0.14882769,1.0888479,0.6277964,0.20149195,0.4553504,0.58492893,1.6567937,0.376961,1.0174005,0.29448494,0.26954722,0.04199176,2.8185399,0.1853199,0.3609186,0.35052443,0.37437472,0.24124108,3.5959136,0.17112252,1.1144958,0.41551745,1.69484,0.05847067,0.5221081,0.35040283,0.09757113,0.6546346,0.15433525,0.033498384,1.3614019,0.0031522675,0.94803524,0.12143273,0.03125533,0.15061067,0.13802107,0.02674393,1.6335772,0.59205776,0.083969034,0.2833728,0.0,0.03220086,0.59860384,0.81744105,0.12571596,0.43821225,0.8039775,1.6414522,0.55149925,0.60839605,0.08758577,0.2617899,0.80217975,0.36692503,0.52990925,0.0839547,0.011810414,0.068907276,0.9050928,0.45491612,0.62658036,0.9538976,0.01483655,0.0,0.48992568,0.29714698,3.1904826,0.3102688,0.33362895,0.6367188,0.013281151,0.16539086,0.26399508,0.037666023,0.5507778,0.017160676,0.0138798645,0.14927542,0.14399375,0.18010244,0.5111002,0.68510246,0.16810092,0.0020863735,0.050086617,0.046161864,0.28599292,0.045589294,0.5791661,1.032554,0.7953954,0.11348445,0.03890063,0.032903828,0.9768761,1.1782653,0.01929638,0.98968816,0.11426958,0.79872566,0.046038106,1.3248906,0.7457072,0.6093011,0.030591832,0.0023597933,0.17859255,0.06915936,0.28275576,0.38254952,0.104838416,1.2557291,2.4905553,0.0051028174,0.013856369,0.4456405,0.2738827,0.49909052,1.9139404,0.1738177,0.34530059,3.76343,0.0,0.24024111,0.117624044,0.0020095096,0.8075198,0.6670179,0.0,1.0796758,1.6929551,1.9625231,0.14247468,0.26276976,0.2482485,1.7583185,0.6835276,0.060317077,3.4136884,0.49087426,0.21137474,0.07567213,all_pothole_images\pothole_images_new_image_1029.jpg
0.82570755,0.20587832,0.19628099,1.1491495,0.18156385,0.90969974,0.9172975,0.0,0.08807446,0.7500113,0.0,0.107066475,0.33095333,0.033912864,0.046120554,0.7538001,0.051849734,1.3393648,0.21371545,0.23717995,0.22884035,2.438665,0.52527195,0.6797792,0.57170546,0.17798325,0.05032452,0.90381306,0.0,0.02629317,0.048211742,0.0359794,0.65631187,0.5507395,0.25059408,1.2083247,0.36981347,0.13335094,0.5339157,0.11959566,0.22247596,0.029802,0.036025405,0.838205,0.62807894,0.71489245,0.41421464,0.0,1.2013775,1.0013969,0.7143961,0.1268705,0.021633139,0.33708337,0.5521304,1.5763112,1.2409574,0.1926414,0.35575256,0.004658761,0.0,0.4961238,0.5932248,0.38434163,0.35246974,1.4935353,0.10522535,0.026644383,0.14166628,0.22339453,0.11586358,0.2121512,0.4660179,0.19187526,0.4822056,0.0,0.0048959297,0.5312046,0.4693994,0.059085447,0.033055946,0.08088631,0.88014233,0.028310444,1.0749468,0.022826739,0.15583922,0.051774472,1.5487093,0.15311848,0.46727303,0.30476558,0.0,0.0,0.19163884,0.0,0.6344827,0.22018576,0.48866883,0.5005987,0.0510754,5.3868303,0.14014697,0.0,0.65626115,0.9047392,0.14095137,0.16855904,0.35163173,1.0432433,0.003206846,0.7744968,0.24715158,0.7435412,0.12788355,0.48326835,1.119753,0.795798,4.4176493,1.8705968,1.1139493,0.3512558,0.075801514,0.8237167,0.121687114,1.1784246,0.21662658,1.636184,0.2540634,0.0076219547,0.38382328,0.0,0.05232947,0.07571813,0.013954111,0.2382227,0.18298289,1.3101951,0.10428567,0.2897887,0.47585276,0.0,0.453166,0.8435362,0.0,0.61068356,0.01918613,1.4111736,0.21011867,0.7771724,0.03058972,0.29329506,0.40276632,0.027647065,1.4498461,0.42551586,0.90318125,0.32118392,1.5494298,0.13704245,1.2768841,1.0517496,0.00293371,1.241127,0.022072509,0.5925108,0.56588894,0.072045445,1.5017548,0.44786072,0.09746119,0.121692754,0.06526712,0.14228347,0.9563648,0.1805246,0.030236399,0.0,0.02991884,0.04371061,0.13568449,2.4218845,1.4629308,0.27227336,1.3366348,0.1219094,0.16170928,1.0380324,0.33320782,0.71381164,0.20314302,0.43819788,0.3767702,0.60058385,0.08448112,0.22164872,1.3845841,0.18215126,0.20095566,0.23172611,0.05080789,0.34048364,0.596352,1.492455,1.3083646,0.6135474,0.17176227,0.27827993,1.4533083,0.28113505,0.0,0.0,0.30807889,1.167104,0.112445325,0.61078143,0.65769815,0.12870827,0.02166552,0.6073275,0.28452867,0.2427001,0.31301874,0.015380345,0.0,0.46159104,2.0995457,0.009515845,0.28903425,0.0,0.08937101,0.014077729,1.1396896,0.004716747,0.106784604,0.046747666,2.85176,0.07173064,0.139092,0.35467035,0.37027347,0.11160676,0.011660616,0.1454715,0.008117232,0.004638467,0.25136843,0.19201018,0.0010831376,2.6158123,2.9865816,0.10749544,0.90600777,0.2752132,0.012584774,1.0885723,0.18944216,0.27737343,1.240121,1.06729,0.0,0.031198088,0.21376064,2.1367726,0.03725692,0.17384803,0.5045949,0.75492567,0.8199016,0.51353174,0.26656237,0.0,0.0782746,0.66401243,0.73798525,0.31822026,0.94398636,0.1488868,0.6653352,0.44109616,0.10668699,0.029452605,0.08495889,0.0040105344,0.04970819,0.40589216,0.118786,0.0046518883,0.80213326,0.22347823,0.53556955,0.10382656,0.09921863,2.007797,0.02663051,0.08805307,0.4358521,2.877448,0.5604404,0.26801848,0.40346125,0.48171598,0.01878517,0.8895811,4.0211635,0.28076005,0.12552668,0.7672303,0.1329004,0.3653363,0.718215,1.5503764,2.2615964,1.5117599,0.20219386,0.32685712,0.005560267,1.1126158,3.7210743,0.2006078,0.7709761,0.042785574,0.13364084,0.14179817,0.3716392,0.3342063,0.024653906,0.13440755,0.038977068,0.10277103,1.2461095,0.0,0.085352816,0.001846938,0.015600135,0.010580895,0.69546074,0.0,0.002776284,0.5545302,0.6305644,0.024703916,2.725328,0.0022502565,0.15666437,0.038509823,0.040561363,0.00811338,0.35442778,0.39490563,0.33235246,0.8907721,0.27189514,0.096577846,0.13497421,0.08262801,0.18887128,1.7185292,0.5624354,0.34122482,0.19266868,0.041501578,0.2194988,0.02537661,0.62436277,0.2682586,0.96820486,0.35409027,0.28953975,0.016001694,1.8010455,0.07078038,0.6769314,0.042165518,0.54315794,0.06414641,0.01019082,0.1958702,0.30340946,0.24723384,0.064834975,0.0,0.036696702,0.601931,2.406679,0.5819731,0.71041757,0.0009241699,0.41570237,0.030099537,0.14087905,0.7293944,0.0,0.05711996,0.016963476,0.0047080833,0.32486975,0.067832924,0.13096412,0.2302065,2.5401218,1.5854695,0.7888923,6.544634e-05,0.9636158,0.0077672014,0.018038621,0.9219317,0.008559646,0.18613586,0.06882131,0.088669054,0.11013331,0.026668344,0.0,0.09896374,0.8288157,0.11147669,0.38466498,0.013935824,0.54444677,0.4548544,0.53447795,2.3339872,1.847482,0.13385142,0.16247225,0.7275574,0.12309211,1.3407732,0.6173988,0.22324646,0.28510746,0.11126262,0.5746305,2.7854617,1.5073024,0.5563179,0.080023594,0.10768125,0.38611206,0.7197253,0.24918367,0.18575993,0.613104,0.24768591,0.26423833,0.052136898,0.0,0.5450781,0.30433807,0.40822655,0.1993159,0.9262137,0.44549692,0.6005794,0.46543762,0.25908342,1.252412,1.0556239,0.4327621,0.2841667,2.131705,0.07072549,0.95987076,0.15966752,0.3623004,0.06279769,0.24903657,0.07212888,1.2974515,1.1386108,0.52311236,0.23527305,1.1688262,0.021358754,0.11784437,1.6159247,0.19107176,0.05129029,0.16800521,3.9493184,1.1170051,0.041481603,0.23172016,0.07122432,1.8535413,0.041829187,0.21243398,0.014331561,0.64543974,1.0749199,0.06953176,0.25756928,0.27338612,0.27904272,0.047049493,0.025519906,0.06210707,0.21973571,0.5269556,4.0181637,0.23470333,0.005454263,0.5333253,0.80795634,0.019066742,0.09780272,1.3097428,0.16607273,0.16302128,0.5754207,all_pothole_images\pothole_images_new_image_103.jpg
0.23534338,0.097796485,0.5972921,0.050062038,0.022913473,0.5923716,2.2366464,0.34687167,0.23141094,0.3220418,0.12017458,0.9738742,1.5278345,1.3441807,0.1460283,0.81583357,1.1080095,0.54597634,3.1223729,2.1456714,1.057295,0.47062814,0.20545344,0.5416454,0.1674167,0.3898921,0.42881674,0.87101275,0.059707515,0.48781848,0.24306072,0.4670007,0.8652909,1.6415015,0.4181462,1.6200358,0.17795658,0.77667844,0.25289342,0.12823845,0.8753151,0.32875633,0.03886657,0.95643747,0.6534149,0.21594657,0.0,0.0,0.24135269,1.5139853,3.4376407,0.04717876,0.92728686,0.8630536,0.8913944,0.99122524,2.0313058,0.26150566,1.7187226,0.14732653,0.28215483,0.18183899,0.4827845,0.05873437,0.6668547,1.8183172,0.43626866,0.7153644,1.8223633,0.15107074,0.04979805,1.1446011,0.8836277,0.5512611,1.6414838,0.334375,0.003489696,1.3934964,1.8387905,1.170974,0.01197241,0.8440827,0.21185796,1.9557806,0.38347632,1.2763897,0.14755306,1.0753438,0.22701526,0.5084313,1.9353043,0.06276637,0.089371756,0.34117207,0.00900724,0.042527597,0.22234772,0.7769937,0.08669803,0.049769815,0.19348642,1.5281419,2.135464,0.038708504,0.9068887,1.6449199,0.5864661,1.2170414,0.79940397,0.2431748,0.0,2.878036,0.095102705,0.67324215,0.20888731,0.0048076757,3.661801,4.876575,2.9255657,0.67874056,1.5307515,0.6540065,1.3226374,0.19320554,0.7906652,0.24804017,0.26147243,1.6798626,0.8937912,0.0,0.2905792,0.0,0.6077428,0.7703429,0.18081976,1.8017527,0.090208985,0.94625956,0.11709846,0.90959334,0.44264746,2.8948247,0.42023692,0.48112845,0.19992192,1.2512674,0.021951973,0.023706883,2.0012627,0.16118632,0.11698818,0.6691653,0.12653401,0.0011958024,0.88408077,0.057696756,1.5122209,0.46258077,0.0,0.21556182,1.7003287,0.46543214,0.045868315,8.241427,0.31928825,0.12322573,0.3339831,0.24193491,0.6422583,1.1386185,0.7533493,0.1403207,0.10294048,0.3484193,0.7068017,0.0147596635,0.005094893,0.17479427,0.79867995,1.0491006,1.1995986,2.7161398,0.9518215,0.8890484,1.8857559,0.010892786,0.0768698,2.13784,1.3968178,1.1613388,0.70715547,1.9407992,0.008556932,2.576131,0.018946566,1.2554419,1.3809414,0.8550364,0.8111511,1.0211442,0.0019147177,0.64477575,1.644155,0.85685605,2.106278,0.078370795,0.32861584,0.5110806,0.15036915,0.25483263,0.44585356,0.0,0.07269751,0.5406166,1.1312121,0.83171046,0.08435258,0.23181114,0.82253885,0.25044474,0.0,1.4435537,0.020400377,1.3348703,0.47807908,0.41295147,2.3181624,0.021157455,0.812882,0.428439,0.12357256,0.09883986,3.6714683,0.8365762,1.7313977,0.023007682,1.7200742,0.061792225,0.0973266,0.47280937,0.39016145,0.33927968,0.0,1.1415026,0.11829317,0.011389682,1.6073452,0.33562803,1.3720434,0.9829654,1.890285,1.0283535,1.9210289,0.9034517,0.24736412,1.128703,0.062444378,1.3347398,0.041295543,0.98653245,0.30177703,0.17592451,0.0,2.104695,0.9710709,1.034287,0.47864074,0.3915395,0.10403958,0.20485418,0.04552991,0.09873476,0.0012962874,0.9198715,1.0928426,0.8339716,1.1477392,1.4490778,0.17204627,0.39101785,0.24537393,1.2672353,0.6409553,0.17954445,0.19286455,1.3963715,0.977118,0.24756776,0.8852754,0.21424367,0.7111801,0.177648,0.4813585,0.12696818,0.12048744,0.15193726,0.16367291,1.4647467,0.43721202,0.034708768,0.80905026,1.0802141,2.0325704,0.11177798,3.4309368,0.34467116,0.220121,0.29491526,2.196852,1.108418,0.93781424,0.7228903,1.0789403,2.0131862,0.05318941,1.081079,0.13792403,0.742607,2.3604724,0.074204355,1.0657064,0.43278527,0.23225129,0.012543957,0.61362123,0.8737272,0.15029918,0.1128296,0.077158816,0.0,1.130093,1.0089158,0.43542945,0.060718138,0.96867,0.34019446,0.00036055213,0.74764454,0.29557863,0.7325799,0.22023119,0.121874824,0.66076994,0.6147409,0.36349633,0.42692518,0.45341113,0.4106156,0.8459417,0.42390326,0.0045958706,0.80237764,0.69237185,0.2458506,0.07021694,0.29443946,0.103129745,2.2281015,0.42500693,0.5263977,0.0,0.13290593,0.7192894,0.32514384,0.12765923,0.6695351,1.9552984,0.9924548,0.03657833,1.0152566,2.9560866,1.2834864,1.4132432,0.24428794,1.5533229,0.19492029,0.0843861,0.030458763,0.047851965,0.86315185,0.8797183,0.81217116,0.028953746,0.14479251,1.043519,1.2701865,0.80805475,0.10831874,0.220168,0.060560074,0.092316315,2.8544164,1.4746602,0.09976776,0.5485232,0.3204889,0.74450177,0.6684242,0.6611821,0.045383967,4.8026114,1.1785036,0.3499654,0.25105506,0.1487553,0.119980514,0.2062296,0.10425576,0.011232051,0.03919826,0.15001464,0.17979789,0.8458613,0.39577395,0.20756021,0.0778568,0.082580894,0.0022382466,1.357097,0.62426996,0.4541792,0.29959834,0.50470257,0.8398923,3.0701885,0.03382374,0.30673784,0.9604509,0.18731926,2.9922194,0.45325485,1.4352355,0.888612,0.8535933,0.18890816,2.5268717,1.2827901,2.0053542,1.2157146,1.6614875,0.078279115,0.53708607,0.7879073,0.40915042,0.12591928,0.1987393,0.3370675,0.26911741,0.0051315096,1.1013198,2.0413508,0.39133877,0.01685679,0.5103134,0.99632704,0.85227454,0.0,0.09728262,0.6851425,1.6050844,1.1085919,0.94942904,1.776525,0.39893076,0.29545578,1.405687,0.64800274,0.025185747,1.159048,0.1315416,0.27046502,2.7161174,0.57062316,0.32254848,0.88584214,0.5753226,0.7371171,2.0066566,0.41989928,0.0,0.05564561,7.2896533,0.7357595,0.1765786,0.023679154,0.37211892,0.6429192,0.03599089,1.5884262,0.41667777,0.32595226,0.03901302,1.2404209,0.38306227,0.21442004,0.10038329,2.22784,0.6471696,1.611193,1.1319982,1.008158,3.2747061,0.9147907,0.45585206,0.5467519,0.86453426,0.021755122,0.3609585,0.36064038,0.0,1.8922863,1.0269039,all_pothole_images\pothole_images_new_image_1030.jpg
0.8659761,1.616982,0.023583742,1.9474733,0.3779437,0.097594865,0.6056558,0.046568394,0.030132957,1.4176815,0.107398234,1.2558824,0.72954166,1.6431115,0.35568875,0.10991294,0.068910725,0.93127286,0.658148,0.45686853,1.7270666,1.1100113,0.86026514,0.11043312,2.659169,0.6154762,0.81244564,3.7699642,0.16919199,0.18357635,0.7157049,0.15721801,0.07217297,0.33517838,0.06017426,0.9692251,0.039761968,1.4628781,1.3514949,0.108818606,0.0,1.0269206,0.02755588,0.40005088,0.5849637,0.14728132,1.084939,1.3197613,0.026754934,0.027503824,0.60568345,0.34490553,1.0422804,0.025149427,0.048380733,2.2226522,0.9419053,0.36025977,0.028000422,0.20120591,0.63032454,0.27707195,1.5197169,0.875231,0.78166354,1.868927,0.41897815,0.27015093,0.045813415,0.5310466,0.34692708,0.07820449,0.11693022,0.1764486,0.0472525,0.0099873785,0.094731085,0.34989396,0.0013501525,0.19710442,0.5624405,0.18660986,0.7861306,0.8665539,0.058991686,0.009112295,0.10176192,0.0,1.2324457,0.065144315,0.016332423,0.5193002,0.1524357,0.2804809,0.07976368,0.10835626,0.9243137,0.1729285,0.83755374,0.7579336,0.17991279,3.6776378,0.06337345,0.12333095,1.7223785,0.0,0.2476367,0.8943265,0.019503549,0.2918173,1.1248598,0.41777775,2.754072,0.37438443,0.8737112,0.03975878,0.05204479,0.48594463,0.16656062,1.0107067,2.900103,0.009605285,0.76090187,1.5683548,0.89108634,0.92377126,3.4934824,0.0,0.8654545,0.17307602,0.6183453,0.24619116,0.0,0.13870095,1.1746384,0.6314048,2.0814183,0.37891418,2.0125916,0.2082955,2.3938477,0.43469784,0.5181906,1.3238447,0.072563626,2.05328,0.5796073,1.0263427,0.15567432,0.18940178,0.95175207,1.5411386,0.059530992,0.13368805,0.11846568,0.47856292,0.4963066,0.076787814,1.265096,0.58748,1.8765429,1.3550315,0.37183705,1.0881577,1.1801358,1.9670174,2.1461465,0.44970024,0.86175317,1.936425,0.58380103,0.39137465,0.10531542,1.2689295,0.011850538,0.55416924,1.3101944,0.40181038,0.13292462,0.15717484,0.073602036,0.8490337,1.1617454,0.15941317,2.18577,0.050919726,0.7591286,0.84200716,0.017795319,0.31398392,0.70220447,0.6946837,0.014240211,1.5360712,1.2893592,0.006203961,1.0146142,0.10406917,0.29657948,1.4014883,0.52456474,1.3908607,0.50051695,0.24113499,0.050706897,0.031681504,1.1348472,0.37304908,0.67710745,0.96051085,0.0,0.2774234,0.8037781,0.05513371,1.3910441,1.651293,0.23806757,0.52607864,0.8868457,0.001377401,4.750452,0.0027580266,0.5308513,0.25389263,0.019018753,0.08069296,1.0783622,0.53207165,1.1213635,0.43732288,0.3369859,1.3455664,0.351363,0.31325683,0.10721985,0.01225214,2.1362457,0.54223126,0.6564387,1.2254587,0.0023185213,0.005194451,0.89026123,0.278555,0.44054952,0.10189222,0.012908483,0.016037976,0.93364817,6.4319134,2.3261893,0.6648758,0.009522837,0.068635374,0.036576726,0.13231662,1.2432966,1.2906548,0.769222,3.142556,0.06558615,0.86569905,0.42384642,0.03491644,0.043482702,0.4295338,1.286482,0.5933548,4.9714503,0.5169968,0.22320029,0.13165082,0.28882477,0.28520557,0.09888685,0.5639621,0.01123416,2.1006088,0.4533243,0.62612015,0.798023,0.048859805,0.5902644,1.3157003,1.1745231,0.08139,0.7426788,0.30606735,3.205643,0.08494359,0.0,0.17621028,0.052808516,0.936481,0.02521995,0.9933383,0.35993117,0.27248377,0.101796284,2.2194622,0.13718025,0.068927065,0.014539886,0.12552063,4.8515496,0.08959957,0.5324208,0.09066563,0.4900884,0.13466294,0.34860113,1.7174436,0.93259823,1.6338824,2.4055252,1.1278719,0.08013441,2.345697,3.0160558,1.001254,0.009130536,0.0,0.8468469,1.6002424,0.042566158,0.37218544,0.35069045,0.44992587,1.3271471,0.6872803,2.2906184,0.12675098,0.5238294,0.62712985,0.0,0.0,3.1412654,0.7942564,1.6833568,0.7130502,0.35045207,0.44270718,1.2708803,1.038487,0.95033824,0.8213722,0.50608623,1.1756455,0.6904551,0.087488495,2.5704725,0.06950418,0.7581874,0.9312633,0.25361803,0.00021042656,0.07500241,1.4477956,0.004842221,0.013484995,0.47532183,0.82201135,1.4727703,1.0584785,0.0,0.0,1.2306397,0.01695797,0.19011785,0.676121,0.45128682,0.079195686,0.608811,0.024894467,0.12626407,0.1551349,0.044384837,0.07749268,1.4524797,0.20856237,1.0082598,0.0026783112,0.11383802,1.6089702,2.7825942,0.0657992,2.93118,0.017808799,0.18066117,0.5975325,0.6477123,0.058482002,0.024019757,0.28051412,0.29090685,0.68370426,0.043519337,0.25607717,0.0,0.509509,0.5519971,1.4676504,0.24270642,0.50145036,0.598382,0.7447439,1.5356753,0.56744534,0.56816465,0.41185462,2.2328084,0.48687187,0.1639313,2.143579,1.3883624,0.9122537,0.33920276,1.6113969,1.3913018,0.094977036,3.4475164,0.049786624,0.38009292,1.5780739,2.738785,0.025150264,0.40327987,1.0939066,0.98166096,0.10529755,1.0868093,0.20784335,0.03370136,0.29175887,0.74635667,0.8205359,0.093139105,0.19262768,0.054644488,0.6814235,0.28764558,1.2538393,0.008276968,0.05725993,0.09538938,0.0,0.80253935,3.204807,0.25689036,1.5795491,2.478974,0.28974813,0.61067426,0.12765947,0.022017661,0.18273441,1.0308244,0.068502754,0.18534441,0.05591374,3.047522,0.009539027,0.43983948,0.0,0.34108377,0.43713674,0.0,0.0,0.3910586,2.800831,0.8345167,0.5786988,0.07082125,0.30408117,0.15944946,0.13772191,0.8535788,1.3654822,0.8697157,0.46902302,0.07122111,0.73606235,1.0366514,0.55300164,0.0037494556,0.14319329,0.1406694,0.0018622965,0.46912476,0.203452,0.06593127,1.7989061,0.0072070565,0.39787242,0.0,0.11568438,0.265696,0.032510623,0.31494337,0.18880458,1.1439495,0.7230553,0.12865093,0.6938198,1.3481089,0.7872341,0.9442973,0.35490704,0.09743862,0.13440287,0.07612398,0.1519034,all_pothole_images\pothole_images_new_image_1031.jpg
0.6502283,3.360263,1.2136803,1.1804,0.3752659,0.51383954,0.23844166,0.018566417,0.91201127,0.74005306,0.4207478,0.42451692,0.9914806,0.022102647,0.6746224,2.1932087,0.74877256,0.006314169,0.22854306,1.1823585,0.562961,0.27108845,1.7742132,1.9120847,0.48069057,0.09173392,0.72392815,0.9088677,0.20967701,0.4469829,0.22434333,0.35260543,0.24519898,1.502669,0.84647375,0.04572816,1.63528,0.5711317,1.6056757,0.9662496,0.81208044,0.7453304,2.1233814,0.028795127,2.7602317,1.4937495,0.85143244,0.70972174,1.103953,0.561774,0.37305787,0.037308134,0.5522011,2.2545207,1.4316016,1.0126354,0.87813854,0.73726684,0.9542272,1.1924773,0.186191,1.068344,1.1056585,0.7885959,1.455336,0.5590718,2.894742,0.05709501,1.4496236,1.0475687,2.507777,1.1498811,2.7105637,0.03172886,1.2687641,1.4095684,0.9051878,0.24496962,1.1281277,1.3665922,0.782686,0.98391396,1.1046803,2.022819,0.44322398,0.69332933,0.5329062,0.21889645,4.136623,1.3447618,0.0,2.2380188,1.4189256,0.45241934,2.8516552,1.2811251,0.84577906,4.5633535,2.0682912,1.2328408,0.89440715,1.3308152,1.1121941,0.87745434,0.38109758,1.2808537,4.5061755,0.21436326,0.09445239,0.8151584,3.3165045,2.1317816,0.83194226,2.1379244,0.18101275,3.2790732,0.29345298,1.2860568,2.702349,0.06475153,0.10183011,0.3574007,0.63612354,1.1506536,3.5303178,3.2935832,2.24355,2.1879642,0.24568227,0.6189461,0.91153544,0.665832,0.3217309,0.58353615,0.72940224,0.73314166,0.6392443,0.24757332,1.6490841,1.0750921,0.5186881,0.16625723,0.14767507,0.17655404,0.23851416,0.2223401,1.2411051,2.9491973,0.5540895,3.799589,1.3520273,1.6957989,1.5763282,1.2190137,0.5438833,0.20789032,0.65475637,0.7681552,0.37129444,0.04614684,0.79681194,1.0773015,1.1270823,0.6634436,1.3388653,0.6225752,1.0203217,0.017306628,0.6480701,1.2138206,0.26318917,0.72869515,0.9387384,0.020214071,1.5249364,1.6238459,0.91757864,1.0945237,0.018604765,0.81760776,0.987883,0.18062162,0.94801563,1.2034135,1.4966375,0.89386904,1.2197245,2.128892,0.2207728,0.7020036,0.48552728,0.7106571,1.5633271,0.83854526,0.52771467,0.20103405,1.0380011,1.1704925,1.9508007,0.6445266,0.4849622,0.6082097,0.0015069162,0.88587725,1.3011445,2.0876853,0.08443134,0.21539722,1.110746,0.949878,0.26237944,0.73604923,0.60557437,0.97421026,0.4569018,0.30230862,1.2932029,0.26264915,0.4095656,2.1393762,1.1172538,0.67945874,0.3774531,1.0341377,1.254425,0.25584486,1.5578756,0.28718185,0.49713764,0.7700694,0.7904515,1.6264908,1.285369,0.36077404,0.43937176,1.8451853,0.65635526,0.04749054,0.074652925,1.2709959,1.4872845,0.03708228,0.7603613,0.94645214,0.015439972,0.0059819994,0.6641223,0.16828124,0.061245568,0.76232576,0.15425083,0.8377291,0.32213727,0.17342257,0.2624191,0.0032518895,0.3193864,1.2118857,1.0584233,0.54281336,0.7517731,1.114189,2.9006135,0.5339578,0.066923775,1.3878284,0.7040774,0.4605308,7.7533154,0.3114196,1.5413027,0.50286746,0.10981637,1.0609286,0.8448123,3.9170039,1.2801154,0.36663008,0.35252863,0.64441687,0.005905919,1.1922525,0.22787352,0.06595866,1.7691969,0.70770186,0.015834197,1.1651169,0.3097675,0.98254174,0.19582176,2.701241,1.4234617,3.2210703,1.7819908,0.1809871,1.6398417,0.21241692,1.0792147,0.34889832,0.33437335,0.13017555,0.97780496,0.16360894,2.5968714,1.2140652,1.1794184,1.0037076,0.612642,0.71759504,0.083248965,1.0744818,8.267558,0.24995145,0.16519663,1.8927506,0.40802804,1.5630646,0.25910398,1.0048242,1.4433033,0.699145,0.019417407,0.0022951048,0.34364054,0.6668855,0.797573,0.761656,0.53033596,1.4258912,3.1619604,1.213307,0.52676797,0.68452483,0.6049493,0.43400714,1.4712032,0.100656554,0.09899525,0.478216,0.525863,1.05902,0.46387577,0.0036468382,0.6019743,0.35044706,0.23207825,0.13216399,0.081098124,0.68776673,0.44995832,2.527096,0.8623708,0.2800394,0.5956098,1.017729,0.8349392,0.9576388,0.064425066,0.8634095,0.39527208,0.30322593,0.42382625,0.1297368,0.53598285,2.5603967,0.007357979,1.8013407,2.724645,1.0282269,1.0521626,1.3769873,0.20047157,0.24219236,0.778118,3.5798264,1.1620437,2.6017728,0.05667377,1.0313518,0.15359932,0.7574594,4.688434,0.8597314,0.8555444,1.3072678,1.6136067,0.024498729,0.9266147,1.629424,1.1385305,1.4253705,0.34126103,0.22163153,0.100648604,0.72807133,0.02782464,0.6234668,0.12708694,1.853433,1.8607836,0.77798116,0.50894034,1.3235697,2.3837838,0.51926696,2.2554815,0.50412965,0.9451407,1.1552874,0.104238264,0.2811751,1.4717673,1.1229497,0.016392268,0.47227484,1.3057851,0.100486346,1.7380822,1.2933357,0.02758337,0.30003232,0.76890945,0.23547071,0.4359299,0.06008484,0.4908604,0.3133021,0.47113913,0.4512369,3.4897227,0.12420343,0.3664176,0.010335375,1.6832107,1.7366899,1.8598256,0.6707055,0.030540781,0.5455419,0.23429859,0.6769316,1.8609223,0.91599137,0.36341134,0.17914994,2.3634815,1.4174637,0.8367842,2.348938,0.36243656,1.1012473,3.4013033,0.56818336,1.7549926,1.0381217,1.4247617,2.2157369,0.8369681,0.63468516,0.03585166,0.48309407,1.0322657,1.3815506,0.50436604,1.4554421,0.35882837,0.17715034,3.6390462,0.32863903,0.96482784,0.36927316,1.9347725,0.0,1.9026777,1.0365826,0.4511299,0.22742648,1.3471329,2.4815304,0.6526926,1.415703,1.2881645,0.28169212,0.3734422,1.3695135,1.4707501,1.1039466,0.014264403,1.1124928,0.7220948,4.402124,0.1883789,0.76143956,0.43336147,0.54846877,1.6928213,0.70874393,1.1062105,0.13272312,0.0449539,2.319196,0.042724352,0.44016013,0.5774673,0.15466031,0.66417384,0.9914516,1.7092113,1.8068103,0.6828914,0.35793608,all_pothole_images\pothole_images_new_image_1032.jpg
2.0201797,1.1580034,0.20252746,1.7965633,0.8055278,0.37295195,0.14289264,0.07319874,0.4058819,0.5346231,0.29730064,0.77327055,0.19212553,1.3491348,0.6198978,0.14619032,0.36821917,0.08301696,1.0136161,0.10574662,1.7704333,0.90094477,0.56919634,0.91408086,2.6764712,0.9438501,0.2562805,3.9534297,0.14332815,0.037365247,0.80603874,0.0,0.03520545,0.6922493,0.73968923,0.58153653,0.13770126,1.4598683,0.3575852,0.04387204,0.005908386,0.0077528316,0.84644496,1.1151989,0.5058586,0.6072554,0.016667936,0.27934295,0.2925518,0.41097844,0.073263735,0.6728278,0.1154163,0.2428896,0.09175499,1.9370033,0.85489583,0.00495231,0.49851012,0.07913406,0.33268997,0.23044467,0.6229707,0.17669755,1.6826642,1.6446584,0.2271576,0.0,1.3051918,0.0634311,0.8623447,0.010413958,0.60075617,1.8929633,0.33304217,1.1861217,0.020552533,0.4444028,0.03700377,0.32819778,0.39493045,0.82615787,0.1964825,0.63951194,0.30946183,0.6006992,0.2298179,0.44131026,2.4086573,0.53230786,0.48125732,0.09596211,0.03816285,0.8033908,0.09638513,0.107507735,0.621205,0.26926452,0.7940585,1.1982661,0.08821295,2.4394834,0.1979172,1.2163754,0.29825383,0.26922294,1.425401,1.1732042,0.09721254,0.58282596,0.17819983,0.7368687,1.3621272,0.84487206,1.337458,0.83235246,0.7665843,0.30014426,0.27667403,0.8675482,3.0996847,0.12037227,0.07644409,0.8481202,1.2179968,0.40840414,0.9937979,1.2674743,2.033176,0.28010017,0.052011926,0.0,0.014040979,0.28186783,0.2124523,0.7469499,0.58763176,1.6836716,0.75620687,0.0,0.10349853,0.9097885,0.0707259,0.7501961,0.37631062,0.9417095,0.16908775,0.11661736,0.2737407,0.28268647,0.8862168,0.12573725,0.029655626,0.35579443,1.1547395,1.2284467,0.29248947,0.002038955,0.83804023,2.0607057,1.6330254,1.616448,0.020225985,2.798939,0.2749509,1.8423574,1.5640768,0.25352925,1.2415982,1.8881054,0.44057375,0.18359667,0.28053033,0.45068008,0.48847732,0.23348252,1.259274,0.108494505,0.11639163,0.6962594,0.055053614,2.3352807,1.0429593,1.8540366,1.7752905,0.52332675,0.02717341,0.45501676,1.111528,0.12810777,0.42059338,0.7578702,0.21412095,0.83950764,0.35019308,1.2916561,0.8701821,0.71575505,0.6652201,1.3039619,0.20076026,0.39521915,0.10448038,0.58860475,1.1535227,0.26725665,1.4002835,0.29433104,0.7522937,0.41992038,0.020794176,0.11471789,0.07375763,0.019482227,1.8788475,1.6717043,0.57372105,0.14415467,0.022371521,0.030726898,0.8926164,0.12866955,0.87370455,0.07099611,0.004714021,0.7139008,1.1461506,0.5164223,1.0129355,0.6621106,0.4504238,0.01690331,0.22293778,0.70795935,0.7338287,0.51264274,2.8782175,0.11348995,0.30492038,0.20339575,0.13731152,0.11806689,0.37803012,0.11628259,0.36259058,0.0,0.31432316,0.77315044,0.76698494,3.84957,0.32974654,0.052858382,0.35104337,0.63714844,0.29313663,0.007965906,0.19394068,0.8749718,0.595618,2.942212,1.370216,0.34860876,0.4086011,0.0020598173,0.34870613,0.30730107,0.88803333,0.35818738,0.2772815,0.18836018,0.8298338,0.005714461,0.13443814,0.14384225,0.07231579,0.47626585,0.14025074,0.67958987,0.4976075,1.1088325,0.26916128,0.14832947,2.0799997,0.07801418,1.2068224,0.77674836,1.9780091,0.43500417,0.12942556,0.00958993,0.24196504,0.7770223,0.2595633,0.9605714,0.5066466,0.42766374,0.8498389,0.31458727,0.26296476,3.9545422,1.0611259,1.1193514,0.0,0.33500814,2.6924474,0.55072707,0.03800521,0.08724028,0.19551909,0.2242494,0.9182719,1.1042068,2.144194,2.6522303,0.21717997,0.66241544,0.051118333,1.5140399,1.7482519,0.22602835,0.53163356,0.19341268,1.1486989,0.04445364,0.99344915,0.9749666,0.06807995,0.08148814,0.35701424,0.24226832,1.9931185,0.32220182,0.033534277,0.075687766,0.09778099,0.08287989,0.6311793,0.8666822,0.79207176,0.82482433,0.13985875,0.34134698,2.351435,0.68974715,0.6081326,0.29055455,0.6363622,1.0960883,0.33481583,0.24234098,0.09154467,0.4350455,0.13287646,0.62059325,0.28221706,0.17378016,0.18461093,1.972297,0.28239468,1.0637044,0.62016475,0.61546195,1.5313991,1.1179341,0.1995901,0.5989718,1.6940526,0.45029098,0.10151594,1.1221532,1.2633454,0.46143422,0.038100436,0.4966473,0.6330927,0.22941974,0.29465204,0.33825457,0.4886023,0.3427026,1.6308242,0.0,0.99581736,0.98009366,1.4630203,3.254987,0.893195,0.51965153,0.1564103,1.5088142,1.7946945,0.6155916,0.07808769,0.085492864,0.4509655,0.34768808,2.6345086,0.25549772,0.09582895,0.08521399,2.4069228,0.5307777,0.32012087,0.45450917,1.1780493,0.17756836,0.54472274,0.26557592,0.78611887,0.25062972,0.8309957,0.2399282,0.0,1.0560877,0.0,0.67140615,0.3521182,0.26338366,0.9668687,0.21768329,2.5980866,0.2259551,0.967064,1.098465,2.2680984,0.34780976,0.97109187,0.17291844,1.3143693,0.71295583,0.5309093,0.16441505,1.4120343,1.5400232,0.6825416,2.513007,0.48299676,1.8061533,0.31064218,0.469559,1.1744674,0.0,0.07950086,0.44907227,0.0,0.006139636,1.0165131,1.1969984,0.44090003,1.5599365,3.1603646,0.2802729,0.6094931,0.35981205,0.75646216,0.20431821,0.41965267,0.13562897,0.27619475,0.38731998,1.5191331,0.29640573,1.0485204,0.09723712,0.9940197,0.6674581,0.9490765,0.1788797,0.70125276,0.6025982,0.49397635,0.53157544,0.033168737,0.22884294,1.3851966,0.08284572,1.2595348,1.5436,0.75224316,0.0047436147,0.8717843,3.214263,0.4091968,0.854332,0.30606043,0.2414787,0.017915415,0.081118084,0.3169443,0.05445918,1.0094749,0.72381246,0.0007881942,0.0042990446,0.56834745,0.029446647,0.08826493,0.017798275,0.26930374,0.44929022,0.88576084,4.8078284,0.44661742,0.5151612,0.7801417,0.8507165,0.8070483,0.705905,0.08950963,0.08572047,1.7365016,0.3376919,all_pothole_images\pothole_images_new_image_1033.jpg
0.10465575,0.82037365,1.024161,1.0365403,0.106583305,0.1137689,1.1459289,0.86899894,1.4714117,0.020112744,0.0011120127,0.7687632,2.2572148,1.0336416,2.2097178,0.89683735,0.29073167,0.045953263,1.0467379,0.1528387,0.58159,0.2101382,0.29549712,1.3651998,0.692264,0.28651136,0.12802453,0.19669431,0.0,0.39565417,1.9474297,1.1716487,0.07371553,0.6071881,0.7203635,0.0076562944,1.5274171,1.5114217,0.638294,0.97755057,0.1689722,1.6697527,1.3547033,0.0884119,0.9989632,0.35979632,1.0329534,0.082599714,0.3568796,0.862319,0.86157644,1.1788822,0.40314347,0.77623355,0.108137734,0.82710165,1.7486132,1.4460907,0.24698414,0.4050989,0.21608469,0.56077385,0.0771262,1.6952395,2.1972492,2.343778,0.05174658,0.119285055,2.0353599,0.7704656,1.3708214,0.74422586,1.2984313,1.0754386,0.42409718,1.3964648,0.035495542,0.6063891,0.52503544,0.24946108,0.52466923,0.45025155,0.0735754,0.6924246,0.9869428,2.261739,0.10100908,0.6854243,1.3196677,0.16931489,0.430048,1.2270828,0.8817842,1.2965115,0.7433464,0.112603776,1.3164514,0.06867874,0.46538937,0.23562606,0.28404,0.87982535,0.72166854,0.0,1.4788812,1.7689703,0.81389725,1.4686179,0.21916078,1.0547943,0.011499444,2.8832052,1.4957786,0.30047074,1.2012548,0.3442101,4.226263,2.6355278,0.6800327,0.21567556,3.3758218,1.2926371,1.2405802,0.18651626,0.3564397,0.23412988,0.70226425,1.3939605,1.5785565,0.06531667,0.88873905,0.24695267,0.47568998,0.437039,0.16045299,0.6123248,0.092945896,1.0469657,0.672154,0.028271778,0.8051629,1.8256544,0.1836312,1.108576,1.562338,1.0155379,0.06107943,0.18976013,0.0,0.044072136,0.265036,0.21908863,0.90332526,0.7667199,1.3118682,1.1589202,1.6577629,1.2535383,0.74007386,0.3207956,4.392697,1.0519526,0.5208406,8.373747,1.6760849,0.21874914,0.16782643,0.67111844,0.87899435,1.4861859,0.04548267,0.31651977,0.4027934,0.0,0.6293027,0.5187615,0.34085977,0.012477573,0.3675404,0.40852115,0.007722955,2.1856744,1.2144859,0.429808,2.3570986,0.14315659,0.28582865,1.3566937,0.6481937,1.033133,0.5771747,0.9293984,0.35321224,3.087314,0.026182152,0.18109007,0.49463198,0.3846746,0.9021512,0.76716673,1.1824588,0.6484058,2.0589457,0.30169708,2.0954769,0.65566033,1.3941377,3.0513325,0.27193692,1.2442704,0.08740114,0.022827255,0.1302331,0.60124075,0.83277565,2.1784844,0.13485944,0.7588957,0.71968436,0.45955685,0.3316704,2.6013887,1.0374043,0.7491765,0.51783836,2.6934304,2.6965885,1.5183283,0.16665563,0.7515694,1.1420916,0.43700173,0.5515174,0.9544247,1.4374347,0.2124096,1.3133842,1.0639211,1.8693993,1.3034406,1.7235303,0.037953712,0.6749628,2.1024475,0.70718366,0.0065506464,2.6135116,0.85599285,0.47416896,0.40853715,1.4338182,0.3567963,2.2685137,0.003483228,2.418729,0.3176485,0.20307982,0.76600116,0.030724753,0.26353842,0.27920163,0.09598427,0.0475368,1.6933037,0.9063582,1.8242632,0.50718945,0.13507399,1.7442521,0.81148714,0.18920569,0.4127589,0.56505686,0.045339838,0.40295833,2.9412928,0.7569435,2.9095392,0.37026128,1.1878949,0.5141188,1.0245715,1.1279861,0.43901798,0.09679979,0.58456874,2.6128082,1.0951381,0.42017528,1.3787795,2.1237855,0.21726201,1.278516,0.02360878,0.56153,0.13912922,2.0926638,0.7826386,0.11745733,0.020786714,2.1557682,0.27863005,0.95115507,0.19652465,1.8099676,0.8030518,0.05968856,0.07328818,0.77184767,0.87827504,1.6361196,2.6927903,1.2203667,1.8873357,0.24495357,2.7021697,0.04442452,0.5248203,1.3219422,0.09033579,0.34683523,0.22262341,0.28037,0.086282186,1.51374,1.0707878,0.52943903,0.123379424,0.010329168,0.7462034,3.4412572,0.7229226,0.21528812,0.22402963,0.82364106,0.65556866,0.30337402,0.18753141,1.5167513,0.041772164,0.41869438,1.4426577,0.7212911,0.2659757,0.26288006,1.3428648,2.2800562,0.4751297,0.1020719,1.7855436,0.37742418,0.4589632,0.57568026,0.26724318,0.43940938,0.20894353,0.9732827,1.8562578,0.07068429,0.42268246,1.4312062,3.145553,1.4046271,0.027949372,0.024346685,0.14890048,2.285445,1.4685429,0.306089,0.013349752,2.587288,1.8486208,0.082952335,0.40818506,2.1403656,0.09209396,0.451041,1.400942,0.76583207,0.5301122,0.6687539,0.6740489,0.26613748,1.6020808,0.68642354,1.5167426,0.5779373,0.2062815,0.013089745,0.35487187,0.40969875,2.8453076,0.006484882,0.06510103,1.0367905,0.5366552,2.9018831,1.5771674,1.5767356,0.79871625,5.45844,1.1679754,0.48551083,0.4724816,0.024118552,0.7270762,0.8221863,0.47060832,0.6021302,0.29643565,1.2395386,1.0272139,1.3624367,0.48216596,0.39917913,1.4124295,0.81471616,0.31879035,0.34463888,0.4333988,0.81408244,0.23446953,0.71369565,0.56029844,3.1480396,0.16925041,0.16820844,0.31479308,0.78306943,1.4161712,0.38139102,2.7013826,0.064976834,1.2477341,0.5813254,3.640116,1.2141738,1.5737469,0.47843271,2.3538637,0.60424805,0.48605046,0.23945227,0.6667044,0.28353387,0.89836127,0.4098362,0.403598,0.8763304,1.2719835,0.14475247,0.22610514,0.06969287,1.440771,1.5042437,1.0321113,1.527079,0.6613159,0.8911101,1.0730331,1.0863266,0.92381346,2.5140955,1.1476223,0.23836699,0.36838448,1.8353546,0.03842306,2.306732,0.22020864,0.81729734,1.2442507,0.5411733,0.4818272,3.66495,0.22034511,1.0451946,1.7107595,0.16072108,0.076005176,0.5463449,5.5239625,2.5656862,1.0133069,0.26767385,0.660361,1.3165152,0.37562436,1.7658361,2.0189295,0.36712906,0.031680446,0.5138432,1.0170962,0.71112275,0.29399106,0.453523,0.28447968,0.53008246,3.3601282,1.0257062,3.1927958,2.3599384,0.14022852,0.0026613618,1.1115361,0.21589944,0.45832208,0.08422598,0.16896299,0.21905474,0.47897327,all_pothole_images\pothole_images_new_image_1034.jpg
0.7655999,1.9361659,2.6432261,0.7829369,0.1300943,0.01245623,0.8577275,1.090642,0.17464995,1.1128196,1.0783789,0.4879334,0.12064401,0.109217055,0.00034134628,1.6638806,0.11919096,0.05314346,0.07347141,1.3800644,0.48591098,1.198294,1.374671,4.408013,0.5802655,1.0589615,0.038094457,1.2526319,0.15084411,1.071423,2.8802545,1.1643631,0.08672982,0.9904751,0.46642426,1.637943,0.82012135,2.8186474,1.4623865,1.4211103,1.577282,0.13869715,0.09210922,0.117548816,1.2346878,0.22410513,0.21512876,1.2595289,0.14675808,0.069642544,2.3586426,3.405591,1.4523921,1.3665936,0.032565076,0.5410347,0.73114246,0.046830483,0.13307258,0.3298325,0.0,0.4743748,1.0250428,0.34698555,1.6788355,0.42483926,0.70312953,0.5923823,1.527859,0.08943873,0.132117,0.9551384,1.1948893,0.014298553,0.7781803,2.7896507,1.3618647,0.84605616,0.15070672,1.4363408,0.29128635,0.6577362,0.94296557,1.230145,0.25651297,0.84405327,0.38095158,0.13193563,3.4145672,0.5276559,1.49457,0.07401304,0.27187365,0.1554178,1.4453307,0.08766214,0.7371905,0.5716856,0.2850675,0.33942178,1.797542,0.25680062,0.2643444,0.39195746,0.5165071,0.38237613,0.5663198,0.1664238,0.2877902,2.9774735,0.44474137,1.3619928,0.576195,2.0333214,0.7289827,0.46071467,0.61522496,0.43875495,0.20881863,0.41611874,2.4971232,3.099358,0.09094979,1.0998349,1.4517463,0.016789062,0.35731623,0.26894242,0.014710766,1.622134,0.76147795,0.78299636,0.17414019,0.23869638,0.22401774,0.9452769,0.21135032,0.08435784,0.6242172,0.7778557,0.23030078,1.2775328,0.8775849,1.4491456,0.20194553,0.25950548,0.2417689,0.86147237,0.37808076,2.6011276,0.91266006,0.3003875,0.48664427,0.029188365,0.40519956,0.4669572,0.7210061,1.7196038,0.23638989,0.17928138,1.1419483,0.23815475,0.127842,0.18787323,0.24383755,1.6617063,0.49202132,0.40751866,0.7960074,0.3737698,0.3115335,0.5026688,0.71825796,0.15002975,1.5608503,0.79832464,1.1602014,0.94183034,2.0695682,0.05801189,0.046104576,0.4577896,1.1488441,1.4896033,0.91202956,0.22600734,0.18772069,0.47906286,0.061757468,0.66371053,1.9042305,2.0951154,0.63701284,0.94117415,0.68460035,0.9195382,0.002966842,2.2305684,1.0408474,1.2097801,0.5623973,0.95652956,0.50620717,0.5925034,0.0052028084,0.75978166,1.9633867,0.52514887,0.96886253,0.40167227,0.7325166,0.5696051,0.67325187,1.5765089,0.42738336,0.52209485,0.36075303,0.17281184,0.51416576,0.14459096,2.1831307,0.22815946,0.6410081,0.8308781,0.1733831,0.4112653,1.4946632,0.28401977,0.388244,0.31652215,0.18391924,0.769542,0.1704574,0.51157033,0.14108619,0.46204197,0.62746775,0.4302655,0.40471026,0.58738196,1.0019069,0.5107345,0.9075928,0.6450218,0.34810564,0.88567567,2.1935182,0.40630767,0.22229,2.129624,0.58639336,0.36396974,0.6535726,0.26478997,2.5320091,0.40919286,1.3300707,0.021215474,1.1695052,1.0023661,1.9613272,1.3367423,0.13066895,0.4255206,0.20045155,1.061694,0.15933208,0.16442217,0.22756818,0.89007473,0.73715824,0.1001962,0.693892,0.75509894,0.19341777,1.3599428,0.5445407,0.5736278,1.0360066,0.17797081,0.32719347,0.18828894,1.4535242,0.88260376,2.5245008,0.86944413,0.86841,2.616812,1.7965322,0.53444797,0.2687945,1.6570823,0.018738015,0.675635,0.68312365,2.4954975,1.0096658,0.9438126,2.0297074,0.8119507,0.015644277,0.07247645,0.42177665,1.1924452,0.43872404,0.40238082,0.5106649,0.9947129,1.1400121,0.27426115,0.7099689,0.04749063,2.5103521,0.57261384,1.319714,0.7367124,0.04846754,0.067107625,0.2643671,1.4599129,0.025418442,0.93098915,0.5174174,0.7982696,1.3703716,0.34139085,1.1509035,0.49599144,0.769378,0.93388253,0.4543855,0.12519021,1.2720712,0.46078995,2.168604,0.09486925,0.13953803,0.5251804,0.0,0.6628559,0.82571757,1.7284526,1.2880206,1.2990148,0.44362757,0.71525943,0.99609417,0.11993243,0.19124447,0.21312943,0.44987008,0.81467545,0.4747845,0.36760882,0.13078226,0.045967057,0.45042723,1.4276954,1.2889818,0.7332645,2.399326,0.64923936,2.5290294,1.0554224,0.22009173,0.17785546,2.1096807,0.46566445,1.0858215,0.9171149,0.644009,2.2225657,0.95570713,0.370671,1.6196423,0.90077996,0.21194002,0.17872348,0.081141144,1.1823844,0.6139895,0.8395929,1.2137171,0.9229636,1.4062172,0.79680634,1.1536871,0.90228194,0.5418358,0.73628765,0.3891849,4.0220957,1.792797,1.3674064,0.77605474,1.9153413,0.030723576,2.0332007,2.8038964,0.24056794,0.085744835,0.6057116,0.4901876,0.5480766,1.466438,1.0786027,0.5139427,1.0029991,0.12477294,1.361939,0.34051794,0.15202919,1.0182309,2.6227791,1.16343,0.038900007,0.5063367,1.8564965,0.21171652,1.4418521,0.47141692,0.6854357,0.46624172,0.3756443,0.34356606,0.8672788,1.0125631,1.6460147,0.06759767,2.1168375,0.21060371,0.6896098,0.16612253,0.8227601,0.6667431,0.8492752,0.8502879,1.2252057,1.8948832,0.2985261,1.0878593,0.08031868,0.2546859,0.59855014,0.38189244,0.8438256,0.5130371,0.28799716,3.0162215,0.99232686,0.23525411,0.27351832,3.7323358,0.29833677,0.26046905,0.86739486,1.8033693,1.6150001,0.06752135,0.27523822,0.35493794,0.5957707,1.451833,0.42281348,0.24324907,3.5115488,0.558595,0.5874603,0.030618055,0.9328884,0.22841491,0.666108,0.7957538,2.4658394,0.9324486,0.7343044,0.0,0.5188684,0.3908853,1.1850342,1.8583298,0.4485225,0.017862272,1.3294576,2.0645993,2.3433099,1.3305091,1.1495173,1.8686752,0.13758643,0.10025369,1.9242145,0.2568343,0.28358567,0.022703337,0.0,0.50779325,1.1059207,0.03338674,0.58786523,0.47666144,0.51010424,0.04987054,1.4897016,0.03725465,0.088950574,0.8407436,1.9517859,0.9406864,0.09999675,0.3801111,0.13308385,all_pothole_images\pothole_images_new_image_1035.jpg
0.124384314,3.7659705,0.9118089,0.4283965,0.6968804,1.4961045,1.0734689,0.031882577,1.2243893,0.513019,0.5779261,0.5276798,0.23537236,1.098611,0.011066945,2.0823383,0.42897943,0.30875507,0.5975662,0.18048544,0.09589516,3.0571613,1.5205002,1.2652417,0.12351041,0.3668398,0.14494108,1.4177045,0.0,2.399547,0.27427903,0.12889262,0.118472904,0.28093013,0.4383815,0.03623349,1.4514711,0.66420376,1.9243562,0.077765256,0.1266311,0.06422596,0.430739,0.5659932,0.98031974,0.058359165,0.26217708,0.10570863,0.7395884,0.27473435,0.42690942,0.62247556,0.46919397,1.8439993,0.5837621,0.89851284,1.4619906,0.37490648,1.9261024,0.13898233,0.1270129,0.10160289,1.7912421,0.38710675,0.40795508,1.9966418,2.7090893,0.1413639,1.2923946,0.7082502,0.9669122,1.1073202,0.66484785,0.3162237,1.6564953,0.69906133,0.23979127,0.087777086,0.10295502,1.7147005,0.06605539,1.2701052,0.7135364,3.7172663,3.1991935,0.20267086,0.4523716,1.1212128,3.0962408,1.4172771,0.47026756,1.1332368,0.7950224,1.4814241,0.62465245,1.0358493,0.842233,1.2381942,0.7408536,0.4983812,0.64861906,0.20701192,1.0131434,0.030447546,0.12836412,1.235796,1.7152799,0.12581018,0.28232956,0.30605355,1.3111567,2.555161,0.13037194,0.58265173,1.3492095,2.2746933,0.7634929,0.18286008,0.10688687,0.050668053,0.14260407,0.27524796,0.3617306,0.16805366,1.3076255,1.583184,1.6839434,0.010175232,0.2791086,0.28925976,0.31441104,1.3955685,1.2195308,0.1472398,0.32646862,0.32005134,0.27203178,0.3052831,3.3080213,0.77858925,0.263553,1.1139724,0.2722256,0.44284132,0.031731747,0.5326045,0.66801983,0.05738901,0.85349286,0.910905,0.08117833,1.5856649,1.6608597,0.1347255,0.57828987,0.35849142,0.13081919,0.42771444,0.50660056,0.39632037,0.27768555,0.12071298,0.40183976,2.844114,2.584948,0.20997255,2.004161,0.44219893,0.73659956,0.27417922,0.69031394,0.09630366,0.34230974,0.04455904,4.3915315,0.04868462,0.09802542,1.8976736,0.1560488,1.5064865,0.11716645,0.84896773,0.15392585,0.47550648,1.2414387,0.4478272,2.1838968,0.57050306,0.29208213,1.5533897,0.5227861,0.57494724,0.05763007,0.9579646,1.343689,0.05355427,0.07031358,1.0692326,0.24772626,0.046973616,0.40138376,1.2417105,0.18833719,0.38510066,1.3323177,0.5160472,0.43979862,0.2141919,1.3251579,0.5625465,0.63567835,0.948356,1.8925513,0.8327352,0.86266106,0.045092955,0.07631201,0.43286923,0.5707204,0.19952379,0.09261612,1.4827224,0.11200705,1.1989533,0.01522155,0.036557388,3.0720189,0.9281261,2.2105694,0.40788424,0.033707775,0.14628655,1.839287,0.39484662,0.778491,0.9347118,0.5330799,0.28746206,0.016704043,0.71598893,0.1147159,0.45584372,0.004843259,0.24411233,0.99179864,0.36311382,0.85120964,0.018513978,1.2876678,2.166023,0.9973462,0.031663653,0.5154914,0.020700771,0.22996493,0.16094685,0.73960936,2.3348396,0.13203248,0.904386,0.47433078,0.2332778,1.0116214,0.9129603,0.97561634,0.5661213,0.7147507,0.8533174,1.7647272,0.07453985,0.15703101,0.043068398,0.42313415,0.59744996,0.31739175,4.3395834,1.1463569,0.06288139,0.05881005,0.21736133,0.022678431,2.1627984,0.15654595,0.27459797,0.43147966,0.3729417,0.9406564,1.3025914,0.60010296,0.24617282,0.5746887,0.37575126,0.15021266,2.1055439,1.0454417,0.11160563,1.0024357,1.7327124,2.1981256,0.45475212,0.069633715,0.3498014,0.0,1.1534195,5.3103127,0.14347595,0.74203515,0.83884126,0.48295453,0.7098194,0.09090582,0.26403415,4.503485,0.7622686,0.09192837,0.6813332,1.547614,0.79984015,1.035523,0.2178003,0.0689951,0.097235836,0.12924092,0.12363307,0.34980005,1.3159444,0.7738749,0.25795844,2.1610591,0.7540498,3.7603781,0.5715712,0.6874438,0.0040251454,0.55254066,0.049336713,1.0049617,0.12624972,0.033591364,0.1845663,0.2705737,0.92984056,0.58506393,0.062001713,0.5031654,0.8357675,0.30392933,0.02823303,0.068278454,2.0388336,0.010603774,0.5922054,0.595918,0.2674674,1.1612314,0.62065214,1.2125162,2.5629342,1.9656618,0.38563743,0.0039109364,0.137825,0.59567326,0.62050456,0.3638301,0.62884825,0.21137317,0.5891736,0.1817857,0.07686286,0.50349134,0.23385146,0.6111389,1.7465755,0.7041388,2.1752076,0.1565332,1.1406572,0.41670233,0.32610437,0.03508437,0.9980742,0.40559146,0.20811494,3.3957367,0.8690659,2.4684575,0.024679478,1.9333493,2.278938,0.59370494,1.0125396,0.8336208,0.6737806,0.9509766,0.0,0.14113879,0.8213212,0.009298441,0.35918173,3.1526828,1.0931016,0.39029342,0.7704809,0.5541693,0.0,1.3769907,1.3152853,0.09562435,1.1224334,0.11454445,0.48136583,0.4748036,1.3641185,0.36594748,0.31301025,1.0858341,0.08046914,0.12373029,0.05817836,0.024105819,0.36344847,0.83079374,0.85831285,0.34457847,0.29389387,0.46663672,1.4574387,0.1595602,0.283488,2.5554466,1.4144261,0.045604933,0.63297015,0.70629406,2.0753877,0.42776522,0.13712218,0.97175837,1.4040177,0.43469423,1.0557563,0.5584735,1.6524659,0.62147415,1.26728,2.8840184,0.4359692,0.16900691,0.42296603,0.3590842,0.11671737,1.885397,0.44913775,1.2859938,2.7524295,0.63314927,0.4910687,0.100148566,0.14019793,0.65853053,0.01242422,1.3242493,0.66963345,0.19515663,1.3545414,0.11425705,0.28226027,0.8880604,0.4714174,1.3349892,0.5188902,0.26536137,0.026509507,0.91892815,0.37592268,1.3849833,0.34820276,0.5399243,1.5567982,1.0131822,1.6003375,0.7662417,0.78542256,0.06575959,1.6581643,0.57932913,0.11715769,0.7108073,0.19628155,0.64216626,0.6737147,0.5136936,0.105899595,0.4707288,0.24788482,1.8330337,0.046278812,0.45521724,0.82518554,0.28146076,3.168546,0.058088545,0.581208,0.3861805,1.6735023,0.0,1.0044527,1.1525098,0.28801343,0.0023939342,1.3971094,all_pothole_images\pothole_images_new_image_1036.jpg
4.1657276,1.7523766,0.0,0.8377709,0.28548342,0.3068044,1.0739961,0.023434361,0.1882501,0.22960187,0.17051016,0.104169704,0.1592941,1.3675442,1.759751,0.3160336,0.2448241,0.0,0.0,0.21346691,0.5396987,0.91121656,1.5387915,0.45327583,0.22535549,0.77056384,0.12825231,0.622315,0.15785575,0.19305027,1.3295909,0.58501214,0.65212643,0.95848644,0.008426885,0.6687452,0.4336889,0.24024628,1.9689059,0.5113467,1.4330777,0.584208,0.076714195,0.029730363,0.45061088,0.21495306,0.80278623,0.13368952,1.2240719,0.4496285,0.2957511,0.21124789,0.41919687,0.24017672,0.79739875,0.20140122,1.3655001,0.1530541,0.69886357,0.3210852,0.11275992,0.117282875,0.25750142,0.097513236,0.5878361,1.6643966,0.3163623,0.16273934,0.9693634,0.08506162,0.06100774,0.20058055,0.8460469,0.090305746,0.069678985,0.9003714,0.5399158,1.4654684,1.6059794,0.5361856,0.055472314,0.24998917,0.7658735,1.3756436,0.49331957,0.16344519,0.31715482,0.16356419,1.9870521,0.17574894,1.3669974,0.27589658,0.01969569,1.2289453,0.8448256,0.013475352,1.1635104,0.32606167,0.4031534,1.5665349,0.02115453,2.3532488,0.027158586,1.227581,1.3434087,1.2522256,0.13254729,0.026447034,0.30526146,1.16156,0.25051835,2.570839,1.0352681,0.50620776,0.017590081,0.69706553,1.7509996,0.5120747,1.4028798,0.41166437,0.9877894,1.1742415,0.111453,0.3041944,0.18533461,0.6687898,0.747142,1.0142279,0.44958138,0.051485732,0.3504458,0.00081335555,0.03402185,0.017937297,0.5761055,0.07745575,1.0756307,0.8034962,0.026414437,0.7933592,0.03301258,0.40300345,0.78724235,0.4128521,0.0,1.2723521,1.2200433,3.2884521,0.6287663,0.17659654,0.39528897,0.4065355,0.09061385,0.22671923,2.0668457,1.8735918,0.5812434,1.4700868,0.43882337,0.095927745,0.47812185,0.2560116,0.6939303,1.7060431,2.8039806,2.2013345,0.32246858,0.052850015,5.3357267,0.46904057,0.16951583,0.35026282,0.35326704,0.23592404,1.4225338,0.10039534,0.1299019,0.0,0.0,0.05468566,0.24841546,4.1999507,1.3317354,1.8725913,0.40942603,0.37121347,0.4589579,2.1955898,0.5299976,0.18340635,0.33510223,0.08372208,0.4737718,2.0255308,1.317103,0.06349859,0.29820305,2.5606,0.41151255,0.9571323,0.59807086,3.1458702,2.6876016,0.77427125,2.2418227,1.3748016,0.7039213,0.47839427,0.73649406,2.4021351,0.16137952,0.4332702,0.34380865,0.63323045,0.24499778,0.8926731,2.2991352,0.19421233,0.1651988,0.28622615,0.12666532,0.0,0.5416553,1.1029576,1.3691785,0.081774846,4.9633317,0.3664999,0.80804116,0.279992,0.14951962,0.4524475,0.051989246,0.63764656,1.1474556,1.4423769,2.3960364,0.0,1.3346598,0.03088612,1.3768804,1.2508049,0.28562102,0.059063036,0.1010832,0.5030037,0.922358,0.10510223,0.0670405,1.3086249,0.3345245,1.0604602,3.4527633,0.17253093,0.66987497,0.0,0.52634335,1.1493461,0.28888884,1.7944744,0.101349205,0.22482581,0.9855983,1.7990049,0.88374335,2.613538,0.09600112,0.21370369,7.803048,0.0,0.29053727,0.005956734,0.23022462,0.6891574,1.8287883,1.1292096,0.54457265,0.69099957,0.28132424,0.33701643,0.0265406,0.41155535,0.002388028,0.70832574,0.12642768,0.7939682,0.10539849,0.12446896,0.22723939,0.5438067,0.5864264,0.027197944,0.16777802,1.9023969,0.9444911,0.14952727,1.4034669,0.0,0.41956055,0.054034382,0.3410286,0.9431005,0.011818987,1.0199214,2.3130724,0.14872664,0.6827474,1.7910993,0.021478327,0.0066398284,1.2196416,1.4865346,3.2990217,0.20086654,0.0015313645,0.6802595,0.2504027,2.2121694,0.056123517,1.7657903,1.8889253,0.19724534,0.7948503,0.07571399,0.22334744,0.6386165,0.31177354,0.34499535,0.0038868827,2.172537,1.9822176,0.73583734,0.0,0.14154723,0.23238578,1.3569978,1.2317415,0.27559394,0.4628465,0.029188955,1.4733874,0.9307284,2.2655053,0.19811042,0.017548101,0.16878623,0.27165228,0.3760065,0.142527,0.25690642,0.79191977,3.0405269,1.4194031,0.609208,0.34280038,0.12732992,1.3810664,1.3049102,1.6354299,0.07940575,0.08254081,0.092580356,0.76266414,1.0262004,0.13019317,1.7764456,1.7746936,0.1483792,1.5476117,0.09807028,2.6118746,0.6417423,0.65059394,0.0009029821,0.34541273,0.0014939191,1.3003787,0.21553864,0.7152148,0.61723316,1.8126893,0.25398377,1.2908468,0.5490255,1.0719466,1.001883,0.42647415,0.3483948,0.42929295,0.71024776,0.84361,2.570402,0.15897739,0.013260791,0.12441096,0.34527937,0.3571258,1.6886357,0.6848918,0.37625247,0.73263955,0.43907598,0.9911787,0.6107018,2.225104,0.24848941,1.0137109,0.8838389,0.33713594,0.9420367,0.728342,0.011630716,1.4537603,1.1228874,0.03656781,0.37359226,0.7509276,0.47733694,1.1862717,0.0041422085,1.5755984,0.35939673,2.249664,0.2524623,0.8753185,0.0,0.2712137,0.20816194,0.53764683,0.4215203,0.35229433,0.9337058,0.12242659,0.10033878,0.9447714,6.5675406,1.1150283,0.9616214,0.11700762,1.5596268,0.36988223,0.26159114,0.119107805,0.0,0.19272164,0.21136825,0.4985931,0.29289606,0.010147091,0.7913739,0.6552777,1.8985014,0.20375884,1.1914854,0.9795356,3.9650893,2.5085778,0.13287094,2.8785636,2.2069318,0.14868999,0.29762736,0.9511778,0.2216612,2.2902865,0.062175892,0.024481116,0.14803253,0.19124696,0.13052829,1.5158535,0.15181717,1.1641548,0.10817488,0.5169719,0.22196929,1.4770112,1.1367818,0.97446525,0.6232384,0.28489664,5.041328,0.9993048,0.34493065,0.08212251,1.7404978,1.8036588,0.20766254,0.010451738,0.09522848,0.740074,2.446869,0.38263193,0.0037944869,0.8005731,0.5897545,0.7865222,0.18478426,0.31076875,0.32243866,0.083694234,4.4451575,0.6788733,0.4149905,0.1610717,0.54408455,0.42692673,1.5658935,1.1984694,4.0559425,0.6888589,0.6961068,all_pothole_images\pothole_images_new_image_1037.jpg
0.6559363,1.4710574,0.82518846,0.56359684,0.21057568,0.26767135,0.2508118,1.7260773,0.0086834505,1.3064827,0.5278635,1.4355372,0.3345312,0.5426395,0.16673757,0.48616785,0.36899325,0.681512,0.77906305,0.014619574,0.17448752,3.0358214,0.743924,1.1390542,0.1239358,0.22022231,0.1317139,0.70179856,0.03060818,0.62876064,0.5627273,0.03972361,0.09251608,0.77272934,0.4771078,1.3401846,0.8031632,0.6960695,0.27988818,2.5608017,0.6493535,0.058900725,0.10160078,0.8396699,1.1416616,0.7093387,0.11455258,0.2862677,0.82044685,0.12126898,0.624871,0.12022144,0.06947115,0.015756309,0.001657637,0.6531858,0.5117198,0.051472172,0.4096774,0.46387514,0.22487243,0.029642299,0.15029028,0.08304613,0.23451968,3.811737,1.3006531,0.4119966,0.96464336,0.19323757,0.03103344,0.50114995,0.11639958,0.09897539,0.13265266,0.91743094,0.09842017,0.020947285,0.0,0.36954314,0.10553597,0.0,0.31021795,2.0426443,1.2101126,0.20040317,0.4500808,0.54633343,2.263217,0.3046368,0.12807381,0.007275604,0.24754474,0.1539399,0.013241359,0.25871187,1.0728682,0.30190688,0.88505584,0.029321292,0.121922724,1.1193902,0.68076557,0.5190744,0.33798715,1.0402375,0.0,0.0592844,0.7331083,0.88620335,0.0,2.704289,0.24093212,0.6493164,0.6226984,0.16853262,1.3775183,0.28822607,1.9190795,0.97483736,1.4642717,0.59472567,0.3006046,0.31859803,0.08076983,0.86280465,0.9188357,0.53339636,0.37856707,0.04392364,0.73942846,0.013053695,0.7410975,0.041262608,0.34120503,0.30279607,0.011595114,0.8146088,0.7540124,0.27393585,0.35101563,0.86759555,0.20231165,1.658123,0.101629294,0.8997617,0.31992376,0.70387316,0.42383847,0.31884077,0.44335303,0.4968931,0.0007199198,0.10883477,2.271702,0.38594565,0.84824306,0.28880346,0.46526954,0.28288636,1.5663056,0.42603853,0.016019793,4.192349,0.6171899,1.0967702,0.13832682,0.26300007,0.9298234,0.3867624,0.07174574,0.006558764,0.0,0.0059370385,1.2237277,0.10966731,0.091165446,0.0,0.030348001,0.25514027,0.02371856,2.7312796,1.2266973,0.7999991,1.7017452,0.937175,0.41966808,0.52145535,0.83756334,0.37486503,0.4429921,0.30450967,0.05253859,2.165191,0.6449976,0.12222917,0.54007363,1.1567765,0.5495018,0.66498554,0.06953848,0.9495927,0.68801355,1.3521281,1.3445643,0.07297312,0.12776612,0.34774008,1.2626486,0.1697593,0.0049703624,0.8277784,1.2461457,0.3519446,0.13869354,0.11144861,0.5294276,0.014125102,0.7900953,0.08943645,0.6992994,1.2479844,1.0016971,1.0087043,0.54934007,0.086970486,1.927125,0.003723435,0.15673585,0.26765916,0.021430783,0.53385097,0.51601565,0.03254521,0.78082514,0.03624158,0.7824318,0.17740265,0.08831723,0.06713272,1.073652,0.10528649,0.049915772,0.10077261,0.14831972,0.001673702,0.64714456,0.008173634,1.0301073,2.611797,2.421517,0.12912321,0.6077639,0.042328585,0.018559402,0.27075157,1.1418974,0.3028647,0.47976673,1.3246741,0.16705503,0.0,0.20387404,1.8924596,0.4422745,0.55870694,0.23595521,0.83461,0.4906927,0.15168901,0.89086735,0.0001621219,0.088335305,0.6420734,1.6079357,0.58689547,0.35299313,0.37698007,0.07263265,0.6143824,0.44861528,0.47428018,0.23238084,0.12418671,0.14419365,0.28476524,1.0050583,0.035113033,0.46435896,0.65857035,0.34855226,0.017475987,0.020663183,1.3015991,0.116928205,0.57039,0.6609937,2.2693157,0.2337442,0.14842004,0.06712371,0.30750158,0.44173965,1.3104117,3.3721693,0.10788225,0.4250288,0.52081174,0.068254784,0.1026276,0.2732641,0.78640324,4.0352097,1.1508011,0.10573686,0.56739527,0.0018323193,0.9730424,1.3857857,0.65039724,0.6453016,0.16972427,0.07158301,0.046880405,0.10509594,0.37041986,0.26363868,0.1008081,1.0327445,0.5646057,2.9767654,1.1173561,0.0016925083,0.0,0.020041132,0.75553447,0.30593216,0.09434932,0.21131694,0.25408918,0.23628986,0.72047955,1.3412207,0.00960952,0.018418243,0.4647876,0.12293006,0.26053712,0.12929395,0.5423209,0.56008095,0.29854715,0.48189163,0.5530068,0.13854808,0.37944356,0.23266806,2.341012,0.30009568,1.1265293,0.108349435,0.21502237,1.4599233,0.09451608,0.0,0.62542707,2.4268394,0.16182692,0.41155487,0.16874647,1.7442826,0.781736,0.21724883,0.12873214,0.3636737,0.0270784,0.055779513,0.1427364,0.0134992255,0.7645561,0.2735024,0.03993755,0.6834224,0.6951127,2.434598,0.7805454,0.8056301,0.017889177,0.17085071,0.8993452,0.7213745,1.4791269,0.3457856,0.039377447,0.4217246,0.2583941,0.5047809,1.0902787,0.20502086,0.031481102,4.400357,1.0268567,0.61106193,0.5982101,0.41479087,0.047523472,0.3983118,0.96583563,0.0,0.012457756,0.48643905,1.010943,0.036588885,1.0434366,0.00042391667,0.109766744,0.046606302,0.23815139,0.30115798,0.100940965,0.6657786,0.32218832,1.3393842,1.8596845,1.2417651,0.5148649,0.24972677,1.4384376,0.5146785,0.5571826,0.09120355,0.45692396,0.080995716,1.2858516,0.31939533,3.4587886,1.0940055,0.22353068,0.3437067,0.2911198,0.4178963,0.43221274,0.030277245,0.1468423,0.9037624,0.13365468,0.84707856,0.41101015,0.020500433,0.92610294,0.766784,0.119389795,0.9693711,1.1469758,0.6023864,1.4508934,1.0803077,0.7134921,1.042383,0.8770465,0.3723642,0.4392247,0.75088,0.039901912,0.04892351,0.12572792,0.0,0.0,0.101715125,0.3741247,0.778473,0.6739147,0.02064853,0.034170743,0.26321423,0.0034925132,0.2802426,1.3188984,0.6527289,0.30364966,0.28321818,2.4780002,0.35493,0.46647316,0.04035139,0.24679764,0.2912168,0.2113048,0.8090571,0.028561568,1.0878638,0.38918385,0.07967315,0.005145591,0.09128591,0.3236101,0.3038405,0.49175012,0.051102534,0.7769951,0.21836604,3.7870944,0.17598782,0.19657397,0.2903112,0.22623841,0.0,0.1728447,0.7515966,0.9958051,0.79123664,0.2840685,all_pothole_images\pothole_images_new_image_1038.jpg
1.175157,0.35600215,0.5355217,1.3714948,0.2997355,0.37984753,0.2004174,1.1303524,2.1987293,0.9628792,0.3589424,1.9973562,0.18811196,0.3378049,0.9405542,0.10102864,0.96882504,0.3495922,1.4238746,0.86939174,1.9585981,0.31395683,0.1633719,1.5959774,1.0775384,0.5300606,1.4751477,0.4708524,0.14588839,1.04325,0.048247147,0.92251307,1.1139036,1.4800646,0.064717196,0.85948473,0.016898222,1.1082493,1.1342866,2.305597,0.6362955,0.8721164,1.1809833,0.79645336,0.14838925,0.36447772,1.7677605,0.19165938,0.55721664,2.0398684,0.5145889,0.26407698,2.3174372,1.0333539,0.8365268,0.27229214,0.6531174,0.60864097,0.29943037,0.4953428,0.50231946,0.8093315,0.75946814,0.55277354,0.41966552,1.1929158,0.69634587,0.19589595,0.17804424,0.36313045,1.0952233,0.12902182,0.7843187,0.8568455,1.0104535,0.32251483,0.38933122,0.50619,1.2941062,3.2336512,0.13834254,0.57494193,0.58232677,1.5188721,0.83789593,0.7807501,0.017902028,0.31468737,0.8195491,1.3841823,0.24308103,0.61971515,0.064186044,0.24877107,0.27474403,1.0511101,0.5568119,0.668476,0.7225611,0.61847675,0.5647146,0.92339784,0.5369255,0.5069502,0.16407776,0.7996359,1.05418,1.5598751,1.6424822,0.87323743,0.41073963,4.3603945,0.628042,0.21047486,0.4238952,0.00018630085,0.81067306,0.09961571,1.8059236,0.59970164,2.6793303,1.0119257,0.7153758,3.5419927,1.5389895,0.0,0.0,0.5575598,0.13466792,1.6499344,0.06785076,0.54606444,1.5716001,2.0910866,0.040254537,0.8650106,0.07765424,0.7965099,0.49291718,1.0579095,0.30317783,0.80149615,0.6851563,0.0699489,0.043099005,1.7111996,0.17639084,0.66159844,1.4459153,0.002531313,1.3121033,0.6026324,0.44744155,0.003596616,0.69624335,0.37262064,0.038736887,0.8438825,0.85775423,0.4646626,1.5249859,1.0869101,2.0047157,0.0,1.7571956,0.2836462,1.1681215,1.04156,0.49486065,1.1114248,0.82401425,0.019417293,0.9363492,0.89871573,1.557032,0.12996842,1.1344594,0.5526204,0.9943589,0.809979,1.590507,1.0790306,2.3408654,1.3961636,1.3240113,0.5070737,0.66051006,0.39070708,2.4326599,1.7179602,2.719463,2.317792,0.06849958,2.4306934,0.8757959,0.7274079,0.16921033,1.7926701,1.0409613,0.7515379,0.7570425,2.2708564,1.9135933,0.94331527,0.24146453,0.18363559,1.1282262,0.031442624,0.7390483,0.81657296,0.8373022,0.64435554,0.8259512,2.051164,0.309988,1.6686168,0.75065106,0.3393742,0.5838289,0.0,0.12310754,0.17362489,1.6201136,0.49062797,0.5955833,0.0043796767,0.5429802,0.28969967,1.5371417,1.5675662,1.158879,0.2985193,0.89681786,1.665258,0.47255567,0.2128989,2.3401794,1.1270934,0.56611925,0.29953337,1.349255,1.2364253,0.26664537,1.229893,1.0488421,0.04187089,0.9238336,0.8034381,1.2603585,6.459962,0.7245054,0.59591144,1.2895387,0.084178865,0.35004488,0.9039249,3.6233265,0.65994674,0.35597032,1.7294136,1.9653707,0.7980581,0.8051853,1.848515,0.03365007,2.5666506,0.12557459,0.4345602,0.46498215,0.3712324,0.45389876,0.59131324,0.029240604,0.31495756,1.065737,1.6847093,0.014704985,0.8795158,0.3723749,0.26074934,1.2069803,0.380636,1.341456,0.8347498,1.2975913,0.12695244,2.3700976,2.3738184,0.32111752,0.19515917,0.075186536,0.09597174,3.0609004,0.11778337,1.1306452,0.16228905,1.3819518,0.49511018,0.28374377,1.0966979,0.027801055,0.07210039,0.019947143,0.61836684,0.9258877,2.3270438,0.24357644,0.6097257,0.74559283,0.08391453,4.707351,1.0110397,3.068626,3.3240469,0.0015437483,0.39329228,0.67200583,0.38609836,4.189437,0.23281254,0.82033247,0.020596577,1.3864503,0.835161,1.7265921,1.0651437,1.218961,0.8800955,1.6427605,1.0894182,2.322094,0.96236944,1.8573961,1.8012464,0.41328335,0.21297503,1.4120967,1.1553456,0.20154196,1.6128175,1.0811542,0.8627498,1.3293848,2.9169078,2.1396472,0.2675938,0.18352444,0.15444244,0.23545985,0.08508731,0.6602097,1.3078053,1.5209157,0.48571223,0.8952523,3.3613439,0.547356,0.17673919,0.9985303,0.6717923,2.0661087,1.981692,0.6071827,0.3654899,0.060063906,2.721038,0.26888087,0.7939802,0.8148905,0.80347145,0.4807727,1.1587728,1.4787573,0.0044833273,1.4819076,0.5834415,0.46465918,1.9508822,0.2611438,0.7472439,1.349433,0.42267483,0.60005414,0.64399415,2.9468367,0.3691963,2.2756357,1.4480937,0.11044758,2.6042857,1.0314554,0.42423582,0.1756731,4.4636774,0.09601294,0.07497301,1.0932542,1.9673754,0.95191455,0.0,0.34369448,0.072825134,0.8801171,0.6873334,0.057095442,0.20726871,0.31836122,0.12335839,0.05253455,0.09039214,0.0008761007,0.6187831,0.036872,0.54598475,0.15774612,0.15230928,4.815983,2.3440661,1.1874934,0.67453814,1.865312,1.20762,2.9876964,1.6367851,0.13760947,0.37533686,0.95831466,0.83245075,0.20197117,2.4721205,0.0,1.3007828,1.2213726,0.27559015,0.31559828,1.615411,0.040049214,0.99874765,3.2945454,0.09969009,0.03077161,0.11830824,0.11969408,0.32106203,2.40664,0.28600237,0.7394559,0.4843943,0.31927222,0.46117845,0.23648946,1.8581879,0.28490412,0.44807822,1.5128037,1.8295883,0.53205705,1.5584158,0.6576271,0.51793677,1.4919922,1.6613573,0.33837217,0.032976776,0.48789564,1.9078435,2.5297713,0.37789497,0.23802492,1.2813737,0.1510551,0.12534454,0.4863522,0.34512073,0.31675223,0.27904993,0.10892224,1.2676221,0.20904008,0.12138107,1.9729879,1.5676652,3.1760216,0.18895938,2.240168,0.6465451,0.1510677,0.82706153,1.1635767,0.0043035992,0.25722757,5.0999846,0.006754474,0.013908975,0.27885807,1.0821168,3.4323673,1.424877,0.32040513,2.2406917,0.011190416,2.3883116,2.4287643,3.5852492,0.054156695,0.88545126,0.10750551,0.4140504,0.17754869,0.5748035,0.4771478,0.4929814,all_pothole_images\pothole_images_new_image_1039.jpg
1.2435755,0.6981629,0.8587786,0.31153443,0.22362137,1.5790051,1.1816782,0.62221754,1.3042811,0.37763408,0.767716,0.6553703,0.7696447,0.06925429,1.560849,2.3608942,0.10998323,0.06597587,0.82914233,0.12077719,0.36532074,2.0661192,0.22162586,0.43752903,0.24950711,0.4761094,0.07639772,1.9737533,1.1940624,0.9408562,0.7697897,0.48164904,1.2245547,1.20623,0.18431777,0.5255649,0.0,0.856182,1.3564351,2.659939,2.0467591,0.13529024,0.025366057,0.672666,0.84480035,0.053152766,0.0406821,0.28475812,1.084839,0.38738433,0.41863698,0.16942067,1.2022686,0.03262913,0.154251,1.0532663,0.72757906,0.057806246,0.60549515,1.4192517,0.0083402665,0.448217,0.6492681,0.91412073,0.19455881,2.156173,0.70074594,0.44344774,0.9445593,0.45522732,0.0,0.31436527,0.5380552,0.6875506,0.3721586,1.7601464,0.39840037,1.1014994,0.055705424,0.49686104,0.32860056,0.56613207,2.098858,1.2788854,0.17671256,1.4061992,0.35963303,0.3377156,3.3252892,1.3886312,0.48408282,0.09236778,0.005672878,0.53180283,0.6989996,0.20211698,1.6822729,0.6971761,0.1268362,0.61968905,0.07583298,1.755028,0.33144525,0.7156035,0.6806102,0.9577133,0.6279381,1.0652138,1.4091382,0.9952919,0.21417084,3.8922496,0.976476,0.37733793,0.0018566385,0.106364995,3.1965852,1.6248472,0.07944995,0.6611765,2.6710463,0.48026866,0.27266178,0.21598628,0.34997788,0.2978946,0.13515057,0.26590985,0.99712634,0.33149585,0.26100546,0.97019535,0.28057453,0.017817711,0.63273174,0.6260836,0.36975053,1.772647,0.7941091,0.94121855,0.20866904,1.2397608,0.5649598,0.3014005,0.442127,0.63237715,0.7332841,1.8135042,0.2779757,0.27495846,0.7030915,0.028178142,0.07540106,1.5400503,1.7026873,0.7914978,0.3594616,0.09608826,0.09101869,0.44690877,1.0331559,0.3330375,0.25932604,0.30513272,0.55196,0.57307553,0.37453884,1.4342676,0.7082146,0.043423433,0.0079915365,0.10858002,0.05969352,0.3736132,0.635918,0.029062016,1.765088,0.07330592,0.6208174,1.6485837,0.6861226,2.22142,2.7223785,2.0676608,2.2768264,1.6509745,0.9472195,1.96437,0.13920352,0.85262907,0.014016551,1.4450704,7.0512484e-05,4.0039377,0.7901946,0.004626644,0.20212713,2.174915,0.8986345,1.0514944,0.08356512,0.8302882,2.0497367,1.5576578,1.4794607,1.1217083,0.45701185,1.078769,0.887378,0.047074,0.0075832633,0.9726581,1.2533582,0.0,0.70629406,0.7025856,0.049834713,0.7849631,1.4208025,0.28479177,0.32620135,0.79903036,0.1553777,1.59537,0.23836972,0.37815872,6.6918583,0.3226878,0.60836643,0.37253332,0.2265021,0.99407476,0.09500918,1.0943625,0.9330323,1.3641199,1.6273168,0.003165261,0.2386614,0.037391234,0.09721636,0.9462795,1.0653391,1.0525327,0.67259026,0.5323398,1.4819727,0.97698,0.42135128,2.0150297,3.1825418,0.022961728,2.0077515,0.6410152,0.19405572,0.0,1.4599787,1.0009708,1.2506996,0.80402845,0.033329707,0.16581844,0.63926107,2.312477,1.3763496,3.008198,0.25969687,0.78610104,1.4900315,0.9070646,0.54321045,0.5978463,0.003169491,1.1043279,1.1712916,1.5916495,1.7247437,0.7057173,0.7743979,0.37401798,0.16583921,1.0146266,0.057565596,1.045366,0.19757488,0.8808857,0.38243958,0.048453633,0.5007762,0.3561544,0.72773993,0.27643377,0.7175685,1.4013311,0.14919114,0.46502954,0.032460004,0.88737106,1.249731,0.35630813,0.004070643,1.1995744,0.40911064,0.47932845,1.565475,0.6174385,0.06899545,1.2826666,1.0423027,0.91799086,0.3035866,1.3191327,2.6536942,1.7666516,0.18754399,1.4323598,0.24920283,0.42656064,0.56425273,0.893749,1.1800836,0.56321114,0.079577185,0.21376714,1.582803,0.037810992,0.21465798,0.016623257,0.5180131,0.9903053,5.2437153,0.9544589,0.15616938,0.0,0.24693306,0.6904097,0.11248001,0.33136773,0.09860866,0.11615277,0.35674936,1.1261252,2.075092,0.03144474,0.06279457,1.4580668,0.42089197,0.91376275,0.5703374,0.4633366,0.732546,1.7077606,0.6323583,1.625702,0.6542483,1.8412981,0.14435865,0.1098138,0.58955365,0.7110064,0.097848125,0.0,2.1656148,0.20826805,0.34736812,2.2229931,1.1711216,0.48825267,0.18123107,0.08283318,4.474817,1.1016926,1.6628125,0.04617291,2.196865,0.03275603,0.07540114,0.91904867,0.96337,0.9084771,0.33934706,0.22951034,0.64722836,2.3630915,3.3124974,0.8944039,0.22647503,0.018334296,0.11064712,0.98438823,1.1181515,2.54246,0.12447552,0.3455056,0.26593366,0.64647955,1.7467668,0.30888277,1.9685024,0.06755257,7.5962853,0.40793577,1.228145,0.17022097,0.0011225248,0.15852095,0.6792992,0.010856153,0.066422425,0.0678703,0.67972714,1.2300934,1.6143831,0.5649622,0.009318967,0.2848119,0.9418702,0.75908285,1.3163666,0.40035552,0.48537233,0.1147339,0.25882086,0.4814874,0.69098943,0.73958594,2.327191,1.4742858,1.5628169,1.3436457,0.44793817,0.6907931,0.4017597,0.41426456,0.4489603,7.6085706,2.1411502,0.12811089,0.9013251,1.3574358,0.4205061,1.3439306,0.71930647,0.09399425,1.2035067,0.3043857,0.8855457,1.2871748,0.0,1.3149785,0.3239731,1.13001,0.8255585,1.3968288,1.164609,2.0804415,0.728029,2.1012578,1.0004046,2.5060155,0.101920456,2.2764256,0.82918996,0.0,0.15590258,1.1368219,1.2539508,0.74746984,0.63954365,1.0409573,2.5916255,0.037377898,0.4326794,0.12002806,0.76555365,0.09210424,0.38898072,1.0822573,0.6106646,0.07474427,1.0933781,2.8936026,0.8366871,0.29736987,0.020007463,0.30976582,1.8038702,0.5286496,1.0845048,0.55269396,1.6713481,2.5284815,0.23404542,0.52790064,0.26113,0.078360654,0.39139837,0.3311516,0.43073162,1.2016768,0.051612698,2.7412589,1.6048272,1.0462946,1.137492,2.5875263,0.31243768,0.66952324,0.8013575,1.1167501,0.33742726,1.5515548,all_pothole_images\pothole_images_new_image_104.jpg
0.6362573,0.40636507,0.07592175,2.840849,0.70437783,1.076909,0.44217923,1.2464411,0.92033577,0.9956665,0.6801357,1.8490199,0.27797616,0.3778471,0.8352931,1.0202942,0.5002989,2.7428975,0.80362535,0.33783165,0.4064795,3.5916815,0.1270166,1.1904521,0.8673935,0.86876017,0.58800656,2.6120267,0.06914817,0.40477207,0.5146675,0.95626223,1.0670136,1.2046617,0.52206403,0.2922436,0.44766197,0.4219071,0.045741796,1.1821129,0.07396477,1.9073542,1.1398171,0.106425844,0.19488296,0.78160655,1.4308144,0.020210221,0.9116343,0.52171797,0.011065201,0.6977245,0.16067894,0.0011148785,2.255361,0.43600518,1.4654207,0.008444047,0.36295325,0.65230507,0.06331409,0.66604924,2.318461,0.5227647,2.2660503,1.4140921,0.2649084,1.4075688,2.1240692,0.27665085,1.0748124,0.069280125,1.3240123,0.4614533,1.0860692,0.5586087,0.028350543,0.41380996,0.68484837,0.31223467,0.3920894,0.84901685,0.62342286,1.2269715,0.075282775,0.9179149,0.6562979,0.21804883,1.9370697,0.3719288,0.04131391,1.0923461,0.38597316,1.1750951,0.6118033,0.07734612,1.0288867,0.22591212,0.48424911,0.7315924,0.06671258,0.7617851,1.974405,0.32357135,1.1978723,0.054328483,0.4328853,1.2138399,0.92242956,0.47921264,0.23998117,0.5563729,1.6225832,0.015179532,0.095980585,1.4970171,0.8530754,0.12136241,0.074788444,0.02392911,2.004899,1.0699761,1.1819583,1.3365058,0.45298195,0.3249439,0.0019001232,1.2453387,1.2476386,0.59633166,0.9526998,0.5746771,0.58492047,0.28605035,0.31167242,0.5907814,0.08586464,1.0110006,0.26441354,0.034886844,1.6239594,3.1212912,0.9327164,0.0,1.2526217,0.5196271,0.24313955,1.1990982,0.6473023,1.2217615,0.009328577,0.09019407,1.5767741,1.5566683,1.1334,0.53362423,1.8383583,0.42173073,0.6256907,0.44936657,1.5683422,2.0792391,0.8865255,0.1374376,0.9529348,0.31242117,1.502654,0.81811196,0.60570973,0.74361014,0.23066793,0.45304862,0.25761804,0.76991576,0.9535051,0.33110377,1.5470002,0.77117544,1.4841486,0.7940901,1.5122477,0.7173857,1.8694146,0.13714904,3.0127099,0.43368688,0.61071724,0.10819859,0.0064103524,2.8935206,0.0,2.4627178,0.18906818,3.300517,0.3806731,0.3280721,0.2152295,0.22271855,1.4122087,0.678974,2.0998335,0.9167477,3.5420544,0.19603649,0.73595226,1.6515543,0.05405991,1.9464453,0.09964032,3.5113275,0.2694119,0.45125914,0.73382056,0.7004975,1.1154985,1.9507139,0.2041509,1.270495,0.7329878,0.5942651,0.18902639,0.7723458,0.25918788,0.24869622,0.6335955,1.1129355,2.24629,0.8279873,0.5171115,1.2611417,1.1408631,0.9033049,0.56061465,0.9945283,0.97603136,0.7376748,1.5881501,1.1546849,1.2912519,0.10568401,0.19289494,0.28129867,0.5566289,0.90674233,0.40674216,0.088598765,2.1403584,0.9042319,0.37943435,0.5759784,2.079307,0.35371032,1.0163134,0.65963054,1.0877957,0.44764984,0.27861214,1.0522441,1.132387,0.6954517,0.0418713,0.0,0.51898646,1.286175,0.01772551,1.0674677,0.79485303,0.021688687,1.9586767,0.81103504,0.22169076,0.13703936,0.7573241,0.18709323,0.29732108,1.572136,1.9577444,0.91639894,0.6585307,1.9701397,0.5424556,1.4800706,0.4025195,2.7166097,0.29066926,0.011115904,0.27139807,0.102725156,1.4713833,0.76817816,0.6951848,0.15917994,0.53110796,1.4226874,2.4097536,0.42899024,0.48978552,0.089592025,0.0014885078,1.3514675,0.19222748,0.5092929,1.0577115,0.45761022,0.019416867,1.2770101,0.012886204,1.3164293,1.7136638,0.485486,0.85562956,0.55426055,0.99095774,0.12294227,0.64121336,0.056176268,0.215618,1.0645608,1.0365454,0.012689572,0.062290646,0.5032801,0.02990744,0.2060067,1.2871485,1.2732768,0.20648833,0.52811235,0.074045755,0.30500704,1.8766859,0.416818,1.2191144,0.2961591,0.24719132,1.2524216,1.8679682,1.3644699,2.503752,0.7298179,1.3034836,0.25962386,1.6437042,0.06617876,0.53612095,0.51688397,0.8847952,0.3750452,0.58951986,0.94191396,0.3546515,0.7437661,0.17609373,1.2814039,1.2718784,0.07722142,0.72213733,0.6402207,0.026894705,0.29194385,1.2112492,0.6438461,2.9734704,1.116936,0.43153387,0.07736783,1.880893,1.6943581,0.34266466,0.88549554,3.4718597,0.4516056,0.10048526,0.15517126,2.0481737,0.23896307,0.41284364,0.93320364,0.9831849,0.6039059,0.6092488,0.029510582,2.886194,1.6501396,3.7240787,0.080184944,0.3225133,0.33229613,0.0005929357,5.0974045,2.0964787,0.3128461,0.2961675,0.3262371,0.40465254,2.1784368,2.0237784,0.3117293,1.151374,1.0711781,2.9435332,2.2267966,0.056042656,0.19647305,0.19478865,0.4321022,0.43523726,0.38595468,1.4896654,0.85673445,0.4259354,0.8391325,2.421284,0.6093244,1.5863024,2.3165078,1.9556819,0.91480637,2.166239,0.58790326,0.4427269,0.35057947,0.23600803,0.301187,0.29952544,0.39515483,1.4708422,0.1268522,1.2876551,0.86840016,0.6436995,0.84866774,0.73628545,0.13164905,0.7507365,2.6409366,0.113549136,0.16701446,0.775792,0.1423258,1.3091179,2.2122023,0.39482158,0.049436796,0.3114071,1.0195208,1.1555916,0.21891311,0.6247588,1.9795426,0.46138373,0.03260377,1.1011645,0.09363188,2.0354106,0.8275221,1.3680707,1.9324038,0.0,1.6567602,2.1412306,2.8203597,0.41760698,0.29002804,0.84308904,0.9366888,1.0961692,0.47072342,0.08780649,0.64172834,1.6288124,0.4200131,0.007251326,0.23356873,2.3660123,0.30070114,0.9272449,0.011885133,1.4711035,0.02667571,0.9360567,2.7515295,0.19929294,0.26553157,0.16362523,0.29883748,1.6709877,0.38820472,1.7291028,1.4875615,1.7525035,0.9850291,0.6824886,0.98336905,1.1710821,1.2132185,0.3053097,1.0648562,0.14241129,3.435084,1.7556121,3.441601,1.111061,0.36960858,0.07226318,1.0824498,0.84509546,1.0461408,1.3755203,1.5821848,0.018964585,2.1379185,all_pothole_images\pothole_images_new_image_1040.jpg
0.7947347,0.90887105,0.3592819,0.7567618,0.003436373,0.3827393,1.0699623,0.35428688,1.1157622,0.0705301,0.40322483,0.18121727,0.6051021,0.03333108,1.8119287,0.26785997,0.059337426,0.14898126,1.2359306,0.23930271,0.31713045,2.9656465,0.48335192,0.5395488,0.0066872127,0.6442656,0.5609444,3.4568653,1.1736169,0.23445511,0.51074076,1.1849264,0.1821848,0.033302695,0.005343265,0.33334494,0.11370168,0.56616694,1.220529,2.985479,0.066964984,0.012406592,0.003504966,0.0031555814,1.0281479,1.0108497,0.3765904,1.2353734,0.35793966,0.7697497,1.1167717,0.19621468,0.4191971,0.44223267,0.09325893,0.029116329,0.07974336,1.1925206,0.28914234,0.27565953,0.025284337,0.38387734,2.4401906,0.32119116,0.017519731,1.6684018,0.3322308,0.7348495,0.9628045,0.040495202,0.5129161,0.4908811,0.2671027,0.7319057,0.39637834,0.7697846,0.3438205,0.5076163,0.21884951,0.04485003,0.32180008,0.24081074,0.0928601,1.3218938,1.4426265,0.7201736,0.7181717,0.058251873,2.0566258,0.6936044,0.034362346,0.20790146,0.551156,0.2421468,1.5976143,0.06785425,2.3697019,1.0236473,0.17198393,0.3789303,0.3625655,0.0,0.5118821,0.44726107,0.65274477,0.07944738,0.39883998,0.3520781,0.19337486,1.055689,0.24876672,2.3575673,0.976171,0.010948906,0.079955705,0.5146429,2.1223178,0.014560322,0.0037767475,0.15351127,0.79694253,0.3976205,0.16574256,0.8512321,0.8386587,1.3308345,0.458052,0.138829,0.2868428,0.58155006,0.0981884,0.058654014,0.005659636,0.17986947,0.14188719,0.082997106,0.35220578,1.1447942,0.24047205,0.41681013,0.01655617,0.21881285,0.008793016,0.07317791,0.122701526,0.41857785,1.2841641,3.2071638,0.55206794,0.9266238,0.6501345,0.010915483,0.12590446,0.09312868,0.30218428,0.09700576,0.13148718,0.33388448,0.9682827,1.3126088,0.46778578,1.7855439,0.48569146,0.26858753,0.55177027,0.35981604,1.3334874,0.0,0.72386384,0.5242821,0.044585075,0.20385413,0.9609048,0.0042295433,0.53219116,0.14835358,0.6414327,0.02880731,0.07962275,0.06711629,0.06449683,0.07791849,1.0459329,0.47815776,0.7093305,0.585079,0.021779452,0.16150811,0.5563826,0.5861781,0.0,0.23550294,0.06182146,1.2516669,0.69201595,0.11743456,0.07583891,0.6675175,0.4765274,0.3304947,0.30842736,0.25318667,1.9124132,1.4680315,2.071656,0.24014609,0.51842636,0.0023729042,0.62586546,0.6876804,0.31709749,0.61698514,0.97752535,0.21383286,0.00408093,0.90391445,1.1776186,0.16897756,0.41373056,1.3457698,0.6915172,0.9589139,0.5459225,1.3518393,0.23334059,0.5131734,0.27622545,1.0503463,0.89406955,0.57610434,0.92037153,0.18041801,0.38844293,0.347785,0.7982249,1.724397,0.3904788,0.024653453,0.7755042,0.13380617,0.6014182,0.5944039,0.36201704,0.20200565,0.26038834,0.053088553,0.7146907,0.654638,0.6969687,1.5515378,3.4763196,0.3394263,1.1343418,0.003340063,0.37583876,0.074234866,0.587858,0.64774275,0.62502146,1.2725234,0.18817279,0.31580707,0.75389534,0.40456194,0.73019105,1.4810376,0.054433122,1.6763748,5.984465,0.6908554,0.5457247,0.07533484,0.03471604,2.702369,0.3559892,1.5769849,0.20897053,0.685098,0.6076363,0.17411584,0.9412698,0.91656166,0.1989729,0.2653673,0.47639278,0.0,0.37544307,0.411795,0.07864922,0.8592196,0.27462894,1.9665692,0.06792212,0.7481393,0.00039674595,0.18306981,0.4550115,1.9664645,0.94073236,0.66077405,0.0,1.4248635,0.1970803,0.4556595,1.3633112,0.044265814,0.07657353,0.25567746,0.34131548,0.54941046,0.59017956,0.83469546,1.7301437,0.23222803,0.067995526,0.40754947,0.3963787,0.4540103,0.32309774,0.059416246,0.0047358465,0.088877976,0.3589113,0.6560258,0.40176663,0.5229607,1.2603037,0.03998782,0.47347546,0.65033835,3.4957469,0.12257624,0.048212163,0.101298064,0.28337926,1.2514898,2.495688,0.15458101,0.6953162,0.17859855,0.81466454,0.55288595,1.8270072,0.46079293,1.7299151,0.46517488,0.06205402,0.2808436,0.7387167,1.3665442,0.0055203,0.8174035,0.20202422,0.6032791,0.45482686,0.08305802,0.21613646,0.00057374616,0.5241318,0.59513485,0.008897514,0.09144096,0.33374435,0.08308763,0.13771783,0.5466555,0.69385463,0.46273512,0.098004214,0.009190185,0.50436735,1.4199173e-05,0.022511365,0.23508969,1.248915,0.42749968,1.9552559,0.117699504,1.6525754,0.124208644,0.7156666,0.49406078,2.700707,0.5869729,3.4530365,0.05443373,0.005352399,0.054498885,0.083584875,4.3427796,1.6127255,0.38226932,0.071994156,1.4126003,0.06398262,0.08827662,0.22783813,0.16441278,0.004516705,0.15114632,2.3766155,0.8773575,0.196326,0.57341385,0.35875255,0.006319147,1.0280142,0.10039625,0.65075487,0.81549895,0.4889656,0.49680397,0.08872408,0.39463985,0.47803897,0.85693395,0.52084273,0.009589922,0.756972,0.01094457,1.355563,0.27695554,1.092702,0.7029305,0.7210948,0.0,1.262236,0.52733123,0.49425158,0.86829925,0.21921866,0.7475888,0.246193,0.40788403,0.20267367,4.2269945,1.3607981,0.010056821,1.4828776,0.94522303,0.3181133,0.33868346,0.2251075,0.10688562,0.21511424,0.0,2.6339145,0.510558,0.12730563,0.077636875,0.07858308,1.6338884,0.56500787,0.068697825,0.3367628,1.7156985,0.3013387,0.30613875,0.224513,0.4648087,0.09403642,0.8016399,0.76018804,0.120307095,0.22105898,1.5880189,0.4128561,0.46391323,0.67722726,0.17881796,0.8928894,0.14752321,0.5606833,0.24823299,0.07235008,0.31123677,0.24298188,0.29288197,0.57617027,1.1867566,0.55791765,2.2177894,0.01835616,0.5501341,0.23071206,0.19148582,0.36961052,0.095872276,0.24857962,0.42877033,0.5587763,3.9325347,0.10980276,0.43953598,0.105276145,0.04351311,0.4216257,0.41784012,0.4710786,0.16072303,0.1785093,1.018715,0.44637832,0.48831922,0.79524696,1.0470791,1.3332174,0.56517565,0.82991725,2.4771743,0.6024813,0.23878613,all_pothole_images\pothole_images_new_image_1041.jpg
0.3840149,1.4793265,1.2349757,0.6909522,1.0480208,0.9013059,0.4433912,0.0646262,0.23637263,1.1652855,0.3129939,0.27440748,0.25510126,0.18874536,0.06795453,0.2587764,0.11924855,0.25182092,0.04446591,0.18045776,0.636977,2.3909495,0.14353244,0.28815013,0.54104596,0.5169777,0.3454708,1.4185336,0.09778104,0.19299869,1.4093493,0.2588553,0.3011076,1.1009334,0.18489039,1.0259628,0.24767536,0.38524213,0.26280886,0.3601451,0.06511934,0.3355116,0.484087,1.4473032,0.71922785,0.029616462,0.49220347,0.008058394,0.6880745,0.35161817,0.526448,1.0041188,0.14230174,0.10902625,0.48114234,1.5151825,2.3860698,0.11193539,0.58323437,0.03350265,0.4296622,0.30437145,0.5449121,0.2701673,0.21104202,2.6529496,0.021868818,0.0,0.61970794,0.21020988,0.10780313,0.07473921,0.33046758,0.8172853,0.33000684,0.1353896,0.11340517,2.084113,0.29346123,0.23989697,0.033928145,0.05394031,0.53735846,2.3913648,0.16380914,0.9598914,0.41086322,0.46891123,2.8732176,0.21515366,0.32134938,0.19294931,0.017844748,0.1346228,0.33375052,0.0,1.6846956,0.3578067,0.39158115,0.22318688,0.0,2.3157973,0.07115956,0.26461664,0.3464726,0.56730664,0.12154083,0.39887673,0.79052585,0.7266214,0.08001364,2.112316,0.064886756,0.16930827,0.0011647621,0.38293052,3.843198,0.7059551,0.617237,0.35732248,0.7028464,0.60355544,0.7781059,0.6823181,0.311325,0.3984612,0.6201195,1.8402382,1.863639,0.007160576,0.11003967,0.017394813,0.10927029,0.020679979,0.26158527,1.0678914,0.3032251,1.3932457,0.54009396,0.520143,1.1360699,0.071291216,0.041420814,0.890427,0.08551461,0.8332423,0.09122426,1.0422423,0.058969773,0.18886906,0.5622696,0.24211814,0.026180131,0.7814898,0.55163395,0.08303463,0.15494218,0.2502683,0.5123182,0.773434,1.6101766,1.3104624,0.26263133,4.1551332,0.3145783,0.20177662,0.7526189,0.037088566,0.9832615,0.17951402,0.040930603,0.32768676,0.004349141,0.0020221353,1.0245267,0.006643101,0.42656022,0.0,0.18160321,0.214058,0.22494751,2.3416705,2.3528,1.210809,3.4309072,0.17647256,0.05732652,0.21167627,0.837481,1.3161565,0.0,0.16929238,0.00640667,2.9454858,0.071198225,0.05847011,0.5615376,1.2926741,0.25539598,1.0340303,0.15629853,0.019733455,0.664943,0.37473568,2.0637276,0.16651055,0.4957604,0.36951134,0.2736939,0.9014472,0.07162894,0.014891939,0.3226073,0.25416985,0.903633,0.9840564,0.19382766,0.0,1.5457982,0.29736874,0.4871576,0.433585,0.049090415,0.46923205,0.20688216,0.2812394,3.3276777,0.76177585,0.32372177,0.0048559895,0.31868744,0.28286773,0.06140429,0.15301172,0.32991347,0.008847663,2.0536382,0.012072366,0.052768055,0.1430092,0.18530573,0.001829234,1.2994413,1.3153045,0.41651648,0.021931833,1.0378665,0.61862177,1.0222954,1.7780534,3.0334008,0.09576417,0.5216962,0.30060753,0.660479,0.39204547,0.46377304,0.38277403,1.6371416,0.9120693,0.06368714,0.11414811,0.69412017,0.13535593,0.93531317,0.32629898,0.06780158,0.898184,0.64323765,0.50208926,0.1330475,0.11644282,0.17227787,0.36592558,1.1528044,1.0151635,0.86013824,1.9718089,0.4267029,0.245897,1.1256528,0.24013513,0.049518302,0.62480146,0.59872776,1.0730314,0.4319085,0.18005559,0.67108166,0.15134491,0.15715809,0.2543835,0.17691685,2.0638726,0.31993747,0.19832397,0.2755498,0.83888334,0.114265345,0.5975559,0.37041986,0.40399465,0.22468771,0.48617136,4.664683,0.046814002,0.3660417,1.3289907,0.0011195786,1.0074655,0.6572591,1.5292045,3.0142934,1.749324,0.38290903,0.6712264,0.30150855,0.9389939,1.520505,0.5657293,0.309938,0.13198766,0.051637053,0.27638376,0.2327176,0.7269213,1.7984042,0.0006983266,0.23701525,0.41626397,3.633073,0.8315127,0.0249577,0.4702413,0.046146773,0.49451384,0.5486499,0.36916032,0.37972298,0.18113303,0.2740718,0.28488335,0.9911419,0.07539061,0.24188344,0.17068134,0.13743654,0.18696584,0.9322757,0.2738035,0.40243763,0.9812941,0.77137834,0.9399064,0.12133275,0.05454676,0.80229366,0.8384622,0.032828305,1.136726,0.19273193,0.5125874,2.4884448,0.17710668,0.12349371,0.30124187,1.7808233,1.2542664,0.1506212,0.4782587,1.6728096,0.07906358,0.9151717,0.13572437,1.0217117,0.37860382,0.31056103,0.55183107,0.12574196,0.8068157,0.096504696,0.0,0.19528754,0.9706065,2.9551651,1.2570801,0.76386136,0.0,0.055079207,0.6399643,0.5480101,0.9241669,0.02139895,0.07109273,0.28081918,0.03653117,0.82538766,0.030955153,0.29149604,0.084190786,3.6979616,0.37107143,0.1702596,0.6794169,0.14320487,0.11917586,0.3503047,0.044441257,0.00075678254,0.12849997,0.033121657,0.9182812,1.027715,0.16376708,0.0721958,0.3883331,0.48090166,1.1072793,0.7955821,0.017957142,0.04498501,0.19695474,0.29578224,2.8234844,1.0616624,0.2835512,0.30678126,1.0442481,0.115369655,1.0926193,0.7461292,0.28018677,0.19359827,0.14390612,0.022515904,4.5492,0.34933993,0.3290912,0.0070941434,0.5054661,0.19597784,0.40726283,0.3226605,0.7260301,0.14379047,0.15606326,1.277559,1.1900722,0.373648,0.4501605,1.272184,0.35818467,0.14739798,0.42700046,1.0363921,1.6092886,0.41684753,0.4073496,0.18911731,0.8490208,0.5124853,0.41069156,1.5083073,0.005981861,0.11074422,0.16089301,1.4711993,0.12651335,1.6295019,0.37029412,1.9693555,0.782163,0.5984422,0.5270505,1.270235,0.87271804,0.11862658,1.6259667,0.26834956,0.11914343,0.41919675,4.360079,0.74306655,0.24913904,0.0,0.22520523,2.420893,0.018937444,1.3327835,0.58880526,0.99399936,0.7709666,0.01002632,0.13267696,0.013259336,0.27613047,0.21005805,0.30059227,0.4665008,0.12652518,0.07625307,4.616564,0.8992364,0.6498122,1.973832,1.0213639,0.05582993,0.6380932,0.72897387,0.69431293,0.47480798,0.28546464,all_pothole_images\pothole_images_new_image_1042.jpg
1.0371287,0.87190026,0.7103915,2.111036,0.30369946,0.35635927,0.47462487,0.0314025,0.18042716,0.9361018,0.2588544,0.42576784,0.12524201,2.0289729,0.29438102,0.015756661,0.066619314,0.39249104,0.01917698,0.017634004,1.2778271,1.0432571,0.98882353,1.6493013,1.17823,0.77639145,0.7010595,2.725649,0.21837406,0.7563895,1.7228129,0.0,0.28652766,0.7160668,0.4547591,1.2942566,0.06572893,0.7451635,0.32530987,0.18177593,0.22488676,1.7484887,1.0250299,1.9553876,0.43974677,0.49937847,0.4572153,0.08442443,0.6572342,1.4548103,0.6592323,0.18841109,0.23577923,0.06837198,0.037842806,1.2067347,1.6957226,0.0034837553,0.33456174,0.010442278,0.4348764,0.44522902,0.45871386,0.24974789,1.6676449,0.79535633,0.45277038,0.0,0.0,0.1859599,0.37392,0.195433,0.08623397,0.16044843,0.7437542,0.8183365,0.090521365,0.266341,0.050610784,0.0,0.182219,0.01778573,0.2939074,0.26286355,0.18205337,0.10351292,0.18997695,0.51134235,1.8760561,0.25229126,0.29206356,0.71464145,0.41253275,0.23117481,0.18871686,0.0954679,0.966505,1.7202805,0.45953253,0.5417015,0.01165024,2.497278,0.0011081002,0.8236135,1.5412837,0.47840393,0.055521823,0.65449095,0.59613127,0.6812824,0.09992549,0.48511824,1.303661,1.9914155,0.7815775,0.8449459,0.25913683,0.0012768407,1.6224205,1.6720446,1.2299751,0.31739792,0.3627841,1.2447354,0.43723813,0.20911258,0.49715996,0.57790494,1.7121093,0.5128675,0.12753874,0.14824025,0.19772504,0.15536496,0.059707418,0.072821185,0.7699834,1.0533689,0.4308632,0.00065212353,0.51900417,0.053821865,0.7782501,1.0684494,0.008338463,1.9673371,0.25919816,0.3548833,0.0,0.08498647,1.0958692,0.72285956,0.0,0.040025286,2.1355329,0.88024604,1.4250723,0.34038416,0.45193216,0.6853259,2.4383461,0.9150733,0.09106733,1.3794993,0.16392148,0.047685828,0.61975694,0.18789403,2.6250029,1.0251116,0.003048,0.030703228,0.0,0.90826756,0.8439757,0.87011886,0.33865255,0.16822061,0.21745117,0.12162133,0.046032935,1.1498524,0.868273,0.8189349,1.454296,1.3822176,0.10207323,0.9680825,0.30864835,0.69256824,0.007657677,0.29575965,0.7296842,2.413797,0.027343888,0.41755942,1.9462677,1.175562,1.8139442,0.6647337,0.17561601,1.8301616,0.23584926,1.1313589,0.062222656,0.3223882,0.1963014,0.62697965,1.8749716,1.0541259,0.034959562,0.103484884,0.54074615,0.9386236,1.4636949,1.386084,1.0284047,0.21567784,0.8213217,0.069324605,0.93687826,0.0,0.85582185,0.46149868,0.0,0.35623485,1.0538794,0.41384956,0.5831009,0.6486717,0.13301528,0.13447458,0.040007543,1.2978466,0.45270163,0.033635564,0.7173806,0.2167208,0.1653263,0.73551065,0.48718557,0.0,0.008050712,0.45597318,0.18798734,0.03729617,0.8216403,1.1430924,0.39728487,4.1223154,1.1503928,0.08088615,0.29363975,0.57489145,0.07366332,0.35272527,0.80092883,0.044196524,0.51615155,3.475391,0.56232464,0.89997464,1.9347671,0.03240971,0.21412995,0.81886345,0.22612104,0.3826465,1.1629456,0.0450933,0.046955775,0.18780394,0.76505685,0.09092774,0.47159886,0.40890852,0.2219255,0.06595186,0.86656344,0.5217824,0.11283456,0.38781682,0.2722489,0.70293385,0.364062,0.86084515,1.8737005,0.6886057,1.8799876,0.077562235,0.38942695,0.10660132,0.60880595,1.2422141,0.16482165,0.017304525,0.6257615,0.057392236,0.40716544,1.5639493,1.0395948,0.4724071,0.12865692,0.20811354,3.7345035,0.6690379,0.20783533,0.05928801,0.0,0.316897,0.74312496,1.4197942,3.2300577,1.4204307,0.25153515,1.0193186,0.048549,2.013384,0.34604746,0.56192845,1.4510489,0.0,0.15127827,0.56698567,0.28902173,0.59104204,0.32311714,0.2952331,1.0705669,0.483694,0.7731577,0.44874144,0.0,0.42740038,0.44507772,0.23236752,0.9044098,0.5851756,1.5107142,0.04118853,0.5455925,1.0414954,2.7407978,0.14504208,0.7151058,0.16920103,1.1178402,0.2805205,0.29939884,0.44033173,0.930751,0.7870258,0.23173279,0.3972804,0.5107102,0.46937132,0.3088614,0.5630316,0.59788924,0.2354296,1.8998092,0.24376012,0.34340534,0.32367584,0.010146679,0.00068356283,0.38262242,0.29290277,0.5046175,0.24533497,0.41590142,0.90308154,0.5126266,0.027477693,0.93546045,0.7932819,0.1115613,0.7020251,0.2965421,0.8939924,0.2772692,0.040019322,0.097200155,0.49721035,2.0930321,0.9874694,2.5752897,0.012351755,0.0,1.7086061,0.91305906,0.5002071,0.22875716,0.921108,0.03716242,0.67143404,0.8440894,0.8310255,0.4096981,0.656222,0.29616424,1.7100799,0.6747879,0.032104995,0.7827511,0.47049454,0.36845568,0.39687976,0.8237806,0.47758222,0.61812854,0.4119215,0.17851216,0.3944115,0.22091375,0.43605822,0.32689628,1.2028233,0.17491865,0.7002051,1.3982798,0.64606315,0.8479601,2.6436625,3.2644289,0.07840304,2.223493,2.342324,1.6603764,0.06972552,0.09127512,0.49572837,0.25622857,0.0953512,0.6111362,2.1053703,0.20528115,1.4186556,0.4651809,0.21042533,1.9029319,0.5568535,0.20671852,0.12089373,0.21796209,0.0,0.76723844,0.8921825,1.2340373,0.8463255,1.6454117,0.03453702,0.25286052,0.7840235,0.88966984,0.9950404,1.5431963,0.17196807,0.22698392,1.3134772,2.2339811,1.3643605,1.1744153,0.2561313,0.5681786,0.026934793,0.004957046,0.0,0.17559588,0.8915143,0.3170019,0.00013437738,0.118204124,0.06361702,0.8529137,0.00038198766,0.71486515,1.0026878,0.49197254,0.107975736,0.5862498,1.2589049,1.9125403,0.58851284,0.0044292267,0.13080375,0.38001898,0.057319183,1.0730156,0.0,0.20050605,0.5575346,0.025854293,0.0,0.09085208,0.0048822453,0.008848084,0.020532548,0.12449576,0.33720002,0.3630696,4.752727,0.043178678,0.48767424,0.026934126,0.6830083,0.02287113,0.50937396,0.16525716,1.5809073,0.27716997,0.050436154,all_pothole_images\pothole_images_new_image_1043.jpg
0.50796753,0.33402112,0.053945433,2.1087468,0.984116,0.10639118,1.4725087,0.13018122,0.9634762,0.42908865,1.4510037,0.6951012,2.0638359,3.2520926,0.9285543,0.96946746,0.116827816,1.7524928,1.15922,1.3806541,0.3195758,0.51953363,0.41366544,0.40346527,1.1280487,0.8130112,0.15419047,1.8145885,1.2521528,0.4571951,0.31027457,0.91425806,0.42284462,0.38118273,0.04234136,1.162803,0.009656434,1.3410339,0.55893755,0.037320673,0.1780725,0.34843752,1.3024846,2.1042328,0.6333631,0.3232879,1.0523516,0.074092895,0.60108256,0.04583488,0.9608466,0.4405688,0.5881441,1.1455076,0.8130732,2.5786262,1.1158208,0.4832917,1.008909,0.74925244,1.1468341,0.95180416,1.9076419,0.32817447,0.8604846,1.9585032,1.1727928,0.9814029,0.202964,1.4154215,1.4565604,0.52077943,0.46332297,0.60359836,0.37403175,0.118887715,0.41038182,0.7167407,1.1551741,1.2305112,0.002126372,0.03528916,0.8001737,0.8373595,1.0036852,0.5326211,1.2733054,0.0012780201,0.88952684,0.5107453,0.6151039,1.3715374,0.7242363,0.7547257,0.8427757,0.31516492,0.5532494,1.4936209,0.13020486,1.5777918,0.6557463,2.2545755,0.46635008,0.54217744,2.1635058,0.14579667,0.83841854,0.012734517,0.19055462,0.34707507,1.9168371,0.92722756,0.64652383,0.42544103,0.39202422,0.7996886,0.016669005,1.0117157,2.723618,1.6071637,2.586299,0.4695712,1.2939025,1.2250782,1.9890089,1.4137031,1.8357189,0.3220532,0.040078953,0.7562432,0.733962,0.5266929,1.3417208,1.3693779,0.15968488,0.537298,1.1078681,0.5536631,0.6396802,0.6153485,1.602737,0.61146057,0.9802905,0.6832588,0.23890921,1.3683976,0.0,2.0837934,0.67945594,1.19689,0.4899389,1.4786792,1.1268281,1.0289514,1.8669446,0.43292078,0.56755894,1.1668944,0.53107363,0.5056057,2.0453525,3.1656253,0.15530421,0.6192046,0.58467966,0.50587565,0.26291972,0.30621162,0.93704206,3.713978,1.0085534,0.37508333,0.043603405,1.4501125,0.67662406,0.8983132,0.6380801,0.20291196,0.44766733,0.2858603,0.6972773,1.2365332,2.01917,0.48473373,0.30418158,1.0432466,2.1116104,0.88405377,1.2091448,2.0517886,0.497943,0.9803094,0.13426495,0.9375654,0.08203946,0.08956407,3.005773,0.56861556,0.49742603,0.84080976,0.5096464,2.2965178,2.1273315,0.8013462,0.5961882,0.19777237,0.2513726,0.2055123,0.8048183,1.3347968,0.3395613,0.10106163,1.0900018,0.048599564,4.191708,2.6424298,1.8060832,1.556862,1.7629508,0.34951636,1.6814961,0.5357954,1.2146031,0.5864092,0.002280594,0.23347515,3.269747,2.2332458,0.52063316,0.5720393,0.3338071,0.11513592,1.4916672,0.3282398,0.28013963,0.11465468,1.452098,0.5074588,0.21046108,0.58155376,0.9342571,0.5066663,0.16325176,2.512762,0.034686208,0.026430069,0.9823162,0.318954,0.7224856,3.7498336,3.1140995,0.034805153,0.66178894,0.18702027,0.59693134,1.91845,0.38621414,0.108006604,1.1411645,1.7563787,0.83342296,1.0211827,1.1104991,0.8010114,0.119206235,0.8148433,2.2511039,0.23605432,0.93861794,0.061710645,0.34180528,0.92536193,0.73748267,0.07225384,1.1945467,1.8317089,0.26965982,1.3242368,1.8100942,1.0652812,1.3158772,0.8676863,0.9865145,1.0859249,0.36477596,1.4314284,0.8857079,0.45603397,2.5982208,0.5014842,0.094847776,0.70197815,0.6549358,1.0038794,1.1939563,0.32542914,0.023501575,0.51760876,0.029332062,2.0680454,0.43500176,0.40118784,0.7238467,0.19093761,4.083386,0.1300335,1.0452524,1.0459802,1.3778808,1.4799186,1.9380422,0.9062251,2.596638,1.1847552,1.7407854,2.7669935,0.972356,0.9738907,3.366556,0.3398093,1.7726955,0.32583073,0.76469064,1.036035,1.0281754,0.48443836,0.8328988,0.05483615,0.87064606,0.22604182,0.6789312,0.06706008,1.0349106,0.759628,0.31003365,0.22245617,2.4150512,1.9864888,1.2830336,0.8626221,1.0536655,0.42721862,0.9653264,1.778467,1.1199354,0.32049376,0.67336005,0.264112,0.6068245,0.3672638,0.5224957,1.1737125,1.0790006,0.2515482,0.13316008,0.4219375,0.051138245,2.083397,0.85823774,0.62415767,0.4114348,0.38737604,1.4066885,0.30350843,0.2921251,0.2925442,2.0184581,1.153904,1.2383205,1.3282162,2.0763357,0.14077547,1.4515495,1.3520772,0.5084443,1.6236308,0.057708155,0.35867286,0.6854511,0.21873446,0.41900206,0.23668113,0.6774457,0.7095584,1.8439567,0.7026774,1.5531948,0.2950213,0.23759723,2.0907128,0.28612584,0.19467656,0.30888322,0.5041102,0.022853598,0.004879487,1.1362722,0.5920461,1.1093335,0.46589753,1.2204417,0.7829759,1.3445115,1.2177091,1.9655418,0.8347052,0.94896686,0.70297974,0.49525124,0.0,0.5929602,0.8482288,1.0038251,0.87438965,1.1989623,0.19902548,0.110039085,0.6834175,0.98287636,0.031025514,0.94120026,0.8403482,0.25469348,2.8124104,1.8482575,0.13655128,0.5906873,0.002243273,0.22124083,0.4577284,1.5467364,0.38513368,1.3021129,0.99060774,0.5054602,2.6559718,0.35449016,0.9024671,0.01602796,0.032362863,1.3953726,0.9331658,0.1436999,0.042679597,0.50551564,0.16610414,1.3263444,1.303049,0.4894622,0.23926984,3.978399,1.1115037,0.3642797,1.0887405,1.7549552,1.3310069,0.22815765,0.25982112,0.14356042,2.848397,2.5208771,0.09455988,2.0118647,0.92840046,1.5207253,0.5519265,2.1473746,0.32463232,1.6578242,1.2462946,0.43840295,1.2027274,0.14285967,1.2470168,0.94174206,1.1127652,0.85752463,2.0902069,1.7165929,0.26239914,1.1444561,1.6286343,1.7617937,2.1303656,0.0,0.93652076,1.375949,0.265707,0.43100217,1.1397955,1.1281832,2.4960175,0.2644259,0.2972131,0.4856194,0.41409153,0.16356571,0.043713346,1.0349885,0.3463669,0.61019826,3.7446082,0.43062046,0.8696519,1.3673626,0.39839464,1.3332933,0.38202986,0.39517,0.36321008,0.054518797,1.0802029,all_pothole_images\pothole_images_new_image_1044.jpg
0.2185614,0.13904959,0.0,1.6806531,0.0058426624,0.033426903,0.24439478,1.4161952,1.0617349,0.3948623,0.61771095,0.9810738,0.034600154,0.883395,0.30427974,0.030144718,0.019350663,0.40018538,0.2902419,0.11936891,1.2790071,0.25540903,0.13417274,0.25235042,2.0594232,0.54213125,0.089901686,0.1564929,0.23461038,0.2729494,0.19530341,0.06780699,0.20648073,0.2801755,0.0,0.1476687,0.0037975172,0.23809093,0.5252768,0.37302706,0.27816448,0.21420781,0.18885913,0.121700905,0.09437283,0.30918175,0.271988,0.2296444,0.0,0.0,0.03148282,0.25396854,1.7961347,0.0,0.64011866,0.24198674,0.76270044,1.9765058,0.08196564,0.15127435,0.49562633,0.36217237,0.0,0.22505482,0.17456518,2.4887383,0.16167344,0.020800173,3.119191,0.04867902,0.34850135,0.028876588,0.053093765,0.26782966,0.42623374,0.16098486,0.8626855,0.43324167,0.12905964,0.06271699,0.015591727,1.3764739,0.7816724,0.57790524,0.19483408,0.01620671,1.3142761,0.09055009,0.35722047,0.42868507,0.028540289,0.20782873,0.10922076,1.1569549,0.2536907,0.06286589,2.009011,0.18734175,0.019843018,0.84665734,0.46815038,2.426097,0.06947317,2.3400664,2.2494657,0.062236253,0.7070778,0.23245612,0.07118166,0.21554652,0.3436653,0.7484189,0.6888845,0.55900466,0.13829009,0.16928452,0.08919122,0.1197001,0.756097,0.20193863,0.26393571,0.0,0.074452125,3.3079443,1.4740769,0.10073571,0.48089957,0.03882857,0.60712355,0.35989574,0.14754999,0.30448008,0.0,2.093585,0.51641273,0.019268047,1.1773857,0.3830623,0.5086134,0.109911546,0.014822702,2.7271454,0.7353206,0.42738333,0.11630354,0.9425447,0.0327843,0.6434362,1.4717972,0.18057963,0.088428885,0.0,0.4323264,0.84684986,2.7044754,0.9418564,0.100354396,0.55478066,0.11300304,0.6412145,1.2924978,8.42833,1.5036237,0.014474042,0.34161523,0.07405429,1.7503883,0.81699127,2.639389,4.666784,0.008347014,0.0,0.0,0.23321715,0.279031,0.13884716,0.043059446,0.0062879273,0.036458164,0.032715295,0.4384234,0.42112458,1.2490212,0.6571521,1.88999,2.5388331,0.27231222,0.27765948,0.95378,0.09920531,0.07574903,0.25669733,0.83957595,0.6984881,0.2518902,0.03584904,1.0930396,0.6742088,0.5524807,0.38855502,0.6896787,1.6569108,0.79859906,0.0021603836,1.2100312,0.0,1.2754463,0.0,0.01796893,4.379979,0.23832804,0.2608539,0.47445774,0.2160358,1.7789571,1.7879171,0.033527277,0.0,0.45434022,0.101344615,0.55851644,1.9402547,0.35745773,0.34664777,0.0,0.059230104,0.56084305,0.017904956,1.4947052,0.20316257,0.021808505,0.037006795,0.1098858,1.679685,0.605616,0.12745284,2.9322493,0.35927796,0.8281548,0.3059862,1.1276371,1.2638733,0.008966102,0.47798106,0.9329443,0.12015031,0.04161062,1.1166768,1.5271034,4.785335,1.207146,0.035602268,0.040726192,0.0,0.0020126926,0.095296696,0.08781275,1.3228567,0.15044488,1.2303369,0.27334562,0.42432353,0.14590037,0.0058065336,0.14757009,0.35443676,4.4135036,0.04655354,1.7107852,0.121851586,1.4713144,0.0,1.7405332,0.26391092,1.2425663,0.61846215,1.4192263,0.44288117,0.862938,0.2855,1.2244813,0.05657471,1.8443512,0.21315877,0.0,0.37315953,0.43882233,0.042654324,0.17281096,0.3315609,0.0,1.2510823,0.0,1.3527063,0.73195016,0.8737954,0.047815625,0.04436542,0.014522751,7.493962,2.1350439,0.92820364,0.008548218,0.040206872,0.0025452517,0.3285191,0.047838274,0.21658163,0.3509314,0.0,0.41433924,0.01124531,0.039328422,3.1871746,0.044364795,0.26928318,0.45650354,2.3853486,1.5688176,1.5168784,0.77205044,0.02294784,1.8630768,1.0701855,0.18713285,1.489383,1.2596265,0.03237875,0.38517696,0.25870618,2.1158395,0.43524185,1.6415884,0.068267986,0.6341277,0.13581473,3.4440982,1.3089424,0.12590326,2.415747,0.0,0.156429,2.1343784,7.220513,1.1886152,0.24931751,0.12485099,2.2973413,2.0181594,0.0,0.13224383,1.8056633,0.0,0.2585088,0.37068862,1.0031903,0.0,2.1156118,0.7756005,0.683678,2.2801263,0.10340942,0.59243774,0.15882552,0.0,0.10752653,1.8250934,0.31136742,0.22699429,1.3320721,2.0964177,0.23600975,0.11816166,0.18307139,0.0052847015,0.106088966,0.35953066,0.2629948,0.81345195,0.1311694,0.36454114,0.23251085,0.5634122,0.1491497,0.0098638935,0.23312223,0.08026906,0.0,0.0,1.940254,1.0547328,0.318035,0.049821507,0.8698616,0.005447481,0.007414326,1.0295835,0.20889564,0.47873807,0.79349935,1.0861236,1.2920598,0.69993216,0.23688945,0.3798059,0.11990061,0.19222377,0.7235403,2.5837865,0.0106719155,0.0023366371,0.31148148,0.0,0.010013989,6.607479e-05,0.37483522,3.2385316,0.032129105,0.94051224,0.6125781,1.0798988,0.0016761244,2.6202815,1.1315291,2.3499236,0.32792717,1.8005842,0.0026635907,0.51935744,0.18830834,0.94733554,0.2576735,0.0054709082,0.049357016,2.6144302,1.3664231,0.055641174,1.1154904,1.8246806,0.06977438,0.5230024,0.13693905,0.3512975,0.05575501,0.0,0.5331195,0.021774633,0.2018556,0.037441462,1.288678,3.3607047,0.023970773,0.7430079,0.3350356,0.7429526,0.89864254,0.026136132,0.0013434822,0.37502187,2.0761397,0.5915604,0.004618063,0.7278572,0.05930049,0.1822108,0.6306616,0.37243074,0.08925734,0.068389274,0.01187296,0.3938998,1.0623323,0.11311748,0.3009761,0.76952064,1.1029241,0.50544786,2.284395,0.00660221,0.7565403,3.383768,0.7361168,0.7703641,0.71967226,0.28663996,0.551179,0.6393132,0.2600113,0.64507955,0.00013528718,2.1470754,3.267981,0.34893733,0.0,0.008645162,0.71926457,0.3809445,0.8666824,0.02835029,0.1277269,1.0907822,1.1605059,0.6967209,0.524819,0.0034689945,1.7765747,6.645124,2.5365071,0.014614472,1.5177004,0.90650177,0.2818073,all_pothole_images\pothole_images_new_image_1045.jpg
1.0743374,1.2197678,0.31253293,1.1265831,0.26709047,0.023939462,0.33030576,0.2336562,0.39405566,0.074194476,0.18267082,0.33197674,0.70172584,0.30174938,0.0,0.024009151,0.018417615,0.0064667193,0.079026334,0.091245115,0.15679093,2.8426118,0.0024180852,1.0949903,0.46426407,0.35160056,0.07855819,1.3534131,0.11122346,0.5161363,0.85621566,0.0,0.48156348,0.43393356,0.5753652,0.8007965,0.6223891,0.71216136,0.8050487,0.037693325,0.0,0.0024147145,0.13246699,1.2509701,0.9552743,0.0034667423,0.08946552,0.015807893,0.040333737,1.4012258,0.78176934,0.0071873907,0.02020593,0.0,0.0,0.8124184,1.1549693,0.12736809,0.13100684,0.015912656,0.033981968,0.15108529,0.54218334,0.14589106,0.636686,1.365472,0.05766713,0.0,0.119384676,0.26908508,0.0,0.3697832,0.33652502,0.060034417,0.58770937,0.05742577,0.48232347,1.289585,0.08400788,0.2423419,0.0,0.008226715,0.008352729,1.2336444,0.7098306,0.08903474,0.051787987,0.25169256,2.7275004,0.12830682,0.1726103,0.0039592823,0.16944395,0.16846098,0.049894035,0.0,0.9379326,0.13388556,0.7195998,0.036341712,0.0040371353,0.435503,0.0905119,0.12991326,0.7517465,0.06445987,0.26810443,0.16075478,0.024690064,0.10995813,0.0,1.5746628,0.7761175,0.12246369,0.054612916,0.93717396,3.2491724,0.393741,0.6789973,0.28127167,0.7464492,0.2689788,0.40677884,0.041102886,0.25762618,0.21145815,0.45483363,0.6004143,2.19092,0.020539235,0.2301403,0.0,0.01737551,0.054991398,0.4922821,0.7714533,0.1628804,0.6987073,0.782708,0.0047399215,0.6268328,0.16615744,0.037580673,0.5172325,0.08392347,0.8761676,0.0737242,0.11855152,1.0433947,0.1981924,0.35756835,0.112421446,0.05534133,0.12207315,0.95650613,0.18650672,0.6199292,0.0058367946,0.80779994,0.39715287,1.3175756,0.4259533,0.06305374,2.610358,0.076495335,0.494856,0.4564274,0.10143646,1.1499583,0.24027571,0.006837696,0.0,0.0095345555,0.006612454,0.88835657,0.025211819,0.19837815,0.0,0.04594527,0.2752883,0.027913434,1.1580547,2.3183174,0.6630764,4.2694607,0.5155486,0.5069292,0.8212828,0.9777303,0.65750325,0.27408248,0.33760953,0.030362926,2.5781245,0.11380691,0.0,0.20576999,0.34557703,0.02986017,0.17537837,0.105826914,0.70956653,0.99232996,1.1249167,1.8914225,0.47882253,0.18102622,0.4220122,1.2269394,0.29423752,0.0,0.0,0.28766334,0.22290689,0.8000895,0.85254884,0.012232404,0.0815301,0.23978586,0.0,0.65471536,0.112908944,0.42603573,0.081094936,0.0,0.55314827,0.2675166,0.006119496,1.097611,0.003459157,0.042814985,0.05046057,0.34533635,0.36459795,0.03313424,0.118228786,3.054308,0.029566355,0.009244875,0.50991094,0.05273632,0.034069665,0.029596863,0.0019991868,0.3572561,0.04368067,0.8983626,0.081564404,0.23772812,4.1292567,0.559662,0.015952308,0.78929096,0.842714,0.0010821001,0.040217575,0.5961993,0.31042585,0.056067087,1.0156952,0.06287228,0.028734574,0.38084015,0.2375658,0.48838276,0.12503766,0.2528456,0.46689227,0.1267524,0.40165094,0.0439691,0.0,0.0,0.10243296,1.0450971,0.38241795,0.4928472,0.40237287,0.24912009,0.68379045,0.78490376,0.36594835,0.09451377,0.056913264,0.18796763,1.219493,0.14465617,0.036206078,0.9609346,0.7303439,0.074789934,0.0033344033,0.030722268,1.6366175,0.027818358,0.0012703271,0.22035787,2.2204695,0.38954878,0.5846329,0.23156111,0.90151197,0.00085903314,0.2437638,5.4766397,0.052149136,0.024853667,0.54069823,0.0048682992,0.30048347,0.29935786,0.67690605,4.0910163,1.5413905,0.038633965,0.4353754,0.058793757,0.6080055,2.1047971,0.11299801,0.049252916,0.2594335,0.04702205,0.23885088,0.05146189,0.6014278,1.0585209,0.0,0.31989822,0.16711114,4.7949724,0.5898713,0.0,0.0046049166,0.019152328,0.16506144,0.51997966,0.1202946,0.06414659,0.6792634,0.28792596,0.16203305,1.3278033,0.11048232,0.9601409,0.09203726,0.0,0.18516326,0.18860514,0.5254374,0.111232735,0.13749847,0.022881592,0.14178196,0.048904184,0.0059979716,0.3477333,0.8655757,0.23254941,1.206629,0.015123103,0.025655473,0.05233085,0.5755637,0.14589226,0.08609454,2.9694712,0.330849,0.23035437,0.0027408442,1.2984316,0.17505878,0.27252215,0.0,0.21766117,0.37863526,0.0,0.028687166,0.1152951,0.5867359,0.07834004,0.12944497,0.32266572,0.68520975,4.7074046,0.25154573,0.72795343,0.024843546,0.0031640446,1.0870439,0.9883085,0.9177394,0.09957842,0.44865614,0.13147244,0.15554667,0.66564393,0.0,0.060801446,0.077117875,3.4062624,0.37244803,0.32413462,0.3045598,0.3896286,0.04193948,0.5377706,0.19265953,0.05814156,0.10942993,0.14781588,0.08787214,0.12646572,0.9499046,0.024784202,0.14496997,0.034636945,0.28655106,0.063355125,0.0,1.5991389,0.38169423,0.090076484,1.0885727,1.2302263,0.01205874,0.42100447,1.8913449,0.0055632098,0.43038863,0.2324524,0.052672278,0.29017663,0.50029904,0.077216804,3.0380237,0.13330351,0.6908667,0.16763529,0.5289463,0.1411499,0.268417,0.52671736,0.778575,0.31491947,0.017603694,0.38560677,0.03741943,0.027255118,0.2462529,1.0193008,0.07711154,0.30617228,0.84803057,0.5277766,0.8824701,0.054803953,0.013669082,0.08988236,0.8658315,0.4655035,0.39735132,1.2659094,0.0,0.42548925,0.041587677,0.07516426,0.025698077,0.17702529,0.21557856,0.45944297,0.998554,0.52644867,0.2190913,0.4843318,0.04963569,0.15895802,1.1659057,0.301622,0.03194949,0.05398648,4.2732277,0.85295373,0.18661134,0.007009258,0.07482897,0.34978536,0.043717477,0.71200407,0.041046754,0.19750565,0.3695582,0.021187847,0.045412753,0.015333347,0.0,0.05758788,0.2815973,0.0,0.024458967,0.0,3.829166,0.79020387,0.0633289,0.19232808,1.9033381,0.048301376,0.018168267,0.7219682,0.34232578,0.3736046,0.46871686,all_pothole_images\pothole_images_new_image_1046.jpg
1.1183016,0.06432442,0.14868164,0.27520883,0.2794725,0.724173,0.29466698,0.8126924,0.9825797,0.87795115,0.35499293,0.0,0.34107193,3.4552824,1.7585741,0.04202134,0.345468,0.21740027,0.6851944,0.9062391,0.90379184,1.7903371,0.3931886,0.020521872,1.4092388,0.7049315,0.3663418,0.62558067,0.82975096,0.19435126,1.4350688,0.71322995,0.1754181,1.4610989,0.17393726,1.2002474,0.0,1.493741,1.0202222,0.11120089,0.0014245493,0.3857731,1.0283946,3.878948,0.8893476,0.86298573,0.13167462,0.4534506,0.92910516,0.40895927,0.42818534,1.1010478,1.6716661,2.5373251,0.37353218,0.57858074,0.2590992,0.59218943,0.40377212,1.1937999,1.701031,0.10620257,0.33550775,0.23239817,0.40572459,0.31240812,0.42832094,0.13436922,1.0387219,0.14786014,0.75509655,0.8478463,0.9533677,0.15929948,1.2166437,0.13106458,0.42847043,0.3420273,1.8389422,0.46639383,1.157895,0.37691233,1.0284231,1.0174682,0.4335844,0.87334937,0.331236,0.2868066,0.22603177,0.99310976,0.5066391,0.3839821,0.34273046,1.124316,1.00952,0.027547775,1.2927253,0.7453276,0.20479669,0.5959195,0.33864748,1.1903801,0.021126447,0.1849126,0.45918977,1.0714743,0.4841036,1.2218615,0.30532497,0.23017822,0.94354105,0.23233573,0.26447842,1.1456175,0.7769354,0.00015051331,0.42649844,0.25918669,0.5355479,0.59799445,3.0994275,1.1991571,0.7504861,2.88183,2.399333,0.3289958,1.3153117,0.26286265,0.9922128,1.0960602,0.034786027,0.0054392973,0.22711138,0.49689755,0.28355616,0.06889085,0.7998467,1.3099071,0.7256324,0.39095846,0.21693294,0.038319338,1.2886187,0.49238154,0.21861817,0.37137687,1.0531849,2.486597,0.6218136,0.30727345,0.5906252,0.47264636,0.17982382,0.35138664,0.45448136,0.67560947,0.8683149,1.2832879,2.1201887,0.36004874,1.9019141,3.9215193,0.7646223,0.0905194,0.5493988,0.79841703,1.6989607,0.07035613,0.7403102,1.4876711,0.7091336,0.01699589,0.42004117,0.15718381,1.0914237,0.0071730474,0.3517249,0.08976728,0.5310252,0.2894764,1.6069957,3.6101985,2.4016938,0.39269975,0.13588351,0.9597483,1.459619,0.7669159,1.1247866,1.5241383,0.053261105,0.41993898,0.118561365,0.2180621,0.843888,0.609902,0.080251075,0.88181967,0.1366504,0.15329966,1.2367791,0.45851734,5.359805,1.1836243,1.8359473,0.39587083,0.3804487,0.101314604,0.95187443,0.019627236,0.11906451,1.2675494,0.42019504,0.14294878,0.8939479,1.1991912,0.0,0.5300466,0.77307343,0.6262154,0.093684465,1.8171155,1.0624262,0.43723795,0.3664377,0.3636994,1.7617253,0.45056665,1.153181,0.26693234,0.8244561,0.06794453,0.5963451,0.60614127,0.9636582,0.2838261,1.0423492,0.92357826,0.69277114,1.2461823,0.518792,0.8368577,0.327757,0.0684182,1.4946029,0.1940329,0.3100038,0.47027555,0.100759454,3.198138,2.521605,0.8325062,0.62898767,0.70808727,0.6928345,1.6189933,0.17466953,1.1210363,0.82668793,1.0080024,0.4811736,1.161835,1.1128633,0.9729482,1.1085616,0.5715244,0.46820387,0.37575307,1.0610155,0.3467713,0.03390299,0.39800557,0.79833,2.1571798,0.20771632,1.1797649,0.5151705,0.24753542,0.120202094,0.55667025,3.8812654,0.016179878,0.63618994,0.5015803,0.17547272,0.23843566,0.35581556,1.5817871,0.9425785,0.9557646,0.24689917,0.8401307,0.9393857,0.015220942,0.69182634,0.798541,0.048166707,2.6171687,0.766903,1.8008199,0.27838275,0.8736348,0.34172574,0.3618062,3.1361525,1.1573074,0.124199964,0.48038554,0.030573873,0.120928355,0.7199179,0.75886685,0.17355862,0.79890007,0.51392317,0.40972877,0.22957163,0.3128927,0.19762467,0.43741265,0.55301523,0.08377893,0.84645545,0.020573124,1.1581154,0.8495222,0.41636658,0.1598673,0.66510266,0.9541095,0.22935696,1.2379998,0.24041764,0.40347537,1.4313589,0.6439653,1.8025025,2.0915768,0.3540764,0.9964852,0.07942384,0.8355143,0.717668,2.0757468,3.0153732,0.35457918,0.2690253,0.6466376,0.4781764,0.29450923,0.20668831,0.054243397,1.6317574,0.1348601,0.6159693,4.291712,0.38192353,1.0832291,0.54603195,0.3306308,0.61167586,0.46704078,0.0,0.5801509,0.0038812568,0.3168517,0.8028494,0.17945603,0.15779789,0.0014578234,0.76158786,0.68080467,0.27074674,0.4229678,1.8074541,0.65803736,1.3338584,0.4467503,0.9919487,0.3166621,1.4393641,0.0,0.43278897,0.19688703,1.4608954,0.45759892,0.67658615,0.045182563,0.219777,1.6929592,0.42004076,0.5641327,0.61717796,2.453164,0.13926196,0.16456427,1.788826,1.2596698,0.7286422,0.565711,2.248345,0.047105093,1.0816001,0.34548154,0.11986003,0.25174966,0.27088052,1.1845573,0.23941839,1.0234656,1.3128806,0.48559764,0.06162161,0.48747447,0.46161106,0.74750364,0.30607203,0.41541383,0.3665263,0.46867794,2.6527884,0.0,1.2474953,0.5578908,1.992734,0.71702373,1.4595218,0.7050449,0.43081576,1.2064618,0.42134926,1.1372602,0.9062165,0.7906357,0.67535436,2.7717133,0.93329525,0.023821523,1.3278261,0.29958642,0.6627426,1.8511978,0.8581089,1.0402184,0.7504512,0.0,0.6552116,0.042658273,0.033319656,0.3854391,0.1559965,2.5073073,0.010882017,0.7667987,0.15830678,0.92119473,0.41881725,0.0,0.1617143,0.38703766,0.2857263,0.052314494,0.34042394,0.14686303,0.8717589,2.322208,0.15657443,0.33208647,0.44535223,0.3797318,0.35337913,1.3666047,1.5270737,0.20010243,0.35764167,0.39631948,1.457282,0.4131502,0.11924207,0.08846526,0.050305318,1.747731,1.2219346,0.58228135,0.023799332,0.44644228,0.011782365,0.1671102,0.6251378,0.0051724124,0.41128844,1.4330999,0.7485565,1.0413636,0.74082035,0.29338548,0.8496631,0.4242611,1.0788022,0.16815029,0.15216626,0.5637144,0.7125169,0.08481587,0.3945835,0.63058686,1.1420081,0.021315403,1.2850267,0.74018615,0.5231828,0.8628954,all_pothole_images\pothole_images_new_image_1047.jpg
3.3205836,0.35197422,0.19624461,2.3366652,0.9100033,1.3371115,0.9196424,0.109265484,0.0014545218,0.45855987,0.39280206,0.84904075,0.0747114,1.3408879,0.23292688,0.35482973,0.53316236,0.0018682195,0.45678616,0.32791117,1.3360001,3.5778608,0.39772126,2.080301,0.7629614,0.30175936,0.0,1.8166438,0.34057772,0.4228876,0.4302431,0.18907715,1.6281893,0.7788686,0.21521614,2.0927825,0.7549279,0.98745537,0.6655431,1.1219063,0.259023,0.09844186,0.19622955,0.015740907,2.111803,1.4451537,0.12733808,0.058566783,0.23782158,1.9249407,0.56455886,0.13436237,0.4653089,0.1498702,0.0,2.7685957,1.6018443,0.6134468,0.4368206,0.6743256,0.044387538,0.4854907,0.42601803,0.76731646,0.7375389,1.0585507,0.07657444,1.5381006,1.2515005,0.76295376,0.0716921,0.13346843,1.2418487,0.4508603,0.6517003,1.9830475,0.19198792,0.66542447,0.1943945,0.053956587,0.52565944,0.57748425,0.53038466,1.529953,1.1004761,0.18869846,0.03980003,0.8020372,2.4782054,1.4147415,0.08253646,0.3620156,0.39884454,0.08746218,0.16126022,0.11855225,0.88701135,0.2878442,0.9030389,0.090005085,0.4623899,1.341295,1.355738,0.121395186,0.30647632,0.034082267,0.06105613,1.5668727,0.15995243,0.16758697,0.008762966,2.9642937,3.4469833,0.8481107,0.5822466,1.0650142,1.089042,0.24640645,2.8840961,1.9704744,1.5083933,0.22070308,0.0020590106,0.3389328,0.07975494,0.44852868,0.38425368,1.7244132,0.16715439,0.18553081,0.7503916,0.0,0.033882834,0.7854558,0.15359764,2.6492798,0.18806781,1.5054156,0.5086942,0.5519042,0.1420515,0.22449169,0.0641407,1.4422488,0.27980536,0.30971172,0.44616804,0.6716693,1.102724,0.0125570465,0.44551778,0.08613669,0.28436807,0.06532211,1.8142656,0.43905377,0.83152425,0.538247,2.0321088,0.2048219,0.43364146,0.731731,0.14233005,1.8338923,0.112822,0.40622142,0.7269483,0.16141944,1.6505715,0.25105152,0.28399363,0.0,0.02686929,0.3637988,0.3453171,0.013523501,0.77205986,0.06602065,0.3676093,0.025723608,0.04940936,1.1573906,0.3997701,2.0063534,1.3983316,0.92913693,0.7301214,0.5491854,1.5044225,2.248346,0.2782559,0.021824852,0.0,0.8135206,0.6795525,0.70059675,0.12626097,1.1269317,0.6906416,0.59718704,0.13163128,1.2777618,0.52734905,0.9128354,0.67076147,0.14890715,0.3814492,0.02785489,2.3576512,0.38689947,0.11646476,0.00587319,0.8926372,4.016741,1.8797792,1.2446685,0.19541335,0.1789847,0.5511662,0.16676988,0.4273557,0.46743914,0.4653528,1.5806819,0.005371321,0.4077962,0.8855573,0.08001529,2.1313684,0.21469535,0.58619726,0.32423663,1.1128348,0.39806518,0.8193213,0.35573322,2.215929,0.06022156,0.0014809634,0.05392309,0.27854523,0.4295169,0.33079743,0.002221467,0.07212737,0.063339435,1.5298712,1.096334,0.49799532,4.2503657,2.8782036,0.72650987,0.56776035,2.7579703,0.028296646,0.26706362,2.4011607,0.25619125,0.3703031,4.983403,0.025389943,0.2322324,0.45005277,0.73157275,1.4351705,0.22174165,0.43826044,0.32598183,0.60837746,0.23407175,1.3979245,0.4955251,0.0075932066,1.10006,1.4233432,0.59372723,0.7947713,0.06661135,0.03333329,0.47041896,0.50440127,0.5414496,0.9761397,0.16264118,0.18507652,0.3462841,0.70388234,0.0820464,0.24348049,0.15737209,0.23133264,0.7759071,0.18361722,1.3176438,0.24261914,0.29527286,0.06351389,0.61024123,0.14242928,1.2225603,0.49754295,0.8417564,0.1275537,0.6643748,3.7971182,0.6213595,0.074875854,0.6900322,0.11442134,0.089128025,1.6434071,0.3254569,3.0712621,2.3588665,0.3728921,2.440931,0.0,2.1234665,0.79315794,0.3847372,0.37179533,0.14386103,0.3700043,0.33328554,0.3000647,0.37287536,0.3240512,0.01676282,2.0679946,0.15365553,3.3333426,0.64273995,0.45261562,0.8703204,0.039815456,0.35517806,1.6840098,0.06651921,0.01310002,0.31342486,0.35648078,0.9308496,2.8980277,0.06767257,0.8495753,0.477726,0.36075294,0.047180418,0.43294808,0.33090737,0.046700407,0.24024355,0.13583393,1.173186,0.8759722,0.6491038,0.040265217,0.6382426,1.6055584,1.4582641,0.3984593,0.6995591,0.7365957,0.24360144,0.0,0.7692125,1.0567576,0.0,0.059698805,1.0060368,1.0190322,0.0809244,2.401601,0.118202366,0.6227336,0.44880295,0.981112,0.05948231,2.1369517,0.8863329,0.863692,0.02940574,0.22075586,1.0578722,2.347323,0.4660333,2.0480914,0.043990836,0.6449453,1.5796471,0.4428684,2.2628162,0.19994205,0.6025576,0.0,0.01625613,0.8291003,0.1760053,0.38423124,0.39695358,1.4225978,1.1354517,1.4927797,0.011681734,0.8430001,0.33577555,0.90310675,0.28659114,0.13049029,0.3171175,1.0376922,1.2022849,0.047803946,1.876936,0.29965544,0.8045676,1.4219403,0.18757695,2.0359933,0.9929454,3.1592574,1.4219457,0.8468303,0.21879631,4.0817027,0.9323542,0.8850775,0.14504695,0.63896537,1.4296885,0.2836312,1.2205435,1.053738,0.6658089,0.18952447,3.2261825,1.510512,0.71182156,0.5360211,2.2095191,0.5570995,0.29095793,0.14017941,0.66408086,0.43293285,0.50052744,1.3224144,0.5987911,0.08730814,0.9230848,1.2259778,1.1401427,2.5492425,0.9677938,1.227049,0.8956109,0.9233064,0.3066621,0.26523542,1.5369437,1.9232582,1.7167386,2.66976,0.8695543,2.1252964,0.07925044,0.56959635,0.77001244,0.28588688,1.0394622,1.0822275,0.24452785,0.307596,0.4316855,3.4484446,0.14672774,0.024891881,1.0502019,0.62067735,0.7313863,0.6259431,1.5553558,1.5977386,0.3280701,0.060862754,1.3538722,0.22272228,0.35683164,0.7488741,0.052204337,0.37982473,0.94281644,1.2293365,0.0011690408,0.5155577,0.09232753,0.9667355,0.9283672,0.35430273,0.11085651,0.6518626,7.255032,1.0314455,0.0,1.7943054,0.7795299,0.02266676,1.2681444,0.1883823,0.54643875,0.946403,1.3622243,all_pothole_images\pothole_images_new_image_1048.jpg
0.5867132,1.2734503,0.33591798,2.0538883,2.5737572,0.74530065,0.2813099,1.0208094,0.44930437,0.6136679,0.19892192,0.7530301,2.1603262,0.2227567,0.055825796,0.5715193,0.09401456,2.6947472,0.79426533,1.5277029,0.3227984,0.3259608,0.57048196,1.1877818,0.75001895,1.8865932,0.93117726,1.4434372,0.6703957,2.4374552,0.5607116,1.0303267,0.06615222,0.5893703,0.072655305,1.2686809,1.1802187,0.15996338,0.84413946,0.07213691,0.40611055,0.31702182,0.5022896,0.8190306,1.4539564,0.48356348,0.08592339,0.6083938,3.2790766,1.179444,0.12759855,0.5174432,0.66643554,0.3359431,0.8050256,1.2729524,1.3765881,0.0,0.87789536,1.0157399,1.1616375,0.70271254,1.9792287,0.9665132,1.6622163,0.71238416,0.3379083,0.36686668,0.00955884,0.8585238,1.3483272,0.9538887,1.266453,0.23946661,0.46013477,0.72142154,0.56803334,0.5986887,0.60491484,1.9401276,0.9068479,0.37023154,3.0264125,1.492898,1.1998885,0.2689449,0.47108093,0.29602107,0.27138263,0.19934534,0.0,1.4200044,0.6020903,1.7441148,1.467083,0.037526175,0.35988224,0.21184695,0.6304823,0.552052,2.1052504,0.6081817,1.974043,0.1296377,1.5306888,0.10406133,1.4045889,0.79211843,0.72387505,0.18341519,0.6288034,0.2968693,0.34716192,0.6631546,3.1326594,0.6440189,0.015097799,0.508519,2.2383926,0.25168023,0.3756217,0.61986184,1.6707484,1.4194882,0.73214275,1.0537114,0.56870204,0.17478052,0.059497684,1.7233955,0.18533352,0.53853786,0.79534096,1.8224951,2.3912568,2.1248631,1.6714455,1.0290377,3.2203836,0.447734,0.6123999,0.228035,1.3297731,0.7888179,2.083582,0.32083073,0.09317954,0.6416548,0.8520861,0.96578103,0.5952853,1.2711802,2.7462041,0.3893073,0.5718061,0.41977584,1.2048701,0.8666817,0.43794078,0.55389756,0.1350965,2.8299723,1.0400934,0.59723574,2.6513774,0.14876454,0.96620804,0.5717476,1.5428625,0.9509288,0.5852632,1.1793003,1.043509,0.7406806,1.1001848,0.40089518,0.630611,3.2650568,1.9915774,2.580571,0.7051158,0.5869733,0.7854989,0.72530913,2.4048944,0.5002289,1.2598021,0.3258419,0.9602761,2.7345967,0.25500098,1.239307,0.19403708,0.8575223,1.1151942,2.7678344,1.0411093,0.5883743,0.32373676,0.9158966,2.4292407,0.41811636,0.5912799,0.85953474,1.335044,0.5958876,0.12460675,0.3950328,1.5771135,3.0041864,1.0412867,2.865076,1.3850938,0.6875937,1.3452674,0.81026614,1.59026,2.254423,0.36256394,0.71672344,1.2346386,1.2847713,1.2209632,0.4109105,0.6158445,0.89781344,0.17812431,1.4644971,2.9856517,1.1835948,0.74839354,1.4869123,0.44222337,0.17235625,0.6441518,0.8673834,0.7865093,1.4998362,0.5903066,1.0659678,0.9946506,1.1018455,0.11484294,1.2956152,0.16228224,2.4924457,0.9399107,0.15683447,3.5947154,2.8078327,0.63253015,0.13374293,0.016641011,0.17552637,0.63054657,1.7992314,2.3167658,1.5096918,0.12259521,1.645671,0.71279776,1.3746365,0.59734535,1.950228,1.0059693,0.25451723,0.26232764,0.7231911,0.780284,0.12125538,0.15651335,1.2306454,1.351309,0.7308147,1.4179444,1.6110469,0.06214167,0.54365677,0.8827485,0.9483851,0.2721129,0.82543993,0.485914,0.058658075,0.8051664,1.4503896,0.5710571,1.2468576,2.6820457,1.0189856,0.15803953,0.25948521,0.04981634,1.0617731,1.9259223,0.55572504,0.6365732,2.2914937,1.9328936,0.8522826,0.07907438,1.4105755,1.9427277,0.62498564,5.1458993,2.6379237,0.15002306,1.4025601,0.45673335,1.423145,0.48917007,0.1493554,0.9809449,1.0217223,0.7343719,0.3498547,0.7329002,0.50077134,3.140423,0.25087184,0.7421568,1.2428976,1.4059314,0.49014315,0.95389694,0.8573141,2.7004359,2.3165712,0.9007886,0.5478085,3.370673,0.10415133,0.38499153,0.43943202,0.67395025,0.6668913,1.7546748,0.56783366,0.4204858,0.20165536,2.753747,1.1688004,1.3706431,0.80214334,1.3827572,0.01406217,1.2409483,0.45063826,0.09825675,2.1120305,0.74414855,0.028551841,0.24723844,3.0680237,1.5137715,0.0,0.8839697,0.6979307,1.0422595,0.25549653,1.5343541,5.57655,0.6868954,0.1984421,0.4294359,0.13287422,1.0158683,0.82168466,0.62205595,1.413723,0.00064029224,0.47055846,1.4906887,1.1960889,0.054225862,4.8866787,1.1138412,1.5531107,0.30535382,2.0447478,0.5210167,0.40202767,0.09664126,0.47545,1.034192,0.022559509,3.6722279,4.7235436,1.431421,0.33421534,1.7055056,0.25419983,0.19440861,1.6109625,0.0,0.36317357,1.985893,0.27899334,0.8173,0.91999674,0.30363372,1.1805243,0.14934003,0.22739543,1.9025555,0.125638,0.23255421,1.820385,0.7849157,0.71828085,0.07971632,0.96673506,0.2084792,0.07455245,1.4596443,1.3516424,0.4382051,1.5373348,0.19087365,0.77887326,0.8955948,0.3588134,0.33967388,1.0097673,1.1749448,1.5844375,0.28414842,0.036321044,0.3018827,0.15333723,0.9537244,3.2134175,0.09489708,0.9979262,0.79282796,0.06982929,2.2166271,1.1459779,0.2319652,2.0870626,0.4163595,1.1878219,0.7420335,0.2905808,0.4905606,2.5678043,0.27486753,2.0265155,1.0481042,0.34558222,2.3098433,1.9794272,0.46704465,1.0947791,0.60049677,0.473495,0.36827984,0.7460567,0.59704816,0.11368148,2.408199,0.086095184,0.3286052,0.54127455,0.6636638,0.21295054,0.75704116,0.1921045,0.07397939,0.4339178,1.9248495,1.5439712,0.5717829,0.04260829,0.096575096,2.1038065,1.3865844,0.19285971,0.07466163,0.32413378,0.17428115,0.6531301,0.44893968,0.48822305,0.04981498,1.8079196,3.4251006,1.6599585,1.3306557,0.35638815,1.2572206,0.5267525,2.1541264,0.4187519,0.7801901,0.46359587,0.18241987,0.07372496,1.294446,2.3876672,1.4034851,1.48174,0.2442922,0.027449187,0.5947919,1.1928653,0.59679645,2.155019,0.12623166,0.5103716,1.359564,2.830904,all_pothole_images\pothole_images_new_image_1049.jpg
0.1174408,0.31711176,0.09762022,1.7470373,0.55047524,0.0,0.2594776,0.6088769,0.9305039,0.1578724,0.46212426,0.0036881547,1.3575318,3.3148196,0.019793259,0.0,0.4550601,0.6876897,4.1363454,0.2322669,0.4608942,0.0,0.2976254,0.8862969,2.093616,0.0,0.023602026,0.6134099,0.011039485,0.29707944,0.70743406,0.7605443,0.31703275,0.42571193,0.3131583,1.1311752,0.04969319,0.541953,0.9425743,0.14541079,0.025799016,0.0,0.08446709,0.43450573,0.07913504,0.0,0.07474567,0.15157989,0.18704602,1.0840185,0.26622254,0.46939242,0.42330214,0.21447629,0.8444112,0.38525996,0.14906485,0.2503276,0.52603,0.08616579,0.7957849,0.39054313,0.016074704,0.1101793,1.0360659,1.5613776,0.66343445,0.0,0.5451671,0.00031688175,0.065411106,0.0,0.06153398,0.11123876,0.15286584,0.0068421653,0.16423339,0.38727576,0.2759739,0.114528224,0.0031364681,0.11061061,0.90913904,0.16732211,0.45768526,0.2632681,0.30487293,0.04337491,0.52052546,0.012695807,1.7903459,0.46993816,0.12391643,0.4520076,0.031670433,0.13098045,1.0222907,0.76990575,0.07991,0.06677573,0.07927348,2.227461,0.036196187,0.09422496,2.703106,0.60569257,0.013529247,0.028038854,0.16653734,0.40922537,0.11318608,0.15925398,0.0,1.4031695,0.35299477,0.042686373,1.1744353,0.08495026,1.6051342,0.31712404,1.4421542,0.26726326,0.54712296,0.14945962,0.11031256,0.3741065,0.19094424,0.9793964,0.98821425,0.23330145,1.0182217,0.35824323,0.0011675034,1.2489045,0.061252095,0.027240677,0.043805376,0.16555318,0.21284547,0.108295724,0.7263784,0.03788536,0.29305705,0.5787573,0.06105759,0.42830953,0.0028223905,0.47574046,0.23200506,0.16296324,0.0,1.1559063,0.021467777,0.02889512,1.2419523,0.08880622,0.8564013,0.21546252,0.0,0.17688513,1.9643128,2.9802973,0.064490035,0.29797027,0.0,0.0,0.27849978,0.03609917,0.25731504,5.609032,0.08129466,0.13841154,0.14466344,0.13801135,0.02189983,0.6282646,0.42589313,0.25993577,0.19797023,0.18137404,0.02360059,2.3811054,1.2603965,0.13642679,0.92874104,1.1730044,0.19322923,0.13859582,0.91135204,0.13396539,0.2934938,0.5481941,0.5593335,1.9619893,0.49770278,0.2805399,1.4058726,1.4758025,0.3541063,0.13988897,0.12550677,0.5655539,0.56266344,0.2587876,0.00024629684,0.15445222,0.08385026,0.11640957,0.4629399,0.5085818,0.22644775,0.08684884,0.6243833,0.008823108,0.8462585,0.38087046,0.48788655,0.549693,0.41417634,0.03826553,0.25768596,0.8487424,0.8651289,0.55787164,0.031849567,0.0,0.504902,0.017105786,0.41515598,0.0060022855,0.0,0.17197476,0.48109272,1.6753405,0.0,0.40257192,0.42453283,0.38862178,0.062088557,0.39585197,0.0031422577,0.1376149,0.22796226,1.5535533,0.5271329,0.020852702,0.40636927,0.26331115,0.44633994,3.041449,1.7405092,0.12987985,0.0,0.33544838,0.36079004,0.65638334,0.038371142,0.48120034,0.0,0.31353134,0.66118747,0.13689435,0.3975755,0.569843,0.0,0.4105299,3.6383896,0.5801291,0.64548546,0.72616947,0.04042448,0.48766708,1.9099844,0.58593035,0.07746668,0.8954072,0.8877383,0.12313249,0.91927147,0.009615346,0.0025494979,1.1942997,1.9200264,0.10606969,0.16794881,0.4114734,0.49010956,0.27573648,0.19666132,0.087714955,0.034857966,0.08373891,0.0139271915,0.28233755,0.8389982,0.0014058028,0.9560658,0.026922777,0.0,1.6215944,0.8175085,0.0,0.16135387,0.12658572,0.8857624,0.030976621,1.1313947,1.115967,0.95991796,0.110653214,1.0283918,0.5521762,1.7642108,1.2418574,0.103705026,0.6219965,0.17489262,0.6482061,3.6220353,0.4550021,1.0491371,0.011500642,0.26267868,0.05491619,0.17591687,0.35364342,0.032803696,0.015991243,0.30457586,0.18667705,1.2890855,1.6681175,1.0631851,0.0,0.5337552,0.08587888,1.753181,0.040759396,0.68151385,0.19511484,0.47048995,0.1412271,0.4302321,2.315918,1.8361408,0.13757646,0.1611106,0.39276466,0.41091186,0.51898205,0.08396843,0.15284432,0.0,0.09482106,0.14368078,0.07784008,0.031642586,1.479349,1.0809565,1.7686805,1.7401767,0.7154393,0.8267681,0.0011309447,0.0,0.0060770786,0.06699038,0.027763346,0.16685762,0.37811163,3.6715398,0.33359504,1.271589,0.22468671,0.42714962,0.8952489,0.052829646,0.22821757,0.008455806,1.8023058,1.4100143,0.009158654,0.027526995,0.7671277,0.07155396,0.72015053,0.7182686,0.046346523,0.15235063,0.93264955,0.3164333,0.08222338,0.43562168,0.43809128,0.092623964,0.8774545,0.26630908,0.50126487,1.2560258,0.018932324,2.4636784,0.9674643,1.0454094,0.16208197,0.50221306,0.11453143,0.20402056,0.12973504,0.17449012,0.03795022,0.17859702,0.6110009,0.62814444,0.079044,0.017000202,0.045100197,0.44295254,0.2837492,0.008280881,0.0053504473,0.84781134,1.2772222,0.0,2.164014,1.629915,0.1231768,2.0756137,0.48524317,0.07341443,0.029621951,0.11944792,0.7035951,0.09321232,0.07071884,0.9422824,1.539264,0.054852586,0.10755458,0.04452533,0.0,1.2613109,0.29516667,0.5651516,0.048555326,0.37159348,0.19001293,0.4304739,0.15817496,1.1451344,2.5797043,3.8134434,0.016543556,0.8505962,0.3074641,0.16374812,1.7037013,0.027682232,0.06618919,0.5219219,1.5717535,1.5061563,1.227833,0.8099415,0.1259803,0.40677565,0.4325585,1.5021206,0.036014076,0.48699212,0.1534529,0.57106423,0.98600984,0.014972047,0.19929664,1.481665,0.19861916,0.110015236,1.3402131,0.36013016,0.075902365,1.1308852,1.0201799,0.24850738,0.031198129,0.23365295,0.0014917445,0.4173593,0.100858316,2.173816,0.37663063,0.74787956,2.2465184,0.098583154,0.0,0.00049101637,0.0,0.18092574,0.038480587,0.110611424,0.06933088,1.0377734,0.49693722,0.12566575,0.5363485,0.20233993,0.080963105,2.3919406,1.3294562,0.08210548,0.14666343,0.57962626,0.3264414,all_pothole_images\pothole_images_new_image_105.jpg
0.9339573,2.1650782,0.33298764,0.3604346,1.6800468,0.9934711,1.1217536,0.2540221,0.26909196,1.0609992,2.3923898,0.032158226,0.9833836,2.797322,0.43988913,1.0986878,0.67318803,1.6596605,0.26569632,3.185054,1.8181133,1.2547176,0.43476984,0.9865246,0.3450972,2.2003427,1.5581207,1.480244,0.40326005,0.9420045,1.3763433,0.37962002,0.33345017,0.5011017,0.17497554,0.3610742,0.18056597,1.9656188,0.22469199,1.1924814,0.008822787,0.0,0.22028002,0.17408429,2.8742797,0.045510106,0.32532808,0.0,1.4079359,1.479481,2.0356965,0.50531584,3.0938458,2.774992,0.64701957,1.1692314,0.78357697,0.11373695,0.8532344,0.074385524,0.16632639,0.06654664,0.44381452,1.3493471,0.33213437,2.5264184,0.43428272,1.5925214,1.8056028,0.19661026,0.9195231,1.6896491,3.0734549,0.064961225,0.49353892,3.4500265,0.5957453,0.87974674,0.71827203,0.22444943,0.3373505,1.5585126,0.0,0.06851996,0.7843131,0.040087253,3.0543392,0.25755945,1.9427267,0.21660508,1.522188,0.019934783,0.8376766,2.8951142,1.5276397,0.42689124,0.6951569,0.38421485,0.79409194,2.2842655,0.08297693,2.0731022,0.0057031214,0.010283695,0.093174435,1.4141116,0.35672548,0.0034991787,0.3351698,0.40428364,0.5315557,2.1476078,0.57557726,0.9035196,0.44665465,0.18498555,1.2712616,1.4910837,0.6850245,0.89710367,1.0180146,5.826731,0.62131816,0.5043338,0.0076598623,0.5281129,0.02911738,0.55675745,1.7047384,0.9788935,2.183642,0.034808688,0.17588282,0.5270002,0.35885078,0.49034157,2.286733,1.3312877,2.5092697,0.7325232,0.626374,2.6721985,0.122442804,0.41790268,1.0068066,0.6310923,1.8490486,0.42912337,2.615498,1.8208253,0.11280964,0.30932933,1.2525524,0.0015746047,1.3958796,0.814048,0.4108254,3.9132023,0.7891493,0.0383691,1.101359,0.41417718,0.33492473,4.5064716,0.12715925,0.6934888,0.7579671,0.27982023,1.1233385,0.045194693,2.1170537,0.55561554,0.2370663,0.31646574,1.3288225,0.2830157,0.75127566,0.6479611,1.5120966,0.4584689,1.3179721,1.5726427,2.6536324,0.34044483,0.9644909,0.59236956,1.9517487,0.9440253,0.21146959,1.7352201,4.6169953,4.1068764,0.0144443475,3.0796056,0.5620785,1.1054595,0.03308583,0.15296951,0.031261943,1.8371404,0.99928147,0.16476169,3.3323467,1.2942119,1.365542,0.22762898,0.96048313,0.51108295,0.09576673,1.0929363,0.17560387,1.9141822,3.0166228,0.08320853,0.09303848,1.4205157,0.1691267,0.074912325,0.030292904,1.2929621,0.5004603,0.4397002,0.950618,0.03476486,2.1427402,1.5072627,0.122751795,0.18375199,0.45340925,0.0812006,0.38847998,0.4216278,0.43633068,1.2107285,0.96699834,0.3142547,0.770194,0.40866876,0.12496584,0.13862517,0.33924094,0.60932577,0.80331576,0.53904575,0.11467708,0.19859754,0.6942994,0.92077214,0.08762224,0.20492916,0.7788549,0.66575736,3.5489545,0.09274904,0.1903646,0.43679848,0.034379732,1.1159505,0.35102513,0.5169507,1.3586756,4.769193,3.8549705,0.59723234,1.3439016,1.7429156,0.5794027,3.9091656,1.2111902,1.0246878,0.32132372,0.68778265,0.065171525,0.37683454,0.78875417,0.5961299,0.599026,0.06223007,1.8133643,0.3598155,0.069437414,0.07336161,0.67323774,0.20428099,5.2101445,0.118440315,0.33433104,5.3842373,0.28750896,0.19529273,0.27738577,0.32259378,0.32759455,0.11014613,0.83641076,0.03782764,1.1996934,0.40927812,2.0015116,0.48415852,1.002789,0.52674913,2.6737664,0.10320897,2.1193585,0.6373901,0.3136538,0.36598998,1.0915344,0.055843167,0.9809799,1.6466086,0.92622274,1.7208775,0.73399055,0.3352033,0.27021718,0.30016154,0.78246206,1.3701106,0.3968707,4.1870074,1.2498604,1.4161166,1.1015366,2.167757,1.2428031,2.7475107,0.5499698,2.3453598,2.5593252,0.39820066,2.3754406,1.0879388,0.2184823,0.6070653,1.2625725,1.2402278,0.57214653,0.77378666,0.40485778,2.266397,1.4103079,0.19503635,0.5508054,1.6217088,0.21055774,0.3111015,1.0665644,0.62384385,0.04603552,0.10740858,0.54423046,0.09288038,0.89822066,0.20996411,0.07494707,1.7663375,0.3526194,0.50580484,0.28074962,0.71677816,0.054009978,1.0900488,0.5490145,0.08668703,0.36475614,0.15452403,0.5628591,1.3268267,1.8967314,3.1192048,1.8014038,0.3206064,0.8048282,1.6344221,0.12963797,0.05106086,0.11685613,1.9764365,0.11146882,0.26717967,0.4757449,3.0241668,1.3132696,1.3367295,0.16029544,1.3993675,1.576379,0.9821517,1.5051676,0.7122711,0.21906836,0.5357572,0.77938956,0.03926757,0.6132058,2.0773878,2.5466495,0.998391,3.7745626,0.36609843,1.7027038,0.7175083,0.80884206,0.37943834,0.61688,0.053171657,1.3332989,0.6908433,0.31800333,0.26471674,1.4860128,1.2115529,0.08990526,0.25324035,0.21046074,1.8014401,0.17804515,0.30003992,1.2822644,0.69171506,0.17356564,0.1640533,0.49654046,2.0454838,0.020586882,2.5088403,0.86950916,2.5187843,0.0,1.1974313,1.2471198,0.05111211,0.37323153,2.2882574,0.4898808,1.6829361,0.49988508,3.2732742,2.0224044,0.045267485,0.36275145,1.8337964,0.2250868,4.5331197,2.4766183,0.50846916,0.9366148,1.0944269,0.76802456,0.3266913,0.8310375,0.11828268,0.19788596,0.41839218,0.13299778,0.3518895,1.0438178,0.49516842,1.052289,0.40216228,0.38471597,0.9652858,0.1626634,0.2698963,2.2405632,1.1550608,0.6482962,0.44732684,0.8366825,1.8740075,1.1433274,0.20430517,0.41378015,1.5263712,0.7618673,0.9047761,0.11698661,0.88737273,0.23977637,3.015149,0.023507318,1.7988629,0.12040568,0.26798743,1.0456283,0.15208364,0.1509895,0.060600836,0.7541174,1.0580144,0.08338935,1.3681345,1.0856966,0.42587343,0.050688367,0.07821531,0.024613962,0.68034005,1.0573741,0.92867666,0.9919,0.33092135,0.29320627,0.1828298,0.3859102,3.3893912,0.45102075,2.3125079,0.46211576,0.25596523,all_pothole_images\pothole_images_new_image_1050.jpg
0.9287735,1.9878138,0.49324957,1.0510564,0.6586067,0.32934138,0.42449397,0.59615946,0.062544495,0.8029607,0.48370034,0.8319406,0.91260433,0.64966565,0.5652576,0.39857635,0.2049089,0.3956701,0.15297152,0.050912324,0.052349836,1.6750357,0.638354,1.1954604,0.11267698,0.49548343,0.51377696,1.0733839,0.04004164,0.30137026,0.9753072,0.02864135,0.5254456,0.862153,0.8470948,0.69971216,0.07902186,0.8374797,0.24801706,1.6643107,0.004131794,0.06269031,0.08831859,1.4357526,1.5726819,0.127595,0.14584865,0.0032020134,0.27568766,0.81954736,0.45291486,0.38374904,0.6207926,0.17452331,0.0,1.2875195,0.5329817,0.2568614,1.7561382,0.09825929,0.3707681,0.35509607,0.64127564,0.44964516,0.23853226,2.777193,0.50282246,0.038332943,0.04096368,0.8206605,0.73975563,0.21951056,0.29541895,0.22766888,0.36069426,0.8493571,0.07238625,0.106200516,0.004031251,0.13702556,0.2662016,0.028369762,1.0871404,0.65230304,1.4593222,0.76760864,0.20218872,0.16111174,2.3514135,0.9115578,0.10831932,0.52380943,0.6523525,0.0671304,0.19997787,1.2765797,0.23599656,0.9915246,0.2306258,0.049183894,0.11166533,0.99820226,0.06254421,0.71278584,0.047249004,0.51561004,0.65010566,0.34810212,0.76976496,0.012660754,0.6804016,1.1995113,0.08686456,1.0911717,0.57218105,0.60826546,1.5827689,0.25189665,1.2358841,0.3184312,1.2966354,0.67383856,0.7441484,1.3991877,0.28107858,1.6087521,0.104101256,0.92871004,0.69544625,0.6249695,0.79933137,0.0,0.1313046,0.25960493,0.075452104,0.6277841,0.44696277,0.6136258,0.9897797,0.074338324,0.50710946,0.36346447,0.17654058,1.3961247,0.32573372,1.6549779,0.5207172,0.13437416,0.29486597,1.6623975,0.66285354,0.36090967,0.04402596,0.018437844,0.9577329,0.33758995,1.5692792,0.39958358,0.44799575,0.88849217,2.7119474,2.3235662,0.56863856,2.180405,0.20452441,0.18484837,1.4585007,0.47644937,1.5134567,0.33899003,0.08511922,0.10877852,0.106175646,0.074528836,0.62802416,0.82856125,0.41179168,0.71256876,0.094954714,0.5315557,0.028019628,1.8239591,1.7180446,1.2093729,0.90149856,0.75157696,0.19913065,0.29834843,0.6925909,0.49790394,0.11686317,0.39325932,0.36217844,1.7064981,0.044982918,0.26285818,0.45635402,0.7222343,0.050951786,1.4943942,0.04118875,0.57232153,0.7233829,1.180179,2.2133706,0.42520967,0.9153704,0.043777242,0.90028745,0.19126014,0.25767973,0.30315882,0.41376027,0.39764038,0.48959517,0.58095294,0.6572395,0.23800418,1.1228111,0.69241726,0.11236302,0.5892582,0.7174872,0.43421227,0.28307232,0.84344447,0.3227476,1.346513,0.117629886,0.5733376,0.23539782,0.43041497,0.032317784,0.27168798,0.33611593,0.006741146,1.0183886,0.18957718,0.067529894,0.31194106,0.5016822,0.0064146467,0.5786341,0.037403576,0.36148167,0.31264436,0.56147367,0.81178796,0.57906723,3.2630153,0.9475337,0.0416756,0.45353553,0.33703157,0.1769808,0.8502337,1.526969,0.15173641,0.5471064,1.4210912,0.33727595,0.7548341,0.37926367,0.34916127,0.8364652,0.7161136,0.057792127,1.3760614,0.3474599,0.065675065,0.31923088,0.4547322,0.6989144,0.7249088,1.275438,1.1030929,0.9571108,0.30666804,0.82504684,0.40702617,1.8846198,0.16688249,0.74880004,0.6753685,1.792489,0.7627262,0.8602948,0.030279377,0.6904471,0.23236749,0.077739105,0.75514305,0.17669494,2.091345,0.04483176,0.11825623,0.85529,2.8102808,0.8703009,1.0721111,0.22246282,0.21601571,0.0065633664,0.020374566,3.7021403,0.2115754,0.16711365,0.48022997,0.051913314,0.6263658,0.71430945,0.8931498,3.6604526,1.1254812,0.3843399,0.17564617,0.35519806,0.79630977,0.7048218,0.25742313,1.2905443,0.0,0.15114543,0.965784,0.23482545,0.30801722,0.9974033,0.041481916,1.2506804,0.3136385,3.5358603,0.3461734,0.07416724,0.05758876,0.0,0.17372468,0.13221428,0.18854798,1.0257157,0.06696599,0.4799573,0.98787826,0.56505615,0.113787904,0.3595987,0.300296,0.06328702,0.14742808,0.24645688,0.4451776,0.21647678,1.6754371,0.6071631,0.55508506,0.14989688,0.5418646,0.13761161,0.43027815,0.9123174,0.44309938,0.4373767,0.25494134,1.4681718,0.104988284,0.0038902068,0.44792813,1.1587763,0.5766655,0.8555268,0.59102905,0.5745232,0.14773667,0.61416864,0.5235032,0.31740814,0.8649873,0.42740786,0.06710325,1.0796404,0.75946677,0.052863214,0.22795512,0.5394761,0.17349893,1.67735,3.7131484,1.626852,0.11731791,0.19335647,1.4548992,1.1464126,0.65115947,0.26740867,0.26092136,0.14947492,0.09924909,0.62506264,0.53730005,0.35916576,1.0154614,2.757554,0.76656836,0.03739335,0.44025108,0.53924733,0.0,0.7419365,1.0754801,0.2485439,0.33505452,2.0992665,0.929862,0.39651224,0.18759672,0.049276788,0.19750276,0.27761525,0.13824055,0.06764358,0.29620066,1.9189898,0.30233356,1.9817146,2.2861078,2.1538897,0.4458793,2.0505013,0.85725874,0.20245656,0.29544005,1.3685056,0.16397776,0.5267887,0.60713154,0.15066263,1.6330627,0.60193443,0.7512994,0.16053672,0.4051473,0.18815398,0.2587259,0.35204852,0.1395652,0.18743657,0.30101877,1.7085624,1.5907224,1.402004,1.6356173,1.1213055,0.28543547,0.8287559,1.2657578,1.1921223,0.23183167,0.43705812,1.2169278,0.21761374,0.8609711,0.9716968,0.6849874,0.57174325,0.3911826,0.0055831727,0.072984695,0.1274908,0.0036025494,0.9679782,0.20716578,0.4983531,0.5263374,0.46391845,0.580388,0.52357435,0.062123854,0.07310841,0.18529452,0.58826524,0.022123031,0.4208725,1.3826703,0.6738376,0.2701449,0.018402547,0.4373698,0.46472183,0.26233524,0.972804,0.10510713,0.5981505,1.2953285,0.0070456685,0.027581345,0.18515545,0.33769318,0.029065236,0.05877102,0.28049546,0.6817192,0.18134199,2.8464665,0.43686154,0.53215104,1.4028631,0.66345936,0.18563534,0.5319593,0.26613542,1.3932271,0.3068798,0.90765613,all_pothole_images\pothole_images_new_image_1051.jpg
0.48386708,1.0465835,1.0536315,1.9331948,0.7305505,0.6528994,0.088597275,0.27448952,0.38921776,0.7253734,0.38828468,1.816094,0.3589343,3.9839196,1.4663764,1.1682823,0.33555412,0.38423982,2.9700422,0.11244371,2.671284,2.4825816,0.21467184,0.31708035,1.5978937,0.017725682,1.421553,0.96040636,0.01589423,0.15987575,0.516747,0.014989472,0.38539708,0.02259609,0.010351365,0.63262683,0.124058515,2.7765186,0.06469594,0.68736494,1.299153,0.012472437,2.5869684,4.3415637,0.28319442,0.069719695,0.502409,0.118461214,0.79183704,0.015014166,0.32664895,0.26112634,0.956178,0.31379157,0.018917143,1.2874919,3.0666304,0.14739715,1.4826411,0.14598098,0.06445021,0.06868588,0.22722135,0.11534478,0.8989513,3.236498,0.14059564,0.15618818,0.96555454,0.09121727,0.26158956,0.018417846,1.170168,0.5429919,1.4185185,1.3757087,0.07965358,0.8557662,0.17841786,0.6406884,1.3096056,0.09083363,0.26100817,0.30039284,0.8018911,0.19428802,0.08153949,1.1855642,4.0772376,0.17737083,0.0010563788,0.079150096,0.080536015,0.4202551,0.45549282,0.24603103,0.56667155,0.6701744,1.9505974,0.52071273,0.23447026,1.3743191,0.6492762,0.14126016,0.14434233,0.7333905,0.13515745,0.15495948,0.25483403,0.29392648,0.0,4.1047316,0.37875187,0.02291476,0.48139805,0.078893825,1.5974438,0.29881683,2.9591012,3.713713,1.9252683,0.2771215,0.27840123,0.8546835,0.3400854,0.29451776,0.4030384,0.6687437,0.46542862,0.75015235,0.14161019,0.082287215,0.41219318,0.19030483,0.23487635,0.9894012,0.5979438,1.102389,0.46427727,0.15539327,0.09755257,1.1871551,1.0601019,1.2857386,0.97824657,0.18166192,0.752178,0.40914753,0.33760965,0.41593173,1.0392579,0.11704159,0.08080126,1.0804938,3.3645508,0.22084391,0.008958312,0.37164727,1.1557009,0.77124023,1.2517264,0.72470534,0.276921,3.9773932,0.2904907,2.0620096,0.07825228,0.53572243,1.3086015,0.15416382,0.0,0.16222808,0.6024171,0.18090925,1.4168024,0.4089071,0.71779615,0.0,0.031671498,0.47257772,0.6697113,5.1950235,1.256984,0.8200155,1.4686011,1.9771986,0.0,3.1780183,0.091805615,1.0651643,0.14953825,0.6041248,0.0,1.5736946,0.4638039,0.24171494,1.1334535,1.5285599,0.4989743,1.5556403,0.49684134,0.87188965,1.2350545,0.5741452,0.86018884,0.7228856,0.19811784,1.180547,0.0650425,0.14049074,0.0900222,0.110859856,0.83876044,3.2630558,2.134834,2.7022045,0.0006935843,0.1955086,0.65633047,0.91427624,0.24084075,0.6702166,0.42587727,1.5850458,0.18714912,0.36123046,2.9790409,0.0,0.6985591,1.6309941,0.71085846,0.1572639,0.1838286,0.07301564,0.61541927,0.5984305,1.7881745,0.047796763,0.07883461,0.016863635,0.33858925,1.0207984,0.4500983,0.7773772,0.62842834,0.06660842,1.1071718,0.113647185,0.73672676,2.6574783,5.3001647,0.83671916,1.33003,1.0664808,0.45057872,0.36402017,0.6769269,2.0578668,2.4320347,3.381338,0.90736514,0.43012396,0.14699374,1.0046536,1.8828676,1.2070627,0.15004927,0.9974723,0.43204883,1.4120058,0.04283969,0.34383094,1.2519015,0.018255958,1.2562847,0.4600595,0.56215703,0.15988682,0.023671309,0.8120708,0.06396816,0.44633895,0.3907191,0.22052951,0.33260947,3.0225081,1.9640671,0.5020726,0.44022313,0.09819203,0.084297664,0.53464425,0.4942439,0.95677775,0.12646301,0.49332613,0.8642972,1.2443173,0.5051861,1.396527,0.5906591,0.85755056,0.32468283,2.0564535,4.4128647,0.4309216,0.999586,0.7709555,0.9923248,0.49193877,1.66368,1.9634175,2.6530318,0.42621937,0.023569545,2.410351,0.13110237,0.8066382,2.9078918,0.17814957,0.1498559,0.10252165,0.119208604,0.07699837,0.94050455,0.39675537,0.16323973,0.040737454,0.434558,0.6502609,1.2731534,1.1063408,0.0009537611,0.24157672,0.009879385,0.7027382,0.9159934,2.009412,0.46739924,0.6294094,0.7067279,1.832728,3.1181815,0.25492445,0.7037931,0.4854435,0.11671551,0.2543194,1.717442,0.12236428,1.1617793,0.27106208,2.0295556,0.2698054,0.6915952,0.56555194,0.1718685,0.8815772,0.297237,1.3354446,0.0,0.03035711,1.0207309,1.3188171,0.87876767,0.6541637,1.8044896,0.21655296,0.00799626,0.00033589525,2.792533,0.5257699,0.47114506,0.07252675,0.6613132,0.17001186,0.2084198,0.3143138,0.14998019,0.7598436,0.7660937,0.6761333,0.42738265,1.107287,3.0295513,1.3755345,0.555578,0.0001663549,0.11710673,1.9153086,2.308877,1.7119218,0.108061925,0.33590767,0.00012599691,0.071877435,3.1858962,0.52782655,0.28086588,0.0,3.068842,0.1829283,0.1932602,0.7964521,0.21719097,0.035218604,0.105674334,0.9631584,1.3540001,0.03174366,0.26876986,0.32429254,0.17919575,0.678566,0.46546853,0.11652858,0.9483812,0.42344302,0.039901804,0.10589252,1.7139137,0.8999207,0.12145215,1.7925074,2.7916324,0.11168919,0.4012968,1.5709082,1.6572257,0.95097977,0.046228845,0.1519253,0.66248864,2.3074086,1.1813265,3.7552001,0.52327466,2.0346217,0.03853532,0.2519372,1.1443304,1.0222871,0.089275114,0.18230416,0.653412,0.006635388,1.0685226,0.15133351,0.22545032,0.95297533,1.0106103,0.5626603,0.37782693,0.54028255,2.0371146,1.0789146,2.2278242,0.8072955,2.1057067,2.1695173,0.42590696,0.80512244,1.1706332,0.017718466,0.7558955,1.3769933,0.26082653,0.30580893,0.4493231,1.0975921,1.08205,0.49531797,0.00782292,0.01622999,1.3034393,0.49976847,0.8185278,1.0427043,0.8449095,0.009497274,1.1631546,3.3980763,1.0337949,0.07645468,0.08894301,1.1113713,1.3934817,0.2813851,1.6689348,0.04680783,0.60349816,0.3849681,0.24484628,0.65888697,0.507798,0.7294266,0.3431505,0.040136732,0.10361627,0.61499023,1.2047564,5.3429565,1.9707909,0.14524765,0.648315,1.5347036,0.19017678,0.15315129,0.45768306,0.8229693,0.363606,0.5071732,all_pothole_images\pothole_images_new_image_1052.jpg
1.9498453,1.6669635,1.4949129,0.40603873,0.16291228,0.6245853,1.8990687,0.4213646,1.7366127,0.1739493,0.08885844,1.7198625,0.3052501,0.52798545,0.50503916,0.56348896,0.037708,0.069673784,1.0295929,0.091661364,0.15369236,2.58584,0.06669147,1.0344537,0.39174092,1.5693222,0.6393549,1.705567,0.0,0.15704383,0.897225,0.57087505,1.8090878,1.4166138,0.062744156,0.4264668,0.13107277,0.45340762,1.4568514,0.47416654,0.15935704,0.87211967,0.23914205,0.6238241,1.1116623,0.8957734,2.127002,0.04410665,1.0516948,0.53940797,0.350182,0.0480118,0.19876452,0.07642458,0.2445563,0.27256227,0.13465671,0.078771174,1.8936617,0.30975825,0.03466048,0.41819164,0.23263444,1.0462813,1.8193678,1.7095242,0.41563866,2.6677625,1.1383059,0.5250914,1.2994834,0.71114147,0.78536767,0.25287592,0.17491297,0.88041776,1.1650281,1.2156802,0.12472628,0.83082867,0.37213898,0.620697,1.2619386,0.5069534,0.1744053,2.2606413,0.16765189,0.18518981,2.0592034,0.6121943,0.29836595,2.301416,0.6823781,0.13346858,0.46769172,0.5618983,1.6202323,0.64420724,0.6472252,0.23948872,0.02215871,0.002642626,0.0091682905,0.38488597,0.9260769,0.33347306,0.08018704,2.1990325,0.63261724,1.7629702,0.4025407,2.803752,0.27116558,0.20061101,0.12602364,0.5972806,2.2666163,0.12831195,0.226086,0.35229328,2.8046157,0.64555335,0.81373966,1.5838386,0.27929977,0.005532263,0.30840287,0.87821156,0.15265514,0.54478663,0.5492207,0.85996336,0.20505111,0.2671593,0.6505979,0.3622841,0.10646029,0.94533134,0.20222105,0.3456992,0.3442598,0.9373541,0.105616525,2.531173,0.48326257,0.68032175,0.30944332,0.29182294,0.43937397,0.14879087,0.37988257,0.032753006,1.4521873,0.036072753,1.8149859,0.4380314,1.6217934,1.5777527,0.4717453,1.1169109,1.0278561,0.6408124,0.037611756,1.4527009,2.812379,0.5169928,0.10291278,0.019807594,0.93723744,0.099542074,0.9283969,0.2095947,0.41502914,0.044726953,1.6099585,0.039993733,0.5414874,0.43823147,0.92071766,1.2203988,0.0,2.6414382,0.83906555,1.0120907,3.8201013,0.015522084,0.57500935,0.08377133,0.37629792,2.293839,1.5998017,0.011101969,0.39624664,2.528433,0.6842058,0.03700499,0.9445796,2.3652062,0.71410227,0.3005839,0.9358193,0.7859787,1.2316002,0.52160364,0.47080377,3.3498833,3.619381,1.2986733,1.5255094,1.9175293,0.072702736,0.07184674,0.4155721,0.7016627,0.036436383,1.1685594,0.28357083,0.02090656,0.6911885,0.28178522,0.28262302,0.810185,0.9565244,2.8644652,0.133325,1.0720878,1.4301144,1.8180519,0.45578617,2.0858114,0.35351828,1.9731112,1.2246279,0.75665396,1.4288951,0.15515482,0.8560646,0.130208,1.2399226,1.8603098,1.5709503,0.039636776,0.07692129,0.9739805,0.12775485,0.1264951,2.696398,0.12715478,0.09565359,3.0512474,4.2591853,0.6006849,1.1481284,0.034568053,0.71720034,0.85269684,0.89694774,0.3281868,0.020249765,0.5260384,1.4831904,0.62379235,0.14543243,1.0413204,0.1803983,2.8329728,0.66144127,1.5858141,1.6578183,1.2413698,0.3195115,0.2827322,0.20966883,1.1681461,0.23778859,0.37991738,0.70775867,0.46532136,0.4822833,1.5346558,0.12987946,0.6472203,0.3302226,0.08863529,0.3976949,0.48821062,0.7210228,1.2904401,3.0115888,0.97430885,0.9396063,0.3514215,1.9526653,2.2314763,0.18361036,0.9850741,1.5662228,2.9040549,0.06276255,0.39296827,0.17012322,0.6443245,0.059345398,1.1220615,2.1126719,0.45830402,0.07247067,0.8109702,0.36946607,0.1514167,0.37794596,0.8437114,3.4118085,0.8971576,0.165891,0.16985685,0.06410907,0.5868328,3.0494223,1.4952985,0.9797313,0.4694289,0.30627578,0.179145,0.39350587,0.57428944,0.49090108,0.36086467,0.15789706,0.04210876,6.1213837,0.39623502,0.7930576,0.20736879,0.99823135,0.41322124,1.0756524,0.2311511,2.1121259,0.07003003,0.94570327,1.0539985,2.1630402,0.82254773,0.7058697,0.0206359,0.5493769,0.12420461,0.13867898,0.60897076,0.24438728,1.559402,2.8230321,1.1265498,0.5115958,0.46878362,2.0399272,0.42268604,0.3516186,0.84177524,0.9988897,0.14525956,0.60252994,0.031613663,0.037658393,0.23869598,1.9657313,0.328129,1.0218798,0.15523465,1.7978607,0.71075904,0.20041701,0.10390927,1.5315822,0.3541228,0.4580338,2.7740996,0.38372892,1.6456635,0.7757361,0.32483184,2.0765138,1.0627781,3.855033,0.78888273,2.6090724,0.54366237,0.83340037,3.4443853,2.5188832,2.9954386,0.1292441,0.5579929,0.47460797,0.7917835,1.2533952,1.4743092,0.34684792,1.0037599,5.030724,0.45780653,1.4290558,1.9119809,0.43186462,0.15948042,0.77761436,1.8351578,0.0798656,0.6191968,0.18133163,0.93729305,3.7454817,1.4055008,0.46865267,0.10644436,2.557525,0.21164979,1.6283058,0.5202104,1.0839604,0.0035229437,1.8888206,0.7520098,0.84483063,0.263825,0.561371,0.6328304,1.8755158,0.39297688,0.074277885,3.3651817,0.06584787,0.96708524,0.5416336,1.9574999,0.33212864,2.0610352,1.2816526,0.6448308,0.1318784,0.5101116,0.09420081,0.58310086,2.2721734,0.06200127,1.5476801,0.0,0.007193842,1.5131384,1.2221438,1.0322287,0.991633,1.2890297,1.7722754,0.48832807,2.5998032,0.6307648,1.261741,1.5130087,0.19258483,3.6301513,1.1810948,0.12295609,1.3410647,1.324394,0.5494598,0.14540802,0.15205319,1.1133828,0.48573232,0.09143567,0.24856773,0.22764328,0.5566841,0.4120327,0.7201707,0.46531162,0.23114884,0.018230662,0.66574067,2.7654684,1.3974459,0.3440185,0.053979494,0.90225613,3.3775048,0.95427155,1.009749,0.1375014,0.19022505,0.39953554,0.8550162,0.2507289,1.1061609,1.3172559,0.5347774,0.9336889,0.091055535,2.6415386,0.20599282,5.910145,0.7649013,0.38740796,0.27495357,1.8056571,0.1586072,0.68314874,0.45643178,2.1072989,0.9306827,0.9923311,all_pothole_images\pothole_images_new_image_1053.jpg
1.5702158,0.9524428,2.102983,1.2494725,0.29686192,3.1957316,1.1619244,1.6275548,0.13226417,1.7223258,0.59376156,0.880745,0.26684728,0.35201257,0.8223072,1.0337718,0.10235068,0.26799035,0.52089053,1.539314,0.73371136,1.3419129,1.9466411,2.7445204,0.08009371,0.27609575,0.060424972,0.14263198,0.89865524,0.5057702,0.33880576,0.09659041,0.94797397,0.89866793,0.3144169,0.809091,0.14379863,1.0441,0.74893063,1.892796,0.9926373,0.0973827,0.93970895,0.48591036,0.38539264,0.1459001,0.37353298,1.2389145,0.8063442,0.095539376,0.21449324,1.070487,2.1876268,0.3031483,0.82293403,0.5356199,3.61998,0.082052305,0.6850187,1.5311279,0.3385145,0.3314996,0.77700657,0.6346791,0.0,0.37320817,0.214035,1.6783788,0.78465,0.3708134,0.00027300508,0.4526047,1.6796572,0.13697208,0.5511751,1.7147114,0.4322656,1.8764203,0.16790666,1.4662012,0.14466876,1.1532987,2.1182945,0.82155514,0.18477453,0.7725876,0.33757338,0.1493789,1.8258598,0.65525925,0.714617,0.3554155,0.26668435,0.11303336,0.573288,0.32797903,2.8216789,2.0970216,1.2508621,0.5445548,0.0106316665,1.3312131,0.16879848,0.49636513,1.7042567,0.7447811,0.1650062,0.9572377,1.0165739,2.981614,0.7135111,2.8615346,1.3882697,0.7279877,0.0018352367,1.1276656,1.009122,0.61647373,0.37928724,2.4568658,1.3318499,0.5580093,0.80975956,1.352378,1.2449552,0.2384684,0.1853424,1.0050645,1.0575132,0.47714862,0.10179584,0.262795,0.2878152,0.6040749,0.110759065,0.65256774,0.24874286,0.7256974,0.46335563,0.7363766,1.574769,1.0179942,2.4129605,0.59079295,0.5130605,0.44989103,1.088451,1.9870206,0.29245013,1.3738823,0.2303833,0.15045156,0.70160496,0.5898661,2.2215283,0.82678884,0.37449035,0.7119421,0.36787903,0.59927726,1.049265,0.2229023,0.10664293,1.2171842,0.08201491,0.47468567,0.56496096,0.15001354,0.14162488,0.9843468,1.5584408,0.09692655,0.75040954,0.94864607,0.9137111,0.7756304,1.72752,0.057320584,0.3947083,0.94608563,1.020877,0.36081874,1.3444732,1.6462804,3.2930064,1.2795907,0.4720927,1.1720916,0.81262857,1.4519333,0.0028460214,0.30123433,0.22797835,2.7228537,1.8667833,0.4916906,0.57236737,1.0280635,0.34657586,2.4041514,0.47581866,2.68556,0.41987675,0.10070192,0.24606495,0.9364724,1.5102509,0.7737793,0.15344247,0.758004,0.38453877,1.6293992,2.146764,2.1630664,0.5948822,1.357723,0.53195953,0.20526206,0.2574774,0.70044273,0.23842227,0.24271224,0.3107334,1.2197288,0.40662417,0.47862843,3.3921545,0.59889954,0.33600733,0.9116797,0.5901024,0.059258386,0.28334564,1.0028617,1.2248496,0.5469749,1.103763,0.01858383,0.271289,0.11847021,0.6517701,1.0915309,1.7925967,0.31765732,0.005989369,0.13574116,1.225551,0.45611292,1.5534762,0.9344292,1.163867,0.077003516,0.648581,1.4142205,0.72507817,0.25065875,0.6021392,0.43537357,2.476944,0.69990134,0.005036452,0.30291867,0.3630318,0.042012215,0.34967065,1.3365358,0.2588271,0.44924077,0.5654043,1.0231445,0.72266215,0.10008669,0.36772004,2.023714,1.3245633,1.3457451,1.4619343,0.91603607,1.4464021,0.97842366,0.09049468,0.07495973,0.6570661,0.27104837,0.6519353,0.13251796,0.049373712,0.8300714,0.51968193,0.61415213,1.3773464,0.7549482,0.8127952,0.8971744,0.6558332,1.7825495,0.11716011,0.19223252,1.9929913,0.43980896,0.15259331,0.9159831,0.23420952,1.1009022,0.30281815,0.67638665,0.31928027,0.78530604,1.1823729,0.30956897,0.67180324,1.1368173,0.61689675,0.6215546,0.095676176,0.04204127,0.41761792,0.68493533,0.5670563,1.626979,0.25252774,0.78933686,0.9515234,0.46677437,0.9994516,0.9145867,0.24232689,0.29215863,0.4948774,1.7281506,2.6122527,0.41428095,1.017952,1.1627972,0.5053517,0.33232015,0.66694206,1.4600214,1.157934,0.27926344,1.1622698,0.8415148,1.0042305,0.6122216,2.3601491,0.7730062,0.071573004,0.21128695,0.86780626,0.6505137,0.28636906,1.2698485,0.9303959,1.1729025,0.8982214,1.5577451,0.30097643,0.14085832,0.34226635,0.6000306,0.38128692,0.06462205,1.9328718,0.627745,1.2572036,1.4990271,1.0530428,0.09885016,0.35401428,0.25037447,3.0528078,2.2116556,0.6897222,0.2734233,2.437906,0.12988761,1.8461004,0.90316063,1.0085131,0.6632805,1.1142198,0.3663511,0.7972407,1.7886673,2.438422,1.0149537,0.023976441,0.01607757,0.111054994,1.3431367,1.1360102,4.1521187,1.180284,0.09038627,0.3296023,0.46160468,0.4097135,0.38401106,0.60310996,0.050325744,0.45329908,2.3990588,1.3001943,0.3919115,0.09737597,1.3040093,0.3235754,0.07204998,0.38631082,0.5463126,0.2818749,0.44275874,0.5899745,0.51803803,0.9950072,1.0337934,1.5106516,0.08815463,2.212923,0.23690301,0.11126379,1.4720685,0.59921503,1.1073639,1.7616366,0.815676,3.456981,0.80695915,2.314486,0.51954544,0.7298344,0.48287064,0.7673505,0.6289145,1.0274869,5.5770493,2.1098216,0.48660332,0.89188725,0.5070374,0.64022434,0.0754164,0.038991094,0.3154076,0.29652965,0.078351,1.7015736,0.8083921,0.44134063,2.3835402,0.9656003,1.5138165,0.12238774,0.29148844,0.42888287,2.6615517,0.77212656,1.5734031,0.9227214,3.1633027,0.5337083,1.2806886,0.6872282,0.60785055,0.641075,2.636471,0.2607886,0.8161638,0.234282,3.9853265,1.2009418,0.31923476,0.59200054,0.024589151,1.3871186,0.79375076,0.13511552,0.7510108,0.2961952,1.2804184,4.7075377,3.6523511,0.34525657,0.17459452,0.019842116,1.0307449,1.599174,2.5427647,1.0884416,0.36335883,0.60028327,1.9227701,0.49588016,0.3019367,1.5441619,0.1288771,0.3534455,1.0189178,0.82058513,1.5487615,0.5806869,2.068701,1.3758265,0.38213468,1.4161775,0.3581457,1.5127387,1.9479574,0.7365061,1.0691153,3.3189883,0.31612432,all_pothole_images\pothole_images_new_image_1054.jpg
1.6770592,1.7039685,1.0902733,1.8305608,0.41276792,0.036904518,0.10161379,0.9375089,0.3782561,2.4560983,0.2799025,0.1853554,0.057266816,0.734945,0.22664031,1.0215116,0.28959966,0.25050855,0.4406051,0.5898402,0.08184379,1.3263026,0.17824899,1.1996915,0.10676174,0.28780875,0.33737427,0.3220897,0.19121929,1.2485119,0.56091154,0.99608433,0.94080794,1.947464,0.07787216,1.9538468,0.78680277,0.33482462,0.48984304,0.5080644,0.14280356,0.27921677,0.14491257,0.1688635,0.6905778,0.13497648,0.24060729,0.027808204,2.9667556,0.18002656,1.8890042,1.3380488,0.6061583,1.5351372,0.46218595,2.7746887,1.0803847,1.2002997,1.3587677,0.6274784,0.56634575,0.65049744,0.93291956,0.42099372,0.8167521,0.601025,0.5107135,0.44428802,0.41438496,0.43486086,0.2560978,0.8053987,0.905084,0.019307276,1.2853123,2.8393018,0.38658372,2.562568,0.26596037,0.28989717,0.9032669,1.0440831,0.35890847,0.7944954,1.0693766,1.1242923,0.37636387,0.6921201,3.7559752,2.151397,0.15123963,0.09257133,1.00037,1.2781221,0.48202628,0.4923348,0.8309298,0.3748702,0.5141206,0.1538178,0.3606467,0.83842736,0.36389643,1.2305151,2.3762984,0.34673375,0.6833425,0.46450672,1.7839719,0.80790865,0.6010229,2.381175,0.6710808,0.6777044,1.1958219,0.58065015,1.307665,0.7780902,0.23634689,0.50345767,0.5455439,2.0015495,0.25776467,1.7662991,1.7081647,1.3608706,1.5889624,1.4691718,0.48691794,0.22375363,0.61573046,1.1870412,1.8100057,0.11924759,1.9039475,0.15030883,0.023415493,1.358139,0.4111824,0.46204874,0.09434984,1.3788025,0.5669882,0.9807961,0.43260974,2.3376563,0.66069394,0.7122065,0.065486655,0.6776484,0.2783205,0.4976151,0.66950095,0.60413814,1.2973627,1.2009805,2.008378,0.3573618,0.17766528,0.097280756,1.1651593,0.43103713,0.1850503,4.4933267,0.30744648,1.138356,0.40607965,0.9991572,3.2252464,1.0038856,0.73059165,0.09312707,0.08548067,0.32675272,3.3440964,0.4385313,0.21479972,0.06418186,0.652017,0.09913502,0.5385913,2.1592865,0.6987387,1.0879257,1.7997361,0.29046324,0.14559482,0.24344787,0.781552,1.2044232,0.4623692,0.5856382,0.010409025,1.2326642,2.1432667,0.05726527,2.1647794,2.2842634,0.3860082,1.0314779,0.95460874,1.7670726,0.09154733,0.531577,1.4028716,0.63176334,2.0489578,1.0337017,2.0278742,0.31512305,0.15512745,0.035271328,0.98802185,1.8182975,0.5777598,0.2568726,0.17117251,0.14160964,1.2666278,1.6014602,1.4987413,0.30711627,0.264843,0.60154855,0.3211965,0.5302078,0.6921281,0.008788518,0.8508548,0.25197962,0.5423728,0.35606995,0.10774053,1.3955586,0.26987663,0.52247596,1.9100746,1.0161138,0.3817542,0.49285406,0.27717552,0.87050605,0.72888255,0.3473327,0.7906866,0.107327,0.3515886,0.012571332,2.3408298,4.3682485,1.4899136,0.6326751,0.18336023,0.15638843,1.0644177,0.09272313,0.9450891,0.17700695,0.8158891,1.2226411,0.97313654,0.08164178,1.2392942,1.2270494,0.41571674,0.3190117,2.2923715,0.86881804,1.7549466,0.015669651,1.1771804,0.075229704,2.6059625,0.89223146,0.83788943,0.59150237,0.23749408,0.2542926,0.47162107,0.47488683,0.013932245,1.0794021,0.8885707,0.8753405,0.45797873,1.0125897,0.69939196,2.932259,0.9217563,1.3029695,0.06137801,1.0812875,0.57412773,0.79801035,1.9631643,0.50199807,2.1706328,2.038545,0.49769786,0.49537927,0.15349658,0.31622288,0.291941,1.749597,2.8737319,0.08214857,0.64417017,0.22673404,0.5809735,0.049159545,0.9718954,1.5588396,3.7218862,1.5039113,0.22221051,0.3102613,0.07508249,0.16224127,1.6251993,0.6153474,2.085206,1.3497971,0.9435715,0.03251793,0.46319166,2.0777292,1.2233977,0.30014494,0.870223,0.10920576,2.555943,0.03651428,0.5561252,0.13649273,3.7742689,0.16045119,1.759122,0.091896154,1.424821,0.34336743,3.4785838,1.2530698,0.5647538,0.97779095,0.34857303,0.35484606,0.15615804,0.33772355,0.038356572,1.1560228,0.53349596,1.4410142,1.0994822,0.6606061,0.86532277,0.74916947,1.1551476,1.5765808,1.2440698,1.8131111,0.60143256,0.37703317,0.5833673,2.4914382,0.36840507,1.2238191,0.8345374,0.40890557,0.6110219,1.0271792,0.9044803,0.55438787,0.5925315,0.44287074,1.4133114,0.4757145,0.28986776,0.4054744,0.34332418,1.307604,1.0124077,0.3296583,0.78321123,0.43633243,1.680419,2.6960082,0.76787364,5.626791,1.1874353,2.974117,0.88071424,1.309259,0.89638114,0.5987181,0.37349918,2.6459699,0.25099486,2.3454823,1.2676522,0.077380955,1.8637362,1.1287622,0.66193646,0.33751717,0.39476234,0.8358981,1.0024977,0.52953136,0.118632495,1.0582647,2.0275578,0.22212343,0.47629339,1.9801408,0.03905681,0.29528272,1.6424012,2.0848765,0.6763106,0.809417,0.4058102,1.2300096,2.7911026,1.2372748,1.6229897,0.91528076,1.0395187,1.308975,0.4500569,1.9580964,0.6889296,4.1913185,0.068174,0.6693369,0.20256603,2.9032493,2.0374222,0.39849922,1.0552421,1.1700144,0.18276978,1.7697842,1.8056555,0.19762272,0.36779356,0.107534096,1.3755997,0.3762376,0.4147993,1.5626787,0.22140837,0.1622119,0.2983021,2.014393,0.4390806,1.1699812,0.8326569,0.41872102,1.2107427,0.1352669,0.4476868,0.15589902,0.86496127,0.8074873,5.260863,0.7005308,0.52559483,0.14094292,0.49616382,1.6889232,0.95564985,0.42836192,1.2514399,1.6197522,0.64629036,0.41471675,0.5437737,0.57626927,0.362874,0.40298086,0.9038448,2.6204712,3.052995,0.08905399,0.29668212,0.51762205,2.0209613,0.10048168,1.0786479,0.22459255,0.5668517,1.4766898,0.30768836,0.030655172,0.00936741,0.11041025,0.5034541,0.08783917,1.3828914,0.6320702,1.9666535,3.1208515,0.361129,1.2481647,1.6080589,0.41594878,0.10752444,1.4820434,1.8535703,1.4240261,1.1156298,0.23729728,all_pothole_images\pothole_images_new_image_1055.jpg
0.0641228,2.1475418,1.078099,0.7881362,0.03748504,0.16894723,0.34880283,0.29289672,0.007151871,0.18870081,0.8064269,0.29479232,0.0094909165,0.041465573,0.0028884136,0.07383682,1.2527118,0.0,1.1304501,0.023692328,0.36486614,2.24884,0.41988787,0.17803717,0.15553159,0.69446063,0.3573737,1.8022784,0.15470585,0.077838,0.0,0.31949833,0.12812518,0.0,0.4860782,0.9810416,0.81612563,0.43144596,3.7322257,1.446445,0.2905387,0.9026128,0.7505825,0.4815764,1.0518346,0.003486978,0.14490293,0.3218404,0.85487723,0.28253636,0.014749695,0.1678964,0.39170152,0.9125525,0.040929273,0.55535406,0.21043713,0.14769872,0.9670577,0.2571355,0.29364672,0.017066004,0.20853572,0.08809663,0.03832127,1.7408378,1.587011,0.30341232,2.0558827,0.8618073,0.2647626,0.4721554,0.507437,0.0483326,0.93840617,0.41871694,1.0758628,0.27341652,0.20719554,0.6631043,0.32977465,0.2872761,0.33355135,1.7140528,0.7422974,0.2591239,0.4341214,0.1327476,2.4481452,1.8451688,0.03266014,0.21138059,0.33072826,0.08427818,0.0,0.45396727,0.74099296,1.9176961,0.28893226,0.26624316,1.239979,0.6984139,0.50924295,0.87477416,0.412322,0.036072843,0.71024245,0.08395018,0.027995009,1.7578062,0.9570042,2.1051433,0.13470507,0.17981762,0.3437133,0.045101218,0.26234093,0.29216614,0.97784764,0.33414385,0.086264275,0.04946002,0.07198714,0.024428328,0.6460212,2.4793537,0.7679705,0.12891375,0.12970473,0.14373347,0.96202356,0.28634593,0.5517124,0.2245634,0.55035144,0.45529193,0.2364518,0.13221078,0.32099462,0.033416107,0.24294592,1.1484497,0.16291714,0.035945132,0.0,0.49089563,0.15147844,0.04501529,1.010017,0.80892944,0.3560032,1.2031024,0.08783068,0.0,0.37510094,0.17228508,0.1231383,1.8547288,0.23750454,0.46455464,0.89511937,1.5618196,0.23500636,0.1823556,0.308135,0.003542393,2.0538588,0.022437545,0.55876553,1.294221,0.5247981,0.0063434327,0.015925584,0.022420947,1.4491518,0.0024911768,0.73454195,0.53639126,0.6791257,0.81487375,0.85242087,0.37521297,0.50263375,0.34296829,2.442666,0.11604046,0.45704725,0.16351086,0.12467387,1.7078227,0.0,1.01304,0.4696026,0.7055845,0.09047661,0.044917338,0.5196319,2.9076095,0.5730234,0.10676919,0.00069519813,0.27831388,0.0,0.05704519,0.28978583,0.4115396,0.15017636,0.48052144,0.8534921,0.31895104,0.28375506,0.15273294,1.3493168,0.60243016,0.38769403,0.54793143,0.17312025,0.72134167,0.28405043,0.10046104,0.65192086,0.017962316,0.11817476,1.1294819,0.18243846,0.08541455,0.9141867,0.32626382,1.8408246,1.6404983,0.023839176,0.07739342,0.3580864,0.058920816,0.2281802,0.89324236,0.49391097,0.03321014,0.010200942,0.0,0.2873244,0.8042873,0.08426714,0.00019688872,0.41887626,0.33143413,0.79342324,0.4444668,0.5711126,3.966688,0.29791886,0.56367266,0.0856311,0.20741288,0.64937794,0.6597942,1.6981741,0.10905754,0.100901574,1.0911479,0.0,0.0,0.597229,0.1442651,0.7919931,0.46006858,0.37119395,0.72650427,0.5931265,0.67027646,2.1210845,0.18876345,0.3267367,2.0236225,1.2975512,2.5707712,0.07501339,0.23053591,0.5479193,0.72818446,0.2532845,0.073473506,0.6608636,0.75184155,0.08252504,0.014984284,0.77123475,0.61508405,1.1889079,0.27193448,0.7508082,0.047807686,0.10212726,0.42662328,1.2417549,0.13339004,0.40333712,0.37519622,0.3123669,0.82757676,0.6948351,0.4976304,0.031384967,1.8721527,4.2657285,0.62373614,0.03274765,0.7686841,1.8687359,0.43540275,0.20295617,0.37642148,5.432977,0.6618078,0.10202147,0.14754531,0.37324437,0.11589531,1.1102955,0.19466524,0.24207608,0.5422546,0.1331113,0.11829274,0.08832694,1.3350013,0.5336955,0.03379167,1.4752132,0.5267102,4.052093,0.39663938,0.32319754,0.08816539,0.35998064,0.22609681,0.9496348,0.09829137,0.034660704,0.04420401,0.44308287,0.12181802,0.8429333,0.193428,0.47511977,0.6622027,0.31569457,0.40941536,0.36302236,1.7335638,0.07913988,0.3892865,0.24072106,1.2412945,0.3345642,0.23118362,0.18701701,0.79647446,0.37553447,0.36709243,0.3748921,1.566112,0.01141606,0.2739879,0.21264917,0.8442442,0.048989058,0.063074745,0.0036173433,0.27182445,0.5363923,0.02842488,0.62195915,0.2959062,1.6229827,1.4926409,0.5809848,0.71974975,0.35609308,0.21423155,0.29271856,0.08247945,0.8327213,0.78180724,2.798118,0.2699075,0.1764265,0.33871213,0.8970975,2.9804804,1.3972164,0.5991548,0.67107224,1.2910535,0.4438039,0.81978583,0.11224928,1.397082,0.013219194,0.61369294,2.3561044,0.7678661,0.111293204,0.41317683,0.37555096,0.07595632,0.5340694,0.4691346,0.53722924,0.34400684,0.4950397,0.10206748,0.3841679,0.25004178,0.081858106,0.8866328,0.30362526,0.027205516,0.36706448,0.3714616,1.0676804,0.048546683,0.49032632,0.87933755,0.9075051,0.01427082,1.5058688,0.2838802,0.1107557,0.18471424,1.4579724,0.016983818,0.057458535,0.1612235,0.63405466,2.525464,0.88041264,0.08545723,2.552517,0.33688217,0.17407978,0.14522593,0.050841063,1.0900999,0.72842455,0.08984993,1.9994408,0.6073451,0.53837883,0.49681386,1.2756265,0.9601884,1.4415962,0.42303914,0.37075123,2.53781,0.3555497,1.1731465,0.47393525,0.106572285,0.9459677,0.0,0.18894808,0.19720162,0.21427405,1.9556296,0.10995084,0.6693675,0.0043047243,0.34483987,1.022561,0.15889281,0.14973414,0.18399522,0.32373294,0.35769296,0.3356762,0.042564597,0.12615073,0.92502826,0.76924473,1.8218979,0.20758738,0.17667174,0.027264215,0.23072706,0.0,0.24564873,0.110549614,0.0,2.1590798,3.178594,0.27207544,0.706275,0.0,0.43250912,0.4289583,0.046569504,0.36421293,0.8658447,0.40245056,2.177196,0.0,0.11971249,0.32802978,0.60105205,0.46323922,2.0009124,1.6571935,0.089296624,1.4495,2.2612844,all_pothole_images\pothole_images_new_image_1056.jpg
0.43198946,0.97650915,0.112679206,1.2018169,0.36534452,0.12903517,1.2759929,0.0,0.5432719,1.4313563,0.6136759,0.32909244,0.08086683,1.0368942,0.085409105,0.62411994,0.08678128,0.45633972,1.0262586,0.55154365,0.756733,0.35096717,2.2820683,2.4218178,1.1239161,0.16131957,0.05654952,0.954445,0.052464236,0.68898165,0.14664939,0.39711446,0.2347044,1.1461316,0.30754668,0.6397428,1.5033133,0.33740538,0.6261449,0.27470478,0.04437959,1.3486305,0.418705,0.39086968,0.36290604,0.34643096,0.35987434,0.3873933,0.0276781,0.0,0.68439204,1.3551896,0.14807709,1.234175,0.62919825,1.3911425,1.0292729,0.6665807,0.45355192,0.0548794,0.25627515,0.95163226,0.28629792,0.5180344,0.50578845,0.7247216,0.99955964,0.46170923,0.05312174,0.11733808,0.5364165,0.4625054,0.23506464,0.05603333,0.24903896,0.508831,0.02423481,0.7035929,0.04096019,0.36087418,0.6983792,1.7483747,0.16855456,0.5389132,0.29574272,0.70500183,0.02246426,0.03046507,2.1275942,0.75405663,0.044505827,0.35939625,0.0,0.024854358,0.3372472,0.013033208,1.8696417,1.1059388,0.036124896,0.4701063,0.061704874,1.8067029,0.38331285,0.24316776,1.5158788,1.6762543,0.7000257,0.22442113,0.097512834,2.5138702,0.08783523,1.0000632,1.5955634,1.7070256,1.4581268,0.31243464,0.06474245,0.3129939,1.0435283,0.15018597,0.6589705,1.0859306,0.047962274,0.8965692,0.88505983,0.22594199,0.18218164,0.18198967,0.4636481,0.26115054,1.3919073,0.9255282,0.64163136,0.25636488,0.2245133,0.9222669,0.13666223,0.0,0.0,0.25003815,0.30230063,0.15747955,0.62248963,0.85201377,0.029684443,0.31847787,0.13841152,3.5353312,1.2554022,0.16931097,0.38211817,1.0063748,0.69139105,0.018911473,1.0701784,0.9963623,0.17957053,0.31575367,0.31254783,0.4487479,2.171247,0.60549194,0.009193976,0.5600597,0.27103135,0.33701926,0.31856048,0.18144551,1.895457,1.8654507,0.46460918,0.35281506,0.0017654106,0.27882886,0.6914472,0.5378736,0.30449522,0.009167407,0.020003758,0.13008049,0.03557883,2.0183856,0.3059958,2.2114105,0.9875067,0.41923788,0.025150912,0.6268883,0.7892142,0.8604046,1.161158,0.07066706,0.44379833,1.3440467,1.3875124,0.5294491,2.0293334,1.3549563,1.2311927,0.28398728,0.3600392,1.8325317,0.2885279,0.34120816,0.43863043,0.14687642,0.8373103,0.16703404,1.7991598,0.47930694,0.023751386,0.86803293,0.88210446,1.8019013,0.19947481,1.062938,1.1832865,1.0835915,1.3331364,0.094148986,1.5252868,0.43560824,1.2401448,0.64644265,0.95347506,0.00092663825,1.93208,0.044175453,2.1365993,0.7298084,0.39443886,1.4106244,0.9804186,0.21009992,0.538737,0.032114916,2.122126,0.50838536,0.26891482,0.05541725,0.7841985,0.36115098,0.7618303,0.27864727,0.43197936,0.025394654,0.61044794,0.11545469,0.8092329,3.8691738,1.131615,0.86528856,0.04638801,0.14848341,0.09764843,0.05299748,1.1844351,0.40179607,0.14876969,3.164375,0.62665635,1.7243857,0.8505112,0.38466495,0.27569726,0.793614,0.5487384,0.36799183,7.309911,0.026534464,0.43329912,0.0,0.25702026,0.62976927,0.062856495,1.2334346,0.0341676,0.32821554,0.2392148,0.103768066,0.0,0.5661265,1.1477765,0.0023977035,0.058598317,0.19818528,0.97112006,1.2716916,0.47074127,0.22935049,0.2957821,0.18898469,0.06708499,0.46190012,0.82011926,0.2261132,1.1574234,0.17212416,0.06316654,1.0774708,1.0402354,0.35302433,0.47713178,0.14248796,5.333751,0.3676767,0.4122706,0.028487647,0.008506271,0.06360025,0.7409771,1.6339896,2.6205454,1.4719906,0.6672023,1.5893165,0.0049671554,2.2247965,2.156884,0.18700199,1.9527665,0.06953344,0.6137008,0.16480212,0.8920221,0.13258319,0.61856186,0.044829704,1.0796491,0.24746145,1.6188214,0.012381153,0.08010327,0.713009,0.4891266,0.2346461,3.9382977,0.2487739,0.17331688,0.5253203,0.76632154,0.5615246,2.5985842,0.1468965,0.68150663,0.11974534,0.81647885,0.24961814,0.039228234,0.17245917,0.082688175,0.1410981,0.7730672,0.3229487,0.09245317,0.3831982,0.8779916,0.9749656,0.5341668,0.78311986,1.6497132,1.2284348,0.47503966,0.7280076,0.0033747992,0.04393562,0.3949599,0.010089156,1.2728497,0.22321479,0.5565331,0.4210798,0.23549297,0.8815273,1.7038653,0.25226116,0.609446,0.6319191,0.57137585,1.733917,1.1574918,0.098313905,0.08600687,0.7082201,1.5182258,0.06960357,2.4173658,0.15530993,0.69202864,0.8422255,0.05674431,0.23052286,0.39377657,0.17673044,0.0,0.28724104,0.8249045,1.2536047,2.158885,0.06405476,0.95769703,2.5672557,0.57033324,1.030984,0.9543593,0.14302157,0.62640506,0.24851719,0.5276738,0.1879357,0.1098749,0.47376662,0.6659656,1.280489,0.0008459605,0.55748,0.6272937,0.3900436,0.06846879,0.428917,0.64220464,0.9041299,2.7115226,1.6235455,0.8765587,0.058682505,0.7166746,0.559375,0.96963483,0.20292705,0.34805503,1.7987753,0.26978716,0.6799301,0.3579129,1.9952785,0.39685586,0.37898117,0.8027415,0.8029915,1.4422243,0.13498135,0.4024717,0.01140482,0.55853146,0.014472662,1.0377815,0.5551811,0.0657878,0.28912562,1.4227556,0.25241813,1.8437253,0.44036084,0.16739368,1.3923599,0.9072498,0.18609111,0.1737336,0.2030601,0.9259901,0.04752894,1.2024976,0.11237478,0.38679102,0.36095938,0.22124444,0.30596566,0.09968986,0.7578799,1.1467112,0.25768268,0.19427125,0.21284924,0.35313618,0.5260402,0.119735196,0.60357195,0.7870164,0.21275598,1.5045081,1.2096933,3.4784245,0.5556962,0.4863429,0.26136136,0.65976006,0.48024133,0.39042452,0.4217869,0.95908153,3.8166575,0.0185093,0.012193602,0.0,0.101562984,1.1745514,0.07580703,0.0,0.44971007,0.51320225,3.7386508,0.58196795,0.47583294,0.0,1.2264563,0.43432876,1.168764,0.42337066,0.9069555,0.18561035,0.0030953924,all_pothole_images\pothole_images_new_image_1057.jpg
2.2019105,1.107006,0.6576439,0.9010156,0.0026494437,0.42630908,1.2353114,2.1770465,0.8206383,0.6479558,0.6184474,4.864472,0.12706023,0.7241513,0.29197404,1.6539026,0.43638974,0.0,0.06567139,0.7315779,0.527171,2.609261,0.13424939,0.71132594,0.18834908,1.7786682,0.37067738,3.9852703,0.35148218,0.0,0.2931581,0.81110686,3.0321,0.6895066,0.69018817,0.9454341,0.9866225,0.7673215,0.40943477,1.0982149,0.062722854,1.8000292,0.632007,0.13804409,1.0226939,2.2719061,0.041407853,0.23192734,1.9034151,2.1678095,0.15988801,1.2921616,0.1768916,0.54414725,0.25257492,0.4416717,2.085917,0.002951264,1.1933042,1.1425261,0.67635626,0.1229498,2.6889143,2.0902472,1.6419857,1.56665,0.08873127,1.3905714,0.19279161,0.68743134,0.5258175,0.22404355,0.71578,0.39230108,0.7399185,0.5657663,0.12217967,0.15258442,0.3820778,0.29287001,3.8563797,0.14748852,0.20408906,2.2242281,0.8157056,0.00028898643,0.10569389,0.013014751,2.0865278,0.14291172,0.8921776,1.5837831,1.785698,0.79530317,0.6574146,0.004148256,2.914038,0.5852347,0.40436313,0.6450709,0.55826217,3.035762,1.2057084,1.5782034,0.9513988,0.120322555,0.7984477,2.487722,0.64265656,0.8223095,0.16016543,2.9359827,1.3302968,0.0652702,1.2093998,0.4607982,0.5899227,0.15649898,0.30452818,1.0056373,2.1004913,0.03144372,0.6245047,0.49443898,1.3124264,0.14224778,0.10565351,0.20252416,0.94169784,0.3826813,0.32533297,0.112338275,0.0042606806,0.6499306,0.6425012,0.8531301,0.07650524,0.23873895,0.55128276,0.17445165,0.5932498,1.9444755,0.20814966,0.008817694,0.96805,2.5390375,0.10084697,2.790143,0.7391647,0.10279227,0.026969396,0.13851593,0.020092981,0.15489389,1.8174735,0.030232433,1.359834,0.0,2.7477977,1.1132061,2.0057611,0.31153283,2.0812092,0.33472595,1.4667517,1.192724,1.0495951,0.34799603,1.9868088,0.118188746,0.6045092,1.8324518,1.0841432,0.7337858,2.201729,0.3967442,1.6819999,0.44749007,0.022886802,0.49513748,0.2191393,2.2097182,1.5621574,0.6336783,0.97552013,0.40626037,0.060491532,0.441476,0.013263742,2.6126463,1.3581222,1.319574,0.0,4.444054,0.40304163,0.7620624,0.17457663,0.8491926,1.7086809,2.9634023,0.3265592,1.3932999,1.165128,0.745396,0.0,1.2203605,1.0449549,1.221714,1.7403424,0.5649228,0.3146215,0.0757551,0.50345343,2.271563,0.0,2.1147923,0.672724,0.0013526877,0.010184539,0.631828,1.7848532,0.16570145,1.7366339,0.8399628,0.24947467,0.4426675,4.021797,2.7910178,1.2570689,3.513408,1.0713995,0.16320553,0.09135095,1.2124186,0.79936886,0.48404875,1.2888826,2.3589168,0.66249746,0.7571249,1.22662,0.56838286,1.902674,0.31558847,0.031848848,0.24042359,1.9236201,1.3257807,1.3074709,2.8222702,2.7384014,0.44444078,0.33050925,0.020309793,0.2803386,0.0,1.455918,0.043951366,1.0056043,4.7736683,0.62377787,0.30753794,0.911979,0.013002556,0.35243142,1.7472429,1.0520884,0.49104005,0.9582464,0.6016574,0.88675517,0.018987378,0.58322966,0.14803295,0.8914343,2.405744,0.67365694,2.515592,0.48195374,1.8892679,0.16195957,1.0361956,0.017269162,2.208217,0.421004,0.7706658,1.5657293,0.60823333,2.0252032,0.017087106,1.1520971,0.18720405,0.54865277,2.14375,0.8221003,0.10453318,1.1956494,0.10472995,0.73032075,0.40967745,0.024736827,0.06466772,0.005263394,0.9840495,1.191968,0.20386055,0.045791417,0.37254843,0.16087094,0.45170468,0.5687928,2.3714948,1.6469213,1.5873469,0.14197084,1.0177046,0.0038395282,1.5692781,0.1830616,2.2369425,0.33563843,0.012128247,0.2643078,0.19888453,2.1891935,0.36857644,0.0956743,2.0072427,0.7847377,0.58167917,1.7433088,0.7383555,0.01749004,0.5788909,0.4777934,1.3002871,1.9136106,0.3307176,0.32619983,1.4580699,1.8087641,0.67983663,1.3985993,0.5321306,1.9008237,0.00421736,0.3215498,0.86969614,0.33363473,0.35324803,0.017118813,1.3305206,0.14039877,0.6474747,1.4475552,0.22294085,1.979917,0.18471552,1.7404416,0.016120272,1.1811653,0.3850813,0.82911915,0.4124972,0.0,0.22032504,1.7236402,0.55417526,0.2774388,0.907671,1.8861196,0.15525414,0.6156795,0.059731804,0.41951525,0.62607193,0.6447695,2.8934886,0.058196675,0.6465212,0.48402926,0.13020037,1.1982231,0.9071327,4.770557,0.2983498,1.1408067,2.3867626,0.00018049782,1.9357885,1.1127391,2.089272,1.1346309,0.6070832,0.032097775,1.3813652,0.6060081,0.37697512,0.32553,0.5789791,0.905331,2.0573404,0.8326847,0.58374953,0.6082783,0.34763464,0.844013,0.8088571,0.25079024,0.18113638,0.010011668,0.23043372,0.09144779,1.4919505,0.5690263,0.36714023,0.53004533,1.075556,4.08452,0.6389695,0.9299017,2.810127,2.935213,1.8518119,1.1738526,0.7823903,0.7085825,0.14519179,1.8045641,0.76079124,0.029495642,1.5166585,0.37687176,0.89903444,1.6367004,3.4072227,0.8334007,1.7101432,0.3000279,1.7142673,1.6155838,0.7286513,0.28503153,0.04587951,0.32828763,0.78430533,1.2870412,0.5902308,0.24156296,0.09992154,0.5765771,0.54504395,0.6797387,0.93544114,1.3986063,0.4547697,1.3899595,0.72880185,0.3043249,0.10083645,0.63955975,2.7205443,0.013448415,0.141766,3.7604585,2.406693,1.5409648,0.23784672,0.2763338,0.48643228,0.32462254,0.30469745,0.30164534,0.52910876,1.6281407,0.24893892,3.006282,0.1969271,1.8304104,0.41974747,1.1175523,3.5588083,0.19457279,0.25376967,0.114090525,1.5079249,1.3521979,1.9450105,0.10968866,0.037695732,0.51549196,4.170815,0.3025682,0.0647878,0.22472721,0.48412508,1.1406739,0.84070104,0.14376818,2.9739354,0.55647,3.2728496,0.11349571,1.5211009,0.13751124,1.0304083,0.10624413,0.073202595,0.35523915,1.4199233,2.2126386,0.541614,all_pothole_images\pothole_images_new_image_1058.jpg
1.0824643,1.4427798,0.14420044,0.98268014,0.023538217,0.36019072,0.21686244,0.014811265,0.082295336,0.06103895,0.4426673,0.08901094,0.000516203,1.0380607,0.10196279,0.013963058,0.24152929,0.4962194,1.0812662,0.0962749,0.02457712,1.7273557,0.97872275,2.4614363,0.52054363,0.9390534,0.15682556,1.9940099,0.10907272,0.018570395,0.79521537,0.89614815,0.55031693,0.016172238,0.07607449,0.19312833,0.16281655,0.19909017,0.44853163,0.05504916,0.10922982,0.12971683,0.5340505,0.109693564,0.740112,0.28890982,0.18918607,0.48465264,0.1968112,0.27462932,0.25676125,0.65954155,0.65167177,0.32429677,0.49490386,0.37809846,0.90377194,0.11577238,0.26729345,0.44628224,0.25266647,0.26518762,0.41123116,0.4202708,0.3468825,0.88537526,0.36888427,0.5932505,1.4327357,0.3685424,0.3316707,0.6408289,0.07827873,0.16930048,0.058151584,1.4426737,0.016250582,0.24313867,0.4406549,0.24045093,0.02116143,0.20552616,0.32630196,1.5093992,0.28478917,0.346098,0.2194237,0.0,3.3971438,0.5700013,0.057827093,0.20860927,0.06070514,0.16377196,0.3379973,0.043770075,0.33673596,0.19210596,0.0047506467,0.6996127,0.021449763,1.0155697,0.6927831,0.77087235,1.3045757,0.11103221,0.09491301,0.1487916,0.3626483,1.5593314,0.20707646,2.0864096,1.531794,0.89478266,0.11253055,1.1505619,1.4050643,0.086219564,0.3209006,0.004305926,1.6847343,0.3871095,0.656892,0.09511998,0.30243987,1.71653,0.5110227,0.09665826,0.86474186,0.31768328,1.2369405,0.15104564,0.9049223,0.1537808,0.77769,0.65163505,0.22221842,0.11710383,0.098086454,0.439439,0.31409004,1.3103501,0.34867826,0.81383604,0.1682256,0.55753565,0.009279281,0.545129,1.5663366,0.53410107,1.1107792,0.7466935,0.0,0.29956478,1.2346704,0.013179128,0.0,0.3591371,0.0,0.8094498,1.6213796,1.6317475,0.13267829,0.93685544,0.3285944,0.14178035,1.5818585,0.025103144,1.0015675,1.1156857,0.3388029,0.25068918,0.035469525,0.06189967,1.6183716,0.3665496,0.62994677,0.00040005322,0.41158703,0.2324003,0.10303412,1.4259974,2.5872648,1.0730742,0.52724785,0.6298058,0.086520016,0.64344096,0.21932153,0.73280907,0.5243793,1.3007352,0.12862337,2.1717677,0.06519517,0.3204197,0.6455999,1.103691,0.07785507,1.5709708,0.49175987,0.31180614,1.8375143,0.2906217,1.6612829,0.41168702,0.18962492,0.1768164,0.67822915,0.37832755,0.69992965,1.1463577,1.0957078,0.012367504,0.47920623,0.7891202,1.2820429,0.28346828,0.6749979,0.23474962,1.638205,0.13836522,0.14486344,0.12163302,0.22284444,0.2510514,1.0294789,0.012766355,0.88322586,0.047118187,1.147891,0.19027361,0.66804564,0.35841298,1.1727315,0.099550284,0.70387876,0.7348636,0.20863476,0.0053967116,0.26207668,0.90019,1.2283142,0.1867152,0.103139736,0.035500746,0.5039876,0.120385654,0.7082808,3.6741095,0.1500526,0.19850314,0.6269168,0.0,1.3146749,0.025576193,1.0318514,0.024753733,1.7604712,0.6301949,0.13646218,1.2510365,1.0602348,0.07812086,0.028894087,0.5304532,0.64200455,0.11160728,1.0226904,0.8219709,0.48333526,0.07541128,0.040490896,0.7874113,0.9411887,1.4673605,0.11276811,1.1696093,0.16840832,1.2799689,0.31347683,0.04676093,0.9613445,1.2559105,0.98884636,0.13595352,0.4317883,0.5786986,1.0436301,0.031487253,0.67568177,0.64653444,0.037222944,0.7640465,0.6349147,0.32934594,0.5060384,0.0,0.04915983,1.0204222,0.09391549,0.6049752,0.0,0.44337884,3.965193,0.9397141,0.0,0.68918544,0.4310808,0.007039559,0.5250062,1.0496689,1.4780978,0.25138462,0.0,0.0066263117,0.206898,1.0210099,1.9991137,0.3053676,0.6160291,0.5578475,0.016387898,0.0016430651,0.5320868,1.7570745,0.3416734,0.6418824,1.1295079,0.57128555,3.442666,0.095943466,0.47238603,1.1337425,0.3653163,0.84284425,1.6648328,0.20752963,0.102299705,0.7207187,0.64294624,0.33465326,0.9084658,0.5745749,0.20685679,0.6390396,0.073318936,0.13961779,0.30843222,0.58756876,0.009319781,0.4813052,0.08531645,0.793119,0.09445425,0.08930543,0.013700529,0.9535762,0.2575762,0.3739027,0.010114892,0.21442771,1.0756562,1.3560897,0.3096359,0.08388561,1.6076741,0.110977374,0.1261149,0.30152524,2.233002,1.089195,0.27419624,0.17719841,1.9757049,1.2310075,0.1021837,0.7772606,0.026156338,0.09539099,0.09726381,0.49080825,0.21115202,1.0895352,2.699563,0.12314852,0.4264935,0.43433055,0.0,2.843605,1.046642,0.7487545,0.025410479,0.6849737,0.5221204,0.5303224,0.55638283,0.83257014,0.98048025,0.14093411,1.4487994,1.1139274,0.56255805,0.62043095,0.331478,0.35829267,0.94392407,0.18736039,0.0,0.8014964,0.26132074,0.29980806,0.3873172,0.38717663,0.15297621,0.08694728,0.7563905,1.3625906,0.6694173,0.18175662,0.74161583,0.8649211,2.5389924,1.9009346,0.0,0.077385925,0.05448172,1.4480664,0.17221883,0.19452564,0.22893953,0.15245612,0.5579992,1.2055578,0.18755019,4.756913,0.08119377,0.5486762,0.18209764,0.1637465,1.5369608,0.0121304905,0.12745164,0.042767387,0.0,0.0083970195,0.9913316,0.7997655,1.0819632,0.22299412,1.9102422,0.38707808,0.40695983,0.8370492,1.4612124,0.9747808,1.4278388,0.23066434,0.05130064,0.28404716,1.3717959,0.45762807,1.6827133,0.16696271,0.94150275,1.4723039,0.6226265,0.40600255,0.83123684,1.5567517,1.7865707,1.1836151,0.31193823,0.26924935,0.043784752,0.42839897,0.44140226,1.2329367,1.5975195,0.35710493,0.07524189,3.637588,1.103713,0.86894333,0.090799935,0.5263167,0.48494884,0.07885689,0.3466877,0.045107245,0.031060323,2.877864,0.37968025,0.010666773,0.0,0.009883092,0.46831122,0.38088188,0.07981363,0.08666316,0.28115454,1.1996052,0.021684928,0.76410574,0.073612124,0.35270837,1.1246134,0.8354004,0.5473447,1.001843,0.19721471,0.3806315,all_pothole_images\pothole_images_new_image_1059.jpg
0.0,2.0070877,1.7888048,1.1980865,1.1166614,1.0635756,1.0657192,0.7429104,0.13804899,0.7628513,0.24912436,0.8889498,0.4089895,1.0796372,0.0043534953,1.1189339,0.4460826,0.0,0.7199011,0.3052794,0.8179671,1.2561475,0.92582107,0.8076857,0.27571893,0.39779276,0.11679945,1.4621284,0.019852296,0.3912384,0.19601819,0.0351117,0.6190418,0.16770224,0.9349907,0.15706621,1.6867099,0.9802363,0.9322055,0.6349159,0.12689194,0.72790885,0.8681802,1.4630028,1.5517693,0.7137027,1.1907634,0.17400089,0.49161974,1.3737463,1.2320877,0.062213805,0.55739015,1.4075286,0.26563445,2.7165852,1.5426239,0.24734816,0.86800015,0.39939258,0.8531816,0.8429411,1.1679177,0.14970858,1.5487475,0.79256546,2.6259983,0.72325623,1.6186002,1.3766328,0.65987766,0.34499183,0.73520434,0.41536444,0.5560292,0.42536598,0.021588286,0.9590603,0.008776306,0.63522285,0.3076251,1.1043357,0.47683984,0.8429011,1.1450518,0.74545217,1.2018245,0.09008744,3.6389115,1.044437,0.30042857,2.4402316,0.46545854,0.66414875,0.7576062,0.41395596,0.10042525,1.485307,0.14130089,0.56566083,0.49759385,1.6019589,0.91936034,0.63528055,0.5172578,0.8249967,1.3390279,1.6560192,0.5106305,0.90444857,1.6041967,0.82947695,0.44889814,0.53493863,0.9640152,0.88616943,2.2669742,0.87973,0.93857336,1.74916,1.1092997,0.30243036,0.39739755,1.1680821,1.0532188,3.4006135,1.2225884,0.83855224,2.1751132,0.6376934,1.0426272,0.2384387,1.7964792,2.3872354,0.43566558,0.41459885,0.3458551,0.099268116,0.5350858,0.58587843,0.56811845,2.480538,0.76308346,0.5407079,0.0041627157,0.6534,0.747541,0.07740404,0.31212077,1.6482981,0.65609777,0.84816146,0.4894781,0.13980392,0.29325712,0.19592884,1.0868344,0.18232629,0.1820359,0.072535224,0.9543684,0.19509704,0.38514853,2.995641,1.5644373,0.40417293,3.2407484,0.04666928,0.0,0.25312006,0.42522052,0.2190568,0.24022461,0.82957643,1.2189504,0.1000663,0.02389803,1.1564233,0.49348468,0.46936443,0.4949934,0.70573515,1.9132861,0.7744161,0.84345424,0.3714834,0.6030573,0.3627424,0.267672,0.4474086,0.05309747,0.8547142,0.22164434,2.3020465,0.122281946,0.19240849,1.3034033,0.63027495,0.042261254,1.0305607,0.929271,1.1760269,0.48662445,0.068227686,1.1081465,0.5167936,0.47397792,0.14699371,1.8222351,0.21091177,0.79906815,0.75817853,0.08099989,1.0880904,1.8718729,0.8793978,0.8912454,0.096820556,0.95856845,0.14493996,0.8601039,0.92264134,0.022066204,1.0332077,1.0415348,0.64880127,0.10836787,1.2571037,1.9377128,0.32962412,0.011200342,1.6583371,1.269332,0.10132069,0.540155,0.9044927,0.33657742,0.1777069,0.0008764811,0.7164867,0.30381057,0.3566134,1.0379956,0.78353196,1.136739,0.33775088,0.2971475,0.040990517,0.98546845,1.8432511,0.89323306,0.8256501,1.0610312,0.022846006,0.6932122,0.9368767,0.22298306,0.1250914,1.1346862,1.1809795,0.137008,0.91640437,0.12669826,0.4495915,0.69605166,0.34129512,1.1868316,0.6254519,1.3875935,0.11767642,0.63829726,0.18523796,1.4086782,0.35265064,0.0,1.2496583,0.84659654,0.6178837,0.23568384,0.5791862,0.59209466,0.7944104,1.0501263,0.59439754,2.1401324,0.16421226,1.1713462,0.16859661,2.2547922,0.845855,0.36783388,1.580888,1.2088397,1.3141617,0.60692006,1.1014192,0.48599488,0.45091364,1.4776524,0.41419578,0.28283396,1.4405863,0.19880307,1.5874187,5.356346,1.4535,0.10426464,0.26357794,1.934727,1.2897376,1.1841792,0.6188958,5.0463285,0.95432216,0.15550826,1.8087248,0.33900267,0.13330051,0.4371828,0.09042244,0.38326645,2.3484457,0.0366705,0.07596335,0.70112836,0.9563109,0.18781592,0.05446791,1.6003791,1.0923247,3.0310917,0.9330308,1.1727316,0.30200982,0.77534753,0.29039872,0.27392453,1.8739746,1.6436906,0.14340302,0.5297859,0.5901086,0.44411257,0.015191625,0.44220406,0.88317627,0.6855639,0.007056599,0.056116357,1.143517,0.33443996,1.054026,2.277649,0.44106323,0.30327758,0.37560275,0.012803531,1.6413163,1.2763366,0.7221487,0.91069824,0.63536495,0.76347053,0.6467535,0.21531458,1.1932001,0.92192775,0.6424343,0.9390536,0.15511528,0.4245632,0.32543913,0.4501295,1.4227266,0.48658732,0.9800354,0.75108284,0.20569696,0.09430625,1.7869153,0.08629158,0.65592635,1.9956025,0.17122124,0.8763416,1.5328287,1.2277664,0.36977845,1.6094402,0.8445028,0.44489172,0.22973372,0.29991582,0.7542451,0.16799763,0.3815378,0.62437415,0.5849865,0.21882683,0.2513853,2.9940777,0.9309287,0.2849984,0.8220589,0.2017161,0.19412018,0.37899134,0.17406923,0.37621096,2.6194031,0.8333697,0.4974408,1.0402684,0.1585927,1.4665487,1.605468,0.5656207,0.4903744,0.3886732,1.0618244,1.4233551,0.4993498,1.8146683,1.8435096,2.055488,0.08847113,1.7564619,1.0005528,0.94746184,0.5114742,2.5593152,0.16773182,0.7361219,0.47632822,0.7419363,0.56797117,0.48716226,0.52454245,1.1166734,0.4832091,0.44839445,1.0111115,0.0,0.42047554,0.25252715,0.9797235,2.8484864,0.8419627,1.7291831,0.6958799,0.4031807,0.08435416,2.5028167,0.3317653,0.3875438,0.2865549,1.0453016,0.8218446,0.51622015,0.6094574,0.761772,0.1849448,0.6115027,0.19182675,0.3693159,0.93357986,0.6558116,0.39501557,1.3267293,0.8391912,1.1093198,0.3988771,0.19638368,0.02669121,1.8051082,0.40523332,0.545485,0.12641285,0.4024692,0.06972584,0.15522034,1.2475097,0.6793873,0.12506333,0.04178357,0.28142232,2.0066078,0.34058285,0.2264732,0.40257862,1.4210622,1.787305,1.1374577,0.66589165,0.0886471,0.32939887,1.404458,0.52974576,1.3745521,1.5462463,0.2344342,3.261765,0.13157916,1.3907427,1.5221248,0.2848552,0.060268342,1.4899634,1.7262086,0.1234111,1.064484,0.7949423,all_pothole_images\pothole_images_new_image_106.jpg
0.5847638,1.008409,0.6098771,0.60372543,0.072219215,0.265324,0.14918648,0.0,0.41083336,0.92585516,0.023697633,0.6081511,0.3653618,0.5573024,0.057299804,0.5653478,0.29190603,0.0002692737,0.90784466,0.030111283,0.3781085,3.6916404,0.41862035,0.8972026,0.38387528,0.075787105,0.108964995,1.2419692,0.10069408,0.33422577,0.6088062,0.0060297977,0.16398253,0.4672111,0.65256,0.28950834,0.3654598,1.46093,0.20926446,0.5914681,0.34561017,0.33851346,0.23502906,0.82139254,0.87482995,0.0034057095,0.40702885,0.0,0.6433759,0.18888158,0.9586993,0.14635621,0.47067413,0.77836996,0.10070624,0.74613833,0.4172327,0.08996362,0.4274578,0.14735107,0.10984093,0.51474696,0.30558485,0.19561383,0.4018095,1.2719146,0.42090583,0.19070451,0.47688407,0.56869465,0.41653726,0.34639442,0.3774716,0.13428518,0.07237254,0.5391113,0.056280535,0.20000802,0.06203706,0.11605464,0.056216795,0.023750918,0.14463824,1.4379741,0.42463294,0.8580768,0.009090697,0.6668232,3.112008,0.78536516,0.079701886,0.14655992,0.26545748,0.14194873,0.00013434715,0.53905785,1.2414471,0.8809243,0.42554918,0.053483088,0.19922303,0.17276065,0.47197163,0.12910399,0.06312643,0.87890327,0.11518996,0.012564498,0.06752481,0.36855474,0.010671056,2.5781662,0.06669324,0.046106007,0.28174672,0.6115394,2.4325614,0.6449688,0.83071744,0.5502866,2.4676735,1.121398,0.37120414,1.4857129,0.06736435,1.1097758,0.40190968,1.0363339,0.16475731,0.37322605,0.18097644,0.03791843,0.8692132,0.23554742,0.73039913,0.30012068,0.16538171,0.16600335,0.5425243,0.12638989,0.12477416,0.42848453,0.0,1.0703044,0.09042698,0.2710718,0.25734916,0.12118619,0.38737556,0.88815945,0.48075593,0.09076656,0.19762327,0.46154076,1.4907646,0.28662008,0.27022412,0.5340343,0.3349589,0.31294194,0.54466116,0.7913659,0.027422257,3.1353023,0.011602298,0.25299007,0.5902962,0.011857431,0.40967688,0.7642787,0.019514276,0.056485772,0.17465407,0.025382806,0.5748063,0.011728096,0.36787134,0.012171726,0.20125128,0.31318587,0.03399384,0.5707703,0.27197713,0.6070768,3.1656487,0.8520921,0.56960243,0.23396519,0.5593842,1.0071601,0.069332086,0.1758922,0.23462972,1.6245602,1.0264277,0.021819286,1.0793902,0.5853425,0.48588514,1.1404879,0.207056,0.7642248,0.28737766,0.42034292,2.9548216,1.0990064,0.5615251,0.24225149,1.5944204,0.88198054,0.043170072,0.3774468,0.71925163,0.2386425,0.15045266,0.48287284,0.10231009,0.277019,0.7412242,0.0011637858,0.4160341,0.8477039,0.047995556,0.79887044,0.22739433,0.6969422,1.344226,0.100942515,0.83140826,0.08673714,0.023636393,0.47522202,0.5885826,0.054074556,0.3452418,0.40752393,0.46125293,0.0,0.10261425,0.115528174,0.82770985,0.10439439,0.019867217,0.4371529,0.058723833,0.0025068333,0.5389993,0.12088662,0.326527,2.4582183,1.9623338,0.027221859,0.08549494,0.06963135,0.5260138,0.16479698,0.32494575,0.2957995,0.53026646,0.48532447,0.32765424,0.09227309,0.13584413,0.80696255,0.43532264,0.42430955,0.43322074,0.76112115,1.2008888,0.73864037,0.13766769,0.2909491,0.040950425,1.2846456,1.3634987,1.3023887,0.50276697,0.28830162,0.13553765,0.4884561,0.55240816,0.38710773,0.6437749,0.19211756,0.55306625,0.47745723,0.4091866,0.8166756,0.050428756,0.57636195,0.13300143,0.039583758,0.29788503,1.5200206,0.1324918,0.27074438,1.0435379,2.1243947,0.26968518,0.34990185,0.46714425,0.71395797,0.037644442,0.51293725,3.7407963,0.4805156,0.102963395,0.77084535,0.06051586,0.19999799,0.03431296,0.5447317,5.8199286,1.3949137,0.0,0.33161327,0.20425183,0.5481033,2.0580778,0.2115329,0.94226027,0.21895525,0.17298177,0.105561115,0.084391125,0.79276973,0.79313815,0.067128375,0.43398887,0.0,4.8891196,0.11609298,0.008450464,0.015078868,0.021755567,0.31323588,0.15260673,0.060840975,0.12602477,0.0030939903,0.71263045,0.3668698,1.8877324,0.008124629,0.059731744,0.2818118,0.052558284,0.37300035,0.15362123,0.9621012,0.3896595,1.3779689,0.0921041,0.6508568,0.24022506,0.10164802,0.74786764,0.96400565,0.39150736,0.9608512,0.1930375,0.08077305,0.7428012,0.032209866,0.45908105,0.9618808,1.4180679,0.121147834,0.20317988,0.0,1.1999695,0.39527872,0.37142476,0.21526396,0.8723649,0.9375883,0.71448904,0.6580544,0.047631733,1.3742775,0.065717995,0.011250632,1.073924,0.31900138,5.1051526,0.40381598,1.3516766,0.29645362,0.38577867,2.9750571,0.76365066,0.6873192,0.023262335,0.058669955,0.63252693,0.1642404,0.42362103,0.7430205,0.47166878,0.28155264,6.5726304,0.31110516,0.30250174,0.17071953,0.15133871,0.13615035,0.2573761,0.310162,0.11230184,0.21827331,0.28618056,0.3747851,1.3791372,0.61715513,0.145835,0.053352363,0.714254,0.40622935,0.03852279,0.461421,0.21481669,0.24793625,0.7603371,0.56123763,0.37163296,0.2758253,0.027050748,1.6781491,0.32656762,0.22307466,0.41637677,1.3478073,0.57897186,0.42089248,0.30773872,2.9244192,0.9168053,0.46021098,0.23781587,0.6443079,0.06563099,0.3255401,0.31145993,1.2214886,0.2746402,0.14464898,2.5215302,0.14952177,0.17073803,1.1529082,1.0579752,0.4959885,0.7037761,0.3493378,0.8635562,0.8052394,0.5692168,0.7422801,0.4306777,1.2376802,0.2675286,0.20414515,1.5474795,0.00086030475,0.64982194,0.7848479,0.1213371,0.13573818,0.718471,0.10698466,1.3556956,0.37913516,0.046486124,0.010768799,0.70186794,0.061511282,0.069149494,0.65126306,0.36612207,0.080580674,0.10139332,4.187274,1.2009238,0.19445495,0.0,0.07853679,0.959981,0.017112488,0.4860516,0.25479785,0.8102301,0.5884357,0.051397078,0.21892163,0.011503855,0.07492444,0.00069411646,0.3855267,0.049163505,0.14407873,0.11615262,4.405443,0.3100417,0.3401838,0.7640078,0.59213567,0.030460536,0.30645728,0.81746674,0.5786694,0.10335293,0.045853056,all_pothole_images\pothole_images_new_image_1060.jpg
0.23063484,2.0914667,0.40858287,0.41793185,1.513272,0.5684794,0.065559976,0.25165087,1.3663143,0.34272972,0.9090864,0.042537443,1.2044497,2.0020306,0.40490532,0.40057108,0.0,1.0317285,0.009656715,1.4372051,0.0914559,0.90540063,0.76709235,2.4381673,0.1409213,0.09293082,0.13363755,1.9151627,0.0,2.8123982,0.18810408,0.622074,1.0220133,1.2174728,2.5034077,0.34967336,3.3945565,0.937997,0.2521925,1.1790377,0.9878348,0.9663498,0.9164732,1.426428,0.44830924,0.00039532385,0.23140708,0.22337987,0.19038159,0.88369375,3.0681744,0.5222984,0.43395373,0.4935419,0.69649535,2.704297,0.32904395,0.0,0.70450944,0.49531937,0.41311303,0.120798394,1.623745,0.4534853,1.260055,0.6038644,0.8456028,0.20200667,1.1578243,1.5293711,1.3041747,0.29327217,0.00063317094,0.44705963,0.054289017,0.001074072,0.66750675,1.2168373,0.3283966,0.34900227,0.38565502,1.7315145,0.8550418,3.2737432,0.31847584,0.52042097,0.06728429,0.016306257,1.7228073,0.11255142,0.43055478,0.37128398,1.4867195,1.1109289,0.35689038,0.2550209,1.1882817,0.11217114,0.1831184,0.3139905,1.8502138,1.1196357,1.8409871,0.30483225,0.3342907,0.882649,0.8191559,0.5301104,0.22827253,0.77399623,1.4126022,1.4728054,0.6829125,1.019866,2.4951491,1.5915141,1.219237,4.7977037,2.0960457,0.8164346,1.2496587,0.0526678,0.88446945,0.4333607,1.6346316,0.01177121,1.2931187,1.2295916,0.22529843,0.8904503,0.4477866,1.2630413,0.05838014,0.05996379,0.7602209,2.752921,0.4555822,0.561848,1.1170087,0.29614928,0.5818411,0.051996686,0.3649901,0.9668696,0.30243936,0.33502337,0.07574774,0.05358049,0.25942904,0.1397218,0.49968332,1.0627787,2.4448276,0.06895543,0.023839707,0.815626,1.3322418,0.32376823,0.017157407,0.6411744,0.38532272,0.0,0.5964448,8.657326,0.2723771,0.10926114,0.92292815,0.051256597,0.6713306,0.28130955,0.3404698,0.07808509,0.31678027,0.11944998,1.091218,0.3572664,1.0770861,2.170447,0.07138608,0.32809845,0.025986603,1.3999138,0.21282168,1.5444446,2.9997451,0.19277604,0.8862119,0.37241605,0.5321676,0.07723018,1.0387886,0.036309835,1.3669326,0.83871305,2.0605447,1.4423364,0.83249295,0.5509295,1.2339103,0.27681637,0.06992688,1.1467389,0.6629009,1.1041898,1.2056594,0.0057729925,0.34455264,1.0625958,0.29509714,1.1626897,0.0,0.121759,0.1548019,0.466802,1.84616,0.05820646,1.5933756,0.66216123,0.17067981,1.9087664,0.12797603,0.8846148,1.0105168,0.11362264,0.1324034,0.81899214,2.2374003,0.65246594,3.4085982,1.1608961,0.038566522,0.6485429,1.0406514,0.36245996,0.48133063,0.0,2.358146,0.6674492,0.13345428,1.4200007,1.368712,0.43045908,0.15371348,0.14516856,0.65422934,0.5064111,0.19623776,0.18645161,0.55794257,0.9969801,0.9398571,0.19330618,0.04365409,0.15133062,0.2395155,1.0122446,0.2875234,0.052149393,1.0075321,0.4478525,1.5441443,1.3943305,1.4498883,0.32996053,1.0072641,0.3225006,0.12120037,0.68142474,0.33939672,0.3689964,0.73632455,0.0,0.7668372,0.23595893,0.802051,2.4879694,0.6067327,1.276313,0.1517618,0.053453237,0.7088428,2.179218,0.7511106,0.0,1.6774678,0.763177,0.2617838,1.0740094,1.093845,1.5310936,0.029208222,0.6599877,0.20669968,2.3149567,0.44186306,0.3184784,0.85910493,0.5798063,0.42075336,0.9397136,2.5886545,0.08708922,0.80865324,1.1138377,4.42519,1.1142819,0.710968,0.793222,0.50352764,0.040138904,0.06285447,0.19694719,1.3638989,2.2229805,0.19593094,0.61713254,1.1556368,0.11384414,2.1902525,0.61805856,0.04917709,0.053241543,0.5708024,0.23507847,1.7093214,0.5372533,0.8778394,0.8121358,0.30749363,1.1645935,1.7563585,0.6046208,0.33618322,1.0172061,0.26314303,0.5891002,0.3055184,0.6298589,1.211557,0.5164917,0.6930402,1.1443288,0.120166056,0.5931095,0.40644735,0.09843431,1.1497922,0.6190077,0.850104,0.43230462,0.4337113,0.018940663,0.12874055,1.0029876,0.76999676,0.4375453,0.08448951,1.3637406,0.05116024,1.0327988,0.4589709,0.32419991,0.26451918,0.19263019,0.24237172,0.3000234,0.32514492,1.8857638,2.9103293,0.49425945,0.7670143,0.322959,0.32849112,3.9705658,0.6369635,1.8909793,0.16097473,1.3557408,0.11940748,2.8893762,0.7532591,0.32112807,0.16854784,0.10713631,0.5914668,0.8069581,4.5526977,1.9998832,0.56963336,1.4946423,0.7017106,1.0377339,0.3246611,1.1952597,0.37058568,1.3467699,0.050062586,0.31735083,0.4724597,1.6621197,0.70104814,0.13222773,0.22352608,0.2245488,0.8529381,0.0,0.6856927,0.14203054,0.6334406,0.7107384,0.06147937,0.020956645,1.0634441,1.0893503,0.2594607,0.6421467,1.3257159,0.6082634,0.5860108,0.22632582,0.4536944,0.66923916,3.1953728,0.32859096,2.9923847,1.2412944,0.105200514,0.57459855,0.62060636,1.0784512,1.0403117,1.8786724,0.4093193,0.4081846,0.93815565,0.45645905,1.1065308,1.7377783,0.95286745,0.96671736,0.1638623,0.89747113,1.028751,1.3525339,0.085844964,2.1353564,3.5301743,0.090977825,0.4800717,0.06462737,0.47355556,0.3412397,2.238505,1.0669134,0.28763953,0.24396579,0.61735827,0.6026505,0.6129098,0.1010314,1.3174922,0.2043664,0.92499197,0.58777845,0.07869935,0.65774506,0.166359,0.5602689,0.24675344,0.16961123,0.0007408521,1.4773419,2.378216,0.5599101,2.6760204,0.21124607,0.5643651,0.53772587,1.3510951,1.7121501,0.15687175,0.74110156,0.31799898,2.115195,1.5565213,0.74234396,0.52883166,0.79850334,0.67244697,1.2935495,0.69112766,0.5678941,0.5806884,1.2568736,0.8366873,0.07492729,1.1596575,0.10887001,0.5658473,0.13358,0.6757282,2.5678108,0.38982308,1.7375989,0.6334158,0.96573466,0.0,0.49118355,2.3770633,0.0035619868,0.1758561,0.13790932,all_pothole_images\pothole_images_new_image_1061.jpg
1.0082254,0.7527398,0.2594965,0.67292285,0.06328275,1.2746423,0.50436634,0.16728343,1.6440171,0.38408884,0.603198,0.48576188,0.58723974,0.059020367,0.29933032,0.16610421,0.5995933,0.4710273,0.19636026,0.05724534,0.024876377,0.2375406,0.1946382,0.3705097,0.021177605,0.27563322,0.08864612,0.3139913,0.057754215,0.03239955,0.29524562,0.028923437,0.7538118,0.4370765,0.04991905,0.64201313,0.06718685,0.06689078,0.23666619,0.14656818,0.24845882,0.8604996,0.26558015,0.46090952,0.6586241,0.64372236,0.71869975,1.0595589,0.28910398,0.1910897,0.4415582,0.35754535,0.2679584,0.08449355,0.8058575,0.6995728,1.1061605,0.26952997,0.3253547,0.33539134,0.014305169,0.0,0.46321353,0.0083907265,0.9886976,0.17383131,2.544206,0.2545222,1.100102,0.7310734,0.25530118,0.27172723,0.5931844,0.37948483,0.05094347,0.6756266,1.288507,0.71574324,0.2912015,1.2946477,0.0,0.863894,0.8112356,3.3194647,0.28963268,1.5729258,0.09051327,0.020985978,0.6170053,0.4951206,0.1365629,1.0308981,0.55147064,0.37325776,0.13848412,0.0054009366,0.15705867,1.2045071,0.17054783,0.0,0.07285139,0.0071733203,0.30817863,0.60018265,0.37688017,0.15932201,0.67357975,0.015571246,0.080896616,1.547883,0.7781171,0.7232839,0.52252483,0.029483527,0.0,0.3118328,0.642549,0.59430295,0.611529,0.044648696,0.4520718,0.21945998,0.015826037,0.62663406,0.71340233,0.9114406,0.9163732,0.58216995,0.5964824,0.22227983,0.08297815,0.8714758,0.2658819,0.5053096,0.11680268,1.3785601,0.06550267,0.41757298,0.08541978,0.47463483,0.07906037,0.11679024,1.2628834,0.09689423,0.05796651,0.0058104126,0.009753783,0.9486031,0.26414317,0.19140093,0.70569396,0.08333553,0.3610919,0.0875727,0.061403308,0.3823296,0.41520214,0.0044785095,0.26901793,0.46566918,0.26365253,0.24751994,0.55023825,0.014936186,1.2529225,0.0016464769,1.5257955,0.0,0.4538807,1.0155023,0.59917754,0.8751544,0.07429188,0.40854472,0.9887436,0.14177194,0.7426252,0.4154441,0.33463076,0.07256264,0.029133474,0.004953703,0.517758,0.6828646,0.12180659,0.098831035,1.474641,0.19424668,0.18408217,1.848372,0.24682236,0.1659248,1.1753725,0.5660552,0.5391899,0.0,0.37284666,0.7848664,0.59675837,0.0,0.00015862256,1.2659798,0.04258655,0.11522434,0.27129352,0.23219821,0.37707558,0.060756326,0.29241994,1.1888992,0.20279865,0.5200297,0.5970044,0.0002792612,0.28614,0.5839689,0.33052048,0.0,0.0071103103,0.87016183,0.037989035,0.40708756,0.3317271,0.5642514,0.104678445,0.0,0.74484545,0.60382813,2.6337035,0.15201403,0.024548216,0.8800614,0.032780472,0.9159186,0.41259295,0.12366575,0.54308444,0.13010113,0.0,0.124518305,0.0,0.25822854,0.0,0.7698514,0.13302097,0.33465868,0.46512565,0.04098662,1.1841804,2.3165028,0.5213202,0.13299236,0.30328822,0.035358403,0.28074586,0.07148864,0.31633627,0.5762806,0.8738468,0.72770077,0.08002864,0.08487294,0.2151342,0.25329253,0.050991353,0.2197531,0.6479592,0.37717012,0.71207887,0.0077807596,0.9331009,0.032521766,0.14948504,0.2199346,0.03155303,0.9691669,0.058394298,0.28597686,0.48605222,0.3915753,0.5631152,0.4774444,0.0028236015,0.018133126,0.29896736,0.018350072,0.8667842,0.0,0.93449104,0.007379184,0.56865364,0.24676083,0.4687972,1.5507946,0.8898446,0.034191217,0.0,0.42724052,0.3665327,0.9774042,0.0,0.4549888,0.509796,0.3168301,2.9070222,0.6317126,0.24152897,0.7186979,0.17057142,1.5662928e-05,0.3706686,0.16334054,4.846125,0.27051982,0.05751279,1.1555569,0.3879572,0.30935442,0.6236866,0.80260336,0.70891476,1.1983664,0.6917661,0.1662376,0.09914975,0.2567492,0.6025278,0.6382103,0.1274394,0.4597847,4.369773,0.7072732,1.037155,0.060636543,0.108519495,0.12739448,2.3022802,0.017788157,0.576743,0.11954082,0.4433337,1.1189936,0.7512615,0.4079062,0.66432524,0.029960476,0.07101032,0.22761469,0.16126998,0.23313287,0.023994114,1.9910758,0.5713951,0.40286413,1.1810704,0.9714802,0.42591518,0.16425532,0.016575824,0.43932498,0.46668947,1.3322575,1.1237602,0.582055,0.057940334,0.89573854,0.21589711,0.0050073704,0.8515994,1.2191901,1.4295834,0.28661397,0.2593799,0.17587891,0.7619677,1.1223477,1.39328,0.6581243,0.2817947,0.14190082,0.08504512,0.036207095,1.8440202,0.43537936,0.6975484,1.5231068,0.65444475,0.117293805,0.6792695,1.0376773,0.6388648,0.2243833,0.2694175,0.13556743,0.1246764,0.036607224,0.27227467,0.020511739,0.9575788,0.044224583,1.3635367,0.032942645,0.66239315,0.47890785,3.9302735,0.25709805,0.4450782,0.1899951,0.017906906,0.0075143916,0.24673294,1.544892,2.6092412,0.11428382,0.06705538,0.11820138,0.5158471,0.045502745,1.357164,0.14073633,0.015878428,0.40072852,0.23180173,0.20192604,0.68865633,0.35324255,0.269927,0.009775931,0.21186468,0.8863719,0.7957078,0.70366085,0.6406062,0.20426422,0.016211957,2.2875583,0.65423834,0.67985976,0.53166544,0.18358393,0.2438413,1.145691,0.23482628,0.49594662,0.422794,0.12293123,2.1172416,0.010140798,0.020427862,0.08709609,2.6445305,0.5875685,0.75119984,0.37066752,0.6629543,0.8925388,0.11849945,0.8308312,0.07426594,0.8605643,0.36948526,0.05706807,0.34262675,0.5262789,0.15816145,0.4286826,0.6418134,0.31022036,0.1527152,0.9144206,0.32653132,0.3436314,0.22583257,0.06001411,0.25734088,0.9328355,0.60579056,0.17043877,0.6895758,0.9575351,0.18738464,0.5896528,0.6227042,0.40348974,0.9245275,0.84867585,1.0421476,1.0200963,0.34631628,0.34648934,1.055216,1.0763966,0.5294365,0.0124568865,0.023636693,0.14403878,0.056015596,0.30232558,0.32714835,0.7316625,0.016157681,5.9602804,0.016846772,2.1941485,0.88326746,0.61003727,0.11646072,0.2710043,0.25472558,0.23428166,0.28800023,0.26856044,all_pothole_images\pothole_images_new_image_1062.jpg
1.5683092,0.5060972,0.021447804,3.7713323,2.74625,0.21795298,0.82217544,0.52667063,0.14590392,1.2500371,0.760725,0.7853389,0.2846185,2.2808626,0.02705153,0.050099466,0.39879832,1.3092997,2.377259,0.12378699,0.7909667,0.7962255,0.65307313,0.42994058,1.6183336,0.13597275,0.6092427,1.8511018,0.119857185,0.14932434,0.333981,0.22530997,0.054962087,0.25324446,0.8357659,3.0877056,0.74305785,0.3530403,1.2529782,0.23390977,0.111159354,0.34661222,0.14792426,0.9702156,0.25442728,0.33066928,0.7466608,0.28711978,0.59855986,1.1795865,0.8356298,0.72037,0.3263105,0.29312024,0.6932852,1.2527615,2.4985282,1.1343445,0.4086762,0.33484995,0.4892355,0.31896544,0.2394861,0.84097064,1.6558366,1.3321215,0.8252892,0.007950814,0.44855183,0.63728154,0.2730545,0.055396836,0.9447457,1.1859248,0.63572186,0.18746842,0.421856,0.6767571,0.77885056,0.93835014,0.0,0.6702952,0.071132205,2.3441536,0.051227257,0.5505417,0.3936704,0.45275298,0.28615713,0.24540783,0.1199566,0.010610271,1.302138,0.33240083,0.011134853,0.02551901,0.16706717,0.7759754,0.0797562,0.9342533,1.9007723,2.500464,0.40285033,0.0034508875,0.51447076,0.13834758,0.19856033,0.5525653,0.44607684,0.2319242,0.14106336,1.0825064,1.5313344,0.2161488,1.2255063,0.6370782,0.09999435,0.59798604,2.2876973,0.96070266,2.365074,0.31543976,1.2311827,0.7506829,1.2849565,1.7997178,1.5267539,1.2765149,0.23091322,1.8954842,0.450552,0.29378203,0.519918,0.22556044,1.5271243,1.0542163,1.3376169,0.63135946,0.19372295,0.10390868,1.308629,0.40367585,0.5048457,0.74254507,0.46620622,1.9734708,0.4213502,0.64882857,0.12684034,0.033497166,0.674206,1.3245264,0.6506817,0.43094596,1.841903,1.6703659,1.2190665,1.30258,0.68880004,1.5044094,0.71289223,1.0898889,0.7240794,1.2797629,1.3465875,1.9177946,1.1272267,0.3341113,0.7886519,3.4958663,0.4107225,0.06081305,0.38667354,1.8592392,0.1953467,0.22717561,0.53612834,0.030390384,0.32698962,0.019442426,0.12370882,2.1576548,0.20724526,0.855042,1.0629046,0.83470666,0.18548977,0.5654818,0.55586255,0.91968954,0.55578786,0.2325309,0.16890061,0.17249191,1.7161053,1.1900132,1.3696167,0.16516745,0.72732574,3.1585531,1.1272193,0.5826767,0.41919485,0.08098528,0.12455671,0.1669176,0.3049936,1.0437964,1.2003553,1.2454269,0.14384797,0.16137685,1.4083236,1.0271358,3.4548974,2.0220115,0.099355325,0.75401866,1.1135473,0.3403634,1.4910328,0.3652264,1.0683844,0.54597145,0.03057457,0.5380681,1.3981279,0.43762615,3.1745698,0.2987548,0.18443242,0.13939606,1.7835718,0.11857927,1.5727799,0.0853521,1.5879216,0.36936444,0.910742,0.32176098,0.27337995,0.37199214,1.0274744,0.6733167,0.5341453,0.015972285,0.6281119,0.46013048,0.21587218,6.55137,0.19294186,0.4842893,0.08171866,0.67838234,0.17568411,0.16922271,0.5831,2.0748804,1.4439025,3.4647715,1.946714,0.89425033,1.6492596,0.17833576,0.10915062,0.20077705,3.259642,0.12662013,3.9578881,0.036377586,1.1553726,0.8585297,1.5415883,0.07649185,0.12858118,1.8196297,0.20422035,0.57650256,0.75705034,1.6698927,2.073388,0.4305312,2.517195,0.17788902,0.01312759,2.4633617,1.1207839,0.5836846,1.3894348,1.3783296,0.0,0.086830996,0.08931208,1.2579912,0.50568,2.308442,0.42335752,0.3366691,0.16501993,2.8460348,2.2804437,0.030270085,0.25155336,0.13244998,5.326145,0.15759881,2.2002246,0.64313036,0.59471637,0.40745303,1.1967257,0.31683046,1.4740244,0.41136682,2.7009826,0.12667865,0.17815897,1.7267421,4.6609344,0.51016307,0.14766985,0.037427165,0.6185722,2.7080426,0.3388633,1.297189,0.13908096,0.20818636,0.8212513,0.059899297,1.1940353,0.99534863,1.5366206,0.9978413,0.060255304,0.22598262,2.6356866,0.117017426,0.800651,1.1195033,0.38217875,0.060741257,2.3111022,1.5062573,0.3390787,1.955764,0.03451736,0.63169664,1.3926184,0.11207426,0.25556156,0.040450852,0.0259303,2.1328638,0.5055879,0.04990236,0.6230002,2.6646748,2.2459447,1.7904329,0.013470214,3.0650923,1.7678584,0.8777925,0.3099285,0.0,1.2973406,0.8218651,0.0009841319,0.45111147,2.6487095,0.38008195,0.63607407,0.114120014,0.018941361,0.36974055,1.1266396,0.01736361,2.19771,0.2906475,1.3095827,0.43167037,0.40656412,0.8385821,2.0836153,1.001295,2.0538812,0.3531171,0.36569583,1.0261424,1.8907994,0.87343675,0.43008134,0.3579743,0.61683446,0.5993762,0.64999807,0.28183305,0.883354,1.0892404,0.7511905,1.1222621,0.7996165,0.93820536,0.87057865,0.20913497,2.4351108,0.9386533,1.0079066,0.077099584,1.3750088,0.09078846,0.14317448,0.498013,0.40389997,0.26558822,0.03849492,0.7074054,2.1487343,0.0065751364,2.2197256,1.3599254,0.14255984,0.12241929,0.7649788,1.8889177,1.0572002,0.85279274,0.70095927,1.2505723,1.0954409,0.8623369,1.3856394,1.2566496,1.7715279,1.6127656,0.24818693,0.2686372,0.05347926,0.6623741,0.531994,0.86767465,0.028319847,0.23067707,0.23743193,0.14346242,1.0683967,0.7589384,0.537782,1.5629925,4.045073,0.74935025,1.1081117,0.0,0.9762361,0.8210002,0.29210722,0.32387027,0.6344551,1.0772462,4.2271285,0.04589789,2.170934,0.14092286,0.95510066,0.06442782,0.8995884,0.29294032,0.78133833,2.0005288,0.9960626,1.2837846,4.4414865e-05,2.221352,1.7648221,0.34700876,0.87708485,0.73877966,0.4487007,0.1154539,0.012262381,2.0628874,1.4486059,1.0403961,0.5174316,0.42171434,0.29992917,0.0,1.8940161,0.31872028,0.5616456,1.4173518,0.8748997,0.07485386,0.7324653,0.66446185,0.2329211,1.0484853,0.5395015,0.683836,2.014623,4.197478,0.7291697,0.42181593,0.34547743,1.0071297,1.2725927,1.0957779,0.008386268,0.51799864,0.03796782,0.18883815,all_pothole_images\pothole_images_new_image_1063.jpg
1.4275371,0.48406538,0.3932174,1.2226446,0.32735276,0.10765171,0.05452602,0.0,0.28440717,0.9468748,0.3299808,0.2684342,0.099847324,0.83978117,0.08273669,0.42731974,0.0031310716,0.3033492,0.46909034,0.19434866,0.81230193,3.4105835,0.6490065,0.5900587,1.1558726,0.22191177,0.52772963,0.6793836,0.017321382,0.10366476,0.31651166,0.20031941,0.3811515,0.07625195,0.48758346,0.5636258,1.1964399,0.93292016,0.18555063,0.37760067,1.1166193,0.19297463,0.06536213,0.6013546,0.680644,0.2095389,0.20473124,0.058891863,0.37298125,0.7555661,1.0166658,0.09175063,1.0013785,0.26745635,0.055760335,0.43232006,1.1677368,0.0015560823,0.12698568,0.38617128,0.72378445,0.68603826,0.21598507,0.1243316,0.19312121,0.9142133,0.10129971,0.40376288,0.16104943,0.30468214,0.4653923,0.3990484,0.44226608,0.07646492,0.34680068,2.0497475,0.6414768,1.5790687,0.17146514,0.0153926555,0.07376614,0.12877497,0.21823695,1.044085,0.57510257,0.19968207,0.12798506,0.0445626,3.9849904,0.4004013,0.9287963,0.07797604,0.1169401,0.21537796,0.5818664,0.24544965,0.3896591,0.92149085,0.5640988,0.59390074,0.32191285,2.0573995,0.076316446,0.025057454,0.7288536,0.06463406,0.043875918,0.29322225,0.118063204,2.1098218,1.1311756,4.169323,0.2497926,0.39696673,0.21427155,0.99251413,1.9071559,1.7941449,2.7868288,1.1951017,1.7857174,2.5445213,0.88109416,1.84453,0.14988238,1.9647349,0.13542956,0.6051258,0.049338143,0.6265313,0.22304282,0.5409144,0.15028317,0.44557318,0.18980485,0.116480395,0.03674399,0.06868997,0.09309095,0.36110267,1.2397486,0.046833917,0.82254183,1.5295812,0.5684126,0.21875021,0.7321132,0.24210037,0.16071469,0.9088819,0.48426592,0.52777404,0.1192722,0.219306,1.6740129,0.22978494,1.166766,2.1764026,0.3755881,0.6368914,1.4713593,0.27837968,0.14416231,4.0275617,0.091517955,0.9493992,0.970557,0.26788184,1.0157595,0.78200096,0.999244,0.0,0.7887334,0.661309,1.5988525,0.8599861,0.28766146,0.0,1.1472591,0.0985888,0.092442326,1.2194592,2.9808424,1.9817888,2.0469306,0.559413,0.0896555,2.2873948,1.143599,0.7802924,0.038321637,0.81708425,0.19263066,3.273216,0.20074295,0.09938087,0.5368616,1.063737,0.6702511,0.58466136,0.25708538,1.4174541,0.30726698,0.30240008,1.8656161,0.4657953,0.2917514,0.14473669,0.339162,0.3855965,0.14206977,0.4241902,1.0597048,1.4332697,0.5491257,0.8355633,0.908117,0.0,0.84444714,0.25242022,2.13691,0.08774505,0.059104748,1.1539363,0.10530625,0.6940353,1.2743652,0.5830242,0.3193056,0.24909785,0.084828645,0.59646374,0.30009547,0.32037243,0.20596755,0.27905196,0.2770178,1.5505997,0.07425515,0.025465935,0.106887594,0.020865535,0.6953692,0.15409513,0.16917662,0.5761399,0.34644395,0.010390633,0.23625505,1.7182312,0.17504275,0.10204097,0.5694514,0.6855922,1.1824213,0.043756675,0.5380369,0.19739532,0.5372234,1.0646334,0.23983073,0.9122455,1.1388489,0.2511056,0.008980443,1.232154,0.07599225,0.33559665,1.4625335,0.46162444,1.3287926,0.16918634,0.5134059,1.0283699,0.97453415,0.82754505,0.34793276,0.23765334,0.1747275,0.48907313,0.14705059,0.3058282,0.8317796,0.43296805,0.7927277,0.2636837,0.26228073,0.5085399,0.7096553,0.31639504,0.3206075,3.333884,0.006622899,0.9179637,0.13489407,0.45880675,2.6112082,0.18467313,0.3624759,0.2593451,0.63029873,0.42823797,0.032514084,1.4884552,3.5252373,0.006523732,0.003953254,1.1692958,0.7963483,0.4839525,0.3995501,0.44299206,5.077307,1.2322776,0.011125428,0.6408464,0.001469193,0.45230383,0.6543806,0.72774774,0.26543632,0.7966191,0.242191,0.15454859,0.47368604,0.70161223,0.7446028,0.21791351,0.56146085,1.1448809,1.635422,0.23478235,0.009609234,0.42259574,1.6024802,0.7950507,0.44808072,0.26639622,0.17766197,0.0,0.692608,1.4930227,1.5505468,0.021788254,0.12529486,0.06137068,0.06499919,0.011347222,0.44418126,0.27656904,0.2044622,0.9191594,0.8307949,0.025568001,0.2627843,0.003271566,0.41335773,0.59835446,1.2072692,0.70248884,0.0,0.0,0.7995712,0.10037792,0.06320797,1.0645393,1.1092794,0.52744204,0.45530054,0.10157751,1.7962278,2.6884303,0.93450403,0.27855968,1.3427455,0.1737725,0.0032211726,0.43191162,0.23626755,0.71615267,0.38579985,0.031120589,2.5463455,2.9199054,1.509284,0.75285596,2.0420215,0.22393921,0.6371224,1.2301008,2.6171126,2.2805417,0.58769387,0.7058678,0.0,0.15440135,0.21771327,0.36147434,0.6280768,0.28981644,1.6216792,0.61902004,0.08146306,0.56248456,0.18774429,0.24710588,0.1179625,0.37605488,0.112334035,0.2761335,0.33417502,0.82620025,1.7892349,0.19735399,0.21058199,0.19336377,0.77997035,0.77535737,0.024637286,1.1242594,0.6075058,0.6935192,1.6809208,0.53914267,1.717569,1.4824244,0.2901049,1.7301062,1.0091646,0.17889422,0.8631137,0.1453911,0.51398647,0.010882557,0.32835963,5.297058,2.0023599,0.5921254,0.6534238,0.17927684,1.4418802,0.30713817,0.0039704237,0.18520269,0.03134985,0.25249952,2.2799015,0.34454107,0.29091606,1.2074498,0.99317306,0.50823325,0.9945873,0.94607216,0.74042666,0.84163994,2.3846467,0.58802706,0.32208547,2.1603165,1.9734919,0.0,0.60896134,0.1857928,0.5278137,0.7242322,0.3446082,0.9840122,1.5434408,0.738092,0.5206609,0.87649447,0.00503758,0.99921477,1.0897336,0.13576272,0.37250957,0.13582186,1.1393399,0.09890733,0.21817897,3.8630812,0.38208255,2.0894616,0.0,0.13000265,0.8705143,0.64690024,0.2057634,0.5199531,0.4196623,1.2602075,0.0,0.22991472,0.004440681,0.15196857,0.18712845,0.80992615,0.23378687,0.795141,0.5807941,3.1241755,0.5285418,1.0932299,0.19065292,0.7533785,0.0003942008,0.24480286,0.4986137,0.59826046,0.74379104,0.25593647,all_pothole_images\pothole_images_new_image_1064.jpg
1.9060323,1.6425804,1.1147373,1.0172826,0.28124237,1.246465,0.21630983,0.97054553,0.39851648,1.1432902,0.5206333,1.5811625,0.42424956,0.4969923,0.48227355,0.6211681,0.9029385,2.4195454,0.18030429,0.07403304,0.49989352,0.62734735,0.6955477,4.012374,0.021010306,0.9012029,0.15645367,0.7329329,0.3622072,0.3010671,0.44868827,0.0,1.5991455,0.9382645,0.5785491,0.9472802,0.5872701,0.30280012,0.098527506,0.4777734,0.34702718,0.9265049,0.21231239,0.06809776,1.0444982,0.51170874,0.37013844,1.0102247,2.030648,0.6637048,1.3018452,1.0366945,0.9605327,0.047575925,1.1664236,0.6787289,0.91538143,0.75987226,1.3390663,0.8183522,0.28477278,0.39190608,1.2620519,1.358624,0.57542115,0.9244605,0.678021,0.3611637,1.8323578,0.28263357,0.35427308,1.1387204,0.19359946,0.68586844,1.1075952,2.2755148,0.04357927,1.0830884,0.041995913,1.2501811,0.11746824,0.022082051,2.0485024,0.2049406,0.5266493,0.9408568,0.40075544,0.77113605,1.5566943,0.798621,1.4475114,1.2214558,0.93956894,0.7056158,0.8428648,1.3730085,0.9807313,1.7579052,0.9542221,0.3589883,0.0,0.46520093,0.26367778,1.6273882,1.1459997,0.48653647,0.2938847,0.47168946,1.3330736,2.3814783,0.45765483,1.9054796,0.2303977,1.168611,0.16546956,1.4728734,2.0085702,0.21919106,0.23692869,2.7178175,1.4470171,0.5076762,0.41296747,1.7610236,0.64171505,0.50249314,0.21500194,1.157862,1.7740017,0.41814998,0.35351205,0.5860049,0.0,0.37157464,0.11106532,0.4020255,0.038382594,1.0456636,0.009751379,0.51814693,2.1682358,0.88675797,1.634182,0.93085605,0.5560702,1.5479579,0.3078968,1.320578,0.21290807,0.9973801,0.5583101,0.00037954838,0.7651386,0.0,0.55226296,0.9526632,1.0762309,0.23380756,0.3826248,0.4324541,1.3365661,0.3133592,0.21285759,0.3679894,1.2302272,0.07544888,0.4435744,0.19918239,1.2732824,0.6932932,0.12954013,0.114508726,0.145458,0.03606172,2.549391,2.152639,1.0473744,0.19457413,0.9754004,0.31682128,0.258222,1.2235572,2.8024213,1.1904434,2.2698214,0.3754607,0.04601565,0.57302463,0.6421642,1.0768591,0.21334077,0.44587457,0.44269234,2.140621,1.1100684,0.07787371,2.776236,0.7407256,1.8192171,0.32483247,0.48575693,0.6257319,0.5785546,0.5807991,0.69022554,1.2814423,3.0006363,1.1338326,0.28375992,2.9737468,0.11252289,0.5867613,1.0375022,1.0721558,0.12738125,0.8004723,0.7268338,0.44725662,0.37852517,0.5827518,0.18645073,1.5690534,0.89997315,1.1792486,0.34931812,0.003976134,0.8325212,1.2392478,0.025703313,0.76781905,0.0,0.50991595,0.10824506,1.2395627,1.1798981,0.20776273,1.1463186,1.2570727,0.7612549,1.1978862,0.1676038,1.1675326,0.8454051,0.2123005,0.63136,0.32737315,2.2815645,0.2405271,2.0641,0.6121103,0.88311577,0.3962157,0.6441106,0.1353657,2.4456904,1.0474255,0.3210603,0.29170886,1.5921597,2.4696522,0.33434424,0.6460668,0.54072976,0.92217875,0.28478065,0.59385765,0.46330288,0.08012808,0.9394137,1.799118,1.6514151,0.44340408,0.62874836,1.5176811,0.67537874,1.1807537,1.4262906,0.6500153,0.53009605,0.3444147,0.17467785,0.22616577,0.032203484,0.7260138,0.19410498,0.11296547,0.24657214,0.57779753,0.8598117,0.23169766,2.4001474,0.63091487,2.0171864,2.7237437,1.631972,0.03622912,1.7291998,1.7323633,1.1681942,0.03242746,0.08198179,0.08394243,0.645363,1.6927825,0.0665741,0.082492664,0.32751682,0.32422683,0.4842634,0.80316985,0.52670366,0.87204975,1.1223522,0.35970896,0.21073745,0.19998653,0.05506147,0.305193,1.4552186,1.1276639,0.87602675,0.3315108,0.77447647,0.86527467,0.84308684,1.3327641,0.05743825,0.24647146,1.8322128,1.2517703,1.2666144,0.2559381,0.18711895,0.25010088,0.54668206,0.17531925,0.68759716,0.27731392,0.9206126,0.17794481,1.1316838,0.3305442,0.9519227,0.22577032,0.35212314,0.3993195,0.06461177,0.1760993,0.0019757713,0.6423913,0.058870338,1.2716528,0.55063,0.43697196,0.19598119,0.31372985,1.8686613,0.53553426,0.062519185,1.7946239,0.76941895,1.0260004,1.034096,0.6585986,0.093172945,0.97408146,0.92241806,0.49827346,0.36758628,1.3682761,0.6723708,1.0123504,0.5272288,0.21639317,2.7847457,0.37174422,1.2209096,1.1144459,0.858326,1.53931,1.4514629,0.70693266,1.0335637,2.5014303,1.9897205,1.5937911,0.38128793,0.6423823,0.68147326,0.37296423,0.8444038,2.262088,0.8228674,0.0,0.6233163,0.4302709,0.47596273,2.22182,2.3767576,0.48922947,1.8262246,2.5081596,1.5111845,0.26180637,0.27279577,0.01816481,0.29236934,1.5705055,0.26692954,1.3630365,0.20161648,2.2030416,1.484174,0.34902206,0.15299268,0.1153152,1.641211,0.20483145,0.43889254,0.7282655,0.5462107,1.9532366,1.0171142,0.25736,1.920506,0.038934775,0.395376,1.6665727,0.5297354,1.5337011,0.47492713,1.5681062,0.073999405,0.99941313,0.122052655,2.4734235,3.321294,1.643138,0.5934239,1.1039224,2.3227262,0.12978417,0.15793274,1.2152219,0.67372847,0.23705249,0.6712232,0.86311185,0.6832368,1.0127847,0.51370895,0.6729785,0.051313885,0.35486245,0.47471175,2.9425845,1.460717,1.1203494,1.3986381,1.9586889,0.47407788,1.9162146,3.0025373,3.1876884,1.070745,0.04485461,0.89297384,0.5040114,1.5898969,0.19150963,0.6518838,0.9649125,0.62421286,0.110765725,0.9961877,0.54813725,0.29768077,0.43650794,0.42722717,0.15622589,1.094261,1.3420839,0.067822784,0.17839895,0.018156767,0.9671265,2.2642121,0.40898553,1.1630081,0.035743587,1.7903014,0.23152424,0.13209589,0.08541725,0.96884257,0.005555395,0.114989825,0.13644958,1.323056,1.9776179,0.69390446,4.8343635,0.008889361,2.00018,0.8784592,0.7062736,0.22418627,2.693677,0.56801957,5.3178062,0.5571412,0.046072904,all_pothole_images\pothole_images_new_image_1065.jpg
0.27010834,0.5665831,0.8385841,2.5720494,0.19113097,0.035801608,0.80116004,0.0,0.5596159,0.06483178,0.14881822,0.24947703,0.0,0.51989055,0.09707292,0.6687417,0.0,0.9593324,0.6112845,0.6191045,1.1278752,0.13522816,0.83409303,0.9054738,0.45899773,0.27109882,0.75492483,1.86765,0.092152245,0.064624004,0.36116907,0.15066874,0.02823325,2.8203218,0.950951,0.5992516,0.8109864,0.7373276,0.8755357,0.16010487,0.043910146,0.25377712,0.34681,0.18769832,0.41490102,0.47262183,0.41709912,0.8105794,0.1090005,0.10675546,0.24813,0.23455285,0.071685046,0.058128085,0.6315773,0.1752447,0.54044706,0.34200794,0.14403014,0.7127836,0.010941376,0.2715056,0.55097044,0.3986384,0.26161563,0.8115594,0.5179643,0.17308268,0.21463981,0.18033157,0.5182566,0.5274507,0.2798571,0.08130059,0.009291327,0.0,0.25180936,0.36855626,0.097295925,1.0458823,0.09962354,0.45355365,0.43827832,1.9665864,0.32505518,0.0389358,0.49400538,0.15920925,0.9693877,0.30319583,0.5325028,0.14037494,0.04878412,0.69177294,1.0116063,0.0012551505,0.77162486,0.7750704,0.3794002,0.24112862,0.23583415,0.96476847,0.14253518,0.60046995,0.48080534,0.046611317,0.6287753,0.16931717,0.5542508,0.9824185,0.0053038755,0.5240119,0.059246685,0.52042735,0.18636812,0.013485863,0.0,0.15732005,2.1199596,0.43920076,0.32100332,0.015105895,0.6907213,0.0070782136,0.28216666,0.15373561,0.006540676,0.02785871,0.0057567935,0.07424547,2.193467,0.08959332,0.073705286,0.042572856,0.030202758,0.18752806,0.08019582,0.09538992,0.13190977,0.12036597,0.7679045,0.90826094,0.22273523,0.52201396,0.0348563,0.23456848,0.09352793,0.1904302,0.5637418,0.64594454,0.11434005,1.0086526,0.37272617,0.048116803,0.37444016,0.8943558,0.30803496,0.35587147,1.237444,0.42978084,0.47663626,1.4885668,0.2985103,0.1142864,0.15191904,0.27279547,0.28017408,0.0,0.9705788,2.0364842,0.1877053,0.20966984,0.0038604126,0.09674253,0.049405105,0.26205042,0.49745932,0.009235599,0.28498274,0.6002184,0.09363368,1.0297565,0.089634754,1.9079671,1.5957786,0.4755061,0.16168015,0.2851093,0.6364456,0.6676054,0.053672604,0.21731092,0.19726825,0.6057901,0.88306195,0.5632358,0.39154512,0.25148508,1.1837881,0.09089801,1.2938244,0.06826728,0.12977327,0.23493452,0.40719238,0.3966133,0.822665,0.009243906,1.1117532,0.8285269,0.0016269828,0.32483026,0.6970527,0.26466697,1.111719,0.41845438,0.22284225,0.004608958,0.23398769,0.18882558,0.6330978,0.16516627,1.1341113,0.18033086,0.18875894,0.08379359,0.36993703,0.0020897172,3.3390434,0.525015,0.59309214,0.014155456,0.85270905,0.27298492,0.19736513,0.051668573,0.61873287,0.2798144,0.5550673,2.1145546,0.25314203,0.35832906,0.015842712,0.0019094239,0.07458729,0.0,0.2096323,0.16357996,0.3429244,5.486972,0.48956904,0.26538467,0.0,0.25806668,0.02557987,0.08075743,0.22604424,0.7979482,0.23734088,1.5621852,0.97277397,0.56969965,0.24034005,0.46889612,0.15096933,0.0,0.5904993,0.09261973,0.9352807,0.29965407,0.55223936,0.0,0.07806166,0.02222665,0.23874937,1.0925534,0.49878585,0.0,0.35454494,0.22732617,0.19339268,0.15204026,0.3390241,0.046730373,0.16778071,0.064368986,0.19060569,0.80759776,0.055652667,0.16652863,0.045108765,0.05164648,0.015513843,0.32786816,0.45255217,0.6473852,0.47514156,0.10453219,0.6137656,3.162318,0.58891,0.36612082,0.2786444,0.077004,2.6002781,0.26314038,0.13931197,0.35277432,0.27539748,0.18651421,0.16744578,0.35066605,1.5505327,1.6040804,0.8784396,0.17552729,0.15870796,0.9291374,5.4622903,0.49030125,0.353064,0.02073255,0.5648913,0.44411078,0.17588949,0.18224725,0.6210609,0.82106555,0.2107506,0.0059489557,0.8865174,0.08920388,0.470652,0.28151843,0.32471135,0.0,2.6069334,0.25238007,0.6626056,0.84875673,0.56352156,0.017331483,2.3746943,1.8233805,0.4292762,0.41843498,0.3196384,0.6911751,0.059063647,1.3886762,0.029998336,0.00841239,6.567152e-05,0.13741665,0.053669192,0.32749492,0.41491413,0.6618407,0.01586931,0.29552186,0.57466465,0.14458743,0.30420768,0.2754903,0.055335063,0.005472877,0.46059307,0.9744991,0.21569425,0.36056823,0.22415908,0.0862306,1.3672339,0.2290561,0.0,0.23751913,0.09846584,0.10993112,0.9266019,0.10544279,1.2584015,0.090792716,0.0544911,0.76785284,1.2875843,0.0,1.745551,0.09306568,0.25280946,0.89283174,0.045954723,0.027271708,0.039949186,0.66043574,0.25644588,0.20946798,0.08642249,0.1334001,0.8083784,0.4623831,0.090428874,0.6709816,0.009037295,0.02084937,0.67875344,0.15513517,2.0550568,0.41419286,0.50822675,0.1871057,0.0,0.0,0.018109908,0.35285205,0.15348923,0.0973885,0.5125744,0.99027264,0.63407016,0.013192595,0.39996845,0.09090767,0.108404174,0.992344,0.21120223,0.7377727,0.025523769,0.007159185,0.3188699,0.22228067,0.058081325,0.5351557,0.4595481,0.5863794,0.27363834,0.17459258,1.2234894,0.20245412,0.29687676,0.019836854,0.5625957,0.028197523,0.0,0.029479854,0.01534878,0.012155295,0.09487023,0.010230323,0.30089644,0.6406747,1.8795692,0.83799464,0.8191481,0.38367227,0.026147336,0.3880567,0.42347747,0.0,0.06484744,0.20684218,1.667853,0.17728265,0.61928606,0.13877074,0.15788643,0.34781358,0.014768598,0.064489566,0.20807,0.23544319,0.42702547,0.5340321,0.08079554,0.279722,0.7551394,0.3887458,0.7143311,0.68458825,0.8766743,0.3498822,0.010475334,0.39479968,0.722725,0.034125604,0.47930685,0.9209523,0.27639508,0.010816526,0.8161448,0.06634725,0.14789237,1.7006917,0.18509452,0.5511707,0.039989874,0.079911485,0.1916286,0.66864115,0.018387642,0.006673412,0.6189173,1.1455433,0.6661468,0.16784321,0.0,1.4075065,1.4457985,0.25016376,0.43822938,0.9664554,0.011842336,0.10051057,all_pothole_images\pothole_images_new_image_1066.jpg
0.6218873,1.4389644,1.7896248,1.3017011,0.34238383,0.6878808,2.465728,1.4524581,0.2665043,0.2006414,0.6197306,0.10787829,0.17357269,0.93745637,1.1936864,0.20996898,0.75371104,1.5540141,1.792363,1.1180282,0.7313226,1.7277573,0.832157,0.14805698,0.26771665,0.11732414,1.7947904,0.9416779,0.0006143471,0.8282142,0.20761251,1.1734161,0.13031577,1.1157135,0.05531117,0.5742966,0.12505187,0.6920062,0.03196148,2.163041,2.318915,0.12596953,0.19192919,0.41082135,0.17879537,0.31199646,0.993758,0.37799352,0.49930134,0.86372477,1.0507194,0.66640115,0.801315,1.4751937,0.90145046,1.3721628,0.66794515,0.10586147,0.22204284,0.2237467,0.10682454,0.97569364,0.08564685,0.19227093,0.66070896,2.4799945,1.006994,1.3428259,2.1137867,0.043181576,0.20676585,0.011073237,0.70288515,0.03291129,0.9978929,1.2145886,2.2624595,2.9877813,0.32144552,0.27275592,1.0741717,0.02447514,2.7571237,0.08482383,4.0411386,2.0967274,0.67286325,0.054571964,2.651584,0.09267655,0.3758503,0.37443727,0.17371823,0.2973502,1.8525572,2.2911146,0.47751328,2.537474,0.72030497,0.5910463,1.2640891,0.57453954,0.5421522,0.3526147,0.41067988,0.13295071,0.31223893,3.3838649,0.29917338,1.5580846,0.065559246,6.6287622,1.5602499,0.3562998,0.23256123,0.65811163,1.6475145,0.6171753,2.2239368,0.69387794,1.7736243,0.47844386,0.65181524,0.7527034,0.5033364,0.7037115,1.0338342,1.4571137,0.6228076,0.9955511,0.34945008,0.59478515,0.38003525,1.2063117,2.0280435,0.06758783,0.24854091,0.59626013,0.1646098,0.49380827,2.45192,0.7677186,0.1070461,0.32935652,0.024442632,0.11462784,0.27186257,3.406941,0.74803597,0.067282684,1.2587038,0.7634618,0.5984511,0.015134816,2.535049,0.31038678,0.11399676,0.541449,1.3943403,0.060345214,1.4216137,0.39247024,0.35100752,0.02555183,1.0596722,3.406256,0.7588534,0.4269289,1.7769744,0.6149779,0.12093186,0.066752605,0.75075287,0.018381273,1.2364851,0.019389017,0.91430163,0.35751665,1.4844763,0.656084,0.74083006,3.2204695,1.0799545,2.4700367,1.5058565,0.56352353,2.1782348,3.2503006,0.33092046,0.51026314,0.51038414,1.3085583,0.0,2.49784,0.18620898,0.007038193,2.8183618,3.1709478,1.717828,0.49375045,0.23033889,0.39474806,4.620698,0.16112842,0.53584975,2.5114882,0.14818013,0.7273586,2.5486917,0.49275893,0.87929875,0.19399977,0.46386158,3.2468617,0.53086966,1.0988364,0.25908506,0.4923776,0.2902959,1.446374,0.1410607,2.197063,0.21974717,1.7636383,1.2479346,0.42848617,4.206609,1.0810558,0.02761326,0.66021276,1.0615602,1.5816343,0.13540338,0.7864031,0.20596488,0.5586073,0.5444722,1.8035891,0.10571439,0.11333178,1.0364206,1.4728664,0.068968706,0.3883666,0.5202194,0.67120534,1.1393577,0.21833842,0.2568607,0.8905476,5.4397407,0.15676346,2.0754604,0.5228356,2.2795053,0.5659767,0.20875672,2.009173,2.4261296,1.2548757,0.18823054,0.002541355,0.2953485,1.1634142,0.13159207,1.5459582,0.43149558,0.22895497,2.348864,0.71489877,1.3049283,0.026527632,1.0615771,0.022604855,1.4128851,0.7509768,1.0102459,0.32485497,0.23529772,1.6157188,0.038218934,0.88930815,0.11871177,0.37668535,0.77154905,2.08706,1.3967547,0.2709786,1.123338,1.2808949,0.46471027,3.3057687,0.66991174,0.03436038,0.21416895,1.1864562,1.0495983,1.7517848,0.26503867,0.17003532,0.0,0.49634123,1.3453692,1.4234265,0.5822701,0.9601344,0.51907784,0.5450326,1.6625661,0.06753487,0.86411923,0.5362644,2.7501488,0.32054055,0.03536623,3.1627457,0.0038378628,0.090849586,1.1073711,0.068897925,0.47925434,1.4625981,0.07334144,0.13630384,0.3401467,1.1434433,0.0352746,0.0,0.4034153,0.22725528,1.1749481,1.3503784,1.0520488,1.1499412,1.0470182,0.49918878,0.8405482,1.3830416,0.2692053,0.7084981,1.516539,2.1590908,2.0215998,0.0026177003,2.044483,0.56639236,1.6070842,0.33019155,0.115796395,0.2766637,0.87856835,0.55513364,3.638835,1.5090413,0.057804577,1.2315216,0.7515461,0.6161906,0.43936622,0.5909785,0.12216985,0.974846,0.64931613,0.5734175,0.62351364,0.59835315,3.4247103,0.11750248,0.3837012,0.16630512,6.8785663,1.1822697,0.92456925,0.39388084,2.085358,0.12891686,0.0705839,1.9091936,0.53897375,0.50401074,0.17487493,0.46724993,2.8614564,1.6929166,1.7935838,2.0640142,0.40872183,0.039428588,1.7740626,1.7449412,1.421481,2.1329935,0.7047275,1.1998737,0.19796062,0.23305391,2.078392,0.49986795,0.080007486,0.33879805,4.3255367,0.31407887,0.40888315,1.525916,0.085597545,0.3410829,0.4906765,0.71154594,0.39295885,0.14679812,0.0036281978,0.20884681,1.8380628,0.9679919,0.29493323,1.1766832,0.3117126,0.4041943,1.975726,0.72489804,0.4079589,0.20998085,0.81254786,0.17976126,0.320332,0.48606122,0.72068834,2.3125992,1.8888927,0.5427721,0.15385477,0.8054668,1.0166827,0.35628363,1.3727947,3.0451584,1.7856017,0.4766954,0.9605081,0.21172565,1.1029935,1.4789846,0.07547564,0.12473187,3.5832794,0.0,1.0046271,0.121257365,0.45179456,1.4554278,1.09546,1.7998934,0.56255466,1.0521216,1.4833882,1.7617332,3.101248,0.6950729,0.9636266,0.5748761,0.34929496,2.9345124,0.5125089,0.39561275,1.1728017,2.2535226,0.7061203,1.8881919,1.0967478,0.057117403,3.0238404,1.5037589,0.0955116,1.1917013,2.7874696,1.109712,0.2333142,0.7084252,0.93977135,0.31570497,1.8868958,3.8670416,0.38248584,0.15234108,0.07685203,1.0769498,3.6993494,0.23851334,1.6280788,0.7425842,1.6126645,4.4262447,0.0072720014,0.5619895,1.8517123,0.7299131,0.29182377,1.0722779,0.4018009,1.4409205,0.54748863,1.6914492,2.483031,3.7434957,0.0640739,0.75047404,0.2693618,0.57750726,0.53696007,0.19956647,1.2698727,1.4236028,all_pothole_images\pothole_images_new_image_1067.jpg
0.46547967,1.2596003,0.062591225,0.57352155,0.5235721,0.25636113,0.96647656,0.16911067,0.34106362,0.7192546,0.19662142,1.6383634,1.3936982,1.6483951,0.26360637,0.5885048,0.10005287,0.19653912,0.893095,0.49366495,1.1383396,1.4078892,0.717374,0.003427784,0.9933119,0.52013636,0.63331133,2.892104,0.083865196,0.23484662,1.2505285,0.72668207,1.9085228,0.77257335,0.3468232,1.060552,0.0024637282,0.121701635,0.49065986,0.49749076,0.0075486666,2.3451307,0.02273106,1.3469905,0.26540482,0.22928457,1.3899115,0.029569024,0.15134113,0.33527023,0.13883948,0.59394443,0.09614831,0.28426334,0.016204894,1.0789303,0.7883922,0.0,1.0615243,0.20671369,0.99089164,0.58942443,0.33173165,0.24280357,1.6538842,2.0523317,0.12793931,0.2893662,0.008020799,1.1794273,0.038147952,0.2069649,0.113161735,0.03514556,0.0016653414,0.079679236,0.39684692,0.15239231,0.0031502575,0.26949486,0.5930418,0.43212453,0.08658847,0.53689814,0.11147809,0.32758528,0.046247248,0.180515,0.62643594,0.13993171,0.082159705,0.76449394,0.01307004,0.07648887,0.670015,0.06584989,1.5081134,0.18579726,0.06416164,1.1273336,0.026248928,3.518583,0.4205793,0.0024476931,1.335334,0.6996139,0.20305052,0.26766267,0.09204757,0.1836407,1.389711,0.9424179,1.5566223,0.16379541,0.64108646,0.068413176,0.48783252,3.05223,0.812114,0.48287344,2.222385,0.020873547,0.23831624,1.4098971,0.5010537,0.8857921,4.0694337,0.007176014,1.1476611,0.012607627,0.25831088,0.2950057,0.1119054,0.5322301,0.54790485,2.6345165,0.48828956,0.033542138,0.2406638,0.44204548,2.8303285,0.20110975,1.0747906,0.77076036,0.2033904,1.2644771,0.011498418,1.0226935,0.6815377,0.0,1.1959031,1.3511324,0.056316286,0.04097499,0.032817107,0.10634557,0.6810499,0.09952548,0.3645737,0.43112734,0.80886465,0.67544043,0.008893018,6.689736,0.5226975,0.39724252,1.249325,0.15795341,0.6042863,0.8183497,0.67216134,0.50233805,0.12008776,0.83554333,0.65090096,0.06350161,0.48613727,0.332779,0.0020433574,0.3720963,0.048424788,1.064428,1.6752565,0.41098538,1.734844,0.025783079,0.25403714,0.66990674,0.11736063,1.0723602,0.950661,0.6892736,0.20403679,2.1626592,0.051324025,0.03525366,1.1521436,1.3887122,0.006755319,0.6540737,0.13616562,0.8254066,0.81839013,0.21728255,0.06349478,0.62944144,0.35726982,0.5899892,0.6890007,1.0260983,0.0,0.3358995,0.04145229,0.03960439,0.658199,0.80307513,1.0640277,1.0870562,0.26419908,0.22906542,1.862153,0.048764147,0.22554882,0.33521628,0.62337476,0.20429148,2.4708943,0.98304856,0.22011884,1.164028,0.05266741,0.54761297,0.5364575,0.034295317,0.07664448,0.002766034,1.1521201,0.02778751,0.10209091,0.07118225,0.21971776,0.020878445,0.45833328,0.79348046,0.00017255993,0.019601524,0.6342074,0.2211584,1.7847596,2.9834747,1.9300649,0.83235663,0.085026786,0.07069902,0.12874326,1.6461492,0.38600338,0.15798505,0.3760522,0.5027393,0.3405992,0.12962095,0.36072314,0.89412767,0.6135599,0.48832428,0.5298394,1.4054804,4.0907364,0.28997767,0.258323,0.13023566,0.07180007,0.6357778,0.17774324,0.7308362,0.22655477,1.4570109,0.54881287,0.48146287,0.82525337,0.5156034,1.3522263,1.4217105,0.29975834,0.5639153,0.30248496,0.18670179,2.7193186,0.15127164,0.41886705,0.18844114,0.53886926,0.054107465,0.042726554,0.11062925,0.33548892,0.2480195,0.13791542,0.5444641,1.0055412,0.29920906,0.69928926,0.20162316,2.7756321,0.12368371,0.4487193,0.001537354,0.18305717,1.5684541,0.7010909,0.73651797,1.9288495,0.6428244,2.034829,2.1135228,0.22257006,0.5831843,2.4056413,0.19199534,0.4813546,0.086230606,0.40651694,0.77328503,0.89495426,0.07893762,0.0020187122,0.021688653,1.6307313,0.03786872,2.0716176,0.5471111,0.04615293,0.3125647,0.027824298,0.029397998,1.1959965,0.0,0.77290833,0.8853724,0.15732104,0.59975207,0.02367889,1.1118866,0.6759048,0.09839757,0.734592,0.51575667,0.752331,0.30792132,2.8289258,0.22462745,1.2679105,0.2705961,0.61575943,0.21906644,0.14704987,1.3300809,2.1452197e-05,0.20941395,1.4636141,0.9452499,1.80246,0.41007173,0.0,0.027139885,0.79868,0.062355556,0.5592132,1.0215527,0.20196982,0.33804625,0.80006206,0.3054925,0.26159215,0.27082938,0.047134843,0.7804978,0.48075616,0.24230392,0.8986927,0.47089106,0.45396626,0.40463358,1.0153154,0.06851358,3.1374695,0.16198364,0.20480655,0.9123236,1.2789036,0.5526481,0.02981548,0.063134156,0.012869061,0.14940636,0.05109199,0.6095357,0.071002975,0.014061449,0.21813771,0.2856481,0.28684768,0.96434104,1.1691159,0.36485836,0.8437528,0.1357123,0.2314231,0.30777055,0.9732608,0.40830448,0.08063457,2.59199,1.358905,0.46970284,1.3127924,0.46826366,2.771848,0.24855722,1.8912615,0.19863354,0.87785137,1.0827388,4.181124,0.045704,0.36638966,0.76252425,0.061794806,0.279708,0.37996545,0.42463517,0.034048703,0.28864217,0.02576418,0.6384665,0.1564255,0.85220367,0.33804092,2.0030706,0.0132664535,1.1750242,0.022789864,0.20309907,0.087401845,0.0,0.3273232,1.3773465,0.373053,1.371188,1.9169047,0.07026229,0.4060297,0.41322848,1.0146095,0.6056546,0.82058716,0.387318,0.69153297,0.32591164,2.118328,0.32106173,0.1526074,1.0013771,0.04589235,0.35674012,0.037215937,0.0,0.38136914,0.31993842,0.6291285,0.39467695,0.14955471,0.26781598,0.09774559,0.05778958,0.31778264,0.55128336,0.9115431,0.017368529,0.07832804,0.82277435,0.65648603,1.0759233,0.0,0.19675103,1.2265564,0.11003561,0.14916058,0.11400501,0.25533688,0.5781088,0.01309811,1.530981,0.0009401027,0.36581385,1.6482551,0.04659496,0.8696771,1.4102215,0.87581694,1.255909,0.23309205,0.9509232,0.5638523,0.866237,0.11135403,0.2929676,0.17007041,0.23972335,0.25337917,1.0926497,all_pothole_images\pothole_images_new_image_1068.jpg
1.6847471,0.028900666,0.15257816,3.4536188,0.32048255,0.3958902,2.616029,0.002719795,0.4667469,0.47257248,1.5542935,0.5045619,0.10565148,1.0337616,0.1658874,0.0,0.1370244,3.0228305,4.0252295,0.3474743,1.4025306,0.2913161,0.86897993,1.5655985,1.8056206,0.103489555,1.6300335,2.8645182,0.0029823384,0.0,0.44243738,0.3387356,0.0,1.5132377,0.62316597,1.636692,0.13405505,0.9270044,1.0539125,0.03562707,0.0,0.19511636,0.7972982,2.2499466,0.3029662,0.06984731,0.09826258,0.1685356,8.52164e-05,0.9340623,1.0452546,1.3023345,0.7325981,0.034713384,1.2392845,0.95471245,0.33249334,1.7765641,0.02388472,1.0179018,0.9652741,0.88968825,0.015513052,0.20304817,1.5959759,2.8348756,1.3411028,0.0056690024,0.01123046,0.0028454356,0.33324435,0.81156045,0.23083001,0.2632048,0.16015217,0.09334518,0.0111540565,1.0255102,0.884469,0.8973275,0.0043305247,0.553855,0.015062064,0.08592853,0.19189288,0.0,0.22117968,0.72913283,0.51908624,0.2527408,1.2873322,0.042282812,0.7865398,0.025178706,0.72614616,0.0071896063,0.06597758,1.5528504,0.87525487,0.38435987,0.039473686,0.8585264,0.51139474,0.4050517,1.3848076,0.12703718,0.22892348,1.7956741,0.013757316,0.08204108,0.0,2.147828,0.8270936,0.70184964,0.035923325,0.096098915,0.0,0.1352078,1.6334404,2.9234936,2.1688535,0.0,0.30416006,0.4113267,0.40874633,0.0005662513,2.8271916,0.0,0.0043204813,0.500288,0.10675414,0.057162363,0.2125753,0.019831419,0.78729105,0.9033905,2.023795,0.58463246,0.6204346,0.042952556,0.21393383,1.3724815,0.36103547,0.26802793,0.80235624,1.3673682,0.9605159,0.014820558,0.63937134,0.78119844,0.21089008,2.3637028,0.03287063,0.020488568,2.3857882,1.8843592,1.0161468,0.0070409738,0.5712242,1.2199019,0.29644632,1.756657,0.4200648,1.4796145,0.17446844,0.43808746,0.21907827,0.06888983,0.080305144,4.673662,0.038599443,0.087701075,0.3013027,0.030561035,0.46001288,0.12148032,0.083373554,0.0033116394,0.0010487624,0.20124613,0.45479748,3.3996534,0.49522135,2.787794,0.9546418,0.9260847,0.10126557,1.2047653,1.5199658,0.07520432,0.0,0.8683787,0.08745836,0.5932619,1.14678,1.0267156,1.9441309,0.26145464,1.4474696,0.56198144,1.0595363,1.3177775,0.14093135,0.506967,0.0,0.30457014,2.2668405,0.06814227,0.595651,0.5265813,0.018591367,0.7041459,0.21060543,0.6275417,2.3657665,3.781605,0.0011028067,0.15395501,0.24209651,0.54988104,0.7974361,0.42649484,1.203542,1.3729621,0.04603014,0.0,0.46975723,0.1499641,1.6317093,3.1611862,0.28644538,0.071422175,0.99139845,0.22212517,0.3056624,0.526426,1.0995061,0.9962781,0.196773,1.2365539,0.0072740037,0.8110024,0.91748595,0.06326085,0.044143647,0.62369305,0.56748366,0.11467032,1.0922462,4.3366485,1.9255315,0.0,0.00905662,2.341821,0.9310745,0.23287262,0.0038764232,2.5481737,0.010475235,2.9083014,1.3901638,0.8379698,0.16185716,0.034364037,0.8080254,0.4937256,2.6515098,0.11622189,1.4804139,0.60824907,1.2461091,0.03838005,2.2809052,0.028069345,0.26675928,0.7383458,0.4478058,0.08340152,0.30895266,1.0957751,0.022171263,0.067790315,2.1224248,0.08942544,0.09809017,1.2662882,1.2770538,0.503107,0.22756523,0.045957502,0.0,0.24821313,0.012707875,1.1838117,1.5162171,0.7886263,0.28023037,0.0196802,0.6785482,5.5704284,2.043684,1.1662425,0.33048415,0.007851739,1.3412658,0.0011801834,0.8091599,0.035581045,0.21023074,0.24652568,1.4362133,0.061002772,0.13576984,1.5614427,0.40425918,0.55173665,0.0016643186,2.306825,5.3308554,1.9792883,0.99053437,0.0,1.4444783,0.7355555,0.12887464,0.87225115,0.017185895,0.030426307,1.7979589,0.527148,0.39781222,0.00022080624,2.606799,0.8038003,0.5605286,0.03662812,2.048098,2.613491,0.2711258,2.5015805,0.35407132,0.0007258624,1.8101896,3.8504949,1.0632303,0.90778214,0.3909954,0.7506639,0.49552923,0.032648202,0.23216002,0.20741484,0.008640812,1.1881042,0.07553121,0.018898586,0.33412054,1.9523215,0.17240457,1.4907101,0.13159682,0.8664616,0.4442087,1.5919297,0.0,0.048175134,0.26656887,0.4969736,0.1485616,0.21452203,2.2189102,0.11060146,2.4121606,0.13036646,0.015853476,0.00757656,0.6246706,0.0,1.3444216,0.3292338,1.9117434,0.5731999,0.0,0.705788,0.108304836,0.48357865,0.4500219,0.32527962,0.09299251,2.0440607,2.405848,0.044046838,0.74667495,0.0991985,0.27169475,0.56543285,1.2953162,0.036080945,0.23043217,0.0,0.57486635,2.2351596,0.105804324,0.13378341,0.2533954,0.18227686,1.2742081,0.92889327,2.116359,0.36723936,0.9118267,0.6918041,0.07888822,2.7059479,0.000900978,0.6278643,0.23449098,0.2937248,0.42794508,0.0013332637,2.6821148,1.6046336,0.04167072,0.74462533,1.5005012,0.6161273,0.7553427,1.3892981,0.081004806,0.027790477,0.024304278,0.019997759,0.27318394,0.56561303,3.9203026,0.6032463,0.511649,0.23849319,0.37350094,0.0104936045,0.58339924,0.047734864,0.019754311,0.41154942,0.00030980576,0.0065151723,0.01263746,0.5997328,0.07584301,2.7306094,4.739431,0.18819346,1.4418665,0.01163003,0.32166886,0.012350414,0.0,0.022620177,0.0128464755,1.0797663,2.956813,0.05565994,2.2750866,1.0324267,0.044960506,0.027477756,0.14869635,0.46679434,0.049855694,2.4625585,0.5737465,0.1765294,0.07534465,0.75233763,1.18247,0.016497515,1.4127936,2.518635,1.1342064,0.00016739685,0.3079602,1.1697904,0.32216415,0.04180923,0.764277,0.0064876555,0.0059020882,0.1699207,1.4660426,0.0,0.013726044,0.86835873,0.0488264,0.6643833,0.058212016,0.024713425,0.054618087,0.071355805,0.09701125,0.6799534,1.7279142,2.210714,1.243311,0.64300174,1.5135996,1.6343772,2.13055,0.9749413,0.05097859,0.53760964,0.0012572827,0.12476216,all_pothole_images\pothole_images_new_image_1069.jpg
0.179576,2.9002087,0.82226855,1.9048423,0.58172274,1.2416928,0.38210505,0.63267416,0.92471033,0.5106317,0.31381026,0.5172777,0.58680475,2.275799,0.7059428,0.46986368,1.2507787,0.07106863,0.85596573,1.5958569,0.45298168,0.72606647,2.2631567,3.2145452,1.4732909,0.4657387,0.6109694,0.71209246,0.16665708,1.2269039,1.2015507,0.4727351,0.52277076,0.92498744,0.32961908,0.36894277,1.4966898,0.43358478,1.1086978,0.61143583,0.5226663,0.20139061,0.2890794,0.039674345,1.3265692,0.26522216,0.071514495,0.1345628,2.8319397,0.06983914,0.7499226,0.9037333,0.7089026,1.4061341,0.50079066,0.2604575,1.1791251,0.18306845,1.080755,0.25829363,0.5354614,1.0059654,2.3517714,0.10266078,0.31876191,0.5406483,1.2561055,2.104663,1.0944687,0.41355342,1.540579,0.73117095,1.7093956,0.3710813,1.1041175,0.5263888,0.066804774,1.4974054,0.43269554,0.5592132,0.13486016,3.5340204,1.3028686,2.5527623,2.4973054,0.06957141,1.0587231,0.76431644,4.344621,0.89515495,1.0209886,0.94156194,1.7319763,3.7314723,0.60936576,0.68393874,0.85082686,0.70434654,2.5247784,0.23703064,0.060012907,1.6061641,0.6046838,0.38866314,1.3417649,0.9407907,1.785577,0.2889604,0.90763474,1.1510988,1.439176,1.4498924,0.47858647,2.375272,1.8048414,1.2558717,0.503848,1.289784,0.9817992,1.0948819,1.4002173,2.6158834,0.75006574,1.0763537,2.7259471,1.1817667,0.20717475,0.107057,0.49723798,1.0853764,1.0612558,2.1850584,1.4642321,2.6319673,0.30388123,0.50729483,0.04923969,0.89175135,2.1916792,1.1693832,0.83553886,0.9816027,0.23316771,0.806306,1.0063101,0.29529703,0.41479343,0.784829,1.191272,0.21494833,0.12029661,1.7737398,1.7978327,0.26101172,0.32708275,1.2129987,0.09993769,0.6274159,0.08330378,0.08901781,1.590301,1.4215058,0.17737058,2.220929,3.5222316,0.93801063,2.2762501,0.066679,0.75967664,0.8396169,1.9794135,0.6722789,1.1566021,0.33422348,2.876807,0.012956684,1.204248,0.3111854,0.061393168,0.14233968,1.3403298,1.6365408,0.7880487,0.887631,2.6839364,1.6883265,1.4196362,0.8686679,0.14787315,0.6348217,1.7834617,4.787586,0.31659174,2.3129694,0.3656472,1.1969055,0.5789546,1.5230812,0.63291156,1.4377961,1.0712605,0.3695586,0.09941461,0.56509715,0.12872742,0.3707491,0.20480767,0.02537745,1.5416875,0.04284396,1.3510514,1.5417265,0.9379232,1.6210213,0.15559761,0.22585525,0.40296426,0.7196233,0.047024492,0.31709775,0.80086607,0.04703564,0.43120834,0.765968,0.364365,0.12192685,1.804747,0.14053376,2.3140087,1.3763309,2.2118986,1.4647715,1.0520034,1.0145448,0.38056582,0.97844136,0.37881088,0.30097952,0.36046904,0.802544,0.38577428,1.0473528,0.48069537,0.16263409,0.9446274,0.29554296,0.8512973,0.60997224,1.0048426,3.538969,2.1416824,0.560615,0.29144058,0.9356749,0.7896025,0.34557292,0.54207224,0.85629004,0.5119372,0.7822634,1.7978585,2.2319431,0.58978164,0.7888105,0.046614423,0.43535155,0.7282384,1.3511175,0.42983493,0.3609378,0.3642719,0.048047613,2.2565804,0.77199847,0.88348085,1.3754619,0.7368779,1.4848105,0.034015566,0.3064255,0.15750267,2.0815353,0.58649445,1.189497,1.817351,0.9086545,0.90644664,1.9198586,2.3938317,0.7765839,0.6625499,0.4026497,0.016906358,1.6767677,1.7648917,1.1862829,2.8863966,0.10625078,0.52548265,0.32157058,0.0,0.102924764,0.015733548,1.1857818,4.1268106,1.9289528,0.69584984,0.21122602,1.424511,0.77039707,0.23277952,0.66789854,3.9663537,0.47968167,0.30565116,0.42614356,0.18399107,0.701045,2.3425593,1.3929341,0.036796104,0.6087394,0.6112794,0.028636688,0.2868069,0.101773016,0.80665755,2.2374318,0.52228546,1.2070911,2.3575094,0.028546425,0.47043964,0.40540814,0.7233663,1.0868245,0.8401162,1.2745942,0.5955498,0.47134387,1.4018897,1.4221779,0.7737592,0.40345335,1.2858571,0.09771755,0.5252408,0.08268936,0.20624447,2.3189554,0.19939104,0.48860198,0.68484384,0.8378418,2.0027628,0.8594836,0.43325824,0.55356085,0.91894495,0.036653034,0.25414827,2.8628306,0.050268196,2.1030958,0.02789645,1.0184219,0.2865031,1.210793,0.36717314,2.7482283,0.5288029,1.2995552,0.0956785,1.3967618,1.0698105,1.5174073,1.1062454,0.0879577,0.87136966,3.4529989,1.5953985,0.6512146,0.030515496,0.16411726,2.428818,0.24284747,3.2838514,4.6639075,2.0680974,0.99131817,1.158534,0.086397685,1.3219609,0.19200887,0.051123906,1.1451964,0.28346494,2.6441917,0.4662263,0.7597211,0.18858695,1.5164378,0.3386836,1.1564587,0.11228829,0.02591171,0.3783337,0.7305309,0.4849622,1.1662453,0.014292297,1.0146431,0.18291485,0.75285214,1.1459496,0.43080056,1.7976379,1.5648862,0.09374101,0.22191794,0.32171318,0.18587528,2.5619817,2.1642885,1.3291707,2.7380078,0.3906585,1.1190798,1.176066,1.8540337,3.3630984,1.593418,0.77792495,0.031078827,0.4954398,1.0095346,0.50388145,0.120010994,0.3692346,1.0861617,0.9080096,1.570097,1.6023092,0.29313928,0.077935986,1.2117866,0.9950197,0.81411445,1.4107223,2.0179157,0.7710671,0.42003515,1.0144849,0.1243117,0.86295474,1.1568043,1.628328,0.0497142,0.21777372,0.24245024,0.97130793,0.23222595,1.03852,0.20698027,1.5068605,0.9798778,1.5853496,0.07851634,0.78726506,1.2683507,0.80708194,0.24390152,2.4507375,0.04014534,0.82937926,0.8268171,2.0315104,0.1519167,0.7118009,0.8666463,0.16885276,2.148748,1.5923785,0.056860797,0.80683446,1.7000287,0.4160759,0.64248604,0.9817783,0.27190486,0.18438289,2.73213,0.4614117,0.036145803,0.097277,0.5194847,1.6490151,0.055066176,0.59000933,0.79619765,0.36613962,1.0101999,0.45887515,0.1159533,1.277064,0.28022525,0.35361534,2.8376932,1.4849722,0.49114075,2.0079358,0.35677457,all_pothole_images\pothole_images_new_image_107.jpg
0.7614357,1.6634923,0.3677843,1.6010318,0.4113792,0.45715034,0.44018975,0.011208423,0.8456863,0.5039474,1.1310407,1.4526469,0.019787585,1.1689898,0.7564032,0.77056897,0.91631657,0.29446065,0.5035302,0.95865095,1.4242105,1.7133709,0.121234484,0.9091349,1.0461642,0.62181157,0.3768851,3.8029313,0.6681587,0.008931922,0.38802275,0.31247985,1.2679099,1.8960363,0.06331394,0.9179423,0.69880366,1.0856546,0.024851603,0.46836454,0.25020397,0.0008005408,0.90469,2.0381837,0.73732084,1.1332043,0.21853937,0.13470376,0.2198896,0.69422233,0.85223216,0.659578,0.98918724,0.43843693,0.40095916,0.9272772,0.16759153,0.09102351,0.3734384,0.2531021,0.56497556,0.26959684,1.290852,1.3614436,0.5732456,0.60895115,0.2661334,1.291057,0.18144152,0.4176246,0.89397055,0.38799465,0.4414691,0.84535706,1.0107014,1.034347,0.37727854,1.0725958,0.007212917,0.12726401,0.3156687,0.27919266,0.05443899,1.2430837,1.0300877,0.7157491,1.0830058,0.38590193,2.716904,0.041719027,0.20034535,0.0,0.49689895,0.6768736,0.05348243,0.5967183,0.5412922,0.6402746,0.67583823,1.4788884,0.045191254,3.0002086,0.6216263,0.13427152,0.06242832,0.21181443,1.1625435,0.9134426,0.5251672,0.14859651,0.025435934,1.9910789,0.60924137,0.15888633,0.7764547,1.7349747,1.554187,0.86018056,0.07652475,1.6249303,1.8014051,1.0753007,1.016672,1.4403305,0.4595256,0.30403215,0.76385635,1.5681804,0.4947506,0.7269407,0.706121,0.0018529232,0.2160018,0.69354916,0.81012124,1.5993042,0.9051751,1.1551056,1.082481,0.35483748,0.25079745,0.24833047,0.07728787,0.4322084,1.7100333,2.2284179,0.5677149,0.004976543,0.37896296,0.88064814,1.7702161,0.92008376,0.15028514,0.071000166,0.14988667,0.5908574,0.6577256,0.3578339,0.3344961,0.43722343,0.5019029,2.1041176,0.0023760046,3.8644388,0.0,1.2582264,1.252434,0.9811454,0.6182185,0.8155211,0.79704934,0.9103681,1.1973224,0.62096685,0.12438492,1.1450644,0.5664599,0.15275815,0.10758426,0.18368952,0.14151058,1.2856447,1.73366,1.5175899,0.8589247,0.3976372,0.21491273,1.2613367,0.52295274,0.2502117,0.4346563,0.5902542,0.20194308,0.9950317,1.3072958,0.8036287,0.56641346,0.014574722,0.21159214,0.47009778,1.0363916,0.42626673,1.4218242,0.79197115,1.1344342,0.25018084,0.686749,0.38877803,0.092460886,0.034621127,0.5928978,0.09521546,0.29724115,0.22000104,1.090759,2.1724634,0.7166707,0.020568848,1.6150326,0.34316003,1.5114901,0.02360729,0.38626608,0.007799803,0.02067217,1.4038272,0.5290426,1.2957026,1.6576407,1.2265931,0.23236918,0.56900024,1.4332554,0.13928984,1.0575955,0.022736784,1.8725297,0.08616152,0.026396643,0.52074957,0.9977574,0.17113714,0.7963506,0.049007747,1.0923543,0.007928158,0.64092547,0.53816056,0.1719857,2.188779,1.311079,1.0962291,0.6540948,1.1184548,0.20464474,0.010412274,0.22139631,0.011928979,0.24873309,2.9163942,0.34798127,1.2828285,1.9728178,0.029609913,0.25930914,0.25659552,0.3585743,1.6123205,1.3967087,0.6036402,0.13711955,0.13620067,0.37416333,0.53857034,0.26395413,1.1115371,0.25561884,0.6769745,0.6050515,0.7361822,0.5736982,0.28733328,0.72332543,1.349519,1.7817955,0.049103443,0.78409886,0.93861353,1.012262,0.2670294,0.69621885,0.21432763,0.28205302,0.38762447,0.47462165,0.5524135,0.97513837,0.30463213,0.8425985,1.8869227,1.2590173,0.5598463,1.0414766,0.9760493,3.999807,0.2941652,0.25349113,0.29576156,0.33371657,1.2618406,0.039811008,0.30381742,2.0166366,1.4812186,0.08062889,0.8686352,0.045146514,1.7984741,2.4107585,0.9811933,1.3193984,0.2518008,0.90627736,0.47831872,0.7879033,1.7118009,0.49724197,0.5422783,0.31507865,1.8251231,1.8574746,0.539606,0.047652062,0.1394001,0.47670567,0.54478735,0.9580391,0.8334084,0.5801243,1.0788879,0.574875,0.32996604,0.75508446,0.8395303,0.51885074,0.15318891,0.5049138,0.6401202,1.1978946,0.26975593,0.04139893,0.09960896,0.04805306,0.2304148,0.8161354,0.08351606,0.40386003,0.36508745,0.92033285,0.3920926,0.025796656,0.6325161,0.73280793,0.94572616,0.41868034,0.44693923,0.51427686,1.0938578,0.31845018,0.123398036,0.8232541,0.98050386,0.63694584,0.44491506,0.21266595,0.25207722,0.5480807,0.19541351,0.29006696,0.84142053,0.9873144,0.70106554,1.2312744,1.5544324,1.2738749,1.5238901,2.54165,0.86418104,0.21491969,1.3721544,1.533375,0.24245211,0.53111506,0.23425643,0.172044,0.3123086,1.3905132,0.5673641,0.42960843,0.0628636,2.972907,1.2648956,0.23628604,0.4711093,0.056607522,0.75355214,0.87164164,0.0,0.62811404,1.3036102,1.025132,0.26523742,0.61356217,1.1304092,0.0,0.5478243,0.71918285,0.54144615,0.68063134,0.29132906,1.943545,0.56481546,0.98512864,0.6132538,2.6289814,0.45306182,0.6650916,2.8636405,0.21918786,0.5972451,0.6431946,0.005197046,1.1276914,0.46814385,0.37746277,1.3341634,0.66975105,0.22907773,0.03227729,0.86674726,1.4860071,0.7364411,0.4358185,0.19560124,0.102670774,1.1177582,3.451241,0.8274682,0.42522067,0.79243857,1.2964199,0.26793376,0.4132745,0.07027902,1.101149,0.26685333,0.69267905,1.0560218,0.44882545,0.25796056,2.2733505,0.33731157,1.2167996,1.5410093,0.36698103,0.67317986,1.7399206,0.023178348,1.4005458,0.5939688,0.73824793,0.38228676,0.29285786,0.3088801,0.97553176,0.255768,0.58867574,0.57488036,0.8423884,0.114151575,0.5189639,2.4489894,0.44895762,1.0168743,0.2215471,0.028492907,0.23118001,0.58940834,0.017587293,0.1206128,0.84165674,1.2081375,0.10168338,0.35910064,0.5645406,0.5318118,0.0040420284,0.19779815,0.06937582,0.23540056,1.7532527,2.1549022,0.255627,0.85428786,1.4312497,0.4714223,0.56381464,0.2535774,0.20805028,0.49658388,0.50813496,0.27807277,all_pothole_images\pothole_images_new_image_1070.jpg
0.31494984,0.5654836,0.11400444,2.2362497,0.90540886,0.5602872,0.70067,0.33271027,0.118633695,0.14516723,0.4922634,0.53697896,0.2258358,0.7199214,0.14456962,0.2552105,0.30001384,0.79803544,0.31706718,0.013350749,1.2117201,3.1243067,0.470575,1.4102528,0.35556778,0.4376194,1.032694,1.8805206,0.0957218,0.2242088,0.70910615,0.36140928,0.80656207,1.2146087,0.5285048,1.748047,0.11831867,0.55203223,0.2012721,0.6729069,0.012904099,0.0,0.22260357,1.6991644,1.3550636,0.46710548,0.090846166,0.0,0.030903192,0.9807145,0.56633157,0.7755603,0.50301844,0.3458387,0.015794212,2.488315,1.982903,0.62335896,0.23949613,0.021946445,0.55355215,0.5226757,0.8236263,1.1072398,0.52256,1.836172,1.1354878,0.106496304,0.3957433,0.9232639,1.0601952,1.8566874,0.008402104,0.21189381,0.03873366,0.14812094,0.23208186,0.49958795,0.03507031,0.020617237,0.4723021,0.027402561,0.03400003,2.102155,0.5040893,0.19654678,0.03226371,0.2885767,2.2697132,0.29468313,0.3170571,0.13517818,0.08648305,0.089708515,0.43915778,0.23900566,0.21992621,0.9141643,0.4448151,0.20346151,0.18608733,2.8266463,0.37211448,1.0119234,0.36671296,0.34430498,0.118631504,0.052992377,0.8564121,0.37881303,0.3779541,1.1470761,0.19577913,1.0632803,0.9500389,0.42683735,1.0802609,0.6226883,1.6283884,0.6712701,0.56224984,0.7932704,0.082414895,0.6359248,0.90348643,1.1169537,0.1736802,0.30058515,2.302045,0.5142876,1.2330266,0.08579715,0.4099724,0.16133668,0.13315327,0.5773488,0.15821259,0.37596706,0.31972465,0.29601088,0.6683597,0.5433461,0.16402447,0.9134835,0.27263644,1.467202,0.25897,0.0604623,0.44677714,0.40841362,0.051428802,0.59207696,0.010170469,0.19866994,1.4221385,0.46320233,1.1414737,0.5990206,1.1018089,1.7420087,2.613211,4.0549536,0.1492928,0.7621071,0.7663031,0.0,4.3129005,0.060495634,1.5695022,0.26833257,0.48289087,0.20240837,0.0065796115,0.50038767,0.41548938,0.8996553,0.49266538,0.041526522,1.1734499,0.010961171,0.060264096,0.40965873,2.955268,1.2150514,0.651116,0.8696148,0.40328267,0.3454441,0.7934792,0.75699157,0.05801289,0.47119403,0.33769053,2.5540085,0.0018326824,0.6814494,0.32121968,0.46127295,0.038438197,0.1894805,0.13195589,0.5287883,1.4246783,1.0495496,1.0513942,0.47109446,0.6807332,0.18024285,1.8739406,0.4817971,0.02048182,0.05772761,1.0413475,0.40537655,0.73774445,0.83633125,1.0501791,0.1632899,1.086146,0.07340238,0.9819518,0.62848246,0.590342,0.34625998,0.0050367555,0.109861314,0.22708951,0.5608134,0.16989419,0.5992138,0.117316954,0.67938304,0.17982708,0.2878016,0.52716845,0.08127403,1.6579661,0.46194503,0.003608029,0.13489752,0.37202507,0.084747806,0.62407136,0.01694902,0.3222082,0.3776358,0.8161859,0.1374065,0.7530703,4.0864635,2.477177,0.03676577,0.26405895,0.75993735,0.4599577,0.59045917,1.8902214,0.061869297,0.078178436,2.3785093,0.2942339,0.24555463,0.8189528,0.30591804,1.1709503,0.33718163,0.076134525,0.5473472,1.5841858,0.0,0.3910568,0.01786074,0.2538052,0.31809476,1.2696221,0.524132,0.28541604,0.42244378,0.8486112,0.48429853,4.3082848,0.017125037,0.6748943,2.4616034,0.6651197,1.0485419,0.6924007,0.13256223,0.7087441,0.3809225,0.39714345,0.9439889,0.17498718,1.8135488,0.323862,0.12687607,0.50685537,0.69255203,0.26613876,1.7178005,0.46707076,1.2379793,0.051647395,0.3325347,4.1061563,0.11075088,0.0,0.6442871,0.033713374,0.2321868,0.7084942,1.5051618,2.1353884,1.4196055,0.996,0.49342373,0.43166164,1.5499512,1.1409448,0.25929448,0.6598722,0.3960931,0.089843206,0.8939897,0.09591993,1.0503283,1.2155402,0.031531475,1.773409,0.7132027,2.239766,0.4843225,0.39452004,0.042170286,0.13049656,0.29009196,1.1421036,0.99632543,0.7478656,0.4484745,0.34522983,0.5785355,0.6810671,0.12073254,0.6173769,0.21071456,0.12190216,0.12987278,0.38134414,0.23399538,0.44555137,0.6712522,0.070946485,1.6004565,0.112531215,0.01873706,0.31278318,0.3313183,0.88842934,0.19656585,0.39386067,0.4934566,1.7081249,0.4000019,0.0,0.02662881,2.1428053,0.44361705,0.77725244,0.44134083,0.6321261,0.11285827,1.6347754,0.08675403,0.57063663,1.2658854,0.38250592,0.11372118,0.12626943,0.659535,0.15736309,0.07825522,0.84306186,1.116176,1.8805277,0.78388244,1.3433853,0.012480508,0.1227921,1.1355649,0.61578345,0.3330227,0.24609718,1.2916818,0.1347276,0.14228871,1.3031362,0.14768943,0.2848554,0.55796385,0.008446428,0.6328448,0.07403356,0.3984104,0.11413336,0.14734973,0.59506553,0.19685218,0.1052859,0.87441236,1.1571985,0.8091032,0.10386932,0.15426359,0.095568925,0.5888591,0.32613674,1.632976,0.96158326,0.09048733,2.272336,0.74419695,0.86872333,3.4949281,2.7988913,0.5121463,2.2774365,0.45380786,0.10198702,0.6177281,1.428644,0.07047554,0.11034311,0.21553671,0.112010896,1.4108114,0.71086705,0.2858102,0.35044876,0.28987306,0.34592265,0.10846332,0.11597486,0.3555694,0.116409816,0.41986308,1.4971211,0.15535979,0.72061795,0.75553924,2.5400503,0.22754689,0.16080883,0.57210916,1.4394034,1.0739244,0.48684323,0.38392282,0.089021154,0.5120575,1.9183655,0.9366148,0.82038623,0.31269512,0.08679279,0.34188613,0.13682207,0.6268767,0.95595473,0.32725492,0.32770845,1.5609357,0.48472992,0.43942103,0.3201977,0.22981837,0.0,0.82581973,1.0519363,0.09136019,0.22904804,1.9978414,0.17639911,0.592246,0.0,0.43175963,0.83204246,0.09253602,1.0266387,0.11159215,0.5188049,1.890677,0.032177795,0.098008886,0.09431066,0.091054164,0.17113395,0.6236137,0.0014491242,0.21771057,0.22154333,2.4450514,0.5066975,0.124795735,0.7939245,1.0698136,0.45904332,0.040781546,0.11583508,1.0915126,0.17303556,0.16154954,all_pothole_images\pothole_images_new_image_1071.jpg
0.11799105,0.3352857,0.5071023,2.5098069,0.61082673,0.11939498,2.2343643,0.118977554,2.0583282,0.797431,0.87522125,0.2648302,1.0290871,2.2054017,0.02016744,0.8984448,0.6532493,0.7551567,3.319869,0.0018036955,0.50255865,1.7701131,0.092670344,1.144673,0.8563541,0.08589849,0.33738062,2.0251658,0.5935198,0.035249025,0.15684834,0.40655753,1.6604832,1.2699664,0.07127828,1.423224,0.011444392,0.2704571,0.22724357,0.0048221713,0.6867912,0.0012962244,0.32742023,0.6396968,0.5396068,0.0947406,1.1682383,0.0016643675,0.31583473,1.9357414,0.18161546,0.04993988,0.8290096,0.9532415,0.29065576,2.0957131,0.36018547,0.9303602,1.5037019,0.38006973,1.605162,0.31216344,0.3455197,0.6191785,1.184127,2.3173807,2.6185682,0.019498518,0.3602155,0.18954475,0.19191186,0.0,0.19911668,0.07627616,1.8078976,0.15213852,0.06039617,0.755737,1.4145638,0.0014554157,0.06199599,0.11624188,0.2677503,0.6909292,0.5859409,1.1371238,0.5697677,0.14518274,0.3842444,0.41124362,1.299276,0.20717503,0.031582683,0.8650738,0.9358442,0.19921789,0.44157162,1.9870377,0.026039014,0.65455604,0.022608785,1.1471436,0.011131757,0.34295288,1.7298895,0.41619164,0.28022802,0.2687857,0.0071421633,0.2905283,0.24767406,1.6078314,0.016939547,0.48175073,0.21468836,0.0,1.0459117,0.7980476,2.9403355,2.4498935,2.4528747,0.4094137,0.41359875,1.4996951,0.5261685,1.1701498,0.26419464,0.24886507,0.54460436,0.24056625,0.91039187,0.2733278,0.21484356,1.5187823,0.46255225,0.56468844,0.59698963,0.2976115,0.22002177,0.60829645,0.52535444,1.2357574,0.24944332,0.09110569,0.71339905,0.5847741,0.19918792,0.41982883,0.5358304,0.6080519,0.08947221,0.62262005,0.026098536,0.09422374,1.971021,0.6778044,0.9375774,0.19049491,0.015906371,0.6312416,1.3602318,1.3854563,0.061096318,0.50016403,0.88565296,0.03723275,0.53078324,0.07015523,0.5648916,4.813744,0.4560051,0.028690942,0.0020206287,0.55792093,0.47820333,0.7155918,0.8068995,0.01895157,0.06603049,0.3472241,0.0019408326,1.5875432,1.5683783,0.27879697,1.1468261,2.4024515,0.9729653,0.7555708,1.0490133,1.3969611,0.13345155,2.349003,0.3259688,1.2120081,0.17049198,0.3084471,2.192554,2.1998444,0.4688173,0.28864238,0.053443197,0.7844734,0.77053684,0.22392954,1.5045586,0.46241853,0.5607772,0.09926348,2.4066918,1.0986726,0.4803631,0.0584622,0.07902481,0.45445263,4.032067,2.4245791,0.053158667,1.1468563,2.7869842,0.12291022,0.22743633,0.7876467,0.53320426,1.5938238,0.0,0.0,0.55307215,0.08321139,1.1438664,0.23180072,0.17185345,0.16234896,0.5196543,1.5769902,0.85479593,0.5138063,0.3865649,0.11309406,0.4414992,0.6921278,0.1640246,1.1454597,0.19231951,1.5857844,0.33015105,0.2476799,1.0124872,0.43487003,0.3358788,3.7617004,1.8330837,0.011947653,0.27942786,0.26819283,0.4584346,0.9147479,0.34143057,0.67619044,0.45426917,0.69952196,0.8511972,1.4626225,1.2530707,0.6501727,0.49170843,1.721541,0.3363237,0.2606652,0.6773819,0.6269399,0.06820217,0.17821416,0.37990665,0.11368749,0.015967755,0.7339177,0.4654476,0.28239527,0.678575,0.12193631,0.38589904,1.1721263,0.20270345,0.5751915,0.51582944,1.0778295,0.6263589,0.29005942,1.2644957,0.0,0.2570722,0.3009677,0.3657859,0.7391228,0.7946726,0.044518627,0.25984916,1.612314,0.083133034,1.36722,0.7033379,0.9760474,0.06885299,0.03501672,2.7305493,0.014563519,0.69347364,0.37169638,0.89798534,0.03678656,1.476376,1.1593175,5.472065,2.1462886,0.8528169,0.8288161,0.0059994636,0.2195129,1.325681,0.44410214,2.4893315,0.54857886,0.50232095,0.64720327,0.9967712,0.31976247,0.23040028,0.01326877,0.019813815,0.17774417,2.4300125,0.20287828,0.40670133,0.022120308,0.45807207,0.083273925,0.622795,2.5677204,1.5160357,0.41212285,0.23057197,0.8345751,2.789895,0.502109,0.8628091,0.6394766,0.37986144,0.042544704,0.23491123,0.6449225,0.5656353,0.9509631,0.69520956,1.0074682,0.5630269,0.23535268,0.05616413,1.7708802,2.2551172,0.73543113,1.003927,0.037001655,1.4199262,0.07461694,0.0011040176,1.6371404,0.45825607,0.16977888,0.16466264,1.4890999,1.5301038,0.36847565,2.657242,0.15257359,0.9578264,0.81952673,0.12012211,0.03832283,0.56795305,0.88758117,0.39828122,0.8634791,0.22431506,0.923527,1.4431275,0.8747994,0.14516361,1.085134,0.76770407,0.5246525,1.1532905,0.8089439,1.3901068,2.4606597,0.3616771,0.8157023,1.0329139,1.577718,4.2514105,0.034153387,2.113864,0.3537041,0.21004963,0.102911375,0.23868895,0.4817391,0.5916057,0.08109879,0.08528083,0.0065676756,1.7592957,1.142376,1.9408884,0.04498353,0.06086865,0.0,1.1110419,0.0253106,0.1410911,0.053980205,0.0,0.18555401,0.12765501,1.9793721,1.3135519,0.621646,1.2883263,0.33085954,0.039016653,0.3878303,1.447689,0.7743013,0.5460867,0.041730735,0.25928327,1.3979398,0.8092139,0.90682083,0.14002432,0.4327117,0.40130678,0.87254196,0.88358897,0.38833883,1.7116213,0.28203657,0.8605901,0.2501564,0.59157836,1.5245464,3.419103,0.23042701,0.6063188,1.2288585,1.6122493,0.54225415,0.22288303,0.04998684,0.40368503,3.065572,0.7677961,0.42956826,0.7838339,0.88660395,0.76613384,0.7406465,0.77123624,0.09640659,1.0041702,1.884845,0.12168971,1.3768154,0.0070736436,0.10432082,0.4080589,0.10309283,0.7436109,3.6963384,1.4279888,0.19679883,0.75739425,1.7053024,2.3889318,0.051756207,0.08532178,0.7995575,0.5355732,0.024180517,1.7851533,0.4412763,0.8241705,1.9755788,0.33354944,0.000900937,0.20414498,0.0,0.06285865,0.63333076,0.1113513,0.7287997,1.1838514,4.5078497,1.5677068,0.1547431,1.1984543,1.5952095,0.5042485,1.3096232,1.0185615,0.24161457,0.47466722,0.1595294,all_pothole_images\pothole_images_new_image_1072.jpg
0.28673416,4.312793,3.0699432,0.1551807,0.20198773,0.58925235,0.37260786,2.0859723,0.5071135,1.9787543,1.0903116,0.061563004,0.23878926,0.14497504,0.5879078,0.20445843,0.121113114,0.048389625,0.34868547,0.26259464,0.23723693,0.27584395,0.08751398,2.4358232,0.0,1.1116307,1.3009429,1.2263856,0.30955115,0.5250316,0.6099864,1.8370887,0.62881863,0.90376145,0.8463082,0.9126344,0.981583,0.5504483,0.3826473,1.1216946,0.9743068,1.0440531,0.6383924,0.0,0.43827006,0.35062104,0.39554214,1.0990199,0.07227699,0.31205347,0.032748938,0.8441452,0.22217442,1.0306057,0.9915874,1.4408429,1.6027211,0.28963977,2.1619782,0.59369606,0.76074886,0.8663824,0.38907856,0.3525456,0.42233762,0.9924122,1.2151138,0.38062543,1.8430064,0.69545233,0.56044835,0.7652538,0.940498,0.30937168,1.2831364,2.8255556,1.5963777,0.03326147,1.1880087,1.4421986,0.8017358,0.44140014,0.70355815,1.0625757,2.1562855,0.3669653,0.9100849,0.6482639,3.6344595,0.7485077,0.3297049,0.52545625,0.8734815,0.67169374,0.80734795,0.047918845,1.1508616,3.8511999,1.5348974,0.6662305,0.6718916,0.16049498,0.35005927,1.4227585,1.1878703,0.16697997,1.3634257,0.3122841,0.5523361,0.9497847,0.52257216,1.7991266,0.9749664,0.37233672,0.022688763,0.48987302,0.46299312,0.35871372,0.8504288,0.51365036,0.060102504,0.27201223,0.6660502,0.6715843,0.2420796,0.79096854,0.4503371,0.9769497,0.074981004,0.14347434,0.97370553,0.83953387,0.28151688,1.3105571,0.7779744,0.05446793,0.09450291,0.29058036,0.6321729,0.034321994,0.47989586,0.93096906,0.6174045,0.08301101,0.66437864,0.3833826,0.49575555,0.5891408,0.97495764,3.2616832,1.3497971,0.42903206,0.20961958,0.72695595,0.9380398,0.15404472,0.5169478,0.62150186,0.869061,0.5318509,0.6090549,0.35304198,0.68106943,0.09702983,0.43779075,0.14383309,1.1945658,0.42958796,0.31845295,0.1693627,0.76272285,0.5976286,0.092514105,0.1735546,1.1501185,0.33772242,0.75642127,0.80732155,1.8897024,0.51419497,0.34345427,0.090240486,2.5258174,2.7003555,1.9808311,0.30950794,0.40658382,1.8129218,0.5473006,0.38341635,0.6434328,0.7681321,0.19429608,1.0199518,0.25548133,0.6364837,0.4714239,0.7733137,1.6083035,1.0662082,0.54898614,0.8353854,0.011557604,0.6221379,0.34970656,1.6463699,0.630593,1.3406047,0.3915262,0.88092893,0.344368,1.0796086,1.4169822,2.56193,0.4968788,0.67997086,0.5295619,0.36780968,0.82075584,0.21773447,1.0087166,0.5968284,0.089418955,0.25250176,0.919052,0.68447787,2.2076175,0.21797696,0.010163142,1.2184397,1.1401145,0.17135043,0.6030926,0.7494532,0.39811173,0.057788793,0.005596463,0.82404125,0.31213033,0.20888259,0.21770854,1.1121413,2.1085308,0.41326067,0.17903963,0.2002397,1.7981067,0.71974975,1.0801513,0.93829226,0.21194907,0.75310624,1.4102163,0.6110931,1.4532756,1.8445587,1.0454434,0.7515335,0.7796487,0.73742646,0.7082099,0.23647954,0.72249955,0.1251205,0.013067667,1.1329019,0.39282688,0.25429907,0.47633582,0.1146479,0.50413376,0.3396112,0.32997626,0.7571554,1.4826576,1.2955545,0.36967632,0.10693567,1.9867864,1.6327953,0.60445505,0.18618771,1.4906298,1.8694438,1.4085121,0.40828234,1.179584,1.5277478,0.7544838,0.6053006,1.4200115,1.6510667,0.11803732,0.99867797,0.077005975,0.3519098,1.773807,0.20468198,2.648567,0.69998527,0.048247024,0.9823983,0.35358265,0.70086396,0.17085393,1.044506,0.014934829,0.9947852,2.1337407,0.22749974,2.2964528,0.48732114,4.539315,0.6071752,0.49642655,2.0871718,0.96263385,0.7985648,0.19369806,0.31233633,0.5242019,1.1555696,0.27426317,0.13662331,1.2166185,0.5686747,0.8972378,0.52654326,0.4228839,1.6906238,2.23542,0.5891781,0.41513807,1.4877452,0.97865504,0.22499913,1.5372645,0.5435541,0.6409613,0.11945407,2.1423888,0.9856835,0.16083288,1.2832108,2.0084183,0.2518048,0.4236851,0.27887806,0.5151321,0.932408,0.3875832,0.17799114,2.4486501,0.17403698,0.26355112,0.43995786,0.43922988,0.099662796,0.20736535,0.14175996,0.32912648,0.1763979,1.0206448,0.5485213,0.58811617,0.39826116,1.9003454,0.22189845,0.24744174,0.61840373,0.29521814,0.5743845,1.2618238,0.012336614,0.5947909,0.7035739,0.78150207,0.8037725,0.4426974,0.038981482,0.3890593,0.61911255,0.7714146,0.93089324,0.932468,0.49034414,0.82925946,0.24680807,1.7922928,2.4027658,2.227657,1.1048894,0.20981932,0.4037716,0.9877658,0.07363624,0.3346643,0.54658383,0.17594512,0.2453788,0.26991606,0.9047491,0.3452118,0.36385843,0.6644018,0.08920352,0.86531883,1.7127647,0.7445181,0.40008247,0.48183075,0.21210717,0.30670494,0.112801984,0.1859574,0.27779537,0.9445741,0.16154908,0.0019582585,0.0035097585,0.25188074,1.3793086,0.9167545,1.11354,0.3634434,0.095899716,0.66571337,0.39032337,0.75745225,1.1545119,0.22562492,0.49053472,0.9700974,0.7508883,0.8074656,2.0103748,1.01079,0.7207859,0.62531775,0.05521772,1.2910446,0.47759712,0.0048745223,0.3037705,0.2893068,0.107552975,1.4204423,0.8903427,1.1910325,0.55827105,0.110076375,0.22231585,0.23493898,0.2964414,0.17918073,1.618517,0.8669539,1.8626549,0.16534407,0.26783556,0.036696605,0.2283507,1.6061965,0.42357618,0.11869476,1.4418434,0.070171125,0.36514667,1.3429761,1.8499384,2.3663335,1.6288818,1.2398602,0.5145414,1.3350675,0.105388574,0.5497514,0.7711451,1.1561823,2.1946404,4.8876624,0.92594916,0.43333745,0.41885445,0.74877864,1.4889392,1.5586259,0.6407638,0.47691187,0.17469047,0.49563742,4.018098,0.6381741,0.5872882,0.10204401,0.29618463,0.40743846,0.65388113,0.64019114,1.0525553,0.09705096,0.6358936,0.617471,2.4180334,0.58486354,0.22653294,1.4999259,2.503255,0.8127182,0.52653867,1.2639335,0.58986545,all_pothole_images\pothole_images_new_image_1073.jpg
0.4861372,0.0747697,0.12375119,1.4293042,0.42653847,0.172264,0.13060401,0.0023025614,0.025414985,0.20987569,0.15902342,0.007315925,0.08319395,4.1994,0.6409935,0.3539448,0.17314392,0.51224196,2.1613452,0.23669638,1.575238,1.4968493,0.43859246,0.3167332,0.39027497,0.33119014,1.1373601,0.57467467,0.13080424,0.16401337,0.94698566,0.8942848,0.0,0.16682367,0.530905,0.629128,0.23189026,1.089991,0.86498225,0.0,0.13654533,0.07431212,0.16255239,3.7184908,0.103310965,0.16905987,0.0,0.02768607,0.21807429,0.6350525,0.17607741,0.0075796642,0.6858975,0.62065566,0.25484368,0.96442556,1.0673321,0.23309657,0.100123055,0.017495748,0.17178056,0.10000691,0.026176866,0.21189584,0.37499714,0.3544625,0.14252755,0.18551612,0.34546536,0.40420538,0.020749792,0.19436805,0.33272043,0.29614043,0.0026048804,0.003144339,0.058510955,0.09579382,0.46658167,0.24108617,0.0036323501,0.07078121,0.36019942,2.283909,0.047207598,0.16206281,7.937612e-05,0.41372198,0.8428857,0.037321143,1.8103008,0.00019471825,0.0,0.7787365,0.09003306,0.024402188,0.8414602,0.5050163,0.50494623,0.072611555,0.1196841,0.049909502,0.2477262,0.029856853,0.13114236,1.3324467,0.019548291,0.24148041,0.04493613,0.14953059,0.0,2.114184,0.14131437,0.41929007,0.12011812,0.0,1.4105868,0.16237167,1.6913701,0.36220795,2.7462447,0.5395234,0.23782596,0.12270578,0.13986069,0.14649342,0.46221706,0.4770115,0.7578261,0.464833,0.27457458,0.0,0.2197846,0.0,0.5852085,0.3625772,0.7293072,0.21731053,0.17118347,0.002057613,0.087912925,0.0048143333,0.3208194,0.28178772,0.018012978,0.29389262,0.26550242,0.025003213,0.35429063,0.24326071,0.008907373,0.53649855,0.052527167,0.17321809,2.1037345,0.52609223,0.039324757,0.6242499,1.3307426,0.021987822,1.2004528,1.4890997,0.12769069,1.234891,0.0,1.3214388,0.3220682,0.014029813,1.4178351,1.0340915,0.0,0.25693238,0.3217598,0.024470353,0.48123002,0.0,0.1087822,0.0005945168,0.1355261,0.110940754,0.07231535,3.3041162,1.1650927,0.53605884,0.5442485,1.0800658,0.2534379,0.63007236,1.089636,0.9204472,0.011565081,0.6796414,0.032240625,0.1566082,0.5404837,0.029482257,0.0968854,0.66472316,0.29224858,0.31480485,0.5664882,0.6147544,2.3545833,0.47149563,1.3287889,0.0040108105,0.15644515,0.060214974,0.31623107,0.0131290965,0.10398726,0.022549128,1.4562734,0.11117419,0.42082444,0.9529667,0.0076832483,0.3826789,0.115868255,0.19841781,0.00056346954,0.37442523,0.8047671,0.017304588,0.058755513,0.09954009,2.1199949,0.12916465,0.28586876,0.26498833,0.0,0.101997614,0.5444514,0.86563313,0.147184,0.65303767,0.45637754,0.11901811,0.09280843,0.8153212,0.011194729,0.8291813,0.020569587,0.071597636,0.45560065,0.040548187,0.59771776,0.0,0.21175168,4.355595,0.37915236,0.29868913,0.5651965,0.96906775,0.5759089,0.42468223,0.47218502,2.3780894,0.009700596,0.43581322,0.06776683,0.010303785,0.08297324,1.8315895,0.8817187,0.600008,0.2263512,0.49020845,0.07682562,0.0872001,0.0049499455,0.5672835,0.04882818,0.3221198,0.7282372,1.559749,0.086057395,0.08918253,0.020563351,0.48631573,1.0497963,0.09434675,0.5697775,0.0,0.371372,0.25112423,0.2850093,0.83065605,0.056690346,0.1624713,0.0,0.009814351,0.32687643,0.012608832,0.41283646,0.43504307,0.196022,2.2511795,0.62532574,0.95692044,0.31499347,1.432483,0.068959594,0.83142775,4.1578426,0.24800979,0.04635496,0.7426046,0.017495641,0.02827102,0.47773004,0.06972952,0.766096,0.32658798,0.0144686205,0.13489617,0.07324235,0.61528033,2.2198403,0.3771285,0.018163823,0.0,0.31643072,0.0080829775,0.06386225,0.41686383,0.28323135,0.27114528,0.13119406,0.03366294,0.2833678,0.84211963,0.19823322,0.048007585,0.25703698,0.4745632,1.2207034,0.059637025,0.08225844,0.07210083,0.43791518,0.8787917,1.4721895,1.1910802,0.18271804,0.30456325,0.033038996,0.63259965,0.26745763,0.7817182,0.13162437,0.0045775822,0.21932058,0.04952928,0.050792586,1.101307,0.010369974,1.1537251,0.74711823,0.5538835,0.02004874,0.18650113,0.0,0.16999805,0.06354641,0.00093298504,1.8501416,0.019743398,0.006098412,0.0,1.591852,1.0320289,0.78212464,0.0031509504,0.3782229,0.18114589,0.43313006,0.0,0.8846247,0.074964665,0.7700033,0.0020763262,0.006133984,0.24775808,2.1401858,0.8690544,0.25870845,0.024285257,0.17471233,0.5566635,0.62671334,1.2125541,0.040761124,0.9951585,0.43496338,0.108043574,0.6591083,1.1800369,0.09929222,0.17643142,3.612889,0.14599475,0.7597645,0.08227073,0.35642856,0.07275277,0.171272,0.87573683,0.07461654,0.16940953,0.10723016,0.0,0.17055653,0.87702847,0.07517956,0.012018855,0.34305656,0.0,0.09997082,0.12024652,1.2233019,0.0059419773,0.0,0.5653796,0.39270428,0.25491676,0.21465905,0.7228131,0.035401717,1.1304655,0.03167909,0.28828925,1.1574816,0.62960434,0.0769826,2.589542,0.050645262,0.5063213,0.04009203,0.040383607,0.6545835,0.37131247,0.12521511,1.6837385,0.8667438,0.11791884,0.27884594,0.03527477,0.11397194,0.5139297,1.1460716,0.8956495,0.2885809,0.9654947,0.51352155,0.9866303,0.96205264,0.17038707,0.46992418,0.1563047,0.4122044,0.098592944,1.5699039,0.0,0.45423368,0.3092018,0.00970119,0.0,0.019016156,0.00064058974,0.30287534,0.81873786,0.0,0.16714974,1.5911338,0.16363026,0.91554934,0.9967575,0.09511306,0.007914512,0.03356746,3.920538,0.3668893,0.54642624,0.20290154,0.7273626,0.0,0.009402798,2.4004953,0.0,0.25345838,0.06679859,0.28720224,0.3324092,0.0,0.01790657,0.44813156,0.2703416,0.8013917,0.01499697,0.32269305,2.5022461,0.7430168,0.07417289,0.02622975,0.6851245,0.33054453,0.43396816,0.0018840497,0.16130829,0.009803442,0.4597084,all_pothole_images\pothole_images_new_image_1074.jpg
2.7257116,2.2848315,0.3311843,0.5273324,1.039832,0.15176329,0.930199,0.23881328,0.45062003,2.4668167,0.40617013,0.026104867,1.1538295,0.000109119545,0.0,2.7233799,1.4428056,0.33723795,0.063187845,2.0418441,0.600443,0.57458556,0.096267454,3.920966,0.13457632,1.0531211,0.6267283,0.40602368,0.13374463,0.9533676,2.0776596,0.74917763,0.008668879,0.33487856,2.1575377,1.4746231,0.3453578,1.1705453,1.4253398,0.5027407,0.9014033,0.08540796,0.1875926,0.0,0.7203215,1.3916565,0.550847,0.25712752,0.8691564,0.21521972,0.09655143,3.8508751,1.9466275,0.522154,2.234158,0.14558654,1.1919549,1.0332677,1.6460701,1.8303967,0.08116515,0.5821763,0.1982588,0.08105061,1.259501,1.0680903,1.8985926,0.0025609077,2.804495,0.048872337,0.62207687,0.39873227,0.90324277,0.026990606,1.1287103,3.514593,3.6540651,0.053024195,0.505691,0.021987798,0.13204095,0.64230716,0.0006412104,0.4771277,0.0010734374,0.33177722,0.61630994,0.148475,2.5461483,0.8732944,0.14544363,1.2733616,0.7375242,0.98892516,3.678127,0.014589173,0.73753357,4.033278,0.14958525,1.1880635,0.27907407,0.13920163,0.14682408,0.5971685,1.8147585,0.64211595,1.1380943,0.13471451,0.25634602,0.42052013,1.3524526,0.7987898,0.936065,2.315891,0.023720236,0.23915322,0.085726395,1.8717313,0.053764712,0.50841373,0.7863692,2.1754618,0.18292223,1.5942565,1.10432,0.1319017,0.095554315,1.539672,0.3982309,0.006840915,0.19324109,0.06845525,0.8463245,0.63063186,0.010545874,0.32707658,0.01669942,0.012866739,0.97624904,0.040754095,0.04915443,4.114933,2.4385192,0.0117164925,0.3160186,0.182374,0.2747502,0.25448862,0.45571673,4.491685,0.38558343,0.09665474,0.7037576,0.57357967,0.043747745,0.0,0.095197365,0.46413156,0.1388796,0.057404097,0.769046,0.83651996,0.04061698,0.116021544,0.18582095,0.12400205,0.36871848,0.12703833,0.032395568,0.28342378,1.2583157,0.025712729,0.031549342,0.02573919,1.5967735,0.7104724,0.15907474,0.26541084,1.84142,0.024137529,1.4844086,0.07616666,4.098481,3.3853738,2.1843479,0.05301984,0.028699193,0.1793609,0.29774576,0.68708545,1.2561198,2.4347672,0.07687176,1.0089716,0.13473879,0.9946269,1.8995885,2.2513025,0.66490746,3.4796767,0.3048924,0.7492691,0.29833537,1.7313778,0.9456622,1.8992829,1.657311,0.018627103,0.78979343,1.5018361,0.23589212,0.38834092,0.67298234,1.4515502,0.47603187,0.0,1.4817443,0.21796557,0.91380954,0.2916739,0.17028251,1.6882502,0.17741853,0.50735486,0.40709347,0.28110585,1.5006057,0.10133824,0.79180336,0.2874945,0.16927877,0.09584573,0.07474128,0.3484008,0.090909936,0.12044386,0.044014413,0.08726648,0.0,0.6796824,0.085289955,0.3820225,1.6590037,0.3212622,0.11808284,0.08431375,1.701371,0.070317134,0.4003838,1.7697823,0.84986985,1.4697939,0.3483522,0.087020375,0.19366305,0.90644604,2.1161156,2.055657,0.18933439,0.2345829,0.19807151,0.97235435,2.1075332,0.109981164,0.6375107,1.6518618,2.1929963,1.1001234,0.20912209,0.0,1.2648739,0.014921936,1.1720588,2.2102063,0.21589737,1.0235484,1.272152,0.0739806,3.4924347,1.3668845,0.5122528,0.21382278,0.94834137,1.4283358,0.8958299,0.9223507,0.08503319,2.0447965,0.129609,1.5103993,0.32565945,1.2216692,0.51326483,0.6830803,1.1997185,2.0822089,0.09653395,0.28858736,4.140983,4.0020194,0.058724247,0.6945946,0.08450083,0.16902786,0.2618303,0.0026547988,0.7522162,1.0513493,1.0594215,0.5771498,1.1671531,2.2032583,5.0207415,0.57381094,0.64845353,0.17062035,1.4681189,1.0705129,0.13395353,4.2219553,2.3142622,0.24819861,2.416246,0.03832975,2.3135426,1.8047748,0.44178978,0.014749837,1.8615924,0.57440543,0.42565307,0.090114474,0.12238771,1.0285416,1.9546614,1.132992,2.0939698,0.0,0.15759283,1.3660469,2.764784,0.6055541,0.8210323,2.2167068,2.7516835,0.64976686,0.885657,0.80316603,0.47060308,0.75275046,0.0,0.24459356,0.40110767,0.051308792,0.030107532,0.61103517,0.032904916,0.28596744,0.112286255,0.48170573,2.8394206,0.48300326,0.3895097,0.8459102,0.13403004,0.0030849676,0.6307781,0.2939364,0.7253131,3.2357283,0.19966067,1.0872355,0.25169945,0.25925794,0.044552233,0.13361959,0.20093298,0.06566165,0.4661971,2.0947328,0.05923898,0.76790625,1.0135463,0.07196723,0.6442045,1.3923614,0.59785956,3.172994,2.2162292,1.5422486,0.31208897,1.5979487,0.97102636,0.41717786,0.08531092,1.8832796,0.30044124,0.8604132,0.48510414,0.2859421,0.013706356,0.34319496,0.02646669,0.30526668,0.35702488,1.4435269,0.9100123,1.3859446,0.13738148,0.30007425,0.011326299,0.38481054,2.518518,0.67363346,0.025722306,0.3254559,1.2806596,0.63069993,0.096147165,0.11469577,0.20879914,2.1944075,0.038231533,0.31081676,0.91762114,0.19531226,0.85845494,0.15217201,0.5970274,0.72179794,0.18370757,0.3348897,0.9754484,1.0173868,0.21147105,2.319258,0.8105022,0.19503754,0.9575539,0.004199406,0.26289308,0.7547338,0.23432334,0.80675834,0.004182762,0.42234948,0.061285116,1.6106565,2.1772246,0.8784827,0.31306738,0.29687133,2.395528,0.26576176,0.060795408,0.85883975,0.21005103,1.1822759,0.3708133,1.5903354,0.46770555,0.014741017,0.13071103,0.09753547,0.68496764,0.67276746,1.7404965,0.59299934,1.622401,0.4534226,0.8947525,0.8145466,0.0491227,0.2685342,0.24892908,0.10082774,0.16240017,0.24042629,0.74087113,0.009443745,8.031082,0.17135565,0.14196536,1.6072241,0.6382276,1.9773005,2.2805927,0.8612565,0.16669947,0.050651014,0.155323,4.9782934,0.8326431,0.9925541,0.0,0.018124599,1.7071383,0.37184858,0.18911693,0.051315498,0.0,0.1605379,0.14419262,0.42905825,0.24403206,0.28075317,0.253713,1.6009201,0.5124957,1.5914872,0.5676113,0.2940783,all_pothole_images\pothole_images_new_image_1075.jpg
0.78087395,1.0461186,1.0553651,0.54907835,0.22399768,0.001904167,1.6389649,0.742499,1.8458407,1.377273,0.83653694,1.0461559,0.6188533,0.5477725,0.0,0.31655923,0.13013652,0.14864661,1.7873267,0.9081533,2.4134758,0.20311171,0.48078144,0.00011748757,0.46775717,0.3319967,0.030126337,1.183189,0.009143072,0.81099826,0.31673938,0.81030893,0.8176791,1.0705299,0.44033685,0.53952867,0.2742606,0.28122658,0.48681945,2.4695342,0.22180985,0.7271613,0.60230064,1.3328875,0.18087414,0.83812314,2.097874,0.051198773,0.2033429,0.7155616,1.9643557,2.0653837,1.5635906,1.4572612,3.2544641,0.6693215,0.15100707,2.4555998,0.46291313,0.39860502,0.32294068,1.627081,0.5934583,1.320977,1.2062559,1.7085332,0.7873371,0.13959229,2.433782,0.12698866,1.674327,0.86048216,0.15143824,1.358405,0.47828284,0.29549885,0.7542829,0.3477126,0.009408736,0.025432136,0.31038472,2.236023,0.46475264,0.92115235,0.18857741,2.7277708,0.64087063,1.6001973,2.2512949,0.6690079,0.038373582,0.1234927,0.74044734,2.1005852,0.34087372,1.6552203,0.5708815,1.7268704,1.2345496,1.5832789,1.2873251,2.1798117,0.79197943,0.13850106,0.2711999,4.524327,0.93204784,0.8395771,0.1135001,0.08735279,1.3139442,3.2047565,0.39017898,1.230269,0.61585575,0.54687685,1.5126482,5.7085266,0.8520476,0.16887966,0.5256313,0.12685074,2.5724583,1.1938057,0.73029494,0.037629284,0.2680274,3.8448746,2.231259,1.19302,1.3908951,0.6904874,0.95300883,0.59653115,1.6203691,0.7434641,0.4764635,0.18429935,1.5524955,1.8528292,1.5508124,3.7664409,1.2137798,0.27227217,0.88195014,1.0247105,1.7649986,0.5306115,1.5646949,2.5130084,0.037325136,3.922449,0.13439737,0.3927186,0.32068053,0.63713485,1.3348081,0.2163708,0.4143531,0.06974149,0.44832948,0.0,0.2933069,6.084496,1.0168679,0.040566865,1.6741065,0.5467591,0.3272395,0.60209763,0.8867715,0.11550567,0.5788757,0.7081698,1.5240688,0.55338216,0.103668794,0.8730562,0.025850711,0.19707102,1.5966494,0.78036624,0.26619735,1.5252337,0.67994267,1.2776699,0.9240313,2.125162,0.071030505,0.026429018,1.3806077,1.7460442,1.3971697,1.6713275,0.059552565,1.973239,1.1548958,0.27531943,1.4855205,0.22123165,1.1195159,0.7410607,0.08524949,0.12922792,0.4329099,0.91025364,1.4723892,0.18745978,1.0569582,0.09032326,1.119625,1.3890101,0.010643695,0.88151056,0.12828973,0.71422535,0.28829965,0.09993138,1.8394445,0.29223123,0.0949381,1.1484792,0.16315438,0.68807095,2.2780802,1.0263958,0.31558582,0.67764187,0.45954093,1.006728,0.9189855,0.7740387,2.0938163,0.21097307,0.084434934,0.13674262,1.8285198,1.2193891,0.0,0.7857127,0.11765898,0.16737098,0.99732715,1.1818762,0.76562184,0.23607561,1.2905442,0.46334094,0.8699365,0.26046443,1.6900709,0.7684281,1.4516695,0.2598758,0.98731744,0.9424164,0.1528738,0.13320722,1.160319,0.052205898,2.5949242,1.1015307,1.0662727,0.08271739,0.9927508,1.1760192,0.18851708,2.8924284,1.2814015,2.6299973,0.15671071,0.30149123,0.17885157,0.019320196,0.06816151,1.6563035,1.0330782,1.5941218,2.0709643,0.05466899,0.48879412,1.8495493,1.4796174,0.7856736,1.6241034,0.22479762,1.0659307,1.2309344,1.1159937,1.7964152,0.050867222,0.101986594,1.9533328,0.3723533,0.83347505,0.13065284,1.4156268,0.19860645,1.3232937,0.22315446,4.004015,0.8524984,0.2376545,0.37990722,0.584612,0.06844929,1.7122884,0.06897336,1.9096525,0.56967026,0.18133882,1.2763473,0.5045715,0.88085455,0.078647405,0.00035776448,0.60285765,1.7227042,0.88875383,0.7775079,2.5886462,0.035949342,0.32981065,0.26521268,0.63514084,1.282482,0.054749224,0.12123726,1.9761893,0.76002204,0.02597075,0.48288658,0.69311166,1.0981915,1.8156149,1.0523152,0.26837152,0.36130542,0.53223825,0.89287716,0.09285619,0.5190797,0.26899523,1.011905,0.010938457,0.47500053,0.69177777,1.2811408,1.9443365,0.22575115,0.17650416,0.2961942,0.18318833,0.0070490898,0.5244169,0.5878078,1.5697031,2.5154974,0.32100412,0.06076155,0.15764077,0.18793577,1.0996776,0.30512613,1.5099571,0.3216936,1.5452018,1.0675366,1.2612439,0.8266223,0.48258215,1.5926968,1.9411265,1.4049824,1.675026,0.9828551,0.9889695,0.7396025,0.093779296,3.186063,0.7220147,1.4032748,0.3355051,0.1549651,0.0,1.2696165,2.7195373,1.0346916,0.06897468,0.029408926,1.5217485,0.8195628,0.08795532,1.1880243,0.20995213,0.2476668,0.94709766,1.5208248,0.54486245,0.2852767,0.83235,0.5050223,0.059163585,1.3725662,1.468419,0.58539665,0.8458132,0.07341123,0.11738776,0.062727556,0.76801735,0.24336186,1.9384373,1.3098805,0.1768124,0.42985478,1.4569678,0.6737541,0.40790397,1.1136779,0.19524449,2.3203952,2.3777423,1.5629458,1.1861322,1.0362505,1.5182965,3.0992477,0.07088241,3.054745,0.3122009,0.09610021,0.9301258,0.9682283,0.14143734,0.25538534,0.49134648,0.59064317,0.34816933,0.19649433,0.95366144,0.25760472,0.029890254,0.103830814,0.0,0.52809066,0.25293362,0.10178264,0.6242056,0.3486178,0.2101796,0.43506354,0.5749798,0.260767,2.1131423,0.5589172,0.16153452,0.44624633,2.2793171,0.3433749,0.40553692,2.030834,0.9589429,0.088976935,0.00830618,0.45850718,0.5147078,0.17767969,5.6585803,0.19480804,0.20359677,2.2667649,0.48956978,0.5375198,0.4551634,1.4388742,0.33758187,2.2710555,0.07974646,0.03642497,1.3532951,0.9601958,0.6663721,0.531984,3.583546,0.08292818,1.6865184,0.26164186,0.31592646,0.7380497,0.0,0.35357183,0.65791553,1.1387278,0.05633294,0.0,0.58219856,0.29147878,0.26590747,0.16896394,1.6798108,0.70052505,0.800271,0.91128904,0.47280362,0.8965875,0.6304625,0.48508257,0.61553323,0.67210495,0.020539101,0.28968537,all_pothole_images\pothole_images_new_image_1076.jpg
1.2417384,1.5476115,0.3223119,0.9781209,2.9827027,1.1075764,0.2172141,0.23289931,0.6683867,1.9770602,1.4605038,0.076864265,0.14794396,0.23936424,0.6514242,0.9880944,0.98073375,0.12758991,0.5350886,0.9169453,1.1904757,1.2597607,1.6167071,3.2692366,0.02671908,1.1614028,0.13493805,0.5174614,0.28968516,2.297208,0.577645,0.21726628,0.8901136,0.05418897,0.557771,1.2430308,1.3994895,0.36360663,0.27666208,0.4575487,0.33925673,0.0952953,0.12867424,1.087173,1.059814,0.048894294,1.16739,0.38807568,1.1018922,0.16988094,3.4871697,1.6413594,2.8626192,0.49591032,0.27163768,1.2888803,2.5256035,0.15901622,0.44803175,0.19499093,0.28946584,0.29128593,1.1303633,1.1901169,0.18068752,0.70931333,1.7054683,0.62550443,2.5696628,0.18896633,0.15805377,0.83542025,1.2015902,1.1174204,0.788604,1.6870074,0.23302361,2.202248,0.41994607,0.24462995,0.9154202,0.87262785,0.52734405,0.6238085,1.8714362,0.18275715,0.6314921,0.53635347,3.7392502,0.36040753,1.5924162,0.3281873,0.16806895,0.82003146,0.4765307,0.1281328,1.2256124,0.6247224,0.2463055,0.104744814,0.075048685,2.5023475,0.009777712,0.30120215,1.0229632,0.4776613,0.45835197,0.2050388,0.192331,1.6494838,1.0505928,1.1146628,0.29783115,0.38479125,0.4067692,0.9906457,1.3035802,0.64860845,0.7522139,1.1059802,0.46834043,2.840989,0.3660557,0.5946758,0.16445969,0.14056289,0.060127374,0.20765327,0.50641805,0.79013425,0.7653745,0.8402166,1.3142254,0.33183756,0.52398664,0.69102514,0.23559879,0.35368112,2.7236533,1.2724901,0.5378068,2.0094168,0.4784798,2.6353474,0.42014286,0.4875763,0.31199253,0.054161012,1.1646018,3.3659039,0.21916829,0.31241035,0.82803637,0.87678635,2.3911612,2.6087463,0.90467083,1.3843272,0.17923754,0.7389616,1.0937439,0.15685351,0.3811995,1.8277694,1.4567592,0.12680174,0.70574826,1.6024547,1.0902351,0.17856249,1.6898081,0.8510964,0.38366622,0.7227287,0.7405892,0.09711756,1.2016398,0.0864673,0.43631425,0.6934448,0.32018977,0.457672,1.9859436,0.44878528,2.7866578,0.7799655,1.9949257,0.84845984,0.25688094,0.94766265,1.9258093,0.8411637,0.50168115,1.2844971,0.7670579,0.07370866,0.11201204,0.58282965,0.20995887,2.9761744,0.4448094,0.7252975,1.1245077,0.03852926,0.31521264,0.57705414,0.5336515,0.3740809,0.14565758,0.068555444,0.6356412,0.5909733,1.6508282,1.0585129,0.12404061,1.0496323,1.0851086,0.40354854,1.0949286,0.23522696,1.0611793,0.2884332,0.71690917,0.7272686,0.7706274,0.8260091,1.7322742,0.058180396,0.65802026,0.2885547,0.3585774,0.6958942,0.08885448,0.6717875,1.437764,0.3036005,0.4931045,0.060875297,0.20418325,0.01603254,0.14067294,0.9268174,0.25187618,0.3430818,0.078661054,0.57680243,1.1075616,0.72757083,0.051487587,0.59569496,1.099872,0.50355357,1.3313153,0.8853948,2.1202106,0.8211228,1.0251238,2.213627,1.9616665,0.24444771,1.0764356,2.523747,0.6375748,0.33971673,0.81475306,1.1561189,0.1115017,0.80160373,0.9105337,0.70636606,0.38771787,0.32194722,0.05097587,0.78858066,0.6972661,1.4118179,1.4862452,0.47739986,0.42178756,0.32258588,0.04574266,0.5250853,0.41966853,1.2183315,1.2079498,0.29847938,0.20278993,1.7665142,2.2382936,0.44053757,0.67878956,0.23520641,0.063822374,2.6205552,0.42437464,1.2887839,1.1929219,0.19455455,1.0393491,0.7176025,0.0,0.7622014,0.021707777,0.49521205,2.5748537,1.2406985,0.007775838,2.150178,0.5675189,0.7311609,0.44422063,1.433632,3.1288974,1.2784945,0.7107097,0.059531976,0.30607775,0.25543845,1.6199181,0.33539227,0.019816764,2.6924443,0.5440795,2.0434504,0.9871927,0.683462,0.9604503,0.56997746,1.4357932,2.510342,2.5814147,0.73690134,0.34135264,0.008173958,0.46979818,0.78580767,0.67672276,0.36753705,0.33245367,0.4509513,1.7146014,0.6909771,1.2022727,0.088553995,0.53621334,0.5665603,0.33846718,0.20114303,0.77847654,0.2892661,0.06896801,0.62895644,0.2764034,0.47226986,0.90295416,0.021691179,2.0822115,0.60699415,0.5512717,0.17783488,0.06638627,0.6539342,2.7754304,2.0452764,0.34742054,0.13993977,0.22766323,0.87387675,0.3996075,0.4577207,2.8056602,0.7647041,2.1056309,0.60171175,0.8934776,0.30831906,0.6252291,0.28173515,0.24427453,0.640331,0.13208146,0.7509549,0.38354495,2.895971,2.5223067,0.7060176,0.9517932,1.7731519,0.44386142,0.9285004,1.0609962,0.71280116,0.13346095,0.40915063,2.7756958,0.15695308,0.42979354,1.9978675,1.2494532,0.3746871,1.9895875,0.87254494,0.20074566,1.6903776,0.15474328,0.46829113,1.0086199,1.3554734,1.0606991,1.8537043,0.23008487,0.35933244,0.623843,0.13628167,0.13841912,0.702197,0.50492966,1.1925368,0.35560074,0.40883043,0.64255154,2.4271019,1.8329962,0.89977354,0.19394596,1.9480429,1.3205959,4.1211243,0.6986737,1.3384161,0.5472609,0.34703863,0.35137022,1.4536456,0.23065346,2.3755562,1.2889676,0.79135877,0.16890794,0.6944538,2.6496618,0.36231008,1.0936403,0.18295272,0.47174257,3.9616232,2.430315,1.1229504,0.53682005,0.5877542,0.15657704,0.25410926,0.56911504,0.90185654,0.25401333,0.63988316,0.5213401,1.0437945,0.5287099,0.49702713,1.0787755,0.30979064,3.4237835,0.9144095,0.64944226,1.0215021,0.6690939,0.52583355,0.3110912,2.9402447,2.2471569,1.4597616,0.42571723,0.5154498,0.8452189,0.71437806,0.35379592,0.5141731,0.61009306,0.21171938,1.3075584,3.2170262,0.32824203,0.48263794,0.3755247,1.6688238,0.9154864,0.44046918,0.2672063,0.0,0.44666746,1.7549525,0.19257706,0.04279228,0.12573428,0.10090619,0.9212233,0.04524161,0.2928308,0.92089313,1.3666886,0.54780805,0.8153931,0.56949663,0.57034785,1.362607,0.04788475,1.841051,0.5645695,1.1516048,0.8231435,0.22220907,all_pothole_images\pothole_images_new_image_1077.jpg
0.11950774,0.93051416,2.7551324,1.9633679,0.87427443,0.5909549,0.9055841,4.842204,1.5898079,1.1510129,1.0565144,1.1588043,0.07066588,0.16723882,0.7321708,1.3063866,1.5842524,0.5585335,0.9972596,0.026663529,0.56110674,0.13036807,0.005155107,0.20703234,0.5759166,0.9930158,0.40974954,0.6131332,0.47755313,0.9316734,0.98846596,0.012365867,0.34316984,0.8798152,1.8667483,1.2444745,1.3369801,0.10882467,0.6602196,3.057964,0.38705146,0.2160561,1.0343999,2.239483,1.3337139,1.5779316,1.1121632,0.56064236,0.7142236,0.47035688,0.3107854,1.2182451,0.00038029393,0.21500696,0.0713028,1.8612671,0.38393497,0.92439044,2.5158014,0.0,0.13507709,0.29721364,0.18237409,1.1286222,1.5080467,2.0804691,1.168845,0.67066324,2.7501538,0.05164388,0.07442757,1.268766,0.0,0.019724233,0.15712506,0.47472128,0.29271033,1.7418225,0.059587408,0.50481653,0.7770209,1.4548081,0.98663026,0.03625293,0.8202591,2.395626,0.068163864,0.29312375,0.33786485,1.8303555,0.5775893,0.8766098,0.8112997,0.5400695,0.82312524,0.48666692,0.23445542,1.8702707,0.22864524,0.6369229,0.24032022,0.044228744,0.098682985,3.0120752,1.9960688,0.1783401,0.0,1.0816212,2.7051656,0.1340292,0.7739958,0.33407518,0.8502233,0.12553611,0.04356098,0.2248812,1.3562561,1.2482953,0.017936261,0.19060346,0.66931325,0.35038745,0.5976197,0.13210331,0.1835195,0.052258253,1.2666607,0.95709556,5.794835,0.06433231,0.9175458,0.41584903,0.79604375,0.5280665,1.788695,0.4291611,0.75871056,3.2298396,0.57439,1.0162143,1.3787704,1.350886,0.82743025,0.30663133,0.48635077,0.65923345,0.8003704,0.005276227,0.48828024,1.3087127,2.487648,0.10570998,1.0483744,0.7107845,2.2050507,0.4617668,0.098337375,0.028210243,0.72944033,0.8043725,0.55676204,0.39682546,1.138132,0.2042576,0.40701503,0.023890829,0.7878512,0.13288163,0.18714447,1.1706408,0.8630985,0.027469454,0.23512812,0.8687185,3.7482271,3.9297366,0.013259395,0.07494492,0.8530491,1.1101481,0.47653866,0.15164657,4.550031,2.2666118,0.36734736,1.9107577,0.91775155,0.6936198,1.4045945,1.3321307,0.027964124,0.7737313,0.4851377,2.7761722,0.74463964,0.5739049,0.6842955,1.8875053,0.3785865,1.597873,0.89373714,0.17622563,0.8779437,0.28595194,0.75992644,0.038962234,1.3896438,0.121078685,4.1187525,0.50975895,0.32831585,0.008650867,0.5975277,0.2976468,0.47488746,0.45917916,0.9191614,0.8957546,1.5614905,0.098198384,0.7321714,1.2862068,0.07035108,1.3383876,0.31385627,0.20610435,1.0192814,0.16536248,0.0007828243,0.06297817,1.7179621,1.7913363,0.14874466,1.8977405,0.076849945,1.4164337,1.5765334,2.3068085,0.5840764,1.313933,0.30002686,0.10877622,0.016916659,1.4025782,0.9098893,1.7757654,0.8695666,0.22587852,1.7915851,0.66516036,0.08013296,0.20945862,1.783043,0.3656587,1.9191439,1.6907015,1.0670341,0.6516232,0.9946528,0.17425093,0.45205662,0.08725933,1.2400872,0.45474795,0.2979229,0.030603642,0.6253863,0.39772546,0.23934685,0.43770257,1.8318315,0.16214313,2.3263958,0.5436734,0.42103258,0.0,0.5754689,0.4710073,0.22467025,0.22368622,1.6311294,0.30027398,0.3932872,2.1165795,0.022672135,1.1166131,0.0925241,0.6599396,0.46471652,0.7663563,1.457347,2.1172783,0.10754828,1.8446263,1.4598757,0.35438186,0.812236,1.8946518,1.118341,2.7878823,0.014815416,0.40187228,0.25333783,0.17484868,0.51719695,0.83597934,0.022532066,0.38354236,0.66082793,0.103838325,0.036518972,0.07324902,1.8812742,0.8433445,0.3807344,0.95285726,1.5482327,0.4478203,0.08075163,0.8171248,1.4236852,1.1645002,0.027448356,0.10448732,0.034853045,1.7052782,0.7036045,0.3748857,3.2076461,0.057475194,1.9083635,0.6074066,1.4085649,0.14430183,1.4078463,1.3973273,0.5230729,0.015913306,0.20917216,1.4242392,2.9415853,0.41410267,0.27697575,1.3438971,5.821318,0.51460963,0.6694885,1.3360184,0.009023237,0.27714807,0.44086906,0.22999696,1.8449028,3.2006116,0.07622348,0.5001691,1.830275,1.9647515,0.010321447,0.8983589,1.4767835,1.028856,1.4647733,1.4031862,3.3514872,0.7334282,4.712781,0.0026448374,0.51641446,0.8395073,0.62119204,1.2496852,0.5262236,0.089187585,3.287887,0.01622468,0.32894623,0.41166347,0.4646055,1.2649617,0.23650372,2.7422628,3.745162,1.5162503,0.7196035,1.3409741,0.58450353,0.68161833,0.3430733,2.095019,1.0209794,0.8927145,1.0265642,1.7069744,1.3400605,0.693845,2.851571,0.7687065,0.0970598,0.19680254,1.1741188,0.0,0.05677656,0.8034806,0.20369174,0.653773,2.5328586,0.29121554,0.34203467,0.61740214,0.26390663,1.4086136,2.0820372,0.61393917,0.5131224,1.071381,0.55711186,1.0332663,0.22530514,0.020072166,0.12094324,0.50738114,0.008528242,1.5310507,0.031067848,0.39160702,1.0998507,0.46141267,0.9772512,0.0049577975,0.7368898,0.12716773,0.25322315,1.5184276,0.012951392,0.6140269,0.49510092,0.09867729,2.300428,0.1805033,0.17986801,0.42342,0.67730886,0.5073587,3.458392,0.13535893,0.201856,0.2705038,1.5955912,0.902104,1.2162185,0.39407253,1.4828095,0.1426584,1.3012084,0.44613308,0.5758222,2.7136362,1.0986265,1.9569646,0.27268302,0.3760294,0.015290435,1.2489045,0.9937548,1.7351782,0.681876,0.15161186,1.1923788,0.13982229,0.8983623,0.9302883,0.3712002,0.25562343,1.0201919,0.3073909,0.18849614,1.0172039,0.43262297,1.0956162,2.0372598,0.838363,1.1407255,0.009102221,0.30198187,0.14514942,2.0824685,0.60149544,0.5428825,0.3271858,5.7881956,0.80285555,0.065537736,0.0,0.18947566,0.0,0.292365,0.97597593,1.0749582,2.2278273,0.0,1.7005544,0.94073534,0.09107892,0.23268127,1.8529841,0.38477087,0.29382822,0.25909913,4.0985065,0.80463177,1.8679535,all_pothole_images\pothole_images_new_image_1078.jpg
1.8312359,0.47011748,0.1833421,0.7844392,0.93193114,0.5079372,0.2597927,0.31944138,0.76777196,0.9558074,0.57157034,1.0531546,0.5806378,0.88301164,0.6830613,0.3489331,0.6625117,0.0003370854,0.54621005,0.54199433,1.5535945,0.7324942,0.841862,1.8175081,2.0869648,0.49939352,0.020001069,2.1824539,0.04787556,0.54919416,1.0045171,0.9512634,0.5800828,2.290344,0.915325,1.1286254,0.21107842,1.4912838,0.21960118,1.2844545,0.14148724,0.18991973,0.21809235,0.62892514,0.9857087,1.1654282,0.00023745428,0.44268003,2.2965531,0.439984,0.74476635,0.25450686,1.0873668,0.14435254,0.13851424,0.9125117,1.5443712,0.3013768,0.19110559,0.6363464,0.054898404,0.0046791425,0.061951995,0.3584133,0.8418078,1.2897054,0.3833957,0.10964783,2.1116564,0.021855617,0.13365199,0.84561324,1.085311,1.3680317,0.14137982,0.63232917,0.36754903,0.7139357,0.017522315,0.2031909,0.041221987,0.57709414,0.55465025,0.6887271,0.66131794,1.1223259,0.06839696,0.9784101,1.7288208,0.6197786,0.28416035,0.18606004,0.30398512,1.2420505,0.12292838,0.052315824,1.1427494,0.86865854,0.24116418,0.37704492,0.059245683,0.6110594,0.13724165,1.1440942,0.63546455,0.25127068,0.032540042,0.69300574,0.010599836,1.1595695,0.06816409,1.9127238,0.686859,2.5529883,0.7990444,0.63915586,1.4195379,0.23629983,1.3132153,1.3169892,3.2325613,0.91063255,0.71225435,1.7205913,0.97909653,1.1467307,2.5584188,0.789168,0.72996986,0.30391288,0.42922065,0.27086478,0.32898384,0.18632914,1.3110071,2.2132876,0.46842808,2.4149606,0.8303915,0.05298197,0.19589551,0.49363682,0.02315187,1.8099583,0.1457839,0.5329882,0.026969647,0.9792927,2.318063,0.03980486,1.99493,0.36955172,0.44720832,0.04368959,1.7990587,1.0020889,1.1092056,0.16642006,0.04559113,0.22967154,2.6139467,2.0199244,0.0,1.2655834,0.12930706,2.2980719,0.035061516,0.06610686,2.6731896,0.58411586,0.5889404,0.06444738,0.38421464,0.026840309,0.38287196,0.1403915,0.7707129,0.0040478017,0.35919163,1.0126638,0.0,1.9376227,1.8501589,1.9814314,3.485907,0.8998707,0.9809533,0.8807415,1.060145,1.4612015,0.46034843,0.04344673,0.17101462,1.7280865,0.608901,0.4636404,0.30792686,1.4376808,0.27392694,0.1040242,0.6167185,1.098259,0.13651282,1.0961488,1.4392991,0.71545357,0.8587184,0.18246856,0.48365492,0.2565039,0.025549557,0.16279715,0.2873087,0.22715613,1.0833182,1.4301245,0.31282264,0.039729,0.2730717,0.049603455,0.6407894,0.19163987,2.5544333,0.9769801,0.0015066207,0.030259712,1.6992265,0.03984893,0.40607414,0.71913797,0.010044457,0.22533183,0.11672883,0.91404366,0.56461334,0.44098505,2.392461,0.3023964,0.3127626,0.20935477,1.026936,0.5293404,0.2444806,0.51556814,0.10885034,0.40377325,0.67984754,0.21119483,0.7374757,4.663061,0.083320715,0.76520705,0.9902759,0.21673736,0.29546368,0.06983903,0.57167286,1.3175974,0.032911364,1.1268955,0.43109503,0.12727101,0.414474,0.38642251,0.46119016,0.6430064,0.22128436,0.52850723,0.6309373,0.33225477,0.9368005,0.025338436,0.19646208,1.0850176,1.3163763,0.7574235,0.5413422,1.5216768,0.8198158,0.8211819,0.029436164,0.124204546,2.4673727,0.005962682,0.9591846,0.19476102,1.0399803,0.6337138,0.591403,0.61827976,0.6959831,0.036415607,1.0698034,1.0195675,0.6117053,1.328953,1.061175,0.78494793,0.4824294,2.3836393,0.25767434,1.5228949,0.015417441,1.2529058,4.1788187,0.6572258,0.66002053,0.65504766,0.05526331,0.014121387,0.24091561,0.27353504,4.020241,1.6185684,0.20168129,0.17322484,0.11125651,0.8009171,1.6994036,0.54888827,2.9962974,0.048095006,1.7697084,0.8221612,1.6448314,0.07423175,0.9468018,0.3607561,0.9383498,0.18034172,4.335938,0.27887806,0.11896764,0.0,0.42006752,1.3262889,0.5954433,0.74378914,0.23697685,1.1411912,1.4254826,0.49725744,2.5702507,0.56204075,0.61236006,0.9111084,0.24372381,0.72826093,0.31601217,0.09167452,0.35436785,1.9953631,0.3611246,0.8453235,0.08812244,0.25934348,0.05722369,1.388134,0.47856444,1.2393879,0.367023,0.8902018,1.5183662,0.7959333,0.07125094,1.4163296,1.1905004,0.47732127,0.118953615,0.007546615,1.3772147,0.99683136,0.5740562,0.068265215,0.5594607,0.23184153,0.416377,0.62019944,0.4644502,0.34380355,1.2041128,0.040788516,0.083759815,0.83364636,1.8978513,2.004922,1.0723419,0.16902132,0.061366294,1.7402054,1.5713106,1.6137667,0.4902971,0.0,0.31291753,0.6802505,1.6535581,0.45579794,1.0937477,0.15922543,4.242281,1.5213392,1.034581,1.0318315,0.13837478,0.49635437,0.21250409,1.6547146,0.35266906,0.39060548,0.5276106,1.1253753,0.9456457,2.3306441,0.0,0.43781763,0.56057113,0.033119846,0.43818605,0.64277977,1.3454287,0.5063008,2.4808517,3.3536026,1.19303,0.18571186,0.6777842,1.0145826,0.17131668,0.4490893,1.1879059,1.280309,0.7822836,1.447795,1.6085693,3.7862794,0.8417419,0.64004886,0.079824135,1.7886832,0.08797573,0.12085067,0.0,0.42802775,0.21412152,0.201742,1.1266648,0.6356908,0.025382567,1.7280548,2.4046178,0.79697657,1.1731198,1.4866853,1.4110612,0.63781554,1.1726317,0.49974945,1.25054,2.6165516,1.717768,0.17014165,1.9551733,0.29179955,0.14351037,0.16902117,1.7074444,0.035508983,0.5183764,0.70998865,0.5796575,0.5157646,0.6161508,0.26899824,1.0526274,0.28290206,0.7342576,2.0804312,1.1171664,0.18172823,1.246273,3.6642954,0.61862266,0.96278006,0.17186305,0.3573592,0.57517624,0.82782084,1.4459617,0.06854239,0.9351077,0.5797166,0.23592131,0.00757413,0.25793996,0.2088173,0.1942783,0.4423453,0.97841245,0.7748353,0.3375258,5.144707,0.8892688,0.41272697,0.18952885,0.49327832,0.5966055,0.033111237,0.19566187,1.0393076,0.76541024,0.9820501,all_pothole_images\pothole_images_new_image_1079.jpg
1.2110046,1.3141509,0.04647972,2.017272,1.262414,0.17408484,0.17601442,0.0,0.3119093,0.8192635,0.42441842,0.4123881,0.09049641,1.5166641,0.30165327,0.015485796,0.017954392,0.36207774,0.34325346,0.5636233,1.0148603,1.3288592,0.588756,0.727237,0.78342843,0.81699497,1.2499747,3.0801554,0.4400021,0.5930936,1.8837984,0.100549616,0.22017945,0.64508295,0.64222616,1.2074089,1.2832301,1.9562134,0.3885315,0.32751518,0.03183537,0.086677246,0.5287073,3.2975383,0.93542,0.20353955,0.2308898,0.1989527,0.669556,1.0366735,0.74193656,0.05201768,0.8980746,0.04206844,0.0,0.74167556,0.5849704,0.25578505,0.13647546,0.25665525,0.21682705,0.011277419,0.5730498,1.191746,1.1005965,0.7735393,0.4551612,0.25735945,0.39874536,0.043198224,0.53102344,1.0205292,0.15706941,0.4946345,0.09754805,0.3024693,0.14971058,1.0893008,0.0,0.24961206,0.2298936,1.2977042,0.54912925,1.6281043,0.25703606,0.5346196,0.5240023,0.019130047,1.9805634,0.121153764,0.30340478,1.018625,0.0468738,0.33227098,0.19256401,0.022385024,0.8570188,0.39802584,0.5513022,0.3479452,0.064098336,0.47396094,0.739809,0.24413471,0.21358484,0.26913634,0.36780873,0.12291734,0.38791618,0.9557055,0.09460277,0.56125647,0.15504372,0.56747246,0.8848508,0.5655823,1.2160225,0.0,0.35391352,0.47130165,1.7978989,0.687921,0.6370484,0.38387126,0.8492997,0.4005074,0.14510843,0.19485691,0.8087716,0.59622955,0.7699558,0.19530004,0.04728607,0.012881032,0.85549366,1.4506276,0.15211818,0.955129,2.2195292,0.1523845,0.013397019,0.21908137,0.9021112,2.341358,1.0434817,0.98907936,0.13863811,0.46321622,0.14726073,0.4924637,0.39980775,0.16094531,0.2136286,0.4881113,1.3813677,0.8450027,0.2501054,0.0,0.4125593,1.1585615,0.80744535,1.4667563,0.71765083,0.57359725,0.22021285,0.10819134,1.0814698,0.8607013,0.49357626,1.5892898,0.020787664,0.019330902,0.4749629,0.31698346,0.38887367,0.4067501,1.4602473,0.080417775,0.15187539,0.035879366,0.0035404803,1.0645218,0.9090356,0.4646736,0.3812685,0.92612994,0.28090885,0.044646468,0.19979699,0.11391746,0.44065046,0.32227278,0.5639277,0.1564114,0.5761507,0.6284481,0.54265356,0.075312786,0.78392434,0.24665244,0.5050567,0.115528874,0.2701122,0.8176393,0.8576755,0.8765509,0.8603419,0.430776,0.33549395,0.11216817,0.1343302,0.0,0.61307347,0.2614498,1.1096352,0.9850538,0.025091631,0.29694083,0.41164264,0.5185699,1.5225718,0.8195201,0.5196428,0.41944548,0.02611641,0.8633794,0.3880538,0.5535896,1.5103155,1.8746363,0.5498526,0.05191742,0.1792304,0.9765252,0.2215343,0.0044750203,1.7850734,1.4827764,0.3806237,0.58853924,0.17060442,0.45517978,0.58133423,0.38288873,0.6681804,0.03050918,0.6797528,0.62402046,0.1069848,4.96623,0.5685617,0.122029446,0.02053014,0.46490026,0.013030541,1.098076,0.7636231,0.26253977,0.06069052,2.7388268,0.99028,1.1405557,0.20766704,0.027225193,0.52715313,0.05288223,0.14987324,0.69457525,0.9352989,1.4618415,0.036455255,0.010536906,0.2926764,0.12765111,0.3604252,0.51527065,0.15736055,1.313876,0.6113259,0.6896957,1.2049831,0.23564047,1.0219662,0.0,0.29277852,0.10943067,1.0036933,2.1193256,1.7121029,0.29224342,0.08219071,0.15407676,0.14316688,0.58290696,0.20386788,0.6786311,0.20420137,1.2961158,0.28534603,2.5857055,0.68206125,0.6524313,0.0,0.0,6.852912,0.22272012,0.36027926,0.17884985,0.21966785,0.34975612,0.32105514,0.33080044,0.7425545,1.159475,0.24887387,0.10705481,0.053099725,0.76115865,2.4592524,0.6047957,0.11029991,0.017187288,0.910894,0.59885216,0.92195857,0.2825959,1.4415272,1.2809693,0.9016462,1.4198593,2.8132267,0.031815287,0.46080387,0.03893029,0.48215225,0.19686294,2.595446,1.4110509,0.7168493,0.2623918,0.4088031,1.107185,1.4881994,1.0536689,0.2659168,0.6712697,0.0,0.7591436,0.83259785,0.16235615,0.7234533,0.76316226,0.022093598,0.75530124,0.09143981,0.0033477726,0.39056373,0.43399623,0.575923,0.42525464,0.22914493,0.44856808,0.49308577,0.38519636,0.42891365,0.113144375,0.5141353,0.62550795,0.07212388,0.6792808,0.17126173,0.21138659,0.639128,0.27045217,0.39536622,0.7449188,0.31447002,0.477652,0.48809993,0.9387501,1.3254842,0.24343294,0.115738116,0.9365873,2.0023072,1.6509054,1.7435257,0.15056628,0.077348016,0.76139575,1.3434536,0.19851178,0.72137684,0.18586168,0.61316884,0.022737311,0.6284226,0.06210149,0.14030933,0.0957175,1.8467418,1.5588597,0.08934118,0.23902597,0.26936492,0.1697916,0.8741299,1.2340382,1.5862164,0.060504787,0.5896274,0.6850143,0.36035275,0.5890832,0.029849052,0.73169124,0.2560932,0.80690295,0.5074336,0.26640937,1.3590546,0.38887143,1.8701642,1.9566169,1.6226069,1.6806036,0.028088294,1.4738648,0.0044241557,0.33603606,0.3060765,0.03493572,0.4827901,0.24766529,0.6541891,1.2590648,0.5694906,0.5214368,0.098244354,0.66147774,1.144578,0.46010265,0.37805685,0.5284479,0.2681812,0.54019,2.036481,0.1264335,0.53392625,1.0298113,3.0863416,0.8320735,0.23047984,1.0379064,0.30579543,0.06387021,0.2702068,0.43238428,0.066440366,0.48177913,2.691993,0.4586165,1.0775769,0.04231456,0.050303817,0.20545904,0.14645357,0.22370434,0.23683956,1.0277005,0.07205334,0.5228832,1.7318808,0.16192245,0.2638241,0.008074104,0.5741436,0.41490757,1.3347667,0.2879228,0.45204797,0.9216116,0.2977884,0.15175088,0.331831,0.21436141,0.4504317,0.33875218,1.0531812,0.078218885,0.47498822,1.1423753,0.21406697,0.34569976,0.01037939,0.08421889,0.21823172,0.36461085,0.25221068,0.22443727,1.4074885,2.914717,0.09735292,0.34413433,0.45423967,0.38593355,1.9306638,0.0,0.24736851,1.0449632,0.04131974,0.10069714,all_pothole_images\pothole_images_new_image_108.jpg
0.9742791,0.6210651,0.38672078,0.6326009,0.10902325,0.5875839,0.8595047,0.4087031,1.4142463,0.4904159,1.3377551,0.82523626,0.55709314,1.7796215,0.23484683,0.95975477,0.07969376,0.35626087,0.10387711,0.26707384,0.2778692,0.80032134,0.29705316,0.70378083,1.3673173,1.6091224,1.3625927,1.1229603,0.21035278,0.84246117,0.4823019,0.5060876,1.6515397,0.60058093,0.0046050833,0.79664314,0.024427949,0.10185838,1.2484928,0.7945595,0.54783297,0.46430922,0.13983615,2.7891765,0.16077614,0.56949425,0.5853034,0.9170009,1.6324208,1.113815,0.17651686,0.92268836,1.1741818,0.0,1.1428323,0.8947297,1.7394519,0.11936711,0.6871999,0.38234267,0.01623782,0.05007457,1.0575937,1.1282214,1.3364432,1.9191871,0.03398616,0.17745307,0.3316921,0.6973458,0.01285762,0.26148877,0.34000042,0.4424684,0.33750096,0.20382223,0.8801734,0.3610705,0.5552965,0.2031357,0.80475146,0.99928516,0.8659906,2.120971,0.2219541,0.5828529,0.054408915,0.02855237,1.3995007,0.4830123,0.55376947,1.1665874,0.23745404,0.3436252,0.7311733,0.38893166,1.49334,0.45916623,0.4307827,0.99448955,0.03343283,3.287596,0.24607258,0.45427743,1.5056386,0.67140865,0.94593877,1.2431948,0.793545,0.7186832,0.30596462,1.6530992,0.11531398,0.22572538,0.05175895,0.8197503,2.5754776,0.36512768,0.77065897,0.53158206,1.3087622,0.33192748,0.2974134,0.9452614,0.19429274,0.5687896,0.2684221,0.26756215,2.4308693,0.008663974,0.11081814,0.6267956,0.13641916,0.08581143,0.07878909,0.5397891,0.026085643,0.8311895,0.32086986,1.2826495,1.2824023,0.08149135,1.8995779,0.13318135,0.48430726,1.0777019,1.7230129,2.1721063,0.88784546,0.057330154,0.055829562,0.75098747,0.24186993,0.80623114,1.0705272,1.3815005,0.19793391,0.11103279,1.0586046,0.7068106,0.23176418,0.15004425,0.26976535,0.16847534,0.38314515,0.4112509,0.17561513,1.105492,0.40361926,0.49061027,0.06339635,0.060489498,0.013091429,0.32352042,0.47827256,0.1340668,0.90085274,0.13343054,0.43301636,0.57522845,0.2956059,3.8520107,2.1433444,1.2557781,2.023846,0.54360634,0.81199044,1.1800402,0.44010022,0.2770809,0.23408203,0.07606533,0.28971013,1.7563621,0.40698978,0.12120339,0.20513308,1.4773839,0.7932431,0.50580114,0.21856946,1.6247742,0.7868125,1.0266006,0.42534718,0.5759479,0.70328116,0.7830885,0.43414932,0.77635664,0.08979791,0.16578192,0.5138771,0.053240895,0.29197058,1.1349066,0.81170434,0.50837386,1.0072303,0.71229905,0.5782336,0.47707164,1.4689044,0.3204946,0.7319712,0.5406799,5.85651,0.43103325,1.0402856,1.9608436,1.4698883,1.3035669,0.11278429,0.5398504,0.86478555,0.47393194,3.1938136,0.58615196,0.43680596,0.22789665,0.08050345,0.28426737,0.01996701,0.4212082,0.2582195,0.44284865,1.1316098,0.8296865,1.7669679,2.0439649,2.51997,0.6431194,0.90596086,0.7539773,0.347346,1.7325256,0.81396306,0.84112835,0.8018568,0.31450656,0.3404202,0.11073138,0.5838544,1.2457829,0.6500667,1.3753281,0.06574345,2.1512015,1.0379137,0.076102935,0.084674515,0.0025144566,0.025470741,1.7491318,0.6660667,1.4150208,0.7111183,0.7405039,0.16180673,0.18332005,0.33650962,1.4668283,0.031657934,0.9656294,0.3712839,1.5436168,0.6959793,0.2407645,1.8914157,0.28744414,0.8754057,0.14537662,0.89239657,1.5512931,0.018848913,0.36102816,0.34081513,0.2339901,1.3114626,0.21243455,0.10865921,0.8060044,0.0061229235,0.3196767,4.2801967,0.49405545,0.1789056,0.72623706,0.04320236,0.49110228,0.7021086,2.4847445,1.1633556,2.3535018,0.40713626,0.14987367,0.2989961,0.6625829,1.2067764,0.2607077,0.62924665,0.24371469,0.0,0.3088666,1.0332344,0.00040899633,1.3705627,0.0042122225,0.29538867,0.3746914,1.5632972,0.59411746,0.1709316,0.25036764,0.41662216,0.69618094,1.4132195,0.28712633,0.08254071,0.2240586,0.14615914,0.40554225,0.5819523,0.71797866,0.78713495,0.0531306,0.1074165,0.7498589,0.8852014,0.22492923,1.7720953,0.6310288,3.2080276,0.5907056,0.06355365,1.6362302,0.27666005,0.8653474,0.79257864,0.37260824,0.26299232,0.04876884,0.11401386,0.34599864,0.478464,0.20249188,1.3547049,1.0762931,1.4120845,0.09406617,1.8838899,0.17912528,0.763959,0.4880487,0.65515023,0.16214131,0.1855498,0.20093031,1.0251982,1.1076721,0.5575714,0.055722587,0.7188739,1.0107106,3.183238,0.36234045,1.1970615,0.0036357695,0.26384285,1.1473626,1.9619533,0.66187596,0.20180336,0.4397955,0.5799894,0.008311816,0.9211014,0.5720903,0.072425835,0.006312279,1.900267,0.9477576,0.71400094,0.83995205,0.2970707,0.3379269,0.6060527,1.5798634,0.07084192,0.40270022,0.055801347,0.96502084,0.3250382,0.7174859,0.53018695,1.2900469,1.9122871,1.4651928,1.2464811,0.054412212,0.7941168,1.0318706,1.6061432,2.4775434,0.86968416,0.0284152,1.8552282,0.7882721,0.7756449,0.520414,0.086965084,1.0874847,0.054636233,0.47907263,0.5921059,2.9327626,1.0002416,0.29760343,0.23436625,0.5785964,0.40130553,1.5834183,0.3399693,0.003046937,1.4566096,0.09513821,0.7016052,0.8578297,0.18762375,0.32531744,0.8858294,0.9214343,0.24772558,0.9361745,0.35825455,1.0841058,0.99550897,0.2865489,0.28245735,1.6719735,1.197582,1.2664385,1.0585881,0.002596735,0.93574864,0.07689102,0.04761394,0.15461425,0.3316929,0.57297,0.7492073,0.76314414,1.1540754,0.07977901,1.0676973,0.6056112,0.6391624,1.1302346,1.2734226,0.0,0.2244704,3.2832463,1.0840074,0.30307105,0.54142076,0.2598437,2.4885356,0.962099,1.0147475,0.0077180215,0.859465,1.4156232,0.09263895,0.92911655,0.5717081,0.6022515,1.0187607,0.08440763,0.27403474,0.4935041,0.010244724,2.1339774,0.7655926,1.5155939,0.48064208,1.710022,1.1304715,0.17656842,0.96343255,0.18011636,1.2340308,1.2579291,all_pothole_images\pothole_images_new_image_1080.jpg
1.1877553,2.1757882,0.46294302,1.3938041,0.08445632,0.42765674,0.70253706,0.255733,0.9227908,0.36057642,0.34541655,0.42960745,0.8538773,1.2669239,0.13823648,0.57886094,0.65235186,0.052632038,0.5225643,0.61763203,0.77953035,0.21974322,1.1132336,2.0287936,0.035772044,0.258225,0.049274113,0.13053764,0.5603644,0.4449093,1.3471891,0.13654797,0.9582935,1.3552263,1.9935243,0.8097049,1.3246394,0.24934731,1.9840993,0.62729484,0.047703505,0.23150389,0.8323456,0.6038269,0.31555712,0.42815024,0.18845287,0.08438223,0.699932,0.36815006,1.8775173,0.77724266,0.9083857,0.07805835,0.8009813,0.41601092,2.2438507,0.67020184,2.61579,0.091704875,0.370707,0.110584065,0.69538003,0.711322,1.1290748,0.2349846,2.5552268,0.42046115,2.4126327,0.010614311,0.8354491,0.5086381,0.13489151,0.03158662,0.8308285,0.40686494,0.49151057,0.83909494,0.08218078,0.5181931,0.026783029,1.0765622,0.23191093,2.5360997,1.7014451,1.0088634,0.3434999,0.19257388,1.7261415,0.45560563,1.2883084,0.4712715,0.35716507,1.8222967,0.38852826,0.42038423,1.1011022,1.3020275,0.8142315,0.928016,0.9915223,1.1933483,0.43344083,0.897789,1.1994218,3.9235168,0.5480615,0.4618017,0.7230899,0.95592195,0.4085326,0.7008331,0.84349245,2.5561452,0.33544505,0.07640602,1.9956317,0.32114676,3.2697644,1.5213221,0.49313015,0.91474444,0.41066998,0.65575397,1.7375312,0.32305118,0.45229906,1.2916139,1.7289124,0.23909697,1.1576594,0.26269135,0.027417367,0.04535421,0.6099076,1.9981741,0.11419691,0.6660665,0.052864004,0.3008291,0.0027289935,2.2223775,0.73327124,0.55342215,0.0,0.799982,0.16732934,1.8547292,0.06131098,0.5549828,0.81027627,0.6709684,0.33872882,0.0,1.4954926,1.0608622,1.9149181,0.5547679,0.9580788,0.08040792,0.62621087,1.2599766,0.21064886,1.347873,1.5248954,0.18766607,1.0286698,0.004761098,0.5794882,0.58934885,0.49374852,0.005416507,0.75219536,0.0,1.6509966,0.54298955,0.39637595,0.010185255,0.002025747,0.0642374,0.6889807,0.9742456,0.4015644,2.9763756,0.6684886,0.5635866,0.19957156,0.75295925,0.8564327,0.77716076,0.31173182,1.4030459,0.964536,1.1714723,1.2945474,0.19598003,1.0198458,0.8705773,0.38243678,0.12385556,0.3412733,1.0259638,0.16356717,0.10373828,0.770226,0.33383965,1.0263096,0.003655595,1.6766912,0.7859558,0.077348955,1.0936596,1.1790271,1.6314582,1.4972605,0.37493852,2.3649714,0.020515667,1.4806012,0.610341,0.74734247,0.9372451,2.001317,1.1593314,0.23790099,0.063775696,1.703139,0.3826617,0.5699209,0.2018345,0.059816487,0.1500088,1.885603,0.65487194,1.2217494,0.503604,1.9340156,0.09691236,0.50442815,1.4743053,0.99438757,0.31364796,0.46919778,0.57823867,0.1420751,0.0042417026,1.1193111,0.29808456,1.4335694,3.0686028,0.65146595,1.382753,0.12375611,0.31729606,0.0033349115,0.008274892,1.3356441,0.22093305,0.20304288,2.1857722,0.0066312808,0.22021689,1.1753466,0.8546982,1.3757203,1.4291532,0.18237807,0.040105563,3.339434,0.34993565,0.7628777,0.30684292,0.1251143,0.12205707,0.40984228,1.3271176,2.7185013,0.3592685,1.6913799,0.65401995,0.19325377,0.19040687,0.1502259,0.79025406,0.45073915,0.09412018,0.51508206,0.9501069,0.40168348,0.15102752,1.523591,0.023203727,0.31379625,1.1987088,1.0908533,1.4081461,0.39264134,0.08358389,0.6104717,0.69365007,0.9009728,0.35126573,0.6392843,0.06032178,2.4087915,0.08575622,0.74700904,0.13411814,0.07855549,0.05596025,0.49108925,1.0782036,2.1371505,0.20871179,0.012432814,0.9014257,0.05232119,1.0740933,0.81763536,0.3093013,2.947521,0.14082332,0.30831137,0.30039105,0.7840336,0.6484258,0.07301923,0.49344152,1.3800709,0.9294734,1.3592265,0.021557514,0.14350909,0.0,0.016470805,0.7370684,1.144345,0.080508195,0.46477896,0.39357328,0.13692309,0.8692455,1.5975528,0.40071782,1.1334952,0.63909405,0.73450595,0.07009289,0.13959008,2.037781,0.04700842,0.83186144,0.1995987,0.6015872,0.6261606,0.07978863,1.1229663,1.3621831,0.35626438,0.6387914,1.2283244,0.7558712,1.2138641,0.43933833,0.0,0.5770766,1.1302881,0.15364733,0.5642598,0.8845103,0.78562146,1.581418,0.8290704,0.43425205,0.8680355,0.18681252,0.26625758,0.376739,0.14004728,0.71922594,0.51492625,0.585889,0.37979132,1.0163031,0.58862305,0.17540538,1.3407384,0.2936149,0.2520769,1.9407661,0.11584581,2.6482034,0.5570982,0.08793294,0.0012520597,0.82927907,1.1070279,1.825587,1.5661852,0.59803057,0.84426564,0.5559222,0.91579247,1.1702718,0.88316536,0.0014319094,2.726177,1.3883837,0.00056596386,0.5975777,0.2797067,0.5863703,0.21509387,0.8119728,0.007450589,0.11975191,1.9566936,0.40762454,0.60930705,0.6551864,0.42014122,1.2697103,0.41552195,2.951752,1.2097048,0.55594075,1.0391067,0.9082532,0.17096815,1.7813,0.16359492,0.7484378,0.13139081,0.43333805,0.022916032,3.6750605,2.019344,0.4161838,0.5382849,1.9172765,0.37238213,0.4426033,0.17433232,0.21829689,0.03421889,0.05268363,0.7025047,0.015678648,0.07922102,0.1577952,1.2134162,2.4682517,1.035447,0.5014586,0.2927816,2.2353132,0.8096073,0.055342935,1.048457,1.3811702,0.5161832,0.48881343,0.78159255,0.94765145,0.6018588,0.7729608,0.018520063,0.5078004,0.4195884,0.2218545,0.80197376,0.26824445,1.0278299,0.76369244,0.38828346,0.5106929,0.16574702,0.63812417,0.17352556,1.4529701,0.7102985,1.6469418,1.3106852,0.049827196,0.9175191,1.5811992,0.97577345,0.007854394,0.32135713,0.06261567,0.386298,1.4468105,0.5074661,0.2695566,0.12127513,0.03598974,0.13223413,1.2782041,0.08165458,0.02463198,0.00054270524,5.1079,0.44630647,0.34044647,0.22224498,1.6277136,0.3137644,0.33239013,0.6943464,1.7516333,0.28354836,0.64791465,all_pothole_images\pothole_images_new_image_1081.jpg
2.1659765,0.4360497,0.4110456,1.1300343,0.053340714,0.9519501,1.0897063,0.6396572,0.47317156,0.80254084,0.61555576,0.039620176,0.09455476,0.9139311,0.17090245,0.41171598,0.17214018,0.16163236,1.1922184,0.5641032,0.975471,2.8763366,1.2060852,0.987249,0.4388859,2.0940886,0.20394653,1.9060915,0.24211821,0.41587487,0.9045747,0.4498153,0.95013845,1.4437642,0.34609145,0.66198784,0.0,0.07113873,1.1873559,0.95482343,0.070344254,0.0,1.2268893,1.2378103,0.6567413,1.0516908,0.14422175,0.23442689,0.087833576,1.9031695,1.6383445,1.6501315,2.123068,0.045840144,1.043282,0.5577493,2.0628073,1.844355,0.28347597,0.38289475,0.14362027,0.7494362,0.87856853,1.3017431,0.2820484,2.2601254,0.58357364,0.354703,1.8140414,0.10690004,1.0224433,0.44269046,1.0015666,0.25794575,1.7659019,1.1165599,0.9736695,1.5489677,1.3643624,0.2885058,0.59422755,1.325223,0.14336568,1.6813626,1.2773471,0.70149904,0.643412,0.18167166,2.4459758,1.0016816,0.26270008,0.094804235,0.19859315,0.9950201,0.35934314,0.5586131,1.8638328,0.695523,0.14664575,1.9933723,0.063596636,0.9970848,0.045299295,0.7017359,1.8484017,1.6397238,1.6403114,0.86576,0.71276563,0.5079975,0.0350594,3.0408344,0.9538392,0.2286932,0.08307579,0.06283052,2.6268523,1.0777577,0.08724804,1.4409635,1.46057,0.36556223,0.028142676,0.54606587,1.5344956,0.28941005,0.4940804,0.4968255,0.78096795,0.7091123,1.0410552,0.07126996,0.13069004,0.13363197,0.4947252,0.80712694,0.49037036,3.010955,0.34292644,2.543455,0.2673641,1.0645927,2.0429046,0.878384,0.014505647,0.09278323,2.6170993,1.2059,0.28513184,0.16950718,0.53311443,0.343161,0.9587349,1.2024014,2.3493266,0.5158466,0.7107328,0.12955084,0.10042217,1.1795906,0.8964884,0.57710934,1.0038446,0.50755924,0.56577986,0.21137556,1.122673,0.12465277,1.2539423,0.31570745,0.21481878,0.002740279,0.022248795,0.08337878,1.723367,0.18847416,0.3478026,0.0,0.2698702,0.51000595,1.2522196,3.2650197,2.8968906,1.4985336,3.1464288,1.0624422,0.11985077,0.8606345,1.2845229,0.74534386,0.07915621,0.677213,0.6932093,1.8949876,0.737508,0.27274504,0.63827944,1.0240765,0.7435505,0.8674779,1.1275421,1.6975785,2.053991,1.2096179,0.40326717,0.25805143,0.6238841,0.7317346,0.428977,0.43444535,0.07967322,0.9050828,1.7238445,0.46687648,0.06503601,1.6041021,0.13100103,0.07877213,3.0425925,1.7964555,0.20502561,0.24198395,0.7001985,2.2397056,0.48599362,0.03184851,5.873991,0.061848752,0.37952682,1.8973552,2.04745,0.7941234,0.16681044,1.0650399,0.67957616,0.69974804,2.953668,0.03488531,0.124448664,0.12978077,0.57101804,1.5406663,0.56012213,0.22652654,0.55956274,0.05747632,0.33266327,1.2642097,0.7779963,2.4214838,5.1602263,0.26977876,1.1433896,0.69812745,0.8513472,0.061883792,0.4534553,0.62400955,2.0817692,0.26906535,0.059282195,1.1336031,1.7477401,0.40131864,0.6986654,1.8762057,0.5634356,0.7147426,1.4247383,0.39734894,1.0445148,0.07774541,0.8961292,0.80565566,1.1704493,0.28570977,1.6875962,0.9205758,0.89928967,0.72411436,0.40411508,0.9924067,0.08247291,3.1675296,0.6906716,3.0719473,1.4316093,0.90832645,0.45890176,0.45200852,1.204765,1.7530168,0.290116,1.8140947,0.4939291,0.96001136,0.9011529,0.46115664,1.6144894,0.925892,0.29262298,2.2909882,0.055280607,0.73084944,1.6354657,0.45798677,0.07639187,0.9558775,0.16594905,0.39663675,1.592059,1.6526579,2.2437277,2.0938044,0.14121796,0.5174034,1.4941356,0.68928456,0.8774937,0.37377068,0.47092086,0.70143557,0.25063863,1.8071647,0.07221695,0.7339513,0.7056936,0.009188383,2.3263812,0.7849214,3.6360326,0.613767,0.4073782,0.60774624,0.9809522,0.76508313,1.3497554,2.6237655,0.013929355,0.8491614,0.92076117,0.30071226,1.6295482,0.5527234,0.8383706,0.27222282,0.11658167,0.5012941,1.7248787,0.5280274,0.38918337,1.083347,3.207697,1.7470522,0.05376446,2.1615279,0.07365839,1.4782293,0.7602765,0.8278997,0.13735327,0.13614434,0.7683211,0.9833289,0.7250309,0.43716508,1.7427542,1.9568802,0.515952,0.43164667,1.6659446,0.5650912,1.7806957,0.14566462,2.3592618,0.021989906,0.10981375,0.12658554,1.7707239,0.44041193,0.08362184,0.7635191,0.023752414,1.5316199,3.3491118,0.11590272,0.36464274,0.3499143,0.21165147,2.8556135,0.7794725,2.5240164,0.37160516,1.0484672,0.08130546,0.07129705,1.3430214,0.6556827,0.67350316,0.31710815,0.9398627,1.2099566,1.0844617,0.39662847,0.19847026,0.2586026,0.93654156,0.7760349,0.047567625,0.08636308,0.41646892,0.7823611,0.62147516,0.6453233,0.88655025,0.10633486,1.7368194,0.6505898,1.2410569,0.28693283,1.2419128,1.6161789,1.1943082,2.4478824,0.5007329,0.07585523,1.9912318,1.2319428,0.75713456,1.0080163,0.62035567,1.6369299,0.16579361,1.4234644,0.97123903,5.22744,1.450407,0.911949,0.73188794,1.0509745,0.51751614,0.89697796,0.4388152,0.29348198,1.0462176,0.008618642,0.7083102,1.2190795,0.27773488,0.32371736,0.70777595,0.6877305,0.55901957,0.44863454,0.60247785,1.8716502,1.4386805,1.2310736,1.8428926,2.60116,0.06758929,0.31319025,0.87780404,1.1570828,0.43809602,0.57189596,0.63012123,1.2283874,1.873807,1.2541497,1.7217901,0.008555243,0.95640206,0.2681462,0.38432357,0.51222765,0.08905757,3.401445,1.1950895,0.1544415,2.0152018,2.7037566,2.9977105,0.2636243,0.5303653,0.67049104,1.9683458,0.59507376,2.4785564,0.0,0.49701947,1.664764,0.065476924,1.240052,1.0159068,0.52954316,0.45617935,0.33751732,0.9396785,1.5117426,0.2744253,3.3855453,3.3640366,0.8150883,0.25467524,1.6085125,1.3193265,0.6533184,0.24091707,3.06815,0.35592905,1.3179669,all_pothole_images\pothole_images_new_image_1082.jpg
0.6819612,1.362845,0.18591133,0.5134424,0.8975735,0.0,2.333922,0.21101643,0.0,1.4441011,1.0421648,0.22781089,0.0012574717,0.43028876,0.15135022,1.5172863,1.6301277,0.99816394,0.6753835,0.9670406,0.09484524,0.11538426,1.5265845,4.202442,0.9402542,1.9330417,0.35349903,0.29355165,0.46788082,0.99209803,0.16400282,0.18401778,0.0,0.40081218,0.41495958,0.5314889,0.38924026,2.0683272,0.9179301,0.11135762,0.3882361,0.10251398,0.35674796,0.035584107,0.94419897,0.5855803,0.06439077,0.42523387,1.6229986,0.021994675,0.262772,1.2649882,0.27130786,1.7636058,2.1930218,0.0,2.4083683,0.13084994,1.277699,1.2229428,0.0,0.9409652,1.3696698,0.59931654,0.3980123,1.9438533,0.717202,0.6055251,0.08143073,0.009320924,0.009152306,0.03475032,0.2886615,0.009235473,0.6977542,1.6212399,1.1545738,1.0866203,1.6152462,1.5641721,0.0107485745,0.2658958,1.6195161,0.54792225,0.6116217,0.050471976,0.904366,0.24369885,1.0804244,0.5093466,0.7245183,0.999676,1.2268482,1.1104646,1.1240157,0.2095322,3.6114483,3.2414505,1.8506544,0.8587542,0.03160822,0.8288367,0.28399563,0.8184827,2.8587759,1.1056414,0.4296579,0.08459282,0.5656902,1.9776667,0.30205867,2.8361812,1.1955861,0.8377625,0.21803729,1.2477137,1.1704347,0.47025263,0.7070031,0.48264477,0.09146515,2.798377,0.15221739,0.3752298,0.87300736,0.09570412,0.018929916,0.48883772,0.043717198,0.113331825,0.12605424,1.2310091,1.8715851,0.23874477,0.3773354,1.4469503,0.07637747,0.16982499,0.64487404,0.0011313672,0.7561331,0.042137418,2.4504347,0.61610687,0.09608469,0.014948533,0.742205,2.2567172,0.24174756,1.5558144,1.0976877,0.2635994,0.07225019,0.064098045,2.040389,0.17176937,0.17794853,1.2560482,0.6677363,0.088618636,2.890922,0.8242295,0.17762095,0.028630935,0.85163283,0.08731808,0.7951149,1.868267,0.32293725,0.5337381,2.431279,0.044482134,1.1013855,0.012489338,0.39435017,0.4709343,1.4325013,1.0583155,0.7688292,0.5746534,3.0174398,0.30035317,2.5229475,0.36275512,2.8353307,0.14370507,0.56757,1.5377929,0.4025912,2.2306244,3.5595016,1.8023332,0.47475496,3.369209,0.090791896,0.05858678,1.066633,0.5962355,0.78248143,2.292238,0.2839326,0.11369271,0.60649526,0.8267185,0.3411609,2.607301,0.9364292,0.54523504,0.09712837,1.9608002,0.40487143,1.257838,2.774881,0.9707286,0.02681115,1.0403858,1.0178865,0.005828546,0.0040259487,0.2649729,0.09357713,0.004982715,0.22797668,0.27814814,0.22604771,0.08826136,2.092135,0.46066868,0.0108663775,1.4698329,1.7024623,0.033887085,0.36749172,0.55211914,0.8308688,0.070796445,0.56438863,0.25245497,0.5820335,0.27941725,0.5694925,2.2525253,1.7939745,1.0000831,0.20015705,0.09760715,2.650721,0.17519176,1.2324227,0.48425496,1.3440187,0.32865733,0.8862483,0.56076866,0.6888016,0.43055782,0.36816,1.1786284,0.98981714,0.4012321,1.972009,1.1892791,1.060279,0.20920838,0.4191657,1.254853,0.9434599,0.38885045,0.50561404,0.0029925378,2.1711466,0.29520014,0.057519283,4.2375016,0.2439999,1.6206369,1.5678681,0.31441388,1.5917349,0.7847186,0.024827251,0.8572279,0.12398941,0.52769536,2.011981,0.33887538,0.51489437,1.0810918,1.7578324,0.52013826,0.32770264,0.0886775,1.1087688,2.0167887,1.2169673,0.2688025,2.6307597,0.0077498616,0.55586,2.4548779,0.0,0.3127574,0.15367676,0.033028588,0.029890167,0.09845908,0.0,1.625298,1.9012606,0.40457547,3.9679503,1.1996405,1.849164,1.0425429,0.3377696,0.03891868,0.4853085,0.35018975,0.5343378,0.5487451,0.4265375,1.5618283,2.1248229,0.05577469,1.6693735,2.2763677,0.12776133,0.7794306,1.3646997,1.9121565,0.05408911,0.038544368,2.7616844,2.2195,1.8361676,0.54506,1.8824912,0.6414255,0.28394473,0.50093555,1.4333996,2.4311233,0.51105917,1.556852,0.8022517,0.32972857,0.062793285,0.0078065777,0.5288905,0.0,0.00040971345,0.51438206,2.5806966,0.3476603,0.35346162,0.1674299,0.4270696,0.4692054,0.0020978232,0.3414058,1.3249023,1.0374929,0.035408627,2.6605134,0.16573404,0.3697157,0.59546846,0.9867508,1.5301855,0.50369936,1.1223578,2.2656155,0.50617725,0.1385369,1.0004319,0.34958285,0.0,0.24748759,0.0306412,0.93945724,0.41388807,0.52677184,0.20966163,1.5877414,2.0969162,0.2508643,0.357834,1.6772778,2.014013,1.1208252,2.9901195,1.1911076,0.63748354,1.4222383,0.36479008,0.38508555,1.0736845,0.09258529,1.4169707,0.0011682013,0.08431501,3.2373383,0.30521962,0.50168735,0.056503225,0.14490339,0.9156192,0.24816819,0.14835471,0.3873447,0.0035599088,0.5412082,1.2813436,0.30485943,0.0013168762,0.5602883,1.9615189,0.09591665,1.8911841,0.017763583,0.048533488,2.503632,0.7308663,0.77329594,1.4397569,0.6996095,1.2812468,0.13860746,1.217154,0.43922058,0.028791485,0.47470692,0.08055032,0.05544974,0.023215288,3.53001,0.3929913,0.15248577,1.1498551,0.10334517,1.3571748,0.011184434,0.0948391,1.6804781,0.43050656,0.13854465,0.7213432,0.6436622,0.31358156,0.98570544,0.025851721,2.644617,0.1880901,1.0532032,0.23030461,1.5704694,0.9396529,0.076251455,0.29906365,1.8377,1.6821245,0.78717935,0.06471948,0.9135709,1.7093129,2.3979099,3.632123,0.06582001,0.8099964,0.5888177,1.1587906,0.52764124,0.6843389,0.56642455,1.0609275,0.74819577,0.064609155,0.2766907,0.52033746,0.62790304,8.714053,3.0550032,1.0780703,1.2174189,0.19346955,1.8415742,0.93135333,1.3006645,1.4519429,0.0,0.3968471,3.3642223,0.025234979,0.04714515,1.6429479,0.2170167,0.5985125,0.7768888,0.5946384,2.4300807,0.007330819,1.3726641,0.4688637,0.35898888,0.28273538,0.16253464,0.15668356,3.9461126,0.5481141,1.1478744,1.2135804,0.927431,all_pothole_images\pothole_images_new_image_1083.jpg
0.9817666,1.5650296,0.22756787,1.2991229,0.70592475,0.056295123,0.0,0.2591306,0.3062029,0.11024234,0.13668434,0.31011268,0.13262264,1.593942,0.37855318,0.22136188,0.09016343,2.8741233,0.64594656,1.8521435,0.19056791,0.003546241,0.27539566,0.7671869,0.7267291,0.59881663,0.5905828,1.4387627,0.0,0.17597729,0.012675366,0.018622687,0.0028962812,0.94872195,0.36705244,0.24443404,0.82431746,0.081706025,0.9650281,0.18747514,0.55123097,1.3330963,0.6572306,0.6245785,0.28702846,0.8873958,1.0536504,0.94730896,3.2879674,0.34159786,0.17619821,0.47606874,0.13792238,0.27638435,0.8990692,1.4232548,0.38706124,0.15516753,0.9157482,1.0044338,0.45916432,0.04730783,1.1021293,0.5095002,0.9907958,0.5387595,0.026759762,0.21604316,0.065981224,1.1389152,2.1787114,0.84584534,1.2933936,0.0,0.1193658,0.020192422,0.5834655,0.16310152,0.040157862,0.64192337,0.29879534,1.2181113,2.4873245,1.1464692,0.21993674,0.18326837,1.6740906,0.030606285,0.34376884,0.9953766,0.3352355,3.1044743,2.261017,0.76495826,1.8366213,0.9849892,0.24203245,1.3949946,1.2800463,1.42758,0.41575325,0.41085336,1.0997614,0.30119833,1.5744523,0.32462558,2.30664,0.14477226,2.584979,0.6681127,0.32657483,0.0,0.034843627,0.34292525,2.1834676,0.5749763,0.070837945,0.44748953,1.181951,0.039883062,0.38319492,0.87481195,0.91338956,1.1243371,0.69829434,0.20301178,0.3747644,0.2894392,0.18709005,0.17306978,0.2424706,0.36035982,0.561448,0.04905426,0.02430264,0.17202616,0.03483408,0.7562027,2.488729,1.5272354,0.11856953,0.053686492,0.09080135,0.060215726,0.16068861,0.34588227,0.16479206,0.77177685,0.24505362,0.87204444,0.29874766,0.75323915,0.7819944,0.18422593,0.3962762,0.36545286,0.7139967,0.38409874,0.089377865,0.48249987,0.46423277,2.6484923,1.9862581,1.2200452,2.67782,0.035254546,1.6397991,0.07526143,0.87647474,3.690401,0.9407731,0.112627,0.017394029,0.20638345,0.8896928,0.3887923,0.90736544,1.5785956,0.56281185,0.09792871,0.0068642385,2.5835998,0.27691394,0.25985357,1.8435413,1.331065,1.1875954,0.5448561,0.076875575,2.3562558,0.024788637,0.74936444,1.8429049,0.34629384,1.2465423,1.6241426,3.793737,0.23747852,2.0615842,0.044319313,1.5137864,0.40294704,0.058932368,0.31303215,0.3970452,0.40419862,0.10013572,0.018370805,0.13773815,0.6256536,0.17654254,0.6007053,0.49795866,0.0,1.4661361,0.22995621,0.27528432,2.2826283,0.20701905,0.6590826,1.0224049,0.8316577,0.84974045,0.14123406,0.49631664,0.6272166,0.0468081,0.7312141,4.36657,0.8993207,0.8769184,0.21437699,0.40227738,0.11311228,0.3891644,0.12823486,2.2577677,0.5658444,0.71322334,0.9971871,0.20023367,0.6921176,0.4080759,0.6289655,0.41192782,0.47858638,0.5656613,0.40644237,1.6210105,3.7064693,0.17960332,0.014265118,0.03208946,0.03291436,0.7825023,0.6089142,0.7506572,1.0265306,0.05480845,0.3314661,0.37009886,0.33579627,1.3551997,2.1476526,0.043710366,0.7290783,0.4238315,1.3633647,2.1726692,0.18554138,0.114870004,0.22454335,0.91907704,0.8657762,1.0203933,1.9010953,0.012504633,0.77785397,0.16486683,0.012712649,0.42586625,2.0601017,0.7765409,0.0073597576,0.36227822,0.020144003,1.1913275,0.3381104,1.8815522,0.2633759,0.262353,0.6603125,0.007883152,2.300759,1.4307278,0.043261886,0.6755151,0.4771996,0.5638427,1.0562859,0.22658469,0.14607432,1.023115,0.14976476,5.6435523,1.1043272,0.5081752,0.24694255,0.34422824,0.74064773,0.06477812,1.1007502,0.25172734,1.9776714,0.28769222,0.00070984435,1.346357,0.11088432,6.7324076,1.1584877,0.77337176,0.24625163,0.23215811,0.12717211,0.25409082,0.6943901,1.1555912,0.2931274,0.6957339,0.0012357956,1.2123243,0.0108791925,0.15509261,0.36798784,0.0,1.1623408,2.5347757,0.6651535,0.17257904,1.0597812,0.40321693,0.0,1.6172935,2.1144505,0.7877704,0.060158204,0.29973316,0.19590794,0.22289178,2.6435204,0.2724993,0.20062637,0.04256663,0.7150689,1.5465808,0.3487274,0.0,2.9528568,0.2548856,0.15711786,1.9413292,3.8972871,0.50052446,0.0,0.43819883,0.5357994,0.06417178,0.6228496,0.11790112,1.5884293,0.8989978,0.5057069,0.008755743,1.3766471,0.07586032,2.2587004,0.017134875,0.051255133,0.14510089,4.1490984,1.6840851,0.46276435,0.2924531,0.68149954,0.15218385,0.0,1.8364927,0.38368458,0.073739275,0.9077553,1.18054,0.06012426,0.3481147,1.0261322,0.0,0.6281832,0.9045315,0.5660073,0.27617148,0.93878436,0.15669747,2.2339797,0.017984996,0.20442514,0.3301229,0.09907574,1.5316535,2.2372105,1.4906224,0.5697773,0.013318774,2.02365,0.007234323,0.7382437,0.7412199,0.57437724,1.3121547,1.7218083,0.30974147,0.39518216,1.6723264,1.3026034,0.09303455,1.4070592,1.3545827,0.17632586,0.5936859,0.0013152574,0.20516433,0.32450473,0.043034125,0.13838433,0.034366317,0.23528071,0.12055792,0.0052088806,0.11934547,0.2067882,0.19870217,0.05439833,0.11750473,2.5371668,0.70898485,0.14122313,0.11295576,1.2243083,0.14423323,0.6378072,1.3591114,0.47556204,3.250917,0.47952464,0.025584709,0.1740017,2.933075,0.4942088,0.3677738,2.436944,0.3795789,0.9096139,3.1046932,0.0,0.56744295,0.071800806,0.00022669537,0.032876737,0.49245188,0.2954549,0.4722009,1.416643,0.63306236,1.4771688,1.5207541,0.0009962735,0.2253472,1.3655818,0.0,0.2120609,0.49403465,0.1284969,0.15264586,0.42785725,0.24244606,0.0126616685,0.7354238,0.8263438,0.84225833,1.3696823,1.4883189,0.34459755,0.3276184,0.3922561,0.4775073,0.33102968,0.082347006,0.035748072,0.05659023,0.24509898,0.503085,2.179555,0.85327494,0.41454473,0.20382196,0.0030532512,1.0285593,2.6827357,1.372853,0.0510988,0.7730831,0.31266442,0.04086218,3.3501844,all_pothole_images\pothole_images_new_image_1084.jpg
0.7944483,2.6948245,1.1403345,1.7342659,1.3722017,1.0938638,0.35315493,0.12663047,0.22553635,0.50279385,0.3484022,0.24956469,0.32581097,0.60495794,1.3180273,0.42315647,0.5852843,0.025953997,0.1752289,0.30197963,0.15242878,2.09837,0.7589878,2.1833484,0.24196398,0.047433574,0.19814423,1.4802355,0.33330002,1.0033628,1.9385874,0.7642977,1.1384406,0.7392729,0.6908784,1.100769,1.768445,0.29119262,0.27931598,0.77992654,0.53425574,0.286528,0.27086747,1.8701956,2.1142862,0.05654828,0.5033737,0.49153182,0.85612845,0.51825184,0.24998054,0.42595842,0.21471077,0.3959433,0.19612893,0.6131112,2.5042303,0.020703444,0.6388125,0.5782592,0.031457603,0.31170338,0.657644,0.34330013,0.08757192,0.31043556,0.770782,0.2046898,0.10770383,0.10596828,0.23470704,0.2764477,0.53142715,0.79520977,0.08119613,1.956858,0.099668734,0.40851155,0.06014494,0.67869437,0.10938489,1.1461015,0.051470574,2.129422,0.6986646,0.79124045,0.19785522,0.015532059,4.1547446,0.38903883,0.012417851,0.23692833,0.12474385,0.050018523,0.45938778,0.09715501,0.7573255,1.0052087,0.08045943,0.18140273,0.03343096,0.9646818,0.9944117,0.009073658,1.024908,0.0055698776,0.035013836,0.24986397,0.6538494,0.6323508,0.05851476,4.5257487,1.6161789,0.091585346,0.21076189,0.75533575,2.198097,0.034277026,1.0346907,0.8371076,1.3382453,0.82065666,0.17367738,1.0317162,0.30288205,1.1547457,1.356177,0.8335956,0.9073886,0.37600568,0.56048274,0.20732473,0.76272464,0.0,1.0125542,1.2672404,0.08599883,0.19828269,0.15270641,0.13915618,0.31207973,0.11339796,0.06500135,0.745202,0.18987894,0.84641296,0.27812096,0.8160385,0.23762858,0.36113533,1.2066596,0.38785034,1.0594418,0.020716285,2.1025043,0.47947574,0.15240978,0.3075901,0.94777477,0.06679385,1.1553504,0.7649171,0.10483073,2.292092,0.1043841,0.6134832,0.5959856,0.04331223,1.0671309,0.32127073,0.008096275,0.18224743,0.38537604,0.33061826,1.1440538,0.3871565,0.49634165,0.0,0.43874627,0.21590404,0.0,1.1081407,1.1502869,1.2473831,2.0688572,0.25519007,0.06092183,0.81646615,0.610932,0.59106654,0.2797486,0.45702836,0.05020105,1.5935526,0.761081,0.03570575,0.7172784,2.0303943,0.5957746,1.0519849,0.04961612,0.97799927,0.04601466,0.15911041,0.44688305,0.83260065,0.5413013,0.03287182,1.7661409,0.14604002,0.32044214,0.25129038,0.85609233,2.0510051,1.5496888,2.256375,0.45005104,0.28603604,2.8606703,0.33071166,1.1321087,0.0,0.5577365,2.2643368,0.10175838,0.934436,2.031603,0.25835747,1.4149649,0.16356736,0.17481889,0.2487502,0.7949276,0.0629436,0.71042585,0.11190492,1.2325741,0.23776352,0.13262926,0.34387705,1.5287687,0.3231442,1.2383807,0.16628148,0.0,0.0,1.4327062,0.0,0.42572674,2.7861724,0.7258718,0.8571481,0.17609796,0.9795439,0.60685295,0.08302488,1.0479361,0.48724034,0.41735205,2.7012494,0.05493818,0.019235166,0.69413084,0.49360943,1.0667024,0.94669753,0.10467959,1.1567152,3.967021,0.2756792,0.7759965,0.06894874,0.009283624,1.001295,0.8102461,1.3253987,1.3512679,0.26475435,0.23822737,0.3075604,0.31600764,0.65722805,0.06527088,1.0374413,0.39668432,0.689374,0.79649884,0.5830087,1.943312,0.73296434,0.4869152,0.32672927,0.11536344,1.6705512,0.08858531,0.8698523,0.63614124,0.21560122,0.6726987,0.27858242,0.027096879,0.172406,0.08747666,0.7855307,6.3185062,0.40532318,0.52350575,0.8765389,0.4094848,0.21418108,0.10659771,1.2695216,7.2126327,0.7739554,0.26344976,1.6479248,0.008383409,0.6248712,1.2429339,0.42532557,1.0881097,0.1355001,0.0,0.41750887,0.1946352,1.843658,1.2595755,0.35644865,1.0867991,0.6237948,5.271292,0.16968007,0.26865092,0.18820845,0.030761568,0.32485065,0.6066055,0.02355427,0.4079111,0.20040461,1.3723404,1.1372381,1.3408722,0.0,0.8632411,0.21177165,0.71139866,0.004157171,0.23651184,0.3784321,0.7604319,0.64528894,0.31249738,1.3304077,0.36446193,0.14758654,0.4007283,0.06853886,0.056080934,0.69048095,0.0069828164,0.77745366,0.88862735,0.92673445,0.03682725,1.4580582,0.91297835,0.24079064,0.6856876,0.20291615,0.07984908,1.287542,0.5514529,0.059030995,1.0812098,0.035247102,0.76496494,0.46324432,0.04554194,0.28094524,0.31339368,0.24806063,0.9437251,1.9765424,3.685589,0.3007476,2.204966,0.07334281,0.46169686,2.040089,0.8005885,3.0476604,0.26260075,0.043347836,0.0028178394,0.26322263,0.4705082,0.27521893,0.26058492,0.025818055,0.502913,0.71399134,0.827415,1.4366196,0.27725118,0.06273562,0.830065,0.64520466,0.021967784,0.6752028,0.34267858,0.15077595,0.6020083,0.67994905,0.054177437,0.33371976,1.1982402,0.53504866,0.6791291,0.0,1.194164,1.0007198,1.4079404,2.0547647,2.3087118,0.666597,1.4758697,1.5166796,0.43405527,1.0818853,1.07972,0.78916496,0.03599211,0.60532683,0.1675852,5.1741133,0.742373,0.095472924,0.27431637,2.010658,0.09753609,0.43161714,0.036827352,0.28469735,0.58824664,0.0,1.821259,0.5176175,0.6157827,0.6828415,1.7994742,0.5591553,2.4175057,1.195325,0.722399,0.6046703,3.3276768,1.0501287,0.47733313,1.0468472,1.2353718,0.03805802,1.0774848,0.016556116,0.45934373,0.43938166,0.38550395,0.0,0.29049936,2.748262,1.540215,0.043914404,0.19851,0.5908986,0.6586589,0.3434295,0.028453192,1.2077006,0.6081548,1.1148264,1.1069852,2.533514,1.4306117,0.7060835,0.0,0.6138076,2.8495617,0.43363765,1.0603172,0.18083279,0.15704113,1.7477018,0.23644276,0.0035709152,0.0,0.48185402,0.37943453,0.22437865,0.005675086,0.028117418,0.024901537,5.8733816,1.030735,0.39951167,1.2508903,1.1080691,0.0,1.1338167,0.3511077,0.8504237,0.2943919,0.16679801,all_pothole_images\pothole_images_new_image_1085.jpg
0.8354056,1.5604681,0.8134517,1.116754,1.353235,0.20457543,0.5147097,0.13549493,0.65278095,1.1306574,0.22864828,0.8139421,0.48047146,0.13721186,0.7379701,0.51980436,0.29149142,0.290059,1.067729,0.21578892,0.18858732,1.8313001,0.20845224,0.5952004,0.9339483,1.550966,0.10355433,2.9148173,0.14226235,0.88599724,0.5400154,0.2896106,0.6390781,2.40767,0.51062477,0.4251769,0.31276047,0.8276345,0.2617277,1.8480713,0.21604218,1.2723156,0.45571953,0.85913455,0.37204614,0.54573184,0.23791862,0.051725756,0.95115334,0.6188766,0.3504532,0.46085942,0.5953326,0.6831084,0.056209635,1.1118479,0.19708093,0.053894892,0.9566793,0.2774107,0.17294751,0.10602965,1.0298995,1.2521453,0.65170145,1.5821693,0.29453418,0.645666,1.0626053,1.198314,0.78193104,0.51909316,0.4753451,0.5152485,0.32358912,0.9874844,0.38509998,0.11232252,0.25021303,0.081306174,1.1449226,0.25812408,0.027524685,0.6687955,0.43484122,1.1709744,0.21064268,0.7033813,3.9519362,0.5275474,0.8114711,0.4811103,0.23049638,0.3458413,0.2305724,0.10358939,1.3028209,0.8060932,0.08917723,1.4125347,0.10201489,1.9850364,0.81437147,0.16179442,0.20441006,0.18602023,0.62610036,0.9002036,0.24722093,1.241186,0.92768645,1.691853,0.29335737,0.022148672,0.6282487,0.96810204,1.055196,0.81610453,0.4800672,1.2314326,1.3574393,0.49125722,0.26858893,1.0135348,0.10048603,0.75059015,0.04383893,0.90395135,0.3588502,0.58734876,0.7433052,0.27283382,0.14641823,0.3041636,0.31692648,1.4723105,0.4842476,0.12669635,0.8623533,0.60536784,0.2650105,0.2928789,0.24653375,1.2422178,0.5020676,2.1669738,0.2781126,0.40543038,0.34951302,1.5820307,1.3053529,0.7504492,0.6527166,0.34022358,1.3896902,0.9576618,0.97543466,0.49543986,1.278121,0.71874464,0.84564286,0.37135944,0.18017259,1.6570724,0.20435072,0.35148284,0.09718261,0.36016136,2.1038554,1.1096741,1.17338,0.6461787,0.15741341,0.07804039,1.2598778,0.8777808,0.8517578,0.1516817,0.47361317,0.5513525,0.08867229,2.4087293,0.6896482,1.2619426,1.2379366,0.43092772,0.65383124,0.35966775,1.1800946,2.5696156,1.3296583,0.4446594,0.8078766,0.88764685,0.56659037,0.128527,0.8385204,0.20662202,0.19389893,0.8479002,0.84390444,0.32257953,0.68782026,0.5373683,0.2403562,0.611818,1.0574915,0.5292262,1.0889193,0.017001497,0.36543012,0.07246241,0.99867857,1.7801943,0.17395961,0.5669314,0.9400182,0.041142844,1.1323932,1.4635946,1.3080667,0.035367105,0.08541713,0.8794267,0.31503722,0.8450259,0.8724112,1.4658002,0.99005514,0.85523283,0.34929535,0.837148,1.8919659,0.78614324,1.6902171,0.078654245,1.6412002,0.026825326,0.68181187,0.024788095,1.4777913,0.0020259472,0.6550932,0.039676134,0.5115834,0.0,1.005695,0.30940297,0.65089524,2.323533,1.344314,0.3140316,0.64978385,0.57860684,0.025017967,0.3182132,1.0114328,0.32921857,0.46085593,2.817313,0.2687455,0.44910815,0.8134303,0.79188335,0.33649412,2.0231197,1.156739,0.14204992,0.8311869,0.848762,0.68843466,0.13857867,0.653251,0.56027246,0.6607016,1.2933602,0.29194894,0.5754239,0.5324576,1.0332403,0.02588485,0.5580678,0.30114898,0.96417594,1.2252014,0.82753044,0.4419402,1.3246101,0.9302938,0.07113451,0.16123912,1.2131569,0.25302136,1.0578955,0.7650563,0.14959055,1.124107,1.5344683,0.57179445,0.24793841,0.40096337,0.015777733,0.17122899,0.3449046,1.7470522,0.29142722,0.1572935,0.810921,0.58169276,1.360002,0.393685,2.6641958,2.4582345,1.7681437,0.91388655,0.3238791,0.38894016,0.85817283,2.6761315,0.51263916,1.4964793,0.062498864,0.3452862,0.2296285,0.35707015,0.77737194,0.5316124,0.3152129,1.1726741,0.7674971,1.9536246,0.21757612,0.40125394,0.5444672,0.51545966,0.6667403,0.59703493,0.42697617,0.5349311,0.63373953,1.3222432,0.08358599,1.5305085,0.39321417,0.4533668,0.024669638,0.86002207,0.9506386,0.40628156,0.42154172,0.14217015,0.8019722,0.46289897,0.061301105,0.83880144,0.14464334,0.8706975,1.5874437,1.0469017,0.31948692,0.21788153,0.37737978,0.69460297,0.26291654,0.0362564,0.025388917,0.51975906,0.9729666,0.47370687,0.77306414,1.6509829,0.5360571,1.3115113,0.061375346,0.44165668,1.1717358,0.17987087,0.7247491,0.41129595,0.2953888,1.7492762,0.03950334,0.738975,1.3619652,3.1719117,3.1334248,1.9403981,0.6931471,0.45079654,2.2140474,1.7911061,0.30496958,0.15864801,0.5081435,0.7208275,0.17029236,1.0551758,0.54364854,0.32126462,0.4632762,3.5368845,0.48856634,0.04853916,0.5817202,0.61111647,0.806496,0.2156844,0.62751365,0.72123563,0.050967664,0.9141271,0.3847748,0.42532507,0.6883667,0.0655333,0.50274277,0.9846688,0.49604687,1.1363649,0.7089732,0.7509801,0.8307523,1.0226943,0.85521746,2.0828164,0.9741606,0.3848957,1.2589701,2.004803,0.87796587,0.3869309,0.14361085,0.33606967,1.3889933,1.3561765,2.2854764,0.86532724,1.8496376,1.2019562,0.8007744,1.7182151,0.05754975,0.32493806,0.97715837,1.0034986,0.20006269,1.4305915,0.9545835,1.1236552,0.544589,1.0034062,0.97480375,0.83142805,0.28530812,1.3198426,1.251789,0.9391108,0.501063,0.49438086,1.1956184,1.2437775,0.23971355,1.1095669,0.15839398,0.63771945,0.6301095,0.52486,0.3534227,1.5551717,1.4032508,1.4676667,0.80112904,0.39898375,0.5902977,1.1541427,0.39552793,0.23237148,0.39072177,0.9798636,0.44087765,0.71132594,3.2535331,0.24603324,1.155562,0.36219132,0.006149096,0.5337572,1.8445524,0.46488765,0.11381953,1.7144701,1.7891494,0.3271742,0.48778424,0.85638326,0.1634041,0.05774529,0.1168287,0.36678118,0.38319552,0.8595884,2.838614,0.19046524,0.9682206,0.9169828,1.7840302,0.38645172,0.7272863,0.26245505,1.303718,0.41893694,0.47073808,all_pothole_images\pothole_images_new_image_1086.jpg
2.3378189,0.90606517,1.8441138,3.1134472,0.2423002,0.6958652,1.7021604,0.69560724,1.2547593,1.4433295,0.4336624,0.8440707,0.02261409,0.9846398,0.004434341,0.61460924,0.019096943,0.59690547,0.67447025,0.2930495,1.711455,0.6220358,0.031810306,0.89391375,0.21774876,0.09969626,0.22404628,0.015563342,0.11851938,1.7309847,1.3281907,0.45998737,0.8971859,2.9232545,0.27605978,0.14335752,1.3047551,2.2677512,1.8264499,0.26849663,0.029791012,0.013770277,0.72401357,0.1257121,0.8033466,0.4892713,1.7852443,0.0,0.23909748,0.42656893,2.5958881,2.5491877,0.90346354,0.2906403,2.2883844,0.13089539,0.26088458,0.14574613,0.9118373,0.044702686,0.32208434,1.3801111,0.0031828396,0.47120577,0.3093503,0.44245243,1.4325517,0.29640645,0.5416545,0.18926494,0.48959225,0.7744142,0.71436995,0.23830271,0.23335077,0.01879294,1.9933795,0.7356484,0.028795036,0.098004736,0.14105126,2.7339683,0.3794088,0.84485906,2.170935,1.62888,0.08981046,0.28582466,0.19011085,0.000791749,1.8122865,0.06482505,0.11497067,4.5123143,0.49560478,1.5449281,1.6993109,0.23050717,0.0,1.2349895,1.2051686,0.67451805,0.6796115,0.2262375,0.3636441,5.946137,0.24586381,0.0004673584,0.250468,0.31588712,0.029750692,1.5420243,0.1313066,2.4001625,0.061298996,0.0,0.55462074,0.0058694202,0.6552802,0.5319491,1.3109906,3.939329,0.0076048896,0.07711817,0.85807574,0.055039287,1.7411797,1.2878586,2.0072088,4.689946,1.4039872,0.33503264,0.7722483,0.27308053,1.1323125,0.3237021,0.4322846,0.26068205,0.46895194,0.3156112,2.0974243,0.9049625,0.4674715,0.6250334,3.3016388,0.17582005,0.38941097,2.0161288,0.28210726,1.3522996,0.018439338,4.618369,0.2714775,0.363584,0.99112153,0.007871803,0.73021173,0.42385358,0.0,0.24125321,1.0383484,0.2991834,0.93108225,1.1902701,1.6533449,0.9620984,1.0892261,0.18492214,0.054563966,1.1869565,0.39527696,0.7830471,0.17170845,0.3221431,2.5969343,0.76531166,0.15444946,0.0013981571,0.36371005,0.14067061,0.9607698,1.3105855,0.07496765,0.44998464,0.15403818,0.068121344,0.0027778551,1.7466239,0.029690484,1.0779812,1.021654,0.83633935,2.27557,1.0960082,0.0,1.1017814,0.26638326,1.2888017,1.7247361,0.15940657,0.30870944,3.0083487,1.1179703,0.8318676,0.086427815,0.3581375,2.3893406,0.14951168,3.1107955,0.11651691,0.8764578,0.5982215,0.98797977,0.49282163,0.13288213,2.0120945,1.8329129,0.11722887,0.051831808,0.12445841,0.0816021,0.48709893,0.61161363,0.31822067,1.3278117,0.36613166,0.43138948,0.13640068,0.22289373,0.089513406,1.2761697,0.18853143,0.37133196,0.16600323,0.12311368,0.07355534,0.8763059,1.5290395,0.23249933,1.4016786,0.15747318,0.23905191,1.9476763,0.45787716,0.44155952,0.13199225,0.065043345,0.11287608,1.8587519,2.9826243,0.32448187,1.1832885,0.18028921,0.40568143,0.24108209,2.2467735,0.1435358,0.24549486,0.57409155,0.08001384,4.0316396,2.0829945,0.29196736,0.6125481,0.11071291,0.76921314,0.22886142,2.7254765,0.519908,0.4760575,1.0866436,0.8573339,0.25221008,0.5885869,0.0,0.5745568,0.5916527,0.08939385,1.8586335,1.0152243,0.8527391,0.5364964,0.41662115,1.0146226,2.5542355,0.032553766,0.6589494,1.6917022,0.32702458,0.14529993,0.017331675,0.14093108,0.17438965,0.118917115,1.4020243,0.4969804,4.3511744,0.157636,2.6597736,0.5169269,1.4937922,0.24074113,0.8380207,0.28233057,0.7138988,0.30361983,2.4167454,0.32776362,0.07540785,0.2030741,0.14767885,0.47246495,0.24858646,0.21614338,1.3413107,0.82148397,0.20437878,0.34586668,0.29040736,0.51297617,0.3898568,0.04846357,1.9356817,0.7091693,0.080080055,0.3976668,0.870006,1.713888,4.35126,0.15234987,0.3959327,0.022148235,0.426025,0.10442025,2.4145787,0.047638718,1.3896258,0.5354317,0.3903536,1.0401756,0.15511031,0.77083486,0.38978213,1.9366374,0.1076795,0.47806683,1.5866495,0.44726616,0.2789243,0.16071169,0.25757542,1.537492,0.17945935,0.35468578,1.5761955,0.53132117,2.5863729,2.9125514,0.019655056,0.9689212,0.67703617,1.6131033,2.0436342,0.6163004,2.6944225,0.4011981,3.1766205,0.10355449,3.2005079,0.80310416,0.3337685,1.5714407,2.0527797,1.1838163,0.50187385,0.12671387,0.79992115,0.45161125,0.9735048,5.0691833,0.3448675,1.185052,0.37292016,0.5599564,0.20230651,0.6723631,1.131622,1.7499956,0.048279017,0.46843135,1.7682408,0.17723751,1.2196667,1.2981831,0.1412543,0.0,0.0056874556,0.88759094,2.0903223,0.23773113,0.01840595,0.15571393,0.0004809278,0.5231163,0.36603737,1.2252544,1.2274964,0.22307825,0.1147398,0.1766618,0.6562792,0.23464987,0.07569049,0.11060773,0.7952985,0.010460491,0.8913229,0.105618395,0.6013638,2.440133,0.017437298,0.8641575,0.3981353,1.2810234,0.049533702,0.4842372,0.9747671,1.5635799,0.024308173,1.8159546,0.08539673,1.368104,1.3129461,0.0,0.35436186,0.05652152,1.169001,0.02456058,0.6734591,0.29187244,0.20421743,0.50768894,0.049425144,0.23617816,0.8069111,0.5956579,0.5574339,0.056496438,2.5660203,0.72158927,0.044728786,0.50207925,1.4860535,1.8922868,1.1140374,1.6806682,0.6849059,0.7845071,1.9468217,1.9138522,0.28590697,1.0032306,0.037568036,0.51162803,1.8387805,0.7351642,0.22232689,0.19962077,1.8064139,0.72956717,0.08744043,0.38891628,0.80419976,0.62787765,0.2309835,0.006863968,0.22496885,0.50743026,0.020191422,0.18360439,1.0696326,1.5025591,0.48501974,0.51451606,3.6213124,0.7199221,2.2556098,1.1197642,1.7694812,0.04278125,0.8568754,0.8372541,0.8067158,0.46880913,0.003143269,0.0,1.1400214,2.325045,0.0015544834,0.5391119,0.6739413,1.4355235,0.3613264,1.432862,0.6964552,0.0070865373,0.78770554,0.010117454,1.5877763,0.30036008,0.0,0.0,all_pothole_images\pothole_images_new_image_1087.jpg
0.57429874,3.4687953,1.5189193,1.2350059,1.1539228,0.7053928,0.71858495,1.4623715,1.168788,0.691954,0.919096,0.45430145,0.39378422,2.8678968,0.2461143,0.2302109,0.5977541,0.16648553,0.32387304,1.1462796,0.52944803,0.72972715,1.9851137,2.039211,0.9451648,0.1561495,0.08374454,0.3201747,0.38728815,0.63801235,1.4870429,0.09954878,0.389677,0.06850381,0.44605842,0.44160601,1.6512829,0.5439448,0.4372125,0.12830807,0.095897935,0.58497274,0.91063935,1.9083915,2.4385915,0.32565194,0.24511573,0.0,0.638944,0.20426707,1.2973431,0.6167248,0.82969534,0.7743745,0.093547404,1.3897758,2.0995696,0.48438597,0.29219767,1.6989534,1.9344794,1.0508305,3.9175813,1.3860215,0.049585383,0.17211519,0.90922725,0.64156693,0.91137093,0.60829437,1.9294813,0.6669874,0.4102439,0.7080074,1.3273433,1.9827505,0.33133408,0.90716016,0.5263728,1.0025274,1.1990926,1.6490158,0.22922282,3.9569464,1.31196,0.20813741,0.6679434,0.14368105,4.5433455,1.3287395,0.1978132,2.1462579,0.76937133,3.5647056,0.24148451,0.22401042,0.24421377,1.2969184,1.0950191,1.676254,0.40999302,0.7120796,0.5890779,1.1624737,1.6182599,0.3913703,2.643491,0.34832725,1.1986498,1.2125459,0.30693913,2.015714,1.2246146,1.3172668,1.5184911,1.3582894,1.4271306,0.06416413,0.13823378,0.40016448,2.1355097,0.74364144,0.12528731,1.0456797,2.0727978,1.8631661,0.20854202,0.12251731,1.2559361,0.37810746,0.50388175,0.9850661,0.7445929,1.9315307,0.42487156,0.1516853,1.3597201,0.73628545,1.572803,0.4092552,0.5433413,0.23947501,0.75266606,0.7886956,0.5689131,0.7984083,1.3273895,0.05892335,0.5376733,0.04747418,0.0141542,0.26970416,0.9152399,0.037803642,0.8860695,0.52672124,0.14420561,1.165239,0.32177696,0.15689348,1.6786399,0.62555134,0.20955448,4.222058,3.105082,0.5286529,1.5228137,0.79709613,0.9647704,0.06521946,0.7423972,0.2607605,2.5090098,0.9626636,3.7594543,0.047700647,1.2860236,0.57848465,0.0030902824,0.0034007009,1.0326382,1.9873227,1.1339616,0.3734486,2.3902316,0.7342092,2.1229024,1.0845785,0.826341,1.4148759,0.37825564,1.4800131,0.8410759,1.2983149,0.55645627,2.3428602,0.4092953,1.0005369,0.74089366,0.29280567,0.23264214,0.44704667,0.25418657,0.43494898,1.8761446,0.14357336,0.6068112,0.08076965,1.0934415,0.12062006,0.84595287,1.8013638,1.0838444,1.6152574,0.44790962,0.7104752,0.12671413,0.17410246,0.7930744,0.06260801,0.81712604,0.08118771,0.06162727,0.07243388,0.20437619,1.0709246,0.66986454,0.28941217,0.53363234,1.4008249,1.1366519,0.18020192,1.1792995,0.32752484,0.62907,2.4261656,0.5906449,0.27633893,0.21647221,0.784828,0.362058,1.0793742,0.14752041,0.7459445,0.8774761,0.21669948,0.9949294,0.3552731,0.3850023,2.1671138,0.74579555,0.59237546,0.29789132,0.81799686,0.7079453,0.45876577,0.076776065,0.95330024,0.5493515,0.63691366,0.7253396,0.8930345,0.7180125,0.2248518,0.3247914,0.20986946,0.08093288,1.0211011,0.86047876,0.31369135,0.44269398,0.19011442,1.8600228,0.7999171,0.4360974,0.6890722,1.4317311,1.1079793,0.05871716,0.21236217,0.54809713,2.5589008,0.76034963,0.7200908,0.67549974,0.44730657,1.1543146,2.3875155,1.9907665,1.0974672,0.25415567,0.6735919,0.27736184,0.40038604,1.9391894,1.4413129,1.0317397,0.63631004,0.69493115,0.1558454,0.3523185,1.4494662,0.39303595,2.3428378,1.939739,0.726472,0.83497584,0.6377496,0.3395971,1.3149525,0.88824946,0.13430306,4.3228636,1.0032547,0.7424775,1.2976544,0.41207027,0.11334122,1.6294751,0.54738724,0.10520908,1.2390319,0.92688406,0.12934135,0.14280662,0.056709483,0.22450304,0.9888639,0.8636574,1.6065496,1.4667873,0.5303872,0.7963451,0.37982893,1.3751806,0.068027474,0.25388893,0.6796646,1.3294736,0.08195089,0.725823,2.0567172,0.079370454,0.6567439,0.14797874,0.16156596,0.5904036,0.15468927,0.4204616,0.48325428,0.6457418,0.39250708,0.39902157,0.9149608,0.8032387,0.31555042,0.48574862,0.57938194,0.7986324,0.10639745,0.45902562,1.8512924,0.1276048,1.1170391,0.009692424,0.8648289,0.09434242,1.029855,0.17264214,1.3978579,0.5093041,0.21898533,0.9692659,1.477108,1.6581122,0.68610036,0.16576615,0.07462624,0.9933338,2.5442133,1.8517032,0.63135946,0.61075485,0.40937388,1.8456354,0.78339744,3.4236486,2.6801913,1.6891255,1.1421057,1.6725024,0.63058496,0.48428866,0.26291603,0.43457645,1.1527069,0.6704847,2.6903384,0.007364847,0.7446286,1.2223241,0.9145318,0.33758408,1.1408597,0.0054049967,0.2682672,0.22580767,0.89086896,0.05497002,1.5681032,0.04408054,0.7953603,0.49211976,0.4929855,0.4598997,1.6607256,0.94848835,0.64410067,0.34164938,0.19738667,0.3589705,1.0091165,1.6560887,1.7282898,1.9164861,1.2333096,0.67183256,0.75349325,0.8846174,0.86024225,3.050091,0.59256727,0.27269,0.7012897,0.80597234,1.6927162,0.7263649,0.7372758,1.6037267,1.638434,1.3992428,0.716899,0.9710531,0.7464807,0.0927209,0.63817686,1.2923504,0.32599106,1.276553,0.241368,0.17385295,1.5780609,1.3555447,0.5546127,0.94111663,1.2559303,1.6524552,0.53960305,0.7346649,0.06682077,0.107825264,0.10460971,0.69659895,0.5989895,3.8145223,0.13249046,0.23363619,0.1254808,0.7703735,0.6540169,1.0781943,0.22325338,1.2890195,0.9609688,0.58224505,1.1816181,1.3760036,0.22941592,0.22111572,0.6958379,0.347746,1.5378957,0.46165428,0.12435062,0.45067945,1.6539459,0.45042896,1.1299318,0.38943774,0.39601535,0.32208377,1.0488874,0.16942574,0.17433205,0.38183227,0.5564415,0.7218801,0.011459851,1.3405486,0.7109378,1.1362604,1.0889608,0.68605703,0.62496465,0.8150066,0.72533137,0.08906321,2.2644637,0.9089679,0.22860432,2.988152,0.14374101,all_pothole_images\pothole_images_new_image_1088.jpg
0.89985824,0.72663736,0.15458706,0.15028375,0.045449335,0.1114229,0.6554598,0.23890802,0.98113215,0.5423095,1.1269058,1.2907594,0.39257616,0.24531671,0.56370187,0.024234012,0.02281406,0.0033428837,0.91810864,0.5557867,0.47490948,3.8690758,0.5139177,1.2271441,0.43490186,1.7690724,0.07720359,3.0578606,0.15796733,0.035619836,0.8062447,0.60341644,0.5111604,0.2341898,0.49964163,0.17564513,0.2611167,0.4603613,0.452474,2.2188866,0.13455838,0.21721064,0.26401946,0.1198525,1.0612538,0.46795163,1.1475002,0.4794523,0.83164275,0.77903986,0.3327529,0.08648586,0.23117304,0.32831928,0.13914822,0.8656574,0.39848801,0.06836147,0.06396461,0.29287276,0.9636434,0.51422405,1.9936657,0.8751778,0.32688662,4.3710485,0.9236791,1.3156319,0.86116797,0.10888373,0.29130986,0.57657033,0.16409142,0.1516206,0.93110794,1.600469,0.46255028,0.29751801,0.05695771,1.0073751,0.0,0.2590482,1.0100039,1.7957596,0.42423376,0.26870844,0.21385084,0.5007292,2.9000843,0.94096434,0.28237185,0.019957043,0.12948968,0.3101461,0.58405405,1.0319973,2.4468257,0.2868171,0.368055,1.0045768,0.037072517,1.9380158,0.7046249,0.62800366,1.4612128,0.36550894,0.28475714,1.292602,0.5402223,0.3643621,1.3656112,2.3235412,1.1954979,0.3595838,0.09763213,0.08668081,1.6324145,0.61983883,0.2586509,0.37844366,2.2286024,0.6920515,0.59839994,1.1809841,0.7199212,0.54049176,0.07331926,0.09579602,0.57809484,0.602596,1.4826301,0.07951176,0.57874805,0.004953955,0.19177406,0.82592523,0.11758752,0.9572617,0.59906,0.17307065,1.080011,1.9083543,0.45133072,0.21005923,0.7470421,0.7068329,0.25352156,2.236408,0.5474431,0.380308,0.29570195,0.2416116,0.44651014,0.8453398,2.030031,0.27909124,0.60221213,1.1616613,0.022906313,0.78222,1.8994316,0.5979357,0.24492984,0.22316845,0.4174371,0.4808628,0.94031245,0.11265303,0.69079524,1.003116,0.10089566,0.20770119,0.1040266,0.3415252,0.6990758,0.9380032,0.6947818,0.30662242,0.48631153,1.2160794,0.37050176,0.77156883,2.7005851,1.2400042,2.8008912,0.91339934,1.1402326,1.0211118,0.32265857,1.6118547,0.1313202,1.0311579,0.35125777,5.0540752,1.9792094,0.24754983,0.48591006,1.6294674,0.8049839,1.5015357,0.57402366,0.38167977,1.5538931,0.64738387,1.2140713,0.23590852,0.6125603,0.12158211,0.09334348,0.6417288,0.30813846,0.54445463,0.11551669,0.3280836,0.2490116,0.28945452,0.16920677,0.1939886,1.3489623,0.65653664,0.41851088,0.63184035,0.65370774,2.1500173,0.29394713,0.57543755,5.3844337,0.9437799,0.015378047,1.5580009,0.50867635,0.3441077,1.2506347,0.034444176,1.8639836,0.6945456,0.46982238,0.2891513,0.8490977,0.0152556505,0.9414241,0.26909027,0.4373697,0.8377402,0.0630772,0.00014166048,1.0253952,0.9030043,0.18604444,1.7236885,2.888394,0.0013065074,1.3539337,0.19510417,0.8526589,0.40664628,0.36517298,0.068352945,0.9874152,0.6285006,0.19805707,0.6189782,0.81414294,0.25639895,0.17561558,1.0980453,0.353521,1.2764196,1.3108433,0.6400657,0.71252006,0.34817848,0.16853562,1.4652029,1.9563717,1.6784724,0.5678553,1.0488111,0.5550406,1.1072351,0.06370354,0.821214,0.1624012,2.5136204,0.95293814,0.8546617,1.2233734,0.7565265,0.6433526,0.6330036,1.326666,0.58832407,0.50757265,1.8658481,0.21400873,0.844427,0.3230689,0.89700836,1.1466964,0.78796244,0.0022318754,0.8637479,0.2379712,0.37829754,0.9120903,0.88506967,0.15840158,0.82226217,0.29260236,1.4494263,0.3856751,1.6163763,2.5124633,0.5987762,0.44921857,0.0013723793,0.2344139,1.209256,1.2961473,0.17369068,0.65838194,0.09436483,0.09824966,0.1141823,0.4549843,0.0067066853,0.94283015,0.5855486,0.31043565,0.22166115,4.1613708,0.73016185,0.0,0.079278514,0.1392655,1.3460996,0.7974676,0.12930064,0.65211827,0.15059836,1.4309859,0.41505232,1.5661098,0.06312229,0.88227034,1.0878855,0.20494762,0.47801,1.040777,0.53269315,0.016261276,1.3023069,0.59224814,0.5773393,0.13613099,0.48653615,0.4498254,0.6471757,1.6366297,0.5155273,0.40154374,0.5918645,1.4017997,0.24590811,0.19143839,0.5294286,1.3703665,1.5412099,0.62853736,0.036318164,1.2624457,0.42785516,1.2717304,0.23588262,1.6578671,0.50304157,0.3987852,1.9733979,0.73162365,0.2477274,1.237637,0.14143601,2.4273157,0.9237218,4.36033,0.32818508,0.3173345,0.3709866,0.039100204,2.299706,1.512153,2.295937,0.5424907,1.1545119,0.37013578,0.0059600337,0.60572463,0.27165768,0.13060573,0.3045482,3.6469197,0.780137,0.68012375,0.46907502,0.17243849,0.65968996,0.94095004,0.24805069,0.7434149,0.048188277,0.237245,0.021284623,0.8572858,0.28384906,1.0962956,1.1779889,0.6318332,0.9952273,1.1580045,0.6661424,0.8347315,0.8587374,1.7072383,1.1703309,0.29133192,0.6117823,0.27796027,0.95216733,0.8235559,0.40827742,0.3445936,0.972447,0.83803993,1.1872864,0.6327569,6.0720215,0.88229674,1.3443272,0.6129576,0.3725132,0.49447772,0.3436857,0.005137042,0.16224906,1.1205812,0.65433854,1.6753334,0.86338484,0.06409086,0.42378882,0.8526619,0.2065126,1.1626586,0.53349465,1.1216604,1.2060643,1.8143629,1.4294876,0.31833127,1.7983328,0.04954587,1.4627818,1.416206,0.39868787,0.1301839,2.3126957,0.47905967,0.1717294,1.0528864,0.16562124,1.1563623,0.23676448,0.5859222,0.23087037,0.22721393,0.112747855,0.6209933,0.686851,1.4696144,0.10876885,0.85359174,4.304836,0.7075117,0.2954684,0.0,1.4539922,0.8926741,1.2395931,0.6982333,0.014934305,1.1287861,2.4222205,0.732218,0.3618068,0.7824911,0.9973747,0.5455308,0.38219517,0.42043272,2.4616318,0.794155,2.9981852,1.2417458,0.87914336,0.09133029,0.7918228,1.1322659,0.7319593,1.1101029,2.7299824,0.6692358,0.48825297,all_pothole_images\pothole_images_new_image_1089.jpg
0.08157298,1.718362,0.10060793,0.94096845,0.18242186,2.4358845,0.651358,0.27277657,1.8966556,0.106479056,0.022464616,0.2886868,0.6160757,0.43810177,0.4228534,0.08950445,0.056524538,0.18108298,0.37792808,0.40652013,0.58037597,2.167847,0.37528163,2.1130548,0.1754002,0.20433001,0.078080475,2.8717856,0.3628463,0.63963825,0.92331,0.11028494,1.9097867,1.0368531,0.4452362,0.47024807,1.0111691,0.23023418,0.03674862,0.022296716,2.0757601,0.7233964,0.069086164,0.12771901,1.831268,0.021767993,0.754388,0.03317815,1.7114376,1.1089568,0.3385184,0.22281253,1.0712132,0.13889764,0.21512058,0.8917225,1.8173463,0.3139347,0.4948846,0.9418016,0.13405645,0.9694517,1.651272,1.6092354,0.16040333,1.298159,0.784156,0.3629424,0.4175523,0.93150485,0.32338408,0.6396397,0.3092109,0.6683294,0.6358764,0.82759804,0.2285621,2.3364642,0.57604176,0.020618943,0.5869331,1.3018975,0.96188647,1.4779965,0.09648723,1.5469416,1.582156,0.6114401,2.803546,0.23528121,0.60930264,0.8435601,1.2663622,0.75515544,0.9730155,0.008249831,0.48244658,0.21713422,0.93651426,0.34575868,0.263615,1.7863781,0.6851914,0.8324,2.3560205,0.393872,0.68932176,1.5681765,0.33478194,0.7459362,0.44220427,3.1036346,0.8853157,0.3383881,0.6870701,2.5796618,2.1469297,0.28912646,0.08443419,0.6692581,3.0189152,0.70282567,0.14571114,0.6442807,0.021146683,0.56103176,0.95450044,1.0488648,2.4428842,0.001323848,0.14237961,0.6805725,0.665194,0.9377302,0.027418725,0.9713955,0.08523831,0.9272381,0.10550567,0.2924112,1.3805078,0.87922454,0.43862325,0.1698471,0.9664895,0.6176877,0.29052818,1.2349856,1.4982591,0.040431663,0.069703445,0.15425591,1.7397647,1.4341547,1.1187617,0.63310176,0.914646,0.3554872,0.25180885,0.17674786,0.48862535,0.77677983,0.0155360205,1.8597296,0.54315,0.48796058,4.2665524,0.13413595,1.8894933,0.47290477,0.38575962,0.7121043,0.069957346,0.2658346,2.4715002,0.5918576,0.888674,0.05743296,0.6014168,0.834449,0.04269878,0.6131981,3.0443614,0.6850446,3.2850444,0.271857,0.52781546,1.9211339,0.9384786,1.0965302,0.41020125,0.72477674,0.15760888,2.6341066,0.14305137,0.03255181,1.4575319,1.4489616,1.3920423,0.7042873,0.45445725,0.97337854,1.9298497,0.070498094,0.25732207,0.4516454,1.7899375,0.25502226,0.9457157,2.1344044,0.07964799,0.21192007,0.025259534,0.15361646,1.691275,1.6202408,0.19675961,1.4771796,2.4932477,0.77102506,0.80797786,0.12298957,0.377195,0.637535,0.20868774,0.56646377,3.0548828,0.317023,0.6528079,0.13637711,0.7977784,0.03704652,0.85670483,0.5919666,0.9975815,0.6646876,1.8827231,0.69223255,0.8841704,0.8103733,0.33862215,0.49354598,0.27328667,0.9000669,0.21638183,0.8212591,0.61381155,0.2643693,1.2447896,1.7326539,3.4064271,0.25041363,1.1689916,0.012701889,1.5959587,0.8647764,0.20326096,0.41870397,0.14982887,1.6445689,0.087260686,0.5172907,0.13442643,2.033432,0.22856638,2.5016215,0.040724978,0.14371592,2.3004568,1.1635748,1.4291027,0.24801388,0.0025845568,0.64546275,1.0444758,0.5009595,1.9790329,3.41126,0.036249686,0.17007886,0.3511365,0.6947121,0.21283247,4.1727457,0.20490351,0.5324318,0.36866924,0.07512888,0.23095068,0.14187883,1.167633,1.1397222,0.970858,3.4926825,0.44779593,0.17044963,0.3473188,0.20474163,1.2756253,0.0,0.41592935,0.24567786,0.16765836,1.0939754,1.7544082,0.9014125,0.0069726016,0.5228407,0.7959481,0.52459294,0.17273217,2.0560331,3.848092,2.5755486,0.82277286,0.625785,0.17067197,0.21467832,0.7289038,0.41712075,1.1275746,0.7392141,0.31966025,0.73080975,0.8873251,0.31817883,0.28788835,0.05846226,0.89826,1.1564353,4.174586,0.0026847676,0.44608516,0.41840672,0.10064888,0.023347815,0.14539972,0.80520767,0.31137404,0.7814477,0.508576,1.0155,3.0647378,0.25854057,0.83694243,0.4762224,1.6569637,0.12789172,0.54566383,0.68757224,1.9686335,2.2304418,0.28069815,0.18914688,1.2027209,0.10314621,0.47700945,0.34895465,0.81539214,0.18885729,0.0062394445,0.56365037,1.5679097,0.9066406,0.12911351,1.6554105,1.3235871,1.95939,0.82528925,0.22189574,0.39137924,0.6635401,0.35615507,1.2092091,2.5911083,0.087495625,1.0748783,0.92612547,0.5300978,1.2269182,0.21336988,0.38158688,0.68698525,2.3176394,3.1296666,0.12792885,0.9574777,0.18237662,0.118355826,0.23996048,0.29527748,2.2833354,0.066875786,0.9499469,0.08109941,0.275089,0.4894797,1.185677,2.5068529,0.39556137,0.29007357,0.3908072,2.3746514,0.3964632,0.093246534,0.40993124,0.5158882,0.46656963,0.16642447,0.6265771,0.050226852,2.2911844,0.53050107,0.0762485,0.8315649,2.078157,2.3576384,1.6586126,0.8870595,0.6778824,0.13149099,0.43804875,0.2660697,3.9508598,3.0112045,0.37983957,1.5344759,1.5401232,1.097879,0.42108014,0.7924484,0.901822,0.25362223,0.66358036,0.12195694,2.6770506,0.89160496,2.4459944,0.54408175,2.3591344,0.08918213,1.0421501,0.5955076,0.04477671,0.19350079,0.8838387,0.4506979,0.5409978,0.03208599,2.6312494,1.1031321,0.55653113,0.6228587,0.37987754,1.6372001,0.9179678,2.3147776,0.49489608,0.99664265,3.018257,0.19754507,1.1229246,2.1162958,0.33816713,0.81638616,0.7928708,1.3229321,0.11983649,1.7240888,1.9314916,1.7328959,0.99322647,0.2795197,0.07852897,3.0854127,0.33369437,0.7978267,1.5716035,1.4012136,0.10571318,0.7379614,3.4467218,1.4065477,0.8341957,0.25375938,0.0013452368,4.5127525,0.45455807,0.98507625,1.010822,0.19416764,0.6107049,0.4177068,0.21584292,0.39648685,0.0,0.26327032,1.1871659,0.7595948,0.9996816,0.39733472,4.428679,1.4684993,0.4161675,1.1099293,2.2199016,0.72167486,0.7939964,0.10261647,1.0386466,0.65141374,1.2836641,all_pothole_images\pothole_images_new_image_109.jpg
0.068822004,2.6370082,0.5461213,0.12925637,1.452774,0.054460827,0.2811079,4.7799276e-06,1.0850722,0.53861815,0.949569,0.9520238,1.0212771,0.75384533,0.04764965,0.6589691,0.4130188,0.0,0.018345442,1.895839,1.3065603,2.2432365,1.3677223,1.9719399,0.0016183925,0.02720806,0.0033989064,0.56847644,0.019928101,0.42194816,2.5925791,0.034272876,1.2981457,0.07624309,1.5556241,0.27393195,0.13897884,1.9530818,0.23250249,0.48836735,0.2988368,0.08644752,0.0013928823,1.5369722,0.8790952,0.0086614685,0.5944542,0.16039582,0.02070846,0.3730844,2.35314,0.6301516,2.415029,1.395288,0.03140833,0.0,0.49163595,0.30421945,0.09830008,0.044981293,0.16507345,0.6406845,0.8786273,1.2324842,0.1369678,0.5597854,0.8895304,0.4500078,0.72017723,0.134486,0.015181752,2.849993,0.8264641,0.0,0.14119656,1.5773287,0.00023335591,1.0563275,0.0185974,0.042179447,0.00644574,0.2954873,0.18279885,2.4614127,2.4433236,0.52900076,0.15580544,0.27819288,2.70808,0.3289331,0.09548055,0.038557272,0.7069148,3.2055154,0.01695354,1.0785664,0.14311472,0.17133117,0.64571154,0.68907166,1.5506507,0.794017,0.032325037,0.1361716,0.005758039,1.1085247,0.21945472,0.0,0.045710027,1.4965689,0.7798636,1.8435209,0.03786133,1.1202272,0.08626485,1.5583055,2.0721354,0.6736953,0.5020023,0.9152241,0.6830452,2.6428716,0.5860004,0.04576589,0.55755895,1.5236121,0.08200472,0.02610768,1.75813,1.6360252,1.2148788,0.22247587,0.840769,0.411879,0.7349017,1.6543151,1.0392694,0.09696614,2.8395534,0.37116003,0.48786926,3.60961,0.07069879,3.3864737,0.24984859,0.04131853,1.0144714,0.9593193,0.121981926,2.1251836,0.05223948,0.95136726,0.45253766,0.0074145733,0.0543488,0.01865659,0.5093469,1.6482388,0.041373447,0.52143985,2.136271,1.4930146,0.20911263,1.9415909,0.12118236,0.43893042,0.7394629,1.5396506,0.3048304,0.09471198,0.008265377,0.009264563,1.672368,0.19295381,0.12879322,0.08537611,0.90089625,7.320567e-05,0.09933877,0.06832611,0.4519917,1.2463948,1.1449435,0.034833975,2.1463332,0.12376042,0.454636,0.68188983,0.015571803,0.28395993,0.35664284,2.3525434,0.2275454,1.7110089,0.21052535,0.24892993,0.07183103,0.041590124,0.12866646,0.15410873,0.11570788,0.15797412,0.45360592,0.110068515,2.5608628,0.17243938,1.0841141,0.28085446,1.0113398,0.06224604,0.19882706,0.26004827,1.297908,0.19784594,0.07577602,0.068310596,0.146723,0.7449255,0.5434547,0.06698882,0.12549299,0.4476785,1.5134889,0.9475644,0.92772055,0.406802,0.41459388,0.032139316,2.4944148,0.13426088,0.0,0.079167455,0.8594522,0.04733731,0.253177,1.1511817,0.3324813,1.3087637,0.13963695,0.106304005,0.09321715,0.05078888,0.6299463,0.529873,0.7865001,0.55945796,0.77853775,0.030931976,0.03563974,2.8613334,0.47940335,0.102468684,0.18847989,0.24525192,0.63609576,0.28010863,0.06688992,0.12792723,0.11433135,0.05112779,2.1661189,1.0715855,0.02520413,0.08757047,0.5638041,0.06289289,0.057877135,0.81034726,1.4118735,2.3839192,0.14750566,0.12495734,0.093855396,0.2850553,0.7546052,0.46251795,0.26796308,1.5664694,1.7702225,0.4475437,0.5535683,0.522018,1.1059425,0.343449,2.8192964,0.39893156,0.1648608,2.4427354,1.2585143,0.2149971,0.1166908,0.06559449,1.0274253,0.3707221,0.647392,0.94818145,2.747086,1.3313181,0.5384329,0.32484892,0.22045898,0.87153935,0.023301478,1.1004682,4.638104,0.08952586,0.24595915,0.40695804,2.3823912,0.051436443,0.10420988,0.063278325,3.765962,1.6388685,0.0,0.009233984,0.10472414,0.054940116,0.48791206,0.40481108,0.45133162,0.28008807,0.0706483,0.642611,0.05700921,0.20585142,0.9658304,1.4711176,1.7843101,1.0927044,3.7027512,0.021599675,0.034075852,0.948803,1.0315449,0.09062129,0.5034093,0.7856797,0.26007605,0.20314433,1.0545324,2.2465742,1.3359454,0.33102924,0.09522923,0.9722616,0.512377,0.011423422,1.8916022,1.3121808,0.0,0.8620255,0.97830147,0.29803452,0.1924085,0.06550979,1.5846376,0.33882266,0.13472414,0.61263376,0.07405402,0.3822974,0.00044758356,0.072634056,0.41642115,0.021557689,1.103762,0.5727399,0.42180842,0.1663552,0.3561136,1.8778602,1.3896952,0.45690805,1.6607376,1.1372386,0.6585309,0.025697287,0.2041722,2.010363,0.3359821,1.1442542,0.07143997,0.72286326,3.1108367,0.019151274,1.2379627,0.2535894,0.26124546,0.7829641,0.04102752,1.716172,0.19961818,1.9848002,0.27958924,0.108371355,0.48131022,0.64597225,0.87332,0.43871695,4.5259275,0.14742246,0.08193814,0.88230896,0.050777648,0.012830647,0.18365243,0.11689472,0.052307226,0.49597237,0.0,0.07104209,0.52095246,2.7479942,0.24589992,0.38073504,0.13312924,0.7380782,0.1649108,0.5361965,0.17748006,0.3747981,0.18459441,0.9758081,0.06104028,0.8039529,1.2244278,3.418777,0.53928703,1.4341677,0.64887047,0.13092646,0.60377836,0.00056756823,0.43322888,2.942735,0.15322866,0.41516882,0.14999525,1.1705216,1.9702471,0.26712087,0.00056997925,0.62483764,0.34939048,2.4411004,2.1991382,0.32082462,0.70089936,0.9955396,0.07105993,0.38382924,1.2975293,0.82709223,0.3704561,0.2983335,0.57268155,0.8810911,0.077854484,0.058589876,0.32861155,1.0274179,0.777217,0.09865669,0.8066587,0.20805234,0.43270677,1.0530276,1.2449528,0.9449465,0.8768781,0.95116657,2.7251985,0.1312105,0.21529879,0.9428355,0.058623873,0.015722342,0.23328842,0.26539522,0.23245752,1.1561079,0.11112638,0.9268458,0.20849958,0.22261661,0.31051648,0.049279697,1.5623134,0.00068992155,0.109432526,2.2362645,0.66536,0.050798863,0.050226845,0.55131173,0.5091432,0.6032237,0.3199895,0.0040887874,2.1360598,0.8294498,0.33040586,0.08864124,0.011810084,1.1765907,0.99877757,0.4707955,1.2637504,0.097949766,0.42591837,0.2136743,all_pothole_images\pothole_images_new_image_1090.jpg
0.032847438,0.86301434,0.018583752,0.69814247,0.5568449,0.43900913,0.34775677,0.109442085,0.008013026,0.052897993,0.029499575,0.0065050977,0.1607774,0.6633046,0.03410429,0.009707846,0.04539133,0.9394002,0.50875384,0.4822523,0.1862289,0.7643425,1.203102,1.1404815,0.025329933,0.023203285,0.32174078,1.5061483,0.028310668,0.017202996,0.5220823,0.4038241,0.11430456,0.78797996,0.17412207,0.30129716,0.06402398,0.1721286,0.2781412,0.1735292,0.09026715,0.27311426,0.10782484,2.053052,0.21827678,0.18428732,0.4726563,0.10626598,0.0,0.32556412,0.11683816,0.04667794,0.10372967,0.07267108,0.21519002,0.23452315,0.012210066,0.37660584,0.046862777,0.15114415,0.56806034,0.14554812,1.1368233,0.038982145,1.5868883,0.2401515,0.72453535,0.15847088,0.023623515,0.5195886,0.036568232,0.10516676,0.003114636,0.026750717,0.29155812,0.044648793,0.46937412,0.292758,0.027164588,0.006375373,0.06266526,0.018175052,0.45820686,0.5759385,0.13000005,0.058854684,0.114359386,0.24400318,0.40523764,0.06473408,0.045296114,0.6309,0.1254831,0.24535713,0.018353863,0.0023218396,0.5414626,0.58816946,0.31810647,0.017464582,0.3207386,0.64575374,0.031623896,0.0054310467,0.9335251,0.9825454,0.122439206,0.017594762,0.009187365,0.68901694,0.074660316,0.4693006,0.21488886,0.9934337,0.0034750788,0.18233027,1.0857863,0.19512452,0.81693935,0.15866485,1.6154563,0.21241395,0.10557618,1.6210831,0.100531206,0.89222723,0.0,0.023706162,0.87311053,0.15051454,0.64827436,0.13834962,0.0,0.39634424,0.3564476,0.32318562,0.16594233,0.061207794,0.054456618,0.23858152,0.6404316,0.22778682,0.62050426,0.5040028,0.25410086,0.26448014,0.40608194,0.9144967,0.06984477,0.06629765,0.21394216,0.002782791,0.10272199,0.051456206,0.58517885,0.4542412,0.17031024,0.3582981,0.13163579,0.38896164,1.3570101,0.92173934,0.00056767324,1.7345572,0.25043568,0.01118581,1.5403392,0.21266869,1.2558347,1.164932,0.6839874,0.0,0.0058958437,0.000127018,0.4149018,0.93418264,0.14928627,0.0036986703,0.038220167,0.1642639,0.017833212,1.1793472,1.8649147,0.2631058,1.006488,0.34427744,0.15918463,0.08622799,0.115524486,0.05818663,0.3681643,0.28323445,0.96099705,0.34549698,0.4257172,0.0,1.4373621,0.7027767,0.036478214,0.09918446,0.0056048073,0.5563568,2.1622152,0.09926235,1.4666947,0.29255295,0.34799278,0.18063635,2.199198,0.35532764,0.00061635795,0.0017917315,0.15356937,0.048069254,0.15161778,0.09802969,0.9073504,0.3262748,0.45382044,0.5605296,0.3819672,0.17158605,0.30051306,0.06669039,0.032208964,0.07369334,0.32240382,0.0030850254,3.3803506,0.11220026,0.050975487,0.046846572,0.2662229,0.017665481,0.27944285,0.4815286,0.8734874,0.45426044,0.18299879,0.09777233,0.09735722,0.25817734,0.12484891,0.07967655,0.057660013,0.4065136,0.36483207,0.30851284,0.07281845,2.2429152,1.0264605,0.061169736,0.016816603,0.0496028,0.19282551,0.5909976,0.35191572,0.31071937,0.11256464,0.29904017,0.42979556,0.24770516,0.05526921,0.1068046,0.010454569,0.3920712,0.0,0.09166036,3.5562837,0.19637822,0.010396584,0.018788071,0.43331107,0.3099149,0.29007,0.62538654,0.06629098,0.5462276,0.07016775,0.5000504,1.7649853,0.3342381,0.17832676,0.17014332,0.3335111,0.14849783,0.19640714,0.007889458,0.008110804,0.08920111,0.15979369,0.30826092,0.14220957,0.10075572,0.14206621,0.017063355,0.49612448,0.24196042,0.30326062,0.37625644,0.8990696,0.31447765,0.022561038,0.022527674,4.252371,0.0,0.2749649,0.3801473,0.0,0.26962277,0.094944574,1.0612054,2.2452316,0.7389816,0.33608642,0.24227667,0.026691902,0.18865973,1.9856533,0.1712236,0.8738177,0.025927372,0.13002297,0.47765392,0.20007604,0.0012289901,0.45574352,0.0,0.07737555,0.02392216,2.0375495,0.10285241,0.12800194,0.54087645,0.005321817,0.08688861,0.41832826,0.006769608,0.06096964,0.5367595,0.11997899,0.13292636,1.7571616,0.42192397,0.72359324,0.09404562,0.106037125,0.019236622,0.99209625,0.4141545,0.12964271,0.12536839,0.006157347,0.32231462,0.23043317,0.11161461,0.0020289824,0.64405453,0.03336654,0.1277827,0.6154953,1.680883,0.18621972,0.16980273,0.34092656,0.01827261,0.862899,0.40034008,0.6880574,0.17498367,0.11456736,0.3147729,0.40118343,0.14747056,0.68668914,0.353066,0.5040056,0.6653847,0.15334454,0.030490153,0.5962354,0.033628445,0.30119818,1.1012692,0.5600616,0.06385423,0.21184018,0.18521258,0.10269004,0.0840731,0.054293763,0.4914724,0.0,0.56502545,0.05996863,0.23637101,0.2342152,0.19485165,0.7055215,0.2058812,0.87510234,0.6408484,0.07908316,0.21941735,0.5829495,0.026979176,0.28710535,0.798824,0.31377837,0.34509778,0.9890857,0.19719239,0.83426994,0.17955375,0.5936173,0.22130491,0.3943057,0.6063943,0.11899263,0.021467714,0.7597258,0.44845447,0.07805512,1.4152493,1.8700894,0.0,0.90792567,0.21203858,0.16454506,0.11695275,0.47363955,0.20786418,0.011782902,0.01706332,0.49195772,0.7366609,0.070880026,0.11809085,0.31277755,0.14226323,0.3128027,0.07103046,0.11635852,0.0,0.30227846,0.016427564,0.3765025,0.22149774,0.08427614,0.9496545,1.652203,0.33967122,0.0,0.096596874,0.0099681895,0.9207485,0.32098722,0.21425813,0.08766502,0.4503464,1.1769434,0.16034248,0.7219389,0.017259456,0.4371032,0.014072304,0.27696225,0.14955975,0.4038299,0.47620437,1.0160388,0.67715406,0.30584472,0.018137872,0.080781676,0.16753896,0.044542916,0.59631586,0.00051853684,0.0,0.19958434,0.72525615,0.1243255,0.25670806,0.6660706,0.05171423,0.22889039,0.14442396,0.17519444,0.08641066,0.30564994,0.89433676,0.0,0.011405889,0.045989037,0.027353354,0.045571096,0.061353166,0.050638456,0.13936746,0.056967735,1.1504039,1.1052635,0.33659962,0.22351247,2.8853304,0.3771169,0.35699835,0.8037688,0.29720736,0.028502196,0.0007896247,all_pothole_images\pothole_images_new_image_1091.jpg
0.2317791,1.8202446,1.0254134,0.9883983,0.7831859,1.5408332,0.743181,0.12309105,0.053133093,0.7374728,0.44496664,0.3165482,0.08061439,0.36728823,0.066092394,0.3350273,0.024360675,0.2517458,0.47643805,0.018571863,0.7671125,2.4537783,0.47888276,0.45334512,0.42258212,0.73734486,0.4025457,0.9312814,0.07196361,0.22821434,1.360714,0.2652807,0.17835903,0.7459072,0.059105113,0.88984007,0.48302257,0.81496084,0.503178,0.8022545,0.23501876,0.44649893,0.5473865,0.7211772,0.8080272,0.0372737,0.27506426,0.0,0.49857494,0.5090427,0.45411518,0.68226856,0.11187856,0.13764055,0.82086563,2.0429935,1.9262718,0.16614754,0.5922137,0.0,0.37389648,0.15285079,0.57723546,0.7928066,0.40591666,2.3111384,0.20512402,0.012574599,1.0426717,0.3750523,0.1209468,0.24048299,0.3700024,0.92492765,0.15492614,0.41695103,0.12483231,1.386819,0.6768707,0.5292179,0.0036369523,0.10391202,0.3547325,2.396918,0.2971966,1.3758327,0.7139357,0.34341085,3.2647107,0.30040383,0.13529867,0.6321373,0.124380976,0.30049226,0.44019502,0.0,1.7142718,0.27497348,0.7684913,0.21289362,0.044986397,2.0884588,0.09596138,0.37915438,0.5569671,0.365646,0.18270788,0.6555986,1.3058578,0.70147794,0.19048753,2.61551,0.18036267,0.25168112,0.0,0.9663537,3.4795837,0.9539015,1.287215,0.9641343,0.57827103,0.75023323,0.48832697,0.666016,0.14050911,0.71377534,0.79788005,1.9776293,1.4764746,0.0057711406,0.121576816,0.15665767,0.13732348,0.10275901,0.290601,0.66892225,0.5882429,1.0309054,0.68146294,0.29172745,1.143622,0.029477635,0.031123834,0.9928275,0.119801775,0.81208223,0.096064486,1.0095406,0.123971194,0.30957693,0.4134124,0.30888197,0.0024936323,0.96403354,0.8309896,0.29969463,0.25279534,0.32774112,0.68224394,0.6448411,1.2071224,1.7032689,0.18676053,1.4654272,0.2992228,0.68345624,1.1310618,0.066544175,0.86121553,0.15279794,0.020266172,0.120025225,0.037455928,0.01765255,1.439966,0.0,0.65154904,0.06721708,0.3243421,0.25047928,0.12964262,2.1518059,2.3133335,0.73451513,4.027216,0.40357456,0.106985554,0.37177143,1.1441027,2.056187,0.0,0.050754942,0.021418372,2.4745953,0.074012816,0.0656047,0.40675664,1.6962931,0.46624517,1.3691813,0.10543804,0.3569672,0.5150482,0.72948635,1.6813102,0.0635643,0.42938125,0.29898044,1.0083548,0.39873275,0.15395927,0.02035632,0.9364438,0.65552986,0.8429461,1.4934057,0.08048253,0.036890958,2.2179081,0.03449328,0.2879958,0.7016508,0.020117378,0.45280182,0.14171864,0.36076093,3.5272067,0.50606894,0.42491797,0.18766582,0.7243336,0.61194026,0.03463458,0.12619159,1.0286285,0.13352107,2.361473,0.046187464,0.20710805,0.073952764,0.30499572,0.120067134,0.7763804,0.6061594,0.87389183,0.024005525,0.89478,1.0514832,0.6367982,3.4757895,3.4502332,0.08096566,0.8005466,0.5654004,0.76505214,0.38969794,0.70810825,0.705262,1.9820282,1.4980166,0.051080648,0.16372216,0.90235555,0.41377413,1.0517017,0.532786,0.0362007,0.40446132,0.5941186,0.2061692,0.11559569,0.3504517,0.0,0.22077723,1.6950182,1.4444762,0.7562525,1.2889786,0.5492286,0.9001513,0.8939852,0.19746882,0.037864994,0.4196466,0.5270485,0.5764136,0.43266398,0.2306132,1.377443,0.066511005,0.23925006,0.42771763,0.15452653,3.070112,0.1747185,0.3948105,0.069518276,1.4469534,0.20044023,0.41903082,0.15910588,0.7857147,0.11972247,0.1769809,5.1056952,0.59978765,0.07398071,1.3718854,0.0,0.6542033,0.2536109,1.5628998,3.722213,2.322118,0.4031745,1.1176839,0.3860716,0.98309404,1.9420925,0.5106846,0.20915288,0.033576567,0.030263077,0.46555778,0.5050145,0.44757462,0.9083529,0.0,0.3888282,0.24937707,4.6521063,1.3779975,0.0,0.5741156,0.10612038,0.557736,0.9700518,0.6997772,0.12827903,0.24024399,0.24406663,0.2811155,1.3726745,0.07402504,0.3651707,0.4879802,0.16570129,0.3171332,1.1034058,0.3633382,0.47586417,1.235656,0.9516318,0.83605427,0.15671441,0.05558224,0.48537615,1.0817968,0.3891537,0.9958075,0.034188166,0.29248932,2.7456026,0.111950286,0.03351124,0.24174929,1.8778518,1.4284654,0.17863873,0.6331564,2.3887308,0.16873512,0.8656703,0.025915904,1.206624,0.2888426,0.15932187,0.17503068,0.41117725,1.0553886,0.002259593,0.0022326617,0.08377944,1.8570465,4.2580104,1.4214047,1.0610085,9.808006e-07,0.21572375,0.99999326,0.9376067,0.9021502,0.09853004,0.18614064,0.41206867,0.041150317,0.37725034,0.16529457,0.17212498,0.26629543,3.4510784,0.3455378,0.20116802,0.6635203,0.3172299,0.3952903,0.37045318,0.25192553,0.0,0.10857023,0.010973135,0.7904669,0.7266454,0.5163671,0.15067059,0.8899461,0.88826174,0.90506554,1.013419,0.058075808,0.21375956,0.2618401,0.54541755,2.3403199,1.2211953,0.3035853,0.28553432,1.156879,0.37881374,0.41334894,0.31435838,0.20418262,0.12111308,0.16888157,0.1003928,4.6045017,0.42625597,0.2251458,0.0055428506,0.24772874,0.64563537,0.36622423,0.28485212,0.5961094,0.32713762,0.21613076,0.9418379,1.5171078,0.5046249,0.38792193,1.1832193,0.6990316,0.29097506,0.53490394,0.8205191,2.1828709,0.95633364,0.6695257,0.31909478,1.0790135,0.49336046,0.34365928,1.906065,0.03309284,0.27073783,0.49334392,0.8642265,0.27091298,1.0814106,1.2010332,1.9867271,0.86357945,0.8784589,0.41122264,1.6724579,0.54315925,0.14949109,1.9649508,0.98411083,0.27081496,0.5422457,4.504104,0.65858614,0.19351783,0.0,0.4942945,2.6971745,0.15968803,1.310262,0.77451,1.2224482,1.6608362,0.032420278,0.052856307,0.06593599,0.7649033,0.46549886,0.51413584,0.22315127,0.23430786,0.07090194,4.9381013,1.1699057,0.53060645,1.8908427,1.2220253,0.049667913,0.5489418,0.77505976,0.48030028,0.43371353,0.40632173,all_pothole_images\pothole_images_new_image_1092.jpg
0.40230578,1.3779262,0.15547986,1.9810394,0.95531136,0.7500998,0.6660228,0.99715936,1.3608724,0.2980574,0.97067654,0.58787155,0.26864153,0.7598363,0.34612235,0.7001437,0.35795584,0.20023537,0.2045241,0.123210795,1.3354903,1.7227175,0.44356582,1.2874352,1.2743711,1.4750037,0.33011907,1.1970879,0.21245602,0.061049264,0.37271988,0.34801584,0.63905996,1.4239026,0.0047019087,0.25405318,0.36925954,0.11619679,0.06824535,0.48280442,0.2648597,0.75970954,0.8513748,0.014012502,1.1491375,0.020397818,0.43368533,0.4783529,0.51233834,0.15557088,0.0023761054,0.7853837,0.72316337,0.002111025,0.9337538,0.6998009,4.2235427,0.24401179,0.18866888,0.007602035,0.0018392046,0.13285913,1.9612076,1.7419446,0.8802045,2.4878657,0.038309477,0.94679165,0.41403294,0.6876679,0.86989576,0.0,1.3664806,0.7570174,1.5632848,0.43781006,0.037999284,0.4258376,0.35420486,0.2837425,0.0042006085,0.19196351,0.42831814,1.4820513,0.3438345,0.9681349,0.3188841,0.0030432786,2.3363643,0.028894251,0.13600145,0.4588426,0.5970082,0.3097848,0.52902335,0.29236504,2.4443715,0.24576978,1.6315371,0.37949246,0.34619918,3.4593966,0.97580767,0.37551934,2.3492422,0.2474433,0.6315023,0.15589775,0.5154364,0.81303847,0.6975015,0.51452863,1.131381,0.094020076,0.005098656,1.5953004,2.2959116,0.5431795,0.3306286,1.9269038,2.8193054,0.2265439,0.2576758,0.4374347,0.9433399,0.7914877,0.05315336,1.6253551,1.9007541,0.14951794,0.4553826,0.37995064,0.43749872,0.1379403,1.1220515,1.2259231,0.28797513,2.2029433,0.24790916,0.01319251,2.9910219,0.64409,0.1916405,0.08362437,1.0640645,0.0005163489,2.1260908,2.0913756,0.0547873,0.68422806,0.037280947,0.34239227,0.5511787,3.3011315,2.0179229,0.05126921,1.0890216,0.23243971,1.5884007,1.8792528,3.3786888,0.3260936,1.3018239,0.051892936,0.40863222,0.7704329,1.290908,0.82615614,0.7354899,1.0292814,1.1324596,0.5265454,0.019253612,0.097524434,0.682307,0.69955957,1.6324251,0.04404348,0.045580294,0.931114,0.94988185,1.2037587,0.43084767,0.6428627,5.220785,1.4678078,0.100210026,1.9959209,0.010718824,2.4076056,0.06996741,2.2038202,1.813886,4.4770694,0.60937154,0.8928997,1.1273091,0.17549244,1.0691121,1.8974833,0.24964952,0.24015248,0.045112472,0.5164017,0.26713306,1.5867742,1.110903,1.6068822,0.48937392,1.8036966,0.23497492,1.0930537,0.9246891,1.8985485,0.69675064,1.9849981,0.7193447,0.2727729,1.7619108,1.1593437,0.09462113,0.24701205,0.87983733,0.7462866,0.02662166,0.30321875,5.318793,2.1485136,1.1887811,0.77439785,0.62259644,0.5565552,0.7561437,0.046445288,1.4130884,0.73476875,1.7443452,0.5813322,0.80209196,0.036441162,0.58680034,1.1174293,1.1895896,1.9221046,0.022727616,0.008085835,2.9178405,0.89925027,0.42849976,0.18997167,3.9689598,0.72234,1.3421541,1.9796687,1.6507614,0.0,0.053621847,0.33767644,1.2515589,0.5693087,0.5426527,0.26444793,0.5163382,0.42822435,0.17604318,1.9114252,0.47801608,0.51409197,1.6224511,0.38278142,0.34786877,0.54879415,0.8497923,0.6859206,0.04085566,1.8864604,3.5974782,1.7717776,0.63894117,1.0537661,0.151383,0.48827836,0.012044785,1.4045721,0.7939433,2.5086339,0.5338015,0.088167384,0.77900225,0.23404238,1.5082853,1.1135825,0.96144396,3.0840304,0.867353,0.46061343,0.8066819,0.03660178,0.99594575,0.64966464,0.005600002,0.76706785,0.2747775,0.481432,0.08319151,0.13725878,0.3522235,0.1757348,1.2765638,0.64207995,1.2386197,3.1901722,1.1836951,1.5951741,0.43135342,1.1211513,0.07225723,0.32964808,1.2796779,0.08498926,0.11182265,0.09231101,0.12515534,1.0565782,0.5444186,1.470896,0.62371343,0.106742196,0.0,0.74174345,2.9078836,0.06557449,0.36915898,1.0383792,0.043694343,0.2076908,1.1597817,1.984456,1.3159177,0.27688655,0.3182751,0.476958,0.7972069,0.2583514,0.35270715,0.0,0.92221045,0.92483777,0.7807827,0.03897171,0.95150715,0.7448187,1.8071296,0.91777354,2.0907006,0.28555962,0.54939276,0.08711152,1.4141945,1.2913929,0.12051161,0.09216464,1.3552268,0.7708042,0.32675025,0.81871605,1.8038617,1.9723392,0.29992878,0.4892263,5.0171776,0.5525818,0.6995815,0.2551956,2.5635996,0.30269063,0.818029,0.83386356,0.23633556,0.64982134,0.561373,0.42501354,1.0573913,3.4634676,5.012357,1.2570795,0.3019173,0.6740537,0.16627407,0.7938747,1.0922958,1.7699097,0.79853654,0.055678144,0.056144793,1.9249566,1.6514925,0.7512555,1.1784711,0.11704494,1.3606975,2.980281,0.30348924,1.0080535,0.12758712,0.38283932,0.5205176,0.23458955,0.29811504,0.0025583163,0.2939427,1.1864948,1.4311657,0.3534891,0.20445886,2.2771385,1.9616174,0.5634717,2.4673903,0.7277501,0.0,0.95651865,0.10371584,1.0947495,0.84535724,0.28202978,2.2329564,0.17513679,2.127517,1.4957092,0.46108902,0.42383924,0.14637437,0.06889327,1.800628,5.4438076,0.6873942,0.12384782,0.2756864,0.2525634,1.0694724,1.0392227,0.08193664,1.0410774,0.11897698,0.46525905,1.932326,1.2875533,0.71082836,1.9704422,0.88368654,0.8119451,0.65333617,0.36373958,2.5106416,0.15919338,0.36076576,0.6519666,0.6863335,1.3172791,2.211741,1.4198353,1.0506413,0.580007,0.99932694,0.2919099,2.620101,0.016328314,2.0151553,2.6126454,2.8793092,0.14745301,0.1902515,0.50464004,4.1105857,2.7003396,0.30497918,2.2282095,1.904182,0.4003664,1.6014329,3.1226609,1.3904598,0.72513634,0.4256081,1.3599744,1.0955667,0.996124,1.9809531,1.3707826,0.030527888,0.3293636,0.0,0.60527825,1.1558852,1.2884923,0.0,0.27578557,0.6889667,1.214245,0.0036951583,5.3435016,1.0690212,0.05057392,0.89668095,1.7449303,0.35075572,1.1478328,0.4342209,1.4161936,1.6476496,0.13495654,all_pothole_images\pothole_images_new_image_1093.jpg
2.1613314,0.18550003,0.06488471,2.199705,0.5057928,1.2009156,0.37267253,0.00441121,0.552627,0.21233508,0.19589612,0.026271533,0.50251865,0.52286905,0.28873003,1.6657665,0.38124782,0.3312218,0.30725625,0.005023728,0.36343136,1.033617,0.57253313,0.54596287,0.6563925,0.9430741,0.049871467,1.3186238,0.020069245,0.35582888,0.6273027,1.1709734,1.2773788,2.1568189,0.11119118,1.250881,0.49462625,0.21466422,1.6045163,0.17205475,0.1313184,0.031719472,0.20322962,0.57651925,0.25450456,0.6072348,0.019170841,0.11349449,1.9969177,2.9624019,0.98618275,0.23454235,0.9784378,0.28609687,0.28397605,1.9291797,0.86018324,0.443246,0.71378607,0.021278566,0.018118078,0.8326032,0.018399544,0.43564063,0.6449038,0.7679205,0.099450015,0.7912914,2.44517,0.16468245,0.044064507,0.6430459,1.1870517,1.1830747,0.22640978,0.7411002,0.095558085,1.302914,0.51420856,0.121814094,0.078088164,0.37845132,0.7917156,0.10468208,1.2148123,0.15323654,0.69409966,0.13139962,2.7525187,1.219478,2.5542305,0.28362218,0.25765875,0.6162722,0.6279268,0.045334384,1.7431681,0.16153522,0.015638271,0.7029013,0.24487083,0.9376239,0.89273036,0.049818236,1.711528,0.20556484,0.25972542,0.46973968,0.332383,0.8223061,0.0,3.372472,0.9404335,1.2888707,0.015505368,1.1082565,3.3585494,0.7162659,3.4990153,1.5837181,1.5224173,0.31740993,0.4100826,0.5040907,0.10481532,1.1273991,0.24295044,2.4463825,0.32474345,0.0,0.17622331,0.0,0.09259084,0.0,0.014399878,0.6643123,0.49538213,2.0349789,0.1421279,0.41415787,0.16262633,0.00013030651,0.3769801,1.3159947,0.0,0.9291235,0.04383109,0.70732486,0.50639814,0.076581515,0.3363814,0.80793536,0.3547431,0.29605007,1.828096,2.8102946,1.196198,0.1306042,2.0842712,0.023299957,0.72370005,1.6136405,0.07055111,0.81411386,0.8553423,1.3137616,0.0434576,0.0,2.3386455,0.87087095,0.15950635,0.27990085,0.05226558,0.033931978,1.8620687,0.0,0.26975682,0.08324152,0.9913258,0.47939405,0.08990736,3.0779088,2.7519302,2.2508588,3.0481346,1.4930899,0.8434207,1.4178127,3.040855,0.85989815,0.021583203,1.0706415,0.14665565,1.4415392,0.44624823,0.298323,1.936611,1.1041611,0.9431504,0.41214877,0.71145356,1.6404294,1.7909913,1.3163711,2.2799194,0.54787683,1.0530717,1.2633929,1.9467963,0.15196346,0.039566427,0.00071464386,0.74235743,0.15624644,1.0188954,1.7006729,0.11212705,0.38526088,0.17144822,0.17809317,0.26811752,1.1772608,1.3329262,0.3997729,0.16006072,1.0791619,2.6896698,1.0282878,0.7823871,0.14390208,0.029686864,0.10334989,0.8396401,1.6388317,0.6764483,0.82723343,3.6009614,0.06536141,0.5947726,0.36045003,0.6066367,0.9377323,0.0107676275,0.026217671,0.39612737,0.02367472,0.49553534,0.30884576,1.4202706,4.0677733,0.33802313,0.7154293,2.962482,0.8121827,1.0116225,0.004581753,0.26599428,2.262253,0.2618133,2.2212255,0.03509782,0.28382596,0.4251971,2.9441652,0.7372541,0.5614376,0.7430762,0.8869286,0.71790415,0.5220596,0.047066618,0.08556291,0.05083822,1.4415205,2.221449,1.4280214,1.1102097,0.13356212,0.7475767,1.2500552,0.0,0.38672233,0.06346019,0.076967746,0.15233667,0.80015314,0.52157223,0.69533443,0.68477154,1.2024952,0.9308649,0.53330517,1.2042738,1.6606194,0.07341717,0.21292657,0.59072465,1.2603374,1.0192405,0.032743517,0.4266864,1.5893825,0.046119396,0.94041127,4.4325724,1.5227139,0.2133142,0.7449201,0.6157863,0.34666175,1.4167844,1.2445619,3.4832613,2.3210003,0.0,0.6429786,0.004147122,0.20651187,4.248287,0.31342015,1.1986446,0.31257465,0.32492334,0.25153288,0.7907809,0.15004513,0.15974258,0.51755244,0.12735312,0.03694671,4.0546575,0.30156198,0.29168963,0.0027534424,0.12378195,0.36536968,1.2684283,0.087327704,0.028089512,0.8760232,1.101832,0.2770546,2.9326787,0.7139,0.4865859,0.8955466,0.21842368,0.27700844,0.45764828,0.65226954,0.30117875,2.5053873,0.28327388,0.07731383,0.065425284,0.43486893,0.33387592,0.5087661,1.3278403,1.9699937,0.0,0.30862266,1.3036028,1.0760126,0.44003427,0.56681985,2.1472995,0.21735023,0.15785573,0.08166698,2.5620942,0.5159857,0.93420154,0.0,0.5865426,0.35316008,0.13217176,0.3919716,0.63471794,0.15172166,1.6795646,0.0,0.054746713,0.6807256,3.3981037,0.94912404,0.4232549,0.030567251,0.34034312,1.0448766,0.84753275,3.066372,0.43336412,0.0048480094,0.32949796,0.075401835,1.3328552,0.6703153,1.3642502,0.23975882,4.3955173,0.8413455,2.111066,0.026274204,0.65945697,0.2959561,0.41179457,0.36326212,0.053762008,0.19442733,0.6081365,1.0849173,0.40792903,0.79271495,0.01508885,0.082402036,0.62690824,0.09931056,1.0024595,0.07174229,1.9635862,0.48864472,0.5350747,1.0159137,0.74679625,0.10367499,0.39037266,1.1529853,0.03587764,3.2142725,0.23447768,1.5439372,1.556283,0.92831373,0.34321007,5.777625,1.6275355,1.0875182,0.0079796715,1.7859659,0.90401316,1.6932335,1.2011837,0.52744687,0.20540924,0.060913008,0.22186422,0.329253,0.029959649,0.41895768,1.5273048,1.6313008,0.32702884,1.9119456,0.6021859,2.085523,1.0334203,0.36522397,1.222753,2.5936081,1.5280219,0.4902363,3.587984,0.34076717,0.83133495,0.6744897,1.6856598,0.044691168,0.023353763,0.1655899,0.6054311,1.0817493,0.24708393,0.1712126,2.402477,0.092279814,1.8076305,2.3471003,0.46053433,0.2607764,0.00523585,6.7864265,1.3647239,0.6780004,0.0008371328,0.4180013,0.47058606,0.4230343,1.8487704,0.046913084,0.5029326,0.8343202,0.16700818,0.90092796,0.36110362,0.0122908,0.19669148,0.21709709,1.1261772,0.14036414,0.48378322,6.216854,1.517319,0.9082192,1.5203661,0.73337466,0.85115516,0.3786352,0.6747696,2.1303635,0.10536357,1.1674596,all_pothole_images\pothole_images_new_image_1094.jpg
1.0247017,1.7980548,1.0141789,1.2302266,0.36035287,1.2588719,0.92434376,1.3818494,1.9414184,0.857088,0.92466664,0.43838793,0.47608986,0.686376,0.039856464,1.0022542,1.4691103,0.52456486,0.02907158,1.3674154,0.12068797,0.7196806,0.94259506,1.1867146,0.8460628,0.42679945,0.7135029,2.9434276,0.30649608,0.095449805,1.0984827,0.43407127,1.2093705,1.7540207,1.7904937,1.5149691,0.46301994,0.28206587,0.1372873,1.3667614,0.64026034,3.001311,1.1435378,0.7997026,0.93122876,1.4897224,0.18623745,0.23967026,0.5332495,1.4505367,0.9781318,0.1348615,1.0488847,0.7696761,1.4288744,0.97347003,1.3746091,1.286079,2.4658833,0.49224284,0.46212298,0.43936902,1.3734335,0.77149534,0.4800879,0.434739,1.4083859,0.096606664,0.78354234,0.07258949,0.9008306,2.0464547,0.70841193,0.49081028,1.3824313,3.194334,0.29497698,1.7785252,1.4282967,1.6512198,1.2833338,0.987979,1.289122,0.3680816,1.8785976,1.2287834,0.6224122,0.08860833,3.4383976,1.3155031,0.37065315,0.6017066,0.45316678,2.7138493,0.4668849,0.52060205,1.0009636,2.3871524,0.4978405,1.1086628,0.3721751,0.88750666,0.51407725,0.81083006,1.2442765,0.31660238,1.6120632,0.9983922,0.48736006,0.6824323,1.0612549,1.7023237,0.8686095,0.77289516,0.35659006,0.9816217,1.7238171,0.417611,0.43086866,0.59708136,0.9193146,0.4645114,1.3574363,2.0123596,1.357065,0.6413032,0.2037554,1.2560936,0.96182096,0.42696255,1.7537911,1.791166,0.05107447,0.85341066,4.004559,1.4971901,0.51296866,1.557454,0.6503193,1.3204244,2.0276904,0.41481337,0.24507335,0.18352738,0.9125863,1.2587523,0.6593114,1.0314298,0.38508785,0.8060111,0.65250564,0.20007607,1.4035748,0.013895901,0.90010333,0.75330615,1.7350831,0.097349234,0.32999203,0.082207896,0.7059385,0.7037792,1.3614978,0.40173656,0.91533613,0.9076711,0.87103254,0.057590697,1.5621587,1.7305446,1.3838322,0.094500326,0.70601046,0.24443372,1.8054408,1.7687856,1.0650278,0.56829906,1.9777203,0.82822603,0.8924362,0.5678639,2.5463274,1.9967003,1.6551964,0.59493613,1.2625862,1.1968714,0.58299965,1.3211529,1.4690206,0.67903244,0.156862,1.4848644,1.6482534,1.1431609,1.0629455,0.75485915,1.5642554,0.57880586,1.3458295,0.27636573,1.189911,2.060848,0.43980694,1.2931932,0.22217739,1.5046468,0.8341413,1.0483471,0.62791437,0.47060293,0.8265489,2.7536159,0.07829299,1.1261047,1.0010175,0.40852916,1.888793,1.2739334,0.9172793,0.08877193,0.19018023,1.001061,0.368656,0.748305,1.6434809,0.3349081,0.7489413,1.268803,0.71013397,0.75315326,1.1989174,1.3149564,0.37627062,0.6591563,1.9902738,0.8088589,1.6957961,1.4235544,0.990812,1.1829144,1.161145,1.0484316,0.15789413,0.48640892,0.9381063,0.52288187,0.1874567,0.761912,0.5974927,0.3258737,0.67659587,1.7781911,3.1088517,1.2547151,0.5943843,0.11679116,1.5279195,1.701106,1.2614917,0.5821485,1.3450668,0.31103355,0.33493158,0.58779305,0.35842672,0.6248432,0.37510598,1.4878125,0.33022034,0.6089229,2.1366143,1.0543175,0.7450331,0.8708144,3.15076,1.1210654,0.47786433,1.0473472,0.116350874,2.06233,0.15949692,0.907764,0.63992286,0.29361546,2.7976236,1.0358638,1.253481,0.09169376,1.4068314,1.9246674,0.6184855,0.4193236,0.48645183,1.0268596,1.8430191,0.18514697,0.92412364,0.5176305,0.32191452,0.87917095,1.949402,0.8775041,0.47340083,1.2812384,0.89071995,2.0830986,0.6182058,0.9303734,1.1602637,0.103300355,2.4963262,0.7054952,0.20470005,0.9123284,0.3317174,0.36421114,0.89472073,0.5090339,1.618005,0.32620466,0.46401215,0.74461186,0.88943326,1.5974778,0.23182748,0.96011925,0.09740786,2.006202,1.3735232,0.5448884,0.7834717,0.8391488,0.24761374,1.4742413,0.08068962,1.4246264,1.4239218,1.8684577,1.4563763,1.1817069,1.5670776,0.072056845,1.7958269,0.031186426,0.7735289,0.06575338,0.9686657,0.39021316,0.30101475,1.3458635,1.1866523,0.5922945,1.9962692,0.5774106,1.8718821,0.75610286,0.42773634,0.306824,0.05686972,0.71559244,0.5739404,1.9337668,0.7365837,0.60145974,0.71730584,2.4182432,0.69549793,0.8888645,1.9781908,1.5046184,1.840197,0.14253005,1.9552507,0.105095804,0.6689681,1.1418462,0.059146043,1.0120093,1.161751,1.9821031,0.3326003,1.7743838,2.1756535,0.73088896,2.1439157,1.110603,2.4005637,1.5266982,1.1720281,0.79869616,0.23907058,0.19636117,0.07551037,0.84836155,0.66703236,0.5726424,1.7335405,1.426143,1.0897806,0.83909464,0.09706017,1.0504282,0.28482795,0.46007386,1.2070403,2.2006876,0.019713158,1.7122356,0.3130762,1.0517215,0.43756238,1.1944104,0.032281015,0.13687041,2.153579,0.33431318,1.2775817,0.8219683,0.08168831,3.4074621,1.2184399,0.8780018,0.44523296,0.18071839,1.4464052,3.5502462,0.46906394,1.3390605,1.1391169,1.9079505,0.2445661,0.07846563,1.5776373,2.0837834,0.96108425,0.5716729,0.38366795,1.6091436,0.64815646,1.0389606,2.6864924,0.09559941,1.0006922,0.3759177,1.3824517,0.77320224,1.7475532,0.9218447,0.4022961,1.0862795,0.102525584,0.11793669,0.28128403,0.66062933,1.5398015,0.740416,0.8129062,0.3180865,1.0431311,2.734703,1.5951152,2.0463057,1.8781389,1.3886093,1.0124432,0.23491213,3.1262095,1.9392767,0.27974823,0.14736111,1.5946864,1.2920591,0.8717591,0.47222647,0.5797572,1.2000692,0.79209167,1.7199866,0.6265331,1.5816853,1.3690228,0.47810316,1.2286898,0.21390826,2.8938205,1.0820477,2.4689634,0.104346834,0.28920406,2.603646,0.32583305,1.1243271,1.0166129,0.07432732,0.22761628,1.3631237,0.64438105,0.26675424,0.18037269,1.1079953,0.70094883,2.9259703,1.0075287,0.888174,0.57697475,2.2152205,1.0752873,1.6309481,1.0703709,0.34585902,all_pothole_images\pothole_images_new_image_1095.jpg
0.2632867,1.1313502,0.80907226,1.8325974,0.4530185,1.0865808,0.15325342,0.5677118,0.73926294,1.2401134,0.42312175,0.5712074,0.6251613,1.2843833,0.19994205,0.3442076,0.60364085,0.1531476,1.2763901,0.040113855,0.5065408,2.2714064,0.70135385,1.8979489,0.010730161,0.007933989,0.050389312,0.34990507,0.050741464,0.97332007,0.2384659,0.18366648,2.2565753,0.28660312,0.7413766,0.76948655,1.2802211,0.03581276,0.20551938,0.92216754,0.7088028,2.0500457,0.8892765,0.38955835,0.10725973,0.4448956,0.21160872,0.013845047,0.35154587,0.94434726,4.541352,0.08142862,0.70099384,0.7025758,0.74733657,2.8175952,0.35136858,0.14741813,1.9974648,1.4613644,2.7023585,1.5333389,0.3036797,0.46478787,0.39612508,0.17350525,0.92859524,0.014520722,1.4906125,1.9074296,0.31236482,0.3620215,0.23389748,0.5068278,0.19149014,1.5861956,0.45680833,1.0048088,0.058214713,0.22675039,0.20481485,0.43070298,0.32254106,0.73397505,1.1288747,0.9239299,0.6018006,0.030186044,2.8517344,0.23157053,0.055098984,2.1814733,0.26009685,0.80326486,0.057811804,0.07970836,1.4314067,1.2605605,0.2460069,1.1458453,0.09165689,1.6398951,1.1565778,1.3953416,1.7331895,0.6188154,0.028792683,0.803445,0.09391656,0.92944133,0.84847265,1.7865219,0.706198,0.41602784,1.4732734,0.14074352,3.2833693,0.6787766,1.3261888,0.799,1.3863313,0.14024176,0.5950462,1.6321162,0.80520207,1.5293703,1.2974846,2.5844474,1.6001182,0.44044888,0.24007738,1.0624958,0.027715473,2.8641512,0.32201985,1.1978155,0.218144,0.35490927,0.19516088,2.321087,0.82905143,0.022852937,0.9732671,1.2922406,0.2079688,1.0650607,0.86573917,0.9722659,1.138949,2.3289628,0.86471725,0.30173337,0.18463932,0.9926258,0.8693537,0.10906229,1.1795025,0.32945436,0.016582564,0.37350774,0.26411176,0.8388342,0.23063336,3.0378327,1.8496511,1.331471,0.7970606,0.59272015,1.8590281,0.34586754,0.08878109,0.12354352,0.20740867,0.3724421,0.3482919,0.88280827,1.1626923,0.10721258,1.7044375,0.34397027,0.40653834,0.72898054,0.46823367,0.9818555,2.0041292,0.03348772,0.16625673,2.5564504,0.45536515,0.26572746,0.10622098,0.20345141,1.8968935,1.2413924,0.3716809,0.05055953,1.2809149,0.25771272,1.3034022,1.5983737,0.09615396,2.095032,2.2809763,0.38837266,1.656713,0.78647625,0.1413052,1.2935252,0.39597023,0.5914093,0.09840647,0.5924677,0.82468194,2.883173,2.1244042,1.4146609,0.6198255,1.0595307,0.47155827,0.31767896,0.28767633,0.3278136,0.5719911,0.23714384,0.36685207,1.5638814,0.70812136,0.27039787,1.1279509,0.22797109,0.03975083,2.0956292,0.9144203,0.10654767,0.15067698,0.08211114,0.35810113,0.40730628,0.017382843,0.0,0.860506,0.0027970434,0.45798555,0.791614,0.24058275,0.25172466,0.3975575,0.28501907,0.91007704,1.4205776,1.1705375,0.014900646,0.73185617,0.03392944,0.08303453,2.3922422,0.18294252,0.11895742,0.44681364,1.6786466,0.25161722,0.57028145,0.546481,0.855454,0.3742797,0.15283248,0.30487493,0.28098193,1.6908953,0.30144814,1.7389737,0.7677372,0.27286226,0.8203433,0.04761574,0.31148475,1.2759869,2.5152462,0.48695695,0.53588927,0.59585655,2.0775392,0.9174859,0.6331822,2.239635,0.24999145,0.6509613,0.34833682,1.1898534,0.5006335,0.5075269,0.81633705,0.22381778,1.0095297,0.11453862,0.18694906,1.0636029,0.9623751,0.6042481,0.013231084,0.62210095,0.15035604,1.6116843,0.5366384,0.3321502,1.7218945,0.33108306,0.7386319,0.45918685,1.1643386,2.1958654,0.9301754,3.6792624,0.06293106,0.66952187,1.4264803,0.010651733,0.68068415,1.3641331,0.0,2.6334698,1.8561479,0.012447342,0.3234395,0.6950376,1.5952992,0.17628105,0.050374325,0.34706527,0.16197976,1.5440949,0.101522714,0.29210326,0.8078429,0.79654115,0.38901177,0.13236523,1.1182289,0.018214457,0.8152338,0.3659995,0.76769155,0.5745612,0.00650442,0.24517421,0.07872068,1.6445141,0.13155875,0.2675347,1.1059457,1.0700873,0.87617785,1.467339,0.74400645,2.0712001,0.02501837,1.5714338,1.9112134,0.42885098,0.7623324,0.6054035,0.04859684,2.1832175,0.86191076,0.1849107,0.56083906,0.92101973,0.6342845,1.3663383,0.24557452,0.50422156,1.382275,0.16765781,1.3390493,1.7116416,0.36275375,0.33391842,2.7966166,0.1044271,1.077094,0.40969536,0.7973742,1.4913019,0.49856925,1.620853,0.5046791,0.95840025,0.18563375,1.7080445,2.0568428,0.53126025,0.15369594,0.0697373,0.51218766,0.5380512,1.5060925,0.2957605,1.2817973,1.9201651,0.14588481,1.5968778,0.46900207,0.12435653,0.26052806,0.2300154,1.4299302,0.08880178,0.14946528,0.6189525,0.16844672,0.439023,0.17006765,0.42475197,0.004579498,0.020169105,0.8800441,1.7421583,0.1362262,0.6812607,1.0198125,0.577103,1.2877351,3.6960778,0.9850361,2.934954,0.11798818,1.3550614,3.9025443,3.2003715,0.11896358,0.20555954,1.1569184,1.3481762,1.4584296,0.45107463,1.7743292,0.3941463,0.6887078,0.6664056,0.5686497,0.54170585,0.9251124,0.16789308,0.391647,0.46880507,0.1461268,3.115561,0.25239375,0.9959553,1.1570991,0.6546538,0.051514428,1.2199255,1.1217905,0.43718112,0.6830743,1.1721483,0.45609507,1.453243,0.8664135,0.41116464,1.488689,1.2906157,0.030322842,0.24934897,0.94699985,0.7088693,1.5584829,2.270759,2.2787752,2.3515942,1.0644027,0.11072437,0.29472917,0.7728992,0.22758888,0.20065504,0.20156704,0.68353844,0.3979087,1.579771,1.9546156,1.8723831,0.7317872,0.007424615,0.02120541,4.916979,0.025308346,0.6904082,1.5406439,0.8983337,1.6910967,0.0054048873,0.79015636,0.8439882,0.2443718,1.1860778,0.9012998,0.3290857,0.63467926,0.44355375,2.508261,0.93129176,1.7632303,1.2773643,0.053912092,0.30994275,1.5418004,1.0116674,1.2880272,0.5454835,0.07982068,all_pothole_images\pothole_images_new_image_1096.jpg
0.13429256,2.8399332,1.58867,0.13443352,1.4298466,1.328146,0.13208912,0.39825478,0.51242065,0.20211798,0.64835227,0.17835605,0.35509175,0.7153733,0.16128705,0.7908213,0.7755319,0.16738054,0.28958783,1.5792247,0.46123672,1.8100007,0.62843704,1.6953212,0.13640267,1.0960943,1.6094459,1.3980705,0.40714532,0.49989423,1.4161428,0.06410821,0.29492357,0.14871222,0.5790383,0.4097916,1.4501837,0.5421852,0.071775235,0.29125878,0.6192703,0.06943832,0.024972614,0.18421932,1.3108896,0.32677764,0.96157587,0.12046646,0.18149509,0.4001267,0.64974093,0.28844032,0.43215623,0.38909078,0.41255125,0.034600437,1.1109499,0.03376649,1.4682689,0.33343455,0.033503596,0.14811648,1.5667319,0.2772903,0.15585835,0.3933631,0.6974318,1.6661907,0.2402241,0.44654506,0.19300056,1.1060816,1.0065879,0.33378074,0.56286603,2.0897892,0.08319419,0.6936259,0.4235716,0.6653982,0.29169795,1.4441701,0.06975511,0.6602687,0.73026866,0.43398696,0.8169937,0.3062184,3.9744642,0.21164401,0.5613702,0.46309114,0.93484455,1.6678946,0.0013473914,0.05507035,0.8547684,1.0822605,1.8403544,0.551866,0.35126933,1.2459173,0.033210065,0.39441773,0.06398221,0.7970788,0.36303112,0.1473527,0.25947022,0.6447606,0.30128434,0.7918666,0.11939425,0.15892978,0.070940875,1.3978765,2.23196,1.8914106,0.2552578,0.40428847,0.5272242,2.2122753,1.5061387,0.23840162,0.0053139096,0.3446345,0.088253334,0.76141155,0.21662658,0.5140476,1.4371846,1.2234454,0.22828268,0.52822703,0.092238724,0.8824662,0.28170222,0.3900385,2.7116265,0.29060185,0.6064381,0.27881214,0.8861701,1.492162,1.111202,0.3627625,1.7286872,0.0,0.5134389,1.1959739,0.07078875,0.8924995,0.56599945,0.2614386,0.8999007,0.5949383,0.054559756,0.63334066,0.24473768,0.3169122,0.4867686,0.5718648,0.10861913,3.9088266,0.5392142,0.70240253,1.8870407,0.043236326,0.102644034,0.0020134796,0.7576716,0.051956255,1.5614657,0.23396038,1.2827978,0.06701376,0.622656,0.818707,0.50445616,0.2860138,0.90012944,0.27158004,2.2981403,0.15320644,2.716937,0.35210153,0.9239404,0.45875946,0.25447965,0.867754,1.7779276,0.9408476,0.11274524,1.6651858,0.42343825,0.4654624,0.0154465195,0.3060255,0.27648187,2.4596567,0.2265954,0.8556741,1.08043,0.3957747,1.0463529,1.2063384,0.41779497,0.07652553,0.17630793,0.25709844,0.4287083,0.9976407,0.9489293,0.1995058,0.29874647,0.49006787,0.5723029,0.053564046,0.9206473,0.028218511,1.8223908,0.5367691,0.5367247,0.36878866,0.30936062,0.75629866,0.66064245,0.15278608,1.9216609,0.1770174,0.35305104,0.49973494,0.62027013,0.040870763,1.0111341,0.159103,0.7315366,0.3884837,0.5805449,0.07185206,0.27412385,0.22524242,0.1129797,0.16341594,0.04627978,0.47877845,0.47817516,0.3247859,0.387813,1.3768811,0.13619712,0.14424096,1.4305086,0.29404974,0.20219545,1.0630745,0.57993495,0.8564443,0.81085956,0.13783596,1.9396043,2.6691601,1.3624126,0.31980836,0.2666103,0.56712824,0.17040128,0.49146274,0.4287396,0.9857329,0.25144804,0.077349514,0.38022345,0.06623477,0.552103,0.66144586,1.7157655,0.52852464,0.1196177,1.0838224,0.29319954,1.2699125,0.9350528,0.2104095,1.6138679,0.058863774,0.29580057,2.0209403,1.4114883,0.18600957,0.60827315,0.28197423,0.115002185,0.6442866,0.37830138,0.68053496,0.9608243,0.84636796,0.57242954,0.3976198,0.15810429,0.42512837,0.39239916,0.2928798,4.441569,0.41972888,0.0,0.46290237,0.91552216,0.22507936,0.9123024,0.8114016,3.9706726,0.58586067,0.7626235,0.4902425,0.37745863,0.30053398,0.92358845,0.8412365,0.046392813,1.3737321,0.0,1.1561321,1.2319351,0.7716243,0.45567808,0.7325112,0.2852886,2.1918106,4.716098,0.6269745,0.23541701,0.49508464,0.62047523,0.79598063,0.24144225,0.46618518,0.9225867,0.12745284,0.80532086,2.0714684,0.83391243,0.10682058,1.207571,0.29204464,0.25651717,0.0,0.107281156,0.096510395,0.044471547,0.10387132,0.33301544,0.123621665,1.5577005,0.010202964,1.2263381,0.32914814,0.33090442,0.017736766,0.27034608,0.43129835,0.020988218,1.1581491,0.31141472,0.1557913,0.76396346,1.8290881,0.3611287,0.008833945,0.9933892,1.6178209,1.3519996,1.0756512,0.7403262,1.5471652,0.110428825,0.086596824,0.42583916,0.50154954,0.282059,1.0754832,0.5865703,1.1781573,2.4703894,0.06942346,2.5668156,1.2541966,1.075499,2.1237926,1.4842046,0.3428298,0.8935739,0.078034066,0.44171563,0.42181128,0.02573947,0.9807944,1.6569215,0.24701425,1.5423874,1.4545916,0.20017461,1.0537602,0.022301763,0.13803793,0.4899348,0.514555,0.2643211,1.354836,0.021470971,0.5805774,0.65586495,0.6173143,0.08396554,0.11677903,0.294568,2.0219827,0.013668032,0.017317262,0.4069647,0.2789901,1.5809083,0.14269374,0.48919952,1.8465624,0.19590114,3.206653,0.013578133,0.7697495,0.98118275,1.1072738,1.1116385,0.35414606,0.51692486,1.0837824,0.9305236,0.61545396,0.27268234,1.6499625,2.789917,0.55626607,0.17058018,0.34393606,0.0,2.5126128,1.5845712,0.46952504,1.1497097,0.7551095,0.59885734,0.88796794,1.1496333,0.3154982,0.0058025955,0.24696319,0.8944822,0.07391111,0.23441903,0.08937882,2.044789,0.8137794,0.2556097,0.67056745,0.7747078,1.3575217,1.0709887,0.096399054,1.7486721,1.2414987,1.6135496,0.5765005,1.8032852,0.033882122,0.61088216,0.5847037,0.00042523324,0.0063690348,1.0659978,0.16076846,0.59505194,1.9290291,0.18891665,0.8193579,0.01940188,0.54894125,1.0818331,0.27486846,0.18408512,0.055137936,0.8965343,0.46112937,0.1579942,0.31184396,0.955555,0.33973852,0.24950908,0.030684823,0.4470179,0.034899123,1.2015731,0.3990256,0.15642883,0.43185145,0.77023166,0.6304596,0.018016454,1.2431381,0.13644244,0.6103426,0.080719694,0.07075153,all_pothole_images\pothole_images_new_image_1097.jpg
1.1930941,0.14792913,0.9564766,0.6598584,0.4510149,0.6494979,1.8195325,1.2969197,2.6921928,0.76187754,0.018403912,0.15947466,0.49761093,0.25613326,0.5956787,0.10763111,1.3965572,0.66091025,0.023961863,0.10315313,0.7774593,0.18349616,0.1908027,0.35275334,2.7102616,0.39709005,0.8075331,0.24916917,0.17180334,0.19757552,0.8037126,0.21007697,0.0064362832,1.526023,0.304171,2.4571104,0.27844825,2.776998,1.2978566,0.45759916,0.7890807,0.67077625,0.1793435,0.003907849,0.14060156,1.2525736,0.5584392,0.12972249,0.45984548,3.6922064,0.90998715,0.5309787,2.0756874,0.85840935,1.8466681,0.81955343,0.49947497,0.88443285,0.96473247,0.4629536,0.11305375,0.3087877,0.12451942,1.7587785,0.077026375,1.4156572,0.28797045,2.1648376,0.111071415,0.13837205,1.8321636,0.44206366,0.26834562,1.5632411,0.82568663,0.18847173,0.102816716,0.9717696,0.1029049,0.5761445,0.42974082,1.4684185,1.0530459,0.70037466,1.3152761,0.13085467,2.292922,0.91447437,0.88068247,0.41609487,0.65884054,0.0,0.26598498,0.24928121,3.2849705,2.8179526,0.14165772,0.37798786,0.08741923,1.2262408,0.091797814,0.008825532,0.79217017,2.2064776,0.0,2.5629869,0.40671468,1.8635808,1.1443493,0.9317572,0.710776,0.7769471,0.20692903,0.8671146,1.3280014,1.028926,0.063988276,0.4314624,0.0,1.3176208,0.28197497,0.7465905,0.39433646,1.0726147,2.103013,0.87876827,1.0922177,2.2547815,0.4169921,0.06301081,0.44327727,1.8714082,1.6950384,0.5069016,0.49626687,2.003181,3.2319286,2.6105633,0.00026567632,1.7126427,0.12062645,1.5942472,1.317129,0.6875539,0.016622828,1.284241,0.7429688,0.35839552,0.37041652,0.7177836,2.1791894,0.7812591,0.35234278,1.8904884,0.3038005,2.2775075,0.1238763,0.30624774,3.7046912,0.38042855,0.28359053,0.7581851,1.7256689,0.5387223,0.89249486,0.45613226,0.22084072,0.030223744,0.5941379,1.5031806,0.66672903,1.0206676,0.054407027,0.3198464,1.8485975,3.2517395,0.5584953,1.727254,1.4994802,0.34896874,0.12894295,0.42377916,0.14121507,3.4331048,0.41759288,0.19749185,0.024654904,0.42008463,0.3825615,2.3212688,0.3930114,0.37672645,0.66454965,0.33780974,0.29825443,0.20087191,3.0265393,0.8864226,1.1960541,3.2042272,1.6750689,0.44704655,0.8683717,1.17464,0.8120289,0.120141536,3.3484862,0.5983002,2.431048,3.6985884,0.0,0.3242549,0.31667963,0.1603303,1.3290374,1.1910204,0.14044103,0.05834162,1.2030212,1.1383973,0.34205914,0.53578335,0.06457309,0.5132195,0.45196208,2.88248,0.84340715,1.9023104,0.15292737,0.6492911,0.6071737,1.5368618,0.103269845,1.5701122,1.0584564,1.1771363,1.600912,0.022246845,0.4052029,3.1189516,0.93669766,0.23393549,0.58228815,0.13752155,0.3370161,0.56817836,0.0,0.006135376,3.2513433,1.6710538,0.49894053,0.91041106,0.1379232,1.8467836,1.4704306,0.7744799,1.9427247,0.9415319,0.16841318,0.698496,0.0276739,2.2747297,1.5386487,0.09606657,1.8937901,0.14059946,1.2215264,0.027741415,2.2778864,0.29442737,0.8353582,0.010372071,0.8526922,0.11726517,1.6731399,0.6580316,0.1223573,0.62634194,0.62046134,0.6950511,0.019166034,0.9449885,0.2373028,0.6035313,1.9934472,0.41526568,0.68509114,0.12870169,0.018118469,0.0093369195,0.43174455,0.69675213,1.0927687,0.90696824,0.04959105,2.289409,0.9720673,0.1594962,1.0727547,5.496486,1.6968409,0.5398368,0.2635868,0.16973911,0.08745588,0.18193126,1.3918864,0.05638711,1.3152755,0.28423616,0.7516033,1.1484004,0.069107704,4.5759807,1.1166645,0.01432819,0.24180657,0.54052925,1.7310708,0.93460566,0.4566855,0.0744258,1.1992757,1.9059846,0.3027027,3.0675347,1.2564689,0.8400776,0.046112966,0.5872332,0.05376179,0.50767833,0.10134153,0.81090504,0.31765443,0.40087357,1.8826895,1.9504883,0.42639494,2.427576,0.9550818,0.22751296,1.2343551,1.6566123,0.31824803,0.4330188,0.0004579454,2.5840325,0.0,0.70639116,0.36635208,3.880244,0.7950888,0.5718439,1.2927357,1.2868521,0.4064748,0.36242893,0.062547825,2.966511,2.201076,0.3495878,1.5529951,1.7089651,1.8932831,1.6436901,0.8384396,0.7590989,0.6343498,0.26414013,0.25349182,1.1626395,0.3829855,1.3515556,1.0114303,0.77078295,0.44295052,0.42055836,0.46084967,1.7347112,0.6941956,0.43794835,2.2847533,0.14962508,1.1553372,1.3145393,0.51456416,0.07503884,0.46742874,1.8392355,0.0012890716,1.001878,0.18216094,1.4334589,0.24622412,1.4083304,0.9707253,0.15111537,0.31333554,0.49783686,0.388901,0.48586762,0.30267227,0.0039908807,1.7278336,0.8081155,0.24943982,0.15564476,0.49448907,0.33898836,2.0844355,0.6963461,2.7536259,0.4106116,0.073940516,0.6489554,1.7688648,3.214376,1.4419123,0.11707773,0.0013857256,0.7478337,0.057706848,2.480593,0.0,1.3298064,0.49332765,0.8872995,1.0831146,2.2333338,1.113728,0.9519211,0.8040751,0.2045196,0.68954784,1.201305,0.16954711,1.4472432,0.5545126,0.3800867,0.8427041,0.06487991,0.57397395,1.6320903,0.03859676,0.23674084,0.18627116,0.63987947,0.16243064,0.83514965,0.91253465,0.4527882,3.0403697,0.055264387,0.7304129,0.11152463,1.0501509,0.11984105,0.38043916,0.37043366,1.4693395,0.19492488,1.30416,0.2035157,0.34000167,1.1361628,0.054123823,0.9951358,2.4095423,0.49889082,1.3473597,0.28867018,0.08335792,0.6370437,0.4195905,1.6999115,0.53604174,3.4474761,0.35416928,0.5992206,1.9625754,0.4752471,1.4361374,1.5907618,0.6253647,0.5732765,0.41996682,0.31506753,1.7885664,0.21285388,0.45103928,2.5501046,0.14290164,0.0931594,0.013200222,0.1992355,0.34156138,0.13873337,0.0095928805,0.2843256,1.8921083,2.279312,0.5992626,1.2594159,1.7766857,0.67057043,1.8744919,3.5344374,0.08722287,1.1516964,1.4402752,0.14237086,all_pothole_images\pothole_images_new_image_1098.jpg
0.31502837,0.3039126,0.3082225,1.0506557,0.48576203,0.20848796,0.4921887,0.012883124,0.022450535,0.7142938,0.49162143,0.08589944,0.5127396,4.446426,0.21157652,0.20366777,0.08924033,0.5660023,1.3245519,0.07323215,1.148679,1.3605993,0.29019627,0.8569354,0.81738186,0.415479,1.0402676,0.5549651,0.1447098,0.053873733,0.8375535,0.6146406,0.20638704,0.8606018,1.0563532,0.2884063,0.03902894,1.5452453,0.5569932,0.032389693,0.0,0.0019541043,0.49409124,3.5548015,0.09487171,0.24761164,0.047135007,0.0,0.16101776,0.68178165,0.35064894,0.14329706,0.65869653,0.2939889,0.16847034,1.2706406,2.1050856,0.190956,0.31813663,0.043915447,0.5708555,0.021238139,0.46849886,0.16342704,0.51636726,0.72832423,0.19554482,0.10298724,0.82515293,0.20718487,0.04340216,0.059293635,0.39341354,0.23383443,0.27066833,0.0,0.07763681,0.03960529,0.30671412,0.18005899,0.09408126,0.10764361,0.29275435,1.1892732,0.29723775,0.13849099,0.04403862,1.0043017,0.3987114,0.0,1.9269277,0.15026933,0.04423434,0.56986046,0.00016806179,0.34145057,0.62856466,0.43348965,0.7833211,0.34609878,0.096020326,0.5374955,0.0372136,0.17569183,0.31658667,2.373969,0.0,0.039716482,0.13831961,0.3689913,0.0018946466,1.4596479,0.02995958,0.94486415,0.26340595,0.0,1.341556,0.21331713,0.89620286,0.23925504,3.6023452,1.6234443,0.04581194,0.55509007,0.20836757,0.29708835,0.2682252,0.745956,1.5010805,0.5002582,1.0657935,0.00411631,0.28024152,0.09310086,0.0500014,0.03257249,0.58601964,0.5762456,0.17587085,0.067397915,0.25081939,0.012100682,0.84872526,0.8397807,0.14011526,0.22868599,0.680719,0.030551244,0.051354416,0.2727837,0.034965556,0.41347146,0.29221296,0.12826736,2.0682306,0.79343385,0.7342565,0.9656622,1.4324368,0.19543292,3.243953,0.47809616,0.027695866,3.8383148,0.063510634,1.0778072,0.61563045,0.21490707,0.94475263,1.0462083,0.0,0.31723365,0.43220395,0.24775133,0.58678573,0.35655153,0.59415185,0.008325154,0.32914266,0.019117534,0.10392562,4.8921123,1.5962683,0.3964609,0.33945253,1.0151608,0.29216218,0.35981807,1.0375975,0.9402298,0.0070172837,0.63382405,0.8331697,1.2179756,0.33742973,0.39467347,0.11522856,0.92128235,0.0037570854,0.1443985,0.15242513,0.6967018,2.8143759,0.7439515,1.4854966,0.053292245,0.88542515,0.16988012,0.06512161,0.045610227,0.0054086787,0.12073965,0.84589165,0.28242713,0.617847,0.6621425,0.446588,0.09063833,0.37160543,0.0,0.08923238,0.4977949,0.85054,0.049877673,0.036601063,0.3548731,1.9037223,0.6346947,0.34607282,0.34428048,0.019147186,0.14707822,0.30770347,1.1243714,0.06190127,0.18764369,0.8659476,0.094549924,0.009010221,0.57090044,0.0,0.09492687,0.0,0.21354827,0.71500444,0.022862064,1.1439342,0.1010548,0.37325367,3.504867,1.0536897,0.072668746,0.52501184,0.30826944,0.52948207,1.7262168,0.26437077,1.10796,0.044017896,0.25250998,0.5823476,0.091146626,0.058671236,1.5026023,0.78661066,0.72511494,0.34319833,0.73263454,0.029797267,0.37709808,0.108507924,1.0692393,0.3584952,0.32236114,0.23873138,1.0366968,0.508992,0.17342116,0.43576333,0.77158105,1.9838829,0.04526739,0.37575784,0.012757573,0.7040927,0.31258172,0.41090128,0.93444633,0.2900191,0.08452228,0.11276303,0.008409799,0.6532393,0.03766186,0.15964262,0.12689577,0.7173722,2.2008646,0.63948065,0.67983407,0.65584856,0.5937271,0.1694428,0.8261984,3.5843947,0.025147365,0.015713882,0.40960556,0.01600537,0.19663894,1.2906394,0.9503989,0.59906614,0.27057737,0.2476878,0.3580362,1.4003348e-06,0.28412172,1.1775793,0.13412412,0.085014105,0.0,0.2488559,0.125126,0.2916795,0.41539347,0.22591606,0.13052943,0.28323114,0.0,0.104318425,0.78700614,0.124703534,0.04748227,0.075406566,0.72653604,0.23011577,0.053315822,0.5095652,0.14494905,0.051344316,0.8077892,0.8085838,0.6176422,0.2903551,0.026362246,0.01775467,0.5692408,0.16437651,0.96665347,0.34337997,0.27276626,0.5903077,0.0,0.097132415,0.9229462,0.052505102,1.9793028,0.71769404,0.37983808,0.6965846,0.2110587,0.15255067,0.0061840573,0.0,0.092159666,2.06755,0.046173055,0.2852383,0.08392248,1.8961992,1.5126698,0.5860752,0.20815584,0.6484567,0.42413554,0.21089055,0.01079647,0.8192459,0.9904289,0.6333801,0.007991568,0.020663774,0.55775,1.7951497,1.727267,0.20278288,0.0,0.09942535,0.4419115,0.7777297,1.2793658,0.026692394,0.44444075,0.60713905,0.30126253,0.915683,1.7482839,0.5870809,0.08838324,3.9101737,1.016947,0.99032754,0.083312996,0.040118046,0.009378137,0.091122314,1.1024048,0.044605,0.35520488,0.9153432,0.41174266,0.39528814,0.3100234,0.067275256,0.055532787,0.16650842,0.0,0.019655623,0.011357196,1.1723578,0.020002818,0.043506436,1.8418759,1.7367591,0.14186235,1.6968209,0.99417114,0.25481606,1.3439026,0.0,1.2449015,1.0820196,0.43182817,0.20468232,2.2292073,0.066748634,0.5465398,0.18412161,0.097108744,1.198,0.4944744,0.106064804,1.6412562,0.91018784,0.011306111,0.50692135,0.113175236,0.6525192,0.64830965,0.31564438,0.41548806,0.11436213,1.6040912,0.08139891,0.6650317,1.0401812,0.093182854,0.34221134,0.14288974,1.1334697,0.81750065,1.0201901,0.06664671,0.4974947,0.28036594,0.06502808,0.0075548925,0.31267336,0.18750319,0.45147222,0.3758868,0.004369275,0.10603035,1.0789745,0.030737026,1.0014949,1.0839473,0.24659468,0.0,0.35601157,3.926286,0.05516449,0.716866,0.026202444,0.48804736,0.07584229,0.2429047,1.7237309,0.0,0.20371415,0.0,0.10139581,0.17849667,0.17620757,0.01106763,0.186238,0.16096461,1.3862709,0.2686297,0.24007691,2.538036,0.64360183,0.36396244,0.043131817,0.09294235,0.022373876,0.30361843,0.0066361856,0.010703695,0.049171068,0.32263926,all_pothole_images\pothole_images_new_image_1099.jpg
0.54275024,0.2104587,0.67791826,1.3746083,0.74972177,1.9986203,0.78061867,0.023286985,0.3099576,0.72296715,0.043996226,0.15323746,0.022430126,3.8484378,0.25205004,0.110540055,0.20673141,0.62045693,2.3841653,0.35134912,0.68444645,3.495904,0.60801923,0.36202195,1.0916679,0.64482754,0.7904817,2.2980263,0.16626227,0.24913982,0.850062,0.026371265,0.790907,0.27898803,0.088062935,0.38154832,0.1973161,3.5008917,0.38301077,0.3532604,0.05695267,0.005998553,0.89634234,2.8337233,0.043294422,0.06896311,0.2390431,0.06440434,0.1740541,0.9376776,1.4865106,0.38108942,1.0018576,0.81571865,0.61115456,1.5870174,3.5664241,0.71146405,0.1260431,0.07839098,0.21674584,0.08491246,1.1861948,0.04726544,0.58787,1.5622752,0.30258766,0.045631215,0.55050224,0.69516945,0.69698817,0.030477837,0.011265304,0.27771938,1.1053718,0.76361114,0.6634364,0.16384217,0.23686731,0.2196794,0.5186378,0.11965893,0.035588674,1.4219459,0.45697027,0.13768946,0.17220706,0.48873854,1.8220059,0.01823916,0.59456414,0.77397054,0.30943424,0.79966384,0.0077787903,0.05997447,0.26983464,0.8149618,1.2286526,0.67254794,0.018232739,1.8081341,0.3322412,0.33735135,0.0,1.802327,0.05233677,0.018282635,0.013046698,0.49743006,0.02150935,2.2160532,0.0056783594,0.3388364,0.80354214,0.077285096,1.6660542,0.39427173,0.42574823,1.2294537,4.849097,1.3896221,0.06642961,2.6304514,0.3427223,0.15548305,0.34914523,0.3812293,0.44983512,0.27903074,0.75682384,0.12841631,1.3107351,0.66026115,0.43011594,0.04886243,0.31100452,0.9301448,0.2512098,1.1580961,0.2898115,0.52559125,0.052124962,1.1360338,0.31538817,0.11494255,1.4831678,0.005123832,0.27824745,0.21443966,0.3695839,0.41036978,0.19379121,0.2820989,2.5499146,0.7168193,0.065475255,1.074851,0.5006997,0.6261108,1.8819882,0.20754115,0.005585724,4.2327514,0.10512963,0.22069992,0.048755616,0.24871479,1.0133576,0.34685752,0.9243365,0.07107611,0.8046202,0.5073991,1.1311477,0.08571831,0.20029488,0.012326181,0.0,0.015862014,0.18604508,4.4619617,0.8122946,1.4217404,0.032503348,1.3902335,0.1034937,0.0,0.6027395,0.92811084,0.035230737,0.26859328,0.013405183,1.26529,0.18181568,0.40538833,0.35987413,0.46545303,0.0,1.148928,0.48906353,1.0338414,1.5299578,0.73752046,1.1077707,0.74128926,0.15292355,1.4387014,0.0,0.68597054,0.075694114,0.31859556,1.2977327,0.9484969,0.6364037,0.4498038,0.070008814,0.28959158,1.8077916,0.34265643,0.256519,0.019040814,0.27558228,1.073735,0.029850531,0.5114392,3.1241364,0.23094128,0.18998565,0.026449319,0.71711504,1.1396953,0.58295274,1.2104695,0.050314434,0.13853598,1.2314514,0.09579026,0.0,0.035782877,0.110748336,0.09445287,0.057308245,0.14175466,0.07741694,0.11554618,0.6173235,0.008569881,0.37711194,3.2677708,4.378076,0.42962062,1.0181254,0.16481917,0.4746347,0.59199125,0.29473722,0.4286006,0.56512547,1.1095964,0.4830633,0.56159717,0.53066444,1.1527452,0.9031586,0.8275523,0.5021228,0.17533933,0.28215554,0.35986313,0.14789158,0.40419742,0.5101698,0.032706164,0.7640334,0.39513487,1.251239,0.20357375,0.2953065,0.35905862,0.8792018,0.09914942,0.3697485,0.4371328,1.3996705,0.61160845,1.8811221,1.3619987,0.43515244,0.07631575,0.007884468,0.19224289,0.033766013,0.5597074,1.2902294,0.04069323,0.9112147,1.2698727,0.23655963,1.653455,0.14536141,0.4858434,0.08603275,0.6513098,2.8476455,0.17623349,0.18400942,0.4677089,0.16712515,0.12503223,1.2059531,0.16555838,0.5885389,0.48038206,0.011849008,0.5876771,0.18896262,0.8292639,1.572406,0.17899731,0.057137206,0.05062385,0.20749582,0.3443763,0.7424883,1.2951236,1.2574669,0.25737113,0.47729573,0.088301405,0.0,0.6371244,0.39643127,0.1367675,0.39949402,1.193705,1.0709493,1.7077235,0.57468444,0.720384,0.46485513,0.6474012,1.4651165,0.010743532,1.0676012,0.13842663,0.1281558,0.28775135,0.050278552,1.1046519,1.269963,0.5752543,1.4517325,1.0935857,0.055062536,1.547092,0.6665812,4.2641697,0.96514255,0.44282734,0.0076117143,0.45067117,0.39645085,1.1767962,0.052461836,0.12780504,3.1829693,0.035749305,0.18923435,0.21867031,3.7161138,1.5992891,0.4939466,0.20793629,0.8522787,0.16040999,0.11301613,0.035512693,0.5705608,0.46517557,0.40998116,0.029188357,0.3279672,0.85969543,3.8397396,1.31983,1.0509661,0.009166559,0.8979467,2.4172826,1.4785784,0.06373804,0.09253213,0.505851,0.07817163,0.004300952,2.1841366,0.8310473,0.15785983,0.022285977,4.286763,0.62117136,0.33546376,0.26201633,0.022487523,0.13791138,0.2234969,0.30693188,0.27101976,0.62441033,0.22039732,0.027972281,0.316524,0.83688545,0.14001024,0.052965824,1.1757375,0.5168483,0.03680416,0.5164741,1.5523982,0.12893829,0.78654134,1.1827893,1.4991335,0.07675358,1.2859554,1.5208507,0.30273476,0.79846597,0.008588457,0.55924207,0.14286168,0.69135815,0.09311563,2.917143,0.13567695,0.55025077,1.0174776,0.13584526,0.63744956,0.037979014,0.22008203,1.5475512,1.4445345,0.08543035,1.8165233,0.09591703,0.108976595,1.1225324,0.66940594,0.60959023,0.077436075,0.46902087,0.6817353,0.8750727,0.7727086,0.30800006,0.8553414,0.47508994,0.4786274,0.301392,0.7809548,0.03613677,1.4665649,1.3665898,0.583242,0.2514291,0.13663879,0.6287471,1.4590906,0.23419145,0.26124462,0.26167142,0.7689654,0.24349296,0.17211595,1.5967964,0.72077674,0.023132935,0.35388148,3.8518133,1.1062639,0.4622626,0.043404154,0.058334623,0.48738804,0.099264435,2.1411598,0.014164544,0.49174148,0.071735665,0.013392705,0.06654241,0.22031125,0.039466545,0.34105954,0.09929328,0.8601954,0.06956774,0.1171396,4.2786956,0.68107665,0.12262138,0.10392621,0.08858374,0.00046536344,0.696742,0.0,0.0018267467,0.23974119,0.3707319,all_pothole_images\pothole_images_new_image_11.jpg
0.3810607,1.1517024,0.44288382,2.732014,1.348942,0.053080402,0.195077,0.05610732,0.22197431,0.7137803,1.9604472,0.39252535,1.4873507,2.6053805,0.3292234,1.4114273,0.08866689,2.392873,0.5702474,1.2536395,0.12775758,0.51560974,0.47445792,0.21803254,0.78075486,0.5444038,0.14941886,1.6055408,1.0593511,0.45679462,0.18336883,1.2294309,0.25769928,0.46657866,0.008458991,0.6745356,0.36823308,0.48233837,0.87588793,0.63833475,0.02907116,0.16982284,0.95139223,2.2723515,0.7360209,0.32520527,1.0376037,0.042570345,1.0662905,0.15920345,0.19498828,0.3606287,0.4008852,0.46954173,0.10822487,1.3587561,1.360629,0.7150536,1.8456978,0.38125235,0.8795864,0.38486382,1.980209,0.5850644,0.83873236,0.9727288,0.8514342,2.5689666,0.04317837,2.5058765,0.5608275,0.042091954,0.657762,0.5175097,0.5558439,0.52336043,0.48740274,0.61558515,0.30662352,0.8135603,0.007962026,0.049102496,0.5670884,1.1053722,0.07810075,0.8043205,1.2062776,0.04968281,2.5392926,0.4322902,0.13496405,0.7279779,0.5312012,1.429174,0.14150506,0.37946162,0.38402703,1.3490539,1.1962045,1.1543912,0.6650534,1.0316086,1.4760677,0.27933547,1.3344198,0.107004374,0.9277258,0.22215284,1.2442448,0.9690159,2.418635,1.7174037,0.042538073,0.36161536,1.0272787,0.89814556,0.42206654,1.4837734,0.91278565,0.6593941,1.2322434,0.16122288,0.37924618,0.5550336,1.6438055,1.9180471,0.37520334,0.34021318,1.122334,0.64973736,0.5908284,0.05540548,1.0926949,0.19249897,0.19903323,0.31013995,0.6069548,0.53060293,0.11064862,0.2703803,1.5609986,0.75216115,0.96446306,0.2325424,0.51302993,1.4834574,0.0,0.841569,0.2692676,1.5434277,1.4892194,1.2157234,1.7041081,0.95641106,0.83274853,0.22506294,0.31657943,1.3355507,0.612715,0.16947594,1.2987981,1.9829227,0.034632515,2.787606,0.9014662,0.02442807,0.60709596,1.6024207,0.4425092,0.7839555,0.93155754,0.40755996,0.2924599,1.076971,1.1106104,0.23106146,0.4925934,0.25767964,0.533698,0.3356288,0.49283078,2.3274271,3.179963,0.8669979,0.8401411,0.57024455,0.056483667,0.008770131,1.0556942,2.0811305,0.33256605,0.042976353,0.09904534,0.7685603,0.057960335,0.26009837,1.7955163,0.33995667,0.123563685,0.27244654,1.4111711,2.4370174,1.2801696,0.24145293,0.4321809,0.30943218,0.76615876,1.7585241,1.1815635,1.048024,0.17788441,0.6073236,1.3693494,0.2544865,2.926062,1.3604325,1.7274132,2.3161755,1.5906453,0.6457195,1.2057467,0.36934868,0.2592835,0.5291395,0.269015,0.5331772,1.2775707,3.5091696,0.7941643,0.7959457,0.38119125,0.8012682,0.8090515,0.21081647,0.55332285,0.1629857,1.2077799,0.81692785,0.1323074,0.62347424,1.4171139,0.023367735,0.82403237,0.23559447,0.07943848,0.11477095,0.35884303,0.122513555,2.1025558,4.0832844,1.246092,0.14768082,0.17050236,0.18686867,0.66547,1.0927284,0.7186626,0.801135,0.35799944,1.8376583,0.6363597,0.4192982,0.73608226,0.3201221,0.35525373,1.5487343,1.6097529,0.6481991,0.97529125,0.050050102,0.06547632,0.3013134,1.5587593,0.91932714,2.385963,1.141427,0.028745528,0.25430667,0.774084,1.9879208,1.6049882,0.4102937,0.7470317,0.70298547,1.1566215,0.65145624,0.33083826,0.6196691,1.8860451,1.4903779,0.25173056,0.7649089,1.544009,1.0958867,1.5772723,0.80748343,0.27351007,1.1403631,0.29411203,1.0189718,1.2892652,0.16828775,1.2015193,0.56071395,4.809805,0.13044178,0.24781196,0.8602029,0.58741003,0.9523306,2.2961588,2.570504,3.480289,0.3543105,1.3678284,0.6543552,0.9070363,0.918182,3.856063,0.27631378,0.2457888,1.2532027,0.790045,0.47810268,1.247512,0.6276824,1.2967768,0.0073871342,0.5019436,0.18699086,1.640421,0.28643715,2.0895941,2.0092447,0.32376036,0.1417316,2.1463926,0.79963404,0.6330408,0.68709546,0.5198576,0.59728736,0.351009,0.82604575,0.2833108,0.01795841,0.4045249,0.7000122,0.3775842,1.0574301,2.1807775,0.5878175,1.7444717,0.2217005,0.14445937,0.38539293,0.17343202,1.5303049,0.7224859,1.027462,0.39700654,0.9526246,0.70438594,0.22504705,0.119188465,0.045399718,2.0626574,1.0070413,1.3785285,1.0937583,1.4329759,0.8424747,0.60893804,1.5699819,0.8080729,1.5716075,0.17278615,1.201664,0.12288695,0.5946559,0.9944072,0.09430209,0.7627109,0.12185569,2.0449364,0.7395793,1.3625463,0.22440735,0.31839928,2.0510626,0.1116182,0.7870191,1.0610753,0.27143756,0.14194526,0.55218923,0.86956465,0.59129226,1.5806894,0.87538874,0.84927815,1.1387762,1.2906144,1.3610748,1.2256986,0.21808147,0.29081646,1.3602248,0.0688087,0.39151564,2.043512,1.5388454,1.0181535,0.3634276,0.76439565,1.0690523,0.9140341,0.36749235,0.8283582,0.0067355824,0.32975656,1.3100791,0.45987248,2.0174093,1.3989083,0.3855409,0.6152332,0.023408245,0.35361847,0.6437626,0.7192562,0.6757378,0.5402115,0.6790443,0.20388211,2.786167,0.1520614,0.13637762,0.14291443,0.032477017,1.7400057,1.1258056,0.12683569,0.42421558,0.12138952,0.35814047,0.6923862,1.4692811,0.2686945,0.25913185,2.6435022,0.7021045,0.3551557,0.76768273,0.7200774,1.7800813,1.1558974,0.32705554,0.29106474,1.9851474,1.4524593,0.020021973,1.2081645,0.15512167,1.5437561,0.38300708,0.50798476,0.05825192,1.1899984,2.3800154,1.3843513,0.6924512,0.14757097,0.39377314,0.4027467,1.8122851,0.22272281,0.48526344,0.7727796,0.34317243,0.9891074,2.16412,0.67272425,1.8322353,0.0052094427,1.1709771,0.83292496,0.73652065,1.2020181,0.6088653,0.49829987,1.0829071,0.40138906,0.79129857,1.1950077,1.255167,0.034678992,0.086020514,1.6037116,0.08338224,0.81960404,3.112681,0.13675076,0.7926155,1.0852499,0.11084062,0.3490125,1.3864751,0.18433742,0.93092906,0.2034351,0.98755646,all_pothole_images\pothole_images_new_image_110.jpg
0.06136167,0.5146071,0.005636788,1.7929838,0.25090322,0.20124029,0.472764,0.926052,1.3947308,0.024120703,0.095515296,0.39098746,0.13675676,2.0666497,0.16604932,0.124379486,0.19498096,0.15380818,0.12357913,0.004287875,0.6879275,0.4368546,0.5623993,0.046947196,0.92175764,0.17702143,0.0020284662,0.33610955,0.445929,0.127803,0.0,0.0,0.34787774,0.16627572,0.018007834,0.30561674,0.46872503,1.2433125,0.2702883,0.56207085,0.0052968445,0.091124035,0.34685752,1.6882763,0.20870936,0.315025,0.10423483,0.5658962,0.09014051,0.65300447,0.758386,0.27687383,0.090439685,0.06497097,0.3028581,1.8167984,1.0528793,0.20087458,0.374291,0.24772301,0.03908643,0.22922938,0.055167854,0.22987024,0.33264408,0.27359965,1.416002,0.054140322,0.45033202,0.05439928,0.1550704,0.05194041,0.06302525,0.026769925,0.6602981,0.008773241,0.35382274,0.41165486,0.026580587,0.23831788,0.48229566,0.25253645,0.13641325,2.1924696,0.25000334,0.0,0.21843524,0.04525144,0.4185313,0.004201693,0.09510499,0.019582955,0.0,0.019268772,0.42128798,0.16934219,0.23191142,1.6687263,0.4532106,0.7953241,0.14008933,0.98232114,0.12372136,1.118509,0.35295287,0.3326512,0.23459564,0.5423976,0.07329737,0.59860724,0.08891568,0.21477987,0.023623902,0.07650454,0.3066043,0.16537343,0.49848318,0.0076739737,2.253163,1.822449,0.5152888,0.018388651,0.08917479,2.3744252,0.44951987,0.685903,0.0,0.34456837,0.63584363,0.067645475,0.44106546,0.399373,0.010874491,0.35573834,0.1371837,0.19842681,0.5336553,1.1395113,0.3076713,0.45852053,0.077480905,0.26560408,0.36224294,0.02869939,0.0,0.022458676,0.1374196,1.0434117,0.057413902,0.047153782,0.3889945,0.2994086,0.074953936,0.24246076,0.24156076,0.6328771,0.5888902,0.11826029,0.5234027,0.3085381,0.42527533,0.98587656,0.13377884,0.26286116,0.3782494,1.9864157e-05,0.23008274,0.14243108,0.34447896,1.3358243,0.07345795,0.1817653,0.006972959,0.22966214,0.35493308,0.17006274,0.6156901,0.15096919,0.0,0.18629704,0.025631102,2.6792512,1.1929493,1.0969557,0.19754943,0.9814255,0.22851218,0.15188408,0.03235479,0.6304549,0.10324892,0.055987436,0.23384759,0.6228206,0.2813222,0.0,1.4911851,0.13244186,0.29719013,0.2994813,0.12144737,0.61510515,0.07519118,0.7891872,0.64091694,0.29231367,0.8958893,0.25166345,0.66756237,0.09453335,0.03243944,0.12664701,0.32155874,0.74349135,2.4495375,0.46583903,0.038853828,0.0117926765,0.71736044,0.0,0.071351334,0.2471914,0.023084205,0.7533646,0.020335658,0.14466502,0.9538092,0.14711164,1.9239293,0.38865063,0.017762367,0.08095911,0.2083542,0.10057149,0.4349723,0.095979005,2.0601633,0.1559963,0.18448581,0.34447905,0.4249825,0.18445805,0.16688004,0.738164,0.32312018,0.384681,0.32451224,0.40170506,0.55588335,4.726313,2.4025538,0.07277454,0.10521858,0.5772616,0.04298323,0.2610503,1.0739244,0.08038893,0.3949995,1.4938182,0.026542492,0.16073912,0.60103655,0.24361683,0.26831147,0.21805815,0.49596432,0.047123495,1.6980785,0.43361694,0.068247184,5.445825e-05,0.14435615,0.05093773,0.31685403,1.081959,0.121948004,0.28761357,0.60229015,0.08482569,1.6128266,0.33165646,0.16954978,0.3869395,0.29057974,0.4529105,0.675445,0.28063062,0.091774054,0.030319309,0.18094656,0.050998688,0.33990142,0.4157423,0.17628288,0.22573008,0.0,0.14612131,0.0026507815,2.2980788,0.41085216,1.115128,0.045562893,0.42706242,4.683262,0.007615386,0.12606224,0.109288625,0.06056316,0.19019656,0.35420853,0.17694975,1.8427114,1.912992,0.82128674,1.5875281,0.095228136,1.6596749,2.3810818,0.050534375,0.79122454,0.12878059,0.33147556,0.10322155,0.062225904,0.15386166,1.141197,0.069411926,0.0,0.589463,1.2281344,0.38563785,0.096957974,0.04073408,0.01393081,0.423766,2.582434,1.2958208,0.25584364,0.8473442,0.08737778,0.060453422,0.95129216,0.7934972,1.5825312,0.05633019,0.0,0.19180399,0.20130542,0.9564489,0.4573563,0.6898425,0.31758994,0.2728796,0.31287292,0.5509276,0.21796456,0.84964097,0.047163017,0.46333477,0.41276136,0.23859793,0.6852085,0.0,8.7630724e-05,0.106731355,0.70268685,0.1655118,0.039213695,0.24075936,0.6763154,0.07503555,0.38882688,0.010692514,0.15254828,0.03910326,0.3585334,0.1925454,0.4913534,0.35504445,0.11011559,0.13836652,0.69999623,0.51747304,1.0536866,0.018995041,0.34046507,0.095951766,0.08278701,0.16101144,0.6372957,0.0,0.08987365,0.30969453,0.001813318,0.0641234,0.887895,0.03190199,0.10305163,0.07763001,0.21862294,0.081011355,0.5710251,0.14105955,0.60891575,0.019928318,0.8004497,0.17018528,0.85026485,0.16029067,1.1149309,0.57628465,0.08691098,0.18017052,0.39688212,0.56802046,0.032854866,0.5876949,0.24629433,0.07895139,0.7468259,0.3025009,0.34924206,2.9882896,0.5208298,0.4772547,0.31919318,0.0,0.2769794,0.2018134,0.74092364,0.06639265,0.036505453,0.00757363,0.1634689,1.5603803,1.2884938,0.022567837,0.36318251,0.7088593,0.0,0.0932037,0.031646147,0.12305727,0.09933159,0.0012394375,0.70906633,0.6781029,0.02273231,0.21748142,3.5014398,0.18375184,0.24380393,0.27320898,0.12874927,0.34362373,0.143024,0.005720288,0.08473007,2.4267979,0.7820911,0.10896266,0.147068,0.08250176,0.81249386,0.36543673,0.6361119,0.09023884,0.16072181,0.54682183,0.9304553,0.032175656,0.5355776,0.15964797,0.3580401,0.29032126,0.13456392,1.290557,0.029719755,0.9290061,0.5358982,0.70932037,0.66677123,0.0,0.04140323,0.11410643,0.7477608,0.0119228875,0.7653886,0.3819585,1.0225929,1.695151,0.012324279,0.0,0.14221057,0.00472613,0.0,0.12698385,0.073225945,0.04488793,0.4732149,4.920195,0.52251196,0.40561682,0.45467976,0.6651054,0.93101275,0.032279965,0.510997,0.2594391,0.18717693,0.19922863,all_pothole_images\pothole_images_new_image_1100.jpg
0.5796043,1.6839304,2.4175591,3.0160646,2.6914032,0.027178137,4.2402353,1.4605194,1.3248456,1.3551856,1.071518,2.1449938,0.88110507,1.1573257,0.2675855,1.7482418,0.6760333,0.6285284,1.654981,0.12555544,1.1414955,0.22118978,0.49250576,0.9225605,0.60000634,3.4870152,1.2681124,2.5834837,0.6267676,0.1613347,0.18123716,1.6671438,0.6195874,0.06333443,0.2005112,1.9846611,1.403954,1.7036068,0.4488995,0.39594868,0.9357268,3.4765282,1.1067665,2.3040152,0.23559783,1.6297095,0.8343775,0.35847244,0.621462,1.5324017,0.9770519,0.82701415,0.50402015,1.2662655,1.063939,0.28286386,3.19459,0.34050456,0.9510803,0.24779779,1.429212,0.09019306,0.97562814,1.2418032,1.7475024,3.071332,0.7861655,1.012585,1.093508,0.27336603,0.2163418,1.1389449,0.20053123,0.76050794,0.45605525,0.7046845,0.47901013,0.81749916,0.37644506,1.8131627,0.32489398,0.10039552,0.9295081,0.32091495,2.6397736,1.0231003,0.280111,0.06402546,0.33563346,0.5839912,0.26933375,3.0470529,0.003962526,1.1471624,0.71409655,1.7489176,0.81545955,1.6073054,0.1178555,0.80728054,0.06630583,0.94230616,1.2728759,0.76977956,1.1420567,0.10931451,0.91821396,1.2092422,1.3398073,1.0038971,0.45969498,1.2426788,0.7108767,0.166886,1.5136435,0.8687614,1.9322194,0.12715131,0.44058874,0.67149943,0.0407862,0.11495426,1.4488338,0.14412664,0.19774495,0.31776923,0.08226145,0.026728822,2.1133478,0.036926065,0.4979992,0.18285416,1.738132,0.91003275,0.810034,0.28190413,0.06104662,1.4132173,0.54787976,0.51492375,0.8023392,0.6102239,2.9270113,0.23043445,0.144778,0.6195908,0.80611354,1.0554606,0.78517836,1.3120321,2.8577707,0.33436647,0.026141342,0.44013098,2.1294937,0.7265506,0.54969823,0.19500452,1.7260128,0.796221,2.467872,0.072113425,1.2495606,0.10640311,1.9619412,0.37147745,0.06945114,0.05813772,0.49950996,1.6955152,1.6477735,1.4822509,0.022460654,1.3609245,0.23459934,1.309464,0.67308766,1.0232524,2.847742,0.2929249,0.17530596,0.8542176,1.0975527,0.6052234,1.3869506,1.0671098,2.8991964,0.7690016,1.6854677,1.2388968,0.9893911,0.38433316,1.0845153,3.2672982,0.60147536,0.7686925,1.8145072,2.349565,0.6496028,1.3636891,0.9641556,0.58151734,0.65348023,0.7981131,0.13883822,0.7902869,1.0319208,1.0368998,1.0378988,1.1603715,0.28075534,0.92128706,0.4296663,1.7971829,1.3331288,0.2772981,1.0545138,0.24956909,1.8057083,1.164527,3.0901098,0.18168296,1.3433921,0.569974,0.5642827,0.5564494,2.3500853,4.0529566,0.42874807,1.2867329,2.3717782,0.6810581,0.62719727,1.0605112,0.23348294,1.5099622,0.47775814,1.4248273,0.85630304,1.9135422,0.25704238,0.32185242,0.9660017,1.7362206,1.0567324,1.7207868,1.9571248,1.1722816,2.0257425,0.30462933,1.5518408,1.1347586,2.0764408,0.2756654,2.653552,0.4467803,1.7373747,1.3760848,1.7806262,1.787112,0.7965741,1.5876379,0.27482942,0.4236139,0.28594512,1.6035601,0.04712023,0.7638993,0.53355014,0.122212164,0.4347428,0.667862,0.34107006,0.5048335,0.59813106,1.2625926,1.193254,0.75603795,1.9052553,0.6099764,0.0798761,0.83249116,0.1557714,0.95710784,0.5597106,1.2134262,3.6484172,0.2445989,2.422972,0.17562632,2.1380267,1.602497,0.039177235,0.52379334,0.26274008,0.24896215,3.359462,0.38740075,0.3716703,0.39556637,0.03859767,2.3192325,0.28505236,0.8754988,0.04453027,0.26295602,0.5669145,0.6046929,0.52043545,0.2483224,2.7332642,1.4889467,1.1741624,0.93360245,1.7383902,1.804703,0.06838671,0.98023367,0.41216996,0.096445285,0.5417379,1.0607507,0.0,0.02692831,0.36911508,1.3711187,1.1557304,0.5277595,1.8706341,2.0666914,0.08850656,0.26423073,0.6703075,1.272334,0.36084417,1.7973737,2.0996084,0.58359283,0.42437732,0.74932873,0.53823435,0.7662361,0.44091773,0.62976426,1.7238113,0.6928338,0.9161006,0.12316875,0.21073173,0.2606231,0.731311,1.5787379,4.522099,0.64939964,0.48188126,1.0066861,1.1652389,0.26731655,0.2510145,1.8270217,0.82401556,0.90818876,1.8443593,2.4469655,0.95517796,0.69728774,0.59448117,0.2296994,0.069326,1.7492515,0.64985,0.8214793,0.766517,0.6495724,2.1345065,0.32429266,0.29454324,1.7799766,0.5033432,0.8849271,1.2169776,2.9309216,1.0176818,1.0165731,0.93362284,1.7621806,2.0430484,0.0,0.68836933,0.39630574,2.5361795,1.2998044,0.7233899,1.2810274,1.8567723,0.268363,3.947429,1.1753387,1.6407875,0.0115760565,1.6299851,3.0182827,0.1355373,0.70646435,0.59884465,0.4894482,2.2463083,3.1127465,0.8095452,0.623544,1.8145351,0.59937435,1.7376943,2.1210873,0.9385865,1.3554806,1.1139345,0.6805525,1.1433868,0.4946935,1.0965677,1.0555748,0.86125773,1.6390442,0.78934973,0.004813849,2.1850202,1.3600359,0.58485585,1.2772707,0.017550282,1.3845919,0.31812057,0.67396396,0.94614136,1.9994339,0.044036474,0.098918326,0.62836635,0.7037229,2.599549,0.47452623,0.2768768,0.51185566,1.7732067,0.13822158,1.1921009,0.8940118,2.949976,1.3262194,1.6752372,0.33193704,0.5785684,0.47744498,1.1669502,0.73572475,1.3129375,0.099123195,0.56991714,0.5241527,1.4376512,1.9624066,1.8756593,0.5666945,0.94105077,0.5260725,0.42289156,0.63108426,1.6468381,3.724086,0.3248513,0.6129708,1.455593,0.83288246,0.16724119,0.34849414,2.120611,2.3605268,0.9886076,0.43985036,3.0117218,2.1861463,1.4685384,2.2311397,0.19284745,0.9494711,1.9088101,2.3521001,3.3978221,0.052636534,1.0137401,1.0632293,1.6335853,1.7404872,1.382837,1.6617621,0.42449015,0.27848354,0.82779056,1.8070277,1.5242372,1.4098442,1.1121758,3.5179758,1.4502956,0.9394225,0.6658286,1.0914907,1.4476122,0.5148497,2.1821585,0.5059384,all_pothole_images\pothole_images_new_image_1101.jpg
1.2435755,0.6981629,0.8587786,0.31153443,0.22362137,1.5790051,1.1816782,0.62221754,1.3042811,0.37763408,0.767716,0.6553703,0.7696447,0.06925429,1.560849,2.3608942,0.10998323,0.06597587,0.82914233,0.12077719,0.36532074,2.0661192,0.22162586,0.43752903,0.24950711,0.4761094,0.07639772,1.9737533,1.1940624,0.9408562,0.7697897,0.48164904,1.2245547,1.20623,0.18431777,0.5255649,0.0,0.856182,1.3564351,2.659939,2.0467591,0.13529024,0.025366057,0.672666,0.84480035,0.053152766,0.0406821,0.28475812,1.084839,0.38738433,0.41863698,0.16942067,1.2022686,0.03262913,0.154251,1.0532663,0.72757906,0.057806246,0.60549515,1.4192517,0.0083402665,0.448217,0.6492681,0.91412073,0.19455881,2.156173,0.70074594,0.44344774,0.9445593,0.45522732,0.0,0.31436527,0.5380552,0.6875506,0.3721586,1.7601464,0.39840037,1.1014994,0.055705424,0.49686104,0.32860056,0.56613207,2.098858,1.2788854,0.17671256,1.4061992,0.35963303,0.3377156,3.3252892,1.3886312,0.48408282,0.09236778,0.005672878,0.53180283,0.6989996,0.20211698,1.6822729,0.6971761,0.1268362,0.61968905,0.07583298,1.755028,0.33144525,0.7156035,0.6806102,0.9577133,0.6279381,1.0652138,1.4091382,0.9952919,0.21417084,3.8922496,0.976476,0.37733793,0.0018566385,0.106364995,3.1965852,1.6248472,0.07944995,0.6611765,2.6710463,0.48026866,0.27266178,0.21598628,0.34997788,0.2978946,0.13515057,0.26590985,0.99712634,0.33149585,0.26100546,0.97019535,0.28057453,0.017817711,0.63273174,0.6260836,0.36975053,1.772647,0.7941091,0.94121855,0.20866904,1.2397608,0.5649598,0.3014005,0.442127,0.63237715,0.7332841,1.8135042,0.2779757,0.27495846,0.7030915,0.028178142,0.07540106,1.5400503,1.7026873,0.7914978,0.3594616,0.09608826,0.09101869,0.44690877,1.0331559,0.3330375,0.25932604,0.30513272,0.55196,0.57307553,0.37453884,1.4342676,0.7082146,0.043423433,0.0079915365,0.10858002,0.05969352,0.3736132,0.635918,0.029062016,1.765088,0.07330592,0.6208174,1.6485837,0.6861226,2.22142,2.7223785,2.0676608,2.2768264,1.6509745,0.9472195,1.96437,0.13920352,0.85262907,0.014016551,1.4450704,7.0512484e-05,4.0039377,0.7901946,0.004626644,0.20212713,2.174915,0.8986345,1.0514944,0.08356512,0.8302882,2.0497367,1.5576578,1.4794607,1.1217083,0.45701185,1.078769,0.887378,0.047074,0.0075832633,0.9726581,1.2533582,0.0,0.70629406,0.7025856,0.049834713,0.7849631,1.4208025,0.28479177,0.32620135,0.79903036,0.1553777,1.59537,0.23836972,0.37815872,6.6918583,0.3226878,0.60836643,0.37253332,0.2265021,0.99407476,0.09500918,1.0943625,0.9330323,1.3641199,1.6273168,0.003165261,0.2386614,0.037391234,0.09721636,0.9462795,1.0653391,1.0525327,0.67259026,0.5323398,1.4819727,0.97698,0.42135128,2.0150297,3.1825418,0.022961728,2.0077515,0.6410152,0.19405572,0.0,1.4599787,1.0009708,1.2506996,0.80402845,0.033329707,0.16581844,0.63926107,2.312477,1.3763496,3.008198,0.25969687,0.78610104,1.4900315,0.9070646,0.54321045,0.5978463,0.003169491,1.1043279,1.1712916,1.5916495,1.7247437,0.7057173,0.7743979,0.37401798,0.16583921,1.0146266,0.057565596,1.045366,0.19757488,0.8808857,0.38243958,0.048453633,0.5007762,0.3561544,0.72773993,0.27643377,0.7175685,1.4013311,0.14919114,0.46502954,0.032460004,0.88737106,1.249731,0.35630813,0.004070643,1.1995744,0.40911064,0.47932845,1.565475,0.6174385,0.06899545,1.2826666,1.0423027,0.91799086,0.3035866,1.3191327,2.6536942,1.7666516,0.18754399,1.4323598,0.24920283,0.42656064,0.56425273,0.893749,1.1800836,0.56321114,0.079577185,0.21376714,1.582803,0.037810992,0.21465798,0.016623257,0.5180131,0.9903053,5.2437153,0.9544589,0.15616938,0.0,0.24693306,0.6904097,0.11248001,0.33136773,0.09860866,0.11615277,0.35674936,1.1261252,2.075092,0.03144474,0.06279457,1.4580668,0.42089197,0.91376275,0.5703374,0.4633366,0.732546,1.7077606,0.6323583,1.625702,0.6542483,1.8412981,0.14435865,0.1098138,0.58955365,0.7110064,0.097848125,0.0,2.1656148,0.20826805,0.34736812,2.2229931,1.1711216,0.48825267,0.18123107,0.08283318,4.474817,1.1016926,1.6628125,0.04617291,2.196865,0.03275603,0.07540114,0.91904867,0.96337,0.9084771,0.33934706,0.22951034,0.64722836,2.3630915,3.3124974,0.8944039,0.22647503,0.018334296,0.11064712,0.98438823,1.1181515,2.54246,0.12447552,0.3455056,0.26593366,0.64647955,1.7467668,0.30888277,1.9685024,0.06755257,7.5962853,0.40793577,1.228145,0.17022097,0.0011225248,0.15852095,0.6792992,0.010856153,0.066422425,0.0678703,0.67972714,1.2300934,1.6143831,0.5649622,0.009318967,0.2848119,0.9418702,0.75908285,1.3163666,0.40035552,0.48537233,0.1147339,0.25882086,0.4814874,0.69098943,0.73958594,2.327191,1.4742858,1.5628169,1.3436457,0.44793817,0.6907931,0.4017597,0.41426456,0.4489603,7.6085706,2.1411502,0.12811089,0.9013251,1.3574358,0.4205061,1.3439306,0.71930647,0.09399425,1.2035067,0.3043857,0.8855457,1.2871748,0.0,1.3149785,0.3239731,1.13001,0.8255585,1.3968288,1.164609,2.0804415,0.728029,2.1012578,1.0004046,2.5060155,0.101920456,2.2764256,0.82918996,0.0,0.15590258,1.1368219,1.2539508,0.74746984,0.63954365,1.0409573,2.5916255,0.037377898,0.4326794,0.12002806,0.76555365,0.09210424,0.38898072,1.0822573,0.6106646,0.07474427,1.0933781,2.8936026,0.8366871,0.29736987,0.020007463,0.30976582,1.8038702,0.5286496,1.0845048,0.55269396,1.6713481,2.5284815,0.23404542,0.52790064,0.26113,0.078360654,0.39139837,0.3311516,0.43073162,1.2016768,0.051612698,2.7412589,1.6048272,1.0462946,1.137492,2.5875263,0.31243768,0.66952324,0.8013575,1.1167501,0.33742726,1.5515548,all_pothole_images\pothole_images_new_image_1102.jpg
2.6947203,2.092743,0.6478775,1.4542387,1.1647875,0.077085555,0.5270175,0.13138239,1.0728065,0.33816087,0.57043064,1.125313,0.5462589,0.55376863,0.008851579,0.2785345,0.40549242,0.7380388,0.42926857,0.9237048,0.6232971,1.4328728,1.407891,1.9846197,0.5824348,0.96254045,0.33983412,0.8797031,0.015168671,1.3027884,0.07473432,0.21522391,1.5308971,0.0070186136,0.045045637,1.4192408,1.0185279,0.93043524,2.626002,0.6202029,0.74007416,0.9517118,0.29826576,0.25515082,0.7859973,0.51357216,1.5354834,0.3134496,1.121126,0.08355125,1.0128157,0.8520864,0.06814909,0.007238674,0.26355046,0.80416983,2.0834348,0.14151633,0.8191663,0.573563,0.24724282,0.084147274,0.2819489,0.19028029,0.28675625,3.1051943,0.09923452,0.4940796,0.64673465,0.4678328,0.24848565,0.72464216,0.38833213,0.28714648,0.50994325,0.84189564,2.6926594,0.38764358,0.7653891,1.672731,0.23152822,0.02359676,1.127495,1.0550315,0.32574952,0.8774221,0.38961935,0.22524168,3.4976249,0.4745018,0.2817705,0.6495788,0.07760968,0.08523509,0.91425973,0.20482643,1.8650126,0.57200766,1.6055207,1.2438971,0.0,5.2710295,0.1005603,0.19101843,1.2359626,0.004658652,0.15726098,0.5486658,0.02516145,2.4628072,0.2145485,2.1017232,1.433183,0.06428427,0.13554882,0.7270564,3.1092534,0.39660722,0.84222394,0.061883856,0.2670878,0.37622124,0.3783679,0.6769001,0.67406166,0.43153673,0.39635584,1.6077659,0.8917471,0.15450884,1.7588656,2.6638525,0.09527058,0.04578829,0.25919327,1.5307461,0.0,0.80375177,0.44601497,0.62937546,1.1271268,0.13778244,1.4843292,1.8438835,0.07283173,0.17366129,0.24998999,1.7923306,0.1797692,0.11571827,0.9006884,0.3454234,0.44700754,0.021013314,0.6500987,0.89035887,0.019544002,1.2455221,0.34402838,0.7288602,0.69766897,1.0654719,0.28824323,1.0305741,5.0070806,0.25454608,0.30817825,0.35645318,2.161569,0.19432178,0.6454469,0.0384005,0.052733414,0.049703237,0.65402246,0.06846498,0.2835068,0.2523632,0.09008342,0.036182027,0.045096554,3.2954795,2.89921,2.2813532,4.279287,0.49523342,2.3384013,4.537166,0.069111325,1.4658426,1.9095073,0.10625944,0.23144387,4.4960256,1.0490737,0.0,1.480635,2.2713313,1.0525149,1.0190548,0.51364774,0.77301073,1.3306841,0.36733502,0.48769784,0.74520344,1.7836503,0.27987134,0.50846523,1.0454321,0.028827846,0.20527643,1.4075167,1.3123815,0.9333578,0.12956774,1.0171009,0.16338368,0.36853832,0.1641678,1.0636251,0.015356381,0.853245,1.0219662,0.20333232,0.27385193,1.6854525,1.8472503,0.32054248,0.0,0.0038522452,3.0214207,0.16890258,0.42644963,1.8872907,0.28926402,1.1707642,0.0,0.13570635,0.7163879,0.66874015,0.18884866,0.18978469,1.249407,0.4932414,0.05721601,0.8768512,0.3331014,1.7087796,2.7217162,2.979003,0.6324809,1.5985194,0.349193,0.46151856,0.078488246,0.69096124,0.008079631,0.098997705,1.7291578,0.42458653,0.8207172,1.6755576,0.0798513,0.3673719,1.9684281,0.35482228,0.7071777,2.5166771,0.25236106,0.9956366,0.02724624,0.3335954,0.7260712,1.0416708,1.0017712,0.9325575,1.3837318,0.2519431,0.5716856,0.04895455,1.1877583,0.018949224,0.77418035,1.5224426,1.7355337,2.187816,1.1138449,2.3033545,0.035562944,0.9992844,0.07793404,0.31474024,2.7374728,0.10696902,0.45765933,1.0594467,0.08954301,0.18884444,0.12309644,0.012359271,0.20018089,0.16208722,0.36700508,1.9074066,0.27355254,0.25620565,0.8490742,0.3268484,0.5550191,2.2928724,1.1433932,3.4860282,0.81871873,0.63644904,0.5130836,0.073219344,0.94286513,1.716863,0.42673174,0.6638128,0.6146872,0.0047985967,0.43199417,0.53742254,0.12345423,0.8257853,0.12816499,0.3572538,1.1349379,3.6963086,0.6841265,0.2833459,0.124284334,0.04390308,0.34905005,1.4508953,0.6033694,0.52242875,0.030275228,0.66293746,1.9726889,1.7527672,0.23847131,0.0022150048,0.525336,0.3317139,0.16134319,0.34947014,0.8611529,0.18334916,0.0843449,1.2628555,1.0189773,0.9591928,2.0439997,0.8370524,1.5252814,0.6868492,0.9427443,1.3081391,1.3541144,1.5658168,1.2363161,0.0023804018,0.4244255,0.8291392,0.21258546,1.3627111,0.6276887,3.5972915,0.06961971,0.4507825,0.03319273,1.3118111,0.48441437,0.1160932,0.35107562,0.46743798,0.7200292,1.0440879,0.5483151,1.497543,1.5636873,2.8764582,0.4183933,2.6407452,0.022394616,0.014883213,0.90258175,1.2522392,1.6054022,0.0017731177,0.7191055,0.03440428,0.23375976,1.4781393,0.34245014,0.9398435,0.124900736,2.764332,1.7751586,0.06468352,2.1026227,0.5184227,0.035840876,1.1096888,0.19862685,0.059992906,0.22054112,0.23009734,0.46643034,1.4437423,1.4149319,0.15552528,0.22419831,1.0267003,2.2977905,1.5620778,0.0,3.1025527,0.7309961,2.0780914,1.88359,0.8208121,0.16039385,1.0793105,0.23266089,1.6519542,0.25457522,0.2656494,0.7906195,0.6118301,1.1051329,0.019497449,4.4414353,0.66946244,0.6165063,0.42011377,1.1884117,1.7837298,0.17872195,0.25123623,0.004853774,0.51148254,0.051446695,0.31040424,0.4070497,0.12378776,0.40953788,0.32685533,0.87126666,0.6543831,1.7256796,2.3137186,3.7807744,0.2510624,0.2921973,0.31808776,2.5195322,0.46676207,1.4133145,1.8112692,0.16923885,1.1305492,0.8816527,0.022856744,0.39873618,1.2845709,0.74507636,0.80063933,0.22689998,0.7825286,1.4026486,0.55758506,2.0581157,0.14984089,0.6229081,1.229579,0.3789109,1.0272163,3.0930645,2.5753305,1.0696989,0.0416805,1.5860951,3.3232017,0.31627303,0.52963305,0.16327815,0.5003428,2.155753,0.39026284,0.009758045,0.6436873,0.103689894,0.45432976,0.64668095,0.24108645,0.70490247,0.6909365,4.4182854,0.54491395,0.55813783,0.5933325,1.0364813,0.19708826,2.017045,2.1884744,2.7250428,0.3085467,1.194233,all_pothole_images\pothole_images_new_image_1103.jpg
0.09980203,2.9147482,2.8701715,1.80538,1.1735008,0.01302151,0.30232605,0.7355949,0.2516493,3.7173543,0.3220759,0.32691205,0.027544161,0.7115543,0.29954466,3.8003926,0.32690609,0.0062453137,0.7120156,0.7817243,0.2620311,0.5105487,0.024678314,0.16099994,0.020571047,3.9760213,0.010770322,1.6847719,0.39344856,0.54301095,0.75780517,0.0037266584,0.7129188,0.06033211,1.0082822,0.17315795,1.0588773,0.6604832,1.0487742,0.15047272,0.45481506,0.32536075,0.60611826,0.5267808,0.8463417,0.44960597,0.16182846,1.8544532,0.16791146,0.14190559,0.35882562,1.2798332,0.0,1.8809655,0.45937994,1.4375958,0.9721615,0.19727004,0.9935379,0.012676441,0.76442486,0.9175136,0.28041905,0.78233206,0.36056572,0.92019045,2.1973429,0.17215662,2.1115303,0.4486795,0.018798478,1.1892629,0.027600614,0.86777264,0.4937846,4.130149,0.24448195,0.3553387,0.20637265,0.09915624,1.4878343,0.18625885,0.5289432,0.35582778,1.3066512,0.3745953,0.07698496,0.86655784,2.8195832,1.246378,0.81838006,0.70885265,0.47236133,2.2896094,2.2193809,0.07433034,0.29390824,3.9653454,0.2448837,1.5956888,1.274645,0.35362682,0.30208257,1.0378286,0.3703252,0.12947737,0.35356882,0.21086022,0.7657672,0.7113807,0.4305432,1.4442766,0.44049376,0.029274719,1.9073471,0.13571766,0.4581242,0.5483975,1.3986521,0.40915662,0.022629261,0.9261107,0.408327,0.27007803,0.9773483,0.53836054,0.08726887,0.35310456,0.20907485,0.07547049,0.63075256,0.16564617,0.15883021,0.772832,1.0954736,0.8207616,0.25966486,0.0,1.0930077,0.7280786,0.06446422,0.36943644,1.1547253,0.0042179506,0.0030494507,0.0,0.31463692,1.0036763,0.4930123,4.345235,2.5165317,0.010389949,0.5193451,0.8105875,0.15380035,0.4581871,0.33266425,0.94565696,1.3200303,0.17591403,1.6175652,0.30869865,0.8571288,0.27559584,0.109457634,0.029036207,0.0318466,0.3576313,0.5908775,0.42380565,0.6490019,1.346949,0.782882,0.8093648,3.432171,0.7216611,0.37104905,1.2947592,1.5437953,0.1871982,0.7978195,0.8381443,0.6341546,2.0793917,0.043091152,0.32178682,0.05406223,0.36529616,0.65097976,0.40493396,0.9358762,1.1211271,0.3252832,2.4532063,0.26824468,0.26071033,0.25146765,2.2381132,0.14807287,1.6230739,0.34092718,0.12739156,0.12266503,0.22041121,0.11001625,0.79998857,0.12950695,0.22299217,1.0503412,0.3697504,0.5118303,0.29583752,1.8172293,2.5282555,0.00030034213,0.6277716,0.67688674,0.49726593,0.47758567,0.19221689,1.1742381,0.6695096,0.07407913,2.0730448,0.95582545,0.23389734,1.6697613,0.5738122,0.0402872,0.46605182,0.16618958,0.01137221,0.19876808,1.3183372,0.08866121,1.5106767,0.7648484,0.18666181,0.25087538,0.6670082,0.35553142,1.1333139,0.988546,0.3478309,1.4120922,0.25681335,1.649522,0.11104066,0.6757923,0.50414556,0.83112425,0.6633804,1.4598113,1.0134587,1.6471514,0.689413,1.1149964,0.9753103,2.4316883,0.5134415,0.52159953,0.4214518,0.3130289,0.41286692,0.34543613,1.6233747,1.0634257,0.22900067,1.4398973,0.4018541,0.69560355,0.45959947,0.27909353,0.21044135,1.2262769,0.5060942,0.4351976,0.003760508,1.4127566,0.26539177,0.079134986,0.09262643,1.3887588,0.7785076,1.4849153,0.261158,0.046368152,0.69153297,0.11166255,0.68137586,0.21304159,5.354952,0.03666115,0.03408079,0.215584,0.16716102,1.0257621,0.01708337,0.7340748,0.54836226,0.02741894,0.8499034,1.5540116,0.6550116,0.6789835,0.3610244,0.12266037,0.7697419,3.4993532,1.074307,0.21769139,0.077044725,3.7319713,0.2661385,0.81964236,1.7733619,0.25278383,1.2309148,0.011987243,0.045809522,0.72371984,0.8761069,0.083540194,0.044442017,1.4368199,0.49418986,1.7767344,0.9882327,0.72572106,0.79364777,0.40219834,0.38158137,0.15964691,0.64749956,3.2916992,0.8344351,2.4652658,0.27842474,0.38632727,0.2562833,1.8180003,1.0208108,0.07884866,0.5541243,3.1492605,1.2963771,1.4307204,0.0,0.24200347,1.261589,1.1101043,1.745737,2.8129408,0.12953374,0.7349506,1.5451189,1.0610931,0.56829435,1.4345143,0.025025928,1.5600885,0.15497425,0.7563268,2.2107997,0.99154395,1.4365199,0.3488778,0.018479148,0.3237774,1.9229937,0.13334967,0.20222136,0.46656486,0.06091763,0.38193637,0.0,0.17738523,0.34456775,0.29492682,1.6702931,0.32430577,2.2717464,2.1322477,0.6333697,0.47735983,0.28853345,0.2617132,0.9700286,1.557731,1.3568406,2.4977694,1.1505686,1.4264185,2.2233052,0.83984536,0.80174416,1.0316535,1.9637753,0.7678299,0.7183554,0.34555233,0.49239933,0.1829911,0.16245645,0.073159054,0.011029885,1.0982633,0.9477527,1.4236319,0.8553516,1.3057563,0.42908743,1.0209805,0.4372849,0.0076592662,0.45404878,0.36286637,0.0016568454,0.8911505,0.73698527,0.7170495,0.5426085,0.055794958,0.9125354,0.3143613,0.4129658,1.9360212,0.35567692,0.68193144,0.33684626,0.52275205,0.07923955,0.3051387,0.18405412,0.3570732,1.8074394,0.4448898,0.119029045,1.6631533,0.21568273,0.80883306,0.03161888,0.5297633,1.1811507,0.10166697,0.71146446,2.017116,1.6083283,4.6428857,0.91828686,1.7875749,0.40138873,3.5252202,0.9767526,0.12677307,0.5862262,0.78796476,1.092487,0.029191352,0.07999638,0.28542408,0.2730642,0.098385125,0.5393085,0.1591092,2.1185532,0.74668586,0.03610268,0.031151239,0.36181974,1.2417479,0.25010443,0.060531083,0.6967344,0.68755656,0.26255116,0.3686676,0.015886618,0.6411995,1.3749392,2.688863,0.3318845,0.33138266,0.09582993,0.5197005,0.9330142,2.2130065,2.3660543,2.5216267,0.13550346,0.34507513,4.4307995,0.25639418,0.7246822,0.087249435,0.1545795,0.41499117,0.6113277,1.0613636,0.69577074,0.031155342,1.0809346,0.9036393,1.511927,0.08439303,0.50447625,0.15717633,1.4779261,0.038417537,0.78759164,0.5964237,1.156179,all_pothole_images\pothole_images_new_image_1104.jpg
0.15491305,2.1970499,0.6402181,0.366493,2.024005,2.234844,1.0044017,0.46882328,0.098744854,0.23472752,1.017599,0.28518626,1.5724802,2.6171277,0.54665583,1.3526607,0.7678253,0.28011617,0.22253312,1.6427453,0.7515539,2.347732,1.4559336,2.0665665,0.60060996,0.15735714,0.36496517,2.2173116,0.23399334,0.635693,0.8132156,0.3369909,0.97069204,0.2034624,0.24789996,0.441124,0.7265707,0.2314288,0.06550396,1.3468864,1.0696297,0.2541528,0.3619676,1.2287327,2.2251508,0.2540201,0.3864703,0.0,0.29707024,0.20903078,1.8761429,1.7083002,1.010526,1.0347553,0.8677473,0.059603233,2.3312573,0.19262667,1.7754666,0.06944132,0.1744126,0.8024765,2.1674728,0.36129206,0.48958766,0.8695297,1.1255864,0.9769405,2.2416706,0.36604908,0.3554246,0.89305294,0.54097515,0.37321627,0.48809898,1.4213897,0.9636699,0.8159063,0.4014411,0.37976944,0.8318993,0.12751101,0.16851835,0.4940987,1.0869488,0.5033226,0.7403367,1.1574647,3.3249521,0.16758762,1.1771445,0.02760181,0.55556136,1.751422,0.15875284,0.34508273,0.72870624,1.4359204,1.5644323,0.077313185,0.6309095,0.6041815,0.5384449,0.13490568,0.18212484,1.5279292,0.5606476,0.013888096,0.06705128,0.7425674,0.6315349,1.5939368,0.7847822,0.80162126,0.11135759,0.77014005,2.3292835,1.3750184,0.7391032,1.1032689,0.94620514,1.7588135,0.652617,0.98389477,0.24790312,0.6908815,0.12124396,0.5485486,0.13597026,0.3273509,0.6251973,0.8946667,0.40051708,0.836248,1.0009071,1.0011268,0.63374615,0.34411305,2.4589021,0.5174316,0.33096507,2.0104156,0.0698737,1.1757904,0.6281902,0.30930966,1.5627403,0.022205757,1.1068926,2.1114748,0.02315174,0.13127975,0.6948801,0.3271963,1.3022013,1.420603,0.4253146,1.0802573,0.17387518,0.061408304,0.38632053,0.50468224,0.07342697,5.531675,0.11263857,0.7802141,2.085514,0.6959994,0.8074842,0.15427728,1.4074218,0.9683946,1.1599207,0.15089044,0.5687556,0.17167838,0.9886795,0.9443639,0.8481314,0.96280086,0.25552604,0.22166951,1.7722962,0.20681746,1.4885308,0.21469888,1.9256063,0.6441407,0.15137024,0.6895506,3.1268506,1.2159922,0.39911804,2.3690472,0.7294765,0.11694279,0.13588467,0.42824453,0.39716673,0.37721613,0.012516683,0.24455123,2.0131478,0.3276615,1.0732733,0.5142402,0.7490209,0.70630175,0.79923326,0.36557797,0.56516176,1.0749086,1.4980901,1.1620004,0.21558428,0.10912563,0.15016593,0.16647322,0.98028487,0.68576616,0.4534027,1.2400852,1.2771407,0.07055878,0.1530049,0.50229996,1.6177664,0.03164629,0.6788188,0.02211474,0.43662113,0.6821837,0.7428136,0.051812753,0.17560583,0.2510649,0.8310402,0.26421162,0.16157499,0.014884357,0.36407062,0.22509703,0.044504847,1.9615873,0.011885075,0.4255444,0.13001554,0.48459882,0.12704368,0.46353513,1.1694442,0.0,0.87112635,0.2519648,1.0517812,0.9652067,0.20160024,1.2180827,0.5325606,0.07692526,1.1337948,3.2951183,1.6630104,0.3919566,0.6057885,0.19538848,0.08477935,0.9250724,0.5159837,0.17212638,0.19967966,0.7862041,0.32337707,0.21257353,0.05898679,1.1950531,0.7134202,0.67136663,1.3348756,0.44859204,0.17064027,0.8005848,0.015318669,0.5382709,2.6375446,0.39715272,1.1556578,1.147204,0.24653965,0.15479396,0.71024716,0.06366538,1.157802,0.6839503,0.082832396,0.7513751,1.1066651,1.2265639,1.297839,1.1024158,0.15361181,1.5744569,0.020523293,0.74936736,3.9327617,0.23247924,0.22524561,0.99238914,0.42984256,1.1583279,0.34459397,0.725391,4.813404,0.6826866,0.0894359,0.6122093,1.4306082,0.6284149,0.5781522,0.66494524,0.58326477,1.460808,0.20115225,1.1286451,1.006452,0.3677792,0.88417244,1.3297735,0.32221037,0.17960784,3.7464745,0.0,0.27789983,0.24411863,0.08850113,1.1030346,0.45182243,0.3793832,0.7944683,0.3997766,0.3444959,1.3496869,0.8252598,0.021422658,0.7030604,0.67783725,1.0337932,0.14364015,1.2718846,0.4297758,0.20923875,0.38042355,0.77288854,0.3102854,0.2263379,0.0039679813,0.4504048,0.75074536,0.0043325517,0.0,0.16349538,0.30181682,0.949176,0.21797222,0.35354137,0.083710454,0.7917857,1.1755311,0.12371906,0.50639725,1.4949998,1.3639283,1.7878032,0.43880558,1.1251704,1.4667498,0.35447317,0.24709438,0.124271974,0.78370416,0.05743027,0.3296859,1.1147119,0.6106168,1.7736807,0.21410544,3.0888722,0.7230508,2.7161396,1.3279796,0.86935997,1.6159567,0.3844128,0.19985287,0.56603503,0.11124879,0.23006427,0.99983275,1.4209079,0.20252825,3.649878,0.23166683,0.75569946,0.7735994,0.32171407,0.09830616,0.7666223,1.7767751,0.35718194,0.790001,0.55407685,0.8476742,0.19089413,2.0977347,0.20637582,0.17617293,0.13933468,1.5788038,0.13759375,0.4546601,0.049020533,2.2471611,0.6558666,1.1169603,0.56647754,0.89194375,0.15777834,2.4477625,0.44525343,1.0256332,0.93128335,0.75778645,0.005376248,0.23687837,1.0285968,2.2853858,0.6981504,0.65730363,0.036840588,3.0840192,1.4595103,0.6697889,0.6681905,0.29188403,0.031790644,2.5097463,3.663629,0.36254328,0.23730183,1.5078828,1.3407019,0.79486006,1.5330547,0.40994954,0.08097033,0.18425241,0.84454954,0.51196617,1.823438,0.41572073,0.62539834,1.1573639,1.3154937,1.5121281,0.09622599,0.97983813,1.0532368,0.6853519,0.96408755,0.68775254,2.0230117,0.9754293,1.8697973,0.3453749,1.0570177,0.95101553,0.42328084,0.57385206,0.6730276,0.43237028,0.94763196,2.3795464,0.59775895,0.9737966,0.18325752,0.14604664,1.0098909,0.3498648,0.39823657,0.19096018,0.26043612,0.5199259,0.34271777,0.46813646,1.3782761,1.2075006,0.21533336,0.1451176,0.15206015,0.037893668,1.9318645,1.2787483,0.70349884,1.3336138,0.30213422,0.19260472,0.067012824,2.286221,0.37294754,0.63745576,0.5526121,0.22846813,all_pothole_images\pothole_images_new_image_1105.jpg
1.2592231,2.19729,0.41890296,1.6419129,0.6610308,0.3729696,0.14086466,0.07881211,0.06661952,0.09829329,0.96333855,1.0930289,0.021134498,1.9603772,0.39625767,0.26393408,0.483123,0.17583792,0.18365277,1.4846878,1.103433,1.0307709,0.62017214,0.41894847,0.5004641,0.17865328,0.35345003,0.49315417,0.17761214,0.45791957,0.6692727,0.051322974,0.801544,0.4384246,0.5635526,0.07466833,0.7508116,1.842866,0.38005042,0.15753989,0.4747654,1.1783668,0.89972645,1.1256917,0.5278675,1.6084225,0.109087415,0.29604375,0.49802703,0.4492002,0.28713492,0.7431814,0.7006773,0.13603397,0.37770882,0.61634296,1.0746207,0.097525634,0.0,0.033652257,0.20046905,0.30456528,2.662792,0.965489,0.40841666,0.15513141,0.2894221,0.056664757,0.0,0.15136854,0.685355,0.07001524,0.121641256,0.5887876,1.0379204,0.7265659,0.029937776,1.2147257,0.10795518,0.119185805,1.3788433,1.3896761,0.64521456,1.6872886,0.14305912,1.1093765,0.18370554,0.15271397,1.5142069,0.0,0.57106423,0.3785108,0.5130279,2.1130524,0.018974068,0.22488233,0.3373827,0.5648256,0.3672338,1.1675148,0.09260686,0.6979608,0.44075474,0.5378884,0.23623456,0.4047456,0.18369657,0.48227552,0.21021037,0.47043452,0.0025679672,1.0607623,1.0667466,0.16601817,0.38551933,1.5748807,1.2472646,0.4893743,0.94004583,1.1387497,0.5072733,0.3535612,2.3364065,1.3391623,0.1606039,0.30008596,0.75124156,0.084657654,1.3125747,0.73314756,1.6191449,0.3869385,0.077932976,0.49166188,2.358645,1.0075713,1.0388552,0.162449,2.6560912,0.01921216,1.4580629,0.30576378,0.32013273,2.0817688,1.7293941,0.2667637,0.484346,0.5855711,0.026038067,0.6922751,0.38945013,1.205113,0.2564128,0.4098306,0.8280726,0.19539401,0.26708987,0.7757003,0.37672272,0.4751516,0.7298527,0.79479074,0.4948056,0.4096385,0.9033527,0.6643858,0.82730335,2.1159813,0.7757123,1.0284326,0.48300824,0.86078596,0.4141344,0.9990263,0.75320745,0.4311164,2.8039515,0.39936683,0.014203546,0.4510824,0.47256038,1.3373654,1.8495443,0.2566837,1.0319546,0.056685302,0.580497,0.04437964,0.6183913,0.39348477,0.64615744,0.173083,0.50159615,0.4285263,1.1444645,0.96998703,0.22416085,1.1808152,0.08446215,0.88354146,1.1466726,0.6225253,0.20779632,1.0602992,1.0956775,1.1222941,0.2732708,1.411111,1.0352973,0.0,0.653478,0.9335674,1.236885,1.3063967,0.18990888,0.46080562,0.2640815,0.21622747,1.0514607,0.0,0.74384385,0.0017898354,0.80446446,0.15653095,0.4569682,0.28421766,1.200759,0.3011847,1.3747102,1.0484987,1.0018398,1.0974269,0.3726526,0.8033323,0.23521438,0.9484629,1.7985796,2.3690844,0.6663039,0.4323015,0.26647517,0.53421915,1.2031299,0.72890764,0.90664405,0.032421608,0.42082956,0.22894691,0.6426636,3.435499,1.1531324,0.15740478,0.008041749,1.8612795,0.17450531,0.10316898,0.6199278,0.40803173,0.20482427,1.6226498,1.5126767,2.9664063,1.0325533,0.26735997,0.052778468,0.6772556,0.12622769,0.4799337,1.1503842,2.8751311,0.33616397,0.3897768,0.4319884,0.1081223,0.1052621,0.6070375,0.13877013,0.99991,1.317673,0.11160744,1.0906227,0.26531097,0.6436583,0.031813007,0.63734156,0.31668797,0.18228912,1.2095629,1.1969728,0.019381272,0.014051415,0.6774671,0.101085484,0.46486452,1.112123,0.5941354,1.5438966,0.8819833,0.047273874,0.5144362,0.3797907,0.16315219,0.0021692708,0.36808783,4.9939194,0.38315332,0.56630564,0.06189708,0.48075235,0.1472306,0.29873192,0.53291166,3.5305176,1.084336,0.011504373,0.6178807,0.09372263,1.4323391,1.4735433,1.0864172,0.5393097,0.25265822,0.32280827,0.38151294,0.22550946,0.5557923,1.2374605,2.2428236,0.8950935,1.3809776,4.056704,0.5706195,0.20857312,0.5158874,0.5350057,2.4098766,1.5704496,0.661287,0.4223842,0.07405721,0.85680056,0.73918533,0.6575392,0.22028172,0.5984539,0.020385202,0.048024345,0.14935862,1.953797,1.4037507,0.33470246,0.9895117,0.4152391,0.05668321,0.8540983,0.062142663,1.3102921,0.15388587,0.09562478,0.49130744,0.15128231,0.068995,0.2396624,0.39081946,0.6580951,0.022702377,0.6552547,0.85994315,0.2526081,0.97818273,0.7939543,0.3517454,0.9156891,0.7483483,0.35813883,0.050729014,1.1367562,0.753176,0.5768423,0.99450135,0.37830964,0.046217386,0.11018902,0.23731375,2.9854512,0.38548812,1.7748106,0.8295832,0.18696043,1.4622579,0.43153006,0.54945713,0.5810201,0.26890728,0.11898286,0.57234246,0.11261356,1.4216757,0.45428237,0.09363744,1.3449999,0.6168991,0.50650454,1.2267284,0.28309235,0.5105931,1.923197,0.6731655,1.3486583,0.97732824,0.035148658,0.3636799,0.35552254,1.805355,0.39654696,0.2833264,0.039792575,0.39272246,0.05157435,1.1013925,0.32211384,0.5658477,1.2624679,1.4399782,0.21280107,1.6665838,0.9305272,3.5221357,0.8967146,0.23731564,0.48398542,1.1374806,0.00857578,0.5762459,0.8164658,1.1080432,0.66658854,0.8714999,0.13597257,0.17224629,1.1004177,0.24614283,0.23445803,0.25345555,0.16245225,0.36598173,2.1751044,0.7222405,0.12553245,0.5970718,1.8518016,0.035474412,0.21692607,0.273666,0.20588374,0.054096904,0.8796303,0.54230565,0.5493786,0.095291495,0.6299562,1.4171612,0.3194126,0.939409,1.89524,0.13972028,0.0032011569,0.08248102,0.1739952,1.103139,0.15042426,0.073180035,1.8246055,0.15933272,0.412537,0.15468696,0.57458854,0.3578069,1.6867148,0.61102057,0.345641,1.4489204,0.5823726,0.27737045,0.105152905,0.17940147,0.18983905,0.38198808,0.45773852,0.70257115,0.069560334,1.2297683,0.29738793,0.5874214,0.6904342,0.07564084,1.2177192,0.33781394,0.19187902,0.15491125,2.6064322,2.548815,0.0825978,0.5817061,0.15186141,0.20142603,0.71845144,0.1968873,0.14242207,0.19808374,0.35272202,0.745397,all_pothole_images\pothole_images_new_image_1106.jpg
0.010259574,0.88820577,0.11123048,2.3402297,0.27191848,0.048572592,0.72629803,0.054375824,0.033209197,0.3710358,0.8776969,0.29808012,0.08461766,1.4678661,0.012617401,0.22980039,0.2458215,2.3145256,0.46198502,0.21299283,0.1082582,0.29669785,0.3575634,0.68011504,0.24578781,0.38146427,0.07982842,0.47220612,0.041377537,0.0,0.07759369,0.032710847,0.00399963,0.26072508,0.2793418,0.60835254,0.8414239,0.4806838,1.0580274,0.12860373,0.0,0.73243237,0.10323853,0.4975448,0.72893965,0.023393521,0.25138667,0.03066149,0.17634362,0.007684889,0.015733216,0.12482325,0.06320756,0.004561313,0.2840898,1.0563642,1.7759691,0.49715906,0.33914977,0.083881706,0.17392257,0.56062734,0.5396438,0.25508985,0.24181066,2.2834294,0.81483227,0.14736025,1.5147768,0.12637666,0.023466043,0.39768443,0.08997747,0.0,0.08833078,0.0034505655,0.12343844,0.050036293,0.0,0.004986843,0.02076855,0.6164706,0.9370908,0.4362283,0.570596,0.0,0.16052918,0.022782836,0.8277329,0.4175841,0.008430608,1.176562,0.26546782,0.25200564,0.13227968,0.0,1.3395734,1.1938121,0.32244053,0.55406475,0.24845502,2.4403036,0.68825686,0.3453785,1.6208284,1.1490532,0.17418526,0.0,0.15075238,1.0658447,0.02596014,0.20325111,0.4204453,1.2376004,0.6579131,0.23375468,0.0017612876,0.26933888,1.7388134,0.15520276,0.14232251,0.118041776,0.051709898,0.24798591,1.0852482,0.5049506,0.024727251,0.090371445,0.95856994,0.11680257,0.5516553,0.09719938,0.20372616,0.23359883,0.19653556,0.03794044,0.0,0.11418539,0.14715715,0.0,0.30287734,0.20610252,0.123299606,0.21372296,0.03538578,0.7829482,0.051113993,1.3649633,0.11347135,0.19318989,0.01618084,0.9063467,0.12297475,0.23368695,1.1206121,0.059880402,0.13184127,0.26855564,0.48777217,0.14923574,1.2730373,2.2503269,0.15221478,0.4421976,1.3966038,0.0,1.2442914,0.094843626,0.80621123,1.7760897,0.5680692,0.04840082,0.0019545627,0.28899464,0.12246223,0.14553165,0.13185622,0.0,0.048627835,0.0082854675,0.0025532448,1.7268654,0.42379582,0.20195085,0.37325186,0.47738147,0.42163855,0.20158546,0.13274723,0.21511148,0.31360295,0.08909385,0.6232557,0.23219512,0.20038758,0.013763931,0.53821385,0.4856644,0.5497752,0.17215973,0.04118422,0.37189996,0.23046291,0.054469053,0.5721613,0.040369,0.19785684,0.09224543,0.40319517,0.9212027,0.052447036,0.101065286,0.83642364,0.36056963,0.713466,0.501925,0.5792547,0.064301886,0.18550974,0.169803,1.6231613,0.6881462,0.199613,0.05590673,0.0,0.008276405,0.9422166,0.014217126,1.0237983,0.043794125,0.07462187,0.379112,0.9210803,0.034515426,0.057146523,0.04762946,1.4703526,0.38497075,0.36793292,0.044782218,0.33357927,0.08012934,0.24618629,0.2704699,0.032910705,0.015312391,0.6186748,0.48766512,0.25659716,5.298123,1.8289212,0.0021706887,0.15758018,0.016173081,0.022772955,1.1834533,0.030890308,0.5244536,0.45404968,2.0104043,0.16544233,0.0859919,0.26883736,0.5450474,0.09093933,0.06762835,2.0506015,0.122562446,3.534465,0.006836979,0.52532154,0.00024511025,0.54118776,0.30402175,0.2845592,0.8100673,0.012823584,0.30904758,0.4974882,0.21091673,0.5703238,0.039265037,0.51450574,0.0,0.0,0.0021382917,0.106243335,0.0,0.21620686,0.4648176,0.30758482,0.18923683,0.0,1.0404502,0.1948918,0.38471326,0.15690008,1.4543197,0.05178031,2.3135,0.83308893,0.0023248324,0.005230217,0.062821865,4.3804045,0.004368309,0.064453654,0.1511849,0.18128318,0.10547223,0.7588722,0.7666364,0.42699066,0.07391577,0.5779243,0.46919233,0.04802896,1.4003357,3.6675751,0.20871651,0.4839789,0.062469404,0.1384374,0.012676217,0.51390314,0.034685645,0.02568733,0.0059833233,0.40831032,0.056426242,0.331358,0.010775392,0.51446927,0.12203741,0.023252467,0.017359788,3.5198681,0.49618763,0.19810647,0.2222887,0.067585066,0.0024531344,1.3785468,1.1450843,0.83322996,0.40735385,0.0627379,0.0,0.00045553944,0.6770059,0.2751816,0.16719234,0.0,0.096226156,0.18266487,0.05409203,0.11272892,2.3842773,0.48959115,0.29158005,0.4054127,1.3453099,0.26631215,0.0,0.0,0.0086665675,1.3943655,0.0,0.17847182,0.30128852,1.2138616,0.18201493,0.23841137,0.05681781,0.27108794,0.18203236,0.033308826,0.08943462,0.19849843,0.07304385,0.4713527,0.0,0.51288307,0.4312026,0.58051574,0.027337007,0.28803003,0.0030603602,0.0018693503,0.24132484,0.008415293,0.1974919,0.0,0.46325675,0.0,0.0044684573,0.47458765,0.10198597,0.6194861,0.08708585,0.39320886,1.7148178,0.42932954,0.44750038,1.112426,0.28941146,0.2108962,0.5683643,0.22995037,0.09693645,0.039802533,0.5764071,0.12591481,0.101920865,0.0010379801,0.47884095,0.2605466,0.23488249,0.68115705,0.08031278,0.334806,0.41584575,0.2586465,2.152755,0.7979915,0.015671283,0.44658357,0.014990739,0.05431473,0.21347694,0.47877166,0.31864092,0.41450766,0.051434517,0.31920636,0.5980804,0.08515086,0.0,0.18380305,0.0011985054,0.44319203,0.18898794,0.03725845,0.006881274,0.21813388,0.07330611,0.23521267,0.2605216,0.95536906,0.5558142,3.063675,0.03329667,0.84848595,0.21542156,0.16461395,1.3437817,0.059886,0.04553709,0.0022512947,0.18396398,0.8594373,0.041160394,0.76168793,0.0053451755,0.6766429,0.0,0.14504795,0.0,0.53299904,0.4363018,0.64060307,1.1382296,0.008192884,0.11276385,0.64278257,0.22330076,0.15348542,0.9445966,0.23004165,0.27769396,0.7526053,0.14340012,0.7770575,0.03144693,0.13231573,0.14250319,1.3519609,0.037474364,0.78329337,0.008249674,2.07612,1.8734983,0.03485491,0.09246543,0.0,0.09671768,0.3262185,0.016360475,0.29563347,0.01247324,0.55529493,1.7346369,0.12491411,0.03651021,0.097105645,1.0259985,0.53292364,0.9150495,0.24034335,0.5541403,0.23250295,0.1711899,all_pothole_images\pothole_images_new_image_1107.jpg
0.12570623,3.4079146,2.2121415,0.65060836,0.23913525,0.48455378,0.37299117,1.1231363,0.8798748,0.5146855,0.27727735,0.65967,0.9303644,0.3871885,0.78231794,1.6151851,0.7535919,0.36964542,0.68715394,0.2786493,0.106191516,0.15856865,1.3737738,2.551261,0.93916285,0.41792277,1.216352,1.1184888,0.08435167,0.21664768,0.09108683,0.54071003,0.04931749,1.0250071,0.25521824,0.35346583,1.8866838,1.2105653,0.6343208,1.0366994,0.968586,0.45713246,0.9640956,0.86541873,2.04098,1.2563417,0.2008077,0.1451737,1.4499524,0.18980958,0.080536455,0.42832407,0.88233703,1.0703363,0.9105299,0.62461424,1.9639392,1.512377,0.4969796,0.7386004,0.5009572,0.75366783,0.56354326,0.3817214,0.6746039,0.50530887,1.5185603,0.6791641,0.670071,2.040905,2.4991064,1.5359026,1.7144349,0.31975657,1.016273,0.7138016,1.1778715,0.7677475,0.73762804,1.1239321,1.3557955,0.8803368,0.9519448,1.8445319,1.2531325,0.86108845,0.21650833,0.20439136,4.6449594,3.19406,0.047193073,2.4987102,1.8992474,0.47783244,1.5313144,0.9786785,0.40324277,3.585706,0.7338065,0.51269615,0.114518374,1.822648,0.9863346,0.1337368,0.9498615,0.45762095,4.5926914,0.24694987,0.96134263,1.5643324,2.1054013,0.83882123,1.5400113,1.2646463,0.043169156,2.6362011,0.27742192,0.5833965,1.1442674,0.66101134,0.12050791,0.0010326477,0.9741913,0.43429965,2.0423644,3.1056972,0.86398757,1.3416488,0.09061525,0.3239456,1.4115647,0.54971194,1.1073253,1.7127534,1.1513373,1.1703787,0.2644906,0.0505103,1.0992404,0.0,0.01848039,0.04716216,0.8707722,0.45741934,1.2612619,0.38322118,0.16156203,0.3592124,1.0345297,1.0872774,0.15278701,1.161051,1.6757426,0.86136067,0.7056648,0.18021402,0.5179027,0.34094384,0.13440855,0.18463023,1.6464214,4.4768286,1.0488713,0.56358033,0.8959695,0.2805136,1.897213,0.106346965,0.18885538,1.2414827,0.5463364,0.77089286,2.229803,0.18850945,0.93960875,0.4647518,0.22063601,0.82184756,0.45283794,1.2014273,0.68768597,0.030122157,2.5277169,0.6351217,2.9692178,0.58449936,1.0597634,0.7411715,0.80079335,1.2531153,0.38094354,0.114655286,1.15858,0.9971456,0.37432683,0.21877074,1.0652441,0.45056248,1.2591856,0.6285775,0.23672117,0.7096594,0.28829142,0.90020424,1.1293441,1.3680356,0.0004082901,1.1924652,0.439814,0.8250708,0.15674527,0.45153427,0.6360536,1.0822272,0.6947597,0.560168,0.86568457,0.12132915,0.12189271,1.9890484,1.4123993,0.0,0.0018835958,0.22665711,0.017603677,0.3139476,0.9799146,0.34456003,0.35463357,1.0204799,0.7954008,0.15986219,1.1440989,0.24038489,0.048563432,2.2465944,1.3519104,0.27361527,0.14154598,1.6935328,2.9195087,0.83677393,0.56635344,0.77360284,0.91058755,0.25943726,0.6595215,0.060096152,0.044349212,2.2108552,0.4282897,0.65351105,0.23822457,1.3210567,0.32562897,0.4678611,0.9997616,0.049105436,2.9095788,0.53283143,0.06994286,1.4251908,0.89666075,0.029279545,0.081477925,0.701618,0.52355534,0.5475326,0.55697936,0.76111835,0.64956933,0.15768443,1.7294984,1.0072378,0.6563471,4.9694076,0.49181622,0.39695543,0.98789024,0.78930265,0.7888406,0.500132,0.35731912,1.0148089,0.5061916,0.9009067,0.5466906,0.8215701,1.037412,1.9597557,0.95342815,0.95066595,0.43230322,2.0127413,1.0289612,1.7304794,0.5231613,0.31307423,0.79933727,0.81072086,0.21207225,0.4690351,0.20615982,0.29884228,2.846203,0.8409605,0.66287625,0.0011293865,1.1794012,1.7842011,0.33281648,0.30866444,4.6653705,0.78679466,0.67593753,0.59443253,0.22568458,0.6858589,1.514074,0.51296103,0.7295163,0.30247235,0.04581218,0.098943554,0.2701356,0.9487613,1.1596392,0.37443992,0.045485057,0.63425225,3.5731275,0.24457538,0.9363894,0.08288575,0.813213,0.03709484,1.8957967,0.055061642,0.53680515,1.4798992,1.1112396,0.73052305,0.47490236,1.83343,0.999587,0.7239798,0.048097424,0.1413906,0.061865766,0.5154844,0.0036892158,1.5616187,0.59242916,0.34305167,0.24137504,1.2734925,0.22948736,0.039883267,0.24501866,0.38995925,0.009522892,0.06449101,0.30746305,0.7096289,0.0993802,1.7532905,0.34409606,3.2419724,0.6365801,0.3227756,0.956491,0.10895895,0.7244541,0.9770335,1.1945345,1.0758575,0.12729673,1.0199642,0.61369413,1.3767326,0.15162703,1.0688004,0.620533,0.93867403,0.78961563,1.2843691,1.684761,0.4517411,0.16621247,1.7748083,0.9844264,0.26670742,1.0868243,0.21136478,0.1547857,0.46385756,0.44203085,0.16757536,0.15877862,0.906558,0.64608157,1.6377099,0.102378815,0.33500165,0.08954709,0.05802827,1.6469628,0.60046995,1.1506972,2.034354,0.7102794,0.2011584,0.1607329,0.97221106,0.0,0.5464021,1.5136274,0.100718476,0.8884385,0.70686674,0.10489885,1.2776728,0.47931677,0.5520686,1.3096412,0.16829687,0.93010837,0.6718279,0.21467756,0.5830624,4.4401655,0.20489745,0.5770492,0.07692623,1.8209879,0.67941195,0.775139,0.12295604,0.6739287,0.12663946,0.6610004,1.1023593,1.0805174,0.35937345,0.0531275,0.4462676,1.8662218,0.20775265,3.0404146,0.9698181,0.18500029,1.0753175,0.68760806,0.007423985,1.971276,0.5237205,0.39672223,0.7872246,0.7046397,0.6249406,0.3192903,0.09494635,1.5009501,0.18883918,0.15709987,2.1504898,0.8052277,0.25071406,2.2401953,0.6374503,0.52862823,0.33089027,0.54394907,0.14676853,2.0365865,0.49298617,0.10312182,0.15696776,0.5644397,1.1319013,1.5033759,2.5973413,1.6276407,0.5787367,0.33018035,0.5424309,0.54542804,3.1227572,0.12765115,0.9348244,0.0036096901,3.6691976,0.26797166,1.4865465,0.0,1.3482012,0.21210359,0.40850383,0.93824285,0.5793948,0.08619868,0.47066218,0.3873431,0.41236627,1.0699016,0.33581948,0.5134043,2.7132332,0.95948756,1.4618907,1.9967997,0.7320211,all_pothole_images\pothole_images_new_image_1108.jpg
0.02299123,0.012159812,0.0,2.0293455,0.019233612,0.0805364,0.16527812,0.0,0.568087,0.01758579,0.1488969,0.010028235,0.0,1.0170274,0.052270323,0.16387177,0.42998016,1.2184321,2.1587799,0.09462154,0.031013222,0.58092254,0.36387506,0.07968343,0.18731861,0.0,0.004892896,2.1827137,0.12830506,0.0,0.31790885,0.018550832,0.15811694,0.1349425,0.0040742573,1.2137979,0.0,0.027320808,0.06705326,0.0,0.0,0.0,0.0,0.68558437,0.042525135,0.0,0.0005795946,0.00075661985,0.13791916,1.0089262,1.2535748,0.09695145,0.34355104,0.14090261,1.4267725,0.30196336,0.06391305,0.6259306,0.2697743,0.3196613,0.4195192,0.006363313,0.024052734,0.085236184,0.034714058,0.32423362,0.2943964,0.0051751714,0.0137752425,0.0,0.057761796,0.3313642,0.13542718,0.00092270604,1.0178597,0.0080458205,0.0,0.29389194,0.0,0.662686,0.0,0.020244041,0.0012214057,0.49974152,0.033669494,0.0,0.15284196,0.0,0.068157494,0.18369976,0.7130123,0.027625706,0.007492141,0.03252868,1.8369869,0.000619976,0.28051597,1.0023981,0.0,0.00082281476,0.0,0.8204822,0.02221981,0.0,1.3411024,0.015552883,0.30559248,0.0,0.0,0.22278573,0.05312999,0.093061425,0.0,0.6811942,0.06364751,0.006607269,0.13319924,0.54907453,2.6001217,0.3179077,1.3602706,0.044429332,0.0,0.13799629,0.15743504,0.5096415,0.0,0.109089434,0.07118068,0.0,0.12300104,0.14082558,0.0016640241,0.277069,0.0,0.058301043,0.016333975,0.09559048,0.031323895,0.032416828,2.2688424e-05,0.10318112,0.1030396,0.1407102,3.380806e-05,0.31025344,0.029718379,0.36281192,0.078614995,0.352618,0.0,0.0038876112,0.00095633796,0.022718525,0.39405176,0.27554902,0.3967826,0.046529587,0.023193447,0.32256126,1.0114427,1.7243735,0.0,0.73451513,0.07516232,0.0,0.019631878,0.03687111,0.4812292,3.1680412,0.0043391986,0.0,0.009037879,0.005733271,0.0,0.19494598,0.002791408,0.0,0.031924963,0.00014736873,0.0,2.289539,0.9116948,0.3471314,0.35860956,0.8723054,0.19163866,0.02206248,0.19809379,0.044608545,0.004076292,0.007697507,0.39044717,1.4898427,0.31434909,0.004256776,1.207544,0.026832752,0.11992612,0.021496356,0.0,0.3447567,0.62852913,0.29351693,0.031658884,0.035484537,0.007989674,0.012199991,1.0624361,0.51146126,0.0,0.0035804089,0.026932843,0.0024872615,0.42907098,0.36653915,0.06863676,0.016926048,0.1236821,1.1406752,0.002258388,0.17739671,0.14877859,0.732943,0.0,0.0,0.5513031,0.007884496,1.2428695,0.011983586,0.002687308,0.0047932067,0.067248926,0.03353452,0.10262885,0.09816788,0.19105165,0.02120035,0.0013114847,0.17292655,0.031835705,0.09751547,0.06924109,0.14957641,0.03641074,0.0,0.0,0.013217803,0.0,2.1104925,4.6804957,0.014199743,0.0,0.057528447,0.046076257,0.16190276,0.023317944,0.13924626,0.086263366,0.26828566,0.0,0.0018484917,0.4225534,0.6733524,0.0,0.09497557,1.3160362,0.0032624681,0.037622094,0.13340595,0.16024949,0.022685744,0.15899114,0.10246348,0.019600669,0.77125967,0.15163876,0.28084072,0.23899224,0.0,0.0,0.12546009,0.3248922,0.6318357,0.021044707,0.0,0.12340722,0.01624471,0.015930895,0.0033334647,0.13676843,0.76480025,0.0,0.028351696,0.3298662,0.23745373,0.021360232,0.13314046,0.5864169,1.9218494,0.47156453,0.46491218,0.118739285,0.116889134,0.6315902,0.0,0.6548507,0.93922514,0.29771295,0.13351859,0.5288867,0.016228234,1.5504187,2.6673608,0.13007116,0.2035691,0.0,0.24500017,4.463587,0.105136216,0.64724946,0.16875722,0.4057691,0.0017519385,0.09246351,0.5059851,0.08360841,0.0,0.0,0.0,0.51808393,0.0086713405,0.17720471,0.14495777,0.18861978,0.0,1.2306007,0.7343908,0.050829865,0.39878038,0.10605257,0.0,1.8045143,1.8549398,2.5350213,0.016513176,0.011064812,0.27048227,0.00021345456,0.316598,0.001551962,0.13167821,0.0,0.41038617,0.0,0.6781577,0.0,0.5108084,0.21830013,0.1360353,0.017295217,0.9716719,0.32718125,0.0011234676,0.0133907115,0.0,0.19312753,0.07655349,0.018949669,0.0014685739,1.2324181,0.0,0.515232,0.10074066,0.021856122,0.0006245239,0.0050915135,0.00015427776,0.07028635,0.08511792,0.34795243,0.020353014,0.0073394547,0.51286477,0.5303614,0.052022997,0.26347268,0.022730581,0.057993766,1.3780341,0.07105606,0.0034630399,0.40349013,1.038734,0.032127883,0.09464306,0.439312,0.113043755,0.9494611,0.0631738,2.37682,0.58556914,0.13370416,0.02551714,0.00019742883,0.0,0.07626115,0.87261206,0.033376526,0.11714325,0.033813175,0.29791692,0.37859014,0.19587694,0.0031223053,0.027066354,0.41150665,0.014207723,0.04834133,0.0,1.0096865,0.17453045,0.0,0.4435988,1.0678092,0.00031613169,0.23992312,0.013047713,0.0,0.048278686,0.82438785,0.17436011,0.09835626,0.07959298,0.5015282,1.4601104,1.459197,0.018533265,0.0,0.0,0.5858103,0.0,0.1337765,0.11209355,0.15549615,0.0,0.26388812,0.09634333,0.0,1.2614448,3.7199564,0.03215481,0.0939332,0.0,0.046475973,0.9630206,0.010822746,0.09350691,0.03968438,1.9121424,0.64371884,0.0,0.58285445,0.0,0.1083309,0.112115815,0.37717578,0.0,0.0,0.12181216,0.7238058,0.79449725,0.2352236,0.011768969,0.21685329,0.034799192,0.034975193,1.0473365,0.011083093,0.0,0.465795,0.8377129,0.23136236,0.0027507767,0.019081386,0.011536953,0.0,0.016832987,1.3292198,0.0,0.5308075,2.07397,0.0,0.027440805,0.0,0.0,0.0,0.005542508,0.0,0.0018959631,0.06345198,1.0369666,0.0478916,0.06903584,0.19915663,0.4509897,0.47162884,0.05983221,0.15392153,0.7356673,0.0,0.066336796,all_pothole_images\pothole_images_new_image_1109.jpg
0.12220042,0.73649126,0.0,2.5418136,0.11807062,0.013822738,0.025459668,0.0,0.5264873,0.055307455,0.26526925,0.0,0.0,1.2573586,0.3699797,0.010382792,0.16911258,0.85506207,0.11956682,0.2224525,0.1835912,0.01906919,0.07379626,0.52839684,0.032514315,0.14382248,0.38548824,1.2751937,0.0,0.21423163,0.027875632,0.234246,0.011225899,0.24937868,0.009487845,0.9545166,0.3049184,0.01935904,0.19195023,0.05833451,0.29675287,0.46666873,0.3109422,0.68429554,0.509892,0.07857542,0.04981782,0.98886436,1.1477581,1.2588766,0.38756514,0.4975964,0.26756588,0.020062445,0.41607338,0.6400295,1.1566378,0.29300737,0.2282633,0.12928127,0.59228015,0.008312478,0.08150328,0.80601484,0.04554724,0.7175862,0.2761454,0.2205272,0.08985521,0.29280245,0.026818398,0.35124323,1.4170077,0.015700843,0.7113096,0.0045533758,0.5150638,0.44455045,0.0,0.07833574,0.0,0.44158897,1.1976829,0.9812532,0.024785304,0.0,0.0908309,0.0657125,1.2446167,0.041738518,0.093390755,0.19085114,0.3483795,0.21121022,0.45971859,0.067454174,0.17549276,0.91539496,0.2720935,0.009987761,0.019843098,0.3725955,0.9303905,0.0,1.2214884,0.0,0.6314833,0.47695974,0.41470048,0.9634969,0.12877451,0.94508547,0.02909193,0.06502724,0.5584884,0.54730725,0.3581437,0.07091184,1.7159882,0.13731733,0.32221428,0.032929022,0.0,0.24847953,0.158876,0.36931503,0.0,0.06191391,0.03224141,0.23165573,0.0,0.16103995,0.027672565,0.072115205,0.42861068,0.0,0.010989666,0.193159,0.06655099,0.1764635,0.06698861,0.4020856,0.2993793,0.038572036,0.004082374,0.6315141,0.0,0.0,0.49679908,0.009202577,0.07164705,0.49432334,0.0,0.36156145,0.4830234,0.3158362,0.025572224,0.031167556,0.3924735,1.2250961,0.9938446,1.2574342,0.21450701,0.08046301,1.1205864,0.3556629,0.8918709,0.07659947,0.66193014,2.1619442,0.018319692,0.02457518,0.0,0.0392429,0.0,0.012502794,0.0,0.0,0.65868455,0.020191519,0.0,2.0684285,0.19199778,0.03723807,2.2496994,0.9200257,0.17906064,0.027796587,0.015843557,1.8059589,0.0012070269,0.023138328,1.1655715,0.15559253,0.4809634,0.06993533,2.3773327,0.0071257316,0.989284,0.09392177,0.004211477,0.86806726,0.06547537,0.15103368,0.09045035,0.025450075,0.11401253,0.3352523,0.244434,0.07257378,0.0,0.062794276,0.25085086,0.026047857,0.8110317,1.655922,0.0,0.0,0.005095851,0.12598552,0.29372817,0.0,0.45554242,0.04473508,0.0,0.14634635,0.56239384,0.9184471,4.6397543,0.6061217,0.14986384,0.0,0.4150292,0.0,0.13806483,0.012162464,1.511517,0.0,0.09888601,0.050021384,0.48920506,0.2100013,0.002827375,0.5821173,0.14359035,0.0020604,0.71560234,1.1294466,0.15098643,6.4414434,0.25151604,0.32657716,0.02062022,0.10605488,0.0,0.0497493,0.6097471,0.24835734,0.13248752,1.976375,0.04784645,0.029647646,0.7826628,0.9078828,0.047338493,0.1375122,0.003903686,0.70693177,0.8272944,0.0,0.059684165,0.0045704786,0.2632375,0.2871657,1.3362464,2.182546,0.0,0.4383835,0.00102782,0.22189681,0.14070591,1.1922213,0.009159518,0.08339419,0.0,0.55519456,0.49363062,0.12553374,0.3062461,0.1258846,0.004532331,0.016993517,0.08751729,0.2240267,0.01067691,0.09334447,0.0,0.185037,0.043074578,2.0094292,0.18712308,0.6487032,0.0,0.084534526,6.455655,0.08845337,0.14215802,0.0063768206,0.1542919,0.9463281,0.022317758,0.7006027,0.69954044,2.7072518,0.051894475,0.29460612,0.44708365,0.35561767,7.4140563,0.36479735,0.0,0.0,0.0029367055,0.019927813,0.023432504,0.4741579,1.5454243,0.0,0.13211997,0.0,2.6410267,0.0683323,0.073453054,0.052614722,0.004356352,0.0,3.6851766,0.018387059,0.0,1.2671107,0.019171141,0.0,2.4772322,3.0505981,0.6775333,0.11974964,0.06065766,0.10975451,0.3030948,0.118566304,0.009673785,0.0,0.13354237,0.23061195,0.0,0.16677833,0.0,0.44345048,0.8684096,0.37462634,0.025052631,1.8690376,1.02434,0.0,0.0779828,0.0,0.21883754,0.117075294,0.0028186883,0.020852717,0.11535724,0.046619948,0.5720579,0.08402012,0.041646536,1.2489674,0.08007106,0.013158341,0.008650631,0.36456457,0.8957681,0.12405577,0.061493777,0.56620026,1.7453711,0.037954234,0.8960543,0.10634276,0.009927921,0.15982476,0.7994313,0.5403946,0.020578563,0.9070283,0.0,0.016975712,0.20061575,0.6954461,0.11463017,0.04964657,0.20764872,0.40463963,0.0009256792,0.0012831709,0.060929704,0.07596176,0.1300201,0.32131603,0.60833764,0.20958872,0.02337196,0.2569707,0.0155063085,0.19291404,0.060833972,0.055239614,1.3491246,0.101049684,0.4754914,0.040426716,1.4099476,0.28597233,0.1929128,0.5283034,0.6154644,0.0060866284,0.34332338,0.038624242,0.019957416,0.20514262,0.0,0.0,0.3558622,0.33522883,0.63879,0.59346116,0.016391052,0.02794561,0.017012304,0.12784228,0.035034727,0.28219968,0.0,0.009386152,0.077663325,0.0041044755,0.37711158,0.6492462,0.7167138,0.19549109,3.364136,0.30449122,0.023461664,0.0,1.6496788,1.1864778,0.018418863,0.042034693,0.04726952,1.2024584,3.6102285,0.0,1.5029113,0.0,0.28994745,0.0,0.0,0.0,0.095951244,0.5688984,0.6611794,0.6958864,0.003965061,0.014616158,0.32299575,1.1268076,0.00017137901,0.0095844045,0.010914884,0.014902398,0.0,0.83088744,0.90050274,0.06472227,0.32989252,0.0,0.24208622,0.14235516,0.66604066,0.0,0.13857205,1.6105052,0.06980229,0.057231657,0.0,0.23659861,0.0,0.027194794,0.04938499,0.0560566,0.22589825,2.7239847,0.70610934,0.2175356,0.035001285,4.0364103,0.4973286,0.09720414,0.44367442,0.22998779,0.004993786,0.06025777,all_pothole_images\pothole_images_new_image_111.jpg
0.6068384,1.611083,0.18533486,2.3034482,0.32889608,0.041610815,0.4142358,0.0,0.24383627,0.6617206,0.2545015,0.77190244,0.13542055,1.3614126,0.0025741179,0.04071408,0.2390321,0.09461105,1.6052495,0.105040304,0.49507767,3.557046,0.40240633,0.5853757,1.3572608,1.7788444,0.54482496,2.9985526,0.4273143,0.69664747,1.0233893,0.7671306,0.36442515,0.23581322,1.5359939,0.34629673,0.1674694,1.8497254,0.4718669,0.28829664,0.021142239,0.031508084,0.2978267,1.018508,1.6036816,0.29663733,0.108345956,0.005912434,0.24693994,0.7263032,0.7066238,0.0,0.84768146,0.20824064,0.26530257,2.566324,0.70089394,0.38367125,0.29246998,0.32643864,0.54856527,0.5152705,0.80179924,0.06828176,0.6405418,0.3796692,1.0194455,0.31534383,0.9380261,0.8134278,0.7082678,0.37327373,0.21506776,0.23002832,0.5119756,0.9074053,0.58976096,0.17855008,0.21564902,0.12066111,0.04531453,0.80177665,0.0,2.7016764,0.69309443,0.22564773,0.5707053,0.2854043,3.05127,0.25351307,0.048298027,1.0257338,0.0049999002,0.6290235,0.030228022,0.33597758,0.84435785,0.43773028,0.5074384,0.9239762,0.23728329,0.5980244,0.26786357,0.13929693,0.0837744,0.6613553,0.67116886,0.030480457,0.0071390136,0.006104128,0.016865082,1.4294841,0.40856704,0.028812429,1.5635585,0.017986635,0.7523962,0.18795381,0.8488535,0.36185113,2.9635046,0.4518804,0.35710505,1.6547257,0.5100669,1.5908134,1.2822342,0.30965123,1.3714905,0.73980945,0.9689472,0.05282163,0.34865093,0.05129767,0.8495664,0.19944283,0.18757911,0.943098,1.6304377,0.6883718,0.7754968,0.30791968,0.0,1.0278662,0.32498395,1.4217303,0.044695005,0.03670904,0.36912668,0.43449885,0.5901699,1.4739193,0.0,0.4057302,1.1803248,0.18309762,0.87598884,0.014967831,0.46414787,0.5403591,1.1785274,1.0239211,0.33452684,2.6607397,0.031050343,0.2718065,0.53093463,0.06016771,1.9688082,0.7029285,0.22998762,0.02889322,0.030111916,0.088606715,0.20049013,0.13574742,0.6486075,0.009100297,0.33756706,0.19977157,0.08893418,0.7328913,0.448222,0.452356,2.09547,1.1257983,0.08710241,0.06856384,0.10592977,1.2772274,0.7468967,0.7842814,0.11641917,0.5787202,0.011518496,0.78816766,0.13885862,0.3200731,0.1603973,1.125319,0.28628436,1.7143914,1.5042402,0.94416136,2.5094616,0.34658423,0.0301089,0.31184596,0.9439308,0.07333962,0.10076103,0.03247067,1.6974798,0.07253326,0.9640188,1.4224783,0.6658949,0.12019334,0.36837393,0.4005776,0.67493576,0.19744936,0.47965622,0.12270752,0.014605415,0.18672472,0.25989136,0.010064079,1.3959658,1.023022,0.0061250837,0.38783568,0.43097508,0.34404987,0.7844308,0.3436027,1.495038,0.041799728,0.055988953,0.17704193,0.3633933,0.04612022,0.07600887,0.29257736,0.03602791,0.04790236,0.3839112,0.290864,0.9908936,5.7929535,1.0541755,0.0025737935,0.7446763,0.28593934,0.13382031,0.25095803,2.303234,0.0744371,0.77371013,1.3157959,0.34024048,0.4202785,0.45293286,0.39732453,0.21491536,0.30959126,0.07143914,0.8659412,1.0035316,0.37516874,0.0,0.0,0.10774744,0.41029257,1.1167252,1.5430992,0.11361416,0.50444055,0.056280445,0.7333959,0.9644262,0.19784904,0.21196038,0.9364095,1.5620893,0.1225584,0.8159549,0.4676069,1.1724812,0.18383363,0.0045092134,0.029499771,0.0,0.78735554,0.38064831,0.039169587,0.12340237,0.9956298,0.028097494,1.4249059,0.64356816,0.49475226,0.09987275,0.24336983,5.5450773,1.318558,0.0061574187,0.5001325,0.049912963,0.1949308,0.0,0.8163073,2.623237,0.43142068,0.08012381,0.81678516,0.20427018,0.8680975,1.549476,0.060253322,0.15639263,0.0,0.0,0.26565835,0.92862916,1.0202262,1.2797582,0.986731,0.8327152,0.3670978,3.2360759,0.103169926,1.0135523,0.027000623,0.10431385,0.45196176,0.96838444,0.8222468,0.06866268,0.2586641,0.8383063,0.5919248,1.5662287,0.681654,0.8715074,0.11807766,0.4439576,0.69654524,0.32930443,1.7612908,1.384344,0.5414704,0.0,0.26300195,0.1408883,0.2722993,0.56970394,2.1639826,0.508367,0.4896951,0.013725555,0.06477257,0.50084174,0.2033097,0.11568156,0.039710518,2.5268853,1.1967887,0.019599972,0.7601273,0.6011565,0.5274671,0.08009773,0.59110576,0.10038468,1.1289095,0.110355586,0.36600953,0.23368454,0.30254355,0.074780114,0.010066073,1.4179015,0.49164557,4.926532,1.0640844,1.4486532,0.40639985,0.0702937,4.381861,1.514417,0.0028228574,0.059395805,1.1387793,0.11534791,0.037151646,0.40069082,0.15815628,0.28303653,0.20625365,3.0402658,0.47022545,0.01904054,1.4764575,0.33496362,0.24264637,0.53562623,0.9851681,0.36185277,0.09942802,0.59803456,0.22635645,0.68129385,0.8809691,0.11177566,0.087669864,0.69449925,0.08526395,0.0904541,0.80387723,2.4865224,5.258957e-05,1.4073969,1.4096336,1.2746303,0.5073674,0.21985613,0.9448166,0.10875099,0.8069912,0.9301415,0.21354266,0.030853475,1.088173,0.41990063,2.6094348,1.157815,0.571809,0.43146858,0.12517102,0.098414436,0.28850853,0.40709686,1.073379,0.117255114,0.29662284,1.4115595,0.2940668,0.38967386,1.1286372,0.8183554,0.39211276,0.4813823,0.031935688,1.1623898,0.062030442,0.9026089,0.554019,0.5616918,0.9552617,0.77129346,0.19916147,0.70271933,0.32293108,0.82415897,0.7143013,0.00698207,0.02348173,1.4757514,1.309755,0.3714768,0.37039942,0.4787092,0.25532612,0.2203418,0.12906872,0.3596006,0.47588947,1.8896521,0.09743075,0.0,2.8779302,0.382664,0.60730565,0.0,0.013984443,0.6880898,0.10666467,0.27501425,0.0033745235,0.121812195,0.9198597,0.08438349,0.10888084,0.0,0.031392798,0.0612124,0.03596539,0.24443774,0.2048984,0.22792995,3.9451737,0.41516563,0.117074475,1.1027933,0.4243931,0.49633446,0.68018216,0.2769304,0.3115166,0.112175755,0.3146125,all_pothole_images\pothole_images_new_image_1110.jpg
0.36545897,1.755721,2.0620146,2.2743127,1.806754,0.5588197,1.5125835,0.58505833,1.9867978,0.7149217,0.49629033,1.8725153,0.6245908,4.954135,0.6986476,0.68560994,0.14699854,0.74425596,0.5604881,0.93373775,0.0,0.018677866,0.61434346,1.5236475,1.3850211,1.0222859,0.6010187,0.46437767,1.1059896,0.22136588,0.40484396,0.07215075,2.050527,3.5251539,1.0697389,0.6305488,0.006934916,2.714592,1.0287365,0.39605635,0.32044455,0.24930264,0.39283153,1.085408,1.227598,0.5175278,1.369043,0.35752213,0.8756697,0.91963947,1.7168834,2.3769479,0.3137723,0.8037293,0.15618008,0.39671087,1.2499532,0.08308014,2.0021842,0.31723675,0.032669954,0.020610813,0.63248473,1.5004104,0.25516942,0.08865697,0.8802963,0.34293163,0.5472298,0.036176823,0.41351986,0.2506069,0.070903264,0.004302273,0.36694452,0.62076753,0.035863075,0.34112483,0.34979755,1.2008021,0.5470701,0.99568874,2.0662425,0.077357985,1.7526495,1.6134833,0.53102165,0.38016212,1.2513869,1.9859896,0.25034183,0.0,0.0619733,3.3874338,1.2769897,0.19930948,2.2710295,0.9666393,0.88728726,3.3551075,0.09176561,1.0983701,0.5753821,2.837664,0.1944692,0.32075566,0.6505319,2.1591442,1.5506015,0.22722925,0.55633307,2.626225,1.5411069,0.6283904,0.062755905,0.7466637,0.3471401,1.1275431,0.07978631,2.2050135,1.3417654,0.3200531,0.40791056,0.04092802,0.44077456,0.13097559,0.41150224,2.7417715,0.3892388,0.28342372,3.620623,0.17002767,2.3017805,0.121716216,0.81586343,0.16654447,1.3136989,1.1899915,0.122578286,0.5519316,0.13095118,5.9165363,0.24009205,0.19979484,0.6602463,0.5097542,1.2546909,2.310061,1.2664908,0.5392653,0.042504992,0.8134398,0.51238567,0.46895182,0.14686489,0.964782,0.3596456,0.21902306,2.935888,0.28981233,0.32512042,1.985595,0.66249937,0.05171792,1.5663385,1.4950223,0.1581348,0.003338105,0.97872454,0.72526044,0.39383996,1.0505952,0.38731503,1.3048962,0.5013774,0.46160358,0.848204,0.0015266674,0.15284328,1.0739545,0.44382298,2.282261,2.9880478,4.6470075,0.6226845,0.27797115,0.9551824,2.8106763,0.818007,0.46544883,0.21529853,2.77395,0.054238323,1.4415557,2.2805588,1.0215284,2.4766624,0.39239368,0.783941,0.59664583,2.463211,1.306913,0.4683172,0.0240438,0.13615529,0.89654946,1.0157211,0.49411604,3.2632978,0.09614487,0.26290184,1.1167098,0.3975388,0.6812301,1.7559633,1.3833684,0.061133448,0.22590035,2.0457377,1.2551231,0.5711622,0.025406111,1.235797,0.2668428,1.3883243,0.18486185,0.67307776,0.38539162,0.88551086,0.33141047,0.50447357,0.7611985,2.0546045,1.4934403,0.224498,0.55197436,4.7502813,0.2612915,1.8211743,2.3846674,1.1380831,1.3038658,2.0061555,1.0205706,0.099199705,0.21304756,0.13465643,0.2982217,1.0746496,3.786322,1.8356334,0.678856,0.13811128,1.318928,0.9897973,0.7821093,0.40030378,1.1965764,1.4823524,2.9102528,2.0700755,0.49722368,0.35713303,0.837523,0.14922997,0.5218872,0.6998726,0.7375531,2.831491,0.8695652,0.25131065,0.0,0.087647595,0.24892606,1.4308829,1.5849917,0.49310747,2.3696303,1.5810381,0.3671897,0.07206721,1.641501,0.115857065,2.401659,1.9541466,2.7182672,0.29506534,1.5702766,0.84325475,0.2619712,0.69676477,0.0,0.7877175,1.3511003,1.683563,0.81106323,2.9467392,0.15575098,0.83591133,1.0911596,0.16548203,0.2187986,0.0011627134,0.22459637,4.026567,1.224229,0.6109901,0.011014836,0.8541719,0.54507655,0.08027484,1.0700449,1.0664846,2.3845546,2.4235675,0.4715376,0.8798307,0.5156197,2.5330274,0.3389954,3.5158112,0.5894847,1.193386,0.44080523,0.11923744,0.3681618,0.18071422,2.466634,0.7305331,1.5598526,0.23882532,0.25227743,0.029778197,0.012303334,0.20078452,0.46013275,2.117691,1.140041,3.747915,1.6059105,1.3330116,0.65832174,0.8899148,2.7737076,0.667293,2.444862,2.137694,0.7904903,0.10123947,2.235898,0.23708159,1.4526211,0.6899193,1.1938179,1.4060619,0.20865297,1.9046717,0.574606,0.544748,0.56594175,0.9040119,0.7047365,0.85628444,0.6663914,0.13610433,0.6872013,0.15827215,1.666475,2.0458977,2.2843564,2.0113502,0.49688113,0.9431272,0.012312884,0.0039030642,0.19635998,0.2212461,0.38218352,0.031835508,0.6559617,1.1481305,1.2247727,0.12233224,2.0830293,1.6086152,0.06345084,1.2738756,0.7025317,0.15902486,1.9283159,0.009132149,2.359322,0.30058485,2.2917938,0.0014661003,3.1761262,1.1780611,0.24528849,0.6726255,0.4476006,0.35522467,0.47153044,0.37659445,0.1431555,0.10754465,1.3375067,1.841263,0.38886252,0.3922517,0.15901446,0.11091231,0.4247963,0.3223175,2.4168377,0.166027,0.72928804,0.55757564,2.4891992,0.8918072,0.3249588,0.20395644,1.6920631,1.110792,2.787501,0.4460306,0.43197212,1.7327781,1.9204593,4.1801896,2.9298208,0.270481,0.37471887,0.057262167,0.31822485,0.72017324,1.683272,1.346543,0.41090736,1.1476028,0.99333334,0.4952933,0.12221293,0.17532057,0.0,0.17657109,0.08311742,0.104929045,0.5981122,0.32746243,0.30967343,0.80679804,0.63452065,0.94152,0.5365662,0.15729792,0.68731797,2.7696538,0.55256295,0.6733943,0.5162316,1.5865396,1.4421586,0.5979287,0.31255344,0.37777072,0.8105973,0.5176272,0.14457634,0.24119478,2.185272,0.90609497,0.04127045,0.11908608,0.6562278,0.3824842,0.28117242,3.2401276,2.3544028,1.009824,0.25002176,0.95212615,0.73674655,3.2205815,0.8346222,1.1732247,1.0028824,0.08486538,1.2608664,1.2839175,0.17262314,0.25600126,3.78529,0.46078518,0.30304465,1.5194602,0.012622553,0.28084794,1.1494572,0.009059919,0.08306768,1.1753964,0.3647995,0.5556457,0.0,1.525611,0.8203293,1.220582,0.3301458,0.10739131,0.52768856,0.81245965,0.7318431,all_pothole_images\pothole_images_new_image_1111.jpg
0.5669712,1.6876929,0.18344264,1.6658658,0.14956069,0.18373212,0.5943661,0.12381894,0.2063117,0.75914747,0.32522815,1.4233364,0.98652303,1.3107748,0.7229196,0.32688105,0.28338483,1.4551575,0.7555993,0.2589829,0.8599879,1.943562,0.92850775,0.056788623,1.7260257,0.5579573,0.84563327,3.3655896,0.14492314,0.033364423,0.8284978,0.0058006723,0.4208636,0.0045733163,0.7182687,0.89148664,0.023561988,1.1376456,0.61809856,0.22768866,0.0021628735,0.9069237,0.020978428,0.5354987,0.30537164,0.016234813,1.0016394,0.85883623,0.0,0.070347674,0.025205988,0.13767336,0.39959225,0.13652898,0.017275598,1.9847839,0.8789251,0.030849822,0.24431948,0.5005957,0.27208707,0.21900865,1.3621595,0.33811966,0.98827094,2.4338279,0.21740644,0.043564424,0.008981982,1.4796276,0.33636174,0.13733149,0.04245245,0.053975813,0.0,0.034730736,0.34772852,0.22612026,0.0,0.16209446,0.47290775,0.0012772776,0.48346063,1.4280517,0.04975346,0.07991212,0.08880305,0.004145654,0.85887676,0.02872813,0.035439618,0.61430925,0.16090211,0.20847309,0.39703715,0.011800258,1.2013061,0.35229215,0.71076596,0.90059245,0.312457,3.5613577,0.50016934,0.0011828068,0.35597438,0.08299164,0.047656164,0.22573939,0.10923045,0.21873945,1.4116833,0.59807825,2.543444,0.09084218,0.58703053,0.055653624,0.11872533,0.045762703,0.2813921,0.453714,2.487285,0.0035027016,0.22403899,0.9317628,0.9543284,0.6831882,3.2478387,0.08355609,1.7375674,0.061616313,0.5653132,0.31627715,0.00020241497,0.20049785,0.9110014,0.8191218,1.553139,0.011319671,0.4962025,0.08436983,2.2066195,0.17442791,0.44719496,0.8759402,0.07561894,2.2998269,0.07732004,0.44246393,0.26186687,0.033610493,0.8263117,0.9627209,0.022206808,0.022542782,0.20057338,0.16256115,0.39224377,0.07482478,0.5510622,0.55189186,1.0018295,1.0610336,0.18214664,2.9454565,0.7684819,1.1760771,2.4900923,0.60050094,1.142176,1.5031474,0.48403612,0.28831112,0.021379188,1.7636818,0.24217269,0.008308626,0.98455316,0.34177333,0.16494352,0.49008116,0.16182227,0.58145463,2.1621256,0.11561758,2.6125107,0.0030571322,0.25863296,0.705799,0.11042131,0.8574734,0.9435706,0.40709087,0.0,1.5524518,0.29687837,0.010879733,0.21148653,0.8506893,0.104122825,0.9383203,0.21189922,0.2929347,0.73522955,0.7938831,0.1917562,0.12536314,0.59211767,0.3896937,1.0994943,0.8966442,0.0,0.70711064,0.48655167,0.051546924,1.3761972,1.1110976,0.49406183,0.8320339,0.2505575,0.21101488,2.4759848,0.20263177,0.42842254,0.06416666,0.012033066,0.17486618,1.7223552,0.88068414,0.7078675,0.9814514,0.0059904656,0.6111925,0.46097705,0.023509944,0.32835987,0.00078289944,0.9664945,0.016111305,0.4644888,0.20094937,0.014217862,0.0,1.2285056,0.04721155,0.5970619,0.20081994,0.3423544,0.2722183,0.88117903,6.3273396,2.0150592,0.23363198,0.21262418,0.0128487665,0.030843126,0.4649984,1.1367131,0.24395075,0.20712492,2.3083436,0.053156696,0.11634894,0.19395211,0.16200013,0.2868501,0.59681773,1.091173,0.8669804,4.130533,0.42136592,0.12946619,0.36937758,0.067483135,0.16690814,0.38768795,0.49970138,0.08003563,1.4692264,0.49520305,0.46771264,1.8209755,0.17478444,0.6619846,0.56794584,0.5015588,0.02491649,0.32809964,0.09467689,2.8148448,0.09318292,0.014148106,0.16174805,0.21274206,0.2431234,0.09684757,0.63465625,0.21299343,0.7999593,0.28723907,1.7076036,0.08316715,0.20580159,0.21384802,0.014167576,5.0706306,0.0,0.73127455,0.078375205,0.08759427,0.64734787,0.27011582,0.9616833,1.8973292,0.96678007,2.0979278,2.137204,0.37519962,1.5019813,2.8646514,0.31929788,0.0071327803,0.000280556,0.43977076,0.92395794,1.0382748,0.12634031,0.08742152,0.012111207,1.0221221,0.24059354,3.1286185,0.27279526,0.013007648,0.26279736,0.080633864,0.0,1.1866337,0.26973286,1.1377006,0.41641578,0.03750578,0.34013498,1.3019454,0.7264181,0.62313366,1.1269158,0.30400085,0.5127198,0.69522,0.64754295,2.3832407,0.10576223,0.388746,0.71313584,0.26643676,0.0018960615,0.10754297,1.2694103,0.17779568,0.0023350038,0.95192766,0.9145338,1.3757782,0.53371036,0.0,0.0018957943,1.8333503,0.057560846,0.1301221,0.5274499,0.32359496,0.0,0.214886,0.047158003,0.16283023,0.14841524,0.0,0.47032037,1.0639776,0.1708169,0.9374764,0.32017797,0.21557392,1.1590027,1.9294994,0.39746335,2.5784616,0.048443656,0.009490152,0.3626148,0.37884647,0.24725698,0.0,0.1840688,0.14696935,0.5862685,0.0527395,0.17794427,0.007223577,0.8144391,0.5602305,1.0374298,0.6054738,0.7734141,1.072167,0.23841013,0.7558309,0.9205081,0.11015598,0.8308267,1.9689231,0.60319287,0.034580648,2.6949942,0.47566926,0.8945196,0.53707486,0.65651804,1.9786563,0.07032431,3.3346682,0.091184124,0.55750203,1.1687838,2.2654645,0.09476169,0.2280056,0.8645706,1.0096569,0.1219659,0.7639278,0.13111,0.0060665873,0.37475675,0.2681743,1.0467136,0.05359443,0.6569258,0.1962573,1.4524142,0.2864221,0.9673521,0.08585582,0.05045664,0.23474792,0.07315488,0.47914013,1.5551021,0.18823452,1.033932,2.169227,0.19445872,0.511101,0.30765063,0.21921332,0.7637452,0.90682477,0.040605012,0.16764845,0.1105218,1.9704703,0.09558736,0.13276595,0.11418522,0.4966557,0.17106967,0.027863696,0.0,0.14218065,1.155998,1.1257484,0.45042807,0.2604708,0.5132643,0.08817769,0.017810982,0.55094296,0.921724,0.6574211,0.098243244,0.02049183,0.747273,0.4845281,1.3357867,0.0,0.42138904,0.046696447,0.024004944,0.45686233,0.062742546,0.15161695,1.4874127,0.05506133,0.72193307,0.0,0.61217517,0.4042895,0.11231804,0.36969566,0.048339196,0.65410787,1.4986854,0.3319126,0.8853391,1.3481594,0.84305626,0.517484,0.16585894,0.093690835,0.19947036,0.19436467,0.17815542,all_pothole_images\pothole_images_new_image_1112.jpg
1.0045105,1.0856441,1.8094896,1.7080383,1.6296068,0.13835797,0.66726214,2.8848944,0.447794,0.72739017,0.5177802,0.49375317,0.32651633,0.7356287,0.5047475,0.76279324,0.24209635,0.5723865,0.447413,0.734965,0.6576996,0.67127025,1.2014234,2.7730744,0.20791635,1.0807321,0.23354009,0.3070692,0.124384865,1.1041216,0.43484208,0.24358515,0.35500595,0.41933,0.42120835,0.34533098,1.637999,0.09076789,0.74465114,0.23190677,0.63132155,0.22810632,0.43612817,0.5035676,0.7832459,0.63078153,0.70454156,0.7844834,1.3038186,0.3088287,0.89555,0.8410126,0.24898136,0.70358026,1.3621355,0.82584405,2.2828526,0.014244407,1.5668569,0.78893435,0.31578755,0.014817434,0.67319673,0.6075361,0.3696795,1.4329538,0.4799781,0.006941967,0.2150086,0.22595547,0.23221926,0.6062643,0.39011165,0.037465252,1.2757952,1.9706767,0.14678907,0.7561924,0.2891058,0.6351331,0.68216383,1.0682429,1.9440743,0.050662313,0.42632338,1.579466,0.11095677,0.01095387,0.83109486,0.8641575,1.5973482,0.16944334,0.697083,0.95703715,1.2219039,0.0027119278,2.592564,1.9855293,0.9539593,1.1104858,0.25233373,0.25243923,1.2285572,0.92858946,1.733506,0.27127704,0.1720496,0.39443538,1.4150023,2.3153698,0.6916155,0.9573892,1.0198014,0.49144822,0.24842304,0.05525667,0.75726646,0.9126117,0.24188878,1.4458493,0.50234294,1.3466622,0.7718821,0.4477829,0.73831326,0.17640111,0.47163165,0.56453913,1.1761003,0.42010805,0.7801998,0.33132106,0.5493724,1.6528556,0.6385679,1.5827092,0.08651203,0.060709972,0.77668613,0.008497409,0.82995135,0.5811116,1.2519027,0.44404906,0.68960476,0.20892508,0.8872631,1.244226,0.1261259,2.967069,0.043096434,0.2010066,0.37556183,0.61574644,1.8946495,0.36160818,1.1824673,2.1616445,0.5870329,0.83958286,0.62090695,1.7443346,0.71393555,0.11130852,0.1239864,0.92495054,0.1989221,0.04768206,1.6443188,0.18043372,0.6851848,0.08116094,1.2261468,0.15508074,1.5259964,0.59928167,1.1643053,0.45478186,1.6950042,0.37558243,0.39475593,0.31666303,3.0748682,1.6655821,3.50705,0.13669236,0.16848166,0.6819345,0.29376101,1.2430935,0.7801414,0.0,1.1790974,1.7983937,0.6095792,0.87658256,0.80072564,1.6437542,1.5078659,2.5352812,0.52412605,0.4606788,0.21013777,1.1037884,1.0010482,1.4975079,0.78888047,0.07572056,0.004009312,1.6588218,0.33087033,1.3176084,2.0447025,1.7797539,0.33899102,0.6348884,0.9180427,1.010377,1.3109143,0.035657104,0.28548408,0.5903616,0.086296566,2.1712441,0.36174378,0.066855155,1.9265949,1.3303833,0.0040125456,1.9806857,0.13557652,1.0338773,0.8685456,0.61870086,0.59875387,0.17702757,0.09256526,0.96994644,0.6912053,0.31687972,0.49555796,0.47348118,1.5405545,1.216612,0.26631916,0.48644722,1.3685298,0.75004023,0.7090411,0.19664176,0.96713156,0.71072745,0.22701263,0.930642,0.6555672,1.5283172,1.3733515,0.9531576,0.2104521,0.05441008,0.091836244,0.70363694,0.47150093,0.108675666,0.2692557,1.6299156,0.3984393,0.3281429,0.6631966,0.09018131,0.94461477,0.25764787,0.01415175,2.806159,0.17696202,1.9105835,0.9860265,0.60136706,0.38094702,1.7795503,0.003009875,0.38853118,0.7293012,0.12736025,0.56601244,0.21286151,1.4923315,1.2368925,1.4648925,0.58313733,0.85444236,0.9739778,0.25085205,1.7471217,0.4567227,0.32128695,2.030476,0.25138918,1.5997037,1.073015,0.06862506,0.21396041,1.3264309,1.2067784,0.3014018,0.1418579,1.0318294,1.3128841,1.1362904,0.7084013,1.8412628,0.24235524,3.9411576,0.13824764,0.2464199,1.1447579,0.21978413,0.29945973,0.35725826,0.14941593,0.01494994,0.8660684,0.57751757,0.10433547,0.34298813,0.0076831896,0.6914338,1.1245116,0.8208168,0.083942644,0.38692704,0.1125475,0.5603004,0.28073797,2.8878636,0.1294953,1.5847222,0.24986197,1.3238515,0.100343965,2.889771,1.290302,1.8081143,0.7626885,1.5148041,1.1077458,0.8950256,0.39036584,0.00979306,1.6824597,0.047516804,0.2613392,0.14364392,0.1857679,0.20743766,0.0033071244,0.12929513,0.83992195,0.6796368,0.61422914,1.0985451,1.1777219,0.54170346,2.4999528,0.41427153,0.29087737,0.6614721,0.837277,0.22064391,0.8251412,0.90219176,0.41128403,0.25128618,0.052651357,1.5809261,0.0552381,0.13806257,0.08626516,1.7902411,1.2135843,0.42048675,0.0029777458,0.82312626,2.7670026,2.57293,0.96302605,0.6031396,1.7237219,0.12570482,0.8663735,2.5789652,2.006303,3.163201,1.0756431,1.3592073,0.7577721,0.12787673,0.46349597,0.18017778,0.66654277,0.8821467,2.0030181,0.062033884,1.0433013,0.8283031,0.07741801,0.36825657,0.7276596,1.1177721,0.59463835,0.105564095,0.41618755,1.7727087,0.2865444,0.18956465,1.5150288,0.8082705,0.12982035,0.28726715,0.2943123,0.583579,0.99625653,0.56208193,0.16396052,2.1583107,0.4123825,1.2392949,0.45374623,2.4010167,0.48048905,0.14318243,0.52926207,0.37856412,0.7306821,0.43041217,2.2344208,1.2671806,0.63334787,0.72184485,0.43044707,0.94266003,0.30619848,0.3413196,1.1570143,0.6304077,0.35649076,0.44578388,1.0104879,1.3926455,1.2784033,0.21909021,0.32612842,0.6756363,3.4937725,0.4965898,1.6841199,1.0528841,1.3527411,0.0015553848,1.3253189,0.7174457,0.09619633,1.5249137,0.68256456,0.52975655,2.061015,0.25296202,0.16627884,0.123591475,0.66725755,1.7778864,0.78700066,0.23540819,0.46240312,2.1026123,0.9194015,0.01352791,0.045645416,0.08376638,0.04465436,5.343927,2.7783995,0.9211086,0.33015147,0.5736235,0.6018717,2.3719532,1.293636,1.4057701,1.0313232,0.8885984,0.9133699,0.3486766,0.39773232,0.12406166,0.01929002,1.0596673,0.21312009,1.1635739,1.0335944,0.011372698,1.2030858,0.1053519,0.39084017,0.18966106,0.682712,0.66923636,1.9896065,0.75111556,1.4667814,1.3843548,0.70298314,all_pothole_images\pothole_images_new_image_1113.jpg
0.021047179,0.15390228,0.2449566,1.494623,0.7219791,0.050200194,0.304475,0.26876846,0.06652403,0.6785314,0.49267662,0.16110831,0.05654192,2.6458976,0.11813692,0.5575992,0.99829614,1.8364505,2.1373405,0.038590617,2.3034625,0.7932828,0.07081984,0.268625,2.564299,1.0672797,0.5195682,0.65639406,0.037535895,0.07624901,0.7743636,0.06470411,0.011287009,0.53834045,0.10453107,0.37276116,0.23008624,0.6096762,0.4397235,0.8633488,0.290285,0.50699335,0.1320312,1.5010417,0.8698464,0.14531739,0.069498286,0.18614522,0.14347664,0.3635605,0.7816503,0.17268653,0.7048595,0.31633395,0.09995031,1.0960097,1.7127854,0.99929,0.055748574,0.7998728,0.56701154,0.23577622,0.049495254,0.44661978,0.5311804,2.0328963,0.22022298,0.18960933,0.6739726,1.2664506,0.24139917,0.061728753,0.2952019,0.0015052636,1.0559534,0.04090154,0.32252952,0.60993075,0.0035590406,0.27801004,0.0,0.12080286,0.34824207,2.1524863,0.25353515,0.7137166,0.13815431,0.062447928,0.7545863,0.8387426,0.4587443,0.46934548,1.0871146,0.011051525,0.31053784,0.22106905,0.5253151,0.4224214,0.30749846,0.1231372,0.8427667,2.7877686,0.123192094,0.015353049,0.557691,0.5547952,0.0851116,0.3600635,0.6604955,0.26325428,0.9329222,0.70086265,0.22204484,0.32204664,0.8996021,1.2000546,0.22856493,0.26321918,2.8159528,0.12278001,1.0802339,0.08968173,0.041046176,0.6961258,3.341929,0.5349981,0.10041579,0.7878499,0.49792328,0.8165304,0.14335997,0.21339254,0.0034019903,1.0951743,0.40873495,0.23099288,0.13894275,0.28018185,0.20627297,0.0062355464,0.0008586781,0.43368778,1.1677285,0.83003116,0.30145708,0.5560585,0.28855726,0.042046435,0.35002124,0.09670662,0.21525888,0.02092684,0.0,0.51844805,1.956334,0.070504755,0.09775179,0.3136852,0.44918102,0.8036301,1.493938,6.4752398,0.82482684,1.6001688,0.5139386,0.13362594,2.007378,0.17475528,1.254306,3.1218383,0.16911559,0.0,0.06275282,0.16318156,0.0,0.3660188,0.118843496,0.21285923,0.026541194,0.021192526,0.038365636,2.414623,0.7508746,0.9651401,1.1860125,0.67447114,1.078409,0.42554817,0.3502316,0.6503302,0.061562642,0.1730821,0.0839407,0.017190225,0.052809928,0.15658477,1.7544792,0.64214665,0.11741564,1.4967184,0.31069353,0.23047486,0.4856531,0.26036263,1.815325,0.122493,1.0233469,0.0012748067,0.5883812,2.378443,0.078104384,0.021656752,1.8042455,0.44195962,1.7694414,0.4204871,0.4956487,0.075647414,0.33150578,0.023726964,0.48010075,0.68443274,0.21170613,0.92245996,0.0,0.0014052223,0.03182822,0.008064167,0.8483521,0.5854079,0.048973978,0.17622928,0.46032652,0.31972617,0.23315932,0.42440557,1.003922,0.0070852735,0.28844705,0.30721575,0.6926081,0.98188144,0.17293537,0.45720437,0.40557322,0.005674081,0.24322796,0.76193047,1.332337,5.1646166,1.8350255,0.059858292,0.0670999,0.20946208,0.21298136,0.073085785,0.8774896,0.6614246,0.12170319,1.7826029,0.054316156,0.3736321,0.023211967,0.16190258,0.45325258,0.15306653,1.4438059,0.37352678,1.2299654,0.19100198,0.7401068,0.0036416296,1.1533431,0.9330908,0.16047357,1.3150992,0.067346334,0.45150864,0.16500264,0.2613603,2.3215144,0.044972375,1.0800343,0.02229361,0.22426137,1.7346197,0.262587,0.49151054,0.07786193,0.3746273,0.06429071,0.36824784,0.009319992,2.182191,0.48064694,0.2399605,0.0021106931,1.1488476,0.026896374,4.8959293,1.2145514,0.14473692,0.23304857,0.012126478,1.8716228,0.044656433,0.3782034,0.0,0.5362027,0.018641077,0.2674605,0.12939447,0.7521711,1.3046386,0.078352034,0.26271468,0.3688882,0.9992361,3.8276958,0.2554784,0.2755454,0.0,0.44832072,1.2240354,0.08067811,0.14966315,0.8211268,0.045319736,0.20294242,0.077783845,0.8021106,0.12194419,0.8541417,0.041641243,0.14830951,0.12565485,2.1886513,0.47330847,0.6604452,0.8647915,0.3519554,0.29844067,1.049575,3.012135,0.6854061,0.13956673,0.0042062667,0.9638674,1.0735048,0.022162905,0.0344351,0.762116,0.22510532,0.843259,0.054707624,0.41463205,0.05116632,2.2374456,1.4568659,0.59246546,0.10120176,0.0845384,1.5244201,0.9799917,0.0,0.06994733,1.2015457,0.3553599,0.015605481,0.2900051,1.0745485,0.45981714,0.5156263,0.07423793,0.09897735,0.9005041,0.5110549,0.055670284,0.65164876,0.0047269617,1.1582379,0.12769482,0.82429516,0.5435775,0.12390202,1.6051464,0.7948051,0.0,0.005446724,1.6384873,0.06991518,0.36406657,0.1655243,0.7908389,0.05878422,0.22816983,0.38162687,0.31365314,0.1153165,0.013092518,0.75644916,1.2554348,0.0013536135,0.13785747,0.00691018,0.2602112,0.03376829,0.6034424,0.6406518,0.23301299,0.033289198,0.8902736,0.27042633,0.01956375,0.36251557,0.1883571,1.6194967,0.077363014,0.19317959,0.055104587,2.0191774,0.4395783,0.5479343,1.3329779,2.1760788,0.92409754,1.4073976,0.056645785,0.6930542,0.06346436,1.981825,0.0014884329,0.5654363,0.5963611,0.32735708,0.2763836,0.5587277,0.7169312,0.6268968,0.27410126,0.21550415,0.071637854,0.29418108,0.41058668,0.02446168,0.053228058,0.72995204,0.14248742,0.17030013,1.2066243,3.8438425,0.19735056,0.543474,0.0036528094,0.9452119,0.50918794,0.020601772,0.26527748,0.07702819,1.8644212,0.92238,0.005816233,1.3091642,0.0035591088,0.34813377,1.029486,0.076377586,0.015370525,0.0099123875,0.29970628,0.044537544,2.0351756,0.106930874,0.0863434,0.82999426,0.44655994,0.115038425,0.32119364,0.77572846,0.10817574,1.9067663,1.3591872,0.58949536,0.37536675,0.045859832,1.2811852,0.14900805,0.0718492,1.5102295,0.091716975,0.6804722,1.985501,0.49390212,0.0,0.025008678,0.090078846,0.8114231,0.23312736,0.3536068,0.18604864,1.8880254,0.7137319,1.0782582,0.0,0.36627018,0.14367425,2.2698135,0.68764746,0.17942081,0.296352,1.7288731,0.12641473,all_pothole_images\pothole_images_new_image_1114.jpg
0.11737175,0.69051856,0.4108089,1.1503543,0.9850348,0.50494623,0.80448693,1.431163,0.4530798,0.3805678,0.3764013,0.45311826,2.0546415,0.4193189,0.06860524,0.5213285,0.034731526,3.1463892,0.6342116,2.8342366,0.07220994,0.52392167,0.24979548,0.6140559,0.23128961,2.0834706,0.7252322,0.5089725,0.8985165,1.7561657,0.596228,0.9808404,1.0449749,0.79750127,0.9239401,0.19933201,1.1394212,0.10496262,0.9937688,0.046570826,0.3579848,0.6128986,0.35372305,2.114765,0.7562544,0.024539072,0.17601852,0.18253689,2.3725011,0.01418161,0.47986165,1.4123071,0.2368396,0.25264668,1.5121088,1.5123471,1.950109,0.14029697,1.2369092,0.8128035,0.5436339,1.4672394,1.1029276,1.155652,0.94889593,1.0084602,0.0009946737,0.4492442,0.13572976,2.4236407,0.31319404,0.51025885,0.3225855,0.23300384,0.018224103,0.2956447,0.59765697,0.4244225,0.92573965,1.5110334,0.63872373,0.46269202,1.5224204,1.2559977,0.42308027,0.17735502,0.3140099,0.62072104,0.5611868,0.72821575,0.06574118,0.6779612,0.41668794,1.6963831,0.13440274,0.39825726,0.73861086,0.22527218,0.64686114,0.5251217,0.25892374,0.96686083,2.3507802,0.003567121,2.0618908,0.5240288,1.7179012,0.27221557,0.58137447,0.060638055,1.6107539,0.8367496,0.3913324,0.60118926,2.7634656,1.146436,0.023179397,3.8553395,1.4278209,0.32859027,0.16006275,0.06465589,1.3572334,1.4507263,0.6696599,0.73921573,1.0593787,0.07879646,0.5510066,0.92455244,0.27507392,0.7695511,0.6983609,1.8944962,0.9278202,4.011784,0.28540736,0.7841374,1.8246751,0.65958124,1.2916551,0.36558026,1.9317586,0.19693919,2.1635964,0.97892046,0.0,0.12242451,1.104865,0.54482543,0.5761805,1.0234174,3.7015455,0.29684293,0.6382655,0.3689048,0.36684635,0.24086984,0.103508696,0.31298897,0.15154377,0.76931506,0.99100244,6.6510744,2.4731896,0.10555217,0.84941715,0.5489481,2.3606918,0.17812112,0.9006181,0.6576455,1.1344327,0.17514813,0.81477,1.1647478,0.061341614,2.6103456,0.117889725,1.5482669,1.1167687,1.0925778,1.2148644,0.8792681,2.4823613,0.5898103,1.1097594,0.08473407,0.31158882,2.1637895,0.038563736,0.13204496,1.3349978,1.4333303,0.97540545,1.2693524,1.9339694,1.0478429,0.040890854,1.7612149,1.4834918,0.85217845,0.53827447,0.4711291,0.68172735,0.045243245,0.6276593,0.05643498,0.6058964,3.6194508,0.38106823,1.3818477,1.4638972,1.3193623,1.091293,0.79809344,1.0764513,1.6919807,0.05031402,0.6450928,0.78817075,0.99159217,0.5168358,0.23734315,1.1439159,0.15707587,1.4063447,1.0224253,1.5064358,1.4517716,1.7234269,1.9743737,0.43172792,0.0,0.061284225,0.38583735,1.3407471,0.5245854,0.032789364,0.2165628,1.566274,1.1433654,0.50255173,0.43549335,0.46190968,0.6249757,0.9568545,0.38958943,4.860445,1.0402608,1.6272938,0.008831278,0.0641362,0.18760493,0.023690835,2.1801238,1.7078656,1.0149595,0.5082033,1.5901395,0.40811783,0.6564222,0.32064617,0.7449675,0.3422426,0.4560299,0.100967884,0.20515998,1.1803652,0.305169,0.411501,0.0,1.4976209,0.9510123,1.3639553,2.7657363,0.76131845,1.1921562,0.31012973,0.23773225,0.70196134,0.86146784,0.46180648,0.603252,1.2479067,2.4904437,0.354242,0.9635989,2.2335682,1.4524481,0.12106696,0.01634027,0.60044044,0.16795199,1.8160123,1.05968,0.022745704,1.237786,0.25438198,0.032106288,1.3539928,0.28940004,1.2744572,0.28727412,3.571447,0.331221,0.33063397,0.5666123,0.32336545,0.7608802,0.24567407,1.0017095,0.31540164,0.22270827,0.59544736,0.45702666,1.1893024,0.17816292,2.127319,0.06621999,0.47770017,0.6237311,0.15255691,0.14274625,0.34278387,1.2449846,1.4984522,1.2888559,0.62995183,0.16797377,1.7079287,0.010699717,0.28661972,1.3583854,0.49749413,0.7333947,0.92488456,0.0037881574,1.2666764,0.3039435,1.2631372,1.6521944,0.10028016,0.827266,0.33551267,0.0,0.65717316,0.5556949,0.62394184,2.1941252,1.2253861,0.005425368,0.50554967,1.226178,0.13799259,0.10847724,0.025195329,1.2991335,0.115403734,0.5169484,0.8471297,5.0896144,0.03058261,0.61241686,0.2128384,0.08187687,1.1600842,0.5304062,0.6494107,2.019344,0.12038826,1.4428741,1.0588593,1.7549438,0.019313518,4.558391,0.80546737,0.7625477,0.11304922,1.2783933,1.2572731,0.61368424,0.23278052,0.636848,0.3572046,0.21741366,2.3889396,2.069613,0.23541522,0.039310504,0.89076567,0.32362086,0.012292631,1.7953712,0.07422697,0.078953944,2.1056364,0.2808893,0.18998778,0.2624251,0.25856405,1.4202343,0.09640567,0.16388988,1.9174805,0.2670208,0.4871937,0.76437145,0.059297584,0.98579824,0.4319784,0.696991,0.104830176,0.028632572,0.9416678,0.66799086,0.49506584,0.86248225,0.59707135,0.028711766,0.8096723,1.0605011,1.2306763,0.6052982,2.745995,1.6482472,0.79394084,0.32320502,0.9747681,0.03461232,0.2772066,0.8283675,0.33612013,0.22227812,0.20742413,0.053534165,1.1864642,1.38006,0.31270373,1.3224646,0.22974612,2.0644102,0.6484348,0.29415277,0.12467585,1.166289,0.62661153,2.2883747,0.40265313,0.066625044,2.2286777,1.3366114,0.58826995,0.2942877,1.7187785,1.238214,0.07731396,0.51620096,0.2628585,0.26805294,1.8658504,0.051869247,0.12669106,0.6464958,0.6646107,0.099684745,0.23426278,0.13369605,0.08411604,0.3167285,2.6247303,2.317373,0.42154914,0.5801764,0.172575,3.3221884,1.2622656,0.15253831,0.0,0.5608376,0.20085828,0.63116413,0.7220689,0.76072645,0.11229197,3.0929353,2.8092215,1.2068428,1.7195537,0.81945765,1.3305882,0.2177889,1.22652,0.20238653,0.9491998,0.055360906,0.09303879,0.02825703,0.10066944,1.3479125,0.42487416,0.97847885,0.15641671,0.6259014,1.6893167,0.8865059,0.0329737,2.3549802,0.17014055,0.06363546,0.90198857,1.324062,all_pothole_images\pothole_images_new_image_1115.jpg
1.0639495,1.8097714,1.5306269,0.17967281,2.1439285,1.1834092,1.0153457,1.491452,0.9410746,1.0566437,0.16644542,0.38680592,0.8827497,1.6412807,0.9726547,0.07450421,0.25854623,0.09819463,0.1638327,0.08713307,0.124124564,0.8954431,0.84524643,0.653654,0.3155514,1.1214813,0.589963,3.0483634,0.1891386,0.3792668,0.31079817,0.28588998,2.7075307,1.6787671,0.061008364,0.16453184,0.12023146,0.44638264,0.39596328,1.4310356,1.2370747,0.7110069,0.3143564,1.3876399,0.47230554,0.7015739,0.55728734,0.06162216,1.0768473,1.4047742,0.5446551,0.090187654,0.5024006,0.06320645,0.48275265,1.281991,1.0631025,0.7011111,0.14645875,0.05975433,0.651968,0.3065946,0.379088,0.5627517,0.039688844,1.4289124,0.7608412,0.7806932,0.5224462,0.6447523,0.498319,0.36127797,0.8607578,0.43511102,0.32232022,0.32243362,0.4586205,1.6978741,0.32202968,0.15885216,0.24622005,2.0527833,0.62632835,0.71467596,0.62307304,1.7033459,0.6606385,1.1506594,1.4391593,0.5589325,1.2734057,0.092562884,0.29869238,0.29745683,0.025212383,0.8316257,2.274982,0.21739258,0.68411326,1.103912,0.17007574,2.404053,0.112805344,0.5713315,0.07016942,0.46453735,1.3266523,0.8779705,0.4202343,0.9092512,0.61705697,0.75124234,1.1763533,0.55235827,0.013371179,1.5970131,4.1446266,1.1955177,0.05284818,1.3032312,1.52528,0.07634576,1.8079859,0.7433909,0.11308538,0.3029363,0.058783043,3.1822932,0.9232521,0.8624762,1.9653987,0.34790412,0.30013326,1.3628125,0.8947528,0.9242833,0.3160673,1.7503394,2.3045912,1.0609568,1.2914106,0.108760044,0.017189262,0.9988262,1.1659398,1.2590334,0.6762146,0.51082903,0.66120416,0.5430784,0.65120554,0.47084045,1.0016575,0.73686856,0.6319311,1.3654703,0.13820946,0.519313,0.06926559,0.33308536,2.014575,1.2409909,0.09243685,0.30790296,0.19001937,0.05767813,0.22515993,1.9006349,0.57156265,0.28747854,1.4463109,0.23933955,0.15101075,1.0373365,0.22338048,0.17039356,2.1235747,0.41609135,0.5072539,0.8534601,0.32020047,1.8730927,2.081375,0.6878906,2.3022578,0.81283706,0.91257524,0.8514618,0.37088624,0.02849869,0.32817358,0.08522374,0.7277504,2.3493574,1.2076352,0.48070875,0.70362544,0.31982318,0.08040704,0.78982353,0.35575727,0.4428189,1.5111903,0.6188624,1.8274477,2.378363,0.6624736,2.2365885,0.08976743,1.0051255,0.24478573,0.16698658,1.8699316,0.71761584,0.82581127,0.48281357,0.11803917,0.54522043,2.3928335,0.21222009,0.3963177,0.5843126,0.40641612,0.18364304,0.5761212,0.45240113,3.1021392,0.9956401,0.25474063,0.0363635,0.051873017,1.3291501,1.2116097,2.051918,1.3532537,2.5997946,0.37794137,0.9277378,0.13977695,0.022622565,1.7739222,0.13389607,0.42567128,1.1995528,0.27115464,0.08406874,0.5634954,1.4675212,0.65338385,1.0316755,3.3726912,0.057847723,0.8311644,2.2054377,0.269336,1.2819303,0.16061208,0.09090145,1.6453614,0.07753917,1.8196088,2.31389,0.9900915,1.0334696,0.5426342,1.5041703,0.31966195,0.5736213,1.4458603,2.2698033,0.018997753,0.6557511,0.06918177,0.2935124,0.19489188,1.6456196,0.7562514,2.0755787,2.2285657,1.8850745,0.9981124,0.15641095,0.12945995,1.3242706,0.48571488,1.2192309,1.477199,2.3542228,1.8489803,0.499631,1.6381389,0.39971548,1.4664136,1.1258202,0.083814405,0.5778103,0.60095924,0.92100704,0.93898773,0.36128,0.059789386,0.66291404,0.45549387,0.26207733,2.476678,0.56528807,0.33843598,0.26768264,0.092799954,0.9515816,0.7360554,1.4008205,0.48738647,1.2127818,0.45476434,0.6192988,0.20231508,1.0429649,1.7074871,1.4760729,1.284556,0.16405852,0.11493881,1.8418363,0.22686529,0.16026293,2.3045368,1.5923327,0.55480695,0.104067996,3.582213,0.39740497,0.34485018,1.0124618,0.600237,1.1556032,1.1453288,0.08989871,1.1543024,0.4376103,1.0312008,0.32288566,0.87099135,1.0763878,1.0447336,0.3776087,0.30681285,1.0179987,1.4649501,1.0653703,0.20522851,0.75546014,0.28845102,0.3002825,0.39616522,0.37922484,1.765323,0.3459807,0.72696763,0.25290632,0.07173558,0.0039124894,1.4265519,0.05335919,0.46958765,0.05604666,1.2785656,3.8449962,0.38599515,0.09371488,3.0859933,0.5215692,2.346872,0.11514459,0.5958418,0.12891077,1.185569,0.6232244,1.0473268,0.7877404,0.54008776,0.25904915,1.1384428,0.15585631,2.6863744,2.5290818,1.1777109,1.6304771,0.10485608,1.194073,1.2993795,1.0128359,0.18464383,0.2394116,1.1351521,0.27256334,0.87659436,0.32823306,0.13600948,0.9795375,5.2734284,0.22483402,0.98641306,1.0952393,0.009656123,0.28037873,0.85924685,0.25161478,1.266481,0.022982854,0.31307516,0.7088194,0.58971494,1.9690523,0.27376178,0.27140722,1.2507054,0.56220645,0.23112762,0.13776197,0.36205578,0.96599615,0.18783343,1.6642578,0.25664845,2.0000536,0.7558192,3.2915874,1.3721341,0.5599315,0.34952107,0.5687654,0.31160054,1.3764867,0.9814878,3.2908428,2.3328338,1.959037,0.39841795,0.6706226,0.0,0.42649555,0.12922464,0.43232146,1.4822135,2.6899128,2.322015,0.34536174,0.017245539,0.23166342,0.37328532,0.44867393,0.59656066,0.8421693,1.8840925,0.38383412,0.61337835,0.9870167,0.32549798,1.767947,0.78930897,1.9478205,2.409749,0.71633583,0.51633304,0.11272662,1.3209621,0.8505301,2.9385571,1.2771161,1.072171,0.43329164,0.8180909,1.1132247,1.3477356,0.08772206,0.124853015,1.0209321,1.1049032,0.4837086,0.556217,2.9347565,0.6673766,1.1922513,0.8897047,0.7005786,0.99903107,0.9466085,0.8180822,0.8415434,0.7153372,0.35728937,0.41564155,1.0400751,1.6315377,1.0245961,0.0043993886,0.105109565,0.34774512,0.2822105,1.9645504,1.6385666,0.9935301,3.2870514,1.5757337,1.2878561,1.974614,0.7403705,0.34619427,1.7405869,0.53693694,0.3233999,all_pothole_images\pothole_images_new_image_1116.jpg
0.22323309,0.4696782,0.19945233,1.3016607,1.0874838,0.14534287,0.5184555,0.2077676,0.17395714,0.44234917,0.91484517,0.46173865,0.068089224,1.2625022,0.013032503,0.5650918,0.06357367,0.46959653,0.93255985,0.022834986,0.5113363,1.9444056,0.90999615,1.3325276,0.97721785,0.68912506,0.6191443,1.7562602,0.12326476,0.13609071,0.12472957,0.29289275,0.39135867,0.5002636,0.17189822,0.14727199,0.56143034,0.5295983,0.2867083,0.11962121,0.16321388,0.24865966,0.7078955,1.0163887,0.49065214,0.10832434,0.35140967,0.14450677,0.44484565,0.26133662,0.056452516,0.4164898,0.6116654,0.13460916,0.2915497,0.14249595,2.056845,0.011553474,0.28850204,1.0554899,0.10082776,0.072131634,1.6842824,0.08919853,2.014601,2.0680044,0.3759023,0.008154303,1.18977,0.21286005,0.15415323,0.5371984,0.113736294,0.18966933,0.42579624,0.20842123,0.17320608,0.5489684,0.06991936,0.9680589,0.12912306,0.3409746,0.3926421,2.32598,0.34357962,1.1400024,0.55037993,0.006407168,1.6448034,0.21120258,0.28891313,0.35337818,0.20646648,0.24071434,0.3819064,0.0,0.090137094,0.33477247,1.1393163,0.83145684,0.030235857,3.422636,0.057073627,0.11158629,0.08530017,1.2541685,0.6459563,0.38946423,0.1468868,0.7062988,0.32022652,0.3610339,0.057643767,0.5046603,0.27685392,1.3150926,0.3972032,0.2531505,0.5899655,0.6569797,1.216366,0.5011347,0.32070628,0.9550713,0.3733044,1.2944471,0.14345616,0.21430418,0.50318676,0.46297702,0.06893368,0.6130645,0.25364926,0.80625784,0.08321779,0.14724442,0.23428221,0.22345512,0.7590463,0.4735532,0.30172122,0.48728123,0.22521918,0.8146577,0.25715643,0.41757077,0.06738014,0.18974744,0.3545365,0.66485924,0.11287598,0.32788405,0.23904759,0.41439542,1.902108,0.68495846,0.07117053,0.09268717,0.14706302,0.3035519,0.45661658,1.116533,0.4481528,1.9557769,0.8164777,0.23924144,2.4487417,0.2350134,0.58686525,0.9494821,0.22438198,0.3968184,0.6748176,0.3709571,0.98165536,0.07730643,0.48975456,0.0,0.17723624,0.015969515,0.3379929,3.1181695,2.9839578,0.7556305,0.86444205,0.5528105,0.503501,0.41094673,0.33110103,0.8502066,0.1863687,0.13663432,0.108424544,0.90242726,0.4286567,0.614017,0.06976895,0.41799307,0.095541045,0.34317523,0.82287836,0.2741017,1.9105988,0.1159818,3.939451,0.12159287,0.30045003,0.00039748405,0.87695235,0.5457715,0.15154405,0.81969,1.208274,0.18427736,1.1907457,0.5547021,0.85574114,0.037885796,0.523098,0.37007108,0.79410225,0.81716585,0.35179454,0.78664917,0.011433579,0.006056895,0.9494088,0.5354632,3.1481588,0.26083323,0.5923026,0.61479014,0.71400326,0.18671058,1.9251155,0.5702748,1.4591696,0.10956509,0.20404157,0.19445765,0.06149264,0.09364262,0.98276407,0.16301908,0.23725805,0.030914739,0.6167484,0.35244626,0.36041605,5.1050596,0.21408135,0.008310493,0.10804747,0.18489392,0.54429525,0.6353662,0.25735494,0.90540886,0.83486325,1.438725,0.47649938,0.8696476,0.40414917,0.08136253,0.57978755,0.14540946,0.36490762,0.0021866865,3.0538137,0.23795019,1.545215,0.0,0.76789343,0.053950235,0.14306831,0.5075437,0.36647493,0.7692477,0.061526768,0.45495307,1.4370532,0.11555021,0.27143705,0.039529864,0.34741253,1.1584504,0.14796291,0.3890297,0.74159753,0.35469761,0.05328109,0.10835247,0.009318651,1.7299416,1.4553738,0.51688063,0.177491,1.1544225,0.4026432,3.1966321,0.38426805,0.32679483,0.0,0.40002924,5.1308417,0.7439682,0.11746286,0.4171537,0.13165598,0.32715356,0.22951478,0.46009615,2.5052884,0.9802832,0.073236264,0.0064395755,0.39389235,0.6840564,1.1197942,1.4821737,0.07810156,0.34178993,0.15988491,0.27839196,1.9450814,0.54265505,0.28171688,0.30741176,0.55191797,0.77340305,0.89756507,0.4120383,0.090339765,0.30134156,0.042584624,0.078507565,0.49229553,0.82566005,0.5653808,0.42638054,0.20079012,0.09756702,1.4897567,0.090142444,0.65226185,0.12246612,0.027962625,0.12390051,0.021745248,0.32046017,0.0,0.1365414,0.16606924,0.8527899,0.5066971,0.058679696,0.4785471,2.3665562,2.0602415,0.21757974,0.008357892,0.006936601,0.51529115,0.37819767,0.026350368,0.3373682,1.2273157,0.51434666,0.2502213,0.22788079,1.8209945,0.6596508,0.13958816,0.17414184,0.92948914,0.9757045,0.09014181,0.106991194,0.030325448,0.0015765617,0.1592678,0.0018470985,0.3740851,0.74109906,1.2140601,0.3556703,1.0504613,0.003945456,0.04125579,0.7736232,0.665642,0.49984327,0.023557188,0.20154878,0.1847791,0.32453892,0.52233046,0.5335821,0.3626985,0.2274642,2.5111954,1.6740514,0.08165795,0.7312673,0.55290395,0.15369841,0.82210976,0.2587261,0.8482124,1.2986121,0.0,0.33423924,0.32516804,0.19826129,0.15382352,0.27703562,0.52707714,0.87046903,0.29072586,0.11382343,0.3189836,0.274832,1.1725519,0.77480364,0.4200501,0.13561395,0.94835246,0.102567516,0.013289372,0.3147321,2.1872797,0.0,0.6914984,0.90829265,0.9447251,2.117655,0.29385728,0.3532723,0.17242488,0.11395671,0.5540369,0.08179007,0.4373376,0.15466292,0.46245015,0.16972087,0.1289435,0.46690476,0.101435415,1.0952809,1.0889552,0.08732536,0.33521307,0.2723826,0.14506721,1.3306799,0.4699663,0.39753753,0.027324753,0.38798094,0.95687515,0.1093201,0.871164,0.091829084,0.19259246,0.69591177,0.015781745,0.01081054,0.6468265,0.29515085,0.64085895,1.1521605,0.84730786,0.0,0.5344921,0.59833026,0.54968363,0.60250705,0.76384884,0.004885004,0.083337896,2.659572,0.62064785,0.5722557,0.25516292,0.5695748,0.5356851,0.034866735,0.058405265,0.12913242,1.7650454,1.6494262,0.6247478,0.0063404264,0.110841595,0.17244416,0.8487265,0.25668663,0.96153444,0.0126615865,0.4105029,1.3638725,0.60613275,0.32578474,0.11217592,0.29205683,0.08520441,1.0881909,0.64724934,0.24732885,0.5999454,0.08906847,all_pothole_images\pothole_images_new_image_1117.jpg
0.4325981,1.0537665,0.27238023,0.7377623,0.97845745,0.7705676,0.6547864,0.062356092,1.333563,0.56555927,0.37524772,0.30213848,0.8530674,0.2667735,0.31813622,0.07276077,0.3805201,0.40855733,0.021522462,0.11935285,0.12931702,0.43234026,0.13118505,0.32884565,0.33537093,0.4903171,0.17901538,0.15350908,0.17686775,1.0938486,0.5370817,0.0051813805,0.36188608,0.25519982,0.88867325,0.18448144,0.64800006,0.22272713,1.1107955,0.5429622,0.27545977,0.0,0.32745504,0.39064243,0.5716311,0.1376345,1.258843,0.4448572,0.7674882,0.171531,0.0219055,1.1329114,0.3162613,1.6328033,2.4933887,1.2588185,2.6887374,0.11184734,0.085407145,1.4978133,0.6830423,0.008856925,1.1359578,0.5315985,0.8345609,1.418144,0.7020406,0.14487956,0.82308066,0.6848867,0.6700053,1.0634918,0.6056295,0.43028364,0.08710176,0.80931664,0.6995468,0.64754385,0.27677256,1.3637804,0.11987372,2.0116606,1.2056732,1.6553128,0.71306723,1.2638196,0.3726621,0.118703276,1.7580303,1.3436886,0.34409666,1.9562004,1.5018858,0.11284871,0.08683978,0.2440017,1.5631462,0.1525532,0.52489364,0.21559112,0.38057402,1.9371345,1.1379925,0.56518924,1.778415,0.3208557,0.4066956,0.020313997,0.6679572,1.2166955,3.1534388,0.781645,1.1953802,0.33224314,0.090016775,2.0606635,1.7687385,0.9910174,0.47200677,0.486759,0.78406864,0.0809209,0.30791026,0.8674686,1.0270162,0.5983693,0.7776779,0.4577249,3.1847355,0.44342545,0.5182865,0.8548409,0.5132163,0.9193776,0.98790425,1.0075802,0.2902676,0.7149695,1.7500825,0.705802,0.28053162,0.40738258,2.0069644,0.8029316,0.8490443,1.0522302,0.3278206,2.5863411,0.006999058,0.71138203,0.22023478,0.17529945,1.3127086,0.17404206,0.37195727,0.48316133,0.2950166,0.20234597,0.33819827,1.5208945,0.4559117,1.4823794,0.12559949,0.27926952,0.3857871,0.12243076,1.1019617,0.23817647,0.3423054,0.3606425,1.2775004,0.32762417,0.15309246,0.07327029,1.0953428,0.8825994,1.3711212,1.0394287,0.42452836,0.31105843,0.039673366,0.47542387,2.1053302,1.0839975,3.890192,0.33609334,1.8375313,0.027188001,0.52401096,0.93286896,0.11003693,0.15222354,0.20447995,1.777227,0.9402359,0.39375195,0.503773,1.1294656,0.005649061,0.36747476,0.14179395,0.78753537,0.30066124,1.1854787,0.5948951,0.38885054,0.5871468,0.053696465,0.6322373,1.3374135,0.43552276,0.43887368,0.5699699,0.49089003,1.0598333,0.0061473753,1.361166,0.8168278,0.24981965,0.054770812,0.5371199,0.317845,0.21694045,0.3751217,0.11398541,1.4338106,1.3616261,1.060428,1.0470178,0.31385097,0.13591719,0.13639252,0.12164314,0.21233936,0.26964852,0.735051,1.130776,0.7418763,0.008481329,0.40377864,0.5667258,0.43420705,0.24810201,0.012977409,0.41249138,0.39151,0.26646504,0.63085866,0.75887614,1.2689596,0.73254967,0.39030004,0.89505154,0.3250654,0.1562163,0.26486218,0.40624762,0.14322428,2.6567464,0.4151815,0.37075493,0.46610582,0.5209068,0.43105984,0.48903078,0.28982607,0.21888192,0.5140131,2.7132256,0.2516284,0.49468526,0.35949633,0.027010499,0.77588075,0.80725205,1.3170023,1.1330137,1.1672177,0.07260505,0.7127872,0.75861466,0.8795101,0.02404929,0.46164173,1.0209609,0.29473475,1.0367233,2.0255587,1.5083578,1.205477,0.57420653,0.3336388,0.19398646,2.0585282,0.87064284,0.38018954,0.018190295,0.22824262,0.5366977,0.36535192,0.14191326,0.7021017,0.16676433,0.0016777933,3.4806175,0.56001735,0.48366943,0.1326207,0.03221266,0.5148738,0.2974233,0.92498386,0.7298793,0.55827594,0.513182,0.35219258,1.2066116,0.19252007,0.92035455,0.072125085,0.17191523,0.775068,1.1572629,0.23368874,1.0011777,0.9338638,1.948283,1.1233652,0.57248735,0.63818854,2.4101644,0.55699956,0.9569182,0.40825194,1.4078655,0.5203698,2.7392378,0.016088994,0.82385874,0.08632186,1.0134137,1.7116772,1.0461522,1.1026419,1.6326119,0.06564388,0.35673586,0.080714665,0.6685348,1.3068829,0.6697571,0.4901369,0.91671985,0.6720844,1.1743093,0.7591742,0.5705612,1.1231517,1.1633453,2.4999835,0.2668699,1.2107899,0.13445568,2.308225,0.42794332,1.1177405,0.5232844,1.3853227,0.2377619,0.83818054,1.7154055,0.07627199,0.33489454,0.5704102,1.2785859,1.3530986,1.0686868,0.4648808,1.435075,0.56658566,0.2724966,0.16688766,1.2479334,0.20744166,1.5755795,2.0541086,0.9926812,0.21246454,0.025012882,0.68510514,0.3059037,0.4168392,0.12554152,0.082472004,0.01048687,0.65444726,0.31936336,0.257346,0.25703079,0.72612405,0.84921247,0.9711113,0.45513386,0.6009135,0.85133165,0.9673303,0.16315708,0.42985484,0.18067807,0.5952756,0.21689692,0.29837418,0.4744141,0.82174355,0.18893133,1.9988805,0.6201136,0.40899953,0.5153026,0.03180489,1.3202127,0.76263034,1.2727289,0.65732867,0.72575873,1.6582296,2.3824909,0.49887308,0.6128924,0.0792697,0.29994386,0.88149184,0.37456816,0.7333344,0.05367562,3.3190308,0.50708526,0.24995254,0.39565042,0.31801474,0.24855863,1.1967596,0.053317837,0.69832134,0.27512082,0.82843864,2.387492,0.17289075,0.5999974,0.5760074,0.42153868,0.24219996,0.026805291,1.3213803,1.1058632,2.4202757,0.06737037,1.2810836,0.7129415,0.167783,0.27245498,0.61589783,0.8444237,0.3601898,0.19580555,1.4363278,0.54444385,0.2165046,0.65661275,0.5555567,0.8411761,0.3481474,0.73844135,1.126614,1.4196506,0.81677157,0.12732461,0.39507326,0.10261677,0.13637453,1.2945739,4.037014,0.52522534,0.3194933,0.22328542,1.5898612,1.947668,1.5290397,0.8660942,0.905332,0.8223405,2.3425815,0.43875927,0.20683914,0.92797154,0.1749064,0.13738692,0.36839154,1.7847576,0.6078555,0.04953435,1.971112,0.27682078,0.6704486,1.8273534,1.6960709,1.6380104,0.38833824,1.7225688,0.54643846,4.0107055,1.4622182,all_pothole_images\pothole_images_new_image_1118.jpg
0.5553972,0.52015555,0.42182267,1.9924314,1.9486899,0.889684,1.237067,0.022705859,1.7337463,0.795311,2.436037,1.2426463,3.307023,0.13610019,1.640184,1.2657455,0.672196,1.8800229,1.2830529,1.9673829,0.28783727,1.6753231,1.1617321,0.88398653,0.64238507,3.326026,1.3486664,0.24861442,0.3840817,0.5606641,0.33646944,0.0959545,1.2503787,1.9724865,0.21451539,0.10896413,0.5578111,1.4161097,1.0183927,0.6420622,0.14379042,0.56366765,2.153701,1.662103,1.0850074,0.33660865,2.3841863,0.73543376,1.7960675,0.7060998,0.20498699,0.7792595,0.07232079,0.64005876,1.4296159,2.5150445,1.6743174,0.7286413,2.004774,0.017753473,0.11448937,1.3482043,1.9503614,0.78192574,2.6906402,1.5161073,0.7969776,2.8351495,0.7309965,2.761884,0.7927661,0.029407764,1.8111758,0.68113816,0.32200268,0.115235105,0.7789295,0.16614926,0.15473762,0.12871602,2.262423,0.36473158,3.0807803,0.1955339,1.0464802,0.20814484,2.3474865,0.15362173,1.614587,1.1138185,0.1789451,4.199324,3.471414,0.12328693,1.3735219,0.021664266,3.6324782,0.087735444,2.1835895,0.5806647,0.9474744,1.0372661,1.5398037,0.26234567,1.3152755,0.27262083,1.4584472,0.2849564,2.2244658,0.7561175,1.9100257,0.41264102,1.9466817,0.016593685,0.24579406,4.715495,2.4026947,1.3371788,1.0061568,0.29216516,0.128514,0.5024027,0.7925444,1.6508446,0.71303403,0.93826455,2.0139475,0.21244687,2.947397,0.20257597,2.1310952,0.46085387,0.22647673,0.117718965,1.005468,0.8851279,0.3283604,2.2293694,2.9902604,0.10536026,0.7529727,0.8128945,0.15370636,0.60216606,1.1152437,2.0302784,0.34290698,2.0931594,1.3493571,1.7386086,0.21114713,0.7838891,2.9661238,1.7106776,0.05656987,0.29005945,0.97959787,0.41009223,0.036647826,0.77083087,1.3305041,1.9861549,0.8275921,0.19103497,1.2310914,0.019232178,0.76848483,2.337643,1.4641919,0.28159142,0.51973647,0.94989985,1.1102363,0.8140862,1.3140138,0.50516367,0.6475109,2.3243246,2.2566335,0.13633677,1.4336128,1.0535762,1.7863998,0.23776795,3.4856622,0.2590491,2.2048395,0.80579907,0.4602808,4.206941,0.03593068,0.4306448,0.5676622,3.0745904,0.6567993,0.08291813,0.53057575,2.0937514,1.2982386,0.40790424,1.5257727,0.5315577,1.473192,0.8423768,1.6304221,1.1303356,0.18216743,1.0430717,0.9379148,0.8879568,0.6732161,0.84976256,0.288261,0.074153274,0.5719936,0.9664312,0.21686994,4.4495797,1.2860548,1.7795992,0.40418428,1.6314372,0.665712,0.05603645,0.26962942,1.3245356,0.32692048,1.9942024,1.1144302,1.2625674,2.1348612,0.5345999,2.1648684,1.6322446,0.07131974,0.7451541,2.6923869,2.7640781,0.10439162,0.41451544,0.08399809,0.4347583,0.76069236,0.81821644,0.8326239,2.4134736,2.485535,0.9632668,1.5430211,2.3490853,1.187391,0.5902002,2.135949,1.4845098,0.18729873,4.0453715,0.2780691,2.4941597,1.2036244,0.10345584,1.1920221,0.042681843,1.4246912,2.5423772,1.1698359,1.4187126,3.8087387,1.4722098,0.900819,0.4987118,0.6467623,0.37469676,1.6186429,2.0940616,1.3890843,1.3490666,0.4352206,0.30969822,1.6702491,0.43083993,2.4352615,0.7900098,0.86132693,0.1918813,0.451897,0.6612794,0.029284773,0.46782127,3.321449,2.9547734,0.9563178,2.1184168,4.607029,3.5136998,3.422742,0.1927317,1.9452277,4.3059793,0.48744324,0.4313782,0.11816505,1.85901,1.3806936,0.8086629,3.8034537,1.2517004,1.3296596,0.5142955,0.3661118,1.3713725,0.82300436,3.8917847,2.0492442,0.8294345,1.3740526,2.1895444,2.7309911,0.61847335,3.223969,0.19325918,0.4361555,3.4657729,0.07336724,1.6084702,1.1378922,0.6872004,1.7890753,0.30773467,0.21521781,0.84074384,3.3055239,0.23970741,1.4200903,0.5103721,0.21439123,1.1614212,1.4500816,1.2946858,0.18238951,0.3720103,0.8686626,0.46919242,0.45960835,0.44140756,3.6156733,0.16309683,0.28594086,0.05282148,0.2638249,2.807411,2.9007468,0.050265767,1.4956259,0.71003795,0.20307182,0.7144713,0.12089248,2.389913,0.1735372,1.0870037,0.29593834,0.9562321,0.008718808,1.2966632,1.1576642,1.2826072,1.7145895,1.1065716,0.98575956,1.476403,1.6973017,0.036558047,1.0119193,0.6451383,0.66240066,3.0968502,0.11817279,1.3210841,2.3327093,1.98617,0.34866416,0.3547135,3.3716524,2.2438061,3.203503,0.46228173,0.13181171,0.17324093,0.22611277,2.0971842,2.0162804,0.5074769,0.14597277,0.0,1.0956596,0.8329837,0.7766544,0.0,3.4489932,1.5514227,1.5930616,1.6208966,1.5413927,0.036765303,0.81214964,0.28394914,0.5953013,3.050678,0.7258195,2.4198377,0.47200868,1.611296,2.056902,0.5614706,1.5396444,3.7326834,2.2247558,0.40600052,0.16607997,0.28392273,2.1652305,0.42164847,0.87877184,1.396507,1.1693981,0.8649715,3.4366922,0.4076344,1.0151912,1.9975103,0.22874038,3.3162272,0.26390418,0.13247994,0.9605833,0.81472045,1.1343848,0.15257603,1.4972886,0.16917352,1.7773693,4.264081,2.4500935,3.722666,1.7028712,2.7099135,1.2524312,0.43752512,0.28173032,2.508037,0.6945699,1.8672358,0.12129889,1.4202441,1.0780252,0.5147305,0.2720783,2.450824,0.6290135,0.25188583,1.0473186,1.0437744,0.8571589,0.6564893,1.043628,0.16058931,1.0508894,0.30197415,0.65484804,0.34032923,0.61765826,2.9002514,3.5066178,0.6391361,2.7206912,0.9786744,2.0185711,1.0917714,1.4283768,0.44282463,0.68236464,2.937571,0.9703261,1.2544684,0.10522111,1.7441926,5.064399,1.6661249,0.73683804,1.4367514,2.7413747,1.153862,0.13582273,4.219585,3.2376504,0.09246468,1.6270525,0.61071706,0.6237035,1.1602819,0.30292827,1.8375312,0.96592826,0.409258,3.2645276,1.2378938,0.52076495,0.67151093,1.3572863,0.6554077,0.39453366,5.3051057,all_pothole_images\pothole_images_new_image_1119.jpg
0.0722523,0.988507,0.12739614,1.9008563,0.103268206,0.022999294,1.0180756,0.0075461823,0.5315091,1.3150059,0.61073536,0.56878775,0.9088511,0.49714878,0.0033892444,0.9317826,0.045214582,0.3142376,0.21521251,0.2952395,0.2131249,0.46826604,0.36870137,1.834424,1.7027949,0.48023915,0.6378775,2.3115838,0.62135464,0.42464954,0.05416521,0.470345,0.55949783,1.0954788,0.37703934,1.3841618,0.65008885,0.99049795,0.1556813,0.20712054,0.18929781,1.2542996,0.60265905,0.9361609,1.5139985,0.48922658,0.716966,0.22853562,2.19193,0.6316496,0.5031503,0.6241138,1.036631,0.07226924,0.8392248,1.2065223,1.4837531,0.5156515,0.1779402,2.0370982,0.70840144,0.06974762,1.6220541,1.8760117,2.3013144,0.55805933,0.42914224,0.31605673,0.2570926,1.2036486,1.791372,0.9700051,0.09988843,0.4732813,0.7423879,0.79598117,0.11128665,0.4373158,0.02606467,0.34659803,0.42338133,1.1736676,0.5181546,2.2523978,0.09392792,1.0849969,0.5154393,0.07736841,1.7007489,1.2687604,0.04321873,0.98212093,1.4003084,0.39195353,0.30338362,0.061477087,0.68291754,1.3445435,0.7543231,0.25386924,0.23411644,0.8423387,1.1446474,0.21642034,2.449853,0.0,1.1725674,0.67813295,0.6621134,0.56627274,0.41118652,0.8409251,1.0345552,0.3858025,0.9902355,0.19478495,1.0965921,0.10952592,0.41469347,0.4904634,1.9659249,0.16838975,0.16426855,2.653136,0.48107058,0.61896884,0.30314824,0.09475112,1.1744646,0.28130537,0.78243124,1.0079261,0.2958235,0.401862,3.0316877,0.24750121,0.35730255,1.186054,0.3110652,0.10363671,0.48395061,0.89472944,1.6531042,1.482247,1.1669632,1.7684995,0.87465346,0.06438859,0.42608112,0.480491,0.30585036,0.040640227,0.12734081,0.27048227,0.77089363,0.30989563,0.77891695,0.12249124,0.12485188,2.163004,0.8775188,1.0140039,0.051171448,2.8426292,0.32969004,0.2611818,1.9990907,1.1975063,0.3997658,1.1962005,0.030429523,0.26653358,0.596816,0.21906306,0.13749646,0.8204091,1.7628604,0.53188986,1.1500891,0.72468525,0.26193747,1.5499355,2.2574306,0.7450003,2.9480658,1.559986,0.3925363,0.83605474,0.7372485,1.0577542,0.014910239,0.66733587,0.64217997,1.8143827,0.35102257,1.3699864,0.17063594,0.48329672,0.16572532,0.0054862797,0.5868823,1.4774613,0.20369692,0.031793576,0.9981153,0.77218574,0.58066815,0.8238389,1.8042562,0.9144293,0.13331889,0.20046487,0.27221906,0.0818593,2.480864,1.6278683,1.1441259,1.3817382,2.007026,0.06701854,2.1444736,0.02808466,1.0257015,0.028186552,0.0011487396,0.72463846,0.7167303,0.22220576,3.237897,2.1865482,1.8279948,0.006466185,0.34448728,0.30040324,0.029639367,0.3273155,1.2880121,0.9560394,0.5379207,0.14349307,0.031962346,0.3215037,1.5163362,0.70126814,0.0483432,0.16937046,0.5461067,0.29640517,0.9499256,3.9222991,0.3416593,0.14522952,0.42577597,0.727079,0.4807912,0.3073339,1.5111741,0.13019246,0.8009234,1.6904695,0.96191734,0.039597,1.2473549,0.22474241,0.5982896,0.09600851,0.0016118339,0.37817487,3.5810091,0.39535466,0.21174994,0.21108744,0.41676953,0.42932937,0.26136577,1.1966498,0.16759011,3.0820844,0.11012126,0.47871184,0.43705818,0.02391894,0.46252027,0.16230194,1.4834194,0.14639886,0.5449459,1.3653524,1.5940146,0.4684828,0.27615774,0.78365463,0.67126745,1.1647379,1.0630282,0.031112032,0.06888166,0.3452997,0.6008666,2.1352162,0.42064992,1.2746181,0.0054844716,0.08626613,5.9540677,0.5902811,0.0,0.0,0.90200347,1.1237266,0.0056720288,0.6335018,2.8580346,1.9414264,0.6171659,1.4707727,0.06792425,0.50904894,1.9553546,1.4647803,0.061257906,0.16738345,0.35744873,0.5836508,1.2468011,0.44079697,1.1159346,0.33387932,0.7164475,0.14866832,4.121131,0.021303318,0.0,0.0013004044,1.0684235,0.27709803,1.1565164,0.59337133,1.3695084,0.08495126,2.0619495,1.6557508,0.9594982,0.6754341,0.36019802,0.62404794,0.19332962,0.71436155,0.61574274,0.23349929,1.0142976,0.89228666,1.0505131,1.4270121,0.40591905,0.049565688,0.0942649,0.71321917,0.043036975,0.43463126,0.80442977,0.08089219,0.26929593,0.71442336,0.085547894,0.15854765,0.50796926,0.68767935,0.1604317,1.1011566,0.20256163,0.050661612,0.41960084,0.88387746,0.78591365,0.80981255,0.06681612,0.21476755,0.53625876,1.2052581,0.017414926,0.26314995,0.42881617,1.6805907,1.4731071,1.1255164,2.1467137,2.008419,0.07678738,0.9079496,0.3575038,0.017343916,0.16433907,0.09578701,0.21697296,2.3450892,0.30049235,0.31117514,1.3205717,0.5229015,0.33062273,1.8043368,0.53374505,0.11084916,0.46623793,1.4153315,0.73161316,0.2120216,1.1965712,0.85590947,0.5848317,0.6843935,0.09190378,1.0329663,1.3693533,0.825384,0.43109727,0.66893846,0.27348793,1.488559,0.9019923,0.5876874,1.692453,1.1422424,1.7103662,0.24015725,1.2080749,0.7074412,0.51088554,0.23570426,0.57138234,0.49466848,0.402922,0.24146101,0.26732734,1.2225418,1.554882,0.7889685,0.25845698,0.44927207,0.20235303,0.8754423,0.22959395,0.12969998,0.002836568,0.0368847,0.94277066,0.56237394,0.2553397,1.1303579,2.0089557,1.4124413,0.21647745,0.6966734,0.3576887,0.079342574,0.4994435,0.18947901,0.6772776,0.20775697,1.8758076,0.6307088,0.2913598,0.5379724,0.5378042,0.5541425,0.0,0.219767,1.0305872,2.082691,0.54320997,0.5971542,1.9159521,0.0,0.07624716,0.07103476,0.7756226,0.98847514,0.2026273,0.007203897,0.1468201,1.5910171,0.5633214,1.3105026,0.033138353,0.13376509,0.16802573,0.30511326,0.3236083,0.31457835,0.36392578,0.3888763,0.24128205,0.09068242,0.2960785,0.0,0.0931827,0.779328,1.3888448,1.11188,1.4638743,1.6068697,0.8044294,0.19586796,1.3022711,1.8688853,0.0388658,0.2505692,2.303699,0.3221725,0.7539203,1.4202161,all_pothole_images\pothole_images_new_image_112.jpg
0.006167603,0.09975253,0.1455606,2.657787,0.39751005,0.09485095,0.15958972,0.03834529,2.2998188,0.016211696,0.16741224,0.21044712,0.090677865,1.4402033,0.13546473,0.5361773,0.73363185,0.6794519,1.8006037,0.10546269,0.18753994,1.4059778,0.31442633,0.26418307,0.64867735,0.011005949,0.0,2.4433951,0.056189846,0.05810279,0.07663215,0.19488041,0.32960728,0.86078876,0.15321921,1.349381,0.07915304,0.23298348,0.66611046,0.00035185434,0.07071484,0.003020127,0.48025453,0.34584212,1.379409,0.008370048,0.24888745,0.0,0.18082988,1.4920894,0.7462637,0.19360499,0.09767755,0.8898116,0.9524423,1.1759298,0.06078294,0.08454525,0.3343478,0.20225607,0.3346156,0.13638306,0.18908204,0.061905675,0.11901156,1.5743492,1.3440217,0.021999527,0.5075129,0.05245932,0.13953273,0.5166123,0.07488468,0.011556748,0.8398199,0.023298224,0.012747611,0.6730952,0.5658125,0.60344535,0.0017875308,0.090693854,0.3305228,1.2001902,0.056740113,0.3117186,0.26270038,0.0097735645,0.43522453,0.84282285,1.1584802,0.102742046,0.041700255,0.99726367,1.7774674,0.0,0.2725121,1.3196675,0.32246074,0.04061161,0.090121105,1.4480338,0.089963086,0.12277247,1.2880958,0.41722012,0.68671167,0.06983882,0.06613302,0.42074743,0.347663,1.1289209,0.07748095,0.5962372,0.2920319,0.0,0.38585797,0.17402661,2.3242614,2.031619,2.9298568,0.1951661,0.06733341,1.2698082,0.78414,1.3427126,0.22078586,0.26230404,0.59687054,0.04917627,0.1821036,0.35026324,0.46693307,0.84642744,0.12844563,0.035151754,0.014878489,0.2669601,0.048807416,0.064537585,0.26782766,0.15211153,0.06535979,0.0,0.42722943,0.54477537,0.0,0.4822852,0.1302758,0.6862829,0.020704824,0.88954926,0.16104904,0.5425615,1.203315,0.38012287,0.2803492,0.42117697,0.023838822,0.26858065,1.2000606,1.9262029,0.02760648,0.15771087,0.07530432,0.19357397,0.6600829,0.02094122,1.3814688,4.9276195,0.17468926,0.07094119,0.030078653,0.03467321,0.68115956,0.8752625,0.2878931,0.002895841,0.09642075,0.38745996,0.053349115,1.7762184,0.85011244,0.67633086,0.30087137,1.263428,0.65545094,1.0856681,0.5631511,0.4614053,0.015837723,0.8152059,0.47378504,0.5536671,0.04945161,0.0061568515,1.9743124,0.5225012,0.93217504,0.06633702,0.31485176,0.925628,1.2074314,0.5368001,1.8954215,0.45729077,0.24491256,0.010512778,1.8715924,0.3820781,0.06577428,0.052021444,0.05359842,0.028383669,1.9200282,1.9486719,0.35886222,0.6044245,1.3659711,1.2475072,0.16812809,1.7029067,0.69423276,0.93412906,0.06741002,0.059770115,0.8006225,0.13580976,3.481256,0.05212222,0.04972949,0.010732332,0.394958,0.27887356,0.9664528,0.3042223,1.2305113,0.08422594,0.2177098,0.4869123,0.32014203,0.51123184,0.43727154,1.5658394,0.06041324,0.06942791,0.30135912,0.05166143,0.15425685,3.538007,3.4603667,0.08047519,0.35385454,0.017883383,0.3656188,0.016634936,0.51012903,0.2807348,0.45328498,0.21983576,0.11993988,0.3737722,1.2265172,0.4329466,0.06702709,0.5363025,0.7478725,0.020942984,0.5645173,0.28921974,0.06864542,0.0006361241,0.3621914,0.076934926,0.22477253,1.7113365,0.0,0.0007096103,0.1313183,0.21832901,0.35298848,0.6676558,0.13529682,1.0370927,0.51093507,0.19330569,0.24821682,0.116024084,0.15936016,0.1196841,0.075076215,0.26161003,0.068548135,0.74619734,0.109717384,0.41677594,0.037073474,1.302995,0.5847721,3.0469656,1.0882164,0.14882475,0.23475444,0.09998867,2.4072433,0.011353856,1.4531084,0.4160233,0.604069,0.20008843,0.94310963,0.22233546,3.8998444,2.72428,0.62519467,0.9573434,0.0,0.31213483,2.350688,0.65006983,0.85926956,0.2484944,0.40022686,0.1416302,0.6003417,0.19075465,0.37674233,0.004049867,0.0,0.0,1.2117319,0.07609229,0.32048512,0.055029064,0.09866181,0.14755486,1.4899551,1.3962322,0.71466357,0.18641771,0.6623622,0.24366596,3.2308667,0.55664134,1.680779,0.74693334,0.58138084,0.0,0.012198438,0.89948297,0.031671017,0.42316008,0.0,0.729156,0.3461708,0.7728794,0.04489897,1.6355603,0.78553075,0.2160464,0.10633383,0.47657666,1.0859026,0.03952937,0.17027712,0.3127407,0.85879856,0.22491424,0.61293644,0.690483,1.9469312,0.077642396,0.4538849,0.01185234,0.011074662,0.070223786,0.017136175,0.12005812,0.5586624,0.088286445,0.0,0.23121136,0.49041533,0.9220618,1.4931145,0.16793811,0.12227001,0.9763905,0.21424745,0.6840556,0.492339,0.0355012,0.8046537,1.1227906,0.025936026,0.69852877,1.3059504,0.68890893,1.3537086,0.022590712,3.1510797,0.16174434,0.4221273,0.12159416,0.057081625,0.20007782,0.5088998,0.4539716,0.36717978,0.014517939,0.5922018,0.3984227,0.5707116,0.087031,0.1869035,0.039939966,0.17152978,0.7064362,0.29887742,0.13665739,0.49255708,0.23449378,0.0052253054,0.75956964,0.5930994,0.1500836,0.125102,0.009542359,0.062302977,0.3658212,1.3894229,0.28435427,0.34901163,0.23382905,0.3751848,2.9967387,1.962966,0.076994024,0.17035897,0.048511267,0.104139425,0.023558889,0.3477017,0.09101391,0.5648839,0.116684094,0.7116802,0.86551666,0.0022792085,1.4256476,3.1882405,0.2514181,0.7892027,0.71145475,1.1279125,1.560015,0.0,0.1989527,0.06360702,3.7419338,0.4622607,0.25018418,0.37450275,0.015391768,1.1187749,0.55473286,0.5265468,0.041514225,0.10754827,2.0841544,0.5297464,0.5858051,0.2565524,0.2798251,1.0192795,0.001540369,0.21041466,1.9339836,0.8197403,0.10148378,0.39586964,1.4704784,0.6338998,0.017225737,0.3606385,0.44587186,0.011239145,0.041522283,1.711014,0.0028238723,1.0699826,2.5199726,0.021808723,0.024117049,0.03329288,0.042466342,0.02042816,0.17758276,0.04388938,0.0042259963,0.2645631,3.573888,1.3154852,0.3591665,0.5695384,1.3012275,0.3486542,0.27941906,1.6689459,0.14350654,0.06838093,0.030673528,all_pothole_images\pothole_images_new_image_1120.jpg
1.0008128,1.3255955,0.39911887,1.1915315,0.47795463,0.1815229,0.5694835,0.35629582,0.29637036,0.28663447,0.34977746,0.14304307,0.21980323,2.5125308,0.14751177,0.2646641,0.043365788,0.6697405,0.6205235,0.072321475,0.38737708,1.1852859,0.61384887,0.9780214,0.81253767,0.8417936,0.9967578,2.3495457,0.050486594,0.06700434,0.5601342,0.349777,1.0199767,0.33733693,0.5258842,0.9952271,0.18180905,1.0946702,0.17590714,0.9757452,0.10987677,1.305961,1.0790029,1.5330849,0.30201417,1.636733,0.011639794,0.0,1.1048601,1.7483623,0.7942755,0.07036193,0.904995,1.4091618,0.02433893,1.1385872,0.89459205,0.11682746,1.3033026,0.36470097,0.41218904,0.386722,1.2600805,0.94476044,1.7482315,0.5736535,0.23568462,0.5911652,0.33441976,0.44036406,1.0157095,0.6104184,0.107897855,0.15000409,0.36320198,0.1977156,0.23533885,0.38787675,0.029886663,0.20702225,0.053128045,0.53193015,0.45636055,0.7993329,0.7447281,0.94941694,0.15133539,0.2235386,1.9179922,0.07829766,0.6668097,0.77340925,0.008252034,0.5907929,0.1856821,0.09718651,1.5193142,1.019699,0.38755322,1.6070819,0.2717224,0.35624367,0.4272698,0.37115794,0.110578455,0.61520207,0.2382228,1.6630722,0.2577149,0.3460036,0.08792675,1.3183024,0.23098756,0.059299286,1.2061932,0.7255886,1.6588395,0.4230071,1.2160374,0.8162742,1.1853796,0.22237793,1.2940503,0.9633958,1.062066,0.3601727,1.9003831,1.1204735,0.07733972,1.1798438,0.5738835,0.20481703,0.4084322,1.5073525,0.045048952,1.0852222,1.3183758,0.70077467,1.9172491,0.4805133,1.0045588,0.18046965,0.24290723,1.2793928,0.28758872,1.087162,0.1106035,0.04072859,0.42158297,1.0621101,0.46491575,0.20194189,0.11453394,0.0564003,0.97385573,0.2628063,1.1627996,0.12748273,0.2939101,0.73404956,0.64703226,0.30612805,0.19375524,2.8042502,0.37627727,0.51880914,0.9273744,0.4192414,1.419603,1.1565304,0.3562238,0.3197854,0.15499808,0.0729457,0.2112442,0.23596722,0.7639847,0.2221007,0.45988902,0.42401388,0.3231697,2.0478697,1.1356083,0.7489293,0.7648644,0.4531506,0.385237,0.4796358,0.4371058,0.80656135,1.3864539,0.62928414,0.7309902,0.35490254,0.087675795,0.15146782,1.513329,0.059544887,1.0754328,0.37973246,0.4155585,0.24373837,0.9698455,0.79555774,0.6524011,1.3329808,0.9372175,0.5528672,0.53426105,0.44480398,0.21946189,0.30275914,0.98994434,0.74061257,0.8772055,1.4695817,0.45009524,0.11863214,0.61974716,0.4232141,0.58563155,0.07647798,0.6914355,0.47116196,0.02491694,1.5414833,0.8057157,1.2774211,1.7201583,1.8153325,0.171877,1.0786684,0.56815845,0.10297553,1.2642171,0.22339852,0.42907745,0.15297489,0.33237675,0.56609493,1.5141364,0.050518613,0.5253594,1.2943451,0.07079447,0.2281819,0.9947924,0.52506024,0.5477685,3.2065766,1.5095454,0.2815872,0.05432044,0.5229029,0.124986,1.2935269,1.7255148,0.10847973,0.583894,2.1713595,0.23373708,0.97759795,0.80135536,0.1976289,0.8654055,0.7875243,0.06730829,1.0698885,0.72909147,0.62504447,0.19151753,0.12166691,0.029142343,0.6144167,0.32575563,0.7803337,0.5611352,1.1654032,1.1249362,0.76263756,0.21068738,0.31957397,0.37904397,0.12014747,1.0584861,0.03738075,1.3127902,1.2520717,1.8765016,0.1732457,0.6336354,0.95236546,0.30551344,0.13584119,0.51577103,0.5720952,1.3157375,0.95364046,0.5056534,1.9834871,0.9338301,0.5099278,0.38368547,0.254398,3.9623141,0.9669918,0.009747077,0.47609788,0.5173034,0.4471105,0.2342412,0.7926321,1.7939445,1.4756345,0.6810267,0.83056265,0.1762858,0.3515941,3.389071,1.0511923,0.75017977,0.03501826,0.991608,0.3740158,0.69207036,1.5679816,1.1693662,0.7950121,0.7084573,1.2176936,1.9064549,0.38272595,0.06758392,0.26718527,1.5395137,0.29986998,2.5935,0.8937096,0.23679177,0.5417859,0.4676136,0.31298482,1.3475964,1.3840036,0.033022743,0.39065793,0.6647246,0.48968583,0.5690567,1.3656249,0.535327,0.8576714,0.49366176,0.21471319,0.62842697,0.031712413,0.8489149,0.28225595,0.9801126,0.29917422,1.6727102,0.037260022,0.3550101,0.44526967,0.01328461,0.24123399,0.74407816,1.317823,0.09409457,0.9049259,0.5567132,1.3278031,0.7207314,0.22615613,0.24038813,0.58343196,0.35248908,0.287368,0.2296493,1.4334399,1.0277603,0.20934875,0.5607143,0.5281428,2.49832,2.4838252,3.1597545,0.092971236,0.5734175,1.0007659,2.134474,0.25382167,0.24292088,0.99242556,0.05643807,0.0676622,0.31777126,0.7885492,0.61277634,0.10054935,2.4176881,0.23154433,0.04842995,0.80299324,0.8008507,0.15576746,0.362182,0.964488,1.3503684,0.004478888,0.5581175,0.97762924,0.3602846,1.099072,0.2749632,0.258195,1.2568833,1.4490988,1.188978,0.39249197,0.9739587,0.3428653,0.98062557,0.43237755,1.2441224,0.53835195,0.23432034,1.2192521,1.4065384,0.0945319,0.13480224,0.66174287,0.27011022,0.8754256,0.66202974,1.5238686,0.6078936,2.0055656,0.19758189,0.6036207,0.7722103,0.47505188,0.26204026,0.7367625,0.54947466,0.4745396,2.1215656,0.95171434,1.8900037,0.0038036657,1.445455,0.7630018,0.4023283,0.88337755,1.0542644,0.31367326,1.0527099,0.64416325,0.97233486,0.15598539,1.7480568,0.5841639,0.419109,0.84474164,0.10259336,1.1138883,0.21101913,0.020565938,1.3369175,0.59969515,0.59989,0.60523206,0.23390448,0.57991624,0.1347151,0.14156514,0.2989378,1.0504025,0.63088113,0.2106991,1.1913918,1.8318009,0.5845118,0.9631265,0.03276767,0.8203199,1.1986251,0.1372869,0.4185275,0.40386978,0.40893835,0.5170264,0.38052818,0.51225084,0.055219553,0.032802198,0.337749,0.0021434624,0.09125761,0.8869835,0.76576984,3.2623906,0.4655331,1.8309051,0.6541083,0.53348976,0.32978624,0.20325248,0.28714204,0.15939346,0.24221599,0.21467952,all_pothole_images\pothole_images_new_image_1121.jpg
0.20914131,1.80285,0.5045587,2.2127943,0.1264963,0.29109183,0.069781855,0.16945593,0.40638116,2.0854192,0.25807738,0.7070792,0.48920795,2.7512004,0.0042552827,0.8229144,0.5605077,0.0031492715,0.4121271,0.23222142,0.56592244,0.5018306,0.83194613,2.975516,1.6329974,0.99541944,0.15574649,1.2691222,0.09996058,0.14385992,0.45828047,0.058546755,0.14448644,0.8707353,0.77218956,0.75993913,0.4030736,0.61183864,1.6034688,0.13610046,0.28514987,1.9586952,1.1024823,0.32300213,2.1236749,0.22023058,0.07176731,0.0054567284,1.266454,0.19919708,1.7580396,0.8588772,0.893155,0.07237224,0.008479095,0.980513,1.7399572,0.33144885,1.0837189,0.9849954,0.46945536,0.29799604,3.0429873,1.0294938,0.32369658,0.2556493,0.48484224,0.62275857,0.4693507,0.4512459,3.4656658,1.2588608,0.895119,0.16510238,0.47498384,1.4029258,0.39493555,0.9195853,0.5525276,1.4872254,0.0038420921,2.9242268,1.212344,4.1563635,0.19937108,0.30244854,1.7621323,0.6927578,2.504717,1.1553729,0.5688206,1.5071875,0.6126601,3.3650525,0.072507754,1.4628938,0.5953032,1.1049669,2.0536945,1.0746732,0.17487724,1.444562,1.2211328,0.1640537,1.1330144,0.09565833,2.7271435,0.55852526,2.0416794,0.2528277,0.7884983,0.40003687,0.3988176,0.8689676,2.1455016,0.84645516,0.27689818,0.38270703,0.093323894,0.19524297,1.5922985,0.87479645,0.53447163,0.67654085,2.6975727,1.5507139,0.011777413,0.4584891,0.5376448,0.62649506,0.06535161,0.7334695,0.9858109,2.1376178,0.73226684,0.37313196,0.9774318,1.0795143,1.475795,0.7350272,0.43243337,0.96219003,0.87302005,1.7245852,0.24744993,0.47491676,0.8560679,0.418648,0.31040755,0.0575803,0.168856,1.2144313,2.2643638,0.0,1.3017079,0.661209,1.3127298,0.45541057,0.07042628,0.5319511,1.1941947,1.6304237,0.02462728,2.344801,3.4928212,0.054618616,2.280763,0.57137007,0.8647724,1.7386637,1.7343613,0.5912335,1.9741375,0.46248922,1.5555178,0.8368281,0.9993104,1.0205373,0.09919822,0.81011873,2.030489,1.2767303,1.1243217,0.4023298,2.2219858,0.9322409,2.0684066,0.29118836,0.6167756,1.9844234,0.7043657,3.1508772,1.0686848,0.21655217,1.8703169,2.721991,0.82358557,0.8065282,0.2164933,0.42175525,2.7407146,0.499511,0.31568477,0.1852812,0.8383372,0.30084312,0.15533291,0.008779197,1.0031155,0.012573755,0.40409303,0.93749905,0.6021136,0.8647894,1.2801667,0.10825125,0.46194932,0.23243453,1.3844249,1.1268518,1.3594464,0.015767442,0.46469173,0.046951372,0.65226674,0.54105103,0.90801483,0.61552906,2.532511,0.5446026,2.0393517,0.78725797,1.21376,1.5805792,0.014029556,0.41020572,1.2658937,0.0,0.5200702,0.20383406,0.17368956,0.8394933,0.15559018,0.07295734,1.0234481,0.44924688,0.581389,0.6093129,0.23216301,4.6172347,0.73835194,2.0295722,0.08372521,0.58558935,0.6601313,0.040704172,1.3776344,0.67548805,0.0799211,2.8336859,1.0848383,0.65965563,1.1185681,0.07211489,0.22506651,0.0013940142,1.395555,1.5094489,2.5415008,0.021152075,1.2146568,0.014275993,1.9595922,1.0469222,0.1568153,0.49513656,0.70242494,0.6544719,0.52596205,0.4266827,1.0946378,1.8083532,1.464607,0.9703253,1.3728136,1.2104421,0.39707035,1.230416,1.1965128,0.24856141,0.092549294,0.28738236,0.21823774,1.0843772,2.5552864,1.0212562,1.0134828,0.2652764,1.0741272,1.2572145,0.07635937,0.892788,0.47742888,0.20061465,5.49716,0.8492859,0.15050863,0.0011367626,1.2212535,1.6993474,0.035001524,0.5134367,3.2098837,0.44427314,0.42400867,0.94061637,0.7217,0.30678582,1.165154,0.32816124,0.5757995,0.15108442,0.9323265,0.08135664,0.28348747,0.94752085,1.8693539,0.72058356,0.9309183,0.99058235,2.6459272,0.114009835,0.06196254,0.0695946,0.6103994,0.41112852,1.6033962,0.13386805,0.84754646,0.13309465,0.9251358,1.9985293,0.7058596,0.2452516,0.6315666,0.24623686,1.6330078,0.202505,0.8567981,1.3630908,0.28602207,0.23401707,0.37806845,2.1248834,1.1536053,0.31262416,1.7762576,0.658872,0.49848086,0.11623214,0.16544977,2.470696,0.5391071,0.24760956,0.04793809,0.5630584,1.027205,0.7520948,0.1219251,2.2968678,0.5453272,0.5816242,0.18050492,1.7019099,0.3184567,1.8496875,0.34912413,0.13827233,0.7465343,1.9850489,2.149227,0.9273481,0.2512675,0.5705851,1.4652069,1.2049127,3.685283,2.590031,1.3566304,1.7759143,1.5049464,0.064243756,0.85536957,0.13648555,0.0050408193,2.1907582,1.1357588,2.2807798,0.033904765,0.18028064,1.048812,1.5352669,0.021832835,0.90616274,0.268614,0.45338002,1.2504059,0.87279207,0.21042685,1.2190208,0.31446856,0.29994386,0.1131358,0.76143974,0.31526557,0.17217165,0.15768221,0.96783435,0.027689157,0.83339673,0.6358652,0.124685206,1.9771551,1.2725489,2.4440005,0.40966773,0.94618356,1.099738,0.74278617,0.9332686,3.2781901,1.0433974,0.30602375,0.25872198,0.09299457,2.0534072,0.6326487,0.58836627,0.76496756,2.2666492,0.91686785,1.0206764,1.8274721,0.095604144,0.4412049,0.14395662,1.9855901,1.1043459,1.5156898,1.6974459,2.365393,0.9975139,0.47113448,0.0,1.2069911,1.1245644,1.882479,0.48651105,0.67526907,0.3158539,0.9743885,0.23034662,0.07565275,0.67321575,0.9188408,0.10347956,0.68147784,0.052025396,1.1419833,1.1327112,0.7508205,0.0089758765,1.1127365,0.065719,0.14519122,0.4052814,2.4565687,0.0,0.3932584,0.19559541,0.45275098,1.7829261,1.0891168,0.17955989,0.2634063,1.5411812,0.37562445,0.4873764,0.52900755,0.0006058177,0.4860539,3.0430615,1.277541,0.27106097,0.15629375,0.5142259,0.30725333,0.2206083,1.3945614,0.7099902,0.72940195,2.2356277,0.024555176,0.27838522,1.5193217,0.094398506,0.4914481,2.1257226,0.35206324,0.1626501,3.0833652,0.35409397,all_pothole_images\pothole_images_new_image_1122.jpg
0.09165876,1.1683921,0.38789266,1.6066024,0.18541774,0.48592943,0.42245537,2.0393674,0.1623748,0.55013734,0.4946809,1.5258614,0.07285075,1.0309099,0.1858895,0.50559986,0.018160557,0.4582479,0.4070904,0.9795328,0.19743995,0.5443582,1.3824693,1.5857775,0.99345326,0.39971346,1.0569205,2.0628865,0.08925597,0.27792802,0.5672148,0.0,1.3482224,0.19624615,0.912252,1.2333381,0.1445496,0.36791354,0.3719006,2.5706642,0.0,0.47518685,0.36903346,1.4940356,1.4667848,0.31020796,0.0,0.0,1.138387,0.17352256,0.8943883,2.1529894,1.1779908,0.598745,0.04719698,0.8798945,2.5983047,0.44198838,0.32028377,0.7810123,0.5607524,1.791318,4.2043066,1.3839924,1.0268102,1.9485828,0.93374795,1.6168183,1.1084121,0.5618567,2.582195,0.3869568,0.33956847,0.08442869,0.33897695,0.77401763,0.014760822,0.49782655,0.0,2.3375165,0.080679,1.8432869,0.0012943307,1.7772636,1.2064933,0.23086353,0.57392687,0.5683976,3.381815,1.1377035,0.021968463,2.4297578,0.28470615,0.6727515,0.0320312,0.15302438,0.014056707,0.6313377,3.4112086,0.40822735,0.0,3.1088107,0.6640603,1.0504667,1.6781703,0.082208864,2.283829,0.39471707,0.89532655,0.21657601,0.08232755,1.1432449,0.42292887,0.99647605,1.9821216,0.49442285,0.76104796,6.3163214,0.9125537,0.46326375,2.4837506,0.8433694,0.17422453,1.8599402,1.5554959,0.8942446,0.3579557,0.073670425,0.8371932,0.04923399,0.18669333,0.41642183,0.19603604,2.6889465,0.0,0.3536578,0.00787596,1.70037,0.6729143,0.323569,0.6128348,1.6171489,0.1716244,0.33851144,0.42974395,1.526448,0.85328704,0.033691566,0.7084324,0.08601136,0.008445062,0.28162107,0.84920603,0.01752104,0.30288303,0.14903058,1.3255805,0.0,0.24705753,0.2737963,0.94213295,0.7723333,0.2859496,7.7595387,4.1418867,0.2188722,3.8932428,0.5799705,0.8657418,0.28519416,0.91764313,0.073279984,2.3075988,1.4818676,3.682839,0.12604505,0.7441551,1.139862,0.0,0.10878849,1.5483238,1.9542099,2.380588,0.8059532,0.27884293,0.5758397,1.7823681,0.41916198,0.11387389,1.9290403,0.24562934,2.099956,0.005390408,2.1636548,0.119792975,0.77284676,0.13046908,0.21155544,0.22223352,1.1619383,0.7639024,0.4844315,0.99284595,0.12199157,0.26792568,0.20739855,0.11960402,0.103798784,0.24146245,0.8517688,0.75020605,0.6376777,0.06876273,1.0006734,0.013982572,0.1294107,0.23647098,0.37967137,0.96536773,0.000406011,1.2540022,0.46040967,0.47632042,0.23813029,0.2435746,1.2607256,0.84453815,0.32333142,0.8927873,2.0863407,1.5173569,0.50417477,0.6071186,0.3258227,0.11155761,0.33242035,1.2918265,0.32389995,0.020812035,0.14147072,0.2638425,0.03603424,0.07728914,0.19666742,0.034205243,0.0,0.0998265,0.5419473,0.062397785,1.8784099,2.4780514,0.047560915,0.007169073,0.34826535,0.8109545,0.7125444,0.39337125,0.27220032,0.12045798,0.84843546,0.29915655,0.07149523,0.93639463,0.37641728,0.3252535,0.0052681533,0.6264373,1.1616458,0.25249752,0.0,0.41035253,0.018648515,1.2670226,0.35846862,0.1718214,0.6137577,1.4245872,1.5979497,0.0,0.0009459815,0.4222599,1.6130605,0.4631424,2.7130477,1.2349681,1.0283432,0.59162486,0.737125,0.66906,0.4585195,0.030400319,0.12085244,0.30598065,1.6052002,0.7408016,0.4846805,0.5658797,0.61744326,0.6468151,0.21522897,0.33014253,0.9500259,0.8123217,1.5032666,1.7195615,0.46789145,0.21987775,0.52889323,1.2429906,2.0995095,0.42345142,0.76353204,1.9370887,0.6678838,0.20414676,1.1361333,0.62522674,0.61362356,0.92078555,0.6685918,0.55055326,0.3135231,0.801796,0.00393438,0.4425276,1.012589,0.022560552,0.45875782,2.6372523,0.44757578,0.8384439,0.7361725,0.15566364,0.3253534,0.70415837,0.56708866,0.24797782,0.19974981,0.89186436,0.02030464,0.5839081,1.2054578,0.057992037,0.33281422,0.103961416,0.032682534,0.953799,0.335007,0.15484232,1.155852,0.8699735,0.8392723,0.046462934,0.18978919,0.24393192,0.034096614,1.6827072,0.27350703,0.3538728,0.020874096,0.09327603,3.6945634,0.28349715,0.46474472,0.09230726,0.40161934,1.8682348,0.6666272,0.25752088,3.0467112,1.088004,1.3415639,0.31208345,2.576472,0.43916944,1.0288403,0.018951941,0.27817374,0.060903914,1.941689,1.1690726,0.22741485,0.35309413,1.4887253,0.2520259,0.38451734,4.50449,1.0152435,0.7800781,0.65924144,2.184607,0.01694523,0.65151954,0.48012775,0.10720344,0.6955917,0.07462168,0.32630798,0.06762109,0.0,0.51312035,1.82184,0.4262517,1.5289751,0.36084023,0.1525607,0.28545874,0.7851367,0.2393553,1.3735155,0.096748665,0.121211946,0.9971367,0.2945545,1.0516856,0.23450261,0.88615495,0.73319894,0.19177143,1.0876049,1.410376,0.2480273,4.3942957,1.3221502,4.8901587,0.5693135,1.1197624,0.21169963,1.1275436,0.9169832,2.6407022,0.007387364,0.85597414,0.24982452,0.30596837,1.0770475,0.6947444,0.6063243,0.75124896,0.8465185,0.67317873,0.68527794,0.15776715,0.0,0.0,0.114914834,1.033418,0.6745337,0.895756,0.8516058,2.0296254,0.0,0.08667388,0.3618523,0.39478308,0.83705723,1.3785331,0.7272625,0.28440538,0.018208932,0.46682936,0.62059695,0.1349631,0.64905256,0.21503763,0.9017401,0.6657661,0.15842536,0.39455834,0.27546874,0.5453362,0.9795512,3.244348,0.0019568054,0.16016531,0.047806457,0.80658907,0.007847241,0.6962931,0.08064429,0.45749405,2.3280861,0.38867968,0.0069088144,0.190791,0.87617195,0.3988809,0.2691668,0.694576,0.035631895,0.48530534,1.1590105,0.0,0.5155429,0.09032889,0.031339604,0.05811264,0.41196626,0.40763116,1.335458,0.08709641,1.5695059,0.024451295,0.056472197,1.7989044,0.6907873,0.032857344,2.0579445,0.24890901,0.19482131,3.249505,0.25390008,all_pothole_images\pothole_images_new_image_1123.jpg
1.1902105,0.75495934,0.20305468,1.4899018,0.53659713,0.17965558,0.23453312,0.15425242,0.93210757,0.44843283,0.28679875,0.0114137465,0.4788311,0.23864765,0.17948808,0.008592423,0.07576588,0.99604595,0.0,0.1296583,0.54561305,0.3487508,1.3273504,1.6952862,0.03846684,0.7621814,0.2720108,2.0447488,0.03982174,0.016491203,0.021763556,0.04493445,0.02341367,1.2332326,0.5279414,1.0525633,0.3487454,0.2693562,0.69449437,0.00396704,0.0,0.22473106,0.7811296,0.76256716,0.31776857,0.18195072,0.17549312,0.9440216,0.06061893,0.68527,0.23534088,0.008963012,0.6424399,0.06758761,0.058786634,0.37135696,0.6829913,0.0,0.4703602,0.1821166,0.09405063,0.21659718,0.35961583,0.83965224,1.9279698,0.20469363,1.009198,0.24108785,0.39706463,0.20283571,0.26197147,0.008975152,0.32826257,0.34782875,1.1529943,0.27005953,0.1736411,0.10228336,0.01623857,0.050682228,0.18204631,0.015073945,1.3232021,0.24193394,0.8037598,0.021111567,0.5219203,0.452998,0.2880062,0.31414226,0.85376334,0.83912176,0.61415786,0.72076476,0.64813876,0.35186148,0.34317973,0.88886833,0.018673496,0.02553546,0.11344304,0.12862812,0.09192726,0.11203932,1.3566656,0.63840795,0.5136521,0.45137343,0.37850407,0.8707248,0.25674704,0.077897005,1.0876958,1.3402897,0.9839464,0.16424233,0.0,0.094756454,0.93584365,0.5742536,0.6168797,0.41632718,0.1921573,0.70161104,0.5587064,0.22449106,0.0,0.16185597,0.46583104,0.7143316,0.63710755,0.34538314,0.004597009,0.21865326,0.012234235,0.10293924,0.021295056,0.06802981,0.21200818,0.12519178,0.34584695,0.8270877,0.62351197,0.617227,0.21277049,2.0504887,0.06762072,0.054738276,0.034872122,0.24960147,0.89132637,0.43751875,0.09868794,0.0,1.5292981,0.976145,0.73817873,0.528881,0.9228883,0.749427,1.6154729,0.9242938,0.32680783,0.24136496,0.66183275,0.06276146,0.6009479,0.23907669,1.5709985,0.7024433,0.23281597,0.22873487,0.05211153,0.12458587,0.33976087,2.5812702,0.62164915,0.012435908,0.999349,0.13533898,0.02678131,0.71475804,0.0065322723,0.35833144,2.434939,0.59131885,0.04356666,0.06375232,0.45981145,0.23523816,0.18696615,0.46390945,1.1913775,0.46657184,0.0,0.13448645,1.4603181,1.1933819,0.85511345,0.325663,0.14034805,1.374996,0.039121985,0.24253725,0.6588982,0.3702735,0.90131557,0.16017948,2.0360072,2.4337091,0.06692875,0.25065082,0.20030698,0.21886402,0.526692,0.5415818,1.0293248,0.08970784,0.28372118,0.10445519,0.68453825,0.021505939,0.6556941,0.11079884,0.0,0.041144934,0.45187357,0.0,3.0732515,0.06599413,0.0041799163,0.0046564755,0.1811273,0.77868867,0.27984843,0.024849467,1.1685396,0.25055853,0.014471893,0.34500214,0.0,0.015074066,0.013643564,0.15760344,0.11961127,0.13993095,1.078395,0.67117697,0.7633599,5.264285,0.050426755,0.049607657,0.002509966,0.015332302,0.39933458,0.5992584,0.65124875,0.0709562,0.0,2.2892382,0.44210452,0.3529417,0.28073737,0.26673108,0.0,0.555433,0.3714134,0.5135154,0.8708494,0.09980785,0.22230025,0.30889386,0.71985406,0.36758417,0.22789411,0.45463848,0.0822628,0.09551787,0.13068631,0.21288015,0.20376697,0.18885869,0.2672785,0.0,0.17385505,0.26753354,0.7073223,0.04090103,0.33965176,0.094827905,0.019674145,0.2789767,0.1700235,0.1395513,0.2759716,0.11842947,0.39128602,0.54854167,0.03229738,2.911882,1.6493348,0.50712657,0.0,0.0014546347,3.0897546,0.23414278,0.008578088,0.008324075,0.0023667354,0.014304897,0.75424707,0.5561859,1.8372793,1.3673853,0.15445137,0.027287675,0.24914235,0.89495933,2.6829574,0.0763942,1.0824227,0.0,0.20291406,0.75734633,0.2352719,0.20709738,1.0813224,0.027377533,0.43035722,3.6856956e-05,1.8398873,0.01876932,0.22515127,0.08479067,0.0,0.0,1.6965889,0.067032024,0.5341722,0.48983678,0.2717797,0.5168927,2.055609,0.80086577,0.36334646,0.29207385,0.21101235,0.5843125,0.105032645,0.1987087,0.010401857,0.60103226,0.02610851,0.04396957,0.5612292,0.35570946,0.01739556,1.0005388,0.3060161,0.7773229,1.1858041,0.37315062,0.2549723,0.0785845,0.0,0.04972574,0.19446534,0.18254553,0.67369896,0.5370749,0.055887528,0.43715987,0.6802772,0.007611307,0.4901607,0.9659471,0.4082362,0.06329598,0.2809634,1.2662175,0.8367918,0.0028638805,0.25217035,0.05509135,0.83222455,1.1030976,0.6941902,0.1208114,0.0,0.11707864,0.0039213616,0.992864,0.19151178,0.95862997,0.0,0.6014626,0.71094966,1.0294919,0.7279596,1.0299236,0.21699356,1.3872243,0.17041095,0.0049482645,0.56913024,0.0,1.0652199,0.060122557,0.10970205,0.8734831,0.36245236,0.3663273,0.30382088,0.0026599125,0.07020464,0.2600754,0.720804,0.6169968,0.65763295,0.15411404,0.16988859,1.0363764,0.032567404,1.1008573,0.97833395,0.0006136029,2.4262419,0.63560945,0.23719737,0.5181974,0.11253708,0.42258197,0.23002571,0.2412507,0.14826724,0.0,0.028949482,1.0067123,0.057215076,0.24100597,0.807089,0.1637101,0.20996094,0.43124273,0.28622776,0.0018889427,0.015820473,0.34895197,1.4839647,0.70894444,1.6901164,0.41477934,0.47311726,0.6045888,0.020836754,0.33913866,0.000867576,0.1853803,0.030807484,0.40372002,2.706536,0.6050843,1.8738507,0.375603,0.4534898,0.012039511,0.010120663,0.0047469777,0.20043927,0.110196814,0.16259842,0.019596834,0.014262343,0.038619094,0.56897205,0.22067676,0.21248902,0.15552497,0.016120786,0.11464255,0.28973463,0.102832474,0.43628037,0.6796311,0.91673005,0.18970884,0.0050250567,0.35778695,1.0939741,0.0,0.10258154,0.3135031,0.022571359,0.03715087,0.051661532,0.00014434103,0.060566857,0.07281458,0.39647993,0.1566596,0.34672672,2.4982991,0.3666585,0.37539113,0.14364655,2.242076,0.7537001,0.15146337,0.08112513,0.80785334,0.35615757,0.3518919,all_pothole_images\pothole_images_new_image_1124.jpg
0.60612345,1.4898775,1.0797223,2.127716,1.473743,0.31626415,0.8190365,0.0012903506,0.012664561,1.9209177,0.058688164,1.7266525,0.10377643,2.112835,0.02742228,0.94896406,0.0,1.9926082,0.43264502,0.2056422,0.17566422,0.2664258,0.80905175,3.2799146,1.2556672,0.024878386,0.34833774,0.026392106,0.022870589,0.14286107,0.19309102,0.3593942,0.5787184,3.3580453,0.10103219,0.0632179,0.019178202,1.6943654,1.8068013,0.16422103,0.06817456,0.20424624,0.26216966,0.28670833,0.75058925,0.19999175,0.24457671,0.009646718,0.57797,0.07033026,0.3033716,0.34440878,0.75583446,0.04254731,0.0033978424,0.32260472,0.64737177,0.20887448,1.4348736,0.051679414,0.0,0.08941584,0.63234806,0.17809373,0.7581334,0.44980165,1.1329001,0.38559812,1.1193769,0.022667272,0.96857965,0.2875841,0.13335747,0.0,0.023847805,0.08621318,0.045853104,0.26555204,0.0084278835,0.12249522,0.06719589,0.37717557,1.2701794,0.16316935,0.9575001,0.5455501,0.34292346,0.038210224,2.5468302,0.5164019,0.5756477,0.07485033,0.22642168,1.7004462,0.42298383,0.01629771,2.9982965,0.6972516,0.0,2.4451714,0.07221354,1.1249195,0.3032985,0.14005706,0.99693406,0.76983047,0.07085587,0.009009909,0.42171484,1.1171291,0.3758951,0.4726167,0.22170903,1.3656489,0.15385135,0.9318642,0.10587985,0.41835797,0.69499207,1.2112437,1.3094918,0.9343458,1.6139654,0.35734406,0.5537156,0.2788074,0.054108515,1.7650112,0.6754423,0.3536928,1.485549,0.023620578,0.6000212,0.014343776,0.2757299,0.59388703,0.7041406,0.18452817,0.8261575,0.07729251,0.3866968,3.9243674,0.39055404,1.0954647,0.21639559,0.6535055,1.5653079,2.244795,0.072386056,0.42761612,0.17438045,1.4336219,0.392503,0.0,0.9975531,1.5806533,0.29744434,0.30668962,1.7331105,0.020152833,1.6288483,1.2361535,0.091612756,2.2785137,1.2823285,0.08337763,0.118186206,0.09603584,0.48310617,0.29769105,0.699498,0.12479029,0.01569418,1.102533,1.1827232,0.8072745,0.6265541,0.005453237,0.08351495,0.2022355,0.4609163,1.374679,0.90683913,3.6876388,3.8344688,0.17038974,0.03201298,0.44116646,0.88758636,0.100697905,0.7221504,3.4846442,0.07262637,1.0854107,1.1707557,1.3447183,2.3302646,1.1968924,0.5407194,0.14449278,0.5655371,0.28244334,0.09254471,0.123009846,0.5625885,1.4544927,1.0533688,0.069811,3.9035747,1.2687008,0.058921847,0.055399027,0.060284566,0.6816219,0.3859814,0.16111323,0.47663677,0.19205482,0.9481693,0.6589251,1.0615653,0.18093373,0.5634113,0.0,0.3201242,0.25616977,0.17700024,0.03385677,1.2805824,0.0032031252,0.0075977175,0.1262149,1.3820882,0.11978737,0.13407733,0.087569565,2.765529,0.72927016,0.32312748,1.5891873,0.056536503,0.022065906,1.5995321,0.943645,0.27029264,0.035486832,0.841415,0.44502693,2.351772,5.4717884,0.14308086,0.38420424,1.0412389,0.000513814,0.20181161,0.4016484,0.2317976,0.1521166,0.23110893,3.8278315,1.3027964,1.4594047,0.17534097,0.9476207,0.017160306,0.3550212,1.600499,0.73785627,3.2820346,0.85323155,0.30176416,0.025353234,0.95250803,0.9103911,0.1687006,1.0085827,0.0504208,0.3144451,1.595207,0.32384259,0.012668142,0.44743884,0.19427392,0.01571586,0.3852113,1.0311809,0.3946213,1.3828816,0.0671939,0.023178669,0.22214724,0.41968513,0.26046216,1.7874335,0.892889,0.320666,2.3663423,0.3383564,0.41448677,1.4629904,1.3424265,0.1423816,0.06449915,0.030608682,4.1921263,0.0063798153,0.23845425,0.009551475,0.61345834,0.11514988,0.5119639,2.137279,3.7446008,1.6030917,0.28352717,0.53157777,0.15077774,0.7748645,3.0979984,0.415674,2.182544,1.3914963,1.784166,0.271283,0.3506925,0.53778356,0.31550625,1.7212526,0.8774796,0.11840976,2.760327,0.0,0.9466368,0.0077234884,0.74212646,0.07863663,1.4714462,0.06099212,0.74240464,0.27298227,0.16967432,0.4195787,1.9986751,1.3110311,0.30162528,0.021888308,0.29485002,0.46366087,0.1282144,0.8137846,0.0,0.76648563,0.039162204,0.10491796,0.299118,0.06853606,0.19177589,1.2213625,0.0042162924,0.7624896,1.5593919,0.9872256,1.0517844,0.060458336,0.013766023,0.30902898,1.1285273,0.62831986,1.4474642,1.9551407,0.37143368,0.66792434,0.90613407,0.3079113,0.25980547,0.58964205,0.046903484,0.15245043,0.14953314,0.72043407,1.676625,0.13684697,0.079542056,0.71174246,1.2141848,0.26374793,0.98540354,0.92246616,0.05513692,1.261891,0.0039003228,1.9055814,0.11449536,0.12565874,0.0,0.74699616,1.3698509,0.89991766,3.028997,0.32170022,0.21553609,2.633054,0.6463287,0.09381149,0.9850324,0.7489325,0.9137454,0.19459173,0.04459183,0.10847808,0.10700462,0.32784796,0.058574487,1.3496584,0.00034659827,0.27055508,0.26784635,0.87832874,0.053642057,0.032793153,0.0036507025,1.8034742,0.73501194,2.1912506,0.9178291,1.4341505,0.64900994,1.457837,0.45817643,2.6374822,0.47309294,0.7647022,0.044631563,0.08711828,0.066630006,0.99893254,0.9030478,0.0,0.112114884,0.6783656,1.8922518,0.35688284,0.05572607,0.001251135,0.0,0.22123067,0.93384707,0.06930875,0.117122024,1.2770157,0.4739371,0.41694683,0.8199916,0.39773256,0.18833433,1.6297791,1.3271008,0.004627066,1.0298703,0.83296084,1.6226183,1.2325779,0.2802378,0.3719469,0.010227616,0.077319555,1.807893,0.0438981,0.46487224,0.08126597,0.3465084,1.1722257,0.00018914256,1.2201368,1.7273017,0.17013429,1.4095814,1.3534327,0.30167124,0.06785475,1.3999478,1.7076316,2.028927,0.28555873,0.17966366,0.807494,0.49517128,0.023481654,0.9580274,0.0,0.8010473,2.505806,0.008413362,0.20337787,0.24729183,0.40186363,0.19421153,0.1431806,0.3421697,0.21309187,0.88495725,2.5317647,0.53342867,0.7365553,0.1288089,0.73581517,0.2689131,1.0905921,0.24788897,1.1799575,0.124489725,0.0031433697,all_pothole_images\pothole_images_new_image_1125.jpg
0.028760914,2.656002,0.88485444,1.0543877,0.5408906,1.2286242,0.7711151,0.59712714,0.48981887,0.18989134,0.99054855,0.31911677,0.83813566,0.80557656,0.8369282,1.2789496,1.8958235,0.14938457,0.88197476,1.1374718,0.031720944,0.91928536,0.68719894,1.3131526,0.23182234,0.5244474,0.40130216,0.3625482,0.39192083,0.0653345,0.6049291,0.004818248,0.4257664,1.1311903,0.5698148,1.8584177,0.58554167,0.199229,1.3878466,0.2636035,0.38352254,0.8243581,0.5746035,0.39260307,3.070887,0.45728543,0.042438466,0.04699774,1.5832982,1.301682,0.32150307,0.3174563,0.030280463,2.3880131,0.59994507,2.0548851,0.40106037,0.004179518,0.5146103,1.1015857,0.6920059,0.66246843,3.6656637,0.6530755,0.21662301,1.4587674,0.92321634,0.2853767,0.30867857,0.7054925,1.3446437,1.8712912,0.38679177,0.3726999,0.68284976,0.6078762,0.3213347,0.5290771,0.704671,0.6377628,0.25509036,0.99704725,1.8110168,2.517009,0.9669882,0.19652808,0.7092629,0.25314566,1.6708931,0.9921008,0.19128446,1.294271,1.2058612,2.0618777,0.24838229,0.55974984,0.55343837,1.2896831,2.911224,0.9440118,0.10471322,1.1063159,0.65331376,1.5169313,0.49995452,0.3922155,1.4360112,0.43366155,1.2340765,0.37407875,1.5215765,1.2500386,0.545256,0.9560243,2.0352612,0.4234808,0.4929275,0.20338282,1.5442293,0.84893984,1.2432139,0.3614918,0.51581323,0.27256775,1.7979378,2.2239344,0.22540197,0.29176393,0.18205301,0.62602645,1.6125743,0.42095864,1.73689,1.5754111,0.04529287,0.33375505,1.1885728,0.8226187,0.7667862,1.0340415,0.4672596,0.39930296,0.07896635,1.0061146,1.521566,0.40067956,1.8583816,0.19018422,1.066369,0.16907647,0.44961813,1.1939312,0.22065185,0.034507487,0.39267644,0.25101206,1.7879746,0.35702488,0.9162135,0.6694659,1.376934,0.18386401,0.5439153,1.9128382,2.4714518,0.71602476,1.1632692,0.4567182,0.93623877,0.7709147,0.64369935,0.82045144,0.03324735,1.0962243,0.5803668,0.5189178,0.7704488,1.2280706,0.11497955,0.92958695,0.27836832,1.3308308,1.0574361,0.35718602,1.4496343,0.9806946,0.7596476,0.36655632,0.06913403,2.7867548,0.7728508,3.706964,0.2969295,1.6167893,0.21385749,0.98542506,1.8250194,0.11105354,0.84449136,1.3092536,0.90970576,0.45233807,0.45255157,0.96905845,0.41402668,1.2028012,0.0905938,0.27016035,2.6369298,0.11351822,0.16607891,2.04054,2.9549754,2.6147928,0.42219123,0.5346176,1.0186688,0.025143433,1.1072323,0.19390044,1.7155478,0.07332453,0.57264197,0.55988955,0.37829733,1.8891761,1.8127166,1.4129882,2.1632886,1.0302695,0.6137513,1.3412594,2.4700286,0.3439481,1.1265026,1.7933885,0.3135817,0.4877149,0.7400142,0.48844278,1.3691019,0.49244455,0.11134981,0.30265915,0.15864444,0.53195655,1.7984006,0.5176586,1.1016233,1.4690592,1.7225009,0.08159552,0.22375548,0.9795177,0.5611282,0.9037188,1.0270146,0.023426032,0.6192203,1.7651918,0.55315,0.4455517,0.82603705,0.8687384,0.2822043,0.05811353,0.37034237,0.8109179,0.665578,0.38313732,0.019299056,0.46884984,2.11024,0.08310896,0.35911778,1.1460563,1.2046864,0.7128835,0.6753004,0.13297892,0.34281063,2.2302973,0.46884272,0.7546115,2.3165007,0.24054459,1.7296952,0.8993218,1.7702228,0.17791077,0.69182616,0.23496088,0.48534146,1.0200748,0.7402283,1.0210526,0.42171338,0.170511,0.39168793,0.27206495,0.0,0.52754587,0.7327986,0.7007595,3.317828,1.7309872,1.1436642,0.26946023,1.9846253,1.5250076,0.59758776,0.21277024,3.551167,1.7309601,0.700053,0.08073596,0.3394795,0.49256772,0.8862675,0.47809365,0.49025652,1.2086298,0.24000564,0.10319668,0.5259443,1.0972888,0.79775137,1.7527153,0.066393845,0.81347656,1.7150738,0.104488954,0.11231632,0.69003016,0.72160226,1.5678468,0.4182652,1.5006592,1.9960572,0.43232468,1.1960391,0.8233328,0.43793172,0.0074013574,1.2982632,0.07884062,2.154928,0.007875714,0.74155897,0.67311895,1.1221489,0.96369606,2.0152082,1.4277672,1.5154665,0.64921176,0.42030132,0.9146289,1.1265706,0.24835917,0.93733937,3.291823,0.31109962,0.3526404,0.31999773,1.9281688,0.14079827,1.1920959,0.31249148,1.7092372,1.0953078,0.6179037,0.4617645,1.1062704,0.8192742,1.5703918,0.19924551,0.19669077,0.32069322,0.8057206,1.408995,1.6515228,0.11533665,0.001901565,2.0143514,0.73134464,4.1675444,4.9841356,3.89775,0.3686187,1.3610251,0.6993361,1.2489148,0.80563444,0.006055824,3.0253708,0.7081485,1.2000694,0.38563007,0.3288146,1.7893496,0.38867941,0.013193317,0.35429394,0.3483125,0.09725401,1.0469396,0.7640998,0.06923855,0.86854476,0.85563666,0.24098441,0.24814577,0.87868625,1.2630099,0.55829483,0.35591355,1.7007406,0.73987323,1.1116863,0.96833545,0.57101333,1.7054266,0.74900895,1.5073613,1.144131,0.08223721,0.9502866,0.78843576,1.4700556,3.0007274,0.6240102,0.3811646,0.17537883,0.5103723,1.330213,0.22138178,0.25662962,0.6887769,2.1731658,0.86128086,0.79581654,0.11881498,0.21334752,0.7665106,0.23219466,2.5925062,0.7240686,0.17132327,1.65182,0.12479538,0.16204342,2.6582685,0.1434669,2.1200814,0.2024947,2.2456882,0.22964592,0.420725,0.7860658,0.69068325,0.12746266,0.43881607,0.5404165,2.0355628,0.47258332,0.3311185,0.09103,0.17238504,0.90975064,1.6848965,0.070974775,2.6999235,0.1104891,0.31778464,0.8040684,0.7881523,0.21607846,0.76130867,1.2468708,0.22724949,1.4979525,1.5627121,0.019576967,0.103160605,0.8289206,0.43581364,1.7713143,0.27129015,0.38671306,0.084105626,1.7785575,0.6539188,0.040244374,0.14822432,0.511186,0.7669857,0.5595136,0.041201357,1.8657858,1.3249079,2.8073955,0.14123754,0.31242943,2.0310845,0.3097522,0.0059064534,3.0876002,1.7763793,0.2631788,1.6144696,0.13913837,all_pothole_images\pothole_images_new_image_1126.jpg
0.1106254,1.3560121,0.23990487,2.3574655,0.45058036,0.116390206,0.37784973,0.0,0.9756608,0.011618845,0.41426277,0.08217024,0.0,1.5105797,0.097958796,0.29113838,0.0010171419,0.124825284,0.13942893,0.55528563,0.66017413,1.351523,1.2831833,1.529974,1.274035,0.15185842,0.0,1.5366528,0.0,0.31174055,0.74206096,0.019874534,0.13243695,0.011166495,0.34633473,0.10082145,0.3445048,0.60342467,0.13781123,0.120124444,0.04579787,0.7202779,0.65677935,0.22832683,1.2652467,0.029093238,0.40173063,0.11164507,0.31286597,0.2066812,0.04414773,0.15084636,0.06151503,0.6917639,0.26830462,1.0368271,1.726035,0.064344995,0.003812406,0.16190879,0.010491711,0.10219568,0.68145585,0.20674156,0.37529474,0.7864193,0.29121602,0.06174387,0.08070874,0.5261302,0.24985406,0.02216868,0.20483878,0.056443553,0.84984595,0.897355,0.034989152,0.39813027,0.0,0.011658304,0.065821655,0.6438343,0.061791517,0.2745025,0.6295138,0.025294743,0.04651323,0.18745895,1.6822072,0.26787007,0.0,0.14021656,0.14270857,0.14953867,0.4039314,0.0,0.6108787,0.51269835,0.45915592,0.6399308,0.22701666,1.7438563,0.91186535,0.0016159759,1.1589539,0.055580568,1.0942501,0.09129446,0.0,1.8495954,0.18840446,0.49069586,1.5123733,0.5595341,0.79200715,1.1764805,0.0,0.04115862,0.9389815,0.047437984,1.1922022,0.2453448,0.046654318,2.016835,1.6594017,0.18571919,0.6559912,0.0,0.0005008167,0.024257042,0.0032457134,0.021100571,0.026490197,0.37223044,0.47755265,0.44605052,0.19029152,0.33981028,0.105081305,0.008192685,0.6725632,0.49238345,0.8327047,1.2798963,0.12868537,0.26556158,0.11269192,0.020911926,0.8397393,0.12183562,0.031295657,0.0,0.18933417,0.58745617,1.8327318,0.043816134,0.068157226,0.6033693,0.07396622,2.2148125,0.9286905,0.53005403,0.034067746,1.134628,0.9629512,0.57630795,1.9172668,0.48738852,2.954588,1.6478249,0.0011124045,0.0,0.017446898,0.09177848,0.49867713,0.023194905,0.29362765,0.02483992,0.09837669,0.14161924,0.0,1.776526,0.27748233,0.12642606,2.449984,0.7892593,0.21791163,0.10661431,0.45283648,2.1545546,0.33495045,0.0015182338,0.0,1.1157085,0.64907634,0.07180659,0.93339866,1.7564012,0.43228978,0.1783118,0.09586034,0.59773123,0.16785182,0.3176992,0.11005559,0.16857363,0.3111209,0.1931769,1.5648118,0.7531817,0.0,0.056372914,0.5936971,0.54462796,0.7302996,1.152568,0.042446915,0.43845102,0.21745798,0.1295274,0.3355638,0.028910257,0.037557572,0.7801169,0.0,0.025904484,2.1024342,0.002252639,2.7602112,0.20295501,0.06791962,0.0,0.05280978,0.07266222,1.6793319,0.031998474,0.6863214,0.0,1.3218007,0.38611844,1.0347469,0.021356154,0.23564412,0.0,0.0061526457,0.097013764,0.48429376,0.089853674,0.2752558,5.074515,0.7041626,0.060789157,0.0,0.0143610295,0.024354378,0.0330431,0.90412253,0.026124172,0.41239783,3.0481424,0.3149665,0.67402416,0.9326628,0.038486827,0.13273035,1.1407639,0.55224097,0.20958997,2.8934736,0.0703798,0.26698115,0.0,0.30461946,0.32071963,0.23862992,1.0143747,0.08423587,0.59478563,0.39114302,0.17456718,0.072068356,0.30343005,0.6015788,0.00064955285,0.0,0.29215094,0.3391929,0.6355534,0.47844422,0.039058052,0.009554248,0.38604298,0.05839822,0.99032825,0.13699159,0.28632015,0.021045027,0.50353277,0.0902544,2.6854563,0.48432213,0.38072243,0.13046779,0.39808187,4.761345,0.3067816,0.12861763,0.028632252,0.4577907,0.70909435,0.0,0.5125218,2.8009748,3.1441395,0.084587365,0.64105433,0.0,1.8526909,3.2343032,0.6814728,0.01722543,0.00072666816,0.06088558,0.30147308,1.889905,0.5652559,0.5906082,0.051696517,0.06589483,0.18758999,3.212492,0.000626166,0.0076820217,0.14205404,0.10950337,0.0005341396,2.296741,0.2891798,0.44229335,0.3207189,0.32144913,0.079595454,4.851264,0.49856243,0.84880614,0.08485862,1.0500782,0.43709773,0.25747252,0.01412912,0.4955859,0.1449772,0.3373044,0.17339352,0.04735532,0.12187176,0.000985335,0.23369792,0.5472507,0.61434186,1.4809729,0.021572385,0.03905204,0.101201035,0.0019798293,0.0021052621,0.48882496,0.25939807,0.02595905,0.0025449828,0.52986985,0.088505805,0.015444045,0.93287706,0.28658688,0.88928086,0.6999948,1.1039838,1.0225705,1.0132341,0.062164403,0.006926016,0.6035119,0.25766578,2.6465049,0.079299435,3.2549465,0.046671897,0.0020543376,1.4501826,0.13116242,0.67906326,0.1511289,0.18546046,0.0,0.25006953,0.40623403,0.34143522,0.14275624,0.124620825,0.49756956,0.98015755,0.48854756,0.36755553,0.25888506,0.029493093,0.089205995,0.12508483,1.2437055,0.22350623,0.0,0.6468183,0.0,0.18546589,0.047734465,1.1118622,1.4929097,0.020599866,0.23142445,0.95155144,1.2604355,0.019756746,1.2872112,0.011978761,1.2313167,0.53563356,0.7407947,0.08226395,1.9392865,0.0,0.009534729,1.1199801,0.11026145,0.26197803,0.09713999,1.1088008,0.967763,0.2419872,0.75105804,0.6213057,0.7244115,0.50247383,0.22408769,0.10563811,0.038251746,0.05391238,1.0418845,0.11575086,0.06445395,0.7348236,2.2811618,0.010421264,1.2494276,0.06639784,0.6619051,0.5020453,0.73668015,0.0069056423,0.0057783336,0.39377555,1.9091737,0.0,0.14918208,0.0085735675,0.5757674,0.13826412,0.0,0.0064795553,0.02560716,1.1436069,1.1765761,0.29767185,0.013203167,0.022192368,0.9508788,0.035269644,0.11653137,0.54582095,0.60797036,0.042848893,0.5145311,1.1898351,2.5291688,1.4358057,0.06725527,0.4304795,0.47745365,0.015811356,0.11508417,0.11654458,0.22768173,1.5654675,0.86322784,0.0005125262,0.0,0.0,0.88398224,0.09710374,0.0019064134,0.037341423,0.6447823,2.8103094,0.8012534,0.049925186,0.03736277,2.2869923,0.16980043,0.042066444,0.0018295043,0.3539223,0.44930348,0.16928002,all_pothole_images\pothole_images_new_image_1127.jpg
0.25183558,1.0316647,0.27095956,0.23102176,0.37201324,0.30559576,0.023777574,0.26942244,1.2303799,0.07893752,1.3316579,1.5046304,0.7140918,0.01575859,0.68318534,0.14185409,0.7413737,0.104715995,0.10884053,0.094631605,0.27771646,1.1363165,0.09163752,0.96684784,0.22587888,0.39009503,0.021823265,0.90025073,0.39003846,0.1412756,0.39252216,0.036724646,2.0395782,0.8272452,0.2826287,0.27583954,0.37158436,0.8058445,0.0971319,0.09478836,0.57871145,1.010473,0.11295138,1.1504374,0.21706244,0.06066575,1.1447113,0.2036927,0.2162933,0.011043721,0.6764707,1.2594417,0.013873825,0.034172364,0.4566207,0.12432357,1.0864347,0.07582107,0.6760521,0.060384575,0.23339362,0.45019454,1.2305697,1.7122116,0.7285525,0.52492446,0.749957,0.03866868,0.880137,0.05758214,0.11093661,0.49535447,0.021105845,0.67573446,0.96390456,0.5434931,0.0,0.63420343,0.26594758,0.89392835,0.57400113,0.15893841,0.4322079,1.8945019,0.6548297,1.6271063,0.3449809,0.0,0.53575015,0.31826827,0.14635812,0.52331054,1.0494221,0.27926826,0.11133275,0.5052888,0.21242504,0.78727466,0.30814752,0.08287126,0.37981567,0.19398682,0.29807332,1.797875,1.3717109,0.15593308,0.38985115,0.21197315,0.3196842,1.234465,0.22137272,0.5323613,0.6730376,0.0,0.32555643,0.7272163,2.4418736,0.013975775,0.18432629,0.21703543,0.1344839,0.29844782,0.76583505,1.8128263,0.704443,0.2918547,0.0,1.001322,2.6288047,0.798331,0.08538854,0.32979915,0.024575304,0.0059387106,0.010167338,0.27442566,0.064093344,0.3950615,0.17655937,0.18534516,2.128904,0.26939446,0.26344818,0.30637974,0.2325346,0.82433724,0.23181307,0.2526613,0.09833197,0.5743598,0.8178436,0.13399383,1.4431691,0.04601189,0.4762228,0.034755386,0.5478968,0.17368172,0.5248596,0.17636286,0.19050515,0.023201166,0.4173506,1.3073691,0.69042116,0.021026153,0.39404246,0.23703757,0.39432728,0.6385977,0.031260654,0.14072321,0.017290512,0.03975156,0.79865247,0.7087486,1.0934262,0.0,0.24996269,0.9507332,0.18217248,0.7357066,2.566973,0.40516585,1.9791033,0.45193005,0.29604462,0.40352404,0.13159783,0.11291981,0.16151911,0.038024675,1.074011,2.5694876,0.69252765,0.0,0.77295554,1.0729998,0.6544929,0.068853945,0.75056595,0.036422487,0.33144405,0.24561305,1.095359,0.6204024,2.8968413,0.5712093,0.29870626,1.5193163,0.047428887,0.30111158,0.09184066,0.4662248,0.1649132,1.1705017,0.04271035,0.53281623,1.1050725,0.026557885,0.24907888,0.8204541,1.025023,0.14318635,0.62064517,0.23311311,2.2743356,1.5617284,0.5080186,0.4295713,0.0,0.25271595,0.023562836,0.1323256,1.3122739,0.098244235,0.7107601,0.34301648,0.6933284,0.85720354,0.40707934,0.043409415,0.49640456,0.56060964,0.1516634,0.0,1.7771238,0.19666077,2.7405052,0.5080203,2.1307008,0.32930717,0.46672392,0.0,1.9213877,0.08255012,0.11126839,0.045365226,0.19553916,1.4806195,0.48106265,0.050861917,0.012457125,0.5107012,0.28717408,0.24743372,0.40185755,0.0021308174,0.4313966,1.4219173,1.0543149,0.3878765,0.6766664,0.212661,0.35444444,1.3501252,0.8071134,0.5949522,0.58282113,0.005401989,0.3352747,0.5763973,0.30214933,1.3813198,1.6147349,0.10377483,0.16825765,0.03353502,0.6688293,0.110533,0.6643712,0.65498257,0.7644997,1.1054549,0.10914816,0.16386382,0.5407141,1.8059605,0.6214943,0.0930296,0.4245601,0.77105,0.4468814,0.37606397,0.8288951,0.5063392,0.0,0.82350105,0.15810488,0.3017091,0.2772661,0.75176823,4.4883657,0.8254603,0.16004768,0.9923048,0.5798186,0.2809897,2.0790937,0.21476422,0.84609044,0.4394345,0.22556734,0.33975416,0.80148166,1.2454197,1.352064,0.017013347,0.4495967,0.006745555,5.279834,0.9663733,0.23386768,0.6144618,0.30131903,0.14632589,0.1844522,0.6226129,0.829759,0.047802214,0.9161221,0.05895183,0.29668403,0.09253038,0.33776805,0.0,0.6546209,0.14392713,0.12185841,0.09852912,0.17517585,1.0088893,0.22008522,0.09368607,0.9743386,0.22659735,1.1372068,0.53663284,0.00015011126,0.95608574,0.97960293,0.49787915,1.3221885,1.168509,0.0,0.383704,1.3660324,1.6992078,0.9284424,0.82827705,1.3285717,0.22350432,0.0069927853,0.6499202,1.846826,0.033187144,0.87779063,1.4050736,0.19035855,0.9535852,1.3440089,0.74484515,0.3794516,3.4326613,3.0842764,0.041752923,0.2388902,0.87789524,0.19375306,0.03581677,0.14975172,0.84731025,0.0,0.3767704,0.49041525,0.07430124,0.944079,0.11107282,1.2536083,0.21911433,3.026584,0.45372468,0.3177243,0.73709637,0.11487085,0.030858979,0.8960588,0.6225875,0.20559947,0.96495473,0.22263302,0.41180855,0.9689891,0.21471888,0.7459863,0.7528531,1.1453424,0.56319964,0.95418113,0.023766791,0.097881354,1.2199162,0.22549038,1.2149163,0.30740643,0.08666587,0.8190421,0.7333632,0.753741,0.2514811,0.41534755,0.98943716,0.16722983,0.5556185,0.0,1.6803454,0.80076426,0.7724671,1.6437564,0.9122462,1.1180809,0.16045853,0.05398829,0.10810774,0.5226023,0.3277336,0.46194732,0.4063459,0.02131187,0.24950476,1.2219157,0.46594965,0.04079051,0.4178387,0.7347562,0.6203598,0.4681074,0.21015866,0.22000192,0.098135546,0.34910882,1.0768665,1.3016322,0.7732898,0.8374003,0.24537781,0.1290512,0.20791073,1.2860669,0.8072924,1.3933591,0.7660609,0.6940165,0.38440886,1.37328,0.92434514,0.072696,1.3452214,0.24864607,0.32037133,0.024367662,0.6784625,2.2542384,0.6945956,0.02633856,0.55069196,3.1483932,0.0059823887,0.9945924,0.20495917,1.5764343,0.046919137,0.44338587,0.919558,0.7347394,0.7728406,0.03408003,0.13539279,0.5240451,0.03115459,0.26053795,4.5081773,0.59175706,2.5655313,0.18211523,2.588027,0.042665835,1.681338,0.31635338,1.2562575,0.012881521,0.21530695,all_pothole_images\pothole_images_new_image_1128.jpg
1.2903689,2.689952,1.0653775,1.9701518,0.85405093,1.3766882,0.18927386,0.13560158,0.3087618,0.61712545,0.4232214,0.21665168,0.32599667,0.8703941,1.5023355,0.62765837,0.6791174,0.05905483,0.081374645,0.10439781,0.21376714,2.008175,0.92848796,2.0251188,0.5081198,0.14855407,0.14581229,1.4155391,0.39127496,1.0124291,2.1717696,0.64850235,1.2816616,0.6905679,0.79359573,1.1003672,1.6943257,0.55854225,0.6360061,0.9881321,0.88198245,0.25883088,0.22974493,1.3341385,2.4335413,0.022455331,0.23232035,0.75957185,1.0775102,0.3891974,0.09830911,0.19394365,0.24009612,0.46564743,0.087159485,0.40173382,2.14895,0.026495976,0.85510623,0.44894642,0.004306599,0.30755767,0.27406627,0.71168363,0.10315018,0.39336386,0.82191336,0.18890642,0.17226136,0.12073953,0.39359832,0.19769894,0.8789116,0.92171973,0.14550553,1.9807686,0.047642533,0.22028334,0.09384443,0.7037809,0.031025125,1.2073268,0.032746222,1.4345002,0.6191626,0.6867755,0.21705408,6.377835e-05,4.515451,0.5189433,0.11399848,0.28065288,0.1827617,0.076336496,0.8359277,0.13347219,0.70626986,1.0456812,0.002521563,0.12784474,0.08132569,1.2276988,0.67404205,0.17308706,1.0188009,0.0,0.041986544,0.47149068,0.51021487,0.79928005,0.16514759,4.268491,1.365362,0.21789512,0.42083707,0.6305158,2.0435216,0.010680033,1.5205815,0.73365283,1.3204099,0.6473906,0.030517323,1.1870236,0.102220535,1.1171848,1.4594988,0.64105695,0.701636,0.42202517,0.76003367,0.10000106,0.35511002,0.0,0.851161,1.3619497,0.3548302,0.2990124,0.27914155,0.11712234,0.18607463,0.3662861,0.050744437,0.741124,0.086293995,0.9247814,0.25378215,0.8103329,0.20916826,0.2982308,1.4478536,0.48645008,0.9753273,0.009586992,1.8890666,0.64888316,0.096307725,0.2849936,1.0657486,0.13360505,1.2585416,0.7473653,0.12446156,1.3031491,0.33933535,1.0369112,0.8009932,0.0015858175,1.4193193,0.3569551,0.045146056,0.60056674,0.24438637,0.5664637,1.0923406,0.32279232,0.4793097,0.0,0.117775805,0.21254578,0.0021777737,1.5931208,0.6587322,1.2669744,2.0184937,0.23085324,0.034490265,0.9857981,0.72944236,1.0324355,0.20409173,0.47393763,0.09966236,1.7138946,1.0721498,0.04048263,0.9126507,2.2432022,0.9658913,1.1519399,0.12254846,1.0203744,0.053852163,0.3128569,0.12152717,0.6373014,0.49285996,0.0012088518,1.5672994,0.013391074,0.21918097,0.144403,0.7356456,1.8323579,1.3352228,2.2794116,0.27686638,0.19394197,2.3664625,0.39945766,1.4167508,0.0,0.4334441,2.5224738,0.09463194,0.7711204,2.2729814,0.4063594,1.6447154,0.409189,0.20999293,0.15538016,1.1030422,0.06698158,0.94846326,0.24906899,1.4656719,0.23866384,0.26179636,0.28323698,1.6048326,0.4272723,0.99300194,0.34859955,0.0,0.0076583438,1.1630291,0.004917818,0.44040912,3.637934,0.5391132,0.94313174,0.43821475,0.53376156,0.38861075,0.094982594,0.8956669,0.72460467,0.6663031,3.30819,0.0036389236,0.04049192,0.9845978,0.7485327,1.2276499,1.1204208,0.3473318,1.309934,4.254965,0.27519092,1.0183961,0.04627793,0.00083045225,0.78398776,0.77409273,1.4134976,1.731839,0.25656983,0.30825812,0.31821755,0.21178298,0.5197645,0.27928275,1.1878269,0.46072686,0.71161884,0.5199187,0.6000693,1.9569714,0.29669675,0.2873272,0.6669058,0.16714197,1.87036,0.18041326,0.82764745,0.35921836,0.079633124,1.116879,0.5507335,0.0061651496,0.24863283,0.0881445,0.866863,6.347432,0.496052,0.74466527,0.7948909,0.54829663,0.2320108,0.08708271,1.1737804,7.05579,0.59819895,0.2291197,1.6552497,0.027405607,0.6924853,1.3486996,0.35848254,1.8150586,0.023415625,0.011023236,0.3043595,0.15440226,1.5892614,0.90345746,0.5967645,0.6147982,0.5289032,5.143989,0.251338,0.21396491,0.14042908,0.043216586,0.29119113,0.96820486,0.057349846,0.48223993,0.23627047,1.3633815,1.0110631,1.799464,0.006071902,0.8578256,0.31980622,0.6677771,0.0,0.310107,0.30931512,0.7654613,0.9840931,0.30221912,1.1114452,0.6087484,0.31510484,0.28851184,0.10418747,0.31255835,0.72806215,0.021371594,0.6835432,0.54052454,1.1531986,0.045950554,1.4716613,0.6010043,0.3043111,0.9158615,0.1932599,0.07085831,1.3979744,0.5000415,0.08819933,0.8700954,0.052930743,0.7636922,0.39067003,0.045869373,0.34277457,0.23176488,0.29306653,1.2817496,1.926788,3.5484877,0.5333222,2.3384204,0.0511475,0.5598109,2.2159433,1.0450553,3.0438592,0.19040503,0.009108808,0.011516476,0.31528935,0.6699115,0.5775567,0.18424559,0.027041165,0.30980435,0.88614553,1.2146708,1.1622266,0.25141525,0.029010218,0.8901172,0.52314764,0.003965519,0.628918,0.15514825,0.033168416,0.49660245,0.609557,0.022455104,0.36606738,1.535248,0.28235728,0.7171919,0.014855214,1.2918482,0.8453827,1.3659364,2.01268,2.229529,0.49369538,1.7895246,1.5344447,0.68088514,1.2276657,0.5747594,0.6187668,0.19749299,0.519025,0.47600898,5.1719303,0.86620843,0.2040917,0.24521811,1.8342755,0.10580233,0.52939236,0.06185419,0.23491226,0.66762924,0.0,2.1925638,0.61746323,0.6659989,0.60949093,2.13355,0.67366546,2.9589918,1.2465677,1.069647,0.59323424,3.0157344,1.1154114,1.0145856,1.356532,1.8531755,0.0039807674,0.92241955,0.031312417,0.7011203,0.57405937,0.27549604,0.0,0.3611273,2.5452876,1.4209445,0.0037640736,0.12964381,0.65716404,0.6909547,0.35541943,0.17895317,1.3922355,0.55093867,1.0895063,0.7901998,2.128525,1.7598352,0.8541574,0.087902956,0.5744359,2.3660135,0.51306826,0.89445275,0.08761051,0.3500031,2.1320252,0.24207194,0.003702978,0.0,0.6919602,0.36398038,0.26388368,0.0019001653,0.09030203,0.12296577,6.345419,1.0707595,0.36976692,0.68657655,1.5259218,0.0,1.0197113,0.20327577,1.0338086,0.14997126,0.42045537,all_pothole_images\pothole_images_new_image_1129.jpg
0.6447994,0.018563233,0.009221668,0.29134855,1.3753189,0.026093794,0.03654504,0.6410367,2.4326909,0.019133214,0.20508085,0.26128685,0.0,0.7991793,0.03564955,0.10800172,0.0,0.4997589,0.05750105,0.21314402,0.7093634,0.11258164,0.90406924,0.4899116,0.9644089,0.14828438,0.05780721,1.4368017,0.0,0.0,0.34254232,0.1617004,0.16594315,0.21861574,0.0025096876,0.29442823,0.06133968,0.25360852,1.7328086,0.3470193,0.25447583,0.006831065,0.056156278,0.38559932,0.36857376,0.0002712549,0.051858906,0.18309346,0.11569298,0.98844844,0.11575096,0.4559558,0.59682375,0.039714213,0.0058771274,0.0,0.0033784723,0.14912505,0.0,0.12081184,0.6470552,0.03679316,0.020559514,0.88316053,1.1318197,0.21904953,0.007896144,0.00114833,0.0,0.036912974,0.3026913,0.4375046,0.0,0.05263869,0.70428884,0.0,1.0142213,0.62270445,0.0,0.079124086,0.0,0.3313295,0.30546466,0.17840903,0.0,0.466361,0.10446616,0.12382503,1.0514287,0.06273881,0.23079015,0.27843994,0.3390418,0.0,0.32360604,0.5299103,1.4429028,0.12775873,0.0,0.36908722,0.007111009,1.6523699,0.021449696,0.0,3.9574108,0.0,0.27658603,0.59141284,0.22475511,0.7339033,0.12175732,0.22197072,0.08611364,0.0,0.1373368,0.15846267,0.0260063,1.0237572,0.27611312,0.35603708,1.0002224,0.0,0.012506722,1.1996206,0.1357752,0.69906056,0.010729231,0.034609977,0.003034105,0.0,0.0,0.037831396,0.012722453,0.33879617,0.0,0.92717195,0.22997144,0.0,0.045038078,0.015513385,0.2900485,0.0023554573,0.0034360418,1.424226,0.50878024,1.7768016,0.00028937036,0.0,0.45173404,0.013552028,0.18428901,0.7270533,0.5301467,0.70677114,0.22902979,0.86290306,0.20531031,0.04936848,0.34760347,1.3284166,0.11597422,0.37528065,0.013667293,4.466004,0.06236035,0.00016611828,0.30956715,0.3027286,0.17111218,1.704095,0.0,0.108915865,0.07203613,0.00047751714,0.01729324,0.576208,0.0,0.059011877,0.0,0.03746662,0.14241081,1.1465281,1.7129549,0.79419327,1.929064,0.04703972,0.0,0.0031431897,0.70785683,0.0,0.048979282,0.33471859,0.2644948,0.0,1.0003598,0.29264414,1.5083536,0.0,0.6478912,0.0,0.31501597,1.0915891,0.0024413094,0.0142925,0.25686473,0.0067870705,1.3775692,0.43379167,0.545681,3.3118043,0.0,0.0,0.022064187,0.019530337,0.09066607,1.1579485,0.40548503,0.053472016,0.41498354,0.34812152,0.5701319,0.02910931,0.0758983,0.59354293,0.08543111,1.4063727,0.4642512,0.05581949,1.837651,0.7993757,0.028163735,0.0,0.0,0.18940729,0.13134938,5.6128458e-05,2.6867554,0.0033826143,0.062315024,0.0669348,0.37255624,0.29180416,0.12735014,0.07278025,0.31279474,0.0,0.08755956,0.30904728,0.141519,1.5414042,0.14876252,0.11177282,0.0032024318,0.0011037368,0.46621817,0.049123295,0.31701085,0.18039118,0.0005466638,1.345771,0.16705336,0.8968113,0.17039993,0.054547537,0.18252431,0.46750063,0.15060829,0.6923349,1.7208414,0.03760969,0.0,0.0,0.7713875,0.21296878,0.42542082,1.7675647,0.05154292,0.8008757,0.0,0.19248743,0.35944855,0.45906144,0.30198824,0.40831375,0.1177656,0.08464006,0.30170867,0.17595544,0.322239,0.1293456,0.12860416,0.32645938,0.09393622,0.052979726,0.5458997,0.0028539405,0.0,0.0,0.08444301,1.5650605,4.611533,0.118979365,0.111563176,0.0,1.2246577,0.0,0.0120212175,0.00043332975,0.09332956,0.39081815,0.04074291,1.4065188,0.32298476,4.079385,0.19770573,0.0,0.007735847,0.88949114,2.3795042,0.0032149132,0.017151883,0.21078084,0.1655641,0.20358443,0.24481037,1.1186699,0.5046642,0.0,0.0,0.06667478,1.2104392,0.003938954,0.0,0.36470857,0.09432599,0.06838255,1.9834307,0.15085281,0.03610715,1.2887638,0.06003625,0.0,1.7273885,3.1967654,0.0,0.028043527,0.08351371,0.98193717,1.1904013,0.005031846,0.04733817,0.47206178,0.0,0.0,0.07304875,0.0,0.18214245,0.10228501,0.0,0.2425773,1.3807873,0.23258673,0.5721638,0.236183,0.17499532,0.005128686,0.0,1.7683011,0.7538203,0.021415124,0.08322805,0.06836895,0.24921675,0.5521126,0.2753225,0.46084628,0.07684463,0.044583213,0.15937223,0.21917956,1.4498345,0.06880573,0.34278616,0.12807025,0.11566045,0.23653448,1.0837185,0.0,0.0,0.25811097,0.30457845,0.14483525,0.0083966665,0.30103087,0.0,0.32449684,0.09018952,0.05433434,0.13453206,0.26186967,0.30181736,0.9689385,0.011598973,0.00048858876,0.7962296,0.008717925,0.7872615,0.0,0.804217,0.33892485,0.82970005,0.008064597,0.11752319,0.027362851,0.23891205,0.8470044,0.8484356,1.5004758,0.8819016,0.19063209,0.61331457,1.713639,0.0,0.11401031,2.9245737,0.21841349,0.3257215,0.2710364,0.2789115,0.04129108,0.20776871,0.12325482,0.33664018,0.4509541,0.67063755,0.08781997,0.06471034,0.26925817,0.0,0.060074903,1.0700358,0.040619064,0.0037928338,0.063517414,0.0,0.45820174,0.035261214,0.20214723,0.006588598,0.6092403,1.697668,0.0,0.06807588,0.00066078303,0.28142715,0.17471671,0.3869984,0.037884016,0.19762567,0.600111,1.142587,0.06637978,1.2276802,0.17821012,0.020667814,0.36233303,0.6961022,0.0,0.796873,0.00028264546,0.25983936,1.1537472,0.042050425,0.09567169,0.5218589,0.02532967,0.31663442,0.2740378,0.5639741,0.005767588,0.14340447,0.079907484,0.16637322,0.08282283,0.13862471,0.11530477,0.019545326,0.4174918,0.67222065,0.04525201,0.021318436,0.0,0.11949399,0.026222946,0.1489466,0.0055229357,0.25509152,0.0,0.0,0.8843499,0.45710543,0.28488204,0.548035,0.26821652,0.24990422,2.8074,0.7223911,0.0035218766,0.07063498,0.60502917,0.070395984,0.21471198,all_pothole_images\pothole_images_new_image_113.jpg
1.3155695,2.545187,0.6446822,1.7708828,0.06503958,0.42832088,0.5523228,0.0,0.4618149,0.35404295,0.7194927,0.35517263,0.50230074,1.691063,0.3563038,0.19283429,0.3477116,0.1432111,0.4556107,0.26091403,0.52208364,1.4989525,0.31181034,1.6327181,0.9536364,0.5186672,0.54371566,1.8266368,0.1614569,0.7880266,0.7663143,0.11833973,0.90587956,0.27150413,1.4014992,0.015801476,0.20496134,1.1616396,0.019854687,0.7424109,0.0,0.25152797,0.17241952,1.2243837,0.66326493,0.011686846,0.22309566,0.19223984,0.11161043,0.25407448,0.30550963,0.15741436,1.0943227,0.179809,0.32320797,1.962339,1.9385598,0.32814246,0.81613296,0.6625857,0.16721782,0.31482473,0.4133279,0.08374409,0.48786482,2.041885,0.59435284,0.56904876,1.2386914,0.71755964,0.6458204,0.8997625,0.6707916,0.3197666,0.15969566,1.1824107,0.4423831,0.2506886,0.005141227,0.48284125,0.38469988,0.42006776,0.036501795,1.2248634,0.7075467,0.469162,0.22419967,0.6087836,3.738234,0.21906222,0.33802179,0.31084314,0.49283248,1.4512343,0.0,0.3903319,0.4038581,0.47324118,1.0947038,0.8197381,0.10195996,0.70014066,0.3137598,1.0654147,0.62147576,0.6210374,0.2928389,0.052518614,0.0013710044,0.6776878,0.106667355,2.1373136,0.18237066,0.7282258,0.71641666,1.1212273,1.9329027,0.013617831,0.3118608,0.03942453,1.2891767,0.36254972,0.5752259,0.8474559,0.9304077,0.43824032,0.58800864,0.45113906,0.4009208,0.6772377,1.154097,0.52529556,0.41055208,0.27995548,0.20695446,0.5068935,0.59408057,0.5491741,1.1667252,0.53973144,0.14395878,1.3888031,0.13205516,0.991538,0.051840298,0.9896192,0.44147328,0.0037345812,1.1385151,1.2128873,0.1851879,0.6205475,0.0125231305,0.3825599,1.5850029,0.29895082,0.6920248,0.21107873,0.5016406,0.79066634,1.9785651,0.55944365,0.0979913,2.0799897,0.24661718,0.43024296,1.2994972,0.2682157,0.74879,0.5347333,0.056412414,0.03981379,0.49865723,0.7670378,0.90441066,0.1976806,1.0233135,0.15900868,0.07816682,0.6467255,0.3956916,2.4585795,1.442268,0.92294717,1.0859454,0.92983377,0.049425777,0.113954045,0.65224135,1.163833,0.8380705,1.1448178,0.31704333,1.4443188,0.026707148,0.04552056,0.21390685,0.5824946,0.07176199,0.9064195,0.17867059,0.9023772,0.037530262,0.16040301,0.908455,0.55360234,0.69672394,0.10490822,0.19637136,0.021033607,0.20094712,0.4069913,1.1812881,0.1207946,1.0750178,1.3782232,0.57937765,0.2535382,0.41153437,0.05829446,1.1959225,0.094436355,0.9035986,0.77550113,0.7828808,0.84675294,0.79360646,0.47779566,1.2306331,0.02620414,0.28555557,0.27982333,0.35900396,0.3569462,1.314324,0.37752372,1.4202095,0.007800321,0.016455472,0.0,0.039631847,0.3967882,0.12683682,0.110234015,0.30537796,0.021105696,1.1008883,0.26272303,0.5796553,3.2291825,0.5378479,0.26598406,0.74242127,0.10850406,0.17774975,0.00047944274,1.1791958,0.7377716,0.6022657,1.0904198,0.49305385,0.24291462,0.7727407,0.058214393,0.4088744,0.4801473,1.5122304,0.50249666,0.67441183,0.71031505,0.8457398,0.0032435998,0.062492296,0.05845295,0.5938089,0.5643647,0.7696251,0.3548289,0.933595,1.2708766,0.4655623,0.22661255,1.12635,0.17899342,1.2569,0.2978117,0.30111587,1.3261607,0.70114744,0.36411324,0.46477166,0.10081667,0.37836626,0.5079191,0.5051731,0.25133875,1.3986341,0.6459606,0.59430104,1.8607688,0.21240757,0.877565,0.050510727,0.650039,3.98381,0.36764467,0.00068763143,1.1198361,0.43801042,0.0,0.81836647,0.055696566,2.681247,0.7809443,0.07118768,0.5351785,0.44051138,0.7528446,2.097202,0.50222933,0.22998019,0.22218081,0.06254556,0.22179174,1.0628166,0.8628881,0.5119759,0.43148097,0.8565733,0.59428614,3.131187,0.3330947,0.42658457,0.19035853,0.8518797,0.19048992,1.4040518,0.5916563,0.24010666,0.1884656,1.0466944,0.7063101,1.2742383,0.2917673,0.21323359,0.62809354,0.3148014,0.39667422,0.007032787,0.4552286,0.0014305896,0.8782504,0.6073921,0.65143484,0.23778766,0.1611451,0.79419434,1.577434,0.09192063,1.04877,0.38562053,0.0125976335,0.19991648,0.25653315,0.0,0.4914634,1.0589066,0.22141322,0.4219499,0.4482506,1.2590388,0.9574384,0.6472189,0.03964071,0.8635705,0.6948513,0.0,0.6496964,0.15827706,0.24136212,0.2352468,0.413302,0.23903868,1.5623928,2.4250903,2.6540895,1.3224534,0.6014082,0.24693105,2.4538271,1.4868265,0.7317495,0.059314013,0.20186913,0.019619484,0.03404018,1.0997078,0.14818837,0.53258395,0.021178989,3.224886,0.64135474,0.4128844,1.0115873,0.4178016,0.45617944,0.3680425,0.5570418,0.035113707,0.41222143,0.012099206,0.5121872,0.3629936,0.38051176,0.0,0.31161898,0.6072464,0.47033855,0.6979729,0.061512556,1.3048483,0.2659354,1.2263474,1.8155899,0.824113,0.3835811,0.805948,0.95873374,0.31385675,0.2265191,0.021769477,0.39255217,1.3485714,0.52214706,0.008686955,3.3955348,0.48294285,1.2311952,0.19484675,0.19764356,0.9410238,0.058236856,0.18712552,0.60346055,0.25718084,0.0013331781,1.1001462,0.93397224,0.6461614,0.26157054,1.8763779,0.19894564,1.1782911,0.5958797,0.14681402,0.4341904,0.27171803,0.6695375,0.072769895,0.97361237,1.2260615,0.28880093,0.20818615,0.3733214,1.3189859,0.2688819,0.64687634,0.17971821,0.34901446,1.8127067,1.3165591,0.7517747,0.087663114,0.32464388,0.59717256,0.3671499,0.32485774,0.92209756,0.18733758,0.36758134,1.0283071,2.4565296,0.60205334,0.6698461,0.0,0.6603353,0.4345963,0.4732131,0.4871984,0.0032285503,0.96615607,0.956133,0.31201965,0.0042078025,0.06105087,0.06396236,1.0227402,0.009770944,0.26203185,0.10021614,0.2894348,3.2212822,0.637269,1.1341453,0.22898848,0.3344675,0.1727884,0.7544994,0.429929,0.46353397,0.14233673,0.018687963,all_pothole_images\pothole_images_new_image_1130.jpg
0.0020205304,0.041494805,1.1859549,1.1908425,0.17235853,0.0,0.4191254,0.24268465,3.0130422,0.44968125,0.14216368,0.47830647,0.0,0.00065292645,0.45195034,0.14393193,0.06749545,0.021304026,2.6549778,0.07649952,1.0494312,0.0285205,1.1170512,0.50801235,1.7374606,0.006796289,0.55960834,1.3740103,0.09363587,0.00807109,0.5617583,0.2075181,0.0,1.6286231,0.1622628,0.0029535359,0.05026384,0.5560029,1.741416,2.077447,0.0040269457,0.7312175,0.15591179,0.34556213,1.0657887,1.44926,0.12932193,1.0458478,0.35543492,0.30731443,0.0,0.682175,0.024892157,1.1832994,0.5488091,0.113693155,0.13447513,0.0908891,0.015823944,0.08137829,0.0044124373,0.45821667,0.3848961,0.50682557,1.6590983,0.7708635,1.7871883,0.0,0.30659485,0.0,1.6448057,0.541432,0.19169928,0.042204816,0.16854788,0.35125482,0.14466634,0.93807,0.16696721,0.0,0.0,0.31087118,0.5576155,0.22794308,0.14451434,0.21369639,0.040475894,0.66822034,1.5761323,0.13897467,0.1696665,0.8013721,0.2909104,0.3535452,1.345672,0.012807353,1.152393,0.6435613,0.11820647,0.80522853,0.08546407,0.9311699,0.00022722398,9.131554e-05,0.99215174,0.3187687,0.39095205,0.0016492027,0.2536082,0.46396548,0.0,1.0763522,0.4506556,0.10845843,0.5391623,0.2333334,0.035343397,0.3359621,1.3080974,0.15558636,2.8573976,0.12081092,0.5212846,1.2529726,0.03976503,0.3669424,0.061980683,0.06516803,0.34010354,0.9070028,0.16439673,0.019632021,0.07761846,0.20072976,0.23171388,0.23593938,0.24756968,0.0,0.15352279,0.0031502186,0.02640557,2.902954,0.53908384,0.39628345,0.30128244,0.40723783,0.25296637,4.9427667,0.007770622,0.42766264,0.088092975,0.14590761,0.14812037,0.19583254,1.1468475,0.48294,0.0035215477,0.21057443,0.09753731,0.81583387,0.9349933,2.8172832,0.027286101,0.0,0.0,0.24997602,0.022829978,0.024789717,0.25599915,2.15558,0.025415407,0.21622697,0.13700739,0.016337797,0.9022402,1.2778485,0.08147446,0.0,0.0,0.40287006,0.03022113,0.31676045,0.23712096,1.4908465,1.2630788,2.2770507,0.18662779,0.070319444,1.4250197,1.1213835,0.048371226,1.6199948,0.10692425,0.65863323,1.179565,0.20239964,0.9294002,0.78604335,0.967648,0.6456032,1.2603304,0.0,0.09998428,0.09872306,0.13154897,0.03423317,0.3538018,0.19853541,4.8636613,0.32796216,0.3216374,0.20490654,0.0,0.6926758,0.14163469,0.63840115,0.17109479,0.21972309,1.0858339,0.27679065,0.28079605,0.55185264,0.5476825,0.46092808,0.27128094,0.012747508,0.049264073,0.6683935,1.9369456,0.56861734,0.6525695,0.1368885,0.09034681,0.77048594,0.6034979,1.5876185,0.5572255,1.4592866,0.7990776,0.30731326,0.81292224,0.4468129,0.70861864,0.8842459,0.14198992,0.060608704,0.9308744,0.10855675,0.020035854,2.1452916,0.5621246,0.2406009,0.20911404,0.008767149,0.49071366,0.0,0.05875109,0.058237623,0.11946659,1.1189684,0.6613668,1.5230267,1.0500094,0.09016387,0.20299245,0.7500154,0.017675951,0.08484665,3.2303832,0.21895093,0.17449589,0.030344263,0.8279877,1.5540669,0.018710852,0.7657215,0.0,0.56577635,0.03311437,0.08394792,0.0,0.0069936616,1.4900357,0.0,0.16275875,0.9140435,0.19030002,0.15217966,0.22532533,0.13673766,0.0,1.0237495,0.06984707,1.0877464,0.34020543,0.3630514,0.02236423,0.25362587,0.51817286,3.5046146,0.9276433,0.5367083,0.0037980764,0.044113323,1.2315762,0.00495342,0.51709574,0.021695944,0.08438616,0.05266278,0.31605873,0.3035123,2.0378635,2.7513564,0.09895752,0.61914545,0.02237126,0.4643778,0.21607888,0.7068129,0.77770203,0.016068323,0.7155078,0.5380123,0.71045107,0.020840667,0.64835584,0.0,0.6623272,0.22314686,1.5408708,0.053498123,0.09580169,0.036624894,0.35085958,0.0003200968,2.3716266,0.040419996,0.0,0.39260566,0.0785966,0.11636654,4.625907,2.948177,2.561042,0.5477017,0.060513943,0.8852075,0.83015525,0.17981428,0.0330418,0.0060899127,0.0,0.4820341,0.026376918,0.2966855,0.19389546,0.0,0.2308327,0.31902254,1.2396575,0.12267453,0.9635593,1.0186496,0.3243635,0.7288234,0.35016885,0.9928303,0.041590963,0.0027167413,0.31496385,0.0,0.04237611,0.016174916,0.60165745,0.28740886,0.037088037,0.36434713,0.2624143,0.24260388,0.02314285,0.0036510916,1.2549431,0.41235188,0.13386159,0.0,0.1319839,0.71868926,0.0072085364,1.193307,0.36697412,2.4134536,0.07846625,0.34698188,0.0,0.7132136,2.0449803,0.78359455,0.6876968,0.26600638,0.59752816,1.2199367,0.047146074,0.050300423,0.9356107,0.39560115,1.1784537,0.046590447,1.7947774,0.10521279,0.0,0.22476344,0.6246733,1.6915817,0.47559208,1.4537259,1.0420395,0.043866538,0.6966162,0.4541654,0.4313819,0.16253652,0.00026813595,0.113716885,0.13591291,0.025834968,2.2572098,0.112386234,0.052516576,1.7082214,0.35429803,0.15773767,0.0,0.2319631,0.09257016,1.8607897,0.0,0.17533335,0.16003679,0.023031084,0.8596638,0.056492727,0.116694614,0.045165908,0.053946022,0.240888,0.06482787,0.23300123,0.356033,2.2292948,0.5292148,0.16175963,0.2171666,0.0,0.40599698,0.7468039,0.116321914,0.01823542,0.0031863665,1.0471838,0.16155244,0.07581656,0.2826378,0.53929996,0.0,1.2859596,0.43343475,1.0496645,0.21512194,0.040513124,0.74559313,0.0015318132,0.0025993977,0.031792376,1.1633013,0.05627342,0.39284432,0.012362852,0.48987225,0.053568084,1.630486,0.60203046,0.5264381,0.09250654,1.5581238,0.08197508,0.0026691323,0.14168358,0.0,0.019153869,0.28436646,5.8768063,0.05714321,0.041405525,0.0,0.018741595,1.2665877,0.16395861,0.17503938,0.053698365,0.31518257,0.43736398,3.8543696,0.0053249397,0.01937497,2.5677931,1.5634189,0.40289718,0.68723434,0.8815288,0.08387545,0.41643414,all_pothole_images\pothole_images_new_image_1131.jpg
0.89437956,1.3492587,1.5353857,0.19614461,0.3723341,0.36075124,0.77911025,0.37570304,0.12073317,0.039000303,0.092554964,0.48500848,0.05026417,0.0004006195,0.061835848,0.54648894,0.28773022,0.07370002,1.5925745,0.12279251,0.7697706,1.5698031,0.5613824,0.8153171,0.74309677,0.058929484,0.21303485,2.5905492,0.0,0.0023034944,0.1514105,0.029036537,0.8810989,0.77507377,0.09932363,0.5354377,1.2413979,0.68752193,0.79761094,1.501415,1.2045422,0.33281523,0.019879507,0.27403486,0.14793526,0.94051063,0.047096953,0.010156989,0.31658143,0.60243225,0.8253416,0.0,0.78679186,0.9051225,0.09384788,0.1845871,0.83168477,0.00054979447,0.7068739,0.5645989,0.22169416,0.010269727,2.6006482,1.851409,0.46675485,1.3146241,0.77345586,0.102545746,0.006129182,0.7190852,0.655072,1.6911347,0.012669968,0.7110926,0.24046513,0.59821016,0.97383803,0.15356834,0.01357732,0.5466712,0.00082997157,1.2775986,0.0966842,3.3385084,0.75954133,0.9481125,0.23824745,0.9617666,1.9442548,0.48742384,0.13914938,0.043104775,0.25051314,0.37034965,0.17420825,0.89915246,0.15305088,0.3414086,0.41047776,0.3481662,0.3430321,0.60175496,0.6578143,0.0,0.12867013,0.56651443,0.43034807,0.4941638,0.72866523,0.6820923,0.40258095,1.750094,1.1840098,0.23115247,0.17766146,2.1966705,2.1849165,0.74807256,1.5306399,0.35589093,0.57635725,0.29162368,1.0131152,0.19280028,0.08765418,0.9247801,0.116649896,1.3068956,0.44885233,0.7088173,0.8189364,0.008032027,0.12578087,0.051167984,0.051664628,0.7411057,0.13838866,0.31306386,1.1523674,0.9254219,0.33633626,0.18677765,0.01833006,1.3363264,0.29537436,1.0787536,0.17527889,0.030871242,0.62065184,1.1191137,0.21493,1.2825948,0.009557243,0.008326203,0.35241184,0.15999629,0.493121,0.0,0.5288835,0.61211807,0.75470173,0.10906306,0.038461223,2.892165,0.31623578,1.097576,0.7623358,0.18082906,0.80459416,0.97346824,0.2411968,0.021146491,0.0360545,0.97130954,0.46438998,0.005463148,0.9041435,0.24207519,0.10403948,0.031046761,0.30818686,0.7940344,1.0993179,0.59017444,1.6158743,0.76568335,0.70920956,0.31416035,0.08978326,0.27927428,0.15901503,0.10724107,0.00045338552,2.2270923,0.4627849,0.07137387,0.23066181,0.55297977,0.43825176,0.3250599,0.14900017,0.21692652,0.018662434,1.5416702,1.678402,0.4965938,0.3480775,0.037781574,1.0070308,0.0,0.6585162,0.13632825,0.6245037,0.62048775,0.2468627,0.15215631,0.46152487,0.21484101,1.3277837,0.5729129,1.3236572,0.70647204,1.2436024,1.4504793,0.0,1.1349553,0.7933701,0.5870799,2.0158162,0.8429685,0.2445899,1.1289295,0.9176463,0.06518242,0.98896194,0.55232066,1.1059476,0.0,0.030130878,0.0,0.34963855,0.24162652,0.6636642,0.018069293,0.024211647,0.014021187,1.1518719,0.06163777,0.10298456,2.5946121,0.792336,0.010314732,0.09983991,1.174787,0.036412284,0.007963539,2.0128572,0.2275697,0.33608463,1.2697314,0.04742135,0.6421913,0.8520105,0.6745459,0.24526331,0.64839154,0.26987037,0.17205903,0.21370833,1.560509,0.28407007,0.47137433,0.007952448,0.07907581,0.3382565,0.67910874,0.13433377,1.6390764,0.7074214,0.4518704,0.34906578,1.1475029,0.035195764,0.21819402,0.96683466,1.1287727,0.62562484,0.12562312,1.1572126,0.12507369,0.2780558,0.0010929747,0.6200594,0.38438585,0.54078263,0.09066558,0.13764578,1.267104,0.26193845,0.31036106,0.31339133,0.41951224,0.37064362,0.41694927,5.0211215,0.252614,1.3599647,0.33977777,0.33754337,0.056925967,0.01038069,0.714312,4.9969416,2.0380507,0.07295846,0.043231845,0.10997605,1.5143368,1.8664367,0.8166527,0.44676745,0.004210774,0.09725421,0.0062492834,0.6940453,0.52314335,1.6912931,0.23965481,0.06549297,0.11962573,3.9923015,2.1205256,0.0,0.12299316,0.46634555,0.4239902,0.2467555,0.206876,0.110399224,0.5684449,0.045261525,0.77050626,0.8489978,0.012706073,0.1770269,0.17729521,0.044474624,0.9884537,1.0837668,1.1316617,0.071088456,1.6087182,0.098793164,0.7611695,0.20388976,0.11545033,0.34029084,1.9763687,0.5110822,1.0702364,0.040083952,0.1698978,1.709505,0.39132148,0.36129665,0.34733355,0.40233165,2.0700986,0.10281233,0.43298823,1.7793187,0.45682576,0.29701924,0.53957635,1.7903557,0.64666337,0.1456848,0.86647624,0.05386949,1.9257818,1.0068232,0.00825528,1.9316447,0.15158309,3.0136917,1.0043035,3.0413597,0.10539028,0.92700106,1.0995518,0.8726488,0.5066504,1.029202,0.6478364,0.053942386,1.391668,0.5396192,0.42272457,0.0903568,0.041288923,5.154841,0.09205344,0.14843422,0.08964737,0.6591327,0.0064441743,0.20291229,0.1029343,0.21955045,0.18066539,0.5916402,0.22896501,0.72144085,1.0011526,0.29600912,0.6600591,1.4307487,1.7061702,0.57855636,0.7448263,0.938681,1.6902812,0.11424379,0.28505987,0.17775649,1.7501582,0.28093708,0.39972863,0.66915625,0.5462333,1.262366,0.105826445,0.24160369,0.34575453,0.7205485,2.587314,0.9498625,1.4350961,1.0023718,1.9600517,1.2347251,0.2481097,0.6064607,0.1320934,0.74056476,0.14456828,1.3248675,0.3259425,1.4495286,0.85044354,0.8477275,0.37623626,0.97858113,0.67271274,0.683712,0.59534514,1.01485,0.8182083,0.7117867,0.8334787,1.028513,0.5390626,1.1314354,1.1694708,0.37283516,1.0320889,0.04848409,0.33316708,0.19500598,1.1915485,1.6516954,0.5304155,1.3995616,0.0006945434,0.13176632,0.4723591,0.12779538,0.2997084,0.8988636,0.06525297,0.055667955,2.7372181,0.2930245,0.061060224,0.078481175,0.1502367,0.025172258,1.194455,0.378233,0.0023574987,1.0413219,0.86320245,0.06554114,0.0,0.6532962,0.04763243,0.43195397,0.0,0.07256592,0.103465036,1.0691286,4.7793865,0.32727563,0.87356377,0.37460634,0.7790429,0.17898001,0.34953615,1.1105171,0.23535514,0.9675753,0.39316005,all_pothole_images\pothole_images_new_image_1132.jpg
0.37176436,0.15063626,0.39726904,0.3846741,0.2537437,1.2648757,0.21206571,0.0,1.37455,0.2159925,1.1849507,0.3577388,0.08800595,1.7931186,0.5871392,0.3121611,0.055283427,0.045044024,0.80552113,0.049160037,0.20694049,3.2019806,0.46070892,0.49882188,0.44821554,1.3401022,1.2904311,3.8764267,1.5785483,0.28831604,1.2916218,1.5500094,1.2878158,0.06943011,0.03619572,0.51711935,0.4834192,0.69884986,0.22687742,0.20070067,0.38685244,0.2774267,0.6238157,3.9730623,0.53090894,0.7061623,0.80732775,0.5089749,0.8898796,0.91812783,1.0871252,1.108343,0.7026048,0.2597634,0.094471626,0.7692175,2.4002442,0.22639097,0.014918093,0.07820014,0.39448932,1.1983024,1.7350124,0.24105743,0.9185176,1.7648435,0.3796357,0.22456895,0.1956437,0.4240021,0.23394693,1.912209,0.35848266,1.0869114,0.019541973,0.13437766,0.26700616,1.6453453,0.15842898,0.45916304,0.40727156,0.65137666,0.1354048,2.398398,0.25073358,0.6774532,0.82191885,0.054269318,2.029573,0.7523988,0.41296452,0.09496168,0.021621652,0.52407515,0.33537456,0.38880235,1.2511342,0.2634818,1.2675282,0.22358806,0.36477065,2.0489278,0.24746892,0.0,0.14621645,0.936666,0.047890663,1.3396883,0.3884397,0.6964133,0.4605899,1.0259,0.3622664,0.64175004,0.0940532,0.4040333,2.7246573,0.90548205,0.46419528,0.49612212,3.1293185,0.024350766,0.12426944,0.004995855,0.09680123,0.042522084,0.5910317,0.25722072,2.895669,0.16982342,0.84399223,0.017531196,0.6238856,0.060203943,0.083413355,0.39671668,0.8423806,2.5357344,0.4106762,1.4730219,0.59020805,0.16640949,0.7118464,0.25051603,0.2469454,1.0783621,0.8391717,0.5834626,0.604535,0.40774435,0.16563296,0.50116915,0.011083815,1.9126557,1.5340862,0.53996444,0.35756192,0.12461276,1.0649445,0.9183838,1.7240369,0.3135259,0.110487364,0.57263565,0.0008429438,0.2968244,2.055735,0.39660427,1.0663182,0.47076088,0.03410854,1.4667985,0.04744335,0.6515833,0.14555794,0.14299305,0.59025246,0.08569692,0.6686417,0.71947736,0.46936563,1.4082887,1.1359202,0.17234986,0.6826483,1.3773091,0.18073632,1.7257307,0.06826071,0.10267981,0.13216856,0.042761143,0.77114284,4.321436,1.0164164,0.48964605,0.30311856,0.78341734,0.4192281,0.5573042,1.1792108,0.31264386,0.9731011,1.2621818,0.5062022,0.019288741,0.8555957,0.5538595,0.23041359,0.42963257,0.45714653,0.36825943,0.96772546,0.26147413,0.121128656,0.99777097,0.93515104,0.5163046,0.42690882,1.8212155,1.6927446,0.11161923,0.4634713,0.19571249,2.7925465,0.5718151,5.848761,0.32087237,0.5391342,1.1900384,1.8684789,0.9177317,0.4144923,0.83978915,0.8279729,0.7611442,1.5323311,0.35783437,0.14914256,0.7095079,0.079521075,0.1985239,0.44142067,0.9218451,0.35952032,0.17086302,0.3304142,0.6914089,0.46301404,0.7338761,4.237516,0.037676215,0.7010077,0.38482976,0.7380232,0.006105699,1.5885324,1.2752469,0.6059187,0.32752904,0.55524415,0.56663364,0.14370333,0.69090956,0.63593,1.3978072,0.14281161,3.2410657,0.8791276,0.1776359,0.18536486,0.3125974,0.06846744,0.30741015,1.4580334,0.26599434,0.5346288,0.5170512,0.5632695,0.2097236,0.96026593,0.6925113,0.064080164,1.4310497,0.39389318,1.8478154,1.2332797,1.7271891,1.1031145,0.53482133,1.0256065,0.73320955,0.010119867,1.9860674,0.14375725,1.4252905,0.8758729,0.36415663,2.1043797,0.1580002,0.07259405,0.9284766,0.4053301,0.33054706,5.192912,1.4263,0.030843554,0.0688089,0.042547133,0.76884085,0.60907733,2.446171,0.662309,0.35145265,1.3980654,0.035883065,0.48426843,1.7979304,0.5419596,0.22131985,0.10077462,0.27514005,0.05678241,0.52039963,0.96869844,0.2093762,1.4291958,0.03594294,1.1251128,0.43406633,2.52281,0.52097785,0.10414318,1.1256044,1.1144512,0.16837521,0.7500644,0.36870122,0.19211738,0.23263626,0.28432631,0.78552914,2.4616818,0.20599312,0.92660195,0.26383042,0.25873226,1.499904,1.3952892,0.2685228,1.5817827,0.20975292,1.3865356,1.498204,0.12985624,1.0903716,0.0038855209,0.95094234,1.0577785,0.16680877,0.0482325,0.25135288,0.55651927,0.87955296,1.0911,0.06906358,0.7913717,0.959667,0.21555875,0.009078223,2.567453,0.21360373,1.6977509,0.63104177,1.4283922,0.0180943,0.99668336,0.57562065,1.0221969,0.34591776,0.18517382,0.09405802,1.0797597,1.1415861,2.6790953,1.9375666,1.1502017,0.17174672,0.064965256,0.82507455,0.96554774,0.6558418,0.056372683,0.28071898,1.1262461,0.12182602,0.8607572,0.06395694,0.31609917,0.38596615,3.4255812,0.8404768,0.51877904,0.8015842,0.9379833,0.50331926,0.5046377,0.46844319,0.13301216,0.039435893,0.30763167,0.16399401,1.057658,1.1786737,0.87012446,0.5065421,0.7353676,1.6415039,0.7997838,0.061106175,1.7558783,0.040703803,0.70128024,2.9987829,0.9411031,1.017847,0.76647437,1.0331626,2.8162115,0.4616518,0.566498,1.3974696,0.07305689,0.7439508,0.7003512,4.82107,2.0046182,1.5666316,0.17885071,0.94073135,0.8652152,0.7319314,0.2705274,0.4239357,1.8554825,0.530056,1.9144852,0.44722047,0.039252233,0.35235295,1.542045,0.31183103,0.3699288,1.0849913,0.9839865,0.64554,1.0502374,1.4531542,1.1927428,2.289012,0.55582285,2.019206,0.96010995,0.024104206,0.08490945,1.4503183,0.3231599,0.29009646,1.626674,0.66555333,0.24001916,0.3874963,1.0184048,0.009930491,0.18902698,0.042954132,0.5942294,2.679655,1.1312306,0.15960199,0.11594862,4.837629,0.7120267,0.29565868,0.37787646,0.3075619,1.5376238,0.41914713,1.2912579,0.7058867,0.1845766,0.4695498,0.20423485,0.7664597,0.23762457,0.8195169,0.086303435,0.7218961,0.13838297,0.4121444,0.1546193,2.7397158,0.79562324,1.0904379,0.63991654,1.4341142,0.6164142,0.094954714,0.50677,1.4740915,0.7963062,1.013446,all_pothole_images\pothole_images_new_image_1133.jpg
0.3215707,0.7661274,0.07891424,2.1533623,1.0901033,0.33582655,0.534335,0.0025867384,0.7877002,0.32483646,0.28580272,0.75645816,0.0,3.149292,1.7323952,0.07840013,0.19702162,1.6238253,2.7013133,0.19352652,1.0580553,0.90049195,0.0032099083,0.4998027,1.20628,0.264082,3.375378,2.9317558,0.37657228,0.2215898,1.3484391,0.11444515,0.376318,0.12308841,0.08868177,1.74416,0.32820114,2.2264214,0.19662574,0.4824494,0.13151635,0.05368178,0.5583089,4.42679,0.19407615,0.18016583,0.26205966,0.2935906,0.08832777,0.494026,0.19778118,0.6063942,0.38281134,0.031453136,0.3029181,2.0258834,2.8666325,0.60181665,0.14886276,0.054395523,0.5235402,0.46982068,0.33720934,0.23050423,0.48872554,2.750944,0.36465904,0.008931264,0.0041455445,1.0749917,0.2302062,0.49816272,0.6888991,0.13686477,0.22161375,0.14442536,0.115962535,1.2937508,0.25103775,0.40282345,0.14353432,0.022711072,0.068872064,1.9493318,0.109656416,0.0,0.08842513,0.008008297,2.5947778,0.037627798,1.1105464,0.0,0.21660802,0.0070783957,0.06175255,0.0071933055,0.12586878,1.2942404,2.0358427,0.1578797,0.3172306,3.367748,0.0,1.0090387,0.47135982,0.2641057,0.46606025,0.07957277,1.1526846,0.09793051,0.0043167965,1.087044,0.3508269,0.03449047,0.21584336,0.8002778,0.7855172,0.29206568,2.160327,1.9010626,3.1684763,0.5016148,0.19513832,1.9141771,0.8407949,0.05004705,0.8089129,0.9156301,3.021922,0.9038263,0.1278946,0.07649234,0.30767146,0.031385317,0.2148769,0.124033615,1.24538,1.4032263,0.5498771,0.24970303,1.0236729,0.10367079,0.053270265,0.16664265,0.79473764,0.43086165,0.110249534,0.43648586,0.060202155,0.24443887,1.0440236,0.5755961,0.0,0.30262297,2.148974,1.4218401,0.26599756,0.53702474,1.2204568,0.7982371,1.4802523,1.6346267,0.20905422,1.2026244,0.43976125,0.015652569,0.48900777,0.45545128,0.69629097,1.787522,0.07413381,0.18959936,0.0,0.09827372,0.25743115,0.37002784,0.3493126,0.1739863,0.10491283,0.2217139,0.0,3.6204283,1.9142122,1.5732793,0.57411575,2.4187016,0.043481156,0.63110864,0.0141612785,0.17214647,0.091706574,0.14665599,0.2341272,1.0816295,0.016016962,0.62362474,0.40899888,0.20294844,0.0,0.93467623,0.71536225,0.01087505,0.0643026,1.060045,0.27976054,0.10398319,1.3963134,1.3461955,0.4094546,0.5999754,0.14556949,0.0925802,1.7014714,0.28040338,3.3524823,3.4208548,1.0021758,0.07578874,0.19039722,0.28706804,1.3837862,0.103794165,1.3289622,0.028302886,0.04178184,0.103153676,0.96019125,0.7317465,0.1297966,0.5596128,0.5404363,0.017327499,0.094919845,0.42616248,1.4029598,0.11541968,2.3710508,0.06883813,0.17636485,0.54471296,0.3391533,0.3811698,1.4794191,0.486791,0.7493342,0.61930066,0.4315995,0.0074855,1.3744202,3.8846173,3.4383192,0.6156034,0.22502825,1.6378461,1.2261169,0.07270337,0.5492847,1.421547,0.45916343,1.2598771,1.2923677,0.18008702,0.82689697,0.046248153,0.5333436,0.52376753,1.025782,0.9566597,0.28354502,0.033051766,0.1925827,0.0022050655,1.7256923,0.020712808,2.6051757,0.17751926,0.0,0.3779247,0.45024493,0.6472027,1.4859467,0.008767378,1.308697,0.27380598,0.8978563,2.3960977,1.421164,0.38038698,1.7851917,0.0016638704,0.00095808686,0.04166827,0.10675586,2.621701,0.08199425,0.6302481,0.18513337,0.23515713,0.11273927,3.7100835,1.0827228,0.74775404,0.116230965,0.30639976,5.824114,0.28814933,0.24969314,0.07774672,0.23907638,0.14178023,0.7030012,1.7487546,0.93806684,1.966903,0.51979727,0.6064645,0.07555404,2.7313142,3.4281566,0.5167619,0.15673378,0.0,1.1415982,1.5765524,0.19172956,0.77451247,2.1069977,0.06512875,1.2422241,0.24899167,1.8051013,0.28107044,0.53349215,0.6368273,0.18872428,0.21169347,1.8722221,2.340777,1.8327496,0.53670394,0.3371482,1.0015484,1.1267463,1.1393049,1.6140199,0.39411247,0.18455778,0.6609701,0.62446415,0.0011345576,1.5214914,0.32350588,0.38746583,1.5648661,0.043850765,0.10784433,0.03775511,0.16439402,1.0962809,0.489849,0.05301531,0.6288737,0.77491045,1.3541752,0.0014592108,0.12137858,0.49579495,0.4456265,0.7006785,0.56341875,0.9943531,0.57451004,0.5354998,0.005578612,0.38962057,0.0676453,1.683603,0.0,0.5903806,0.43224707,0.5502222,0.14375228,0.028889747,0.29653588,2.2758255,1.1788659,0.1955123,0.0928208,0.0,0.98058724,1.2663816,0.005111766,0.76248485,0.0076396926,0.07129194,0.40570402,2.6134334,0.19308296,0.029427879,0.07588108,0.38994497,0.56064206,0.35150242,1.7398233,0.49354935,0.33004144,0.09277875,0.43786573,1.0914304,0.14262016,0.49346372,0.4307476,0.15521686,1.285607,0.8320748,0.37884107,0.6274453,1.4915171,0.20700417,0.0,3.6282673,0.061679546,0.406882,3.77747,2.3886406,1.4073842,2.1378906,0.8988572,0.095329925,0.3953967,0.67718756,0.00026735873,0.087231964,0.35110378,0.31211194,3.3023179,0.18685192,0.037080746,0.14904673,0.19480495,0.79255813,0.0,0.06351846,0.73273623,0.16668984,0.002829423,0.5211421,1.6374232,0.21360037,1.5126368,2.5219812,0.0063760146,0.044612113,0.3283842,0.43058527,0.9940215,0.25236243,0.24246009,0.2945825,1.4740725,3.064455,0.22906034,1.2272817,0.015721392,0.46878305,0.06450598,0.035583295,0.04805888,0.44754097,2.5029156,0.95536345,0.5033872,0.3333546,0.704762,1.9952638,0.19583142,0.0,2.9163074,1.1258868,0.103432216,0.22301827,3.2164178,0.4363878,1.34017,0.35322034,0.13836612,0.13432759,0.054638777,2.6418655,0.1283379,0.0,0.9392652,0.34304342,0.00026774406,0.02328171,0.17890304,0.0048771054,0.009661501,0.20185232,0.66191053,0.37160835,2.624585,1.1299368,0.11202734,1.1294162,2.9526684,0.99220073,1.0548706,0.015832674,0.1389602,0.07134345,0.035365738,all_pothole_images\pothole_images_new_image_1134.jpg
0.010124622,0.052755587,0.0,0.44936636,0.14581645,0.062866636,0.2791343,0.18992934,1.9738839,0.018026354,0.04298021,0.069529496,0.0,0.96462387,0.17176951,0.13664773,0.043181427,0.4971006,0.19418922,0.0010724514,0.49387792,0.319008,0.23343895,0.17574036,0.2898099,0.12242414,0.59315425,1.574045,0.11120054,0.0038970434,0.06430599,0.10610677,0.0,0.14266305,0.008557059,0.06468307,0.034953702,0.037515216,0.73549294,0.09308276,0.0114991395,0.10034308,0.07907259,0.4099654,0.11068651,0.08534889,0.005130154,0.4415487,0.13505898,0.038381584,0.18555178,0.031584956,0.038750183,0.0046084183,0.4165651,0.123676345,0.4774562,0.16470617,0.08317191,0.2896207,0.0,0.115918584,0.51146096,0.0106343515,0.7053861,0.36761045,0.4572814,0.00012608132,0.11774546,0.0,0.01901087,0.075220935,0.22980398,0.046544142,0.12805578,0.10023945,0.3554787,0.3998655,0.0,0.13754888,0.0,0.2287872,0.43924245,0.2646401,0.06003704,0.21038961,0.3183382,0.0909332,0.13797674,0.10239506,0.12203051,0.060196593,0.022681318,0.42179134,0.2097782,0.00090912695,0.050028604,0.06805804,0.24977185,0.11639647,0.116411164,1.1185658,0.0042605875,0.196368,1.0512787,0.009020666,0.1981933,0.005004099,0.056870576,0.8859597,0.0031768405,0.0,0.59865403,0.30567005,0.014825205,0.1538223,0.021130055,0.010694373,0.46074906,0.17882134,0.68651146,0.42132232,0.0,0.6047611,0.2736187,0.22108436,0.055327974,0.0,0.45792395,0.02292524,0.0,0.31765634,0.0,0.41204864,0.025406245,0.024865612,0.0,0.07949696,0.0025258446,0.046864845,0.056002606,0.16328739,0.12686266,0.057922274,0.19265789,0.3441246,0.0,0.19434983,0.1011967,0.3521085,0.029105887,0.14371346,0.0,0.00077964424,0.37077573,0.20547637,0.01643021,0.19882667,0.29018188,0.55127394,0.53226155,1.9466039,0.14576098,0.0,0.21662599,0.1771796,1.7173326,0.053566184,1.6679385,1.2933327,0.028033553,0.0062106275,0.10358097,0.03618023,0.27445742,0.07424973,0.0656316,0.010141765,0.4946213,0.0,0.008935469,0.92665976,1.2712418,0.18018936,1.4471772,0.034506,0.11259263,0.014019481,0.11961883,0.68323827,0.11632922,0.015634716,0.06511694,0.87499565,0.33098835,0.0383743,0.14090878,0.07549923,0.5445427,0.013155226,0.45008367,0.34667903,0.28824416,0.0679393,0.63064474,0.0008807823,0.36300367,0.009249544,1.2677594,1.368395,0.0,0.03943819,0.108013235,0.022851294,0.020542845,0.79949045,0.4007911,0.0,0.0,0.018967075,0.091800705,0.09944631,0.6234635,0.024293903,0.0,0.0,0.0056839962,0.059053406,2.5080473,0.25064012,0.1605309,0.0,0.025457226,0.35586464,0.23447318,0.35398397,0.5686301,0.11619589,0.13263272,0.07638645,0.008426533,0.015005303,0.001281414,0.07877224,0.23318446,0.0,0.2418425,0.038551368,0.02141826,4.621086,0.53877187,0.04317457,0.022912748,0.0,0.007764129,0.64485896,0.0,0.14212102,0.00206651,0.57118076,0.23054002,0.19376767,0.26979867,0.052260377,0.0005621393,0.26481372,0.015728436,0.3597199,0.61826676,0.0,0.17179765,0.09880488,0.097973615,0.6843071,0.044809863,0.27909532,0.008551951,0.1495053,0.041003473,0.009814175,0.86149067,0.21910252,0.002060279,0.20682958,0.0,0.0040101456,0.23405229,0.11805067,0.21048395,0.055547077,0.0,0.13392647,0.041284297,0.85083216,0.12878065,0.5127211,0.04293626,0.57660115,0.06670665,3.4975088,0.03940573,0.007054901,0.0,0.0,1.8620347,0.3836977,0.16421142,0.0,0.17301224,0.12644458,0.115218446,0.06762948,0.5813706,1.9257116,0.01560741,0.0013584793,0.042221963,0.18572682,3.2931707,0.15054391,0.038228806,0.0,0.10464094,0.008686335,0.40195617,0.3580685,0.6888093,0.04413201,0.011698323,0.0050044735,0.72985697,0.012202433,0.029366363,0.0,0.052741677,0.0,2.3314447,0.026017198,0.06161968,0.77775776,0.0,0.2287075,2.5265436,2.852159,0.27986887,0.084023714,0.023009595,0.5641048,0.5617178,0.10288656,0.0136220455,0.029681332,0.0,0.035323553,0.07728604,0.04238199,0.04753894,0.022249265,0.36741117,0.27284738,0.21826078,0.031659245,0.008976012,0.060477607,0.13161315,0.19528855,0.061487816,0.22868766,0.22285196,0.005653437,0.26723957,0.046487957,0.0,0.02679952,0.154231,0.10009154,0.1568953,0.16774915,0.15590708,0.68779063,0.527254,0.0071136,0.8832576,0.005414115,1.1583205,0.00056483794,0.32021967,0.059090566,0.009102686,1.4495282,0.08409129,0.0,0.0,0.74426454,0.06518934,0.24603389,0.03635667,0.16624072,0.058036726,0.35556796,0.35749778,0.28686997,0.03574751,0.0148486355,0.009707316,0.0005132929,0.00968171,0.45123577,0.5256824,0.0,0.0022541233,0.6569922,7.399761e-05,0.032099705,0.06599679,0.6685931,3.1308155,0.08039138,0.23402119,0.30852768,0.07397172,0.07964622,0.21867803,0.3529812,0.9541133,0.16693555,1.0572829,0.23080295,0.27280152,0.08760412,0.0046335934,0.037008442,0.010404397,0.061885916,0.28569597,0.5805094,0.11981713,0.0,0.13509588,0.00011568663,0.4686915,0.0,0.0059921043,0.0963174,0.6965567,0.027468802,0.007711421,0.15212141,0.015074167,0.38963768,0.81059927,0.05191792,0.41471106,0.012782285,0.10540455,0.4915664,0.4639935,0.0,0.0065082517,0.38263047,1.1288786,0.00303995,0.73705137,0.0130827995,0.38056147,0.0034325346,0.0100787645,0.02292879,0.016164524,0.35499585,0.097279884,0.2212321,0.0,0.008662738,0.3261715,0.16734345,0.027289545,0.013460342,0.006027111,0.002483361,0.6032492,0.10161274,0.50633043,0.19813041,0.5278066,0.0032575135,0.0101234885,0.1015741,0.011889183,0.0,0.57522094,1.5146719,0.0,0.0,0.0,0.00081635325,0.04564734,0.023143144,0.00704518,0.00019094416,0.07001968,0.5156274,0.7406009,0.26179343,0.010532996,2.099055,1.4020087,0.19694756,0.23442055,0.5743343,0.3972362,0.03698112,all_pothole_images\pothole_images_new_image_1135.jpg
1.3075798,2.689432,1.5371987,1.6879915,1.0667049,0.92478436,0.55626786,1.4225383,0.051034864,1.4243937,0.27514967,0.25449592,0.27225,0.5922059,0.54400325,1.0219332,0.51856357,0.08545276,0.45626312,0.23346262,0.0,2.1996067,1.3153359,2.355081,0.11266929,0.24238247,0.054192822,1.9582998,0.27913657,0.58364916,0.65960443,0.22442944,0.016632417,0.12511644,0.5398925,0.3546262,0.67949224,0.7097196,0.4575992,3.3658714,0.49807256,0.5235701,0.07106012,0.06063605,0.49731624,0.2834065,0.32975355,0.45363358,1.5574948,0.10183315,0.01469485,0.51546454,0.91248864,0.2625868,0.9213459,0.16879882,1.7781918,0.0,0.86787856,0.7825811,0.052548982,0.023348318,0.77085686,0.146208,0.30041435,0.570038,0.7682381,0.26785997,0.4112886,0.41006422,1.099335,0.31072167,1.5668434,0.20820576,1.3316001,2.8185623,0.3422233,0.18214293,0.3704944,0.22776821,0.48466444,0.18585736,0.97242457,0.514163,0.37051952,0.5186191,0.47902444,0.09933523,4.4806547,0.54608697,0.068494804,0.6585749,0.82847506,0.029633475,1.3138927,0.2280337,1.2991946,2.8063266,0.94051826,0.29387105,0.23173174,0.27294546,0.10857087,0.5843277,2.1969879,0.4875386,0.5617387,0.30883762,0.3369656,1.1033082,0.8578706,2.1473289,1.0958649,0.88430995,0.064834766,1.1032358,0.41279033,0.5891173,1.0263115,1.4135767,0.74178964,0.27767473,0.31811786,0.1583991,0.120154,1.0641763,0.120209955,0.5112628,0.106777616,0.6034116,1.5390388,0.7695962,0.3282554,0.8847566,0.3341586,0.72104716,0.017478589,0.3097923,0.2542422,0.17971453,1.1274556,0.22549415,0.17949839,0.59038186,0.45491922,0.4634214,0.7425056,1.6991618,1.0693954,3.6574028,0.51556253,0.48623207,0.6031259,0.41245815,1.7518656,0.36255676,0.54124737,1.5607091,0.9893301,0.11962706,1.1799685,0.89006305,0.9821681,0.036982626,1.3581212,0.51098764,0.23981845,0.19705392,0.9145257,0.14499886,0.08835703,0.0,0.5339086,0.11601843,1.2816117,0.20416991,1.1306065,0.43172213,0.249392,0.12594683,0.80621517,0.5678498,2.9189553,1.7700782,2.8401601,1.4068034,0.57097894,0.15590489,0.53476936,1.3832642,0.215032,1.0172073,0.5983693,3.4833124,0.2662752,0.03973487,0.09236898,1.0152805,0.7179171,2.7888513,0.2855752,0.87185735,0.23441216,1.0262735,1.0313766,1.7170553,0.32096925,0.0027890413,0.18149519,0.43066832,0.11124775,0.35165855,2.1202526,2.487606,0.5767574,0.6713375,1.1688997,0.16876812,0.6674352,1.2799845,0.17406446,0.69099677,0.12199232,1.1457796,0.1096481,0.044725437,1.2594167,0.29540724,0.5839185,0.116978645,1.6063681,0.35679975,0.29072583,0.5544263,0.29986066,0.314932,0.27107567,0.12950735,0.38332546,0.0,0.5651253,0.6871214,1.4171824,0.23793076,0.03839272,0.036260396,1.5715551,0.36186102,0.5091959,2.702547,0.55211914,0.28104636,1.0400983,0.48324615,0.44702312,0.108624965,1.7279683,0.264688,1.6610278,1.4168129,0.0,0.38010284,2.2127872,0.23011866,0.07914654,2.380332,0.97176576,0.24807358,0.68713546,0.09894726,0.9929558,0.1646168,0.5058932,3.8581045,0.41953093,1.5062327,1.0193051,0.5559096,0.35574207,1.1111009,0.021299783,0.04670925,0.2581752,0.6743958,1.3541135,0.4475132,0.30601946,0.3269979,0.38958475,0.18480523,0.7456483,0.9975269,0.34070382,2.7431853,0.41594854,0.28138775,1.1176671,0.18728212,1.1786519,0.57013637,0.0026356021,0.1086973,0.057036653,0.967341,1.3204346,0.23921779,0.2159105,2.3180346,1.0704403,0.09869361,0.7824367,1.1245066,5.4373403,0.09393241,0.16193451,0.41425884,0.0013060198,1.1406659,0.3204984,0.24342257,0.7032655,0.23442163,0.0,0.097293966,0.28361326,0.8293356,0.32752144,0.29709095,0.64065325,0.30626568,4.376428,0.07742631,0.17745717,0.37252325,0.6857394,0.21153107,2.0983837,0.2384743,0.4685222,0.061328642,1.333989,1.7114631,1.5957342,0.09030747,1.9383405,0.107400045,0.177346,0.68953013,0.10428103,0.5077053,0.0245272,1.22004,0.15687011,0.6886532,0.15419029,0.01188283,0.19457443,0.14339136,0.29143852,1.0896103,0.037562743,0.05092206,0.9076056,0.13183707,0.16290353,0.2658393,1.5384814,0.23373502,0.21820618,0.80685884,1.6584305,0.3641555,0.1943259,0.0053640045,0.87194544,0.8572503,0.9378919,1.4357393,0.57713026,0.58789927,0.5079059,0.32137018,2.1873484,1.9432017,4.740097,0.6059857,1.115392,0.42196748,0.5637208,4.1139874,1.6197861,2.244991,0.37795478,0.15998083,0.13051718,0.36167386,0.49409994,1.0138602,0.3043075,0.10665824,1.2128117,1.7629594,0.97776157,0.2475188,0.36214104,0.048209257,0.76317203,0.84329784,0.41171047,0.26400724,0.3677674,1.0582198,1.066755,0.41223615,0.025323892,0.8337716,1.6643504,0.12023363,0.8231062,0.029474953,0.41514704,0.74878895,0.5241486,0.63554335,1.5265061,0.119615585,1.8880235,0.8485858,1.3051114,0.54686105,0.37051862,0.5074973,1.1117512,0.20918295,0.21528386,4.872481,1.820931,0.038721826,0.3866701,0.21920034,1.0956278,0.20092832,0.12432906,0.53365743,0.016972445,0.101131134,0.6789862,0.8714474,0.8710106,0.9953007,0.824788,0.75437814,1.4923451,1.2546551,0.4914797,1.5022334,1.3387718,0.64819306,0.075793535,2.6718388,1.0462385,0.71821517,0.9220052,0.09288125,1.011874,1.092778,0.28920007,0.30245847,1.8945516,2.7828586,3.0947115,0.3864863,0.732723,0.36450285,2.0341578,0.5137045,0.26056156,0.6107446,0.97154605,0.92410463,3.6930044,2.2713182,0.8107859,0.6180339,0.037331726,0.6593388,1.6488211,0.49057317,0.46524945,0.28173834,0.49243522,3.5930552,0.43379304,0.17568801,0.40145797,0.13108246,0.09195071,0.53612775,0.60941494,0.26721737,0.00983141,2.4852142,0.9662158,0.52149415,0.8667893,0.06763408,0.01442508,2.7975483,0.9300932,1.4828415,1.4260281,0.87784714,all_pothole_images\pothole_images_new_image_1136.jpg
0.33819774,0.75727874,1.330614,2.5855591,0.33772177,0.50599164,0.4463342,0.35717386,2.3758118,0.8384167,0.6986171,0.29598406,0.75939626,0.095146,0.22930527,0.015442905,0.06832471,0.5448106,0.07078895,0.0,0.35573563,0.7492788,0.43924296,0.687086,0.34191045,0.712316,0.00024182684,0.06364412,0.0,0.5657316,1.0469143,0.36309704,0.97896904,1.0153084,0.47070852,0.19373406,0.57989573,0.16811308,0.5153427,0.5535078,0.43974614,2.7714329,0.3327182,0.0,1.1786923,0.12996787,1.2025127,0.6763687,0.12654,0.86674947,0.074920535,0.1665485,0.3655565,0.47922784,0.47801882,0.06182836,0.39736587,0.0027368972,0.17558727,0.8018513,0.41623116,0.54532045,0.06204518,0.6698726,1.4688914,0.12624246,0.8966691,0.0053848904,3.6123781,0.10398919,0.77327377,0.57835263,0.19717099,0.5431008,0.107208416,0.17797104,1.5383921,0.0341454,0.15969162,0.00080909807,0.368881,0.36923817,0.32855025,0.13618132,0.1596283,0.9003149,0.30757436,0.31677622,1.2605771,0.40547022,0.8000989,1.9677353,0.0,1.4244676,0.6968934,0.0,5.1154966,0.93598557,0.62668365,0.20882322,1.6026777,0.14520025,0.10443042,0.7842899,1.0906771,0.021231525,0.27590472,0.43600386,0.6212145,0.970616,0.989305,2.430453,2.5106232,0.13914014,0.28920108,0.44879997,2.4916239,0.35890564,0.18603632,0.122505926,0.36419848,0.0,0.28150177,1.0140551,0.046914533,0.39406547,0.049921114,0.6698075,1.3061544,0.0,0.50913167,0.001570641,0.0,0.18071982,0.61854947,0.15678678,0.4591015,0.024555799,0.46455145,0.08851236,1.0406982,1.9259644,0.56215316,0.6224558,0.3684993,0.04597836,0.032887608,2.5832505,0.116888426,0.033060975,0.6476423,0.33744484,0.5925064,0.023242634,0.0,0.42227954,0.48091984,0.27404317,0.4283052,1.2785298,1.3035519,0.09528505,0.012120117,0.0109233465,0.15772332,1.8686249,0.43927845,0.33507028,0.16416068,0.52830696,0.21581505,0.64039594,0.6075804,0.23941533,0.25485244,0.387617,0.56197643,0.0,1.3290533,0.026574012,0.09737151,0.8361232,0.0797587,0.03984267,2.729131,0.90945876,0.2777566,0.02158422,0.3347702,1.1352971,0.41267928,1.1897111,1.1471522,0.91670537,0.4762997,0.0,0.43857458,4.1641264,1.0821483,0.7860011,1.1854981,0.103548855,0.69380647,0.31842667,0.9495769,0.712099,0.2864247,0.2958957,1.7860881,1.2198324,0.2231246,0.04650844,1.5278525,0.7604971,0.17652899,0.009415505,0.13695501,0.29360357,0.7686915,0.43838927,0.58635175,3.3263896,0.4433928,0.23852988,0.24825214,0.09139558,0.48942864,0.91331685,0.2794093,0.25248203,0.37181613,0.039687652,1.1582218,1.2711209,1.2491015,2.2140164,0.6986611,0.45471337,0.56272966,0.4207196,0.3298203,0.0,0.9227454,0.7201712,0.02969967,0.05948444,0.81819624,1.9526242,0.0,2.980625,0.0016828821,0.98118997,0.10563113,0.012158999,0.4537199,0.046302166,0.40228474,1.2701677,0.21483845,1.5538492,0.8125413,0.47312087,0.4934084,0.13232447,1.3968272,1.8994533,0.0073841373,0.45226493,2.0791585,1.6633668,1.8433087,0.5640565,0.06750461,1.3612106,0.29235393,0.64113176,1.4619548,0.3836642,0.09782744,0.3936124,0.10498796,0.3930087,0.0793068,0.13478224,0.055555906,0.73083687,0.117261015,0.73989254,1.2006013,0.661906,0.29893795,0.34073874,0.56937,1.6355765,0.93090266,0.05613183,1.2126644,1.5991048,0.1928568,0.37772396,0.024067631,0.032491315,0.12641431,0.8844432,0.30359736,0.88514817,0.16932246,0.996624,0.024378715,0.5138318,0.26630774,0.81232744,2.7120068,0.6187097,0.027538659,1.6534262,0.6284595,0.29486936,0.5855958,1.143824,0.88164455,0.14029877,0.18104117,0.6917672,0.53452575,0.42806548,0.68723917,0.029610097,0.3616458,0.6907458,1.8711503,0.96047497,0.04677964,0.235804,0.047731582,0.42000228,2.6010501,0.004098266,0.2498244,0.18910974,0.024049442,0.43443212,0.97837806,1.1849868,1.1789883,1.1538326,1.1603222,0.61730194,1.5063695,0.9507759,0.23315914,0.96015674,0.24068534,1.3468388,1.5545741,0.26597264,0.69756454,0.0,0.69224066,1.2662129,0.22791673,0.13118738,1.4108268,0.0997149,0.04866599,0.08645881,0.1747092,0.94526017,0.08577312,1.8780607,0.597496,0.5610833,0.04700982,0.2845905,1.4831452,0.9105965,1.1796261,0.90155804,0.22682941,0.06488803,0.76688665,0.157373,1.1030744,0.027851032,1.0280715,0.073486276,0.112247035,0.007770457,0.0020738682,1.534781,0.44273496,3.5016947,0.25291207,0.8912062,0.15563099,3.1675048,0.84273094,0.7893748,0.36180001,0.54666466,0.1328569,0.8272978,0.06570428,0.08151787,0.73236114,0.47743085,0.05177567,0.4210374,0.54080206,0.08546759,0.15999661,0.37652588,0.74279255,1.7151604,0.07466267,0.32148203,1.6559994,0.0,0.63590884,1.0670786,0.60144323,0.18438132,0.7506438,0.16270643,0.036206312,0.0,1.6318696,0.49451604,0.6278723,2.2982197,0.0015552165,1.3965063,0.01649082,0.29711246,0.32009786,2.5459185,0.41988626,0.7626956,1.2312975,0.8307531,0.5572738,0.91306114,1.0125607,0.9950435,0.41812342,0.02727469,0.45420957,0.17188366,0.2220232,2.276958,0.26988566,0.12829506,1.464094,0.3668424,0.9400433,1.6036408,0.5194333,1.0775843,0.071549535,0.19101384,0.5688839,0.46836987,0.68367696,0.21349299,1.0066385,0.14656733,0.010649078,0.035403807,0.8121964,0.56625897,0.15110058,0.5460876,0.050978914,0.45518622,0.14295772,0.41909385,0.2710386,0.08354502,2.5869846,0.040630132,0.24724756,0.47253752,0.6893499,1.1648232,1.9358569,0.6892394,0.25210965,0.694176,1.4823925,0.630701,0.5325211,1.8183224,0.11708091,0.0,0.30333218,0.39438984,1.1942952,0.1532657,0.035844237,0.31368262,0.06039234,1.3659683,0.5067134,0.63257277,0.018298613,1.5838677,1.0161325,0.5726046,0.70053893,0.23599733,0.7579908,0.5135262,all_pothole_images\pothole_images_new_image_1137.jpg
0.8925914,0.0,0.20748624,1.9509445,0.5839596,0.006991069,0.21807717,0.35754105,2.712094,0.15483357,0.14747024,0.2118679,0.44884732,2.9862278,0.13408907,0.5567746,0.22617273,1.0985408,3.6554968,0.2146056,1.1933762,0.02400381,0.60146624,0.0021056756,1.9313105,0.32919747,0.81072724,0.9520991,0.074125454,0.0,0.25615245,1.139063,0.017449874,1.6327306,0.03153242,0.83345246,0.0,0.2105528,2.1837895,0.0050162007,0.10751362,0.4088833,0.111756586,0.3172979,0.9597912,0.28338856,0.09513744,1.884228,0.71332717,0.16411011,0.14283958,1.0789226,0.2891154,1.1691313,0.7148677,0.007828563,0.04035463,0.0,1.827052,0.0612718,0.15068218,0.1818135,0.0,0.5462687,1.0088257,0.2704481,1.1068135,0.13291271,0.36487788,0.1943602,0.66104734,0.35628217,0.49120212,0.0047700442,1.0212178,0.03961316,0.92828196,0.100337885,0.030280309,0.07181999,0.017287692,0.832302,1.1578918,0.015704926,0.055918414,0.0457075,0.62192684,0.0,0.47704163,0.06855722,0.40679348,0.8003014,0.119926214,0.0632535,1.6259588,0.3193443,2.8988364,0.8092295,0.015089045,0.54768836,0.0013070693,1.1503446,0.06052782,0.04844573,1.8911748,0.031910133,0.35905036,0.054723427,0.0,1.3162506,0.43166175,0.030465618,0.0,0.50626343,0.02463882,0.0,0.046751052,0.032272752,2.4998212,0.041551333,0.28819484,0.0,0.23086625,0.5185057,0.35328183,0.13409756,0.0,0.30199665,0.0012712518,0.01555751,0.003176634,0.7484869,0.05659295,0.035046436,0.11101538,0.84972054,0.61574006,0.031180652,0.60387844,0.050674893,0.015041913,0.026840404,0.041737907,0.177893,0.06938041,0.10019965,0.19400737,1.9258466,0.6441914,0.0,0.9520383,0.29232705,0.015885837,1.3097521,0.1117276,0.47099724,0.07742716,0.0,0.8411396,0.7315428,0.47540945,0.8208657,0.38862967,0.0,0.25459862,0.044383194,0.000500205,0.0,0.014515903,2.3908722,0.12165812,1.1837747,0.043879136,0.008208415,0.03699184,0.41845372,0.5701939,0.44850743,0.07036086,0.84613705,0.120479815,3.6573522,0.0,1.588808,0.79101485,3.2100239,0.008912948,0.17730682,1.913605,2.2335227,0.57149565,0.046392858,1.0897799,0.0,1.6320007,0.4957644,2.9681365,0.14692038,1.393263,0.18182342,0.17759968,0.24713342,0.0,0.0022303192,0.0,0.01768199,0.36405018,0.46008888,1.4201565,0.6400829,0.06002404,0.029319964,0.42989707,0.33556888,0.5016114,0.76310134,0.103644565,0.023019746,0.17235145,0.54439276,0.91537523,0.017385297,0.5887442,0.5664796,0.051706795,0.0053707166,0.0111698555,0.0071680583,2.0152037,0.28031456,0.0021221684,0.42624474,0.42400643,0.09347542,0.21019487,0.5599286,0.43372703,0.0,0.4245904,0.02984823,0.055454563,0.58400494,0.25366065,1.4475739,0.015228765,0.014944806,1.2309319,0.15694383,0.833576,2.100352,1.5264251,1.8528959,0.0,0.6426922,0.24509037,0.13962513,0.26155958,0.6540988,0.058426764,2.3438678,1.0694737,1.3262603,0.9256875,1.3617733,0.008752315,0.15212888,1.7188677,0.09080335,1.0202175,0.008110635,0.601555,0.11145579,1.9235632,1.0912905,0.0,0.48490065,0.7930675,0.08432077,0.58157,0.0,0.0,0.0,1.3874801,0.0039641946,0.11472671,2.844734,0.86401176,0.11036355,0.48761114,0.0032232092,0.006597567,0.03176936,0.41268283,0.0005776261,0.9368544,0.2170214,0.23083897,0.0,0.14916058,1.7121656,0.7816079,0.64838725,0.1363441,0.39093488,0.71772516,0.8651778,1.6241676,1.441606,0.23671487,1.1545405,0.22222303,0.89094096,0.22824086,0.6948451,0.039185215,0.10937862,0.025572922,0.4703305,3.743615,0.6339217,0.40815827,0.5873541,0.526511,0.10020795,0.7820346,0.34618747,0.016002305,0.43783212,0.26098886,0.17290008,0.7389616,1.478997,1.0532756,0.29602253,0.05047008,0.10470708,3.7640305,0.6813863,0.112835996,0.25163803,0.15980119,0.07637758,2.3001568,2.8317406,0.650129,0.005482955,0.04409229,1.2985497,0.07823494,0.0,0.07274245,0.5098573,1.049589,0.012657124,0.7244699,0.96273345,0.32648778,0.5765638,0.7802356,1.8367106,2.3461645,0.23885065,0.18989404,0.17700565,0.57858706,0.0,0.0,0.0,0.035816893,0.7057798,0.5888326,0.54397273,0.45688763,0.82867557,0.0,1.3200233,0.03587734,1.2469871,0.009876518,0.19903767,1.918509,0.0,0.095447935,0.10784391,0.09030958,0.009330608,0.39193144,0.0,0.8419345,1.1567113,1.4396373,0.22262187,0.3812172,1.0580438,0.0,0.017509002,0.6616827,0.012913368,1.9249328,0.0,0.049276114,1.4247428,0.2184758,0.105814815,3.268141,0.058203004,0.93657106,0.305814,0.3178666,0.010814202,0.0,0.14437202,0.42414075,0.0872059,0.0,0.08779804,0.30300355,0.3465351,0.6081515,0.22243692,1.246599,0.59200704,0.0,0.2446539,0.064056985,0.017291227,0.84625113,0.0,0.0575022,1.3077922,0.0,0.14003362,0.30840167,0.54238075,0.19983077,0.6605106,1.0682344,0.29623386,0.014701328,0.0016466782,1.3152958,0.14126754,0.024329355,0.45578718,0.004165088,0.005038328,0.28519505,0.0,0.20389755,0.76959074,2.2719572,0.76403,0.97487956,0.012792435,0.3297998,1.1664609,0.10189887,0.0074140867,0.48851308,0.43304995,3.039533,0.13394132,0.18959936,0.103276856,0.036763247,0.9986675,1.6634054,0.029940283,0.13084568,0.0,0.023774449,0.33753395,0.43732405,0.012517829,0.4436352,2.0018299,0.32330537,0.027661327,0.15036732,0.08542657,0.30683568,0.05975989,0.3047358,0.2587738,0.68877876,0.17971759,0.0035388519,0.28691772,1.0155138,0.13724,0.32596588,2.2247183,0.0063225506,0.4016767,0.0,0.0,0.264542,0.7719798,0.0,0.16528296,0.3136177,0.34492368,0.13687083,0.34489393,1.4519938,2.7184448,1.2698711,0.2888575,0.0471989,1.213085,0.17939582,0.5491873,all_pothole_images\pothole_images_new_image_1138.jpg
0.7353739,0.18046075,0.3427819,0.45906985,0.04121809,0.16081928,0.0,1.3128257,3.6638036,1.0756345,0.026690852,0.20805022,0.18212241,0.028935464,1.3032509,0.023656579,0.116519004,0.01918843,0.85910684,0.19005662,0.3210999,0.24480902,0.08000832,0.8329073,1.6390616,0.0,0.7982263,0.5966355,0.17742813,0.45255306,0.10918445,0.43233427,0.8953513,1.0207572,0.36333802,1.0598541,0.06397974,0.5924313,0.84087557,1.2357482,0.89430135,0.04389103,0.067539334,0.45080826,0.012021452,1.4914893,2.2613933,0.0,0.62508124,1.3639523,0.8584829,0.7951582,0.8411156,0.39711028,2.0854628,1.0489361,0.43594024,2.4378905,0.3754606,0.12405333,0.05268506,2.2369928,0.4364029,0.010889022,0.64044887,1.1846052,4.1895404,0.19593729,0.042552557,0.02731543,0.7373632,0.06910414,1.1525497,0.0887221,1.097477,0.56395894,1.5603398,0.37727547,0.00035634084,0.2124376,0.0,0.69426787,0.6292113,0.9038941,0.04722697,0.45960802,0.35320848,0.7162337,1.1028308,0.64536315,1.2889227,0.10469743,0.0,0.007543908,2.452398,0.16907544,0.09135273,0.75862324,0.0,1.4482739,0.47182354,0.0,0.23220749,0.3980058,0.98975015,1.0259463,0.5991707,0.9266982,0.5707919,0.16129144,1.9610578,1.2361127,0.13181429,1.082798,0.0,0.012019043,0.55341995,0.13323481,0.19120906,0.45232856,3.8343654,1.5989268,0.30693465,4.4035864,0.26570824,0.1658387,0.004533938,0.30159086,1.4684384,0.0,0.070694454,0.4432022,0.6558595,0.9398044,0.6021933,0.15294835,0.36266178,0.25400034,1.3235917,0.114224434,0.24640849,1.3001593,0.8150965,0.10178261,0.5949306,0.027318856,0.7976624,0.41124767,0.00029063012,1.8416796,0.2840574,0.73285925,0.19205637,0.01797592,0.28157923,0.0006137047,0.8914508,0.55466145,0.029439254,1.394476,0.35863876,1.1648737,0.008175622,0.045184676,0.08327967,0.059362255,0.48369184,0.33819214,1.4008515,0.4192433,0.0089727305,0.047958355,0.10550223,0.13993135,0.51088065,0.3679416,0.08101611,0.0,1.5976722,0.0,0.023321103,0.88165206,4.5480733,4.8549685,0.55194646,2.551302,0.21661997,0.043050036,0.5915451,0.29796168,0.15438068,0.08825487,0.6059915,3.190275,0.9043756,0.17187737,1.123283,0.5415008,0.31970382,0.7411533,0.89470303,2.141961,0.5429597,1.3348038,2.1017013,1.2214024,0.26282015,0.26311967,1.7049689,1.1173713,0.3490247,0.18785171,0.08888296,0.1688585,0.0949288,0.3798916,0.2704308,0.7837934,3.5884635,0.4077388,0.19831644,0.25118482,0.76605463,1.8795687,0.19542721,0.0,1.0049149,0.35156533,1.0300909,0.08843887,0.5759479,0.095888935,0.14633667,0.08884331,0.9778516,0.0,0.17326044,0.2570568,0.0,0.016415905,0.0048453594,0.9814425,0.10667871,0.23764823,1.1024832,0.0010721257,0.20724913,0.0,0.19790624,5.0023875,2.7670934,2.1256118,0.2493891,0.011655224,0.39321503,0.8852659,0.31617743,0.076607555,0.32281741,0.0013258115,0.00346866,0.33468324,1.8659749,1.5694461,0.038160224,2.5378592,0.060479235,0.7259167,0.6034159,0.49842128,0.21458562,0.0,0.18092504,0.07181387,0.39181805,0.1713936,0.3797413,0.70081234,0.88444287,0.052815374,0.40817696,0.0014523012,0.6452079,2.0121846,1.0532057,0.14160345,2.255706,0.31315234,0.021760657,0.021116555,0.010174793,1.7882793,0.59649223,0.69265723,0.76153344,0.58685267,0.5748517,2.4292362,4.3521075,2.413456,0.0,2.1046565,0.12740798,2.3246515,0.12848774,0.11583128,1.4481075,0.64313483,0.006422304,0.08365406,1.21571,0.32209623,1.5497422,4.851408,0.37578475,0.029181961,0.95020014,1.2737694,3.0914047,0.69172627,0.86534244,0.3151139,0.6790719,0.41054332,0.2550943,0.0,2.1025512,0.061532322,0.5348098,1.2941289,0.65730727,0.29223716,0.0477767,0.28519684,0.9150079,0.10576093,1.5591624,0.0,0.05218678,1.7219076,1.5467184,0.3645339,1.1393172,1.7748129,3.258056,0.37607524,0.07991349,0.51364857,0.8421641,1.5860313,0.8418789,0.1344407,0.8378424,0.8801321,0.11775507,0.7311414,0.010735821,0.7409752,1.639759,1.3474243,0.82682014,0.16985081,0.00046051628,1.0660838,0.10849302,3.3581328,1.5048153,0.3116151,0.29501504,0.43043038,0.51530063,0.58820695,1.2108456,0.19506222,0.4267811,0.0064143846,0.5935112,0.0793399,0.06763261,1.8472064,0.0018426406,0.06370621,1.1648788,0.0,0.54077965,0.40352625,0.30290923,0.72145003,0.027532654,0.11306308,0.09597579,0.15748012,0.3130219,1.8506544,0.057785325,1.1709119,0.26240444,0.2953902,0.33490053,0.19323874,0.2827501,0.024368415,0.0,0.3802122,0.0026739726,1.0655285,0.016335726,0.6408143,0.0033240034,0.96999484,0.06985159,0.26637304,2.2993999,0.8806339,1.5241628,0.0,3.5981133,1.4085265,0.08708393,0.13552557,0.4618609,0.62749046,0.34972817,2.4495268,1.0997108,0.032528743,1.3632503,0.74160796,0.0,1.6306696,0.50313175,0.8748661,0.011131021,1.0353016,0.0,2.4906487,1.7450088,0.28887802,1.1870607,0.106320985,0.0,0.41785336,0.37589473,1.3763664,1.8652171,0.44351983,0.0,0.9197896,0.72764415,1.6649289,0.860421,1.4175304,0.0,0.0,0.04789265,0.6168908,0.05418867,1.4429439,0.29764378,2.1641672,0.0341719,0.014403559,0.5161957,0.30000994,0.39018413,0.9285423,0.8783436,0.120175615,1.3440421,0.0,0.49253547,1.1632731,0.21555908,0.0,0.0,0.47508636,0.10420746,1.4215685,0.03229782,0.06863303,4.5336585,0.5632383,0.8592632,0.7275371,1.4070296,0.78997016,0.4112038,0.78873193,0.2564041,0.6064927,0.23434073,4.437506,0.024160555,2.0633843,0.11498144,0.0,1.2867182,0.025079807,0.0,0.03211793,0.0063229837,0.67092705,3.6569574,1.7304845,0.6542786,1.2647071,0.37104982,1.1205617,0.8376371,0.4427391,0.5242244,0.2047569,all_pothole_images\pothole_images_new_image_1139.jpg
0.46761507,1.0830683,0.1486563,1.9387599,2.0241947,0.40580395,1.024522,0.00041594522,0.78957504,0.6889891,0.24821785,1.105308,0.47413304,2.8488863,0.9308907,0.018728757,0.5294147,1.4849561,1.4708745,0.60781914,0.2475607,0.9953627,1.9068128,3.1305623,0.651114,0.39622638,1.205987,1.3270762,0.6487148,0.6572267,0.8654987,0.07802705,0.8382562,1.3519938,1.7101595,0.56671906,0.5405543,1.6844482,0.3484928,0.2859796,0.37121674,0.04973851,0.7111701,3.1904626,0.673645,0.5960747,0.5701468,0.28791448,0.77902603,1.2404158,0.95461655,1.279027,0.6497353,0.5659026,0.3856071,0.58982354,0.4365588,0.13879474,2.6280408,0.14159095,0.8972321,1.8630698,2.1197238,0.32937676,2.0518553,1.1157914,1.1601572,0.26962095,0.2435372,0.21088572,0.9477387,0.19134587,0.8583642,0.0197546,1.4331499,1.088031,0.82501006,1.3646833,0.29941493,0.3268451,0.917436,0.28436667,0.36498123,0.45756924,1.7082189,1.0517364,0.14524227,0.46463558,2.4494371,0.10607956,0.66906625,0.09799416,1.6258429,0.013331038,0.008299394,0.48498827,2.7467315,1.1692182,0.848818,0.64186007,0.035698548,2.6473424,0.20785487,0.7331865,1.4641699,0.8374659,1.1538762,0.48364022,0.27969727,0.5540977,0.38313326,1.3562223,1.279113,0.5430506,1.8077698,1.321989,1.266559,0.22456488,0.89265305,1.6011072,0.6108602,1.0722847,1.7215623,2.2073698,0.5950821,0.31587896,0.07797513,1.219025,1.5900402,1.6288106,1.0747753,0.21168455,1.1277772,0.1040078,0.0,2.455871,0.00046395266,1.0765177,0.91639864,0.704275,0.37853372,0.65022707,0.6202762,2.042603,0.7616354,2.151307,0.11855631,1.7315395,0.4679332,0.7733811,0.6792228,1.9019643,0.1259797,0.031720035,1.6342613,1.6023545,0.9049374,0.23943752,1.6310369,1.5070602,1.9562893,4.3304224,0.15917467,1.5190008,0.59583676,1.434643,0.4304987,0.7684359,1.5348713,0.5041168,0.8814248,0.5323944,0.32940716,0.19821702,0.3245438,0.8129166,1.1230251,0.3635815,0.30175957,0.6611016,0.05917734,2.111745,1.0853493,1.5675855,1.4886533,0.783134,0.70017654,0.47077173,1.199028,1.1139282,1.1427487,1.4797999,0.28779647,1.3185323,0.8239777,1.7073171,1.0104998,0.66456836,1.3372213,1.7873251,0.71678376,0.6733297,1.5345898,0.33406344,0.70668256,0.6006647,0.8091344,0.83092445,0.18205874,0.42040485,1.219747,0.2029519,0.7878316,0.23126002,1.4519355,0.5053463,1.4345627,0.27187425,2.1918747,0.1765299,0.28783885,0.2162097,2.373171,0.35813853,0.3522966,0.44123948,1.8967206,0.64749867,0.18262528,0.40574902,0.5956426,0.15793996,2.2359455,0.22363709,1.0996741,0.17117637,1.9142771,0.88354427,0.9891206,0.73806643,1.562726,0.23705098,0.2982099,1.0604656,0.42834067,0.122335576,1.6077197,1.1425809,1.069923,3.4606535,1.7220223,0.45972115,0.6216616,1.3401805,0.9465584,3.2007387,0.4511914,0.7284061,0.290829,2.8705487,1.2462136,1.5603995,1.4384941,0.58663017,0.05130793,0.48621234,0.3896281,0.93341017,0.7775318,0.53099906,0.13659778,0.24183168,0.37155285,1.0930434,0.124839306,1.208039,0.44883958,1.5222653,1.2913605,1.4415423,0.10741762,1.1726636,0.6233224,0.94120866,1.3640803,1.945626,0.9266493,1.2373638,3.8853734,0.029501764,0.5533021,0.051800005,1.0518274,1.5803179,0.817346,0.6611112,0.71990764,1.993775,0.19226576,1.5695184,0.72353435,1.0047836,0.18920009,0.15160248,3.6373808,0.7939319,0.0079215625,0.8273441,0.3371328,1.1257197,2.002086,2.1168847,0.4660413,1.3309195,0.5293106,0.5027775,0.5025376,0.88153976,2.7653458,0.42670143,1.7763962,0.5033224,0.36276892,0.8242137,0.753727,0.7407084,1.1383761,0.81329,0.644681,0.81518084,1.4183902,0.056983437,0.3635434,0.48925763,0.2398131,1.3641354,2.4580355,0.94975895,1.2869468,0.3141498,1.6474587,1.3380414,0.20098269,1.1584758,2.198351,0.4551632,0.22552028,0.6218263,0.052174956,1.8721802,0.39755553,0.5552843,2.4149206,0.15422684,0.38031378,0.12143351,0.89645666,0.34275913,0.6629374,0.23310874,0.78696275,0.820015,0.30131367,0.58429325,0.0038244405,0.11127674,1.2722753,3.6324944,0.6162192,0.7202825,1.06401,1.3240448,0.9730034,0.56141543,0.6810341,1.6883507,1.0949025,0.06665107,0.5440367,1.5585213,1.7779348,0.32094666,0.8100332,0.81895965,2.3706863,1.6240695,1.6052887,0.5569137,0.5069758,1.9326217,1.6223867,0.5893224,0.28919983,0.9005814,1.1014521,0.2078272,1.0062169,0.5034294,1.3542156,0.029857708,1.2484225,0.90768695,0.08129134,1.8157345,0.4612156,0.5703374,1.6636187,0.21185699,0.41066203,1.1877632,0.41820315,0.5660909,0.42979577,0.63557464,0.03633731,0.44635537,0.45913917,0.8504565,0.37099963,0.07909455,1.6290685,2.1613615,1.4437902,1.9677573,1.6309679,1.9432648,2.6860595,3.230314,0.7256275,0.8834892,0.00074888044,0.8505062,0.20915094,1.5733622,0.9570498,0.8844476,0.54217994,1.2450297,0.19469789,0.67018205,0.9077245,0.99613905,1.0017772,0.70454794,0.22466993,0.348819,2.1264431,0.49331337,0.77693033,0.90105665,1.1062016,0.928004,0.09489623,0.76256794,0.40073782,0.15624644,2.0721412,0.43130445,0.18668312,0.34300917,1.6800447,0.6398555,2.495912,1.0110221,0.107823886,0.99845505,1.7245648,0.0015532066,1.0078044,0.48566958,1.2850262,1.5009364,0.059277553,0.6567361,1.0761548,1.0951118,1.6055366,0.27099988,1.6569939,0.3326374,1.3985895,2.6502342,0.79863846,1.4533828,0.26125348,0.30192223,1.0372432,0.38434917,1.765469,0.10559818,0.69417644,1.2972605,0.040893115,0.27061757,1.2266759,0.35851115,0.16149367,0.13905537,0.2078696,0.37278244,1.5635631,2.718853,1.0847999,0.40249577,1.5914999,0.5220457,1.9341131,0.90810347,0.0579398,1.2990055,0.5176983,1.1873649,all_pothole_images\pothole_images_new_image_114.jpg
0.61305976,0.40485552,0.87107235,1.5922176,0.39782017,0.10991941,1.8704457,0.14854549,1.231103,1.4667534,0.5366971,0.6231673,2.2246046,0.23701632,0.23884335,0.09230553,0.17020063,1.3642282,0.36711323,0.20252961,1.0111114,0.10667849,0.9578248,0.3955958,1.0664679,0.737553,0.023711374,0.9432889,0.01221965,0.49448922,1.5247208,0.5035717,0.7607402,0.38347104,2.670425,0.95089936,1.3524237,1.7797079,1.033274,0.8995642,0.70666426,1.0805097,0.45779955,1.1962214,1.6975088,0.21201894,2.3498223,0.026357261,0.17648907,0.68822056,0.19063728,0.92065084,3.2657974,0.87132275,0.3807504,0.9711882,0.73837715,0.4526684,0.1272548,0.90997595,0.19544655,0.16330226,1.0805023,1.5722347,1.2467109,2.0464857,0.0,0.59770024,0.6545573,1.6929034,1.5276256,0.102219716,0.2114389,2.396589,0.09676254,0.12056393,0.6676638,0.065288395,0.0,0.41317883,0.011883785,1.4821662,0.02073016,1.0121089,1.3542135,1.1609157,0.12272921,0.49612737,0.49068916,0.6918729,0.042708673,0.5237505,1.2375199,0.16598082,1.0459647,1.6377757,0.14489399,0.6950186,0.21594608,0.36590374,1.1166295,0.8355439,2.8635242,0.11796602,2.1000338,0.4116762,0.741934,0.5165355,1.2105722,0.18726349,0.8488978,1.6445241,1.2141887,0.29989374,1.3534013,1.0520335,0.06807483,3.4304976,2.2311525,1.294453,2.0452957,0.0,0.95853454,1.340569,0.07506468,0.2547569,1.4560051,0.6734645,0.8507317,0.8055339,0.47580764,1.0113037,0.6858054,0.6846797,0.16372287,1.8533038,0.3014734,0.6882646,0.6596172,0.713599,0.97591203,0.3815028,0.88439816,0.46175653,0.7204933,1.188682,0.129642,0.0,0.009832708,0.10495324,0.2278398,1.2670531,0.016887782,0.4193762,0.018471034,2.0386386,0.00092212064,0.05830754,0.114514224,1.1991577,0.005313304,0.29959917,0.61429936,7.1671643,0.30345768,0.307861,0.5093564,0.1286272,0.23831685,1.5603924,1.5574402,0.8925762,0.37710336,1.1480842,0.3753739,1.9152751,0.8749336,0.9566971,0.8740344,0.97737104,0.041903496,0.26905623,1.3072407,3.32309,1.3760469,0.17519659,0.2917464,0.5931638,1.102614,0.69439775,0.19099548,0.1158558,0.7073017,0.85522103,0.3615325,0.9403197,0.8531511,0.10420279,0.5774915,2.3615696,0.16740145,1.2375641,0.23024534,0.11800742,0.63487697,1.6148556,1.2422162,0.022337234,1.0042112,2.6709628,0.4172948,0.51852113,0.014429209,0.20204817,1.053509,0.55493647,0.94087076,1.0251712,1.4357253,1.1181196,0.69605416,2.265334,0.18928239,0.89895195,0.21033604,1.1151054,1.008536,2.8470607,1.6098281,2.143114,0.4180028,0.009292636,2.0062025,0.11139782,0.6258075,0.41148594,0.6231654,0.08655151,0.00031669936,0.25462365,0.7413791,0.5275378,0.32252902,0.92525,0.12354144,0.0,1.6685402,0.98266435,0.9769009,2.02981,0.97354645,0.6281602,0.04646685,1.8053879,0.16323522,1.4806651,0.37510744,0.49701324,0.1060869,1.2751384,0.06615357,1.2724656,0.14173539,0.628192,0.4865138,0.61347705,0.7389626,0.9541764,1.6794385,0.45617503,0.43196237,0.15816922,1.2962818,0.036549956,1.4610807,1.0878949,0.0031751783,0.89949507,0.19358204,0.85778487,1.2548219,0.44181943,0.75185704,0.89895076,0.4328385,0.8663531,2.8979106,1.296017,1.364185,1.361779,0.58465636,0.9710019,0.15356147,0.18982781,1.687765,1.6367892,0.9960978,0.24404058,0.8811578,1.2789454,3.1342258,0.68949205,0.14833474,0.006351274,3.3642397,0.42908928,1.2109748,0.35847858,0.60261744,0.3637731,0.17473513,0.022903811,0.86107135,1.7433219,2.2642274,1.7004519,0.7887235,0.2195186,3.0097568,0.67275393,1.4428337,0.53219706,0.91313416,0.3426941,0.45693842,0.5030781,1.1006614,0.47944444,0.8466265,0.56623745,1.0714186,0.57348406,0.6511216,0.37221506,1.2159611,0.3127259,1.6243298,0.34913713,2.317958,0.6597135,0.4195432,1.8721018,0.17766026,3.419131,0.114784285,0.18299702,0.9684469,1.3763419,0.065295026,2.7842083,0.016460469,0.95064294,0.24200913,0.44443503,1.3116757,0.1306398,0.92109174,0.52992463,1.8449342,0.5535281,0.7298609,1.69974,0.3283468,0.06276362,0.9949775,0.11860452,0.29961172,0.9798391,0.43791175,2.7192059,0.049007192,2.039039,0.8330305,0.6310827,0.0,1.9261074,0.37679127,0.5491633,0.6886912,2.4588256,1.6325653,0.88996613,0.4825051,0.34124756,0.12798105,0.34909594,1.7565585,0.8545244,0.0,0.35272893,2.3640335,0.041341692,0.113219135,0.5858791,0.43398353,2.4319916,0.699003,0.36731333,0.50986934,0.27113342,0.19661148,0.9774356,0.31162497,0.013921314,1.2561208,1.5735525,0.057256076,1.0932678,0.42104244,0.34159407,0.6984291,0.68322784,0.4969044,0.66225433,0.55352604,1.9142996,1.4818828,2.6039622,0.89536774,1.5679322,0.8550987,1.3286923,1.9234527,0.01573611,1.5471768,0.8740054,0.3445299,0.17304704,0.3945956,0.23928413,0.74900293,0.7451943,0.1646991,1.2250868,0.85601556,0.33637643,1.0343871,1.6755427,1.495992,0.9097995,0.017318565,0.25641263,0.5170523,0.34608653,0.1400031,0.3908576,0.4003441,1.3797622,3.7006795,0.8222507,3.7341394,0.3335015,0.5892894,0.3103309,1.9370363,1.0183055,0.03817182,0.46763676,0.27563518,0.26303598,1.657651,0.67837024,0.95504034,2.2925417,0.111072324,0.9482868,0.75446206,0.089146346,0.47879532,1.2756879,0.6167826,1.2025901,0.0009257511,1.1429552,0.9919935,0.25370792,3.4686038,0.5830172,0.6821488,0.38823578,0.21355425,0.9692688,0.7595345,1.3765981,0.0718196,2.3324332,0.19255136,0.7569051,0.61951,0.12915991,0.29401556,0.08902295,0.5632947,0.16068752,1.0528761,0.3888137,0.23010601,0.07152997,1.5345907,1.5142106,1.6039779,1.9157029,0.5200429,0.30848858,0.57083964,2.3837156,0.24430609,0.28628466,0.715406,0.68119895,0.5062473,0.07100192,all_pothole_images\pothole_images_new_image_1140.jpg
0.04951918,0.8656926,0.8572228,1.0973977,0.60180855,0.46944973,1.3840761,0.42125612,0.031508937,2.3165905,0.25753194,0.8929209,0.30855188,0.5871036,0.17593707,1.0658014,0.294658,0.3866991,2.9610944,0.24499017,1.5681523,3.4483678,2.6170373,0.6722199,1.1026713,0.5572722,0.14471924,2.2857244,0.78110635,1.2553401,0.9362462,0.27355084,0.50832707,0.13680832,1.3976935,1.5755546,0.033675652,0.3326022,0.38793477,0.64049923,0.49046645,0.5863994,0.003912208,1.1476184,0.7760489,0.43462047,0.18834849,0.0023428448,0.35293233,0.73514086,2.224151,0.33075652,1.0812168,0.22484966,0.38960826,0.69820917,1.627328,0.017026203,0.86866987,1.7544655,0.6395243,0.64312005,1.5401782,0.23900686,0.48677343,2.4782193,0.9179856,0.6315985,0.5151604,0.82635826,0.00972129,0.9119476,0.35793918,0.0047988025,1.264014,1.0082641,0.39329076,0.19691768,0.37296098,0.9574361,0.022223394,0.2876462,0.60842216,2.4905374,0.74916106,1.1432803,0.89790803,0.21879727,1.657059,0.31335714,0.28411323,1.4724025,0.005032614,0.097604334,0.33653387,0.961453,0.47226855,0.55253255,0.09759499,0.34086546,0.2996365,0.4005321,1.001105,0.49772573,0.99386,0.28078368,0.30992544,0.33819178,0.21213634,1.4591197,0.13380486,3.8007743,0.55663437,0.0001407468,0.024362091,0.37078723,2.9576817,1.3374419,1.3671774,0.8577032,1.7073463,0.7287438,0.4566999,0.3500397,1.7991986,1.5038611,0.07917295,0.4129415,0.70094836,1.0689731,1.6198517,0.18692483,0.44683716,0.36500198,0.38493246,1.0148747,0.22411369,0.18865883,0.51274896,0.34586087,0.5757847,0.43146884,1.8264539,1.3880475,0.0,0.12255558,1.0637219,0.38062114,1.9505306,1.2582576,0.36380848,0.053509206,0.3526797,0.06065253,2.2631962,0.29596224,1.3093548,0.3813,0.16153155,0.5890448,1.4415498,0.40290263,0.13602537,3.2557437,0.50961566,0.3719148,2.40044,0.20246157,0.9583996,0.49477237,0.60958236,0.029679563,0.21358655,0.24116309,0.4956007,0.04311094,0.8640236,0.27466536,1.0175879,1.1292945,0.16831,1.5503643,2.7470024,0.5151556,2.0193765,0.673748,0.9827955,2.1524541,0.7008703,0.87104577,0.59902906,0.3107744,0.0,1.3747203,0.78453016,0.0,1.0800531,1.6667025,0.36637643,1.2092185,0.109194286,0.19448732,2.0580432,0.30853948,1.1353208,0.012328887,0.10067414,0.504277,1.322662,0.44584942,0.04609248,0.19328792,1.4582407,0.6031584,0.46596634,1.0236561,0.74416554,0.11536946,1.1038687,1.2323836,0.16247447,0.31229705,0.6634769,2.769925,0.28070867,0.36493647,1.9264477,0.02717929,0.48702395,0.227624,0.12648642,0.5616334,0.50396,0.39614695,2.5880613,0.28030503,0.34205595,0.0,0.0,0.107776366,0.7056643,2.3080842,0.43447596,0.1437718,0.30279532,0.6850153,1.027248,0.15821566,0.3831805,3.3746655,3.1298747,0.61235034,1.9732194,0.33455065,0.25510412,0.59238523,1.2669601,1.3189871,1.5237079,0.89505154,0.077494204,0.19385797,0.13257746,0.66738975,0.39138135,1.8464605,0.16042782,0.11582849,0.90285856,0.6504345,0.3399996,0.72336227,0.041109134,0.07849789,0.9254683,1.4967194,0.4935789,0.5346821,0.6787764,1.0467933,0.634126,1.6127112,0.21456492,1.8886472,2.7142446,0.9046741,1.0375973,0.43492547,1.1089641,0.78412193,0.23712675,0.594466,0.18999025,2.1053917,0.19668835,0.30553886,0.5861893,2.6627939,1.2678072,0.13082856,0.037672415,2.388571,0.10878478,0.5571548,3.5461028,0.81615907,0.9419735,1.0783983,0.73438525,1.1842452,0.47315425,1.0913975,4.6999187,0.78383124,0.85624033,0.47825295,0.2207721,0.20989087,2.3571436,0.15383036,0.20849039,1.2911443,0.078831784,2.0210524,0.4148646,0.34896773,0.39312786,0.009468869,0.40995857,1.6375257,4.1604915,1.3846395,1.8796307,0.25973108,0.27012804,0.28926212,0.36061803,0.8754489,0.2682301,0.41988048,0.92444664,1.2114516,1.4042679,0.12334066,0.289008,1.2107358,0.06453261,0.0433723,0.65696335,0.84739417,0.14368351,0.9692984,1.2721475,0.886353,0.72755945,0.14294973,0.33531165,1.2913812,0.971264,0.9687508,0.14702581,0.3100176,1.8105937,1.2470212,0.66145474,0.9482169,2.5264664,0.86963254,0.19015722,1.5560038,1.4335831,2.4466588,1.0115633,0.060267728,1.8486705,0.35134104,0.1723415,0.16798663,1.3770249,0.59783244,0.17376365,0.47819635,0.92275405,2.0315502,3.4629378,0.9016827,2.2616103,0.6152611,0.96777815,1.1500169,0.32964203,1.7625984,0.92027247,1.3978775,0.7614222,0.18376537,0.502936,1.0230824,0.23664063,0.008217434,4.7339883,0.11273174,0.05840879,1.2072426,0.18076798,0.0,0.54071236,0.8781866,0.03913951,0.09633539,0.49904242,0.4506024,1.0614427,0.038639113,0.049736302,0.0,1.225597,0.054535303,0.58974165,0.21794741,0.99203926,1.019739,0.7249101,2.2992737,1.3445771,0.44362146,0.31644526,1.232788,0.9690666,1.0279866,0.63355356,1.5045216,0.57050097,2.1096017,0.8180794,3.4874258,1.6595459,1.0255266,0.9323721,0.90721565,1.0782368,0.11370036,0.05300463,0.7234704,1.305071,0.7032327,1.4153575,0.22076583,0.47969538,0.39258784,1.6966474,0.7634377,0.46166143,0.4774113,1.2557403,2.0145705,0.30761057,1.5527025,0.6116007,1.1617291,0.077223174,0.2065852,1.524428,0.56100386,0.333405,2.0137343,0.4815681,0.66364956,0.029068884,2.834545,0.5531528,0.9025696,1.422781,0.3531432,0.5696134,1.0406325,0.10521015,1.320348,0.46134022,0.037411265,0.901777,2.7537904,1.7477211,0.016260639,0.13067251,1.4238452,1.7883378,0.80469596,1.0426836,0.5294616,0.86689806,2.0523696,1.0183935,0.1555197,1.3458893,0.09520077,0.44279602,0.062377945,0.8376038,1.6630882,0.13482414,3.7190433,0.93840915,0.26895025,1.0577545,0.5943661,0.070143774,1.1356641,1.1217403,0.47096607,1.297541,0.4506036,all_pothole_images\pothole_images_new_image_1141.jpg
0.53902274,3.1567352,2.0658185,1.2104945,1.9383473,0.2621244,0.08651848,0.58559495,0.34664598,0.21468183,1.6625235,0.177605,0.15179923,2.1194603,0.28487682,0.99081403,1.0703509,0.63874817,0.3844353,2.287969,0.84681904,0.9400155,2.0472026,3.5654898,0.05443212,0.9793782,0.536015,0.44696316,0.5123584,0.27298513,0.6113768,0.47579145,0.90587336,0.5025665,0.59705895,0.37852827,0.7125241,0.78740615,0.3106913,0.6530984,0.42624807,0.28973383,0.25919762,1.1413515,1.4826485,0.8165559,0.86829233,0.09828269,1.2814777,0.71596533,1.6705655,1.5372251,3.181033,2.2280421,0.7865621,0.5367248,1.7212311,0.009253804,1.9024605,0.25294006,0.8168905,0.43625453,2.0990405,0.65880316,0.56623125,0.16253643,0.87986565,0.105754726,1.3120064,0.14457692,0.84260744,0.24511473,0.55427,0.010314884,1.024711,2.404379,0.39512965,0.40374264,1.246056,1.1879917,0.36945888,0.25787398,0.20423967,0.8446337,0.8208499,0.34514076,0.75119555,0.43060467,2.7976933,0.07351723,0.43665135,0.17180456,1.5738904,3.18293,0.319053,0.36695862,0.7486614,1.7042588,0.29790825,0.11493739,1.6572387,1.8108139,0.45715082,0.5752717,1.319614,1.0204458,0.51347905,0.08340464,0.0050761392,0.61602813,1.4003322,1.9096549,0.313374,1.2748123,0.9010575,0.38945132,0.46419805,0.38290283,1.2140042,1.1181065,0.3500528,1.9193037,1.1931604,0.62720525,1.7076727,0.923032,0.2722208,1.1128976,0.52494997,0.53221846,0.8657921,0.9213767,0.7076653,0.5948002,0.5929642,0.70255387,0.13346612,0.20083274,0.7946593,0.07981937,0.70079523,2.8078115,0.34811923,0.19039124,0.8794068,0.6455127,1.7323523,0.14996693,0.7665469,3.688148,0.30620223,1.5658325,0.35437608,0.7864832,1.643128,0.034715865,1.0195593,3.7950022,1.7718325,0.2302611,0.426671,1.9375378,0.41921958,0.80557793,0.49621394,0.98363805,1.232826,0.40725365,0.74918133,0.20202518,0.81974614,1.9831661,0.82471794,0.9202986,1.026734,0.07883678,1.5750717,1.1392365,1.3622166,0.17910388,1.0931683,1.0193475,3.5497248,1.1116793,1.265153,0.48314235,1.4762491,0.24884759,0.19845884,1.0552405,2.6165695,1.962085,0.063067906,0.56079686,0.33496943,0.8179335,0.08318461,0.99376583,0.2627791,3.009479,0.45736262,0.79406315,0.25338992,0.4424726,0.18490146,0.67546576,0.52196014,0.12648025,0.330489,0.5832288,0.5510818,0.78205246,1.1526299,1.9956073,0.23985456,0.7032405,0.41389835,0.14615318,0.82497966,0.16625567,0.25476974,0.193989,0.73861045,1.1574605,0.8787555,0.72605973,2.4241397,0.45890608,0.36028498,0.24944422,0.17417057,0.9164572,1.273414,0.17007267,0.2412931,0.46643937,0.46709612,0.5257354,0.18015392,0.84805816,0.3349194,0.0722787,1.4242581,0.79465497,0.30590853,0.2815169,1.3500515,0.16288154,0.41816235,1.787316,1.3941731,0.7809381,0.84904605,0.10361064,0.8239736,1.1935627,1.3452301,0.5138327,0.06178036,0.6691605,1.3346763,1.0739876,0.60583353,1.3571088,0.25953248,1.642323,0.9003075,1.1402601,0.86377573,0.3188353,0.60747224,0.29974094,0.18952401,0.5472144,0.02800512,1.2830337,0.5678037,2.0044315,0.85661036,0.8301812,0.41542384,1.124318,0.70892596,0.30351412,5.0196257,0.0018102275,0.5755238,2.7477572,1.3707998,0.030741036,0.027177142,0.81915843,0.64672965,1.1277283,0.4768479,0.38438618,1.5458512,0.68746436,2.398337,0.1796629,0.19727187,0.04886354,0.6790195,0.8050509,3.2644758,1.2965508,0.16505903,2.2730713,0.6925417,0.70986736,1.5659201,0.75849336,6.72966,0.2489808,0.13581704,0.40027446,1.2055945,0.33135325,1.1524129,1.949725,0.044967495,2.4529443,0.16239159,0.0715992,1.1200272,0.9652859,0.1327143,3.4681358,0.49630985,2.7612188,1.7748595,0.8913166,2.2303119,0.29141933,0.08062416,1.3647757,1.2263123,0.3838537,0.6262535,0.0,2.7693288,1.7383744,0.91482955,0.21788254,1.7115492,0.41801903,1.0413579,0.016763523,0.67675996,0.9511575,0.024659952,0.029497497,1.225314,0.28861704,2.1539671,0.17687245,1.0383219,0.8215872,0.21756485,0.0059804823,0.8475081,0.44753614,0.38189176,1.0873903,1.0576235,0.25728172,1.140266,1.1597422,0.24484834,1.9679842,1.4817418,0.6351645,2.19247,0.44760817,0.24600947,0.40475458,0.44019815,0.48259175,0.10894569,0.42592305,0.5523075,0.29412204,0.55188066,2.5736198,2.4952066,0.5724474,2.945488,3.1562805,1.6872352,0.86595637,1.1631902,1.209488,1.4310868,1.3102031,1.4761215,1.472488,0.14858367,1.2131078,0.81977206,0.82698834,0.433033,1.1119527,0.5452626,1.6811196,0.8310514,0.330371,0.66129994,1.423139,0.8597502,1.047024,0.36206162,0.26765874,0.7601637,0.2502556,0.005630864,0.046926327,0.3299557,1.9519737,0.37869975,0.22102478,0.9711607,2.9207907,1.5862485,1.3029121,1.0090746,1.1956019,0.6726593,2.1048837,1.2587577,1.7638736,0.42287678,0.40291393,0.30701524,0.3167491,0.4946265,0.63290113,0.24432941,0.46888748,0.90697336,0.5513961,2.0729668,0.82486826,0.33200786,0.30245814,0.239127,1.9332702,1.5069567,0.14351675,1.7650076,0.13748953,0.7782143,0.4972302,0.93600386,0.40642408,0.20991486,0.38288745,2.6096978,0.76331204,0.64769286,1.1787204,0.39236438,0.69776696,2.6790388,1.0288557,0.431188,1.0986515,0.064733475,0.34782386,2.074305,2.37196,1.8301383,1.3344505,1.0307044,0.30141696,1.1401079,1.6152954,0.8446845,0.46086007,0.42387313,0.1821644,0.9457685,0.84755355,0.7793554,0.5882877,0.40435594,1.143751,1.7240288,0.2520155,0.5652735,0.29377052,0.37606102,2.6960766,0.08402449,1.6045353,0.085598804,0.060075276,0.8105058,0.5697119,0.34098426,0.25705868,1.1526874,1.0405507,0.27038106,0.903585,0.27155557,0.20347007,0.047152907,1.9832848,0.15154758,0.3060295,1.8215269,0.097895384,all_pothole_images\pothole_images_new_image_1142.jpg
0.8650877,0.9257926,0.1347535,2.1465313,0.31651145,0.6571992,0.109009296,0.05773133,0.13804711,0.82905656,0.024634961,0.9724451,0.08740546,2.2152896,0.2450991,0.38470683,0.102725215,0.03677789,0.011128648,0.6778072,0.8915536,1.0988411,0.2605067,0.33502582,1.5748826,0.90948874,0.26075572,3.0378246,0.3309974,0.098014414,0.5682417,0.23912752,0.4410478,0.7712634,0.11339858,0.12666418,0.09386921,0.535808,0.51399606,0.6206869,0.32507956,0.038201597,0.60898685,0.5334727,0.9690702,0.8277451,0.053506143,0.15413141,0.4900434,0.008282525,0.60126525,0.007569734,0.2326114,0.10041108,0.01489526,1.4751325,0.95946664,0.64299536,0.14261709,0.0,0.16289584,0.11992856,0.812587,0.28628907,0.2160566,1.5003506,0.75342685,0.06529179,0.66863984,0.040162794,0.8032261,0.14245062,0.12407622,0.1932016,0.47271633,0.21293782,0.034794666,1.5849768,0.23460147,0.094721586,0.09942965,0.35186222,0.7491279,0.8072281,0.19322693,0.48700565,0.73311156,0.14304969,1.7070066,0.2129696,0.26407793,0.015838398,0.055278562,0.8044575,0.0059217294,0.060915552,0.2701011,0.3128794,0.64246404,1.2526988,0.11027762,2.267257,0.16625285,0.23058619,0.071793124,0.0,0.7943245,0.33303314,0.011393249,0.6194788,0.07772145,0.82642907,0.21349004,0.1847308,0.71778363,0.22221276,0.95568675,0.049462862,1.147683,0.52441746,1.7018566,0.11556108,0.41022447,0.6908359,0.8471859,0.6746853,2.0958743,0.35888788,0.5406547,0.35827762,0.06848212,0.043527324,0.012066279,0.29683715,0.46824622,0.6055767,0.84499145,1.0121932,0.8907729,0.19240996,0.057072073,0.31073284,0.013601198,0.46188533,0.15534775,1.2550406,0.0,0.0074662636,0.276859,0.040869433,0.72573495,0.3783582,0.26582524,0.0,0.58284813,1.0450187,0.71760046,0.2538571,0.122628815,0.23832147,0.76910996,1.9858317,0.22004686,1.2157198,0.052525144,1.1317247,0.9492508,0.5754772,3.3725734,1.0714693,0.0,0.0,0.21022348,0.0025423518,0.24977787,0.32226577,0.3582765,0.032985695,0.6239068,0.2943762,0.03984762,1.5555615,1.1287602,0.42121103,1.7474399,0.0026608626,0.0031338274,0.8987704,0.8098641,0.2085457,0.23372564,0.052850317,0.18645144,0.69970673,0.9108365,0.16094272,0.3965583,0.409395,0.80344737,0.4131521,0.50934976,1.0450027,0.41134807,0.59472185,1.4353863,0.34185213,1.1887174,0.1062022,0.526122,0.6882827,0.04052592,0.0,0.42481855,0.38214767,0.99130887,1.4645342,0.38936692,0.10601289,0.04150656,0.025687683,1.2351569,0.7168566,0.6385207,0.11129022,0.0,0.007691682,1.8929964,0.15593283,1.1329703,0.64658594,0.0,0.019227104,0.05272594,0.061132677,0.1660262,0.022934034,2.8917596,0.0,0.22625393,0.2697532,0.43194595,0.24269399,0.053582508,0.05493458,0.12852815,0.0,0.66438174,0.5169933,0.22287893,5.4320846,0.8703809,0.07242064,0.38386127,0.32825005,0.015562478,0.38185605,0.68892246,0.053321175,0.08470879,2.7897182,0.10521467,0.29066652,0.14855896,0.40383166,0.18725185,0.20086144,0.17647828,0.2215324,1.5181636,0.31671938,0.70229346,0.14226423,0.701771,0.38603505,0.6341362,0.14628562,0.59388274,1.319062,0.09848061,0.81406915,1.1379128,0.03035897,0.6014801,0.7983259,0.5151081,0.400935,0.7937109,0.3842539,0.8041425,0.008317201,0.033343773,0.17241836,0.049234796,0.56653756,0.25690967,0.6152935,0.03399089,1.4887003,0.069036625,2.0286272,0.5465913,0.14379476,0.042726398,0.2867343,5.808559,0.15433675,0.03491916,0.20490126,0.13492955,0.48728526,0.0057118717,0.5159636,2.0183718,0.59435946,0.05933673,0.31399867,0.027234364,0.95575774,2.266896,0.32683608,0.17127542,0.001206484,0.19929917,0.42165363,0.07351597,0.13646701,0.89000994,0.12258743,0.31457996,0.12356674,2.5439217,0.019455075,0.24326788,0.011422713,0.121495925,0.050620526,1.7984718,0.64679414,0.2284027,1.251682,0.28688082,1.2738854,2.906846,0.41347846,0.5882978,0.004116001,0.83814174,0.55131924,0.61798316,0.11592926,0.6278099,0.84368986,0.040752683,0.80410004,0.1338724,0.0019448472,0.10521572,1.4147339,0.22801438,0.13180913,0.039859213,0.08597121,0.16879345,0.076188765,0.0,0.08363854,0.9345459,0.3256058,0.029819934,0.5356377,0.19051884,0.1992355,0.19609389,0.0,0.23835592,0.41680914,0.022871196,0.02196526,0.6536521,0.06609379,0.40865102,0.11173459,0.35663018,0.26361024,2.548193,1.3968384,1.2186729,0.0059972075,0.09553404,1.6216402,0.162013,0.21759619,0.012629883,0.25617883,0.09186587,0.5293635,0.3750384,0.6766698,0.6875881,0.64783275,1.3094761,1.0957319,0.5481448,0.6598282,0.19009094,0.86704165,0.24242875,0.7692742,0.6495137,0.76296616,0.8296702,0.047743384,0.34631473,1.2082856,0.0010890486,0.08387573,0.04575598,0.19587485,0.8651066,0.51130766,2.2714772,0.034424853,0.7705872,0.77331465,1.7631079,0.03929646,0.6775221,0.7533527,0.2945076,0.20633584,0.6882578,0.13873933,0.14779423,0.22385012,0.70290184,1.2541327,0.23442386,0.9634329,0.14245404,1.1914189,0.7740871,0.14669165,0.08252283,0.10368469,0.2234574,0.037312105,0.8307196,1.0664732,0.18211105,0.5396752,0.81814253,0.98076487,0.74879813,0.20037925,0.7510419,0.54888046,0.25186747,0.07854805,0.45226672,0.32074335,1.7321739,0.20456155,0.52641857,0.99234825,1.2285877,0.087413765,0.43931875,0.0327932,0.66521174,0.5362303,0.027264701,0.17522705,0.29824957,0.43818474,0.7457334,0.0,0.16308804,1.0802059,0.5479932,0.017005522,0.035899065,1.7680504,0.7904499,0.312295,0.12267936,0.0,0.15709642,0.1226655,1.0883529,0.12477074,0.122110955,0.44042224,0.0012455195,0.037865944,0.014833897,0.02866475,0.0024625538,0.017391926,0.014144369,0.39265645,0.32232365,3.2644994,0.50757533,0.18910366,0.3514766,1.2662648,0.8864543,0.10255744,0.07623087,1.562707,0.29529285,0.33876315,all_pothole_images\pothole_images_new_image_1143.jpg
0.94472694,1.5656797,1.6965045,0.18763368,0.46890247,0.6226163,0.41249433,0.47697145,0.27172706,0.06034018,0.07399476,0.6735614,0.06742135,0.0502674,0.22813076,0.30140844,0.6083596,0.13469806,1.4268702,0.38432497,1.1115063,1.5361546,0.70886385,1.0582743,1.1124879,0.100488,0.29202121,2.098686,0.0018800215,0.005703864,0.26798782,0.012372438,0.6660872,0.82228047,0.10364752,0.3970602,1.1646266,1.1191115,1.0171902,1.4920243,1.6046393,0.2898471,0.029523678,0.62465817,0.22312573,1.284364,0.07178365,0.05556096,0.35443637,0.7170284,0.71412414,0.019745164,0.725348,0.8300513,0.17873445,0.1346599,0.85594255,0.09483078,1.0201612,1.0060768,0.17756025,0.06701245,2.7853618,2.8025177,0.29210678,1.0630256,0.8643017,0.0992604,0.047039688,1.0084707,1.1634592,1.9961236,0.085691564,1.0441962,0.6694512,0.6289348,1.2636379,0.1041011,0.016902111,0.5937986,0.05551862,1.7517747,0.15065022,3.032188,1.1970409,1.0385143,0.28092465,1.1253637,1.9916979,0.5562487,0.23201221,0.10189171,0.78635293,0.62265587,0.25107348,0.97225374,0.12503654,0.54916,0.3170869,0.37099168,0.43246323,0.5734613,0.39826894,0.48962173,0.17955694,0.25332117,0.47377092,0.5823309,0.5174754,0.9319174,0.41538498,1.5623546,1.2252002,0.13049679,0.23612903,2.8158815,2.217047,0.56425685,1.9632391,0.30057055,0.5722417,0.44310433,0.9627388,0.043196093,0.068567164,0.7753258,0.017229736,0.97219926,0.9066699,0.9206974,1.2783523,0.10636193,0.2808186,0.12165182,0.04221002,1.2752955,0.17966908,0.277263,1.4557157,0.7376734,0.4294776,0.47548345,0.005471216,1.5811737,0.72698694,1.2278988,0.27910766,0.07187392,0.74553615,1.2255518,0.24605422,1.2825477,0.011593977,0.01854762,0.5486356,0.30268505,0.13164975,0.0,0.53999084,1.0831813,0.92555594,0.22550389,0.032606415,0.73341227,0.38398984,1.3240651,0.8597236,0.5041629,0.7418649,0.77731955,0.50257194,0.0008153225,0.35190684,1.4577494,0.50046813,0.009045321,1.3629597,0.21793038,0.14856853,0.11574804,0.3872222,0.62541866,0.7505581,0.901086,1.7357837,1.016727,0.94846094,0.4502932,0.045195136,0.5133917,0.34792626,0.37764287,0.047251128,2.1894412,0.559457,0.33237702,0.25291747,0.62631434,0.47557425,0.22644867,0.22006197,0.14019243,0.18850519,1.5203714,1.0443585,0.4823129,0.57384396,0.018130468,1.2591039,0.0,1.1033114,0.091008455,0.5732569,0.81850016,0.32721272,0.2687603,0.44297045,0.61741596,1.7488319,0.262368,1.3928009,0.93854165,1.5614661,1.5402352,0.040036615,1.1965014,0.91166455,0.7877976,2.1602635,1.045575,0.7749551,1.5006675,0.92726874,0.35881492,0.9789468,0.5655745,0.8771919,0.0,0.01233033,0.0,0.43803272,0.22928976,0.8918699,0.010494137,0.11183535,0.07637267,1.2539552,0.096108355,0.12433788,2.7930136,0.9709751,0.0150614325,0.0783131,1.2373744,0.05406994,0.0,2.654999,0.2727093,0.31900448,1.8894317,0.028555885,0.96453184,0.5402333,0.7871644,0.23362587,0.63107604,0.16249421,0.2421841,0.24375974,1.7592463,0.43817398,0.66151327,0.012783871,0.07518742,0.21139808,0.63535815,0.351264,2.1262078,0.67360455,0.4991528,0.1879748,1.4324455,0.020208707,0.19508927,1.2803675,1.1661214,1.0445049,0.36061457,1.2722054,0.12641652,0.31816512,0.0043214685,1.112586,0.19345702,0.9715861,0.010640921,0.08438154,1.3986919,0.16772066,0.28598902,0.11495544,0.54752105,0.3693896,0.34435657,5.367114,0.5810471,1.2240231,0.35588774,0.5348977,0.009971593,0.0,0.76123685,4.3863387,1.929857,0.06806043,0.0804369,0.21641587,1.4641374,2.1641011,0.7608799,0.1639994,0.03610668,0.16567513,0.0065554627,0.54405797,0.9324357,1.8266602,0.33261034,0.44169825,0.20405154,4.2841725,2.5016418,0.02595574,0.187786,0.84149855,0.6116876,0.91016436,0.2369317,0.11247109,0.85952187,0.3173462,0.9784966,1.6991472,0.056519754,0.3821279,0.17448883,0.11782023,1.3237724,0.9538138,1.154454,0.018698068,1.3271917,0.093836024,0.8995604,0.47687295,0.10783384,0.67687315,1.8590215,0.69198406,0.8297695,0.26945496,0.31022486,1.7105505,0.6004402,0.21168596,0.32077986,0.5305102,2.3269815,0.11167482,0.67098576,2.0521657,0.4063037,0.6314731,1.0507145,2.148749,1.033398,0.43565142,1.2686133,0.28171435,2.610206,1.2970396,0.022777917,2.3034651,0.38950136,3.7923453,1.3890632,3.230862,0.35758197,0.6304687,1.6467844,0.61466503,0.6470937,0.79423255,0.94462746,0.12146131,1.7461212,0.5244782,0.59942615,0.13399965,0.1068971,4.8773184,0.11206103,0.095827974,0.09957375,0.48661196,0.0,0.29002413,0.12590566,0.31261906,0.12366004,0.74923533,0.3538297,0.7918203,1.5256141,0.38605583,1.3178576,1.4944476,1.8640871,0.93558794,1.064627,1.1158366,1.6038479,0.050112367,0.62047905,0.15023041,2.0600333,0.42293307,0.67617047,1.0380038,0.42927328,0.9364851,0.15243854,0.6212358,0.111937754,0.3747059,2.273794,0.74667203,1.025027,0.8236416,2.188709,1.8775434,0.38588676,0.6302908,0.22614673,1.0414851,0.4486029,1.2610415,0.17261423,1.6276695,0.747914,1.0383537,0.59522194,0.8121815,0.8312865,1.143009,0.47366998,1.3409374,1.0517812,0.55438226,0.65849996,1.4024552,1.0568066,1.5425738,1.9167948,0.8235075,1.3470948,0.05425438,0.46803364,0.24455091,1.3156805,1.6925511,0.444117,1.3746324,0.002629597,0.24288565,0.92133796,0.09638514,0.34814993,1.241926,0.24202253,0.14096032,2.7364748,0.47532055,0.12132279,0.110209696,0.14921607,0.008390835,1.4395216,0.52486014,0.0,0.8277153,1.2083224,0.011720426,0.0,0.72251904,0.072243,0.30894908,0.0,0.09122172,0.043575495,1.569488,4.573357,0.27644306,0.7305472,0.39010942,1.621109,0.41203123,0.31249282,1.2427707,0.48119277,1.436367,0.77358335,all_pothole_images\pothole_images_new_image_1144.jpg
0.57475924,0.778815,0.60959464,1.337342,1.6773885,0.38308704,1.2982475,0.09444011,0.1283934,0.38401037,0.45245558,1.1720943,0.32447186,4.569408,0.89602214,0.27605978,0.22165816,0.59244305,1.7348146,0.3983555,0.37654552,1.2844126,1.9611601,1.3821915,0.8739239,0.35554108,2.1199648,1.5755254,2.086281,0.84096944,0.9753888,0.21382643,0.47290882,0.22645025,1.3622212,0.29099405,1.3695928,2.7696614,0.03945681,0.93849766,0.4400264,0.2891805,1.9126515,3.3277326,0.26898906,1.1900848,1.0012374,0.32540676,0.6486247,0.95978725,2.4433217,2.2498443,0.27522495,0.5866169,0.4629405,1.0337727,1.2146658,0.15611461,1.2476481,0.39784473,0.25901523,1.2624061,1.8983898,0.35230216,1.9442365,0.89688176,1.0572665,2.755802,0.24554336,0.18503432,0.89035237,0.3755899,0.1843296,0.5093638,1.6765376,1.2837267,0.19790863,0.4166353,0.5404181,0.6597334,0.48931587,0.19562507,0.11185905,1.8579444,1.1913536,0.66192037,0.2761718,1.8973793,1.6865016,0.40685514,0.077313125,0.6462863,0.35003185,1.1523614,0.19960085,0.84098446,0.018208506,1.0087692,2.3444633,0.9638647,1.834301,1.1383511,0.4032531,1.2510648,0.37641874,1.283141,0.5545103,1.8150544,0.12439748,0.60212046,0.38228282,2.638769,0.7867132,0.108407915,2.1156356,0.3821845,1.1633377,0.45029736,0.81060004,1.6980634,2.0486293,0.41265273,1.4681646,1.7079968,0.889191,0.368617,0.20308064,0.7431259,0.502548,1.3970526,2.248664,0.24205635,0.6729976,0.32370886,0.423024,1.7526104,0.8358665,2.5488784,0.58749056,0.38049534,0.61488986,1.8757355,1.3569828,0.7874047,1.464802,0.48293218,0.07091347,0.36626962,1.3969325,0.60193217,1.018271,0.7918719,0.279131,0.26001528,1.1572983,0.3642775,0.8071381,1.7009752,0.86271757,0.39553034,1.4549251,0.67342657,0.1687701,4.848628,0.69824886,2.0203612,0.35729203,1.0350169,1.4079986,0.24889433,0.06841551,0.079592004,2.5875509,1.063765,0.2385808,0.28728792,0.58714116,0.79220086,0.18767153,1.2859892,2.2315056,4.055608,0.6598355,1.305456,0.15518834,1.7500694,0.04084839,1.095372,0.07167691,0.53183067,1.6571087,0.61512274,0.4702203,1.1743425,0.17541958,0.27813274,0.58419186,0.67297614,0.22555721,2.0215764,2.918907,1.8420055,1.2111279,1.0122527,0.5920526,0.54265326,0.37210897,0.2587266,0.47222674,0.8201463,1.0078274,0.5200235,0.8931321,1.3720016,3.4457037,1.210898,1.6379676,0.80793405,0.5352105,0.026540613,0.90420395,0.0739707,0.5699023,0.7174047,1.542927,0.7690039,2.3230834,0.4990703,2.1784413,0.13188185,1.9068449,1.1684649,0.64607376,0.28010744,1.7861187,0.38939947,1.0038055,0.50859106,0.13989264,0.5270454,1.8907965,0.26817334,0.46149567,1.2725962,1.316821,0.2343203,0.22631201,0.22322641,1.676018,3.3660178,2.9431152,0.5445519,0.1245635,0.50006676,0.33387566,0.7658155,1.4053601,0.53224075,0.60428244,2.8228881,1.8269634,2.834216,0.45740294,1.0903765,1.1380714,0.5269592,0.3893224,0.91438526,0.46307114,1.1465575,0.14791605,0.88678193,0.3245816,0.0009633882,2.5281103,0.7938439,0.024159495,0.6573082,0.4553593,0.41024843,1.139955,1.6848162,1.065377,0.7740251,1.4261472,1.2188269,0.9411546,0.15165745,2.1595428,0.47182205,0.65452784,0.2646825,0.19534485,0.78891957,0.72386605,0.7734233,1.4866536,0.74476576,0.17342524,1.7086705,0.5560765,0.8401164,0.5570514,0.6751706,4.2064557,0.4719048,1.0811855,0.5679112,2.0935297,0.72444,1.9138744,0.49371657,1.735133,1.4459126,0.7841099,2.0295749,0.06918906,2.537063,2.848819,0.5375888,0.8179592,0.4063276,0.13675404,1.5543734,0.8797997,0.8323837,1.118579,0.481213,0.5140609,0.20503338,0.8710696,1.900297,0.063867114,1.9109026,0.74979514,2.6184263,1.6575605,1.7323178,1.5203907,0.439482,1.1242307,1.4386042,0.7221591,0.393562,0.18297292,1.126856,1.0825851,0.49402878,0.18107557,2.173553,0.7199514,0.39766443,0.58975637,0.6247992,0.109857544,0.11415008,0.33276293,0.97463584,0.71788657,0.16180384,0.86711746,0.9096728,0.37817246,0.18979289,0.36513308,0.19905335,1.0603644,1.3456407,0.6897747,1.3273325,1.0641319,2.025875,0.10053851,1.6209236,0.6408347,1.2114372,1.3913906,0.58536744,1.2911413,1.4088166,0.47685766,0.8189297,0.44136643,0.38039073,0.8157591,1.7257687,2.053398,0.88249993,0.76502675,0.47253036,0.8524189,0.3918783,0.8076064,2.0110803,0.36192402,0.3784686,2.2728,0.3538088,1.1756428,0.045873377,2.2125092,0.8326461,1.4209129,1.7504443,0.4918859,0.032525666,0.78100646,0.89761996,0.64785177,0.76107156,0.9265296,0.59184057,0.65198284,0.97684795,1.0681858,0.6994154,0.39913014,0.767943,0.35538524,0.10025197,1.7125992,0.70223445,2.2094755,1.601555,2.3405516,1.944125,1.1210765,0.45308787,1.9215996,1.1960012,0.21543364,1.6774503,1.724614,1.71388,0.1422516,2.3171875,1.194958,1.6391714,0.23423293,0.49175584,0.82694715,0.013219327,0.09903918,0.28310147,0.07503409,0.5120753,1.3638185,0.5890433,0.065101415,0.84138095,1.4345461,0.6009734,1.247404,0.26673397,0.6166614,0.33886492,2.517275,0.34610724,0.96912116,1.4910268,1.037104,0.4503352,0.76436085,0.29001188,0.43547937,0.9521111,0.685628,1.166102,1.3626623,1.3983866,0.74541855,0.27993193,1.0372803,0.45105132,0.32417876,0.9105422,0.071667254,1.961778,1.2116096,0.30221403,0.91473323,1.181229,0.5986039,1.7940919,0.19916452,0.9878444,0.38184154,0.41342372,2.3258243,1.4169153,0.9901124,0.19403885,1.0033559,0.20950057,0.9822757,0.7469612,0.5961884,0.2527986,0.43005347,0.5610557,2.7174501,3.0164278,0.3326029,0.6827266,1.3784307,0.638594,0.18841727,1.4289465,0.16658118,0.93604165,0.0053591887,0.646387,all_pothole_images\pothole_images_new_image_1145.jpg
0.6528783,0.432965,0.19738568,0.08198092,0.26159856,0.8536968,0.43361032,0.017202545,0.71145046,0.2911264,0.8100287,0.9736649,0.16414922,0.056258496,1.8906124,1.1423792,0.06278613,0.115646966,0.34870142,0.54459727,1.6592883,2.709787,1.3841004,0.5345802,0.6935733,0.99736947,0.0861019,2.7327263,0.84461415,0.41726598,1.3106412,0.18603076,0.776254,1.2869565,0.8268353,0.67866725,0.0016741492,1.2938066,1.1111035,0.88328797,0.9977904,0.2316573,0.32990536,5.087065,0.54714775,0.30247292,0.121848114,0.64523786,0.14524081,1.0361841,0.6422887,0.83367294,1.9373782,0.16435985,0.029722707,0.60966545,0.79848284,0.020709017,0.6964376,0.24170999,0.085700005,0.2274605,1.3962926,0.8324669,0.063207895,0.8691335,1.0396426,0.11353362,1.0274186,0.4436324,0.08646424,1.1516474,0.13477564,0.5619814,0.08772575,1.1501276,0.6563409,1.4179606,0.17409869,1.243152,1.0477558,0.28724617,0.5672227,1.2436528,0.017155709,0.96958935,0.26252663,1.129347,2.3803804,0.6180435,1.4108161,0.027628914,0.2061074,0.32599074,0.880247,0.053312067,1.2076976,0.65994215,0.028485235,1.3095373,0.44210982,0.5040283,0.0018290859,0.095003106,0.6208976,0.7562719,0.036032908,1.5252467,1.1137156,1.9413744,0.045321133,3.0697644,0.5089494,0.4848516,0.0029515016,0.43958747,3.0953822,0.9197251,0.38582268,0.21436107,4.518524,0.4383067,0.8208026,0.3941817,0.49003708,0.021364868,0.1906243,0.24211663,1.9213082,0.18977258,0.1713037,0.09999597,0.41036218,0.012533069,0.12718746,0.946726,0.99534774,0.46336192,0.07817263,0.7262693,0.9193269,0.06596228,1.4164135,0.34333217,0.01468464,0.9680332,0.9654128,4.82299,0.7646942,0.16859163,1.0758486,0.09275606,0.056194376,0.6772296,0.9788626,1.2770606,0.8317109,0.6615542,0.0373033,0.9931239,1.6244005,0.049361136,0.25082147,0.2929847,0.0032522555,0.8858228,0.22784084,0.57015073,0.5742986,0.4767507,0.03814509,1.147459,0.19910173,0.2470364,0.8608098,0.0035682453,1.5391344,0.17431481,0.45961258,1.8558401,0.8314716,1.7843595,3.2892804,2.229539,1.7192525,1.3317326,0.41537023,3.0854156,0.84602,0.41337743,0.24728592,0.07305105,0.006768033,4.0813413,1.1022878,0.0,0.24442546,1.7620913,0.5607561,0.5698325,0.38548306,0.70945036,4.849125,0.66200083,0.55671215,0.2043542,0.8479052,0.72104794,0.33634776,0.19336364,0.15194212,1.0511228,0.8966223,0.04462511,0.33984652,1.3682786,0.038712397,0.18579118,1.685845,0.7159721,0.4826379,0.21623734,0.5703698,0.4903487,2.2206776,0.4386775,6.0725665,0.54539484,0.30935484,1.1897697,0.1561996,0.9134062,0.21513711,0.987787,1.7012656,1.4792333,2.2745922,0.06334308,0.10431195,0.42651233,0.056445803,1.1217794,0.9019585,0.37971386,1.296728,0.5793671,1.1058977,0.10295255,0.65663356,0.57099766,1.6802969,0.30444285,2.4127095,0.7661973,1.8258191,0.5967836,1.101594,1.1759727,0.20334162,0.32966515,0.20349483,0.13448946,0.2976463,1.7553636,1.7540818,1.3488327,0.01671856,0.54428196,1.8589518,1.0977136,0.8973576,0.20923707,0.008278729,2.1967165,1.1705388,0.8317645,1.0086628,0.5552007,0.20133509,0.35627732,0.7963519,0.59324604,0.0,0.4139819,0.4570125,0.9697013,0.5435688,0.45160744,0.73465705,0.2137982,2.1855273,0.7433543,0.807042,1.7083145,0.25749102,0.58283144,0.016047714,0.21517438,1.8933909,0.08371376,0.06710365,0.83720165,0.25249785,0.7336178,4.3923793,0.48581663,0.37531292,1.0360423,0.085340306,0.32313016,0.21585757,2.3023534,0.8833328,0.804844,0.42720073,0.16415548,0.085942216,0.5239695,0.18932746,0.5204116,1.3831509,0.21070488,0.0071639884,0.104505666,0.47656864,0.19032992,0.38036373,0.0,0.8670689,1.988448,2.4210434,1.0194442,0.1931134,0.014380745,0.2913089,1.1829381,0.46508688,0.14806731,0.15093283,0.390188,0.25121933,1.5922292,1.8878984,0.036484946,0.21517977,0.35540003,0.16133292,0.54359555,1.0962532,0.13515002,0.6747799,1.8632636,0.7342133,0.7465753,0.7960001,1.9220216,0.23722859,0.36446947,0.33415875,1.1334287,0.19231838,0.06763594,0.7357425,0.11607237,0.9080804,1.2167983,1.1194631,1.0304245,0.31602332,0.0,2.8657718,1.3432128,1.0769999,0.06996828,3.9192815,0.0,1.6330826,0.26129752,2.6748083,0.3156205,0.6506061,0.0,0.08664319,1.1454864,2.7487717,0.83181,0.03405819,0.12041116,0.044615675,0.84426713,1.1911653,1.6967337,0.15584703,0.45121047,1.0077744,0.18403402,1.596598,0.47250116,1.3486028,0.06597898,5.516934,1.5513349,0.6881683,0.2627438,0.022968132,1.0591987,0.49272668,0.0,0.04226758,0.0020645894,0.52060264,1.0135732,1.5266827,1.0067527,0.33001775,0.9052354,0.3719125,1.752707,1.141677,0.0048675216,0.74833363,0.09896603,0.58231616,1.7819982,2.080259,0.8535081,2.2551556,1.576729,0.78716254,0.7200341,0.9212377,1.7107537,0.3993468,0.7831417,0.34973085,7.103772,1.5947944,0.07135971,1.0054259,1.3650742,0.16655466,0.6756519,0.07968903,0.54246837,2.321406,0.39618325,1.4291778,0.7111799,0.014332348,0.7205353,0.5211553,1.6988791,0.22772758,0.440955,0.07402401,2.1653483,0.8715448,0.8704148,0.80333614,2.5276234,0.020278929,0.849537,0.5766286,0.0014012138,0.38983488,1.4341893,0.081261635,0.1101039,1.2716767,0.20021063,0.8531443,0.5388998,1.5826811,0.0340843,0.6359118,0.1937832,0.26196766,1.1180956,1.6171308,0.043242954,0.3101509,4.677696,0.3666662,0.01681738,0.010978313,0.11559147,1.8059357,1.875757,0.7948016,0.050958913,0.9710593,1.1182665,0.025068745,0.88097537,0.17113896,0.08203123,0.45519218,1.4748273,1.2146039,0.7560067,0.113701984,2.97722,1.0201824,1.0459907,1.3185353,2.184846,0.7650442,0.44135058,0.40995485,1.9182194,0.12815675,1.5547793,all_pothole_images\pothole_images_new_image_1146.jpg
0.33892477,2.6207228,1.0277022,1.1573305,0.5976585,0.26400048,0.6181017,0.8924362,0.47997487,1.3352493,0.22640526,0.7767828,0.31819725,0.40005326,0.15323807,0.17221238,0.113443315,0.4175461,0.4696617,0.406911,0.0,2.404695,0.25869894,1.9019818,0.10713702,0.54309136,0.5268508,0.717715,0.0,1.9658138,1.1082495,0.08464559,1.6060468,0.41398042,0.0014101975,0.6009473,0.082332246,0.46770126,0.9829585,0.5899288,0.04512476,0.037380137,0.037624434,1.5940465,1.900661,0.28432393,0.69509655,0.00568795,1.0300455,0.024558632,1.5025407,1.3668729,0.6591879,0.008798651,0.0,0.7545266,1.9384981,0.28369585,2.2715292,0.09356471,0.0025925427,0.9415487,1.2099473,0.54110825,0.23688287,2.36856,0.033017397,0.7465861,0.18501756,0.8076267,0.0,0.24980389,0.4159475,0.064245604,0.12803435,0.5540092,0.34209543,0.41165027,0.09293698,0.27083206,0.54283917,0.25929162,1.9784644,1.2295593,0.6024214,0.80671775,0.07367798,0.0011449904,2.8880486,0.3998755,0.032414343,1.4085029,0.2568012,0.4482685,0.122776985,0.21057609,1.0061958,0.14823064,0.34223047,0.024328256,0.038293403,1.4937999,0.2934587,0.25759795,0.9522198,0.09352977,0.0,0.30937868,0.48217526,0.7456719,0.25179335,2.5205686,0.44285712,0.007264791,0.72374827,0.9149305,1.7451717,0.5411317,0.03834652,0.07176782,1.7270316,0.7084905,0.49379647,0.073867716,1.5425016,0.44589835,0.15233372,0.62804204,2.439308,0.23670298,0.85382414,0.10481663,0.20359674,0.025033785,0.17773196,0.80914927,0.11477288,0.50727093,1.5796565,0.3342678,0.6123703,1.7981184,0.18081255,0.9174892,0.44023657,0.52068186,0.25757954,0.34346458,0.9848691,0.29136407,0.6078915,0.06824894,0.41529006,0.02038209,1.162757,0.6117497,0.37556574,0.67762536,0.13047567,0.06436375,0.7241638,0.3107928,0.26827532,4.584803,1.703851,0.00020723269,1.3593544,0.10747426,0.32751647,0.054633815,0.36898026,0.65698534,0.02966575,0.30579442,0.8410899,0.16384093,1.2030004,0.0,0.47443333,0.037983123,0.018463789,1.9560018,4.281312,1.5552093,2.9811575,0.27113065,0.32745025,0.5079781,0.09577085,0.9269415,1.0757616,1.6789267,0.0,2.1166787,0.5982831,0.0,0.49483523,1.5554602,0.06745076,1.1558582,0.11416747,0.16386254,0.792803,0.4848106,0.4317855,0.833885,0.68401587,0.6087615,1.262725,0.25461075,0.22482502,0.989136,0.9448067,1.2879508,0.08091801,0.38668022,0.09734792,0.18857828,0.70083344,0.18029329,0.5406241,0.5648888,0.022773435,0.14407685,0.1022891,0.08978029,1.0609342,0.59404105,0.34748143,0.038234975,0.24939735,0.3108802,0.3422054,0.0,0.29887772,0.0,1.8375738,0.0032211642,0.22636595,0.6924443,0.09480617,0.041685034,0.74545056,0.4301738,0.20373842,0.0,1.1903032,0.5773337,1.3224972,3.2891614,1.3939458,0.042493537,1.5399547,0.06132551,0.4129242,0.71143913,0.51844865,0.10600042,0.40128607,1.296209,0.0,0.65211296,0.26848435,1.7578442,0.3979909,0.6942983,0.42940155,1.2261146,1.1003354,0.5471858,0.19150543,0.03346291,1.0820924,0.41610324,0.93523306,1.0088239,0.651966,1.313442,0.46466857,0.56267685,0.8344231,0.2776324,0.069242865,0.0543127,0.2733593,1.5520439,0.2640279,0.2228191,2.426651,0.11945294,0.4334659,0.026238974,0.40512976,1.1449574,0.6621237,0.041806776,0.18818162,1.4941972,0.12050584,0.3053536,0.25426963,0.10967822,0.007591791,0.078727245,6.078657,0.16439612,0.015489147,0.93570334,0.10969366,0.24537374,0.06468887,2.536965,3.337946,0.43761054,0.10829233,0.30964306,0.4380869,0.11602038,1.4935857,0.6128701,0.45661736,0.45478198,0.09285654,0.6808782,0.23248535,0.45308852,0.89053094,0.14878227,0.26937017,0.6773759,4.93714,0.16206744,1.4865999,0.0029139721,0.109319665,0.2821966,0.41701552,0.00808605,0.13848045,0.19820315,0.15722758,1.9546278,0.06889949,0.26577637,0.47226608,0.027091624,0.018758344,0.20867427,0.028978128,1.0913818,0.469384,0.07683333,0.9219874,0.3112498,0.15290968,0.31540856,0.5353125,1.072589,0.24049823,0.21525167,0.24946104,0.19804665,0.7220568,0.12710266,0.0,0.37469888,0.8479594,0.6298164,0.24337107,1.2055715,1.1615479,0.067349054,1.4041858,0.53597194,1.1721262,0.2649047,0.0012876232,0.0053239334,1.2085649,0.34384528,0.39065114,0.65229315,0.25685453,0.9028861,3.8106582,1.0888143,0.9000974,0.32040557,0.13124391,1.1038426,0.21335515,1.9797142,0.35255134,0.60165745,0.13404618,0.038999412,0.9556966,1.6673244,0.63307536,0.51897424,1.8658371,0.8541764,0.032219853,1.1459717,0.16712171,0.09522054,0.8801246,1.2569567,0.0,0.6455219,0.07667999,1.4259821,0.123207204,0.107530564,0.019781152,0.087527566,0.6052972,0.24859352,0.15898982,0.0,0.48108706,0.53923655,3.4689317,3.0102134,2.196594,1.4525896,1.7893153,1.0914868,0.09774008,0.5526983,0.3724423,1.0477386,0.016017746,0.86435574,0.0,2.8429558,0.310823,0.0588272,1.0688782,1.2520348,0.57324064,0.781443,0.68125814,0.3595307,0.068782985,0.32196343,0.6296591,0.34520024,0.14745817,0.63171095,0.8196231,0.4213456,0.63136065,0.8005021,1.0346826,0.9769517,0.05084347,1.2528361,0.005810086,0.28839767,0.726775,0.52743554,0.98124194,0.32311928,0.32364157,0.006234551,0.45515466,0.07694252,0.19102728,1.1516407,0.30050927,1.8532925,0.25450802,0.2460108,0.25622666,0.51558495,0.7187101,0.5709338,0.36882392,0.050024383,0.047469597,2.610142,1.2833076,0.3721788,0.0016458393,0.3914229,2.702817,0.14462136,1.0837715,0.03272847,0.18950018,0.67840177,0.012382734,0.08943552,0.12770917,0.0018897456,0.57669264,0.018829035,0.019667447,0.35855803,0.29333448,1.1711464,0.5409468,0.3877126,0.094452,0.48378795,0.01593597,0.47636256,0.10982809,0.46584743,1.5898647,0.098410115,all_pothole_images\pothole_images_new_image_1147.jpg
1.0510525,0.85000455,0.10261295,0.2466011,0.0,0.4177354,0.37107193,0.12924302,0.49266016,0.54882604,0.08591172,0.025541244,0.02226291,0.05543699,0.84467846,1.0722874,0.0,0.0,0.9943899,0.48976532,0.7890387,2.5489075,0.51916254,1.0054473,0.1886461,0.8038084,0.41011554,2.9367158,0.13995284,0.044132695,0.5433956,0.45404077,0.058384165,1.0249628,0.03752233,0.38835117,0.46602485,0.48540834,2.127826,1.8112793,0.7173637,0.005120297,0.0051349862,0.009303045,0.112167545,0.3613686,0.6609559,0.55373293,0.12352675,0.6262004,0.12292319,0.16667204,0.24296291,0.19392437,0.5105192,0.115234636,0.36589766,0.25067252,0.07775157,0.27769217,0.09224027,0.21563697,1.2020701,0.0028633191,0.18206306,1.2436887,0.90554076,0.32005978,1.347432,0.13892485,0.30621552,0.2490876,0.0059761424,0.36284295,0.31173596,1.3747219,1.0870223,0.27117297,0.22443794,0.19373718,0.1643027,0.050768375,0.22172563,1.726881,0.48118356,0.19968013,0.52692115,0.05802292,2.8187404,0.92507607,0.018243814,0.005633761,0.007944605,0.038024217,1.1618296,0.0090030525,1.3860259,0.550207,0.41171333,1.3140612,0.4555386,0.24113363,0.14102289,0.36012498,0.65553474,0.22618726,0.04909345,0.16919073,0.687404,1.8500359,0.07193204,2.7123988,1.005749,0.31834126,0.0,0.7751405,2.0916858,0.33712506,0.31856504,0.49538514,1.3915077,0.62326086,0.1571007,0.15521103,0.27390465,0.7992183,0.49305955,0.24181277,0.5486438,0.22745046,1.0260314,0.14403617,0.23182826,0.057269726,0.7109374,0.13460231,0.056320097,0.756056,0.23579134,0.09828797,0.03123527,0.36887124,0.25165147,0.032639597,0.10534271,0.10243626,0.32833612,1.8529574,0.53536516,0.91541445,0.5594167,0.5742045,0.0,0.32674882,1.6746812,0.30357084,0.58259684,0.36688262,0.0433507,0.6033251,0.51245624,1.6323186,0.0944156,0.1823576,0.12831032,0.8566768,0.6760733,0.36353588,0.3117986,0.25964296,0.4621628,0.08007837,0.047522057,0.081885144,0.40196353,0.054970916,0.096979536,0.035292473,1.1893488,0.73838526,0.03696437,0.3823919,2.1553888,1.8761785,4.211185,0.9475638,0.15400834,2.291015,0.67732286,0.5378915,0.013686654,1.1258575,0.38888353,3.3821702,0.3733226,0.08403651,0.66257286,1.8998559,0.47316757,0.22627118,0.20462409,1.5464575,1.4759228,1.2136599,1.4647899,1.1822988,0.23331493,0.2407291,0.93820757,0.36977184,0.23730892,0.045443665,1.0519714,0.14117971,0.2096676,0.15706038,0.7800034,0.2646117,0.8482451,0.80822575,0.44182727,0.35203856,0.35061315,0.072920024,0.037958853,0.57801783,1.2532796,0.11197746,1.8002167,0.1705739,0.061674144,0.12893943,0.38903558,0.42006293,0.39502615,0.8640546,1.101691,0.18619044,0.21276234,0.07156877,0.6466179,0.5539475,0.79235435,0.2128594,0.011847416,0.061170608,0.8488902,0.30989063,0.73486257,2.782249,1.5498146,0.49921098,1.2265375,0.8286785,0.37005973,0.01873623,0.8885575,0.37780482,0.35413355,0.43404496,0.022079905,0.15332043,1.0437745,1.1250552,0.017998127,1.3202214,0.21613382,1.8465836,1.4206764,0.13846768,0.6325573,0.019236447,0.14420249,2.3583837,0.9883105,1.13755,0.07075886,0.39771244,0.74320626,0.20277706,0.30817422,0.23961033,0.09763352,1.3892697,0.13939336,0.33538538,0.41789463,0.3846324,0.19653638,0.65271187,0.7876763,0.98153967,0.01811049,0.74567765,0.0075541306,0.4733091,0.5528126,0.0,1.1681535,0.681279,0.05899116,0.9808256,0.05176141,0.66227376,2.2206435,0.07190504,0.2892271,0.8431169,0.092218235,0.5321678,0.34713548,0.6628711,4.0929523,1.8904014,0.070948705,0.0,0.23159938,0.55419075,1.0415324,0.23647794,1.3662659,0.014164372,0.03032687,0.110381894,0.62674755,1.4539953,0.89072144,0.009406306,1.1133201,0.7171411,3.8659978,0.14709815,0.32604808,0.04385088,0.32251042,0.6631129,0.45683312,0.5241403,0.047800396,0.19430679,0.32335404,0.6564586,2.0613277,0.49391824,0.5413896,0.27438143,0.03837108,0.40747598,0.6252992,0.1867728,0.026725758,0.5572647,0.05322279,1.0486765,0.11936612,0.26923296,0.101678245,0.49228138,0.42750296,1.1204635,0.0003008783,0.0603157,0.9364002,0.43822905,0.6193933,0.6476536,1.9007738,0.89863056,0.08437063,0.030472526,1.1818519,0.02295347,1.0041907,0.008337089,0.45432296,0.07517684,0.48137486,0.09525192,0.61522186,0.55404496,0.17851093,0.067853525,1.4202007,1.0642362,3.5925846,0.029856682,0.64891183,0.059941977,0.016220454,3.6278036,2.000925,1.6493001,0.35215366,0.5229759,0.43689993,0.32863942,0.6819395,0.26019415,0.8938193,0.12537599,2.6284149,0.97628284,0.40283334,0.22633514,0.2952403,0.42751712,1.0611436,0.6345022,0.00055616006,0.02222296,0.21000558,0.46866888,1.0940088,0.6644245,0.05812652,0.2696631,0.7728536,0.37155557,0.27381808,0.014922501,0.54237264,0.24644624,0.51301444,0.9825269,0.111146495,0.05069134,2.5083308,0.84211373,0.29873493,1.0648967,0.24903314,0.22306037,0.29878208,0.55297357,0.4817715,6.1485868,1.4982535,0.0,1.0149121,0.32818672,0.06717313,0.4809129,0.022958813,0.07929652,0.13325612,0.03528873,0.8875458,1.1404018,0.10613001,0.5442612,0.1700161,0.8703451,1.1396828,0.40765914,0.69321084,2.444133,0.66653603,0.37320265,1.0277056,1.4231274,0.44726473,0.31288698,0.67476845,0.017124292,0.02979537,1.1181809,0.5416311,0.339813,1.1131907,0.85300964,2.4295673,0.45733458,0.27143446,0.33783144,0.5076408,0.1677146,0.5365538,1.5529156,0.6463267,0.052770905,1.6503321,4.525081,0.8426389,0.31555456,0.07776757,0.12773672,0.5653636,0.2648707,0.610852,0.14541353,0.40056604,3.8794842,0.1263068,0.28962427,0.029304061,0.15261932,0.012285171,0.9478672,0.017871745,0.36427364,0.16267148,1.7770078,1.3063579,0.37058213,0.96860486,1.2308995,0.8518888,0.8947973,1.1257895,0.9215137,1.3538835,0.34186584,all_pothole_images\pothole_images_new_image_1148.jpg
1.0639495,1.8097714,1.5306269,0.17967281,2.1439285,1.1834092,1.0153457,1.491452,0.9410746,1.0566437,0.16644542,0.38680592,0.8827497,1.6412807,0.9726547,0.07450421,0.25854623,0.09819463,0.1638327,0.08713307,0.124124564,0.8954431,0.84524643,0.653654,0.3155514,1.1214813,0.589963,3.0483634,0.1891386,0.3792668,0.31079817,0.28588998,2.7075307,1.6787671,0.061008364,0.16453184,0.12023146,0.44638264,0.39596328,1.4310356,1.2370747,0.7110069,0.3143564,1.3876399,0.47230554,0.7015739,0.55728734,0.06162216,1.0768473,1.4047742,0.5446551,0.090187654,0.5024006,0.06320645,0.48275265,1.281991,1.0631025,0.7011111,0.14645875,0.05975433,0.651968,0.3065946,0.379088,0.5627517,0.039688844,1.4289124,0.7608412,0.7806932,0.5224462,0.6447523,0.498319,0.36127797,0.8607578,0.43511102,0.32232022,0.32243362,0.4586205,1.6978741,0.32202968,0.15885216,0.24622005,2.0527833,0.62632835,0.71467596,0.62307304,1.7033459,0.6606385,1.1506594,1.4391593,0.5589325,1.2734057,0.092562884,0.29869238,0.29745683,0.025212383,0.8316257,2.274982,0.21739258,0.68411326,1.103912,0.17007574,2.404053,0.112805344,0.5713315,0.07016942,0.46453735,1.3266523,0.8779705,0.4202343,0.9092512,0.61705697,0.75124234,1.1763533,0.55235827,0.013371179,1.5970131,4.1446266,1.1955177,0.05284818,1.3032312,1.52528,0.07634576,1.8079859,0.7433909,0.11308538,0.3029363,0.058783043,3.1822932,0.9232521,0.8624762,1.9653987,0.34790412,0.30013326,1.3628125,0.8947528,0.9242833,0.3160673,1.7503394,2.3045912,1.0609568,1.2914106,0.108760044,0.017189262,0.9988262,1.1659398,1.2590334,0.6762146,0.51082903,0.66120416,0.5430784,0.65120554,0.47084045,1.0016575,0.73686856,0.6319311,1.3654703,0.13820946,0.519313,0.06926559,0.33308536,2.014575,1.2409909,0.09243685,0.30790296,0.19001937,0.05767813,0.22515993,1.9006349,0.57156265,0.28747854,1.4463109,0.23933955,0.15101075,1.0373365,0.22338048,0.17039356,2.1235747,0.41609135,0.5072539,0.8534601,0.32020047,1.8730927,2.081375,0.6878906,2.3022578,0.81283706,0.91257524,0.8514618,0.37088624,0.02849869,0.32817358,0.08522374,0.7277504,2.3493574,1.2076352,0.48070875,0.70362544,0.31982318,0.08040704,0.78982353,0.35575727,0.4428189,1.5111903,0.6188624,1.8274477,2.378363,0.6624736,2.2365885,0.08976743,1.0051255,0.24478573,0.16698658,1.8699316,0.71761584,0.82581127,0.48281357,0.11803917,0.54522043,2.3928335,0.21222009,0.3963177,0.5843126,0.40641612,0.18364304,0.5761212,0.45240113,3.1021392,0.9956401,0.25474063,0.0363635,0.051873017,1.3291501,1.2116097,2.051918,1.3532537,2.5997946,0.37794137,0.9277378,0.13977695,0.022622565,1.7739222,0.13389607,0.42567128,1.1995528,0.27115464,0.08406874,0.5634954,1.4675212,0.65338385,1.0316755,3.3726912,0.057847723,0.8311644,2.2054377,0.269336,1.2819303,0.16061208,0.09090145,1.6453614,0.07753917,1.8196088,2.31389,0.9900915,1.0334696,0.5426342,1.5041703,0.31966195,0.5736213,1.4458603,2.2698033,0.018997753,0.6557511,0.06918177,0.2935124,0.19489188,1.6456196,0.7562514,2.0755787,2.2285657,1.8850745,0.9981124,0.15641095,0.12945995,1.3242706,0.48571488,1.2192309,1.477199,2.3542228,1.8489803,0.499631,1.6381389,0.39971548,1.4664136,1.1258202,0.083814405,0.5778103,0.60095924,0.92100704,0.93898773,0.36128,0.059789386,0.66291404,0.45549387,0.26207733,2.476678,0.56528807,0.33843598,0.26768264,0.092799954,0.9515816,0.7360554,1.4008205,0.48738647,1.2127818,0.45476434,0.6192988,0.20231508,1.0429649,1.7074871,1.4760729,1.284556,0.16405852,0.11493881,1.8418363,0.22686529,0.16026293,2.3045368,1.5923327,0.55480695,0.104067996,3.582213,0.39740497,0.34485018,1.0124618,0.600237,1.1556032,1.1453288,0.08989871,1.1543024,0.4376103,1.0312008,0.32288566,0.87099135,1.0763878,1.0447336,0.3776087,0.30681285,1.0179987,1.4649501,1.0653703,0.20522851,0.75546014,0.28845102,0.3002825,0.39616522,0.37922484,1.765323,0.3459807,0.72696763,0.25290632,0.07173558,0.0039124894,1.4265519,0.05335919,0.46958765,0.05604666,1.2785656,3.8449962,0.38599515,0.09371488,3.0859933,0.5215692,2.346872,0.11514459,0.5958418,0.12891077,1.185569,0.6232244,1.0473268,0.7877404,0.54008776,0.25904915,1.1384428,0.15585631,2.6863744,2.5290818,1.1777109,1.6304771,0.10485608,1.194073,1.2993795,1.0128359,0.18464383,0.2394116,1.1351521,0.27256334,0.87659436,0.32823306,0.13600948,0.9795375,5.2734284,0.22483402,0.98641306,1.0952393,0.009656123,0.28037873,0.85924685,0.25161478,1.266481,0.022982854,0.31307516,0.7088194,0.58971494,1.9690523,0.27376178,0.27140722,1.2507054,0.56220645,0.23112762,0.13776197,0.36205578,0.96599615,0.18783343,1.6642578,0.25664845,2.0000536,0.7558192,3.2915874,1.3721341,0.5599315,0.34952107,0.5687654,0.31160054,1.3764867,0.9814878,3.2908428,2.3328338,1.959037,0.39841795,0.6706226,0.0,0.42649555,0.12922464,0.43232146,1.4822135,2.6899128,2.322015,0.34536174,0.017245539,0.23166342,0.37328532,0.44867393,0.59656066,0.8421693,1.8840925,0.38383412,0.61337835,0.9870167,0.32549798,1.767947,0.78930897,1.9478205,2.409749,0.71633583,0.51633304,0.11272662,1.3209621,0.8505301,2.9385571,1.2771161,1.072171,0.43329164,0.8180909,1.1132247,1.3477356,0.08772206,0.124853015,1.0209321,1.1049032,0.4837086,0.556217,2.9347565,0.6673766,1.1922513,0.8897047,0.7005786,0.99903107,0.9466085,0.8180822,0.8415434,0.7153372,0.35728937,0.41564155,1.0400751,1.6315377,1.0245961,0.0043993886,0.105109565,0.34774512,0.2822105,1.9645504,1.6385666,0.9935301,3.2870514,1.5757337,1.2878561,1.974614,0.7403705,0.34619427,1.7405869,0.53693694,0.3233999,all_pothole_images\pothole_images_new_image_1149.jpg
0.590178,2.1120694,0.16804883,1.8925164,0.5362637,0.5119344,0.550931,0.76048315,0.11377268,0.625432,1.0434331,1.2679641,0.21002105,1.1509757,0.1653614,0.79477376,1.390033,0.17401558,0.8792746,1.1395687,1.5361767,1.4138803,0.15841722,0.82882655,0.87314963,0.6138041,0.3849906,4.06706,0.4970731,0.03534931,0.29441544,0.46561423,1.0973502,2.6815522,0.15237087,1.8039225,0.3482875,0.7130015,0.0771043,1.2290807,0.12168559,0.008179779,0.70103234,2.926459,0.5934619,0.9165334,0.35844406,0.018378116,0.53826046,1.6739262,0.3985058,0.9841048,1.411701,0.5711933,0.2596955,1.8056905,0.31743622,0.08454428,1.2029791,0.14858003,0.67775047,0.073949754,1.3734618,0.9082839,0.75752324,0.87959087,0.48907945,0.5581251,0.24509102,0.52588326,0.68161327,0.22730036,0.5171105,0.97679174,0.7394672,0.4848122,0.3870479,1.7660474,0.12925412,0.4561361,1.1647907,0.25235984,0.0828948,0.8763362,0.5648549,0.95123607,1.0120025,0.19006535,2.259597,0.018270701,0.18202281,0.08484033,0.4025512,0.821167,0.10887035,0.53901535,0.427856,0.6152874,0.6116736,0.7692717,0.042450413,3.1756988,0.55064887,0.28341907,0.34315878,0.24474558,0.9359259,0.7650561,0.45373717,0.13221239,0.01496673,1.4932852,0.8583262,0.12944132,0.6663003,1.7371602,1.2578244,1.1519147,0.23414332,1.4448875,1.5317445,1.261756,0.6769181,1.660198,0.6663414,0.7944581,1.3579497,1.3061216,0.7902636,0.2816434,1.0655453,0.03873146,0.13848388,1.264534,1.036147,1.3529124,1.1140538,0.79919004,1.1430764,0.91213936,0.35356155,0.08378569,0.32480174,0.47141168,1.6166072,1.804917,0.70150465,0.18640193,0.4490864,0.9539942,1.4899547,0.86526847,0.1231136,0.3093875,0.26464412,0.7267883,1.4143347,0.19137685,0.45391056,0.96054804,0.48637778,2.713911,0.3774488,3.3025718,0.16647643,2.1001956,1.3959409,0.7206863,0.7452976,1.053083,1.0494524,1.5728999,1.4055555,0.64650416,0.26863834,0.9310242,0.7970296,0.32310194,0.16588968,0.638418,0.2852038,1.7817378,2.8840275,1.213991,0.9789092,0.22849044,0.11617616,1.2311778,0.5314992,0.5121809,0.5591838,0.6982469,0.33274332,0.65966266,0.82802,0.5569248,0.91471744,0.0013184985,0.0442677,0.8200982,0.93693674,0.48439813,1.6901662,0.2072127,1.7176796,0.5138869,1.3634148,0.5254296,0.10860177,0.0137651665,0.59456235,0.3480791,0.48757744,0.73308593,1.2424026,3.2098165,0.40476397,0.08588676,1.3488714,0.32934284,1.5614245,0.01560029,0.6553019,0.2788977,0.040651087,1.0184743,0.3618071,0.8406143,1.1022166,1.3695155,0.49557447,0.31041417,1.3677939,0.07637538,1.2460673,0.19563639,2.3030877,0.58930546,0.087266706,0.5620641,0.7519779,0.25827754,0.98473746,0.005354852,1.225115,0.07389547,0.90462786,0.52970505,0.42864814,2.375221,1.809811,1.4446635,0.50576895,0.86762047,0.78452176,0.32636824,0.49248216,0.29492816,0.68326324,3.2821665,0.4481218,0.9003459,1.5901388,0.024080677,0.2013437,0.46428248,0.6843132,1.044058,1.4229192,0.7587128,0.44720015,0.18291017,0.83344686,0.9164159,0.2702015,0.52936095,0.5610302,0.8616589,1.1013876,0.82935953,1.3794968,0.65577525,0.6080561,0.8947007,1.7537313,0.083545044,1.3492544,0.9369639,1.2455688,0.25961715,0.7083223,0.5593666,0.20794629,0.6992359,0.6497193,0.69142944,0.55063385,0.6017823,1.2764965,1.9588819,1.0994203,1.3391271,0.8143514,1.0191307,4.648306,0.34979823,0.77864105,0.75602144,0.32301143,1.5408552,0.25676334,1.0135946,1.4769473,1.3077383,0.39543512,0.44854113,0.13724571,1.2489032,2.5876641,0.7982003,1.4901631,0.8511164,0.7343128,1.2013205,0.917582,2.6237507,0.60183465,0.52370447,0.65099114,1.6625648,1.9392797,0.6671954,0.09996483,0.031810682,0.17748867,0.4991149,0.86021787,1.1194428,0.294382,1.8566525,0.84634584,0.8315003,0.37786445,1.3481767,0.51479995,0.05168577,0.3673917,0.7238405,1.0587071,0.100420415,0.47276995,0.12109873,0.394095,0.43413723,0.8132082,0.05762509,0.2187041,0.56262463,0.9326477,0.4244927,0.0,0.5782041,1.4935675,0.98804384,0.36338347,0.50710404,1.0613974,2.2259374,0.2809607,0.39807206,0.6715289,0.5430758,0.4628985,0.3188675,0.65667576,0.4141062,0.96931815,0.06677365,0.09006343,1.1976043,0.6433361,0.52977574,0.46495017,0.79807824,1.3628267,1.7929469,1.7700866,0.92937225,0.43845522,0.7336396,1.4026103,0.43868986,0.6799711,0.19075982,0.13400525,0.41974592,1.15462,0.46331087,1.0081682,0.19957826,2.01277,1.3208228,0.45604083,0.8312264,0.12846234,0.9820954,0.7116648,0.13607673,0.39690316,2.0419805,1.0435224,0.7562707,0.44664547,1.5356503,0.0033994894,0.52604717,0.5973477,0.7267792,1.1370972,0.20829922,2.7214553,0.5760841,1.1953456,1.0896529,3.5508049,0.12810695,1.1959764,1.8241414,0.11120958,0.2075989,0.8868358,0.28909585,1.3050137,0.65894556,1.2742106,1.4874696,0.56367683,0.3627575,0.011881853,1.2169015,1.3116246,0.69846964,0.1523991,0.118351445,0.24444807,1.3563232,2.9187434,1.0788366,0.35595322,0.9757669,1.4521626,0.636867,0.20685129,0.19502182,1.1909451,0.58117783,0.6556835,0.7588381,0.61882246,0.26719496,2.4914834,0.24869089,0.66545624,0.6030606,0.7303836,0.79506844,2.4749348,0.26847795,1.5282992,1.3195456,0.48093414,0.6930005,0.49427035,0.06691946,1.212413,0.33536294,1.08339,0.9458029,1.197543,0.43988305,0.73127544,2.0633879,0.36680198,0.8419139,0.32006,0.0050542913,0.45330834,1.0096086,0.11006131,0.33392155,0.9508244,1.3970277,0.16563247,0.3726934,1.0413184,0.35329887,0.024821289,0.36843795,0.17703712,0.29269776,0.7000939,2.4269464,0.012200077,2.0212286,1.8138919,0.7026261,0.25141066,0.08941743,0.42716783,0.43667924,0.09958688,0.32916442,all_pothole_images\pothole_images_new_image_115.jpg
0.7445525,2.3413386,0.5090484,1.6808534,0.70515186,1.6407928,0.63086706,0.035452373,1.9950405,0.7426286,0.48556152,0.32432985,0.65972215,0.0003313933,0.04085675,0.018560344,0.12317011,0.0,0.24934569,0.36792478,0.0,2.80894,0.8867791,0.4729519,0.068763606,0.4824213,0.17247215,1.697416,0.3078624,0.7166731,0.83631945,0.45099136,0.36336383,0.010199757,1.0944904,0.10922941,0.06937694,0.34732634,0.5588247,0.31553546,0.04450289,0.012807703,0.5272471,0.46424082,1.5931727,0.004423159,0.25149527,0.06887418,0.6044081,0.7087716,0.8559919,0.6336053,1.6308808,0.5091931,0.8904069,0.52889234,0.46075365,0.789637,0.27062485,0.23191553,0.6598687,0.9226661,0.5726322,0.23611698,0.07365554,0.7532204,0.5885969,2.1730957,1.1122172,0.12560585,0.5746199,0.027749017,0.4474858,0.008475703,0.08593454,0.7156846,0.26805118,0.41834193,0.013604694,0.43042317,0.0067595877,0.47377014,1.052893,1.8472002,2.5171266,0.7155055,0.1446473,0.72659254,3.394498,1.2047465,0.3837907,1.968657,0.5057611,1.9432466,0.86004966,0.537514,1.4046386,0.3140205,0.76540506,0.30115914,1.050775,0.23863001,0.36396244,0.829391,1.1563454,0.5517237,1.7620993,0.4221979,0.44118062,0.010573134,0.081260785,2.149088,0.33090806,0.9090766,0.047885407,1.9321978,0.7816213,0.35599557,0.0,1.0235068,1.7296832,0.70240045,0.78811294,1.4381582,0.683491,1.6411537,1.517384,0.732229,1.0733912,2.1612003,0.8125712,0.06379227,0.24815522,0.4683589,1.2775464,0.16075931,0.2344203,0.36468497,1.7846794,0.10461659,1.2013139,3.887822,0.22447698,0.32371628,0.7176263,1.05423,0.012052771,0.843784,0.4019105,1.2096804,0.69135344,0.57553834,2.3543246,0.07891613,0.1128335,0.98402035,0.23030297,1.0869145,0.033091743,0.34769064,0.2626329,1.1008853,0.47039318,0.46260086,0.6662016,0.012699863,0.79950106,0.021073405,0.34094992,0.07626398,0.586013,0.18892328,1.2728205,0.15568627,1.4917259,0.13007998,1.2314771,0.5904488,0.11609194,0.37268052,2.1912394,0.39387193,1.8655775,0.9901927,3.2771962,0.46215746,1.3337934,0.7034776,0.46439952,0.11059574,0.0,2.9867828,0.15537068,1.3015577,0.57171375,0.7304082,1.235948,1.3404227,0.23568359,0.47753003,1.1016041,0.39624992,3.1309602,0.29412267,1.21113,0.7951248,0.16715762,0.1590445,1.8062223,1.5878291,0.18608464,0.9136055,2.237807,0.78920037,0.17156005,0.31741333,0.11594993,0.7525236,0.007660533,0.30910107,0.28562185,0.6112514,0.72133213,0.71116996,0.16270211,0.2867264,1.3102,0.023456395,0.31957707,0.5069557,0.22193897,0.92078847,0.05227215,1.1883627,0.035837132,1.2945635,2.0134668,0.54421026,0.0,1.1489215,0.87051696,0.46764895,0.5416712,1.1891896,0.2836699,0.16515926,0.1879722,0.56657124,1.3040888,2.5311866,3.8502588,0.07147437,0.014177182,0.09997169,0.25302044,0.508564,1.0137657,0.24015452,0.5248938,0.455901,0.31814533,0.65658987,0.028454917,0.1117034,0.5819229,1.3210975,1.1185199,0.5101798,3.0092463,0.3195196,1.5353403,0.007147517,0.4235993,0.50124717,2.7361534,2.6224732,1.1164006,0.66833633,0.64622486,0.4813848,0.45183405,0.93249243,0.0046352632,2.0123942,1.1501956,0.56744534,0.48020795,1.4590809,1.1589665,3.0753067,0.025608875,0.88576037,0.06736802,0.17080374,1.701714,0.99925154,0.5014457,1.327678,0.508493,0.040906608,0.1720423,0.29546875,0.17715855,0.5586306,0.9687307,0.13372493,0.8772861,1.5180421,1.0887508,0.015036201,0.078672975,0.35901195,4.7874417,1.0320863,0.16805948,0.6524477,0.09691884,0.47253722,0.9507005,0.04777231,0.7254235,0.0,1.1114467,0.81281966,0.41861653,0.87239206,1.882587,0.47619337,1.3169935,0.8178165,3.5836024,0.20334022,0.39710224,0.40995312,0.5399741,0.28591564,0.9468601,0.0070299474,0.83580613,0.6029696,1.9075476,1.5934626,1.2560854,1.370303,0.7729496,1.1097393,0.71825165,0.16507362,0.09226548,3.980726,0.033161435,1.1415491,0.001874898,0.8077036,1.6802299,0.0015310044,0.37479076,0.5178719,0.2228922,1.997687,0.6395317,0.20249684,0.2753869,0.3319801,0.26736936,0.6230325,1.8998989,0.80443704,0.9427854,1.5691187,1.6822712,0.36438158,0.58860075,0.40786672,2.24905,0.9755252,0.37857512,0.05121072,1.3165847,1.227563,0.14104493,0.6276915,2.357375,0.39014092,3.7307098,0.17401671,0.91554666,0.09764644,0.5780889,4.3242517,1.2234417,1.7021794,0.7897691,2.5930648,0.0072197327,0.5767841,0.32892403,0.8950503,0.17601688,0.22028446,3.0725832,0.16023646,0.61882347,0.070856154,0.08085412,0.506929,0.91435957,0.0,0.07831171,0.14048977,0.7373225,0.049591053,0.95535135,0.7634534,0.594015,0.65383023,2.455168,0.8739825,0.35600573,0.6282008,0.6198101,0.09932734,0.092716895,0.44629645,0.1072669,2.0781553,1.82851,0.49561745,0.3612979,1.6731782,0.34161302,0.2101354,1.0819051,0.27613187,0.003097727,1.8050196,1.5237321,0.07184601,0.7578919,0.00022663781,0.5547984,0.7224582,0.87942487,1.0241747,0.8976204,0.63472706,1.079479,1.123792,0.52843356,0.45801225,0.0030445694,0.45408443,0.095648475,0.65760636,1.3991668,1.6196764,0.31236884,1.3591071,0.3426584,0.41699973,0.03578368,0.23922922,0.27725363,0.031506088,2.3297255,0.213584,0.44532245,0.38270268,1.344608,2.1529143,1.6801938,0.03163661,0.27159247,0.61873573,0.40281218,0.40925258,0.7511101,0.57065743,1.8056036,0.260024,0.90163654,3.0469701,1.0541526,0.030572692,0.107100055,0.44732773,1.6446122,0.30587572,1.4104258,0.43323523,0.2485981,1.7179197,0.036714237,0.021031208,0.14255191,0.11016458,0.10209762,0.061316893,1.3076495,1.7234398,0.02559116,2.0989864,0.5310835,0.6300809,1.6674567,0.8938762,1.0089726,1.3633534,1.6093037,0.10542594,1.9090495,1.4004376,all_pothole_images\pothole_images_new_image_1150.jpg
0.32128552,0.8455622,0.81712633,0.9219355,2.8469126,0.59347796,1.401536,0.15039125,0.29268098,0.007459421,0.4222507,0.89267415,0.31018484,0.6612662,0.0118934745,0.23582274,0.13975145,0.1261547,0.8345078,0.33898467,0.39155692,1.5736171,1.3570454,1.6498805,0.5490233,0.9653476,0.5040962,1.4182833,0.23725022,0.50449765,0.9545531,0.18100752,0.41660392,0.3288892,0.49012706,0.80344623,1.3152263,1.109912,0.31945512,0.27955538,0.0,0.0,0.3570531,2.0052428,0.44536355,0.5445572,0.6125745,0.026398756,0.37121966,0.39941463,0.9704186,1.1994162,0.5444825,0.0024721078,0.13893183,1.1826013,3.9842765,0.07502315,0.19088449,0.044704456,0.7535754,0.06437807,1.1131363,0.07025944,1.2287903,1.8059928,0.30858424,0.0538923,1.750075,0.80631167,0.041821547,0.5706706,0.13834722,0.22055483,0.20577493,0.78949845,0.49677384,0.75578344,0.112446375,1.07884,0.062753625,0.0,0.025568902,2.185432,1.0522659,1.0226071,0.45354405,0.1686115,2.5570312,0.17146792,0.5581719,0.90502554,0.3005217,0.9812602,0.33751413,0.40204164,1.2937632,0.156822,0.6448217,0.092307225,0.13126537,2.955605,0.56638396,0.0,0.027756965,0.063657865,0.9806247,0.20746396,0.038508516,0.9143963,0.10159795,1.8618324,0.5324005,0.28895754,0.3771331,1.5496668,3.5030024,0.84957,0.6765681,0.56562996,0.92331225,1.1429509,1.0548202,0.049538292,0.13254641,0.6550736,0.40220368,0.47212613,2.400288,0.14002253,1.2983358,0.28139535,1.0429814,0.13313767,0.0662618,1.1853863,0.3835624,0.91222787,0.96574605,0.4214543,1.53072,0.49931735,0.10462508,2.7060237,0.07394979,0.78340274,0.1756936,0.16530636,0.40535057,0.2855462,0.11429745,0.30362993,0.014938828,0.03571544,1.1247842,1.0933831,0.6034603,0.027832828,0.51344824,0.6667516,3.8269098,0.5454225,0.14163287,4.4194636,0.17163816,0.5207305,0.25458455,1.3488812,1.1451013,0.12549771,0.3569167,0.47081608,0.04050861,0.075479425,0.538239,0.15294196,0.97309023,0.1929359,0.14999337,0.6070972,0.01316663,2.4182515,1.7600648,1.0071238,4.1461,1.0390466,0.9605067,0.84896296,0.5798391,0.39485118,0.99883014,0.03462261,0.11306798,3.8762374,0.12116274,0.12071181,0.122184634,0.41860864,0.15435834,0.8774132,0.0431576,1.0931437,0.36116105,0.8956216,0.8169806,0.39777723,0.41595626,0.34194335,0.83718544,0.22408925,0.2769275,0.16383071,0.73844814,0.41128242,1.1010993,0.44133675,1.0792437,0.0007718003,1.0601437,0.03169612,0.79261243,0.35281828,0.6404196,0.43845648,0.13798426,1.101926,1.3128607,0.6384934,0.8754066,0.41376978,0.40400448,1.510909,0.13425064,0.16316593,0.47228444,0.041190043,2.8264308,0.71412325,0.03764463,0.35096833,0.13793728,0.03825775,0.31278408,0.017333837,0.29317755,0.28745493,0.6698644,0.42216402,0.9989518,3.2887118,1.0215573,0.06720536,1.3607961,0.40784162,0.13261037,0.06138909,0.093893975,0.24865961,0.7852237,1.5351889,0.73239785,0.53001034,0.11892112,0.24935913,0.6000318,0.57478976,0.0643739,0.33590323,0.7538834,0.62965024,0.07074771,0.760056,0.0,0.110832565,0.6044144,1.4732016,0.8479857,0.33724543,0.2697029,1.0213113,0.22598264,0.25811982,0.15632257,0.034386095,0.8775414,0.5526275,0.57938504,0.9637323,1.8347307,0.019933652,0.43675715,0.2245445,0.33436856,2.6891813,0.19433233,0.09281204,1.3504605,1.1776692,0.536976,0.22040936,0.13505971,1.0285949,0.1297592,0.29347515,6.012785,0.26091975,0.45455527,0.23255877,0.00658986,0.6685098,1.0047208,1.6504153,3.8336265,2.6494317,0.1602856,0.4840076,0.13534813,0.33980602,2.287795,0.15245181,0.024703642,0.5761931,0.02687519,1.1463023,0.55508494,0.2988811,0.8046052,0.5244635,0.29637697,0.053735692,3.7661667,0.36336884,0.0061163534,0.2279215,0.017355004,1.2165371,0.9774458,0.50410986,0.23958428,0.29308873,0.027915686,1.5318893,1.4924657,0.1187085,0.2906958,0.59199125,0.020520138,0.36571667,0.26877385,0.57539725,0.74921185,0.11811731,0.76580185,0.5770227,0.0024400484,0.48032403,0.8331076,1.5321667,0.4065759,1.0127909,0.053637616,0.05128058,0.84081495,0.5185463,0.025212806,0.103335366,1.6569114,0.85791826,0.5569598,0.3361157,2.6785073,0.29561564,0.104327805,0.2648129,0.7819505,0.53371143,0.00580752,0.056686733,0.83061546,1.3681614,0.24829175,0.02753433,0.622137,1.0437324,3.207968,1.9455404,2.8320343,0.023414241,0.04391055,0.09446614,1.3594067,0.5025649,0.05424722,0.17450707,0.90135914,0.019331675,1.9806961,0.032761693,0.31041628,0.8491451,5.5172453,0.7995715,0.0405363,1.6936866,0.51487386,0.0,0.9044314,0.93080765,0.037980188,0.07421451,0.2715881,0.10071218,0.8266771,0.58366865,0.009524722,0.321703,0.682989,1.0096692,0.5218056,0.30798522,1.992999,0.3908103,1.110901,1.273891,1.5663449,1.155237,0.25693154,1.5968525,0.3198624,0.20055866,0.5897954,0.46413383,0.78526574,2.1845322,0.46339038,3.4450948,0.06673328,0.42372435,0.109275796,0.53395283,0.7481688,0.08207341,0.024918186,0.91600704,0.12645832,0.5661224,2.2998798,0.09586002,0.52996486,0.36370608,0.44172862,0.32322693,0.45655432,0.67493397,0.5381739,0.5754002,0.51478857,0.28956145,0.052126583,0.553923,1.4962181,0.32614127,1.6352361,0.0,0.48129848,0.41426226,0.3808048,0.32076287,0.10572201,1.3865944,0.8865774,1.2339181,0.06446927,1.3758893,1.2039477,0.16661882,1.1406776,1.0938016,1.4781389,0.13156816,0.36300665,5.691663,0.40087128,0.18408997,0.0,1.4154813,1.4872212,0.8078922,1.8655859,0.05060069,0.84290314,0.39776692,0.18588607,0.062708385,0.3668958,0.12235618,0.26503816,0.6101434,0.15102,0.3212952,0.4974474,4.387684,0.9439987,0.53855485,0.7323899,0.40192622,0.0,0.0032393546,0.8914686,0.34363687,1.1964343,0.28884116,all_pothole_images\pothole_images_new_image_1151.jpg
0.08407725,0.8387522,0.3774863,0.4958083,0.41867065,0.17619148,0.5201499,2.1143668,0.0005227681,0.42053425,0.14074892,0.19795597,0.030001871,0.31263733,0.020407168,0.18406564,0.0015259543,1.7823632,0.22381155,0.27746353,0.09009005,0.76077145,0.5792535,0.8144251,0.013107051,0.51354086,0.63402134,0.6445936,0.00026030254,0.23620406,0.1439255,0.056432627,0.092413746,0.33855173,0.203279,0.30788064,0.18142109,0.07616146,0.12415031,1.735676,0.0,0.15462507,0.19638726,1.0859573,0.031701677,0.29417035,0.114326134,0.0,0.023007428,0.26458934,0.17392255,0.2863152,0.58594203,0.11840537,0.026962988,0.9063152,1.4013529,0.3326906,0.04663139,0.030166246,0.1403264,0.3806394,0.78069174,0.033169575,0.26061457,1.6842514,0.2683514,0.3191226,0.023061601,0.39197809,0.0,0.5252043,0.030362299,0.025347257,0.029699441,0.046808377,0.081426874,0.117349684,0.0,0.028690627,0.041250166,0.22790948,0.6718558,0.7246985,0.24062857,0.35639408,0.026823498,0.026650073,0.4308796,0.029556183,0.0898648,0.25938326,0.08544664,0.054828197,0.073835015,0.011407446,0.38625315,0.2958985,0.17547339,0.0057136207,0.33062315,0.8026254,0.49037653,0.0,1.0836117,0.78093195,0.0015891364,0.3172184,0.23974504,0.63492835,0.034331806,0.45581785,0.0967078,0.96103936,0.43091977,0.21683158,0.11662248,0.34113848,0.6040929,0.31659362,0.5174732,0.34310126,0.08573147,0.51779646,0.7706147,0.1656055,0.08509411,0.095734805,1.6366903,0.021209955,0.36807054,0.30550197,0.17384338,0.32279563,0.03574462,0.34881395,0.112114,0.27965513,0.11447375,0.051325202,0.20852879,0.039778065,0.3190436,0.60864407,0.17241156,0.45739874,0.18904574,0.801102,0.20862193,0.30109036,0.11414624,0.14124393,0.047437318,0.009315987,0.33367085,0.13575386,0.30554163,0.17712016,0.15304984,0.36442363,0.6912292,1.0080777,0.12574777,2.1328454,0.08757314,0.03534176,3.8685458,0.21525289,0.85522944,0.034878086,0.16307433,0.17126814,0.0,0.054572757,0.31205055,0.37751693,0.017033992,0.14799169,0.381734,0.051813155,0.007448425,1.0344685,2.687672,0.14132394,0.37657273,0.0,0.019437285,0.13740109,0.0639565,0.21950297,0.4443185,0.0037856244,0.11496958,0.8755426,0.13007139,0.0,0.41632316,0.64451647,0.018597065,0.25747576,0.20947666,0.48292938,1.2489525,0.31955943,0.52682173,0.035805345,0.7180795,0.089501515,1.08165,2.0081348,0.0,0.48224622,0.7406079,1.0810105,0.043146893,0.18114528,1.1178694,0.11308994,0.26875857,0.397782,0.0076217325,0.90633553,0.30027544,0.090527155,0.103787884,0.055694934,0.31823048,0.13066211,0.73916066,0.14905581,0.2508093,0.6448856,0.1306153,0.0,0.1984443,0.0,1.2133927,0.44411442,0.0026797922,0.43600687,0.23828307,0.07857906,0.24109933,0.02955635,0.4807185,0.30629662,0.55332464,0.27304178,0.20040017,3.5331514,1.2757281,0.019779395,0.25402156,0.0007370082,0.06273395,1.2920352,0.2576704,0.078154035,0.14172201,1.6591691,0.06880771,0.08042609,0.086223215,0.44345126,0.4456857,0.50662386,0.2724855,0.2996662,2.0976648,0.0746288,0.05160526,0.1662026,0.13040851,0.31091258,0.5294056,0.39595222,0.18196791,0.08152516,0.25723872,0.47595417,3.1319535,0.008250286,0.0436223,0.1063327,0.116636954,0.051605914,0.054250978,0.16267483,0.076134905,0.18233435,0.41513827,0.005175064,0.16005917,0.21150194,0.35390955,0.14784095,0.21365298,1.7544736,0.18995051,0.43636444,0.62149405,0.049184147,0.0010708041,0.12845963,3.2531006,0.13972218,0.0,0.085335836,0.0,0.15446462,0.3219656,0.45023665,0.48867917,0.21073844,0.2436616,0.1301324,0.09346896,0.54255724,0.73846084,0.14789517,0.35564026,0.07246881,0.004828273,0.10079751,0.142019,0.07841169,0.14530362,0.024640638,1.0125816,0.33621752,1.2637376,0.0,0.12437218,0.07027004,0.01464623,0.167248,1.3437409,0.26601732,0.021233872,0.055014584,0.11737427,0.48301157,0.2502726,0.51493376,0.19367361,0.035692886,0.059215944,0.040504385,0.24806175,0.2981485,0.43294793,0.14981829,0.65953076,0.25075212,4.586604e-05,0.07650304,0.11619336,0.57855135,0.13747914,0.12958567,0.3946495,0.24946387,0.09588163,0.0017335956,0.0,0.0,0.8395261,0.010300589,0.3273917,0.14784878,0.9325517,0.10578996,0.19706266,0.094894595,0.45324337,0.15585735,0.258639,0.34010926,0.510824,0.023982503,0.46825632,0.048791587,0.30120876,0.048088394,0.34410745,0.9759395,0.49358803,0.0026095991,0.16706654,0.122178085,0.073523834,0.27363735,0.062253214,0.51492995,0.04556912,0.017334288,0.059395697,0.05762455,0.14306584,0.15320939,0.6617687,1.4062675,0.03974456,0.33824044,0.069251604,0.0,0.19625565,0.54983693,0.013905165,0.08295522,0.7970025,0.5152075,0.10585394,0.040921796,0.24360314,0.10062905,0.17464747,0.19054502,0.07062565,0.015022511,0.3098382,0.1462343,1.3718679,0.84237033,1.7730647,0.8624169,0.75569516,0.1244045,0.07816762,0.18703558,0.1952014,0.5477347,0.013147473,0.16474827,0.22101481,1.1069217,0.28518993,0.0,0.5046859,0.28933817,0.29585359,0.31892344,0.32204014,0.09095453,0.32360345,0.17913876,0.24072564,0.55430126,0.0002450803,0.037801456,1.3112895,0.051290482,0.53934383,0.06551376,0.048046995,0.8071867,0.31904176,0.6231296,0.026886629,0.4607608,0.70728517,0.3189955,0.24734677,0.026817147,0.033107974,0.067866385,0.016224055,0.004043034,0.10190167,0.34940383,0.12970485,0.65852726,0.21400133,0.009992166,0.04184115,0.011351244,0.10700118,0.28008336,0.12981676,0.0726285,0.5110694,0.4004336,0.005417771,0.30875653,0.08410168,0.30385315,0.41760457,0.20298496,0.6195347,0.03002647,0.323339,0.7061279,0.10803434,0.2758203,0.08585602,0.084713526,0.10560402,0.021837544,0.040389847,0.073331304,0.19109344,1.1860633,0.03836637,0.18350548,0.02900033,0.5216662,0.053626038,0.009317368,0.26641387,0.65088534,0.25867692,0.029236972,all_pothole_images\pothole_images_new_image_1152.jpg
0.09096142,1.0152155,0.21632367,0.5915799,0.06933622,1.2739578,1.1503,0.31227523,0.3727211,1.828891,0.20068505,0.5507329,0.50904316,1.0419668,1.3155321,0.78531474,1.0322903,0.38129008,0.6396006,0.09815341,0.52520376,0.12849939,1.2125599,2.408311,1.3328779,0.015571878,0.6660872,1.404278,0.1773163,1.8898822,1.0690241,0.4570121,0.080454335,1.2165377,0.33896953,0.6442812,1.257696,0.24027555,0.4302253,0.036540322,1.2956026,0.48970693,1.4143245,0.13579391,1.434573,0.47289494,0.32492042,0.0,1.056609,0.065122046,0.75827354,0.7872875,0.5918818,1.348144,1.1466503,1.1002611,2.1218464,0.41580662,0.75689745,1.4163129,0.3726059,1.8979632,4.4590054,1.0646428,0.45546365,1.2919663,1.5904584,1.7507855,1.1470743,0.36559403,1.4482617,1.1094207,0.6148697,1.484455,0.8609996,0.8546331,0.40476725,0.09322654,1.2639714,1.1853869,1.3845439,0.4927357,1.8902942,4.1905274,1.7829269,0.084550574,1.5804293,0.7442424,3.0355818,0.737046,0.21943526,1.386894,1.2291518,1.3003029,0.074650824,0.54145896,0.20154515,0.54067546,2.119919,0.24354093,1.1840435,1.2158145,1.1992933,1.226183,1.2176422,0.96877986,1.2107632,0.53111494,1.1556867,0.031007806,0.97276235,2.4404368,0.8714078,0.9221453,2.080868,1.1274906,0.19236338,0.4761296,0.7483571,0.5046619,1.2545102,0.65026385,0.57767475,0.51512015,2.291726,1.0195365,0.27385548,0.60096157,0.54282004,1.8964854,0.36235672,1.9756206,2.242716,2.1244195,1.0176758,0.78279024,0.6103799,1.2757761,1.2317941,0.7515821,0.24208826,1.8741375,0.47234276,0.3107252,1.0230324,1.4556072,0.9821328,0.14769566,2.0239053,0.012855392,0.18861784,1.0810059,1.1904396,1.2729375,0.90525997,0.32812047,0.23654476,0.61796504,0.6292735,0.7365144,0.9996,0.91265446,0.23727286,2.8533177,1.9192299,2.2107759,2.640739,0.50571764,0.27299497,1.0307202,1.4551846,0.81822336,1.3721945,0.49864239,1.2175955,0.1065457,0.40387663,1.243969,0.50929075,1.9129659,0.9342088,0.67096597,0.19014354,0.6715648,2.8242753,0.5506074,1.3317583,0.15542343,0.8428399,2.9247532,1.6202577,1.8348927,0.059160713,1.9227216,0.5920208,1.4515253,0.77443093,1.7476183,1.1977403,1.5148667,1.3512491,1.1484847,0.9233218,1.1725609,0.1559623,0.17969596,0.054844927,0.9610653,1.5927182,1.1968483,2.086767,2.0733054,1.2317606,0.15822622,0.39209384,0.52494884,1.0373058,0.70298773,0.6345424,0.29823098,0.99717546,0.19089675,1.113372,0.08877186,0.4025024,0.8033096,1.8521451,0.3183397,2.1983523,0.28279632,1.3074185,0.72328264,1.6836212,0.115111955,0.35642573,1.2329124,0.59205776,0.42304605,0.55985785,0.82907355,0.748985,0.6418865,0.052791215,0.49955204,0.015000026,0.6957007,0.21497864,0.6638482,0.8005515,3.3119195,0.76382333,0.96837395,1.0566299,0.062069707,0.5961708,0.11131668,0.24933943,1.0155116,0.5280273,1.6578966,0.9513657,0.109208345,0.38263115,1.9129237,0.19911696,0.5940099,0.7665278,0.4948296,0.5520056,0.063466385,0.45512703,0.92311376,0.37002742,0.27676186,0.19871669,1.5410259,0.64819247,0.38717985,0.24611405,1.3684545,0.4977352,2.626662,0.94897944,1.6108202,1.4151297,1.2163585,1.692619,0.51742786,0.5494433,0.27418604,0.5118584,0.19541456,0.55339897,1.7490185,1.036425,0.4967539,2.1517887,0.45367044,0.32117295,1.164716,0.08127991,0.86883575,0.383801,0.618348,1.6249769,2.0256817,0.64837074,0.6496482,0.97571695,1.8349612,0.14272095,0.7513482,4.664055,1.7936381,0.2604686,0.22875853,2.1413822,0.4426173,1.4205339,0.089306295,2.8244455,0.82723576,1.0148723,0.05993335,0.09826187,0.28981882,0.081399664,0.755384,0.96790624,0.5613875,2.7589824,0.1950956,0.13415474,0.3213455,1.0001004,0.091409184,0.3106485,0.12893148,1.6701792,0.686964,2.2585516,1.4389473,0.3727455,0.30950058,0.4941901,0.27118415,2.1740754,0.5370112,0.09311237,0.8726307,0.28038168,0.21439426,0.25051975,0.7107737,0.89253825,0.79611856,0.8088069,0.30815956,0.7171265,0.051355746,0.119378924,1.0783439,0.7346017,0.40640375,0.04151168,0.31026712,1.5133928,0.8391349,0.7844651,1.4885381,0.29354557,0.8937756,0.3007755,2.461549,1.2779567,4.3922243,0.5530538,0.06243728,0.3095307,2.587463,0.21788222,0.6519923,0.36935806,0.64862674,1.8551428,0.32915956,3.2386973,2.9960282,1.4990066,1.1864189,0.5653118,0.31270903,0.5037634,1.1570302,0.9245206,1.2553664,0.461046,1.9073071,0.62895757,0.15056466,0.27265424,0.64825225,1.0647299,0.18256386,0.8154399,0.17398955,1.1224563,0.5995381,0.0,1.914487,0.7370115,0.53019124,0.18011433,0.6891299,0.32990444,1.0326377,1.1822953,0.21942304,0.79879683,0.20800987,0.022972507,0.22221848,2.4912748,2.126153,1.4638474,0.37809977,0.7688298,0.75685173,0.16650888,1.1449646,1.1063366,2.488689,0.3834128,1.1618593,0.37035432,1.2355205,0.4882743,1.079606,0.75517917,2.1848557,0.26213172,0.75033355,0.6831675,0.013273947,0.10512894,1.3717698,2.2319825,0.5838175,0.40208727,0.6379301,1.1072783,1.8479688,2.1406116,0.06653919,1.1305964,1.3327233,0.88933545,1.1763297,1.0170186,0.122668125,0.4705056,0.13530375,0.55464715,0.7464172,2.0903506,0.96846426,1.66032,0.32791317,0.7321231,0.95125,1.0149134,0.57844007,0.25708175,0.12868227,1.2010825,1.3655314,2.0561495,0.17875856,0.37830484,0.19020143,0.2592744,1.4288224,1.3394467,0.9090551,0.10013946,1.5146344,0.19345017,0.16690217,0.4865253,0.7238085,0.08445741,1.5561582,1.0436382,0.39430442,0.34888908,1.6745534,1.1776496,0.044028092,0.9950067,0.36554417,0.65482515,1.665952,0.42340583,0.23881908,0.9652308,0.18024215,0.16640532,1.1726671,1.4151253,0.35148394,1.3945212,1.0776789,all_pothole_images\pothole_images_new_image_1153.jpg
0.20118009,0.4762918,0.5200605,2.8031611,0.19252469,1.1425864,0.26183245,0.16366147,1.0831575,0.097717285,0.23630251,1.0156795,0.055689737,0.8036807,0.40336254,1.061821,0.44994298,0.019318704,0.83472127,0.0020621773,0.64484096,1.6619202,0.42941105,0.88067454,1.0677917,0.11370454,0.0,2.4992685,0.05595861,0.6620573,0.5026288,0.081816085,0.7256272,0.047984432,0.36486804,0.5777678,0.104662836,0.39029163,0.23959646,0.63630074,0.58100575,0.8372354,0.73443896,0.4348769,0.7220859,0.059650842,0.17724235,0.004993819,0.677869,0.043515205,0.2714895,0.5302906,0.8277373,0.27528387,0.09916432,0.98549664,2.406963,0.0002582718,0.41507587,0.4533671,0.099990144,0.18784542,0.64700204,0.9987806,0.5621486,1.937336,0.2691935,0.014599538,0.89088035,0.3967733,0.36825553,0.66716695,0.120448,0.52936333,0.257231,0.77582705,0.197198,0.07708176,0.12730822,0.3618454,0.022918716,0.1328915,0.34868124,1.2745552,0.52677464,0.7475002,0.25392768,0.08349323,2.7504814,0.3141639,0.37045684,0.93628746,0.08449186,0.06254337,0.17971799,0.05249788,1.9629167,0.6860655,0.21102953,0.66638947,0.07229832,0.9228819,0.29033184,0.11774833,0.56052876,0.01574701,0.5578285,0.23336366,0.20923851,0.8291561,0.35814488,3.892692,0.15388446,0.07064634,0.1313246,0.49717712,1.3480564,0.58465755,1.3667527,1.3006511,1.9470217,0.40102652,0.47521567,0.28424942,1.0659139,0.26295367,0.04851839,0.26401183,0.7582989,0.2704828,0.16593805,0.1495544,0.055284936,0.6675762,0.08593842,0.14234212,0.056702964,0.5912052,0.9764163,0.024223153,0.25406405,0.37506655,0.017463073,0.3230624,0.21233337,1.0978749,0.14528769,0.6117396,0.71048766,0.39050728,0.23293598,0.6075995,0.17230658,0.45964307,1.948903,0.28583783,0.012162904,0.36486578,0.42720467,0.70793873,0.6102741,0.7231562,0.8146892,2.0303369,1.2160193,0.29423177,0.29405418,0.029379053,0.9897614,0.21410753,0.08978697,0.12745428,0.15163752,0.01288848,0.39606658,0.1635259,1.3068569,0.012049839,0.24333687,0.35585865,0.0696156,1.8904766,1.447397,0.22842702,2.8676507,0.51448923,0.54398394,1.2552532,0.43021882,0.9955801,0.43352756,0.1217119,0.04568701,1.7558708,0.09905813,0.088132344,0.19040689,1.2584927,0.8237883,1.1355863,0.62440854,1.0874838,1.0692806,0.49178165,0.79618883,0.17770953,0.026448429,0.2112102,0.90249926,0.10141597,0.12642293,0.008119225,1.3707153,0.68588644,1.0098492,2.1365304,0.03443786,0.0687506,0.8396976,0.7320192,0.59865636,0.6917652,0.082245044,0.6602465,0.022314984,0.5054062,2.852602,0.24366042,0.6057809,0.43783244,0.050331734,1.1817428,0.14734118,0.04655158,0.9041591,0.23157413,1.4491054,0.0033444231,0.19608109,0.010449708,1.0596645,0.3702244,0.5785108,0.511332,0.28954387,0.0,0.3544274,0.3125205,1.0692607,3.8780956,2.6603062,0.0,0.7685873,0.05506278,0.00606273,0.0,1.7728502,0.45466182,0.8768631,2.64246,0.0,0.03821927,0.36543047,1.0199839,0.6074979,1.665286,0.2891117,0.2033907,0.8325136,0.3345941,0.351879,0.19647175,0.26250502,0.32122588,0.9953286,1.056975,0.8574091,0.65655756,0.030156303,0.82747597,0.08264637,0.79983675,0.00028253428,0.815669,0.39466262,1.3054773,1.4242077,0.507968,0.36041886,0.0,0.2107375,0.024659403,0.3954171,2.4903708,0.087905265,0.12945823,0.41437694,2.058127,0.86631656,0.2686058,0.093269326,0.22020733,0.08121909,0.57262254,4.937379,1.0268948,0.40475115,1.2527025,0.13739601,0.31170878,0.2716536,2.427282,5.0875077,0.53064054,0.013667351,1.6660011,0.107512265,0.6669122,2.4962778,0.4232296,0.35230872,0.4415665,0.0,0.50220704,1.7177192,0.27506882,0.586415,0.06448027,1.129301,0.01868614,4.2157507,0.036826823,0.18165721,0.040599365,0.024704147,0.0,1.5152712,0.9014151,0.433933,0.14901163,0.49129435,0.32853603,1.8527243,0.44000286,0.35765484,0.18082435,0.5023966,0.30407023,0.20218176,0.2859727,0.2113099,0.97104317,0.06589122,0.20525846,0.8101354,0.08435281,0.39164802,0.63046676,1.0737529,0.5860424,0.021350527,0.2596964,1.9647341,0.05269799,0.07449595,0.12195298,1.7359675,0.38530743,0.06082227,0.30644593,1.247806,1.3202847,0.049313944,0.0,1.3670564,1.6130694,0.04129222,0.84443384,0.30173916,0.3487748,0.013018173,0.0,0.37556002,1.7356477,4.747716,0.4354957,1.296693,0.13529053,0.042154636,1.3765448,0.87528735,0.81629467,0.0,0.49963686,0.044064917,0.17420928,1.4376887,0.75027275,0.008064144,0.19845653,4.245496,0.22266255,0.24118793,1.456001,0.38559628,0.017421046,0.08218419,0.46539345,0.044695638,0.024310764,0.015392794,0.24010639,0.7215324,0.07383721,0.12081204,0.16001427,1.1956645,0.312987,0.6185175,0.09179669,0.9814761,1.1164724,0.79018086,2.0705066,1.0769182,0.09915566,0.48655364,0.98827976,1.5774955,0.42567876,0.299353,1.4566981,0.7319273,1.7740246,0.24112551,3.1730726,0.62634504,1.0611359,0.3301884,0.93477714,0.8445903,0.38536358,0.21684112,0.18499102,0.18172763,0.18035151,0.6876257,0.44940078,0.62281936,0.50293446,1.3245555,0.9213749,0.20228288,0.3587245,2.177803,1.8411107,1.4269643,0.43308404,0.5227969,1.994741,0.25568014,0.769745,1.2765403,0.0387839,0.5756983,0.82061464,0.54434544,0.0028360207,0.2505845,2.3727915,0.64847624,0.7271928,0.34206268,0.16828091,0.9947879,0.6320824,0.8000611,1.1872838,0.022975279,0.031586796,0.48262778,4.6229196,0.6940268,0.10613996,0.0,0.90180004,2.9185317,0.01863892,0.9427202,0.050521933,0.11820422,1.7647132,0.012672971,0.015315215,0.024840182,0.029310705,0.13577664,0.14412615,0.5655604,0.5725312,0.11085119,4.5834866,1.5562613,0.10682503,0.5213134,0.8814272,0.0,1.5150077,0.18703437,1.3526847,0.6930808,0.0026417885,all_pothole_images\pothole_images_new_image_1154.jpg
1.2503486,0.87590873,0.1661726,0.6980386,0.81767374,0.95286953,0.606182,0.3403556,0.0,0.26829,0.67528534,0.65112156,0.5088451,0.7472598,0.053615205,0.01374102,0.59684104,0.33726415,0.02787878,0.14760843,1.0030634,1.5648489,2.345354,1.0540076,0.39848664,0.8902395,0.24249142,1.2770064,0.38594845,0.30447417,0.5149986,0.0,0.81908506,0.8700186,0.44215766,0.23850301,0.22843653,0.52857584,0.07646943,0.08735943,0.0,0.34020334,0.43851206,0.9416919,0.119585544,0.015503868,0.28360927,0.6318334,0.023740498,0.24423066,0.6150965,0.75200665,0.6488142,0.040849704,0.6434612,0.07125231,3.0677645,0.42706904,0.42142543,0.2994445,0.09755183,1.0896319,1.6615764,0.8736122,1.3947667,0.760669,0.3283019,0.042099666,0.040503137,0.65083754,0.62630415,0.05237391,0.5310083,0.55400383,0.6626182,0.25680393,0.022031682,1.0462626,0.024480075,0.106905125,0.24050137,0.0144915385,0.043689657,1.2597522,0.5910594,0.46403953,0.15137066,0.51481843,1.0714291,0.34754547,0.68342036,0.46365002,0.5146296,0.06063115,0.2541125,0.10930285,0.91159725,1.1792343,0.70823437,0.0414516,0.0033482416,4.413175,0.310818,0.46826515,1.3210932,0.23424947,0.017184313,0.6127218,0.47110057,0.39870802,0.10364723,0.13066596,1.4529727,1.3432785,0.53265357,0.7751751,0.15662302,0.035900615,0.8920634,1.0696508,1.1488628,0.86524636,0.9728611,0.2688221,0.73144543,0.34472108,0.031426266,0.87652355,2.369887,0.4692878,0.30568224,0.09354286,0.2058238,0.47135025,0.012404537,0.11899373,0.0032850977,0.53123635,0.6908573,0.6177005,2.9074547,1.1729656,0.67480415,2.7364028,0.13589533,2.0148008,0.0,0.49878737,0.014307254,0.0,1.0212104,1.0096529,0.3570332,0.054910503,1.5525068,0.52203023,1.0683186,0.52039427,1.6861778,0.58759207,2.7198226,0.5209773,0.15540932,2.0307264,0.478071,0.0023477525,0.4403477,0.90295494,1.3968238,0.20813479,0.1258343,0.099210836,0.06484166,0.050254606,0.67065835,0.4783544,0.9145358,0.106323466,0.16705482,0.18407716,0.66469944,0.2932202,1.5649792,0.6379103,1.7906672,0.04157357,0.013481436,0.010636826,1.1797284,0.34170392,0.3041055,0.17649743,0.61011654,2.8256443,0.0318375,0.54240984,0.288195,0.9326622,0.11194569,0.88022256,0.23912176,0.7039898,0.6088232,0.5633442,0.026384395,1.7269243,0.9732876,0.49026302,0.8877744,1.5482885,0.02314466,0.2451675,0.07243677,0.8270931,0.43483245,0.06334028,1.8880526,0.087927,0.30677885,0.07446449,0.28802305,0.11950396,1.3304666,0.001013273,0.10127895,0.0085958075,3.722314,0.03443111,0.22095987,0.15846232,0.33655256,0.011015673,0.07540424,1.1146679,0.3123975,0.0,1.3281955,0.31417528,0.003655627,0.52737117,0.07714263,0.11713012,0.6396726,0.14658615,0.13624938,0.0,0.7105344,0.8290502,0.53241795,2.906991,3.2386642,0.03138367,0.07987543,0.046141516,0.30140767,0.53280485,0.6075498,0.34853864,0.0,2.696685,0.759791,0.21958081,0.5927223,0.2393967,0.5496954,0.3062443,0.3592246,1.066347,0.6846039,0.11893535,0.15146986,0.23895693,0.19299364,0.16746871,0.0263593,0.034201603,0.68129146,1.2041553,1.4311724,0.118241124,0.35553664,0.13603216,0.29431462,1.0330315,0.29729727,0.105961934,0.15900183,0.0,0.7241577,0.017732782,0.7751888,0.017698443,0.53071266,1.2206154,0.021518735,0.5264484,0.95186394,0.3097826,0.28355575,0.8421931,1.2188472,0.29792956,0.008221288,0.11171609,2.610324,0.17063303,0.0,0.18656442,0.04028351,0.0,0.76613843,2.1665456,1.066746,0.5851703,0.4062128,0.1378479,0.22282794,1.8596202,1.6764512,0.5354915,0.8431099,0.0064181094,0.42032334,1.10085,1.1314257,0.11778908,0.6467945,0.30096817,2.0277863,0.012107496,1.4192777,0.75066173,0.141361,0.16088614,0.00023028442,0.06393438,0.4445743,0.06393166,0.8988005,0.07439799,0.37010422,0.29202986,0.41129577,0.06803669,0.769982,0.27941245,0.122000314,0.103936076,0.14829479,0.118306585,0.26088935,1.2846653,0.53766984,0.23280273,0.40517846,0.15291665,1.1417817,0.9133154,0.0072574755,0.67433035,0.40643442,0.24228339,0.026182447,0.50956035,0.0,0.10347736,1.4658554,0.19084798,1.2288271,0.02507919,1.1201279,0.20970531,0.6580868,0.11380131,1.042227,0.6697955,0.49813658,0.31685746,0.6320681,0.9421914,0.15032808,0.0,0.112513125,1.1089869,3.2892935,1.8430325,1.9616997,0.094465576,0.0006903594,0.08671383,0.013311483,0.5731903,0.29819778,0.3961143,0.23292196,0.24841914,0.74818295,0.76200134,0.25599524,1.6956547,0.5262127,0.9091549,0.7694797,0.94246215,0.59731215,0.1328748,0.94444287,0.09197426,0.4443587,0.7704801,0.08949154,0.3100525,0.13270316,0.20436798,0.361135,0.3124253,0.75304335,1.8360649,0.64481306,0.010866236,0.44929105,0.39027265,0.49069417,2.1966715,2.058381,0.30593514,2.8327184,1.0841928,1.9840904,0.36378744,0.78191924,0.42883447,0.023898363,0.060705613,0.06437688,1.892095,0.45897436,2.1246336,0.30398846,0.93075055,0.7589132,0.04552523,0.18714632,0.3411985,0.3928021,0.021749487,0.47139713,1.4088337,1.4499074,0.68981457,1.5000498,0.19626924,0.15851568,0.3551586,0.055555016,0.3740784,0.37080538,0.105307944,0.91563576,0.36438078,1.3835542,1.5841835,1.2149075,0.5257236,0.6628508,0.044175927,0.0,0.012091025,0.3467802,1.637427,1.4815065,0.042351138,0.59760547,0.45046762,0.38402927,0.13269305,0.08704849,1.5528224,0.84195316,0.18541358,0.6080597,1.9325066,0.7480747,1.1433815,0.109816596,0.11102539,0.81982386,0.122485586,2.032944,0.009404884,0.0614392,0.13553476,0.0,0.32029396,0.42426747,0.07964624,0.742082,0.0021627753,0.27273148,0.19993217,0.34133333,4.3821163,0.23901974,0.44476482,0.07943584,0.6245375,0.06085473,0.0792537,0.0,0.9634898,1.2179468,0.4324325,all_pothole_images\pothole_images_new_image_1155.jpg
0.47011063,0.6131438,1.1504385,0.15994075,0.017415287,0.41764393,0.14664827,0.18646215,1.7286104,1.2874936,0.49823523,0.40204012,0.5578544,0.2844483,0.5996903,0.08647462,0.2857789,0.38125637,0.7603761,0.63383865,1.1786149,1.7447882,0.31476456,0.037691854,0.95408714,0.35652468,0.5924351,0.6289772,0.060514204,0.31230813,0.798685,0.1432999,0.14261109,0.70476913,0.003208432,0.9116023,0.011625826,0.84039676,1.375264,1.143107,1.6236738,0.7466558,0.89571965,0.0,0.30460495,0.13745974,0.14925282,0.26036656,2.556747,0.110065594,0.1331943,0.11837706,1.7505198,0.13645172,0.88266855,0.7282804,1.1644032,0.3633892,0.8241475,1.4462018,0.1426999,0.12994121,0.717432,0.07978439,0.569019,2.7398906,0.04253512,0.30094457,0.32732567,0.4076247,0.27062795,0.11567559,0.9263533,0.17117916,0.29179287,0.61526686,0.22551337,0.965176,0.9170436,0.49753577,0.49691176,0.7337991,2.8012626,1.8711158,0.044051852,0.7723769,0.8328413,0.22337218,1.2418015,0.86723775,0.7319839,0.2500971,0.52738684,0.181846,0.35718566,0.116553865,2.2579803,0.7234725,1.0972179,1.4807823,0.030139554,5.1531296,0.59398484,0.9294464,1.2751099,1.2736796,1.3015997,1.3078351,0.8329966,0.94938487,0.85027844,2.0710397,0.19911823,0.7895995,0.17525867,0.6565962,2.5495737,0.4028064,1.1569817,1.9872012,0.96744144,0.0,0.48601803,0.20052734,1.2120664,0.24507102,0.07412543,0.17268525,0.68526185,0.35581517,0.0,0.10855053,0.16161428,0.5174507,0.5323931,0.4076276,0.0889714,0.8326092,0.34000352,1.3354676,0.027442632,0.6402854,1.330838,0.2752344,0.0022544935,0.78562725,1.3913403,4.2202644,0.1283572,0.012347707,0.03638539,0.45249408,0.04949556,2.0257652,2.7200532,1.2411851,0.1335939,0.2764989,0.07533127,0.91005707,1.6492792,1.5439792,0.062023744,0.5327263,0.10381079,0.24684376,0.9415546,1.318954,0.06539403,1.2895086,0.13746613,0.015903201,0.6722333,0.10861598,0.3888343,0.87842876,0.13438694,0.09501337,0.046720855,1.4030517,2.066751,1.6503451,0.4766439,0.5927231,0.9678045,1.4052752,0.58819014,2.5181274,0.7504268,0.38059798,0.018344637,1.5640885,0.13298269,2.3857665,0.6837118,0.28547624,0.44244888,1.6476045,0.8409831,0.6103382,0.001282755,1.4762679,0.6300672,0.49316347,0.28116995,0.37321562,0.066102676,0.6080733,0.17673199,0.2704148,0.5390762,0.41560963,0.69184566,0.199321,1.2933296,0.33085364,0.65789264,0.72152823,1.496813,1.3988999,0.47224087,0.37453118,0.3746641,0.8307556,0.4290193,0.030699981,5.933717,0.022998374,0.44743532,0.06154442,0.39785898,0.2590797,0.12465465,0.8854937,0.48714498,0.30545,1.3114208,0.10369786,0.2894106,0.07228756,0.5245214,0.9285201,0.28212163,0.88413876,0.36918506,0.21593533,0.5019176,2.0429146,0.12777813,0.9765686,4.5378623,0.14478423,0.48910373,1.6488878,0.211876,0.014335267,0.78608423,0.23647535,1.2637386,0.61777383,0.8672298,0.054097183,1.2637372,0.25877905,0.9329754,2.2928953,0.04007407,0.40556246,1.1184595,0.0014238744,0.057453144,0.027349154,0.052512538,0.6118614,0.18274663,0.86977196,1.0397186,0.7182717,0.34385306,1.8560187,0.0,1.4761602,0.057927452,0.50949997,0.36342335,1.3770175,1.1444803,0.27590626,0.19529593,0.15637922,0.9747134,0.1201335,0.2817417,0.6401693,0.10983087,0.8702049,0.24381875,0.21111618,0.49107343,0.23108934,0.0042177252,0.5248607,0.0014152976,0.3441138,0.54191625,0.62877053,0.19124712,0.6176438,1.3127013,0.8975383,2.1061924,2.8781757,0.3965869,3.5326798,0.41634065,0.44435984,1.3467242,0.1851841,0.28572437,1.0404149,0.82897604,0.010299969,0.45728827,0.8675688,1.9067497,0.36111104,0.8629365,0.0,0.108135335,0.70618266,0.583947,1.2280687,0.01495193,0.14007595,0.4590123,0.3399571,0.4189925,1.7353698,0.04649747,0.3452685,0.7829928,0.38220572,1.3418227,0.22637358,0.72653353,0.23608932,0.11969046,0.66153795,1.6967003,0.41952544,0.9330903,0.73192024,1.7373638,2.1649537,0.1815192,2.7596114,0.057273064,0.20701441,2.0352197,0.6020755,0.005646787,0.024844082,0.56123936,0.11840992,0.26527214,1.8063177,0.7184039,0.2363571,0.27248892,0.38614938,3.9812028,0.12253032,2.733614,0.8637826,0.87089056,0.026222877,0.0044287066,0.072963715,0.49355027,0.71809936,0.47158936,0.16921744,0.9198293,0.71498775,2.19854,0.8421668,0.45277384,0.17316742,0.08369732,1.4128135,0.25262824,2.0228639,0.8454829,0.4335991,0.008096383,0.31702286,1.5257849,0.10666564,0.398274,0.10043767,4.354179,0.74141645,0.41191968,0.9338385,0.5783678,0.48176804,0.82861125,0.1546197,0.082898155,0.0023388297,0.43064907,0.67438644,0.06509828,0.3875157,0.18861872,1.2781469,0.73924387,0.8982942,1.1036528,0.065948136,0.52842313,0.14438781,0.93118924,2.3001356,1.391642,0.0,1.4928495,0.008478038,1.393852,1.1277549,0.34324652,0.40882117,0.24121548,0.015419214,0.85318005,6.2559834,0.63638026,0.26034063,0.7187408,0.21268405,0.2783823,1.8235211,0.03650593,0.08987222,0.97307914,0.16983394,1.3568527,0.8302588,0.42335734,2.1260562,0.14162031,1.3038853,0.02460166,0.13823655,1.3311641,2.6551344,0.38905883,0.99304646,0.4273796,1.7636628,0.34366962,0.6837899,0.038251575,0.099007465,0.18172616,1.9519928,0.034995582,0.41290307,0.30655664,0.84902495,0.74484104,0.22504394,1.1234716,0.30508137,0.74365234,0.6837167,0.22541223,0.67515004,0.51452476,0.12376494,1.9841906,4.118234,1.4598764,0.020623758,0.95934784,0.27001244,0.6166535,0.79136527,0.7922174,0.9560408,0.8656696,4.335508,0.038972426,0.5396619,1.0468746,0.35537255,0.84947455,0.67627597,0.32155842,0.4595602,0.049439397,1.3721316,0.57061386,2.1025314,1.2482032,1.61442,1.679377,0.62307185,1.8733505,0.3647805,2.671696,0.77114016,all_pothole_images\pothole_images_new_image_1156.jpg
0.107568964,0.3180041,0.1737401,0.8021932,0.09846219,0.290901,0.33485872,0.21995246,0.30917123,0.562843,1.0176167,0.20029107,0.16520603,0.5065098,0.5517052,0.11458022,0.1014411,0.3412494,0.42559126,0.06609929,0.057171497,1.3814296,0.55475646,1.0967526,0.036178242,0.2591931,0.00817121,0.2665472,0.71352696,0.053249206,0.3142775,0.9571918,1.529089,0.52879995,0.058470972,0.6686814,1.4201369,0.008262324,0.09281299,0.35405958,0.2751683,0.8030048,0.11103856,2.3196578,0.68588066,0.022880005,0.014473404,0.04950439,0.19101909,0.09221539,1.257556,0.0,0.12679078,0.090335,0.012503554,0.19823146,0.2957115,0.0009292897,1.3995428,0.5410557,0.33430776,0.14901222,0.09818497,0.48145857,0.8975317,0.51344347,1.615327,0.13910821,0.6659127,0.011689965,0.17702939,0.042131573,0.0030844396,0.2066386,0.03156958,1.5133729,0.40307286,0.15703917,0.14045648,0.19434379,0.08437903,0.3380562,1.116793,2.429639,0.37292078,1.4752163,0.05928334,0.01053161,1.7358149,0.51167196,0.09721372,0.37038463,0.015841598,0.35481432,0.123399764,0.45316154,0.46307296,0.45567706,0.17228706,0.002581519,0.10903289,0.33689585,0.08807477,0.32816732,0.38364747,0.13306771,0.14176244,0.2883739,0.46143144,1.1885556,0.013351,2.281215,1.0096315,0.18230598,0.09358819,0.62044257,1.8929179,0.31764507,1.7837692,0.101325616,0.81799114,0.2343499,0.25898436,0.35946947,0.043037206,1.7536193,0.023060476,0.272833,0.5399265,0.054674394,0.35697925,0.40996933,0.1731118,0.10932614,0.5877818,0.15187281,0.25607288,0.6761223,0.008674422,0.6799962,0.27478445,0.15543132,0.5352521,0.38517246,0.12242533,0.5705185,0.032035206,0.75656635,0.051264863,0.4866997,0.67698824,0.26608285,0.2304832,0.09439085,0.6856075,1.4902807,0.8932862,0.713336,0.15283594,0.16514334,0.46032923,0.4454471,0.009287099,0.111559145,0.3772642,0.6572716,0.4942574,0.060231075,0.910095,0.60410166,0.059819385,0.320933,0.04240833,0.39679796,0.92980677,0.104294136,1.1451594,0.0,0.1427507,0.21110219,0.030475792,1.2392644,1.9428726,2.157082,1.1124003,1.1751317,0.22147219,0.38666078,0.35422477,0.40586832,0.0,0.007238406,0.9498943,0.72693866,0.91272825,0.20381935,0.6818842,1.2481732,1.0952181,0.076933585,0.7130915,0.5561941,0.77578866,0.23247455,2.0748353,0.025643997,0.28916553,0.02448736,2.656065,0.5034678,0.46873882,1.252093,0.6915708,1.936131,0.6718247,0.007864941,1.0975235,0.16441275,0.6326281,0.21051423,1.2529693,0.62097067,0.19987375,1.2173649,0.4070343,0.120719016,1.0465721,0.46289206,2.9780347,0.07312172,0.21877486,0.5678846,0.38313615,0.3508209,0.01113391,0.4775407,0.42719314,0.68235815,0.1110058,0.0,0.6321041,0.352902,0.7085725,0.26933157,0.15747464,0.043040566,1.0574448,0.17092566,0.58734345,4.1861625,0.07585847,0.47330248,0.5180542,0.2101948,0.414952,0.41320243,1.0466067,0.16295509,0.6191813,2.697242,0.09241967,0.4321092,0.24013539,0.4464705,0.2770982,0.11704118,0.06540812,0.0033353944,0.3948703,0.49872908,2.0688856,0.1414012,0.30035412,0.35251135,0.29226106,1.0873953,0.41324633,0.9342421,0.64511573,0.18844154,0.19143768,0.16230097,0.057400677,0.0,0.45173937,0.20507252,0.70635736,0.34262052,0.82716227,0.19477881,0.18241909,0.82014954,0.09049667,1.1160665,0.7763279,0.059768986,0.46095598,2.3531864,0.15833536,1.3333538,0.10347473,0.37822396,0.061292574,1.2022034,4.4875546,0.56561863,0.3041339,0.37687644,0.44192758,0.04520863,0.45800203,0.19382547,6.3854294,0.36497816,0.05730952,1.0878567,0.047361758,0.07821239,0.844296,0.07391041,1.7751647,0.57614464,0.0863558,0.050910052,0.10295147,0.15894587,0.6244596,0.7936286,0.22595347,0.84470797,4.224134,0.4578116,0.01927211,0.49926367,0.0,0.4496308,1.2277296,0.07351704,0.1985096,0.075165875,0.8373221,1.7116369,1.8822815,0.08043358,0.24861434,0.48234603,0.62854993,0.0035511698,0.34999558,0.1948542,0.0,1.0083425,0.12553093,0.35601825,0.4918606,0.16699281,1.1012884,0.57181245,0.88714886,0.28779185,0.009095685,0.072835185,0.506381,0.4786171,0.16877748,1.1189383,1.1312182,0.08891755,0.8815728,0.37266392,0.9248564,0.20671451,0.7029518,0.10129812,0.9611813,0.17277463,2.206169,1.00064,0.4248281,0.12884073,0.63777477,0.0,1.187301,1.3629297,0.8060077,0.77553844,0.4361309,1.1278403,0.84021837,0.7950972,0.65143937,1.743205,0.0,0.17752947,0.3110606,0.58061826,1.4308144,0.78120124,1.3065166,0.13570042,3.591631,0.025497677,0.5118753,0.31336543,1.7326943,0.06339609,0.5584134,0.025399417,0.05762211,0.7875848,0.5330766,0.16236314,1.5152782,0.74592626,0.002789708,0.028360138,0.32910532,0.5695356,0.3245709,0.61209697,0.25756252,0.33206928,1.3698145,0.4102874,0.4918104,0.39252552,0.74066913,0.9310813,0.78932583,0.72593445,0.6238354,0.3434113,0.90956044,0.57864654,0.22363117,4.4070277,0.7980837,0.6544248,0.04458382,0.35889894,0.83259314,0.22463726,0.0,0.0027952786,0.9529747,0.030565806,1.6442516,0.80589575,0.094303675,0.3449927,1.2385627,0.81920624,0.9796139,0.3970478,0.8782719,0.628266,1.8060467,0.6364485,0.38062337,0.74751914,0.1338761,0.008405393,1.2018507,0.09306591,0.86856323,0.15119739,0.62573826,0.36332506,0.39277756,0.9046301,0.9520509,0.9530329,0.5069841,0.21582432,0.21449013,0.018810162,0.24758752,0.27015233,0.23683657,0.7053808,0.25366953,1.4761922,0.90701586,0.39372075,0.10887815,1.0095626,1.8129364,0.18341127,0.6506106,0.03892687,3.0531738,2.1158497,0.01940757,0.04888713,0.0008308365,0.33417815,0.046700668,0.3001732,0.4902685,0.043217756,0.36272538,5.1388865,0.31120476,1.1259487,0.3985629,1.2192799,0.13383311,1.1152431,0.75054324,0.9970917,0.44467622,1.1038514,all_pothole_images\pothole_images_new_image_1157.jpg
0.2559294,2.1639938,1.0153394,0.50654703,0.055934116,0.33703396,0.033626426,0.02028189,0.49287087,0.5533938,0.18331175,0.14995539,0.0044564526,0.35737857,0.0,0.54867184,0.09608388,0.31118724,0.41472262,0.37470353,0.2573881,1.9916347,0.5934999,1.1716073,0.17634124,0.30125806,0.044031844,0.84497756,0.15394284,0.2712862,0.62180007,0.06558699,0.39090747,0.37684765,0.15610847,0.0020298546,0.6780872,0.45617867,0.20973155,0.27494434,0.4659859,0.23935442,0.44253862,1.3356884,1.0262309,0.14254618,0.13107899,0.01394369,0.36988887,0.11041142,0.16034791,0.061751734,0.6100263,0.45434332,0.029865079,0.22965117,0.34834754,0.088862516,0.09870581,0.23050493,0.31233636,0.43483493,1.5802815,0.42420214,0.14063449,0.81411386,1.2077489,0.10884791,0.1363855,0.8128878,0.30022594,0.10983287,0.113784514,0.1531657,0.085646614,0.9028549,0.14328668,0.053361867,0.023274513,0.50853646,0.071886286,0.29452795,0.34608045,1.8713137,0.21764576,0.5575997,0.0031110665,0.11737596,2.5534983,0.45434305,0.057170194,0.013558582,0.0012914027,0.077039234,0.0118431365,0.28875023,0.4175337,0.9005166,0.10392107,0.27845794,0.4032939,1.1874613,0.22286797,0.041283548,0.32873145,0.3167029,0.13137993,0.027130743,0.4225519,0.5051865,0.31373227,0.74794555,0.005281113,0.13671613,0.14095515,0.7026668,1.3405346,0.8156111,2.473417,0.80591834,0.96745336,0.44679737,0.43715551,0.8512127,0.16964965,1.5917431,0.10681642,0.10842831,0.08995644,0.61890256,0.42473733,0.24959996,0.24120462,0.22929713,0.24171054,0.4343229,0.3599194,0.00772188,0.99389994,0.09833796,0.0042933673,1.4951208,0.6083101,0.6007604,0.33150372,0.44525784,0.3026661,0.28763205,0.41844472,1.544339,0.18813813,0.20150454,0.35139835,0.15649648,0.6715317,0.084252894,0.04262134,0.048542023,0.032947693,0.30194542,0.36581957,0.7848825,0.43877184,1.9252875,0.19942482,0.14598142,1.9551923,0.16092902,0.57435226,0.6535889,0.050987586,0.26395184,0.13349576,0.26087487,0.9759488,0.4553716,0.8725994,0.06116613,0.06927439,0.16020595,0.005196293,0.7171586,0.991356,1.0509199,0.7819875,0.24756585,0.16083573,0.3546442,0.15704983,0.34169826,0.021800151,0.43331456,0.10899668,2.2556925,0.524839,0.10345809,0.2194229,0.5103361,0.015762959,0.443806,0.11150457,0.20238224,0.09552845,0.12074811,1.540847,0.015307137,0.4960982,0.015237554,1.395982,0.0081329765,0.20883408,0.6813482,0.53741777,0.8629359,0.13042417,0.21140617,0.29515254,0.12760629,1.123579,0.2501412,0.27874562,0.949082,0.20020275,0.6593139,0.60948265,0.32373923,0.7628124,0.26871452,0.9635938,0.19563863,0.01826089,0.3508422,0.42023996,0.0,0.39373,0.15881872,1.284266,0.097979575,0.09179997,0.0,0.27117458,0.30661985,0.62442946,0.46425176,0.18057214,0.008649754,0.7120967,0.060033597,0.094337985,1.6253788,0.9047873,0.13570014,0.03686103,0.1308876,0.31621557,0.18714921,0.58193785,0.20061094,0.92837584,0.95208925,0.09399074,0.3175015,0.6664238,0.09438289,0.3803091,0.14927797,0.15020514,0.3431729,0.58419126,0.5838004,0.3059691,0.008434838,0.26613423,0.062883094,0.34438965,0.81523645,0.2586636,0.9468688,0.33354712,0.16791627,0.03708325,0.35971677,0.18750389,0.68183315,0.59703475,0.38458025,0.003216864,0.47600013,0.7663525,0.03025897,0.28667036,0.44339606,0.15883273,0.876884,0.3641623,0.028019851,0.15517665,1.369505,0.8563398,0.38078612,0.28367093,0.41550705,0.038894437,1.0006963,4.3327584,0.011951234,0.4268289,0.61014885,0.34536597,0.30455142,0.054040533,1.1224632,6.355856,0.77336323,0.0013250213,0.13808666,0.0030428965,0.99474466,0.6789178,0.25085106,0.72842157,0.0450234,0.13936643,0.106518656,0.2589591,0.41495746,0.92964655,0.079352595,0.16065238,0.6411057,4.069685,0.05504413,0.0,0.112349465,0.09673033,0.19625987,0.3699007,0.22678885,0.3442,0.0016607683,0.11991692,0.57521755,1.0144063,0.0024117387,0.48446923,0.010786448,0.26018655,0.038888756,0.29521745,0.7429456,0.045387506,0.8287107,0.5149008,0.10595312,0.22617488,0.48146597,0.36368868,0.89395434,0.3843991,0.23880574,0.022803642,0.16037062,0.6405785,0.0859646,0.2363615,0.44809607,0.19492501,0.64845914,0.13241304,0.24848439,0.94303656,0.35693783,0.7004227,0.11002703,0.032133043,0.6431549,0.3220644,0.22415826,0.03704811,1.0432758,0.0955211,0.5323602,0.65508115,0.70186615,2.3079727,0.5099966,1.1762261,0.021907352,0.19906223,1.3708315,0.79658836,0.9090047,0.115150705,0.15488943,0.086691,0.23684824,0.5230223,0.30383074,0.026672987,0.13875303,3.0397654,0.29051942,0.1519804,0.4122359,0.26526648,0.03677165,0.4408337,0.30122387,0.140706,0.35443535,0.17162228,0.19062802,0.6123644,0.24344666,0.05955534,0.37085688,0.5703454,0.57131773,0.013613313,0.19436793,0.2813352,0.6901721,0.78645176,1.5218785,0.5070666,0.5814603,0.4081588,0.9344985,0.1001053,0.49971545,1.004943,0.16514964,0.19907106,0.09789198,0.5717586,2.5936885,0.4032149,0.061649665,0.019287998,0.55662805,0.3316712,0.12501487,0.11321784,0.22241865,0.28514516,0.009164943,1.6926453,0.5929954,0.7296331,0.018318836,1.3095654,0.41429538,0.99675626,1.1077634,0.15316655,0.3020128,0.57098144,0.7186404,0.22713953,1.0843558,0.4574461,0.0032597552,0.8446153,0.2810862,0.23913157,0.14100322,0.3007565,0.031516537,0.48444092,0.8053397,1.2044967,0.42624697,0.42130786,0.073053606,0.2998015,0.5596666,0.079756215,0.15930106,0.4847557,0.55614173,0.42663372,1.8648725,0.63189185,0.0992508,0.2676722,0.46044216,0.8479935,0.72897726,0.36288413,0.2174545,1.1375147,2.0345316,0.14046185,0.15730219,0.0021300565,0.1511837,0.22579467,0.16990212,0.13422081,0.18826087,0.25709686,3.419409,0.2554814,0.9666639,0.098530084,0.90835786,0.14083476,0.7632571,0.46719122,0.11760454,0.13346525,0.3789352,all_pothole_images\pothole_images_new_image_1158.jpg
1.9721812,1.1798749,0.16950406,0.62686163,0.09039717,0.2617011,0.71082467,0.9072459,0.72139364,0.27690062,0.39380103,0.9488404,0.73180884,0.2384554,1.6011919,0.1159379,0.07094574,0.0,0.8409737,0.6348289,0.36767858,2.5065744,1.0223831,1.1499883,1.1267428,0.51504296,0.2157736,1.9371282,0.2593298,0.48538086,1.4947882,0.91434133,1.3114849,0.19106312,0.3576281,0.0,0.083780855,0.6292188,1.1611952,1.9021313,0.0007673316,1.0834701,1.213996,0.28125653,0.8196987,0.36139074,0.76983345,0.39458287,1.0748585,0.31556606,0.33214688,0.15961723,0.81155497,0.16707163,0.5872786,0.81925815,1.018736,0.6182449,0.029509867,0.22065197,0.45884466,0.32338518,1.2508358,0.6319699,1.0816174,1.8588365,0.17935552,0.7336161,1.4309291,0.2138539,0.008622635,0.4170807,0.25567734,0.066963956,0.010052112,0.6970858,0.4029073,0.43483353,0.9804259,0.57185477,0.093932696,0.4626224,0.14264758,1.5430331,0.2399074,0.9427583,0.20260808,0.23458731,2.83059,0.050435532,0.64955044,0.5059518,0.37225825,0.823408,0.23581721,0.07178844,2.6772337,0.21594247,0.884727,0.54484904,0.15127623,0.7019179,0.016555095,0.8743841,1.8598676,0.507941,0.7659137,1.0773488,0.14698209,0.6080646,1.6837791,3.0130863,1.3819509,0.40062985,0.47935468,0.6059382,3.2974634,0.3855247,0.40851796,0.27147755,2.6542695,0.18912712,1.0593419,0.7522263,0.7791621,0.27939543,0.359249,0.50793904,1.2901307,0.5658488,0.3686456,0.024001185,0.023480482,0.045452047,0.23413108,0.65896857,0.41547218,1.1132866,0.20498563,0.19410947,1.3633592,0.6414141,0.5099975,0.81404924,0.5233297,0.44408026,0.25345507,2.9295695,1.2541264,0.2674379,0.57518286,0.28167132,0.8413447,0.7345101,1.1471188,0.15230595,0.72679734,1.2317446,0.3967588,0.2006403,0.5497093,0.082116485,0.19502896,0.7316421,1.9007045,0.3502746,0.4270208,0.41257802,2.0642831,0.2045542,0.03747668,0.055921447,0.010663194,0.053345878,1.5303507,0.6820209,0.8782805,0.19989268,0.080256015,1.5613621,0.529715,1.8964585,1.7960852,0.28104597,3.946971,0.22158942,0.5978656,1.1077143,0.15497863,1.0275364,0.7005857,0.009480401,0.013214354,3.3576245,0.5107654,0.33119658,0.013259289,1.9989891,0.18518108,1.2805755,1.6457417,0.86373526,3.2173817,1.2219483,0.15113033,0.43307704,1.5102838,0.73739475,0.10535547,0.7957446,0.08109237,0.097311065,0.43780905,0.380177,0.06856579,1.2237513,0.32983187,1.0283437,0.53488994,0.11094797,0.7148517,0.6849828,0.93679327,0.89692205,0.42181224,0.4373912,4.1109443,1.1227865,0.28108698,0.6204949,1.5265342,1.0425241,0.5769676,1.3425684,2.0126426,0.44072244,2.4943933,0.07698273,1.7694812,0.457246,0.9210564,0.045396294,0.4227425,1.1001536,0.068033226,0.07038041,1.7148784,0.74976104,0.076510936,2.015872,1.769687,0.40375215,1.5330536,0.10026834,0.81101406,0.022717483,0.7362054,0.42373875,1.032065,1.3917258,0.097248174,0.29783064,0.12974632,0.94950587,0.29635397,1.8087646,0.13037193,0.35267857,2.3546357,0.97666526,0.07616545,0.9138484,0.29091763,0.53926426,1.335044,1.7169871,0.9985866,1.7905631,0.056568574,1.5993724,0.32219556,0.63900435,0.41803148,1.4781643,0.8530207,0.72230387,0.806353,0.98604816,2.1236868,0.6060921,0.6130986,0.054118227,2.0782948,1.7702761,0.24993692,0.69832873,0.09686285,0.12659116,0.75795704,0.096892975,0.18969746,0.879283,0.2432141,0.19321921,2.5935917,1.329653,0.0,1.1650407,0.08386111,0.5486904,0.15143152,1.721394,2.1571991,0.4722221,0.022008799,0.22592738,0.0013539302,0.6078273,1.4679059,0.042910304,0.8344866,0.014367155,0.0,0.26917118,0.9529873,0.32790783,1.3025032,0.3714103,0.09441558,0.52195346,5.4769983,0.41678125,0.15485427,0.54669994,0.8068757,0.21494147,2.1520085,0.4642289,1.0649534,0.16125904,1.125059,0.4512526,1.8486875,0.91110307,1.1436017,0.007102393,0.89243424,0.7340396,0.9329501,1.1061465,0.89309174,0.40519437,0.809001,0.37338504,0.16851324,0.32415974,0.9263754,1.4245969,0.65548116,0.19915216,0.21289122,0.20139112,0.66703796,0.41466355,0.0,0.16049261,2.4646041,0.87316597,0.31550923,0.0,2.9580853,0.17537686,0.15503018,0.112298846,2.3562117,0.0861305,0.22614074,2.528001,1.4180105,0.50394255,1.4594393,0.0655665,1.4029632,1.5218773,4.470049,0.9060376,0.70857984,0.44670424,0.086947426,1.875378,1.5692542,2.0671167,0.020353483,0.13881302,0.8100455,0.051795658,0.67899704,1.3233085,0.45113862,0.62363786,3.6521993,0.76423514,1.6632186,1.1964774,0.17150074,0.7374887,0.7830409,0.19325061,0.7039267,0.4284511,0.54076767,0.14804143,0.96121836,1.0657392,0.83431727,0.6736883,1.0111395,0.104504,1.8391577,0.19670373,1.1452775,0.1187351,1.575047,1.4212577,0.8585525,0.15621111,0.18173411,1.3896215,0.6256244,0.15573263,0.10983424,2.2768214,0.40744555,0.931923,0.05338478,4.035082,1.0080739,1.0110745,0.9747603,1.4613825,0.65710783,0.04024942,0.3196643,0.72553647,1.0960158,0.31392184,0.60469854,0.47650605,0.16172788,0.50193906,0.62896776,0.5299984,0.03935863,0.6980382,1.3808005,0.89097625,1.5437533,0.52860546,0.6313072,1.9352938,1.1633252,2.405953,1.4135058,0.2616863,1.4331719,1.4474158,0.27508417,0.17619355,0.80950165,1.5260903,0.65738297,0.283225,0.6165729,0.12001016,0.7974498,0.40140498,0.72196585,0.7777205,0.7995075,0.2614109,0.4856361,6.540909,1.2506708,0.60750896,0.1438892,1.6966636,1.2979717,0.2312687,0.14433081,0.22782901,0.047538567,1.0860325,0.27136207,0.101600744,1.8766236,0.62141186,0.38952038,0.36613375,0.50883055,0.9670049,0.8434124,3.3691237,1.2668071,0.16217552,0.20331742,2.2533634,1.567947,0.45495415,0.91477776,2.3256698,0.98076713,0.0998478,all_pothole_images\pothole_images_new_image_1159.jpg
0.28087077,1.6947083,0.5551641,1.4031714,0.75023097,0.34979457,0.51825917,1.1322911,0.24984443,0.5561564,0.1698571,0.30318746,0.6004222,0.05180919,0.17136937,0.028693628,0.07157584,0.38666806,0.44440803,0.03948172,0.0,2.527403,0.40933055,1.325607,0.9404556,1.1288006,0.035143804,0.76863205,0.31805915,0.53409725,0.6403209,0.004440586,1.4120959,1.7214335,0.28800258,1.3978189,0.25765505,0.3962927,0.16976148,0.5069254,0.26063338,0.115403436,0.07042042,0.6979727,1.8038933,0.027394323,0.08691899,0.031050399,1.4134415,0.68314624,1.3386168,0.19618428,1.1260967,0.20942652,0.14087841,1.0684171,1.0169774,0.046551276,0.8594931,0.016444819,0.0,0.09525476,0.7466559,0.9774935,0.5458338,2.684337,0.3849315,0.67521983,0.85801446,0.06606763,0.17199074,0.26996145,0.058783013,0.0,0.09576101,0.47141585,0.0,0.7658102,0.076186426,0.4991757,0.022334415,0.35080022,0.93446016,0.36930153,0.5995407,1.4734291,0.12996924,0.11523446,2.2632642,1.193768,0.17675592,0.27257097,0.550601,1.5552768,0.4281508,0.09760984,0.7284625,0.12636955,0.23559952,0.29130808,0.121948525,0.86307275,1.0338523,1.14016,0.8946201,0.1439257,0.028802827,0.51668584,0.3634072,0.09450483,0.11371082,2.1939976,0.87798667,0.40140897,0.3187526,0.5500731,3.3734477,0.8215514,0.40538308,0.8233406,2.7136455,1.0492852,0.0812062,0.58701116,0.21884832,0.75245386,0.18670534,0.22723459,1.3893414,0.05299335,0.66810364,0.04375235,0.22675651,0.08388949,0.10770665,0.8165924,0.16374226,0.36644772,0.80756694,0.1055597,0.07646648,0.92112696,0.8708964,1.9046851,0.04518247,0.4512389,0.14735602,0.65508723,1.8184977,0.17329912,0.675141,0.3400859,1.4559461,0.021380609,2.5123284,0.80367047,1.8551327,0.6574025,1.0100669,0.1045156,0.93499947,0.61045736,0.083059885,2.7901294,0.35280553,0.0114478,0.9279111,0.16548361,1.1537601,0.5963326,0.1265403,0.10948439,0.3538759,0.0,2.5452456,0.26932028,1.1382282,0.0,0.11483895,0.46025085,0.6003299,2.3604403,4.0479684,1.838589,3.0310245,1.2543387,0.32576472,0.5788517,0.80851555,0.58392626,0.9715358,1.313411,0.069489285,2.7641597,0.621923,0.01184183,0.6387542,1.1738737,0.26751977,1.0569912,1.0406142,1.2988293,0.90589094,1.0236068,1.778233,0.89443004,0.6777403,0.48817918,2.4859974,0.22260775,0.0,0.8932831,0.45658952,0.29996657,0.48707113,0.9406477,0.31083775,0.16489814,1.0541992,0.7751234,0.5465013,1.9054766,0.6710104,1.166512,0.0148019325,0.15793863,1.5174987,0.06622019,0.32492733,0.11528724,0.14777097,0.04638181,0.6853054,0.0,0.74581456,0.07968687,3.404895,0.094844624,0.15293866,0.05659549,1.1846907,0.8855749,0.421136,0.16509686,0.35082957,0.028185274,0.71530646,0.2157126,0.6660251,3.3163252,1.2362802,0.03109471,1.0715034,0.16406222,0.16866903,0.005741036,1.1740667,0.10250782,0.35985005,1.399316,0.05916927,0.17539196,0.2105563,1.6342913,0.7123841,0.8397637,1.182128,0.4785613,1.1037644,0.32109374,0.156874,0.19010006,0.56575185,0.24548753,0.8846597,0.98084605,1.0929292,0.72129166,0.3152264,1.2385987,0.22003698,0.20155859,0.3337403,0.23846431,1.4154388,0.3266631,0.04675412,0.555788,1.7343837,0.58116543,0.50095916,0.6054845,0.2469749,1.2608919,0.47539234,0.0,0.50396776,1.9104271,0.6627234,0.67357826,0.15217434,0.8902144,0.16464844,0.12076402,4.261283,0.39298224,0.012634445,0.6077938,0.43209723,0.050900124,0.049573112,1.305843,4.435342,2.4603047,0.33551958,0.3880037,0.2820971,0.28774884,1.7597513,0.071096845,1.6487153,0.17108779,0.14749952,0.33786952,0.8750284,0.23540884,0.7961933,0.2893481,0.55578357,0.32395008,5.5275965,0.14244035,0.25531194,0.034293823,0.1668742,0.6186582,0.41455644,0.53145957,0.49115634,0.44336247,1.0997224,1.542601,0.75576663,0.105647,0.4191962,1.5880228,0.6496091,0.16195329,0.21415685,1.0808954,0.56444114,1.646602,0.13866606,0.92539734,0.66122013,0.8469872,0.67681867,2.2571957,0.15227123,1.268722,0.15453957,0.009235411,0.56682914,0.2013545,0.070576735,1.1736711,1.8864603,0.13928863,0.2691646,1.150629,1.7474197,0.23022842,1.2355032,0.009888391,1.6152004,0.15660053,0.18830372,0.53108776,0.37773076,0.2574481,0.2966691,0.2809122,0.111761235,1.8060491,3.564973,0.79685134,0.8365177,2.4789376,0.0010800447,0.7114164,0.64814365,1.557625,0.574079,0.084407866,0.39520147,0.3356468,1.7651414,1.271052,0.5946111,0.1709499,4.6676846,0.004200038,0.21639672,0.3316839,0.32910922,0.082691096,0.98935664,0.6805825,0.026996003,0.43543726,0.40700263,1.0758536,0.9429419,0.30591023,0.01909027,0.026056435,0.58183545,1.2727693,0.8354755,0.12924884,0.39512137,0.1554901,2.5768976,4.7929964,1.4622494,0.4048963,1.2379724,0.88060915,0.32146934,0.9471653,0.8282323,1.4768193,0.5131644,1.7527171,0.3608693,3.7512717,1.4000735,0.88928527,0.2290157,1.5717922,0.06899537,0.06369399,0.44266602,0.7586439,0.61931276,0.1029126,0.72168654,0.26211166,0.18581304,1.1559826,1.7483134,0.2934042,0.7005563,0.83452535,0.79913586,0.25807878,0.50365293,0.31177503,0.27616614,0.94437546,0.65550786,0.3432106,1.3261901,0.04459497,1.0829492,0.42758605,1.4293166,0.0141538195,0.14776091,1.1222552,1.4821444,0.6979563,0.5628106,0.22665218,0.3745732,0.3214134,0.35768944,1.9535208,0.7278887,0.6944014,0.03677666,3.1097884,2.6639173,0.39551243,0.0,0.598772,1.5816616,0.30393943,1.5848018,0.22613914,0.9749721,0.5277422,0.35146514,0.38217068,0.43248215,0.022849957,0.03389158,0.5044004,0.3928653,1.3163712,0.27088815,4.4284554,0.8521709,0.25333086,0.56599426,1.6524324,0.0135459425,0.6694184,0.5783763,0.39643684,0.41419685,0.38015696,all_pothole_images\pothole_images_new_image_116.jpg
0.7410798,1.7899176,0.75938284,2.0692964,0.7944767,0.7202899,0.13042606,0.2694254,1.43899,0.75315386,0.25795102,0.30651727,0.0,1.4900538,0.25683123,0.8251183,0.041840475,0.0,0.81618434,0.000848077,0.56318134,0.87571514,1.0582402,0.56461245,0.8798138,0.12367004,0.81011975,0.6390362,0.07506707,0.014630034,1.2736523,0.16701259,0.059645254,0.9939916,0.20771068,0.35595936,0.31367767,1.459081,0.58624846,0.6165919,0.83364797,0.6358773,0.4142899,0.6357467,0.89460766,1.2476301,0.14996812,0.1515179,0.56869507,0.4043469,0.21644202,0.620615,0.48084712,1.3560857,1.1222476,1.025492,0.25332734,0.94214857,0.2361447,0.047119156,0.27332878,0.8223646,0.065498136,0.9533361,1.1550652,0.67113346,0.7954944,0.18375239,0.52384764,0.2132603,1.4690092,0.4984829,0.8044888,0.42019957,0.6492303,0.6865818,0.9036594,0.5564613,0.011813855,0.10931643,0.0005039393,0.8363318,0.91150945,0.89746636,1.741649,1.34135,0.0959625,0.04292385,2.0252194,0.82098216,0.027957162,0.20981479,0.08448325,0.8909724,1.2970902,0.4399512,0.9071276,0.41413543,0.027943017,0.6519451,0.18495487,0.046940267,0.69754153,1.9295212,0.9167748,0.41069552,0.4492159,0.39711207,0.038746927,0.0501967,0.4891832,2.0437315,0.049867317,0.6617449,0.16264887,0.02925799,0.7021007,0.3806665,2.3121145,1.4941478,1.4768847,0.58501023,0.055576198,1.5663337,0.037020504,1.1550614,0.47480026,0.8727575,0.8903771,0.9980387,0.19794731,0.0,0.3696954,0.05708142,0.55402905,0.7821968,1.1681014,0.8487451,0.32563642,0.3193854,0.053715438,0.24750592,0.7753638,0.61262286,0.0069960556,0.03773507,0.36963338,0.008048269,0.5715722,1.3453066,0.38527304,0.70441663,0.09844044,1.2464817,0.9508452,0.16022782,0.15981689,0.48668906,1.0830545,0.67371225,0.6973199,3.535184,0.120666206,0.14065574,0.04465513,1.0572158,2.636411,0.064436726,1.1654737,2.1713645,0.055892106,0.10463729,0.0,0.026826609,0.5901317,0.20405878,0.15741676,0.08758072,0.8023121,0.44074148,0.0012155069,1.1083964,0.49721012,1.9996203,2.7283592,2.086749,0.45007133,1.032466,1.6063019,0.59877574,0.12279346,0.46230292,0.83269286,1.073367,0.57969755,0.42294458,1.8398845,2.2039049,1.47743,0.72686386,0.8451153,1.0553519,0.04304811,0.9442208,1.5474005,0.23595475,0.3538539,0.06639325,3.9729574,0.98648185,0.20225096,0.38843358,1.1192689,0.97517556,0.5041618,1.1099643,0.92719936,0.22535808,1.1857693,0.15506893,0.28955692,0.7164823,0.62866277,0.8747326,0.3659973,1.3537214,0.5841616,0.1698752,2.1408372,0.46669695,0.112914994,0.4743667,0.31184846,0.22664155,0.002624589,0.6531331,1.053246,0.91563696,0.44700146,0.23908241,1.2382548,1.0889173,0.88356906,0.684353,0.5173135,0.13985425,0.083222,0.41964293,0.6093095,3.3598733,0.9632252,0.3052558,0.48466575,0.531945,0.2778053,0.17238864,0.48174202,0.5659412,1.5291982,0.9722667,1.1675009,0.5468225,0.75600827,0.5416057,0.12044711,1.1690737,0.37597874,0.9600821,1.7203684,0.14634208,0.18905546,0.12241262,0.20075953,0.15321086,0.43205166,1.207349,1.2676013,0.7442986,0.18883657,0.28843227,0.6287015,0.08540192,1.7694204,0.76968795,0.41746777,1.1429808,0.91240066,0.4804172,0.18333186,0.05163568,0.21912521,1.159023,0.17926517,1.5651486,0.7740998,0.2279322,0.7225446,1.8328141,0.54318523,2.6776023,0.89727736,1.1338652,0.03592641,0.59180677,2.1773858,0.32808486,0.78127503,0.2195354,0.3301708,0.019516991,0.21319698,0.23955342,5.5347624,2.7532206,0.1813597,0.5723865,0.11210108,0.36651713,1.8289667,0.14671133,2.0940804,0.17858258,0.9046947,0.42010716,0.33284333,0.2647782,0.80537426,0.24893083,0.36473733,0.2693599,4.1391377,0.25270352,0.0,0.0,1.2034217,0.58097714,1.1782324,0.59520036,1.3211226,0.03419357,0.03065803,0.39516443,2.9231133,1.3705634,0.7839897,0.8609782,0.03998275,0.43288827,1.6950568,0.6942492,0.06270046,1.4172002,0.9620939,0.15458558,0.11262946,1.0739695,0.11772802,1.2051677,1.1987319,0.53094846,0.27146864,0.17818755,0.6738974,0.61905164,0.7445094,1.1773382,0.9170174,0.4314464,0.79995555,0.18657582,0.77535886,1.4952542,0.85063744,0.94593173,0.4760106,0.44898266,0.54871047,0.38962027,1.160973,0.6321376,0.4911277,0.6274185,2.408817,1.1000036,0.5067504,2.029522,1.2745678,0.03763546,0.30111527,1.5429027,0.65623575,0.80258054,0.13306828,0.8351141,0.104606576,1.0718175,2.03184,1.0336624,0.6896513,0.11751023,1.3559408,0.08043945,0.57504296,0.20384108,0.81462824,0.1991457,0.31392923,0.7336121,0.04369436,0.028592963,0.21029589,0.8435618,1.2543658,0.36688066,0.06842765,0.27152786,1.1509557,0.093391456,0.008019302,1.2994757,0.46913427,0.63923085,1.5756048,2.454012,0.052638423,0.41639075,2.2349231,0.6505622,0.67682046,0.59130657,0.42966133,0.6747912,1.5646782,0.123739086,0.42473465,1.317277,1.5013092,0.65391713,0.25615498,0.43193212,0.969218,0.4609407,0.093733415,0.21490034,0.5720295,0.25509,1.9340452,0.39033028,1.6770047,1.6331036,3.127516,0.31226835,1.4089682,1.3489915,1.8597422,0.9746613,0.7998082,0.38514125,0.07210678,0.76443565,0.91617537,0.21102951,1.463236,0.45004693,0.5671342,0.30645686,0.75593054,0.81432045,0.7524881,0.25448507,0.9765793,1.2995139,1.4275254,0.10889578,1.0268499,0.26753294,0.48837745,1.1742408,0.14276917,0.076576434,1.8848671,1.5679003,1.1307963,0.58197045,0.27485698,0.6113406,0.8606675,0.39203694,2.943045,0.5534546,1.5447139,2.0006938,0.08141763,0.17533083,0.14870411,0.3983725,0.12701946,0.28967363,0.38149655,0.19410534,0.31109434,2.5840514,2.3913534,0.6525771,0.6169953,2.2596354,2.377983,0.5168027,1.2188333,0.5621179,1.0966142,0.4910344,all_pothole_images\pothole_images_new_image_1160.jpg
0.23059814,0.5085891,0.20133844,1.3259695,0.9460941,0.14519382,0.45921993,0.12078877,0.15992114,0.48498628,0.9216929,0.39122677,0.12469599,1.2891521,0.010155647,0.52146214,0.057882708,0.3833611,0.650153,0.027340977,0.44569373,1.7838417,0.8505921,1.453228,0.98310816,0.7372275,0.47531182,1.6617179,0.11936618,0.20914301,0.1987175,0.32907158,0.2780322,0.42140025,0.12387601,0.11673222,0.494725,0.4140825,0.34596327,0.073368095,0.2067519,0.31836838,0.77990776,0.9506735,0.595293,0.05961376,0.36785164,0.14516819,0.53645515,0.14943075,0.08679035,0.34668618,0.6452498,0.1247867,0.26831728,0.13073142,1.8469493,0.030575698,0.27907678,0.9036844,0.099269755,0.08334913,1.6788778,0.11677268,1.5920432,1.9431013,0.4062444,0.008896746,1.1244544,0.19610156,0.19008726,0.5644534,0.113517314,0.25001758,0.36293042,0.2029988,0.16379601,0.51278365,0.077213176,0.87055665,0.09296812,0.42823339,0.434733,2.23246,0.29011425,1.1703101,0.60033506,0.005871948,1.7565827,0.2704829,0.34510523,0.27822646,0.19247684,0.28935564,0.3942459,0.0,0.14313851,0.37513575,1.0519516,0.6830295,0.034437865,3.1517048,0.034330208,0.13416624,0.07403493,1.1918819,0.6879436,0.37638286,0.13060798,0.8053414,0.32919148,0.21549787,0.04679542,0.489089,0.28805226,1.2479799,0.4307652,0.14320974,0.54676396,0.4718959,1.1234189,0.44419906,0.33232453,0.7171612,0.36418256,1.2991725,0.102692045,0.26115122,0.5148362,0.5321,0.045123313,0.63672596,0.29076287,0.65595025,0.073561035,0.12355183,0.3315196,0.16796115,0.70296425,0.49089462,0.330031,0.43658474,0.15634122,0.87755084,0.27685487,0.48666692,0.106189325,0.23916918,0.3570488,0.80382985,0.10684783,0.41700357,0.13356377,0.41002098,2.007578,0.64129823,0.054292426,0.08171278,0.12630688,0.30480093,0.43969426,1.3049444,0.37179747,1.6066374,0.653905,0.117668346,2.4934578,0.19973104,0.80366015,1.1507922,0.18135814,0.37256044,0.6370916,0.24018268,1.0589519,0.14341794,0.52142066,0.0,0.13713151,0.037516918,0.21616828,2.9152844,3.0130749,0.6394369,0.86231923,0.53035074,0.43289134,0.5411925,0.35135007,0.7836449,0.25204352,0.17131738,0.10917314,0.8393708,0.5187358,0.42424408,0.054168385,0.45344356,0.12965557,0.26402792,0.7114995,0.28711122,1.8195395,0.12599802,4.130599,0.12356654,0.20780675,0.0,0.99219984,0.6083389,0.1570891,0.75829095,1.3788149,0.18940818,0.8819673,0.596135,0.91867095,0.05605874,0.5786059,0.28974265,0.8816018,0.94500643,0.38717493,0.69884956,0.036546204,0.008483827,0.82174736,0.48554572,3.0257735,0.29658353,0.7096078,0.63445926,0.50774574,0.085884444,1.687462,0.60214347,1.5014166,0.15406957,0.23692197,0.15338604,0.06389093,0.09537697,0.9204858,0.19659221,0.20900586,0.069607966,0.72288674,0.42257735,0.3697337,4.911989,0.18224525,0.015166052,0.16593729,0.14611726,0.6033948,0.6079427,0.42207366,0.78138435,0.88234997,1.3218096,0.52078646,0.991847,0.36692613,0.05604836,0.48235416,0.12303553,0.25763097,0.0043498394,3.4177706,0.29829705,1.5719713,0.0,0.7530203,0.09435718,0.16219954,0.5626627,0.3947207,0.80606824,0.07148583,0.42122728,1.4663723,0.09358827,0.32761267,0.06286241,0.3340904,0.9510213,0.2233807,0.45908833,0.7017864,0.3061179,0.05863678,0.12242173,0.0017475362,1.7088029,1.494253,0.47501114,0.18460141,1.1446534,0.2888194,3.0422306,0.3189002,0.3321897,0.0,0.48043504,5.137001,0.75039524,0.16135745,0.48333615,0.14054246,0.21798381,0.20996371,0.47185722,2.7307215,0.9553729,0.10073278,0.000575072,0.39680988,0.6617237,1.1749936,1.3089551,0.11705836,0.33837003,0.13824087,0.21459663,1.6101447,0.51799536,0.30568057,0.39921483,0.62417686,0.7907822,1.0351672,0.2904441,0.13153897,0.3447243,0.04454017,0.073965065,0.57407784,0.7645642,0.5839127,0.3302599,0.22466774,0.10513334,1.5536275,0.10303016,0.53606355,0.15191598,0.025641387,0.067954496,0.03885703,0.2820923,0.0,0.22388357,0.16816191,0.805472,0.50072944,0.025824988,0.45838305,2.171819,1.7449613,0.1588116,0.0030557725,0.0010536516,0.4887259,0.38852438,0.017026348,0.2981271,1.3002324,0.5451317,0.23771684,0.24411248,1.4941102,0.5225887,0.10255923,0.17424385,0.911633,1.0598499,0.061332278,0.089196615,0.07393391,0.0047621722,0.1863947,0.0035852115,0.4283917,0.84514296,1.2660543,0.383947,1.1770539,0.0044709095,0.06456268,0.91216,0.65580624,0.40635213,0.019357465,0.20039457,0.18015626,0.3687162,0.35445607,0.5467146,0.45578665,0.13757247,2.437841,1.5253003,0.048166163,0.6500904,0.5905367,0.14834563,0.7021397,0.29773232,0.67645633,1.1523262,0.0,0.3237628,0.36631107,0.13285118,0.16841622,0.27585146,0.33127955,0.90110904,0.20353906,0.09533306,0.2551712,0.3236549,1.1774893,0.74921405,0.33238956,0.11403997,0.9549051,0.0906663,0.012346706,0.259731,2.1034338,0.0,0.5625653,0.89450896,0.6993736,2.0937784,0.31360188,0.50958246,0.13284494,0.108970806,0.57100785,0.102189414,0.52177805,0.113158956,0.49349913,0.10457753,0.16325238,0.5974893,0.08378196,1.0546407,1.2070286,0.11889216,0.40911496,0.26009694,0.1590793,1.3595148,0.40345895,0.33580747,0.058201503,0.30047905,0.8666781,0.123840176,0.8532845,0.14376731,0.19846414,0.7073835,0.041144975,0.0057575554,0.6450975,0.3700131,0.62721723,1.2097433,0.80281246,0.00026030905,0.43206793,0.43300697,0.5536214,0.6535777,0.8419772,0.012290244,0.09324346,2.394993,0.6872397,0.4444486,0.26174307,0.57139516,0.66639733,0.022183022,0.04729977,0.09853449,1.6714315,1.7798449,0.45116156,0.0026353372,0.088917114,0.15949973,0.7603381,0.16459891,0.7884026,0.0,0.30687457,1.3022677,0.6625399,0.34763965,0.14067593,0.24488443,0.13549891,1.2084467,0.75659025,0.38282955,0.48468152,0.09903675,all_pothole_images\pothole_images_new_image_1161.jpg
0.19962087,0.07365932,0.19166967,0.62103385,0.7035337,0.11500702,0.050793972,0.067524925,0.07232045,0.1933209,0.30588964,0.10721985,0.0670231,3.2598166,0.18948492,0.28899866,0.19624554,0.56294376,1.3013476,0.21164419,1.0403814,1.5226837,0.21384387,0.069375716,0.52180094,0.6200086,0.73051965,0.93197596,0.011892766,0.027041579,0.69863826,0.604447,0.0,0.35570595,0.47725505,0.19111933,0.074492425,0.8811918,0.8989654,0.0,0.0,0.0044273883,0.24688144,3.559361,0.15244599,0.048035767,0.0,0.0,0.005544767,0.49645075,0.31623578,0.050985415,0.6565359,0.2754983,0.25209665,0.7422395,2.37005,0.08646565,0.02439147,0.13543278,0.36878017,0.038914394,0.3335954,0.05871198,0.45744324,0.74672204,0.04794472,0.06521313,0.3665458,0.25218594,0.0,0.32216406,0.19590075,0.14919668,0.00584171,0.0039739343,0.059517756,0.05369945,0.22806479,0.21487097,0.0,0.022797268,0.10035753,2.4153554,0.054537743,0.34870037,0.07770211,0.52518576,0.5920985,0.0024443134,1.3183764,6.0772352e-05,0.010500258,0.329811,0.0,0.013317685,0.6560748,0.16566429,0.2912375,0.035551332,0.13284695,0.27898818,0.10271441,0.0199372,0.012412266,1.8382046,0.05644962,0.24330091,0.0020924364,0.07957205,0.0,1.5528857,0.0035449995,0.5697868,0.16303906,0.0,1.3512105,0.26863086,0.967713,0.22851263,3.2981489,0.38720706,0.35685253,0.108488895,0.23634104,0.023150196,0.5040609,0.3104576,1.3948796,0.39338684,0.12069805,0.0,0.1026948,0.012443646,0.5362871,0.109488755,0.47130972,0.12710117,0.106351785,0.0058742133,0.082519956,0.033990093,0.42361224,0.39238536,0.0045680804,0.29813462,0.05387741,0.014318263,0.16182311,0.33036658,0.05988511,0.4394571,0.04378268,0.14693224,2.3481257,0.28237525,0.2026705,0.34873644,0.5486861,0.0017060759,1.6513633,0.6937584,0.04630544,4.155214,0.0072906795,0.4558251,0.35753074,0.018184757,0.7711035,0.6980236,0.02874893,0.12997171,0.28560686,0.006253465,0.46366328,0.004261617,0.15277803,0.0,0.06510504,0.26500383,0.0057321996,3.539182,1.702657,0.43197542,0.6161781,0.39069498,0.3221921,0.2990154,0.82229817,0.2753662,0.0025445393,0.16685714,0.03224076,0.25143403,0.43182704,0.13097444,0.16669501,0.3114875,0.0,0.30771247,0.24163266,0.4317535,2.431398,0.48512638,1.2976731,0.017264051,0.19253083,0.12564513,0.009200831,0.025586037,0.0044813496,0.051070333,0.95877534,0.16964343,0.36504027,0.6910245,0.035744652,0.04050212,0.2350756,0.30259627,0.0033423668,0.47286308,0.43574718,0.027982745,0.12800172,0.14662604,2.158655,0.16068931,0.20831275,0.09951624,0.0,0.10578173,0.28477895,0.5137361,0.095216185,0.1987008,0.896071,0.06881327,0.03336842,0.59921354,0.0,0.22833572,0.045176793,0.059011966,0.4372599,0.014235442,0.3825144,0.011778848,0.16872758,3.6542394,0.47318307,0.20034704,0.38473287,0.15481259,0.33477858,0.5401213,0.1857803,1.0638165,0.016085811,0.23292977,0.023287855,0.0,0.02206393,1.5280594,0.58636886,0.4237102,0.38835672,0.019849682,0.017608292,0.0027079165,0.0,0.37845197,0.11996596,0.13839893,0.31588984,1.1054214,0.07811189,0.19535248,0.0399048,0.54666835,1.8033915,0.10105738,0.4114769,0.0,0.43750075,0.051307045,0.3113307,0.7377498,0.13343649,0.14814042,0.0007402174,0.0,0.19703153,0.014988059,0.2486208,0.36978713,0.107972704,1.5975517,0.8441279,0.3814473,0.5065362,0.6020879,0.10499828,0.7923994,4.4379106,0.014872464,0.007996088,0.36797416,0.01588565,0.023258798,0.2757785,0.08333283,0.8497617,0.16494264,0.0076437155,0.20075463,0.06743961,0.40353534,1.8147705,0.12589185,0.018167447,0.0,0.19672588,0.0,0.19610521,0.513209,0.2208355,0.09718143,0.18779837,0.016912922,0.5016473,0.65409976,0.2214466,0.025235925,0.09634232,0.63235146,0.3921304,0.15050304,0.16283,0.24051622,0.09362227,0.47388473,0.17841497,0.6354554,0.05031428,0.18610759,0.023351673,0.3669795,0.19040962,0.7390867,0.16684185,0.05442564,0.2561406,0.0,0.069132626,0.763031,0.0794459,1.7697825,0.7231316,0.3511813,0.039510462,0.18997328,0.0010354226,0.09658283,0.0,0.0,1.992913,0.04032909,0.043170966,0.0,1.9489524,0.86184067,0.31619903,0.012558309,0.49251354,0.13068335,0.13557433,0.0,0.324394,0.019865932,0.70262,0.0011510665,0.0,0.31070536,1.3534782,0.9351609,0.23015863,0.008473962,0.043191306,0.16997261,0.2759113,0.7888207,0.039680768,0.45215046,0.26242062,0.08692471,0.56309485,1.1372188,0.020553637,0.037686378,4.2671547,0.16611071,0.6944108,0.18918677,0.036610823,0.08038273,0.2653429,1.0410479,0.005433792,0.16015255,0.23928563,0.011816654,0.22312647,0.55866456,0.012251861,0.0050516576,0.03794913,0.0,0.061370596,0.03544622,0.8425195,0.0,0.0,1.1190215,1.0566844,0.244583,0.35751715,0.62270945,0.03698681,0.9372442,0.058942407,0.4291883,0.6492013,0.36906368,0.3335809,2.3743083,0.009542213,0.14689443,0.08793844,0.09446722,0.23636559,0.3207468,0.10305885,1.1556826,0.36149013,0.12604763,0.45671004,0.13403927,0.01183444,0.3971045,0.662881,0.38656017,0.17098424,0.81527364,0.13029931,0.7625306,0.466905,0.1185158,0.36532924,0.044110745,0.6043061,0.0,0.99929076,0.0,0.3923475,0.2321539,0.103351496,0.0,0.023581596,0.040496398,0.3573709,0.77890855,0.0,0.22500376,1.0717002,0.064608775,0.8656657,1.0074167,0.044911053,0.0,0.08664587,4.181007,0.2916326,0.21007016,0.09729406,0.31665286,0.0,0.2325167,1.5211194,0.012440005,0.18708491,0.011129687,0.3229388,0.15836406,0.00087769504,0.0012683924,0.30493653,0.42582336,1.2938379,0.04415412,0.22605622,1.90758,0.42565146,0.06139983,0.0008656462,0.031257395,0.0,0.13308273,0.0,0.0,0.24034032,0.039112512,all_pothole_images\pothole_images_new_image_1162.jpg
2.2906244,0.09546558,0.05526909,2.4710736,0.6018474,1.1036395,0.10009769,0.0026958387,0.45530656,0.06333195,0.09217816,0.059071295,0.591474,0.36732012,0.38144442,1.1046067,0.19423361,0.19056764,0.21758804,0.002726615,0.43838602,1.1003668,0.24431624,0.42278937,0.8808174,0.5345515,0.0029414042,1.1804332,0.0122157745,0.31331387,0.73817456,1.0822169,1.4112796,1.9397801,0.10369032,1.0977042,0.5599407,0.41323,1.214342,0.21976224,0.07008107,0.06816532,0.27867752,0.72508365,0.22574748,0.13320021,0.051146887,0.029942593,1.0705413,2.9217122,0.77559876,0.31295067,0.71950763,0.33243436,0.13500483,1.7075518,0.8994096,0.39691648,0.42459235,0.047209155,0.021407906,0.34033328,0.000632684,0.3145486,0.7099717,0.9857074,0.009666619,0.6262132,2.997476,0.16620855,0.09563885,0.646987,0.58210105,1.3552725,0.22077729,0.79252046,0.046796612,0.93888026,0.25591105,0.14338134,0.3343834,0.2102248,0.34468064,0.09086996,0.9502702,0.1372199,0.69466996,0.11389899,2.479572,0.90386885,2.1730828,0.167171,0.32052597,0.5036161,0.51377106,0.04764517,1.6804278,0.18096466,0.014173235,0.7378489,0.31914234,0.92633575,0.45678562,0.021540238,1.218772,0.25542244,0.18913662,0.3015246,0.24712563,0.5290458,0.0,3.2229695,1.1527497,1.4106623,0.28668916,0.97402555,3.5110393,0.6238318,2.6598492,1.5612174,1.748096,0.36544982,0.45408422,0.48234674,0.08190667,0.7612326,0.21959949,2.972406,0.6697988,0.0,0.16605213,0.0,0.03742582,0.0014778299,0.011442876,1.0430871,0.35597673,1.900773,0.21117887,0.14758074,0.25318503,0.008799539,0.066980176,0.958978,0.010065933,0.87551147,0.12567437,0.4843383,0.48517385,0.02255847,0.2978656,0.40621024,0.31903198,0.29368448,1.8454424,2.4529908,1.5098861,0.1284949,1.9717088,0.10449767,0.95947874,1.1897067,0.082041726,2.3306234,0.20059726,0.96341866,0.033766326,0.0,2.4927905,1.0502006,0.09399554,0.19260967,0.11477796,0.033065245,1.557458,0.0014785279,0.5488102,0.05363426,0.54054815,0.41450253,0.009409998,2.8063278,2.7098663,2.0681787,3.295861,1.0987569,0.7147816,1.0568497,3.0353873,0.731322,0.037436523,0.6470388,0.20068207,1.8515712,0.42575198,0.2829749,1.4304827,0.9046344,0.78809184,0.33268037,0.73294395,1.4932446,1.8458472,1.4970258,2.2621586,0.6586985,1.3997258,1.4334048,1.6139965,0.33397397,0.035434633,0.0,0.542433,0.35335386,1.3201207,1.3888232,0.08735791,0.35831824,0.2543463,0.06508066,0.25345197,1.5287333,1.2716016,0.20149603,0.13893636,1.3825985,2.3551269,1.0913163,0.6923855,0.08759843,0.04666271,0.15619716,0.5845569,1.478569,0.3970604,0.7704418,3.0948467,0.0536894,0.5137773,0.20175451,0.59340274,0.47720733,0.033774786,0.051695745,0.38191408,0.026680352,0.4770693,0.36111736,1.0469358,3.4572453,0.3548998,0.861505,2.6262531,0.5733247,0.9136252,0.0014226573,0.31035632,1.3960973,0.17624715,2.4278908,0.027372217,0.17677389,0.42976525,1.9761528,0.6081609,0.53154653,0.6261368,0.67008114,0.74686027,0.5992827,0.005434663,0.09202544,0.022735989,0.8131378,2.1282349,1.1944361,1.0685577,0.10297108,0.6356202,1.5330355,0.0,0.11733942,0.12311651,0.05097262,0.1486279,0.53514946,0.4822974,0.72664046,0.3575824,1.4401773,0.7382006,0.4402232,0.7711596,1.5788515,0.0040748673,0.22337832,0.65230215,0.8987334,0.98549044,0.0069842665,0.59778583,1.4104664,0.021717409,0.9491182,4.257732,1.1776145,0.2411959,0.8099742,0.3443639,0.2901033,1.400179,0.8068451,3.819728,2.1211572,0.0,0.8002213,0.0,0.31474176,2.8689442,0.35348365,1.0882362,0.4545353,0.21610504,0.31873804,0.67863524,0.06251921,0.18757084,0.40554503,0.28632322,0.046473376,4.397351,0.45073485,0.13406572,0.0,0.039161507,0.35560295,0.8527433,0.070834234,0.09664185,0.45774707,0.8166779,0.114391655,2.4473872,0.32015705,0.308631,0.79518014,0.22230907,0.24620101,0.36320677,0.57262427,0.2919826,2.3362935,0.07578832,0.080002464,0.043491647,0.24812998,0.35391024,0.59474415,1.3843899,2.0843647,0.012742803,0.110646985,1.3022153,1.1162553,0.23289408,0.47861347,2.1869671,0.075448714,0.16457915,0.21446212,2.4079683,0.38901013,0.54936194,0.0,0.7278239,0.29218563,0.098308355,0.7340904,0.22658113,0.16974476,1.2919365,0.0011494926,0.0066853296,0.7672194,2.7993,1.4919994,0.43043065,0.0,0.102145106,0.64393526,0.90877104,3.1953726,0.2935117,0.010571255,0.37936565,0.051034294,1.606477,0.5809326,0.72542214,0.19402052,4.948369,0.660112,1.949054,0.024963072,0.8723099,0.22932644,0.49344322,0.22130671,0.10380916,0.16900337,1.2284136,0.51130533,0.40781134,0.7247326,0.022522502,0.10600641,0.58061624,0.11309895,0.77257025,0.029701527,1.9826825,0.6196472,0.44845363,0.7291342,1.3041854,0.034578666,0.49902788,1.1223733,0.01103499,2.9771242,0.29442537,1.2023115,1.4037486,0.88682413,0.3876084,5.7543855,1.4266431,1.4193118,0.0,1.729685,0.47057983,1.3274517,1.0122325,0.5176091,0.09611994,0.050283298,0.36372378,0.27251485,0.045732822,0.55019885,1.3342637,1.5347506,0.19133066,1.9208058,0.6422569,1.7639807,1.0497065,0.34990963,1.4880412,2.1351078,1.325165,0.5740802,3.1251876,0.3566883,0.8963314,0.4633908,1.0009913,0.014656745,0.06256895,0.13228019,0.5359607,0.91335636,0.25247985,0.20656805,2.5112762,0.023209922,1.3907427,2.2707906,0.26029158,0.019776998,0.008418105,6.5928183,1.3209251,0.7232123,0.0005860014,0.38634464,0.33297032,0.23683384,1.5916063,0.07057372,0.3321138,0.7764516,0.033532687,0.6615753,0.14844926,0.0601243,0.21193151,0.28316998,1.0952665,0.08289346,0.5793333,6.653788,1.3234179,0.5434263,1.326739,0.49285063,0.61495423,0.60376436,0.38247523,2.1819947,0.09986823,0.79279256,all_pothole_images\pothole_images_new_image_1163.jpg
0.21479003,1.1507283,0.23504914,3.106844,0.20954739,1.4338923,1.1784898,0.42876247,0.01630125,0.3537579,1.6273113,1.0621876,0.04066031,1.7222064,0.15214096,1.1239458,0.09896839,0.5748972,0.85279095,1.1332316,0.20360273,1.6656239,2.2476137,1.2943916,0.9118948,0.49838263,1.0419428,1.6238434,0.17228363,0.18957488,0.9886882,0.024943436,0.09897979,0.40687364,1.293119,0.55775625,0.50722855,0.5115504,1.0332953,1.5173413,0.021035425,0.43458152,0.39005387,0.85575414,1.7016767,0.20119114,0.04143551,0.068450704,0.8403672,0.30078694,0.022995476,1.9525782,0.43338764,0.20280841,0.33911592,1.8659577,3.365825,0.50480074,0.18687789,0.36727235,0.039692815,2.3785636,3.8411472,0.9121553,0.53320426,1.725022,1.5155025,1.1968641,0.5105995,0.5515176,3.5335271,0.1396201,0.5127749,0.04698539,0.639376,0.46813023,0.15380426,0.111783825,0.1069517,2.669028,0.022645667,1.9718406,0.09374441,5.120629,0.7441511,0.12377606,1.647437,1.1092579,3.5338414,1.7399111,0.109461136,2.31392,0.15092121,1.501521,0.0,0.4694681,0.11139404,0.522151,4.216055,0.6487063,0.0007403411,2.1623142,0.6511472,0.8257155,1.1155845,0.43237725,2.6721492,0.11888584,1.5271938,0.30978155,0.14749284,0.23074126,0.5145332,0.9226382,0.80839676,0.20622331,0.04935934,1.522923,0.020993097,0.16519444,1.556209,1.2261106,0.040860318,0.54957855,3.0656595,3.2847483,0.41596603,0.15269686,0.68445855,0.71534586,0.642725,0.10069896,1.2006109,1.476584,0.17137975,0.04979445,0.9191006,2.5055459,1.6923275,0.6555906,0.6851055,1.5152954,0.33049902,0.70688844,0.38561633,0.89604294,0.7195165,0.32091904,0.81839377,0.06624399,0.046886675,0.75402045,0.30489996,0.07596888,0.4184649,0.34383723,0.93787307,0.3259232,0.20043746,0.25340262,1.2281407,0.9518573,0.13093619,3.7031417,5.024399,0.15053628,4.153749,0.3686857,0.9617162,0.31672898,1.1318948,0.45961893,1.2837944,0.94627625,2.8271425,0.0038514414,0.5453743,0.5532397,0.08483464,0.13258839,1.1934361,0.9205797,0.8135575,1.0719982,0.15600492,1.2703973,1.9991981,0.5989114,0.116062276,1.940616,0.05248956,4.3848033,0.07636364,1.8025341,0.013457787,0.4401585,0.14539437,1.0675315,0.0,1.0711535,0.5268064,0.60066533,0.18309967,0.16939819,1.0731434,0.08253115,0.2947348,0.0012685009,1.2175969,0.26016587,0.29607114,1.2650495,1.2050785,0.9418076,1.5203481,0.4788419,0.34728712,0.26338044,0.9018626,0.084605955,1.5309839,0.19393471,0.3052468,0.19201775,0.05817637,0.3662859,1.1029975,0.07959962,1.7364668,0.9782828,1.1201334,0.2185998,0.68020177,0.510845,0.1071847,1.9175954,1.1430919,0.0,0.08635842,0.22922808,0.21339513,0.1579437,0.045411095,0.059849665,0.16844021,0.29496488,0.12287774,0.33950606,0.9167871,4.762753,1.0167625,0.009510045,0.14606291,1.6833122,0.13781153,0.052348666,0.85627836,0.82467705,0.24173677,1.0145802,0.13653408,0.04086106,0.8673012,0.14760523,0.35224146,0.21900941,0.60755754,1.7860903,1.1133342,0.0,1.1769303,0.0,1.2708833,0.35550985,1.0486732,1.5647035,1.8250391,0.6863332,0.010591638,0.21801999,2.2872663,1.9318838,0.5031509,2.709913,1.7394325,1.069425,0.8481766,0.06458198,0.94448173,0.45323628,0.02238524,0.23382226,0.022839373,2.6061747,1.6530238,1.1804646,0.57512397,0.50131106,0.16874556,1.6670122,0.019440826,1.4267194,0.30873516,0.66334486,4.80418,1.2815303,0.38786682,0.1460547,1.0462414,2.6643264,0.2615363,0.2985321,2.0653458,0.48812345,0.88078904,0.26805583,1.0847332,1.5557923,0.5853892,0.19122551,0.44168285,0.38365248,0.09797071,0.038457043,0.13324712,0.24770263,1.3118582,0.20396677,1.869166,2.6670537,1.1569135,0.65781736,0.28720003,0.44923383,0.066979505,0.035121236,0.6307408,0.864292,1.1613964,0.45309907,0.6278338,1.6623673,0.40289974,0.06575322,0.5385067,0.0,0.8918311,0.011208629,0.037520226,0.1504283,0.4921372,0.5416392,0.07335348,1.8777132,1.0654008,0.056015626,1.8619275,0.9477612,0.84929687,0.16406563,0.25307667,3.8890386,0.67076117,0.0910431,0.028296148,1.1370844,2.3748047,0.4453612,0.4249456,2.55141,1.1051507,1.478833,0.06324197,1.3133037,0.11836053,1.8141959,0.29168642,0.017463468,0.96001744,1.1216406,0.7655408,0.12667508,0.8343216,0.4726835,1.391744,0.92316806,2.9015512,0.62475795,1.7801296,1.2258052,2.2490046,0.006794358,1.0025227,0.28220505,0.008979047,1.4157659,0.082611494,0.0423757,0.023613902,0.06487076,0.0581117,2.8191938,0.37531295,2.0094583,0.18019208,0.011870926,0.011085289,1.6568365,0.007174526,1.7333994,0.38315815,0.47832337,0.3236106,0.8259316,0.65374386,0.24650545,0.7190647,1.4591296,0.1976007,0.41873658,1.3895457,0.26917365,2.5820518,2.6625009,2.115099,0.8455043,1.3372484,0.31211612,0.2728518,1.070006,5.190812,0.0,0.16142724,0.11927246,0.05503497,3.1721215,0.8180688,0.0431101,0.79372436,0.7176034,0.5631676,0.79442745,0.011613301,0.0025872143,0.52988553,0.18721573,0.939426,0.24228519,0.052697286,1.8485789,1.4717143,0.008429403,1.0068654,0.069276676,1.3111566,1.719985,1.2435212,0.101506665,0.08768908,0.44843674,1.2864474,0.32296824,0.013080472,0.5687159,0.8172855,0.13752939,0.18054253,0.1343764,0.953168,1.0818071,1.4912684,0.027706593,2.3353128,0.07587706,0.005012905,0.2756584,0.39778626,0.115287855,0.62930024,0.7566181,0.1647875,1.7871661,0.13157049,0.06475706,0.26557586,1.8908062,0.03068735,1.0288775,1.3647772,0.04383076,0.6660226,1.9359846,0.48457757,0.120105475,0.02195442,0.1666443,0.2766575,0.0027820757,0.06551592,1.740883,0.039563723,2.1590924,0.0559927,0.0,2.9663832,0.48069128,0.85436225,2.6528475,0.015850699,0.2482308,2.790326,0.23357904,all_pothole_images\pothole_images_new_image_1164.jpg
0.12465499,0.061223466,0.042890646,2.9022846,0.05693655,0.0,0.14918722,0.0,0.19972657,0.0024150857,0.6454802,0.020320348,0.0,2.328729,0.34750295,0.13498843,0.07218194,3.648666,1.0687526,0.15402965,0.55788857,0.06633083,0.31468746,0.11774039,1.4817159,0.061613224,0.93997335,1.6320736,0.15435703,0.0,0.0,0.17569639,0.0,0.28677306,0.0057136575,0.9454828,0.04365724,0.055336528,0.049026333,0.0022448886,0.010468028,0.55342346,0.6220904,2.161576,0.04877938,0.053488832,0.051576283,0.30184948,0.3057002,0.67727137,0.18768594,0.20463252,0.14373302,0.1702675,0.491767,0.4025736,0.64302194,0.45191446,0.01471048,0.6024476,0.656226,0.2762153,0.0,0.55537444,0.2043891,1.3079711,0.78547734,0.27106187,0.28381622,0.018190838,0.101468496,0.4791423,0.4504821,0.031749588,0.5721837,0.00061557395,0.13858002,0.37170577,0.0,0.02016649,0.008140748,0.29434726,0.805659,0.64405316,0.0,0.0,0.089090824,0.13859837,0.69602466,0.14217265,0.6104295,0.14308971,0.036205944,0.070274234,1.4152166,0.12302272,0.17824084,0.9970593,0.2822842,0.0034339095,0.31535575,0.5686977,0.035733636,0.0,0.6959352,0.15109424,0.49932843,0.18327485,0.061214376,1.2148559,0.0,0.7324834,0.0,0.80587363,0.4526044,0.0034304638,0.056553476,0.09088253,3.8109071,0.15898864,0.49990553,0.0,0.019568881,0.102914065,0.25633112,0.13600488,0.0,0.03510737,0.0,0.0,0.14772744,0.49669477,0.0,0.0,0.07449048,0.004720203,0.14445852,0.008542313,0.21026607,0.00074565364,0.0,0.014935133,0.7231376,0.18012919,0.10132947,0.16687863,0.46815282,0.019394511,0.26250768,0.028103093,0.018871764,0.065430865,0.06560524,0.37724295,0.8278997,0.31649563,0.11125486,0.11801561,0.2964435,0.73410034,0.8262662,2.149925,0.17889944,0.05871281,0.2921309,0.25343242,0.26198354,0.1624115,0.22733442,3.2562006,0.012269729,0.19733213,0.32358882,0.018610347,0.0,0.05166242,0.028901378,0.0,0.2830809,0.0004918294,0.3194564,4.4519486,0.16731067,0.3709807,0.95089483,1.2170029,0.2720537,0.06484777,0.29950726,0.07572065,0.056154814,0.0047231684,0.5334952,0.0,0.6836508,0.086860575,1.6893176,0.23890674,0.57495713,0.07716144,0.01962541,0.40352124,0.09069589,0.24586067,0.089864396,0.0053689815,0.0073907943,0.17654783,0.6766014,0.041104052,0.0,0.005919331,0.47194824,0.28019804,0.41533178,0.7725176,0.0369549,0.0,0.023829088,0.80894345,0.1401363,0.0107309865,0.28035763,0.08884548,0.0,0.04927055,0.3375421,0.018213551,2.7939885,0.96649414,0.26733112,0.0,0.30771828,0.007540032,0.15562351,0.2425764,0.06386907,0.0851034,0.4818805,0.20905618,0.13124505,0.13283592,0.14717834,0.3342983,0.016534671,0.002050694,0.15875208,0.7089702,0.1646019,6.2753525,1.325899,0.0056181825,0.0,0.07073502,0.0,0.13431521,0.26606506,0.8421995,0.58494115,1.5956035,0.013146158,0.22901581,0.19551037,0.89338994,0.31061432,0.5474102,1.0568677,0.21567886,0.057741787,0.10108679,0.49512628,0.034716923,0.40891355,0.06415763,0.4743878,1.5141579,0.07229541,0.0021136869,0.07765263,0.10689705,0.15458347,0.36574036,0.52303946,0.0033663153,0.0,0.20949075,0.016697673,0.21519199,0.019741869,0.13718651,0.0,0.6717628,0.20939668,0.11620747,0.13078958,0.55282146,0.01895309,0.09531118,0.2464272,2.8929656,0.21684296,0.4962507,0.12672576,0.0028470496,3.6174066,0.0066841724,0.026029326,0.0,0.32489052,0.53379387,0.06594349,0.24836591,0.20835362,1.972255,0.0101960935,0.095074095,0.0,0.97589016,7.944098,1.0320117,0.0,0.0,0.30082628,0.11551771,0.09790336,0.0009098819,0.24840502,0.0,0.017440012,0.0,0.72876227,0.041337777,0.38095972,0.3949888,0.04076873,0.0,3.6471581,0.73683447,0.016358614,1.4084855,0.0,4.348098e-05,3.1588557,3.3807354,0.8985608,0.14502184,0.0,0.5489069,0.54063606,0.0,0.15295653,0.20455433,0.16815242,0.31520754,0.0,1.2780118,0.0,0.5019212,0.15195446,0.13885728,0.0860197,0.23106335,0.79449993,0.0028737301,0.020928776,0.0,0.010486279,0.1460323,0.00053940574,0.026593465,0.3728763,0.014492122,0.5422714,0.39386564,0.014167107,0.39737943,0.029366925,0.04716438,0.3395584,0.060237534,1.1458117,0.0,0.006011949,0.8445923,0.0062609874,0.07752289,0.47171727,0.0,0.055703513,0.19458067,0.52680355,0.19176257,0.036848024,0.48060787,0.013868246,0.008141797,0.058710724,0.13596302,0.41759375,0.0063327076,0.13213526,0.69783604,0.09891626,0.0039061725,0.40954402,0.0,0.6600431,1.0822856,0.9586146,0.047395978,0.37717035,0.06308288,0.03290072,0.30199742,0.019069245,0.17538846,0.62933564,0.0,0.2671485,0.08415201,1.1724737,0.31828666,0.0,1.5803275,0.37669122,0.037526306,0.0,0.0,0.27692133,0.048163466,0.082518645,0.0,1.0113897,0.62406963,0.96312594,0.8415699,0.7923163,0.4974878,0.0031703128,0.06532839,0.37491396,0.0018113626,0.017940518,0.2175756,0.02328991,0.0043149437,0.009251111,0.27354708,0.06574871,0.65376765,4.497077,0.25171238,0.103999406,0.03282944,0.3341514,0.08905554,0.30877468,0.0,0.0,1.1738261,2.578782,0.03435526,1.381603,0.06589963,0.04109337,0.27368698,0.16922115,0.014881945,0.0021108813,0.2083346,0.09635959,1.411958,0.01210172,0.0014436615,0.21163224,0.21918198,0.32962582,0.055878315,0.089487694,0.0020505858,0.20956008,0.38704225,0.5179569,0.03284647,0.38183367,0.04022163,0.0,0.12646016,2.4197154,0.0,0.09302697,1.2643098,0.016815236,0.48466992,0.011779639,0.07973913,0.016535332,0.06497693,0.0028241042,0.0,0.8191985,0.93238807,0.77988666,0.27390757,0.07386877,2.134444,1.0158539,0.034569558,0.20950963,0.26954907,0.0,0.012300126,all_pothole_images\pothole_images_new_image_1165.jpg
1.1752942,1.9226009,1.1174088,1.4737729,0.011668583,0.6805647,0.49696815,0.46865746,0.42392835,2.066689,0.5278905,0.6504304,0.3885083,0.20852529,0.5190355,0.5712159,0.7697442,0.14113651,0.43192828,0.37289202,0.54187655,3.2957165,0.31189257,2.9731793,0.1754707,0.20034361,0.043725118,1.0252588,0.27641708,1.1585634,0.24089353,0.6845619,1.0107834,0.51584727,0.009668594,1.0384849,0.8196188,0.090124965,1.1800127,0.55214137,0.7301978,0.68667585,0.36651206,0.4463384,1.1212018,0.51411086,0.47371578,0.26387775,2.3880165,0.2724056,0.42996106,0.850222,1.740408,0.20324995,0.509156,0.99117696,0.65182316,0.96778554,1.4204473,2.1697962,0.32598963,0.73677737,0.4258563,1.4410434,0.30499318,1.578122,1.9968834,0.24109791,1.4055996,0.20855111,0.73890513,0.88953084,0.32371405,0.53855115,1.1215835,3.040561,0.036370046,0.6639947,0.28979206,0.2012919,0.31246963,1.6918294,1.4747809,1.7943647,0.11667917,0.4199426,0.5800492,0.12126808,2.9218497,1.6067907,1.2185413,2.28668,0.6730622,1.4297049,0.44822225,1.3204967,0.18274154,1.5752164,1.3346645,0.39191806,0.082804665,0.5865491,0.17710394,1.2626805,1.1877891,1.2326258,0.6456873,2.0243442,0.97587633,1.5305418,1.3884773,3.6523094,1.1215165,0.49623707,0.6043589,1.1870672,1.5813692,0.02664598,0.785759,1.2378528,2.6791444,0.6405778,0.18972209,1.3052956,1.4827008,0.05919823,0.4026702,0.60463595,0.9628218,1.0771339,0.50527686,0.30893454,0.4166909,1.1213626,1.097633,0.0068887183,0.21273321,0.6033065,1.131077,0.55150056,0.27234808,1.5378984,0.26105583,0.522949,0.6298824,1.0375503,0.5584669,0.16095224,0.1485347,0.54656625,0.1520501,0.3521246,0.83856356,1.2993019,2.206241,1.6083411,1.0090533,0.47337523,0.03434054,0.2405353,1.3640234,0.38557854,0.49202836,2.290904,2.186213,0.1875156,1.3821554,0.6149163,1.011721,0.2523639,0.10947838,0.20064671,0.9959567,0.22020522,2.2582166,0.17537937,0.60621285,0.0,0.33610004,0.2092187,1.645313,1.9823853,1.6980176,1.7171754,1.8669227,0.9326337,1.1016374,1.230479,1.0399979,0.8843888,0.19579417,1.7478675,1.4801109,2.0401154,1.9548554,0.5720464,0.37973383,1.7367162,0.27772284,0.68182045,0.7323908,2.3301015,1.2141714,0.051287483,1.4586483,0.83487123,1.4278071,0.7677058,0.23024209,0.6186629,0.21803571,0.3892506,1.4268199,1.7914366,1.7848201,0.26400882,0.22611664,0.2240934,1.8248459,0.12002583,0.68158084,0.70351183,0.13817069,1.9275426,0.11752915,0.45171028,3.054421,0.62123567,0.9008365,0.100652546,1.073737,1.3768804,0.08882215,1.6599418,0.6483892,0.6250446,0.14801802,0.1204971,0.16773628,0.27832696,1.1050137,0.66970533,1.1126724,1.3790061,0.569745,0.1648795,1.0057323,0.36028656,2.08361,2.0604477,3.0965657,0.015729051,0.22511949,1.2916561,1.1864101,0.00045061173,2.054083,0.56589544,2.1383288,0.75525635,0.33755228,0.28666252,0.98407704,1.2578309,0.41945058,1.2109838,0.7308636,0.30884638,0.8392541,0.2538581,1.9892751,0.13554797,1.9491506,0.36759457,0.37520298,1.4811981,0.16411749,0.9034986,0.10533994,0.88506085,0.19112745,0.7438976,0.45663103,1.0451808,1.1746482,0.79274935,1.9754405,1.3931875,0.84224105,0.69403243,0.8419121,1.1781307,0.20231667,1.2996328,1.7664851,0.24063021,0.7775625,0.8889193,0.8079189,1.2445462,0.2161559,0.80694425,0.47600645,1.1920664,1.4172324,0.13007282,0.3572715,1.3763291,1.0393877,0.2991216,0.66287464,0.68271023,4.0026364,1.4307277,0.049668793,1.5759676,0.48038676,1.1525314,0.80776966,1.1943862,0.68500495,1.1374831,1.1941311,0.5471308,0.89755505,0.46680605,0.777366,0.24659678,1.1805339,0.11228635,3.4348543,0.81086385,0.26859146,0.5230246,1.5672516,0.22936513,0.85458285,0.589251,0.17870356,0.712235,2.7590463,1.1101199,1.1714518,0.53987783,0.32636154,0.19945127,0.27545124,0.9290418,0.3714243,1.3825686,0.025235407,1.5642335,0.030995646,1.311719,0.6380296,0.2484578,0.9142603,1.1463315,0.43840668,0.5412458,1.0259805,0.21735837,2.1031067,0.7554521,0.042935405,0.33622304,1.0987493,0.735297,0.0,1.102911,1.2089725,0.9800462,1.0251052,0.408284,2.3541152,0.090844154,0.23752226,0.69425917,0.46514308,1.8089111,0.036120318,0.96067464,1.6498786,1.4546448,2.6200898,1.3740774,0.26343018,3.076886,1.0839735,2.9747865,2.0249496,1.2587296,0.5608646,0.16569884,0.046950676,1.5765427,1.28236,2.7527812,1.8958308,0.42870197,4.079887,1.1749793,0.47753274,0.6706361,0.031071514,0.21887961,0.91353494,0.0,0.5800009,0.6878175,0.35692775,0.505966,1.5770241,0.6902982,1.0394076,1.4134041,1.3916124,0.8412031,0.7568972,1.350613,0.4761166,0.8201805,1.8377138,1.5386658,0.7206612,0.24181983,0.9038296,1.3278449,1.3249081,1.5477642,1.2363534,1.140698,0.89595264,1.6265917,0.19492044,3.7760737,3.2176151,1.8269705,0.9193694,0.9628174,0.13819717,0.8305947,0.3809166,0.1802034,0.87644374,0.5277463,1.0332079,0.16282554,0.56848264,1.4429343,0.75868326,0.5985008,0.77275753,2.012271,1.6978999,1.7506915,1.3304421,0.8015806,0.73004735,1.0506002,0.098447524,1.2261149,1.3029522,1.2454556,2.419555,1.5173601,0.56752104,0.7405243,0.7786645,1.045197,2.152212,0.42482024,0.6699501,0.11057362,2.0171041,0.17848739,0.3948729,0.5886094,0.39885354,0.9834923,1.7319291,2.987211,0.54159737,0.45006007,0.33724278,0.5464532,2.564013,0.07163413,0.2288294,0.13065186,0.7562369,0.8981622,0.12791453,0.03887378,0.020108245,0.17239179,1.0201069,0.39974308,0.6915241,0.45826772,1.064179,1.8670533,1.5102671,2.479539,0.9647693,1.5232073,0.19559593,3.5091975,3.0714364,1.6032085,0.6065127,0.16226725,all_pothole_images\pothole_images_new_image_1166.jpg
1.0711688,2.6707528,2.0065112,0.7654133,2.472138,0.47277284,1.7991965,0.24249661,0.38383523,0.95428807,0.8303954,1.518467,0.082863994,2.924026,1.2659055,0.2180221,0.23724493,0.05016108,0.89527345,2.1152933,0.16021575,0.30948684,3.0253284,1.519856,0.035647552,0.874718,0.6374359,0.35095143,0.61896414,1.4046906,2.6787338,0.04601132,1.7840251,2.6390336,0.9224326,0.51622236,0.10783731,2.6060417,0.31624013,0.13991451,0.01754209,1.1545514,0.7693697,1.3446271,0.5722312,1.7365113,1.3754197,0.0,0.45697838,0.0007545419,1.7251409,3.1457474,0.5395627,1.5591259,0.089501135,0.19199936,2.512858,0.53026754,0.26512605,0.5477425,0.37607795,1.0312948,1.1721684,0.14441264,0.9862085,0.12996736,0.16758253,1.0180424,0.037353743,0.08775956,0.15990044,0.19859417,2.4941301,0.0063314186,0.03937142,1.7604759,0.64732873,1.569189,0.032661226,0.7421997,1.814506,3.407076,0.01776444,0.39609683,0.8778962,1.1189591,0.08795294,2.295548,0.6957008,0.41998735,0.003032187,0.24321653,0.21463238,2.8456178,0.34706396,1.0381838,1.0101762,0.26809743,1.3137935,0.67860675,0.26908833,0.47938123,0.16603251,0.1713843,1.51644,2.405951,2.1441717,1.5901067,0.5661293,0.3459674,0.7355449,0.64904994,1.9844229,2.1141179,1.7700111,0.7929231,0.18803306,1.0555369,0.37860948,3.0684671,0.29605445,1.2047035,0.3524092,0.14183423,0.06994325,0.37381992,2.0129087,0.054398123,1.1340566,1.581542,2.0199773,0.48318893,1.6989777,0.58890647,1.7572395,3.0883234,0.33853188,1.7319226,2.641982,0.08020457,0.08018762,6.4253626,0.617832,2.48019,0.7810703,0.06911909,0.5745703,1.287284,2.2886245,1.0039897,0.00012124013,1.2868582,1.927124,0.5747777,0.93285054,0.2913525,0.21598546,1.6940534,0.3781675,0.63710743,1.0425174,0.97170895,0.6780047,5.071172,3.3946452,0.55362684,0.10808489,0.5054296,1.8920888,0.027146416,0.8495194,0.9823428,0.8167207,0.26994994,0.120475836,0.050861586,1.0711328,0.40498623,0.27903697,0.18276061,0.2532266,1.2886525,1.2517188,1.4884812,1.6396042,0.2563186,2.6132874,0.13452601,0.09042641,0.70024824,1.2683152,1.10718,0.014004522,1.829891,1.7041712,0.007493252,0.48673862,1.2975628,0.0436999,3.386294,0.288762,0.9159004,0.7355884,0.6828674,0.7440453,0.31066486,0.15162979,0.09795971,2.9451346,0.29867452,0.026727606,0.46301883,0.64512885,1.402728,0.5211622,0.03770036,0.0011816723,0.14919874,0.8718973,0.048026707,2.4233725,0.09525001,1.5164375,0.025438456,3.9096642,1.2319536,0.8669744,0.14467002,1.0748488,0.99297756,1.450166,1.0686276,0.44162744,0.05981346,0.27871326,0.71883684,0.6817656,2.0229115,0.13488744,2.4636188,0.7555937,0.6479046,0.9343053,1.0746019,0.31859142,0.00897306,0.50579935,0.32335618,1.5215983,2.302693,2.3547814,0.8877236,0.3361613,0.7039554,0.22760111,0.42528844,0.04660613,0.32247052,2.080891,1.608248,2.8472834,2.4925826,0.4198511,0.008340443,0.45378283,0.19090718,1.2178411,1.1963493,2.4526732,0.22671467,0.04974169,0.016958935,0.14439805,0.00021573232,1.0298746,0.30330777,0.3445721,4.0819955,1.0673288,0.5128002,0.11007961,1.0977576,2.6629589,0.77752185,1.914055,1.8425014,2.03878,3.3175821,0.7631643,0.02081806,0.031169083,0.21728297,0.867947,0.70786643,0.891301,2.4898713,3.6748803,0.7793847,0.27794984,0.5096041,0.8884179,0.12329475,0.004739352,0.17425308,3.5249667,0.34313446,0.3556016,0.07484808,0.007838479,0.21434945,0.5420497,0.9812915,2.551915,1.6840674,0.8110348,0.76163155,0.28992733,0.25969267,0.5580726,0.7389704,2.6258528,1.046785,1.4808749,0.1690513,0.012733819,0.0040939436,0.5500499,3.7604196,1.2713645,1.5212954,2.3557928,0.50982344,0.31140855,0.03144485,2.7087712,1.5401807,2.4902143,0.49462134,1.7567075,0.88304216,1.0018425,4.173349,0.9425749,2.959032,0.8917763,0.24710912,0.45453033,0.6522776,0.17934573,1.8482237,0.13205712,0.07817066,0.97402483,0.3653941,1.5101631,0.40388706,1.4839509,0.14166294,0.038654484,0.42773208,1.2204096,1.6544099,0.45129994,0.5289263,0.03555599,0.00020842721,1.5643073,0.30180666,0.7019119,1.9893222,0.6080275,0.45619002,2.0096104,1.4126945,0.3423029,0.17198896,0.8104253,0.46483707,0.29209524,0.64339304,1.1361295,0.060440622,0.061733264,0.8703706,1.4570863,0.5804269,2.618547,2.394464,0.048716865,2.056427,0.033674616,0.90379614,0.73486036,1.6427974,0.81865495,0.93315685,1.220426,0.24737765,1.6309061,0.45033175,1.3075833,1.1753738,0.8803613,0.49150988,0.41149062,0.8847159,0.81167537,1.2014481,0.8058043,0.05875021,0.36646348,0.084299624,0.12599391,3.7538412,0.2576637,0.5458335,0.012255781,2.6079168,0.23620327,0.297876,0.54931253,0.54463094,3.6594386,0.94225085,1.024388,2.869031,0.6371637,1.7740855,1.6850151,0.9954056,0.09680635,1.8220729,0.39329803,1.680724,0.09854814,1.480575,0.8698281,1.1347147,1.0097266,2.605287,1.3417116,0.6779967,0.03965315,0.04297779,0.039795797,1.0999267,0.34963077,2.3641489,0.19431542,0.37595662,0.44293758,0.013656099,1.1340213,0.35164058,0.5283094,0.13306627,0.70296127,0.030755986,0.13949572,0.10458177,0.40420815,0.5174249,0.55519176,0.9409991,1.5118161,0.030185398,0.08611091,0.82785934,0.080464154,2.0739672,0.9322429,0.009377295,2.3807971,1.2401882,0.22897798,0.5929114,3.9102154,0.61171854,1.4718132,0.29718164,2.3863137,0.950365,2.1684685,0.49634326,0.07913145,1.3350842,0.67351085,0.29675078,1.2276578,0.8991358,0.1776249,1.5517232,0.10538293,0.107005,0.92601097,0.015853908,1.6022019,0.022934528,0.889349,0.23674345,3.406549,1.248433,0.6308338,0.24700496,0.34941366,1.1071169,0.39207426,1.4789857,0.11392349,0.32220578,1.4656868,0.6031136,all_pothole_images\pothole_images_new_image_1167.jpg
0.40687585,1.3183438,0.15853114,3.1654053,0.7761363,0.9793708,0.80665356,0.0,0.22904614,0.31433,0.09822973,0.35117123,0.15670733,0.5960291,0.18289779,0.7968915,0.12655994,2.2051384,0.9670339,0.06998664,0.77614015,1.2920763,0.8223013,1.0277609,1.901504,0.33176044,0.1698922,0.9073774,0.6916817,0.13054141,0.3421977,0.24544783,0.3602772,0.47736672,0.184073,1.0324485,0.22351673,0.19294067,0.0035142591,0.06876438,1.3395022,0.81167006,0.27347592,0.39712438,1.0347279,0.06440046,0.14887351,0.0,0.52996165,0.24490087,0.13549137,0.77918756,0.040329255,0.5599937,0.9923568,0.33767304,0.6079103,0.16262908,0.926998,1.3182957,0.05492686,0.41931367,0.056586932,0.40286168,0.27834135,2.2913613,0.2820507,0.020571223,0.05426329,0.27092952,0.19243908,0.34397972,0.24423215,0.39642277,0.5069299,0.27687958,0.08696338,0.54743683,0.036857218,0.07928214,0.0,0.19565815,1.1316538,0.05764028,0.18982132,0.08841575,0.30871668,0.089602634,1.1190093,0.09256024,0.044432256,1.3694952,0.3556942,0.11136505,2.0319216,0.0541209,0.55920756,1.0309738,0.0,0.18548623,0.0,1.4410791,0.93751884,0.3492954,0.96026266,0.36209697,0.13934432,0.1257158,0.44014844,1.6303067,0.067833275,1.9852836,0.87259835,0.9937567,0.5106175,0.4074578,0.18821728,0.5325462,3.4797456,1.7239112,0.25836715,0.08628757,0.01909662,1.4359896,0.42663917,0.2374145,0.052011464,0.10724152,0.47640476,0.101184405,0.20562458,0.5150927,0.07636872,0.15762109,0.13465756,0.83892745,0.03684303,0.41910896,0.39010704,0.053210903,0.010711543,0.68987244,0.09865545,0.20496431,0.1483063,0.520388,0.026199963,1.2254179,0.24087948,0.9592583,0.4269498,0.0398533,0.140537,0.16556829,1.2103746,0.27223167,0.06615553,0.31333634,0.22490574,0.7365667,1.1436926,2.3530185,0.21798669,2.5935721,0.6967202,0.26500076,0.6164385,0.0049471227,2.8051624,1.9731165,0.22264443,0.0055975057,0.0,0.1288797,0.36428878,0.17680676,0.591498,0.0012884,0.5552749,0.03842492,0.044427335,3.1075644,0.9067836,1.1021845,0.84517854,0.24242745,0.7188906,1.9263713,0.67578137,1.0239732,0.15783636,0.22219016,0.19809279,0.77252424,0.03658908,0.07336956,3.0308712,1.2054373,1.5785967,0.3797953,0.14194477,0.74126977,0.4892437,0.64621305,1.5326142,0.58693695,0.116520606,0.07350255,1.7260113,1.8842942,0.029763041,0.018980734,0.21457714,0.7364416,1.0682266,1.0408683,0.7905569,0.578326,0.61056703,0.90035033,0.6290673,0.22600746,0.05776802,0.9761452,0.14638811,0.11287541,1.056467,0.29041302,0.34590054,0.06796784,0.128267,0.4909807,0.2528866,0.17877083,1.0348938,0.33393133,0.2415469,0.09321419,0.44456413,0.12207483,0.58724093,1.1543492,0.9713346,0.39696884,0.0,0.17089793,0.67535853,0.18113202,1.4565012,2.6001408,2.4766545,0.031037407,0.21077782,0.115903676,0.14529346,0.51663256,1.1810186,1.741098,1.4434559,2.5396636,0.027134355,0.12218581,0.32867572,1.2972538,0.5729804,0.3627036,0.84565896,0.08319579,2.1477692,0.30275717,1.0348163,0.036610164,0.0725095,0.6523936,0.44244212,1.0822256,0.0067127575,1.1493242,0.4174647,0.11153222,0.09657337,0.122429185,0.41142222,0.6263114,0.39183733,0.4991118,0.5907079,0.03140713,0.20804147,0.088472635,0.5489388,1.2792965,0.112751074,1.624354,0.7297386,0.0043778047,0.4758123,1.8140392,0.4300277,0.7142347,0.6660518,0.1422853,0.122627236,0.37537032,2.4837098,0.26034427,0.6522167,0.05986077,0.20516719,0.12708832,0.790243,0.9276332,2.8130207,1.6748588,0.62912035,1.1334581,0.0,0.99601936,3.6503928,0.4251061,0.68376195,0.24625231,0.31441724,0.18280357,0.28465515,0.3307337,0.027131815,0.040521905,0.21317363,0.5132955,1.7027605,0.0016236163,0.5383525,0.22323216,0.0011643345,0.024146067,2.564975,0.7769087,0.36233684,0.15497598,0.2242515,0.73413396,2.3131106,0.8779111,0.2249002,0.03541272,0.5519324,0.07154029,0.094460234,0.14958055,0.41587773,0.49824056,0.60164183,0.4476656,1.3302327,0.35890442,0.09392421,0.9072264,0.16438417,0.73793113,0.62331235,0.5685426,0.8059807,0.24178964,0.135797,0.34652072,0.8133855,0.12205869,0.018547416,1.4456992,0.2724229,0.81860787,0.02871323,0.28704825,0.65799683,0.5310778,0.035746638,0.6558337,0.5678745,0.5512025,0.5126886,0.00795625,0.09766128,0.43253878,0.7697843,0.1537219,1.0701846,0.1642231,0.38006675,0.4484852,0.7307526,0.52581704,0.3149195,0.5300004,0.13259366,0.19267426,0.98170483,0.23612916,0.72367734,9.327374e-05,1.3380699,1.3703008,0.32327887,0.04003036,0.39946905,0.079648644,0.10110556,0.12068905,0.36749685,0.1961775,0.38530964,1.0751735,0.7360847,0.34350154,0.0,0.015155928,0.7965623,0.7005054,0.29249218,0.41428873,0.5319774,0.8350845,0.46872967,1.8812587,2.053815,0.043155916,0.16643836,0.1441208,0.7780482,0.90040445,0.95594,0.3861537,0.43969935,0.0,0.136075,2.0083184,0.75804377,0.79298466,0.0030248791,0.40067038,0.44006488,0.6859553,0.4701318,0.07015297,0.19254209,0.15622285,0.2510352,0.5588244,0.0,0.32358825,3.4536824,0.1515904,0.28641814,0.31029344,2.853535,1.7039113,0.6216683,0.6138152,1.3735485,1.514971,0.11306878,0.7053347,0.8442548,0.019779721,0.36231261,0.3666349,0.2535851,0.107187726,0.71362644,1.0223355,0.9193537,1.0530907,0.8467941,0.052671228,0.5586595,0.22478327,0.27960756,2.0178485,0.5446769,0.15619445,0.7919023,0.8119228,0.55037314,0.40396786,0.065571144,1.0014744,2.3115962,0.2593974,1.9223157,0.04572519,0.4824727,1.3740404,0.022028934,0.028405806,0.02937247,0.20193936,0.13570857,0.012772064,0.35423154,0.09743116,0.84451807,3.6222916,0.85117465,0.30220744,0.71467614,1.0836253,0.2527853,1.5706925,0.7088481,0.7542382,0.085205585,0.97090536,all_pothole_images\pothole_images_new_image_1168.jpg
0.5404394,0.20647386,0.71938586,1.9426185,1.0650096,0.016094694,1.1169257,0.35049495,0.8826532,0.6769764,1.0740042,0.53984934,0.16841036,1.3331504,0.25027966,0.3559311,0.23625311,0.6155721,2.3112266,0.04077395,0.1753109,0.08567,0.63640684,0.98986566,0.120193385,0.5441498,0.5923219,1.8335937,0.565788,0.105852745,0.22935514,0.14703552,0.243012,0.038616817,0.16384506,1.9073527,0.22673067,1.827499,0.9755639,0.03802522,0.37139836,0.70748085,0.48872802,1.3681219,1.476745,0.48614302,0.61303836,0.1518251,0.40261808,0.92586744,0.0057327994,0.8880349,0.28392655,0.19137388,0.30832863,0.44863752,0.8861783,0.1883382,0.0,0.21532618,0.18809742,0.15371628,0.2994339,0.62726146,0.9467314,1.5458258,1.0965836,0.04275611,0.68141913,0.15328486,0.32895443,0.8307743,0.09167535,0.11124819,0.9653955,0.0012824367,0.012304401,0.41575778,0.7760507,0.3998057,0.10134513,0.27592808,0.22465591,0.5702053,0.30179468,0.22682664,0.40246373,0.15160395,0.25373164,0.33704847,0.057653993,1.0631584,0.050784975,0.048108675,0.5857438,0.013066853,0.99053395,2.58136,0.13379782,0.24928182,0.121950515,0.52983135,1.4881897,0.1344455,1.5981996,0.057752714,0.8584578,0.473278,0.28080767,0.17735313,0.09510324,0.52355397,0.5153834,0.6201525,0.6993132,0.08659551,0.15573896,0.0025602493,1.7238339,1.8354411,1.563611,0.27183652,0.052752085,0.5027842,0.17759933,0.1118317,0.10913623,0.17684959,1.1525942,0.028891511,0.079167716,0.3044939,0.80366606,0.5284384,0.08279168,0.25353155,0.19732668,0.6474042,0.24529757,0.20879224,0.45460486,0.11203756,0.71100086,0.19938837,0.25796738,1.8362653,0.0,0.46878564,0.28927863,0.4458006,0.47000268,1.8947554,0.016605709,0.12924844,1.6461365,0.4483521,0.04395464,0.026738742,0.1273992,0.47245586,0.1379269,0.43909445,0.8403011,1.3157856,0.051189303,0.0012751139,0.7432656,0.10055187,0.5510056,4.008435,0.06548918,0.077237144,0.052336153,0.0062631043,0.017075928,0.84100807,0.13926189,0.26483187,0.8120998,0.23896646,0.07865575,0.14811584,0.6665203,0.9458917,0.61001277,1.0768943,0.30513006,0.7056751,2.2687063,0.63760537,0.22637583,0.35376084,0.13119404,0.28286773,0.5000991,0.29268983,1.3661407,0.08466178,0.8788245,0.27980378,0.28218284,2.4833598,0.34624714,0.12612371,0.019046865,0.3447274,1.156741,0.07787851,1.6041539,0.97159624,0.0,0.76515937,0.7115726,0.6256684,2.014079,3.0476441,0.06845439,0.16842405,0.4346129,0.0707118,0.90568775,0.3166814,0.41479364,0.017671255,0.060093597,0.026283711,0.58715844,0.87924486,0.8497187,1.4799675,0.37911975,0.020960491,1.0334104,1.3138361,0.6665554,0.3174193,2.597882,0.12462968,0.07067208,0.36606473,0.7508571,0.8581795,0.02730132,1.3353922,0.34855396,0.14575182,1.4387945,0.13086197,0.46790537,3.774221,0.914689,0.0,0.13746019,0.7743811,0.14349124,0.6240995,0.49044642,0.39694893,0.03147626,2.6948347,0.3218727,0.8148735,0.31607297,0.6729772,0.40874797,0.3585869,0.41089815,0.02414422,1.9712697,0.0010653267,0.012751647,0.64517605,1.0102582,0.040259406,1.0194986,1.1661484,0.0,0.9440977,0.06844821,0.32023516,0.6651038,0.6669045,1.5924256,0.5728117,0.047709074,0.24137014,1.6899999,0.25555846,0.5718862,0.011235499,0.2622826,0.2814315,0.001344633,0.2954675,0.2067921,0.24450925,0.16115534,0.32176244,0.2282306,1.3187008,1.468343,0.9087868,0.14782685,0.0,5.2889614,0.21973033,0.47343317,0.021357123,0.1034016,0.13181199,1.2733893,0.4270713,0.98220307,1.1023432,1.2672023,0.9104097,0.02221846,2.212622,1.7069958,0.14701575,0.5939542,0.30245155,0.16908424,0.025012031,0.07000527,0.34426185,1.0939406,0.0019172681,1.0104169,0.05932282,1.826207,0.2067988,0.4891603,0.018056082,0.56217,0.50578016,2.734617,0.75685805,0.5681124,0.115864344,0.0726682,0.29624644,0.73946714,1.306295,0.73325175,0.5667542,0.35156345,0.21326554,0.10905181,0.21512829,0.8096491,0.110551655,0.3884668,0.08280488,0.39716393,0.09660041,0.09563504,1.035987,0.54458934,1.3048143,1.0135912,0.5467378,0.46171832,0.0017580303,0.18864349,0.20484029,0.23320474,0.031472538,0.38186765,0.3749156,0.7946737,0.020374782,0.8678251,0.30071422,0.0026507843,0.20727147,0.16584758,0.14080141,0.4704294,0.27634954,0.48193833,0.7021869,0.0803915,0.30037063,0.5856827,0.40744126,0.29057837,0.76078653,0.07528136,0.008452689,0.7863113,0.018228324,0.25810203,0.40183145,0.019654624,0.17062588,1.1252238,0.5026196,0.4340466,0.09268872,0.72382635,2.326713,0.7168054,0.03894705,0.5329713,0.42006308,0.58633554,0.42961887,1.1685,0.06775891,0.894141,0.4221758,0.09470632,0.5225321,0.10272603,0.6195341,0.24337775,0.5946668,0.3254003,0.068046086,0.4647243,0.29793054,0.7395149,0.9853334,1.211114,0.09570268,0.46598607,0.6189955,0.118522175,0.17332481,0.08740855,0.08306993,0.16587482,0.9246466,0.28804955,1.153025,0.011487037,0.23550086,0.33878994,0.48484528,0.7812839,0.12756337,0.15691112,0.004845837,0.51576823,0.07260929,0.7114681,0.1998244,0.4348245,0.6021493,4.3612514,0.09484617,0.80653685,0.119472034,1.2383511,0.6918071,0.061899334,0.19630103,0.016008142,1.0038111,2.3144581,0.7548623,1.127574,0.62830234,0.46407017,0.047224667,0.0206718,0.045487534,0.35580868,1.2013439,0.056719877,0.039062317,0.1140988,0.9989657,0.5446602,0.061416976,0.13737862,3.1200652,1.4381055,0.12654378,0.0138236955,0.8205231,0.9038324,0.3053736,0.13557382,0.23370743,0.10525288,0.089218505,0.614869,0.006467722,0.7600597,0.6602228,0.29946953,0.55496204,0.0016909222,0.03016535,1.0037435,0.696353,0.83332783,0.03613037,1.1805984,3.7197187,0.41995123,0.34643757,0.61066496,2.305087,0.6223096,1.096858,0.18580374,0.6550463,0.0,0.020998353,all_pothole_images\pothole_images_new_image_1169.jpg
1.7161851,1.3257219,0.9363289,2.2397847,0.086594336,0.25250068,0.38487002,0.14734158,0.54024684,0.35122564,0.009689775,0.75448084,0.2557624,0.40646178,0.820009,0.027971664,0.2513509,0.0,0.9367926,0.34947783,1.0617551,2.3603706,0.3209849,0.0095413085,1.1650112,0.4261271,0.5542863,1.7691982,0.040012922,0.042261794,2.0048676,0.09429856,0.20628624,1.1666331,0.48661616,0.2007632,0.0023520777,1.5444326,0.54778093,4.220601,0.06646763,0.4256489,0.22271033,0.92661893,0.2517379,0.2040598,0.058595292,0.8596749,0.11064455,0.18022016,0.052922446,1.4187723,0.9182865,0.28834876,0.30447042,0.06311773,0.22631787,0.5216907,0.022489151,0.04604869,0.005314389,1.1266388,1.2278353,0.18476588,0.011551217,2.340139,0.91225433,0.2015637,0.20119058,0.03644561,0.72180253,0.5045941,0.33968523,0.02038973,0.0,0.44244525,0.7232786,0.5588302,0.005447164,0.07076471,0.010029195,0.8963377,0.25976795,2.1023104,0.69836235,1.233949,0.47264963,0.1486034,1.6180233,0.47633648,0.0038967493,0.0,1.0448275,0.03842625,0.17343774,0.5884842,1.4770427,0.88955265,0.36999333,0.43612993,0.10278626,1.3030391,0.5090211,1.7762926,0.31574523,1.1283575,0.010251116,0.25618336,0.4573909,0.60534376,0.381279,2.4701724,0.81653845,0.24799675,0.357539,0.15829232,1.9863639,0.0037218835,1.7386576,0.74864984,2.1022618,0.035019834,0.32139954,3.898438,1.4216796,1.7761457,0.69123,0.032264754,0.39410603,0.9236946,1.0504375,0.013490298,0.052763253,0.2883722,0.7707319,0.49628946,0.046637464,0.3216168,0.52866536,0.12580706,0.0715593,0.04064213,0.2186809,0.2995362,0.0,0.81958467,1.1484185,3.713545,0.09297645,0.4303792,0.5593067,0.976305,0.0059094247,0.22894211,0.7562859,0.055783484,0.13266347,0.3016624,0.09453291,0.23107801,1.0440003,2.8831525,0.4095645,0.29746518,1.4860046,0.0017483847,0.92756915,0.15793142,0.68555105,1.686,0.2703043,0.01644852,0.0938241,0.007004575,1.0007851,0.0,0.6343924,0.06571299,0.0,0.365742,0.046399847,1.0989773,1.5194165,3.0262637,0.26580936,0.30596262,0.9517161,0.98827654,1.1398435,0.313273,0.0,0.28494617,0.18297528,1.6746997,0.68107855,0.079787776,0.5011092,0.6945689,0.034475777,0.8039535,0.19998287,0.7958941,0.7568649,0.7542737,1.149791,0.14570804,0.285009,0.02808458,0.35133186,0.4966071,0.5103363,0.2826913,0.1766489,0.07185694,0.3256301,0.113621466,0.06835136,0.30520922,1.3138382,0.051808387,0.79525155,0.49851805,0.72703475,1.622846,1.6708906,0.34690085,1.1713244,0.04748586,0.5088268,1.3261131,0.073017605,0.39544746,0.095014326,0.54483324,0.0,0.28260013,0.95276105,0.44206837,0.40501508,0.3924186,0.022912787,0.35482234,0.3056525,0.25463903,0.25193885,0.07722974,0.1077091,0.3198551,0.5156508,2.702398,1.8600657,1.1769166,0.46160105,0.5244769,0.6618914,0.0,0.20259374,0.18104346,0.2857315,0.6735125,0.36790228,0.19333963,1.9986982,0.47397047,0.483196,1.0962709,0.12765558,0.6002184,5.7142825,0.042037155,0.29588947,0.0,0.03739832,1.4827067,0.43218052,1.5504498,0.55759263,1.1464754,0.0862019,0.39326102,1.1378297,0.21872024,1.219887,0.12724347,1.1789138,0.13741593,1.0398048,1.2118746,0.7720533,0.27341717,0.53064096,0.4412538,0.022564763,1.1683596,0.7285625,0.3193901,0.501235,0.10691726,0.49957567,1.1065823,0.030973094,0.29619297,0.16878377,0.46766827,5.427718,0.47068608,0.3233461,0.49622148,0.030872412,0.06675892,0.57858515,0.44100678,2.600201,0.033591088,0.0030584675,0.290449,0.3750692,0.46669304,0.5230652,0.11317161,1.4367001,0.07445525,0.40283102,0.14455305,0.27972853,0.6857975,1.2334576,0.30894282,0.80989593,0.43546042,1.8916851,0.98221993,0.46280393,0.11547016,0.6226424,1.624486,3.132004,0.8311541,0.41246858,0.25530502,0.38282818,1.3252822,1.2379802,0.37806353,1.1281663,0.13802013,0.0030160833,0.05605682,0.40488127,1.6639116,0.11757041,0.9819061,0.08603067,0.804582,0.6400195,0.5835061,0.28191787,0.46349362,1.0977945,0.89977145,0.13874537,0.2772218,0.08792926,0.31475082,0.05951965,0.37333402,0.9440394,0.44742298,0.031147791,0.570459,2.2510734,0.45033687,0.2549865,0.2501673,0.44194984,0.16953245,1.1217079,0.026960343,1.6412995,0.12325917,0.74280125,0.1075314,2.4469848,0.98476064,3.019268,1.1136388,1.0779597,0.24906364,0.015574106,4.0294747,2.0555472,0.16869977,0.06818581,0.044841867,0.12037707,0.4042102,0.17455374,0.63529634,0.16238311,0.0063475734,2.076104,0.46734828,0.17167607,1.0599812,0.9256796,0.03498445,0.52674997,0.90136826,0.14159182,0.09538407,0.42014164,1.026231,1.1547534,1.5781271,0.021208076,0.15502019,0.31627223,0.57393783,0.24126054,0.5274758,2.3969517,0.06897771,3.0094292,3.388431,0.4510177,0.10837098,1.8095673,0.036269378,0.15058239,0.4891138,0.61867356,0.0051963674,0.083437614,0.0,0.30732223,5.779905,1.3200203,0.007992617,0.51598734,0.7421023,0.19861118,1.1785505,0.16012166,0.049138926,0.39005122,0.0,2.797707,0.5929466,0.38989046,2.2719264,1.4822072,0.9603808,0.26603857,1.1431867,0.62312216,1.4976065,0.36386266,0.33105555,0.06515493,0.3397986,0.7902161,0.02641135,0.07970581,0.06334589,0.014907957,1.5762033,0.15444946,0.08080301,0.018375535,1.0003477,1.4112433,0.09998424,1.0461025,0.16608347,0.10950674,1.4984456,0.022739194,0.042861134,0.17649336,1.0414255,0.49852923,2.8032207,1.2836696,0.0077163405,0.0065034525,0.86757845,0.16386954,0.1599668,0.8105878,0.19789132,0.1295925,5.533436,0.019343331,0.025890907,0.13231006,0.0020987066,0.006718592,0.044553105,0.015474086,0.19962262,0.019635221,1.8525882,0.34544638,0.5403274,1.1519505,0.731349,1.9732709,1.0684042,0.019876834,1.0365016,0.9246555,1.6025624,all_pothole_images\pothole_images_new_image_117.jpg
0.68127745,2.7069957,1.593836,1.030154,1.394458,0.50186926,0.52105564,0.20336737,0.6487543,0.9510756,0.31648377,0.5106238,1.1551071,0.88285995,0.24237375,0.8110232,1.0185665,0.17420396,0.5417886,1.1075108,0.0066728066,1.7904688,1.5449866,2.8568413,0.1933686,1.1936337,0.13392736,1.6426932,0.23291461,0.6712807,1.7910304,0.64305204,1.1888974,1.4695047,2.259634,0.9123056,0.60474837,0.9905585,1.2091986,0.33368048,0.4272604,0.51472837,0.47186083,0.6182553,2.242897,0.26082337,0.5079455,0.22365533,1.2328618,0.8680864,1.8884752,1.7175232,0.6078168,0.9241749,0.52645385,0.21514665,1.3884327,0.0719784,1.8071004,0.42005202,0.54261506,0.11708168,1.8717321,0.16902865,1.0105566,1.4875017,1.8245168,0.17933223,1.436705,0.953297,1.132313,2.298304,0.12952222,0.13903818,0.9358684,1.1094751,0.6860022,0.3993224,0.041408014,1.4454463,0.46121833,0.9123169,0.87861896,1.0451827,1.7764958,0.21245034,0.13274564,0.5168089,2.0280213,1.01496,0.16839533,1.5765387,1.0035621,1.342114,0.4020748,0.6006946,0.88431674,2.240103,1.0622172,1.2472994,0.4472494,0.6564401,1.2946398,0.62050414,0.84295255,1.6195959,1.0724397,0.6327311,0.3276696,0.840302,1.3474342,2.3159544,0.39306608,1.55975,0.84963715,1.0537595,0.17322984,0.9790126,1.1855738,1.3791405,1.4924291,1.2686177,0.9293859,0.21222848,2.0074284,0.3734275,0.96359026,0.8735577,0.3825182,0.889247,2.5242949,0.17208208,0.13550377,1.3162549,0.15142263,0.7359315,0.28338727,0.08774727,1.798882,0.49287516,1.1748205,0.8643663,0.28669152,1.8058304,0.47245193,0.3545597,0.28880814,0.1551618,1.3260106,2.0394368,0.6078445,0.9318958,0.40013942,0.496896,0.9724017,0.21931574,1.5163511,1.3891648,0.4916792,1.0142921,1.0572444,0.79339707,1.0567228,3.5704908,1.3578035,0.51761067,0.82476246,0.60981864,1.2011917,0.38690075,0.2849897,0.072137356,0.19427137,0.15914352,0.71634275,0.6340633,0.99852204,1.0888484,0.029526044,0.81035596,0.9409228,1.5969764,0.77434224,2.841615,1.3769312,1.191376,2.3717055,0.54306805,1.0235435,0.71376956,0.5777429,1.5156051,0.8487204,2.5170188,0.9396881,0.9272386,1.4129556,0.8004701,0.78582853,2.2073975,0.8124331,0.7864667,0.25978947,0.34560093,0.7964124,0.7766032,1.0242873,0.05017047,0.28488943,1.0507838,0.33070302,0.441965,1.7603563,0.43443158,1.1546645,0.1611194,1.3697495,0.07353408,0.31628686,0.485256,0.7672949,0.06991523,0.6567627,0.8541319,0.6083352,0.4661072,0.80166715,0.46347415,0.7578238,0.54058015,0.46413243,0.71533656,1.5125421,0.15257354,1.6547018,0.26825038,0.43553594,0.029608464,0.6668194,0.53832775,0.7931155,0.60996157,0.23060203,0.45460275,0.17245999,0.030298678,1.5238502,0.96661377,0.4134089,1.0637664,1.3894439,0.1405761,0.36729896,0.046591185,0.36421412,0.051218364,0.93825006,0.5995229,0.52970594,0.61114085,0.44643927,1.2452329,1.1684726,0.8255271,0.023169512,0.49628183,0.3576199,1.1149255,0.992519,0.30045804,0.2748943,0.022638543,0.122974254,0.62973964,0.9696656,1.699287,1.293239,0.7319992,1.2811688,0.9811258,0.08012953,1.1605623,0.8717136,0.76957476,2.4255843,0.9477732,0.3034086,1.1317811,1.7038361,0.4592559,0.32401034,0.064308606,0.0,1.6498251,0.8452718,0.7005961,1.9576454,0.48906276,0.7263436,0.7195936,0.3460878,0.093472466,0.6195138,1.1588011,1.7637103,0.28875807,0.42905673,1.2110798,0.53982246,0.5765037,0.10858162,0.68115145,3.8941498,1.0773615,1.4542172,0.18132968,0.39791197,0.44291398,1.0509969,0.60207516,1.4016293,0.23684715,0.54624003,1.030715,1.3795418,0.6581723,0.90571725,1.4918765,0.45015463,0.7868427,2.7862105,0.6393427,0.15249942,0.049169168,0.97189295,0.9362573,0.3900279,0.07265884,0.91169214,0.33647245,1.6166276,0.95054346,0.9014809,0.35283294,0.3137909,0.745812,0.63616496,0.2455844,0.5863094,0.7441269,0.106703416,0.55420417,0.24815173,0.90953904,1.2607869,0.5855773,1.7438159,0.79378694,0.5007681,0.5444538,0.95892465,1.1276261,1.1516482,0.29678553,0.5169741,0.7149306,1.3693284,1.4080474,0.24634527,2.309897,1.0011675,0.62651145,1.1288865,0.7691555,0.7950637,2.3910208,0.43640602,0.4162144,0.46568912,1.4980772,0.7359989,1.7702608,0.32162428,0.9102282,2.4489079,0.46054956,3.0361693,1.9379908,0.50737935,2.797619,2.555175,0.5239531,0.36868477,1.0343459,0.38652638,1.4196177,0.87633264,1.3819189,0.93237495,0.35528633,2.8029408,1.348521,0.19387248,0.11772163,0.3237116,0.6334606,1.8752006,0.20180237,0.051668923,0.6070405,0.1144366,0.33102804,1.2872586,0.5599498,0.431608,0.3674546,1.1613656,0.2794345,0.26138812,0.2323584,0.2441563,0.7770503,1.1790115,1.6079108,0.42787784,0.60023683,0.7978962,1.5959444,0.5983511,0.81656396,0.9032306,2.2795923,0.54700166,0.7313386,0.39759573,1.5064937,1.246994,1.0185633,0.6063289,0.88144314,0.32095182,0.37921232,0.8909335,0.26199037,0.115740836,0.8301647,0.69947684,0.25621328,2.2025502,0.5519589,1.3176836,1.1236151,1.6123476,0.773863,1.1228409,1.2228988,0.15391143,1.1290013,0.17593256,0.1268793,1.5232086,0.5342838,0.898835,1.4556389,0.3859013,1.108322,0.2056509,0.42312014,0.95768774,0.89780635,0.9015476,0.6139124,0.40723687,0.44219863,0.33176807,0.08810429,0.63565236,0.20365728,1.531575,0.09414363,0.7118974,1.3691401,0.62330776,0.3600449,0.17633103,1.0161669,1.4124147,0.62818855,0.1674021,0.06955541,1.2183515,1.445491,0.7939469,0.02303228,0.3410354,0.16041543,1.3302904,1.8575541,0.19625176,0.67143,0.54379654,1.2595043,0.63730186,0.61578816,0.57110435,0.4969218,0.2722043,1.2566843,0.5140167,0.5005001,0.20977694,0.37847963,all_pothole_images\pothole_images_new_image_1170.jpg
1.5032012,2.4802642,0.3362428,2.6198983,0.23673517,1.7518481,0.5290502,0.0,1.6211538,0.6576535,0.25270465,0.39591333,0.033670917,0.78194207,1.4721417,1.1769114,0.5738114,0.17289479,0.40645242,0.07955497,0.585761,0.66816384,1.271553,2.5812511,0.045585178,0.4078793,0.0,0.38754466,0.2103498,0.385103,1.2412434,0.030746948,1.0268793,0.58127284,0.002262188,0.64592135,0.17164059,0.3623265,0.8150467,0.080420785,1.5010313,1.4891409,0.21135746,0.48833036,1.9819529,0.06980168,0.34956896,0.16114204,0.27749574,0.6244948,0.44555286,0.04763966,0.6291148,0.13577227,0.12769613,0.5243526,0.4659916,0.09671255,0.9776187,0.7559471,0.027390372,0.4649247,0.52007395,0.7723329,0.1660256,0.17112659,1.688085,0.017516289,0.11886733,0.1502846,0.1489728,0.23995802,0.5114625,0.17388527,0.002556479,2.8247933,0.33865964,0.68666154,0.2773843,0.030279266,0.1168599,0.36647773,0.23504512,0.3142693,0.04182435,0.32685718,0.042963,0.05506651,3.4081826,0.39068678,0.3779085,0.097867906,0.26594,0.6320883,2.168677,0.0,1.3194264,1.6247063,0.19142814,0.42755115,0.0,0.24068275,0.49485847,0.5156364,1.2496297,0.38212055,0.009029023,0.0,0.37021434,0.9455195,0.0,4.348441,1.8010597,1.078592,0.33409524,0.6045243,0.11623055,0.63628983,1.5454496,1.4580907,2.7193677,0.075072676,0.29812875,2.1811454,0.4248439,0.8574891,0.13434692,0.21102418,1.129445,0.019671563,0.07207858,0.0054148454,0.0,0.0,0.24252331,0.0015734183,0.121177495,0.37206322,0.018899754,0.105877124,0.049061302,0.33004254,0.22386338,0.36844143,0.09920141,1.3783566,0.12443382,0.906238,0.030143011,0.14913893,0.24338496,1.2059107,0.40774858,0.21328627,1.9444326,1.360139,0.12520443,0.065370195,0.40551972,0.16943473,1.0722498,0.76203996,0.0,1.0091318,1.1822014,1.2366745,0.029233055,0.025627747,2.0435913,0.62080735,0.0874392,0.011885664,0.08792254,2.321199e-05,2.6637287,0.60030544,0.9783072,0.0,0.54878247,0.6358276,0.09598889,2.6563146,1.6116402,1.7398585,0.8630912,0.27087763,0.08855562,0.77337605,0.3844609,0.8220535,0.0,0.18992075,0.18948793,0.5405843,0.46116424,0.18707593,2.1465905,1.2681427,1.661749,1.6044292,0.11641173,2.895734,0.29429257,0.6785182,0.45976514,1.0950828,0.44556862,0.16202278,2.061591,0.59915274,0.0022776187,0.16449381,0.6714338,1.0368496,0.67759347,1.1512527,0.119738184,0.39339116,2.4728525,0.4920971,0.9103674,0.0078178,0.06356558,2.1741679,0.46235174,0.01992151,4.538327,0.010334282,0.41128322,0.022443498,0.25144872,0.18432604,0.682087,0.7333885,1.7722944,0.41108322,1.0151409,0.12364512,0.42665124,0.42849568,0.35685736,0.67225754,0.8564702,0.07143251,0.0,0.0,0.76307285,0.0056715133,1.6535431,3.6619587,1.4137641,0.5681626,0.07654963,0.3071845,1.065771,0.015702754,1.0700352,1.2133666,0.51769257,2.2638242,0.0,0.09361306,0.4666685,1.3804375,0.47889024,2.0251405,1.0497612,0.1304151,5.7436085,0.3445348,0.74014264,0.007021201,0.53802645,0.20911239,1.0749199,1.4372432,0.14013866,0.3580718,0.15933707,0.43682843,0.0,0.74617815,0.5041778,0.09432384,0.0,0.11466025,0.2625247,0.28547275,0.01918158,0.021792516,1.0163937,0.8389926,0.55327946,1.299524,0.32481754,0.30870998,0.2575644,0.048809607,1.894619,0.6280112,0.86123616,0.3982051,0.3780752,0.9692462,4.1514554,0.29171395,0.8276594,0.37019008,0.17790136,0.2561756,0.26634923,2.238514,5.394812,1.0370967,0.081958435,2.8214447,0.06794472,2.6562858,1.5242718,1.8408757,0.9796082,0.05786085,0.7074305,0.0041211005,0.53671235,0.68125325,0.10883348,0.27986822,0.20758146,0.25010407,3.6806335,0.0,0.0,0.26568812,0.06594448,0.61104864,2.1640706,0.71799046,0.2744041,0.19502331,0.71468157,1.2560506,4.415815,0.21164724,1.0074627,0.23705937,1.0770569,0.0,0.07191642,0.71214026,0.29563567,1.7910937,0.27723354,0.71142375,0.95170414,0.25882143,0.1955922,0.6703128,0.29208034,0.5966666,0.04493615,0.4265291,0.6113224,1.0889447,0.0014778204,0.606285,0.18483964,0.09929266,0.01837439,0.19191821,0.5118579,2.0840065,0.12267426,0.034951545,1.1419504,0.0009942849,0.8626824,0.83232534,0.46313936,0.6738447,0.1772308,0.29685166,0.7625791,1.2778658,2.0420477,0.2617731,0.68196213,0.3679055,0.052108154,1.2968205,0.1183687,1.8990128,0.16256781,0.06378657,0.0,0.98530436,0.58890224,1.6008316,1.9929215,0.2864569,0.40964293,0.41226813,2.1480234,0.30680415,0.38608924,0.65988725,1.1444502,0.3316616,0.094172955,0.72764456,0.22444414,0.6922653,1.0409118,0.32523385,0.03675332,0.0,1.2334795,0.26544014,0.17331553,0.53464776,0.23978654,0.98926586,0.6331226,0.2611345,2.1632802,0.012942418,0.39688173,0.99173087,0.83951455,1.9368756,0.52232,0.717351,0.12012194,0.02222898,0.027127752,4.976033,2.2876587,0.98842067,0.5611942,1.6327184,0.702035,0.13050865,0.112737,0.26378313,0.40944764,0.03506413,0.14404783,1.210178,0.0,2.0446882,2.088912,0.828193,0.96967036,0.96339303,0.6991796,2.7731752,2.396262,0.004236466,0.7747661,3.3293397,0.09495198,0.6342001,1.7286792,0.6838693,2.6480782,0.011337325,0.2995612,0.0,0.011010739,2.834358,1.334487,0.0015019774,0.25887164,0.055159703,0.8113794,0.07044755,1.1713308,1.9371086,0.18278772,1.2088482,0.92084664,2.1312242,0.94976455,0.36637768,0.09551805,0.55328184,1.8817497,0.04850343,0.053035725,0.16081019,0.017843015,2.5768626,0.012616098,0.0052536055,0.10352002,0.0,0.2223524,0.097611934,0.0005237028,0.0,0.052174017,6.064844,0.981892,1.5573467,0.47750562,2.303063,0.25300553,2.0915973,0.104158476,2.9560385,0.0,0.14039873,all_pothole_images\pothole_images_new_image_1171.jpg
0.008275666,0.26814732,0.14734276,1.0289339,0.25007796,0.58059967,0.6315998,0.06490051,0.6385621,0.9089264,0.6378904,0.060919166,0.24697685,1.3162298,0.37151322,0.15378068,0.32334834,3.3074346,2.011419,0.12236153,0.9010801,1.0626544,1.4149592,2.2742949,1.0445808,0.44664693,0.44081628,1.154857,0.035672244,1.155456,0.14520974,0.060005896,0.0052314787,0.8216363,1.280332,1.8670305,0.09565045,1.1341074,1.1791606,0.3142188,0.59375393,0.2164113,0.3036756,1.0321257,0.16015704,0.35702464,0.086475216,0.2239376,0.59861016,0.5260316,1.7957088,1.2766231,3.2316751,0.48174128,0.41802448,0.36956292,0.6783525,0.3867956,1.3337768,0.2474851,0.412364,0.09676299,0.60651964,0.0,2.2564156,0.8185345,0.865121,0.020698244,0.047463134,0.29990026,0.3048204,0.067254096,0.93163985,0.018031016,1.5472406,0.31849495,0.0009917709,0.44538662,1.490235,1.3053614,0.048111495,0.03500868,0.20178741,0.9196958,0.6009561,0.5773775,0.0004834282,0.21784382,0.8589166,0.4794959,1.2685938,0.58940244,1.1288555,1.0280385,0.4809934,0.1800778,0.7082889,2.3066125,0.6774519,0.0419419,0.33014825,3.0476575,0.93321157,0.03432044,0.497515,1.3341137,0.040719435,0.08053,0.16201264,0.9307541,0.6627243,1.0138267,0.2621796,1.2517937,0.03394414,0.2425032,0.8296004,0.46149406,0.6349282,0.83774316,1.9936414,1.2499573,0.5526841,0.53432405,0.462955,0.34610054,0.023397608,0.48723134,0.41850305,1.1364546,0.33391353,0.011529518,0.19718875,0.9279402,0.02863359,0.71049273,0.28096557,1.3508184,0.07375798,0.072648264,0.2769341,0.90383404,1.3234019,1.0905571,0.1604006,0.14535825,0.8676868,1.0751916,0.035903446,0.2932555,0.36916137,0.52712893,0.06311969,0.66677487,2.7113662,0.6400468,0.2942847,1.0617406,0.29652494,1.3064562,2.1159744,1.3417531,0.023325644,3.3924472,0.13986835,0.016604591,0.7908517,0.19164692,0.9633591,2.64037,0.34926465,0.31417185,0.7455944,0.11112805,0.27179807,1.1137332,0.04462056,0.0027873458,0.24689339,1.4024918,1.4924542,2.7300103,1.7047267,0.6603425,1.7447665,1.6292456,0.00802555,0.09458103,1.5735567,0.47545198,0.20014179,1.2114409,0.9039506,0.29010987,0.8080373,0.1923737,0.6270199,0.3020835,0.44143358,1.9301051,0.8291975,0.85449886,1.1682959,0.83836377,0.77170396,0.6697457,0.119223446,1.2268989,0.76247996,1.2791991,0.44962162,0.6325261,1.6632917,0.5628006,0.4056704,0.8762157,1.2094065,0.7327281,0.46803632,0.32912895,0.17347223,0.29582027,0.5260524,1.0251416,0.0,0.01875438,1.4579943,0.1757983,1.9763713,0.10369839,0.4313483,0.32217413,0.8435164,1.3077545,0.19796288,0.09443931,0.523701,0.3532418,0.22802846,0.16051465,0.9635916,0.08356245,0.9502495,0.2517761,0.43256682,0.43101323,0.3806743,0.051263146,1.0809805,4.968886,1.2723794,0.5442273,0.047573313,1.2818034,0.044061422,0.67179036,0.87066704,1.2353504,0.13844934,0.96126896,0.8454699,0.9134034,0.065080635,0.3757967,0.044601746,0.17591488,0.6126376,0.7869667,0.8929644,0.49541885,0.30507785,0.050665576,0.81869817,1.1337186,0.056402825,0.7080241,0.07557719,0.13502483,0.18573551,0.91859514,2.090567,0.112669475,0.1585131,0.0982638,1.2894341,1.186693,1.6223882,0.090029925,0.24239548,0.030927913,0.15703347,0.39301738,0.0082562,1.1612698,1.8282517,0.039060723,0.77457565,1.0054657,0.29292688,2.80654,0.380752,1.0860018,0.060499843,0.011724184,2.155447,0.5152357,0.09322396,0.0,1.7863333,0.89706385,0.85460585,1.0525107,3.0148253,1.9540355,0.667497,0.16146941,1.5832407,0.6273501,1.9446297,0.07480561,0.34644115,0.023569008,0.8510602,0.9212133,0.9660115,0.94605964,0.20225252,0.28812775,0.067077175,0.06574321,1.238146,0.3825891,0.30740935,0.23760398,0.3177371,1.4246628,0.20584363,1.155515,0.68002063,0.70355046,2.1877642,0.1507164,1.9459262,0.3923536,0.49174896,0.4230267,0.09012733,0.04185294,0.49641538,0.7933091,0.032589447,0.44726327,0.82044375,1.8320583,0.17955583,1.5136491,0.80932593,0.54905176,0.8981903,0.6639784,0.2958646,0.35837442,0.30163285,1.2989008,0.7578875,0.017199138,2.2312434,0.5257723,0.5247419,0.8776009,1.8009762,1.5251615,0.40329936,1.0435351,0.46686205,0.103777565,0.13393009,0.19780305,0.83386797,0.5828564,0.252453,0.11349411,0.071069025,0.70195365,1.184405,0.91812056,0.6478738,1.5057313,0.14884572,1.4817238,0.8385369,0.54599273,0.059391282,1.1364902,0.09996434,0.1952462,1.2726711,0.34890342,0.31748343,0.0059892815,1.249877,2.0327332,0.2996409,0.0011825333,0.47035295,0.0,0.43641552,0.8552018,0.65270656,0.39927673,0.30842215,0.07986758,0.7658438,0.53690296,0.010279317,0.44198737,0.26433513,1.3835701,0.30605003,0.18355201,0.98209,0.5773776,0.73578006,1.1613573,1.0442531,0.17109229,0.6694362,1.3109528,1.057133,0.5244685,0.7745557,0.65171504,0.6929354,1.5899807,0.8859973,1.433859,0.30691394,0.9344208,0.7823726,0.0,1.0078591,0.00628239,0.020467997,0.04088834,0.5595767,0.12038115,1.2511024,0.3616799,0.24890818,0.9586108,2.005414,0.17603837,0.19603786,0.3065133,0.7620812,1.5918549,0.015020949,0.27803257,0.5051544,0.3422998,1.092059,0.6607798,0.7860911,0.2705317,0.18015538,0.42816448,0.8793317,0.23782091,0.36391655,0.7158724,1.2299398,0.68190235,0.0076169153,0.043109022,1.1748824,0.09341631,0.3456626,0.5928195,1.0571951,0.060383134,0.40749708,1.1059191,0.70435464,0.4673201,0.42699078,0.096029215,0.1771712,0.00054337416,1.3872774,0.0950921,1.75257,1.0542693,0.01667879,0.70650834,0.0043763327,0.36895567,0.53243077,0.11816916,1.0707176,0.023192426,0.16271281,1.8894402,0.9901766,0.68389744,0.35482538,0.7117669,0.17570536,0.6595136,0.40323922,0.42256764,0.23613809,0.13159874,all_pothole_images\pothole_images_new_image_1172.jpg
2.937366,0.9784711,1.1260661,0.34476954,0.87628543,1.5313601,1.3428808,0.56671304,0.24850751,1.5642716,0.08412877,0.46900946,1.1875988,0.10512492,0.46802154,0.054242346,0.6660882,0.25883964,0.5275758,0.31828538,1.0926636,1.4823486,0.6778774,1.6867934,0.4680928,0.017478544,0.07812962,0.14092724,0.003148568,1.4312558,1.0131413,0.01558345,0.7785129,0.29909176,0.5282243,0.8201286,1.5524985,0.28252798,2.0868554,0.20413682,0.06174596,0.11171056,0.06251001,1.5844306,1.2397208,0.23902455,0.8786957,0.14332546,0.90749526,1.3761694,1.6173884,2.0823834,2.6520355,0.0481889,0.584047,1.5816407,1.4692968,0.91813904,0.78988034,1.1099834,0.10392533,0.16970354,0.074534126,0.48057953,0.21712627,1.7094857,0.22409096,0.003973755,0.3264497,0.65205383,0.06506422,1.0441202,0.715546,0.18898796,1.126716,1.0587102,0.39794543,0.7946379,0.028063983,0.3024363,0.14349072,1.3494236,0.3666476,1.3518661,0.8176099,0.1024749,0.7085321,0.6941673,1.9369287,0.52280295,0.58850384,0.91779375,1.1216938,0.32183024,0.7589799,0.16691267,1.3483739,0.33727467,0.16953976,0.027844166,0.08468311,1.381836,0.13276331,0.11307231,1.346125,1.8975085,0.16478351,1.0892432,0.021828631,0.7040708,1.2928766,2.2994533,2.045161,0.25234443,0.31057534,0.84736836,2.5593271,0.2952533,0.27949768,0.81539315,1.0952653,1.0745121,1.3150117,0.56102544,1.4269801,1.2119598,1.8379021,1.7419893,2.9175832,0.26336676,0.123785414,0.017607808,0.01397706,0.5461616,0.24664946,0.77008337,0.36667812,0.5362715,0.9461696,0.5227504,1.3848584,1.0514305,0.15345582,0.6863254,0.3145762,0.60001475,0.61533636,0.55836487,0.45379105,0.89339894,0.99608237,0.17075011,0.014332634,0.51387817,1.3613576,0.6368924,1.6116809,0.20998996,0.6009865,1.3558044,2.1055536,0.8184074,0.06635645,3.3106048,0.660378,0.12963139,1.4478902,0.18879777,1.2843635,0.30460504,0.9227672,0.005053852,0.024779724,0.33731923,1.0746788,0.044017844,0.7898432,0.0026937397,0.13963097,0.5313764,0.07761554,1.8456137,2.3294613,1.8495814,3.1396961,0.49293026,0.46697506,1.2880183,1.09695,0.7690074,0.307703,0.6543692,0.12019181,1.8018103,0.039830465,0.496957,0.34458262,1.1276246,0.79026437,1.1568961,0.055952653,0.7518173,0.83676517,0.09958138,1.236864,0.59404814,0.3904401,0.08763779,0.15191872,0.3834884,0.031666808,0.37730715,0.46936315,0.6410312,1.4138249,1.1223848,0.98560005,0.526733,0.10480638,0.5044493,0.4755839,0.89980304,0.3343796,2.2405317,0.0008750892,0.5654991,0.5277153,0.0,0.32892227,0.0,0.49853936,0.05797771,0.018499168,0.18898088,0.93080527,0.006213601,1.451578,0.06609921,0.18961458,0.04201891,0.10558168,0.50909483,0.8413169,0.36191812,0.34205627,0.6232784,0.44004202,0.6143511,3.8019154,2.0226288,0.033202775,0.0448031,2.6223137,0.25996765,0.57000893,0.39149398,1.0251461,0.9740309,0.1642867,0.65793216,0.037238523,1.0665175,0.91943055,0.28682104,0.5211896,2.0206757,0.1321528,0.98009044,0.9258647,0.9386727,0.6894728,0.10906624,0.19411227,1.0986457,0.5333716,2.2970383,1.6938965,0.91824883,0.96319747,0.4645845,1.1613787,0.2800654,0.4085933,0.07485311,1.0474871,0.6403526,0.39325738,0.43582457,1.0917709,0.23811556,1.7305436,0.011710123,0.3769128,3.4639242,0.37483647,0.027701441,0.893808,0.6925619,0.11376296,1.6127199,0.9099461,0.31573135,0.15365383,0.2904858,2.9922714,0.031097567,0.18677485,0.23510948,0.23558083,0.30070168,0.64418423,1.774592,2.0868504,2.7434115,0.37846857,0.20755687,0.03788381,0.4434068,1.017432,0.40689856,1.2077074,0.51139456,0.013860409,1.3955851,0.23478784,0.30905646,1.5399842,0.1073658,1.0481944,0.5622333,3.608553,0.35236746,0.41038054,0.092330776,0.3643524,0.93565905,0.5253654,0.07277032,0.3068328,0.6165039,0.9905903,1.7090014,0.7115342,0.54724115,1.2505984,1.2982225,0.007815024,0.14967474,0.14211649,0.755816,0.06956607,1.1735939,0.9055594,0.77118784,0.38923517,0.16170485,0.8299023,1.3765371,0.5414777,0.5048263,0.27217194,0.052254044,2.7608275,0.98975223,0.1247057,1.7967678,1.3056064,0.4477769,0.7701585,1.2359337,0.9197103,1.4516891,0.41418356,0.334154,2.3212352,1.0796458,0.7400992,0.10424466,1.0881728,1.2190816,0.07389281,0.3050942,0.74844027,1.1085988,0.29595095,1.9282665,0.8624493,0.5629242,0.06373688,1.0185853,0.39018294,2.0636132,1.2278309,0.20721653,0.19668683,0.114219874,1.0116614,0.862761,0.67758876,0.49255934,2.665093,1.3038925,0.44797203,0.3411931,0.65467256,0.029558502,1.2405118,0.27353752,0.025689397,0.7612359,0.49362615,1.6211245,1.2239169,0.22776091,0.8638535,0.32488078,1.1854559,0.5459358,0.6406442,0.14922895,0.3491128,1.5130671,0.8273703,1.8451881,2.4865367,1.2151837,0.84170437,1.7651141,0.3213506,0.36140192,0.44887695,0.9305283,1.2862588,0.9812097,0.62300926,3.624032,1.9314746,0.27655557,1.6203344,1.1090637,0.066653125,0.19000429,0.03285802,0.98398364,0.10792372,0.37708607,0.9017546,0.89624393,0.17141551,0.7613338,1.6928904,0.2321944,1.1172798,1.1642169,1.3097113,0.90128654,0.048606336,1.0152594,0.064459264,2.17616,2.0608683,0.32378858,2.3217027,0.45927316,0.44490904,0.50580144,0.96419525,0.4763005,1.780194,1.4574803,0.29443443,0.9084072,0.098501995,0.1094003,1.5472035,0.023958288,0.000119077,0.3515637,0.34869206,0.049833745,1.0940263,2.4012659,0.5467696,1.0300087,0.79865146,0.5055273,1.3448992,0.16435051,0.5557689,0.48892483,1.5508591,0.52034944,0.39239487,0.4372251,0.04932506,0.0,0.4457573,0.024335619,1.2020347,1.0518974,0.76761484,2.679241,0.5551215,0.9268032,1.4430127,1.4491578,0.41000292,0.8646787,0.8702793,0.7992488,0.64546245,0.24620539,all_pothole_images\pothole_images_new_image_1173.jpg
0.17896754,0.5363342,0.19613777,1.7964144,1.6439301,0.40787265,2.2690241,1.1047791,0.3671517,1.1084346,0.97168374,0.60477966,0.76814777,2.5048213,0.5264077,0.18742977,1.7078056,0.6888482,1.5322129,0.6699842,0.78816843,0.5018388,1.2500842,2.1272905,1.6549277,0.08422993,1.8361226,1.0928193,0.6536476,1.3357282,1.3188325,0.9785958,1.4223505,0.8216718,0.9709461,0.8919725,0.10280601,1.4249575,0.31688628,1.47877,0.16136761,0.066068314,0.37255687,1.2435181,0.11855469,0.8833079,0.61128664,0.0671862,1.1073543,0.48172307,0.19705127,1.1534785,3.0595808,0.88493806,0.5760845,0.654304,1.0826885,0.6220431,1.4192799,0.2889045,0.64950114,1.5735959,0.9148202,1.6118791,2.7791893,1.1524693,0.8372778,0.17962167,0.071573585,0.27507836,0.92570025,0.018784909,1.2518628,0.002192272,0.78407973,0.9550236,0.44036207,0.3962185,0.8909917,0.06389572,0.27355325,0.82707,0.39397565,0.20912656,2.0225341,0.9821376,0.17547157,0.4034381,2.219911,0.20276599,0.35432097,0.27937368,1.1649688,0.47516122,0.115747884,0.6048309,1.083643,1.3541518,0.23752926,0.72929585,0.08612501,2.0492067,0.29282945,1.6287671,1.5542958,0.8949199,1.2818763,0.35225475,0.25093776,0.09202681,1.7073984,0.3628927,2.6888509,1.429339,0.7842907,1.3906227,0.41658846,0.74141973,1.7604142,2.0630097,0.40049514,1.5005096,0.96649617,3.259337,0.76602787,0.31965473,0.6948904,0.95009166,0.8974295,1.568924,0.4834802,0.4656726,0.6200996,0.54038066,0.3624119,1.0143678,0.30282298,2.2315936,0.16186832,0.46870485,0.26026553,0.9910848,0.17826048,1.7492255,1.0698857,1.3699816,0.33004588,0.9575495,0.16968797,0.9377516,1.0435256,1.1103294,0.3239299,0.3641565,1.8458971,0.17760736,0.98526746,0.6957746,1.7796322,1.6316235,2.0101483,4.597723,0.05434561,1.6857562,0.9415414,0.4763193,1.7292061,0.57229596,1.3894788,0.8876193,0.3322392,0.048997734,0.27812347,0.18574767,0.66977566,1.3378597,2.3298101,0.52659416,1.1144304,0.2792146,0.7292727,0.3196971,1.6305944,2.4477127,0.56761485,0.99319863,0.72221905,0.068568654,0.5193051,1.0087372,0.98544556,0.98213303,0.32460967,1.7191672,0.20656918,1.1130875,0.4903813,1.7872579,0.4156979,3.1112227,0.5661939,1.556422,2.0532615,0.282161,0.41617218,0.5351592,0.62395847,0.7643431,1.7202199,1.4154432,0.6228102,0.4573104,0.8618197,0.6740513,1.2634903,0.8316396,1.7112509,0.059010815,2.1729796,0.31784654,0.4629631,0.008958913,1.5811361,0.077012524,0.11586905,0.18244606,1.9871837,0.51589584,0.02570225,0.725835,0.8572266,0.2702693,1.6161438,0.48243982,0.17506723,0.99448043,0.9330651,1.3150388,0.09692414,0.10420085,1.6405956,0.1602894,0.012642154,1.7638948,0.19327062,0.17815778,1.4156322,1.0327227,2.0916915,3.7263331,2.2165616,0.089449994,0.17102905,1.2691034,0.57189727,2.703446,0.0861901,0.22921646,1.0913352,1.8297015,1.5607514,0.5670528,1.4525595,0.1749484,0.09710043,0.08917639,0.380815,0.97628516,0.46479127,0.45020527,0.47999415,0.030026795,1.2449008,0.94672173,0.38732326,1.0797344,0.70108086,1.1502331,1.0691912,1.066464,0.35671112,0.5436233,1.2723129,1.5228984,1.8802841,2.08338,0.5765668,1.2953956,3.004079,0.28441286,0.10747812,0.21948817,0.7521998,1.1078899,0.22272243,1.7793207,0.16646762,0.82481724,0.16224387,3.5166306,0.6462518,1.1082817,0.038166657,0.17827657,1.745135,0.40983978,0.0045511564,0.3608405,0.67851394,0.24713239,1.3963414,1.3771107,1.2026176,0.93874824,0.10737659,0.366533,0.97735775,0.43968555,1.100977,0.35055685,1.9752913,0.3727255,0.5722787,0.23339523,1.1075218,0.15037431,0.4319351,0.54037714,0.70475316,0.50947195,0.70236975,0.11065124,0.61134493,0.5751067,1.0912212,0.6632573,2.1009488,1.0259045,0.7467656,0.46071002,1.4241675,2.0499358,0.3732816,1.7500246,1.2592539,1.0362426,0.014613875,0.7357061,1.6317708,0.6164696,0.4011523,1.8429087,1.3578527,0.51222676,0.02035716,0.47932154,0.7060039,0.3690628,0.65582865,0.3969197,0.8452894,0.54537565,0.28126723,0.75900966,0.0042026346,0.06668663,1.0734748,2.1989474,0.2036482,1.6769166,0.33172253,2.3152792,0.95922816,0.27705356,0.62436765,0.9152086,0.4180321,0.01190687,1.0191667,0.9697778,0.7730032,0.28911582,0.28408587,0.8695641,1.1458733,1.9727583,0.93538386,1.7476004,0.28670448,1.9534724,1.1158708,0.4738733,0.4845705,1.6072421,0.22662058,0.22778335,1.0605323,0.098968565,0.6108614,0.48578265,0.012852479,0.36408773,0.32411796,3.363154,0.5617243,0.7529953,1.0505463,1.5696524,1.0618585,0.8126367,0.23878373,0.5991159,0.7248513,0.7101333,0.14540482,1.0922205,2.284615,1.2481265,0.7196195,0.22993237,0.59157586,0.6236909,2.9606063,2.904597,1.7717903,1.9842077,4.154764,2.0345972,0.33053187,0.44563928,0.4163235,0.10622026,0.11851904,0.9765567,0.50925034,2.2252476,0.43029866,0.7457266,0.1788376,0.24289863,0.6474733,1.186548,0.1009388,0.13472736,0.41394338,0.5389635,0.69425076,0.35603893,1.0191168,1.1981202,1.711046,0.16546461,0.3019416,0.4847149,0.7805241,0.0,1.3880103,0.5154275,0.18117023,0.026150946,0.96861404,0.8644461,1.2673551,0.723526,0.5696663,1.2831913,0.95440876,0.28056756,0.78823787,0.49568918,0.51089144,0.7817556,1.0374304,0.12970635,0.55752903,0.6249271,0.30110338,0.2807996,0.62862754,0.8024283,3.2306318,1.8271537,1.2856737,2.2557085,0.0,0.44923586,1.1231731,0.08024813,1.5358297,0.04130484,0.13742761,1.6955612,0.72447443,0.23165308,0.5123609,0.2571966,0.528937,0.7187231,0.85540736,0.39658597,1.0486317,0.9392406,1.2722404,0.4317454,2.033291,0.2714956,1.2387253,1.5376608,0.3990602,1.1068496,1.1991518,0.9672893,all_pothole_images\pothole_images_new_image_1174.jpg
1.0515761,2.3363662,0.4913489,1.58725,0.20053726,0.55599695,0.4267871,0.0,0.4260262,0.32835987,0.5768593,0.29218233,0.5857836,1.9451327,0.3223131,0.19529755,0.47113258,0.18920273,0.45003498,0.605393,0.44666055,1.293514,0.32127482,1.8681235,0.83544695,0.32196665,0.9105696,1.6360395,0.26924148,1.3997836,1.1814679,0.093515456,0.65278137,0.33505645,1.7163752,0.03468903,0.5205215,0.76221794,0.041066665,0.6008191,0.004922243,0.1906261,0.0831782,1.6587305,0.7156754,0.022055302,0.07403548,0.36728048,0.06955197,0.72728354,0.44467193,0.5036154,1.0451399,0.15950999,0.4786946,1.777078,1.4818685,0.36702085,0.5839958,0.45720527,0.14756319,0.48317775,0.28288,0.09157417,0.4398767,1.3675468,0.5902627,0.4835113,1.3392209,0.66578966,0.49150848,1.1786543,0.7074767,0.24570778,0.16629004,1.1294404,0.31918696,0.59537655,0.032654643,0.382094,0.18327242,0.710407,0.06440968,1.6227257,0.73094237,0.8287728,0.15796709,0.5037944,3.6206982,0.21296377,0.5586735,0.1585139,0.5846332,1.2056402,0.10637242,0.20273739,0.34624824,0.83142376,1.0162755,0.583431,0.0378405,0.7264768,0.13239023,1.162214,0.5435664,0.50539756,0.24242814,0.10552462,0.012833179,0.8253765,0.048476227,2.1757383,0.4693452,0.63873684,0.49250185,1.1688812,1.768892,0.046467874,0.33154476,0.1964556,1.225842,0.6303526,0.6306079,0.7221948,0.9313289,0.7595272,0.2162811,0.5877434,0.41077453,0.2626404,1.2824506,0.34446746,0.63222957,0.113792084,0.12929791,0.40268642,0.30205327,0.5117275,0.92674536,0.4181978,0.16084954,1.4540534,0.19516014,0.83099645,0.018687498,0.80490935,0.43723705,0.012376564,0.7946946,0.96928304,0.23924531,0.8406574,0.021093719,0.30744365,0.72095615,0.27476406,0.47937077,0.11585684,0.8390646,0.89569056,1.7888193,0.539529,0.12020935,1.3928418,0.23630606,0.47362697,1.1384182,0.0,0.28681841,0.92281044,0.024018165,0.009872497,0.31016672,0.9334547,1.006065,0.22013576,0.93069386,0.103308395,0.06526391,0.604813,0.34227788,2.2341943,1.4667324,1.5173573,0.9172213,1.1235362,0.025991423,0.02532073,0.8376888,0.9206937,0.8841024,1.7259026,0.20209803,1.5618968,0.013896938,0.117962845,0.49618652,0.923644,0.20794322,0.78197044,0.19311304,0.7480312,0.028081149,0.5936028,1.1058518,0.6358593,0.7988933,0.2601988,0.39255688,0.006368894,0.23754428,0.3958669,1.1244017,0.24555162,1.1626674,0.7870175,0.53163177,0.5762288,0.34632266,0.10103274,0.785507,0.11208582,1.4431353,0.89488715,0.818537,0.6406396,0.73995054,0.4721305,1.8119118,0.007317168,0.20541446,0.45592442,0.7447403,0.7322891,1.6084713,0.7687262,1.2343394,0.099951476,0.015785323,0.0015669982,0.04246224,0.62027204,0.142708,0.09289008,0.22246967,0.1626423,0.8878803,0.23603778,0.3898771,3.7273796,0.518999,0.22746906,0.7915151,0.48982447,0.31348866,0.0,0.9943615,1.1714604,0.54561794,0.747609,0.4835376,0.24787568,1.0313289,0.039875273,0.39200896,0.39309552,1.1032765,0.6329945,0.8219821,0.58875793,0.5775473,0.0,0.02928947,0.122982286,0.44349277,0.76751405,0.6706885,0.1310804,0.8065592,0.88894373,0.5135463,0.18812124,0.98764396,0.19712356,1.351517,0.615334,0.2674256,1.3921117,0.5954245,0.6802172,0.5528025,0.18679456,0.5050172,0.54017,0.26880446,0.33655903,1.545342,0.49334368,0.4109188,2.0430338,0.15164708,1.0505582,0.14103104,0.9793065,4.0022697,0.38576332,0.00862844,1.0891806,0.63417,0.0061814077,0.5550213,0.026752703,2.6178079,1.0923156,0.14973581,0.56097764,0.42836633,0.70411086,2.3550165,0.45701128,0.21858649,0.25788504,0.042431455,0.31579006,0.74088854,0.48026264,0.50979686,0.71272486,1.1513419,0.57803434,2.8266318,0.1341888,0.19234551,0.46841004,0.94492555,0.32518864,1.4333955,0.7915291,0.20144977,0.3703498,1.2785718,0.5862348,0.6912879,0.590772,0.3013586,0.81852674,0.18951046,0.45277295,0.016855322,0.5312119,9.389033e-05,0.8300528,0.9881783,0.60836995,0.15323173,0.3031347,0.5780993,0.9127706,0.061719578,1.1397182,0.07623704,0.077400886,0.10186059,0.44355035,0.0,0.5288131,0.6400081,0.11447518,0.48301366,0.17864078,1.3590785,0.919437,0.47755978,0.03724947,0.91668934,0.69415516,0.0046910234,0.45776984,0.43164152,0.39849854,0.35760885,0.5767134,0.2463919,1.6435653,2.6267567,1.8093507,1.0879589,0.7041385,0.21677138,2.7404966,1.3679422,1.1079328,0.16056602,0.18071455,0.030287845,0.26814672,1.2447714,0.2937721,0.45884266,0.0240304,2.5637527,0.52336234,0.46500006,0.9369273,0.24242607,0.3755367,0.25096107,0.806049,0.053991087,0.40379706,0.080647714,0.3403335,0.4669589,0.6906451,0.062457833,0.46945032,0.85419774,0.52997345,1.0393614,0.06800664,0.8797847,0.28725442,1.1863111,1.8246887,0.51723653,0.41401157,1.1463621,0.8612248,0.33939132,0.30212128,0.017975917,0.7478814,1.4836447,0.43048546,0.034554057,3.3110852,0.44074872,0.62948865,0.24866602,0.18104222,0.9010791,0.0225161,0.23747377,0.4218138,0.3835057,0.06502174,0.84933585,0.967552,0.5679886,0.3098914,1.5365062,0.3738975,1.3379203,0.6947183,0.07015069,0.4027193,0.40081456,0.55415535,0.08385046,1.0439947,1.3055658,0.115669735,0.22631353,0.22838098,1.0377929,0.33851206,0.75466615,0.21253271,0.35353056,2.038571,1.1549908,0.71295047,0.1657514,0.12596877,0.40479273,0.2493999,0.2460517,1.0290481,0.56999075,0.48860556,0.89227945,1.6784319,0.74986094,1.0611513,0.007612298,0.66900986,0.51832765,0.57935023,0.64169663,0.0331058,0.8179146,0.9527736,0.31394988,0.05568405,0.1601244,0.19040515,1.2137468,0.011310617,0.22704871,0.19957729,0.40557143,3.197737,0.6354094,0.83989745,0.18926881,0.5506947,0.31298962,0.55466115,0.69023347,0.440241,0.03588975,0.13366632,all_pothole_images\pothole_images_new_image_1175.jpg
0.7504528,1.4800348,0.6316295,0.42414144,0.9354681,0.2659738,0.61501265,0.20937417,0.49250278,0.017761119,0.04157184,1.4292101,0.120378174,1.0713725,0.0,0.966251,0.19352321,0.06615633,0.16728222,0.042012665,0.31337208,0.9574725,1.1370366,0.33692047,0.1421515,0.15701169,0.27251163,1.7393038,0.037092034,0.77101755,1.8854078,0.32100073,0.46542403,0.30599305,0.86489445,0.33952206,0.15685326,0.38226584,0.5929702,0.6941745,0.0,0.45310616,0.4002646,0.8954853,0.68948597,0.019825192,0.08382861,0.035256185,0.03620526,0.646799,1.352922,1.0120515,0.19295959,0.39510903,0.0,0.48500103,1.1883317,0.9273789,0.07622368,0.053436793,0.12615867,0.74230003,0.27918318,0.4618684,1.1361258,0.35892677,0.1671097,0.09926325,0.058672894,0.054888237,0.091705784,0.085856564,0.45211464,0.28972703,0.0,0.43689182,0.38549244,1.5724463,0.010126102,0.22580352,0.5883381,0.4083158,0.058938745,0.30301973,0.42278445,0.7779467,0.0,0.36985803,2.9726586,0.40650278,0.020213582,0.5340632,0.09208028,0.1964095,0.08990278,0.072606124,1.2607714,0.5148697,0.11788003,0.30308348,0.002628386,0.98013973,0.67487067,0.18218589,1.291288,0.33588573,0.05110035,0.49495065,0.3373571,0.9082353,0.1332942,2.0078118,0.5444501,0.2836737,0.17662169,1.4670473,2.6873467,2.6750457,0.7700092,0.96720684,0.7674509,0.43262193,0.21414447,0.35854167,1.2661338,0.8068139,1.1470106,0.7109236,1.432742,0.23613937,0.33940303,0.32865375,0.17272046,0.14289916,0.061574396,1.0724016,0.021799622,0.0049650255,0.24227831,0.21639748,1.2693415,0.8727866,0.3030564,2.0575302,0.007702687,1.0180092,0.06873364,0.6558324,0.051570103,0.32746607,0.53280395,0.08988582,0.5760452,0.47312608,0.7762455,0.31542483,0.2768603,0.01110296,0.82781357,0.3788984,0.2906754,0.05774885,0.009631224,6.5923095,0.90885705,0.17330132,1.7622935,0.31800497,0.2580379,0.56998277,0.11943064,0.28447658,0.8749268,0.021637935,0.55933255,0.481722,0.41292194,0.0,0.013482047,0.100772366,0.22390598,1.5927905,1.5563666,0.74066377,0.9425349,0.16352426,0.37286624,0.20909989,0.48127747,0.009928327,1.1941203,0.23141792,0.015850522,1.8738986,0.441841,0.00043071515,0.6173101,2.0996559,0.08897606,0.33259386,0.085409306,0.12640542,0.04036632,0.013471756,0.23790064,0.63401884,1.8588985,0.20509854,1.010843,0.47018656,0.12503465,0.0572693,0.34325853,0.7187481,0.83448493,2.1427798,0.17756535,0.091158025,0.71621144,0.07833628,1.0978545,0.0817498,0.19198501,0.8701676,0.51485395,0.78438085,0.78419316,0.44663358,0.16924687,0.44114488,0.6740599,0.2991546,0.17584828,0.0049271,0.14108956,0.01667655,2.1011038,0.4527732,0.36370635,0.57413405,0.63004756,0.01628196,0.18717907,0.3348751,0.15230793,0.010479955,0.8878745,0.36077133,0.48394006,0.68590254,1.066928,0.17116779,0.52358294,0.0713267,1.1995606,0.3870581,0.30663776,0.2375104,0.50166136,1.1596172,0.9425182,0.50987166,0.46652812,0.34614068,0.2892348,1.0592793,0.6651705,0.3879223,3.18643,0.2234828,0.15980653,0.0,0.12915076,0.14632356,0.15709133,1.9198768,0.14982839,0.9815272,0.56936747,0.58842254,0.75200456,0.38716218,1.3500946,1.6259024,0.2475457,0.7946866,0.22257507,0.8482658,1.495688,0.34997037,0.20546386,0.6335562,0.35131612,0.8869813,0.6201606,0.36835232,0.999478,0.0,0.07563384,0.002133155,1.9351791,0.18851036,0.008284302,1.1525546,2.829807,0.062330905,0.10865266,1.0935842,0.7729159,0.36954957,0.76686,1.8182889,2.9052322,1.8964702,0.36346513,0.6799375,0.0,0.53507257,0.70718133,0.3350969,1.1065949,0.63122886,0.42597333,0.4794401,0.3955418,0.8638513,0.5962789,0.14944063,1.1428963,0.44655204,4.1668167,0.25066814,0.4894743,0.3848423,0.44761384,0.3520091,0.6475066,0.002455394,0.804543,0.0005836117,0.113369144,0.9441064,0.122500174,1.1383077,0.65527534,0.34702712,0.36801273,0.12585926,0.4301131,0.13151501,0.5090675,0.42071244,0.5502791,0.18649077,0.052925896,2.0751815e-05,0.12583332,0.48582372,0.33617437,0.32289806,0.64204144,0.488887,0.64256746,0.22351708,0.0,0.13133596,0.7575002,0.4340279,0.51012015,0.42263755,0.21655874,0.8481741,0.70908326,0.029657781,0.6092186,0.8247499,0.46456134,0.9519705,0.27965066,0.48488885,0.83934766,0.06658661,0.3184505,1.0704452,1.6193793,0.5109241,1.5286272,0.02509335,0.0,0.61159295,1.6212348,1.5016195,0.3109673,0.05799093,0.061667617,0.25354743,0.54200816,0.6140134,0.07030529,0.014634492,1.2056035,0.11799669,0.6409824,1.6443003,0.7517393,0.05102319,1.2072418,0.59849226,0.15036102,0.2471683,0.903386,0.26194584,0.5947602,0.16218606,0.13028812,0.091918275,0.24496259,1.2823538,0.767254,0.0076424247,1.323198,0.94686013,2.1036701,1.4027255,2.9349415,0.7288941,0.7870572,0.94214845,0.60127,0.63761723,0.43883353,0.583146,0.25661936,0.21111555,0.24871178,2.7383473,0.5542025,0.40418586,0.54529566,1.8288879,0.1886762,0.353649,0.029940853,0.34504014,0.0,0.014386365,2.183714,0.8013581,0.22779435,0.45996186,1.7570777,0.23621014,0.70918095,0.5723438,0.41136664,0.7992297,1.1567471,0.6240721,0.45636055,0.49485096,1.4694003,0.3596923,0.3381051,0.15351525,0.3501444,0.7570653,0.30434442,0.14777012,0.36568844,0.44059834,0.6682745,0.6985967,0.20966811,0.9362297,0.45604688,0.0,0.9023367,0.7063279,0.38265562,0.44645533,0.6711176,1.9826182,1.822799,0.4068368,0.08755238,0.33198687,1.5883974,0.5405686,0.9869668,0.26301652,0.044428505,0.97954035,0.24679798,0.0,0.0019340045,0.024283802,0.72613794,0.003878234,0.004652552,0.4308066,0.12418443,2.9792717,0.45655277,1.3828853,0.48036295,1.1388476,0.0,0.29724982,0.09422984,0.47857338,0.23914805,0.0354343,all_pothole_images\pothole_images_new_image_1176.jpg
0.3902184,2.4366958,0.31940797,0.13521439,1.9087403,1.9197114,0.31463295,0.78211325,0.18414189,1.306138,0.86889905,0.36870092,0.21889398,0.14714956,0.63997746,0.38734415,0.41551623,0.024112638,0.5861903,0.9868529,0.5358951,1.9625901,1.6562334,2.5516815,0.1657013,0.9483462,0.21172199,1.3759831,0.21396022,0.42605913,1.4516461,0.3399974,0.34699354,0.40016276,0.8464336,0.8717741,1.3439425,0.64674926,0.51277524,0.61615795,0.12817043,0.41026953,0.18680046,1.3141873,3.1066577,0.027032014,0.4162052,0.025987009,2.2973979,0.14458461,0.95780313,0.9263131,0.5025929,1.9021387,0.9270538,0.56615573,3.1459823,0.07636288,0.52668667,0.67206246,0.60214615,1.4058452,3.1923995,0.29593012,0.20348044,1.0777621,1.9328125,0.36069062,0.95498353,0.4743,1.5355296,1.0712099,0.7033116,0.42869842,0.4770417,1.6775665,0.079295866,0.9148865,0.26215333,1.391175,0.14788446,1.987082,0.67694384,1.7033622,1.5695497,0.60502553,1.4286995,0.3668944,4.021065,0.8995338,0.33457068,1.8275589,0.23582363,2.17739,0.59322387,0.6828168,0.75267386,1.067876,1.7288185,0.17760114,0.0025649527,1.6160698,0.003369094,1.2039912,0.6347348,0.25289795,1.5500298,0.10088022,0.0344221,1.8163514,1.3281735,2.1052928,1.045888,0.49674287,1.2059271,0.49014556,1.6888216,1.1387358,0.5428141,0.35945866,2.7025301,3.1669524,0.18530433,1.3118412,1.5439708,1.4708334,0.16302782,0.22380836,0.84597915,0.968908,1.0078323,1.690594,1.3997818,2.3668172,0.0481069,0.70629305,0.7364329,0.030012522,1.9083005,1.6037272,1.3294675,0.22509442,0.3139797,1.2477494,0.4474523,0.042364154,1.0864456,0.5681326,1.5663134,1.0228884,0.11477911,0.38913032,1.1962496,0.27630603,1.0821645,0.4828158,1.1655833,1.4520686,1.4402791,0.7787768,1.5845648,1.1776763,0.2004174,2.4575067,2.5366888,2.0461655,2.1380107,0.8438808,0.9842206,0.21829021,0.64091355,0.30295795,0.46332183,0.15914606,2.8413746,0.011608033,0.3327291,1.5855149,0.0,0.5653248,0.40074068,1.1632974,1.4444308,1.31624,2.0145454,1.2930443,1.9270697,0.17865434,0.2791992,2.267326,2.097749,1.2180102,0.1449132,3.0427673,0.93546945,0.97585106,0.47189006,1.6710085,0.20128876,1.4101914,0.11392393,0.13261634,0.46393308,0.3682406,0.25850272,0.34163654,0.765206,0.11127186,1.2274127,0.5650783,0.55280614,1.2026476,0.9204342,1.0052402,0.007787335,0.1568603,0.76447076,0.06342867,0.3419106,0.15087847,0.46577904,0.06631446,0.6770363,0.52769846,0.049847983,0.88824826,0.67544025,0.0,0.9614377,0.26037362,0.7061315,0.0655221,0.3453491,0.2510417,0.5718015,1.2540683,0.32593894,0.29604962,0.18831144,0.56057125,0.8913652,0.18971224,0.17289093,0.10307882,0.018614562,0.54063696,1.8060603,0.13525057,0.079987615,2.1910007,1.0826298,0.35696435,0.9013289,0.3053387,1.1913998,0.13460274,0.5848976,0.76847446,0.74985236,0.85341924,1.3064939,1.5949033,0.98619694,0.21391821,0.14295879,1.3588908,0.16447121,0.6490891,1.1864482,0.018725056,0.39756906,0.22209525,0.42930183,0.45147023,0.10330134,1.678675,1.1171429,0.7217242,0.432066,0.21271421,0.20269535,2.9366713,0.65374917,1.5175333,2.9169304,0.9390219,1.950324,1.48604,2.0889516,0.32984364,0.1536166,0.42535123,0.1406836,2.6651661,0.345104,0.47307873,1.0737286,0.12151453,0.07240489,0.23458877,0.008226405,1.6413957,0.038528997,1.1862596,4.974803,1.5382204,0.39840272,0.7907004,0.43614596,1.9667387,0.61057025,0.29298952,4.4349504,0.50228214,0.9945825,0.11216784,0.12901837,0.7583551,2.0564451,0.3138143,1.4542376,1.4945349,0.23052877,0.37954634,0.055080194,1.0740858,1.4050928,0.9264904,0.7126921,0.9435998,4.393936,0.5476325,0.123349205,0.27796736,1.2059665,0.89090306,0.48694026,0.022861386,0.4226392,0.4931682,1.3357223,1.6819274,1.3132524,0.109853685,0.23605299,0.31959918,1.31665,0.18922833,0.20559126,0.23651943,0.18100506,0.9669547,1.517122,0.29829082,2.492213,0.55543774,1.0717388,0.21666293,0.22350614,0.061828613,0.16620098,3.4167128,1.4901832,1.3378361,0.3482799,0.8133436,1.420157,1.5833696,0.44447607,1.4306908,1.0833223,1.2480744,0.0729506,1.0934551,1.4742519,1.3436902,1.370805,0.20995313,0.022392973,2.8067577,0.6517827,0.17674595,1.330623,0.5594266,2.7979238,0.9928612,3.6454375,2.7525902,1.5966891,1.1752346,3.0536218,0.9167201,0.5908469,0.62640214,0.0027237146,0.98863083,0.14735018,1.4845145,0.15420194,0.07312979,1.4885157,0.9921856,0.09710859,0.7029414,0.38025317,0.0010432862,0.57595754,1.068249,0.54212064,1.0369403,0.14995266,0.36059335,1.7477728,1.1526506,0.05615219,0.48327026,0.97949857,0.51469916,0.85262257,1.0023742,0.4686694,0.2297839,2.7372825,1.7801286,0.64983207,0.65184444,1.7042177,1.4872704,0.9007027,0.78721493,1.4548601,1.9721498,0.51492834,0.62722665,0.56473684,1.6735287,0.91385764,0.87912965,0.6089896,1.4555943,0.9474303,0.0013684717,0.002701215,0.023205033,0.1884334,1.2100997,2.2322187,0.14730313,1.163036,1.4638824,1.6347362,0.30350932,1.2397949,1.1080265,1.140544,1.1924804,0.9614617,0.5342738,0.31072018,0.043219987,0.51631045,0.09537848,1.0821972,0.22215597,1.0516144,0.46385086,1.8383942,0.83685535,0.68091875,1.1083816,1.0987167,0.6067061,0.71381813,0.24191755,0.73047954,0.52455306,0.48677608,0.3516568,0.90108013,0.04443116,0.6457599,2.8974907,1.934608,0.5188031,0.14861456,2.5030384,1.6558977,1.3963875,0.7183207,0.16387108,0.5969079,2.851578,0.12211404,0.0667369,0.49670693,0.32089517,0.62377656,0.15257794,0.19454302,1.393862,0.53678167,2.6353424,0.8522612,0.02134082,0.791286,2.918257,0.13962929,2.302558,1.0777924,0.47221655,2.115687,0.21136864,all_pothole_images\pothole_images_new_image_1177.jpg
0.33727953,0.06749178,0.39420372,0.47132772,0.121433675,0.15556185,0.1048445,0.020287953,0.27229428,1.4067024,0.5160229,0.34534347,0.0,0.6056492,0.2918518,0.5219949,0.28702107,0.21582568,0.4380089,0.2648876,0.13740234,1.0527649,1.3249823,1.5144885,0.14939062,0.034540094,0.1648578,1.0535314,0.41630262,0.17717984,0.03579793,0.0,0.8875326,0.787354,0.0043218355,1.0296903,0.055115882,0.20326824,0.14894365,0.14276618,0.18381068,0.5517715,0.22994539,0.5208973,0.45089632,0.34792966,0.19649151,0.054788385,1.6884477,0.20157222,1.3606523,0.6036349,0.12828466,0.078534395,0.041573085,0.2914221,1.313461,0.7914098,0.18916363,1.8638744,0.0005655579,0.8164487,1.1686107,0.05782798,1.0056546,0.09876132,0.017489238,0.6884334,0.23893994,0.13524538,0.0052562663,0.20738705,0.018278291,0.1706772,0.001721728,0.46105677,0.25285566,0.30760384,0.0,0.002142632,0.0297895,0.31840292,0.0,0.86905086,0.23778102,0.54669935,0.088894814,0.1718101,0.055419102,1.2520297,0.0008258043,0.6645549,0.07450749,0.13810982,0.08131157,0.0049179527,1.2107617,0.3991074,0.40946087,0.26010352,0.112829536,1.3396031,0.040514816,0.36735776,0.913871,0.05667844,0.37171772,0.24961856,0.21382307,0.66989744,0.0,1.1262642,0.18753341,0.7791781,0.12568721,0.07372856,0.19511154,1.600984,0.5953166,2.0494225,2.3787498,0.7173297,0.15733615,1.0934249,0.5369492,0.276174,0.30832252,0.022475202,0.2462285,0.29724047,0.0,0.3891061,0.36751905,0.7976993,0.0891781,0.41709268,0.019196248,0.0895087,0.025019266,0.03988642,1.0217128,0.29110974,0.6102465,1.4930915,0.3707749,0.017456798,0.33549994,0.13148174,0.24316496,0.05057868,0.52856314,0.099243395,0.051693145,0.20669898,0.3609197,0.43482378,0.9312269,0.34851754,0.15802383,0.3448501,0.37321648,0.14610246,0.1040808,4.868718,0.116131596,0.17784356,0.9354843,0.010427516,1.1193968,0.29665253,0.10849861,0.20371106,0.0075468314,0.0017774467,0.40727857,0.0290952,0.47983786,0.0,0.12624635,0.4305461,0.05874959,0.3905459,1.429205,1.3254429,2.9524946,0.65359837,0.039473195,0.71891,0.07692336,0.28857958,0.08275761,0.0,0.44500193,0.9705044,0.87640023,0.075671785,0.30044994,0.8161943,0.43428344,0.22369194,0.36524954,0.47231513,0.9410017,0.01172064,0.9648543,0.3207164,0.07275919,0.12540029,1.4395742,1.1987342,0.045708902,0.05678169,0.2365222,0.85970396,0.7628255,0.08567754,0.5300831,0.0005668907,1.1070658,0.07523011,0.29569358,0.2660217,0.5872453,0.33835414,0.18427078,0.2905545,0.43840903,0.0,2.004221,0.26286986,0.30587187,0.0,0.03804773,0.21886696,0.5387367,0.015149986,0.13694587,0.293537,0.39219984,0.94371516,0.20086835,0.120632805,0.2060172,0.19001454,0.17679192,0.00079869677,0.0431183,0.44757244,0.18908644,3.237509,0.6987391,0.18985139,0.03533612,0.30032587,0.4301658,0.38482708,0.057744935,0.19015543,0.34921792,0.8127136,0.5108046,0.76865155,0.21318221,0.50119376,0.10750599,0.363332,0.023473818,0.6885628,2.4505565,0.14919795,0.42178935,0.03542781,0.02362241,0.25687376,0.8736191,0.50556713,0.24785042,0.3339516,0.18296377,0.0,0.8962013,1.1430223,0.8424934,0.18879321,0.005787357,0.039104395,0.14232765,0.34841552,0.00092115585,0.29864588,0.2581537,0.0016227881,0.176799,0.47737518,0.57119524,1.1714438,1.1553644,0.6070463,0.70674145,1.2690302,2.1078398,1.1434872,0.0,0.79552853,1.824559,0.0,0.03767806,0.049643394,0.2377727,0.27614236,0.14927149,0.48610017,3.227223,3.0290349,0.23456118,0.09466212,0.03310266,0.5812525,2.4356353,1.7211077,2.5384378,0.056005813,0.97042954,0.7441124,0.32601726,0.45311126,0.34426895,0.03470249,1.2919202,0.51768535,1.3189851,0.4748556,0.055187944,0.48424911,0.8892523,0.0044124513,0.27093634,0.10811924,0.06461005,0.03499914,0.004293972,0.09608892,1.6710602,0.9970671,0.09156626,0.41648284,0.005580152,0.084944814,1.0669868,0.255555,0.127372,0.20437364,0.16738974,0.78563374,0.21411082,0.43493733,0.012681353,0.24767219,0.06697877,0.6176858,0.40032098,0.23898222,0.426169,0.14808282,0.06252617,0.556346,0.2966965,0.56266075,0.4903819,0.25565457,0.6174983,0.3302522,0.31450176,0.4529067,1.0370157,0.105568014,0.8869766,0.7163465,0.13185808,0.5941885,0.35502642,0.19963248,0.10816894,0.7530835,0.97178555,0.037097633,1.9282374,0.03229614,0.04240605,0.6469719,0.19284669,0.9246201,0.58806735,0.6749817,0.018990869,0.5451736,0.01868334,0.82808363,1.395036,0.4514842,1.2033329,1.6642493,0.49701464,0.084415324,0.0,0.032628044,0.1763335,0.45185512,0.34710884,0.04616731,0.061220158,0.34704658,0.46377927,0.26509944,0.60112745,0.10282997,1.1834974,0.1504367,0.14297278,0.6826791,0.15476184,0.7333722,1.0822297,0.17340125,3.4806726,0.18864304,1.033142,0.15968917,0.566479,1.3735733,0.6260675,1.704534,0.025633879,0.5072485,0.099486835,1.597658,2.700579,1.135924,0.5505652,1.0154166,0.2867734,0.94481885,0.021694072,0.49770346,0.014068481,0.019915592,0.277376,0.017357398,0.021061428,1.3362119,1.2052686,0.17118256,0.16448052,0.042629838,0.0,0.81804866,0.16703154,0.012844614,1.0072601,1.438385,0.6466521,0.41088146,1.5282701,0.062244736,0.18973428,0.003257062,0.12522879,0.061444767,0.43162084,0.823121,1.0747553,0.059579015,0.0752564,0.12458081,0.24013084,0.0,0.33808315,0.37635803,0.6869247,0.0,1.1076372,0.45362014,0.6528095,0.47606817,0.011518296,0.5875388,0.07087597,0.026977217,0.66372246,0.48602435,0.20055431,0.15523255,0.016053794,0.035214193,0.15511273,0.011575887,0.5289198,0.107551046,0.06412058,0.09069583,0.21278942,2.0795913,0.6533338,0.2634455,0.40841994,1.6851209,0.011755919,0.06893842,1.5238372,0.41854018,1.2518084,0.0044439724,all_pothole_images\pothole_images_new_image_1178.jpg
1.5468547,3.6808608,4.019052,0.14134027,0.19111,1.5371,1.4615475,0.75505203,1.2508777,1.9582576,1.351046,0.18858384,0.25921163,0.0,0.51187295,1.8653246,0.43827063,0.3077646,1.0070436,0.4102341,0.19670884,2.5163863,0.9230443,1.3634363,0.0,1.0810796,0.055349767,0.8593985,0.43932843,0.8569771,0.82642615,0.6160161,0.34599832,0.36903954,0.5959231,1.090775,0.6370023,0.4299318,0.8963595,1.5979655,0.40942127,0.026724134,0.10523224,0.86882466,2.062514,0.14718907,0.49157465,1.0626714,0.9276657,0.000867595,1.6255566,1.7193501,1.441935,0.8323813,0.40555936,0.92714566,0.48937178,0.13356078,1.0598291,0.15578532,0.051833175,0.19739869,0.28032607,0.10454632,0.27669033,1.3860255,1.337827,1.2108961,2.71002,0.4792296,0.098197825,1.2403668,1.9345579,0.3156686,0.4358961,2.055056,1.3438381,0.73585624,0.053831965,0.616751,0.723292,0.00041385723,1.44628,0.57019025,1.9264046,0.63056827,0.03087736,0.5229754,4.574493,0.96295786,0.18867476,0.13560286,0.113015175,0.24698356,0.4303251,0.64482117,1.328004,4.813222,0.60662806,0.02467155,0.3707805,0.22272968,0.044398688,1.1365087,0.25806952,0.5622199,0.18379574,0.0,0.29876533,1.0833049,1.1356181,3.548768,0.008323928,1.433155,0.015614462,0.6695697,0.49471748,1.5102413,0.23696978,0.823224,0.3378295,1.0461055,0.32068932,1.1312851,0.23558608,1.7399746,0.86218363,1.3354264,0.14959955,1.2446454,0.11068856,0.07110876,0.29861,0.18256788,1.0817567,0.07090718,0.34657413,0.13583088,2.1430357,1.4107442,0.30235633,1.0090855,0.18068878,2.8226993,0.7211459,0.005893974,0.46161494,0.46833777,0.27233464,4.3414154,1.9898962,0.5530132,0.003184691,0.9650706,2.05929,0.8992129,1.978467,0.63524425,0.8151455,1.0690998,0.6543753,1.5212765,0.9871108,0.26853254,0.23622094,0.12537163,0.08482517,0.82400334,0.5902509,0.5738488,0.15276152,0.031834878,0.6081891,0.18176194,1.6204033,0.1843593,1.4630181,0.0055551697,0.047392596,0.8536509,0.2603779,0.40650788,1.4203619,2.2686756,2.5309978,2.0482998,1.101888,0.10962322,1.7264254,1.7378567,0.2784212,0.09722017,1.0448316,0.4520445,1.7766191,0.034264643,0.8862252,1.2852486,1.113555,3.0644555,0.05042409,1.5280818,0.0,0.050786123,1.8439046,2.4076009,0.4099293,1.0206107,0.040043034,0.23018102,0.74687165,1.105425,2.7096763,0.8980917,0.15430073,0.46674237,1.012967,0.19263874,0.8302272,0.39597276,1.3454521,0.62595725,0.9893996,2.3309531,0.3416573,0.06314274,2.082783,0.89086914,0.15501082,0.11143519,0.073218435,0.38302,0.3397761,0.5404726,0.8025857,0.4718421,0.25011632,0.30475625,0.4602243,0.0,0.43807933,0.7849293,0.19430767,0.31172186,0.085006624,0.76691663,1.2324368,0.64931613,0.78426796,1.5127395,1.1973752,0.102164984,0.14779848,1.205143,0.3327376,0.197993,1.5910875,0.65057445,2.3472943,0.09097976,0.77082634,0.78370655,1.1116124,0.38051608,0.4184775,1.8449389,1.4156239,1.519745,0.41632682,1.9574784,0.68461204,0.14222549,0.07345916,1.9888328,1.7745591,2.9464927,1.0454412,0.40976125,2.579966,1.0536557,0.011642103,0.31919828,0.61533797,0.42055666,0.8417559,0.64640933,0.4328621,0.7692203,0.74906546,0.035574444,0.10081361,0.9047582,0.23781013,2.0645628,0.74731165,1.3931353,0.5176774,0.017302128,1.6854522,1.2958144,0.37580746,0.611383,0.7045766,1.6174623,1.4660735,0.70606667,0.16295369,2.0568774,0.84148866,0.34925196,0.17250927,0.168334,6.5759144,0.5501295,0.10591009,1.1824366,1.6499482,1.078513,0.59848666,0.83563167,1.3873807,0.09680985,0.7175523,0.6754779,0.18125394,0.91957,1.1875229,0.4141953,2.2605064,0.5960808,5.240601,0.891748,0.0012738935,0.20282319,1.0140527,1.1713107,1.3915095,0.08305262,0.5931048,0.15332,1.3348086,0.1342974,1.652745,0.19163999,1.258155,1.912376,0.30902442,0.24392307,1.1873136,0.6034764,0.4582119,2.6545446,0.1332839,0.7206108,0.100740746,0.65319836,1.7498364,0.25931865,0.30909833,0.60904366,0.04259736,0.079732336,3.0826101,0.3076018,0.48859116,1.5497168,0.43347198,0.6513222,0.19933872,0.4257403,1.5099671,1.4473313,2.608034,0.28501555,0.86520106,1.4043456,0.7921448,1.4913414,0.29101384,0.11041803,0.17389764,0.394775,0.97278094,2.36239,2.834944,0.9605972,0.8545571,0.11401142,0.001654547,4.118176,2.1866598,2.2704387,1.7327448,0.041725878,1.4502662,0.70873106,0.121842764,1.4049029,0.019484615,0.89258105,4.097641,0.42050076,0.72245675,1.337177,1.7569536,0.047663305,0.69157976,2.4261951,0.12163329,0.51224893,0.79064286,0.7842731,1.6686261,0.44081458,0.2556046,0.104968145,0.05777668,0.047623847,0.34547323,0.8061911,0.0021084656,0.49636564,0.15954329,0.6636776,0.14078343,0.8040445,1.4804118,2.9739006,0.040490393,0.83026683,1.8229067,0.06582113,0.32980135,1.8996722,2.1831357,4.8270955,1.7612292,1.6910915,0.20021218,0.17543417,1.0457873,0.75114566,0.038883105,0.5627094,0.1393422,0.03866615,2.2151756,2.2058008,1.9417933,2.370164,0.9079323,0.8769629,3.753895,1.2558721,1.2381034,2.0276878,0.82509995,3.1796331,0.7970053,1.4297475,0.0,0.01666343,2.2412689,0.21285287,0.32841444,1.4830929,0.06363454,0.70495635,0.6378809,0.09995351,3.8564944,0.23075505,0.73983234,0.6369925,0.4650154,0.54297537,0.053253062,0.027785653,0.77384096,0.9351643,2.4194376,1.6564907,0.028505102,0.318303,0.17363942,0.08659957,1.9776919,1.368397,0.37618357,0.14856933,0.9388977,3.122087,0.794718,0.35133353,0.07668935,0.27076772,0.17512271,0.6352721,0.5860452,0.27396047,0.5241871,2.9397159,0.37117022,0.9139409,0.36423376,0.8622916,0.68110085,1.3008363,1.0864692,0.8289225,0.41157493,1.0222834,all_pothole_images\pothole_images_new_image_1179.jpg
0.20004384,0.54283226,0.0,1.7770292,0.14251256,0.06992094,0.8605404,0.18202503,0.0009189612,0.32793897,0.8548582,0.4024323,0.20905752,1.942039,0.061900098,0.4280593,0.07512904,1.436201,0.62036324,0.21863863,0.007939992,0.49887237,0.8021536,0.22862002,0.8926119,0.4747945,1.1798873,1.2320527,0.09775636,0.264457,0.65600777,0.2697114,0.5223402,0.4023593,0.20066494,0.44871223,0.10859073,0.08473359,0.123771906,0.11182758,0.013758888,0.23155944,0.22403018,1.9282849,0.2439023,0.34666577,0.046224453,0.0,0.11423243,1.141914,0.65598357,0.7086938,0.39214128,0.6410041,0.12456508,1.6370186,0.38326266,0.37980387,0.03419961,0.22647235,0.84569526,1.6613065,0.19127166,0.059602484,3.213702,1.6416402,0.51139027,0.058249727,0.05681674,0.65982664,0.077486396,0.0,0.08124784,0.2456219,0.20367448,0.049716704,0.30775,0.28864676,0.1893754,0.00013437787,0.22095127,0.1160525,0.0,0.6243014,0.057328757,0.72666097,0.015899288,0.42485029,0.8315275,0.08571402,0.50928634,0.7019905,0.002282549,0.5699194,0.09121996,0.07902248,0.34040073,0.29947513,0.18930767,0.29820627,0.35682708,1.7777097,0.11243238,0.019734245,0.74620754,0.25069538,0.05588657,0.9902513,0.33554715,0.3909558,0.013915905,0.37169826,0.61591923,0.27993396,0.29299432,0.06435491,1.004952,0.99848306,2.2980573,0.103162475,2.156357,0.7243014,0.19434589,0.7774406,0.35863867,0.24231525,0.09145483,0.40927556,0.99589765,0.03867131,0.74382806,0.17452967,0.14895499,0.5577655,0.009165551,0.036985714,0.19340938,0.022800604,0.106647015,0.13745195,1.25696,0.30690747,1.3092031,0.7698204,0.4075937,1.1288681,0.07274153,0.012245116,0.1392607,0.27503857,0.6049115,0.3538369,0.006715396,0.0,0.20676775,0.8165912,1.2071851,0.81477123,1.0582539,0.7773018,0.5110264,0.5528731,0.52875376,5.4852815,0.871712,0.008159259,1.506389,1.0794692,0.88047516,0.7266872,0.08984022,0.5642695,0.14303175,0.33918715,0.81354904,0.0711567,0.6584092,0.40306562,1.2129157,0.02714359,0.28328514,3.618212,1.3042679,1.6258245,1.1120557,0.08059388,0.0061856825,0.48550916,0.1472611,0.6861113,0.113374665,0.6329451,0.5834137,1.2794026,0.08911861,0.09572965,0.74974835,0.8690857,0.08279571,0.3657837,0.10575766,0.8526077,0.89491284,0.0659448,1.2859547,0.45057008,0.7848565,0.3817383,2.621439,0.9115659,0.020050168,0.17574516,0.35524756,1.7843609,0.93649065,1.3426338,1.7696967,0.0072000525,0.73376334,0.02748669,0.092646934,0.066607535,0.66594344,0.0022438972,0.30017537,0.7528386,0.18289624,0.49494997,2.696392,0.55959964,0.34923226,0.013032513,0.09288051,0.0,0.026013203,0.13394107,0.8240601,0.7191107,0.44846782,0.015353772,0.1514292,0.0027733995,0.038891785,0.057563256,0.5280492,0.0,0.92995965,0.27745047,0.2635057,1.9910716,1.1282909,0.0,0.90990055,0.02959586,0.5892654,1.5841265,0.08989186,0.30539146,0.141365,1.8017054,1.2286109,0.27196014,0.50162303,0.18058954,1.2573007,0.92081964,0.0062393593,0.6412045,1.0820582,0.26484957,0.090787105,0.2907835,0.17355162,0.5998454,0.18839622,0.49614906,0.85531235,0.88272125,0.9855485,0.19876902,0.847184,0.3477071,0.50871366,0.14558813,0.27955863,0.61994517,0.45323968,0.053124633,0.9547275,0.08773287,0.06315411,0.3424923,0.6441846,0.013687416,0.014655993,0.28455123,0.8144291,0.16139513,0.04238649,0.8306329,2.059083,1.6625617,0.28156006,0.27915102,2.4773939,0.0074778637,0.03583336,0.3370012,0.31877926,0.43248716,0.5040985,1.2170789,0.16774955,1.2434152,0.918181,0.3630737,0.00049873424,0.9757107,2.3404775,0.46760324,0.5051666,0.00043604488,0.25404605,1.4259465,1.0170323,0.048164517,0.26915184,0.018317107,0.16282578,0.013136073,0.2680601,0.07798371,0.3459239,0.047936834,0.46719906,0.0,0.62710863,0.20653018,0.31357893,0.013067829,0.117833845,0.6939156,0.11694731,0.86890537,0.23849577,0.28426993,0.053250585,0.37277907,0.5112865,0.3564729,0.30136532,0.6575473,1.6875246,0.07989794,0.16050051,0.2966763,0.26682955,1.4197166,0.58105654,0.56046253,0.58180135,0.8117769,0.21542159,0.17074203,0.047379594,0.0,0.9682044,0.14493869,1.2988576,0.33923987,0.5606583,0.52349555,0.36805737,0.09495382,0.42658874,0.11336989,0.8405137,0.04006323,0.19121414,1.0504977,1.5607203,0.0013306623,0.31164652,0.27513087,0.12580235,0.8184935,1.2624801,0.29456928,0.14222662,0.3373505,1.1198088,0.22040017,0.2705915,0.8131951,0.004677819,0.8369438,0.9606128,1.1731044,0.3218745,0.54116094,0.10007156,0.5018606,0.0016073037,0.6507908,0.78923404,0.1631516,0.40862623,0.5373984,0.03593824,0.7512604,1.5811508,0.9182071,0.2278347,0.272593,0.22442031,0.66365176,1.6810853,0.6522999,0.41520977,0.0,1.3665802,0.19342747,0.9649942,0.55023754,2.6968982,0.16064166,3.510542,0.89564997,1.635375,0.046433765,0.06584008,0.9940657,0.49510744,0.45502785,0.68913764,1.1762202,0.9330603,0.73235273,0.11615513,0.37458986,0.91210645,0.08236361,0.045113485,0.1883562,0.016734269,0.0022974545,0.05505669,0.6882948,0.83293945,0.5352956,1.4961252,0.23330657,0.13565052,0.046510205,0.069831885,0.47843012,0.09049549,0.046877693,0.12067669,0.7773741,2.547983,1.2312328,0.9550462,0.13535556,1.5995318,0.12904912,0.10325997,0.11602384,0.48796368,0.52658033,0.39299747,0.5183707,0.48161197,0.2943126,0.06422743,0.3894032,0.6165544,0.29866332,0.04665516,0.13752234,0.15440136,1.9040303,0.0896094,0.47219,0.16541669,0.19113319,0.53271544,0.03359501,2.4072716,0.26758087,0.13414125,0.014523224,0.12293356,0.01925359,0.4650822,0.17581737,0.2182785,0.03896217,0.25214395,0.5454882,0.09060679,2.5297146,1.2782358,0.873741,0.41249543,1.2173678,0.050400235,0.034212813,0.35622397,0.46784747,0.6756622,0.33773473,all_pothole_images\pothole_images_new_image_118.jpg
0.25668725,0.67977047,0.058704033,2.5203629,0.32624513,0.14700323,0.1306698,0.01557193,0.285624,0.10226876,0.32660115,0.061417345,0.5107106,1.1424044,0.0,0.20055622,0.07984682,2.3620512,0.45830753,0.33557108,0.21962045,0.0,1.8030609,1.7121267,0.4683673,0.10013986,0.45832,1.1438746,0.07965114,0.114601396,0.14739391,0.05640917,0.0920915,1.7082071,0.39344913,0.7380248,0.045156725,0.060711004,0.32168764,0.0,0.08592133,0.69097173,0.19505745,0.12426844,0.01823574,0.17104012,0.33337608,0.6875165,0.603534,0.24316211,0.4020639,0.6881578,0.28607365,0.04579468,0.41797435,0.11682917,0.08494421,0.10931116,0.85163194,0.07928089,0.49834365,0.1691011,0.12984136,0.5317738,1.8598496,0.39672363,0.65341234,0.09998068,0.07005244,0.3337697,0.48379406,0.09319955,0.27542734,0.028415866,0.7637091,0.00091946434,0.47191954,0.3776839,0.10365985,0.20247698,0.037880443,0.03324967,0.78073025,0.33040088,0.34521288,0.072499245,0.28088543,0.012766013,0.2380879,0.10704662,0.9385331,0.64289194,0.15804799,0.7253016,0.79593223,0.27175477,0.6757322,1.6057689,0.00824128,0.10834629,0.19871734,0.28578508,0.13276953,0.19033654,2.2473328,0.4164561,0.68400884,0.40971985,0.38491693,1.5059317,0.21874711,0.18530712,0.006715146,0.9930714,0.3565891,0.00678794,0.3964266,0.011709802,0.94526064,0.029523168,0.37840053,0.16718052,0.22281468,0.92088914,0.47034568,0.14626811,0.0,0.3182799,0.11362492,0.39174187,0.5182096,0.17553136,0.0327243,0.09300364,0.0342113,0.47573167,0.36398077,0.04385233,0.018003039,0.21701902,0.09659767,0.024967821,0.8802762,0.82988447,0.08856784,0.8225506,0.081924416,0.07741668,0.054678444,0.12217791,0.16973312,0.69261533,0.07367678,0.06432708,0.50078684,0.7565091,0.28600064,0.5889768,0.3061666,0.571485,1.0696423,1.6785597,0.17759134,1.1329547,0.70558393,0.044853725,0.32498932,0.03638909,0.55682164,3.0718865,0.40141746,0.19352925,0.0032016735,0.012472093,0.18589924,0.99896276,0.2601896,0.0,0.7563363,0.53895533,0.0,1.1886077,0.060977478,0.61438066,2.4074745,0.4251878,0.023318635,0.10656448,0.5945606,0.86470217,0.35244182,0.10549613,1.6270254,0.8246908,0.6111162,0.05690016,2.940249,0.88155854,0.94661474,0.0,0.11331735,0.854773,0.06509123,0.10902942,0.067057095,0.51620275,0.9643771,0.0921202,1.1105982,1.9969708,0.07748537,0.2824365,0.18826622,0.009210221,0.36612797,0.43063012,0.60299724,0.5074771,0.74129945,0.025832467,0.8643238,0.14471899,0.7570502,0.116658814,0.0,0.0034938478,0.30825227,0.1196133,3.1444867,0.10011336,0.01209529,0.2643149,0.35637796,0.083078,0.31897256,0.1520774,0.87330717,0.1737385,0.1333462,0.1645279,0.21458197,0.008926181,0.01741177,0.28386873,0.0157701,0.3180377,0.90593684,0.71889013,1.2509148,4.3172684,0.3443119,0.105511375,0.0,0.0,0.10932782,0.4786559,0.54165834,0.45771712,0.0,1.9651747,0.886269,0.33654493,0.28118244,0.7013218,0.0,0.24650154,0.6527142,0.6068516,0.9137165,0.6670758,0.28855222,0.15487283,0.8680957,0.48222715,0.59898555,1.9859304,0.7320357,0.05313034,0.58890027,0.048642717,0.013009792,0.3553531,1.0317321,0.23286451,0.084547326,0.122754395,0.45336676,0.011678005,0.09728673,0.0052067717,0.0037738942,0.42988423,0.025210373,0.1164309,0.40220812,0.29639307,0.59481156,0.030650405,0.17188774,1.7497114,0.7713115,0.4220299,0.2930901,0.0,2.7108033,0.03228777,0.5270661,0.04840487,0.43015614,0.48874223,0.30447632,0.47309867,1.6261808,1.9122307,0.46063423,0.08896236,0.29139343,1.160487,5.614759,0.3825254,1.2539953,0.4113009,0.16840559,0.57772344,0.16742893,0.43023193,0.59513813,0.0,0.14224619,0.19738321,2.0787184,0.28552833,0.16801806,0.73666966,0.03348348,0.0,2.0756695,0.17047513,0.39787495,0.6994129,0.20329487,0.07495223,1.7953758,2.2763705,0.26566097,0.049902488,0.21045421,0.6722678,0.20344527,0.34132704,0.00385312,0.38615984,0.0,0.3042379,0.16534938,0.23397613,0.00720741,0.86553127,0.16088536,0.3360358,2.3087156,2.8348057,0.48702192,0.0,0.0,0.001621976,0.10921676,0.22489874,0.45637575,0.6923915,0.5022803,0.75271595,0.48930147,1.4041203,0.13457295,0.7559509,0.24916491,0.37010136,0.09357609,1.4131899,1.2648034,0.121810846,0.0042082337,0.6917451,0.07334854,0.1537947,1.1859283,0.05080093,0.0991368,0.053049583,0.037059464,0.40952078,0.09525391,0.26241076,0.0,0.67711145,0.31219482,0.3650906,1.6814581,0.06242055,0.44105405,0.91120595,0.03815972,0.09453644,0.7650897,0.0,0.8522593,0.41886464,0.20566632,0.4736149,0.050245978,0.552617,0.23184644,0.04945743,0.25343436,0.098895594,0.2674075,0.72394764,0.4703677,0.135747,0.5114002,0.6690669,0.0026279981,0.8928203,0.7513402,0.21340713,1.472757,0.04727261,0.2853979,0.13768807,0.0,0.8482356,0.059556756,0.33973318,0.012827021,0.0062448373,0.66491604,0.31523296,0.01998949,0.04094264,0.55061144,0.23106943,0.045806542,0.086099215,0.0,0.019425053,0.033802617,0.38014105,1.2339483,1.2651023,3.7956946,0.3558118,0.30784982,0.10351247,0.3159147,1.0933112,0.0006811681,0.067981385,0.063662365,0.3525861,2.7966747,0.40730008,0.5998348,0.47512415,0.059649806,0.23778851,0.51946115,0.097883046,0.17578417,0.032877572,1.0742494,0.91018534,0.037185892,0.20819436,0.23879302,0.73257774,0.06941027,0.38015193,0.15398905,0.016463453,0.23774672,0.3254127,0.31797463,0.24783689,0.16585636,0.06866953,0.42063746,0.08937858,2.2758727,0.049195297,0.39325815,0.4437363,0.0074523687,0.028024506,0.0005493462,0.027534973,0.08006295,0.026024437,0.026741404,0.36779016,0.49062392,0.88125616,0.03330435,0.48036373,0.54507416,1.7078407,1.4336884,0.9954583,0.019923216,0.5907392,0.0,0.2859205,all_pothole_images\pothole_images_new_image_1180.jpg
0.74154824,0.5883774,0.83609366,2.30359,0.34893128,0.418235,0.7220267,0.53891444,0.41563582,0.6697058,0.12865868,0.35564423,0.050219364,3.113337,0.80360436,0.74390143,0.010373046,0.63887113,1.5004046,1.4484076,1.5398974,2.57572,0.6799961,0.06057223,1.4810885,0.7064023,0.64551324,0.23447186,0.9132984,0.7254852,0.41217133,0.63314414,1.1326233,0.30899024,0.27515838,0.33590215,0.13384141,1.0191765,0.3370684,0.5668061,1.1940049,0.154907,2.52688,2.4363933,1.2636054,0.6116917,0.25816065,0.0,0.20436083,1.0505846,0.12795874,0.027613124,0.17438234,0.7894713,0.31560633,0.04799638,2.3639023,0.01701654,0.75822604,0.9595975,0.8451692,0.610145,0.040275067,0.07407215,0.7520578,0.7803614,0.21182932,0.6208425,0.8517115,0.12784201,0.3475514,0.19359308,0.49324945,0.6697399,1.8354783,1.0214118,0.7452245,1.1173959,0.50723696,0.007340648,1.5913376,0.29702687,0.8545314,0.46066543,0.5313502,0.17200215,0.06394998,0.19461323,1.6945561,0.36492682,0.0,0.5828494,0.12762304,0.21973747,1.4218903,0.36648005,1.1557088,0.4144575,0.90939546,0.958648,0.2163617,2.5610096,1.3070524,0.3541956,0.81919634,0.0055932146,0.3767819,0.8292448,0.13864832,0.13022436,0.17612109,4.0429063,1.0068498,0.41816017,1.5534648,0.009022076,0.9043628,0.097841166,4.267598,1.5771983,0.80207026,1.1547269,0.13490742,0.9976677,0.9058947,1.1956002,1.3803575,0.72040784,1.551596,0.31649745,0.31309524,0.42787212,0.33572152,0.61991274,0.1312749,0.7566753,0.038698435,0.7492673,0.32813215,0.5322305,0.485144,0.90241164,1.7520123,1.4899272,0.0053884233,0.030458577,0.5074087,0.29258028,0.7025511,0.22958857,0.755932,0.5340434,0.0,0.6515734,1.7669185,0.04377277,0.5060934,0.074940585,0.596967,1.1505321,0.70085156,0.1710967,0.30060646,4.4521227,0.63302594,3.1096735,0.9016127,0.5818472,3.2008398,0.37024948,0.19572109,0.3247615,0.22555573,0.015744578,0.81411994,0.6084326,0.54458976,0.38850027,1.0989827,0.5917672,0.22178853,2.7421827,1.6779642,1.3928149,2.1971278,0.22966747,0.045400172,2.512602,0.39121705,1.1446859,0.46842167,0.6112058,0.31458643,3.392751,0.535561,0.7772283,1.5354611,1.4759165,0.9719623,0.4652094,0.10114101,1.0594842,1.391101,1.1463406,0.4110302,0.40854788,0.20949353,1.6449784,0.64577246,0.48030916,0.0,0.13786831,0.17156495,3.0859294,1.6517215,3.5454316,0.018997805,0.49072206,1.1184666,1.3345258,0.3581979,0.22032924,1.2335563,2.4164345,0.21429032,1.431743,1.9053942,0.079705015,0.6882912,0.48804638,0.69322276,0.38315365,0.036904324,0.07221143,0.8041375,0.27511474,1.2400643,0.03412931,0.016621578,0.9244301,0.7954163,0.36448762,0.34702408,0.6316487,0.6729528,1.5604173,0.739194,0.5244056,0.67717975,3.6856925,4.379251,1.1556703,0.663605,0.023429895,0.0,2.227579,1.3034664,0.47060102,2.099264,2.6022334,0.5420314,0.10541458,1.3876922,0.6719931,0.088420965,1.5139127,0.10650325,1.2221954,0.7641562,0.5357142,0.17446476,0.38228735,0.20306875,0.0,0.9879285,0.30631363,1.1765524,0.4117297,0.9762788,0.44280335,0.53829074,1.1895283,0.101807676,1.0402839,1.7528801,0.47156695,0.6146411,0.5117517,0.43753502,0.72025734,0.15514898,1.3788993,0.7697996,0.094163366,0.2573407,0.5390031,0.61404556,1.1130676,0.21358237,0.8145562,0.5416184,0.7393165,1.5186151,0.6739278,3.6508815,0.9292783,0.33501205,1.0215753,0.044963155,0.5525807,0.8533726,1.6167152,1.3607495,1.0074574,0.2928003,1.7807726,0.44606274,1.0667676,1.5118939,0.36925724,0.4789537,0.6498889,0.3936173,0.85717225,0.9278802,0.11340262,0.29559422,0.1276602,0.3809554,0.31412128,0.5288444,0.4682502,0.09296388,0.12528205,0.2391626,1.0262994,1.2318484,2.323928,0.6512764,0.46865386,1.0087419,1.5990607,1.2903755,1.1940458,1.6069531,0.71764666,0.8300725,0.2338249,0.7942904,0.56027573,2.89016,0.022265915,3.8071065,0.49144417,0.3197712,1.6895971,0.1159142,1.446252,1.1471109,0.28996992,0.13195218,0.24444777,0.84409535,1.4185199,0.4606533,0.4435869,2.2181756,0.05546608,0.499518,0.20116585,1.0162435,0.0928851,0.27553585,0.6143753,0.2573212,0.3014276,0.39505494,0.9948967,0.11765783,0.6601026,0.2173827,0.90962064,0.5330777,1.4615846,1.6223974,2.0708659,2.0401335,0.015037248,0.8740231,1.1935288,1.0219492,1.5815564,0.25856355,0.5714549,0.28320208,0.30866522,2.795793,0.055897128,0.32420036,0.06890902,1.5282563,0.34364983,0.064673714,1.554763,0.7323258,0.22997054,0.371799,0.9384652,0.70033234,0.24888277,1.5556712,1.0075696,0.0021872798,0.5033984,0.107794456,0.054242738,0.66812825,0.5421318,0.34957558,0.67712635,1.5957927,0.41980883,2.2696245,1.7269961,2.0645354,0.03607992,0.08521954,1.7509934,2.8759155,0.17841971,0.43847328,0.97704774,0.8288692,1.1192502,1.4434204,2.5273585,0.30197263,1.2701334,0.08124782,0.7002605,0.15470587,0.68930954,0.16808577,0.17368731,1.1675843,0.006328593,1.5528723,0.3493899,0.41971886,0.8464419,0.38805375,1.3519324,0.13099281,0.863784,2.2989914,0.28770307,2.1538684,0.9386425,3.3203735,1.9801917,0.5834074,0.6886795,0.2651675,0.066289105,1.6741933,1.576236,0.32959673,0.041865844,0.17888111,1.4750713,0.84079874,0.05041759,0.19269705,0.15748578,0.48687547,0.55974346,2.2742436,1.942863,0.37476674,0.028387086,0.90600365,1.3744127,1.5597183,0.56499714,0.055827744,1.1779199,2.760764,0.8843601,1.016239,0.16850373,0.107735604,0.75771594,0.41611028,0.8328789,0.07344203,0.46825767,0.80270696,0.32239237,0.6354473,0.76339936,0.71467817,4.537454,0.6169635,0.28963044,0.30410555,0.4533824,0.051850144,0.15903474,0.21427122,0.5822724,0.9231093,0.91059315,all_pothole_images\pothole_images_new_image_1181.jpg
1.9313505,1.7410133,1.4143165,3.6155827,1.0028402,0.15072593,1.4558138,1.5754186,0.11888673,2.0398283,0.9594564,1.5451809,0.05000327,1.773987,0.07234366,1.9521877,0.28944582,2.5424159,0.62654185,0.41804147,0.50097466,0.15746732,0.72519976,1.6469209,0.41109434,1.335749,0.24508151,0.5456766,0.9778352,0.50119716,1.3481524,0.14229268,0.6093801,0.38410568,1.137486,0.8566871,1.0527409,1.7631379,0.48313054,0.27376786,0.17428698,0.80663764,0.93089765,0.9891257,0.30632535,0.1845532,0.13112912,0.4296245,0.085432306,0.051221058,0.106719404,1.3652875,0.9107309,0.5190522,1.263726,0.9251432,3.1921422,1.7312647,0.36552355,0.16663793,0.4997537,1.9758319,1.127952,0.6035643,0.9540215,0.9961704,0.83374673,0.7937941,0.46666268,2.300628,1.0675064,0.83461386,0.026325855,0.73102784,1.1529268,2.0497844,0.43181208,0.9109474,0.47859308,4.505215,0.39259684,0.0809308,0.81904995,0.7032591,1.4757718,1.21837,0.0854101,0.13038631,0.52000946,1.9915316,0.7704015,2.5857956,0.59923476,0.89550066,1.210038,0.6821728,1.2941872,0.8088499,0.26403517,0.026224704,1.4155324,0.2784227,0.2739207,0.61151403,2.6345992,0.00058592844,0.80251247,0.090540536,0.12452215,0.31274784,0.40125126,0.33559674,0.90730494,0.03516194,0.18880965,0.08608023,0.10145259,0.15237823,0.4003099,0.0747639,1.1603223,0.3109896,0.033928424,0.074689865,0.6675545,0.028208716,0.4076306,0.571183,0.41391364,1.1430652,1.6786402,0.0406083,1.8797928,0.8388273,0.79121447,0.45633876,0.4109142,0.4498839,1.0622139,1.2941647,1.2977554,1.1068546,2.2502973,1.315382,1.1136024,1.5086697,0.8513406,0.043400154,0.6031375,2.2477837,0.94260484,0.29592717,0.41581756,1.3820701,0.91809005,0.057932075,0.5299884,0.00018970662,1.1212875,0.53554285,1.2432302,0.3880057,1.1336782,0.57345784,3.4331648,0.3310088,0.7184736,0.9647502,3.3379214,0.2171825,2.7936065,1.3155141,0.0,1.3056775,1.1158237,0.4555766,0.7161615,0.5953369,0.20863242,0.33436242,0.32339692,0.52230906,0.72145694,1.8964918,0.72331035,0.5902,1.5269908,0.1475375,0.7827768,0.32890967,3.6497672,0.6046445,0.0,0.8355701,0.0,0.6757231,0.19746742,2.1539116,1.9232134,1.2083323,2.2548923,1.7013906,0.22759044,1.099567,0.26405296,0.31555367,1.1082661,0.9036136,1.2339245,1.1940823,0.28220487,1.0820119,1.768387,3.0517447,0.25336015,0.9149117,1.855863,0.0017887739,0.4791376,1.2493298,0.24526276,1.4328167,1.196089,1.3874234,1.0594805,0.0,0.25227794,0.27729446,0.3749568,0.32378155,0.21684998,1.7429414,0.52503186,2.599018,0.18176167,0.47392455,1.0093111,0.4372565,0.4158604,1.3467818,0.39341456,0.5390927,0.9461217,0.41653305,0.77710146,0.15656528,0.57343465,0.8448771,1.4797902,0.74809515,0.51480067,0.06877428,1.6706982,0.785669,1.154566,0.2289097,4.4906144,0.4001499,1.7448899,3.1383011,1.9795738,1.3001945,0.5576539,0.48472443,0.80385244,1.102829,1.3073105,0.90435296,0.3279275,1.1284323,0.17721125,1.729093,0.29924574,0.14776811,0.12584664,0.3324154,1.9482393,0.30936292,2.598821,0.07842792,0.19852984,0.19083749,0.40809104,1.0981941,1.3272837,0.59396696,1.3657036,2.3569467,0.6086336,0.64760476,0.7336673,0.7744386,0.22168957,0.2603068,2.7250755,1.0684748,1.5287958,0.41495672,0.1228352,0.50662035,0.707205,1.3249506,0.656051,0.38517985,0.67500234,0.6289172,0.35736167,0.5533758,1.2497574,0.009605143,0.43381578,0.34279624,1.0994605,0.34275997,0.09227714,0.99952406,0.5238378,0.8159139,0.51959103,0.1303104,1.4500643,0.6427079,1.1874604,1.4521207,2.1114798,1.4919523,0.83356255,0.99934614,2.1281803,0.9416691,0.14793077,0.16701552,1.5372021,1.8064201,1.4614655,1.306487,3.4476287,1.1566355,0.3639481,0.2335007,0.66950977,1.0448356,1.1754452,1.0623444,0.3441805,0.12046626,0.6587456,0.3215997,0.6452347,1.7293162,0.31521937,1.5763544,0.9621363,0.031851895,1.1207659,1.1241274,1.8180965,1.8193512,1.5427766,1.5081855,0.669465,0.4128987,0.6942724,2.271602,0.8421473,0.50790733,0.9752832,0.7313014,1.5373247,3.7473485,1.2718128,1.4279754,0.9161357,0.09900435,1.5243757,0.70977324,0.066617616,0.51726425,0.027577745,3.536409,0.64168316,1.1240758,0.49216592,0.86547697,2.0928988,3.6876705,1.4100189,0.955257,0.55526924,0.5507041,0.9844214,0.7545396,0.08948666,0.71856475,1.1978723,0.52923125,1.4811713,1.7957829,1.6236413,0.07216528,0.20649396,2.2472775,1.1437964,0.833618,1.584512,0.8137291,0.28308517,0.23190804,0.19134091,0.0037537212,0.4872733,1.1126052,0.8800477,1.7641664,0.5459957,0.099252805,1.8820415,0.7426618,0.8607329,0.9903224,0.23879334,1.8624573,1.0447282,1.5272206,0.7444219,0.11479264,1.181907,1.137446,1.523008,1.39186,0.07641125,0.83136344,0.15378475,0.14726543,0.10932666,1.9657528,0.5752273,2.0147338,2.6619012,0.3612753,2.2830722,1.3101865,1.420982,0.5881682,0.69225246,0.6748101,0.392504,0.12315509,6.646019,0.56163555,0.99292004,0.04866187,0.9745972,1.2843171,1.3776463,0.22483993,0.3354314,1.8034711,2.0568655,0.44980845,1.5440726,1.4725252,0.7752092,0.31032267,0.94755477,0.47645316,0.59207815,1.0071349,0.23575146,2.3780186,0.59413767,0.69259363,0.52501965,0.42914265,0.45865956,0.25280374,1.5291791,1.8123633,0.76490307,0.30573094,3.897045,0.50076056,3.845696,1.6860535,0.2848332,3.518734,1.849884,2.520672,2.6862853,0.41297624,0.2005925,0.9435066,0.27186272,0.3573631,0.46099815,0.24457859,0.4308737,0.557328,0.6622536,0.980475,0.38840535,2.061629,1.6714916,1.7836356,0.018065687,0.85595095,0.94405115,1.4389694,0.7833906,2.22461,0.057774574,0.27281886,all_pothole_images\pothole_images_new_image_1182.jpg
0.005387161,1.7786556,0.6315226,0.16572745,0.66392654,0.3317172,0.23999338,2.0823781,1.6118543,0.37184072,0.054940194,0.53664434,0.7521235,0.5345426,0.7249789,0.14621572,1.0818381,0.36776173,1.0857582,1.5923758,0.07593311,0.5648441,0.18605438,2.4159467,0.4388193,1.2485687,0.013613603,0.26806554,0.008180085,1.7924618,0.5117727,0.021078046,1.3674214,2.1007774,2.185624,0.5648373,1.3328142,0.186575,1.5776653,0.33640593,1.3456172,0.103957444,0.2819017,0.15065178,0.36752105,0.47734734,0.65028584,0.0,0.6964104,0.036219507,1.5105907,0.6470138,1.4030524,0.6415377,0.73495394,0.25240037,1.3134508,0.65913576,2.4448464,0.89529353,0.19811606,0.34290522,1.1809225,0.22456792,0.6064824,2.3360803,0.7395946,3.6842308,1.0252787,1.216703,0.17384075,0.5966889,0.41423327,0.026422277,0.12124822,0.10983675,1.0210938,0.73982096,0.031057553,0.8002205,0.44332302,3.8704402,0.27695075,1.5730052,2.118162,1.3415481,0.4502152,0.63837713,1.3882748,0.61757076,0.20265128,1.1119356,0.5699545,2.0668733,0.11094603,1.4068156,1.3074347,0.10688073,1.7594978,0.51882327,0.33036065,1.2292967,2.2046437,0.14625177,0.26867807,2.5883367,0.7515978,0.46723798,0.30241954,0.30430976,0.38670528,1.0066057,2.3091881,1.7376131,0.6683188,0.9106642,2.4446483,0.71803904,1.3039898,0.9863897,0.47414804,0.67076504,1.0940616,0.35861376,0.83058125,1.0365618,0.038608234,1.7094636,1.6280713,0.57473314,2.538966,0.7840917,1.5991945,0.8747826,0.9748721,3.9141452,0.2788429,0.8850034,1.8804038,1.8831342,0.30666795,1.8063722,0.08631249,0.75676167,1.0569066,0.31073588,0.4633205,0.6133172,1.8264918,0.3546127,0.26711228,1.6194317,2.3247657,0.45349762,1.0159143,1.2816889,0.8646319,0.14812541,0.045052458,0.016391408,1.0058069,1.534686,0.23728353,2.1875765,0.23411949,0.012351987,0.5350978,0.3882779,0.7852632,0.24002908,1.4503388,1.084537,1.4457556,0.57826483,0.5687869,0.58968973,0.59584665,1.5701448,1.3763566,1.3846416,2.2007518,0.9970848,2.0370667,2.7671936,2.256854,0.6774692,0.3335157,1.0633985,0.16838725,1.3325542,1.1964592,2.200577,0.9320479,1.4275665,0.98466825,2.0077062,0.276142,0.5156187,0.012763208,2.8991542,2.0191853,0.029204227,0.41526175,0.9083395,3.0436487,0.72679263,0.11738326,0.073021635,2.3569717,2.211297,1.2815534,0.8153608,1.2762494,2.0656414,0.514924,0.050263155,1.8841144,0.8162164,0.09264179,1.0818425,1.2829759,1.0454688,1.7539358,0.3737487,0.08569229,0.47596642,1.816674,0.027727151,2.4490256,0.10427772,0.2938518,0.9891574,3.241984,0.09279898,0.6455152,0.060408432,2.88599,0.3167062,0.09277554,0.73987,1.3224192,1.1530365,0.29539436,0.039289206,0.13678709,0.0,2.4873037,0.9107811,1.2896866,2.0114217,1.9701722,1.8615702,1.0353836,1.2372113,0.28516552,0.340153,1.1535131,0.5175991,0.4949054,0.61311936,1.3604057,1.0223042,1.0837872,0.45136493,0.4672376,1.1725138,1.0851058,1.5747052,1.5253748,0.3876264,0.5027228,0.14409818,0.93172544,0.4018023,0.22130416,0.28187856,1.2418612,2.1233912,0.13627549,1.4081361,0.58542866,2.1656158,0.37989593,0.19801128,2.1093297,2.2810018,1.5232903,0.7337363,1.4208794,0.1366447,0.32063064,0.42712528,0.56949574,0.3449387,1.4117299,0.49783608,1.5931145,2.7507517,0.21664608,0.53387195,0.14482644,0.67315966,0.15827344,0.08832894,5.153361,0.2351759,0.85359937,0.36434415,1.5084431,1.2509574,0.8124357,1.1110125,3.606637,0.7112572,0.31111467,0.5314413,0.9372214,0.17327489,1.8994181,0.07646319,2.1742923,1.0492082,0.28669134,0.072492436,0.963503,0.23413774,1.6390601,1.8551581,0.08853645,1.37849,3.803643,0.07081173,0.136702,0.79005843,0.15142198,1.5327451,0.5432643,0.14139403,0.808031,0.7637816,1.731292,4.3727975,1.6046013,0.13122505,0.5488157,0.2638804,1.3068137,0.09196421,0.2511468,2.4218013,0.006034401,0.26331508,0.4334361,0.55459607,2.785882,1.3088305,0.17705092,2.334906,0.6515771,0.3681003,0.19950376,1.3152348,0.21778485,0.118802354,0.2830811,0.7451549,1.2857276,1.0793997,1.9334109,2.0207508,0.69969565,2.4618826,1.2894703,0.6895841,0.87100273,3.1978943,0.11708933,0.70211065,0.12542702,0.68401647,0.8747404,1.3002689,0.78689724,0.5988426,1.4333788,0.58207214,2.4951754,3.1675072,1.6022335,0.47169894,0.22820024,0.32885164,0.75050503,1.0912586,0.09379217,2.633651,1.8016272,0.75617623,1.9619117,0.29652327,3.0428498,0.9196778,0.28360048,0.37306982,0.6029771,0.055264097,0.90948194,0.5025983,0.30621168,0.8114091,0.13396837,0.025575725,0.5794864,1.352382,0.0,0.24900566,0.9008756,1.361867,1.8663266,0.6597835,0.068582274,0.77830875,3.2962077,2.5611331,0.042237747,1.6432817,1.0796447,0.89626884,0.36811242,1.8242017,0.7327287,1.7217914,2.0527675,0.93618506,0.3092572,1.9986064,1.0775125,0.82166225,0.50471985,3.4053206,0.5077673,0.2341815,0.49226472,0.41398132,0.096627526,1.2870353,1.2517374,0.3905476,1.5599302,1.1358757,0.82356143,2.4740608,1.2333521,1.4163404,1.0828934,0.754342,0.021620894,0.27859205,0.009111039,0.07894174,1.3750684,1.9703611,0.9645051,0.15342282,2.1766524,0.0,2.4254236,0.038279697,0.98408335,1.2269609,0.4930466,1.5873555,1.4715232,0.05376648,0.07732125,1.5082358,2.8059878,0.28738317,1.4279424,0.63421106,0.29211038,1.2686251,0.3852406,0.74468267,0.026843397,1.307621,0.7825747,0.43191165,3.801117,0.25228092,1.2165409,1.1056017,0.27785358,0.5158616,1.8155749,0.07564166,0.6794741,0.19526882,0.043836433,0.40048665,0.50938976,1.4663137,0.46345246,0.8201294,0.91068476,0.96789,0.17892319,1.5248896,0.9655706,0.5674195,1.7999345,0.863833,all_pothole_images\pothole_images_new_image_1183.jpg
1.399562,0.2970708,0.4852702,1.7434648,0.38624534,0.009748607,0.5443378,1.6188874,0.01886229,2.1829848,1.0271884,0.29070795,0.57050973,0.82006377,0.3070458,1.8007025,0.536467,1.1003238,1.4382321,0.344105,0.74219,0.27128574,2.250093,2.994326,0.88996285,0.13330767,0.6570929,0.9903502,0.054226056,0.5504623,1.3071924,0.6796954,0.3752461,0.5332425,1.8434465,1.1183095,0.5595076,1.9160948,0.38112926,1.6139115,0.364606,0.009728254,0.10450669,0.21997453,0.66914976,0.34358522,2.8875034,0.036863375,0.02401295,0.3631909,1.6499717,0.43411282,1.8562939,0.94185513,2.5292666,1.0089568,0.85385823,1.3913275,0.83178616,0.55349714,0.38380715,0.15379968,0.7019903,0.17263699,0.51078326,0.6379581,0.58780396,0.6030301,1.2939292,0.90893555,0.90425783,3.6062655,0.28343517,0.0,0.035575952,0.1679609,2.3837664,0.3208289,0.78071195,1.0303125,0.6252622,1.1974387,0.9717617,0.47839576,1.02112,0.6844345,0.6346116,0.42241967,0.6825658,0.18104765,1.1463318,0.36039078,1.2214411,0.07324587,0.2091438,1.7077308,0.19314666,0.16152012,1.816946,1.0793169,1.5248419,2.4951487,0.2096078,0.20115471,0.11554081,4.9099164,1.5814795,0.5398147,0.28333625,0.56594235,0.57737917,1.7634636,0.29371926,3.2585526,0.087163895,0.33396414,0.90513927,0.38529757,1.2430017,0.8209054,0.78668344,3.6764576,0.011504388,0.82943887,0.27835017,0.0022072396,0.30217978,0.20571354,0.33887318,1.4675624,4.5934963,1.5268251,0.3894005,0.9065571,0.2621444,0.934679,0.50788367,0.11947996,1.6106392,1.3839105,0.46549848,0.6302457,0.15440264,0.9154873,0.12112629,0.43397215,0.9284902,1.0320239,0.7235092,1.2239759,0.020157872,1.3430623,0.2908134,0.27988067,1.429354,0.12740187,2.4230525,1.3055233,1.008484,0.46161264,0.6854406,1.1917068,0.19814052,0.9039804,1.2770464,4.050482,0.5590165,0.73461175,0.74228364,1.0154301,1.3709999,0.3541134,0.4917603,0.21875785,2.21937,0.16347067,0.085384406,0.09759268,0.75808716,0.33364683,1.0656432,0.6886444,0.08599172,2.7891178,0.380597,0.47287774,1.2005967,1.9700391,0.7511829,0.56071895,1.858922,0.13596772,0.8955611,1.2887762,1.6847409,0.6204105,0.50008285,0.000600512,1.7961532,0.02204408,1.2304008,2.710781,0.071110174,1.8331705,1.0463148,1.0932108,3.5223749,0.2059494,1.006016,0.559051,0.5741346,0.4204344,1.0803998,0.2798742,0.012541857,0.42020077,1.2674177,0.03674236,0.27923703,0.048945066,1.0071914,0.5880052,1.1587943,0.690119,0.016391853,0.15259439,0.18488772,0.19756666,0.38255394,0.27909952,0.01687725,1.9225547,0.6525544,1.0073247,0.51868445,1.4388863,1.5692525,1.7919933,0.10206055,1.4813657,0.35449696,0.18330581,0.701202,0.33131385,1.2227049,0.91193295,0.7571986,0.10410128,0.4536553,2.3353548,0.80306244,1.5641937,0.8199578,0.055514127,0.20128615,0.043492842,0.58615243,1.5030538,0.077830695,0.14656202,0.9764778,0.36304045,0.7347661,2.7050843,0.08008029,0.72827053,1.8224723,2.0762231,1.862403,0.4937085,0.48980764,0.7527266,1.2229055,0.48718467,0.3948086,0.6071661,0.6083887,0.41291836,2.500277,0.241876,2.4542153,0.07938348,2.1929395,1.5295743,0.7892749,0.057263747,0.61763215,0.7163552,1.1204206,0.20639281,0.60033906,0.048011735,0.06595308,2.5559397,0.8519314,0.31703925,1.4540738,0.33700457,2.1848357,0.1663013,2.008725,0.10041025,1.7092905,0.55337614,0.21845736,0.035231985,1.7143308,0.3261923,0.017463643,0.019189313,1.2538145,0.011321944,0.08771436,0.29837507,0.45653227,1.5286303,0.013447655,1.1217113,0.7486634,0.8630229,0.9591098,0.48977986,1.4043205,0.8948574,0.39875978,0.4576953,0.2812788,0.4112684,0.3266352,0.054638103,0.017268851,0.5865764,2.1828656,0.3592814,1.6537999,1.1173074,0.2829821,0.46117517,0.060235027,1.4100461,1.2801806,1.3636968,1.3643311,2.6417947,0.4113826,0.09150549,0.6906373,0.23185985,0.3532519,0.27981564,0.8592959,0.07184569,0.26413655,0.13051274,1.1157635,0.5386805,0.41333187,2.5326567,0.82522863,0.03401248,0.98094946,2.4834967,0.8069541,0.5851318,0.9074769,0.32869798,2.3705182,1.2470648,0.9599908,0.31630057,0.5685669,1.6122495,1.1404933,0.31829795,1.0544089,0.6127927,0.16158071,0.016770534,1.2835462,0.6223973,0.457728,0.5578916,0.24052785,0.36520386,0.6688447,0.098576985,5.096298,2.322617,0.019039808,0.14717641,1.1312535,0.061014466,1.4877708,0.083435096,0.6384659,0.93917644,0.31122673,1.1249226,1.4386277,0.8867567,0.21536715,0.39602256,0.17158839,0.65431374,0.90559196,0.042864315,1.1070359,0.3968954,0.04431097,1.2065644,0.43079865,0.09311501,0.80309457,3.8119147,0.55018574,0.46257675,0.47260082,2.1654768,0.21485463,0.179995,0.6417758,0.74696237,1.3947731,1.0862288,0.21283162,0.49780294,0.6769331,0.9398711,0.1878015,2.93147,0.4847599,0.6316336,1.2751756,0.16498698,0.06895817,0.28407267,0.1399443,0.74467987,0.3815457,1.0034927,0.19072008,0.48397106,1.0458903,0.20417283,0.30813533,2.3833144,1.0877614,0.2737337,1.8296069,0.97233564,0.0,1.5275302,0.4595776,1.0985583,0.38592568,0.8687884,0.19642134,1.2278119,1.4960215,0.9107639,0.7372595,0.14538567,0.043333687,0.37739265,0.53396934,1.0420687,0.61767447,1.9425652,0.37569213,0.21648026,0.87777567,0.53086656,1.4020927,0.6919483,2.2967298,0.594657,0.4213534,1.2331604,2.43741,1.2307416,1.8781168,0.3612685,0.4847981,1.8077716,2.525219,0.98266196,1.2472632,0.69316924,1.3426439,0.40771732,0.4304571,0.15108527,0.0609682,0.035954088,0.16379976,0.19338565,0.32119927,2.6599817,0.042848624,1.3125223,1.3307327,0.34881255,0.53598034,1.4488416,0.06599988,0.99854696,1.0844276,0.969779,1.131713,0.4117403,0.0,0.47381955,all_pothole_images\pothole_images_new_image_1184.jpg
0.2959789,1.1677153,3.6149678,0.84738374,0.5710083,0.47424355,0.45799297,0.7863737,0.66193163,2.0552065,0.28990018,0.4321746,0.016074268,1.8430288,0.060751278,2.261262,0.2316025,0.5306216,1.0810094,2.9831145,1.35176,0.037454933,0.5950152,1.0184246,1.1488364,0.4503844,0.0,0.30099118,1.4802376,0.35227787,1.0275934,1.5080582,0.7640091,0.31669682,1.0093203,0.37912172,0.18982728,1.0181109,0.9539393,0.14543094,0.7505949,0.1472729,2.0632584,2.334678,0.8603123,0.29740843,0.021901857,0.7222071,1.1519527,0.02168607,0.6683614,0.7126742,0.95360315,1.3795732,1.0501939,0.074102834,5.514094,0.16490161,0.5786162,0.19844648,0.21040772,0.8903336,0.024872886,0.3239444,0.08360689,0.657752,0.09306635,0.17387334,2.7277787,0.21508127,0.028743394,1.1254216,0.49386197,0.2193586,1.1285253,1.8108847,0.059136175,0.51928604,0.40055445,0.4004603,0.0031271628,0.549981,0.057281263,0.89943415,0.5012301,0.31321654,0.20649666,0.37624884,0.43983486,0.9377178,2.4946594,0.055159383,0.6767864,0.40682742,0.47730458,0.30634704,0.78319407,3.7508712,1.137724,0.6996295,2.016275,1.5692039,0.51793784,0.24097197,1.3215635,1.1627768,0.16671047,0.19765565,0.4175597,2.0239434,0.54558694,2.4633572,0.025409374,0.53330714,0.46072072,0.12659565,2.7458384,0.08414619,1.4499437,0.1033373,1.0987432,1.2053591,0.29499424,0.98354447,2.0261447,0.4542008,0.27392042,1.0677637,0.4113687,0.13921502,0.054492414,0.30230004,1.130397,0.22866,0.07257544,2.0520403,0.57996196,0.39100626,0.20871216,0.49314073,1.2117192,1.3597084,4.489193,0.4926929,0.40858442,0.23123953,1.3148485,0.59234816,0.075786,2.4910564,1.8225847,0.46301123,0.014658535,1.2997178,0.6338123,0.19965899,0.3916222,1.0881726,1.4548299,0.74090016,1.3699749,0.20092554,0.51895297,0.3337353,0.0,0.60789233,1.2829617,0.020397574,0.15511982,0.89919853,0.5424414,0.44223526,1.2414433,0.60563004,0.9225863,0.7222575,0.17734998,0.7360449,1.1677129,0.45199662,0.03338739,0.7389179,2.436552,2.821627,1.2556516,0.9665043,0.073238835,1.1410179,0.794915,1.6070846,1.1974605,0.23523389,0.10682157,4.928969,0.59777373,1.7300472,0.06292684,1.4293132,1.2699974,0.3108554,0.68610317,0.013175607,0.397288,0.035348646,0.0,0.59449106,0.3699692,0.29358387,0.05963512,0.2798856,0.6290553,0.741416,1.3530332,2.8190522,0.32568705,0.34053096,1.2553263,0.032397453,2.4893172,0.33072326,0.0,0.7982077,0.4326932,2.2106335,0.35522726,0.47797498,2.7976878,1.6570134,0.0,0.70257187,0.18691279,0.49455556,1.306545,0.90424204,0.3741458,0.43813083,0.61730254,0.010201516,0.20472749,0.12978747,0.2680345,0.23027633,0.9248655,1.8945289,0.33928493,0.4489979,2.577283,0.11671691,1.2505103,0.04204313,0.94285345,0.6376168,1.2446393,1.6750737,0.45355403,0.88515484,0.48668423,0.36340097,1.6745069,1.1104873,1.3024501,0.07433953,0.1002634,0.048755743,0.2931553,1.4843165,0.009971686,1.2651933,1.4240118,0.23099047,1.428317,0.42435318,0.13577266,0.050121903,0.37075168,1.6288738,1.178623,0.011298287,0.35051614,0.61814404,0.1452053,0.109331146,0.882452,2.4778666,1.6464146,0.8289538,0.40739083,3.3379629,0.16655181,0.27737758,0.80292016,2.4641216,0.47756493,0.6347348,0.26466367,1.2829635,2.904882,0.05130253,1.8475693,1.010664,0.00092521636,0.85172784,0.7900754,0.30026078,0.42863938,1.0615729,0.065401666,0.692322,1.7552849,1.4756974,0.45835903,0.5684135,3.150874,0.18849508,0.06903123,0.2582638,0.10148451,0.9624711,0.20876494,0.602373,0.4568018,0.28047106,0.580366,1.645311,0.5105017,0.032760438,1.1537791,0.5364649,1.9206988,0.1719744,0.16142273,0.06776346,0.7665272,0.340617,1.2634684,0.80437225,0.48992062,0.18082516,0.40554696,0.051377583,2.1163414,0.4008281,1.3122472,0.059577104,3.080043,0.29784057,0.15004441,0.12624596,1.1556468,0.109419316,0.16304092,0.4709783,2.9813955,0.38700333,0.18989947,1.2638417,0.57809395,1.744296,0.036081012,0.49457994,0.43159255,0.17791535,1.6808261,2.0193765,1.473788,0.48506042,1.7165757,0.653418,0.51517177,0.41909593,2.233794,0.26214987,0.57501996,0.13645062,2.7449229,0.016262773,0.7972116,0.3147067,0.24871719,0.24475536,0.5809519,1.2232137,0.82110244,1.114686,2.3822396,0.6661316,1.0276974,0.1428566,0.42158902,1.242105,1.2992755,3.569656,0.8314998,0.8481027,1.0755216,0.2824965,1.7812079,0.4660942,0.01998656,0.0,1.0413213,0.10159633,0.08532696,1.6397051,0.025983158,0.6068853,0.44175142,1.1266558,0.4897689,0.024523403,0.025487037,0.0,0.0005659291,0.6888085,0.0,0.5975382,0.82014424,0.06566618,0.4328293,0.29297516,0.15197676,1.0359933,0.10990966,1.7398478,0.23688675,0.07165184,2.2059748,1.0733831,1.6966828,0.92280793,0.071203545,1.3033894,0.3780607,0.9497867,0.606659,3.4832098,1.1290952,0.09938448,2.969961,0.42858624,0.43920702,0.6146878,0.030904492,0.1993823,0.9172813,0.042659886,1.7042012,0.79076916,1.6210012,0.6459572,0.21629594,1.4428065,1.2363963,0.44229662,0.23285137,0.57177734,1.0223037,2.0699096,0.32976252,1.6833153,1.8096464,0.07657847,1.250397,0.24070469,0.22525164,4.499834,0.009636342,0.051311623,0.7011412,0.5452856,1.4785072,0.17073503,0.31824386,0.96798754,1.4292818,0.06990733,0.42650035,0.47540888,0.48765832,0.21541494,4.446769,3.0230956,0.913411,0.56762004,0.29255676,0.86027837,1.7005804,1.030272,1.8740265,0.0819631,1.0618727,1.4564449,0.025089512,0.17150111,0.5429699,0.73746675,1.5116994,1.8045832,1.3793179,1.0496765,0.10167673,3.3302486,0.9145271,1.5836561,0.0815252,0.15434198,1.2939057,0.20098929,1.1110288,1.4353465,0.3262437,1.0988688,all_pothole_images\pothole_images_new_image_1185.jpg
0.8731794,2.0539281,0.41651803,1.7433388,0.17644805,0.44196665,0.5306554,0.0,0.4851464,0.35297507,0.6928149,0.32890052,0.47581044,1.5875916,0.2864745,0.27900746,0.47619075,0.18146645,0.45088518,0.5324323,0.32664707,1.5628682,0.2853187,1.7184321,0.7435995,0.31843457,0.66844493,1.6405727,0.15961513,1.0756487,0.9525455,0.070186846,0.6607296,0.34205058,1.7868806,0.00051452755,0.3027344,0.83657765,0.0047015296,0.69177413,0.0,0.17808856,0.25446546,1.6491112,0.60383344,0.030008288,0.13507102,0.2933345,0.098794185,0.3823199,0.32166284,0.27557084,0.8535833,0.17924488,0.33092427,1.779531,1.565883,0.35169044,0.64230615,0.7360874,0.22022705,0.39354274,0.36078477,0.16518416,0.53982085,1.8513821,0.7296255,0.43802288,1.2664151,0.8306537,0.4729262,1.0745428,0.53109217,0.1596811,0.17997824,1.1952116,0.32378617,0.53773874,0.02441902,0.45547804,0.24434626,0.38034287,0.04348922,1.5875134,0.6060143,0.75771445,0.28244838,0.3465658,3.4330814,0.18700889,0.29153126,0.26895237,0.5601029,1.1725119,0.0144463,0.19626808,0.3241392,0.65940094,0.9940588,0.8402621,0.07583195,0.89728534,0.3123804,0.8157003,0.5681882,0.5395418,0.4862502,0.0834046,0.2293119,0.78040504,0.1399917,2.3278675,0.3491367,0.4093043,0.60397166,1.0256252,1.9980558,0.17629491,0.23626818,0.15998931,1.1959072,0.41793302,0.86928785,0.7467666,1.0412015,0.5056215,0.15399984,0.58119595,0.1716469,0.32280287,1.1002054,0.6876433,0.670602,0.23378329,0.13529634,0.89735925,0.43311232,0.61278236,1.1137164,0.54981184,0.110464856,1.5705918,0.27030742,0.80759364,0.23360287,0.86313796,0.35099193,0.010304852,0.9159561,0.9316973,0.20553079,0.63009053,0.0,0.589507,1.2330046,0.1580661,0.46938896,0.14807713,0.47954577,0.82480633,1.8647753,0.5428632,0.072889455,2.3807433,0.33868715,0.4065485,1.218283,0.11503255,0.28739157,1.0981059,0.04777468,0.023803437,0.48086247,0.80168164,0.84816134,0.24533378,0.935553,0.08047212,0.11209943,0.8079204,0.34648785,2.2083993,1.6831001,1.2917465,1.1415417,1.1496693,0.037310235,0.019967534,0.5199073,1.0876154,0.8302112,1.1838796,0.37811172,1.6367495,0.0072313417,0.06943617,0.41021132,0.66053265,0.21882835,0.8510725,0.19585383,0.7490288,0.02028958,0.48368213,1.2242978,0.5917426,0.75871587,0.11774271,0.29571816,0.0034433072,0.24224716,0.4739904,1.31146,0.17866601,1.2049596,0.8727862,0.5342338,0.45466873,0.6276788,0.15730354,1.1729434,0.0865553,0.7290657,1.1276298,0.85571986,0.91169673,0.7463563,0.64347214,1.495669,0.008514604,0.3688669,0.5475334,0.6655953,0.31807548,1.685614,0.46596277,1.0852363,0.04092606,0.034664765,0.002752512,0.095558934,0.5628037,0.21407111,0.19879128,0.5041084,0.090221256,1.0349752,0.17121652,0.462823,2.9708629,0.48810178,0.27187398,0.6310261,0.23109794,0.3005045,0.0,0.9521328,1.0431858,0.40841782,0.96765935,0.37897334,0.19933754,0.85813266,0.03975454,0.2901134,0.4584695,1.128314,0.39413947,0.679498,0.6586045,0.88237256,0.0018992565,2.1193814e-06,0.049834687,0.5738512,0.49408558,0.6219809,0.21540143,0.937943,1.04793,0.4706142,0.15231273,1.0533274,0.15774228,1.3676888,0.6170298,0.21988627,1.2339579,0.6702743,0.5225241,0.470663,0.14233151,0.59916365,0.4208885,0.36055997,0.39875212,1.5736506,0.73010415,0.48002064,1.8382772,0.18442278,1.2179496,0.1128243,0.84852993,3.8355787,0.28990978,0.00053062243,1.363932,0.59235305,0.005145641,0.9024448,0.061058775,2.75601,1.2852826,0.22344787,0.4367844,0.42354137,0.54131,2.136082,0.54693985,0.4334515,0.4582021,0.037811074,0.2820047,0.79480946,0.8012436,0.37339726,0.66709787,0.9382724,0.62328017,3.19428,0.25325844,0.24564809,0.72672725,1.0202389,0.1886759,1.1303232,0.7139405,0.48253644,0.098938495,1.0488915,0.6600286,0.8130163,0.39194354,0.11076929,0.7151116,0.22714297,0.5003343,0.005690259,0.37419236,0.0,0.7462422,0.91085416,0.87764114,0.1156052,0.28636456,0.49659517,0.78508455,0.0922561,0.8181414,0.19897655,0.0822267,0.228787,0.1895466,0.00090012635,0.4584469,0.76203823,0.17197599,0.3027672,0.30071366,1.303722,1.1125305,0.68037194,0.04676439,0.8456098,0.61419964,0.0,0.6990184,0.37705827,0.21899872,0.3691089,0.59066653,0.23798168,1.7949759,2.0618114,2.4077692,1.2301784,0.6770198,0.1922668,2.1140568,1.4720845,1.2224486,0.08924037,0.16553935,0.036216825,0.103542134,1.5957074,0.10106272,0.42431644,0.0018863733,3.288135,0.47034016,0.24441923,1.0155839,0.38988268,0.3462612,0.3033582,0.7419452,0.0077851717,0.52834743,0.09407619,0.34434432,0.5824759,0.47195765,0.057843518,0.4432124,0.69585466,0.57452345,1.0438619,0.09610621,0.7414221,0.52574956,1.5347917,1.5741324,0.72114307,0.63013506,0.9286423,0.88577753,0.55219513,0.17254451,0.0370222,0.53245,1.2916164,0.6389811,0.038781602,3.382199,0.5039202,1.1435368,0.11287324,0.24057417,1.035584,0.10093276,0.22817379,0.381535,0.23448278,0.05462725,0.98545086,0.9854261,0.3486922,0.30981395,1.9705193,0.3106003,1.0771903,0.66629636,0.102035284,0.44443536,0.38796374,0.72593516,0.0212555,0.9240019,1.2745931,0.10412535,0.13229719,0.27267236,0.8687979,0.40755767,0.8678673,0.18071462,0.28383654,2.107069,1.2836654,0.9062086,0.13078257,0.33616284,0.4189824,0.37711278,0.3075639,0.8097692,0.4231875,0.3274942,1.1868546,2.0988398,0.792911,1.0733608,0.0,0.8391928,0.46118164,0.5913024,0.6302167,0.04586675,1.1202168,0.87021613,0.23903555,0.0,0.15039077,0.17014678,1.1866732,0.046508633,0.25893652,0.18437189,0.3807556,3.0700638,0.53533554,1.1381754,0.29296926,0.36725596,0.28404358,0.54306626,0.5699696,0.3568297,0.07318533,0.2229578,all_pothole_images\pothole_images_new_image_1186.jpg
1.3135345,1.1169512,0.2783311,0.3128895,0.87982225,1.6047593,1.7733319,0.5693339,0.36484253,0.13868423,1.3860626,0.7971662,0.275199,0.8291439,0.4997025,0.4215267,0.36236474,0.35795733,1.1318176,0.15249646,0.4313932,3.5896406,1.5065887,0.629714,1.0298678,2.2416692,0.3667868,4.3737416,0.04810346,0.7628144,1.4610385,0.18414892,1.2946843,1.0407932,0.29714766,0.13388528,0.0074167866,0.77293754,0.7706974,1.2777901,0.9091226,1.0034696,0.28016087,0.40834057,0.112906724,0.7122285,0.8521371,0.0057612606,0.52803963,1.3065525,0.47022748,0.6741554,1.7808245,0.3816085,0.35827675,1.1139352,3.1895092,0.7722884,0.0,0.22900851,0.04408276,0.64002633,3.137434,0.7241278,0.89535177,2.3442264,0.11260992,0.09775057,1.0916078,1.4891298,0.41548756,0.0024346858,0.830285,1.0138761,0.90775186,0.42056188,0.03795974,1.2968465,0.4131717,0.8765949,0.03175723,0.37046146,2.6911042,0.7820502,0.81824875,2.0494637,0.36457214,0.38642532,2.667213,0.24987298,1.4082588,0.56234556,1.0400313,0.7558872,0.3891842,0.6916837,0.20624131,0.45176724,0.7164866,0.75917405,0.38713977,2.9599197,0.5476813,0.53587896,0.6405453,1.9148921,0.062222037,1.8051585,0.18309389,0.964489,2.785561,1.6616986,1.1307217,0.67774945,0.14963754,1.2770208,1.983741,1.5111346,0.81829655,2.4226038,2.8548884,0.2801749,0.3147151,0.60493386,0.43740767,0.054867778,0.44245452,1.8184297,0.14941777,0.892613,0.32955614,0.5632701,0.44797522,1.6664256,0.79650724,0.12111248,1.0657136,1.2732198,0.037951384,1.285803,1.8106362,1.1335909,0.20248877,0.57076144,1.1264307,0.5689855,0.8423331,0.18624292,0.6968891,0.66053313,0.020621333,0.47486478,0.57886297,2.857166,3.7710674,0.74044067,1.1310632,0.6493109,0.9314019,0.47494912,3.112117,0.28829104,0.31324202,0.94619715,1.249256,0.0071628094,0.8061903,0.9193995,2.496605,0.7292034,0.38883337,0.45756838,0.2649272,0.19385606,0.2588883,0.57670516,1.5974673,0.04302715,0.16114406,0.9330874,0.2667505,1.8784117,1.0815325,0.0780563,1.184125,1.5887426,0.83165365,0.93344843,0.24369371,0.49312714,0.22503422,0.39695582,0.044871505,2.1309412,0.1880787,0.15203162,0.928951,0.42834312,0.10642904,1.4029174,0.058169875,1.0966362,0.74747956,0.538171,0.3423406,2.681893,0.5954118,1.0587384,0.8421369,1.5050812,0.17143233,0.4012422,0.87889516,1.4468129,0.43295014,0.38010833,0.25273347,0.23899671,1.9230517,0.6772601,0.15811722,0.72645473,0.22961575,2.005432,0.8349478,0.46691388,8.264313,1.1586515,0.50736463,0.13688694,1.045429,3.531767,0.17040688,0.6876545,0.5236055,0.767614,1.4015534,0.42494443,0.25033495,0.32131183,0.5778339,1.0103109,0.33349726,0.39696848,0.012403448,0.22091675,1.5687648,0.7921782,0.16652688,0.33385485,9.012777,0.04086461,0.9950803,0.62395567,0.8061481,0.19474646,0.08891428,0.56688964,2.9625347,0.7987706,1.2560908,0.63195455,0.13786311,0.87842625,0.68961257,1.3146745,0.14494625,0.5399572,1.6759081,1.0122157,0.8940436,0.69944996,0.43021235,0.0510709,0.0044414103,0.48863557,1.9619645,2.4524832,0.47730425,0.30850837,0.1800475,0.9657886,0.15149997,1.7803546,0.4943965,2.5761259,1.1045651,0.24270123,1.0309595,0.5053155,0.39604142,1.1216507,0.66136175,3.6771352,0.11143114,1.2559375,0.97164714,1.8084875,0.18350896,0.7370877,0.059441317,0.028521454,0.29410326,0.72462714,0.7394606,0.8165097,0.43966284,0.98784775,0.22006467,0.8904579,0.63957024,3.7290325,1.6321185,2.1034682,1.4815658,1.0703084,0.41688347,0.050993763,2.199617,0.47371554,0.38719317,0.7066237,0.09687126,1.4312838,0.40652078,1.0891587,0.03751114,0.07993962,0.16353983,1.5666908,2.1508446,0.4742869,0.3113313,0.30564317,0.057555467,0.12887096,0.089263625,1.159649,1.148591,0.5214801,0.73766357,0.42335153,1.9151622,0.0,0.10659711,0.03910404,0.64612556,1.3833594,0.21814689,0.19053638,0.09493416,1.5817068,0.82510984,0.9494129,1.3286313,0.35999316,1.2414194,1.9500221,0.9885923,0.05772763,0.16533351,0.22588572,0.84464914,0.9080771,0.38987592,0.82430685,2.7391102,1.7294065,0.42142883,0.33985126,6.895258,0.58394176,1.0899134,0.45906925,2.0271175,0.0,0.3483388,1.4980673,0.41736883,0.45068437,0.43203354,0.10816429,0.22622843,1.324456,4.370927,1.2973498,0.8616951,0.17666233,0.52848744,0.7366069,0.3903014,1.8774385,0.3627953,0.31733716,0.6229735,1.1179185,1.216678,1.0697632,0.36873972,0.72771615,5.601251,1.0939392,0.5326556,0.86601907,0.012748132,0.27463856,0.88866794,0.09302772,0.16808723,0.4154979,0.12491409,0.5227333,1.0025952,0.74330324,0.43190488,2.7895772,0.17188537,1.5824132,2.5186894,0.43710592,0.094843194,0.95192826,0.395111,1.210602,1.6227189,1.0945226,0.5133474,1.4026678,2.960647,0.4240133,2.1889129,1.6543826,0.10654265,1.1896919,2.6109695,2.5466204,1.102305,1.5260266,0.25323159,0.7614452,0.38053897,0.29893652,0.11300153,0.40914676,2.1665182,0.10166077,1.5321568,0.6550336,0.012536752,1.526415,1.4170277,0.24888384,1.1620486,0.31046665,1.5870328,0.44724113,1.3642159,0.885776,1.1799039,0.5097333,0.56392765,2.6451821,0.6682641,0.14708427,1.1060607,0.6760653,1.0619096,1.0478221,1.6627748,0.80716944,2.640265,1.0946019,0.13609603,0.16673718,2.4253576,0.541625,0.54682803,1.7153027,1.9256884,0.08392539,2.0594344,3.2505813,1.0900049,0.25842783,0.049053185,0.94029295,3.6799872,0.49714592,1.6125957,0.336016,0.9796555,0.38907933,0.45163485,0.270275,1.9416354,1.4697723,0.07321675,0.12624477,1.1976166,0.43916327,0.12398,2.8249197,1.6205746,2.3217478,0.8615738,1.103382,0.2015959,0.92293674,0.19251308,0.7293363,1.5577756,0.4039219,all_pothole_images\pothole_images_new_image_1187.jpg
0.9554466,1.0494907,0.75655895,0.96510726,0.29934308,0.017476425,0.76278824,0.28612107,0.37195805,0.7238808,0.0,0.71289593,0.39412907,0.21129495,0.13438664,0.13355134,0.044467945,0.39130393,0.9922407,0.24666204,0.70679724,3.4944346,0.09531715,0.1329106,0.5258388,0.76900387,0.4317977,0.615572,0.003993929,0.85729074,0.5633107,0.6675936,0.2025438,1.8416557,0.39174294,1.2554556,0.34897536,1.0229903,1.0688466,1.3166174,0.10610022,0.13729224,0.11610983,1.1974199,1.3543161,0.3715678,0.2967965,0.0023612678,1.1905435,1.3949637,1.0999498,0.47683367,0.6747907,0.033711452,0.0033387188,1.1130065,0.61628604,0.95590794,1.3821137,0.46407762,0.0,0.018576052,0.11667463,0.11386221,0.8350148,2.5625885,0.40340036,0.66986245,1.144076,0.18675746,0.0010547164,0.38736507,0.60394347,0.04773105,1.019678,0.6244765,0.035345506,0.188901,0.0040365583,0.008386856,0.3271552,0.19775935,0.30452284,1.2385153,0.7686679,0.41148916,0.18742996,0.8904648,2.1240106,0.23337959,0.2014793,0.22201595,0.21110734,0.20647375,0.46268913,0.087309964,1.7075104,0.6996783,0.25363177,0.022454014,0.15751845,0.14642711,1.6207689,0.09800397,0.3050516,1.8504529,0.0,0.12440472,1.0887074,0.3551523,0.0046115625,3.341385,0.35116366,0.5277629,0.7375207,0.13832064,2.2541118,1.0674919,1.8155881,1.3235865,2.5260267,1.0853523,0.36741513,0.8381376,0.2020738,0.8269616,0.12168716,1.1161783,0.8617044,0.08986626,1.0042623,0.03889047,0.17001465,0.059458956,0.083188914,0.59781516,0.19004492,0.6552904,0.37684864,0.18043731,0.227502,0.40561095,0.5244097,2.1000135,0.13710807,0.4297492,0.0765226,0.6546005,0.3833808,0.18061951,0.26723287,0.68001103,0.033005733,0.091102794,3.081525,0.5256419,0.9750604,0.29625767,1.2546841,0.099517904,2.2960296,0.64376754,0.41695556,6.11539,0.05689184,0.51710814,0.4767843,0.11708072,1.2080204,0.6585504,0.0,0.0044104555,0.05690653,0.034857716,1.1898504,0.4633226,0.036749106,0.0,0.4663016,0.111682735,0.06671709,2.7056382,0.6800632,1.4561387,1.7623172,1.823724,0.08642788,0.61030394,0.9847494,1.4339886,0.23484856,0.31311315,0.33904234,2.8381174,0.250206,0.053720154,1.0922217,0.8290418,0.26657668,0.58523583,0.006659185,1.2677491,0.77195674,0.72898865,1.5590312,0.19309694,0.09103425,0.99205095,1.2312313,0.07440627,0.0048980876,0.0,0.051977977,1.1333095,0.85107243,1.5273279,0.08908193,0.22611488,0.45813385,0.44043365,0.027977481,1.4174526,0.15132032,1.797282,0.45582622,0.64147514,0.91294736,0.14927128,0.5099926,0.29484206,0.18281397,0.11385733,0.49775532,0.098202236,0.94998914,0.020126682,1.8682015,0.058218155,0.020171324,0.10486154,0.08862448,0.087137856,0.05823183,0.13430166,0.2698887,0.0069269575,1.0412071,0.21227755,0.5917809,3.1265793,1.6860471,0.73661476,1.7933398,0.7897569,0.09399937,0.09616143,1.5683601,1.3488821,0.10069823,0.7813373,0.03447839,0.01874159,0.5160435,2.4701986,0.9502899,0.9417183,0.24145257,0.689972,0.46333185,0.21424766,0.27968964,0.020595277,0.029266084,0.067702495,1.2428045,1.4708507,0.6182922,0.46007898,0.07607086,0.6857435,0.23656617,0.51910806,0.6134867,0.014995913,0.3603215,0.13407792,0.4474593,0.11392838,1.4110667,1.2821611,0.05115497,0.27514926,0.17643465,0.62432265,0.026688535,0.0,0.337652,1.7033124,0.48373288,0.4017661,0.53490293,1.1202366,0.51787597,0.88078916,3.839131,0.31315202,0.06385151,1.1179714,0.12612084,0.1885601,1.0112233,1.3352338,2.1705523,1.7746198,0.36504117,1.3434006,0.09976941,0.30761093,1.5484061,0.48804295,0.5655061,0.0,0.07238988,0.35321963,0.5176946,0.8336327,0.4394415,0.4862291,0.8303559,0.0795295,2.797912,0.8993864,0.06411422,0.010169801,0.4768391,0.74685496,0.26349488,0.012771937,0.017341912,0.26716956,0.56238943,0.5552908,1.3218995,0.1433395,0.5277908,1.1162051,0.0034716341,0.4304657,0.5792086,1.0058155,0.37215224,0.38131917,0.26803613,0.27831522,0.26034075,0.5756384,0.26005456,2.3007088,0.70084435,1.2389991,0.26972243,0.035515063,0.9968748,0.012432406,0.264798,0.088636816,1.8861443,0.16490628,0.44547832,0.12735316,2.701647,0.23207115,0.8644435,0.0072189574,0.755661,0.0513155,0.0999913,0.17083447,0.719607,0.5503311,0.142625,0.015178434,0.45914593,1.346436,2.2739449,1.5857764,0.40509662,0.0,0.031933513,0.9798729,0.86658615,1.2580812,0.7797,0.50409603,0.10456557,0.032893192,1.1600415,0.7736432,0.17534125,0.49592203,4.1659102,1.4828259,0.016882984,0.36316335,0.8951565,0.12225591,0.7383725,0.9547441,0.05416127,0.046675283,1.4881955,2.478775,0.2787603,0.5734821,0.06593535,0.015332421,0.424396,0.051047917,0.41599977,0.5200732,1.6289401,0.32486075,0.5947865,2.6334794,3.0471156,0.11083823,0.39111733,1.5865123,0.106593765,1.1230158,0.24554706,0.85234815,0.6500539,0.83931756,0.39653268,3.7618592,1.2478249,1.2842028,0.58763176,0.8969496,0.0001151659,1.005132,0.271434,1.6301646,0.3328866,0.06459029,0.53278273,0.29431158,4.088288e-05,1.4190766,0.31391403,0.9599064,0.6354646,1.1426864,0.7872203,1.2754577,0.22245644,0.59112936,0.9129366,1.1295563,1.0792987,0.3071525,1.3725219,0.23012379,0.021014268,0.9588314,0.0073918323,0.0,0.40866533,0.43610826,0.948496,1.0061897,0.19492388,0.28032047,0.54862297,1.2883062,0.11437708,1.2879539,0.15945151,0.06805446,0.08156045,3.4834752,0.7261761,0.10611496,0.09427036,0.4214486,0.296725,0.12065399,1.2758863,0.101965316,0.40970877,0.88442636,0.85663617,0.5351581,0.00031035105,0.096748546,0.7249449,0.704932,0.16824934,1.3069928,0.29138163,4.4586782,0.62224126,0.17054878,0.022515086,1.5422391,0.0002641254,0.2907892,0.9879773,0.17726761,0.21889149,1.1221914,all_pothole_images\pothole_images_new_image_1188.jpg
0.3766211,1.2634772,0.3885875,2.891632,2.1106112,0.09780639,0.75678223,0.05313301,0.57757413,0.30778888,2.0527232,0.67359143,2.3440547,3.2872396,0.9497389,1.5808525,0.2243576,2.8398447,1.0323299,1.3898302,0.30014184,0.2704251,0.5749356,0.4660242,0.9588324,1.1072168,0.54644966,1.7746843,1.4028991,0.36332783,0.35539117,1.7306967,0.6366929,0.9396828,0.03944923,1.0459701,0.28738785,1.634311,0.53414166,0.43706787,0.12503745,0.042805504,0.5400862,1.4384065,0.8474368,0.52267075,1.3119859,0.089674234,1.8014935,0.26303214,1.0111778,0.40150586,0.4324213,0.7500844,0.23550075,2.7143636,1.2437403,0.9067459,2.3490314,0.83556396,1.5372111,0.7001369,1.617827,0.73197925,0.8708189,1.4778819,1.4940366,2.9823415,0.03495623,2.8630269,0.6547407,0.049768467,1.0860003,1.1312505,0.49080345,0.55072427,1.5150598,0.5666776,0.18963349,1.0700333,0.3236491,0.05440962,0.4957688,1.3233954,0.074347116,1.0929,0.92296886,0.0,2.4847798,0.45495,0.16507956,0.82439107,0.5182696,1.3547164,0.6577218,0.5159765,0.49709794,1.5157651,0.7058292,1.2845798,0.5839754,1.3879818,1.4718983,0.8593232,1.8797432,0.029687349,1.8940461,0.33825815,0.8863152,1.0522174,2.2068863,1.476179,0.14862096,0.6145668,0.99377465,1.1365317,0.6429279,2.4195118,2.0404987,1.5280733,1.3771033,0.14980122,0.3747303,1.2441118,2.149625,2.39762,0.93448186,0.6632336,0.6079258,0.6787,1.3449595,0.1656523,1.3749255,0.51264274,0.22503161,1.1185732,1.033698,1.0550771,0.48556042,0.34419554,1.6488657,0.67344666,0.8494171,0.47856927,1.0449466,1.3983105,0.0,1.1766504,0.6123966,1.3796196,2.2991557,2.0367556,1.7780249,0.899907,0.2217858,0.49198356,0.67807645,2.1406825,0.79552317,0.63168347,1.1964107,2.8522964,0.046985775,0.521259,0.6011731,0.13053322,0.90323687,1.7336512,1.1833799,1.5867126,1.0562184,0.53365535,0.19975466,2.1444204,1.074646,0.38855806,0.84112257,0.8255932,0.6350375,0.2345737,0.7785777,2.172613,3.1367767,1.1868488,0.6151031,0.81103843,0.7870108,0.10403629,0.99382156,2.8255005,0.93404794,0.2857354,0.15179077,1.0408453,0.051051274,0.47434622,3.2151017,0.4024711,0.61065775,0.24744341,1.2280508,2.5772593,1.0239162,0.2626801,0.80020726,0.17398706,1.0590231,1.5818082,0.8572178,1.012618,0.44109157,0.22655849,0.8410821,0.044729453,3.9148178,2.40839,1.8692038,2.6807942,1.9406011,0.08704403,1.0986277,0.4246553,0.41523296,0.39855328,0.1907977,0.4813544,1.075346,4.328278,0.67937213,0.710991,0.20408517,0.8979447,1.4761988,0.59465694,0.6857695,0.09680688,1.3386105,1.3270911,0.0793868,0.76604414,1.4811103,0.11287279,0.5357852,0.5983851,0.11838993,0.09405753,0.44040582,0.21157782,2.2982829,4.792298,2.883947,0.356169,0.106804915,0.07518807,0.71421164,1.4903947,1.0129943,1.2020719,0.58418,2.3042595,0.82151854,0.76951087,0.6051246,0.89038694,0.2942869,1.5291796,2.5520134,0.2922235,0.80165976,0.00050910085,0.1312966,0.29962787,0.8299085,0.6607286,2.2479105,1.7300935,0.0031605503,1.0632349,1.5995315,1.7056948,2.2938225,0.61568505,0.8015366,1.9862579,1.3270961,0.68386215,0.5070337,0.7372722,2.4920654,1.8225852,0.68107975,0.49120364,2.6001012,0.6520472,1.3908068,0.40453032,0.3195701,1.2740854,0.34288538,1.5625514,0.7062848,0.62194574,1.5989683,0.94640356,3.8504174,0.38120082,0.23452678,0.48232657,0.93276626,0.8909183,3.0215,3.0461612,3.4568992,0.92027724,1.9410988,1.4889565,1.9629823,1.1546344,5.122466,0.114693165,0.5688248,1.0193939,1.0832174,1.0411544,1.2350968,0.7304671,0.92358965,0.060339548,0.2653056,0.2711099,1.2004852,0.4040074,2.0156963,1.850134,0.51286185,0.17701381,2.4272494,1.0012546,1.0358192,0.8629661,0.3088106,0.5391577,0.42647827,1.4540106,0.42949146,0.103660785,1.1266918,0.7281916,0.052166354,0.88812566,2.5755527,0.6363711,1.7135806,0.12571283,0.050270766,0.79549795,0.20394066,2.2367983,0.8775584,1.1518278,1.3609611,1.6147087,1.205873,0.2885091,0.033342436,0.30887026,2.200632,0.9225135,2.275988,0.89627135,1.9290106,0.64403117,1.8510948,1.635497,0.6411485,1.7671708,0.11179788,1.0304432,0.7019191,0.40576315,1.4799702,0.27327353,1.3661379,0.40256423,2.5543838,0.76065713,2.064165,0.15853773,0.5919935,1.9519261,0.2607164,0.8199977,0.9722679,0.14017935,0.4920993,0.44551653,0.5444437,0.49020338,2.038392,0.7789172,0.22802112,0.67964864,1.6858339,1.1047232,0.9978267,0.49539697,0.13255262,0.95434624,0.09226651,0.13397804,2.7930312,1.8591915,0.84079164,0.30568203,1.4587682,0.86408395,1.2572398,0.5744922,0.82406896,0.020810843,0.6750797,1.3842423,0.29613787,2.4109726,1.7439821,0.6286639,1.0831345,0.0018942615,0.75655645,0.79033816,0.8637961,0.8112967,1.4518313,0.76342726,0.21822971,2.0602148,0.35629398,0.5600578,0.17650063,0.26224855,1.5506152,1.6129371,0.12107166,0.9428007,0.29220644,0.75822806,0.80566543,1.8860918,0.25863928,0.21012098,2.9192057,0.8713296,0.43932676,1.0456026,1.9140403,1.496114,1.2970241,0.2675968,0.2814531,2.9219017,2.292189,0.00033645667,1.9220675,0.63392955,1.4614091,0.8021027,0.6845357,0.042921405,3.638473,1.823401,0.5921805,1.2176164,0.35503352,0.5142663,0.2990366,2.3051567,0.6051747,1.3058767,0.8833163,0.21393573,0.7242665,1.2960572,0.38290596,1.6492554,0.010463977,2.0326986,1.6197724,1.2974445,1.2217205,1.5260589,0.7154234,1.0057497,0.5484777,1.2670019,1.2929553,0.5562154,0.06340267,0.3062078,1.1882824,0.51721054,0.95165837,4.1831384,0.12721734,0.5616859,1.4146286,0.16528565,1.038502,0.47480398,0.32147196,0.68921405,0.09124622,1.7136475,all_pothole_images\pothole_images_new_image_1189.jpg
2.1586459,1.8421108,0.103709005,0.7745263,0.965576,0.26334035,0.11726692,1.0577384,1.1611232,0.5653007,0.4791111,1.708418,0.7367821,0.6038712,0.015527008,0.2305508,0.6013339,0.23710017,0.4562072,0.60952324,0.115953825,1.0225698,1.2780555,1.7786784,0.38925487,0.49665326,0.8008064,0.60239345,0.18175125,0.8678842,0.031140072,0.10825896,1.0445313,0.25173822,0.7140407,0.9742587,1.9543815,0.8982595,1.4096694,0.5336301,0.2718739,1.6442242,0.6877778,0.93053114,0.11252335,0.196616,0.90136904,0.06944724,0.50018686,0.10162411,1.4173634,0.46114507,0.24334222,0.06635567,0.24128796,1.3217026,1.9399424,0.075620666,0.71711934,0.65404916,0.5970516,0.0,0.39542782,0.043135505,1.0346836,2.6837962,0.5833321,0.3099739,0.4200005,0.17041644,0.12293422,0.3707821,0.0054624197,0.102800466,0.49625057,0.42100695,2.0603285,1.1677169,0.24028069,1.9449095,0.1266612,8.2522645e-05,0.19763653,2.195173,0.5808515,1.4751208,0.38306287,0.14428124,2.8993168,0.70010066,0.6888515,0.8055257,0.030444553,0.024682745,0.044074867,0.39444864,1.6018983,0.5176735,1.6658813,0.9216548,0.21375442,3.5381544,0.081341,0.06853294,1.3314135,0.113115646,0.021698771,0.9945649,0.0240368,1.7205571,0.13897339,1.6809058,1.4920975,0.07551549,0.3110582,0.54313785,2.9098902,0.7499187,0.37841505,0.26375788,0.82949,0.13882752,0.63296014,1.0448484,0.5813114,0.024752555,0.3497962,1.8830694,1.2315129,0.1771653,1.4591467,3.2492855,0.018738588,0.33848765,0.62862855,1.2377521,0.0418373,1.8986392,0.37956315,0.97153765,0.8183735,0.06418152,0.9445684,1.0723441,0.16412146,0.5148569,0.3615645,1.7200483,0.2723591,0.12860602,0.7502493,0.32953987,0.8988635,0.0,0.29638252,0.6152833,0.57416403,0.99768716,0.049953643,0.49388558,0.4121947,0.42180225,0.47473308,3.6654472,3.46008,0.11435534,0.14959484,0.19392905,1.0025477,0.34710145,0.6065822,0.0,0.33449608,0.14616905,0.5730592,0.017953807,1.0388795,0.18394129,0.113035396,0.18878722,0.61371726,2.6952426,2.6429942,2.8586664,4.255306,0.018758852,1.5426071,2.922914,0.0,1.4952374,1.0443832,0.030077176,0.37447459,4.5103045,1.5689402,0.0,1.2161101,1.6470408,1.0067532,0.6113929,0.55062956,1.2794921,1.1802288,0.31046003,0.65961874,0.52603006,1.401709,0.119296245,0.64995456,1.5213329,0.013147901,0.6688243,1.1285893,1.056132,1.685137,0.6397367,1.9151843,0.2594837,0.24732764,0.01818455,1.4318525,0.113956295,1.160929,0.40877143,0.5556403,0.8260923,2.3758254,0.48659387,0.53948206,0.21239956,0.0,3.1596684,0.23508155,0.18808311,0.5961129,0.38251677,2.12247,0.108299,0.18105891,0.39206725,0.32338765,0.19213615,0.2795363,0.4846334,0.3972322,0.0,1.3727046,0.28226143,1.74513,1.3543046,1.2314256,0.7562083,0.6512606,0.18905938,0.6408908,0.17683564,0.9510334,0.003372321,0.15535125,2.002146,0.44567618,0.11669009,0.9850675,0.36756328,0.16015065,1.176909,0.73710334,0.26414403,2.5717857,0.42066604,1.6461427,0.0409147,0.09763665,0.4898866,1.2523019,1.2871084,1.3937416,1.6311513,0.04580908,0.56380117,0.14797293,0.9038803,0.39830148,0.31473655,0.74801,0.46384063,1.9029655,0.9624112,1.709137,0.17990904,1.2290257,0.058440115,0.98037827,2.0045898,0.213019,0.23222837,1.4759707,0.0,0.19535792,0.13118663,0.21210843,0.15511976,0.04171563,0.25014305,1.8199847,0.24078722,0.22558254,1.2179052,0.3143691,0.32870525,1.0582774,0.83079046,3.4259899,0.47863197,0.05700778,0.5311226,0.04174172,1.6146499,0.5343818,0.30704853,1.3640635,1.8480293,0.015896164,0.09042868,0.716965,0.46942684,0.5786238,0.13631247,0.5337669,1.7271105,3.7147558,0.6616656,0.12460821,0.22611314,0.02390028,0.48449776,1.0254345,0.23419271,0.78493625,0.21015555,0.21096931,2.328101,0.34338048,0.04138398,0.15309352,0.11663745,0.6548071,0.2492876,0.027707748,0.5706385,0.8224219,0.0005563704,2.2739797,1.101392,1.3199892,1.2317975,0.7502524,1.0098498,0.24292885,0.71403146,1.1843197,1.7217886,1.2934822,0.17424828,0.08199205,0.7735823,1.4402827,0.1657397,1.0298312,0.6117105,2.6192327,0.59839106,0.08013911,0.15138343,2.0502942,0.7727735,0.5196093,1.113048,0.13200781,1.3249089,1.2717084,0.225888,1.295997,0.9563354,1.6782249,0.4904908,2.6340578,0.05785577,0.007335395,1.4494562,1.0789348,1.1044126,0.0,0.18633454,0.03570305,0.8068965,1.1959124,0.4678475,1.1469852,0.087617986,3.1283693,1.0216675,0.6591261,1.6019065,0.46595293,0.05845225,1.129456,0.17976315,0.07628609,0.8232572,0.50476235,0.49467507,1.8489364,0.99179155,0.16776438,0.35801715,1.3533422,2.5904448,1.3015585,0.0,2.2118227,0.48804846,2.5105524,0.91597825,1.1703851,0.1517018,1.5177679,0.65037054,1.4471314,0.25260225,0.29129404,2.2164845,0.712497,0.45243078,0.032492958,4.0965915,1.5870404,0.2572024,0.5956111,0.6815237,1.597169,0.21778777,0.074215546,0.0875621,0.22080253,0.14758445,1.1210265,0.2526825,0.09215327,0.10246682,0.24320033,0.7840043,0.31096166,0.70114726,1.0290753,3.146023,0.24563602,0.04349241,0.34848964,2.4845588,0.27204257,1.2809542,1.1013886,0.25034484,0.6178169,0.27445525,0.22923103,0.1933477,0.3869104,1.0184628,0.5331343,0.36031038,0.99046504,0.49673748,0.5018988,1.1675506,0.20125487,0.8462828,1.043745,1.0229468,1.7276324,3.3751416,2.1225345,0.5202962,0.0,1.3832849,4.081667,0.01846438,0.5357994,0.09169827,0.6523783,1.1280937,0.10891003,0.069888085,0.7129791,0.097197,0.9678841,0.71912587,0.03708372,0.99496615,0.6120573,4.5876446,0.44730672,0.69313824,0.73295265,0.45534116,0.0,2.0877118,1.9615945,2.3123856,0.9393604,1.1899061,all_pothole_images\pothole_images_new_image_119.jpg
0.66371214,1.1724741,0.36482722,0.8239506,0.9851809,0.33945364,0.19625983,0.1363048,0.8051859,1.6496638,0.13036433,0.5634229,0.39061853,2.1005666,0.48115197,0.14098135,0.01109955,0.17325713,0.42887834,0.003869833,0.40556008,1.9374503,0.8226584,0.61843574,1.0282755,0.64903134,0.2950756,1.9717809,0.06341286,1.3404653,0.769131,0.3304788,1.5520302,0.581384,0.20837079,0.6442336,0.7526411,0.695961,1.3190132,0.5340231,0.40578476,1.6124562,0.40529674,1.9138616,0.49732518,0.29677722,0.64862937,0.07266427,1.0277076,0.8489746,1.124916,0.09975352,0.49706453,0.29310805,0.029505355,1.1872373,1.1993638,0.083431445,1.6530344,1.3417011,1.9517934,0.4229674,0.45481408,0.35877952,1.3214363,0.7869348,0.32902083,0.52243036,0.4431487,0.4537303,0.18269464,0.40093404,0.15831955,0.66685665,1.1724024,0.44287696,0.17070246,0.45816225,1.7608624,0.29829228,2.0861607,0.3688066,0.0510049,2.1584728,0.80063736,0.47004807,0.37942812,0.30030212,2.5050862,0.25195158,1.2337797,1.9188448,0.49230257,0.91312534,0.27547997,0.013007673,1.4617994,0.34397328,1.0096409,0.51060313,0.32894695,1.2137126,0.5660706,0.9813978,1.4304397,0.6715775,0.40354416,1.2084221,0.463149,0.873978,0.40592477,1.5239099,1.0006064,0.22356376,2.147431,1.0985862,2.5203288,0.3739061,0.3583321,0.7465312,2.8098438,0.2530355,0.7924395,1.614558,1.7539045,0.5671557,0.40700594,1.0514449,0.46688405,0.20094249,0.8173744,0.30069497,0.21195614,0.43722922,0.628363,0.8779112,0.389545,0.94162756,1.1304961,0.48334706,1.3998077,0.007868834,0.0670715,0.5076596,0.66581076,0.42721346,1.5863938,0.5029781,0.050636057,0.09185872,0.65815437,0.2999053,0.50096726,1.4125662,1.3511138,1.4092824,1.0722816,0.40386447,1.3687822,0.13498852,1.2713095,0.3344961,0.2557769,4.412002,1.5815314,1.5735581,0.26075515,0.960885,1.1546376,0.17956537,0.96959776,0.60262895,0.14874539,0.6454497,0.070292674,0.04385708,0.3281023,0.07384288,0.9434967,1.1360197,0.3059354,3.479034,1.3805411,0.97226804,2.7571695,0.59436667,0.9248113,3.4468784,0.47652975,1.1950877,0.14710791,0.44992077,0.215944,2.5586944,0.2699592,0.0973673,1.0296919,1.127555,0.6315448,0.41499385,0.06912717,1.2636867,1.7057592,0.5818449,0.9099384,0.9476988,0.15205698,1.9432207,1.3716369,1.1977546,0.011413058,0.7347436,1.4680427,0.49303997,2.4033813,1.1103373,0.041618943,0.39845657,0.5966551,0.02717911,1.0889405,1.3584485,1.0227953,0.64501584,0.8315423,1.6208193,2.814924,0.4732945,0.98328024,0.024302546,0.3665464,2.6124897,0.14736526,1.1422147,0.418563,0.17586894,0.83826435,0.1805755,0.3618888,1.9614193,0.2312499,0.16772318,0.17989874,0.015329493,0.61475563,0.08409607,1.0887747,0.030425128,0.9907027,2.0286813,2.3861094,1.1090796,0.77902,0.50065684,0.23710024,0.36357793,0.36908543,1.1391531,0.2227754,1.8260949,0.9399521,0.18453173,0.26735067,2.201851,1.0214375,1.2124827,0.85716784,0.4333809,0.7855844,0.101193175,0.9848348,0.36861655,0.07517148,0.7733087,0.8442974,1.4005678,1.5121976,0.5650118,0.19029169,1.2638457,0.5473706,0.31204414,0.082843624,0.791683,1.9662716,1.2790469,1.9014419,0.7943574,1.6531883,1.1039504,0.17307787,0.91082025,1.9692591,0.047666267,0.04119726,0.13868538,1.3112805,2.026386,0.18866862,0.07477415,0.0007219225,1.1868296,0.5296319,1.488259,1.6494309,1.1854397,0.78362226,0.7496579,0.041276444,1.3945441,0.6258913,1.7175349,1.8922589,0.80070174,0.3689542,1.6604111,0.07149224,0.9189495,1.4341054,0.6043244,0.9942497,1.7962301,0.07064625,0.40397447,0.31786108,0.16198453,0.71699053,0.20830111,0.21674147,0.1321828,2.6088912,0.88749194,0.10330026,0.21221823,0.33734554,0.16501442,0.42629847,1.1441547,1.1125331,0.73511595,0.8793333,1.6440516,0.27883944,0.11338339,0.2475581,0.06268197,1.4095309,0.58144945,0.0006932433,0.8617007,2.6398263,0.42495808,3.2417371,0.15123175,1.4055883,2.1175098,0.10218606,1.3137677,0.81843936,0.3955494,0.548373,0.06541015,0.7765147,0.64439136,0.011629029,0.6086333,2.5903316,0.47331485,0.5145424,0.003324776,3.605881,2.4487574,0.6793908,0.738542,1.387149,0.12546837,0.07665615,1.0369172,0.31344178,1.026792,2.650299,0.114991985,1.2748795,0.44427237,2.4602504,1.4986671,2.0422053,0.59216106,1.4246595,0.52431303,0.8825303,0.6012879,0.1310991,1.2296783,1.7166617,0.39059836,2.170556,0.66248155,0.96465546,0.37524074,5.9589915,0.64124715,0.27237687,0.08329458,0.31124517,0.6596194,0.16327415,0.5882817,0.019105967,0.9684675,2.6028557,0.2745595,1.2481387,0.31331447,0.28815725,0.79502314,0.74083877,0.5571154,1.1113075,0.019304711,2.1294987,0.4281909,1.8888836,0.33316538,2.1154068,0.6660456,0.6275607,1.7726394,1.3152852,0.40624097,0.099431574,0.8795966,0.5779581,1.1607966,0.30012423,2.6139176,1.1683117,0.54630643,0.5952655,1.1396005,0.9398397,2.377727,0.2897771,1.0854436,0.4543544,0.3369154,0.966871,0.34615916,0.000103933395,0.46909168,0.68584925,2.1349936,0.44528875,1.1580905,0.6621448,0.93594474,1.1938287,0.31094736,0.7557102,0.07221361,0.6784618,0.20070428,0.5756997,0.052456446,1.1585325,0.4757001,0.41674423,0.077504076,0.90329725,1.4350536,1.2173624,0.81858015,0.08171689,0.68298185,1.1912699,1.2557133,1.1071693,0.31599563,0.17278363,0.14383411,0.070896514,2.5395167,1.5408666,0.4162026,0.067859404,1.2653134,1.828364,0.049145922,1.3464663,0.14894876,1.0022328,0.22189926,0.18592173,0.66566885,0.45645505,1.1808863,0.38073248,0.19909652,0.7744782,0.24329357,0.54355764,2.833315,0.32726392,1.2523545,0.5424021,1.264556,0.04739183,1.0143318,1.0015037,0.41763794,0.86063004,0.6914014,all_pothole_images\pothole_images_new_image_1190.jpg
1.239406,0.96704644,0.15176651,1.183423,1.2707679,0.40609735,0.53754383,0.23002179,0.8628457,0.7707792,0.7922758,0.11152601,0.18956296,4.08902,0.246048,0.6482634,0.2040446,0.14418189,0.21956412,1.1869243,0.7075466,1.4609804,0.6885586,1.3575469,1.1576626,0.51931655,1.4130834,1.2620139,0.5553667,0.90367544,0.4193769,0.27463114,0.12047812,0.4946259,0.30306867,0.053885605,1.4361635,1.6898528,0.35088298,0.12505567,0.352487,1.3065805,1.5731119,1.3804638,0.822212,1.355543,0.8575771,0.10741192,0.55641997,0.05372868,1.8200223,0.23228845,0.019134603,0.11546114,0.594043,0.781096,0.96765697,0.21302882,0.04097392,0.2857253,0.5583894,0.63329655,3.0985305,0.5540541,1.7523932,0.26208907,2.0002928,0.053149242,0.44744483,0.1069417,0.036631964,0.68723273,0.045165975,0.46565965,0.588789,0.43253216,0.26821625,0.7674216,0.015606539,0.0,0.29076162,0.21948643,0.06557008,1.8146439,0.32442695,0.25525007,0.6830905,0.16834274,1.5890687,0.10927502,0.22598223,0.977741,0.6115566,0.7994203,0.31316316,0.12923457,0.41628098,0.6295067,1.5371517,1.7563767,0.40222678,2.2770445,0.29092002,0.8552366,0.4596527,0.76896346,0.23887992,0.04385235,0.0,0.7911487,0.58235645,0.52588063,0.18903352,0.5505498,0.44598892,0.7179883,1.1643738,0.1031432,0.26439062,0.21669957,0.12344419,0.4444451,1.1686307,1.3043159,0.19887073,0.003175533,0.37415197,0.34386528,4.1628394,2.105942,1.5520759,1.1942161,1.5933361,0.30779138,0.65709776,0.70280993,1.1156402,0.4236093,2.75705,1.1089131,2.3684697,0.346372,0.2828444,2.7417564,0.03283017,0.36587846,0.5645278,0.25607935,0.7063073,0.7509961,0.12500015,0.06633418,0.06389399,0.0921274,0.41586798,0.21419984,0.4902526,0.9526852,0.5800659,0.122040875,0.43636683,0.77844656,0.91043437,1.7993343,0.32882765,0.07208236,1.7992662,4.404725,0.64392024,0.6767611,0.16870542,0.032071084,0.66063726,0.22215293,0.36681864,0.8776958,3.5373561,0.3167144,0.31458035,0.5962367,0.21534203,0.2985306,0.14426768,0.16059072,1.8713503,0.8430379,2.6025665,1.4070786,0.090292975,0.32000938,1.6134597,0.48596406,0.09903992,0.22640306,0.10675959,0.39261568,0.3978512,1.3762903,1.1232526,0.12631053,0.07383818,0.4857324,1.5083419,0.65464985,0.32785314,0.7570999,0.31643707,0.37121707,1.806422,0.22604854,0.012004914,0.13177177,1.6590134,0.9492223,2.6762393,0.79342675,0.97096556,0.43814763,1.3480607,0.0036771516,2.1418374,0.05615463,1.0607792,0.05649321,0.08884687,0.15662411,0.8630326,0.048861098,1.4568214,0.051522247,0.12785341,0.6347236,0.20105803,1.0693885,0.42640778,0.45110893,0.71630377,0.75192845,0.09765178,0.24540336,1.8104591,0.0012844915,0.046021484,0.4612187,0.18843615,0.31801644,1.0526347,0.7995622,0.3782269,2.3810463,2.0920246,0.04523424,0.05953695,2.8657246,0.020594526,0.67109245,0.5320447,1.0000858,1.0851115,1.3380699,2.856773,0.608926,1.7143464,0.39144897,0.10859614,0.22739492,0.0077768853,0.16509631,1.1068691,2.276359,0.80473846,0.596927,0.3662709,0.62200916,0.14753725,0.22024107,0.82398385,1.4539317,1.9564612,0.23454933,1.3592942,0.29747054,0.4929303,0.2336655,0.16319527,0.27443203,0.71710545,2.2489283,1.8989649,0.61902297,0.06301113,0.008186823,0.8265033,0.6942693,0.43620288,0.08569367,1.1142949,0.6666787,0.0,1.4668533,0.19075808,0.12825201,0.019964766,0.36726087,3.635284,0.19184,1.9764684,0.70886695,1.2541531,0.1277595,0.42418522,0.21698631,3.0589683,0.20098248,0.29247716,0.7299554,0.30068162,0.18234155,0.64151865,0.20510384,0.6114642,0.47845146,0.010101275,1.1480422,0.68628055,0.20737866,1.4338366,0.42517713,1.4614,2.4518912,1.1423111,0.6849396,0.003757788,1.6384865,1.4045314,0.015913282,1.7048355,0.11888145,1.0284503,0.020989235,0.20106138,0.42648813,1.5433973,0.46750414,1.590823,0.043738015,0.17983611,2.3070889,1.879114,0.6283877,1.1273148,0.46001956,0.016104093,0.7638565,0.5839551,0.5362697,1.346728,0.5551239,0.07501783,0.75888354,1.5088853,0.32504538,0.2868756,0.48544514,0.22447698,0.59174496,1.701582,0.5881867,0.32681584,0.56412077,0.25134727,0.22167945,0.3496304,0.5215381,0.95962304,0.34074852,0.22846946,1.6321992,1.8783064,1.876197,0.1036605,0.013520444,1.2071042,1.6453862,2.75122,0.46162656,2.180513,0.4637712,0.088396326,1.8095812,0.35619462,0.29189888,0.118888766,0.7399872,1.1964566,0.03348629,0.33545113,1.0978197,0.41661707,0.093533784,2.588308,0.31995377,0.49978155,4.561435,0.83426017,0.09602035,1.7501323,0.19912653,1.5359889,0.89872575,0.041651055,0.6002997,1.32523,1.5428324,0.6484793,0.41151482,0.027182065,1.776738,0.15240327,1.1826193,1.2488843,0.24647166,0.42492402,1.5692424,0.8761215,0.58654195,1.0644549,3.9306614,0.39841795,1.0272279,0.67908186,0.32460573,0.27045897,0.0491285,0.29587895,0.03251589,0.48306927,0.31427732,0.98988914,0.061543647,0.54705375,0.10831519,0.16449924,0.36760384,0.74192935,0.8241458,2.4264495,0.004832129,0.6469257,0.049346946,1.5333961,0.4120973,0.6174218,0.13760512,0.24247235,0.09586939,0.78755355,0.30415592,0.35702884,0.20025994,0.81431687,1.1254455,0.48284048,0.36044744,0.98231053,0.43396288,0.017880902,1.3386282,0.5287892,0.16641435,0.18445957,1.2703893,1.2710835,0.56393003,0.21166793,0.0015802108,0.11179963,1.326627,0.32985833,0.7665457,0.8456353,1.226531,0.30187756,1.5520229,0.49201617,0.1302345,0.82569796,0.22379364,0.41434518,0.58996594,0.13346025,0.47368053,0.80301714,0.15634091,0.021790382,0.19128622,1.1474969,0.6168736,0.036147296,0.79052436,0.49809387,0.6573074,0.31109127,1.0030414,0.43978652,0.40403596,0.38768646,0.28675878,1.3030442,0.72707605,0.4340171,0.0042822575,all_pothole_images\pothole_images_new_image_1191.jpg
1.6047806,0.6863869,0.5092718,1.1520911,0.032963082,0.37069616,0.24698412,0.081433624,1.6498276,0.24708152,0.53939843,0.5593538,0.5213383,0.08371547,1.1756924,0.65430385,0.27351084,0.24439156,1.6233774,0.22179161,0.9612654,1.3821275,0.59381884,2.7490737,0.44827643,0.43181565,0.010916392,2.082689,0.042295747,0.19469585,0.5863407,0.06395305,0.81578547,1.4541272,0.96282053,0.48000067,0.802382,0.7767775,0.6915258,1.3769119,0.12875633,0.47871578,0.43422052,0.5602649,0.4180039,0.08506646,0.13155234,0.50603265,0.47989413,1.1527051,0.4398921,0.52777475,0.8139196,0.0014117092,0.24726227,1.3977886,0.51179045,0.031749357,0.03601587,1.2761164,0.18693511,0.036557782,1.1589187,0.024650035,0.6933459,0.8636305,0.3380036,0.03420594,1.1303213,0.67006433,0.022688821,0.17624454,0.09736812,0.3357016,0.08940189,0.72349674,0.29113755,0.4381664,0.387416,0.36368093,0.2275389,0.65290165,0.3659605,0.88581645,0.740242,1.4619721,0.041387767,0.5593638,2.9607036,0.67005664,0.5625768,0.046402298,0.0032726577,0.42766538,0.6216871,0.05556778,2.7431428,0.6325798,1.0247917,1.1982763,0.31742126,0.34955814,0.607827,0.28280005,1.1750885,0.5856835,0.63118804,0.3391019,0.80350703,1.6846957,0.0748796,3.0272536,1.8225746,0.6874215,0.0,0.57227075,2.9816794,1.5235497,0.010512483,0.8109174,2.4120042,0.22093405,0.2788848,0.013345203,0.6262696,0.017491326,0.88134307,0.7195781,0.81004614,0.33496693,0.09449441,0.35232937,0.30216348,0.52371377,0.9807519,0.8793201,0.2106979,1.291588,0.32354128,0.043703705,1.1441823,1.092986,0.23022708,0.5017227,0.10428099,0.1491462,0.96645457,0.393498,0.4817529,0.44163796,0.06757404,0.009749323,0.6641887,1.0729867,1.2912625,0.08022723,0.2971933,0.2711304,0.102862485,1.4936676,2.145562,0.51756567,0.0,0.26838204,0.028425226,0.6991542,0.1660634,0.020903025,1.1710966,0.22170298,0.2700326,0.033954054,0.17157066,0.26141223,0.8575928,0.13575271,2.856707,0.06743245,0.23621972,1.989203,0.66632855,1.0856508,1.1671991,0.59574175,3.7806494,1.3702109,0.3246413,0.85952896,0.1394142,0.6466986,0.014457678,1.7402558,0.7737251,1.8130401,0.48135668,0.16568613,0.16788651,1.649381,0.5318077,0.89468205,0.08084974,1.2011975,1.9621538,1.0429778,0.9694176,0.64261615,0.2819782,1.1643687,0.2709263,0.24562295,0.014296322,0.24850644,1.1723166,0.48027438,0.10050964,0.24142206,0.26626343,0.95491165,0.8014282,0.022488657,0.16617793,0.9073919,0.7963709,0.8880931,0.019159064,0.9557976,3.1468396,0.4459515,0.6620046,0.5476842,0.5116185,0.821207,0.20857893,1.241646,1.6915873,1.415489,2.0524948,0.13575932,0.14233606,0.026192203,0.40829012,0.344501,0.8035813,0.5248933,0.047122583,0.12545672,0.5525788,0.6864944,0.29873148,0.98770934,1.7774396,0.00761155,0.5554957,0.9967166,0.85567766,0.0061057867,0.65816027,0.8900722,0.43864673,0.17771548,0.021076249,0.017015977,0.08408527,0.5255249,0.4153995,2.1696858,0.4467939,1.3314738,0.4097579,1.2499266,0.12646712,0.04958171,0.0,0.60193485,1.748854,1.8905859,1.5305004,0.57351184,0.24995424,0.7884764,0.3095461,1.6070073,0.11314364,0.4105362,0.09172436,1.2165209,0.07450706,0.4079993,0.21555686,0.48877373,0.5587738,0.19510606,0.61192185,1.2801002,0.13144055,0.047750346,0.92792076,1.0928403,0.81277835,0.070632294,0.028502077,0.83194697,0.29336867,1.6927202,0.5049671,0.3826084,0.24720284,1.0295731,0.6394267,0.44498926,0.34541857,2.1505606,2.7907312,1.5982391,0.028179688,1.929065,0.2642652,0.9991522,1.4420916,0.9462367,0.8462764,0.6168321,0.22059482,0.15602216,0.5658061,0.1762389,0.390071,0.076264985,0.7829794,0.89708275,4.294385,0.68701917,0.0,0.61171955,0.17147344,0.7160098,0.27569342,1.1958704,0.095156014,0.010125285,0.14945364,0.022475544,2.124795,0.05787029,0.011322145,0.37059215,0.9163039,0.6670138,0.09004971,0.8409752,0.62181807,1.2026393,0.084554054,0.76833576,1.9761752,0.067802094,1.2074026,0.15804112,0.04688761,0.45587826,0.23284632,0.22137345,2.3375585,0.2840838,0.21750958,1.3682456,1.664154,1.1707643,1.1509038,0.39736304,3.518796,2.0729864,0.579109,0.11170934,2.2772465,0.12162395,0.252307,1.3748093,0.0517671,0.8676258,0.50175446,0.0120882,1.0842867,2.5753798,3.7029207,0.7868375,0.18435334,0.015962914,0.027656814,1.8010255,1.7086166,2.559737,0.20930961,0.50767654,1.4204699,0.7917109,0.5952433,0.15045016,1.2323968,0.15027225,5.0527477,0.22469422,1.302784,0.037847087,0.095887944,0.32712734,0.75905234,0.031270444,0.48370695,0.049236063,0.20088933,0.16553599,1.6994382,0.92425144,0.25052112,2.1512372,2.2952056,0.42427608,0.85779095,0.29420602,0.38018098,0.92495584,0.24790443,0.049126297,0.578077,0.5664412,2.3392885,1.5797231,2.025703,2.150646,0.15497139,1.316712,0.21368307,1.154232,0.83730674,5.444641,1.0403595,0.14389096,1.245463,0.2942515,0.52333915,0.7972863,1.401077,0.54263073,0.6743852,0.0953126,0.8295104,0.9760977,0.023748036,1.4266601,0.46988952,0.6628742,0.47199926,2.0368865,0.49193045,1.2827281,1.0403302,1.0607455,0.022866154,1.6756587,0.3034291,2.1690116,1.6300488,0.0012331797,0.16009906,0.3885698,0.8225123,0.1934199,0.5831025,1.3413782,2.0393617,0.14839377,0.32233077,0.03268991,1.6662297,0.09029538,0.03768918,1.0654542,1.1593796,0.15761337,1.7981262,3.8584325,0.42186177,0.5332884,0.55549324,0.42874354,0.84976244,0.5728967,1.1734111,0.810444,1.1730963,0.65261334,0.064300105,0.6651255,0.494288,0.10634591,0.31286883,0.2875364,0.12576123,0.16336328,0.09808688,2.5095727,1.16185,0.3961268,1.1972684,1.6335614,0.31123894,0.57747144,0.59005636,1.1256758,1.0417196,0.08132769,all_pothole_images\pothole_images_new_image_1192.jpg
2.492613,1.7695066,0.3734567,2.276199,0.21042636,3.0133727,1.071687,1.0388247,1.3567313,0.56522787,0.001634442,0.04647231,0.0017498103,0.38362008,1.5906998,0.040264633,0.08758144,0.14216454,0.3764566,0.75303394,0.20057292,0.6069632,0.4578277,0.93164754,0.21606186,0.24203105,0.14596207,2.3373144,0.10248688,0.89099103,1.4984596,0.020886118,1.0734836,1.483438,0.1081407,0.45597863,0.46915403,0.7167203,1.4739382,0.97136575,2.9177015,0.8418191,0.19749467,0.080347806,0.7245608,0.023651646,0.4721103,0.014393692,0.9928386,0.74796194,1.0912819,0.081095256,1.1715169,0.0,0.24912965,2.1391864,1.5764649,0.1740689,0.4155527,1.6173892,0.09465206,0.25982344,0.5322091,0.2625083,0.08409431,1.1877217,0.058727223,0.23989016,0.10690356,0.15204386,0.037435107,0.2545955,0.74138904,0.40029606,0.031195946,1.1360321,0.15929921,1.7322245,0.81548923,1.1702669,0.055600204,0.41369286,1.8375154,1.8091888,0.035887837,1.4327451,1.0936385,0.5654056,3.994817,1.208526,0.8657865,0.3151301,0.041709922,0.68970346,1.1151525,0.0,2.4173872,0.14227767,1.0746765,1.69274,0.002626846,2.9066777,0.09649147,0.7008519,3.10278,0.43150473,0.6814637,0.99727684,1.3763751,1.1901786,0.0,3.270371,1.7396209,0.59918505,0.0097370725,0.35140565,2.9851568,0.9653273,0.18525817,2.6021416,3.152071,0.21667928,0.27022025,0.005132669,0.4283151,0.0,0.51820177,1.9064857,0.7588883,0.08973994,0.4398092,0.32662752,0.7466983,0.5532283,0.9771526,0.39278987,0.024457807,2.2710779,0.37234905,1.9769051,1.7110922,0.5113416,1.1896098,0.17916383,0.03859519,0.2527601,0.7807925,3.1587985,0.20716114,0.033644117,0.3516806,0.009585863,0.6797252,1.1194432,2.2202394,1.0598389,0.7971421,0.59330094,0.33512202,0.07977496,0.59917784,0.46914637,0.0784749,0.2374431,0.44214046,0.08886906,0.31312633,0.0089937365,0.761019,0.22690025,0.32827154,0.018060863,0.009114338,0.040418316,1.7897491,0.13937272,2.3214622,0.05539297,0.20819767,1.9445071,0.98443705,2.3123982,1.0601841,1.4579806,3.2928784,1.2486913,1.7560887,2.3359325,0.079086244,0.62678295,0.0,1.2900803,0.18481402,3.1165135,0.072216846,0.08161667,0.59710723,2.048514,1.8688482,1.6877024,0.59159285,1.3180324,2.5970075,1.4779756,0.33910745,1.0077442,0.6211065,0.5133948,0.6441427,0.7589302,0.087632865,1.2412261,1.760323,0.23350798,2.399734,1.0682464,0.8539504,0.6302057,0.87426615,1.9145205,0.534279,0.2789269,0.44768235,0.3486202,0.17112002,0.39536774,5.878377,0.00060500257,0.43902373,0.06670321,1.72517,0.046412006,0.17049359,0.18853775,0.62471914,2.044774,2.8360133,0.00245258,0.48435482,0.01373952,1.1561444,1.1914318,0.7194395,0.40536234,0.0,0.2911719,0.9427254,0.46118045,0.6255922,0.82436913,2.4354007,0.10280129,2.2228875,1.6992238,2.0713403,0.121784315,0.21921603,1.5184107,0.88346124,1.0797653,0.0,0.27731058,0.4612834,2.1131742,1.5796946,4.602123,0.02209708,0.09452451,1.2503761,0.41924846,1.3065548,0.20135564,0.0,1.7145323,0.8219074,1.2676795,2.394639,2.6946878,0.007717787,1.783423,0.008618609,0.9172075,0.07575335,0.9353587,1.1153563,0.7775599,0.4122471,0.01092322,0.5153202,0.20084363,1.1774446,0.014549304,1.4614474,0.736261,0.123832405,0.19117229,0.1914272,0.00469106,0.21799223,0.0029035788,0.08121522,0.9321695,0.08370549,1.1517583,0.42783406,1.4189012,0.05610323,2.6733072,0.46965337,0.45997837,1.1218965,1.9248207,0.91039944,2.1704397,0.018882355,1.474828,0.0027173858,0.57219684,0.6706797,0.50961053,1.515474,0.4060836,0.0,0.12028987,1.0205252,0.06252961,0.24734586,0.010397181,0.4036363,2.3271933,2.9035888,0.31142768,0.0,0.3678382,0.5638207,0.5075468,0.8507701,0.36850077,0.12696457,0.0657891,0.96569806,1.3543221,1.3603325,0.20138124,0.4371317,0.560985,2.5642688,0.2580438,0.30859733,1.2147013,1.5061529,2.021089,0.95491135,1.5189149,1.2596579,0.18972299,0.5380428,0.5920556,0.25813535,0.24410152,0.027286839,0.008322185,2.381984,1.4461621,0.12962417,3.1031063,1.1877233,0.17589729,0.31092632,0.12045966,3.229999,0.5722763,1.3304031,0.2455122,3.6140523,0.0039966414,0.6000458,1.5908498,0.50578165,1.6610967,0.5844808,0.62294066,0.07692486,2.2381907,2.8144255,0.6270777,0.31585687,0.26789728,0.034128312,0.3829818,0.6477727,3.2627838,0.27867907,0.23417524,0.7236797,0.16733833,1.2472148,1.513189,1.2424014,0.37037537,1.4821556,0.88075674,2.4902127,0.09571191,0.14627634,0.71295255,0.26092836,0.16650425,0.190043,0.6003672,0.7776162,0.7273723,0.6611095,0.82237893,0.7110569,1.3028965,4.339104,1.1690941,2.9072034,0.0,0.16109876,0.5382386,0.32213116,1.3142563,2.9772444,0.022634342,2.9999564,0.65123796,1.7816967,0.690781,0.48905742,0.6724202,0.37306422,0.37110612,0.002963076,7.1417484,2.045399,0.01898113,1.2231692,1.0245041,0.38019294,0.1817977,0.44199052,0.36383495,0.9197323,0.16540317,1.1650826,1.0042481,0.13498773,0.7702553,1.2741307,0.91766727,0.00052281335,1.6314616,1.3618374,3.3752685,1.5734346,0.48679608,1.3795387,3.689093,0.90242285,3.0353673,1.4254833,0.1284255,1.0635262,0.93510824,0.9169914,0.54415876,0.51629966,4.9839144,2.4242218,0.073330685,0.8921961,0.0,3.138188,0.7107204,0.6179889,2.4477437,1.5115929,0.803078,2.9069717,4.601442,1.1439703,0.16878814,0.80589825,0.5335402,2.3965366,1.1789699,1.5449463,0.402052,0.5547128,1.8425336,0.09956808,0.18396425,2.3572254,0.3164562,0.013983687,0.6438034,0.64579934,1.8842678,0.027518395,4.585118,0.8971715,0.7309711,2.0278058,2.7773736,0.41637295,1.8718086,0.52909434,0.7460857,1.3471456,0.5982732,all_pothole_images\pothole_images_new_image_1193.jpg
0.54928774,1.4205152,0.63358015,0.6914332,0.40983588,0.3031442,0.42495587,0.0,0.1146544,0.1334622,1.0275269,0.38160118,0.05157636,1.8252878,0.034753025,0.12741485,0.7677307,0.00087868195,0.99394745,0.114767015,0.3096729,0.8738005,1.8127977,1.5035157,0.20900282,1.3672941,0.057943378,0.13725796,0.006848656,0.5557132,0.96387726,0.0150684,0.3233301,1.6750315,0.49739075,0.37832648,0.27275574,0.7724002,2.815091,0.54449403,0.18928918,0.35899457,0.033250425,0.027197689,0.65807015,0.42462063,0.019241637,0.20103136,1.1241622,0.14967425,0.32688245,0.56561744,0.28563797,0.04327027,0.328785,0.8540579,1.2762786,0.18652804,0.16554317,0.002365633,0.0,0.029587978,0.6051946,0.16905421,0.3022766,0.1861107,0.37171352,0.2639581,0.0037080867,0.63911307,1.7183492,0.27068946,0.6492706,0.7401194,0.32216606,0.6550991,1.069227,1.5433469,0.4083734,0.43458864,0.19318266,0.27841195,0.33502558,1.7247521,0.24872763,0.5375445,0.44876546,0.17730102,1.9844422,0.6558889,0.24133524,0.6074919,1.3025308,0.5866269,0.019957896,0.07988089,0.33244348,0.7303476,0.35539377,0.8961172,0.085383125,2.9798965,0.20157662,0.91003066,1.8731995,0.83886147,0.5385054,0.4064981,0.58205044,2.0020626,0.3385651,0.69108236,0.6627292,0.91099626,0.23980913,1.0138371,0.13852821,0.61113435,1.1304979,0.27267504,1.6378343,0.09932417,0.114062645,0.28457054,0.62858427,0.48775622,1.6318634,0.21944581,0.23182426,1.1814759,1.0175816,0.64572585,0.027693935,0.88970333,0.87094194,0.5880741,0.17856866,0.39235663,0.0030369072,0.26710486,0.9117398,0.13125561,0.6335683,2.4881372,0.15195738,0.41144896,0.31821346,0.8928685,0.33891755,0.0,0.0657976,1.0092628,0.15180346,0.80408823,1.2468566,0.6939034,1.1234219,0.9200081,0.1949901,1.3589535,2.031524,1.0101783,0.11485911,2.4717636,3.4752727,0.010753313,0.18038014,0.3758812,2.3376923,0.7275749,1.1538544,0.06415112,0.5949386,0.0,2.5721462,0.52095,0.6805917,0.08031748,0.05755616,0.3578298,0.019965695,1.0533278,0.8553035,1.550415,3.609939,0.12484902,0.06967114,0.50469106,0.21349418,0.60412115,0.2782578,0.5369104,1.1252044,2.1728039,0.34901595,0.03887054,0.57182384,0.65253204,0.48166752,0.4204248,0.08131049,0.49675196,0.0,0.08295572,0.50367004,1.2295883,1.6550878,0.20964088,2.3961334,1.2064211,0.027196947,0.33894193,0.3286335,0.049813196,1.2037119,0.68332934,0.22267258,0.063005514,0.5322703,0.6013054,0.27962464,0.29577672,0.5280311,0.61949295,0.4508501,0.26466477,2.5498424,0.19237,1.3968744,0.09413392,0.25654283,0.47389123,0.0890239,0.59171164,0.65115863,0.12329951,1.6703401,0.25254464,0.4986261,0.33587226,0.020951405,0.12020127,0.3270648,0.4843671,0.56533974,0.012298445,0.45749336,1.0942788,0.5607394,3.3744493,0.64461905,0.349999,0.5581042,0.22996429,0.17176776,0.008635993,0.42958215,0.43157992,0.79409593,0.7542798,0.8175248,0.41648084,1.6746197,0.1475316,0.18060887,0.6942417,0.34074005,1.2874156,1.3698397,0.10334733,0.07237364,0.006275348,0.6442859,0.5452564,0.36508054,0.75619555,0.32138276,0.6185816,0.74111235,0.28453776,0.27375364,0.10057889,0.55265015,0.42977923,0.62478006,0.110895395,0.30997643,0.11867842,0.26063055,0.012062916,0.6521185,1.3417302,0.11219883,4.140284,0.30841795,1.9245657,1.8226162,0.040010083,0.08064132,1.500955,1.0071052,0.14080511,0.76055115,0.3517412,3.2574036,0.34275123,0.6722661,0.12488334,0.23286149,0.14117476,0.1480893,1.3227813,3.9596925,3.5934122,0.17271724,0.15476817,0.105164565,1.102218,1.8542916,0.28774446,1.0877491,1.1000907,1.0612557,0.91810465,0.22282629,0.35563052,0.4008489,0.12708831,0.39932752,0.045440458,4.500878,0.49712437,0.057463806,0.056721106,0.08522035,0.35077712,0.53235555,0.66994363,0.9386472,0.71369785,0.93328154,0.6442898,1.8939918,0.90541464,0.29983822,0.10369083,0.3593524,0.12878764,0.43166363,0.70291185,0.075278595,0.6109277,0.016985506,1.2435745,1.077058,0.91369736,0.0937947,0.36986643,1.0249281,0.23745248,0.24498187,0.3828817,1.0520123,0.35187262,0.21581516,0.39983994,0.5553363,0.91656166,0.48930338,0.8185018,0.81703985,0.34446582,0.1948429,0.2606906,0.54489255,0.3183315,0.8693775,0.18586047,1.4416739,0.63329643,0.31301814,0.06790757,0.06926484,1.2553765,1.859192,0.17785832,1.2519991,3.7398736,0.0,1.2113464,0.6517589,0.37815747,0.0115944,0.3398819,0.1398707,0.9327839,0.883016,0.5292648,1.2547725,0.7106669,0.34011668,1.4790151,1.4745567,0.57437044,0.20907716,0.090791896,0.8581201,0.2928412,0.12016706,0.17549783,0.0,0.7319028,0.3218692,0.8883172,0.24045776,0.7404145,0.35170648,0.79326123,1.7969416,0.030683791,0.7750146,0.29557177,1.5336143,1.4873917,2.3450217,1.0322758,1.1134089,0.23714733,1.7779537,0.7376646,1.7093529,1.0974782,0.1908679,0.24456431,0.08473833,3.2509348,0.70727164,0.6505301,0.17869619,0.23213807,0.505085,0.3762366,0.041634366,0.0,0.07913155,0.14270712,0.43109858,0.34323317,0.0,2.2685175,1.4335822,0.05098264,1.1091646,0.5965551,0.40967816,1.138825,0.8517004,0.0050398842,0.80045724,0.87017137,0.6201322,0.10766638,0.23114859,0.39917347,0.47395706,0.138071,0.27303544,0.018118935,0.4261256,0.46608034,2.1835115,0.024940923,0.3949668,0.6891134,2.7105703,0.09939451,0.39603588,0.864963,0.63445896,0.33079723,0.9222695,1.1245196,2.0357707,1.1176432,0.44189468,0.40515813,1.4698263,0.11981139,0.1432688,0.06583042,0.21884093,1.6484189,0.19862646,0.015784185,0.11614192,0.12436024,0.79411286,0.5955655,0.5048725,0.4345596,0.24350333,4.0117745,0.4201428,1.3191957,0.36661917,2.6225412,0.429146,1.5483725,0.4099733,1.3359523,0.31058288,1.1837038,all_pothole_images\pothole_images_new_image_1194.jpg
1.0696259,1.5473866,0.2626194,1.9921099,0.07487866,0.6173312,0.088631116,0.6815311,0.51485914,1.0071936,1.18931,0.8361207,0.21990941,3.3215046,0.1388504,0.33071283,0.25116655,0.034729853,1.7863654,1.0003289,0.48966345,1.9098725,0.23688339,1.0155438,0.06872541,1.1055112,0.03814701,0.6956941,0.16335705,0.14178507,0.6593595,0.0,0.15861924,0.7874856,0.38830286,0.07307567,0.7157149,0.31173378,2.6968622,0.021052292,0.0,0.023233099,0.5798389,3.2022557,1.0223681,0.068850845,0.13321678,0.12299741,0.3728616,0.8495167,1.7272049,1.3613111,0.17753868,0.25045642,1.253469,2.1028233,3.234053,0.029081872,0.34063494,0.18121225,0.18208842,1.1603973,1.5383319,0.18518189,0.15708004,0.44845763,1.8350734,0.07524202,1.0719261,1.0546613,0.11931433,1.0204387,0.0075867297,0.011099409,0.1954769,0.1722083,0.3799677,0.50578845,0.027380446,0.050218392,0.014416198,0.17051432,0.52515805,1.6078222,0.32598037,0.35748205,0.49874648,0.6697831,1.4087547,0.0070796628,1.2973948,0.15343405,0.025002718,0.9621232,0.45396322,0.2468228,2.0814188,1.2963076,0.6533971,0.19524726,0.03946622,2.0990603,0.008370834,0.8668847,0.11864914,1.6325065,0.12166136,0.08698872,0.5022829,0.5137605,0.10409888,1.5133566,0.010166565,1.5613182,0.20181115,0.00439003,0.9262295,0.7612844,0.42115626,0.8566863,2.8727834,2.0785956,0.34537232,0.6324315,1.1029922,0.2308318,0.71276784,0.121290244,1.6940027,0.7980438,1.2508163,0.06907532,1.0515431,0.63526636,0.58237314,0.7320158,0.16219312,0.35554203,0.4124821,0.5078336,0.7248965,0.51629025,0.22911856,0.65231836,0.23700546,0.2574246,1.2624106,0.19601995,0.50600165,1.303673,0.10939323,0.7634993,0.05607102,0.1679627,1.2713277,0.6379764,0.50360096,0.35649619,0.05034659,0.36345756,3.7580285,0.39147568,0.1443954,3.2179086,0.46188602,0.38848743,0.8944372,0.15494205,0.13333492,0.88933,1.2283087,0.505633,0.15672159,1.2340686,1.5217069,0.2906063,0.35591665,0.20596531,0.3023138,1.0656703,0.09900831,2.548949,1.831328,0.2626864,0.2998647,0.24405886,0.103214376,1.4438169,0.5906174,1.4595252,0.2801486,1.0041972,1.2127331,1.3245053,0.033179995,0.5742116,0.03182009,1.1381495,0.66357636,0.25656903,0.12793721,1.3554261,0.83899164,0.024873754,0.99243724,0.112079404,1.1664975,0.4187247,0.14980137,0.047535103,0.0052486537,0.078540236,0.60001624,1.5638932,0.92364234,0.5698748,0.11631864,0.402452,1.6403829,0.039195262,0.35527816,0.45460743,1.3581169,0.5730685,0.88382626,0.72774833,2.4690285,0.0903239,0.117158845,0.08228853,0.6327842,0.88892174,0.8079557,1.2321216,0.011805961,0.09557392,0.6307613,0.72782594,0.09594835,0.5758475,0.03785775,0.083597034,0.4262813,0.18035081,0.6963451,0.07704452,0.4520171,0.15650158,1.5309846,3.1145446,1.156387,0.739898,0.004839649,0.20364399,0.63469255,1.90078,0.8169713,0.5119672,0.057384033,0.15027596,0.09354805,0.21619238,1.9666629,0.34462407,0.16250655,1.2455455,0.2958773,0.8182798,0.2363277,0.011580539,0.063745864,0.90109766,0.47528395,0.02471847,0.21764128,0.74384195,1.5144389,0.1495304,0.46635872,0.18984114,0.62422824,0.11132571,0.628605,0.080716416,0.7401962,0.60362166,0.3592644,1.0455912,1.3278083,0.09147515,0.894149,0.51868564,0.36751536,0.04071803,0.79386854,0.33141738,1.1199898,0.8821749,2.113179,0.25750196,0.3454498,0.8505816,0.85442156,1.2665218,4.9859505,0.42349687,0.6726255,0.5522281,0.020795466,1.3590958,0.45926756,0.48449355,1.7104663,0.09755093,1.1314539,0.25510094,0.11362833,0.65358174,0.6598101,0.7897781,0.7346582,0.29858065,0.45420775,0.1339395,1.5628207,0.65209985,0.25478002,0.18543664,0.9317937,0.007006346,0.059460722,0.5995496,0.51655334,0.07573137,0.90880865,0.82875985,0.33845,0.7139259,0.060316816,0.22339097,0.044651713,0.18995701,0.5186138,0.14464086,0.65880185,0.62631774,0.053555127,0.3511597,0.010969948,3.0046437,0.4879648,0.26479986,1.0785891,0.08948247,0.358141,0.3874371,0.13385685,1.8909358,0.0320972,0.06790889,0.6511657,0.30737552,0.8271316,0.10379604,0.023544498,0.071732074,1.2838238,0.47276017,2.4774008,0.86240274,2.0486767,1.7374651,0.853727,0.75317436,0.37301153,0.2201954,0.04442236,0.16586965,0.089660875,0.5681554,0.009287269,0.7375865,0.58130455,2.2595816,1.5785673,1.2745702,1.5706846,0.21967709,1.5444169,0.62103015,1.6699935,0.76455927,0.6946536,0.8466113,0.20486958,0.11215022,0.11128445,2.4127772,2.039358,0.289771,2.7859387,0.7510862,0.4912659,0.68299186,0.0437397,0.06653523,1.5627105,0.42906767,0.0,1.0752683,0.6834297,0.30702138,0.83154017,0.26879486,0.20241803,0.07774907,0.25188687,0.19402342,0.40658954,0.45140713,0.76568043,0.24867888,1.0531033,2.6031988,1.3436891,0.35963425,1.3650097,0.44742286,0.20507616,0.87185574,0.17401505,0.4799299,0.6891646,0.61101174,0.39049533,1.7462654,0.31866905,0.27844763,0.48385823,0.23422891,0.23336661,1.1210318,0.12731971,0.5822239,0.89208156,0.09167426,1.1829793,0.031933688,1.034829,0.9263105,0.8231919,0.13162091,1.20876,3.230815,0.052005634,1.1131049,0.9228974,1.0795913,0.17122252,0.6958617,1.0895427,0.53536296,0.92354643,0.23335643,0.013615558,1.5803912,0.0012800645,0.11944683,0.027831605,0.47537196,0.8617378,0.36673653,0.16760501,0.987161,0.2186424,0.59045786,0.9456846,0.21448018,0.60630536,0.13892514,0.24429426,3.4250972,0.23342553,0.18001589,0.5734011,0.565867,0.4032047,0.18421899,1.3386394,0.099422775,0.63061,0.4594998,0.12006038,0.08816185,0.060765117,0.2443252,1.2363533,1.4787105,0.4362199,0.061429992,0.09704335,2.733198,0.2097226,0.96774554,0.49315658,0.5506747,0.1898441,0.4371371,0.07186619,0.82834,0.6550187,0.50598043,all_pothole_images\pothole_images_new_image_1195.jpg
1.9199203,1.8423722,0.50382686,1.5829097,0.5220742,0.7957879,1.0528157,0.015167348,0.23122877,0.69692945,0.24595883,0.8817322,0.57918364,1.6263313,0.45667934,0.28971377,0.029683843,0.8424667,0.4081154,0.09115941,0.7936687,1.4552281,0.81315976,1.1402035,0.323696,0.24898963,0.9931881,1.2068014,0.33747074,0.3497052,0.5326958,0.1565105,1.4184699,0.15939932,0.7886799,0.55641097,0.5897548,1.0795163,0.09810903,0.27068487,0.03951152,0.67574775,0.21506652,2.3221264,0.28949374,0.04045301,0.09439436,0.120180294,0.7060444,0.2365804,0.46410364,0.06597182,0.24172778,0.041449614,0.009982824,0.54137105,1.474029,0.45796907,0.015617638,0.37843007,0.008050808,0.084947914,2.011745,1.4779327,0.80747616,0.28782582,0.41507703,0.12699758,0.056819838,0.8756374,0.3454031,0.44549027,0.019780548,0.50865984,0.016442472,0.33400103,0.90566844,1.0570866,0.19876467,0.42351678,1.0531453,0.24627624,0.23460862,0.8640674,0.6461428,0.4764621,0.1574243,0.002312105,1.2150402,0.085362315,0.15908487,0.4557973,0.1581893,0.9506415,0.4808583,0.014097007,0.42307857,0.3606241,0.12702821,0.085718445,0.2263559,1.0333844,0.3795487,0.09230643,0.1156888,0.02394263,0.33110505,0.03988206,0.20141442,1.0813594,0.0,0.54002213,2.120757,0.22028632,0.4796004,1.3507519,2.858245,0.49824944,0.7817325,0.15224786,1.1813931,0.07930684,1.9112144,0.09031533,0.21471325,0.49406332,0.32120937,0.4638251,1.854857,1.0613596,1.1866251,0.858986,0.5166516,0.2944068,0.332552,1.8522487,0.26504657,0.01880359,0.70163417,0.41433793,1.343437,0.053235285,0.6018104,2.2215362,0.6581652,0.6328768,0.099097475,0.40667477,1.1505592,0.44179338,0.99060804,0.45438746,0.018859645,0.38082612,0.8683208,0.2367948,0.29955366,0.54108566,0.9000848,0.20980689,1.268282,0.57340384,1.0952014,1.1703224,0.2530809,0.25595504,1.4026649,2.5483718,0.7158547,0.767998,1.1804123,0.32796478,0.24130198,2.0815394,0.52733004,0.5041084,2.7920878,0.9824684,0.3472209,1.2929598,0.27217272,0.08658944,3.0363357,0.06018591,3.0766847,0.7217622,0.848304,0.08369349,0.018899657,0.317793,2.59957,0.13290378,0.006659172,1.7054156,0.33952475,1.0618001,0.11089746,0.22405411,0.56027716,2.075704,0.083855756,0.06276871,1.5574493,1.0498978,0.079825856,2.2422333,0.07301086,0.74317664,0.9843337,0.024877489,0.17960615,0.8572249,0.93240404,0.5963558,0.509511,0.12461745,0.43722066,0.5452339,0.61843413,0.20117697,0.7237991,0.13600297,0.017844362,0.2845342,0.0,1.0052701,0.82973105,0.2873643,1.0484258,0.20208634,0.11852917,0.23133443,0.71023643,0.2432855,0.20158254,1.1739583,1.3131539,1.2108716,0.32286084,0.14184354,0.6515163,0.17272513,1.7848959,0.2988379,0.15384057,0.15225671,0.5743472,0.2904052,0.52932256,3.2051497,0.94023895,0.09690237,0.1529763,0.53566355,0.057276297,0.72778815,2.2379155,0.17143555,1.2641602,0.6214261,0.86417043,2.786265,0.2732264,0.07131573,0.017311081,0.2936708,0.20433362,0.42662218,1.3202317,2.4418364,0.04697987,0.38261658,0.15192999,0.38774532,0.3093608,0.6370071,0.40252522,0.9992732,2.5755315,0.43025634,1.6386237,0.13456485,1.7984179,0.8372256,0.18659064,0.5236768,0.3646399,1.3043437,1.3649571,0.567152,0.18144335,0.7112982,0.2558311,0.6094475,0.03227762,1.5356203,0.10325964,0.18083574,0.7974534,0.9498202,0.30334708,0.7981215,0.0,0.0398068,6.922627,0.21754767,0.42311084,0.3348479,1.1045665,0.03461584,0.034535807,0.66278696,3.1356916,0.76637715,1.0802298,0.2584366,0.11413841,0.17516124,2.8789287,0.31336623,0.4148903,0.26878253,0.4590456,1.0113938,0.12241591,0.10503229,2.2523642,1.7377447,0.32976484,1.1579974,4.3023524,0.6048134,0.8475228,1.2277143,0.6480749,0.425993,0.776556,0.403103,0.34086975,0.4111765,0.17090245,0.86078936,1.0772892,0.9495817,0.2516864,0.21005696,0.120813355,0.17849873,1.500817,0.46003443,0.34875628,0.52850753,0.0,0.003572061,0.45787445,0.10327775,1.6239151,0.2876479,0.25060263,0.14165838,0.1459122,0.1460005,0.5983856,0.33411694,0.024206415,0.2550983,1.8323294,1.6761278,0.07710597,0.45866916,0.9209186,0.06782871,0.48498675,0.054243233,0.11876766,0.36636707,0.24200983,1.0828941,0.13559985,1.0824921,0.067405134,0.42461768,0.6185458,0.6887685,3.9090612,0.1821571,2.8390963,1.1051387,0.0,0.99583286,0.6277202,0.20209494,0.13171291,0.06342333,0.6084257,0.05580874,0.3970169,0.18371172,0.23880036,0.07010164,1.4532377,0.29599917,0.3815566,1.2369539,0.1546311,0.18878771,1.1884592,0.13405655,1.0414841,0.6741618,0.01673343,0.11202399,0.3352499,0.7344224,0.18881328,0.1754651,0.04101884,1.0186644,0.23271815,0.24062426,1.6618724,0.35595456,0.7284641,1.740978,0.26461402,1.3350222,0.5824778,4.2077694,0.3969968,1.2957135,0.38805553,0.8018482,0.012753045,0.37217948,0.5898505,1.3948199,0.60214096,0.19017449,0.1562799,0.33520868,0.3152651,0.025339572,0.0055701034,0.077234216,0.11423149,0.4368894,2.4684885,0.0027566825,1.9343078,0.5100466,2.0599227,0.6258486,0.15203696,0.5768461,0.8493788,0.09190271,1.3274217,0.00050572964,0.46206066,0.6827111,2.941422,1.1594665,0.84712887,0.0,1.180444,0.13074178,0.012417739,0.87339747,0.0,1.0526402,0.43577316,0.69228446,0.6704592,2.374148,0.4049411,0.02599602,0.20664608,1.1640129,0.107775316,0.32861876,0.1705637,2.5834353,0.85491055,0.9655396,0.0,0.2224595,0.41487497,0.05548595,0.11578932,0.8222362,0.040933643,0.90248185,0.22295932,0.5906686,0.00968228,0.014887569,0.048103195,0.3074435,0.027503582,0.4340301,0.4538283,1.3022326,0.32075626,0.9071164,0.53370243,1.325074,1.2429157,0.42188153,0.25236878,1.4445623,0.21416253,0.057443798,all_pothole_images\pothole_images_new_image_1196.jpg
0.31065455,3.5581472,1.3908371,2.2617579,0.9919622,0.27058643,0.5840703,1.8142027,0.79358554,0.77746594,0.55271804,0.13774395,0.09325509,1.8231745,0.45211735,0.60483587,2.8971794,0.43929124,0.07939239,1.3315821,0.39750224,0.9849808,2.608848,1.0146568,0.08677587,0.20835713,1.122769,0.28477645,0.6654163,0.7379543,1.1345165,1.0759071,0.16575459,0.46124992,0.14264776,0.122235216,0.4769712,0.30835718,0.94882333,2.2836082,0.50512934,0.060999647,0.74224025,0.02691675,0.7736107,0.31420052,0.53810674,0.92833054,0.2709993,0.0039688526,0.07553356,0.20275486,1.2919872,1.5472928,1.0406357,0.30743358,1.9238218,0.004154104,1.6479692,0.861696,0.22563085,0.5064043,0.16875465,1.9395306,0.001695708,0.45322534,1.5151613,0.40929496,1.7432343,0.21873583,0.6372535,0.025650734,2.318279,0.0,0.41058987,1.8057581,0.41258022,1.5099459,1.6607943,0.9927769,0.26508984,0.53524727,0.3955385,0.050959766,0.56128013,0.6879439,0.34613386,0.063293874,3.35741,0.18960668,0.78637725,0.4508624,0.45654982,1.3252227,0.63535744,0.4926627,1.0886158,1.6517143,0.70881885,0.11066238,0.70529073,1.1019613,0.28695342,0.08138361,0.82412624,0.5312236,0.7936982,0.16990466,0.014454165,1.1035186,0.6954899,1.4918545,0.4511906,1.2388542,0.3345715,0.46947098,1.3665044,0.047124546,0.58616316,0.6374979,0.5628457,1.0526471,0.99609894,0.16463073,0.70519817,1.06572,0.40783742,1.001216,0.3220767,0.49524376,2.7210867,2.2301373,1.1962974,0.5510691,2.8177316,1.7545736,0.23775166,0.24737677,1.3778712,0.5301609,2.5263102,0.21422699,0.31490898,0.39271918,0.85714656,0.68359375,2.2110312,2.491627,0.8239695,1.2856374,0.46023092,1.4308143,0.203328,0.96525854,0.8694657,0.87370795,0.4746155,0.3844661,1.247912,0.2358009,0.73594135,0.2033993,0.8738126,0.16453367,0.42417783,0.4739727,1.847764,0.16031976,0.6085187,0.16193525,2.1058493,0.27043268,0.20348825,0.22218102,1.1028306,1.060411,1.3194754,1.7188777,0.25022462,0.11558808,0.8898548,0.055504616,0.47942856,1.06447,2.284434,0.06631465,0.7170055,0.34615785,0.18624401,0.8787364,1.6759279,0.27316767,0.2376273,0.5250791,1.1802045,0.80242467,0.96491116,0.342255,0.09107771,2.1358514,0.67666966,0.18059649,0.112785816,0.40813512,0.29467675,1.9192706,0.88408947,0.82897466,0.57066697,0.39587253,0.8102901,0.658154,1.4986631,2.9193888,0.48521963,0.25956124,1.4557064,0.08203059,1.9492128,0.47162744,0.014212203,0.019591307,0.23943034,1.167371,0.33031005,0.2134931,1.8046842,1.0787685,0.06895614,0.7342477,0.041271117,0.04371205,0.9724917,0.46462733,0.028302139,1.3356056,0.32060552,0.35716718,1.3316001,1.0098357,1.0916346,0.17073448,0.6117834,0.89788723,0.08055043,0.6165433,0.9574346,0.16913308,0.15943551,0.33838513,0.26638207,0.78986794,0.7471135,0.79856545,1.7549642,0.77026606,0.81980765,0.020146316,0.6164511,1.0070765,0.4608081,0.82527936,1.1689937,0.07642109,0.021686275,1.0625045,0.2360218,0.6390157,2.5074658,0.87736064,0.20503981,0.8483376,0.16611348,5.2977786,0.22634825,2.350041,2.7464013,0.5352911,0.8156954,1.0659319,0.01881456,0.686868,0.08092575,0.3447491,1.576765,0.32066745,0.3520643,1.0484042,0.59238076,0.5987738,1.6175728,0.9552313,0.6042274,0.96858966,0.11576403,0.45318186,0.73605293,0.0970908,1.5649115,0.05695648,0.24298248,0.23166691,0.06685763,0.18244848,1.1187946,0.22215204,0.0340295,0.06528695,0.95755875,0.551838,0.4601577,0.4853662,3.8791733,0.5424928,0.017308136,0.89985436,0.12562177,0.021504411,0.012536489,0.7014644,0.2606764,0.69655305,0.22846273,0.8939538,0.4346299,0.1632806,0.23272541,0.2299357,0.17246853,0.63555276,1.7341213,0.10781328,1.816877,0.58209103,0.0016255007,0.9170045,0.12881275,0.29551163,0.57190853,0.29827338,1.3338675,1.2426884,0.9405963,0.031471927,2.3160715,0.7903891,0.35139623,0.24360518,0.19431134,1.0006734,0.4275177,0.2150981,1.5618328,0.34831595,0.7537928,1.2167166,0.95900726,0.11907864,0.16455431,0.036132436,0.09350017,0.2749723,1.4720964,1.4830228,0.36160696,0.48585102,0.9325863,0.324313,0.3754549,0.091286354,0.8791147,0.84655106,1.7845156,0.5313703,1.5768317,0.049561355,0.0020946716,0.8760985,0.02237718,0.7546153,0.13772258,0.15074326,2.3112838,0.77185166,3.0331695,1.473054,0.3163846,0.8475708,3.2322848,2.7131982,0.9859747,1.2978474,0.19497287,0.30607083,0.1538933,0.39640316,0.18932173,1.1381611,0.31430933,0.26201594,1.0526283,2.4395304,0.009102472,1.3644518,0.015206216,0.10706617,1.3747256,0.024147578,0.7172471,0.580125,0.9323283,0.44408432,1.6782099,0.5016479,0.03217539,0.7400673,3.135435,0.18477961,0.23117682,0.1627397,0.14631818,0.8502403,0.66009116,0.58950967,0.75819576,0.30955994,2.5462234,0.67684156,0.33300668,0.443035,1.4402692,0.061947763,0.3720749,0.0655682,0.4012499,1.9705018,0.50794655,0.13118806,0.026500776,1.7234646,1.2230396,0.24546745,0.2452265,0.26356322,0.3263257,0.12619214,2.2581155,0.09936341,3.6337497,2.686892,0.11314637,0.06933967,0.278568,1.3645186,0.010171642,0.7942027,2.255421,0.8815597,0.042939935,0.7145485,2.2993762,1.2110662,0.72168463,0.46803975,0.61438483,1.5455228,0.11536198,1.6328436,1.0953857,0.40926856,1.0195818,0.0,1.0922487,0.9381528,2.7122166,1.7308513,0.34203896,0.032391775,1.1119351,4.0307155,1.6916219,1.6023488,1.1194203,0.39646342,0.26995996,0.0,0.72620624,0.9697083,1.092668,0.8374569,0.30572787,3.878395,0.05128414,0.40462667,0.8045586,0.67969745,0.39169544,0.98871636,0.19697097,0.23753202,0.51838624,1.6199222,0.15082121,1.6270806,0.10865407,0.47933313,0.074041,1.4661522,1.2871792,1.4649813,0.5560011,0.97327065,all_pothole_images\pothole_images_new_image_1197.jpg
1.5014071,2.5265472,2.379192,0.8402715,0.5220783,0.22922668,0.0861924,0.98652077,0.28409857,1.5106848,0.9592861,0.535805,0.4498917,0.09762942,0.71006423,0.21388686,0.4172651,0.54354006,0.3221656,3.3248887,0.44167823,1.402813,1.1458144,0.87251526,0.05339531,0.5556516,0.34746546,0.43065724,0.47937298,1.2965311,0.7455949,0.86092794,0.2991192,0.15170313,0.09996395,0.81425786,1.6594799,1.0183359,1.3569801,1.0119216,0.9004845,0.6714237,0.6349171,1.0835332,0.43550155,1.5522681,1.391048,0.1114413,0.7355549,0.4639724,0.018812388,0.61042875,0.3320384,0.6890472,1.6629859,0.23723608,1.6414751,0.1872244,2.041639,0.08721418,0.39730048,0.56858975,0.20603372,0.024569044,0.20678014,0.44484827,0.20101948,0.75423926,1.715676,1.0281705,1.1372894,0.05015374,1.1022037,0.5980036,1.0353255,1.6709454,1.65304,0.5450818,2.174942,1.1748769,0.9854928,0.53844655,1.1914032,0.27189478,0.33535174,0.4629371,0.00037478344,0.100157864,1.7855561,0.70030844,0.47574937,1.432838,0.104037166,0.31601942,0.7362984,0.33798566,0.8981164,2.414186,2.2414997,0.82472396,1.3508204,0.563925,0.09129954,1.6636536,0.5247521,0.6240595,0.94818544,0.30868968,1.3099961,2.3086202,0.7639759,1.6574279,0.51063085,1.0828995,0.7427091,0.09669294,0.7737986,0.9110691,0.9430822,0.7252506,0.46135765,0.97980905,0.40702072,2.1572833,0.5247748,0.88474107,1.4460775,0.5438967,0.23697415,0.19221553,1.2765815,0.52509004,0.31513524,1.4482167,1.2293762,0.3959287,0.32455117,0.26830846,0.44699275,0.36475855,0.14309956,0.51340544,1.4338473,0.05421531,0.07128073,0.24429029,0.11626251,0.18292606,0.8467313,2.1102483,0.83293,0.2579435,1.2785642,0.7094094,0.80237466,0.7434248,0.94636446,1.1614423,0.26388764,0.500792,0.9846078,2.3188298,1.5053941,0.09406665,1.6674455,1.3965877,0.5342896,0.71961886,0.33326575,0.1307857,1.2229047,1.0370169,0.7185759,0.65114033,4.1049333,0.1655865,0.5047231,1.3428105,0.7859194,0.20703112,0.18996902,0.05661343,3.63988,3.3596683,2.1997802,0.459708,0.32811436,0.077299364,0.20948462,2.6033866,0.16262427,0.7508756,0.038745735,2.7224054,0.8020035,1.0279737,0.95893526,1.2873477,0.46661684,0.863177,0.34910688,0.5368451,0.43364376,0.38071066,1.0800226,0.77831036,0.5650284,0.804493,0.2046294,1.0460001,0.7230965,1.6699402,1.4753723,1.6447884,0.14869955,0.5421311,0.4209786,1.3910913,1.4834377,0.23941202,0.44735405,0.9173641,0.14140233,0.56641746,0.24839805,0.06233715,2.9703841,0.6971615,0.21700531,1.2514052,0.40875146,0.073918976,0.9413062,0.5926109,0.5812043,0.029560072,0.4163893,0.78406894,0.5043605,0.856872,0.07185498,1.066563,1.5784652,0.93068373,0.80792385,0.11626728,1.4834311,0.9057679,1.1624848,0.53392535,0.917526,1.8630878,0.3612827,0.8417626,2.4588327,1.547581,0.583545,0.4838421,0.07385003,0.0,0.12168913,0.58258235,2.05658,0.36706355,0.020106625,1.6240826,0.13192098,0.6626034,0.43847406,0.26357552,0.70378757,0.38574567,0.3041262,1.7679603,0.40368676,1.8360496,0.903521,0.009503344,1.6344926,1.1276087,0.15001203,0.0,0.3732963,0.9381899,0.7873022,0.23170166,1.6776669,0.6111529,0.4573393,1.0706606,0.8603345,0.4685103,0.009987754,2.2102654,0.86883545,0.2328389,1.8208419,0.3115612,2.1795611,0.5436821,0.020309133,1.033552,1.0219588,1.9070903,0.8018352,0.48587042,0.35476622,3.7653987,0.96612954,0.9526048,0.9902537,0.70603687,4.322086,0.99567187,0.06682678,0.22063744,0.71554387,0.28074688,0.8016305,0.33702812,0.5687182,0.7820102,0.8560771,0.16775334,0.071611494,0.41618642,1.3705313,0.55236465,0.21981776,0.13446827,1.1613349,0.35310185,0.9395541,0.13041908,0.24452326,0.6769646,0.17187063,0.26534137,0.20546952,0.08394101,1.9273847,0.04423455,0.94341683,0.8989605,2.2069976,0.10800104,0.019347925,0.12656732,1.0036579,3.1500747,0.83021575,0.822135,0.49138632,0.37033376,0.30330423,1.2982136,0.017184932,0.10458375,0.1692618,0.51923966,1.0772961,2.2624934,1.0867207,1.1093879,0.22913827,0.49591985,0.53867364,0.40161988,0.0959377,1.2345268,0.9235491,0.8736431,0.95721924,0.3011561,0.5746192,0.32273778,1.1761186,0.4539616,0.5068803,0.27305454,0.1198418,0.5085842,0.34191632,2.0191932,1.8400651,0.120371155,1.0413271,1.2233754,1.2045242,3.4264264,2.8941052,1.9336243,0.31309447,0.38073644,0.2462459,0.69466025,0.28191748,0.48984483,0.46846604,1.1974295,1.291945,1.1262023,0.21639232,0.94297457,0.28373164,0.0003897562,1.2099301,2.5549152,0.49922398,1.1193097,0.744224,0.004758321,0.7153413,0.696329,0.0021840578,0.6907616,0.5184026,0.54744035,0.38854107,0.27221137,0.5671721,0.6821643,0.5512103,0.7546219,1.4434068,0.100845054,3.252771,0.12655608,1.466991,2.4740329,0.23263398,0.012296446,0.22751714,0.51696384,0.4026837,3.1980789,0.31512347,0.22835827,0.30260962,0.037847664,1.3935213,0.9961203,0.69195235,0.17254302,0.203198,0.45063084,1.1347034,0.19807473,1.2019048,0.9344606,0.6564665,0.73690796,0.11895035,0.7162109,0.29706568,1.3806379,0.16106777,2.5510578,0.16471313,0.17466618,0.138752,0.41736937,1.724751,0.12352837,0.5574468,2.9783776,2.1164248,0.51206946,0.91961986,1.4667859,2.5592463,0.7946116,0.7389059,0.05227024,0.8531802,0.5740502,0.12689249,0.65379393,0.80962247,0.76765877,3.5981567,2.5924687,0.7981843,0.06285518,0.4094792,0.89068866,0.44116205,0.46668726,0.26155785,0.3906983,0.23197831,3.0200942,0.036790375,0.6365161,0.68866754,0.60579705,0.30796176,0.378677,0.36351138,0.54240525,0.01237966,1.2703425,0.13762096,1.2030704,0.60318583,0.32012242,0.8838784,1.6639241,0.05055163,0.26966226,2.0716152,1.6455135,all_pothole_images\pothole_images_new_image_1198.jpg
0.26833922,0.9590824,0.85379547,0.019212214,0.0,0.2368899,1.3037063,0.22475736,2.9154978,0.22596997,0.35362768,0.16398622,0.5934906,0.9177467,0.6927023,0.878405,0.020594344,0.09745404,0.37523922,0.27263567,1.059972,1.6608651,0.3358731,0.3563277,0.28836718,0.10285707,0.29401773,0.9474363,0.40145266,0.17484634,0.8888588,0.41878393,0.4041484,0.85317,0.16248712,0.11494344,1.4847991,0.7179395,0.29310423,1.0910327,0.7580903,0.71848166,0.38542688,0.028459566,0.9258312,0.8983597,0.01879922,0.33996034,0.2259725,0.41820347,0.79010177,0.34793657,0.6512274,0.28664842,0.009419173,0.7595547,0.1013038,0.4487568,0.0501686,0.45811367,0.044803433,1.3555319,0.5018055,0.7578296,2.0887887,2.0147123,0.055678986,0.5081166,0.7245262,0.27747437,0.64157975,0.25739002,0.34375268,1.1798507,0.40888792,0.65506697,0.359905,0.91650194,0.13694738,0.0555536,0.30648834,0.20188433,0.04006946,0.99933803,0.4950662,0.38936847,0.1722466,0.8470605,1.5770845,0.33208838,0.60834336,1.6780245,1.083988,0.008943977,0.044864755,0.072073266,1.5129182,1.3166329,0.40479675,0.37013936,0.66150117,0.64933217,0.6563317,0.23155431,1.6318754,0.75276476,1.0699006,0.342687,0.8223184,1.2260617,0.21022905,1.2443343,1.1461446,0.21602307,0.09994777,0.8772225,2.5926278,2.0118296,0.3131302,0.07565197,2.161217,0.1657055,1.1287295,0.2999448,0.18387078,0.28641993,0.5211855,0.38109422,0.17018467,0.40861395,0.22658272,0.07262481,0.28167146,0.61489433,0.384378,0.7911147,0.42125645,1.2232829,0.17581587,0.6101348,0.7805725,0.6597939,0.50486827,0.75310826,1.3171281,1.3214082,0.54385763,0.25489873,0.8747449,0.20792083,0.5645973,0.08155868,0.3063159,0.60106313,0.94695264,0.104605205,0.39073327,0.47591928,0.133983,2.7417405,1.2482399,0.015452433,0.0384207,6.1329675,0.16002056,0.4994049,0.458298,0.47014344,0.42043513,0.0,1.1969572,0.077330455,0.37983245,0.046668727,1.0798271,0.39953846,1.3794718,0.037376817,0.0,0.78289443,0.0010046099,3.0788038,0.5511999,0.5049135,3.7323782,0.12597983,0.41540542,0.5782557,0.4920178,0.13475163,0.7592678,0.19423357,1.6710825,1.765203,0.49199337,0.021586461,1.4800621,1.4851048,0.30397797,0.44575596,0.32040322,0.87631863,0.43216226,0.49481875,0.26197472,0.538102,1.1543481,0.9433319,0.89796275,0.12851743,0.0042272774,0.019939534,0.343135,0.6392243,0.70549685,1.1922872,0.7333961,0.34631237,0.2417237,1.1183977,1.5558834,0.22023442,0.56801283,0.659214,0.23261102,2.6765077,1.8518246,1.0204049,1.4217583,0.29466972,0.33739516,1.1492884,0.70392776,0.52999365,0.33912104,0.34978554,1.6769795,0.014230607,0.49791875,1.4713651,2.0113254,0.02787535,0.39771846,0.011968068,1.0380424,4.711169e-05,0.31138027,0.58544606,0.017490119,1.8114182,0.8675701,0.1511239,1.6877071,0.101732045,0.7880789,0.017746793,0.5152043,0.68094623,0.003301708,0.6050187,0.56025016,0.2676332,0.105993874,0.47722256,0.8184701,1.4567072,0.55400145,0.44683927,1.3309315,0.71175545,1.2928911,0.019738823,0.15537192,0.39027956,0.74810815,1.3672644,0.7490382,1.3644568,0.4293732,0.63550365,0.40276507,0.28882852,0.6308308,0.28083175,0.15967655,0.3062689,0.44372356,1.1052488,0.0026322214,1.5215129,0.9837718,0.11713241,0.8183569,0.21636604,0.7903479,0.36084154,0.649514,0.6996786,0.52356917,0.6606161,4.0593944,0.95472574,0.13422635,0.83851093,1.2384168,0.06271301,0.08711187,0.27045205,0.85023326,0.5880338,0.15545595,1.4040401,2.5359805,3.6927943,0.032266304,1.4544288,0.12835306,2.0053287,1.3171055,1.4456356,1.7767997,0.12362223,0.6395173,0.11218017,0.84693134,1.1259043,0.74755996,0.22777286,0.40962383,0.9228373,2.5623753,0.18692236,0.18976812,1.0157167,1.5344111,0.13031755,0.004086258,0.1803583,1.153712,0.34328687,0.009394495,0.010857345,0.6953011,0.5004974,0.14688437,1.0177599,0.45580256,0.18412071,1.20377,1.0867965,0.29641384,0.21275695,0.97528,0.5544068,0.4563266,0.46208015,0.68720347,0.38388392,0.68637294,0.54184324,0.71517646,0.08962076,0.73140824,0.21823423,0.47180036,0.24582438,1.0239346,0.32615247,0.7471292,0.008920947,1.1975878,0.7660493,0.18860187,0.65623504,1.2218553,0.014253257,0.24745454,1.5216427,1.2889907,0.92200136,0.5908623,0.23577449,0.8975475,0.59084046,0.50538385,1.0583974,0.5653197,0.054270413,0.060939766,1.08021,0.2677553,1.2463564,0.15231048,0.26053283,0.29441482,0.48994312,0.6112516,1.4438418,0.48936075,1.3222865,3.1061504,0.03925535,0.49639082,0.41028574,1.7188355,0.25206605,0.3794917,0.0062744617,0.2990949,0.2421347,0.5824834,0.18987289,2.146849,0.103272185,0.28935573,1.2720339,1.2045074,1.8108714,0.026859231,1.0283108,0.08033721,0.39447162,0.8832543,0.22297207,1.9537764,0.17325327,0.46408316,0.8173099,2.6014338,1.3060677,0.4953691,0.9829038,1.6211032,0.70911366,0.1658907,2.7609181,1.7790364,3.6969528,1.8910363,0.68347865,1.3125272,0.8575369,1.0001281,0.4568362,0.098640606,0.18859774,1.7017604,0.045043774,0.41254565,1.2054538,0.72060037,0.039180204,0.35947323,0.7210027,0.6936133,0.5830432,0.10486526,0.44260406,0.72085375,1.5109446,0.35134646,0.1920027,1.9693644,0.60405016,0.10441613,0.5520251,0.43515068,0.338582,1.2413304,0.44301426,2.4968326,0.19253549,0.24520068,0.1440189,1.2463549,0.5263622,1.495345,1.7537553,0.6150663,0.98206437,0.54844207,2.4655244,1.4236846,1.2809099,0.46931297,0.0012718252,0.9189426,0.5033499,0.10917934,2.509723,0.1669712,0.091347545,0.16231294,1.4584901,0.026814345,0.20585208,0.24916925,0.30692163,0.07996028,0.31419158,0.48330083,3.5824354,1.0175636,1.1006454,0.22877009,2.8057158,0.10918211,0.01658982,1.3104017,0.44818693,0.31971774,0.8585409,all_pothole_images\pothole_images_new_image_1199.jpg
0.40922782,0.06519178,0.019035,0.19802566,0.7040918,0.009477219,0.0006869142,0.73753226,2.333064,0.0,0.5401196,0.38202697,0.0,0.40599725,0.099865854,0.0930826,0.0,0.63263625,0.026126364,0.09690882,0.68165183,0.11015839,0.4824654,0.74599844,0.7667922,0.0488542,0.02206687,1.8061199,0.0,0.0975725,0.08882039,0.17074531,0.21460375,0.00589814,0.008077941,0.3266632,0.03262412,0.21727729,1.4253359,0.80631006,0.24300009,0.024122642,0.1218091,0.17661731,0.32252452,0.16851872,0.033519085,0.17180394,0.3408348,0.7647077,0.06507875,0.27770448,0.41140774,0.030251605,0.15278889,0.0025543284,0.006485265,0.01854011,0.0,0.18242869,0.4476774,0.13619933,0.014330887,1.4737866,1.4878384,0.21242526,0.0,0.0,0.0,0.017616998,0.25363287,0.88666236,0.0,0.31264246,0.4811599,0.0,0.4349252,0.30350435,0.0,0.08051448,0.0,0.45680225,0.22484633,0.24203767,0.0052803676,0.5797629,0.0,0.16774637,0.52124643,0.062922955,0.11620665,0.5763578,0.3683571,0.0,0.2856573,0.51049703,1.2101125,0.11044947,0.029075094,0.26237494,0.01776503,1.4606373,0.01482503,0.0,3.4900248,0.0,0.06617089,0.39416903,0.3263332,0.82883126,0.094909325,0.10880572,0.17536321,0.023040576,0.010552796,0.46299064,0.0,1.0111846,0.54151833,0.6450535,0.7427536,0.00059587404,0.0,0.9705209,0.16957965,0.76790303,0.1220739,0.0033848062,0.0706433,0.028798016,0.0,0.09282536,0.0015475767,0.092118874,0.0,0.32573736,0.37556964,0.13127734,0.23080249,0.0,0.1976213,0.005508517,0.015724268,1.0463843,0.38061276,1.3485042,0.0,0.0,0.2651903,0.0,0.19301741,0.78447753,0.17632507,0.63945425,0.40504423,0.6390475,0.08701058,0.11221247,0.190766,1.3793554,0.16121396,0.32833102,0.27935153,4.119247,0.23113659,0.04669665,0.39975816,0.16376828,0.1623202,1.4692266,0.0,0.18078718,0.08254958,0.0,0.06559396,0.611436,0.005506868,0.00048786926,0.0,0.099993974,0.16551602,1.0042866,2.1380293,0.5433168,1.7754644,0.071151786,0.0,0.006485154,0.84483945,0.0,0.07051077,0.27728313,0.26335412,0.027838422,0.5737784,0.46033788,0.8755488,0.0,0.41009676,0.0,0.30211678,0.8463926,0.0043272213,0.03219768,0.4643423,0.0,1.230857,0.057876687,1.081343,2.4083335,0.0,0.02946787,0.015181391,0.04019772,0.10581157,1.0124341,0.68657935,0.020347066,0.061893336,0.6200459,0.2469779,0.02109068,0.02936877,0.52453065,0.022212101,1.6278471,0.54386914,0.21883866,1.977739,0.95785624,0.11302364,0.07705882,0.0,0.2745587,0.18498665,0.005248126,2.0647821,0.014440435,0.12707871,0.036175948,0.8978267,0.42076924,0.07376394,0.16219245,0.3773559,0.0035116433,0.095323876,0.25035945,0.05134579,1.818065,0.18606828,0.039034184,0.030635936,0.05864116,0.11579504,0.0059361206,0.1333051,0.14918801,0.020364463,1.2654871,0.055272207,0.32440758,0.23501396,0.120372854,0.3326667,0.5425077,0.01916137,1.0507725,1.0998088,0.033007286,0.0,0.0,0.6175034,0.404509,0.5329673,1.0361472,0.06501573,0.95791376,0.0,0.02727294,0.63192606,0.34847936,0.3017459,0.25308126,0.24915196,0.041073482,0.30616924,0.057762004,0.38719738,0.022848153,0.012675061,0.3497628,0.028018966,0.22171074,0.6291273,0.012246916,0.0,0.0,0.22681466,1.0602589,4.273715,0.010533444,0.029425018,0.01962597,1.609157,0.0,0.0,0.03944815,0.044164483,0.120363645,0.01757269,1.041646,0.43885192,3.6053147,0.06378132,0.0,0.0,0.65726876,2.1363053,0.0,0.0106152315,0.11596422,0.27166677,0.11082993,0.4571203,1.3039132,0.47485846,0.0,0.0015186904,0.006282251,1.3809321,0.010032332,0.0,0.11550713,0.18852498,0.024907686,1.756065,0.0052634324,0.0025161365,0.79581374,0.011866637,0.0,1.7768496,2.8168864,0.026109554,0.008803871,0.0,1.1182708,1.2121619,0.06254906,0.0021538076,0.31690714,2.2949287e-05,0.116676636,0.008836849,0.0,0.21494928,0.114949845,0.0,0.24857663,1.2461253,0.28769237,0.3638648,0.35469925,0.34509635,0.0015378691,0.011144296,1.2792014,0.7615853,0.024655834,0.0,0.06459001,0.3558223,0.29004875,0.54335535,0.23839185,0.004363461,0.044764105,0.1963267,0.25719303,1.42356,0.0710784,0.50034887,0.030119881,0.03428284,0.02326696,1.2488624,0.0,0.0,0.48346782,0.6468061,0.16155039,0.037650995,0.5549974,0.0,0.22920471,0.2061317,0.10815083,0.011139821,0.6589873,0.31337994,1.0981323,0.0029259508,0.004703591,0.8383386,0.00884801,0.7728279,0.0,1.0287216,0.35964537,0.8587754,0.001298384,0.1490459,0.037607376,0.14720614,1.7022263,0.6214581,1.4100463,0.69798404,0.2489036,0.47760174,1.033535,0.06887582,0.0023716178,2.9065502,0.18716101,0.07862692,0.21961485,0.64321285,0.036497053,0.20717616,0.09741128,0.4343436,0.43287575,0.5481647,0.20789735,0.0,0.38020027,0.022883289,0.06717297,1.681397,0.0,0.0053262613,0.0,0.0,0.4243462,0.0024682968,0.50716394,0.016931864,0.21108001,1.5134094,0.012397509,0.011050185,0.0,0.63123953,0.10058326,0.18814394,0.06412449,0.17477152,0.3132521,1.2593907,0.05361157,1.1540235,0.43275857,0.0052185464,0.12674944,0.3835274,0.0,0.27305287,0.02041566,0.16809797,0.8069893,0.20302352,0.045408763,0.62836254,0.18089873,0.51421237,0.03258782,0.4338566,0.033240817,0.16011526,0.09087006,0.07993202,0.041734222,0.103103474,0.117590085,0.0,0.06194323,0.39261284,0.008883333,0.18346237,0.0,0.046573244,0.008280763,0.17303832,0.0,0.307812,0.0009356316,0.004239526,1.1783302,0.17968617,0.6099772,0.46754485,0.09606075,0.019425742,2.692759,0.1269031,0.041776165,0.13872933,0.27256075,0.4938146,0.019576367,all_pothole_images\pothole_images_new_image_12.jpg
1.3591715,1.4186183,1.0162966,0.2056038,0.49190623,1.0571896,2.067291,0.51848054,0.3377181,0.33759633,0.2106882,0.64788496,0.04942162,1.1365498,0.57125825,0.14299609,1.1753739,0.0066146087,1.6477997,0.0010123885,0.8699004,2.3919451,0.13639593,0.18272065,0.2214633,0.23925285,0.23098014,1.8635643,0.12433434,0.47255418,0.047017086,0.02375591,1.1836425,1.2927399,0.36510485,0.6050922,0.13501558,0.74563646,0.60127234,1.5717806,0.00046070357,0.016978875,0.37209576,0.3142965,1.0820612,0.6053759,0.009527049,0.0014829928,0.05531748,1.556862,0.64786106,0.6485655,0.5978784,1.021568,0.005958462,0.6511172,1.0800713,0.17601664,1.5775523,0.11237454,0.6300893,0.93015265,0.7849967,0.14671917,0.45923987,0.45119986,1.5560842,0.6208999,0.6807021,0.43310767,0.9913389,0.023052918,0.32808295,0.751111,0.29715055,0.5281812,0.19861053,0.5146208,0.21235965,0.79036087,0.38299263,0.1028186,0.1331225,0.8396266,0.6520321,0.5342491,0.1481472,1.2643849,2.188047,1.0968146,0.7027651,0.01779313,0.3721084,0.29269102,0.11345906,0.4041876,1.107889,2.0643914,1.3020085,0.09186495,0.0,1.6260968,0.7289979,0.07694652,0.52585435,0.19134338,0.30697146,0.50423414,0.46502486,0.15132467,0.38310957,1.2536296,0.9281442,0.23255114,1.0513082,1.3738457,1.5126745,3.4464447,0.36097208,1.0022523,0.39563867,0.3518867,0.29068252,1.3565066,0.44660193,2.3916714,0.57675105,0.9105067,0.91045064,0.631223,0.20492275,0.92850685,0.5417142,0.29530427,0.23814324,0.09692081,0.0,0.7779186,0.052077487,0.43140188,0.89319265,1.1837147,0.14331354,0.19259596,0.6401079,0.6298698,0.4450941,0.08616076,0.016553214,0.7869493,0.59381473,0.07802465,0.3259077,0.012032295,0.2146274,0.24706587,1.2701528,0.0,1.3969929,0.38765037,0.6342293,0.8072497,0.29132676,5.9597964,0.34165227,0.09640273,1.8481946,0.37560257,0.77326685,0.0,0.6524644,0.265083,0.32564658,0.4172186,1.560815,0.118090585,0.48987213,0.07570116,0.089463465,0.6868711,0.960016,1.1753142,1.1478558,1.9025356,0.6552607,0.5935164,0.17718703,0.05226648,0.6325056,0.8286095,0.2797676,1.1960154,0.02257195,1.3347676,0.46011928,0.06792211,0.54654676,0.063267395,0.09933573,1.4286944,0.02724893,0.38206792,0.10392874,0.045297943,0.59905165,1.5340663,0.69220424,0.5276291,0.8719459,0.07793303,0.023933431,0.8821826,0.7264362,1.7610682,1.1264392,0.38236555,0.5808908,0.0052523003,0.41445383,0.100046225,0.24129264,0.15362428,0.07364739,0.33107913,0.28774613,0.74549955,1.050439,0.49000922,0.6281098,0.03747305,0.27589086,0.30949888,0.34518355,0.25014994,0.2299683,0.0,1.5454677,0.090726465,0.0046796184,0.08165643,0.11677352,0.029714005,0.0031134665,0.16868377,0.57417333,0.048318308,0.1096078,0.08607329,2.298995,1.1979893,1.8553783,0.30087304,0.05566043,0.14151673,0.5376964,0.37836385,0.4620634,0.23984846,0.6342177,2.1784084,0.08074538,0.18957005,1.4918103,0.12446538,0.886461,0.22168772,0.061819617,0.6051405,2.795942,0.024559505,0.37480295,0.2140625,0.15453166,0.95552784,0.27551612,1.0237039,0.37553382,0.3258988,0.72644913,0.13313685,0.10615767,0.4971484,0.08123995,1.4060369,0.9387411,0.16989174,0.58713037,0.096906446,0.121395335,0.13794059,0.81601053,0.45370513,1.8382086,0.24266729,0.5717162,0.12429352,0.7044183,0.46047235,0.8283428,0.49011603,1.292114,2.0360901,0.36733618,1.5094646,2.1695285,0.39955285,0.0,0.11988981,0.605553,0.9517386,0.33647183,1.1056036,2.3959959,0.8654657,0.0047939834,0.7021772,0.7303239,1.4497131,0.70319456,0.019702137,0.9533946,0.095180705,0.16189797,0.11039814,0.02696399,2.1359634,0.3418001,0.053394094,1.2330652,0.16179436,1.0609877,0.7507156,0.020197554,7.3619467e-06,0.27237934,0.819985,1.5725001,0.31674474,1.2017922,0.6552422,0.21090297,0.49087197,0.022059493,0.24202774,0.46230432,0.029004958,0.71254295,0.3837339,0.28985098,0.40345827,0.019263474,0.7724969,0.9201315,0.8987518,0.28524417,0.3942027,1.0078542,0.08609597,0.28546193,1.1988645,0.052797977,0.16827399,0.47218198,0.41937262,0.04175242,0.16085176,0.21279608,0.24340916,0.21327347,0.95682055,0.9693067,0.6481697,0.6728274,0.089773096,0.9678704,1.6725624,0.815373,0.06618067,0.03725908,0.19068821,0.6667751,0.13065425,1.9768324,0.54537773,1.0878414,1.2834291,1.3614898,0.25244468,1.3245672,1.6183571,0.96187466,0.2372162,0.1707555,0.39369982,0.013736852,0.15781192,0.77854294,0.23640259,0.25254425,0.16696022,1.1776093,0.2403297,0.21627727,0.37472305,0.3219965,0.0,0.37055346,0.3112696,0.19998865,0.8647461,2.1834354,0.55809855,0.8549548,0.028760454,0.88781136,0.377718,0.5097572,0.62652177,0.35672924,0.028785538,1.0873736,0.74723816,1.564413,0.2257135,4.059225,0.015447979,1.1609151,0.8080199,0.63543344,0.34806418,0.8937457,0.0036814932,0.87727386,1.0419291,0.44869137,3.3693736,0.5114232,0.21313025,0.12486802,0.80786616,0.4372972,0.28069967,0.0888882,0.5593193,0.17647797,0.10216152,3.3432293,0.5166688,0.11026712,0.45811227,1.4920021,0.5157678,0.3896972,0.35615882,0.12466321,1.2153376,0.4024792,0.6287236,0.40754095,0.90141356,0.850659,0.72613245,0.707157,0.40298527,0.6362051,1.0319451,0.38584983,0.014232064,1.0062431,0.35945666,2.0379345,0.49381706,0.26052248,0.08431175,0.8635395,0.3798461,0.1297858,0.20069736,0.22237259,0.8653091,1.1416976,2.0169368,0.49330053,0.12078772,0.0,0.2526079,0.60884106,0.041346643,0.30078328,0.41511562,1.5712727,1.0301274,0.15211502,0.43696684,0.22089407,0.2286564,0.6110029,0.19309841,0.059199464,0.43886504,0.27055928,4.4329567,0.05907531,0.8479366,1.1465148,0.43297046,0.0009888711,0.32165095,0.08633843,0.69068843,0.5089042,0.33438337,all_pothole_images\pothole_images_new_image_120.jpg
0.55957615,2.3039315,2.3637555,0.10429762,0.018416584,0.75191736,0.16788045,1.3213686,0.34163755,0.54315144,0.036160965,2.4430668,1.3436494,0.5714608,1.9193652,1.7080103,1.0506561,0.44099176,0.64202887,0.6339407,0.0040986133,0.37101176,0.8879993,0.9013596,0.97715646,0.37646765,0.10358097,3.729563,0.4711196,0.60809594,0.40743402,0.5096731,0.4927942,0.09756779,0.5071444,0.45193896,0.43965796,1.58831,1.166811,0.2058484,1.1215293,0.8107435,1.2604051,0.03421021,0.3054821,0.41187695,0.24840292,0.12278212,4.072089,0.97510874,0.22140224,0.7776036,0.6516358,0.19868116,2.1105816,0.14745516,2.2706318,1.0865108,2.085845,0.032882288,0.7246662,0.29963568,1.2670524,0.06677186,0.70327145,3.1877759,0.4884602,0.3189551,1.2724539,0.5827861,1.5168248,0.5395997,1.71437,0.27494743,0.75488025,0.4000469,0.14874204,0.52452844,2.137945,2.47705,0.34279957,0.63759536,1.3153143,1.8805249,1.8796685,0.21476237,1.2206696,1.0332088,2.3271813,3.1196883,0.04882207,0.68916523,3.2524548,1.5560665,0.95595866,1.4433491,1.52243,3.497734,0.91195285,0.26139233,0.84816444,0.5306815,0.22705181,1.4091748,1.7669619,0.83755213,2.8035178,0.053489227,1.7015986,0.37150168,1.6171308,1.786609,0.0,2.7399068,0.8032137,0.9315629,0.84364754,0.85029966,0.8919726,0.33316997,0.5976535,0.043214604,3.9968684,0.7794221,1.8860469,1.144595,0.66675335,0.45018387,0.9727277,1.7717531,0.3211364,0.7525544,0.7729682,0.6965369,1.3949784,1.0118184,0.13929087,0.1252569,2.0531087,0.253646,0.43202806,0.69488513,0.4367141,0.15761594,0.34552768,0.028434264,0.03443013,0.014561729,0.1643245,2.8745778,0.57424736,1.3093966,1.63016,1.5895821,0.55526197,0.0,1.2350112,1.339281,0.7108583,0.049082015,0.30099392,1.1197177,3.432246,0.4432925,0.3763115,0.18764943,3.0552983,1.2133515,1.5527244,1.0740705,0.39758262,0.19625919,0.029081786,0.44201222,2.7333612,1.3316804,1.7707183,5.727242,0.7874016,9.540272,0.77888095,0.027243895,1.2494217,0.8162684,2.2824318,0.8730934,0.63109386,0.07045537,0.11501799,6.0007024,1.3375069,0.17509106,0.89639866,1.973275,1.9519918,1.3505815,0.15946944,1.2675999,0.49062178,5.4296174,1.2770679,1.594964,0.5773712,2.6575735,0.56132317,2.6419282,0.23942432,1.1440802,0.17097053,1.81806,1.1710658,0.6049179,0.94974923,0.26070198,0.1245583,0.70405835,0.27949262,0.16245565,0.39196488,0.32760075,1.1170329,1.1820556,0.2481125,0.40760165,0.0012897337,0.013830222,4.6010056,3.030651,0.37685227,2.7989218,0.9900987,0.0,2.3334465,0.014757335,1.0631719,0.16766778,0.72282743,0.23736845,0.19184509,0.35444075,0.4360067,0.12524503,0.4546021,1.8600372,0.1121215,0.0609452,0.2798625,2.4639812,0.89758176,0.5278387,0.5099329,1.1726737,0.6222161,0.063934654,0.69191414,0.18867168,0.37273324,1.8264298,2.2162993,0.2315669,0.055922084,1.7314562,0.8445648,0.46241271,0.007329443,0.60398555,0.98887414,2.3422208,2.1692517,0.05577053,0.0,0.40668958,0.25444335,0.6924267,1.2659944,5.7124043,0.5271464,0.47495145,1.6105497,0.36047718,0.20338354,0.07553773,1.2161015,3.2313337,1.9571259,1.0795496,3.9737206,0.32542348,0.7827919,0.16640835,0.9908906,0.8951582,0.006374765,2.3820438,0.087115206,0.10556584,1.3324077,0.2059817,6.3112226,0.17431475,0.08251096,1.4002066,0.023137012,1.2640734,1.7536598,0.4162069,1.7187232,2.1774502,1.5442108,0.10126626,0.40200415,1.5310712,7.083055,0.5347268,0.19945689,0.7099407,1.4546062,0.12515879,2.3905065,0.29646853,1.0446035,0.105325334,0.31308016,0.0497553,0.120126,1.9690344,0.27218595,1.3520459,0.28505152,0.20372342,5.218654,1.906036,0.44454315,0.4766327,0.25712818,0.931667,1.1392965,0.007352886,0.36633956,0.13987833,1.199292,0.20397116,2.2604768,2.192364,0.6410243,1.4897174,0.15409212,0.55023247,0.14874117,2.0529265,0.040257674,0.84731215,0.10373799,0.09137101,1.4957638,0.11232148,0.07842115,2.094081,0.29133666,0.27812093,1.1244967,1.2808453,1.0076027,0.047016874,1.0841293,1.318506,0.4361869,1.5406847,0.10573808,1.2372978,0.42278716,0.53850514,0.15124458,0.298269,0.07464075,2.6693695,0.57013553,1.749461,0.7412458,0.26768675,0.37817553,2.5427265,2.9903028,0.56665206,4.669349,0.09257927,1.2831007,2.3614488,0.17308429,3.4417787,1.638925,1.6555829,1.007589,0.48011413,1.1143315,0.5087322,0.36081484,2.088216,0.746499,0.49523926,0.8909712,0.17329407,0.8321158,0.639802,1.4195615,0.023819244,2.566461,0.6751761,1.2161747,0.36372876,0.19074777,0.047323264,0.23945528,0.27668983,0.6674643,0.1877343,0.33178556,0.05958113,1.7021999,0.14189118,0.38668346,0.2753403,0.23869352,0.52470255,0.6082264,0.010379749,0.037994064,1.1509292,0.044516332,1.8775961,1.197766,3.1434107,1.1900852,1.1489053,0.5265178,0.6798941,0.5862748,0.023727022,0.18818069,0.42016697,0.0,0.41476583,0.8271307,0.17852503,0.58952135,0.57477766,1.6353556,1.1421376,1.4032443,0.3398201,1.1495743,0.6577878,1.3342444,0.7946697,2.5535455,1.0617458,0.13484506,0.4622038,1.4169378,0.67509115,0.14542948,0.042413488,0.7545324,1.1277114,0.12913269,1.3498394,0.49623898,0.68440765,1.5447761,0.23422031,2.684301,0.3411043,0.031012448,0.98029363,1.0194963,0.23160721,1.7425706,0.7497874,0.5766884,0.1667754,1.1459455,1.0968795,0.7887534,0.8232193,0.08407313,0.13664316,1.4673488,0.0,0.26734558,0.19863856,1.6763059,1.3308644,0.25219387,0.257036,0.15705727,1.8850704,0.21949717,0.23965181,0.9023657,3.958643,0.2547328,1.7003665,0.5310981,1.6275709,0.55084157,0.60621333,0.69737524,1.4850049,0.7909693,1.2157438,0.0388796,1.4446197,all_pothole_images\pothole_images_new_image_1200.jpg
2.491897,1.0176309,1.7753445,3.1561573,0.29751688,0.48238188,1.7444427,0.9267356,1.3937999,1.4952862,0.37043256,0.9173589,0.008424687,1.0037994,0.007700653,0.5783178,0.022922413,0.5475454,0.7422315,0.18360655,1.6104589,0.4457653,0.002145404,1.0810032,0.206646,0.07723563,0.19410479,0.022664063,0.11048328,1.8931277,1.411453,0.6764487,0.9440404,2.9676743,0.274492,0.101388246,1.2799911,2.6227114,1.9335731,0.35274607,0.03447491,0.0019263879,0.5319434,0.080067106,0.7340353,0.34615248,1.7761055,0.0,0.33042288,0.6124477,2.701098,2.874224,0.6413533,0.2354791,2.1774588,0.10729519,0.43304768,0.07214991,0.7713544,0.048408613,0.31055403,1.1523607,0.002213524,0.41759205,0.2593052,0.54521567,1.3905047,0.29541066,0.59515154,0.14558531,0.2775893,0.77083445,0.78155386,0.073688574,0.28433165,0.028467027,1.9693768,0.8339158,0.046125904,0.108440794,0.21028754,2.6814818,0.37102178,0.9114047,2.25364,1.599723,0.04762418,0.36442176,0.21603902,0.0019372504,1.6467415,0.09435747,0.100525,4.7721806,0.61185825,1.5286558,1.8667071,0.2832293,0.0,1.2402993,1.2379425,0.62661386,0.93956375,0.34379163,0.30869192,5.873013,0.22375491,0.0043914155,0.21552156,0.28056568,0.07132574,1.6437873,0.14017776,2.1851382,0.14188899,0.0008114711,0.61266696,0.0030952939,0.449841,0.45475084,1.0648291,4.1041894,0.010691086,0.097643614,0.7415527,0.03589612,1.7211595,1.3393087,2.0211751,4.8090377,1.3379563,0.24139175,0.78509456,0.29905084,1.2425417,0.26239285,0.3156538,0.2122932,0.41601905,0.48592725,2.088705,1.0914708,0.6453735,0.65234584,3.1814566,0.1691482,0.4507797,1.9632164,0.27323142,1.412683,0.011651887,4.542576,0.3139244,0.33615142,1.0543866,0.0021659834,0.7724174,0.37434652,0.0028119644,0.24367203,1.4896225,0.20038229,1.0913692,1.1627765,1.6788815,0.8775796,0.54487735,0.24071962,0.11182401,1.04366,0.40938783,0.7992267,0.14574677,0.28625244,2.3943908,0.6145145,0.09204105,0.0026213478,0.21721472,0.1322147,0.7498794,1.3715444,0.043556467,0.41088983,0.23590986,0.09005375,0.0,1.7404008,0.04163958,1.1715957,0.9773408,0.88307095,2.273933,1.0071789,0.0,0.9732903,0.2630254,1.4360105,1.8763901,0.21151975,0.2927797,3.1774585,0.8614998,0.90745366,0.0761132,0.33808783,2.3530488,0.15233573,2.913084,0.11089005,0.9210854,0.65443826,0.9702374,0.507994,0.14545716,1.8043551,2.0479152,0.059985146,0.02224169,0.092614815,0.08925498,0.3625767,0.87414235,0.370642,1.3303986,0.29606694,0.39934024,0.12210957,0.27153116,0.027123388,1.4419892,0.2274022,0.2998932,0.20736083,0.15160282,0.038449366,0.7918312,1.2906086,0.18825711,1.3659496,0.23972952,0.20936966,2.1488268,0.34474105,0.3672423,0.16306746,0.08560187,0.09950381,2.24151,3.2175348,0.30697718,1.559637,0.3539804,0.24121408,0.21869558,2.2533853,0.16499814,0.1090589,0.43110174,0.15866692,4.280326,2.1577137,0.26175803,0.40238553,0.22885393,0.91842127,0.22551855,2.6652744,0.4443803,0.4497523,1.0621048,0.8572078,0.38310206,0.6530331,0.00033441125,0.6902206,0.57587814,0.096233785,1.8438095,0.93544734,0.78604,0.57779783,0.5397021,0.99775803,2.602386,0.01898914,0.5939465,1.430892,0.36632302,0.13250852,0.024204932,0.042627692,0.15915138,0.16858427,1.412253,0.4816941,4.506714,0.1769289,2.6912467,0.46495873,1.2644781,0.22422914,0.794429,0.26686013,0.7234696,0.29319188,2.2695484,0.25037408,0.11863936,0.21084253,0.17056045,0.6705087,0.26061293,0.22060767,1.3529308,0.7889927,0.2444661,0.29492465,0.34531862,0.5030714,0.39254767,0.0660569,1.7389035,0.735343,0.10716411,0.5277749,1.2030716,1.5168289,4.4334517,0.1577492,0.4322628,0.010072801,0.09940108,0.10329444,2.406506,0.056221057,1.7662491,0.43203,0.29636073,1.0706061,0.30477896,0.72165895,0.524826,1.8493003,0.15025961,0.7870814,1.7638774,0.41701472,0.19305512,0.22068939,0.37906328,1.6156255,0.25935858,0.37028533,1.4674028,0.5418438,2.6429167,2.7170818,0.106851995,1.0409352,0.78005004,1.6716326,2.1067147,0.6957748,2.5935192,0.23531504,3.3582642,0.082890674,3.466866,0.7917412,0.35827637,1.6844568,1.760615,1.5569551,0.42604032,0.24642582,0.7311647,0.46389,0.78720504,5.163567,0.28024524,1.3568257,0.36043274,0.4657038,0.2903915,0.5201217,1.0589375,1.603368,0.026632905,0.32112452,1.5642418,0.29910597,1.2310938,1.3126725,0.13494077,0.0,0.02175817,0.79390234,2.2227476,0.24917257,0.035500742,0.08754903,0.0,0.7041738,0.430778,1.1728877,1.3454992,0.1871636,0.047368884,0.13610296,0.64371264,0.3060738,0.028534357,0.118331715,0.93636614,0.0030735012,0.9314385,0.09418723,0.5205819,2.4185123,0.07634182,0.822876,0.25595397,1.1193975,0.038626708,0.25372455,1.0158272,1.4920834,0.0,1.8232006,0.07218947,1.3018636,1.5207078,0.0,0.40221024,0.02137456,1.164132,0.030783363,0.7313418,0.28323847,0.19654445,0.4222981,0.072050765,0.20326677,0.61520314,0.51067364,0.6429457,0.10390013,2.6182826,0.69947404,0.005982574,0.52701604,1.6338843,1.9355012,1.0558254,1.9818071,0.8223528,0.82838327,1.8712941,1.7676927,0.37529442,0.93808264,0.013975465,0.47004107,1.9363766,0.7287787,0.22534584,0.085878596,1.6160161,0.7631411,0.102832094,0.4315419,0.7413194,0.5672817,0.2141992,0.029478136,0.12342221,0.39399943,0.010806063,0.13388419,1.2790909,1.3753061,0.5643932,0.5737284,3.7774458,0.6890488,2.1961477,0.9642544,1.7460334,0.061896436,0.8495827,1.085537,0.8669666,0.4615343,0.0,0.0,1.1908141,2.149008,0.0042675836,0.27371594,0.56191033,1.1874117,0.34983647,1.3535819,0.7338727,0.007156404,0.6336558,0.026390778,1.770667,0.23187403,0.0,0.0,all_pothole_images\pothole_images_new_image_1201.jpg
0.09898026,4.728053,0.7086869,0.47843197,2.432137,1.2829967,0.16333295,0.011855763,0.19556881,0.35762933,0.29342857,0.17204167,0.3726878,1.7367294,0.15284373,0.330863,0.45572865,0.2448343,0.088149205,1.8203646,0.41808575,2.4982045,0.79780483,2.4244673,0.14281596,0.8792748,0.7506484,0.4038239,0.5263691,1.0910993,2.2649918,0.6208207,0.22676726,0.22140837,2.3477943,0.17327699,0.446112,0.65358806,0.095280536,0.44628653,0.23895556,0.05566926,0.00771219,0.80517894,2.686833,0.002016013,0.06451601,0.29237694,0.11398727,0.22366622,1.7301427,0.6341516,2.1308706,1.4710975,0.00043880817,0.39383933,1.8225455,0.03574088,0.7187513,0.0048068073,0.072155565,0.062290683,0.7533422,1.1362488,0.13850144,0.51942796,0.37582353,0.7791522,3.6728396,0.30308425,0.54288644,2.4591157,1.0170861,0.14617035,0.25839847,2.9272077,0.21305421,0.32456213,0.13010286,0.059106078,0.40010926,0.91193557,0.12326311,1.9656085,2.1222548,0.04231088,0.10434543,0.47058782,4.8057685,0.07261998,0.608305,0.88285255,0.7480777,2.3220794,0.6217286,0.20117877,0.16719148,1.0272483,0.07737717,0.6056251,0.4249943,0.028823894,0.07106609,0.7927157,0.66064453,0.50379366,0.13410142,0.0,0.0,0.88044137,0.64639354,1.6962516,0.50937533,0.6693303,0.37347567,1.9865547,2.1027703,0.46011585,0.2993356,0.20112097,0.59290975,1.7131828,0.52292305,0.023334147,0.6502444,0.824589,0.22138001,0.01297476,0.6770409,1.7292954,2.3819854,0.44817665,0.39747113,0.035287626,0.71058154,2.689608,0.6696323,0.2168437,3.318561,0.097598515,0.74035317,4.047955,0.5388013,1.651046,1.8899671,0.37028745,1.0068659,0.18476354,1.1590809,1.7745149,0.11685363,1.7477641,0.2762989,0.12045194,1.2261364,0.47412357,0.15548706,0.94417435,0.26890486,1.2843325,1.5648887,0.3428209,0.3301753,1.2873276,0.06974688,1.0269634,0.7501348,0.008607372,0.6259456,0.07013527,0.6318072,0.15594128,0.44013652,0.41886756,0.75126195,0.09703446,2.2127068,0.13573414,0.56042135,0.20721914,0.16296996,0.34994638,1.7980878,0.53106993,3.4835465,1.0145342,0.95999205,0.07031512,0.7392589,0.07957405,1.4781429,4.567769,0.3788716,1.965048,0.41591528,0.31803268,0.01057526,0.5351086,0.2913152,0.47431895,0.017085465,0.011416775,0.23893227,0.021547757,0.14429365,0.84077716,0.13334179,0.09761008,0.42570385,0.049547266,0.6132452,0.480723,1.425617,1.1079348,0.327635,0.15333024,0.03168481,0.8362054,0.17841226,0.5938979,0.2355133,0.08929988,0.74966234,0.63296425,0.1217846,0.08626499,0.23928905,0.009950084,1.3785995,0.03396463,0.014708984,0.65586644,0.35482347,0.43659902,1.3552064,0.7887727,0.6920462,1.115051,0.24433386,0.15897729,0.3944012,0.4314697,0.28800282,0.31605896,0.03984549,0.4869609,1.3094673,0.11425912,0.27170944,2.6319773,0.04686934,0.025737671,1.3993102,0.008540263,0.38914856,0.467718,1.4230028,0.11150823,1.2274576,0.9602809,0.6015178,1.9685158,0.571979,0.23073344,0.7957111,0.5015832,0.083929755,0.63952345,1.0829091,0.90146863,0.5077433,0.04121979,0.10554203,0.5140071,1.1926557,2.0851429,0.81726205,1.1238605,0.12189036,0.16807862,0.007871737,0.57278997,0.29761726,0.34944177,3.1484363,0.11253087,0.23816933,3.2747247,1.0490024,0.2453528,0.19164526,1.8806489,0.010720681,0.86896944,0.9301492,0.24962509,1.522396,0.20825572,0.6632152,0.37166595,0.055159777,0.49146768,0.18152232,0.40181863,6.0776935,0.9759899,0.6922095,1.1667416,2.2428644,0.042154953,0.12576823,0.21418217,5.1199346,0.3139612,0.6011066,0.49553835,0.113274366,0.513658,0.5651469,0.19342811,0.31049854,1.3246666,0.05970545,1.076137,0.7407029,1.6025609,1.5063741,3.038561,1.0109909,1.486623,6.6691933,0.31473884,0.98298633,0.024215134,1.8197643,0.87847346,0.8644939,0.46328568,0.58994627,0.5099792,1.2123483,1.7136465,0.3255097,0.22397634,0.5146658,1.4443411,0.39299703,0.20974973,0.03864796,0.61284745,0.09105696,0.58552957,0.23358022,0.5525707,1.062975,0.207974,1.157719,0.25810543,0.047000855,0.33860284,0.38060558,0.010145639,0.1539488,0.9081538,0.10231132,0.37955633,1.2906618,1.2370611,0.048422765,1.8785073,1.2406814,1.119245,1.0329765,0.49553072,1.0490795,2.12707,0.37291023,0.23511454,0.5837557,0.6149208,0.1998889,1.1716962,0.07311166,0.8748408,5.473115,0.06326944,2.6556103,2.0123997,0.98611516,1.5333107,0.24081926,1.1692673,0.9333423,0.99151194,0.5487882,0.4395356,0.15238653,1.0079137,0.75274163,0.4307816,1.0766277,0.60756516,0.06850155,0.21213442,0.0,0.14649162,0.41409457,0.63808286,0.18668258,0.40199575,0.10393112,0.07042682,0.5494146,0.96664035,0.0,0.3831032,0.3329411,1.3150829,0.07835675,0.3135949,0.35654393,0.1325556,1.6311986,1.1977556,0.4184525,3.7952209,0.7493035,2.6620457,0.001750575,1.6544466,0.5149786,0.22159687,0.69894457,0.53680843,0.56843334,2.7219594,1.2750756,0.26791564,0.30246246,1.5095404,1.7783493,0.013116876,0.17575474,1.70003,0.034508638,3.1390188,2.4891198,0.9795395,0.49482664,1.0099125,0.9023443,0.7805921,2.5691218,0.37666103,0.75955105,0.3445421,1.5386765,0.2834942,0.29580215,0.5780024,1.7170199,0.44335964,0.89395887,0.3546156,0.43757612,0.3881703,0.34840614,0.46310025,1.753057,0.8654796,1.6892868,0.92230844,1.9617636,0.29325822,0.75585914,0.68535215,0.17993475,0.53431493,0.86530834,1.3495531,0.39516976,1.8896013,0.76845235,0.11553355,0.004789435,0.846322,1.6394247,0.16140912,0.5758948,0.0048153927,0.18600601,1.6009848,0.9023294,0.067179434,0.22773781,0.047021102,0.42011222,0.093939796,0.47882646,0.05812469,1.531292,3.266637,0.13329743,0.36838043,0.6519976,0.5697572,0.026111614,2.2701514,0.35758454,0.71117604,0.30065843,0.22600053,all_pothole_images\pothole_images_new_image_1202.jpg
0.6659478,2.0848372,0.1688382,2.3229735,1.3431773,0.84747064,0.15951963,0.67487854,0.80625254,0.89641815,1.2410178,0.10664199,0.37567753,3.5532117,0.3208251,0.8065303,0.1723772,1.4438571,0.36767745,1.7205422,2.001592,1.591554,1.3506567,1.4584479,1.2615407,1.259967,1.793265,1.2454603,0.31547615,2.1934164,0.6770014,0.57458544,0.29341733,2.080552,1.3092922,1.3976952,0.93348545,0.32707384,0.5772429,0.01129102,0.5551545,0.34233716,0.47754282,1.2404757,2.0534909,0.1458232,0.7744065,0.030644532,2.9485414,0.7349442,0.7505985,0.9493744,1.1296394,1.3528057,0.0,1.4180251,2.7660878,0.4611384,1.5849932,1.9137421,0.9456659,1.3993766,2.2730975,1.5761248,0.77145463,0.43086222,0.74660695,0.5604086,1.152226,0.3030744,0.86135966,1.1238817,0.68065983,1.8358642,0.4844487,1.4045326,0.5946841,1.3022214,0.5637901,0.2736782,1.4371578,0.687061,0.49658918,1.717153,0.22137126,1.1614559,0.3947983,0.10994593,3.7030582,0.7330271,0.79414546,0.54573476,1.477966,1.2486218,0.5476687,0.17164452,0.3913658,0.50946456,0.10922576,1.4412661,0.3443085,1.8484802,1.4209157,0.67972445,1.8362031,0.29076016,0.44501075,1.9119692,0.20232679,0.664226,0.350903,0.8980934,0.08339869,0.5498068,0.8011523,1.0991547,1.3119242,1.0637885,1.808533,0.26499474,0.61481017,1.9263984,0.6836355,1.2556978,1.9736494,0.27528617,0.9372401,0.14927411,0.4079053,1.2239912,0.52625334,0.5900079,1.9490339,0.81312084,1.4512382,0.40522727,0.66355085,1.7887986,3.2906833,0.031906903,0.49386266,0.8819771,1.8578385,3.7740605,0.51992756,0.07979035,0.4669517,0.38022867,0.48516327,0.888232,0.495257,0.15909605,0.49431145,0.61299384,1.313432,2.0228796,0.9393518,1.1737741,1.1173763,0.65956473,2.0261474,1.1885955,0.03541228,3.0918946,3.9271507,0.84964126,2.4269872,1.12095,1.3946222,0.4441359,1.454219,1.3738381,2.580153,0.98309916,2.4285557,0.19578706,2.1642063,0.04643873,0.94223964,0.50721717,1.5242026,2.2831705,0.9553988,0.55990154,1.6602885,1.3261883,1.449515,1.7251331,0.5802451,0.5244192,1.8311672,4.6619267,0.0,1.6851809,0.09692288,1.9209977,0.85386425,1.5213978,1.6383692,0.153388,0.34244755,0.62322056,0.72029245,0.12659861,1.1042027,0.9776426,0.07221528,0.38132492,1.6541724,0.07167537,0.97364604,1.1056116,0.45989117,0.91188186,3.0329692,0.47898373,0.21025416,0.4724465,1.4648259,0.6663911,1.1227909,0.0,1.0113553,0.6025202,0.10897627,1.7053992,0.53090894,0.12842509,2.0337403,0.38298976,2.0139718,0.08969553,0.2814285,0.6676394,2.0025578,0.030564383,0.44584328,0.65262204,0.963952,1.1526934,0.23925352,0.6658445,0.78721225,0.9179108,0.36096743,0.63262886,0.38508308,0.57548755,1.5852422,4.412574,0.7175841,0.031084899,0.65179807,0.70360625,0.7801926,0.64904237,0.6370338,2.3859162,2.0073073,3.2359898,1.5197827,0.8905071,0.48957527,0.73167354,1.7119545,0.36173514,0.3669253,2.1192012,1.0921303,0.6334887,0.30025855,0.3474012,1.3418825,0.6716785,0.40671363,0.5461537,0.87687105,1.920786,1.1086869,0.759834,0.25220037,0.815425,0.62349164,0.525749,0.34990284,0.5701532,0.2821959,1.8443438,1.8723462,1.635744,0.3912129,1.6512884,0.22053516,0.74032825,2.3966649,0.4113729,1.243266,0.25836238,0.084762886,1.7283069,0.26049256,1.1118658,0.4615695,1.1909167,6.980782,1.48977,0.1739337,0.10743815,2.3415828,0.2769061,0.15787657,0.8017515,5.2376814,2.8059542,0.46862933,0.5610004,0.24971965,0.7288158,2.5899189,1.1861238,0.08715427,1.277399,2.0079784,1.8121017,1.5741335,1.4510353,0.7488629,2.4615247,1.2485228,2.1352985,3.5906346,0.24944293,0.031637087,0.9167265,1.8292934,0.49447352,1.3615754,2.17514,2.0024183,0.6458543,3.8723185,1.2936686,1.1315695,0.16111703,0.9173227,0.7453375,1.6241888,1.0741304,0.6912658,0.7296974,0.62994313,0.84660137,0.13769627,1.8243409,1.0549544,1.5831856,2.002012,0.9421662,0.3601715,0.20837714,0.5309183,1.2615867,1.2085457,3.4197662,0.5320742,1.1827806,0.76867646,0.98490554,0.0022958992,1.3520107,0.5517475,0.47040457,0.43807074,1.9198331,0.92294043,0.6221471,0.7183769,0.12572841,0.94064456,3.3121703,0.27852246,0.021111155,0.11764267,0.75871074,3.530124,0.46268517,2.2882068,3.9572794,1.0015825,1.4691131,1.4446937,0.6457066,1.406736,0.0,0.9312462,0.259219,0.049882118,1.5666481,0.89311355,0.213475,1.3467432,0.9761938,2.2053673,1.833577,0.1871778,0.17251678,0.6218611,1.0878369,1.1214541,0.44716728,0.49031436,1.5646378,0.8490907,0.46710098,0.43982607,1.126192,0.84638846,3.473677,0.94500554,0.22162056,0.55842936,1.0631433,3.0553694,2.682061,0.9587914,2.0834665,0.828579,2.708538,1.0030911,1.903538,2.3219874,2.0052335,1.3002511,0.8075221,1.0950949,2.8169274,1.9409552,0.35458118,1.2568018,1.35059,1.0466881,2.2434304,0.91936696,0.011521627,0.22500378,1.5697174,1.9849325,1.4028494,0.54732394,0.9583815,1.8507795,1.2144686,0.7086638,2.0574203,0.59594417,0.5190007,2.911012,0.26173407,0.32633656,0.22381629,1.8815966,0.43133387,1.8452008,0.49328285,0.92712635,0.6141907,1.4932289,0.119838595,1.0902475,1.8073936,2.3852375,1.4419538,1.291836,0.7144888,1.1179974,0.11571115,4.692374,0.94900435,0.2984323,0.26090893,0.47486955,1.933471,1.2169412,0.66983193,0.0,0.3822162,1.1494923,0.14867045,1.441556,0.2356432,0.36174423,2.7916732,1.0990311,0.12040323,0.37081197,0.25055692,0.75787157,0.22995727,0.66283935,0.6854566,2.3562045,2.4847167,0.24494097,0.85227454,0.4287207,0.2371682,0.1975724,0.3445496,0.78856254,0.34040666,0.69915843,1.399244,all_pothole_images\pothole_images_new_image_1203.jpg
1.3333081,2.0970113,2.5388908,1.37019,1.9418564,0.6750666,1.0138377,0.53483784,0.8219989,2.12392,0.5077425,1.5364573,0.23913437,1.7626987,0.005211683,3.7666235,0.25011122,1.0359579,0.36274916,0.9757709,1.4186147,0.39572188,2.1766338,1.1471274,1.1746653,1.515848,0.35177496,1.0683297,0.9987863,0.06074516,1.0624626,0.3882811,1.8710513,0.87374854,0.75302917,1.0945109,0.17117839,0.87122756,0.17443779,0.74704367,0.65983284,1.4902985,1.2453018,2.1063786,0.050533634,1.034224,0.63306713,1.1859868,0.4354522,0.18298079,0.8308396,1.6157997,0.35184455,0.4017279,0.54257345,0.04452718,2.1007013,0.12840557,2.170554,0.045976646,0.42185307,0.58602893,1.7691053,2.7334313,0.64798987,0.96101165,0.55515367,0.5016418,0.09281784,0.8107979,0.2997603,0.10950271,1.252599,0.7514385,0.9866233,1.4074053,0.59350985,1.2697073,0.22778106,0.51897854,0.45114914,0.16707352,0.69229275,1.0107362,0.06794916,1.655237,0.4177558,0.3016609,0.34948716,0.66242623,0.3639275,0.9459425,0.54116446,0.55601096,1.1208007,2.9344807,0.31102479,0.8829906,0.06715735,1.4096712,0.37989748,1.019897,1.0152227,0.6375567,0.55459154,0.19268176,1.5639039,1.8637415,0.15386885,0.9064471,0.34640926,0.8255102,0.65584207,0.60357153,0.50123954,0.0819136,0.66407084,0.061673872,0.100607425,0.28215036,0.3011732,0.61022425,0.0076239924,0.6809032,0.50133324,0.41975403,0.12471537,0.11508545,0.726199,0.8724899,0.94692254,0.85418856,0.2139197,0.39540547,0.6294371,2.2978344,0.66896343,0.09878286,0.30788955,0.1619655,1.3152524,1.1905966,1.2303293,0.90393174,1.1918147,1.6104329,0.008556848,0.8440614,1.2527384,1.3767045,3.4447026,0.79158616,0.37224442,0.7933991,0.022219079,0.649862,0.29164505,0.12258857,2.1054437,0.064145006,1.022864,0.17400725,0.18224432,0.034318864,0.314174,1.4837422,0.2572053,0.29758286,1.6108296,0.05817706,1.3666186,1.5004456,0.688982,1.7372371,0.7481886,0.9604162,3.0324943,2.45773,0.46503314,0.22238262,0.14590222,1.0683062,0.8323713,1.601694,1.0363395,0.62720627,0.2088253,0.029980648,0.5721529,0.29578933,2.9646652,0.022884145,0.038534343,3.4043293,0.5261259,0.28828365,1.8255168,0.11512471,1.6607218,3.012917,1.3807445,0.32352784,1.5232363,0.33371753,0.26741368,0.89904845,1.0479764,0.35963598,0.98661834,0.4150611,0.70846665,1.4170257,1.5179892,1.6770332,0.281552,0.72238743,0.50551057,0.21671721,2.823161,0.9385306,1.5074123,0.2541192,0.21025531,0.8218702,0.44823012,0.30273098,1.5866839,3.533538,0.8089191,0.8971773,0.7786194,1.1933756,0.9456847,0.4512361,1.463827,0.16614695,0.41375023,0.48319694,1.5177166,0.26899952,0.23513702,0.19750658,1.5999335,0.29381514,0.6430687,0.06743002,0.1674728,0.5618456,0.444495,2.4014509,0.69803005,1.2131642,0.52447546,0.09462962,0.3720412,0.3141498,0.30994108,0.42241368,3.4959056,4.583416,1.1269257,1.915153,0.14971125,0.316797,0.17502423,0.6128887,0.6550095,0.41418183,0.7088124,1.127964,1.0148258,1.2716432,0.05690035,0.1389086,0.09248916,0.5262787,1.845482,0.3036787,2.3730035,0.6834708,0.38007373,0.19316886,0.5650154,1.6478467,3.408012,0.35852674,0.747161,0.40253285,0.34175542,0.0,0.8901212,1.5548575,1.5482794,0.6374631,0.63075715,0.941627,1.9014282,0.52141166,1.893741,0.9374095,0.0,0.13586415,0.080560945,1.0830119,0.29958528,0.7411466,0.90343463,0.5963576,1.3998891,0.9398078,1.482506,0.9808742,1.5611933,1.266382,0.34390995,0.1316202,0.25157702,0.5209656,1.9401007,1.5564036,0.2786486,0.09749024,1.1359318,1.4732696,1.3246795,1.3284913,1.5111161,2.9119673,2.5267944,0.78712755,0.31724703,0.5132903,1.4172832,1.9869802,0.08271098,1.5176423,0.9801216,0.2733316,0.084055535,0.4044602,0.83536047,0.2080646,1.0453016,0.37568745,1.0377046,0.25716418,0.6369899,0.14659669,0.30998746,0.16207808,0.52687913,2.3543143,1.3963399,0.1623249,0.90148526,0.65566945,3.1371708,2.4477243,1.1748943,0.9547435,0.61440647,0.12322704,2.9097884,2.169502,0.07808063,0.7141927,1.1383184,1.3171918,0.24152713,2.4160364,1.8397341,1.1964805,0.20341085,1.2360281,1.450677,0.14683814,0.32216802,1.6643887,0.27983308,3.7196312,0.78589314,2.1775649,0.92352194,0.4934747,4.5797935,1.9732697,2.5450485,1.3800676,0.17736702,0.89420426,0.7241763,3.7541783,0.2457381,0.5224899,0.8243436,0.55561554,1.0364641,0.78327584,2.1227224,0.4289504,1.8115832,0.24742788,0.34101695,1.0475525,0.30601126,0.28742254,0.31859544,0.8952649,0.28446838,0.018042566,0.46108678,0.31174406,1.9210917,0.6999786,0.37773228,0.20753571,2.5312688,0.16817328,0.75790864,0.923214,0.91357386,3.5491495,0.21937376,1.1216542,0.49365637,0.26762146,0.29387861,2.6958275,0.3912618,2.74457,0.12654641,0.79082006,0.40269664,0.6079708,0.34900898,2.6603088,0.4432527,0.7310451,0.77778244,0.27261752,1.2919866,0.6532875,0.085814364,1.9450513,1.167286,0.56696904,0.6863528,2.6160464,1.3754565,0.97454077,1.743861,0.6937193,1.6171576,0.2619793,1.092823,0.1585054,2.0545828,0.23381591,1.3706493,0.34206605,1.933638,0.82939374,1.2395749,0.084056646,1.4032308,0.75237435,0.22447874,1.0421504,0.37780488,1.8494402,0.1878794,0.045906518,0.11166797,0.84298277,0.5007071,1.9923779,0.5568151,0.41245615,0.53178984,0.30722287,3.1678472,0.86373854,2.8633716,0.518404,1.0344156,0.99566734,1.4258156,1.5783075,0.7051147,0.73331916,0.48401234,1.6344144,0.25064555,0.55663097,1.6075352,0.6694614,0.6960627,0.22455056,0.1491572,0.7340223,0.5625565,3.7341394,0.43674982,5.1675086,0.002756554,0.7093323,1.1547842,1.4517326,0.37415758,1.4114685,0.040793467,0.09333655,all_pothole_images\pothole_images_new_image_1204.jpg
2.1618586,0.7592649,0.06409432,1.8326753,0.750839,1.6823431,0.7798353,0.059673246,0.16389853,0.11921115,0.52051985,0.82361287,1.4245257,1.0939289,0.77777433,0.17418773,0.12903127,0.5486802,0.08002827,0.010586138,0.4552458,2.0100887,1.441938,0.8819866,0.9661725,0.40209562,0.036111932,1.719251,0.38489407,0.24084206,0.7116331,0.7732061,0.6751329,0.7870968,0.31843507,0.95392436,0.66360503,1.2865244,0.36214003,0.37318665,0.08420977,0.2516608,0.1360011,0.89729625,0.28963634,0.4767419,0.09262509,0.023924813,1.0867323,1.6933838,1.2714859,0.17060477,0.32105383,0.5299065,0.46566483,1.8251697,2.2855365,0.411424,1.3180892,0.14361893,0.24031763,0.23518029,0.97047347,1.3898618,1.6442391,0.98699653,0.44305232,0.20475313,2.2282429,0.9847524,0.77045983,0.30152726,0.7708075,0.06345359,0.7354006,0.72797066,0.04306162,0.6277679,0.42645675,0.15043548,0.25279427,0.5426727,0.77462065,0.60933465,1.1337913,0.40085146,0.02870824,0.32954177,1.4432464,0.4101835,1.3217486,0.5646043,0.46444464,0.39495686,0.18586883,0.35230982,1.5092653,1.1524295,0.4809559,1.3461257,0.4834813,1.1820987,0.56429,0.42014495,1.3203996,0.4199724,0.33310685,0.76665646,0.032901064,0.6236102,1.3357226,1.1529334,1.1287607,0.96742934,0.5658149,0.71029896,2.815871,0.7707485,2.4885964,1.6580966,1.9084653,0.62464315,0.7396958,1.4922237,0.40776226,1.2376024,0.64561814,2.1201046,1.0902764,0.6698532,0.50066614,0.007120354,0.52461755,0.5327003,0.0005769067,0.7847159,0.90953976,1.7460984,0.4678111,0.8415213,1.084167,0.09192889,0.5117678,1.3167912,0.0077099414,1.1748064,0.09634976,1.151214,1.127248,0.2752523,1.012092,0.9918883,0.2801683,0.29519582,1.1273131,1.0887413,1.4070456,0.34825265,1.2473888,1.1498245,2.4884338,1.0375719,0.009434136,1.0579038,0.119239174,1.3107597,0.38435447,0.27859238,2.342853,0.019403398,0.11830382,0.07445841,0.0018747678,0.31127164,1.1162987,0.37563825,0.23085985,0.0021205458,0.47830173,0.034571607,0.019933261,2.081955,0.9941512,0.3247167,1.6937537,1.6004223,0.1665169,1.5878317,0.80928934,0.64017206,0.25207123,0.42146125,0.22991405,2.6182332,0.0013903852,1.2852919,1.3344772,0.77724904,0.6823515,0.55112886,0.8296116,2.765552,0.98545694,0.8655442,1.3599241,0.7284122,0.5155231,0.6765672,0.92825705,0.7119584,0.46492767,0.20246805,0.5089013,0.72842735,1.2959229,0.8106384,1.7422513,0.675708,0.23027614,0.03838503,0.46732756,0.774681,0.6713333,0.6498971,0.029960934,0.94832075,2.0428734,0.23177399,0.35604227,0.006525536,0.44009504,0.18848486,0.57699484,0.47038373,1.1122235,0.12018129,2.6882985,0.27927697,0.10875798,0.31208038,1.4870092,0.7596228,0.4189049,1.0799458,0.09426963,0.014640939,0.40118077,1.8860985,1.2735267,3.691552,2.027492,0.15497002,1.3890997,0.19069558,0.5944405,0.73844844,0.880843,0.031602014,0.15798214,2.1371663,0.15523419,1.0269674,0.30629602,0.9986118,0.80517095,0.51533467,0.015416333,1.4490851,0.5655408,0.13611093,0.39184558,0.5811831,0.07619725,0.5899649,1.8413625,0.9141922,1.1350794,0.46296024,0.86920583,0.4528937,0.5355143,0.85344803,0.06313772,0.8824491,0.42781806,1.2511945,0.7266033,0.13889173,1.0946593,0.8331305,1.104058,0.17708501,0.4474727,3.0814943,0.120741524,0.13487835,0.6021978,1.497634,0.14735873,0.5579352,0.51035875,0.60426605,0.0,0.35167032,3.5592196,1.7698566,0.015608836,0.70149153,0.06845092,0.33375916,0.9209928,1.9686905,2.5519645,1.2095153,0.48565167,0.52731055,0.15695892,1.401444,2.186132,0.031093933,0.76449674,0.013326686,0.027812427,0.4093005,0.9384082,0.4032849,1.6294243,0.33290282,1.0660287,0.14903195,2.2792695,0.3437546,0.06648707,0.155402,0.0,0.1652404,0.9883766,0.31172356,0.42564687,0.16775317,0.7047678,0.23383766,1.8441825,0.5148369,0.90396553,0.6780216,0.62241566,0.09286299,0.92319286,0.81340826,1.0931568,2.9189565,0.9230616,0.37894428,0.28307673,0.11372296,0.83638465,1.7801108,1.0152173,0.6457363,0.51150835,0.25257164,1.7932116,0.19604442,0.056306142,0.048815332,2.3850057,0.30424708,0.5288139,0.47950572,1.0934856,0.4985913,0.32227388,0.14228106,1.2207125,1.5705861,0.28641897,0.99637353,1.3589236,0.8038126,0.22526166,0.0,0.31922543,0.09013279,3.1867747,0.7702568,1.5789853,0.048306324,0.08913931,0.9822806,0.14232056,2.1021328,0.45923558,0.77664214,0.3632255,0.13739727,0.35429284,0.9074456,0.4743356,1.6586232,2.790969,0.6458949,1.0216821,0.4422894,0.41356558,1.0739195,0.7879374,0.1037668,0.0368884,0.3584262,0.54467237,0.5628693,0.34886378,0.3526465,0.6436936,0.8819888,1.3831494,0.85357386,0.6120133,0.05181895,1.5974737,0.25917855,1.0124011,1.7768829,2.1195703,0.721277,1.5590537,0.7219612,0.7081521,1.2343373,0.40097582,1.5312126,0.47380084,0.23993553,0.023743408,3.0871384,0.9060649,1.3126943,0.13186051,1.8013443,0.39991766,0.37982583,0.80517566,1.8031751,0.33432606,0.4120058,0.44488364,0.75868565,1.138169,0.67436224,1.427685,0.68708706,0.37239912,1.1774648,1.343746,1.0455818,1.3000118,0.7119377,1.1832833,3.294675,1.9090884,1.1693447,3.208466,0.36032352,0.80190563,1.0263083,0.5155128,0.83464384,1.3553859,0.70182747,0.75926346,1.071167,0.4322542,0.28718558,1.0245774,0.22555271,0.0690369,2.5607305,1.0658841,0.39120305,0.2983243,4.304687,1.4961299,0.6989554,0.054577973,0.48058707,0.7050105,0.13589144,2.3195179,0.49484104,0.20596215,0.34035146,0.3644472,0.1330155,1.11779,0.62755,0.03200546,0.53894067,0.57272094,0.81512713,0.4595715,5.9276633,1.5800503,0.45447403,1.0784143,0.38634053,0.56716603,0.25822496,0.37136623,1.9352748,0.69211245,0.1306106,all_pothole_images\pothole_images_new_image_1205.jpg
0.85768574,1.8493024,1.3477587,1.5056438,1.4013952,0.7223397,1.07712,0.018587075,0.1679392,1.5549898,0.5493523,0.0020559977,0.09790544,0.7176319,0.30845958,0.43754882,0.20990865,0.8809144,0.7783219,0.24460185,0.5736146,1.4977478,0.74532485,3.4383757,0.8126484,0.100195065,0.2684033,1.6933789,0.008626263,0.56381387,1.436643,0.08612697,0.6607075,1.0535609,0.30267683,1.2261276,0.42864358,0.46882892,0.3162889,1.0222793,0.33507645,0.08272305,0.112244315,0.34105998,1.4849346,0.16325347,0.30616492,0.21415074,1.9475546,0.61859614,0.019776637,0.30228335,0.25361964,0.06152038,0.16979134,0.46332958,2.2367063,0.19835442,0.27316996,0.08686896,0.06184966,0.34943464,0.6483141,0.073736206,0.005334272,0.5903895,0.18309282,0.38752306,0.25884533,0.239224,0.00087373867,0.09054074,0.8573164,0.14823501,0.19326076,1.3730536,0.79081804,0.4470993,0.019423788,0.70801175,0.012632875,0.19205633,0.941963,1.0654376,1.2591889,0.91135734,0.046925392,0.35608205,3.7146933,0.5534398,0.03546316,0.29629585,0.08986319,0.026912842,0.1511316,0.11616157,1.2178239,1.463763,0.40347463,0.050851583,0.15938157,1.6205537,0.2972929,0.50643307,0.17975178,0.65788066,0.1111709,0.25706214,0.66304106,1.3878165,0.43233418,3.4970672,0.23381408,2.0381498,0.26496813,0.8281192,0.99410987,0.092314504,1.9708055,1.0045118,1.53525,2.0614262,0.3510289,1.6491017,0.6011566,1.7104738,0.16528253,0.7137468,0.1443528,0.3776509,0.31385863,0.06194678,0.24682675,0.38060072,0.21037135,0.35824957,0.04102784,0.7269377,0.04953656,0.06317637,0.24692924,0.9012283,0.08793131,0.66741383,0.1753192,0.31650633,0.16947265,1.070367,0.29346812,0.29697463,1.2955014,0.141799,0.040516242,0.057028156,2.4120536,0.2573036,0.6685262,0.8314724,0.814004,0.25352085,2.5409956,1.8248531,0.2214968,1.8189387,0.59403986,1.003067,0.94411266,0.018243352,2.3051112,0.5136004,0.17592703,0.025268383,0.10518321,0.47156924,1.6800524,0.122999474,0.4144703,0.018593282,0.00059372024,0.09761227,0.0,1.4910733,0.8820967,3.1897619,1.3759079,0.6769476,0.37389454,0.11981807,1.0683124,2.4055724,0.27150357,0.5364569,0.064254895,2.122276,0.7756936,0.06148034,0.3258553,2.565456,0.08388352,0.6293541,0.16657661,0.4333357,0.43407804,0.23749511,1.0479523,0.30011418,0.36136892,0.2286208,0.7029961,0.83523715,0.20002373,0.31327635,0.9372969,1.0760442,0.37204635,0.63283664,0.5974108,0.0068783024,0.8845973,0.0977377,0.13996404,0.07734454,0.44711265,1.2200173,0.17012122,0.0,0.78892344,0.21638909,0.6641127,0.15243994,0.029667068,0.10892782,0.89045334,0.4280336,0.61136395,0.31689683,1.3436904,0.04096959,0.16724224,0.0013980843,1.0882303,0.20622051,0.15136398,0.39079693,0.0022283748,0.0062556006,1.5158386,0.02505735,0.1706414,4.0348606,0.25335443,0.14188425,0.85901284,0.26615062,0.49728742,0.16687496,0.4198388,0.3153192,0.13615656,1.4958242,0.29607332,0.008044777,1.037622,0.224719,0.11515427,0.5746185,1.0869786,0.1745012,2.2145338,0.074822195,0.9275968,0.0,0.14968538,1.0526177,1.0924848,1.4071808,0.36490673,0.21207199,0.3533132,0.9556654,0.0322209,0.023079319,1.2963953,0.17831708,0.56931216,0.8620728,0.31057733,0.4089167,0.1365743,0.37188604,0.49672183,0.8341535,0.36870843,1.3939279,0.22618331,0.30822024,1.1041433,0.52801216,0.13380373,1.3096457,0.13930511,0.54460615,0.007530181,1.6111547,2.563717,0.4448939,0.10593134,1.1516868,0.35165188,0.034233764,0.23899917,0.6194118,4.7327437,0.77913463,0.06378812,0.1648508,0.015570786,0.6061298,1.1086074,0.019294139,1.4643598,0.026220942,0.44304383,0.16752753,0.7392108,1.0659947,0.1362461,0.49573508,0.6953067,0.25629812,2.29075,0.06247171,0.05005473,0.0,0.010448846,0.50892824,1.0494311,0.0,0.24400482,0.14291197,1.2146066,0.8087364,1.551229,0.029311912,0.73925203,0.09520647,0.2735463,0.0,0.0,0.32051682,0.24435942,0.80118436,0.104853615,0.03726794,0.18091516,0.5790175,0.6863324,0.14660637,1.321928,0.790351,0.14306061,1.3369259,0.8214773,0.14722855,0.011411944,1.1948613,0.60016745,0.088894345,0.7069165,0.54284334,1.0161139,0.41899553,0.75084853,0.008519707,1.1672812,0.49492678,0.7882991,0.22589745,0.02069176,0.61190236,0.44362763,0.15516359,1.2508022,1.3492366,2.1982257,0.8684593,1.604529,0.09417786,0.30551794,2.077154,1.7443182,2.6474745,0.8490652,0.6978956,0.023615673,0.10238712,0.81315774,0.35870275,0.301933,0.20734347,0.34932673,1.8563614,0.5321281,0.840728,0.19659236,0.018440709,0.23341653,0.8443157,0.1615121,0.11705173,0.26667672,0.6089667,0.2477473,0.7424597,0.028656708,0.07829329,1.4809525,0.037016794,0.6224585,0.183177,0.98296845,0.37193444,1.8060315,2.8038044,2.8455954,0.32281977,1.7390144,0.7711756,0.023426699,0.91408443,0.4289796,0.40390828,0.26129958,0.3821653,0.6926089,4.5832133,0.7190526,0.29732683,0.13957988,1.0604122,0.23546647,0.17305869,0.031606648,0.28827164,0.56363624,0.061101165,1.304527,0.19821694,0.42244676,1.3085233,1.6736207,0.9168182,1.0535198,0.8540064,0.9761079,1.9859203,2.3127344,1.0183666,0.7037484,1.2693746,0.6492127,0.052246768,0.77589697,0.3034418,0.49271527,0.64494723,0.33699277,0.029008582,0.70604604,0.5224181,1.2313781,0.23967418,0.013952002,0.3654408,0.87756205,0.8440178,0.010520162,0.39481112,0.5657581,0.40554637,1.9810553,2.733109,0.4253433,0.4824419,0.006065838,1.002512,1.6708987,0.7472649,0.071874335,0.017360656,0.4190509,2.9353607,0.22633727,0.0,0.09274233,0.07120977,0.43955898,0.059123185,0.29941976,0.2860785,0.15160093,3.5988832,0.6509305,0.21434118,0.04915284,0.27376842,0.14380261,2.0129378,0.0931451,0.9112897,0.70535713,0.64901084,all_pothole_images\pothole_images_new_image_1206.jpg
0.9698294,3.040285,0.511418,0.4483166,0.6754194,0.9156925,0.581854,0.43606597,0.25043276,0.8250736,2.1241057,0.24677616,0.94981694,0.33759463,0.05141839,0.21539402,1.9957378,1.2083595,0.22957319,0.98045844,1.1839664,1.693546,1.4539714,1.355915,0.4670333,1.7339412,0.33932966,0.24793555,0.20100021,3.0253432,0.7520885,0.37590432,0.6443189,0.38019663,1.1061592,0.2796351,0.50646394,0.62710065,0.8994906,0.15247704,0.6231046,0.028248202,0.32484004,0.18716483,2.4883478,0.46782488,0.38337675,0.0026360103,1.9172817,0.64159214,1.9940542,1.2229228,1.3329519,0.85754955,0.857337,1.1227187,1.1869266,0.4456791,1.4662141,0.31880057,0.008654564,0.34757048,0.4420423,0.7210528,0.37423253,1.6438695,0.36033815,1.2739265,1.4142197,0.29099262,0.34635672,1.026902,0.47625813,1.540441,0.71418685,1.2847918,1.3685883,0.99700505,0.42370096,0.8401352,0.5725991,2.1560996,0.31686074,0.7328496,0.31658515,1.5011185,0.88592595,0.787863,2.6927106,0.22397074,0.8933981,0.82346636,0.968266,2.8381522,0.6721546,1.1773137,0.6491036,0.6007343,0.21949203,1.5963324,0.11140882,0.9212578,0.05279123,0.3002747,0.74964756,1.9908229,1.1826931,0.3171144,0.34458837,0.6669573,0.6322676,2.1374614,1.1231035,0.863793,0.41907084,1.1523361,2.3068008,0.8307678,0.28673488,0.4939302,0.6770358,2.9768863,1.0221497,0.055619735,0.52232,0.8926917,0.06330764,0.3203102,0.76197994,0.37311047,2.2033124,0.34430468,0.9317509,0.8595433,0.994945,0.28617933,1.0648198,0.38813314,2.6878765,0.2621261,0.5323746,1.0033537,0.18899551,1.4841635,0.8230252,0.42854798,1.3287618,0.000917424,3.0604858,1.1080011,0.6403638,1.6431906,1.2208819,0.10918599,1.147261,1.4739916,0.64720595,2.377708,0.07328866,0.10979234,1.7808884,0.35792196,0.29039326,1.9867482,0.8259453,0.16934429,1.0449699,0.15025103,2.3176417,0.005587386,2.8854065,2.207226,0.45954886,1.359634,1.5436567,1.3491777,1.5992367,1.1932482,0.15458567,0.8493337,1.6208396,0.8462326,2.48144,0.9799568,0.7149331,0.2767095,1.0185477,2.0339038,0.35057083,1.2224085,2.5375557,3.6978073,0.30430996,1.5904984,0.6988732,0.2773205,1.5846874,0.55103815,0.23025909,1.3807659,0.13747305,0.6488975,0.87422514,0.59419996,2.0188928,1.1128012,0.60808724,0.17714278,0.74072754,0.47648495,0.20825759,1.4425919,2.4176407,0.5714004,0.27685392,0.17766751,0.7034202,0.21935637,1.2430785,0.58156526,1.1719985,0.8447022,1.2359221,0.36563325,1.4129817,1.3849216,0.76447266,0.58963734,0.83532166,0.0027278466,0.25896105,1.7924577,1.6240969,0.97304726,1.897924,0.79475075,0.5333776,0.36122385,0.5284682,0.4410557,0.24966936,0.776221,0.646881,0.9846867,0.55172193,0.90820605,1.0007219,0.28465447,0.4211112,0.896532,0.23699813,0.17928505,2.9270523,0.15795991,0.38411573,0.08708945,0.23436305,1.1796018,0.6949519,0.47247252,1.1098828,3.581242,0.49507567,1.0645635,1.2835095,2.3218923,0.293058,2.0922225,1.9372423,1.1561884,0.58794683,0.604648,0.42044193,0.015433583,0.27907395,0.68478125,1.1834936,0.9582362,1.1594325,0.314885,0.49443746,0.35183084,0.8542163,0.5312609,1.6037506,0.124241956,1.9843386,1.4507382,0.9307743,0.36853817,0.6993558,1.6966468,0.4820053,0.68122435,0.87491363,0.5992305,2.1047113,0.8177115,1.4374496,0.33806673,0.11604524,1.627607,1.3555458,0.89737386,2.3762796,0.24540083,0.0013415467,0.51448756,0.48581034,0.70833725,0.4459814,1.2637951,1.2861329,1.705163,0.5034048,0.11553502,1.4228734,0.58037883,0.7078871,0.69066036,0.9267195,1.6442945,1.0193325,2.0201175,0.84050673,1.4313521,1.2239108,3.0212882,1.4718393,1.924042,3.469229,0.27253115,2.2649436,0.7846921,0.5268078,1.284786,1.0673244,0.21393251,0.40239218,0.43854257,0.48245215,1.624672,1.5048163,0.70981467,0.04279441,0.63513553,0.16888373,0.069132544,1.3612149,0.69218975,0.01241059,0.5161374,0.5744056,0.15748078,2.1059706,0.11090681,0.4451241,0.5991282,0.3941788,0.3801752,0.14708991,1.3064183,0.5768066,0.9592405,0.3373809,0.20150098,1.2409562,1.269965,0.16192532,1.1294433,1.5066032,2.9892452,1.8389986,0.13825722,1.8738475,0.6206839,0.10359192,0.14160025,0.80213344,2.3413014,0.28933954,1.2327083,0.14068405,2.795409,1.8734376,0.32042623,1.3099828,1.9498593,0.8100679,0.89969355,1.522024,0.45956454,0.7778342,0.8641711,0.08744498,0.58089966,0.08100914,2.5000741,2.22979,0.8798198,2.337188,1.3546251,0.6361871,1.2550707,0.35669142,0.14779748,0.117598884,1.1364706,0.71988285,1.4894643,0.33887893,0.89773244,0.57564473,0.7968392,0.120816834,0.31198066,0.31983623,1.894132,0.37698606,0.6481636,0.26953414,1.1423706,0.39466572,0.8108282,0.17567581,1.4574585,0.40245834,2.9487503,0.056136582,1.0728675,0.40415356,1.9387559,0.15072417,0.4174567,0.077534616,1.7597535,1.0910026,0.36483702,0.71392494,2.8123057,1.8743479,1.1143067,0.25426278,0.6775841,0.4446924,3.6861176,1.410187,1.2432537,1.798574,0.7181046,0.6770201,0.36654335,0.87776095,0.2665968,1.1257174,0.057033908,0.10221206,0.33431536,0.4977569,0.59988153,0.49272257,0.6598219,0.7546995,0.66901886,0.31483656,0.22719271,2.4627721,0.22174601,0.8832514,0.2739678,0.3630191,0.7602033,1.7721753,0.31208625,0.33370012,1.8869036,0.2902509,0.26636848,0.015451301,0.07446413,0.4639505,2.9890654,0.7767035,0.43283996,0.45793417,0.17128131,0.5846018,0.18063138,0.70054233,0.07048247,0.54242325,0.43260944,0.033177126,0.19027637,0.67058283,0.21963356,1.0972654,0.5540977,0.31510562,0.67710644,1.033067,0.43635485,0.6564678,0.99853057,0.2871507,0.24903831,0.42175627,1.8344985,0.53754,0.6744738,0.6355502,0.18599105,all_pothole_images\pothole_images_new_image_1207.jpg
1.0316403,0.5633823,0.64496076,3.4747798,2.763075,0.16791229,0.104030326,0.13372602,1.1132828,0.7038663,1.3108718,0.68832564,1.0515465,1.7462769,0.007256785,0.8279551,0.31455958,1.8893031,1.520477,0.30849463,1.5344427,0.3114573,0.33215424,1.5542452,0.90616107,0.022299593,0.3957937,1.2613802,0.12632218,0.51538795,0.11907917,0.018215468,1.0377276,0.5599653,0.25450078,6.047653,0.68629265,0.15706882,1.1995219,0.23740092,0.37659454,1.0743771,0.09210663,1.2355174,0.17760925,1.1339597,0.51311773,0.046756823,1.64354,1.238615,0.9086556,0.7516887,0.04081615,0.49673402,0.68641394,1.8642955,1.7771983,0.36922342,1.1996148,0.124424815,1.1580348,1.8293148,0.5187008,0.5924896,2.2156904,1.2697169,0.0804851,0.6126284,0.22681014,0.5159055,1.0782971,0.1695863,0.18714193,0.93139756,0.24313565,0.19332297,1.156751,1.3588468,1.2684066,0.6414675,0.004670815,0.024834815,0.23495635,2.1882384,0.81641394,0.16124067,0.17254706,0.0050971755,1.7437638,0.78373605,1.2852231,1.0476719,0.51224387,0.8113478,0.2269022,0.5522995,0.8995973,1.7451398,0.75491565,1.0979563,1.4490755,4.4576416,0.8815491,0.11590055,2.9057531,0.007174604,0.5716334,0.15378961,0.5489254,0.9844686,0.87823975,0.1500903,0.17949188,0.21018894,0.39843014,0.8276909,1.4882015,0.72651196,5.069661,0.05231765,0.92607504,0.0447345,0.30989698,0.92324555,1.3025037,0.7775328,0.14166448,0.9729291,1.0231884,0.717963,0.89261395,0.35481507,1.8832179,0.49025244,0.84062064,0.95619345,2.363091,0.6769793,1.4355708,0.3908801,0.5535938,0.9678254,0.24872483,0.06140406,0.9710201,0.5268259,1.9621049,0.30767164,1.6431271,0.7395701,0.5763395,1.1305134,0.6989282,0.7505334,1.3031988,0.33708322,1.6369638,0.79792,1.3657146,0.54190445,0.58255845,0.983693,0.22394869,1.9027518,3.9076989,0.4451434,0.5863236,0.6984834,1.5655646,2.7200286,2.0001347,1.0780656,0.015281205,2.8277369,1.0327938,0.031960696,0.6622257,0.0059355316,0.22830679,0.41738135,0.026790366,1.393483,0.8331731,2.138862,3.1277926,0.4984064,2.478725,2.49669,0.026409129,0.6906039,0.18439089,2.776538,0.48034084,1.0668546,1.2476102,0.79677504,3.117635,1.2314929,2.1693277,0.017162299,0.38845068,0.92821205,0.08969041,0.17091544,1.6068234,0.26796556,0.5984403,0.21694511,2.5303767,0.6280567,0.2845078,0.13338253,2.0849297,0.7349252,3.7100406,0.7386547,0.42722133,0.040374685,1.0528982,0.4433241,1.409108,0.07053629,0.41290924,0.04937756,0.0,0.58834964,0.2415744,0.9802956,4.024307,0.31952685,0.1464921,0.32738534,2.2054567,0.73677415,0.046009716,0.3153951,0.48604932,0.03552656,1.371448,1.8072431,0.094499215,0.18295398,0.44263363,0.38600978,1.1790563,0.015112631,0.14138234,0.47031382,1.1638832,3.9987712,0.54433006,0.085319944,0.20644858,1.1484723,0.40676156,0.12987582,0.27016214,1.6897879,0.2805225,2.0278313,0.7151549,0.69305307,0.80914664,2.2617955,0.7386589,0.36735097,1.115702,0.5988663,1.9373258,0.59301215,0.3022134,0.0045537325,1.738616,0.20533551,0.6765033,0.37535325,0.9113434,0.16449985,1.915271,1.8001043,0.9527812,0.37954828,0.55978835,0.19427735,0.2257294,2.3864684,0.6493844,1.5331992,2.2149382,0.8774957,0.29563242,1.1105593,0.23017412,1.7946976,2.1605394,0.12988779,0.52379227,0.20983496,1.5107142,1.7493327,1.687369,1.1635873,1.3072796,0.42893085,4.4353046,0.040455665,1.3156736,0.046785563,1.4687667,1.4944274,0.88529694,0.3163746,3.0363967,2.9069023,1.0825555,0.57903594,0.10574853,0.7722923,6.2473235,0.37128264,0.9049589,0.39718324,1.7455469,0.38425305,0.2548634,1.4576895,0.2626056,0.017077565,0.078449205,0.09240475,1.3042039,1.0082043,1.000853,1.5789359,0.64969236,0.16970947,1.0776811,0.60284424,1.6593798,0.5075552,0.6287586,0.93206584,2.1467502,1.2474344,0.34183672,0.0709959,0.03458439,0.14433,1.7056986,1.7065147,0.49849123,0.565012,0.028567513,1.8143575,1.2659886,0.9092494,0.63759154,1.829143,2.2364726,1.3247422,0.33044186,1.4478734,1.6494925,1.5320796,0.7570391,0.15684722,0.35886136,0.82415426,0.12419478,1.7561986,0.69210535,0.044296723,1.1225841,0.779321,0.2719578,2.4031763,0.29256624,0.113320485,0.50811726,0.08916665,1.9023266,0.06132158,0.6501275,0.44235295,1.2609881,0.11676961,2.52771,1.2273422,0.18168749,1.0357989,1.2485476,0.021394446,0.15026315,0.09707591,0.024169225,0.4010227,1.4120646,0.5051152,0.24130066,0.48463288,0.36337942,0.867518,0.18919177,0.012396834,2.034427,0.0044658026,0.27869657,0.6995164,0.06179675,0.0,0.13465184,0.12332904,0.2084294,0.63878685,0.41769594,1.2383682,0.8664267,1.6403631,1.333074,0.22858962,1.5762794,3.1056714,0.185634,1.9892575,2.05051,1.2495533,0.5526509,0.63948846,1.0249134,3.2182164,0.55653346,0.16422707,1.1735927,0.10980271,0.43343356,1.54297,0.6721713,0.63774645,0.6628334,0.6781269,2.342469,3.9338696,1.7067189,0.14950792,0.008426153,0.16509593,0.6938274,0.48794156,0.14936729,1.1963686,2.3338118,0.1726734,0.39456597,1.2432978,0.541468,0.1818495,0.120792344,0.42498744,0.067239456,1.8251956,2.0232909,0.3255991,1.1632606,0.0,1.3882359,0.14196873,0.2967985,0.39667445,0.7809134,1.038414,1.4278013,2.523635,0.03771876,1.0995132,0.6668737,0.35652387,4.138941,1.1927286,0.15253505,0.041970685,0.10423285,1.7113507,1.0767121,0.7376173,0.19606656,0.27687952,0.17518337,0.0,2.074727,0.6269067,0.42725578,0.45516688,0.033669747,0.7869014,0.0,0.003447998,0.17324843,0.18927716,0.019018203,0.057167396,2.4846067,3.760734,0.57805276,0.24738,0.22345455,2.5228384,0.59064204,0.6628324,0.9210697,0.1695115,0.15339276,0.27608365,all_pothole_images\pothole_images_new_image_1208.jpg
4.25823,4.2756724,1.0372943,1.988621,0.78585625,1.0894514,0.7258393,0.056686886,0.4425095,2.357556,1.0379785,0.18185203,0.011604397,0.22185987,0.08587005,0.14674732,0.8612724,0.15160699,1.2731239,0.049859565,0.28592834,4.4949613,1.3616463,2.4868538,0.020515021,0.46564615,0.92507327,1.6865922,0.2358496,0.41607717,1.0916829,0.8986346,0.33744004,0.0228441,0.0076431166,0.73441863,0.27202556,1.1332275,0.42286256,2.4347172,0.10625627,1.652787,0.32019925,0.0,1.7537442,0.13581234,0.5700935,0.0,1.6319412,0.10146914,0.14371468,0.2554342,2.4920993,0.28845972,0.8129856,1.8443244,0.65452504,1.3806033,0.6263721,1.3009119,0.10561398,0.19702838,1.0324358,0.11233247,0.924439,1.9319199,1.2867452,1.449614,1.3075314,1.4457198,0.65479666,0.31935778,0.8392667,0.25663242,0.09017999,0.8914125,2.4010725,1.2040986,0.34279203,0.6115744,0.1437134,0.0,1.2992874,0.2542869,0.3830915,0.11727762,0.25296217,0.054635435,4.2036295,0.6491598,0.032368023,1.6438047,0.052136015,0.37979496,0.26688993,0.6859405,2.803177,0.48829353,0.34951025,0.31633586,0.72381717,0.33801004,0.27571842,0.73899966,1.971712,0.8148201,0.3356117,0.092597775,1.0550295,0.17187127,1.1260442,2.497225,0.9761593,0.22284962,0.13087295,1.1819171,2.316681,0.5325442,0.5548159,0.8588458,0.37805972,0.733286,0.92835623,1.3673447,0.5785624,1.0628777,0.20176521,0.08814392,0.66875404,2.2849977,0.8915673,0.34924117,0.8401145,1.2264932,0.8524704,0.03489827,0.2516451,0.53197473,0.6284763,0.8520125,0.6915059,2.9179916,0.058713816,0.69301355,0.38454422,1.3392344,0.5606757,1.2448328,0.50547695,3.4002588,0.2563583,0.09025521,0.3951757,1.4831253,2.1053934,0.33398184,0.5490799,0.9635072,0.10687184,0.7619804,0.82602954,1.2748678,0.9355909,0.86783683,4.5879674,0.06173164,2.5728357,0.22569256,3.1110346,0.16368207,2.338623,0.117023766,0.63182896,0.07134025,2.5218549,0.71090853,1.585021,0.39286485,0.27302426,0.11795821,0.62650526,0.7507004,1.2191223,2.249467,4.656893,0.23021847,1.175225,0.8068097,0.71125466,0.5531392,0.44494477,1.2589071,0.13201512,3.1404119,0.6477461,0.0,0.029745575,2.130878,0.3526851,4.932233,0.16551566,1.8083386,1.4121996,0.027817937,2.6435804,2.705668,0.2740952,0.39513072,1.8798739,2.4624093,1.2843953,1.798365,2.5795257,0.4211435,0.670631,0.9320156,1.6904595,1.3659453,0.20543125,0.45365727,0.018912105,0.6015505,0.52603513,1.2470675,0.48505032,0.2677806,1.1022936,1.0569792,0.63970894,0.18464021,0.7714038,0.5611615,0.026482863,1.1127408,1.6205622,1.989117,1.5790614,0.0013364211,0.6073362,0.6223987,0.7325519,1.0187287,1.8384844,0.11628454,0.56478,0.5791786,0.1861367,1.0817429,0.82093173,2.9979742,1.444267,0.10606488,1.4302787,0.678738,2.1889443,0.08792883,2.1868184,1.8160868,2.3104694,0.71147484,0.3837064,0.6587594,1.5242002,0.63151026,0.4806282,2.3024287,1.1442021,0.97156334,3.4137473,0.34213904,0.17680125,0.2793882,0.915217,3.0773966,3.1816573,1.5932022,0.94305867,2.2539127,0.39771456,1.2539697,0.67738366,0.36817747,0.57577336,2.0008633,1.0223927,0.8051361,1.0707448,0.030247746,1.9235551,1.1376332,0.4521561,0.82203037,0.5984231,4.145881,1.639405,0.4819575,0.55909127,0.2210703,0.49716282,1.9544711,0.46587414,1.429564,0.007709245,0.28217497,2.1270244,0.61085165,0.018384604,2.2392852,0.0665103,0.21057701,0.6537793,1.029776,4.3894024,1.6790895,0.9233905,0.25613725,0.90839237,1.9422551,0.3089187,0.85859257,1.279072,0.054713923,1.3971145,0.32041624,1.0660455,2.192392,1.7409414,0.22962287,1.7828008,0.80055577,5.6396813,0.52912736,1.2252233,0.5675756,0.65758294,1.3276947,1.6471248,2.1140945,1.041484,0.8397466,0.47275114,2.3093603,1.4005877,0.3737527,1.8802627,0.65187705,0.009680073,0.40522715,0.31698936,1.9387754,0.7015667,1.65601,0.45692855,1.2979987,0.11661027,0.5061208,0.34543842,1.1366028,1.0626459,0.48529503,0.34395447,0.8907103,2.3755813,0.8564764,0.30701986,0.6132376,1.3357056,0.7713484,0.30058816,1.260535,1.6820167,0.97784436,0.5115572,0.0038568291,1.6428478,0.49429327,0.5831478,0.09827077,1.1945785,0.52107114,0.9352964,0.14595324,1.4450498,1.1397139,4.8096495,0.49082696,1.4318138,2.3106287,0.7986724,5.420623,2.2278214,0.7263876,0.23009168,1.2476157,0.29636726,0.29195532,0.9362553,2.1664612,1.3536398,0.2369785,1.8919045,1.8559526,0.036705613,1.5738108,0.44617867,0.71808505,0.93540704,2.2075775,1.3149787,1.2183665,0.4694439,1.8360721,0.6735502,0.58142376,0.3923143,0.3607662,2.8782027,1.2632267,1.46063,0.13914117,0.69787127,0.56852573,2.4823146,1.2302668,1.6020541,0.96279955,1.4568528,1.6095065,0.10493385,0.21946749,0.16503341,0.42254645,0.3318441,0.763499,0.14171438,4.07349,0.37077472,0.521307,2.4462914,0.29985794,1.2142414,1.5935465,1.4029956,0.038644686,0.44885564,0.0058944453,1.2438395,0.7603809,1.1926714,2.9696283,0.15720671,0.5420789,0.374322,0.7941249,1.2781893,1.0927778,0.0859391,1.6838316,1.1439029,2.900531,0.072201,0.14202623,1.0637398,0.30630207,2.311712,0.9742677,0.22318274,0.8507245,0.81678236,1.5903921,1.396009,0.04037247,0.7594855,0.292784,0.47015584,0.41096196,0.3385496,0.7646829,1.1575128,2.2396088,2.0434096,3.6471589,0.68363035,1.374701,0.15982464,2.4949577,2.466094,0.636307,0.09002081,0.063087225,0.09293193,3.407924,0.5543457,0.46214744,0.56385696,0.64122194,1.7228134,0.23005526,1.3295234,0.40370703,0.056758665,1.3347155,1.273493,2.0983722,0.52603287,1.1645937,0.46939677,3.8332229,2.4105692,3.0369995,0.23149335,1.7866391,all_pothole_images\pothole_images_new_image_1209.jpg
0.88150114,0.39165512,0.5540424,1.8158745,1.1221774,0.6101972,0.23776178,0.1360286,0.1804228,0.75879556,0.26651102,0.7991092,0.46074748,0.62252975,0.120214365,1.0520082,0.03919751,0.13476469,0.037861273,0.032610275,0.9206085,1.6199269,0.31960362,0.17846644,1.8218277,0.24407275,0.0,1.9347063,0.03256885,0.28522503,0.19368152,0.686729,0.45139936,0.8185504,0.041632526,1.7269517,0.23093927,0.3574064,0.09248373,0.5346639,0.2781285,0.10529597,0.046540856,0.6557884,0.54375637,0.58747655,0.26129398,0.34226593,1.2852322,1.4775848,0.015799163,0.123562366,0.092327215,0.52706075,0.3465295,2.591402,1.3711797,0.5005207,0.9042464,0.2973233,0.28873634,0.1471842,0.286578,0.83957833,0.8782373,2.954487,0.09834515,0.17770094,0.50843567,0.2431509,0.5156719,0.30304787,0.3111652,0.43528327,0.16013514,0.68899435,0.21006177,0.8266197,0.008954695,0.04841101,0.06841758,0.085470624,0.44741696,0.5187165,0.3354316,0.5655413,0.42948323,0.15575746,1.8100455,1.212776,0.043075085,0.44443485,0.20881985,0.177895,0.3468961,9.5918105e-05,0.20294863,0.8861418,0.23789853,0.56677717,0.06320193,2.1620693,1.3724098,0.0,0.031376544,0.046898734,0.48941302,1.1512564,0.0743801,0.29426512,0.00644513,1.9979558,0.4306453,0.8212235,0.39667895,0.7039093,1.9552267,0.44093278,3.121755,2.1157138,2.5632555,0.14530446,0.19635423,1.1278355,0.10707644,2.0374913,0.41633084,1.3939505,0.7702866,0.0,0.323355,0.01964756,0.6082225,0.38359374,0.4778071,1.1872953,0.69146997,0.5257801,0.8799759,0.021061955,0.22870357,0.3093024,0.5742732,0.15366824,0.21146102,1.6443664,0.22637358,0.09467401,0.68526953,0.7178566,0.14452127,0.71426547,0.2626058,0.007878154,1.6199409,1.0487899,0.9584629,0.5614629,0.8848969,0.63107884,0.36505792,1.6472856,0.045652095,2.6256034,0.014939488,1.2465768,0.4136218,0.05727476,2.8174164,1.0270754,0.0,0.02936009,0.039625995,0.5443668,0.45336154,0.5279087,0.19559471,0.0,0.2076142,0.18309797,0.005671375,2.269796,3.0364037,1.6258458,1.9099319,1.1486013,0.11807607,0.9634386,0.87047905,0.6827642,0.052517287,0.41695333,0.098905094,1.7761917,1.1432531,0.6251831,2.2383811,0.60234994,0.15661341,0.30133635,0.8478711,0.71417654,1.0418752,1.2214655,4.2406826,0.8962234,0.8448345,0.7191701,1.4841589,0.55406356,0.055117898,0.024167676,0.51792455,0.117940396,1.9393983,1.5242584,0.071937904,0.5701813,1.4825851,0.1118636,0.046937503,1.8702054,0.35212544,0.7030889,0.0,0.4895343,0.60434794,0.29774722,1.8204052,0.52339447,0.12075327,0.06305447,0.56905246,0.0053924145,0.1357364,0.15125172,2.400219,0.04282561,0.15700547,0.375675,0.35587132,0.5504949,0.18002284,0.08641183,0.49296692,0.20327689,1.0287111,0.4725098,0.022816876,4.3923683,1.3697481,0.67823845,0.63230306,0.03012188,0.0,0.30677536,0.6802033,0.30315593,0.86882746,2.4290333,0.008540501,0.2375619,0.7253961,1.0851067,0.54434264,0.34745547,0.14651762,0.12678166,1.2759601,0.20214081,0.0,0.051845536,0.0741803,0.48567447,1.9259722,0.7031893,0.09092805,0.22522418,0.38203764,1.1074927,0.5190643,1.5329849,0.35131177,0.41886613,0.28600934,0.43897036,0.8264165,0.06533197,0.40640044,0.36398372,0.29086345,0.024118777,0.2606721,1.9465226,0.05726743,0.10183282,0.008441654,2.8016145,0.6230167,0.66624653,0.5257933,1.2774395,0.027064519,0.14766087,5.275,0.6251691,0.15935108,0.37492955,0.24324495,1.5549343,0.09194072,0.6245071,3.3802066,2.9816694,0.69874877,0.6948311,0.11061627,0.76590663,2.990742,0.81598586,0.9450728,0.14612213,0.44934165,0.5640333,0.057995748,0.34900862,0.3115694,0.0,0.4961254,0.006650072,2.7971315,0.49869505,0.0,0.003919935,0.0,0.055187643,0.05335543,0.021866325,0.22974662,0.6008401,0.29319873,0.8343809,2.5772765,0.09265296,0.5561901,0.445929,0.15823182,0.011751687,0.20714362,0.13152136,0.30614436,0.69360995,0.12045479,0.3748688,0.1546038,0.036283065,0.03482733,1.4763821,1.6978964,1.2966132,0.01857067,0.07483154,1.4138583,0.18902439,0.051084526,0.15626724,1.1286591,0.30864865,0.07149399,0.51123387,0.75694287,0.01225648,1.1747406,0.0,0.10796844,0.57359797,0.035030015,0.07693601,0.5851773,0.28198433,0.0012661327,0.14607121,0.08763399,0.33626792,3.0161226,2.5422902,1.7553991,0.0430103,0.078783385,0.17595287,0.1804172,0.45863208,0.16138178,0.49045974,0.027771952,0.27267733,0.6040223,0.5238648,0.36675262,0.97751164,3.5315135,1.1825083,0.19206315,0.02031727,0.4039204,0.35927075,0.028361607,1.1624745,0.48385075,0.10892073,1.348171,0.07893192,0.09330611,0.93918234,0.12880626,0.16047996,0.67858434,0.22750428,0.65527076,0.5306676,1.6844519,0.9810379,0.63464516,1.2118306,2.9551024,0.03259009,0.47430903,0.8480531,0.49289042,1.3307272,0.95055604,0.20780493,0.5220268,1.2459941,0.20397918,2.752641,1.5177197,1.4970272,0.045517746,1.8317273,0.9870688,1.0740346,0.43072784,0.19234346,0.14363362,0.35023883,0.021703444,0.35633817,0.1289049,0.7037965,1.0350001,0.54981095,0.20224255,1.5076797,1.3708566,0.6649933,0.39721444,0.9930698,0.9784811,2.6241734,1.5160447,0.21722038,1.5661418,0.11273563,0.38506633,0.51274717,0.11632353,0.00790912,0.16421714,0.497617,0.14003533,1.0663354,0.10911598,0.088391565,0.5701178,0.068124965,0.40531608,1.166305,0.14572391,0.0819164,0.0,3.5229142,0.80322903,0.15392703,0.0039647063,0.05317525,0.62686527,0.18046737,0.8620416,0.0042312387,0.8312813,0.8653072,0.18785578,0.22194949,0.41363615,0.04915503,0.0,0.045979362,0.096038625,0.17821245,0.7320274,5.060846,0.65969783,0.0011124626,0.41536674,1.11106,0.020496774,0.11623279,1.6067455,1.318626,0.2034415,0.6144265,all_pothole_images\pothole_images_new_image_121.jpg
0.30707535,1.7890378,0.5045222,2.8186593,1.4453738,0.6068949,1.1160964,0.016683208,0.18455769,1.1011019,0.326038,0.12478728,0.032204118,5.8952823,0.36448503,2.3856864,0.46147034,0.56179374,1.6837221,0.87016886,2.1149285,2.0288827,1.1176628,0.6018871,1.6774956,1.3322972,0.84801775,3.0230684,0.24707662,0.4212959,0.45890418,0.48137265,0.58883274,0.41978663,0.28520316,0.65278095,0.08102997,0.65104043,0.26189855,0.28299218,0.32212028,0.47817886,1.3020767,3.2134767,0.2037213,0.208111,0.037678853,0.044485178,0.28586984,0.396395,0.811217,0.5639678,0.24199392,1.0200503,0.2805654,1.0909022,1.6528658,0.06376772,0.706006,0.11070118,1.1521372,1.1693189,1.2173631,0.33685723,0.6597356,0.5357232,0.566621,0.1045454,0.20469996,0.18583259,1.0524349,0.40790534,0.0094745,0.40691695,0.2161695,0.80564815,0.76601976,1.8328353,0.46159026,0.4231561,0.15892272,0.12924795,0.5891632,0.41862214,0.033627056,1.7888718,0.70386875,0.016887983,3.471485,0.5185993,0.41639262,0.19492276,0.19669877,0.66351163,0.9243279,0.01965527,0.5923085,0.63845074,0.7703679,2.0812774,0.022476422,2.7257485,0.24457863,0.03502115,0.900648,0.26455784,0.28384817,0.120804474,0.1261891,0.5795401,0.06469005,2.2976236,0.5265934,0.037206315,0.8691012,0.45547032,0.9024699,0.12871838,3.000114,0.35280204,0.37175503,0.36988756,0.70032656,1.0123346,1.6605756,0.35019508,0.70043194,0.61738974,0.08255465,0.56768614,1.0178128,0.083292134,0.8644366,0.9551394,0.19005781,0.44801688,0.7425286,0.38898674,1.6197897,0.13798529,0.40736598,0.05781379,0.2557101,1.118286,0.111102104,0.58125037,0.194593,0.0301761,0.35588548,1.8644714,1.2258216,0.3139015,0.20374292,0.49432516,1.1619121,0.6453807,0.5558537,0.16106983,0.8198304,0.30480734,0.53041697,3.5570006,0.6236795,2.7691875,0.38203856,1.4909719,3.0597975,0.5092895,3.241324,1.2244662,0.8592181,0.34871024,0.44689146,1.5474622,1.1083262,0.13422957,0.92358464,0.36523813,0.28872752,0.49458495,0.09958859,1.822389,1.8675504,0.51983535,0.60078084,0.087862976,1.1538317,2.0142891,0.49245748,1.5581504,1.4301418,0.94914806,0.0,0.23688148,0.83952034,0.35721752,1.7929039,0.8896414,0.3130329,0.33845943,0.23713139,0.21372245,1.7792273,0.2234941,0.3366438,0.7831053,0.36229438,0.29530942,0.25826114,0.34086725,0.08580729,0.034871414,1.7958554,1.8837984,0.77010435,0.3967865,0.7720408,0.010364157,1.3828564,0.20245312,1.5849758,0.0397582,0.36390233,0.8056535,0.44328722,0.75066835,0.5364123,0.45994636,0.123622894,0.09786495,0.19134727,0.52161205,0.6438579,0.50118685,0.341558,0.8060027,1.9219483,0.084413856,0.043504197,0.80959857,0.3489292,0.99728787,1.0398979,0.47247297,0.34894815,0.013670294,1.06871,0.18922274,0.5058317,3.9347608,2.977707,0.99709165,0.11000148,1.0306057,0.91997176,1.4360598,0.21582778,0.7676153,1.6422923,2.5150528,0.24264668,1.3990169,0.119768225,0.7978905,0.08509116,0.10231886,0.7337771,1.0024395,2.231225,0.6564401,0.26568267,0.02504421,0.97988975,0.021929473,0.5903759,1.0211022,0.044184767,0.4642421,2.000782,0.23345155,0.5961218,0.46984303,0.3822281,2.0012276,1.1942255,0.31382895,0.540016,0.82058245,0.7678342,0.08989125,0.077082485,1.515848,0.11521837,0.52945006,0.5610929,0.6951315,0.96188724,1.1866834,0.8706665,1.2455717,0.8702338,1.1293925,0.1584846,0.5332166,4.4206047,0.2904169,1.3715372,0.28505546,0.80086887,0.98941255,0.70126903,0.90614176,2.1313088,0.5298894,0.2286328,1.1528,0.46288866,0.89998484,2.8858936,0.47285175,0.005209989,1.3423269,0.17778704,1.3022313,0.84186006,1.0360565,0.45752895,0.510307,0.51644367,1.403613,0.3307677,0.29202053,0.068724774,0.5806806,0.49953443,0.79824775,2.1966293,2.4099476,0.11080281,1.0363002,1.0504944,0.8975569,1.4661821,1.1188381,1.3080323,0.027977565,0.15404646,0.16266894,1.2476708,0.6286553,1.1355798,0.40534198,0.9434372,0.5004163,0.73400486,0.03128519,0.4332717,0.39003295,0.4754644,0.7946726,0.23081133,0.03478732,0.8230164,1.8979304,0.47399107,0.22183318,0.88608193,1.7774252,0.0036547687,0.9571006,0.9665007,0.12147529,0.43731424,0.18319346,0.26091102,0.37173936,0.09332219,0.08976621,0.23279563,0.16086511,1.0288289,0.29425663,0.48658618,0.6800068,1.1278352,0.849958,2.6926885,0.14025655,0.5935386,2.2615569,0.7743169,0.2740315,0.18618146,0.5750601,0.5112132,0.07814558,0.10095494,0.11947807,0.9896688,0.020071108,0.6187578,0.26697806,0.081037074,1.6105502,0.4151163,0.5583997,1.1551296,0.66898984,0.26991162,0.61183447,0.23869224,0.6290097,0.8593642,0.6220471,0.002770121,0.28307852,0.42497534,0.92265564,0.022067683,0.5786523,1.7321612,0.40648872,0.99782234,1.8843844,1.8980998,0.35233778,0.26733243,1.8587033,0.34126115,1.7246066,1.0678514,0.43945023,0.3158631,0.3168182,0.3186285,2.5325725,0.5959004,0.24010058,0.42386582,0.2666814,0.87314886,0.320847,0.31842372,0.13824347,0.7450175,0.6118929,2.3573923,1.3975968,0.45870757,0.30709952,1.3668011,0.5643604,0.65855306,0.1810059,0.8024621,0.5547272,1.7963828,0.45617655,1.1710495,0.5185863,0.1389409,0.2839071,1.1905893,0.08647009,0.5461502,1.6355852,1.132474,0.14863408,0.39243963,0.2895922,0.4960537,1.5125458,0.9129247,0.049170766,1.2897962,0.06622285,0.28539535,0.57617205,1.1802082,0.10779748,0.9270437,1.6781265,0.85859007,0.3226701,0.04045272,0.7408064,1.4086683,0.60326916,0.6305619,0.31055805,0.40781033,2.7036126,0.12870127,0.6478054,0.0077093937,0.106599115,0.17485784,0.5531713,0.08334104,0.1151124,1.3048787,1.0457398,0.29735643,1.5033479,0.8489518,0.43457738,0.3173056,0.11874893,0.15895073,0.46558356,0.12686151,0.34937355,all_pothole_images\pothole_images_new_image_1210.jpg
0.34078655,0.752267,0.38316318,0.7733875,0.056726556,0.4678973,2.1868742,0.4841066,0.07156236,0.4753212,0.73615295,1.4494295,0.8633608,0.13470995,0.995735,1.764858,0.29605275,0.014485993,1.7787157,1.3339459,0.8274378,0.33056194,2.1944582,1.7903122,1.4356095,1.8781724,1.0724391,0.798421,0.92263514,0.037069798,1.3614645,0.52835935,0.27043927,1.9960227,0.91769654,0.36097923,1.0632263,1.4918721,0.32826665,1.5846395,1.5090597,1.2842581,1.3627194,0.4778057,0.34102648,2.4354322,1.3109752,0.8958473,0.01685544,3.1632996,1.2168927,0.8296962,0.38496023,2.537094,1.19779,1.0774635,0.111745715,0.15131092,0.2685228,0.19541462,1.5199112,1.2496406,3.1335635,0.59503365,0.46906734,2.4782317,1.0180213,1.2443404,0.21273142,0.41346285,1.2991787,1.0877621,0.10090816,0.8999227,0.15018892,0.99500364,0.58651555,0.78495926,0.08915321,0.21567272,0.9706887,1.799194,0.372801,0.4960452,0.88970274,0.56835306,0.26293504,0.5008607,0.8346815,0.5841425,0.5440274,0.06522695,1.0550827,0.03426569,0.9630533,0.34187964,1.0380815,1.3133532,0.04693024,0.583786,0.8360588,0.15263423,1.8817967,1.2917743,0.273316,2.296524,0.8723592,2.1495082,0.40684968,0.7477756,1.0263318,1.7419816,1.8081967,1.375525,3.0126753,0.6910762,0.51428217,0.82924885,1.056609,0.90164137,1.078476,0.68756944,0.25840613,1.2445152,1.5626155,0.82958174,0.808514,2.30385,0.59865385,1.1243814,0.5095682,0.3750412,1.7267059,0.74287504,0.10944965,0.72751796,1.2134852,0.10708292,0.0031458193,1.3989071,1.5384883,0.13543873,0.122514755,0.1698424,0.65748703,0.5850864,1.332568,3.05162,1.5603034,0.4277289,0.3762407,2.5241003,1.008244,0.011340771,0.20138088,0.22849382,0.5309159,0.048305754,1.042246,1.8327873,1.3685442,0.28814104,1.8555619,1.0152949,0.11438535,0.8629468,0.50127196,0.22690043,0.32330588,0.04504058,1.9032284,0.88749856,0.31400597,1.6240449,0.15891968,1.7765263,0.63944495,1.2520828,0.71033883,1.3615311,0.12390333,1.3849366,0.47454137,2.2951028,0.35955396,0.64884174,0.17953351,1.1713784,0.08466973,2.030304,0.16906168,0.26423773,0.30170038,1.1783684,0.07759062,1.1740729,2.2721703,0.99010575,0.016425751,1.5263768,1.3802881,0.7124631,1.1712788,1.5336283,1.8037773,0.99238944,0.54788953,0.1665932,1.2443424,2.6620004,2.1031199,0.5505977,0.5767222,1.0763528,0.10810811,0.1998503,2.1432092,1.0494572,2.1260543,0.30065587,0.55160505,0.1630301,0.1268751,0.45860174,2.159079,1.1814378,2.2202504,0.5476614,1.8470268,2.9714878,1.0236056,0.14488204,4.6424675,0.12858225,0.8637108,0.16496982,0.13749601,0.49349695,0.9079918,0.8365871,0.9372107,0.45227155,0.21747272,0.10146542,0.0,0.104893625,1.0645477,1.329685,1.0588704,0.89090073,0.9192726,1.562726,1.6221067,0.013456684,1.2859516,0.054247446,0.06382157,1.3722861,2.12348,2.5696604,1.4847851,0.4288854,1.0174,0.24042709,1.0134113,0.21658818,0.34958923,0.44330424,8.38705,0.5190271,0.89917207,0.062597156,0.8838168,0.8118263,0.45825335,0.7212441,0.402753,0.9871091,0.3293492,0.28092867,0.0015930841,2.8158896,0.2922837,0.051617596,1.667362,1.5438122,1.9842296,0.522916,1.0232849,2.129812,0.75124925,1.2770327,1.0136942,0.6115171,0.7891076,0.22481257,1.2618605,1.0769277,1.9277323,0.79956305,0.10200874,4.1846433,1.6502564,0.39193547,2.8520367,1.3145987,0.361505,0.013036803,1.3433977,0.5603551,0.32910764,2.6240745,2.2834208,0.57822114,0.039635457,1.301434,0.2925072,0.8020618,0.9736967,1.332398,0.66333675,0.071475476,0.032620944,0.089738086,0.28463408,0.3467907,0.13845728,1.1060463,0.68909883,1.4896328,0.71084726,1.803748,0.9120181,0.72055745,0.12462182,2.3259778,1.4351074,0.30097798,1.0181307,0.7666809,0.942183,2.7958386,0.8174627,1.1230463,0.98772687,0.11579626,0.071350574,0.13723971,0.31399226,0.28704238,0.14658351,1.0691276,1.4592699,0.111256406,1.2282915,0.80803365,1.4363309,2.7940054,0.95083624,1.1158919,0.27684548,1.3120551,0.15968682,2.2629354,0.5457374,0.87948376,0.11312938,1.4806676,0.40474454,1.2499646,1.8425971,2.2242432,0.25048205,2.4710083,0.2109426,0.481902,2.3024256,0.42199683,0.3863832,0.47784927,1.2223194,0.4764249,3.3750741,0.9397591,0.6740939,1.3869339,0.3739296,0.3295794,0.76511616,0.4509536,0.07410172,0.7166223,0.03686602,0.84251046,0.36520284,0.41237542,0.034518927,0.37380105,0.7677635,0.4332722,0.51242477,1.5127355,0.0,0.52984667,1.4131427,0.82218295,0.8652999,0.14236145,1.6631298,1.7268474,0.062332,0.012173334,0.4596792,0.5872885,1.1919267,0.20678687,0.5376805,0.89190316,0.8066985,0.70122385,0.26407126,3.0475643,1.9506675,0.40148103,0.6569425,0.44520822,0.43621215,1.9155163,0.9294747,1.6553843,1.3122429,0.82667905,0.60987556,0.2011962,0.20969094,0.24899739,1.5400637,1.0679644,0.57033485,2.1027565,0.4775917,0.5883537,1.7282823,0.29318795,0.6041719,0.061588865,0.59960014,0.23009136,0.35155702,2.2887282,0.51998216,1.1344982,1.7012428,1.4784122,0.8157334,0.3872884,2.1033509,0.4061227,1.310787,0.101068474,0.76416355,1.2430068,1.1560582,1.3731151,0.42655352,2.441052,0.32492065,0.6522236,3.0255191,0.059128985,0.31799856,0.08279219,1.5022491,0.0,0.42216003,0.50554085,2.6779306,0.595101,0.41591418,0.6427795,0.8708778,0.7982891,1.1440955,1.7031095,1.1920662,1.568057,0.9007351,0.41663766,0.7725421,0.16665415,0.43819162,3.9265385,0.060455896,1.4180316,1.733712,0.22539242,0.31510562,0.15965086,0.46144742,0.89293826,2.0031295,0.8382502,1.5656489,1.2187884,0.054170538,0.9222387,0.68175894,0.66534203,0.08232507,0.48474967,1.2233907,0.8052127,all_pothole_images\pothole_images_new_image_1211.jpg
0.46421877,1.4002905,0.40646535,2.962318,1.6420529,0.044275846,0.7951396,0.012100499,0.25841343,0.5438123,2.0386088,0.52997017,1.8130904,3.3545344,0.79335004,1.5603122,0.11304112,2.6248865,0.76258117,1.563844,0.2628515,0.33748752,0.3562749,0.33572793,1.0792222,0.8866496,0.22658505,1.4573674,1.14653,0.64238054,0.44239137,1.6733006,0.311555,0.7279384,0.0043517468,0.83287936,0.23070355,1.2579291,0.45785004,0.4535338,0.03145682,0.06655897,0.9174777,1.5014409,0.5940385,0.39618942,0.746268,0.076122604,1.3544388,0.16070756,0.57206523,0.3986073,0.59375584,0.67250353,0.20540842,2.0617268,1.4147956,0.7295491,2.043462,0.8961351,1.1696042,0.87373376,1.7896943,0.82161266,0.68091327,0.8897216,0.6683114,2.834939,0.03028098,2.4325373,0.8528868,0.027988423,0.8938205,0.9995665,0.701805,0.62029195,0.98214173,0.48877642,0.19832951,0.9399314,0.3923399,0.01391199,0.45705324,1.4896388,0.18382399,1.0574784,1.2076843,0.0,2.734147,0.5268399,0.116224706,0.703287,0.39479613,1.4327755,0.5200954,0.3939043,0.661494,1.3941137,1.1030711,1.496361,0.669266,1.4477153,1.5722778,0.439737,1.5600258,0.10043265,1.4416428,0.52956146,0.58893657,1.052096,1.395817,1.6885874,0.100122355,0.59326196,1.0442306,1.0174193,0.52736,1.6522788,1.5063558,1.246984,1.1639766,0.28156236,0.4530389,1.2288296,2.539631,2.3422453,0.6107535,0.5139665,0.5710655,0.68946975,0.9879393,0.07087876,1.3179103,0.5304273,0.2678871,0.77872354,1.056887,0.5943763,0.22380187,0.3712493,1.5401196,0.44414595,0.96131706,0.31110054,0.82427925,1.2931639,0.0083827805,0.9130672,0.43326125,0.97290194,1.895273,2.0871034,1.4046098,0.92866933,0.39713115,0.44000643,0.36884573,1.7547472,0.8462505,0.22149451,1.5768139,2.5175295,0.045036674,1.9239517,0.7086864,0.22018334,0.54545623,1.661283,0.9311198,1.630453,0.7897782,0.5946266,0.48218793,1.2935538,0.63598305,0.40373313,0.36932397,0.4919541,0.5665383,0.24899594,0.5124199,2.5025034,3.305038,1.0724938,0.734819,0.3620519,0.30421582,0.2202373,0.829154,2.0867255,0.6351083,0.12959336,0.15586941,0.8381003,0.07315081,0.38796404,2.5744717,0.35434175,0.3229607,0.2450159,1.3396118,2.5193453,1.3181752,0.16133474,0.81934774,0.18488169,0.89931333,1.5757922,1.0856869,1.056912,0.26593485,0.33638495,0.8342912,0.1649701,4.0401516,2.6160867,1.8409536,1.9679257,1.9531225,0.27865624,1.3447608,0.43597195,0.42037016,0.30671242,0.238288,0.66551876,0.9524736,3.9470408,0.80914974,0.69257593,0.32684112,0.64696693,1.1890798,0.24075796,0.25842696,0.070882306,1.4719607,0.92971087,0.08899334,0.9122506,1.5560772,0.022735262,0.9653034,0.5105382,0.077802844,0.05421905,0.49233416,0.13268404,2.3223817,4.8474493,2.6479762,0.3233959,0.30784276,0.06067278,0.5688338,1.59189,0.74718,1.0676543,0.46492898,2.135628,0.8707523,0.66811395,0.68907017,0.51394105,0.2959428,1.5930053,2.072793,0.5524096,1.2449808,0.0074388967,0.08269052,0.3270741,1.2419719,0.5628153,2.1654973,1.7557193,0.021930523,1.0590628,1.4570162,2.0320146,1.9765351,0.6849569,0.7282548,1.0117707,1.3889226,0.32837194,0.29710948,0.56663096,1.3062464,1.8068,0.45899403,0.39615515,2.125228,0.24667615,1.4376628,0.5998338,0.3600786,1.3590215,0.24849157,1.4376113,0.9538378,0.7768855,1.4928268,0.70466816,4.3815756,0.31885108,0.24268147,0.39186913,0.6033109,1.2040176,3.0780025,2.688969,3.5199194,0.84993553,1.9282613,1.5309927,1.5378689,1.2089376,4.5777116,0.2246298,0.4224306,0.93705577,0.98250705,0.9094643,1.241039,0.42158672,1.1306324,0.043500017,0.17315337,0.3934174,1.3722045,0.2778631,1.5477104,1.8913856,0.47413954,0.09660488,2.3309255,1.0762801,0.99128866,0.7456075,0.38400167,0.44064206,0.35190675,1.1926427,0.38515764,0.099967554,0.9014924,0.4360848,0.14026992,1.208465,2.065863,0.612052,1.7983098,0.18405698,0.104180716,0.46932343,0.20807785,2.1195745,0.43844453,1.3673372,0.9042171,1.2050179,0.8642821,0.34403,0.049848355,0.11406778,2.2245014,0.49574324,2.206985,0.75040156,1.6303748,0.6940759,0.9634159,1.547195,0.64808553,1.5038389,0.1072116,0.9034706,0.47737992,0.5538569,1.1512288,0.18772483,0.734798,0.17618263,2.2763302,0.95104384,1.5260464,0.06467315,0.5364976,1.8904482,0.144515,0.8853836,1.150641,0.09839389,0.19318952,0.49680486,0.5481424,0.60114187,1.4283932,0.5495086,0.49698108,1.0043164,1.4978365,1.4075513,0.97800714,0.50880563,0.2542739,1.162292,0.06207177,0.3930906,2.7734213,1.6141598,0.47975454,0.19432713,0.94835347,0.9259845,0.8988129,0.4434895,0.8021124,0.007211563,0.50572693,1.0722382,0.5714365,2.1698039,2.0999074,0.26360464,1.0339861,0.0,0.70614296,0.54031765,1.0646753,0.6872637,1.3832587,0.73951143,0.12269975,2.5188315,0.22318321,0.33078212,0.15884641,0.15450804,1.683579,1.3771443,0.09091093,0.61839545,0.07724515,0.2739964,0.7941926,2.2234855,0.17426847,0.22418042,2.6112142,1.2388285,0.42521048,0.6802607,1.1732826,1.7954509,1.2051275,0.17922035,0.261242,2.3143485,1.8397728,0.0042540887,1.6683117,0.29472864,1.9771227,0.54023623,0.3999805,0.0063775163,2.837112,2.3189254,0.92657423,0.8470272,0.28706226,0.8491193,0.24528942,2.3379214,0.5823482,1.1645483,0.45881605,0.26697105,0.932803,1.6954339,0.3902597,1.3939068,0.0073539107,1.7072155,1.4820027,0.91874844,1.5377584,1.1237749,0.73659545,1.3445493,0.6985902,1.3399673,1.1834778,0.8351124,0.040539417,0.030187806,0.8799405,0.088939026,0.7537588,3.637831,0.35566637,0.806142,1.8189385,0.09734948,0.48650298,0.9133686,0.18964688,0.5277544,0.25973618,1.0811951,all_pothole_images\pothole_images_new_image_1212.jpg
0.14822038,2.3318837,0.6849463,0.4257663,1.4463761,1.3095161,0.6437342,0.035978768,0.22531281,0.5918597,0.48768595,0.03689551,0.47329488,0.6265479,1.0437057,0.74965847,0.43194884,1.3233849,0.40922514,0.29033908,0.34246463,0.65654933,1.8273506,3.0757883,0.03435715,0.2243914,0.23317426,0.7142914,0.06861273,0.98248774,0.47833124,0.0,0.8076566,0.60587925,0.064767726,0.11147013,0.13583235,0.044514045,0.2705031,0.40549397,0.5430615,0.31348118,0.091738455,0.3894375,1.4949261,0.62196445,0.27857932,0.3325202,1.3563547,0.17826866,1.1621264,1.1067053,0.81030643,0.5077903,0.07166275,0.15795764,0.8502758,0.066537544,0.27001327,0.2866469,0.015045401,0.8030892,1.1772572,1.1044514,0.23442669,0.4451252,0.67323226,0.14438066,0.07509839,0.13520643,0.10495507,1.1469183,0.76601595,0.10010371,0.32106882,1.0677403,0.029068988,0.71424735,0.0,0.062609635,0.26461327,0.541633,0.86598086,1.1586727,1.4648046,0.70461726,0.13177827,0.25396696,2.9141545,0.42413813,0.39244828,0.5593666,0.36923257,0.2920259,0.3721759,0.14970776,0.8705112,1.9919279,0.07823605,0.35175022,0.0018611,1.3398445,0.26807025,0.009321392,0.311832,0.34997407,0.22087014,0.06721482,0.21959466,1.8741466,0.89929736,1.6054353,0.40983266,1.0405463,0.014387085,2.0265732,1.1807109,0.2259722,0.79832387,0.87503844,0.43287092,1.2305456,0.61998,0.5292289,0.46242264,1.813201,0.032428186,0.6584095,0.08012239,0.46940282,0.22298044,0.0,0.43734196,0.8418128,0.07030145,0.09610092,0.19716208,0.2760817,1.2770889,0.07961675,0.7029813,0.35917878,0.24339227,2.4259796,0.7190994,0.009810885,0.17222147,1.0084609,0.03169851,0.8103119,0.6817225,0.25151506,0.5819017,0.014909111,1.27179,0.65565246,0.36162415,0.9076464,0.57341546,0.35762772,2.066195,1.3554937,7.592157e-05,0.27885395,0.85552275,0.06557158,2.0577824,0.34588522,0.37444955,0.865403,1.0654968,0.014396995,0.2677087,0.31048495,0.77835804,0.41330087,1.0244743,0.0981464,0.008702389,0.41510868,0.0,0.2433007,1.6216038,0.31606635,2.4399765,0.20185097,0.76088214,0.16220081,0.49870703,1.1663228,0.7601883,0.44123143,0.5911168,0.50578994,0.21385562,0.10413181,0.7547241,0.98865926,0.79992485,0.3071656,0.1116497,0.26972255,0.5018277,0.22781006,0.20364408,0.9410357,0.14247358,0.21052782,1.4709133,0.70135164,0.39307022,0.9659053,1.515566,0.43550345,0.08538021,0.36439818,0.7009291,0.4648435,0.993452,0.18890108,0.48093912,0.037975464,0.43369067,0.6475218,0.060527757,0.21490422,0.7446602,0.48977903,0.91799176,0.016131513,0.11196548,0.18879265,0.6873274,0.053939,1.3077128,0.3019928,0.10450271,0.08194283,0.47181118,0.0,1.5209768,0.20720972,0.056319777,0.08570083,0.057110295,0.0486996,0.35542753,0.5261769,0.89649105,3.119349,0.32654497,0.027371898,0.22144453,0.20798475,0.42570028,0.10535553,0.42917213,0.024384243,1.5520495,1.7570984,0.17655236,1.0932148,0.03734694,0.8308247,0.47930947,0.581839,0.11645039,0.58341634,1.6046251,0.5957937,0.57628256,0.27059832,0.19168009,0.93087554,0.1870111,2.7708113,0.10438818,0.22301744,0.6834212,0.52945465,0.028131075,0.43197733,0.18097505,0.45911092,0.20039883,0.021567643,0.054018084,1.2119758,0.5877764,0.059400097,0.98045003,1.242902,0.84809345,0.85782015,0.15435028,0.6236595,0.8728917,0.81255877,0.3479468,0.56303227,0.026416883,0.47289383,0.040515263,0.244513,3.4803681,0.31828308,0.0027070094,0.1558854,0.48716667,0.9338069,0.074243814,0.4106757,5.2698226,2.002231,0.06699306,0.3994778,0.2777555,0.5693838,3.195496,0.42338124,0.8619313,0.41734228,0.15847467,0.6264258,0.20134997,0.42844525,0.31525803,0.37053683,1.3449842,0.15851599,4.8364363,0.0116417585,0.0,0.13534272,0.4792546,0.2751014,0.60259944,0.0034943034,0.23822214,0.17411254,0.24886703,0.2186407,1.3688476,0.035990603,0.51372313,0.16434352,0.71341425,0.013426751,0.34069076,0.3719352,0.057256144,1.2078313,0.19881135,0.006152583,0.36781886,0.16364132,0.9061704,0.033285275,0.09211713,0.14579298,0.30736056,0.4366877,0.9019809,0.33748287,0.0,0.36642715,0.22877167,1.7380799,0.49605295,0.009310148,0.7125764,0.24690121,1.1805952,0.9078495,1.0579427,0.44127506,0.6047475,0.29525444,0.5128431,1.0886688,0.09404533,0.41519344,0.25464517,1.6162288,2.6105256,0.6175799,2.1509278,0.6234129,0.17333552,0.7985298,0.43658376,1.7082281,0.038688414,0.19474041,0.13709094,0.050305262,0.0015870954,1.4151698,0.44690594,0.63977224,0.9442851,1.2097254,0.55557626,0.29869145,0.072847694,0.00023636769,0.3350112,0.6234438,0.46040064,0.54377025,0.092049345,1.5162966,0.24244729,0.38037,0.36318782,0.08485751,0.786056,0.0,0.17031457,0.30648664,0.15025778,0.7855281,0.45689034,1.2298065,0.94817096,1.3094188,0.5243045,2.4153132,0.464208,0.09239878,1.6062804,0.37110245,0.118864775,0.64792955,0.25274262,2.1375642,1.6172005,0.22720137,0.075991735,0.9267304,0.98974967,0.31380203,0.25788066,0.08582987,0.197035,0.9840313,2.6298068,0.94787556,0.044162605,0.9256508,1.6912162,0.46341187,0.7599224,0.12045635,0.8658156,1.0577906,1.8172985,0.285718,0.34114814,1.0643883,1.1327758,0.4485423,2.1025054,1.2499737,0.29179317,0.44880897,0.38427147,0.06565844,0.49191222,0.5662535,1.8300575,0.10102547,0.18019037,0.16701138,0.3338686,0.10903699,0.0,0.09116011,0.032620054,0.47008622,0.24990924,1.5503898,0.654506,0.3882623,0.02260268,0.8701659,0.74415857,0.20352301,0.044559848,0.08399878,0.005582458,2.8067462,0.27642754,0.065611705,0.25967738,0.5099609,0.025768656,0.0,0.2492307,0.08180712,1.5272533,2.0322237,0.17598772,0.5587548,0.176374,0.69891024,0.35768282,0.8255738,0.40039727,0.59708023,0.21542066,0.1292221,all_pothole_images\pothole_images_new_image_1213.jpg
1.1428381,2.0945606,3.014913,0.021033624,0.0055091083,0.7085761,0.57852244,0.72010344,0.38733065,0.578548,0.38448665,0.9947905,0.121098615,0.29276904,0.5465057,1.5021183,0.7218599,0.15685044,0.20331079,0.570631,0.2759409,0.7477619,0.75988084,1.0954984,0.83278835,0.51901877,0.06735617,2.1561434,0.24576277,0.48723784,0.17329733,0.18690385,0.16686283,0.41819692,0.58480835,0.09042613,0.18194841,2.1508791,0.8822468,0.3557165,0.051211834,0.52334183,0.47933415,0.9139473,0.5780019,0.29222164,2.0574265,0.15051548,0.7641099,1.3672519,0.59444946,2.1602776,2.2058895,0.7979668,1.2121756,0.42284852,1.0101615,0.09932446,0.730758,0.32144958,0.3259058,0.73465943,1.5684694,0.1302864,1.1104218,1.0686133,1.7705791,0.47335908,1.5375347,0.7029685,2.6001425,0.23359972,1.6660447,0.15038477,1.1804546,0.93646395,0.56723297,0.10292483,1.469594,3.1297262,0.50800604,0.23830414,0.5094791,1.9268827,2.5422606,1.5591884,0.22794373,0.62830234,3.4845898,1.1007189,0.035832208,1.5677218,1.801432,0.22958516,0.5843592,1.7030517,0.6795256,5.2113047,1.7277819,0.36677888,0.67842746,0.003540786,0.06548686,0.20375615,0.40431723,0.21242653,0.96173155,0.03209626,1.0528811,0.90338594,2.0827394,0.9231288,0.3622563,0.78082466,0.607705,1.1779441,0.25119287,1.3875489,1.8346794,0.1083245,0.82667696,0.44306478,1.7633221,1.7655817,0.9739853,1.3051931,0.9896819,1.4662671,0.3238705,1.2360857,0.50994265,1.2451515,1.2172331,0.33347818,1.2768195,0.11887595,0.10291911,0.14843662,1.1575215,0.35640618,0.9469145,1.451714,1.2513779,0.26159006,0.05622345,0.0355381,0.111912474,0.028539531,0.4116861,3.7647436,0.9535947,0.40343693,1.050145,0.87291884,0.30247554,0.14568989,0.5630182,1.051116,0.22623053,0.09671714,0.79340345,0.8340563,1.2224995,0.33162627,1.8464887,0.317717,0.6945872,0.37079695,0.06300122,0.5619636,0.0016832452,0.22440672,0.45458838,0.17161623,2.7148948,0.028837068,0.8431153,2.872027,0.87702674,3.816149,0.93866074,0.44873843,2.1328378,1.4037871,1.7079495,0.73919374,1.2534462,0.31125826,0.44853404,2.3771632,0.18764885,0.21348861,0.6575508,0.94771296,1.2395523,0.5245699,0.7382146,1.2485006,0.4097523,2.5329666,0.08094257,1.424602,0.088215135,0.9201462,0.9543522,2.3610697,1.4009415,0.5205632,0.3944268,1.1299453,0.6793338,0.48445573,0.26733363,1.1630424,0.33195817,0.7723334,0.16162081,0.5547344,0.110420555,1.0030375,0.46254343,1.5014486,0.06007206,0.13446862,0.77924275,0.1520091,1.5490144,1.5773219,0.25196397,1.7714157,0.42035136,0.040962953,0.88858044,0.9088613,1.4521527,0.14654957,0.4547798,0.30789652,0.18958063,0.13241701,0.123082586,1.0072895,0.13014582,1.0590075,0.28959686,0.0964876,1.2130766,0.8390564,0.672578,1.8655934,0.6612442,0.9996063,0.8387317,0.2907196,2.3844771,1.2008984,1.0668026,0.9082612,1.9478222,0.18535346,0.07897283,0.5250874,0.9056106,0.8386269,0.22235522,0.897001,0.16925156,1.3219433,0.38699114,0.13762464,0.36483043,0.20728308,1.1146766,3.2757792,1.495668,4.0713773,0.6399118,0.24420127,0.4649329,0.8633798,1.0940038,0.5724305,0.90086013,1.0770411,1.775876,0.3593093,0.95112187,0.99655944,0.9312999,0.54435885,0.370393,1.409802,0.33380368,2.6202245,1.3662215,0.8210295,0.8937575,0.77324474,3.294821,0.79547054,0.1623211,0.5441904,0.17950155,0.83242416,5.3358116,2.011762,0.14281341,2.017616,1.9503288,0.11365958,0.18311049,1.4944265,5.989826,0.74170077,0.2960898,1.4785784,0.38445055,0.46743852,1.7211314,0.020568429,0.7031594,0.31149283,0.4292411,0.0044121216,0.24545552,1.0323126,1.0187947,0.05175182,0.33699125,0.7626643,6.4897733,1.1855642,0.009739392,0.33627528,1.2080632,0.16356115,2.239236,0.79147875,2.5255554,0.039753016,1.7271026,1.859971,0.93651074,0.81816715,1.1520481,0.8056766,0.11219395,0.5637352,0.115961075,0.38323808,0.05548272,2.1973429,0.9001126,0.0033342307,1.3651482,0.44262522,0.9683078,0.3470993,0.3726064,1.2651331,0.9728484,0.8780458,1.0514511,0.40261123,0.042694114,0.853051,0.4985202,0.60047084,0.18779622,0.1955443,0.4913229,0.9008065,0.09916434,0.5669488,0.27757505,2.8185246,2.3745239,1.5348994,0.61250204,0.75940126,0.3763453,0.673116,0.8437691,1.2846977,4.7440014,0.7296511,2.1492283,1.0348765,0.093527004,4.2105613,1.2242131,0.9018528,0.42464992,1.6898638,1.1386892,0.61614555,0.0021651916,1.8149186,0.73037034,0.8097464,1.2244081,1.1386899,1.3213868,0.775605,0.46566054,0.22543828,0.7524387,2.207666,0.23534451,2.3281744,0.26199225,1.0657322,1.4059186,2.09819,0.05571955,1.5909,0.44180998,0.00037254012,1.2897242,0.4443652,0.17538473,0.38332754,0.70712227,0.2468879,0.4032761,0.031974383,0.6211787,0.8859969,0.041041054,0.8510488,1.0481288,1.5576545,0.71904474,0.979651,0.9472616,0.86078745,1.0486146,0.4092568,0.021990204,0.03316365,0.8828977,0.6871557,0.26560953,0.34007695,0.2466485,0.98606807,1.8123969,0.37838355,0.497425,1.916091,0.84605175,0.95754886,2.5077324,0.7732151,0.7242564,1.2390383,0.4349541,0.6978559,0.49938178,0.24788313,0.63127697,0.055746164,0.7351018,0.44124493,0.109237045,2.4349475,0.91953534,0.0038097822,1.4209439,1.110571,2.1407545,0.95241266,1.1344062,0.9458662,1.773408,0.25836232,0.40102643,0.3847952,0.9820284,0.77075946,1.1397526,0.74882275,1.3387685,0.03842309,0.33649296,1.172995,1.7782402,1.5562906,0.385576,0.0053522466,0.26550806,1.6492636,1.4746476,1.203435,0.43850338,1.2894644,0.0023016322,0.76184845,1.3646804,1.2679199,0.08116805,2.9902925,0.036783177,1.5507367,1.0520006,0.29700845,0.07248929,0.76269734,0.42513198,0.07065955,0.1421649,1.2973256,all_pothole_images\pothole_images_new_image_1214.jpg
0.30181187,0.91823363,0.17993507,2.2344701,0.11790337,0.051938392,0.026824,0.099063605,0.017822238,0.037676547,1.4253715,0.2916399,0.004876044,2.7460504,0.049902357,0.081584424,0.01745392,0.23958257,1.1289281,0.045586973,0.52512294,0.3043313,0.29905456,1.3114752,1.1416106,0.96517724,0.2500026,0.9426619,0.050149776,0.0,0.33752447,0.16759141,0.04367783,0.14263645,0.21978176,0.54317075,0.21272697,0.42114562,0.5926555,0.1261755,0.06677686,0.021061001,1.1092424,2.7015107,0.11592967,0.12674914,0.23688127,0.33920848,0.014951139,0.21724297,0.20275167,1.1441442,0.36636868,0.139616,0.66228557,0.3077061,3.1746035,0.58125186,0.39477172,0.008528981,0.08428707,0.030879555,0.32950166,0.018216765,0.4243042,0.9937615,0.014241492,0.039266672,0.38905996,0.38003463,0.48387212,0.5328713,0.035273224,0.30786338,0.04476334,0.015028888,0.09498954,0.7680716,0.013663229,0.4529379,0.0,0.3351302,0.83752847,1.2179201,0.35477892,1.2404042,0.44174176,0.26820606,1.8241391,0.009815223,0.18446383,0.013587567,0.22069572,0.027277179,0.19710445,0.024153268,0.94078124,0.422737,0.8681147,0.39457452,0.020560026,0.90518063,0.119943015,0.5120288,0.54200435,0.5367338,0.1178736,0.12118953,0.20787114,0.4102795,0.011918302,0.9126906,0.02490125,0.41395563,0.50106287,0.28336325,0.80663407,0.4748883,0.5222269,0.07419787,0.85225743,0.23112471,0.2702575,0.5340683,0.06515116,0.48502052,1.1941113,0.42986786,0.8724143,0.07202973,0.40514833,0.1643906,0.5682309,0.17213331,0.63319105,0.04018326,0.013748316,0.07256884,0.12998016,0.14906943,0.20618245,0.034885485,0.0,0.50637865,0.0131247435,0.115979016,0.038110595,0.09202218,0.16837996,0.21091312,0.22722857,0.74814993,0.0,0.5530175,0.91632324,0.37841797,0.07038761,0.10702804,0.14961351,0.34948277,2.283469,2.3184683,0.1886331,2.3461268,0.10413281,5.674301e-05,1.3134743,0.123748586,0.002919699,1.6532606,0.21989997,0.094769746,0.09462777,0.07187973,0.8089049,0.0011760698,0.00944848,0.002993696,0.62702686,0.069990814,0.00024527736,2.2379296,1.7919261,0.41276956,1.5503116,0.37776265,0.07888021,0.30614704,1.0943375,0.4243066,0.23640734,0.008298983,0.05374675,1.8213015,0.16212541,0.9537101,0.1304306,1.0169748,0.28453395,0.24107468,0.120299414,0.8411009,0.114382505,0.20742293,0.4692222,0.17898318,0.28171012,0.1034071,0.022921212,0.085486665,0.0034454956,0.12277554,0.726574,0.023122264,0.89402145,0.48012698,0.2519114,0.25674805,1.317586,0.046327796,0.29951024,0.1295819,0.116892345,0.08200458,0.048746,0.1210943,1.3075503,0.0,1.4561702,0.14461072,0.32681382,0.30286285,0.43981335,0.26644108,0.07024273,0.06588128,1.8679457,0.7517199,0.031732015,0.08287595,0.0,0.5550173,0.45456663,0.114072084,0.17933464,0.004946354,0.39302725,0.3597049,1.0735346,4.515345,0.99232215,0.41767856,0.014571258,0.27397224,0.4040296,0.6111253,0.44747317,0.08129094,0.3332577,0.3792078,0.22208837,0.1083559,0.9005173,0.5348504,0.39330977,0.41987547,0.82297033,0.89226943,0.7627633,0.011645535,0.0060314243,0.023473613,0.65212476,0.3033729,0.28048292,1.3481766,0.4453333,0.41845042,0.08064982,0.51783836,1.8253628,0.002290509,0.8058053,0.067578025,0.02488643,0.3179578,0.06862278,0.26767823,0.0014493266,0.017118493,0.17484191,0.10049042,0.0,0.90981704,0.54055643,0.2082304,0.11174661,0.03872873,0.09161219,1.7777975,0.41661468,0.45889422,0.16993004,0.3356252,7.8022795,0.7984706,0.04184175,0.3649964,0.015266583,0.731583,0.054323584,1.1372161,0.95283437,0.8153121,0.16352902,0.57150686,0.70901906,0.51353234,4.446185,0.2855731,0.04630766,1.0584929,0.093841396,0.06923355,0.35602513,1.4592708,0.9498289,0.0,0.39426687,0.3298092,2.1909297,0.27142194,0.11373981,0.10155605,0.10113028,0.38530838,2.1083865,0.8093196,0.15124294,0.7113612,0.16072175,0.0,0.5028916,2.7812977,0.79666376,0.5855933,0.15918474,0.05495173,0.08329865,0.69047064,0.03946089,0.0,0.045091987,0.024210019,0.005378625,0.015635755,0.15381539,1.2261049,0.17263871,0.35851985,0.0059540058,0.4652591,0.46466216,0.7903919,0.007084565,0.20763025,1.943781,0.28565875,0.0018840493,0.084119454,1.8018084,0.11278185,0.054563172,0.2786127,0.28323305,0.30403212,0.1338372,0.0,0.20081088,0.09872469,0.14425719,0.28072178,0.017731477,1.0458854,2.2472873,0.17695194,0.71435064,0.0075518587,0.04004804,1.0418013,0.39253935,0.4543769,0.41097683,0.17377079,0.18613355,0.17005001,0.37926474,0.6395248,0.69006526,0.014972974,0.9213111,0.73901045,0.29617167,1.6714776,0.08509734,0.024326969,1.0196961,0.37902233,0.10393131,0.1858398,0.030659456,0.46585,0.07429966,0.82809854,0.004328506,0.019142274,0.10231099,0.40081108,0.061632574,0.026703585,1.3033919,0.17793682,0.5217576,3.2258596,0.2695928,0.041016012,0.5956239,0.31207496,0.0953231,0.21847592,0.17591242,0.06823915,0.04434857,0.8820201,0.15721956,1.8181193,0.17655642,0.046799842,0.08479685,0.0047491854,0.2754331,0.37521452,0.066688865,0.32265222,0.015107337,0.00042658552,0.70523304,0.37628508,0.8539492,0.91206384,3.270611,0.26845533,0.2647231,1.0024246,0.54952794,1.8646352,0.39939442,0.17168821,0.05183023,0.14434277,1.8151313,0.00114043,1.1525356,0.0650219,0.111614265,0.52640754,0.41161746,0.05765651,0.25618508,0.3254561,1.175287,2.1344247,0.05832045,0.3985942,0.43843678,0.24396783,0.27674246,1.221521,1.1242077,0.003222935,0.844942,3.842982,1.1167165,0.20570388,0.19381978,0.55334413,1.0741675,0.04084039,0.24943627,0.4797244,0.068714246,1.5318304,0.07132197,0.072560154,0.0,0.3672183,0.005363366,0.077029146,0.056124005,0.045551043,0.20107435,1.1517625,0.98415744,0.7432061,0.4846343,0.99103904,1.1167669,0.41765636,0.10516421,0.0,0.39568308,0.0503744,all_pothole_images\pothole_images_new_image_1215.jpg
1.217323,1.710567,0.85738194,2.4167552,0.13999617,0.9523575,0.11312723,0.005242711,0.11114589,0.5376996,0.03780495,0.2353175,0.74667466,0.9711071,0.034871127,0.08164394,0.56188244,0.2503501,0.38189283,0.66360706,1.0926859,2.4036784,0.20082738,0.71756005,1.3447511,0.2682807,0.40764,2.4416854,0.16105653,2.1815448,2.6190639,0.09552439,0.22624722,0.09013244,0.46030533,0.2530739,0.50734305,0.88763684,0.23414081,0.067969956,0.0,0.008509803,0.80994904,0.87802976,1.0549058,0.24971828,0.02551305,0.34377444,0.08372233,0.23587841,0.6433552,0.40046075,2.693076,0.18323214,0.026743738,1.171387,1.4169165,0.36791843,0.6446212,0.01826708,0.11725427,0.63055784,1.176165,0.62539387,0.11534541,1.0799216,0.3339571,0.016785944,2.191225,0.08287997,1.441632,0.88280034,1.7353632,0.3574892,1.837296,0.5021763,0.038478326,1.2605649,0.08537814,0.05656685,0.21602237,0.92031157,0.0,2.2602208,1.297208,0.5089564,0.075710736,0.27278695,3.78955,0.8025102,0.49355587,0.0,0.16901547,0.4118271,0.10662102,0.0,0.5228891,0.07222023,0.59658545,0.05556507,0.13214406,1.4723567,0.39730823,7.624508e-05,0.75840336,0.0023180738,0.33957484,0.12339663,0.28832296,0.27734408,1.0178832,0.9142861,2.9704998,0.17221402,0.41061065,1.3128587,1.1173713,0.17264748,0.07025396,0.28374118,0.47585887,1.2382334,0.78720707,0.2809073,1.0095344,1.1553723,0.5451014,0.41514704,3.9652894,0.62412614,0.13270572,0.0,0.29143834,0.0,0.39359912,1.3781741,0.3004524,1.3427798,0.9499625,0.08206498,0.5659198,3.1914003,0.0,0.6597665,0.27874824,1.3844352,0.0031739864,0.6682951,0.11711014,1.0441582,0.55879027,0.36869195,0.18251598,0.095689915,0.77445346,0.1603035,0.37509638,0.11842595,0.13179934,0.3480774,1.6993942,0.4283286,0.036854137,2.0585642,0.3981232,0.12035697,1.9835725,0.08916649,3.2745342,0.6487162,0.029507972,0.018702596,0.20853299,0.36723635,0.53165734,0.4507037,0.973438,0.003201447,0.1595077,0.08580093,0.46244687,0.89665437,1.7844584,1.3718565,3.0065262,0.29933876,0.085293755,0.15351395,0.52141887,0.08069545,0.48724237,2.3476791,0.0060923295,2.9415934,0.061240293,0.22892165,0.12031966,0.3011457,0.57263064,0.90457135,0.38422412,0.70212567,0.10796884,1.0234375,0.39041358,0.76952773,0.66687554,1.0115623,0.9862555,0.23486833,0.015410311,0.01045752,0.8128253,0.4976492,0.8251802,2.3004007,0.6269396,0.843589,0.23374604,0.056991242,0.5312992,0.030252496,0.025633974,0.8139254,0.0,0.07375081,0.9506283,0.22752778,0.9211469,0.20264463,0.00020723045,0.11050473,0.61203957,1.8633515,1.1654239,0.13820225,1.7017158,0.0,0.28967965,0.76248604,0.17036632,0.17397602,0.79052967,0.59083045,0.12686433,0.059993442,1.9102366,0.18560202,0.38652006,3.7889526,0.5148068,0.0,0.17703107,0.07102487,0.28555736,0.034710642,1.4512435,0.33233678,0.3767019,3.0746968,0.08008193,1.5282893,0.8313484,0.0,0.007596722,0.9878424,0.77209496,0.7713278,2.4593232,0.67353106,0.58743703,0.017849121,1.2890146,1.1002103,0.80654,0.14057022,0.61205626,0.6450826,0.7694956,0.9778379,0.5855686,0.023483524,0.05435246,1.4459643,0.7145129,0.2751858,0.17210923,0.8985329,1.2095263,0.3914401,0.29523495,0.30376655,0.23971605,0.8915164,0.4581485,0.32464305,0.13261816,0.15341319,0.3510048,1.0622795,0.43923852,0.05469915,0.07366478,0.039734736,6.485275,0.5180186,0.043262374,0.38695174,1.2798389,0.07846748,0.053495124,1.1925763,3.5988505,0.31087023,0.07005572,0.3661695,0.120592356,3.3928065,0.44223493,0.46663418,0.0,0.21039604,0.40508956,0.5406493,0.24053189,0.8133733,1.552227,0.0,0.16607432,0.029778577,5.6259727,0.18210521,0.6799016,0.04408195,1.6895384,0.3056544,1.5149604,0.5002925,0.4820292,0.21854396,0.5022604,1.7452953,1.3725878,0.5128807,1.3456045,0.6474781,0.5921309,0.1842141,1.0718116,0.32316592,0.10912387,1.160069,0.7368307,0.5206714,0.028982911,0.0,0.037380863,0.8909546,0.19317862,1.2300875,0.0,0.16175558,0.16074389,0.8499268,0.01897888,0.2748921,1.2823783,0.9904603,0.13533427,1.0952129,0.55809146,0.20441954,0.3250877,0.0,0.8575709,0.47489414,1.1138638,0.036672376,2.5816653,0.44038448,0.76438576,0.25821665,0.3975673,0.21188425,4.710138,2.0519402,0.7375288,0.4555147,0.062436584,1.8080777,0.12487286,2.0311852,0.602277,0.32098892,0.027129136,0.8255237,0.15123317,0.07114553,0.017256644,0.08014146,0.24705486,1.1195455,0.7687656,0.6875794,0.50804424,0.74130565,0.53231925,0.13224252,0.74613935,0.42799902,0.71951354,0.28137994,0.5332819,0.18994324,0.34730756,0.7830841,0.38288987,0.54608023,0.37172526,0.0,1.9484253,0.010205564,0.96186376,0.358429,1.3384252,1.0763216,2.0932033,1.5995072,1.3980044,0.9901164,0.21119346,0.16399597,0.16569865,0.005044553,0.19927275,4.604477,0.32118914,2.033885,0.9082253,1.15478,0.7338825,0.077146746,0.13452262,0.20071173,0.15763476,0.17692617,0.48537368,0.74186975,0.22944091,0.13815255,0.8442492,0.044850066,1.4349493,0.41980267,1.6619111,0.8832517,0.25067982,0.54797065,0.28132808,0.61479855,0.9024644,0.096909426,0.4793455,0.04115625,0.95278174,0.70254284,0.0,0.008742134,0.83363247,1.1182059,0.8477858,0.049909197,1.0324231,0.51814,0.5504403,0.0,0.22312628,0.67971164,0.15082884,1.5749569,0.052675556,2.0029814,1.7877047,0.26458257,0.22580047,0.021382788,0.59759396,0.013060502,0.6443925,0.0,0.3251694,0.73685163,0.06763803,0.15063816,0.01325889,0.035666227,0.95723045,0.06210663,0.086925134,0.0017122747,0.016449835,5.722561,0.62980384,0.15929404,0.45154342,0.90469307,0.78960353,0.4402333,0.074816756,1.8552065,0.6540728,0.49181333,all_pothole_images\pothole_images_new_image_1216.jpg
0.6907535,0.21573651,0.01062987,2.2827954,0.06626068,0.23282205,1.1217222,0.20143804,0.0037376357,0.40043032,0.28138736,0.19662552,0.029830743,2.5882263,0.017366884,0.1622487,0.009589549,1.4357477,0.7969768,0.02557591,1.6891437,0.099449836,0.15589137,0.42143974,1.6530752,1.2510037,1.0735054,2.2892723,0.08439558,0.0033923697,0.3347275,1.116891,0.0,1.263612,0.5722498,1.380536,0.3267635,0.6470483,1.3699235,0.05232884,0.06344191,0.5751237,1.1807175,0.24545926,1.3687385,0.94045395,0.27522928,0.14554265,2.136237,0.49448034,1.7010942,0.103252195,0.74076647,0.41039804,0.16028918,1.2116151,0.42715445,0.4294346,0.7968841,1.1129577,1.0957826,0.5544244,0.007733892,0.315162,2.125719,1.6255943,0.45291716,0.93770003,1.0566108,0.004164861,0.6191412,0.81751823,0.3400468,0.21964756,1.8359146,0.18745025,0.6412,1.4584951,0.53637874,0.4979195,0.0,0.624166,0.89960796,1.53932,0.04734961,0.005787946,0.32854795,0.017120445,2.199581,0.90288264,0.18049997,0.7352247,0.48970217,0.5773206,0.6038384,0.0,1.3665141,0.56005245,1.1227925,1.167522,0.31424215,1.6358411,0.66509473,0.34230018,1.4992828,0.0047736843,1.3181418,2.2075765,0.111669496,0.38068086,0.70654714,0.44896513,0.34446195,0.524439,0.75869936,0.1601171,0.022754861,0.25398386,1.771194,1.5212512,0.30287465,0.03597579,0.542653,1.1433903,2.342448,0.44909316,0.991106,0.002288993,0.5061841,0.70487374,0.069240525,0.4219319,0.41431645,0.004192962,0.90640163,0.9901766,0.5624031,1.210923,1.381759,0.0,0.2105832,3.1993463,1.2389503,0.8383113,0.0524588,0.56581014,0.06798955,0.013902608,0.6951548,0.041369293,0.12665483,0.5570015,0.25240374,0.17618848,1.1998378,1.178775,0.81052524,0.2572637,0.87518233,0.78634197,0.73020184,1.5680339,0.32494318,0.9161665,1.0430909,1.1223831,0.50112176,0.025385525,1.0285939,2.5811837,0.105400465,0.0012129588,0.08557711,0.07230278,0.30625057,0.17487171,0.36371183,0.030296288,0.7736242,0.14312235,1.1414627,4.0310163,0.43261516,2.1985788,3.3545637,0.6319113,0.6669903,0.78775316,0.1222604,0.6272735,0.11215375,2.6915052,0.2356304,0.33849117,0.36775798,0.54860103,2.9691885,1.046018,2.6372492,0.87836975,1.0698272,0.16016461,0.0023006771,1.3546566,0.24719602,0.09520629,0.31731388,0.19024178,2.2522795,0.39181837,0.0,0.0034744304,0.43923315,0.14951967,3.0095274,3.5695183,0.034719903,0.0,0.2725907,0.9843527,0.9530258,0.09352865,1.1621512,0.0970342,0.0,0.31253815,0.66604984,0.037181683,3.2200224,0.9015845,1.409278,0.0,1.389414,0.3973858,1.1157854,0.6772307,1.5696365,0.0,0.35385934,1.954818,0.6184327,0.20278609,0.04586504,0.41908276,0.6109361,0.016722044,2.057407,1.7656555,0.6676462,7.876044,0.43125635,0.9095714,0.13028297,0.48165005,0.11986201,0.33064154,0.829949,1.4362555,1.0718473,4.974927,1.6360352,0.91888815,0.6917231,0.11753429,0.80235624,0.16061883,2.2392256,0.09305619,0.7050192,1.496691,1.103852,7.60599e-05,1.6632556,0.8315283,1.0893452,0.4230759,0.0,0.047025423,0.6596799,0.420748,0.57001936,0.39962745,0.19469123,0.24633808,0.018888246,1.2958897,0.27961263,2.0181966,2.6243103,1.4604545,0.1553962,0.54183304,0.041361827,0.06305521,0.12503777,1.2909107,0.071940936,0.05697143,0.30793157,3.9847963,1.8742214,1.0082179,0.2768386,0.0,5.2088594,1.8275223,0.52174336,0.0,1.1398605,0.34955674,0.25642037,0.028152883,1.8163594,4.09204,0.9199322,0.53211904,0.07352796,1.8708956,6.197006,2.3517613,0.11472388,0.029784046,0.96227014,1.3124794,1.5225624,1.5530001,0.6629735,0.061485466,0.6087259,0.67548275,2.8454962,0.4725942,0.0,0.5915276,1.5998701,0.26625574,3.6420667,0.9553874,0.47865385,1.3069986,0.33813834,0.0,3.6818564,2.5449655,1.3905368,0.4456808,1.552615,1.1649427,0.60079443,0.39718202,0.0020285193,0.6064918,0.5300149,0.4155262,0.017715577,2.1528518,0.124552295,0.7749113,0.9618223,2.817078,1.5702908,0.16657066,0.09447519,0.14521697,0.23767748,0.010272325,0.10082751,1.015505,0.13462031,0.47823194,0.09264609,0.52598554,0.15633065,0.052936304,0.14653218,0.86716616,0.044283774,0.15838829,2.2602184,0.0738104,2.5836616,0.23463866,0.46197882,0.69439983,2.209412,0.18820845,2.0024698,0.66623634,0.3209728,2.076744,1.6267644,1.0993614,0.21211842,1.0420321,0.041028976,0.54138124,0.7907328,0.23285283,0.38611305,0.14725342,0.30403203,0.87497467,1.8633469,0.15665668,0.7414505,0.009300716,0.0037520977,0.77094656,1.6040366,0.3086542,0.060176287,0.0,0.0,1.081109,0.76355296,1.1613942,0.060804345,1.9784125,1.5136632,0.24249843,3.2159088,0.3975726,0.6378985,0.11152628,1.2856394,0.4130422,0.12519832,0.3847832,1.1515558,1.2264618,0.43380728,0.85330784,1.4146893,0.15995082,2.190926,0.51511633,0.89503384,0.90667087,1.3385147,0.056187812,0.7981478,1.7391201,0.34858778,0.14146836,0.023333091,0.055502754,0.6623309,0.8593534,0.28178403,0.9232011,1.3123387,0.55243844,1.0728667,0.19488506,0.9262103,0.1127122,0.81489396,0.31004667,0.18783149,0.7701933,2.8478537,0.30474007,0.54517007,0.0863894,0.74328434,0.4924083,0.0,0.013638044,1.4036742,0.40100542,0.65308815,0.90149486,0.19073252,0.62770313,1.7790178,0.010531172,2.0315819,0.86095357,0.040109523,0.022277653,0.008918012,0.5309817,2.5012777,0.18721682,0.15433602,0.2880612,0.016066793,0.014463814,1.9687998,0.0,0.09526056,1.8146753,0.95926774,0.26839843,0.008345326,0.1107169,0.3000539,0.4905765,0.09727224,1.2787603,0.8021665,3.4766865,1.3885759,0.4324214,0.1631463,0.9036781,0.8699257,0.30087838,1.0200263,0.19368029,0.022220425,0.45530534,all_pothole_images\pothole_images_new_image_1217.jpg
0.33045235,0.7751465,0.075074844,2.224739,1.1285188,0.45307338,0.4994999,0.0031463192,0.79769224,0.43705028,0.4485859,0.9170002,0.0,3.3747172,1.7261608,0.07047025,0.12845726,1.4768764,2.6875727,0.22232449,1.0841675,1.0225618,0.0063199904,0.598129,1.2570585,0.34982708,3.1588109,3.1397974,0.4830779,0.16783589,1.331328,0.0772489,0.4264397,0.087330125,0.15049459,1.7517879,0.4614815,2.18091,0.10948626,0.49559003,0.177501,0.065487966,0.56150883,4.548812,0.1913542,0.24230291,0.23661107,0.24509484,0.07147295,0.6131904,0.23219626,0.56553954,0.35931623,0.044900194,0.19534278,2.3756144,2.8643947,0.63116825,0.1354233,0.07807569,0.60040337,0.45510715,0.33243233,0.19400573,0.51538515,2.969209,0.36594975,0.0,0.0060179927,1.0819958,0.21587086,0.5428038,0.5964073,0.15577236,0.30629078,0.1815817,0.105277106,1.3669119,0.25669032,0.5103612,0.12288193,0.0220404,0.03360443,1.8535286,0.10687049,0.0,0.09493502,0.041178357,2.6668513,0.0730649,1.1172689,0.0,0.18969338,0.0075516105,0.033445816,0.028429158,0.13235576,1.2678761,2.3757372,0.17837396,0.28042963,3.6030786,0.0,1.1415402,0.5153641,0.3062116,0.46424258,0.12846218,0.9821486,0.10619429,0.0,1.1318579,0.44454637,0.031935714,0.24616969,0.8224264,0.871419,0.29031676,2.232777,1.809807,3.0401306,0.50516886,0.120978415,1.8769151,0.8868261,0.052745033,0.8367308,0.8709995,2.9463952,0.77979356,0.11349601,0.057603043,0.41074955,0.042133857,0.37081087,0.3709358,0.98507816,1.3095108,0.52665263,0.17359772,0.72758937,0.14865792,0.045562927,0.08898315,0.9957426,0.50076854,0.15079223,0.4620828,0.15950467,0.24325848,0.9362053,0.46610242,0.0,0.32996267,2.1200619,1.2822057,0.3677639,0.5358438,1.0963459,0.73642534,1.4670684,1.4992316,0.20639078,1.3450308,0.4147028,0.020528812,0.58100116,0.5462583,0.8129327,1.9976802,0.0590112,0.15383595,0.00013024024,0.08819568,0.28197262,0.29308084,0.36789617,0.14316759,0.09447695,0.27124256,0.0,3.6729786,1.9726646,1.6346301,0.53507733,2.6518087,0.079545796,0.74462414,0.05502251,0.188849,0.09847015,0.30915642,0.22425492,1.2113086,0.046030317,0.63797265,0.3803025,0.20461896,0.0,1.0309138,0.84037364,0.05144987,0.07036988,1.1071055,0.19987196,0.08251778,1.1525459,1.1938463,0.33122107,0.46875116,0.083573595,0.045879982,1.6682924,0.35982925,3.6900365,3.7641246,0.90061915,0.13146006,0.27114683,0.29684004,1.4680127,0.12264914,1.2846111,0.028145002,0.047306776,0.13206929,0.9945413,0.8024745,0.05987117,0.62663317,0.5563601,0.012282703,0.1503641,0.37869495,1.3445332,0.21032964,2.5028126,0.09561442,0.16958952,0.4606063,0.45273238,0.52663743,1.4250544,0.4541601,0.8249896,0.5419028,0.41412264,0.0044620433,1.4143281,3.728893,3.564009,0.6661911,0.20906284,1.5511456,1.2637012,0.08549795,0.5402757,1.2418319,0.441512,1.3622533,1.3443385,0.05134777,0.87795144,0.04242989,0.58570534,0.5522489,1.1031913,0.8534133,0.28758678,0.038646273,0.175788,0.017587192,1.3893514,0.014259106,2.566387,0.23331784,0.0,0.4457927,0.4412697,0.5989942,1.7150403,0.007264414,1.4109885,0.42735204,0.78690904,2.1681557,1.2935054,0.45396608,1.8256909,0.011544459,0.0,0.040060908,0.13089429,2.4516714,0.078796715,0.4693105,0.1874121,0.17303178,0.14046663,3.563919,1.1520202,0.6875816,0.19189595,0.2380443,5.8929095,0.3299734,0.114936136,0.10243324,0.2905638,0.21833521,0.7296819,1.4974285,0.9757739,1.9951494,0.49119148,0.7254959,0.068831384,2.731901,3.3698182,0.4057174,0.18891422,0.0,0.9918765,1.3771387,0.2695117,0.82387006,1.9224728,0.058667302,1.0959724,0.2848178,1.7693675,0.2628499,0.38033158,0.55028105,0.2195728,0.26507613,1.6405545,2.261675,1.8361955,0.54042906,0.25999954,0.9613439,1.1187024,1.1692871,1.7931612,0.3373371,0.32209918,0.528476,0.61467445,0.03898263,1.4208152,0.3123511,0.3368702,1.6033988,0.04913853,0.08623852,0.07922797,0.22436488,1.2287252,0.3954839,0.06935737,0.50023526,0.6735232,1.2450516,0.053861115,0.27410644,0.5216969,0.42402813,0.65604955,0.6043789,0.94272995,0.6139801,0.4047238,0.0,0.3283371,0.06657391,1.6586559,0.0,0.75249684,0.41256142,0.45535395,0.2336056,0.010707117,0.34712565,2.3661075,1.0846127,0.25905886,0.10708179,0.0055655604,1.0478445,1.2892394,0.022450006,0.67844194,0.0065353573,0.08403085,0.33020034,3.0341609,0.2813639,0.03125885,0.09348154,0.43773252,0.6600563,0.3546154,1.7492685,0.46714848,0.30803496,0.022306588,0.52757037,1.0050864,0.09438488,0.6028145,0.4765015,0.06792554,1.3673443,0.6351506,0.4492976,0.62507015,1.5559326,0.30733538,0.01891131,3.738722,0.04870868,0.4679854,4.037004,2.5915549,1.1701963,2.1956415,0.919456,0.14718707,0.3987895,0.8126699,0.0,0.19887017,0.2772267,0.28365198,3.3691823,0.24335551,0.026684958,0.1660904,0.110973455,0.84893376,0.0,0.11619043,0.7096438,0.20347373,0.0,0.7214844,1.6221752,0.2281927,1.5141212,2.7964365,0.004567655,0.018369166,0.47557378,0.5127624,1.0781386,0.2730575,0.22430034,0.2653317,1.9554739,3.0998828,0.221525,1.2546331,0.018256862,0.5045391,0.049129523,0.08855394,0.06282145,0.6031301,2.4874043,1.1587207,0.53305286,0.26359677,0.61521983,2.050106,0.17632715,0.006056395,3.1892924,0.95722055,0.0925609,0.36795443,3.2506075,0.67639935,1.4036504,0.29885915,0.113323756,0.13544701,0.09273681,2.51725,0.16372249,0.0,0.87113523,0.51097625,0.0,0.0061120777,0.16217606,0.0020823686,0.005867402,0.20879555,0.77459854,0.31686616,2.7826512,1.248514,0.16221733,1.1443803,2.9209838,0.85050976,1.0289263,0.029663244,0.11357226,0.07681724,0.04622236,all_pothole_images\pothole_images_new_image_1218.jpg
0.23211195,0.075922124,0.79486704,1.3244425,0.134259,0.19378142,1.3583986,0.12375973,0.0015879819,1.4531997,0.09515508,0.45088872,0.07152409,0.31303284,0.055808384,0.32168597,0.24122609,1.3293641,0.26046133,0.08036354,0.29444757,0.77917606,0.9769265,1.7131968,0.70636916,0.35858384,0.0022038722,1.4044614,0.11182362,0.07409998,0.08627838,0.0036690086,0.6822815,0.3880828,0.12794176,1.034078,0.18921648,0.13811845,0.022743288,0.062193412,0.2018569,1.0208702,0.065178044,0.009761935,0.6874037,0.027210288,0.1421284,0.004211061,0.4985315,0.7400254,0.06803484,0.021422587,0.04444029,0.18533197,1.0771049,0.9485447,2.2062376,0.4885893,0.26058945,0.39043254,0.13698156,0.45969754,0.6547776,0.46786436,0.50572616,0.7812345,0.10935267,0.005508513,0.0007302034,0.56336784,0.37851557,0.17771666,0.251287,0.112006746,0.101648495,0.116662785,0.0,0.12717523,0.0104292035,0.0013225909,0.04842092,0.16832283,0.002036788,1.8430692,0.15659831,0.12087898,0.051785357,0.09643501,0.64020723,0.81636816,0.029747263,1.2102404,0.017787177,0.1571432,0.63786995,0.02988526,0.9281708,0.5749947,0.0074271527,0.017559754,0.08505775,3.9659312,0.44875923,0.10779292,2.1335611,0.5888748,0.252879,0.30847782,0.2387517,0.44667524,0.07981093,0.99621063,0.28818035,1.0163236,0.25551233,0.3888672,0.28701133,0.43455952,2.8408775,1.2271011,1.6320976,0.45554623,0.04305894,1.2347668,0.19633809,0.14743747,0.1644311,0.34888038,0.13786547,0.086306415,0.14526209,0.0019031373,0.10588848,0.35796586,0.009553645,0.18505812,0.2439565,0.026277011,0.0053576864,0.13275859,0.2653521,0.0040318286,0.2534769,0.497637,0.13614304,0.36389467,0.023159131,1.4143867,0.010561687,0.04973898,0.19294702,0.3267858,0.061622337,0.07398772,1.3617382,0.60506284,0.93087876,0.7551084,1.0988181,0.32727328,2.1106386,0.85294986,0.055835217,1.028102,0.53780377,0.09840315,0.8473391,0.033640306,1.7626839,0.41411325,0.25384465,0.017060548,0.0042197476,0.040259596,0.2933267,0.20164445,0.018247759,0.023965416,0.009501098,0.06444896,0.2153735,0.6878317,0.5108692,1.0536171,1.2672081,0.24826834,0.0037212868,0.16355814,0.19915316,1.1430951,0.19965868,0.0050671524,0.5405211,1.880565,0.005954769,0.036446013,0.36723104,0.81713486,0.5339194,0.15678579,0.1843268,0.12921421,0.5915565,0.010503936,0.20023899,0.5199001,0.07637438,0.009146852,1.6110336,1.8096985,0.019494185,0.16270013,0.54303014,0.6522991,0.13183373,0.32132608,0.70847785,0.036725122,0.61777586,0.1901293,0.071923226,0.27800348,0.36615768,0.23398049,0.0,0.09702347,1.7659423,0.014139484,1.3135653,0.08856479,0.5429893,0.0,0.940749,0.4247659,0.606333,0.13082615,0.15630457,0.15720417,0.026360126,0.37558815,0.67777807,0.0049596447,0.1812954,0.17637704,0.009458894,0.0051715313,0.34856784,0.5641577,0.0,3.4063694,4.458375,0.111671485,0.24756393,0.10130989,0.041764878,0.41609615,0.06819641,0.403236,0.20557037,3.262613,0.33377776,0.124742135,0.94349635,0.74696356,0.19657156,0.023139743,0.13384253,0.11172948,1.2672534,0.20159692,0.5901775,0.2000412,0.13423611,0.23190066,0.5174654,0.29189554,0.37319767,0.11459097,0.6104113,0.16260773,0.33961296,0.8426109,0.13115303,1.1204991,0.018101437,0.002471514,0.0674526,0.006456826,0.25935692,0.14419165,0.4421514,0.18105367,0.021264054,2.1651456,0.28754774,0.43977183,0.76422143,0.62685156,0.12839225,0.69356364,0.21264674,0.2746095,0.10407824,0.19161384,0.5974043,0.012411682,0.28187063,0.06366823,0.051937822,0.097126305,0.24692294,0.9336173,1.3675742,1.5160127,0.2688126,0.078762956,0.003993684,1.1452458,3.8766794,0.27805582,2.1234927,0.0,0.08656611,0.17249142,0.0020364483,1.1908693,0.2291426,0.17433675,0.3725267,0.06645959,0.15252307,0.099638335,0.042959213,0.041058913,0.28647497,0.026729994,1.7611187,0.0068662115,0.0019582892,0.1908948,0.42898935,0.04786741,2.4475152,0.5738691,0.61771005,0.0,0.32079613,0.049982164,0.028279714,0.056323327,0.0,0.33131105,0.00059023383,0.3820014,0.41964945,0.28362474,0.3375997,0.52045923,0.5916693,0.39372894,0.32375088,0.10422557,0.20529939,0.005180061,0.0,0.2864896,0.7067714,0.07262879,0.46772593,0.2275206,0.32788116,0.106761105,0.49362463,0.00083335204,0.69006735,1.0229666,0.5183089,0.37014866,0.04961106,0.097267896,0.42363822,0.003663461,0.25477538,0.1758498,2.5248475,0.009167314,1.5626781,0.40687904,0.12148639,0.7138138,0.30708843,0.8635899,0.0,0.68926746,0.0,0.21424332,0.6442988,0.32729405,0.5216967,0.10134968,0.022780135,1.2435236,0.38733235,0.0,0.2180899,0.06966951,0.09812772,0.29110545,0.1464248,0.0990477,0.03627344,0.29746628,0.17302959,0.10903449,0.2163523,0.2209066,1.6999873,0.24503168,0.89974594,0.44966382,0.16874929,0.47806937,0.34716892,1.6172923,3.3352346,0.211013,0.5360965,0.14347224,0.13778433,0.62806046,0.20062709,1.2011139,0.0,0.71917605,0.2889847,1.632986,0.80908716,0.94569737,0.41235226,0.14479026,0.89878386,0.21855706,0.078700416,0.2191603,0.38013795,0.04225454,0.61258644,0.14449824,0.0,0.5404661,1.3315629,0.25100872,0.49307188,0.08260463,1.040998,0.612233,0.51723015,0.018551504,0.5133988,1.0761007,0.32624003,0.21398169,0.5022001,0.023988238,0.9515888,0.21779117,0.07924071,0.021853963,0.3596441,0.58875513,0.41742358,0.49052456,0.009169083,0.75035715,0.8205839,0.0013457603,0.25894395,0.46862635,0.4954949,0.023112768,1.2034996,0.22053504,0.9971195,0.89156294,0.038234025,0.87557906,1.2791718,0.0066472394,0.39211202,0.0,0.18108878,0.764282,0.01700325,2.3204348e-05,0.15819946,0.3771374,0.47592193,0.10312918,0.0,0.23473139,0.117411725,4.1171327,0.007152561,0.005766995,0.0,1.1918176,0.0,0.6072337,0.53850794,0.7792282,0.5256022,0.1282676,all_pothole_images\pothole_images_new_image_1219.jpg
0.70971197,1.6837022,0.9599309,0.12746264,0.28983602,0.672254,1.9408376,1.2183092,0.21759205,0.62580884,0.12777635,0.5376155,0.38739228,0.9522825,0.044914648,1.5634559,0.008960917,0.37547484,0.5865616,1.4315584,0.48269707,2.163245,1.3508297,1.2639529,0.42216516,0.18664753,0.19643562,1.4167876,0.036623295,1.332891,0.7932772,0.22347407,1.3600099,0.33300278,0.31735653,0.053246513,0.71510214,0.6814197,0.022473138,2.1795332,1.4646491,1.3130976,0.677072,1.6268247,0.014791955,0.09055083,0.17029636,0.009151232,0.6819594,0.07408456,1.4230525,0.35716605,1.7631948,1.2329718,0.25373462,0.30995524,0.85736775,0.23192094,0.3725745,1.2614702,0.2996812,0.7898269,1.8073092,1.1538197,0.20653063,1.9926287,0.6621442,0.20209563,0.12818637,0.23956092,0.07341604,0.05725085,0.15146734,0.83849764,0.06345585,1.1782514,0.18381698,1.9988356,0.10979147,0.012422658,0.37771982,0.40727147,0.28570423,0.42782822,0.20072544,2.1463966,0.027018813,0.07931679,2.9839141,0.0015844149,0.24914062,0.8649152,0.091403514,0.6698403,0.0060457806,0.028622787,0.21417105,0.86797816,0.22362053,0.035046466,0.023512315,1.3935039,0.5739291,0.0,1.1097851,1.2027649,0.6103996,0.14612216,0.53617805,2.0144637,0.45389685,3.513651,0.13641569,0.8568233,1.1549175,1.2543952,2.2966678,5.3329983,1.9326799,0.52800685,1.6866096,0.9491052,0.5625679,1.7795646,0.33331543,0.112320654,0.14389075,1.1014988,0.053598583,0.5644537,1.2365608,1.1246874,0.6170792,0.8641701,0.43531588,1.0363731,0.006907769,0.04942309,0.3892085,0.624228,0.58770543,0.60207987,0.5372381,2.2489083,0.5390074,1.4852195,0.51036096,0.0084132375,1.416701,2.280131,0.08500981,0.6654165,0.060685467,0.2489862,1.3823164,0.41813514,0.6178173,0.57176614,0.0052928864,0.14528272,0.22486728,0.22648178,0.3032269,6.8889832,0.43193996,0.87976915,1.3161311,1.3285359,1.7589494,0.24109611,0.053453952,0.109473914,0.59855616,0.9676227,1.4109417,0.0024679133,1.2452509,0.2440986,0.24454175,0.0006833837,0.8778285,1.4507015,2.833766,0.52859557,0.3503305,0.04637876,1.722923,0.05675407,0.006170742,0.8486908,3.0531201,0.06371242,0.43246904,3.1182775,0.212986,0.7227618,0.055509154,2.4738321,0.0,1.4285921,0.20935144,0.2716328,1.8353978,0.2161351,0.838858,0.42917094,1.533161,0.16120033,0.21809743,0.207949,0.4642172,0.5707337,1.3846467,1.9445227,0.2075707,0.38303992,0.7378447,0.175625,1.7987045,0.008120455,0.80066526,0.5761449,0.47188675,0.4580429,1.8253248,0.27365,2.1656528,0.4766008,0.10076419,0.6403296,1.289628,0.7687692,0.7147357,0.08830232,0.82919234,0.0631354,0.2788046,0.955491,0.0,0.02242748,0.2331858,0.0488503,0.16144702,0.2853753,0.002279461,0.18738228,1.2181332,0.2961677,0.03786132,0.14422509,3.5597794,0.34640902,0.38286832,0.8078817,1.7146506,0.90971184,1.6563834,0.89477926,1.7661088,0.0,1.1774704,1.1328119,0.44073594,1.2398905,0.040233087,0.90654236,0.0,0.5568133,0.4559467,0.9194304,1.4807624,0.21522085,0.0,0.4235298,0.10238463,0.7732158,0.8304663,2.1165633,0.9001161,0.19170436,0.0819221,0.30208096,0.4856978,0.37497103,0.9509103,0.0060593863,0.5216332,2.1282566,1.311786,0.038147423,0.29850906,0.36936823,0.878222,0.5123297,0.3888859,0.1902742,1.2348144,0.3587472,0.1319582,0.28127477,0.58766764,0.0440771,0.46223915,0.5232845,0.82389534,0.0,0.018313983,1.0582285,0.6819696,0.06854467,0.2386909,1.8326325,1.9570792,1.0463203,0.0,0.05387713,0.23417932,0.12401454,0.95687515,0.74040616,0.121618174,0.65100306,0.035311796,0.38687593,1.5308576,1.0233359,0.16357861,0.5862724,1.5031819,1.1390512,0.7233036,0.020570321,0.24069895,0.8938452,0.7160006,0.75793827,0.2506715,0.41758707,0.08034615,0.0147086065,0.7641032,2.251779,1.0618757,0.14735317,0.5133915,0.0,0.023605073,1.2192281,0.83240837,0.52561224,0.13675088,0.40084693,0.71802396,0.3316785,0.0,0.09279501,0.30183396,1.1261512,0.07791272,0.49305955,0.063971914,0.44477996,0.5522649,0.4067139,0.024725335,0.1888003,0.76564354,1.0468607,0.017964587,0.8644923,3.3901155,0.8847445,0.44813094,0.3313759,1.1808649,0.767314,0.33705303,1.6178149,0.27358958,1.2383013,0.11656893,0.18080293,0.21824431,1.5996276,1.0424906,1.255156,1.9541728,0.56582755,0.14780852,2.7934062,1.0315801,2.070824,0.0,0.8756597,0.8468432,0.33047867,0.19016714,1.1224464,1.634277,0.020341186,3.9805694,0.5602339,1.308502,2.2551963,0.13614689,0.67931676,0.51558876,1.0063016,0.21609956,1.1389457,0.04130039,0.7615945,1.4120262,0.3941405,0.39101946,0.029438617,0.57003766,1.0823504,0.09336368,1.6791539,0.015192506,1.5495677,2.0617068,0.626428,1.6238151,1.2403623,0.23875742,1.8209932,1.3616498,0.53251374,0.24058412,1.6365904,0.0,1.0471888,0.7975573,1.8225449,1.5981374,1.7501292,1.0414914,0.3200062,0.8200007,0.26830024,0.07988331,0.00814162,0.16742046,0.21008977,1.7701548,0.67115694,0.09094721,0.08783731,0.35340202,0.18153962,0.40679383,1.1448599,0.42995453,0.09141068,0.488871,0.6355708,0.4376287,0.01600152,0.058189794,1.1938192,1.4642737,0.4894724,0.49097857,0.9257412,0.43317872,0.19637752,0.12540033,1.421337,2.4007044,3.1665752,0.28424117,0.21184362,0.4104823,0.34706295,0.01855695,0.64186215,0.86825365,0.0,1.4757919,2.879741,1.2713256,1.7764422,0.2616733,1.0794013,1.6900845,0.5355404,0.7893872,0.0713311,0.59564865,0.3541233,0.0,0.15514764,0.029280532,0.026293606,1.550623,0.022863125,0.0,0.29156402,0.6870052,0.60323995,0.7963522,2.002691,0.09262546,0.11174822,0.0786375,0.5037244,0.52930903,0.6957547,0.091834955,0.052204005,all_pothole_images\pothole_images_new_image_122.jpg
0.6003723,0.16072936,0.27470493,1.3303273,1.3142177,0.10626148,0.97506696,0.0,0.2641252,0.3189381,0.25394914,0.44541937,0.10832415,0.9688344,0.057980243,0.24972028,0.16723986,1.4904245,1.8086792,0.3836783,0.23936886,1.3338863,0.15422061,0.16490749,0.9744825,1.5282613,0.41869748,1.6946295,0.11247919,0.015677666,0.20738795,0.74485964,1.1327509,0.29121435,0.5059345,2.0477026,0.009445135,0.9056128,0.3251822,0.1926932,0.0,0.18019527,0.024677677,2.3856292,0.42197424,1.2529284,0.21969405,0.0,0.93502474,2.138312,0.90646017,0.15910192,0.41842148,0.37227747,0.1139109,1.5493073,0.62109464,0.03700013,1.2870343,0.007215366,0.81208193,0.049861167,0.06435329,0.051333603,0.93063974,0.9315458,0.24891353,0.7733898,0.3686028,0.14396523,0.11335571,0.22018716,0.14461982,0.6098383,0.23923387,0.45432758,0.027364528,0.8338799,0.0769817,0.4769442,0.05507112,0.0069918837,0.770398,0.098049015,0.5851486,0.05417012,0.11098128,0.15082042,1.8607323,0.51495945,0.08700918,0.97153854,0.08386869,0.026995882,0.007635956,0.122751944,0.98657113,1.448082,0.39865333,0.3306814,0.074423194,1.61512,0.6373166,0.0,1.0168657,0.15508296,0.6543358,1.008122,0.049819246,0.11489839,0.0009346349,0.8328967,0.08745404,0.63603646,1.3678253,0.51635826,0.9828266,0.18160364,2.6234634,0.9389893,1.5066123,0.0064389524,0.017981207,1.2258792,0.11563999,0.9978969,0.322562,1.2664795,1.0294073,0.056451175,0.36702874,0.13505305,0.21365187,0.120539136,0.0,0.07498639,0.28970632,0.71502775,0.995687,0.084234945,0.48379308,0.0008775302,0.8721748,0.5793922,0.08250649,0.83531654,0.3196179,1.0607799,0.034031313,0.5196354,1.12532,0.16415241,0.014867683,0.0,1.96767,0.910581,1.7959961,0.004088852,0.7233154,0.38417077,0.21130386,1.4074636,0.06258459,3.4073284,0.017327273,0.084629185,0.07073849,0.008987486,0.7084296,1.2361604,0.07728093,0.06274678,0.0,0.19834131,0.86101925,0.13114917,0.07338832,0.04513431,0.3449781,0.13535519,0.0,1.8942002,1.1635425,2.1663425,0.6632751,0.9368803,0.9144473,0.39309174,0.66864175,0.6706056,0.0,0.22293203,0.0,0.43247494,0.002501983,0.4388072,2.3463452,0.0016033282,0.47041467,0.13466252,0.25184238,1.2945553,0.5056021,0.8737931,1.5103129,0.88093823,1.4592534,0.9647101,1.0155402,0.004858127,0.060281325,0.056771103,0.6370018,0.71923274,1.401788,2.111467,0.50086844,0.096426435,0.21380082,0.057892643,0.53131056,0.6328614,0.31120512,0.22101425,0.0,0.37238085,0.32292688,1.0002203,0.5771546,1.1584914,0.019486856,0.13471963,0.33036512,0.22058679,0.3597383,0.121455416,3.4428024,0.0,0.014591699,0.45066926,0.051458795,0.13135807,0.010130093,0.04825424,0.45755622,0.43966675,1.3948522,0.46914533,1.0410486,3.3554893,1.7931285,0.17268127,0.35991505,0.8156698,0.021696627,2.093855,1.1724625,0.2424318,0.55597705,2.1580238,0.00948921,0.11258746,0.7919131,1.113685,0.758517,0.110347815,0.11196983,0.3769877,0.38294536,0.27701724,0.0,0.009712421,0.09263882,1.9340521,0.99299586,0.5685835,0.16091834,0.026329337,0.88757867,0.44990367,0.6000815,0.23895232,0.69653815,0.11970476,0.2850745,0.104472585,0.5130029,0.05352753,2.1954303,0.16860656,0.88244456,0.16869128,0.59256136,0.5280452,0.04257093,0.0018522075,0.11137417,2.1807997,0.0282134,0.33253148,0.89969385,1.4057542,0.2197229,0.4271876,5.4691405,0.58239806,0.13981548,0.26960084,0.16289492,1.1933756,0.97937375,1.173352,1.4371415,1.493318,0.5218709,0.5894903,0.0,0.7192811,2.760195,0.6416686,0.87718165,0.15769069,0.27963942,0.15409487,0.45616803,0.23806855,0.53423446,0.022759931,0.50803256,0.10075482,1.1431205,0.20679334,0.3134873,0.0,0.033441287,1.2287416,0.5922914,0.2776128,0.24813172,0.90978444,0.8547547,0.07394952,0.3381571,0.23784402,0.40809608,0.008465654,0.2680438,0.07283482,0.17233907,0.94874525,0.7025921,0.8938948,0.5049461,0.03721418,0.16920559,0.15019897,0.44006455,0.47831944,1.0353037,0.9812905,0.6199416,1.0555711,1.1617162,0.5057703,0.251739,0.22096725,1.1168159,0.1213929,0.020542296,0.7376091,1.7063644,0.068137825,0.69801486,0.13775103,0.11074944,0.5774262,0.9748267,0.26996085,0.11680457,0.18486995,2.063714,0.006346564,0.014578017,0.4946584,1.5843524,1.1557807,0.9825748,0.10032973,0.7180305,0.14209498,1.0875838,0.14761327,1.1753329,0.14932089,0.014472711,0.027592685,1.774191,0.038836032,0.41633302,0.1659639,3.327981,0.88027376,0.09621208,0.70892394,0.51545113,0.066455044,0.029605836,1.7357813,0.46159947,0.06324375,1.8286232,1.7397726,0.23595086,0.5892667,0.0066531347,0.26287797,0.35823852,0.021822685,0.26795715,0.23383874,2.7931578,0.24312294,1.373469,2.399538,3.1678646,0.17877668,0.38879868,0.9307643,0.3461936,0.83841485,0.3364099,0.10844327,0.76038295,0.5702331,0.7780394,2.5574663,0.096157834,0.23930426,0.06868437,0.242275,0.22982056,0.17174329,0.53610176,0.25079706,0.29471415,0.03252662,1.5390996,0.13461375,0.17407304,0.66162544,2.8159976,0.22170451,0.09339107,1.0606873,0.61471486,1.040465,0.46012717,0.26062945,0.107626855,1.6913434,2.580047,0.20156033,2.0740044,0.03072681,0.74714386,0.44957608,0.22074388,0.005341919,0.2375709,0.84516555,0.5504092,0.7751493,0.011398421,0.4120147,0.69544435,0.43211955,0.38433316,1.2944176,0.26330227,0.05674201,0.2448046,2.825557,0.27326864,0.05408359,0.0,0.40699184,0.11396961,1.1806691,0.6299444,0.0,0.671549,0.310628,0.65328676,0.13007914,0.001954266,0.027322652,0.0,0.010696579,0.7130011,0.9816931,0.34030417,5.1129394,0.094253354,0.18070878,0.83339006,0.51193005,0.09465303,0.08545093,0.23624602,0.12351028,0.48847035,1.1549234,all_pothole_images\pothole_images_new_image_1220.jpg
0.3666082,1.1554756,1.3689973,2.3348196,0.05256618,2.4494445,0.28301656,0.3320786,0.26419193,0.40906888,0.2697507,0.06478944,0.65033793,0.21455958,1.2111788,0.8347566,0.02501239,0.16308329,0.7418209,0.03132892,1.235895,1.8925672,0.18819013,0.016301598,0.5435814,0.39484984,0.08786489,1.6703435,0.8396714,0.28771284,1.568157,2.0286396,0.17577715,0.45465547,0.34457576,1.536084,0.2122589,0.79352975,0.28343925,0.5770687,2.1159182,0.0,0.06281791,1.3150624,0.3914207,0.0,0.49553406,0.0,0.6750007,0.81263095,0.25523546,0.115746506,0.89645135,0.67461574,0.21977235,0.56796247,1.1663642,0.4709765,0.8587658,0.11810107,0.11187614,0.74067175,0.11398522,0.15005481,0.20279424,3.5899162,0.5713905,0.08929917,0.8082002,0.049054086,0.44500226,0.9370543,1.0923545,0.7242532,0.35910124,1.0405006,0.14734218,1.0846496,0.2075305,0.20683035,0.07084331,0.21036977,0.12104872,0.9533371,0.14013337,0.81985945,0.15428929,0.43115684,2.0161467,1.2305549,0.5331014,0.1155835,0.0,0.16689058,1.7481269,0.054292593,0.4687494,0.26047045,0.8258769,0.4015949,0.21183936,0.38384488,0.24295184,0.0,0.0552027,1.2910177,0.0014842274,0.14319894,0.39223838,0.30672684,0.0,5.6082854,0.18116966,0.66871053,0.44148958,0.058216713,2.589772,1.4455059,1.6570926,0.99691975,2.6295521,1.5423973,0.23739691,0.6049082,0.0773543,1.4909618,0.3205893,1.0938632,1.9104854,0.114790134,0.20457941,0.0,0.110826276,0.13411279,0.25764126,1.284614,0.3252841,1.1715424,0.49178594,0.1236743,0.10320921,1.7292608,0.036897354,0.59815747,0.087268956,0.12737799,0.0983463,0.23431097,0.44485366,0.25118393,0.32065693,0.020216007,0.017695112,0.71138155,2.9143975,1.5491084,0.03627273,0.11487334,1.1831496,0.44350877,2.5387022,1.3260093,0.027239405,4.713612,0.03261056,1.535439,0.33699903,0.077493615,2.9282248,0.78820187,0.0,0.0,0.23874165,0.33629504,0.61583906,0.03838613,0.15709855,0.0,0.077106565,0.5618118,0.13037267,2.4190245,3.6436834,1.3495667,1.1502318,2.7414382,0.27723005,2.3770363,2.008615,0.7328481,0.021851301,0.8498065,0.037272446,3.112952,0.7904232,0.055434197,0.5573202,2.3944013,0.41661015,1.733446,0.53031015,0.6841793,2.716953,0.59511024,5.2600656,0.15775706,0.19891876,0.039910905,0.26593888,0.03716372,0.0008815265,0.064878345,1.7150956,0.3350736,1.5805578,1.5641943,0.0013072725,0.83761966,1.1237009,1.6420453,0.26972294,1.4578168,0.2884328,1.3428509,0.17440969,0.4575765,2.9132385,0.23001717,0.35678455,0.020352777,0.2413444,0.032968555,0.060085986,0.9818627,0.93059486,0.57056564,0.31387156,0.13964723,0.18190475,0.026147472,1.5761669,1.4723336,0.6916683,0.08941136,0.06324384,0.39400798,0.94249785,0.048106246,1.5780866,3.8668532,1.039059,0.070373386,2.2511468,0.1734173,0.42805827,0.02545943,1.0179567,1.299675,0.59755194,0.8336913,0.044674337,0.24559587,0.43864733,2.0440114,1.079823,1.4045155,0.3333729,0.175459,1.718634,0.9499219,0.8124659,0.18688284,0.044216346,0.031465903,2.573657,1.1462168,1.1584203,1.3511142,0.20524319,1.3941083,0.19899775,0.16331065,0.31283036,0.17284039,0.45249832,0.9366659,1.2494248,1.0419029,0.013565251,0.48375592,0.6311055,0.21929947,0.010623961,0.81784624,0.094109386,0.02119896,0.0,1.5260962,1.0850276,0.52074575,0.646183,0.89005613,0.659548,0.4950931,3.220406,0.057292588,0.06600446,1.1971415,0.636212,0.0,1.2404339,0.58427286,3.2096064,1.0485945,0.27282554,0.25695375,0.34406486,0.02477121,1.3127304,0.66319025,0.0,0.050978903,0.14547005,0.6695133,0.81345093,0.027573006,0.18151909,0.0,0.09796795,0.18966232,4.538481,0.5721573,0.37468964,0.021470508,0.0016195482,0.36465034,0.113963366,0.17560218,0.109808646,0.6331332,0.04741737,2.2319646,4.46606,0.04558692,1.3689097,1.2513888,0.026111525,0.09929314,0.07918057,1.2826768,0.6666462,1.7289093,0.04399888,0.547214,0.03589009,0.03718555,0.059700944,0.91867656,0.77624774,1.3397264,0.0,0.01941742,2.3058243,0.7540576,0.0019974948,0.7878508,2.6272104,0.18770202,0.2039835,0.050829716,1.6053787,0.919567,1.2640316,0.102512464,2.143284,0.04221959,0.17578647,0.00841315,1.4161719,0.0054323142,0.0044955336,0.85417384,0.22030577,1.6535578,1.9328125,2.1710382,0.16540948,0.00676121,0.030270997,1.1177014,0.26768875,3.2924984,0.0,0.9058403,0.1591938,0.09011774,1.2789989,0.7196125,0.7144514,0.007808213,5.4606876,0.0126445,0.2939967,0.22726895,0.22338949,0.060716495,0.7432406,0.28953373,0.022417745,0.0,0.733041,0.90829676,2.1931458,0.63487095,0.06408125,0.0,0.54580885,0.32010117,0.18532324,0.08991073,1.2246989,0.0779135,0.122086525,2.6161563,1.4219123,0.067869194,0.3038837,0.6411902,0.6076891,1.8182243,0.42213184,0.5386288,1.6460067,0.8718516,0.54049295,7.438817,1.8393548,3.3347895,1.7065585,1.1934189,0.05184279,0.242202,0.39896718,0.062988356,0.18495888,0.04602723,0.053979654,0.3513684,0.0,0.43084705,1.3701538,1.4975939,0.70496476,1.8606645,2.3273978,1.7699902,0.6060234,1.222838,0.74632734,2.8202732,0.05459726,0.009011257,1.1552365,0.0009947709,0.3727344,2.1783233,0.45092538,0.3538791,0.123093516,1.8184083,1.2335066,0.86331844,0.6939652,0.14673698,0.11465118,0.10849633,0.3254072,3.1957765,0.65896076,0.0044118618,0.07732015,5.1122446,1.285924,0.26483724,0.0037772977,0.2894065,0.19541284,0.0,3.3929386,0.33710656,0.5419816,1.9220512,0.49908328,0.30959097,0.008507086,0.066078626,0.18505588,0.045340892,0.09379271,0.058909703,0.2821837,4.36487,4.188284,0.45894757,0.35425696,0.8947423,0.011145615,0.82043797,0.5185949,0.8461999,0.06972276,0.27262458,all_pothole_images\pothole_images_new_image_1221.jpg
1.8881843,0.64195585,1.0668231,0.46203282,0.27506414,0.8827596,0.07056166,0.105148934,0.6423883,0.3324222,0.0,0.14992817,1.2892501,0.6750913,1.236907,0.3951629,0.07556407,0.23283622,0.31986883,0.5416392,0.8743821,1.5656924,0.12625201,1.2204213,1.0118937,0.38756546,0.7893212,2.0304785,0.018982954,0.14999071,0.5191052,0.7191298,1.5012528,0.89945173,0.7657247,0.9273365,0.5728046,1.8617129,0.57354087,0.2361516,0.013972628,0.019143995,0.2516915,2.4252913,0.44787255,1.1436024,0.8959857,0.49406868,0.59809345,1.3489219,1.5270427,0.017217947,1.6020566,0.009885184,0.035189666,1.7771028,2.357169,0.3051225,0.61620265,0.016862277,0.059379216,0.049527764,0.1430879,0.119479336,0.14853714,1.3160596,0.18123563,0.35193017,0.39047253,1.3947169,0.0,0.3898793,0.6007372,1.4678932,0.00070088037,0.36764246,0.11276204,0.36726347,0.05936054,0.025750335,0.150236,0.023872197,0.15014397,0.7405462,1.4653739,0.75104535,0.7606679,0.9486034,1.3530927,0.71180254,0.56435275,0.2515817,0.526471,0.2639171,0.18213902,0.1020789,0.86036485,0.22970301,1.318203,0.6200968,0.10955203,1.1962965,1.3554329,0.0,0.13336894,0.09664241,0.07414078,0.22377129,0.0,0.46059743,0.0078023598,2.0860896,1.1715965,0.35562745,0.30119675,0.9325664,2.7888854,0.42054397,0.82367235,1.4204469,3.2852528,0.32289815,0.12638769,1.4585794,0.44258338,0.7240518,2.409852,1.4861872,1.5576701,0.014352254,0.36914068,0.0,0.397656,0.058890916,0.34842378,0.8563383,0.10068878,1.4785436,0.724028,0.387293,0.87520385,0.31346458,0.51068753,1.2305348,0.98324436,0.91360813,1.5015903,0.014831785,0.38146138,0.20390701,0.81083834,0.600937,0.019323539,0.0136024635,0.7416355,1.0768173,0.90894765,0.21252862,1.5241789,0.61011124,0.5952855,1.2014937,0.12836573,2.4045296,0.0,1.3706747,0.8012694,0.043934543,0.9537348,0.9812218,0.045850363,0.09919411,0.31461143,0.038036145,0.48406887,0.6089815,0.53324,0.0,0.1725321,0.34829155,0.00979845,1.6424708,1.1763672,1.1606508,1.8112895,1.1204073,0.18625844,0.18485577,2.0416305,0.19373997,0.5746379,0.7205566,0.653518,1.3518835,0.76793593,0.22754055,0.19908068,0.21936747,0.050273724,0.027559917,0.31117693,0.86577463,0.8137383,1.2485399,2.1291387,1.3859153,1.9913927,1.4669435,0.6136293,0.17887124,0.11141662,0.0022547108,0.5840496,0.39081126,0.6527848,1.5364753,0.43535033,0.5408309,0.14304754,0.011144131,2.298452,0.80751884,1.659655,0.3144926,0.0,0.5581791,0.94696945,0.30117866,1.5782377,0.5072801,0.14754243,0.015122559,0.6082331,0.6359638,0.2854051,0.17131853,3.6549332,0.023239328,0.013301583,0.081502184,0.031795535,0.088321306,0.00071139797,0.23720087,0.16340809,0.1452664,0.75129426,0.13282518,0.74827,2.9562993,0.7173057,1.0105728,0.79942805,0.8853969,0.2821663,0.10698347,0.9088332,0.18967332,0.4219488,1.0766741,0.015718142,0.07261945,0.50868756,1.5097872,0.76742107,0.28273395,0.015026782,1.6386304,0.28837928,0.7999064,0.5125758,0.105524175,0.10320397,0.5207225,1.5250337,0.5104939,0.8476887,0.5690937,0.33862534,0.23200525,0.63362294,0.19358821,0.8588875,0.39296573,0.25102922,0.1909244,0.8397606,0.08852407,0.2769771,0.34604117,0.7941341,0.30022004,0.055579815,1.0331631,0.0036707998,0.113382295,0.603622,1.8210266,0.22910528,0.8177765,0.2857309,0.52198946,0.00019203765,0.9962452,4.918461,0.43551427,0.09931253,0.09548534,0.11238884,0.58997685,1.4767089,0.67463756,1.8461187,1.7578967,0.23697586,1.2152598,0.0,0.8388261,2.749801,0.10952885,0.31861076,0.12505159,0.17134613,0.49917415,0.14663227,0.4936285,1.6672356,0.08322942,1.2044663,0.055442687,2.9437432,0.023921117,0.11770528,0.07111185,0.032530267,0.5090534,0.63098043,0.0030928457,0.118227564,0.33452103,0.13567215,0.8941529,2.0456605,0.045201823,1.438875,0.33730343,0.0861208,0.083603136,0.46381825,1.2616078,0.9873461,0.4937941,0.710629,0.11585557,0.9180659,0.119236454,0.33470738,1.193155,0.18214148,1.6471986,0.20777112,0.9820315,0.031521287,0.5600695,0.0011773742,1.4796605,1.1998451,0.14008851,0.6530493,0.06750362,1.7597083,0.056786433,0.71752864,0.25875333,0.3704199,0.0641491,0.54455435,0.19455497,1.2164887,0.38392043,0.7092875,0.15946576,0.5111207,1.2679412,2.4492054,0.99073344,0.27645543,0.0,0.22492723,0.29141825,0.4768732,0.7610356,0.24443209,0.23560989,0.073033795,0.4060574,1.0721663,0.2644883,0.28868428,0.773229,2.5922768,1.1084039,0.18760642,0.45810345,0.054024626,0.769767,0.6286056,0.7884927,0.25032818,0.5750346,1.2980862,1.0778165,0.064595476,2.2638924,0.026816284,0.06071396,0.5415964,0.4757813,0.38874486,0.49662834,2.813251,0.16861394,0.08524149,1.0280801,1.9716179,0.063893296,1.0699565,0.9488963,0.03026407,1.1912404,0.5563842,0.78250605,0.58085877,1.4518377,0.067872524,1.8180579,1.1704519,0.7180747,0.027873775,1.0735573,0.38087195,0.5552218,0.1564658,1.6462651,0.46096703,0.107862055,0.5735794,0.8112376,0.5838504,1.3204322,1.1823038,0.8116771,0.62500733,0.9663209,0.18873282,0.4668024,0.07841507,0.29924354,0.058736872,1.1236187,2.91703,0.074132964,1.1820353,0.95681,0.9887585,0.04030253,1.0016552,0.30982617,1.0742574,0.9943706,1.2083023,0.69391364,0.00042614582,0.33204323,1.1620536,0.0036554798,0.041258324,1.5021576,0.744237,0.30779773,0.006149072,3.16856,1.1426698,0.8259576,0.30227128,0.011161708,0.14514545,0.083656274,0.75440544,0.05061239,0.20807692,0.00047831752,0.027027383,1.3922628,0.62854475,0.117197625,0.0048401332,0.057564992,0.42349896,0.25619823,0.6677579,3.4588466,0.8028164,0.14650017,1.9904227,1.8312602,0.09792266,0.007163078,0.20944564,0.056243435,0.25269946,0.57858276,all_pothole_images\pothole_images_new_image_1222.jpg
0.7445525,2.3413386,0.5090484,1.6808534,0.70515186,1.6407928,0.63086706,0.035452373,1.9950405,0.7426286,0.48556152,0.32432985,0.65972215,0.0003313933,0.04085675,0.018560344,0.12317011,0.0,0.24934569,0.36792478,0.0,2.80894,0.8867791,0.4729519,0.068763606,0.4824213,0.17247215,1.697416,0.3078624,0.7166731,0.83631945,0.45099136,0.36336383,0.010199757,1.0944904,0.10922941,0.06937694,0.34732634,0.5588247,0.31553546,0.04450289,0.012807703,0.5272471,0.46424082,1.5931727,0.004423159,0.25149527,0.06887418,0.6044081,0.7087716,0.8559919,0.6336053,1.6308808,0.5091931,0.8904069,0.52889234,0.46075365,0.789637,0.27062485,0.23191553,0.6598687,0.9226661,0.5726322,0.23611698,0.07365554,0.7532204,0.5885969,2.1730957,1.1122172,0.12560585,0.5746199,0.027749017,0.4474858,0.008475703,0.08593454,0.7156846,0.26805118,0.41834193,0.013604694,0.43042317,0.0067595877,0.47377014,1.052893,1.8472002,2.5171266,0.7155055,0.1446473,0.72659254,3.394498,1.2047465,0.3837907,1.968657,0.5057611,1.9432466,0.86004966,0.537514,1.4046386,0.3140205,0.76540506,0.30115914,1.050775,0.23863001,0.36396244,0.829391,1.1563454,0.5517237,1.7620993,0.4221979,0.44118062,0.010573134,0.081260785,2.149088,0.33090806,0.9090766,0.047885407,1.9321978,0.7816213,0.35599557,0.0,1.0235068,1.7296832,0.70240045,0.78811294,1.4381582,0.683491,1.6411537,1.517384,0.732229,1.0733912,2.1612003,0.8125712,0.06379227,0.24815522,0.4683589,1.2775464,0.16075931,0.2344203,0.36468497,1.7846794,0.10461659,1.2013139,3.887822,0.22447698,0.32371628,0.7176263,1.05423,0.012052771,0.843784,0.4019105,1.2096804,0.69135344,0.57553834,2.3543246,0.07891613,0.1128335,0.98402035,0.23030297,1.0869145,0.033091743,0.34769064,0.2626329,1.1008853,0.47039318,0.46260086,0.6662016,0.012699863,0.79950106,0.021073405,0.34094992,0.07626398,0.586013,0.18892328,1.2728205,0.15568627,1.4917259,0.13007998,1.2314771,0.5904488,0.11609194,0.37268052,2.1912394,0.39387193,1.8655775,0.9901927,3.2771962,0.46215746,1.3337934,0.7034776,0.46439952,0.11059574,0.0,2.9867828,0.15537068,1.3015577,0.57171375,0.7304082,1.235948,1.3404227,0.23568359,0.47753003,1.1016041,0.39624992,3.1309602,0.29412267,1.21113,0.7951248,0.16715762,0.1590445,1.8062223,1.5878291,0.18608464,0.9136055,2.237807,0.78920037,0.17156005,0.31741333,0.11594993,0.7525236,0.007660533,0.30910107,0.28562185,0.6112514,0.72133213,0.71116996,0.16270211,0.2867264,1.3102,0.023456395,0.31957707,0.5069557,0.22193897,0.92078847,0.05227215,1.1883627,0.035837132,1.2945635,2.0134668,0.54421026,0.0,1.1489215,0.87051696,0.46764895,0.5416712,1.1891896,0.2836699,0.16515926,0.1879722,0.56657124,1.3040888,2.5311866,3.8502588,0.07147437,0.014177182,0.09997169,0.25302044,0.508564,1.0137657,0.24015452,0.5248938,0.455901,0.31814533,0.65658987,0.028454917,0.1117034,0.5819229,1.3210975,1.1185199,0.5101798,3.0092463,0.3195196,1.5353403,0.007147517,0.4235993,0.50124717,2.7361534,2.6224732,1.1164006,0.66833633,0.64622486,0.4813848,0.45183405,0.93249243,0.0046352632,2.0123942,1.1501956,0.56744534,0.48020795,1.4590809,1.1589665,3.0753067,0.025608875,0.88576037,0.06736802,0.17080374,1.701714,0.99925154,0.5014457,1.327678,0.508493,0.040906608,0.1720423,0.29546875,0.17715855,0.5586306,0.9687307,0.13372493,0.8772861,1.5180421,1.0887508,0.015036201,0.078672975,0.35901195,4.7874417,1.0320863,0.16805948,0.6524477,0.09691884,0.47253722,0.9507005,0.04777231,0.7254235,0.0,1.1114467,0.81281966,0.41861653,0.87239206,1.882587,0.47619337,1.3169935,0.8178165,3.5836024,0.20334022,0.39710224,0.40995312,0.5399741,0.28591564,0.9468601,0.0070299474,0.83580613,0.6029696,1.9075476,1.5934626,1.2560854,1.370303,0.7729496,1.1097393,0.71825165,0.16507362,0.09226548,3.980726,0.033161435,1.1415491,0.001874898,0.8077036,1.6802299,0.0015310044,0.37479076,0.5178719,0.2228922,1.997687,0.6395317,0.20249684,0.2753869,0.3319801,0.26736936,0.6230325,1.8998989,0.80443704,0.9427854,1.5691187,1.6822712,0.36438158,0.58860075,0.40786672,2.24905,0.9755252,0.37857512,0.05121072,1.3165847,1.227563,0.14104493,0.6276915,2.357375,0.39014092,3.7307098,0.17401671,0.91554666,0.09764644,0.5780889,4.3242517,1.2234417,1.7021794,0.7897691,2.5930648,0.0072197327,0.5767841,0.32892403,0.8950503,0.17601688,0.22028446,3.0725832,0.16023646,0.61882347,0.070856154,0.08085412,0.506929,0.91435957,0.0,0.07831171,0.14048977,0.7373225,0.049591053,0.95535135,0.7634534,0.594015,0.65383023,2.455168,0.8739825,0.35600573,0.6282008,0.6198101,0.09932734,0.092716895,0.44629645,0.1072669,2.0781553,1.82851,0.49561745,0.3612979,1.6731782,0.34161302,0.2101354,1.0819051,0.27613187,0.003097727,1.8050196,1.5237321,0.07184601,0.7578919,0.00022663781,0.5547984,0.7224582,0.87942487,1.0241747,0.8976204,0.63472706,1.079479,1.123792,0.52843356,0.45801225,0.0030445694,0.45408443,0.095648475,0.65760636,1.3991668,1.6196764,0.31236884,1.3591071,0.3426584,0.41699973,0.03578368,0.23922922,0.27725363,0.031506088,2.3297255,0.213584,0.44532245,0.38270268,1.344608,2.1529143,1.6801938,0.03163661,0.27159247,0.61873573,0.40281218,0.40925258,0.7511101,0.57065743,1.8056036,0.260024,0.90163654,3.0469701,1.0541526,0.030572692,0.107100055,0.44732773,1.6446122,0.30587572,1.4104258,0.43323523,0.2485981,1.7179197,0.036714237,0.021031208,0.14255191,0.11016458,0.10209762,0.061316893,1.3076495,1.7234398,0.02559116,2.0989864,0.5310835,0.6300809,1.6674567,0.8938762,1.0089726,1.3633534,1.6093037,0.10542594,1.9090495,1.4004376,all_pothole_images\pothole_images_new_image_1223.jpg
0.27728215,2.5058408,1.0871613,0.8093186,0.0913263,0.31986377,0.047197167,0.010719673,0.5725446,0.3899511,0.49514112,0.24012476,0.0016220656,0.32456404,0.0,0.46160927,0.036075134,0.6146053,0.49274305,0.3811258,0.10939091,1.5653694,0.5087843,1.828935,0.25565594,0.5260898,0.037136048,0.8838445,0.17581826,0.29875767,0.48070532,0.120855145,0.45960405,0.023068374,0.17275646,0.03614108,0.45868737,0.34855413,0.23953527,0.11136756,0.73973596,0.30724835,0.09927926,0.781456,1.2306962,0.18141393,0.35747993,0.05694929,0.42521584,0.03514261,0.25666693,0.15163247,0.7461292,0.1823189,0.19852841,0.31300348,0.41622633,0.03756548,0.17178471,0.07647536,0.18235216,0.35512134,1.2905601,0.50052667,0.13281403,0.847379,1.0983421,0.20763156,0.08317391,0.90868586,0.29269505,0.31822318,0.49534327,0.15300441,0.10176542,0.6623826,0.1256394,0.097714156,0.06382709,0.71100366,0.014837746,0.2998958,0.96552664,1.9268291,0.45560697,0.5480959,0.0019888177,0.019472608,2.3265557,0.5086456,0.110432,0.018539334,0.019261457,0.20053446,0.086466126,0.21249269,0.4892227,0.97515154,0.053817295,0.20020099,0.2742975,1.5646546,0.15885907,0.18289307,0.40448734,0.119352736,0.16942263,0.11983046,0.34914488,0.995057,0.16665371,0.46394706,0.12626806,0.40177014,0.00881565,0.7973824,1.1596043,0.20945626,2.2040462,0.14155473,1.1855013,0.43447012,0.62303054,0.38699752,0.033879198,1.6168278,0.19881612,0.30706328,0.15908605,0.63917345,0.23061606,0.24718142,0.4101068,0.1307175,0.17965668,0.2321117,0.14411011,0.033028867,0.6558483,0.122832716,0.04288178,0.6522607,0.45402607,0.44931972,0.22335002,0.8359197,0.21971774,0.5023683,0.84258634,1.4906383,0.15503043,0.49575314,0.007195719,0.0146699315,0.25007153,0.016414952,0.0,0.1711968,0.2252628,0.5772791,0.74612784,1.3361236,0.5276339,0.057770576,0.051030386,0.029805923,1.7291231,0.18240492,0.58562374,1.5929433,0.18361123,0.5766075,0.02511221,0.09201912,1.1339304,0.21455732,0.9109145,0.015632639,0.21366583,0.27949858,0.0,0.69522244,0.9126162,0.5511643,1.160253,0.25968796,0.29978803,0.53335214,0.33116734,0.43944794,0.022660432,0.5691238,0.26564422,1.6435014,0.33423367,0.05667333,0.24704532,0.53933877,0.026965007,0.29898146,0.03642698,0.34728077,0.16328312,0.10074286,0.85122615,0.05485738,0.1760066,0.033279967,1.6307403,0.014197756,0.47738528,0.7132859,0.46184912,0.26274446,0.12303845,0.12599772,0.23653047,0.09092472,0.6046169,0.35868952,0.49109948,0.4055813,0.29209098,0.20896342,0.28633288,0.0,1.3866913,0.1459662,1.063316,0.06509294,0.023929078,0.64767694,0.6770361,0.0,0.586906,0.21608737,1.1671797,0.035527013,0.028013857,0.0030974033,0.20115086,0.27491906,0.63439757,0.3486975,0.13388412,0.03176498,0.15110742,0.10117788,0.28721356,2.9570231,0.6465031,0.016500007,0.17292756,0.07397532,0.073054425,0.07325948,0.53573567,0.2241794,0.7293457,0.51090276,0.100351214,0.23769648,0.476876,0.25750396,0.11688158,0.22564109,0.6272925,0.51956886,0.6134684,0.60782945,0.48634508,0.030498091,0.25286055,0.16054173,0.48726457,0.8383301,0.4485997,0.92859125,0.45569548,0.2123567,0.065418854,0.21680011,0.5892952,0.5497936,0.3759556,0.33946404,0.014106288,0.23536664,0.6219119,0.006444618,0.32420614,0.3593363,0.0,1.281211,0.34135506,0.1249471,0.1518663,1.1065211,0.80286866,0.83518606,0.040976144,0.43235654,0.028478762,1.0491258,4.7957506,0.28218746,0.21782379,0.7133141,0.34364936,0.04080491,0.02283091,0.9310276,5.6082315,0.56681174,0.00983476,0.10347084,0.070057265,1.2163918,1.4640512,0.36038405,0.6127784,0.08428581,0.047892656,0.046418987,0.25771704,0.20169738,0.65939766,0.055541042,0.113537185,1.0156708,4.2340627,0.02913367,0.22394282,0.16906299,0.228488,0.008336731,0.8047476,0.09370083,0.21841629,0.0174194,0.19894189,0.14204617,1.4881104,0.07320345,0.23781975,0.012927255,0.32495755,0.010353343,0.39299488,0.33538145,0.05344654,1.0607041,0.53061765,0.22553332,0.5520005,0.7277848,0.381818,1.3385807,0.17563185,0.08526582,0.06100919,0.17453107,1.226234,0.10931179,0.10190374,0.3919154,0.33747482,0.50587064,0.3830084,0.33563036,1.4160479,0.40628928,0.38966134,0.19774392,0.05094603,0.69437736,0.19181983,0.15949829,0.095361814,0.8787909,0.009528366,0.5964681,0.78469455,0.78446645,2.4851797,0.28559983,1.0411379,0.0038439813,0.16786619,1.4098195,0.58149165,0.73437405,0.1442249,0.12845932,0.22794403,0.17234713,0.1320662,0.32862422,0.118277185,0.21425185,1.9203634,0.19622257,0.20614791,0.5986539,0.55854,0.054413147,0.19458903,0.20564286,0.003079643,0.026646841,0.0017585364,0.19473216,0.7290844,0.23371623,0.069032714,0.017221516,0.58323276,0.5712762,0.028170586,0.17623833,0.24668208,0.66431147,0.6476515,1.6356432,0.038431264,0.23830397,0.41169053,0.8165414,0.21449976,0.44969413,1.0112038,0.06199627,0.08015142,0.3975333,0.54595923,2.4742053,0.36213958,0.10441082,0.026521528,0.15230568,0.3688314,0.13224544,0.033459973,0.23953123,0.77807724,0.029229682,1.3896388,0.5082037,0.73494744,0.2645762,2.2287834,0.43745136,1.4419622,0.6124624,0.26415777,0.33733714,0.5387084,0.7941818,0.015829707,1.1044605,0.55659497,0.005788935,1.001243,0.414102,0.7104416,0.046801712,0.5588949,0.06011377,0.48875612,0.6460088,0.97641236,0.37305948,0.36072147,0.33659044,0.124276586,0.419762,0.12927605,0.45115244,0.78886265,0.41561013,0.28460872,1.5880861,0.5410654,0.22898287,0.5027282,0.41456926,0.6830341,0.7666764,0.24948432,0.08314071,1.0478057,2.4283512,0.30248255,0.11935613,0.0,0.25459355,0.0940921,0.26940146,0.17149425,0.06748377,0.12059433,2.8654583,0.1384003,0.80908537,0.2159933,1.0402198,0.8045973,0.9813033,0.3871395,0.42680922,0.11600791,0.47044024,all_pothole_images\pothole_images_new_image_1224.jpg
0.048041675,1.6718547,0.5199946,1.4395971,0.0017006899,1.2106414,0.16448395,0.0,1.5529803,0.35003325,0.81103593,0.03314491,0.15346037,0.29874817,0.6347677,0.82214683,0.28924298,0.04543245,0.28116503,0.27336743,0.5970525,2.3065763,0.021033365,1.1621329,0.25914708,0.45968097,0.09485087,0.3376843,0.23651212,1.3075135,0.21855506,0.67859197,0.51452374,0.014134556,0.6590671,0.01630902,1.3572257,0.33796072,1.2097136,0.2544512,0.31020278,0.27896124,0.1914895,0.25494963,0.7891058,0.14119598,0.16957787,0.45462182,0.573423,0.7029722,1.8387591,1.088265,1.055854,1.7500588,0.11682909,0.42346674,0.0029617983,1.0205197,0.6023877,0.15350546,0.60203296,1.7116002,0.44924188,1.1964225,0.60757977,0.31810302,2.4854355,1.7844759,0.5153141,0.025347332,0.89636236,0.7166754,0.24467164,0.30214694,0.2091155,1.8767346,0.17450663,1.86353,0.040155217,0.16993415,0.32053414,3.0354605,0.34419543,1.590952,0.6685466,1.1579121,0.20757866,0.050174076,3.4843538,1.2560086,0.4641898,0.8847601,0.6974694,2.0436065,2.9025106,0.43585497,0.51103556,1.0189412,0.1966148,0.52744794,0.45983025,0.94378,0.41721535,0.33377016,0.2863667,0.115097456,0.021703009,0.2553656,0.12804586,1.0299605,1.1898459,2.0461063,0.36724883,0.42565286,0.092356615,0.28908518,1.5028144,0.044037294,0.7543887,0.1541164,0.028081242,1.5091519,1.3630571,0.17812684,0.4853455,1.8398628,0.46146214,0.75467664,1.23952,0.79761076,0.5097369,0.3230239,0.44516057,0.6504055,0.1759732,0.473737,0.5981176,0.14715232,1.2301112,1.3585306,1.1206588,3.2159286,1.6606613,0.51007485,0.20112902,0.19868755,0.36451042,0.8291146,0.0,2.1603231,0.16850942,1.8053657,0.5965795,0.31186002,0.4540752,0.26843357,0.94498247,1.3455918,1.4920756,0.16681391,0.74818224,0.77359056,0.19242492,0.47001463,0.5800921,0.0048186965,1.9164029,0.04540235,0.7793503,0.37383923,0.96113235,0.060917046,1.6632444,0.16539428,0.45326144,2.050168,0.566158,0.09747243,0.4701317,1.0329468,3.6630523,0.026286297,1.0349227,1.8786418,0.6538856,0.42177296,0.00095499714,0.11024817,0.008032155,0.3947585,0.056202266,3.5012648,0.43338782,0.33784717,0.24089794,0.49530882,0.3737984,1.4136938,0.5308979,2.2186408,2.280648,0.0,0.6850611,0.1965821,3.290982,0.8304093,0.52484536,0.3211626,3.0212314,0.46823484,1.0056117,0.020489777,0.32134315,2.2087402,0.29649615,0.35016188,1.2814639,0.8402441,0.32955524,1.180611,0.9030589,0.1346054,0.8786357,0.37238535,1.3308626,1.5139587,1.0230303,0.26145613,1.3139778,0.20850143,1.1192493,0.62214315,0.14257096,0.796101,0.2021126,0.20083968,0.012812381,0.686144,0.0,0.20517196,0.21412672,0.034254845,0.33748835,0.14130732,0.02686191,0.34900478,0.43300247,0.43840072,1.7083513,3.4417756,0.35666916,0.4337588,0.44465217,0.195886,1.4334791,0.46378535,1.4347283,0.111818805,0.56326514,1.4469336,0.6875576,0.78955024,1.378704,0.025655111,0.73260254,0.44296098,0.11748341,2.1100981,1.8986293,0.6966408,3.205227,0.016573273,0.47238755,0.84509915,0.2162301,0.2883399,0.35070944,0.0833863,0.9524866,0.044491183,0.21696562,2.256187,0.2165268,1.2239885,2.1883307,0.18729442,0.048166867,1.6601537,0.60807306,0.5919699,0.068451986,3.8449886,0.0078077912,0.03569782,0.34123704,0.09542859,1.3974804,1.9940858,0.32828093,0.828688,0.0010796606,1.1931933,0.25403696,0.1365702,2.019586,1.1626527,0.27463537,0.031170053,3.029813,0.06534706,1.0652899,0.82927686,6.097838,0.22126359,0.019739438,0.4968334,1.1658604,0.48406845,0.44723976,1.000566,0.47018307,0.7335284,0.67589617,0.36682042,0.5903947,1.1540288,2.1065898,1.242148,2.2300303,0.9562122,2.8144953,0.42625573,0.21375488,0.46919414,2.8990676,0.4964405,2.1291451,0.044874255,0.1869364,0.4352655,2.0467782,0.6276516,0.6695859,0.095962405,0.5501568,1.757471,1.8447835,0.11390105,2.0248888,1.812176,0.01073429,2.4106867,0.45996594,1.3292568,1.1930617,0.73269075,1.3954542,0.6160055,0.030012315,0.89285284,0.16145444,1.4025041,0.49262103,1.8587129,1.5514868,0.19026156,0.9663207,1.674166,1.5383749,0.50478506,0.35989273,0.18572433,1.0341533,2.0116992,1.8488364,0.017774906,0.33048847,0.020306522,0.7070221,1.7431793,0.7505468,1.4658849,3.8558574,1.74589,1.6118779,1.5245584,0.24181056,1.0173799,2.2122252,3.8092172,1.1268234,0.86627144,0.39822757,2.9803228,0.025211709,0.72593033,0.58586514,1.1869901,0.027974313,0.23995005,1.6386913,0.020291701,0.4031227,0.93511605,0.7425774,0.9614315,0.38314375,0.009511951,1.0656883,0.50605804,0.14574492,0.1279104,0.8437626,0.7994993,1.5637578,1.0217783,0.5009092,0.9536663,0.0506917,1.5979452,0.6846589,0.36208194,1.6238694,0.29492605,0.0496007,0.5155941,1.4039674,0.26675925,0.7972097,0.58495,2.283239,0.62806493,0.46078023,0.7687043,0.23159984,1.4505564,1.366117,0.5757241,0.5707758,0.2568055,0.40835077,0.0,0.019772287,0.067129835,1.4561263,0.48809424,2.8781142,0.64363325,3.4030998,1.5480934,0.13868366,0.6920524,1.5706058,1.6918585,0.6853044,0.24898618,2.3148873,0.1766807,0.55588806,0.20573117,0.0,1.1202927,0.4097649,1.355507,0.81036705,0.20449905,0.5832197,0.5344163,1.0892003,1.0044947,0.005707475,0.48977673,0.9905129,0.78227186,0.48639655,0.31750938,0.111836165,0.02818888,0.8217733,0.116588354,0.5854937,1.3212733,0.29719117,0.33523864,0.3539388,0.06930227,1.2241282,0.29609197,0.70815796,0.12136622,1.8725804,5.7921906,0.114429586,0.3149398,0.13954319,0.09788218,0.45139083,1.0882177,0.7925901,0.9391491,0.5375775,1.7032346,0.23629203,0.4465416,0.23352438,0.14059253,0.89714295,1.2847544,2.4632416,0.9145638,0.52372026,0.83457667,all_pothole_images\pothole_images_new_image_1225.jpg
0.53867114,2.2286346,0.6600611,1.8158257,1.7688713,1.0590702,0.09024172,0.0,0.95431596,0.45281616,0.16783847,0.48051342,0.3685588,0.3864805,0.72902477,0.56097525,0.1257275,0.04035787,0.35369718,0.61032426,1.4746782,1.4138099,0.72502005,0.5481988,1.5743899,0.40394917,0.8387948,2.1670954,0.3821497,0.33722305,0.46079472,0.5409313,0.85875064,0.3721586,0.66083765,1.7292985,0.6806445,1.5403541,0.20829187,0.3272857,0.046173207,0.053226795,0.027255442,3.335613,0.62157744,0.15531339,0.11760305,0.6908795,0.38825217,0.5290246,0.44196707,1.6988049,0.6296929,0.58320546,0.4746502,1.5703193,2.508671,0.20636609,0.38289967,0.47457385,0.0003231631,0.68163943,1.0751252,0.19996874,0.19933504,1.2197703,0.2953123,0.77855426,0.5635278,0.4589497,0.7763622,0.6727036,0.7127734,0.33843267,0.6987054,1.2801361,0.29084593,1.110795,0.021952294,0.6837695,1.5663984,0.009926402,0.017305087,0.5489935,1.467013,0.33687276,0.060567584,0.12776692,5.590885,0.055416588,0.5752826,0.13732424,0.22291674,0.7391327,0.4737274,0.05404879,0.523984,2.70349,0.9988294,0.6763719,0.0,2.433005,0.21922818,0.6325339,0.35140252,0.12970154,0.2756943,0.09467635,0.035791975,0.54552054,0.21035531,2.021352,0.18184155,1.4747945,0.130664,1.0678141,1.6981659,0.035927422,1.5457174,1.0597689,2.3745515,1.0695238,0.15026468,1.2913183,0.8317318,0.98625326,0.2857796,1.1870099,0.9626569,0.4393074,1.025282,0.21570943,1.0670353,0.5923458,0.4791349,0.79044545,0.29165104,0.5196043,1.3077211,0.2069217,0.39342675,0.18051013,0.044912074,0.6105922,0.91862947,0.69101185,1.0755574,0.74124104,0.003705633,1.5182805,0.7198469,0.788385,0.10659315,0.002608056,1.0450913,0.58574724,0.74878067,0.13309522,1.6363678,1.0714304,1.0212771,0.57604074,0.19137032,1.8296916,0.0,0.32964215,0.48227742,0.067907326,0.9852748,0.35634324,0.87528235,0.5009816,0.5338328,0.40680772,0.791952,0.029121362,1.2981229,0.113235645,0.16408406,0.16370258,0.34202644,2.3428373,4.083519,2.546503,1.4566687,1.2179888,0.9811468,0.29759914,1.9516166,0.1639017,0.83210194,0.7061529,0.16037013,1.4716544,0.29076135,0.53549606,0.5471009,0.06431059,0.23188308,0.9145335,0.66062754,0.18337247,0.32520384,0.9520788,1.0235568,1.0002956,0.051551905,0.47349504,0.6895759,0.010213491,0.4466844,0.6361947,1.2993361,1.4607513,1.5014975,1.2624357,0.4288681,0.07504333,1.204788,0.015893761,1.9028656,0.016726688,0.33521792,0.16806293,0.16419742,0.5552752,0.47720543,0.2511469,0.27859008,0.8061971,0.17694691,0.7991691,0.44094917,0.042874496,0.4757442,0.48274136,1.4325223,0.31086335,0.04972125,0.26768038,0.22232036,0.03744978,0.12829643,0.0,0.15519959,0.2644346,0.5995516,0.0,0.3345688,2.9042196,0.9362244,0.38400513,0.46803886,0.81934106,0.9410375,0.1800677,0.9975895,0.032661658,0.43526363,1.4164174,0.46888295,1.1167047,0.6462013,0.23985699,0.53401387,0.8369163,0.027016751,0.5731399,2.0037353,0.022617606,0.16854346,0.2579792,0.4623065,0.24599534,0.24787688,0.8661161,0.3329689,0.17334883,0.07228323,0.735383,0.06026976,0.07758511,0.650981,0.046033993,1.389859,1.092808,1.9915626,1.2686087,0.7078045,0.0,0.5335143,0.88585573,0.060495064,1.0339035,0.6087599,0.58574015,0.6723496,0.06517652,0.032578893,0.880125,0.14987826,0.850435,0.12352081,0.88590485,5.986044,0.5104866,0.0,0.654366,0.7610134,0.93686193,0.17842638,0.66076267,3.413892,1.0644352,0.22137447,1.4779296,0.53277,1.2981297,0.80640286,0.1041886,0.043848522,0.7092725,0.33267438,0.25555092,0.8783463,0.66600066,0.8488762,0.99489856,1.1349354,1.0248338,1.894045,0.6442386,0.26752055,0.032428317,0.784228,0.89473456,1.4839147,0.6152845,0.30936348,0.7210625,1.1613576,1.2185329,2.0002158,0.14994407,1.5366293,0.11958937,0.13723786,0.10950681,0.57362485,0.5212151,0.46898815,1.0680183,0.5623568,0.18575442,0.5939965,0.029974373,0.40056336,0.41946575,0.67543465,0.5664177,0.012101944,0.0,0.4766624,1.6340462,0.27427226,0.28071988,0.24617426,0.19553639,0.19524758,0.3525032,0.6451936,0.41221905,0.5358657,0.14520177,1.2939527,0.7785595,0.23212136,0.04374805,0.31379965,0.3199555,0.033952158,0.10613308,0.21898264,1.0376785,2.6742759,2.0793424,1.6879177,1.4240077,0.48909894,1.3142366,1.554649,0.07882666,0.064211614,0.09257285,0.1185546,0.03593374,0.6225663,0.1264074,0.41163456,0.25342023,0.8248613,1.4870656,0.016180836,0.75323135,0.5254222,0.23617464,0.09628645,1.0815309,0.78543633,0.60668194,1.4656193,0.58367616,0.41727233,0.6745412,0.0,0.6374063,0.71254325,1.2566854,0.23015647,0.038985953,2.7075725,0.08698976,1.0383246,3.0358493,2.134992,0.27576673,0.89872223,2.0958598,0.06253176,0.4401379,1.6693233,0.1514952,0.6702199,0.38075414,0.4433251,4.234026,1.5075918,0.42075768,0.10869471,0.68429846,0.9242628,0.11294501,0.02635898,0.43568045,0.038624495,1.01281,2.6235845,0.6107698,0.6537746,1.6800482,1.0569378,0.49307737,0.35341096,0.2652929,0.22466223,1.2330606,0.9148682,0.47916785,0.26350364,1.2719803,0.8526376,0.53107184,1.2870808,0.36967474,1.0646095,0.24169649,0.3025976,0.10770496,0.5488094,1.0536922,1.7649498,0.10441971,0.42280203,0.14746921,0.46181425,0.45243338,0.5338887,0.669979,0.85217416,0.24958007,0.82827646,3.190716,0.23017667,0.30831885,0.0041723084,0.0,0.6233676,0.30851135,0.07446232,0.094116025,0.003330389,3.295551,0.037460294,0.16445725,0.016783424,0.0,0.26484984,0.0,0.24933414,0.0,0.105559796,3.0523112,0.353932,0.7380107,1.681532,0.65744764,0.17658094,0.9552972,1.1183268,0.30631784,0.62630206,0.47489554,all_pothole_images\pothole_images_new_image_1226.jpg
0.53778076,0.751698,0.094399214,2.383903,1.0802612,0.44881874,0.3682559,0.0,0.32174388,0.5650658,0.6714671,1.0883777,0.0,3.1033044,1.6782961,0.05955908,0.027173277,1.1947322,2.6763692,0.6122823,1.4932404,0.926306,0.026799649,0.9773374,1.2991589,0.73037344,2.6224241,3.4320886,0.8341053,0.23924981,0.7647884,0.019747868,0.7976696,0.021232639,0.24735777,0.6990611,0.40987167,2.4584873,0.0045632124,0.32706824,0.026806695,0.034173295,1.0405813,4.590009,0.4862614,0.3608713,0.18624039,0.23457941,0.2818447,0.515549,0.47649035,0.5517786,0.42314303,0.025218155,0.20241904,2.9100711,2.4381204,0.93338585,0.056435563,0.01986956,0.66430396,0.39641145,0.3510999,0.27700412,0.43006748,2.609248,0.21424878,0.0,0.0018893433,0.4536573,0.005445356,0.50247765,0.716504,0.46586233,0.23938021,0.27699462,0.03892008,1.6157756,0.04972476,0.81925434,0.079888925,0.045212064,0.04927996,1.3608211,0.040952083,0.0,0.18164627,0.108750835,2.6336405,0.12008416,0.6469758,0.0,0.045243256,0.00034894198,0.023247585,0.046975717,0.14181298,1.4976838,2.3711834,0.3215593,0.041777506,3.2631361,0.07606465,0.7429179,1.0420898,0.31140223,0.6474162,0.13689189,0.8218091,0.11611599,0.0038541043,1.2275378,0.40991938,0.0686498,0.35242516,0.67385554,1.0667433,0.3875828,2.242546,2.1421762,3.6110802,0.44240054,0.026815088,2.147442,1.7151374,0.040742893,1.0714641,0.71365184,2.558727,0.05467401,0.13640055,0.034351982,0.32844836,0.014093976,0.5853779,0.36196873,0.65511066,1.7263296,0.58373827,0.19293867,0.3590087,0.0501335,0.08618289,0.24455903,0.94988734,0.4509788,0.10382434,0.43268993,0.046744727,0.18737252,1.1384221,0.10303371,0.0,0.30694705,2.4921222,1.0534897,0.55204123,0.3782189,0.6936303,0.49850938,2.6131024,0.9783115,0.30447865,2.8693728,0.2629978,0.16029336,0.6084552,0.6159345,1.1231918,1.955562,0.002195865,0.03977416,0.13552304,0.056263637,0.19584328,0.4047231,0.5056756,0.023827396,0.060871143,0.28621572,0.0,3.6571922,1.5109318,1.6026698,0.6962634,1.8374346,0.23488216,0.9416267,0.039396767,0.09800024,0.024127714,0.31750897,0.3099009,1.3803065,0.0698292,0.7606078,0.7458766,0.117787346,0.04072749,0.7889381,0.8608415,0.0011520997,0.053618357,0.9185125,0.6457964,0.050847776,1.6549755,1.0758877,0.3067277,0.29982114,0.012086146,0.0,1.12431,0.53745866,3.4841962,3.4586785,0.397602,0.18432026,0.27028936,0.712099,1.0181597,0.13980415,1.048986,0.00072900904,0.021011595,0.26248288,1.1041274,0.7768008,0.1108328,1.1766739,0.52805656,0.025318317,0.11454717,0.21366541,0.8096007,0.4413493,2.8884988,0.16127172,0.1153281,0.36517704,0.12264772,0.17936975,1.2851809,0.2891187,1.0760831,0.001416567,0.36829555,0.0,1.2510866,2.5105515,3.597674,0.201473,0.33562434,1.1312726,0.83000433,0.05836333,0.44855705,1.1962878,0.336609,1.1947112,1.1433904,0.08753233,0.376906,0.07085052,0.6071195,0.3499459,0.9887343,0.77068394,0.39194795,0.31864047,0.2414076,0.06311895,1.1378403,0.0,1.8422384,0.12409158,0.0,0.54717976,0.4224696,0.52952886,1.3414552,0.00093297416,1.6451156,0.2968938,0.5170612,1.9440598,0.80068094,0.35828695,1.234194,0.014883967,0.0049239933,0.080621086,0.15721281,1.3876659,0.1447095,0.94247514,0.076278575,0.19889827,0.122179046,2.7241333,1.9175994,0.8359383,0.1330323,0.35001096,5.7262416,0.15270655,0.08900446,0.06768577,0.32646364,0.2910385,0.36881402,2.09115,0.6917941,1.780989,0.060231112,0.63841385,0.060967423,2.3145342,2.8963575,0.50023705,0.19435161,0.0,0.8014438,1.246245,0.45474702,0.8347153,1.6898218,0.05091886,0.6656057,0.17644545,1.6866493,0.04758804,0.14490436,0.30253452,0.14410622,0.24407662,1.2380769,2.9151149,1.913345,0.27266884,0.20913018,0.93160284,1.3106725,0.9241773,2.0713093,0.015565614,0.26149788,0.4717643,0.6783585,0.07844547,1.0158427,0.07637631,0.24612364,1.3109355,0.031784873,0.056551926,0.071941994,0.50928503,0.79045445,0.28757808,0.047185708,0.603784,0.4964717,0.8399392,0.27443913,0.35547858,0.9648586,0.2220821,0.3231442,0.46753123,0.6462557,0.021315383,0.28998125,0.013416708,0.64881945,0.035942648,0.99791116,0.0,1.152915,0.41066518,0.8469311,0.10215181,0.0,0.35970992,2.131699,0.9180022,0.18542452,0.030163025,0.0,1.2149272,0.97506136,0.016175853,0.5570493,0.0,0.18604535,0.20284559,3.841027,0.13963164,0.016210757,0.08323339,0.89245987,1.1102484,0.42985168,1.9122498,0.1714051,0.54944503,0.013089788,0.6590833,1.0723183,0.24684003,1.11456,0.25868407,0.013206845,1.7450281,0.22460136,0.93486536,0.3395562,1.2365817,0.5037354,0.009842605,4.3167944,0.048045658,0.4298407,4.0008464,3.4108872,0.48652178,2.0307097,0.68873286,0.13949473,0.3080954,0.86856765,0.012274477,0.23758006,0.47750106,1.1205125,3.5733302,0.35488498,0.0,0.030200223,0.25917333,0.94679105,0.0,0.06994174,1.0400332,0.13776903,0.0029828881,0.81241864,1.8745179,0.07552611,1.6947789,3.1116858,0.115445174,0.0,0.45103216,0.2567313,0.7249058,0.2160292,0.16089709,0.29696238,1.8338028,2.3881855,0.4153758,1.2802315,0.014814978,0.3554211,0.014303986,0.0097018,0.045748524,0.7291087,2.956881,0.86499393,0.39428362,0.3664083,1.0264467,2.1308782,0.57212526,0.044706013,3.422492,0.3041257,0.027819674,0.50617784,3.531044,0.66685164,0.34220138,0.10002168,0.0,0.18010794,0.1799157,2.4909446,0.041483782,0.0,0.45546988,0.34737933,0.009814711,0.06487536,0.11029719,0.019883495,0.011193986,0.1527556,0.48023075,0.23615526,2.8646681,0.7886935,0.15212835,0.92004734,2.3326273,0.4278276,0.5374339,0.03181879,0.196201,0.0067552417,0.036768537,all_pothole_images\pothole_images_new_image_1227.jpg
2.5223968,0.99490356,0.5628396,1.4573143,0.05157601,1.1992886,0.8793654,0.53103495,0.94588065,0.4112815,0.027704401,0.14399333,0.58300287,0.2614772,2.639154,0.46948898,0.27269274,0.00401857,0.9580091,0.058692016,0.41486403,2.5146809,0.9916858,0.9345112,0.24295224,0.55315536,0.0,2.1053536,0.08389035,1.8343602,0.9879787,0.34259915,1.18115,1.2442253,0.09634229,0.7940971,0.30520076,0.33229038,2.5461073,1.5293367,0.46036598,0.032361895,0.077081405,0.56853455,0.8620352,1.7043996,1.3933463,0.3456721,0.14400962,1.0849968,2.0165367,0.010897095,0.09791804,0.10040952,0.11535388,1.571814,0.2775534,0.06248788,1.6061271,0.53005254,0.32382473,0.08368584,0.89941216,0.49812385,0.07241091,0.8330866,0.16012795,0.26675603,1.3785416,0.5665112,0.15105711,0.96250534,0.9949084,0.44112027,0.13573794,1.5627956,0.91258824,1.0560739,0.59244716,0.07606098,0.43764305,0.14027697,0.19111559,1.1684738,1.3694956,0.5719672,0.004372282,0.71277505,1.7443159,0.69387597,0.7684619,0.0901237,1.2464777,0.5696226,1.5188673,0.019440614,2.5818188,0.11987532,0.68463606,0.9808289,0.12937285,0.15205427,0.38657308,0.31651184,0.9906348,0.07918308,0.006767365,0.6563761,1.2708254,1.1033566,0.0017272393,3.086435,2.093522,0.46993154,0.3391203,0.7435983,3.2463958,0.91692615,0.7083219,0.777943,1.6262157,0.6617366,0.64635247,0.17760608,0.10267077,0.3270919,0.24095601,0.9316724,0.24553913,0.0,0.2997592,0.0,0.09097749,0.0771849,0.0071288664,0.49798116,0.23824282,0.8304788,0.120714135,0.4964254,0.17543913,0.26039404,0.19446392,0.37830487,0.28555015,1.2567303,0.102436975,1.2049774,1.0751089,0.3270266,0.26470652,0.05610064,0.04125312,0.093710236,1.3280458,2.0138395,0.24752608,0.7654661,0.7964896,1.0550077,0.41347468,0.6610008,0.07599434,0.45974955,0.0,1.447212,0.6632807,0.27654076,2.6912875,0.066246666,0.0,0.08996317,0.09853606,0.13074642,0.8881336,0.049554754,1.0749351,0.0,1.0404747,0.027391404,0.18519148,2.5095859,0.807517,0.84827906,1.2137341,1.0611699,0.09879891,1.4225535,1.259727,1.3369967,0.0,0.47166067,0.09843554,1.1693925,0.52471364,0.0,0.13206545,0.23682995,0.26892164,0.60148823,0.14834367,0.9736744,1.7537588,2.551603,1.2500625,0.34238842,0.19936709,1.0071236,1.1920254,0.52829474,0.007322197,0.07231428,0.56277317,1.0871722,0.7248236,0.86757797,0.09749358,0.08205128,0.58441204,0.073553875,0.145168,0.61966574,0.7247434,1.0726236,0.06254005,1.7684058,1.2243625,0.08725318,0.41260815,0.073931694,1.2716271,0.24747829,0.39817053,0.17847526,1.1460276,0.36194322,2.6628268,0.22368704,0.22831403,0.07846984,0.4194808,0.8431196,0.011292584,0.20559457,0.325047,0.031464193,1.8122627,0.07398349,0.59555066,1.7016009,3.155344,0.4652896,1.0075017,0.2618787,0.08113735,1.1629821,0.65366554,1.2543236,0.41762063,1.160553,0.050676636,0.63223034,0.8872073,1.5461206,0.5864915,1.0912874,0.2991939,0.512824,0.7318241,0.26882106,0.15074414,0.035363976,0.09230437,3.027855,1.6186582,1.4018215,0.500585,0.34302,1.1488887,0.57167166,0.6316065,0.89986783,0.038558826,0.700678,0.32622117,0.027072867,0.021735303,0.106827326,0.48794353,1.041454,0.4100794,1.3609276,0.5412672,0.6242817,0.10254896,0.045736294,1.0047567,4.808415,0.90016544,0.24593113,0.0,0.76094645,0.12547298,1.2021484,2.69735,0.7661133,0.2462048,1.3488494,0.0036517028,0.3203074,0.9898885,2.0478399,0.58756256,1.7723391,0.12654394,0.86793685,0.02530423,0.7123375,1.5720278,1.3329754,0.59208447,0.6068705,0.53977334,0.45213902,0.002609843,0.77450335,0.7550377,0.35117093,0.9037105,0.43810567,3.0668662,0.21688356,0.0,0.07496538,0.42448643,0.92370516,0.6038018,0.0013628756,0.0037715794,0.30021185,1.3592846,1.2403688,2.045351,0.5840469,0.7365632,1.1822445,0.6752589,0.12273794,0.39665127,0.9159668,0.10897878,0.80900306,0.8431362,0.086804956,0.8577373,0.19722405,0.2562458,1.6221483,1.0985569,0.17740065,0.043758523,0.1938557,0.8114744,0.5773396,0.0,0.5304871,1.0992558,0.27754363,0.53945476,0.003690522,0.94199044,0.39873648,1.3948311,0.1910913,0.6531453,0.20237754,0.6562551,1.1317705,1.4479467,0.707631,0.4879528,0.13990937,1.602472,0.07520279,3.8325276,1.1147499,0.07707898,0.025413334,0.56076866,1.5828365,0.67468387,2.0136266,0.03921934,3.3174555,0.05404698,0.27052218,0.17845643,1.5260143,0.89003336,0.75384754,1.9889134,0.69819516,1.1416285,0.0009367931,0.24698989,0.3799781,0.75229174,0.2615837,0.011114126,0.28856105,0.9940208,0.09117363,0.50506026,0.1998512,0.98545367,0.86830705,1.0502261,0.046360783,0.490286,0.002183958,0.8947102,0.79756,0.33355802,0.5046597,1.9399781,0.20355287,1.5607281,1.3371476,0.5415287,1.7495524,0.0,0.7957849,0.31768468,2.3385248,0.09493281,4.0832844,1.3007247,0.22584581,0.1533124,2.1525114,0.8359294,1.6689478,0.20664106,2.0319571,0.88543934,0.085369654,1.1020275,0.5366412,0.072889656,0.0019578421,0.04298215,2.0579317,0.8685184,1.6125109,0.86643666,2.2317486,0.7449042,1.0390539,1.1458391,1.6745462,0.7224767,0.7768729,2.1385915,0.19395377,1.6739491,1.30427,0.28455222,0.3785844,0.7493529,0.08865672,1.4548534,0.36230242,0.17549783,0.41577008,1.3518897,0.76352537,0.7329171,0.3786991,0.05101853,0.5855127,0.39440295,3.6253564,0.24505654,0.17328246,0.010506711,0.22903173,0.7436307,0.27339965,1.4695135,0.33369273,0.51986283,1.6603088,0.33534595,0.5212738,1.4518682,0.22586323,0.28698578,0.27556315,0.087072514,0.5327693,0.23566349,2.1152525,1.1640103,0.034902014,0.3803799,1.0247583,0.10883408,0.9409762,0.06335452,3.1015344,0.13745685,2.1781285,all_pothole_images\pothole_images_new_image_1228.jpg
0.0977232,1.1234956,0.0013388997,1.5911787,0.9615703,0.0858499,0.46355566,0.40624693,0.036098253,0.96725196,0.4415259,1.3788172,0.32005817,2.9350793,0.0,0.0,0.88947576,1.7574642,2.4273686,1.423032,0.23687926,1.1219983,0.2813777,0.25267825,2.2807066,1.1673816,0.61449087,2.6287622,0.03229133,0.44356892,0.6135812,0.5321158,0.32971326,0.105698496,0.7608529,0.69036573,0.30360988,2.0961013,0.48388526,0.034213882,0.012049621,0.1581532,0.37584332,2.0269394,0.6703926,0.1517041,0.6238207,0.13358268,1.1757452,1.9375272,1.0066217,0.29643118,0.35667285,0.07331131,0.0032285573,1.7200435,0.6603368,0.98035675,0.5198306,0.93917924,1.6484147,0.14858535,0.71914405,0.17702588,1.7224482,1.7688141,0.22189549,0.032996178,0.061138857,0.2890729,0.98347354,0.054914493,0.44013205,0.05035704,0.47137454,0.0017714383,0.047614407,0.84244674,0.49064934,0.37199485,0.4269942,1.2456667,0.52924377,1.2453026,0.032192994,0.010277768,0.72964525,0.2153075,0.29103956,0.041210163,0.38763213,1.208863,1.1694317,0.46524993,0.10218866,0.17093806,0.42092863,1.7984942,0.3741853,0.67965025,0.99209696,3.0212271,1.9186587,0.028432252,1.4117997,0.27462274,0.6863848,0.7759486,0.20010675,0.008533959,0.36508727,0.6384153,0.6726148,0.7852278,1.4808581,0.74164516,0.1139338,0.065874726,1.8027107,0.39078045,3.217997,0.0658618,0.6265782,2.1788628,2.2071285,0.45641288,2.1708214,0.5676465,1.6620352,0.2287589,0.35171026,0.2797699,0.49707112,0.16085993,0.4690173,0.12431813,1.1599338,0.38996342,1.2290658,0.17430528,1.7045951,0.040078294,0.40601876,0.3601981,0.14775965,1.0437479,0.3621004,1.0930482,0.6240103,0.0009980666,0.19168314,1.2838595,0.19957916,0.20894003,1.3798472,1.0389351,2.1282105,0.12072676,0.3280438,0.68638635,1.5942874,1.5064825,0.6841553,3.0272603,0.07051897,0.0320391,1.6190236,0.2799103,0.121913254,4.132522,0.07516606,0.0,0.28130707,0.097588025,0.12953871,0.18452364,0.63537496,0.7972104,0.9741426,0.8018716,0.32400265,1.4764366,1.1578691,0.55164206,0.24800311,2.7284234,0.275764,1.0069337,0.30959752,0.5150186,0.4178632,0.8234651,0.29443425,1.711201,0.611995,1.3029774,1.9175601,0.03309571,0.47757226,0.075569406,0.33891964,0.59124434,0.3133964,0.1640414,0.020381581,1.015898,0.17484497,0.22038616,0.7438862,0.9644056,0.010717564,0.23044185,0.620446,0.39199778,2.73756,1.2634885,0.46867096,0.22108603,0.6595749,0.7189255,1.1740524,1.3040673,0.67813283,0.7673987,0.0,0.005335125,1.685455,0.90722555,0.9736473,1.0721724,0.21433118,0.09868565,0.6390934,0.71472496,0.037861966,0.0011977153,1.4373926,0.7276549,0.11723917,1.3626332,0.73169607,0.6254626,0.48834017,1.1097004,0.45815775,0.03036558,0.808381,0.22283596,0.2227861,2.496612,4.054303,0.1286902,0.17108124,1.3433926,0.08057218,1.7812228,0.10528616,1.0166781,0.310415,2.2121,1.7630584,0.10398558,0.2601485,0.061648183,0.12651215,0.15079938,1.337778,0.35228774,3.293517,0.014388907,0.067097105,0.14161105,0.43532664,0.04220877,0.2054167,0.82856476,0.3801108,0.8038417,0.05369201,0.16046648,1.3483516,0.70186883,0.957554,0.3840512,0.058088064,0.65379643,2.1270614,1.100641,2.6770573,0.34956524,0.0,0.055920813,0.1625796,1.3363075,0.2780698,0.35231182,0.25388363,0.7063953,0.28591326,1.3888696,1.3045423,0.59599406,0.39620912,0.16278072,4.8774805,0.014730336,0.73074263,0.7912529,0.038026642,0.53987944,1.4922711,1.2287126,1.2592621,0.61839354,0.8142741,0.9299391,0.059008867,0.76525724,3.1127539,0.17779987,0.094282985,0.24117848,0.6186498,1.4936678,1.9180833,0.48614103,0.269204,0.0,0.5796113,0.01554339,1.2126772,0.2791025,1.482509,0.34266376,0.14043345,0.044749822,1.4711257,1.2048281,1.3514439,0.71886456,0.7965884,0.18542439,0.72661495,1.174399,1.9938105,0.2498756,0.10353179,0.8532963,0.76407963,0.3011892,1.2005922,0.23773435,0.584441,1.1184627,0.27016586,0.24290314,0.019176442,2.67168,0.46647823,0.40485564,1.1071997,3.249483,0.17056869,0.2926731,0.007243908,0.08717945,2.571185,1.1486934,0.0,0.612369,1.6685187,0.398813,0.52895063,0.22483736,0.53908074,0.25745118,0.098676816,0.28060597,1.422258,0.5428118,2.5519521,0.090918034,0.30378467,0.65023935,2.2001994,0.0,1.6876796,0.060844127,0.14979985,1.5183133,0.8649354,0.076835416,1.1100819,0.79743814,0.123618826,0.3184782,2.1437774,0.13046476,0.118522644,0.007534485,1.714508,0.5660479,0.6443264,1.5995452,0.09285588,1.0839483,0.7119274,1.8314123,0.9176268,0.09163039,0.25204992,0.46909156,0.024609633,0.5178696,0.003024495,2.14957,0.36385754,1.0707641,0.9137178,0.34758314,3.5213237,1.1683601,0.9603378,0.8983674,2.9762392,0.55681354,1.238023,1.0092583,0.046456493,0.0,0.7241415,1.1671228,0.069180965,0.21372534,1.0722482,0.847787,0.69588256,0.09647511,0.32526028,0.14922771,1.0441498,0.115421705,0.82521987,0.00751209,0.34495443,0.0,0.4979786,0.5196968,0.053201344,1.6978598,3.3617852,0.42400226,0.32580546,0.024459032,0.26325104,0.48492494,0.101330735,0.05097608,0.15810445,0.23943554,2.6142447,0.4729295,0.4880459,0.032376636,0.31833375,0.42506027,1.0785041,0.07514173,0.16377215,1.4238411,0.49171337,2.2336483,0.636548,0.5932885,1.366509,0.029193142,0.94890225,1.7576019,0.55068344,0.13436593,0.3396938,1.4187464,0.35593036,0.003730135,0.054457493,0.16120003,1.2320405,0.008104806,1.0213923,0.0,1.0069504,0.46120772,1.5103583,0.1268122,0.0,0.026191404,0.7425647,0.68614423,0.80332744,0.53467536,0.49724478,3.4674764,0.52579397,0.46435082,0.79820377,0.90681034,0.37567252,0.15675443,0.043428235,0.06585897,0.21668741,0.0027296415,all_pothole_images\pothole_images_new_image_1229.jpg
0.1322578,1.1972125,0.2316032,1.6828798,0.18776967,0.5695378,0.3271173,0.6019662,0.41891474,0.34084237,0.3633595,0.16755666,0.028067837,0.8306735,0.54721975,0.00025880148,0.002222812,1.3508708,0.17279558,0.43555376,0.46805254,1.6009058,0.04363871,0.17691444,0.47517386,0.654638,0.6850195,2.4581447,0.0,0.47673967,0.25476226,0.027775915,0.9876516,1.2800145,0.040817983,0.28385144,1.1942012,0.21111616,0.21297874,0.5464848,0.051657002,0.4645191,0.6422519,2.3390234,0.15613312,0.016667118,0.5098706,0.46067977,0.33677053,0.50526375,0.12801577,0.5059205,0.09448376,0.0055319904,0.320209,1.3325512,1.4160293,0.550502,0.14425449,0.0,0.36262846,1.0524157,0.19497108,0.37065178,0.4018818,2.1620677,0.09145127,0.8891486,1.6424495,1.1485682,0.28799096,0.09914861,0.07786187,0.23126504,0.27181667,0.0,0.24888308,0.57220423,0.11941933,0.066787355,0.28566927,0.2571322,0.12822308,2.538125,0.0095273,0.33155477,0.37755296,0.0255317,0.84029996,0.6997239,0.035706084,0.5717696,0.13505776,0.18472539,0.17592649,0.014281638,0.39180213,0.18680547,1.8485575,0.11467203,0.64771086,2.6391597,0.5765388,0.03936175,0.24211855,0.51212615,0.78539157,0.0281388,0.06871183,1.0028234,0.043860037,0.41890043,0.050747953,0.26785514,0.4454084,0.4302671,0.82652855,0.17993666,1.3157009,0.10388028,0.58818334,0.05174128,0.0,0.59835696,0.5132268,0.1991125,0.4821518,0.2090339,0.98824555,0.14722429,0.54872435,0.18479928,0.1579768,0.08438716,0.36274844,0.28631413,0.3068122,1.1418017,0.15499568,0.15543742,0.52618885,0.05438168,0.46762154,0.005904075,0.5873501,0.69392735,0.74560356,0.35365805,0.17328206,0.01555756,0.049429152,0.16417947,0.06055457,0.6966199,1.0972178,1.0246062,0.6557386,0.10486334,0.7871766,0.7900941,0.89050674,1.2297418,0.3278315,1.0081577,0.27527708,0.21269049,2.265562,0.3085785,0.81361145,1.218578,0.5316637,0.18742678,0.12188874,0.66197276,0.4443933,0.10042261,0.0,0.02434381,0.41463447,0.53227144,0.26776975,3.4518454,0.86153996,0.5663869,1.2704315,1.5807278,0.40017802,0.7815685,0.1796025,0.3770913,0.20693563,0.0,0.52123487,1.7783033,0.24408017,0.0,1.0766523,0.24685729,0.04457136,0.0,0.21500196,0.37733567,1.207731,0.38696232,1.1099161,0.084951244,0.8376255,0.13984293,0.29339364,0.29635918,0.00028182342,0.2035828,0.9777172,0.58363444,1.070909,0.6975275,0.37454656,0.12156251,0.2593768,0.14792603,1.7070371,0.65205353,0.34852502,0.028202377,0.10997266,0.058520656,0.5482316,0.20178747,4.7023807,0.056566723,0.82886565,1.0824789,0.46486577,0.18024713,0.44776616,0.121899486,2.2538626,0.17939901,0.07430987,0.13444422,0.071789965,0.054580085,0.23796774,0.19449285,0.23657608,0.031207444,0.16971615,0.2216912,0.4832052,4.4604864,1.5675296,0.048158534,1.0763652,0.36229712,0.020387175,0.54191697,0.40132335,0.32636476,0.16174063,1.0441377,0.050210465,0.3028823,0.2712807,0.99921745,1.182908,0.39448437,0.74465597,0.80102164,1.4970083,0.04194953,0.8273477,0.12096355,0.3415806,0.04024811,0.6330965,0.522974,0.44318378,0.17408697,0.24823686,0.06642656,1.8824027,0.26548117,0.4871047,0.5063227,0.070792496,0.31054384,1.2566719,0.039774034,0.31697348,0.20762058,0.03144318,0.13521579,0.23204571,0.6918411,0.1413309,0.014257777,0.05613217,0.6063965,0.10604605,2.1422474,0.85140467,1.2275007,0.09281087,0.71822876,4.509079,0.34071478,0.6638004,0.36393207,0.2579771,0.6392049,1.157634,0.5744615,1.3779147,1.3645982,0.46536675,0.34913227,0.026360799,0.5638335,4.577624,0.4173597,0.4334716,0.084366746,0.14932461,0.04211385,0.32219622,0.75236136,1.2452154,0.0,0.3329888,0.047808688,1.143757,0.20059168,0.4619142,0.3128751,0.0,0.3259978,1.2895807,0.71339834,0.24247831,0.48079708,0.018199446,0.088879876,2.2054985,0.6012469,0.931334,0.16730304,0.17131236,0.14036193,0.39398745,0.31032556,0.7437304,0.0032372803,0.4709167,0.9847074,0.0033141715,0.16492742,0.038796667,2.2288098,0.25795612,0.6023076,0.28854126,0.33529142,0.24511836,0.25542206,0.0027660606,0.0,1.6332905,0.009308737,0.4284269,0.7471162,2.7805836,0.13441113,0.1859347,0.05304478,0.50809616,0.053782266,0.2167728,0.039546575,0.7993098,0.27661085,1.0297538,0.0,0.33572927,1.1959478,0.90168864,0.1966896,1.2219825,0.0,0.2918607,0.402326,0.94257075,0.2613543,0.03085129,0.57895255,0.027965244,0.1167833,1.4710231,0.17997834,0.23690546,0.5162854,1.8812654,0.80087847,0.9914091,0.23995787,0.24778402,0.048510082,0.5270615,0.32994485,0.245522,0.12601508,0.31311277,0.27926219,0.27541775,0.21699385,0.24187638,0.24949996,1.405063,0.80835813,0.69803745,0.06913124,1.1235656,0.127746,1.1702936,1.4058545,1.6300578,0.24027349,0.3990547,0.0,0.054659005,0.8958157,0.2373166,0.0,0.7116877,0.2039508,0.46092314,1.7613655,0.98605067,0.41878134,1.3921038,0.2565941,0.29671028,0.28841984,0.09455921,0.27852947,0.76094365,0.15880899,0.4804701,0.14171553,0.48851618,0.6302622,2.5621107,0.46722555,0.5277413,0.00078856305,0.44596598,0.91439724,0.10937297,0.30777103,0.26837322,0.83789027,2.2235456,0.0,0.55571043,0.014518915,0.47695166,0.0061012544,0.073344946,0.26737618,0.110127166,1.3388337,0.6615482,1.4129959,0.38664898,0.18873298,0.3260004,0.34086552,0.24237356,1.2615267,0.56398374,0.0529103,0.16568667,1.6334559,1.0152843,0.04824289,0.48188883,0.03464995,1.0046462,0.031158924,0.80215704,0.10481523,2.9190564,0.56061625,0.10465524,1.3498183,0.03311247,0.123907536,0.1401663,0.5305507,0.025050728,0.0010691524,0.5984366,3.9309952,1.0480907,0.709752,0.7853493,4.14633,0.47679374,0.27400106,0.78113896,0.17879324,0.19529063,0.0,all_pothole_images\pothole_images_new_image_123.jpg
0.044395927,1.4755355,0.15001515,2.5059617,0.27465945,0.10871908,0.412795,0.0,0.5862594,0.11881593,0.19795236,0.042489503,0.0,1.3829188,0.07249355,0.21877296,0.07821693,0.06068595,0.17151523,0.18243293,1.0252849,1.2984952,0.8213473,1.5474421,1.8548677,0.4605472,0.0,1.5606053,0.0,0.39943445,0.37689832,0.0,0.06346118,0.14999957,0.24125834,0.34798825,0.50585204,0.9592738,0.18691581,0.06203533,0.027392121,0.6655095,0.7470159,0.3637721,1.8051739,0.0,0.102209695,0.058372974,0.340614,0.13031061,0.03792355,0.017389802,0.05517073,0.3985313,0.19562909,0.9501542,2.17139,0.111813515,0.050302394,0.1392859,0.0,0.27388635,0.7673424,0.17975016,0.30492634,0.9194762,0.022588601,0.00013782758,0.096564494,0.25048593,0.27099818,0.01707893,0.32684687,0.08172799,0.95151395,0.47253048,0.03477729,0.81840044,0.0,0.0,0.087126635,0.64100266,0.03259284,0.6229032,0.40398017,0.0,0.0,0.20162107,1.7413254,0.38128054,0.0,0.16290572,0.25441968,0.05850098,0.78072435,0.0,0.3615485,0.9075591,0.9177705,1.2264379,0.11408505,1.8172253,0.32979533,0.06804247,1.4250197,0.043549806,0.7212512,0.08299082,0.0,1.8753835,0.14609742,0.94375765,1.3808833,0.5442945,0.8358227,1.0648748,0.0,0.009337469,1.8581222,0.032624453,1.5276928,0.017277677,0.030591471,1.9390335,1.4512529,0.07342013,0.70592266,0.004064013,0.0009463426,0.0,0.0023083787,0.028100317,0.007608533,0.5760416,0.28411072,0.14092255,0.2432197,0.09695812,0.05222615,0.052397814,0.51537865,0.36781856,0.54191613,1.1430707,0.032323845,0.0798213,0.09574423,0.0066957073,0.7416451,0.029314902,0.015448082,0.014097313,0.112767324,0.32730755,1.8660113,0.03892487,0.06315539,0.32843503,0.14959526,1.6553178,1.3096058,0.47564176,0.04697745,1.1082735,0.8053043,0.42899284,1.279487,0.12768567,3.2375438,1.6419191,0.0,0.0,0.08827435,0.1959453,0.55087876,0.02800694,0.30813402,0.034577545,0.021694202,0.37146983,0.0,1.5862666,0.26119158,0.5523,2.9347527,1.0433334,0.0627974,0.35017478,0.69644135,1.7849741,0.11592533,0.037049428,0.057585366,1.3771926,0.64193755,0.015845165,0.9685328,1.7242413,0.50760067,0.1677845,0.0,0.26017892,0.14808476,0.15328139,0.09621973,0.37022492,0.010443215,0.0044122683,1.7677534,1.0657841,0.0,0.0026747128,0.7715137,0.7341393,0.61447704,1.077416,0.014668244,0.102055326,0.16567163,0.275598,0.46265125,0.03734607,0.00087457185,0.90425515,0.0,0.008388903,1.7349535,0.0,2.7677455,0.18700562,0.09340824,0.0031299463,0.14705521,0.10431695,1.0145355,0.17002076,1.25862,0.0020157734,0.67864615,0.061643668,0.6641178,0.025356142,0.2122061,0.08905417,0.037944447,0.0,0.9783665,0.13485126,0.20167904,5.2103534,0.8901005,0.08669869,0.0050696568,0.027359959,0.10622731,0.036083754,1.116688,0.009039345,0.44147024,2.5536516,0.67918104,0.89361066,1.0795674,0.14285712,0.21980092,0.66007984,0.5490538,0.07845826,3.1271656,0.12320528,0.054486755,0.0,0.7498301,0.18837816,0.10346162,1.193866,0.10514645,0.7398356,0.32434195,0.12356456,0.0044556693,0.15596716,0.6143332,0.0,0.0,0.44291055,0.6684209,0.4771012,0.15117389,0.048662994,0.0012702424,0.46676904,0.08857057,1.1271149,0.17892328,0.4681046,0.25274327,0.33659673,0.008364974,3.1765044,0.31778434,0.61849844,0.3055165,0.22097243,4.702544,0.1359142,0.27125487,0.0048809536,0.7045317,0.4505964,0.038569394,0.27414504,3.2797148,2.7462265,0.027200714,1.1112696,0.0,1.916856,3.500855,0.65439326,0.0035939228,0.0,0.0148061095,0.1836798,1.1061219,0.56316787,0.7533501,0.04030188,0.0014471672,0.21716577,3.0464544,0.10879672,0.022030119,0.20452297,0.018225895,0.0018986876,2.334355,0.48419595,0.3002141,0.30542937,0.5009447,0.24437526,4.7812905,1.0063194,1.5168983,0.016824173,0.5313017,0.24293333,0.39437258,0.035052408,0.47558555,0.14136791,0.30689257,0.3718734,0.051229943,0.0015210129,0.0017906453,0.33454627,0.57450384,0.4802112,0.8365353,0.0,0.0516638,0.12300067,0.0019132581,0.0,1.0902894,0.1993821,0.19439325,0.08460323,0.37818933,0.091648586,0.05626379,0.5212536,0.07825349,0.48271003,0.43108726,0.9304815,0.28058472,0.77329034,0.15678896,0.025762465,0.6650753,0.19167279,3.073372,0.0,3.2826304,0.55937505,0.00050390343,1.4626017,0.52027434,0.4406413,0.010814516,0.15059674,0.0,0.24433489,0.59173715,0.13997884,0.19480717,0.14320707,0.3554238,0.6380647,0.4123082,0.080207385,0.3116665,0.12367081,0.03903901,0.1845262,1.4538559,0.09027672,0.0,0.17583631,0.0,0.18090992,0.1294321,1.0630891,1.3902426,0.09118647,0.55418026,0.5640286,1.2209346,0.008025987,0.68818563,0.12575714,1.3592216,0.3549071,1.0856944,0.1054033,1.6286175,0.006469139,0.054563556,0.526867,0.1388556,0.1149176,0.06408821,0.9442496,0.8805219,0.32854375,0.56396407,0.4768184,0.43442205,0.16428418,0.28608695,0.35435045,0.0076588118,0.019231709,0.8759008,0.05742978,0.08429173,0.7421929,2.280123,0.13972774,1.1448468,0.025817676,0.6109521,0.19916129,0.6745156,0.032321993,0.0074625425,0.32472858,1.3241918,0.017715687,0.120420516,0.049678043,0.78269935,0.37903175,0.0,0.0,0.07669082,0.5794127,0.6410179,0.34700534,0.06900837,0.0,1.1345937,0.0,0.21350424,0.49761915,0.6976857,0.016558936,0.6832279,0.9589246,2.2420652,0.7739316,0.078738905,0.6221667,0.6607535,0.0016238185,0.09037257,0.017279588,0.22613472,1.7443072,0.3136372,0.0020845796,0.0,0.0,1.1488618,0.092279166,0.0,0.047375828,0.44074905,3.2516532,0.9874806,0.1378785,0.027332349,2.737354,0.20806456,0.2608881,0.08374185,0.33829212,0.8707722,0.107278354,all_pothole_images\pothole_images_new_image_1230.jpg
0.5009098,2.0523782,1.3203444,3.4695556,0.004023223,1.2306418,0.052852858,0.015530405,0.56145537,1.3387675,0.15543208,0.20975918,0.25094983,1.8890744,0.59250313,0.20000473,0.28277874,0.22498864,0.004942976,0.14058633,0.68616736,0.459992,0.0,0.06814028,1.0611686,0.58225995,0.10911344,0.64913315,2.7334847,0.9743233,1.0653077,2.5851033,0.4545942,0.068518616,0.46357268,1.3148363,2.6067803,0.40241736,0.09308381,0.150837,0.122713044,0.21852359,0.41920096,0.84658825,0.5331711,0.29636332,0.24461906,0.7090177,1.9932282,0.006751874,0.4190378,0.15821412,1.7766144,0.8594403,1.0555885,1.1865638,1.6310608,0.92888314,0.15484975,2.1665387,0.5522921,1.0626009,0.5269447,2.905216,0.1183347,0.13766396,0.9383147,3.1710362,2.2748525,1.5634351,4.085317,0.66041285,1.3996724,3.3093877,0.5603499,4.801554,0.30301556,1.8917572,0.07549462,0.5313547,0.62074965,1.2010163,0.32012185,2.1914914,0.12262802,1.8095164,2.1782703,0.024662908,1.6496933,1.2175082,1.0894927,1.5982437,1.67839,1.5156695,0.035721373,0.34168005,0.18734439,0.9671528,0.60027933,0.1159332,0.4546065,0.47639924,0.54293877,0.7905881,2.7003136,0.26387098,1.4671829,0.6054784,4.4707417,1.0114913,0.08972175,0.7585589,0.82012504,0.6640195,3.4063745,1.2241205,0.26754537,1.9271243,1.7690625,0.32066515,1.7614603,0.29693976,0.33217722,0.9754161,1.2064539,1.2339058,0.1689282,0.3563163,1.7348022,1.6340815,1.2730925,0.38781986,0.81464434,0.38842928,3.18896,0.14155205,1.3689077,1.2031618,1.1148577,0.12766676,0.48515183,0.84168434,2.7131288,1.5805097,0.337476,3.1590016,0.18820077,1.3364276,0.29717368,0.16328172,0.9428406,0.12165904,0.20401664,0.22505172,0.9216036,1.6465706,0.8448279,1.0291994,0.03712416,0.42197394,2.190445,1.9307408,0.23260091,2.355423,1.0278583,0.86601156,1.2116704,1.3714434,0.34113503,2.166688,0.6855805,2.1100912,0.83192325,1.684041,1.3258368,0.7081658,2.4264743,1.0683072,0.59121454,0.44421595,0.8557966,0.23651612,1.0869157,0.12563159,1.5683242,0.36373067,0.71356225,0.7623023,1.5574881,2.6508265,0.12641196,2.9185355,2.316221,1.6771928,1.2269582,2.2875102,0.16577761,0.51139134,0.18809384,0.21454068,0.22173971,0.39584115,0.089450344,1.1194727,0.4153023,0.36717936,1.7277961,0.27424824,1.632562,0.02431632,1.5664644,0.0027825257,0.95577985,0.6770943,0.33968025,0.451009,0.073547825,0.6076717,1.4800395,0.024594665,2.4407654,0.7296021,0.059502844,1.8353251,0.028678562,0.34684396,0.31032893,1.2880127,1.3211106,3.2442372,0.4704276,0.056528296,0.05462528,2.2414207,0.87799156,0.17407373,0.9827333,0.5380879,1.7237767,3.4770212,0.110159874,2.048928,1.05062,2.1276426,1.5916331,0.39069933,0.7201918,1.6434163,0.27724344,4.0508776,1.3468603,0.23623478,0.14562725,0.7753903,0.84475046,1.0865402,1.6033839,0.26953572,0.40559012,0.6840981,0.024035838,0.7027688,0.80430907,0.008306428,0.44059345,0.5777809,1.117192,1.6404421,0.8546067,0.0039114617,0.73503935,1.2264484,2.443669,0.8088271,3.036854,0.61503685,0.02894285,1.1886294,0.1182251,0.3658609,0.52273655,0.015567883,0.396572,1.157599,1.0938523,0.4069674,3.3369296,2.8300593,1.7030854,0.81227076,0.1753549,1.8215301,0.06499535,0.7524389,1.3241274,1.8933392,0.17878196,0.4478192,0.2990537,1.5743202,1.7918414,0.88832635,0.8274755,0.4002831,5.700874,0.8317196,1.2047548,0.27599046,1.3057753,1.2489811,0.115798,0.33420846,3.079466,0.15684256,2.2156148,2.1368525,0.32534206,0.98960483,1.5237174,1.4892614,0.13934873,0.49801096,5.8398724,0.45159873,0.0061320197,0.18964031,2.2691877,1.4992317,1.5096829,0.026417267,3.1335595,0.11089677,1.9419955,0.32679322,2.9176068,0.050000906,0.67046976,0.34362093,0.8264479,0.018499486,3.9067419,2.8505964,2.5034611,1.1042463,0.05467903,0.47009632,0.36070228,2.0494359,1.5015831,0.29502955,0.14712949,1.9719462,0.15453881,0.44019654,1.992596,0.2233592,0.0,0.6270941,1.8895324,0.45169795,0.31735566,0.41982147,0.44400933,2.8139555,0.28071302,1.5755824,0.3396622,0.8482433,0.20910998,3.2273207,0.16193761,0.6983389,0.09967041,1.4453162,0.011645167,0.35666543,0.85487616,0.22696047,3.2098103,0.86394054,0.5483687,0.51852524,0.2616201,0.6925676,1.8051196,3.2105513,1.2791806,4.04552,0.23462953,0.45313382,0.38507637,0.10148151,2.1202762,0.042000078,1.3635355,0.8686216,0.047986634,3.0174677,0.32207054,1.9462897,0.5894376,4.2828903,0.37829798,0.21497494,1.0576828,2.1127837,0.38709694,0.6055217,1.443821,0.0036296893,1.0646001,0.69556385,2.2015638,1.8707047,0.9206168,1.1764693,0.50328696,0.1432721,0.20191924,1.800897,2.1020536,0.15410864,1.7178493,1.2866325,2.0201533,2.2127292,0.06451124,0.20857623,1.6911819,2.5841823,1.0259265,0.30008763,0.93081003,1.4964657,0.6462356,1.4820796,2.6754653,0.9515911,0.11990071,0.7179316,0.48943934,1.9426032,4.2254567,0.09556955,0.1076285,0.24974889,0.4512776,0.4845637,1.2968444,0.44389877,1.4684422,1.4120963,0.57361937,4.253471,0.079539895,1.7437564,0.029008297,0.5236215,0.67590505,0.70228946,1.6299279,0.08179676,1.6041301,0.68300146,3.7816274,0.77333754,0.5142784,0.3683446,0.6423202,1.5528951,2.2909656,0.06561282,0.7914264,0.5833036,1.0148529,0.89027464,1.7110342,0.8552005,0.22406188,0.88333035,0.19269975,0.9697599,1.3909212,0.28434834,0.8684157,1.3879508,0.88449025,0.17952311,0.14445527,2.8020465,0.7841365,0.17010148,1.2718709,0.061989497,0.1915233,0.24338411,0.087529995,0.14759119,2.3029966,1.2674278,0.25888136,1.8529648,1.4727693,0.28026637,1.6879202,1.2939987,1.1030616,0.40206683,3.4091914,0.11673846,0.759218,1.1089417,all_pothole_images\pothole_images_new_image_1231.jpg
0.06645741,1.7757754,1.4896648,0.36965775,1.1099136,0.42444435,0.37386423,0.46351314,1.4991578,0.11037194,0.0,0.19148219,0.7080305,0.7185969,1.1197757,0.2946876,1.669508,0.04683536,0.22718737,0.6124585,0.85600686,1.7385434,0.3349869,1.3409393,0.15463778,0.3599518,0.108631395,0.8593454,1.4447875,1.0783328,0.08658543,0.7386445,1.539669,0.27069625,0.9722387,0.97147375,2.8795464,0.80903906,0.3269589,0.15053043,2.4498365,0.9929754,0.6377218,0.30626446,0.9127551,0.5225975,0.009672163,0.7588126,0.53214425,0.1274688,0.67153555,0.16389392,0.025745774,0.6043737,0.008786325,0.5704741,0.884263,1.020614,0.58913827,0.97350574,0.02249408,1.5793697,1.8733075,1.2425214,1.1039696,0.8033682,1.2872273,1.3419433,0.061974004,0.45980898,0.54490054,0.26317063,0.7331037,0.73952544,0.4203158,1.0697328,0.82494444,1.441263,0.07389909,0.6217166,1.6550345,0.2894683,1.286946,1.8405061,1.0967742,1.516042,0.51707155,1.2105061,3.54735,0.40900433,0.12301159,0.21255796,1.2838912,2.4812024,1.3046501,1.2058084,0.46126416,0.52311665,2.0112562,0.14558488,1.4727111,0.22520924,1.4707652,1.102499,0.30193073,0.0031222128,0.7875171,0.4545053,0.37806612,0.6686729,0.4849352,4.598611,0.81600684,0.13263829,1.9127091,1.2604145,1.423602,0.5681659,2.4137821,1.0302773,0.003950483,0.15582567,2.357959,1.0206894,0.5971974,1.1163448,0.32833162,1.8355551,1.345772,1.0800151,0.11721813,1.4313207,0.5577416,0.4901066,0.48190758,3.7182379,0.50125575,0.11889856,1.1661285,0.7906337,0.54655766,0.40502617,2.0025096,0.004611458,1.1612455,0.5705481,0.51492894,0.84403956,0.0594164,1.1380155,0.9416227,0.08223698,1.6325889,0.19921528,1.2446723,1.1889359,0.64036256,1.7286386,0.9923038,0.46315536,0.13847576,1.1798215,0.2740315,0.41681817,0.6577187,0.49419954,1.3295192,2.3413675,1.1374682,0.74781734,0.002430021,0.77886593,1.4233582,0.58730525,1.8299974,1.7091238,1.9121588,2.5341918,1.1607835,1.7378511,0.59373945,1.4636441,0.43512893,0.8831627,1.1648391,0.55755585,0.70696807,1.6203219,0.0041167852,2.0686407,0.11103821,1.3793939,0.19803627,0.18528585,2.414924,1.3078504,0.90634567,1.7261695,0.9303945,1.5145835,0.25833195,0.2718916,0.019306175,0.29414648,0.8851278,0.6311709,0.88835436,1.3710023,1.1604375,0.15863702,0.6707699,0.08539783,1.4241834,3.6413932,0.7428312,0.9069631,0.049692348,0.46039402,0.09330751,0.84954655,1.9253067,0.24853975,0.35587656,1.1555661,0.7509105,0.46597445,2.2665594,1.2852532,1.053055,0.32754293,0.73122543,0.26560864,0.25302103,0.87116736,0.287663,0.6150687,0.292672,0.3644406,0.4457071,0.22567752,0.18916577,1.1364553,0.2735579,0.9126,0.25257543,0.40984833,0.31610334,0.07415575,1.8694911,1.8730428,1.4642929,0.98070276,0.94644916,1.0046932,1.0227983,0.2520307,1.8103266,0.40951723,0.709741,2.0782082,0.000521433,0.5503925,0.9830531,0.78300625,0.5122164,0.9518795,0.11611762,0.5951904,1.2738906,0.7931431,2.2544951,0.6275885,0.17759155,0.10288793,0.90401345,0.9575934,0.013751934,1.6743752,0.42887598,1.0671761,0.45625576,2.1742632,0.18069415,1.6489905,2.3997085,1.1145366,0.8422606,0.02733512,0.6065451,0.345111,0.17671312,1.9127134,0.2949603,0.99422,1.6157289,1.5077757,1.7944173,0.7475055,1.307476,0.04599311,0.020382967,0.463611,0.68819857,2.247183,3.3982067,1.1093416,0.42801467,0.72980076,2.5010242,0.4250712,0.65065646,0.86518514,4.2641273,0.25791147,0.15062636,1.575564,1.6699221,1.5292573,0.7875899,0.030739192,1.306147,0.5502305,0.736495,0.0648086,0.17737943,0.96203613,0.5485118,2.0347865,0.6175678,1.1096722,3.1722858,0.23278181,0.052987516,1.1330166,0.36618078,0.037835028,1.8206962,0.08064648,0.85515344,0.09290508,3.9669504,3.5062704,1.1382512,0.4388972,0.9537623,1.3844237,1.1897404,0.9300297,0.6261195,1.3674573,0.29266563,0.18143742,0.5071604,1.123387,0.9332207,0.29950958,0.35030276,0.61592364,0.94102156,0.2504731,0.06234961,0.15291679,0.2799916,0.73924875,0.6281078,2.1168914,0.22235781,0.43614724,0.26483122,0.21721357,0.06759307,0.5260668,1.2054267,0.03293209,1.3231837,2.1643891,1.2327334,0.8158661,0.2569579,0.82660484,0.6324427,0.38529143,3.2835665,0.79479045,1.5532355,1.5337876,1.8915508,2.8711572,1.0298083,1.4835922,1.0102317,1.075064,0.96864575,1.7164457,0.9534732,0.8777352,0.6177328,2.3565693,0.31073213,0.7573221,0.52908736,0.15411307,0.19477253,0.45779395,3.1877909,0.071325526,1.0212313,0.99601287,0.5375418,0.52718616,0.8648996,0.004957604,0.30259374,1.0142074,0.20063326,0.33114114,1.0562677,0.9717629,1.0859336,0.42874792,0.022016194,1.8471925,1.3416239,1.8739518,1.4365872,1.4422055,0.67619497,1.7103645,0.8627224,0.27618805,2.1057272,0.1599075,0.38307133,1.3366599,0.7047458,2.1791728,1.4021271,1.6041992,0.9419693,4.080504,1.049426,0.61438483,0.70540476,0.4700567,1.2290486,0.6535746,2.352895,1.2074362,0.6691578,0.37723044,0.0948595,3.7978888,2.483539,0.5699061,1.7898717,1.3152206,1.1465589,0.815198,2.2140481,0.89918363,1.2456778,0.6889443,1.0639396,1.0718493,1.5095009,1.002577,0.19418101,0.25800595,1.854064,0.54478514,1.5122468,1.684005,0.99110013,2.0155232,0.4726554,0.8552397,0.5274856,0.14496832,1.1060913,1.4971644,0.4260208,0.9029626,0.7177366,0.6161419,0.24056216,1.783541,1.7443744,0.6656906,1.2282823,0.54583,0.6543704,2.2609034,2.095508,0.060481556,0.57816285,0.08150401,0.1210719,0.7414216,0.7593471,2.0106554,5.0055447,2.543778,1.1590663,0.8710313,0.46551475,1.7533616,0.8835058,1.6759944,0.5341508,0.27329233,0.7452741,2.0733624,all_pothole_images\pothole_images_new_image_1232.jpg
0.072356686,3.0229461,2.3902946,0.7686216,0.06774602,0.39275947,1.8943356,0.3504305,0.109645344,0.4574092,0.85483146,0.7289116,0.23374946,0.0149351815,0.33764172,2.7987285,1.082956,0.59665847,1.1444474,0.05785102,0.028083285,0.53532666,0.97439384,2.1101906,1.0250689,0.8452807,0.69364417,0.6461446,0.13073274,0.40809324,0.45480993,0.6017491,0.0,1.6398023,0.59372073,0.18557516,2.3529139,0.2918544,0.15797584,1.6920199,0.47101834,1.0553985,1.303873,0.000130484,1.8191316,0.92280096,0.7310486,0.28056368,0.6520628,1.1855094,0.5151763,0.22431177,0.07130142,2.29543,0.46084192,1.4946406,0.22690417,0.8295691,1.3854067,0.70049626,0.7248989,2.046449,1.7241681,0.1454922,1.7515088,0.45941547,4.7072296,0.6228103,1.00141,0.41460103,1.1865168,0.47773555,1.780143,0.0069675907,1.0244695,0.31170958,1.2017035,0.0067118504,0.4121725,1.0142977,0.04040544,1.6920462,0.59908485,1.8090057,0.53604245,0.34014738,0.95415044,0.46517396,4.101321,0.80433095,0.015618466,1.3097743,1.5478736,0.005827028,1.8936898,1.413649,0.94137555,3.750363,0.3997883,0.36458498,0.5650495,0.25341696,0.9232384,2.0423687,0.55508,1.3031981,2.1382642,0.7183029,0.0035779844,0.7892521,1.2872502,0.6893464,0.2575847,1.0883173,0.0015213869,0.9775236,0.730453,0.94087636,0.9228986,0.020443425,0.23360182,1.088499,0.5167156,1.9266754,2.4202528,2.6960583,0.96584004,0.33082378,1.3321422,0.10858829,0.6883875,1.5373847,1.8986601,1.4690379,0.75144804,0.6243445,0.38754925,0.06037748,1.4870994,0.6868625,0.91083974,0.27974832,0.11121497,0.16165254,0.0,0.0,1.1409891,1.3508073,0.37239167,2.1219726,1.3266752,0.34081897,1.269676,0.066573046,0.027157234,0.026158059,0.26449358,1.495299,0.95884156,0.30300298,0.4756273,0.74179137,0.92966974,0.14003827,1.9285784,1.0812258,1.6084864,0.608899,0.6330575,1.2568879,0.69063777,0.17741236,0.35960972,0.0043775714,1.213596,0.2864972,0.0775904,1.6012266,0.5435806,1.3044313,1.3608866,0.05630616,0.20979632,1.3616776,0.24834932,0.7949687,1.9481784,1.1643474,0.21113479,1.6839895,0.19785015,0.93970895,0.26317838,0.737969,1.3136258,0.39371789,0.8828807,2.2921612,0.16025305,0.5245797,0.4273522,0.68416905,0.16164967,0.048843216,2.4116042,0.5694772,0.3041394,1.1862139,2.6047704,0.23925012,0.3983731,0.2018354,0.40294614,0.3411844,0.46344018,0.15024684,0.95262283,0.33060938,0.18455397,0.3608865,0.8234904,0.3610101,0.013304027,0.1898697,1.4549439,0.17451675,1.0405761,1.1452285,1.3598017,1.0557334,0.20485932,0.5087985,2.0557706,0.029618926,1.0663552,2.0987558,0.23293948,0.22182235,0.40550223,0.79896,0.013821784,0.7763337,0.40290022,0.030597746,0.85977703,0.3800881,1.5887772,0.17858015,0.56422496,1.7793398,0.0,0.8889721,1.7293885,0.6367317,0.7154377,0.10019126,0.37495747,1.1467003,1.6214867,0.12418542,1.2978626,0.5815284,0.6248405,1.4361298,0.4009747,0.730055,1.0818049,0.4344142,8.348449,0.092451505,1.3678792,0.5012917,0.11231888,0.63612056,0.30201605,3.6293316,1.0184652,1.234072,0.31682435,0.09808145,0.8738093,1.5154363,1.4390392,0.19129424,0.49233353,2.0088341,0.6486039,0.020083936,0.63459307,0.6040603,1.096096,0.2680307,1.5373014,1.4086084,1.005629,0.028781895,0.6434626,0.16188484,2.4234889,1.2009878,0.22323993,2.9152389,0.43496114,0.8956754,2.7715983,1.2472425,0.065047525,0.09423533,1.2658813,1.5882523,0.15052848,0.7139374,7.9337716,0.22607581,1.1885383,0.8214349,0.46114045,0.1987678,1.6548762,0.108287446,1.9622836,0.4809479,0.07216627,0.84825057,0.3985564,1.5371226,0.14741255,0.13155821,0.17788927,0.8129111,3.600088,2.042441,0.94610643,0.420475,0.30186757,0.6224213,1.0590638,0.06973211,0.53648525,0.2731167,0.20911027,0.2844266,0.61526704,0.052869357,0.59883463,0.34234214,0.185582,0.025013383,0.24764195,0.1880406,0.061665323,1.454521,0.620188,0.74142534,0.05429534,1.8368871,0.43924215,0.51188767,0.7606989,1.6661775,0.2785091,0.27469093,0.922737,0.0,1.3081471,1.8016815,0.5679873,0.51680076,1.6956893,0.8795241,0.2986948,0.39102924,0.15209237,1.0634991,0.12180767,2.3241313,1.5785382,1.0440937,0.24126787,0.2815106,0.58297855,1.476437,7.3018723,0.014951253,0.36296934,0.47105664,0.77894884,0.0672238,1.7377131,3.708648,1.352239,0.75352055,0.87023085,0.015830135,0.2161081,0.76314265,0.008284827,1.1643041,0.14420773,0.0125302235,0.9447557,1.1366001,0.08896212,0.47257024,0.45307684,0.0,1.3851933,0.67560905,1.0746785,1.887322,0.6493399,0.70023876,0.9211878,2.5904677,0.8490707,0.005193418,0.4713876,0.2788292,1.1110328,1.2807804,0.7074774,0.40080065,1.6151323,0.96801174,0.0,0.0,1.0006391,0.2551675,0.38973877,0.7623152,2.8915753,1.7947975,1.1010495,0.036601763,1.7261063,0.29281443,1.3880571,0.0640374,0.06419754,0.68926007,0.0,0.13969256,0.4768879,0.8224331,0.7829791,0.23372754,3.1357534,0.36988565,0.5188379,0.8715837,1.566806,1.0494636,2.705103,0.09542742,0.8332479,0.2617057,0.9830219,0.5259988,0.3992076,0.0879386,0.22381578,0.39530396,0.8379456,1.5876852,0.78894895,0.8336468,0.6620804,0.13582614,2.0650654,0.005709649,0.993274,0.61941636,2.8515432,0.28908655,1.1365377,2.07867,0.23333551,0.03378236,0.3083222,0.8249172,0.06268388,0.21138498,0.14996795,0.002142024,0.29096344,1.7124995,0.044128086,0.31880066,0.5899327,0.77432966,1.6355997,4.959847,0.08944702,0.6588662,0.7322224,0.5444825,2.731064,0.47286776,0.81080234,1.0453643,0.0015351891,0.5866745,0.067241535,0.5656969,1.592127,0.5005729,0.8470465,0.3949298,1.3628354,0.5413237,0.6993992,0.9792689,all_pothole_images\pothole_images_new_image_1233.jpg
0.19178978,2.2437718,0.59835565,2.9497797,1.7580615,0.65674645,1.4937485,0.0040110415,0.67766124,1.1895396,0.5090512,0.1706767,0.30421308,6.476748,0.3653042,2.521396,0.6898392,0.7595579,1.7707665,1.0969927,2.3437428,2.0065596,1.3414141,0.32877335,1.5516846,1.7324744,1.6935023,2.8101494,0.5405379,0.5677607,0.61727625,1.4069501,0.48085275,0.893047,0.3286921,0.8682982,0.07691239,0.99196994,0.19266662,0.22513895,0.6627303,0.72729445,1.4121907,3.520688,0.4763558,0.31381765,0.0,0.11061187,0.54403776,0.7350319,0.7340111,0.6672648,0.21169199,0.89480704,0.5669115,1.081666,1.6318723,0.027791364,1.7173599,0.41293228,1.1191305,1.2471241,0.7992209,0.3332291,0.9130272,1.049483,0.8419335,0.10108707,0.2588074,0.057730928,0.9690122,0.7108841,0.29937133,0.3972288,0.5218795,0.47114375,0.8580834,1.8445022,0.6202281,0.5730784,0.2597644,0.055281498,1.017005,0.59186524,0.23734516,1.6371176,0.9480286,0.03504641,3.5987585,0.8059106,0.3383645,0.41561863,0.64039344,0.6929399,1.4485804,0.014238612,0.88499415,1.0301301,0.86359894,2.2853994,0.027636468,2.4960678,0.4746387,0.14737235,0.91831875,0.6018445,0.36713564,0.124235,0.12025229,0.55931085,0.35056868,2.1836734,0.41359818,0.055857424,0.41047096,0.70450443,0.7600065,0.06817931,3.1161342,0.25335884,0.097996935,0.41047886,0.58953744,1.2369493,1.8759923,0.6301656,1.1235627,0.3142838,0.26606953,0.70350426,0.74324846,0.047847427,1.1585109,1.1481644,0.33906546,0.452573,1.001788,0.4499377,2.2007847,0.4255844,0.48085722,0.113120474,0.4715956,0.92707837,0.10366993,0.5779243,0.19982375,0.08522956,0.25753027,1.7737153,1.1250777,0.8231702,0.118997514,0.8836836,1.2524303,0.79552543,0.61300516,0.24309604,1.2161293,0.58111125,0.6211828,4.220456,1.0062332,1.9784803,0.88214374,1.8020338,2.5057392,0.64953256,3.38588,1.5028242,1.1809131,0.39804828,0.48745614,1.4457954,0.9679945,0.066778146,0.98235834,0.51199424,0.47776675,0.44268155,0.15856367,2.4198086,1.9927586,0.4100476,0.9413776,0.33257097,1.5902151,2.582368,0.184383,1.9405146,0.9893902,0.82370603,0.0703103,0.39702573,1.042959,0.5361084,2.877792,0.93399686,0.6031953,0.30173084,0.36989734,0.8919321,1.6559647,0.22615795,0.5559856,1.0939695,0.25217667,0.45541373,0.12608843,0.6230043,0.028448176,0.10909219,2.1247675,1.3131559,1.0772399,1.1776457,0.8491129,0.00996013,1.289795,0.623171,1.5061194,0.05674084,0.30254838,1.3213295,0.5873563,0.5067803,0.869497,0.5296315,0.24308792,0.3105814,0.15728575,0.42286345,0.67925906,0.6564083,0.3060116,1.0428119,1.4429631,0.32861382,0.021267124,0.7390535,0.5060416,1.358319,1.260746,0.57103866,0.43159056,0.22969322,1.6456112,0.30121782,1.7962779,4.0698504,2.707226,1.2391119,0.2715499,0.9063882,0.8651828,1.0211209,0.36528733,2.1606183,1.7998027,2.5592785,0.26179364,1.8011898,0.3112028,0.9988979,0.14483461,0.18438224,0.69446623,1.2473866,3.0326686,0.7000987,0.5843432,0.0,1.341438,0.26038203,0.6831709,1.7458433,0.13543907,0.72406846,1.9906607,0.341993,0.48838034,0.92427367,0.027885264,1.8817269,1.4097147,0.79785824,0.69823253,1.0571202,1.3807477,0.37159023,0.049045693,1.6864281,0.44055712,0.5639645,0.68705297,0.63072765,0.9613491,0.95153457,0.9854065,1.6446029,0.7760131,1.7950107,0.20547557,0.4992292,3.807995,0.51043594,1.3947672,0.24081062,0.9128867,1.0944564,1.0460776,1.3026177,2.6814995,0.78891784,0.25178584,1.1673309,1.2545518,0.64282024,3.5509026,0.11854496,0.008295088,1.3260498,0.14793329,1.5755241,1.1955966,1.0709229,0.46065745,0.7462032,0.30546558,2.0412972,0.47275466,0.83169305,0.34284547,0.9550804,0.23174143,0.75225353,2.9647608,2.7999055,0.17881498,1.684154,1.0508195,0.84687155,1.4203929,1.6542493,1.7717792,0.1018427,0.10020144,0.36952952,0.66104186,0.47705412,1.7789576,0.51243806,1.3179637,0.7556783,1.0895543,0.15993054,0.46170712,0.5527774,0.4997061,1.8398948,0.4145451,0.12178373,1.1047843,1.9872184,0.37226042,0.2601011,1.2203108,2.1772468,0.008407446,0.8455879,1.2374544,0.4189109,0.37211588,0.27225825,0.14602318,1.175907,0.1392821,0.32196623,0.11648147,0.11489088,1.0149498,0.72333694,0.48699304,0.6439765,1.6250458,0.48367703,2.3690574,0.06519039,0.29018298,2.8145742,1.2575701,0.2953273,0.10934477,0.5316436,0.63738346,0.043955132,0.13710059,0.071676664,1.313162,0.015178016,0.92563206,0.26901934,0.05963162,1.4701207,0.6066526,0.4615851,1.4874966,0.49406153,0.27967262,0.81483537,0.18412879,0.84557885,1.1446462,1.0110465,0.1165091,0.22019987,0.6572851,1.104351,0.2529481,0.57100487,2.028701,0.37667236,0.63698554,1.8304988,1.6780885,0.10573915,0.704089,2.067783,0.546539,2.1341715,1.2534924,0.49532726,0.83248544,0.29061165,0.47540927,2.059532,0.6844036,0.560406,0.41323283,0.21275756,0.9238715,1.3174778,0.21574773,0.1426672,0.62781304,0.68229914,1.7999827,1.90898,0.38067198,0.6612269,1.8904263,0.61595255,0.5034328,0.14013934,1.5855393,0.68752176,1.7849202,0.6296557,1.2532663,0.41880152,0.6237422,0.25244197,1.2187116,0.052109852,0.44186503,1.9949346,1.2471422,0.06492249,0.78092885,0.13483216,0.6339178,1.621535,0.9153084,0.041695524,1.6115221,0.32826805,0.6222944,0.7367988,1.5814195,0.09514962,0.7290756,1.7272763,1.0458754,0.268982,0.12967092,0.5704605,1.4831431,0.6089011,0.9821995,0.20845643,0.36285475,3.2236958,0.14468643,1.3720344,0.031952355,0.18161349,0.18792166,0.50394094,0.2727659,0.32004783,1.3387766,1.131842,0.25312817,1.9759454,1.7021226,0.46388516,0.7218838,0.3043081,0.24996784,0.6702983,0.08608239,1.0700527,all_pothole_images\pothole_images_new_image_1234.jpg
1.0236081,0.3474479,0.4360553,1.517498,0.056984216,0.16623333,0.09958461,0.51846105,0.9040421,0.72296125,0.20552085,0.39590594,0.12456373,2.7651784,0.7671138,0.21933386,0.5103964,0.36988887,1.5696021,0.5565229,0.36095455,1.4576288,1.7388629,0.18500982,1.1606579,1.1679347,0.21927753,0.21086007,0.9746113,0.27305648,0.1529049,0.39398578,0.8559499,0.21905088,0.9088296,1.1395279,0.4175249,0.51441836,0.28846145,0.40098512,0.38260674,1.1957242,2.0348594,2.384999,0.24966872,0.82546055,0.17687123,0.024865754,0.31668347,0.12399553,1.391125,0.44912937,0.61895096,0.4335048,0.03811933,0.3194287,0.900693,0.08842879,1.8348724,1.1371849,0.5529394,0.42554334,0.021673532,0.07701287,1.4064974,0.6592347,0.42024466,0.00426414,0.9937381,0.0054228194,0.4601663,0.0068674884,0.06678191,0.010824394,0.2571623,0.022218483,0.64717007,0.3875453,1.5492407,0.02303083,1.5479224,0.2797643,0.02575517,1.4267237,0.3508778,0.35009167,0.3587339,0.47008938,1.2636375,0.48474568,0.7202648,1.0839397,0.18668562,0.7530641,0.12449551,0.79268754,1.0664439,0.52300173,0.790298,1.1942276,0.23066205,2.265978,0.56502306,1.5467902,0.8414241,0.6143744,0.97113687,2.1259923,0.21535328,0.50615263,0.31656677,2.011752,0.05933592,0.69957715,0.73747224,0.26195267,2.1614208,0.30909455,1.0694708,0.24812348,2.4120944,0.49548408,1.0994037,1.0156766,0.75015926,0.24963178,1.1243262,1.3925326,0.88618356,0.33958372,0.55766195,0.07654938,0.22023395,0.4898045,0.028685119,0.70188856,0.26702744,0.49053946,0.5042169,0.36487713,0.53477347,0.5953017,0.5832889,1.1863567,0.0,0.4404788,1.7103363,1.5509257,1.2879606,0.45495117,1.0518744,0.0852411,0.0010119713,0.6224925,0.7244459,1.1010993,0.5876441,0.79601264,0.41543517,0.0748271,1.1532702,0.26978865,0.02933671,1.7950562,0.82204676,2.1837082,0.08180618,0.28878888,1.0308479,0.78455687,1.2145146,0.25362605,0.7954858,0.07694222,0.15013948,0.039951857,0.5486056,0.044559844,0.048607368,0.059247863,0.6318739,3.024885,0.9199463,1.1232635,0.44276103,0.8852288,0.83117384,1.873545,1.0393387,0.89772934,0.71958596,0.41516408,0.7113269,0.7648872,0.95574653,0.21642928,1.1250999,1.1036198,1.0448909,0.077968135,0.45437646,0.6758737,2.5785909,0.015247345,0.70683676,0.3405696,0.35940665,1.8109062,0.5007898,0.0113433255,0.032712895,0.08928432,0.28049907,1.273357,2.1178498,1.3082459,0.021388019,0.44342163,0.5204201,0.34319624,0.9980767,0.4323461,0.70231426,1.511113,0.7822202,1.0591687,1.6265749,0.1733888,0.12946717,0.00032251902,1.2241158,1.2990104,0.3970283,0.62207234,0.2563391,0.53954124,0.83436847,0.122610696,0.12993504,0.8934564,0.8574023,0.15087359,0.17142515,0.14604972,1.4173539,0.11111197,0.03514955,0.08251467,1.0683107,4.070363,3.2132742,1.0202656,0.060832914,0.6771366,0.081837945,0.75339,0.45517606,0.5772761,0.24487802,1.5292828,0.32673216,0.040791065,0.1530378,1.3398892,0.15051833,1.2714556,0.40359095,0.1225451,0.77144045,0.14993685,0.8787387,0.16464214,0.17726666,0.16231868,0.8884237,0.58837736,0.5226989,0.044953287,0.035817195,0.8967022,0.25295433,0.5997243,0.437403,0.54876274,0.75967586,0.38986358,0.7791286,1.1588162,0.8360569,1.3886766,0.065655574,0.71424085,0.64061636,0.12821983,0.40885645,0.35315338,0.9130647,1.7357821,0.35690302,0.3304983,0.07893676,0.10830885,0.5904584,0.996928,0.9334877,1.8786119,0.46508855,0.45636812,0.0011450886,0.27049527,3.332707,0.0399454,1.7448618,0.22123782,0.06581074,0.97238773,0.06403393,0.7525966,1.5779091,0.6896932,1.1974878,1.908835,0.31434026,0.6847105,0.3757064,0.45455775,0.21233764,0.048512213,0.07746594,0.6818734,0.3798775,0.8272141,1.0191553,1.6849377,0.33065593,0.63481206,0.27357954,0.8581399,0.18948805,0.5456618,0.4408662,0.6047752,0.8162308,0.48210144,0.56782895,0.16536823,0.26318896,0.49972713,0.034873832,0.2654864,0.92991,0.14029947,3.6775935,0.64495915,1.0923934,1.9572309,0.6404821,2.2753992,0.004297433,0.38855392,0.7653141,0.34254086,0.04597697,0.17030321,0.4406013,0.5417605,2.1343124,0.21435854,1.3738531,0.4958966,2.39103,0.6162985,0.0070193433,0.8704085,0.8542779,0.033662844,0.015445604,1.4255346,0.31571087,0.38686213,1.6956818,0.1771775,1.0732439,0.10404846,1.6267774,1.0433367,1.3392237,0.15440072,0.35169792,1.4783729,0.79824716,1.2809826,0.021100132,0.7146796,0.64337146,0.34618035,3.2004979,0.7947909,0.49840677,0.032873083,5.7154,0.18617877,0.15642439,0.8768552,0.4173119,0.62722623,0.6103212,0.8517069,0.099175006,0.4785577,0.14364493,0.15145625,0.9989219,0.6067953,0.39128152,1.1173133,0.45439318,1.6233393,0.5174979,0.38950557,1.7116699,0.23908539,2.2535958,1.195325,0.97206223,0.0052807354,0.07620766,1.8623056,2.489794,1.1931373,0.6112478,1.0615351,1.2713975,2.6187513,0.07692114,2.2484307,1.1802137,2.1486473,0.6308568,0.036524937,0.044677228,0.7207947,0.01615826,0.93627626,0.89012957,0.0022968024,0.922036,0.15764546,0.04100832,0.05851223,0.12213582,2.8741581,0.009203601,0.38265026,0.6689414,0.6477723,1.2300749,0.20276071,1.1996427,0.6316575,0.101928025,0.5187961,0.05627556,0.0019056015,0.8886902,1.220994,0.0993119,0.7141073,1.0247185,0.15541676,0.40078303,0.048001558,0.50831443,0.35836574,0.5078527,0.09291401,1.2355448,0.5524328,1.1898959,0.14836216,0.49649686,3.310769,2.251785,0.30774906,0.6061145,0.3458646,1.5072165,0.06787314,0.6433716,0.1229348,1.203377,1.493268,0.085865214,0.7100042,0.1663536,1.2875675,0.7804274,0.56727934,0.6500709,0.8039403,1.2023079,2.202683,0.23190807,0.5093321,0.07764976,0.31531233,0.5328151,0.57518667,0.7177422,0.37203395,0.33246458,0.78395516,all_pothole_images\pothole_images_new_image_1235.jpg
2.1729872,2.7129414,1.2119203,1.1747613,0.6730264,0.76730096,0.09615383,0.38009325,2.0595696,1.5954857,0.6021529,0.82323503,0.21722081,0.3665271,0.6955117,0.22603187,1.239501,0.5309257,1.4731488,0.3154084,1.3985854,3.1184356,0.66525805,2.4812655,1.8989967,0.15226358,0.45646924,1.7987025,0.87243325,1.8661252,1.1457082,0.02706604,1.2511357,0.7516218,0.30434817,0.46644092,0.04843793,0.8900378,0.66732776,2.5568135,1.4947492,0.89586484,0.409026,0.34447595,0.6990598,1.0239272,1.4695617,0.5019125,0.7907669,1.2562824,0.8579848,0.005300582,2.0508242,0.10959932,1.4109443,0.2746304,1.221727,0.11729925,0.36541963,0.5297678,1.6824768,0.95864165,0.37007827,0.15419532,0.068831615,0.90796787,0.83620036,1.2729168,0.6457752,0.5926371,1.0392084,0.41190967,1.8980817,1.2421286,1.3590496,3.6288283,1.1685864,0.414886,0.41473243,0.036457587,0.03133938,0.48498046,1.5886822,1.2157912,1.023875,0.31108728,0.36744034,0.043376166,4.717133,1.197165,0.0,0.6735106,0.036983952,0.23751892,0.933122,1.4718344,1.5142703,3.1477456,0.387257,1.7515473,0.49901253,0.99084383,2.5195713,0.41251886,0.2767192,0.21945223,0.008956616,0.95654917,0.23501141,1.5427527,1.4297874,6.2999244,1.1015174,0.09062063,0.16224045,0.3362174,0.9514474,0.94587606,1.6597669,0.7550235,3.311476,1.2434868,0.23197785,3.5934398,0.38741443,0.867372,1.04847,0.20981076,0.57525134,0.9672431,0.17532653,0.0,0.09775831,1.7750423,0.13471694,1.2271736,0.22704467,0.3798231,1.2785519,1.2205322,0.33658832,1.4680898,0.64265996,0.1880567,1.585569,0.14472193,0.33502772,1.6468904,0.01961127,1.8563151,1.2969031,0.28374052,0.2705367,0.95925665,2.0824287,0.06620418,0.4535422,1.594038,0.024309717,0.70122945,0.31062168,0.9891564,0.042312846,0.059298754,0.0997505,0.058665566,0.12236021,0.14045715,1.0023482,0.8940175,0.5087756,0.009007879,1.1973974,0.3552355,1.2949883,0.8450793,1.6072714,0.022347093,1.9207268,0.09480403,2.0569391,0.38231993,1.1288538,3.549123,3.9522915,1.8844635,1.0512815,0.7092019,3.0299096,2.830577,0.0,0.8595417,0.2316191,2.572468,1.8389827,1.295346,0.07092171,1.4624839,2.0832667,2.2511222,0.5056087,2.7505503,0.4177179,0.80813193,0.56325847,0.6418574,0.37212846,0.07591257,0.40224245,0.43668664,1.2129257,1.4491974,3.042994,3.4505951,1.1716187,1.5771154,1.7642518,0.14326714,2.0257814,0.08265975,0.09468254,0.06364475,0.47737035,1.9697894,0.0,0.025200387,0.9342027,0.47119358,0.6203803,1.4624553,1.17826,0.93825746,1.1616176,0.8371075,0.3166562,0.21591008,0.15697522,0.4227256,0.38728768,0.0,0.44347364,1.7822222,0.1791749,0.1972645,0.007842874,0.008810321,1.9837795,0.34406364,0.89491385,1.5761865,0.83744633,0.42641628,0.7789749,1.0352081,0.110829,0.33213982,1.4881129,0.07895543,2.0982013,1.7664161,0.03560232,0.42602348,1.0864276,0.5280073,0.039728854,1.4000067,0.33604854,1.0357711,0.03367956,0.6858204,0.6471605,0.7348432,0.02410587,2.6864007,2.0578613,1.4465479,1.5469581,0.4281287,0.04071702,1.0783839,0.061490886,0.5084646,1.351465,1.2391722,1.4944735,0.2844197,2.1625164,0.77606606,0.33802468,0.09604995,0.8229865,1.3434399,0.3589471,0.1121152,0.020633006,0.3373196,0.15682364,0.14771858,0.5491886,0.8861901,0.16069819,1.8718415,0.44972688,1.4769313,1.7586193,1.0086087,0.65646344,1.8770351,2.4178817,0.29832998,0.070818216,1.1859316,4.7164574,0.6992872,0.0,0.42668658,0.43745834,1.4295207,0.2986094,0.006243698,0.7426931,0.52335185,0.6248672,0.25927657,0.97636515,1.0934862,0.9458439,0.18716007,0.6808779,0.62546515,3.379068,0.45485973,0.33702433,0.39514604,0.14179224,1.0306222,1.7526592,1.110409,0.45859694,1.7507102,1.3899965,1.5515825,2.7294638,0.11220562,1.423461,0.5142759,0.4959487,0.046876624,0.917734,1.4063923,0.7194405,1.6369681,0.20730111,0.9896034,1.0579131,1.2215004,0.119351245,0.21046089,1.264262,1.4031633,0.5228116,0.0,0.8294511,0.7105652,0.18934575,1.7731527,0.7469544,0.2789412,0.02612641,1.3425367,1.733359,0.9532703,0.7718257,0.56780785,2.20122,0.7082807,0.17739818,0.7277161,0.75283664,3.2990441,0.15970694,0.4406585,1.3249645,1.1877738,5.4979744,0.14825778,1.0993779,0.4571427,0.31673416,4.3794093,2.6513402,1.9790254,0.29727495,0.8802504,0.038959663,0.06457682,0.9738683,1.260656,0.82653534,0.06715222,1.0753222,0.53578943,0.7426199,0.3356161,0.0,0.25740698,0.6692899,0.002921637,0.4372589,0.0,0.22144504,0.49351704,1.3729174,1.7468436,0.26757374,1.3391578,5.3064075,0.02449771,2.6089408,3.22521,1.8049372,0.28541145,1.9356418,0.3969822,2.1818562,0.12219927,2.9979007,0.901528,1.2427838,2.1820753,0.03225372,1.2613351,1.0095382,0.43408474,0.2379925,5.486549,1.2689476,0.85559446,0.5567637,0.33977914,0.8542125,0.18721078,0.013475648,1.0146028,0.6352179,0.20670885,1.8095026,1.3952317,3.0120564,2.0518112,1.7330693,1.385371,1.2934511,1.6420568,0.68899083,2.3598683,0.16476569,1.6923227,0.021992391,2.5596976,2.4531326,0.6357423,0.5504483,0.64404327,2.2301197,2.816661,0.2811192,0.28029367,2.3911,1.7385676,1.6120384,0.044082798,0.115624234,0.25359014,1.6000911,0.91979295,0.015816247,0.2662813,1.3973521,0.25252935,3.3260305,2.0477962,0.69316363,0.27802557,0.0,0.19045864,2.5126178,0.37639213,0.8982733,0.13156816,0.8077155,3.3866038,0.14356767,0.20465668,0.30538052,0.056223784,1.9782791,0.82364523,1.136844,0.0,0.0,3.016067,2.3355248,0.11366034,2.1409688,1.019538,0.7012248,1.484099,0.9554381,1.6638663,1.3042775,1.0847484,all_pothole_images\pothole_images_new_image_1236.jpg
1.4714019,3.4368749,2.6531901,0.86652565,0.20745343,0.57217187,0.21051168,0.9604173,1.0086857,0.13094121,0.31907794,0.7969541,0.35607356,0.22955805,0.21367107,0.54156196,1.3397304,1.0494751,0.35973474,0.4882804,0.054270837,1.1029006,0.19796932,2.1139274,0.18011542,0.9941798,0.5101789,0.88388824,0.019048959,0.8019257,0.37883866,0.17981255,0.33760694,1.0172485,0.7655834,0.70980924,2.2411559,1.1604681,1.130443,0.519986,0.6708062,1.0480217,0.43423304,0.23311253,1.0001038,0.367726,0.3126394,0.16932876,1.9822088,0.3505492,0.06615658,0.46185786,0.7063708,0.6379941,0.44499397,0.5447907,1.2728149,0.346139,1.1271175,0.8165853,0.40471873,0.0,0.99618536,0.23543122,0.11938496,0.36162737,1.1266472,0.81088984,0.23146702,0.098474085,0.91065556,0.44603044,0.41781873,0.24458465,0.9924517,0.28288186,0.92090225,0.24461862,0.12695834,2.1310966,1.3954296,1.0063618,0.7724877,1.2516767,0.3565436,0.22926022,0.2430675,0.018584313,2.170876,1.864127,0.60397005,0.37322152,1.3408309,1.1738508,1.5044283,0.25304833,2.2208004,2.2027812,0.5517214,0.5866671,0.7845015,0.45203552,0.40016943,1.0164148,1.2245089,1.106001,1.6036214,0.47420934,0.97128963,2.1276174,2.0245607,1.7489583,0.43958566,0.67485756,0.31894237,0.9782448,0.92811483,0.83315134,0.35781142,0.5419596,0.20869227,0.6454245,0.3708752,0.49277636,0.6397426,0.733637,0.6335788,0.52424455,0.29088867,0.17799067,0.96003354,0.37738705,0.14719792,1.6717652,0.13281597,0.11120724,0.16196944,0.4296818,0.16771258,0.01225026,0.23869407,0.15350124,0.28941733,0.5518428,0.7068406,0.46168917,0.2874391,0.5615828,0.108417794,0.70760995,0.73802006,0.14700134,1.397173,0.46091872,0.7108244,0.17983006,0.77273005,1.2995617,0.7562631,0.8759577,1.9509006,1.4257896,0.8763396,0.26143646,1.7378225,0.2947444,1.7832491,0.06771684,0.9903979,0.23516981,0.96304125,0.40789327,1.1385977,0.3636738,2.1655538,0.44441146,0.9201009,0.32935822,0.92785007,0.080932915,0.36665457,0.23045161,1.8583176,1.7656822,2.0851803,0.44360244,1.1438706,0.5295565,0.2738251,0.9510369,0.38575166,0.4194856,1.3665813,2.873695,0.31513086,0.30412284,0.593837,1.478821,1.9616201,1.0913097,0.42975557,1.6723013,0.3674005,0.6050321,0.64341986,1.6890724,0.75892156,0.2967743,0.1868577,0.59511954,0.36891797,0.45400625,0.6035284,0.9192983,0.45659032,0.17330112,0.60508126,0.19801813,0.6174395,0.76134497,1.0294191,0.23076019,0.26393333,1.5638418,0.6246301,0.46442255,0.96409845,0.4118899,0.02507294,0.8542001,0.6793317,0.27659276,0.28599516,0.394351,0.07480183,0.9239135,0.887262,0.7434781,1.2778729,0.7129411,0.74701065,0.31728277,0.60254353,0.33767387,0.5114373,0.029968884,0.70371246,0.37762094,0.861387,0.58029926,0.4748641,0.91831905,0.5219122,0.5627251,1.204914,0.8460209,1.9535446,0.3595665,1.2073004,0.13618585,0.31793764,0.14903224,0.6855602,0.6516185,0.056976516,1.8313591,0.1471178,0.38434577,1.092022,0.75605166,0.28117236,0.051161446,0.6084842,0.94173187,0.3171172,2.015136,2.1159687,0.7424183,0.3744787,0.61503917,0.35303542,0.17823887,0.88684064,0.65180165,0.14494114,0.20887694,0.19883665,0.9098219,0.8268271,0.18910624,1.5807462,1.1399789,0.25465417,1.2289153,1.2106587,0.8592561,1.5960398,0.97934425,0.7638452,0.16248937,0.048014734,0.4121343,0.6915709,1.4105262,0.15594853,0.1594838,0.16833235,0.8716376,0.96673584,0.43359622,1.3120872,0.76385957,4.247076,0.42697525,0.67820853,1.0209769,0.20130897,0.5587133,0.8910857,0.816135,0.3938076,0.8557728,0.39357242,0.10546366,0.59929097,0.4432582,0.2954969,0.5654375,0.36019367,2.6444569,1.5984055,1.2593137,0.37853074,0.7610876,0.9312834,0.37442753,0.66907,0.8415655,0.45622805,0.45392266,0.6094791,1.2387193,1.0334221,0.08640394,1.7515956,0.12547754,0.41799614,0.26953983,0.34973213,0.1962518,0.50322807,0.9548302,0.4715882,0.48658735,1.6235374,0.29665366,0.70360905,0.5636091,0.2766833,0.89018154,0.3299467,0.7196994,1.204248,0.911303,0.4535813,0.35611412,1.1101097,1.6288081,0.6574649,0.07796345,1.2348106,0.4445482,0.2627421,0.8409529,0.59742343,0.14713389,0.462429,0.906378,0.44595227,1.4388281,0.9311494,0.6261716,1.1084193,2.11816,1.5627413,0.5283811,1.4854921,0.26935253,0.080229186,1.3668164,1.9893926,1.4006835,0.12311739,0.1694716,1.1198406,0.7640149,0.16756403,0.4489356,1.0993886,0.6869248,0.6116592,0.7091276,0.9221187,1.23814,0.42963392,0.15767768,0.6070908,2.15119,0.6947606,1.9704275,0.042918373,1.07991,0.4491986,0.63197035,0.07799689,0.0873779,1.9971563,0.35431612,0.8782639,0.14405493,0.0163811,0.1525573,0.6219635,0.9912704,0.3844391,0.29737148,1.2668478,1.450654,0.59960735,0.4404058,1.3773259,0.5461132,0.25496918,0.5875903,1.1581138,1.3614408,1.5294759,0.034474444,1.193978,0.28375491,0.70305556,1.3747164,1.1294273,0.5196521,0.4344581,0.1299456,1.2153088,0.1034447,0.8732059,1.7610667,0.96658325,0.83730227,1.2464867,0.911882,0.35832283,0.91823745,0.8742719,1.4165771,0.28167367,0.5864356,0.018617554,0.6220112,2.0082953,0.29875633,0.8533705,1.9981221,0.23201498,0.18258795,0.9755275,0.67592275,1.1142918,0.6431463,0.11435436,0.58157456,0.78153217,0.021502502,0.8580977,0.267122,0.2680184,2.0323267,1.2616955,1.9300318,0.272286,0.9322681,0.15449664,1.0657406,1.0140662,0.64035445,0.75334346,0.35301366,0.5950873,2.1327193,0.06304744,0.30620405,0.34084982,0.15051945,0.78137547,1.5528514,0.5556132,1.5264671,0.19867581,0.28206703,0.22299474,1.8517588,0.30852005,0.070489824,0.6894187,1.0721333,0.3565394,0.17896181,1.569235,0.8326363,all_pothole_images\pothole_images_new_image_1237.jpg
0.62914586,2.39529,0.57997894,2.9909992,1.8801678,0.19759092,0.48123515,0.16608544,0.18482043,0.51869446,1.2107021,0.29861957,0.0540463,2.1859674,0.51617,0.6692979,0.8186823,0.44204235,1.5507904,0.7194572,1.0885055,0.26565024,1.1044443,1.1020612,1.0950142,0.07347657,1.4348507,1.5742819,0.7198174,0.37181067,1.1891536,0.053891648,1.5669686,0.9163007,1.6532546,1.220558,0.3336187,0.7297514,0.052335642,2.0712993,0.16694711,0.3836802,1.2299327,0.7721939,0.13800508,0.7688066,0.3592851,0.32039982,0.050052952,0.040232323,0.3791419,1.1422001,0.88686556,0.5069555,0.35204506,0.5008649,0.8929468,0.0126561485,1.5458705,0.07957146,0.66423655,0.63737345,0.15930799,0.7406001,1.9081637,0.705604,0.66445595,0.21938185,1.4993798,0.68284106,1.6737998,0.027534246,1.7479192,0.42987943,0.12698041,1.2185916,0.29617316,1.3365793,0.040175293,0.15926607,0.04281659,0.915876,0.1108882,0.20581809,1.4704378,0.6808726,0.66144794,0.17469499,2.7040682,0.4081641,0.2958061,0.58963585,0.5956962,0.768967,0.31473228,0.6556694,2.952112,1.5796596,0.70230925,1.0193232,0.0017180833,2.4335978,1.059195,1.2809303,0.5293752,0.16902164,1.1340429,1.2771132,0.46016192,0.24618411,0.518851,0.74988616,1.0412837,0.37785152,0.8863884,0.06918466,1.0602982,0.20837207,0.16454385,1.4498518,0.23396234,0.12213057,0.2621138,1.9842098,0.93726933,0.65642077,0.6108771,0.6088968,0.74142593,0.7582838,0.8697314,0.0650968,0.5071258,0.70094794,0.40735057,2.519416,0.3257352,1.6710479,0.38873324,0.027589902,0.30306965,0.7975343,0.45181158,1.4983561,1.5249758,1.8450595,0.5780659,1.0399593,0.075459495,1.0487436,1.859464,0.45164356,0.26292166,0.6155831,1.3805367,0.55645096,1.3575172,0.0,1.2887443,1.7355846,1.6431748,3.7928565,0.31339544,2.1415565,0.67494965,0.17820275,1.313269,0.3229422,0.47342828,1.8043262,2.572142,0.0351903,1.4140142,0.4571377,1.1019325,0.55105376,1.3361206,0.15476677,0.59533036,0.008909447,1.2592971,0.76312053,0.23266406,3.395651,1.9864244,0.9406732,0.33704376,0.03342429,1.2307062,0.6624619,0.39371872,0.78540105,0.407236,1.6571697,1.0822656,0.8258654,0.8674558,0.06443043,0.437446,2.0647793,1.058505,1.6919394,0.23139025,0.4085718,0.16472663,0.41123384,0.96815133,0.26606265,0.9931914,0.096289866,0.0052138395,0.31266662,1.5677543,1.1962306,2.1347585,1.0289779,1.9819134,0.05946587,2.0192976,0.32199132,0.7951027,0.30455422,0.10518033,0.19832352,0.018771907,1.4169805,0.33890006,2.8621109,0.5797471,1.4151509,0.2375495,0.5220157,1.085925,1.021487,0.3965796,0.819687,1.2469428,0.3252324,1.2212967,0.16765468,0.8582878,0.1165074,0.49808657,0.3113466,0.8153745,0.0,0.35775158,0.122630835,1.0103761,2.301446,0.42674077,0.1341128,0.032743882,0.6786653,0.023121675,0.21849708,0.5399557,0.37484008,0.32984388,3.474653,0.47614652,0.3266402,1.7898874,0.048027817,0.5535695,0.33458975,2.2221496,0.63463074,1.1210626,0.1265932,0.5115334,0.39422926,0.4579814,1.2289338,0.037597742,1.2096246,3.3935292,0.60715556,0.5032358,1.9542747,0.01466674,0.3672276,0.7498752,0.86142665,1.7932584,1.0160687,0.10525603,0.31854934,0.27247775,0.0,0.600651,0.69624263,0.29787827,0.48117325,0.6410481,0.40549994,0.6265204,0.004421512,0.5648103,2.4953356,0.6261117,0.3933758,0.013277941,0.5685478,0.29995105,0.55166405,0.032433946,0.7429839,0.6299297,1.0466843,1.0859201,0.529869,2.4119864,1.6464647,0.19846994,0.7912514,0.31170428,1.1318307,0.7059192,0.49504408,1.4689975,0.2834653,0.9034587,0.20202059,1.8398428,1.236001,0.09606848,0.8653234,1.1123471,0.5180728,1.2111155,0.5871973,0.8230722,0.43025875,0.18948086,0.5718503,1.8323792,0.89930147,0.75344056,0.31158552,1.6991471,0.6059579,0.72703624,1.3840415,0.8265362,0.21636191,0.19130045,0.6939613,0.39400887,0.3995,0.35569102,1.3716737,0.476935,0.02767373,0.20189337,0.5616098,1.2062306,0.81519455,1.3066146,0.840588,1.5168933,0.09475435,1.0893229,1.503909,0.08467125,0.21641509,0.49982643,0.67173815,0.13245915,1.2409369,1.6528516,0.9477693,0.16851714,1.1371882,0.20121582,0.114313826,0.43378645,0.9436514,0.3488303,1.4671088,1.6047344,0.22560392,2.28155,1.0434358,1.1329468,3.3362978,1.6034685,0.978595,0.7427298,2.9654696,2.1847792,1.0064275,0.022197684,0.08436395,0.46002254,0.12861833,2.4050057,0.27655804,0.43479702,0.0147669725,0.06249609,0.90302444,0.08963877,0.6771366,0.4553981,0.016504038,0.8118238,0.7153165,0.73809123,0.009851994,1.6337967,0.4536609,1.1070848,0.50351655,0.0061544282,1.3055198,3.256805,0.3425479,1.158637,0.07271681,0.8783274,1.2337763,3.9453974,1.5587353,2.3142061,0.115190804,3.0487552,0.81000394,2.9479809,0.53856903,0.047619347,0.25262412,1.0169293,1.8590013,0.83382744,4.4906063,0.751428,0.34182152,0.31958112,0.23926342,0.88354164,1.0417204,0.30562782,0.5700849,0.0,0.012891552,3.101773,0.46437606,1.861849,2.429766,2.6322358,0.25101656,0.45676294,0.28130904,0.6048811,0.7728874,0.7846087,0.6179626,0.07853143,0.3936056,1.5244014,0.653447,0.42260596,0.091552906,1.2711372,1.6645762,0.016128952,0.040407673,1.5858892,1.3601089,0.89001393,0.0073714238,0.10793575,0.66342354,0.58099675,0.50166535,1.0070057,0.41067892,0.57186913,2.1142216,2.6321318,1.7203176,0.115850426,0.5764473,0.04093089,0.1322831,0.5988831,0.72329617,0.62219924,0.6702426,0.6797463,2.1781843,1.0216128,0.20625535,0.6191373,0.17802303,0.074800745,0.07655773,0.4531437,0.018216839,0.91799146,3.474764,0.26466736,1.637379,1.4009575,0.9313124,1.9411888,0.8709982,0.06306034,1.9828179,0.93662786,0.7516241,all_pothole_images\pothole_images_new_image_1238.jpg
1.9955816,2.096996,1.281265,0.2349681,0.09398233,0.19415464,1.4084378,0.21755336,0.8011972,0.20269643,0.0038442488,0.22666985,0.43021244,0.6374457,0.7030777,0.41517097,0.9782955,0.3259218,0.15998624,0.49520275,0.062174514,2.38804,0.37623265,1.0975459,0.9103105,0.5113534,1.2218112,2.1173434,0.9206526,0.019866051,0.7269135,1.4321666,0.11158534,0.4773278,1.0646288,0.3376699,0.021764131,0.20752211,0.5478144,2.0874841,0.007960497,0.785226,0.8420995,0.38455766,0.05754785,0.60173047,0.3631911,0.4380739,0.4411539,0.0,8.507031e-05,0.47300866,0.6378771,0.21079549,0.10752148,0.12628232,0.5247287,0.24286495,0.60823673,0.70173424,1.0371971,0.04246596,0.23017776,0.7439157,0.5291699,2.797882,0.8997236,0.64209545,1.6213207,0.4408341,0.0,0.6678605,1.5190158,0.019378688,0.39032885,2.6584616,0.4353152,0.33655572,1.0471736,0.27168977,0.12767883,0.27478924,0.14993548,0.4090546,0.0028371792,0.38763976,0.0,0.62601894,1.5911261,0.38970628,0.29857418,0.33607882,1.2871176,0.7907377,0.7444099,0.4003241,2.979522,1.0813532,1.3288689,0.3923756,0.06557828,0.43313769,0.05552282,0.21409786,1.7357249,1.2704161,0.0,0.17570563,0.8169744,0.8507938,1.2124913,2.3511367,1.350211,0.16629303,0.029181981,0.11870852,2.8167064,0.025110126,0.260187,0.14309171,1.4024119,0.30587044,1.0627583,0.7926769,0.07844297,1.0504385,0.35038975,0.1948049,2.0826013,0.45395368,0.99458414,0.54445624,0.56881016,0.011127051,0.35578197,0.5657828,0.4367253,0.48437938,0.13857576,0.4416334,0.66561747,0.9183839,0.587862,1.1607144,0.7994158,0.69852877,1.7209473,3.001631,0.90980214,1.5739768,0.88029844,0.0351717,0.05668864,0.20138137,1.1346644,0.08974759,0.8975516,0.35800707,0.38278046,0.41027108,1.303477,0.5510034,1.2607356,1.0741681,0.46288222,0.4654021,0.4048123,0.12279396,1.9266139,1.1148599,0.70731586,0.015617463,0.2909441,0.5141025,3.4427586,0.14527778,2.7788587,0.35877115,0.0038222412,0.9046913,1.2129779,1.8326168,1.3389894,2.3418672,2.2994463,1.5702811,0.07814651,0.39193186,0.43663588,1.5235785,0.23994403,0.81121343,0.58426464,2.0825968,1.4491018,0.114093564,0.30982906,3.966912,0.71368,2.7521412,0.30582157,0.7297178,1.2593073,0.82914317,2.0760095,1.2846318,0.7209387,0.6364652,0.2168435,0.07197826,0.6247847,1.7220602,0.8088021,0.6054644,0.08204448,0.93327165,1.5500494,0.30993167,0.8018193,0.4506684,0.13746648,0.45117584,1.2900797,1.235129,0.21982539,0.13262828,1.6438298,0.7846179,0.24002783,1.0147272,0.33552092,0.059247293,0.41514197,0.052544124,2.3678951,0.50070965,0.7476673,0.13839816,0.605758,0.014440244,0.4199966,0.66461414,0.811917,0.6018304,0.0,0.054028742,1.6241922,0.59460056,0.80198795,0.5234432,0.0074259895,0.55732226,1.8794935,0.49430275,1.6678438,0.05701554,1.2209331,0.0,0.5055158,0.36885786,0.3232821,1.0801173,2.5980394,0.0,0.4658483,1.6860633,0.26684734,0.7354282,2.071665,1.4636414,0.8452824,0.89693683,0.42387027,4.573536,1.6432105,2.5169427,0.6972044,0.015988687,0.42953533,2.8355594,0.0029040903,0.13357909,0.32308546,0.17246343,1.7526902,0.29866284,0.0,1.2636827,1.0977337,0.03382915,1.6066383,0.027502697,0.53574735,0.83811593,0.43039024,0.012890168,0.39958033,0.0,1.5133247,1.1032131,0.25192964,0.72759384,0.028392287,1.2048216,0.99569434,0.0,0.15630375,0.8522789,0.8541659,0.08913769,0.17305972,1.2836661,2.727172,0.18290989,0.009276749,0.124649845,0.0,0.64638174,0.21311952,1.5979424,0.5416383,0.0,0.21804097,0.62491506,0.46274763,0.8957253,0.55761373,0.25295258,0.39575455,0.5515956,4.4726954,0.2881203,0.1888208,2.2270293,0.64679927,1.5531423,1.7070639,0.07332536,0.06766157,0.3786108,0.7481484,2.568025,1.3539058,1.0206678,1.8568372,0.070855245,0.048544627,1.3951293,1.3070654,1.6894392,0.26454136,2.352483,0.5499479,0.45708117,0.21080503,1.272098,0.879111,1.1745675,0.74495,0.5910948,0.062230337,0.6172549,0.8784917,0.077382416,0.003876109,0.42326587,0.17507029,0.87161005,0.17438108,0.20922635,1.2782208,0.63920975,0.057560414,0.10738799,4.287162,0.9809952,1.3800014,4.2370124,1.4351817,0.16785142,0.26219997,0.09318754,2.2052572,1.4048853,2.6130178,1.0163602,0.14603978,0.6270053,0.10697849,4.5535645,1.9901242,3.3032157,0.27441525,0.0833715,0.060989633,0.5133887,0.4556893,0.6097397,0.859124,0.3486059,4.0283422,0.8786941,0.81815743,3.673057,0.0915651,0.41406757,1.1129808,1.6609715,0.2320346,0.31113195,0.21549298,0.20461307,1.1911081,0.04105334,0.14094888,0.60786015,1.9235126,0.3277247,0.62788475,0.23166919,0.48045108,0.19018224,1.4864583,0.11418165,1.4022908,0.11495314,0.9859341,1.3000764,0.27066422,0.3577835,0.13383755,0.77646744,0.8205348,0.23219983,0.4328312,6.620807,0.9824515,0.38383508,0.4909714,0.068451,0.0,0.12863655,0.04438008,1.9992301,0.05822746,0.00065133645,0.3754578,1.078463,0.94105023,0.21673241,1.4346316,1.2993815,0.015128313,1.671598,0.37141666,0.25133365,0.98266584,2.0166514,0.039379727,0.5818515,0.62340534,2.172021,0.15023784,0.0,2.2864368,1.4111178,1.1937393,0.736761,0.91780984,0.8639534,1.5194334,0.0049304464,0.18187961,0.011354415,0.24208835,0.16895075,0.075708106,0.11100369,1.9739736,1.2392962,1.409565,4.524496,0.95482117,0.5124459,0.03520375,0.07005689,0.15117449,1.907813,0.8394761,0.0,0.089036755,1.3065144,0.06745866,0.041584,0.7249706,1.1456305,0.5315305,0.12050636,0.6535012,1.8735414,0.023312941,1.6966387,0.8928122,0.21875365,0.024910938,0.2055134,0.18736249,1.7669238,0.9706284,2.5055106,0.8307364,1.1783012,all_pothole_images\pothole_images_new_image_1239.jpg
0.49447942,0.63004446,0.03196281,1.526114,0.18500851,0.047068693,1.2773646,0.8407576,0.12668203,0.21849379,0.16801748,0.20229617,0.11730253,1.7032344,0.11851748,0.089128435,0.9885249,0.39169466,1.564351,0.0024905317,0.38325405,2.0310438,0.088023864,0.1484134,1.2670782,0.81768847,1.1973372,0.7441458,0.09687495,0.20250683,0.42691785,1.1915338,0.11463757,0.27208635,0.39991263,0.62841356,0.0,0.37563846,0.4060728,1.5600393,0.0,0.0,0.123932295,0.415122,0.34229574,0.518361,0.013588081,0.042113587,0.73927695,1.2019272,0.36025035,0.03790393,1.1586611,0.28612912,0.3116319,1.2864728,1.193368,0.5498876,0.41680223,0.015751475,0.0016555681,0.46833622,0.03913078,0.011291399,0.8991031,3.5152502,0.46564046,0.100930974,1.8826311,0.001025367,0.37598842,0.0206534,0.5805036,0.18465255,0.3278007,0.35465395,0.13310249,0.035050154,0.22143476,0.025154522,0.0,0.096682705,0.21343665,0.830638,0.2753255,0.14228845,0.19441341,0.735409,1.9023042,0.057332218,0.9019908,0.3801628,0.0,0.6325889,0.13120702,0.028314512,1.181403,0.76560134,0.09795447,0.39920235,0.08821594,1.7408407,0.011295643,0.3021596,0.59121954,0.62578636,0.1995496,0.27560833,0.050085153,0.40219897,0.03550235,2.2907944,0.15869318,0.36223412,0.19855572,0.096743695,1.2524499,0.062618196,3.0052173,1.3108613,1.4110023,0.5244469,0.8608595,0.8665029,0.41752437,0.49412793,0.104527295,0.82450914,0.74777603,0.0325452,0.31639645,0.00608668,0.0,0.20082761,0.0,0.1354253,0.15989105,0.97154725,0.2403719,0.16751674,0.13090369,0.44948477,0.72192365,0.6811883,0.022694767,0.33892286,0.16446255,1.0126739,0.5023666,0.09593663,0.28167716,0.5301036,0.0,0.08298989,1.5259365,0.98311114,0.5627521,0.28368324,1.0213684,0.12997462,2.165443,0.8960139,0.05891613,0.16681343,0.7123638,0.44537577,0.43909854,0.15105031,1.3947972,0.6456936,0.0,0.0029980731,0.0506843,0.008859215,0.8974844,0.09346827,0.02699068,0.0,0.37518653,0.20048206,0.0047141756,3.866912,1.1707475,1.3220105,0.81748027,0.87407106,0.10841417,0.94738215,0.6199305,1.073544,0.42655197,1.0894021,0.112357676,1.9908988,0.0,0.36180827,0.57016957,1.1198516,0.6739764,0.5974045,0.28163984,0.693661,0.891065,0.7675214,0.56822497,0.32017314,0.51436067,0.23418586,1.2825545,0.27711815,0.23749456,0.011067714,0.28136274,1.0337739,0.9248444,0.94961214,0.8797069,0.0,0.08455689,0.018382626,0.17372444,0.612163,1.5322441,0.54041976,0.11691091,0.14884806,2.176253,0.13219021,0.914645,0.01756277,0.027395695,0.024082456,0.78929013,0.6271666,0.21869247,0.28050986,0.9534249,0.16015624,0.006578498,0.06220322,0.33839536,0.89460754,0.06718827,0.63831073,0.64692676,0.0,1.2690727,0.4563685,1.1154196,5.9317837,3.388024,0.0,1.7745178,0.018931445,0.20652755,1.1463746,0.87816584,0.3083997,0.28904068,2.4901628,0.6006092,0.07026937,0.52834374,1.2194008,0.6438687,1.3152789,0.14179154,0.73093194,0.55042386,0.54796696,0.31925502,0.12348935,0.39405206,1.0076604,0.49561527,0.7403781,0.71750385,0.105507456,0.25555298,0.5111629,0.42966437,0.14088741,0.028416328,0.13201784,0.0437968,0.7178136,0.44337782,0.63021094,0.70721745,0.099298865,0.121610545,0.19136943,0.5302583,0.8389465,0.17131837,0.5138433,0.8300963,2.7743518,0.2600676,2.0433645,0.08480751,0.5823916,0.07266115,0.3094466,3.056927,0.472607,0.1883364,0.556583,0.0,0.10082205,3.207884,0.432913,0.9901048,1.2668388,0.07775024,0.8979684,0.0031532163,0.9484997,3.3669164,0.120291814,0.651973,0.0,0.005012723,0.037546616,0.50594944,0.1189415,0.23726566,0.036525533,0.40944207,0.42906216,2.0633264,0.44922554,0.39160746,0.04104382,0.0,0.7301443,2.4143116,0.4226389,0.11406126,0.4754564,0.39828405,0.52745306,2.063108,0.5798184,1.137739,0.84567976,0.010178118,0.15908585,0.9538493,0.35439706,0.12892832,0.39295945,1.4616162,0.40328234,0.0,2.1547937,0.0,1.8103837,1.4857149,1.4118207,0.6053423,0.12876494,0.3331419,0.05867339,0.05605521,0.24584605,1.9817771,0.0,0.4517713,0.034009203,4.0072947,0.6415223,1.0307549,0.0030517494,0.6589402,0.120393515,0.5905578,0.46342367,0.5624441,0.4895608,0.8305657,0.0049445676,0.040083785,0.7665338,1.7799567,2.0809767,0.17762035,0.101609044,0.3897502,1.19115,0.03684239,1.2273078,0.36016643,0.48801428,0.0,0.18324254,1.3573766,0.70201313,0.35181478,0.0034429084,3.338129,1.2558918,0.32676816,0.20541152,0.5941101,0.17197305,0.008291203,0.73143935,0.040931556,0.15386242,0.21426259,0.2619499,0.07246896,0.8013261,0.0054419707,0.12247405,0.87248594,0.1455463,0.3592931,0.0,1.0489179,0.2591251,0.6879296,2.2957335,1.0594052,0.30759397,2.0164871,0.7573462,0.3757201,0.7980302,0.0,0.5714889,1.0625551,0.021463633,0.4909606,3.7380588,0.23587005,0.63394487,0.19225782,0.31843933,0.38846058,0.36593696,0.10420805,0.27701622,1.2593063,0.0019845492,0.55073273,0.095661834,0.6490582,1.093218,0.29621887,0.5462528,0.6023723,0.19444309,1.0275407,1.4570013,0.6329983,0.020016873,0.93761426,2.0249565,2.1768427,0.5399567,1.3039147,0.20575982,0.59637666,0.19462729,0.3533595,0.13744228,0.5138046,0.107228994,0.34665984,0.80749166,0.19852436,0.017578334,0.44902223,0.10577715,0.28929806,1.6253334,0.18055266,0.18994012,1.2223597,2.3348367,0.6375594,0.6462859,0.12512314,0.6969396,0.18095279,0.11877254,1.6057427,0.016225683,0.43332055,2.3128226,0.05754961,0.113135986,0.039431885,0.0984577,0.011493634,0.22165886,0.49936578,0.33696014,0.12950635,4.637412,1.108837,0.28498086,0.19921578,0.57681894,0.48592657,0.6768392,0.5563864,0.7428347,0.71606076,0.8123905,all_pothole_images\pothole_images_new_image_124.jpg
0.028730815,0.5307355,0.011383348,2.4127176,1.0611043,0.26192853,1.0069352,1.1394979,0.035420448,1.5347357,0.64954567,1.3873283,0.09281888,1.4126958,0.0,0.1482616,0.38582072,0.56279916,0.6353703,0.42439073,1.2044035,0.8152795,0.24100295,0.34795418,1.28027,2.1784458,0.6298243,3.1484437,0.38385084,0.7166011,0.018624783,0.21207526,0.27293074,2.1945205,0.196789,2.0263715,0.19953118,0.25442606,0.30010656,0.5103823,0.03801449,0.021180104,1.1439501,1.4671042,1.0888267,0.0056696734,0.55460685,0.0,1.7295065,0.60848874,0.9001003,0.55800706,0.010663457,0.075485356,0.16340548,1.6819638,1.8247042,0.75249153,1.0119306,0.62190497,1.1537154,0.15993483,0.8788163,0.90076196,2.7138877,2.5017273,0.0862984,0.20809181,0.16559362,0.06939779,0.6821555,0.38052633,0.509708,0.18882237,0.492193,0.21550827,0.11088441,1.3858861,0.9455916,0.28971067,0.69331527,0.8989215,0.37469688,1.3835751,0.034734145,0.81839204,1.048646,0.0064357384,1.2082978,1.0214906,0.026127541,0.1492786,1.3385687,1.5945107,0.021934867,0.32073572,0.14363603,0.15007362,1.0111544,1.508866,0.0793735,6.07194,1.100974,0.08931971,0.6677872,0.04839179,1.1057744,1.7017959,0.27391288,0.011246631,0.48211315,0.43288624,1.4869665,0.4967195,0.85715973,0.2086117,0.5832506,0.75506854,2.6659982,1.680801,1.479963,0.0149869565,0.21577565,0.39939272,2.2333272,0.12419062,1.5415812,0.8109886,2.3702369,0.26680914,0.45502782,0.0,0.35052988,1.2647265,1.1881447,0.9447207,0.6894153,0.9429604,1.2088423,0.11812786,0.38303545,0.25905716,1.3432153,1.6920452,0.10942765,1.2062284,0.2691397,0.7348526,0.28296244,0.10522564,0.5927532,0.8084493,0.2848534,0.08922388,0.9585796,1.1757802,0.7134247,0.22549571,0.30197963,0.12031604,0.978756,1.8557506,0.17639916,3.4029143,0.4529768,0.22590679,1.8252504,0.5057638,2.0730522,2.0116322,0.08547516,0.18083268,1.8386741,0.22257812,0.21438275,0.12389024,0.68907094,0.09741487,0.15633622,0.34040818,1.7958685,2.202469,3.3174584,0.88564795,1.7189726,0.3397068,0.17683947,1.4689926,0.8654992,0.8658026,0.058979113,1.9380515,0.0,1.6109688,0.42534783,1.2397839,1.5288696,0.56267625,0.38674298,0.15559189,0.3800779,0.84844726,1.1751105,0.03007687,0.2550257,0.013367884,0.43576437,0.3288976,2.1580865,0.48215637,0.0,0.021773698,0.50946593,0.7315784,2.9871135,1.3624824,1.7176659,0.14819269,1.575821,0.54135233,0.43207848,0.0011473796,1.1474446,0.7631697,0.15330221,0.74920356,1.2012293,0.6088149,0.68828034,0.3650128,0.753386,0.05493137,0.87321705,0.1021903,0.17954126,0.11339203,1.3162351,0.1675633,0.047811326,0.3049671,0.114279956,0.09487615,0.6133708,0.1455312,1.6134036,0.0042076055,0.9344222,0.54024255,0.2181904,5.018976,3.4080396,0.34211773,0.24857013,0.5289212,0.25595537,1.5469321,0.42484325,0.02506036,0.72883743,3.6838584,1.4024029,0.46605262,0.18167162,0.02654446,1.4658104,0.17193362,0.92207724,0.038881816,1.4243989,0.3938968,0.45257434,0.011558648,1.5123547,0.45262635,0.27647376,0.06462379,0.2855646,1.172843,0.08267305,2.57415,1.626372,0.5038167,0.4121595,0.3522798,2.2764692,0.3456321,0.5402471,0.71899384,2.6874495,1.0074277,0.016072733,0.105929315,0.8961815,0.5578492,1.0923696,1.1299677,0.014940362,0.8041858,0.34675497,2.0453596,0.9729196,1.2694621,0.55514127,0.008627913,5.4315834,0.74643207,0.28484094,0.0,1.0086339,0.4293034,1.2653872,0.9123973,1.860526,0.58495325,1.0218711,0.90970075,0.3376843,0.7438741,2.1417012,0.753514,0.24612734,0.14478564,0.1978847,0.79130936,0.64512366,0.070547655,0.029875385,0.81547433,0.85267746,0.3297244,1.1881467,0.4915922,0.0,1.3891555,0.26312461,0.19726053,1.3098658,1.5652994,0.33250648,0.74835664,3.1310754,1.0185094,1.244331,0.87155074,0.9878587,1.0663378,1.0023704,0.81397116,0.7426609,0.34140855,0.768516,0.0032951573,1.5578272,1.0658487,0.006005169,1.1380879,0.23535292,1.5413904,2.358941,0.46073037,0.64527816,0.28094018,0.19465758,1.6721636,0.0,0.6767749,1.4381334,0.06857665,0.35232738,0.5956897,0.7029173,0.0,0.57062465,0.0057184366,0.44264176,0.13175169,0.046458155,0.0,1.0641998,1.0853288,1.4549512,0.11283116,0.2130983,0.49913502,1.5096447,2.196571,1.8817409,4.356708,0.11659824,0.29219562,0.7560787,0.23693544,0.7341032,0.25961086,0.16536339,0.46052873,1.2606587,0.25614583,1.0295577,0.13293268,0.99798775,0.45019054,0.12962252,0.5460664,0.45881438,1.0561157,0.1496647,0.6838298,0.31985885,5.139287e-06,0.8953031,0.0323954,0.0021693688,0.5567539,0.09759624,1.5148048,1.1650769,0.6025149,1.2908967,0.07786208,2.5664585,0.117084995,2.572621,1.4532735,3.4967158,0.1429337,1.0670356,1.0533444,0.9338042,0.32796216,0.9641404,0.3679119,1.5097184,0.41072875,0.8220473,1.3333964,0.94572437,0.894861,0.73253083,0.73887837,1.246597,0.85417557,0.28210798,0.008606524,0.3057848,0.11875898,0.50483155,0.38300455,0.026673282,0.20111841,0.47993037,1.6746848,0.0,0.24964207,0.4806083,0.6197589,0.6881862,0.13986443,0.6027745,0.1305123,0.8139252,0.26422542,0.12177326,0.46395242,1.7147183,0.9139985,0.054321382,0.014574783,0.77246207,1.166572,0.011323627,0.32559195,0.6410122,0.10639211,1.1406218,0.11248419,2.2323332,0.8570306,0.48541468,0.051121753,0.11178726,2.2377093,0.72175324,0.16739249,0.012409547,0.04632623,0.91402155,0.0,0.364871,0.0,0.27689925,1.5865638,1.5152092,0.23013848,0.25472257,0.16123323,0.3476003,0.49996492,1.1347643,0.4173966,2.12328,2.9369004,0.5013925,0.28461334,1.1349987,0.32736376,0.048781145,0.89717317,1.2672309,0.86838824,1.065097,0.9315258,all_pothole_images\pothole_images_new_image_1240.jpg
0.7274547,2.5854032,2.051694,0.22067611,0.38230133,0.6799167,0.58839566,0.26242056,0.09902679,2.0162537,0.8555181,0.16246966,0.24153459,0.0070658326,0.34971368,0.76397127,0.22305857,0.102258,0.37329647,0.19319285,0.19051212,3.4734929,1.0082201,2.9745834,0.0069109625,1.3042917,0.14537178,1.957745,0.16815461,1.5575701,0.37102547,0.33367008,0.17752036,0.046419963,0.46913797,1.1921363,0.5543678,0.46379077,0.88861895,0.5148522,0.92641854,0.28192028,0.08918118,0.20157331,2.2737055,0.67011106,1.1148117,0.46593177,0.15417539,0.5101384,1.3223495,0.97172374,0.5324912,0.5714171,0.0,0.51014763,0.21270603,0.52537006,0.7042731,0.26210868,0.1963547,0.0038230012,0.3692143,0.8124423,0.36237073,0.1756707,1.2461219,0.6479162,1.8546525,0.63476723,0.81150305,1.102038,1.2443842,0.42878333,0.8182864,3.3209314,0.82935005,1.1062921,0.755637,0.43044606,0.82605314,0.89328295,0.3444677,0.24880359,0.87509805,0.8119592,0.06485126,0.33153307,5.709916,0.8821699,0.014176714,0.6212878,0.8398448,0.38955796,1.2268963,0.38671127,0.32216734,2.683172,0.9223717,0.14334495,0.86539006,0.013629164,0.0,0.44951418,0.21375975,0.007110096,0.31683,0.17025776,0.8375878,0.8684396,1.3697119,2.2162297,0.32823244,0.87929773,0.21166606,2.0392141,1.1810935,0.6302069,0.4013203,0.043422047,0.034637187,1.3350297,1.3553743,0.22046502,0.19643971,2.186348,0.3077971,0.33531633,0.65682894,0.68036944,1.0759478,1.0474524,0.32777905,0.17048047,0.43635142,0.40706104,0.3499976,0.16493481,2.5050077,0.48210075,0.8956266,1.033607,0.46671268,0.5726326,0.7940436,0.41015607,0.5607795,0.042458016,0.34781328,4.4499507,1.2789171,0.6602654,0.39469412,0.23464632,1.4245332,0.9502833,1.1718516,0.97277176,1.1829791,0.99090457,0.46050313,1.433456,1.6252462,0.18189572,0.35245386,0.07331983,1.1201193,0.09723075,0.7263261,0.24954334,0.026523072,0.02330978,0.019327428,0.039641198,1.7524093,0.7904124,0.7324449,0.08818779,2.8828847,0.6223356,0.2075929,0.055682506,2.6460657,1.8177079,3.590327,1.0792549,0.60349244,0.46157056,0.25408506,1.1031921,0.12568483,1.0853283,0.12697698,1.6981437,0.27089924,0.06892978,0.08454892,1.0400523,0.322906,2.3523178,0.65083325,0.30322865,0.3536305,0.60355234,2.6916738,1.7939599,0.37285373,0.095153295,0.6275745,0.81069213,1.0661932,1.1146187,2.0007193,1.6969573,0.034744438,0.16973847,0.18970948,0.110874735,0.9068306,0.79127353,1.392481,0.7967803,0.08450214,1.0195574,0.18721664,0.22474417,0.6355251,0.34279358,0.26205266,0.3072488,0.6139855,0.18875888,0.073623344,0.14442627,1.3340359,0.14324425,0.14620328,0.5184017,0.3856068,0.18397267,0.19673882,0.38071918,0.75526434,0.10954351,0.0700503,0.07395857,1.2910125,0.39263204,0.7958057,2.349271,0.05553313,0.10290502,3.0034535,1.1234859,1.2733384,0.52705324,1.8886899,0.7599667,0.574878,0.23709796,0.06979386,1.9771205,1.772604,0.36987168,0.5107445,0.5773088,0.5479159,0.72674304,0.6695997,1.1902473,1.0835841,0.11715597,0.124737136,2.091929,1.0546035,1.0753926,0.86685425,0.2425145,0.51265305,0.9744221,0.92552197,0.11155911,0.41031957,2.0769932,1.2887074,0.7030747,0.027574496,0.49616292,1.3664273,1.0220436,0.020214446,3.3050623,0.04590331,2.9744654,0.39656988,0.07562405,1.0609189,2.2629824,1.2678972,0.09671178,0.022593994,0.8069367,0.3914138,0.8911824,2.0142393,0.50380224,0.0009931903,2.6858788,0.7720004,0.0451825,0.79132944,0.9067137,7.5138826,0.4618261,0.30264482,0.17325424,0.6787665,0.24679086,0.32527617,0.34432277,0.057371177,0.82617325,0.19533783,0.84021866,0.3090253,1.4217803,2.0667448,0.04632966,1.0035923,0.587709,6.78527,0.16993897,0.1632355,0.05655715,1.156634,0.6510559,0.5429387,0.14815009,0.14183414,0.19571039,2.374259,1.3241562,0.9657308,0.23188598,1.6552768,0.63770556,0.13320021,0.28459898,1.1608438,0.86618906,0.22978395,1.6854675,0.596703,0.7167896,0.5384432,0.6660253,0.3380047,1.3090683,0.22757837,0.46740314,0.0008655531,0.076351896,1.7246981,0.7286587,0.45429614,0.77757293,0.38223094,1.116721,0.0,0.25420633,0.22249152,0.97444963,1.8195935,0.049651213,1.4297551,2.0227122,1.0413228,0.05154383,0.38303745,0.098123275,0.08369418,0.13482223,2.5868146,2.1598094,2.9866693,0.20734313,0.95830625,0.017426992,0.834767,5.006486,2.5772538,1.5531719,0.6236486,2.2114158,1.1617626,0.178706,0.20016405,0.7843131,1.100195,0.8156368,2.0743163,0.55908203,0.25752044,0.79107803,0.12863985,0.037129138,1.7618637,1.3988316,0.18452443,1.2927004,0.4898842,0.5027265,1.3102182,0.1702617,0.14292286,0.59514034,0.36956564,0.35180655,0.0,0.20094906,0.113582686,1.4625474,0.55513996,0.32105923,0.22339945,1.8102276,1.2413094,2.10346,0.36298844,0.34251788,1.4035578,0.17335707,0.82574695,1.4992962,0.29209998,3.0115268,0.6178345,0.35269102,0.5041,0.49998868,1.4017944,0.17094092,0.28570724,0.9479205,0.69559604,0.5062925,2.2984114,1.599604,0.8354902,1.5839454,0.45591205,0.40600857,2.7775512,0.45481032,0.7831367,0.5759496,0.64566493,1.3587592,0.0029198334,0.5254069,0.11727274,0.46944976,1.632366,0.856802,0.3019122,0.48857465,0.36075798,0.23166429,2.9583423,1.4177549,1.4101207,1.5186692,1.1084123,0.21397018,1.4486704,0.49194044,0.026539523,0.60461193,2.259093,1.3304293,0.7698392,0.70308733,0.29820025,0.42610836,0.0,0.019774256,1.0917461,1.1108435,1.4877528,0.035409205,2.2601504,1.9928336,0.8460191,0.10448219,0.056758918,0.13568306,0.30592918,1.5168798,0.68552524,0.16695622,0.59496486,1.6605599,0.39720702,0.9951023,0.46288073,0.62357354,0.557703,3.246406,0.12629135,2.9136071,0.35402843,1.592054,all_pothole_images\pothole_images_new_image_1241.jpg
0.0014008952,0.61217207,0.17757219,2.9300027,0.98672867,0.9126809,0.9335697,0.37840387,0.09869984,0.40289003,0.42786694,0.8523603,0.6767926,0.63535917,0.0,0.22704303,0.06705645,2.4076068,1.0859034,0.32344043,0.30790448,1.0814477,0.16893819,0.035623424,0.34807497,0.061319467,1.7526109,2.6622777,1.806911,0.3187449,0.054472197,0.19692379,1.082917,0.092337936,0.16297394,0.7539648,0.37023,0.8843005,0.07163236,1.3713217,0.0,0.72331554,0.14721026,1.9517992,1.1568898,0.17726626,0.5350154,0.0,0.1120273,0.22781931,0.6136588,1.9487969,0.057585217,0.4070145,0.031048397,1.4691551,0.46369937,0.31145176,0.959593,0.9987047,0.12019515,0.60393226,1.3417614,0.45180395,2.4392765,2.6261759,0.33973074,0.20652206,1.0613192,0.10855509,0.6946783,1.3656225,0.0,0.26718634,0.046971608,0.018556237,0.13035423,0.13251948,0.0,0.023694748,0.92639464,0.06796568,0.51447785,0.30456248,0.043037355,0.4875757,0.761422,0.013082874,1.8560395,0.1463392,0.0,0.6805209,0.16079076,0.2943066,0.23837656,0.07116509,0.65873295,1.0015836,0.07154012,0.5729041,0.08292274,3.1791,0.17033751,0.046420738,0.05897304,0.021705875,0.005879239,0.11489337,0.50485206,0.012118415,0.079776585,1.0632955,1.0189643,0.07122437,0.8001809,0.01722385,0.09315718,0.43166977,1.37969,0.29159266,1.2507772,0.21769364,0.4369839,1.6196698,0.394399,0.115322605,0.15198709,0.31502524,2.9789114,0.004202503,0.9020331,0.63574284,0.4594099,0.32035923,0.052965738,0.20156103,0.31347525,0.40939638,1.4915559,0.25574034,0.9103565,3.3293009,0.050738946,0.68385184,0.47491205,1.592657,0.07584053,0.0006516929,0.1254447,0.08711065,0.21079014,0.01269715,0.0,0.0,0.5004987,0.79512113,0.28564057,0.0,1.5158725,0.8936877,1.116347,3.4542923,0.3831494,2.9480498,0.16572554,0.4779934,3.005249,0.07488649,1.0475267,1.6496124,0.10600418,0.4521609,0.24925247,0.616732,0.16015625,0.09220493,0.39737308,0.08717772,1.1659324,0.018096821,0.0034017358,0.15033317,3.6553693,0.243381,1.5553807,0.033037867,0.088980146,0.07052721,0.1615128,0.40362892,0.065239295,0.9359678,0.0,0.9541601,0.16717862,0.31976223,0.24884091,0.24177949,0.81355655,0.35733658,0.10207138,0.31216264,0.5333033,0.35415703,0.30040127,0.5148639,0.39529285,0.0015152114,3.3805852,1.0912175,0.68104726,0.22626325,0.044886004,0.40961334,0.8597476,2.5676217,1.5272001,0.039229706,0.47263017,1.1145251,1.5102099,0.36125314,0.6882007,0.15540934,0.0,0.27165264,0.38741907,0.45277777,0.28236312,1.3615531,1.0269512,0.38230148,0.8498518,0.02849645,0.03545539,0.002136238,1.9846828,0.585841,0.013040877,0.557177,0.027664179,0.113254406,0.27704763,0.09032648,0.15617904,0.1815843,0.5826859,0.6340108,0.28681785,6.0829716,2.5251653,0.0,0.41511565,0.33186027,0.123917535,4.4756145,0.005563421,0.48629245,0.031677507,2.1363392,0.0,0.07248968,0.17367636,0.55103976,0.090341546,0.39004594,0.52968574,0.8257351,0.2341227,0.5207225,0.105292276,0.07033786,0.24469906,0.28645056,0.7241549,0.22789645,0.22493707,0.7103882,0.12224551,0.31707135,2.9004886,0.7172756,0.24099836,0.09473924,0.008325294,1.1880575,1.4134264,0.016717728,3.6038892,1.4029968,0.0,0.23979093,0.0,1.0325093,0.021750152,0.8513309,0.0,2.6708102,0.23275268,3.634854,1.2310617,0.9717667,0.006461957,0.00275818,5.604542,0.1425784,0.21014671,0.005971635,0.11389337,0.087329395,0.647593,0.7160013,1.038909,0.8879721,1.0474057,0.8374203,0.9154617,0.7622839,2.409997,0.61576116,0.02519621,0.1085873,0.51626074,0.3127644,1.0950149,0.3582681,0.025256038,0.0,0.4038339,0.1596194,2.0834472,0.0,0.33581153,0.048744533,0.0700513,0.0,1.4473547,0.6161618,1.0041939,0.6006048,0.004175777,0.3194429,0.3006698,0.90076786,1.5854132,0.7562218,0.15536469,1.722397,1.420079,0.027156949,1.3284647,0.90545,0.004551028,0.09710506,0.0,0.081297144,0.08909411,1.7868288,0.097016774,0.00068882667,0.5301829,0.3487675,0.67052877,0.026776846,0.0454573,0.0,0.78868335,0.36191586,0.66163534,0.6899908,0.373703,0.026924213,0.39689586,0.11918162,0.007060628,0.08525731,0.022643177,0.0005546345,0.91177493,0.10639376,0.062437583,0.0,0.0,0.2503125,0.33307734,0.65915805,1.2821712,0.0,0.125735,0.30061346,0.50073117,0.0019434392,0.09597197,0.5656775,0.16518278,0.012782955,0.9493145,0.0557892,0.019106094,0.43350515,0.31392205,1.1150092,0.001536166,0.49087244,0.6825219,0.31958598,0.22726631,0.9982225,0.40274647,0.020364713,0.5007434,2.075084,0.00065416325,0.7905462,0.0,0.45993796,0.62071615,0.29943758,0.33497745,0.0390928,2.5864267,0.7827582,2.0125444,2.050763,5.0002527,0.8100268,1.085069,0.30125558,0.033958513,0.4807282,0.66272986,0.12988344,0.0,0.17657407,1.4691794,0.34016672,0.06538616,0.4041072,0.15011844,0.92018557,0.086079895,0.4023353,0.3502273,0.0074980306,0.28039396,0.0003781288,0.5894995,0.1594235,0.09451609,1.4572628,1.3209897,0.10294262,0.2929635,0.16123447,0.11295568,0.30561876,0.17808425,0.008206297,0.5171718,0.09314871,0.9822291,0.4434625,0.14061128,0.2877662,0.004796233,0.008567805,0.02357,0.0,0.078827284,0.07809241,0.022229131,1.2776792,0.49595708,0.14850587,0.73950624,0.0016698643,0.48378074,1.3876119,0.6000118,0.0,0.078398526,0.5587151,0.007538395,0.22159643,0.0,0.0076632,0.8530144,0.28270534,0.09833256,0.022404667,0.018413808,1.8578491,1.3486828,0.48888695,0.0,0.0,0.8837855,0.016757969,0.14359945,0.2715324,0.07817312,0.5085317,0.4385938,0.0,0.22110717,0.49256954,0.03854019,0.07801374,0.08886173,0.5101843,0.3025779,0.6693266,all_pothole_images\pothole_images_new_image_1242.jpg
0.44779447,1.9096181,0.78928655,1.5599575,0.8557537,0.9805145,0.24676752,0.0,0.21376255,0.4341675,0.19691214,0.08176779,0.0,0.43670008,0.34860766,0.8967285,0.13172416,0.0054755793,0.030781185,0.2500637,0.55709815,1.4850429,0.5720807,1.589283,0.6456151,0.26598546,0.16381209,1.6474771,0.009567199,0.85293305,1.6047693,0.102011465,1.4953116,0.44380093,0.16725561,0.5037243,1.151698,0.44513786,0.47231293,0.46196964,0.28063378,0.24303465,0.434393,1.3499326,1.3257191,0.0007427293,0.11787441,0.29688758,0.080593675,0.04131168,0.55486006,0.49262547,0.18718913,0.10267541,0.04720746,0.65378094,1.0646793,0.08033231,0.11966564,0.3404186,0.0037386655,0.02120682,1.2245511,0.5818794,0.16541845,0.52726626,0.18002422,0.13063765,0.022346409,0.013914371,0.45663708,0.4671971,0.29048932,0.16315524,0.0011660543,1.2257794,0.21147352,0.8993619,0.04444706,0.6407857,0.18032958,0.6753767,0.39589703,1.8062949,0.382222,0.5104183,0.21946,0.0,3.620874,0.8530877,0.0044510644,0.0037306345,0.051010035,0.10955865,0.3402861,0.025186406,0.35441682,0.49842185,0.17861986,0.47682953,0.057024572,1.5078623,0.8991399,0.17237294,0.7981449,0.018899905,0.11011146,0.6617933,0.71139425,0.5332527,0.012628144,2.638711,0.80207676,0.116211385,0.0933995,0.67476964,2.297182,0.31787354,0.8053791,0.86327654,1.2221653,0.30898297,0.49346003,0.5656788,0.6195205,0.74267346,0.96175957,0.5388249,1.1151916,0.09474823,0.46814123,0.024603244,0.41181907,0.016530821,0.73572797,0.40606818,0.15439442,0.4894065,0.11009051,0.2208854,0.10938414,0.23933236,0.02621247,1.2680926,0.07214972,0.3159957,0.022162631,0.7904331,0.12727073,0.25266442,1.1862315,0.39891616,0.31487158,0.67380303,0.76972413,0.20225583,0.18630202,0.27669612,0.42639744,0.22541234,1.2182907,0.3563337,0.029616287,0.9437339,0.7181573,0.13255979,0.92076504,0.005964222,1.6226406,0.7338404,0.00046674354,0.22677624,0.14159214,0.0957183,0.5318203,0.23433591,1.0877303,0.0035323112,0.23754507,0.3605294,0.055226125,0.80259717,1.380487,0.9938401,2.5188968,0.46297958,0.024466801,0.41355568,0.5739181,0.09894078,0.16898443,0.18251304,0.085382126,1.2503994,1.2440803,0.05616155,1.0432276,0.7485437,1.0026821,0.42474583,0.26731324,0.32334763,0.1132268,0.8207766,0.12841085,0.60279715,0.520439,0.03698562,1.8561933,0.0,0.35207015,0.044573817,0.3249846,1.5058916,1.1524674,1.4666966,0.14452566,0.16721536,1.994091,0.36720937,2.1087406,0.0,0.10562528,1.1967499,0.104112856,0.29280484,1.958578,0.36445865,1.2604767,0.47586128,0.23811258,0.020190593,0.57213694,0.009851197,0.51098835,0.024703868,2.6561677,0.034178577,0.5668435,0.30986366,1.1793406,0.35680023,1.1554704,0.66203433,0.13173622,0.039069753,0.56296366,0.023854574,0.1758403,3.323088,1.6481826,0.40031877,0.34491354,0.16390543,0.29297128,0.22115523,0.82893765,0.30800685,0.116202295,1.9984362,0.18411465,0.6322128,0.6458219,0.28927225,0.40899625,1.2168821,0.30959272,0.72275645,4.709433,0.5241571,0.5042567,0.0028239652,0.051305436,0.3450124,0.6332197,0.9230731,0.2626695,0.45632327,0.23996125,0.22156361,0.16188805,0.20304006,0.17711712,0.3725241,0.31401646,0.7090099,0.31195304,0.84910977,0.35952562,0.017195052,0.13451366,0.44544804,0.04608445,1.3642483,0.05964793,0.6741193,0.42494953,0.44429898,0.68084997,0.6897407,0.51096773,0.06949664,0.18493906,0.6265876,7.068376,0.4161586,0.23590389,0.25856602,0.018974386,0.035685264,0.11327133,1.031536,5.686273,1.5241178,0.2811438,1.5484631,0.013919684,1.2571487,0.89203095,0.2792201,0.42159665,0.40215504,0.1961639,0.32322463,0.014278969,0.32002348,1.4672852,0.33189878,0.5585134,0.5376005,5.17685,0.15713929,0.05203132,0.20068297,0.05208383,0.43404862,1.2534268,0.23328719,0.5462648,0.023952184,0.813675,0.77004063,2.5749114,0.066620514,0.6264218,0.14507154,0.293416,0.024028217,0.7447835,0.06636419,0.50465477,1.1398846,0.064176925,0.78360933,0.31988743,0.019744175,0.25926292,0.19328196,0.13278072,0.4175828,0.012333823,0.36632183,0.62606484,0.6778274,0.046023462,0.53709,0.49510792,0.6624998,0.8895083,0.2211515,0.16593379,0.18839513,0.5297173,0.04492528,0.18767281,0.0017580589,0.46783206,0.32139593,0.20530802,0.39969635,0.16222759,0.32593873,0.31099284,1.2091017,3.4579258,0.4874859,2.1075342,0.10936032,0.041642986,0.554533,0.2002662,1.0788649,0.10914094,0.09289014,0.017167604,0.27657634,0.6148665,0.2991235,0.0281117,0.17131904,0.79882765,0.78874815,0.9012015,0.5368899,0.85432774,0.26546183,0.67175543,0.28400692,0.011222613,0.20596181,0.51256514,0.08274849,0.08446624,1.1345807,0.06845242,0.18350445,0.5369991,1.630916,0.34770417,0.0,1.3672441,0.14918347,1.4913719,1.2327093,1.2865471,0.49462536,0.3359463,1.8789386,0.14642991,0.61438817,0.33802012,0.3433723,0.0,0.0725467,0.07408788,3.8299305,0.4702434,0.09753689,0.09363572,1.3006105,0.05997932,0.2660151,0.18455666,0.035725467,0.8694413,0.23220776,1.7520666,1.4738191,0.07298113,0.80465686,1.9060155,0.6897626,1.1960696,0.75546044,0.3509866,0.4378657,1.8966498,0.5544084,0.5346275,1.4698833,0.400914,0.56956565,0.59250045,0.0037525198,0.53062856,0.07054474,0.13657577,0.032410305,0.25669655,1.8310833,1.2624946,0.0,0.70319235,0.28703237,0.18846036,0.0,0.09457029,1.2370517,0.18450832,0.28485394,0.12941584,2.1209188,1.5226344,0.027860546,0.09811561,0.33299255,2.1321526,0.35593686,0.76540995,0.097780645,0.1081776,2.468283,0.0016542574,0.15091509,0.0136142885,0.2506631,0.29111433,0.2294879,0.0,0.013336178,0.0057403604,5.0766253,0.5608312,0.5388701,0.5586413,1.3726517,0.0,0.06669133,0.6088773,0.7205521,0.030791549,0.24308334,all_pothole_images\pothole_images_new_image_1243.jpg
0.015602657,0.22892928,0.08508256,0.22536367,0.71267027,0.012760126,1.1495934,1.5008451,0.44021088,0.1738823,0.6938793,0.19138071,0.20147511,1.249814,0.21954945,0.52518904,0.1106849,0.27643317,0.6308151,0.11015451,0.21719304,0.042355083,1.5233359,1.0332125,1.5271672,0.17478766,1.4632814,2.4828439,1.0621301,0.35336533,0.90851784,0.21422058,0.51273775,0.81331277,0.1388082,1.0197409,0.0,0.8345254,0.19684125,2.0368571,0.115892805,0.4069114,0.06281037,1.9627367,0.2223755,1.9459511,0.017028775,0.24081886,0.9115557,0.68140364,0.6981491,0.5345984,0.112600274,0.49260297,0.0051621976,1.112633,0.2761795,0.36390007,0.051431336,0.021348033,0.7122682,0.08023011,0.52194047,0.47673026,2.7702994,1.0347314,0.18267639,1.0463556,0.0,0.46098304,0.53949493,0.13891375,0.03454509,0.25497207,0.022372104,0.010548502,0.21350037,0.13453695,0.02463751,0.107183404,0.16331431,0.0,0.10565517,0.21248274,0.27395275,0.30640396,0.032688804,0.39673465,0.24577168,0.3509256,0.13565661,2.2954195,0.3967911,0.052237403,0.28784826,0.54634506,0.329769,0.02544784,0.27924016,0.30309564,0.078702286,1.356352,0.0,0.0,2.6396503,0.9252804,0.04083573,0.09972096,0.68977404,0.46230954,0.033405367,0.41946873,0.15665817,0.20694803,2.430692,0.07149694,0.51544803,4.3957744,0.16046761,0.62916523,3.4749517,0.5630558,0.14586557,0.6525974,0.25221854,0.13257064,0.9528273,0.12525673,0.9132518,0.21455796,0.6752674,1.1760823,0.058911897,0.90708005,0.33459917,0.54821724,0.70999676,1.156782,0.07294686,0.23490794,1.6728215,0.91143745,1.2742459,0.7316154,0.54018974,1.2069261,0.2690469,0.40431353,0.7792592,0.020898676,0.40919405,0.13616906,0.255865,0.026754841,0.32135597,0.21595225,1.4986097,0.96186584,0.5569416,2.0551827,0.77035993,0.08416255,1.5474341,6.165607,0.74537206,0.3506008,0.3387926,0.32089692,0.4744391,1.5008056,0.49221903,0.38094002,0.04886265,0.1530262,0.3528899,0.3471239,0.061184257,0.09057768,0.11084195,0.18106034,0.108705215,2.2002203,1.4553392,0.7341442,1.6711357,0.9375957,0.2823357,0.0,0.12780222,0.5839312,1.0533707,0.25704992,0.65557176,1.4520721,0.68681216,0.16255786,0.8790873,0.38812512,0.15739137,0.89470094,0.25990376,0.39429313,0.31532934,1.5552853,0.030549955,0.5663321,0.9047895,0.8874298,1.8109636,0.41447437,0.012021843,0.7458734,1.6245795,0.6383634,0.11988009,2.2400606,1.2796952,0.06133563,0.24285285,0.12589614,0.08251803,0.7214229,1.0668988,0.031679437,0.23137516,0.8053553,0.65843534,3.0277715,2.4488194,1.6266872,0.20360918,1.3864529,0.108731665,0.03743077,0.26424605,0.12287922,2.612649,1.2060013,0.26243955,0.08320374,1.5968679,0.0,0.016150229,0.8648787,0.11563199,0.20678617,0.6596355,0.2859169,0.3209056,1.4710442,0.966958,0.59717697,0.15237395,1.0840428,0.4901052,1.3484777,0.40521473,0.47070375,0.0,1.1264096,0.57305604,0.70957166,0.07673918,0.56614786,0.14024264,1.0479524,0.0032737444,1.1638747,0.90074706,0.73189914,0.047413222,0.05502469,0.55136114,0.73666507,0.25699532,0.3467013,0.19833548,1.4610826,0.2185732,0.04831033,1.8782009,0.18266286,1.046716,0.25166017,0.87365776,0.5400914,1.6255181,0.038968183,3.2361836,0.2116336,0.10265309,0.14491987,0.21517636,0.60258126,0.389664,0.0018351527,0.6374387,0.009813453,0.1495207,1.9613264,3.2097669,0.59064174,0.11018214,0.19830005,1.8103853,0.0,0.2278328,0.07050924,0.33116966,0.06534926,0.01579716,1.8013849,0.12405258,3.9068594,0.6144148,0.06595497,0.053511355,0.2715784,1.1194189,1.4198954,1.6697042,0.026050631,1.7928276,0.6862648,0.042653482,1.6107492,0.15009567,0.0,0.47811884,0.4473249,0.5143711,0.0034805427,0.7459667,0.21932985,0.6950569,0.29632342,0.07214607,0.13618377,1.7730674,1.7190177,0.05676922,0.25556922,0.029390473,2.139978,0.83200735,0.27004814,0.016571375,1.6354412,0.50390166,0.0,1.4204652,0.22028391,0.9755306,0.29343474,0.027843202,0.18323128,0.084742926,1.0310712,0.8025707,0.25242016,1.4435674,0.72028565,0.5613666,0.03960948,0.17135927,0.047910452,0.8839829,0.48174617,0.7253694,0.76734215,0.3386727,0.64480907,0.5965121,0.96795076,0.8681244,0.2154894,0.20211916,0.021262908,0.2282563,0.9612942,1.5603185,0.18303014,0.0098030055,0.21357168,0.05342602,0.6618533,1.3488705,0.133078,0.082174174,0.12277031,1.8187408,0.39390045,0.21384971,2.0256245,0.74261063,0.4351872,1.6818203,0.74767494,0.058065403,0.19357848,0.3341302,0.33914343,0.0,0.7841121,1.0676126,0.010270732,0.3371468,1.071245,1.2391214,0.39876306,0.38074556,0.5675444,0.20201495,0.54794437,0.17461245,0.3191629,1.2687938,0.63524896,1.3925803,0.15591398,1.3331448,0.62842333,1.5310283,1.1828878,5.465687,0.2752127,2.4516144,0.04679811,1.2204716,0.57236695,0.35901216,0.6020163,0.097901404,1.7091076,2.2523725,0.18414523,0.020583227,0.7008383,0.28248197,0.057267282,0.7653978,0.50351346,0.19092473,0.00020154909,0.009249559,0.06260626,0.93540424,0.43285742,0.88686043,1.0486665,0.79576296,0.0,0.024273397,0.042340335,1.1703433,0.20276041,0.0,0.15742733,0.10812564,1.2128344,1.7921815,0.08974912,0.3480981,0.39366648,0.3202483,0.29180312,0.12085207,0.16622883,0.3060755,0.100316495,0.45526943,1.1103613,0.4416444,0.06157362,0.5663408,0.4991052,0.21705389,0.21675794,0.2958611,0.24358936,1.0626546,0.6167145,0.11816587,0.19584496,0.49318472,0.03138475,1.7548912,0.043165985,0.5536525,0.22807674,0.023077726,0.05396104,0.073243454,0.0,0.01836808,0.41498134,0.20734708,0.0,0.13799387,2.363649,0.008148702,1.1707283,2.3134103,0.217103,0.15023665,0.7517311,0.0119570745,0.31399503,0.072859176,0.04796553,0.5604954,0.20395151,all_pothole_images\pothole_images_new_image_1244.jpg
0.063115805,0.60302925,0.4321405,1.5122894,0.45904052,0.2741634,0.9348308,0.85725886,0.17149779,0.58167875,0.0014249275,0.14053944,0.58293617,0.12545657,0.33694643,0.8239264,0.05102474,0.2328674,1.2314775,0.3827807,1.6790543,2.2532175,0.30209234,0.707467,2.55422,0.2639599,0.25079376,1.9124532,0.68510985,0.52896965,1.4989982,0.30537796,0.30083963,0.9285038,0.46655503,0.5710512,0.6464211,2.2369237,0.15914755,1.9887985,0.13403141,0.029777244,1.1001722,2.1722176,0.47747585,0.04221492,0.4927042,0.21312404,0.92795825,1.0624487,0.37682116,0.34958267,0.06165322,0.41541854,0.049712658,0.8607939,2.45284,0.32997745,0.5286835,0.08631964,0.3994033,0.24035902,0.57630754,0.14004299,0.49100104,3.3315616,0.4242626,0.1976069,1.7491832,0.18884793,0.34919357,0.18667044,0.01800831,0.4544725,1.3338567,0.7414014,0.0,1.1761357,0.051723547,0.17226978,0.21313262,0.27650297,0.09849692,1.3145667,0.578235,0.08204674,0.41244295,0.8319123,2.7673924,0.15883403,0.6037624,0.50347286,0.4286794,0.17370412,0.4675366,0.0027640257,0.9567043,0.24924123,1.3608913,0.76082355,0.021582065,2.3879158,0.28855205,0.21653745,1.0749567,0.497612,0.10098257,0.20139822,0.0039624395,1.2796913,0.083147615,3.094679,0.036808476,0.18073148,1.0733083,0.5367101,2.1072137,0.39139456,1.356042,1.115308,2.6106856,0.4853785,0.27860355,1.7121813,0.18842798,0.58974963,0.12025887,1.2352693,3.28125,0.0036291513,0.33720288,0.013646889,0.0038093964,0.12511323,0.044374797,1.5324003,0.23287602,1.8830101,0.311634,0.04240268,0.5052594,1.2343348,0.2126206,0.39289296,0.140691,0.820045,0.006194536,0.7232942,0.115680866,0.22230074,0.26810688,0.18744305,0.20901664,0.5615398,1.7659435,0.5262005,0.45439795,0.35881257,0.75582916,0.93125296,1.6539867,0.6531556,0.0074496595,4.5868754,0.07628332,0.77939665,0.30319214,0.058340818,0.9000837,0.42016238,0.035568018,0.04406779,0.02057422,0.42128807,0.64567155,0.3826519,0.12049513,0.12695363,0.032876767,0.3544311,0.05149304,2.789376,2.6076608,1.6679862,1.6710006,0.6760106,0.32101315,0.25718224,0.89246523,1.7338079,0.23871402,0.3305404,0.13245772,2.9280899,0.28740737,0.5219352,0.57062334,0.7772887,0.08439108,0.3452798,0.34979293,0.29841948,0.89894664,0.5784219,1.3612815,0.058831796,0.5523194,1.122803,0.69295055,0.2429406,0.002340973,0.0042781513,0.24625975,0.95526963,1.0368484,1.7812426,0.42081064,0.61007905,0.63538474,0.3176437,0.64508104,0.23518574,0.36484745,0.9393481,0.07131297,0.8551776,1.3316519,0.9096418,0.22862118,0.07541726,0.14470674,0.30552232,1.5309731,0.4999919,1.3265514,0.14789823,1.9510859,0.5746554,0.15461591,0.33116418,0.5110247,0.14278075,0.5881377,0.38193473,0.06345237,0.0013171743,1.0796233,0.7573588,0.121283256,1.7988409,2.252442,0.16357228,1.3960932,1.1492951,1.0222625,0.34874305,0.18862753,0.07452473,0.3160234,1.9028516,0.25185445,0.12504259,0.5120172,0.038785066,0.48630103,0.07813674,0.26716405,0.22351548,0.51922613,1.4989786,0.35311794,0.18015152,0.90255487,0.5502487,0.3821574,0.9043465,0.28370836,0.32729766,0.34317017,0.4593838,1.298994,0.069649115,0.07093371,0.39745495,1.4035759,0.75525475,1.6110618,0.98392576,0.524888,0.19715628,0.40844476,0.6186109,0.6312247,0.8838074,0.11357889,0.045737382,0.70429665,0.9365423,0.2725264,0.70066714,0.52571964,0.36180627,0.06613165,0.6285512,2.731822,0.30932757,0.36383414,0.253418,0.81022173,0.38071385,1.7786709,1.5050455,0.94721997,0.8198316,0.4111224,0.5557781,0.0,0.7770491,1.8276899,0.16883846,0.3713874,0.2333595,0.1086779,0.0032135362,0.37993357,1.2228879,0.87184894,0.019312894,0.14147645,0.02607913,1.0138745,0.24328868,0.36557505,0.07516411,0.11538838,0.42709008,0.26480266,1.6056037,0.27570876,1.2262481,0.036842313,0.19122107,2.0744796,0.20769714,1.4556311,0.015166924,0.33125934,0.112066045,0.5845055,0.27576074,1.2216772,0.20636612,0.9136701,0.5827235,0.08592014,0.12700942,0.38274375,1.1263703,0.7153272,0.79980683,0.13265674,0.0019850447,0.49383017,0.08990212,0.40993312,0.08111453,2.7701187,0.089585856,0.1810446,0.31372687,1.9556352,0.5969597,0.3045364,0.22378191,0.97576356,0.58856666,0.177767,0.34895948,0.21465437,0.13421233,1.0501297,0.012632626,0.64707786,0.42396137,1.7884132,1.2256528,0.15832376,0.0019354955,0.0,0.91833484,1.9043566,1.6065909,0.20886989,0.19447862,0.5068823,0.12402725,2.3008966,0.0728218,0.42455393,0.2011263,5.021313,0.57151586,0.35551506,0.38206333,0.19904506,0.14994904,0.40438426,0.16598532,0.2906043,0.18679829,1.2181745,0.37499368,0.6304669,0.7285928,0.028108286,0.06444654,0.26141444,0.18661095,0.7241043,0.60976154,1.8824127,0.5259031,0.5755051,3.093927,2.2122293,0.3068276,0.25154284,0.36878195,0.3903429,1.963846,0.27768168,0.352483,0.50681096,0.1220586,0.9404747,4.051589,0.6277498,0.3543054,0.81092745,0.19464123,0.07051027,0.11111321,0.44166735,0.95843583,0.0006572604,0.17920679,0.4538672,0.09882248,0.18474644,0.5320677,0.35896638,0.28377628,0.02548462,0.31801182,1.1924235,1.8271044,0.9804276,0.13866366,0.4937641,1.7561886,0.9634127,0.018873336,0.96142423,0.0,0.1082209,1.0793285,1.3590106,0.30418223,1.761311,0.0795519,0.4161371,1.4241592,0.3298493,0.280152,1.7679958,0.11741836,0.2732834,1.8828908,1.1884652,0.13925338,0.9082019,4.4085937,0.6694132,0.7045729,0.04101995,0.18019666,1.8713528,0.3709374,0.5694238,0.13380441,1.2684286,1.0529716,0.018058104,0.036949504,0.008023,0.03367893,0.269368,0.7251157,0.4293363,0.25881305,0.01842339,4.1542835,1.0704068,0.12896405,1.2198299,0.9627148,0.0,1.0141695,0.43142092,0.117844425,0.5580231,0.3158253,all_pothole_images\pothole_images_new_image_1245.jpg
0.0,0.06687832,0.8891538,0.82968307,0.3838655,0.12638333,0.12336417,0.5397567,2.9675841,0.6062776,0.015227534,0.006351247,0.0541543,2.0373812,0.30364537,0.6211591,0.707252,0.0,3.2430258,0.43911758,0.007916446,0.049444605,0.533739,0.092625044,0.102244474,0.0,0.0,1.2053705,0.33983487,0.0,0.0,0.0,1.5793363,0.21127552,0.06867765,0.77921027,0.0077337134,0.5884326,2.3697083,0.019406898,0.0,0.0,0.25405407,0.52869904,0.9468471,0.091140635,0.72343516,0.0,0.10532186,1.5126642,0.029580295,0.0,0.14337033,0.1799908,0.23658194,0.10591898,0.0,0.016654061,0.8424639,0.12555148,0.03439393,0.0,0.30090454,0.0,0.16660793,0.58271205,3.6111104,0.05069934,0.8145649,0.55769426,0.0028631832,0.0,0.0,0.0,0.017340025,0.00096284633,0.7025207,0.01026861,0.2708805,0.37248778,0.0,0.60754794,0.048663255,0.4243313,0.11334896,0.055255175,0.28707433,0.9441306,0.0,0.64359206,0.29872218,0.022992158,0.015300339,0.13362707,0.57397306,0.0,0.5344219,0.55077094,0.0,0.1419439,0.0,0.9080051,0.9221737,0.16964597,0.74072963,0.24797264,0.036183584,0.0,0.0,0.012789021,0.7122565,0.023223491,0.017246783,0.54514104,0.23519328,0.00114636,0.3733493,1.1790063,1.4943857,1.3620521,2.0051177,0.03625184,0.2067105,0.58928674,0.15458941,2.302541,0.62157136,0.1491715,0.29330882,0.0026540838,0.3232207,0.56167847,0.44657415,2.0873423,0.0737782,0.2355327,0.0107280575,0.7723865,0.012257569,0.022008196,0.10981135,0.29824567,0.2514039,0.0,0.45550796,0.5896243,0.17866014,1.592427,0.91846776,0.5404108,0.004943155,0.04730923,0.6476585,0.03576458,0.45995355,0.8195931,0.17284973,0.023707971,0.0,0.04982082,0.70649797,2.548591,0.07384573,0.40238836,0.0,0.0,0.09970926,0.016259896,0.0045246747,3.08784,0.028523346,0.0,0.12209594,0.113808796,0.21736717,0.90222526,0.61085474,0.0,0.21244618,0.005455538,0.23457299,0.38382915,1.4062339,0.16043745,0.0028034162,0.43220076,0.37016094,0.17998768,0.41950163,0.15079302,0.39222336,0.9152186,0.02431636,1.6587135,0.046548784,0.007599907,0.6468424,0.119518936,0.22928196,0.21976458,0.016254772,0.1997981,0.58917886,0.0027178933,1.803613,0.47663707,0.25850746,0.0,1.9361718,1.3095759,0.48350516,0.0,0.1170035,0.0,1.1414983,0.69608086,0.022112623,1.3167777,0.2384823,0.4769985,0.0,2.399452,1.2727953,0.40952608,0.0,0.0,0.30927798,0.0,2.321593,0.11678016,0.0,0.033074036,0.08436001,0.7148523,0.5219765,0.07037565,0.36309043,0.06996659,0.026828159,0.022822697,0.16024923,0.30311248,0.21173006,1.7674242,0.0449342,0.0,0.12804057,0.009139594,0.059025455,1.3547125,1.5865388,0.0,0.0,0.0,0.018771073,0.8720759,0.015365172,0.39313334,0.0,0.009342758,0.07774847,0.45034268,0.35751918,0.27314124,0.015929371,0.17699826,0.70028764,0.49524996,1.6855873,0.13564411,0.0,0.0,0.55348545,0.17616533,0.0,0.5212184,0.0,0.16747126,0.258174,0.09304855,0.95578814,0.8834387,0.63834614,0.6021661,0.03031681,0.0,0.30014366,0.031110803,0.060557995,0.037411347,0.02127515,0.0058656223,0.029201476,0.29847488,0.058832414,0.4556045,0.022980724,0.20717077,0.0,2.8066282,1.8514676,0.2698551,0.0024044148,0.124657385,2.9576974,0.06376747,0.8496812,2.0299613,0.36545008,0.00038597727,0.047992695,0.15736331,4.596179,0.9282715,0.30280572,0.06290758,0.15718026,0.0,0.40049607,0.021972874,1.1676499,0.063937485,0.41169065,0.0036832246,0.6509383,0.16338351,0.6084175,0.24743132,0.104338646,0.0,0.4315023,0.0005317784,0.02026947,0.06614461,0.05021146,0.20851792,1.9285661,0.47678605,0.61075157,0.028052572,1.5087185,0.24862647,1.5164309,1.0960654,1.2796637,0.76944095,0.010867007,0.010470896,0.0,1.112277,0.0,0.0,0.0,0.97641784,0.4744375,0.1428015,0.15413545,0.8726556,1.1839951,0.28763995,0.93378985,1.3712867,0.07859435,0.09013039,0.5164348,1.0379385,0.25728676,0.011333879,0.018191507,0.18571517,1.4709762,0.0,0.44317952,0.01911843,0.013173288,0.006050406,0.09933997,0.00063543284,0.29950216,0.12018552,0.05394701,0.01645845,0.61233646,0.54716116,0.3188695,0.10568946,0.45914567,0.44962704,0.7750352,0.3026617,0.90710205,0.0,0.14559302,4.2595253,0.5342497,0.922102,0.60188735,0.08252503,1.718366,0.0,1.9909284,0.19230212,0.26041737,0.0,0.12352579,0.115102895,0.4452643,0.72577745,0.41110447,0.11496121,0.2074713,0.2986493,0.7118719,0.012944062,0.0,0.303248,0.004848188,0.08113949,0.0,0.0,0.062281884,0.1848034,0.0,0.65214247,0.83121234,0.3230647,0.19690211,0.014108059,0.0006607968,0.09987626,1.9474154,0.04437132,0.5626308,0.0,0.05755867,1.6519997,0.27124435,0.0,0.015117201,0.5085152,0.0065680156,0.68391734,0.82028174,0.10856197,0.96313536,0.30549634,0.8450324,0.6238149,0.055143055,1.302374,1.8211004,0.6735304,0.72432333,0.07994256,0.046033,0.83451825,0.0,0.0675294,0.18916874,2.86514,0.93663037,0.19874199,0.024695111,0.009349737,0.16893199,0.16960773,0.6996164,0.0011502809,0.25552028,1.0706321,0.17328975,0.5055545,0.029590346,0.021531792,0.120093346,0.008656095,1.0586004,1.3449931,0.59679335,0.41969875,1.3531871,0.39970312,0.7025088,0.0,0.36816904,0.30739835,0.1586281,0.4084933,0.16068646,0.017360361,1.9436966,4.622067,0.27558175,0.66373503,0.18754452,0.036994413,0.0,0.0010807383,0.0,0.018885147,0.33670107,2.209056,0.119019315,0.33139655,0.071607955,0.5179284,0.8154123,0.3486859,1.2311321,0.022061365,0.5948673,0.8078037,all_pothole_images\pothole_images_new_image_1246.jpg
0.049241923,0.92024744,1.2389249,0.6143383,0.428314,0.78395975,0.049150504,0.7653771,0.8981817,0.11780536,0.8879311,0.037815005,1.5899075,0.9771613,1.5052028,0.441366,0.15428123,0.3548779,0.5596785,1.3549926,0.4761181,0.3812344,0.5489255,0.94052213,0.008468934,0.7737552,1.0333014,1.7229751,0.093493246,0.29187658,1.1678387,0.52000374,1.4331586,0.561811,0.4559709,0.18855903,1.8057731,0.614107,0.03215417,0.51287866,0.27630132,0.33628336,1.8159986,1.201056,1.0060997,1.8864223,0.18137221,0.29268956,0.4831199,1.9685253,1.2023265,0.54240894,0.1242523,0.20471273,0.048839398,1.2412736,1.0123237,0.8821003,0.6109136,0.47001234,0.6359582,0.91904956,1.7218773,0.79850215,1.0496008,0.14957705,1.2411214,0.335746,0.30095372,0.53660864,1.5770528,0.62050456,0.5081908,0.104509465,0.80796736,0.36544687,0.06582433,2.6533735,0.7732572,1.0091542,2.2383163,1.1444286,0.6738518,1.1192727,0.83448213,1.2482437,1.0036789,0.019520154,4.476514,1.800525,1.0160453,0.44104922,0.65818685,0.9252846,0.743851,1.3257426,1.350879,0.65201706,0.8667822,1.1134748,0.04445075,2.191269,0.23330364,0.961962,1.1685747,0.42867726,3.531963,0.9770852,0.89149743,0.28672495,0.93696064,0.88945055,0.9636532,0.04352619,2.4314966,2.404307,1.1106217,1.1910764,0.5279996,1.1278058,0.8277866,0.78588456,0.88222975,1.5251611,0.47890425,1.251814,0.75446296,0.89779866,0.39948794,0.10408205,0.77239585,0.27127588,0.4811038,1.210114,0.0,0.40069318,0.62385964,0.25090906,1.6202418,0.40847638,1.5665243,0.30717227,0.34840915,0.39096484,0.9510138,0.961318,0.5053433,0.74168015,1.1885118,0.6943812,0.41832477,0.21664087,2.2957218,0.10453053,0.3253857,0.8283878,1.5020978,0.5722604,0.4949185,0.08222508,0.18298021,4.013515,0.0064099412,1.068563,1.0028865,1.4008079,2.1432467,0.20865723,0.30615735,0.08759363,0.24720865,0.3117513,2.754952,0.101663254,0.89759654,1.0408357,0.31454888,1.7001641,0.049797144,0.554541,0.013418927,0.19248565,2.2663476,0.6115735,0.966028,0.43330207,0.8475388,0.8925991,3.46306e-05,0.7167911,0.79333526,0.33696645,1.1522067,0.5067796,1.0661234,0.4520244,2.1420972,0.8890915,0.38346854,0.08869671,1.3695349,0.45418718,1.8945249,0.1964262,1.4026688,0.61310256,0.47774443,1.8904887,0.93931454,0.9263842,0.19939514,0.2325128,0.17310804,1.3487482,0.35673234,1.131047,0.23961541,0.90519434,1.351176,0.11946549,3.086981,1.5384008,0.07429055,0.5766886,1.5557693,1.8978573,0.04274808,0.07022352,0.44578698,1.2625396,2.4668293,0.7056895,0.6638754,0.42656913,0.657142,0.33283567,3.40228,0.3967163,0.34441048,3.0419743,1.3689634,0.6718107,0.29618078,0.16990802,0.45647663,0.0037705998,0.29067105,0.4705165,0.19305663,0.706017,1.3876976,0.065418,0.055363495,0.7883321,1.2112225,0.28507766,1.0495427,1.059657,0.2074309,0.52378273,0.12591356,1.609299,0.25610548,0.09040337,0.0,0.6276675,0.4013868,0.9873317,1.8897686,0.3594691,3.3783238,0.0041673845,2.4847064,0.19371696,0.65301484,1.3392162,1.2111025,0.28482568,0.13587828,0.364636,0.2540404,0.14235438,0.34559715,1.5009483,0.5642031,0.3162768,0.7512546,1.5402192,1.4901004,2.847498,0.5182777,0.50069237,0.7251706,0.7678045,0.7058006,0.79307413,1.0060599,1.3644989,0.5270012,0.24903008,0.2064108,0.26854366,0.8578344,1.8308218,2.5470326,1.8108629,0.09556052,0.63536733,0.07351338,0.74623996,0.07116096,0.8764916,2.6421235,0.19865932,0.41929695,0.2100169,0.43120316,1.0578976,1.5395839,0.8870928,0.45658383,1.0932808,0.15447967,0.08540185,1.1939213,1.5591004,0.6541346,0.23168087,0.27605963,0.53774023,2.4693878,1.1966753,0.57817024,0.7742527,0.19506238,0.2398952,0.69039315,0.111409284,0.4115002,0.37764657,0.7672547,2.068378,1.1373609,0.2356442,0.6568496,0.20313084,0.091795124,0.34945887,0.31315622,0.8054721,0.928132,0.16821933,0.9443328,0.86442363,0.16856232,0.15310255,0.14228652,0.91794163,0.00903756,0.21100858,0.23065111,1.271906,0.17825077,1.1147414,0.30094692,0.855334,0.18047863,0.571746,1.3546959,0.28700823,1.1038669,0.25717977,0.29130745,1.1417546,1.6726584,1.1310273,0.7937386,1.2127539,0.35175925,1.3065926,1.3732398,0.052781347,1.9584017,1.9505649,0.29184788,0.3212338,1.2319225,0.2275748,1.3474866,0.42404193,0.6378906,0.83956206,0.34404778,0.5164144,0.1834167,0.17239854,0.29995385,0.37694246,0.7897864,1.1329826,1.3481861,0.4583646,0.49040577,0.60729855,0.5802251,0.48950997,1.3015068,1.409689,0.5472023,4.1968226,0.19989687,0.2576134,0.22750518,0.0061318325,0.9379901,0.23294236,1.1892506,1.2694447,0.063246824,0.5997257,0.8079138,0.23554993,1.6466285,0.4578966,1.4162592,0.6079152,0.7272029,1.7364031,0.27657154,1.289554,1.3825717,1.0212988,0.81490076,0.16473833,0.73277014,0.094818324,1.5487107,1.3889965,0.88550985,1.8269793,0.7116137,0.6246372,3.6074703,0.29129034,0.9127918,0.8958673,1.573289,0.6967448,0.17548494,0.9323146,0.64125586,0.023134528,0.014671048,0.23381878,0.059298903,0.95368844,1.2288743,1.6348053,0.9601721,0.06471264,0.1311225,0.44160008,1.5422642,2.1530883,0.5796795,1.3474507,0.08730207,0.01779584,1.8575183,0.22926015,0.9280537,1.0680498,0.91380775,0.17863308,0.009890057,0.59354347,0.25377417,0.60788625,1.4966116,1.1047666,0.45598203,3.3333173,0.4022077,0.2612183,1.4703217,0.5230461,1.2261196,1.3104366,0.039087337,1.084222,0.3658142,2.124864,0.14838164,1.7790395,0.8450203,0.4566894,0.3717974,0.70533764,0.018976763,0.47716224,0.5292214,0.2645941,0.17167881,1.2011379,0.57618695,0.89531565,1.3345419,0.72471344,0.22048706,0.56582683,2.3294842,0.5268122,all_pothole_images\pothole_images_new_image_1247.jpg
1.3758929,0.58054936,0.35735193,0.8936495,0.0633051,0.8059512,0.7709921,0.90568733,1.9729205,1.015291,0.55944216,0.903618,0.016311707,0.45932022,0.3043319,0.073078156,0.0612419,0.12528566,0.92262864,0.32202312,0.7822931,1.6948167,0.44841656,0.21064767,1.3382466,1.424667,0.20428424,1.4305985,0.024409747,0.90009314,0.41591927,0.32835573,0.5425756,1.2692882,0.03949274,0.12344866,0.14183092,0.3303035,1.1033406,1.5301083,2.415735,0.9454892,0.7485929,0.05700464,0.13177446,0.89555013,0.48187676,0.61995244,1.8796576,0.37920296,1.1543171,0.20693107,1.180913,0.017948046,0.5152089,0.9193686,3.839243,0.59349656,0.36814958,0.8560927,0.35779065,0.332088,0.7200425,0.7253393,0.17048933,5.0066557,1.2188714,0.45660052,1.7583476,0.6962677,0.35932082,0.67063475,0.76774037,0.3610923,1.4066844,0.26957032,0.9332451,0.9636953,0.8194725,1.8489392,0.1701406,0.024903111,2.2914336,2.504891,0.5151319,1.4257462,1.37522,0.5905523,1.3709956,0.8066192,0.99550515,0.23206702,0.5497944,0.29774258,0.6412932,0.39612693,1.4384542,0.64192724,1.5870981,0.695522,0.54865235,5.071232,0.62222576,0.82793146,0.19540681,0.7925074,1.2559155,1.7790452,0.6679975,0.95162797,0.28598967,1.6552902,0.8319576,0.4016466,0.18391716,0.26072973,2.654689,1.3690134,1.7921114,1.734042,1.6035222,0.63616353,0.2880077,0.50130683,0.6160933,0.064060815,0.2461024,1.2910552,0.515373,0.45895097,0.22351514,0.027299723,0.49121258,0.6644669,0.54306394,0.79289204,0.33500218,1.9704072,0.1989582,1.6362224,0.52598476,0.7340346,0.65673625,0.35464314,0.26354337,0.51871747,0.37198955,0.8932723,1.3922436,0.13711403,0.34604728,1.2515062,0.035764884,1.1271061,2.2064855,0.37872586,1.1610354,0.98180777,0.3447808,0.64849734,1.811114,0.26530942,0.6612891,0.46284026,0.43047956,0.70965105,1.5679506,1.8649501,0.60751307,0.5215713,0.77552515,0.33430207,0.170533,0.28870082,0.95904726,0.21234913,0.45285517,0.40453315,0.31220487,1.4307581,0.5847235,2.370991,0.15538564,0.8531256,3.3159537,0.71108806,1.8468114,3.4430308,0.4785374,1.4114453,0.84781426,0.06355512,0.40751857,3.1173863,1.071939,0.6314511,0.790545,1.8540233,1.33134,0.9407352,0.60573685,1.3012059,0.7744886,0.6838496,0.23129141,0.55170983,0.51915497,0.5900146,0.15273316,0.69376916,0.3278385,0.15819502,0.972113,1.5829554,0.94928503,0.71097934,0.71728563,0.37171268,1.1778424,1.3634958,0.83986914,0.3317679,0.5820898,0.5693296,0.49155647,0.5684471,7.4377017,0.6180443,0.74762374,0.57628274,0.2965391,1.3837972,0.9385644,0.35141417,1.5882677,0.16346157,3.2539206,0.0015183433,0.31244212,0.09407759,0.5988699,0.8927911,0.33672753,1.4987733,0.17618594,0.2765052,0.54332125,1.2314305,1.327994,1.6218221,5.047989,0.31914392,1.0886786,1.323927,0.07135758,0.052416377,0.6831903,1.3113121,1.2952906,0.6125061,0.6591126,0.029237725,0.1511824,1.7952815,0.8889522,1.2664688,0.10716414,0.9327676,0.39855742,0.21831769,3.0132458,0.30878004,0.06794955,0.15203847,0.602727,0.63538,3.1326003,1.2841676,0.21260516,0.4257577,0.23175211,0.5438745,0.17026767,1.8195676,0.06169181,2.0167253,0.725275,0.51516134,0.61540544,0.1190159,1.345927,0.63614243,1.0444406,1.2127787,0.24608402,0.39120218,0.4970443,1.1048957,0.3565808,0.2848464,0.043687653,0.6034819,0.23940228,0.53033465,1.3248543,2.5324554,0.23521012,1.1154683,0.22700197,1.5815974,0.44860053,2.0546029,0.7956431,0.6563605,0.27292335,1.1824831,0.67623603,1.0618205,2.3347359,0.67676806,0.64262164,0.08189783,0.0,0.11938807,0.8639133,0.6429741,0.5029242,0.17079085,0.64463043,0.74194235,0.73878783,0.73870355,0.5989716,0.202133,0.17774566,0.64652455,0.30374455,0.77288,0.086708896,0.23755553,0.038541317,0.16165967,1.7359248,0.05055232,0.3735321,0.29982403,0.18839924,0.5418996,1.2983679,0.07560712,0.4597213,0.34050688,3.0255506,1.1789848,0.646078,2.0176094,0.34318775,2.6842003,1.6469941,0.30915928,0.33015227,0.0035994025,1.442912,0.7530937,0.032056473,1.5879899,1.4054043,1.2249919,0.44333756,0.21956584,5.7485576,0.15987791,1.6411082,0.7163508,1.118884,0.0057909596,0.10245054,0.10774394,0.7680049,0.25900775,1.6487162,1.1394857,0.6837652,0.79378134,3.1747527,2.0592296,1.2077161,0.14101222,0.34337538,0.7975452,0.5167121,1.5653961,0.017792044,0.31577402,1.2550511,0.091780595,1.6652741,0.4729181,0.4186311,0.4943843,3.4838548,0.7160087,0.20890102,1.1933465,0.03422873,0.76351863,1.319392,0.29381633,0.0017795876,0.012405189,0.21391481,1.0768236,0.34672838,0.9483701,0.4033955,0.30070078,1.4789938,0.5548015,1.8645029,0.3396131,0.7706332,0.01735847,0.9514432,2.4495132,0.6884824,0.09918917,2.6084657,1.0342703,1.9038631,0.80604833,0.3252718,0.8282825,0.7578921,1.0624287,0.57932353,3.658931,1.3381709,0.67260385,0.5643109,1.2518678,0.04769906,0.97259045,0.3777418,0.5548961,2.0144145,0.34083888,1.4321572,0.80983657,0.74046683,0.6209703,0.7729861,1.1329002,0.2953021,0.5906593,2.868796,2.1286309,0.018725188,1.3633876,2.3799098,2.225465,0.98074037,0.6902945,1.4930594,0.31549639,0.86784595,1.439434,0.7248437,0.25213596,1.0742723,1.4759787,1.0136222,0.32643023,0.9126361,0.48572826,0.28395003,0.592693,0.1407898,2.2927973,1.7809557,0.041302472,1.7658638,4.540015,2.277746,0.07527588,0.623401,1.1697061,1.2641987,0.65509033,2.3594513,0.45331198,0.7822459,0.4934428,0.21692091,0.5665406,1.0619651,1.2182286,0.9807372,1.1723461,1.278527,1.3519415,0.0498279,3.0413558,0.62200034,0.9764661,1.3262937,2.0898187,0.6628196,0.06830161,1.7794945,1.30747,3.4065282,0.99979025,all_pothole_images\pothole_images_new_image_1248.jpg
0.0992784,2.8693821,1.3697109,1.0251274,0.5475378,0.3502798,0.8067485,0.0044459044,1.136441,0.2518709,0.27538773,1.2220088,0.79854083,2.4417856,1.0845602,0.76667833,0.6954117,0.61829484,2.0735836,0.30000606,0.72513527,1.6515914,0.486202,1.5833967,0.68752694,0.402533,1.0864192,0.92337966,0.65144897,0.09000238,1.0958537,0.72416216,0.66523105,0.83010364,0.6760382,1.1995027,0.27751583,0.91618145,0.24470708,0.41807786,0.7112405,0.3204286,0.11662281,1.2138196,0.97465414,1.1353302,0.41450456,0.36537477,1.1036373,0.6700394,0.40838853,0.7211674,0.9330536,0.9474618,0.44828063,0.44867688,0.23091984,0.7684169,1.4491191,0.6628629,1.2879018,1.0746292,0.20939499,0.34604573,1.0175939,1.1759319,0.44697413,0.7534807,0.3248977,0.8751084,1.3740495,0.79489666,0.9816481,0.41638264,1.5116903,0.927797,0.81256545,0.93625706,0.96121323,0.4381807,0.8614869,0.56442714,0.038590167,0.3745704,2.2037485,0.6799498,0.32971343,0.19042175,5.97439,0.21641791,0.209828,1.6225283,1.0840964,0.7722875,0.43747205,0.15370753,1.3890356,1.2477742,0.28524488,0.07646038,0.053805593,1.8704127,0.22281924,0.8378884,0.5825756,0.23740377,1.3899053,0.51170963,0.58253187,0.20905952,0.74896467,0.951681,0.35658905,0.55968076,0.9475961,1.1493111,1.0218315,0.8635107,1.7021413,0.29157177,0.7627958,0.43617514,1.083238,2.3805428,0.34754795,1.6218638,0.3553754,0.80518746,0.5197519,1.8970975,1.1836402,0.034981504,0.42355728,0.31994534,0.8455847,0.71384597,0.48230886,1.1739094,0.9518848,0.3213223,0.39074567,0.8746817,0.6218671,2.123365,1.5214626,0.86166567,0.21866022,2.0602417,0.14470907,1.443041,1.2145151,0.12339954,0.016352763,0.29565307,0.8376514,0.38508695,0.48212782,0.22875433,1.40403,1.1474073,0.6268402,6.020157,0.8326927,1.3521518,0.466671,1.3397468,1.7986628,0.4314929,0.69582117,0.20396668,1.2885002,0.284063,0.5912569,0.44120207,1.8570619,0.1471341,0.7380662,0.19097154,0.31708455,0.24624339,0.42245498,0.682472,2.8116446,1.8999966,1.0613068,1.1481633,0.51900184,0.30622545,0.34408,1.6835471,0.6250684,1.8600512,0.49431363,1.1830398,0.089186735,0.93050474,0.22547534,1.0945109,0.01543435,1.3257296,0.423553,0.19060233,0.85731083,0.5636681,1.1757759,1.1309267,0.5851574,0.27095026,0.63377416,0.09496163,0.6712927,0.50949603,0.8905452,0.43771833,0.6167343,1.0484406,0.8746736,0.0,1.5999893,0.8280829,0.65730983,0.031847652,0.15620393,0.4407241,0.019132253,0.033574414,1.18119,0.59346044,0.05732592,0.98474914,0.5450194,0.22698048,0.7845107,0.07588612,0.22593196,0.78158706,1.0918529,1.2710876,0.60705185,0.5147255,1.4656378,0.29569882,1.4733276,0.10607247,0.6450522,0.14514531,1.0969734,0.8319769,0.67812955,3.488298,1.5208669,0.20680633,0.0059004747,0.9050698,0.43648535,1.6197057,0.88138705,0.24077168,1.0480367,1.9725937,0.19218776,0.6626452,1.0501269,0.08493776,0.45462114,0.7124319,0.006583497,0.8649689,0.5818855,1.6011137,0.33215156,0.05255957,0.18773352,3.2085767,0.3208671,2.2959273,1.3667725,0.48801374,0.58382833,0.67676085,0.32844734,0.13425954,0.69378954,1.870975,2.0568953,0.64060843,0.35700876,0.9051644,2.5636673,0.14171344,0.2666584,1.6407231,0.74638146,0.6314059,0.90665543,0.4893736,0.10148527,0.45709553,0.36271736,1.3972249,0.53061485,0.7654279,0.04093457,0.6140933,3.4635391,0.6773515,0.07604173,0.5359536,1.1044581,0.6398676,1.5297222,1.1961036,2.8838432,0.88780904,0.17714134,0.66945904,0.27622974,0.31096208,2.1565652,0.20050243,1.0013399,0.21529968,0.0103411,0.341839,0.885665,1.0878445,0.27500013,0.7376251,0.54371285,1.015899,2.4730082,0.6033228,0.17260599,0.11935187,0.33193803,1.2791479,2.0535276,0.6811939,0.7000135,0.43687513,2.1089668,1.3606293,0.22290479,1.328703,1.6481638,0.18049249,0.51851916,0.38662323,0.82138836,0.27349946,0.031362377,0.83946943,2.0907812,0.012128255,0.87173826,0.73251605,0.48055756,0.22908778,1.8708274,0.32652605,0.41303805,0.169446,0.26744357,1.0465705,0.023345776,0.75142187,0.03221862,1.386476,0.20561151,0.21887259,0.23548472,0.76571184,0.91958135,0.093750365,0.868383,1.926316,0.59661424,0.4726279,0.48494405,0.57389593,0.6257704,0.81072617,0.77874374,1.6302176,0.7721583,1.4406302,1.491968,2.083652,0.32700053,3.0333273,2.1777742,1.0487009,0.51680994,0.5308793,0.37216058,0.51467615,1.1911509,0.699658,0.66218615,0.33942693,0.291376,0.4031993,0.11668256,1.2989014,0.19375283,0.041016217,0.11557317,1.9760686,0.30276054,0.8055339,1.214211,0.96266484,1.1951191,1.2787281,0.007798865,0.3997795,1.9388412,0.30853793,0.067144185,0.49011207,2.5663435,0.28085002,3.516807,2.377592,2.0056512,0.9290751,0.60594064,2.5038118,0.24651231,0.8398252,1.4900945,0.117308825,0.36472818,1.1901245,0.71393025,3.1839654,0.7158445,0.0341602,1.0892063,0.08745621,0.9237621,1.269634,0.4330929,0.09158899,0.18615197,0.11598457,2.7483296,0.07276897,1.3143536,0.508559,1.2703077,0.3997265,0.30552918,0.69917405,1.4690224,0.44725978,2.8278232,0.15455678,0.05713815,0.37248626,1.3709279,0.189349,0.9505503,0.32438323,0.3284211,1.3824338,0.53454167,0.06580448,2.096794,1.0746664,1.8336018,0.95902514,0.28215396,0.07189378,0.84954154,0.47761396,0.74252856,0.48503548,0.7784866,0.48081622,0.6391707,1.4882433,0.6003779,1.6145835,0.07752459,0.3563072,0.74302727,0.90128356,0.5224517,0.08013805,0.16927771,2.6505027,0.882511,0.28237906,0.015391781,0.2554427,0.14308357,0.19060498,0.30155024,1.608648,0.541363,1.4247843,0.3004791,0.32431945,0.6421344,0.55491745,0.7978284,0.9951088,0.44528085,0.7808178,0.11768872,1.109732,all_pothole_images\pothole_images_new_image_1249.jpg
0.6551455,0.44872227,0.1839585,2.0283573,0.23070444,0.51395625,1.2509217,0.44479388,0.41507113,1.1188327,0.09669886,0.72752404,0.025828013,0.5146716,0.07524123,0.04471009,0.08052434,0.60445726,2.921974,0.1468538,2.2899637,4.2536993,0.06344512,0.026466014,0.5050064,1.0507389,2.1820824,3.1429567,0.56258506,0.61230254,0.36956564,0.7269747,0.48151442,0.120106906,0.67237526,1.0299265,1.5457379,2.2579112,0.033643562,0.9330153,0.026295114,0.26421565,0.29734686,0.82780236,0.2997077,0.7256038,0.054688424,0.33785716,0.11035904,1.2724046,1.247186,0.9655693,0.60963434,0.23480397,0.32961044,1.7026985,0.65369654,0.68048733,1.1107966,0.17820549,1.4386023,2.3562825,0.17052831,0.051159658,0.54762864,1.4371929,0.48734105,0.11548548,1.488531,0.34671205,0.59272444,1.6148208,0.18577546,0.18625621,0.43657315,0.24121708,0.4562057,0.764438,0.17985392,0.19670178,0.3283179,0.028675752,0.025542343,3.552335,1.0621456,0.07644507,1.0604473,0.0031672558,1.7468619,0.14358413,0.008567488,0.3648266,0.02441265,0.68663925,0.36684793,0.059464343,0.47746456,0.5898272,1.1673528,0.69913137,0.083956145,1.707147,1.275369,1.5358531,0.26124257,0.016249234,0.3019557,0.30977738,0.17983407,0.0030586654,0.023109112,2.3618152,1.1103601,0.0,1.135352,0.0021220464,1.3019174,0.2793868,1.4136072,0.5555808,1.0298886,0.6224369,0.08996779,2.6330416,0.33706412,0.23588423,0.555346,0.97251534,2.402347,0.67377645,0.67932665,0.08707823,0.18021517,0.028253311,0.03382411,0.08224612,0.16520722,2.0020714,0.4217558,0.20105128,0.33076453,0.4139781,0.2148483,0.007206779,0.25302407,0.55375606,0.6265386,0.23669901,1.2266004,0.1207088,0.9085174,0.38982788,0.0,0.17821658,0.8734381,0.45673674,1.2565181,0.2674655,0.84009206,0.009872711,0.6626558,3.759669,0.04151375,0.6395908,0.3860708,2.0322032,4.9836645,0.401365,1.2299296,0.3346891,0.07310417,0.031109337,0.09091487,0.3586874,0.073060036,0.0,0.08600671,0.1425651,1.9960757,0.18353882,1.1927935,0.30143616,0.581671,0.73151535,1.4667063,0.7240418,0.0013861564,2.0467563,0.17270552,0.51928914,0.27684018,0.7265058,0.0013542231,1.2591234,0.0,0.0634277,0.039869126,0.3239198,0.9460824,0.12759064,0.37259427,0.2173333,1.7796241,0.56048995,0.49951795,0.038149863,0.27780288,1.2997062,1.1061623,0.96177983,0.08720167,0.10984945,0.8983172,0.32801905,1.204487,2.2302825,1.419904,0.3126974,0.577103,0.39659378,1.7599708,0.4409411,0.88894933,0.32480636,0.835017,0.9402461,0.3193702,0.0,0.60930705,0.85016435,1.973641,0.70106536,0.11498886,0.17017648,0.10568911,0.03996432,0.92593116,1.4118702,0.00855724,0.80743295,0.5234272,0.24372807,0.048670564,0.30309358,0.574069,0.6681815,0.20465177,0.03100435,1.4857647,4.775537,4.7376237,0.0,0.69561595,0.8185814,0.009476169,1.7069278,0.87619895,1.0244534,0.5327464,0.96901995,1.1072977,0.0030314475,0.27254677,0.5652795,0.09583792,0.042311173,0.29952604,0.30578905,0.42384845,0.2497478,0.3564695,0.6668046,0.0,0.033212017,1.3725296,0.43322316,0.23237298,0.032499533,0.79368514,0.69624656,3.4263082,0.060088523,0.12778275,2.3597524,1.6902004,0.3292285,2.2665596,0.9493732,1.5109661,1.0895368,0.021072598,0.6614658,0.293987,0.82946557,0.09846792,0.7949173,0.24627657,1.8550754,0.06339446,2.0162559,0.4006185,3.0054681,0.25687483,0.5529304,1.7279572,1.3690898,0.18528214,0.5852315,0.04017748,0.50305533,4.31727,0.38567176,0.8184664,0.50494075,0.22261387,0.40989062,0.63835907,2.2958665,2.734265,0.051385947,0.0,0.8484257,0.4578268,0.40101016,0.23134124,1.15492,0.5787562,0.022104302,2.144467,1.1696912,0.5781761,0.8993647,0.7144895,0.85770625,0.2418992,0.431715,1.7208472,3.3859227,0.0,1.3873574,1.2120267,0.3186554,0.8924156,1.4016283,1.5112962,0.07942952,0.3142723,1.2821696,0.71058047,0.8418137,1.0801724,0.55669576,1.8164217,0.20425904,0.100269586,0.22809125,0.023549493,1.9285289,0.15051183,0.20135772,0.14086026,0.54596347,0.12328848,0.9441061,0.12975273,0.033781216,2.8665116,0.24951655,0.010734208,0.016647816,0.38453135,0.18137394,0.19294113,0.5620795,0.720416,0.088679485,0.80636454,0.25158924,0.015575323,0.8398001,0.9156141,0.0,1.8838223,0.0931787,2.3648152,0.27904528,1.717562,0.083901495,1.378422,2.388802,1.9411138,0.030147992,0.06355939,2.4163368,0.13495922,0.0001703632,1.6175652,0.0,0.3165194,0.13516422,0.33457544,0.0043167905,0.1948047,0.7359657,0.45126355,0.0,0.0,1.7673402,0.23843285,0.13172783,1.0338048,0.033201095,0.002612756,0.270581,0.513383,0.13183789,0.80481386,1.0498798,0.20284565,0.7397182,4.547289,0.8951702,3.8514955,2.7841434,1.8840642,0.18800843,0.44521347,0.4838603,0.0,0.39825466,0.09384427,0.19288616,0.04279862,0.58936334,1.1621637,0.7827863,1.1716552,0.093536235,0.38840172,0.0117101325,0.06402728,0.5497339,0.17143409,0.7673444,0.2724728,0.0042502563,1.9217803,0.15221809,0.06572677,0.1333063,0.3268051,0.76711005,0.037405428,0.93095815,1.1556449,0.84049994,0.99048877,0.94304717,0.3943747,0.05799528,0.112009905,0.13157299,0.12540631,0.010189497,0.16329443,1.8706578,0.53090924,0.5086021,0.10404396,0.44560793,0.02286148,1.9073839,1.0770397,0.23569591,0.32345867,0.04192826,0.11577714,0.3991021,0.27877635,0.8347269,0.7229366,2.8805857,0.15554358,0.036127083,0.088044025,0.9591878,2.1388686,0.32469028,1.1470855,0.21065441,0.46780652,0.93966436,0.6907191,1.3134155,0.0,0.34628925,0.08350563,0.8477374,0.26167455,0.2922669,0.2978987,2.788601,0.30344862,0.44710198,1.1076618,0.4094534,1.39185,0.0035701427,0.7960691,1.7540606,0.38266867,0.13199255,all_pothole_images\pothole_images_new_image_125.jpg
0.49569616,3.1259027,1.5075765,2.026603,0.33652946,1.8749585,1.0362512,1.5985215,0.4077215,0.75503844,0.7916205,1.3754151,0.1647045,0.33435413,0.3752621,1.9984558,0.19070818,1.5359687,2.9126463,0.22803853,0.08217376,4.73931,1.1515352,2.0180855,0.15659875,0.39005497,0.10361454,2.3000584,1.7515022,0.77970415,0.38142046,0.048582125,1.7193761,0.10834505,0.5351121,1.0991142,2.45972,0.9887305,1.6529281,0.72538614,0.19709583,1.7022208,1.1171468,0.6337934,0.95039934,1.4781272,0.7727323,0.15245841,0.38819644,0.21774346,1.6167132,0.74922055,0.008756126,0.09798018,0.7203514,2.630391,0.62390137,0.5209032,2.1128376,1.3427598,3.7255547,1.1507918,2.1520343,0.19125976,1.1018779,0.5019423,1.4951706,1.5404778,1.0082761,3.7264373,0.022948356,0.59012103,0.6658294,0.19014473,0.57753074,0.89279187,0.51611376,1.6128995,0.035515103,0.51996255,0.85188943,0.24971272,0.5153989,1.3407838,2.2360702,0.217967,0.12968768,0.35798308,2.3385127,1.8120363,0.035098433,3.04782,0.28087056,0.1502875,0.249661,0.7233291,1.1006697,1.6630719,0.72747093,1.0423578,0.2351103,1.2851824,1.499805,2.7024322,1.8853974,0.25707242,0.3122337,0.63056386,0.82549906,1.4809042,0.9725988,2.6361442,0.5729322,0.11494313,0.6383574,0.93298143,0.9175418,0.45117712,0.07354911,0.7432424,0.2592128,1.0662205,0.24386388,2.6533966,0.7711074,0.7495184,1.4986923,0.34038723,1.5111045,2.0756826,0.3684686,1.0695913,0.3865673,2.076329,0.12143976,2.824502,0.41172504,1.4587483,0.098852515,0.4834323,2.0026355,0.6734754,1.3796077,0.7365967,0.98673856,0.68741554,0.21357346,0.50603,1.0975999,1.7789425,1.2701691,0.06606098,1.7286648,0.49330294,0.9165875,0.25960636,0.442377,0.46724907,0.5141741,1.0129045,0.27775127,0.73454624,0.42873514,2.562535,4.4964767,1.4017324,3.6997793,1.7342435,1.3731456,0.28681138,1.3355771,0.5039053,1.3678082,2.1697888,1.6103384,0.23219867,0.2453906,0.77983093,1.2161734,1.026703,0.5828639,2.1701617,1.2112734,0.076658666,3.696482,0.19851074,1.6489656,1.9035083,1.1152955,2.96144,0.43317413,0.27015615,2.3187296,2.846628,1.1208998,0.0,0.3756812,2.3841417,0.3825122,1.1620823,0.51163745,1.8961152,1.6628215,0.30197656,0.48355556,0.7810698,1.4738965,0.27488542,0.11186535,1.5499004,0.17070925,0.6544619,0.78493935,1.0608927,1.9829774,1.5592297,0.76128894,1.9349126,0.42230588,0.68433106,1.6517642,0.37912083,0.43733153,1.159636,0.121155515,1.9328438,0.33491695,1.4188379,0.4391191,0.46916494,2.3940341,1.7680866,0.08833532,0.2478374,1.5478928,0.0044280645,0.07152651,1.1688741,0.59182197,0.13482665,0.95255315,0.4935791,2.1395187,0.15380032,0.26835477,1.7158726,0.141576,0.08156621,2.7701895,2.299479,0.6283581,0.026267396,0.47217783,0.28356075,0.2713319,0.7164678,2.3630867,0.70175,2.0563624,0.9564209,0.7967032,0.002318268,1.6061411,0.48088387,0.81927115,0.79200065,0.92541003,0.47242686,0.45682386,0.5787328,1.0672836,2.3623292,0.116459064,0.20856746,1.2280371,0.65606195,0.31116706,1.5797666,0.6972204,1.4095224,0.49175695,0.24463095,0.19859253,1.9990636,0.79929453,1.2036204,0.8805268,0.42309594,2.8050866,0.023005545,0.96359646,0.50803864,1.6836346,0.88147646,0.8964428,0.23064838,1.445919,1.3620892,0.6893062,0.41675007,0.06950785,1.5282539,1.2468355,0.911121,0.02107684,0.3686002,0.004364563,1.1192924,0.4433413,1.071314,2.521364,0.7995323,2.8710597,0.6364254,1.2832884,1.218239,0.20525877,1.8906012,2.0896106,0.31690758,0.33505058,1.5468843,0.29792568,0.18863437,2.3795412,3.614028,0.27266565,0.15226068,0.4488887,0.3112802,2.8902743,0.52668685,1.0125228,0.48466834,0.29840058,0.00091251906,0.5902694,1.0113573,0.25787702,0.9834282,0.32272825,0.4654487,0.73863715,0.28752548,0.5744012,0.5909635,1.2948837,0.14758627,0.024017096,2.1033623,3.7663667,0.79842263,1.2066782,1.9058855,0.50381684,0.028160216,1.3953965,1.42756,0.2343709,0.45340618,1.7284739,1.7379583,1.9615419,1.4224133,0.5683062,0.5646395,2.5379407,0.47158793,0.9504944,1.4906667,0.49112383,1.9216853,1.2122526,2.5327284,1.5821315,1.7178437,0.10042665,4.0107727,0.043465756,0.7461248,0.36337095,1.9321558,2.3681383,1.8275014,1.8171786,0.21219565,2.337634,0.16774832,1.1938179,2.3879862,1.8917646,0.7607529,0.10858839,0.7001087,0.4469138,0.32259712,1.973284,1.172655,1.1878948,0.5375583,1.413979,1.3830149,0.6817586,0.9518515,2.0005782,0.20504826,0.8991629,0.9139088,0.06430884,1.3981258,2.7744236,1.6640472,0.4184292,0.7550359,1.1323353,1.3582363,0.43672436,1.4875165,1.919106,2.2018833,1.5617357,1.2404393,2.8847208,2.6475923,1.1772666,0.79678,0.21619913,1.7205648,1.7994167,0.26282674,0.009268626,1.6915807,0.1496167,0.9816803,0.60992634,1.9197073,1.284126,0.58132535,0.9877328,1.051495,0.37768492,1.4490267,0.8711231,0.9524438,0.14746417,0.2721522,0.5237224,0.76230013,0.67619354,1.1131883,0.28470165,0.5673415,0.7481847,1.7350711,1.3873205,1.7726396,1.4977949,1.210098,1.1108268,1.1635138,0.76691407,2.2428856,0.3984544,0.26979002,0.26764274,3.6696036,0.13750976,1.4574077,1.6700922,2.3770814,3.2107146,1.4375162,0.09041897,0.5116952,0.16590393,1.6946316,0.9144103,0.40359458,0.89844817,1.1086044,0.59055793,2.308699,0.26979446,1.0528644,0.28080952,2.649379,4.249363,0.42270535,0.99791133,1.3027649,1.5055249,0.82641476,0.8751848,0.77091557,1.1266927,2.433152,1.248344,0.8273478,1.070041,0.3857439,0.47056568,2.1302252,0.6039963,1.7251883,1.4937818,0.7286682,0.388183,2.3769672,1.5530015,0.82318884,0.80381167,1.2792284,all_pothole_images\pothole_images_new_image_1250.jpg
1.3380734,1.0183148,0.14792599,1.241654,1.4396118,0.5739597,0.5375753,0.16583754,0.8625459,0.95724154,0.80410635,0.06880947,0.14190125,4.247286,0.21195534,0.88607967,0.33228877,0.21616647,0.26282963,1.263097,0.98619795,1.0944358,0.59994364,1.0263946,1.0282874,0.69799024,1.6712013,1.3940055,0.5581345,0.48100516,0.29041287,0.19720154,0.051317245,0.6263731,0.32556292,0.1757578,1.67386,1.460139,0.356511,0.06507905,0.191384,0.9748531,1.5589839,1.5178124,0.54869497,1.4951953,0.55896974,0.19128326,0.6678744,0.061479386,1.8622448,0.2141229,0.03571832,0.09124976,0.6705631,1.0749903,0.9934424,0.21262136,0.030254968,0.2337141,0.3470047,0.56462276,2.7483552,0.62654966,1.7776238,0.30977026,2.4096825,0.030746007,0.57849,0.21460637,0.058890652,0.63063717,0.09486034,0.5829577,0.5912304,0.4204397,0.2517618,0.8403954,0.022830915,0.0,0.114437915,0.1732078,0.24457152,1.5649431,0.32921347,0.15555164,0.6511924,0.12794527,1.6187543,0.17861563,0.2855142,0.8991674,0.48661783,0.5384267,0.43773353,0.052411824,0.5105335,0.89529276,1.6836925,1.73809,0.13821393,2.1314726,0.16294162,1.3307058,0.39089727,0.6058074,0.14307477,0.077841945,0.0017649825,0.6603752,0.55606,0.30103955,0.17104149,0.3814813,0.35163492,0.6192327,1.2024853,0.024347419,0.7881117,0.28633568,0.03216946,0.2547601,0.97177285,1.0459256,0.14982648,7.068205e-05,0.4271431,0.4882177,3.899293,1.851577,1.3920176,1.1232097,1.5781957,0.19853409,0.9076948,0.51844245,0.99559027,0.5216931,2.5690465,1.2180616,2.4114704,0.33679852,0.28462252,2.4127085,0.040970545,0.2758,0.5311461,0.1403006,0.7458814,0.7344744,0.12885264,0.03205442,0.03271217,0.15503845,0.3534213,0.3010714,0.51408035,0.6686252,0.72728354,0.2184051,0.27705738,1.0746458,0.93241185,0.7562027,0.27035117,0.058706075,1.5852228,4.09829,0.70963997,1.1032648,0.15742335,0.029934613,0.70241493,0.17811596,0.25458136,0.7414147,3.699986,0.35230955,0.48438326,0.8841048,0.15073718,0.35829723,0.06379087,0.16770832,1.9407809,0.8732727,2.5194829,1.177641,0.036769632,0.31247616,1.5168167,0.48146927,0.32268775,0.10208137,0.08598307,0.37377882,0.45789623,1.0529349,1.4955939,0.16257884,0.06014325,0.48931673,0.9784496,0.60880303,0.22304441,0.7459577,0.26078066,0.40159786,1.8597236,0.14623255,0.05664037,0.09520326,1.8963579,0.77290916,2.6856408,1.0301099,0.9426344,0.37233597,1.4929739,0.053920798,2.0846884,0.039362017,1.1907139,0.004597947,0.056684542,0.053532988,0.5679006,0.060474906,1.6311984,0.12434518,0.2787853,0.70237654,0.32510585,1.1711357,0.20670515,0.72711694,1.1029147,0.69757575,0.09368909,0.20113951,1.8774333,0.009542223,0.03456235,0.897031,0.15657213,0.27381003,1.112905,0.93122816,0.4245082,2.6255238,1.8323923,0.067792915,0.024873687,2.791147,0.016955797,0.72304124,0.47811258,1.3240174,1.4020747,1.3975979,2.8871665,0.11020775,1.7363633,0.62747914,0.13552536,0.2082285,0.006656925,0.26321083,0.8898641,2.3090436,0.789065,0.3174746,0.33888873,0.67024446,0.073064566,0.33307412,0.82680154,1.3654786,1.6373901,0.22084862,0.90385205,0.2838241,0.45838115,0.20502242,0.22548656,0.52057874,0.6829721,2.1836615,1.7065694,0.6193874,0.052449416,0.008030099,0.998252,0.7880582,0.3265726,0.14634043,1.1160914,0.4994356,0.0,1.9151984,0.07594341,0.079228275,0.0006004944,0.2806875,4.090544,0.3951664,1.6739161,0.7492235,1.4289308,0.11192589,0.15974301,0.14529282,3.1501558,0.22328714,0.22720769,0.7768444,0.35314623,0.22171874,0.9014183,0.20904516,0.6372004,0.50179553,0.018075086,1.189923,0.8179828,0.19525144,1.4525402,0.4350455,1.6804161,2.3100383,1.265632,0.70410585,0.008803081,1.5450507,1.3400977,0.0052476646,1.9295015,0.34238946,1.1354066,0.026316438,0.19413346,0.40178287,1.7303066,0.47069964,1.7598807,0.10293849,0.16580391,2.0830317,1.7219752,0.5881407,1.2301887,0.6401144,0.042549916,0.82736653,0.57823265,0.5362778,1.9763672,0.79162526,0.17290424,0.87034655,1.5654829,0.26923135,0.1932567,0.33243787,0.24869138,0.7557153,1.5594859,0.49691653,0.3708158,0.6846663,0.2315821,0.1570431,0.29679263,0.3345786,0.6663456,0.211997,0.17020442,1.4592361,1.7733583,1.7637208,0.06988448,0.07202119,1.0267546,1.8346112,3.1772223,0.67064345,1.9222327,0.44172814,0.15048859,1.8667767,0.41508335,0.22087047,0.14287288,0.5089691,1.4404863,0.0743248,0.45024443,1.1366568,0.4042658,0.1276858,2.252539,0.28853533,0.56103766,4.5229034,0.98872435,0.08442186,1.5727465,0.32505044,1.4147329,0.8505792,0.011465542,0.7283647,1.2895248,1.7065121,0.4661723,0.57110846,0.04665704,1.7599213,0.2297775,1.2564758,1.0874684,0.10306326,0.31854483,1.5504916,0.6599457,0.46859404,1.2807716,3.8660762,0.2956569,1.138061,0.8094445,0.28516173,0.24824685,0.12773758,0.31115684,0.041200798,0.59662217,0.48850814,0.66941625,0.037066933,0.3900358,0.12113326,0.17043673,0.27629527,0.9514433,0.83159786,2.2333016,0.0069941385,0.82740283,0.11496347,1.917355,0.58821356,0.6807875,0.0700414,0.20456769,0.13502276,0.72008014,0.3364285,0.27242202,0.16504976,1.158658,1.3749478,0.52104264,0.3506619,0.8792791,0.518007,0.0010649017,1.3081685,0.7788127,0.10037198,0.17410366,1.1981305,1.0700126,0.3651545,0.39044625,0.0025214558,0.13218845,1.3642572,0.17832631,0.6880893,0.76537764,1.2027259,0.19043371,1.244045,0.5982141,0.07997166,0.8835943,0.21179461,0.48145172,0.63797873,0.14485022,0.5825153,0.55146855,0.12615378,0.025595693,0.16941853,0.77850187,0.6251003,0.05702846,0.69614977,0.2681708,0.9790576,0.3430017,1.0444318,0.44087872,0.71931005,0.6667171,0.1604614,1.5507548,0.744013,0.25437063,0.12838487,all_pothole_images\pothole_images_new_image_1251.jpg
1.2913587,0.4296851,0.18423235,0.96475,0.21347949,1.8966118,1.0463777,0.00044773787,0.781143,1.379533,0.14137001,0.00064582954,0.009399982,2.599851,0.0076497877,0.2690459,0.16499682,0.8977299,1.7907848,0.80185044,1.6084383,1.6095843,1.3760097,0.0,0.38580796,2.730053,0.08591128,0.55596,0.09703943,0.0736025,0.26222208,0.9613249,0.0020354048,1.2336748,0.021278413,0.93233544,0.27177072,0.8239063,0.8670655,0.3638466,0.04190003,0.8352907,0.03756716,2.6195428,0.65323573,0.48564953,0.15298283,0.06992558,0.13728258,1.1094402,1.4673244,0.70475113,1.7552058,2.081648,0.37091756,2.3192356,0.2535685,0.47314656,1.2112488,0.48349637,0.6241388,0.9301102,0.30708706,0.0002420594,0.96698916,3.1733947,0.56053865,1.4560944,1.67637,0.002857037,2.0267105,0.029856293,0.18568498,0.024027284,0.0002887927,0.0,0.56032985,2.0655923,0.08276063,0.036458332,0.42028484,0.16116682,1.7866919,0.33733192,1.1913843,1.1490164,0.19308639,0.031467684,0.26437178,1.2711622,0.1179564,0.39299378,0.022002842,0.727934,0.95014423,1.7580099,1.0839734,0.9541716,1.1560313,1.0387532,0.2655885,0.29774773,0.41286728,0.90671843,1.0276515,1.5113637,0.122832276,2.1528506,0.12130862,0.55300653,0.17201719,1.4209254,0.24579857,0.8668076,0.14952956,0.17436856,0.28228295,1.3183143,1.123601,1.1051958,1.5269641,0.15328145,0.5104128,0.7773313,0.79069406,0.7386262,0.95495915,0.9236235,0.912618,1.5264918,0.82735825,0.34565073,0.59216386,1.5028206,0.039802693,0.7500626,0.109554,1.8268784,0.59059906,1.2789696,0.003354938,0.22991705,0.47246593,1.5316031,0.38728043,0.03148674,1.4893087,1.9873532,0.47232652,0.8728547,0.9087196,1.4109569,0.76485693,0.13287547,0.69463676,1.5653149,0.2948236,1.6914614,2.5201967,0.5824426,0.13965109,0.6189195,0.15693988,0.20940492,2.1985116,1.3609875,0.4839863,1.2577143,2.1423352,1.263383,1.9208041,0.13069269,0.34858975,0.45822886,0.6735009,0.69038415,0.4314025,0.75928015,1.3897595,1.9715439,0.5700522,3.4665842,1.8415227,0.88121414,0.10919129,0.8801619,1.1967432,0.99396795,0.07531367,1.9591451,0.0,0.20325753,0.61413467,0.12438976,0.18050486,0.08073152,1.3687983,0.90913063,0.83836085,2.505063,2.009292,0.16796334,2.8781686,0.5033456,1.7517395,1.3555282,0.70365214,0.008646593,2.4760048,0.7633721,0.19351567,1.5547725,1.7949477,3.5544734,0.8575791,1.2355814,0.71538824,0.40457198,1.8931178,0.51484174,1.0075866,0.9192634,0.4808468,1.5631726,0.80308455,0.91362,2.753542,3.3861675,0.4018042,0.84134376,1.6156728,0.27588728,1.0709184,0.66748637,0.543326,0.14013503,0.91006243,1.8739642,0.4038528,0.31924126,0.0039412654,1.7952983,0.39359868,0.70884633,0.122514226,0.6806,0.19845718,0.59602314,0.48431772,4.301773,6.3937016,1.3446754,0.6874598,1.0999634,2.3586216,5.0024123,0.18896084,1.514583,0.92487,1.2109095,0.5207174,0.12328046,0.5059937,0.9417848,2.4614823,0.59693676,0.086726695,0.40875518,1.3161354,0.23406616,0.31775868,0.15453401,1.370398,0.5182982,0.06971087,0.17333248,0.16986644,4.185325,0.74338514,0.26316038,1.1615452,0.06386673,0.20671587,0.0076013906,0.2990352,0.008497795,2.114314,0.8180299,0.6827706,0.73996687,0.54034424,2.284173,0.06463399,0.056019537,0.3103807,1.45369,1.01429,3.7766328,0.91097414,1.3498039,0.65653837,0.83844566,0.21317147,1.625963,4.1499734,0.2631998,0.62597185,0.62921554,0.5564217,0.0013484498,4.8742657,0.24140933,0.45114505,1.2176433,0.65665627,2.1018693,0.77520955,0.03353676,0.4921102,1.0168065,0.12952319,0.0,0.33551803,0.4511683,0.36468646,1.1848323,0.25201833,0.26707944,1.2825202,2.6520991,0.20406167,0.05824659,1.2391881,2.3516917,0.7334236,0.55905616,1.2907709,2.4710705,0.9762854,0.0064909603,0.5250454,0.41563943,2.1470785,0.14058802,3.400313,0.50497335,0.062321603,1.2063226,0.661815,1.7802905,0.1397444,0.42135924,2.8058116,0.43667972,0.69723135,1.2154806,0.8246855,3.6432297,0.56920403,0.8167506,0.07571453,1.7674999,0.7689453,0.6475185,0.29313868,0.15491469,2.688621,0.0,0.020823415,0.0,2.2795656,1.2051638,0.6792193,0.21321693,0.34589493,0.002760023,0.9329128,0.5163812,1.986754,0.5444565,0.33234143,0.024284245,0.2459127,0.68994015,1.7776189,1.1292093,0.98122853,0.63841105,1.3044837,1.8167787,0.5845864,0.43887547,0.26862696,1.1746836,0.75620687,0.0,1.8835924,1.873164,0.3378118,0.24027094,4.7475777,0.3296064,0.0766581,0.5989177,0.39435944,0.24374813,0.3577211,0.95371294,0.30000857,0.0018663,1.3639623,1.3866849,2.1736896,0.23335573,0.011215252,1.1171,1.3860364,1.6202598,0.38508368,1.2807908,1.2258693,0.0,0.35515827,0.7465976,1.3181993,0.071969345,0.32750934,1.3904666,1.1095209,1.7275544,0.60012144,0.9173962,0.95830536,0.2220438,1.295147,2.239553,1.6903672,0.42266035,2.9009454,0.06232144,0.52726626,0.6563568,0.0,0.28093058,3.675212,0.0,1.715739,5.099876,0.009867025,0.94815,0.28996265,0.59844726,0.94065565,0.49880412,0.008761334,2.237273,0.2772497,0.026777538,0.24990273,0.716066,1.0427293,0.118494414,2.2645655,0.0,1.0438942,0.09320133,1.5520495,0.8862742,2.4778116,1.6301842,1.9053123,0.1138396,0.60893476,0.010490379,0.37496692,0.41109422,2.6320314,2.6773405,0.7780004,0.13679434,1.3906138,0.42803416,0.64446115,0.6443597,0.38161904,0.476087,0.22851649,0.14147303,1.7575347,0.039760973,2.4916685,1.9872692,0.047944807,0.5850279,0.0007346285,0.846689,0.01561711,0.02795064,3.038205,1.136433,0.10043255,2.985358,1.5998933,2.1573236,1.3711357,1.4634224,0.7386244,1.1512746,0.7536962,0.07611698,0.53100777,1.0439501,all_pothole_images\pothole_images_new_image_1252.jpg
1.0958651,1.707548,1.7757778,1.1802334,0.38424638,0.42838013,1.323713,1.120522,0.52706194,1.930522,0.6131929,1.7093481,0.5403427,0.0952858,0.053768624,0.98869306,0.33204377,0.08259268,0.5941826,0.64761776,2.3292053,1.2885138,1.4172637,1.7496612,1.1118922,1.4131217,0.23408851,1.9751985,0.09250514,0.7751811,0.3321351,0.46427402,0.046029568,2.1189218,0.86384827,0.36599222,2.2866933,0.43797466,0.10558375,1.1077309,1.056895,4.756591,2.5800083,0.29434738,0.08536113,1.6966492,0.8157104,0.57923126,0.35760158,0.18258433,0.01074636,0.5944863,0.7373413,2.1773758,0.86213136,0.6276059,2.810079,0.1724741,0.5332369,2.088814,1.2193207,2.0164967,1.7792542,1.8376521,2.203486,1.1321481,1.2837192,1.2807187,1.2284882,1.4775395,0.274419,0.59739727,1.4773307,0.36110958,1.0031018,2.1498606,1.0375503,0.3380107,0.4476227,0.3074701,0.43799493,1.9191326,1.9431491,1.6930467,1.727674,2.0639732,0.17379293,1.0271974,1.5392827,0.5427322,0.53382844,1.2211059,0.10447928,0.11637381,1.2122762,0.55146086,0.42940843,1.6171222,0.79364,0.6775772,1.5682467,0.19175759,1.7771086,1.7260414,0.4959178,1.0555804,1.9262412,4.6151533,1.0526254,2.838242,0.7770862,1.830016,2.0892367,0.75661576,0.5804209,0.96508867,0.3412581,0.73067,0.9278357,1.5561148,0.3057917,0.34336028,1.159628,2.5255682,4.00308,0.4385077,0.3443894,0.18046658,0.7422504,0.6637887,1.2324117,2.5918565,0.12108351,1.5659648,1.4757042,0.91277444,0.3047108,0.47508356,0.11057835,0.40094647,0.96093655,0.83629686,0.8117795,0.097955965,0.27699086,1.0424194,1.2362118,0.68717074,0.5354701,1.4827672,0.8757865,0.05594036,1.5686111,0.0,1.0722789,0.5670727,0.8695445,0.38363373,1.6126783,0.007592683,0.71618885,0.3380573,0.4689699,0.17112283,2.624966,1.3895956,0.89615864,0.15971737,0.9805952,2.1127024,0.36503285,0.90105766,0.2953222,0.57324326,0.88117933,0.13754034,0.5371557,0.9667264,1.1236734,0.025259169,1.7486465,1.4423692,1.0066532,3.3650002,0.67097074,1.1703786,2.1103103,1.9211876,0.067384765,0.48906013,0.6097347,0.71989113,0.0,2.7627447,1.4184905,0.3873001,3.355477,2.9226484,1.6356696,1.2229043,1.2440828,0.6306058,0.77595705,1.5366213,1.4548825,0.14385481,0.9019234,0.018580174,1.2190274,1.5170624,0.34866676,0.9288913,1.0969089,2.4464812,1.7743139,0.8040762,0.6366493,0.020681042,1.2718898,0.5419671,1.3941523,0.39980793,0.5570674,1.6646531,0.83288664,0.23619188,1.645393,2.6756458,0.7983785,2.39294,0.6824204,3.284719,1.2408284,1.6502526,3.5772822,0.5103045,0.024290692,0.2658497,1.6332858,1.1016796,0.6762373,0.9668778,0.75326544,0.36640334,0.12213629,0.25315964,3.1101024,2.1582599,2.208301,0.28031674,0.46823937,1.0009954,0.38043243,1.2332886,2.818991,0.004279119,0.5781716,1.5216498,0.27631453,1.7056607,0.1299057,0.9249611,0.5257682,0.82065886,1.116165,2.4848256,0.656216,0.14831237,9.35901,0.027720533,2.2576115,0.08111246,1.6649939,0.07273861,0.46943405,1.503462,0.581105,1.1907542,0.22178072,0.48249206,0.52739,2.074889,0.7359588,0.0040922463,0.45321617,0.8162649,1.9845718,1.9296011,0.97433233,0.9694214,2.6899865,0.25606644,2.0672567,0.61217296,0.96810275,0.6518823,0.94101906,0.43192703,0.9224808,1.0397269,0.17216145,1.1347997,0.683551,2.741381,0.8448027,1.3685099,0.5128659,1.4819082,1.0528253,0.86467826,0.5692806,0.6862371,3.8261886,1.6477994,0.15345517,2.8953848,0.19113502,1.4084218,0.67104286,0.09275215,0.8145536,0.62210894,0.101307124,1.3788785,2.116194,1.7159374,0.73286855,0.1732941,0.3859593,0.6342164,1.1469454,0.15745156,0.38985434,1.7934526,1.3973727,0.49470928,1.6874489,0.627867,0.7674732,0.421917,1.1132822,1.8541774,1.8500979,0.10219417,0.28429088,0.1650012,2.3870692,0.43299323,0.050823566,1.9719473,0.79972,0.4260427,1.6348654,1.0519563,1.2244871,0.49511102,0.78180414,0.25517347,1.3560544,1.3350189,2.834751,1.1305816,0.91951877,1.5964813,0.69484615,1.6978934,0.23015837,1.5417812,0.00693942,0.8084443,1.3740144,1.7005898,0.15310271,0.055232227,6.04232,2.6921651,2.6525822,2.3630197,1.1558931,0.023937337,2.0548177,1.9706794,2.4452646,0.6919378,1.3846116,1.2414556,1.635279,0.062197167,0.33875126,1.4201255,0.5734479,3.6047387,1.2798827,0.40158758,0.044863842,3.1009023,1.4136978,2.0546918,0.9131506,0.15852502,2.2601705,1.694983,1.6064932,1.5973569,0.03425447,0.48416054,1.2885281,0.39421177,0.25575778,1.354015,0.7595106,0.71450424,1.6757823,1.3590801,1.092741,2.179661,0.6389585,0.803338,1.3385922,2.9888027,0.67528224,0.8567975,1.0565594,0.93824196,0.70460695,0.41536114,2.1501615,0.12216476,1.0690286,1.3744757,1.0978724,2.3751037,0.4861149,0.36641106,0.37082115,1.664936,2.6504784,0.13744436,3.9348624,1.5814061,1.6785748,1.8184484,1.2336283,1.837339,1.2126896,0.009911737,1.3030443,0.77772903,1.1483992,0.21957062,1.6142056,1.270727,0.28032288,0.35606295,1.46617,1.0701225,1.3579979,1.425659,0.0055242847,0.006677836,0.42719817,1.8559927,1.5120336,0.7408766,1.3768622,1.2203715,0.38737893,0.5004239,0.53299326,1.6759399,1.2932875,0.6496682,0.84378827,1.255797,1.2630663,1.4082017,1.4126633,0.6546229,1.537475,0.90220517,2.4889805,1.9101648,3.4865105,0.16287412,0.12724529,1.8599423,1.0622449,1.1808834,1.8531258,1.0838746,0.2674919,3.104,0.16138823,0.007806234,1.1060324,0.031686656,2.0870697,0.41875932,0.54799473,3.8378458,0.5307953,2.2626078,1.254428,2.3072207,0.6698855,1.2481784,0.66710055,2.3155866,1.5642111,0.6217133,2.3447814,0.18287851,all_pothole_images\pothole_images_new_image_1253.jpg
0.23154488,0.7809553,0.17065024,1.2941316,1.2261385,0.061948687,0.24110954,0.052042086,0.052522805,0.8592211,0.2308095,0.12016656,0.5000161,2.0743976,0.36344585,0.7920081,0.0061688623,0.5195793,0.41541523,0.53089225,0.6998523,0.9237206,0.9453808,2.114451,1.3674475,0.7298336,0.27774605,2.1050942,0.66674536,0.25067317,1.0618927,0.42657918,1.0490459,0.83542234,0.7366093,0.41712588,1.1106818,1.2733877,0.16379169,0.28429493,0.35472023,0.18492262,0.7760086,1.8502063,0.3982139,0.4865218,0.08676036,0.01591407,0.12079018,0.12297522,1.0143967,0.32454163,0.920209,0.4305226,0.15382293,0.5645751,3.7694318,6.9529575e-05,0.6596251,0.28712317,1.0149908,0.43412656,1.8808625,0.74236226,1.0020701,0.64445734,0.2830561,0.014708198,0.4020337,0.16892052,0.42296955,0.6620534,0.09570495,0.78793776,0.90693206,2.1660688,0.118830904,0.39162698,0.048803635,0.2803261,0.18320785,0.86768353,0.043633703,2.1005523,0.17809127,1.2425798,0.18615337,0.00041105167,3.2854445,0.028843204,0.3213123,0.14201361,0.016487379,0.5420936,0.07491404,0.0,0.5924423,0.35810268,0.15089412,1.6633817,0.05292193,2.755837,0.09717659,0.0,0.709685,0.5161206,0.17777844,0.7510896,0.12441121,0.5830856,0.15082572,1.0105664,1.1696113,0.29777056,0.6282394,0.8444326,2.35609,1.3058869,2.0676622,1.1353716,2.3704681,0.66472775,1.1842057,1.1218771,0.86825085,0.754669,0.120389014,1.6631488,1.6111462,0.7046875,1.3557299,0.061075408,0.7965719,0.6371095,0.04087608,1.4648272,0.38020685,0.9311961,1.5417669,0.40378734,0.46050885,1.4159276,0.11063891,1.5978262,0.9309377,1.089967,0.24268647,0.3523772,0.95432794,0.4802399,0.36344394,0.362792,0.042579494,0.13481234,1.4028716,0.66866463,0.51859426,0.60318154,0.13958523,0.47968408,3.4112103,0.62734663,0.16222747,4.224598,0.18103124,1.1672456,0.22364955,0.8320328,1.4313445,0.42244703,0.30722973,0.5636757,0.13858156,0.97481537,0.32530847,0.11441436,1.6794246,0.13124272,0.02899001,0.0072731003,0.35346532,2.3135395,1.759873,1.2360326,2.3996248,0.34120318,0.48195648,0.31965008,0.03601062,0.27348924,0.31324792,1.2995881,0.06027155,4.0706763,0.12528645,1.8679383,1.1532102,0.44542363,0.77647406,1.0182287,0.51192355,1.6419389,0.9156838,0.9285281,1.25772,0.21853404,0.6014875,0.4011042,0.49704444,0.10297121,0.57736975,0.2164638,0.37189516,0.4483822,1.9034934,1.5335792,0.9324813,0.13611649,2.714629,0.22619726,0.70203245,0.0,0.19866982,0.07835226,0.06137104,0.5814766,2.204844,0.77476454,1.4831599,0.4131597,0.11640063,0.33015576,1.2437512,0.08286051,1.209511,0.02468196,2.4710195,0.1813508,0.050730933,0.33169568,0.3702802,0.04496934,0.9079468,0.89941466,0.13884377,0.009197855,0.8019747,1.2872958,0.5587019,3.6605163,1.2819467,0.099561825,0.38522816,0.11483445,0.1486995,0.3936535,0.6724933,0.096190326,1.0142401,2.8538043,0.11602775,0.6310972,0.65233666,0.56760406,0.41523525,0.79427624,0.59173506,0.28431618,0.58582413,0.9667898,0.086566135,0.097339,0.66115797,0.10875881,0.60982025,0.85849226,1.2235725,1.3112615,1.3240165,1.1518784,0.060383834,0.55832416,0.46218723,0.9590086,0.5774962,0.5686956,0.41778508,1.7801348,1.7780789,0.24039976,0.9320712,0.4349978,0.11487116,0.34573963,0.13870129,0.18867819,0.16304524,0.24624886,0.14599456,0.63602984,0.98214453,0.44786808,0.21209095,0.03736498,6.2332406,0.24334745,0.5928967,0.04222048,0.70951307,0.40364727,0.51016426,1.6300156,3.6051629,1.623731,0.03168339,1.1791447,0.023706678,1.0029578,2.1841397,0.63865614,0.37129897,0.53296834,0.06032302,0.3463559,0.75331956,0.37248233,1.1829292,0.7631568,0.006414773,1.2071235,2.33507,0.02053943,0.054344844,0.53035223,0.2334593,0.64232004,1.0059979,0.5716799,0.20588101,0.34016705,0.3030959,0.9355879,2.0090184,0.14229134,0.3412598,0.0,0.57476485,0.48435748,1.0944747,0.5863524,0.031183783,0.38201487,0.4365521,0.086923055,0.20624189,0.104686655,0.09560092,1.412189,0.25256708,0.62821597,0.096935205,0.07437349,1.0650996,0.7632341,0.053533737,0.44134787,0.7568367,1.7932636,0.091506965,0.56282806,1.7624189,0.5885016,0.15811552,0.10798154,1.1127553,0.512111,0.017133296,0.12677576,0.31531897,0.7527949,0.45960876,0.0148656685,0.020151371,1.0515937,3.5628254,2.0476441,1.6718777,0.011521276,0.0059367805,0.9857542,0.6123792,1.7734365,0.018598782,0.041433636,0.1833746,0.07064879,1.3234589,0.6061697,0.7494296,0.1021076,3.225599,1.5037314,0.6341042,1.1609495,0.025713995,0.37126502,0.7888593,0.121213794,0.7858889,0.040417165,0.76921546,0.14274399,0.24343011,0.12749872,0.14129874,0.7900434,0.50343555,0.5559368,0.17429908,0.050825603,1.7391133,0.8611439,0.8539564,1.2182822,2.2838764,1.3720174,0.99185264,1.8771088,0.733735,0.9395568,0.48379174,0.58688504,0.32882005,0.46969914,0.30551437,4.1069922,1.1078262,0.97318536,0.13785864,0.900456,1.2199892,0.88478553,0.23628873,0.1887356,0.0,0.62544227,1.2025212,0.4834591,0.63992035,0.2889336,0.6104648,0.5180969,0.45692092,0.5011094,0.732205,0.34682158,1.3969489,0.5898517,0.27359065,1.336877,1.3331695,0.11683098,1.3505114,0.20869951,0.22486165,0.19589107,0.39464307,0.0,1.6029395,1.585069,0.48594323,0.6475443,0.4905126,0.76425856,0.6627782,0.11200193,1.0930504,1.3878232,1.1816695,0.0,0.42485788,4.4006433,0.984917,1.1422486,0.0,0.6535726,1.1501896,0.36075357,0.6926268,0.2131592,0.049986765,0.5679305,0.015646016,0.35771993,0.11142096,0.07255233,0.34820232,0.057849027,0.08431763,0.30056798,1.4577651,4.413964,1.6376675,1.105395,0.48371118,0.23516607,0.120340936,0.49635392,0.31141785,0.42222735,0.6635813,0.58647436,all_pothole_images\pothole_images_new_image_1254.jpg
0.12632486,0.026630072,0.7392756,2.6668797,0.19258527,0.012646239,1.1523588,0.46988302,2.0513167,0.4034414,0.6876814,1.075529,0.19340223,0.8629088,0.0062107197,0.6637385,0.40077123,1.8375748,3.3381138,0.35130525,0.31128722,0.0233606,0.44593507,0.07832648,0.563739,0.23186247,0.2368282,1.1087371,0.0993099,0.049829967,0.011873092,0.18056624,0.14215697,0.8513382,0.19675618,1.6315706,0.063893355,1.5422766,2.097741,0.0427777,0.0095399935,0.46606046,0.779657,1.12061,0.1490715,0.68228036,0.5520979,0.1651097,0.0,0.93676203,0.4983466,0.78167,0.00083567423,0.22139081,0.8909762,0.82419026,0.14907257,0.14973876,2.5886705,0.6099225,1.2773712,0.28749973,0.017568117,0.06596328,1.6148051,2.4476962,2.1561964,0.20767704,0.3660637,0.27281246,0.84563977,0.07521452,0.027248615,0.021228937,0.30555397,0.0,1.2885671,0.0819158,1.3517923,0.8410786,0.00044046616,0.2404002,0.8534256,0.6531177,0.21453498,0.8575799,0.41671994,0.44218457,0.030362885,0.2176466,0.4462794,0.35763144,0.010374469,0.37426916,1.8156768,0.26330265,1.5520864,2.108419,0.105960734,0.84243447,0.7766351,0.7459947,0.21709153,0.9596118,0.97687924,0.17999537,0.29735237,0.112910524,0.0,0.16680393,0.016303942,0.14707206,0.26423422,0.08778136,0.19524704,0.02001949,0.0,0.18886822,2.4455607,1.6305401,0.2383589,0.0,1.1081859,0.70882064,0.74313134,0.7100917,0.9829237,0.6791019,0.32354242,0.27167305,0.8087714,0.77327114,2.6940513,0.0,0.08957367,1.2058123,1.8532621,0.064389005,0.073516525,0.24794587,0.64591545,0.15060024,0.36194202,0.009510189,0.7756882,0.4720314,1.3610094,0.7259351,0.057273667,0.28280067,0.6432027,1.999307,0.1395687,0.020109497,0.6352662,0.7294699,0.42530224,0.0,0.60234976,0.051162675,0.6566354,2.0139744,0.14615713,0.14966655,0.3102444,0.0,0.06243801,0.07698199,0.0049568256,3.2822652,0.25236967,0.19330674,0.0010928183,0.57154536,0.66981196,1.060943,0.052028935,0.025933024,0.87891984,0.5625467,0.7581177,1.1620617,0.009522349,2.8091393,0.5412861,1.0414261,0.30654988,0.6580104,0.019764835,1.1577523,0.13646348,0.6728933,0.34815955,0.23577915,0.9659961,0.3008938,2.5444257,0.6665478,1.3044026,0.17957033,0.83140856,0.40895823,0.036148883,0.26798463,0.15445209,0.23998053,1.256975,0.3074434,2.9341292,1.6874741,0.2093799,0.5736201,0.4336783,0.15382461,1.692508,1.0939628,0.6492748,0.16467424,0.5681954,0.85688704,0.36353076,1.3402635,0.08440364,0.59987396,0.001164749,0.25661048,0.49130693,0.18421838,1.3323288,0.73531574,0.42181522,0.4939217,1.2069361,0.08882618,0.07722178,0.1485926,0.44023302,0.28747243,0.041989032,1.4000409,0.04203881,1.0057764,0.22808084,2.1790397,0.007923513,0.0,0.8023248,0.2523886,1.7934644,3.5483267,2.2299795,0.1610916,0.0,0.63707924,0.013142145,2.159517,0.009614024,0.63423955,0.08406518,1.7384616,1.2304965,0.22045001,0.6371405,0.15313162,1.1304362,0.6981688,0.6274575,0.025800033,1.8381091,0.8917306,0.08416574,0.6548553,1.0398599,0.26987946,0.124362774,1.1353201,0.2255096,0.034017492,0.53135484,0.43711275,0.10086764,0.7739802,0.06535447,0.101795524,0.025642317,1.4633209,0.8539966,0.27050003,0.6642967,0.08577803,0.01130438,0.04997678,0.24005315,0.20555204,1.0813744,0.2241532,0.085494265,0.51031566,0.32224953,3.4564333,1.7309399,1.7684008,0.77895725,0.018301316,2.729812,0.08997708,1.447726,0.8653059,0.04772946,1.3105983,1.0407608,0.12623653,2.8447623,0.9039034,1.1037004,1.5821958,0.13914953,0.94231975,3.2902377,0.0008024762,1.5493912,0.07009388,0.8151423,0.271388,0.5876223,0.7022926,0.29084504,0.0,0.18165204,0.03381166,0.6834817,0.19096453,1.0219544,0.9751642,0.7648588,0.48662886,2.1697218,1.4441183,0.79138243,0.029450348,0.07288743,0.016862882,1.7424334,2.4105132,1.2016646,1.6553209,0.16100149,0.9672653,0.8205119,0.72307557,0.016714456,0.17201898,0.035539888,0.00018823128,0.0048514646,1.0631416,0.35436165,2.4621634,0.058339786,1.0260396,1.5925565,2.2864702,1.1021302,0.1322405,0.66332173,0.072546415,1.2296677,0.7931491,0.3638202,0.32901508,1.0073218,0.4755,1.1211686,0.32286027,0.0,0.35213104,0.023404282,0.336091,0.5615021,0.30696794,1.5819917,0.73438513,0.8644549,0.8198457,0.17203377,0.005939092,1.091282,0.3911493,0.23082475,1.4998993,0.89202356,0.05128896,0.18944702,2.0153916,0.06945428,0.10382625,1.7078441,0.030758366,1.5043867,0.006132854,0.4565675,0.14268544,0.018488452,0.4590545,1.918442,0.005438678,0.7462133,1.0127357,0.3473786,0.0,0.6776546,0.024311751,0.19772387,0.9757336,0.0,0.22865741,0.24039587,0.3329689,0.69506645,0.10543224,0.6362918,0.9769967,0.0,0.88984025,0.025004348,0.028830508,0.32042027,0.19839619,0.0,0.040275775,0.03628227,0.17905828,0.1798302,1.2734717,0.5146792,0.19070956,0.3098348,0.03522088,0.0042391797,0.3122309,0.9171636,0.095451266,0.17653067,0.22522451,0.79551464,0.0,0.35330465,0.116104804,0.18212801,1.2288824,3.2876718,0.561168,1.767944,0.29216084,0.102208875,1.235827,0.0041680485,0.005212921,0.48463532,0.94971216,2.1414952,0.37859002,0.95094585,0.019650351,0.17623633,0.7357243,1.3999304,0.15697692,0.09961424,0.72277254,0.25780913,0.9829891,0.010152163,1.4256812,0.34989858,0.011739561,1.1377405,0.4193149,0.62527734,0.07148519,0.41645026,0.015233878,0.8860128,0.10173945,0.9940964,0.18431288,0.07454714,0.47312045,0.9351354,0.06905995,1.8443509,1.9277916,0.10108569,0.45805708,0.23048683,0.01714826,0.007125302,0.46038187,0.06940368,0.4990478,0.53317904,2.4215667,0.19140415,0.105541654,0.6978913,1.0725267,1.5903429,0.1927405,0.37568888,0.34834212,1.4678868e-05,0.025689682,all_pothole_images\pothole_images_new_image_1255.jpg
0.7588893,0.6906963,0.34097937,1.0089746,0.3431586,0.24159358,0.5229164,1.059996,0.11088052,0.99606055,0.077883825,0.28694412,0.9621878,0.7538653,0.0,0.51712984,0.189227,0.8536709,0.47023636,0.23501384,0.70666844,1.3213412,0.22671127,0.8948649,0.59471357,0.44467047,1.0231738,0.7316267,0.028246831,0.028566107,0.17559955,0.39952102,0.7688473,0.7366303,0.24268967,0.9655808,0.36797503,2.2038403,0.0,1.0079548,0.08802006,0.0,0.19414115,1.3075154,0.09035387,0.8599598,0.5417575,0.0,0.9619715,0.9923155,1.3371854,0.24950302,0.53002274,0.3696587,0.27515715,1.9544711,1.964769,0.5889869,1.0021029,0.0,0.355945,0.50745946,0.4430153,0.05857483,0.4830183,3.6097455,0.94648504,0.0405997,2.440319,0.24045172,0.2379382,0.4912754,0.042988673,1.2455101,0.56969684,0.0,0.36680487,0.34889928,0.010432002,0.0080675185,0.03209717,0.0023827218,1.4297262,1.8110282,1.5219032,0.40393937,0.1154656,0.19479504,0.7716108,0.82984084,0.35862815,0.02443119,0.007818373,0.57066613,0.13017611,0.7673871,0.58793896,1.4569439,0.867346,0.21963347,0.0683274,2.6705692,0.48983654,0.30009085,0.26272738,0.726329,0.1352755,0.6119402,0.01122334,0.3170234,0.061202627,1.95515,0.08099275,0.58146864,0.20025782,0.022231732,2.8540525,0.44847202,4.26905,0.65148646,1.7137105,0.8135451,0.8205248,3.0553339,0.6721973,1.5759327,0.17533337,1.8964922,1.1504114,0.31248844,1.2473022,0.002692175,0.091794774,1.1048766,0.17028512,0.60244834,0.41550818,1.2849294,0.54702455,0.22318661,0.9442159,0.055541556,0.79405797,0.4041922,0.0176609,0.46943542,0.3724901,0.17865856,0.84659207,0.35301423,0.1321242,0.463028,0.33295953,0.053838942,1.3506846,1.1450037,1.533151,0.73628765,0.94074214,0.2814836,2.1741679,1.7666256,0.016588742,1.1900665,0.09125865,0.47070467,1.7312613,0.425788,0.8807944,1.0471196,0.010823155,0.40294144,0.10016371,0.34568116,0.60113466,0.59042495,0.12853472,0.07038478,0.2329692,0.13447462,0.41893354,3.716349,2.7004569,1.8365092,1.2612675,0.69605035,0.4250116,1.1259104,0.98695236,0.17152083,0.0860852,0.21203671,0.21667261,2.0964534,0.13180323,0.5885563,0.6782344,0.71122724,0.29372674,0.33824414,0.048972975,0.9571576,1.2618667,0.24437238,2.8864198,0.12562591,2.0836642,0.125983,0.9196623,1.0992012,0.16783863,0.09799923,0.88087016,0.542566,0.3239085,0.795719,1.1529875,0.25812826,0.075980894,0.03155314,0.1419374,1.2863812,1.2071594,0.2863023,0.059746996,0.46296683,0.75991476,1.3693779,0.4450304,0.2579183,0.012707222,0.18798183,0.7748478,0.3879603,0.03981929,0.0037708427,2.0248404,0.111262076,0.00014737781,0.21600075,0.30724123,0.10383117,0.18719082,1.2696059,0.36754256,0.10778548,0.44653046,0.15017241,0.3078019,2.6743248,2.5499103,0.3804263,0.32857266,0.0005794874,0.43401602,0.8901946,0.69001245,0.07152315,0.6200271,0.95321184,0.6252393,0.53504235,0.17368552,2.0148141,0.6271562,0.58882546,0.2871763,0.6093415,0.3340575,0.81824243,0.39358425,0.22908491,0.017776938,0.1793817,0.5918102,0.53841066,1.3239111,1.2836603,0.18700853,0.23690933,1.2305181,0.30100095,0.30554026,0.07586724,1.1590044,0.6841157,1.6861188,0.37234816,0.36346298,0.7333545,0.2744699,0.0,0.69077885,0.35620233,0.41589406,0.14520442,0.45216343,1.6794511,0.34046406,1.2369432,0.3603553,0.34466165,0.08835059,0.33990532,3.529787,0.7657619,0.09399786,0.24696244,0.026031617,0.13548611,1.5820717,1.0210795,3.7395837,1.2592828,0.21293946,0.22574516,0.009917408,0.40118185,2.0826235,0.00046271205,0.7825842,0.0,0.57589024,0.2224644,0.62187994,0.7678492,0.58814275,0.104507655,0.22996886,0.031088874,1.372583,0.5238141,0.0,0.003931736,0.052217394,0.6164131,0.39752242,0.010204931,0.7293699,0.29887477,0.1898734,0.4094747,2.0085795,0.050669037,0.20944643,0.3894661,0.06619417,0.04739212,0.04567123,0.6713057,1.153612,1.1275871,0.3372036,0.06605439,0.0,0.57309633,0.21383499,2.550446,0.80974764,1.2018167,0.66117996,0.16102013,0.34981412,0.07093058,0.024348425,1.3139119,2.1561193,0.18616368,0.6016802,0.24975942,1.9188911,0.5373117,0.77977407,0.18784535,1.3419186,0.68689454,0.10065895,0.025432643,0.80380106,0.9555807,0.69794726,0.017630395,0.6627261,0.32804248,2.2357783,1.9719845,1.348516,0.031044152,0.50621283,0.32360756,0.20217444,0.31251708,0.0065476904,0.17285348,0.10131013,0.12413099,0.94444203,1.2224844,0.98605067,0.23459087,3.6585534,0.5871497,1.2449163,0.6596486,0.3930149,0.092755444,0.14456268,0.5743658,0.0,0.13599223,0.8426108,0.26320326,0.17758346,0.26861435,0.0019180909,0.0659241,0.14442343,0.35626766,0.78757024,0.39530042,1.6691719,0.24572192,1.3870718,2.7215426,0.8243866,0.032125935,1.170132,0.51974416,0.00021565569,1.22095,0.36644515,1.1301067,1.8511888,0.1980954,0.38746807,1.6713701,0.31687626,0.68772197,0.25355995,0.89411914,0.42113596,0.43773428,0.51278585,0.60088956,0.6275889,0.24278605,0.62947696,0.29428568,0.8061404,0.28618616,0.56381416,1.2579728,0.26398736,0.91922045,0.49600387,0.9918457,0.078274466,0.22351412,0.8642825,1.2391781,0.54588914,0.6973077,1.1389285,0.51197606,0.54892176,0.7544933,0.16315825,0.05281724,3.0209649,0.1585046,0.074970976,1.2887563,0.2834441,0.6399143,0.22744331,0.0280908,0.09335955,2.2750752,0.032781344,0.039220866,0.23294443,4.744727,0.6327668,0.19847222,0.0,0.31502017,0.99109447,0.092247754,2.118722,0.2574817,0.484904,0.059379086,0.060944594,0.35907596,0.3686507,0.010443614,0.034370914,0.32471278,0.6684156,0.053083185,0.51759744,3.645223,1.3879117,0.62145126,0.6360594,0.15627457,0.16180846,0.12230392,0.70707107,0.13209178,0.6064106,0.114883706,all_pothole_images\pothole_images_new_image_1256.jpg
0.12497629,3.2832515,0.60647506,1.1961182,0.3815117,1.1756146,0.18525685,0.39040336,0.8106266,1.614017,1.1707188,0.5477603,0.11926466,1.1796663,0.555951,0.3398038,1.8172445,0.5888488,0.27133533,0.53487504,0.17014818,1.0417879,1.1541969,1.3144419,0.3158165,0.6809128,0.30458593,1.759965,0.46362808,0.5604358,0.93913233,0.063584805,1.4075938,0.82801867,0.9562101,0.095542684,1.5331824,0.049082156,1.8225683,0.46484023,0.32161883,1.1815634,1.0338706,0.0032066295,2.446975,0.28354046,0.37384638,0.08826852,0.9261463,0.26146543,0.34720665,0.5354717,0.04985849,0.6692374,0.28871807,1.338823,0.9558618,1.4467559,1.3624457,0.45421568,1.1171817,1.5842755,1.187759,0.92196894,1.2422099,0.61439055,3.1730094,0.31433693,1.8417921,0.13126191,1.4919144,1.0950001,1.6661826,0.3972788,1.1810457,1.1953274,0.012216456,0.37140217,0.5358556,0.9057671,0.16316369,1.2084333,0.6891798,1.2288113,0.82028645,0.035674233,1.1357216,0.4445986,2.0167987,1.4779623,1.0751597,1.290649,0.8612595,3.0607665,1.5038778,0.18255456,1.0677403,0.2609399,1.5596347,0.441979,0.19158602,2.9243383,0.6575543,0.8225356,1.5124239,0.52692944,1.8349268,0.04746976,1.7086701,0.21263686,2.5212207,1.0387173,1.1067317,0.79713243,1.3115749,0.39088878,1.3816158,1.1702465,0.99421257,0.55852634,0.10117114,0.5170616,0.7041386,0.41853148,1.3796433,1.2497026,1.729358,0.3204347,1.1349173,0.269219,1.1543113,0.4643747,0.5783409,0.7994871,0.5179026,0.92519534,0.50651044,0.6257508,1.5941108,0.52475727,0.15132624,3.7773647,0.38561496,0.56599844,0.58224267,0.010012911,0.4192086,0.31257927,0.31082293,0.96226513,0.079941414,0.27108362,1.9121288,0.5024061,0.16551542,0.27670226,0.5361629,0.057293676,0.012753214,0.23915662,0.87440217,2.9779165,0.69014347,1.9057741,2.9916325,0.20953791,6.0292816,1.5015022,0.7137006,0.17838891,1.0378689,0.8478768,1.0291127,0.02693341,2.1538343,0.109638706,1.2300844,1.2650946,0.5324532,1.1530622,0.55681103,0.21978717,1.1473212,0.33329612,2.6640656,0.9854219,1.2443575,0.27669078,0.023274215,1.5594865,0.9199571,3.0325968,1.0315914,1.561032,0.8338778,0.124097645,0.04181314,1.9375002,0.8865477,2.0509768,0.98943466,0.81444657,0.20395878,0.8048399,0.3558159,0.64382917,0.3322926,1.3404781,1.2310879,0.6512707,0.18059388,0.7315458,0.3360024,1.7974559,0.6359869,0.41278565,0.14414784,1.2303575,0.42399082,0.7356431,0.29714298,0.5475098,0.23938048,0.346469,0.62797225,0.46609816,1.303938,0.06967343,0.5741415,0.79648817,1.7885988,0.1848584,0.31081226,0.685964,0.7582919,0.25749448,0.9330542,0.14703856,0.62692314,1.3424938,0.5592822,0.52312106,0.10213752,0.3267066,1.224613,0.2692571,0.16521788,0.1977156,0.4123822,1.6010062,1.296316,0.5451793,0.43318322,0.5153745,0.5761223,1.2034568,0.3965628,0.82152206,0.07292965,0.95701283,0.6485361,0.82180536,2.2094076,0.42341906,0.21297768,0.49979937,0.7196072,0.39735705,0.56387466,0.33508262,2.3997695,1.0354824,1.791514,0.63054335,0.054702524,0.97231865,1.4742469,0.2728944,0.85092694,0.48558986,0.97225684,1.5449139,0.19132732,3.659524,1.5034989,1.0345929,0.49678287,1.7692662,2.0484405,0.6641114,0.4951962,0.3588208,0.7740078,2.221297,2.495295,2.428834,0.1935974,0.87720495,1.7708058,1.1926336,0.084979855,0.3125375,0.1609466,0.8038565,1.7371248,0.84351116,0.60205024,0.17900963,1.1433176,2.1289477,0.70454234,1.2475709,2.8722234,0.39104742,0.10033856,0.8550398,0.9640463,0.48991725,0.57827187,0.44443536,1.1185217,1.3651792,0.51015663,0.2683169,0.85945743,1.8844666,0.27302432,1.0913604,0.6012002,1.8270351,2.8892653,0.58185935,0.74329513,0.0033931558,0.1617647,1.321441,0.7505707,0.42633644,0.43434772,0.2699898,1.1830112,1.9037173,0.6634001,0.2771073,1.2017865,0.17489386,1.7814323,0.39367038,1.12246,2.5664299,0.5027338,0.13146214,0.32927784,2.169573,1.0708534,0.2033682,1.1945164,0.95986974,0.3200471,0.08517679,0.24609601,0.3764777,1.2726372,0.79525805,1.2015363,0.9871837,0.058664627,0.70978963,0.9648057,1.1611363,0.5205774,0.84005624,1.0721618,1.0077641,0.16917008,1.742654,0.33346346,1.6141374,0.059767477,0.6888556,0.35764605,1.0561781,1.3014944,1.9917742,0.5271778,0.8728264,0.6613911,1.4623514,2.6719558,1.4507787,0.8851217,0.34486428,0.100251846,1.055509,0.19243322,1.966662,0.8603025,1.1566274,1.0352186,0.40680033,0.32735193,1.3388718,0.066859044,1.0222286,0.37127537,0.10641057,0.81098735,1.223278,0.94814223,1.9127502,0.446624,0.070992135,0.39028668,1.2206427,0.7917052,1.9883332,1.0797684,0.51242197,1.0677718,0.045140266,0.22445872,0.3602243,2.3279505,0.7389704,1.7965108,0.5336203,0.6762446,1.0764035,0.52176535,0.83991677,1.8291378,0.7296197,0.06657905,0.061581507,1.3819128,0.3911117,1.2610183,0.6092579,1.8950111,1.5888277,0.78654736,0.55564356,1.4166486,0.7703513,0.6925909,2.0535321,2.2619212,0.3997617,1.1227709,1.3807334,0.79122007,0.17446506,0.71124,0.952152,0.7202535,0.7594394,0.8507356,1.4673203,0.6518404,0.040847674,0.23182462,0.79116416,0.6579374,0.75462073,0.2832182,1.7810036,1.4565697,0.34783915,0.48888543,0.06632404,0.8350132,0.90886843,0.27060688,0.0042962567,0.99512315,0.44910014,1.7693123,0.0414434,0.9981465,1.2293941,2.251403,0.89799666,1.1857026,0.9157773,0.569904,0.5283206,0.7149155,0.63731813,0.1803062,1.6226903,0.5257038,2.725514,0.66957533,0.83607495,0.62636036,0.5104579,0.8843342,0.87772685,1.0571225,0.64230275,0.24996987,0.5331315,0.011276544,0.27348542,0.7103766,0.60298306,0.70864415,0.9553593,1.2635078,1.4702989,1.550017,1.3975058,all_pothole_images\pothole_images_new_image_1257.jpg
0.502072,2.680478,0.7904813,1.8355377,0.10514935,0.9738065,0.2740556,0.0,0.04491061,0.40011713,0.5600455,0.3284802,0.6381099,1.2370778,0.07929137,0.06404879,0.026025197,0.021446388,0.058710728,0.1471679,0.08988278,2.570975,0.29369062,2.609813,0.32194272,0.22742419,0.35309485,1.3207388,0.054579202,0.28606305,1.6810879,1.1400219,0.14791827,0.15561903,0.99193764,0.3474096,1.4733043,0.7402168,0.16072173,0.7153873,0.004647507,0.101859346,0.8717399,0.4888067,1.6581309,0.073747724,0.046139102,0.23934504,0.42955393,0.6485391,0.4249349,0.13780327,1.8423418,0.5042881,0.6464772,0.36910725,2.6079063,0.0,0.0,0.3435499,0.23674469,0.4282568,1.5203452,0.020870471,0.4794411,0.9652639,0.4245849,1.0469104,4.5708447,0.05075153,1.5469546,0.8103228,0.089060366,0.18727785,0.45850784,2.2981763,0.2589911,0.8236947,0.27447605,0.43924835,0.2572789,0.8375599,0.08536775,1.4721636,0.78669053,0.08403689,0.4409254,0.042827245,5.9604692,0.2675889,0.2776995,0.3049885,0.0,1.0385774,0.19093458,0.015781477,0.23232253,0.18457323,0.72088706,0.23465852,0.1366154,0.7576101,0.03490677,0.818192,0.6601049,0.43770522,0.86187226,0.008237327,0.04518059,0.8399886,0.27670667,2.0798032,0.11069695,0.6312994,0.25534725,0.8029686,1.5470004,0.7896248,0.22465834,0.25925744,0.9195695,2.006789,1.1469458,0.7334277,0.1693098,1.8892863,0.0060021053,0.0056591853,1.7486792,0.13508669,2.4077508,0.07710953,0.37825984,0.30397087,0.41069236,0.0,0.0946418,0.46265724,0.9187862,0.0903972,1.3418772,3.9796941,0.68030983,0.65879136,0.13586435,0.4793832,0.4732495,0.25229928,0.44587892,1.528406,0.025901329,0.56025016,0.10095547,0.227622,1.2556536,0.26274833,0.57953364,0.10713573,0.22391975,0.26272056,0.94941413,1.5852478,0.18791327,2.970425,0.051553756,0.7663239,2.3633864,0.016083943,0.8301415,0.04645652,0.61092526,0.0031126123,0.31636974,0.88375056,1.4786973,0.5261457,0.84342116,0.09964855,0.38442332,0.35881066,0.4045976,1.3899206,3.210729,1.5297885,2.9337761,0.85950434,0.04809644,0.748956,0.113847554,1.2466491,0.153712,3.1547956,0.16469398,2.3143415,0.2131525,0.032857504,0.1279876,0.36521074,0.10425361,1.8199347,0.2424018,1.907949,0.91499054,0.092000335,1.1512029,1.0664194,1.0184973,0.20445469,0.22582045,0.6313123,0.20739809,0.86242706,1.0217625,0.30585644,0.91490895,0.75124484,0.38636452,0.07730124,0.9812381,0.023436634,1.5276644,0.23235495,0.22283447,0.23711702,0.14684509,0.9492533,0.35628852,0.07298325,1.0924885,0.31828403,0.46038347,0.42374372,0.088133715,0.53457135,0.50460595,0.22858556,2.1214721,0.66487294,0.027755946,0.15571646,0.31123725,0.0355753,0.37860966,0.12633574,0.11516228,0.13510732,1.074397,0.048488524,0.36167824,3.4654381,0.27964225,0.127417,0.76502633,0.0,0.33375692,0.0041914503,1.563706,0.06935961,0.23735036,1.5506376,0.022404738,0.98448515,0.9315964,0.032887477,0.27188927,0.83131593,0.45598125,0.44717664,2.103831,0.3157654,1.1050485,0.0010906266,0.23630568,0.40730476,0.81647676,1.4252249,1.071202,0.12049237,1.1611516,0.5775065,0.0157525,0.33183554,0.16705811,2.1658597,1.4722631,0.22587594,0.97163266,1.7377752,0.9062143,0.26388723,0.23689374,1.2639856,0.0001525561,0.1963517,0.57947695,0.101157375,1.1711061,0.00857148,1.4552864,0.8536492,0.10475782,1.1115267,0.02674605,1.0134196,4.8178744,0.30956808,0.11149468,0.90034574,1.024292,0.47339645,0.26161358,0.659211,5.843333,0.410108,0.20576473,0.43874818,0.12594089,0.8408794,0.8433367,0.6663691,0.0703855,0.8321478,0.15147935,0.11805055,0.22813098,1.1738151,1.6752167,0.18953311,2.075616,0.3740064,4.1784763,0.3543648,0.22308575,0.0,0.35495743,0.605699,1.785627,0.16181985,0.42320436,0.28003722,1.4040421,1.3947494,1.0153254,0.06737021,0.71049684,1.2393084,0.7222984,0.36016324,0.13551788,1.1160353,0.07225689,0.4459881,0.006127882,0.038736552,0.15783356,0.0,0.48145625,0.4581878,0.033346437,0.8371663,0.083626695,0.10605269,0.6542667,0.69377226,0.3062303,0.11670354,2.2416062,0.83641523,0.16584557,1.2177136,2.0578022,1.3617188,0.4022441,0.13835543,0.88078827,0.90676475,0.03620443,0.09659058,0.026879271,0.0950752,0.07658532,0.0,1.3463691,3.2032158,2.890484,0.39902893,0.7429039,0.094186336,0.32884583,2.6044335,1.6671875,1.9926213,0.65597725,0.7600311,0.0,0.56852597,0.41312352,1.097043,0.60508955,0.18071444,1.9479469,1.8574926,0.16224691,0.43530706,0.6203098,0.051168606,0.6595099,0.52279913,0.15529126,0.33032277,0.44663587,0.4950372,1.0143592,0.7332259,0.106047414,0.23530826,0.120771,1.3753037,0.030245686,0.021656897,0.7950213,0.36134854,0.66777647,0.9153987,0.3943265,0.1935053,0.31247544,1.3628093,0.18356171,0.9459208,0.44916347,0.0,0.7980863,0.59806603,0.46727386,3.5487657,0.39199054,0.79459,0.054391164,0.32730922,1.5249189,0.026301399,0.38390234,0.0,0.031489864,0.18397833,2.3182955,0.47571278,2.6609817,0.7642773,1.3349497,0.115523815,1.2575921,0.24778417,0.2680754,0.8541395,1.2081201,0.30835456,0.1041237,0.789737,1.0914012,0.13735944,0.39003018,0.08035593,0.8077706,1.3269917,0.36539432,0.8014008,1.8830669,1.4777747,1.297911,0.6252157,0.09493841,0.18620436,0.22881222,0.101394914,0.514398,0.5090942,1.3659858,9.3760034e-05,0.4336988,3.5458586,0.17775895,0.39120895,0.08181877,0.18078323,0.91798466,0.28669143,0.059739646,0.026343785,1.2027134,2.158229,0.0,0.66696215,0.0,0.07863014,0.07258112,0.114944436,0.10153288,0.09695521,0.02858806,3.6353993,0.62769276,0.40046886,0.017169168,0.51615745,0.032108996,1.3161013,1.0907371,0.02266716,0.32081884,0.044209782,all_pothole_images\pothole_images_new_image_1258.jpg
0.055746682,1.0420059,0.11743547,2.4022775,1.265657,0.20887172,0.1967871,0.1384654,0.3222752,0.20619494,0.29500416,0.67867744,0.5246244,1.8751812,0.094268985,0.3457942,0.25575858,0.8069166,1.6673635,0.18476489,0.41761678,1.8708533,0.23726615,0.84403944,0.9594369,0.30800036,0.2776622,2.5703042,0.0,0.11147615,0.9058152,0.2837231,0.76445377,0.8356354,0.8720406,1.5363337,1.1822865,0.822625,0.86373305,0.49098128,0.049320273,0.04451267,0.38555643,0.6908738,0.23430023,0.52436316,0.06818431,0.13851568,0.39701447,0.99069357,0.52178174,0.024679003,0.11635647,0.18434873,0.009901929,1.5922533,0.44554648,0.20518291,0.6169349,0.073718674,0.29470366,0.12010054,0.050632387,0.12407971,1.8725411,1.238196,0.24617729,0.6562592,0.9614941,0.389268,0.09569454,0.5230158,0.50080585,0.008871255,0.025240134,0.07306221,0.15530312,0.49433398,0.10105162,0.31598258,0.0,0.71216005,0.13132554,1.0729244,0.06493085,0.29485467,0.41063055,0.00040247545,2.1607583,0.10581018,0.4094854,0.0730119,0.45307845,0.6486734,0.0,0.052510947,1.5484788,0.075848386,0.7244373,0.44987342,0.886819,1.8652833,0.9301455,0.037765786,1.3272941,0.35040835,0.18480319,0.6590139,0.39601594,0.38125548,0.001341498,1.5693076,0.44131044,0.07407947,0.55606484,0.22385788,2.7031996,1.4861645,2.5257072,1.2822957,1.5394857,0.0,0.7283498,0.30029932,0.14907743,0.50051016,0.3454543,1.3512747,0.94205254,0.4997962,1.6705658,0.0028868197,0.56754875,0.009899062,0.15047899,1.2390014,0.39989993,1.3042897,0.72992253,0.106855825,0.5545352,1.0399897,0.13552518,1.233507,0.002331362,1.2017064,0.34356174,0.00021875447,1.6420178,0.1619568,0.28639925,0.6578842,0.08070806,0.24486405,1.1788106,0.8942076,0.6835086,0.104314424,0.44659233,0.13166016,2.782248,1.3770487,0.090432905,4.158695,0.09931111,0.9617526,1.2139509,0.12077635,0.8139018,1.6852009,0.2867199,0.33856297,0.13236752,1.1917794,0.5557962,0.0,0.0016579854,0.004615442,0.31382096,0.062262822,0.071702875,1.8044745,0.6533448,0.2512605,3.3158326,0.5817829,0.7680056,0.4471739,0.53765464,0.5447517,0.34836072,2.6681547,0.11275358,2.5629914,0.24415673,0.43686128,0.62620795,0.53575987,0.8229829,0.15764138,0.15488487,1.0135058,0.42227307,0.657305,1.1203419,0.16644217,0.47950006,0.82448286,0.965238,0.2498044,0.0617471,0.0,1.1222078,0.06044425,2.2578137,0.7954267,0.08404195,0.036296062,0.105991244,0.5795551,0.2737858,0.43535683,0.79484504,0.13768707,0.061775386,0.5743477,0.5009562,0.07252935,2.55038,0.23594806,0.034805756,0.10661141,2.084802,0.021785425,0.40357482,0.12846896,2.9611983,0.040517095,0.57351387,0.51163185,0.29717124,0.20648041,0.12850703,0.123515084,0.32341173,0.025860576,0.38645297,0.083401494,0.35049424,4.5447407,0.3543114,0.18496895,0.41596034,0.8690291,0.32160848,0.45205903,0.76948434,1.8429657,0.01214623,1.1845212,0.13114229,0.008277809,0.14519557,1.7074002,0.46285698,0.33606532,1.4344617,0.50510645,0.97100204,0.19816762,0.041050933,0.20019343,0.008507396,0.7193365,0.6208289,0.61084557,0.7271085,0.57651114,0.8466784,2.0878901,0.4887875,0.29763597,0.70306206,0.12114315,0.3508972,1.4090912,0.56106985,0.24800454,1.5977901,1.3101944,0.18418169,0.0,0.19235498,0.51583797,0.7649788,0.03275018,0.12332519,1.0217056,0.24142382,1.2225676,1.2705256,1.1722215,0.054156113,0.37834245,5.7390704,0.55156237,0.0880957,0.2158199,0.8636368,0.13241798,0.23806766,1.2704662,2.9470787,1.8504875,0.46643633,0.42232543,0.06043063,0.25630254,3.9662578,0.113765776,0.33416855,0.040199187,0.116799876,0.10509924,0.49873686,0.6501567,0.3959764,0.7706151,0.017462965,0.27880976,3.963294,0.05307238,0.38492176,0.26999104,0.0136294095,0.16872764,0.31661388,0.77442193,0.08161066,0.5982222,0.789206,0.25898406,0.79476815,0.5089651,0.72477543,0.5493563,0.3614015,0.72278345,0.8882665,0.6995482,0.22944212,0.13418743,0.17486353,0.18070748,0.0,0.04700029,0.00010095373,1.4481813,0.59569484,0.82395107,0.061013874,0.6735646,0.7451779,0.27468204,0.22768398,0.0,1.6202059,0.23786414,0.04738762,0.39584696,1.7346947,0.10483491,0.243328,0.0,0.16682357,0.6333987,0.0,0.27652216,0.0857012,0.35673416,1.0962478,0.08067012,0.43124154,0.35612792,2.763434,0.25914872,1.4757228,0.019695012,0.19372663,2.5051696,0.9271841,1.3237718,0.030398188,0.0,0.5668907,0.07789186,0.6960108,0.3810313,0.085173845,0.015877344,3.0384831,0.8556937,0.87610775,0.2505075,0.95846635,0.051433843,0.23634708,0.7095934,0.045479376,0.02630055,0.3120763,0.29680464,0.15100314,0.804266,0.044676073,0.3942073,0.15454966,1.1213741,0.17140883,0.005609216,2.3820093,0.36338145,1.5788536,1.6693351,1.5896156,0.46022955,0.25261533,1.4058634,0.30597246,1.9571178,0.06357353,0.482627,0.64487916,0.98249143,1.0147632,3.0698223,0.50072277,0.43972525,0.50173414,1.4164462,0.1657001,1.4212103,0.1998785,0.5936878,0.05019225,0.10499612,1.073326,0.33114496,0.13916966,0.80070746,1.4674997,0.22080977,0.6343407,0.8700463,0.28266454,0.8494563,0.85183716,0.7457853,0.7368116,1.1043315,2.0227065,0.99959445,1.0588089,0.102236025,0.5721538,0.12253869,0.5175672,0.0,0.27263996,1.3117422,0.8879667,2.4833286,0.11114111,0.2871267,0.8151561,0.15836912,2.2963297,1.6753272,0.6698927,0.32339153,0.0,4.462177,0.16706595,0.0868549,0.0,0.21983644,0.2315878,0.0,1.7958757,0.02149897,0.46254522,0.5107339,0.7658008,0.33573127,0.0728935,0.28576946,0.031370413,0.21239981,0.0030961935,0.8564319,1.516112,3.5485651,0.8385731,0.1663033,0.13857208,0.3888938,0.34690857,0.0046433494,0.2718795,0.074796274,0.064999215,1.221586,all_pothole_images\pothole_images_new_image_1259.jpg
0.5796043,1.6839304,2.4175591,3.0160646,2.6914032,0.027178137,4.2402353,1.4605194,1.3248456,1.3551856,1.071518,2.1449938,0.88110507,1.1573257,0.2675855,1.7482418,0.6760333,0.6285284,1.654981,0.12555544,1.1414955,0.22118978,0.49250576,0.9225605,0.60000634,3.4870152,1.2681124,2.5834837,0.6267676,0.1613347,0.18123716,1.6671438,0.6195874,0.06333443,0.2005112,1.9846611,1.403954,1.7036068,0.4488995,0.39594868,0.9357268,3.4765282,1.1067665,2.3040152,0.23559783,1.6297095,0.8343775,0.35847244,0.621462,1.5324017,0.9770519,0.82701415,0.50402015,1.2662655,1.063939,0.28286386,3.19459,0.34050456,0.9510803,0.24779779,1.429212,0.09019306,0.97562814,1.2418032,1.7475024,3.071332,0.7861655,1.012585,1.093508,0.27336603,0.2163418,1.1389449,0.20053123,0.76050794,0.45605525,0.7046845,0.47901013,0.81749916,0.37644506,1.8131627,0.32489398,0.10039552,0.9295081,0.32091495,2.6397736,1.0231003,0.280111,0.06402546,0.33563346,0.5839912,0.26933375,3.0470529,0.003962526,1.1471624,0.71409655,1.7489176,0.81545955,1.6073054,0.1178555,0.80728054,0.06630583,0.94230616,1.2728759,0.76977956,1.1420567,0.10931451,0.91821396,1.2092422,1.3398073,1.0038971,0.45969498,1.2426788,0.7108767,0.166886,1.5136435,0.8687614,1.9322194,0.12715131,0.44058874,0.67149943,0.0407862,0.11495426,1.4488338,0.14412664,0.19774495,0.31776923,0.08226145,0.026728822,2.1133478,0.036926065,0.4979992,0.18285416,1.738132,0.91003275,0.810034,0.28190413,0.06104662,1.4132173,0.54787976,0.51492375,0.8023392,0.6102239,2.9270113,0.23043445,0.144778,0.6195908,0.80611354,1.0554606,0.78517836,1.3120321,2.8577707,0.33436647,0.026141342,0.44013098,2.1294937,0.7265506,0.54969823,0.19500452,1.7260128,0.796221,2.467872,0.072113425,1.2495606,0.10640311,1.9619412,0.37147745,0.06945114,0.05813772,0.49950996,1.6955152,1.6477735,1.4822509,0.022460654,1.3609245,0.23459934,1.309464,0.67308766,1.0232524,2.847742,0.2929249,0.17530596,0.8542176,1.0975527,0.6052234,1.3869506,1.0671098,2.8991964,0.7690016,1.6854677,1.2388968,0.9893911,0.38433316,1.0845153,3.2672982,0.60147536,0.7686925,1.8145072,2.349565,0.6496028,1.3636891,0.9641556,0.58151734,0.65348023,0.7981131,0.13883822,0.7902869,1.0319208,1.0368998,1.0378988,1.1603715,0.28075534,0.92128706,0.4296663,1.7971829,1.3331288,0.2772981,1.0545138,0.24956909,1.8057083,1.164527,3.0901098,0.18168296,1.3433921,0.569974,0.5642827,0.5564494,2.3500853,4.0529566,0.42874807,1.2867329,2.3717782,0.6810581,0.62719727,1.0605112,0.23348294,1.5099622,0.47775814,1.4248273,0.85630304,1.9135422,0.25704238,0.32185242,0.9660017,1.7362206,1.0567324,1.7207868,1.9571248,1.1722816,2.0257425,0.30462933,1.5518408,1.1347586,2.0764408,0.2756654,2.653552,0.4467803,1.7373747,1.3760848,1.7806262,1.787112,0.7965741,1.5876379,0.27482942,0.4236139,0.28594512,1.6035601,0.04712023,0.7638993,0.53355014,0.122212164,0.4347428,0.667862,0.34107006,0.5048335,0.59813106,1.2625926,1.193254,0.75603795,1.9052553,0.6099764,0.0798761,0.83249116,0.1557714,0.95710784,0.5597106,1.2134262,3.6484172,0.2445989,2.422972,0.17562632,2.1380267,1.602497,0.039177235,0.52379334,0.26274008,0.24896215,3.359462,0.38740075,0.3716703,0.39556637,0.03859767,2.3192325,0.28505236,0.8754988,0.04453027,0.26295602,0.5669145,0.6046929,0.52043545,0.2483224,2.7332642,1.4889467,1.1741624,0.93360245,1.7383902,1.804703,0.06838671,0.98023367,0.41216996,0.096445285,0.5417379,1.0607507,0.0,0.02692831,0.36911508,1.3711187,1.1557304,0.5277595,1.8706341,2.0666914,0.08850656,0.26423073,0.6703075,1.272334,0.36084417,1.7973737,2.0996084,0.58359283,0.42437732,0.74932873,0.53823435,0.7662361,0.44091773,0.62976426,1.7238113,0.6928338,0.9161006,0.12316875,0.21073173,0.2606231,0.731311,1.5787379,4.522099,0.64939964,0.48188126,1.0066861,1.1652389,0.26731655,0.2510145,1.8270217,0.82401556,0.90818876,1.8443593,2.4469655,0.95517796,0.69728774,0.59448117,0.2296994,0.069326,1.7492515,0.64985,0.8214793,0.766517,0.6495724,2.1345065,0.32429266,0.29454324,1.7799766,0.5033432,0.8849271,1.2169776,2.9309216,1.0176818,1.0165731,0.93362284,1.7621806,2.0430484,0.0,0.68836933,0.39630574,2.5361795,1.2998044,0.7233899,1.2810274,1.8567723,0.268363,3.947429,1.1753387,1.6407875,0.0115760565,1.6299851,3.0182827,0.1355373,0.70646435,0.59884465,0.4894482,2.2463083,3.1127465,0.8095452,0.623544,1.8145351,0.59937435,1.7376943,2.1210873,0.9385865,1.3554806,1.1139345,0.6805525,1.1433868,0.4946935,1.0965677,1.0555748,0.86125773,1.6390442,0.78934973,0.004813849,2.1850202,1.3600359,0.58485585,1.2772707,0.017550282,1.3845919,0.31812057,0.67396396,0.94614136,1.9994339,0.044036474,0.098918326,0.62836635,0.7037229,2.599549,0.47452623,0.2768768,0.51185566,1.7732067,0.13822158,1.1921009,0.8940118,2.949976,1.3262194,1.6752372,0.33193704,0.5785684,0.47744498,1.1669502,0.73572475,1.3129375,0.099123195,0.56991714,0.5241527,1.4376512,1.9624066,1.8756593,0.5666945,0.94105077,0.5260725,0.42289156,0.63108426,1.6468381,3.724086,0.3248513,0.6129708,1.455593,0.83288246,0.16724119,0.34849414,2.120611,2.3605268,0.9886076,0.43985036,3.0117218,2.1861463,1.4685384,2.2311397,0.19284745,0.9494711,1.9088101,2.3521001,3.3978221,0.052636534,1.0137401,1.0632293,1.6335853,1.7404872,1.382837,1.6617621,0.42449015,0.27848354,0.82779056,1.8070277,1.5242372,1.4098442,1.1121758,3.5179758,1.4502956,0.9394225,0.6658286,1.0914907,1.4476122,0.5148497,2.1821585,0.5059384,all_pothole_images\pothole_images_new_image_126.jpg
1.4944077,0.6742793,0.44493243,1.3647311,0.56609774,0.08542389,0.27772462,0.0,0.25802705,1.9490175,0.7449339,0.57080126,0.0044790646,1.1605923,0.047228478,1.2552832,0.45858234,0.3052982,0.3940099,0.041530695,0.075789094,0.63144433,0.42595157,2.1216023,1.2916287,0.32363197,0.037273746,0.8136643,0.052466445,0.22311465,0.5057332,0.0,0.47322175,0.53329426,0.24096707,1.1192713,0.060619235,0.9601993,0.87626696,0.01606976,0.6620038,0.10315337,0.2029976,1.0323143,0.7326279,0.031236028,0.1197186,0.59520954,0.41327128,0.46275342,0.24673642,1.9542824,0.3820893,0.5199843,0.21880908,0.32531428,0.45295683,0.39507923,0.48376814,0.7129472,0.0,0.85168535,0.5285537,0.07401158,0.43039346,0.77574563,0.88285875,0.26015604,0.13828501,0.056452885,0.69314826,0.23193432,0.1401812,0.0039156983,0.0028942325,0.7162741,0.33833277,0.37153718,0.0023587113,0.02006049,0.0297877,0.17847143,0.3307785,2.4231908,0.3930329,0.37259477,0.01295076,0.04325636,1.7646456,0.84353083,0.14395316,0.9199522,0.22833134,0.23698129,1.3411922,0.3967018,1.0768069,1.8731232,0.30625284,0.64598805,0.15413882,0.094185285,1.034673,0.9316244,0.4213892,0.01366262,0.08776174,0.1539343,0.0684908,0.88937485,0.0,1.6128328,0.14742431,0.50276315,0.27276796,0.7342402,0.066718444,0.17321195,0.66446996,1.6506417,3.8269472,0.36358494,0.09836259,2.0179987,0.14477158,0.30091438,0.0034040362,1.1888546,0.14687307,0.1447985,0.27664262,0.16821668,0.0021731053,0.11285539,0.22650154,0.1390836,0.991343,0.0,0.1079288,0.5810331,0.0,0.1358515,0.9942555,0.7026014,0.016969467,0.10248019,0.8918986,0.57576305,0.044354375,0.45055282,0.80112237,0.13910863,0.4038358,1.3454989,0.9702502,0.34861335,0.17995612,1.1859171,1.2294108,0.107429035,0.5857262,0.96558785,0.023779402,1.274397,0.3543523,0.26762685,0.0853405,0.10852102,1.619823,0.67963964,0.13611098,0.31626529,0.64634573,0.5891688,1.1316924,0.4560968,0.52370995,0.0,0.046163864,0.26714808,0.091582395,2.4234326,0.117312714,4.3549395,1.0785675,1.7684753,0.021545434,0.8837154,0.65821886,0.8186397,0.13752957,0.13376288,0.7629631,0.13675112,1.9546729,0.014840807,1.2154174,1.7068201,0.585818,0.14762338,0.18166941,1.4573302,0.025755608,0.06532106,1.4989253,0.8942859,0.69091195,0.13925329,2.9968007,1.1602298,0.006765143,0.56401724,1.026947,0.7030951,1.0283144,1.2996806,0.822504,0.08864579,0.75609106,0.07954021,0.45360747,0.20984682,0.4316992,1.4451067,0.01104794,0.10851838,0.7500292,0.0044850004,2.976392,0.024965549,0.055532716,0.6052842,0.35983595,0.035713248,0.2654676,0.2713479,1.3373907,0.012011451,0.004309156,0.112576246,0.28989023,1.2002095,0.64595217,0.12663633,0.0,0.110271946,1.07019,0.49702016,0.87646854,4.4570484,1.654982,0.418779,0.47563404,0.8595145,0.55222046,0.028640358,0.81997144,0.86561686,0.4231121,2.218091,0.60093665,0.17236674,0.9901324,0.990491,0.4298883,0.6927908,0.849529,0.10674321,4.371186,0.02590501,0.61137044,0.02241435,1.1798693,0.19893068,1.5596746,1.0014629,0.05777274,0.5697538,0.033332344,0.73892164,0.58381957,0.9010251,2.0237505,0.078811385,0.13260987,0.85369235,0.4589009,0.7701043,0.0,0.4175891,0.084124215,0.37110358,0.30042604,1.7551225,1.1684483,1.1969252,0.74397206,1.258115,0.30333394,2.5534751,0.98176026,1.5813832,0.011525309,1.3903955,4.444699,0.0,1.3338319,0.2412522,0.14642276,0.14921087,0.760642,0.7986329,4.3136735,1.5754559,0.42118624,0.8729267,0.0514338,1.6103396,2.7139575,1.6219797,2.1977844,0.74287224,1.3696314,0.39480847,0.02646373,0.16782814,0.6669774,0.054829635,0.032143462,0.95237,2.662863,0.006551373,0.17273346,1.5126704,0.36736938,0.04337718,1.5305401,0.2512372,0.24593106,0.0037888105,1.0391061,1.3695015,4.067179,0.88399255,0.69355774,0.16644746,0.071060054,0.16649197,0.1713169,0.18830582,0.20507398,0.52984184,0.41188002,0.25785926,1.8869588,0.32491902,5.9976686e-05,1.2443296,0.9089232,0.8231252,0.37319696,1.073437,0.13758604,0.79834807,0.35387787,0.9538679,1.0838684,0.078763515,0.9225997,0.71181095,0.557342,1.174696,0.21540427,0.041804608,0.14404207,0.21860333,0.93242186,0.052515097,0.33742678,1.3061785,0.5461233,0.17030971,0.843972,0.13789117,1.7993873,0.081212945,0.51809794,0.3507005,0.2522563,0.23920219,0.09475248,0.3723347,0.5207018,0.5729318,0.0,0.65137494,0.44074836,2.6878922,0.84921354,0.10243735,1.2972125,0.76788586,1.6595742,0.22969744,1.4395559,0.045982998,0.8315878,0.14159046,0.20465331,0.5903964,0.0,0.43687102,0.95039314,1.3686028,0.05657072,0.04566765,0.6445722,0.47566152,0.170662,0.25478107,0.58989865,2.2716963,0.56758773,0.9618663,0.43434525,0.035694208,1.3901212,0.10533191,0.3917136,1.4923422,0.49721992,1.0357797,0.67587405,1.4646082,0.12383891,2.5441263,1.5302923,2.8019557,0.68448234,0.6860177,0.044589795,0.14257142,0.028154837,0.37280747,0.34776995,0.11194776,0.5355616,0.4982123,0.0053501353,1.0516675,2.4015288,1.18143,2.4138875,0.81310946,0.61013013,1.9344139,0.03764551,0.3308138,0.13790558,1.2299677,0.27847815,0.6121702,0.22225134,0.045207914,1.0973161,0.11519491,0.5763762,0.011046497,0.21591915,0.04353447,0.19527298,0.13091336,0.062318407,0.12625358,0.24401526,0.21844463,0.31221148,0.10389978,1.1848031,0.05052909,0.5739024,0.104966246,0.25643915,0.5938222,0.13912036,2.172697,0.7161083,0.178397,0.66605175,0.056158658,0.5134616,1.5226649,0.06984482,0.041650288,0.10138046,0.08996323,0.24174342,0.05406906,0.00043111836,0.14246868,0.55722564,4.4035273,1.1611302,0.7746758,0.6571406,3.2783158,0.5518319,1.1617057,1.0970836,1.4695208,0.03734238,0.17620213,all_pothole_images\pothole_images_new_image_1260.jpg
0.5273048,1.4577571,0.4778945,2.9286127,0.4523195,1.3287259,1.2640061,1.0261685,0.32205513,0.4173225,1.3753067,0.7861639,0.34433982,2.794378,0.018046055,1.5634798,0.2939395,0.1412798,0.8453715,0.9943843,0.1708423,1.2765999,3.1288016,2.8855422,0.71549577,0.49813095,1.0431641,2.4765937,0.5068197,0.17632858,0.47857744,0.12499385,0.5580359,1.6445796,1.1402528,0.15430821,0.2985939,0.4018107,0.84524846,2.094119,0.00085876,0.3399529,0.5939792,0.5463543,1.0455408,0.61731905,0.011347427,0.11300342,1.3579419,0.41665196,0.2992786,0.8083982,0.23990141,0.11664716,0.15893374,1.9316155,1.9600646,0.64486426,0.35900742,0.65929717,0.040144958,0.86312157,1.9502935,1.4732722,2.6696851,0.6644229,1.6715983,1.462109,0.76197994,0.27027714,3.3037698,0.9430934,1.2776417,0.17408745,1.0023239,1.4080892,0.62387294,0.3156293,0.124288626,0.9856436,0.009472595,2.7232685,0.47554055,1.6832154,1.0665145,0.3146344,1.4795568,0.9104205,1.1629055,2.400765,0.32086253,3.0446515,0.4056618,1.8462679,0.07331601,0.8578044,0.06557064,0.61701137,2.7143412,1.0661048,0.19761899,1.8725704,0.4348011,0.5885905,1.146759,0.6129693,2.346064,0.60959053,0.43887472,0.457763,0.427212,0.54900384,0.93432087,1.7083539,0.5939761,0.37229222,0.115435235,1.2505671,1.0002531,0.92688626,2.1690726,1.605574,0.21699609,1.2060539,3.2327313,2.8960726,0.030608129,0.14392935,0.33574352,0.7149111,0.8718258,0.15086839,1.0637559,2.8904276,0.22696279,0.42168197,1.481705,2.5616105,1.0830319,0.71098655,0.5402435,2.3453805,0.07746253,1.053795,0.60194814,1.5353475,1.0638204,0.2894554,1.1056384,0.150058,0.0069270423,1.0018677,1.3003827,0.15130985,1.2448999,0.79203874,2.0416996,0.3677716,0.30641946,0.6774743,2.289361,0.6275857,1.158938,3.632887,5.2395883,0.15611917,3.0564976,0.18418415,2.2585435,1.1928341,0.8552033,0.3101778,1.6519971,1.0872227,1.5465436,0.6756448,0.30391875,1.3034185,0.20883301,0.17117827,1.5787895,1.3528744,0.34125814,1.1640916,0.629076,0.6272688,1.7662537,0.27380562,1.0340554,0.96883404,0.076871365,3.6885877,0.36580816,0.9643092,0.50702196,0.89164186,0.21398662,0.68785155,0.036958713,0.83599037,1.6007329,1.7661637,0.40953502,0.14811687,0.24979213,0.33014253,0.48347417,0.0,2.0166283,0.9667983,0.9048334,1.1241918,0.5521413,0.52020085,1.2719387,0.42644092,1.1001986,0.16596197,0.37223068,0.14193699,1.0894816,0.22208273,2.5494697,0.365713,0.6040201,1.821361,0.76282567,1.0862861,3.3935475,0.8536719,0.88608336,0.58027905,0.6969908,0.7748874,0.0,3.0091355,1.027877,1.0403562,0.25526598,0.87320477,0.9777499,1.1191941,0.40948004,0.4259738,0.23071565,0.884249,0.3777195,0.08108826,0.86853516,3.463241,0.612059,0.03520437,0.45877358,0.9555804,0.13022594,0.20551755,0.8498035,1.0118543,0.2482866,1.9044145,1.002989,0.47586465,0.8712329,0.24226335,0.29468277,0.56866807,0.4095467,1.7518017,1.4987783,0.1737435,0.0700151,0.025761468,1.2873003,0.29417622,0.7059176,0.97543883,2.2896879,2.5384674,0.12627117,0.11978039,0.8055171,2.201975,0.9947203,1.796813,2.5939486,1.8944907,1.8464981,0.4343527,1.4277614,1.1112577,0.27989927,0.6644489,0.09952537,2.5799656,1.2147491,0.4231939,1.0060135,1.7531255,0.8162239,1.5557353,0.49974486,1.149082,0.029841887,0.15175475,4.0768967,0.30094764,1.24961,0.08384053,1.2936925,2.062693,0.048347615,0.6544222,2.5124788,0.71163136,0.3957408,0.6500735,0.22335632,1.2741437,0.4501577,0.16514364,1.7514259,0.28783298,0.88033664,0.8349992,0.8618309,0.6616239,0.89787555,0.97471726,1.2830763,1.5164785,1.5696568,0.54283714,0.31023037,0.22681391,0.15336494,0.1778344,0.25557446,0.67137676,1.9409225,0.6326213,1.4362084,1.8853042,1.0740442,0.22079906,0.7703817,0.031222742,0.89268,0.1837334,0.11984718,0.5869177,0.21333128,1.0885782,0.13692938,2.9855845,0.5863436,0.023402596,1.0891749,0.7736652,1.802349,0.14501406,0.5496342,6.005233,0.53866947,0.1008282,0.14348967,0.23026733,1.8953568,0.6111264,0.75163424,2.5578215,0.5785057,1.9261729,0.08430442,1.287745,0.28789195,0.6851182,0.039014917,0.3380188,1.3867736,1.906179,0.7404185,0.28727162,0.8270435,0.67329407,0.94639635,1.2199008,2.3260548,1.2460515,2.0305076,1.5028179,0.95261216,0.23458074,0.70782626,0.56195146,0.0035479916,0.82125247,1.253801,0.22621629,0.21978588,0.13513349,0.643825,2.8928082,0.8712022,1.3081809,0.133296,0.27463338,0.13657826,2.072637,0.69130385,1.5008154,0.35898873,0.55087084,0.07469622,0.3096364,0.5059917,1.6151237,1.1006109,1.4086512,1.146477,1.7759036,1.1639177,0.5989711,2.8848708,1.7625983,3.342079,0.84483606,2.7512693,0.24166153,0.91150373,1.7739544,3.7568192,0.26546356,1.2143927,0.6776133,0.0924731,0.8240654,1.1715672,0.76717454,0.22778873,1.0205189,1.1550839,1.4232703,0.0295421,0.20450078,0.030160177,0.44447723,0.8638247,1.3359683,1.1273247,2.7985885,0.7810332,0.22714637,0.9714424,0.50554734,1.0849234,0.7461206,2.023506,0.26617283,1.0964832,0.4836528,0.82726616,0.79559255,0.08798097,1.2730092,0.98859775,0.10325322,0.6740418,0.6564855,0.84179306,1.2949436,2.5190675,0.2670485,3.6579478,0.0332813,0.95555574,0.79889584,0.9409108,0.298499,0.09101731,0.37895712,0.49284145,1.3118542,0.40213448,0.21752258,0.14231648,2.1490808,0.22893766,1.1206381,1.1255097,0.34550264,2.2249289,0.94579345,0.16204639,0.05618448,0.31246626,0.27857727,0.16964526,0.05377592,1.2080017,1.7819995,0.30276546,1.9969703,1.4424479,0.032783985,2.1928482,0.4723294,0.2032141,2.6501365,0.213282,0.62727875,2.4038815,0.31139886,all_pothole_images\pothole_images_new_image_1261.jpg
0.6572903,1.5703684,0.34362018,1.1555874,0.2967112,0.07489297,0.40515152,0.18297394,0.15246896,0.77441293,0.07673422,1.6547587,0.82985306,1.4774886,0.045055058,0.34898794,2.5683846,0.66192013,0.5058189,2.1900327,0.23541598,1.9993678,0.38555488,0.30715626,1.4441849,0.29409117,0.52459395,0.19569235,0.23422115,1.195088,1.2785885,1.0778205,2.450218,0.9071026,3.0750382,0.42824507,0.23522562,1.4085838,0.39308906,0.022312324,0.44608122,0.36165306,0.05800865,1.1051632,0.2745081,0.18436845,0.028971935,0.19198656,0.06053971,0.5017463,1.3602147,1.2875277,1.2094736,0.744232,0.5168042,2.2749019,0.47832984,1.323815,0.3913553,1.1215531,0.82871526,0.93345857,0.11524987,0.38766435,0.5615312,0.24115711,0.91371083,0.013900345,1.1516232,0.6708685,0.6581365,0.946556,0.0,0.21691185,0.13872664,0.34730706,0.65392315,1.062193,0.05574346,0.3991879,0.6196163,0.01239138,0.0,1.285454,1.0974609,0.7469997,0.07550705,0.43471783,1.4922923,0.3464825,0.1716415,1.1134876,0.14054194,1.526507,0.44518623,0.24782006,1.7484423,0.7148145,0.09184765,0.663899,0.27094883,0.24535307,0.11152493,0.3536682,0.8340654,1.8347908,0.3416116,0.47876096,0.38743082,0.49485046,0.22609738,3.3670785,1.4169619,0.44585827,0.07477111,0.044284888,1.9032584,2.4314353,1.595166,1.5159425,3.1977763,0.38257638,0.9367227,0.80671364,1.6315264,0.120551,1.7269074,0.26791525,0.405514,0.14135353,5.4476,0.44493103,0.6814248,0.2740749,1.1261728,1.5718588,0.15450084,0.05223291,1.2177207,0.69588035,0.31264058,0.6008887,0.8326719,1.1123857,0.06789791,0.38083532,0.9541486,0.52821165,0.3866017,0.067482226,0.92009795,0.5209699,0.26129788,0.15210363,0.3984604,0.47321454,1.1029166,0.6642253,0.891108,0.7749772,0.7357268,0.4980465,0.37213826,7.32908,0.68213683,0.71378237,0.28849182,0.4595289,1.056769,0.20955291,0.044569228,0.8134549,1.6174194,0.0059096823,1.2206168,0.052476235,1.116985,0.0016771117,0.15700883,0.9013439,0.66722244,1.7415513,1.6358538,3.8362513,1.4270996,0.011698228,0.29425246,0.9024811,0.579986,0.32984465,0.7138302,0.6008822,0.013024346,1.8271074,0.06260775,0.3125891,0.76980793,0.8504281,0.32832175,0.4547515,0.3113945,0.40532267,0.6096976,1.3032591,1.7801112,1.9958279,1.4474014,0.7324815,1.7337602,1.7996384,0.03723369,0.037383907,0.8882334,0.4164222,0.7761356,0.49829847,0.37251523,0.34231582,0.07523298,0.4582528,0.28396934,1.302676,1.2972271,1.0271592,0.34471175,0.39259624,0.69949186,0.013752255,0.8848196,0.40211198,0.11190533,0.09404701,0.9861282,0.12170444,0.020244712,1.2881151,1.1075324,0.8627003,0.12008263,0.90098494,0.19933218,0.6958683,1.1289184,0.20876004,0.025803145,0.1697195,0.84856415,0.6063078,0.09645593,1.4235766,0.581003,0.734338,0.89020956,0.5789454,1.6972125,0.41317934,0.68470186,1.5582702,0.6205664,0.62776244,0.5527134,1.2101867,0.3553422,1.1643124,0.85238117,1.0031595,0.31375554,1.4380671,1.6018852,1.2529005,0.1468909,0.066951506,0.044648126,0.8937599,0.34798774,0.99230224,0.5051622,2.2118514,1.3460298,0.16972065,0.964272,0.21699628,1.1092082,1.0287875,1.5210643,0.05750417,0.4974727,0.10586395,0.62052447,0.74236345,0.5274274,0.14712772,0.27635095,0.0037880363,0.99570286,2.6258376,1.0105735,0.96623355,0.21152554,0.074045986,1.28628,0.7136153,0.63272834,1.2741238,1.5384455,0.042100098,0.35703704,0.47382197,0.25502717,0.024123328,0.5942668,0.12549715,2.8274684,1.0480924,0.030309306,0.47339904,0.036274165,0.6445999,1.5444398,1.2499335,1.6685302,0.5335054,1.2538177,1.1018705,1.4336786,0.20697229,0.9255777,0.97866786,0.25086328,0.65461046,2.1531255,1.1616418,0.051170513,0.37504998,1.4365525,0.555685,0.2659464,0.08310642,0.06060979,0.13242833,1.0321262,1.1393433,0.29760373,1.0786853,0.04963985,0.31887305,0.07887958,0.6722328,0.4152352,3.1606128,0.90019834,0.5787108,0.7738551,0.25071752,0.29103318,0.19830424,0.450455,1.1724342,0.08104942,0.25571153,0.39076373,1.6127294,0.2988653,0.019676132,0.20277517,1.6179364,2.289734,0.7462396,0.5270388,0.8044604,0.46687922,0.5241881,1.3571045,0.2637608,0.8332183,0.19874027,1.1462957,1.1795663,1.6442021,0.8675526,1.506823,0.05219005,0.22887835,0.4018264,1.1823803,0.2014593,2.5606778,2.649506,0.02553327,0.94968396,0.95426893,0.72938085,0.1286098,0.15484303,0.8263314,1.7767215,0.38891187,1.5632621,1.8491213,0.29474455,1.4999461,0.1369305,0.7507117,0.24490713,0.7277471,0.9037857,0.60254973,0.86075747,0.008125999,1.2895027,1.3134451,0.2015633,1.1010392,1.0662502,0.0036037997,0.37815678,0.8432206,0.39333713,0.15791959,0.016494429,1.2643261,0.25627142,2.6922927,0.09461179,1.2927959,0.62334526,0.7546721,1.3285023,0.117959954,0.6869487,0.36389688,1.3490916,0.6447539,0.29247665,0.0732279,2.8787155,2.7806602,0.8086868,0.045896664,0.9295642,0.0,0.36103418,0.028066194,0.78100824,0.011102344,0.73669994,0.27857402,1.151595,0.13690282,0.27926373,0.20560652,1.3431113,0.7674121,0.8019598,0.36430433,1.6297241,0.8705475,0.9281085,2.520904,0.038730297,0.49673882,1.3056129,0.62348735,1.0395657,0.4971545,0.26820514,0.3250705,0.37165076,0.6728455,0.41877848,0.3981363,0.3631846,0.34868586,0.19311033,0.19370826,0.31165922,1.148182,1.2419895,1.5076579,1.8577963,0.3900442,1.4312617,0.8562454,0.34437615,0.1833582,0.4074411,1.1419327,1.0229434,1.4181381,0.019199237,0.23909399,0.067621924,0.34222874,0.30383164,0.39731523,0.017619127,0.6639924,2.109295,0.25033227,1.2880349,0.59769577,2.5124786,0.38442588,1.9793504,0.59551364,1.5305508,0.050854776,0.38767132,0.80864644,0.39845875,0.22250801,0.06757839,all_pothole_images\pothole_images_new_image_1262.jpg
1.1980793,2.7224283,1.1140977,1.81728,0.7713402,1.3516039,0.21100785,0.17833968,0.2951162,0.5780581,0.375504,0.1945186,0.3201709,0.6756103,1.5488118,0.57656485,0.68132573,0.06789307,0.10765362,0.12413388,0.16200128,2.0781991,0.9181957,1.8312421,0.42296618,0.129065,0.1336405,1.3918295,0.34845647,1.0022153,2.0392556,0.5991035,1.0978928,0.75422215,0.75536335,1.1237214,1.6847692,0.5871222,0.6069515,1.0087353,0.7781093,0.1941777,0.20400934,1.3203522,2.3503447,0.023741279,0.29125798,0.6154704,0.97172546,0.3876578,0.13201028,0.18248387,0.2711949,0.4161633,0.06472798,0.366532,1.9740286,0.03893627,0.88497955,0.3773739,0.0007054575,0.27616155,0.25776523,0.62509495,0.122009255,0.46691927,0.84245837,0.21691692,0.2185508,0.11151699,0.33064204,0.22091588,0.90751904,0.9244129,0.077745564,1.9177288,0.06271705,0.250191,0.11365875,0.7199705,0.039607678,1.2236692,0.039406087,1.4686732,0.6041438,0.68427324,0.21091248,0.0044767726,4.3036327,0.43369928,0.08951597,0.29464012,0.23907864,0.062287018,0.8954441,0.13472833,0.70314205,0.9876385,0.0051790304,0.059231255,0.08748537,1.1528264,0.46427122,0.13426799,0.92045313,0.0,0.035754036,0.4407636,0.41142085,0.6676755,0.19928087,4.18983,1.2966706,0.20454493,0.38332003,0.55838203,2.0173032,0.00887148,1.2360168,0.6395107,1.3149233,0.6700175,0.05433841,1.1009078,0.10455544,1.2104342,1.379795,0.53373456,0.70266926,0.40629202,0.74628,0.09523182,0.39056525,0.0,0.84891623,1.4099747,0.30765703,0.27529237,0.2478473,0.120817915,0.18718828,0.2952454,0.05270045,0.6951376,0.06856119,0.8144427,0.3722496,0.83038163,0.16887096,0.3222652,1.431951,0.5123021,0.96203095,0.03153746,1.9239604,0.6079236,0.10044749,0.26635835,0.9894096,0.12910582,1.2226868,0.86316806,0.15141422,1.2926569,0.28930563,0.9545654,0.80473536,0.0010982873,1.3357567,0.37030882,0.07053391,0.67922384,0.2323798,0.5206289,1.0376889,0.29866245,0.508166,0.0,0.10478512,0.1883938,0.0,1.4725016,0.667881,1.1752992,1.992011,0.35030356,0.030026667,0.7852558,0.6087008,1.0315335,0.18192452,0.510534,0.08274446,1.5890397,1.1023767,0.0077616298,0.8413207,2.0518818,0.844242,1.2613125,0.1276936,0.96635467,0.047853786,0.27658418,0.12915084,0.6321701,0.43475217,0.001853929,1.4371248,0.033688024,0.20019382,0.13607651,0.7544276,1.5928051,1.2413154,2.1875465,0.25910738,0.18315132,2.278192,0.4534439,1.3331118,0.0,0.34688,2.526502,0.14051177,0.77771837,2.1575084,0.337085,1.5367621,0.30772474,0.23797989,0.18975084,1.0429488,0.06934688,0.96355546,0.21057113,1.3330648,0.18188745,0.308379,0.29909605,1.5777066,0.36278066,0.88731617,0.35292816,0.0,0.008757241,1.1231158,0.0,0.38332018,3.5621116,0.6455539,0.9259944,0.41556633,0.41165316,0.3682642,0.05117728,0.8121899,0.7363356,0.6329563,3.116308,0.009454457,0.033349045,0.9336772,0.72806764,1.1060671,1.1455431,0.40000042,1.3568838,4.232187,0.18969212,0.8831383,0.06004182,0.00056415744,0.72657365,0.7019306,1.4412842,1.7172627,0.24365091,0.35179892,0.37143248,0.18790638,0.55743897,0.2177624,1.0676501,0.4766457,0.7803224,0.53919774,0.54808843,1.7931043,0.3657007,0.19808212,0.55747527,0.11498691,1.8613483,0.12748393,0.838484,0.20133154,0.117524534,1.1079152,0.5278369,0.0051740576,0.23443572,0.06986602,0.8247088,6.3458943,0.42143726,0.70098203,0.87970716,0.5516389,0.28254354,0.04815175,1.1398122,7.024746,0.65653175,0.26208207,1.4336691,0.030621855,0.60977685,1.3415855,0.37260848,1.6873835,0.008424286,0.013131181,0.29825175,0.16440134,1.6475515,0.84715176,0.5965817,0.58923805,0.4793886,5.220331,0.33790767,0.21603175,0.12946601,0.034310166,0.308409,0.93050414,0.03661951,0.39670753,0.19507058,1.4182535,0.996498,1.7320958,0.0097316345,0.77372694,0.3249318,0.6254672,0.0009922017,0.24870358,0.3388328,0.7114625,0.9568934,0.32666764,1.1391057,0.6132642,0.31749478,0.29244986,0.10970161,0.30980197,0.72093636,0.025144655,0.69626015,0.6061377,1.0850158,0.038299095,1.4500384,0.6895973,0.31241593,0.7411535,0.16496454,0.13010328,1.3690139,0.43531907,0.0977317,0.8186865,0.044543605,0.7862879,0.3357417,0.056988128,0.31045532,0.18984874,0.275905,1.3642583,1.83498,3.6348453,0.563746,2.2792697,0.045199227,0.5473276,2.2757187,1.0522977,2.9354577,0.16747808,0.0148918405,0.016603647,0.29241744,0.6271695,0.5715255,0.19877882,0.05106022,0.40199715,0.8465878,1.1032223,1.1567744,0.19737816,0.013557697,0.9446752,0.5446661,0.0047745197,0.65692174,0.19035298,0.05985148,0.5477217,0.5432704,0.026111424,0.36911383,1.3598477,0.28111738,0.8845139,0.02024809,1.1833775,0.5608392,1.2927843,1.9713801,2.1114056,0.48547387,1.6738892,1.516087,0.60478073,1.1771885,0.74783075,0.63392687,0.12170556,0.52657175,0.33947742,5.1110535,0.9671571,0.1609068,0.2051995,1.8537543,0.075776026,0.5746386,0.053487267,0.20441203,0.72249883,0.0,2.1173158,0.4893306,0.5878686,0.6195531,2.120002,0.65641606,2.8295057,1.2143762,1.1072474,0.504052,2.7998102,1.1488192,0.99648184,1.3338462,1.6553774,0.0035848175,0.8853971,0.009353423,0.58721715,0.57597613,0.30376557,0.0,0.36028334,2.4143894,1.4185863,0.009727424,0.12354854,0.648614,0.6211953,0.3993607,0.1865105,1.3798454,0.4809651,1.0247244,0.71520996,2.167247,1.7155246,0.78175557,0.073078945,0.47869405,2.2067163,0.45231527,0.90023863,0.11039837,0.3113297,2.1391914,0.21327855,0.0017538995,0.0,0.6029656,0.25727996,0.24737073,0.0026850079,0.08276732,0.10683808,6.106493,1.034924,0.25604546,0.64898807,1.4882432,0.0,1.0763978,0.21823984,0.891769,0.1544462,0.40105975,all_pothole_images\pothole_images_new_image_1263.jpg
0.011325379,0.62480354,0.37830827,1.9760652,0.52423435,0.01989766,0.04186739,0.048142567,0.4926237,0.027160002,0.38074827,0.0035456729,0.0006433483,0.5908978,0.03840316,0.0,0.3494188,1.1219465,1.6339602,0.82749844,0.003653289,0.15706134,0.7595061,1.6769664,0.15733923,0.2702173,1.1964347,1.4816072,0.00795529,0.48233443,0.11281654,0.07982329,0.008510468,0.21118784,0.10427938,0.7833853,0.34057197,0.250881,0.5235533,0.2563654,0.0,0.020076029,0.06750752,0.20060517,0.943197,0.17018941,0.07976552,1.280473,0.9484567,0.9374659,0.916619,1.200262,0.017326573,0.0,0.670034,1.1052158,0.91307956,0.3589716,1.3675226,0.03297657,0.67637515,0.15982227,0.8102174,0.190119,0.8022469,0.24665835,0.095107526,0.91380095,0.48952577,0.31442788,0.009743598,0.4337323,0.8138714,0.0,0.08509862,0.05626217,0.048053537,0.23087363,0.00312564,0.2069502,0.020634994,0.07961706,1.5403184,2.153964,0.34163284,0.19699587,0.47975725,0.4053319,0.3716465,0.38673392,0.0,1.9878602,0.25489455,0.19446006,0.25551978,0.044987842,1.3295486,0.3492536,0.70636153,0.08850953,0.061989587,0.075194046,0.49268302,0.26071924,1.8814499,0.08521725,0.5007711,0.0,0.30584013,0.77475226,0.0068553486,0.36749092,0.23082203,0.093302645,0.6961937,0.17021236,0.38073227,0.090316385,0.093927324,0.03949481,2.015021,0.95871586,0.049954016,0.7392472,0.4255247,0.9270511,0.0061713746,0.060945004,1.601827,1.1212044,0.54267395,0.1870621,0.33408514,0.3219494,0.40347025,0.18819593,0.08936903,0.79244775,0.9623676,0.07754873,0.8584824,0.84377223,0.10895034,0.3391209,0.0044431714,0.23999284,0.015220805,0.4854816,0.44325745,0.002977116,1.3399359,0.07442223,0.05860753,0.0014682139,1.1686077,0.5471028,0.5223793,0.015514213,0.0002869944,0.4780951,1.3683296,1.1599764,1.4475541,1.0310214,1.0206856,0.07483989,1.2392006,0.29643828,1.263083,1.1899834,0.09945848,0.10248643,0.02654198,0.14724319,0.48771137,0.2902471,0.031150954,0.02743823,0.35225627,0.05991381,0.03173519,1.9681486,0.51044565,0.05774769,3.1435926,0.85466653,0.68314797,0.23339675,0.008914814,3.2347488,0.029792925,0.5166421,0.57426155,0.5458143,0.8564695,0.0,1.8731346,0.24375595,0.30251762,0.03849812,0.28930178,0.18872042,1.1469139,0.12839046,0.24527897,0.06254432,0.13640355,0.2862715,0.825708,0.1861566,0.018844793,0.08009072,0.046054997,0.010241323,0.79335105,1.059894,0.46057284,0.16260591,0.24849898,0.5193953,0.4767109,0.81491214,1.5294899,0.460484,0.04572015,0.058304902,0.5114079,0.17563505,5.10715,0.34762043,0.0050076772,0.08100012,0.9511203,0.0,0.3853999,0.0039739795,1.9640198,0.73528975,0.0,0.022939336,1.07287,1.4341326,0.17739876,1.2622797,0.2766467,0.1145922,2.1372762,0.8689803,0.32955074,5.7049255,1.0723805,0.39044422,0.057232544,0.15413782,0.0,1.5326164,0.21162166,0.26092735,0.0,0.04001125,0.0858809,0.04290551,0.14773019,1.6311964,0.010694996,0.06378013,0.96326303,0.11374113,1.1775398,0.15171961,0.019496854,0.0,0.8944908,0.23818175,1.4027996,1.4186034,0.2170269,0.9228006,0.24450529,0.23324074,2.35672,0.70987433,1.1601434,0.124338605,0.69324833,0.58846015,0.7872124,0.088250935,1.9004005,1.3033004,0.13355239,0.09617364,0.37643299,0.25440907,0.51501745,0.30036432,0.148956,0.9444598,0.053396817,0.79753697,0.37915388,0.7025856,0.27050912,0.109555945,4.4029984,0.12546854,0.42259,0.44308043,0.010742972,0.9118366,0.0007647117,0.33308592,0.46575236,0.8957726,0.5774887,0.17333622,0.2196722,0.08077599,4.584207,0.1034324,0.0,0.718704,0.05665326,0.75667113,0.83898395,0.6630916,2.4873443,0.0,0.28538415,0.0043956097,3.1269157,0.0,1.1553091,0.0594023,0.12549858,0.30611253,1.7173727,0.0012097312,0.019052539,0.30589962,0.005530151,0.17032664,1.6651225,2.5173974,1.8996946,0.02302598,0.0042896015,0.07611153,0.2527972,1.3119433,0.5851987,0.0,0.20817547,0.34187654,0.12860876,0.035268314,0.0015926323,3.557778,0.66878945,0.5260441,0.74284005,6.3613367,0.41312915,0.2927817,0.04755803,0.0,2.364862,0.18239936,0.09953405,0.8274864,0.86908036,0.0003542781,0.021722415,0.096868455,0.48196337,0.4041973,0.15439242,0.0,0.1519706,0.7927144,1.1338806,0.2927367,0.57733965,0.62078375,2.3635893,0.0,0.2741797,0.35115865,0.007953151,0.2103795,2.065454,0.9473494,1.1477027,0.84743184,0.15444459,0.065953754,0.65452737,0.5792628,0.66782695,1.1212195,1.102686,0.8800698,0.037832722,0.8030518,0.16885696,0.0,0.4051786,2.6110866,0.07211892,0.3020775,0.002955299,1.0398718,0.0,0.027180895,0.3177315,0.14517988,1.2555844,0.90113956,0.0024865398,0.0022261883,1.5194708,0.034893453,0.44352812,0.6658193,0.8252178,0.0064457622,0.37544876,0.19502011,0.10341178,0.8529946,0.04798784,1.0143458,0.0075125634,0.095476925,0.5699321,1.2704725,0.028178439,0.030291796,0.4628716,0.43281952,0.08071383,1.2532368,0.045876503,0.73807794,0.88883513,0.36973184,0.18609747,0.36827493,1.0883883,0.32446104,1.5418631,0.39742947,0.02248385,0.0,1.3666946,2.0801105,0.0369292,0.40419838,0.91569936,0.29183972,1.8674058,0.0,0.35031247,0.0,0.20149677,0.19451916,1.1937944,0.0036191794,0.0369752,0.1905474,2.057902,0.5654018,0.59881854,0.043319657,0.031206675,2.6704824,0.004999003,0.19758429,0.25840256,0.06681256,0.3013355,0.44058684,0.15995038,0.0,0.18270218,0.30625856,1.6033388,0.0002728988,1.5786281,0.0,0.6217226,0.8527607,0.0,0.28874663,0.0,0.0,0.038948152,0.14261234,0.056911346,2.6758513,0.0,2.591296,0.5533165,0.21890222,0.38327944,3.393616,0.4791658,0.11207826,0.25129792,0.573757,0.8229722,0.0028052202,all_pothole_images\pothole_images_new_image_1264.jpg
0.023681631,1.2534895,0.09990416,2.3687103,0.75043267,0.34548333,0.5741016,1.220787,0.06337594,1.3969916,0.65124846,0.7336666,0.023229921,1.6787523,0.0,0.3562078,0.09953236,1.3540609,0.6892744,0.24509786,0.91316503,0.83038545,0.156812,0.7369293,1.0283813,2.0810843,0.32108673,3.5079997,0.21898422,0.07953823,0.058297765,0.3109499,0.12776972,2.3892858,0.2245327,1.7087138,0.20845814,0.8469059,0.25460353,0.6842888,0.029407758,0.11811873,0.7487011,1.364293,1.1762985,0.029714476,0.07310451,0.0,1.4231676,0.7572159,1.0836722,0.98370326,0.07920412,0.03572233,0.12360862,2.5773127,2.084698,1.3380477,0.35874328,1.062994,1.3795336,0.29595473,1.4205735,0.56673735,3.1680324,2.840424,0.11440847,0.13117653,0.09218052,0.024184445,0.6253866,0.32397798,0.46099344,0.16256325,0.4680728,0.66895586,0.24104741,1.6913794,0.38617578,0.28247637,0.15749775,1.0900568,0.07803332,1.4454973,0.07429787,0.79117364,1.6363924,0.017151149,1.4594556,0.92864007,0.013085614,0.40276748,1.2682067,1.6294338,0.23870078,0.32284296,0.12361935,0.49631336,1.459042,1.7072898,0.24122311,5.758028,1.0564977,0.5185068,1.516936,0.07539876,1.2129602,1.9810463,0.34561202,0.051390927,0.54994214,0.21091223,1.712995,0.52722806,0.50671875,0.10358279,0.96575624,0.5423921,2.8839521,2.1093554,2.1735115,0.020851333,0.12699114,0.73548645,1.4888165,0.14535847,1.512733,1.2542663,2.3314025,0.11719888,0.47715607,0.0,0.23392665,0.9179428,0.8413364,0.45153624,1.2208619,1.132005,1.4754109,0.40392712,0.42725947,0.3392634,1.450757,1.4662716,0.04469341,0.5810218,0.8610232,0.3486695,0.09083773,0.4134072,0.5108172,0.55782616,0.20820716,0.28798807,1.3123362,0.9972799,1.1036135,0.2843266,0.65838903,0.14412016,1.5049359,0.9451323,0.3675962,3.5449913,0.7469465,0.09428307,2.2364955,0.15290383,2.4272413,1.5231721,0.19217327,0.037321094,1.383003,0.38904795,0.7590064,0.16842271,0.43503788,0.20556572,0.30991012,0.08735552,1.3801826,2.6840599,2.966683,1.7705919,1.0559834,0.6130153,0.34904522,1.1657623,0.14506374,0.29612082,0.0,2.0666294,0.0,1.9039946,0.6077157,1.3489859,1.238155,0.7816394,0.34257632,0.10691368,0.5375483,0.8774219,0.6955964,0.058857784,0.40045756,0.0060041617,0.46100214,0.13453758,2.298261,0.54363716,0.041557584,0.022402178,0.4213801,0.93109524,2.693733,1.069041,1.309282,0.04014961,1.1963739,0.9581785,0.26357564,0.11866323,1.1346035,0.45562586,0.023240918,1.0648607,0.7411616,0.36283466,0.6903502,0.53162026,1.1155089,0.0028526566,1.0171813,0.32290113,0.21788211,0.20524414,1.2443386,0.4541681,0.008198743,0.29482606,0.10063245,0.133157,1.1226711,0.16950756,1.2692238,0.010112426,0.88063765,0.5397067,0.31777254,4.5139503,3.9590738,0.27466503,0.13139333,0.24683559,0.4125046,0.7870446,0.28743693,0.041450556,1.0115467,3.6107275,1.599405,0.34623516,0.14415266,0.0133295385,1.1327714,0.39725012,1.2312838,0.12515554,1.4354423,0.18610428,0.5949479,0.08819523,2.1353047,0.30395535,0.3261963,0.16989288,0.5047598,0.82997185,0.06745422,2.129577,1.6944178,1.4324328,0.24255292,1.1399627,1.9944429,0.914128,0.60279214,1.412644,2.3630207,0.84314525,0.03635929,0.60981995,0.34367597,1.105466,1.3260666,1.3430228,0.43530646,0.6246151,0.62563735,2.0732288,0.9861862,1.5296087,0.8017248,0.15824102,4.4950128,0.8081213,0.35474402,0.0,1.125959,0.8430378,0.92193073,1.0179385,2.4235845,1.279353,1.3127435,1.0536883,0.05218349,0.6521442,1.5870128,0.53611356,0.43170807,0.37571037,0.02745478,1.0836934,0.6060739,0.17214262,0.03744858,0.39922363,0.98839474,0.45902687,1.2768674,0.87808335,0.0,1.085488,0.49478117,0.42854354,1.1862551,1.2976506,0.44664234,1.2791411,2.590799,0.76145387,1.359581,0.8389903,1.4453094,0.7335698,0.74595565,0.2520435,0.6892449,0.35140854,0.31354868,0.024296794,1.5436981,0.8462878,0.1954869,0.9473914,0.1693261,1.6587272,2.317861,0.39806366,0.40679193,0.22095065,0.49518076,1.560993,0.07578648,0.17612459,1.6855444,0.29161122,0.7432477,1.4577835,0.8380303,0.0,0.536241,0.0,0.51655984,0.06256592,0.1061061,0.037719194,0.60512054,0.8616056,1.0358411,0.32300875,0.36784288,0.7926189,1.884059,1.7229147,1.8986717,3.9803278,0.21536624,1.3128842,1.0979564,0.7129852,0.44741985,0.2151064,0.06036722,0.9175845,0.7546978,0.77016664,0.9729058,0.36819866,1.0416566,0.6861358,0.27598226,0.56121033,0.32733294,0.9573172,0.26959628,1.134556,0.9061114,0.02343045,0.80076087,0.07669982,0.0031664604,1.1690792,0.1351814,1.397454,1.6378852,1.4213628,0.928281,0.1729615,2.9095783,0.13905357,2.327274,1.9409205,3.6768239,0.070344634,1.306856,0.85246384,1.4997561,0.32228667,1.1578825,1.1374052,0.6488398,0.400013,1.51405,1.8559158,1.7567791,1.0068717,0.79364866,0.5642408,1.2799975,1.0204912,0.39841694,0.020451322,0.1706782,0.11280379,0.7615888,0.93063915,0.04195007,0.70775276,0.34007812,0.9475684,0.043501697,0.48076406,0.22340472,0.65237427,1.0457544,0.25056282,0.4766028,0.5619706,0.7565007,0.48085368,0.018707491,0.26870066,2.454817,0.6423356,0.0037974154,0.0067114243,0.79199713,1.8142579,0.08003105,0.13069382,0.53778046,0.21106704,1.6851137,0.06459021,2.2287788,0.86792475,0.5861921,0.012488311,0.26710576,1.4893535,0.85986125,0.013294647,0.07063164,0.09150877,1.2996432,0.0009664423,0.49634933,0.02282571,0.46890655,1.1276712,0.54478943,0.61819875,0.3199353,0.2505757,0.21884054,0.4000209,1.5943676,0.3853315,1.3221903,2.9867527,0.94250286,0.2815805,1.2950208,0.811247,0.0013188756,1.3805504,0.88163984,0.8462836,1.2111305,0.80020916,all_pothole_images\pothole_images_new_image_1265.jpg
1.0804538,0.072595485,0.1161935,2.3902597,1.3655442,0.28196976,0.6288509,0.16548069,0.18925421,0.09565498,0.058010206,0.7940936,1.3979768,1.3764048,0.3789935,0.26732525,0.017708916,2.1307983,0.28658453,0.100268,0.12089183,0.7120008,0.075607404,1.061409,0.9638729,0.40702903,0.30549777,1.0487838,0.0,0.16511193,0.7308396,0.5382577,0.8275877,1.3817033,0.6047467,1.8231964,0.18735023,1.3334275,0.407592,0.5678578,0.5081912,0.5476337,0.48525754,1.5078287,0.15896288,0.27235824,0.82114625,0.0,1.3249646,2.3060246,0.018297581,0.7531626,0.5428483,0.49341303,0.3087184,1.9933203,0.6371063,0.49368963,0.75971127,0.08332927,0.10043317,0.054371834,0.24590005,0.019552479,1.7965292,1.5265665,0.0076845908,0.33777073,1.1111279,0.8245083,0.5597081,0.083501495,0.46776354,0.9402576,0.12058505,0.0,0.30184472,0.44802684,0.46569142,0.7728277,0.579459,0.06565551,0.45725122,0.9889993,0.91662765,0.4902787,0.25168914,0.257908,1.0412096,0.30637115,0.56712866,0.21776977,0.59190166,0.059489585,0.0,0.1038051,0.9551165,0.4103497,0.14895116,0.03452258,0.39377376,2.454514,0.71895504,0.31729823,0.34333062,1.3249595,0.71952415,0.14055732,0.11240633,0.7783789,0.42480484,0.4681359,0.85011804,1.2984585,0.33422282,0.8414149,3.4161706,0.75535816,2.8821516,1.1578267,0.830556,0.8433399,0.31354284,2.0882497,0.32282054,1.2729942,0.08325678,2.2674832,1.7847928,0.20235303,0.838858,0.0,0.5657249,0.38972843,0.08189524,1.1810133,0.51479614,0.57619554,0.37357375,0.2850261,1.9024482,0.012624821,0.3087207,1.1278481,0.33366957,0.94632924,0.75670165,1.31931,0.5985479,0.06866925,1.1846633,0.28051928,0.13050118,0.2265355,0.9341323,1.5702171,0.68930316,0.57902294,1.7623807,1.1365491,1.9950963,1.9976482,0.1533142,1.174286,0.11220929,0.28088987,0.44795093,0.5283626,1.2549419,1.0752757,0.31833795,0.36967942,0.011262168,0.6215636,0.6919096,0.14981455,0.013617743,0.16541795,0.38084495,0.40323403,0.11347587,4.5314345,3.3673313,1.5036209,1.7406417,0.36428133,0.38482112,0.59822935,0.70162773,1.2503926,0.5277444,1.0017658,0.40162882,0.95480794,0.010580997,0.34196275,0.6549418,0.7851704,0.06667243,0.382525,0.4914047,0.7763205,1.0837023,0.66712075,3.1960044,1.0065261,0.7914198,1.0126581,1.8607862,1.367332,0.0797202,0.43344,0.5834012,0.25047925,1.2292131,0.7741654,1.1740272,0.4450402,0.06157439,0.023308247,0.36321512,1.3028271,0.45683637,0.202528,0.15058136,1.0788748,1.5737529,1.2162514,0.8513428,0.52188164,0.258608,0.00015361769,1.526699,0.25696766,0.79181933,0.55986005,0.761262,0.094106816,0.20581529,1.5931876,0.28634277,0.105274804,0.51180047,0.024876399,0.6117151,0.31874543,0.46218953,0.49518085,0.766415,3.0700128,0.3181121,0.37695238,1.6240102,0.7612038,0.78773576,1.7346406,0.72699714,0.2730608,0.5857353,0.73073715,0.29137906,0.357945,0.07977574,1.1926788,0.9372435,0.8519329,0.30843404,0.26524982,0.57882154,0.093425594,0.819559,0.37504476,0.2208457,1.8498628,0.49334902,1.2999783,0.27128726,1.1944755,1.1789684,1.3085192,1.3954413,0.051370416,0.45984998,0.0,0.433896,1.1255083,1.4660634,0.35395077,1.9497521,0.6213175,0.3407959,0.0026004382,1.3660617,1.7577062,0.28484207,0.04307525,0.91938424,1.8943926,0.4568093,1.0625044,0.22004882,1.4268005,0.8247409,0.48444673,3.5451727,0.4928616,0.35434726,0.38175988,0.0008818418,0.4712807,2.280676,1.9660412,0.9882919,2.5317361,1.0570434,0.9250069,0.42883402,0.20207189,3.9887452,0.32394964,0.99233884,0.0,0.51023966,0.39640582,0.4859852,0.70609474,0.49126792,0.20337448,0.09748612,0.17621562,0.52113307,0.14196107,0.22346939,0.38144433,0.0029026798,0.2103313,0.9552672,0.009003647,0.2183266,0.48913845,0.63418,0.37316746,1.3669499,0.7730834,0.24448462,0.12298298,0.37270993,0.1580403,0.43082523,0.5336494,0.37629783,0.4027062,1.4893521,0.14475958,0.24797548,0.43880582,0.059582934,1.0828987,0.6884242,2.063206,0.32447496,0.2230062,0.20118912,0.50268084,0.09239405,0.06801633,1.7048321,0.37372285,0.5794314,0.21838507,1.1073768,0.7615729,0.2710941,0.08303551,0.55471,0.63440347,0.56835216,0.4033268,0.6483391,0.51796097,1.8064551,0.022794874,0.15837951,0.4186221,1.766682,2.080163,0.68704045,0.20179345,0.76981735,0.01844884,0.78374314,1.1803029,0.10786143,0.09811229,0.0558017,0.19937369,1.078166,0.15380831,0.353858,0.9165716,2.6286745,1.4802874,0.39098805,0.043036975,0.82765025,0.21260402,0.0650976,0.6861403,0.0054668197,0.120793134,1.322685,0.99146765,1.182066,0.8505065,0.0014502478,0.3761939,0.92799616,0.46574357,0.8506557,0.023890583,1.9503037,1.1618459,0.7516228,3.3556883,2.188838,0.579406,0.5829048,0.7463008,0.18018813,1.4341384,0.19956867,0.30420804,0.9414609,0.6235409,0.7223087,2.443564,0.27624446,0.44080177,0.35955206,0.87433887,0.27050868,0.3931483,0.5167408,0.97569084,0.60085475,0.22827226,0.76520056,0.24328749,0.0,0.7986732,0.9920725,0.45063564,0.46145454,0.875834,0.48685303,1.1936984,1.5136383,0.41867197,0.44049555,1.2697682,1.9666784,0.2958293,2.1019576,0.048202347,0.24569881,0.20666602,0.73699963,0.058299296,2.0864606,0.5513001,0.99678767,3.169563,0.06432482,0.5900078,1.9932477,0.24622975,0.9560906,1.7492648,0.50909966,0.0,0.08590009,3.7351959,0.87382686,2.0837407,0.1108238,1.3195258,0.26057562,0.44223472,1.7676291,0.57744354,0.7537029,0.34660178,1.1319686,0.38676465,0.37232003,0.17219114,0.04725844,0.2199709,0.14128259,0.5250577,0.09036357,4.119507,0.8857358,0.6179581,1.13885,1.0423291,0.7382277,0.6444984,0.6305474,0.57989705,0.08165822,1.1185985,all_pothole_images\pothole_images_new_image_1266.jpg
0.27391738,1.6688527,0.40049952,2.5365846,0.25565884,0.38801855,0.38601735,0.36510205,0.31829688,1.1816192,0.6837616,0.68739706,0.7342316,2.2981975,0.044254415,0.5954025,0.7414121,0.0,0.9760309,0.13316546,0.68987405,0.47298712,1.6755221,3.6307764,1.1714787,0.47789288,0.41242105,0.7630887,0.5797644,0.22857794,0.61729884,0.0059121232,0.0077076755,0.7265902,1.2856812,1.3917716,0.3369737,0.9169585,2.1535597,0.21366543,0.09570363,1.4350642,1.0683535,0.27050376,2.9509206,0.07075561,0.13635635,0.08431139,0.946269,0.027337948,1.8665453,0.9974028,0.10983462,0.34870744,0.005651786,1.2128017,1.5514311,0.1351272,0.80943227,1.0342749,1.2546614,0.56758606,3.5036519,0.79455435,0.70177484,0.41531956,0.5121934,0.35027656,0.7644626,0.19871993,4.3164315,1.2638266,0.4205675,0.18100804,0.5582725,0.7570283,0.45322216,0.63115346,0.6106663,2.052634,0.17686228,2.822902,0.57293624,4.4217396,0.27258745,0.20054096,2.3860326,0.5192193,2.2374005,0.84571844,0.5178254,1.6549352,0.4169675,2.957698,0.21044713,1.9770713,0.46585798,1.1882315,1.9751163,1.5451005,0.07395573,1.6498029,0.8806662,0.45897096,1.4449193,0.139147,3.022209,0.23646148,2.1799266,0.27360678,0.83301806,0.959573,0.82209545,0.7169714,1.7707962,0.5219933,0.255619,0.09733211,0.16525632,0.20665763,1.192594,1.157412,0.36892033,0.62116605,2.578835,2.2150314,0.044897784,0.18500449,0.6092599,0.4802679,0.11008323,0.65893286,1.2150295,2.3460784,0.3302707,0.38457182,0.86190605,1.4097214,0.94031584,0.971593,1.4663748,0.8934617,0.28123796,2.0092375,0.5398351,0.42002237,0.21836245,0.41840553,0.5910347,0.002674663,0.21062921,1.6163697,1.7289269,0.04795866,1.4273819,0.38015074,1.3134462,0.56136066,0.09976299,0.669584,1.3705587,1.5466957,0.049067818,2.5770257,3.5051262,0.12537046,1.569668,0.4035842,0.74328077,1.1916897,2.651207,0.37408656,1.5311667,0.4534111,1.3351839,0.4131651,0.7187908,0.63697064,0.056087535,0.3233837,2.0183399,0.4887874,0.3961296,0.5150216,2.2313318,1.2049835,1.8383206,0.089025944,0.63781255,2.2107544,0.59507686,2.8488936,0.51208824,0.5770156,0.68231815,2.2468417,0.7686291,1.0176513,0.4133197,0.35553563,2.838201,1.0059234,0.067439035,0.46314535,1.1692194,0.09950406,0.14590463,0.08865833,0.8510798,0.2862882,0.9564777,1.0673634,0.23076758,0.9997651,1.915554,0.019886779,0.5908881,0.22283351,1.7317775,0.5202113,1.8516873,0.0,0.54286164,0.1077627,0.45815557,1.1288576,1.0447882,0.15877196,2.1703718,0.89895797,2.9132154,0.86796254,1.1994455,1.5944138,0.00658057,0.80196106,1.3691381,0.023402559,0.14328699,0.06308241,0.26826474,0.29172415,0.024075337,0.05342568,0.24241793,0.64962536,0.45626453,0.5462504,0.27055594,5.122192,0.5807581,1.5892334,0.0062469924,0.50695866,0.38132313,0.016393038,1.6878587,0.26287562,0.08666,3.6732411,0.81542593,0.42279384,0.57148606,0.053209692,0.22070199,0.017505458,1.2206782,1.8488007,1.9366969,0.014783891,0.7650716,0.054835025,1.7410406,0.8670823,0.14043175,0.86775106,0.54399025,1.1217805,0.4711717,0.32634398,0.5867591,2.4494772,1.3079615,1.0507187,1.3148088,1.350557,1.0225276,1.0278844,1.2318463,0.18446608,0.24278311,0.40976417,0.19903243,0.79659355,2.9062388,0.638638,1.072489,0.18216686,1.030916,1.528065,0.117039405,1.8666334,0.3119689,0.15857111,4.794051,1.1095463,0.19056256,0.038040865,0.95869726,2.9105797,0.09562525,0.46496558,3.2635238,0.3362387,0.5168741,1.0091187,0.79019773,0.6113431,1.2436422,0.06810069,0.4510949,0.61792845,0.8376732,0.021179972,0.26810446,1.6656216,2.213139,0.27310327,1.219791,1.1865574,2.1570427,0.09985032,0.1527953,0.08284016,0.05602414,0.7020129,1.7732921,0.2845984,0.8579634,0.077857696,0.8758685,1.899314,0.41115093,0.2824971,0.41579658,0.14507745,1.1668401,0.091102265,1.1346606,1.1169091,0.77221006,0.03884048,0.33481368,2.4606352,0.8000082,0.29625505,2.2948983,0.3616598,0.07629525,0.011596069,0.16108361,2.7721577,1.0177467,0.051453847,0.05403142,0.5163543,1.4628481,1.1290644,0.14008133,2.2877524,0.43435597,0.48258704,0.15940364,1.6984082,0.46290842,1.8627777,0.5415171,0.30892658,0.19294786,2.1528163,1.9847898,0.842984,0.51312673,0.82431746,1.3687685,0.695421,3.9997222,2.5828652,1.0439091,1.2645404,1.7345859,0.0,0.69979364,0.09363845,0.08299372,1.788459,1.1517754,1.3229151,0.0,0.075708084,1.2124376,1.5685064,0.035356265,0.9442314,0.650634,0.1496107,0.84488535,0.7548165,0.25477114,1.1558796,0.0766822,0.3105339,0.103688434,0.6666052,0.9118898,0.15629883,0.25870207,0.64415884,0.17559828,1.0294834,0.44939944,0.159729,2.2037866,1.1087798,2.5955453,0.3803593,1.1455781,1.087958,0.9960363,0.35317868,3.398771,0.6450326,0.14311372,0.35597122,0.07899036,2.5525608,0.31076583,0.40971506,0.88718754,2.4969413,0.5267024,0.50628734,1.1957964,0.10584726,0.18856683,0.0015236279,2.2531738,0.51380235,1.4984783,2.0948164,2.308,1.0554258,0.3381075,0.0,1.2381294,0.67980653,3.1109502,0.17431754,0.95672137,0.16711122,0.7246751,0.6786259,0.030435788,0.8648609,0.9187142,0.1644588,0.68431294,0.11192697,1.0812541,0.44014642,0.4147984,0.013013297,1.7492361,0.121978894,0.12766966,0.36618832,2.4104,0.0006634469,0.48219556,0.06942357,0.45180765,2.3157148,0.65530807,0.10447554,0.07435998,1.1624166,0.22320881,0.4105034,0.46197283,0.0043426002,0.29173014,3.11749,0.63329464,0.036491957,0.24527954,0.8418484,0.40213522,0.7856884,0.660688,0.8647261,0.92576486,2.2498665,0.0,0.09813866,1.6014223,0.001089317,0.9055649,2.0291007,0.53518814,0.17702883,2.712956,0.69376063,all_pothole_images\pothole_images_new_image_1267.jpg
0.12041884,1.2142237,0.82567227,0.64994,0.49058813,0.26786163,0.25911736,0.0,0.2808234,0.5955223,0.5356557,0.55849683,0.21960184,0.11072747,0.05540039,0.90314496,0.21941803,0.040335342,0.65456873,0.021135159,0.4292952,1.4228349,0.49309647,1.843948,0.26684296,0.06404518,0.09536223,1.3209901,0.079211146,0.0052605704,0.5699209,0.050577257,0.76338404,0.06518937,0.2955332,0.82989705,0.8252078,1.2990191,0.0,0.60129154,0.014654426,0.32258317,0.11430871,0.8190415,1.4222699,0.3264073,0.05445667,0.11894002,0.3548598,0.3343811,0.7127475,0.6214023,0.16168213,0.17944956,0.002252254,0.213864,0.9825568,0.03490726,0.9540106,0.58788633,0.1658066,0.04620459,0.72956616,0.28786469,0.4638618,0.6854305,0.46693712,0.03096434,0.6401451,0.06851174,0.21177967,0.5410364,0.5484558,0.15961668,0.23234342,0.7546654,0.0059011504,0.81571454,0.031872977,0.24553129,0.23752162,0.07883247,0.20436727,1.3992829,0.9152659,0.6860591,0.2177987,0.28153712,3.0044923,0.5243738,0.00066762726,0.18128657,0.11631926,0.027203504,0.52530336,0.3821534,0.53824615,2.2117002,0.46434587,0.14340039,0.103806354,0.69400173,0.15623648,0.22759838,0.524913,0.010053834,0.3585381,0.0020164405,0.3322876,0.33559793,0.12077125,1.4566628,0.29607943,0.42353684,0.0071018664,0.69360566,2.0377607,0.23958877,1.6374396,1.0349381,0.88193595,0.16760218,0.24084067,2.4892306,0.25663608,1.8542823,0.13157739,0.6368244,0.24038908,0.887109,0.53875095,0.01852515,0.56421834,0.0963112,0.052687995,0.4014645,0.026319498,0.5885578,0.54267,0.2231495,0.07902325,0.37268212,0.19334112,0.598243,0.16757135,0.5888801,0.24969162,0.07444431,0.38250467,1.711464,0.8040833,0.48850188,0.03445767,0.08871633,0.7164442,0.15431964,0.20019232,0.093504,0.05886969,0.07363041,0.6183607,1.1974244,0.14917876,2.4795938,0.06338386,0.0038252713,1.9356614,0.0095566,0.21986696,0.8075712,0.15539896,0.19840844,0.10475521,0.06476615,0.4047005,0.2048644,0.28828502,0.0010646887,0.33271846,0.20684671,0.0006138963,0.28612784,1.3571688,1.5265014,2.4696426,0.5986852,0.6745966,0.3648715,0.80400395,0.23586428,0.02128459,0.22064622,0.13049656,0.9161944,0.21198338,0.1594028,0.5138593,0.4761616,0.57053304,0.9639097,0.067203864,0.21789469,0.025557512,0.3108073,2.5551913,0.64773256,0.44157767,0.47985458,1.29971,0.04770255,0.48374838,0.3133155,0.31355,0.20161259,0.49051812,0.44726315,0.48523942,0.14445627,0.9120436,0.3307553,1.3577044,0.21528797,0.036691822,0.062150244,0.08244954,0.17116112,0.18493468,0.521795,1.0737311,0.74321467,0.1756586,0.048512124,0.80499977,0.09168333,0.44646522,0.16288567,0.9570831,0.20108408,0.10787002,0.020021204,0.25761935,0.001001369,0.26640892,0.3411251,0.0,0.0,0.12691279,0.098027654,0.36335364,3.0018802,0.24639598,0.0,0.13571145,0.13550973,0.30734748,0.11149159,0.44580695,0.16311096,0.3791432,0.63672066,0.10810672,0.43035868,0.21145116,0.23772445,0.6956342,0.3340665,0.0063482234,0.39179283,1.3774831,0.20986526,0.65513307,0.0,0.1208875,1.267342,0.3015622,0.76612526,0.36280498,0.12505339,0.6289567,0.14089961,0.07915915,0.03272423,0.5840046,0.95945764,0.8969773,0.5896797,0.094934426,0.12912369,0.47777206,0.06285062,0.13321666,0.52814955,0.32953325,1.0529298,0.30057162,0.7696931,0.29419714,1.2711985,0.6276414,1.0191861,0.21055222,1.0336176,0.039891332,0.11353,5.0139866,0.29893246,0.0035452063,0.08571985,0.32985196,0.29738128,0.0,0.38782698,6.333871,0.5260977,0.017771455,0.4623745,0.3638264,0.3213961,0.6573248,0.12929319,0.7702696,0.34508708,0.09074145,0.089514226,0.60812217,1.6050364,0.8346916,0.08524978,0.7344648,0.22854552,5.0742426,0.16228499,0.045361444,0.0020566906,0.2094548,0.013448729,0.48642653,0.065771736,0.6524651,0.0,0.3872648,0.20570034,0.7393889,0.16425025,0.14696915,0.2494828,0.0,0.0,0.32678357,0.17575902,0.08377583,1.4887869,0.07904433,0.33302236,0.005870337,0.02608937,0.21140678,0.3206767,0.10140014,0.4109925,0.09830241,0.14896901,1.2133846,0.2827436,0.09018151,0.81395113,0.33009022,1.0966588,0.0,0.18455322,0.23859717,0.26877636,0.18866755,0.30834493,0.9297773,0.3746472,0.3274999,0.14710414,0.05283348,0.092427544,0.1583732,0.020069785,1.6405756,0.7513725,2.9576035,0.2035636,1.2182424,0.31149143,0.2042567,2.5175352,1.0700173,0.6772942,0.12252436,0.0013438917,0.120705135,0.33231702,0.24141817,0.19670175,0.1468915,0.0743531,2.1856189,0.43677318,0.10644339,0.5474282,0.52707595,0.21289241,0.32368433,0.81921494,0.12342145,0.46944773,0.5861394,0.33366472,0.0,0.31184286,0.08729048,0.072433345,0.22547211,0.19288693,0.025082225,0.08558131,0.5150165,0.34182665,1.3395871,0.86892587,0.47457114,0.23883244,0.38258973,1.584288,0.07439389,0.31648922,1.7587585,0.06615613,0.47378367,0.7074867,0.32578188,2.871706,1.1131723,0.21374278,0.061446127,0.7121873,0.40706658,0.20147757,0.22016537,0.7112392,0.022582816,0.17449,2.3876345,1.0300181,0.22465223,1.3600138,2.427504,0.7240993,0.97681564,0.24174121,0.32784227,0.57651144,0.27991247,0.5474855,0.8989828,0.5822145,0.11260434,0.18228099,1.1430577,0.40995914,0.08821419,0.63413984,0.21867822,0.005553952,0.65012693,0.5068237,0.58547,0.5003871,0.36024645,0.14076687,0.07252732,0.120827734,0.10001376,0.52556664,0.4324224,0.06939796,0.1330255,3.0088246,0.2532412,0.1108665,0.110983975,0.2157586,0.5903815,0.32435822,0.12899068,0.017500296,0.91840005,0.8297108,0.21526521,0.09111764,0.04390899,0.16182002,0.00025178888,0.19287427,0.3099376,0.052353226,0.17668667,3.7021377,0.4039537,0.37646043,0.54854304,0.17599308,0.11799415,0.4438917,0.66136193,0.1401008,0.30654344,0.3461313,all_pothole_images\pothole_images_new_image_1268.jpg
0.37843004,0.440405,0.39335656,2.1509223,0.5781223,0.20326151,0.7070436,0.5526434,0.38805273,0.8763817,0.8871541,1.2569839,0.1343602,0.5010193,0.10272335,0.023794226,0.5189997,0.44106182,1.0982927,0.011685687,1.7658525,0.59338707,0.5139376,0.30129042,1.4668133,0.09399449,0.3813294,1.2019647,0.45418707,0.2674757,0.4711862,0.4048072,1.1076814,1.0332031,0.33468935,1.975987,0.6253559,0.73506415,0.20292678,1.8255129,0.08028863,1.4842103,0.03989583,0.63337696,0.1841006,0.5770269,0.7751633,0.0,0.19776288,0.08913398,1.0144447,0.51789904,0.1185537,0.0,0.14031966,1.7197505,0.810657,0.42729592,1.3024517,0.45878196,1.656275,0.95449024,0.120403655,0.8033839,0.85400647,1.2837932,0.244367,0.2497105,1.3223015,0.51946133,0.45299187,0.18290882,0.13746446,0.2912838,0.30355158,0.0,0.307751,0.3720214,0.12873761,0.0047393222,1.1064285,0.6186173,0.021468353,0.9353812,0.3386503,0.46021965,0.12224424,0.07998569,1.5171208,0.19670933,0.00035180364,0.3553009,0.074056186,0.48300165,0.7175934,0.17841008,2.6705782,0.48576385,0.12595305,1.9576232,0.25419682,5.2645946,0.40740114,1.3639065,0.62130064,0.20322624,0.6340045,0.9871928,0.038266193,0.33823565,0.956512,1.2889631,0.2283399,0.18000205,1.1289368,0.019590182,0.3112187,0.85405695,1.3566376,0.3187074,0.98590213,0.08549604,0.31045192,2.8493164,1.3543916,0.06252255,1.8383929,0.36866012,2.0719464,0.31133047,0.474905,0.0126569,0.011866677,1.0058392,0.16203168,1.1959536,0.29352266,0.37561432,0.82415557,0.2512528,0.524211,0.5018027,0.28831047,0.5146628,0.07880632,1.6645975,0.2260783,0.36897713,0.21117665,0.55934083,0.3011865,0.72040963,0.2870744,0.05263197,0.22029896,0.5217477,0.28488025,0.2943595,0.5507259,1.2575749,2.708755,5.7149296,0.42086717,1.0537423,0.62876827,0.85164744,1.0927192,0.899391,1.6171702,0.9203363,0.07271287,0.04461284,0.07547815,0.69942164,0.0,0.017742895,0.2276127,0.0,0.102228515,0.20722361,0.3428327,0.68649,0.31871325,0.7098795,2.1385136,0.58944374,0.04751146,1.2379776,1.4789257,0.5616138,0.116911866,0.051666114,0.26446512,0.8651244,0.26908675,0.4991626,0.85248643,0.5296014,1.1611063,0.59426486,0.04815735,1.6101476,0.4126312,0.13164218,1.037258,0.10154419,0.6355569,0.01659015,1.1202482,0.8559383,0.06885891,0.007881895,0.08590988,0.24413422,1.1411773,0.9230477,0.60233974,0.23494354,0.25300032,0.0065132324,2.84464,0.468326,0.45458248,0.5758118,0.18352942,0.3922461,0.34555566,0.33244506,0.22417088,0.7230812,0.2537511,1.2056726,0.3245222,0.34579092,0.05329455,0.018727813,2.088691,0.27562645,0.36372375,0.010578533,0.41797912,0.046755556,0.49967638,0.2248101,0.092414744,0.0074161342,0.15829508,1.1160717,1.2821296,4.984084,1.0468115,0.008142806,0.0011151743,0.0037419184,0.0111552235,0.59444946,0.33722985,0.10996463,0.039620984,3.189123,0.36833236,0.49783695,0.083014175,0.8530098,0.77590364,0.22227032,1.1174668,0.37805918,0.81112075,0.7815586,0.066869825,0.0,0.12073471,0.10391662,0.6801692,0.65111655,0.54421216,0.69630724,0.7038885,0.52729756,1.1950699,0.08612812,1.9054823,1.0436803,0.738041,1.1276041,1.0756596,0.28460756,1.0245169,0.40050068,0.02956582,0.294802,0.25860724,0.4646468,0.013098459,0.13205181,0.160437,1.909612,0.1805844,2.6288462,1.14501,1.1718905,0.0037230551,0.22018085,1.3089963,0.8645555,0.090922266,0.0092323255,0.13596709,0.09400858,0.5589089,1.4548944,2.2426405,2.185694,1.1122718,1.1276486,0.09507381,1.5770957,2.186225,0.33798587,0.29438564,0.18136589,0.2715922,0.61231154,1.5959662,0.14635628,0.05807814,0.26650012,0.2923355,0.17358144,1.537821,2.0039508,0.00398913,0.14851545,0.025599396,0.2329279,1.0892247,1.6389787,0.15807043,0.8553516,0.08772093,0.006430065,0.7752274,1.7397397,0.5486801,0.44681692,0.4682301,1.449224,0.53385377,0.36978126,2.0750885,0.59411585,0.056413252,0.3366532,0.0,0.5574095,0.88773274,2.2152,0.7260166,0.42845196,1.2028586,0.040819373,1.5616424,0.29102802,0.0,0.0051533347,1.4830223,0.19003274,0.4283969,0.48877513,1.5791295,0.04069224,0.79577464,1.6400108,0.07651175,0.27378348,0.07181041,0.2910764,0.5134461,1.0613307,0.63331145,0.010527401,1.3571721,0.20731163,0.37696728,0.4912696,2.0367942,0.074650556,0.1106008,1.3818614,0.6687874,0.11422368,0.031842683,0.41576633,0.21728627,0.12435276,1.0261613,0.05922917,0.10548547,0.7378032,2.8651977,0.35933712,0.2037378,0.28820774,1.0192922,0.003972869,0.1789404,0.017418008,0.58061445,0.0,0.8830856,0.0351921,0.14252049,0.63539094,0.0,0.8747946,1.1441203,0.072915144,2.123834,0.91989225,2.6012924,0.0048462786,2.565668,1.524513,2.4381032,0.18209893,0.7674953,0.5139698,1.5804511,0.5632686,0.79917437,0.46229076,0.71395123,0.66600007,0.98046863,0.14528726,0.298704,0.7071773,0.59611917,0.95200914,0.1320217,0.04922731,0.19138008,0.40806752,0.06758006,0.03221612,0.59397554,0.1791232,1.687881,1.3036346,1.614738,0.43591428,0.49171233,0.32900167,0.74936044,0.0040271156,0.36410007,0.089270495,0.52410024,0.103693046,0.59005463,0.0675993,0.10160951,0.37161613,0.5639771,1.0642852,0.039560538,0.31402105,0.745187,0.03667254,0.119188376,0.8629159,0.1337286,0.6275212,0.14925188,0.0034041684,0.2907386,0.7265546,0.6474683,0.08118453,0.640813,1.6973464,0.42065173,0.08247119,0.12029592,0.17389369,0.54350305,0.0,0.43329784,0.020508224,1.8582075,3.706985,0.019199453,0.19903255,0.0,0.4713665,1.0128393,0.15936412,0.897986,0.15790464,1.9726908,0.8956597,0.24660406,0.3365714,0.6721598,0.25851512,2.7988954,0.057417363,0.057803687,0.10425902,1.7038596,0.017251072,all_pothole_images\pothole_images_new_image_1269.jpg
0.28523117,1.510024,0.30568817,0.9164678,0.41113815,0.13780813,0.39759603,0.35803324,0.23364246,0.30154112,0.17841622,0.31197134,0.047507636,0.6461011,0.04947946,0.12921603,0.33722234,0.006306949,0.10599598,0.37768257,0.43381578,1.6793835,1.4542572,1.1139416,0.18822946,0.68102264,0.0,1.3943282,0.49554652,0.21693848,0.9108844,0.047543146,0.6971891,1.230844,0.3057652,0.14004096,0.08403142,0.69438076,0.10332423,0.23133706,0.0,0.2273013,0.1139576,0.7112033,0.971423,0.0,0.21322523,0.11428156,0.0,0.1357225,0.2755336,0.31945214,0.29650772,0.002564008,0.07923537,0.136651,4.05519,0.17064561,0.0,0.4215945,0.17019567,0.30892605,1.2558969,0.44275048,0.31502283,0.6872875,0.48602682,0.148032,0.0049031335,0.37183246,0.1403545,0.09268358,0.04642575,0.05034123,0.033604402,0.02766712,0.0,1.2095057,0.1399151,0.14357516,0.09862482,0.30500907,0.011716491,1.9769198,0.30152857,0.25748932,0.31852093,0.357592,1.6155382,0.6821958,0.05312076,0.6992929,0.026457138,0.23922567,0.2029397,0.27898234,1.3766448,1.259956,0.8681954,0.37718865,0.010921379,3.765269,0.8532418,0.007273647,1.3422207,0.05987429,0.20157188,0.110187896,0.21359242,0.70236844,0.20705003,0.80092853,0.3617305,2.0311244,0.36093134,0.38082346,0.3020943,0.040280767,0.5242749,1.032937,1.7562106,0.5836554,0.15962413,0.19714203,1.202305,0.16130301,0.35517547,0.28816673,1.9784821,0.44703284,0.3260976,0.35962033,0.21173652,0.31042817,0.6531799,0.23795639,0.003031822,0.20326494,0.5575613,0.74971163,1.4577951,0.9513843,0.2507096,1.9724731,0.060283367,0.822475,0.0,1.329357,0.0,0.0016550946,0.17772695,0.73271924,0.679479,0.40870214,3.6595109,0.092988096,0.82887673,0.0074982117,0.5292899,0.12729849,1.9255123,0.3532454,0.005303586,1.9120922,0.14504166,0.0,1.1711091,0.46271095,0.957212,0.06299092,0.09090866,0.0154882865,0.012059734,0.0007754277,1.3901845,0.49783573,0.22387932,0.003876623,0.0,0.19749866,0.32650912,0.09252937,1.9960078,0.34896126,1.3192344,0.018110966,0.15855484,0.011058696,1.3777316,0.77269906,0.3731397,0.0019371035,0.10795848,2.738472,0.01910732,0.005448791,0.015860215,0.24358706,0.0,0.38397917,0.112295866,0.57181597,0.5737746,0.8793209,0.24752441,1.1423265,0.74056673,0.016481554,1.5862162,0.40529013,0.0,0.26015788,0.6660593,0.39607987,0.47412977,0.5392217,0.29746675,0.073808484,0.44057083,0.12126276,0.81103545,0.1646791,0.60820425,0.0,0.09798277,0.0027021747,4.8628864,0.002174575,0.5922157,0.013092576,0.29898366,0.0,0.006517073,0.3461715,0.35759252,0.0,2.0484216,0.049650863,0.061574522,0.8162183,0.53600705,0.043941185,0.3546079,0.007685261,0.00023776221,0.0088015655,0.90063554,0.044771325,0.15154573,3.0180912,3.4880106,0.4152653,0.047018584,0.3906741,0.09667195,0.16370766,1.522987,0.03201778,0.024997922,1.6954887,0.45321456,0.14445616,0.30226076,0.004045659,0.57124144,0.0002998363,0.23089448,0.2278517,2.8244536,0.0,0.09704728,0.19307671,0.1798778,0.005335975,0.037456732,0.037379958,0.26640224,1.5093411,0.563042,0.34380928,0.9930248,0.18075779,1.18215,2.0526814,0.038613707,0.010490653,0.22756036,0.16690625,0.53765714,0.08032252,0.5534722,0.041660104,0.104400925,0.71965176,0.021473885,0.80804425,0.35303897,0.16232191,0.53229314,0.04698701,0.5353658,0.25872144,0.013851921,0.0029890153,5.1313276,0.054961555,0.0044544665,0.0589164,0.0,0.0861504,0.0,1.9232287,2.2589204,0.8426197,0.5359155,0.1642044,0.17410356,1.0633768,0.9997588,0.13027644,1.4903147,0.0,0.030140646,0.40200606,0.73317575,0.4184511,1.6821731,0.13841751,1.8747576,0.05666641,2.7160475,0.039109357,0.2821231,0.01947298,0.014355983,0.010870907,1.0003235,0.011826773,0.15652552,0.13597953,0.29612517,0.36211184,1.1184453,0.19895637,0.52425355,0.036465086,0.3393704,0.4000457,0.09162523,0.07046098,0.4499773,0.3302936,0.2514183,0.34198114,0.87629473,0.09083638,0.115761325,0.34715316,0.005378336,0.39105865,0.038982913,0.14244479,0.14428464,0.21834803,0.0,0.03856107,1.5485529,0.23699616,0.22633828,0.0,0.29917684,0.0,0.44481215,0.008802229,1.4057655,0.7251926,0.15375438,0.49815273,0.42073342,0.8071185,0.0,0.0,0.027108265,0.6919296,4.2001634,0.14159904,2.4950588,0.48794124,0.0,0.11592555,0.0072835037,0.14209005,0.13892247,0.52916646,0.09469192,0.023206837,0.18315697,0.36904678,0.07420429,1.342882,0.6732422,0.2417667,1.2455627,1.1581792,0.02859355,0.49936092,0.82462496,0.14808631,0.5455233,0.37405437,0.00086724805,0.12001736,0.0,0.35308954,0.30783364,0.27188733,0.30209032,2.2238657,0.42501885,0.005394314,0.56073904,0.5514791,0.9150351,2.2559927,2.5306213,0.45055637,1.655443,0.45146263,0.72560155,0.36365703,1.2127439,0.5430031,0.0,0.16833283,0.2191793,1.8443413,0.18397264,0.076548986,0.90518147,1.5080569,0.06333169,0.48786286,0.19894946,0.20948733,0.011009158,0.06431607,1.1051674,0.7033481,0.17949124,0.35166836,1.1205178,0.0876806,0.06403915,0.036070116,0.04078342,1.1272552,0.47797358,0.111185685,1.5931773,0.32696077,0.43987396,0.7082901,0.0,0.57693785,0.45444885,0.0025421244,0.0,0.0,0.27576897,1.881012,1.0197461,0.00022547395,0.39158756,0.9649582,0.19778107,0.09769867,0.34433618,2.1661303,0.7956742,0.28157303,0.29935896,1.4818494,2.2896202,0.5092506,0.0040535503,0.19701579,1.3223451,0.0083530005,0.11609572,0.19191779,0.01483057,0.6276205,0.05887953,0.076619,0.08694938,0.0,1.6136795,0.009844858,0.13332938,0.031647563,0.0,4.682949,0.17792879,0.35735628,0.0,1.0384971,0.03707653,0.103532344,0.115270965,1.0465927,0.36881846,0.0,all_pothole_images\pothole_images_new_image_127.jpg
0.27227888,0.21569927,0.5426189,1.0069908,0.2027817,0.10205612,0.5527402,0.09060275,0.47068432,1.1486478,0.06837842,0.19499514,0.5890315,1.5671974,0.15906166,1.093063,0.4579477,0.72226304,2.4042146,0.99958473,0.98767906,1.5036148,0.6457663,0.60210466,0.12608007,0.4007133,0.056816738,0.43447247,0.0,0.45442605,0.4233246,0.2631402,0.1643135,0.7768377,0.14713189,0.5038291,0.22385146,0.5507423,0.447995,0.14603618,0.18149243,0.110107295,0.60632527,1.243404,0.79239243,0.26686954,0.012843963,0.0,0.46574682,1.5470792,1.3454671,0.3843954,1.2254683,0.2766979,0.75782096,1.3125559,1.4173764,0.47175783,1.4051458,0.21303242,0.12099749,0.24685419,0.39475852,0.6735804,0.5576894,2.361323,0.44233185,0.5200141,1.997688,0.37165722,0.031418405,0.41543686,1.1022203,0.40656185,1.6538574,0.9537708,0.03933891,0.4254392,0.59644717,0.31179065,0.16307646,0.278241,0.12509793,1.7563096,0.059965935,0.46226776,0.081497125,1.4551522,1.000732,0.3824187,1.1393868,0.07906656,0.033793725,0.18511976,0.31020838,0.02041258,0.59383047,0.85892576,0.44879735,0.054254834,0.108917974,1.6594632,1.1087003,0.016067393,0.23377751,0.9637617,0.10068237,0.24817792,0.5142143,0.08038239,0.008534961,2.970877,0.12473848,0.36087593,0.13268505,0.0,2.3198166,0.95281076,3.620317,1.8710637,1.6461619,0.65531313,1.1243527,1.2461034,0.485168,0.6067681,0.1065056,0.1513395,0.8283194,0.034543503,0.81719285,0.009585843,0.22372095,0.04909314,0.3688172,0.87048674,0.28644893,0.37855345,1.1573622,0.024504256,0.489033,2.2564337,0.10176157,0.801031,0.23042776,0.5733786,0.0819823,0.23156205,0.9803929,0.15872791,0.38373017,0.5268815,0.0036274805,0.048988994,2.012745,0.6990335,0.528873,0.5825394,0.001264649,0.072872266,2.5997744,0.4636147,0.04580375,4.9727416,0.17289676,0.33887824,0.40565938,0.40700877,0.7053332,1.830534,0.059886917,0.16206166,0.11711707,0.35966852,1.2498535,0.053309012,0.008479488,0.13937168,0.039970245,0.2926748,1.1374037,2.7708826,1.0034457,1.2810059,1.233833,0.06920795,0.28854728,0.91970545,1.1112316,1.9157019,0.166044,1.7544043,0.020012239,1.6578109,0.028880289,0.9102621,1.7226743,0.32040125,0.2945877,1.6436926,0.117101654,0.75370574,1.6237313,0.5084587,1.9094477,0.065287985,0.41518813,0.6247328,0.79259175,0.079700805,0.25571516,0.0027188682,0.5439195,0.77963585,0.8476294,0.9983814,0.05234346,0.3813287,1.4076985,0.0077447775,0.007836465,1.1632532,0.15517999,1.6812938,0.43473053,0.21062408,2.3969684,0.24811846,0.44164968,0.4571925,0.22494723,0.012419125,1.8211722,0.16129991,1.8508366,0.015764792,0.7896364,0.046762973,0.087323196,0.09720848,0.123802796,1.1099839,0.06423014,1.5027691,0.22914375,0.016619693,2.0108619,0.5689107,0.54705375,2.4786346,2.9365318,0.7946019,1.1050473,1.1360548,0.16297622,0.55481374,0.375469,1.3904052,0.62298846,0.39241776,0.22488324,0.1285517,4.9016006e-05,1.6396455,0.7680398,0.9421011,0.78708357,0.052802075,0.32938236,0.1468912,0.11837606,0.20630738,0.02159419,0.6628537,1.0546706,0.87518346,0.04541144,0.34471473,0.091331735,0.4015741,0.40902933,0.54559714,0.753797,0.027056918,0.54972893,1.329563,0.79201365,0.6133377,1.0703684,0.60033226,0.05660614,0.28866455,0.6544628,0.25778836,0.011856096,0.3114442,0.2233752,2.0664356,0.40193814,0.12469689,0.7644921,0.61319524,0.26216283,0.057153564,3.7995718,0.03896606,0.5066989,0.21740668,0.9313617,0.54832757,0.84933954,0.6618116,3.0481439,1.5945437,0.041925576,1.4537755,0.12168733,0.47872674,2.9902692,0.22719975,0.056144215,0.08244867,0.09520958,0.20942268,1.1534394,0.11484696,0.406008,0.008461869,0.17703274,0.0491185,1.8371196,0.8952383,0.025968323,0.111171536,0.25845042,0.46326917,0.13109535,0.44540253,0.1230068,0.066222176,0.13138755,0.13850045,1.5517026,0.22218019,0.6769954,0.18020351,0.0127774365,0.34965,0.3515066,0.3639656,0.079541616,0.20470406,0.6303633,0.052662283,0.11711061,0.4809789,0.0678772,1.7436413,0.9347838,0.25346872,0.008141225,0.18356778,0.33257815,0.16395244,0.10414537,0.26279733,2.3540149,0.7877519,0.0,1.0007895,1.7301165,0.35246396,1.1002586,0.04698908,0.9581144,0.14258769,0.017046018,0.042467084,0.50309837,0.47216073,0.76672846,0.3167342,0.03337388,0.37718436,2.0486891,1.040391,0.24766828,0.08374185,0.15447839,0.19272181,1.1176486,1.5571986,1.415392,0.0912813,0.29529408,0.5615794,0.8276582,1.1212285,0.4508859,0.17509073,4.6368256,0.96973944,0.029850153,0.760362,0.124782495,0.079777226,0.1560629,0.9008982,0.008684,0.027680464,0.38973942,0.4403421,0.2823028,1.2225704,0.13683169,0.045364186,0.05100605,0.0037749682,0.46217513,0.30341136,1.4826508,0.28899872,0.29497266,0.90090114,1.1089703,0.09434239,0.012585735,1.1186434,0.005694991,2.4515655,0.46860835,0.17903954,0.4700488,0.35037014,0.88092786,3.1597495,0.8388172,0.8737082,0.19802426,0.8215047,0.1593452,0.42838022,0.44113377,0.82390606,0.3406708,0.32479465,0.72333246,0.62678665,0.021607792,1.0477641,1.1128906,0.45468464,0.05167483,0.30247346,1.8300654,1.5556326,0.037774123,0.32336035,0.77670294,1.3523852,0.34262544,0.149409,1.7017614,0.29619253,0.36496288,0.7988074,0.26482922,0.032112636,0.17559059,0.7009219,0.6165333,1.3617606,0.274545,0.4397656,1.4148142,1.2752844,0.26455757,1.2858789,0.4204571,0.008102802,0.038026214,6.116354,0.2734814,0.01966505,0.0,0.726813,0.1598401,0.010183966,1.8293691,0.0906759,0.20856187,0.50574905,0.30388978,0.38794738,0.021702075,0.08192597,1.249276,0.07041842,0.55909604,1.2499493,0.512509,4.058084,0.85126305,0.24607074,0.66105765,0.4289787,0.017713785,0.58564156,0.91685873,0.33597618,0.34878242,0.06714999,all_pothole_images\pothole_images_new_image_1270.jpg
1.0181999,0.5979899,0.6509414,0.038010303,0.9791659,0.6756218,0.6549274,0.1942831,0.9577403,2.3498383,0.639175,0.25904462,0.036195297,0.78209174,0.76494735,0.41882542,1.4010948,0.032086235,1.7848532,0.30375558,1.3212036,1.3611522,1.5510108,1.6580527,1.0617658,1.1211572,1.321343,2.715568,0.50326836,1.0805701,0.10106164,0.49346393,1.2872205,0.57204425,0.3462343,0.42893958,0.7640704,0.08439053,1.0429701,0.3236242,0.48775497,2.2533102,1.0921816,0.50267506,0.3861486,1.2144105,0.8434733,0.46522465,0.49921942,0.2334053,2.4224985,0.08985688,1.8014293,1.2271132,1.0280169,0.3523646,1.3058571,0.033516996,1.1476041,1.0088742,1.1778593,1.4101143,3.033471,0.8278269,0.83495945,0.42759886,0.57004255,0.9009646,0.44671872,0.035209183,0.16216451,0.10012393,1.5697037,0.3850233,0.685003,1.57738,0.873964,1.0978235,0.68584263,0.934208,0.29308707,0.42066324,0.3972589,1.0096242,1.0219247,0.75161695,0.027029913,0.20386939,2.531191,0.6102898,0.3122348,1.0715212,0.13189393,0.0047569848,0.045544155,0.07143923,1.6828277,1.9427997,0.18863724,1.5038137,0.8429762,2.8709013,0.4977768,0.9894758,1.1162083,1.043633,0.1575227,1.1048741,0.4845447,1.1814606,1.2282934,1.7061296,0.25703353,0.13047124,1.052434,0.90498465,1.8510455,0.06353352,0.17964363,0.08254771,0.72439295,0.38919532,0.95170045,1.2964568,0.15486269,0.25058734,0.32700422,1.8191292,1.9965212,0.98862267,0.15936351,2.0202677,0.24351336,0.76912415,0.5619082,0.4985297,0.06725313,0.2212889,0.3510151,2.1072922,0.5385459,0.45588,1.4606155,1.2091494,0.5484228,0.6812006,1.353817,1.4275255,0.5710534,1.1414049,1.3704729,0.26662922,0.291732,0.025827745,1.5807797,0.053318042,0.10034215,0.11306133,0.8922829,0.25930038,0.60367835,0.55996156,0.98130345,0.4675777,1.064876,0.0023081298,1.0913647,1.4028943,0.16149586,0.6049273,1.1618611,0.59808666,1.8070105,0.45190582,0.28637433,0.731804,2.599681,0.034671623,0.59182,0.54973847,1.1386877,1.4496156,1.0295774,0.27219427,0.7239095,0.8082851,0.58683234,1.5850291,0.123060636,0.9271835,1.2675735,0.1254284,0.38940555,0.57708955,0.9623783,0.78005725,1.3068107,0.32315776,0.3174176,2.3608627,0.7431694,0.6157789,2.2093458,0.08746078,0.11678743,1.179278,0.14864457,0.327878,0.26126802,0.23623101,0.38821113,0.69057816,1.2285826,2.447234,0.45193067,1.0844271,0.7864301,0.81984216,2.0875032,0.46131873,0.7834058,0.19589004,0.032304455,0.56700486,0.2105434,0.1687364,1.4446429,0.5060662,0.22030792,0.51842046,0.9215101,0.3883531,1.2501228,0.80078644,1.5827062,0.5669014,1.6985118,0.29165545,0.28100574,0.013115344,0.48127404,0.7896449,0.89010596,1.7757561,0.21463293,9.7267344e-05,0.45276177,1.6629407,0.51015466,1.1597104,0.15921855,1.0558232,1.9848009,0.90542865,0.38853365,1.1282151,0.63328046,1.1509252,0.9141638,0.4615368,1.1956983,1.1052716,0.43488356,1.2836086,0.45384338,0.59270316,0.21680577,0.49400383,5.373662,1.0033242,0.7058458,0.1626286,0.76834947,0.8006964,0.055658914,0.053559225,0.41994706,2.2981563,0.44224262,0.13497855,0.10072114,0.99715096,0.28760952,0.82717043,0.5496305,0.029038107,1.6013535,1.4529766,1.5790054,0.12078534,0.5422168,0.2500299,1.7252381,0.16447051,0.53183115,0.3770401,0.545131,0.14512338,0.0066456236,0.16030753,0.012693084,1.5979074,0.08142132,0.81289935,1.5221834,1.5794394,0.010025671,0.9122934,1.1126845,0.21581689,0.1567775,2.2418945,2.9116173,0.8862498,0.041791994,0.4249326,0.4179228,0.16025978,1.4284842,0.6650338,0.6896854,0.1864928,0.14971688,0.8713057,1.8492497,0.94188845,0.34490016,0.22018974,0.7996007,2.0303686,2.148314,0.33802095,0.5983056,2.125659,0.13084666,0.70524037,1.0898703,0.6033183,0.93807757,0.38388005,1.0721452,0.52259403,0.23989964,0.12296766,3.7655964,0.25785238,0.80719244,0.21990912,0.5547351,0.86122614,0.6403024,0.24436463,0.99274087,1.6616338,1.9813851,0.38906625,2.945345,0.36731428,1.120991,0.32212073,1.0501741,0.059853736,0.75257087,0.375767,0.9924663,0.23821199,0.66021395,1.32593,0.1748432,0.16121963,1.1099347,0.7022924,0.88132614,0.7814548,1.3226919,0.16290982,0.5066081,0.84920913,0.12738672,0.02579232,0.75474167,0.34768718,0.94454396,0.24735966,3.1350327,0.0,1.0478485,0.46560505,0.66381705,2.4866972,0.9068869,0.034024887,0.42085546,0.36297512,1.2698625,0.5691877,0.43568426,1.6501645,1.0063249,0.00051353994,0.80298746,0.9757449,0.42273158,1.9196777,0.43067792,0.48004016,1.1602495,0.28274104,0.4145719,0.8028277,0.07981473,1.0624938,0.14595553,1.1161343,0.30788746,0.5849037,0.7043186,1.5269564,0.7822849,0.09305985,0.43425387,1.0655392,2.944953,1.2486764,0.33141574,0.14139462,0.37910518,2.940563,0.5184358,0.9420109,0.22435188,1.6878301,0.24488224,0.7442334,1.1433122,1.577558,0.35798022,0.6977997,1.1160026,0.46561033,1.0854309,0.14924942,1.2921116,0.26141605,1.486401,0.66302425,2.7295542,0.92033106,0.65848565,0.71290755,0.3154211,1.7216018,0.12553227,0.4648492,0.05112655,0.80665386,0.31040198,0.67640686,0.48932546,0.08672064,0.9703379,1.9207367,2.1456277,0.2959713,0.2385053,2.3680818,1.3136503,0.2841442,2.3438385,0.8530449,1.3276073,1.2863036,0.7370837,0.20280921,0.0021044037,0.7347114,0.43275478,0.99309856,1.4002081,0.47584552,0.99927986,3.9888105,0.98914886,1.1730487,0.80489707,0.021505166,1.6972643,0.5402018,0.71965057,0.32985812,0.62692446,4.3555584,0.08582974,0.22169681,0.12839235,0.2637427,2.338576,0.34009972,1.3471234,0.15175138,0.7004841,0.28995323,0.72661567,1.9995123,1.1292335,0.055264726,0.87516767,0.5542446,0.0056795296,1.5132985,2.344967,0.24980585,all_pothole_images\pothole_images_new_image_1271.jpg
0.59958875,0.85055804,0.20571339,2.959237,1.4745398,0.02936353,1.0436869,0.026399948,0.52634305,0.106565334,0.41016695,0.7539271,0.53795135,1.9098573,0.016441686,0.17514452,0.74993926,1.8595027,0.5853856,0.82031024,0.31880718,0.3801958,0.4300626,0.59287894,0.88292927,0.46355328,0.43993062,1.4436916,0.043888126,0.5195993,0.46383658,0.32924923,0.027644789,0.67163396,0.59607846,1.0596768,0.012375578,0.51350015,0.13323265,0.061645165,0.045600507,0.009813867,0.56615305,2.0474477,0.16519025,0.5597615,0.2206146,0.2761961,0.30470374,0.8266008,0.2259602,0.053762212,0.12943947,0.0774021,0.88652587,0.9643756,0.60301614,0.46890378,0.99958,0.05404931,0.13046287,0.034038328,0.1664104,0.31195655,1.0303593,0.6938478,2.1820292,0.51129097,0.008405474,0.25226045,0.11889072,0.022497121,0.45664713,0.1382578,0.29362276,0.0,0.040671833,0.45918864,0.29479927,0.0032600577,0.08384304,0.6010819,0.515414,0.69899017,0.4018443,0.062491026,0.22163473,0.018665388,0.43976757,0.16312866,1.0884314,0.0638063,0.5034071,0.43414548,1.5660868,0.35854456,0.087333724,2.0872304,0.3078161,0.026694585,0.92070675,0.931303,0.27743116,0.90911597,1.7651858,0.7676029,0.05226323,0.5459522,0.20347449,0.62315124,0.024911646,0.025386762,0.17800681,0.89713174,0.5096245,0.024322057,0.1182487,0.34424883,2.8117568,1.1031631,1.5492276,0.2952914,0.11538474,1.3892976,0.9539567,1.0679837,0.2902788,0.2541188,0.6678112,0.32905865,0.46751958,0.13115114,0.0010945603,0.14548256,0.24740729,1.9070829,0.9311844,0.16527678,0.01228604,0.048674066,0.7891103,0.05113158,1.1328896,0.23445919,0.21067944,0.41697755,0.16298313,0.5511209,0.053453606,0.5963329,0.3849557,0.6631827,0.0153337205,0.82014984,0.42337316,0.7757248,0.5748124,0.49724415,0.72209257,0.6207681,1.5472683,2.1235375,0.043917313,0.011539803,0.65061516,0.002192637,1.0946589,0.049043674,0.8784614,3.168195,0.35522184,0.13323763,0.24028504,1.0389506,0.29101193,1.6679149,0.76916885,0.3063834,0.47942474,0.4943703,0.4725928,2.0619247,0.22959028,0.82410353,0.04448216,1.2094572,0.5601368,0.9093971,0.27192345,0.13791373,0.03753789,0.8304145,0.9076552,0.9523061,0.26338995,0.55952567,1.1401047,1.2074977,0.1937528,0.34756494,0.062334128,0.18627265,0.22141129,0.3940237,0.7171262,0.76814073,0.3583245,0.37668043,2.0720756,0.78665924,0.032073874,0.32763353,0.9010702,0.15052636,1.367716,0.5343037,1.1462458,0.77994704,0.39130273,0.3585528,0.0782495,0.5453158,0.6052891,0.5835566,0.0029796276,0.0,0.3015218,0.08191738,1.6801132,0.26345602,0.028184252,0.24394697,0.8666466,0.8219284,0.6050412,0.06941758,0.4962817,0.5425728,0.67103064,1.0643831,0.014547978,0.15105796,0.08354998,1.0611843,0.22477537,0.42805317,0.7992537,0.18215519,1.5725185,2.6403828,3.2344415,0.034097906,0.0,1.2619157,0.4900307,0.22360611,0.17794411,0.8973598,0.27037472,2.0198252,0.67262936,0.5408842,0.2427079,0.3776973,0.5805479,0.67460364,0.97595274,0.56444067,3.6503196,0.3429257,0.45727062,0.33782756,0.18981622,0.032585707,0.093510225,0.95627,0.14371735,0.029643768,0.19963478,0.24461146,1.4203273,0.54353416,0.15020344,0.39426696,0.20110157,1.6042144,0.67930347,0.005826726,0.46797624,1.186516,0.0,0.05585617,0.0738223,0.72240806,0.2259362,1.3031143,0.43581814,0.63968545,0.016152125,3.4709241,0.53449833,0.097503,0.041791074,0.06559686,3.112705,0.0037580342,0.19713725,0.10406163,0.47177583,0.022520289,0.5100659,1.0134803,1.7424514,0.6478361,1.4658831,0.57706106,0.3719484,1.264984,4.1177325,0.12801856,0.96136576,0.04400888,0.6803231,0.3693557,0.11251998,0.20695238,0.12816854,0.03643642,0.5418803,0.5908652,0.8511701,0.06410406,1.2437865,1.1874849,0.0827339,0.0,1.849548,1.1172225,1.4180168,0.28852966,0.3090752,0.16884588,1.9522588,1.5663,0.8834423,0.58390844,0.11059212,1.3117292,0.16703118,0.25489268,0.24915347,0.33370787,0.0071877064,0.8243967,0.605173,0.33714294,0.05517429,0.61937344,0.15833798,0.3149619,1.2168132,0.7050714,0.8545825,0.42697042,0.09148372,0.010683682,0.94120926,0.0,0.6836746,0.9542186,1.5745684,1.9006755,1.4036071,0.03203123,0.64076,0.84936124,0.07325579,0.0,0.3756034,1.2529818,0.79725504,0.41408595,0.5898235,0.40134,0.7962082,1.1372842,0.12051859,0.0009864758,0.10886002,0.5244023,0.018856334,0.85693425,0.08616414,0.89277905,0.13184474,1.167014,0.46437714,1.0443175,0.9164062,0.054416228,0.42986354,0.28718877,0.6753353,0.11932875,0.8783454,0.017519044,0.528871,0.14794628,0.67466515,0.71662754,0.31430593,0.25940162,0.40772775,0.2517703,0.52493054,0.04899868,0.46405575,0.106816754,1.5379747,0.0070395796,0.5129444,1.0753545,0.010862299,2.1929948,0.63137996,1.1391258,2.5764039,0.08854771,0.26052582,0.85636145,0.74988717,0.84625804,0.560094,0.31732488,0.23560645,0.18806514,0.2991966,1.3153383,0.38504082,0.12071805,0.22500116,0.20273826,0.26472205,0.017307356,0.30852392,0.016966179,0.051472265,0.44092807,0.85555017,1.0970125,4.8645515,0.6513791,1.0911336,0.55034727,0.1392134,0.1035461,0.003949076,0.00426225,0.0,0.7413859,2.1985877,0.72943324,0.55869967,0.13508509,0.47828943,0.24090062,0.009635957,0.040407877,0.07936913,0.3066036,0.32041624,1.5131512,0.008931598,0.8012373,0.39573216,0.002235859,0.12742946,1.1930276,0.6661145,0.19017531,0.24170668,0.09306572,0.09361493,1.1747924,0.05822417,0.08550474,0.096283086,0.119005136,2.6016088,0.28485888,0.054149065,0.7212216,0.5222587,0.0,0.5810188,0.15408702,0.044182226,0.0,0.072464526,0.07758807,0.41220832,2.4738464,0.34284326,0.05439795,0.08167474,1.4612218,2.0290663,0.12584288,0.3177785,0.3778389,0.0,0.2864299,all_pothole_images\pothole_images_new_image_1272.jpg
0.16877551,0.80465555,0.892464,0.12943342,0.6352714,0.005471949,0.9737793,1.4981639,0.046181567,1.5136528,0.20162812,0.69575536,0.3718743,0.97885877,0.44282454,1.0751389,0.028926464,0.496477,1.8305386,0.47130838,0.31388527,1.4656682,1.434891,0.7525094,0.20666638,0.31237385,0.15947591,0.7773624,0.016969144,0.50353426,1.1620747,0.0006466544,0.37665534,0.7646834,0.47010568,0.4500176,0.10483944,1.4530059,0.38021383,1.6449541,0.48716545,0.028853316,0.47379118,1.9563212,0.07388981,0.7303989,0.28884587,0.0021472573,0.05489795,0.40739444,2.296963,0.7248309,1.6693621,1.6124375,0.64317834,0.52924204,1.3811224,0.029846363,0.5894584,0.6497546,1.0992284,1.9143083,1.2274201,0.31446216,1.026091,1.2744087,0.6889023,0.10632613,0.28668445,0.4787618,0.0,0.35305905,0.3503477,0.14540137,0.20704508,1.2922016,0.32473576,0.022760427,0.0779993,0.13015266,0.86107713,0.48598582,0.021013808,1.9124111,0.43152213,1.2301872,0.16300549,1.1593186,2.1226995,0.0031233241,0.16485949,0.07120496,0.2573307,0.055864207,0.045063354,0.6060697,0.8934039,0.49050653,0.64539284,0.66256446,0.001215822,1.3105263,0.08467055,0.114257365,0.7807032,2.4031422,0.024016978,0.30215082,0.11214809,1.1895144,0.21896718,3.079216,0.37626788,0.0756019,1.167029,0.6041231,0.5216434,5.9606304,1.0421348,1.1670194,1.5509204,0.55881304,0.34348994,0.8347296,0.75117755,0.17771603,0.20676525,0.41345125,0.34451464,0.28881642,0.5423,0.32259655,0.6621539,0.15192053,0.1730804,0.7114233,0.00197826,0.07451122,0.26363796,0.552764,0.2600158,0.31248856,0.69439465,2.5138752,0.11034169,0.21079318,1.8982521,0.14302504,0.7526337,0.8247304,0.4211352,0.22937934,0.0,0.06556141,1.2329967,0.5674057,0.5013772,0.27804643,0.7735364,0.025728548,0.31665525,0.18094438,0.16686246,6.698653,0.38701823,0.9321426,0.41525662,1.2188178,0.48398775,0.36856693,0.16773894,0.35195228,0.6592302,0.20252356,1.0833704,0.22050288,0.50977045,0.018118532,0.09366118,0.24793097,0.28836447,3.5359542,2.0124922,1.1058477,0.011148166,0.42519623,0.78429574,0.25546053,0.009374128,0.34107578,0.8550879,0.2093908,0.028146053,1.2079704,0.17513175,0.19456293,0.24723819,0.05046104,0.20872892,1.215251,0.0026573369,0.52540267,1.122786,0.32097492,0.22709721,0.27577442,0.7813623,0.81722194,0.28882504,0.2357511,0.1846872,0.6890674,1.3529971,1.51666,0.22106905,0.03973782,0.43489447,0.34148666,1.3819928,0.10136694,0.3884631,0.17843069,0.11705011,1.229808,1.1464899,2.012585,2.4285903,0.14773498,0.106653534,0.6670871,1.5122919,0.6383308,0.807402,0.03819222,0.946527,0.033107407,0.7760728,0.24118522,0.0,0.19769491,0.41668513,0.010471146,0.0039926483,0.077078864,0.37442023,0.0,0.8964979,0.12816183,0.31708515,1.1900382,4.0331583,0.031895544,0.0001881586,0.0017673882,0.07959463,0.58774143,0.0068359603,0.22013897,2.2311797,0.6820754,0.5194804,0.11973341,0.33311442,0.85887027,0.5597695,1.0552711,0.6294463,0.65847504,0.2667479,1.1281059,0.19288442,0.8063056,0.1527826,0.021876639,0.27563533,0.46663022,1.1686459,1.4532115,0.38725895,0.12089038,0.18880364,0.70360756,0.21324387,0.11116485,0.9984336,0.72858286,0.5535452,0.9951357,0.46906325,0.109141365,0.0429658,0.22362438,1.5530834,0.10962503,0.19298849,0.29429707,0.73428935,0.7767887,0.6520653,1.4018388,0.33028194,0.24956672,0.8734645,0.5811869,0.6872078,0.04293181,0.4467645,0.72981757,0.34666988,0.66059905,0.73989105,1.5979106,0.8483592,1.0799123,0.12639803,0.025191968,0.2530015,0.45081884,1.7320224,0.61626256,0.045395326,0.57524973,0.15532662,0.10288087,0.1935081,1.2580749,0.032141794,0.0935658,0.553834,0.67731154,0.048200812,0.16992368,0.12001545,0.6603468,0.38456208,1.2776101,1.4554276,1.0040892,0.1150905,0.6996248,0.61966777,1.3894639,0.15682986,0.32209566,0.055566914,0.29207176,0.2874479,0.7759706,1.4785997,0.64532137,1.0257736,0.4616963,1.758099,0.14381504,0.1988875,0.9031537,0.63117385,1.357957,0.1449095,0.59404224,0.5693626,0.11529669,0.07856102,1.2843722,0.7311437,0.05855662,0.87221336,0.5511842,0.20613405,0.14140853,3.3127136,1.3053519,0.85458,0.4035856,0.32478142,0.09774027,0.2431798,0.45337862,0.013768726,0.80712134,1.104781,0.08065514,0.7056929,0.48578316,1.2016932,0.5698454,1.4311693,0.0,1.1769154,0.6954764,0.5461929,1.3943423,0.13125588,1.2323458,0.5217921,0.30352125,0.9504923,0.36141166,0.69046,0.026737738,3.0620096,0.17048457,0.7779455,0.47216675,0.16416486,0.3007495,0.28506845,0.23019971,0.33266333,0.70233744,0.65631175,0.5441713,0.88270414,0.20542577,0.37822202,0.053800017,0.5493983,1.1913114,0.68366367,0.64695483,0.65080845,2.5805094,1.0549419,0.75251323,3.105893,0.7172157,0.076950446,1.871391,0.9452572,0.33117247,0.13594848,0.123543836,0.08397297,1.8691287,0.6418508,1.1037521,0.13721976,1.3829595,0.026337234,0.35374442,1.1844426,0.18904254,0.016715238,0.6475938,0.6323286,0.13956256,2.0311723,0.41131726,0.4525686,0.5326261,0.8143344,0.37267047,0.91137725,0.32447693,0.062444035,1.1104957,0.88117605,0.069722556,0.0,0.63418484,0.14733146,0.27720198,0.70725286,0.3622048,0.91112125,1.44787,0.70394087,0.2959653,0.7924933,1.2515821,1.6020001,1.5131652,0.028928505,0.65468085,0.4645715,1.0419097,0.73843914,0.08354728,0.13294908,0.32815474,2.3813102,2.937853,0.62040037,0.37099507,0.49574032,0.6678474,0.71934915,0.20853205,0.4452303,0.1487441,1.2202597,0.2518506,0.029427893,0.6871687,0.9138284,0.011230084,0.25705743,0.21382901,0.0,0.02552821,0.35815448,1.6626803,0.692673,0.86132586,0.0,0.45012197,0.0,0.1641498,0.08257619,0.124960996,0.61992395,0.0,all_pothole_images\pothole_images_new_image_1273.jpg
1.290886,0.7048793,0.2234674,1.0519855,0.9294983,0.56200457,0.741881,0.014106954,0.76867646,0.7057554,0.080442876,0.5631164,0.5230794,0.5696392,0.1129948,0.50618136,0.2863303,2.4684868,0.73840547,0.5855891,1.1602849,0.03628215,2.8818831,4.180823,0.23926958,0.029421961,0.005591326,1.0319614,0.08542347,0.10878855,0.17475803,0.0,0.06106355,0.76085407,0.15825526,0.9537844,0.6932692,0.9453395,0.23345083,0.082689695,0.045128662,1.1788582,0.16014302,0.43289337,0.28587696,0.72993493,0.8921616,1.1715716,0.51845473,0.8701719,2.543561,0.8061634,0.6756847,0.1475961,1.2233983,1.2951705,0.872529,1.1391388,1.0344473,1.2811091,0.037896838,0.6127045,0.41360575,1.1242224,1.800956,0.7488896,1.2649155,0.4691429,0.121719375,0.8337771,0.31811938,0.41254818,0.27132013,0.48671255,0.6385463,1.7454587,0.5273834,1.3334465,0.08211692,0.016989933,0.019736268,0.30352685,0.10618783,0.17515945,0.7742448,0.643665,0.04204768,0.3544831,1.0604887,0.46294662,0.10472606,1.1920619,0.36385718,0.38256407,1.7287793,0.5330786,1.7611758,0.9592064,0.43578497,0.41072094,0.047837187,2.8074615,1.0382482,0.043657243,2.1043975,0.613968,0.0,0.25599295,0.19860442,1.4306266,0.0885193,0.6099967,1.246991,2.2083817,0.44115046,0.31084368,0.5555448,0.53683645,2.1472785,1.694127,1.3478668,0.8072554,0.2866924,1.1490651,0.6483789,0.7696992,0.004727759,1.4940242,0.8983786,0.07605589,0.44997638,0.6643901,0.2329342,0.1333685,0.08783061,0.32259536,0.034024615,0.5113012,0.14729486,0.072227694,1.5379462,1.1024201,0.9873475,1.6727735,0.026198776,1.1030095,0.34418958,1.4432304,0.011955278,0.39115384,0.40174475,0.029032059,0.27477467,0.05459536,0.8664945,1.3058954,0.18081242,0.69998324,1.3539251,0.3321191,1.6709952,1.1299962,0.192548,0.52026623,1.2049973,0.1681645,1.3964254,0.040414117,0.9282278,0.6620125,0.26368108,0.04138257,0.13287598,0.07040319,1.5978216,2.2623537,0.22092985,0.0,0.26246825,0.26860738,0.42721677,0.90532285,1.0010004,2.9032507,1.5808483,0.018538088,0.35194632,0.43834054,0.7815793,0.019137418,0.8306961,0.5671036,0.2817529,0.6186107,0.18357271,0.26689327,2.476283,0.2609161,0.81721395,1.4175415,0.07045444,0.33909893,0.3841348,0.04412837,0.42620778,0.46204853,1.3253899,0.28361538,3.3239303,3.3977945,0.023662936,0.16045003,0.13262257,0.8093938,1.2644229,0.41394362,1.7673787,0.9027172,2.090913,0.4736566,0.20769742,0.3968048,0.20422174,0.37723604,0.02194742,0.074812286,0.66599625,0.24047095,0.8811967,0.0010217492,0.49346906,0.086727396,0.5567933,0.42759642,0.88888425,0.0740011,0.19902883,1.2036767,0.766623,0.6719338,0.43929666,0.07402998,1.4625015,1.0561566,0.1841967,0.11248011,0.4084309,0.2507546,1.0978426,2.4695287,1.0304474,0.47634163,0.2285505,0.027070055,1.3028879,0.20296751,0.22493187,0.32866192,1.2666484,3.0161946,0.11382762,0.3445783,0.68649215,0.6680728,0.7245779,0.021848114,0.3993471,0.077905625,3.9098554,0.47943738,1.0611583,0.0061735893,0.049589783,1.0236678,0.3482589,0.97513306,0.7566316,0.7671731,0.7388942,0.35546798,0.03420631,0.32747322,0.10608979,0.37517577,0.5034173,0.3697305,0.1509004,0.023283008,0.29805022,0.34838194,1.1951644,1.4986584,0.3503934,1.7403694,0.22626543,0.25271225,0.92134565,0.04432351,0.8769768,2.0594096,1.025472,0.078309916,0.081311084,0.028895212,1.5168744,0.0,0.0,0.010932753,0.19611022,0.2876455,1.1977375,1.4724622,1.6571162,2.0613022,0.56448334,0.7947661,0.0,1.9380101,3.2673488,0.37873724,1.2732372,0.10442249,0.47901744,1.4822822,0.5939655,1.0153503,0.32830626,0.16088602,1.261588,0.34384373,0.47178155,0.0957193,0.27387953,0.3694552,0.13604021,0.042722568,2.0522358,0.000284692,0.09515159,0.30748957,1.0324621,0.104493454,3.2855623,0.46774727,0.28178027,0.12636676,0.20644993,0.057246763,0.015230737,0.54665625,0.0,0.4396461,0.2932242,0.59640473,0.34218192,0.35043722,0.8326701,1.2926922,0.027915867,1.0098045,0.589256,1.2208713,0.8058175,1.0840876,0.16604999,0.55634177,1.1635133,0.3449003,0.85442334,0.39058992,0.12866633,0.8958803,0.6527709,0.7864536,2.0895872,0.016565563,0.0439083,0.6377307,0.33070582,0.6185972,0.32638624,0.1621917,0.98373145,2.1125455,1.168457,0.34101528,0.7028409,0.5093469,0.37539196,0.4115151,0.03374339,0.8572955,0.013952901,0.8019666,0.0057762014,0.09325454,0.8607881,0.4455356,0.9884167,0.55693835,0.0043002176,2.8058908,0.34745723,0.69967353,0.5381105,0.058930952,1.4645011,0.077579275,0.2534914,1.0903137,0.3683705,0.8731036,0.57736534,0.80318093,0.007709702,0.8313479,0.7315339,1.6996242,0.31905952,0.0,0.47079894,3.7828696,0.3127587,1.6487458,1.2855688,0.13104472,0.31877467,1.4108002,0.3551885,1.7395505,0.6992234,0.83912426,0.107133865,0.65810174,0.15867792,0.76527077,1.7550274,0.06689378,0.2276418,0.1436472,2.095422,0.08171076,0.023890514,0.47173735,0.1547215,0.49586758,0.25692314,0.4780127,0.23541236,0.49002305,2.5119812,0.997441,0.06685465,0.11406631,0.07478525,0.7716362,0.98627,0.02554269,0.050504643,1.9579531,1.7278186,1.2897606,3.6193156,1.451448,0.79309386,0.0009664293,1.1606181,0.82596195,2.2755334,0.38541004,0.38069883,0.9921912,0.08183126,0.5282727,1.3675647,0.86321336,0.0,0.7607819,0.0690018,0.15643656,1.4319779,0.6756896,0.6115666,1.0055852,0.042659916,0.530102,1.9437261,0.0,0.72180545,0.5210062,0.45177984,1.303583,0.0,0.15078461,0.17991766,0.17246114,0.37987116,0.20096311,0.5734096,0.1812783,0.84179157,3.400396,0.29129073,0.8710887,0.34172595,1.8081895,0.25091952,0.36834428,0.07740499,2.9576583,0.09266759,0.00037323908,all_pothole_images\pothole_images_new_image_1274.jpg
0.37741876,1.2089572,1.3069788,2.4922948,0.03383111,2.3275094,0.44282588,0.40602347,0.41972193,0.2872746,0.29682016,0.07062605,0.61526465,0.23568064,1.2846776,0.61457545,0.03876146,0.2268892,1.0290594,0.061289813,0.7194717,2.0017936,0.28765348,0.0648777,0.65265095,0.42258203,0.13319328,1.351502,0.9737696,0.2868547,1.679173,2.1424816,0.09800705,0.51680505,0.28014556,1.5661389,0.1061656,0.9663369,0.18372497,0.54654545,2.105192,0.0,0.03210495,1.2545999,0.48149714,0.0,0.42843246,0.0,0.4917404,1.0354732,0.32049024,0.11723051,1.0127568,0.6426703,0.1943023,0.42085436,0.867742,0.47986153,0.80107296,0.16061935,0.18808548,0.5049108,0.053554144,0.15186763,0.15492325,3.761778,0.68011844,0.143621,0.59543866,0.05416443,0.4486203,0.90484625,1.2259785,0.43822116,0.6538168,1.1896188,0.17173563,1.0381194,0.41535932,0.268027,0.035804413,0.29136005,0.2565037,0.9090043,0.21484025,0.80654454,0.22179738,0.40017143,2.116915,0.9758466,0.6116853,0.14948285,0.002531135,0.13294734,2.2021668,0.048679877,0.67074186,0.28689632,0.6695164,0.3805194,0.17340918,0.3263671,0.0696897,0.0,0.114758715,0.9952205,0.0033272337,0.19491693,0.35787773,0.22109613,0.0,5.8608246,0.17845212,0.70759845,0.3435294,0.012269201,2.840336,1.4348483,2.0655358,1.0704052,2.8880577,1.575595,0.23630033,0.5331879,0.0505889,1.7082719,0.24243242,0.8705129,2.1551607,0.07225812,0.3758703,0.0,0.08602477,0.148024,0.1986191,1.2678597,0.36949092,0.91436285,0.419145,0.3593577,0.12323768,1.4494102,0.026356889,0.74551684,0.08955064,0.1325836,0.15024821,0.36224085,0.5309408,0.16258195,0.2888096,0.012224473,0.0022982012,0.5148631,2.871995,1.3331361,0.028200613,0.17110343,0.98682046,0.33276558,2.4018998,1.6343589,0.040169958,2.9059622,0.0257784,1.6097347,0.36700383,0.08633432,3.2288609,1.0264393,0.0,0.0007235074,0.058398947,0.2053237,0.80666834,0.07318522,0.30318096,0.0,0.10655918,0.6544299,0.23571075,2.4652352,3.8167124,1.5530965,1.0869721,2.8927886,0.314396,2.3896902,1.7492251,0.9201974,0.012574974,0.7976278,0.028219588,2.6903675,0.83933955,0.008164638,0.51110494,2.6236415,0.4873485,1.9221565,0.41858715,0.71446186,2.9564326,0.71119696,4.9945016,0.11141998,0.11057793,0.05367849,0.56041694,0.028164737,0.010904174,0.04863483,1.8105973,0.28807357,1.1670777,1.8584332,0.0,0.8745828,0.97032785,2.0305376,0.28190383,1.5357306,0.22162059,1.7372627,0.13819447,0.18540676,3.3328953,0.1336333,0.34933466,0.087458774,0.20565175,0.07961867,0.054917175,1.0351213,1.1404761,0.59808606,0.4697309,0.17810488,0.22202834,0.04567412,1.4766133,1.7887044,0.78938836,0.16895111,0.081316896,0.2914132,0.89646274,0.07084243,1.7267771,4.358205,1.3799771,0.063794196,2.5340402,0.102203086,0.25779384,0.0,1.3407636,1.0805851,0.45872,0.71570855,0.053435065,0.3228157,0.4576374,2.0302076,0.9549693,1.7302521,0.3045211,0.18609488,1.8965063,1.190645,0.83017194,0.15167831,0.0,0.17709817,2.563529,1.4060874,1.2031491,1.3189462,0.23802039,1.4948666,0.18789211,0.25140566,0.16055997,0.20651455,0.522831,1.0590807,1.2345876,1.1209828,0.08602683,0.4836108,0.6447619,0.27819523,0.00038802502,0.8650383,0.11409172,0.06526671,0.0,1.6738857,1.4578546,0.5220282,0.31992632,0.955938,0.73648554,0.3884935,3.4685967,0.07167585,0.06658228,1.2335966,0.33140004,0.0,1.2586017,0.59883195,3.5053859,1.0181464,0.27460307,0.22678286,0.08804543,0.012572588,1.383818,0.537366,0.0,0.0227165,0.09976554,0.5803887,0.62293357,0.023268742,0.16894083,0.0,0.080783315,0.24480309,5.1124635,0.5336616,0.4550343,0.03458681,0.0,0.51971257,0.16450146,0.22022991,0.16205452,0.7883073,0.07619659,2.506394,4.812162,0.12479526,1.5999737,1.3167732,0.032784645,0.08826961,0.26043925,1.2745421,0.6378322,1.9974244,0.06475217,0.47429028,0.06286619,0.04771559,0.0,1.00241,1.0288343,1.2103188,0.0,0.0045916466,2.2855031,0.53581375,0.0016719155,0.6060047,2.586421,0.25824505,0.2138262,0.04072153,1.9898494,1.1037139,1.5419043,0.09794098,2.0006235,0.07170092,0.13052645,7.0598864e-05,1.5972003,0.0,0.03163563,0.72265905,0.18447968,2.1392412,2.3788564,2.2756977,0.12538344,0.0,0.037354425,1.0981604,0.2596581,3.6922214,0.0026124867,1.026789,0.21213901,0.087753914,1.0679481,0.6411681,0.7199362,0.046970423,5.3676233,0.0077976207,0.2762084,0.15619555,0.12870571,0.057166547,0.76054585,0.36363766,0.0125605045,0.0,0.5875315,0.9005227,1.9521556,0.77176976,0.09091514,0.0,0.6466934,0.10103979,0.31362984,0.09829434,1.3341547,0.016315982,0.037690118,2.5386753,1.1646303,0.08263897,0.323985,0.76483965,0.81646913,1.49443,0.43855488,0.44417194,1.7297817,0.80512345,0.6457154,7.2979984,2.0221922,3.3095946,1.596758,1.2088453,0.15936154,0.22185765,0.4688042,0.08225929,0.3014501,0.010002994,0.07126077,0.31282583,0.0059308335,0.5900813,1.7714111,1.6475023,0.5392324,1.7057785,2.4413743,1.5565462,0.612586,1.2904153,0.71379113,3.4211886,0.031659324,0.020494606,0.9009552,0.0067288144,0.52384347,2.417323,0.47944272,0.2607016,0.17330796,1.793155,0.7242796,0.7748293,0.83587533,0.113002054,0.057618815,0.06524229,0.1911521,3.2323833,0.8796078,0.0,0.07892793,4.9991446,1.2252264,0.15368634,0.0095724575,0.33583453,0.18325195,0.07576658,3.5648918,0.15518826,0.47669566,2.6055045,0.4054353,0.21243389,0.010852249,0.041360714,0.15941508,0.08316492,0.18604904,0.215462,0.28491682,4.2549353,4.3527026,0.31805405,0.3363626,1.2508968,0.06801247,0.8771221,0.31573167,1.019182,0.06685968,0.26889464,all_pothole_images\pothole_images_new_image_1275.jpg
0.9367956,1.1436477,0.017106425,0.5503814,0.01963376,1.1731464,1.7830782,1.1020037,0.32057863,1.0000925,0.5945457,0.27094382,0.357809,0.06058332,0.77623266,1.3137732,0.04998064,0.13662203,0.09282926,0.37419704,0.39853278,2.4061894,0.16473013,0.78529185,0.45492902,1.2443675,0.07303113,2.9014113,1.0581775,0.10819032,1.4680446,1.8048134,0.68062615,0.10420184,0.13340536,1.3272526,0.025363673,0.3437257,0.29799134,2.9861135,0.584131,0.76626813,0.64060956,0.30284554,1.7060634,0.54527473,1.3819882,0.6410225,0.45777634,1.3367375,0.46694353,0.105454326,0.036258478,2.4268637,0.54801786,0.4341451,0.17139435,0.12499083,0.10781128,0.5092172,0.43246374,0.12176759,1.1604757,1.925562,0.7911405,0.54550385,0.077936955,2.3838556,1.6715904,0.0,1.5829043,0.66466177,1.0561018,0.61865485,0.23255186,2.6428752,0.0024351696,0.19096203,0.26055256,0.04193171,0.2928696,0.31244606,0.03637335,0.66627574,0.17037204,0.44044426,0.27412298,0.53534764,3.7383332,0.6782834,0.09864213,1.7243176,0.38782945,1.0116806,3.5937576,0.20647568,0.32434464,0.70879525,0.7232601,0.1663496,0.15298659,0.5469906,0.1555618,0.04228841,2.0078964,0.0,0.19368427,0.5806741,0.6928938,0.22262472,0.5002726,0.5097152,1.4186305,0.07795361,0.48633695,0.6844081,1.9265891,0.59040564,0.6608112,0.3336875,2.7020102,1.1147455,0.084442936,3.5879407,0.4807142,0.49071503,1.1851215,2.0506954,2.4892542,1.103761,0.98710304,0.27351832,0.19822685,0.10105694,0.17570426,0.98614585,0.036371022,1.4291042,0.22271658,0.41945243,2.3140075,2.5003576,0.4095624,0.13159981,1.2394028,0.41705212,1.1253664,2.4733143,1.137705,1.4303856,0.5704854,0.07282308,1.1495903,0.70943904,0.0095609445,0.11611672,1.3402116,2.1497242,1.3691424,1.5103287,0.17972837,1.0142009,0.2840987,0.47026232,0.15233608,0.050538436,1.5148634,0.0,0.8022911,0.8473351,0.28263816,0.057285234,0.0692372,0.027664248,0.9575651,0.18460982,0.85550594,0.06142079,1.5741338,0.2450029,0.89540875,1.2215136,2.6261203,0.97998154,4.582555,0.8945235,0.30583233,0.34161702,0.70086235,1.1959127,0.0,2.942396,0.278441,3.6473718,1.5720073,0.8121773,0.61595905,1.005326,0.51231307,0.3140652,1.3592337,0.58925855,2.7715015,1.1968572,0.3179311,2.5591526,1.0648648,0.70167977,3.0744386,1.4013469,0.0025906295,2.0301297,0.4017806,2.3206089,0.18626152,0.70045406,0.81718594,0.032284394,1.5716939,2.8171675,0.06284122,0.3084587,1.1750101,0.8983022,0.9483869,0.90522623,0.24290353,0.64699984,0.7355504,0.78907126,0.24971741,0.03645015,0.22046061,0.6348303,0.12338187,0.992481,1.3577927,1.2493166,0.6195092,0.32979956,2.200815,0.069565654,0.7103766,1.3510978,0.0,0.25867888,2.0934896,0.10772112,0.4791762,2.1243737,6.015161,0.030123595,2.276213,0.008128139,2.3380904,1.6482123,0.1749559,0.0,1.326407,1.8592322,0.0,0.24244528,1.7422314,0.47418174,0.14984976,1.350286,0.108734295,0.35699317,1.3945122,1.7378207,0.303441,0.20886746,0.36763272,2.3942177,1.5614754,0.6487958,1.5384537,1.0323911,0.83442956,0.11752939,2.378039,0.26216945,0.12208646,2.0193496,1.4234824,0.2360683,0.108261146,0.80546457,0.3842204,2.045907,0.28244963,3.9413707,0.33146846,1.3975246,0.42905417,0.4154076,0.16200075,0.2934699,1.9878253,0.44744363,0.0,1.6894319,1.2429545,0.22431077,0.31695703,0.15243535,0.22843236,0.21872762,1.8502829,0.18726537,0.28484815,0.25899994,1.1863658,1.5767415,0.094593205,0.0,0.04076005,0.4785687,1.0356982,0.660714,1.0745358,0.277661,0.65165216,0.22225903,0.73031265,0.8859516,1.4803457,0.0748555,1.0490654,0.6791171,4.4966207,0.047271352,0.5663137,0.9313273,1.4531617,0.7791757,0.7605469,0.112132184,1.20565,0.77298784,1.5657324,0.5349321,1.0454488,1.1688786,3.8118048,0.031129021,0.5376506,0.1380465,1.1495658,1.3154371,0.4470213,1.1991682,0.82933056,0.72512156,0.7481449,3.1110017,0.9869159,0.0,0.077490136,2.3105595,0.60358566,0.12530474,0.7278794,0.25371605,0.32442692,0.6716604,2.2612545,0.04619882,0.51252705,0.5159826,0.6861762,1.4907808,0.38041648,0.20166498,1.8260585,0.42396805,1.4054644,1.8716153,0.8643534,0.78278047,0.20775773,0.27941504,3.4814422,1.6445653,2.23881,0.37304324,0.11010559,0.2007397,1.0478175,3.920994,3.618869,1.0955213,0.50286317,2.2406757,0.028896093,0.371148,1.2371528,0.73190093,0.29638988,0.32283235,0.75902414,0.740384,0.44306165,0.43553525,0.06579377,0.08413464,0.3240308,0.910443,0.4684914,0.004927968,0.9072624,0.83485043,2.9028373,0.34483668,0.7982771,2.0544124,3.7878788,0.38291562,0.89749813,0.46362045,1.1781107,0.64629024,1.8211081,1.1810207,2.5891082,1.0785462,2.9749599,0.010923936,1.051554,1.4943458,0.055271965,0.8761883,0.13361982,0.90406674,0.5343985,4.3149548,1.9389925,0.82887435,0.33341122,0.05791693,0.30640212,0.56586504,0.048141327,0.1411621,0.4635159,0.31432894,3.183968,0.58439744,0.0,0.70902354,1.0512959,0.45784682,0.5682055,1.2027781,0.91907996,0.27476585,1.5858558,0.92490834,0.0,2.209536,0.85481876,2.6973352,0.39835548,0.055342596,0.82933384,0.50856966,2.2310789,0.448028,1.650999,0.2299569,0.3891379,0.60218036,1.598294,0.49496958,1.3837444,0.46652356,1.0187887,0.63180614,1.4058878,0.45403498,1.9913582,1.1465201,0.39441806,0.32014146,0.04422463,0.32695866,3.0434573,0.57473165,0.69002277,0.3227404,0.8953945,2.8629978,0.6255217,0.5598714,0.56366587,1.1342666,0.21085739,0.4093114,0.4285918,1.9645326,0.078560986,4.5714517,1.0889556,0.0053266054,0.555804,0.19141105,0.0066795493,0.64208424,0.49307716,2.4015126,1.6240338,1.862755,all_pothole_images\pothole_images_new_image_1276.jpg
0.87862074,0.60801464,1.5403017,1.0487555,0.037757393,3.2459872,0.39008132,0.57751536,2.380514,0.033890247,0.048035566,0.18342344,0.9513101,0.3580783,1.484285,0.5212001,0.06193454,0.25696266,0.832924,0.92271817,0.3627167,1.7551786,1.3226254,0.38656172,0.7738574,0.018132182,0.72622347,1.6623522,1.2918264,1.1552042,2.4333448,0.2972611,1.2686462,0.9445352,0.55631244,0.0,0.6843155,0.641092,0.23640677,0.87331355,2.7563553,0.5886024,0.08037534,1.8577629,0.9538445,0.34978643,0.85505205,0.0019136783,0.79740536,0.860076,1.6788065,0.3229912,0.47252584,0.7851384,0.042970497,0.28572088,1.0056499,0.49050197,0.4908637,1.3829247,0.66034263,1.7408031,0.966454,0.51819605,1.7923245,0.6184285,0.16904342,0.061796922,0.50583124,0.25306833,0.25458983,0.40379727,0.21673845,0.7370796,0.24654403,0.9347633,0.7794395,2.528385,0.0,0.3584627,0.34108117,0.40573087,0.08297602,0.36333776,0.44432762,1.9547831,1.0844046,1.0063738,2.9065392,0.029712692,0.868644,0.93002117,0.24728952,0.9820438,0.150837,0.39445278,1.9110781,0.21286508,0.30485356,0.88293487,0.058537643,0.63554376,0.16043204,0.14207461,0.7032619,1.5839703,0.0863499,1.0346909,1.1125776,1.0170646,0.41039586,4.107115,0.7375051,0.3223709,0.17547089,1.4334744,3.8379176,3.547339,0.085711494,0.69483197,2.0218973,1.431401,0.44490656,0.31479508,0.18504114,0.4736702,0.713422,1.2390218,1.4506665,0.11354842,0.17592372,0.8815319,1.0311759,0.48929635,0.29918543,1.4076341,0.06574169,1.4905548,0.47171044,1.360047,0.19850683,0.6660007,0.072740056,1.0382832,1.3289047,1.126179,0.75796366,0.8688324,0.17429176,0.023029074,0.31037587,0.36763078,0.10057365,0.4940509,1.2849344,0.9810017,0.15097712,0.036666565,0.572369,0.76039886,0.8677469,0.36350775,0.055716388,7.127469,0.13743243,1.1911848,0.6597676,0.26982453,1.9474174,0.15541147,0.07891411,0.14808655,0.611351,0.012282731,0.8705989,0.58088046,0.9401089,0.0,0.7123768,0.960709,0.5259201,1.3188467,0.8264849,0.47903812,0.709802,0.6197065,0.3046243,1.4235084,0.0,1.6363242,0.18408884,0.0025372845,0.017118616,3.7318614,0.67227346,0.042959306,0.6821021,1.8423611,0.415372,2.3465495,1.6375196,1.0664784,1.4237038,1.5879452,0.389096,0.6390693,1.6170051,0.2630519,0.13557538,0.8788039,0.05185938,0.82563055,1.6468046,0.6185991,0.6703029,1.3384049,0.26702625,0.5222278,1.9764346,1.2423488,0.8532271,0.93017995,0.31214178,1.1197948,1.7801932,1.7912638,2.558462,1.0346843,0.22632124,0.65482444,2.0889683,1.6159431,0.41841716,0.6488512,1.120062,0.06462159,1.2601498,0.14718598,1.838913,0.27738726,1.0956405,0.52838945,1.054322,0.09127712,0.015384565,0.021264173,0.76130277,1.0916522,0.46582776,0.038139578,1.6117821,0.049446154,1.5087694,0.11482903,0.8395292,0.07250896,0.15836965,1.9801869,0.053047735,0.41461745,0.41801596,0.272358,0.78001046,0.25969943,0.81678617,2.4481845,0.3921654,0.36204994,2.268272,1.126018,1.163005,0.89173263,0.30560145,0.051995557,0.1297044,0.54244024,1.8426195,2.828346,0.059537794,0.35801443,0.11048645,0.21881561,0.41645133,0.41514823,1.1830418,0.070219085,0.5242805,1.1166303,1.3646369,0.46350738,0.88593554,0.122495316,0.64111334,0.33584416,0.011300735,0.014229278,0.3886739,1.0510437,1.6189156,0.0,1.6374184,0.47331607,0.20419398,1.8797562,2.4306493,0.0,0.043690663,1.5343709,0.38084742,0.117497794,0.5137299,1.4252405,2.0392013,1.0310634,0.6131415,0.08301584,0.42768684,0.24551776,0.32210857,1.2303317,0.061255574,0.14038157,0.048039213,0.5225243,3.3814747,1.2491721,0.022725243,0.06593985,0.46678355,0.66154283,3.971667,0.5276976,0.0028161118,0.46396318,0.5851273,0.6563272,0.2887975,0.04375042,0.6354947,0.034758613,0.33978784,1.0589993,2.212933,0.362028,0.89029473,0.20102046,1.0361506,1.6012117,0.20762132,1.7395561,1.4313166,0.95204145,0.7257052,0.7528504,0.4558834,0.289981,0.119988486,1.5077969,0.71543735,0.3069087,0.16191927,0.61900353,0.97944045,0.15169214,0.13780586,1.1380316,1.1685019,0.3858163,0.0,0.00060445926,1.5532656,2.0520267,0.06926727,0.72169983,1.9439594,0.10978012,1.0928935,1.5503902,0.9887569,1.087796,0.4563206,1.2114655,0.8866077,1.3865045,0.6798155,1.2990162,1.422964,0.14760865,0.07268384,1.0323817,1.1963409,1.4519134,0.00085668423,0.14991756,1.0794225,0.9351177,1.9981943,0.51671654,0.5501093,0.036510896,4.067265,0.25665137,1.0273803,1.9848107,0.10809075,0.54478353,0.38855547,0.12644787,0.21290234,0.45354563,1.368861,1.1777725,1.0332977,0.86489713,0.13957945,0.60269976,2.690219,0.6798048,0.4046878,0.4910883,0.4834509,0.71326274,0.5200412,0.8156818,2.2468667,0.2948448,0.24247387,2.2284968,1.9849972,0.8645765,0.5837284,2.2171104,0.4479767,0.11206171,0.3044925,3.6357732,1.3549374,1.6357179,0.7037959,1.736395,1.3435152,0.57232916,1.4619777,0.26259127,0.2425382,0.045359857,1.4818696,0.48124138,0.5126835,1.1327548,0.7828187,0.97147095,0.24845886,0.7646913,1.5413052,1.6782697,0.35483417,0.19551559,1.9666066,1.4875289,0.11335717,2.0772333,1.7949605,0.20428844,1.0207536,2.3418486,0.98041,0.055073142,0.83239114,3.8360088,2.55307,0.79178596,0.8744718,0.03318667,0.75381297,1.4307783,1.428348,2.549771,1.1157058,0.36374518,0.9981906,5.2464175,0.8656251,0.20611021,0.5970954,0.045411706,0.9414344,0.14228061,2.2526479,0.47162908,0.284246,0.9418333,0.0054650684,0.0022785836,0.56797063,0.0037069714,0.43424228,1.1448731,0.05691605,0.38260385,0.052031156,3.0308552,1.9422363,1.4997865,0.74876773,1.4061952,0.005375215,0.4511423,0.018567862,1.7612554,0.63520133,0.24418052,all_pothole_images\pothole_images_new_image_1277.jpg
0.9946882,2.174993,1.5266286,0.41785267,3.2992609,0.58023566,1.6234758,0.24710684,0.7513851,1.4771185,0.22592732,1.0057461,0.43343142,2.064484,0.4570141,1.0366589,0.61502385,0.35780278,0.4070623,0.9503922,0.6801261,1.1670741,1.8545454,0.21668628,1.14027,3.1259685,1.0189719,1.0934128,1.0912837,0.19220454,2.00902,1.145805,1.1681268,0.756942,0.7370705,0.109754354,0.40520477,1.6254438,0.70838785,0.54606706,0.0,3.0864954,0.44170347,0.4765021,0.049457457,1.5586537,0.15272693,0.2689491,0.29905435,1.2346513,0.6267553,0.8880235,0.62833065,0.4703527,0.07929449,0.036420446,0.7740054,0.0,0.42916402,0.10782925,0.95372736,0.27351853,1.0616305,1.0718777,1.2976415,0.053198673,0.4586075,0.24907273,0.04613153,0.003033244,0.69704485,0.03234738,0.35971093,0.31806773,0.18321832,0.23625937,0.62128496,0.9698553,0.08722827,0.5300466,0.62132907,0.4651557,0.83556414,0.16905561,1.5897868,0.58665544,0.13279423,0.06698352,0.89387137,0.09189765,1.2021695,0.09317781,0.32896307,0.5543112,0.478445,0.4867675,2.7896,0.56894654,0.34800375,2.1630566,0.200047,0.682195,0.24357587,1.3050288,0.086129665,1.0400248,0.4709397,1.2067555,0.2282085,3.2659593,0.24099973,0.29278654,0.28738353,0.36367103,1.3930206,1.5452023,0.74313766,1.555044,0.7613205,0.7278267,0.6115569,0.22189327,1.9715043,0.21058372,1.6418637,0.031620834,1.7793015,0.63085705,0.5877102,2.5125015,0.3441323,1.1846485,0.0,0.7280268,0.00041364488,2.034364,0.9023852,0.5613729,2.7159965,0.04203441,1.3038417,0.36194247,0.46970963,2.1110876,1.0539489,1.3889141,0.14641736,0.52326626,0.11859888,2.0328093,1.4899613,0.22300434,0.5231774,0.98452085,0.0056512575,0.20465744,0.10131435,0.086201616,0.91723156,0.85105675,0.2001731,0.46767846,0.46896648,3.9590387,0.77096367,1.456203,0.056082122,1.2525662,0.29629922,0.2611345,0.4939072,1.0350043,1.24838,0.4500744,0.4535886,0.06988857,3.9356241,3.4197888,0.85985494,0.87934965,0.31925523,0.6450139,1.2791129,0.4562812,1.4847577,0.2734342,0.038470212,0.9918607,0.5909579,1.6782918,1.6417012,0.32453027,0.50917155,0.5564146,2.2108328,0.28224123,0.67001516,1.2140127,2.0086262,2.3435051,0.3302071,0.30709183,1.3750067,1.6117421,0.37494925,1.9562318,0.77838755,2.169169,2.3124757,1.314232,0.5060043,0.56396556,1.4781865,1.1131713,0.6335841,0.45311737,0.300889,0.18447718,0.6099484,0.11645724,1.2043353,0.36424363,0.35400644,1.1438466,0.2534936,1.122074,0.5473599,3.8680658,0.33011144,2.092454,0.44487107,0.911319,0.15654902,0.380564,1.0780652,0.27136496,0.21224701,2.071119,1.7591926,1.7134545,1.7087713,0.37020504,2.3673534,1.2795608,0.123705685,0.35423025,0.26418617,0.61010677,1.4435346,0.3486965,1.3754677,0.010731367,0.029044336,0.45597512,0.74555475,0.48399714,0.7618533,0.19048932,0.7715148,0.6646401,2.1949477,3.3622997,0.35918832,0.009331788,0.70446575,1.6301076,0.17667557,0.027243093,2.050686,1.5274001,0.012402789,0.23062359,0.05824481,0.5486403,0.05133566,2.230477,0.33227885,2.0041769,1.103807,1.8183489,0.4178874,0.3766771,1.2995762,0.15219033,2.2839859,0.73770064,0.6146938,1.3948702,1.3874736,0.26632956,1.8364706,0.7050613,1.8941935,0.15392265,0.47941667,2.5763147,2.225744,0.22984447,0.6821157,0.31222138,2.9665604,0.25849697,1.496522,0.06028699,0.642189,0.13919826,2.1461678,0.8821422,1.1303686,0.34200624,0.9861214,2.302116,1.036611,0.45256695,1.692175,0.3746768,1.1362182,0.16289274,0.26706365,1.7429202,0.35444248,0.4957273,3.4898655,0.49559104,0.49154288,0.63429326,0.20316553,1.7096635,0.99159503,0.33165196,0.5817362,0.93287385,0.14072847,2.3524268,1.4361849,3.8032668,0.041380253,1.2186263,0.6968936,0.29916832,0.37937754,2.7386363,0.1434528,0.9993963,0.050207194,0.23927519,0.0048944997,1.033484,0.6251603,1.6962157,0.4487404,0.82730776,0.55809075,0.8470726,1.2146753,0.059406318,3.0177984,0.3411615,0.9355413,0.035295215,2.4018447,0.42433158,0.7832513,0.5586653,0.061031215,0.14848645,0.4033577,1.4461738,0.23568255,0.25110573,1.1454954,1.5194824,1.1580786,1.2838429,0.053715073,1.0788472,0.6027139,3.1175673,0.6077911,0.37961632,1.5208379,0.1635769,1.143696,0.7948971,1.285796,2.1444783,4.1986175,1.2194427,0.061973482,1.1659641,1.3479463,1.0381683,0.16905877,0.41816023,1.3774428,0.3927889,0.7252231,0.066900186,0.49430192,1.4468337,1.2709627,0.48843795,0.31843925,1.1072693,3.0954602,0.34972233,1.270067,0.53147113,1.8666143,0.093251586,0.5656632,0.23619147,1.6413066,1.0358835,0.76222694,1.3868794,0.17391463,0.5594465,1.0339156,0.97952414,0.996118,0.58290106,0.8610355,0.0909429,1.0306085,2.1521513,0.20423292,1.5824237,0.84303373,0.28310686,1.3001494,0.9695401,0.20475414,1.7398102,1.2504386,1.0238259,0.5717112,2.4836307,0.5519587,1.9068018,1.162761,0.24333961,0.06575474,2.1886892,0.003859107,1.6133159,1.2316582,1.8991427,0.1431627,0.25083745,0.1547689,0.86998886,0.49037698,0.075498685,0.34068534,0.53133553,3.074924,0.33601066,0.7215618,0.41953945,0.85123676,1.3085891,0.049570516,0.44360974,1.3020133,0.9936023,0.07341987,1.0874664,2.4681535,0.5151103,0.07547229,0.7067315,0.30582622,0.99738747,0.171142,0.100026205,2.4967659,1.2525713,2.1186893,1.4498994,0.9080969,0.36012876,0.0662759,0.48865375,0.30079105,2.104127,2.1340184,1.0928265,0.1944538,1.0170672,0.69246036,0.06089204,1.12754,1.8367026,1.4171631,0.5245016,0.7266111,0.02358947,0.6500002,1.444426,4.0827885,1.0825878,0.65245956,1.6300466,0.39332637,0.25784835,0.22782321,0.9422028,2.5781589,0.4190919,0.24916893,0.72832537,all_pothole_images\pothole_images_new_image_1278.jpg
2.0208843,0.16236196,2.6539993,1.1395433,0.41815192,0.09191514,0.13692085,0.055682167,3.3698332,0.036272578,0.01117129,0.62992984,0.008660927,0.054558422,0.0,0.32065195,0.0006842849,0.03366313,0.215146,2.087594,0.011639429,0.029137732,0.0,0.30610994,0.32751852,0.44970194,0.3126844,1.156622,0.42056847,0.008294095,0.020756429,0.14078316,0.39775047,0.033726994,0.018976513,0.07753032,0.0,0.7871234,2.0318599,0.62809557,0.21782637,0.2842414,0.0,2.6708803,0.78627956,0.024238145,2.76347,0.053810626,0.0,1.1103855,0.24671055,0.78497857,0.042570993,0.01921108,0.055595223,0.69249165,0.47838315,0.39550725,0.0,0.0,0.0044611325,2.9387162,0.040933162,0.000104741055,0.14608784,0.55546415,1.1919568,0.6198298,0.0020830256,0.103221744,0.0,0.44221446,0.700095,0.4890932,0.0,0.020489827,1.490206,0.9557853,0.018771252,0.1970313,0.008125078,0.02216506,0.89648515,0.30030462,0.4032465,0.7813528,0.09608025,0.0008327937,0.38268623,0.003457948,0.0,0.027030671,0.09443041,0.1029094,0.59304845,0.34156036,0.5757902,1.5974952,0.0,0.0,1.9481397,0.0,0.99461246,1.4647092,0.09064935,0.012979076,0.05401025,0.5871206,0.0012114244,0.69018537,0.21218626,0.7084791,0.35151765,0.7542693,0.10159105,0.0011485427,0.09191818,1.0103928,1.2285581,0.5972592,0.5921241,0.19345157,0.0,1.1971391,1.1492257,0.35531288,0.21360499,0.48027092,0.21100031,0.0,0.0,0.0050298898,0.0015644965,0.008838624,0.0025093982,0.74019736,0.14739563,0.6876605,0.0,0.6913971,0.48985127,0.6443876,0.121493086,0.0,0.063056104,0.18998876,0.44458938,0.36194235,0.22106679,0.5893792,0.5120988,0.0,0.0,0.26260775,0.04470026,0.0,0.29581064,0.73318416,1.633784,2.6228485,0.2299506,2.6166344,0.044535343,0.0,0.3116585,0.2548594,1.7128346,0.0,0.32989144,2.6000154,0.19285764,0.046214882,0.0,0.5089118,0.013900447,0.028879464,0.33506164,0.14754377,1.7691528,0.0023964772,0.00827911,1.5206507,1.697222,1.8924505,0.07721705,0.17261049,0.2525339,0.40252164,2.8014762,0.602955,0.03793725,0.16217794,0.0004935131,0.38791764,1.4537599,0.016583096,0.95708513,3.2204819,1.1833807,0.0036895396,0.0,0.36656955,0.016809598,0.048860207,2.5108232,0.13180475,0.31135648,0.0,3.8057857,2.1831887,0.0063934424,0.1646059,0.05243963,0.48755458,0.17978753,0.07999154,0.17333409,0.0,0.0,0.06694971,0.36621806,0.35913873,0.29391173,2.8596275,0.2744515,0.40659046,0.15203623,0.084592536,2.7450268,0.0047903904,0.085780814,0.1897008,0.68889624,0.42630184,0.035895195,0.51451755,1.4339724,0.0,0.028763277,0.71000147,0.0,0.50003505,0.0,0.34730744,0.20444508,0.78123295,0.17127612,0.34634984,0.15086752,2.2320468,0.69952965,0.480687,0.08191529,0.64169824,0.0,0.0,0.03250231,0.665693,0.63780326,0.21707149,0.21209675,0.08652005,0.1390032,0.18672696,0.054348994,1.3321306,0.7542713,0.7994816,0.58985764,0.043246828,0.2808682,0.031660687,0.0039872597,0.09169206,0.53496164,1.3629868,0.0,0.7125936,0.62229365,0.51402354,0.80179346,0.053053737,2.0433009,0.24842384,0.8781696,1.0685338,0.3720959,0.002425809,0.1022754,0.24116537,0.0279756,1.4485008,0.0,0.28241143,0.015378631,0.013075202,0.010762581,1.46329,0.37381035,0.38108486,0.19982646,0.25458652,0.6648324,3.7704566,3.4209616,0.051592246,0.05194216,2.9068496,0.12568326,0.17713305,0.19729051,0.014783677,2.1470227,1.1630912,0.1584519,0.33347997,0.3945509,0.029035315,1.1726317,0.3811259,0.0028851773,0.014341307,0.18966141,0.0019823273,0.0050027673,0.0,0.47177014,0.0,0.19348758,0.033360276,1.6947111,0.0,0.059872977,0.09332751,0.9305131,0.0,3.7569346,0.001793623,0.035346318,1.3811387,0.79358304,0.9117704,2.4120748,2.622257,0.5920414,0.889165,0.65971017,0.04776066,0.87596595,0.0048368415,0.0,0.5421331,0.045067474,1.2200278,0.0,0.11713346,0.0,0.5356394,1.1140653,0.67242837,1.2866247,1.0445192,0.07491829,0.44394332,1.0379264,0.3302265,0.09651416,0.0,0.046726767,0.41096205,0.81725544,0.0,0.7605092,0.042733416,1.4165426,0.51827,0.0,0.0,0.0,0.13409542,0.0040358463,0.004772047,3.3260484,0.29727033,0.03696323,0.0,0.40831202,0.0,0.0,0.16158222,0.32029667,0.6235238,0.44475156,5.4946847,0.0,0.13569881,0.2460774,0.31086966,0.0,0.035375174,0.3002432,0.027007924,0.4391653,1.0212041,1.2327479,0.21251479,0.0,0.0,0.6584738,0.0011560929,0.66375613,0.47358394,2.5685196,0.30226135,0.5965011,0.0,0.47206333,0.3898587,0.7256711,0.7150144,0.49955952,0.57571906,0.0,0.21186563,0.13154872,0.035710637,0.7626648,0.027041692,0.0,0.74898416,0.028375747,0.0066181687,0.17365815,0.8538962,0.036964353,0.33078998,0.012160394,0.20468336,2.0784953,0.7199989,0.13224237,0.64276886,0.35731748,0.25076756,0.580779,0.0385525,0.055166896,0.7926934,0.042088464,0.3279538,5.7461476,1.0452977,1.9780763,0.10066037,0.00078914664,0.685482,0.24667381,0.06393591,0.0,1.5482846,0.0033482292,0.0,0.0,0.0,0.14937441,0.64483315,0.7779552,0.77587664,0.8714369,0.055183828,0.0,0.4787772,0.0,1.0312642,0.0003678933,0.6263312,0.015712809,0.63599724,0.005512704,0.0,0.0,0.018374132,0.96340543,0.010200374,0.08850276,0.06837652,0.08139112,0.05510793,0.43643206,0.44656628,1.2479607,2.856247,0.49883607,0.28464264,0.004758348,0.0,0.082956456,0.9568293,0.0,0.024520556,0.40714547,0.6909824,0.792596,0.08334253,0.010408356,3.8408887,0.1499991,0.40207762,0.034395598,0.0,0.057876714,1.3077351,all_pothole_images\pothole_images_new_image_1279.jpg
2.0288262,1.5123073,1.6567501,1.1933556,1.4741815,0.83327794,0.31147876,0.11644015,0.24695906,1.4417893,0.83989114,0.28790116,0.94570625,0.08390048,0.3665871,0.49054882,0.77695096,0.20424616,0.87910753,0.2477449,1.3397816,3.5276797,0.68084013,3.3730254,0.35319257,0.2981,0.007756221,1.0144222,0.13951798,0.7106804,0.35358083,0.23525749,1.3984213,1.0490267,0.59315854,1.6236606,1.4143087,2.3992822,0.56882536,2.30475,0.8997767,0.35867634,0.8558042,0.92029697,2.1697237,1.5132996,0.037207145,1.9235222,0.6130348,0.75289637,0.3463453,1.0881807,0.63906264,0.69574165,0.97807574,2.3840468,1.5536245,0.9384723,0.91409785,0.39140686,0.66945374,0.5176269,0.5104447,0.7015996,0.3051834,0.779623,0.9365545,0.9756667,2.6171644,1.1645253,0.3525326,0.65528625,2.1762857,1.5819209,1.1034156,3.9652727,0.50533503,0.13735649,1.0073557,0.18963309,1.7441045,0.640251,1.0324315,1.9365077,1.0782866,0.27393875,0.12117238,0.54614127,4.692977,1.2300605,0.029198712,0.34885913,0.46475798,0.2928742,0.5714895,0.8420125,0.8416801,3.2692945,0.47686565,0.74543494,0.24860223,0.91837335,1.1124046,0.79486364,0.19681226,0.048271198,0.20525655,1.6014552,0.1356541,0.8755043,0.23618826,4.488925,1.6164827,0.7534292,0.49678713,0.5008862,1.8082938,0.4414457,2.2291393,2.2644498,2.9149902,0.34537208,0.055460937,3.5848665,0.21162984,1.6581187,0.33791685,0.49279425,0.25551432,0.40158212,1.2081715,0.027532127,0.049984775,0.87052995,0.58057606,2.7942228,0.40022022,1.4389015,0.7603887,0.74875087,0.14710928,0.5226234,0.28661695,0.942576,0.62722063,0.6706538,1.1229599,0.7063407,0.057401825,1.2132791,0.7753403,0.4922084,0.11843621,0.5322954,2.1158967,0.65956813,1.3921448,0.4362638,1.0886744,1.0038644,0.91119546,0.3370559,0.020591494,0.881217,0.0,0.5635817,0.056211375,0.15230453,1.3839691,0.8540179,0.5078502,0.18739903,0.3717905,1.3065544,1.7665794,0.72879416,0.46554974,0.017249875,0.45664883,0.33219633,0.045462437,2.3004203,0.78356373,4.2116694,0.29663885,1.850074,0.8323649,0.53278875,2.0187938,2.2196407,0.07490666,0.35552418,0.086169355,0.93942165,1.0797312,0.36506373,0.5026173,0.27905515,0.9119373,0.7758245,0.4228363,2.0054412,0.048049122,0.3520664,0.75050986,0.38423422,0.25399682,0.7090938,1.0342376,0.15019028,0.09920096,1.1003262,0.73989743,3.567605,1.397455,0.98286164,0.27680168,0.5561406,2.6607466,0.05551375,0.7948915,0.32355642,0.5369299,2.1399343,0.5099342,0.76633173,1.2940917,0.36032984,1.5860001,0.5691594,0.15244435,1.7131358,1.4270434,0.3123111,0.7523298,0.4968661,0.99044627,0.12663908,0.006749154,0.05621958,0.21308061,0.05854991,0.14568631,0.013894933,0.026999453,0.17699063,0.8876821,0.13122736,0.4102418,0.79523313,0.759095,0.48495373,1.0716583,3.4411542,0.13367914,0.0773145,2.1543124,0.3713225,1.1524938,1.7033681,0.029670624,0.36164334,0.9748379,0.43358922,0.9216817,1.0666981,0.88261336,1.0093216,0.46037257,0.17743848,0.79301965,0.8384061,0.1906709,0.44196656,1.3050147,2.0155983,1.4348227,0.0,0.19778648,0.3412544,0.08118135,0.10516079,0.7392362,0.3956533,0.98341227,0.93617976,1.5947393,0.8993313,0.24486968,0.78185177,0.5296735,1.5048401,0.23199312,0.20767498,0.573861,0.39017138,0.72301733,0.29048407,0.7933661,1.2748194,0.26225725,1.0205877,0.5287929,1.1142594,2.6564384,0.6083378,0.0832491,1.2522902,1.006842,0.8776047,1.0971301,0.7086452,3.9841142,1.4395014,0.16164343,1.9305853,0.706384,3.3857882,0.45716465,0.25305486,1.4774767,0.9773031,0.4239459,0.44959733,0.6985629,1.6266574,1.3889009,0.25706315,1.2209525,0.4372011,1.3676505,0.7435639,0.3007401,0.25081316,0.23419355,1.537764,1.7338396,0.5600662,0.5138804,0.046240028,1.8644936,0.22814411,2.562396,0.0141395405,1.5379689,0.7008469,0.8549258,0.03292583,0.2156998,0.80049646,0.18100722,0.97497153,1.0217355,0.9008601,0.40917158,2.6055858,0.24114572,0.753109,2.2286766,1.2971984,0.40589046,0.2319815,1.5767492,1.0022213,0.14941084,1.3400651,0.45069146,0.025398532,0.059140626,2.0978801,0.80318034,0.53216195,1.7722929,0.22945054,1.4552076,0.23132028,0.9472537,0.6167607,1.4978324,1.1726904,0.1648605,0.10589758,1.8391179,0.95007247,2.6882899,0.8776706,0.9069572,0.14055562,1.5901146,2.6425145,1.58178,1.9527142,0.4549801,0.22735226,0.09917456,0.3465509,1.4383272,0.74911183,0.035882574,0.46999857,1.965672,1.4806963,1.0795344,0.26362756,0.2690303,0.25002256,1.199346,0.7188681,0.9153327,0.23968005,2.7249563,0.4166498,0.58682984,1.8447858,0.46721414,0.62741446,0.83635736,0.66917807,0.76217276,1.3182255,2.7963247,1.3615394,1.6493891,0.4423169,1.9266222,0.046571597,1.1243606,0.5200648,0.33361804,0.90068585,0.4450549,0.07814652,1.4424087,0.3457272,1.4134746,5.186519,1.814509,0.21543868,0.10828082,0.84183735,0.9448652,0.615411,0.09288678,1.9239427,0.43883196,0.23699465,3.3015547,1.2712156,1.0820085,1.6467565,1.898439,0.86833125,2.8990097,1.371133,0.7171266,1.5198257,0.9479909,1.8601781,0.0,0.99469054,0.7075283,1.0884532,2.907778,1.1474276,0.47342765,0.9132702,0.82679695,0.020756565,1.3467724,0.62896955,1.8693885,0.28456628,0.257508,0.7873367,1.6632406,0.55657065,0.0,0.5774215,1.478475,0.797922,1.6221229,3.1602206,0.87296605,0.19956884,0.04986287,0.54951334,0.8895247,1.4395761,0.8948987,0.19805695,1.1243781,1.661267,0.24574466,0.1620482,0.3559227,0.103158034,1.1651943,0.5131462,0.1945942,0.00896213,0.28989658,5.5255837,0.799911,0.5563597,2.589969,1.2006854,0.08779017,1.7317368,0.17171022,1.198556,0.5090671,0.8468517,all_pothole_images\pothole_images_new_image_128.jpg
0.0352415,2.0905461,0.6700894,0.9662665,0.20880562,1.990135,0.2892581,0.30089325,0.009874002,0.45869654,1.0860583,0.6766769,0.02573781,1.0447216,0.21713775,1.3403535,0.82824045,0.0,0.218134,0.29158962,0.116913445,1.9827977,1.1943953,0.40901026,0.6290552,0.04337871,0.2959566,1.403051,0.26685005,0.690963,0.055338375,0.28412583,0.10118159,0.5607618,0.90271705,0.109999225,1.1702144,0.045245413,0.89026725,0.04867396,0.54892015,0.3372119,0.25622115,0.11767232,1.4957486,0.01873348,0.29047152,0.0,0.8365536,0.08900965,0.19668232,0.4501484,0.092686385,1.0717697,0.54596275,0.91765517,3.132673,0.28710738,1.6856441,0.9121054,0.3536099,0.8251101,1.5095196,0.6647461,0.8432351,0.7020237,1.4868389,0.8739827,2.3950255,0.4745959,2.350099,0.76849884,0.40124464,0.22161907,1.2955333,0.31303188,0.112155035,0.58736175,0.18311456,1.0914705,0.7117252,2.20635,1.2185348,3.8364034,0.49810588,0.20104389,0.5757358,0.3373613,2.8573997,0.97359097,0.8262012,1.6343548,0.13815516,0.91226643,0.08503283,0.26320374,0.19787033,0.5747399,1.0335388,0.2625204,0.27039495,1.9945893,0.35526586,0.5361811,0.45523658,0.73126674,0.7519565,0.24701387,0.38458815,0.65681547,1.4901003,0.52267355,0.69265985,1.0205421,0.22984807,0.78775364,1.5744921,0.805862,0.8851838,0.110615164,0.3190021,0.32585824,0.46640337,0.35168663,1.376256,1.951495,0.7892792,0.6493211,0.3454252,0.12641701,1.0049028,1.2287016,1.5341324,1.9135505,1.61913,0.3054923,0.34093902,0.13134886,3.22119,0.76616573,0.16620944,2.0554879,0.066844605,0.2786527,0.3764524,0.7699924,0.70354545,0.03145392,0.24624325,0.44743022,0.0,0.9279651,2.3034308,0.017145164,0.3261379,1.0915293,0.5518178,0.009095426,0.39231867,0.10204313,0.33751664,0.20872582,1.1108885,4.910012,2.9339998,0.40376195,1.9772203,0.42622018,1.1089962,0.010189394,0.7130076,0.9989004,0.6325431,0.23035848,2.7624066,0.05829314,0.24469301,0.56320536,0.1403361,0.4446686,0.82782364,0.16807081,0.9890045,1.1602589,2.6916952,0.26413262,1.0134357,0.7470235,0.2818846,0.45225218,0.49334177,1.0374184,0.05518708,2.2689157,0.47606266,0.6955185,0.1132518,0.7500328,0.06512607,2.143917,0.7813457,0.22237945,0.20265657,0.15551114,1.4563304,0.5886356,0.2362839,0.8416296,1.0274329,0.20982224,0.2728204,0.45004195,0.5825539,2.188541,0.6622203,0.12798265,0.32157457,0.0016181966,0.15597552,0.4469944,0.48160875,0.28270677,0.5460698,0.040208608,0.6431282,0.16083945,1.8156801,0.46459585,2.6119795,0.48649666,0.11828464,0.5701858,1.2530041,0.2024489,0.20248003,0.586055,1.1768157,0.070196144,0.32728437,0.3246089,0.52072996,0.9035674,0.10345091,0.09988068,0.9846907,0.016904058,0.85119146,0.1308264,0.23400845,2.6111627,0.62037605,0.9423634,1.2088728,0.043690525,0.50745183,0.13464434,0.13240118,0.50660396,0.39453685,0.8343816,0.648851,1.1437612,0.50384986,0.71848625,1.2452168,0.075694464,0.411032,0.5838834,0.52940935,0.10031184,0.6038559,0.0,1.7643285,0.7600828,0.054669213,0.9245687,1.1485379,0.90785587,0.086922966,0.34029573,0.017186379,1.7548681,0.17277361,0.76094615,0.9413779,0.66279227,0.93788594,1.4332845,0.7264181,1.5553193,0.058246106,0.7839043,0.343997,1.7669765,1.4165045,0.7831034,0.6772266,0.4783814,0.64476633,0.396312,0.00753782,0.64899075,0.14995393,0.43228233,5.9233003,0.9776769,0.587159,0.25181475,0.4331705,0.7552039,0.03350846,0.31491637,4.8053083,0.23560575,0.11916639,0.20966583,0.3163287,0.9797564,0.22460186,0.57683,0.30587158,0.34111047,0.2073094,0.032323252,0.7190178,1.4457428,0.21184473,0.91518795,0.6456591,1.3070205,2.1680632,1.0288221,0.17672332,0.08074783,0.47739652,0.028413847,0.31898662,0.15896195,1.8545294,0.100081906,0.8717479,0.8140916,0.31943285,0.03936914,0.7444894,0.089049764,0.54932106,0.16419849,0.22197743,0.5796191,0.30544412,0.28483582,0.44802147,1.2262691,2.1556177,0.38322517,0.8389748,1.4908826,0.7420298,0.06537288,0.09699972,1.0874865,0.21738036,1.0454154,0.3074449,0.5580768,0.5407815,0.5334243,0.3737058,0.595276,0.63752925,0.18411446,0.6241065,0.45212772,0.07464129,0.742892,0.11040564,0.10429608,0.1774219,0.5330548,0.69997126,0.7335882,0.38307497,0.31948942,2.5053592,0.860679,2.1147914,1.5897564,3.619195,2.0314934,1.193271,0.3164058,0.42941543,0.3254137,0.17385736,1.2289795,0.5461466,0.6818097,0.0013212902,0.19161166,1.8434746,1.0059575,0.09040769,1.0022132,0.20816143,0.045122273,0.524074,0.9271324,0.020834725,1.8544492,0.08993359,0.011534124,0.28328857,0.21191478,0.02691489,0.923091,1.0860353,0.95237374,0.43566462,0.076841,0.043169282,0.63395816,1.5385455,0.85372174,1.8887998,0.373975,0.5234758,0.5279841,0.64849645,1.4684929,4.3218827,0.43487665,0.10640683,0.045276873,0.72548175,1.872928,0.72563964,0.0896652,0.17228982,1.4630406,0.50484425,1.3206698,0.7636426,0.19776243,0.3045186,1.9403933,2.221627,0.21841373,1.2807167,1.4869833,0.3668917,0.046776764,1.053124,0.43051675,0.42683887,0.29902667,1.0343584,0.011774579,1.0487655,0.10743301,0.56321204,0.4079705,0.33769074,0.40655643,1.4529525,0.79929787,1.1546417,0.12701097,0.90804535,0.56198955,1.610053,0.17288025,0.8279195,0.012294314,0.87569076,0.7639331,2.4975789,0.073348425,0.008853866,0.60820925,0.76932573,3.730224,1.2320173,0.04132756,0.13521077,0.71143955,0.47694436,0.5774203,0.27835432,5.0819486e-05,0.79013854,1.6644928,0.4319503,1.0138626,0.07452473,1.2393473,1.41688,0.03194113,1.0031993,0.9915025,0.09868933,3.0816364,0.46394846,0.45657885,1.077005,0.1897252,0.0,1.8995876,0.8301147,0.04961082,2.8997798,0.025478896,all_pothole_images\pothole_images_new_image_1280.jpg
0.07795057,1.0729747,0.13136195,1.1368792,1.0516795,0.545339,0.07744439,0.6666029,0.55639267,0.23179239,2.911048,0.6227726,0.32604513,0.8096922,0.77655214,0.3882355,0.3675115,0.18187873,0.0004482882,0.5075653,1.6381425,1.5821825,0.46896642,0.70637876,0.16855527,0.018737553,0.11141622,0.85776246,0.33449784,1.7543501,0.98289496,0.50126874,0.82191855,0.18242906,1.7114066,1.3099024,1.2650319,0.97542965,1.78971,0.98135126,1.3551402,0.4741726,0.117505774,1.0005363,3.6487696,0.3828504,0.28655103,0.024932355,0.13601705,0.2203447,2.0195608,0.727721,0.5634381,2.1448274,0.6657455,0.746474,0.59578407,0.28611323,0.34294996,0.122864075,0.36587715,0.017423585,0.7243177,2.8641512,0.21641085,0.7074872,0.377653,0.7552386,0.21173409,0.030072788,1.3447794,2.6253874,1.1830592,0.34795815,0.32886648,0.46596417,0.1743957,0.046074234,0.25252414,1.0596002,0.94244397,2.0317442,0.017440299,2.7849567,0.23507781,1.340019,0.06878255,0.7641284,0.20371157,0.51928324,2.0013483,0.09596495,0.27912316,3.1033287,0.3704224,1.0543834,0.53588974,0.044879466,0.28431427,0.044766873,0.89360744,1.1066021,2.6039996,0.9265109,0.22519737,1.6654385,0.0971224,0.003100556,0.44457796,1.8972077,1.0879618,3.703118,0.5407483,0.2584564,1.4794458,0.31549427,3.3437042,6.342472,0.4906718,0.33387807,0.62065744,2.9300654,0.497235,0.08650826,0.47077364,0.0972325,0.74156976,2.3467185,1.369837,1.495742,0.75731945,2.4251077,1.1434382,1.2295047,0.26362073,0.826391,1.7329379,0.5031097,0.2628643,1.5245516,1.2191006,0.64831525,1.216433,0.5658313,1.0175686,0.19598226,0.39082503,0.527589,0.09004749,0.49864274,0.23112062,2.5150187,1.555893,0.018897338,0.09464958,0.10297103,0.7892322,3.8434117,2.8319917,0.0025797698,1.5777105,0.11847396,0.37531987,6.889273,0.53796077,2.0798554,2.319523,0.7705388,0.6792264,0.6694947,0.033101343,0.29072893,0.33112493,0.9100197,3.3642857,1.1388654,0.09205087,0.71052945,0.9071569,1.2323031,0.31415465,1.2508358,0.5568827,0.9250947,0.041724924,0.5149147,0.8301265,0.9717024,0.575614,0.95031285,1.6447197,0.78262997,1.5438901,1.1960351,1.9495748,0.8871628,0.24113573,0.71267205,0.93092906,1.2573351,0.15247326,0.9469298,0.20510554,1.5286949,0.8355048,0.13820764,0.9875749,0.10816134,0.76912904,0.0,0.27881405,0.53882426,1.2702748,1.9786129,1.0237964,0.010303801,1.0454466,0.0012476539,0.00839424,0.33404917,0.11263351,1.1439924,0.28549257,0.7926374,0.22096762,1.7968671,2.0041308,0.61295766,1.2398635,0.1723952,0.6389206,2.0969512,0.13014528,1.6152,0.80556977,0.46312973,0.024144236,0.25027543,0.23739752,0.7877988,1.4667355,0.6515446,0.53088754,0.463492,1.0450991,0.72075284,0.8982255,0.047487415,0.54603964,0.0648925,0.96045685,0.739596,1.4437364,0.911532,0.60810864,0.3237158,0.46423632,0.35816997,0.22208694,0.5242888,0.3975858,0.98882425,0.35011488,0.34834677,0.8120862,0.056205485,0.5025708,2.6146529,0.51161104,0.45049897,1.1725703,0.42732635,0.13263613,0.54093164,0.42045134,0.8124049,0.15385547,0.50245565,0.034704704,0.0019835713,1.2181602,1.8689301,1.8746415,1.2140805,2.607768,0.25535554,0.32770517,1.1744695,1.4612286,0.05809985,0.017262612,0.8749777,0.45272133,0.1203188,0.78248,0.07383847,2.1568058,0.52689296,1.0910188,0.0060904897,2.3713133,0.74223685,2.9934797,0.818374,2.6054971,0.116166525,0.7794399,0.9670075,1.0774908,0.028740006,0.6560257,0.16342036,0.8619648,0.73218673,0.32438442,1.2033802,0.92289126,0.89051414,0.37422574,0.2562343,0.32463306,0.28281853,1.1364512,0.040381167,0.26894623,1.0067688,0.14577612,0.5923587,0.9837153,0.57190084,0.80081415,0.58468395,0.6987776,0.6211101,1.888221,1.2175962,0.3662996,0.5849747,1.2930422,1.0221422,0.9654269,3.196878,0.15106358,0.7516007,0.31359482,1.5146897,2.6274097,0.65436506,0.72316927,0.80143154,0.058351457,0.39563867,0.22079876,0.210908,4.072608,0.08667839,2.90959,1.1096046,0.07656244,0.11466958,0.7496885,3.12799,0.47549772,2.1154125,2.42603,0.16584355,1.7373298,1.5378389,0.5134593,0.0,1.0051154,1.536651,2.5682957,2.0454855,1.2736747,0.792489,0.47923106,0.0152445035,0.13000245,4.4682927,0.7672458,1.1708213,1.7784587,1.0480521,0.85787714,0.40797034,1.6487689,1.0986297,0.7018482,0.98857534,1.8453751,0.03621049,0.15471992,0.659177,0.27559578,0.7570031,0.08857106,1.8542944,0.57876235,0.24334833,1.3560706,0.096476905,0.2294654,0.49363926,2.1241534,0.31555456,0.20790571,0.90131444,0.41225806,2.0505235,1.376494,0.13683498,1.1696222,1.141907,0.23560975,2.096031,0.07281106,0.66226244,0.9618208,0.30491784,0.066685535,1.7570882,1.3968847,0.83855414,2.4145303,0.25886554,0.411312,1.2095481,0.6993821,0.19143252,1.4200984,1.303311,0.47006917,1.7766327,0.55453056,0.3858366,0.5199281,1.5173833,1.5201643,1.8304256,2.7377493,0.020949518,0.019039098,0.94463503,0.70287806,0.79555905,3.3569531,0.59834766,1.8502945,1.1914096,0.31633127,0.086830504,2.1120625,3.279599,2.0873818,2.998458,1.7118267,0.1941554,0.5900859,0.09073923,1.7965455,1.015981,0.34160197,2.6410816,0.41382387,0.3252353,0.64029765,0.04623865,0.6229516,0.48794803,0.7783517,1.5788172,1.136519,1.254377,2.5257232,1.2121013,1.2920171,0.02557175,0.87975574,0.3958454,0.298693,1.082415,0.482679,0.7543922,1.6772301,2.778239,1.4912271,0.2860516,0.67221117,0.76629466,1.2743378,0.021561917,0.4264324,0.05418811,0.36788544,0.056466665,0.29685354,1.7046814,0.0022132332,0.9893097,3.3740635,1.3717713,0.42940724,0.03978087,0.0080087,1.3169265,0.08191176,0.1252643,0.8340759,0.04286792,0.32532424,0.098993234,all_pothole_images\pothole_images_new_image_1281.jpg
0.3008617,1.3545005,1.5914185,0.66631377,0.40697014,0.7684083,1.1858047,5.010862,0.04416175,0.39077175,0.37025872,0.39988232,0.0,0.39772084,0.10767121,0.24835104,0.94035774,0.18260239,0.84550464,0.07601116,0.19489084,2.2799323,0.23569871,0.28170857,0.72121334,0.48800883,0.051676273,1.6462047,0.1332189,0.91989136,0.16501006,1.0110215,0.0,0.32009587,0.99098444,0.59333926,1.590123,0.35201186,0.9131803,5.6901236,0.42454877,0.30046934,0.82039225,0.21779321,0.52860373,0.9741998,0.15749335,0.37890765,1.4289618,0.1755981,0.4634215,0.3865952,0.22235893,0.34589633,0.51365036,0.49123764,1.6935182,0.050133616,1.3399755,0.6534925,0.52061063,0.4441867,0.3477092,0.33883646,0.15550023,3.0205345,0.13343583,0.8756882,0.79960936,0.6755282,0.03468646,0.117911376,0.5758192,0.18165857,1.1197515,0.4257325,0.10156645,1.2308825,0.5977402,0.28500983,0.17382705,0.9966915,0.13969469,1.9438308,1.1720507,0.97020805,0.17258498,0.16215013,1.7958881,0.9594267,0.5046577,0.6720194,0.4168318,0.6041449,0.1476071,0.52361906,0.55401164,0.6955712,2.0898201,0.6007825,0.057066243,0.014059692,0.35088342,0.858002,1.394834,1.2283357,0.48042208,0.5157076,1.0683193,0.5374717,0.44270796,3.8435261,0.28901243,0.13487825,0.9393751,0.12094122,0.3299362,0.2844377,0.40878195,0.5802565,0.82264405,0.083726816,0.39948773,0.41718608,0.41927108,0.7207444,0.6750565,0.8877948,0.9636337,0.971499,0.69710875,0.39552504,0.62881607,1.2936679,1.5093043,0.03755132,1.0516616,1.5449939,0.08602394,0.06995869,0.25171152,0.8517775,0.30828285,0.6843308,0.2091398,0.9608654,0.030312516,0.046065617,0.8829901,1.3095794,0.4993431,0.7892151,0.13072066,0.22827448,3.929158,0.1409352,0.096495576,0.16696867,0.544461,0.5424461,0.43975616,0.31075683,1.5637739,1.7780874,0.9067251,1.5761293,0.5163744,0.6695915,0.15881628,0.045261245,0.84747845,0.28837126,0.36836803,1.0133075,3.4149935,0.088258326,0.041161843,0.21900794,0.2184999,0.33002284,0.19187114,1.5630004,1.8703183,1.4386995,1.1168348,0.8910348,0.2046233,0.3043802,0.444896,1.4628159,0.15256312,0.39041048,0.80507535,1.846305,1.4032137,0.87441283,0.93801624,1.163918,0.33804274,2.1763918,0.25159726,0.31576303,0.39532667,0.09917845,2.1266644,0.14778301,0.78641737,0.3404403,0.25735706,0.5980464,0.20109065,0.027821224,1.9310873,2.215246,0.31776732,0.34556976,0.40486723,0.6007728,0.8706942,0.15971698,1.17208,1.1455407,0.13552624,1.2355071,0.26946884,0.30997294,2.0532029,0.15547456,0.41292408,0.58640593,0.68269354,0.5527729,0.14785725,0.31701052,0.083765365,0.9032449,1.7956244,0.7782712,0.4327535,0.17315044,0.21618178,0.80169606,0.48183182,0.7737773,0.100074805,0.19544722,0.38834888,0.52491105,1.7709606,2.6891408,0.87399805,1.1772825,0.7485548,1.0295254,0.32207176,0.24274778,1.5301869,1.3381827,0.5989183,1.006659,0.06819188,0.021982621,1.3570136,1.0163867,0.2329173,0.21750808,0.524833,1.0103015,0.062786676,0.8087416,1.6472868,0.0719634,0.36528462,1.2853255,0.59737533,1.2851974,0.4509601,1.3839297,0.23379427,0.55133003,0.017387584,0.12268086,0.65654564,0.14966461,0.9589132,0.06885095,0.55440193,0.80553985,0.1314845,0.30962282,0.3603905,0.09384013,0.032164484,1.1196018,1.4515455,0.4051776,0.7656953,0.9085674,0.36456683,1.5520041,0.14035948,0.521045,0.18796586,1.1509515,0.6750385,0.08925582,0.18141355,0.60042006,0.658463,0.6052747,0.742459,0.9112052,1.1954741,0.31412268,0.15503095,0.5540131,0.18282321,1.1017708,1.2752197,1.0963851,0.052522633,0.38798273,0.0794548,0.14393765,0.49995095,1.2211219,0.26598173,0.0367307,2.22834,0.7843872,0.9934232,0.42800257,0.7175257,0.0,0.5881709,0.79232645,0.5405851,0.54720765,0.06539399,0.24217296,1.4647211,0.17169955,1.3541402,1.0045788,1.7721359,0.07426293,0.27819774,2.4007328,0.12935968,1.3237871,0.2534038,0.7978743,0.56043,1.0621898,0.24396293,0.07352507,0.5677475,1.3226961,0.58449054,0.960369,0.11836947,0.28622085,1.4918885,0.25537038,0.097261816,0.10095035,3.2508383,0.27203673,0.09200351,0.17796475,2.114295,1.2697573,0.34607765,0.69691414,1.1296879,0.57695067,0.5229228,0.49192533,0.7648041,0.13313033,0.8335318,0.015823642,1.0156493,1.0826355,3.0415359,1.6566783,0.7343863,0.11659174,0.4367281,4.291338,0.91117936,0.7666313,0.13792859,0.6672891,0.67530096,1.3499197,1.2756087,0.9271903,0.15485245,0.02229144,4.6302915,0.23597641,0.19849022,1.5457464,0.1437884,0.042304046,0.61023253,1.9162334,0.088404894,0.49990284,0.389413,0.73418784,0.866522,0.7384013,0.0,0.84536994,0.032048065,0.04768394,0.44242078,0.16477247,0.10757014,0.2127137,0.9468796,1.8683299,0.47311082,0.14847021,1.7173032,0.56558156,1.6067126,0.3132608,0.14578973,0.19742644,1.189511,1.0251318,0.3927521,4.722851,0.5524094,0.2769786,1.4491571,0.53108567,0.71531147,0.19281209,0.096291795,0.30344,0.29683518,0.28017515,0.39895847,0.31632355,1.757038,1.0223849,0.8184449,0.35765246,1.2678573,0.369236,0.8618614,1.5707006,1.0856146,1.8934906,0.36281812,0.09160053,0.17064044,0.038857147,0.41714507,0.15021025,1.7046366,3.480645,1.4205506,0.122764625,0.5266973,0.61673945,2.5699959,1.366406,0.29342327,0.06256371,0.5453129,0.3334428,0.7263556,0.8232725,0.46915936,0.7175457,3.3205953,5.4796104,0.34369755,0.3646815,0.25119036,0.75424707,0.59687704,0.20648448,1.855081,0.25943425,1.9965733,0.8621759,0.085532226,0.0,0.3699069,0.37393126,0.52131486,0.07372159,0.90995073,0.7435054,0.36818415,1.7536135,0.39871192,0.33660474,1.0817363,0.3633635,0.0039852974,1.2482922,0.8304988,0.3148488,3.6972282,0.53036773,all_pothole_images\pothole_images_new_image_1282.jpg
1.9126812,1.8958763,0.99111927,0.86995524,0.3973566,0.71348315,0.1337395,2.0029907,0.022494175,1.1381435,0.09930054,1.1900191,0.78055406,0.3882866,0.15538292,0.14639784,1.3429815,1.406805,0.0566334,0.37354842,0.51077473,0.31608486,0.99294496,4.7116323,0.0,0.0,0.0,0.6520133,0.040695302,0.5215661,0.3234688,0.0,1.6491643,2.8885696,0.7024864,0.38676757,0.6342291,1.1583613,0.852507,1.0468816,0.024567656,0.07367423,0.06296112,0.48037773,0.22382592,0.6303656,0.24836814,0.18957864,0.82640666,0.55289173,1.0184563,1.1438017,1.181648,0.0010223315,0.45252317,0.2138834,0.91941303,0.74312514,0.88348806,0.031207876,0.33789635,0.3020712,1.3681699,0.42680275,0.058976088,0.48275357,0.79151285,0.69407606,0.6045178,0.12689869,0.6934817,0.35479265,0.05822764,0.5017917,0.66788733,0.75156254,0.066417344,1.6527721,0.071103714,1.1202718,0.06413447,0.51689005,1.2060986,0.50206953,0.5261796,0.3984083,0.008418572,0.4493288,0.99606025,0.49105048,1.9453489,1.3912909,0.6234971,0.416229,0.28452078,1.9449432,1.0973196,0.96267986,0.79781497,0.0027302157,0.019705476,0.5887817,0.3363905,0.63707584,2.543362,0.37980935,0.12517588,0.27068222,0.50241566,3.20451,0.53135794,1.6401052,0.63552755,2.1798615,0.3790152,1.048394,1.6679263,0.027593378,0.4806469,0.2919178,1.5857677,0.434435,0.7017619,0.84566915,1.282267,0.26256034,0.040682893,1.3229219,2.3662376,0.8724254,0.5012573,0.16430537,0.13860771,0.2601893,0.022105021,0.37138143,0.029227419,0.8696987,0.7110158,0.18457174,2.1067903,0.44028306,1.3564523,1.0647136,0.11216607,0.78828055,0.36112297,0.98147035,0.037462384,0.629527,0.0784552,0.25017044,0.94523454,0.0,1.1597849,0.414754,1.6900154,0.07940195,0.22228979,0.17351794,2.9191673,0.731322,0.008297141,0.6734352,3.0632572,0.026394768,0.83278584,0.5687853,0.51081175,0.5396669,1.1932207,0.16528818,0.0,0.033264842,2.015216,1.355392,0.41639292,0.0,0.21308887,0.6294273,0.0690726,0.7858252,3.7845316,1.6372042,2.529945,0.541761,1.336309,0.60559773,1.0112098,0.12130858,0.67543185,0.113399506,0.72319573,2.1956189,0.37754098,0.0045251786,0.8357707,1.5889319,0.21218917,0.043772478,0.30076694,0.99401134,1.0971289,1.3608563,1.0369436,1.1311976,2.73685,0.06883307,0.19490284,0.85569006,0.019165143,0.20117064,0.11897337,0.73937285,0.39404008,0.0,0.6537255,0.27103958,0.51346236,0.030645609,0.1512491,1.3091111,1.3904797,0.16310497,0.45389384,0.062151294,0.45884743,1.81445,0.24549252,0.05639117,0.040985446,0.09375362,0.3325774,2.2555125,0.4799566,0.0011310042,0.7136879,0.8057093,0.5839844,1.516378,0.021339983,0.026995473,0.43055058,0.42031905,0.60972595,0.22770947,0.9573705,0.89628834,3.7845697,2.3616376,0.18077503,0.3523875,0.90749,0.039505307,1.7890221,1.1656461,1.2125809,0.07748684,0.328942,2.8428245,0.0,0.5187345,0.1964393,0.9028158,0.34544745,0.38557604,0.65648025,0.5097879,0.4717162,0.7688335,0.9374509,0.47287703,1.5420595,2.775289,1.63272,0.22289093,0.84721076,0.8859505,0.6156883,0.43486258,0.45797005,0.22180471,0.32335714,0.056071673,0.933576,0.15571105,0.14413337,0.40852565,0.446112,0.053861905,1.772163,0.9253126,1.2204182,2.1005192,2.2618709,0.28327116,0.658754,1.5611084,1.6867361,0.64250374,0.29201794,0.08133233,0.72814006,0.30864093,0.70753604,0.063939735,0.18626176,0.22110288,0.062208112,0.2711145,0.865018,0.87828124,1.6947298,0.9846319,0.043820135,0.7688567,0.2892573,0.14503665,2.4257443,0.3216286,1.3224066,0.62531745,0.897933,0.24192105,0.57875186,0.49917617,0.6017742,0.0,1.5618566,0.34169558,2.8384166,0.26955178,1.7915609,0.0,0.4791912,0.17469196,0.60888326,0.39641932,0.45376244,0.27969974,0.27142307,1.1611813,0.29217693,0.35806432,0.852919,0.011999081,0.14300561,0.06697329,0.04305799,1.2777467,0.029951025,1.1927551,0.08241581,0.30121705,0.27425632,0.5948086,0.28505522,0.09606655,0.10427359,1.633448,0.8127615,0.5500893,1.041252,1.3359487,0.0,0.27652967,1.4492489,0.9584365,0.18307593,1.2013862,0.57001865,0.21590884,1.0113798,0.4514592,2.7822616,0.3256279,0.9794782,1.2073655,0.9322785,0.47293523,1.9745733,0.08005771,0.33415762,2.030012,2.464157,0.70615244,0.106508225,1.1134783,0.088991165,0.53883284,0.010705999,2.7978802,1.2865915,0.42799884,0.5900273,0.1676979,0.83708584,1.6290313,2.7350078,0.48283017,1.9255277,2.9099915,1.6657531,0.44749364,0.124186814,0.016063778,0.8684632,0.90146106,0.0012612661,0.4339833,0.009594652,3.0753129,0.74587935,0.025716504,0.29176039,0.39632758,0.2746821,0.37082887,0.22005552,0.15737058,0.1100802,1.9873105,0.90277505,1.9742678,1.7377727,0.42581075,0.8523082,0.48530903,0.08121858,1.6399987,0.18223205,1.4758697,0.6681235,0.28109512,0.00087908644,1.4971513,1.44893,0.8036569,2.67527,0.80360574,2.918046,0.91150665,1.8168418,0.3878389,0.16910607,0.31580284,0.16324411,0.5008869,0.4742409,0.24798794,0.9346589,0.41622317,0.090135686,0.7365016,0.1413917,1.8293755,0.11440316,0.4589589,0.23109826,1.0940241,0.55871475,1.3315024,1.2160835,1.6870918,0.32546663,0.48408592,0.62186885,0.6867709,1.3346726,0.67109615,0.5919135,0.87796247,0.22018719,0.25659338,1.2230034,0.05926064,1.1135168,0.5009441,0.93313396,0.28556404,0.5088645,0.8586565,0.40093374,0.6945385,0.015252127,0.48916385,1.1893035,0.029086562,1.0590292,0.009052575,0.753512,0.30384684,0.14873852,0.26483443,0.41350088,0.12892798,0.22175273,0.120702244,2.33614,0.19315149,0.5657928,3.3975437,0.5333263,3.079195,0.6257541,1.1960131,0.105526306,0.5728254,0.23726536,2.2706063,0.19196263,0.032775335,all_pothole_images\pothole_images_new_image_1283.jpg
0.21380466,0.68826497,0.22297466,1.3333328,0.012042257,0.10510321,0.6050633,1.4670186,0.35826495,0.62571126,0.13664721,0.8016012,0.09810247,1.5424347,0.050248064,0.9025145,0.050743904,0.6636351,1.6570272,0.12766574,0.20595518,2.315414,0.52697825,0.065083206,0.053846814,0.3165895,0.011651437,1.7579684,0.06528905,0.4628998,0.5379559,0.23523587,0.41831285,0.16467807,0.22374678,1.5537928,0.18649255,0.766228,0.70524925,1.518888,0.0,0.21139252,0.1662922,3.4395967,0.12379831,0.12867984,0.1824984,0.0037770937,0.51330435,0.355056,1.2542145,0.27992865,0.14607944,0.019638255,0.12377363,0.9678988,1.1514668,0.006440402,1.2035307,0.38203463,0.20059083,0.35016048,0.35613716,0.19747749,0.16849105,2.4052737,0.6438807,0.15912573,0.11842672,0.20319103,0.0,0.47042757,0.00053013436,0.004606428,0.545705,0.53127915,0.04890317,0.22920367,0.0052006966,0.15939988,0.10534037,0.006315367,0.2330774,0.9298053,0.46285933,0.21834399,0.02895938,0.29073808,1.7416095,0.21677506,0.3330296,0.27329895,0.07561513,0.16217269,0.29533547,0.0,1.4001853,0.9571536,0.6559553,0.34100318,0.12962411,1.5277046,0.35483676,0.16061254,0.85660756,0.33133104,0.027176937,0.14619902,0.5775471,0.8407795,0.0,2.5346992,0.12674668,0.17561017,0.4348835,0.029351141,2.0337915,0.5983843,2.1910944,0.8469253,2.129203,0.23141561,0.065171815,0.5661666,0.1854442,0.33609998,0.23663604,0.11387688,0.7314466,0.02755521,0.53769857,0.6094759,0.4835476,0.07044089,0.0068747923,0.36358926,0.06895764,0.5476314,0.26224115,0.066287145,0.0004064494,0.5580455,0.52834046,0.40703496,0.056807574,0.984636,0.19172722,0.39500287,1.7307764,0.219071,0.17912693,0.30857524,0.0,0.019841531,1.3852304,0.19433568,0.054669846,0.09192648,0.0663361,0.032752402,0.42235595,0.3229463,0.0019176143,4.311844,0.3839881,0.6325696,0.30851665,0.4442667,0.8693843,0.96248686,0.0,0.02916462,0.042963013,0.049074367,0.63029766,0.0,0.070732206,0.0,0.51700515,0.03895983,0.0028283873,4.246963,2.0245075,0.65775406,1.0540209,0.69859374,0.21950188,1.3302494,0.33988658,0.40293878,0.20012115,0.16896337,0.112625375,2.3754635,0.120535284,0.05624509,0.89214975,1.0673065,0.43285486,0.097779684,0.10402354,1.4344596,0.85515547,0.89005136,0.44646,0.07165239,0.2555487,0.4085494,0.8101517,0.013327774,0.00088561745,0.019532114,0.9585381,0.7189331,0.43023083,0.48598862,0.08505209,0.033801284,0.12939034,0.32800016,0.13423713,0.84404427,0.2625434,0.7397123,0.51050925,0.39049405,1.4251201,0.03512051,0.5580303,0.2953677,0.18778454,0.15166391,0.17602772,0.032782488,0.12177007,0.009342218,1.1226288,0.081347704,0.014748913,0.1514155,0.088512406,0.544818,0.04202864,0.15672973,0.072172195,0.0,0.50712436,0.04394859,0.6515355,3.2516255,3.3384655,0.040356826,0.14839153,0.0001638368,0.026081966,1.1931351,0.7050331,0.46956548,0.6574136,0.9540416,0.043893486,0.0,0.5012555,1.5254537,0.416351,0.71210086,0.044383813,0.9919254,0.015688179,0.3369157,0.18074645,0.029761944,0.01754097,1.0322634,1.654908,0.35248235,0.09995417,0.2274943,0.4299385,0.14875457,0.22355747,0.44332346,0.2180021,0.13593492,0.13498363,0.16040556,0.35621998,0.11704235,0.81253266,0.37347645,0.15305054,0.019345898,0.034476876,0.5024695,0.0143622635,0.063144244,0.59269613,2.061024,0.44827607,0.17018677,0.040259734,0.72907066,0.015544705,1.0758344,5.5830593,0.039063383,0.22880942,0.669358,0.024736496,0.33037463,0.4119001,1.2022512,2.3556912,0.85743034,0.028198086,0.26636952,0.036107913,0.26857445,3.6229322,0.22723605,1.1755999,0.048364297,0.036810976,0.030020073,0.67996323,0.220526,0.14532329,0.025652472,0.69061035,0.1036584,2.2413454,0.16852012,0.04493188,0.0,0.36464995,0.34340602,0.5782046,0.59412944,0.07224881,0.097156525,0.20265283,0.65197974,0.95867777,0.36267027,0.3174683,0.75258774,0.004881972,0.011073271,0.017023472,1.7675803,0.20627359,0.21374975,0.6369405,0.035655,0.09141089,0.19230247,0.34850132,0.40859166,0.14900725,0.0038890284,0.0039042116,0.19849841,0.30974528,0.02465045,0.4268221,0.041993428,1.7693789,0.08230376,0.021822177,0.0,1.2834618,0.02364852,0.31940547,0.05393897,0.73752064,0.047066167,0.043568745,0.46401513,0.27874085,0.3157558,0.33121032,0.20897475,0.086687416,0.8531955,2.4540725,0.9524298,0.49067098,0.008253127,0.3468894,0.9083061,1.0549018,0.5910896,0.096331224,0.6806773,0.19237804,0.14184201,0.60557765,0.56354916,0.8315146,0.007478569,3.415548,0.20791098,0.020543674,0.46697834,0.14663373,0.09272376,0.14985615,0.8728502,0.010019308,0.2698769,0.052873373,0.8336903,0.3998894,0.74311334,0.09898253,0.00045736224,0.40103194,0.019871175,0.09820035,0.09523946,1.4732753,0.12325167,1.8229952,2.6025987,1.5579351,0.114825316,0.49489507,0.8936338,0.10366335,0.29043308,0.08384974,1.7091609,0.050409287,1.3132691,0.15606055,3.1159985,1.2873224,0.3313253,0.31196937,0.35603464,0.363125,0.5937029,0.035308164,0.04145999,0.033409964,0.024987098,0.20830478,0.019333284,0.0,0.4091142,0.8824895,0.058851752,0.30246803,1.203119,0.45336026,1.4671402,1.0476053,0.34186623,0.5265062,1.340472,0.3003466,0.24614272,0.7112011,0.0,0.2861914,0.69183815,0.093845606,0.15971187,0.0,0.6064192,1.1361244,1.7128336,0.37206018,0.20500323,0.08089257,0.23747963,0.3081236,0.8845786,0.3787556,0.15147148,0.348158,3.4494476,0.35448888,0.14116436,0.0,0.16373973,1.2683142,0.19480401,1.5066061,0.000111557696,0.10177918,0.552221,0.0,0.6366324,0.0,0.0026339,0.062070686,0.18738195,0.05153685,0.27780887,0.48314476,3.486822,0.23091473,0.23574467,0.17394558,0.80756783,0.030984426,0.22838676,0.48010698,0.64969367,0.3523442,0.7094084,all_pothole_images\pothole_images_new_image_1284.jpg
0.9611154,1.5555152,0.29217702,1.3660356,0.7425235,0.032447785,0.0,0.2767215,0.14508812,0.1333433,0.16757755,0.38338163,0.14406098,1.3441454,0.16310802,0.25152236,0.03404849,2.6789682,0.5668841,1.8284746,0.19926332,0.05060939,0.33912346,0.8288743,0.5673744,0.4832924,0.45979023,1.3805488,0.0,0.58988214,0.0069721923,0.0011280437,0.0019414477,0.8253404,0.323965,0.2539467,1.1166098,0.086375095,0.6931918,0.15318662,0.5199468,1.2076759,0.69924927,0.7315509,0.3159247,0.66656315,1.0809245,0.9079837,2.8744044,0.39966613,0.2664367,0.3992617,0.072209634,0.3399752,0.9821794,1.4724357,0.3567419,0.04444529,1.2000349,1.0188242,0.702169,0.05652266,1.2381742,0.58835876,1.0809673,0.3900594,0.014685183,0.3361853,0.058492523,1.1748145,2.3340743,0.94910413,0.8747585,0.0,0.042216763,0.015899854,0.4924818,0.16802388,0.039198913,0.39226905,0.4182589,1.106427,2.0237997,1.4941998,0.10923924,0.2513963,1.488827,0.057559572,0.63240415,1.1689566,0.26360413,2.7109287,1.8536988,0.8641961,1.6375422,0.9601889,0.17322968,0.9393612,1.2594467,1.4195927,0.5719672,0.2794256,0.73674744,0.2727207,1.6228807,0.40762952,1.8885231,0.39081004,2.4741435,0.39279318,0.21243925,0.0,0.020104779,0.19458283,2.3669379,0.33508822,0.04656751,0.4818431,0.73135084,0.121253885,0.3777896,0.79917395,0.8339698,1.0735415,0.67388415,0.17884566,0.2237086,0.5449165,0.38581583,0.16742206,0.18239278,0.55757827,0.5598747,0.14723176,0.020540614,0.30312327,0.04928491,0.8072382,2.378844,1.8170372,0.14034334,0.08621071,0.054950304,0.15548013,0.11466061,0.41325444,0.08224339,0.8849096,0.16098537,0.8684007,0.32450828,0.5562458,0.7928892,0.21986742,0.2588072,0.5915369,0.86572623,0.34414548,0.18994892,0.56796646,0.23352277,2.1985533,1.7406871,1.6963269,2.612776,0.05078774,1.6450357,0.073709756,0.80014926,2.762731,1.11421,0.14917919,0.0,0.51361865,1.0581154,0.4062429,0.80917054,1.4417526,0.42011365,0.076781206,0.03815937,2.34386,0.23501575,0.18795975,1.4694167,1.0631912,0.6099718,0.40046304,0.100449406,2.5616338,0.0720867,0.681208,1.6475987,0.26781982,1.1178527,1.3735695,3.566612,0.32016376,1.9926032,0.0151193105,1.5622717,0.32839713,0.059271656,0.1745017,0.5676391,0.33558363,0.23090675,0.010916207,0.15337947,0.77124786,0.18226339,0.6577134,0.6540993,0.0,1.6484412,0.17541608,0.5371254,2.0275545,0.1836598,0.67204237,1.1287683,0.98629725,0.7919783,0.14397037,0.28068846,0.6317576,0.04645401,0.70345634,4.2061706,0.7472603,0.66383445,0.21592245,0.41788778,0.12923993,0.36730602,0.053932127,2.2370408,0.5505113,0.45458296,1.1081773,0.1803336,0.5972513,0.2615116,0.2953738,0.39746588,0.44345897,0.3978161,0.35102886,1.6584504,3.5198438,0.21460238,0.035646494,0.019529894,0.03725072,0.8941704,0.7959138,0.6248146,1.2296846,0.030036286,0.6127722,0.25541398,0.2770097,1.4162731,1.979863,0.074948415,0.7719664,0.38463718,1.315283,2.4936137,0.24792832,0.18007706,0.23380676,0.7532504,0.74645185,0.7967029,1.7099643,0.0039188582,0.86692137,0.12583593,0.04435501,0.42241362,2.2919395,0.69080615,0.013717063,0.32287335,0.028872486,1.1628091,0.12858552,1.9385535,0.5414254,0.1986672,0.33820668,0.01671709,1.894979,1.542629,0.06381559,0.4806675,0.74653685,0.7354884,0.9114452,0.3675871,0.32493228,1.002737,0.34198895,5.9066477,0.940501,0.39938214,0.2549457,0.2899838,0.7216703,0.10191871,1.0411537,0.2532886,1.7826422,0.14862722,0.006529892,1.6648633,0.06205042,5.9540915,1.0165212,0.76852596,0.3023628,0.12353529,0.1158578,0.16215916,0.5588699,1.4126325,0.21932228,0.6279183,0.004497959,0.93247145,0.038623236,0.12626702,0.64370525,0.0,0.73290646,2.61468,0.5811284,0.16303922,0.6521167,0.50214076,0.0,1.2627317,1.7212429,0.9117513,0.049048025,0.204811,0.27402124,0.18502115,3.102881,0.22323921,0.3587451,0.08555346,0.6993146,1.4074622,0.24490187,0.013979693,2.869749,0.40916932,0.20578803,1.705456,3.939009,0.43763745,0.0010745096,0.36199918,0.4016945,0.093644746,0.5955398,0.09391765,1.7691809,0.71487176,0.5345394,0.01249479,1.1492269,0.16823661,1.993268,0.037052583,0.007735307,0.09741145,4.6617618,1.3525368,0.32535768,0.34899816,0.6371814,0.2154817,0.023442304,1.8232,0.3239928,0.12730528,0.97130257,0.9858753,0.08766121,0.58116555,0.8842317,4.9306876e-05,0.4890086,0.85915077,0.619103,0.12781695,0.88830566,0.20501521,2.2436469,0.00042634265,0.33248407,0.42411143,0.024900239,1.5984687,2.1556318,1.5385596,0.6943604,0.05105507,1.9994426,0.009339531,0.7165126,0.8436284,0.58674467,1.1650482,1.9368191,0.41312972,0.4109501,1.6296456,1.362967,0.14633611,1.4545656,1.7388327,0.074512035,0.4412799,0.0020522347,0.15817533,0.3681883,0.06967399,0.19946158,0.06746077,0.2483463,0.08306758,0.0024252643,0.10828241,0.20486504,0.22771896,0.086414814,0.19418609,2.5441782,0.5274914,0.19713962,0.11848611,1.0605474,0.1305182,0.6191724,2.2080774,0.26440758,2.9481318,0.50869375,0.014124206,0.25026122,2.5225146,0.4925867,0.48157382,2.4605396,0.32838672,0.810159,2.8502474,0.0,0.8775065,0.08082067,0.0,0.04964574,0.3673302,0.25389788,0.5638665,1.3047239,0.84324217,1.4496375,1.6057549,0.0,0.06735353,1.5045842,0.013244098,0.06100668,0.22987925,0.101411566,0.0588532,0.5267436,0.24670035,0.015531516,0.6711144,0.7190578,0.9087191,1.3025255,1.4668534,0.323166,0.28360748,0.48824126,0.48112658,0.33119246,0.057481688,0.01626723,0.071075186,0.1264447,0.31837812,2.3305757,1.0573319,0.6669841,0.08331459,0.016155627,0.8458088,2.5616775,1.0751969,0.036809385,0.73915386,0.3050387,0.0683946,3.2037446,all_pothole_images\pothole_images_new_image_1285.jpg
0.0034917146,0.8458722,0.3455092,0.34487852,0.414182,0.22841838,0.23768838,0.6970441,0.0,0.35696742,0.10891447,0.096341036,0.0,0.25274885,0.0,0.26686683,0.056882255,1.2533536,0.2060456,0.13213588,0.014225068,1.2911015,0.44282153,0.52272743,0.037321717,0.2715527,0.37671295,0.670728,0.00027416553,0.18098037,0.06545597,0.0,0.031911533,0.08450514,0.14243142,0.052779652,0.18106292,0.011053187,0.13034825,0.94989604,0.0,0.18456738,0.076610215,1.1451436,0.1424221,0.17404372,0.005059415,0.0,0.0036126375,0.06524802,0.1404483,0.091792434,0.3489887,0.13473564,0.001286554,0.5979398,0.77946395,0.18273607,0.055620145,0.030298721,0.047263127,0.25340608,0.8880927,0.03353662,0.2955171,1.446986,0.36753097,0.100457504,0.00794582,0.41162765,0.0,0.5198148,0.0,0.029074803,0.0032698007,0.012612683,0.037868865,0.2087045,0.0,0.0018869173,0.0,0.19891797,0.6261389,0.83031756,0.09261793,0.2823208,0.0,0.010768894,0.44160664,0.041979108,0.029211126,0.05959427,0.07928378,0.07611834,0.0114120655,0.003195867,0.21016128,0.24139883,0.12586237,0.0,0.4692241,0.32920662,0.23195648,0.0102565745,0.8342848,0.5540378,0.003766187,0.16741796,0.037271,0.37334475,0.036905684,0.47039378,0.1431976,0.30808654,0.13281228,0.2390562,0.29797363,0.41488883,0.5949191,0.12520829,0.5041832,0.2009933,0.16993174,0.21306159,0.5814679,0.4561973,0.17455558,0.012594407,1.1628609,0.00052326097,0.255594,0.09324211,0.16688366,0.18695192,0.001474024,0.17266828,0.1757625,0.040512092,0.1367655,0.0,0.12696533,0.019310322,0.22949564,0.3495105,0.2825616,0.24656694,0.10703586,0.40389487,0.22986762,0.4432261,0.077078685,0.08515705,7.478449e-05,0.011363941,0.13737963,0.2365772,0.29371417,0.18413009,0.11440112,0.15759312,0.35507038,1.0207307,0.028275566,2.0288565,0.11229474,0.11516875,3.6825786,0.23133299,0.69166625,0.04891394,0.0076655527,0.14575598,0.0,0.13863431,0.2447493,0.22440481,0.05064257,0.12818575,0.54971564,0.11048522,0.0033994676,0.6302771,2.4117625,0.1547644,0.6353223,0.0,0.0015583284,0.21555682,0.026523337,0.19583277,0.18942454,0.0,0.17985286,0.62538147,0.139149,0.0,0.25796306,0.37463123,0.02001517,0.23251414,0.21275145,0.09264829,0.93241227,0.13671365,0.8976584,0.13995284,0.28964245,0.040367555,1.1835269,1.6420381,0.0,0.2317,0.6320667,0.99085057,0.0,0.02117576,0.58022255,0.10656565,0.15231776,0.20348088,0.00625891,0.8279032,0.17192793,0.0182803,0.004165497,0.07449974,0.38894543,0.030236205,0.6868618,0.099524796,0.07903607,0.5271887,0.139601,0.0,0.244937,0.0,0.5750105,0.14380515,0.003403464,0.26215723,0.074016504,0.1388552,0.28243592,0.028183011,0.40358257,0.074441485,0.44180086,0.074441396,0.12913531,3.2894075,1.2624791,0.0018619178,0.059497736,0.0,0.03670358,1.1093503,0.12506849,0.14994907,0.05660868,1.0274963,0.041867185,0.122384205,0.07588199,0.2678445,0.40729475,0.35797694,0.09436261,0.17492418,1.8667319,0.051745288,0.13344453,0.15093485,0.13388278,0.17593835,0.41116095,0.41476408,0.070973545,0.0668496,0.010704533,0.36135566,2.8123355,0.0072699576,0.040983517,0.08132335,0.0860788,0.02327989,0.019034814,0.06603711,0.16534515,0.15014929,0.17116916,0.02740211,0.15000728,0.183851,0.33035174,0.24996875,0.16826168,2.3318214,0.14782,0.37703708,0.5210932,0.04495388,0.0,0.07610137,3.8913586,0.07294801,0.0,0.13507469,0.0014816503,0.03671074,0.13528368,0.17849502,1.8264674,0.14841928,0.14902207,0.040498525,0.068297654,0.59603685,0.9052829,0.091982976,0.30994588,0.11517223,0.0027145997,0.06997789,0.101943284,0.02814316,0.17244788,0.029857336,0.6901497,0.048127316,2.0904794,0.0091953995,0.07067445,0.07751154,0.015089104,0.12652493,1.1829678,0.21758887,0.0052431826,0.0037522246,0.0,0.4668642,0.47277337,0.692537,0.074127495,0.09035322,3.092021e-05,0.064190514,0.21024649,0.42791373,0.21361315,0.09496163,0.5928495,0.22848499,0.02530696,0.011275466,0.06594903,0.52292365,0.06441162,0.0389025,0.2437912,0.13347304,0.024854643,0.00034396988,0.005373406,0.0,0.45458126,0.03399578,0.23999938,0.02078791,0.5612752,0.21780774,0.10861854,0.09685052,0.23544087,0.12236182,0.59608155,0.23307808,0.27829325,0.00380478,0.43598863,0.020223467,0.31063414,0.025901755,0.7516262,0.45245668,0.6713732,0.026539076,0.3794187,0.21152715,0.1637157,0.12008542,0.0,0.7971703,0.055338383,0.04456647,0.07609681,0.0,0.101566955,0.059947293,1.2501068,0.93796366,0.0,0.13288544,0.065501645,0.0,0.08983479,0.3163801,0.015790954,0.22960812,0.43813908,0.29427022,0.031227462,0.06629192,0.13483371,0.17003995,0.16776481,0.13167547,0.016019283,0.009470809,0.18134893,0.0064290203,0.8939527,0.34778428,1.3884819,0.93122876,0.4611266,0.24128903,0.08294421,0.14393775,0.30138895,0.32397902,0.0022378739,0.1127015,0.0983958,0.9463145,0.240506,0.0,0.11782635,0.25914484,0.23008832,0.24663232,0.12123589,0.12537564,0.5173279,0.25598085,0.50068593,0.4518245,0.0,0.030353284,0.9215027,0.096864514,0.60105485,0.03683929,0.046734944,0.5034356,0.19478337,0.33411804,0.012239596,0.33651218,0.4970528,0.058059946,0.19915263,0.0,0.031891044,0.020338828,0.0066483216,0.0,0.041928966,0.39327785,0.15688795,0.46607742,0.062739335,0.027787892,0.088160485,0.0,0.051513087,0.14396206,0.21700358,0.06656964,0.19125634,0.48105094,0.09399704,0.15311886,0.04879429,0.2185268,0.13583814,0.017938213,0.3996806,0.018619291,0.3742932,0.5752524,0.020042531,0.06323355,0.09312764,0.014478708,0.020122513,0.041881043,0.039369944,0.06491139,0.21319948,1.3052557,0.07471641,0.10455266,0.0023993028,0.59695756,0.15896975,0.02638876,0.14242972,0.7604175,0.31112993,0.017288223,all_pothole_images\pothole_images_new_image_1286.jpg
0.5280035,0.09658338,0.5320424,0.5993517,0.13977666,0.9875759,0.48142815,0.2956857,2.075521,0.3075318,0.7356886,0.026926361,0.5194061,2.5252206,1.8803661,1.1392493,0.0007499633,0.45879048,0.5537666,0.9895778,0.42454052,1.8828111,0.91725606,0.66284966,0.8139298,0.788187,0.63052577,0.74240905,0.47771087,0.22499005,0.8619102,0.09130625,1.5699754,0.9676004,0.013971706,0.1691499,0.12901446,0.71441776,0.8381194,0.7785607,1.40659,0.3767356,1.5123819,3.9836469,0.3632023,0.44287872,0.41126454,0.6388291,0.4516743,0.42050007,0.45421645,0.16347124,0.92662466,0.002502357,0.8093036,0.11072847,1.9521755,0.040579252,0.5328858,0.79551977,0.11864816,0.83635056,1.2782476,0.9963662,0.069138706,0.03667249,0.27237114,0.07245326,0.9332101,0.16410096,0.09539945,0.04913001,0.26671332,0.44183224,1.4885844,0.5373448,1.6136118,1.2802461,2.450108,0.7672522,2.3009307,0.4972976,1.0828793,2.053326,0.12797877,0.94621164,0.56425154,0.13033219,2.7525403,0.13819785,0.65785086,0.104437396,0.050720945,0.3507496,0.048694532,0.27645,2.7077274,0.7799271,0.84753454,0.39127073,0.040817235,2.9722197,0.07442682,1.558219,0.9597869,0.67219555,0.32128683,0.20553464,1.5262077,1.3741221,0.5566758,2.0571241,0.73361015,0.0018212314,0.017788842,0.49385747,3.9124665,1.049668,0.23974967,0.53502524,1.6944333,0.5767096,0.09063152,1.1698282,0.58431965,0.16345608,0.31682435,0.4348674,0.38464397,0.06807149,0.34330252,0.13496478,0.17065106,0.12343232,1.1137263,0.48547977,0.009914621,1.3976758,0.4449318,1.680734,0.68294835,0.02490218,2.01907,0.13359886,0.6812725,0.0,2.0225334,1.9023346,0.077348314,0.07633559,0.49547476,0.14000392,0.14037319,2.5842586,2.305556,0.750007,0.19184077,0.4274144,0.6446519,0.8754831,0.46530357,0.09972973,0.0,0.40260556,0.49976933,0.7334806,0.54552156,0.5999232,0.031819444,0.75524086,0.6715014,0.15957086,0.12630755,0.497767,0.45276034,0.004324915,1.4741516,0.23543125,0.2550952,1.8695934,1.2139136,2.9453754,3.543857,1.6752449,2.0125968,1.2174838,0.33581612,0.83477384,0.06585094,1.7187742,0.0063741906,0.035210904,0.15470473,3.6009831,0.67433983,0.2825291,0.2087103,1.9350303,0.7216067,1.0497924,0.08966574,0.4925196,1.9341998,2.0018058,0.13388604,0.3347765,0.27890643,0.98752624,0.0035900483,0.30305022,0.033044912,1.1011469,1.5038065,0.32265708,0.36349833,0.21820447,0.11187306,0.4698834,2.520757,1.1294718,0.28979364,0.473332,0.014693656,1.2203029,0.68849343,0.20303805,6.8019533,1.5621121,0.18826023,0.43019333,1.2619811,1.8738116,0.5316414,1.083611,1.4292145,0.33027488,1.1124756,0.07538758,0.20137663,0.007652523,0.31043953,0.14011243,0.081365295,0.71402615,0.4270687,0.21833414,1.2321672,0.22700562,1.1146704,0.5370518,5.8144426,0.5377407,0.5459629,1.8138932,0.624995,0.6321099,0.20340884,1.0331479,1.6735383,0.21364179,0.3084811,0.39329478,0.21200298,0.7639269,0.044129148,3.4575806,0.37767628,0.24406399,0.2304917,0.017124882,0.7411532,0.15896307,0.20427725,0.7377719,0.15991472,1.6115049,1.752037,0.17367847,0.028528856,0.5839839,0.4318376,0.49278858,0.0718756,1.7881628,0.7793345,1.8566295,1.091393,0.7987874,1.1950997,0.0073561827,1.1283514,0.88967294,1.2899979,0.72830033,0.14873959,0.6662331,0.19468981,0.6142906,1.0249654,0.3142343,0.0,0.3775142,0.4493307,0.75291723,0.9367048,0.635001,0.071097836,1.1379738,0.32514888,0.95356125,0.5216984,2.1150587,2.2974913,1.5633011,0.011277195,0.9910993,0.8445257,0.20144838,1.0497398,0.12838367,0.49128044,1.1243439,0.18642454,0.16174226,0.41072822,0.11625492,0.8251386,0.0,0.040656406,0.6300818,2.635174,1.5512245,0.008424905,0.33796403,0.123994954,0.7328507,0.5554416,0.96998835,0.31232044,0.42136857,0.16410899,1.0390395,1.1194681,0.018648548,0.19833024,0.0425978,0.4699849,0.85279953,0.3958369,0.3802375,1.2846146,1.2275481,3.3191578,1.6959122,1.6397779,4.021058,0.0114460755,0.20048046,0.2865312,0.35971147,0.00013763296,0.0006157628,0.98435086,0.24689102,0.8585697,2.2407758,0.3099209,2.4069386,0.36106825,0.016663318,4.5524454,1.2386668,0.5593717,0.33135846,2.9144979,0.26098108,0.544976,0.4256755,0.42020556,0.49637976,1.3323056,1.0972708,0.920828,1.6409959,4.0945272,0.83448195,0.7176898,0.030721374,0.0057933163,1.9167666,2.1631057,2.264595,0.296964,0.55769914,0.63794076,1.3283315,1.7557513,0.10514979,1.4419937,0.093274,3.3884654,0.21353744,1.2164603,0.16941506,0.081428014,0.38887358,0.924705,0.023413222,0.0,0.764475,0.65380657,0.61074793,1.4803759,0.8819387,0.47568753,1.5441458,1.7768769,1.3301255,1.8320842,0.7470109,0.33997983,0.33074203,1.0085759,1.2538948,0.665461,0.66014814,2.8547292,0.3172363,2.7495553,1.0391568,0.23667896,0.8328429,0.064483956,0.1346397,0.8827511,5.158786,1.5972455,0.34813946,0.7256623,0.052297283,0.9598611,1.1799927,0.06722927,0.0,1.9418519,0.040786486,2.3797784,1.2224693,0.0016432892,0.7468564,0.6584089,3.403152,0.22505662,0.8165419,0.9756364,1.7334687,1.0787414,1.0276178,0.034926526,2.3780043,0.1417435,0.28845543,1.2024242,0.071031004,0.84997034,1.1272695,0.782648,0.010434249,0.7333036,2.4231038,2.2577956,0.0,0.54266495,0.1008409,1.5251638,1.1468271,0.2163402,1.248706,2.3992841,0.24845442,3.0213192,4.506259,1.7748914,0.81343293,0.34079677,0.21395274,2.4862745,2.2545505,2.6529708,0.9140519,0.7858404,0.33504492,0.068799846,0.5634855,0.78355205,0.18570079,0.40800208,1.0347968,0.28842467,0.16480815,0.0,3.604,0.8800307,1.3260769,1.1749623,1.6420522,1.0962083,0.0048015728,0.5855962,1.1261039,0.5066425,1.877002,all_pothole_images\pothole_images_new_image_1287.jpg
0.82682884,2.2350006,0.9900766,1.7992282,1.173863,1.1700526,0.29101142,0.069531165,0.40681005,0.53556824,0.3156665,0.22134416,0.27497628,0.7396109,1.4896592,0.5801141,0.56409913,0.038746614,0.14954159,0.12566723,0.09771806,1.8264477,0.8402581,2.0844676,0.44838807,0.0679019,0.115745045,1.3155553,0.43328118,0.88588846,1.95367,0.7983369,1.2314703,0.6908771,0.6391837,0.80484056,1.4498253,0.32192096,0.21206793,0.8643079,0.55072963,0.2585645,0.16496298,1.2455395,2.03877,0.0036001806,0.3917903,0.50830644,0.8690214,0.2768381,0.16165924,0.56090724,0.24988341,0.43933943,0.14392905,0.4069278,2.4430325,0.047786515,0.5796409,0.44909558,0.0,0.34576753,0.4600042,0.6754471,0.09643628,0.33025405,0.65488064,0.17504244,0.11780254,0.08162317,0.27380678,0.15654467,0.3953918,0.6960688,0.051600583,1.9147561,0.04318875,0.35984102,0.037909158,0.62772757,0.049471408,1.0027838,0.0811332,1.8216279,0.5555666,0.78569776,0.24020132,0.0,4.123337,0.4209861,0.0152497925,0.25057688,0.16754916,0.08081706,0.7753174,0.1799314,0.7775998,0.95046806,0.002039711,0.20745125,0.09013457,1.0841254,0.9367568,0.08264371,1.1507232,0.0028709034,0.016704168,0.284961,0.7156694,0.7145317,0.058515284,4.6798887,1.4511833,0.044775397,0.24130367,0.7577774,2.246656,0.0604395,0.9680439,0.8303023,1.0232209,0.9024493,0.08398602,1.142596,0.22856422,0.72852206,1.241122,0.555584,0.7357969,0.29451257,0.5698332,0.11195597,0.516107,0.0,0.5566163,1.257563,0.1117132,0.23012924,0.12186526,0.12710963,0.14838149,0.15696725,0.09498806,0.8215851,0.09120982,0.76688975,0.21511628,0.76174974,0.09911605,0.37030324,1.5085455,0.35800302,0.9921853,0.06837336,2.0423994,0.36803168,0.116137154,0.41842535,1.0254177,0.052438464,1.0914606,0.6899226,0.12284336,2.3296173,0.10608356,0.59645736,0.5096261,0.09264145,1.2882038,0.41221365,0.0,0.1947164,0.28884476,0.2675088,0.9525081,0.31112352,0.5627363,0.0,0.11683343,0.2645011,0.0064643603,1.2553805,0.87154776,1.1870428,2.0565872,0.1563066,0.028092546,0.90466106,0.8790706,0.7210339,0.27160677,0.4225727,0.083359875,1.3185192,0.8256831,0.0,0.90184146,2.009773,0.7766043,1.035499,0.1919382,0.8521498,0.07233512,0.13640195,0.22514682,0.8233018,0.5958605,0.025657086,1.9689262,0.14603953,0.2979912,0.15772764,0.60527736,1.7458125,1.2344579,2.251765,0.35366988,0.23652239,2.637849,0.27036262,1.4686438,0.0,0.5439785,2.4939005,0.13126256,0.84440976,2.448067,0.4282821,1.1725231,0.12383776,0.17481282,0.23504463,0.65964174,0.09112579,1.0673823,0.119187586,1.289659,0.11799391,0.29161268,0.3026432,1.6952754,0.3000279,1.004292,0.29680797,0.0,0.0065872436,1.1387513,0.0,0.58722675,2.7658715,1.1070276,0.5779626,0.16836631,0.5432052,0.5697712,0.06963354,0.9742728,0.5939916,0.49966308,2.977941,0.03263072,0.090994544,0.5712841,0.5634689,1.1885056,1.1772242,0.07722363,1.0252833,4.17335,0.29048467,0.6527583,0.052739922,0.014059049,0.7379633,0.89830405,1.3296026,1.1639653,0.28304377,0.28601924,0.13804492,0.12352338,0.7580883,0.08968935,1.1838505,0.46771067,0.5501531,0.5526055,0.5442333,1.6666347,0.32111135,0.4241365,0.3939678,0.074535556,1.7632914,0.045811914,0.81538886,0.7280407,0.26444525,0.6131969,0.34772113,0.08345559,0.16308473,0.043806504,0.5396203,5.5163755,0.39439002,0.4870523,0.8387679,0.5413567,0.12328358,0.08557739,1.2231333,7.4482026,0.90943784,0.3964344,1.8519399,0.05968296,0.63182795,1.1252505,0.39999,1.6325717,0.18421265,0.0035009366,0.3988045,0.1738902,1.6694529,1.1535,0.31982732,0.9498289,0.5041543,5.239021,0.24922775,0.18847016,0.21668512,0.05711561,0.2677759,0.78795016,0.023337856,0.45907658,0.07277256,1.2215016,1.0682802,1.6288999,0.0,0.34428474,0.28042278,0.92847127,0.006730328,0.14613587,0.29274574,0.6762533,0.73278576,0.27662772,0.9960956,0.46830717,0.15782388,0.4194788,0.061291408,0.08493163,0.702131,0.07180705,0.54942125,0.8333792,1.0387883,0.025777208,1.4596767,0.8279435,0.27289158,0.9474043,0.35622677,0.059737656,1.4707586,0.46100178,0.02664905,1.0650411,0.00063912844,0.736037,0.3240879,0.04142975,0.34579113,0.21128012,0.19866021,0.83655024,2.0828705,3.4477694,0.3438207,2.2872303,0.08306402,0.29426345,1.9409506,0.8477766,3.0107944,0.23336747,0.043863237,0.05186696,0.32047766,0.45800367,0.41315016,0.18395062,0.02096728,0.5660828,0.79038733,0.607883,1.038915,0.34250036,0.010961139,0.8232486,0.5738419,0.0,0.52081233,0.15590955,0.07995833,0.6688808,0.39397448,0.07783087,0.32114023,1.2079391,0.53051174,0.6153631,0.0042599286,0.9385479,0.66364694,1.4564419,1.8232431,2.1202238,0.5411245,1.496885,1.2376721,0.7555406,1.2764091,0.7586739,0.86464995,0.06973512,0.7187221,0.11628192,5.2086625,0.7901689,0.2535373,0.2635061,1.7665166,0.14731663,0.28295624,0.036823176,0.16670892,0.5669169,0.005567666,1.9594346,0.6471761,0.5395261,0.36330336,1.854851,0.4359786,2.4968703,0.949022,1.0817813,0.59414196,3.4252596,0.8380204,0.7109625,0.86837834,1.0910419,0.031042965,0.8928115,0.013336239,0.6485653,0.56018704,0.2147938,0.0,0.26736146,2.6064744,1.4572222,0.028721731,0.20956954,0.8548533,0.4873893,0.37276435,0.011398398,1.376936,0.5593883,1.1371523,1.064643,2.4586015,1.6089073,0.96538705,0.0022844928,0.76456106,2.7638977,0.3597976,1.1878302,0.29863432,0.21166116,1.6299648,0.38208076,0.0,0.0,0.485509,0.39784482,0.19387403,0.004263955,0.010728761,0.14384937,5.8389554,1.1324035,0.3246964,1.1047868,1.183408,0.0,0.9122508,0.3521804,0.6848848,0.23857209,0.13475351,all_pothole_images\pothole_images_new_image_1288.jpg
1.2566813,1.3800623,0.3974167,1.1021434,0.012067517,0.16592357,0.056783825,0.072217554,0.053025458,0.34815195,0.828009,0.13940021,0.19486094,0.79225004,0.2886674,0.2781509,0.42367747,0.1566561,0.2725964,0.100379884,0.0010860157,1.1809556,0.6024363,0.506538,0.35192725,0.09761964,0.26936224,0.4291677,0.15444183,0.80006415,0.4483722,0.17868508,0.10040655,0.51705086,0.39344114,0.3900964,0.53752345,0.009977146,0.69255936,0.35953584,0.010932661,0.18082748,0.24348027,0.2985424,1.5560538,0.19562949,0.033663463,0.12811603,0.27330208,0.37019455,0.5243127,0.018880494,0.36581388,0.3408404,0.0,1.1168395,0.28912646,0.2655869,1.1909312,0.19020078,0.06049776,0.2152702,0.48864818,0.5752954,1.6112621,0.5216814,0.56609166,0.5436212,2.9049356,0.14932056,0.18804573,0.334181,1.1609975,0.44783783,0.5761229,0.6417432,0.13286121,0.21797362,0.1767687,0.48954886,0.010686319,0.28279722,0.36155072,1.216023,1.8807874,0.58046883,0.2641127,0.043023154,2.1178257,1.2304435,0.07677723,0.32885137,0.20325565,0.76338065,0.047122292,0.012611605,0.45092162,0.8143538,0.08235745,0.13258299,0.47555634,0.8768581,0.2116178,0.13148311,0.45198262,0.0080028605,0.29249495,1.2656794,0.24367563,0.45397532,0.04603712,0.9909287,0.90007144,0.29825756,0.031160342,0.26507136,1.586875,0.56045157,0.5045769,0.42553538,1.3523028,0.37568033,0.5414364,0.48962924,0.14971086,2.7214978,1.3741908,1.1148467,0.6620571,0.068464644,0.20065619,0.28829187,0.7061947,0.019861672,0.50509757,0.33454308,1.3314987,0.024564222,0.65720683,0.0052818647,0.53902346,0.32893452,0.44592735,0.19275433,0.045690607,0.48406976,0.06164338,0.3760135,0.9752261,0.43646705,0.42860186,0.58775795,0.94502956,0.016505219,0.08681988,0.4374105,1.5821767,0.008198638,0.3181691,0.0012551363,0.83079356,0.3503161,0.30725425,0.33084798,0.7681488,0.11513739,1.3296165,0.027353827,1.6721547,1.0574671,0.00094652385,0.87671584,0.0016357099,0.03877987,1.9602804,0.035506412,0.6100556,0.0015288518,1.164905,0.46145916,0.0011874449,0.35974008,0.7796359,0.52327013,3.7194173,0.22273737,0.020322373,1.1973443,0.41977158,0.41681963,0.28537446,1.7950304,0.697983,1.073471,0.051995214,0.028398864,0.1647988,0.21752201,0.54933965,0.60865295,0.4584609,0.29510096,0.09453555,0.4868368,0.33048147,1.1758907,0.1563185,0.56003594,3.7438803,0.20211908,0.3557055,1.0762142,0.094884455,0.22327672,1.5316696,1.1338754,0.4081691,0.3091436,0.3734825,0.7193759,0.18116729,0.63097876,0.43503934,0.22498967,0.2989871,0.61563885,0.27076274,0.04181733,3.5722966,0.59700084,0.031449903,0.35228086,0.5612451,0.11045527,0.57875484,0.026108988,1.0734432,0.14672427,0.68574786,0.3552393,0.48219293,0.71696293,0.40516612,1.198605,1.0184594,0.05007625,0.9576355,0.1357127,0.50168794,4.1802874,0.04026061,0.06438307,0.9191409,0.20235322,0.14733972,0.1645435,0.28747356,0.3225621,0.2350012,0.8922495,0.0018373784,0.047297288,0.37827125,1.0332488,0.6623322,0.7163206,0.63760436,1.204573,1.1966314,0.35837808,0.34363633,0.50547713,0.33617046,0.5523049,0.8736786,0.4697037,0.73433745,0.15905981,0.4315304,0.32913768,0.11736533,0.26809508,0.026040446,0.33822516,0.17159897,0.5262136,0.070298634,0.3891635,0.5473777,0.70424277,0.38237146,0.55278295,0.13294035,1.1538411,0.32398555,0.6454698,1.771556,1.5048597,0.421201,0.8139239,0.050310228,0.5159055,1.0967329,0.6124865,4.8092375,1.9303483,0.47157848,0.5787328,0.74207217,0.34548014,0.009872309,0.09647872,6.88749,0.96490556,0.35704994,0.73057806,0.3428129,1.4194121,2.1857903,0.09967531,1.7828604,1.06041,0.53826517,0.2679964,0.12803212,0.6918758,0.33733884,0.16589624,0.6598702,0.29144892,7.1774216,0.20741655,0.2577098,0.0,0.023919567,0.084629886,0.5271379,0.039571833,0.44971249,0.5500318,0.34267783,0.29920805,0.85592604,0.63909554,0.65220994,0.7657021,0.40749213,0.2963276,0.5645252,0.42665842,0.16484573,1.3494407,0.09905073,1.1286092,1.4039557,0.25397918,0.1977512,0.840789,0.050326254,0.3365718,0.49078438,0.50228095,1.1528358,0.31273198,0.49036524,0.21404612,0.57114446,0.19532275,0.9750905,0.4713464,0.49024558,0.52267385,0.0701123,0.058782883,1.4630864,0.44666162,0.45180425,0.28882644,0.2700591,0.53245133,0.16953939,0.30869284,0.29116413,1.0258309,3.3024578,0.10676061,0.69264144,1.0514976,1.4376078,1.1069635,0.3404153,0.42524174,0.14598027,0.092296936,0.08039854,1.0392604,0.12103885,0.7370281,0.8298561,0.14314635,1.8150605,0.2263402,1.1909193,0.574307,0.5729812,0.0070739053,0.5826093,1.1668127,0.0331562,0.56301475,0.36696148,0.2795773,0.019827958,0.2688604,0.0,0.3839573,1.3303492,0.33184752,0.65466064,0.19966243,0.25345948,0.13973486,1.390288,0.3302108,0.214813,0.15686265,1.070515,0.99494696,1.8770909,0.15634133,0.79689336,1.3107938,0.3042326,1.085629,0.4372339,3.0788705,0.7529073,0.064401224,0.10493549,0.8163511,0.01681154,0.58592653,0.283469,0.46454963,0.5900172,0.17546244,0.62148595,0.29403588,0.3619665,1.5489166,1.596363,0.43532765,1.2550066,0.31098768,0.06743141,1.0699905,0.4841103,0.26668,0.84548837,0.83536494,0.8242176,0.34489927,0.6529322,0.024652747,0.93961364,0.13739516,1.2494498,0.009895906,0.109335616,0.51069504,2.90771,0.2577382,0.765927,0.10031708,0.770501,0.58728814,0.53315836,0.28617203,0.18731928,0.84602964,0.045204796,2.2720346,2.135079,0.23312385,0.12012826,0.030403536,0.5428533,0.10107335,0.36906996,0.01523311,1.2426182,1.2407877,0.050176006,1.0291394,0.38324732,0.61550474,0.053466722,0.032963153,0.06925607,0.26313147,0.07724037,4.238956,0.185343,0.27236015,0.6711006,1.5231117,0.28225735,0.6594875,1.0138078,0.74775136,0.34580776,1.1345685,all_pothole_images\pothole_images_new_image_1289.jpg
1.1092391,1.5577036,2.1036258,1.042039,0.20320421,0.50334674,0.4857511,0.3016239,0.9835015,1.642319,1.4928523,1.1428157,0.38387814,0.67944545,0.09421736,1.5450969,0.54665303,0.27819544,0.43750852,0.82875323,0.35652986,0.5518946,1.9962583,3.080602,0.70341295,0.8699828,1.8213818,1.0334544,0.49531537,0.91816694,0.23909912,0.95224136,0.27995995,1.3077654,3.3071861,1.5580045,0.3833498,1.7908835,0.16847186,1.302803,0.86756927,1.4676547,1.6266079,0.18994865,0.6736189,0.60688126,1.225914,1.0723863,0.13274944,0.0,1.3633858,1.2103837,1.4522802,1.6569612,0.85890883,0.45341086,3.1209476,0.7552968,1.7198598,0.28333008,0.18291233,1.2254074,0.70652086,0.91994405,0.8896859,0.25387928,0.57214504,0.2788452,0.038805246,1.418249,0.7789042,0.64271224,1.2928671,0.559149,0.85007787,1.9918895,3.6410756,0.4307888,0.16196358,2.8786259,0.5255385,0.010410043,0.5670003,0.50135356,0.55511767,1.1991248,0.30551523,1.7042214,1.2954746,0.85806715,0.7371921,0.10684568,0.7365042,0.48436046,0.91487896,1.079616,1.1641687,1.9279654,0.66111743,0.72330654,1.038743,0.5827553,0.6134246,1.8418361,0.63274497,0.21147195,0.203552,0.2852583,0.1850291,1.771869,0.865412,1.7621058,0.4580953,0.5845036,0.49225584,0.09493358,0.53966993,0.42370388,0.8800927,0.07431998,0.5282977,3.217842,1.9352292,0.46305338,0.7598662,0.1607836,0.49534774,0.21963061,0.12063047,0.38229325,0.6746941,1.3421528,1.6871587,0.14841749,0.09520108,0.60384536,0.23433024,0.5854111,0.12017607,0.5135885,0.15353972,1.5826573,1.6180712,2.9048848,0.05368483,0.9686511,0.40422922,1.0364226,0.49817827,2.7522197,1.4517286,0.55597353,0.0,0.26082703,0.75147754,1.7222638,1.868981,0.67816806,2.139466,0.9018097,1.6256667,0.04181513,0.02174307,0.07897774,0.4776388,0.50747806,0.30492565,1.1863,1.2530078,1.0875032,0.119201064,1.0602144,1.0247629,0.8030721,0.7642003,0.56493235,1.6884053,0.16507208,1.0474052,0.008283475,0.21224518,0.11607349,1.3459601,2.5341127,1.4602046,0.24065065,0.011462714,1.0151843,0.9341228,0.8376938,4.048898,0.49592787,0.09900977,2.9259636,0.90522516,0.5889159,0.3650293,0.7987006,3.440901,3.2120106,1.0902207,3.0938327,0.35123086,0.0018327755,0.019891048,2.988077,1.3865291,1.0788536,0.49660465,1.0539883,1.793144,0.8494843,0.7225174,1.8450202,0.24961977,0.4043716,2.4297292,0.07018882,0.8624224,0.18638527,1.4018244,0.032380663,1.9858717,2.2327213,1.2770274,1.1470847,3.5815942,1.6275933,0.25253072,0.3745701,0.29877844,1.3076744,0.0,0.97288543,1.109999,0.008519381,0.56716126,0.013647334,0.75614166,0.47157732,0.035790436,0.30924347,0.94556737,1.47409,0.22561945,1.3892283,0.25342414,0.0,0.57679623,2.1161828,0.99700856,0.43227276,0.89760894,0.2412505,0.8720167,0.48340178,1.0423411,1.0259187,1.1879858,1.7649559,2.1692853,1.097256,1.2273155,0.22669436,0.07078541,1.4076147,0.081209406,0.39660534,0.44354463,0.91724116,0.9005206,0.73372537,0.02204067,0.39399278,0.4599973,0.077275604,1.2103491,1.9400259,2.613741,1.6996653,0.028858297,0.13877337,1.642376,1.106071,1.666681,0.006264492,1.2418587,1.1717644,0.083941974,0.046448726,0.9150163,0.9436179,1.4729066,1.3402971,1.6645843,2.44246,2.4332173,0.052912228,1.4514638,0.90872484,0.061174423,0.31121373,0.7460096,0.8718873,0.49389464,1.7919545,0.4489032,0.82219,1.0729285,0.3109993,1.498082,0.17685884,2.5599725,0.81684315,1.20824,0.97898,1.0389949,0.68920046,0.54651153,0.34742436,0.58841395,0.7615698,1.8582295,2.3620996,1.0898573,1.6742996,1.7415961,1.3845674,0.82525617,1.074037,0.02565961,0.079570666,0.31859237,1.0658275,1.8152097,0.8222805,2.3086178,1.3877726,0.59039646,0.46550524,0.7726402,1.6080264,1.1828,0.61481583,1.559929,1.1921679,0.39050752,0.54076254,0.10847788,0.707118,0.8132553,1.2106595,3.2945755,0.33053568,0.4144501,0.84650856,2.4024088,1.2766907,0.02767374,0.48056808,2.3007843,0.7820377,0.16647296,2.5651124,0.7539495,1.3487371,0.8735296,1.4707344,1.774154,0.13314465,1.528514,2.4119735,1.0555751,1.0816642,0.995377,0.012534477,0.17746004,0.40339062,0.4253216,1.7421545,0.21369539,0.9165144,0.5780259,1.9575208,3.3897917,1.4408596,2.0704432,0.26759344,1.3519338,1.3731008,0.47020486,0.20780054,0.33671862,0.72128683,0.6990041,0.9743315,0.73414457,1.0319244,1.4354743,0.07716903,0.4327076,0.76503724,0.060759164,1.3690705,0.41349426,0.80563605,1.21385,1.7500806,0.24498984,0.009109656,1.0722761,0.16589718,1.2485383,0.48598984,0.07173955,0.5951049,0.7156769,3.0531993,0.51937103,0.24519217,0.3500514,1.2677882,0.22052796,0.48829857,0.7604742,1.6868672,0.3568636,2.425481,0.7276493,1.0431038,0.06696664,1.0311682,0.009888902,1.1443659,0.47922382,2.2509089,0.36960796,1.4615809,1.5165967,0.3697445,2.3387454,0.41086662,0.1924478,0.70429736,1.4021611,0.0012738943,0.9592864,1.8140938,2.160306,0.5720279,0.33765882,1.0982454,1.2556355,0.49805418,0.31978256,0.19733948,1.2257957,0.62291515,1.0106515,0.12899558,1.0446601,0.42783818,0.68768543,0.7473574,0.26396984,1.8372868,0.051633343,0.9927441,0.60379976,2.098789,0.45140293,0.24033028,0.47816962,2.9935832,0.28444874,0.18445167,0.47528616,0.64588374,0.7559713,1.1209458,4.665221,2.346995,1.8092082,1.9226457,0.6861784,1.7906811,1.3896031,1.3313624,0.08993427,0.39730814,0.13394058,1.9600395,0.0,0.27537337,0.47458103,0.08772106,1.7656016,0.55497366,0.16767184,0.44591978,0.7541134,2.5980935,0.45104218,2.4518425,0.0292635,0.4494642,1.2314785,1.471803,0.06758655,0.62293315,0.8993768,0.86700267,all_pothole_images\pothole_images_new_image_129.jpg
0.13244383,0.46544904,0.04311131,1.9814947,0.5586024,0.053638,0.009564447,0.018425912,0.53410906,0.4714525,0.13788287,0.12550819,0.0,0.7025561,0.014955541,0.46566334,0.2312914,0.15019462,0.029979788,0.08873638,0.113929905,1.0220463,0.53197134,0.56905437,0.8549171,0.99471396,0.37940475,2.858612,0.0038842275,0.28164393,0.45038605,0.14729528,0.020795066,0.6557687,0.111018084,0.9096723,0.5092942,0.668301,0.66654533,0.26279074,0.0,0.057511907,0.1794102,0.44633016,0.6982084,0.4549335,0.14452633,0.03981041,0.5388179,0.60782397,0.03978819,0.080618694,0.1969651,0.06159464,0.08685189,0.6539833,1.6680942,0.0,0.036606837,0.0046643214,0.005481158,0.010517799,0.47953343,0.6254975,0.961691,0.67463034,0.05298013,0.36886182,0.02033773,0.09954446,0.059617385,0.16460197,0.4964824,0.19391513,0.24010672,0.0826439,0.0,0.4672196,0.0077600805,0.19752467,0.0,0.061096083,0.7178085,1.7282481,0.1580375,0.050243843,0.1500342,0.37316418,2.2453063,0.1972407,0.087542295,0.20075023,0.18879859,0.38195878,0.37567106,0.01261739,0.20502055,0.6472037,0.50732064,0.096287,0.021513266,2.6643538,0.22441544,0.0,0.3061459,0.0,0.41077557,0.36683482,0.018421717,0.8689251,0.113152735,0.74108946,0.5300192,0.27581894,0.5447971,0.45025128,0.6581836,0.0056729843,2.2929244,0.40694472,1.6596807,0.09611312,0.0,0.5003668,0.17881058,0.66087914,0.50763106,0.13409792,0.39598006,0.09764495,0.23212464,0.04829062,0.099706456,0.004754095,0.08749721,0.23510002,0.0025604556,0.0,0.10117983,0.017947277,0.4754753,0.11652244,0.5943903,0.28743678,0.0,0.91778654,0.0,0.18070115,0.110892914,0.07531688,0.1867496,0.80378187,0.088434726,0.023829177,0.9629601,0.7321443,0.37360904,0.0196059,0.7009229,0.78745383,0.99655294,0.71003085,0.12793708,0.48210773,0.39937755,0.60120666,1.6142895,0.4651924,1.1288327,2.0192864,0.0,0.03865257,0.028355457,0.006870384,0.28881097,0.005456899,0.28541994,0.17591986,0.5495085,0.24957144,0.05568293,1.53846,1.0418764,0.54805815,2.8580947,0.38849223,0.06342047,0.36727476,0.6958572,1.3026887,0.0,0.024569372,0.021089517,1.4988126,0.4508855,0.0,0.34769928,0.2826758,0.46312395,0.1306066,0.36944363,0.38741684,0.12118509,0.4275069,0.38000068,0.3290909,0.31655818,0.15862231,2.1172771,0.29118532,0.0,0.019220624,0.45626137,0.16694304,0.571136,1.8363943,0.16178055,0.053648725,0.35528278,0.28153318,0.41506132,0.10845188,0.49218503,0.019795178,0.0,0.062064417,1.6400189,1.001613,2.900233,0.77217126,0.107536994,0.011071856,0.95902,0.14690733,0.6842584,0.010415602,2.0352952,0.0029000184,0.28980884,0.029527405,0.24842142,0.016847761,0.15669836,0.24021043,0.26437223,0.004506191,0.72199124,0.22494045,0.1569005,6.6323466,0.6953934,0.043283198,0.10701343,0.39904568,0.01553189,0.28331655,0.8566671,0.35559413,0.19423905,2.5084333,0.04939986,0.08659615,0.8245161,0.09927795,0.376045,0.9366567,0.08909535,0.24398613,0.7130311,0.020298477,0.07460312,0.030615263,0.05585649,0.21641204,0.6704293,0.7589265,0.0018191296,0.17388552,0.15371431,0.9088474,0.59023035,0.672945,0.15911825,0.10680014,0.26647404,0.063306764,0.49292356,0.1409052,1.3289688,0.2327729,0.011259064,0.045449402,0.06176752,1.2630982,0.0423259,0.58508706,0.054023966,0.61984414,0.18118282,2.6636438,0.1437921,0.16369587,0.004718417,0.0028693639,5.4748764,1.106016,0.005911674,0.1733119,0.41600293,0.7886951,0.0032156182,0.3007956,3.187271,2.8515997,0.73680955,0.23517676,0.0,0.9849597,4.276942,0.20042378,0.09311216,0.00400167,0.061915737,0.08770682,0.9879736,0.5849426,0.45655423,0.009959934,0.36076662,0.034544062,2.8991144,0.056340445,0.0,6.044332e-05,0.09670588,0.009753771,1.5920804,0.013079156,0.17451409,0.8008978,0.32522556,0.093791135,2.6889973,0.06131437,0.24115336,0.34441507,0.21570715,0.03692988,0.3191284,0.24856745,0.14856732,0.7670556,0.036814265,0.3099721,0.106629685,0.13309188,0.0,1.0862254,0.48489743,0.9532576,0.046097554,0.061701458,0.48712182,0.21156813,0.0,0.0,0.53832173,0.07729185,0.1985739,0.06222183,0.9030192,0.007945296,0.052843776,0.0,0.068114325,0.60184133,0.45576873,0.17479973,0.34088406,0.1568973,0.23374544,0.0,0.074769035,0.8871989,4.0610495,0.24035285,1.9187945,0.14758255,0.18638678,0.8836578,0.42292506,0.80006874,0.21838552,0.621343,0.0060016676,0.12820342,0.6198203,0.26425508,0.12364769,0.6189312,0.71900594,1.3281709,0.17189135,0.31385985,0.3254639,0.3693463,0.011933606,0.644717,0.26015374,0.032136146,0.08685583,0.06422138,0.0048375656,0.18916176,0.010616819,0.3518554,1.7585617,0.08990494,1.0753896,0.08262963,1.398784,0.005817011,0.4427639,0.12994346,1.5885911,0.13670729,0.92458624,0.15166049,0.14980218,0.3077397,0.18641002,0.024810309,0.7584462,0.07777141,0.8577715,2.2048516,0.19310565,0.16141301,0.064209536,0.15693817,1.2737929,0.25135943,0.06853742,0.18480986,0.20302927,0.03573919,0.80478036,0.6045451,0.0039338595,1.1985303,1.5128679,0.4392014,0.6306015,0.13528953,0.6085341,0.99367,0.4518923,0.28998455,0.19504377,0.97536904,2.4567876,0.0046783686,0.5017518,0.0,0.91618305,0.19335957,0.005577483,0.0,0.118597575,0.81583464,0.31385517,0.110868365,0.03920956,0.008347705,0.65396005,0.014700004,0.013067152,0.77230465,0.15993565,0.14791666,0.032718625,2.1587417,1.0499358,0.29394326,0.12380756,0.0076961773,0.11110495,0.082113944,0.5157053,0.0,0.26767203,1.3586905,0.08798923,0.0,0.0008496782,0.017612783,0.03860586,0.14735891,0.39417958,0.32606292,0.11580481,5.121528,0.34138444,0.17505684,0.2668118,1.8635297,0.28013685,0.22625054,0.92133284,0.43909505,0.25302798,0.11450365,all_pothole_images\pothole_images_new_image_1290.jpg
0.5054022,0.35870528,1.5824501e-06,4.191778,0.96557194,0.0013068398,1.2946686,0.10962199,0.7322869,2.6311588,0.51475906,1.497674,0.006811542,2.0395987,0.6813677,0.11850507,0.19448487,0.5490619,2.4777966,1.3547248,1.3966401,0.052110855,0.585377,1.3300929,2.460063,1.7092985,1.5837532,1.3958732,0.0017009124,0.6021015,0.14490686,0.0151642,0.6280139,1.1355603,0.13758664,1.0930704,0.6619401,1.3388603,0.52724874,0.16100402,0.34575975,0.8992328,1.41835,0.45237035,0.52316886,0.4310977,0.20492491,0.4315222,0.14566427,0.0005208676,0.4850013,0.5641445,0.045402884,0.012538268,0.12134222,2.320165,1.4373392,0.9266961,1.4504807,0.02987092,0.43217048,1.2193319,0.0,0.53116184,2.341019,1.1996307,0.004080501,0.05910704,1.4212123,0.5343765,1.3203716,0.19503729,0.2880336,0.3030077,1.0854554,0.38321015,0.95097023,1.2112896,0.5811225,0.03275976,0.5078656,0.6542787,0.31271955,1.072077,0.53913915,0.22562583,0.5012518,0.23605223,3.128423,0.16687953,0.13793637,0.6932466,0.26073048,0.8524384,1.2188972,0.31226844,2.1788938,0.016335288,1.1510981,2.441442,0.0,3.2872999,1.1090716,0.88981307,2.1242974,0.013143198,1.5831034,1.1023813,0.1316684,0.038912248,0.055613663,1.9497895,1.2589808,0.8256476,0.921042,0.02931982,0.033431295,0.5474213,0.2899665,0.050699312,0.28151956,0.19216876,0.6065735,2.0408883,1.2748073,0.0,1.1069229,0.2483972,1.2681785,0.33086002,0.9881254,0.012802677,0.4329254,0.35513458,0.35408735,0.43457568,0.24198736,1.2326827,0.3999404,0.6092672,0.18182506,2.1604836,1.0757115,0.71711016,0.055870265,0.4898073,0.105905846,1.0521023,0.45196655,0.006937764,1.5555258,0.019323528,0.00039637217,0.6569251,1.7948105,1.7274618,0.2731634,0.0,1.1506029,0.600547,2.4882467,4.5330772,0.24720497,1.9673386,2.8394601,2.3379548,1.0764358,0.49345696,2.1632035,2.126996,0.07785819,0.22300762,0.0,0.032666057,0.16685288,0.44197667,0.88584757,0.005191584,0.033011068,0.02501771,0.1047966,2.5019186,0.0,3.0107715,2.561563,1.9579433,0.20863006,1.2660958,0.38941666,1.4449855,0.56884825,0.18092574,0.17284787,1.0917703,0.117126,0.1217172,2.7973921,1.599048,1.3747588,0.7806352,1.1433759,0.36549875,0.0,0.10910279,0.0,0.03300007,0.770796,1.2127075,1.035997,1.0194701,0.0037538055,0.16942267,0.9348247,0.2830967,2.466601,3.5102196,0.31840083,0.16853943,0.25053322,0.78306204,3.212363,0.22047153,0.6582726,0.69459,0.07419212,0.3684496,1.1825235,0.69216305,0.6480439,1.0506755,1.4289169,0.13137566,1.2253178,0.3383672,0.36601564,0.1110063,3.4173717,0.22772303,0.711013,0.31937277,0.8879247,0.21456034,0.9186753,0.21474122,0.93804383,0.005789614,0.65601194,0.4149615,2.2531214,6.7252297,0.47425795,0.9149556,0.033566203,1.2351652,0.13595845,0.8732527,0.51404226,2.1420639,0.25801906,3.7883306,0.56157273,0.37325808,0.28010634,0.3561042,0.0,0.74753135,2.6826146,0.08359302,1.5706061,0.037055444,0.61740005,0.0075260047,1.3130265,0.037918918,1.2226415,0.683594,1.0326798,1.1838688,1.1414664,1.6063807,0.03761255,0.3121314,2.0639846,0.42828372,0.25149798,2.0040722,0.9162192,0.11631254,1.7911799,0.74492645,0.0065381676,0.39251575,0.46109173,0.9773195,0.8169244,0.95381147,0.06743984,0.16868378,0.013028619,4.478846,1.3776894,0.31865552,0.18546519,0.011381154,0.38994816,0.87013686,0.70427954,0.035473898,0.41044718,0.5297378,2.654544,1.1101755,0.423171,1.2001818,0.9097575,1.2834197,0.006339664,2.1714017,4.127497,0.6643535,1.1880777,0.06571892,0.2032003,1.1478136,0.9323068,0.23803765,0.045504987,0.0030538265,0.1950496,0.5493703,0.70572466,0.39069742,0.009334673,1.1242937,0.9201252,0.24413086,3.713666,2.7055595,0.61743504,1.3019382,1.3625693,0.25105283,0.39880398,4.6180115,1.4479983,0.80910957,0.8036799,1.6807771,0.07591601,1.0001901,1.4606357,0.5350794,2.5049977,0.21888398,0.0,0.8995049,0.014765744,4.1778207,0.85561854,0.90817803,1.4500927,0.7923047,0.85479975,1.658081,0.015093526,0.36060205,0.9087091,0.0032111658,0.26552504,0.2152017,1.3514783,0.04342199,0.012232236,0.20501989,0.10983494,0.7866075,0.59536487,0.1821298,0.8923242,1.2431055,2.5055065,0.27281517,0.37332168,0.20700392,0.26334786,0.8249121,1.2446736,0.09790489,0.078054175,2.5109608,2.0427651,0.3908912,0.45835483,0.6852308,0.02940601,0.010857189,4.570185,0.78437865,0.5846702,0.42059574,0.11991908,2.5259752,0.307842,0.35123855,1.0810182,0.11333466,1.0483633,1.6652925,0.8066087,0.018550983,0.19547828,0.12121904,0.008356149,1.1511087,0.024286738,0.7377271,3.5891316,0.12698242,1.7508348,0.5081178,2.8082287,0.65352297,2.7847037,1.7697881,2.6306937,0.04409342,1.60096,0.22065645,0.828458,0.5557809,0.02555377,0.09889448,0.63670886,0.47749,1.7945945,0.47285652,0.11371929,0.3999081,1.08557,0.034182824,1.257346,0.24535476,0.10910791,0.0,0.0012811866,0.0,0.6018439,0.21245275,1.9256673,1.8765885,2.8877263,0.6468484,0.14308102,0.5609929,1.0465323,1.3483301,0.20593618,0.0,0.45645484,1.0747823,1.69972,0.18459556,1.2698674,0.1858445,0.57351935,0.38273463,0.028102485,0.57828295,0.45537773,1.5958209,0.2044557,0.4440886,0.07121594,0.96758,1.5333828,0.27672893,1.2150058,1.7157738,0.70012665,0.23111172,3.6687336,1.4163475,1.4991024,0.90271175,0.1198085,0.27161157,0.71677107,0.9124161,1.8909223,0.075952515,0.47904643,3.0688033,1.2652999,0.14760236,0.0,0.58596253,0.93290645,0.41680923,0.1917257,0.6274059,2.9202719,2.9355867,0.8775876,0.4576023,0.3712937,1.3492316,2.088239,1.0256205,0.014696682,0.8469341,0.103925265,0.2412323,all_pothole_images\pothole_images_new_image_1291.jpg
0.61878073,0.6690341,0.20794955,2.5674639,1.8514767,0.16949093,1.1593933,0.86991376,0.97111857,1.0627412,0.30795783,1.0115024,0.053022645,2.0439332,0.10321766,0.55135727,0.019701384,0.70448583,2.1506493,0.3166315,2.3070452,0.35289592,0.4035983,0.09935264,2.5779707,0.45623466,1.3677896,0.9924844,0.21264897,0.01577762,0.41328812,0.3704591,0.82246256,1.1876808,0.070945464,0.53378165,0.002049622,0.15458046,0.05744168,0.057196938,0.19692455,0.7447737,0.1570388,0.58442074,0.2261783,0.34293872,0.0656242,0.0055268486,0.10749693,1.3852665,0.082888015,0.8109178,0.013890336,0.0,0.90153664,0.29099673,1.216427,0.5857081,0.92763585,0.027225642,0.8798044,0.5862334,0.009814272,0.30384216,1.1838249,2.2308424,0.60352296,0.53634036,0.6748693,0.43953463,0.30313125,0.15000772,0.22747147,0.029257014,0.839137,0.0072138333,1.5307245,1.3856257,0.03886316,0.014453441,0.45653316,0.01997166,0.89989936,0.33190286,0.8792148,0.00038415528,0.6418884,1.1288142,2.019079,0.14623743,0.20752949,0.7024303,0.07648907,0.11773192,0.32393122,0.31752542,2.1771595,0.59778756,0.045702886,0.9959916,0.0,5.033517,1.2233924,0.35343122,1.4128942,0.20595628,0.5164517,0.80233,0.00095901027,0.7527341,0.012155771,0.7903591,0.31525943,0.37393653,0.4041729,0.6128408,0.20786196,0.11348032,1.6096188,0.004862071,0.49054357,0.010768365,0.29904464,2.2126389,0.7082543,0.007327404,1.118178,0.95836794,0.68507254,0.06942075,0.029802809,0.0,0.08832868,0.5777676,0.342564,1.5887809,0.91638905,0.07328965,0.92110723,0.09491661,0.46921623,0.5643958,1.7627146,0.011546379,0.0,0.5402698,0.0,0.48700288,1.3520815,0.0,0.058860756,0.32931188,0.026945896,0.31124362,0.79608727,0.5474892,0.7002946,0.0,1.0963635,0.8337814,1.8272771,5.222942,0.1780204,0.4522747,0.09196171,0.33608043,0.6677115,0.61944133,1.1629999,3.3194406,0.012638921,0.02832591,0.2024507,0.0,0.008239591,0.017670339,0.097465724,0.37889278,1.0418385,0.42427972,0.0048388722,0.9044286,0.2958831,1.5210954,2.9630587,1.2810974,1.0546277,1.674311,4.6343303,0.9511612,0.1863434,0.0,0.08712013,0.93544817,1.7127346,0.78078955,3.8641946,1.3644725,0.69290704,0.5600671,0.12801783,0.7988225,0.15352224,0.123788364,0.024568185,0.0,1.3031698,0.0,0.52212954,2.5038807,0.0014205908,0.033375356,0.12377571,0.111495346,1.2584779,1.6714296,0.06193203,0.0057203034,0.42467695,0.011018989,1.9544404,0.63094044,1.3426188,0.00067070883,0.008026801,0.013761224,1.1381872,0.3634887,0.4099217,1.0142757,0.45110175,0.1351695,0.31446382,0.16176249,0.0,0.0,2.6082258,0.11918085,0.40827972,0.27995166,0.7184204,0.39168453,0.45847118,0.23456658,0.31981143,0.05010599,0.600658,0.41811055,2.2744832,4.1489716,0.7860751,1.256838,0.110463336,0.0036394377,0.0,1.0969254,0.0,2.3476837,0.46558425,3.5679626,0.04427564,1.0490649,0.3552419,0.7889046,0.30685326,0.21949781,0.47236085,0.03312885,0.44866428,1.0652331,0.436334,0.0,1.0381409,0.5003775,1.3394094,0.62596744,1.0826201,0.15842651,0.9066867,0.38833782,0.079234764,0.19083215,1.8010076,0.8533161,0.00262482,1.7094132,1.655474,0.24995436,1.3747545,0.0,0.0,0.4823661,0.018432856,1.225349,0.016760865,0.07495689,0.34673646,0.3388432,0.054198716,2.4021482,1.3251193,0.099238314,0.12542668,0.0,0.56154287,0.64008,1.7324913,0.028675415,0.4970328,0.5217088,0.788754,0.5235662,0.13167807,2.0502653,0.41295475,0.34036908,0.6404619,0.77597755,4.025433,0.0037489727,0.31026533,0.96824116,0.011649239,0.26467896,0.4109032,0.014759344,0.04267077,0.10911774,0.27893898,0.3617787,0.5728511,2.3464265,0.14923184,0.05078302,0.15478529,0.0,3.3228338,0.10467889,0.8720851,2.2626421,0.35611507,0.27337855,1.2226202,4.226036,1.3648491,0.061664853,0.3657584,1.2115976,0.36895385,0.0,0.6499175,0.9614966,0.06710233,0.17992128,0.08856036,0.80062723,0.044765145,1.6741859,1.3274044,2.3700972,1.8678713,0.18941846,0.34208915,1.1010284,0.0,0.5391141,0.579652,0.0,0.0,1.4353077,0.42370465,1.1271682,0.45554864,1.4344728,0.011699775,0.6676155,0.27336097,0.7090242,0.7375595,0.39823422,2.1263487,0.20809129,0.0515012,0.35781175,0.35253808,0.23462515,1.7356514,0.0009470214,0.47494778,1.0148684,1.562702,0.019155947,0.38509282,0.45704916,0.23582365,0.040231433,0.95536447,0.1657556,1.557185,0.004113165,0.0,1.0710963,0.26061922,0.17160009,0.50645584,0.033978384,0.6119228,0.35165355,0.23430389,0.0,0.32077652,0.15193363,0.02208897,0.12632297,0.03283332,0.17898245,1.8723365,0.2653124,0.735178,0.066732675,2.8442106,0.35467622,2.2602336,1.011142,2.0981476,0.86439514,1.3640419,0.4270429,0.4853585,0.6653572,0.013619272,0.13829122,0.3238098,0.4157331,0.7623724,0.47056797,0.46379593,0.82871014,0.05225767,0.17989057,0.6552432,0.40550083,0.09756546,0.052739453,0.022829551,0.28123844,0.45899916,0.5418018,0.082101755,2.4637752,2.8401,0.8452901,0.5805775,0.17046657,0.7699094,0.43867585,0.4049484,0.0,0.0708819,0.10276194,0.98849976,0.09636332,0.13263333,0.116850056,0.12559764,1.2099143,0.17668062,0.07641136,0.0008488256,0.010847781,0.0,1.7313218,0.018635448,0.4077097,0.49975446,0.001906103,0.2408752,0.59292996,0.3611584,0.023449192,1.3874642,2.5118604,0.8490169,0.42792067,0.28130963,0.024240186,1.102993,0.5673254,2.2683532,0.0,0.5031568,1.9191742,0.7247936,0.57419074,0.0095792385,0.107846655,0.24254504,0.0,0.19443133,0.49230126,1.5942847,0.8804156,0.15832964,1.5474777,1.0124326,1.1246064,2.820878,0.196867,0.0071277227,0.25091982,0.8601843,0.0122157745,all_pothole_images\pothole_images_new_image_1292.jpg
0.08966078,1.3243189,0.0,1.9486009,1.4921954,0.057256736,0.21119808,0.6778854,0.076914065,1.2464662,0.5434929,1.6958699,0.36955845,2.7975066,0.0,0.0,0.70649844,1.4588552,2.0842395,1.6618965,0.22444549,0.5888983,0.2784933,0.5966677,1.9010396,1.7463644,0.5531347,2.2900171,0.042075116,0.48090222,0.42682508,0.7329428,0.44256848,0.13316509,0.6753325,0.97995305,0.4865916,2.1195133,0.70845324,0.08176753,0.08363488,0.4047263,0.26882163,1.5190653,0.80775577,0.22384822,1.0068812,0.18415694,1.6890099,1.5868813,1.0969193,0.32445526,0.14211075,0.26029977,0.050019924,1.796278,0.5887138,0.80679584,0.94322,0.54999894,2.1183019,0.1581375,0.7109926,0.24400057,1.5678803,1.470105,0.08932292,0.108278126,0.09293771,0.46144068,0.96454823,0.050254423,0.6173844,0.10461071,0.21075067,0.0023692052,0.04518148,1.0468948,0.45803756,0.3905136,0.41834706,1.5865039,1.2801312,1.3671725,0.0839816,0.0051217168,0.80970615,0.13839398,0.3442958,0.00454367,0.39120296,1.1196744,1.0013231,0.5284287,0.11268003,0.32012963,0.34914112,1.5589749,0.521307,0.8003156,1.0734255,2.9825943,2.2068262,0.059152603,1.2598985,0.25809163,0.54078263,0.6940855,0.5281625,0.03290896,0.32436645,0.4076647,0.8820938,1.0590934,1.9252748,1.1341869,0.11646892,0.05082153,1.5738887,0.36766002,2.9906945,0.025970558,0.49705905,2.273798,2.5039184,0.7498734,2.331942,0.56947047,1.5200162,0.16413735,0.4492443,0.3624387,0.75292003,0.101121426,0.52923787,0.0042616017,1.2643117,0.33007246,1.2429918,0.17251538,2.0716724,0.052500922,0.33765364,0.48797902,0.2705619,0.9215753,0.87024075,1.1825861,0.88034266,0.05445732,0.21912174,1.5933946,0.043452088,0.25937447,1.3024522,0.88180447,2.4169965,0.26517695,0.393321,0.45576605,1.5774225,1.7598457,0.55667096,2.1975067,0.4166018,0.10236706,1.4378878,0.26483718,0.26932308,4.1807933,0.02136643,0.0011099384,0.33972567,0.25264433,0.116730005,0.058740925,0.57929075,0.75730956,1.2400957,0.54335225,0.50691533,1.3531816,0.996352,0.68031776,0.38232425,3.1899598,0.5564304,1.5683961,0.16867848,0.841185,0.24632628,0.7096019,0.30975348,1.9136965,0.44316515,1.4178401,2.503577,0.05440582,0.7827298,0.005687967,0.6107567,0.5595334,0.32297942,0.059182998,0.054477524,0.9205082,0.010366698,0.08394236,0.9817361,0.7557416,0.0117437,0.6423442,0.86944693,0.29665446,2.9005954,0.88918304,0.50997627,0.30475786,0.37888107,1.033198,1.4125681,0.931511,0.61126506,0.5791643,0.0,0.08530817,1.5316325,1.3934989,0.76736534,1.0888468,0.1648391,0.21923308,0.8455671,0.5425866,0.0148685705,0.014125435,1.2777812,0.7314149,0.16531244,1.4094677,0.5455124,0.37341723,0.367771,1.1929576,0.5375767,0.20459902,0.58016616,0.2682171,0.37395653,2.496899,3.665863,0.2600869,0.2728578,1.4742316,0.36926854,2.0937858,0.116947465,1.0534643,0.2780423,1.7973309,1.8139553,0.098405406,0.1721516,0.44512144,0.039246336,0.3816552,1.5964035,0.63690645,3.6617954,0.01662454,0.04470507,0.17705335,0.40685084,0.1291919,0.39648607,1.0286437,0.3599365,0.45777395,0.14350477,0.26653317,1.1553174,0.9083202,0.8072172,0.38278645,0.022328373,0.98475724,1.8944937,1.1408526,2.9772482,0.6801585,0.0,0.0,0.13066588,1.5812978,0.24198423,0.38711727,0.5537971,0.58599365,0.3580043,1.2010924,0.72587687,0.46003863,0.7380123,0.38377348,4.5881476,0.14526048,0.97744995,1.0231217,0.1552782,0.5601733,1.4141288,1.5274664,1.2563235,0.6705371,1.4534669,1.0892069,0.08801811,0.7943437,3.3395684,0.11584441,0.11072678,0.271606,0.764153,1.6709195,1.5087806,0.44773257,0.57563907,0.0,0.6779321,0.05074648,1.0748562,0.40819758,1.2023938,0.33725995,0.31136855,0.05328486,1.2972193,1.3798631,1.3895378,0.66340846,1.1248316,0.17513904,0.7429975,1.3070831,1.2543398,0.504016,0.07377897,0.6913746,0.9448286,0.57633877,1.5139699,0.20397615,0.5748048,0.9458185,0.18424353,0.2526501,0.13001347,3.1363862,0.61052525,0.6299039,1.2136309,3.1312706,0.39413452,0.273666,0.055938613,0.33644587,2.249353,0.9576075,0.0023623435,0.58596444,2.0210443,0.27492294,0.45119885,0.32416862,0.59214383,0.5152491,0.2604433,0.4845097,1.1242571,0.5284221,2.6795094,0.037556384,0.8355677,0.5881445,2.1120343,0.0,1.8704861,0.037720263,0.1635558,1.5045676,0.846701,0.15294027,1.3086706,0.9790457,0.18173389,0.2550018,2.1004696,0.14210247,0.10498975,0.01528569,1.6834762,0.68307275,0.75447214,1.0204589,0.07606502,0.8447401,0.7810692,2.1158772,0.8306072,0.049877856,0.21467815,0.26093522,0.090071134,0.60888,0.15638077,2.5919592,0.29485506,0.97740334,0.8765534,0.31531888,3.4218254,1.0516489,0.88200516,0.7270165,2.6759825,0.5707262,1.4614733,0.67290264,0.119800866,0.04764022,0.65321326,1.8914704,0.00073486054,0.11071246,1.2021549,0.8387653,0.71233803,0.1149332,0.109377995,0.036987357,1.4042051,0.23442529,1.1673101,0.032304697,0.5423052,0.00032864374,0.7274677,0.42313778,0.017838798,2.108054,2.651913,0.4711861,0.15042554,0.013560221,0.27122036,0.427581,0.3829885,0.021500252,0.093082316,0.38663653,2.223222,0.3083824,0.67801523,0.04548065,0.31228262,0.58695537,0.74534386,0.081095435,0.4101235,1.5688237,0.43615395,2.5108328,0.87502617,0.5577167,1.5631939,0.074915774,1.254798,1.8475673,0.51592255,0.23691937,0.45486188,1.4718541,0.5239123,0.0033214681,0.04309575,0.18812126,1.187825,0.10691261,1.0781345,0.0,1.0982774,0.74745995,2.7693033,0.19404903,0.008432861,0.021378662,0.8089514,0.8434848,0.79231703,0.55750453,0.64882886,3.1342392,0.25175962,0.48420936,0.8963286,1.0257471,0.43115577,0.3597302,0.2192271,0.102991514,0.22221489,0.04843771,all_pothole_images\pothole_images_new_image_1293.jpg
0.38338828,2.350147,1.0572779,1.5004064,1.0667447,0.15897365,0.9031831,0.13888194,0.11782145,1.0600206,0.31899533,1.3444408,0.049781673,2.289243,0.47261253,1.1319512,0.32723776,0.85241854,2.1720064,0.39868292,1.1714901,2.51114,0.45720002,0.9389402,0.19907276,1.3651998,1.0098515,3.1493862,0.40680873,0.12335632,0.7431231,0.03317249,0.3584938,0.2863239,0.6513704,1.6948364,1.2469914,2.3786721,0.78679687,0.74353915,0.3788774,0.3636326,0.3824078,1.2039639,0.734545,0.8428731,0.24018244,0.14691947,0.22292647,0.5675485,1.7761028,0.17106865,0.37036747,0.7251716,0.18631543,1.3836845,1.375219,0.00084171304,0.9754886,0.2663914,1.0716444,1.5194407,1.5985951,0.2504483,0.9098839,1.1542392,0.7294977,0.09127191,0.36484674,0.42585143,0.14168742,1.1303718,0.4149712,0.30568904,1.0030893,1.088082,0.7833216,1.6107755,0.14023484,0.22035913,0.7540238,0.01617444,0.3445202,2.3905697,0.9593135,0.19097984,0.44366002,0.14708088,3.726241,0.3228425,0.15552256,0.24823643,0.18496934,0.30446696,0.34929866,0.0,0.96008265,1.5328062,1.1312716,1.0354822,0.24170777,2.4801888,1.1544483,0.5583697,0.38114703,0.16990261,0.75406754,0.07583148,0.17798747,1.0892345,0.06709145,2.3582187,0.77027243,0.02270212,0.84832597,0.47657388,1.6827711,0.94757795,1.2125275,1.0703522,0.54402155,0.70905894,0.35669574,0.6394184,0.4247606,0.3985274,1.2694515,0.98153263,0.2526552,0.24247546,0.90912145,0.13998842,0.5980436,0.19277976,0.0827521,0.3275179,0.30760723,0.6439582,0.42612636,0.15983288,1.141212,0.09233431,0.2811111,1.0854177,0.7460232,1.0379318,0.78609776,0.14566103,1.0250485,1.4579957,1.497281,1.025557,0.0,0.1655745,0.90867037,0.56928813,1.1207561,0.5435013,0.79809964,0.5946629,0.99274397,1.1161846,0.31493965,3.3035197,0.42816725,0.60448325,2.302308,0.9052976,0.47914207,0.8028212,0.2756565,0.25235778,0.34437746,0.59030235,1.1742778,0.13048814,0.09735015,0.045597985,0.92916423,0.4917014,0.09741043,2.2155225,1.6250491,0.84266186,0.81660146,0.31770593,0.22472332,2.3152118,0.04619022,0.89441025,0.8720106,0.5139496,0.012717455,2.1740997,0.024056625,0.05117286,1.0338483,0.33449656,1.5284724,0.31893057,0.13125631,1.3605597,0.6455509,0.28081703,0.7703261,0.26222062,0.15166934,1.279733,0.41052392,0.23021095,0.021582842,0.22086799,2.2063913,0.74096847,1.6567152,0.9328926,1.3826616,0.15301883,1.0464534,0.30950487,1.7343615,0.10577816,0.25972715,0.44104946,0.40844184,1.6372834,0.5416764,0.31398377,0.611281,0.65572417,0.5359616,0.74512947,0.44928682,0.06919671,0.17347935,0.1280709,1.744812,0.6511691,0.015727047,0.402765,0.20007432,0.25438747,0.21730691,0.26933694,0.38305765,0.23641482,0.9086497,0.02344727,0.8853369,3.1875453,2.8140974,0.07357543,0.8262665,0.64335436,0.29577184,1.3255017,1.4739776,1.492442,1.6677043,2.0615654,0.6644105,0.54043555,1.0375754,1.6642427,0.5850466,0.40193546,0.087781064,0.5509105,0.56818473,0.23659332,0.33783078,0.5473885,0.1767724,0.083035685,1.09856,0.48682785,0.61178267,0.45109013,1.7158505,0.97954726,0.2913343,0.1742457,0.21781993,1.6221198,1.0971309,0.4032986,0.83690375,0.55683553,1.5640767,0.43018183,0.26584652,1.311987,0.36441553,0.08466625,0.29092342,0.29460296,1.4631369,0.85507774,1.0508773,0.70852864,0.17453302,1.3837677,1.0355095,1.6132003,3.584261,0.2689896,0.3897818,1.0264776,1.2210314,1.571907,1.8116475,1.6770049,2.8622205,0.5092684,1.1431093,1.3000082,1.0272223,0.9174518,2.157264,0.28579217,0.014307287,0.7877515,0.20045042,0.016602447,1.2902703,1.4355206,0.22239602,0.019916335,1.0163553,1.824665,0.7966831,0.56733423,0.028822677,0.2009734,0.41586754,0.1787016,1.9953728,1.4687431,0.043359373,0.6486313,1.206787,0.51203626,0.6898621,0.70418733,0.82498914,0.6813128,0.6659244,0.13223323,0.7835518,0.9714072,1.3884335,0.48812905,1.7373832,0.09441056,0.05617997,0.60924774,0.7552419,0.31185672,0.06040715,0.16622224,0.41003153,0.6754956,0.3940209,1.0148706,0.8826373,0.5124574,1.5541886,0.5239761,0.23424867,0.101184025,1.0080262,0.6902415,0.94885004,0.6520228,0.1755846,0.6619637,0.22866853,0.33379903,0.008617207,0.5078479,0.9520634,0.57535034,1.6060508,1.5625864,2.0998976,0.27527288,2.1219141,0.0,1.4139985,2.0322535,2.47905,0.22094859,0.15104268,0.9082406,0.10977891,0.06189237,1.3109971,0.11544518,0.78506255,0.106349,1.1690758,0.58390397,0.02086525,1.0730603,0.82197833,0.0025033045,0.6757711,1.3371161,0.5429614,0.38425767,0.83883196,0.4010894,0.31801838,0.8948174,0.037645128,0.12702486,0.2104921,1.2341955,0.092204444,0.2617404,3.1899252,0.92756,0.8663613,1.6117973,1.8523546,0.6052886,0.041790675,1.453589,0.34366545,0.5638737,0.11489037,0.5254307,0.115633175,0.9864648,1.0067949,2.7237523,0.77189744,0.8028023,0.089517854,0.33347255,2.4384723,0.473715,0.20867048,0.064670116,0.3151877,0.17932339,3.0292962,0.610077,0.45298946,0.44798395,1.0379065,0.40794736,1.5046539,0.7069958,1.0064778,1.3324784,1.9616934,0.66547555,0.20938332,0.4417132,0.25487953,0.07627957,0.7688662,0.50230736,0.3801378,1.4972216,0.44930637,0.24371217,0.6076277,1.1278552,1.2152258,1.9031302,1.0847285,0.6857072,0.54149675,0.61179507,1.2978436,0.5944623,0.8475461,0.29034042,0.53244394,2.4384506,0.030226424,0.4982459,0.385665,0.40602073,1.5327703,0.058495395,0.8303978,0.3627377,0.6143375,0.7508059,1.0809989,1.7902834,0.009982961,0.35653755,0.066255845,1.106521,0.07460678,0.2008036,1.754326,3.3524637,0.03762035,1.2181436,0.8832391,0.5997407,0.15076451,0.11485171,0.24099357,0.4392309,0.12821092,0.32354996,all_pothole_images\pothole_images_new_image_1294.jpg
1.8920431,0.42627168,1.1853112,0.39970905,0.056487247,1.3334742,1.492861,0.00047632016,1.9530222,0.2516271,0.4264824,0.66938233,0.80339843,0.05133834,1.8492076,1.1422365,0.13704742,1.0575217,0.6227396,0.80541813,0.5400581,2.1436915,0.4377727,1.9543378,0.30312797,0.5678248,0.15322031,1.2549766,0.68169934,0.38505623,0.25375885,0.25710168,1.5386052,1.8926585,0.17740136,0.34087327,0.22030915,0.5068187,0.119224206,0.6920373,0.24583162,0.048811596,1.1943029,0.5176582,0.9919136,0.19950043,0.37098455,0.25773177,0.8037441,0.2889675,0.4167071,0.26745465,1.0165321,0.14545514,0.53704536,0.1944779,2.082082,0.17506596,1.317008,1.816318,0.25574562,0.67112964,0.8709424,0.6093488,0.093810014,1.7270734,0.092593506,0.14937317,1.1301191,0.31243318,0.14209026,0.43833065,0.27597073,1.3376001,0.20816913,0.5107287,1.0723966,1.1466763,0.5938267,0.39441574,1.036335,0.046918888,0.08432503,1.1372328,0.20311776,1.2388059,0.28554013,0.3814975,3.5360506,0.51783943,0.4046748,0.6796641,0.36046234,0.32234251,0.23561893,0.110991426,2.0165884,1.0138915,1.109685,0.43454164,0.06691999,1.406543,0.4388184,0.59908724,0.9245497,0.11164488,0.2742643,0.35061383,0.34077507,0.4679544,0.008448328,3.1189458,1.385574,0.087919444,0.026545504,0.37416834,2.9054136,0.9354511,0.30225,0.21939735,1.8126501,0.16260564,0.45911703,0.7147177,1.5989641,0.7019409,0.1962593,1.007384,1.5898337,0.7224966,0.19040708,0.19517012,0.53528285,0.02466132,0.5302341,0.64024043,0.47459245,1.7847285,0.48701546,0.6859396,0.08333549,1.3087627,0.13166407,0.10378819,0.4342684,0.36437201,1.307306,1.0173036,0.5556949,0.48164058,0.5641445,0.08201259,0.36781964,0.6011537,1.0958645,0.53587705,0.3169954,0.2022702,0.060996532,1.2080221,1.6195239,1.4925768,0.77157724,0.08387172,0.55917776,0.80163103,0.9079222,0.6967247,0.530714,0.31306124,0.29479,0.8315316,0.19582538,0.24338515,1.0052643,0.0035740586,2.1635268,0.15319917,0.2949621,1.4613526,1.627111,2.1017938,1.7669973,0.73735124,2.7567983,0.6276459,0.15614377,1.8494054,0.46484375,0.42536715,0.004457154,4.126711,0.028175334,3.3739831,0.2600532,0.69416976,0.71425253,1.8733146,0.23421691,0.82644886,0.10352501,0.66631824,1.4489266,1.1146308,0.75953275,1.3444384,1.2110832,0.5946334,0.28646398,0.25352836,0.48996672,0.49106,0.4967638,0.26073918,0.9671565,0.5696144,0.029935125,0.5548496,0.74833125,0.12588108,0.26534697,0.18414384,0.93690544,0.76417667,0.15249105,0.5638703,3.3441534,0.29148898,0.78465104,0.29415035,0.43744346,0.27455634,0.80898464,1.2901405,0.92103654,1.2161623,1.854591,0.10751762,0.27106178,0.46298513,0.24654746,0.5424957,1.4860275,0.3574088,0.13201176,0.01817421,1.1372175,0.42804086,0.5674036,1.2204307,4.0578785,0.06448157,1.4647293,0.31750613,1.3850754,0.3265418,0.09304677,0.89959264,0.6799432,0.5008693,0.036150064,0.17489666,0.5194284,1.4871663,0.91246575,2.9228714,0.8711713,0.38073823,0.91818726,0.8810988,0.7788839,0.04987272,0.025292264,0.31592482,1.6959239,0.86253965,1.1835455,0.9877076,1.4061852,1.1273961,0.24191903,0.9884977,0.013403755,0.18901603,0.37319604,1.304829,0.17765065,0.3347215,0.29939017,0.48277223,0.20368029,0.35083294,1.1960658,0.7536775,0.94428337,0.3447097,0.14177485,2.1711679,1.315548,0.059798565,0.06876261,1.5161961,0.19324677,0.6166955,1.9258494,0.6761603,0.060107987,0.7335546,1.3117396,0.31055984,1.1547061,1.7803336,1.3994415,1.2467183,0.0,1.5312011,0.31472936,0.7955142,1.8519176,1.8512127,0.7342054,0.59134305,0.2136343,0.33555487,0.5992018,1.139771,0.97796565,0.00945688,0.20474766,1.8975534,4.2992105,0.7168415,0.0,0.21369527,0.14554222,0.84233904,1.4601905,1.3742676,0.05332508,0.09861405,0.37737122,0.46787775,2.1958036,0.1110476,0.22510862,0.074981555,0.8098565,0.42217132,0.50495243,0.26506352,0.27841622,1.3547394,0.4440617,1.5888377,2.7040517,0.99827325,0.2475378,0.37329358,0.13008508,1.334636,0.050100833,0.10972774,0.43700016,0.56892395,0.25254828,1.6763394,0.92088497,1.7347423,0.12597051,0.37519532,5.3065147,1.1006086,1.8905717,0.038847994,1.5463558,0.30221218,0.24952736,0.216265,0.48034427,1.0019323,0.15335317,0.12623353,0.12528852,1.7725998,4.1775694,0.9745919,0.019775918,0.0,0.031276472,0.99150974,0.6890984,2.6120665,0.19952631,0.08978895,0.31819806,2.2348118,0.16376114,0.5482191,1.8770065,0.33189905,3.124417,1.0384015,1.370783,0.45852247,0.0,0.8172851,0.30865127,0.36239982,0.12939744,0.5503721,0.46682218,0.32070914,0.09205945,0.43487027,0.28138897,0.91509,1.1242647,0.99626005,1.3500111,0.31015664,0.41762263,0.22666185,0.12187924,1.2747453,0.78982186,0.55010474,2.2363906,1.3336354,0.9875708,2.0094287,0.09960207,0.534236,0.0076614027,0.10216705,0.40263486,6.7379885,0.7081615,0.3351933,0.35833713,0.42548555,0.4398205,2.4154732,0.14417261,0.5070863,0.41276604,0.46449968,1.5762103,1.0299714,0.25887927,1.5536264,0.4098713,1.7291644,0.19408114,1.849021,0.9766119,0.8101379,0.30359977,0.7526638,0.32361075,2.5216196,0.0838388,0.9043293,0.9681549,0.010497311,0.36889485,0.16528063,0.8705231,0.34164393,2.0699615,1.6211096,2.5011744,1.0066888,0.8383846,0.016583066,0.8689003,0.4318327,0.5503262,1.3206224,0.29350865,0.046358496,0.6193613,5.1570053,0.3032915,0.82878304,0.36052215,0.6138701,1.5787721,0.721068,1.2423748,0.6616331,0.1840362,0.8735728,0.018686118,1.0006945,0.19387919,0.35838026,0.16742842,0.37429178,0.0,0.2381156,0.051383004,1.9531134,1.6485926,0.2703061,0.9904926,1.5828854,0.21566477,0.19978933,0.32939243,0.2717272,1.0991467,0.9845233,all_pothole_images\pothole_images_new_image_1295.jpg
0.007916658,0.8903329,0.7541717,0.2671433,0.3457714,0.2051334,0.44094074,0.09649733,0.2335407,0.5725438,0.12758051,0.81905746,1.1009903,0.43424982,0.015097781,0.21304107,0.57564074,0.16038479,0.59931564,2.2846324,0.07337644,1.7141017,0.802604,1.473284,0.050438084,0.6337213,0.060850102,0.59819806,0.0,0.58963305,0.13313232,0.5176656,0.4424843,0.8014168,1.106392,0.31849042,0.22099085,1.053538,1.4802119,0.12234052,0.201034,0.52548164,0.041128866,0.6339781,2.152689,0.09035808,0.21148282,0.0048309425,0.32600373,0.5571198,1.6064042,1.2558072,0.1616977,1.1975036,0.6481626,0.6700442,0.83019775,0.1298617,0.81724674,0.5474518,0.1266673,0.17195934,1.4280626,0.0,0.7692192,1.970573,0.22209774,0.6222267,0.4012759,0.38569164,0.3123059,0.6565184,0.07824317,0.028706463,0.077910535,0.28386644,0.28383872,0.86013854,0.65448695,0.26044953,0.0774776,0.5053886,0.6248014,3.29208,0.32778814,0.68949187,0.16540629,0.2289296,2.7038555,0.2978306,0.04083742,0.09544548,0.13931897,1.8906062,0.13707641,0.050576672,1.2861995,0.3798168,0.44230843,0.20645656,0.10929236,0.8491836,0.40101826,0.09806463,0.16954677,1.1285524,0.97043157,0.25670278,0.20220955,0.7605841,0.61574394,2.4808698,0.3141999,0.32241687,0.36346498,0.6931185,2.583081,4.1716366,0.2541143,0.026751654,1.5254422,0.104073755,0.7707589,0.13686894,1.0880526,1.0494568,0.37724817,0.22807752,0.20562835,0.13657735,1.4891398,0.67605853,1.8756374,1.4608551,0.3358561,0.81169415,0.044614784,0.028498232,1.1039553,0.019842882,0.5754623,0.7566706,0.5078839,0.77948743,0.26978937,0.06563653,0.630987,0.03695271,0.9017516,0.15352276,0.14196524,0.087287456,0.7047478,0.07726432,0.71750855,0.1503519,0.23839152,1.1465423,0.0053127226,0.20197366,1.0122292,0.68601644,0.05576798,7.4866295,1.3680117,0.034633268,1.1742177,0.26255992,1.025138,0.3178226,0.41101226,0.02893437,0.43993345,0.012097783,1.8543687,0.014880753,0.021899972,0.23956166,0.062427256,0.6129408,2.1500666,2.58409,1.0049868,0.9750951,2.8244424,0.06683451,1.9677832,0.1430047,0.14429806,0.44080335,0.5485718,1.2336568,1.2097058,1.9236102,0.054080475,0.5897385,0.6913872,1.2162391,0.23070829,1.2678665,0.040973138,0.24961971,1.2490448,0.52178454,2.4778044,0.617387,0.3798737,0.42087078,0.5011885,0.6570076,0.0039644553,0.55363613,0.56713456,0.6666212,0.18150336,0.095050916,0.30025637,0.06338967,0.8846344,0.030936897,0.037700374,0.9280493,0.21765035,0.026258007,0.22639881,0.30324274,0.5600601,0.0,2.9825723,0.0043093865,0.518178,0.40317753,1.4936742,0.053931285,0.7153025,0.5143376,0.23088355,0.0059248465,0.011757991,0.21440913,0.4151429,0.29603046,0.008408296,0.48779386,0.13759723,0.0014570217,0.90659827,0.30217057,0.510566,1.7394292,0.6572548,0.67471284,0.19309308,0.13970686,0.65440637,0.38750193,0.47719014,0.47984427,0.19013683,0.06134183,0.43096,1.7297502,0.16839628,0.596654,0.61839366,0.6111203,0.32774726,0.99090636,0.2944459,0.301286,0.0063636242,0.0,0.44113615,0.75249916,0.14124455,1.5497681,1.075178,0.55078185,0.019370524,0.12655252,0.7275168,2.3103728,0.40785807,0.06739649,1.3544866,0.16269527,0.52396554,0.21142535,0.66612756,0.5342481,0.30142725,0.25672516,0.26618308,0.19815941,0.56298697,1.8405675,1.4818186,0.17642657,0.043195907,0.41019264,0.34453675,0.6945268,0.44004825,0.9131148,3.1043296,0.0813669,0.49624065,0.6266683,0.8204229,0.50561357,0.19644177,0.2085241,2.8361597,2.340457,0.25897503,0.10908356,1.0476125,0.3387571,2.0521843,0.63720876,0.60505855,1.0331964,0.03613492,0.13063757,0.72185516,1.2092186,0.7649564,0.26826704,0.5494116,1.0370973,2.954603,0.11448191,0.48958272,0.30696055,0.72717893,1.422627,0.09273832,0.27482983,0.1479819,0.07849215,0.8837847,0.13708763,0.11248712,0.0008316895,0.23494987,0.51178354,1.1545898,0.021658309,0.46903688,0.5439749,0.1537622,0.63845736,0.42907083,0.31624237,0.52217376,0.30494475,0.10019554,0.5092345,0.45598236,0.7371511,0.5342497,1.7288824,0.24482046,0.19523935,0.21991508,4.59403e-05,1.3157912,1.1469929,0.28181815,0.2909311,1.7449851,0.4537818,0.70590293,0.3349926,0.68695533,1.2316892,0.15551142,0.11053235,0.077400535,1.0803738,0.762854,0.5834746,0.14099158,0.18602009,1.2133774,0.51374763,2.344903,2.140697,0.4598725,0.8630901,1.5900989,0.106811956,0.20432721,1.4256319,0.09544392,1.4826807,0.67840147,0.8124479,0.61423117,0.1590096,2.908011,0.33940575,0.3848274,0.40603235,0.2864507,0.010256049,0.8579819,0.56382936,0.09939882,0.98940897,0.0,0.7984981,0.46211585,0.7219706,0.17268294,0.2609749,1.0202276,0.17344181,0.09774784,0.0,0.43449554,0.22261998,0.46776494,0.25394925,2.151138,0.052230638,0.3609802,0.8886005,0.19364983,0.39431015,2.0465896,0.69698703,0.44632432,0.22795916,0.32626602,1.8665131,0.48961672,0.19959247,1.1057665,0.8154308,0.1448334,0.044394642,0.23927288,0.7798859,0.008029449,1.0529838,1.97096,0.35815918,0.017183183,0.532287,0.3340955,0.10212528,1.7619395,0.059343617,0.32047024,2.1946452,0.15906769,0.028116832,0.08478957,0.3124371,1.0808712,0.21988261,0.59544533,0.04732409,1.2068876,0.20318101,0.21056317,0.0,0.8050779,0.19235478,1.9062375,1.455653,0.40477005,0.30382532,0.6079492,0.8503935,0.1230001,0.037242435,0.49981695,0.136965,0.10558066,2.1198413,1.3366038,0.23208946,0.22022848,1.4061494,0.11998814,0.011339653,0.05980338,0.11529533,0.64383376,1.4490826,0.037491217,0.3219045,0.07840559,0.0,0.7753198,0.16643289,0.21541949,0.08754175,0.069819786,1.388769,0.20351233,0.86903685,0.69576997,0.5455932,0.013284599,1.8144176,0.35219207,0.12697661,0.86809087,0.1008335,all_pothole_images\pothole_images_new_image_1296.jpg
1.1123618,1.8145148,0.3586783,1.0736281,0.53510857,0.58504766,0.9415073,0.0008857974,0.038003266,0.6439192,0.29025033,0.49121267,0.40418765,1.6644164,0.52411044,0.18955989,0.025265584,0.35337502,0.7472098,0.09507758,0.81181383,2.0211308,0.81764996,0.87091374,0.35018405,0.23323095,0.681746,1.1663805,0.21185952,0.49569136,0.4241323,0.05226468,0.97287315,0.10445178,0.40369087,0.14256243,0.43503729,0.76697475,0.049533114,0.08229925,0.013606328,0.14716615,0.12642942,2.82459,0.5082909,0.038274527,0.2858368,0.034031168,0.21375415,0.056781616,0.4771834,0.0,0.3592086,0.1635514,0.0,0.63810986,1.4084846,0.17758973,0.03284014,0.5137981,0.011128632,0.2687713,2.755924,1.4339236,0.7200015,0.07045035,0.03358436,0.2535956,0.04269811,0.9761714,0.26918283,0.28324303,0.046814207,0.94015485,0.01792135,0.26626256,1.003607,0.9831394,0.0055975267,0.33700362,0.97708565,0.39730865,0.1748825,0.76719517,0.7383763,0.4667894,0.05972039,0.0,1.1542355,0.12749794,0.060743444,0.33389568,0.31861037,0.55446726,0.33787146,0.04984441,0.4460185,0.29825175,0.07736728,0.20743482,0.0917064,1.4859838,0.5126302,0.00053095655,0.12860498,0.11460814,0.1670039,0.056558292,0.27530286,0.8882302,0.052680306,0.23673521,1.5278479,0.10739121,0.45252952,1.3646178,2.3231692,0.54035276,0.48389846,0.12391375,1.4381486,0.18015042,1.8324662,0.16795793,0.05464659,0.49998605,0.2696434,0.26593956,1.668999,0.9881153,1.1037546,0.7744055,0.84008074,0.4107585,0.058868863,1.495925,0.29389402,0.06458617,0.8733651,0.32134545,1.3860512,0.0,0.62125176,2.455452,0.7599778,0.692018,0.12786162,0.13492012,0.7571866,0.3411662,0.8844956,0.42822576,0.14534023,0.11910087,1.1733803,0.19095398,0.25906062,0.4558201,0.8300831,0.55490965,1.0479678,0.29573894,1.0850465,3.680525,0.2235975,0.2898237,1.1955913,2.878162,0.44878924,0.4597663,1.0004869,0.4614324,0.13963227,1.6455594,0.54511064,0.38290092,3.0159276,1.3700745,0.2128795,1.1946523,0.120475724,0.14210294,3.620408,0.14787936,3.3264842,0.2928399,0.74251074,0.06378759,0.055707537,0.21438672,2.0664961,0.03730761,0.01758976,1.9893845,0.53839415,0.52097154,0.025461629,0.1551596,0.2514982,1.5369534,0.05676898,0.017452274,2.217883,0.8706707,0.36136326,1.3745918,0.060505185,0.57264566,1.1399758,0.00817283,0.15561889,1.1089615,0.59085685,0.8322177,0.37151352,0.044166237,0.3287167,0.25855157,0.81573576,0.14233474,0.64904183,0.12496831,0.010781362,0.05422165,0.0,1.0047997,0.70555454,0.18858309,1.154619,0.13215329,0.104740255,0.33828244,0.39021525,0.14115646,0.33714536,0.5927232,0.9444948,0.7001151,0.33864573,0.18642078,0.6299183,0.08969259,1.3083916,0.19505589,0.14391649,1.200318e-05,0.5670457,0.4408281,0.6260661,2.5999322,1.357807,0.019419026,0.16323258,0.23810409,0.08017217,1.0501326,1.7781587,0.107140616,1.3030388,0.96859705,0.6618497,2.663505,0.15496226,0.12486236,0.004806635,0.13682377,0.031522308,0.58052737,0.983271,2.2420278,0.001602022,0.53294474,0.2807023,0.3102149,0.11849486,0.4462708,0.22947353,1.1738908,1.9437271,0.13455267,1.3168559,0.31881928,1.7805692,0.39358777,0.27671522,0.20526831,0.3058825,0.9100391,1.174013,0.5088815,0.24070044,0.5384329,0.2869512,0.38796502,0.0043080356,1.4882957,0.10440356,0.27924392,0.6928088,0.8018724,0.39228183,0.66913027,0.0,0.03789073,7.659729,0.30799085,0.4504621,0.24053188,0.955444,0.04668545,0.019685438,0.7042364,3.2522643,0.62671757,0.9664079,0.21355982,0.11042681,0.18538074,2.0766623,0.3259658,0.24515782,0.28150037,0.5022209,0.4973638,0.3268709,0.2677088,1.6704983,1.2978069,0.3845445,1.1644465,4.2508407,0.7002275,0.61171645,0.87084097,0.77518773,0.47428423,0.30136988,0.4583339,0.41320926,0.3376325,0.08787105,0.8975267,0.5876152,0.45421854,0.1528367,0.16321073,0.13745981,0.18990563,1.1992252,0.4916789,0.45448267,0.21645465,0.0,0.0,0.4700157,0.19411324,1.2891924,0.39397156,0.23732103,0.19577271,0.1507106,0.28911695,0.4104202,0.40026188,0.0,0.122070536,1.7398592,1.6034817,0.013503636,0.13980469,0.6377756,0.01755048,0.24146049,0.38903558,0.1552748,0.27683,0.2349534,0.8851547,0.4433392,1.2915777,0.04797152,0.26769498,0.60061985,0.7190145,3.4864583,0.12976481,3.1342237,0.88751435,0.009927613,0.60400236,0.70663506,0.024297373,0.055877645,0.025099922,0.6108067,0.032652285,0.55757195,0.12951976,0.09167943,0.0942736,2.3000152,0.47492433,0.18764248,1.457071,0.16262817,0.091056556,0.9297565,0.13007452,1.1094527,0.98898065,0.21014118,0.40936083,0.33671865,0.21821177,0.111084156,0.4518168,0.00065916835,0.6986659,0.07086814,0.19127375,1.3412868,0.17957684,1.16878,1.1234283,0.90034896,1.7387233,0.86424845,3.5284352,0.700128,0.87625074,0.81884545,0.46529138,0.0,0.45438287,0.17129713,1.3535558,0.790827,0.39449278,0.30498812,0.42397287,0.7822549,0.005648634,0.012572187,0.23131362,0.12804349,0.6317066,2.5681772,0.026436158,1.5691092,0.42950824,1.4628458,0.3635788,0.100242116,0.34946266,0.5625389,0.05492746,1.779387,0.0011375394,0.18779711,0.11846229,2.2841802,0.79867846,0.8383716,0.012139803,1.1737365,0.26321402,0.007952827,0.5924021,0.0,0.79382807,0.6585663,0.7478389,0.46982974,1.631093,0.35598055,0.039839957,0.46739158,0.7146316,0.0684636,0.28294033,0.22917584,3.0418365,0.37679228,0.79715145,0.0,0.19419868,0.7069499,0.11619778,0.09853163,0.6060099,0.030640272,0.44055635,0.2237316,0.42001116,0.00087797095,0.009704506,0.05527715,0.17186491,0.100739844,0.24946746,0.9919605,1.2382483,0.41292134,0.6208762,0.7262958,0.8450862,0.31924716,0.13020703,0.19560495,0.92789024,0.30248597,0.029019244,all_pothole_images\pothole_images_new_image_1297.jpg
0.7861408,1.1529484,0.56274664,0.3256882,0.014338776,0.9960906,0.078602694,0.070252955,1.3861183,0.35904303,0.8948958,0.18738699,0.6067391,0.04780528,1.4494761,0.7887343,0.24333423,0.22364537,0.91848147,1.7970241,1.9060384,1.4445572,0.53009766,0.8837606,1.6377115,0.43458495,0.9429444,1.8918796,0.40740207,0.5276366,0.43273395,0.057353243,0.9948176,1.4640266,0.026935255,0.47144255,0.13352306,1.3484528,1.5425605,1.0935073,2.0298529,0.16591437,0.17197993,0.32041383,0.16368371,0.007514787,0.7278694,0.2641771,0.6424694,0.47764018,0.007053586,0.55921805,0.9979584,0.02020468,0.5353698,0.25279903,0.91742456,0.19993451,0.38601527,1.07838,0.42506084,1.1158195,0.59779227,0.20872276,0.114299126,1.3219693,0.14915219,0.14673351,0.774278,0.22964948,0.19568233,0.106281035,0.066225365,0.38687912,0.31034285,0.40988544,1.0797981,0.7226799,0.11884044,0.19624299,0.60493743,0.46063575,0.32430017,1.5990285,0.3589061,1.233776,0.11674234,0.531111,1.6084058,1.0072757,0.021217914,0.121963374,0.4005821,0.29162386,0.7995046,0.31256375,1.357365,0.32920408,1.9079639,1.232112,0.47975242,0.99016446,0.21828648,0.4186409,0.6379621,0.2930743,0.15965849,0.25007817,0.4665818,1.3415003,0.2867276,4.323182,0.43425167,0.18446721,0.0,0.35948655,2.2102463,0.41764814,0.83731693,0.34368706,1.8617531,0.25549856,0.14621368,0.8913591,1.0830665,0.18524002,0.073807776,0.18393058,0.76259065,0.2653053,0.40473905,0.17739126,0.4904816,0.30077493,0.51043063,0.6991389,0.77123696,0.64458674,0.21327914,0.35412964,0.030482352,0.3591393,1.371936,0.019716047,0.73599535,0.1474803,1.3170029,0.6270581,0.116562374,0.046229243,0.37056044,0.1459326,0.1208169,1.210512,1.5196261,0.305817,0.043912668,0.16276242,0.22272523,0.93780494,0.7474832,1.5010266,0.13584042,0.49634147,0.26866505,1.1596909,1.0266329,0.74586654,0.5644133,0.6735832,0.12271144,0.3415971,0.9933402,0.15081334,0.5998657,0.003424761,0.2799759,0.0008883759,0.672715,1.5972214,1.4147077,1.7690818,2.5775487,2.974468,3.8087986,1.248363,0.25810966,2.8200247,0.05397867,0.88207626,0.10928317,1.0273019,0.050212715,3.35405,0.41389024,0.22469844,0.91143906,3.5267353,0.8089422,1.0586488,0.0322714,1.4371558,1.2232574,1.0239005,0.6609699,0.4800766,0.8032789,0.3400092,0.35134622,0.4841676,0.49187765,0.005419346,1.2949057,0.24321546,0.3794811,0.250635,0.18361078,0.5314929,1.9169801,0.3280115,0.43242314,0.06661766,0.19909804,0.8972351,0.16968343,0.2351387,2.7073324,0.15700455,1.5398167,0.8733203,0.2668418,0.5464339,0.9822909,0.6383604,0.8511483,0.7766538,1.0129503,0.09625318,0.12752388,0.0,0.51657665,0.36591607,0.7589354,0.29035255,0.124525554,0.0,1.2550666,0.7264843,0.4529035,2.6330068,1.0454607,0.18991417,1.1066276,0.60544497,0.5434091,0.0011754619,1.1735687,1.175457,0.025326103,0.3744947,0.107976384,0.23921713,0.5852233,1.8863012,0.54744565,2.449685,0.4829047,0.8328949,1.754642,0.07052453,0.6491676,0.067532636,0.33331504,0.27445647,0.509035,1.0166326,0.9550037,0.763953,0.17589934,0.4805282,0.073369406,0.9481796,0.1675451,0.3389458,0.8053109,1.2070793,0.3697888,0.52832484,0.00018323766,0.0,0.8579791,0.43146482,0.582195,0.48717862,0.33451664,0.19254033,0.116902545,0.2924804,0.6819487,0.46031874,0.41229188,0.5179136,0.014503902,1.1060814,1.3103573,0.02486982,0.21796687,0.6362988,1.0443919,0.5106839,0.54137367,1.789155,3.902144,2.5885365,0.0001760267,0.47951373,0.56980807,0.24747431,1.3809114,1.4267344,0.61330694,0.0,0.4762679,0.30266756,1.5503242,0.8549946,0.5482692,0.0,0.03841143,0.98004276,3.5040038,0.7693855,0.01637775,0.30583277,0.5730405,0.6240724,0.3452197,0.6557008,0.09076509,0.03744869,0.9890496,0.85906345,3.351342,0.62080705,0.789744,0.08096378,0.28433532,0.415152,1.3546361,0.8259828,0.30888245,0.8680244,1.096629,1.7357637,0.73006827,1.1731195,0.012304008,1.2017213,0.47825304,1.175224,0.031205352,0.5243749,0.3184966,1.1129584,0.52481437,1.4454119,0.8788817,0.7294848,0.30338186,0.03230859,2.9594762,1.0899559,0.9020093,0.48572132,1.1741803,0.2181885,0.7652026,0.29834402,1.551169,0.7368171,0.7173483,0.2841667,0.32204184,3.1859396,2.0705423,0.37804288,1.0841929,0.08929441,0.0,2.0630345,2.082211,2.665668,0.17399006,0.42544952,0.2290316,0.6790393,1.0579793,0.22706811,2.9694884,0.26718938,2.0210376,0.04342256,1.1955497,0.11249963,0.09909051,0.7824616,0.4506719,0.5318637,0.13102148,0.0,0.30975208,0.79641914,1.2509699,0.27475357,0.045590185,0.42327002,2.07523,0.5637984,0.60729086,0.5565776,0.73163533,0.19616088,0.6185802,0.98449594,0.77375704,0.0074138083,2.624506,0.3440656,1.6588951,1.413373,0.072394796,0.61145526,0.5541352,0.0034771732,0.48836866,4.690695,1.8661683,1.0271602,2.6048226,0.42425174,0.23900074,1.6124411,0.015758913,0.096198715,0.42070705,0.24679779,0.6737391,0.7537025,0.039664965,1.7113105,0.36574173,1.8978401,0.18012486,0.8171944,1.3960549,2.080349,0.15715523,0.8889367,0.68472296,1.2299726,0.07459075,0.26583958,0.5894459,0.13083713,0.33720818,0.93121564,0.5795286,0.2414912,1.0540811,1.7141873,1.7939832,0.48412502,0.79033816,0.09926929,1.0028706,0.29566664,0.7799023,1.0757872,1.6862665,0.0022097484,1.881812,3.9631784,0.76450706,0.5086167,0.37814596,0.49704927,1.3296206,0.4715098,1.262462,0.81390065,0.8911045,2.497418,0.0,0.12104627,0.04223508,0.13993512,0.18117192,1.587523,0.07014666,0.3599123,0.10196301,2.2220387,2.7772446,1.2522967,1.3647604,2.7438974,1.1333643,0.85587245,0.58517164,0.32498026,2.7455657,0.76247823,all_pothole_images\pothole_images_new_image_1298.jpg
0.23666334,1.7794764,0.73392296,1.2434943,1.3480397,0.19412126,0.21228491,0.8898319,0.6197077,1.2934501,0.87918013,0.49006373,0.7526198,2.0208435,0.4766692,0.287668,1.0436407,0.06176345,1.4209198,0.10152416,0.30092195,0.41360652,0.4371311,1.6175659,0.7748238,0.65291417,0.13015233,1.6203542,0.09673431,0.6283935,0.7207972,0.10801844,1.6488607,0.3253554,2.3451872,1.3105857,0.9672641,1.9113626,0.120870255,2.2916758,0.41467214,1.4523333,0.51263463,0.6140368,0.15509602,0.69639343,0.23451322,0.10398538,0.5023366,0.9778768,0.24947608,1.5127468,0.84914446,1.0118917,0.599064,1.2419174,0.8290352,0.18264715,0.20316146,0.31538892,1.4482079,0.17505991,0.7172918,0.8650424,1.2668417,1.4506325,0.13366592,0.15085386,0.7483766,0.33447397,0.37396863,0.13437769,0.13397208,0.79585654,0.45418844,1.9034989,0.13514923,0.569102,0.2713703,0.565043,1.4892789,1.3868637,0.6478902,0.94328815,0.36241117,1.0887288,0.030062897,0.5318091,2.7770908,0.07217354,0.5577522,0.14116238,0.35359135,1.7495306,0.37439767,0.0,1.1995618,2.0646057,0.9549973,0.90723675,0.14787191,2.5842426,0.48993543,0.17965665,0.6317699,0.58873737,0.10331551,0.7616564,0.38543767,0.7876455,0.13154513,0.79505205,1.3331766,0.74604064,0.5810594,1.6430528,1.8219223,0.8724244,1.2140383,1.288612,0.6027675,0.1862696,1.6515114,0.61049145,0.086850844,0.24160938,0.2256394,2.1729167,0.6480291,0.8314558,1.918807,0.92433554,0.3838901,0.985546,0.899188,1.5732867,0.24367933,0.4362002,1.5853635,0.07545335,0.909817,0.15506159,0.35280913,0.8541008,0.9036601,0.79716754,0.39289016,0.1224909,0.46591127,1.2372336,0.7864802,1.5841738,0.0055653234,0.55513555,1.6424863,0.48885345,1.5140424,1.0044677,0.9214448,1.4094998,0.8853144,0.66047245,0.46187463,3.9331365,0.17215933,0.11098595,0.4906274,1.7276165,1.7595545,1.7411656,0.5640518,0.1346079,0.62514824,0.3915835,0.69967526,0.810513,1.0105819,0.77185774,0.19175842,0.77890736,0.16578396,1.2443349,1.213379,1.72273,0.48682714,1.6472133,0.7156629,0.5320701,0.7637677,1.5922943,1.7207323,0.43644378,0.564117,1.8373288,0.5993213,1.2065823,0.3538653,0.20859346,0.101642765,1.3654574,1.0489081,0.9334569,0.24467707,0.27018774,0.16224715,1.3753339,0.23212561,0.9062042,1.0357921,0.08826232,0.85644084,0.8458416,1.2141392,1.827079,1.6048712,0.84003156,0.80785954,0.32884893,0.82411987,0.23960769,0.7437724,0.2056565,0.1918751,0.34451804,0.572879,0.60934436,0.6713618,1.4051383,1.1485994,0.32451856,0.16790994,1.5923105,1.3935649,0.6916102,1.3417704,0.97861046,0.7192933,0.047884773,0.18442157,0.04995677,0.5865015,0.41806373,0.5629544,0.10199766,0.38846198,0.106846936,0.91978985,0.6576623,0.5059423,1.8624678,1.1564184,0.46284312,0.5539265,3.3180108,0.4013875,0.85054964,0.6107091,0.19040185,1.1899141,2.156082,1.1949683,1.7321463,1.6304603,0.21726406,0.19069874,1.1638639,0.52087194,0.69349265,1.3691058,0.09859304,0.20821153,0.41143867,1.2042865,0.5791105,0.39782563,0.54817355,0.20666765,0.7584077,1.2956289,0.3208524,0.054042242,0.2510231,1.28488,0.6344516,0.37084574,0.96381843,0.74312055,0.93503755,1.0540564,0.09062544,0.46059474,0.72626215,0.057573557,0.7014336,0.17319235,0.44299456,1.5466423,0.056608457,0.2438047,1.0658666,0.28377295,0.79469603,0.33602402,0.7023013,1.4435171,0.12327916,0.5461274,0.70500755,1.0729827,1.4420207,1.0261971,0.6667014,3.6113067,1.4013369,0.21368472,1.1857239,0.16685538,1.7041163,0.721087,0.898844,0.72975665,0.69716656,0.40770996,0.39681756,1.7142344,1.1097734,0.8173475,1.5068843,0.9422386,0.75988114,2.4792342,1.2308707,0.07185989,0.34024128,2.3400917,0.7562038,1.1436185,0.31031322,0.74577206,0.037599966,1.0538636,0.5849136,1.3053055,0.45508248,0.31971246,0.25001684,0.9447552,0.7975825,0.97386134,0.47171405,0.008795302,0.33200473,0.6395518,0.044676635,0.44993696,0.06065824,0.8154982,0.474793,1.0196223,1.0062408,0.9678414,0.33955958,0.5926792,1.2072463,0.5541888,0.23745298,1.2017614,0.24460736,0.08922467,0.5673016,1.2287772,0.4341666,0.68270683,0.38458475,0.712822,0.5392031,0.8652027,0.20942439,1.1359208,0.44007683,1.6150751,0.115209535,0.34308305,1.1750076,1.0696988,1.2318538,2.2669291,1.3603413,0.23460785,1.4730202,2.0139184,0.9119083,0.6066409,0.64407426,0.057072785,0.029611684,1.3130599,1.679977,0.35379237,0.17732184,1.7151109,0.5444016,0.03936653,1.2282708,0.791474,1.0433095,1.6269464,0.09274971,1.6868966,0.18309766,0.93501574,1.0771002,0.83170444,0.66051483,0.014662466,1.0183631,0.2485407,0.65476584,0.1973397,0.1319041,1.8618028,0.7735907,1.3772639,0.40429255,1.5847195,0.83189017,1.3218706,1.8372414,1.4309921,0.45144087,0.055636484,0.7535548,0.64530164,0.6232738,0.74243516,2.125704,0.92447954,0.25579086,0.25776792,0.2683158,1.209264,0.03630385,0.24918474,0.035755593,0.17701012,0.4689492,1.6877733,1.1725142,0.4842108,0.58097863,1.3040082,0.5397453,1.2210866,0.49553058,0.8796407,1.0078142,0.9570642,0.120144255,0.73230433,0.35007617,0.77769786,0.7714602,0.9458792,1.9314709,0.92414534,0.6028071,0.19204587,0.26816845,2.6214042,1.2540301,1.2308731,0.64052796,0.43866876,1.3436747,2.072539,0.097676195,0.11880446,0.5655961,0.8050564,1.1545777,2.48162,1.731797,0.45827982,0.81145406,0.29994965,0.15887478,1.105305,0.25113925,0.52091163,0.42870948,0.9014198,0.96572524,0.86155456,0.18765144,0.0315824,0.051248416,1.1713119,1.0171707,0.60971487,0.52720284,0.85001296,1.6367815,0.10984157,1.1835586,1.7749207,0.7037254,0.23215882,1.5024557,0.73964643,1.3656626,0.9003866,0.04772662,all_pothole_images\pothole_images_new_image_1299.jpg
1.2957028,0.95563006,0.3186406,2.6953313,0.96141595,0.3546486,0.8553865,0.044085663,0.35253492,1.2652011,0.57581943,0.5047069,0.9535784,1.6242597,0.0026504449,0.5038065,0.18050797,2.6070383,0.82265556,0.08892784,1.1845753,1.0214388,0.6758992,1.6574409,0.78408617,0.18354088,0.043354355,0.2527886,0.027284537,0.7886062,0.45994368,0.0179526,0.2948581,0.63816947,0.22713746,3.3424098,0.9583173,0.18460879,0.51085407,0.15060759,0.013959557,0.68284655,0.0061472594,0.19734961,0.21114038,0.9860933,0.3535027,0.037942592,0.88427556,1.2088135,0.6796438,0.43345183,0.31262425,0.24133453,0.43610948,2.3310294,1.001198,1.2295663,0.8021754,0.4781085,1.7437694,1.4503113,0.29679072,0.05877271,0.86948866,1.2761595,1.1474367,0.7398555,1.0290147,1.2957672,0.57552916,0.09671243,0.12943532,0.4936365,0.15243202,0.39447826,0.8010358,0.46717456,0.34847832,0.076550014,0.03210287,0.34025025,0.9285188,1.7387909,0.6779193,0.02806971,0.23952988,0.056550186,1.4123099,0.3780618,1.1577388,0.65391266,0.36293912,1.5606842,0.35124552,0.032973155,1.5410626,1.336691,0.0,0.38675475,1.737735,3.3738902,0.08766494,0.23409413,2.4167473,0.7169642,0.09100301,0.22073367,1.0235028,1.118981,0.87340194,0.25937986,1.113003,0.6001348,1.081031,1.2618686,1.034706,0.71588045,3.5388234,0.6929871,0.4797233,0.1212006,0.592982,1.1542135,1.1438103,1.9597653,0.19917409,1.0952876,0.35695443,0.544767,1.5903794,0.119837694,0.6815861,0.30210242,0.81294125,0.3457819,1.6458372,0.8475052,1.0902025,0.6384547,2.3229227,1.7419555,0.2747238,0.56696963,0.13605604,0.9675118,1.4476166,1.4880224,1.7172884,1.0919089,0.33219293,1.0285033,1.1592276,0.31184837,1.048639,0.2408244,1.8254082,0.88865244,0.6234256,0.17640865,1.9875139,2.0705795,0.2203184,0.9027536,2.915225,0.24358228,1.4183285,0.22096948,1.3914505,1.8193926,2.388154,0.64486265,0.01840933,3.4142299,0.9887416,0.13271059,0.6013443,0.1403921,0.45376286,0.3055042,0.2931053,1.7688931,1.0458224,1.4515947,2.3003545,0.12840517,2.5597172,1.6228151,0.041742057,0.574633,0.39163908,3.3405724,0.34610996,0.5049614,0.5734075,0.23159905,1.2745173,1.6219172,0.7949672,0.21452315,0.5202517,0.6495842,0.13348444,0.2940816,2.687952,0.28297332,1.0466517,0.17228375,2.362269,2.0701694,0.5359892,0.9495397,2.4412303,0.5371597,2.1644092,0.033469904,1.1825564,0.6430969,0.5087415,0.19673082,0.16250633,1.2600834,0.44121736,0.09979102,0.0,0.21878974,0.16052675,0.07393958,2.228311,0.010689723,0.14307794,0.90450007,2.3389943,0.9230261,0.043722913,0.5982921,0.22401558,0.014819217,1.1792208,1.0221964,0.053963553,0.2682661,1.04764,0.62798727,0.6870197,0.5117329,0.39851475,0.38286707,1.3310173,4.9836707,0.3449993,0.045855638,0.61084086,0.16192664,0.14709525,0.6515411,0.49670297,2.3358195,0.6511832,1.9692391,0.4371882,0.7074476,0.15771809,1.4504334,0.5956433,0.48946017,2.03902,0.22140649,2.5654125,0.6994296,0.36798608,0.054951884,1.7186843,1.9652758,1.2404916,0.12033653,0.8792444,0.30571577,2.0080128,1.5370317,1.5735797,0.08749266,0.8850238,0.027845636,0.00564334,1.8645905,0.16324775,0.95603925,2.0575306,1.9897513,0.2689074,1.528389,0.045669,1.3584081,1.9329108,0.26337287,0.5422348,1.3695006,1.028866,1.5753667,1.0650659,1.8999091,0.75849694,0.32208663,3.216888,0.072839774,0.36411595,0.7706577,0.7682512,0.71116674,0.69047415,0.5084228,4.006926,1.3612758,1.322094,0.11916285,0.0929827,1.2458979,3.7026393,0.00011555759,1.4956675,0.54083437,1.8224142,0.6933668,0.22114246,0.13163409,0.24395567,0.23734814,0.18478924,0.20669493,3.0815716,0.0,0.82005775,0.67027956,0.13705319,0.09814601,1.1279993,0.6394887,1.1524796,0.219415,0.4125436,1.4289634,1.2078121,0.35515317,0.245695,0.1081968,0.08154377,0.0026493783,1.0301143,0.7840215,0.5853846,1.5165731,0.072274774,0.61623037,1.4024228,0.5825987,0.80455726,2.4349294,1.877048,0.86447537,1.0253242,0.61550784,1.6135978,1.1221173,0.08925064,0.17489557,1.3986646,1.1023554,0.40822908,2.6690412,0.56243193,0.4103347,1.7217547,0.23288186,0.47180915,0.95216274,0.30375957,0.10898169,0.5165068,0.3198736,1.5537803,0.02254814,0.6506858,0.464097,1.8374532,0.11559803,1.5078081,0.48385742,1.2940191,0.61257243,0.5901276,0.21602906,0.1492782,0.0,0.19138291,0.067455895,0.17148726,1.0353266,0.52866983,0.74648595,1.3440344,1.3654457,1.3348286,0.027522596,2.1066053,0.0,0.19796336,0.49867758,0.054857638,0.25282702,0.18756168,0.7702095,0.1656858,0.22785544,0.6204526,0.47798702,0.86246175,1.3037338,0.45533103,0.06321312,0.39260575,2.3910282,0.2692528,2.5599406,1.2471465,2.1919515,1.158006,0.7604895,0.86537987,2.434487,1.0605956,0.5740777,0.3991113,0.10424818,0.24595879,1.6918387,1.1220264,0.6859806,0.6022748,0.8753523,0.59388924,3.8585901,2.4099615,0.00014412173,0.11181342,0.39284414,0.83495086,0.47738284,0.15268524,1.3853928,1.7377111,0.0063319495,0.594083,0.58130604,0.37273318,0.25469545,0.2798111,0.20600322,0.57587904,1.2130681,1.3681697,0.4162107,1.6248109,0.1665744,0.9054134,0.014999547,0.3735658,0.14644425,1.0276179,0.8294164,1.5256727,2.242107,0.014353601,0.55505925,0.54237014,0.44798994,2.9879885,0.74866956,0.027616821,0.13949949,0.057500217,0.8728511,0.8372059,0.7863535,0.14999701,1.1701525,0.6196317,0.0020118707,2.3263233,0.5989263,1.0763148,1.1088529,0.09440363,0.13906,0.07592732,0.12690172,0.34583142,0.031176243,0.8695845,0.112686865,1.7201768,3.0624363,0.8971949,0.22303475,0.2420539,1.305708,0.83957905,0.33655453,0.70646334,0.074312985,0.14173996,0.6132083,all_pothole_images\pothole_images_new_image_13.jpg
0.08061571,0.2916634,0.12644692,3.2070801,0.064715855,1.3044165,1.0980595,0.22828713,0.020216972,0.06351914,1.2410761,0.7300986,0.61186206,0.9579886,0.0,0.587274,0.074062966,2.735954,1.2280499,0.24890909,0.5152851,0.8156378,0.10140508,0.02729131,1.0598742,0.017290352,2.3143022,2.4145024,2.2226021,0.40781397,0.0,0.22111292,0.9655498,0.24490917,0.045020793,0.6205716,0.4696549,1.0335609,0.13910706,1.1142046,0.001775386,0.59901434,0.3357727,1.6283734,1.5687221,0.4199485,0.5328074,0.016810609,0.21643028,0.23636487,0.461165,2.399355,0.16400853,0.6304234,0.22833501,1.4021972,0.0942228,0.28076214,0.94744426,1.0140257,0.009307757,1.4168754,1.2944384,0.7314769,2.3572206,2.3482392,0.27238315,0.8922259,1.7166088,0.0116472,1.2684357,1.2558668,0.0032538308,0.4853203,3.5752364e-05,0.025238326,0.024101222,0.025883375,0.0,0.07729803,1.2757974,0.15844968,0.67258555,0.25344747,0.2858809,0.36820945,0.93966854,0.085577495,1.7173809,0.37322077,0.0,0.83748126,0.19747087,0.43848494,0.69354206,0.11968734,1.0805278,1.852964,0.2683927,0.70054686,0.15529685,2.6500955,0.7737328,0.14778292,0.4980647,0.0686005,0.069773786,0.58602446,0.6667667,0.055004045,0.11282366,1.4954242,2.511449,0.2912185,0.32380134,0.07465795,0.0084529165,0.62862724,1.3536162,0.5086522,1.5296618,0.29731634,0.05110207,1.3862697,0.35066533,0.056935046,0.3624105,0.20571044,2.562044,0.14297862,0.8084901,0.72913796,0.22958434,0.17469507,0.014194883,0.21120818,0.111243,0.69362414,1.3088096,0.22259845,0.87683773,3.2437441,0.04140578,0.25461075,1.1623245,1.5854269,0.32035467,0.11837443,0.014537788,0.29529837,0.10843981,0.44111663,0.0,0.002521096,1.1758603,0.73002756,0.41220033,0.035832077,2.3620024,0.51033604,1.1854866,2.9997048,0.121732615,2.2189364,0.14040923,1.0380439,3.1438398,0.013794074,0.9417392,2.5115066,0.06236659,0.71189606,0.635545,0.6074456,0.052098442,0.14962175,0.29643244,0.05274472,1.8995969,0.06178449,0.4037256,0.28067634,3.3744338,0.5946055,1.6138331,0.07176059,0.52503765,0.44125068,0.43587998,0.28192225,0.008307993,0.9385661,0.0,0.9741313,0.5130559,0.10015203,0.40288353,0.081837185,1.1728226,0.37380853,0.3521225,1.4228368,0.32385716,0.48228586,0.3165476,0.61633325,0.77868915,0.027732462,3.6135173,0.5517087,0.43965855,0.33488354,0.019696176,0.5533794,1.178849,3.2977717,1.9514328,0.021010077,0.1772978,1.2124679,1.333922,0.33410862,1.0490315,0.42705527,0.001353708,0.4331013,1.0978863,0.3811591,0.637018,1.8800223,1.6079978,0.67430604,0.87699497,0.25176823,0.011439595,0.009508421,1.8585978,0.7910034,0.09239762,1.0214645,3.6307567e-05,0.1375967,0.31754643,0.03030784,0.054145303,0.64392245,0.30705598,0.28232452,0.43837398,6.464124,2.692087,0.0,0.45348373,0.31836373,0.04235228,3.9093344,0.028553588,1.2586017,0.13606992,2.090018,0.0020010802,0.04706396,0.23801686,0.7383708,0.2316931,0.46110559,1.4263597,1.3817892,0.40894082,0.44740334,0.5067938,0.054689698,0.21241418,0.27880922,0.93310356,0.22631678,0.2430219,0.39461797,0.13351046,0.43040258,2.1637669,1.0643231,0.18305792,0.27153742,0.064180605,0.81674,1.0024887,0.028584465,3.256641,1.4605159,0.0,0.64375746,0.08307061,0.8172825,0.066736914,1.5343119,0.0,1.8766184,0.8986717,4.065164,1.4678117,1.6088655,0.018714378,0.06587946,5.078794,0.26205933,0.3430112,0.092946135,0.3139366,0.27124703,0.2592999,1.061869,1.0203615,1.3811462,1.0573733,1.514651,0.5922094,1.4915345,2.1748476,1.2222955,0.22448933,0.0732731,0.9712142,0.011513957,1.0969446,0.033657428,0.062472217,0.0029418736,0.5768528,0.107710116,2.1243596,0.024636667,0.96651924,0.06944474,0.027758965,0.0,1.3890167,1.2954518,0.7306929,1.1561133,0.017867709,0.5501735,0.45607117,1.3633475,1.6190182,1.0886359,1.1154826,1.5064756,0.88597476,0.012958948,1.0942973,1.3579535,0.01644308,0.138937,0.004324914,0.107914634,0.018447336,2.1186097,0.18535846,0.0,0.5318321,0.2212588,0.55608505,0.11378601,0.04508089,0.013784569,0.8446945,0.06675572,0.76258,0.67730665,0.23445429,0.26556936,0.21371031,0.19298199,0.06621274,0.036328793,0.0064128935,0.003565396,0.7843628,0.19628322,0.44084403,0.00031864105,0.007240242,0.41748372,0.1747775,0.74316555,0.8962695,0.0,0.069252215,0.58412915,0.29219887,0.001982208,0.1742112,0.31863746,0.06363353,0.049039878,0.71638036,0.106345795,0.047112644,0.38781157,0.07451817,1.157429,0.22268207,0.2842521,0.86417556,0.57315433,0.110674165,1.3914669,0.31162858,0.042264372,0.35449925,2.209752,0.0041429787,1.1370966,0.0035553535,1.0561863,0.8796469,0.555976,0.7869648,0.50461155,2.2933059,1.0094769,1.7001882,2.2268062,4.316382,0.8443569,1.6534349,0.07014779,1.1447169,0.66618776,0.42128628,0.6293598,0.0057102777,0.6035805,1.8360252,0.5610717,0.39025462,0.71641445,0.19824556,0.6916834,0.8516489,1.0296443,0.31231153,0.0,0.093547575,0.0,0.283975,0.2650054,0.050712615,1.8370291,1.5914854,0.5876732,0.47801313,0.23106506,0.14859717,0.35326335,0.15406555,0.0025533966,0.42219448,0.31021148,0.9897393,0.6179973,0.22611104,0.44534978,0.008984121,0.0011224368,0.026527265,0.030538397,0.042980164,1.0171696,0.12564194,0.35395423,0.35943165,0.08989255,1.1562254,0.019139877,0.7674126,1.5213028,0.33726302,0.002676514,0.14155796,0.71563137,0.006862713,0.2681781,0.0016064395,0.0034251115,0.49266893,0.3460916,0.16133502,0.08618644,0.11148127,1.7995366,1.7798854,0.52249235,0.0,0.0,1.0087647,0.041235365,0.022785798,0.2327183,0.11916364,0.35535857,0.8826146,0.0,0.73656976,0.7983143,0.12761973,0.3613355,0.17007086,0.48838997,0.3046159,0.7213768,all_pothole_images\pothole_images_new_image_130.jpg
0.6316515,2.0158274,0.40120724,1.221311,0.87466735,0.23848626,0.35205573,0.0,0.04606376,0.5109401,0.32783914,0.036713846,0.7872536,1.0500021,0.11674936,0.030450568,0.4334962,0.3783606,0.07314417,0.4505609,0.07953251,1.644307,1.3232485,2.2144716,0.22727641,0.3994119,0.3471535,1.3921968,0.034190312,1.6700686,1.626687,0.11191153,1.4686016,0.4038255,0.9266276,0.18762857,1.7011203,1.1625636,0.056566555,0.06342483,0.10558009,0.44957384,0.9784208,0.92585236,0.86475176,0.40499616,0.12923963,0.4362156,0.3870465,0.013416642,0.7758047,0.36358717,0.34338498,0.07385777,0.0,0.99037194,0.87668926,0.06730265,0.13065426,0.48635083,0.0018983986,0.12694551,2.2716062,0.7602298,1.5403789,0.32085508,0.050120056,0.04942576,0.018257668,0.51260096,0.1157568,0.59339494,0.35758165,0.6333642,0.0756282,0.7254884,0.25282243,0.21495661,0.0,0.2842571,0.6283721,0.83671826,0.18002993,1.677268,0.4894817,0.74341744,0.120755784,0.060157686,2.5317142,0.28933933,0.20826888,0.36206442,0.76790667,1.1585124,0.0,0.0,0.7676387,0.18811706,0.9335482,0.5381173,0.12304246,0.8617084,0.911013,0.33564976,0.4707529,0.0027023423,0.45704973,0.5602182,0.20806612,1.0646493,0.11279082,0.52882195,2.1360784,0.24849942,0.0640583,1.9312165,2.2905593,0.077812135,0.09927516,0.20136034,0.14110269,0.20620461,2.1365159,0.3145509,0.44279003,0.3614681,0.30079848,0.08218054,1.3832656,1.1184425,2.0930738,1.473075,0.41621962,0.44351354,1.2458755,2.2028534,0.39684552,0.54182,2.160348,0.31738672,1.1102515,0.06921436,0.3041709,3.032351,1.4528328,1.0104581,0.0,0.06893353,0.1356477,0.558923,0.116331294,0.057988264,0.3284761,0.29354852,0.46815956,0.80540425,0.07246794,0.0397961,0.0012433704,0.3661429,1.3331784,0.6240477,0.35953405,1.2776104,0.41657284,0.053964537,1.3331726,1.7517846,0.5261282,0.4414575,0.6373582,0.56546086,0.3102991,0.52050257,0.27191412,0.5460252,3.3836377,0.42307982,0.2806414,0.5125385,0.08130989,0.56562656,1.6728064,0.14684801,2.8343582,0.07979862,0.63614744,0.047484294,0.051898375,0.23814648,1.112265,0.36292446,0.40460345,0.75144815,0.16881478,0.22174084,0.42562935,0.21357317,0.096868955,0.883446,0.35306752,0.25719565,0.23071952,0.8777897,0.34440267,1.557401,0.32096174,0.37308407,0.26025045,0.058432907,0.62330943,0.774268,1.0748758,0.891503,1.2414205,0.22494729,0.78689146,0.7520783,0.5276349,0.21890691,1.6281056,0.18643147,0.39177758,0.11923533,0.0,0.16825578,0.9136009,0.045012604,2.2729838,0.115918696,0.2507291,0.71194494,0.39814278,0.1451167,1.2426305,0.26257107,1.8436449,0.7188643,0.50963706,0.15522741,0.3395809,0.37817323,1.1017992,0.17977712,0.28229564,0.009542935,1.3598192,0.6011171,0.9831781,3.3272185,0.36640012,0.10169662,0.49000263,0.9850412,0.0,0.25438637,0.9232105,0.3310021,0.017459685,2.3936303,0.9305061,1.8946351,0.23608278,0.0,0.230756,0.20459387,0.19380431,0.3281246,1.5592642,2.221606,0.05453414,0.08893288,0.67596066,0.1608232,0.5759007,0.3403403,0.1968645,1.2289207,0.81237775,0.75064445,1.0779918,0.18315674,0.41598806,0.03424394,0.4324744,0.50216913,0.14889106,1.7542974,2.0011728,1.0189481,0.14603387,0.35302275,0.16787925,0.3924692,0.76985013,0.10456147,0.27268997,1.1511302,0.12705585,0.786131,0.20984805,0.46410874,0.0021869664,0.085715026,6.4436183,0.21148668,0.2510442,0.4023215,0.43634847,0.15545242,0.14574032,0.6587447,3.0675478,0.5404853,0.09486644,1.2054176,0.01524464,0.95219076,1.8029749,0.8379472,0.011092064,0.4089538,0.107704334,0.74145335,0.6847817,0.14122449,2.2126367,0.63213855,0.23148257,1.2043048,5.776352,0.25485933,0.1749718,0.91157484,0.60185075,0.6919374,1.7254776,0.89786386,0.37528586,0.052364882,0.44436166,0.9985788,0.46915442,0.08963175,0.14018679,0.01835474,0.67781633,0.63371015,0.8438567,0.69927293,0.3473365,0.45879224,0.0,0.50099957,0.45972666,0.0,0.33536407,0.58796763,0.017044704,0.0,0.32435405,0.46617243,0.37509364,0.24391076,0.02568872,0.12893775,0.47352374,1.8596829,0.32052714,1.1184509,0.68189836,0.49820125,0.9720566,0.109584205,0.60850334,1.4626516,0.3659771,1.0626612,0.7093226,1.2138013,0.61714053,0.27621183,0.09147327,0.48839265,3.3871007,0.49591598,1.3907428,1.3270441,0.002037591,0.43721753,0.3073946,0.29026487,0.03646779,0.022409908,0.19415069,0.69801056,0.20852451,0.18322113,0.34784153,0.31376964,2.1658268,0.44761282,0.014311219,1.6692828,0.347221,0.39791512,0.5245272,0.43306533,1.5495864,0.83256304,0.14891131,0.15326564,0.0,0.35767046,0.20657411,1.4733301,0.019247757,1.3111869,0.4641954,0.0015537846,1.2167826,0.35716963,0.70151776,0.5427157,0.2611584,2.3007212,0.21210487,3.2838109,0.8070705,0.032825325,0.4383241,0.450306,0.022363298,0.16488764,0.00565634,1.1946216,0.2624666,1.3016659,0.7835353,0.19545314,1.1959895,0.07793625,0.36085832,0.37469548,0.06880334,0.43975905,2.0368009,0.1714682,1.0493301,0.42474812,1.7848756,0.52937764,0.0032551487,0.41124704,0.6075295,0.19271605,0.42014453,0.29931742,0.14417405,0.055960756,1.2943476,0.74218017,1.4270921,0.039022624,1.2503861,0.027551733,0.099599056,0.06475229,0.11354243,1.3008206,0.803349,0.5942495,1.4578136,0.55244,0.29446188,0.1556053,0.18636703,0.02654132,0.86306894,1.3681691,0.23355173,1.507625,0.347634,0.5222992,0.11300567,0.6765542,0.67652696,0.78254247,0.55733013,0.16646543,0.089832984,0.3972084,0.57790416,0.0039521935,0.22667052,0.011129762,0.26020774,0.16571745,0.18055467,0.26061055,1.275364,2.1294868,0.17204285,0.6589083,0.24444093,0.34056306,0.5300922,0.7328754,0.15239015,0.8057923,0.103643514,0.1684645,all_pothole_images\pothole_images_new_image_1300.jpg
1.3750631,0.8527802,1.4118481,1.5001903,0.0130716,3.2529714,1.2395344,0.6808023,1.8014421,1.1436827,0.19415928,0.37326628,0.15085049,0.11522505,0.77283025,0.09707705,0.1220851,0.44840205,0.34620327,0.7745247,0.2985668,1.3478994,1.0705403,0.71709526,0.3126949,0.26363388,0.63010126,1.5236919,0.011855775,2.2867556,1.4017738,0.49420828,0.71460146,2.8348045,0.03404346,0.5834713,0.19174685,0.48593643,1.8918933,0.894067,2.6924381,0.9202093,0.009156594,0.018612562,0.86606115,0.07794222,0.5357101,0.19289051,0.364082,0.27202886,2.3415725,0.6134589,1.121426,0.6087361,1.5035089,2.6589854,0.29314718,0.40967777,0.87054175,0.33486506,0.34943518,2.2865024,0.68039495,0.41346243,0.32377905,3.2838807,0.42543074,0.62917316,0.6793488,0.8350207,0.19203104,0.7764931,1.3948473,0.2735823,0.15170701,0.17296211,0.6164932,3.3811269,1.6159378,0.37620625,0.35934252,0.49391195,4.1607933,2.315013,0.35321102,1.5946229,0.65485364,0.5198823,2.9922876,1.462998,1.3706212,0.23036416,0.4272239,0.54885596,0.6564749,0.004690357,1.4472603,0.08133273,1.3624437,1.2139342,0.3097779,4.3084164,0.7872859,0.98635185,1.3503032,0.6810952,0.60724944,2.7836552,1.6351514,0.7694402,0.3560928,3.17989,1.7102895,0.8095136,0.05348324,0.49798027,3.4926524,0.830746,0.68883526,0.94244653,1.315448,0.18910083,0.5378101,0.063727535,0.89035344,0.30202058,0.8387058,1.8253311,0.23793866,0.40644905,0.014304721,0.1870875,0.74567395,0.35829556,3.2502015,0.74902785,0.099845424,2.1395903,0.15383407,1.4895041,0.7789869,1.9660014,0.8021047,0.38231584,0.5192249,1.4881958,0.15416892,2.968133,0.57128954,0.19163878,1.0267475,1.2758137,0.8820169,0.992145,2.4817786,1.1038852,0.4363354,0.2553453,0.006282316,0.15421158,0.8052885,1.5264584,0.2620147,0.100534245,0.18790747,0.5863015,0.41310644,1.4349986,1.2936794,1.2202513,0.5010503,0.31233788,0.03620239,0.0050301845,0.7882402,0.2791766,0.98143333,0.1321371,0.7556527,2.4007642,0.5814376,3.7337408,1.4780569,1.2191603,1.649494,0.6070081,1.3839722,3.5273116,0.526772,0.9654602,0.12445018,1.766792,0.0,1.8712878,0.13169235,0.0,0.86829233,2.4670858,0.6193136,1.1658524,0.47706634,0.65572864,3.283239,1.8632209,1.1338356,0.7218773,0.47687,0.9231275,1.2914321,0.34367386,0.40197486,0.28130797,0.70612955,0.42198732,2.1934443,1.3119396,0.0061973096,1.151535,1.9415563,2.5197992,0.8063116,2.2544923,0.5749261,0.26593655,1.5636469,0.63360083,6.690412,0.09955079,0.65980226,0.03241791,0.9058216,1.0612983,0.08035216,0.40587717,1.7213063,0.17670716,3.0784945,0.036740944,1.713506,0.19533248,0.67882234,0.9686231,1.6352196,0.13007948,0.60125244,0.719862,0.14747368,0.7433652,1.02934,0.8766217,3.2177184,1.7908471,2.7415884,1.1530073,1.2514544,0.058738567,0.13854377,2.0146992,0.6151344,1.1842978,0.40803528,0.9886195,1.257787,1.0250919,3.5701056,1.5144198,0.35332376,0.2151502,2.2476406,0.24396954,1.3017782,0.0030184838,0.0022919828,0.3051915,1.3025427,0.45289713,1.0657216,1.6428416,0.852336,0.9437393,0.0,0.19858724,0.0027301463,0.6142769,2.4075184,0.39579,0.14951351,0.22413707,0.6417802,0.53817034,0.08762558,0.32931292,0.8102919,1.0383973,0.09142755,0.16979653,0.3453746,1.7910804,0.31584072,0.16146316,0.014665231,0.9408263,0.35143477,0.3688102,1.175775,2.114593,0.04730705,1.729587,0.10129827,0.262356,0.29189172,3.0009136,1.2317954,2.7081993,0.5122902,0.74550486,1.5232261,0.72788364,0.7815578,2.2477598,0.7215409,0.4674392,0.019623725,0.1521855,2.588266,0.060424384,0.14146593,0.011058235,1.2289692,0.7768266,2.2384443,0.9470872,0.06689792,0.03447356,0.0,0.28778774,0.5344482,0.7932692,0.09008764,0.3487281,2.1017091,0.53214574,1.9862864,0.04333759,0.32050934,1.5522896,1.8835948,0.2364305,0.33362034,0.5917494,0.855278,2.132441,2.0261636,2.765047,0.99643224,1.062795,0.57099867,1.6010677,2.1573715,0.6095437,0.0021238737,0.0,1.6974596,1.154621,0.06152964,1.8808947,1.0495865,0.060648393,0.7999564,0.35981387,2.995556,0.12566048,2.6589074,0.37163225,1.8742635,0.07516099,0.32017544,0.26626924,0.5495339,0.87616843,0.2796546,0.42942622,0.443211,0.72137094,1.5554694,1.0797176,0.2795129,1.6346198,0.76624125,0.014478396,0.07536851,1.7929332,0.28280237,0.42247218,1.2397176,0.14205469,1.8978411,0.27862358,0.5707034,0.82369214,3.2521539,0.5771624,0.941997,0.55436,0.76992404,1.7895647,0.843151,0.14280818,0.014147676,0.17741078,1.0588348,0.3747778,0.45374882,1.0788974,0.3552442,0.11689388,1.024227,2.654306,2.015718,0.16960965,0.77163744,0.00084525376,1.3472002,1.3578995,0.97225964,0.1476896,0.33633423,0.5619688,2.8933823,0.73451203,0.785232,0.23963216,0.031060562,0.36025614,0.24798973,6.2652736,1.0586562,0.26930866,1.1279663,0.92662114,0.1867691,1.5370038,1.0474967,0.26403147,1.2885141,0.16420239,0.34365785,1.4883049,0.041305058,0.43657544,0.367281,1.6396166,0.25983214,1.5776149,1.8995692,2.1459477,0.6567492,0.47760615,1.0720787,0.8453975,0.09715281,1.6881014,1.3667777,0.9902424,0.57102484,1.8170773,0.10795554,1.2043092,0.8299952,4.2127905,3.5754983,0.4899145,1.4611608,0.24943969,1.4598124,0.7419539,0.4777043,1.9485953,0.6857633,1.1387072,0.12254032,4.232307,1.7864112,0.49251118,0.5218951,0.8053577,0.9433673,0.1534329,3.0988464,0.048109036,0.10083279,4.1532135,0.48306397,1.2797179,1.9555554,0.18298705,1.3728108,0.043550834,0.14406799,0.004825978,0.08621389,2.1226788,1.9617611,2.5022345,1.6984538,2.657061,0.5358122,1.1970599,0.9347926,1.3244697,0.26917183,1.431692,all_pothole_images\pothole_images_new_image_1301.jpg
0.14794388,0.73045236,0.098351985,0.39176482,0.4002358,0.04454449,0.28390747,0.94334364,0.0,0.0,0.072604254,1.7462679,0.6624016,0.7347851,0.32054695,0.2767411,0.07886051,0.0758353,0.4785464,0.023673737,0.7211742,0.64254266,0.009375332,0.21683814,0.28356785,0.18291734,0.5945677,0.4552496,0.78650945,0.1998469,0.57521856,0.23119615,0.9082115,0.19814849,0.105054855,0.0714614,0.046556797,0.34910214,1.081897,3.4718184,0.16558863,0.57964045,0.04207499,0.089015044,0.04392902,1.4913454,0.6836872,0.00916846,0.41501656,0.30862007,0.12398693,1.0177195,0.36308685,0.52482516,0.010182674,0.4809835,0.33480608,0.14936908,0.30718544,0.3638469,0.26479816,0.07572381,0.3888904,1.7852362,0.31427962,0.626711,0.03592635,1.0790951,0.19663617,0.045135584,0.08597766,0.81402135,0.39078605,0.796037,0.02243565,0.4904567,0.04281464,0.08786866,0.46786422,0.04006847,0.598919,0.18867253,1.3029964,0.007896327,0.5499173,0.0,0.0012203375,0.5542216,1.4519746,0.0,0.5305405,0.60694325,0.20562413,0.68291676,0.05956383,0.3559897,2.3275237,0.26573157,0.12619412,0.0,0.5364454,0.46391872,0.44021657,0.027940715,1.1751583,1.9499471,0.0037998373,0.44011822,1.2578791,1.1923875,0.39414456,1.1923748,1.152834,0.59584385,1.870124,0.86728704,1.141052,5.4979143,0.77471894,1.4501202,1.2592798,0.012277866,0.15139347,0.57584745,0.7436709,0.2810651,0.3423373,0.69800174,1.0705872,0.02059212,0.32419395,0.28354064,0.17879182,0.4374043,0.0,1.2517445,0.0,0.18397203,0.00085884635,0.0,0.2546657,1.5223358,0.03220092,0.59157103,1.2898533,0.7748762,0.34634152,3.127447,0.5535884,0.58281434,0.3681847,0.14744782,0.18140404,0.09295193,0.4384236,1.0195258,0.058517434,0.58812785,1.0346507,0.20984085,1.24464,0.34655392,0.028776754,4.2734056,0.26285407,0.12214672,0.0,0.015821014,0.079022296,0.4277796,0.6615026,0.5038107,0.80384684,0.3912599,1.2823316,0.32166937,0.20117845,0.2411995,0.07141036,0.09885556,0.08021572,1.233987,2.697491,0.9393239,1.2323819,0.09662419,0.48755738,0.038673002,0.49567395,0.23678572,1.3302482,0.0019356986,0.4984017,3.1771345,0.91539246,0.035114463,0.0,0.84402776,0.15379634,0.6693572,0.88877493,0.44950858,0.5354123,1.1010216,0.6221268,0.5448299,0.69726133,1.0184368,1.0894319,0.21935758,0.10038491,0.342124,1.0350857,2.4097264,0.26661512,0.14509448,1.6211482,0.89163536,0.08765851,0.005284354,0.0,1.6377003,0.2034886,0.5659546,0.42112598,1.2478892,1.1641018,1.3233403,0.05072353,0.63027525,0.5215302,1.782983,0.38149709,0.40832904,0.3003105,0.97224283,1.1193721,0.7204245,1.1594377,0.034850873,1.2235322,0.121693596,0.121049896,0.0063145864,0.49285614,0.32029432,0.29420507,0.27797785,0.1502963,0.053234607,0.70518184,0.18415073,0.58516645,0.742926,0.8443686,0.9796695,1.1154151,0.7955633,0.5821052,0.09027097,0.046985853,0.5440598,0.22767642,0.22615325,1.0789573,1.8197938,0.098788224,1.1408769,1.1575296,0.5073974,0.09894267,0.012096642,0.19379418,3.9127982,0.5769071,0.794865,0.66628903,0.78297126,0.08319367,0.24952962,0.4095556,0.27957383,1.5478954,0.018904181,0.037125412,0.49383917,0.0,0.36036706,0.41540393,0.50724345,0.81691897,0.28638002,0.7019722,0.34402534,0.009458121,0.57475036,0.06178707,0.23642927,0.8999167,0.1510934,1.7884854,0.11072747,1.187784,1.2396283,0.3513335,0.0,0.017395742,0.6991352,0.17312825,0.17201939,0.3453781,1.3266189,0.19440259,0.17617899,1.3671671,0.1795484,0.20519888,1.208813,0.0,0.66059124,0.3357206,0.23612061,1.0581127,0.047322594,0.54050446,0.23308457,0.0,0.009868967,0.57441574,0.09249598,1.2400205,0.8070455,0.5375407,0.12168711,0.82005703,0.13431962,1.8802183,0.030657262,0.750717,0.040237732,0.28847456,1.4582663,0.24956235,0.9595217,1.0673434,0.2759735,0.07295394,1.2570754,0.3569575,1.234603,0.56994885,0.21971653,0.8585532,0.043217104,0.14928046,0.46185562,0.12585512,0.003074739,0.48030183,0.16557738,1.4200691,0.714755,0.5990278,0.5835548,0.010356867,0.054745346,0.49523124,0.2530106,0.07454049,0.012046158,0.184685,0.25270855,0.2112207,0.6281352,0.7290654,0.067102194,0.65225613,1.7735244,1.677726,1.8714813,1.7866771,0.008620485,0.42823565,0.68190634,0.6886388,0.051124178,0.889043,0.380106,0.15006869,1.3638281,1.3647273,0.8490598,0.087654814,0.3845904,0.9904567,0.082123734,1.3825129,0.61154157,0.087389804,0.0,1.1286227,1.7736298,0.18208513,0.96572393,0.17264545,0.57631856,0.21269354,0.06503934,1.0596976,0.35389164,0.8059761,0.17056555,1.3866029,0.16119361,0.04154763,1.8918924,1.7176294,0.16697003,0.25425267,0.0,1.6326874,0.24615486,1.0154512,0.008920254,5.069396,1.5089335,1.2337443,0.009954159,0.46391168,0.9095152,0.059322968,0.1430997,0.2546381,0.8841068,0.6809383,2.7214196,0.21423723,0.21703525,1.0514004,1.8746309,0.6914229,0.5089447,0.27744406,1.5511587,0.41421068,0.5104201,0.115784965,0.78098655,0.08835613,0.8070136,0.4812827,0.17161702,0.470144,1.2431619,0.23902932,2.2314,1.3136318,0.34039804,0.35492644,0.9311006,0.08603652,1.2318459,0.23456027,0.69353104,0.5965874,0.35640514,0.19123109,0.049363647,0.14785804,0.39447224,0.23730014,0.3945364,0.075901195,0.7439508,1.3920059,0.10038836,0.7375792,0.41308278,0.41650334,0.9913249,1.7323194,1.1976999,0.4915286,0.57483643,0.5444531,0.17533353,1.2285796,0.7789879,0.5107164,0.19086927,0.2395654,0.5267081,0.01861753,0.14796057,0.43005207,0.05919646,0.64781284,0.3746242,0.18304972,0.48886362,0.19961077,1.0023999,0.08759864,0.44140238,0.016952267,0.41125804,0.0,1.473104,0.07004866,0.26084226,1.7304018,0.29459926,all_pothole_images\pothole_images_new_image_1302.jpg
0.6001772,0.13326743,0.13271242,1.1241943,1.0892187,0.7357789,0.3107493,0.03615756,0.058680493,1.6776257,0.43568996,0.5486991,0.304682,0.9396154,0.06534469,0.4849144,0.035484422,0.19895421,1.6240115,0.0072604744,0.7780084,3.3160539,0.32566556,0.6973643,0.34786922,1.3649454,0.29695934,1.8254036,0.49850795,0.07134455,0.37289923,0.874064,0.717691,0.008554233,0.13110422,1.9313731,0.84837776,0.5527194,0.115571134,1.3157865,0.25614285,0.10433116,0.4997185,2.066665,0.04128774,0.048202172,0.87918305,0.1278269,1.3636805,0.5444227,1.3050206,0.6620318,0.6582982,0.21981125,0.76703894,0.5461154,3.419421,0.0,0.22661203,0.5722817,0.028406719,0.9073279,1.5028796,0.28869033,0.9194616,2.8031073,1.3078905,0.38182512,1.2680639,0.06579367,0.054128807,0.5844007,0.001775645,0.71061075,0.24873595,1.3638046,0.22441635,0.13859227,0.33292302,0.3345635,0.054129455,0.044331856,0.8588146,2.3415387,0.2874882,0.0077289185,0.54750973,0.32105768,2.8942964,0.22635673,0.7272348,0.031957485,0.0,0.12835473,0.1096442,0.0016438788,0.79789186,0.8794725,1.6013659,0.34711716,0.15056543,4.294808,0.78217095,0.12415594,0.36857617,0.18274565,0.07530144,0.8067851,1.2147363,0.69512683,0.083759286,3.6824913,0.41457626,0.305625,0.6461825,0.6186062,1.8974118,0.35987955,4.474731,2.5929875,1.906776,0.9353399,0.2608783,1.1449827,0.04052087,0.20726503,0.31723848,0.96373546,0.22438914,0.029828437,0.0010351315,0.14098392,0.18781932,0.18716076,0.0482251,0.29342148,0.018828906,0.29512557,0.424568,0.5278115,0.24155541,0.2516051,0.20520447,1.0099319,0.093706004,0.9354869,0.095961414,0.13295415,0.9720889,1.1986523,0.75854474,0.53274614,0.18000726,0.33732268,1.4522437,0.94734037,0.059695896,0.93236554,1.4376705,0.0143583305,0.17905444,0.028382286,0.1880525,1.7837244,0.061493907,0.4175137,0.34882483,0.5060423,0.713365,0.20073847,0.24724633,0.14741433,0.35867473,0.037003946,1.2520115,0.059712037,0.43920505,0.02763894,0.013368535,0.042077396,0.20199838,1.5355119,2.1219094,0.6338383,1.1365905,0.67399704,0.51152,0.77124363,1.0402938,0.96078956,0.07036069,0.009266078,0.31139666,1.9553965,0.27802023,0.16260535,0.29077998,0.3872068,1.1973537,0.28237265,0.08972928,0.5513286,1.0978688,0.6691348,1.8402647,0.032005772,0.13748531,0.23107398,0.35081917,0.23834006,0.18398534,0.33657026,1.3400788,1.5900093,0.32808787,0.19755764,1.1289397,0.094102316,1.9506421,0.07075673,0.6610555,0.23344831,0.560416,0.829791,0.5410539,1.0340135,2.6739097,0.35562035,0.49053764,0.18565726,0.18466155,0.19849548,0.92397666,0.049438156,0.3212497,0.09261169,0.6519087,0.13466167,0.0,0.008086199,0.53655505,0.3804094,0.005705949,0.23667686,0.27558076,0.020214994,0.595639,0.42200032,0.854992,3.3322225,4.8299704,0.2335562,0.34832984,0.15237314,0.28631458,0.83562475,0.93726677,0.6117337,1.8367566,1.8611406,0.20158967,0.0,0.27735794,1.906898,0.8302097,0.42602274,0.09170812,0.21991733,0.02996274,0.21831547,0.15336297,0.5047992,0.0082982695,0.43499762,3.2323325,0.86962456,0.9886188,0.2102073,0.47206956,0.41271552,0.6471568,0.32952887,0.05275171,0.15063365,0.34204367,0.22281316,0.5174705,0.87029314,0.16137314,0.41996717,0.66509813,0.3538663,0.070989445,1.9238706,0.0033853196,1.4538941,1.0563622,2.0710213,0.25482118,0.77837217,0.18839903,0.67371136,0.14947213,1.0612147,2.5430236,0.96785915,0.27120999,1.2693708,0.031921245,0.43353963,1.7492026,0.48162442,2.0709891,0.8630582,0.29722035,0.5191147,0.43208414,1.7722666,3.300573,0.3373331,0.24789378,0.48568428,0.2215443,0.013033538,0.46734524,0.3442527,0.17193489,0.2278405,1.2841542,0.31064075,0.16550909,0.6544591,0.14470719,0.45634353,0.010663414,0.6981288,0.85883075,0.2382692,0.053812154,0.13693728,0.287402,1.0945549,1.8033618,0.05516146,0.47998708,0.15919507,0.2899625,0.16302796,0.64650697,0.7078652,0.7989149,0.06491564,0.20219478,0.084258,0.3281412,0.3723992,0.2161323,0.82202506,0.62736523,0.7099854,0.00713785,0.0069592088,1.2923068,0.18794505,0.29847527,0.3206609,1.601383,0.7932358,0.07704821,0.022513798,3.02427,0.016768817,1.5972605,0.06400002,0.7775824,0.34802672,0.4767048,0.12828816,0.0,0.4698632,0.17695835,0.0,0.37929994,1.7149837,3.2670789,0.69321805,1.8757968,0.0,0.998668,0.9277479,0.96636707,1.4425946,0.11816422,0.3895313,1.2031528,0.0023320026,0.46097705,0.022773815,0.026882414,0.06419391,4.739465,0.5893668,0.37325293,0.27201772,0.7257546,0.03945125,0.15458484,0.96187884,0.16775724,0.05667371,0.31005457,0.78849244,1.1917386,0.51560205,0.60483974,0.05875305,1.3791621,0.45841053,0.56725407,0.085975215,1.5220782,0.9840427,1.735305,2.0813708,1.4448829,0.10346152,0.082678,1.0358756,0.01914947,1.0977043,0.25865558,0.0,0.050896294,1.3477404,0.32257053,4.0909715,0.95263124,0.906702,0.16615392,0.16588156,0.22412206,0.8890325,0.44444,0.73397195,0.77100426,0.025215868,1.7025036,0.04294669,0.080054164,0.695975,0.27043137,0.72994924,0.30312136,1.3696967,0.42084688,1.8147624,1.9289659,0.7361162,0.4085268,1.0017867,0.28193712,0.21669833,3.3650777,0.0,0.8448523,0.86472374,0.047437325,0.26999247,0.16214857,0.08658134,2.4169323,0.5319517,0.31112003,0.5168226,0.6896226,0.35290325,0.14610443,0.4389541,1.1824319,0.3996936,0.8084666,3.6015422,0.6112423,0.09329866,0.03626221,1.3563303,1.8253835,0.06342768,0.5603845,0.08611566,0.5665751,0.6784263,0.12681626,0.07195183,0.30288473,0.60187757,0.69268465,0.15677428,0.23980284,0.40988764,0.28405392,4.4582763,0.59855324,0.04819422,0.94496244,0.99200135,0.0,1.0011563,1.3610555,1.0415863,0.1881281,0.6480197,all_pothole_images\pothole_images_new_image_1303.jpg
1.1462622,2.0746908,2.581586,0.14892045,0.24076882,0.072625265,1.1216927,0.050837014,0.13207825,0.83830243,0.22706726,0.36602724,0.16912419,0.29005018,0.4138751,2.0773485,0.26292983,1.0980513,0.3837139,1.4026557,0.29273048,2.210334,1.0558752,0.6083594,0.5163359,0.3767233,0.13351813,0.3506709,0.096842416,0.60581446,0.44379425,0.07700107,0.0,0.3236024,0.44769275,0.17249154,0.46987012,0.5225859,0.6634349,0.19261211,0.025998373,0.04542659,0.24956442,1.9686154,0.2593273,0.93625146,0.27875397,0.122748256,0.279689,0.30226484,0.46260515,0.34062028,0.31700113,0.48088202,0.9164285,0.4825974,1.0330584,0.11562555,0.7220044,0.39214343,0.35462424,1.6866646,0.8361114,0.17509349,0.16331606,0.86537653,1.3244189,0.4741215,1.0027165,0.28699926,0.14906514,0.47769856,0.76800793,0.056073118,1.0282533,1.1140971,0.728898,0.07258418,0.9028199,0.5489034,0.47034818,0.07410467,1.6011881,0.09400858,1.0131528,0.7300889,0.14777784,0.31225857,1.2821448,0.29134867,0.5650644,0.07053752,0.7015448,0.3151974,1.3005223,0.03644324,1.5031161,3.5975444,0.885105,0.51628906,0.6537697,0.0004895616,0.31956863,2.0930307,0.32861587,0.79149777,0.41577303,0.4111887,0.10748396,1.0372341,0.16507703,1.3189586,0.3406895,0.9588218,0.0,0.21327391,1.5409994,0.5496877,0.7267186,0.46306866,0.6107118,0.43355662,0.12074612,0.66138124,0.34559226,0.98097414,0.31300586,0.16569531,0.15077485,0.18502694,0.4056196,0.79887974,0.7321766,0.017884653,0.13628553,0.60064965,0.18226136,0.09207632,0.3767947,0.016470097,0.5089509,0.3790673,0.9018893,0.28769824,0.38794193,0.14006177,0.70252115,0.016581267,1.0611801,4.1496243,0.26432955,0.4099694,0.012124706,0.40322065,1.2519807,0.031112358,1.4994884,0.3603103,0.876777,0.477643,0.82844627,1.1597427,0.64542425,0.38558337,0.0672233,0.22155064,0.8033478,0.47416854,0.4570799,0.5689223,0.3523456,0.34438354,0.059954423,0.20719038,0.3538176,0.0708703,0.35042045,0.6281106,1.3420956,0.32561827,0.08625944,1.1376693,1.8329757,1.2113864,1.2015246,0.66054237,0.8645077,0.78579533,0.26393077,0.57476795,0.10927195,0.068410814,0.504119,2.8077824,0.08311807,0.18685839,1.0771496,0.6444067,0.4115111,0.33059812,0.28739876,1.2494178,1.1933033,0.43371442,1.6259812,2.9273558,0.23603328,0.34499884,0.37089282,0.7653058,0.09429366,0.48514953,0.5612412,0.83013177,0.09655232,0.31470278,0.54025924,0.19148505,0.6206684,0.3488297,0.19233254,1.4512213,0.33236924,0.65951407,0.6844431,0.89238906,1.6619315,0.19847503,0.06975852,0.4186427,0.40830415,0.7338839,0.22133443,0.2283128,0.04196819,0.3381659,0.124377094,0.4514141,0.24634025,0.07417674,0.0,0.55783117,0.72568417,1.0574726,0.040210012,0.039490446,1.2991201,0.26453894,1.0261523,0.14498493,0.51338935,0.1661576,0.81515175,0.21866602,0.20747197,0.90565264,0.0,1.3550634,2.0399091,0.06932575,0.31720823,0.08268523,1.5869188,0.6062337,0.024188716,2.0799801,0.7645532,1.4882023,0.5661555,0.1473546,0.23520496,0.49716675,0.1348293,0.58029425,0.17374821,1.993127,0.38307938,0.11112083,0.88581693,1.0206859,0.15140161,0.4065916,0.4309417,0.5764164,0.75549865,0.10008041,0.084690616,0.3893989,0.2691031,0.14792787,0.98061997,0.87869775,0.1536304,0.9021727,0.19400059,0.17359932,1.7831631,2.2702472,2.4569917,0.52711076,0.032321967,0.92842025,0.017090268,2.123574,1.1024655,0.13145275,0.55270976,1.8543847,1.0528189,0.5636042,0.36321607,0.37323457,5.774642,0.17579883,0.084101275,0.43621996,0.14954862,0.19427879,1.4401929,0.5177386,0.650044,0.63559854,0.27204886,0.16800562,0.14159237,0.40710703,0.04023926,0.024102181,0.6415895,0.83162355,1.1456957,0.09048148,0.34291565,0.08791059,0.56309354,0.36231667,0.8105146,0.17775615,0.09346232,0.013470087,1.0827988,0.62101066,0.5099677,0.30377665,0.8280145,0.37475488,0.01730622,0.1533868,0.040886655,0.42534706,0.005665503,0.3882752,0.9304976,0.2657976,0.13944219,0.07180894,0.33093286,0.90168154,0.4294229,0.6721317,0.39206177,0.039911702,0.0071187764,0.014543116,0.462349,0.0017553543,1.0116243,0.19961567,0.5701142,0.8266659,1.3400937,0.41369236,0.24918023,0.07520083,0.4928335,0.2866456,0.62484753,0.4640291,1.0043966,0.57577395,0.4409095,0.10116119,2.5983317,0.59821147,2.2437763,0.77285385,0.83987916,0.10705371,1.3500737,2.2861907,1.9160825,0.8783888,1.0151664,0.98192,0.97548753,0.15643752,0.23381598,0.38433853,0.8105526,0.44528276,4.0766387,0.3592757,0.3499155,1.5252833,0.0,0.076351576,0.6430413,1.71057,0.21438064,0.3439575,0.17978504,0.3238875,1.2913862,0.42366728,0.47281677,0.54762375,0.2490401,0.075982325,0.25759956,0.14956658,0.22280563,0.28767237,0.30729637,0.44029585,0.059818197,0.36390495,0.54612756,0.57689726,0.21359113,0.38800526,0.67612725,0.3222256,0.67273635,0.7571049,0.6350142,2.77963,0.48161915,0.2846137,0.06225178,0.05429701,0.23481366,0.9987758,0.21543363,0.8473488,1.1528509,0.049116157,0.9150093,0.6427396,0.3016344,0.050416756,0.80539715,0.93865764,2.460373,0.7763245,0.1103331,0.5280788,0.29287067,0.3002589,0.27295777,0.93634295,0.021804009,0.15566412,0.37339595,0.10474559,0.4329305,1.3660535,0.08897171,0.08678037,0.8237101,0.39287204,2.706962,1.5857325,0.22742052,0.6696022,1.2352147,0.41568157,0.38585752,0.82505095,0.29305017,0.40469512,2.840081,2.278868,0.4881457,0.040642586,0.013884523,0.28990412,0.47838405,0.86463326,1.1965115,0.10389818,1.893214,1.6903006,0.397602,0.7143692,0.24002774,0.29685315,0.0443639,1.1005739,0.07710212,0.5647145,0.2250398,1.2548524,0.304276,1.3005947,0.19831116,0.27869457,0.59863544,0.8361978,0.343035,0.72572756,0.33946648,1.1099161,all_pothole_images\pothole_images_new_image_1304.jpg
0.045727108,0.89718246,0.081327714,0.31271994,0.1408282,0.030772584,0.1570463,0.0007469536,0.040129982,0.3213836,0.07982534,0.17498563,0.1296741,1.1995554,0.0,0.33337593,0.051909663,0.053374406,0.21478742,0.083037786,0.011930304,0.5059444,0.8225293,0.052114367,0.20244974,0.42218658,0.06231157,0.7667194,0.008986129,0.058731478,0.3784458,0.2136092,0.31461263,0.77048594,0.02319545,0.7017292,0.24622427,0.30807948,0.8098994,0.15582643,0.19388747,1.2730284,0.3268443,2.0975804,0.23970284,0.0141791785,0.42453703,0.09718055,0.21353932,0.065467864,0.06651974,0.20215386,0.0487696,0.49353525,0.017189823,0.058878183,1.1756839,0.0,0.06183731,0.007986367,0.10860634,0.1427087,1.8235667,0.0038979545,1.2020749,0.3954999,0.7838787,0.041353546,0.016163765,0.11679885,0.26570046,0.0,0.12687212,0.0872728,0.09404807,0.030735787,0.12935334,0.28546715,0.06881469,0.10394464,0.067526594,0.001874622,0.46441713,2.6267133,0.18244618,0.6511599,0.0,0.0038208142,1.4561248,0.26924196,0.11748919,0.14778645,0.0013817406,0.06417957,0.80409735,0.0,1.0409192,0.8718025,0.29252985,0.13070741,0.21354976,1.097637,0.090297125,0.03505106,0.4920577,0.31821376,0.01749578,0.122780405,0.2652444,1.0428675,0.13607982,1.2425948,0.10977241,0.051066257,0.44449493,0.11686161,0.7968751,0.45690602,0.8092352,0.1359366,1.1021432,0.03095977,0.2548049,0.5018007,0.35070014,0.47054774,0.021183355,0.07285999,0.12639306,0.016053004,0.22862111,0.58127826,0.28735498,0.123423226,0.5243892,0.35969993,0.029137664,0.0041311006,0.030571839,0.102435775,0.661274,0.05403793,0.6314922,0.8428925,0.1158421,0.08201962,0.12711717,0.7243465,0.37803593,0.2195551,0.37120113,0.45658624,0.10283172,0.22986095,0.29444787,0.06407223,0.049499907,0.63765055,0.8811552,0.3177013,0.43466753,0.8686964,0.0018742037,2.861295,1.6866552,0.1403899,0.6300195,0.26147792,0.23119304,0.9837888,0.19094416,0.11484609,0.007838452,0.06763068,0.926928,0.04871017,0.4603572,0.112126485,0.040167157,0.4301892,0.01797517,0.6676506,1.460396,0.24856167,1.7517483,0.62301487,0.014765241,0.06590399,0.0,0.6679259,0.4877191,0.079700656,0.8283697,1.517041,0.1867327,0.0,0.8257164,0.61788255,0.3824803,0.11613055,0.06967306,0.15262903,0.64171547,0.5059374,0.18875733,0.29085606,0.021693107,0.036625277,1.6198621,0.58202624,0.0,0.8057621,0.81188047,0.7498796,0.104216084,0.09335699,0.30377617,0.029699923,0.6471098,0.48946208,0.9048813,0.31209466,0.045365952,0.38920543,0.09365285,0.09001099,1.5179026,0.36209112,2.335852,0.11532372,0.5446931,0.1639534,0.292735,0.0,0.37344766,0.20077911,0.9495851,0.35019213,0.046477005,0.026584405,0.045075133,0.3978129,0.16157706,0.6561717,0.0,0.22902057,0.7056047,0.38269415,0.1791293,3.9182353,0.9451913,0.72961044,0.0,0.06577632,0.093589686,0.25847706,0.28668737,0.06800909,0.47185612,1.322447,0.25887108,0.17928648,0.5137185,0.610643,0.12117148,1.5561575,0.1270808,0.8799427,1.2549999,0.047920056,0.023346234,0.0,0.263237,0.16158423,0.45504424,1.7250535,0.22213605,0.7284847,0.24689904,0.116448306,0.38636172,0.860951,0.14198525,0.09534538,0.015258563,0.26257893,0.3284856,0.010896834,0.4835353,0.0,0.0011309794,0.5064594,0.019890487,0.77727586,0.22527488,0.42558175,1.3775966,0.55906934,0.15608011,0.7846161,0.045145098,0.24409391,0.051187422,0.4380727,5.3625913,0.07596192,0.3296008,0.70350224,0.1645014,0.38034362,0.29806927,0.93623924,4.523425,1.7308854,0.47459725,0.68625337,0.042064283,0.5581764,2.8475103,0.27940318,1.019927,0.12971725,0.06620649,0.050077174,0.26968879,0.2289492,0.65911275,0.031895604,0.38183868,0.57075036,2.9176767,0.043462086,0.0,0.33643574,0.4537781,0.036281925,1.0279617,0.13227059,0.4079937,0.00028696778,0.2435723,0.15407945,1.0620371,0.16425835,0.18897027,0.23891045,0.11759568,0.05609169,0.68728626,0.14156252,0.18070334,0.63322216,0.03420401,0.10916837,0.6943375,0.0044629914,0.22240525,0.05081404,0.09242138,0.049540907,0.011872416,1.3302684,0.7751427,0.21896525,0.17359206,0.20975377,0.90949327,1.1591914,0.52952015,0.4236908,0.5004031,0.15402004,0.43418774,0.24186583,0.015682828,0.5004171,0.42188177,0.5812459,0.11161148,0.9624734,0.0,0.07244957,0.18712947,1.5402181,1.3039795,0.11020839,2.1091766,0.16035388,0.02252097,0.34422436,0.47837532,0.55989,0.3915803,0.6375341,0.0005095911,0.7508747,0.10898736,0.864182,0.71269,0.061398532,0.8455768,0.26978284,0.019910036,0.20064782,1.7592928,0.030809132,0.5733742,1.2203801,0.052190922,0.31343803,0.027699636,0.6798056,1.2078735,0.477899,0.30301628,0.0941487,0.4887284,0.3692037,0.4656278,0.04142882,0.2024599,0.28251374,0.25959662,1.2766545,1.1970999,0.1715172,0.8654363,0.14691553,0.22571942,0.006079074,0.86392444,0.8960331,0.08069507,0.65431315,0.15021308,1.3535492,0.22713287,0.35479075,0.055590395,0.1327191,0.15087192,0.15011658,0.024783209,0.0015314571,0.036416713,0.0083103245,1.0435549,0.5882768,0.054417275,0.6430212,2.6718304,0.12176399,0.81165725,0.0726601,0.14763945,0.9526441,0.99378896,0.1338317,0.35626936,0.050279275,0.81080437,0.12978715,0.3178965,0.0,0.35144252,0.5388473,0.5430777,0.0,0.12933084,0.46103176,1.7870363,0.7496061,0.58348113,0.18516725,0.17211471,0.10094644,0.47942716,0.055901296,0.08949013,0.01490429,0.5672396,0.8437931,1.3562968,0.5134477,0.15941451,1.3009726,0.500201,0.23507003,0.031982485,0.14839429,0.119294114,1.8609183,0.12623025,0.09862516,0.025960747,0.10692813,0.26140708,0.16099535,0.030138215,0.19984111,0.09192872,2.2877512,0.22793019,0.19820376,0.23957177,1.4005729,0.19537365,0.46963313,0.372045,0.055209275,0.21265694,0.102574,all_pothole_images\pothole_images_new_image_1305.jpg
0.9873315,0.46546468,0.019054526,2.284849,0.93816024,0.3215202,0.78422225,0.13547286,0.15132502,0.82071304,0.9118305,0.21969855,0.24772425,1.9193568,0.0,0.076200835,0.003867496,0.30395177,0.53043586,0.090583384,0.614781,0.2589259,0.96512365,1.5336411,0.4503893,0.05012149,1.0321311,2.201675,0.15754737,0.2712199,0.63827956,0.14118789,0.47728604,0.34483582,0.28945857,3.0569234,0.5278254,0.6560804,0.66464406,0.16296895,0.2313878,1.2448598,0.39308724,1.040191,0.20550728,0.86056244,0.7738079,0.09818386,1.320102,1.203803,0.95161766,0.38844082,0.19423917,0.06426741,0.18392679,0.6017868,1.154061,0.0,0.40469983,0.4551232,0.66699934,0.08236041,0.42872366,0.18693605,3.7732708,0.3618028,0.12431709,0.72940916,0.07975562,0.3253132,0.11158064,0.24395724,0.3057733,0.14758319,0.5703106,0.0054136836,0.3437209,0.6098721,0.019252524,0.21041527,0.027895937,0.16776228,1.1100378,0.24851204,0.5359513,0.15027706,0.20249973,0.09892907,1.3870469,0.21981548,0.08839636,0.76307255,0.19383974,0.051775258,0.17495151,0.12171975,1.0046778,0.80097586,0.7983828,0.4736472,0.1394951,3.5005527,0.47106823,0.0469775,1.4644231,0.8369006,0.16305439,1.2680125,0.8575222,0.22096364,0.3178702,0.16621752,0.476496,1.3057399,0.79971266,0.47102928,1.1394222,0.2998619,2.6222982,1.3855184,0.73701084,0.7603895,0.7857338,1.2185382,0.12738256,0.6943822,0.28343695,1.6143316,1.0712229,0.29633063,0.024682643,0.08079453,0.87763506,0.3531018,0.22299433,0.96179324,0.32324207,0.6248176,0.13812745,0.070172995,0.673053,0.2946481,1.2138387,1.3113075,0.2679239,1.1680318,1.3540273,0.17691034,0.6318831,0.35353282,0.51796705,0.25723943,0.027706662,0.097207084,2.1786826,0.5495927,0.7319288,0.18245164,1.3091007,1.1046622,1.0011898,0.19408613,0.0946146,2.4778984,0.71505505,0.15562266,1.00925,0.20094553,1.0690624,1.60528,0.28614503,0.029885435,0.03475593,0.71474,0.20797807,0.86678475,0.024133524,0.043508373,0.5428451,0.13005759,0.2563285,1.8572325,0.70113903,0.7507821,2.8091393,0.5568037,1.3642625,0.84017724,0.12196636,0.9405589,0.0225815,0.72360027,0.53749067,1.2467436,0.84032184,0.45971557,1.6773556,0.702743,1.0453949,0.3409315,0.6068232,1.3527715,0.38044083,0.28355724,0.4866941,0.5029971,0.36527014,0.44605154,2.6454656,0.54418844,0.0,0.11595666,0.8410193,1.11672,1.9771619,2.675074,1.0852251,0.13123035,0.37486282,0.97914505,0.54700893,0.014165973,0.11310972,0.037275083,0.0,0.81044424,0.9930302,0.011638817,2.166754,0.5368958,1.2924694,0.057500903,0.23859571,0.34495473,0.44363508,0.09440021,1.5942042,0.4640719,0.116050325,0.34891084,0.11370505,0.054915622,0.021776246,0.39727435,0.36248702,0.3197588,0.47334233,0.5912394,0.31274095,4.077488,0.19643116,0.30605975,0.0039575226,0.86549526,0.07244742,1.540682,0.34852168,0.41556147,1.0500455,2.4333293,0.6174226,0.3240066,0.61256677,0.42536154,0.3915252,0.17680603,0.15879904,0.50705034,1.357126,0.37827343,0.077800535,0.06700906,0.16099618,0.4991392,0.183176,0.33685365,0.67500335,0.13841625,0.8648334,0.20532385,0.43040496,0.31523827,0.6669174,0.30922306,0.0065537365,1.4385366,0.24644737,0.5492767,1.23708,0.60792553,0.09643899,0.14029871,0.12394075,1.978404,0.006384564,0.40635642,0.6716494,0.062646925,1.2057582,1.9908074,1.2843941,0.15570654,0.099412024,0.16950902,4.9489536,0.60166657,0.0032814008,0.024847824,0.079469554,0.68588465,0.29310375,1.5552047,2.22173,2.6788146,1.3068438,0.22264001,0.17793109,0.5863994,1.8165469,0.35083318,1.2231141,0.088522814,0.5279148,0.9001823,0.3387617,1.6706649,0.14801137,0.040126722,0.33871937,0.18792464,1.4980867,0.0,0.066173725,0.03271423,0.5335628,0.00031343618,0.58013225,0.0,1.4148524,0.0012065758,0.80840844,0.25091997,1.4606326,0.5871656,0.8016637,0.64775527,0.34494865,0.22983462,1.2230397,0.28531927,0.7457578,0.26905155,0.18240967,0.13103129,0.5720248,0.3884369,0.12161727,0.5361554,1.557656,0.5285726,0.96046984,1.052931,0.42097256,0.32190356,0.6666754,0.035642378,0.18490101,0.13551998,0.72115386,0.18683363,0.16573958,0.558788,0.3369471,0.48655263,0.37443674,1.2086936,0.42323914,0.0098732235,0.14122024,0.5679719,0.34327728,0.10817296,0.15480334,0.6187521,1.2220209,0.70338464,2.9161534,0.06972861,0.10358804,0.83249867,0.9703715,0.78274864,0.047942065,0.42103213,0.08745969,0.16678724,1.0139503,0.16435471,0.1876645,0.1377689,0.10102575,1.1256589,0.63709605,0.10266349,1.8695213,0.09603747,1.2064624,0.21478166,0.7219478,0.3439718,0.36522463,0.18952192,0.046015438,0.35178792,0.20721515,0.5358634,1.4481323,1.3990098,0.08734116,0.010877148,1.0474901,1.2970802,1.0622741,1.9295446,3.8244624,0.35524368,2.4981148,1.3277735,1.2620889,0.95340073,0.07135611,1.0477906,0.1299743,0.60589045,2.051425,0.9343,0.7820552,0.35768926,0.42159933,0.60654354,0.2267883,1.612197,0.0063407226,0.15828402,0.1317887,0.0,1.2333859,0.4279258,0.57082224,1.6984359,1.6623756,0.48979634,0.54869694,0.2194654,0.55189914,0.21424207,0.96429455,0.12352382,0.52987933,1.1441312,2.8216684,1.0264422,0.5850682,0.1706611,0.15945005,0.18412863,0.006735347,0.013261653,0.75810724,0.6315457,0.5088319,0.42561874,0.084272,0.7725586,1.0740508,0.0014280205,1.444576,0.65030277,0.032959778,0.008379395,0.515472,1.7234095,2.5079987,0.32811093,0.291201,0.06642972,0.38856673,0.076331355,1.1146209,0.4527868,0.4114228,0.7929276,0.28013957,0.31458515,0.054834943,0.0434745,0.057478897,0.24197656,0.06300014,0.5266782,0.14856805,2.6818337,0.1480764,0.13917537,0.23259273,0.50401485,0.018856933,0.099491484,0.2132227,0.29603702,0.31843793,0.6934115,all_pothole_images\pothole_images_new_image_1306.jpg
0.3885882,0.69660014,0.224001,2.9100091,1.6319371,0.54851025,1.3651272,0.23787786,0.06927355,0.39413458,0.037005533,0.100214735,1.6016691,1.9483587,0.12098972,0.24007061,0.15438928,0.74100226,0.6596812,0.057846118,0.5775178,2.102375,0.8278069,0.3173855,0.50719655,0.3595852,0.82485557,0.46657243,1.531235,0.9494195,0.6208263,1.1790402,0.6002985,0.2303487,0.17823468,2.0444329,0.43991414,0.1522945,0.30325165,0.4556383,0.42128155,0.1539332,0.2871745,0.30547488,0.4006951,0.24573518,0.55249596,0.06838423,1.2439237,0.5687421,1.6212968,0.7292199,0.5925679,0.8828667,0.28067484,1.9804333,2.7966502,0.11842723,0.5883991,1.2238904,0.9871281,0.6186756,0.57425016,0.45584118,0.66099906,0.87532604,0.09867458,0.6255924,0.014295564,0.91776234,0.0025092594,0.08370744,0.07381054,0.4976785,0.6109423,0.7057537,0.47381037,0.5307658,0.5134274,0.59851044,0.1402177,0.33059064,0.90868455,1.6618311,0.75193596,0.7613056,1.0721918,0.07109734,2.0302541,0.15763956,0.21524754,1.0645479,0.081414,0.06196291,0.7398022,0.20820497,0.01889272,0.8572294,0.21874714,1.3580627,0.90911084,2.8874593,1.0656133,0.75648147,1.6617777,0.07919575,0.57270485,0.096775986,0.2715137,0.81085,0.89008284,2.6690624,1.40028,0.16362283,0.71254855,2.0331507,0.7406462,0.7270539,3.9525356,1.1497275,0.12335438,0.6904926,0.7123841,0.53391147,0.21870063,1.8505933,0.0,0.1997994,0.24139585,0.08874153,1.5128505,0.54991996,0.47583804,0.4719611,0.21044505,1.5305192,0.594429,0.046956077,0.98262596,0.5216378,0.60840744,1.7317449,0.36182177,1.9037493,0.26829582,0.4568046,0.012786402,0.7195504,0.7812419,0.24907738,0.28336933,0.5845143,0.76560336,0.20298198,1.1626897,0.8865056,0.38834628,1.5034615,1.4016658,0.48130298,0.5855376,0.7223404,0.4390279,1.3457428,0.93613994,1.7718982,0.62877816,0.33201614,1.8934566,0.09638154,1.3536825,0.3044263,0.19428405,1.8812059,0.60759556,0.5988079,1.4946342,0.5140457,0.6266148,0.18979858,0.09550361,1.4364766,1.6756859,0.34802634,1.1579951,0.067588195,1.5167502,1.3594637,0.30351853,1.0877482,0.6240847,0.7657243,0.0,1.163414,0.34499246,0.0475245,1.1398605,0.88905036,0.5421031,0.57871574,0.026616616,1.0017893,0.23204593,0.3603145,0.879222,0.97214544,0.18491898,0.109193034,0.93761206,0.93417513,0.6175241,0.32941148,2.420537,2.3154502,1.1967713,0.96939427,1.139569,1.3382927,1.4233171,0.10233657,1.8543566,0.0,0.7255778,1.763919,0.11626343,0.34310025,1.3755088,0.6356814,1.7609228,0.00073520886,0.009468276,0.81700426,1.0992477,0.62485814,0.9832863,0.13704464,2.023184,0.22054832,0.41330758,0.42929107,0.80250496,0.16555634,0.35894564,0.0,0.021259507,0.4387167,0.77603596,1.2762413,1.0739623,5.2436895,1.8698064,0.47557613,0.7314571,0.85824835,0.21437518,1.3323436,0.97707874,0.20190293,1.2651206,4.0494995,0.1729198,0.94469947,0.6503113,1.1974047,0.87193257,0.23249471,0.5116246,0.027524488,1.406387,1.0852462,1.3112503,0.06727856,0.15334916,0.121701375,1.784273,0.9935984,0.15141687,1.0741538,1.2370247,0.049724996,1.245242,1.2052268,0.24237718,0.6502086,0.429985,0.8180321,1.3935792,0.8552766,2.413148,1.7808822,0.3077306,1.3288227,0.11363825,1.0177218,0.55179477,0.32668075,0.55827737,1.2137716,0.10362628,1.0740983,0.032835364,0.43684545,0.12052828,0.5775993,4.320625,1.1589761,0.87628376,0.14362727,1.0501552,0.5765169,1.6662568,1.2981939,2.5281126,1.7616471,1.3366634,0.36725673,0.03884291,0.58189434,4.9351277,0.3705747,0.3540475,0.93332237,0.1264719,1.292256,0.40028223,1.1263391,1.2004386,1.0139759,0.102193035,0.8432494,1.4619137,0.93396795,0.59360707,0.42819127,0.20979087,0.28849828,1.9230053,1.4169581,1.2501943,0.76954633,0.36928526,0.8199097,0.806974,0.36408514,1.0503429,0.29036298,0.06343445,0.040193122,0.37002105,0.5378715,0.7193147,0.28194213,0.19468883,0.62200516,0.5714219,0.46576533,0.5578159,0.4852575,2.3246303,0.6083568,0.47654638,0.3616034,1.2614999,0.6389683,0.09356117,0.9629742,1.8561976,1.0225997,0.19803876,0.74771124,1.0275819,0.14723665,1.8231417,0.75112665,0.6922391,0.61509794,0.101892315,0.13082126,1.4678154,0.27924973,1.5893184,0.021545162,0.22743486,1.105636,2.6201975,0.13627772,2.62175,0.47148788,0.42064214,0.6947119,0.046356663,2.0437157,0.4675768,0.3904713,0.6564502,0.16823713,0.2935085,0.043335713,0.72359633,0.52608705,0.48242334,0.069484346,0.53520304,0.45655385,0.41490218,0.15892817,0.13745558,0.364776,0.65201336,0.29081395,0.3155088,0.6806357,0.1430663,0.11455985,0.36970383,0.13230272,0.90116286,0.58445966,0.39647603,0.49786943,2.1892016,0.77324444,0.56200445,1.8500948,2.410616,1.9247648,1.0677642,0.6646144,0.9271325,0.5212313,0.8081738,0.76830316,1.1154952,0.09835762,0.0076653464,1.1403464,1.3146843,1.1855648,1.3143872,1.4627126,0.99581736,0.7912928,0.24589656,0.031507663,0.11806935,0.85738915,0.8908224,0.71105766,0.15170865,0.41298196,1.5768541,0.05356933,0.31826922,0.3185895,1.9251144,1.3258473,1.6146265,0.020958358,0.56940484,0.70437753,1.9602566,0.108155996,0.93833035,0.24825379,1.5037122,0.3586234,0.034829155,0.8207311,0.14729792,0.98407245,0.544695,1.3663943,0.26425448,0.4775663,0.807332,0.81279486,0.542552,0.4802672,1.0944277,0.34836107,0.3074055,1.8132719,2.2938824,1.2013499,0.022045335,0.94162166,2.1387303,0.16635379,0.92722726,0.4190643,0.8797036,1.1682847,0.11428224,0.071806185,0.71361464,0.24979493,0.46517235,0.51101005,0.4909825,0.3206327,0.8929428,3.2437637,0.9035601,0.7455891,0.55824083,0.47434717,0.11119726,1.5240606,0.23538591,0.18648873,1.5251566,0.89434826,all_pothole_images\pothole_images_new_image_1307.jpg
0.10687289,1.7659146,0.63467187,0.031276878,1.2895396,0.66684425,1.3561332,0.47481716,1.2761952,0.09383373,0.5570017,0.14886087,1.6302943,1.006434,0.49948204,0.68241405,1.1508247,0.08357554,0.14873254,0.66887206,0.7790221,0.78710324,0.45204145,2.0724187,0.48984402,2.060554,0.19526914,0.93654275,0.35820264,0.3035033,2.4909382,0.8422143,0.35514644,0.10444495,0.59569496,0.5808321,1.485804,0.36127424,0.098963656,0.1335666,0.8294757,0.2854946,0.06529739,1.3341652,1.031622,0.12713222,0.0109240925,0.0,0.15745659,0.6924287,2.7742655,0.29514802,0.8849554,0.9313483,0.9330086,0.06375538,1.8766934,0.17388955,0.78570104,0.7034702,0.36395854,0.1093095,0.9686993,0.89056206,0.3768691,0.15104873,0.571574,1.3747377,0.3956524,0.06997349,0.01490154,1.9562085,0.4632663,0.33534285,0.70520234,2.6342661,0.32062453,1.1630788,1.0353434,0.23669751,0.3924595,1.3705996,0.2281388,0.32718498,1.2838854,1.2517759,0.5963928,0.56014603,5.736967,0.5583973,1.7415535,0.013497833,0.8470259,3.1866486,0.045367535,0.014955892,0.81127256,0.16341987,2.527487,0.020489177,0.13730407,2.0798728,0.17836191,0.22655283,1.6906207,0.7822479,0.15714099,0.29025796,0.35450444,1.0654798,0.54869694,2.6178617,1.0148226,0.72044384,0.19368427,1.1268593,2.920878,7.609839,0.042930674,0.83679104,2.008567,2.3281646,1.1773438,0.49267787,0.97994435,0.715226,0.1877709,1.3437995,1.5291276,0.046703298,0.68392193,0.9554516,0.95429015,0.7148792,0.69553375,0.90534705,0.19761515,0.47520688,0.76867926,0.2859873,1.2231349,0.58432823,1.3982499,1.5381467,2.70859,0.5546193,1.1837343,0.01483727,1.2674748,0.67661285,0.1288951,0.46089134,0.28538096,0.25303242,0.39428037,0.0854673,0.024817657,0.30243576,0.048179418,0.11488301,0.53945625,0.21750349,0.0661174,7.3882403,1.0318897,1.386885,0.9907848,0.062784895,0.3294626,0.21845566,0.8452067,0.3154017,3.1380625,0.53944623,1.6912284,0.13346697,0.6922672,0.58088154,0.24660534,0.36566547,1.0714742,0.72740966,5.007258,0.39739206,1.2797474,0.2564276,0.7548761,0.14718606,0.5836415,0.15465216,2.8383646,1.872892,0.6654168,3.264252,0.51269764,0.749978,0.5470071,0.30885163,0.023176666,3.8199642,0.075508796,0.6729979,1.3927085,0.7998368,1.2407068,0.90968615,1.1146595,0.2870214,0.18049112,0.2684901,0.21142928,0.69033563,1.888077,0.66200024,0.31675977,0.23209263,0.75774366,0.51591855,1.4721926,0.02121403,1.6739031,0.23012194,0.41826507,0.16605237,0.2703922,0.8143416,2.0336173,0.22452827,0.2895201,0.3475628,0.7774161,1.7483546,0.65014976,0.7786174,0.16722012,0.9824557,0.112250015,0.21085899,0.3147453,0.07631642,0.7041059,0.9459468,0.26092324,0.20924406,0.014259286,1.1716115,0.84693223,0.018589776,0.5435961,0.14203069,0.9178341,0.035203367,0.6266149,0.43383458,1.3696436,0.21488082,0.56311506,0.56549394,0.7045533,0.14700387,2.0015612,3.9639237,1.1732005,0.22338848,0.40710387,0.9777973,0.006044649,0.96934646,0.6085096,1.6423767,0.42636693,0.12761144,0.30181912,0.19901639,0.5225892,0.6761111,1.8823482,0.753339,0.08336105,0.53391826,0.10054917,1.9085655,1.4619713,0.6354624,2.2968411,0.9925418,0.09293812,2.1675572,1.8636833,0.19722217,0.37371382,0.5482831,0.6803675,0.37555254,0.23885386,1.3772326,0.52221805,0.29948887,0.18823028,0.1796572,0.4320695,0.34044772,0.2236511,0.6120524,3.4296613,0.3050315,0.042774,0.5863478,2.0183103,0.7038654,0.5635336,1.0813135,2.9121332,0.076994464,0.09262461,0.7124467,1.2675369,0.3743661,0.48054004,1.2245219,0.0,2.095711,0.04340301,0.49077216,0.74625486,1.2545757,0.32481816,0.32982513,0.061236322,2.4957457,3.8528829,0.43699864,0.03175075,0.83473295,1.6487355,2.4031808,0.14051202,0.41945255,0.9251789,0.5464706,2.0197856,1.905194,0.64609337,0.016292954,1.1269426,0.12226623,1.0439409,0.14110349,0.4913039,0.44736493,0.075655125,0.2877388,1.0008717,0.31816685,0.7353094,0.0805852,1.9721588,0.0,1.822365,0.003857107,0.017527312,0.16000856,0.122094415,2.2761183,0.85410464,0.40683606,0.70962787,1.832568,0.44233042,0.02201804,2.4502487,3.4760263,1.3638002,0.85661,2.0075061,2.8607874,0.5254351,0.86671245,0.16628292,1.1794944,0.1113653,0.9974421,0.33832347,2.9119434,0.40096146,0.8499112,1.615302,2.3331535,0.90443265,0.41656798,1.4513245,0.5166188,0.21000452,0.287838,0.035682384,1.3095075,0.22160943,0.76151663,2.0655012,0.024596484,1.510866,0.75476086,0.031538144,1.2094193,0.33673972,0.057614174,0.24886234,0.7559012,0.14540118,2.2626941,0.2407762,0.17825496,0.34088698,1.6645447,0.37516528,0.13144124,0.50787574,1.5600464,0.4817393,0.10960585,0.3232517,2.673818,0.5416583,0.6092195,1.5698516,0.51873356,0.03436479,4.6930714,0.082688026,0.19514276,1.2777412,0.9999846,0.6404007,0.29754493,0.6265068,3.2075608,1.2858418,2.1490405,0.19820265,1.4707941,2.6845295,0.6892602,0.007868375,0.06694143,0.0,1.5882072,1.5515541,0.15037075,0.49816808,0.6614526,0.82934445,1.0236529,0.98357576,0.4201106,0.19811505,1.0351852,1.0680112,0.0016361953,0.7780955,0.3177258,2.180903,1.2651796,0.74376017,0.94047827,2.0353725,1.0837818,1.578113,0.050449293,1.4735647,1.1294068,2.0742636,2.250119,1.1629745,1.0165328,0.29415873,1.557955,0.021201618,0.035431392,1.1275641,0.18472944,0.30925888,2.8481967,0.23506495,2.4664967,0.4005843,0.5668655,3.3582053,0.37145108,0.22254744,0.048010334,0.5215114,0.9743918,0.017294293,0.43080553,0.06122531,0.02828853,0.3455151,0.7589382,0.26491803,0.010092044,1.4172252,0.14437497,0.20572315,0.4472461,0.34618562,0.18973051,0.00047087588,2.6289065,0.027742,0.37460622,0.24733798,0.0324522,all_pothole_images\pothole_images_new_image_1308.jpg
0.53690195,1.3642519,0.4187483,0.5739403,0.25779676,0.6364016,0.37420285,0.25574616,1.3925102,0.032482408,0.5868585,1.6745056,0.59073466,0.037353806,1.2814668,0.21716425,0.2236255,0.10272384,0.34967437,0.16252431,0.74366707,4.376014,4.2893054e-05,0.6429264,0.32143578,0.86054873,0.28920814,3.0730398,0.28851783,0.17039657,1.2834984,1.1522663,0.8824972,0.62069273,0.5874079,0.3767971,0.4244359,1.0706549,0.5156708,2.412767,0.11034678,0.006910661,0.2738933,0.46199661,0.4213822,0.68025035,0.05418999,0.17040464,0.22767,0.044061445,0.3197998,0.43430406,0.3408105,0.89290524,0.12957352,0.84962094,1.5123557,0.43612036,0.4266428,0.40802827,0.10982011,0.2625131,2.2308505,1.1109618,0.6991062,1.6789488,1.0357958,1.0718768,1.3029871,0.20913869,0.99294215,0.4540137,0.87483484,0.8965111,0.5058951,1.5407126,0.17384745,0.42048028,0.11121374,0.011466296,1.6773996,0.7119134,0.07222312,0.45747095,0.9232743,0.62369376,0.7107237,0.22809696,3.1919315,0.20727605,0.15117317,0.17946628,0.1864535,0.7735622,0.80343115,0.2646225,1.7223309,0.90225345,0.48975784,0.6968231,0.3055568,0.52104604,0.8303019,0.96292377,0.14459358,0.7199848,0.15349366,0.97914004,0.28018135,0.89788896,0.38482836,2.089921,1.4485079,0.9211625,0.85540223,0.771367,2.076958,0.42448658,0.54548466,0.39894396,4.6218553,0.1779932,0.2964205,0.65574473,0.06477636,0.33954117,0.83820325,0.092122145,0.5543224,0.58320624,0.7913018,0.0,0.18810943,0.6005792,0.3861309,1.0702932,0.29283792,1.121747,0.0618378,0.04406033,0.023249554,0.3525725,0.011413268,0.5401627,1.421701,1.3195658,0.51601917,1.5078838,0.27280515,0.30046758,0.3655641,0.24798293,0.15321264,0.50323546,1.397166,0.2019858,1.0733472,0.032116625,1.069013,0.9674272,1.310572,0.17464055,0.12164935,0.8404781,0.03502722,0.16982856,0.713126,0.20466833,1.2933904,0.4145387,0.3986804,1.2392349,0.3630264,0.15225872,1.3632238,0.45393905,0.3793891,0.0,0.23387544,0.31081602,0.09238724,0.7536871,0.5401966,1.0626062,1.0900811,1.2831411,0.2650613,0.05061166,1.0497828,1.4981064,0.6000816,0.21801233,0.22993062,3.173041,0.1574474,0.25445908,0.13331969,0.14739189,0.20079698,0.8995422,0.47855496,0.7971505,1.0400306,0.73142624,1.2943822,0.6911373,1.3783869,0.53634346,0.8315853,0.449745,0.32697934,0.3745084,0.38051355,1.8250308,0.6799465,1.6161715,0.20599696,0.26486325,1.098783,0.78544396,0.822452,0.6712817,0.4049099,0.83217955,0.121266596,1.224167,2.8227613,2.05329,0.8792966,1.9054079,0.41849038,1.11751,0.08421165,0.9038273,0.41585585,0.37390292,0.72701734,0.49313843,0.5684268,0.36211216,0.20125465,0.019337248,0.66801745,0.3793147,0.47776628,0.113171525,0.6366014,0.33727837,0.8002989,1.5578362,4.596812,0.09903867,0.7799796,0.19569786,0.76102704,0.0057385108,1.0936294,0.1902247,0.7207573,1.3905188,0.19442666,0.1682073,1.2435454,0.7643431,0.8453683,1.5583757,0.36837083,0.988923,1.3377966,0.83204937,0.33573937,0.35099256,0.34558362,1.2721795,1.0295568,0.71114784,2.5438752,0.6292707,0.20628846,0.5086017,0.21968625,0.31510213,0.057207774,1.2507257,0.23878463,0.5401112,1.7940145,0.22011766,0.27233064,0.08281873,1.4761299,0.9594805,0.039236996,2.2036848,0.4400563,0.9383642,1.1326965,0.46366838,0.5861545,0.6886264,0.022325786,0.17940962,0.33757606,0.82559997,1.6673834,0.35028192,0.121416,0.5143474,0.027144682,0.29667073,1.314993,0.9476395,2.0643203,0.37282336,0.595879,1.6588602,0.06290753,1.1262614,0.24041764,0.24051225,0.80841494,0.47237453,0.89538664,0.0805658,0.63511807,1.0774547,0.40326113,0.4664935,1.6334723,0.12241447,3.2370405,0.279047,0.78583306,0.0,0.65204704,0.21978274,0.729225,0.22194852,0.23862578,0.6621181,1.1389078,1.0121955,2.7329009,0.030627739,0.34377608,0.42308137,0.33212858,0.5606085,0.3002909,0.7198306,0.26916686,2.595316,0.33004168,1.2542222,0.8428844,0.5099991,0.6118798,0.86773074,1.2012982,0.59648985,0.50735646,0.62055194,1.5565704,0.6675474,0.10370106,0.1886652,1.3531377,0.08900518,0.010025372,0.0046066004,1.9593017,0.3999058,0.068694085,0.14562535,1.5128492,0.12590645,0.086843945,1.5581864,1.0492387,0.5994719,0.4264169,0.121043056,1.1543508,0.7576275,3.942659,2.0978897,0.89668834,0.022198934,0.67888564,4.398133,1.7150025,0.50623655,0.120775156,0.39870661,0.10916256,0.06679659,1.9422299,0.73168665,0.39490423,0.10895431,4.788988,1.113399,0.4414616,0.46300006,0.26681638,0.1256401,0.74464136,0.75817215,0.19612327,0.09466391,0.8788453,0.87258255,1.2345126,1.1062965,0.31368116,1.9376268,1.161637,0.27073383,0.896516,0.51374894,1.0559478,0.41901478,1.920523,1.4014558,1.2374767,0.11870442,0.9707031,0.7398468,1.521371,0.1373853,0.61251414,1.2551886,0.34262607,1.3389777,0.505655,5.071618,1.1371824,1.7632947,0.6130891,1.6824852,0.7539676,0.37957707,0.23583005,0.4064184,0.9272867,0.044920098,2.0986826,0.21928291,0.5230471,1.06228,0.7146224,0.9136453,2.3005476,1.0320424,0.82487774,1.369813,1.4617106,0.027267996,0.1951059,1.3349097,0.54036933,2.059326,0.16070569,0.36467686,1.2092626,1.4027582,0.39773473,0.31718063,0.36230016,0.48817015,1.9177028,0.05170112,0.37109655,0.9707094,0.26740983,0.44437587,0.47011247,0.32796776,0.57987934,0.25929093,1.6990542,3.748524,0.5881583,0.5585666,0.010605818,0.36178994,1.1387079,0.20708373,0.40358377,0.1579793,0.30706468,1.3709569,0.3654334,0.13744153,0.12877251,0.5365184,0.15560147,0.51950943,0.4231514,0.597731,0.49882218,4.576974,1.7636827,0.5420431,0.8491238,1.5579484,0.0073713283,0.6041577,0.6310589,2.4894814,0.28564724,0.311924,all_pothole_images\pothole_images_new_image_1309.jpg
1.0569376,0.6649343,0.29623455,1.3493704,1.4385173,1.4230989,0.37850472,1.4866736,0.3020705,1.8760102,0.25839427,0.44692513,0.16960093,1.1666708,1.1779867,0.27821517,0.1806683,0.0,0.6141048,0.36756593,0.54911065,2.9370618,0.59586143,0.5000442,0.5906158,0.40775314,0.024722254,2.1573646,0.6089892,1.4929804,1.4339436,0.040576622,2.317107,0.93244374,0.46687782,0.5124779,1.1340616,0.9700975,0.038023617,3.4791322,0.0,0.06579171,0.17199598,4.478618,0.1456533,0.24001776,1.1870745,0.018616928,0.28738624,1.0485736,1.1865479,0.3067177,1.1666108,0.0,0.0,0.37331176,4.114406,0.17554404,0.37417266,0.07492015,0.16685635,1.0454719,0.53767514,0.15532191,0.40978247,1.2366414,0.2753798,0.84178704,0.3212874,1.201998,0.6117959,0.077605344,0.7679493,1.3388863,0.2641927,1.4495091,0.018780231,0.3640594,0.056508224,0.5340663,1.0086063,0.7792731,0.092273116,1.5982722,1.0127794,1.5880457,0.27940747,0.80591786,2.5507073,0.31621206,0.21095526,0.36014545,0.29126275,0.65809894,0.041024245,0.13054754,0.85074055,0.18829823,1.7564554,0.06072451,0.025773223,1.0646677,0.5473255,0.05698491,0.45017058,0.046101574,0.09275164,0.8299006,0.666578,0.5767986,0.003331533,2.425716,0.15016186,0.027117684,1.1047312,1.1251421,2.4615705,0.51971114,0.98941815,1.9206265,2.5368793,0.24637662,0.3145568,0.7333834,0.021140527,0.5573579,0.46532562,1.860283,1.2144933,0.22482005,1.8485398,0.0,0.18675928,0.6235377,0.9314508,1.6895798,0.19493398,2.7217693,0.34715262,0.17232421,0.24842472,0.35228848,0.5491992,1.5905671,0.4619511,0.61002094,0.36323732,0.20932995,0.31687227,0.23908584,0.93151015,0.008355345,0.5235899,0.30031502,1.9800823,2.050365,1.6026134,0.06398797,0.9686104,0.65579504,0.86473185,0.21709187,0.0,4.1610074,0.06456008,0.8151569,0.6749523,0.24623358,2.664617,0.038689837,0.18010777,1.4223729,0.3156502,0.14476083,1.0503205,0.009889933,0.62227225,0.04120742,0.3318733,0.0051561114,0.42115262,2.279753,2.9257786,1.2635988,1.3217663,0.4050574,0.23397154,0.34908503,0.91756946,1.2449496,0.6896623,0.12934798,0.50019175,2.904246,1.3130412,0.35974106,0.024608633,0.30189943,0.0024723827,0.5703936,0.44047233,1.0090188,1.8639482,1.6721522,0.25362343,0.055876303,1.8803415,0.5269714,0.055131886,0.31940326,0.0,1.3091023,1.5961252,2.183879,1.3634497,1.4992183,0.74293846,0.0029265992,1.3224213,0.27379328,0.28510723,0.40366346,0.040934846,2.2169752,0.19428153,0.8841876,1.5801172,1.0536906,0.21200296,0.5205739,0.32730636,0.18725663,0.3665189,0.029731141,0.2712063,0.015998604,3.2547786,0.10198301,0.08276718,0.5517545,0.15214312,0.26007423,0.32199174,0.15723866,0.7586173,0.2223644,1.0624832,0.10311971,0.13685656,2.7703614,2.4343975,0.7049684,0.7332581,0.42077398,0.54117423,0.7346454,1.1341546,0.0076489095,1.4915133,2.6655166,0.0204444,0.3731129,1.0146592,0.9980461,0.90445477,1.5076169,1.0687062,0.5692104,0.45520046,0.63941467,0.0031237802,0.6640534,0.52901685,0.21132173,1.044317,0.98650193,2.5028417,1.2172726,1.3974293,1.3540827,1.6855211,0.026502969,0.09690303,0.6872644,0.5438157,0.22041677,0.78946674,0.094284214,0.16927414,0.06283939,1.443692,0.43029612,1.3496299,0.60973585,0.4437786,0.38374585,0.019519867,1.0808917,0.09927281,0.042391483,0.017451312,0.9925775,0.14761035,1.6522845,6.0669727,0.019499293,0.013679815,1.0274742,0.040245276,1.7963476,1.0704997,1.0768893,2.4795964,0.36692154,0.38776162,2.2764287,0.050206628,0.48211855,0.47698608,0.25601164,1.1729935,0.62520605,0.46121737,0.72630984,0.030113347,0.08156395,1.1760385,0.21873991,0.23531978,0.12656309,3.0936122,0.29842162,0.23545007,0.033189308,0.12338728,0.82522154,0.29477924,0.05479645,0.3596342,0.46622816,1.8776097,1.3060151,1.6827451,0.1515454,0.32704142,0.03676715,0.49945658,0.16314307,0.37115562,0.48489317,0.97113484,0.3890568,1.5709124,0.14535592,0.05382599,0.08360361,0.26275688,1.7933794,0.58892184,0.8685149,0.0,0.13877748,0.29498205,0.61795056,0.007898085,0.43336588,3.2186518,0.29131868,0.011910009,0.057837717,2.68623,0.19887505,0.6950996,0.010491758,0.48292288,0.119422406,0.12913278,0.34995705,0.4628441,0.17444667,0.3146506,0.11983828,0.69343674,0.5683403,2.843047,5.6208496,1.4902582,0.09446462,0.35045052,0.8775529,0.80640095,1.3502156,0.44472608,0.36875474,0.09521136,0.046469115,2.218997,0.8337804,0.4947307,0.30150136,3.7442489,0.51275444,1.2384535,1.1864649,0.3234409,0.007985396,0.5994928,0.91421336,0.03515696,0.3208957,2.2967196,1.4878911,1.9439601,0.2900682,0.12662798,0.12764147,1.453389,0.12763986,0.6715711,0.030010538,2.0565073,0.258521,2.7098897,1.615329,2.7743828,0.213258,1.1781856,1.5731487,0.79647017,0.92078924,0.14174852,1.0104296,0.6946903,2.58904,0.5411927,4.843119,0.622626,0.90693146,0.15513903,1.5827873,0.6583279,0.9576251,0.8554668,0.7308278,0.27499464,0.2193734,2.2723305,0.09669388,0.15832223,0.047358543,1.5941299,0.58363396,0.1711294,1.0345082,1.152559,1.3943588,0.5089182,0.8429925,0.7949595,1.7444696,0.7946828,0.25215623,1.8300743,0.07921785,0.85641986,0.4022296,0.7825974,0.11119364,0.9743928,1.226905,1.5100242,0.24372515,0.031280477,0.76833504,0.7345496,0.5243307,0.31037495,1.6340307,0.04110415,0.21611597,0.50966173,4.014471,0.45119035,0.1448437,0.0,0.4152353,2.1813667,0.30370578,0.27505472,0.4695097,0.7880132,0.038332857,0.10200111,0.12685855,0.7089021,0.305767,0.0010764318,0.46817818,0.44725004,0.49005952,0.08757089,7.9267,0.6851302,0.7574014,1.2532314,1.7161583,0.0,0.22695167,0.014546931,2.4959445,0.7885679,0.08314531,all_pothole_images\pothole_images_new_image_131.jpg
1.9112293,0.13292226,0.22535491,2.6439197,0.12957641,1.8934017,0.4992871,0.097870804,0.29490307,1.7533379,0.3144187,0.3111413,1.0026333,1.3223373,0.45809796,0.20217074,0.04426249,0.48514953,0.6962294,0.7157347,1.4707224,4.178194,1.6018634,1.6993057,0.065244965,0.20703278,0.14812644,1.014479,0.12346355,1.1429842,1.9553555,0.22840278,0.9589074,0.6347835,0.023330826,0.22979257,0.54435205,0.72684807,0.038097225,0.09473261,0.024915162,0.47005224,2.6764474,5.859436,0.70797706,0.36296222,0.20305762,0.16580354,0.583229,0.52000856,1.0216113,0.19536014,0.86895835,0.44473374,0.62709683,0.20659004,3.4111185,0.3694784,1.0239935,0.20383355,0.62228,2.4424298,2.1397145,0.30184984,1.5911521,0.75743586,0.04484444,0.6140096,0.4568653,2.2378166,0.10825326,0.26264235,0.12912901,0.622187,1.158093,0.20105109,0.0112319235,1.3966998,0.16900897,0.1345105,0.43180597,0.060212713,0.1877908,1.2185608,0.8497003,0.820696,0.616445,0.19226478,2.0958748,0.13767597,0.63980633,0.9963468,0.871234,0.6123704,0.251329,1.0427382,2.3770475,0.6518956,1.764787,0.26905185,0.03750938,1.3700979,1.2479074,0.10005914,0.62849575,1.5565839,0.20938416,0.05779877,0.44036883,1.8526057,0.8719129,2.589168,1.5487175,0.4983855,0.6173888,0.55003387,3.279062,1.3920702,1.90775,1.0414982,2.566037,2.1786044,1.1808724,1.7857696,0.91864294,0.12389378,0.32499287,0.57395405,1.6855525,0.49922404,0.26314417,0.07541656,0.84021187,0.15370294,0.3700047,1.2247032,0.22713108,0.70247984,0.3090311,1.0801134,1.01393,0.0048729666,1.3448707,1.309549,0.3816813,0.68077034,1.5802574,1.3152951,0.6751831,0.27867055,0.20988992,0.54411733,0.10373727,0.5559992,2.2397442,0.03492222,1.400784,0.7703408,2.110542,0.37388602,4.3695707,0.09309991,0.058320705,6.362993,0.2858575,0.72874945,0.33492565,0.8533442,1.0770053,0.22606586,0.15031362,0.7989719,0.12921368,0.034648743,0.7959818,1.4129043,0.07308677,0.3753149,0.4227852,0.14359781,1.2482488,2.6081414,0.25290453,0.25849378,0.22457142,0.30211595,0.43534932,0.3646947,1.2632478,0.6073396,0.24084394,0.07737003,0.75240284,4.9825206,0.0,0.9988869,0.7599576,0.44651037,0.14674027,1.7837526,0.28004798,1.8794094,2.1356082,0.2494937,1.2111074,0.31747514,1.506949,0.8892277,0.002122039,0.39874512,0.3585575,0.20623653,1.0793141,0.38841075,0.14687479,0.44947806,1.3956656,0.9754794,0.868143,1.4651749,0.55454904,0.22766936,1.0749696,0.8529849,0.77733296,1.3361486,2.9587588,1.5924237,0.23277107,0.18804888,2.291166,0.15825884,0.20774323,0.9916209,0.3709835,0.0696982,1.7054831,1.6225889,0.28990406,0.11369258,0.17109376,0.011097025,1.2905263,0.4041384,0.09907333,0.66107005,0.6126821,0.6291359,1.7709963,0.14249398,2.8350313,0.19031481,1.0110091,0.3949442,0.6794301,1.609399,0.096244976,0.5590524,0.60773724,0.46359867,0.11298882,0.179672,0.67008084,0.8004479,0.3559701,0.18767162,0.2888973,2.1880028,0.38005963,0.33113828,0.44553673,0.3405092,0.37898284,0.13666032,0.33772054,0.1861112,1.1434739,0.952734,0.71579725,1.2985389,1.0283996,0.53381,0.18946402,0.7450035,1.4592073,0.3071617,0.63236225,0.2054464,1.4414988,0.6094316,0.2334247,0.42449436,0.89592105,1.3300511,0.4681683,0.1739214,0.95738,0.9200204,1.1939597,0.15706386,0.58792806,0.55807686,0.47745013,0.81123793,2.6410527,1.4973532,0.07963213,0.9725345,0.13885272,1.0363395,2.645291,2.9393504,1.1399244,0.46332896,0.09064429,0.43966192,0.05505003,0.7313442,1.0109562,0.16304499,0.63455933,1.0730582,0.1505934,1.414547,0.4304611,1.1302551,1.8928103,0.016799314,1.0474507,0.52300394,0.5347353,0.1499505,0.24259177,0.53574204,0.009196137,0.17434396,0.69123894,1.5881554,0.085801266,0.1442799,0.2560772,0.9862766,0.4123782,0.031782933,1.4329058,0.19817956,0.61589766,0.38091302,0.2941592,0.68403506,1.1414732,0.17698541,2.604902,0.5546049,0.73243314,0.6042776,1.4785334,0.5038972,0.6884074,0.9961378,0.06533154,1.1493801,0.0046004285,1.1430905,0.5415107,0.01629784,2.268315,0.6106909,1.2066596,0.20391569,2.496048,1.3908894,0.34134027,0.29607245,1.8444067,1.0562212,1.5104182,0.47526187,0.49191883,2.1666634,0.6130913,0.093038306,0.017684491,0.3393901,2.4188213,1.2671132,0.8924637,0.0076770987,0.0,1.6091856,1.290452,1.9267194,0.32098734,0.88743514,0.32227403,0.029408503,2.950032,0.3110023,0.58864945,0.58825165,5.3343167,1.6167089,1.0535331,1.0496174,1.1621401,0.27668825,2.159048,0.56512785,0.029359912,0.63619447,1.0854579,0.7624401,0.9544544,0.5671403,0.7294028,1.1980176,1.3526546,0.08082333,0.47490913,0.355785,1.1419024,1.6172254,0.67585254,1.6572236,2.634085,1.331065,1.7737093,0.9667411,1.002121,1.189122,0.12585506,1.4211383,0.69537324,0.6494664,1.3886364,4.0049787,0.13528109,1.0866007,1.1009785,0.97015744,1.0727279,1.7984229,0.66502833,2.0424998,0.061365653,0.05528346,1.7729104,0.90032476,2.2332687,0.8444883,0.47555855,2.567772,0.120534,0.68906206,0.61149615,1.2368318,0.5591219,0.258908,2.0215445,1.2847041,1.6318308,1.344095,1.2185203,0.22720861,1.449186,0.6276208,0.062129475,0.5649289,0.6943007,1.9093829,1.350471,0.6644067,0.034839023,0.82042193,0.5518425,1.999963,0.4318787,0.1525788,0.18495975,0.16768809,0.9281284,5.797878,2.1025674,0.30741113,0.12864442,0.44277355,1.9026467,0.13558753,1.1108738,0.20805779,0.625631,0.15920283,0.21047302,0.5825617,0.41524276,0.34871668,0.8394346,0.25897855,0.3830095,0.40768814,0.42578068,3.4141128,1.1040862,1.8069898,2.0610511,0.6992171,0.0,1.2645918,0.2818599,0.8905454,0.2838036,0.013234109,all_pothole_images\pothole_images_new_image_1310.jpg
1.0229553,1.085702,0.54291165,1.8465657,0.19564761,0.047113042,0.02325605,1.0257868,1.0702343,0.23133253,0.34328225,1.2449508,0.18839982,0.022412749,0.2574668,0.0035964502,0.30378425,0.0,0.7167455,0.33598834,0.16954008,1.2923717,0.10111423,0.047412004,0.63641596,0.1923483,0.060889825,1.2791888,0.037268642,0.46583664,0.63682324,0.3430421,0.15784143,0.23309563,0.5651347,0.12076967,0.250025,1.1309031,1.0446757,1.3811857,0.0,0.19828145,0.09774241,0.6558656,0.7492953,0.08595011,0.3225566,0.0,0.7715976,0.4223132,0.5743857,0.4540806,0.09933098,0.6101693,1.6027484,0.988155,0.40689272,0.09429293,0.44196326,0.7799882,0.26716855,0.14854412,0.41724586,0.14384629,0.29481092,2.4252589,1.0506176,0.52278066,0.551528,0.31200498,0.82960117,0.19034646,0.039104693,0.0011158122,0.11117376,0.29484117,0.64821345,0.18064444,0.3598575,0.2925029,0.37376595,0.77098936,0.1914767,1.1696948,0.1223873,1.5897895,0.4151435,0.123065695,1.9559584,1.0064752,0.18597694,1.0755243,0.6419395,0.21038717,0.56446195,0.33085555,1.4758692,0.42168012,0.37466255,0.023164175,0.45219168,0.3283271,0.13870321,1.1633608,0.8074378,0.83116335,0.32483763,0.22723702,0.4679272,0.6002431,0.113717414,1.3655168,0.3508515,0.5274816,0.0010848249,0.06395986,0.76340085,0.13708258,0.7978985,0.6675922,2.214454,0.05377182,0.5150129,0.78696734,0.61503714,0.83077955,0.7985161,0.23443727,2.660642,0.51623356,0.500463,0.031975206,0.4225073,0.123946525,1.4711268,0.20533472,0.3398332,0.4483826,0.8061433,0.35055783,0.10211052,0.44432393,0.12058797,0.35934293,0.40183592,0.82482505,0.11051108,0.12591727,0.39734033,1.7115608,0.70322657,0.78300583,0.0038873157,0.4058767,0.28607628,0.023275092,0.23830804,0.14925258,0.09328589,0.11044598,0.7654699,1.0856838,0.41509274,0.27686206,0.41204938,0.0,0.92051965,0.09741149,0.6009974,1.0930868,0.27373704,0.24750724,0.07365775,0.00057740574,0.8063909,0.04443062,0.84350616,0.040356208,0.12215964,0.35761386,0.31934583,0.28408262,2.1614168,1.3160158,0.26400074,0.5164037,0.71429914,0.39524397,0.20957616,1.4311996,0.22027881,0.60259175,0.551819,1.5845202,0.2844191,0.091784894,0.6898331,1.6029818,0.19737746,0.34097674,0.4600835,1.328776,1.7752753,0.5101456,2.9396799,0.17077197,0.120783694,0.05204473,0.8468334,0.8933315,0.22809029,0.44229677,0.7788354,0.43775535,0.23111966,0.30476788,0.6393902,0.034271978,0.37131113,0.20057273,0.44239736,1.9642535,0.67097104,0.054286342,0.41124427,0.17197412,0.5079247,0.18717098,0.24641788,0.63202846,0.33176708,0.13165261,0.46756658,1.3481933,0.07518875,0.35353622,1.0519238,0.23255992,0.02550808,0.18889822,0.051998153,0.18252209,0.004013247,0.40810868,0.40021488,0.17934485,0.090674095,1.0806923,1.2091311,1.9157294,1.2751622,0.2950483,0.08947179,0.2055103,0.25947464,0.32564825,0.96417975,0.54005224,0.20598112,0.57078964,0.13355188,0.27429125,0.8003909,0.5212787,0.260949,0.691817,0.055052686,1.0463462,1.7679542,0.16428609,0.633056,0.16461048,0.40381387,0.8495729,1.4459198,1.7253997,0.48063442,0.5965017,0.07216687,0.4400072,0.3226259,0.05169085,0.13293883,0.4108301,0.7620347,0.15505016,0.24235675,1.1180791,0.30866426,0.30352134,0.33081868,0.009341582,0.05489345,0.8013004,1.3475811,0.00028125994,0.0008842205,1.3088709,0.103353165,0.95437855,0.17101055,0.016601356,0.027440043,0.754492,2.9147115,0.6804628,0.14100906,1.197831,0.1838869,0.08798393,0.13611124,0.53177476,2.6900136,0.43180397,0.06298087,0.122341454,0.3563183,0.20075704,0.95896995,0.23766012,1.0415478,0.1766184,0.029763462,0.026177036,0.5149228,0.94902384,0.18033285,4.1373863e-05,1.3104967,0.4755148,2.5327234,0.28497002,0.80394524,0.111028865,0.09763871,0.12830724,1.2168899,0.21468228,0.19019337,0.09620851,1.0417577,0.7845624,1.4204537,0.80215764,2.2960632,0.89689445,0.008630367,0.6836436,0.41936195,1.1510452,0.23319642,0.6093545,0.06356668,0.281351,0.27792618,0.26058698,0.14387235,1.3821521,0.11188343,1.0094886,0.5102173,0.42111722,0.61718726,0.057817318,0.055672158,0.2392335,0.6507586,0.07459046,0.48406404,0.18715434,2.0767992,0.2103082,0.5303511,0.44738552,1.0448711,0.81359863,0.47348434,0.53092855,0.40293097,0.07530069,0.16487491,0.03684273,2.133382,0.72301877,3.1732066,2.0339825,0.117626004,0.47458538,0.036968574,3.793203,1.0590135,0.08628902,0.3924767,0.89179903,0.49433088,0.31691614,0.20584261,0.93984467,0.134068,0.08321859,4.8186913,0.10646808,0.25912324,0.49424517,0.23325695,0.026750894,1.1624715,0.2664805,0.5546519,0.09071917,0.39792445,0.7893695,1.3107753,0.9845693,0.62550443,0.55475396,0.4458415,0.19637091,0.10784637,0.82720214,0.7842351,0.21189016,1.1992601,2.3211746,0.37487608,0.55880713,0.9731618,0.05381655,0.27880082,0.42692274,0.15120508,0.31821853,0.51289034,0.48648778,0.36951905,2.0588002,0.6850994,0.0879683,1.3134339,0.07290136,0.0451328,0.6719277,0.49595103,1.2550598,1.0897466,0.030883648,1.0067276,0.22203398,0.0546052,0.38771018,0.6987382,0.16043893,0.34686586,1.3464068,0.71639264,0.93996114,0.21064444,0.8887838,0.30972278,0.15480973,0.14375336,0.42693087,0.09900737,0.19365801,0.24962541,1.2988299,0.0023020117,0.24447219,0.4079543,0.12346873,0.84853005,0.5320854,0.49190488,0.29311192,0.6175158,0.04846321,0.45166045,0.29151338,1.0896108,0.016503192,0.14684023,3.39357,0.622633,0.027017219,0.10282561,0.014854664,0.16415888,0.1749034,1.0295618,0.15506074,0.37705898,3.728657,0.0397746,0.0,0.023499956,0.002494552,0.40222293,0.066599876,0.21609944,0.19901529,0.0,1.0331402,0.042751603,0.28612974,0.5294607,0.20127188,0.47327206,0.78624505,1.0492604,0.19601764,0.9436921,0.688561,all_pothole_images\pothole_images_new_image_1311.jpg
0.32103884,0.15064219,0.37058234,0.28111818,0.22490053,0.96585894,1.7944918,1.0790453,0.83759457,1.006631,0.9648506,0.85825694,1.5023907,0.6700268,0.48650363,0.48592597,0.77156436,0.18789005,1.5759959,0.775105,1.6088995,0.51028216,0.57212996,2.3678439,1.213348,0.34535834,1.4065531,1.2455312,0.6417945,1.2634188,0.15815817,0.08740565,1.292495,1.0271882,0.12089617,1.2759761,0.06763502,0.13003504,0.785174,0.34162498,1.4461329,0.36782727,0.15640481,0.054685496,0.8269512,0.044094693,0.27637163,0.0,1.2215309,0.9716757,1.7491232,0.6709883,1.0070336,1.7221844,0.6130554,1.1410015,1.303043,0.050711002,0.18151914,2.27683,0.8052122,1.5514919,1.916996,0.8054924,1.8163747,0.8649186,0.09058522,0.2899215,0.018729527,0.6894585,0.2849733,0.7177874,0.13484313,0.6115798,0.46649927,0.0,0.36853758,1.3897054,0.2628751,1.0889702,0.44341815,0.13391483,1.5405412,1.1208415,1.6888531,0.92350453,0.1505408,1.5945736,1.4352607,1.3311093,1.3962212,1.5999401,0.36650446,0.2792647,0.37794086,0.08066318,2.1103377,0.23961775,1.336756,1.2483286,0.105351046,2.8545778,1.2955465,0.7231082,1.7714572,0.7537687,0.39032954,1.4624263,1.3339092,1.058603,0.3988476,3.9484591,2.2874012,0.29836297,0.4762726,0.49022052,0.76362014,3.4107702,1.1661443,2.291746,1.163919,1.0627344,0.32799584,0.2135531,0.7355937,0.013208422,0.6082991,0.0041164313,0.34914544,0.22516944,0.5271795,1.8864655,1.4414077,1.3986127,0.033635844,0.9674506,0.034962084,0.63036424,0.0004672483,1.3655775,1.303172,3.0901148,1.1350876,0.3862367,0.73717576,2.8816803,0.8818826,1.5924652,0.8223012,0.12936299,0.0008043879,1.3633195,0.33964595,0.21813814,2.726764,2.2501845,0.7930329,0.14488599,0.67822057,0.19581349,0.7028376,0.052696902,1.0642003,8.411583,0.72633517,1.8155583,0.40695444,1.8229606,1.8807145,0.37689483,0.07298832,0.9966021,0.5932828,0.53646123,0.4839417,0.41565672,0.5023041,0.26665255,0.19037841,0.6495719,2.015792,2.467784,1.7181689,2.3777807,3.043007,0.68869966,0.48846018,4.114827,1.4194765,0.26048356,0.2290112,1.8988373,0.20482577,2.8281116,0.17363791,0.089936666,0.3524679,2.1417074,0.7529069,1.7472425,0.10258468,2.7461348,1.0544133,1.4701083,1.1321082,1.524217,0.056933306,0.43045875,0.38597125,0.83927256,0.07351717,1.5362312,0.7408783,0.95358896,0.5941271,2.5794764,0.7214058,0.22676519,1.3016078,0.16293119,1.1347923,0.22315173,1.6983333,0.9995014,0.08689244,0.6369283,3.1335058,0.54636616,1.5220042,1.4866142,0.57191235,0.9360235,1.1097491,0.5481395,0.22320278,1.6232281,1.7458063,0.3002582,0.30340832,0.4485714,0.21769765,2.1835704,0.71761143,0.0,0.33692265,0.3300564,2.0880954,0.5057355,0.61961734,0.64450145,1.014414,0.18420844,2.9407504,1.2601638,0.84001476,1.1375033,1.0813768,1.2441014,0.16861616,1.0668284,1.1889633,0.012729473,1.1211705,0.5954376,1.3001956,1.3910006,1.0519512,1.4809929,1.0934057,0.34707847,0.4905998,0.020083955,1.3973948,1.2633479,1.1916603,0.9233199,1.904614,2.6600354,0.31796652,0.27801096,0.18802346,0.9024184,0.9045709,0.7923346,0.2052437,1.4838263,0.5753067,0.31931663,0.99348044,0.7951533,0.3428524,0.51392806,0.88982517,0.1545739,0.016186906,0.71118355,1.4706682,0.37481433,0.63455296,0.5440092,2.3510058,0.3819095,0.15520248,1.1033758,1.0659205,0.32348943,0.93953174,1.2111768,1.2035009,0.5895638,0.86083066,2.536673,1.4376625,2.5799215,0.2943099,1.2232493,0.42773545,0.6672882,0.20081472,1.7832121,1.5162613,0.5763418,0.34743568,0.49390793,3.5432801,2.781746,0.021739323,0.1897501,0.11553828,0.32163826,0.111140035,0.1996034,0.021276532,0.16873063,0.31212774,0.1839088,0.054950975,0.33251855,0.042954274,0.5548128,0.86883646,0.28569323,0.25702348,1.0755689,1.2227615,0.35163322,0.9351241,0.4895356,0.63106793,1.2797657,3.0395522,0.28373492,1.0079774,0.04443757,0.38890386,1.2167603,0.19141485,0.5935023,0.34154868,0.25166088,0.27725664,0.3173394,0.33567563,0.6114821,0.65715724,2.312412,1.5692029,1.6815468,0.34308678,0.040006295,1.7480537,1.9377818,0.17874478,1.1734523,0.09025561,0.42150065,0.035241045,0.797063,0.6246452,1.2096885,0.7812983,0.3067541,0.085409485,0.46418637,1.8757334,0.03777232,2.1184893,0.13820899,0.8739174,0.3741261,0.74600655,1.3087348,1.0131962,1.1610261,0.10687353,0.56040144,1.2021236,0.7153728,0.2512831,0.029693179,2.0217938,2.2288027,0.12623239,0.66910905,0.73095155,0.28023496,0.19745629,0.20161936,1.1674519,0.8017399,0.91480845,0.39149842,0.25130245,0.48666263,0.17050897,2.1834435,2.4457905,2.0554261,0.8104351,0.6156058,1.4043016,1.714415,2.0426643,1.1707115,5.7617,0.85169125,1.5376375,1.7683693,2.512632,1.392653,1.1354522,1.1938405,1.5423586,0.05630479,1.2073514,4.3753395,0.023499254,0.5315782,0.77466226,1.2281302,1.3511375,1.7441041,0.36570925,0.064069524,0.022790726,0.0327996,0.2969144,0.49353823,0.37248167,2.0993195,0.008275374,1.141745,0.032533642,0.49748874,0.49377343,2.5696619,0.5211783,0.33626813,1.3316417,0.9746412,1.1867826,1.5582896,0.552646,0.2856419,0.17089345,0.6660513,0.9584662,0.17501883,0.23877303,1.1466621,2.1251636,2.3506293,1.0473747,0.4386736,3.1961317,2.2613387,2.326242,1.0234586,1.3253993,0.0026383414,2.424016,2.9402454,1.3147913,0.6906738,0.020552073,2.0236905,0.9083527,0.48663685,0.84340465,0.0805514,0.53994083,1.5706214,0.2467414,0.0,0.15955089,0.13472584,2.1680999,0.25938496,0.09779142,0.5593317,0.01582175,0.6205964,3.165964,1.3366319,1.4018509,0.25282198,0.0,3.2381272,1.3060949,0.124270156,2.5329132,0.107053354,all_pothole_images\pothole_images_new_image_1312.jpg
0.62251204,2.723043,1.859123,1.150867,0.06250759,0.0,0.25078383,0.1626942,0.22286536,0.19581209,0.9228654,0.25691342,0.4229555,2.1738203,0.41733605,0.42628825,0.6837359,0.15496962,1.2587928,0.27571678,0.2402091,1.5218371,0.60325164,2.3536391,1.25919,0.4030356,0.16068958,1.5495967,0.1550538,0.08467688,1.621175,0.35020682,0.23973049,0.3020249,1.0937835,0.75412756,1.263857,2.3230436,0.35128152,0.59251964,0.046382483,0.0017464652,0.4801899,2.0203724,0.19714488,0.28793806,0.0060925363,0.11704787,0.4843562,0.5994073,0.26321632,1.7240535,1.0733707,0.16882612,0.25143924,0.49967715,1.2363856,0.0,0.3367483,0.085921384,0.20699763,0.23976082,0.16801259,0.0,0.45197633,1.0936816,0.33780554,0.058919564,0.40732783,0.10914156,0.41204622,0.10913458,0.89769477,0.3794977,0.91561085,1.4292102,0.41263795,1.1920774,0.27282533,0.30866617,0.44573772,0.047399625,0.011612952,0.95888424,0.6462416,0.2496991,0.121355996,0.6318232,3.9547884,0.024138251,0.30036047,0.0797926,0.07622844,0.25982973,0.3136554,0.2325517,1.1733994,1.9875069,0.4045473,0.042582653,0.10441221,0.6796137,0.23338573,0.63892436,1.2185833,0.97729933,0.31718612,0.19520512,0.11562081,0.8676365,0.30813572,1.5045255,0.27621993,1.1969196,0.83452684,0.03172128,1.2819867,0.2133156,0.6979904,0.17394955,2.7539554,0.11814363,0.2390705,1.7194114,0.8586042,0.96822387,0.79092574,0.03075581,0.35910046,0.7520343,0.96309614,0.018018974,0.09608907,0.14573246,0.9894574,0.33505785,0.12078296,0.1568018,0.46070176,0.27768883,0.11789002,0.26340806,0.47910386,0.7360871,0.42251873,0.3429956,0.0140459,0.4720096,0.168301,1.1468204,0.648985,0.8628772,0.10849804,0.22199738,1.3094373,0.008498357,0.17581978,0.09358505,0.012501203,0.38920125,1.7322714,0.51261467,0.47124103,2.9954636,0.0,0.4162669,0.67468137,0.16336103,0.5387026,2.4928236,0.43553448,0.32197613,0.1589633,0.12813784,2.1254098,0.17569652,1.4959735,0.29276872,0.0,0.8759862,0.0,1.9462402,1.9322871,1.8190285,0.992891,1.9262457,0.13897562,0.024823276,0.78613263,0.93781525,0.40321404,0.76991224,0.36858565,1.4021237,0.08519713,0.18080954,0.23160811,1.1468012,0.046294212,1.3040514,0.009102769,0.8158662,0.1496364,0.1829914,0.8192554,0.6660555,0.20209542,0.29897314,0.15427633,0.0,0.23046736,0.9625356,1.0619277,0.9564968,0.88039863,0.454686,0.34015656,0.2678266,1.3167583,0.0,1.051369,0.060028028,0.31553772,0.87892467,0.00124984,0.16373618,1.4937947,0.20840397,0.55392873,1.2138528,0.05745942,0.23661187,0.3644016,0.7666385,0.27269393,0.81742805,1.3070467,0.21587855,0.23697957,0.023709428,0.9602156,0.3331651,0.7480207,0.51282066,0.024174048,0.12182015,0.7715262,0.015674097,0.1944926,2.135648,0.24683039,0.07035064,0.077336,0.25994146,1.0286367,0.0,0.78695726,0.09122543,0.4291368,0.6430487,0.22831295,0.040006466,1.3216201,0.014342201,0.63893485,0.80830497,1.2667967,0.34667242,1.5785553,0.46669632,0.32903516,0.0031779173,0.5227817,1.1307317,0.08236446,2.740361,0.93903476,0.22033978,0.4744233,0.5149448,0.15128942,0.23441589,1.5468503,0.58376443,1.0197762,0.6804938,0.9108815,0.9217462,0.54305583,0.021111727,0.3816161,0.36393005,0.0,0.5032081,1.0796326,0.6865378,0.50665385,0.07291836,0.92075527,1.6169925,0.6939094,1.553451,0.075801894,1.037519,3.7537436,0.039390456,0.15321928,0.35753465,0.4900998,0.106420614,0.28966355,0.49441046,5.56957,0.5797481,0.0,0.9023197,0.6516241,0.27268893,1.245553,0.28866932,0.9723521,0.14831874,0.40572536,0.0036850835,0.22826001,1.5235636,0.9046168,0.16908012,0.93157536,0.29406536,3.5030985,0.15305093,0.2173987,0.008557764,0.4525362,0.66403764,0.99771255,1.287127,1.0881711,0.00960627,0.9523914,0.41100964,0.8156316,0.5295379,0.85218513,0.07234797,0.21118516,0.0094993245,0.28491184,1.2912941,0.0064322045,0.8834985,0.012490607,0.36375707,0.30466485,0.018156126,0.17294599,0.7007657,0.43853548,0.53141063,0.66101825,0.07854646,0.7364385,0.8988602,0.009879451,0.99611586,1.3838416,0.17035998,0.044345096,1.0955501,1.7294744,1.4323391,0.009997231,0.39339855,0.5527261,0.19199315,0.20745571,1.1249005,0.118839346,0.2838516,0.23515949,0.2364162,1.0926584,1.2005476,2.610009,0.3566384,0.6567015,1.0579678,0.2019034,3.1479537,2.4056334,1.8630519,0.7538357,0.117380396,0.2994358,1.0178716,0.5846669,0.7303107,0.27168763,0.0021497894,1.9676903,1.5357493,0.88629687,1.4643301,0.18455194,0.13995968,0.6348667,1.2156078,0.4689326,0.39760134,0.24525693,0.41548583,0.68058586,0.6760724,0.0026003548,0.01918645,0.13504234,0.0013081431,0.10604498,0.07933461,1.0612856,0.55272764,1.1083175,1.4610265,1.1569079,0.010080308,0.6518712,1.5609715,0.043319404,0.3040905,0.8518224,0.21694985,0.6195893,0.727296,0.8766187,5.0584416,1.0562736,0.5525285,0.53437394,0.009666257,0.45086214,0.8812737,0.03539922,0.7879149,0.045443535,0.0,1.3694657,0.9302723,1.0936736,1.1800495,4.468366,0.6069333,2.1997206,0.830807,0.37080687,1.2092867,1.1545933,0.4636327,0.19590183,0.8700232,1.1752964,0.09393021,0.86564106,0.15800636,0.74474466,1.1323757,0.49718958,0.031708103,0.5488848,0.52121246,1.3935204,0.102758035,0.18234394,0.5319006,0.10859937,0.6209427,0.26933125,0.88551635,1.6259747,0.468806,1.1100179,2.311613,0.6822133,0.27761754,0.0,0.87307596,0.59031785,0.72305226,0.19594766,0.059128527,0.7626575,1.3259289,0.026465695,0.023146294,0.0,0.014630733,0.012205028,0.09539805,0.06431954,0.3342657,0.083544604,3.7708848,0.85383606,1.1122264,0.10607225,0.22135827,0.36283118,0.6241358,0.5430815,0.1654306,0.15118366,0.1966201,all_pothole_images\pothole_images_new_image_1313.jpg
0.76027197,1.1292146,0.43255177,1.0573807,0.19561307,0.43356532,0.20578392,0.004180589,0.35416442,0.6762711,1.45071,0.41568774,0.058215715,1.7295667,0.03189804,0.4062044,1.381021,0.759311,0.8562516,0.07267269,0.3490778,0.82075626,1.3180777,2.9111104,0.11962229,1.4466832,0.23576349,0.13538654,0.019987253,0.65607536,0.6780842,0.022021279,0.53768605,2.0186126,0.19171749,0.6286135,0.0,0.82337373,4.0376096,0.2642446,0.21470998,0.09062791,0.0069078216,0.0,1.410903,0.38097775,0.17186972,0.45828238,2.2404008,0.62560064,0.14264494,1.1015462,1.2970763,0.017514065,0.5994546,1.7287049,1.6340573,1.3204613,0.5013396,0.050697047,0.0,0.029835895,0.7036952,0.16552132,0.09596205,0.17072925,0.8669569,0.8323868,0.012231568,1.6083475,1.6003889,1.3581328,0.39632434,0.2738404,0.053766634,1.0046932,0.8298939,1.386782,0.3115373,0.78706926,0.06965099,0.33981174,0.4865573,1.965735,0.28657806,0.5207538,0.73689103,0.18266125,2.4087744,1.3765203,0.16030163,1.104532,1.942525,0.6678697,0.006929042,0.2236816,0.63813716,0.7846444,0.3224543,1.1398075,0.050062187,2.924089,0.5295576,1.2366749,2.9490573,0.36862096,0.6064462,0.021608537,0.887775,2.4658594,0.6628942,0.7344538,0.4097726,1.1235336,0.058082264,1.0614809,0.17279862,1.303115,1.238475,0.117003046,1.6953583,0.12349551,0.06673318,0.73512226,0.60649616,1.1029431,1.0433604,0.36574748,0.3345492,1.4779513,1.2804245,0.33750322,0.05342193,0.78552485,1.2817923,0.10371886,0.28429392,0.7826373,0.009355978,0.3851282,0.8073393,0.52484405,1.1175475,2.7612135,0.12306869,0.33217174,0.8931229,0.62312126,0.9247221,0.0,0.086102165,1.1259303,0.24800396,1.5265157,1.7197286,0.7653161,0.9655746,1.2411913,0.07038885,1.5566067,3.018734,1.5052867,0.011803245,1.9421623,4.6204586,0.04102583,0.44398785,0.6790223,2.99575,0.92638767,2.1415522,0.1957737,0.7276337,0.0,3.1742685,0.5677393,0.89113414,0.006292417,0.1966251,0.43562537,0.16762555,1.2327121,1.9205211,2.0990229,4.00118,0.16866763,0.39915267,0.49153227,0.18395805,0.4618561,0.16730331,2.033283,0.7720175,2.0549903,0.26980874,0.002876416,0.52966666,0.8267737,0.46606204,0.2403026,0.051278662,0.7171962,0.0036317364,0.18134396,1.8606994,1.5009096,1.9743614,0.301167,2.0392928,1.3612723,0.084860004,0.1554513,0.6820857,0.045364972,1.1939384,0.80198777,0.15817383,0.39883772,0.64935994,1.1523473,0.15833507,0.9465869,1.4219829,0.5651088,0.28852645,0.08288453,2.029926,0.00043564514,1.5253093,0.0090558715,0.023018133,0.2706317,0.06365948,1.6512594,0.64352643,0.11257289,1.2490623,0.10842128,0.46594232,0.38557547,0.071597956,0.2107249,0.609449,0.39663252,0.4291747,0.086641274,0.38964579,0.8860578,2.090216,3.793837,0.73472667,0.35880286,0.4822641,0.26073262,0.23377898,0.016820734,1.0136116,0.62533176,0.47259194,0.19297156,0.7032571,0.4965807,2.5372741,0.15140161,0.32408953,0.7184121,0.8372348,1.5764691,1.4022567,0.101158746,0.24551451,0.061764162,1.2341924,1.5024797,0.5802267,0.43533838,0.7963509,0.3786496,0.82667214,0.4009233,0.92386204,0.11262962,0.64262104,0.78900486,1.226283,0.6344396,0.015651206,0.17064942,0.6184411,0.03377222,0.8359937,1.4153862,0.022345992,5.3218875,0.7514888,1.7027878,1.1060656,0.047833562,0.41115424,1.8860061,0.96557724,0.24359865,0.8267793,0.44227022,2.7856572,0.10643283,0.55786365,0.18120317,0.68241733,0.29636165,0.16269456,2.1513777,3.9929578,4.1768284,0.18838069,0.118982725,0.14130136,1.1571683,2.4591827,0.41255242,1.3113031,1.1888841,2.2342985,1.1541562,0.7071317,0.8633569,0.82209474,0.11415615,0.5029719,0.0022435714,5.120742,0.08384648,0.6232531,0.22390057,0.46779048,0.14018913,0.7801163,1.1854504,1.1109606,1.1154472,1.723219,0.30714732,1.9496285,1.6721234,0.20681266,0.1243853,0.07099491,0.17679322,0.40069035,1.4011196,0.04667665,1.2923734,0.015631298,1.4623114,1.1219945,0.8361703,0.0059980582,0.7108537,1.5319239,0.30963758,0.10980738,0.32302266,1.9152437,1.0800683,0.24351256,0.2341771,0.7565797,1.0346469,0.6927786,1.8101305,0.80578977,0.5098425,0.34522527,0.37607726,0.80617154,0.39208543,1.0912818,0.19810562,1.8232937,1.2629493,0.18577136,0.169096,0.33247936,1.6722634,2.6117394,0.03899735,0.8467566,5.061021,0.006977141,1.8600786,0.5737981,0.9052567,0.0712851,0.037248567,0.31241572,1.3437837,0.8470244,1.5036165,2.1837204,0.76750994,0.34411684,2.4509087,2.255258,0.7177709,0.1419843,0.25609854,0.5443369,0.35187605,0.119339496,0.20450677,0.0,1.3842168,0.54443574,1.2185485,0.4889915,0.47043407,1.035337,0.9120421,1.607079,0.06607811,1.1014762,1.0446937,1.5280366,1.7491044,2.0214007,1.4221604,1.6628965,0.27188468,1.1813339,1.8769532,1.4503641,1.192667,0.051209833,0.22020788,0.12806243,2.883261,1.1547424,0.66735446,1.28458,0.11287232,0.2714201,0.74217796,0.12249854,0.0,0.012346264,0.2694822,0.24021621,0.30101034,0.0,3.3206089,1.5566409,0.13751863,1.3960917,1.704922,0.5184556,1.401203,0.44432336,0.023938345,0.87377256,0.8727219,0.42410102,0.1277072,0.30148622,0.8203453,0.35028893,0.041566394,0.6848283,0.16872196,0.5852517,1.7011174,1.6657182,0.37648624,0.296077,1.0179881,2.743912,0.06410422,0.5756804,0.6497519,1.2187473,0.3349228,0.9454442,0.7751465,1.8605013,1.1088858,0.35023272,0.6920797,2.1339114,0.1738888,0.3648851,0.0,0.39785182,1.7740306,0.2724131,0.05515671,0.033161446,0.044307094,0.58987105,0.65121645,1.5180691,0.49442485,0.08105475,3.562203,0.3811419,2.7070012,0.7820494,3.283198,0.7043234,1.6088711,0.3615422,1.9030724,0.3756703,1.4425868,all_pothole_images\pothole_images_new_image_1314.jpg
0.07963967,1.4312747,2.7526684,0.22431315,1.4654695,0.29187316,0.9622737,0.91826874,0.453131,1.2188566,1.6052915,0.7095197,2.2997172,0.18380584,0.35435158,1.3431597,0.6150736,0.19532688,0.6238966,1.2732841,1.844421,1.4176128,0.43317223,2.8244553,0.21958308,0.24194126,0.58938175,1.537086,0.48069727,1.4718182,0.034144066,0.6010362,0.10397533,0.29750186,0.108305395,0.9678731,0.6447597,1.2560096,0.55858815,0.7634224,0.7979442,0.46456936,0.32802448,0.7354916,1.1735566,0.30777314,1.711456,0.92658263,1.0329,0.3372477,0.6958774,0.20140006,0.93861634,0.91204476,0.90072817,0.20564461,0.45246938,0.084342256,0.4479681,1.1893798,0.5077408,0.2804611,2.0015388,1.9873718,0.7772846,0.04187074,1.3950651,0.7701193,1.4760282,0.21788521,0.26279208,1.0913273,0.35618097,0.45323956,1.0845613,1.3384869,0.312529,0.2644201,2.1127791,0.54866064,1.2252487,0.089721315,0.26323792,0.40038252,2.7471333,0.32210648,1.0863557,1.4473685,3.5350852,0.16052695,0.7660574,1.2622685,1.072528,2.2306628,0.74816257,0.67995864,0.9690092,2.8153868,1.1247823,1.0713756,0.3311108,1.9980305,0.06462788,1.3029447,0.12744124,0.0017533789,0.7579754,0.1959581,0.13983719,0.18629809,1.9687515,0.20367895,0.13648029,1.4237764,0.13338543,0.9903964,0.56022096,0.9432379,1.1418723,0.74192756,0.89126915,0.5797844,1.9978004,1.3117574,0.15075046,1.1424432,0.1096578,0.02053273,0.9982643,0.88716006,0.51593876,1.0286955,0.92710114,0.14614671,0.24578476,0.12366228,0.1552758,0.012908535,2.3378828,0.14694804,1.5035295,0.7206978,1.16091,2.0554304,0.87162644,0.2749347,1.2629654,0.17229241,1.5086523,3.1239269,0.10272384,0.8602816,0.7367683,0.05265769,1.9012942,0.33196238,0.11248201,0.5984422,1.3439994,0.51929355,0.57650906,0.675733,0.66057545,0.106969595,0.36396834,0.030945925,0.9667098,1.2527102,1.1781803,1.0338101,0.024203256,0.4916746,1.5750993,0.039366823,0.21334256,0.12997095,1.0641775,0.20385718,1.4433403,0.68652,2.2716753,1.0339096,0.67870057,0.11628835,1.0448334,1.3255861,1.9174471,2.3395538,0.23332408,0.5697278,0.28380418,3.4756713,0.110715434,1.5604961,0.0033018892,0.038863365,0.3761601,0.8258185,0.08586747,0.7405244,0.23482782,0.45576048,1.0453383,0.22900051,0.6810633,1.1902906,0.2067256,0.41614294,1.1192222,0.6200371,0.7578357,0.73623747,1.0137695,1.8591682,0.20785391,0.39965874,0.35156453,0.24177605,0.53747344,0.1802389,0.7050529,0.11441061,0.98840797,0.3145474,0.082290344,0.15546454,0.56357455,0.027197555,0.30819145,0.3072228,0.5813646,0.5189145,0.21438697,1.50006,0.08889867,0.5460432,0.50184083,1.0928128,0.16907877,0.53977686,0.18009818,0.037263297,0.3956508,1.7416183,0.29995584,0.26070088,0.71363,0.32842892,0.36903918,0.45101815,1.0147766,0.0,0.10914581,0.5478976,0.5315625,0.840594,0.65929985,2.0019743,1.8729273,0.40042642,2.080999,2.0371988,0.6993055,0.37313142,0.20841256,1.4707292,1.0388585,1.1199642,0.97120273,2.8721387,0.6203772,0.28168994,0.36643514,0.402489,0.045189474,1.545786,1.1066737,1.4508227,2.7916696,0.5692454,0.12078114,0.65063834,0.7211597,0.30451828,0.5422811,1.0675802,0.75232023,1.6786052,1.5436468,0.39335442,0.1775329,0.23161122,0.38132393,0.23186839,0.4892367,0.18013903,0.31064796,0.4871584,0.66295785,0.43966916,0.07474648,0.44594768,0.23988971,1.0653117,2.7668865,0.08958207,0.04229552,1.2712916,2.0129535,0.12455677,0.5385892,1.1071905,5.1581144,0.88666177,0.69254816,0.5189115,0.6638403,0.28711006,0.39931855,0.20777574,0.070446424,1.4271184,0.06451648,0.7914727,0.48209757,1.3264564,0.05551017,0.8510466,1.1106318,1.9786779,1.9341502,0.10119829,1.2265844,0.30954036,1.0260327,0.24189694,1.1529347,0.34891158,1.3418429,0.055294037,2.7218556,0.15751912,0.8731439,0.08558319,1.405807,1.2269466,0.5029645,0.33856106,2.3154235,0.070794895,0.13239981,0.93144834,0.68294173,0.78643316,0.8773799,0.29813346,0.87080616,0.1545386,0.064593576,0.16632578,0.86685693,0.41267118,0.03288805,0.34333825,0.5308194,0.14026108,0.078651994,0.99757004,0.33787832,0.23151323,1.1829755,0.6536209,2.8783405,0.26397243,0.2335158,2.1429985,0.8718491,0.42017192,1.5897858,0.23201926,0.03834298,0.16510811,1.8223671,1.5322906,1.1610173,0.5696705,1.6868055,0.7869198,1.5804156,2.3525455,1.0330292,0.20387945,0.96216613,0.80460125,0.28766757,1.1284494,0.45221952,1.5881581,0.6516838,0.71862066,2.3436654,0.8620787,1.1775808,0.7801262,0.22004905,0.21537471,1.1971638,0.2647766,1.9901434,0.46907505,0.06916371,1.8209021,0.9638162,0.26582816,0.43225658,0.73885995,0.21666472,1.3658404,0.0003613876,0.6238827,0.27593994,1.758011,0.1695759,0.63337576,0.24084046,0.8156024,0.44119766,1.9524579,0.2983392,0.22560789,1.0537242,0.29955623,0.6239396,0.06549187,0.7578682,0.29513294,0.35408494,0.4597429,0.041556414,0.31549284,1.8075898,1.3851832,0.37493196,0.501712,1.1054928,0.8814103,1.9040802,0.333848,0.37751278,0.43726617,0.41970614,1.9373919,3.2185736,0.3547686,0.55438805,0.16089289,0.78203255,0.91172385,0.2674882,0.13845465,0.8911064,1.4239446,0.30218595,0.33202156,0.52133703,0.10965612,0.21450776,0.7462133,0.75601083,1.4336666,2.9444554,2.0435975,0.7530747,0.20884605,0.48757544,1.3319104,0.008389612,0.5135391,0.92387015,0.4329879,0.5043582,0.74575835,0.6910489,1.096301,0.4770651,0.44256285,1.343771,0.12176461,0.62672687,0.20277381,0.94801265,2.690779,0.20215672,0.6783404,0.038263112,0.052015424,0.08134224,0.15817715,0.008128987,0.38568792,1.6854085,0.1893227,0.19617267,1.9556115,0.62607306,0.4602319,0.15915431,1.7892605,0.27189705,0.3249043,0.6974153,0.34736454,all_pothole_images\pothole_images_new_image_1315.jpg
1.767184,2.6135395,1.2903224,1.6909063,0.12964721,0.6571747,0.13755514,1.542778,2.3496113,0.057936754,0.47609413,0.2576382,0.18433803,0.45071214,0.57743955,0.80465984,0.22311771,0.09383774,2.5023894,0.30693907,0.12721463,1.6307756,0.880052,1.5895202,0.20379837,0.1372946,0.018269982,0.6645756,0.6451992,0.2589296,0.7664414,0.5396513,0.6824631,1.0325526,0.028597834,0.8439108,0.18912075,0.7004295,0.4803888,2.2689514,0.852356,1.1028317,0.24684496,0.16693261,0.8299747,0.13447456,1.4810364,0.042950887,0.97162485,0.81203485,0.1432564,0.2570702,1.2478772,0.0,0.29950187,0.4044008,0.51579744,0.2790545,0.1722234,1.4543086,0.42035854,0.09985879,0.28885219,0.57325834,0.03171826,2.0300426,0.17536685,0.22457714,1.4892347,0.057243656,0.3229405,1.1918123,0.54216594,0.28019485,0.50794566,0.93950415,0.7638615,1.0550317,0.4612788,0.43832847,0.14108926,0.49347344,0.5559906,1.0435404,0.31131452,1.6820977,0.47283015,0.19061059,2.712206,1.0138267,0.024788821,0.33765435,0.0,1.0768697,0.92603254,0.29729053,3.7831483,0.7195232,0.57851684,0.10020766,0.7143533,1.0890347,0.32053253,0.29761875,1.7938181,0.24753483,0.80380327,1.0280575,0.95493394,1.7467718,0.0026137833,3.8400269,1.0515525,0.94736356,0.0,0.92762613,2.4092066,0.5857179,0.18307514,0.96964264,1.9894334,0.83241105,0.5006841,0.37396896,0.98544824,1.0276349,0.16925272,1.1215845,2.3276608,0.25221917,0.5233086,0.47211945,0.5156588,0.3543985,0.7918265,0.949497,0.06716609,1.5418376,0.7756648,0.69412667,0.82015413,1.9029466,0.51891524,0.2890749,0.21006677,0.5611787,0.70265895,4.18492,0.7967221,0.37060928,0.47173333,0.19004977,0.08953466,0.92540693,1.3093888,0.30899167,0.64663243,0.79252094,0.24315363,0.8473351,2.3002484,1.6649568,0.6394881,0.3557822,0.8589345,0.23842686,0.18352722,0.031831603,0.12676117,1.8538015,0.70018727,0.016018031,0.73576057,0.18184601,0.9434285,0.008172468,2.6104405,0.015593859,0.5827108,0.85790586,0.85014343,1.641202,3.0661306,1.7920625,3.4463098,0.6812496,0.9270391,1.6291647,0.574265,1.4587194,0.0012185981,3.1992688,0.19957383,4.3456163,0.50153714,0.13807486,0.29805464,2.8312147,0.9508578,0.49873897,0.60618895,0.7955845,3.782018,1.0001208,2.5105016,1.2576932,0.879194,0.20084536,0.667394,0.47872102,0.352483,1.100845,1.9893861,0.15077701,0.33038166,0.9163608,0.56865615,0.9391171,0.7074272,0.7412554,0.4159738,2.0637958,1.4899833,1.7005092,0.21561114,0.14866994,1.5696663,0.2487879,0.7394451,0.15396845,1.0266447,0.16250774,0.70027447,0.5955003,1.5621755,1.4659659,1.0087916,0.38074014,0.7397869,0.047652613,0.5548384,0.8251992,1.488558,0.2943457,0.21294536,0.1072844,1.3594049,0.5869161,0.1388191,1.409624,0.7107579,0.09413806,1.1756761,0.74125236,0.17334609,0.012014126,1.726939,0.5559968,0.5747553,0.5970135,0.13518429,0.46349543,0.9424304,1.2312434,0.41165015,3.902467,0.08943457,0.6223589,3.092905,1.4931369,0.95674616,0.87772554,0.006361882,1.79491,1.1953851,1.3279691,1.3589005,1.7176083,0.30272025,1.8037416,0.047007132,0.7475446,0.539111,0.004519551,0.32973987,0.53783476,0.279865,0.46570307,0.8286676,0.46965566,1.2268274,0.022976244,0.81813896,0.88031644,0.6591816,0.08332916,0.60790676,0.68620306,1.1398275,0.020849993,0.29483292,0.7698182,1.3551562,0.49726135,1.4256338,0.17265473,0.7780215,2.1178877,0.63041687,0.16263507,1.3566611,1.2395228,2.4948099,1.271256,0.06723051,0.34436306,0.0038702355,0.0580677,0.3040897,0.6175621,0.70418125,0.14903083,0.2823797,0.096652776,1.4070653,0.2160906,0.25328597,0.06910969,0.3309783,2.2842185,4.742322,1.1193712,0.18047303,0.5634953,0.24245067,1.049781,0.86254,0.40495723,0.03016566,0.51955897,0.14871627,3.0799727,1.8449236,0.008954578,3.2070282,0.5191364,0.26019,0.32348278,0.014979172,1.4661856,0.4948396,0.5280085,0.38320655,1.3036214,1.3572972,1.0351664,0.34520942,0.30309847,0.81524533,1.207655,0.1705395,2.0051498,1.4770398,0.29206306,0.21338527,1.6495107,0.9804561,0.7434718,0.1427843,0.9991923,4.201909,0.9622854,1.162859,0.31837016,3.844926,0.60108525,0.37276664,1.9074352,0.47785407,0.82899535,0.4074622,0.43654093,0.5574015,4.677365,3.0642726,0.39605027,0.2534198,0.313404,0.26570985,2.1561759,0.53238606,3.8236866,0.77648735,0.7255811,0.21542008,1.2222422,1.2240237,0.61584365,1.8978374,0.17308187,5.3171654,1.1563052,1.0698062,0.85059786,0.16035162,0.74270785,0.36427128,0.7534839,0.522939,0.05200676,0.042707477,0.65187895,0.93630946,0.30182928,0.06657201,1.5496129,1.7131531,0.108838014,0.80556345,0.85398495,1.01152,0.49186197,1.1493347,1.0698175,0.6931977,0.061867002,1.5047296,0.7245679,0.72015953,2.0154133,0.032552257,1.1865501,0.65597236,0.41031927,0.07651143,8.792425,2.1164606,0.061799914,1.904026,0.83882916,1.0200055,0.8240861,0.4158189,0.07588865,0.5159642,0.029415723,0.26750132,1.0285376,0.15148646,2.4128482,0.44519782,0.9844231,0.5113096,1.6317962,0.5027637,2.5249934,0.59368867,0.92215973,0.12600821,2.5922735,0.36748448,2.7320802,0.2475947,0.21582524,0.8176122,1.3712958,1.4550703,0.5589149,0.9833365,3.7222285,1.5169761,0.4443118,0.95334655,0.080925055,0.5276355,0.5664635,0.21013778,0.78833437,0.73840207,0.124107234,1.4964275,4.8348536,1.0044746,0.5756543,0.14662676,0.34072042,0.6708306,0.63242143,1.8724785,0.051796325,1.3625566,4.7477946,0.013906771,0.302011,0.33156717,0.076346554,1.0625396,0.81566846,0.15665832,1.0233731,0.056694176,1.3556724,1.9787635,0.8142083,0.3020118,0.7419906,1.2747034,2.0977838,0.7793465,0.5221902,1.637453,0.24854636,all_pothole_images\pothole_images_new_image_1316.jpg
0.011844833,0.0025654307,0.0005640513,1.7765958,0.5122394,0.012719107,0.08797601,0.24578649,2.0144098,0.17681783,0.040189564,0.0,0.08887568,1.2586955,0.0,0.33062723,0.32876652,0.250559,3.3789067,0.5950792,0.18609512,0.14872283,0.46291065,0.00025430133,0.62094295,0.0,0.009527988,0.687855,0.18351875,0.11055419,0.0013302264,0.96606404,0.09033154,0.06358392,0.0,0.3772442,0.031762283,0.0007373552,1.5597214,0.13077377,0.0,0.0645971,0.0,0.46057603,0.8435979,0.0,0.061271746,0.0,0.0,1.0939536,0.631309,0.07881225,0.0,0.38520366,0.33226666,0.05414523,0.0,0.62213665,0.8628456,0.18885417,0.44943315,0.36144423,0.079390824,0.0,1.2774652,0.55962527,0.86541915,0.17050609,0.41628498,0.012521016,0.031342544,0.0,0.0,0.039038662,0.39672503,0.0,0.12210189,0.50761604,0.18161392,0.58153176,0.0,0.04536931,0.0054133083,0.8512566,0.00023664016,0.109529175,0.62853044,0.45250654,0.06640292,0.10275799,0.24383456,0.12322573,0.0,0.14306091,0.5544508,0.019002011,0.6181937,0.70495564,0.03280433,0.3250712,0.0,0.45692107,0.40784785,0.012109229,1.7633697,0.1805912,0.0,0.0,0.033314392,0.15406789,0.021378504,0.68160325,0.009466284,0.2402049,0.43563098,0.004631025,0.6194725,3.3888307,0.97270566,0.034782417,1.3129085,0.03058804,0.34988418,0.291396,0.29786813,0.7489477,0.1502314,0.6666243,0.040929046,0.0031058544,0.035962656,0.6422648,0.067327715,0.60965526,0.0028307866,0.092489764,0.110099286,0.5351865,0.04381029,0.1899201,0.0,0.07850884,0.3763122,0.0052680676,0.03358951,0.21945925,0.0186967,1.861413,0.8564944,0.08231021,0.031193268,0.041869055,0.2974917,0.029112108,0.35673848,0.0,0.58903205,0.0,0.0,0.0,1.2415707,2.9680002,0.023862071,5.280209,0.0,0.007909957,0.0017813803,0.03131603,0.25364658,3.7777576,0.0003365199,0.0,0.16668174,0.008953528,0.16159268,0.1490517,0.0,0.24923281,0.030595934,0.3435999,0.29549155,0.7318266,0.5124723,0.50299144,0.24998143,1.7360622,0.11588345,0.508514,1.2318726,0.5136493,0.0,1.1523561,0.021558715,1.4576055,0.28607246,0.035888042,2.5893772,0.34339008,0.54789156,0.15761584,0.07486483,0.11185618,0.5143184,0.08385895,0.2631079,0.09008129,0.021014292,0.0,1.4627408,1.2965821,0.0,0.1013789,0.0515297,0.005776784,0.97988486,0.5105444,0.12329734,0.4030434,0.123023316,0.022564463,0.0,1.6356307,0.7463227,0.1201149,0.0058530797,0.0,0.5027039,0.0,1.6274524,0.0043913987,0.0,0.575611,0.10079983,0.08739598,0.0006942491,0.107192375,0.4302685,0.39203405,0.0,0.29024506,0.16713822,0.0083658025,0.006081931,2.8371763,0.0145193795,0.0,0.35128823,0.037351217,0.15393056,0.7455653,1.9992046,0.13111168,0.0,0.11868131,0.09073353,1.2814238,0.025107393,0.7022674,0.0,0.0,0.0,0.04236784,0.13877721,0.29332387,0.0,0.0028033177,1.0657597,0.08556172,1.6071111,0.0052806176,0.009124392,0.33825582,0.89475733,0.35410097,0.08702023,1.1840501,0.1995093,0.42235354,0.276091,0.0,0.38922772,0.28763467,2.7259438,0.16705064,0.0029790495,0.005448485,0.6557826,0.00014418481,0.07487637,0.35115218,0.0,0.22670703,0.0023450821,0.0,0.12512474,0.17193457,0.39178318,0.05485294,0.0016316138,2.252203,3.082047,0.34581247,0.37498754,0.1432469,1.5213351,0.0,1.0567617,3.6862917,0.67610323,0.40708223,0.8781256,0.0,2.7706716,0.56498665,0.33194807,0.0834864,0.0,0.6508161,0.80507433,0.0034622222,0.8921032,0.1018936,0.19801654,0.022597244,0.23211378,0.10604021,0.014593742,0.0,0.23639229,0.061211046,0.65617025,0.24217734,0.9381241,0.40437374,0.98483384,0.076038755,0.98391384,0.14938036,0.005267853,0.3398452,0.64930314,0.0,0.15604489,2.871217,1.659391,0.00095329684,0.0,0.6026704,0.121559575,0.09351136,0.0021019394,0.0011241743,0.0,0.0,0.2099745,0.1390264,0.0,1.173735,0.36717176,0.7052746,1.5324003,3.0560608,0.3097954,0.03367036,0.1448769,0.0,1.1571013,0.25092974,0.0016481563,0.031687807,1.1996272,0.19149272,0.24789673,0.30145434,0.14945643,0.052891895,0.0,0.09158991,0.0,0.101835236,0.15829985,0.030830435,0.0030268966,0.16603534,0.015364763,0.0,1.0648932,0.0030609926,0.3173145,0.43407884,1.2783412,0.0,0.61999446,2.8153858,0.0,0.505483,0.054531418,0.024479637,0.90890145,0.0,2.1703527,0.30790007,0.1973982,0.10936595,1.0976139,0.0,0.13365886,0.5414308,0.3209442,0.15106252,0.012253948,0.003567492,0.32655174,0.015025347,0.0357011,0.0836216,0.16938776,0.0061955024,0.020403225,0.0,0.2927667,0.19110622,0.0,0.14138043,1.2015144,0.070920646,0.7802299,0.0069069774,0.0,0.10336992,1.5131782,0.022120843,0.11241309,0.0030889504,0.042063218,1.8230313,0.25480345,0.0070772474,0.0,0.0,0.17184387,0.06049934,0.05259212,0.0,0.0,0.050217856,0.52504635,0.33575758,0.002893457,1.4478719,3.619146,0.010878846,0.5513763,0.06930786,0.026378982,1.7940933,0.0,0.27473566,0.44871995,2.2091708,1.0766066,0.07029232,0.00059015106,0.0,0.07502934,0.75873035,1.5391251,0.0,0.0,0.056353,0.64541507,0.87990475,0.15157239,0.06454853,0.004804008,0.058969527,0.041983627,1.0116467,0.025339095,0.0112192165,1.6741679,0.8684527,0.1846761,0.0038756859,0.0,0.016386902,0.068888895,0.007823932,0.3116652,0.033074383,1.0214077,2.985027,0.025113542,0.00065950374,0.0,0.011595721,0.07298202,0.023750227,0.0,0.053556472,0.30863947,0.61945647,0.45311087,0.011491852,0.17509048,0.28154334,0.8224934,0.4690935,0.36964983,0.25769997,0.090098515,0.43170387,all_pothole_images\pothole_images_new_image_1317.jpg
0.5157651,2.764299,0.32744306,1.3052996,1.005833,0.478033,0.97564524,0.10763932,0.22187056,0.49599972,0.5341457,0.32765687,1.1714096,2.5665581,1.1211132,0.011793404,0.6463834,0.45617604,0.5382738,0.3816043,0.5419734,1.9133602,1.418631,2.634713,1.0986627,0.9593057,1.431829,1.2017964,0.7916379,0.10905838,1.7262533,0.34246278,0.4438015,0.4512085,0.19205227,0.4305607,0.13952067,1.420522,0.049070176,0.26663885,0.46794027,0.70646054,0.55358255,0.38543534,1.2808547,0.8971553,0.037055016,0.22176789,0.3041863,0.13021097,0.37827915,0.99281853,1.333435,1.51977,0.26264653,0.55628264,0.5194489,0.52190596,1.4328113,0.23076077,1.121876,0.82676506,1.931725,1.3922876,1.0402539,0.6094173,0.8530897,0.600409,0.33170453,1.2504073,1.8883989,0.8985377,0.6839249,0.14818913,0.59010315,1.3707138,0.915158,0.26151332,0.7938956,0.017977623,0.47755757,0.3042665,0.08117614,0.43124697,1.8011487,0.47952652,0.08244038,0.6513653,2.8241994,0.117189184,0.44533542,0.7797567,1.0375726,0.8899637,0.4336434,0.4436116,1.2700486,0.68448395,0.8255402,0.5936068,0.09775366,2.846335,0.13838667,1.52644,0.3778235,0.7193288,0.96203285,1.0660809,0.37744382,0.7577112,1.4669322,1.3892996,0.91375417,1.3982198,1.8914322,0.5945522,1.148534,0.48105744,0.8220099,1.1818222,0.96911305,0.8012541,1.6544632,3.6128702,0.8491493,0.31704628,0.031183822,0.21302892,0.9554488,2.0616827,0.5857956,0.26797116,0.09851713,0.91747385,0.48188323,1.7645141,0.26614603,0.6305003,1.3082749,0.48097336,0.9072323,1.117166,0.058723822,1.6408885,1.4569739,1.2417663,0.5044932,0.28498876,0.44403484,0.7667043,0.6719569,1.0602528,0.6340589,0.35252023,0.6356056,0.1560043,0.8698636,0.9445685,0.8940394,0.736964,2.7795343,4.4479604,0.0067503215,1.5194668,0.603672,0.24082896,3.0390213,0.6891137,1.3162707,0.8922943,1.7593704,0.93561333,0.46935725,0.21141768,1.0457493,0.86262476,1.594193,1.1986084,0.86007524,0.574094,0.81000704,0.19803,1.0240749,0.7672091,1.1310555,0.71952856,1.4491386,0.4962305,2.126128,0.4343394,1.7227948,0.5655155,0.39987856,1.5498224,0.46154,0.7029213,0.27271378,0.4902771,0.12782833,1.9275708,0.0196478,0.41554883,1.4293921,1.0910727,0.625436,0.26775002,0.9772339,0.18598521,1.2945381,0.3692158,0.85222685,0.3496693,0.4625678,0.47540057,0.65516764,0.049284317,1.7657518,0.07916743,0.86439395,0.20495467,0.48508176,0.051607355,1.4140586,0.057353027,0.019720979,0.76102424,0.86695766,1.2685199,0.50510216,0.87017316,0.39092356,1.1118124,0.8662947,0.38051122,1.372639,0.15700038,0.3621661,0.8783954,0.8697541,0.19489609,1.6273514,0.20837002,0.5806034,0.7144468,0.05123992,0.0092720045,0.671366,0.49952108,1.124939,2.9113214,1.4118307,0.02165807,0.21125758,0.36883333,0.87541336,0.24822745,0.6196183,0.14021844,0.503176,2.645504,1.5897692,2.9398181,0.96681833,0.33257118,0.39032468,0.34205464,0.16943954,1.309953,1.0194412,0.40498397,0.47206154,0.22170827,0.46305117,1.0391853,0.2516874,1.2453921,0.42552453,1.0917397,1.1997592,0.77112204,1.6915764,0.252315,2.0952783,2.3240259,1.9213401,1.5453007,0.77813923,0.5701764,1.6085464,0.090022415,1.1989458,0.5718941,0.49591452,0.4071631,0.6102857,0.18575466,0.36135647,0.8228331,0.88286775,2.867308,0.12895279,0.91999036,0.5136105,0.07062106,2.2536294,0.56632125,0.2419389,0.11048174,0.04626314,0.7066514,0.78028387,2.352988,1.8702929,0.93286955,0.029823137,0.7096003,0.87745035,1.0587956,0.7845183,1.1785997,1.2305844,0.15713543,0.97004634,0.26276392,0.8970066,1.1682602,1.179882,0.35720405,0.49540332,0.96298933,3.3088775,0.50740963,0.7921367,0.55502623,0.6813093,2.0642083,1.0405189,0.645971,0.8612948,0.46714345,0.5157917,0.8763424,0.35618222,1.2491884,0.7684387,0.18750307,0.5800813,0.5108864,1.42031,0.30027124,0.13094485,1.2882085,0.17540094,0.6713182,1.4162086,0.7069149,0.90373087,0.036314495,1.6012595,0.0,0.8977937,1.306192,0.78591466,1.0557225,0.0,0.13504767,1.1961591,2.030667,0.11569348,0.8721926,1.152316,1.0945989,1.8309236,1.1900862,1.1628737,2.959693,1.0404652,0.52429414,0.54328287,1.1458437,0.3257217,1.1791135,0.671773,1.232802,1.4786453,1.758283,3.3055637,0.71124357,0.48222342,1.569656,0.6536219,0.715021,0.14856143,0.6572274,0.27346948,0.2062251,0.9640565,0.70603293,1.2099769,1.0806652,0.43773955,0.6016871,0.2168604,1.4384432,0.34017268,0.37299386,1.1010175,1.445154,0.35816833,0.20325461,1.1268998,1.1005163,0.114606194,0.8352405,0.29726326,0.42642027,1.0388405,0.5615647,0.48173612,1.1317395,1.2059138,1.3585774,2.7081146,2.639008,2.4782033,1.2392808,1.7529588,1.6248734,0.15938471,0.16850016,0.60222775,0.3964022,0.23874594,0.37989122,0.53365624,0.7261487,0.33970326,1.7219287,0.15766929,1.3067741,0.3573395,0.8359706,0.4833908,0.3716819,0.06805769,1.3146087,2.8988347,0.45949295,1.8998494,1.6163912,2.4063785,1.149911,0.026006829,0.49848837,0.7791743,0.14466521,0.8420625,0.126598,0.17798325,0.13834126,1.1746083,0.71472436,0.830981,1.5461341,0.707532,0.43793952,0.7744701,0.4138326,1.9949154,0.75247276,0.78530836,0.64705133,1.2413894,0.3716376,0.18770461,0.4698877,0.25224885,0.3221349,0.92922986,0.64414257,0.7582008,0.47772348,0.5051195,1.7787141,0.6571243,0.64407563,0.70133144,1.4413823,0.37313107,0.31530574,0.32000428,2.3840508,0.3658966,0.31778646,0.5602037,0.05868332,0.18758681,0.11006903,0.06541634,0.5214363,0.9232714,0.93586224,0.57107764,1.0189542,0.6574,0.49309912,1.4374053,1.7938198,0.17248422,0.45706943,0.6469401,0.09455298,all_pothole_images\pothole_images_new_image_1318.jpg
0.3510569,1.5594968,0.43975034,2.557865,0.46237236,0.3147783,0.47341514,0.041210435,0.51337266,0.7338377,1.0654336,1.0877401,0.15043184,1.4066348,0.49917755,1.0985723,0.7050884,0.5430365,0.7608796,0.9099376,1.1974812,1.4898486,0.122099556,0.8904602,1.1930202,0.64259136,0.12488505,3.7740169,0.8799266,0.09168397,0.5923728,0.37400982,1.804972,1.9460857,0.3657428,1.2403888,0.42711872,1.2549845,0.09135502,0.74192715,0.20980392,0.007853647,0.8362227,2.7198567,0.6729254,0.7317487,0.39973563,0.10766762,0.019476485,0.7652657,0.57186216,0.33720455,1.1882509,0.45636037,0.43538198,0.6751152,0.19431967,0.069221795,0.7093555,0.60673755,1.1474315,0.5004468,1.5820452,0.82024676,0.6279524,0.5391225,0.1831589,1.5017594,0.60172194,0.48982626,1.0720519,0.26706827,0.2913189,0.4795979,0.88132924,0.6448198,0.6908213,1.6166707,0.008249177,0.1144339,0.5150257,0.4397764,0.02074581,1.1451871,0.89927346,0.7568174,0.751744,0.1917252,2.6206634,0.0,0.3193736,0.05086044,0.4491552,0.58105654,0.10379958,0.4439811,1.139138,0.6457942,0.7684248,1.3129613,0.03371091,3.419041,0.75482386,0.34460703,0.06663735,0.20389824,0.7425029,0.5344133,0.25855634,0.22999226,0.008359434,2.2247024,0.5955581,0.132704,0.63196397,1.2781498,1.8576556,0.8560815,0.29021448,1.438092,1.3839993,0.8684337,1.0188046,2.2824821,0.40656877,0.2887902,0.7407471,1.6075343,1.0224044,0.34872717,0.65239996,0.0,0.11920701,0.6699066,0.7031268,1.8606749,1.0511838,0.54654276,0.97175175,0.52924114,0.37162402,0.1064823,0.14202873,0.3885871,1.1847126,1.7450501,0.7443469,0.021728557,0.1495685,0.80169165,1.361575,1.1434582,0.42210254,0.0116760535,0.12204085,0.6161562,0.25916344,0.27475518,0.44394112,0.5576496,0.898066,2.6467474,0.0,3.3886528,0.046815667,1.4044653,1.1797318,0.80192983,0.5463571,1.2881078,0.9129997,1.4047925,1.5587461,1.0147847,0.12370485,0.95324534,0.17437783,0.029094955,0.13613452,0.4115802,0.1500136,1.6618034,2.221482,1.9019445,0.7368155,0.2224095,0.3343999,0.9240698,0.8684871,0.33610383,0.2790301,0.6376308,0.16835666,1.0570596,1.2518778,0.75762284,0.6246918,0.037139386,0.06426719,0.6091251,0.9776451,0.6363985,1.6344378,0.5430542,1.0274743,0.35611877,1.0079296,0.18604904,0.11407939,0.23825948,0.5239403,0.05258367,0.2595665,0.21514842,1.7420145,2.1450117,0.7083599,0.16519642,1.9525014,0.34722546,1.3359116,0.12995008,0.39726856,0.07381471,0.016146977,1.0277946,0.36339703,2.5696716,1.2895229,1.138453,0.1386566,0.22042808,1.7939148,0.19086915,0.9640084,0.100232765,1.2109426,0.27548015,0.03239798,0.7088885,0.3636041,0.20187622,0.75574476,0.034388058,0.29065415,0.014155599,0.5146254,0.5502638,0.29886672,3.0396755,1.4466016,1.2100856,0.6371635,0.55298793,0.15236078,0.063019715,0.22770138,0.07312847,0.48642516,3.0583053,0.36886254,1.0607691,2.1322548,0.0006757609,0.18933699,0.46281573,0.6071974,1.934082,1.6658206,0.79594165,0.12997635,0.07311639,0.62974536,0.7500533,0.19529903,0.85265285,0.5433366,0.9755034,0.78522164,0.80580634,0.46713498,0.26432487,0.15885009,1.3288717,2.207361,0.015866835,0.54973847,0.7881242,0.99519384,0.12454856,0.41429663,0.3030852,0.38735494,0.30308145,0.5391203,0.35620186,1.0353069,0.23261988,0.99722314,1.9692192,0.7795681,0.4956085,0.8845858,1.0299976,3.9567173,0.25156116,0.35990414,0.5011017,0.33678997,1.3679638,0.19582343,0.51452345,2.0028543,1.1432745,0.23771192,1.4922692,0.029138379,1.3648013,2.45774,1.0414248,1.0950655,0.53448635,1.3019186,0.51680213,1.7109673,1.6741194,0.638274,0.6283317,0.20813723,1.4940462,1.5381267,0.2683417,0.123483635,0.024871754,0.3286415,0.61812294,1.3135892,0.7604501,0.31330064,1.4240596,0.5223414,0.23330638,1.0883234,0.99536365,0.98678243,0.17277737,0.30630887,0.7492916,1.1633404,0.7133149,0.83820623,0.1482562,0.05632673,0.082406625,0.6540421,0.064082764,0.29023793,0.08185335,0.78995,0.2554535,0.009211282,0.29034597,0.7790281,1.0786617,0.41082406,0.09809759,0.7682458,1.3906919,0.46316072,0.40894356,0.74556553,0.93168336,0.44429404,0.4975542,0.12454527,0.3417387,0.84186924,0.11964711,0.14652477,0.61990124,0.5191198,0.7751374,1.2414702,1.2565702,1.2599896,0.909344,1.9724765,0.815345,0.0034185562,1.7880657,1.2446234,0.28955528,0.24784721,0.07206486,0.060209103,0.53935355,1.1831522,0.419944,0.5186383,0.0140192835,2.06943,1.4948711,0.42114782,0.38903552,0.18000579,0.4998852,1.4153174,0.05566745,0.56615907,0.8897797,1.3033769,0.35170567,0.54250956,1.7646079,0.0025039604,0.7818766,0.7019687,0.33968708,1.0846884,0.25934103,2.089743,0.5666681,0.8762292,1.3514308,2.5917468,0.06743383,0.680319,2.3641243,0.2403064,0.71017253,0.24908806,0.15578581,0.63452464,0.3219259,0.697494,1.7901378,0.94248796,0.19092625,0.030552804,0.70030326,1.248386,0.741272,0.2893081,0.22433938,0.028664306,0.97166544,3.1548293,1.0355943,0.64373195,1.2573822,1.258308,0.3163693,0.3762277,0.1949369,0.86247265,0.359903,0.58620733,0.5544639,0.60115415,0.14808787,2.105234,0.22588745,0.8973415,0.929536,0.42255923,1.042828,1.7969234,0.028682217,1.3376869,0.771264,0.6529792,0.4025249,0.22353593,0.33269578,0.5584835,0.3585551,0.9381823,0.38674346,0.8217116,0.14862789,0.54578245,1.939056,0.4587762,1.078918,0.13908516,0.06534846,0.5094156,0.46615654,0.02475324,0.12705222,0.8638471,1.528859,0.11493343,0.47831511,0.46611792,0.5787883,0.09712706,0.10197708,0.2310586,0.093225,1.1163853,2.0438666,0.08185832,1.9207639,1.9205624,0.9507981,0.67735577,0.22759883,0.38174763,0.5775075,0.42882887,0.64353323,all_pothole_images\pothole_images_new_image_1319.jpg
0.5055549,1.2722661,1.064724,0.5423473,0.0856668,0.9586305,0.7978939,0.020147294,0.84436554,0.043192036,1.6312815,0.4661095,0.6136857,0.0005150972,1.0282875,0.2879043,0.05136115,0.35257292,0.7951165,0.6818371,0.15703936,2.5436976,1.0583303,1.1052656,0.029406298,0.5812749,0.4885636,1.5931296,0.48751545,0.6647358,0.7481245,0.53296417,0.87420017,0.6216981,1.0578487,0.27199912,0.019312741,1.6518663,0.30615798,0.9633953,0.41590524,0.01795711,0.37512758,2.2770758,1.1076192,0.0769019,0.033827722,0.33045754,0.19506425,0.3025917,0.5097438,0.9329453,1.6111219,0.5310839,0.10050476,0.5967805,0.5096878,0.09828617,0.26174366,0.37131047,0.081016496,0.15986724,1.4519902,0.3627068,0.2763704,1.7787617,1.1158737,0.9430664,0.9849251,0.28400734,0.02914186,0.78397214,0.9681169,0.31056842,0.011427411,1.7007751,0.5414133,1.2029426,0.168642,0.92877614,0.9355067,0.5802975,0.45591977,0.71560144,0.31538644,2.0004942,0.11359083,0.87459654,3.9595728,0.89599615,0.44198614,0.15799402,0.22892094,0.31184414,0.42571986,0.0017612564,1.3875414,1.0146418,0.035770874,0.5621452,0.14139342,0.104425184,0.23701434,0.13044924,0.37956765,0.6904147,0.45380312,0.70318943,0.12928523,1.2778404,0.020554435,3.4107385,0.95478666,0.28903013,0.0102051515,0.88312995,2.4544954,1.6604284,0.0,0.2902573,2.553254,0.6431582,0.39420247,0.046151135,0.74937755,0.56090355,0.106591865,0.14355907,2.2278688,1.4328523,0.20540059,0.058355585,0.31817943,0.1144901,0.41633397,1.4254975,0.28932366,0.26530856,0.90146494,0.22390686,1.3499827,0.89707065,0.5486494,0.33759454,0.09386149,0.3649622,0.50543326,2.501101,1.0034516,0.043252245,1.3841491,0.1575378,0.07685116,0.5721008,0.8136513,1.0787244,0.2557404,0.30907935,0.012341544,0.32505158,1.7973983,0.2107298,0.12048862,0.81157404,0.09148114,0.3057891,0.30609772,0.45147696,0.27136463,0.08963709,0.12544984,0.16010915,0.07073753,0.28272834,1.4847066,0.08208656,1.5374893,0.031252716,0.00039154364,1.5598166,0.62890214,1.32447,2.7698715,1.5855856,2.322388,1.0907227,0.6267499,1.4268618,0.5605666,0.44450262,0.58942854,2.6516428,0.028258882,2.8857322,0.63020146,0.0,0.14516678,2.0920138,0.64978665,0.36724675,0.13786049,1.2281562,2.3699753,0.5565544,0.5827192,0.7085121,0.24468157,1.0230567,1.2728053,0.0013124669,0.18397498,0.89271826,0.5290625,0.007964348,0.77165353,0.92802304,0.13114753,0.45540237,0.71371394,0.62907,0.4437458,0.4387949,0.4864483,0.5838862,1.1376162,0.34590152,4.009471,0.24312437,0.3993013,0.88722944,0.092999265,0.3230567,0.09700993,0.54977006,2.0581868,0.9147146,0.595477,0.06912047,0.11596565,0.2652581,0.1523621,1.2832979,0.51353085,0.30960286,0.29364753,0.14307082,0.8031452,0.38316312,0.7337495,1.6454192,2.0398319,0.0,1.1882945,0.25743857,0.95138663,0.19065656,0.6541845,1.0132896,0.39602077,0.16995946,0.20269586,0.0851826,0.096071705,0.99488795,0.2768381,2.7767034,0.6182792,1.5839882,1.4062308,0.47988212,0.3913184,0.17320566,0.026097799,2.0993834,2.2515526,1.2357445,1.1855797,0.40744793,0.19711,1.029827,0.25722447,0.9122311,0.031977523,0.16165829,0.49167538,0.86186284,0.061399847,0.3487867,0.77251184,0.806359,1.1364026,0.7301235,0.49872997,0.9729655,0.21869564,0.9385724,0.18656287,0.24298376,1.3207531,0.02603801,0.25926352,1.0611379,0.64016503,0.48241457,3.9671626,1.1490437,0.0011521218,1.0315807,0.76225996,0.23105,0.18426546,1.7700653,2.3503325,1.538734,0.15721671,0.2219627,0.5498362,0.5293298,0.51150984,0.8900471,0.39119142,0.89927965,0.07598174,0.12376443,1.5869397,0.12932874,0.30303347,0.07897788,1.2466234,0.44905844,5.820343,0.70977944,1.2966278,0.27838057,0.17726539,0.64740944,0.30882922,0.4600691,0.0015714978,0.29530153,0.10933095,1.4173356,2.0435472,0.12917483,0.29202792,0.7147181,0.3252802,0.24974518,0.17234042,0.724757,0.8135919,1.789419,0.5175518,1.2845926,0.9684327,2.0356903,0.0864655,0.074461296,0.16060755,1.3721309,0.10755953,0.16868922,0.8202168,0.9297097,0.5078563,1.4390957,0.93363553,1.2959422,0.67358506,0.025117569,1.7278025,0.9620878,0.8227592,0.52746475,3.6252131,0.0032395436,0.30641958,0.3784681,1.9692264,1.5270139,0.3192616,0.02532944,0.44384056,2.1965973,3.44413,0.27887762,0.011184277,0.08951589,0.02868961,1.4206756,0.76588213,1.9075403,0.3427989,0.25516012,0.65688,0.0,0.40230387,0.25675434,1.0850877,0.082636245,3.9575558,1.5805869,0.39157397,0.87133336,0.102357164,0.7157599,0.37273794,0.03985327,0.10625499,0.01703535,0.5134779,1.8657565,1.2978817,0.87149733,0.101989776,0.9457274,0.70925355,0.8518443,1.2389348,0.1759465,0.74748665,0.1105073,0.8377282,2.006655,2.104072,1.3454213,2.0937848,1.6566716,1.3599051,0.65315276,0.51239175,0.8439769,0.5277931,0.37014773,0.16972645,5.1783104,1.0438275,0.4786995,1.585433,0.73383737,0.22753696,1.1789005,0.08182225,0.25227413,1.0599364,0.2553712,0.8718998,0.4340093,0.18646799,1.716293,0.28627804,0.86118424,0.5736987,1.158984,0.079937235,2.0513349,0.6065358,1.3473675,0.13589847,1.8532335,0.15169951,1.2752616,0.49829078,0.00082917395,0.040885136,1.1721333,0.18622184,0.27275655,0.7537082,0.96314037,1.1190307,0.09430717,1.3817166,0.04243744,1.0990471,0.67641157,0.15701745,0.5846336,1.5637823,0.20899121,0.49252096,3.6206048,0.054534756,0.029311566,0.09046457,0.3650283,1.2487904,1.0781343,1.1432837,0.49829346,0.18244714,1.7733607,0.05087535,1.1876619,0.58449847,0.053264473,0.1944245,0.18358675,0.36645576,0.5288022,0.009779128,2.7884037,0.69262975,0.5615214,0.92404824,1.7512954,0.3745449,0.5643657,0.67013454,1.3281571,0.30298796,1.6006961,all_pothole_images\pothole_images_new_image_132.jpg
1.2190772,0.51837534,0.32373568,0.563909,2.958164,0.34666622,1.8818935,0.39918548,1.1808189,0.79300386,0.5475323,0.5203833,0.12088474,2.3702462,0.1924768,1.4131327,0.19538379,0.56923777,0.4766257,2.761974,0.2492075,0.40368557,1.4690654,2.8959353,0.6675329,0.08801292,1.2700795,1.2789296,0.0339637,0.23195535,1.1885515,0.056184027,0.8858638,1.3803368,0.92558986,0.74459004,0.37811902,1.0911969,0.6997246,0.89718425,1.7184749,0.4360893,0.07742641,0.41376105,3.0059762,0.7239939,0.93278426,0.23504148,1.1496109,0.010890912,2.0196557,1.6034149,0.9401103,0.64749944,0.38728097,0.35146502,0.68126476,0.05256129,1.139967,1.0065322,0.08240164,0.06297004,2.2988315,1.2401122,0.42356148,0.45902207,0.2931177,0.24675442,2.5408244,0.5419524,0.6424582,0.5410868,0.9716246,0.3176447,0.12993813,1.617654,1.2217963,0.08644573,0.41712862,0.8017676,0.15935956,2.8262048,0.79906213,1.2875994,0.6157423,0.05071559,0.68848264,1.2667335,0.7539865,0.7913114,0.44393685,0.6881295,0.8396483,4.4671087,0.41363817,1.5242901,1.3795166,0.6041618,0.8137297,0.30688253,0.034170967,0.5803376,0.0957649,0.10738233,0.27877262,0.7959428,2.388007,0.37283123,0.46368602,0.5153585,0.33511135,0.9270058,1.2718102,0.5636782,0.7073716,0.69352466,1.0646229,0.6383373,0.7485733,2.3008738,1.6312801,2.9766815,1.2341878,1.5235358,0.67646766,1.1048825,0.235302,0.22288005,0.2533837,0.7998385,1.4823864,0.035115138,1.2580556,0.43371323,0.6554846,4.1997766,0.5972541,0.31407768,2.7145622,0.48011184,0.12320062,2.6836927,0.3976728,1.4509735,1.0940864,0.25593877,1.4166596,0.74404985,1.7118093,0.47009572,0.2701456,2.0216734,1.4503363,0.29684454,0.7388251,0.9038232,0.43046787,1.0262041,0.0,0.5135458,0.5823321,0.5747024,0.113348715,3.0551953,2.7624707,2.364692,0.41364333,0.8617952,0.92163956,0.5140715,0.19720568,0.38935313,0.04209452,0.81731397,0.75432724,0.7222811,1.1287299,1.4567552,0.46483448,0.27879858,0.26180214,0.7098692,0.61694133,1.2973855,3.086026,1.2979791,0.91331035,0.5244258,0.014114225,1.0358067,2.544231,1.1453379,0.13118076,0.81443924,2.6022246,0.9046581,0.41693574,1.3003564,0.7761031,4.6545806,1.2077165,2.0285501,0.5000145,2.012565,1.0743712,0.67626315,1.2166094,0.079041235,1.5907396,0.34319532,0.34840527,0.96351683,1.028679,0.6742745,0.7001575,0.454907,0.24447767,0.04046756,0.9380204,0.050154418,0.019652957,1.3977731,2.21231,0.40120265,1.587404,1.9023575,0.8470034,0.6182316,2.674704,1.377682,0.8317251,0.19526424,0.488306,0.0,0.1844737,0.0,0.74053764,0.5712616,0.79217106,0.1497349,0.60658693,0.60027975,0.12807272,1.4871523,0.7826131,1.0728481,0.671287,0.41592258,0.004595265,2.669519,0.81026334,0.89128757,1.264548,0.10703546,0.30733654,0.20572749,0.1403111,1.8714849,0.5906069,2.3427112,2.8865714,2.739774,1.570428,0.6275681,0.27952084,0.1126441,0.068647854,0.4406337,1.0682495,0.21641369,0.05732406,0.050025083,0.040050667,0.060889073,0.42666298,0.84311575,0.9288283,3.4577792,0.39730382,0.8872455,0.0,1.6970825,2.3712,0.65062624,3.7095695,1.6449002,0.6517304,0.96045613,1.4731894,0.17881893,0.36741662,0.013356976,0.65485305,1.2450063,0.6197533,0.8559477,2.4375408,0.7856937,1.045004,1.5247096,0.29583627,0.77908194,0.7597224,0.059492692,5.202543,0.49351236,0.9609861,0.566823,0.047514707,0.7643585,1.2792556,0.68058825,4.4371843,1.58321,1.0215805,0.0668726,1.0855067,0.6040762,0.9983791,2.540881,2.1894846,0.5683124,1.0541533,0.8739151,0.8425341,0.6257953,0.27913857,3.2907104,0.6463679,0.391019,2.5936682,0.22131903,0.1289455,1.1498046,0.766904,2.2804985,0.5434817,0.36023155,0.5485615,1.0554928,0.5171784,2.7203717,1.8779379,0.46821964,0.11869695,0.82115465,0.26005086,1.0914522,0.44645745,1.7713064,0.25693348,0.35477734,0.20397203,0.35525185,0.03047604,0.11814945,0.59108424,3.351996,0.51796657,0.18833272,1.03805,3.3303266,0.33071962,0.38837814,0.2583295,0.5670719,0.53988916,1.2500831,0.7087125,0.64087117,1.1623042,1.0345896,0.92939126,1.6496817,0.23592663,0.7564805,0.895311,0.18860623,0.09405515,1.3665584,0.99407476,1.2094215,0.4213247,0.43002436,2.28732,0.2844619,2.9121156,2.0660756,2.1560926,0.21659161,0.066438146,0.039997153,0.45835578,0.43200186,0.19756801,0.14307278,0.9020107,1.7361417,2.3540199,0.12297385,0.69956875,0.50391895,0.075021684,1.0130621,0.89030814,0.12928227,1.11255,1.0543282,0.36103058,0.12604903,0.29461524,0.07525045,0.10116276,0.31664026,0.39092216,0.9844452,0.09670122,1.9045675,0.61634725,0.25231373,0.45443103,1.8598168,3.381408,0.32115927,0.28868386,2.709004,0.021451648,1.7642366,1.1491832,1.060664,0.31753686,1.3599654,0.42416462,1.0282274,0.3616814,1.0184697,2.1116073,1.2498585,0.031874806,3.1364741,1.0589637,0.8670111,0.5008323,0.035166882,0.32800725,2.457082,1.4671282,0.7296193,0.031550024,2.4334664,0.13553582,0.040801797,1.1366944,0.512228,0.08902443,0.30309856,0.45971534,0.18143551,1.1323657,1.9743854,1.1266989,0.6119016,0.5373384,0.396621,0.20873827,0.74269766,0.69082934,0.68244946,0.75948364,1.0596801,0.6647401,0.6833159,1.6871938,0.33167827,0.5527492,1.2231333,1.8502283,0.026569128,1.2074866,0.06927677,0.36659804,1.4863772,0.14558473,0.8229708,0.621623,3.248287,0.4110291,0.27950424,1.3901994,0.23042744,0.28806362,0.97887266,0.24361967,0.108754314,2.3428733,0.08958071,0.75249106,0.17086609,0.3079223,1.1590428,2.8217177,2.323127,1.627261,0.09051149,0.90072596,0.23607267,0.18150562,2.151164,1.213609,1.1297785,0.5389052,0.7047879,all_pothole_images\pothole_images_new_image_1320.jpg
0.36236274,0.4540712,0.20652421,3.5479898,1.7624259,0.32930118,0.5945113,1.0630664,1.5760616,0.6237447,0.62709385,1.0583956,0.40436515,1.6402886,0.0,0.6687009,0.56943005,2.4691327,0.7865383,0.6569919,0.21827205,0.70608073,0.4772053,0.53261167,0.6618353,0.014774765,0.57199776,1.6689186,0.98259175,1.0253398,0.11603671,0.30350992,0.8263352,0.59648424,0.011529139,0.9624569,0.11144991,0.31507054,1.6017265,0.8476657,0.54889655,1.1895095,0.06282183,1.5833285,0.37214434,1.4219347,0.31974652,0.8363356,0.4421067,1.2573571,0.52229905,0.86852163,0.14337622,0.115197346,0.9333963,1.244616,0.57551146,1.4589871,0.8506133,0.8940188,0.6625555,0.73344046,0.15772338,0.7218069,0.64107823,1.289428,1.4614977,2.4451227,1.1632355,0.97812295,0.5673583,0.107305415,0.078652546,0.66807866,1.0595702,0.015231551,0.8214044,1.5338297,0.68151534,1.584136,0.0,0.3143334,2.082171,0.1185277,1.0190823,0.15591285,0.052930888,0.21094947,0.057369296,0.8803999,0.2419656,1.8028016,0.13248554,0.6693322,0.7260094,0.781205,0.89247537,0.5667343,0.23605642,0.6604583,0.24996658,1.4078023,1.7594682,2.4989896,2.725736,0.16996504,0.07945731,0.41263026,0.5629117,1.4390982,1.3760353,0.1011324,0.1747474,0.004444751,0.9678094,0.08507377,0.44737422,1.5939435,2.0472016,1.5784513,1.7900132,0.08168197,0.4017435,1.0495116,2.0235553,0.92197096,1.2390507,0.47430676,0.43964767,0.8149447,0.7562393,2.1861596,0.6943576,0.43607122,0.2517565,1.6740195,0.076735124,1.326433,0.048068844,1.0287209,0.24077088,0.9857268,2.8981893,0.52482206,0.84343797,1.8090283,0.03571256,0.8074817,1.36485,0.30787632,0.84373146,0.5647931,1.7678593,0.930579,1.7412364,0.019824998,0.025530417,0.019557556,0.42127624,0.4145147,0.7333187,1.7397807,0.004853277,0.9130692,2.4572203,0.26134723,2.223996,0.2752977,0.48543933,3.7751365,0.3554854,0.19417578,0.87704635,1.2446572,0.7499014,1.2141163,0.018973198,0.0106080305,2.0782866,1.2021298,0.7363752,0.94098693,1.057663,0.9670672,0.61353296,1.2741435,1.4435905,1.6754104,1.4862521,0.6310287,0.57364506,0.34656796,0.9018355,0.4576115,1.0449626,0.027005835,2.899868,0.6535335,0.6087036,0.49664912,0.09289406,2.935426,0.3811689,1.6069407,0.0086875325,0.51917183,0.6440015,0.09506763,1.2274094,2.0244024,0.11392013,0.3644557,0.3943988,0.3138862,3.5701008,3.9695754,0.30126727,1.8685075,1.0394075,0.1138724,1.8892052,2.1108532,0.6124157,0.1792698,0.016109733,0.030364841,0.8172628,0.2477215,3.2878144,0.0062160017,0.31531057,1.3849571,0.07947458,0.07433928,0.0059612063,0.0210179,2.7954412,1.3962649,0.38047072,0.0,0.44057533,0.45341656,0.38191077,1.6037631,0.008768772,1.8893883,0.44614962,0.71744126,2.3503575,2.5539484,0.52257913,0.14943896,0.42416498,0.8012141,0.4407245,1.1094288,0.7158618,1.943028,0.7767498,2.0087667,0.17668882,0.9011221,1.5071692,1.7324957,0.17525911,0.3878591,0.7109576,0.69188243,3.720609,0.75277364,0.8840876,0.24955511,0.7107175,0.08586903,0.07394587,1.2586229,0.29084605,2.0614595,0.12682976,0.19738232,2.7309647,0.29532635,1.2378776,1.0298079,0.017286371,0.20348875,0.68218386,0.0,1.2052174,1.0955291,0.2762949,0.4027107,0.047243837,0.040154923,0.7382302,0.16632617,0.02532643,0.54169065,0.008157234,2.9044755,1.3416328,0.29258436,1.3188293,0.51865375,5.33373,0.35428315,1.355101,2.31087,0.8733087,0.81294554,0.602052,1.6737738,1.0649205,1.059572,1.2370485,0.5574214,0.3283379,0.3406531,4.150223,0.3203029,1.7239101,0.8783014,1.0692097,0.70024186,1.4049789,2.9046748,0.5029936,0.0,0.96118927,0.15673596,1.9087206,0.0116488105,3.4196963,0.72953284,0.21077868,0.0,3.2182865,1.2608068,0.60460037,2.0209608,1.093902,0.29755548,1.9915833,1.8140068,1.3648081,0.60793585,1.5347763,1.3020893,0.18255356,0.30537742,0.6785589,0.59602994,0.20207357,1.9367001,0.01328688,0.50036716,0.28775862,2.0547483,0.21517017,0.8446061,1.5937831,3.7714694,1.2420422,0.75009435,0.776674,0.21809769,1.3425058,0.068762586,0.07887885,0.7103754,1.5354025,1.0576494,1.4365513,1.9272993,0.41852802,0.76711076,0.40871787,0.6335941,1.6948254,0.46829456,0.4763999,1.6453418,0.0920312,1.5460367,0.8457738,0.36704,1.380305,0.15730219,0.36768836,0.520993,0.14846314,0.050476868,0.85480464,1.1210387,0.07638078,0.5068454,3.0281081,0.33246598,2.5967371,0.12078557,0.18626143,0.5657328,1.7227788,0.5921114,1.1042327,0.31946424,1.4395876,1.283197,0.2530542,0.081768975,2.0723908,3.6763043,0.014909378,0.17540036,0.024827013,0.45187292,0.21440476,0.6190014,0.80493367,0.427575,0.7452801,2.3911138,2.3173678,2.290661,0.8141485,1.1955932,0.49313852,0.0011434982,0.07288654,0.25822967,0.18397143,0.7695796,2.1649091,0.47247,0.3152223,0.39075044,0.43386835,0.120430924,0.52211607,0.51805365,0.07530308,2.073571,0.06009433,0.74430835,0.74369824,0.0018019321,0.62177515,1.351223,0.7985709,0.15374683,4.6005473,0.32238305,1.13188,0.77753043,2.199204,2.8389525,0.01935265,1.7705119,1.3936393,2.48704,4.319821,0.77430785,0.75823754,0.3342338,0.25186315,0.16584341,0.85513955,0.091748856,0.6093203,3.234025,2.5367334,2.7790654,0.09303844,0.57323176,0.037100624,1.5539899,0.0,1.5883857,0.84348816,0.02292434,0.3810288,0.8231799,2.5223727,0.14568771,0.10152316,0.39969406,2.0403247,0.39875495,1.385862,0.2384435,1.8371645,1.3885121,0.43170524,0.2221209,0.011764002,0.21234821,0.5203169,0.28449747,0.25018233,1.5734774,0.34894451,2.3483746,0.7060138,2.1313317,1.2021022,3.9271638,1.7712958,0.15491612,0.51969016,0.2282015,0.0010855967,0.15820871,all_pothole_images\pothole_images_new_image_1321.jpg
0.24142057,1.3504822,0.47460496,0.501588,2.5050864,0.64612633,2.5038228,1.3339783,0.024112519,1.0236237,1.8526994,0.8016055,0.37084782,3.1081395,0.6409009,0.75717247,1.0974838,0.8095709,1.2277045,4.5384874,0.3252586,0.60954744,2.32757,2.3025167,0.6085497,1.2387991,1.2621233,0.6166214,0.17941545,0.9288587,2.460021,0.7189396,1.191898,0.14776321,1.7345512,0.8408043,0.55995387,0.906394,0.39222926,1.9877408,0.26900578,0.46765822,0.16281289,0.2846629,2.0973356,0.6927608,0.6638609,0.10329615,1.0510083,0.06569261,1.9962239,1.6748658,2.1244504,0.99096537,0.12427667,1.0884075,2.5081282,1.13239,0.14679,0.7025653,0.014186647,0.4998672,1.362115,0.5358008,0.9628417,1.1744847,0.6750982,0.6060859,1.6109271,0.23152645,0.5999653,0.3298977,1.3215004,0.3923097,1.223718,4.711112,0.7294307,1.0104352,0.4260098,1.316639,0.1648542,2.6447978,0.2921403,0.97493553,0.2279624,1.4409964,0.6912186,0.8652474,3.3818097,0.6618872,1.5947841,0.39224157,0.2604866,2.4526646,0.633841,0.2721975,0.37394658,0.82925063,0.9880382,1.5259211,0.56286496,1.1141734,0.25209546,0.06048868,1.5712138,1.754426,1.2191406,0.56548715,1.0767033,0.50929826,1.3920767,0.7421794,1.7734691,2.080374,1.3521845,1.2075653,2.209905,1.5506028,1.0945646,0.73250186,1.301816,4.9572988,0.9090116,0.19897601,0.099847265,0.6723926,0.76045966,0.17661853,0.47178388,0.03296142,2.6408062,1.0940412,1.2942278,1.9824748,1.8188906,2.4189777,1.4631828,0.42807972,1.876494,0.64353895,0.7323866,4.431942,0.72948146,2.6959069,0.87323695,0.046776842,1.5251997,0.76386744,1.8191597,1.3617504,0.91313237,0.054100934,0.9041853,0.13706923,0.66849655,0.78339094,1.9522864,2.308142,0.665723,0.36595604,0.95031285,0.19619241,0.5049231,5.2532563,1.7287315,0.706322,2.0291512,0.51125675,5.382239,0.056424357,1.1922951,1.3820131,2.8349793,0.5151491,4.202191,1.1410166,0.8520766,2.2094333,0.0048099766,0.017054012,0.5347066,0.0823598,2.9692545,2.2137556,1.8227682,0.25340986,0.9176558,0.26733348,0.03562696,0.8956386,5.9133534,4.876788,0.6786845,2.181344,0.99649286,0.12656479,0.12455687,1.1424617,0.73935956,3.8276265,0.5887284,0.2796234,1.2699798,0.5317014,0.397402,1.9061509,1.502962,0.028273338,0.37587342,0.56229347,0.5366382,1.168586,1.026744,1.4098526,0.40758285,0.7844253,1.1807406,0.03243698,0.538085,1.6063671,0.17841098,0.51327795,0.35084742,0.663011,1.4467343,1.3673565,0.88672847,0.040096637,0.25893953,0.6475793,1.0177358,1.9746015,0.6090131,0.18802217,0.96283954,0.3761246,0.20096628,0.07655046,0.23617141,1.5113496,0.83154464,1.3844992,1.9583234,1.1013535,0.6496232,1.3117658,0.70828253,0.12169963,0.20294909,0.61053073,0.8657054,0.29327613,1.7446474,0.8905882,2.3797784,0.55361575,0.22432895,1.237899,1.2796916,0.8503011,2.371675,2.7248478,1.4009626,0.10898143,0.33074537,0.7564181,0.4430969,1.4876506,1.2064905,1.2540222,0.26836357,0.5079638,0.5171842,1.2876631,0.051713422,0.53738123,0.8867441,2.5101998,1.4897192,0.838366,0.12224746,0.51666105,1.225789,0.651219,3.3221884,0.14977212,0.057755806,1.5973246,0.3863301,0.297896,1.1332496,0.2410266,0.1334373,2.0305836,0.280632,2.7972507,2.2076893,0.09126537,1.3943298,1.8106265,0.26664004,0.39433172,1.1364995,0.87453663,1.1253992,0.27767375,0.033839736,0.16800393,1.4896613,1.9044398,0.0581367,0.5359474,1.0800079,2.1852334,0.67595726,0.26988906,0.35425934,0.04228079,0.28108558,0.5608346,1.6463339,1.9848152,0.8020938,0.85735506,1.0625948,0.55081743,0.23009141,2.4444082,0.5504254,1.0979565,0.9927346,0.37623158,1.0152919,0.17952044,3.3625824,1.2923387,0.7293916,0.07390315,0.43603,1.0023302,0.728564,3.8584995,1.3593028,1.3019012,0.7410062,0.5350134,1.3479265,0.21591832,1.0574504,0.7300379,0.69790804,0.19954231,1.026917,0.22099446,0.51529825,0.071297444,1.5578544,0.078018814,0.80555195,0.24644423,0.72579205,1.2363672,0.898835,3.00853,0.28652444,0.118878216,1.6342897,0.4267833,0.82659084,1.2696042,0.8268065,1.1854649,1.381384,1.248369,1.8147681,0.32219702,0.28649178,0.11328119,0.67034686,2.073325,0.12817061,0.71538085,0.23447885,3.2754254,1.1192641,2.12707,2.1899936,0.96641105,1.0020133,0.95836246,0.32780015,1.0215006,0.7688192,0.26178366,0.5463179,0.60867316,0.35281593,2.0992472,2.3397658,0.8218687,0.41631055,0.93501806,0.15009597,1.9136907,0.8294679,0.021638457,0.65598047,1.9843618,0.67835593,1.0657711,0.3830084,1.4721313,0.81270343,1.4187689,0.15650685,1.0607224,1.5256186,3.2714167,0.41066843,0.71339643,0.94463515,1.2887211,2.9958937,0.20791613,1.6095723,1.4350013,0.63530463,3.9462218,2.3074217,0.96727777,1.1551499,0.9226141,0.18092246,1.4802969,0.1106968,1.563208,0.42356154,1.7935791,1.2199434,1.774203,2.1537485,0.5673322,0.968262,0.3556927,0.32218525,1.8988523,3.1405487,1.0841041,1.5997803,1.0765555,0.69837177,0.05759999,0.6946215,0.10241384,1.4370683,0.22671111,1.4367156,0.23874202,1.2144549,0.5249661,0.14141726,0.9404419,0.6124355,1.3408809,0.38205618,1.5560884,1.661404,0.53256863,0.6224495,1.0762115,2.7303777,0.25559217,2.1842046,1.309085,1.4481204,2.3409894,0.63183385,0.35935,0.9449123,1.6829022,4.36541,1.084648,0.27345622,0.41373852,1.1075175,1.9695127,1.2935529,0.19056989,0.47405294,1.1266328,0.07108659,0.67838347,0.15772545,0.3571593,0.5677326,0.5290879,0.8109879,0.58775634,0.52552766,0.12746958,1.2215466,1.5387087,0.29457918,0.63744885,0.47725138,0.79290247,0.22474346,3.4894316,0.1296488,2.1182368,1.3922572,1.3644538,all_pothole_images\pothole_images_new_image_1322.jpg
0.27918625,2.0201004,0.04676507,1.2822,2.142825,0.9792731,0.7239039,1.10981,2.0274925,0.658578,1.0487981,0.4533315,1.0391048,3.3478703,0.12608217,0.85894865,0.7306853,0.0778783,0.58109725,0.34555158,1.372877,3.3605158,2.406012,1.8358349,0.22498745,0.10573388,0.006551419,0.71271294,0.064411625,1.2675436,1.4017276,0.45368233,0.74202335,0.020186456,1.4776317,1.854853,2.1400964,1.7268612,1.3626276,0.5187717,0.25257254,0.0520452,0.006410436,1.047124,1.1989217,0.10783505,0.43290165,0.17346333,0.38820305,0.3432778,4.1589975,0.75452346,1.7316947,1.9106932,0.25052318,0.37302715,1.6826041,0.40687525,1.7581096,0.56478757,0.9094462,0.538652,1.1455545,0.026877359,0.543026,0.2175552,2.0781226,0.746287,5.1637177,0.5157571,1.212719,1.8343247,0.99549335,0.05537176,1.1050634,0.5798862,0.19437692,1.2343788,0.6097664,0.15799956,1.1586313,2.1499164,0.3100111,3.9226596,1.4807942,0.365145,0.28738624,0.29104003,3.2905583,1.2743719,2.0787134,0.42972264,0.13451253,3.7035873,0.6465566,1.1548278,0.024526406,0.48643953,1.256663,0.5233206,1.6632508,1.554256,1.0452485,0.013627366,0.5509671,1.7672389,0.4044602,0.23546958,0.013489896,0.52348745,1.7850479,1.6601888,1.5628216,2.2951765,1.2954006,1.0076449,0.9036164,0.2268705,0.42728448,0.38766307,1.8597128,2.474519,0.9120133,0.56369776,0.558985,1.2837421,0.024054132,0.70337003,0.06608163,0.9355929,2.306052,0.15289594,1.4997392,1.4736028,2.8941228,0.1709188,1.723376,0.15906431,1.3729298,1.968468,0.6154733,0.55344874,0.8557356,2.539881,0.58933824,0.13438565,2.5856144,0.02229368,1.9362371,0.15460195,0.58414614,2.3838341,0.58636373,0.06691196,1.7350228,0.8320267,1.3073391,1.6759603,0.8337407,0.25144213,1.1343873,0.08374875,0.11293345,3.0798686,2.37495,0.7135303,1.4692308,0.20184842,2.5058942,0.49111938,1.0417439,0.33136463,2.3385816,1.017156,2.5240855,1.0118036,0.42979258,0.24451284,1.2512472,0.8081455,0.5093181,3.5516543,1.3299241,0.5192815,1.1609787,1.2846267,0.6791575,0.7307754,0.033287082,0.39280754,2.0840006,0.69167936,0.71073097,0.49491,0.034681696,0.36028966,0.025718888,0.42622468,0.123379044,1.3418357,0.99117744,0.98425335,0.94862884,0.28363517,0.7722209,0.01856944,0.5001671,0.02990021,0.6936888,0.081758946,0.2856102,1.6541038,2.6803334,3.2842634,1.1852503,0.2438001,1.5648429,0.33204797,0.2943487,0.7291369,0.59900373,0.70846325,0.026648995,1.6083587,0.03982392,0.25937152,3.1159914,0.0,0.63678116,0.47151,0.4202636,1.0891722,1.2324945,0.42719483,0.15308456,0.85138905,0.46659583,0.41019744,0.05014293,0.06756463,0.87852305,0.32314506,0.58781177,0.12826614,0.8846929,1.3070608,0.48097268,0.01959013,0.39272973,2.8839948,2.5711625,2.1104512,0.22432508,0.78776884,0.10782599,2.1815057,1.5064749,2.1352742,0.32733628,0.5526489,1.5894679,2.5966518,0.7422382,1.8322213,0.38917047,0.8695077,0.45553222,0.22805943,0.4717971,1.7003576,0.9397031,0.50410366,0.4715372,1.0059252,0.17084499,1.9642527,2.4503,0.5845505,0.17771606,0.60302305,0.72423637,0.75266147,0.25811577,0.8522052,2.1003928,0.13125192,1.7185158,2.5989609,2.1232817,1.1494644,0.060835853,0.3183015,0.040639356,0.76169115,1.412683,0.8249826,1.0528464,0.8984886,2.0964787,1.4659495,0.024170151,0.22665246,0.21914835,0.7721816,4.127874,1.2822659,1.022014,1.0103484,0.2612559,0.4232936,0.31437668,0.16518529,4.300139,1.2013012,0.92692083,0.08827442,1.22785,0.62004864,0.5690199,0.34071097,0.4669959,0.5648086,0.24859832,0.54331386,0.5822976,1.0864298,0.038182177,1.9011953,1.0165755,2.4058332,1.1776764,0.7673824,0.24663633,0.13185199,0.690636,0.6886388,0.06323268,0.014702909,2.1913226,0.30777502,1.4444237,2.6590483,0.4293052,0.396374,0.3504409,0.8659799,0.5329904,0.33334246,0.27612218,1.2835479,0.24154136,1.8889602,1.0146159,2.190899,2.956995,0.139616,2.4608924,2.6527512,3.5086255,0.041076776,0.18804196,1.1630831,0.5068299,2.172099,0.24289763,0.46413833,1.9480363,0.34932876,0.18929014,0.21391669,1.3418188,2.0396242,0.17973316,0.83289987,2.239185,0.65110123,0.29585284,0.34089598,0.1782688,2.8388915,1.2476898,1.582578,0.46275902,0.89487255,2.5273414,0.4406999,3.3623712,1.674956,4.554485,1.7384394,1.0820909,0.3245962,0.08695394,0.5785075,1.3799323,2.0017996,1.1338222,3.2449214,0.49906898,0.924788,1.896996,0.29293278,0.72012633,1.9272804,0.015729902,0.26882505,0.5835082,1.4183708,0.0,3.165362,0.1281693,0.29279584,2.1438959,0.72712153,0.11131732,0.26212132,0.53327537,1.4453813,0.12088987,1.0118595,0.36478654,1.4247112,3.8547988,1.4704509,1.1049443,0.9534193,0.42223603,4.875849,1.3455888,1.4926101,1.6268084,1.4842061,0.4385563,0.728581,1.9366882,1.433921,1.3110784,0.3687154,1.4307984,1.4730382,3.1469727,0.88326806,0.39693135,1.3176444,2.1288323,1.4278051,3.5589457,0.7432039,1.5922412,1.8468516,0.17649773,1.827473,2.992432,0.040630903,1.3733444,0.95414585,1.9433554,0.0138391955,0.70247024,0.1598234,0.701138,0.28272927,1.5363545,0.29849026,2.360415,2.1725223,0.36413547,0.013221949,2.1239965,2.7229075,1.2904238,0.5715486,0.7596812,0.29903504,0.39517888,1.2691712,1.8065879,0.14445215,0.11539159,0.47622392,0.3237601,4.03544,0.81403893,0.5728589,0.13978271,0.92623883,1.3645777,1.0162802,0.30463225,0.23625968,0.85497344,0.52963585,1.2912183,0.38489252,0.0,0.4720934,1.4122052,0.028991966,0.9774058,0.20459475,1.0570213,2.096587,0.4063384,0.6690578,0.56308585,0.38689905,0.06963987,1.9713532,1.0547228,1.2668282,1.1145368,0.70477164,all_pothole_images\pothole_images_new_image_1323.jpg
0.9120255,1.8236694,1.4063132,1.8168553,0.023160491,0.9829797,0.0652656,0.21828517,0.025210254,0.79104704,0.3005824,0.22063513,0.21077086,1.7938322,0.42091992,0.00032026015,0.999096,0.5528194,0.7425514,0.6236848,1.5955003,3.3019357,1.2022028,0.64380354,0.2504048,0.24324977,0.49128473,0.90736884,0.12775072,0.65554655,1.350375,0.33426875,0.43746418,0.014249393,0.49983355,0.34087706,0.74812347,1.5835983,0.06288693,0.2562949,0.1609047,0.13089828,1.8255861,1.4720533,0.9479391,0.10419217,0.49084815,0.0,0.58642745,0.11595119,0.078959,0.21097681,0.99744785,0.40732285,0.67128754,0.87641054,1.2238479,1.150553,0.7657582,1.684115,1.4873475,1.1265094,1.1437382,0.18688364,0.2209663,1.7975057,0.2602028,0.109703034,1.6311007,0.06034248,0.47615355,0.19683701,0.16420917,0.5258515,1.59763,1.6691,0.21807653,0.46301988,0.6992048,0.2455231,1.865727,1.0421788,0.15061158,2.1135023,1.1984034,0.6026958,0.48848638,0.12529662,2.224425,1.0674524,0.22333859,1.5031039,0.08309578,0.67892385,0.5909969,1.1157317,0.025936484,0.9376628,1.4024218,0.6170031,0.12666792,0.86309016,0.029628081,1.9212887,0.8578167,2.1267164,0.28693032,0.09034729,0.21678597,0.4832127,0.015236713,4.5327535,0.30291283,0.16869974,1.0761728,0.18177098,1.8268809,0.06488131,2.1935456,0.4691902,1.206639,0.3591536,0.24734592,1.5599538,1.5093378,0.8799437,0.74616915,0.36021882,1.841733,0.718351,1.225498,0.0,0.13844658,0.32141432,0.8329015,0.34833503,0.47690704,1.5106453,0.7386851,1.0850184,0.2952009,0.44470018,0.4166269,0.81482553,0.0,0.64499813,1.5986748,0.36457953,0.49557576,0.08069082,0.07319737,0.004066478,0.20579003,0.4615158,3.2750022,0.43556118,0.4048377,1.0050567,0.5337211,0.11052635,1.2652752,0.90665424,0.021631798,2.9355536,0.74816287,0.8012297,1.7924253,0.14630407,1.7273905,0.62637055,0.25515544,0.026582392,0.32193097,0.60065085,1.0867362,0.42479852,0.42060596,0.22500026,0.00960049,0.5691355,1.0519801,3.473996,0.3495116,0.40977693,0.8608419,0.2127524,1.1460947,1.1385485,1.5971175,0.60858977,0.5099117,0.6314873,0.5937262,0.4379143,0.019024786,0.3586458,0.10100908,2.8832836,0.15699679,0.3369749,0.087090015,0.8522739,0.80684954,0.6850304,2.6744797,0.14738251,1.1419214,0.096401185,0.20987457,0.42261153,0.038863167,0.02544792,0.4854453,0.682525,0.6448742,1.1589167,0.13468575,0.20951171,1.0811342,0.7435372,0.59694123,0.22020954,0.68679285,2.693735,0.039274514,0.22903477,0.9534012,0.13984196,0.06939891,0.29417473,1.4215907,0.2969756,0.21019919,0.93781286,0.58109945,0.76653546,0.42496046,0.15616293,0.075794056,0.5192618,0.2555734,0.13705634,0.0736417,0.04696144,0.09009879,0.0,0.3767399,0.061094243,1.3498205,3.326122,2.6135643,0.17765358,1.5510204,0.018674454,0.15241615,0.13891518,1.3019665,0.85575724,0.35692343,0.9503398,0.04068075,0.65784526,0.4580747,0.9851675,0.32194975,1.8422692,0.013075981,0.03859281,0.41757184,0.2940507,1.7880566,0.10912743,0.64984626,1.027285,1.0096833,0.014253628,0.12671702,0.25497818,0.26059872,0.7318943,0.4002892,0.12947406,0.5228574,0.4859177,2.210361,0.64779544,1.4523687,1.5227047,0.18106623,0.27108076,0.068598285,1.0258038,0.5103623,0.20462681,1.5002588,0.09404561,0.39783126,2.0189097,0.07547318,0.7710887,0.47614664,0.17017594,0.27934542,0.48142272,1.2908819,0.644338,0.0,0.15429348,0.15331939,0.048015974,1.0811474,0.12700461,4.040297,0.13440068,0.0,0.60092044,0.3265105,0.058927987,0.48048565,0.22097425,0.5388164,0.49915785,0.40327427,1.1919845,0.26285735,0.6859296,1.2358074,0.029739166,0.8354991,0.17396806,2.989624,1.7511688,0.36379108,0.036826786,1.0151013,0.13642336,0.24443096,1.7626063,0.7512965,0.6386022,0.91887385,2.02594,1.9580669,0.26252773,1.8741761,0.22950351,0.3097598,0.23207177,0.3311834,1.1093292,1.0341456,0.16634203,0.3941012,1.2448186,0.40458998,1.3878511,0.3555416,2.8335714,0.56490344,0.27454782,0.19734733,0.07351753,0.11103668,1.2383528,0.1361854,1.5940909,2.1602073,0.054472085,0.29632333,0.5321268,0.68115574,0.30300993,0.0045069424,0.21855895,3.179938,0.07881687,0.0,0.4480054,0.8557358,0.08150304,0.43136308,0.105145395,2.5664077,1.6427729,2.6013103,1.166281,0.4932508,0.9204707,0.77649015,3.0387256,0.3779286,1.458862,0.028324345,0.95515984,0.06518649,0.48770562,1.6387818,2.2787979,0.08971855,0.32678658,2.192045,0.5261957,0.4871847,0.87677205,1.2749254,0.38115317,0.98141885,0.4664709,0.00783714,0.4806038,1.6036474,0.013221214,0.41436246,0.25569412,0.48957208,0.0018222076,0.63253987,0.20615326,0.09776141,0.6326442,1.7540172,0.0,1.0072536,2.7247818,1.016843,0.005261497,0.11595305,0.35888657,0.8357426,0.53875995,0.20901784,0.61797106,0.43630296,0.67107403,0.5495807,2.5668247,0.43325773,2.1651,3.1118991,0.43137082,0.35861015,0.32471395,0.29637054,0.118698955,1.0938777,0.077412196,0.4708441,0.03241515,0.1802058,0.74193853,1.2431097,1.6734645,0.50598764,1.6491848,1.2024974,0.98241705,1.1197544,0.93835235,0.6455571,0.54042166,0.14869428,0.23045345,0.0,0.8543533,1.569686,2.0070972,0.033113774,0.8350335,0.7304695,1.3258694,0.11158832,0.3320614,0.027471952,0.20452234,0.14088276,0.05578531,0.385413,1.7726476,0.8276172,0.079212524,0.47843575,2.7489688,0.85089797,0.8384829,0.07301912,0.009713967,0.97284263,0.45626473,1.0397224,0.0015753787,2.1671093,0.5232559,0.019598756,0.08041767,0.04127066,0.13280019,0.3310345,0.076528706,0.98053974,0.06377951,0.53260857,3.8797386,1.5056087,0.32387516,0.018373448,0.33053792,0.14888327,0.9457683,0.8803396,0.7028458,0.20588079,0.5255142,all_pothole_images\pothole_images_new_image_1324.jpg
3.0578728,3.0889294,0.7356016,0.7057803,0.84834516,0.5029085,2.0856826,0.73353726,0.71725416,2.5471842,0.78088456,0.43783635,0.10288706,0.17188476,0.2125051,0.68855286,0.37287092,0.18993786,0.3180008,0.12744498,0.24771065,1.0100787,0.7457914,1.5874382,1.1401899,1.2456381,0.17229313,1.3659232,0.25407788,1.6316531,1.1375281,1.9037899,2.47053,0.108291686,1.5009142,0.3886124,0.64803696,0.05988589,0.25427613,1.2505305,1.9061819,0.8804014,1.4326383,0.07404357,0.5342005,1.8910347,2.7990012,1.0428339,0.8890186,0.84129566,0.19166723,1.0266054,1.7827799,1.3528961,1.5397036,0.5259606,2.707821,0.11973496,1.0777009,1.2159362,0.03319706,0.30234328,1.0210462,1.2463332,0.43624628,1.0263734,0.82973427,0.8954806,0.88875985,1.5135508,1.7546412,1.009471,0.27011284,0.5341454,0.99878335,1.9816124,2.152308,0.3525832,0.21215248,0.64442885,0.086751215,0.8927859,1.3693575,1.0361798,0.9770733,1.2496345,0.028906805,0.0,2.7505858,0.48227122,0.0,0.45079765,0.40511873,0.38008943,1.1100326,0.36578915,1.3626628,1.7013005,0.36678013,2.1212656,2.6483307,0.17458294,1.6943848,1.7708967,2.7066042,0.7977853,1.2795483,2.6435776,1.4373138,2.2773027,1.4450908,2.3734975,0.8953171,1.338946,0.03399293,1.216719,1.0645874,0.0027039556,0.75122833,1.3724617,0.4977485,1.6851423,1.5140045,2.2597313,0.40777078,0.16046779,0.39789712,1.7053188,1.6635808,0.39771754,0.8887669,2.20974,0.9714634,1.3810153,1.4631703,1.1609235,0.63393223,0.43040562,0.5164829,1.1143275,0.35358492,0.59529465,0.66753155,0.63628536,0.42318308,0.61277086,0.08166323,1.3407097,0.9243035,3.1371303,3.0564754,0.42555198,0.6033817,0.50378364,0.23109545,0.9821961,0.36863035,1.3884407,0.16998835,1.2680922,0.6578884,0.2737598,2.016948,0.901734,1.9719229,0.76388884,1.1849158,0.71738034,1.1425023,0.5168733,1.4042925,0.46378887,0.043581534,0.055724476,2.634179,0.9618686,1.1179659,2.6626916,2.4234612,0.39833543,0.86973965,0.5725194,1.9534037,4.3703294,2.2468922,0.53948283,0.39208952,2.005355,0.9895055,1.3814082,0.70684314,1.2098124,0.9449054,5.6185036,0.44433245,1.3248632,1.1066515,2.8232017,0.9673152,2.8217325,0.58785677,1.8323257,0.6533447,0.6884736,1.5031619,3.0997899,2.1567333,0.45165154,1.2543479,0.7258391,1.8071716,2.4079149,2.9033358,0.45900244,0.30734977,0.9121475,4.5431137,0.25200924,2.1541624,0.24026152,0.21823218,0.3021361,0.035224352,0.7131715,0.94160676,0.5652639,2.112311,2.2346847,0.29525864,1.5071445,0.9348498,0.21777739,1.7807648,0.20901097,1.4531063,0.95384836,0.4653799,0.11342094,0.64689165,0.38059658,0.52092093,2.6954856,2.2215202,1.2824974,1.8572029,0.94874907,2.1837316,0.7973477,1.1171781,1.194555,0.75901824,0.16747622,1.2450715,0.065458804,2.9527814,0.008638863,0.96051687,0.29686087,2.6504297,0.5631454,0.7416998,1.3210211,1.506537,1.0095093,0.47292882,1.6542444,0.8547185,0.79599,0.34460744,1.8341774,1.0222892,1.4137394,0.97048247,1.3075141,1.6923828,0.2628567,0.6347429,1.7524065,2.157166,4.5220933,0.59153074,0.295065,1.3052951,3.1708343,0.85451114,0.9837827,1.8022,0.7215594,0.38285065,0.4425933,2.8674529,1.5869615,0.054377872,2.5122478,1.2405161,2.192878,2.4994771,0.058536705,2.5076628,0.723748,0.0,1.2191819,1.3309911,2.3368702,1.8213499,0.5652813,1.267732,0.9456104,0.29327023,0.5865636,0.20966968,0.5377395,1.1595942,1.3040624,0.5768631,0.84873897,1.221808,0.9439435,1.1763003,1.6719755,2.0043309,0.26495558,0.74363965,0.18078138,0.6507601,1.6803813,1.8974438,0.94113344,0.4136343,1.1498436,3.7799346,0.2578339,0.4619881,1.0680509,1.4710135,0.96876156,0.65821606,0.29629797,0.68990076,1.5738599,1.2537953,1.516098,0.2714503,0.32912424,0.8601899,0.13094088,0.6232869,0.9760949,0.38976264,2.678162,0.7954682,2.351704,2.1284997,0.7111775,0.09590178,2.2621815,0.3522296,0.727042,0.83975065,1.5569956,1.3821826,0.51915103,1.2215059,0.3753297,1.1795564,0.9845609,0.82526994,1.3412557,0.39571032,3.2640748,1.8338087,3.1486301,1.106984,0.555298,1.254183,1.120128,0.98979855,0.66173244,0.79949325,3.2414575,0.15226673,3.1510608,0.53521836,0.7273315,2.7738729,0.5088858,1.5391268,1.6900198,0.9240352,2.6557672,0.44291928,1.535978,1.6426662,0.46805042,0.27084285,1.4389633,1.1106964,1.1219276,1.5124842,0.20099159,0.17351504,1.7410331,0.73916715,0.5931486,0.19860534,0.7972814,1.0307221,0.69060385,0.018575527,0.41959894,0.6032255,0.8519624,0.93897784,0.22344293,0.913761,1.222326,3.3878381,0.22097404,1.0372016,1.3919607,0.037070908,2.574298,1.340914,2.9182806,0.31425774,0.68059397,1.8240817,1.0628474,0.122048475,1.5056018,0.36440754,2.299336,0.5531205,1.786762,0.680907,4.843825,0.36611384,0.5682794,1.0172609,0.05131542,0.19425026,0.55849725,0.39551747,1.4164008,0.3211216,0.24168596,0.18539934,2.7043254,5.0043073,0.8016268,1.6558355,0.49975958,1.4499787,0.9055187,1.6468908,1.5717342,0.53088564,0.7603089,0.32576674,1.3021418,0.024353635,0.7556906,0.6232849,1.7059402,1.4092125,1.5499442,1.6286241,1.4057775,0.8321589,1.7704606,1.875849,0.3441747,1.3257225,1.121723,1.3014369,2.814605,0.1409904,1.4350467,0.98830754,0.1588227,3.1270456,2.8627095,1.9668015,1.2659284,0.590301,2.0722044,2.2173486,2.1827314,1.0677202,0.15817416,1.6073753,2.301578,0.26041123,0.77258635,1.4610974,1.0706657,1.0892867,0.8662822,1.1303271,1.7146969,0.007444484,1.3886871,0.32629514,2.2475586,0.6272456,0.41589367,1.4946076,3.0832052,1.1853634,0.5565202,0.2305399,1.1061714,all_pothole_images\pothole_images_new_image_1325.jpg
0.023867154,2.0296354,0.570608,1.1735086,1.1795521,0.9203212,0.2341634,0.035152365,0.8342947,0.00045416062,1.4676411,0.51895535,0.85731965,2.4542546,0.65149003,0.64273226,1.9189652,0.36608848,0.7132379,0.94005764,1.321327,0.9961469,1.3391995,1.9240454,0.6244263,0.53735477,0.23223266,0.64121574,0.19322316,0.36381587,0.39859837,0.13128068,0.47150853,0.13093407,0.8364395,0.20682478,0.7512408,0.4366293,0.8857,0.07418535,0.14906918,0.23480278,0.21168214,2.5383039,2.3653355,0.24616724,0.3158354,0.0,1.1790501,0.38187224,1.502495,0.7018273,1.4693285,1.1699138,0.16973172,1.6957632,2.5234485,0.9850073,0.39323094,0.3484627,0.42193887,1.8483986,4.028119,1.4610035,0.25434148,0.004375218,1.7785803,0.6351523,0.42459273,0.5575693,1.8402596,0.45521787,0.4630431,1.2343378,0.76652664,0.91093975,0.27663347,0.81920725,0.19894843,1.4105732,0.13241911,1.0327641,1.0952888,3.432837,3.0773513,0.62669337,0.9041351,0.8564083,5.366282,1.0276247,0.13701524,1.6453961,0.16045731,4.0874295,0.82767475,2.3668768,0.43799263,0.3967854,0.96977717,0.87545097,0.06497794,0.41874537,0.35520658,0.123015575,0.98574483,0.44113615,2.4228318,0.06253926,0.35027164,0.35585684,0.41253373,3.6861079,0.24711755,0.8006501,0.4257131,1.1085799,1.2130103,2.1012614,0.5300884,1.2456825,1.8738045,1.4626098,0.6393559,0.32331216,1.8605509,2.3079262,0.8791756,0.46915078,1.7980852,0.49493283,0.34024054,0.618993,1.8160721,2.8933635,0.002383412,0.49633962,1.0379776,0.0,2.5091348,1.3181149,1.5740141,0.6152558,0.5988762,1.3035495,0.09199977,0.3942252,1.6733009,0.099430725,0.4051153,0.22389628,0.0036676058,0.12876602,0.95289314,0.0012215015,0.2650744,1.7133758,0.15278251,0.5339839,0.09740168,0.061307706,0.46990982,0.48892745,0.398746,1.5627002,3.746691,0.40780416,2.5074375,0.83236426,0.65721214,0.46615973,0.8085757,0.39512002,1.6671679,0.35473928,2.219404,0.0252203,0.851431,0.6588741,0.34415504,0.21549182,1.3788782,0.8407034,1.1872193,0.1642699,0.1546905,1.463367,3.1274562,1.3158222,0.96958447,0.5002197,0.56313324,3.2808022,0.39349,1.5667413,0.21490818,0.47591165,0.9533173,0.7967697,0.5070606,0.107211694,0.9490835,0.90232974,0.9810103,0.17343353,1.0652746,0.17923217,0.37692705,0.10524114,0.54735816,0.7008963,0.5305687,1.6111889,0.08984956,1.2646329,0.8077416,1.3820682,0.333269,0.00399441,1.3521318,0.05476129,2.0675077,0.1105804,0.27676627,0.75769335,0.18666314,0.24049023,0.52027416,0.8491521,0.7734374,2.0052488,0.930047,0.8958997,0.44165626,0.58034724,0.2757904,1.9226478,0.7346696,0.04266186,0.06843082,0.79579794,0.0065059904,0.5770248,0.0,0.0,0.8745926,0.017503597,1.2991469,0.2742785,0.70110583,2.1822715,0.879539,0.019657271,0.4369641,1.1342876,0.53974426,0.2457851,1.4246247,1.2926577,0.14719042,0.7440831,0.1886268,3.0260692,0.52176523,0.18349822,0.5773529,0.8678676,0.031300075,1.4853671,1.5083859,0.93409514,0.33695975,0.14869672,1.3278943,0.48509726,0.07324978,1.4174598,1.932098,0.36276194,0.2862879,0.07593479,0.33985838,4.4310207,0.45907593,1.3212274,3.4851553,0.74319947,0.6725053,0.30532137,2.2047205,1.1538748,0.033847347,0.34888512,0.48123804,1.3632694,1.0766635,2.0737467,1.2183293,0.9874271,0.54517007,0.1012897,0.0,0.30471444,0.15088812,1.9482561,6.0272603,1.8675694,0.6938533,0.081034176,1.8401257,0.49791187,0.602271,0.2203719,4.105088,1.4389483,1.450942,0.07418142,0.24498177,0.17914799,0.9312549,0.1885636,0.171081,1.0931938,0.1599094,0.6551295,0.15074421,0.29364288,1.4315839,0.675591,0.7295467,2.3333476,2.8504343,0.36087543,0.24705616,0.5604014,0.12673889,0.24511096,1.2094835,1.1556312,0.8427478,0.32080194,0.4979183,3.3670075,0.711378,0.5603581,0.43732774,0.019760735,0.8300757,0.23593852,0.11607502,0.056186985,0.2723341,0.07896713,0.5706442,1.3263739,1.9199651,0.24501656,1.136546,0.48498988,0.78215015,0.21363075,0.31641126,1.8487326,0.81088763,1.2471926,0.0,1.1059874,0.6733162,0.30122462,1.3275697,1.3054509,0.6163019,0.56636643,0.8939486,0.79878795,1.9036248,2.5079474,1.2407918,0.5794733,0.2860299,6.7793326,1.0582292,0.2203956,0.74349934,0.8895542,2.7985864,1.0597249,3.5003512,1.4089711,3.3284395,0.41324696,1.1734895,0.3825759,1.3453252,0.66659325,0.080625676,0.55651826,0.6225639,2.0557346,0.26815853,0.2724849,1.9007087,0.97030807,0.13635467,1.308846,0.26150608,0.09912914,0.1643422,1.2116364,0.040502902,2.194472,0.9454766,0.7297343,0.5328745,0.5189539,0.63646543,0.64311725,1.2796259,1.558964,0.21072286,0.0953602,0.19131781,0.55240834,1.0960568,1.132127,1.2580782,0.22638744,0.110655025,4.5040855,0.749367,0.74014765,3.744439,0.6156362,0.01211956,0.16273028,0.6187721,1.4092722,0.14549318,0.3150865,0.309765,1.3541185,1.3239712,0.9445061,0.6915961,0.09670963,0.21227863,2.992505,2.272947,1.7472743,0.4114758,0.41078785,0.50116146,0.34195903,1.0201253,0.05770372,1.0109141,1.7520574,3.0739555,0.24209921,0.0014953497,0.4758812,0.63862723,0.22661579,1.0247415,0.122747116,1.3029721,0.07776924,0.03343239,0.27910143,1.7741282,0.37363118,0.574456,0.18535814,0.02792548,0.5686383,0.11039493,0.9294575,1.5103136,0.21282293,0.29351428,0.2866184,0.019393563,2.9746835,0.22477217,0.10623554,0.27120906,0.98160195,0.50881225,2.3476057,0.54317045,0.09668259,0.27071443,2.7174523,0.28154176,0.0002690607,0.0,0.10247871,0.7550827,0.12331484,0.094472125,0.5471123,0.7832981,0.97904485,0.05894556,1.0052701,2.9028423,0.8024843,0.23917817,2.3176873,0.09179563,0.0064845583,2.860311,0.43504554,all_pothole_images\pothole_images_new_image_1326.jpg
0.5034108,1.5065292,0.1559455,2.0437264,0.1501314,0.005910293,0.3351067,0.0,0.14790916,0.7358648,0.2925476,0.661494,0.24201012,0.4101128,0.015175043,0.038831078,0.26450896,0.18052383,1.1003476,0.102850914,0.33976224,3.2894983,0.15013036,0.7273517,1.6221743,1.2523813,0.56236535,3.074669,0.34365788,0.96026105,1.4032346,0.4140465,0.55202234,0.20469798,1.3335017,0.2756509,0.09626583,2.266406,0.2817837,0.40531093,0.009250964,0.02552469,0.27771565,1.3407562,1.7043275,0.17373583,0.02750316,0.010501047,0.12377632,0.80016947,0.7543536,0.0058851168,0.6450483,0.26005772,0.35199767,1.8853294,0.6614326,0.27641928,0.17226857,0.39388096,0.41887525,0.6155251,1.0379965,0.092811435,0.46811727,0.42008388,0.7146618,0.28609085,0.9473243,0.6664108,1.1950635,0.16007085,0.12533543,0.36253068,0.6690792,0.86815226,0.41667563,0.21543765,0.18434225,0.10666699,0.14649442,0.8629873,0.0,2.5427845,0.4893001,0.2923871,0.597176,0.31980476,3.1193206,0.2263783,0.0,0.92056286,0.0022078226,0.3012587,0.015718292,0.26591992,0.790194,0.51574385,0.90614223,0.5940966,0.21010228,0.93490887,0.37823778,0.16404216,0.08688423,0.65574557,0.37697923,0.011924792,0.09956328,0.0,0.0,1.308448,0.58470595,0.014046793,1.5826808,0.047479223,0.9544503,0.36553806,0.5915077,0.22352755,3.555945,0.31782448,0.20432542,1.6428665,0.48396936,1.2861156,0.5866354,0.18730347,1.6570973,0.6175682,0.8600132,0.00978258,0.3247516,0.05151808,0.90545684,0.1979959,0.4721892,0.8295096,1.718505,0.61890066,0.6909605,0.09567227,0.019192763,1.0872313,0.40833512,1.7889285,0.1096757,0.0,0.33030233,0.39105722,0.64039993,1.4696575,0.0,0.2805717,0.9388051,0.06186282,0.51824063,0.018760877,0.29202104,0.6185939,1.5999639,0.9074878,0.22385323,4.16882,0.0041643637,0.027587207,0.5284062,0.0860541,1.5719398,0.6702117,0.17275082,0.06514013,0.0035307608,0.06961298,0.10747356,0.053129535,0.50268483,0.018318312,0.1945057,0.28599784,0.06333053,0.70978427,1.0042317,0.56543076,1.9974246,0.9307984,0.08696753,0.02849479,0.083631836,0.629954,0.52213854,0.54804605,0.09015634,1.0171692,0.0,0.7817691,0.20468491,0.019142836,0.012252782,0.89939183,0.1345145,1.5788496,1.5392935,1.4024192,2.6997113,0.77416974,0.04206956,0.36732167,0.717276,0.035014477,0.21315524,0.031806957,1.0079784,0.038472638,0.8997346,1.0383387,0.58082575,0.0020034295,0.6042489,0.35764965,0.30650118,0.36708996,0.11040472,0.065320015,0.02022238,0.58875495,0.19415022,0.04034725,1.2098949,1.3181264,0.017016936,0.2893495,0.508941,0.35871327,0.67433065,0.26636568,1.6602596,0.010705977,0.041201416,0.15844315,0.28767946,0.009794683,0.11688384,0.32818958,0.08015917,0.0,0.23968138,0.26051825,0.69516116,4.057293,1.0489845,0.0,0.83533925,0.25077558,0.14323522,0.13433704,1.7754283,0.034574673,0.7917214,1.1253505,0.17067403,0.5622798,0.355587,0.18550225,0.4872867,0.184486,0.0,1.0478952,1.2925545,0.2963096,0.0,0.0,0.10685582,0.29096133,1.0998834,1.543609,0.27074036,0.55071217,0.15260655,0.55698735,0.93579966,0.27678284,0.24342005,0.8071582,1.6095546,0.16932446,1.126055,0.36312693,1.0786465,0.35780138,0.025137229,0.021693647,0.0,0.7197261,0.38728994,0.024586415,0.17928292,0.55665535,0.05090992,0.9810833,1.0461164,0.887567,0.07502437,0.34755865,5.5874333,0.89020896,0.012093935,0.65077716,0.035767376,0.38877487,0.0,0.9117579,2.7592828,0.4365835,0.0,0.7287909,0.08599974,0.8312515,1.1477354,0.11266146,0.19020429,0.0,0.14435917,0.12533392,0.7582082,0.9845866,1.5489583,0.49033654,0.32014203,0.40086257,3.6004052,0.06287585,0.8239754,0.019346468,0.0789365,0.32997364,0.39184538,0.6564734,0.123958275,0.08748525,0.5664539,0.27402705,1.5440724,0.43700808,0.55495334,0.045225482,0.06594114,0.7295614,0.78653944,1.1803552,0.87401223,0.95397323,0.0,0.4339801,0.13493803,0.08496705,0.47096124,1.8360941,0.2867862,0.53575236,0.0020585188,0.05453952,0.36106515,0.34599522,0.18713766,0.036204413,2.726943,1.1950942,0.028509079,0.5947307,0.7154152,0.61479163,0.011438851,0.6135942,0.037117116,0.83401287,0.06596013,0.3277491,0.061414853,0.19760484,0.028208354,0.020426476,1.2857046,0.39662376,4.4435544,1.1836885,1.0100855,0.17310965,0.0,3.931993,1.5182037,0.010519093,0.104899354,0.5139272,0.11879616,0.08905631,0.4877432,0.096831016,0.06609028,0.03796064,3.1111782,0.7549408,0.0,1.020053,0.19282813,0.44434038,0.48281685,0.75689733,0.4281277,0.10125822,0.17707606,0.14422545,0.835364,0.40383708,0.12734617,0.1249983,0.5343306,0.009063525,0.05922267,0.6899643,2.000493,0.117523685,1.4389871,1.0795264,1.5644163,0.21635787,0.29832697,0.9502982,0.12981306,0.7496122,1.1263605,0.08686146,0.04147554,0.8951585,0.5454326,2.6674976,1.113597,1.0287391,0.151137,0.059900653,0.23766182,0.3027907,0.30990747,1.0388558,0.08422724,0.14837675,1.4948562,0.40817183,0.3641362,1.1853284,1.2659882,0.105707675,0.5720699,0.011924223,0.94330835,0.061134275,0.26964194,0.42028344,0.79886585,0.6435816,0.82077384,0.19165154,0.65630907,0.1630804,0.79660326,0.49519098,0.0031570122,0.00675431,1.4965537,1.2638562,0.44832703,0.29297152,0.62016404,0.37793395,0.25473744,0.07842236,0.25342804,0.5247628,1.6171544,0.048149973,0.0,2.8059428,0.2281845,0.23791215,0.0,0.004789552,0.5748248,0.09095148,0.14270619,0.014227499,0.1569204,0.6840442,0.11140373,0.11780253,0.0026077852,0.012285626,0.08192457,0.046240795,0.18283838,0.1123433,0.04753979,3.5654306,0.7884774,0.22738598,1.0494647,0.46367466,0.18988602,0.5906533,0.16218469,0.05396188,0.22413021,0.21631002,all_pothole_images\pothole_images_new_image_1327.jpg
0.5039334,1.0618863,0.057756454,1.1135254,0.92830706,0.042881604,0.00077242876,0.051420566,0.24951479,0.048895746,0.056600384,0.26813462,0.50286734,1.5453844,0.0390226,0.15767014,0.00061175856,2.1149046,0.5239872,1.2039554,0.29330766,0.035409305,0.31529573,0.63216573,0.17719749,0.15304635,0.3594481,1.1662477,0.0,0.31653422,0.049225003,0.0008918379,0.0,0.8320219,0.17398296,0.18195315,1.0997405,0.5240149,0.8794852,0.23784345,0.41271454,1.2963977,0.91593665,0.76377815,0.1628157,0.6336082,1.0746119,0.7761872,1.9214724,0.63705873,0.118948594,0.60730004,0.07539217,0.68340135,0.8651582,1.3255986,0.41097102,0.22895546,0.6161427,1.1063298,0.6751737,0.029274615,0.8226287,0.34277883,0.7076198,0.24868791,0.020613097,0.071512625,0.052266773,1.0259949,1.8193865,0.9624629,0.46392074,0.0,0.0748273,0.009730601,0.80957854,0.10480172,0.076507986,0.19166197,0.5663616,0.8915438,0.8081447,1.6092619,0.1096585,0.06294752,0.47133833,0.028868068,0.11229887,0.50457925,0.27820045,2.2138846,1.3248988,0.44518942,1.1140722,1.0607178,0.03664202,0.7599035,1.3296419,0.8389793,0.5585993,0.30159873,1.1580951,0.7810689,1.2995411,0.29817033,1.0759342,0.26422647,1.3323992,0.36506882,0.29197997,0.021001952,0.008423158,0.084262244,2.3257966,0.020241596,0.14584345,0.2337061,0.54495543,0.0708531,0.7952653,0.8616454,0.3520925,1.3509095,0.21270029,0.5041361,0.13806021,0.29629055,0.041807044,0.24261966,0.20345396,0.44482282,0.31665605,0.119839646,0.29961744,0.45599735,0.060855825,0.8935429,1.0250897,1.3504025,0.39459103,0.09530776,0.091095574,0.43296167,0.081795566,0.5149082,0.06504378,0.46914282,0.37649286,0.39307207,0.49497977,0.8888871,0.28568754,0.43404508,0.10485683,0.38272724,0.8682592,0.63757116,0.40634072,1.3888297,0.643923,1.6996229,0.816943,1.9544786,1.5555055,0.0020579384,2.1543765,0.08327808,0.36821967,2.9527922,0.8605507,0.09082323,0.0,0.13905151,0.41653255,0.25999328,0.21770656,0.75933594,0.441801,0.079637736,0.31223208,2.887673,0.1471241,0.016294802,0.8693465,0.8301885,0.2334395,0.29594332,0.0040337318,2.0943081,0.08184118,0.85245216,1.5596381,0.26363218,0.57816464,1.059576,2.8321269,0.10193375,1.4792132,0.0,0.6181405,0.7186245,0.24885339,0.22612906,0.7346628,0.47938377,0.0991122,0.008359089,0.21139164,0.7665334,0.040081427,0.67729443,0.885319,0.0064219283,1.6187744,0.27355862,0.7715515,1.1292864,0.15677579,0.6411702,1.0401443,0.6428872,0.54530853,0.065938294,0.08768166,0.59509176,0.0,0.68249846,4.603153,0.30163196,0.45241165,0.27438173,0.39561403,0.21259631,0.733331,0.0,1.6774113,0.5847929,0.393006,0.16191015,0.30495775,0.17130466,0.17916234,0.5119215,0.23819931,0.28807116,0.68284965,0.40779015,1.0554224,3.1110473,0.22336034,0.15621655,0.14049494,0.060684334,0.7573859,0.5612002,0.98059803,0.93786126,0.120579675,0.64231753,0.60969824,0.26378775,1.2967709,1.9029582,0.5350879,0.5085519,0.23272967,0.80657196,2.2244897,0.25264165,0.2407168,0.21200487,0.84780324,0.9761335,1.0145812,1.4612389,0.010767513,0.6740345,0.39901593,0.0211868,1.3386816,1.5448645,0.5506585,0.0057804883,0.44819772,0.09826461,1.1099753,0.06874195,1.4047755,0.6975983,0.19811499,0.08939343,0.0,0.8103453,1.232362,0.017478257,0.30516136,0.94507706,0.10332098,1.3255653,0.45087788,0.2946322,0.83355737,0.15493135,5.2196813,0.8322444,0.20509975,0.36013228,0.23782249,0.78684664,0.18099266,0.8749306,0.39120322,2.486054,0.19153915,0.20629065,1.6281801,0.13906907,5.608157,0.35040274,0.71115243,0.2753409,0.0670943,0.16136217,0.06873629,1.2185246,1.3215665,0.0042894045,0.62073207,0.020936808,1.2194927,0.0002522432,0.00052131095,0.31335866,0.0,0.19385505,2.5659347,0.7661519,0.18365867,0.6911087,0.063102596,0.0030936876,0.8260206,1.7892823,0.61208785,0.039708644,0.3670675,0.19031507,0.1522382,1.7143984,0.31681532,0.22302935,0.4374433,0.58578795,1.0404075,0.097855076,0.11438935,2.5007303,0.07645969,0.09666103,1.6577321,3.558031,0.15832624,0.008974567,0.5018545,0.2818066,0.14869136,0.38658157,0.14297856,1.1054024,0.4211369,0.53059834,0.053488176,1.497155,0.5682191,3.0875227,0.0300564,0.030318916,0.21429427,3.5416946,1.3141831,0.44512114,0.16175818,0.6444791,0.19192907,0.002946901,1.8393657,0.17911996,0.42795563,0.8296308,0.9594474,0.09513547,0.57906455,0.95548517,0.0,0.69608957,0.7329709,0.5911347,0.17402847,0.766361,0.32925454,1.5152735,0.0,0.20790166,0.37920904,0.0059627304,1.102057,1.2989812,1.2185158,0.70517844,0.121522605,1.9790652,0.040673245,0.7124286,0.89870644,0.08959145,0.67936325,1.5372854,0.3964892,0.38736206,1.213151,1.1553955,0.16700962,1.3406459,1.5927553,0.008864565,0.26696405,0.009483595,0.012146231,0.1573461,0.07583858,0.34463617,0.13891776,0.2053381,0.24801415,0.0,0.069373,0.062373813,0.9813902,0.21237116,0.122299545,1.5679957,0.0819788,0.27370813,0.1220395,0.37907493,0.4502357,0.34847632,1.5188243,0.5408306,3.1326847,0.34115273,0.19731261,0.10218075,2.7944224,0.5935107,0.20420171,1.6683228,0.12551956,0.7758786,2.6003907,0.0,0.35917172,0.116909355,0.0,0.15678847,0.10021947,0.0,0.27072084,1.2492595,0.92305833,1.7431931,1.593378,0.0,0.018831523,1.0387015,0.0,0.116182595,0.08314448,0.15930799,0.010813352,0.7261658,0.2464296,0.02463897,0.40313002,0.73587567,0.6792275,0.5047961,1.2014374,0.23504327,0.44053486,0.3698773,0.8074705,0.34797904,0.013841805,0.07762395,0.026470026,0.010122978,0.13106294,1.4248344,0.6794932,0.73415405,0.37922433,0.194532,0.6085865,2.5825179,1.6765633,0.03500042,0.5155963,0.08323237,0.0049435757,2.137451,all_pothole_images\pothole_images_new_image_1328.jpg
1.5575851,0.49446252,0.00043858445,3.1469676,0.74028295,0.31512916,0.14616801,0.3728801,0.94306165,0.65774125,0.07562569,0.52099895,0.9155742,0.8732087,0.45562848,0.052263238,0.030855905,0.52021074,0.36279196,7.901983e-05,0.42497727,2.3481972,0.2501375,0.51240325,0.13381535,0.55182326,1.0766144,2.85918,0.04288405,0.6245114,1.3364412,0.43055126,0.61215574,0.68890595,0.25073972,1.8176918,0.6643953,0.6742997,1.1241186,0.97201425,0.16104443,0.39015582,0.3610749,1.8797585,0.8269788,0.72100335,0.32942837,0.09523465,1.1945646,2.9793196,0.70780444,0.5313233,0.04402647,0.0,0.051388193,2.3908815,1.7901374,0.62904555,0.8263714,0.2227845,0.34489027,0.042482954,0.078018695,0.6139165,1.7117168,2.2866435,0.20201436,0.07493123,1.8261435,0.7611645,0.031403825,1.4488429,0.6031712,0.07751716,0.9760092,0.51856315,0.4172978,1.0422648,0.18771096,0.06120221,0.13922638,0.06455421,0.1920317,0.43174145,0.65747327,0.0781443,0.26762465,0.029145192,3.057659,0.3849364,0.44463938,0.66044235,0.07726064,0.11412752,0.07245051,2.0792593e-05,1.2062051,0.4620629,0.427728,0.34961027,0.14258601,1.6243771,0.927456,0.0026787035,1.0540972,0.026191015,0.33282143,0.22406396,0.9064763,0.50801706,0.0067579956,1.8249637,0.9721681,0.45062712,0.108031936,0.60093856,3.6070673,1.0996374,2.8009157,0.92533684,1.2911333,0.22402292,0.29160035,1.078853,0.31059372,1.5339957,0.19715834,1.8642986,1.6406621,0.06460625,0.7218483,0.0,0.15818903,0.038749117,0.15591298,1.6880213,0.89013416,1.0668346,1.1719718,0.0048119216,1.0755863,0.023976585,0.81759745,1.6733353,0.17373256,2.5277328,0.10232729,0.31577244,1.2566525,0.020424945,0.27983007,0.7191297,0.041503906,0.19339758,1.4006889,0.95914346,1.3782821,0.109667756,0.8078481,0.68815684,2.2553658,3.0162134,0.1109323,1.2771553,0.10505884,0.6042779,0.52592653,0.02754613,2.2510257,0.98565626,0.0,0.00024766306,0.011893679,0.041419387,0.66140324,7.8830046e-05,0.03901531,0.0,0.9058457,0.5846475,0.0013448151,2.2482088,2.3499248,1.0141305,3.5293148,1.8596523,0.057484824,1.0054461,0.5969913,1.4481951,0.062582836,0.6159628,0.15753545,2.1551807,0.28409415,0.71249676,0.86637884,0.30775997,0.8211121,0.674746,0.38972777,1.6533694,0.9770211,1.5217183,1.5151831,0.40004212,0.44751778,1.0474957,0.6839486,0.18217488,0.21988739,0.0046681506,0.86585665,0.49161115,1.2354937,1.9381268,0.19133717,0.4850326,0.5625639,0.14005828,0.25268862,1.0382557,0.2883591,0.6477722,0.024927584,1.0001745,0.29092857,0.28549334,1.4437928,0.71225744,0.26859614,0.010930242,0.4132547,1.2279038,0.9151452,0.11280233,3.0395432,0.034900393,0.15079533,0.41827616,0.70608455,0.23465008,0.46053454,0.33205235,0.31057614,0.21025649,1.0077347,0.8441419,0.4577373,5.2036123,0.25811768,0.5137744,0.7743745,1.3369976,0.13633804,0.42333755,1.3384751,0.954173,0.018895205,1.6762866,0.12962253,0.23056917,0.772565,0.924424,1.4399049,0.5919302,0.005007543,0.96892446,0.43455964,0.1542501,0.18231378,0.019137086,0.0019647542,1.1246192,1.7653189,1.0695717,1.1817316,0.77820927,0.39639306,1.3333355,0.3817078,0.022781596,0.13866328,0.16069838,0.19907491,1.0222747,0.7809445,0.3320313,3.1583114,1.408777,0.13060272,0.0861866,0.27258497,1.1818702,0.031771943,0.09494182,0.1725342,1.938683,0.96669173,0.7994744,0.18987739,2.1347065,0.009678451,0.13317733,6.766741,1.2557782,0.07125341,0.25441894,0.017793268,1.2450373,1.3123715,1.2442324,2.7584178,1.9392734,0.36711043,0.66654176,0.088850684,0.85747916,3.7167077,0.29910633,0.05509781,0.0,0.01358,0.76305234,0.26151413,1.3182914,0.8545604,0.12105492,0.29118073,0.09591735,4.2204294,0.1642463,0.0,0.0358273,0.2166326,0.1201224,1.5828178,0.2408216,0.24118972,0.13718086,0.4654376,0.23598802,2.8085134,0.6855546,0.9892475,0.68374103,0.18231061,0.1578015,0.61362505,0.66901284,0.9584594,0.46857086,0.45867488,0.28984523,0.0,0.19968496,0.30617395,0.5594511,1.6111412,1.3193979,0.027820349,0.08724409,1.504795,0.4025278,0.21992776,0.002594283,2.3268747,0.17602246,0.0,0.320191,1.8787386,0.6252729,0.83862966,0.0,0.35436216,0.34411448,0.09012556,0.0,0.55043596,0.5242088,0.42514253,0.22800608,0.13410051,0.584214,3.0732126,1.8141257,1.7543423,0.054677263,0.34728095,0.27709284,2.4108644,1.6469951,0.31788614,0.0049668527,0.29407996,0.00044353146,1.2579393,0.36372286,0.299472,0.023790244,3.0153828,1.694271,0.28276289,0.20432991,0.9384515,0.5405229,0.62261564,0.2868642,0.06423583,0.09668096,1.5449098,1.0961955,0.23195063,1.2458575,0.011097225,0.24598461,0.92921025,0.08251819,0.8612836,0.040040683,3.5236979,0.49804917,1.0739843,1.6103688,2.6455946,0.063201085,0.14361611,1.6875249,0.009994877,1.8255494,0.25295815,0.31001386,0.7200065,1.4149518,1.2884943,3.9619083,0.57464397,0.27282324,0.16619316,0.67387146,0.23967361,0.87910444,0.87669903,0.46155372,0.121920474,0.31369147,0.3425728,0.23943351,0.71240234,0.8972032,1.8457679,0.26874533,0.12819257,1.8310587,1.4755856,1.1851368,0.52108264,0.75455093,0.6652368,1.5660412,3.0201578,0.30336937,3.6579652,0.11667724,0.059850127,0.30384123,0.11395014,0.06298215,0.8884468,1.3238487,0.08909198,1.6340657,0.17294663,0.486467,1.347087,0.7246629,0.38643163,1.6614951,0.49997395,0.044468977,0.0,5.2671123,1.1553074,0.26765537,0.0069306316,0.24100651,0.4727061,0.094637334,1.1334177,0.20067637,0.33305162,1.2755818,0.37518817,0.79049885,0.026604503,0.061206874,0.13468538,0.45494834,0.08554641,0.7538653,0.06857916,4.2651243,0.9834811,0.25381383,0.5732884,1.4400235,0.7042778,0.23408554,0.44782272,1.3261226,0.047457557,1.423084,all_pothole_images\pothole_images_new_image_1329.jpg
0.25998884,0.73210937,0.09176134,1.1265533,0.44433647,0.43934023,0.36245716,0.51607144,0.07777034,0.34014753,0.34213027,1.0656776,0.12889405,1.3527552,0.026865756,0.19730332,0.18037893,0.9113269,0.045694634,0.1298507,0.6877211,0.17875646,0.16219014,0.49644524,0.88166326,0.52151537,0.58303475,0.864403,0.14038548,0.08577804,1.0764365,0.5058858,0.011862854,0.9964052,0.16267239,0.39768213,0.004000412,0.13335164,0.24901558,0.78833616,0.045681898,0.22962387,0.043625258,1.7802625,0.3224016,0.2113464,0.474348,0.12632181,0.0,0.042387646,0.25360072,0.4757182,0.8157417,0.2130951,0.1380872,0.0777546,0.25377706,0.7316446,0.33131742,0.042601347,0.7751379,0.13007563,0.0063738134,0.41071287,1.2032919,1.6890566,0.029714825,0.10268666,0.22606227,0.114005774,0.6908588,0.24383985,0.24875242,0.19690259,0.064448304,0.0030183087,0.35397354,0.47419146,0.004499591,0.011361835,0.0,0.8485001,0.44043684,0.40654278,0.21676797,0.8496061,0.13475947,0.032837857,1.0379055,0.0410669,0.14745267,0.011949168,0.12769009,0.67726606,0.9540088,0.5437839,0.83211017,0.012613756,0.4370017,0.13945502,0.03202271,1.1180172,0.044372197,1.3541898,1.1889471,0.07331853,0.3149539,1.0149043,0.15161872,0.31135118,0.040649652,0.79984856,0.24685377,0.7711082,0.21599898,0.44982344,0.88614655,0.34759966,0.97562563,0.12304059,0.25611442,0.47466916,0.28089297,1.5466803,0.6301364,0.09739731,0.10150231,0.07082049,2.1764317,0.3411827,0.12318967,0.39886346,0.08510462,0.4132317,0.07802935,0.3853462,0.057060797,0.08958948,0.9629278,0.18702775,0.0,0.5256823,0.49174824,0.66912264,0.43205887,0.5767471,0.01670569,0.43880564,0.47362983,0.008551589,0.21453635,0.0008364287,0.034566686,0.15185525,0.6221921,0.088249974,0.0207177,0.34951276,0.7919325,1.0333899,0.25617528,7.66505,0.018064074,0.14205313,0.30612206,0.00088957645,2.8507457,0.45096722,1.6204027,3.1522608,0.0,0.239886,0.18590999,0.006457911,0.15039256,0.051840845,0.45891094,0.72035635,0.048503254,0.27215526,0.0,0.9458711,2.9074426,0.505905,1.1267141,0.77793074,0.36069247,0.0699762,2.378342,0.13687572,0.21799225,0.014355574,0.36810893,0.37682495,0.8329905,0.047489762,0.6465817,1.4842298,0.16190551,0.12731121,0.27729994,0.4319117,1.5093609,0.3333314,2.8687766,0.17967848,1.5075597,0.0,1.1827078,2.4529402,0.09786339,0.5395331,0.76382977,0.08784404,0.5697801,0.33578503,0.27724624,0.18418363,0.07581601,0.0,0.8709515,0.5752455,0.30115083,0.20911665,0.15619662,0.15711682,0.10164707,0.14867856,2.0188081,0.6128584,0.26782858,0.20682548,0.091027305,0.3148492,0.43181753,0.44628984,1.031951,0.34936652,1.2008896,0.2686486,0.58007133,0.53069645,0.1628126,0.18970446,0.13961574,0.34564596,0.35662615,0.90580356,0.6869476,2.9676726,0.53880304,0.20368044,0.077131525,0.1909293,0.21846688,0.10727671,0.97903144,0.32161972,0.091726035,0.5181772,0.2165783,1.3897188,0.17625403,0.07006795,0.61366475,0.57670105,0.5980448,1.4483736,1.7256974,0.020372836,0.41151014,0.00599349,0.24119474,0.48671818,0.6071058,1.1347444,0.04434201,0.7209918,0.056690224,0.3042343,2.109932,0.0,1.2672337,0.3127386,0.22846153,0.29372233,0.40944153,0.17599761,0.048311163,0.0951207,0.0054059434,0.231916,0.005080636,0.54724056,0.14099179,0.049806148,0.0,0.50315386,0.40182742,3.476581,0.9156268,0.95513976,0.058285244,0.06525008,2.8173172,0.17066939,0.0,0.08385731,0.039295793,0.034454755,0.033073854,0.030390978,0.51875544,1.3065889,0.07762969,0.007830824,0.2530088,0.8298559,1.9870994,0.42885798,0.1629258,0.010004329,0.60956955,0.15751143,0.25763944,0.87426996,0.9463578,0.17332645,0.35162342,0.07384062,3.3768218,0.35037565,0.6921445,0.0057607377,0.09768339,0.39505067,3.0924861,0.14354827,0.4286418,0.44275117,0.111786045,1.2181007,1.2357782,4.62871,0.3769018,0.50902146,0.0,1.6178193,0.95283115,0.046078037,0.14830157,0.3642749,0.035548583,0.256371,0.1520552,0.09344798,0.028427215,0.065695725,0.10161142,0.17839757,0.9589964,0.007435177,0.41017628,0.24317254,0.0016280104,0.009201895,0.4241026,0.746958,0.041998543,0.4984253,0.038286686,0.11696762,0.7369663,0.6033929,0.33101767,0.55255765,1.1421616,0.17901938,0.33600795,0.03743439,0.2831297,0.19989976,0.4483479,0.5514582,0.21710262,0.8607804,0.6018548,0.04831721,0.02927879,0.6993861,0.7549889,0.29185018,0.41922292,0.6882052,0.056323756,0.45788908,0.14721882,0.28252643,0.20611143,0.01184627,1.0876386,1.1436657,0.0,0.06606138,0.5277296,0.13458169,0.53349733,0.36505815,1.1030685,0.2748163,0.7396673,0.8553742,0.018542388,0.18193893,0.028101668,0.081521,1.5676531,0.5401611,0.16033787,0.33589274,1.1223211,0.0013969849,1.6884348,0.57013977,1.6065278,0.4321986,2.166428,0.71065754,0.14893162,0.016028117,0.12989326,0.022717096,0.05694043,0.0072246213,0.03899852,0.13033532,0.14134926,0.5424049,0.6845825,0.15636484,0.030617118,0.07952731,0.2795924,0.041316893,0.0,0.06042026,0.50031954,0.15912722,0.04246777,0.55710435,3.9723303,0.12705258,0.25118616,0.031839423,0.4030473,0.37435737,0.21639127,0.018697174,0.09616562,0.15924582,0.3037804,0.12204708,0.071466036,0.073546134,0.103388995,0.56616324,0.120840214,0.21794231,0.35579395,0.03110324,0.11921606,1.3589633,0.1833811,0.0062657716,0.0086850785,0.011226063,0.49432907,0.17537545,0.68044966,0.0,0.24716431,0.82008994,0.19513088,0.38033766,0.0,0.18605925,0.08688854,0.24768132,0.70199925,0.0,0.81039643,1.6380777,0.060118992,0.0042877067,0.0,0.21683626,0.6102071,0.0818257,0.0,0.116733216,1.3153459,0.017821275,0.62790143,0.22212298,0.2182791,2.6476524,3.4868257,0.89453006,0.022109099,0.50623524,1.5438864,0.17998342,all_pothole_images\pothole_images_new_image_133.jpg
0.8106387,3.422239,4.6738157,2.5051637,0.037388574,1.1622045,0.7013647,1.2657875,1.7303543,0.65665877,0.8676504,0.13213083,0.95661116,0.27040526,0.22742954,0.97335005,0.4629509,0.16386686,1.3041173,0.90166193,0.112856135,1.681171,2.2096977,1.8541713,0.0,0.90427506,0.020765526,1.5934283,1.0742307,0.923025,0.5273962,0.9707329,0.032190513,0.745496,0.5928022,0.9204103,0.14946015,0.3373097,1.5252886,1.1744192,0.93726075,0.39810404,0.92746747,0.0033869685,0.8948429,0.55179495,0.8283346,0.46556437,1.7333442,0.06719262,0.15054858,0.7052709,1.9699162,1.3057722,1.103604,1.0462654,0.81651336,0.35874394,1.2050979,1.3422154,0.23549259,0.32830966,0.820147,0.122844994,0.25278434,1.4037687,0.5147766,0.58599764,0.9743576,0.73647773,0.82836115,0.48051083,1.4774045,0.0115914475,1.7267941,3.1826153,1.7467002,0.567064,1.5443591,0.6722941,0.34028375,0.6677252,1.1462667,0.35057518,1.5947677,1.0068059,1.50882,0.84082466,4.7614126,0.88299966,0.02068988,0.8381112,0.5966658,0.6454377,0.7171888,0.6661382,3.242335,4.4674187,0.98464537,0.34710634,0.69823205,0.008218773,0.21556245,0.6590548,1.2075568,0.7953733,0.29312438,0.050870754,0.6434866,2.0495143,0.36003673,4.253607,0.4039728,1.0568502,0.04604989,0.5373797,0.18322437,0.48616815,0.61756694,0.6916273,0.5673085,0.34477565,0.89636075,0.22751135,1.3573095,1.1325516,1.0144694,0.7651881,1.0917904,0.33554918,0.29569754,1.3776423,0.55896735,0.9796095,1.4149324,0.6786027,0.11505105,1.5418595,0.34086514,0.47016937,0.9757815,0.92422897,0.60792613,0.91229564,0.627067,0.002130852,0.8147164,1.2382154,0.5159719,3.539317,1.4029126,0.36829415,1.6746203,0.4618063,2.0087883,0.4959619,0.099880196,1.4064468,1.1159321,0.16950023,0.42513523,1.0649065,1.0236431,0.38388932,0.24277581,0.94627845,0.25460842,0.17361914,1.3500808,1.0648724,0.19126952,0.02023863,0.41871315,0.29597497,1.7595009,0.50668854,1.3862343,0.8921486,1.1531254,2.6352768,2.277043,0.338538,0.14755122,2.0465589,3.7336252,0.93097305,0.9442974,0.255592,0.94998217,2.3563933,0.04091581,1.4182813,0.8152988,1.6865685,1.0787163,1.254105,0.21439876,3.7169232,0.85654503,3.7673912,0.4573502,1.3967808,0.36703464,0.22255278,0.69059175,1.480574,0.74978423,0.6113025,0.03737562,1.842288,1.0955147,0.8890405,2.9375944,1.0307266,0.17973734,0.69191813,0.60472953,1.1807231,2.5163019,1.3777767,0.15514867,0.9185573,0.3678412,1.5130241,0.14822741,0.18814048,3.2180095,0.42252043,0.5475211,1.1163452,1.8216118,0.26134893,0.33401322,0.3273916,0.27567017,2.006458,0.31880623,0.19977482,0.29130062,0.00032212783,0.6171222,0.91975963,0.81518334,0.88838273,0.15219666,0.0224505,1.873929,1.6535265,1.6689494,1.8648033,0.66487867,0.19531974,0.26975852,0.26618084,0.5235286,0.1188788,0.84669524,0.8399806,1.1253494,0.43398526,0.1336689,0.5221936,2.0962176,0.05357538,0.025184538,1.9162741,0.45935342,1.3817369,0.23982233,1.1795394,0.8885237,0.23586893,0.5077211,2.7898011,1.7004387,2.713238,2.2612422,0.17421588,0.10795278,2.122098,0.01244367,0.69707334,0.83361685,0.2559292,1.6592958,0.76529425,0.3186142,1.4292551,1.7323064,0.23676287,0.20153555,1.9637458,0.038244467,1.3238957,0.3815576,0.34141824,0.8266895,0.10965929,2.275015,1.0116161,0.41663912,0.19659074,0.5456015,0.49320555,0.97479045,0.29497275,0.28482768,2.8245049,1.7707921,0.096032105,0.58393395,0.6793785,4.670176,0.506715,0.0314442,0.4136776,0.14900586,0.046245247,0.99650943,0.047164384,0.07886685,0.55297303,0.026133366,0.53730834,0.98643476,1.1718136,0.70096254,0.12318878,0.65324986,0.118782885,5.0164905,0.25923866,1.0637277,0.717601,1.103502,0.6258312,1.665061,1.0093893,0.33601224,0.030331135,2.68736,2.0730197,1.6891854,0.5937571,2.5774648,1.1687317,0.7195363,1.4012245,0.27347425,1.0173831,0.46221313,1.0811027,0.29722238,0.71287614,0.8394263,0.70864636,1.2622461,0.7961121,0.21446154,0.752641,0.34017742,1.6554133,1.3614417,0.26691884,0.65022,1.1349393,1.1137793,1.0084991,0.10391646,0.72866493,1.3333594,1.7066877,0.4760718,0.27338552,1.5716301,1.0368485,1.1685641,3.0540755,1.3493414,0.51297045,0.39429352,0.6054508,2.0336924,3.2258682,6.2399664,1.074482,1.1856654,0.139365,0.40749377,5.5896287,2.4526548,2.1021845,0.50123554,1.2343558,0.50309217,0.17026533,0.7559232,0.79734474,0.7077554,0.07974005,2.6590102,1.6027125,1.2112538,0.8561406,0.078328684,0.28057364,0.99330556,0.703029,0.68381447,0.07336693,0.61572033,0.3557132,0.89312387,0.21253307,0.0,1.0278872,2.138767,0.0022445626,1.0185139,0.35653904,0.15536337,1.0377443,0.0021847282,0.97825766,0.41002315,0.7990089,2.5834131,2.160881,2.0322082,0.19313271,0.2171931,1.0838777,1.2746282,1.3673162,0.42971972,5.917155,1.3504305,0.060955927,1.0451396,0.12603651,1.0952827,0.6937575,0.08189745,0.73057526,0.58539075,0.0,1.3359238,1.013403,0.87878865,2.915219,1.016799,1.3068585,2.546752,1.5717381,1.2208564,1.6917725,1.2075891,1.8680702,0.1886183,2.334052,0.35222462,2.1600778,0.27610815,0.15092649,0.9045274,2.0456963,0.22224528,0.17083588,0.4972045,3.7085235,3.796981,0.2843167,0.16932596,1.0850415,1.923639,0.47277558,0.73781395,1.384021,0.9733358,0.924257,3.6610394,2.6463194,0.94411606,1.0112616,0.41870862,1.4309739,0.90401465,0.6969058,2.9391952,0.011726676,1.3870311,2.6154697,0.008171818,0.084757276,0.61231524,0.28970468,0.0020976407,0.19625218,1.0401605,0.6864721,0.397837,2.416196,1.5063641,0.64431965,0.18736455,0.359025,0.54607135,4.3728065,0.1786325,1.0628476,1.8427807,0.37338454,all_pothole_images\pothole_images_new_image_1330.jpg
0.26111773,0.7174287,0.70468014,2.6646347,0.69523495,0.85840636,1.1185522,0.6833642,1.2157358,1.0377635,0.5691687,1.5526826,0.15715182,1.9827527,1.0880209,0.03247799,0.65577906,0.19306463,2.7253077,1.4907217,1.5809013,0.5107648,1.2154261,1.5131917,1.2584944,0.6729926,1.4999956,1.874956,2.922375,0.8733506,1.289671,0.40677375,1.549223,0.6050021,0.61107266,1.4346422,0.57728297,2.13486,1.2089782,0.8671982,0.1458727,0.4098278,0.7722121,2.0698822,0.19836365,0.6808937,0.12904301,0.2704401,0.1984834,0.23446405,2.537894,1.187374,0.39740065,0.34481078,0.015887527,0.38157856,0.7893852,0.098460466,0.6535224,0.06334506,0.7803895,0.93734986,0.17015852,0.16057733,2.5632622,0.9198691,0.4247873,0.3819765,0.08965623,0.49971193,0.8418353,0.8864012,0.4928289,0.06869412,1.1637868,0.48693466,0.8441872,2.6936448,0.5983262,0.40752736,0.471903,0.38079056,0.14641543,0.81989694,3.0884852,1.3218075,0.66713333,0.18765876,2.5636327,1.1862918,0.36451128,0.19684589,0.16601107,0.6192634,0.5887421,0.4894329,2.4860075,0.25006628,1.0290383,3.0545456,0.17407869,2.5460227,0.8013162,1.2382554,0.7248088,0.040877897,1.6386678,0.75208485,0.43951538,0.7128741,0.42292863,0.77674305,1.6984318,1.0325441,2.0922623,0.816622,0.8979164,1.017887,0.3999303,1.1512713,0.50728494,1.3019459,0.3626741,1.1378272,1.3561913,0.045180663,2.6667228,0.33417502,1.7043957,1.5588435,0.034796484,0.27743903,0.6470797,0.40936208,0.23838034,2.4890285,0.59429455,3.5597844,0.27903354,0.577784,0.52122366,1.2305924,0.8632708,1.5289063,0.9093868,1.2257638,0.0071343966,2.1463633,1.2989568,0.2521304,2.3008273,0.87672335,0.056467086,0.10163148,1.1561265,0.49268907,1.6274643,0.5839639,0.36767733,1.1847615,2.7207167,2.9070005,0.29671973,2.8908432,0.13916348,0.9772781,0.7350529,0.8487265,1.4601752,0.6299533,0.53003305,0.012993707,0.9034472,0.15065116,0.083273806,0.5919024,2.27382,1.2734691,0.2517784,0.24148309,0.6675717,0.10869468,0.12371887,1.4674072,1.2289026,0.27074775,0.1637831,1.9341584,0.41036326,0.51051086,1.0258265,0.9014609,0.7999604,3.3306143,0.4706963,0.27128538,0.59128034,1.4312545,2.5722475,1.2636067,1.3618388,1.020051,1.375258,0.7839897,0.07480413,0.09749432,0.5718456,0.10617578,1.0387226,1.3863288,0.070056275,0.17690487,2.5718486,0.24426685,2.5253947,2.1164093,2.2733138,1.1101243,0.36527818,1.8874537,2.2096095,0.30317196,1.2506131,0.749481,0.37255466,0.5324235,1.0562912,0.58633435,0.54247755,0.66772866,1.1333394,0.70197064,0.3679947,0.72840065,0.70944726,0.31785852,1.483018,1.1385572,0.6476616,0.37011492,2.334288,1.1921089,1.3967615,0.6205175,1.1225468,0.22934273,0.7936619,0.53305775,2.0194182,2.9482157,0.8864945,0.37888604,0.96748054,0.5716397,0.09390985,1.1642824,0.42322502,0.8942041,0.6005226,3.0131984,2.1402001,0.47740278,1.4792125,0.031556614,0.09672532,0.15666084,0.33031958,0.5524647,0.47992146,0.4634515,0.47795224,0.19415085,0.057795182,0.87074685,0.3743561,0.22618239,1.1203731,0.9758048,0.88702637,1.0959475,0.35168245,0.13638416,0.8018721,0.5709629,0.796498,0.9258158,1.3512044,1.6752259,2.9570255,0.29679906,0.43791354,1.557374,1.7130989,0.6730619,0.5562116,1.5310684,1.6966599,1.342191,0.06245903,2.2492406,0.372134,1.134944,0.9989045,0.7909378,1.4563718,0.7696305,0.32492882,0.7813382,0.91434336,0.46418184,2.4504297,1.779835,0.9150752,2.1107116,0.29241002,2.0547152,0.36757755,0.40925333,0.40062478,0.18557167,1.1962526,0.8512185,0.14888853,0.90521115,1.6718451,0.49614337,0.7396665,0.5263408,0.5792068,0.71723974,0.80388284,0.64772373,0.1369192,0.74785036,2.5958893,0.32906023,1.782924,3.433841,0.6384276,0.66197366,0.5760128,1.0128038,0.5633231,1.2515719,2.3551772,0.7566478,1.0317904,1.2618588,0.4909831,0.415822,1.1161046,0.8542076,1.8721431,0.23387681,0.18187976,0.65332484,1.2014055,0.9037047,0.11871427,0.33480686,1.3648401,0.24986029,0.57313865,1.244217,0.03240326,0.36609268,2.3570287,0.61949736,1.2367167,0.25353506,0.98208547,1.4729935,0.7264016,0.93041533,0.7821276,0.8642047,0.1963044,0.61901736,0.62922883,1.9656867,2.390511,0.998792,1.2697424,1.2081945,1.4487016,2.9663699,2.1054192,0.5555659,0.41613647,2.4429183,1.8441514,0.837131,0.0020551009,1.9231437,1.1224064,0.07276403,2.9549916,0.05947864,0.65056163,0.03126391,2.0473156,0.29046795,0.3953124,2.276699,1.7580551,0.33980575,0.3258288,0.44596106,0.592519,0.18056545,0.47002098,0.46572036,0.7708807,1.6629539,0.0,0.69390374,1.7999234,1.515088,1.01054,0.61772,3.306095,0.6573821,2.5408635,2.1427624,2.0556498,0.5704513,3.2449431,2.213327,1.9446495,1.2529892,0.50588983,1.6349077,1.2920351,3.4064212,1.0246062,3.1402338,1.2727475,1.2646409,0.77605385,0.4210603,1.7029574,0.37301245,1.1991206,0.47190264,0.23949307,0.0,2.7467446,0.16505976,0.38387108,0.46914282,1.2953496,1.291575,0.015753595,1.0540427,0.26213127,0.6069361,0.62406725,0.6655675,0.7592898,0.38620892,1.3405001,0.72192496,0.22189498,0.37949008,0.3196954,1.6796006,0.50090003,0.36467513,1.6899984,0.35105988,0.78504056,0.8598745,1.3386228,0.6289266,0.18097235,0.37169468,0.77864164,1.3110837,0.42300734,1.5764595,2.4490008,1.1258354,0.9323701,1.6990128,0.033541605,1.8424461,0.93585414,0.0,1.1587541,0.5089052,0.7559819,2.3376477,0.5847526,0.45719212,0.19111325,0.5932733,1.7353073,0.4812544,1.2718573,0.34168345,1.0933931,1.3864138,0.68755955,0.47609445,1.7453539,0.07406163,2.4846072,0.36229518,0.33882418,1.3939644,1.1173524,0.8124006,all_pothole_images\pothole_images_new_image_1331.jpg
2.5162373,2.2588866,0.5424116,1.1398075,1.2316413,0.17624184,0.8141632,0.39812702,0.6570732,0.6367586,0.53135514,0.8761525,0.89044046,0.76156396,0.058257908,0.1499425,0.45981538,0.69964087,0.33302695,1.3225658,0.5294146,1.5706478,1.3209279,2.192138,0.59717286,0.7991827,0.26028574,1.2463751,0.0098795155,1.3153948,0.3870724,0.11245583,1.7884178,0.039434776,0.087541714,1.1729237,1.1445321,0.991225,2.0944881,0.4906611,0.60009307,1.2259785,0.309104,0.4447125,0.47373328,0.33911932,1.6297246,0.1371685,1.1631993,0.0030149086,0.99547887,0.7822281,0.1508625,0.028338226,0.23041977,0.54899204,2.125957,0.11338585,0.67440194,0.39215156,0.5598611,0.08764803,0.27529365,0.30013165,0.38634574,3.4594061,0.10959212,0.6359515,0.4173162,0.5870944,0.2835084,0.5361149,0.30536017,0.44378206,0.45348793,0.6112517,2.2515883,0.544377,0.545092,1.7636929,0.40438032,0.016075645,0.7338549,1.2659848,0.36127076,1.0526245,0.387081,0.24560964,3.1163397,0.51431346,0.47306123,0.4904356,0.08603027,0.075412996,0.62757075,0.29836458,1.8582352,0.40590438,2.4009838,0.80606794,0.0014083515,4.837589,0.1748206,0.055623587,1.271131,0.07418321,0.18588525,0.7136806,0.049972855,2.414848,0.042979863,1.6746048,1.2889054,0.02697441,0.30130488,0.9367163,3.2405145,0.39294106,0.46105626,0.08658944,0.5455257,0.15917154,0.56515306,0.8294406,0.91608036,0.5780628,0.88259953,0.92800343,0.99791247,0.100136764,2.0105722,3.3415775,0.13020016,0.042707663,0.55095655,2.188328,0.0,1.2981002,0.28071016,0.65124625,1.301225,0.16879438,1.7702545,1.7326597,0.15304193,0.5542157,0.25745565,1.7673203,0.10041663,0.035029195,0.89183897,0.38757253,0.8563733,0.0025162504,0.45060745,0.72748107,0.03298688,1.154846,0.16827478,0.7977553,0.6279994,0.4302896,0.057790905,2.3689628,4.9187226,0.42028505,0.27871555,0.37291503,2.0364563,0.22323036,0.6607425,0.067512445,0.120634116,0.058331665,0.66532105,0.120358095,0.17027195,0.24837014,0.09109513,0.16604827,0.110111155,3.27568,3.027714,2.3075917,4.3067274,0.4484653,1.6611649,4.0694036,0.019290479,1.4564978,2.0190609,0.054372266,0.22240168,4.68438,1.1018139,0.0,1.6365719,1.503851,0.7977581,1.100956,0.73764116,0.69228673,1.2753196,0.3870916,0.43204018,1.0968788,1.7267712,0.15676954,0.30197313,1.6423006,0.0,0.5785254,1.0830739,1.6579214,1.043488,0.110273205,1.38204,0.13120446,0.55888,0.15922871,1.2743292,0.22188422,0.6999329,0.8986179,0.30065897,0.14522916,2.0175567,2.1398497,0.3309559,0.0,0.0035479479,3.2735527,0.19859286,0.36049175,1.7599802,0.26858506,0.913376,0.0,0.08935735,0.4472875,0.4001941,0.35325107,0.29169276,0.87535703,0.36340225,0.013539409,0.90604556,0.24071732,1.8811138,1.4863024,3.162035,0.64543414,1.2156242,0.41510454,0.54497266,0.086685844,0.5376969,0.004630924,0.06784547,2.149117,0.20197856,1.028208,2.0236642,0.005361376,0.5065753,1.9864848,0.5084923,0.88756484,3.0503511,0.2296175,0.6034722,0.057657704,0.48671696,0.8280572,0.83215207,0.8120115,1.1066544,1.6489223,0.24232887,0.4332577,0.052307248,0.777432,0.030390875,0.8049606,1.2321184,0.9597482,1.9342327,1.0736971,1.6883206,0.0021932526,1.1384981,0.036796764,0.5411524,1.8450603,0.0908731,0.47048226,1.4708887,0.10465773,0.1373161,0.06627079,0.0,0.12948234,0.2719686,0.42362195,1.8078115,0.04799241,0.34215412,0.6689352,0.4847493,0.65499127,2.3797998,1.5784744,2.9655986,0.28518015,0.44228667,0.6560413,0.036841433,1.2396601,1.260158,0.49847424,0.97389174,1.0119426,0.0061251232,0.31110474,0.5810181,0.3544513,0.6850671,0.12833355,0.31853727,1.2438447,3.3211539,0.530174,0.2007566,0.5612953,0.036693532,0.4097231,1.3958305,0.5865602,0.6804934,0.037934255,0.4973778,2.246579,1.6096219,0.0461905,0.062609755,0.19540854,0.7186971,0.34152263,0.07089751,0.7853272,0.805322,0.079793975,2.2133238,1.3219314,0.8830155,1.5280172,0.97918576,1.7631959,0.30094832,1.0025594,1.2488698,1.7385705,1.0050797,1.0789624,0.07175406,0.4288568,0.6765985,0.14130871,1.2487434,0.42682573,3.131507,0.19586079,0.17172256,0.013710024,1.2582979,0.63432693,0.07725838,0.71580476,0.4815871,0.9880408,1.0084397,0.5282271,1.4494655,1.3433349,2.720253,0.5717625,2.8039875,0.08130895,0.07014158,0.82091755,0.8853813,1.6578023,0.0,0.34088084,0.016075427,0.5118438,1.6844063,0.34336802,1.3800111,0.050523125,2.889567,1.5778433,0.7118879,2.1868148,0.5205289,0.03237378,1.2322531,0.5072891,0.039540336,0.4006094,0.29290146,0.44989425,1.7829088,1.19287,0.11143644,0.21718107,0.9583805,2.1981895,1.8259704,0.0,2.9995377,0.6620543,2.2019193,1.4263079,1.1864218,0.121710464,1.1869657,0.41717547,1.5936798,0.17836924,0.23221666,1.0865163,0.49021244,1.113604,0.020850064,4.2523303,0.5822918,0.6187622,0.40046987,1.1656768,1.9464849,0.1994046,0.11951584,0.04714739,0.30996114,0.07070511,0.44540992,0.5545402,0.01611229,0.29427204,0.3466582,0.4849236,0.4715974,1.2323092,1.790793,3.7018936,0.3062606,0.16421528,0.2010339,2.1294265,0.36139506,1.6323637,1.5528011,0.1812399,1.0569649,0.5991286,0.025046945,0.29258662,1.3248042,0.9850745,1.3777161,0.27029622,0.73662114,1.1128031,0.42023128,2.4285219,0.20819017,0.84559315,0.8045676,0.60862267,1.3140632,3.097098,2.6441832,0.79439354,0.008564983,1.6238241,3.7716131,0.04901499,0.38688168,0.049168833,0.53511995,1.5242866,0.49509802,0.011747182,0.73359454,0.044344906,0.56710535,0.68030304,0.17160423,0.84192747,0.46933714,4.5598965,0.74848276,0.84154135,0.4524472,0.9364263,0.08975478,2.7314558,2.0711594,2.9170852,0.330946,0.66859037,all_pothole_images\pothole_images_new_image_1332.jpg
0.31841937,1.1731743,0.5171511,1.4723151,0.2547005,0.25804514,1.0829843,0.013008218,0.20064895,0.14187291,0.39287573,0.50035423,0.33533,1.4839545,0.0,0.16482276,0.088115424,0.22584197,1.3453987,0.0041392366,0.0,1.1389098,0.15946653,0.40700406,2.0378678,1.2153298,0.19889368,0.57460856,0.085991904,0.031190937,0.48901686,0.773623,0.025587887,0.1597636,0.04661618,0.3688788,0.122212715,0.3677145,0.8445252,0.45860076,0.036990236,0.4764508,0.67748517,0.6533275,1.2743497,0.014896973,0.4155641,0.14748791,0.733911,0.4502241,0.5540033,0.56122696,0.4557928,0.101631194,0.36102527,0.6827464,1.3695991,0.052048452,0.6904876,0.119317956,0.17332314,0.0040483037,0.16093346,0.19399929,0.9215679,2.7537732,0.20985764,0.26112452,1.1234089,0.036417235,0.08350067,0.24077256,0.15005629,0.09580756,1.030733,0.22371714,0.10812087,0.41613922,0.23739912,0.8164364,0.0,0.0,1.10348,0.88978094,0.40699655,0.26746044,0.2798452,0.4977476,2.3063695,0.28115588,0.15854913,0.6424801,0.056145746,0.8830078,0.1383163,0.00787781,1.5390575,0.51054746,1.0253862,0.03728134,0.31800872,0.68597823,0.008900906,0.91015,0.87773705,0.39548382,0.24470733,0.3440522,0.068802,0.30475113,0.021483425,1.6401722,0.12935957,0.2895211,0.0048904405,0.45587274,2.1661553,1.1023895,0.7242883,0.4340923,0.88392407,0.66902643,0.19030412,0.31643957,0.12511156,0.81824404,0.6013407,0.3583727,1.3628123,0.18007007,0.31683362,0.020891368,0.0,0.0115913795,0.32306808,0.011959494,0.28282037,0.7690082,0.44108456,0.22411178,0.34309107,0.8281011,0.0,0.7472056,0.031861734,0.13114525,0.008480856,0.42315292,1.0921022,0.9650598,0.34972817,0.7465472,0.14204387,0.26965624,0.4804646,0.2974508,0.03261437,0.54193914,0.27501056,0.7062214,1.1316748,0.88590425,0.5581624,0.82499415,0.55371946,0.3166352,0.23030736,0.20637575,1.2699152,0.6552768,0.11672753,0.40307724,0.2388106,0.08567088,0.5785731,0.03587814,0.21020229,0.023025325,0.26028872,0.4014084,0.14126636,2.611965,1.862824,0.09949529,4.334514,0.39889377,0.9875359,1.5654234,0.43679175,0.46911916,0.301814,1.0421188,0.13729587,1.9626689,0.11750441,0.010278193,0.17683664,1.8044171,0.57486,0.85869735,0.5353437,0.93289113,0.6742483,0.6434653,1.1236677,0.88239324,0.30483133,0.19114019,0.93357533,0.47426364,0.25729665,0.1932938,0.25342837,0.09990778,0.55980545,1.2138808,0.14127368,0.2760811,0.2455331,0.022163497,0.7218092,0.7362635,0.6897752,0.85835314,0.20613016,0.28368276,1.8462979,0.17296349,1.1029632,0.18924735,0.25996047,0.65005594,0.19860314,0.25893024,0.4868058,0.52097017,2.1577346,0.12955487,0.17575754,0.8547296,0.9860612,0.1610088,0.34433773,0.5852669,0.30330032,0.021589939,0.5606169,0.4595396,1.051256,4.5395823,2.0928972,0.07283882,0.90806186,0.15244763,0.2600101,0.42900264,1.3000605,0.88102907,0.34074152,1.5682856,0.45797813,0.046948902,0.09975091,1.312505,0.91012883,0.45559606,0.7238276,0.76535934,0.8548021,0.7510356,0.4962474,0.26921716,0.0010952587,0.571047,2.2117755,1.7726295,0.67307365,0.35434622,0.79043984,0.65039426,0.4380998,0.3782065,0.030942053,0.46612224,0.39745906,1.5500028,0.4441824,0.525881,1.4702276,0.44524905,0.043491714,0.05249782,0.14482662,1.4694297,0.43176243,0.29827508,0.3464211,1.9852023,0.58939934,0.6705707,0.12790385,0.4915441,0.0048167845,0.20466115,5.816563,0.6651592,0.23767322,0.8564065,0.019115426,0.16919398,0.113223694,0.91472703,3.775743,0.74156517,0.08492226,0.7522407,0.4030607,0.67959905,3.2972503,0.2946166,0.16437277,0.15704651,0.0,0.17046082,0.3866984,0.38536027,1.2731403,0.0,0.45860314,0.2789342,4.915681,0.65672094,0.14195697,0.0,0.018164173,0.23866756,2.5918405,0.88831717,0.050919786,0.39334643,0.024119712,0.15051849,1.8731819,0.63129956,0.3825297,0.43487453,0.3709185,0.685754,0.47498792,0.18052895,0.34040645,0.40810424,0.27384722,0.12165296,0.33316693,0.0,0.6157075,1.5386668,0.3773274,0.81226575,0.0035287165,0.06603176,1.0300494,0.03794901,0.09825687,0.0031692386,2.0035682,0.24499369,0.6045523,0.27436906,3.5248857,0.5782741,0.6672212,0.05229288,0.44608235,0.95128155,0.12627874,0.14660053,0.30664465,0.3172765,0.14962797,0.021705642,0.14276794,1.124639,4.209713,0.35547945,0.41234905,0.0,0.014204423,1.3295995,1.1314117,1.2813666,0.057756394,0.3365582,0.79543054,0.1274314,0.2216169,0.2170353,0.11382279,0.07484121,5.0082865,0.38355458,0.21095057,0.72441834,0.3054896,0.2046383,0.26967216,0.48382622,0.053292245,0.17377624,0.52849174,0.65565246,0.635508,0.9026634,0.01740673,0.052393414,0.31717536,0.7969203,0.032413058,0.041363787,1.2351723,0.02688545,0.28221363,1.5728062,0.114619866,0.11117399,0.4682887,1.7693594,0.48239827,0.29502898,0.23894481,0.27174002,0.10290381,0.54560226,0.18543804,2.9866679,0.34149364,0.1842815,0.062863074,0.18805118,0.2519828,0.4541635,0.28748256,0.5419075,0.15844952,0.053017665,0.35840732,0.16688919,0.24070294,0.72858226,1.50158,0.33278763,0.31707168,0.6242713,1.744656,1.3192772,0.19129202,0.40141678,0.6544279,1.2422032,0.87850314,0.19491325,1.3361399,0.0056494297,0.96720886,0.3968123,0.81385434,0.022416146,0.957088,0.03639921,1.1680791,1.1360835,0.5197581,0.13343738,0.23601909,0.84257156,0.4622442,1.313019,0.6669983,0.04956474,0.03308667,2.7754304,2.0368662,0.24088868,0.043778904,1.1502321,1.3915064,0.06794672,1.4941876,0.098875314,0.67326415,1.0498395,0.16276088,0.14257805,0.0024207274,0.7296469,0.16071291,0.11539936,0.26776347,0.3379917,0.05064118,3.0615041,0.44967747,0.13429828,0.6294319,1.6551108,0.29245082,0.7138958,0.6956421,0.51733536,0.4141536,1.4088883,all_pothole_images\pothole_images_new_image_1333.jpg
0.62064403,0.7542738,0.9016271,0.0059583522,0.75082403,0.19709778,0.21205962,1.2544794,0.93744624,1.8593043,0.035837848,0.27734858,0.9706493,0.073401526,0.37910518,0.52962595,0.16642025,0.5068788,0.32684922,0.80596733,0.0032244017,0.41368833,0.24253021,2.9498205,0.06142261,1.4933505,0.59735584,0.60434693,0.24490681,0.33506343,0.9482962,0.98873913,1.8965858,3.5658462,0.49869195,0.085726134,0.29254246,2.4603112,0.82160836,0.5798476,0.23663203,0.1636402,0.26786587,0.6514224,0.70972705,0.023968818,1.9649081,0.92668927,2.565867,1.5617828,0.5210572,1.1570122,0.35962272,0.07637058,0.029394578,0.06516585,1.7845882,0.15362428,1.264804,0.25066373,0.0,1.1019526,0.13231681,0.55878204,0.49988836,0.4542103,0.60872525,2.2558975,0.54031396,0.26086935,0.21000636,0.03729629,0.3090701,0.35375524,0.21808863,0.93266386,0.054896068,0.3821708,0.2689153,0.69619495,0.119232334,0.40264416,1.0444913,1.647044,0.77930576,1.376618,1.3996279,1.1195902,2.6914148,0.33501667,0.1342768,0.7284205,0.8395671,0.6893776,0.97964567,0.38530907,1.070632,0.9704372,0.49816442,0.16053629,0.011673141,0.25981152,0.06794119,1.6050614,0.34411424,0.06197032,0.25822556,0.8745383,0.04884458,1.1660899,0.25581807,0.7631979,0.64274514,0.9400653,0.9123276,1.0683142,1.5451115,0.074818395,0.12956724,1.1373816,3.0501099,1.193497,0.30820516,2.6513066,0.47341785,0.39739063,0.069200784,0.2391784,0.928357,0.22698113,1.2888352,0.7236786,1.2499454,0.012184532,0.36853343,0.088839516,0.32179213,0.052779134,1.8118451,0.6857531,2.362372,1.8203741,1.3989682,0.9999431,0.27136934,0.009778726,0.546586,1.70356,0.071892105,0.0979649,1.1024395,0.79320174,0.71810305,0.018440599,1.3580294,0.69770944,1.8792669,0.88477236,0.8400308,0.808527,1.2045923,0.67825854,0.016246831,0.7482565,0.88992435,0.21939783,0.022342134,0.27727184,0.14964704,0.26249942,0.66702306,0.4365896,0.11621765,0.110242814,1.6210059,0.4226195,0.39225182,0.0,0.008336602,1.1956375,0.15135288,0.9713728,2.7931094,2.8290815,2.779673,2.7194033,0.03128733,0.0675716,0.61645454,2.9850252,0.017556282,1.3060025,0.44920814,3.38562,0.8614561,0.5574763,1.5946764,0.9574074,0.14022373,0.3171755,0.6397667,1.6509649,0.051775575,0.050522204,0.8427587,2.7533998,2.6741955,1.0408248,1.9919667,0.7103505,0.004215483,0.6463404,0.21079569,0.3263461,0.6857373,0.2049887,0.38915476,0.56660414,0.87366295,0.0046597933,1.319239,0.54757243,1.096441,0.8302725,0.13525882,0.28078425,0.49509117,0.76724553,2.245526,0.23146002,0.54626167,0.009510355,1.1053164,0.3419809,1.0496893,0.003692074,1.8693128,0.12724142,1.0603496,0.9308998,0.80893314,0.2769058,0.030589418,1.1015735,0.28393605,0.28075,2.7888203,0.114005804,1.1365211,3.8933156,0.13991839,0.85982186,0.6878498,0.027277239,0.84458315,0.94876593,0.104669385,0.11012198,0.29681256,1.1823446,1.2045871,0.55083174,0.6124021,1.5442327,0.737335,2.1561527,0.5433127,1.4303129,0.97446203,0.02042057,0.19953714,0.0017860921,0.469067,1.2183017,0.8584559,1.6857623,0.23644492,0.34594172,0.14978352,0.37161613,0.43224442,0.9580176,1.1322273,0.28846914,0.48958352,0.40356764,0.18970133,0.15741079,2.2289152,0.7812989,0.5436839,0.08099056,1.3294616,1.1642596,0.96383476,0.42076176,1.7955419,0.0023923654,0.084098384,0.15661922,0.00024124133,1.9628847,0.0,1.3615836,3.5179915,1.5991161,0.07507941,0.7971873,0.3362497,0.8695323,0.85648817,0.6030768,3.7221832,2.356616,1.1167673,0.34553915,0.071079716,0.39894718,3.1589274,0.8179584,3.094508,0.6777851,0.77814746,0.2096466,0.37108475,0.37315562,1.4659826,1.0905856,1.4801265,0.0989299,5.193203,0.2710563,0.29601845,0.04584432,0.25284392,0.62946063,0.36771315,0.36002082,1.2082953,0.3042937,1.5792751,0.17950739,1.3320078,0.13873036,0.54250616,0.261926,0.40800658,0.29862872,0.03034042,0.32084328,0.49926612,1.4605843,0.9307373,0.2014431,0.9730584,0.44687393,0.57938063,0.3727178,0.24879363,1.1956847,0.8485011,0.00039310867,1.0920384,1.0200804,0.054519653,0.60855496,1.2317903,0.6383608,1.5020066,0.4499748,2.0212185,0.44096032,0.5925284,0.5604034,0.9298273,0.81906825,1.447938,1.7733235,0.11033977,1.5399541,1.1067342,0.077594325,0.32359177,1.2666897,3.1372125,0.27360204,0.3470509,0.7360441,0.09967535,0.30778888,1.0074314,2.176747,2.4391532,0.53479296,0.4264101,0.8008591,0.2632223,1.1607927,0.50935185,0.33430487,0.27805802,1.3921043,1.0890224,0.25624293,0.15893757,0.7841912,1.5187014,1.2734212,0.27416798,1.6575943,0.29900327,1.6597825,1.17419,1.1898077,0.38883966,0.24845278,1.8617262,0.60345733,2.078645,0.24665613,0.022344496,0.13541025,2.0411203,1.2497615,1.1220443,0.1961611,2.7631311,0.5376006,0.44606742,0.44120905,0.74486005,0.8821187,0.051807713,0.3882531,5.760996e-05,2.7363598,1.4161735,0.6460881,0.7315667,0.7928614,0.04801502,0.79161894,1.2209516,0.3629772,0.1167589,0.33577392,0.12044177,0.317563,0.38035852,2.0292673,1.5823996,0.5414725,1.0705999,0.54293835,0.45350978,0.86664784,1.5811337,0.48888692,0.2912311,2.0179417,2.5618196,0.47493345,1.1651354,0.12966521,0.28262186,1.283074,1.03843,0.069614865,0.40886682,1.9613315,0.40391883,0.030525196,0.06889733,0.086952746,0.09602061,0.43183562,0.6227705,0.26334497,0.8168592,0.57884365,0.23276496,1.1761109,1.7104441,0.7035488,0.38311517,0.39221057,0.3175068,0.80024207,0.15151228,0.10988453,0.28633308,1.0228124,1.4307129,0.28248924,0.3646539,0.1816049,0.00025188157,1.3170481,0.81307906,1.5299547,0.9984246,4.881535,0.45098016,0.29092067,1.2023208,3.6010935,0.2262804,1.111472,1.5418047,0.1741784,1.5996159,0.22704914,all_pothole_images\pothole_images_new_image_1334.jpg
0.06277812,1.688712,0.58307976,1.4008843,1.6748047,0.062489714,0.5481501,0.5028017,0.0043135216,1.2681985,0.9336723,0.22937515,0.18767229,2.4691901,0.17794408,0.6845759,0.5834415,1.4094403,1.1200644,0.6862333,0.48476887,0.98757863,1.2595233,2.1332183,1.0870068,1.0878484,1.1796579,2.3052795,0.6486501,0.43860793,0.69071764,0.44229767,1.4675634,0.17859918,0.81573796,1.014241,0.52322197,0.69723994,0.28682527,0.5431336,0.30772683,0.36050203,1.0208592,0.807842,0.8333336,1.3142351,0.015133627,0.0,0.9892648,1.1533681,0.781704,0.09660133,0.9263355,0.46457675,0.34928057,0.55437547,2.5236611,0.03201879,0.6496655,0.15425752,0.24983363,0.7602454,1.3482124,0.109163254,1.0051594,0.88327384,0.2119238,0.10719255,0.14407624,0.62939954,0.24004455,0.10970053,0.13652477,0.07588699,1.1483932,0.3127414,0.16102806,1.039428,0.08371124,0.33741164,0.0045629884,0.0718826,0.2553562,0.42046487,0.5698434,0.39578724,0.58797884,0.16521905,2.4803164,0.13399637,0.13761348,1.8288691,0.37863773,0.31954002,0.088688165,0.08455023,0.64514744,0.7147654,0.90738815,1.4724005,0.1714255,3.2173355,0.07319231,0.121002205,0.42584333,1.0578127,0.15470234,0.35085413,0.1522617,0.73755425,0.07278601,0.87745667,0.007295049,0.8271019,0.9146574,0.4932095,0.8969519,0.2295289,0.9469819,0.36606178,1.52974,1.1810154,0.22439922,0.8853714,1.0118713,0.32608998,1.3788699,1.0384136,0.28510728,1.6443896,0.3410407,0.16261852,0.5772928,1.147817,0.14934249,1.486552,0.31987488,0.44435647,0.80377173,0.16925167,0.6404656,0.25663108,1.0347571,1.1881522,0.94713736,0.3188384,0.32752624,0.59173095,0.8703696,1.1473122,1.3652893,0.52977526,0.04402735,0.34943426,1.9747767,0.20341825,0.8134362,0.2951916,0.070904456,0.5650945,2.730629,1.0040491,0.08848994,3.5997992,0.62754613,0.0073902695,1.9883003,0.3049371,2.287366,0.8713158,0.6629769,0.11556976,0.23234,0.07431019,0.6435323,0.31427535,1.2102374,0.28394267,0.052411385,0.3081399,0.14305817,1.2881423,2.2045891,0.6017062,1.2241322,0.387806,0.4012446,0.20456158,0.23075041,1.5579164,0.74283224,0.6942922,0.6229376,1.3852031,0.113833524,0.22952788,0.45906833,0.5728461,0.6186818,0.88234335,0.4296068,0.44791123,1.0359693,1.1932946,0.16751252,0.77054626,0.17880307,1.0021905,0.20089576,1.920258,0.23436815,0.7253297,1.7969409,1.2265182,0.5691963,1.3420646,1.5586189,0.004737373,1.1088276,0.7423289,0.69443357,0.2445232,0.32765996,1.2309732,0.018251298,0.38156727,0.9307188,0.9190402,0.21229129,0.7583662,1.252407,0.6356527,0.2720368,0.41818824,0.4607469,0.06987638,0.90881455,0.41859785,0.08684935,0.14775015,0.5873722,0.08252055,0.16197267,0.43245345,0.30656332,0.2521689,1.7332841,0.64552873,0.5124804,1.5658164,1.819601,0.07078665,0.21641201,0.50696677,0.051918775,0.6887558,1.1416056,0.23907572,0.8235468,1.5383148,0.7677755,0.07123364,0.42013338,0.65135616,0.5310629,0.37318566,0.16706303,0.8926575,0.8553074,0.7282618,0.22123352,0.062470064,0.43882695,0.83163375,0.03718626,0.8973257,0.207995,0.26224178,1.1795188,0.51126814,0.41049358,0.09427935,0.28808504,1.2821882,2.2064664,0.29162246,0.35198864,0.53545463,1.2204672,0.28251877,0.49894404,0.46989456,0.07346757,0.41211432,0.7860056,0.98164827,1.560527,0.5945311,0.17222211,0.6520737,0.35899407,0.01047866,0.25517842,0.59485674,1.806977,0.41915536,0.014425166,0.73928154,0.5963722,0.56888473,0.5180183,1.4851055,2.9720094,0.860405,0.22133307,0.24555488,0.25331098,0.11618223,0.52380335,0.46927103,0.09159505,0.7102059,0.07177318,0.5792079,1.4512295,1.6662837,0.2601472,0.3338521,0.41191107,1.7522937,1.2641349,0.119798996,0.5217239,0.3861817,0.14640155,0.19481845,0.46580893,0.3946049,0.15060042,0.0990971,0.4329036,0.5834807,1.542805,0.18361889,0.58433694,0.08544275,0.116781,0.06857544,0.97092104,0.8626422,0.44373703,0.23750076,0.33675295,0.52241606,0.04992026,0.10043988,0.30671623,0.57837486,0.25624654,0.12147125,1.2077285,0.6115929,0.5797203,1.1572284,0.40970105,0.3734694,1.1903358,0.5256564,0.19422093,1.2565325,1.2385931,1.1124609,0.67884827,0.70957494,0.6259136,1.1852405,0.060486842,0.2795731,0.13832864,1.5148762,0.1599608,0.23496075,0.6509613,0.7028428,1.6727692,1.9561754,1.5760784,0.67024595,0.35613865,1.7296592,1.9198157,0.68295926,0.7978358,0.6458077,0.0910912,0.08232207,1.0217649,0.48074114,1.503072,0.14664675,0.6449603,1.2209098,0.050147757,0.8301779,1.1276882,0.24304025,0.43267092,0.33963254,0.5488987,0.1308858,0.2353535,0.5432142,1.0185508,0.38970557,0.07214495,0.25737044,1.5266963,1.6372306,0.58889395,0.92051774,1.1815741,0.41071448,1.5831009,1.6830461,2.5117426,0.2569776,1.1123409,1.1421077,1.2456151,0.7727066,0.48051405,0.7921832,0.014930447,0.7791211,0.35499266,2.260741,0.7595048,1.0055526,0.24908651,0.11548836,1.2059585,0.87654424,0.37048072,0.29160058,0.24931616,0.8213904,2.1777735,0.99676186,1.1885554,0.5748511,0.6621095,0.76328665,0.8256974,0.49049932,1.0914398,1.3633093,0.75958985,1.301684,0.8642338,0.2836568,0.56225616,0.8819926,0.6869587,1.1270033,0.017776823,1.1221308,0.6884871,0.3766302,1.166651,0.92771107,0.9259059,1.1006881,0.23837307,0.053220227,0.23552847,0.05334208,0.5009271,0.60229576,0.9309269,0.25778884,1.5047146,1.2931422,0.6681134,1.2268099,0.012984834,0.40371406,1.7756451,0.110961355,0.6767672,0.4777325,0.26679385,0.98574734,0.12911029,0.31905323,0.05303847,0.08664405,0.37871203,0.41136354,0.073765144,0.9705588,0.061943248,1.9840426,0.04715669,0.7747262,0.5509227,0.033460457,0.11497695,0.2612559,0.14990503,0.5021946,0.3919345,0.7596089,all_pothole_images\pothole_images_new_image_1335.jpg
0.0788188,0.18841262,0.5532912,1.2827108,0.34060368,0.049071606,0.4644023,1.3598027,0.5917209,0.07146799,0.11347901,0.69828707,0.008738199,1.3899577,0.5121249,0.078171834,0.12803347,1.6446505,1.0607997,0.06266471,0.7111323,0.42178172,0.05748341,0.03501074,1.8334118,0.26183066,1.1473483,0.06474695,0.16740611,0.60014355,0.4716723,0.041472502,1.0622661,0.041077454,0.021064598,0.2261895,0.1634864,0.17527218,0.07015961,1.9894203,0.0,0.20034124,0.040188033,3.0377505,0.0045620934,0.12060959,0.10873389,0.0,0.026750771,0.4776304,0.47571465,1.4856187,0.3631745,0.78430974,0.27873227,0.12442974,0.84477925,0.24709171,0.20460191,0.25207993,0.24513806,1.283194,0.81187844,0.35150808,0.021730147,1.5044708,0.27350733,0.013582307,0.018228913,0.29483712,0.20413475,0.4245522,0.0,0.1685561,0.02007408,0.3256564,0.5090798,0.8716327,0.0,0.015073426,0.13759822,0.30453265,0.24510144,0.13908623,0.038540773,1.0006799,0.27304807,0.0,2.3242393,0.07694336,0.0035568639,0.5986928,0.798316,0.033291195,0.17017691,0.12372627,0.052849915,0.21440779,0.07470938,0.35954696,0.012475143,3.305649,0.30866998,0.04525439,0.6012902,0.26859283,0.1525065,0.1757547,0.008031006,0.08117878,1.1584533,2.4529097,0.0055377404,0.014297272,0.71403474,0.8171572,0.830906,1.266816,1.2560041,0.010747277,1.1733278,0.5122368,0.06604063,2.922585,1.0784476,0.39339805,0.009084818,0.22805381,1.5545074,0.0066254023,0.06875299,0.36295104,0.16454245,0.87891465,0.036419034,0.27515572,0.06700555,0.092619814,0.55421025,0.44437957,0.09611608,0.09219807,0.4221685,0.46835047,0.009346797,0.4226578,0.22560215,0.45812535,0.42480615,0.5276252,0.21838927,0.024056578,0.10341652,0.0,0.15766035,0.03193478,0.43001443,0.050452977,0.0970115,0.053721253,0.043346725,2.2495017,0.18332128,1.8519144,0.40884084,0.24869566,3.1877315,0.4896312,0.118067056,0.069378614,0.20509169,0.28615585,0.090787224,0.09131001,0.34293994,0.06798016,0.20121206,0.033253882,0.36442348,0.005456799,0.0120158475,0.7196045,4.330719,0.43723083,0.08292923,0.034251746,0.31452408,0.28206512,0.6010572,0.4801663,0.90609723,0.0053136833,0.0,0.9019257,0.049277663,0.0037538183,0.40755135,0.76001084,0.15095317,0.14364436,0.28144544,0.042239588,1.0029393,0.2690746,0.6564545,0.14173794,0.51443136,0.12918918,0.8574194,0.17414996,0.18938322,0.0045780446,0.1691529,1.0602721,0.21480505,0.16883521,0.44457746,0.09770218,0.1723155,0.031486444,0.8127084,0.11880908,0.12630932,0.30447176,1.5416363,0.5136593,0.27254012,0.24222784,0.30137166,0.60419685,0.774494,0.5151926,0.11541681,0.0,0.37840226,0.1416072,1.223387,0.5463919,0.01818225,0.019090973,0.07474737,0.08933703,0.20238708,0.006222153,0.36365998,0.006397669,0.1239349,0.6079198,0.29046598,2.492453,1.6154157,0.4078538,0.893671,0.0,0.5543906,3.3680084,0.05508225,0.15999325,0.49455822,0.18636766,0.22237194,0.92947626,0.65519875,0.5583222,0.096872345,0.15454859,0.0,0.71744114,1.6557304,0.37112278,0.009992115,0.0,0.22689432,0.25553936,0.026314642,0.16762038,0.073347434,0.24500373,0.1383445,0.0,1.8710022,0.30613473,0.49643528,0.107175454,0.54068464,0.05108111,0.102543555,0.7898698,0.8401825,0.03234911,0.08187631,0.7470105,0.63387454,0.7662138,0.09395972,0.15676995,0.024772067,2.410453,0.13434051,0.72909516,0.21820466,0.09370929,0.106487125,0.10492945,4.121168,0.058354218,0.0,0.15937757,0.16659869,0.31737885,0.7446725,1.233218,0.45398244,0.40106094,0.123486966,0.23834741,0.064996436,0.24608241,1.8721995,0.4889637,0.07278545,0.19200663,0.0,0.24149927,0.26285228,0.05130786,0.41217002,0.015761966,0.3340771,0.2549659,0.36739123,0.49585706,0.0,0.06441532,0.110650524,0.31286308,1.5098417,0.43494508,0.022943694,0.4454721,0.15823716,1.2591252,0.02183464,0.6100638,0.56643134,0.0,0.006400418,0.07762184,0.6365974,0.07779103,0.14231949,0.0375021,0.92967683,0.07813104,0.06010574,0.056946307,0.5103405,0.34391826,0.25677156,0.31302547,0.059626725,0.34347028,0.11060397,0.8877279,0.06863708,0.005234807,0.037761215,0.39394602,0.27241397,0.032598257,0.027674638,0.104387864,0.3812481,0.044966165,0.88742554,0.6947175,0.9894342,0.36892286,0.4134286,0.13604388,0.96366614,0.0028593522,0.3061015,0.1651885,0.14195456,1.1180073,1.0403146,0.10634738,0.018762466,0.0,0.5334603,0.0,0.00800301,0.780094,0.09258796,0.04722858,0.20726046,0.09980157,0.0,0.26208532,0.45297801,0.0,0.007417491,1.1239481,0.24933665,0.38974902,0.07312841,0.0998082,0.08183228,0.31683543,0.32299513,0.93583477,0.07071903,0.07234643,0.5421021,0.099590845,0.95656824,0.5974431,0.19444951,0.027908916,1.8834509,0.26812646,2.928359,1.9844636,3.10826,0.7774846,1.3384726,0.7980068,0.0,0.06960095,0.5471072,0.19438358,0.163225,0.22062755,0.39499158,0.8569695,0.01912868,0.04607932,0.16667077,0.45370215,0.0,0.33250514,0.10388829,0.07331549,0.37277022,0.71143633,1.7612615,0.27676538,0.0,0.26661992,1.2475816,0.038067117,0.0026040708,0.115381315,0.015617654,0.6447797,0.6819034,0.008519024,0.2869596,0.013281133,0.107731976,0.2249349,0.13110568,0.0,0.014872203,1.1458939,0.19947842,0.08196551,0.13436075,0.04524494,0.5776714,2.216872,0.3379095,0.002498898,0.48998368,0.22215165,0.02388095,0.14244409,0.04890712,0.0013775649,0.29309496,0.72170776,0.17096266,0.27124506,0.019061433,0.16125447,1.1755028,0.08369039,0.8366208,0.17511599,0.051641542,2.7457461,0.032766502,0.010107486,0.0,0.0,0.65790683,0.0011740003,0.010771196,0.15237245,0.27841705,0.0066036573,0.24938148,0.49925697,0.3430217,0.07001887,0.39317805,0.03367422,0.12475179,0.47963184,0.5573936,0.28185838,all_pothole_images\pothole_images_new_image_1336.jpg
0.03564375,0.36963654,0.2920903,0.989428,0.19001918,0.17204277,0.8122314,0.08598374,0.683954,1.1756907,0.24896874,0.13894074,0.0,0.62115884,0.041196577,1.0601132,0.06125969,0.5946752,3.841339,0.73306763,0.06826599,3.458315,1.0008363,0.9084206,0.36873782,0.9809841,0.022543028,0.0633176,0.015443088,0.7280572,0.030016562,0.00015876944,1.0330389,0.0,0.6480602,0.8428408,0.4504709,0.2966509,0.011576708,0.3024553,0.0,0.14179498,0.403896,1.7511454,0.22739558,1.0510902,1.2160286,0.0,0.0868056,0.14206362,1.5128404,0.3189196,0.05625565,0.31293955,0.24632636,0.33507434,2.8602898,0.07313164,1.8448527,0.12775175,0.036133774,0.69176406,1.114617,0.07137131,0.12257384,2.3690155,2.5913906,0.027872916,1.2507961,0.39426008,0.0,0.040296543,0.0032752855,0.22370245,0.04329402,0.76757264,0.31529236,0.7554887,0.07200742,1.1342664,0.29167068,0.0630921,0.29137242,1.4450908,0.46263227,0.062376216,0.10232425,0.018152984,1.7154167,1.1753613,0.028308427,0.48598418,0.010922965,0.0033228747,0.0051741684,0.0,0.98355126,2.2666793,0.5228122,1.2767779,0.035693597,7.1543584,0.07928642,0.09623044,0.06975692,0.21499196,0.016094096,0.27041098,0.33353603,2.738918,0.007120437,0.8395226,0.35061207,0.011330685,0.61696094,0.66101646,1.574429,0.0,4.4031544,1.0578643,1.1990901,0.42218995,0.4214623,1.9065809,0.2594831,0.64769554,1.1000915,0.27596256,0.48145637,0.38815784,0.14720339,0.3828929,0.8344549,0.16916415,0.013169698,0.48632053,0.009414135,0.7760156,0.90473783,0.21334562,0.3960629,0.28226915,1.1161537,0.5669172,0.059137736,0.09166085,0.18511908,0.40113035,0.5005046,0.17896475,0.1442966,0.10403104,0.085664034,0.08379273,2.6728377,0.3088998,1.2782956,0.90659726,0.024367554,0.0067050885,0.5327925,0.07422217,0.0,1.2624589,0.25915238,0.0,0.8978946,0.3508964,0.31708017,0.76187754,0.30971158,0.04174837,0.0,0.019932704,0.8445732,0.0,0.0007684242,0.0,0.28427315,0.004332185,0.3490894,0.930711,2.8013117,0.830972,2.625003,0.049926106,1.0346681,0.5668273,0.738944,1.4024948,0.36071044,0.10225989,0.08304641,2.5560017,0.924199,0.0,0.6076595,0.079871796,0.03950228,0.75021595,0.10872146,0.45271826,0.73016435,0.31743717,1.2413757,0.40789858,0.109238386,0.7302102,1.6363131,0.13534635,0.025780141,0.67368656,0.50910807,2.5661213,0.5364349,0.23142675,0.40653273,0.098308496,0.0027391196,0.10653013,0.43892384,0.9909747,0.9207609,0.1097988,0.0023228964,0.011654554,1.7406114,0.2003621,0.9088736,0.0654149,0.02369446,1.5636622,0.0025179558,0.05342835,2.2278821,0.0,1.0048553,0.045214247,0.043485433,0.45679784,0.32448158,0.039889872,0.06827111,1.1159353,0.3580096,0.0067441007,0.55033726,0.076827034,0.91856724,2.7722435,5.443455,0.024659883,0.04850741,0.027492527,0.0,1.3380442,0.11343856,8.2968494e-05,1.1365467,1.1104563,0.021196783,0.111709975,0.65430665,1.7093602,0.2422741,0.39006987,0.0022929711,0.34560806,0.16636544,0.38616905,0.9289503,0.017121254,0.0008689519,0.6061425,0.33651853,0.012665494,0.59027606,0.10220506,0.17496261,0.036638368,0.38801312,0.3719537,0.0,0.2364589,0.082886755,0.0,0.25297862,0.5076394,0.5605294,0.0,0.52062374,0.44283438,0.112255715,0.8769862,0.010107329,0.7901681,0.32666582,1.3766476,0.0,1.4142715,0.0,0.3003469,0.19207063,0.009912605,6.5516753,1.5844399,0.69844115,0.3105646,0.0051998566,0.02873427,0.17008947,1.1014351,3.0963197,0.41081533,0.43753198,0.87757754,0.0,1.7207489,2.113954,0.17683032,0.7004884,0.500277,0.0068162144,0.0,0.68916816,0.8763332,0.8623762,0.18062457,0.96009964,0.0,0.7744388,0.50356364,1.7858856,0.032176353,0.4298861,0.66004944,0.9284529,0.0919023,0.035007246,1.3573707,0.5400568,0.4031499,1.6360927,0.0,0.4763637,0.06489549,0.016524335,0.0,0.050439138,0.30319256,0.14603844,0.0043834266,0.6546885,0.44008097,0.22575666,1.8044256,0.1170848,1.746788,0.0,0.0071394024,1.0815693,0.46784216,0.52904683,0.39624932,0.48056644,0.20778878,1.0071223,0.33831424,0.09113445,0.40916714,1.1210722,0.0012371512,1.0556076,0.033574883,2.7708175,0.0,0.0,0.23341353,0.7561298,0.7627915,0.2897,0.17278883,0.19392212,0.33534193,4.033972,0.0737757,3.5304952,0.090250656,1.4552462,0.7116387,0.30940562,0.0070809545,0.028064955,1.5568427,0.0,0.0,0.83407605,0.00882658,0.8431389,0.028318431,2.1478505,0.70905787,0.008302208,1.8369081,0.0028370018,0.15134561,0.03525907,0.28248182,0.20356311,0.24115063,0.02674992,0.31715086,0.011298972,0.6108015,0.0834383,0.6723783,0.6692436,0.60724103,0.044759307,0.03480736,0.9668223,0.0026306151,3.8907394,1.8259009,1.077965,2.0779433,1.7524283,0.3877509,0.8614021,0.02960372,0.45181328,0.5491773,0.0070406124,2.2137377,0.16562645,4.571034,0.5761029,0.09399135,0.82731766,0.4286539,0.16265179,0.05498131,0.5171085,0.35242715,2.8530416,0.24716692,1.703762,0.1473456,0.0,0.83798385,0.032469843,0.29791766,0.46569,0.36628526,0.016179925,1.3707771,0.54334193,0.028005585,0.2321724,1.8887004,0.88635266,0.20985731,0.21099298,0.07367844,0.1225814,1.1366578,0.0,0.36492708,0.0,1.2103444,0.50120735,0.10941303,0.63458174,0.18097508,0.2012183,0.3748819,0.25937212,0.82038146,0.6956965,0.43211332,1.0090171,3.280524,1.133784,0.13005538,0.0,0.0051690266,3.8256748,0.19498152,0.18690573,0.03228016,0.59460485,0.47236055,0.45759177,0.025648197,0.0021916993,0.058982633,1.4111892,0.05805974,0.009382156,0.123683535,0.32161042,4.855961,0.32293192,0.019695925,0.077871464,0.71089464,0.07839137,0.41081548,1.6565682,0.774641,0.8395234,0.4334966,all_pothole_images\pothole_images_new_image_1337.jpg
0.21884203,1.5680339,2.268898,0.92686415,0.4129111,0.41048765,0.09335916,0.0,1.6542332,1.163685,0.3456677,0.3326957,0.8547351,0.49689624,0.03688358,0.36828098,0.2916303,0.11333626,0.028190957,0.17140988,0.3524891,0.967319,0.5804635,2.0364394,1.0851742,0.16969137,0.0,0.106598735,0.0,0.5193209,0.9497875,0.15470356,0.26456445,0.9480556,0.6242138,0.2629962,1.3022798,1.5113436,0.67134374,0.17740026,0.68577886,2.5770898,0.44737408,0.041470323,1.7765231,0.079419576,0.08642492,0.21712005,0.59702414,0.20004135,0.63935095,0.1320197,0.65299857,0.9998058,0.0059161624,0.06612971,1.2508048,0.0,0.28077596,0.24598993,0.14181823,0.579742,0.30604383,0.064529404,0.66202086,0.036128607,1.9272382,0.13663165,0.010381855,0.22338158,0.24843287,0.21828145,0.81316435,0.0,0.39379933,0.15850174,0.34548065,0.41752002,0.12568003,0.09498658,0.074999094,0.30857947,1.0629224,0.8960552,0.8887347,1.392092,0.29529124,0.016804243,0.9751552,1.011503,0.3567228,0.34283346,0.6116958,0.3405205,1.1164922,0.003531577,3.1564107,1.0303386,0.47249725,0.41368467,0.764387,0.18041962,1.3282377,1.0953557,0.19985837,0.0232788,0.08418123,0.118019186,0.009828743,2.3015757,0.21398576,1.2295641,1.2357495,0.46019724,0.6924619,0.93563205,1.2055932,0.04560382,0.6665653,0.38830948,1.6770636,0.3870507,0.55471754,1.4337435,0.5765837,1.1266077,0.8890206,0.043304715,0.16428064,0.6167483,0.13814074,1.4711378,0.5218719,0.82851297,0.46650532,0.31523696,0.42508766,0.048424374,0.032689966,0.008502147,0.8990291,0.6372702,1.3614044,0.7117984,0.16355956,0.12604499,0.27342632,1.258655,0.37849084,0.48114374,0.6537525,0.43814334,0.3982192,0.051792398,0.19127671,0.44766212,0.2679456,1.6712784,0.19458626,0.13592723,0.31190225,0.58064127,0.13300134,0.060339898,0.68550086,0.6235336,1.5977855,0.033926524,0.285555,1.312613,0.038615644,0.13225493,0.17700903,0.067014,0.414834,0.2617682,0.53903526,0.15617472,1.8445905,0.20699705,0.10751279,0.024409987,0.97025555,1.5940583,1.7988416,0.3709179,0.31557027,0.6312341,0.19851688,0.4747347,0.14614393,0.32408908,0.46249288,0.48470756,1.0257114,0.001681527,1.0982627,1.9284632,1.4786319,0.12435466,0.1537302,0.3884279,0.10057901,0.27858573,1.2404766,0.85216224,0.032203283,0.44018173,3.0159345,1.2720677,0.15021577,1.264084,0.556707,1.2615331,0.51282895,0.1146383,0.660037,0.12893242,0.15217967,0.45909965,0.6664632,1.2166542,0.15576616,0.5367539,0.24841349,0.119746305,1.4155823,0.090119556,2.0007553,0.014271387,0.25611523,0.48445386,0.6635333,0.26624936,0.54154736,0.04898373,1.1806233,0.5930885,0.40991405,0.19872965,0.2864872,0.19304876,0.91533333,0.4974218,0.0,1.0016317,0.5120734,0.4028488,0.034438483,3.1936905,0.023966566,0.72256595,0.0013726045,0.28616333,0.18396327,0.0,0.53667724,0.6229436,0.3749083,2.2251174,0.65867233,0.5028169,1.0373114,0.36440766,0.08459429,1.2549359,0.2047678,0.0062668566,4.63504,0.3436037,1.6061376,0.09244256,0.11112895,0.14020962,0.09435212,0.768024,0.5824252,0.059428066,0.008286169,0.28690386,0.2828498,0.36445624,0.19207329,0.21006204,0.65851444,0.119380414,0.44677034,0.5274077,0.2310376,0.042849734,0.26606378,0.6240121,0.31664097,0.89222467,0.6888571,0.37388867,2.4430332,1.1632822,0.14097387,1.4514498,0.0,0.4851172,0.0,1.300851,5.2847543,1.138356,0.1679757,0.9945254,0.6133089,0.006040787,0.05646302,0.32596806,6.557508,0.8101708,0.41806597,1.8777764,0.57962316,0.6825615,0.43153313,0.2984295,1.3383013,1.9182863,0.4513817,0.1251597,0.4313078,0.21675809,0.95297474,0.31152323,0.5172644,0.4947154,3.0088232,0.0,0.005802216,0.2516052,0.014958308,0.1587002,1.9737405,0.43155226,0.21991672,0.093605176,0.5391983,0.68608385,2.4999256,0.0,0.2004912,0.22329515,1.0791082,0.0053920136,0.10562019,0.5576641,0.054432888,1.3211737,1.4794567,0.52282846,1.6493311,0.08913381,0.8542366,0.4788412,0.06148736,0.9548063,0.5325236,0.21352305,0.23957042,0.25552034,0.107557215,0.18592474,0.27683786,1.1637896,1.7519913,0.19272652,0.5141804,0.32411698,0.41258556,0.1414481,0.9562785,0.91575193,0.95557207,1.5773236,0.0,0.6392831,0.12961234,0.5201146,2.1528034,0.25050876,2.2673569,0.0,1.5678097,0.24790147,0.8230607,0.7927763,0.36097398,0.88817906,0.016997296,0.7468743,0.1517825,1.950608,0.17986792,1.20088,1.2604649,0.21564855,0.73975754,0.13332258,0.36680406,0.5024283,1.1048932,0.6259155,0.26201877,1.0403038,0.22249635,0.6778281,0.0,0.49892017,0.4277359,1.4375933,0.12945426,0.3595967,0.14016794,0.64028955,0.05929653,1.5416937,0.31228083,0.17854398,1.2417397,0.24661776,0.0911193,0.015310003,0.96755856,0.43905622,0.17550163,0.31418076,0.49684015,2.1938791,0.00925444,0.4800591,0.7739975,1.1678032,0.80108345,0.41620287,0.91021323,0.5673149,0.5678135,0.83826303,0.22790015,0.18046565,0.16793159,0.047388718,1.770096,0.28526244,0.18418874,0.51657224,1.4240836,0.41301835,2.2297223,0.11440418,0.011917941,1.0368577,1.4294791,0.018460713,0.1654667,0.06876051,0.34299904,0.036675904,0.9532962,0.05336473,1.0533001,1.0275502,0.0569603,0.0,0.09237302,0.58569527,0.3121989,0.13465743,0.32600272,0.5888954,0.2899713,0.21133226,0.27484083,0.09242661,0.9753231,0.8875997,0.412866,1.2499824,1.9749295,0.5596444,0.36055225,1.7783545,1.4123158,0.038839888,0.06817691,0.06720205,0.80876297,2.5066311,0.4723014,0.037933506,0.39230555,0.07427717,1.7229792,0.85497475,0.21504627,0.33246747,0.028461164,3.867275,0.027973851,0.68881416,0.32844684,0.44306538,0.13150184,0.39463088,0.9382296,0.33623964,0.77019817,0.22255391,all_pothole_images\pothole_images_new_image_1338.jpg
1.3101969,3.5699577,2.8117425,2.2878478,0.39879024,0.546511,0.9530411,0.9177107,0.6881961,0.93400216,0.89192605,0.13461065,0.24894087,0.57348084,0.6042611,0.81277597,0.4875501,0.36256847,0.7509069,0.7027873,0.078717306,0.8544251,1.2607402,1.2639226,0.09921901,0.41282886,0.69416124,1.4336977,0.80114496,0.35070562,1.1030307,1.119872,0.019811276,0.16298205,0.48744762,0.47936493,0.28777975,0.25077564,0.57166415,2.4257684,0.78147763,0.97235453,0.7794722,0.00037468385,0.6181792,1.1305472,0.34893587,0.28692743,1.8219498,0.10713915,0.0,0.5788256,0.45142686,0.6368306,1.4997952,0.110229604,0.92377985,0.10841381,0.50720835,0.4568241,0.16335258,0.031302776,0.5512798,0.2947469,0.72184664,1.8219244,0.7269435,0.07048851,1.1637471,0.8159175,0.8119065,1.0785697,1.3177356,0.053329356,0.21001425,1.8076172,0.79009634,0.2193326,1.7798434,0.8955724,0.020177275,0.18604046,1.4195385,0.16577241,0.5166365,1.0830154,0.4990502,0.24082235,4.478925,1.6952729,0.12795441,0.43900663,1.2776698,0.6127191,0.5797587,0.17008291,2.4957376,3.6963918,1.0435756,0.02658364,0.25789672,0.37168494,0.346564,0.49059173,0.57703876,0.7509734,1.0545495,0.11160495,0.9073492,1.4598656,1.3170273,2.0120087,0.8308064,1.5830655,0.020851074,0.81209904,0.6497719,0.4530731,0.43877286,0.7187703,0.29024783,0.35961932,1.9353751,0.57950467,1.243252,0.83523446,0.92672974,0.9950384,0.20283097,1.5287385,1.0304121,1.8193332,0.87507856,1.5030228,1.2920467,0.8395378,0.27100143,0.20261386,0.95908165,0.11617726,1.4653282,1.4630513,0.83687884,0.105702005,1.2237332,0.50012356,0.3173779,1.3412755,0.26063487,3.4108372,1.1782871,0.62628627,0.79047966,0.49226868,0.5438105,0.4375101,0.8267657,1.0289537,0.44589284,0.59826654,1.3340719,2.9764702,1.6408076,0.4497165,0.6216072,1.1992575,0.2914144,0.015003829,1.9821244,1.1867336,0.5095473,0.017660959,0.90414923,0.02387474,1.5123581,0.4215491,2.2899926,1.9761277,1.2928635,2.1313212,1.6976681,0.18129724,0.52686524,1.3163579,3.7588649,0.4327177,1.5329857,0.08540139,0.42869982,2.9985774,0.028324774,2.0493064,0.4337373,2.1694837,1.1425431,0.70674145,0.83866006,1.7027854,1.0776707,3.6361146,0.070747726,0.18072608,0.5065343,1.1761639,0.91835386,2.1004589,0.08548378,0.54878646,0.19111022,0.9543929,0.46404108,0.65228003,1.9182221,0.53248924,0.24897006,0.14500403,0.98589,0.28126007,0.2641976,1.4302791,0.031030206,0.1107436,0.21884638,0.55855,0.2812557,0.53485423,1.4931357,2.0822399,0.26880682,1.4616284,1.0586952,0.42882743,0.14320196,0.595624,0.11504539,0.5553422,0.065380536,0.4191442,0.2963067,0.10244807,1.0719843,0.27617458,2.0996542,0.7724759,0.28869197,0.3275555,2.0483146,0.7120478,0.92242336,1.6574458,0.5736984,0.32197848,0.25566983,0.15146075,0.43188366,0.16753839,1.0448937,0.1458687,1.2653785,0.86472756,0.29833487,0.6934948,2.687239,0.0,0.09869407,1.229724,0.7977026,0.82153004,1.3727535,0.6104098,1.0557516,0.23350774,0.16986334,3.393653,1.6134034,4.361273,0.5594,0.47764236,1.1428825,1.6275712,0.20520087,0.22739856,0.64742523,0.55301905,2.2810552,0.33500662,0.73515165,0.7254593,0.73198354,0.31505886,0.23703566,0.89659053,0.17781454,0.9457159,0.11689064,0.056119274,1.4035245,0.015578584,1.0707234,0.61691546,0.5555172,0.2794562,0.029927589,0.42940676,0.687279,0.74547666,0.36902663,1.4039873,2.0361154,0.05121055,0.7100572,0.96191186,4.912648,0.36352646,0.061749432,0.7255101,0.24294984,0.4295179,0.7198693,0.7672212,0.7712714,0.0053599793,0.21334313,0.25218433,0.160366,0.39367044,0.7425772,0.26314425,1.1577764,0.23059194,4.770377,1.2279125,0.09565981,0.85384274,0.57149047,0.42274335,1.7921616,0.21703391,0.36268198,0.11398349,1.5235586,1.7197199,0.80944264,0.76948065,0.8751557,2.036241,0.18102331,0.45035988,0.08278308,0.61999494,0.21089077,1.6117089,0.13232476,0.0694872,0.2922244,0.66565377,0.80172557,0.2762102,0.16842648,1.0448012,0.15905932,1.8982892,0.5784326,0.45867887,0.25065854,1.0987966,0.27356568,0.9004963,0.13281374,0.8647151,0.8855298,1.0346142,0.21295014,0.07274262,1.1703739,3.1664622,0.3869295,2.3628755,0.19116461,0.20963983,0.47476274,0.31656078,1.2773438,1.2659614,3.1775472,1.3245068,1.1244636,1.0562866,0.32795107,3.8229668,2.4692903,2.2119792,0.30046797,1.2806965,0.27422905,0.2092886,0.2899252,0.98287725,1.044274,0.9887553,1.7789546,1.3771002,0.43664584,0.740093,1.1254511,0.15936565,1.4239508,0.83636534,0.59635144,0.4197453,0.79507864,0.059093587,1.089189,0.41334102,0.044744283,1.1588328,1.0641385,0.19707605,1.7259842,0.14302787,0.6970681,0.63481194,1.1637212,0.29085785,0.6975133,0.33585066,2.0512934,1.7390949,1.2346227,1.3426499,0.9825203,0.9235342,0.9018282,0.08745376,0.16528721,3.8544474,0.71004903,0.4216022,0.3130292,0.019901061,1.4139137,0.7174749,0.19968216,0.42880696,0.1342368,0.004156298,1.384898,1.078974,1.5785621,1.2746134,0.67242104,0.9607466,0.5801059,1.2195859,1.8240422,2.13178,1.0368029,1.0512426,1.2441403,1.6618247,0.4897664,2.1216156,0.5753885,0.18829176,0.0765882,1.7369814,0.18678614,0.28414604,2.3082035,0.91642183,2.6735096,0.100239255,0.59247893,0.7519014,1.6083295,1.2585808,0.20813179,0.34090194,0.6376712,1.2019544,2.1029546,2.9144585,0.98284596,0.66307056,0.27408853,0.78725415,1.7088482,0.44487754,0.96384823,0.106298044,0.2760998,4.8941946,0.4798428,0.23197874,0.41284156,0.96417946,0.2789957,0.67817485,0.9437644,0.98615396,0.07019259,1.8441387,0.9379813,0.89662814,0.14014472,0.079744756,0.33678436,4.279857,1.1996342,2.7296162,0.22071254,1.4114295,all_pothole_images\pothole_images_new_image_1339.jpg
0.65373,1.8931557,1.719546,0.5276566,0.079215385,1.1055757,1.1809611,0.78679144,0.2999838,2.2932575,0.6222577,0.6646886,0.06339126,0.5075926,0.33611482,0.7402682,0.4755452,0.1197589,0.42179617,0.9373292,0.23967174,3.2380536,1.008985,2.7418,0.07431202,0.3386088,0.06571909,0.9052739,0.42435074,1.841079,0.49097455,0.08228514,0.5800232,0.21082288,0.31701106,0.77278584,0.4999518,0.2801111,0.6206965,1.0227429,0.70086855,0.45706052,0.7343876,1.1270448,0.69028205,0.60604435,0.8602324,0.1663658,1.8059053,0.21710882,0.60478115,0.70208365,0.7180487,0.14929326,0.095141545,0.7862409,2.0065947,0.45534292,0.9711435,1.8277184,0.3111796,1.0528119,0.67643434,0.7936834,0.20518754,2.6313672,1.4076279,0.8990447,0.756759,0.12146032,0.44881165,0.5942846,0.47635704,0.2166428,1.4578923,3.313497,0.04679195,0.25650555,0.28356206,0.18487774,0.37863865,2.2233481,0.7175276,2.312677,0.17671478,0.34958577,0.44687465,0.31717467,3.396735,1.1392186,1.1852682,2.0861502,0.27161795,0.86917406,0.15437865,0.8287294,0.5706091,1.6139246,1.5083038,0.50216776,0.13897617,1.5073718,0.08984316,1.1184577,1.0194308,1.7275504,0.4832538,1.3229074,0.8114649,2.5192397,0.803887,3.750494,0.50795215,0.58156276,0.35852933,0.50234056,1.9274799,0.022730876,0.46757028,0.79343617,3.2874992,1.0357162,0.03603686,1.4007244,1.1714646,0.011497521,0.9112082,0.18601087,1.1219428,0.44728485,1.3531147,0.17943394,0.21014972,0.91949564,0.941303,0.0144132115,0.31052038,0.62167406,1.1103785,0.11575273,0.19435263,1.6861147,0.3197574,1.2306991,0.50293833,0.4758354,1.1731211,0.0074623814,0.3916021,0.60401374,0.028464058,0.16861959,0.85942537,0.7078657,2.971192,1.4222623,0.5618996,0.7445427,0.05889718,0.19984023,1.1926364,0.1771931,0.21478991,5.6383095,1.4315282,0.39658955,1.3242894,0.58678126,0.99532646,0.19540285,0.42110208,0.030370865,0.44324926,0.3465115,2.6737766,0.07664007,1.5361676,0.0,0.36884525,0.06918967,1.1899519,2.040908,1.9033926,2.0011096,2.0255716,0.6276701,0.8945519,1.807664,0.82478523,1.249412,0.2648162,1.4326092,0.96600866,2.4644575,1.6838742,0.39866382,0.2760334,1.4709958,0.22787148,1.2766834,0.39756548,1.0975579,1.348552,0.004286716,1.0253112,1.1315671,1.2636471,0.8521412,0.23667288,0.5491191,0.13419202,1.006579,1.6024579,1.4789543,0.9132712,0.25015187,0.12131603,0.061332565,1.9962546,0.014254833,0.123958915,1.111834,0.5120199,1.7986356,0.90962666,0.4945949,3.7410538,0.6058973,1.0714802,0.026191706,0.6484116,1.1727735,0.18537317,0.41068643,0.86309904,0.4115172,0.021068834,0.15756561,0.047150154,0.040914506,0.6112638,0.57741785,0.6060541,1.7246273,0.34255835,0.16856581,1.4056402,0.30240184,1.1144085,0.64007944,3.2508733,0.5195131,0.5588868,1.0940777,1.0672917,0.09424863,0.5077034,0.23034345,1.3256437,0.1980999,0.38917598,0.36483896,0.604484,0.37648517,0.5718138,1.1025366,0.20345536,0.3164367,0.15453343,1.1883556,1.3328315,0.29307333,1.3665155,0.4668106,0.8523232,1.5400144,0.9681999,0.6414564,0.2572996,0.91833866,0.13236691,0.5034751,0.7503805,0.90427655,0.7059406,0.2705319,1.8782997,2.3288813,0.84900665,0.5647443,0.3224177,0.7546255,0.2329166,1.6885911,1.411957,0.59075856,1.5991851,0.83005685,0.8057011,0.89909315,0.17987597,0.42345417,0.18462017,1.2040387,1.1807042,0.005663817,0.42535508,1.0547115,0.8058241,0.7071733,0.44619602,0.8037813,3.7435355,1.4455644,0.09380537,0.8199103,0.0837885,0.3809197,1.1092242,0.7347761,0.98344386,1.2256032,1.0894233,0.17644091,1.0405304,0.3625739,0.53338516,0.00304027,1.7396312,0.17031504,2.4674118,0.5406617,0.11870842,0.47959,0.80891085,0.49462834,0.15530482,0.31785706,0.23000617,0.6885311,2.4929438,1.3811033,1.1374419,0.27803707,0.26408145,0.16138381,0.2457725,0.6159599,0.5203419,0.98484904,0.051740948,0.997006,0.26455203,0.17351614,0.68331945,0.20690556,0.8092705,0.7589893,0.36467063,0.20318109,0.6221794,0.37690422,1.7939278,0.44730228,0.11794513,0.21176392,1.6064141,0.7072939,0.0028989564,0.68109035,1.3392994,1.3739351,1.0470741,0.53351426,1.7668251,0.21454331,0.26225916,0.5205564,0.51119214,1.7577887,0.17451216,0.8397264,0.64983594,1.8984569,1.6829952,0.9734869,0.63360023,2.48824,0.7721817,2.4296293,2.9796317,2.1022825,0.4249277,0.03064039,0.09123889,1.6645688,1.362929,1.6163831,1.2555805,0.17446311,5.3443775,0.78166085,0.3612825,1.8256135,0.060338456,0.059228677,0.59750557,0.5795019,0.39717156,0.95803034,0.02611073,0.23679705,1.8923894,1.0796258,0.51904786,1.5441178,0.8491468,0.39209938,0.50084835,1.2310675,0.2816376,0.44269654,1.4689306,1.6155559,0.91547704,0.8989597,0.41099015,0.84371495,1.3877317,1.1664263,1.4409533,1.0052983,0.53222334,2.3963027,0.41371122,4.9764457,2.499555,1.3524168,0.3907781,0.65216494,0.46476662,0.3089297,0.016901385,0.21490958,0.33829784,0.19546854,1.3755642,0.053732626,0.19318703,0.6882732,0.5163623,0.37836722,0.87414604,1.6971498,0.6149311,1.1468058,1.7305123,0.6495028,0.45022163,0.61655194,0.11230231,0.5918359,0.9248991,0.3828902,3.0425863,1.8320247,0.87764215,0.50368595,0.65839916,0.90680116,2.791317,0.39165956,0.9062856,0.008069798,1.8439236,0.15029936,0.42860222,0.37877458,0.12956822,0.8058383,2.9404037,3.9464207,0.7467524,0.28744423,0.107553735,0.8190211,2.2625813,0.1181263,0.0513464,0.11821141,0.58827615,0.33017874,0.17796847,0.0,0.07201739,0.15107882,0.783941,0.33518845,1.0437268,0.4427662,0.947864,1.9012975,1.2360898,1.2784455,0.5500243,0.5862791,0.028582415,3.1731505,2.1189218,1.0295448,0.45670575,0.24880476,all_pothole_images\pothole_images_new_image_134.jpg
1.4844534,1.1381257,0.32085404,1.9921446,1.395345,0.017369702,0.852764,2.2539184,2.158315,1.6333339,0.6991183,2.2311792,0.0,0.9213865,1.6218648,0.52461433,1.6701162,0.36435726,0.48324624,1.4127443,0.8179963,0.35451794,1.0131224,2.4536788,0.1792105,0.15627652,1.3628987,1.5631546,0.48399547,0.13336551,1.4358425,0.6538051,0.35185283,0.7376678,2.1728215,1.7911582,0.085765176,1.021633,0.69508576,1.1536071,0.6448108,0.276479,1.408214,0.6914841,0.41168278,1.2765236,0.8624805,0.25417855,0.10466235,0.2482749,0.8770042,0.39198428,0.73253834,0.7606319,0.89037806,0.26385093,2.0041778,1.0322771,2.966394,0.007624607,0.07025415,0.13928354,0.6992603,0.8801436,0.26948053,1.5612535,0.31173655,0.03551556,1.4070861,0.04245209,0.008268441,2.549157,1.356059,0.0014546624,1.2060618,0.9741838,0.4817453,3.2337961,0.4437012,0.48747793,0.016452534,1.1304301,0.72237206,0.06133349,1.8489356,0.31638137,0.53360456,0.7401713,0.588131,0.4676604,0.6424355,0.39965,0.46409813,0.0,0.9369828,0.012741758,1.039846,1.1185125,0.37106934,0.19238296,0.22526717,1.4635886,0.6518701,0.92730105,0.39146835,0.7223601,0.46554264,0.5983084,0.13175216,0.55530435,0.8846916,0.40725872,0.07831508,2.2123091,0.116653904,0.256918,0.6087751,0.025305636,0.4247635,0.7649784,0.8996761,1.6738384,0.8072446,0.5535039,0.04687435,0.12015567,0.8427361,0.61227906,0.37519205,0.0010119592,1.6711152,1.8716345,1.3766265,0.0652908,2.066635,2.008825,0.08023608,0.088807896,0.12449431,0.004633204,3.1784039,1.5018164,0.46031132,1.2877117,0.056626942,0.2617071,1.1868626,1.6567255,0.5245362,1.5457165,3.6751587,0.6723156,0.26358426,0.0067742467,2.2034404,1.0412949,0.4921814,0.0,0.83954495,0.16282724,3.39433,0.20349951,1.9353068,0.87446934,2.2449777,0.005104892,0.46127078,0.38680017,0.095468484,0.81337345,1.9248196,0.0,0.30041713,0.11868028,1.2557042,3.63506,0.078985006,0.11953548,0.16890624,0.738601,0.09132713,0.21541655,0.55039424,2.6172397,1.3446951,0.67645144,0.12082031,1.4236717,0.5654673,0.0023349393,1.5862556,0.13304439,0.27646154,0.8969832,0.40750688,1.3548858,0.70727015,0.22894771,0.79677486,1.8108988,0.09364276,0.070318416,0.0,1.1288009,1.1359804,1.0481958,0.91194695,0.20309673,0.43543515,0.7072861,1.1564214,0.5704259,0.17722654,1.5744034,0.3174079,0.024410922,0.96333396,0.26690158,1.1215048,1.8993384,0.007909603,0.48397973,0.18801625,0.7917077,0.0013590328,0.003341929,0.25404528,0.6425247,0.06330293,1.3777971,0.23587717,0.0051425924,1.3362463,0.093467094,1.4598643,0.03133992,1.931416,0.32380408,1.2352539,0.34226054,0.60229754,1.5302782,0.9052032,1.1369178,0.7267833,1.5013897,0.78542995,0.02130863,2.1903925,0.126636,0.416395,1.0011446,1.6196213,0.6512609,2.4884808,0.63926905,0.046750583,0.003996975,0.26052594,0.48586527,0.23474371,1.417154,0.7770605,0.05113744,0.32079118,0.016175706,0.6727654,0.27442995,1.4137828,0.2888444,0.031112561,0.0674169,0.071721904,4.647476,0.18085964,0.2674621,4.678282,0.31324577,1.6575166,0.87322855,0.11614756,0.2183496,0.11581453,0.015312243,0.30763888,1.7448133,1.012253,0.094696045,0.050414424,0.011445293,2.8115816,0.817515,0.41850805,1.4113879,0.26334432,1.2638359,2.4276679,0.062606156,1.0585815,3.3760326,0.4936535,0.009513176,0.34426358,0.007288014,0.22002573,0.24203014,0.34989002,0.6735991,1.030571,0.25462246,1.1753408,1.0780355,0.6060813,0.9019951,0.24274528,0.47347984,0.2613414,0.25528577,0.12370019,0.11844702,2.4221203,0.43476617,1.2405387,1.7317399,0.26240265,2.476577,0.0,1.1287092,2.3789523,0.8689675,0.038587514,0.0,1.5968167,0.27820724,0.36602408,0.69709265,0.05817544,0.68399936,1.0555316,3.1589212,0.121049166,0.43705952,0.10734527,0.6404303,1.824986,0.6193571,1.5512189,0.109717086,0.23709172,0.48718452,1.3056071,1.4522665,0.60652035,0.9979725,1.2934391,0.837935,0.50807565,0.010554537,0.2025118,0.7126096,0.5394477,2.0925515,2.0607557,2.5885024,0.91499764,0.29820904,1.7998862,2.1227734,1.51232,0.6903763,1.1214266,1.4954495,1.6064982,0.5021334,1.1078343,0.20122781,0.5979035,0.13607374,0.0,0.21822278,0.022011518,2.4571638,0.3264176,0.574782,1.8138694,0.20716889,0.15859434,0.32433847,1.0722125,3.230933,0.0,0.8523315,0.82631075,0.64567053,0.0,0.30413708,1.9119127,0.49220088,2.4720492,0.05592201,0.09847867,4.611111,0.035559386,0.999785,0.013773068,0.096353196,1.7473406,1.0133718,0.15373544,0.5916911,0.5711431,0.95530623,1.8397868,2.8027492,0.12167218,1.1542927,1.1227231,0.0032186748,0.890547,0.22836323,0.14969294,1.4690878,0.46041223,2.8840072,2.8354554,0.1123007,1.5101084,1.6106162,0.13008778,0.9632065,0.25014934,0.0171131,0.59797657,0.11591423,1.7156273,0.92623466,0.20441821,0.021873571,0.4794559,1.5521263,0.5245955,0.04189536,0.55488586,2.3490834,0.5866835,0.47312877,1.0307901,0.040320918,3.8452528,4.405846,0.08970235,0.37830406,0.42075112,2.1461282,0.8414675,0.8834996,1.3842504,0.26280382,0.020245763,0.7243832,5.0642796,0.90181977,2.4988039,1.6088367,0.32434797,1.9006954,0.3700129,1.4621786,0.049839027,0.36163315,0.7643774,0.37085202,0.15108837,2.0894432,3.9032972,0.90589327,0.0012714674,0.5362939,0.9392179,0.9233043,3.3771973,1.6680319,1.6420578,0.5084059,1.5747464,0.27928364,0.24243394,1.1061581,0.85946435,0.29945493,0.008106689,2.648218,0.037319068,0.14380455,1.2001843,0.6842973,0.59322214,0.99016696,0.24817264,0.33411282,0.37434253,1.0467869,0.3126855,1.1704346,0.07545034,0.9451343,0.036093857,0.45046896,0.9628854,1.4437844,0.03632476,0.13155913,all_pothole_images\pothole_images_new_image_1340.jpg
0.5058536,1.0932629,0.31509846,0.39823762,0.17486165,0.32304412,0.13541792,0.18416747,0.02299639,0.3347564,0.39342576,0.18403752,0.1454051,1.9516486,0.014430052,0.0,0.10890045,0.14465627,0.7863268,0.6891308,0.16084641,3.1051753,0.6311076,0.0008048848,0.52355003,0.41264597,0.0,0.054544106,0.012303102,1.0179446,1.573458,0.15337619,0.73010546,0.00046991598,0.00063158135,0.13018379,0.27473265,0.41477078,0.13318017,0.48040795,0.36870992,0.090364054,1.131606,4.6512165,0.18619004,0.19109142,0.013418945,0.04414643,1.0986617,0.09189718,0.19423532,0.38261577,1.417096,0.29526067,0.73425114,0.7543953,2.1667387,0.2497197,0.44367543,0.0,0.0,0.674454,0.7477233,0.25762567,0.03178427,1.2413933,0.26735318,0.5317965,1.4401959,0.26770532,0.10470152,0.0040633962,0.06904,0.022758313,0.49138647,0.015082177,0.008569369,0.17333871,0.5068447,0.3651334,1.0741842,0.34628004,1.6767266,1.1387366,0.71226525,0.24829206,0.15518942,0.19737685,1.6742703,0.068783835,0.79740477,0.6490333,0.7892206,1.1521558,0.012546838,0.34894794,0.85140115,0.83453876,1.4657305,0.16068238,0.26479504,0.76831543,0.2163163,0.26950327,0.44515845,2.9598927,0.04562327,0.19932888,0.0,0.96732014,0.011310168,2.3854017,0.36098453,0.07666651,0.2036227,0.30759963,1.70858,0.6416622,1.3917508,0.7056647,2.9373758,0.07582128,0.0,0.7897713,0.5173788,0.33265164,0.3293887,0.30315185,0.6308787,0.74052745,0.28170818,0.12796576,0.27179673,0.8643494,1.0595512,0.73848957,0.42614138,0.376895,0.45465493,0.5597659,0.19377264,0.22282763,0.4322795,1.0752116,0.0,0.009156692,0.4685655,0.033767585,1.0514915,0.3470092,0.021584822,0.0027560994,0.1004848,2.0037353,2.7554357,1.4653103,0.5127889,0.07240338,0.49280143,0.004054956,1.7982284,0.43777522,0.024028987,1.1208209,0.31769922,0.31620812,0.2524444,0.4067434,0.95469975,0.25962198,0.074300766,0.08575379,0.3413241,0.44688523,0.4444199,0.1024933,0.5813371,0.028093508,0.084738895,0.1175769,0.04051748,3.0132248,1.8665792,0.090486795,0.30726737,1.4621315,0.7149722,0.39771467,0.30643496,1.0815363,0.39356658,0.0,0.39189762,1.4331787,0.09547183,0.024809506,0.12538086,0.6697556,0.27489552,0.91148746,0.014118069,0.9967917,2.0054502,0.59212196,0.74938875,1.6842741,0.3271965,0.5149515,0.09632458,0.36823896,0.049963817,0.32568702,1.5245628,1.9808495,0.20230305,0.68646723,0.050513737,0.22407821,1.1296371,0.08704419,0.20629114,0.64307845,0.36131644,0.93495333,1.0042249,0.08120827,5.626968,0.06877165,0.21524495,0.14498635,0.5801399,1.3081805,0.39666933,0.5315857,0.070892096,0.24447548,0.67024726,0.18422064,0.08379304,0.049718034,0.092054814,1.2228676,0.0,0.49279168,0.2753285,0.24312153,1.2341262,0.41225192,0.94359916,1.8757255,7.425147,0.016765943,0.9083694,0.33816215,0.55283874,1.6592199,0.28044987,0.4901012,0.8125875,0.24882619,0.1480484,0.09598405,0.08192578,1.5267231,0.6708107,0.9131152,0.64417315,0.3652947,0.10615613,0.48514378,0.1306796,0.23557575,0.5271396,0.005054998,0.1457842,1.3654137,2.1055672,0.14067404,0.10555847,0.22959895,0.6439875,0.1414939,0.11160795,0.13259676,1.3905553,0.21239479,0.97910744,0.38246047,0.41348833,0.10133923,0.17795773,1.2622942,0.53877217,1.0719559,0.09445497,0.12279086,0.03642114,3.2418115,0.54856503,0.7178586,0.31148824,0.5323327,0.088710696,0.8282122,3.2675135,0.15348046,0.026338452,1.7571118,0.17813832,0.23512922,1.4997982,1.3364372,1.8812851,0.26303768,0.35798,0.84657735,0.11513869,0.041794293,1.0641847,0.4545197,0.018668288,0.113005444,0.0,0.39397615,0.12665783,0.0015576597,0.3438483,0.02552477,0.2895108,0.18413317,1.7601925,0.67613155,0.40570393,0.07466281,0.07134843,0.3107497,0.513125,1.4563174,0.0011354646,0.0,1.8790361,0.9896005,1.5668129,0.8449735,1.5057622,0.04842235,0.0,0.9922353,0.42912558,0.30041292,0.35207087,0.754375,0.874362,0.22673301,0.039189383,1.8542287,0.05982771,3.2966492,1.2945956,0.54950464,0.0,0.6251257,0.5220382,0.39028245,0.0,0.13636345,3.9774175,0.026160687,0.009024572,0.15585259,6.705707,0.5086696,0.45512128,0.23091282,0.263599,0.027806023,0.86022633,0.17076916,0.51523894,0.46648616,0.6938329,0.061452437,0.09270999,1.9818276,3.4972255,1.166848,0.1065534,0.8687431,0.9344339,0.93482065,0.2922024,1.5904481,0.3035497,0.32906523,0.51155156,0.07454389,3.2085493,0.28648776,0.83540547,0.41126585,9.153908,0.067173764,0.8558224,1.2806531,0.40038615,0.352468,0.17124456,1.2982633,0.0043094154,0.15934964,0.05274188,0.46469834,1.0315619,0.38393542,0.30375174,0.027722074,0.37648815,0.068875864,0.38479054,0.014311704,0.33931237,0.012108641,0.31260222,1.6394132,0.33134094,0.72574514,0.002802122,0.70473695,0.6547227,0.38945293,0.31530145,0.3095063,0.35147703,0.56663305,0.8836088,2.7948732,0.6019545,1.4045023,0.3552324,0.21826719,0.47747156,0.9940967,9.968058e-05,0.5090938,2.767093,0.10446984,1.8044667,0.093427226,0.0,0.20181169,0.65391797,1.7594205,0.12011516,0.81379706,0.8345409,0.9545054,0.24791647,0.79641527,0.7308563,0.4634009,0.022757126,0.005138315,1.1633564,0.011488871,1.5154808,0.29737318,0.8757783,0.034495037,0.32073212,0.14377218,2.326842,0.64163315,0.14027563,0.23280346,2.0519826,0.30483028,0.4024524,1.8276291,0.6710416,0.13257572,1.1340816,2.25522,1.2070892,0.001772067,0.42659697,0.2898624,1.7002448,0.0067329197,1.0458391,0.018227322,2.4938214,0.22774069,0.05315813,0.09447276,0.022563647,0.0019192202,0.071643844,0.16211185,0.8010432,0.6547677,0.059550337,3.613734,1.5808479,1.7688651,0.40066642,0.95282227,0.21435148,0.82800984,0.45865747,0.040324897,0.25192603,0.45868605,all_pothole_images\pothole_images_new_image_1341.jpg
1.077114,2.1527514,0.2558692,0.6735003,0.86331064,0.5603981,0.7335788,1.4028871,0.004546177,0.30572817,0.28018385,0.3709633,0.532875,2.6340683,0.124629214,0.0,0.20440495,0.89856327,2.1617007,0.50874317,0.29198492,4.0355678,0.17003596,0.2631691,0.89264923,1.5965917,2.656664,3.7543235,0.48870903,0.42095298,0.54745203,0.38756794,0.99191654,0.108087935,0.70391095,1.3901365,0.65005773,0.7211124,0.32785264,1.2587451,0.1345853,1.0075947,0.84876937,2.9249697,0.503561,0.45024115,0.28188664,0.0,0.63018924,1.3255328,0.3429943,0.3566927,0.21894175,0.08990176,0.080180325,1.2209864,1.5904511,0.4273139,0.9435048,0.8399837,1.5488588,1.5348047,1.7242041,0.3175467,1.7473854,2.33662,1.1854062,0.28516525,1.2699896,0.67526615,0.7159536,0.64046025,0.025275728,0.15729815,0.35930735,0.58278096,0.6343638,0.63220364,0.5673823,1.8589122,0.77584445,0.079865776,0.7904855,1.2684774,0.31546056,1.0666488,0.24705996,0.0,1.9789425,0.17198049,0.89522356,1.6468253,0.20176736,1.147371,0.040949743,0.06459114,0.4480393,0.50447524,1.3516033,0.35289115,0.87014776,0.72773415,0.69670206,2.8985233,0.83115834,1.0334628,0.40815106,0.6089214,0.30332038,0.7184189,0.017717792,2.211395,0.3645574,0.00964731,1.0004579,0.49526602,1.8231949,1.1351388,0.23371075,0.7027558,2.4020214,0.33076912,0.48169366,1.7752728,0.7249955,0.15005898,0.30291837,1.0699244,1.81627,0.7736354,1.5488302,0.8233684,0.70522976,0.87529945,0.026598394,1.2297257,0.41702214,0.39464194,0.4566367,0.42026982,1.0960118,0.5358406,1.0411712,0.59306395,0.3320571,0.7164747,1.5283259,0.27843958,1.1485023,0.56985474,0.12530307,0.13949011,0.55136085,0.120248616,2.4492986,0.2133699,0.50742275,1.0169858,0.6828772,0.30405843,0.4466493,0.20971566,0.7236934,3.1733205,1.4024742,0.12803875,3.7980373,0.14312527,0.62601024,0.11328609,0.41924363,0.35778612,0.42978007,0.16331863,1.5142509,0.062580734,0.21187922,0.5035451,0.90392256,0.09875385,1.4176534,2.5118399,2.7773936,0.86208636,0.0055532064,0.42912298,1.1757041,0.78926444,0.77242416,1.6764802,1.1864941,0.27401638,0.3365809,2.1773283,0.35217595,0.3399564,0.36760774,1.1698523,0.07248633,0.0076796315,0.8616903,0.5934042,2.1963196,0.81609094,0.62195385,0.713329,0.5371241,0.35430443,0.44214013,2.1967869,0.1502641,0.93035716,1.4650112,1.4837624,0.9123681,0.62385976,2.024034,0.07732652,0.6570427,0.81474316,0.4798197,1.5038297,1.0450263,1.1576121,1.1839696,0.1540092,1.1529344,0.081316404,0.34154588,0.1348762,0.97273105,1.7799689,0.4571144,0.49106386,0.7855321,0.0035425911,0.62854886,1.0773063,0.20013098,0.52345234,0.24887668,0.9662959,0.033777155,0.13629387,0.11522871,0.09611143,1.1506665,0.14104642,1.0110126,2.548239,3.2999187,0.3326251,1.7807437,0.18837656,0.5718302,1.6141853,1.0374308,0.9239451,1.5165616,1.8235466,0.4679772,0.011098798,0.5140588,0.88511455,0.69944215,0.5858043,0.0061920923,0.19828524,1.0428716,0.17459099,0.9197503,0.46701905,0.28448284,0.116260834,0.72626525,0.231245,0.49714115,0.5623339,0.24867636,0.264571,1.8056759,0.5998994,0.18363754,1.3339728,0.48403835,0.58580637,0.5978371,0.2750721,2.1523268,0.66900164,0.35538483,1.1430985,1.0924158,0.41385052,1.1039593,0.46774134,0.745549,1.9122117,0.35717717,0.30403924,0.14767681,3.2884846,0.3068806,1.6202149,2.777957,0.6664299,0.0,1.6474204,0.36362714,0.23280537,0.81870806,1.5861173,1.7059118,0.29569212,0.44459152,0.820101,0.7705084,0.31139448,0.7093316,1.0752052,0.23170975,0.81849885,0.40618593,0.9225826,0.42176732,0.67413896,0.846088,0.52738965,1.7027024,1.1680415,2.2862568,0.7713425,0.9054269,1.2143714,0.3320974,0.71208245,0.21876426,1.0817313,0.051440958,0.80520684,0.6723188,1.3147254,0.7322427,0.008154114,1.3273051,0.00091485854,0.25801197,0.51347214,0.097797215,0.54781926,0.27892068,0.13285749,1.0328767,0.58584934,0.29835096,0.4730515,1.0162529,1.0600846,0.23511115,0.7426212,0.667274,1.4713432,0.024288733,0.3763311,0.0028847875,0.35912997,3.3520415,1.4833685,0.11514531,1.1197826,2.3676958,0.8400729,1.3367287,0.027164223,1.2080687,0.44704387,0.5331712,0.6448928,0.021313535,0.24911395,0.7480406,0.70063025,1.2072397,1.4061248,2.5673232,1.1630478,1.4584658,0.34823933,1.0155855,1.9862713,0.9553279,1.2701606,0.22687685,1.5835645,0.22676875,0.32160756,1.6856842,0.9433312,0.079443894,0.08575685,3.1339338,0.119247615,0.5500835,1.9567568,0.8643284,0.36369658,0.7081114,2.3479655,0.17278916,0.40544584,0.54079646,1.6476809,0.71121085,0.35050187,0.9687511,0.6485737,0.5038322,1.224914,0.49608657,0.14384589,2.0699701,1.0281105,1.4370402,4.5038004,2.1278195,0.047602255,0.88770837,0.051117476,0.09894598,0.06705988,0.08398842,0.6459466,0.618123,1.6826661,0.85888594,2.7098007,0.792218,1.5436451,0.6824445,0.031353902,0.95569277,0.23081298,0.15251225,0.44325832,0.7044391,0.100818954,0.66533023,0.3679886,0.61882836,0.016256636,1.1419209,2.4328969,0.27844235,0.9213701,0.11883391,1.5217404,1.2978283,0.85110503,0.4866557,0.13114955,0.688703,1.3789126,0.85418785,0.15152505,0.9133456,0.36549863,0.09727869,0.3538952,0.94063395,0.57360643,2.0118313,2.5273287,0.30435675,0.27372175,0.37199935,0.75423723,0.09024567,0.6145557,0.29011676,0.07737049,0.38795337,1.5931704,1.337382,0.47959468,0.041172605,1.4723006,1.9969965,0.42102307,1.1850481,0.3337597,1.1514864,0.897569,0.8949339,0.4822527,0.15581103,0.033602025,0.5011709,1.0950803,0.38989735,1.0239155,0.11905238,1.381678,0.91677535,1.1752621,0.6113164,0.6879753,0.27804148,1.2344112,0.26381734,0.568858,0.74644154,0.54966795,all_pothole_images\pothole_images_new_image_1342.jpg
1.4059929,0.9394125,1.4647025,2.8349347,1.5724937,0.6568121,0.66729236,1.8572307,0.28335574,0.65598935,0.455797,1.5435233,0.42840147,2.6810212,0.26888606,0.01211337,0.01566431,0.031986415,1.4907874,0.46157485,0.6573291,1.0160654,0.6264263,2.2405567,0.42380306,1.0443764,0.54479903,1.4646003,0.18112336,0.779984,1.0378153,0.52264076,4.7026954,0.9518723,0.5863233,1.193082,0.33904195,0.56227195,0.30357215,1.6902279,0.4825398,1.6524459,1.6835098,2.204597,0.03512239,1.432941,0.58904064,0.009820309,0.12819321,0.5012687,1.9530976,0.8634372,1.0788828,0.016896468,0.27883235,1.5528976,2.3343256,0.13304666,1.9005196,0.40605068,0.5635898,2.2754893,0.33866557,0.52377194,1.0131537,1.846726,0.6238856,1.2528826,1.0740786,0.66334724,0.10084464,0.08600559,1.3834113,0.33829466,0.55450374,0.5379636,0.48538056,1.394386,0.23757485,0.1991365,0.047414467,0.4694509,1.2399912,0.18191633,1.1663322,1.488667,0.0026229739,0.6338519,2.2701824,0.4864988,0.15129827,0.2809881,0.21296227,0.07962926,0.36433068,0.9781315,0.13156725,0.99854916,1.1085957,2.0663679,0.0,2.77152,2.3403265,2.2055175,1.5746089,1.8105148,0.30937248,3.46584,0.3004245,1.0559963,0.8688894,3.7598212,1.3894761,1.2758535,0.40854824,0.83904,1.2638078,0.1780618,0.33786586,1.1876327,1.2521706,0.5858591,0.35262454,2.2566688,0.5676778,0.18010108,0.68665314,0.31528088,2.1465542,1.3286667,0.59558874,1.4207268,0.7760609,2.1175308,0.30052546,1.810935,0.018019103,1.472626,0.116801724,0.40111524,0.46512145,0.43578735,0.7559008,1.0043657,0.5544694,1.2723571,0.19642489,0.73509836,1.4305092,0.69694364,2.5335371,0.37777787,0.019751,0.09358231,0.5692003,0.016457876,0.44353268,0.29866824,0.30191693,0.938819,0.71087337,0.008164965,0.02597144,2.2822554,0.5933141,0.2154018,1.4172702,0.6069577,0.8707845,0.63606054,1.0827624,0.28687748,0.24174275,1.2227023,1.3235419,0.71109575,0.954053,0.32002428,0.22499622,0.05102212,0.21575482,3.0145364,2.9928553,1.8392823,0.3482339,0.20718361,1.5351092,1.1466705,0.9141119,0.20945291,0.40728545,0.39578635,0.3726116,2.8939688,0.19752757,0.5493843,0.6404293,2.1344922,0.7721779,0.20467837,0.23443972,2.699816,0.3469836,0.92186815,0.35024667,1.8239686,0.3260247,0.2306462,0.9865137,0.97633797,0.53177905,0.8089087,0.8358801,1.2259336,1.706745,0.845356,1.4716269,0.60152364,2.5805197,0.0,0.78270096,0.33745807,0.35418844,1.7457459,0.03919721,0.0037325881,2.6534653,0.5380062,0.6867709,0.4908404,2.009269,1.7469821,0.5905788,0.08161374,0.70046866,0.14031956,1.0341502,1.4375987,0.16323914,0.013050478,0.06164267,0.3625218,0.7975246,1.3450923,0.72571284,0.5375364,1.3880749,0.9551854,1.8195878,1.1998982,2.0627272,0.073414244,0.04052852,1.0531225,0.14574781,1.003524,1.6691417,0.117547974,1.2148316,1.2169873,1.7060791,1.1254491,0.5133293,0.98362917,0.855448,1.9796438,0.013496045,0.98915565,2.1520503,0.49254155,0.077202566,0.21933617,0.17787863,0.5050529,0.053062532,0.27584213,0.29277024,3.100684,0.365622,0.32151413,0.26706108,0.066709116,0.6961099,1.4154737,1.2093288,0.8226776,3.1776495,0.07580688,1.4297427,0.115154915,2.3663864,0.28519964,1.5568616,0.18756384,0.13973536,0.3152215,0.9326195,0.16139929,0.14344078,1.8324211,0.8684975,0.80717194,0.35241386,1.43703,1.1574221,0.8280775,0.2940087,0.9020872,0.6368854,0.26909664,1.597773,0.59560466,2.4261103,1.6624722,0.15871216,1.7298499,0.06606986,1.1130233,0.27996877,1.7491814,0.8770845,1.067363,0.20038456,0.07346023,0.73690933,0.59814274,0.757126,0.07142907,1.5450401,1.4215627,1.1125365,0.898364,1.1200798,1.143767,0.4997405,1.1268644,0.0691116,2.121763,0.5623299,0.7849643,0.5857937,1.4940628,0.13011175,0.27754387,1.0662525,0.2379654,0.54044443,0.5001388,0.180847,1.2480149,0.6466195,1.0906757,2.0070462,1.0402502,0.038683087,0.34279275,0.26862502,0.37932453,1.0564215,0.27809945,0.9184077,0.4603709,0.5079623,0.51054,0.051370244,0.2914164,0.6648605,0.3735395,1.0478034,1.3134207,2.0143607,1.3380286,1.2841482,1.1548558,2.2394345,0.45236033,0.9208913,1.6693828,0.8255316,1.1123135,0.35781384,0.6168092,0.96268135,0.33571377,0.7054854,1.4052253,2.408606,0.2146245,0.11447294,0.5449955,0.38130787,2.1614366,0.16314605,1.5207222,0.4009724,0.37368786,2.1381516,0.38479158,0.9461651,0.36786577,0.859564,0.32973912,1.7153046,1.7922008,0.33150637,1.363237,0.4565263,0.012880727,0.22945274,0.99279815,0.5718576,0.6482531,0.053374242,0.9173477,0.19271414,2.1134372,0.62904894,2.0245352,1.5861433,0.86273783,1.6776022,1.1244404,4.094415,3.9031134,1.606888,0.12762855,4.051783,2.7452965,2.3395772,0.7932166,0.21618539,0.5331044,0.8854416,0.6433851,0.7286295,1.9944451,1.1312298,0.9927067,2.8302622,0.2892362,0.41130033,0.2147745,0.046373434,1.0022203,0.18674883,0.473944,1.3872457,0.8482801,0.7418035,1.8186783,1.2298661,0.27477434,0.49741152,1.1779848,1.0778382,1.3674902,1.8739594,1.1024455,0.051965605,1.8962809,0.41076213,1.8085486,0.58916646,0.58256966,0.47187796,0.41290575,0.13995028,1.1234009,0.22934216,1.2488762,2.0480158,1.1313953,0.6427853,0.34651378,0.6262196,0.53733695,1.0819017,1.1704816,2.294275,0.58897525,2.6448,1.4941574,0.8832042,1.4236186,0.26689497,0.11453216,4.3053713,0.31396678,2.5225933,0.21623372,1.0136846,0.9068591,0.16263495,0.7142563,0.4638339,0.09344373,1.6107118,0.5657673,0.66263527,0.691477,0.9250492,1.0221035,0.9459475,3.9055045,2.1253858,0.10001874,0.55915356,1.6620656,0.17958617,0.08641174,0.9634725,1.590321,all_pothole_images\pothole_images_new_image_1343.jpg
0.010798083,2.3862302,0.59048027,0.9912967,1.7427002,1.0723274,0.3543975,0.59263784,0.68264115,0.8941132,0.17348236,0.21589668,0.4662948,1.3598659,0.05260798,1.241418,0.2694908,0.22958498,1.1738995,1.4152949,0.22608905,1.6423253,2.1229608,1.0873693,0.17538957,0.437191,0.05421213,1.3600551,0.1126084,1.2832534,0.6670937,0.33925176,0.07935411,0.16190708,1.6997752,0.7910294,0.5708759,0.66722375,0.15485212,0.27815974,0.14279416,0.18846348,0.16011384,2.1330242,1.4999019,0.1773132,0.16681512,0.0,0.7222767,0.13252045,2.1036065,0.74341744,1.1673701,3.1624107,0.8442505,0.32335398,2.6208405,0.42378062,0.43133068,0.09380319,1.0360186,0.8083818,1.277932,0.0945585,1.7047119,2.203742,0.6939476,0.94394743,0.1512729,0.2758185,0.67167866,0.24530293,1.1739058,0.5456479,0.0074754236,1.1137893,0.18300994,1.5758245,0.5669539,0.6243062,0.033459865,0.9689192,1.0394262,1.7463924,1.1479006,0.920265,0.2141566,0.19184844,3.8299074,0.47315255,0.7547265,1.1519262,0.2803406,2.3717713,0.06815113,0.21659224,0.70322585,0.90283775,0.7697222,0.06215727,0.00953004,2.4823892,1.5932215,0.078886144,1.3048657,1.6135641,1.2966951,0.5531504,0.50233406,0.671927,0.9654082,3.881292,0.13257852,0.97033006,0.6066029,0.47920188,2.1914947,5.587252,0.45769423,0.78712493,2.0334923,2.3234594,1.3804412,1.1493213,1.5064563,0.40188068,1.2953438,1.1660116,1.0554687,0.6250532,0.5046693,0.47737828,2.4454598,1.8437811,0.39807668,1.0663993,0.0,0.29861304,1.8227918,0.42314553,0.2940595,1.4463389,1.8275626,2.4013073,0.75609076,0.19620432,0.65356714,0.0,0.50334114,1.3227371,0.50116676,0.17242585,2.298018,0.10007973,1.5944412,0.20612985,0.8557841,0.3282311,0.48585057,0.01507909,2.1048782,0.1565611,0.15501486,9.778257,1.7467308,0.49211952,2.5590827,1.5403516,0.8444955,0.3329243,1.2538483,0.16594009,1.9569504,0.09477621,2.7838109,0.16465272,0.17864648,0.76503116,0.36747196,1.5113777,1.1805117,1.4709446,1.728026,0.5978091,1.1347626,0.19265868,1.9640795,0.56442916,0.69042575,0.71324104,1.3463277,2.1970875,0.48971158,3.1833057,0.6057516,1.2502543,0.026946032,1.4241018,0.016684432,0.9732135,0.45380875,0.48074535,1.0348836,0.2837302,1.2518774,0.49055907,0.2892608,0.17362732,0.4520286,0.77604425,0.5020004,1.0889237,1.5077153,1.4176918,0.35243377,0.16203712,0.8977281,0.1954763,0.82324904,0.64475435,0.29620084,0.08581797,0.23371823,0.19066617,0.88906413,0.89516956,3.7487237,0.1990642,0.39640114,0.12382104,1.0429603,0.13629799,0.54652625,0.0721338,0.047561362,0.93269336,0.35234568,0.04854387,0.036488984,0.28389403,0.85023725,0.2853591,0.05532858,0.30396837,0.9063721,0.1681321,0.43573603,0.045272272,0.5450874,0.5214926,2.6545012,1.3583751,0.08268055,0.38127884,0.49686214,0.49830088,0.7667096,0.8060689,1.172686,0.4628521,1.0469646,1.0937426,0.17594458,0.8555075,0.549073,1.0847635,0.4489816,1.8643229,0.22276385,0.14249498,0.079253934,0.882616,0.52481997,0.46849367,0.44241884,1.6692821,1.7439529,0.78259647,0.14599271,0.22067407,0.40954405,0.6848747,0.45045784,1.2903665,2.695797,0.34338698,0.28929168,1.9670435,1.1097587,0.939916,0.1638509,0.32790607,0.39447847,0.70372754,0.53114873,0.84471184,1.814705,0.2993853,1.9815909,0.31275028,0.34020185,0.19424771,0.41859272,0.19544315,3.126641,0.2960772,0.2897049,0.3653483,1.5756013,0.8483336,0.4915365,0.9402053,2.67464,1.3376997,0.35370144,0.09759659,0.29651114,0.45240444,1.214639,0.017840745,0.38404325,1.731922,0.46213764,0.30406925,1.6655077,0.8524829,0.15319738,0.22689721,2.0318809,1.6567847,2.9896517,0.14668569,0.355919,0.29829052,0.7273402,0.38383958,0.5274651,0.14058532,1.2814435,0.10180179,2.146675,2.070382,0.24050446,0.079866886,0.63614005,0.5917603,0.7210325,0.5874938,0.3613381,0.46696275,0.1971388,1.1157519,2.6089356,0.1590458,0.41251868,1.7008173,0.8644326,0.2819431,1.2413523,0.56416166,0.5822967,1.7630188,0.94044024,1.1306072,0.25826475,1.4206678,1.6158643,0.20729306,0.5204705,0.4407414,1.7915437,1.8270643,0.80095315,1.3999639,1.9626203,0.66736233,0.5287226,1.4492189,0.41011626,2.2767808,0.49524453,0.9751587,0.1814918,0.8050192,0.63738537,0.78982544,2.8133469,2.3483539,1.447808,0.5891338,1.3051893,1.3997757,0.45366824,1.0117458,0.387656,0.43272826,1.6194407,0.5771166,0.18266483,0.09434822,4.5161047,0.30622253,0.1027525,2.0070581,0.05118672,0.0005800694,1.0355637,0.57104653,0.03871369,1.4843258,0.032053955,0.084977314,0.9440581,0.34298036,0.27960715,0.11555632,0.38770208,1.0918111,0.32544425,1.3129443,0.91810924,1.692159,1.784348,2.267089,2.7208893,0.7301174,0.3992488,3.5380204,0.71162164,0.98756903,1.2760048,0.78400356,0.67085624,1.4196845,0.9142938,1.9159548,0.6604122,0.3570404,0.50592357,0.8197402,1.2986224,0.42166495,0.055907838,0.52848446,0.017405815,0.64994097,3.5293517,0.08422484,0.7842355,1.1158149,1.871345,1.0011299,0.3802957,0.35705683,1.4543566,2.0369694,0.26391894,0.3628191,0.45006248,0.085291825,1.0772346,1.050873,0.9526625,0.19272302,1.7639694,0.4537504,1.6060414,0.23317885,0.4813809,0.77376336,2.1554577,1.0067105,1.0135554,0.86516786,0.31168798,0.11236137,2.0138733,0.35356793,0.44797623,0.23971409,1.8717084,4.256041,1.7757465,1.2264887,0.0836272,1.7861649,0.24769135,0.20876878,1.4133888,0.17187211,0.62292504,0.7016005,0.24477904,0.21338221,0.45229423,0.35610053,1.261321,0.04934911,0.60166675,1.4571955,0.72846305,1.4690374,0.25867563,1.3109224,0.26100144,0.27603528,0.0036569578,1.2540503,0.6532011,0.421968,0.8133925,0.091329336,all_pothole_images\pothole_images_new_image_1344.jpg
0.71629137,1.0992153,1.0940106,0.64852065,0.18460122,0.56567395,3.0856478,1.4648379,0.30630141,2.6237297,0.3146155,0.7057977,0.07383175,0.13124733,0.029108314,0.39564475,1.7272441,0.503576,1.776118,1.481833,1.9492732,1.029741,1.4795915,3.5394034,1.9893672,0.78674525,0.7116699,0.15239532,0.54328865,0.604836,0.3902317,0.44811046,0.896196,0.54187876,0.45086485,1.4249303,0.28877163,1.2736411,0.08936699,0.585438,0.13842146,0.27304828,0.31624106,0.010803987,0.3152392,0.4262289,0.6831847,0.25584435,2.141765,0.094303444,0.02594085,0.1584561,0.078071386,0.19624045,1.0166278,0.050073367,2.7316458,0.09480134,1.6475434,1.7902247,0.030701973,0.23556058,0.7636185,0.3128394,0.16191526,1.9405004,0.12964642,0.85280025,0.08521313,0.9255148,0.24342595,0.013415793,0.8523321,0.59699976,0.28103155,1.226229,0.6022323,0.2091259,1.2065507,1.6638205,0.0169768,0.43885186,0.07981811,0.71400094,0.549674,0.14249155,0.9891811,1.0639775,3.2772603,1.233553,0.7894562,0.25275087,1.1938574,0.9119141,0.14472786,0.3588176,1.8487309,1.0355371,1.0898257,0.93460596,0.17469439,5.3143735,1.7789614,0.8828924,3.0238178,0.34169,0.2853733,0.7338181,0.44992447,0.50575596,0.49427736,3.0073216,2.1155357,1.2212552,0.26105854,0.26426873,2.0245194,0.47120705,1.0073109,1.5199313,1.0877013,1.1008883,0.6048048,2.306534,0.27434528,0.20767425,0.2859497,0.8026413,0.7691155,0.36544955,0.37563083,1.1172032,0.9056741,0.16716556,0.11752492,2.9813054,0.035291478,0.92143434,0.0073035173,0.31571585,1.1201361,1.1966687,2.0802786,0.7296299,0.5623728,1.0747825,0.003130759,1.7140453,1.6000232,0.026243243,0.9084992,0.16508421,0.384954,0.027811013,1.6307487,0.09383091,0.06245283,0.3196396,0.95683604,0.36443505,2.9539423,0.8400683,0.06648073,0.37490767,0.5125542,1.0626297,0.6790861,1.2141873,0.4580656,0.021241419,1.1027997,0.0,1.4967905,0.10264136,2.2338228,0.22891918,2.3002548,0.10083301,0.3381357,0.44172215,3.8253658,0.18077648,3.7568464,1.4906232,4.2416687,0.5043878,0.0017717654,0.25220105,1.3715805,0.4736885,3.173224,3.0481122,0.0047209826,6.163511,0.86277986,0.36050555,0.09942014,1.5942297,0.104335636,4.257099,0.068118416,0.57599777,0.537764,1.1304795,0.17149627,1.310279,1.1164192,0.1907488,0.067160524,0.22155084,0.07975452,0.2509239,0.7819701,1.748574,0.05566098,1.1760803,0.84073424,0.037029464,1.3986895,0.03314827,0.26256657,0.21887866,0.57794416,0.7495395,0.021354094,0.2714837,5.203195,0.33593294,0.02711116,0.67559284,1.6608964,0.06426685,0.7382898,0.5241858,1.0886146,0.50751114,0.11384962,0.04193961,0.6846724,0.15435354,0.40012568,0.8849811,1.6246814,0.17232583,0.07206124,0.031140797,0.60161537,0.16003197,1.2538288,2.2649777,2.5070703,0.8059688,1.552571,0.350082,0.011894572,1.6288265,0.4658153,0.72805756,1.4460471,3.25245,0.63576126,0.3124898,0.8285146,0.10570196,0.13755962,1.2210301,0.52920413,0.09139259,0.37147522,1.1543397,0.5956423,0.070029676,0.087781206,1.0272739,0.25124043,0.41495514,1.2362455,0.070110224,0.87875885,2.7872696,0.16843791,0.36893123,0.24660352,2.099491,2.2942297,0.09336017,0.23052493,0.32701227,0.08450323,0.15731226,0.79485387,0.01593612,1.5864152,2.0004506,0.0010273705,1.749072,1.102047,0.0,0.77985364,2.0917127,0.006405569,1.2200001,0.0015048849,0.3658303,0.2788501,0.6569949,0.06805958,1.3991302,1.8191869,0.6818314,2.2851303,3.7576623,2.0186985,0.48344985,0.0016235139,0.13042092,0.569082,0.8667554,2.6060865,0.57814676,0.23288004,1.06608,0.6106748,1.189726,1.5231,1.0273927,0.24027745,1.3209833,0.9710509,0.16654688,1.8239741,0.018026007,0.7883645,0.97511417,0.5460996,0.12726441,1.4092333,0.528283,0.12119211,1.63659,4.395711,0.6122814,0.6324531,0.9690413,2.1691155,0.0,0.40851802,0.50668794,0.39515433,0.0,0.0016020795,0.32337806,1.6347086,1.2994877,0.7103972,0.6935125,0.43530622,0.04448144,0.07325871,0.5028639,0.7877736,0.0565198,0.6374532,3.0174372,0.042148814,0.23133682,1.1800356,0.3160987,0.24201854,0.4884312,0.50725603,0.43459332,0.20604633,0.0109897535,2.4220934,0.22834589,0.1741808,1.4549215,0.79927367,1.139006,0.23874298,0.1369321,0.11799669,1.5291063,5.7151165,0.15252611,1.216015,1.6843702,0.92854446,1.1326337,0.10605769,0.7579512,0.7495332,0.7950536,0.5479887,0.15089443,1.072036,0.17890798,0.3904607,0.0,0.014471993,1.3764722,0.8149135,0.98523206,0.0,0.019713389,0.26305747,0.14392811,0.077071674,0.076684855,0.0,0.35273984,0.0,0.402012,0.014012421,0.58462256,4.758028,1.6952845,1.5672283,0.32804984,0.61233693,3.3823872,2.1214364,2.2818027,1.6807121,0.5006907,0.84668416,1.2587692,1.1038779,0.80605,0.0004035606,1.5015643,1.5417739,0.1356981,0.249597,4.980857,0.4944137,0.84280735,2.3366857,0.5641928,1.3828316,0.33614832,0.17512967,0.032134626,0.016578794,0.030584328,1.435661,0.40055498,0.0,1.0146089,0.1791975,1.562641,0.6410941,0.53749007,0.22833575,1.7415805,1.1789072,0.27495024,0.2497581,1.5983516,2.122168,1.7297928,0.49900296,0.0670295,0.87442625,1.9015963,1.6496196,0.25916553,0.05466654,3.7689652,2.5233757,0.767683,0.31671923,0.37588352,1.4191331,0.93764013,0.36369824,1.725376,0.23590533,0.8005147,5.974584,2.0798771,1.4485173,0.9421133,0.0059891464,0.17944351,2.9745557,0.16077152,0.15671949,0.0,0.1434331,2.9976554,0.03304144,0.005040993,0.52945274,0.08583305,2.5008821,0.12497203,0.18534166,0.28795323,0.13416728,3.8797326,0.075925566,2.0587602,0.7801744,0.40851134,0.30424166,1.0430549,0.2953456,1.9896233,0.13414906,0.054283522,all_pothole_images\pothole_images_new_image_1345.jpg
0.28806895,1.0133524,0.11812858,1.4034526,0.73402476,0.28861418,0.438528,0.26342583,0.16089508,0.7661141,0.6842439,0.35638073,0.23908918,1.264366,0.0,0.42250586,0.5541926,0.20676258,1.9227396,0.122882545,1.399751,0.6931358,0.58161753,1.4166834,0.58423126,0.22973457,0.33989844,1.278858,0.0,0.66324985,0.89016265,0.27289417,0.37097067,0.29855555,0.6432879,1.7432358,1.0059718,0.77854484,1.4700062,0.8344322,0.049820844,0.11017199,0.02997543,0.10665936,1.0758709,0.564071,0.058169898,0.11089384,0.21404058,0.922585,0.90156513,0.1826846,0.32861826,0.0011890975,0.0,1.8574107,0.50053436,0.3400102,0.6815283,0.20706555,0.3261214,0.3447748,0.18411632,0.29295602,1.4950479,1.2957293,0.89801514,0.4879434,1.1208508,0.6157277,0.69674176,0.68423337,0.14019047,0.37866643,0.001029683,0.2240011,0.027564676,0.0829343,0.009817649,0.115114115,0.01865777,0.7168935,0.3740657,2.7456243,0.17724672,0.7062246,0.5197377,0.08955673,1.4203914,0.22401194,0.84272546,1.6312689,0.26228634,0.42292005,0.39024863,0.10330833,0.67115504,1.5499634,0.12812999,0.7367435,0.8867164,2.5490696,0.4464784,0.0,1.0175583,0.16139443,0.1843204,0.35497564,1.0395784,0.4963276,0.28717223,0.020795964,0.6662415,0.4033411,0.5019799,0.7284543,0.9697792,0.09928399,1.4802047,0.9725647,1.8405983,0.7442692,0.27726477,0.85715,1.3070781,1.1571665,0.897015,1.5613999,1.1518561,0.6194513,0.80925554,0.111094706,0.13532396,0.5653582,0.5253371,0.77494615,0.25996965,0.44237983,0.7133242,0.23204324,1.2911669,1.338796,0.029240115,1.076614,0.067875944,0.9221858,0.35988063,0.4121292,1.3166938,0.061262313,0.3162116,0.47338408,0.23108311,0.0,0.49617177,0.3777083,0.55725485,0.11364566,0.75979066,0.48160833,2.4493585,1.032091,0.04369186,2.2267652,1.8923041,0.5097314,2.4757645,0.07221601,0.6889786,2.5180333,0.9342631,0.30618307,0.024538357,0.20336735,0.4234677,0.053666543,0.17286961,0.25797072,0.39119503,0.22187376,0.003947979,0.8232277,1.420874,0.39220238,3.0868442,0.25406402,0.55357486,0.58964944,0.14229402,0.20918626,0.550337,2.3055384,0.5881743,0.6731975,0.880141,0.27738857,0.9059891,0.8487201,0.4291613,0.1958362,0.120681256,0.68756086,0.5445459,0.86364573,1.9776009,0.1652099,2.1013455,0.3139355,3.5812953,0.17692763,0.07998612,0.18392862,0.7192688,0.1603994,2.1560383,1.0689424,0.55724925,0.33151895,0.13204697,0.7772197,0.5566294,1.5321935,0.44970304,0.004054991,0.08622025,0.27358025,0.21719964,0.2943347,3.48258,0.9754708,0.031529523,1.0441107,1.2760417,0.8223081,0.5049698,0.24980374,1.8878378,0.03082694,0.19390476,0.80938005,0.46670684,0.493439,1.048046,0.66226536,1.2817668,0.65271604,0.7608913,0.10518651,0.10295197,6.6913004,0.68295753,0.17628226,0.5955379,0.55231166,0.0063287714,0.07864826,0.33883008,1.2132043,0.07753588,1.6511699,0.24173868,0.057495154,0.12848447,0.75807357,0.24789394,0.13441822,0.7771091,0.43522915,1.8188461,0.072957516,0.030855307,0.15719338,1.0126567,0.26237014,0.9677633,0.13541113,0.21122049,0.8374215,0.16275536,1.3419703,2.669111,0.22514738,0.9130235,0.0,0.3642645,1.405775,0.063174225,0.35519364,1.924999,0.90181553,0.18153073,0.52705824,0.0,1.7135348,0.51039314,0.28538424,0.14696841,0.93360764,0.29069352,1.9834893,1.1259917,0.6489844,0.8737343,0.0058307014,5.196824,0.014886762,0.16122249,0.17362894,0.14570661,0.482304,0.4461987,0.38554987,2.775235,2.902789,0.46161455,0.69024974,0.013693881,1.2469848,2.3085797,0.5014199,0.08198749,0.1431647,1.2159355,0.4274141,0.87071586,0.16064094,0.21135034,0.015921332,0.4792677,0.0,5.2970815,0.31750086,0.88559204,0.017087994,0.039317656,0.09483878,0.60395515,0.146448,0.27558517,0.53223085,0.38623938,0.38294113,0.76654315,0.40503576,0.41881832,1.1895174,0.014113416,0.3510681,1.0096232,1.2301722,0.09414737,0.3399262,0.39873138,1.225606,0.37125123,0.54177266,0.22047077,2.4289587,0.47559893,1.4738711,0.8242961,1.1839813,1.916808,0.16944802,0.61107767,0.0031956984,1.9487585,0.24532238,0.19073851,0.7419399,1.1921948,0.0,0.06257097,0.114421725,0.7713174,0.14801534,0.030379485,0.007652271,1.05531,0.5296467,1.1443899,0.026510194,0.25126278,1.0691682,1.6945343,0.2980358,0.65615857,0.21728154,0.41127005,0.7360575,0.6759563,0.10093747,0.13754874,0.061866827,0.050859217,0.26340032,0.62595665,0.65434986,0.051786866,0.31590998,1.9524715,1.834183,0.677636,0.72941357,1.0374736,0.0010403371,0.68790805,0.40869614,0.22545516,0.10633028,0.83590597,0.7425654,0.0041866405,0.8813815,0.0030353419,2.114128,0.09776112,1.0136368,1.0146301,0.0322114,0.92672014,1.0539579,1.256985,1.4218348,1.526772,0.8430453,1.0460111,0.1316276,0.9289861,1.0715494,1.3904434,0.40021402,0.22323911,0.9341228,0.9906017,0.9913143,0.013461564,0.45892742,0.80457187,0.99020416,0.24499246,1.4344916,0.69974595,0.021220008,0.094059326,0.29800123,0.65765184,0.5842088,0.015563313,3.013328,1.6218086,0.1963227,0.40779585,0.042871427,0.08120338,1.0977014,0.0885183,0.23231004,0.6498968,0.8835715,1.5807588,0.68232304,0.66937846,0.0,0.20280765,0.0,0.38420144,0.0,0.44867033,0.6105869,1.391817,0.78663534,0.49517167,0.3663838,1.6829623,0.20459779,1.5199448,0.5515489,1.0470461,0.24344034,0.061500914,1.0463482,0.010584231,0.059372667,0.11060766,0.71779925,0.8903239,0.009464046,0.38667086,0.284403,0.33462173,1.1942049,0.101238705,0.47311762,0.013284214,0.25262174,0.6265791,0.20986691,0.5517777,0.24363858,0.42780232,3.9032772,0.47047076,0.2604293,0.63396865,1.0593785,0.254905,0.0095178345,1.6458117,0.02442189,0.59217155,0.7627448,all_pothole_images\pothole_images_new_image_1346.jpg
2.6702557,0.43126273,0.65651345,0.017770337,0.03727827,0.30124757,0.47069553,1.7716575,0.09546216,0.05603158,0.076495916,4.501439,1.4299749,0.9616629,0.11495038,1.463311,0.29172465,0.10246904,0.52833724,0.8114827,1.3293433,0.275421,0.3160086,0.08983063,2.3767543,0.3191847,0.27260315,0.12935139,0.0,0.03412503,0.14960355,0.36383694,0.42251068,0.8364507,0.02677608,0.20449978,0.16102692,0.2628498,2.2056656,1.0771042,0.19336957,2.3752677,1.4675996,0.5192241,0.2302645,2.6188388,0.9046339,0.6960201,0.46692345,1.807643,0.04967921,0.75815517,1.3675965,1.4368414,1.5616872,0.15979566,1.5876948,0.0008220896,0.41451383,0.6708038,0.061033063,0.0,0.13879797,0.25217316,0.394276,2.6266267,1.7009201,1.3919735,0.52874124,0.06171016,0.2735327,0.8339977,1.6236538,0.109100096,0.60366315,0.32290852,0.041715566,0.14823617,0.25870132,0.731173,0.41831183,0.0,0.18797925,1.6358801,1.0587938,0.14402573,0.35076168,2.024511,0.89554423,0.37709695,1.6291505,2.5978727,0.0,1.4061005,0.41118926,0.32441095,2.0244312,0.33515465,0.70331097,0.31604895,0.38413975,0.29931185,0.19103234,0.24798813,0.10182385,1.1800736,2.1530938,2.6299624,0.07055584,0.6105137,0.0558113,1.8836055,0.071796305,0.10910897,0.8135967,0.05110107,0.9734305,0.37371165,0.67696947,1.0962878,0.81877214,0.027917134,0.4633512,0.58295166,0.20053238,0.1154493,0.069660656,0.43689328,0.45567998,1.2322054,0.742084,0.24110484,0.44022754,0.6243141,0.17652652,0.76606697,0.20121558,0.2660125,0.7736801,1.8335989,1.7386278,2.953631,0.41435465,0.09185477,0.048378408,2.3490443,0.03497282,1.6723835,1.3204188,0.26062512,3.1216075,1.333838,0.46026167,0.11902746,0.0126728555,0.7419088,0.3338602,1.9951655,0.219019,0.7647111,1.9389604,0.8992468,0.4787337,0.0898211,0.6770151,0.0060004164,0.0,0.04862018,0.077033296,1.9766507,0.42095998,0.0,0.23803242,0.28656232,0.09944523,0.19242765,0.4515443,0.33072463,0.07205478,0.64011836,0.8086673,1.5517125,2.1229444,0.804002,1.4186401,0.9779552,4.451612,0.17404914,0.53473604,0.18945375,3.001943,1.3141744,0.14513524,5.5674257,0.05250361,0.07248185,0.3453006,2.141607,0.6263208,0.15439253,1.6608644,0.21467675,3.9647517,2.9215498,0.5198504,2.101959,0.15691432,0.13313554,0.9089023,0.22160833,0.055975698,0.13297887,0.9061349,1.1410123,0.4129334,0.0,0.21139623,0.0,0.50420237,0.1481426,0.0072470987,5.11737,0.7412145,0.6853818,0.47309598,0.16091038,0.48342305,1.3386308,0.047476105,0.23071519,0.076715946,1.0812273,0.69495595,3.4704278,0.33410928,1.9290571,0.61540735,0.18826987,1.7544369,0.86477256,2.0063312,0.5390805,0.06165639,0.9706332,0.2411941,0.11732112,0.3058619,1.7884153,0.9666491,0.13323362,1.5126364,0.110873826,1.4215263,0.0,1.3908437,0.0014832299,4.909854,0.48085245,2.6527903,1.6324761,0.21096389,0.0,0.7214343,0.3374844,1.6667231,1.9593365,0.0,0.5914371,0.6767338,1.5217907,1.0673031,0.030550357,0.022889074,0.77067906,2.5611057,1.0540969,3.7025542,0.6851719,0.26433337,0.7375115,0.0,0.3291263,0.10030865,1.4280467,0.7457786,0.053215638,0.8872874,0.28444847,0.00090366777,0.28855658,0.36560035,0.82701886,1.2035376,0.024591208,0.32763234,1.1614698,2.3001387,0.24498285,0.56860423,0.0071845357,0.115149,0.438346,0.26708767,1.6301084,0.023681711,1.6941485,0.04736104,2.5920784,0.19430675,0.51559883,1.0407926,0.10378666,0.9010563,1.6837863,0.104211725,1.4777894,0.45780435,1.4035767,0.50225294,1.1188477,1.8825396,0.28237146,9.251675e-05,0.2746439,2.4322276,0.51899934,0.8169697,0.10477689,1.7051622,4.167428,0.5858157,1.637524,0.085725024,0.18936732,0.058328938,0.69399375,0.5027134,0.001873116,0.043061063,0.0,0.76340777,0.50247073,0.41129646,0.018911252,0.6350971,1.3688245,0.8170281,0.0,0.28402257,1.0940698,0.41502163,1.7463212,0.40246746,1.2105244,1.3467953,1.4024378,0.3836317,0.019578706,0.7072045,3.071499,1.2001309,0.07898296,0.28405416,0.36487865,0.0032635038,1.7630723,0.6541785,0.3456434,0.0370424,0.19016802,4.076951,0.02692287,1.5753582,0.13191201,0.8309379,3.226342,0.8303277,3.4631464,0.09315886,0.6182583,0.19640066,0.4958036,0.101439536,0.51664627,2.273452,0.41733506,0.6743528,0.38200775,0.0874794,0.8399703,0.16703965,4.6239834,0.7780589,0.7948804,1.6057144,0.29079962,3.6486046,2.510754,1.1557115,0.27660188,6.401605,0.84428656,0.9705653,0.42530194,0.05894548,0.8445786,0.13375266,0.43121415,0.18284076,0.46368068,0.52614325,0.90200573,1.3849238,0.30429935,0.33552158,0.021954944,2.3020952,0.20973958,0.16692543,0.45844543,0.528887,0.3359455,0.010126369,1.2813802,0.0,0.002279363,0.263999,0.3045199,0.12537326,0.33085358,0.30355078,2.890109,1.2146423,1.0208628,0.09608136,2.0833755,0.28872105,0.85281384,1.3300796,0.28659335,0.035756417,0.93685055,0.24938935,0.1476415,1.8043234,0.55802745,0.81115353,1.6753044,0.048348825,1.9868399,0.040860686,0.056181196,1.2710325,1.1133637,1.2913228,4.050348,0.68003714,0.33553058,0.109397285,0.17765614,1.319344,1.9838833,1.4726427,0.036050145,0.4228395,0.24211824,0.0,0.0,1.1193619,0.33114,1.0501953,0.55913794,0.2875833,0.23385258,0.28666514,0.07027837,0.15759623,0.61043125,1.4637532,0.27363813,0.33432946,1.3843415,1.4207318,0.05695488,0.345611,1.0740113,0.5471123,0.1523632,0.8268052,0.1533506,1.8469032,2.9029927,1.2285671,0.06090059,0.5486362,0.3803827,2.6907454,0.5431385,0.5683318,3.478211,0.13636836,2.0883746,0.3001429,5.068812,0.2866206,0.2575529,0.7598235,0.6196777,0.02605952,0.2701968,0.16145091,0.9797497,all_pothole_images\pothole_images_new_image_1347.jpg
1.466781,0.6062996,0.115682885,1.8874315,0.16557798,0.43777147,0.10070857,0.0,0.51129186,0.19107272,0.39707,0.15908065,0.24200873,0.5695165,0.98544806,0.1251527,0.02179592,0.2703759,0.35521168,0.069945335,0.0016187663,0.9842299,1.2572211,1.6177723,0.084133364,0.100805216,0.0007612474,0.027235532,0.21674308,0.49820676,0.6131658,0.1899413,1.0755014,0.8838071,0.12357369,0.0,1.4380127,0.25772563,0.42997786,0.059847433,0.5213451,1.1850151,0.74860877,0.5016184,0.9361228,0.31179672,1.0666355,0.23689073,0.4820328,0.93298787,0.7905262,0.5132844,0.16337626,0.3449019,0.074643716,0.58988315,0.7377675,0.0074560726,0.7798734,1.9840978,0.15649688,1.0554376,0.3112573,0.7708621,1.9040935,0.0028855556,0.3263954,0.004452604,0.017198911,0.10942788,0.6409928,0.14895393,0.77426285,0.08183216,0.3245599,1.3391268,0.15035127,0.13324781,0.0,0.054779682,0.020974644,1.3513107,0.16177435,2.3292286,0.15277016,0.87250626,0.12274688,0.5043546,1.6244829,0.36382195,0.03589299,0.43638185,0.82834506,0.056519352,1.0525991,0.005868147,1.2895105,0.80596566,0.10488835,0.08398963,0.27953163,0.3360756,0.8106209,0.22143053,1.4136138,0.0,0.054439273,2.1558862,0.15662463,0.8915957,0.12925331,1.7280136,2.6813579,0.6254698,0.0,1.0588063,0.85460216,0.0085602,2.6855948,0.44200253,0.9001326,0.33026037,0.35438994,1.2399368,0.68381405,0.36877275,1.0038129,1.0172043,0.21268545,0.08263685,0.03061982,0.0033663616,0.073500216,0.011501065,0.0,0.44758853,0.011860062,0.48755473,0.44771576,0.0010369818,1.239586,0.6055624,0.12686136,0.48800176,0.23847575,0.34769315,0.040401973,0.25401437,0.15050401,0.31529057,0.22408164,0.16386676,0.5890311,0.48272032,1.0908427,0.07681833,1.447335,0.14717044,1.1505787,0.10447296,0.3416255,0.54075676,0.0,0.5655309,0.709843,0.36202252,0.68094033,0.026496876,0.86690956,0.77771366,0.13927211,0.013037782,0.0017666076,0.014628121,0.86274284,0.03638328,1.0005378,0.021639157,0.87694937,0.2856358,0.032087483,0.88036054,0.66081697,0.75650287,2.7398365,1.2963698,0.108113326,0.2957421,0.45200756,1.1216203,0.11269648,0.405613,0.100290835,1.3788061,0.73135054,0.0,2.5442624,2.3916895,1.9244006,0.76996,1.458329,0.34000665,0.15183571,0.09533082,0.39469954,0.6547985,1.9766841,0.6170789,3.0870354,2.3290827,0.0,1.1342956,0.20407568,1.2522315,3.0358026,1.4872833,0.37379116,0.19633353,0.27377546,0.17699946,0.7586699,0.45703062,0.44011816,1.2109792,0.17549607,1.6221316,0.88113564,0.09034759,2.2136295,0.21747316,1.4428326,0.0,0.7329822,0.32423443,1.4688189,0.0034859474,0.27687496,0.008688338,0.7985715,1.653678,1.5884218,0.4253824,0.20623222,0.5378849,0.0014884168,0.017549295,1.749323,0.56574583,0.30980533,3.4254348,0.0743971,0.006638051,0.14650156,0.096866734,0.36399224,0.0,0.60325974,0.24460165,0.16790612,2.3589513,0.12582858,0.44314766,0.26573536,1.4126706,0.054276086,1.0276086,0.29345402,0.19572836,1.9648466,0.26519716,0.82262915,0.09093477,0.06090985,0.08606695,0.15659834,1.9108715,1.2643439,0.6270468,0.33130112,1.4615831,0.24711663,1.7353597,0.27463982,0.30875668,0.030893598,0.3323441,0.036450718,0.8634472,0.5025084,0.9281741,0.6778293,0.13096823,1.6054575,1.167107,0.22057976,0.31291163,0.52528816,1.0764767,0.01664538,0.5446453,0.22718585,0.4806307,0.17663673,0.46127552,4.436401,1.2916126,0.2533241,0.5844691,0.028299136,0.15722345,0.0,0.4911414,6.993268,2.0049286,0.34432134,1.0999538,0.16210933,1.796181,2.8431005,0.59882164,1.3770497,0.45574346,0.26050204,0.62651557,1.50719,1.0100878,0.76572585,0.06971987,0.58164966,0.13341111,6.238225,0.007074299,0.28103983,0.33787158,0.08236545,0.06382287,1.7524712,0.17623132,0.7009217,0.038906064,0.698577,0.64995134,1.1361827,0.017077226,0.79102665,0.3525125,0.7172196,0.051425338,0.28888166,0.2393423,0.07110327,0.81605595,0.15284607,0.06701439,0.69032377,0.06464212,0.45894054,1.03882,0.008548558,1.6709772,0.27563596,1.097555,1.856288,0.54616463,0.0,0.43066254,0.028461715,0.38338217,1.1991603,0.37535763,0.33650532,1.4956948,0.010923203,0.10884271,1.6854229,0.3778623,2.7938526,1.8101736,0.35863242,2.0936828,0.6365125,0.00069951743,0.8141238,1.1774912,2.290856,0.25160673,1.0758215,0.38597324,0.02288703,1.098201,0.14216341,1.8467332,0.10545248,0.03141209,0.011188052,0.63684595,0.015178821,1.2189499,0.48458433,0.44578147,0.59648013,0.80065143,2.2935123,0.17486498,0.7240746,0.18079548,1.5544475,0.051455352,0.35615808,0.6612846,1.0390815,1.1113923,0.59462035,0.45658216,0.015917568,1.2618246,1.7736838,1.4508862,1.4233638,0.3778463,0.09572522,1.3141266,1.004233,0.123970985,0.2144845,0.8246217,0.19738546,0.49217457,2.7596335,0.099767536,0.29599446,1.9166496,0.0,0.014791629,0.0,2.6661751,2.396621,0.74526095,0.6272473,1.9524834,0.02031596,1.086305,0.20951055,0.37050667,0.09775954,0.09311076,0.6740159,0.2252322,0.0,0.6254742,2.002246,0.19135347,0.33485997,0.8700382,1.0874122,0.44014463,2.8175538,0.087305926,0.71046406,2.3313673,1.2931902,0.46582517,1.1109169,0.76721424,1.8345649,0.16318864,0.046906248,0.013776409,0.06056146,2.0263398,1.2260565,0.056538988,0.18250382,0.520253,1.0485092,0.18625364,0.39870447,1.548881,0.017352615,0.4937485,0.41748762,1.7386187,2.4718103,0.33298948,0.00930279,0.7446971,1.5931572,0.022675795,0.9211421,0.1573202,0.050064154,1.4221126,0.19637942,0.026759565,0.078219205,0.008993145,0.32351363,0.5231466,0.0,0.057729222,0.8674328,6.993582,0.793064,0.23328726,0.28336322,1.8490814,0.12775792,0.25827584,0.36563444,2.0835714,0.043169126,0.06578631,all_pothole_images\pothole_images_new_image_1348.jpg
2.8940113,1.4087511,1.3198177,2.3277338,0.39823586,0.042468555,0.8243449,0.97915554,0.94372183,0.76764303,0.35220483,0.029019319,1.6585579,1.3400167,0.40986422,0.80736196,2.6528473,2.1250136,0.70584667,0.65978956,1.7800748,0.71472037,0.8458721,1.1636752,0.09584172,1.1683414,0.38493985,0.20702891,0.1355351,0.4369662,2.5150106,0.5672855,0.13128458,1.5790206,0.75693524,0.9485545,0.8810811,2.505824,3.3433974,1.734865,0.53595513,0.61999756,0.19418608,0.030683964,0.8652283,1.3800704,0.81702226,1.9113474,0.033548098,0.6503479,0.10742871,1.4286196,0.52978295,0.2798242,0.42922738,2.0774393,0.33261123,0.4781772,0.16666433,0.34474617,1.5295331,0.1882981,0.03145361,1.0454274,0.07654235,0.54761076,2.2056563,0.7702691,1.9192305,0.4944715,0.3332326,1.1077739,1.4140774,0.37347496,0.3092058,1.3710333,3.4306989,0.66319203,1.2558497,0.2636173,0.5200791,0.07481727,0.6142508,0.0020246427,1.0427585,0.64246064,0.432054,0.3976652,0.793112,0.020452693,1.2815297,0.60144615,0.07612669,1.2914418,1.5226568,0.05510417,4.4324327,0.16449206,0.36344633,0.21920623,0.64137226,0.5364709,0.89078104,0.98481727,0.13665862,0.408946,0.0,1.000496,0.57579273,1.514829,0.56087977,1.2446983,1.0423037,2.886185,0.0,0.039538994,1.2113417,0.80222446,0.7811807,0.9803635,0.98792493,0.67324317,0.5860821,0.3974924,0.13065462,0.0665511,0.75697684,0.42942384,0.92889106,1.1253649,3.5266957,1.5603211,0.24229465,0.45270133,3.2855113,2.153511,0.36590233,0.5042532,0.47935072,0.23781784,2.0118022,1.2372458,0.3070274,1.3792466,1.9433295,0.673215,0.06836932,4.4868937,0.010257218,0.0,1.5899823,1.6240453,0.5112683,0.08876962,0.24359442,0.53449196,0.16401358,0.8715819,1.2063545,0.27034175,3.3415923,0.6820501,0.29649895,0.17343383,0.9196315,0.9425889,0.008181331,1.0767138,0.09116974,0.14808728,3.9734907,1.0446208,1.641244,0.7953888,2.1154244,1.9518989,0.36990166,0.15395887,0.32468355,0.39055228,0.52690303,0.48799646,0.015683655,2.0646315,1.546434,0.0,0.34915635,0.06421594,1.1810374,0.6280289,1.1081959,0.17147893,1.94403,0.21210848,0.31031927,0.7024475,0.6238003,0.18765692,1.2123822,1.05991,0.41207176,1.2581396,0.07368987,3.1049502,0.62918675,0.8355554,0.5701859,0.37572443,1.9454395,0.8438269,0.8720856,0.12980883,1.0859915,1.4567784,0.9310685,0.5858234,1.1427426,1.4234611,0.8910737,0.27320266,0.23384914,0.59258854,0.06021713,0.45416322,0.5129097,0.06778701,0.30274042,0.83540505,0.06424515,0.28735152,0.18121983,0.29562274,0.6961668,0.780078,0.6685204,1.5946231,0.4842231,2.4946592,0.7384857,0.81756437,0.097244896,0.29089493,0.5072606,0.67807907,0.11858887,0.9451186,0.09797328,1.3327718,1.6839198,1.4891962,0.0,1.633121,1.102231,2.1543746,0.6630101,1.0682346,1.2828727,1.6671376,0.8928816,0.17136465,0.6079574,0.8187525,1.2372915,0.09924548,0.5288518,0.7781299,0.50525564,1.7862475,1.5722032,0.88715756,0.13816586,0.39991307,0.4010891,5.058042,0.018606355,1.2999188,1.7502142,0.005291238,0.8369729,0.856567,1.0062848,0.0042411545,0.2272775,0.0,0.5044515,0.23866647,0.030166812,0.16842717,0.14048986,0.36808893,3.0050058,1.4829179,0.24627826,0.07775856,0.52728075,0.8254702,0.75485206,0.18178815,1.409405,0.2647026,0.92151034,0.5040216,0.75274765,0.17451675,0.11277537,0.10690041,0.62106025,0.61675596,0.09148044,0.15180324,1.0942204,1.4964424,0.60373133,0.3125333,0.15154439,2.6627476,0.2930708,1.5953889,0.18721245,1.0901865,0.2977144,0.1590348,2.449787,1.3037143,0.07445691,0.07878205,0.24520196,0.6322673,0.7926888,0.106377415,0.161643,0.36171925,0.6872515,0.27657443,2.2604237,0.83378756,0.45403698,0.48656586,0.35257223,1.6177458,0.40679058,0.20103455,1.1215148,0.58745545,2.509172,1.1047223,0.62519145,0.7689182,0.23094828,0.7358101,0.9062664,1.3277954,0.36190605,0.17144102,0.97432375,2.057626,0.49997234,0.052273013,0.6917596,0.9823513,0.050910268,2.3345308,1.4242027,1.0627493,0.1696926,0.6284024,0.7865202,0.5285535,1.286407,0.6872661,0.008514278,0.22486673,1.2867904,0.33672458,0.3395968,0.36153233,0.3750922,1.3658282,0.325892,0.5426712,0.12977523,0.075701095,1.403245,0.5492528,0.5792511,0.7791393,0.54045296,2.0675948,0.037397806,1.3452075,0.45015544,1.6356251,0.60905236,0.23588589,0.5995612,0.077482864,0.42475954,0.11043676,0.79841006,0.5395177,0.0,2.127582,0.540217,0.87757605,1.5920235,0.49008155,1.0186363,0.15378578,0.24467961,0.35591444,1.3775692,0.50966465,3.0747797,3.0307395,0.081035815,0.9184947,0.19688186,0.009404162,0.2569205,0.34395695,1.547685,0.75110406,0.041708175,0.34409732,1.8602189,0.31786293,0.11283158,0.50765693,0.0,1.3108592,0.05834863,0.22364263,0.6983732,0.20004149,1.8886918,0.9029666,0.60845673,0.30053088,0.12112955,0.37657994,0.11116423,0.6241439,0.062117245,2.1948855,0.035905216,0.53679645,1.8029996,0.31410763,0.76207197,3.1500003,0.26535508,1.28276,2.3870168,2.385862,0.016222714,2.3769765,2.187446,1.4095021,0.6819989,1.091732,2.2737098,0.1907523,0.94529194,0.26406744,1.155586,0.61135554,1.351386,0.34711245,0.37632015,0.44023085,0.05818144,0.14286709,0.18437278,2.956121,1.1537435,0.46825308,0.26253608,0.14272769,0.931221,3.8335352,0.67583823,0.0049020387,0.25042576,1.8301219,2.9726892,0.022281284,0.52022153,3.1418407,0.83407366,1.503526,0.8709219,2.0418825,0.17025325,0.13463058,0.0,0.30679885,1.4533701,3.0264063,0.16614045,0.9960467,0.05996496,0.4788544,0.04509337,1.589579,0.70618707,0.29645556,0.7815754,0.5845891,1.0091476,1.3485272,0.115030766,0.19750075,all_pothole_images\pothole_images_new_image_1349.jpg
0.91687495,2.0681903,1.5156347,0.40181592,0.37063083,0.080382235,0.33415076,0.52473426,0.23599309,1.6568553,0.26263064,0.24947557,0.19942556,0.12131232,0.012194077,0.52984136,1.1563852,0.17057535,0.21418053,0.21076599,0.0628469,0.4884058,0.7199283,1.9406583,0.2159778,2.3765905,1.1119998,1.045604,0.26835036,0.79003674,0.2736946,1.1666261,1.8583437,0.4994281,0.0839091,0.8244301,0.55083877,0.2810715,0.46164867,0.70016736,0.53678215,0.82099,0.25839317,0.004359677,0.8160989,0.34332523,0.19902048,2.2703464,0.98143625,0.7783404,1.0122579,0.0061885924,0.8868964,0.52351713,0.03069897,0.5189869,0.14605677,0.17430371,0.8341338,0.8221393,0.02094034,0.96251345,0.8393878,0.17108117,0.38630816,0.19038145,0.7051614,1.2543069,0.83529645,0.037010938,0.123132005,0.07058409,1.210838,0.35610583,0.9393077,0.7941781,0.040331483,1.3097625,0.020471334,0.14348842,0.32257664,1.4475734,0.62456876,0.4833381,0.6663956,0.7241527,0.25958368,0.49589851,3.2557983,0.5141406,0.3575457,0.7852207,0.2460289,0.09044263,0.20603493,0.023609458,1.4945462,1.0921439,0.6901335,0.27712762,0.04458464,0.4585288,0.04372312,1.3135201,0.07534632,0.15627722,0.875245,0.7364164,0.29344913,1.1621444,1.6632693,0.25225618,0.15213554,0.10762171,0.1220083,0.84433776,1.1856216,0.4654423,0.33546868,1.415276,0.3347807,0.70537364,1.5981274,0.92373073,0.2631905,1.176115,0.35999578,2.255826,0.77270037,0.043199897,0.67368686,1.3252554,0.26972458,1.2280456,0.39750275,0.2862126,0.11657951,0.28023642,0.19482505,1.4367458,1.8669262,0.06408686,0.35016304,1.7921363,0.6385718,0.033659432,0.37999412,0.9362178,0.2784513,1.2116909,2.3209605,0.3092856,0.6608206,0.62654084,0.42981607,0.08343237,0.59851444,0.375023,0.7387038,0.033177264,0.99652904,0.5604095,0.110697806,0.25036508,0.6923139,0.08503092,0.14521058,1.1287891,0.29497513,0.5594687,0.32865945,0.07497269,0.75843966,0.3228935,0.250516,0.33716217,1.5057815,0.29754102,0.34795722,0.6871597,0.54202366,0.82269675,1.1832005,1.3799046,1.1741769,0.20887358,0.14961858,0.35364944,0.032639597,1.0537676,0.1440949,0.91684204,0.6510358,0.12869532,0.40068692,0.2945342,0.66287977,1.5064021,0.5238052,1.441567,0.12589112,1.099093,0.04498999,0.18124188,0.7266984,2.834189,0.3008854,2.8251884,0.3978561,0.5182667,0.19514176,0.2391231,0.43772063,0.8042971,0.7064148,0.80140173,1.2508833,0.1443933,1.861785,0.51311547,0.69787925,0.21901944,0.12326318,1.6870916,0.5367572,0.3225854,0.54066896,0.49005133,0.58276004,0.47136745,0.29053363,0.31640434,0.97623956,0.89553076,0.22718228,1.2594998,0.16373901,1.2707444,0.25321543,0.026579885,0.22558852,0.39151654,1.0872823,0.5046147,0.15109381,0.13923211,2.9191804,0.3301037,0.48612982,1.0273046,0.20341168,0.65787876,0.0075596888,1.4311614,1.0206925,1.111172,1.3736914,0.016987985,1.0800313,0.22419639,1.581873,1.3732427,0.26416448,0.43833733,0.1403752,2.4043033,0.22605528,0.11837201,0.5908242,2.6421788,0.56378514,0.07645339,0.27354774,1.9048773,0.028581234,0.5337968,0.16300112,1.6569659,1.0080459,0.51043224,0.15539631,0.16755576,0.7957049,0.39657858,0.48134467,0.33465385,0.4424865,0.4598296,1.381269,0.39751256,0.67342263,1.1805084,0.84973794,0.0019996196,0.47878093,1.243365,0.8582859,0.16431808,0.5532796,0.2206351,0.0,0.18989655,0.6990663,0.8879835,1.2551537,0.5680549,0.023364961,0.22528554,1.4664294,0.5702157,0.78796554,1.3624121,2.872581,0.51278657,0.6021097,1.0355523,0.041886188,0.010097627,0.45283306,0.8447178,0.28572813,0.96577126,0.002569651,0.35304227,0.951011,0.42550737,1.2460238,0.89435744,0.7319494,1.344958,3.096415,0.17591496,0.06671843,1.6270539,0.62909687,1.4723657,0.44271907,0.09704375,0.03267235,0.17151272,0.7565967,0.31899688,0.25503755,0.22168964,1.756783,0.03069681,0.25572205,0.2691107,1.2116681,0.97052926,1.0055814,1.6230334,0.9282388,0.05138158,0.22518691,0.3077069,1.8273265,0.13512875,0.5114931,0.14809176,0.5977291,0.06560184,0.38611788,0.38740927,0.6762654,0.5254507,0.01541968,2.218073,0.88619053,0.7715015,0.2873689,0.44440478,0.844628,0.988533,0.31764457,0.4538735,1.7202597,2.0163536,0.29999298,0.44106638,0.91359925,0.6471379,2.072045,0.6131176,1.8569114,0.39285502,0.42832744,1.1233134,0.22879744,1.5366675,1.5242958,0.93494135,1.9576095,0.24565615,0.76905197,1.0584682,0.13340808,0.9532698,0.29591325,0.59625584,0.30033758,0.3226945,0.47667605,1.184108,1.012819,0.29737973,0.9160806,0.3923747,1.6585133,0.744441,0.65197283,1.5891654,0.14377677,0.7696849,0.48662102,0.7268384,0.35451865,0.6192607,0.100442104,0.7585734,0.15349731,0.16821025,0.7610662,0.49332497,0.13892135,0.123489045,1.089406,2.0359833,0.7976233,0.81961787,0.7812808,0.043997675,0.7629543,0.69452196,0.85056937,1.2512116,1.6213446,0.5710108,0.223262,0.15969695,0.07612903,0.676525,0.12534493,0.37084126,1.1517369,0.10654501,1.9572256,0.27153954,1.6360023,0.49232388,0.3943058,0.99789757,0.5683831,0.9780915,0.86797863,0.039978407,1.5599319,0.8964954,0.7806107,0.064385384,0.89620924,1.5161921,0.7759707,0.20749022,1.3088242,0.7292956,0.6150642,0.523657,2.8613212,0.8748088,0.60027623,0.23082663,1.3160073,1.2048947,0.71693885,0.88855416,0.0,0.35992578,0.4483668,1.8146278,0.9090773,0.12654603,0.40967715,0.4251325,1.3187876,0.40406066,1.7380179,0.6354323,0.07111897,0.026285863,0.06660436,1.5783738,0.35662466,1.1662145,0.4505663,0.26040325,0.39341345,0.12925526,0.22141829,0.90359145,0.70118403,0.76076746,0.07802244,1.5050257,1.3683488,0.20859651,0.66865945,1.3437155,0.7021693,0.30854383,0.72951335,0.35415134,all_pothole_images\pothole_images_new_image_135.jpg
1.4741676,0.7941231,0.45051593,1.7017993,0.0016328674,0.16817494,0.86943185,0.8546117,0.76407146,0.50463337,0.22265862,0.10800134,0.014485852,0.568493,0.25527713,0.1174739,0.17261025,2.5279117,0.72223634,0.5316832,0.21283227,4.5769124,1.6972898,1.1131077,0.53440166,0.5706295,0.3311791,3.8646672,0.1853636,0.07138867,0.86532545,0.0411763,0.31957194,0.7143905,0.57563627,0.0,0.018700851,0.6506554,0.6438047,1.0758524,0.030297665,0.106949784,0.1622207,7.514968e-05,0.13334197,0.32334962,0.40056744,0.16160291,0.018766003,0.18344003,0.17282778,0.6186947,0.45795012,0.058572426,0.7444978,0.8350409,0.33562258,0.3316329,0.016195279,0.0589501,0.46419704,0.36586684,2.5404506,0.1559832,1.1026938,2.0658152,0.96765214,0.10774671,0.8498716,0.18784736,0.33408996,0.42240772,0.35121128,0.04933553,0.1298415,0.45561302,0.23465055,0.39088076,0.34711674,0.014981783,0.14595288,0.11553714,0.9380843,1.1439849,0.3074937,0.32728747,0.018846458,0.0,1.1511123,0.6167976,0.002115954,0.0041717635,0.5980015,0.27525365,0.12172182,0.041584894,2.1247358,0.58194953,0.035802223,0.14737543,0.62767625,1.2860316,1.3737082,0.519048,1.5851638,0.35034856,0.01080625,0.08120983,0.10288822,1.2747536,0.023175567,1.7787232,1.5111523,0.53702825,0.00090083265,0.07280376,1.2448413,0.6120593,0.3830878,0.19644639,1.5456215,0.057471815,0.15657444,0.10855314,0.8152686,0.07187339,0.4433033,0.033598643,0.38900355,0.3741103,0.65059304,0.3264748,0.061776806,0.06294047,0.5071296,0.42989,0.0,1.0014272,0.003328465,0.07377957,0.40741354,0.119328216,0.11500271,0.8023029,0.42664188,0.8299488,0.32116348,1.7277538,0.1356851,1.0957189,0.13119808,0.29662922,0.001380786,1.1449895,1.3600339,0.078007326,0.35952413,0.061037607,0.03959217,0.9006184,2.5859523,2.710201,0.55136013,0.8004907,0.11521594,0.0,2.921442,0.41553643,2.6638749,0.28853333,0.7756019,0.0075429087,0.0,0.1583186,0.67140806,1.0063097,0.81695884,0.46797118,1.7449054,0.73947626,0.48612562,0.06766953,1.181086,0.45225284,0.91338235,0.742308,0.3099884,0.38589948,0.2079994,0.3253472,0.0027765268,0.3105979,0.22716607,2.9558609,0.0,0.22558776,0.040512886,0.96636456,0.23257504,1.9600633,0.30546668,0.67783624,3.7025437,1.612339,0.5585219,0.47074375,0.36420667,0.35888946,0.57987875,2.2368286,0.5504749,0.10277598,0.25093064,0.40906933,0.06729107,0.6225343,1.3228856,0.2464961,0.36724752,0.8724508,0.23259552,2.2441635,0.87595177,0.3266125,0.012208293,0.14604443,2.1680846,0.2909426,0.09335359,0.35896304,0.10177197,0.676627,0.15504731,0.075846866,0.6085131,0.13406412,0.24461557,0.703192,0.10900962,0.08266274,0.030738056,0.088054985,0.36746964,0.22169432,0.02843238,0.0045048185,0.25420186,0.21762088,0.50305873,0.69545704,4.04601,0.053452935,0.5141372,0.18348885,0.38971624,1.1514919,0.68361086,0.50771624,0.73232293,0.6985873,0.13872439,0.77042985,1.0478011,0.29092813,0.015696662,0.34010646,0.5178045,0.6048154,1.4065268,0.16843256,0.045454208,0.33277607,0.11066161,3.8111928,0.2808189,0.51787704,1.0808649,0.53558403,0.21872056,1.0079474,0.55058974,0.66839653,0.025515847,2.9767563,0.7350815,0.6162571,0.25965002,0.27858418,0.71841383,0.273457,0.7309103,0.596424,0.0,1.9760723,0.051619228,0.2577592,0.7896157,2.0762744,0.24892358,1.1945218,0.07137902,0.03381539,0.0010352816,0.14201382,0.2109042,0.008097979,0.26726067,0.3233344,0.067350455,0.1385701,0.7847075,1.9537181,2.3710337,0.40360135,0.33229855,0.41997457,0.2712111,0.618225,0.0436639,0.16697724,0.10693235,0.19898239,0.14953002,0.6370482,0.30729535,0.2578008,0.23641,0.0,0.41568947,0.5332782,1.5928158,0.15604864,0.45968494,0.35766655,0.4732676,0.48002857,0.8338605,0.6929444,0.15170455,0.38779566,0.35650253,1.6294614,1.8380903,0.00036088028,1.2913777,0.08548996,0.6822223,0.67133176,0.27751333,0.9140524,0.06422414,0.33619484,0.0062509067,1.4817523,0.4401787,0.046201754,0.3182479,1.3137283,1.0437241,0.15881322,0.14681637,0.9877503,1.092958,0.68988657,0.33773336,0.0005124315,2.1100469,0.03311264,0.4473267,0.34436736,1.4800402,0.08730644,0.2502367,0.023654066,0.6814691,0.35656402,0.026660934,1.239381,1.0269598,0.33530363,0.4359354,0.0050941277,1.8400072,0.40839735,3.381662,0.25981113,0.5382707,0.13838595,0.09207887,5.599652,0.33998474,0.9890498,0.031605687,0.8796638,1.3751634,0.041123223,0.78677756,0.04767361,1.5564774,0.21252756,2.110826,1.6866771,0.61485225,0.81442225,0.2765236,0.5578544,0.235991,0.1382692,0.13175224,0.050446257,0.06347971,0.77430993,1.5430299,0.36240506,0.23959255,0.84299016,1.0222768,0.9626272,1.4180955,0.07271251,0.6449775,0.043228187,0.64124835,0.7341635,1.0389205,0.173861,0.22457196,1.0322709,0.9530833,0.15060514,0.40508223,1.714816,0.031200131,0.5659002,1.0562229,4.127572,0.6685349,0.43922806,0.79084027,0.31038445,0.87629217,0.49170882,0.0,0.4877626,0.12798925,0.04628729,1.104766,0.0942015,0.699109,0.5807658,0.075223245,0.07260216,0.9619532,0.55935246,0.6759586,1.1732898,0.50598764,0.35624242,0.054421306,0.4715555,0.8211347,0.73985344,0.06974436,0.0018239869,0.38374358,1.6457006,0.007004082,0.4698105,0.4088847,0.7978115,1.6246842,0.7962426,0.03844128,1.1860129,0.7839673,0.35625586,0.08112565,0.3036017,0.51419103,0.16945714,0.81327695,2.52022,0.13131888,0.3092779,0.01158883,0.08598277,0.55020416,0.20229106,2.232972,0.029442696,0.68265355,1.553619,0.05626847,0.038885042,0.11000977,0.06791925,0.0,0.20504312,0.18597889,0.5183681,0.052498627,1.1605495,0.6656052,0.6430452,0.146472,0.2166766,0.62368363,0.34378168,0.3224515,1.9625943,0.0,0.16374145,all_pothole_images\pothole_images_new_image_1350.jpg
1.5631618,1.1092187,0.07434375,0.81695133,1.0993379,0.76302147,0.45416984,0.006736199,0.23753364,0.4593157,0.24730553,1.0575335,1.1043278,0.5679271,0.4172679,0.28980172,0.0,2.039226,0.0,0.03761054,0.2747699,0.9633981,1.8053749,0.84212554,0.20941846,0.11699564,0.8712891,1.31321,0.24379992,0.03776629,0.34631068,0.0,0.22129233,1.150388,0.13131829,0.24265188,0.29062122,0.29301137,0.2704897,0.0,0.0,1.3679414,0.067596406,0.6012009,0.019806365,0.0,0.19916855,0.3805594,0.02815057,0.16599402,0.10806535,0.6625761,1.6253929,0.0283853,0.09385558,0.0876774,0.7582663,0.83580005,0.9400922,0.29325673,0.17221075,1.1731294,0.49515,1.5943727,2.5030386,0.778753,0.31014478,0.021678895,0.019111661,0.61893576,0.17772375,0.20170632,0.38900903,0.13193347,0.96970814,0.59114087,0.07486379,0.47028086,0.0,0.0,0.4003257,0.0041752397,0.3809408,0.012089047,0.38272724,0.13946567,0.48522317,0.7674568,0.56826556,0.15498796,0.51657975,1.1955621,0.45450756,0.17402063,0.47027668,0.6698362,0.96838593,0.69535714,0.3330592,0.0,0.0184555,0.8746118,0.0149889365,0.5483384,0.7922198,0.59887284,0.09999868,0.33829808,0.79465514,0.33002916,0.22049499,0.22346301,2.141125,2.2756705,0.48242813,0.30375376,0.028141607,0.011559229,0.32466933,0.37858447,0.3218039,0.6468838,0.12973587,0.16723625,0.795407,0.7765417,0.12278871,0.19637857,3.3325145,0.61212325,0.37014216,0.104643896,0.002564676,0.17250457,0.06519346,0.072888196,0.011490986,0.35633078,0.44988155,0.13323803,2.496557,1.382048,0.44548166,1.5653892,0.36400068,2.885429,0.0017438512,0.5749861,0.0033811938,0.11215084,1.7527425,0.67517877,0.03518583,0.1194433,0.84845483,0.5696145,0.44150123,0.34768486,2.350912,0.30983686,1.6745888,0.8608223,0.12615877,2.0330698,0.3571803,0.11727687,1.3974304,0.95123035,0.79478884,0.35419768,0.11917528,0.31011325,0.033346508,0.10222101,0.5608771,0.82993734,0.59807765,0.2574729,0.3936426,0.07066553,0.2744574,0.27777967,0.44890046,0.6054451,1.9665972,0.092065126,0.0,0.0,0.9149601,0.123017244,0.7382135,0.15889652,0.35720137,1.8640686,0.0,0.4407959,0.8599145,1.095125,0.03702221,0.75996304,0.7062602,1.2735562,0.4155513,0.10569481,0.21638498,1.3279068,1.6548713,0.41639823,2.1032016,2.4727242,0.00015496556,0.035473153,0.44484374,0.21936399,0.37509322,0.4411932,1.8619773,0.63520426,0.2065974,0.08291595,0.7539243,0.24346282,1.2499281,0.0048509776,0.004168032,0.00670136,1.2276562,0.056639187,0.62350255,0.00270682,0.5221981,0.015038999,0.06433046,1.4070752,0.005830902,0.018827755,0.46575952,0.4707273,0.123891294,0.8499728,7.19473e-05,0.0,0.23148859,0.05362964,0.08621923,0.09275813,0.441141,0.62134045,0.9660872,3.83606,0.36232695,0.03133866,0.04158716,0.0092634335,0.68995273,0.28158212,0.7929195,0.68483096,0.0073665148,2.310671,0.5555162,0.27818376,0.20169818,0.47495693,0.6433238,0.63533616,0.33828864,1.247171,0.9947785,0.0033985968,1.4118658,0.5270786,0.13294765,0.13817628,0.0,0.049097873,0.18305765,0.17132849,0.7702909,0.12349403,0.29003942,0.14275433,0.6951772,1.1189086,0.24576439,0.15431961,0.34968543,0.07459936,0.9845109,0.15754686,0.25836822,0.07736958,0.6094355,0.77469593,0.08802731,0.09192295,0.84045255,0.38441867,0.60458684,1.5183619,0.98727244,0.05754053,0.07268184,0.010230208,1.2682887,0.15688337,0.053655267,0.026247375,0.14557272,0.13645345,0.46636647,0.90267676,1.0931584,0.97203207,0.17497323,0.0140220495,0.25721475,1.0432568,1.7656608,0.8844249,0.64100075,0.0014041634,0.6815194,1.4492809,1.710241,0.34045842,0.75686395,0.020485234,2.642375,0.009900623,1.5619153,0.47155342,0.0055155745,0.13271312,0.0,0.0,1.4396958,0.0,0.5366676,0.089513205,0.052055106,0.39892086,0.2302327,1.2337282,0.6309158,0.44297034,0.13765104,0.6894925,0.07739428,0.2716707,0.31022713,1.4700527,0.6418866,0.11091678,0.43408412,0.06935588,0.45661837,1.1974779,0.032397453,0.9619133,0.82095325,0.20747803,0.1506322,0.74771863,0.004118351,0.10616967,0.5382203,0.11766183,0.9335391,0.31719792,0.11177405,0.34298083,0.30269203,0.0725331,1.6093086,0.68567795,0.46558842,0.23824383,0.97218275,0.822506,0.4277116,0.040223114,0.480207,0.38026366,1.0436236,2.1435513,1.3743466,0.040170465,0.03327773,0.70799786,0.0037473633,1.8590999,0.5340659,0.4947134,0.18823548,0.6146118,0.39804778,1.5663722,0.3878296,1.7128931,0.24741873,1.4188793,0.28153515,1.1081914,0.17470223,0.926904,1.1262524,0.19068001,0.5984273,0.51079464,0.27773467,0.69289255,0.004026827,0.11418087,0.7757903,0.28493115,1.6041988,0.92944956,0.15532742,0.14689055,0.60640275,0.38045812,0.06890427,1.4624153,1.7389154,0.05077807,1.8915284,1.580418,0.36173496,0.60821503,0.3450051,0.13117087,0.0711574,0.011474671,0.012541447,0.8500345,0.45500883,1.0054524,0.45257422,0.5100878,0.6811531,0.026389,0.0673755,0.8086546,0.09982168,0.03206235,0.08265211,1.4179257,1.3812526,0.8272062,1.6438191,0.030788518,0.13205108,0.29988432,0.029632783,0.36454785,0.57868433,0.06706872,0.7211433,0.09980329,1.6705862,0.7812953,1.0779277,0.7877453,0.5011057,0.0,0.0,0.02836822,0.33253494,0.96229327,0.31402645,0.28031227,0.07389989,0.021669652,0.15017135,0.28794497,0.020715227,1.0044886,0.024987606,0.20016833,0.39357692,0.88088834,1.1361451,1.21041,0.16088817,0.014869412,0.01621333,0.23591216,1.6871079,0.0,0.73828936,0.18536046,0.0023859688,0.488022,0.06657268,0.03777367,0.8073659,0.0007999505,0.27359387,0.20017417,0.17127775,1.8508153,0.4214644,0.9095299,0.07257618,1.6234105,0.8001184,0.52693254,0.0,1.6907293,0.45438728,0.4865039,all_pothole_images\pothole_images_new_image_1351.jpg
0.24928147,0.0004354241,0.16742332,0.714994,0.2945887,0.11972606,1.994762,0.044197913,4.286412e-05,0.3869541,0.17445433,1.3426216,0.137398,0.46550128,0.14445499,0.21203607,0.0,0.77664196,1.5793351,0.03334408,1.058996,0.19785732,1.1888108,0.4258159,1.5978277,0.7485935,0.61126506,1.6696403,0.63484263,0.14578244,0.69974595,0.23764604,0.0784339,0.30935976,0.005649063,0.8564227,0.030780932,0.6389989,0.6962425,1.1007924,0.00048977695,0.8480874,0.35036865,1.276345,0.12856345,2.1273828,0.041767936,0.0,0.4716712,0.5117327,0.15385522,1.8670081,0.076366596,1.9921483,0.29349637,1.0547248,0.17902006,0.0,0.5109333,0.32362023,0.3543396,0.9502627,0.16593882,1.884997,3.561678,0.29252136,0.004362963,0.17455782,0.17847449,0.12342587,0.15978308,1.0720781,0.096321404,0.47120076,0.2265581,0.2060077,0.012604003,0.12768932,0.12439507,0.0,0.111512475,0.13730715,0.3658863,0.022330912,0.20831381,0.3600342,0.015678644,1.4299281,1.2709137,0.003545621,0.44037932,1.6921155,0.0,0.12825297,0.15602925,0.0,3.3803196,0.23644862,0.009853986,0.1835846,0.017428046,1.7009745,0.060207278,0.03144625,1.4876409,1.5750129,0.0135460375,0.5831071,0.023693724,0.55195093,0.54748374,0.81162894,2.260967,0.66968507,1.5199118,0.25873697,0.39569867,3.1967723,1.4511505,0.9346012,1.1324357,0.36661896,0.2053325,1.1278499,0.30434132,0.15208499,1.1093848,0.073194884,2.2669,0.015518742,0.05787336,0.40215075,0.14623365,0.017544778,0.0,0.20107682,0.14130455,0.0,0.0666192,0.088903874,1.2120872,0.45281807,0.16632465,0.92254686,0.8152881,0.68206394,0.014577191,2.9193614,0.7120258,0.26194528,0.551204,0.52729565,0.018915405,0.0,0.34125853,0.93840945,0.014574939,5.676065e-05,0.5367431,0.7134988,2.552882,0.9479999,0.0043824166,5.2901635,0.025251964,0.1330048,0.06387785,0.100328036,0.3403996,1.0030587,0.0930618,0.4509404,0.11549864,0.09869484,0.46052045,0.10435436,0.026687225,0.13349643,0.308763,0.10907205,0.13150877,2.171699,1.0227185,0.49855727,0.20874055,0.41072896,0.18859914,0.25114638,0.14963941,0.5423806,0.30668047,0.1623321,0.079500236,1.3614472,0.010854766,0.04295872,0.14157958,0.90293515,0.040338628,0.7670325,0.25356475,0.39043984,1.0592742,0.38914427,0.03172667,0.021500709,0.35049233,0.37086478,2.9520948,0.3108719,0.0,0.057009727,0.2816335,0.47303262,0.13428736,0.84179926,2.053989,0.067134,0.53860766,0.07464892,0.56014335,0.45751578,1.0688691,0.20448796,0.314335,1.8594642,0.16049124,0.3689591,0.009184988,0.32004243,1.1346537,1.2578975,0.3465307,0.14275537,0.15517184,0.08053425,0.6997218,0.88921505,0.3869024,0.21461222,0.7720826,0.017633539,0.023067465,0.012463328,0.6353939,0.09141839,0.21001683,0.2998709,0.05405348,1.021087,1.1884106,0.0,0.14247891,0.034955803,0.46252823,2.8584354,0.026476845,0.5174721,0.6525931,1.0781226,0.30901325,0.22396155,0.7231573,0.042533994,1.1260985,0.86365235,0.06312942,0.66003025,1.8791337,0.4813946,0.0639679,0.021577075,0.24878268,2.0388956,0.68204904,0.48068568,0.3397178,0.26707998,0.14408413,0.12534472,0.14391448,0.7588927,0.6486099,0.0,0.090874195,0.8893371,0.09084092,0.89981854,2.048623,0.699881,0.271193,0.2970903,0.4376422,0.4005253,0.0071208747,0.64482,0.77426296,1.0668286,0.08669818,0.522449,2.1217608,0.6395781,0.14070119,0.18431811,1.4763821,0.15325233,0.45396516,0.6164014,0.013295651,0.3648609,0.0852187,2.418794,0.07385389,0.97122097,0.8284318,0.5259952,0.0014111097,1.6136228,0.07530489,1.3553734,0.62234837,0.20863882,0.030698573,0.062394977,0.7421627,0.5594933,0.0,0.0,0.7354145,0.11045743,0.0,0.20349124,0.037078563,0.14318284,0.94552296,0.15672095,2.7025158,0.49602398,0.108811796,0.18137684,0.14900903,0.13501213,0.001983476,1.9336128,0.9271492,0.24156617,0.049248688,0.82817525,0.34098458,0.2787803,0.8851808,0.036778484,1.4537336,0.0027527942,0.53278375,0.19452025,0.20703016,0.4910276,0.0028172617,0.03908041,1.1636485,0.3232648,0.37085426,0.7941602,0.31356117,0.0,0.26457036,0.13005124,0.65522397,0.032339714,0.008689324,0.5179149,0.068213284,0.059828583,1.0209852,0.8971573,0.3890533,0.9999175,0.59634507,0.4338125,1.3493454,0.0,0.058380723,0.12605079,0.06350932,0.03171656,0.8887566,0.0024673054,0.59618783,0.26871789,0.7158234,1.467362,0.112026416,1.531116,0.087735854,0.30053893,1.2614354,0.10344194,0.17039222,0.014142364,0.26875132,2.0729232,0.0,0.83640337,0.783695,1.135626,0.00021512771,0.18507598,0.7191521,0.23158799,0.7341779,0.49874565,0.20222577,0.769156,0.07963746,1.627528,2.104343,0.30025697,0.24513356,0.051800586,2.0973516,0.24704294,0.78723174,0.77241284,4.7816863,0.54585683,0.31553695,0.56054753,0.05012919,0.12825139,0.25336015,1.0646001,0.076727875,0.8983592,0.70302993,1.324121,0.24742772,0.071874894,0.15526046,1.0091594,1.3351207,0.2690991,0.21816619,1.0651681,0.08758644,0.005804629,0.37681985,0.28718856,0.0,0.48126093,0.4494281,0.017303111,0.021215377,0.8012394,0.16283244,1.0621302,1.1891418,0.26665258,0.039488714,0.4036704,0.26943576,0.31898528,1.2450322,0.1111031,0.39901456,0.22364865,0.038943104,0.13816783,0.05528013,0.009690014,0.3620696,1.5772095,0.13991302,0.25495198,0.93545,0.1464449,0.37211344,0.17458978,1.0349782,0.34359366,0.77883136,1.157042,0.46723217,1.2803937,0.20759253,0.17377977,0.6242323,0.363697,0.6188036,0.2219168,0.18303014,1.1090087,0.309181,0.0,0.034961123,0.0,0.91284674,0.0,0.04793376,0.22268723,0.27503142,1.1249906,0.37020338,0.025355423,0.16804434,0.02770052,0.0,0.1582357,0.0051668882,0.2787128,0.2278389,0.131636,all_pothole_images\pothole_images_new_image_1352.jpg
1.4536737,3.5705771,1.3740637,0.49359867,0.51224387,0.21147344,0.85756415,0.7975572,0.0,1.6467083,0.54356706,0.0,0.28340465,0.06876307,0.13893203,1.1460553,1.0094599,1.2621354,0.5823866,1.0300463,0.77798945,2.5682707,0.32341856,3.1739066,0.61826783,0.57336354,1.0470723,0.27588537,0.3300065,0.7411968,1.4336194,0.77018416,0.010295571,0.8259054,0.74357533,0.98406106,1.0865322,1.3997055,0.98395854,2.157728,0.44937018,0.28724045,0.4308501,0.15497838,0.92407256,0.56092894,0.76636004,0.5506007,0.060649585,0.5708304,0.2626442,0.40741512,0.26057097,1.1348447,0.92268914,0.6411162,1.6512063,1.0668219,1.1041781,1.1432434,0.16437486,0.83192366,0.8938812,0.06868896,0.33414894,0.18443742,1.9225049,0.49653065,1.740619,1.7566978,0.25089124,1.6488466,0.6353485,0.36723152,0.7712462,1.377274,1.0259527,0.055926993,0.9795932,0.9960416,0.06935578,0.3018838,1.3152862,0.6120921,0.49994853,0.32876182,0.32426882,0.31491068,3.7091742,1.0933493,0.3489323,0.074396625,1.4156877,0.2904934,0.90075165,0.20284504,1.4897515,2.219373,0.6168092,0.83106,0.79481035,1.4562455,0.43045607,0.7267233,0.57255316,1.0497836,0.5331558,0.56920695,0.5119213,0.8870265,0.22042361,0.5919782,0.9468052,1.9376049,0.006288631,0.15562487,0.967593,0.8280065,0.74739003,0.13309929,0.60236466,1.6115824,0.50889504,0.92201996,0.50047046,0.37225994,0.1896333,0.32402268,0.36919037,1.1296291,1.1085095,0.3718898,0.49812153,0.4881549,0.99628633,1.7086617,0.041981626,0.17511566,1.4451344,0.030034376,0.35969982,1.653608,0.7180719,1.0675455,0.6668763,0.051251683,0.70215756,0.35579985,0.32549444,3.1275432,0.34825456,0.2554215,0.169535,0.6897652,0.94489753,0.058211047,0.35860136,0.20254163,0.89250547,0.51943004,1.4149172,1.0064765,0.3181901,0.27875173,0.40108988,0.09196279,0.7366298,0.14850841,0.45884076,0.28135905,2.0735812,0.5180565,0.0839834,0.01694509,2.0611525,0.46966717,0.28327823,0.37894103,0.78136456,0.4066761,0.6065845,0.094027616,1.0969034,2.2846856,3.364359,0.094395205,0.46450722,0.10280438,0.890902,0.93923354,0.6542821,0.7579001,0.4948043,0.87943316,0.74824774,0.68038005,0.4880398,0.56251293,0.7154767,1.1349907,0.4021024,1.0643578,0.40901184,1.7996081,1.2729005,1.178779,0.43693435,0.77128685,1.0551748,0.5661084,0.1113585,0.71557665,0.9908827,1.1112112,0.253606,0.18235931,2.5868456,0.13075988,0.951261,0.656569,0.25401297,1.0267824,0.74510634,0.3357968,0.63825387,0.29948038,0.4481592,0.13194141,0.13174254,0.6765626,0.253102,0.07985271,0.35794747,0.14111848,0.23191358,0.4568187,0.73990756,0.33055705,0.17944884,1.0402975,0.043103617,0.050801408,0.7843122,0.03712517,0.4172595,0.68560445,1.0101522,0.5264026,0.8523739,1.760286,0.49583158,1.2961116,1.6772965,0.2616183,0.9866325,0.40731323,1.1448401,0.93199515,0.9504055,0.24380349,0.74916136,0.5118408,2.1795084,0.64229083,0.29082033,0.48515746,1.1857618,0.86364466,1.2436701,0.58842456,0.52650744,0.23004769,0.03381718,3.1299574,0.4172483,1.3768129,1.1138067,0.20886463,1.2438232,0.6743759,0.7116358,0.07009115,0.49002916,0.76161885,1.4385215,0.1710099,0.2870365,1.1045486,0.12939379,1.0208249,2.1451874,0.48975113,0.22571196,1.8286122,1.7083079,0.066452116,1.3494304,0.17791843,2.326185,1.0306668,0.15823823,0.6804134,0.93765366,0.77538526,0.4116249,0.4336981,0.26308227,0.26957065,0.55505526,0.51278436,1.5161662,1.234167,3.9374828,0.083341755,0.80623657,0.5047272,1.1902239,1.312765,0.7016912,0.52261347,0.75946456,0.7049885,0.97769547,0.78481984,1.0260721,2.0919454,0.3845562,0.2573274,1.5785364,0.5513694,1.3377715,0.49895236,1.4803417,0.3048039,1.2788539,0.50244313,0.3391578,0.18692489,0.022339033,1.888428,0.50397754,0.34041724,0.6880891,0.49698326,1.8628316,0.1664579,0.5643049,0.045639515,0.19512643,1.3501047,0.065913066,0.5777319,0.48632878,0.86034733,0.10321204,1.7402005,0.08127682,0.115290575,0.6664417,1.0565141,0.51605433,1.065979,0.1875798,1.8963639,0.85169894,0.3371074,0.3151878,0.25980845,1.1479629,0.422026,0.21807922,1.0779454,0.6303347,0.64650345,1.5779344,1.3031855,0.1932047,1.2929077,0.5953649,0.2533929,0.1702717,1.0188031,1.6051844,0.10129281,1.6454363,0.108552516,0.6763893,0.15128021,0.67956716,5.158289,0.2610798,0.92486715,0.2952255,0.22565964,0.11947213,0.43066305,0.57609826,0.5685037,0.7623207,0.1369047,0.569762,1.9054705,0.29956695,1.8460842,0.23627818,0.067944124,1.8456335,1.0180461,0.21784553,0.35773662,0.27509072,1.1462582,1.4212703,1.8816594,0.32646143,0.9868801,1.0573814,0.43413168,0.08024488,0.20179869,1.0490716,0.84006685,0.68274486,1.2916753,1.5487086,0.49828368,1.7874899,0.5752936,0.21315227,1.5847819,0.42094803,0.07021303,0.81336725,0.06268305,0.71968865,3.1521642,1.1014903,0.0,0.8985598,0.009724004,0.601733,0.48520923,0.5787877,1.6311964,0.11101123,0.3504135,1.4741788,0.60905325,0.913346,0.6212204,0.27941564,1.8020086,1.7216992,1.0902293,0.055236675,1.64472,0.55265397,0.61533624,0.13356043,0.5039548,0.1969106,0.39998376,0.27467477,0.5018473,0.22752613,1.659004,1.1226748,0.37368295,0.38664374,0.2418705,1.627437,0.54339445,1.7424057,0.3132583,1.0982305,0.47697303,0.0,0.6423681,0.7023991,1.2648401,4.3315787,0.8710412,1.0853106,0.57108915,0.55379033,0.712911,0.70480967,0.59129244,0.62574565,0.0012866721,0.13711224,3.089499,0.64155567,0.23787692,0.59568924,0.4401167,1.6493633,0.5871827,0.5586069,0.18342432,0.054469146,0.2211979,0.13334046,0.93587273,0.25938538,0.23739897,0.08708295,1.3133551,1.0334525,1.4602219,1.0603452,2.2513437,all_pothole_images\pothole_images_new_image_1353.jpg
0.298527,1.1095686,0.18207553,0.7866173,0.322518,0.21864805,0.45381218,0.06376751,0.19311169,1.0544596,0.2601847,0.23740605,0.18752956,0.31562272,0.10117296,0.27413914,0.73053944,1.3091762,0.6776348,0.0744476,0.18516065,0.8581837,0.6637596,1.5122849,0.4782727,0.031580225,0.0024331652,0.45359,0.20859966,0.0,0.4040187,0.11790591,0.3113737,0.6004813,0.25464308,1.2371913,0.0987762,0.2762397,0.119575344,0.12579781,0.25895548,0.058623556,0.16227639,0.03367004,0.38189867,0.4106578,0.0502008,0.00053147523,0.21284261,1.0429778,0.5377001,0.19069602,0.09917928,0.16841637,0.32590458,0.3123816,0.147319,0.19703835,0.6476766,0.0174324,0.12976716,0.10055459,0.23368838,0.039379857,0.44507673,0.8987067,0.957373,0.16730997,0.51443475,0.083523184,0.06549595,0.10022599,0.6206134,0.10063205,0.6410792,0.22050911,0.047499344,1.3693873,0.091101676,0.047667097,0.018300738,0.090621635,0.9890627,1.5713961,1.2344863,0.24659707,0.05156789,0.15470979,0.86206245,1.2196103,0.008254825,0.21285395,0.07078919,0.26949525,0.3648462,0.017884694,1.2564112,1.1070485,0.025527462,0.053342108,0.009595233,0.90344965,0.16502084,0.40609404,0.65756834,0.71314365,0.26907113,0.098418154,0.0286896,0.78536034,0.19037224,1.5478284,0.25858808,1.121302,0.019413074,0.34034556,0.8883949,0.18485183,1.5999553,1.2569005,1.0242355,0.59081876,0.016593328,2.549329,0.5125128,1.8379687,0.10145343,0.42851055,0.31845802,0.32025892,0.33057344,0.01846755,0.118611276,0.2840899,0.09466592,0.49319386,0.06247916,0.35229948,0.09150923,0.19071403,0.38775712,0.038989708,0.30632195,0.41675302,0.033874378,0.1111992,0.049860246,1.9928744,0.09358329,0.16169493,0.67497516,0.15044634,0.26281163,0.17684644,0.9249738,0.15282911,0.4577413,0.12741475,0.16829659,0.18078181,1.3967193,1.6330793,0.10931894,1.0486486,0.3356658,0.055652734,0.2748718,5.9170456e-05,1.072035,1.4789399,0.43902352,0.008657316,0.0053908713,0.12734874,0.7475135,0.51634145,0.46093932,8.767512e-05,0.07594904,0.21116854,0.019776462,1.0538117,0.7109762,2.0361407,1.4922283,0.43647468,0.27950925,0.59474623,0.54491484,0.2100569,0.16040845,0.047828395,0.44337767,1.1409912,0.11385365,0.0118996585,1.2812146,0.78070486,1.616147,0.08373048,0.10213077,0.59833616,0.4531801,0.16641313,1.9246396,0.3958822,0.39296633,0.16383968,2.4423053,2.025337,0.0,0.43933353,0.13458312,0.07880112,0.3972667,0.40059254,0.98401314,0.23148564,0.5517105,0.04699529,0.34113577,0.9443924,0.7082416,0.6411453,0.0,0.017596725,0.7665564,0.17895746,1.4200385,0.11761822,0.00080981513,0.01873054,0.34648108,0.0037330005,0.032594834,0.08912278,0.89023745,0.33539525,0.12792774,0.003958415,0.6403912,0.2641524,0.14216788,1.7553651,0.013350957,0.075195916,0.5521886,0.13716592,0.3513198,3.1812665,1.0562975,0.0140043115,0.27063972,0.0,0.11006637,0.526177,0.5884913,0.5675629,0.3788006,1.756157,0.15442781,0.21581624,0.37709057,0.47830492,0.086647555,0.09136497,0.5957527,0.45315745,2.3688195,0.37442377,0.14817046,0.04463457,0.266703,0.7898977,0.6138459,0.9737558,0.14793167,0.59131193,0.5488858,0.14960302,0.20756297,0.2528174,0.4785354,0.06354095,0.36111486,0.08980472,0.3622663,0.0,0.028295264,0.020045523,0.68512774,0.59330267,0.37808272,0.32394633,0.26816848,0.47643784,0.8440232,0.86189574,0.07084678,1.3347547,0.71869874,0.62544256,0.0,0.21787284,2.5432334,0.010140005,0.48610306,0.35225105,0.09793948,0.043915197,0.4567511,0.25946096,5.4236803,0.8677658,0.25775075,0.49542904,0.0,0.6430141,1.3319191,0.023595182,1.7069366,0.48027894,0.22686179,0.41700926,0.041176006,0.15619707,0.43559098,0.0,0.2587929,0.15306084,2.8309102,0.418439,0.18206222,0.0,0.13424338,0.11545582,1.2104043,0.010343476,0.10170528,0.18558636,0.76251173,0.28731447,1.9616026,0.04213556,0.60526824,0.07424501,0.19871058,0.01964171,0.003174668,0.36358407,0.09662604,1.0952002,0.21533282,0.14228465,0.18249795,0.5721363,0.1633014,0.49327472,0.26077792,1.0343919,0.41873702,0.80423796,0.86910796,0.0,0.015507034,0.89991254,1.8581057,0.08789217,0.35038823,0.57555145,0.26010734,0.7287944,0.6721764,0.25624755,0.5765923,0.30625308,0.46907213,0.5366882,0.90366036,0.34052342,0.3011583,0.00076191797,1.3828475,0.88654417,1.8507764,0.2081428,0.28561738,0.33554223,0.42745534,0.6610644,0.35503387,0.5895275,0.14330798,0.18202594,0.102505654,0.048330296,0.6771421,0.14946765,1.8293046,0.018597865,2.0586731,1.1367695,0.8839262,0.060168922,1.1352507,0.00012017009,0.30328706,0.54699075,0.0808307,0.14691451,0.48344386,0.4635291,0.9462353,0.09510429,0.036345154,0.14975967,0.25834033,0.07816963,0.16006418,0.069558226,0.10298899,0.74645364,0.2737291,1.4185663,0.7137449,0.014834735,0.3929759,0.433045,0.08144903,0.49312463,1.2481743,0.6430257,0.6916473,0.10541294,0.16933243,2.5050783,0.39965242,0.5294434,0.10738593,0.46883324,0.6811718,0.32285786,0.09812426,0.072660014,0.15184493,0.038034223,0.8039183,0.3395191,0.0,0.3038565,2.8098922,0.55609995,0.5349942,0.46058038,0.9516056,1.4251044,0.16217206,0.4915712,0.15062736,1.1206074,0.19863938,0.28583428,1.3217393,0.13686466,0.73364645,0.34014294,0.8866061,0.085901745,0.71155435,0.33161777,0.73621875,0.38177446,0.07129664,0.15135981,0.13613415,0.057233438,0.09955498,0.6474013,0.105840765,0.23838486,0.88926196,1.0094317,0.660723,0.5773028,0.055787746,0.7004927,0.95984405,0.022257911,0.7488231,0.11235132,1.965024,1.9814175,0.0,0.016582835,0.038836543,0.35479164,0.11941789,0.22347057,0.025007337,0.07519931,0.36922,4.509559,0.6346559,0.576758,0.3057828,0.7279544,0.19676693,0.5683999,0.8363211,0.38637114,0.05641053,0.34122154,all_pothole_images\pothole_images_new_image_1354.jpg
0.28976345,1.3450342,0.41959506,2.1880682,0.8393825,0.41807264,0.5694192,0.69552624,0.110918075,0.88332915,0.31072605,0.83860743,0.27314013,1.1240705,0.119839795,0.5309916,0.119945206,0.93862724,0.48084933,0.28826275,0.5565727,1.0023036,0.3212998,0.51294464,0.5196462,0.19042377,0.5849108,4.700719,0.9519689,0.117730096,0.33232987,0.655863,0.6256841,3.2709699,0.028694907,1.3254491,0.51261294,0.10347263,0.0062504453,1.2875627,0.10947901,0.045096483,0.41578385,4.2632976,0.4410092,0.9320369,0.14425734,0.08836788,0.8334059,0.8237301,0.14794612,0.51667565,0.43018252,0.16172889,0.03850133,1.0678271,0.21224214,0.5565463,1.0810506,0.056577,0.3374956,0.36588645,0.73997146,0.43061692,1.7856008,0.94777757,0.4288816,0.6725118,0.025243962,0.33059314,0.7062434,0.3377735,0.16603528,0.14172739,0.33446005,0.021543307,0.26690474,0.9910853,0.11811813,0.62822884,0.28193617,0.0756458,0.24312171,0.61242586,0.074857004,1.2043717,0.22127275,0.005239294,1.4009384,0.24905494,0.04072376,0.21398678,0.25550756,0.01868454,0.0438203,0.7269838,0.8507482,0.5642092,0.88010913,1.2528033,0.036646668,2.9435995,0.063790746,0.29205295,0.04946851,0.5242111,1.207512,0.6662616,0.3106197,0.64288867,0.07497776,1.3516383,0.15080486,0.36856484,0.71911526,0.5821814,0.7432542,1.7921423,0.24151161,1.1954645,1.7637595,0.42430001,0.21996024,1.3240266,0.70148325,0.6406592,1.3051828,0.4376961,0.9501797,0.031237833,0.40495238,0.16377145,0.096382394,0.48958802,0.42961845,2.0223806,1.5606939,0.5708825,0.45817572,0.25641263,0.26868054,0.050722744,0.5432052,0.9267611,1.2179743,1.8260728,0.071210854,0.488834,0.19514096,0.085921586,1.6595252,0.35088876,0.6541331,0.05308258,0.55360484,1.1526779,1.1881143,0.13086806,0.53551537,1.0522146,0.42443842,2.1188018,0.04220977,3.023296,0.11766289,1.4286216,1.2718787,0.109368674,0.25406158,1.2974678,0.28675652,1.0150009,1.007812,0.20099369,0.015095081,0.7884865,0.82672304,0.77369577,0.3254596,1.5985671,0.3403081,2.1504743,3.2891061,1.2742515,0.5515527,0.27359724,0.014905633,0.65839726,1.2515395,0.83432955,0.8772905,0.047769617,0.31024736,0.8236616,1.0533899,0.526938,1.4084123,0.4914846,0.008254448,0.33495057,0.6057297,0.3771258,1.8341949,0.57146794,0.93679327,0.09691789,1.0026647,0.24265468,0.69250655,0.20058337,0.18906605,0.24639341,0.77132285,0.540982,0.6585251,2.0832613,1.170921,0.13174725,1.3257833,0.5870483,1.1291928,0.36374095,0.1755939,0.7714152,0.25295377,0.6629586,0.82751137,2.2095015,0.9216162,1.3729403,0.27602986,0.5604854,1.3738459,0.11920278,1.0877343,0.265138,2.4729354,0.8864891,0.17235428,0.6306053,0.58523947,0.14071785,0.5274018,0.45997187,0.23971453,0.03978151,0.53114784,0.73889595,0.32740253,2.758126,1.2068517,0.19434899,0.1247866,0.5932586,0.6207563,1.1604908,0.044894762,0.25779977,0.10459638,2.5228052,0.39798042,1.1020217,0.30839297,0.0030513222,0.16454846,0.5643112,0.3026902,0.525897,2.0890536,0.7905144,0.15339954,0.022679325,0.6178477,0.55729556,0.025163973,0.60123676,0.007476072,0.97670656,0.41320917,0.57574314,1.6557415,0.9339186,0.9142978,0.23080508,1.0924093,0.069170095,1.8728478,0.716963,2.0472279,0.18626356,0.7455724,0.6262249,0.6358039,0.3092878,0.39551982,0.38239613,0.20491537,0.35527357,0.94772834,1.9780424,1.4132215,1.3877113,0.5902112,0.6308577,4.304381,0.17832501,0.6160006,0.19864209,0.018158674,1.4516237,0.60431844,1.3000498,0.8955883,1.896787,1.2984986,0.20543514,0.09572627,0.9680831,2.8073456,0.44270447,1.3072917,0.048867084,1.7663561,1.0156627,0.57961226,1.7110376,0.2498487,0.25529295,0.73671263,0.21217468,1.3664789,0.04680901,0.36669427,0.09671624,0.1100523,0.42362836,0.14258476,0.9258343,0.25329795,1.9607978,0.04321353,0.48236594,0.55696446,1.0579264,0.2466287,0.24823698,0.604219,1.3762147,0.4968334,0.00032357796,0.64667207,0.3291748,1.151739,0.62694794,0.019096585,0.20400187,0.098302536,0.13514213,0.31802097,0.22754993,0.04451943,0.7595412,1.0341407,0.20216429,0.12604308,0.0,1.078728,1.5732514,0.43312702,1.2410777,0.6437615,0.759535,0.69068384,0.15204641,0.6752948,0.4215709,0.651039,0.07510077,0.2525381,0.21727055,0.9671762,0.6381701,0.04911552,0.89300704,0.85957825,1.7410115,2.4877741,0.21607837,0.25772616,0.7156754,1.1385996,0.8679549,0.78752697,0.002310639,0.16986942,0.086292885,1.7571075,0.21985932,0.7311822,0.1801173,1.9291214,1.6948884,0.8162104,0.50082034,0.46491376,0.7761244,0.9628848,0.56565106,0.059920844,0.5988324,0.82381344,0.9172424,0.5836169,1.4746131,0.07829769,0.67907345,0.44077495,0.15828198,1.9933932,0.061515655,1.6791458,0.037430197,1.1640134,1.6623194,4.1237707,0.30673867,1.3677474,0.3443508,0.106855564,0.5369575,0.7261586,0.23238795,0.926118,1.4027687,2.0680802,1.0656582,0.369529,0.55479604,0.29494175,0.34122884,1.3836492,0.30097285,0.34913802,0.25764465,0.4737217,0.025792753,1.6432716,0.94122136,0.11377281,0.6712679,1.2804023,0.3536429,0.16761133,0.06631804,0.95447445,0.6088525,0.2991625,0.96041816,0.57591575,0.3381036,2.2342374,0.013851126,0.7450458,0.15976919,0.040971912,0.4334645,0.80922574,0.24330612,1.1184793,0.973982,0.40941396,0.4439595,0.32952487,0.25313258,0.16668744,0.15657707,0.8179736,1.3240494,0.75593895,0.25234818,0.48374,1.984919,0.3882684,0.18556207,0.4323386,0.0637974,0.3937898,0.17398106,0.04077346,0.22151092,1.3023678,1.1476026,0.09660585,0.22617982,0.53470904,0.26100203,0.33985555,0.42346463,0.99003536,1.4168655,0.18768501,2.0056846,0.4539579,1.8477046,1.5022709,0.6832657,0.5529907,0.28798077,0.19033034,0.24970049,0.21797952,0.45056462,all_pothole_images\pothole_images_new_image_1355.jpg
0.36411682,1.2221684,0.07072358,1.8015395,0.49283263,0.287662,0.8137744,0.38242358,0.14427711,0.64212006,0.12931725,1.7517965,0.23682971,2.0720158,0.39874443,0.38158822,0.07654137,0.19862378,0.9295856,0.19447921,1.2907603,2.8577113,0.1536534,1.1060627,2.5038636,0.19857402,0.32506117,2.3039074,0.06585977,0.76221395,1.0371945,0.11636185,1.9704121,0.05218163,0.59605294,0.78720576,0.3407316,2.4095812,0.46019724,1.1625308,0.007922954,0.008495233,0.13435665,0.87610346,0.6258826,0.4410586,0.0273968,0.25305086,0.8909423,0.58980894,0.34757376,0.2835055,0.21715122,0.013856413,0.0,1.3937836,2.036026,0.044628404,0.060186643,0.01463864,0.08766187,0.0,0.7094818,0.05158016,0.07687215,1.8246834,0.12111445,0.13225538,1.1686984,0.5213848,0.274377,0.26054195,0.0230529,0.5709234,0.46431544,0.6280899,0.08083358,0.1888787,0.01048958,0.14293079,0.4158952,0.015055513,0.0,2.35358,0.26016417,0.106310375,0.4738834,0.5385106,2.6571212,0.1385756,0.42207417,0.51131105,0.0073731346,0.911537,0.019823166,0.03609823,0.91235286,0.30324426,0.7686751,0.6481264,0.6911084,2.3153546,0.7645628,0.01628034,0.8559424,0.12450342,0.16556709,0.1044551,0.008290002,0.85172474,0.052267082,2.0785716,1.0526751,0.49547806,1.1913602,0.23698382,1.8913549,0.08710634,1.26869,0.8787872,4.8488874,0.8626714,0.35823685,0.95100963,1.5260084,0.07943132,0.79528385,0.59541255,1.1909462,0.21643926,0.16347492,0.1910981,0.29868594,0.35135213,0.3169661,0.17290969,0.73840106,1.5687604,0.5942422,0.0029258414,0.39005396,0.4901408,0.0,1.1651297,1.2211587,0.9743808,0.35687873,0.16562293,0.76358896,0.08912713,0.5606381,0.64272827,0.08779081,0.040577758,0.6380558,0.28199607,1.0330544,0.5057514,0.27414715,0.95142454,4.117999,0.40429932,0.29697347,4.9414816,0.19023196,0.92702305,1.1681796,0.44815618,1.9061757,0.3323648,0.0271744,0.0,0.2820926,0.66051304,0.44217074,0.22513656,0.7752936,0.09198211,0.012856584,0.16366705,0.05063353,2.060564,0.73036635,0.2535323,1.7399522,0.60066044,0.3164461,0.10742559,0.016347881,0.7193255,1.2715013,0.49326307,0.54673904,4.4802747,0.08575876,0.86518204,0.09855611,0.5749377,0.11414166,0.53983116,0.82413614,0.7821837,0.41298437,1.4346608,0.8063401,0.40516847,0.6783929,0.4371536,0.10883688,0.1349017,0.12465198,0.06497798,0.5513122,0.48183066,1.1604793,1.6360427,0.69109684,0.009311105,0.25172645,0.0038812123,0.24897827,0.45742485,1.2173983,0.07782588,0.021374498,0.41161054,0.5869981,0.2733814,0.504721,0.40301812,0.10159827,0.5508339,0.16793379,0.19413702,0.17683461,0.16838,1.3258091,0.028601594,0.020659247,0.006314363,0.3744187,0.01226101,0.4267852,0.072045766,0.29798537,0.007865333,0.5226269,0.3446411,0.73391986,2.949505,2.2665827,0.26981384,1.7025214,0.0,0.19453952,0.48670298,1.126238,0.35940668,0.20190164,1.6104941,0.37953037,0.0045348653,0.21586032,0.13796635,0.24126364,0.09634669,0.31700113,0.47997937,0.31940868,0.68983036,0.15637629,0.007872338,0.25031397,0.27987474,0.71439767,0.5628893,0.37273356,0.349301,0.2254219,1.4769832,1.406211,0.030244522,0.9349488,0.38021648,1.1486405,0.15129508,0.898079,0.39655074,1.0286031,0.06624349,0.09413504,0.0002250291,0.4017829,0.46416777,0.14850463,0.09375729,0.27419087,2.1033056,0.0412165,0.7020033,0.56777084,1.5526394,0.29487956,0.8300898,3.2635896,0.12739214,0.009079078,0.44979674,0.0026573548,0.19249201,0.9791186,1.3212209,2.2121427,1.0685347,0.054967437,1.1390021,0.13558343,1.4952785,1.417306,0.0048735877,0.04572857,0.12315049,0.13818504,0.96171445,0.9836203,0.37814972,0.60581166,0.20162757,0.0128311,0.12583089,2.1114392,0.71129894,0.300175,0.025569744,0.37511194,0.47613516,0.17889234,1.1314609,0.30005154,0.044366807,0.084432885,0.6761936,0.82949954,0.21895269,0.6145246,0.042640906,0.0,0.1260065,0.62863207,0.96070844,1.1299394,0.44163412,0.5902425,0.43769765,0.32353458,0.03054575,0.13222985,1.6503155,0.4195699,0.5352282,0.45075315,0.5380994,0.5232804,0.076869465,0.013546321,0.0,3.2230291,0.17447524,0.12296688,0.21875924,1.8145752,0.041874375,0.1942063,0.3610471,0.26696846,0.07698723,0.0033981646,0.9102892,0.06995347,0.92982966,0.7408378,0.15885036,0.5530398,0.6949831,4.161982,0.984592,0.66144204,0.029596856,0.10151143,1.7103633,0.59508586,0.48163152,0.09156545,0.38295773,0.5242705,0.17901804,1.1683527,0.19155365,0.28569728,0.14954627,3.5487864,0.7744381,0.63059324,1.29863,0.056645192,0.09218858,0.17542714,1.2462572,0.37332776,0.118401796,0.36745024,0.07545341,0.20527007,0.9054966,0.22648586,0.29998538,0.96172875,0.098407276,0.14283745,0.0,2.764241,0.21982239,1.196364,1.6088157,2.3354928,0.32728428,1.3738855,1.0266429,0.17461097,0.6996275,0.24237764,1.4811815,0.27831846,1.1770402,0.9578686,2.8369508,0.6094495,0.22238648,0.37947124,0.21828099,1.1310663,0.45583943,0.21401767,0.8757203,0.46206558,0.12803294,1.5269195,0.7234516,0.030183325,1.1249046,0.8550706,0.3242981,0.62866414,0.5545945,0.66029817,0.25222054,0.41067967,0.1974904,1.1286626,1.4405624,1.0122482,1.3770815,0.078193545,0.024405634,0.3839881,0.34426004,0.08918444,0.005986599,0.20135008,0.40550986,0.45895413,0.87907857,0.02811434,0.5217776,1.2597656,0.07160708,0.15596715,1.0216928,0.4775468,0.010572264,0.22119062,1.908772,0.0052853017,0.6547288,0.012908292,0.45325387,0.6111057,0.015422018,0.4039878,0.02692152,0.6452446,0.15057018,0.29818857,0.022592774,0.13369499,0.4155208,0.24817935,0.12705088,0.5397051,0.19833782,0.26347464,3.7059245,0.60751647,0.03952473,0.3438846,0.11157907,0.039228145,0.2506368,0.27186754,0.19181064,0.973192,0.34960854,all_pothole_images\pothole_images_new_image_1356.jpg
1.1183016,0.06432442,0.14868164,0.27520883,0.2794725,0.724173,0.29466698,0.8126924,0.9825797,0.87795115,0.35499293,0.0,0.34107193,3.4552824,1.7585741,0.04202134,0.345468,0.21740027,0.6851944,0.9062391,0.90379184,1.7903371,0.3931886,0.020521872,1.4092388,0.7049315,0.3663418,0.62558067,0.82975096,0.19435126,1.4350688,0.71322995,0.1754181,1.4610989,0.17393726,1.2002474,0.0,1.493741,1.0202222,0.11120089,0.0014245493,0.3857731,1.0283946,3.878948,0.8893476,0.86298573,0.13167462,0.4534506,0.92910516,0.40895927,0.42818534,1.1010478,1.6716661,2.5373251,0.37353218,0.57858074,0.2590992,0.59218943,0.40377212,1.1937999,1.701031,0.10620257,0.33550775,0.23239817,0.40572459,0.31240812,0.42832094,0.13436922,1.0387219,0.14786014,0.75509655,0.8478463,0.9533677,0.15929948,1.2166437,0.13106458,0.42847043,0.3420273,1.8389422,0.46639383,1.157895,0.37691233,1.0284231,1.0174682,0.4335844,0.87334937,0.331236,0.2868066,0.22603177,0.99310976,0.5066391,0.3839821,0.34273046,1.124316,1.00952,0.027547775,1.2927253,0.7453276,0.20479669,0.5959195,0.33864748,1.1903801,0.021126447,0.1849126,0.45918977,1.0714743,0.4841036,1.2218615,0.30532497,0.23017822,0.94354105,0.23233573,0.26447842,1.1456175,0.7769354,0.00015051331,0.42649844,0.25918669,0.5355479,0.59799445,3.0994275,1.1991571,0.7504861,2.88183,2.399333,0.3289958,1.3153117,0.26286265,0.9922128,1.0960602,0.034786027,0.0054392973,0.22711138,0.49689755,0.28355616,0.06889085,0.7998467,1.3099071,0.7256324,0.39095846,0.21693294,0.038319338,1.2886187,0.49238154,0.21861817,0.37137687,1.0531849,2.486597,0.6218136,0.30727345,0.5906252,0.47264636,0.17982382,0.35138664,0.45448136,0.67560947,0.8683149,1.2832879,2.1201887,0.36004874,1.9019141,3.9215193,0.7646223,0.0905194,0.5493988,0.79841703,1.6989607,0.07035613,0.7403102,1.4876711,0.7091336,0.01699589,0.42004117,0.15718381,1.0914237,0.0071730474,0.3517249,0.08976728,0.5310252,0.2894764,1.6069957,3.6101985,2.4016938,0.39269975,0.13588351,0.9597483,1.459619,0.7669159,1.1247866,1.5241383,0.053261105,0.41993898,0.118561365,0.2180621,0.843888,0.609902,0.080251075,0.88181967,0.1366504,0.15329966,1.2367791,0.45851734,5.359805,1.1836243,1.8359473,0.39587083,0.3804487,0.101314604,0.95187443,0.019627236,0.11906451,1.2675494,0.42019504,0.14294878,0.8939479,1.1991912,0.0,0.5300466,0.77307343,0.6262154,0.093684465,1.8171155,1.0624262,0.43723795,0.3664377,0.3636994,1.7617253,0.45056665,1.153181,0.26693234,0.8244561,0.06794453,0.5963451,0.60614127,0.9636582,0.2838261,1.0423492,0.92357826,0.69277114,1.2461823,0.518792,0.8368577,0.327757,0.0684182,1.4946029,0.1940329,0.3100038,0.47027555,0.100759454,3.198138,2.521605,0.8325062,0.62898767,0.70808727,0.6928345,1.6189933,0.17466953,1.1210363,0.82668793,1.0080024,0.4811736,1.161835,1.1128633,0.9729482,1.1085616,0.5715244,0.46820387,0.37575307,1.0610155,0.3467713,0.03390299,0.39800557,0.79833,2.1571798,0.20771632,1.1797649,0.5151705,0.24753542,0.120202094,0.55667025,3.8812654,0.016179878,0.63618994,0.5015803,0.17547272,0.23843566,0.35581556,1.5817871,0.9425785,0.9557646,0.24689917,0.8401307,0.9393857,0.015220942,0.69182634,0.798541,0.048166707,2.6171687,0.766903,1.8008199,0.27838275,0.8736348,0.34172574,0.3618062,3.1361525,1.1573074,0.124199964,0.48038554,0.030573873,0.120928355,0.7199179,0.75886685,0.17355862,0.79890007,0.51392317,0.40972877,0.22957163,0.3128927,0.19762467,0.43741265,0.55301523,0.08377893,0.84645545,0.020573124,1.1581154,0.8495222,0.41636658,0.1598673,0.66510266,0.9541095,0.22935696,1.2379998,0.24041764,0.40347537,1.4313589,0.6439653,1.8025025,2.0915768,0.3540764,0.9964852,0.07942384,0.8355143,0.717668,2.0757468,3.0153732,0.35457918,0.2690253,0.6466376,0.4781764,0.29450923,0.20668831,0.054243397,1.6317574,0.1348601,0.6159693,4.291712,0.38192353,1.0832291,0.54603195,0.3306308,0.61167586,0.46704078,0.0,0.5801509,0.0038812568,0.3168517,0.8028494,0.17945603,0.15779789,0.0014578234,0.76158786,0.68080467,0.27074674,0.4229678,1.8074541,0.65803736,1.3338584,0.4467503,0.9919487,0.3166621,1.4393641,0.0,0.43278897,0.19688703,1.4608954,0.45759892,0.67658615,0.045182563,0.219777,1.6929592,0.42004076,0.5641327,0.61717796,2.453164,0.13926196,0.16456427,1.788826,1.2596698,0.7286422,0.565711,2.248345,0.047105093,1.0816001,0.34548154,0.11986003,0.25174966,0.27088052,1.1845573,0.23941839,1.0234656,1.3128806,0.48559764,0.06162161,0.48747447,0.46161106,0.74750364,0.30607203,0.41541383,0.3665263,0.46867794,2.6527884,0.0,1.2474953,0.5578908,1.992734,0.71702373,1.4595218,0.7050449,0.43081576,1.2064618,0.42134926,1.1372602,0.9062165,0.7906357,0.67535436,2.7717133,0.93329525,0.023821523,1.3278261,0.29958642,0.6627426,1.8511978,0.8581089,1.0402184,0.7504512,0.0,0.6552116,0.042658273,0.033319656,0.3854391,0.1559965,2.5073073,0.010882017,0.7667987,0.15830678,0.92119473,0.41881725,0.0,0.1617143,0.38703766,0.2857263,0.052314494,0.34042394,0.14686303,0.8717589,2.322208,0.15657443,0.33208647,0.44535223,0.3797318,0.35337913,1.3666047,1.5270737,0.20010243,0.35764167,0.39631948,1.457282,0.4131502,0.11924207,0.08846526,0.050305318,1.747731,1.2219346,0.58228135,0.023799332,0.44644228,0.011782365,0.1671102,0.6251378,0.0051724124,0.41128844,1.4330999,0.7485565,1.0413636,0.74082035,0.29338548,0.8496631,0.4242611,1.0788022,0.16815029,0.15216626,0.5637144,0.7125169,0.08481587,0.3945835,0.63058686,1.1420081,0.021315403,1.2850267,0.74018615,0.5231828,0.8628954,all_pothole_images\pothole_images_new_image_1357.jpg
0.16107447,0.61493206,0.5011877,1.3192226,0.018771648,2.8450906,0.98363096,0.3749653,2.0213616,0.8141769,0.023690164,0.44314778,0.6040396,0.4486042,1.4164933,0.80387866,0.12832583,0.9302237,1.163784,1.2703915,0.22774342,2.7907493,2.1997602,1.9978415,0.08386375,0.42845243,0.5204804,1.7573504,0.55353415,0.91330063,1.4074087,0.11880401,1.1866701,1.176194,0.015497679,0.2743773,0.19153197,0.7295706,0.85371256,1.2854848,1.1075382,0.12703341,0.35473305,0.60710573,0.7233127,0.26264992,0.29856294,0.06479139,0.25753194,0.096507706,1.3608708,0.8885354,0.9123285,0.17139332,0.21152648,0.37730703,0.23266077,0.20929205,0.93770206,0.41078982,0.65492684,2.7800882,1.8099225,0.26320434,0.081596054,1.7152647,1.0996965,0.55511135,0.33422756,0.48742187,0.14537951,0.84991074,0.51653427,0.010488246,0.27766812,0.7671469,0.50097626,2.9018729,0.5083165,0.5763144,0.418639,0.27006617,0.5445408,1.4003989,0.7415345,1.0318704,0.7322551,0.08960185,3.91667,0.87971944,1.3808463,0.6946022,0.1962276,0.56189066,1.37438,0.23227918,2.2954085,0.2373896,0.6200185,1.3133255,0.047163412,1.5186911,0.025068754,0.39200392,1.0368431,0.40099567,0.1432724,0.6189504,0.8111558,1.6130404,0.100429505,4.08331,1.4144995,0.26551783,0.27489716,0.054892085,2.4708967,0.25130403,0.025419576,0.8041384,1.9277971,0.4681528,0.7131325,0.15045637,0.89400166,0.30820143,0.26725703,0.32642683,0.60045075,0.38059226,0.2693334,0.21363893,0.69804114,0.067982055,0.28396076,0.7907448,0.05918794,1.7333461,0.21458101,2.3857267,1.188788,0.4908039,0.40701184,0.16025151,0.3008843,0.41898882,0.702647,3.254655,0.98321176,0.23496184,0.29815036,0.8103546,0.434093,0.97819364,1.5832591,0.8226024,0.036411192,0.06892427,0.18758595,0.054207373,2.427833,0.81429064,0.0030759694,0.16284499,0.115501985,0.93819416,0.72036546,0.27459365,1.0589931,0.2088442,0.32266152,0.25283194,0.12133635,0.010087431,1.0035632,0.3213745,0.90552044,0.35218012,0.18728022,2.2530658,0.50887084,1.5333457,1.4643775,1.0630332,1.434921,1.3665564,0.48768055,2.2266524,0.3742077,0.4391493,0.08979727,1.6789068,0.00164203,3.0916646,0.3920253,0.018432697,0.5277642,2.1075854,0.5659904,1.7595803,0.44701007,1.2091644,3.4454134,0.5406454,0.8205142,0.11068325,0.50619715,0.6973084,0.3839986,0.1875896,1.4606183,0.20503795,1.3042504,0.13012587,0.17764391,1.3332264,0.17911658,0.84288543,1.4149147,2.1067448,0.68865436,0.7552626,0.47937182,0.34986922,1.3375113,0.15018924,6.0957503,0.16944574,0.5307618,0.049269833,1.2203796,0.5483943,0.33074227,0.62317973,1.0179796,1.141887,1.931862,0.017720446,0.6406986,0.065130435,0.38068986,0.5835796,0.99508524,0.48951098,0.19008492,0.00024130667,0.25221914,0.48305336,1.6510729,1.3411002,2.8630552,0.07173335,1.5208756,0.18278874,1.1000768,0.071021944,0.26095256,1.3384455,0.44480178,0.978233,0.37214434,0.5178773,0.5180624,0.63583755,0.34038696,1.683921,0.34285474,0.2768955,1.5610445,0.11975974,1.114028,0.1639659,0.05308374,0.89368296,1.401413,0.30136102,0.7175428,1.1427587,0.5227962,1.0960486,0.039615337,1.3757452,0.044842977,1.6373959,1.3247911,0.8146747,0.25625214,0.585098,1.1705211,0.7311519,0.48555827,0.43822306,0.58575743,0.562875,0.11818005,0.558626,0.17007418,1.5047874,2.2366722,0.32722017,0.010608833,0.57423574,0.266461,0.14195992,1.8603253,1.7792965,0.18227546,0.5128896,0.33061573,0.60317767,0.2716118,2.6051638,1.4936116,1.2844571,0.059032813,0.34176323,0.43725967,0.15319942,1.2071441,1.184725,0.56597465,0.70444524,0.040948838,0.5018352,2.149915,0.5900257,0.42302778,0.014655746,0.78826046,0.90478337,3.501704,0.7684461,0.32374367,0.24123755,0.05278341,0.4037189,0.5048757,1.4635799,0.01707832,0.38021383,0.15702605,1.2275934,1.586288,0.12385331,0.90798515,0.18620236,0.7204191,0.3442542,0.029234298,1.3336328,0.6006575,1.9774865,1.6167908,1.5191432,0.8982404,1.566803,0.27936175,0.16795683,0.6593701,0.38597858,0.17865704,0.100951955,0.55103403,0.45512015,0.09761014,0.96112806,1.0799646,0.9459219,1.1800252,0.116496846,3.2770896,1.2455287,1.3951612,0.3285889,2.0927017,0.06993152,0.24625473,0.739915,1.4950658,2.14873,0.70335555,0.84026605,0.5702413,0.92648655,3.3128407,0.35704115,0.18102124,0.0,0.18794145,1.0454489,0.23456529,1.9837393,0.0011504383,0.1780875,0.2568749,0.26055875,1.2290319,0.34195012,0.8835117,0.18378302,2.6552286,0.9005527,1.1468691,0.9440671,0.17976503,0.70305103,0.27296028,0.0030599476,0.23198333,0.1747243,0.007456301,0.20812947,0.13558172,0.41383204,0.53011346,0.64059377,1.4719914,1.3345797,1.5993395,0.17174768,0.45416602,0.5131968,0.6927134,2.152627,1.2363589,0.2423237,1.0920875,1.6870127,1.7146741,0.71096116,0.32336316,0.56529117,0.20182352,0.64328015,0.61924857,6.5027814,1.3327017,0.690138,1.6915205,1.1345398,0.53604996,0.9237719,0.45859963,0.007877736,0.82320637,0.29215628,0.7451598,0.67860067,1.9748118,1.8032662,0.19263016,1.335225,0.12268985,1.0853556,0.52133614,2.4726133,1.4327028,0.5516775,1.6769683,2.1279502,0.07896366,1.2894695,0.3504486,0.13941291,0.2620428,1.3318853,0.029699916,0.4371011,0.98320705,3.0045166,2.1993947,0.56125623,0.8539808,0.20155427,0.9161587,1.6829114,1.3325175,1.296125,0.69101,0.49556515,1.3797522,4.583764,0.7499698,0.21901685,0.011557187,0.76683426,2.8024323,0.7082376,1.8060272,0.0,0.17527631,3.7796755,0.08500908,0.6813301,0.97394466,0.02364236,0.6627999,0.40598118,0.118263826,0.42877215,0.3721267,1.4864321,2.2010355,1.912336,0.75952005,1.6559043,1.232853,1.3759005,0.24857928,1.543291,0.2286573,1.1273568,all_pothole_images\pothole_images_new_image_1358.jpg
2.4833534,0.21311419,1.7915639,2.580426,0.4934929,1.0766078,0.50719595,0.24471171,0.1516099,0.47952157,0.29906264,1.0065013,0.17154004,1.4179494,2.4207737,0.15400632,0.19378665,0.43011004,0.026573405,1.829975,0.9737002,2.185202,0.04510619,1.1921564,2.3783727,0.22965637,1.0543671,1.0833911,0.09327488,0.54711807,0.4299161,0.0490641,3.8220146,2.1287813,0.40785116,0.84355086,0.25931668,3.159057,0.018295188,1.3993171,0.278758,1.4735454,0.87804043,1.7651964,0.013784095,2.2215767,0.64059204,0.59628844,0.43137825,1.3131723,0.6891989,1.4787664,2.0741773,1.2587847,0.16928235,1.3596009,2.3997614,0.40805566,0.0,0.25233793,0.4392465,3.3695633,0.3344002,0.5877499,0.35380623,3.59432,0.08212141,2.1114812,0.59076506,1.6952683,0.9108791,0.18754914,2.021917,2.9540792,0.45990512,2.0059173,0.119231045,0.6099933,0.06426346,0.36292255,0.52588487,0.12122208,1.3152145,0.7979564,0.74475694,0.28645742,0.561078,1.2274406,1.67637,1.7026834,0.54772514,0.10124438,0.21568878,0.014973979,0.48238552,1.1402553,0.1657443,0.80306196,2.484257,0.12979825,0.14313065,2.897147,2.0038772,0.105262734,0.25816628,0.23280692,0.8437488,2.3606162,0.14803772,0.5734656,0.4365745,3.1364894,3.0594738,0.28551307,0.83045363,0.6122552,2.4261084,0.32417187,3.0023646,1.9196264,4.12843,0.09911685,0.30284008,1.8735623,0.66204405,0.6221808,3.3381963,1.6975307,0.16033414,0.202898,1.0335784,0.015925243,0.57455814,0.09960175,0.3106135,0.94198084,0.23721205,2.5781991,0.47326773,0.4602183,0.8097525,0.11491168,0.26127785,0.024436437,1.563286,2.7604344,0.3664184,0.009809728,0.8431494,0.3423209,1.5985013,1.0151546,0.5347724,0.03382325,1.289504,0.39297804,2.0805247,0.022333486,2.3185844,0.04750341,0.15297937,0.11758976,0.0060537974,3.1680262,0.043710615,1.0664337,1.1392075,0.91691333,1.128628,0.6251177,0.55824226,0.32707128,0.6757255,1.3568,0.83009756,0.5372234,1.0096664,0.28457367,1.2618415,0.6071355,0.21611974,2.2374313,2.1076205,1.4760514,1.5943619,0.5111317,0.77187437,0.7663423,1.3129107,0.4442046,0.7940499,0.37621272,0.0,2.7624562,0.3000895,0.45029,0.46982512,0.12403435,1.1374872,0.8736911,1.5244645,0.6439871,0.97127837,2.7456186,1.4102204,0.38715586,1.204912,0.7983274,0.89740175,0.27749085,0.545646,0.60293096,0.015601588,1.5197707,1.5693172,1.7828338,0.6853854,0.030574491,2.1984377,0.015098919,0.79214245,0.9832114,0.102289334,0.42567208,0.26706922,0.95731497,2.0940776,1.6327807,1.4408087,1.4064944,0.9061054,0.203047,1.009967,0.5778754,0.47213086,0.07308628,1.31503,0.0017558769,0.1914246,0.46720865,1.3710674,0.39660507,0.29449952,0.57003057,0.33392322,1.2586895,0.546381,0.5697408,0.99059355,1.5213894,2.6158621,0.39398065,0.5705806,1.6231916,0.8336375,0.41301894,1.3400682,0.010587535,0.8441747,2.0912652,0.00010848045,1.8271334,0.8834306,0.2602932,0.6397904,0.9286361,0.7133039,1.7262354,0.13254638,1.5620947,0.53603137,1.3203666,0.09006138,1.0575287,0.21938725,0.5083023,1.5100791,0.4427432,0.09211257,0.32204443,1.1608181,0.008086697,0.7246177,0.6549796,1.6406521,0.03263737,1.4437047,0.90395725,0.42050576,0.45800444,0.5502322,0.32643715,3.8491812,0.122028984,0.0,0.27882883,0.743111,1.6204847,0.20027588,1.0444189,1.1765655,0.9547053,1.8178047,0.8064149,2.3567274,1.3105413,0.29063618,0.37254554,1.0804981,0.7970168,0.4194842,1.2861314,0.7244943,2.5596888,0.06081871,1.499667,0.20902705,2.0888035,1.7121028,0.7343315,0.7002841,0.7398113,0.5464476,1.0966963,1.2672544,1.406706,1.7127444,0.0,2.26506,0.20516227,0.062950626,0.1716219,0.9980084,1.8352882,0.11559784,1.26212,1.3355684,0.70743257,0.53697896,0.76355195,0.908533,0.4869018,2.21613,0.07252183,1.4491851,0.45622417,1.303399,0.06946973,1.7622849,0.9801701,0.75765973,0.56583565,1.2824788,0.600589,0.52749014,0.8347033,0.14005546,0.25566024,0.9241112,1.4587301,0.4617293,0.6347913,0.19525664,0.7834745,0.18493745,0.9138227,1.3938066,0.0,0.11066081,0.93892634,2.0287719,0.10383028,1.1579129,0.06599301,0.7373482,0.08632982,1.5488862,0.54918337,0.81645185,2.1173654,0.9400028,0.09950483,1.4855882,0.2962214,2.6093652,2.714934,1.6538968,0.21671754,1.1465181,0.6182707,0.22536208,2.4682822,0.056634687,0.20235182,0.03361081,0.60786337,1.9117382,0.35603845,1.0807768,0.53438944,2.964841,1.3341727,2.3026958,0.7117884,0.23474015,1.0280802,0.11901665,0.126486,0.19343835,0.8721357,4.452576,1.7764852,0.53062105,3.7619648,0.1394686,0.14875135,1.2177622,0.5542137,1.5923427,1.3451334,5.6286993,0.5758997,1.9531443,0.7503344,2.732873,0.22288777,0.73563105,0.8301705,1.0124303,1.6906729,0.11327931,1.596145,2.2487676,0.55474836,0.17915593,2.4022567,1.5586146,0.23974426,0.14633995,0.9422521,0.6956762,1.310053,0.15121777,2.7657278,1.6895982,0.052607745,1.9470022,0.5399521,0.41625586,1.0971742,1.3354274,0.5623107,0.03786202,0.2558752,1.2590965,0.82857776,1.2865984,0.4639139,0.61668885,1.442304,2.6902044,0.97132593,1.246366,3.1773624,1.7895912,0.04712077,1.3950012,0.1484485,1.8535712,2.0216496,1.0509685,0.1688984,0.10403468,0.33822647,0.88605154,0.24888968,0.07799921,3.1797938,0.3187565,0.35132763,1.4617642,3.5074131,1.4798855,0.6931367,0.013180206,0.30804962,0.5863213,0.40681714,0.8960881,0.11089497,0.39090112,0.004500977,0.1432276,1.2557518,1.3384564,0.20322515,0.06733077,0.17676204,0.68070024,0.5139605,0.3024719,4.9406295,0.40191337,0.30007356,4.233536,1.0887891,0.0,0.5932895,0.6972956,1.3519924,0.93095285,0.768069,all_pothole_images\pothole_images_new_image_1359.jpg
0.66513175,3.5833206,3.3733482,0.4364804,0.67601556,0.79326475,0.26884964,1.0048906,0.41958484,0.9924835,0.405645,0.26907903,0.37799695,0.15951684,0.33636767,1.7343451,0.4456012,0.42521852,0.37169623,1.8829635,0.26891902,0.7750472,0.97841907,1.2964076,0.11913656,0.38729098,0.5204601,0.47026125,0.56695235,0.23622061,0.8524461,0.53356534,0.05594176,0.16637576,0.41580382,0.023343213,0.30289707,1.1594892,0.6002492,0.3940115,0.17858388,0.19785394,0.15550229,0.4129359,0.83070624,0.7465824,0.27548173,0.090641215,0.301561,0.20504278,0.3716193,0.3385304,0.5135909,1.0274884,1.2891402,0.046517912,1.7112285,0.23522866,2.219635,0.37333855,0.4265821,0.5567103,1.0557472,0.050615765,0.033032414,1.1992614,0.78752023,0.38915625,1.1432638,0.26216257,0.20740405,1.1361614,1.2288358,0.33646774,1.1059943,1.3973018,0.38223624,0.379757,0.67266756,0.59926295,0.5964903,0.03398257,0.21705453,0.22402614,1.7447537,0.9102855,0.17032756,0.41709176,1.8992404,0.34825018,0.1987881,0.44220987,1.4459833,0.5898491,1.1310766,0.17456202,0.8813531,4.6764197,1.1666803,0.92034113,0.1714158,0.30000338,0.03173068,2.0799081,0.26103836,0.6471022,0.38264433,0.0,0.17183381,0.5996317,0.6048346,0.7080996,0.0762615,0.7903344,0.011774739,0.8031788,0.52474284,0.33955243,0.50477856,0.55088454,0.18488903,0.88947296,0.6604541,1.3775492,0.38196096,1.8174111,0.35857505,0.92606944,0.2030324,0.4924953,0.23262139,0.21824874,0.3738109,0.20499782,0.07941113,0.9759538,0.10407413,0.21392035,1.2912241,0.11648439,0.4530606,0.41503423,0.984411,0.32793108,0.38010332,0.19448674,0.3301316,0.066244364,0.15870507,4.211815,0.018974634,0.09662846,0.11951392,0.33024916,0.6544828,0.21590762,0.3874237,0.38510606,0.9840779,0.184603,0.28050935,0.95227623,0.36511466,0.010723461,0.10669681,0.12439738,1.1245759,0.51025987,0.047090307,1.0654665,0.07198681,0.10875031,0.77050066,0.0106896525,0.3975623,0.0020629098,0.49697763,0.41687006,0.9990484,1.0589665,0.39289147,0.004300763,3.6400197,1.3492126,1.5266216,0.45310998,0.43110707,0.18333435,0.60640043,0.82140183,0.3068304,0.5414025,0.35353705,2.056839,0.67527086,0.98271805,0.34480262,1.0256158,0.5928314,1.8253256,0.447458,1.2444228,0.43518373,0.25098807,0.33088177,1.7305986,0.2734049,0.6411801,0.0383199,2.434468,0.58989614,0.9634359,0.6137457,0.38776264,0.019481147,1.1390437,0.06335772,0.5134936,0.64927363,0.14097907,0.55911404,0.9584741,0.61614287,0.12438709,0.38724726,0.233985,2.0462098,0.28371158,0.30110136,1.6534249,1.0113622,0.25087214,0.065470345,0.3831636,0.51034164,0.15620476,0.2717908,1.000827,0.2710323,0.1095284,0.032480847,0.49279466,0.4727505,1.001644,0.0,0.12520672,0.956822,0.88262504,1.6274536,0.27058575,0.58649266,0.23983917,0.34569284,0.4539119,0.025370967,0.99206305,0.5584442,1.6578488,1.8063835,0.20196348,0.48655817,0.6864932,2.0704958,0.61465555,0.16827649,0.41900817,0.42933825,1.5682024,1.2929729,0.18090849,0.053292964,0.8529041,0.038005855,0.6437351,0.34095955,2.8522332,1.1756041,0.10137769,0.3948176,0.50984,0.019039633,0.23715627,0.39589983,0.20837069,2.0840101,0.0,0.13420479,1.6882012,0.34618238,0.0077846036,0.26303732,1.4079852,0.0,0.80979824,0.21311553,0.10412081,0.4563966,0.5380845,2.1579866,1.0468434,0.014096816,0.15638226,0.21587102,0.2181222,2.3913944,1.5098871,0.2877478,1.7470851,1.4229764,0.13379547,1.0083222,0.40083918,6.710321,0.14975148,0.19257152,0.40601495,1.0110916,0.42412695,0.8970169,0.45406497,0.15009367,1.0227929,0.15723069,0.06433288,0.7228115,1.3200015,0.08898771,0.6664867,0.82725865,0.904631,2.996641,0.37254414,0.1518284,0.4282092,0.4318515,0.44778877,2.5338953,0.19039126,0.8055655,0.14713411,1.6839836,0.49101868,1.1770325,0.40526417,2.322334,0.814447,0.3453006,0.034186188,0.122155264,1.2013979,0.12887391,0.5390668,0.14567843,0.036078032,0.14352179,0.1722554,0.6999541,0.18650411,0.0,0.12217802,1.2769096,0.48782763,0.25738847,1.2495688,0.13024141,0.26370284,0.44348377,0.40673497,0.07759498,0.512592,0.98732084,0.5232781,0.40116584,0.90179276,0.3265479,1.0606788,0.8614245,0.60680753,0.984813,0.21535768,0.87971604,0.7400341,0.79243934,1.331942,3.8853528,0.6498586,1.2379028,0.082118645,1.6044995,2.632869,1.4982088,0.4193193,0.874688,0.23128223,1.6492895,0.36795086,0.37860528,0.8516366,0.501196,0.09330991,1.7495768,0.24583812,0.25555167,0.77670956,0.11075972,0.047212616,0.41099754,1.8730807,1.0402685,0.25925395,0.70205677,0.902043,0.40659246,1.2035048,0.027129143,0.32402572,0.12361229,0.30068988,0.31987104,0.042596232,0.34862965,0.506959,0.82977104,0.50531197,0.014231849,0.34976804,0.16262728,1.1239874,0.1269589,0.117726155,0.9223342,0.16531931,0.6654106,0.25898144,0.61240864,1.6856364,0.4605547,0.0034992099,0.06382543,0.075867094,0.78340095,0.5003528,0.7242588,0.25060865,0.20950063,0.5478252,1.7637771,0.77788633,1.2670326,1.4320772,0.66945416,0.62563336,1.2121958,1.1201233,0.638307,0.728198,0.4842125,0.870956,0.0832214,0.1325772,0.090669855,0.09479767,1.1233091,1.3160259,0.2829987,1.3865117,0.023179654,0.2739684,0.7612325,1.5482454,3.516092,1.0983982,0.73506606,0.04301453,0.8499558,0.07428307,0.7132646,0.36710128,0.8424877,0.2482412,2.0962768,1.8861638,0.5154021,0.053296648,0.031426903,0.13038127,1.4114213,0.41930827,0.7419066,0.06050558,0.23917861,2.6849947,0.17464645,0.30083176,0.110576645,1.1799474,0.21413308,0.20506504,0.7300837,0.14581524,0.678498,1.124075,0.20272033,0.9035095,1.1327059,0.046033084,0.3351892,2.7555535,0.15676895,0.61781526,0.28515783,0.17771283,all_pothole_images\pothole_images_new_image_136.jpg
1.1160582,1.380703,0.5722547,1.3697886,0.24935679,0.52507704,1.9016659,0.5911356,0.67015165,0.9622742,0.7976294,1.5286145,0.22526541,1.4927573,0.33173043,1.1691464,0.07309751,0.63399696,0.6841949,0.6060491,1.4461125,1.8423773,0.29002386,0.3982912,2.5798974,0.9444119,0.23108727,3.8594728,0.31706637,0.3484525,0.011267273,0.20284095,1.5616388,1.1198648,0.28063,0.36751276,0.14709501,1.1384996,0.2501686,1.4775937,0.005812495,0.7370021,0.27581632,0.31360528,0.7519557,1.8219296,0.040530875,0.25314358,1.1103327,1.183529,0.47082156,0.051593263,0.221447,0.599948,0.2636638,1.2270341,1.0461817,0.12745933,1.132671,0.19648294,0.25603414,0.056423556,0.9082371,0.39566717,0.73927355,2.0371656,0.48427996,0.19596514,0.023786008,0.06858144,0.25516334,0.8825962,0.15099387,0.62132704,0.7244835,0.63336927,0.21054931,1.0788693,0.0,0.46102476,0.46522766,0.1058193,0.7204112,0.7870446,0.3368131,0.5728322,0.2167881,0.6508331,2.4369261,0.17924245,0.3105709,0.15007508,0.11639571,0.5558139,0.38920736,0.0,1.2933944,0.5755741,0.31036264,1.7918578,0.0788427,2.5961518,0.863576,0.40964413,0.35807955,0.87543815,0.5488387,1.3398653,0.47563457,0.39890817,0.4104922,3.0251982,1.2174324,0.056160532,0.99146813,0.12266277,0.5599627,0.08970748,0.6870003,0.86277723,1.7048987,0.009088217,0.15112361,0.76954854,1.3957547,1.0317754,3.4381065,0.012289557,0.21345682,0.19764426,0.06501762,0.035470415,0.051223643,0.2449515,0.5413165,1.9313712,0.7133776,0.8581267,0.9959919,0.045296766,0.2914017,1.0392784,0.014198909,0.037626058,1.0402526,1.6672797,0.1155064,1.0637726,0.95683223,0.33415845,0.78429973,0.5804505,0.16510367,0.31433532,1.4090978,0.30674928,1.1420255,0.08759584,0.6441203,1.536484,1.578844,0.8351626,0.3249582,2.0251598,0.10731291,1.8784223,0.59848726,0.16918837,1.2478712,0.51415503,0.12967733,0.19908151,0.08042247,0.26081,0.24631445,0.46433085,0.6653094,0.06752223,0.076877,0.3058454,0.18754911,1.6650864,1.6905385,0.58211523,1.5031291,0.050817207,0.25904095,1.1295631,0.714501,0.54192406,0.64563566,0.6485642,0.0017166729,1.6714524,0.15317443,0.20633794,1.1851802,0.52126575,0.82004374,0.30554166,0.64599687,1.3148847,0.06463076,0.9834776,0.3506153,0.39583117,0.32638618,0.66928774,0.736157,0.32116157,0.117974766,0.38591442,0.93293786,0.4935589,0.59189034,2.5302887,0.80515957,0.00088765577,0.13136066,1.269514,2.2335207,0.107688665,1.1745547,1.0508755,0.13142382,1.1838936,2.8089817,0.061218012,0.113085315,2.1275911,0.5681874,1.3155798,0.31372443,0.41141677,0.96571535,0.47707728,1.7242948,0.20822692,0.23185846,0.12011235,0.36133042,0.3152599,0.47109824,0.09270727,0.044514943,0.0,1.0233572,0.21019053,1.2564293,2.82173,2.3164077,0.25951612,1.0884376,0.22286654,0.35903066,0.48228517,1.2936523,1.0024217,0.21373239,2.9827733,0.091361694,0.28203863,0.246075,0.2988175,0.5032563,1.4552798,0.28327778,1.2698121,2.4530108,0.27919093,0.26298943,0.0374734,0.1716587,0.41281372,1.0568271,0.3546589,0.051109843,0.849215,0.37458515,0.6006653,0.07719966,0.83267444,0.29865906,0.6775835,0.38220966,0.5369957,1.2581171,0.13513052,1.3501836,0.41717032,0.47532335,0.30262694,0.31227562,0.7296024,0.20927219,0.4522236,0.1265262,1.1036799,0.515219,1.7402506,0.68861216,0.98247635,0.36800256,0.16246212,3.2092907,0.6166973,0.010754005,0.10726697,0.35075843,0.71459967,0.39385784,0.9619515,2.13763,2.5781813,0.6316249,1.5178487,0.16250262,1.5585887,2.339738,0.32842332,0.15095064,0.046525564,0.3729168,0.24417292,2.3509247,0.9554489,0.05043011,0.29149252,0.76997143,0.57491595,2.1114266,0.25101745,0.07140416,0.03179192,0.2768014,0.29225454,2.43946,1.7247906,0.1855811,1.9794121,0.32585603,0.22796994,2.7841067,0.6462912,0.42873588,0.19942859,0.6252989,0.4778191,0.28805703,0.43243968,1.0063599,0.9708431,1.1483154,0.7050431,0.50169295,0.0,0.07113587,0.7258212,0.14752987,0.5511958,0.5501902,0.056925114,0.38022187,0.5582303,0.19987735,0.29892752,0.6234175,0.96078974,0.36546552,0.32605398,0.50420034,0.3460994,0.57056296,0.6778217,0.49031773,0.46742278,0.0,0.5523954,0.33621728,0.22509295,0.54862666,0.06540645,0.6199617,0.6426945,2.899056,0.5563866,1.8226473,0.0,0.022697126,1.6042173,0.8247457,0.42188784,0.18644616,0.6737719,0.00046168148,0.10342975,1.033777,0.54232055,0.41698268,0.7100269,1.4209931,1.9021782,0.35116538,1.068096,0.13438955,0.6951164,0.5272678,0.55402946,0.6671071,1.2832321,0.0791543,0.3855979,0.017155834,2.8953948,0.084560685,0.5828529,1.476408,1.302253,3.182019,0.29907453,1.6691213,0.8064746,0.4077118,1.1411811,3.4800975,0.14813618,0.16024075,0.6456405,0.61069816,0.14113353,0.9430827,0.45379668,0.13561277,0.37245566,1.3792304,2.693307,0.8115176,0.8630906,0.3666557,1.4946351,0.89705485,0.9793128,0.0033574833,0.08444488,0.3996488,0.03303485,0.52532256,1.0752513,0.012500574,0.8837369,0.30587474,0.30764687,1.5849652,0.40123564,1.8057998,0.53410417,0.6431504,0.40224075,0.44199526,1.7394389,1.1123158,0.5951766,0.5893685,0.51265544,0.12732473,0.9152997,0.11323491,0.12229733,0.09794036,1.4638032,0.7224678,0.85313785,0.32417673,0.10962532,1.0210185,0.43934533,0.8463458,1.493662,0.6455322,0.2275433,1.3505371,1.6973394,0.25952554,0.9289516,0.40723813,0.1538014,1.2311515,0.88989204,0.29151586,0.07475665,0.16440786,1.5852422,0.54233223,0.8667087,0.3755589,0.11320074,0.1968394,0.16899423,0.51946,0.17031358,0.61170375,3.5014286,0.9358933,1.1569812,0.48309365,0.4325999,0.43206647,0.27512825,0.103676066,0.41306832,0.2658954,0.7395427,all_pothole_images\pothole_images_new_image_1360.jpg
1.8365114,0.4849036,0.14936316,0.83267176,0.18790734,0.20782623,0.7816206,0.3810836,0.27423424,0.28914332,0.6911085,1.5578194,0.046307985,2.232527,0.90556496,0.5708955,0.23544514,0.36014342,0.45578337,0.702756,2.4717727,1.817183,0.19755621,1.5279483,2.3419566,1.586968,0.033504475,3.1118636,0.09331747,0.036602456,0.10299817,0.21938315,1.3306035,0.52372766,0.13269015,0.37164924,0.0,1.61303,0.86960655,0.62909985,0.005473689,0.17148617,0.41681817,1.2046216,1.2053661,2.60591,0.00783651,0.6216102,1.4142395,0.8054177,1.2471453,0.03831305,1.1921178,0.24295098,0.749461,2.431561,0.98098016,0.9181791,0.23854455,0.43341523,0.112123094,0.44381285,0.65250707,0.18722273,0.01899386,2.5812674,0.48752695,0.49371138,0.008795379,0.50909907,0.39322546,0.22043581,0.34397486,1.3991187,0.99215275,0.7506256,0.102308355,1.6417385,0.036002617,0.82019794,0.30100307,0.15026379,1.0273745,0.5323568,1.0769541,0.0,0.49491534,0.6280159,1.5827293,0.08199889,0.11276765,0.63327134,0.45078412,0.5690952,1.1066939,1.3754668,0.15201429,0.62142557,0.8967062,1.6975809,0.022448592,2.8118,0.50399536,0.8841038,0.92146087,0.22177081,0.4298807,0.8441465,0.013126172,0.65448385,0.0036511642,1.1586381,1.5416183,0.32905966,1.7537643,0.19458888,0.2703925,0.07212068,1.2235363,0.8523426,3.5880437,0.08440679,0.0,1.3319216,1.1284589,1.3359457,4.577111,0.38540432,0.2527503,0.03312153,0.47686628,0.09231596,0.002086537,0.14902419,0.80957747,0.69392264,1.6322699,1.745362,0.63778836,0.25378057,0.33338523,0.32432243,0.1561552,0.24516812,0.22265899,0.32613558,0.42216992,0.90795755,1.9662621,0.2941613,1.3822207,0.6374237,0.22723144,0.11459611,1.4180882,0.4348506,0.9481517,0.9331306,0.30431393,1.1445479,1.9563556,0.7217643,0.4975514,1.2836769,0.12360129,1.1810168,0.23277457,0.3228883,2.279621,0.98019755,0.24546649,0.04011716,0.1432332,0.16177046,0.14549947,0.83967286,0.34496382,0.046694044,0.080820315,0.850104,0.00039900892,2.4726262,1.1239779,1.1627525,0.090933904,0.41270527,0.803108,0.68898547,0.48887408,0.23130709,0.38581607,0.0094340285,0.40458336,1.4221126,0.2314803,0.29426283,0.5703647,0.25806764,0.37939733,0.5137896,0.91110307,1.7291235,0.5895289,2.1703472,1.3542432,0.56030625,1.5721525,0.23827398,0.19444709,0.43656644,0.019912364,0.30571803,1.6728334,1.2543246,0.3761381,1.5857795,0.6838581,0.030083857,0.10295817,0.22533569,1.0314169,0.0856489,2.18387,0.2579885,0.46020076,0.49811998,1.9633453,0.64860284,0.4953684,1.2523603,0.38040346,0.65487593,0.036126398,0.6076416,1.0046536,0.46080273,2.62766,0.7922122,0.0071271025,0.12609051,0.4885692,1.0441756,0.07773135,0.7734689,0.0548683,0.13456282,0.10573127,0.44820216,1.6624273,2.0496347,4.1317286,0.087753154,0.6525304,0.32276115,0.47994322,0.33169624,0.485879,0.2901216,0.9078134,2.3168879,0.24804462,0.033605155,0.53583753,0.12516822,0.4167345,0.20811555,0.023020403,0.8215989,1.3386533,1.2871732,0.9589868,0.04117911,0.8265638,0.72125506,0.7338034,0.35450605,0.44698653,0.7284238,0.7151213,0.31655055,0.7676939,0.21022545,1.0838888,0.54828334,0.93077195,0.12880719,0.84699076,0.012139865,0.30778584,0.15641333,0.51946867,0.10080554,0.010153099,2.1819127,0.49850634,0.8450104,0.73815215,0.4723301,0.17877874,4.074751,1.1096448,0.5320147,0.7015903,0.38629976,1.0209132,0.11847375,0.051312674,0.28674674,0.55821544,0.26393035,1.0360814,1.556638,0.075311884,1.5947261,0.13666417,0.8898217,0.21710984,0.90452075,1.2060918,0.27269864,0.82590127,0.34532204,0.9914892,0.8504232,0.4026572,1.2734578,0.27095607,0.0015725337,1.2055285,0.60416675,0.1704267,0.057095956,0.9922244,0.07349214,0.28350192,1.4019464,1.7091357,2.4209301,0.06998674,2.413774,0.47481194,0.10656231,1.9441668,1.1691484,0.7612043,0.011164073,0.32914868,0.34020895,1.2529639,0.032618053,1.2922263,0.4657554,0.04190943,0.60946083,0.15556313,0.3518866,0.4730487,0.109471455,0.46931985,0.35806227,0.91031325,0.4375164,0.3045361,0.62298274,0.1596755,0.72993076,1.7867643,0.22426875,0.6820476,0.036113773,1.1289176,0.47029424,1.7617702,1.4008764,0.043646432,0.119129725,0.17131217,0.0401832,0.6344321,0.14463349,0.80218595,0.12741324,0.68774927,1.0751978,2.135692,0.5554779,0.22696747,0.0,0.034396794,2.6901724,1.3455175,0.18539202,0.0019829732,1.2735596,0.03020619,0.16649991,2.2814064,0.10360893,0.50016004,0.32965562,2.1944199,1.8554718,0.39322016,1.2984661,0.21761477,0.29643252,0.7359927,0.09128777,2.2748854,0.62241244,0.4196386,0.7415238,0.37217844,3.2463644,0.085350975,0.28610158,1.312177,0.15960984,1.132928,1.5064867,2.6328604,1.3442321,0.46857607,1.6590993,2.3604364,0.8330102,0.9852379,0.028197346,1.679121,0.8141524,0.45248437,0.45873275,0.15411408,1.6008005,3.0607264,3.1485677,0.6084222,1.4335343,0.21656966,0.66739863,0.64715487,0.09160901,0.04776748,0.11705505,0.40129966,0.10859415,0.3107253,1.93489,0.014373976,0.87518114,0.45342872,0.01984173,2.4874372,0.41877174,2.4397502,0.72744775,0.6149422,0.17300823,0.6520664,2.0240452,1.4386842,0.6244043,0.8178124,0.61470085,0.30541632,0.31327146,1.8588299,0.5215331,0.5956525,0.73140335,0.34500387,0.91429526,0.15169944,0.1431005,1.4227057,0.18521334,0.3113856,1.4595537,1.4125023,0.566268,1.1686974,0.358186,0.3147553,0.24907318,0.68743783,0.23809896,1.0782819,0.13005392,0.30357376,0.14396764,0.06647809,0.53326416,0.087863706,0.3701828,0.33028272,0.32432148,0.053961143,0.28532916,1.214858,0.4642634,0.6632539,3.9856012,1.0498607,1.0694168,0.449621,1.4098568,0.699558,0.16418333,0.22753038,0.0831489,0.42764106,0.24523696,all_pothole_images\pothole_images_new_image_1361.jpg
0.12355566,0.761819,0.5926838,2.492661,1.2923762,0.67251724,0.3251064,0.004895916,0.20626558,1.8496857,0.28754774,0.3796538,0.91972375,2.7443392,0.30397943,0.31082928,0.00021282,0.55555904,0.76128215,0.08951513,0.3495367,0.22073837,1.4647847,2.0542645,0.90589917,0.1807082,0.032150164,1.4139173,0.7969625,0.68155926,0.5373979,0.0,0.11260786,1.0236231,0.11219994,1.123366,0.9528333,1.3326428,0.80819684,0.18299976,0.2407836,0.09522805,0.70543855,0.90099394,0.17883612,0.19378339,0.65279436,0.5104927,0.77779716,0.028001534,0.49040222,0.6163879,0.31115174,0.4529506,0.640747,0.25112084,1.5240995,0.0,0.499192,0.07943584,0.23136686,1.1336046,0.9600702,0.23033297,0.24578527,0.43456435,0.28096053,0.31288114,0.0008187515,0.46959537,0.5782425,1.1514491,0.07589555,0.46104303,0.012105606,0.22283433,0.3560359,0.29289803,0.0,0.38976854,0.16774298,1.3959055,1.6638545,0.709122,0.010147322,0.09322524,0.6849177,0.0,0.6908134,0.15551971,1.389894,0.87384886,0.05090548,0.0032155633,0.4054325,0.08964249,0.4211477,0.9122253,0.43349254,0.15894173,0.27325684,3.1583366,1.8482373,0.10845614,2.8846314,0.0,1.0357968,0.2936927,0.9089844,1.4872581,1.5565426,0.18027233,0.024667233,0.17076741,0.9719399,0.88023716,0.48298433,0.029753359,1.5691417,1.5067691,1.4694016,0.23616591,0.258181,0.7187074,0.32016212,0.23645788,0.023569234,0.010543396,0.13188927,0.004518308,0.36214235,1.0413158,0.6084271,0.27457672,0.32328975,0.41433653,0.17336908,0.012179347,0.60918576,0.40571937,0.41465595,0.17483853,0.8151263,1.777112,0.94821423,0.07186973,0.8055964,0.1422672,0.7896861,0.26414213,0.0065822746,0.31080475,1.7199018,0.3793408,0.9210559,0.70489126,0.6681474,0.4643789,0.9067605,1.4531667,0.52240586,1.110462,0.32821268,1.038995,1.5351336,0.17535292,1.241842,0.15831381,0.35034552,2.159945,1.7457398,0.7100162,0.39345917,1.3076229,0.055007607,0.55150867,1.5387331,0.591893,0.60158986,0.4671803,0.3315653,1.770866,1.9476206,1.1507077,2.4392009,0.65301985,1.0018835,0.13049293,0.5016226,2.1332614,0.5587779,0.005429167,0.5887926,1.1854876,2.0866015,0.16617125,3.0280344,0.013429968,1.3541169,0.015567592,0.36532047,0.7672995,0.5275465,0.74890506,0.38539913,0.025817491,0.48957735,0.16185503,1.0032252,1.3363054,0.013848376,0.17603947,1.9152588,0.013791957,1.0685481,0.31966385,0.106237546,1.0492052,1.3470169,0.35555398,0.9914178,0.009842861,0.043591928,0.22091207,0.06259636,0.010640148,0.26301566,0.31114832,2.5542028,0.123672344,0.04152918,0.21037264,1.2176945,0.13442682,0.76675886,0.034759987,1.4875138,0.29370347,0.14510414,0.22959831,1.788162,0.05653552,0.14892112,0.22391525,0.42261446,0.00029897323,1.0251983,0.59837425,1.0439652,4.061118,0.77805084,0.24826482,0.0107706925,0.26313266,0.54365975,0.33493614,0.69122416,0.077148736,0.43263805,1.4648107,0.48638394,1.2312219,0.2009345,2.612882,0.019676972,0.14950879,1.7749401,0.16223232,2.594966,0.008043476,0.016640473,0.1942631,1.842448,0.64641553,1.1394476,1.8411363,0.118444934,0.19700943,0.19689313,0.43904883,0.7383683,0.7327633,0.6308907,0.10189479,0.048253614,0.3472248,1.139739,2.103521,1.5464066,0.47060147,0.35919437,0.1930902,0.55674523,0.42896277,0.71989936,0.21571836,0.06516453,0.25514233,0.29248422,1.5350131,0.3749357,0.57165986,0.49428234,0.005977876,4.3458376,0.34066266,0.09578829,0.2577881,0.07367993,1.0158622,0.20074552,0.8513648,1.6603638,3.7996876,0.42482048,0.54953,0.1312034,0.21175317,5.2498465,0.167335,0.024706893,0.18560614,0.2659186,0.58110994,0.022577908,0.33627817,1.4422151,1.2376599,0.111832574,0.05551774,2.1635594,0.39671028,0.9090282,0.44547537,0.054726414,0.8251064,1.6661074,0.1019039,0.9308392,0.6684006,0.07329794,0.7525487,2.2274373,2.4810345,0.9638161,0.0369778,0.2411367,0.36409098,0.2213945,0.50560665,0.41222778,0.0,0.0,0.08929208,0.5618761,0.1170078,0.5368905,0.25489298,0.20973411,1.0982785,1.0423207,1.4279779,0.10751821,0.08024422,0.26090842,0.12546667,0.52057356,1.7634925,0.04027966,0.7073484,0.81701285,0.025185509,1.4116586,1.3766373,0.06759085,0.7269127,0.10050845,0.2773549,0.75426537,0.21693048,1.4943303,0.3023847,0.59422874,0.31598586,1.6903974,0.91844946,2.9212863,0.22087014,0.23930456,0.90040153,0.21817575,0.0,0.29685095,0.2203511,0.106716834,0.7992673,0.33799076,0.056760237,0.57399,0.034528643,1.2462882,0.6139771,0.45571128,0.0,0.194126,0.07933893,1.071365,0.7564591,0.1728903,0.47844702,0.02963237,0.59901756,0.04706227,1.2635083,0.88359034,0.81104183,0.30970097,1.0562965,0.02532654,0.00025799673,0.9495796,1.7310588,1.457723,1.4700004,2.1509378,0.94507164,0.89611363,0.2610813,0.42534307,0.04451303,0.41896704,0.73999596,0.0052160984,0.9576875,0.1696586,0.7823665,1.0675107,0.367501,0.81490535,0.35337391,1.1605277,1.4628158,2.2338204,0.013750193,0.15727718,0.55093193,1.1470577,0.06205597,0.47817132,0.28924358,2.7589417,0.59537286,0.070938475,0.18012017,0.7084391,0.24360144,0.12752098,1.1309619,0.01693334,1.0117894,2.170553,0.3773865,0.6597466,0.054975595,0.0011279073,0.5321379,0.07295205,0.0092550395,0.1144916,1.7146653,0.7141381,0.3181424,0.38442892,0.33685568,0.317434,0.39217415,1.5173383,0.04621798,0.93548125,0.0,0.16669768,1.5255396,0.955087,0.72614497,0.18117084,0.48102054,0.34089044,0.7791016,0.52588046,0.32227814,0.56912106,1.8847572,0.1393713,0.37977976,0.020277027,0.1382149,0.012861341,0.0,0.09704702,1.8865753,1.1207616,0.72662055,0.18196028,0.40615797,0.24970151,1.5372534,0.93921155,0.56015295,0.15791835,0.44788197,0.40105012,0.20650491,all_pothole_images\pothole_images_new_image_1362.jpg
0.15093315,2.715934,0.5496023,2.01168,0.10870416,0.23060083,0.044616066,0.040221017,1.1180218,0.56651866,0.003274557,0.0,0.07540524,0.030603485,0.1024192,0.0,0.0,1.1898912,0.15809242,0.459515,0.4810404,1.0295787,0.23353125,0.34384272,0.6110937,0.07663797,1.053826,0.7747832,0.04104775,0.39771512,0.1838889,0.053229846,0.11852431,1.7661262,0.0026055689,0.023659669,0.8603002,0.27562717,1.0481224,0.3368776,0.21602257,0.413558,0.01607865,0.15570538,0.50878733,0.011308596,0.29801565,0.082852624,0.24619563,0.87939,0.0002328971,0.53493714,0.15771903,0.0,0.1381036,1.2301531,1.0556145,0.7403208,0.023819305,0.21103156,0.0,0.3029729,1.1537151,0.8262844,0.32808092,1.2961706,0.6506403,0.0,0.0,0.21867308,0.10864816,0.010297649,0.12579697,0.07717533,0.6401963,0.005724241,0.08106283,0.49899617,0.13856533,0.16931124,0.0072571486,0.08039183,0.69514936,2.1366591,0.10313322,0.0,0.60057104,0.39255095,0.9998711,0.18920393,0.0,0.013675299,0.29341322,0.19257535,0.023613194,0.03678698,1.1721714,0.5771825,0.4706929,0.4436425,0.7982789,1.4765209,0.565229,0.42634106,1.4753989,0.28295517,0.51776254,0.22876838,1.0802938,1.222699,0.016124569,0.2777896,0.79055756,0.4381119,0.038711175,0.9552003,1.4644283,0.10348798,0.42022228,0.23303992,0.47267142,0.18782257,0.0051942733,1.1035478,1.0424781,0.43765756,0.10928547,0.0955642,0.8522144,0.076632604,0.10534738,0.23084526,0.39545783,0.29623365,0.20828497,1.1341474,0.3820767,1.0121286,0.8633664,0.08399504,0.34832332,0.2595042,0.049668316,0.3883077,1.1651598,0.06953155,0.08350936,1.0985619,0.122794285,0.14609149,0.6161318,0.14573745,0.022162693,0.46826643,0.8434856,0.08782157,0.118605055,0.18770377,1.2084098,1.3617359,2.264776,1.3081471,0.121012814,1.3585093,0.41012016,0.5272803,1.9767457,0.80293965,1.4121051,2.123453,0.21123073,0.12580986,0.22299089,0.003705374,0.42289788,0.32926247,0.5998906,0.024996728,0.48112744,0.2780631,0.0040142066,1.1851888,0.7808636,0.55718684,3.836707,0.5094239,0.14754106,0.29738802,0.004033307,1.2899623,0.06017068,0.0027279914,0.8812186,4.5287805,1.1522788,0.010151457,1.0239136,0.97636193,0.064621605,1.1081102,0.78815866,0.1778223,0.5860505,0.5925593,0.14150454,0.015420425,1.0821533,0.41819707,1.0126755,1.2631258,0.0,0.35713577,0.03386965,0.038000382,0.9333491,2.0527928,0.0,0.4451666,1.2904055,0.44186872,1.429117,1.3249019,0.5847602,0.014179165,0.033389404,0.7225849,0.5945245,0.03114314,2.9114175,0.020074898,1.5020742,0.29899117,0.10776432,0.05087893,0.108297504,0.08482081,1.9792846,0.2664429,0.41398114,0.26049054,0.8181905,0.6327093,0.6973259,0.1334512,0.27310535,0.093756266,0.79749763,0.4457177,1.6740842,4.399071,0.7316741,0.5778333,0.15791243,0.089897245,0.022499025,0.001981317,0.8899153,0.36744294,0.18188283,0.8080798,0.46410236,0.24411839,0.7340189,0.38772652,0.28148556,0.15516026,0.40664393,0.7938592,1.5710893,0.055889465,0.058831934,0.02150841,0.16306211,0.0,0.62993926,1.7980512,0.32895997,1.2553653,0.24849732,0.54686314,0.2206569,0.30210128,0.77273947,0.42989138,0.44561386,0.1570535,0.0221747,0.35734832,0.59094375,0.26074922,0.053385053,0.022638595,0.06627545,0.95298314,0.0027262494,0.033345826,0.18240784,0.76986164,0.055678304,1.2104996,0.64953953,0.6705862,0.44735476,0.634016,3.3747938,0.020877102,0.42420948,0.112400375,0.0410152,0.6086982,0.03618549,1.6268396,2.2294426,3.4718456,1.246786,0.42482707,0.25480434,1.4989687,3.933272,0.07023191,0.26293546,0.44841003,0.0271541,0.47729495,0.82931644,0.34585664,1.2824701,0.0,0.025632283,0.3165208,3.9649403,0.49159458,0.24506749,0.924344,0.10747933,0.0,1.984224,0.059797764,0.10326401,1.3596351,0.0017631945,0.4084226,1.7922604,0.43915018,1.2582593,0.010564717,0.42846787,0.44159815,0.15339094,0.5557569,0.778596,0.0023609556,0.10165337,1.3628278,0.17133,0.01806559,0.078548074,1.0297828,0.0026039274,0.6721362,0.19035901,2.3452194,1.6611611,0.078008585,0.18143553,0.0,2.2227707,0.06363286,0.13282655,1.1048924,0.50830334,0.011964383,0.08898774,0.5182079,0.070780665,0.2573162,0.16580957,0.54425716,0.45183316,2.155777,0.1928888,0.29612088,0.3990242,1.1826481,2.7336974,0.29178873,0.6850953,0.25395975,0.0,0.27827808,0.9870741,0.2925467,0.1776852,0.24489342,0.15445235,0.0723251,1.2588416,0.0,0.42173043,0.1422847,0.99541,0.26761678,0.10280665,0.29358205,0.1697986,0.17701721,0.6694327,1.0849395,1.010882,0.32395,0.4571118,1.6541271,0.0726182,0.101979,0.232479,0.40035418,2.59352,2.1330683,0.32978755,0.0,1.4416329,0.0038490787,0.53377134,2.0979748,0.37662837,0.035753965,1.2552093,0.10820947,0.6139933,0.30204767,0.6184209,0.7506376,0.27699643,0.045779433,0.020876415,2.2017627,0.76300406,0.05832429,0.17831747,0.59559107,0.25002646,0.37441486,0.60037464,0.8032596,0.16351885,0.017807597,0.33352637,0.8162702,0.30039102,0.6495573,2.1622245,0.0,0.12055244,0.11155982,0.34628332,0.869247,0.022671195,0.13755888,0.2967268,0.38458276,0.8832406,0.10162295,0.2611309,0.0028112582,0.2259776,0.0039088563,0.0003438401,0.10464388,0.10791312,2.4906793,4.212653,0.2602615,0.3023675,0.019668942,0.35657474,2.2594295,0.001455868,1.013934,0.0,0.74696016,0.27921605,0.35269588,1.9853892,0.090988725,0.08241619,0.104297414,0.39373475,0.056333356,1.1337086,0.3454596,0.61120486,2.163626,0.0,0.76516837,0.083240345,0.05183608,0.6260574,0.02337304,0.0,0.19635846,0.3460606,3.0238311,0.9359333,0.31742603,1.3107657,4.1256685,0.6097481,1.7684443,0.25336537,0.51056063,0.616399,0.049440082,all_pothole_images\pothole_images_new_image_1363.jpg
0.9103958,0.22787713,1.4461515,0.50036806,0.17201217,0.7519516,0.87221456,2.3978307,1.2986165,0.62671655,0.18114841,1.194058,0.18261728,0.788041,0.538865,0.9453441,0.070331916,0.29888242,0.44997233,0.37240443,1.4866314,0.4145549,0.41295445,0.36823756,0.24440691,0.9394191,0.36750314,0.30425963,0.27146262,0.38380095,0.10642443,0.5172597,1.9416262,0.35346976,0.40720737,1.1382728,1.6301368,0.28526264,0.15445878,1.5764419,1.4573367,1.7355078,1.603481,0.08803632,0.32875505,0.5522141,0.6658596,0.011845968,1.843507,1.103443,0.03954154,0.43315256,0.96400076,0.18867075,0.8080475,0.4019869,4.280297,0.15665756,0.9454764,1.6506284,0.48968232,0.06927688,0.5450668,2.5535464,0.5190304,2.6244342,0.050337646,1.6929032,3.794815,1.2661614,0.55468696,1.0191325,1.7936388,0.35813788,1.0091294,0.55418456,0.41021618,1.3963202,0.12079838,0.29133376,0.43219662,0.21943976,1.1935345,1.7102208,0.3651099,0.42687035,1.4236827,0.45152867,1.3486136,1.3693056,0.90493196,1.183958,0.77205,0.043395385,1.2708244,0.059559636,2.2091746,0.7753899,0.65835017,0.89057237,0.5640198,3.2042139,0.59081304,1.3551991,1.4609046,0.6981047,1.0072601,2.2330408,1.0552887,1.717849,0.8385536,2.4434018,0.49075004,0.4057206,0.28879127,1.8110201,2.0296488,1.159878,1.394753,0.6336007,0.29632184,0.21426465,0.6027392,1.0632564,0.2763469,0.84970003,0.08175685,1.2478988,3.836965,0.14616282,0.6562666,0.049632393,0.94769174,1.5739777,0.61009544,0.58374,0.6613012,0.5182023,0.11812379,0.2201032,0.39891675,0.27222127,0.2709556,0.9811984,0.026410842,0.6617399,0.77871865,1.568126,0.58296543,0.7549696,0.8645765,0.035162114,0.61011857,1.4355184,1.5112067,0.40376025,0.962464,2.2005796,1.4069827,1.1323652,1.4569184,1.5910645,0.6126962,0.5532056,0.38536078,0.08212342,1.5107088,0.027356006,1.2584475,0.1323198,0.99997735,0.7436287,0.36324352,1.1783334,0.76290643,0.029752398,0.650474,0.24722138,0.8760784,0.47022903,0.13526285,2.5034373,0.9144804,2.2047,5.216771,0.5538082,0.36051032,0.73936015,0.13000976,1.6859937,0.55958354,0.15787095,0.73450655,2.7284195,0.46477905,1.4314593,1.0645187,1.2462744,1.9184424,1.3804371,1.0621474,0.58988106,0.13652202,0.5010204,1.048588,2.0768285,1.3167548,0.472632,0.30725795,1.4911577,1.1434934,0.8296904,1.1765935,3.678175,0.015093161,0.105297595,2.1429212,0.5712964,1.273405,1.2533904,0.16264668,0.41217262,0.25806078,3.4648926,0.26873657,0.12682956,0.5121217,3.6566796,1.077377,1.2385602,0.23033953,0.64039254,1.2797513,0.29431075,1.230897,1.4975582,2.125557,0.67748725,0.32492593,0.12170594,1.7622014,0.42230982,1.5171179,1.7006556,0.11611633,0.6287142,0.28241134,0.2541976,0.9644252,1.0345145,3.106643,0.3070009,1.4332311,0.050937857,0.4207558,0.7527977,0.8018038,0.14739846,0.77539855,0.7608284,0.12855004,0.87567264,0.14846459,2.2119367,0.45305333,5.440399,0.037569243,0.24704236,1.168281,1.4785554,0.4270742,0.9855693,0.3221864,0.5092118,0.637044,0.883528,3.7189631,1.8828504,1.130953,2.0131235,0.09517932,0.2929345,0.17104773,0.063188374,0.3099213,0.7572981,1.2146399,1.4489982,0.43575218,0.043974303,0.6768153,0.64226973,1.8115647,1.65121,0.106195405,0.97924507,0.5506002,0.47371298,0.9246138,0.7736731,0.23582341,0.9785113,0.27709517,0.95261997,0.5750049,0.7429399,0.0967789,1.5529766,1.1179451,0.19362217,1.8541028,2.5502918,1.2780718,0.9123239,0.44546974,0.49319613,0.085867286,0.7050029,0.87811047,0.81753165,1.202129,0.576591,1.763589,0.3867939,0.4023803,0.13634862,1.5836633,0.577547,0.15558757,2.331847,0.5514162,0.44085833,0.040284045,1.3560208,0.5146253,0.8320049,0.5811373,0.88499016,0.75432086,0.055025075,2.2035313,0.2436917,2.8229737,0.71998936,1.8496547,0.51688737,0.4135524,0.13087448,1.2051879,0.7528189,0.53682125,1.3006892,0.49076748,0.96841586,1.3984199,0.2805746,1.8659203,0.60688,2.1189282,0.64715374,1.098212,0.28415215,1.5739305,0.57864535,0.333638,1.8671398,1.2791206,2.550562,0.049209222,0.6431219,3.5731685,1.1174423,0.45568174,0.15134026,1.4340163,0.19919649,2.1677043,2.3945985,1.1967932,0.4177314,0.7701453,0.17129868,0.8682813,0.8057961,2.4735036,1.8161322,0.8344429,0.022466686,0.11352639,0.51140517,0.9590419,1.7435603,0.53302497,0.007740035,0.07972951,0.6326043,2.2028801,1.2189186,0.5303706,0.8899536,1.188658,0.89530283,0.30978236,2.1881332,0.12336265,0.28716958,0.0381127,1.914779,0.45179227,0.015440374,0.20910132,0.62624353,2.8079507,0.3598563,0.074470766,1.4470705,2.7817264,0.50696737,1.8717604,0.878458,0.31380212,0.45215932,1.6279558,3.1437714,0.8903341,0.39348647,2.138751,0.88685936,1.2282505,0.41736367,0.124603696,2.6315968,0.26347336,0.8064066,1.4199035,4.5361347,1.0975578,0.6942406,1.1979373,1.1157238,0.27686837,0.11431576,0.6036105,0.1748738,1.7797883,1.3150111,1.4159368,0.44918343,1.8397512,1.4688174,0.74511623,0.60690016,0.14806817,0.8066185,1.8715464,0.9070005,0.92913944,2.4736388,0.24843203,1.9069973,0.6653274,2.1952324,1.0069727,0.0,0.37301967,1.662999,1.3526933,0.14399421,1.3955175,0.8732959,0.10746327,0.8863598,0.37978706,0.7287324,2.5759764,0.89582443,0.623665,0.3821907,0.5158838,0.23267259,4.3773704,4.8657618,0.02558442,0.6167237,0.41758564,1.5911974,4.471137,1.2825704,1.2634956,0.75631964,2.0099323,1.3060375,1.585434,0.7661014,1.2178242,2.1938903,0.16538024,1.9554098,1.2581456,2.662367,0.046621248,3.6988873,0.6941483,0.43934977,0.5455715,1.2441195,0.6971826,0.6788096,1.295829,0.270135,4.6606226,0.9335223,all_pothole_images\pothole_images_new_image_137.jpg
0.0693943,0.86333925,0.40383747,1.0060161,0.0497317,0.002397565,0.033439215,0.0,0.17724788,0.43157145,0.629416,0.23872752,0.099701,0.24278425,0.009088965,0.94689286,0.015746664,0.013683275,0.009048085,0.087409765,0.104541816,1.4036787,0.4129982,1.0607316,0.0028997778,0.59098333,0.086128935,1.0164255,0.0022121423,0.054755617,0.8247239,0.0,0.63433444,1.569713,0.16934313,0.070757486,0.8928384,0.40098143,0.45772097,0.11075452,0.31611148,1.3646156,0.09225484,0.26074514,0.7751616,0.0,0.041614342,0.0,0.071041696,0.28411126,0.0,0.030633975,0.08764382,0.35513324,0.0082163345,0.21714583,0.57294047,0.0026815115,0.27800494,0.1371814,0.0,0.20541534,0.90031207,0.71084213,1.2408276,0.2548111,0.49603376,0.09216982,0.0,0.5084524,0.08617792,0.24631827,0.00056384364,0.07553694,0.011913528,0.71886444,0.057282977,0.12896673,0.012062745,0.043801673,0.03495941,0.09654529,0.35433,1.5252117,0.2661862,0.49357277,0.017078426,0.004287653,1.537138,1.0740571,0.07998031,0.20204844,0.10292902,0.28608733,0.44049147,0.01460844,1.0166274,0.5704631,0.20915315,0.06404253,0.337676,0.42079926,0.20178922,0.23206343,0.6115751,0.04684377,0.12773637,0.11869356,0.4628947,0.26982486,0.031954184,1.0050939,1.0272402,0.16818683,0.049619913,0.26665783,0.110981725,0.001788034,0.84144163,0.08508061,1.922982,0.0,0.13079913,0.057584334,0.123879306,0.610836,0.13336802,0.000612828,0.13413149,0.079690106,0.38298792,0.07241805,0.03748708,0.15682483,0.162553,0.18913622,0.029618742,0.0400916,0.19883339,0.0,0.09240997,0.04324039,0.24302988,0.58145446,0.089278415,0.33816552,0.0,0.25572756,0.14458273,0.1503253,0.029831428,0.6815819,0.074079655,0.13390887,0.8667726,0.10695141,0.33179554,0.010649738,0.6744217,0.2035785,0.29107088,0.16166379,0.039383627,0.56213635,0.2610646,0.49969575,0.6115524,0.0,1.7217175,0.25830826,0.0,0.50144196,0.014942826,0.0,0.5351678,0.020224158,0.58475965,0.05941956,0.25063953,0.37289587,0.04043399,0.104727745,1.5974756,0.7305223,2.8172877,0.07182936,0.013974448,0.044810668,0.25238216,0.34296435,0.23054107,0.018265154,0.15518601,0.61213183,0.09483487,0.0,0.19623116,0.7256784,1.0040787,0.36023316,0.26289138,0.19677302,0.054495227,0.39854077,1.5542275,0.45137563,0.17451118,0.0,2.8211224,0.520549,0.0,0.1479759,0.58718383,0.6179799,0.20818147,0.7593669,0.17688602,0.2741474,0.64793926,0.15332511,0.89661413,0.41132715,0.3786816,0.44389486,0.11428164,0.040240154,2.2948947,0.04879075,2.1203918,0.4785291,0.32414684,0.07398155,0.43620816,0.06504533,0.2102432,0.03441174,0.43008524,0.015749386,0.2362505,0.452666,0.04158155,0.0,0.56338966,0.10394827,0.02218732,0.2958328,0.4872949,0.12260262,0.19162638,6.132681,0.31670073,0.32644492,0.0,0.14917503,0.08124214,0.04574949,1.0290321,0.54537266,0.021306047,2.5555348,0.25354043,0.08459161,0.92390287,0.5199261,0.06755161,0.65182084,0.0058688214,0.19412234,2.9883344,0.017217318,0.85227513,0.019468648,0.048598845,0.024590153,0.18255627,0.47599125,0.06630776,0.11743892,0.15931746,0.41672128,0.35988605,0.2652634,0.26003498,0.031905588,0.007467709,0.08801998,0.35714585,0.269974,0.39686596,0.15139244,0.029959243,0.0024420887,0.155115,1.5043385,0.5002955,0.6081564,0.7600485,0.72120595,0.061017375,1.1433824,0.21581142,0.56896514,0.0017687194,0.116436236,5.0180626,0.651865,0.16557592,0.5172171,0.012226413,0.13251613,0.0,0.23588884,6.211589,1.8357534,0.012715989,0.76289636,0.14743592,0.99692893,1.7515477,0.79488844,1.6344081,0.085037924,0.3010278,0.08320761,0.321906,0.0075125275,0.37685597,0.632939,0.40968513,0.09128457,4.292408,0.0053973095,0.0,0.18660565,0.12097861,0.0,1.5913012,0.09323297,0.30414763,0.0013837392,0.57243335,0.65194064,2.3590245,0.17529741,0.020229165,0.20213014,0.38964665,0.30248564,0.01937633,0.056592416,0.043108914,0.86490643,0.26586607,0.30333784,0.48848218,0.0043798476,0.1078687,0.43793046,0.3460477,0.26580015,0.071974255,0.07108138,0.07066792,0.16564457,0.052924592,0.037765138,0.278218,0.15385999,0.074532054,0.023729447,0.11145269,0.57385737,0.038195904,0.06919738,0.45315462,0.49817228,0.38279575,0.4090297,0.14064796,0.27521273,0.10720399,0.0,0.2512568,0.4679664,2.876167,0.05687566,1.8313508,0.25804475,0.118671745,1.1021171,0.050045878,1.1614509,0.017170623,0.49147135,0.005629312,1.1503409,0.18308398,0.8267211,1.0126749,0.10830108,1.1399467,0.43244162,1.2041427,0.0324088,0.47283787,0.54211706,0.08632059,0.7560313,0.05218823,0.28576452,0.0,0.20569587,0.16733027,0.57671285,0.0,0.21500957,0.2076902,0.46888316,0.13476892,0.4835207,0.36924645,0.1726375,1.4231004,0.25795057,0.36182293,0.11212586,0.500429,0.33012402,0.2865681,0.06712617,0.10144224,0.7292699,0.06979975,0.10380571,0.0019802717,2.8517988,1.0920436,1.38315,0.59243786,0.37178567,0.43044642,1.033321,0.006821464,0.12282887,0.17764913,0.06679144,0.20432213,0.19280764,0.0,0.49232388,1.4017255,0.23901725,1.8741385,0.79875714,0.21331903,0.48807088,1.3526398,0.10389096,0.21776062,0.13474551,0.33163157,0.0019621109,0.14164862,0.01857651,0.60608345,0.04145295,0.0,0.0,0.0021740803,0.49144083,0.9939873,0.13212883,0.042231638,0.020550873,0.5727251,0.0,0.30777353,0.32466757,0.061877172,0.16704935,0.009569628,1.0175691,2.3167803,0.9983165,0.0,0.634285,0.31300938,0.16197035,0.17793556,0.0,0.28058562,1.838695,0.032337435,0.0,0.0,0.0,0.5097844,0.10875843,0.0,0.0015946955,0.0178272,3.9359276,0.038242444,0.46063557,0.043296784,2.408842,0.052386846,0.19156735,1.0170592,1.0094664,0.23532327,0.17352714,all_pothole_images\pothole_images_new_image_138.jpg
1.0504377,0.44699362,0.46404812,2.4983675,1.0155189,0.6102654,1.0996516,0.30060145,0.26556274,0.5937187,0.1556142,0.5233511,0.32979557,1.5812291,0.5810069,0.40739903,0.5903068,1.8286525,1.4763023,0.24578701,1.8548678,2.4382145,2.0485363,1.2209015,1.4968365,0.3748581,0.5766278,1.8170676,0.6051524,0.05688099,0.5056536,0.6037709,1.7272111,0.97704375,0.8043138,1.1662401,0.23356147,1.5667963,0.33451024,0.79026335,0.8104541,0.8227318,0.40140808,0.19240554,0.26194602,0.8731907,1.1396413,0.006092007,1.6206955,2.3323019,0.8547712,1.3253138,1.7204188,1.6029096,1.2787905,1.7973243,1.045197,0.17187834,1.147306,1.6530836,2.1151621,0.4190567,1.136734,0.091355786,4.137221,1.9451985,0.74358773,0.016434425,1.6503522,0.061511457,0.6802556,0.03423011,0.21094596,0.5030004,1.3355273,0.84446234,0.415512,1.3016644,0.4823768,0.067015916,0.5384377,0.3498143,0.33251616,0.46597573,1.8463888,0.84948575,0.079117686,0.30695292,1.42686,0.39702025,0.5708679,1.8063351,0.49771258,0.19886748,0.010573193,0.1346225,0.626434,1.4220576,1.6955159,0.61549366,0.21187587,3.292039,0.02157755,1.2508737,0.93821853,0.61508876,0.4826538,0.1796854,1.111022,1.26937,0.46676514,2.020888,0.85447574,1.3074241,1.0606691,0.24906938,2.718487,0.29295927,3.0644941,2.8005533,1.009191,1.3356572,0.9881434,3.4021204,1.928998,0.40567526,0.32248622,1.7280294,0.79164815,0.04381601,0.47357285,0.76659787,0.26372954,0.9160751,0.506366,0.57354367,0.39706933,1.6622947,0.6033297,1.3906306,0.61145145,2.1927052,0.7902352,2.2098362,0.56351906,1.048402,1.4306506,0.68551695,0.010621564,1.0350391,0.75236,0.23173259,0.2681317,0.16130924,2.0463264,0.6443367,0.4967322,0.4378135,1.4879918,1.668656,3.097698,1.3617175,0.484069,1.2229779,1.1043805,1.3128204,1.6702104,0.12844527,2.908621,1.3579434,0.11124211,0.10483195,0.60986966,0.3497611,1.095228,0.5418637,0.5109458,0.033224475,1.5426078,0.6606723,1.392771,4.303256,1.5461655,0.89154917,0.18981412,0.31639585,0.17890589,0.17856014,0.66898,0.71356714,0.2875603,1.4778209,0.1040569,2.204158,0.0,1.6988747,0.3954211,1.5765584,0.2870251,0.92720014,0.8334402,0.28839305,0.76368153,1.4821576,1.2458636,0.32360226,1.0501559,0.56481194,1.0847161,1.6983548,0.030615473,0.046369728,0.655686,1.9078972,0.6088898,1.2713462,1.6428151,0.59572864,0.27200133,0.6627865,0.09544021,0.9036125,1.6524192,0.69018584,0.0151348375,0.23351638,1.8010923,1.6723341,0.59713405,0.90610635,0.9238715,0.14708567,0.16190632,0.33323693,1.3347956,0.02625151,0.76449585,0.8021615,0.31196752,0.31528887,0.20465656,0.1344365,0.3766425,0.19366208,0.22814044,0.23879677,0.8439611,0.47812036,1.2713058,3.3327997,3.097812,0.64246327,0.49592683,0.42696837,1.0460534,3.324685,0.45488963,0.6268193,0.33219936,2.3215804,0.8611866,0.3939901,1.4424506,0.30371317,1.226046,0.5785481,0.69712096,0.5395182,0.17854051,0.5923821,1.2300551,0.28358793,1.2729565,2.2109244,1.5343246,0.027430441,0.7053928,1.5053047,0.42803323,0.5008909,0.1739923,0.41848627,0.78726995,0.123761386,0.92064244,1.3385854,0.4454868,0.06589783,3.887504,0.35053304,0.07496931,0.23480009,0.34885678,1.2757301,0.9095122,0.3260969,1.0200852,3.5269136,0.5390394,2.1034396,0.039410893,0.18553323,0.33560276,1.2459347,1.3195307,0.80303425,0.37297082,0.8733508,0.41090485,0.46547693,3.589199,1.9467636,1.9154495,3.863919,0.12818225,2.0458627,0.07439036,0.09638422,1.3074147,1.6608114,0.83269304,0.013766208,1.1964674,1.496782,3.0833328,0.7014814,0.045222115,0.30532125,0.59935206,1.2342135,1.016747,0.19986741,0.12781073,0.5400365,1.3434314,0.103038706,0.915991,2.983133,1.3683141,0.450505,1.4480052,0.4575525,2.3189192,0.0069773863,2.7731516,0.54349756,0.65783876,0.32426873,0.9992204,0.6103621,0.6250259,1.097618,2.4935024,0.5991742,0.7195407,1.4452033,0.32687384,0.63827646,1.5266185,0.47935182,0.96235895,1.1150607,0.22973037,1.1621308,0.20073916,0.7206503,1.6539316,0.057264376,0.21996266,0.96565944,1.3944501,0.8178314,0.51142293,0.14036235,1.4207797,0.20612946,0.3542122,1.1598264,0.62898034,0.723216,0.7797972,0.09525428,0.10876714,0.44570807,2.172386,2.4848366,0.9821333,0.090088226,2.4968395,2.295547,0.9617479,1.9276512,0.38994822,2.1973226,0.4767333,1.0530257,0.50525695,0.5609716,0.22157812,0.40540347,1.0200375,1.0386556,0.9530065,1.0681304,0.00076331245,0.08780076,0.48723298,0.2583951,1.2240906,1.1936016,0.47930926,0.55738163,1.1462314,1.2025378,0.03903555,1.4987534,0.9448396,1.4253296,0.5028328,0.31699282,4.0547466,2.2224503,2.5260653,3.4038048,3.1116083,0.32176223,2.1075323,1.1458058,1.3810945,1.6426643,0.09352244,1.2147471,1.1214244,1.3662295,2.3381002,2.531054,0.29873988,0.5698713,0.28821847,0.082024835,1.152302,0.8139824,0.43271014,0.8105821,1.3707473,0.030707331,0.9901934,0.36412728,0.6872043,2.2228723,0.10915261,0.35211137,0.23995072,2.5376256,0.7535194,1.6113337,2.1302881,1.4531428,0.86597043,0.22267886,1.2794746,2.2118442,0.34795818,0.6194024,0.67233664,0.3677122,0.6782469,0.008646856,1.6329203,1.9273357,1.7875301,1.3386378,0.6725418,0.11454325,0.4277129,0.8964238,0.58539224,0.9126812,0.68566763,0.75098324,2.0133548,2.0294783,0.29221874,1.7726874,0.18308875,1.0691218,1.0092173,1.1632642,2.522286,0.4213709,0.77192444,1.7723093,0.96794075,0.029057965,0.37533092,0.64498746,1.4081792,0.009181334,1.3467989,0.61997783,0.12212334,2.5127568,1.6428335,1.1279446,0.5096196,0.068210915,0.2122819,1.1757797,0.081497855,1.9402035,1.3283951,1.4480428,all_pothole_images\pothole_images_new_image_139.jpg
0.5808633,2.5405438,1.0322596,1.7527621,0.9836189,1.0717173,0.22152463,0.09356881,0.21060404,0.61456144,0.26802427,0.15730445,0.24350439,0.5825493,1.3388458,0.5679242,0.41756612,0.027942603,0.1380794,0.15993737,0.09503133,2.1968226,0.9276783,2.0544448,0.29927972,0.022501897,0.11002035,1.1434002,0.41814148,1.0363624,1.8244,0.5449553,1.1461252,0.5518514,0.652189,0.7545909,1.6643455,0.41458938,0.16964594,0.617544,0.48885632,0.2150579,0.27200386,1.3597008,2.1834996,0.032600977,0.43248016,0.5304422,0.6403091,0.1900381,0.11162204,0.26679742,0.23262517,0.40914604,0.08273838,0.43551922,2.4139576,0.0020995734,0.57446414,0.4378231,0.0,0.44021988,0.771811,0.37876034,0.08725622,0.34588534,0.487636,0.12619498,0.12243004,0.102241464,0.21424098,0.106631294,0.38378605,0.6130791,0.10889446,1.8296615,0.098554246,0.29701033,0.06946662,0.61824036,0.04510092,0.87073094,0.024315104,2.1479657,0.5783278,0.72909635,0.20064773,0.0,4.276845,0.32915777,0.05209084,0.2859444,0.119966425,0.06909936,0.7171283,0.21104799,0.7013629,0.9875566,0.009355619,0.13000472,0.05277392,0.9492277,0.83058274,0.013272591,1.0021588,0.010541015,0.09049604,0.12577225,0.38917065,0.56898195,0.05527724,4.548465,1.0544528,0.09758661,0.3205804,0.59352505,2.1243882,0.0019289334,1.1727699,0.776505,1.0103645,0.7327063,0.14985213,0.88033706,0.20558573,1.062742,1.0008094,0.5765297,0.5960442,0.3168578,0.67119277,0.12845157,0.49390897,0.0,0.44299737,0.85196465,0.11085981,0.14735991,0.25339514,0.058414068,0.15205476,0.04492433,0.029538933,0.9996361,0.06374223,0.6092683,0.25427276,0.71949464,0.06972304,0.4153167,1.2515184,0.19535398,0.9816108,0.016354544,2.0497074,0.35056114,0.12622212,0.26665056,0.9410543,0.040875856,0.9971499,0.6744116,0.14448717,2.5435343,0.15208992,0.49855396,0.65344936,0.039520834,1.0848718,0.30943412,0.0,0.13624161,0.088546194,0.27283713,1.0084286,0.25886127,0.57206523,0.0,0.068321705,0.26482528,0.005424492,1.0360435,0.7837036,1.2658374,1.8811414,0.2730636,0.04139155,0.705856,0.46527946,0.71221197,0.26497972,0.3263957,0.051068224,1.4840149,0.5892803,0.0078253895,0.61894697,1.8480853,0.67881066,1.0866156,0.1364256,0.79138774,0.06348382,0.18321425,0.35215554,0.74405473,0.37410435,0.010348811,1.6222678,0.065605186,0.22397342,0.20931765,0.76736844,1.9598831,0.93235356,1.959578,0.4022089,0.15808137,2.5948715,0.15329815,1.1053225,0.0,0.43845055,2.1128483,0.07690599,0.7517573,2.3351347,0.18050475,1.2860161,0.13125592,0.1370559,0.19395113,0.5034084,0.04422409,0.7609203,0.114311926,1.3245506,0.120545745,0.15746829,0.3032329,1.5852541,0.3251412,0.8550974,0.2582548,0.0,0.0,1.4642705,0.0,0.29047623,2.8316412,1.068453,0.47135124,0.24332564,0.42099583,0.39280707,0.047586907,1.0565935,0.24936594,0.5393496,2.7805328,0.00965353,0.046176266,0.63597083,0.6171779,1.0926701,0.89907944,0.06728112,1.076014,3.8819366,0.35221717,0.59300196,0.017352266,0.020929992,0.76994354,0.62160283,1.3022858,1.1476212,0.27494,0.28927776,0.31958202,0.12410957,0.57417446,0.06762206,1.1056546,0.59808064,0.34563813,0.35806862,0.3992578,1.5388118,0.33938754,0.3225596,0.35701868,0.06212117,1.6747468,0.058257405,0.5466697,0.35518092,0.32803655,0.660862,0.16854936,0.040615756,0.21151264,0.10477379,0.620649,6.254668,0.3785827,0.32600597,0.9805934,0.32271743,0.22413336,0.057967253,1.3081756,7.432089,0.63763803,0.09812676,1.4866648,0.018706791,0.48731142,0.9945747,0.44287306,1.0192796,0.077067025,0.0,0.4597063,0.09017691,1.332607,1.2715904,0.31499317,0.6271571,0.51330745,5.2292814,0.19439502,0.111555606,0.17883033,0.05060476,0.28806907,0.7299737,0.001558354,0.36243275,0.12622632,1.2045728,1.2316601,1.3233002,0.0,0.64823747,0.10106128,0.5210274,0.0017802756,0.17588495,0.3602028,0.664313,0.6215795,0.2207006,0.764054,0.30994126,0.1142931,0.446724,0.068194106,0.04515235,0.5053063,0.016504813,0.54689854,0.56652176,0.6604399,0.040181827,1.2823249,0.9163072,0.28948343,0.80111897,0.20880446,0.11105579,0.8589285,0.38246882,0.07808028,0.91718477,0.039488878,0.5246186,0.3437918,0.0,0.32894897,0.06057088,0.16207933,1.0069083,1.9175111,3.9281423,0.3497971,2.3372188,0.10456796,0.3173458,2.0088723,0.69879943,2.8036025,0.10354415,0.06699648,0.0065188673,0.28942597,0.46645603,0.37810966,0.10185246,0.022473311,0.7271762,0.65224254,0.57430506,1.2080983,0.264876,0.027799105,0.7668968,0.56978315,0.013527697,0.57509863,0.1232423,0.075767994,0.5319875,0.3430949,0.034917496,0.29402727,1.044222,0.28552544,0.27675825,0.011288077,0.80038357,0.59468025,1.3893839,2.118962,2.1103497,0.41962367,1.2306867,1.3839525,0.46999097,0.9467812,0.86762416,0.7380733,0.033961486,0.54694796,0.086666465,5.0938907,0.5950747,0.20009018,0.24655381,1.4699503,0.19352894,0.24242325,0.07134753,0.24289173,0.38842484,0.0,2.1606662,0.48338464,0.7067802,0.1447164,1.7301794,0.50832987,2.1104069,0.88548046,1.0835619,0.52312726,3.1528516,1.0816218,0.5993688,1.0320405,0.9597337,0.029090565,0.72373414,0.0025533936,0.5086089,0.47185242,0.14912921,0.0,0.2991976,2.5508275,1.3623078,0.03902531,0.17197904,0.44939655,0.39755824,0.3637666,0.0,1.1685675,0.448891,0.90357184,0.83227646,2.6833344,1.4244657,0.5565262,0.0015060573,0.71869683,2.6906276,0.336827,0.89558625,0.2131564,0.15353751,1.6363083,0.17704886,0.00022448502,0.0,0.44939646,0.34053662,0.09809049,0.0,0.020250384,0.062628776,5.786291,1.1094134,0.24982074,0.78625745,0.7833308,0.0,1.0497876,0.24154417,0.5810968,0.21928892,0.1698931,all_pothole_images\pothole_images_new_image_14.jpg
0.96694803,0.45941505,0.3957755,1.8590156,0.073266715,0.033015728,0.31718418,0.03633412,0.35127428,1.5377493,1.0257987,0.9930077,0.7887492,0.62308455,0.03413879,0.69832313,0.11477458,0.73965234,0.3703296,0.0,0.9283433,1.2921861,0.15107533,0.40259087,0.5568541,0.7269634,0.8208438,1.6688894,0.17155185,0.62992245,0.4230892,0.13719018,0.40404898,0.4112646,0.120829456,0.80049765,0.4533051,1.5646967,2.1476088,0.2187647,0.033430204,0.5858145,0.38714513,1.5303615,0.7522386,0.008527507,0.23972149,0.04271722,1.0210705,0.2032944,0.24800047,0.18712738,0.16330911,0.0,0.004994907,1.4250448,0.46148035,0.19886538,0.9372727,0.63350624,0.12999262,0.37277588,0.23805189,0.26315033,0.7841732,1.6658337,0.264119,0.16556521,0.51303035,0.16699499,0.08448239,1.1536238,0.16974336,0.32541403,0.31521803,0.29062042,0.3858925,0.3504835,0.0,0.076162316,0.7937263,0.09320416,0.034678698,1.1457876,0.773438,0.24290131,0.2560864,0.743844,1.6565369,1.0046962,0.08588687,0.50556374,0.26923886,0.31323132,0.4511013,0.19176607,2.49422,0.9710704,0.8291892,0.5836199,0.12948622,0.0,0.7474493,1.4304875,0.8521864,0.21096535,0.072746165,0.09579018,0.5127372,0.2696216,0.0,2.1433592,0.924691,0.09265872,0.10543573,0.2872182,0.8196789,0.6882679,0.6808966,0.83628595,0.645252,0.21176271,0.08396215,0.30508655,0.27586767,0.14102484,0.63055277,0.17888874,1.0942065,0.13652356,0.34905425,0.45066434,0.42920074,0.042969964,0.048503328,0.6287992,0.114048906,0.9793107,0.9570921,0.004215557,0.01334633,0.5172291,0.028044907,0.8770292,0.08411879,1.7676387,0.2940524,0.117826276,0.7658203,0.62577665,0.35037068,0.99942935,0.0,0.45991927,1.105454,0.4046771,0.03973088,0.14260794,0.5681762,0.58903956,0.74054724,2.222573,0.06586718,3.9923356,0.31726542,0.80041516,0.6173696,0.0783064,0.2624966,0.6030644,0.32882085,0.25893113,0.053675167,0.21197008,0.051169675,0.0019044142,0.24468493,0.00025712734,1.4417526,0.64412487,0.051466484,1.6889738,0.7475278,0.26806778,3.0074167,0.34326378,0.099673405,2.8159857,0.75872445,0.5643085,0.82817125,0.5191969,0.031964105,1.8158368,0.02530462,0.15601857,1.0882903,2.0995479,1.3500676,0.10512048,0.036893245,1.9812406,0.42065403,0.5694571,1.4773005,0.4151763,0.08012052,0.61767966,0.7344544,0.56086946,0.010371125,0.062434185,1.488921,0.073997766,1.5274564,1.2445562,0.15308054,0.124844156,0.2008439,0.43179807,1.5734967,1.2848344,0.99196,0.9287417,0.2801261,1.1525372,0.759074,0.0,0.88398117,0.5877126,0.0071019274,0.7573421,0.18179248,0.12155124,0.13760057,0.26311442,2.1809554,0.052588608,0.12958854,0.4584071,0.360266,0.58061713,0.05588821,0.05259093,0.15866199,0.09766129,0.4854562,0.06852731,1.3910444,4.7831097,0.71938354,0.035964727,0.6239222,1.1994681,0.0018029811,0.31722495,1.1884631,2.08662,0.11451608,1.5842677,0.21665013,0.049492,0.30333275,0.83506477,0.37719318,0.8132126,1.2267954,1.8151566,1.0927825,0.03580834,0.82277614,0.27144876,0.0027735564,0.7539641,2.5771055,1.6944557,0.4987526,0.10055893,0.017437357,0.5849743,0.47176275,0.49574348,0.69429266,0.081802055,0.08389682,0.51508564,0.95850575,0.23827696,1.5453248,0.7800294,0.13408561,0.008294832,0.5402408,0.5978293,0.8755181,0.010681435,1.1368893,2.3471303,0.19366853,1.3732678,0.97603184,1.3426816,0.028007936,0.6414592,4.808352,0.30039093,0.2968337,0.8669958,0.2086902,0.098855145,0.770438,0.7671354,3.010551,0.8485196,0.3182285,0.80307364,0.39171886,1.4088502,3.0848296,0.5149578,1.3809727,0.39577284,0.51658905,0.017447937,0.45480105,0.20438537,0.39183876,0.06809277,1.0993451,0.15432915,3.109768,0.094069146,0.13657367,0.2767585,0.26166245,0.021798499,1.7605553,1.699342,0.11040106,0.5491424,0.045661576,0.33181942,0.6278516,1.5603741,0.22822705,1.2711178,0.032083165,0.229061,0.078343615,0.9137551,0.43767834,0.6731781,0.4744255,0.026463939,0.10006234,0.0,0.06494909,0.9040493,0.0,0.326907,0.08303202,0.252079,1.0519599,0.77517647,0.07512588,0.026194843,1.5822165,0.12376565,0.31455258,0.0016053355,1.7023796,0.8499097,0.36030462,0.0069119968,0.26515037,0.112175606,0.028572198,0.058826312,0.47155583,0.608886,0.5766716,0.02389672,0.5576269,0.87693775,1.8251984,0.79916877,1.1426839,0.0,0.06682116,1.7471684,1.333681,1.0441854,0.5967896,0.2653763,0.63376707,0.24218649,0.25806978,0.41868582,0.8277528,0.013782501,3.7886882,0.9146968,0.20574749,0.2954057,0.5966129,0.09148979,0.32904065,1.69477,0.05502684,0.109534174,0.8741379,1.3774753,0.84681857,0.6464283,0.0,0.02042731,0.048571303,0.71967643,0.24489468,0.29095218,1.8009826,0.7995598,1.380098,1.4173377,1.1831715,0.12672944,0.55792147,0.4404464,0.22396624,0.34869727,0.013613063,0.5149666,0.34509206,1.074451,0.02170281,1.7088152,1.7573951,1.3153946,0.85233074,0.38474527,0.31604376,1.3410168,0.21006355,0.32081133,0.025826946,0.030431923,0.08622418,0.18091597,0.17326316,0.6386223,2.062982,0.32330424,0.40856615,1.7363241,0.6818454,1.8387678,0.46058154,0.79774845,0.68422014,0.90025824,0.61305207,0.07983886,1.3535863,0.0,0.110178456,0.44497642,0.29354864,0.061826333,0.045334823,0.5193692,0.36408538,1.4006634,0.11372978,0.12272937,0.3730601,0.37089872,1.1115266,0.7853149,0.5066727,0.16326751,0.75149924,2.3240075,0.64824754,0.16446827,0.005010386,0.83560616,1.2570137,0.037403826,1.0907447,0.0,0.7571389,0.05296825,0.47925618,0.68194413,0.0,0.031203687,0.10421952,0.15800542,0.0013245587,0.27590993,1.0235267,3.3612533,0.44557193,0.42105833,0.6528428,0.88440406,0.5172835,0.6097407,0.6271229,1.2644365,0.4616131,0.8437148,all_pothole_images\pothole_images_new_image_140.jpg
3.2948608,1.4289746,0.24244699,1.5825322,0.8069788,1.49142,0.26573387,0.0,1.1927177,0.4065287,0.26706782,0.24209869,0.210883,3.2540224,0.83074623,0.3941268,0.13958679,0.3128137,0.82045853,0.28779584,1.1345814,1.8784426,1.2577549,0.7700402,1.7043678,0.61953974,0.64863974,1.2374479,0.13855551,0.53965175,0.152123,0.5400695,0.8391582,0.15255663,0.4793001,0.18643449,1.6816633,1.0568798,0.90157306,0.14746948,0.1805307,0.3829495,0.72778225,1.4840903,0.31979185,0.28645158,0.043966107,0.22150312,1.5010463,0.910378,1.151801,0.07857383,0.42728743,0.09957842,0.03705019,0.28834802,0.7386798,0.11551708,0.26889607,0.84712964,0.11008422,0.062420756,1.3678486,1.5648447,1.3574128,0.04653441,0.7789697,0.037779897,0.11066184,0.27713388,1.1171582,0.5791487,0.3259138,0.7999345,0.5528437,0.487409,1.8057709,0.94342524,0.39374667,0.057204157,0.9256514,1.0788556,0.3499165,1.6688908,0.2526595,0.7546561,0.2179317,0.022563282,1.4716351,0.0,0.5634661,0.48388648,0.57012904,1.1973394,0.4020157,0.09774003,0.69081736,0.22868076,0.024122719,0.2643507,0.17559296,0.36004668,1.9713296,0.08564885,0.17873856,0.74099964,0.6568665,0.09544306,0.032126654,0.89154595,0.5957393,1.9769177,1.2146372,0.0024619221,0.58322406,1.2372619,2.3191102,0.42857718,0.8234263,1.3090136,0.58228576,0.12574844,2.7147968,0.21980177,0.25788283,0.20656377,0.0014687849,0.41347757,1.3380066,2.0087967,1.8588976,1.1476594,0.47158736,0.18905267,0.0572825,1.4118892,0.9624353,0.12783235,2.7079585,0.23137575,1.256807,0.5602999,0.32029814,2.3906085,0.9233227,0.268004,0.69704497,0.17091046,0.27258956,0.74279255,0.5283319,0.67526805,0.2552301,0.7984091,1.0550078,2.086474,0.56725806,0.74757034,0.60010743,0.72162473,0.61555755,0.2778579,0.92511714,0.5783476,0.7518631,0.037879933,1.0888653,3.192442,0.37753808,0.94274384,1.2003208,0.05217375,0.045674957,1.7911255,0.008111956,0.6657514,3.6633127,0.299923,0.51566887,1.3362447,0.05293907,1.1709797,1.1860929,0.84416866,2.6203694,0.7309033,1.3641042,0.36145836,0.22348718,0.07675301,2.2279127,0.20745364,0.3689288,0.16940354,0.39017653,0.8767525,0.76835,0.4610147,1.9732612,0.72237444,0.2117992,0.2119785,0.93713903,0.764994,0.335441,2.3706062,0.19176295,1.6322356,0.42131144,0.023239145,0.92399645,0.25410655,1.077177,1.8256549,0.6971762,0.50533813,0.66173613,0.016847784,0.6442454,0.6687904,0.7514493,0.060499817,0.29312894,0.5792625,0.0,0.953116,1.240935,0.7210477,2.6851473,1.2615343,0.29946294,0.55650103,0.18373708,0.5051723,0.3809285,0.39958477,0.6585005,0.714927,0.20391841,0.39108613,1.0025539,0.027701149,1.2661855,0.19752352,0.11168938,0.049451116,0.924817,0.7857112,0.89174604,2.4876704,0.08614926,0.072479665,0.23776416,1.156576,0.022262482,0.6349382,2.3222365,1.1907219,0.17658763,1.8992465,1.7320609,3.3756647,0.6158659,0.20926514,0.42730916,0.63383853,0.09916366,0.87200695,0.8413793,2.9622161,0.04779535,0.39229715,0.58523923,0.02776662,0.03320637,0.3942328,0.46937916,0.39450365,2.7877898,0.14201447,0.24144445,0.8698125,0.89169604,0.077075206,0.80415887,0.51230806,1.1561233,1.4383678,2.0204566,0.4818875,0.055659898,1.2640787,0.58987767,0.21443489,0.119730026,1.5453372,0.6853116,0.48197517,0.7753131,1.4426149,0.7400244,0.32255268,0.021691322,0.09541334,5.2310205,0.5478137,0.33909076,0.6840976,0.9024031,0.03209179,0.34021905,0.34482783,3.986442,1.06032,0.01008083,0.10535045,0.1880386,0.29182434,2.2107651,1.0222532,0.08176603,0.27095708,0.9109081,1.1751974,0.49335977,0.002241455,2.406723,2.2143283,0.28560758,1.5683708,3.7426677,1.0431768,0.27023122,1.6385981,0.10157059,1.4255373,1.7243525,1.6841975,0.41534504,0.20957038,0.3307189,0.9291385,2.082621,0.54958063,0.14938362,0.039791588,0.13214704,0.5314594,1.8589814,0.6983892,0.017476683,0.41754588,0.39509407,0.5198703,1.1705842,0.22862886,1.3874257,1.1232541,0.2810333,0.75279653,0.9657809,0.34175706,0.41597748,0.19061115,0.9064336,0.018580465,0.6633594,2.343281,0.48057136,0.11200086,0.5897902,0.050856434,0.89583665,0.30114132,0.78147817,0.6496463,0.14239924,0.8874944,0.5557616,0.2977554,0.89850247,0.019342903,1.1440116,0.78874975,2.6244142,0.2567073,3.985525,0.7569423,0.44121477,2.0999236,1.3508817,0.127289,0.53442496,0.35717827,1.0495199,0.16369037,0.57353145,0.3776759,0.5573296,0.16023421,2.0066803,0.5480697,0.061749272,1.5109673,1.2725004,0.37825525,1.0291275,0.96964777,1.4346346,0.35654092,0.046106085,0.13969697,0.5313704,0.39402243,0.20456107,1.1382438,0.053277846,1.7093536,0.06526978,0.11656569,2.1312907,0.76260185,0.45332825,0.7588074,0.16296317,1.6372391,0.15589754,4.417088,0.14679985,0.93363076,0.13464333,1.7494824,0.32531726,0.7126801,0.80767363,0.994059,0.3579763,0.7104118,0.06249378,0.15749277,1.0408757,0.28304762,0.075868525,0.049085904,0.14389172,1.7098849,3.0964305,0.04517927,0.653996,0.4236645,1.4598379,0.9288241,0.64438194,1.0759249,0.24775401,0.042549115,1.0799768,0.13897765,0.20571978,0.42706585,2.400167,0.64839846,1.3241493,0.0077954163,0.14513245,0.34526762,0.0954045,0.6153946,0.008682874,0.9106927,0.055714197,0.65841675,0.8344252,1.0593394,0.8588044,0.04051423,0.9422141,0.59437126,0.8084617,0.6997122,0.20774648,2.3945038,0.20285326,0.351081,0.27059388,0.39586288,0.6199716,0.5718409,0.7138765,0.5064471,0.6944982,0.3901853,0.9272987,0.54527473,0.0,0.17017332,0.20807095,0.45387205,0.07892214,0.2736232,0.81348467,2.144738,1.0299761,0.70558053,0.20860805,0.20238273,0.872394,0.47443953,0.095336445,1.4839839,0.011741023,0.35341287,all_pothole_images\pothole_images_new_image_141.jpg
1.2447201,0.95120186,0.5903143,0.47752512,1.1945224,0.43407494,1.339561,0.019585505,0.2782862,0.20928428,0.0,1.6466631,0.01969592,0.28830153,0.43289387,0.3981116,0.32910234,0.21830848,0.03613187,0.3254927,0.18466863,0.17783473,2.514794,0.8987906,0.47157535,0.1650197,0.17994641,0.33365053,0.0,0.77976084,0.35906404,0.0,2.3507602,0.5025567,0.55656683,0.010251387,0.15522416,0.69670117,0.422276,0.05272685,0.13652103,2.0408876,0.24681483,0.37148997,0.17792052,0.42593205,1.1761189,0.67791903,0.0025741353,0.83061683,0.82117903,0.40828884,0.5265808,0.05559205,0.5964976,0.14024653,0.81080616,0.07778475,0.07677555,0.5582118,0.37340474,0.08204629,0.21690422,0.79573274,1.5952189,0.59056956,0.32324955,0.44305065,0.34704176,0.15562154,0.41992968,0.027349101,0.48701012,0.70739913,0.28192258,0.1354075,0.019824946,0.50889635,0.004504992,0.01098818,0.26715857,1.1795717,0.64984995,0.5087674,0.21729115,1.2966176,0.20813905,0.6409108,0.93864906,0.025734633,0.35661128,1.1713072,0.56688935,0.25312287,0.50384486,0.25339887,0.55040044,0.42447466,0.28977948,0.27329978,0.077660695,1.3555087,1.0776253,0.13766076,1.4150232,0.19616905,0.70673865,1.4667486,0.036695484,0.7773285,0.7372452,0.6442254,0.97342455,0.5589559,0.7991568,0.8270136,0.76650643,2.7861216,0.56769747,0.8497643,1.9110957,0.15856491,0.57706696,0.62575316,0.19178048,0.16151549,1.1283265,2.954601,0.27320045,0.0616424,0.16354448,0.11160334,0.073595226,0.19383305,0.083048984,1.0678684,0.031458106,0.27322417,0.55698013,0.51887804,0.41245207,0.21369289,1.2659059,2.0278986,0.7551628,1.1053716,0.7213468,0.37581193,0.44830063,0.44018853,1.2618669,0.5959418,0.35220274,1.4631709,0.21892205,0.94099987,1.3501693,0.5116317,0.77295935,0.7382795,0.40110958,0.009959135,0.0014712287,5.6676097,2.6408527,0.2111193,0.0103455605,0.6748433,0.04684668,0.16533759,0.25188094,0.09025505,0.0,0.13863419,0.63765204,0.059625488,0.5588643,0.03146779,0.48595467,0.39892048,0.14911084,1.0648506,0.833106,0.7150401,1.2820978,0.010151457,0.05697322,1.4272639,0.72904825,0.5345507,0.6732606,0.011165497,0.22556947,0.3219799,0.07197289,0.8282029,0.23234782,0.97548836,0.585512,0.12817334,0.54517335,0.24005014,0.1332849,0.69931513,0.3690673,1.2712939,1.2089779,0.70937395,1.186045,0.9563656,0.07043697,0.29522943,0.094638534,0.33411193,0.21277077,1.0818174,0.1866534,0.06555155,0.4158967,0.103035524,0.323961,0.4074032,0.038132768,0.047055054,0.25045788,1.7301428,2.3336089,0.74562734,0.7375433,0.3929072,1.3483949,0.62984616,0.4898522,0.39444762,1.2957584,0.018611457,1.7056572,0.9682377,1.1134958,0.19985332,0.2985315,0.37053135,0.0,0.55506945,0.31037652,0.055845723,0.4217652,0.5826476,0.28476867,0.3211475,0.2272364,0.61817294,0.25543225,0.1614869,0.1634826,0.6004069,0.010254485,0.16590147,0.47593868,2.0808866,0.7030844,1.3494471,0.2878508,0.69877476,0.7373084,1.0632368,0.0058440017,0.13632771,1.1829088,0.36358678,0.1447112,0.645397,0.0,0.24263512,0.002051146,2.4954422,0.65203625,1.4164441,0.46140257,0.90326333,0.24981044,0.43800658,2.1272535,0.22115059,0.31801802,0.10458372,0.62980306,0.10335974,0.59825844,0.07783196,0.37591222,0.107204705,0.7156601,1.1148574,0.28917032,0.99784195,1.4140407,0.08816265,0.4121361,0.10547094,3.2610068,0.02991892,1.594599,0.8810272,1.6893073,0.5395058,0.24722141,0.117619626,0.16940774,0.25701568,0.06492357,1.5686567,1.0174779,3.3639507,0.12535247,0.07229158,0.07643734,0.7412291,0.48466024,0.045342144,1.9471492,0.24684179,0.493592,0.27571523,1.0569464,0.74615836,0.15146074,0.56567264,0.5969087,0.07687115,2.0453649,0.3356208,0.0060092746,0.5670255,0.44041798,0.4254911,0.18107437,0.50574535,1.9241111,0.5222449,0.52161,0.38479614,0.5841434,1.2903665,0.07988047,0.08805731,0.37737012,0.5222563,0.94491684,0.10529115,0.2866313,0.7342436,0.25894904,0.3099463,0.08997623,0.15313736,0.59653586,1.5994503,0.2228954,0.16887525,0.50604904,0.43118158,0.3188184,0.650293,0.02290716,0.10510938,0.47215885,0.47007152,0.7408845,0.2702348,1.0220174,1.0758489,0.9028364,1.3737957,1.6948833,0.5226471,0.81426656,1.2637116,0.4321726,1.5149566,0.9189558,0.0,0.18248188,0.8141122,0.6187462,0.008196788,3.6411173,0.49546656,0.014842559,0.15667193,0.027715232,1.2402295,0.049448118,0.16100813,1.5928652,0.058789477,1.3273016,1.4999211,0.108431056,0.7030434,0.7791383,0.43395543,1.4073384,0.032531522,1.6511393,0.1390105,1.3335266,0.0,0.8036312,0.43287534,0.46723282,0.10452397,0.18635781,0.3893826,0.64691824,0.5525585,1.1466329,0.3038221,1.1055956,0.16686602,0.34159815,1.6674571,1.692909,0.07383904,3.0485682,1.3030075,0.041165423,0.33450022,0.90997756,0.43322888,0.27606106,1.0989674,0.1978311,1.935153,0.1956554,0.18903746,0.91724735,0.49223983,0.28466102,1.3539541,0.47875476,0.10483495,0.023276499,0.4175722,0.12613346,0.7715389,0.49604556,1.3848233,0.044945136,1.4234875,0.56196004,0.23174663,0.48423463,0.8287856,0.632769,0.0702183,0.48087573,0.033244215,1.135115,0.65711546,1.7678405,0.82198334,0.32892975,0.8529128,0.5799571,0.065308236,0.03299699,0.08622189,0.43445027,1.4217038,0.9250816,0.48256382,0.17377907,1.2988372,3.0274913,0.03479958,0.54936457,0.80451745,0.36425737,0.122673735,0.30609044,0.9098787,2.7723014,0.5278314,0.90214205,0.5246457,1.0385798,0.1684013,0.1706194,0.3826896,0.16219935,0.0,0.7556396,0.9713219,1.2176664,0.22661962,1.1661127,0.06992137,1.1468755,0.57886666,1.5356681,3.105643,0.23386315,0.01811199,0.090613306,1.5899521,0.2712434,0.15353948,0.12219885,0.3126117,0.012423749,0.62350017,all_pothole_images\pothole_images_new_image_142.jpg
2.3348565,2.6213343,2.0323954,0.7415978,0.6198635,1.1021422,2.801617,1.8463222,1.5088557,0.09804091,0.40113232,0.40652007,1.6292614,2.077813,0.30156216,0.24732094,0.4424511,0.47005826,0.18218982,0.031261444,0.8636022,0.85519373,0.28674883,1.5484504,2.2740133,3.0832543,1.3181037,1.3138154,1.3410996,0.0031958532,0.122281015,0.7400536,1.9693315,0.22050433,0.28317842,1.1387204,0.5306433,0.2068586,0.35686967,0.88365096,0.043498322,1.269344,0.6640712,0.20093071,1.4519668,1.6216259,0.45380133,0.35770443,0.03585717,0.16815528,0.34814936,0.955051,0.36906305,0.5665027,0.03239624,0.50594515,2.7692344,0.025429077,0.53248423,2.531312,0.025585582,0.10935283,2.4542053,0.9690135,1.0775416,1.1984206,0.1234115,0.005421868,0.0028494834,0.020561166,0.19327393,0.105268955,0.035346285,0.3224648,0.16322227,0.3104906,0.8320128,0.42827937,0.14595364,1.5599458,0.5328006,0.0077428287,0.9658422,1.6304932,1.5013152,3.5837028,0.24106961,0.0056732055,1.8845562,0.7561742,0.33999246,0.24293473,1.213492,0.28737462,2.972402,1.4349834,0.5976062,0.7890786,0.461026,1.4626427,0.48306918,1.4815989,1.2557384,1.7895757,1.0135372,0.9177873,0.9509456,4.72011,0.3875894,1.4466996,0.8560604,3.9271102,1.8257817,0.94074744,0.13000794,1.0993146,1.4534342,0.08300425,0.44193235,0.6079318,0.6675192,0.0053298995,2.2819583,0.019268604,0.081668444,0.20652582,0.035897963,0.16375065,1.4222913,0.31821722,0.755441,1.4823761,0.9623399,2.3535922,0.042341568,1.4199713,0.05271062,0.3928731,0.9949802,0.0,0.2633019,0.07456495,0.0,1.3653612,1.3629457,0.29985377,0.058018785,0.17898193,0.6257711,0.3024428,0.7269547,0.25815168,0.031759743,0.11901059,1.2322552,0.70520884,0.6820836,0.36290735,1.5603245,0.7849467,1.3388948,0.5703934,0.20448661,0.053351488,0.45387796,0.19509856,0.11644005,1.7587361,1.5615598,0.17006035,1.1324304,2.3764453,0.9509202,0.51179606,1.2737199,0.5572427,5.6988635,2.9136739,0.06705046,1.7397753,0.3530045,1.5255992,3.97917,0.65185505,0.8979328,0.06746226,1.9180179,0.7470867,0.38087595,0.1925476,1.2456446,0.015910164,0.32869744,2.9251914,0.5335731,0.17347825,0.4155106,0.18287154,1.8988292,0.44031948,0.22172289,0.07100567,1.2075573,1.255223,0.13113385,2.7824569,0.11358207,0.70390713,1.3479624,0.3480222,0.7648982,1.0202445,3.017744,2.6963062,0.3575633,0.36700675,1.8639232,0.093239084,2.0680683,0.012410728,1.2058871,0.4044603,1.430792,1.3841468,0.0,0.5080929,1.7524656,1.641325,0.70072126,2.7378218,1.7448776,0.8488271,1.0948385,0.9608325,1.5870292,2.2319367,2.019962,2.34782,0.13791315,0.59933853,1.8552208,0.7371577,2.3552127,0.96851224,0.44154248,0.04848943,2.5326571,0.57252604,0.6140363,2.9344668,3.3200543,0.0,0.10553014,0.7856411,0.0040438687,0.04413708,1.2991093,0.21379969,0.7921608,1.2099901,0.27154312,3.0381954,0.21238041,0.83148426,0.0010897465,1.8487519,0.48742503,0.86326814,1.4194114,2.89223,0.015380292,0.31278527,0.33403632,0.06687137,0.0054507554,3.1960666,0.17031924,2.8354254,2.391908,2.7093358,0.13906796,1.1516694,0.0047714873,0.07883666,1.3053133,0.046680395,3.632831,0.23505321,1.3854005,0.18226251,1.8967316,0.59907,0.8772752,1.1155827,0.89232594,0.77742463,0.61834943,0.2657002,1.1206596,1.8707515,0.07668598,0.73227763,0.21182227,1.6564829,2.7469656,1.373188,0.045564357,0.18605298,0.54719454,0.062498268,0.066757165,0.4629561,2.4987125,1.5944734,0.18076327,1.1819333,0.13227363,0.5832373,1.6679003,2.2150114,0.019347457,0.27449745,1.9524292,0.28781736,0.9093158,0.75291985,1.6599411,4.0067563,0.23237264,1.3398353,3.6239069,0.73618984,0.0,0.9384705,0.0014741472,2.033911,2.8724818,1.2078474,2.2256646,0.7063644,0.13541177,0.7444606,0.86964196,0.8292185,1.2277097,0.06624499,0.08743138,0.12823029,0.32837477,1.6156837,0.07368279,1.9470277,0.5406308,0.84369993,2.2752855,0.04437208,2.8206167,0.088881664,0.3089865,0.0,1.3296337,0.5579665,0.7527852,0.17215957,0.0,0.40929297,0.95467985,1.6618353,1.0802362,1.9454271,2.6658592,0.05487728,0.17985989,0.59109217,0.103985004,0.13069773,0.057487935,3.086251,0.08348423,1.875739,0.10154235,0.12074134,0.6575415,0.7372966,4.3673997,0.13380694,4.6999817,1.1680996,0.0,2.3099954,0.3563121,0.65777284,0.2948968,0.16903554,0.98707145,1.0365332,0.62689114,0.37577844,1.5861841,0.37750423,2.677235,0.5290213,0.5700875,0.40060043,0.121913634,0.010860874,0.63659257,2.4008217,0.81199694,0.33970112,0.048550293,0.8120623,0.74692744,0.85470515,0.12138198,0.26021677,0.5594819,1.752915,0.74089915,1.2514032,0.5774882,0.69963336,0.6253595,1.6345128,0.633034,0.19210808,0.16375417,4.013988,1.7486813,0.1578158,0.8656507,1.9803154,0.09298342,0.5656695,1.1329726,2.8802862,1.800225,2.427812,1.5293326,0.22583434,1.324648,0.06260453,0.026408684,0.23145631,0.40479448,0.4917027,1.5436677,2.6755047,0.20083186,0.06741507,1.6221372,1.4883244,0.13016556,0.30526543,2.3104668,0.2788953,2.0585907,0.007579424,0.09393234,0.63856214,0.59125215,5.310567,0.94500136,0.34103206,0.62681043,0.067241825,1.3286796,0.89181644,0.048697963,0.199187,0.7291202,0.4187222,0.19317782,0.0,0.3726638,0.036129244,3.4846365,1.4684333,2.1300027,0.07575557,1.5342653,3.1999607,0.26068577,0.6798246,0.0902822,0.6690491,1.1517166,2.3074198,0.24010438,0.09507848,0.3640649,2.081223,0.0051378617,0.8518369,0.9993155,0.3689371,0.3846578,0.49748847,0.004039303,0.95122963,1.0323836,1.1765093,0.033446234,1.9564993,0.07953024,0.45591232,0.10075449,0.75255734,0.0076439073,0.21264814,2.6565027,0.08498538,all_pothole_images\pothole_images_new_image_143.jpg
0.4795047,0.36915815,0.0,2.202264,0.7543275,0.43208903,0.6199638,0.0077281836,0.01044922,0.2711303,0.9377381,1.5930445,0.119684026,1.740619,0.0,0.12496949,0.16972333,1.6334468,1.180333,0.7854345,0.96723545,0.11356044,0.16718593,0.1953446,1.0992885,0.002535668,0.5115413,1.8216107,0.021158228,0.3478985,0.62740195,0.39672866,0.069547884,0.7201315,0.19485544,2.802119,0.16464475,0.15285863,0.1909103,0.0032312367,0.14137612,0.09528774,0.8558239,2.8769567,0.241439,0.56504744,0.064606704,0.10792456,0.21154241,1.6318204,0.16729909,0.0012763045,0.016195504,0.094544135,0.31611437,1.4317901,1.41526,0.3356734,0.69969,0.27872422,0.9784584,0.2094807,0.3022397,0.3015399,1.2636452,1.2907134,0.47756007,0.21294819,0.008657126,0.019208703,0.7423231,0.35142875,0.82754606,0.053065594,1.9206275,0.06769103,1.0464752,1.0665679,0.70280534,0.7048625,0.3817241,0.36471725,0.2967808,0.4953016,0.0,0.0,0.0602902,0.086434536,1.8865485,0.48045102,0.5689794,0.114319056,0.27947137,5.5630215e-05,0.4260253,0.015919149,0.018968526,0.88692015,0.51048493,0.30077407,0.35344633,2.1438472,0.9244131,0.0,1.4463049,0.17277022,0.092324525,1.1369679,0.011434045,0.31377214,0.00023178066,0.31235868,0.86822754,0.22933766,0.9756267,0.3721162,0.3410179,0.075609684,3.3449454,0.99479425,0.64447457,0.0,0.29543373,0.07135108,0.42008504,0.8158731,0.74756306,0.64277554,0.22068135,0.45026588,0.18358475,0.111344695,0.08381778,0.07667031,1.3359691,1.3838416,1.7054181,0.3372526,0.65044147,0.0035722528,0.67797774,0.22307488,0.29957137,0.026853118,0.16362031,0.9427494,0.071760245,0.502491,1.5323713,0.22503799,0.08385395,2.21825,0.015374125,0.14162622,0.41212812,0.9823387,0.35080492,0.00942631,0.5213363,0.39224946,0.016733471,0.58389443,0.18739046,1.4615967,0.5514219,0.8713961,0.95942813,0.009952789,1.2041622,1.7743608,0.15699339,0.26111415,0.21318918,0.26647225,0.062359713,0.2800952,0.16859397,0.0,0.11836167,0.063244596,0.33375338,1.8368961,0.8757101,1.3355702,1.4215136,0.7099851,0.06708827,2.503278,0.0,0.14972351,0.0,0.3398534,0.5732771,0.7936093,0.85573655,0.34632167,2.7837424,0.06615749,1.461786,0.3626389,0.39920077,0.797963,1.3319218,0.038141456,0.28878674,0.48472077,0.38543528,0.051719617,0.6425871,0.5308937,0.046922605,0.22536196,0.5816615,0.54016024,2.3107827,2.5356948,0.0069819707,0.027978849,0.37703723,0.10895535,0.5771675,0.18333046,0.2189078,0.5826675,0.0,0.064243264,0.46005467,0.0012207506,3.4564447,1.8924451,0.0032425956,0.16242805,0.893332,0.0,0.01642421,0.036186755,2.9896042,0.0,0.022286797,0.955892,0.048912495,0.4806535,0.78564477,0.448738,0.28768006,1.062308,1.3545463,0.070857815,0.3868274,5.7968373,0.2189556,0.9559417,0.037090153,0.14740732,0.033302065,1.2676289,0.20938364,1.22036,0.090608835,5.227027,0.7333057,0.40174136,0.36964843,0.15508847,1.0435793,0.0037367546,0.7876723,0.2813158,4.0838547,0.8863205,0.25038147,0.005487309,0.9657573,0.07503767,0.5137981,1.0782828,0.6683236,0.122222684,0.12911627,1.4909011,1.1637686,1.3857543,0.25818586,0.23802878,0.11852813,0.9118277,0.82523423,0.17285614,0.97155136,0.8246864,0.026666533,0.02760003,0.09852123,0.76538277,0.9019844,0.1374737,0.002823959,0.7013238,1.0149996,2.6548624,1.1460419,0.7038552,0.6741405,0.01230251,7.203856,0.24400967,1.2095166,0.0,0.19077675,1.4022095,0.30836818,0.33334988,1.160737,0.43571976,0.073562555,0.31310132,0.30584186,0.48595965,4.38509,0.6090667,1.0206845,0.08336466,0.5883621,0.17844439,0.089063086,0.30606467,0.17930014,0.0008004155,0.63552904,0.034823995,1.1204835,1.1464182,0.12611341,0.07960918,0.016296782,0.13801098,2.2767503,0.24778362,0.4429673,1.0016774,0.65109086,0.32735226,1.3938642,1.5429211,0.72873646,0.29097435,0.0,0.2900417,0.9833405,0.15294512,0.23922528,0.12533249,0.020808682,0.15210411,0.326275,0.39937916,0.09669862,1.325521,2.044548,1.1666257,0.0077285827,1.8239911,0.4778309,0.35646647,0.0,0.0,1.583635,0.061634216,0.021208704,0.0070526293,1.1759652,0.15786923,0.7854043,0.21530174,0.013649303,1.0988764,0.17219752,0.0047042337,0.4643214,0.41826302,1.7149264,0.3354339,0.195816,0.8241328,1.2305888,0.6829742,1.6014856,0.0016117619,0.63994145,0.5467621,1.525106,0.065628625,0.038705017,0.25010934,0.002463522,0.2113518,0.48105738,0.011262666,0.4709596,0.051812097,0.30378178,1.7858365,0.4101139,0.076617695,0.25557464,0.07562121,0.22802114,1.1227788,0.61707884,0.08606638,0.12144817,0.086575255,0.16944885,0.28112766,0.5217015,1.1399815,0.011713693,0.10408257,0.4001268,0.024021262,2.0768697,1.5000346,0.67062765,0.4586833,1.7991599,0.06213729,0.02504836,0.43955705,0.14918467,0.10750465,0.43451527,0.021249106,1.2474594,0.75380313,2.144549,0.86972326,0.04794569,1.0314335,0.20889539,1.143668,1.1941787,1.162573,0.043578323,0.0151092615,0.08662473,0.017828234,0.46624374,0.24436952,0.24792089,0.4384321,3.720232,0.18205427,0.28312325,0.14208609,1.5441098,0.20541662,0.43021175,0.66429466,0.3721961,0.8795266,3.3849685,0.17432743,0.80238396,0.003436229,0.19974843,0.08990005,0.17737064,0.0,0.747075,0.19606411,0.19916433,0.82875067,0.016207874,0.0,0.9771043,0.7364958,1.721609,0.02864141,0.25536197,0.0,0.0,1.1989824,0.57964563,0.022581404,0.059311103,0.029550306,0.4841665,0.0,1.0505866,0.0,0.34642544,0.4025967,0.11836366,0.4991412,0.41488457,0.09563539,0.119169116,0.08612581,0.11452284,0.5355426,0.80709386,3.8459492,0.23217027,0.299895,0.13982843,1.7267671,0.44994432,0.007112356,0.1743556,0.0028441465,0.008033702,0.9912779,all_pothole_images\pothole_images_new_image_144.jpg
0.06267867,1.1373796,0.2974113,1.1200012,0.8287487,0.057212964,0.041352756,0.055411473,0.22579107,0.56995016,1.6494747,0.8890148,0.7965373,0.2944903,0.03519261,0.067137174,0.15071909,0.0,0.42016068,0.02038979,0.33132362,1.8908968,0.61697006,1.4927851,0.08490996,1.7562461,0.107181944,0.7344089,0.03448946,0.4189696,0.60037535,0.2553682,1.0091791,0.55864304,1.209139,2.2123516,0.8399739,1.5383033,0.24194257,0.28328675,0.55998766,0.5454739,0.40939206,0.46407816,1.1513002,0.078192465,0.31190813,0.44651976,0.06757383,0.13079475,0.6967739,1.72864,0.6252265,0.3551811,0.048928346,1.6427281,1.7540772,0.17711756,0.2571461,0.045484446,0.18014358,0.06577165,1.2882886,0.4092667,0.82906926,2.410234,0.271666,0.17781451,0.15691103,1.0285527,0.39799336,0.056696296,0.12462791,0.23041715,0.120584376,0.36470342,0.099956475,0.18017504,0.029391222,1.2465014,0.17166808,0.1120893,0.28102157,2.8010528,0.61606455,0.98605335,0.096671104,0.16030188,2.3924143,0.42010567,0.105107665,0.34226742,0.011574113,0.09194222,0.20482296,0.1882766,1.1726097,0.92271656,0.8723866,0.99231017,0.4463434,1.5873988,0.5389307,0.24374603,0.35502017,0.016419685,0.6339052,0.12311768,1.0345265,0.28452817,0.22919771,1.0579004,0.17447475,0.035380367,0.8860732,1.3737814,2.2653236,1.0469244,1.2782122,0.45670182,1.3840693,0.032251634,1.39354,0.49763852,0.13048337,1.288091,0.59141284,0.71058553,1.0112432,1.3338511,1.0235356,0.020301709,0.4020296,0.0042467974,0.10831934,0.2135512,0.21457805,0.5589306,0.7864807,0.39181384,1.709505,0.574486,0.2300585,2.3685973,0.17126174,0.15207203,0.058609873,0.21685,0.33555532,1.2159128,0.50866807,0.8970472,0.013726538,0.105005845,0.6695915,0.105308354,0.35623324,0.19762236,0.092363715,1.906037,1.9409454,0.14445575,0.014235053,1.8016217,0.3490834,0.00068491773,0.06905608,0.1920253,0.20710482,1.3900336,0.0,0.21250734,0.010702049,0.43008786,0.17639096,0.0,0.19636387,0.020892154,0.5842314,0.53912693,0.025121704,2.062322,1.785164,0.9388135,3.1989958,1.0655352,0.37133095,0.42921612,0.14965829,0.5983982,0.26515287,0.03445747,0.116222925,1.6374788,0.06279724,0.53494376,1.1541128,0.38341272,0.8087006,0.9167956,0.5266164,0.5414454,0.20685507,0.91931546,2.0512643,1.0408624,0.63685906,0.33480027,0.866595,0.08106119,0.2148142,0.96175367,0.98769337,1.2923887,1.19825,0.33239204,0.2625126,0.1705796,1.1620938,0.12833706,0.43112355,1.2508516,0.11010823,0.7770778,0.005482076,0.14815167,1.620221,1.1774415,1.6198931,0.22346479,0.029861221,0.63076323,0.123999186,0.012545328,1.5900449,0.08240081,1.7148213,0.0,0.021203283,0.092513576,0.3268269,0.029307056,0.8208537,0.09609207,0.046384126,0.07430697,0.15274392,0.69374955,1.2268127,4.4568043,1.3653984,0.19989017,0.21512586,0.72861665,0.44199908,0.018028023,2.147346,0.15475696,0.26313424,2.3820667,0.30308264,0.98020315,0.25861192,0.42126796,0.87539315,0.868648,0.15127797,0.9197112,0.95865333,1.1273508,0.086834274,0.031818956,0.0912298,1.0989183,2.1388867,0.68371964,0.9551357,0.80173326,0.5264857,0.55129206,0.9114263,0.30887353,0.5700777,0.15267538,0.44305143,0.6466549,0.4296004,0.32272908,1.1236259,0.2785116,0.6405258,0.0013353811,0.009788123,3.2821875,0.65115625,0.49901214,0.6427646,0.35455188,0.2590578,1.1805111,0.19146544,0.76266026,0.63425076,0.57344705,5.886115,0.35843727,0.3616013,0.7180262,0.19337903,0.067474,0.346851,1.4791689,5.037154,2.639623,0.5835595,1.200546,0.28797626,1.2522304,1.9889266,0.35012883,0.46680474,0.26454338,0.09403035,0.34204203,0.2882623,0.8569703,2.1664045,0.2438808,0.36634138,0.10069129,5.5193458,0.16772562,0.3855495,0.5463314,0.0061829826,0.47060308,0.59799916,1.1340902,0.31759405,0.12302295,0.35609117,0.8795579,1.7659144,0.1326992,0.17707682,0.41830578,0.7349823,0.0040325937,0.76190495,0.52765054,0.6549254,0.79041874,0.43540525,0.8124876,0.018600713,0.0,0.54078555,1.3477234,0.7458586,1.054554,0.13516994,0.0013908065,2.135653,0.1465701,0.06947469,0.09157478,1.9988123,0.8346508,0.556606,0.68274033,1.5079247,0.03757819,0.414414,0.37842846,1.7875526,1.7245308,0.35362306,0.28787363,0.42030376,0.5037563,0.013982813,0.14167848,0.55558854,0.48368213,4.2459683,1.1315644,2.638492,0.11581265,0.05679996,0.66479844,0.63001883,0.8310313,0.25920603,0.0932354,0.19805768,0.45674032,0.6391233,0.927161,0.47108233,0.016837647,3.6263764,0.33794597,0.06928548,0.33862063,1.3564495,0.0,0.53647333,0.21772009,0.06966437,0.08770069,0.2894252,0.9037916,1.1132057,1.0639746,0.069893256,0.48022455,0.34371215,1.1081278,0.022180615,0.058561817,1.032962,0.16130072,1.0804234,0.7832853,0.90145904,0.6195071,0.43642774,1.0770352,0.64729977,0.18749793,0.6169031,0.5330214,0.3467143,1.7593857,0.33070314,2.9163003,0.10117507,2.0072632,1.4056453,0.3155045,0.57455015,0.35846063,0.07228687,0.5426477,0.24157473,0.08943021,1.4753809,1.1929977,0.106128454,0.97064567,1.6774027,0.0810027,1.360408,0.5129815,1.1844493,1.1357259,0.21556565,0.58813167,0.43785584,0.9156352,1.4767829,0.06430944,1.4611115,0.35841444,0.5782984,0.41315967,0.0009802348,0.007311716,0.6001446,1.3574963,1.1346298,0.61838245,0.6324709,0.9000773,0.14645089,0.18363725,0.11510901,1.3763058,3.2443311,0.17912503,0.74370736,2.755178,1.1191405,1.2145878,0.0949868,1.068158,1.3222628,0.112435855,1.4015887,0.062362853,0.17513603,1.3974082,0.47154096,0.0,0.25615716,0.16759795,0.16408172,0.08649416,0.28512752,0.1948587,0.9797845,6.130304,0.48436984,0.23637767,1.2701261,0.8921268,0.006589835,0.6525655,0.2194211,0.48339897,0.587537,0.41282427,all_pothole_images\pothole_images_new_image_145.jpg
1.1775782,1.2634466,3.7006662,2.2103467,1.0553466,0.2946413,0.76334286,0.43001077,1.1771216,1.3247428,0.35239744,0.12118121,0.0049034962,0.19655004,0.4925393,1.5741674,0.2611063,0.2985326,0.032204643,1.1814449,1.1152084,0.24963273,0.94740015,2.4232016,2.2504013,0.51057166,0.23257448,0.36344558,0.21920766,0.50114334,0.8091409,0.6101212,0.04228263,3.0330913,2.2068856,0.19832776,0.9139618,2.1054382,0.33100927,0.11032188,0.8180085,0.11094399,0.16868441,0.13419937,0.16445655,1.1171813,0.6304552,0.5067979,0.83801717,1.1366287,0.19854711,0.69151497,0.8852777,0.13342504,0.205368,0.12784263,1.1413616,0.08877454,0.29180035,0.52508765,0.15408172,0.22330196,0.016915526,0.8222288,1.7871513,0.11057289,0.33116353,0.22992988,0.8315643,0.557725,2.7564168,0.24130338,0.838899,0.016478233,0.36845943,2.0560036,0.029850453,0.7662451,0.06054359,0.25177124,0.17165248,2.0061414,0.056574043,0.31878838,0.30628112,1.2617123,0.124565475,0.511233,0.69919616,1.5704366,0.14679521,0.032750964,0.34224996,1.9822446,0.77512217,1.262656,1.4729884,0.8743371,0.0019454241,1.7254499,0.7513263,0.8118213,1.9317985,0.03784859,0.9981977,0.10461591,0.7400315,0.08496698,0.1862965,0.34928557,0.25195444,0.5190677,0.185598,1.3044217,1.4839244,0.010400821,0.10617804,0.19410296,0.37929064,0.24777764,4.3591228,0.6824983,0.46423483,0.8074148,0.7804861,0.24714454,0.4600204,0.528098,0.11872576,0.34472987,1.8208549,0.3713397,1.6091053,0.10124388,0.3049324,0.5176783,1.9639176,0.0,1.6409665,0.6036163,0.43640703,3.8287098,2.139254,2.0198967,0.27974108,0.41282156,0.6168584,0.4835334,0.5622911,0.017769013,0.3956825,1.0907613,1.5474392,0.5763158,0.74893326,0.63092875,0.72872293,0.21916004,2.154624,1.9528744,0.95111835,0.06745934,1.4292665,0.87242085,1.1073406,1.7058382,0.08304381,0.76950276,1.68472,1.3309246,0.18992437,0.11107571,0.07303153,0.23403253,1.6941401,1.3294616,1.7768059,0.7960332,0.2889138,0.7358305,0.60049266,0.19838575,0.38479742,5.2362485,1.4960719,2.1197588,0.059951227,0.003373892,1.6854599,0.68225104,0.029556897,1.7104889,0.22469439,1.1360537,1.423806,2.845387,1.120328,0.07927167,0.51846594,0.86593145,1.523258,0.9915958,0.5480419,0.4083874,0.4130375,0.62968606,2.0589356,0.21587005,3.4620416,0.9468262,0.03828339,0.39955062,0.0,1.1423802,0.35206196,0.94907665,0.26339424,0.15527053,0.40152997,0.019267071,0.98378843,1.7309281,0.7094099,0.72914284,0.30114576,0.0,0.6632779,1.8621863,1.6758944,2.4081836,0.38139266,0.0023913844,1.2260121,0.33477306,0.87873405,0.11326324,3.0811706,0.9432007,0.08249723,1.5014567,0.21957667,1.9618467,0.59877485,1.4059719,0.70702875,0.15219368,2.2188294,0.31865305,0.20137453,2.2444265,0.123367034,0.01215365,1.0503637,0.11404948,1.9684682,0.74405247,0.023722008,0.22686078,0.10061129,1.5670352,1.1713861,2.1631677,0.37787753,0.6694474,1.5982107,0.6614203,0.028956603,0.03792123,2.9117832,1.4354624,0.055132087,0.16203682,0.4993225,1.087784,0.26372647,2.4600194,0.35752264,1.3554261,0.33657876,0.95502377,0.0,1.3400893,1.5490947,0.09751059,2.2265182,0.09574718,2.0538144,0.8557774,0.13865492,0.09197736,0.19241169,0.15011066,0.17081803,0.9563246,0.96753675,0.08214188,1.1472183,0.07775219,1.5683997,2.7892385,1.7015158,0.6411611,0.023991413,0.04048119,2.8771324,0.025161056,2.0783904,0.053169526,0.24307251,1.0111378,1.1293277,0.92531306,2.2260835,1.504838,0.35797605,0.82698554,0.12875146,0.40295795,0.9954942,0.78761756,1.254247,0.21458648,1.8392172,1.4272996,0.31045207,0.031088455,1.1722262,1.1896962,0.490172,0.007736367,1.3592616,0.8602852,0.32291737,0.3166728,1.8507172,0.059942532,0.38622883,0.33752096,0.46703058,0.78737575,0.9886007,0.3865168,2.5269024,0.93132687,0.10189226,0.36901504,0.17012282,1.4725677,0.9092614,0.8949753,0.008966623,0.6519282,0.00799551,0.7171957,1.2843707,0.10580732,0.3119363,2.3324335,0.09797531,1.3538005,2.1574044,1.7664479,2.0278401,1.5704691,0.45108545,1.0878029,1.3621329,0.63969266,1.1011288,1.7820076,0.17143723,0.7237603,0.31762624,1.1765375,0.40728748,1.1833538,0.28391623,1.3758632,0.4316768,1.6483908,0.6851725,0.86194074,0.11308589,1.2132268,0.8299543,0.5742989,0.26835424,1.1347724,0.19455229,0.7677766,0.016401969,2.8835878,0.8612804,0.032293327,0.13731192,0.6314966,2.0007193,1.9372519,0.7418185,1.7923342,0.14041165,2.2687976,0.12248581,0.04786044,0.7545968,1.5307165,1.9102017,0.2888477,0.9958759,0.21688254,0.0,0.023932505,0.86538446,1.8371406,0.25278652,1.6638755,0.3588656,0.0110374745,0.23318642,0.38783276,0.27355722,1.2465848,0.91405183,0.5214967,1.054778,0.50274736,1.0070086,0.7090507,0.6204679,4.3747845,0.14930432,2.0852966,0.12645252,0.9868963,0.5527117,1.08407,1.1186464,0.76084876,0.04810035,0.6357409,2.007274,0.08266689,0.42311698,0.40208742,0.23496833,0.547988,0.007821875,0.21333139,0.535624,0.88330615,0.51459,0.887075,0.6807926,1.0970578,0.8761092,0.54904956,0.44442827,0.09739523,0.0,0.57073677,3.0195518,0.8776975,1.0293568,0.07111271,1.0257198,1.4854116,0.86845565,0.9811242,0.37813646,0.09872317,0.7600974,0.109985486,0.028621335,0.16334924,2.0049958,0.7195373,0.5715827,1.0303191,0.42874253,0.015299296,1.0095519,1.0308404,0.5186154,0.15215449,0.9229083,0.627485,0.2756181,0.9013479,0.057536386,0.04066945,0.4207365,1.1766146,0.2983302,0.8414544,0.2111765,0.0,1.100382,0.08370299,1.7711798,1.0298011,0.5629049,2.2940595,2.3681233,0.21213971,0.10246989,3.306128,0.53291315,0.13220045,0.46472424,0.30274433,0.021081297,0.0856858,all_pothole_images\pothole_images_new_image_146.jpg
1.7828065,1.4002723,0.10552673,1.2002403,0.5428305,0.55851334,0.26342905,0.007806438,0.041341636,0.6090358,0.3786482,0.84392345,0.77814573,0.7569717,0.47030008,0.026487963,0.0,1.2806989,0.0,0.061099235,0.7379256,0.27887398,1.5563947,1.7672467,0.15021794,0.0041812602,0.49974397,1.7766776,0.17743021,0.068231694,0.42970344,0.024495745,0.24697511,2.208688,0.21749292,0.61188287,0.13667573,0.47118568,0.2661254,0.0023562245,0.039623626,2.0011952,0.17179255,0.6874206,0.13145348,0.0037787575,0.51135516,0.0808986,0.30131778,0.39606297,0.5554039,0.6145933,0.85694385,0.029696554,0.27407154,0.8880143,1.3599122,0.22766756,0.6879452,0.273333,0.2904069,0.552659,1.2767344,1.4130801,2.2093904,0.6654471,0.35919175,0.0732395,0.12454718,0.45696723,0.28884012,0.45399868,0.2455088,0.5392864,0.3731278,0.49673405,0.15087767,0.10295389,0.0025692228,0.0,0.58703256,0.172419,0.4470678,0.2671385,0.30720508,0.12210143,0.20413087,0.48932284,1.0142583,0.46545315,0.54461706,1.0355413,0.58652866,0.6024666,0.69017166,1.0539852,0.3717925,1.1090869,0.11214314,0.116111755,0.0059832972,0.780755,0.036907576,0.22071117,2.2189074,0.63627154,0.37724444,0.69538486,0.89438045,0.83103436,0.080034666,0.15415783,2.37271,1.9878578,0.62095416,0.31461883,0.15984023,0.007011744,0.6718903,0.7477685,0.7219908,0.29741204,0.15401141,1.244566,0.31485963,0.09931587,0.078330345,0.59321564,1.2347027,0.553287,0.48587307,0.12437253,0.26164308,0.113358214,0.052822098,0.23934181,0.06868884,0.18471628,0.0812776,0.15280576,1.2871302,0.2728293,0.7283036,0.8987733,0.036278185,2.738136,0.166722,0.50880563,0.0036607336,0.24257298,1.3651989,0.5411642,0.05405313,0.00302103,0.82381344,0.31099495,0.70860827,0.53180516,1.645329,0.5408285,1.8716682,0.13304392,0.0027132314,1.9884472,1.3328162,0.013175937,0.82363594,0.26799867,2.0231097,0.8242705,0.09933416,0.23686436,0.00543942,0.2693641,0.5964266,0.99946904,0.4546289,0.04611143,0.43433464,0.08187473,0.13991714,0.92863274,0.3588084,0.9337317,1.8381339,0.27727807,0.5015463,0.4589639,0.57154644,0.25230992,0.25263616,0.29244956,0.62457466,1.9269338,0.08391975,0.32703227,2.4484172,0.7852505,0.054903068,0.51447785,0.11402658,1.4660875,0.14155155,0.2561332,0.45760822,0.7753243,1.0713307,0.55494595,2.23618,1.6258968,0.0,0.24882369,0.02242869,0.04504894,0.5804681,0.8753472,1.2046442,0.25685564,1.4306712,0.059422914,0.47874573,0.006014642,0.6305835,0.018589113,0.0022299506,0.3602747,0.88894814,0.70088917,1.755142,0.023218071,0.12691759,0.040251706,0.07125282,0.7613594,0.25911948,0.022004798,0.7797565,0.20882367,0.31524962,0.7537823,0.063401744,0.0052096704,0.3637698,0.30615538,0.056905977,0.14989293,0.92608124,0.8265943,2.1461933,3.4177816,0.5281311,0.15782821,0.1811908,0.021309901,0.8610198,0.24271013,0.97167283,0.0997707,0.47772145,3.1744058,0.19228487,0.32775652,0.68645537,0.64682657,0.4864416,0.7814847,0.1528299,0.6969183,2.0389764,0.019233275,0.20141846,0.37410915,0.4248771,0.17271356,0.12175441,0.737118,0.18170734,0.87110263,0.54131407,0.01623289,0.04967736,0.334972,0.51696146,1.0680989,0.24177949,0.2560061,0.5179007,0.032198932,0.57382375,0.025875945,0.54915243,0.14456993,0.5241641,1.0851872,0.16990356,0.019365866,0.49137077,0.12561296,0.6700794,0.9425246,1.5489731,0.058904346,0.34124845,0.07823181,1.3998471,0.27589124,0.016439386,0.039751995,0.07502975,0.11821322,0.45071793,1.0636744,1.5871248,2.8471923,0.4990737,0.8835463,0.053998493,1.035834,2.1171193,0.7796931,1.9483882,0.06880767,0.31348544,1.0134293,0.9787417,0.58283055,0.44555056,0.0,1.6046771,0.09720825,1.6041967,0.09155427,0.006451408,0.044719286,0.0,0.0,1.4346347,0.009703149,0.9842474,0.11277568,0.1712448,0.55381596,0.85379475,0.7302145,0.24926744,0.71881926,0.7584171,0.24056152,0.33650964,0.24745396,0.55946046,2.0446231,0.017847605,0.17371546,0.5774157,0.31357047,0.10498088,0.37036696,0.082140796,0.7745006,1.6541134,0.4737618,1.2386184,0.44287822,0.0,0.11791761,0.35647458,0.17735216,0.50711435,1.351263,0.06961562,0.3573228,0.47057256,0.063177496,1.7076409,0.82434565,0.569007,0.21122694,0.41515896,0.8093489,0.68616724,0.10145121,0.034857605,0.8129783,1.7407101,0.5438149,1.4865408,0.22537714,0.0,0.07786792,0.0,1.9256217,0.13995294,0.72869366,0.101232655,0.6944037,0.49836132,2.174606,0.680771,0.7755692,0.11957144,1.4287679,0.9063613,0.3066582,0.066572316,0.49878317,2.2504165,0.21208915,0.2656188,0.74905825,1.096793,1.442117,0.105061576,0.14278606,0.48962796,0.24706937,1.6497366,1.3656697,0.4776987,0.2711667,0.62429386,1.2822286,0.517495,1.6933454,1.9040833,0.053705044,2.2187607,0.81506664,1.0577089,1.3119426,0.03121424,0.3754179,0.25557455,0.020042647,0.0,1.4201701,0.43479982,0.34201244,0.25561422,0.48901087,0.80062103,0.28853,0.25992724,0.3442951,0.14484423,0.03994363,0.22507603,1.5955166,1.2719659,0.894243,1.9886848,0.14791438,0.062292043,0.15226866,0.19155802,0.31114954,1.3422428,0.034797277,0.53953916,0.5416758,1.1957059,0.41380596,1.7161212,0.95333034,0.8124869,0.042774983,0.014468477,0.024057962,0.37269062,1.0306653,1.4574691,0.025311973,0.35006508,0.14093111,0.39177004,0.29375774,0.008276558,1.5679317,0.0,0.10341894,0.22651723,0.62804645,1.6873817,0.7219982,0.18405056,0.04612454,0.24762793,0.15930633,1.4480209,0.00064659363,0.10780145,0.13219571,0.06889602,0.49076775,0.071000084,0.0,0.07362745,0.0007393716,0.3938998,0.2828334,0.33091852,3.3716242,0.46260267,1.7649659,1.0712531,2.7059813,0.22944091,1.2833546,9.6093645e-05,1.8578869,0.30525303,0.16148268,all_pothole_images\pothole_images_new_image_147.jpg
2.4252226,0.121571064,0.8924759,0.70544153,1.6070747,0.11073196,1.2834424,0.86041707,0.3012203,2.8039305,1.5084387,0.92842007,0.6856851,0.520593,0.9643145,0.2555011,1.2709556,1.1380413,1.0752858,0.296478,0.28691843,0.38500828,2.4338355,3.615836,0.8599114,1.5447932,0.17212518,0.07749516,0.7667546,0.13031308,1.971568,0.97623783,0.91145027,2.2825687,1.1291368,2.5003958,0.9898233,1.0394431,1.0581487,0.772146,0.19859712,0.4336928,0.8086322,1.1793479,1.4210614,1.1149085,1.6036931,0.52207273,1.3645167,0.86430436,1.4511862,2.4920638,3.048262,0.24427742,1.038789,0.40173745,1.0035776,0.59744376,0.83372366,0.20687936,0.4220913,0.5615524,0.90362865,0.1708535,0.926544,1.3366644,0.3576893,0.4098042,3.03626,0.05614754,2.8944845,0.41655114,0.066522956,0.94282365,0.20614792,0.35526672,2.135433,1.3678535,0.024592629,0.52045894,0.46883777,1.2868841,0.73188865,1.1699685,1.4414883,1.1688685,1.4673327,0.54570323,0.56213635,0.88591945,0.9516272,1.1537642,0.27190045,0.22604237,0.084030315,2.3606334,1.5140991,1.0473156,0.3117029,0.7859707,0.19036122,1.2624977,1.7783086,2.1916277,1.1447543,0.88386136,0.7599732,2.9850988,0.19742337,1.9497159,0.20074552,1.3017269,1.1744783,2.246688,1.2995372,0.41011572,0.7240318,0.06603984,1.4499867,2.200632,2.3040495,0.7127534,0.6516445,1.2935327,0.20362394,0.26065293,0.8087052,1.5655508,0.9525771,0.6688578,1.9425901,0.12914209,0.18230826,1.7987381,0.41255927,2.478679,0.35167393,1.3800855,0.64778495,0.32522392,0.82755965,0.41688988,0.8331602,3.202653,0.5351712,1.1359494,0.32159385,0.6536757,1.4596349,0.7156744,1.5253012,1.4092172,1.1598154,2.2001498,1.8632617,3.34001,3.108483,1.3359294,1.0871738,0.738397,0.44508526,0.8710692,0.042549834,3.8077443,1.283249,0.090283565,0.5082761,0.7774985,0.52870744,0.746383,3.4999993,2.0231078,0.027788457,0.015651317,2.2834065,2.501126,2.0894756,1.579508,0.8587398,0.84231573,0.48214823,0.44798985,1.1774486,3.714351,3.0612025,0.87946904,0.32509816,1.1307474,2.2457604,0.51951164,0.6134951,0.22289813,1.5424316,0.9790266,3.3844523,0.13844,0.47178715,0.20768255,0.70248014,0.31997216,1.0726049,2.0074127,0.5898384,0.13512187,1.5077327,1.613611,3.838319,0.37392262,1.5567143,1.2729199,0.015952906,1.1780771,0.56158656,1.0064385,1.7983445,1.530575,1.9674394,0.054109048,1.1159663,0.13647479,1.5554787,1.6216027,2.2913048,0.4627641,0.6237926,3.1281886,0.066982664,2.0104864,1.2933805,1.4490025,0.16754462,0.44063747,0.87998563,1.4200258,0.10245731,0.24571426,3.3322198,0.7599229,0.917998,1.1213564,0.73634595,0.70651513,0.28539154,0.45334944,0.3092751,0.32289153,0.5116835,2.483193,0.90615445,1.3189967,0.17632535,0.072407365,1.2603872,2.7342117,0.8635629,0.6395016,1.0146834,0.5250344,0.37019774,2.3625126,0.93579537,0.9024773,0.9033496,1.2925025,0.67464787,0.6839195,1.4932817,0.414635,1.283033,0.6686994,0.20361297,0.51661754,2.421905,0.32823366,0.42884335,1.3380011,0.37961236,1.2327096,1.1559032,1.6462514,1.5952514,0.7863542,0.88627714,1.0068104,0.72270715,0.1382877,2.3297772,0.76517916,0.28085223,0.7092657,3.9193969,0.64224887,0.67454815,0.6134751,0.6669088,1.624641,2.069272,0.7171788,0.829095,1.2451551,2.2377675,1.362086,1.6412777,0.7886882,0.9616402,0.3874969,1.4622973,0.2949944,0.23774949,0.7297344,1.0169322,0.60011464,1.862433,1.7244574,2.780931,0.49412277,0.65719146,1.189058,1.5818152,1.086069,2.6820185,1.2208767,2.709247,1.3010341,0.56562823,0.117951185,2.1304626,0.6649541,0.87592125,0.08350144,2.716515,1.3703359,1.8627993,0.11836389,0.27853772,1.4668169,0.17819951,1.7842469,2.3607426,2.0357077,0.61342907,1.4606838,0.39167014,2.307466,0.107069366,0.25300404,0.73098814,0.42128593,0.0488547,0.77676773,0.030616239,0.67955804,0.061758284,0.057737913,1.5355479,0.17714392,0.2402765,1.1356462,0.093634196,3.4649372,2.0089018,1.5952046,2.7841945,0.4582395,0.66168195,0.37100503,0.92691785,1.4675299,1.029363,2.5753188,0.7299287,0.65352803,2.0786667,0.73798585,0.9612618,0.07741662,1.2414832,1.0285567,1.4332749,0.8373679,2.878358,0.90915555,0.081705764,1.3014379,0.8386008,0.7108833,2.9466603,5.8833985,0.46073836,0.719525,0.63449204,0.4516566,1.5386562,0.43293253,1.525841,2.2490642,1.9658651,1.1893461,1.3260977,1.3441015,2.4063482,1.7360214,1.6161773,0.32580265,0.7951534,0.14785153,2.6833303,1.0603472,1.4836371,0.05338593,2.2588744,0.74702233,0.8899631,0.63083607,0.03350576,0.96126646,0.33630288,3.2367222,0.85103685,0.6895417,0.6620552,3.049118,3.6767075,1.8109409,1.2346216,2.1552973,1.5572257,0.96524096,1.7068768,1.3395444,0.1271041,0.9895928,1.1382204,3.6765385,0.90327895,0.9834828,1.7340022,3.6644063,0.3775321,1.8881462,0.7467975,1.6715573,0.48207486,0.7728326,0.15351772,1.3592373,0.6114642,0.2199895,0.6760956,1.0398681,1.3574978,0.5190624,1.528971,0.3645065,0.4597532,0.34375006,0.037567604,0.012777361,0.6779625,0.6755278,1.2553111,0.3387542,2.7366195,1.4948269,0.17360705,1.5119193,1.5336888,0.5514274,1.4052138,0.5016001,0.28496736,0.46493238,0.2615713,2.7058778,0.85387856,0.044455543,2.1216128,0.7560665,2.245111,0.38407508,0.56967247,0.7733643,0.83345956,0.36043915,0.8611917,2.2656627,0.9577449,1.2864587,0.5849678,0.20411588,2.8181558,0.012131109,0.85576284,0.7226126,0.92507684,0.63982165,0.9095635,1.0334691,2.0144885,1.4538032,1.962511,3.6208963,0.76429015,1.8760469,1.6323217,2.6767566,0.357755,0.5840445,0.5626757,1.8734943,0.5644861,1.2748494,all_pothole_images\pothole_images_new_image_148.jpg
0.4252866,1.524226,0.35188246,0.8466774,0.1499381,0.84989494,0.9012264,2.32269,0.48274377,0.6596853,0.6441872,0.7325134,0.41135752,0.046031415,0.16484503,0.14133018,0.021240024,0.6096489,0.06284144,0.088768356,0.1826626,2.1830182,0.8970346,1.8930321,0.07323736,0.97313017,0.2749897,1.5071461,0.31836224,1.3866161,1.2468364,0.1564093,2.5447822,0.55215883,1.9349284,0.3612896,0.15009463,0.54348844,0.080260344,2.896852,0.5254364,0.52604735,0.35911867,0.0,0.7666011,0.12756826,0.6006406,0.2375496,0.38254133,0.09330108,1.402235,0.87609446,2.6452122,0.1591511,0.29242712,0.5819585,2.3273268,0.3855262,0.22808592,1.3678097,0.51854056,0.06800079,1.1086184,0.6408351,0.8317558,3.7360885,0.2603619,2.0092678,3.3778243,0.40809575,0.2955853,0.3946608,1.1145381,0.04537614,0.052185886,1.0424118,0.29688597,0.6194982,0.18462531,0.564162,0.1149606,1.6114904,0.1168505,2.1071875,1.2163892,1.8767599,0.5735312,0.11565457,2.7225876,0.6780414,0.21527877,2.1645887,1.3151474,1.077545,0.3571663,0.24236712,3.101536,0.32509276,1.3884226,0.54772955,0.89104396,2.942763,1.4831431,0.7632638,1.9486837,0.2711425,0.31426418,0.31990975,0.7967141,0.21785568,1.3988833,2.7788873,1.9084145,0.253504,0.0101087885,1.6077425,3.221996,2.0601442,0.4451813,0.6157993,1.2612395,0.06477708,2.1486728,0.08974241,0.79712754,0.36530742,0.3665555,1.7012758,3.9748385,0.41761562,1.8603135,0.0034494097,0.4767651,0.5843359,1.0472977,2.5734646,0.060252745,1.3101323,1.2463442,0.9027001,1.7688342,4.842069,0.36811313,1.6635666,0.91503716,1.5279831,0.42207044,2.1205742,1.0298712,0.5202211,0.100180544,0.5698743,0.84202063,0.5238066,1.6378239,0.53471005,0.17464429,0.11040838,0.025096903,0.69328845,2.7684276,1.1309117,0.16679803,0.189979,0.2868818,0.078888096,0.3080235,0.55405945,0.5371804,0.35257316,0.6863629,0.028650705,0.78865623,0.49359393,0.782883,0.14628501,1.6359375,0.011521069,1.1890103,0.30776054,1.3316224,1.4596553,2.6336448,1.5632668,5.2147255,1.455884,1.2930201,0.3670973,0.2343319,0.1708244,1.5411098,3.133186,0.10157466,4.6624513,0.42725605,0.44987386,0.11784363,1.2803998,0.04731911,1.8941852,0.14171411,1.1924192,0.3481804,1.323259,0.07489979,1.6134111,0.37469348,0.096177004,0.56767166,0.7886799,0.47425756,1.0443525,1.6219971,2.178848,0.6517276,0.5176512,1.4061596,0.6559441,0.19678345,1.0492655,0.10517158,1.6091931,1.5151429,0.41920984,0.65554273,0.05358945,3.5660942,0.26317245,0.98234123,1.4201912,0.5017696,1.6047974,0.6173668,1.3366364,1.9788787,0.35060757,2.3990185,0.65126216,0.1613004,0.096408404,1.3878883,0.14742765,1.4493382,0.21309194,0.10727846,0.053872086,1.4771224,0.44453788,0.9245835,2.188972,4.71128,0.23584557,0.9306254,0.15415974,0.2338215,0.41492736,0.939985,0.24122009,0.667279,1.8660505,0.73350817,0.8830658,0.43048176,0.3926123,0.8328169,1.2809227,1.4426473,0.98578846,0.54484195,1.8123236,1.4005257,0.18929684,0.24773178,1.8945487,1.5173473,0.21987696,2.2282586,2.9018753,0.23096003,2.416024,0.23491435,1.0804493,0.15685987,0.59508777,1.4051458,1.009873,0.49052265,1.2765635,2.458021,0.5667463,0.19564262,0.9625594,0.21611188,2.1725864,0.47080794,0.36401913,0.49563256,0.18049042,0.12505464,0.39527512,0.002575298,0.38284585,0.24570811,0.025233304,2.401804,0.9321025,0.16941637,0.73979557,1.5314362,0.2938261,0.18455984,2.3374813,0.6581454,1.5508553,0.27782863,0.1645529,0.1816714,1.2706778,1.4788823,0.57901233,0.709417,0.5255847,0.2810032,0.57649565,1.955955,0.8134848,1.7517924,1.4510607,1.0136993,0.38039467,5.5478005,0.2152989,0.47419423,1.9307352,0.8437892,0.98784053,2.4994133,1.5923814,1.4192582,0.40587902,0.847552,1.6042463,1.210355,1.024297,2.0229049,0.5697353,0.87426025,0.91766644,0.7622256,1.0957611,0.06649678,1.5896744,0.5852583,1.02008,1.1836535,0.5868084,0.5128983,0.44075882,1.0985913,1.0490799,0.66709185,8.293435e-05,0.6482251,0.14059465,0.04893004,0.0,2.1767662,0.87868506,0.98059374,3.5250523,2.7915998,0.22559662,0.5579244,0.15295595,1.1038281,0.17818598,0.147832,1.4530885,0.8994024,2.2566524,0.9284501,0.13904116,0.17828867,1.0693258,4.7623715,1.0970659,1.5009222,0.88800263,0.08401189,1.6412832,0.79349554,1.1415036,0.9514173,0.48373616,0.43656006,0.8279961,0.8431285,1.2314019,0.68686175,0.15808816,1.7267234,1.1852725,1.2147763,1.1957659,0.027763259,0.32768762,0.16560815,0.3078956,0.072893694,0.0,0.0,0.24747775,0.56645817,2.0852349,0.26674354,1.8199893,1.4056238,2.6659591,3.2939804,0.5353185,0.3942004,0.45571703,4.10878,2.0278716,0.7920775,2.3924062,2.868221,1.139373,3.6557667,0.95787084,0.08558699,1.2812724,0.19308446,0.86064184,0.6312055,4.2665873,0.9376259,2.5211515,1.903211,0.46042275,0.9081943,0.83840084,0.00011474128,0.2185049,0.17512572,0.83639693,1.8380287,1.1433758,1.173145,1.1981568,0.88568884,0.6135954,0.33472142,0.6422146,1.7846997,0.77804875,0.05970154,0.16462901,0.09717062,0.63494927,0.95111287,4.0014644,0.1770008,0.0028989704,0.70250726,0.24935417,1.0730618,0.28918055,0.749498,3.22575,0.90253496,1.2132425,0.6009817,1.206172,0.9625621,0.13783523,1.710092,1.4812225,3.1214898,0.20768104,1.6940824,3.5380485,0.7197717,0.58562046,0.0679326,0.3872465,3.0070233,0.35208595,2.8440678,0.033610675,0.0,1.417864,0.13556848,0.102925025,0.41868502,0.26956454,0.5264894,0.29531047,1.240383,0.10990851,0.024539115,3.2131236,1.5015019,0.47749612,0.93607575,1.0697892,0.6491472,0.63975275,0.5343934,1.44406,3.2903535,0.6961974,all_pothole_images\pothole_images_new_image_149.jpg
0.8653127,0.34168148,0.03422482,1.4396571,1.6571114,0.44364497,0.47602043,2.1139624,1.117914,0.56229454,1.0402603,0.22574666,0.2815177,1.6677288,0.5515791,0.1462088,0.66091293,0.051313005,0.16644824,0.0041775745,0.35124466,3.787707,0.19731562,0.14768152,0.74162877,1.2518077,0.10570234,5.909233,0.38146442,0.7240537,1.0231956,0.38603178,0.110087685,0.026658386,0.0,0.73398143,0.07627029,0.6877714,0.17637247,2.4991038,0.5095759,0.035971306,0.5950037,0.02910887,1.3810431,0.61246204,0.24442008,0.76629794,2.1843672,0.76870024,1.6279924,0.19967155,0.31177786,1.609559,0.16632795,0.506839,2.501232,0.009138449,0.006066102,0.8408503,0.3630176,1.161844,2.2767608,0.7574937,1.3298458,1.6485661,0.83005303,0.28934383,1.004691,0.22333676,1.0584111,0.7244988,0.08928751,0.007276087,2.210296,0.6879178,0.28526846,0.23654903,0.080384076,0.09197085,0.89380705,0.68313193,1.0054212,1.5628494,0.811553,0.6865753,1.0396527,0.03422462,1.9910225,1.0474713,0.1988364,1.3915325,0.79262215,0.8168313,2.2165437,0.26066917,0.88782746,0.67909265,1.2961658,1.1435391,0.07904615,0.38858017,1.6108791,0.9472333,1.277007,0.06508742,0.3018901,0.13573202,0.23862453,0.9090482,1.0021228,1.8040082,1.1198827,0.0,1.2164619,0.5742383,0.8120535,0.18176608,0.1611711,1.4880786,2.0568104,0.12999521,0.0011583751,0.99008036,1.685988,0.29707298,0.50509876,0.124389976,0.5301709,0.85471344,0.58412784,0.028734336,0.26217535,2.3640335,1.6830113,0.37962577,0.08762806,1.3049214,0.3659003,0.04811677,0.91985327,0.8781506,0.9421662,0.5429902,0.48987955,0.34276137,0.88499385,1.676916,0.42032927,0.48712415,0.030717382,0.09356518,1.3304904,0.20290497,1.2920043,0.16356811,0.1753222,0.45799655,0.24136792,0.95199746,0.5419378,0.16863336,0.175295,0.552904,0.40058312,0.3691208,2.2823918,0.55580145,2.8180008,0.50416094,0.5430834,0.098101884,0.06011594,0.21497212,0.1704566,0.31096685,0.8079751,0.36178112,0.46286806,0.029636975,0.4861907,0.027602358,0.92419463,0.87916553,1.0424802,0.7883261,0.5101659,0.37891325,0.9680434,0.2908002,0.32230544,0.6107306,0.8319199,1.2754653,0.053364284,0.04554248,1.1089808,1.5719422,0.19460686,0.32883617,0.097975075,0.70537823,1.0869642,0.85217696,0.058179084,0.8829369,0.19223985,0.14711814,0.559859,3.9730492,0.15031166,0.6852286,2.013659,1.4337099,0.6877539,0.56446624,1.3564954,0.34580666,0.5292832,1.0663289,0.19774196,1.2634043,0.52235883,1.1977737,0.37744045,0.14968726,0.9629421,0.2986544,1.3325077,0.6373014,0.49673647,0.9102875,0.31743854,0.16922896,0.24064858,3.2176974,0.15545714,0.40891203,0.014708821,0.36777702,0.65897197,1.0241433,0.123825185,0.26834485,0.20816024,0.15050858,0.7324827,0.19726571,0.6355223,0.804567,5.6842732,0.30079725,0.51272494,0.32237586,1.0765017,0.006418395,1.3131901,0.09414104,1.5494493,1.4202802,0.118446045,0.9104307,1.1915834,0.71703297,0.64309883,0.64093626,0.4908033,1.3322979,0.7347898,0.8264462,0.43202278,0.16179173,0.53544694,2.8990834,1.336181,1.3997408,0.9214296,1.0835373,0.17189756,0.0,0.5036015,0.5145872,0.04267349,2.2600315,1.0178146,0.69839996,1.7789257,1.1716601,0.8757409,1.3700421,0.12755731,3.6799529,0.0,2.1640227,0.4303753,0.20906706,0.999711,0.7809184,0.14156087,1.5921178,0.0,0.67498964,0.046586405,0.52003765,0.17759447,0.04631693,0.3648588,0.1438022,0.019518321,0.5719146,0.28577992,0.30810902,1.860449,0.732128,1.0216159,0.5620602,0.22192854,0.06293802,0.18393244,0.15809204,0.11753952,0.37959445,0.3165322,1.1917729,1.1733018,0.7614496,0.8554453,0.0,1.0357797,1.4042106,0.6442047,0.8279651,0.13996124,0.043311473,0.5558455,0.47007805,1.814193,0.31646192,0.37582955,0.76383656,1.7809008,1.1634909,3.2372448,0.37663752,1.5760106,0.13777538,0.5776184,1.1394446,0.4870181,1.4212226,0.7523631,1.4053789,0.4155771,1.2386504,0.62503755,0.25954562,0.09186544,0.5171047,0.5628596,2.0994601,0.15888694,0.0034927065,0.2078054,1.4152272,0.039356183,0.5830081,1.9823238,0.61226743,0.033928588,0.85901606,1.6499844,0.35955536,0.17344609,0.32802302,0.38379365,0.008439481,0.008807791,0.30271885,0.73294014,0.8155081,0.32289186,0.0,3.3593662,0.3421579,4.6263194,1.4173737,1.0906298,1.2618222,0.66084397,3.0969656,1.4873224,0.16649884,0.24197796,2.02379,0.012886291,0.6369418,0.8128846,0.65474355,0.14886105,0.30643296,0.74482244,0.9358885,0.2834034,0.33068582,0.05093986,0.038682017,0.14177363,0.44255832,0.30354866,0.4664142,0.1329228,1.2209988,0.8201893,0.6195677,0.7356122,1.1835488,2.0056303,0.27082002,1.7477311,0.9627022,0.81978863,0.29727942,0.44502616,1.2676368,1.6770178,0.28567687,3.136241,0.44925696,1.6018293,0.7813754,0.5980657,0.9359515,0.22122677,0.2529972,0.7018931,2.6074893,1.6414771,0.79884726,0.9428182,0.20405197,0.769662,0.3112178,0.48384875,0.8879829,0.0876516,0.328985,1.6208348,0.14032538,0.8269927,0.8689713,0.40312123,0.63862634,1.5995544,0.25066835,1.4634771,0.76096225,0.6994714,1.6497933,0.0734048,0.25017312,0.12508419,0.26557365,0.47399968,0.9105126,1.3642578,1.4445788,0.9524659,1.0071528,0.3144776,0.29545668,0.9701877,0.3651647,0.19359098,0.45776966,0.92789257,0.9425208,0.0,0.23815772,0.9118308,0.17663702,1.93094,2.1318862,0.5868138,1.3054423,0.0097674215,0.78042275,0.8066882,0.4003432,2.0116549,0.0,0.31660673,1.2521658,0.28077272,0.019808894,0.871357,0.036231507,0.23173727,0.15430674,1.1465719,0.4313391,0.014117382,1.2902645,1.2865723,0.49236226,0.86846125,0.1990642,0.05943567,2.2681334,0.7821292,1.7131531,3.376858,0.2802218,all_pothole_images\pothole_images_new_image_15.jpg
0.84312445,1.7971135,1.3309175,1.3072811,1.2132086,0.50463724,0.79348665,0.0,0.360544,1.360059,0.60326654,0.0,0.0736293,0.8565311,0.3023828,0.54751855,0.13880156,1.1170015,0.7431493,0.3435274,0.5133125,1.3070344,0.95152843,3.1162975,0.98359364,0.21529466,0.15330343,1.1715065,0.020308275,0.47844297,1.0731419,0.14265206,0.36701086,0.7794011,0.344437,0.8349704,0.64112633,0.45613456,0.45626706,0.5534389,0.20655313,0.087280475,0.051762406,0.2162229,1.1882905,0.27884868,0.19732973,0.21256097,1.8236252,0.41942927,0.009731552,0.22095731,0.12810448,0.071059875,0.1009929,0.38863745,1.7197115,0.2104573,0.2655154,0.20874396,0.054884512,0.44799018,0.43727967,0.13345312,0.031932797,0.2604089,0.063930444,0.3810629,0.28956896,0.3720946,0.0,0.15267435,1.2743664,0.202579,0.29418963,1.3529884,0.7101715,0.24542628,0.040641245,0.6930899,0.0013894244,0.29225194,1.156704,0.81999594,1.1195347,0.834724,0.04512895,0.2598204,4.047807,0.78966403,0.20538566,0.24888134,0.22804318,0.028057283,0.2662856,0.08115473,1.1347239,1.5043286,0.31885707,0.09033774,0.14540333,1.4753234,0.2361941,0.382562,0.31192926,0.48817062,0.163574,0.25264943,0.56177706,1.7319232,0.47322822,3.2877944,0.3193678,1.9168518,0.13121188,1.0421721,0.95751595,0.12680157,2.0201623,0.841047,1.0583513,1.9048866,0.40339038,1.244749,0.7351065,1.8982389,0.09078234,0.64219457,0.036271352,0.42841035,0.27179223,0.04565596,0.17208514,0.20787321,0.18137994,0.20659268,0.051671028,0.3941919,0.0352619,0.017628152,0.4008713,0.6690804,0.07594169,0.5820468,0.03466971,0.1490885,0.045122337,0.9454992,0.37609857,0.38038227,1.0696001,0.17916761,0.101369716,0.068027794,1.9532125,0.43115717,0.38163,0.9583657,1.0666618,0.08230346,2.9670298,1.9717464,0.26601505,0.5332879,0.5911826,1.3134165,0.90465873,0.01970703,1.744836,0.65744686,0.13123095,0.042019572,0.11243324,0.19687735,1.8942424,0.0659897,0.4488062,0.015069049,0.0,0.13799548,0.006427177,1.3872012,0.97533584,2.9241352,1.7342964,0.78474283,0.3693366,0.14633428,1.3426218,1.7937223,0.33798674,0.5049196,0.04087053,1.7809368,0.5442386,0.13048433,0.4721706,2.4299927,0.27696276,0.4386771,0.32276765,0.33473742,0.24294028,0.15195821,0.73344016,0.36630148,0.37102145,0.08997803,0.9211135,0.40350723,0.26658672,0.3858888,0.94995123,0.79067004,0.3197905,0.4848253,0.6259226,0.032332804,0.5464204,0.1141718,0.28953737,0.03966779,0.42129028,0.90000737,0.16546936,0.0037272424,0.6367037,0.16465698,0.7965421,0.26349303,0.053178746,0.21252994,1.0260161,0.4949307,0.36518204,0.3764341,1.4430003,0.10210069,0.18840793,0.030874753,1.1034278,0.2990464,0.14527951,0.2827065,0.007819976,0.08193001,1.0591553,0.031610068,0.2566859,4.6763916,0.19815318,0.11432625,0.7536822,0.31626928,0.5350802,0.2131979,0.3161799,0.7715837,0.24810973,1.0923839,0.31645846,0.012537523,0.8520941,0.3242092,0.07803317,0.53378224,0.83224005,0.1467033,1.3590394,0.11337798,0.7959396,0.0,0.1551175,1.0731384,0.8813853,1.5594068,0.36124894,0.16478412,0.24649075,1.0132791,0.04630558,0.032609787,1.0684825,0.024922298,0.37916404,0.7045723,0.127613,0.3680888,0.08155092,0.32595664,0.41580182,1.0509944,0.28869465,1.6818691,0.1515461,0.26248258,1.3647848,0.8100334,0.09339594,1.5421361,0.18773668,0.5038591,0.009287012,1.6521598,2.5541477,0.8498492,0.0,0.91876847,0.3586197,0.09798718,0.3045828,0.6308739,4.72866,0.86439115,0.0192023,0.059688397,0.0057196943,0.5657215,2.4305,0.0403322,1.0782443,0.09090083,0.163516,0.109685354,0.27252406,0.8573456,0.068289176,0.77785677,0.49193984,0.23604134,2.3895516,0.0022539415,0.07949359,0.0,0.020469818,0.42559478,1.4040954,0.0,0.10376181,0.25593123,1.1923336,0.4236501,1.5159441,0.0573151,0.722386,0.10066949,0.2219651,0.001847072,0.014131008,0.15433209,0.057697397,0.8536629,0.22049649,0.0076876194,0.2869412,0.5003887,0.6668888,0.50248754,0.85881805,1.0794466,0.18587698,0.86837804,0.44889417,0.407629,0.027040325,1.2070012,0.32775533,0.1449001,0.9708856,0.3104887,0.8916502,0.29225928,0.4069027,0.05746834,1.1451225,0.68202674,0.66124344,0.34676063,0.005245779,0.35828924,0.3668269,0.100572236,1.1013604,1.3381678,2.5501263,0.41092202,1.484535,0.107195705,0.416406,2.1403053,1.2367961,2.1116033,0.34477308,0.5463423,0.013111059,0.16842028,0.48221174,0.38822174,0.17163973,0.35113665,0.19935527,1.8856611,0.54058003,0.80178833,0.29519117,0.01560481,0.114657335,0.7913536,0.203581,0.1873666,0.18646605,0.3100584,0.20195779,0.6484852,0.0017949862,0.1966561,1.350748,0.07478124,0.4269933,0.1412847,0.5937149,0.21656787,1.4607092,2.2457075,2.139267,0.5275763,1.2886521,0.7604096,0.040992472,0.7101069,0.5329094,0.42904007,0.2931025,0.30506274,0.7696233,4.0234337,0.38502806,0.20763254,0.14039676,0.690457,0.2566605,0.16572061,0.02971484,0.24294844,0.3922544,0.060272317,1.2234021,0.29471144,0.32308906,1.2955431,1.5891155,1.0156242,1.2420112,0.81707054,0.89096147,1.8873991,2.509305,0.72726655,0.34422392,1.2093066,0.5464812,0.0648169,1.2908261,0.22543074,0.6606802,0.71909267,0.06784415,0.021528272,0.6727266,0.47068,1.3174181,0.31260717,0.01234258,0.44587815,1.1506869,0.72031134,0.041869808,0.40595898,0.17487533,0.5517133,1.4355805,2.6292295,0.3658627,0.54300976,0.008729018,1.0767634,1.2839106,0.5961763,0.24265583,0.03337042,0.33377627,2.800188,0.14032812,0.0,0.10753884,0.15883194,0.38798654,0.017698308,0.26572523,0.05811763,0.20794825,3.031125,0.506602,0.18035942,0.20960878,0.29924175,0.24235898,1.8096067,0.18426934,0.63810843,0.64270574,0.7338583,all_pothole_images\pothole_images_new_image_150.jpg
0.67496926,1.6490328,1.1446276,3.113854,0.7790792,0.46856093,0.4624853,0.27240545,0.23028304,1.8287877,1.1215934,0.120420456,0.8490052,2.8966973,0.5548947,0.64458734,0.15319048,0.68017143,0.20800255,0.3543034,1.2578751,1.3864105,0.7302229,2.3590417,0.6191094,0.2916581,0.09666938,2.236728,0.645143,1.3715678,0.8250505,0.229919,0.6595454,0.5309372,1.0374023,1.2786522,0.6737135,0.9810631,0.1065979,0.17795576,0.783441,0.393013,0.75882375,0.6291737,1.0058303,0.18186584,0.30969396,0.018038003,0.9645155,0.22120619,0.9102782,0.55028504,1.0307858,0.124950476,0.55493313,1.3924505,2.482567,0.033886377,0.4430684,0.43215206,0.29481173,0.23650922,2.4703796,0.9931727,1.1834682,0.7119606,0.0014329613,0.087376654,0.124790646,0.9493505,1.5798614,1.0226605,0.21232624,0.6628427,0.25114897,1.3040897,0.20638403,0.412659,0.7835134,1.023611,0.45541257,0.78668475,0.93479204,2.3725474,0.36383837,1.3045235,0.42914838,0.19446851,2.4638193,0.3641557,0.16001487,0.40466246,0.37762195,1.9913895,0.4234304,0.42433307,0.11371359,0.15137815,1.633725,1.4527361,0.68926096,2.893208,0.6070607,0.61798227,1.4341116,0.005294876,0.48572445,1.0393497,0.47075436,0.42424667,0.25061575,0.4293323,1.5946366,0.38532096,0.6793912,0.9361873,1.1935272,0.22533785,1.5578282,1.448943,1.7774463,1.0517024,1.9363449,0.78332675,0.54375327,0.82141584,0.39094862,0.49016437,0.60280484,2.651765,1.3149493,0.09620841,0.49814454,1.9509345,2.582149,0.9434859,0.5945244,1.7376394,2.24851,0.3037477,0.52940863,0.5391553,1.1408223,1.980708,0.9520799,1.1581675,0.018483782,0.06729089,1.0984167,0.80202216,0.5805682,1.1949174,1.0634187,1.072947,2.4862986,0.50863045,0.73144484,0.36120483,0.44588304,0.6574376,1.116879,1.5443401,0.30057988,2.6857183,1.3674337,0.47925854,0.7902378,1.4733449,4.545203,1.498427,0.66130114,0.29904866,0.5486573,0.8257479,0.71061885,0.6782883,3.0065608,0.8542449,1.00739,1.0000021,0.3170297,2.092444,2.9245753,0.42186832,2.234335,0.630187,0.35721526,0.6755682,0.38631204,0.5123001,0.468488,1.0748107,0.19744766,1.2411498,0.47167057,0.6130634,0.085709795,0.5783758,0.26428074,2.2469335,1.754147,1.9949698,1.5496364,2.2249882,1.575196,0.46344438,0.15389526,0.32209203,1.4945277,0.40334803,0.2391158,1.4295813,2.2101667,1.7093443,0.57003677,1.8592491,1.3205411,0.2818371,1.4433306,0.79808605,1.9788989,0.5415013,0.6603839,0.28056002,0.22942986,0.26535037,1.6834075,0.40438056,0.40295824,0.48917988,0.26916277,1.6490328,0.33191043,0.4264706,0.84018177,0.79213077,1.3912832,0.1750477,0.8756533,1.184515,1.4984102,0.4707188,0.7735714,0.7252361,0.3258728,0.0530489,1.2433507,0.57696515,0.6066429,3.5173488,2.472359,0.18221417,0.29831034,0.98412865,0.637484,0.5833472,1.570215,0.29439723,1.129819,3.6740623,0.70136565,2.6896992,0.852091,0.36884612,0.4397835,0.25060752,0.12855288,0.09777868,1.4759573,1.1860331,0.06546175,0.3061391,1.5276257,0.023120668,0.14123656,1.1659467,0.33104196,0.7753723,1.3566641,1.1085322,1.1300908,0.08121305,0.26720864,2.9904,2.450648,1.836695,0.7949477,1.3203447,1.4753273,0.7728521,0.4633989,0.44105458,0.0019108325,1.4646475,1.7142097,0.0499538,0.400073,1.1398896,0.70409685,0.86996067,0.036764383,1.0267879,0.33526713,0.868523,5.243681,0.89109474,0.084756196,1.1432886,0.35314295,0.65040237,0.063141264,0.8737628,3.9356227,1.6127822,0.28030846,1.2475893,0.48781744,0.631908,1.6949712,0.34601605,0.45338508,0.2086419,0.30277035,0.9687017,0.8713682,1.2427654,1.1927114,1.7250022,0.38658756,0.8012616,3.1598237,0.1304653,0.07698485,0.6163905,0.60704005,0.5977374,1.4620302,1.139285,1.3509065,0.5944404,3.3182566,1.6102735,2.0469131,0.48085085,0.6859151,0.052141063,1.879659,0.1528139,0.35125187,1.3213488,0.9571089,0.07085139,0.0850629,1.9846128,0.97943836,0.059965163,0.15212582,1.8643751,1.249128,0.8500744,0.011705707,0.45478904,1.1337224,1.4369092,0.06854369,0.092503995,2.249535,1.6782167,0.0760576,1.4844484,1.2025487,0.8913647,0.51770854,0.5266374,1.059255,1.5888425,0.15750399,0.23910983,0.20481698,0.91513497,0.32244605,0.92719024,0.17887688,1.4245362,4.5526576,1.4985296,3.3914719,4.5789795,0.18792963,1.6255426,0.5772332,0.99128723,0.013473544,1.283515,0.27126282,2.4119406,0.5648601,2.0488222,0.7576004,0.16301873,1.8448752,0.5249606,0.1441116,0.9900023,0.08798002,0.47403327,1.2477422,0.20742734,0.74334574,1.1833396,0.46686,0.17007689,0.25189376,1.004831,0.1327656,0.32937607,0.8855544,1.5167389,0.40182176,0.7694149,1.7245291,0.7359002,2.1808796,1.4826276,2.2167027,1.073626,0.59637856,2.2046258,2.1598768,1.1489768,1.0039779,0.7466437,0.28749052,0.38660446,0.4665702,2.4842043,1.5634506,1.6956652,0.26075903,1.111562,2.30863,1.0883646,0.20691821,0.31908876,0.36042076,1.419448,1.4392496,0.9133937,0.5165329,0.21594852,1.4071683,0.8711334,0.6837056,0.46141586,1.872096,0.7038318,0.8875544,1.7755382,1.4985929,0.9942684,1.0482954,0.31825092,1.5449455,1.0215647,1.760578,0.21757036,0.553047,0.057135455,0.918852,2.526943,0.768221,0.70313567,0.7893179,0.35185596,0.796252,0.7291417,0.9633831,0.47511497,1.5672318,0.20007484,0.42082635,2.6319175,1.8311864,0.14464429,0.13952193,1.1743791,0.42456925,1.09817,1.0727443,0.26941246,0.07744139,0.862553,0.09501652,0.11485187,0.40194044,0.2785326,0.09754744,0.21712402,0.65236604,0.464207,0.74992496,2.7301729,0.6962487,0.7498595,0.2844558,0.048444565,0.6092483,1.060939,0.49387336,1.1403173,0.6110257,0.6522703,all_pothole_images\pothole_images_new_image_151.jpg
0.21707793,0.38794747,0.07839367,1.3966435,0.041823134,0.056582157,0.26079723,0.0,2.8436282,0.0,0.011704854,0.049836606,0.0,0.6899325,0.18488728,0.013115315,0.019419054,0.06152908,0.0,0.08625549,0.0,0.0,0.0,0.20690764,0.0,0.05999249,0.0,0.9471946,0.07405572,0.0,0.0,0.0,0.0,0.10178453,0.0,0.010124758,0.09461436,0.008985805,0.18791157,0.0,0.0,0.38063756,0.06479815,0.9107316,0.17981024,0.030931545,0.062441446,0.3275827,0.0,0.006541388,0.01238244,0.101395994,0.10455662,0.018936502,0.39895833,0.5192095,1.1560522,0.032817937,0.0,0.0072288434,0.0,0.10420285,0.1390995,0.01656729,0.0046931626,0.35725066,1.4837124,0.0010870553,0.34602425,0.000804255,0.0,0.010164356,0.27923942,0.0,0.0018380956,0.0,0.4764539,0.5197475,0.0,0.0,0.0,1.4537522,0.009875788,0.14246124,0.031559333,0.023509782,0.009810519,0.06144654,0.05228969,0.020323344,0.0,0.0,0.045537475,0.15720698,0.98929113,0.0,0.21374607,0.6763852,0.09326129,0.23306024,0.0,0.0,0.0011129857,0.24399105,1.0441922,0.6458139,0.9669176,0.0,0.0,0.122519016,0.002641046,0.047561396,0.82602644,0.31938615,0.14964825,0.0,0.003750759,0.0,0.04281822,0.0,0.36240086,0.017909598,0.0,0.66708404,0.48576054,0.02600379,0.010400852,0.0,0.21495305,0.012290622,0.0,0.12597719,0.0,0.18979263,0.12669253,0.0,0.01580014,0.098544724,0.022924041,0.090206474,0.0,0.048289537,0.21890993,0.0,0.008417338,0.0012358241,0.09158586,1.4190298,0.6263955,0.118986174,0.090152994,0.02104424,0.0,0.15339206,0.00039673995,0.056739505,0.014062266,0.048892602,0.0076038875,0.021670599,0.016570074,1.3962679,0.058863908,0.0,0.9272393,0.01441078,0.8726568,0.02704394,1.1871803,0.3429157,0.026446544,0.027139874,0.0067874575,0.0,0.1431344,0.06656135,0.17940505,0.04045515,0.009815015,0.021704827,0.0,1.7881466,0.42976806,0.2570964,0.014406233,0.19413286,0.20754503,0.61760235,0.0,0.35233662,0.02567815,0.0,0.045314193,0.0013957175,0.2200781,0.0,0.110058546,0.08301312,0.080767766,0.020367704,0.004379386,0.1575896,0.6615121,0.049204875,1.0054694,0.0,0.0,0.0018782362,0.71903104,0.515989,0.0,0.15248272,0.32735512,0.05368559,0.079485744,0.59679574,0.0069642453,0.018919805,0.0,0.0009303036,0.009253084,0.26184875,0.047049813,0.052154195,0.00089154573,0.0,0.43026698,0.0,3.2565532,0.029480506,0.0,0.0045523047,0.13286278,0.008838053,0.3664944,0.22674303,1.372936,0.0,0.21178342,0.22353703,0.14543481,0.040195845,0.15661395,0.19966528,0.007548962,0.0,0.4604531,0.06753061,0.005159528,4.6126647,1.2081835,0.15543507,0.0,0.0012100004,0.0,0.22102757,0.1394822,0.16205673,0.0,0.15463585,0.11939247,0.17683157,0.2122798,0.097181484,0.04370589,0.284685,0.14386082,0.070643514,5.807479,0.0,0.53805125,0.0,0.032070182,0.0,0.0021841787,0.3884907,0.0,0.27569845,0.012968711,0.0075165965,0.78778154,0.0,0.010055415,0.0,0.0,0.011166481,0.2043908,0.15926062,0.00014214593,0.036314968,0.0,0.0,0.0,0.06370824,0.36407572,0.064426444,0.0,0.72839355,0.08000218,2.4836597,0.1108641,0.0,0.0,0.100101374,3.962173,0.041212674,0.06944268,0.011901344,0.0009790331,0.0006925745,0.014475215,0.0074115335,0.43124765,0.35006398,0.028170912,0.5430544,0.0,0.7926093,2.8511965,0.07163771,0.19791596,0.0,0.022542797,0.0,0.0,0.0,1.2207727,0.0,0.015276079,0.002078197,0.77755183,0.0,0.105893806,0.018918585,0.011315669,0.013243604,5.1498013,0.8848012,0.07048142,0.61756015,0.0,0.3200347,2.223847,3.9632869,0.8778865,0.016850974,0.0028160005,0.05143773,0.0,0.2950642,0.0,0.0,0.059990183,0.5454925,0.11609159,0.3429933,2.552041e-05,1.0446727,0.027973216,0.0066413335,0.39234498,0.08627721,0.0,0.0,0.15461418,0.0110228,0.0031385494,0.00016957002,0.030248567,0.015932975,0.0066794124,0.0,0.0,0.0,0.22423942,0.33489087,0.6757751,0.0,0.18797274,0.15732428,0.0068021836,0.0,1.8521457,0.0,0.2249226,0.0,0.081046544,0.0,0.0,0.022114638,0.31927636,0.0,0.0,0.8692856,0.0,0.06312998,0.030506749,0.10576843,0.26357993,0.0068217334,0.007265721,0.0593657,0.19648166,0.0,0.24834321,0.00913177,0.010836303,0.042808246,0.48361897,0.35630712,0.0,0.15977949,0.0,0.0,0.20429689,0.022495937,0.60572517,0.0,0.051951863,0.0,0.037329104,0.0,0.08190978,0.20331278,0.00048749664,0.0,0.8956076,0.0,0.0,0.4463722,0.014516082,0.08861351,0.0,0.0007885919,0.0,0.047043804,0.0,0.0,1.1129391,0.030945303,0.0,0.0043445188,0.17506415,0.0,0.6341778,0.0,0.03155254,0.13679984,0.008083351,0.020335894,1.8679903,0.28426647,0.14011945,0.0,0.0012083546,0.21562871,0.0,0.0,0.0,0.68855876,0.037616212,0.0,0.008567031,0.0,0.94566715,0.0074294317,0.0006299671,0.0118826525,0.036027495,0.7802048,0.20513074,0.012835977,0.0,0.0,0.0,0.024584288,0.045164447,0.11101417,0.0,0.108357094,0.61987364,0.0,1.6255691,0.10962593,0.9219449,0.0,0.055743635,0.026219927,0.010925859,0.021284577,0.15303819,2.15419,0.0,0.04129923,0.03525446,0.0,0.25968182,0.0,0.0,0.0,0.0014103914,0.9760657,0.9644702,0.24846098,0.0,3.2617638,1.5945303,0.053493507,0.0035113776,0.7116724,0.00955196,0.0,all_pothole_images\pothole_images_new_image_152.jpg
0.0649909,0.5907557,0.02269319,1.8080188,0.7653923,0.1535138,0.0,0.0,0.3072701,0.49164543,0.071058854,0.12252281,0.0,0.48509234,0.0,0.4553893,0.07531892,0.49801397,0.06438142,0.066483945,0.121992186,1.2904668,0.56760126,0.7517362,0.9847006,0.85357726,0.42558047,3.1419158,0.021718863,0.2590423,0.5159425,0.07108847,0.024008553,0.65327483,0.045956075,0.67774874,0.5324672,0.6544773,0.5145729,0.19038087,0.0,0.037386898,0.2547223,0.1853679,0.5839754,0.123843424,0.328963,0.007273177,0.6084841,0.27308732,0.20777461,0.05659159,0.10685558,0.005230963,0.03780339,0.31513405,2.126755,0.0,0.035425775,0.067231186,0.011724081,0.006761409,1.0390891,0.44335595,1.3419842,0.9276786,0.005316972,0.10955643,0.0,0.192993,0.13966289,0.30676335,0.31475103,0.19171813,0.27324814,0.13686827,0.0060679936,0.5014569,0.010011727,0.24415188,0.0,0.028946362,0.6253109,1.7773343,0.0014350781,0.1490225,0.19544694,0.12258565,2.0215416,0.11367204,0.016927825,0.43510035,0.27514753,0.2534548,0.24926475,0.014086224,0.06507374,0.35412252,0.8410971,0.22556269,0.07320573,3.3897548,0.28756776,0.0,0.24338567,0.006200637,0.36944282,0.37182578,0.030239195,0.84982175,0.12572038,0.67239046,0.42310196,0.16174845,0.6659295,0.41153538,0.86397105,0.0,1.2696751,0.35394412,1.7878034,0.13060144,0.0,0.64499855,0.23918092,0.70867974,0.42959023,0.005826894,0.6449187,0.11042744,0.30268738,0.026964338,0.077636875,0.018342787,0.11501558,0.45960718,0.026080227,0.017354965,0.20930794,0.0041723144,0.32831076,0.2753169,0.5704522,0.4705091,0.034938257,1.2992753,0.0022648785,0.11401864,0.082021326,0.026425658,0.11577769,0.49027142,0.21915416,0.015547458,0.5185829,0.5936175,0.20255116,0.23375432,0.10082733,0.5600826,1.3062334,0.70772564,0.07643103,1.5334547,0.13676302,0.40785724,1.9597502,0.6535124,1.3151836,1.8142678,0.0,0.031816985,0.13264173,0.09543204,0.24992514,0.049319666,0.3748888,0.1549831,0.33826438,0.2336347,0.027430534,1.5111634,1.608537,0.35107642,3.233691,0.11314134,0.0844561,0.27300897,0.5724948,0.7992076,0.0,0.022084653,0.028334659,1.6958456,0.59096235,0.0371481,0.33350307,0.27895913,0.18581212,0.06315611,0.23539504,0.4656716,0.12867129,0.5654936,0.8271981,0.46205,0.10056138,0.27509147,1.9111736,0.35216802,0.0,0.052923463,0.31089598,0.187165,0.4871306,1.2628679,0.41426507,0.013739888,0.553953,0.2928771,0.47332707,0.22570795,0.36902922,0.105352506,0.0,0.14151618,1.4944223,1.0686855,3.0771127,0.64603686,0.039434236,0.06258311,0.580775,0.07976455,0.96610945,0.0,1.9993408,0.02699203,0.23508944,0.11943119,0.10223488,0.024421876,0.3431774,0.18043435,0.1499741,0.0,0.53628415,0.34860092,0.10978839,6.4004874,0.47386214,0.05152172,0.06364588,0.118769296,0.009776103,0.18404618,0.95272756,0.16270259,0.018551312,2.659605,0.12615794,0.07905768,0.49261886,0.014285499,0.34868887,0.6992032,0.13207228,0.10588822,0.8917301,0.0066346554,0.07884662,0.029741623,0.08890267,0.12710598,0.63151735,0.61921424,0.017651342,0.3195954,0.21618442,0.81508446,0.9542641,0.27987427,0.17511173,0.20322725,0.400988,0.1542166,0.5629158,0.24914014,1.1101422,0.2573759,0.0025940274,0.066460155,0.03937272,0.94924176,0.17302194,0.17493436,0.07768831,0.55124485,0.22201946,2.2293293,0.2393459,0.038839404,0.0027616436,0.0,5.84902,0.52779335,0.016588902,0.05131371,0.3577273,0.7908512,0.0789612,0.20060432,3.6804953,2.6136646,0.5376712,0.17624985,0.0,0.88100874,3.2651708,0.20269632,0.017757624,0.0010194088,0.3134073,0.07137993,1.238198,0.7683513,0.39170283,0.010181832,0.13943078,0.009383781,3.1183922,0.12922193,0.032286312,0.0,0.11705357,0.01786042,0.935451,0.0021208217,0.24805403,0.71872085,0.10287435,0.16508435,2.5119095,0.04004027,0.13827832,0.16959353,0.14582118,0.15642004,0.44480824,0.2952474,0.26503003,0.47236785,0.005300614,0.30020085,0.10207457,0.12773001,0.003547912,0.8551058,0.26165885,0.7150111,0.07587187,0.09178616,0.3897899,0.077828065,0.0,0.0,0.70899177,0.12499393,0.08298594,0.059796974,0.88044053,0.0,0.037842266,0.0073718457,0.16691977,0.5916759,0.19483112,0.16046429,0.17867999,0.06408955,0.09970011,0.0,0.11743609,0.71225816,3.5244725,0.3169507,2.2977626,0.083813295,0.029113876,0.8852066,0.51264143,0.9163747,0.037036724,0.66604626,0.033280283,0.07708773,0.45378718,0.1989736,0.044565,0.40481177,1.3224916,1.3618628,0.14801471,0.21632671,0.1470361,0.45723465,0.021821793,0.3787982,0.3169572,0.13083643,0.07624146,0.030094663,0.030048652,0.15374167,0.0050055496,0.38968742,1.5257398,0.34133023,0.621127,0.1960569,1.614591,0.002484602,0.60568035,0.076910764,2.1289332,0.056571934,0.9099892,0.08999,0.20161673,0.27207264,0.3775391,0.0526762,0.57832974,0.085029036,1.1215698,2.1767526,0.07798721,0.0739865,0.2580812,0.10070413,0.9882297,0.31724727,0.037000697,0.11672039,0.14385515,0.004929234,0.85171866,0.6573968,0.04418268,0.8047796,1.0857041,0.3435974,0.7095135,0.13826583,0.41590494,0.9201416,0.21954684,0.24547316,0.12395905,0.8095057,2.2239506,0.0050969757,0.16966972,0.0,0.7466513,0.1037127,0.0,0.027360642,0.04416391,0.8883352,0.36747664,0.14047623,0.1045917,0.02485464,0.3092253,0.09093376,0.0,0.5706573,0.22532432,0.097230166,0.0,1.7708143,0.914474,0.10252908,0.010630834,0.049750082,0.015680209,0.040457144,0.6586973,0.0,0.39938056,0.97454137,0.29299974,0.0,0.014291308,0.041574255,0.21470778,0.10400137,0.27055204,0.20387574,0.06110893,4.337563,0.3210181,0.2599723,0.17636073,0.74668205,0.10003299,0.13821857,0.6175842,0.38346225,0.3237719,0.092643574,all_pothole_images\pothole_images_new_image_153.jpg
0.58316624,0.43322158,0.5216326,0.25132027,0.8552836,0.66922235,1.0493357,0.6975281,1.3719894,1.7865419,0.055397242,0.71191436,0.8108941,1.6305041,0.043870855,0.37038666,0.4018893,0.09594617,0.63556176,0.3373871,0.45940322,1.34781,0.59883076,0.8906787,0.8090223,0.4657379,0.65315807,0.73239374,0.16533086,0.3812012,0.5756636,0.4777597,1.3681569,1.8032428,0.90990496,0.63407874,2.0452957,0.41977826,1.2257513,0.97134244,0.321575,0.7850234,0.30894446,0.97153205,0.01296855,0.777602,0.06365382,0.0045174183,0.3965603,0.82679856,2.272513,1.2074589,0.71755046,0.29180273,0.3313263,1.0822847,1.7179734,0.24958625,1.36406,0.04450515,0.44180045,0.35848624,0.030251672,0.14091416,2.4798148,0.53034234,1.4014397,0.37251937,1.2467108,0.18268967,0.58705425,0.03517646,0.06794858,0.65277004,0.20942199,0.8001529,0.20912053,1.2072453,0.8667679,0.91108525,0.06442782,0.7060891,0.49913564,1.503492,1.2881578,1.4521129,0.59241366,0.3692237,2.1561809,0.904652,1.2349743,0.2834751,0.11314548,0.999058,0.34651208,0.177007,2.676056,0.18431778,0.47099444,0.3100389,0.03394857,2.2276099,0.6498393,0.44954762,0.6326865,1.0841701,0.1932621,2.726833,0.10856595,2.4827652,0.097078554,0.70595586,2.2109349,0.6950419,0.36367175,0.96722746,4.2485247,3.9346662,1.5261289,0.33894426,1.914497,1.2504635,0.67143196,0.9871914,0.38110685,0.29838923,2.1514127,2.221336,0.90051967,0.027306901,0.54182816,1.856733,0.5353546,2.0200703,0.22694735,0.7931626,0.09920893,0.19999512,0.440135,1.0767908,0.5344299,0.7115537,1.0124551,0.78318256,0.11589684,0.41723648,0.0839791,0.28546312,0.49534443,0.7786818,0.7336282,0.29269987,0.6201393,0.13993703,0.72882855,0.86650145,2.7552428,0.584544,0.21855552,0.24276924,1.420095,0.17567265,0.07051434,7.1042185,1.6663013,0.6746053,0.4532395,0.32252514,1.0555704,0.20805922,0.614514,0.28601912,0.22111444,0.42019913,2.5626748,0.012629598,0.13201028,0.90827745,0.24002421,0.13941644,0.6165886,0.614771,1.3704205,3.255944,1.0924195,0.241252,0.32016295,0.84376574,0.0817256,0.56834376,0.19794767,0.42859152,1.3934618,3.5330162,0.9661864,0.16203526,1.3654548,0.509106,1.119064,0.7109107,0.464741,2.0628982,0.7913434,0.36496124,1.2969414,0.46663222,1.3665355,0.29352337,1.4865643,0.2605444,0.044796914,1.4505992,0.5016302,0.29523653,2.106966,0.6832308,1.4125338,0.055651266,0.5706646,0.90733945,1.1962757,1.1630632,0.277308,0.59722257,0.85065,2.0406146,2.181786,0.38025042,1.8205924,0.30361128,0.16835093,1.8389834,0.8707342,0.10315145,0.07680352,0.03224454,1.7548426,0.5468444,0.10618786,0.6362999,0.6425003,0.064961985,0.67523384,0.4970878,1.6145592,0.1718351,0.34355202,0.06729035,1.1931077,0.3494259,1.1081878,0.54173654,0.5542073,0.122091375,1.0559233,0.19278802,0.39700598,0.38671657,0.77791685,0.42471623,0.33511612,0.47567537,1.4781656,0.9549544,0.11574475,0.48764583,1.1047354,0.17775704,1.0498643,0.23056026,1.3672289,0.015948823,0.4085226,0.47054875,0.42299995,0.6995688,1.9161209,0.47863978,0.51431197,1.368883,0.47285664,0.59129286,0.09194053,0.79139686,1.6235507,0.14572978,0.29155263,0.16188866,0.82444763,0.48217323,0.8668517,0.5439153,1.2874601,0.55189264,0.14394362,0.4566429,3.3634331,0.24312969,0.75878274,0.00090421824,0.87368274,0.7496096,0.7422929,1.2946769,1.2664589,1.4224573,0.39353046,0.72023875,1.1464297,0.5575636,0.98076224,1.252317,2.9562075,0.87046444,0.41328436,2.0060952,0.11556015,1.1282098,0.9499919,0.3969992,3.2814798,2.6895642,0.41937295,0.002727898,0.3648117,1.847044,0.30212513,0.84301555,0.25803986,0.3640199,1.2393728,0.5593181,0.44577026,0.11988752,0.6654549,0.21105143,0.24501508,0.33181095,0.44012293,0.92724776,0.4532218,0.6643823,0.32072443,0.06686121,0.027596492,0.29257405,1.2502514,0.15045854,0.020658376,0.96394837,0.119483225,1.254612,1.3826774,0.6728995,2.5927866,0.33577576,0.94416773,1.2778587,0.53225577,0.93249214,1.0742947,0.6990265,1.7595643,1.4882617,0.6253025,0.38073093,1.5336052,0.22209907,2.1139433,0.4677962,2.2037623,1.8216982,0.17767416,0.4067668,1.4136237,0.6161201,0.6795756,1.7477952,0.0,1.6958008,1.2852272,0.45378205,1.2009948,1.787704,0.5540002,0.45816416,1.2820343,0.3248742,0.943987,1.2096702,0.46284273,0.9360116,0.02171197,0.32202464,0.25884724,1.830941,0.88314366,0.66550356,1.27771,0.14253755,2.6499867,0.20959984,0.6231208,0.5729608,1.393211,0.29440954,0.4772847,0.48976326,0.07546708,1.3036264,1.3054578,0.58274066,1.5177202,0.4374258,0.21203743,0.441051,1.7379,2.9273798,0.7675641,0.47417516,0.8487857,1.0825224,2.2812054,0.64661103,1.7526124,0.20242529,1.6211135,2.3834105,2.6930714,1.0937054,0.3108563,2.8390105,0.7504149,1.2711294,0.39535445,3.8243687,1.4750712,0.20249744,0.4416284,0.32333443,0.916888,0.9432208,0.18142742,0.37074435,0.0,0.00891496,1.748913,0.38778904,0.2975213,0.41723615,1.4569471,1.0370291,0.47576314,0.46360427,0.22695129,1.9452667,0.8927102,0.09020486,0.7865614,1.4943768,0.5700991,0.8810506,0.7855301,0.009152651,0.60146207,0.9229328,0.73091155,0.14829846,0.30260134,1.6301856,1.3981893,0.8948072,0.20186888,1.0828738,1.2263134,0.64611435,0.269091,0.96350735,0.2991167,0.5991815,0.9032024,4.317061,2.6160338,0.9035786,0.052255582,1.4522297,2.4427357,0.030977944,0.1378963,0.5449916,0.7007264,0.12308159,0.13664787,0.48768443,0.59181505,0.10296343,0.62373894,0.7055955,0.043660965,0.6180099,0.10290533,5.007126,0.35185802,1.6528691,0.7043472,0.53391886,0.008078695,1.5062063,0.87175196,0.78951174,0.78877753,0.52349913,all_pothole_images\pothole_images_new_image_154.jpg
0.21928704,0.6973018,0.76938033,0.6496501,0.105995625,0.121298596,0.80058444,1.9504308,0.06908742,0.09565211,0.13828075,0.2274048,0.118383646,0.48042744,0.009077557,0.011708582,0.37972462,1.6128265,0.4803648,0.030722287,0.1145864,1.0293814,0.3234897,0.3989637,1.2166775,0.7806591,0.21804857,1.1807096,0.0018400527,0.11942228,0.16912211,0.0,1.2129705,0.6638701,0.2841608,1.1806248,0.07506863,0.5796869,0.0,1.6200765,0.004373382,0.0,0.3148818,0.33107024,0.0089371735,0.039449167,0.2245523,0.0,0.31146434,0.53633446,0.0714086,0.734258,0.04895181,0.10122857,0.8038473,1.378411,2.5995586,0.14871207,0.37701732,0.09919981,0.5897584,0.059603866,1.2060637,0.1682338,0.3145577,5.4691496,0.20963548,0.08482988,1.213795,0.46933517,0.07888159,0.044706568,0.16236514,0.2541784,0.2029616,0.140509,0.19109552,0.6800568,0.1396043,1.3097148,0.16204637,0.069514416,0.2299929,1.8001399,0.25062343,0.56623405,0.12242465,0.072084256,1.2540997,0.4163122,0.47102004,0.17840753,0.054886505,0.20927213,0.11518702,0.102768466,0.14103289,0.44868064,0.9474509,0.08540242,0.22139339,6.3482246,0.22278039,0.13632192,0.603479,0.41250932,0.1749023,0.07705193,0.47664014,0.83141255,0.0020533982,0.7313095,0.050621405,0.12163137,0.4965381,0.5017261,1.8756709,0.5165808,1.9494469,0.16661406,1.0777044,0.34781113,0.52746654,0.5398461,0.33619022,0.532319,0.39950836,1.5027014,1.4638987,0.06153664,0.5272645,0.03474803,0.33307093,0.4106134,0.2266247,0.29193178,0.25260535,0.71140754,0.051745847,0.4821017,0.6881796,0.02639846,0.54248255,0.47034213,0.36652133,0.98896205,0.048161957,0.0025957727,0.026632683,0.111981995,0.31269658,1.0063752,0.021899207,0.13152201,0.50866836,0.58614856,0.21799797,0.7474922,0.09159778,0.2864503,2.0362537,0.4794777,0.026953192,2.7154503,0.9016214,0.037402693,1.1032287,0.87883097,0.42691898,0.9148293,0.35942096,0.1833745,0.0438302,0.33096904,0.90433747,0.086978726,0.2655389,0.043242384,0.048750468,0.28497306,0.011277942,3.2410965,3.708435,1.1504117,1.3168458,0.032631762,0.06571381,0.5558563,0.51399696,0.33061162,0.6509039,0.17693414,0.1936146,3.2784772,0.018298868,0.13933836,0.5499751,0.6808814,0.011807857,0.5706795,0.05878516,0.20553367,0.21980359,1.1794608,1.5080696,0.5685598,0.781038,0.06194546,0.791003,0.5657646,0.021926958,0.17031842,0.099068604,0.5782031,0.07986463,0.120452546,0.61113405,0.19701833,0.091795325,0.043939423,0.51070106,2.0027251,0.3100347,0.12245602,0.01464867,0.44228822,1.980776,2.5864265,0.91623676,0.79668605,0.0016971665,0.5214134,0.6015391,0.17795354,0.44339883,0.029819055,1.1491553,0.14051084,0.014441158,0.009374188,0.23903453,0.2100202,0.1686368,0.123877175,0.16169089,0.022367558,0.2534114,0.79209137,0.8431971,1.3209773,4.1362147,0.018039308,0.67380375,0.041558392,0.19250336,0.7862158,0.15390244,0.028285602,0.20418587,1.9009924,0.68573767,0.15515703,0.19933295,0.48239547,0.5826183,0.45248234,0.023436302,0.4772896,0.25858712,1.1787058,0.114602126,0.16304056,0.11712825,0.12249921,0.7184427,0.2979388,1.0086166,0.46982262,0.31552976,0.38459694,1.0982215,0.09892401,0.03475643,0.060654853,0.6229189,0.17140178,0.94113207,0.41479105,0.44994697,0.0,0.22371478,0.07939205,0.2145532,0.7986782,0.20815277,0.27177852,0.3050683,0.79974884,0.047384657,1.3806314,0.25244278,0.23385404,0.38570428,0.01745472,1.628512,0.18018162,0.04952625,0.037372615,0.059617016,0.13061889,0.81672525,1.0631889,0.9637475,0.67079496,0.49398375,0.28462705,0.23558457,0.8048063,3.2955334,0.011902889,0.49529895,0.18564695,0.38177273,0.0789739,0.56885844,0.60558546,0.053888753,0.033392686,0.1616285,0.10242448,0.7083352,0.5766735,0.20312262,0.16487616,0.27659082,0.40685478,0.2631004,0.6942887,0.5320389,0.27574643,0.0027061298,0.39601338,1.0154076,0.041442562,0.31926763,0.05064531,0.01799535,0.15955734,0.002208508,0.4305036,0.36164746,0.1932941,0.09005667,0.7092788,0.07567345,0.63127184,0.38714612,2.2203999,1.0434455,0.44206855,0.3136149,0.629838,0.7608844,0.40409535,0.0,0.0062663653,2.186965,0.17500563,0.37947413,0.35682708,3.4990275,0.060017046,0.60505754,0.08145172,0.79719293,0.1280748,0.12087088,0.009308486,0.361267,0.40153787,0.6322575,0.0,0.10190043,1.1726912,2.8070617,1.2315688,1.1285175,0.1653025,0.03739717,0.05943615,0.85312575,0.08129451,0.0,0.12457035,1.332721,0.1834547,0.93192685,0.34610713,0.44674963,0.26262936,2.0944889,0.41084507,0.015740795,0.35630548,0.6091252,0.002480198,0.007145521,0.7337222,0.035240903,0.3600667,0.44337872,0.3625878,0.23038365,0.19463055,0.008409889,0.14935274,0.22461914,0.5681522,0.6411246,0.0014946671,1.2733741,0.017076088,1.0137595,1.4482526,0.9509139,0.4273455,1.6869315,0.76121455,0.33375207,0.12366404,0.11085406,0.25340256,0.04288237,0.9568072,0.28356585,2.6015806,0.06764892,0.8173582,0.41159874,0.06607586,0.54571694,0.14760758,0.107168525,0.067182265,0.39271423,0.05953926,0.71839297,0.64768946,1.2494121,1.3232323,1.1257691,0.16536523,0.0063545397,0.66869557,0.7040919,1.2517875,0.0,0.11486382,0.5281458,0.30356857,1.109765,0.51431215,0.5297898,0.032448687,0.23197381,0.5135508,0.43392637,0.19017634,0.024777392,0.22066809,0.96902144,1.4893532,0.41859335,1.1289806,0.026388735,0.18013413,0.3179341,1.1002715,0.562379,0.00033146143,0.42080018,2.827631,0.025649408,0.28710946,0.0012845086,0.37433463,1.9748762,0.015032882,2.8094146,0.003100931,0.67022806,0.1256569,0.09506328,0.1886167,0.21714017,0.10246762,0.20525824,0.045096334,0.46763536,0.060654815,0.10159847,3.247647,0.32023644,0.43029404,0.48624578,0.11478314,0.0,0.1594866,0.7665332,0.049300455,1.2073435,0.15606982,all_pothole_images\pothole_images_new_image_155.jpg
0.9696487,0.28908327,0.025261031,0.64994484,1.6279131,0.6635048,0.054086987,0.0037934913,2.1146827,0.2788868,0.27095297,0.018027723,0.024675695,2.3809793,0.0,0.13434069,0.0,0.1663041,1.9605321,0.68004173,1.1972289,0.12233722,1.3108838,1.4837239,1.3194529,0.005573681,0.21164471,2.862819,0.10171322,0.06377603,0.5629415,0.2851352,0.029041084,2.1451206,0.3867615,0.38144767,0.03807258,0.614331,0.06322422,0.10092109,0.014173069,0.4205724,0.28978428,0.875502,0.026286114,0.06878769,0.6367037,0.555127,0.08063941,0.2638611,0.07693078,1.1185898,0.18729645,0.030355796,0.1580396,0.46139932,0.09129973,0.2471552,0.28233495,0.023306902,0.41129875,0.9276973,0.64120317,0.38496107,2.6982496,0.16696058,1.2750394,0.80298007,0.1934257,0.3317951,1.7019655,0.0025521913,0.0,0.03285182,2.2998517,0.032151,0.751751,0.26245436,0.0013683244,0.096790165,0.0,0.24067102,0.30349746,0.56604826,0.2312607,0.3513657,0.3760234,0.17745495,1.1732098,0.08796078,1.0575179,0.5836896,0.0,0.74556303,0.30549294,0.88736445,1.3608018,0.6516503,0.012287992,0.83310294,0.073540814,0.9496338,0.0,0.18784624,1.2778249,0.8438614,0.0,0.0042139995,0.31943256,1.7534674,0.18213685,0.08917015,0.06637089,0.49776262,0.20547892,0.0,0.42221504,0.09861067,0.5031438,0.5129303,2.2558904,0.34237614,0.42200494,2.5524256,0.024653204,0.18229428,0.0,1.0205853,0.21730123,0.40912896,0.33728713,0.0838225,0.12842365,0.48328832,0.52125525,1.1338594,2.034827,0.4255781,0.3717821,0.7297611,0.42870718,0.52977973,1.064923,0.5321302,0.036403988,0.06497096,0.10272697,0.05853453,0.8069599,0.15278405,0.11639237,0.025250707,0.7596163,0.9766925,1.9934047,0.34398142,0.4207615,0.3367373,0.059530687,0.9812773,1.3514936,0.30466822,0.10802966,1.6057822,0.20923424,0.002181299,0.74511087,0.1499072,1.1405752,3.6273696,0.026614705,0.3623089,0.014459109,0.17247845,0.15219642,0.6753884,0.087734066,0.14922163,0.32772765,1.1904452,0.27064258,1.3445044,0.2744892,1.6083269,2.582332,3.726103,0.02553325,0.0052519664,3.7828314,0.80995405,0.06385441,0.20992687,1.3963882,0.88019484,2.7719476,0.4067325,4.406204,0.9036731,0.3579328,0.0448235,0.0,0.5859975,0.031272337,0.12554394,0.72723264,0.18439154,0.5480709,0.004426609,3.0631208,1.3612173,0.018590512,0.18235038,0.008371865,0.04707254,1.2947215,0.1256798,0.631588,0.048242997,1.1756061,0.11933453,0.4810649,0.07008199,0.9878709,0.17426853,0.003701459,0.16565813,0.012526957,0.030203996,5.169117,0.29355514,0.011070948,0.27606565,0.25656465,0.027960382,0.022491252,0.21214895,0.58802074,0.05757963,0.12343824,0.14682893,0.1134142,0.35396415,0.34187087,1.038845,0.006328657,0.0018182795,1.3864322,0.08787283,0.35591242,3.488802,0.13376991,1.2933207,0.02322778,0.8483885,0.37421852,0.726648,0.07892368,0.6211344,0.07987467,1.0850205,2.1312494,2.2752883,0.47585404,0.06611549,0.0,0.44654006,0.064319715,0.36023977,0.50657725,0.17455052,0.01022036,0.024409095,1.8445371,0.37917164,0.053262725,0.4457274,0.81503725,0.79072976,0.45480657,0.068162486,0.25408864,0.24034084,3.211328,0.40620232,0.12095175,1.7063667,1.5310463,0.0,0.21321008,0.011766012,0.0011422258,0.89057237,0.09880212,0.13154283,0.8369583,0.12337116,1.1585748,0.031153107,0.109695986,3.628118,1.1005489,1.3154159,0.0,0.54139936,1.6218314,0.0061732335,2.1135428,1.7798334,0.13164496,1.0968797,0.17566538,0.3450146,2.494812,1.8010932,0.6850525,0.061527245,0.10453938,0.26411262,2.836832,0.036093585,2.0630634,0.6972657,0.885525,0.16200803,0.6495617,0.93887085,0.36265987,0.0,0.14315161,0.53002423,2.5438054,0.2748885,0.072088264,0.038070057,0.23190595,0.056671403,0.28117833,0.022753924,1.1012641,0.47782624,0.35494956,0.13652353,3.6734378,0.90498966,0.17302601,0.0,0.0014772331,1.0912797,0.95460874,0.050699733,0.008710676,0.6477188,0.0060959305,0.6756111,0.20153765,0.13730839,0.017117988,1.2059296,0.3725473,0.98824906,1.8482971,0.872579,0.28012553,0.17095518,0.07891909,0.05669802,1.1414083,0.06158522,0.7834292,0.41918412,0.010220042,0.45561612,1.0283778,2.0656006,0.6379262,1.18249,0.390064,1.872752,0.022781821,1.2603103,0.85449654,0.07671631,0.036778755,0.7031721,0.5616773,0.13444547,1.6440477,0.05517965,0.3999267,0.48334876,0.60603493,0.11174087,0.11275807,2.1283512,0.0,0.791016,1.2507178,0.57100326,1.2150357,0.009859271,0.2203326,0.43083265,0.24555634,0.0580068,1.0891429,0.011546823,1.4063243,0.4523131,0.48450089,0.4515393,0.23281445,0.09959791,0.6814723,0.044513088,0.057411723,0.43238613,0.5362181,0.14897881,0.14711437,0.7741728,0.28060928,1.2432207,0.27855566,0.9653097,0.8229496,0.07003898,3.245246,0.019823514,0.02412024,0.09209551,0.10595663,0.85833067,0.39382964,1.1078618,0.098564245,0.14792962,1.0947245,1.3094885,0.15151861,0.0,1.5090184,0.0037322673,0.0,0.0,0.0,0.014007128,0.042652722,0.018219322,0.56848156,2.1863453,2.1467865,0.51993084,0.54668033,0.07328803,0.07419298,0.62865794,0.10364157,0.11468739,0.76255035,0.322166,1.3056273,0.24971233,0.086719126,0.29349115,0.21968654,0.66768754,1.5330848,0.09301292,0.093192115,0.094658546,0.29916713,1.1443839,0.020539638,0.05184006,0.11180901,0.9397052,0.02114702,1.000595,0.7135967,0.0,1.1286039,0.5253646,0.0,0.21529028,0.3537255,0.47778654,0.088934585,0.029711135,1.3111613,0.0,0.54570794,0.5323123,0.024909984,0.1405831,0.0,0.0,0.41248074,0.043330073,0.0,0.061236165,0.05859037,1.7364396,1.0042473,0.42801118,1.4403378,3.0393295,0.20664588,0.031693205,0.090438284,0.83669215,0.762862,0.30945858,all_pothole_images\pothole_images_new_image_156.jpg
0.83370954,1.3264679,0.0889557,1.3152931,1.1086425,0.016271438,0.34187546,0.2315133,0.0969162,1.314838,0.5728455,0.5806932,0.19944777,3.2005677,0.10900428,0.63427824,0.6269938,0.045631096,0.442888,0.6230238,0.9309065,0.15056829,0.23763838,0.8012116,1.0041614,0.4021141,0.09583213,2.3987873,0.06389965,0.24961719,0.39914337,0.17707196,0.1526817,0.9022747,0.091508426,0.85755575,0.14309199,0.810282,0.99323004,0.05691797,0.083790265,0.019241204,0.108244754,0.73161346,0.58516574,1.0777781,0.029981831,0.16754217,1.1521181,0.286696,0.9537378,0.55489206,0.50589633,0.11384242,0.72000885,2.6448221,0.23978342,0.25170135,0.55245525,0.1517971,0.34520876,0.084470876,0.30257002,0.1155645,0.2958805,0.55776745,0.97397906,0.0638755,0.0,0.038143333,0.85283786,0.10242127,0.16202189,0.15763086,0.75209415,0.114398934,0.16755438,1.5278488,0.12087784,0.38234812,0.71296537,0.45166287,0.23364732,0.75481665,0.15779908,0.10717236,0.084986195,0.0,1.5793478,0.46454716,0.40227914,0.056426503,0.34812856,0.76102614,0.24346332,0.8504688,0.6988776,1.7456783,0.3483346,2.5176504,0.17264844,2.8039963,0.22385642,0.010783725,0.8058752,0.07517175,0.6597173,0.47648168,0.31395346,0.39951912,0.09327384,0.31943494,0.26543444,1.0727245,0.14886014,0.14845991,0.08830282,0.3800526,1.2438337,1.0866599,2.8358126,0.253386,0.0,1.5874044,1.652533,0.96254855,1.0456798,0.26969504,0.00662831,0.5043421,0.044273026,0.12910171,0.127054,1.0851682,0.3577164,0.26439196,1.3692279,0.07654274,0.65126073,0.22618906,0.55578303,0.058112532,0.54075956,1.3710806,1.166185,1.2607071,0.19305521,0.38036898,0.06631601,0.17983636,1.3362056,1.2833976,0.22816285,0.28948802,1.0109684,0.60898167,1.325071,0.81620866,0.57887924,0.8737957,1.475288,0.35023353,0.37132037,1.8995435,0.1398804,1.234575,0.458953,1.4437304,2.2708724,2.6329763,0.004334148,0.0,0.19595103,0.6406077,0.7531285,0.5677222,0.31038117,0.42861354,0.15011942,0.051533796,0.31142297,3.0670073,1.1558306,2.0647612,0.85816306,0.29204875,0.045601737,0.8457556,0.70734495,0.27569535,0.22583652,0.0147949895,0.71959937,0.51533735,0.42205545,0.5722945,2.7824025,0.03124243,0.83425653,0.25158438,0.7072524,1.4599767,0.6741334,0.18607311,0.6929749,0.074584916,0.91256446,0.54189134,1.7997065,0.009318304,0.023318898,0.006923748,0.31478602,0.7512996,1.547281,2.4598546,0.23774166,0.0029528504,0.7328009,0.057096813,0.34594077,0.00951075,0.2820712,0.2839622,0.0,0.5055024,0.7154861,0.24026039,2.0178525,0.7500498,0.013470647,0.024669806,0.42867425,0.2584843,0.26017508,0.06566285,2.685889,0.6080608,0.109028146,0.17082563,0.26259324,0.13115647,0.032298137,0.038681228,0.943506,0.0,0.046149526,0.09151783,0.22089832,3.6217072,2.1415799,0.18117695,0.05286376,0.27192363,0.79827756,0.73280144,0.22356905,0.28619885,0.34376416,2.380901,0.3368035,1.41946,0.9264549,0.0,0.0005510991,0.21021299,1.5957314,0.14495547,3.318435,0.0089105815,0.13035043,0.0,0.99467546,0.7529382,0.30031526,1.2099783,0.0,0.09938857,1.2339677,0.70224774,0.7875861,0.7765803,0.6919073,0.63457704,0.3287354,0.36765665,0.7961592,0.26411483,0.6934314,0.13061695,0.35466945,0.7791496,0.074744694,0.39362466,0.2841226,0.92608285,0.102013394,0.058021773,0.14936796,2.5431771,2.3514752,0.55203027,0.59202045,0.70054513,3.6434717,0.080350526,0.62021464,0.003538604,0.43500805,1.7441229,0.31095502,2.0067754,1.4947639,2.846147,1.2897426,1.6040618,0.0026590985,1.1936362,3.9546185,0.3556646,0.20530142,0.3262787,1.8750921,1.3377479,0.043305308,0.24607094,0.35634944,0.015466402,0.14629836,0.11800606,0.37325746,0.35979936,0.027805515,0.14673387,0.46964544,0.11800879,1.0498359,0.5775637,0.10874495,1.092068,0.3690346,0.017297331,2.9065402,1.0751712,0.4512603,0.078989126,0.98681,0.101695396,0.7156353,0.013797761,0.01355281,0.71289355,0.43540052,0.1330343,0.48867637,0.0008970363,0.16190009,1.4173714,0.068506405,1.0279299,0.86096454,0.54205716,1.5649165,0.43254915,0.1773842,0.011082733,0.82039315,0.46501163,0.9015282,0.420488,0.8473191,0.15900758,0.2557143,0.009502913,0.0,0.2529961,0.0,0.020685539,1.0059867,1.0152234,1.0776293,0.10117452,0.08602916,0.16039015,1.5351824,1.3252293,1.6110095,0.0382388,0.05088368,1.4950536,0.45506394,0.35724747,0.39745572,0.014876025,0.0212762,0.21044415,0.32156938,1.3521278,1.207646,1.6107891,0.8923487,1.1689613,1.2183583,0.06581834,0.0910156,0.80528325,0.5091686,0.6625086,1.7624583,0.28488562,0.6819134,0.41724133,0.1589825,0.67675906,0.24677113,0.41211504,0.0890948,0.34835547,0.07235582,0.2267395,1.897837,0.3097003,0.24667177,0.13666332,2.7303572,0.0015249294,1.4605056,0.57139677,1.7137998,1.0148356,0.5434057,0.23671284,1.276895,0.8104765,1.808515,1.475785,0.59851784,1.4572059,0.020955777,0.53437126,2.662154,0.29746774,0.009758944,0.055034034,0.27618623,0.017858954,1.3034451,1.071161,0.050213736,0.9945557,1.6153007,0.41184768,1.0722469,0.16850561,0.22344157,0.6852137,0.29277378,0.19070557,0.37557912,1.5701097,2.803896,0.27071702,1.2607026,0.030345282,1.6024095,0.070462935,0.06995179,0.036415797,1.4536313,0.62377214,0.60668766,0.027866706,0.010528353,0.29617345,1.4761057,0.0027402956,0.1530275,0.25336847,0.057449568,0.14952122,0.32880145,1.0661403,0.15554154,0.208553,0.114522435,0.094476774,0.051490474,0.0074526835,0.33480617,0.00067857234,0.2737549,1.7188014,0.11991209,0.031611346,0.1416872,0.10884776,0.22686319,0.06197286,0.2999072,1.4189658,0.3177093,2.1826437,1.2865001,1.9185711,0.3061616,2.0723095,0.21457258,0.17561807,0.61273444,0.37713283,0.15251523,0.05193442,all_pothole_images\pothole_images_new_image_157.jpg
0.9081578,2.7881587,0.06448652,1.1496874,1.6664943,0.21409018,1.0981841,1.080809,0.08058716,0.55716634,0.6100512,0.6116053,0.20748562,1.0904377,0.43989566,0.5222567,0.39470384,0.25134918,1.5370561,0.72038037,0.57090366,3.7583556,2.9654815,2.0245,0.06249535,1.3850677,0.05782947,0.9640559,0.033879362,1.6511441,1.0512818,0.22933485,1.2438905,0.01518896,1.3420645,0.94651884,1.1994319,0.5978073,0.06126255,0.5470297,0.14507952,0.32357144,0.4262526,0.73472595,0.6294508,0.7894858,0.09718266,0.0,1.4068959,0.0,2.729401,0.73771995,1.4449834,0.60807747,0.0,0.7533813,0.7546273,0.10425612,0.86974144,0.43238822,0.12650943,0.009200952,0.509937,0.03142579,2.1665378,2.323394,1.1023142,1.4358175,0.63099396,0.40785614,0.42919266,0.27754828,0.31177977,0.083613634,0.10219186,2.7543132,0.36057472,0.38935828,0.0054178713,2.3706243,0.20534791,0.7134726,0.2814541,1.7406083,1.8962644,0.77192235,0.0028290174,0.040292073,3.6577733,0.54556704,0.5090277,0.91040957,0.32399178,1.3203593,0.025956413,0.3643662,1.4219948,0.5101894,0.7761922,0.003418378,0.39059514,0.7280231,0.574967,0.0,0.64100826,0.7720601,1.3391364,0.40603122,0.04165114,1.3445628,0.9048382,2.2598357,1.0663942,0.43548334,2.4083886,0.58045626,3.1584861,0.5666647,0.31742045,0.76111656,0.81159467,1.9958361,1.88547,0.78617173,1.5519781,1.3429186,0.14036001,0.20640957,0.3846461,0.24933627,1.5781187,1.611774,1.8459312,0.58524936,0.18909276,1.6669573,0.18381064,0.06568071,1.6472971,0.5976961,0.31320328,1.8301468,0.59746987,2.2170746,0.37923762,0.27236688,0.5490443,1.1850033,1.0657719,0.37460834,0.32665572,0.08534566,0.94222593,0.60165584,1.8285917,0.24183315,2.0563033,1.6930604,0.08964357,1.1861317,3.1906693,0.19527622,0.12762569,5.376443,1.6187047,0.29013777,0.24682084,0.20786864,2.1229644,0.21050055,0.8793003,0.0,1.0717897,0.005977209,1.3161786,0.20780289,1.5668346,0.45576826,0.37945306,0.37307224,0.6957761,2.360054,1.998232,0.24526958,4.7855124,0.65061647,0.8689709,0.09634412,0.19941509,0.9718592,3.1146967,0.7598857,0.0,3.2073388,0.64482623,0.0,0.024085224,1.0928686,0.1106226,1.5833837,0.019389717,2.2360706,1.3200123,0.9965859,1.0318933,2.902056,0.29677942,0.52295196,1.213808,0.268228,0.0,1.0913894,2.8872492,1.2304333,0.3148136,0.20223936,0.7527274,0.14747971,0.40777135,0.3356629,0.88107073,1.1384609,0.84490085,3.1871512,0.45764002,1.2694063,1.61291,0.8718524,0.14017133,0.0,0.0,1.9639101,0.052605532,0.011494961,2.04733,0.12284837,0.21046093,0.5075723,0.07364293,0.79012436,2.2107658,0.76685584,0.4013676,0.14228112,0.17110604,0.58416426,1.2414151,0.04294912,1.3523254,2.8272877,2.7261834,0.19570573,0.59801763,0.29284534,0.24904811,0.19908881,1.6634527,0.20151015,0.59579194,1.4444128,0.22956343,1.3053695,0.08890246,0.67871916,0.6366985,2.4806235,0.626014,0.13881664,2.310521,0.46950486,0.3775222,0.115713805,0.097572975,1.1256598,0.47083163,0.55213636,0.94191474,0.34018412,0.13486896,1.5694078,0.21797864,1.5667198,0.6736628,0.043029677,0.890147,0.09298761,0.7336776,0.9504336,1.4463953,0.31549934,0.97837347,0.0063245804,0.5595997,1.2370694,0.22994204,0.92736536,1.180884,0.93552345,0.59675974,0.5323993,0.21971844,2.1803055,1.2551666,0.7494907,2.1230905,0.55447435,0.028142674,1.0178431,0.48387992,1.4214208,0.4078617,0.80545276,6.3637085,2.1855185,0.101714335,1.607197,0.17291634,0.08053544,0.9562216,0.58084524,0.67244095,1.9460378,0.31268954,0.5830475,2.356629,0.71032625,0.89764416,1.8610713,0.12146827,0.32985207,6.4442687,0.61698604,0.8851606,0.052997597,1.8593237,0.70681965,0.85153306,0.5851698,1.2256123,0.14138648,1.680356,2.4284935,0.4980449,0.11548227,0.33353388,0.60277706,0.20769812,0.13543937,0.20893781,1.2252402,0.38680208,0.31377262,1.5788409,0.55085254,0.28796938,1.0571997,0.74104136,0.93228614,0.3302134,0.5909538,1.948485,0.057591964,1.532038,1.6940364,0.019641431,0.16953857,3.3043427,0.53499943,0.18146914,1.582457,2.1214185,0.93725586,0.11434076,0.56641245,1.8897876,0.2523378,0.07224824,0.81509864,0.63280946,0.9726886,0.9509962,0.5270619,0.73284507,1.8568726,2.3714724,0.68202215,1.9449254,3.1368237,0.7958459,0.77279186,0.37614825,2.9413974,1.2798682,0.7544691,0.08664348,0.3019528,1.376006,1.8908417,1.183554,0.2759485,4.485183,1.3047465,0.09645554,2.915628,0.79998654,0.010486987,0.74214685,2.5446823,0.0951859,1.5886462,0.85977936,0.3877578,1.902873,1.239105,0.0,0.2290942,0.51332855,1.1647447,0.77265507,0.030373799,1.5808095,0.6745755,2.98489,0.40320233,2.0317588,1.8203315,0.61565053,1.1461377,1.1717962,0.4078777,0.46487623,3.9078941,0.5481361,4.6121817,0.6711289,3.5262105,1.2109419,2.642907,1.1523682,1.8696041,1.1601613,0.25822145,0.038331367,0.22215457,0.6331693,0.34984455,2.0041351,0.3099894,0.0,1.5421664,0.76639694,0.25004965,0.93547165,0.73887,0.5347098,1.2008225,0.5131162,0.11938617,0.38436118,0.8905274,0.014031899,1.1568061,0.81234086,0.00635252,0.85962486,1.1757019,0.4679646,0.1739447,0.13068238,1.5077105,2.66196,0.25925884,0.5490501,0.6732631,0.827736,1.3542029,0.15060571,0.14498982,0.3874957,0.597368,1.6239883,1.7740451,0.81816643,0.11031863,0.0,1.6437593,3.1108625,1.5251527,0.14884607,0.41202208,0.37213784,1.7352371,0.9320305,0.069479845,0.16044943,0.43516392,0.7984991,0.16750063,0.2682616,0.6635135,1.309049,4.730412,0.33175954,1.6840508,0.2695555,0.32517606,0.0,2.4076848,1.1855339,1.169342,0.7945558,0.4665133,all_pothole_images\pothole_images_new_image_158.jpg
1.2405125,0.57720745,0.40702608,2.503609,0.65440315,0.23207735,0.9654189,0.00010122,0.85624397,0.407448,0.25577152,0.37621516,0.20441858,0.8773878,0.09294952,0.35964864,0.09691929,0.44173807,0.43614405,0.41797918,0.69990087,0.48934236,1.4931602,1.8857166,0.5525796,0.23934005,0.027670363,2.6037948,0.032566644,0.054701112,0.4052759,0.18051106,0.598831,1.9566855,0.76700574,1.3428594,0.66379684,1.2176181,0.037495714,0.004802808,0.14335495,0.1660969,0.44172707,0.8272566,0.06588538,1.1553153,0.28532693,0.22566141,0.10865008,0.617511,1.8376579,0.5384188,0.41422716,0.019870402,1.2243993,0.9084071,0.5179677,0.90072536,0.90955836,0.2666732,0.38483137,0.70843476,0.23595254,0.06600262,1.9641557,0.5964408,1.176028,0.21887952,0.06441641,0.15553296,1.0111852,0.0021306777,0.13304378,0.029991101,0.8527784,0.0026170253,0.47071952,1.8092097,0.121637225,0.24922492,0.133664,1.3783085,0.01827456,0.9508863,0.63677603,0.39935246,0.0,0.111146435,0.8119034,0.4233975,0.52169985,0.37660056,0.014398406,0.13568261,1.1016631,0.34891814,0.46118093,1.22587,0.06517171,0.5888428,0.08634107,2.7184734,0.20741552,0.5796556,2.2181761,0.47321728,0.54535484,0.6325151,0.029248195,1.5000969,0.00042107477,0.113439515,0.10473975,1.6112022,0.80789065,0.2786862,0.25206035,0.4167531,2.6448662,0.5777928,1.3539301,0.27151132,0.3419974,0.50934786,0.5086155,0.8832693,1.0524552,0.82065785,0.07586039,0.21571442,0.6405368,0.08355323,0.27826497,0.13224728,0.15269502,1.3197796,0.86345595,0.09547761,0.050736323,0.2917347,0.9133797,0.035674416,1.4185576,1.4403574,0.07465198,0.2135202,0.045497693,0.07041949,0.25972593,0.55127233,0.27620783,1.1632478,0.38129643,0.30608326,1.368591,0.3322904,1.6652994,0.2672493,0.63950866,0.648046,1.986864,0.62261045,0.16275348,0.23182152,0.33921906,0.43161955,0.5895037,0.14633664,1.2791268,2.9940684,0.2749966,0.16068159,0.021493902,0.20848449,0.06694091,0.9117028,0.4442739,0.094822474,0.11924222,0.00988124,0.00055704406,0.96435994,0.33787605,1.902906,0.9608458,1.443234,0.5026223,0.42325127,1.0561447,0.5308257,0.40755862,0.23270272,1.6943783,1.9592693,1.2819595,0.54501456,2.3072546,0.8352695,1.5559204,0.08567347,0.8687192,0.33661506,0.5277757,0.09380609,0.08712966,0.94984776,0.80797863,0.032812938,1.6525488,1.1803682,0.030319115,0.39026144,0.21740088,0.43269986,1.3220744,0.88019156,1.134049,0.1809386,0.37118834,0.11546193,2.0214634,0.1407453,0.69787395,0.45449144,0.0040099174,0.11275322,0.4950299,0.31695616,1.5764173,0.410857,0.06696724,0.08366526,1.0343935,0.14580217,0.8272172,0.018129714,0.6176618,0.41776255,0.26807877,1.3132045,0.9523336,0.554963,0.25977138,0.828273,0.1367955,0.0,0.7609485,0.7257986,0.8162273,3.19785,1.9549143,0.89031947,0.0,0.4612935,0.4647181,0.34711793,0.052136026,0.032025393,0.46239346,2.0194876,1.0303751,1.8524615,0.1856163,0.3356348,0.0,0.4528297,0.5737674,0.5000357,1.6050433,0.84475,0.782421,0.10989529,0.18711497,0.19221286,0.0,0.6962942,1.6035978,0.65812886,1.0266672,0.3561725,0.014569118,1.0800295,0.8002766,1.1047108,0.1194966,0.18334231,0.5029581,2.130075,0.5291744,0.15805724,0.07292815,0.4738063,0.06535866,0.8184314,0.6709034,0.28562447,0.5416489,0.03679711,0.06523834,3.3431222,0.7300123,0.05402239,1.0063921,0.17299978,1.0705492,0.19125812,1.0020437,0.6710941,0.6996358,0.8224183,1.5798103,0.33828267,2.8213286,1.9921856,1.0632373,0.29542762,0.0032516867,0.81606966,3.8216877,0.3762717,2.082169,0.26949412,0.955934,0.16534019,0.5470123,1.7331543,0.15643965,0.2610301,0.21547444,0.57746375,0.4417777,0.0038560878,0.72673035,0.28058484,1.1009345,0.013511847,1.0750012,0.42807505,1.4934437,0.5555569,0.39931214,0.09527327,2.873929,1.2172359,0.53795975,0.60359687,0.11663746,0.74913687,0.7116362,0.16733475,0.22010523,0.57168907,0.01619488,0.35538468,0.21974306,0.40760094,0.20985022,0.98017657,0.03834676,1.2399122,1.7699455,0.4620454,0.9106871,0.65024215,0.043369293,0.0,0.92255867,0.75696385,1.3210174,0.44015324,1.1116481,0.21881135,1.04501,1.5769207,0.63521826,0.5001772,0.7174989,0.62744063,0.7869576,1.324732,1.661679,0.13979049,0.59380686,1.2696737,1.4376903,0.42434877,2.7532856,0.20809904,0.11902861,1.9482226,0.015370959,0.4961178,0.0,1.5075359,0.04782315,0.5583175,1.661596,0.49844944,0.9286369,0.28097787,0.6465172,1.0984986,0.8425062,0.113226146,0.45614678,0.7733773,2.472617,0.0054710493,0.102778435,0.4975455,0.14982033,0.27624872,0.9581333,0.565552,0.0,0.04984436,0.7749763,0.792556,1.1120797,0.14290944,0.44904506,0.9574457,0.13449499,1.8144248,1.3845383,0.6204671,1.7970269,0.26023751,0.8081497,0.80506647,0.05172124,0.65815264,0.72186637,0.5588935,0.6633746,0.2490286,2.243223,1.2303979,0.83809775,0.25123405,1.5692846,0.05655694,0.13193448,0.15937833,0.47309136,0.0,0.53221625,0.022130212,0.61478573,1.2803515,2.6230135,0.32911527,1.5596381,0.17682707,0.6714391,0.15413924,0.07163292,0.051780242,0.3368861,1.3587697,1.848782,0.4162801,0.9961772,0.4340343,0.52556825,0.18998393,0.1637794,0.39398402,0.40658188,0.39787385,0.4889492,0.892846,0.024304837,0.56361413,0.57593906,0.024644049,0.5139558,1.6864315,0.8026401,0.00732011,0.570825,0.8939924,2.9074564,0.33768705,0.11979555,0.038103875,0.12139916,0.23187093,0.9566331,0.025456782,0.380156,0.65511423,0.023107031,0.93694687,0.13868137,0.0,0.12509298,0.23215854,0.006071355,0.29237467,1.4800035,3.1962254,0.254002,0.66033995,0.06538014,1.125782,0.99467224,0.0915535,0.49029002,0.26088157,0.037864916,0.051040735,all_pothole_images\pothole_images_new_image_159.jpg
0.22627088,1.0564046,0.58288425,2.3437433,1.2516065,0.6663418,1.3289604,0.40077737,0.18969014,0.99105483,0.027929215,0.9630064,0.07483634,0.73412585,0.042739484,1.0909317,0.45491108,0.045072746,2.04562,1.1152836,0.9890277,4.0538335,1.0491984,1.2114601,0.5606518,0.032843962,0.0002948444,0.45205244,0.24776912,1.1054702,0.65216607,0.0,1.2030641,0.92649186,0.6447443,2.0493493,0.38480517,0.66226804,0.65263534,1.4625204,0.036039613,0.22744411,0.15941392,0.28894833,0.30817413,0.7370176,0.37289304,0.0,0.88065135,0.9409287,0.8311285,0.50737494,0.34710875,1.0798668,0.096955836,1.3377453,0.67268,0.013765954,1.1876032,0.4812486,0.02780114,0.77039784,0.52279973,0.1370267,0.42153856,2.3261015,1.9911033,0.011538189,2.16468,0.2951413,0.4869435,0.45797503,0.016176404,0.053737726,0.37453514,0.6242587,0.10783654,1.3902638,0.07468531,0.051695973,0.0044500832,0.28836647,0.2542148,1.9442754,1.4010504,0.263991,0.3992232,0.09071249,2.6712875,0.88294446,0.081227936,0.7484915,0.0,0.2841311,0.23990536,0.060795084,1.98741,1.1829196,0.5450168,0.22446896,0.6324333,1.2305253,0.80804974,0.05911611,0.45540524,0.11745205,0.56354725,0.8464335,0.017004276,0.52412325,0.3559826,4.0783525,0.66350025,0.3229532,0.56682634,0.2450883,2.1701498,0.19295694,1.8650687,1.5504714,2.0046437,0.8568115,0.27891773,1.7218902,1.0013876,1.2536453,0.7302188,0.74209803,0.57885474,0.12053504,0.8356636,0.51115084,1.0427877,0.8278095,0.04092071,2.0119905,0.0044163833,0.3856924,0.50455624,0.16251744,0.3702356,2.4128997,0.049376503,0.29588133,0.64470774,0.42036182,0.14398845,0.47207338,0.8367277,0.45883563,0.12901261,0.26972428,0.41696045,0.002433295,1.2491121,0.05507257,0.6006045,0.8143001,1.1365832,0.06362708,0.24542388,0.6660462,0.03203341,2.1467438,1.5421511,1.030972,1.0124604,0.0,1.5241516,0.39526206,0.61049825,0.0,0.060516667,0.19746268,1.90034,0.05580661,0.12650624,0.2122885,0.25496727,0.28044033,0.13885805,1.5235225,1.0651187,1.5421903,2.6091504,0.38118264,0.8959366,0.3183531,0.7149649,1.8494128,1.3694142,1.9250168,0.0,2.9398773,0.31182846,0.4238823,0.5512978,1.5219861,0.68292147,0.48049763,0.4109648,0.66165715,1.3129736,1.1877408,1.8783637,0.13912386,0.13102694,0.16757809,1.446692,0.3033748,0.046440393,0.14825688,1.5556204,2.1162562,1.5399193,1.3411821,0.04686364,0.10447115,0.6851233,0.30616543,0.7333664,1.7222611,0.8858361,1.6613343,0.01755934,0.021067755,0.44597352,0.10608355,0.73156136,0.01010943,0.36093444,0.121040285,1.4096273,0.45074582,0.76220065,0.08618327,0.488435,0.116648495,0.104812555,0.2691168,1.6874789,0.55225605,0.02497725,0.14203091,0.077194065,0.006979667,1.0712477,0.10428141,0.9865494,4.124864,3.9137597,0.11513955,0.6522498,0.28597325,0.1918531,1.1063486,0.95264524,0.01595189,0.38266158,2.445898,0.55346787,0.24818344,1.1621323,0.8659973,0.22279269,0.5625578,0.18138506,0.01275088,0.8757493,0.36109227,0.2431042,0.0,0.052260794,1.0665121,0.15975478,1.1808447,0.44499028,0.718759,0.13450402,0.85405487,0.18145545,0.80118316,0.054787226,0.26730713,1.0618834,0.47340125,1.647315,1.9959869,0.65809435,0.5241079,0.56654125,0.08724492,1.2803408,0.2604262,0.19362256,0.09207726,0.40978596,3.2302923,0.20246486,0.48157758,0.0,0.53763735,0.34425485,0.8072177,3.6775396,0.6481555,0.39579538,1.3273256,0.3845248,0.7118475,1.6594737,0.47456568,4.177029,1.6402955,0.010931087,0.34219792,0.02452314,0.42510694,2.0147622,0.11963595,0.8972974,0.72238135,0.019533502,0.07258038,0.65248334,1.7615423,0.14028624,0.34628943,1.2660112,0.30285186,3.288247,0.28475964,0.9299426,0.056952972,0.37185964,0.076844744,0.9286463,0.15682879,0.15834032,0.5312665,1.2657901,1.1866542,0.7132279,0.022638408,0.67957795,0.63393945,1.0498545,0.009435922,0.031134956,2.2887738,0.29588264,0.08753589,0.67132217,0.40151024,0.19819322,0.029157259,0.60603887,1.4451938,1.3731107,0.97927564,0.69311607,1.0668261,1.0526403,0.6882751,0.054631542,0.51360774,1.72547,0.21642342,0.20561016,0.564217,1.5315055,0.73813885,1.4575684,0.30108076,0.6279119,1.596348,0.023818478,1.4815141,0.0065110126,1.6849482,0.75713503,0.06456248,0.5091035,0.42073494,5.4474425,0.6921407,2.2466063,0.0724506,2.4673395,2.2339706,0.6609978,1.8056519,0.00896642,2.086234,0.0,0.06472919,0.61396635,0.6612249,0.4601133,0.15434732,3.80664,0.22785725,0.19038992,0.8037197,0.2758984,0.22778188,0.8904402,0.1927245,0.27308285,0.32937887,0.046696205,0.021921284,0.1538047,1.4076172,0.09321364,0.03775261,2.385248,0.7592714,0.9530941,0.58393836,1.3642224,1.7032509,2.2262962,1.985995,1.4088924,0.79916227,0.07862361,2.3043208,0.48503056,0.8217059,0.2537206,1.5798197,0.3111089,0.8540148,0.46544194,2.8682616,1.1431559,0.44959098,1.8424443,2.1284144,0.15824552,0.32889837,0.41108048,0.5805167,1.1452234,0.19282202,2.534791,0.0014488256,0.13494004,0.30924243,0.20033398,0.92489684,0.9580552,0.8164282,1.2756878,2.5404844,0.9946837,0.32354218,0.6513907,1.7130469,0.7451327,1.4528971,0.30413863,0.12197845,0.49932444,1.6325587,0.0808324,0.057972845,0.4453348,1.2018985,0.76039594,0.88042045,0.16352412,0.6501236,0.36520848,0.2638919,1.1621821,1.3966482,0.020659393,0.636137,1.1091341,3.2849956,1.8460135,1.1072466,0.0,1.6292565,1.5755265,0.34163055,0.24013579,0.12811984,0.8825885,3.1385143,0.3290632,0.22041312,0.12992334,0.18743171,1.6109447,0.20926167,0.005244362,0.50067765,1.2764132,5.8232584,1.0585864,0.06926925,0.16603172,1.1351589,0.050474085,0.6735415,1.5111468,0.85389715,0.28018424,0.16441399,all_pothole_images\pothole_images_new_image_16.jpg
0.20054829,0.7107094,0.22737682,1.9657716,1.4394836,1.2908353,1.7775798,0.5448331,1.1117792,1.3668303,1.059007,0.66923916,0.0020901405,0.6077752,0.19133846,0.7035024,0.06610606,1.9680117,2.652104,0.96821344,2.0953586,1.0030625,0.20791131,0.38620803,0.7016887,0.47176266,0.47892383,2.9810536,0.73317647,0.5070153,0.44533047,0.10985129,0.48938704,2.194047,0.106622905,2.0327208,0.6185023,1.905631,0.66407806,0.8541764,0.17921253,0.46200117,0.9054773,2.7039247,0.47797248,0.40084806,1.0001532,0.13673522,1.1515739,1.1803838,0.19212115,0.4754081,1.0134645,0.16363172,2.2688901,1.370422,2.3840964,0.6174912,1.2932166,1.0409831,1.7225014,1.5037546,2.5035512,0.31117713,2.0951426,1.5397375,2.7009008,0.7108715,1.1686494,2.1094344,1.8619847,0.5565538,0.0978689,0.19657831,0.8392141,1.2172711,0.19582742,1.5197031,0.08404102,0.7378099,0.087292574,1.4304112,0.53609514,1.1321294,0.0,1.1533111,0.9090027,0.3124759,1.3060694,1.1336502,0.13859177,0.74294686,0.973881,0.4642519,0.74747235,0.7082637,0.5208319,1.3215195,0.6385097,1.7566891,0.09535682,1.2950808,1.5745778,2.1243296,3.3445785,0.28946775,1.1317383,0.15162303,0.8359783,0.577289,0.38722742,1.480209,0.2774024,0.015164198,0.6250283,0.53103954,0.45928183,0.36016506,0.98650825,1.646991,1.3648432,0.0,0.24868444,1.8440545,0.42211956,0.9779122,0.45424393,0.7482295,1.9781584,0.6600373,0.6259693,0.31827202,2.242978,0.56574714,2.5174735,2.3859093,1.7498667,1.3880663,0.31871876,0.17037773,0.89778626,0.53010434,1.7954926,0.7346878,0.6747504,0.91772497,0.31087422,0.13987996,0.40206036,0.28590575,1.1239655,0.296014,0.09983591,0.7185352,1.6026542,1.140453,0.7717578,0.21159753,0.66807884,1.297999,0.4319901,1.2554097,0.6381364,1.8647854,0.65860015,0.16496132,3.8542318,0.94823533,0.40764484,1.3619537,1.5220461,0.4109842,0.24993448,1.8901627,0.31056765,0.61920583,0.39992866,0.6169848,0.4549067,0.78256476,0.9557023,1.1855224,1.8168467,1.6334088,1.3908825,1.8272319,0.51877385,0.6118165,1.2716017,5.2894044,0.03887167,0.91477084,1.3317134,0.9777471,1.6291181,0.90497434,3.5464194,1.1116323,0.018406933,0.22172739,0.25830847,0.5956946,1.3438512,0.020100113,0.43418053,0.06895273,1.0002112,0.55828506,0.98483264,1.7866509,0.310046,0.9368965,1.1807309,0.22911815,2.2925537,1.6923002,0.5432617,2.3599856,2.5126133,0.075415865,1.2140046,0.2941981,0.19959846,1.0494517,0.05468806,0.836979,0.07506176,1.7518493,2.1066024,1.2592078,0.62337434,0.13530198,1.1469069,0.6159725,0.47013783,0.5899702,0.6707973,0.47950557,0.0,0.4905707,0.27625662,1.3651873,1.1651851,0.49953818,0.5388774,1.4455962,1.6228395,0.36040992,1.8975799,3.7325044,1.6633964,0.9648818,0.108307615,0.9619081,0.9556447,1.7733729,0.21436447,0.19030628,0.91576475,1.62553,1.1272525,1.2214446,1.4629992,1.7758743,0.99321824,0.25848985,1.0928355,0.10718246,1.9976823,0.2642979,1.3393015,1.5154451,3.9857569,0.26842168,1.537533,0.7101807,0.44329002,1.3072618,0.30628335,0.5635351,0.734834,0.5455675,0.26024556,1.5506287,2.1386263,1.4014376,2.943363,1.5767057,0.7920162,0.05997094,0.06077335,1.1305208,0.9263667,1.338268,2.605304,0.18133482,0.027108382,0.39257756,0.14957175,1.5992497,1.0181276,2.320129,0.94508874,0.36050782,2.4579573,0.0841429,1.0184549,0.46838996,0.72025704,2.3990502,1.3078017,0.94405377,1.807869,1.3593584,0.92400527,1.8077725,1.7127361,1.6132392,2.292445,0.3050498,0.7852904,1.2571759,0.79767644,0.20195581,0.10662031,0.92497116,1.0276606,0.9647726,1.1755526,0.39779085,1.1880528,1.0100088,0.8259187,1.299112,1.3456029,0.6210043,1.1559353,2.0867288,1.7336569,0.916123,1.2327133,1.5355105,2.3264685,3.1109385,1.5334636,0.14661476,0.15465818,0.7622659,0.5379832,0.8877106,1.2220535,0.6850027,0.2811492,0.45716724,0.2466471,0.005284038,0.13477452,1.6606535,0.9873279,2.1115975,1.0760468,1.2649498,0.64887345,1.7967515,0.32023007,0.594756,1.1571859,0.6208113,0.12052372,3.1600826,0.74450994,0.34113806,1.7181748,1.152276,0.6909651,1.1245139,0.61046,0.14561893,0.14011522,0.27916512,1.296472,0.40336967,0.23856,0.03261105,0.3936248,1.2660378,1.3133698,2.6117084,0.37138692,1.478026,0.85230595,0.1735296,1.1283758,0.19788279,0.14286847,1.8070129,1.7245541,1.2474838,1.3256681,0.1297807,0.0115245795,1.8171394,0.43604672,0.044865265,1.5854495,0.97238827,1.0180566,0.39493796,1.0880147,0.5229825,1.8401507,2.2384298,0.12303968,0.8808846,1.5859553,0.42434973,0.85024047,0.70946616,0.9551042,1.2820511,0.96525776,1.465301,0.933223,3.1422405,1.6259036,0.34705567,1.7710003,0.94065744,0.057590064,0.77898854,0.11175101,0.13001518,0.35980466,0.68796337,0.4294766,1.5605575,1.19799,0.33237654,0.59635997,0.39295992,0.4099458,0.9086305,0.823444,0.05481253,0.17647247,0.28595725,0.40801474,1.0100039,0.5651628,0.118849866,1.9626434,1.800292,0.3857618,0.64567363,1.4592845,1.8546846,0.00619905,0.56322026,0.77907854,0.63272476,0.91897535,0.055345807,0.76418823,0.8555387,1.5620958,0.8159948,0.98043025,0.7509794,0.81663036,1.5942277,2.2112284,0.23907188,0.0018962951,0.19923311,0.059484754,1.7353213,0.06774099,0.9682442,1.0612683,0.043575052,0.03763884,1.1748402,0.4603409,1.094419,0.2936081,0.5727144,0.54467094,1.6558005,1.0210042,1.2632505,0.33787552,0.32948428,0.80492455,1.1333109,0.119923696,0.2537097,0.10459217,0.3066184,2.1393719,1.0382102,1.2233735,1.7840862,0.34499875,0.7313815,3.1001155,2.8731053,0.3556617,1.3070488,1.7899064,0.7538578,0.7729581,1.3208797,all_pothole_images\pothole_images_new_image_160.jpg
1.4644561,0.6512273,0.08589733,2.3777163,1.2042751,0.18550533,0.4390243,0.114980616,1.273745,1.0687698,1.0913932,1.1008881,0.6289631,2.622099,0.51285434,1.8373755,1.6015824,0.30965257,1.6335604,1.0227453,1.632486,0.6589261,0.059347533,1.1075525,0.92478955,1.8704585,0.16066411,4.6979423,0.18708847,0.52340674,0.036759384,0.4670122,0.18391564,1.601312,0.0,1.4422238,0.06529524,0.026955271,1.3785514,0.55358607,0.0,0.016668078,0.5830974,1.4124217,0.6225307,0.4542026,0.19965716,0.25464025,0.46821797,1.167384,1.676635,0.0,0.7266805,0.4279359,0.43635723,1.9825791,0.8825624,0.21751037,0.5486927,0.021839224,0.6892457,0.37270248,0.4270701,0.43038025,0.64770466,1.4294184,0.86429244,0.4740806,0.1653049,0.28736922,1.7144419,0.18373922,1.5187118,0.64900297,1.3887451,0.4466803,0.0020225702,0.5883868,0.37209877,1.1024185,0.019054985,0.23820332,0.0038936979,0.1667291,0.2914963,0.24188197,0.08583221,0.75695497,1.9769272,1.1455219,0.9610476,0.07799191,0.693318,0.68720716,0.5060525,0.08934979,0.40323818,1.5098788,0.12090176,2.2471836,0.0,3.1921716,1.2131969,0.008693697,1.9832246,0.1088613,0.21729699,0.030231465,0.0038658772,0.19687541,0.09707241,0.6522846,1.7769314,0.9886216,0.9721477,0.56615275,0.07244833,0.22850332,1.4663519,2.4789467,3.109772,0.44322932,0.024057174,0.50391734,1.4760697,1.380536,3.0239596,1.8623141,0.56314355,0.0,0.15072423,0.044137336,0.070650384,0.785007,0.7340748,0.23271638,1.1178411,0.7680105,0.08411119,0.30314654,0.032021,0.10782637,0.08214821,0.39748177,1.8196453,2.302876,0.0,2.370242,1.3244654,0.2564776,0.9271327,3.4390354,0.7174583,0.023309039,1.8340445,0.9722642,1.3474581,0.45788908,0.46986976,0.8001092,2.245631,0.53110105,0.082375824,1.0247579,0.46637002,1.8393067,0.34127924,0.16371353,2.1180372,3.870861,0.4474372,0.02805373,0.4233266,0.11517027,0.034743298,0.7406317,0.5127631,0.015986413,0.011792705,0.0,0.56259865,0.9882293,1.2690805,0.8680529,0.2806706,0.08730787,0.7581474,1.1429118,1.1931489,0.5552191,0.5549933,0.10174662,0.9664618,1.0381012,0.19476335,0.62937355,3.1682444,0.005457597,1.4737259,0.061644483,0.6810857,3.0752604,0.93924713,0.5998008,0.0787145,0.45020178,1.7730008,0.16205436,0.48957306,1.258224,0.15749101,0.0025443085,1.070909,0.5279099,3.1036472,4.440556,0.3764959,0.3660652,1.5867997,0.48322502,1.0760702,0.44706044,1.4368767,1.0497533,0.0109250685,0.27567628,2.4014728,1.6740779,1.1575931,0.9346385,0.0,0.061127283,1.6670064,0.32753682,0.06853497,0.10230434,2.4214318,0.7972362,0.096650414,0.17713179,0.39690265,0.68888706,0.1124281,0.65245414,0.43240297,0.0,0.8370525,0.5940386,0.16589051,2.5863514,1.4022774,0.5068199,0.40014997,0.37160638,1.533932,0.9016969,0.4338112,0.9007352,0.034112908,4.7832274,0.77183133,0.060673732,2.7529898,0.10021643,0.03133536,0.0009092807,1.1257758,0.19685122,4.050819,0.10690152,0.42910147,0.17327686,1.5298054,0.85613084,0.12448592,1.101155,0.13405207,0.4657498,0.7852881,2.8248518,0.0,0.6303473,0.8669981,0.22888012,0.30157247,0.0,0.528181,0.4477275,1.2246288,0.15632123,0.6853823,0.08794218,0.7457087,1.1103011,0.599272,0.23806962,0.62717664,0.10105272,0.39084488,3.041779,0.47281545,0.25877893,0.26180774,1.0609757,4.799449,0.008447434,1.6041695,0.9213936,1.6116314,0.12880811,1.580426,2.2226827,1.9919614,0.8952774,0.004768322,1.1917857,0.5105662,1.4992621,2.6447861,0.43311706,1.1752448,0.121796995,0.92013484,0.13080373,0.6791226,1.818082,0.10467315,0.048404906,0.20817892,0.0514264,0.46756303,0.00030695414,0.3849556,0.18573341,0.009029702,0.19807522,2.6263864,1.5399226,0.89317507,2.6956768,0.8449408,0.028250055,2.4580872,1.1731948,0.6613585,0.57703197,0.46864155,0.23119731,0.18148482,0.18163511,0.4351985,0.29401612,0.3254481,0.82322115,0.8737416,0.105452925,0.22119421,0.96008545,0.60041535,1.4372488,0.119684756,0.64729667,0.06530184,0.6157206,0.0,0.2808065,1.0854802,0.031724904,0.13980305,0.014298388,1.6577721,0.11389821,1.7632035,0.15581223,0.05699467,0.29749233,0.28320763,0.0,0.57004374,0.13259296,1.0637318,0.49745908,0.16409379,0.10986015,2.8425467,2.9027135,0.28033686,0.04301734,0.5598554,2.1576314,1.1575315,0.05569218,1.2008874,0.45206806,0.11014201,0.41523647,1.3119868,0.59746915,2.003412,0.0,1.5424926,2.3089817,1.3699352,0.38750103,0.4962162,1.5546851,0.3285415,0.7966319,0.77671903,0.7304959,1.4833934,1.1214231,0.82177764,0.99357355,0.0,0.7475497,0.6625556,0.28074256,0.3541359,0.9235213,1.8306464,2.4723163,0.29496324,0.08023562,3.7804072,0.10118395,1.7551789,0.022444122,0.48759764,0.6732095,0.7347236,0.84713674,1.5389619,1.1587998,2.057208,2.8374593,0.691327,1.0943036,0.0,0.46162748,2.9164684,0.9980719,0.47052804,0.0028321664,0.21676223,0.01776262,2.2594218,1.9681445,0.0073358864,0.8725773,1.8875719,0.53741586,0.6637695,0.5206938,0.9288026,2.4788892,0.310636,0.431271,0.15317486,2.4705508,3.4224927,0.14006096,0.99286705,0.21122521,1.06245,0.031081736,0.6563721,0.0,1.4683517,2.52699,0.68821627,0.20832323,0.016115816,0.14484449,1.2985178,0.6153835,0.7297145,1.8311926,0.6088687,0.37695947,0.76957047,2.5584824,0.4025462,1.177772,0.016588202,0.0,0.31412873,0.13174032,0.23976536,0.0,0.26022562,1.6710241,0.14674148,0.461288,0.39982948,0.06941752,0.13560186,0.0723615,0.21135305,0.0,0.2904175,6.4645224,0.08177563,2.1313393,1.0116305,0.6851527,0.3750355,0.6135458,0.0,1.5186543,0.099673726,0.5354881,all_pothole_images\pothole_images_new_image_161.jpg
0.97580826,2.1434214,1.4902775,1.2040439,1.0143985,0.53857595,0.9666553,0.006853474,0.16522604,1.3241142,0.6103506,5.7572306e-05,0.20184724,1.1198545,0.34252813,0.4949594,0.10727866,0.7130703,0.47590262,0.19659856,0.44485256,1.6954759,0.8412426,2.7740743,0.877572,0.075723596,0.173024,1.1502177,0.13015269,0.32374898,1.3840413,0.09889474,0.3796861,0.424593,0.49338195,0.62971,0.4229943,0.73606926,0.39343768,0.6792998,0.45641404,0.21693833,0.23426145,0.3744173,1.2266479,0.18462971,0.103253394,0.03330585,1.4110714,0.03708172,0.0008169381,0.1627332,0.03484057,0.05564498,0.1302554,0.19669491,2.135177,0.105759755,0.17679058,0.27179524,0.09777505,0.39364374,0.4070215,0.08392885,0.00045284207,0.41474837,0.087549984,0.2238077,0.4163148,0.30693632,0.0012210612,0.17747806,0.8106272,0.06410356,0.19235954,1.5509628,0.90210706,0.2925415,0.009291653,0.6663233,0.0351453,0.18857199,0.89682055,0.6879009,1.2816566,0.86989594,0.03345924,0.24375974,3.9646893,0.8765694,0.10131299,0.38559544,0.17373377,0.021566072,0.13709217,0.08328202,1.3228018,1.328532,0.3162098,0.061233986,0.07245644,1.5027237,0.28352502,0.5127896,0.5305089,0.5888929,0.17606959,0.20943657,0.6621317,1.3932832,0.37052098,4.2756968,0.37280414,1.6001827,0.17331068,0.9594446,1.3312706,0.31110287,1.4614754,0.79532,1.2210135,1.6449722,0.28815728,1.3013923,0.5407593,1.8830149,0.06548694,0.55545473,0.07789289,0.35254794,0.31965712,0.0008365676,0.24435821,0.3492071,0.15205838,0.16312633,0.038436275,0.30992007,0.011986825,0.014023715,0.23610535,0.7820478,0.20775935,0.5536468,0.0020663054,0.3715414,0.0942085,1.0621696,0.4240057,0.3296035,0.9140966,0.08589794,0.0533205,0.012413463,2.236419,0.22349194,0.37367615,0.975729,0.9046192,0.05667016,2.5926526,1.5762447,0.3072159,1.8943089,0.32972544,1.3032395,0.9839723,0.0708103,1.886486,0.3897972,0.22225879,0.007716597,0.19686148,0.1355299,1.9868312,0.08311287,0.50800127,0.0,0.0,0.10339929,0.0011366319,1.8329245,1.2337404,2.730189,1.1340625,0.3237493,0.33639425,0.1717209,1.4161346,1.5332943,0.26371425,0.4696579,0.07148167,2.188142,0.7276035,0.042333752,0.50324845,2.5981734,0.20364733,0.44909045,0.22955406,0.64546674,0.35476774,0.06902779,0.77846694,0.48938957,0.314055,0.12276295,0.7237421,0.23831427,0.22676775,0.1990218,0.79944116,0.8753487,0.22773027,0.58020943,0.4301429,0.087691434,0.7422814,0.21864454,0.2562443,0.0019077377,0.26998863,1.343272,0.29822052,0.029344881,1.1488113,0.109643996,0.45302027,0.09498414,0.016132396,0.16306345,0.7060891,0.2718513,0.23034376,0.46602392,1.4831159,0.2484979,0.09884655,0.0,0.9950407,0.31068018,0.25914487,0.18577938,0.00023442156,0.073938675,0.7530613,0.032786928,0.16251741,3.6344624,0.23912135,0.05983998,0.67384416,0.16240759,0.52412874,0.08729078,0.21375075,0.62147355,0.52354914,1.3394948,0.17827971,0.016449643,0.6119326,0.19054918,0.077422425,0.5683293,0.72193235,0.18539569,2.1283295,0.12283189,0.9413951,0.0018104683,0.07308076,0.7614929,0.99554306,1.4304367,0.36977753,0.20423344,0.3065136,0.9204638,0.009782304,0.10560784,0.88638353,0.13615629,0.2711979,0.35511008,0.124085285,0.40962592,0.0020658702,0.47903293,0.40987107,1.02042,0.13025954,1.5630778,0.21366602,0.17777967,1.4398601,0.7194528,0.07253087,0.90452605,0.2753213,0.37533814,0.023944056,2.1352186,2.2757053,0.37638846,0.0,1.1996844,0.33774987,0.023997033,0.17013139,0.6842951,4.8626494,0.49098212,0.06142207,0.097153574,0.051687516,0.47589183,1.398996,0.044849902,1.3079469,0.079431385,0.2525223,0.017068703,0.336753,1.0099667,0.12032671,0.59757084,0.6323761,0.2657225,2.0981984,0.051289245,0.10281072,0.0,0.0067382995,0.5109648,1.208065,0.0036458962,0.13402283,0.18901129,0.9915461,0.5133123,1.4339154,0.043170948,0.4680708,0.04537863,0.3482694,0.0,0.0,0.17050007,0.063882366,0.97413,0.04843592,0.0061309836,0.24491401,0.32853392,0.7326847,0.424802,0.83965635,0.8107367,0.24551071,0.75785315,0.15797216,0.13586287,0.004607607,1.2312591,0.21964028,0.06577201,0.6260445,0.3398257,0.95924103,0.42666984,0.2904262,0.021173455,1.485318,0.58989686,0.41811454,0.24055156,0.0007059456,0.24401775,0.16022138,0.12608835,0.98105264,1.434082,2.2163782,0.7024231,1.361307,0.1258427,0.24352042,2.017787,1.3435314,2.439165,0.09066319,0.50293994,0.011460417,0.25038493,0.44023722,0.39785042,0.2074255,0.06518825,0.4462089,1.3581614,0.53167856,0.86708945,0.18791665,0.056047637,0.22677824,1.132855,0.1308178,0.05298446,0.2461798,0.24137574,0.40594217,0.46915296,0.0,0.04593635,0.860901,0.0038241239,0.15913333,0.19727388,0.6278396,0.18262777,1.5379003,2.167227,2.7035778,0.38189396,1.3417063,0.7940013,0.117960334,0.69577837,0.40381527,0.7369978,0.19465525,0.31176496,0.6744241,5.119283,0.511336,0.26665884,0.23324421,0.66867626,0.3038208,0.2436685,0.03492656,0.16201033,0.33436382,0.023428362,1.2099206,0.3400634,0.53318197,1.0522738,1.3332287,0.99338466,1.0001892,0.72890925,0.6974076,1.7491343,2.5774474,1.103381,0.46888486,0.8866619,0.21543206,0.052613895,0.75664824,0.26703277,0.70567167,1.0296367,0.075789765,0.06181906,0.49119,0.5407385,1.4911741,0.30282933,0.018105272,0.3411441,0.7904138,0.4719225,0.021040443,0.5737263,0.23109934,0.48275328,2.3393478,3.5182016,0.6018917,0.59407854,0.007574147,0.96831805,1.606511,0.6628721,0.037807573,0.0102602225,0.38771865,2.7055159,0.21853209,0.0,0.07587598,0.13502282,0.43073374,0.17382921,0.23411073,0.20259218,0.16992085,2.9685369,0.55829567,0.3024831,0.04238724,0.22779612,0.06062421,1.9249803,0.14155915,0.66155624,0.70433563,0.6444981,all_pothole_images\pothole_images_new_image_162.jpg
1.3925929,2.0657215,1.2246524,1.7786242,0.80619735,0.7591461,0.16382581,0.1950009,0.5491175,1.1689903,0.0015967415,0.090595685,0.40155146,1.1506027,0.09640863,0.42758885,0.16997053,0.15558694,1.1910559,0.14148098,0.29133546,2.9662497,0.17805889,0.78040886,1.9902047,0.30854025,0.0,2.6034994,0.10116288,0.45155847,1.0237759,0.2774473,1.4252474,0.33261418,0.15451178,0.8830303,0.72142744,1.4479992,0.46770585,1.001573,1.0065869,0.25019428,0.24415793,0.08921302,1.3679105,0.15665706,0.6603387,0.0754478,1.2178398,1.5438077,0.53517836,0.0,0.017445179,0.1469202,0.049376328,1.0218685,0.5929887,0.16776098,0.3522307,0.018174242,0.021023357,0.19290581,0.2588352,0.22272065,0.2182595,2.2063165,0.706959,0.26852745,2.4253573,0.81507266,0.6300749,0.47704482,0.3065201,0.85991985,1.2918864,1.764479,0.16513598,0.49603721,0.85270375,0.3818421,0.0,0.4155514,0.79368156,0.88052523,1.3344382,0.95048285,0.4217232,0.36618018,3.0496922,1.1831614,0.18071145,0.574022,0.00090435694,1.94046,0.59858024,0.0016846148,1.366154,0.4198194,0.32185045,0.0,0.68246186,1.1561366,0.59179103,0.0,0.9260486,0.17176819,0.1134151,1.2804286,0.031443354,0.63849366,0.023784347,3.5461164,0.96296376,1.2153164,1.2180231,0.32099622,2.2866673,0.37245676,1.8100739,0.88387793,3.6263595,0.5951983,0.2764883,1.2418249,0.14933805,1.4030089,0.058983985,3.2246597,0.4908384,0.16788661,0.2178593,0.0,0.31536457,0.188287,0.5348837,1.5686038,0.31746522,1.4121478,0.85379815,0.33302286,0.2348195,1.4721799,0.03503006,0.68185353,0.0949908,0.98873323,0.0,0.426311,0.23437941,0.23224542,0.47981977,0.47425786,0.27429268,0.4818246,2.1122625,0.87091255,1.0982386,0.33577976,1.388377,0.05506678,1.567365,1.0726064,0.484271,1.3737667,0.3245366,1.4584212,1.4534428,0.0,2.3343222,0.8380577,0.036047865,0.02293541,0.0,0.12705053,1.8931894,0.017904164,0.25712335,0.2665305,0.07481558,0.020722628,0.006882286,0.8851056,1.5425364,3.0268118,1.384104,1.8768492,0.22059205,0.12588699,0.55028343,1.2874451,0.17889668,0.7878184,0.0,2.98602,0.38346398,0.61474454,0.7031976,1.2903081,0.23630334,0.70587873,1.0548596,1.0470654,1.1594805,1.2440578,3.0244944,0.44684678,0.8842965,0.5881275,2.4867377,0.4245059,0.0,0.08878476,1.0163459,0.8740297,1.1060553,2.2425466,0.049175207,0.2178774,1.4362972,0.61618686,0.6245997,2.3442464,1.2501082,1.3623184,0.043249596,0.3117779,2.589493,0.30126113,0.8535472,0.13545677,0.14237979,0.14406835,1.580522,0.23174575,0.9154714,0.23850895,2.6957417,0.15105468,0.2772627,0.56455296,0.6384998,0.33061785,0.49444097,0.680928,0.64660627,0.15300906,1.8761332,0.8345908,0.07516493,4.328011,1.0962415,0.9563708,1.6569332,0.45605782,0.1981773,0.13292713,0.6023401,0.3897244,1.3721864,2.9273148,0.032057505,4.1371255e-05,0.47909817,1.0565653,0.011126776,0.59941655,0.99355876,0.088508576,1.3812567,1.363985,0.20252955,0.0,0.3267229,0.0010890334,2.2263925,1.0537994,0.934683,0.54688054,1.1902239,1.7119172,0.06693528,0.55348206,1.3843975,1.7265863,0.9335388,0.9083507,1.0225893,0.19129223,0.50085926,1.0274479,0.28223825,1.0189464,0.03173429,2.4214664,0.19549422,0.043912236,0.7032636,2.6487522,0.3163435,0.9404977,0.18600458,0.7375881,0.17102966,0.39963913,3.9138677,0.53412646,0.45397624,1.6390495,0.31650123,0.07902409,0.8180551,1.0373391,5.1585693,1.4281527,0.01363126,0.8008518,0.039728522,2.304631,1.5111252,0.14296013,0.77909774,0.1432318,0.116467014,0.74090344,0.49464962,0.022814741,0.38395417,0.03384796,0.1774696,0.6257403,3.7836926,0.23898506,0.043192003,0.0019121012,0.028433593,0.50090975,0.17388324,0.26462922,0.3022949,0.2198726,1.0599236,0.7484839,2.9320154,0.0024556492,0.45520213,0.67602414,1.6628115,0.0010432567,0.5473747,0.15226081,0.44604087,1.267629,0.22728421,0.4666256,0.60961366,0.20956068,0.15553768,3.734533,1.8394688,1.961814,0.0047378843,0.3653968,1.1609067,0.37756222,0.028518312,2.0381014,1.9570218,0.30817086,0.6091695,0.62933815,1.9916295,0.19620281,0.751014,0.033228192,0.64671284,0.43456727,0.047993455,1.1394093,0.0,0.44045553,0.92986715,0.6518519,0.27642044,0.75275815,3.5551832,0.82158643,0.6054746,0.067673855,0.2126814,1.3184646,0.9002128,3.2165787,0.57038075,0.6758588,0.0043294774,0.8404237,2.5297437,1.1342608,0.030062374,0.093545794,4.737998,0.3658409,1.0560526,0.3731373,0.7523085,0.30407658,0.35760587,0.823861,0.01278862,0.082458004,0.5665684,0.030408489,0.7824448,0.5740052,0.12139499,0.036382258,0.51655334,0.55838454,0.91186714,0.13915765,0.9689205,1.2988795,0.30813217,2.3379152,0.96648353,0.15374868,0.25666714,1.3112569,0.34309983,2.7304733,0.94721866,0.22489892,0.26719627,1.2167267,1.1619697,5.808804,1.4303125,1.0115166,0.30817056,1.2128077,0.66478866,0.32608613,0.15602887,0.12713645,0.56383663,0.011067356,0.19171114,0.3681358,0.3747968,0.38816,0.8101752,1.1903406,2.5101612,1.3903869,1.0821462,1.1593094,1.4604535,0.4518371,0.90278673,3.4714189,0.20511658,0.7110515,2.1273787,0.022926373,1.2965454,0.71801764,0.9512615,0.0003290015,1.5432518,0.20670809,1.0954398,1.0212824,0.13783503,1.43842,2.7490742,0.14144897,0.08125138,2.567361,0.6071434,0.69438916,0.47317955,2.7561047,2.4727783,0.7385039,0.016007947,0.29421875,1.9984378,1.0368679,1.5866079,0.082010016,1.2359651,1.9268026,0.59218967,0.004331709,0.6164816,0.022314273,0.330031,0.61222154,0.59431076,0.667897,0.19133033,6.2154408,1.9562854,0.34883022,0.5171963,0.54034126,0.10562137,0.7349452,0.3148747,0.96958035,0.07176652,0.76060444,all_pothole_images\pothole_images_new_image_163.jpg
1.165932,1.4375056,0.33173746,1.7188578,0.5697093,0.18381016,1.1577903,0.3286525,0.88830084,0.72442794,0.13175894,2.2514577,0.058251977,2.2841873,1.187535,1.2027521,0.26545897,0.1608155,0.99574345,1.1096793,1.9534037,1.4794382,0.65531933,0.25989363,2.5149,0.97378063,0.39859203,3.531112,0.09117146,0.35378522,0.06895732,0.2863749,1.2171926,0.8726914,0.16983047,0.47452572,0.0074954056,1.5328839,0.32259828,0.79186606,0.48319831,1.1223725,0.12327773,0.52642035,0.45451957,2.3778422,0.05487953,0.2791032,1.1005925,0.89502513,0.26349145,0.37160942,0.48578626,1.0712506,0.5671638,1.2545978,0.44359437,0.06354076,0.49744788,0.040787436,0.31824002,0.43219033,0.7002968,0.53009045,0.09303281,2.227219,1.4585415,0.3312508,0.31829405,0.51496387,0.48539737,0.7438831,0.32245687,0.14357144,0.19353206,0.44049925,0.9509553,0.8260974,0.07758947,0.19501352,0.4829228,0.044512976,0.24834481,0.61512846,0.45098892,0.98813033,0.15920492,0.92465174,2.076405,0.47640195,0.9994015,0.17827384,0.37211362,0.28745568,0.94792837,0.13360055,1.0133073,1.5005424,0.34285438,2.3717732,0.026643,1.9642464,0.9127007,0.43989542,0.4119,1.3035027,0.606169,0.7346098,0.10878646,0.3588344,0.2733536,3.5681555,0.7681441,0.0008097081,0.7946995,0.07004322,1.0796378,0.12947567,0.75182366,0.98960096,3.0869153,0.00010812947,0.13703409,2.027774,1.6902055,0.81192404,4.069304,0.15463528,0.31416452,0.30490217,0.3605239,0.3057188,0.025834521,0.8980091,0.9755638,2.0002935,0.82233,0.11786459,1.1480511,0.15402332,0.7270694,0.17821321,0.048245374,0.0054236553,1.7949244,1.2078065,0.50478727,1.0957278,1.3665061,0.1951658,0.85001665,1.3478765,0.052191727,0.060618866,0.85906076,0.8047549,0.96895826,0.0243342,0.5270258,0.85550267,0.9747767,0.80538344,0.036757495,1.2152519,0.12672001,1.4741167,0.6367558,0.1603225,1.1936711,1.1800672,0.2993688,0.12788033,0.39874253,0.080670014,0.15443572,0.6325594,0.42022303,0.046201374,0.5183922,0.69089186,0.11497104,1.3004671,0.8464212,0.97628105,0.70878226,0.36329353,0.30051628,2.438109,1.1077069,0.6164088,0.9670582,0.21421845,0.0,0.9712848,0.25312722,0.2934705,0.5123704,0.61202264,0.6487013,0.3691015,0.42140126,1.3808644,0.61530304,0.9123239,1.1031017,0.6729388,0.4522445,0.26018003,0.6751674,0.9446988,0.6424471,0.051052272,1.492919,0.7610817,0.61115634,1.2969275,1.102033,0.03952299,0.7768374,0.31710917,0.95320547,0.5827225,1.6069545,0.3044256,0.18218526,0.3031806,2.9731095,0.020035794,0.27923855,1.4833126,0.055861875,0.8750811,0.5416178,0.3376278,0.39889526,0.33022693,1.0376042,0.12863782,0.19531222,0.0865971,0.70793176,0.7242194,0.0,0.13774855,0.09657263,0.0,0.73068404,0.29617405,1.2083685,1.831767,3.3763764,0.5579245,1.5621889,0.47594285,0.70443267,0.5888486,0.21811844,1.2166779,0.13950862,2.9453185,0.5238992,0.2713484,0.35764444,0.6619962,0.1440261,1.62768,0.29347315,1.2174406,6.003884,0.5580431,0.5614109,0.19211766,0.043410227,0.49132577,0.49125674,0.8511814,0.022777019,1.0605605,0.1893666,0.5938742,0.0951559,0.6644634,0.34219608,0.19998814,0.7136355,0.09847355,2.0827425,0.22468345,0.32043043,0.12413556,0.62797374,0.42237803,0.39991918,0.43180397,0.2316349,0.92821324,0.38265675,1.3660538,0.59373784,1.6520202,0.41459024,1.1566497,0.3706575,0.56987494,2.2012901,0.42243716,0.05783859,0.43526933,0.99553466,0.8745168,0.3815664,1.1416261,2.3186634,1.8532114,0.16656774,0.98110694,0.7617857,0.82765186,2.2341268,0.21316147,0.2771092,0.010114623,0.6634872,0.6517268,1.6798708,0.22417235,0.034391467,0.16834354,1.2302618,0.43666655,1.2323513,0.52761453,0.060526498,0.37358582,0.13905708,0.6856363,2.750997,2.210766,0.04207174,1.8176951,0.4762405,0.60915095,3.0578637,0.8316382,1.4150205,0.31839514,0.68109953,0.34615877,0.35109445,0.63594,0.78650296,0.7775857,0.820135,1.0894045,1.2603832,0.1568701,0.5962768,0.57784486,0.0810561,0.72590315,0.7684334,0.14419147,0.20794538,0.35398602,0.01930702,0.40498647,0.39846224,0.7936849,0.13005364,0.8842678,0.8347903,0.6442095,1.2491801,0.6884641,0.76935077,0.592901,0.48848128,0.3205171,0.5162489,0.3083498,0.9991761,0.10858415,1.5444438,0.84355813,2.8746486,0.5868788,1.3605546,0.0,0.35835913,0.9507518,0.39614376,0.27616766,0.37394518,0.9576618,0.04431808,0.7880987,0.6523675,0.82101446,1.4946947,0.37067568,1.0691113,1.1720496,0.18379927,1.9540411,0.3648588,1.3389776,0.64425796,0.7662339,1.0914434,1.0611628,0.24795555,0.3675104,0.08805263,3.2829776,0.06944746,0.28596333,1.3723854,0.46013087,2.739359,0.559177,2.4939194,0.7028348,0.24754152,1.4210647,3.0944555,0.0,0.55992526,0.32080683,0.16985604,0.46578643,0.7565961,0.16344222,0.24789241,1.4893947,1.4995025,1.9711121,0.98214644,1.4531131,0.68703187,1.6996874,0.70468813,0.50263655,0.06936955,0.015462659,0.7062138,0.025378939,0.94794387,0.9126461,0.10147646,1.2740709,0.37884074,1.438917,1.8064821,0.14932324,0.9719211,1.2037619,0.7589135,0.5847109,0.49894962,1.0345814,0.4063727,0.4464412,0.5566373,1.5700574,0.13183536,1.5739901,0.5164735,0.23806743,0.59309983,0.51693124,0.8515971,1.6215272,0.24413325,0.07473992,1.2252923,0.7854477,0.35284194,0.9507216,1.3177446,0.5783346,1.8860191,1.5586863,0.26644564,1.1936554,0.69461465,0.021352215,1.541564,0.46042734,0.9596632,0.1578613,0.121153615,2.494529,0.37350738,0.40700766,0.6116193,0.044801082,0.41281706,0.26470748,0.26920012,0.5036976,0.5477877,2.6370914,1.6513107,1.5380317,1.0699674,1.3268616,0.52986926,0.1758856,0.15577126,0.47863698,0.12225008,0.68775874,all_pothole_images\pothole_images_new_image_164.jpg
0.50048214,1.41442,0.33200634,0.49020287,0.9353447,0.7729551,0.91845655,0.13129345,0.3203163,0.47074726,1.4180949,0.4738405,0.015563023,1.5955836,0.55190235,0.95054305,1.7532302,0.23153982,1.137473,1.4527137,0.6428396,1.2485161,1.2974659,1.3772049,1.3492416,2.106439,0.22639734,1.8008826,0.35166675,0.5377413,0.83514994,0.51764536,0.0,1.194844,0.09831559,0.71041185,0.60323066,1.3396517,1.6191235,0.3409129,0.03272473,0.50259745,1.1400545,1.2539581,1.1175495,0.7724284,0.29714364,0.16641408,1.735558,0.039854158,0.89340997,0.42408022,0.8727773,2.3471098,1.133281,0.49001026,2.0426207,0.3929445,1.2253401,0.28924945,0.07458953,0.47347248,2.6284122,0.3932148,1.3333232,1.4412315,1.7644126,2.0960464,2.2155368,0.7957849,0.30190596,0.092854664,1.9719568,0.18262745,2.995925,2.2468715,0.028835999,0.46392906,0.30997282,1.3315772,0.35395387,1.4084852,0.388812,1.2576424,2.3725915,0.14003424,0.6040728,1.9980927,4.9268827,1.703682,1.1451414,0.46888024,1.8639579,3.506415,1.053414,0.705719,0.22973683,0.50484794,1.6283964,0.95809686,0.026544638,1.9940407,1.4497375,0.33011907,0.7619383,2.332761,1.6085423,0.94753957,0.32653025,1.2126744,1.6127936,1.6194841,0.7719218,0.43040052,2.564231,1.5511581,1.6054593,1.1349711,0.5731305,1.1168175,0.72020113,2.5056283,0.41405872,0.106938854,1.5012418,0.93518305,0.8272457,0.3915051,0.5426138,0.1998566,0.39214668,0.49099547,1.7895665,0.22166185,0.43517372,1.5203959,0.21596009,0.59481436,0.8399169,0.061619315,0.5889257,2.1373892,0.65767235,0.30627063,0.86492777,1.660898,0.6728659,0.3541902,3.311664,1.3646313,0.44209063,1.7144941,0.9433602,0.13068604,1.9459231,0.5062819,0.3098662,1.6270254,0.1157395,0.07954808,1.2199411,0.0011710747,0.06993104,5.2307806,0.6611853,0.93956804,1.0033529,0.1368079,1.8325665,0.3335526,0.8796519,0.75163764,2.2697592,0.23216331,4.177487,1.0223675,0.33248612,1.1789573,0.0883158,0.38915905,0.8587714,1.0664201,0.851015,0.21449618,1.5994544,1.2560486,1.1012545,0.57092816,0.578016,0.8994813,2.6163843,1.541363,0.07793054,2.0075107,0.44749442,0.10191557,0.3983272,0.5918786,0.2582789,3.0741591,0.6024123,1.1493468,0.6603267,0.66168064,0.12171111,1.3877118,1.3576225,0.023747867,0.9214298,0.077081844,0.65155363,1.3055683,2.148044,0.12978683,0.57087195,1.6660697,0.73872375,0.766894,1.2809128,0.123261645,0.33444163,0.24778925,0.67476755,0.99129766,1.433023,1.1066556,2.2865884,1.2436765,1.2173035,1.4155837,1.8111392,1.0184531,1.0867827,0.4062631,1.1183165,0.4268958,0.47754312,0.009173278,0.6791939,0.8217642,0.06239397,0.086883076,0.7893916,0.4557652,0.5258532,0.5723196,0.45627055,0.17022765,0.72768426,1.3143194,1.2822479,0.13780734,0.4992138,0.28994918,1.3974398,0.033076778,0.2777631,1.4488391,1.0307932,0.5639242,1.3342893,2.101139,0.25136888,0.060286433,0.5542336,0.63246256,0.04013566,1.472571,0.44747204,0.36284783,0.16761963,0.0,0.7063927,0.5542679,0.622856,1.0218545,0.68549174,0.3191833,0.9144194,0.1147963,0.0,1.7552515,0.55456674,1.16456,1.9802862,0.0123243155,0.76765597,0.8045578,1.4655936,1.0516298,0.6869955,0.20618789,1.1530428,2.02045,0.75369984,1.4796306,3.5403323,0.5010541,0.20925109,2.1068857,0.09759208,0.1590748,0.8787117,0.6292313,3.192513,1.6864891,0.25669783,0.52856225,1.6894866,0.96763206,0.16923714,1.6152748,4.5458474,0.947966,0.49028683,0.191785,1.1475282,0.65065974,1.2196511,0.45872042,0.8639917,1.0192118,0.21504815,0.15583874,0.7158385,1.9872559,0.44377422,2.078212,0.47641557,0.72625923,1.4919399,0.8569247,0.62531126,0.39861095,1.4013765,1.6701442,0.15584633,0.60913485,1.0578132,0.5242735,1.6708134,1.2182769,0.95224243,0.2791138,2.1041305,0.18911345,0.7331875,0.5275434,0.14917135,0.6630227,0.21129437,0.36845258,0.7924414,1.0565187,1.1913725,0.02374372,1.3501002,1.2455438,1.3639482,0.07821665,0.6681018,0.27604032,0.2758406,3.1062958,0.56116545,0.9938194,0.82839537,0.18003336,0.6499101,0.2242311,1.1331815,1.648553,1.4245998,1.3092306,1.0902075,1.7248628,0.3203621,0.84157515,0.3231393,2.269883,0.4464375,0.23127738,0.43872496,2.2704751,1.9347003,0.44489193,3.0555017,3.0114555,2.009829,1.5528891,1.4068496,0.18937302,0.23840131,0.27101207,0.97885615,0.9745489,1.5444165,0.78721386,1.1284443,0.17483841,1.6663531,2.1620364,0.0,0.74790066,1.6623918,0.5116424,0.3617743,1.1876217,0.14913677,2.2239633,1.2354252,0.67373925,0.5169431,0.43765017,0.10434726,0.48234564,2.398675,1.1272193,0.5456352,0.38861036,0.58374405,1.3036435,1.2253394,0.52469456,1.233638,1.4612966,0.00019707652,1.3671234,0.25981125,0.59103316,2.0485168,1.3446633,0.40037933,0.5843956,0.24584922,1.2727091,0.45362154,0.65217257,1.1240329,1.9709932,1.4762772,0.92475593,0.36694184,0.3801825,0.2404775,0.7346913,1.7542675,1.4265487,0.28857335,0.54157513,0.4883928,0.29301924,1.0079887,0.0045362045,0.3024437,0.8803589,2.4058867,0.24007575,0.4309534,0.21667749,1.2182909,0.1379647,0.7264858,0.6728081,1.9058768,1.5045633,0.9027563,0.17563772,1.4120942,0.5752725,0.7115114,0.11868282,0.97213197,0.30630594,0.44083348,0.65253395,0.39231694,0.7390354,0.23114598,1.6068293,0.52570605,2.3754332,1.3849694,0.9197507,0.894335,0.7544364,0.7041439,0.6200806,0.08324259,0.21051808,1.3712205,0.62736064,0.23592995,0.013703227,0.038812477,0.017600775,1.467735,0.09362456,0.60438156,0.29106322,1.188686,1.6576866,0.20126307,0.8203929,1.3556299,0.4825301,0.0,2.3604472,0.9336287,0.3642723,0.8757569,0.6880448,all_pothole_images\pothole_images_new_image_165.jpg
0.07542795,0.28450114,0.060256965,1.9669515,0.5729088,0.0038207378,0.0011338227,0.0,0.37882477,0.057601072,0.06327757,0.01964226,0.004238987,0.5256497,0.013532186,0.15156624,0.0110454,2.0460951,0.15177341,0.5315664,0.0029137009,0.12547563,0.72419786,0.7582411,0.2529221,0.06900519,0.5987401,1.2777194,0.075455114,0.07552293,0.0,0.15824445,0.0057606995,0.52758497,0.03226159,0.34507346,0.6628309,0.0,0.49158528,0.0,0.0,0.07266,0.052241683,0.20728865,0.2600768,0.01042004,0.046827555,1.3786186,0.4567676,0.46487543,0.1077332,0.62359625,0.21520081,0.1345374,0.39083895,0.09042737,0.17738043,0.15211575,0.28311184,0.64494383,0.1971363,0.08267266,0.07992363,0.5781177,0.464458,0.36183453,0.16601673,0.017818,0.01137885,0.16524169,0.005008949,0.2699754,0.5452026,0.15719053,0.49759024,0.006723359,0.3313922,0.17325258,0.026312828,0.18413305,0.021570908,0.31487614,0.60814196,1.2007427,0.14107586,0.0,0.5130025,0.006010215,0.015786696,0.41249007,0.008259862,0.4643406,0.11103634,0.07513529,0.6829532,0.18944277,0.036198314,1.0348755,0.16545108,0.062515385,0.38371727,0.07281325,0.63480705,0.058543667,0.97545063,0.02518654,0.5163664,0.17417292,0.091629736,0.59723353,0.15187995,0.09567671,0.023660233,0.16079266,0.7419907,0.01807275,0.0037970226,0.07250075,0.7183589,0.1317838,0.60385895,0.2728308,0.024541266,0.012121353,0.12856376,0.2921037,0.0033347916,0.0,0.0,0.25946945,0.0026559415,0.62976575,0.05177361,0.09535583,0.4270859,0.0706122,0.054511014,0.056496374,0.2072248,0.12212697,0.007847332,0.3967324,0.17326517,0.091213964,0.038042177,0.4111047,0.0,0.050847266,0.43490085,0.17381072,0.63119555,0.44364148,0.0,0.4781685,0.11899327,0.10119254,0.15801579,0.07782462,0.12354305,0.095401965,0.4542687,0.7337946,0.5359558,1.7883811,0.57058126,0.19486804,0.46518835,0.12668364,0.3759533,1.4513905,0.18589734,0.32236683,0.07056814,0.019423971,0.09723655,0.21099976,0.10138016,0.0,0.55499387,0.037696324,0.0050385324,1.0810641,0.011475217,0.19470762,1.749678,0.23346692,0.008122623,0.041411366,0.114948064,0.7539305,0.06316393,0.05491656,0.57981235,0.0,0.6784552,0.013302602,1.5451182,0.025881149,0.743411,0.0058318223,0.20851208,0.4847014,0.0,0.00087444606,0.10614931,0.107152,0.071024306,0.04721874,0.40869084,0.66886365,0.008904399,0.2321159,0.09207415,0.031477753,0.095391005,0.5173511,0.0774785,0.14011881,0.05494967,0.23170891,0.5358149,0.11132133,0.47843072,0.031887993,0.0,0.10103244,0.19413225,0.027957857,4.844803,0.23798202,0.008574679,0.020360509,0.12045362,0.0,0.08774652,0.019850273,1.0956469,0.15506637,0.08350102,0.097615436,0.4479325,0.3677188,0.30336633,0.35671592,0.1345525,0.071776465,0.4408285,0.5869134,0.5051043,4.161687,0.21567309,0.064048395,0.0,0.0,0.0,0.14873596,0.66449344,0.7473418,0.0,1.0091199,0.08090764,0.049254484,0.104296565,0.9249235,0.038274646,0.047977865,0.4378347,0.20278798,1.2361139,0.0,0.33993962,0.04193063,0.1226296,0.44486699,0.8859752,1.386932,3.269254e-05,0.49457186,0.07118852,0.09427043,0.46408603,0.22966398,0.85025305,0.030752925,0.25514233,0.06919008,0.35765892,0.11336781,0.089643516,0.17544372,0.021950373,0.09186627,0.0026881737,0.0,0.35630444,0.12695815,0.123670354,0.07852632,0.15960477,1.1842196,0.94844,0.18770681,0.025712803,0.041991837,4.3762956,0.03338666,0.22081828,0.013542197,0.16791442,0.56917274,0.005661377,0.026927305,0.6796987,1.4393486,0.09129569,0.0,0.0,0.49519035,5.8723536,0.59318364,0.121950634,0.35744897,0.10284988,0.062409464,0.23482805,0.5067747,1.3397257,0.0010959175,0.23770079,0.020768955,1.7069938,0.0005993888,0.37962398,0.40139127,0.0,0.0,2.6927712,0.26594096,0.007198161,0.34895825,0.01633767,0.0,0.95450884,2.3456554,0.08235256,0.038578995,0.071912654,0.5691285,0.0,0.22737414,0.09630562,0.0,0.17040595,0.8729617,0.1965348,0.34529877,0.0,0.39211038,0.11631273,0.01721638,0.9863519,3.7614288,0.10150039,0.0,0.037191298,0.0,0.09903559,0.1715706,0.02360826,0.04795204,0.16550067,0.071944684,0.009342464,0.80289066,0.0,0.39901316,0.005117361,0.02061351,0.057136554,0.21069619,1.3039904,0.037621535,0.14068623,0.40571266,0.1640384,0.008108537,1.4502188,0.20426878,0.17183217,0.0,0.4883272,0.54197603,0.26243678,0.8860571,0.0,0.14216751,0.16103572,0.0004022305,0.41617724,0.27728188,0.62751955,0.36437866,0.008487258,0.02896116,0.01619961,0.004151992,0.7424045,0.74578685,0.46121877,0.15307052,0.0,0.48822173,0.029679965,0.0,0.073694974,0.07898662,0.03912436,0.69084096,0.14348367,0.23212977,0.67547697,0.19300832,0.103526056,0.08335193,0.33914125,0.19116879,0.016685272,0.003644112,0.17060953,0.05466006,0.08654686,0.47207314,0.29725176,0.24925202,0.013279606,0.0325824,0.106356986,0.07052788,0.02633611,0.17939319,0.0077221463,0.032781843,0.0,0.11564228,0.016757717,0.20435551,0.048651084,0.3400714,0.3754565,0.31726328,3.5214856,0.03199169,0.06731578,0.059641115,0.6772442,1.4034965,0.011625001,0.3888401,0.10453956,0.07845308,2.623937,0.0,0.3511616,0.0,0.0,0.0,0.32105744,0.0,0.010320198,0.055918995,1.218465,0.9250443,0.0,0.0,0.048822887,1.4598747,0.0048642275,0.0151438005,0.0,0.09367313,0.0,0.009942484,0.8182346,0.00045913822,0.15465963,0.22053586,0.27518877,0.0017485834,1.5682474,0.0011408791,0.26484907,0.107734814,0.0,0.133027,0.0,0.064473055,0.037992403,0.0047707763,0.0,0.42393175,0.3822773,1.1376364,0.16542132,0.103716575,0.0,1.9948667,0.6858745,0.0,0.065001205,0.2241801,0.0882577,0.0077225687,all_pothole_images\pothole_images_new_image_166.jpg
2.0064778,0.97716177,0.21285458,2.0070179,0.72413915,0.20278709,0.6475339,0.90538406,0.26860225,0.271778,0.31496412,1.5001599,0.009885138,0.6472525,0.20618019,0.29245812,0.05567982,1.4499811,0.18280083,0.79633075,0.73844934,0.61608326,1.0784408,1.1806167,0.25514132,0.7800326,1.1933528,1.3173401,0.07643976,0.50002813,0.28626484,0.21115176,0.15580541,0.5658157,0.09286996,0.5197553,0.50380355,0.6650786,1.7766815,0.9234646,0.25660008,0.3061211,0.23925127,0.19053315,1.3208096,0.24308749,1.5009427,0.46120408,0.411652,0.46421298,1.2603247,0.59025985,0.45726648,0.38892862,0.023184294,1.6535326,1.015795,0.15616073,0.08425267,0.80792797,0.18772069,0.09073621,0.53731406,0.90700155,0.57945013,1.3191036,0.8908201,0.31870484,1.3488362,0.6175578,0.6422705,1.4389726,0.068495564,0.0,0.3196762,0.20806551,0.28802323,2.2438147,0.05587894,0.53818434,0.0047669425,0.082528174,0.95542717,0.6940834,1.3059992,0.5962986,0.27368763,0.07644612,0.61979276,0.57954985,1.0336024,0.24337827,0.31697178,0.80727106,1.2493426,0.19282694,0.55656415,0.90618163,0.045632504,1.9416449,0.39594778,2.3813767,0.05524171,0.5381561,0.8923165,0.07008695,0.046945207,0.18346801,1.5207989,0.61768895,1.3174323,0.3537644,1.8499913,0.74556404,0.21863379,0.5555926,0.14788583,0.7434746,1.8857478,1.7966225,0.49976704,1.1600214,0.47670168,0.79303056,0.21266666,0.8059499,1.1368623,0.48401064,0.90932745,0.0054903883,0.7565633,0.015792418,1.046368,0.030833414,0.113247104,0.28346586,0.0020629647,0.47836757,0.4931464,0.66701794,1.0526361,1.1798003,0.59692585,0.69152427,0.09366284,1.6042249,0.014090552,0.6628594,0.7015618,0.37062308,0.14739875,1.9634361,0.05050497,0.0,0.7771927,0.79838264,0.88685125,1.4223956,1.4677169,0.77535284,0.49362415,1.3309652,0.8427803,0.0016531944,0.54024786,0.27583897,1.899252,0.1363139,1.2078952,0.8410146,1.2026799,0.14290151,0.0,0.31811187,1.253414,0.3056204,0.32700083,0.0068056555,1.7565045,0.076281525,0.35318577,0.24839854,1.4626515,1.0649087,2.2462773,0.038531296,0.35175532,0.80193335,0.22196734,1.8017517,0.7668071,1.0421692,0.15562193,1.3753285,0.45733222,0.19828716,0.69006634,0.82280177,1.7201574,0.4293236,0.48935968,0.83589983,0.25850374,0.24914663,0.5708913,0.47170302,1.4269477,0.34467104,2.7631598,1.0288602,0.12853758,0.17443195,0.5898586,1.3036656,1.2981938,0.29966637,0.8247553,0.81418276,0.07952064,0.9352071,0.5770081,0.93289244,0.7884176,1.4410362,0.14377666,0.27338013,0.4532156,0.02276407,0.74767846,0.10252786,0.37969652,0.5604359,0.63847566,0.06294303,0.95151174,0.011748558,1.6078931,1.1350785,0.14574893,1.4880894,0.12632743,0.35318634,0.26967543,0.18930882,0.8430453,0.044616975,0.46909827,0.003554705,0.20718072,5.755863,0.88484126,0.4923952,1.006517,0.004467108,0.2361738,0.7189195,0.5880348,1.0986161,1.2907219,2.455307,1.4794408,0.3772997,0.18892188,1.0499523,0.039500464,0.56141025,0.43067986,0.31230512,1.6080289,0.094452135,0.64755553,0.3080043,0.04029842,0.1962457,0.3395175,1.4269264,0.5026148,0.24839969,0.44459608,0.79269624,2.0070193,0.21437323,0.3934928,0.5609749,0.17518964,0.054523453,0.18594342,1.3367714,0.75806254,0.94409424,0.20922053,1.0097729,0.026585963,2.519587,0.31099656,0.8193347,1.8312885,0.96853137,0.78795093,3.0313063,0.00016532357,0.2163294,0.8699313,0.5884138,3.694149,0.9418223,0.16003284,0.38430828,0.15028735,0.031565018,0.36077613,1.6998113,1.4575603,1.1327344,1.2036204,0.6082037,0.19415505,2.006656,2.3694227,0.8979111,0.31977448,0.5572068,0.6120855,0.06890114,0.51648504,1.2729824,0.25892693,1.3962654,1.9748052,0.9301301,1.1117814,0.0,0.774313,0.50215906,1.2130209,0.015641188,2.569069,1.3921764,0.2368547,0.5895338,0.996061,0.056440797,1.9062064,1.4521424,0.78882164,1.5109692,0.793019,0.27042362,0.3162953,0.5685272,0.1069013,0.13894178,0.12037784,0.8176347,1.1726638,0.30288568,0.9872875,2.218728,0.16880907,0.12715098,1.0869155,0.8520481,1.3708216,0.7137743,0.17617744,0.766335,0.74349946,0.4899187,0.81117964,0.28855956,1.5328904,0.07999293,0.47508278,0.5328065,1.318336,0.12411294,0.8762577,0.4594592,1.021196,1.7174215,0.5658257,0.19610469,0.8926014,0.9375786,2.060642,0.59441626,2.084353,0.17758079,0.12815416,1.0394319,0.025215216,0.1505287,0.5073457,0.6070056,0.30197677,0.0,0.857149,1.1809537,0.5327944,1.1466266,0.0028229288,0.6939024,0.2837687,1.0246532,0.21039023,0.06996063,1.4644442,0.53707415,0.7214275,0.12901497,0.40935224,1.2373186,0.41106498,0.247352,0.06932713,0.8507292,0.9579749,1.6385417,0.62278396,0.7417517,0.275618,0.83861196,0.51605135,0.25817055,0.9370738,1.5604342,0.34055877,0.18082003,1.5481336,0.7692519,0.60484034,0.4813529,0.013290751,0.98188,0.2179809,1.0760404,1.9132656,0.0,0.8746143,0.7769504,0.24567486,0.6896829,0.18437468,0.47634003,1.5444841,0.89377123,1.2692991,0.41945344,0.58672035,2.2737157,1.1856942,1.1037295,0.53773665,0.81076634,0.57550603,0.8674444,0.5018896,0.013332419,0.18963502,1.2741237,2.2183871,0.438717,1.4917872,1.253131,0.7703007,0.6050718,0.5466134,0.48133588,0.28013057,0.76772743,0.16796412,0.86134696,0.26322103,0.5740948,2.1482236,0.14571075,0.07946084,0.79454195,1.3043997,0.28095108,1.2665007,0.62513524,1.1139139,0.09990226,0.660245,0.3180679,0.8172873,0.04300389,0.5928118,0.007873317,0.3387264,1.8998896,0.33369094,0.5812663,0.21865478,0.2753775,0.06069503,0.45924893,0.610916,0.7543221,1.0068537,3.4585664,0.00200813,0.23009284,0.21951474,1.1757522,0.8859657,0.28177497,0.6746705,3.132539,0.33989173,0.7213512,all_pothole_images\pothole_images_new_image_167.jpg
0.42824465,1.0653782,0.80963707,0.22007698,0.06947932,1.169683,0.5420907,0.30893284,1.4153626,0.71852314,0.35762,0.38500443,0.7751773,0.36363423,1.4726562,1.0483507,0.29738024,0.044628326,0.6705842,0.6599285,0.6802893,1.7324358,0.7491003,0.81162447,0.60507965,0.875989,0.7420746,1.3075598,1.2196866,0.7207031,0.6611954,0.35233346,1.0543975,0.28803226,0.34076557,0.0,0.87442607,0.42368698,1.7827358,0.19274949,1.1522043,0.33132234,0.9410091,0.78198934,1.0466435,0.4477092,0.2667624,0.06922681,0.045331296,0.0043631988,1.4929202,0.3248038,0.9187608,0.123029694,0.035301656,0.098227434,2.6693344,0.17480375,0.25859383,0.29997602,0.22289298,1.4932096,3.0240197,0.07065622,0.36809328,0.44521004,0.13657571,0.61514467,0.11489284,0.6167985,0.03771352,0.3827622,0.4252748,0.8153864,0.008045681,0.25955498,0.16899076,1.4788885,0.0042246743,0.0029427537,0.67577875,0.20761931,0.4667122,2.962055,0.4983557,0.5854905,0.2224289,0.5750443,2.8042555,0.84315073,1.4355875,0.17246242,0.41452146,0.228592,0.88462526,0.03774215,2.289929,0.24285464,0.5692431,1.1384137,0.019639729,1.4696032,0.5327304,0.0,0.96332,0.816213,0.10332655,1.5551554,0.94095534,1.1848272,0.0,3.0781107,0.774888,0.23239057,0.09786219,0.8202793,4.208087,2.521337,0.07912614,0.17886868,2.8789747,0.63138944,1.0384053,0.06629359,0.25150967,0.17473744,0.47246963,1.3645512,0.93970054,0.0,0.13810849,0.54667205,0.7895953,0.610058,0.1043046,0.38091666,0.0,2.3368955,0.0,1.3554204,1.6484299,0.09500125,0.18312919,0.59519625,0.10221098,0.5057639,0.8182485,2.5451074,0.39513022,0.26374674,0.42922825,0.07903321,0.42063242,0.7713849,1.650399,0.6262535,0.34337112,0.24537903,0.3408318,0.04719159,4.065422,0.0,0.37985298,7.398977,0.04668837,0.46357065,0.9346019,0.14483875,1.1007181,0.31542414,0.2783758,1.0583673,0.26915222,0.0,0.6247594,0.3803627,1.6240144,0.20599551,0.47965768,0.96258163,0.76848435,1.3764933,0.98289216,1.8539042,2.120136,0.52968854,0.13734663,1.1703023,0.5255484,0.11468562,0.013974752,0.20895055,0.9480052,5.8386927,0.2509234,0.28333694,0.23342702,1.31364,1.292879,1.6823049,0.15313852,0.4172993,0.3899258,1.6476136,0.13882168,0.99209785,0.7649147,1.7560182,0.09351973,0.22878197,0.8062127,1.2679403,0.7247643,0.18669863,0.5201977,0.6673269,0.6965028,0.40535665,2.4122252,1.8688635,1.0050213,0.10190161,0.8782322,0.25024083,1.7087789,0.49791342,4.197349,0.13780735,0.08550028,1.0117948,2.4402103,0.8139463,0.2590898,0.028434806,0.8727336,0.42506707,2.3301492,0.353033,0.061134562,0.05991194,0.10651819,0.38259473,1.0349984,0.403108,0.16883019,0.013373124,1.6077113,0.4940908,1.4424506,0.20124972,1.625861,0.44776717,1.1169755,0.081262775,1.204539,0.08025307,0.38436195,0.5369027,0.10244531,0.0,0.11429644,0.53694344,0.34938908,1.4189911,0.17217106,2.6605952,0.23358673,1.1269633,0.6263162,0.19861177,0.046590697,0.27757543,0.29362735,1.2566601,1.0984273,0.8312004,1.564525,2.6460807,0.3587685,1.1017723,0.23006684,1.8957587,0.49483943,0.3586268,0.36119837,0.717002,0.18305545,0.10104953,0.40656564,0.38804588,2.0611613,0.24171609,1.2793276,0.39486203,0.28472003,0.17100438,2.2886155,0.0020695613,0.1586311,0.059514668,0.9102681,0.7120607,0.13756806,0.518245,3.004988,0.004408402,0.3299729,0.2953977,0.28514722,0.0069582523,0.6429363,3.882159,0.98817253,0.96145505,0.005534416,0.34835935,0.28189278,1.8745439,0.020824606,1.5236282,0.12793985,1.3825374,0.047860626,0.018387146,1.4596944,0.37796435,0.20279658,0.0500453,0.039762158,1.0198667,2.6263676,0.10222179,0.04884247,0.5779886,0.66793245,1.1621813,0.08944395,0.069530785,0.2722853,0.66566336,0.010690493,0.6951449,0.2953288,0.0053905565,0.8684843,0.0,1.1956666,0.5203604,0.70490986,1.0008585,1.6037121,3.0092266,1.4095019,0.4298789,0.3825756,1.0849768,0.21201675,0.30434883,0.012554318,0.19635147,0.046783246,0.45756638,0.65029454,0.92867786,0.11039039,0.8521282,0.9014751,0.69530106,1.1184881,0.4165341,1.6584178,0.6266719,0.08650901,0.7813151,1.7310681,0.00992992,0.7256995,2.1682138,0.38760507,2.8566656,0.31027463,0.9600735,0.16573474,1.0093901,1.9620196,0.3984997,0.22854966,0.1301307,0.012358242,1.0781235,0.5911682,0.88273555,0.0,0.0,0.27864835,0.8658961,1.5270494,0.55158204,0.3179766,0.14314441,1.3737727,1.9827813,1.8454107,1.5923076,0.23015462,0.5162995,0.49284428,0.7503446,0.4393678,0.0,0.5213148,0.761585,1.7751374,0.4058321,0.40943652,0.36891901,1.7817043,0.37666225,0.40684733,0.10317323,0.01646949,0.5121862,2.12647,2.2366755,2.6045403,0.14584321,0.5198578,1.3932416,0.80931866,1.1335443,0.52625144,1.8763471,0.0365165,0.80508673,0.83079296,7.4156055,1.6358021,0.86847854,0.44819045,0.7455239,0.48359162,0.22756356,0.09635538,0.34300828,0.0,0.1366428,1.4272008,0.29847834,0.29335645,1.6797538,0.22952138,1.5835425,0.4053987,1.1055105,0.38911912,0.31312054,0.75808716,0.07288897,0.63143325,1.9659516,0.20240098,3.187706,0.62578624,0.10760527,2.1619694,0.22832714,0.6618561,0.07986909,0.9659289,2.5634189,1.0666264,0.152667,0.7137073,0.7032171,1.5565722,0.36106694,2.473294,2.110756,1.7042248,0.7769029,0.4635762,6.009615,0.40815383,1.3275657,0.119158745,0.2021295,0.9668985,0.407503,0.29754052,0.2679429,0.24818042,0.374259,0.0055452827,0.72805715,0.8385363,0.0095535945,1.3089035,0.58976287,0.22379968,1.1411701,0.06059274,2.2474582,1.1849273,1.5314062,0.40411013,0.21371809,0.0,1.1247627,0.45760515,0.54417527,0.7101434,0.148845,all_pothole_images\pothole_images_new_image_168.jpg
0.8424724,2.3515983,3.1970515,0.9627846,0.2717319,0.8642808,1.7013408,0.057533782,0.15072174,3.0643015,0.3932434,0.22606713,0.2539287,0.2447043,0.9113577,3.4490778,0.23190965,0.9607129,2.151865,2.7798169,0.75641936,1.5420691,1.3665081,1.3890398,0.16314931,2.235077,0.37856382,1.3311231,0.86090213,0.73175967,0.31788668,0.63204753,0.046748273,0.63467073,0.66690546,0.021185914,0.67813474,1.7287127,1.2924143,1.069413,0.160662,0.61522263,1.1404426,1.1173036,0.3522475,1.0517515,0.4974197,1.3767889,0.16521393,0.35820878,0.36292484,0.9265476,1.1051122,0.3607474,2.610066,1.280903,0.91533226,0.48108602,0.56707233,0.7749945,0.4798092,1.4707012,1.0793054,0.22898646,0.14537817,0.6707508,1.3173889,0.34297103,0.3580942,1.9856977,0.4928826,1.5498277,0.8415858,0.4929436,0.96403843,1.911934,0.44960156,0.399734,1.6823565,0.6439483,0.8952708,0.15258202,0.75407165,0.21951586,0.8567187,0.4620358,0.9326007,1.0776224,4.6024675,0.864987,0.14966656,1.1327189,0.69305813,0.15303135,2.053408,0.21796544,1.1790953,6.156312,1.7838258,0.7858556,0.48027706,0.31818587,0.2915862,0.9087698,1.03273,0.539005,0.60821646,0.20482807,0.14938977,2.3418195,0.25047278,1.3585628,1.223398,1.0372143,0.11872706,1.4248348,0.6801646,0.6367677,2.8986418,0.13849291,0.1764545,0.34747535,0.2994759,0.27666858,1.2825885,0.7819481,0.905742,0.62688696,0.0047142603,0.24188088,1.0023918,0.73844284,0.29446518,0.010492458,0.6267566,2.0155323,0.21449065,0.27246812,0.088248,0.084888585,1.1452845,0.29799446,0.68704796,0.88028646,0.09390079,0.17995732,0.53868,0.83871186,1.9235857,4.6941276,1.9461832,0.47691327,0.0943375,0.44523785,0.8850276,0.93078744,0.5877847,0.6725338,1.7871872,0.080444254,1.6075526,0.2633368,1.3209622,0.66546285,0.8248918,0.71292144,0.88610065,0.77902514,1.7864132,0.42150512,0.5051197,0.545058,1.2589899,1.1607689,1.6268811,0.5751959,0.82825506,1.666175,0.56287026,1.4730719,1.4279543,0.51868063,0.15664198,2.5239537,0.76344043,0.84806263,1.215036,1.9977926,0.22966152,0.9463474,0.03936741,1.0927699,0.17881355,1.794772,0.09648206,0.06875702,0.45183322,2.0295615,0.18845248,1.5446863,0.20195694,1.9499182,0.12006098,0.19149974,0.45403078,2.4498384,0.3837869,1.1052003,0.43610945,1.3457009,0.8069057,0.6136425,1.5100471,1.5161822,0.38095278,1.0993555,1.9017738,1.2061875,1.0677408,0.9165381,0.51986235,0.85623634,0.46072796,0.26870915,1.9438105,1.6454661,2.64774,0.5361628,0.12768804,0.43072462,1.2077247,0.94414884,0.9629177,1.5447185,0.96503025,0.4170897,0.43298334,0.39419734,0.0514675,0.40516415,0.330915,1.1905879,1.8495165,0.29327747,0.28752187,0.16807069,1.1463476,0.265121,1.7809348,0.36760175,1.3723695,0.17863496,0.37618744,0.80579907,0.8202014,0.34321865,0.5408231,2.2324393,2.6948135,0.64165705,0.5075729,0.3317985,1.1006753,0.8550223,0.48663062,1.5945232,0.19836034,0.6958557,1.307038,0.4985448,0.16103671,0.63223493,0.12235692,1.0421137,1.9035828,3.220682,0.7290614,0.102519244,1.1151801,1.515158,0.03899388,0.113621965,0.7031903,0.51251334,0.7775005,0.9571994,0.19330676,0.19526277,0.489335,0.3390465,1.701022,3.0531883,0.7692927,1.2026281,0.48837817,1.1721222,1.117273,0.06473617,1.9501756,0.51997507,0.30525178,0.47414112,0.37875327,0.28619993,2.5993657,0.36053813,0.88010055,0.5534792,3.1957889,0.5372973,0.5810977,1.7908547,3.6905878,0.22493574,0.24419565,1.0569621,0.2312341,1.7797564,0.88165766,0.40659013,0.736904,1.2142388,0.13930142,0.51197743,1.2728689,1.6267115,0.14548562,0.00886236,0.9578719,0.05337461,2.2015476,0.16758394,0.3608297,1.0811851,1.9492285,1.3388175,2.7558196,1.5676092,0.85485363,0.053591218,1.0907419,0.3088826,0.6729325,0.18263532,2.4733653,0.40293494,0.6417942,0.99206555,0.13891567,0.9507225,1.0500084,2.149037,1.6985503,0.11069823,0.113657676,1.3024716,0.18208474,0.34445736,0.20911181,0.40878668,0.40006575,0.46391055,0.83040524,1.2931682,2.0215874,0.46371183,0.79172134,0.29396915,0.6379338,0.8654093,1.3318605,1.2858621,0.41160318,0.2824596,0.8186478,0.33853358,0.5046378,0.321844,1.0452756,0.08348777,0.49985448,0.62051463,2.812791,1.8036268,2.979275,0.17192702,0.32363725,0.15876694,0.4740764,3.9035943,2.3240285,0.8193661,1.2819425,0.44531563,0.59737325,0.0,0.7252307,0.70436466,0.98332244,0.86612344,1.949811,2.2161305,0.5583004,1.4570804,0.5345548,0.12632784,1.7761729,0.5357525,1.2866048,0.6297861,1.0817403,0.99339074,0.89370507,0.50923157,0.20227864,1.303373,1.2587469,0.18963309,0.919364,0.6068717,1.1869789,0.3651071,0.6758276,0.5420301,0.9314157,0.49017856,0.89486367,0.8614983,0.58683175,0.6098023,0.9277596,0.034092307,0.9821892,0.27805814,1.2378225,3.3356261,1.8012356,0.014457534,0.4891658,0.03951593,1.2296824,0.6311341,0.0903211,0.09577523,0.84532803,0.0,3.374883,2.3867598,0.6750938,0.6844223,1.3003899,0.8594485,4.1289344,1.2310165,0.4187742,1.3631638,1.1372682,0.41048333,0.611002,1.3598063,0.94076496,0.38383585,0.43223998,0.18665667,0.37060773,1.7624112,0.4586581,0.7790873,1.9599651,1.4770788,2.7750692,0.33614013,1.286364,1.3500057,1.6208707,1.2697034,0.1261665,0.4869175,1.35221,1.4660972,1.8391063,1.4497378,0.9074617,0.6123078,0.42597646,0.62699926,1.5733639,0.8095096,0.15962167,0.32915246,1.2475648,2.4220824,0.12567092,1.3449744,0.5526376,0.7120214,0.14851095,0.9719851,0.27624324,0.10787339,0.51519275,2.1392016,0.08181865,3.308887,0.4649692,0.18590097,0.05515905,0.94209075,0.47803503,1.6830117,0.14797856,0.6116948,all_pothole_images\pothole_images_new_image_169.jpg
0.82079685,0.082126215,0.0009811267,1.0337381,0.36897042,2.2725625,0.69380045,0.013058883,2.2670343,0.15778951,0.33720583,0.0,0.052874934,1.407887,1.5389298,0.259251,0.07168519,0.9207508,1.0691257,0.029410556,0.4455583,6.383305,0.3743455,0.25429744,0.14877376,1.5516688,0.003976127,8.260039,0.6428991,0.19978851,1.8424057,0.885832,0.876945,0.21967755,0.7572719,1.3570706,0.15432064,0.78756744,0.3741961,0.035533782,1.2233512,0.35957724,0.054464214,0.003169569,0.65617776,0.82707167,0.11339207,0.2941106,1.1333251,0.39765033,2.3375704,0.57230806,0.27032968,0.4516775,0.88893414,1.3363184,1.205441,2.3908088,0.019917727,0.35526866,0.35091037,2.6028914,3.3224568,0.25714418,0.16952254,0.7059355,1.8170458,0.08551683,0.17408367,0.05156842,1.4331336,1.3397107,0.20793109,0.65670276,0.9837452,0.11042501,0.0,2.318161,0.58160967,0.24091938,0.052732747,0.8567368,1.3558427,2.9325025,0.34248406,0.16565531,1.2723843,0.082757086,1.611169,0.23462728,0.63256425,0.06495417,0.32054615,1.3917114,1.2148169,0.18240263,1.429789,0.45132983,0.6561882,0.9101173,0.34138238,2.551465,1.0080645,1.5002594,0.52792394,0.41389978,0.5736684,0.0,0.88273066,0.055407707,0.28759125,1.4860927,1.095352,0.025920756,0.29657063,0.08778525,3.6273236,2.206264,0.24429122,1.9643545,1.8628521,0.11166689,0.021038575,0.5253307,1.0581981,0.24816513,1.919987,1.5199292,0.08454135,0.30354622,0.10083718,0.06400916,0.24280201,0.11882637,1.03413,1.2835846,0.49658662,1.9577718,0.022130856,1.9926374,0.10419052,0.46478772,1.2869769,0.22789067,0.13328554,0.066986956,2.6682608,1.3954556,0.9007322,0.7664852,0.34616253,0.07119444,0.49061972,1.34613,1.9626797,0.03462528,0.5513024,0.6419128,0.25431162,2.107075,1.1163045,0.45252448,2.4643016,0.87735194,1.2712026,0.16628681,8.127718,0.4056902,2.8023543,0.41053867,0.3005165,0.1337024,0.067196585,0.7247828,0.81169516,0.65868944,0.3496107,0.23625475,2.0023475,0.21922214,0.88784343,0.8229661,0.91845965,0.011522169,0.023262478,1.3604649,0.3985709,0.4395017,0.011763029,1.0164194,0.0031714381,0.26126823,0.74198157,2.5610652,0.41566265,0.16834737,0.22346741,0.5498891,0.68434936,1.071943,0.41527003,1.250355,3.373908,1.365623,0.42679232,0.60053295,0.007095385,0.27435723,0.27363285,2.1123228,0.17754838,0.29267946,2.0428464,0.012618968,0.4667327,1.1838688,0.30069998,0.36035174,0.91612023,3.5487142,0.23596238,0.37846386,0.4663855,0.2196031,0.28347343,0.009635689,5.719194,0.10962763,0.0510027,0.00034872367,0.1278277,0.10362765,0.20211071,0.21337448,1.0600824,0.20417102,1.3771275,0.64555395,0.07393867,0.21585456,0.8786164,1.5082846,0.053238045,0.68205667,0.5480495,0.24254794,0.07870278,0.4628903,0.64636725,1.1426415,9.300594,0.07700367,0.8448581,1.2532846,0.6960221,0.09041973,0.5096991,1.2885236,2.3578563,1.0761316,0.27282152,0.6573347,1.6693548,0.49939516,0.52358437,0.6648175,0.98623455,0.29583812,3.3953154,0.3484495,2.6679795,0.5155277,0.39046177,0.3152389,0.1980044,0.002518437,0.36291993,1.9718599,0.69473594,0.101284675,2.882938,0.25304705,0.42055154,9.334108,1.295632,1.5405899,1.0025474,0.7543514,1.487423,1.4482641,0.35458502,1.490461,0.0083572585,2.2247186,0.56857896,0.63243204,0.17673944,0.5922189,2.411829,1.3328334,0.0024357412,1.7989483,0.06966978,1.4291849,0.08403702,0.34213033,0.30111375,1.3451306,0.11884454,1.2567005,1.3104136,2.0104156,1.2458241,1.5457326,1.341394,0.04696691,1.0470164,2.14294,0.6561541,0.09336546,0.19925393,0.14083582,0.5444217,1.2804912,1.0840138,2.2433665,0.3818617,0.00068002567,1.2645011,1.843255,0.7862818,0.63471884,0.22503556,0.1262222,0.5185598,0.14233738,0.19017161,0.7551316,0.11617534,1.3462745,0.32326156,0.11944772,2.967433,0.47845465,0.58319855,0.12562397,0.49136916,2.8141584,1.8054022,1.4663126,0.73107314,1.0193774,0.063335836,2.9319944,0.3646115,0.07827361,0.5467534,0.23611885,1.2225688,0.48141435,0.16630764,0.10430326,2.013665,0.72540295,1.0679247,0.52905476,1.8942288,0.5738646,0.12099036,0.082310624,0.78542846,0.21918832,1.5354588,0.5093347,1.0686396,0.41643208,0.13213189,0.036122855,0.07991747,0.011871072,0.08317093,0.1350427,2.3762288,0.44512826,4.5181212,0.0,0.3582789,0.7417324,0.6602415,3.9271123,0.7081783,0.38785246,0.10553509,3.233473,0.020508854,0.23972856,0.9221887,0.355579,0.21186659,0.95234257,0.45831087,0.3390474,1.1901693,0.5117811,1.1707773,0.08523927,0.1551786,0.47049594,0.59173214,0.40801433,0.1982202,0.34739417,0.598777,0.3958854,0.9808636,0.38676295,0.2919562,1.4050816,1.1930943,0.00577488,0.8944009,0.08249851,0.5440913,3.1381238,0.48551258,0.7609498,0.21858051,0.54388636,0.83472854,2.0427768,0.80377,1.5466359,0.073662154,0.6127013,2.6196766,4.50698,1.2132816,1.3221955,1.4758509,0.16744381,0.366837,0.4551658,0.35158354,0.12838235,0.4872324,0.037599977,2.9339254,0.04768604,0.02813361,0.344876,0.6917023,0.79827243,1.5706161,0.104961954,2.133754,1.560602,0.8889884,1.4419272,1.6217412,1.7255058,0.09597595,0.6715109,0.81114787,0.17739871,0.45630288,2.042442,0.8343908,0.5681128,2.189352,0.19491686,2.6637352,1.5386732,0.29926926,0.44843757,0.14095408,0.9053705,0.36924446,1.9582014,0.9705692,0.052695293,0.30325404,2.6385725,0.52066004,1.5351042,0.70907086,0.31928912,0.7015572,0.1065582,0.55153865,0.9271648,0.7503088,2.0067472,0.5113202,0.46654683,0.31815705,0.11232676,0.3917356,1.797075,0.6953695,1.2450994,0.06198359,2.4435856,2.0734644,0.94442326,0.64251125,1.0961888,1.301595,0.8505575,0.2915132,3.5924895,0.0,0.19305086,all_pothole_images\pothole_images_new_image_17.jpg
0.10687289,1.7659146,0.63467187,0.031276878,1.2895396,0.66684425,1.3561332,0.47481716,1.2761952,0.09383373,0.5570017,0.14886087,1.6302943,1.006434,0.49948204,0.68241405,1.1508247,0.08357554,0.14873254,0.66887206,0.7790221,0.78710324,0.45204145,2.0724187,0.48984402,2.060554,0.19526914,0.93654275,0.35820264,0.3035033,2.4909382,0.8422143,0.35514644,0.10444495,0.59569496,0.5808321,1.485804,0.36127424,0.098963656,0.1335666,0.8294757,0.2854946,0.06529739,1.3341652,1.031622,0.12713222,0.0109240925,0.0,0.15745659,0.6924287,2.7742655,0.29514802,0.8849554,0.9313483,0.9330086,0.06375538,1.8766934,0.17388955,0.78570104,0.7034702,0.36395854,0.1093095,0.9686993,0.89056206,0.3768691,0.15104873,0.571574,1.3747377,0.3956524,0.06997349,0.01490154,1.9562085,0.4632663,0.33534285,0.70520234,2.6342661,0.32062453,1.1630788,1.0353434,0.23669751,0.3924595,1.3705996,0.2281388,0.32718498,1.2838854,1.2517759,0.5963928,0.56014603,5.736967,0.5583973,1.7415535,0.013497833,0.8470259,3.1866486,0.045367535,0.014955892,0.81127256,0.16341987,2.527487,0.020489177,0.13730407,2.0798728,0.17836191,0.22655283,1.6906207,0.7822479,0.15714099,0.29025796,0.35450444,1.0654798,0.54869694,2.6178617,1.0148226,0.72044384,0.19368427,1.1268593,2.920878,7.609839,0.042930674,0.83679104,2.008567,2.3281646,1.1773438,0.49267787,0.97994435,0.715226,0.1877709,1.3437995,1.5291276,0.046703298,0.68392193,0.9554516,0.95429015,0.7148792,0.69553375,0.90534705,0.19761515,0.47520688,0.76867926,0.2859873,1.2231349,0.58432823,1.3982499,1.5381467,2.70859,0.5546193,1.1837343,0.01483727,1.2674748,0.67661285,0.1288951,0.46089134,0.28538096,0.25303242,0.39428037,0.0854673,0.024817657,0.30243576,0.048179418,0.11488301,0.53945625,0.21750349,0.0661174,7.3882403,1.0318897,1.386885,0.9907848,0.062784895,0.3294626,0.21845566,0.8452067,0.3154017,3.1380625,0.53944623,1.6912284,0.13346697,0.6922672,0.58088154,0.24660534,0.36566547,1.0714742,0.72740966,5.007258,0.39739206,1.2797474,0.2564276,0.7548761,0.14718606,0.5836415,0.15465216,2.8383646,1.872892,0.6654168,3.264252,0.51269764,0.749978,0.5470071,0.30885163,0.023176666,3.8199642,0.075508796,0.6729979,1.3927085,0.7998368,1.2407068,0.90968615,1.1146595,0.2870214,0.18049112,0.2684901,0.21142928,0.69033563,1.888077,0.66200024,0.31675977,0.23209263,0.75774366,0.51591855,1.4721926,0.02121403,1.6739031,0.23012194,0.41826507,0.16605237,0.2703922,0.8143416,2.0336173,0.22452827,0.2895201,0.3475628,0.7774161,1.7483546,0.65014976,0.7786174,0.16722012,0.9824557,0.112250015,0.21085899,0.3147453,0.07631642,0.7041059,0.9459468,0.26092324,0.20924406,0.014259286,1.1716115,0.84693223,0.018589776,0.5435961,0.14203069,0.9178341,0.035203367,0.6266149,0.43383458,1.3696436,0.21488082,0.56311506,0.56549394,0.7045533,0.14700387,2.0015612,3.9639237,1.1732005,0.22338848,0.40710387,0.9777973,0.006044649,0.96934646,0.6085096,1.6423767,0.42636693,0.12761144,0.30181912,0.19901639,0.5225892,0.6761111,1.8823482,0.753339,0.08336105,0.53391826,0.10054917,1.9085655,1.4619713,0.6354624,2.2968411,0.9925418,0.09293812,2.1675572,1.8636833,0.19722217,0.37371382,0.5482831,0.6803675,0.37555254,0.23885386,1.3772326,0.52221805,0.29948887,0.18823028,0.1796572,0.4320695,0.34044772,0.2236511,0.6120524,3.4296613,0.3050315,0.042774,0.5863478,2.0183103,0.7038654,0.5635336,1.0813135,2.9121332,0.076994464,0.09262461,0.7124467,1.2675369,0.3743661,0.48054004,1.2245219,0.0,2.095711,0.04340301,0.49077216,0.74625486,1.2545757,0.32481816,0.32982513,0.061236322,2.4957457,3.8528829,0.43699864,0.03175075,0.83473295,1.6487355,2.4031808,0.14051202,0.41945255,0.9251789,0.5464706,2.0197856,1.905194,0.64609337,0.016292954,1.1269426,0.12226623,1.0439409,0.14110349,0.4913039,0.44736493,0.075655125,0.2877388,1.0008717,0.31816685,0.7353094,0.0805852,1.9721588,0.0,1.822365,0.003857107,0.017527312,0.16000856,0.122094415,2.2761183,0.85410464,0.40683606,0.70962787,1.832568,0.44233042,0.02201804,2.4502487,3.4760263,1.3638002,0.85661,2.0075061,2.8607874,0.5254351,0.86671245,0.16628292,1.1794944,0.1113653,0.9974421,0.33832347,2.9119434,0.40096146,0.8499112,1.615302,2.3331535,0.90443265,0.41656798,1.4513245,0.5166188,0.21000452,0.287838,0.035682384,1.3095075,0.22160943,0.76151663,2.0655012,0.024596484,1.510866,0.75476086,0.031538144,1.2094193,0.33673972,0.057614174,0.24886234,0.7559012,0.14540118,2.2626941,0.2407762,0.17825496,0.34088698,1.6645447,0.37516528,0.13144124,0.50787574,1.5600464,0.4817393,0.10960585,0.3232517,2.673818,0.5416583,0.6092195,1.5698516,0.51873356,0.03436479,4.6930714,0.082688026,0.19514276,1.2777412,0.9999846,0.6404007,0.29754493,0.6265068,3.2075608,1.2858418,2.1490405,0.19820265,1.4707941,2.6845295,0.6892602,0.007868375,0.06694143,0.0,1.5882072,1.5515541,0.15037075,0.49816808,0.6614526,0.82934445,1.0236529,0.98357576,0.4201106,0.19811505,1.0351852,1.0680112,0.0016361953,0.7780955,0.3177258,2.180903,1.2651796,0.74376017,0.94047827,2.0353725,1.0837818,1.578113,0.050449293,1.4735647,1.1294068,2.0742636,2.250119,1.1629745,1.0165328,0.29415873,1.557955,0.021201618,0.035431392,1.1275641,0.18472944,0.30925888,2.8481967,0.23506495,2.4664967,0.4005843,0.5668655,3.3582053,0.37145108,0.22254744,0.048010334,0.5215114,0.9743918,0.017294293,0.43080553,0.06122531,0.02828853,0.3455151,0.7589382,0.26491803,0.010092044,1.4172252,0.14437497,0.20572315,0.4472461,0.34618562,0.18973051,0.00047087588,2.6289065,0.027742,0.37460622,0.24733798,0.0324522,all_pothole_images\pothole_images_new_image_170.jpg
0.304043,3.584052,1.6468692,1.3961761,0.8556632,0.53732055,0.33836213,0.777209,1.354473,0.5976569,0.77443856,0.24069805,0.3976768,2.4215825,0.3386165,0.3741351,0.806389,0.11397764,0.09708541,1.2788302,0.6454112,0.44099686,1.4050239,2.1495152,0.79064393,0.23776893,0.11373443,0.21818747,0.24730048,0.70748216,1.2414557,0.07266954,0.42790648,0.058003116,0.74968773,0.38076377,1.8066396,0.53816867,0.30749086,0.079038456,0.045764517,0.29728752,1.0210271,1.6540176,2.2701354,0.25015315,0.15417369,0.0,0.526368,0.27664068,1.3015611,0.42921677,0.5145956,0.7168199,0.14703771,1.8397682,1.4903264,0.39824402,0.30179024,1.8479896,1.4213867,0.9299595,3.3373737,2.8098042,0.02106815,0.10468441,1.1796129,0.57483816,0.6626096,0.78820205,1.6528144,1.096962,0.16627455,0.5787584,1.6181506,2.3049247,0.33442,1.1954081,0.5921953,0.8783722,1.3331814,1.6971469,0.33000296,3.0986788,1.4095443,0.42319047,0.69146407,0.16127384,4.267901,1.1299499,0.23178788,1.6395515,1.1595343,3.7512507,0.27730286,0.2888194,0.21102877,0.96883607,0.83943903,2.4470017,0.41671658,0.67933434,0.5215843,1.6776403,1.3123122,0.1536255,2.1803021,0.1690285,0.77878267,1.1442621,0.5778648,1.9507002,1.1691436,1.1892393,1.6214858,1.5583109,0.8883386,0.014933582,0.13804336,0.33819193,1.810488,0.55527633,0.16181211,0.61667347,2.2763624,1.8987358,0.31238243,0.023109922,0.87983173,0.538966,0.71407914,0.8465392,0.6139521,1.3744751,0.4534768,0.16960321,1.6831505,0.6019511,1.2802095,0.13248438,0.8927637,0.28015658,1.3542411,0.5437899,0.9102222,0.7797437,0.93133277,0.060219802,0.43115583,0.02637556,0.01763472,0.6389825,1.3847594,0.05360122,0.82389504,0.36243042,0.41441298,1.0286105,0.3365926,0.2817319,1.6925532,0.7187085,0.15456575,1.7818725,1.8766754,0.67904454,1.2636272,0.6204352,1.1189326,0.32485485,0.44225672,0.20460173,2.1736276,0.82562804,2.8407648,0.17365973,1.136515,0.3931137,0.041564185,0.035279352,1.5846316,1.0881252,1.1213883,0.46949732,2.6002982,0.92115057,1.234099,1.1532731,0.9614813,1.3756571,0.1711504,1.9417095,1.1698012,0.8863309,0.5451584,2.0750437,0.45426255,1.19421,0.8194718,0.37310433,0.32715046,0.3644001,0.18289211,0.6846185,1.171218,0.12532882,0.32071355,0.078161955,0.86771196,0.075643614,0.8982631,1.663106,0.7635943,1.7073481,0.4910361,0.78826326,0.16672648,0.24262188,0.7338511,0.08721293,0.77969515,0.15787375,0.036213174,0.09357642,0.32959217,1.1845104,0.59446645,0.36681563,0.66705906,2.2199144,1.0721711,0.18579073,0.82494813,0.6728382,0.5284107,1.578172,0.864449,0.31749216,0.23810898,0.6643974,0.5303726,1.1801935,0.22752602,1.2495892,1.3614776,0.10494032,1.0464591,0.34848297,0.21141243,2.2852278,0.5926468,0.5662234,0.3471684,0.6669747,0.84827375,0.4923859,0.13670991,0.52265763,0.44931653,0.9104152,0.6710139,1.0176336,0.5078411,0.20081913,0.2290645,0.30049375,0.06798134,0.6270762,0.7816583,0.43065554,0.7473402,0.14002728,1.3935019,0.68679816,0.5612391,0.8359917,1.129326,0.95550346,0.15655917,0.1986936,0.41727677,2.8972075,0.62207323,0.5800477,0.7766046,0.55674213,0.4996748,3.0750682,1.7930766,0.9231251,0.5231069,1.0237527,0.1661856,0.114355505,1.7038051,1.4624304,0.6265367,0.5572508,0.5967055,0.38550746,0.283092,0.64687884,0.33638725,2.2777696,1.9658972,0.99145687,0.79616195,0.40042064,0.36013618,1.0130746,0.4943346,0.04346262,4.7869105,1.2537428,1.2124684,1.6630348,0.32108408,0.3177838,1.706821,0.30201676,0.19297434,0.97602695,1.2884969,0.05480781,0.32805803,0.16554731,0.1408095,0.9447035,0.930786,1.2481916,1.5503865,0.7513172,0.55341196,0.37991542,2.2114394,0.061363697,0.25107008,0.5221787,1.2460787,0.018420191,1.1654631,1.8142731,0.12720102,0.8967285,0.1843506,0.16975093,0.7946127,0.39966053,0.45705798,0.48061058,0.8377688,0.422632,0.2604752,0.7156962,0.7562045,0.3250686,0.883921,0.7966679,0.7204951,0.099092565,0.43981254,1.6786016,0.21695894,1.3563356,0.043681238,0.6665007,0.18482402,1.0446125,0.18536755,0.9109126,0.24878225,0.121535145,1.4776533,1.6233696,2.044475,0.8205508,0.3368327,0.11898216,1.0686389,2.7326934,2.0244656,1.0105298,0.50375265,0.6265699,2.3078282,1.2350595,3.6396315,2.5147486,1.8543591,0.87109405,1.7178245,0.4634133,0.65136445,0.30998847,0.97489053,0.74479663,0.708592,3.2000234,0.04526998,1.408498,0.96191925,0.6244703,0.44623443,0.7478376,0.0094161825,0.980507,0.04403582,0.71309924,0.09142253,1.797552,0.026744004,0.64042896,0.4942262,0.50921965,0.3084341,2.0549848,1.4794319,0.5207176,0.28923115,0.13524592,0.06172978,1.1730509,1.8465856,1.1382339,1.6697085,1.4156483,0.66251767,1.0231498,0.9189505,0.43396798,2.6755974,0.49077138,0.30052766,0.4790746,0.98943573,1.242853,0.9824024,0.7171134,1.5857892,1.7399737,1.8787597,0.64554083,1.5684123,0.6986848,0.8416494,0.9630609,1.3385397,0.5187744,1.3447815,0.26337117,0.1270944,1.4114035,1.2536069,0.6240845,1.0662409,1.0800139,1.8624654,0.9194411,1.0290895,0.14346282,0.16143154,0.2272048,0.651074,0.8342507,3.885487,0.12648794,0.22157346,0.098489955,0.68586355,0.57351553,0.9866202,0.115306795,1.0174632,0.9523143,0.8677676,1.1970518,0.97526395,0.2157095,0.037641343,0.62094533,0.63266116,1.2460343,0.5016277,0.14404851,0.66636586,1.0973904,0.6070897,1.3554703,0.40509102,0.17021123,0.22849652,1.8263814,0.21856241,0.08564541,0.20024244,0.3525563,0.53788996,0.103950225,1.967112,0.27965638,1.220477,1.4403834,0.79351145,0.5230354,0.7342546,0.66509557,0.16937892,2.0666618,0.9564237,0.18497254,2.7393973,0.1703464,all_pothole_images\pothole_images_new_image_171.jpg
1.9038157,0.10122789,3.4673467,0.86982995,1.2947509,0.27228242,0.23926692,0.106416605,0.67884237,1.568099,0.61229426,0.7581539,0.11491945,1.2577683,0.039286006,0.4518776,0.09634081,0.7876158,0.44146335,0.65290433,0.52975565,0.7583285,0.8836488,2.4880884,0.27329984,0.4371004,0.9118987,0.5275852,0.0,0.33512414,1.0423224,0.2486673,0.25692013,1.5775067,1.2722893,2.317907,0.1484048,0.20591368,4.083139,1.0861827,0.105239935,0.624401,1.3301519,1.048105,1.0888575,4.134025,0.13594562,0.0,1.893097,0.8295462,2.11901,1.5024714,0.37453943,0.0,0.11203882,0.3058579,1.4707572,1.826814,0.72921294,0.22488403,0.32732677,0.7076347,1.3523623,0.6198028,1.0585847,0.1551311,0.2004212,0.30415797,0.36911765,0.24179581,1.3480657,2.0015228,0.4955586,1.3078068,0.6761798,0.013993649,1.609009,0.77939034,0.43117285,1.1648686,0.019204294,0.39196783,1.0019482,1.4767015,1.7212484,0.069673486,0.30476773,0.8792404,0.6838213,0.113546304,0.8022397,1.9356227,0.42223743,0.06313909,0.14973773,0.1506016,1.296437,0.339348,1.939019,4.510592,0.24404977,1.0608655,1.4554758,1.2226458,0.5533203,6.93062,0.19840641,1.854787,1.8215386,0.6384143,0.8344209,0.006868502,0.28223512,2.4833355,1.0252651,1.8441541,0.5424273,0.8307347,1.1865672,0.09718002,1.6878612,1.2775322,0.33026433,0.61714107,1.6377517,0.12632632,3.2039175,0.749346,0.13822435,0.36461732,1.3535751,0.11091086,0.13476242,0.06255616,0.021361327,0.24515752,1.5873506,0.1005512,0.7635526,0.09898431,1.3873571,0.5099477,0.7282148,1.607012,0.030485384,0.019692525,1.3169352,1.2249525,1.3756418,0.016432896,0.4569391,0.30424708,0.35956642,2.207074,4.363806,1.0489172,2.214665,0.6323615,0.88691914,0.58580077,0.8963471,0.040180884,0.16678129,5.217609,2.4918225,0.9094803,0.8595783,0.7914383,0.8016411,0.72352785,0.9895038,0.6643583,0.077034265,1.5814987,2.677528,3.3470197,0.45858452,0.08421877,0.055555634,0.30654812,0.84389836,0.71368825,0.0,3.9285526,0.17187203,0.78572345,0.8584882,3.1006658,0.6016902,0.20922263,0.53130364,0.9972247,3.6769745,1.557243,2.1258488,0.26458454,3.1115866,0.239403,1.2881176,0.008798132,0.3395447,0.7591663,0.44836253,0.626576,0.86241925,0.99113923,2.0617282,0.05888497,0.0236636,0.14166422,0.073231466,0.5890715,1.5684407,1.3266459,2.1943367,0.0,0.51444024,0.35283753,0.53597796,0.047160007,0.00773967,1.2609552,0.5116443,0.8755887,0.68403065,1.0706407,2.4206932,0.23903252,0.28930303,0.22669539,0.60295993,0.7512049,0.8084765,0.84161997,1.6526418,0.13281435,4.5274677,0.017692609,0.6125064,1.9687902,0.54222727,0.68638307,0.53239214,2.4679148,1.8241614,0.4204856,2.2184331,1.3176087,0.07959634,0.049980775,0.39889884,0.0092379255,1.0183415,0.6093013,0.034012225,0.366826,0.04142159,1.3255556,0.3763221,0.0,0.34822798,0.887411,1.3966868,1.6329402,0.14849716,0.47438553,0.61392796,0.31994152,1.7121862,0.5495974,0.13369718,0.04870197,0.14515412,1.401727,0.53462493,0.7622148,0.58467185,0.3571872,1.1291872,0.7190979,1.6704082,0.04661385,0.7637752,0.046486646,0.30431455,1.1989374,0.09292612,1.25618,0.55570436,1.0672275,1.6511012,1.9905243,0.033188444,2.6049798,0.9998558,1.0444467,1.2045736,0.559683,2.1069517,0.38235307,3.1593719,0.0018524623,1.4374316,0.80699223,0.6591386,0.0034336136,0.053474337,0.4355526,0.09916523,0.91430855,0.23141171,0.6095498,0.042891596,0.95292234,2.6141968,0.0,0.0012088808,0.35900772,0.92547363,0.76769644,0.9526641,0.20547873,2.0745893,0.47801757,0.46310222,2.2487254,0.27455527,0.19108647,0.15701841,0.4162045,0.71069545,0.5360819,0.922357,0.11961079,1.2628379,1.0692065,0.46137077,0.14921413,0.7155873,0.26592597,0.0,0.005574114,0.19784409,1.1794468,0.4862455,0.27181146,0.03491735,0.93544567,1.1500103,0.9906726,1.0505075,0.7621091,0.0074887923,0.6785711,1.6998776,2.1798847,0.44748324,1.1139394,1.9388876,0.99349254,2.39886,0.36505654,2.4507098,0.71408695,1.3697363,1.3287356,1.6249975,1.2011273,0.20013513,1.5203878,0.7438958,1.0625187,0.4010481,0.14302526,0.09038089,0.2714999,0.3733422,0.0041380897,1.1079907,0.6416089,0.93830276,0.92526954,1.2223547,0.31826058,0.3404323,0.34764746,1.5605079,0.16947418,0.15337288,0.0060529215,3.5497522,0.25807568,0.76920205,0.16403735,0.065398715,2.441056,0.4377826,1.1804078,1.4674075,0.5525083,0.43495527,4.5121403,0.66594595,1.4218435,0.8301779,0.040584315,3.4697807,0.36380464,0.17898084,0.42292365,0.25013667,0.87736696,1.2494583,0.91123134,0.076033875,0.0021969953,0.20955661,1.19584,0.6858865,0.018186627,0.087409385,0.3212252,0.98598516,3.0326195,1.3102359,1.1312871,0.7411486,0.075766064,2.0619836,2.8968973,0.42658216,0.38378602,0.20963015,0.54099095,1.0699015,2.0767791,0.45215538,0.7144051,1.215956,0.5603917,0.5351235,1.7101313,0.7570091,0.22184329,0.0066872123,0.23082492,0.5621109,0.21769461,0.41575056,0.2944699,1.7800094,0.40708154,0.7258164,0.22086135,0.8957649,2.208757,0.25594527,1.0828435,1.4923092,0.5262706,0.8772307,0.59410053,0.73588157,0.5295442,0.6247285,1.2720491,0.67513084,0.80236286,1.138736,0.41467774,0.57000023,1.0416114,0.059020314,0.21034008,0.25290203,0.07631586,1.1411885,0.23837693,2.5048933,1.5165102,0.23688541,1.4548006,0.4346487,0.10860402,1.0740193,0.90286285,0.3570577,0.013856754,0.33660772,0.105314136,0.20700374,0.0,0.028772354,0.07890615,0.42796633,0.09843299,1.4081354,2.3680863,0.0,0.9632075,0.16053823,2.025073,0.031246243,1.6906848,0.008778412,0.3988312,0.0,0.0,0.13635819,0.05861143,0.0017088332,0.4292888,all_pothole_images\pothole_images_new_image_172.jpg
0.2484418,1.6719136,0.5225295,2.0433555,0.16755867,0.07881572,0.33750328,0.81069714,0.27648142,1.161926,0.33926156,0.7834279,0.022257123,1.2960632,0.0,0.7608058,0.040400088,0.38147888,0.6635878,0.028596858,0.34024963,1.6746788,0.886828,1.5058787,0.8786904,0.3741684,0.16112034,1.6488552,0.0,0.605564,0.6769952,0.013095172,0.41651046,1.209218,0.21305613,1.0751292,0.68671924,0.8483165,0.61146724,0.79262525,0.31662762,1.3476939,0.34353632,0.47348768,0.39815968,0.58337486,0.75573987,0.0,1.3225201,0.34444568,0.933013,0.37970942,0.58136123,0.64757186,0.5401492,0.48865935,2.7160516,0.010789319,0.88771516,0.16001132,0.05677144,0.6193823,1.4899955,0.17944007,0.69920105,1.8986162,0.292121,0.12505783,0.06994497,0.458682,0.6983244,0.26986364,0.3035776,0.21745792,0.14863993,0.16774888,0.7673212,0.23645453,0.0,0.79809225,0.055460997,0.75209373,0.79382557,1.5835344,0.2373829,0.6828598,0.11548071,0.0605544,3.8079958,0.32267696,0.14951696,1.5513328,0.054944996,0.51718575,0.2164493,0.129261,1.2116419,1.4131149,0.67868817,1.0029624,0.3492349,1.2668353,0.6738106,0.6798313,1.337151,0.06627305,1.183337,0.16372186,0.5843277,1.23375,0.22180058,4.71321,0.13640945,0.23619932,0.6139735,0.775577,0.6465102,0.38066676,1.0109377,0.46732926,2.7332716,0.45560154,0.09191234,1.0860634,0.33303824,0.72815144,0.22862123,0.080779046,0.14091824,0.0784236,0.580846,0.29112387,0.12469217,1.4541922,0.4203186,0.103180945,0.00825171,0.40503964,0.1188925,0.26716092,0.2907044,0.31396544,0.112485476,1.1177179,0.0012672305,0.20443754,0.005533459,0.82199705,0.8413801,0.5358843,0.36178106,0.18210939,0.45159504,0.052131344,1.6212679,1.1560136,0.022407185,0.6112039,0.049621828,0.28223333,0.622443,0.49869934,0.029041888,1.9415071,1.7545176,0.803289,1.4043413,0.030455718,0.22289607,0.19090691,1.8092209,0.44345024,0.14920516,0.03859937,1.8506961,0.07310675,0.34201756,0.3642177,0.21083806,0.016729739,0.057354648,0.9903294,2.0408952,1.1717454,1.525019,0.5894285,1.1388851,2.8678455,0.32502365,2.1186976,2.0321274,0.096582666,0.09881631,2.0927126,0.07659741,0.5394906,1.2573397,1.7094427,1.427412,0.24665171,0.36859462,1.1571937,0.72970515,0.028749578,0.82542914,0.6934735,0.18471949,0.3098109,1.3929384,1.043438,0.15026452,1.0325087,1.9752533,1.9349419,0.10550882,0.61622995,0.41759482,0.039391667,0.4825272,0.11948115,1.0265709,0.37849465,0.40862802,1.0128908,0.19889154,0.51575214,1.7521194,0.11768768,1.2738047,0.32977903,0.4338935,0.9177605,1.7541888,0.48371676,0.65728086,0.55303156,2.4303417,0.07579814,0.0,0.072402075,0.41784734,0.58572567,0.20677897,0.14923139,0.015953798,0.007880607,1.3822184,0.3876234,0.831143,5.8269906,1.9044485,1.1946899,0.039510377,0.120117225,0.25287688,0.22558111,0.9728161,0.5851709,0.2929545,3.0443344,0.9074643,0.08994074,0.49551836,1.6271842,0.057903443,0.70870113,0.7974729,0.6925389,1.0995419,0.32937163,0.9944047,0.012918665,0.8704263,0.9345587,0.5701238,0.81835234,0.8812265,0.12662917,0.39486697,0.47594568,0.44215447,1.1677423,0.35403386,0.09566616,0.17353852,0.08943841,2.0731916,0.6923384,0.44423565,0.07045052,0.7529569,0.08677395,0.09465981,1.7033249,1.4593116,0.0,2.2159185,1.7162074,0.18980865,1.1648343,0.0,0.127591,0.0,0.95826006,3.6531394,0.81985986,0.261767,0.60895663,0.19885994,0.44661424,0.3158097,1.0618615,3.874158,0.48579744,0.36975428,0.20494418,0.4645717,0.3367003,3.7897878,0.30282828,1.7707989,1.5273677,0.055094846,0.026810762,0.44459826,0.7981874,0.031048613,0.42621502,0.69124943,0.7534007,1.8555665,0.24359247,0.6134917,0.07680136,0.14028735,0.009473398,1.0133203,0.9040377,0.56622446,0.699628,0.6352247,1.5911715,0.6358059,0.3881878,0.016275907,0.33093426,0.41583702,0.0023006508,0.20044841,0.41681653,0.39805198,0.9000702,1.0494708,0.17851035,0.13189645,0.18062544,0.5541094,1.4813426,0.12632458,0.24191992,0.4775659,1.3732994,0.18417148,1.1429765,0.0,0.54382426,1.1730385,0.21521486,1.0779275,0.7856707,2.8588617,0.7057298,0.28644043,0.32789254,0.9908633,0.9552374,0.5078411,0.53725624,0.11910767,0.4785261,0.8262289,0.18569376,0.17937566,0.7474325,2.4985316,0.4543423,3.606018,0.8590351,1.3888283,1.3104656,1.1986959,0.99414635,0.23018464,0.73225373,0.010943311,0.39586565,0.23585983,1.3823862,1.4956204,0.0019665314,2.1969466,0.15574995,0.35244465,0.46149063,0.12416551,0.3738963,0.9952792,0.8255981,0.0,0.8056937,0.001125158,0.8889165,0.74568516,0.8204326,0.00077081955,0.050529435,1.1146104,0.7556428,0.48738873,0.8874586,0.31749037,0.30030727,2.9601972,1.3719482,1.4066151,0.30817932,0.9433522,0.4475755,1.3947756,0.26976934,0.19869108,1.6398776,0.24780121,0.59568125,0.12189385,2.6503797,0.6021462,0.9859206,1.3895612,0.5592164,0.38661543,0.5672778,0.62254554,0.0053388304,0.17273948,0.06258003,1.2536359,0.097724386,0.056343634,0.25181654,1.7365979,0.3417691,0.33489978,0.16817045,1.4459925,2.0343335,1.1310775,0.4552251,0.45593688,0.39712065,0.4176319,0.5727466,0.5352722,0.025267802,1.0270416,2.213184,0.8128421,0.010416583,0.17157926,0.58271533,0.47883025,0.54273987,0.040461063,0.11828469,0.26647595,0.26663047,1.0203964,0.3554946,0.15184155,0.009031911,1.1341227,3.0308545,1.7927355,0.18306518,0.101129256,1.0493754,1.7863079,0.11367899,0.6891161,0.011214682,0.38377115,2.2834518,0.0,0.0034037642,0.15129626,0.049653538,0.4774345,0.4696691,0.045939416,0.48893738,0.017092396,4.0241475,0.47072798,0.87579334,0.17994584,0.44652462,0.0,2.1287084,0.15733865,0.7148558,1.9799078,0.05097288,all_pothole_images\pothole_images_new_image_173.jpg
1.0262268,0.32126987,0.09450858,2.3438976,1.047715,0.85827523,0.50798404,0.0062778117,0.09782861,1.2726768,0.09228558,0.7171959,0.7232444,1.0961874,0.012357305,0.16998686,0.5262578,0.19052857,0.9739605,0.085098155,0.6361899,1.5345777,0.9685779,0.6894478,0.5450302,0.6927452,0.0,2.2261896,0.094441585,0.18839875,0.13523373,0.05135142,0.3779751,0.857988,0.46988234,2.295093,0.6674861,0.17216775,0.16228946,0.5195942,0.21841559,0.05350821,0.38645008,0.21692769,0.30605325,1.1178823,0.2514229,0.008487159,0.615494,1.6656098,0.9540905,0.16776463,0.37526423,0.6967924,0.2815052,2.3524675,0.50982285,0.2678419,1.7035843,0.1523126,0.7537265,0.2972724,0.22385772,0.39522034,1.9456472,1.2612686,0.17780818,0.0063975235,1.4019582,0.24499372,0.24528041,0.09581879,0.7239352,1.1894692,0.651929,0.35636303,0.009257292,1.1429428,0.801845,0.021445839,0.00371602,0.13110399,0.5544415,1.1252632,0.8286852,0.14326718,0.063383594,0.093211025,1.1011652,0.60851043,0.9940878,0.17769611,0.06413843,1.2643957,0.016472315,0.21587533,1.0144271,0.49797764,0.24299553,0.5974884,0.5688967,2.9575138,1.0054073,0.39590484,0.9450931,0.08293804,0.19646712,0.43998367,0.35840392,0.10045799,0.07745619,1.056265,0.23493019,0.36277482,0.22541462,0.17900257,2.799735,0.45038536,2.8343048,2.0536547,1.4910132,0.3972988,0.5790631,2.0126774,0.24508277,0.8488167,0.45865366,3.4803836,0.3208212,0.28578418,0.25165465,0.0,0.32316583,0.1480827,0.13874727,0.68847585,0.7441821,1.4380332,0.20633398,0.5039335,0.25407714,0.38136575,0.19264063,0.52400154,0.06730704,0.63386065,0.07252695,0.76864046,0.44972283,0.46838883,0.75736326,0.3338454,0.49801207,0.0026516537,0.7805654,1.1015481,0.8842501,0.42709342,1.0171983,0.73180604,1.8164517,0.7522955,0.0,1.0635997,0.13229197,1.3572301,1.4840715,0.20262808,1.8216954,0.47685525,0.0,0.20322515,0.0,0.3123085,1.0266293,0.4299918,0.26505232,0.0,0.70540047,0.12032349,0.16974579,1.5136801,0.2916158,0.5998311,2.947562,1.2711345,0.37168366,0.82294875,0.92301136,0.5985746,0.0016893732,0.10624588,0.51572937,1.9429845,0.049142104,0.54492474,1.4269485,0.6564621,1.4064063,0.1372606,0.7135374,0.4583345,0.6129195,1.082347,2.045378,0.06940708,0.6473316,0.13744004,1.7981629,1.3189386,0.07151393,0.19725242,0.4651524,0.612784,1.3304765,1.3261781,1.1557803,0.20988464,0.93074965,0.19842353,0.1437222,1.5727384,1.4988755,0.31043267,0.013274087,0.30163318,0.9555654,0.25744912,1.3626413,0.083747804,0.100747876,0.14467515,1.3321428,0.19662285,0.073595166,0.30938184,2.0266123,0.18130592,0.2475839,0.100660995,1.1021719,0.37955222,0.23430997,0.17264642,0.38184485,0.0074572344,0.27406865,1.190047,1.2992212,3.3310633,2.2065825,0.50083745,0.56400955,1.0581065,0.19903794,1.3120631,0.2509032,1.3179636,0.8748436,1.9383996,0.42577162,0.045387764,0.19323008,0.5952436,0.46117544,0.22538576,0.15543798,0.84552795,0.07420742,1.3794397,0.060207874,0.09340347,0.031591456,1.1027628,1.1801428,0.46124083,1.746388,0.62684494,0.7576783,0.7192627,0.40588075,0.23936749,0.37425548,0.39843777,0.25487688,0.7488605,0.7544384,0.0680514,1.2900509,0.6486003,0.122619644,0.10454726,0.4470303,0.69320613,0.10102011,0.05337701,0.568444,3.6171207,0.2664591,1.594534,0.45882446,1.0104942,0.2847431,0.42731568,2.322349,0.8009242,0.7255551,0.36180952,0.28488088,0.14940372,1.5572227,0.4863205,3.883543,2.619209,0.7754847,0.7026904,0.5723459,0.7993308,2.8036249,0.21722345,1.8519424,0.17677455,0.0,0.6527257,0.78302765,1.1597093,0.38432902,0.42416027,0.41911188,0.41410026,2.5247808,0.5730709,0.12605383,0.17647973,0.0,0.37385574,0.008269109,0.14287803,0.43706083,0.4979054,0.87784106,0.12805648,1.5823969,0.29872575,0.24883814,0.8437932,0.07662162,0.42872864,0.7057595,1.2694855,0.6322979,1.6002934,0.4333227,0.5280332,0.130444,0.7529348,0.28396142,1.4975314,0.8212302,2.2129672,0.74121475,1.1490912,0.72655594,0.30557394,0.2061709,0.98000395,1.6107389,0.6901199,0.6790002,0.67225796,1.0474638,0.169866,0.47621566,0.037392456,0.4714852,0.8120978,1.0092394,0.9080144,0.25217488,1.2907046,1.0152352,0.17158929,0.53392226,0.07081734,3.2076674,1.7728015,1.104811,0.06942365,1.1350119,0.9841614,0.31025824,1.079194,0.091354914,0.83060944,0.0,0.49817812,2.203296,0.34120736,0.5781505,0.30275095,4.063703,0.61260056,1.1589173,0.110302545,0.7142007,0.069532774,0.1507351,0.35300347,0.0,0.069040775,0.53029513,0.032987434,0.6745163,0.00486249,0.1525794,0.6916692,1.8648046,0.0,0.5584432,0.10331838,0.5907087,0.5458667,0.20783484,1.0905603,1.4427391,0.34692305,2.9656568,1.1506618,0.1884414,2.2061257,0.589058,1.2248862,1.1633319,0.19360211,1.1592152,2.2426472,0.89385766,0.8091203,0.09804643,0.706673,1.1786842,0.48247328,0.3801818,0.98629946,1.3797802,0.0966426,1.1091527,0.18626316,0.9228101,1.7047554,0.8249982,0.5653216,1.2978725,0.98761624,0.45113957,0.9374701,0.35587898,0.5871298,0.8801603,1.397838,0.8585366,0.9766389,2.4186108,0.40483856,0.7286812,0.22563092,0.6264532,0.10683238,0.591241,0.48153895,2.189895,0.8657416,0.2331826,0.88227624,1.77103,0.035839096,0.27528444,2.0972388,0.08346778,0.08600936,0.68968433,2.8510437,0.8091049,0.8981214,0.1864747,0.32311568,0.26118043,0.045890283,3.633974,0.15202181,1.4975425,0.5210554,0.291714,0.13856702,1.0673479,0.4866473,0.044378933,0.0059254826,0.24245952,0.6375061,0.6336272,5.860689,0.7115899,0.5093883,1.2763892,0.0446285,0.12908426,0.004212015,0.48507476,0.38309228,0.41290808,0.2613448,all_pothole_images\pothole_images_new_image_174.jpg
0.61667216,0.37993145,0.09119652,1.6781621,0.38353333,0.34287536,0.6984956,0.10118399,0.21614292,0.836836,0.40547243,0.2094339,0.16578038,2.2629395,0.059337795,0.1725546,0.005149285,0.63306993,0.40818638,0.12116605,0.5518071,2.763158,0.5614864,0.8788193,1.3749641,1.0574445,1.2252387,3.6351972,0.90468955,0.45615923,0.6175135,0.1868341,0.7453367,0.5424661,0.30005613,1.275028,0.15607828,1.0871192,0.37633973,0.017297883,0.15080728,0.0,0.11797407,1.4947942,0.62312174,0.1408213,0.5713507,0.0,0.15565732,1.0369735,0.70458275,0.62380564,0.53774935,0.3584365,0.2405783,1.504086,2.337042,0.26382324,0.30215013,0.015499064,0.57386625,1.0325143,1.309908,0.8252308,0.9583458,1.8710953,0.07635895,0.014632397,0.1785767,0.31791532,0.026074585,1.141184,0.45004654,0.012120314,0.25861174,0.10514265,0.06691621,0.43445155,0.048807047,0.2599844,0.0645916,0.30283827,0.2376882,2.4744377,0.5560809,0.5440138,0.29735428,0.1652958,1.4899659,0.4785998,0.36910138,0.14191736,0.0026231834,0.14203085,0.39695638,0.1458769,0.41049793,0.8439604,0.44690812,0.0,0.011611678,3.9590552,0.032373462,0.49403855,0.54786754,0.46722516,0.18502875,0.095874436,0.004567708,0.19356552,0.30905083,1.4594306,0.43888262,0.473119,0.10137029,0.07675418,1.7251861,0.07997545,1.127122,0.781517,2.785788,0.8490074,0.30833745,0.275416,0.29613534,0.2727761,0.5830373,0.70292014,2.6895041,0.17160934,0.6142402,0.0,0.35057297,0.12230642,0.1192955,0.37455449,0.13233492,0.998445,0.27716744,0.5012839,1.8083477,0.14762163,0.49829796,0.5638576,0.12521912,0.6229943,0.3116755,1.3613546,0.14546661,0.0070631197,0.7501456,1.3716539,0.20317656,0.19412218,2.5299335,0.20874879,0.54463756,0.1323316,0.7858651,0.481965,2.9019961,1.1175313,0.005324876,1.8426987,0.04376417,0.041980043,1.8160174,0.21136366,1.262771,1.4930391,0.07908471,0.10989566,0.0,0.4048799,0.60687685,0.30201042,0.2872951,0.019449351,0.21042703,0.5549957,0.26792684,2.6001608,3.2677057,0.3336368,1.5896103,1.495216,0.10751467,1.3465683,0.8494916,0.8873727,0.24386588,0.4398487,0.24716552,2.9256241,0.010152685,0.46985722,0.20559117,0.62872756,0.45733672,0.3488644,0.8225998,0.8487608,2.368621,0.88815284,0.44839898,0.11274705,0.79175854,0.51149917,0.82530224,0.7210973,0.0,0.109962,0.8534801,0.14392626,1.1367723,1.7012827,1.6338884,0.097863235,0.597015,0.6585701,0.49503097,0.0,0.6667879,0.12577978,0.051762693,0.19131391,1.8744615,0.11902215,0.14372095,0.010089715,0.1404983,0.25047815,0.19703276,0.6715345,0.77833164,0.27167705,1.4725251,0.12373247,0.0033243285,0.5532661,0.13826856,0.30974376,0.116926745,0.70634204,0.08179211,0.0,0.5191327,0.51009864,0.41395053,4.2474694,2.6887805,0.0077651846,0.5471031,0.08580575,0.10781962,0.6018975,1.1210725,0.0031805802,0.23314583,1.0927477,0.4344104,0.7890359,0.44655982,0.34476405,0.40184835,1.0680858,0.066897325,1.061479,0.9577928,0.019659514,0.021768356,0.2724978,0.04044413,0.36015332,0.2863081,0.2637645,0.37904078,0.45649353,0.7131567,0.6599686,1.0365213,0.25365588,0.10460412,2.2013206,1.0235099,1.383695,0.6787604,1.0984105,0.78866357,0.104207836,0.30722752,0.028522594,0.2808732,0.39729068,0.04320887,0.13701715,0.5795087,0.16995966,0.41122347,0.98161274,0.312093,0.07009961,0.0015123184,0.16467415,4.7315454,0.20317717,0.03542018,0.08365341,0.0,0.21661991,0.66101533,1.6028713,1.030894,0.6576958,1.2531965,0.039324403,0.02798421,1.3664454,1.0920572,0.15637825,0.28300548,0.0,0.03755223,0.5386438,1.2684692,0.78121716,1.1069106,0.20001903,0.74481636,0.037610285,1.4235672,0.14224707,0.23255214,0.25930735,0.22108378,0.35608548,0.2917612,0.093549386,0.4745463,0.05346803,0.2951397,0.8512268,0.6778964,0.30588487,0.6772831,0.55581844,0.26575476,0.085607715,0.4730061,0.7338171,2.0815785,0.86964655,0.11972588,0.84440196,0.054104637,0.34507778,0.8412499,1.8034568,0.5585622,0.51254743,0.32461974,0.016244644,0.7199031,0.1920246,0.07494014,0.3780631,1.8761646,0.45621166,0.719635,0.5988969,1.4073304,0.20398906,1.0536304,0.09641133,1.1383414,0.7392998,0.1522241,0.009643048,0.5518365,0.7913045,0.13428886,0.0,0.66488427,0.4129025,3.0094523,0.58677864,1.5437542,0.012847252,0.018195972,1.2123954,0.49353388,0.8882173,0.10651374,0.4796453,0.0,0.09377802,0.5321367,0.3782288,0.1743568,0.61316556,1.1044534,1.020436,0.63249516,1.1670675,0.26958483,0.8631435,1.0986887,0.15982328,0.053383466,0.074170575,0.7368919,0.108339675,0.07805689,0.21148129,0.2775025,0.028863585,0.36203158,0.78566337,0.596239,0.029163409,2.2129374,0.041273564,0.36901233,4.007115,2.2191162,0.04849498,1.5351257,0.7892364,0.21368326,0.44834462,0.3622236,0.8004993,0.007957459,0.20884167,0.021594964,4.3763213,0.626873,0.60616386,0.09061321,0.8028153,0.17712411,0.0005801825,0.038988627,0.31775466,0.49251127,0.319178,0.79159474,0.25732985,0.8292502,1.3312858,1.5103468,0.05934541,0.011124127,0.54694426,1.4440053,1.5200619,0.72955173,0.2689045,0.13292173,1.5145053,1.5489829,1.0048052,0.90443677,0.21332553,0.86404866,0.60315645,0.058767654,0.009879296,0.59449214,1.2584224,0.40166923,0.4990731,0.6205751,0.34748816,0.13783039,0.16025649,0.08975753,2.1372678,1.0604743,0.02433785,0.25926515,4.4762726,1.4828768,0.3289456,0.0,0.18429928,0.28103358,0.30400428,0.7920339,0.20802474,0.028293176,0.66138595,0.10081852,0.07004739,0.062274717,0.0,0.0007532673,0.91672516,0.21383059,0.05796689,0.060002994,4.3340316,0.89091396,0.058523282,0.39466354,0.35543635,0.38014975,0.07142777,0.16361585,1.0880584,0.24987249,0.12893386,all_pothole_images\pothole_images_new_image_175.jpg
1.3955146,0.69816774,0.1876223,1.0063136,0.86588264,0.3500595,1.009272,0.04847578,0.81603646,0.66266966,0.08102521,0.39567286,0.34406903,0.39523074,0.12277483,0.30748054,0.44562352,2.8778207,0.71466726,0.45956102,1.0284395,0.00029714633,3.0450459,4.519662,0.37807432,0.06879617,0.08720007,0.4770858,0.03667579,0.09675246,0.13683927,0.0,0.055494,0.7248662,0.14639051,0.99933577,0.43807194,0.8358721,0.62122923,0.051689915,0.12003893,1.0213927,0.13658212,0.25244948,0.35590276,1.3383759,0.79042417,1.1693574,0.85891193,0.8110767,3.1273685,0.73127717,0.823903,0.15101902,0.83997214,1.1152673,0.73384064,1.5252489,1.3506367,1.2251859,0.024728706,0.44743612,0.3525252,0.9030056,1.9513434,0.6922308,1.4808916,0.49190488,0.072059385,0.30353355,0.18991633,0.497195,0.94985086,0.24097335,0.747531,1.8789588,0.5640504,1.6309402,0.128595,0.07669653,0.012994007,0.21078354,0.3401269,0.18823943,0.7601484,0.5460406,0.06504525,0.63130707,1.4256228,0.62490994,0.14611971,1.1335089,0.41945222,0.48683912,1.6650568,0.7127019,1.7303716,1.0973792,0.38911656,0.31362388,0.026001224,2.5003142,0.804508,0.043738227,1.8370305,0.47877476,0.014485181,0.26414642,0.36714634,1.3678803,0.5199801,0.597377,1.3836583,1.920275,0.17912546,0.2608587,0.69748384,0.8386307,2.005813,1.5055109,1.7245293,1.0760199,0.23533085,0.5036897,0.6019273,1.0421015,0.0015549042,1.4034289,0.47274402,0.03014115,0.4371408,0.8567638,0.18266189,0.17162104,0.10674472,0.42701152,0.034446463,0.33181965,0.048055854,0.15407437,1.717659,1.372595,1.2624003,1.8498114,0.024108406,0.83418614,0.2991715,1.2217873,0.077314764,0.35194987,0.29248583,0.048158877,0.21812,0.10442944,1.0383714,1.2706815,0.2665082,0.81256956,1.5835688,0.40058884,2.143672,1.5316504,0.35718465,0.10515674,1.143202,0.19994304,1.2472235,0.05714402,0.7515434,0.64248246,0.33866897,0.028620724,0.13577417,0.08209544,1.6634971,2.366428,0.17041494,0.0,0.5226754,0.110678576,0.4123354,0.9807985,0.7844079,2.851355,2.5605507,0.14084752,0.3896275,0.40676764,0.5167049,0.047192007,0.85859233,0.78440017,0.23904862,0.70120883,0.21674226,0.25508428,2.3849964,0.40164325,1.0890341,1.7765815,0.016498834,0.39310417,0.30703473,0.0,0.25886756,0.38008836,1.2645423,0.33521006,3.0061448,3.282056,0.027298642,0.12755586,0.2443935,0.67931783,1.1402997,0.41245556,1.5140253,0.6279401,1.9347565,0.3725725,0.14048132,0.29150206,0.26327452,0.35931498,0.007130335,0.13075939,0.54508847,0.22597097,0.8663536,0.0,0.62730855,0.20812024,0.46029967,0.79225576,0.9232344,0.16756599,0.21360238,1.1038783,0.5573302,0.5320243,0.36399662,0.047877986,1.2936137,1.2059916,0.322131,0.105450094,0.54214406,0.1864612,1.0711147,3.0975056,0.5114869,0.42289478,0.21531057,0.1359525,0.9755171,0.267541,0.3629429,0.48341626,0.9773684,2.7037334,0.35162303,0.69549996,0.5487183,0.86987567,0.7173244,0.023086207,1.0271611,0.11131921,2.5815165,0.39492416,1.4470043,0.015004568,0.057726305,1.3585343,0.2716172,1.4981295,1.0105865,0.3640234,0.78954303,0.4875749,0.06987231,0.4676263,0.14474559,0.34155416,0.43258718,0.63186824,0.51319593,0.049336307,0.49512127,0.15859893,1.2142065,1.3243741,0.4071301,2.0319726,0.24192409,0.19639644,0.9449608,0.020442806,0.7736057,3.1165297,1.027537,0.17243755,0.19510984,0.0,1.2189449,0.01903316,0.0,0.025064591,0.44650903,0.3312283,1.029717,1.7032099,1.7423073,2.9866316,0.3820094,0.4653488,0.024955146,2.014404,3.919385,0.2762016,1.017765,0.23413755,0.29962456,1.6697667,0.43971968,1.1846087,0.4163939,0.23457338,1.2826784,0.35063878,0.688547,0.016950093,0.51152575,0.45232043,0.124219075,0.020428438,2.194271,0.0087738745,0.0717026,0.7246659,1.1529852,0.049510915,2.9596958,1.0271938,0.27165565,0.6034851,0.20265447,0.28392735,0.021077253,0.44409373,0.0,0.557602,0.3150567,0.5128624,0.29568633,0.70041996,1.0375037,1.0680593,0.008237614,1.0300819,0.7183892,1.1593325,1.3460815,1.2474997,0.19747679,0.5855217,1.2061998,0.4959542,0.7907159,0.43295637,0.19952385,1.2424675,0.86459196,0.8672669,2.11098,0.10993679,0.028534655,0.4685097,0.39448962,0.5410877,0.39890233,0.17181377,1.0994974,2.0122814,1.1727338,0.29620263,0.70211416,0.66160554,0.54931444,0.4618078,0.04006182,1.3189996,0.004453747,1.1903255,0.026285537,0.0462814,0.791856,0.3701021,1.2081693,0.8536166,0.006709101,2.5369387,0.35916772,1.0437821,0.5376671,0.0104774,1.8675852,0.08532856,0.088385545,1.0555259,0.27441728,0.93988967,0.29335544,0.9596269,0.01595704,0.88179076,0.8046382,2.0302634,0.52560836,0.0,0.30075648,3.8187516,0.21348311,1.5641383,0.8215707,0.2901121,0.3457529,1.9007863,0.59824294,1.3023397,1.038595,0.8282563,0.2534657,0.7868775,0.17217636,0.5820176,1.6397903,0.14688694,0.17898327,0.11270976,2.1931083,0.03760432,0.021739285,0.6979226,0.31673685,0.5425118,0.19904922,0.18973774,0.16334924,0.80661047,2.5311923,0.7933671,0.041968383,0.13188481,0.2752507,0.54432034,0.52605003,0.028582934,0.0062634726,2.0412815,2.242695,1.162297,4.097425,1.643309,0.95278245,0.0,1.8270214,0.8402737,2.2672446,0.13707803,0.38627028,1.1315467,0.027677784,0.8253535,1.765383,1.2819982,0.0,0.60488254,0.1546216,0.21603069,1.7721893,0.7669062,1.1484445,0.68437225,0.04676886,0.65368915,2.024646,0.0,0.73518205,0.46462816,0.2534903,1.7014325,0.0,0.042305265,0.042763453,0.25605842,0.23727773,0.174473,0.78291893,0.18012697,0.7289941,2.956802,0.5916632,0.84419835,0.23158455,1.8197937,0.6772444,0.55179495,0.061303362,3.344994,0.14041506,0.14663698,all_pothole_images\pothole_images_new_image_176.jpg
1.388388,3.3035152,5.1605988,1.3970873,0.36132017,0.06381278,0.7230029,0.37985182,0.29406786,1.584605,0.44538897,0.5046891,0.38418242,0.019759443,0.15700938,1.1692972,0.26649922,0.16523555,0.4221583,1.4759012,0.059442997,0.7679396,0.5009364,0.72893524,0.3749129,0.34001127,0.13448127,0.35646528,1.0462687,0.96702665,0.18861517,0.39063722,0.014501207,0.2884217,0.31662357,0.42708287,1.2282135,2.6163797,2.6151752,1.2567247,0.19950117,0.5832818,0.14921428,0.17666934,1.3222663,0.37350672,1.1719009,0.29722086,0.019853782,0.30334008,0.053474173,3.1569471,0.22600578,1.1934773,0.048077885,0.32651985,1.8610181,0.1911452,0.14736463,0.73487103,0.037945844,0.37934116,0.6277436,0.56948924,0.0022776856,1.4193705,0.8424094,0.39730492,2.4346375,0.25684103,0.12648559,0.8928572,0.84897983,1.3333918,0.59108514,0.85113573,1.263775,1.4665502,1.0551487,0.32983774,0.69305265,0.020415036,0.3422852,0.14285728,1.4653745,0.40932477,0.68300426,0.275926,3.091717,0.6993671,0.07434135,0.26892462,0.9121104,0.6190461,0.28156894,0.047620222,1.7426885,4.5788255,1.7918051,0.9635264,0.8072454,0.5127256,0.0,2.9238405,0.30970025,0.07421076,0.2541473,0.44568717,0.41800478,2.560639,0.66266847,2.7438133,0.505067,0.9447819,0.23529647,0.103769414,0.7510017,0.8207448,0.68330586,0.03798541,0.3036129,0.27033743,0.0074691274,0.6845708,0.76341385,1.8191301,0.39707807,0.124067985,0.7932172,0.23571691,0.6185402,0.55198574,0.011770683,1.1475428,1.4513606,0.5056076,0.5758153,0.22664429,0.3870204,0.45667997,0.33240852,1.085871,0.30096895,0.041886028,0.15492924,0.033168226,0.11526691,1.0159779,0.7252122,2.1908941,1.4350736,0.62717384,0.74243927,0.8755899,0.48376954,0.39511824,0.2174725,0.38217863,1.379157,1.0888329,0.19270055,2.3865433,0.4477713,0.32080898,0.79029876,0.0660929,0.857342,0.23565595,0.0001361908,1.231871,0.48587456,0.6068728,0.26077527,0.16707674,2.174151,0.06365143,1.0490358,0.18926647,0.72055715,0.7084715,0.008001794,0.400504,1.8427101,1.3216422,2.3694234,0.1877434,0.56992936,0.21548119,1.6218213,0.942745,0.062973894,0.12479251,0.0,1.9564501,0.7065629,0.03682215,0.7484798,1.7888834,0.2996557,0.64187485,0.011747173,0.59557265,0.5287025,0.45367905,0.6824543,0.7439711,0.28928378,0.32886478,1.5082108,0.88592005,0.4824583,0.30505642,1.0739675,1.3184056,0.32003903,0.33209005,0.2776517,0.2423915,0.42641404,0.05337248,2.725799,0.6312353,0.28206995,0.40579784,0.47270575,0.536492,0.7889034,0.13149092,0.14956182,0.30783358,0.3185382,0.66827625,0.013731382,0.85637754,0.16026562,0.41564068,1.4848666,0.56936425,0.064079754,0.0,0.44909775,0.5363781,0.48363778,0.32648975,0.0,0.038481552,1.1018482,0.586002,0.7316766,1.2745668,0.104536034,0.24502563,0.57740957,0.67414325,0.5236497,0.20898312,0.9388904,1.2387173,2.6957803,0.8251653,0.61869144,0.54963124,2.416959,0.6961164,0.8571262,1.744162,0.25698382,0.6122087,2.2109072,0.08452107,1.1528938,0.08972705,0.1384927,1.7185171,0.6475952,3.2479155,0.8833034,0.1533649,0.09468458,0.6928946,0.059366927,0.06621981,1.0766941,0.20552802,0.60581076,0.569868,0.6414188,0.2746765,0.023597028,1.3484675,0.38932252,0.8697231,0.0,1.0565287,0.78500336,1.5942369,0.68371177,0.5506169,1.2301764,0.50875247,0.033951476,0.07162887,0.2072889,1.5102928,3.0968714,0.8088159,0.013623294,1.2958351,1.6088614,1.0532031,0.39486346,0.8999835,3.9030554,0.0712799,0.20958556,1.6098704,0.45076424,0.54202163,0.97802496,0.99698853,0.2022412,1.7247225,0.20868877,0.007360512,0.084226415,1.5059234,0.42354932,0.007012201,2.0302687,0.32415918,3.2298546,0.006331105,0.78929657,0.81706876,1.5375532,0.8822018,2.6780713,0.10867095,0.599818,0.8052312,0.37156183,0.106290564,0.98052317,0.17812507,1.6001998,1.0716845,1.0009274,0.0026465855,0.054022312,0.17211379,0.81214625,0.9346677,0.21895836,1.1427882,0.6669361,0.28590915,0.16536744,0.4536827,0.019147502,0.90231353,0.87327605,1.6913253,0.8971617,0.79858655,0.66307026,0.7073382,0.22740898,0.05927095,0.011011598,0.44251436,0.7637686,0.7575498,0.19526233,0.55287486,1.6410295,1.155045,0.31187984,0.046172712,0.28806502,0.15498301,0.07160863,0.44813824,3.0723944,0.64325535,1.4632739,0.16736376,0.65069866,0.012111243,0.0,3.0425904,1.4463834,0.5651832,1.0942091,0.8559123,0.8350389,0.67781776,0.055719092,1.5012795,0.9763714,0.7199397,1.2108666,0.8299802,0.3762889,0.90866196,0.009226857,0.18600439,1.5911276,0.3467513,1.3980995,0.21171145,0.08143298,0.8881134,0.12176967,0.54522294,0.06321716,0.45533854,0.5753377,0.02974586,0.12630354,0.31583673,0.48426095,0.036815897,0.5096964,0.60680246,1.0381182,0.1695932,2.0958223,0.016572548,0.109664574,0.355395,1.1408452,0.12144545,1.1797124,0.36465675,0.27749816,2.9009557,0.6362417,0.032368284,0.6217581,0.09626571,0.21086346,0.62453264,0.56850165,0.4652097,0.11563231,0.1633028,2.2156966,0.7672071,0.5145038,0.49105716,2.3366983,0.14061739,3.9723403,0.27761725,0.2582913,2.66183,0.1439144,0.23430364,0.06632488,0.19181788,0.0021623182,0.05751189,0.10423849,0.19407387,0.4125272,2.7849889,0.7159722,0.18554789,1.5806948,0.5880052,1.9397919,0.48586544,1.2975873,0.034133688,0.3529951,0.990355,0.008562792,0.44051087,0.9187211,1.4707872,0.7553969,1.8584554,0.15347433,0.06697895,0.07029207,0.13401727,0.6473555,0.3800743,1.0176193,0.22441822,1.1285375,4.245698,0.12660585,0.58209217,0.030171754,0.42007753,0.017153772,0.8340749,0.11221037,0.29747328,0.17126788,0.3920113,0.0,1.3001935,0.25150108,1.5548326,0.21768373,2.866328,0.255453,0.13560893,0.5610371,1.6546313,all_pothole_images\pothole_images_new_image_177.jpg
0.5526302,0.22623596,0.39457974,1.6300478,1.1391844,0.09693706,0.248929,0.19490063,0.31684455,1.3624591,0.2705007,0.06762736,0.0096866125,1.9211218,0.13864796,0.5476479,0.04441234,0.05166285,2.7316465,0.28480962,0.63116646,3.380805,0.80823326,0.8970259,1.1272707,0.7766128,0.0067901514,1.3549373,0.3400552,0.4896381,0.12310885,0.2647906,0.70223206,0.15867679,0.79814535,1.7158726,0.7278998,1.0954431,0.1989514,0.78391445,0.24663322,0.017547442,0.22967435,0.9883583,0.6173438,0.2507926,0.2922043,0.0,1.2175239,0.17206039,2.0067005,0.84904057,0.308114,1.1532873,0.0729811,0.7390803,2.6727145,0.032014932,1.0116009,0.49317923,0.19201447,0.5330086,0.833357,0.10517732,0.25067213,1.9923952,1.4575927,0.23782854,1.2694556,0.25422558,0.13714533,0.4347547,0.0,0.041017093,0.04615232,0.51370704,0.22554033,0.8422392,0.0,0.60758084,0.14632761,0.118322164,0.13174114,0.7357135,0.49924934,0.034200586,0.22179255,0.43266004,1.772245,0.34126297,0.10062512,0.05893353,0.040412832,0.08859499,0.27434164,0.29383317,0.9602453,0.6185323,0.97394466,1.310079,0.07213231,2.6126947,0.67882586,0.34467253,0.6084554,1.0552853,0.022326095,0.08672021,0.72310007,0.5182464,0.06100728,2.9190774,0.16255915,0.15748005,0.8286128,0.21420321,1.318122,0.2696012,0.9168499,1.4719442,2.2229147,1.1387805,0.21004137,0.7982682,0.25824633,0.6577477,0.9402339,0.275468,0.043142714,0.4541812,0.4147923,0.10382766,0.92741764,0.16406684,0.43690535,0.13678057,0.028849555,1.0596352,0.053932093,0.24149443,0.1572233,0.45349312,0.013034257,1.7338655,0.022827951,0.16633649,0.54538167,0.33192602,1.5857453,0.4357987,0.7731074,0.7169694,0.0071279034,0.798585,2.3634632,0.18047982,0.46066418,0.43254805,0.42176774,0.8404071,1.3751535,0.25033644,0.0089955125,2.6794245,0.8369742,1.602895,0.09864585,0.07802314,0.78989524,0.17949343,1.3646195,0.227479,0.5588282,0.96641314,0.4404545,0.0034761082,0.114364624,0.0,0.29231814,0.0022293685,0.15880863,3.474339,1.4242706,0.54301184,1.1393791,1.0792813,0.31864908,0.56208676,0.36498755,1.3633677,0.040143263,0.4104704,0.00491122,2.9132948,0.35431403,0.06101612,0.43761677,0.48567402,0.75403863,0.67287445,0.01879166,1.1585774,1.0235035,0.8614078,0.70036453,0.16249496,0.024384994,0.3566141,0.14289562,0.14122587,0.0,0.51655895,1.1842119,1.3559875,1.247733,0.30140474,0.10471018,0.14928202,0.4262272,0.5324652,1.0332603,0.98308855,0.34965214,1.4159062,0.091580324,0.13170779,1.8185381,0.27081898,0.030978166,0.056687746,0.055682108,0.74299806,0.49811527,0.028887726,1.7780232,0.026046326,1.3757702,0.034554414,0.11825855,0.024696315,0.49675143,0.20433448,0.06620481,0.08159026,0.25419313,0.009624683,0.09667512,0.00022319803,1.4328591,4.1832843,4.6556945,0.05763556,0.22795601,0.21846533,0.22417821,1.4071469,1.2741358,1.0534761,0.49905607,2.3035922,0.22503373,0.047439106,1.2807342,2.6425729,0.9210409,1.0961392,0.51017374,0.11960603,0.84296477,0.054139793,0.59276897,0.2768919,0.6752108,0.31337526,0.8867323,0.35914513,1.0352772,0.19440334,0.107030906,0.34443182,0.09070149,0.23130171,0.1333659,0.1432622,0.25874975,1.168581,1.0621376,0.6733979,0.48687857,0.16520545,0.32445696,0.34593606,0.010999465,1.3216995,0.6026745,0.25861123,1.2143954,2.1573927,0.34375843,2.256016,0.00851279,0.3655626,0.28603923,1.2342876,3.0869968,0.59214246,0.27950546,0.6823876,0.15715891,0.30597538,1.2461883,1.0155461,1.1797523,1.8086255,0.65768945,1.5895551,0.026331116,1.6096188,1.9767925,0.17060006,0.4502159,0.22407831,0.11804369,0.04292334,0.4491766,1.6777991,0.73734736,0.027109606,1.027592,0.18696006,0.38987482,0.57022303,0.31888765,0.0,0.4392707,0.85891545,0.6210803,1.0946763,0.0797421,0.7005682,0.46874812,1.113211,1.2462754,0.05469159,0.50111884,0.2908191,0.0132085085,0.379714,0.0038343642,0.24220155,1.543992,0.16503346,1.1332967,0.5942779,0.3288277,0.57958394,0.40154296,2.7947829,0.9451993,0.32089996,0.07428434,0.24857251,2.2329967,0.21235225,0.10348768,0.15685625,1.5907289,0.15012595,0.0,0.1715201,2.5898755,0.44641167,0.7555917,0.26113477,1.4329144,0.20507924,0.0,0.064988375,0.0,0.20002615,0.87858313,0.017419366,0.30990452,0.48399392,3.9172823,0.9434049,2.9252431,0.2372537,1.8247737,2.0532718,0.4705194,0.40799195,0.37074023,0.99679774,0.5439651,0.0,1.1104778,1.0782363,0.3591592,0.07473171,3.76889,0.20836616,0.4900276,0.4769703,0.0,0.035007626,0.18804844,0.10198206,0.14411643,0.34462753,0.04689392,0.24641421,0.6070135,0.87229323,0.098301165,0.09243009,0.30888343,1.0265292,0.64574075,0.0,0.61802894,0.13072005,2.6715891,2.1768634,1.3132296,0.4620409,0.7587016,1.0614791,0.99922746,0.6702177,0.17076804,1.1581802,0.0205218,2.3081524,1.3564353,3.9810681,0.7231466,0.35036105,1.9311554,0.48116022,0.33445477,1.0201571,0.5536805,0.43554196,1.3842984,0.074751616,1.8007702,0.036748413,0.0024665776,2.0470319,0.3486808,0.08974161,0.39554587,0.76429063,1.1951935,0.99607223,1.3919908,0.35827452,0.36248475,1.159991,0.47066513,0.0,1.5659556,0.0,0.23652765,2.4838872,0.34968248,0.011983365,0.0,0.67373055,1.7243778,0.4954801,0.16501483,0.51802295,0.15987371,0.452473,1.0346185,1.1304809,1.7333089,0.13296853,1.1151505,3.1686585,0.66221243,0.2982078,0.068298854,0.15359528,1.4149879,0.20388488,1.4200839,0.0,0.006737908,0.7268098,0.31736347,0.024762802,0.0029580675,0.26298553,0.47718126,0.35028142,0.59891355,0.05027042,0.2853181,4.6097155,0.6227038,0.5302821,0.3468192,0.3203107,0.0,0.48341766,0.33335721,0.8692266,0.21410663,0.35782662,all_pothole_images\pothole_images_new_image_178.jpg
0.028680341,1.2782048,0.1314739,0.83364725,0.10634,0.90376717,0.54960746,0.24253981,0.7940811,1.5189648,2.2313125,0.71842027,0.4164817,1.5426517,0.8350947,0.80104375,0.40129852,0.23722214,1.616807,0.64690506,0.256028,0.09460688,0.8369986,2.06157,0.59339225,0.2409371,0.11793185,1.3025783,0.5368719,1.1693652,0.12736975,0.0,0.22153161,0.5513871,0.8268775,0.43085125,0.49670652,0.044400692,0.17676552,0.04397839,0.7430893,0.2549189,0.5875337,0.26465166,2.1836166,0.0032909354,0.3848952,0.25814024,1.0180326,0.026770776,1.8374901,1.3626245,0.2406894,1.3776561,0.45490167,1.2682307,1.3034154,0.52674955,1.247089,0.96980447,0.1866403,2.5345113,4.01866,2.1343875,0.97678584,0.5120506,1.9167267,0.73591685,0.6217048,0.31570128,1.1196762,1.1039554,0.84562886,0.335253,0.8256209,0.67564297,0.5253666,0.21396226,0.5429474,0.77430016,0.24566074,0.8503312,0.8733631,4.816975,2.1710727,0.55549836,1.367734,0.4244301,2.9223096,1.544586,0.25369215,0.72412324,0.2854955,2.169825,0.03967762,0.62750894,0.08747797,0.33355552,2.1368814,0.6335894,0.22103442,1.1336151,0.5857339,0.7445481,0.985491,0.16658849,1.5033731,0.3404854,1.0061747,0.17391427,1.1175898,1.8596525,0.5725657,0.55604327,1.0113701,0.7557818,0.36730835,0.6599818,0.22384971,0.5363579,1.3482505,1.1166097,0.8651456,0.6481192,2.8840122,1.5940659,0.10158871,0.33895612,1.0813605,0.60016847,0.4356486,1.6852407,2.200252,1.4709691,0.5606038,0.3460687,0.39762923,0.42666948,1.0021995,0.6620064,0.25781462,1.5129597,0.43190938,0.43258783,0.42291957,0.7489354,1.366977,0.050864585,1.5698565,0.10169491,0.6000089,0.6717589,2.7557018,0.44382837,0.34252128,0.097581945,0.17812079,0.30735767,0.08405547,0.32042438,0.9869747,0.15118442,0.5205665,2.970599,1.6783562,1.7354635,2.3124294,1.1262091,0.6514086,1.2855283,0.39492783,0.4604876,1.5788535,0.8487419,1.3371744,0.60648876,0.66932833,0.9867778,0.20451312,1.3076259,0.83829826,0.9962138,1.0210116,0.8110998,1.9876736,0.48336074,0.8555782,0.12057013,0.7307193,1.3035182,0.9311755,2.0989523,0.05809338,1.5704738,1.0625286,0.33617124,1.165592,0.76454747,1.300894,0.7194489,0.637239,1.1271162,0.8431527,0.5882793,0.27073863,0.13794628,0.23653051,0.536951,1.7041895,0.7773955,0.8318952,1.1241095,1.2425901,0.26266065,0.19895366,0.25357985,0.6539696,0.598276,1.6710038,0.5965834,0.69661313,0.011326041,0.88390416,0.18237153,0.60929614,0.84611213,1.9923178,0.36280668,1.773571,0.19388416,0.99992067,0.544855,1.676517,0.64362925,0.15903771,1.1243637,0.3321727,0.13106528,0.46914127,1.1636245,0.5125324,0.11647526,0.029050954,0.37603694,1.0672535,0.0,0.32700613,0.4030677,0.83433825,3.2434325,1.1647209,0.06789824,0.1762431,0.0594923,0.394757,0.33113948,0.093217224,0.13749553,0.3845808,1.3813219,1.0078679,0.13386461,0.240138,1.426078,0.21616535,0.5152401,0.61090976,0.90818393,0.62126297,0.71589786,0.31874195,0.3754959,0.6789526,0.056905065,0.07382768,0.88010716,0.66424435,0.50766414,0.20715936,0.08579953,0.6751061,3.3775241,0.32134065,1.9295753,1.2001913,0.9351516,0.36703074,0.13740815,0.21107522,0.7022694,0.6710851,0.3502213,1.6176242,1.3845922,0.6355446,0.89085007,1.7576178,0.21088354,0.62282,0.46078333,0.018191403,1.101988,0.5359954,0.5237195,2.2297118,1.4530748,0.35100982,0.21476075,0.55818844,2.232811,0.2809573,0.56854767,5.384385,1.4891654,0.6518457,0.9234922,0.8565379,0.61969465,1.4148394,0.22997424,2.2909691,0.9101089,0.44685745,0.20849231,0.39090282,0.35156113,0.2559272,1.1307988,1.0875124,0.47226363,3.4209454,0.31631413,0.2249504,0.6940594,0.17016126,0.39862368,0.1673452,0.05697336,1.9826137,0.22517441,1.8745878,1.1082944,0.23303445,0.3104009,0.48598284,0.006293942,1.9772885,0.4430211,0.20907435,0.738852,0.3942007,0.3330761,0.9325845,0.25211957,0.8841657,0.21202955,1.7266914,0.87976825,0.27616623,0.020545788,0.0791029,0.67092335,0.8808687,0.4595925,0.08882352,0.24366242,1.2278774,1.2425588,1.657121,0.65828174,0.14630012,0.6632075,0.36872405,1.793396,0.66181284,2.5023077,0.35520902,0.22547877,0.01599133,2.8050985,0.08071618,0.88606745,0.5953478,1.6575522,1.727393,0.44249383,3.4538274,3.4792082,1.5573336,0.91712886,0.4947907,0.20032161,0.013617843,1.5143626,1.0502797,1.7443534,0.073345535,1.2156758,0.9106037,0.29254436,0.4532149,0.3477117,1.008493,0.30467314,0.72094494,0.35485458,0.4808579,1.0610065,0.0,1.9146683,0.57881176,0.14181124,0.6453369,0.7628904,0.4873229,0.72746503,1.7498507,0.12326505,0.48160022,0.041046306,0.1319029,0.0924427,1.9868057,1.2560036,1.1268231,0.18813343,0.8955178,1.9058919,1.0223347,0.29771936,1.9676026,1.8640896,0.022346778,0.89295536,0.06990019,1.7532651,0.8885437,1.2246221,0.63847303,2.212021,0.6446394,0.5190511,0.15622075,0.09761268,0.42420125,2.2071893,2.7347288,0.65390074,0.22174715,1.1113354,1.1657528,0.23932229,1.1439033,0.2764552,0.17301215,1.7056712,2.4326742,0.7794489,0.16569577,0.15905052,0.06592873,0.37003914,0.9492602,0.55082554,2.0513196,1.1666281,1.5287776,0.12141364,0.3603482,0.62069345,1.2409703,0.27616894,0.9736021,0.011872419,0.2352937,0.5573523,2.1120212,0.027373472,0.3905444,0.42999431,0.45360705,1.3151044,1.2791564,0.6500632,0.33128026,1.131732,0.8160525,0.04549058,0.098205596,0.5736708,0.8289343,2.8805075,0.29469135,0.10033319,0.1361183,0.5863968,0.9158611,0.22134192,0.15522352,0.2572682,0.41167352,2.6150374,0.58513814,0.3771704,1.3573643,0.24694839,0.062207922,1.1231171,0.87457055,0.3820139,1.590677,0.110818334,all_pothole_images\pothole_images_new_image_179.jpg
1.8208674,3.0921319,2.0898776,1.1564775,1.5883541,0.9335219,2.0276961,0.21433903,0.29046604,0.68988967,0.036671326,0.112938665,0.0,1.6296977,0.47873205,1.6290102,0.29696423,0.12373619,0.6928238,0.9500655,0.355579,0.92541516,0.4558897,1.427594,0.5849037,1.2127074,0.021191455,2.8626416,0.22998033,1.1564246,0.5345737,0.57175255,0.275687,0.49847692,0.15476462,0.55959964,1.6696931,0.65061975,0.49512544,0.50418025,0.5944807,0.0,0.27278116,2.5237167,0.8573814,0.5494656,0.23425904,0.29149932,1.0370259,0.44803372,0.37243244,0.26193696,0.37372962,0.41573003,0.27425405,0.9684803,3.7475984,0.0036551678,1.2876426,0.38978985,0.016589431,0.06964914,1.6798197,0.2742354,0.015573051,0.34176838,0.3951194,0.21291332,0.19704777,0.8901342,0.028917357,0.33442178,0.8710498,0.95977235,0.9938699,1.5314082,1.6809994,1.391808,0.6922084,0.8009877,0.54335177,0.16572647,0.15514778,0.71850085,1.5449554,0.3128983,0.0,0.5418702,4.193238,0.0388485,0.20182101,0.29091653,1.0144309,0.9775065,0.11418976,0.60754496,0.22108257,1.240006,2.306039,1.1138473,0.0,1.1260508,0.52822673,0.0,0.5468239,0.46005467,0.13470452,0.02987598,0.4107064,0.47515112,0.14530674,2.6189299,0.5861829,0.6108129,1.3884212,1.5292132,0.67194885,0.7078585,0.1710266,0.31706187,1.2246859,1.5604717,0.55204713,0.10360079,0.3423699,0.83571374,0.025798587,0.3624644,0.53427464,0.6813623,0.2611672,0.1196654,0.031034514,0.0007765427,0.76109505,2.3676324,0.062421076,1.1917481,0.39054462,0.966442,0.0023671612,0.3771656,0.1774537,0.21007067,0.6763838,1.1599716,0.0,0.29598877,0.17209357,0.4019937,1.1784266,0.10994434,0.15202579,0.16297387,2.1169932,1.5021521,0.45186958,0.048944987,0.8121784,0.59473026,1.0250083,0.07293024,0.48609975,2.629659,0.3314292,1.9855838,0.05030407,0.15675347,3.3734784,0.19050124,0.53448325,0.4138301,0.2593421,0.62342006,1.3462358,0.009555448,1.9683986,0.6132824,0.012160403,0.1258324,0.006281799,2.0705693,1.9173216,1.1242037,1.5103345,1.3075058,0.23304126,0.015247696,1.6256591,0.6135153,1.3177359,0.22563307,0.15797205,1.2982044,1.8508968,0.60492826,0.5000379,0.0,0.11015839,2.8756492,0.36722416,0.29278544,0.29325628,0.6596054,0.6852305,0.6669636,0.21214491,0.560054,0.043429933,0.016509,0.70735765,0.10650562,2.1396792,1.8127977,0.7874446,0.6268751,0.26070943,0.009845894,0.29717913,0.32818964,1.2408113,0.0,1.1115696,0.75129104,0.0036027099,0.15518978,2.44312,1.0185952,0.25869724,0.21696283,0.21045195,0.55334246,0.9255438,0.51998883,2.4961255,0.7214671,3.2277563,0.0,0.22268118,0.36490238,0.66114384,0.6086685,0.08295083,0.6348334,0.22515832,0.0,1.4146179,0.10106552,0.7620776,2.5763116,0.6978608,0.24878995,0.36568895,0.057831068,0.20277978,0.027180748,1.2799757,1.0859292,1.044084,3.041241,0.0,1.8104935,0.8641739,0.024212195,0.19487835,0.42428672,0.19856122,0.61431056,0.839646,0.40112105,0.24321727,0.0070241075,0.36621335,0.0039904453,1.4613924,0.6357708,0.03844048,1.0481821,0.58882797,0.8363043,0.03157526,1.5452919,0.20647389,0.15221646,1.8241919,0.82742065,1.0672694,0.37413946,0.3057603,0.21761574,0.43992418,0.4313261,0.0,1.6738924,0.5909294,0.13857819,0.22482498,0.25777778,0.8807471,0.5696693,0.38002527,0.017508455,0.077839136,0.39163613,6.055644,0.81336987,0.24192108,0.2635456,0.4633908,0.8049128,0.56075895,1.4351772,2.1990159,0.52376753,0.33575264,0.5338446,0.33505508,2.1047657,1.2082598,0.45908177,0.047757506,0.0054484494,0.01947464,0.03697364,0.016999068,0.55058795,2.0173018,0.58488834,0.17369959,0.6565206,1.4376563,0.21985552,0.004095176,0.182691,0.5743823,2.3700414,1.9294156,0.18430394,0.12813103,0.7114352,2.3008952,1.4705652,1.3697985,0.120010264,0.6934119,0.49851143,0.2960996,0.32500324,0.0,0.45241198,0.1060162,0.7144614,1.5062925,0.35916737,0.06868929,0.15519403,0.4028319,1.8533478,1.2379167,1.0059305,0.0,0.20394391,0.8928496,1.321876,0.017456388,0.50432545,0.79187477,1.4279292,0.0590873,0.6385542,1.2569984,1.8738132,0.72837526,0.40989497,0.2572321,1.4453949,0.12827523,0.12963134,0.7613785,0.52736086,0.12211846,0.379156,0.28893313,0.14965592,3.24219,2.168584,2.0562823,1.6259005,0.7549597,0.8293539,0.5715454,1.213093,0.4496338,0.8476303,0.080076806,0.15661293,1.157443,0.031802233,0.9079512,0.24825269,2.1471622,1.9442126,0.8834405,0.76149905,0.054311506,0.2824869,0.3698957,0.1200499,0.026626606,0.53062695,0.4242201,0.0007071245,0.19033448,0.35558885,0.0,0.27494216,0.63941985,0.44628924,1.077811,0.0014221224,1.195901,1.2582607,0.4685953,0.29942796,1.6881386,1.8213044,1.3969976,1.0707299,0.020127764,1.6780263,0.53435266,0.168782,0.713903,0.9634949,0.26481614,4.3755655,0.10752524,1.3436103,0.08738607,1.5306911,1.5096158,0.102440976,0.3633647,0.044891912,0.28209162,0.6082231,1.7767869,0.49698386,0.45191792,0.9507691,0.37022284,0.48238015,1.3558432,0.6087906,1.3587465,1.3894014,0.4158108,0.8120665,0.51370555,1.411693,0.6112949,0.14105287,2.509551,0.25685355,1.3971283,0.42705077,1.1322638,0.16625713,0.17495318,0.7005542,1.6332952,0.4209214,1.0893947,0.04126137,0.52651566,0.7486083,0.22359823,0.8733553,1.3977785,1.2767498,0.55609,2.677029,0.3790909,0.40210456,0.13568453,0.027076336,0.8564075,1.5642694,1.0180626,0.48168322,0.12931816,0.98372096,0.023415377,0.0,1.0148808,0.35872,0.26885796,0.0069989082,0.8714643,0.032143112,1.1365877,5.2284346,0.070775345,0.92977655,0.3519019,0.24196987,0.0,1.3524348,0.06740545,1.7202674,0.0,0.20586693,all_pothole_images\pothole_images_new_image_18.jpg
0.62894696,1.2553339,0.041017998,2.8236165,0.40733653,0.73130906,0.7909356,0.6883741,0.6282233,0.37972423,0.59489566,0.88225734,0.7934858,3.1378756,1.9691529,2.502341,0.0777445,0.37970608,0.42734417,1.5491781,1.1982778,1.1796906,0.53770983,1.0116575,1.4970278,0.67974824,0.60166866,1.2986465,0.95718896,0.4989395,0.38880056,0.6172635,0.13962474,0.19912808,0.42826366,1.0977184,1.3715786,0.6049779,0.8324044,0.21039799,0.5688405,0.8893624,2.0700796,2.2568543,1.0353594,1.3800695,0.4679904,0.001773181,0.7291257,0.009983464,1.1935396,1.0761791,0.0014588144,2.0602999,0.4189059,2.200658,2.9255214,0.3515799,1.9079089,0.5107143,0.09539914,2.22753,2.9647684,1.1206616,1.1026235,0.31584162,0.6045979,0.41188917,0.32442486,1.2309384,1.5917536,0.72325426,0.3273595,1.4793187,0.45172632,1.1623621,1.4027362,0.8548031,0.030406946,1.8585033,1.2076782,1.6053808,0.48754275,3.4538372,0.48637536,0.7814542,1.0872245,0.3021501,1.956166,1.7843864,0.08345773,1.746511,1.301439,2.2774687,0.429318,0.65028256,0.8051651,0.9740006,0.6169103,2.589285,1.6058139,1.762022,0.104624555,0.021660583,1.1295379,0.26432842,2.6402435,1.9030143,1.1291718,0.11714325,0.7178669,0.8272754,0.78706944,0.49667218,0.47974095,0.4943665,0.30340397,0.4890663,3.9637792,0.026276179,0.6099716,0.51543355,0.1921362,1.5530977,3.0969436,0.5189407,1.2661034,0.0,0.07797026,0.21441138,0.20469794,0.1266267,2.0170798,1.7564682,1.0109881,0.25037548,1.3144029,1.2886845,3.1633964,0.3543431,0.0483154,1.2056147,0.45353156,0.045801193,0.2879182,0.62178147,1.598705,0.0,0.9857933,0.4545706,0.012477819,0.07092684,2.7014294,0.572901,1.5702807,0.5940333,1.385337,0.19712405,1.1008052,1.601587,0.3454183,1.1162516,1.35534,0.92403793,4.180325,0.4363879,1.6657778,0.7132014,2.6173067,1.0852337,0.92730105,0.7673715,1.1743109,0.6359076,1.0314666,0.00273956,0.4289045,0.40151054,0.620403,0.038190223,0.71851784,1.1881279,0.33080712,0.3309526,1.1281275,0.58634245,4.6103554,1.6873698,0.4506888,2.4333699,0.12778997,0.3110351,0.0013656423,2.0909705,1.406452,0.49455342,1.730105,0.9269778,2.155645,0.0520515,1.0387563,1.6428795,0.6510065,0.74896723,1.036137,0.0390717,0.09700214,0.036084056,1.7671273,0.8705481,0.3945339,0.3618106,1.8838133,1.483089,0.98901397,0.8667974,0.12423606,0.31977117,0.87600595,1.0591978,2.0790954,0.07846126,1.8277625,0.08923027,0.16995521,2.239719,0.6158575,0.31273404,3.4151673,1.9602051,2.1297724,1.0806562,0.4901921,0.09899016,0.0014643958,0.8938389,1.8333697,0.30728757,0.900746,1.7256979,0.87840563,1.1278055,0.0020509956,0.04850014,0.8373277,0.4443146,0.9350979,0.7693673,0.6848312,5.1645427,1.2853894,0.2721194,0.6453322,0.015632004,0.483531,0.40225434,0.81867856,0.84158534,1.9490098,3.2167215,1.5364931,0.03937245,2.5816767,1.3776416,1.0137898,0.010191497,0.8807354,2.0231454,1.1819429,0.06510349,0.43932346,0.004635282,0.50743884,0.0,0.2671873,1.429149,1.6828494,1.941351,1.9983128,0.33514395,1.4783443,2.7030733,0.44284952,0.2120432,0.003308629,1.0670692,1.7533158,1.0134447,0.7578696,0.8735474,1.0725693,0.45448866,1.143485,1.3305384,2.2141237,0.60905784,0.7476349,1.0205698,0.011157982,1.8588499,0.38961893,1.119255,1.0484538,1.101079,5.397699,1.239285,1.3611412,0.063561425,0.24976929,1.3787198,0.20201278,0.28157568,2.6919131,2.096367,0.25947076,0.48213577,0.48053765,0.9875043,2.754763,0.3806895,1.3717264,0.23556589,0.19802858,0.33402207,0.5606638,0.50872844,0.63661015,1.5263373,0.4010255,2.1725423,0.72860163,0.44951,0.19831716,0.023394594,0.74049807,0.71819913,3.0541406,0.58511233,0.4379746,1.4409858,0.96102065,1.131034,2.288523,0.21089265,1.4163612,0.024068132,0.7041566,0.17253762,1.8958198,0.7484439,0.73146677,0.20490496,0.29272932,1.3547945,0.13742119,1.3387629,0.62429214,2.1376002,0.6097277,0.41376692,0.68630433,3.3872578,0.076800086,0.7161977,0.10265545,0.26573348,1.3735412,0.032148834,0.6187383,0.29447186,0.3059564,0.06047683,0.39746982,1.7491198,0.24417858,2.6116953,0.5115291,0.054805093,1.9215162,2.4883268,0.4051635,0.001846173,1.3445717,0.43675435,1.0118736,1.0591334,4.606206,0.13726771,1.5505483,2.902767,1.5959933,0.017603377,0.06840467,0.46375823,0.0222826,0.011731944,0.90910023,0.10555882,0.20480716,0.6951869,1.8241798,0.5181537,0.75296456,0.21589711,1.0822678,0.26056877,0.7152535,1.6785636,0.36352754,0.12766694,0.4228899,0.1794477,0.0020103587,0.35020193,1.0973475,1.1136404,1.652679,1.6894379,0.33371875,0.84074074,0.85365945,0.7217529,1.3519536,0.7237743,1.8997096,0.7687918,1.3087069,0.0,1.6387575,0.15946573,2.4516513,1.2286048,0.9201546,0.4329426,0.09188856,1.7469301,2.0354125,0.22519985,0.96775806,2.1711354,0.3925822,3.177771,1.0671941,0.013842624,0.5794802,1.0720545,2.1772268,0.08471763,0.2070504,0.2062288,1.2716101,1.0916972,1.0334636,0.511958,1.2042553,1.1769407,1.7136589,0.6826413,0.6901828,0.90780884,1.5076479,0.5319608,0.64839387,0.30634943,2.0294516,0.23780417,0.02513094,0.93561023,0.10595802,0.1862503,0.45275524,0.32596073,2.2872818,0.008079133,0.71169853,0.51936424,3.0884402,0.100027725,0.11451403,0.22478321,0.357614,0.8950021,1.2028558,0.6601669,0.0058680996,1.7898504,0.37467435,0.27670038,1.1466798,0.98740554,1.1721549,2.5628905,0.83860505,0.16617872,0.89582545,0.066654705,0.27014413,0.41365856,0.0010860023,1.8907384,1.0135589,2.6794856,1.2637819,0.15507041,1.1845257,0.76284957,0.068130665,0.9297829,0.5223389,0.38310412,1.1027666,1.1447586,all_pothole_images\pothole_images_new_image_180.jpg
0.0927269,0.48056528,0.039422084,2.2708375,0.6970273,0.0028771386,1.3418276,0.037419945,0.07234288,0.6760424,0.96616566,0.8771159,0.0,2.2851896,0.058732305,0.018666636,0.020932198,0.1418271,1.3661692,0.008368614,0.8709948,1.4487672,0.07064402,0.23981619,1.185823,0.42300364,0.6139199,2.441475,0.76748264,0.021812519,0.7018905,0.11667939,0.106515005,0.19896686,0.749761,1.4545755,0.37419438,1.8255895,0.4521763,0.21536785,0.0,0.1970361,0.6519727,3.1317143,0.696212,0.27022326,0.038451314,0.3971869,0.011063858,0.20980465,0.16858396,0.17027546,0.08365804,0.039361045,0.07283904,2.2375624,0.9218491,0.4749334,0.027725315,0.020177446,0.30789503,0.2479016,0.90913,0.057071354,1.3386791,0.8776919,1.3983703,0.006004974,0.49457276,0.067405485,0.19210333,0.2897038,0.37539437,0.16230367,0.03778804,0.4952931,0.12592253,0.8138384,0.049794793,0.55523527,0.41268018,0.012184148,0.27350977,1.3942921,0.072534174,0.0,0.06462585,0.06347923,2.6520307,0.022740277,0.2247232,0.0016604455,0.035905585,0.21744063,0.0006499733,0.0,1.4149477,1.7626405,0.52680534,0.19901137,0.14756517,2.2753484,0.03683447,0.45907733,1.587295,0.10778396,0.5456835,0.09223127,0.83390427,0.036662225,0.0,1.3128674,0.93537754,0.4471028,0.37909648,0.14024365,0.9216924,0.18810648,1.6286572,2.156342,2.5258484,0.04232498,0.2542102,1.5710475,0.40318605,0.527345,0.014373273,0.2625106,1.9070761,0.48255134,0.16348675,0.46632728,0.027389131,0.029487152,0.65303063,0.16136217,0.107038915,0.34648365,0.6392736,0.07127542,0.4167032,0.31471014,0.20683149,0.008898899,0.49448285,2.2437878,0.075889446,1.4274985,0.037460178,0.045291696,0.08410076,0.54086655,0.04172424,0.102788046,2.0913332,0.8136724,0.5069206,0.01258414,0.5340149,0.53843397,0.98252285,1.1909698,0.12148165,0.4094531,0.010618691,0.013845609,0.19059348,0.08102975,0.44915834,1.6911213,0.07563045,0.0,0.33684298,0.27221483,0.7046047,0.45446262,0.32489738,0.054496065,0.08749117,0.072234794,0.45737728,2.0762575,2.3314273,0.8835419,0.9052389,1.1034303,0.1261862,0.44751522,0.4554646,0.5215495,0.17359456,0.16267912,0.23331414,0.75708777,0.8260663,0.31074446,0.38481513,0.103526026,1.0289192,0.63199997,0.80902994,1.6319636,0.86359733,0.4904195,0.50294554,0.0022292645,0.05523266,0.9037403,1.5180614,0.07238481,0.063344285,0.037705217,0.46026203,1.5021253,2.123737,2.336563,0.29375386,0.041337825,0.740199,0.1253903,0.92531854,0.20848548,0.064889915,0.07678101,0.0,0.1876461,2.0260208,0.3618496,0.7762284,0.87893915,0.02890084,0.010102777,0.39175943,0.5943491,0.68566865,0.04948246,2.7655501,0.28354457,0.10954226,0.378048,0.28857255,0.041373048,0.14547767,0.5308736,0.2133167,0.015808934,0.3199762,0.1404161,0.0,5.3167973,2.4567752,0.013981716,0.16243318,0.5066959,0.052534044,0.49949136,0.6223274,0.04167637,0.14312506,3.4534912,0.64185274,0.013680942,1.1329199,0.058363788,0.3802437,0.14230916,1.4634295,0.18503363,1.7004292,0.01937531,0.005662819,0.06871048,1.2525414,0.013345691,0.42488828,0.6367529,0.05885112,0.18573312,0.12720588,0.95596296,1.4491893,0.21724595,0.51935023,0.4027549,0.09007512,0.089759685,0.5923601,0.34289464,0.7333293,0.020587636,0.020488804,0.005874614,0.26424545,0.60982955,0.43480834,0.39992398,0.13263305,0.10667038,0.030430451,2.2048564,1.1243806,0.7492162,0.020524494,0.15207946,6.635893,0.40943387,0.0036665509,0.013299045,0.0,0.37322888,0.098270126,1.005448,1.2803556,0.3205901,0.23228477,2.0244918,0.1987354,1.9740304,1.0554134,0.2511503,0.6156069,0.005042763,0.520277,0.30403695,0.42768675,0.12786427,0.8704593,0.051604845,0.6150145,0.268657,1.4587597,0.046107966,1.2264558,0.117855616,0.05838201,0.16975078,2.42124,1.0133089,0.5685439,0.95605516,0.34083188,0.41981092,1.7202288,0.5346314,1.2747334,0.116190925,0.15541643,0.16255207,0.77659565,0.17865801,0.4781511,0.0023342434,0.23366642,0.30471286,0.059237234,0.029547608,0.2374103,1.1473278,0.660345,0.019443674,0.03186879,0.0380841,0.31998354,0.04539859,0.05614922,0.0,1.3458668,0.26946718,0.28526282,0.20417769,0.6181114,0.25832593,1.1262674,0.0010217207,0.9386827,0.0007488971,0.06011378,0.037450824,0.5502042,0.5261459,0.06936225,0.0031063724,0.15771535,0.60349745,2.2968159,0.15253457,0.26507637,0.009549718,0.14306293,0.824779,0.93057185,0.07316135,0.024463901,0.5148778,0.0,0.049120173,0.7019207,0.027418332,0.032707483,0.07892505,0.38525152,0.39109695,0.361133,1.32397,0.8429902,0.5145646,0.9079554,0.46109924,0.47222602,0.08307301,0.8242633,0.15405557,0.0112006245,1.2286532,0.04965964,0.6882429,0.2247621,0.6158831,0.36497676,0.0,2.3052104,0.26164478,0.55624574,2.8568506,2.6915665,0.2859116,0.54643804,1.0136073,0.17902453,0.49105364,0.06451888,0.14490993,0.0015191452,0.12139597,1.6454349,3.7215955,0.07207829,0.21033777,0.34341043,0.0831216,0.6779684,0.19773969,0.022560881,0.0006698185,0.2795804,0.031027054,0.7476304,0.5756412,0.112591155,0.5820171,2.4587924,0.19430982,0.10176297,0.18697238,0.0,1.5389386,0.3079193,0.30960342,0.05470392,0.73216325,0.87662494,0.26643294,1.0055966,0.15789561,0.5304078,0.24009739,0.25898346,0.0,0.061164983,0.16770758,0.037275936,0.0,0.5320472,0.8617297,1.0382568,0.3082623,0.2188363,0.97858053,0.610343,0.14992297,0.46868598,2.0931823,0.38730434,0.088434264,0.10343483,0.0069429693,0.67197883,0.19408627,0.024322018,0.32886174,0.12313402,2.018073,0.060200706,0.010958143,0.0,0.006901868,0.23790538,0.22896276,0.06452815,0.044502385,0.067337,5.35516,0.119564824,0.26097646,0.38039997,1.0812596,1.4624234,0.62526697,0.58882934,1.3589312,0.05223059,0.9181595,all_pothole_images\pothole_images_new_image_181.jpg
1.5272565,0.6132948,0.08719681,0.6215763,0.5247661,0.71561456,0.2962807,0.21728083,1.7614601,0.31734303,0.8636977,0.11764864,0.10572491,1.1273218,0.28747863,0.033149585,0.0,0.71029943,0.6518842,0.04292127,0.16092105,0.9991929,0.3416254,0.039996736,0.36219296,0.3864178,0.31031764,2.302195,0.12459327,0.12315846,0.1730633,0.24741007,0.0015898196,0.031710465,0.4670289,0.122414544,0.38325578,0.11900546,0.64730346,0.6269111,0.18051732,0.28388077,0.107096925,0.0657337,0.44432122,0.2551445,0.7744034,0.07316433,1.0995395,0.79885393,0.111378804,0.2345799,0.9870395,0.47562677,0.7203021,0.84832215,0.34077582,2.7104907e-06,1.0073231,1.2225783,1.2615615,0.12953125,0.3218419,1.2577094,2.7087321,1.4286509,0.6234272,0.23992169,0.5534725,0.038761217,1.3859295,0.460251,0.6257202,0.1852588,0.117546566,1.1464956,0.53618574,0.032022256,0.10356439,0.018997844,0.32413262,0.46645018,0.49953172,0.23500383,0.43124688,0.92939895,0.111655936,0.114050336,0.9191194,0.7176845,1.0010506,1.8416346,1.03367,0.16248807,0.5240459,0.0,2.4498906,0.62291324,0.43256232,0.073404625,0.2515365,0.0007983519,0.03671113,0.85148245,1.7826002,0.122008294,0.123511076,0.60676926,0.4832192,0.9626359,0.27235773,0.6116616,0.8096279,6.2469895e-05,0.17621812,0.24193119,2.4316669,0.0060242475,0.90410286,0.592916,1.2840364,0.011250851,0.31150818,0.7311121,0.13080491,0.14133176,0.33407584,0.71531343,0.7849983,0.5270042,0.28477278,0.20795055,0.017172446,1.3812485,0.04867927,0.12072609,0.26293573,0.56691515,0.5260646,0.0,0.8176633,0.8424958,0.085733026,0.22433881,0.61014646,1.5068222,0.8499203,0.3211592,0.4055705,1.181913,0.0020636264,0.38168186,0.6858766,0.20238107,0.63568646,0.61894196,0.45632684,0.2565725,0.79846483,2.301302,0.79934055,1.0685973,0.32644296,0.52805287,1.3676484,0.33346742,0.7142096,0.124680676,0.53396875,1.2293475,1.0744476,0.03812112,0.21176173,0.25691095,0.09678737,0.32365468,0.42082015,0.14042981,1.5044545,0.36009324,0.41137874,0.35248756,0.5353915,0.20388122,2.6190012,0.17303549,0.95692027,0.54098535,0.4218114,0.057872675,0.0,0.9634555,1.334761,1.8280411,0.10991542,0.34057873,0.45087206,1.0862727,0.69564307,0.085628524,0.20635714,0.95143175,1.374464,0.5342006,0.7764766,1.2624424,0.71574336,0.5988693,1.3389679,2.9319844,0.42155066,0.3029655,0.24852024,0.20817544,0.73964703,0.31955463,1.4182612,0.20729575,0.19666094,0.55034786,0.026890852,2.3806293,0.67052484,0.28698072,0.08648463,1.3633896,0.2961166,0.44673145,1.3490044,0.21253176,0.2467261,1.909155,0.18887113,0.499451,0.36222622,1.4032038,0.3549533,1.3561561,0.56764144,0.8546726,0.8015323,0.35662287,0.20081276,1.0072217,0.17127329,0.10145449,0.24146071,0.5443783,0.567316,0.9013401,1.7732631,0.036695782,0.12373718,0.11928937,0.72473574,0.30824566,1.5126528,0.16765638,1.3391734,1.5135286,0.034935504,0.2975491,0.8134646,0.34211746,0.6146241,1.3068837,0.212326,1.0084112,0.41000113,0.26133877,0.4983391,0.45439875,0.13198118,2.7242453,0.78725314,2.0661366,1.7636927,0.43651927,0.07757255,0.77016103,0.36850497,0.56589746,0.025759269,0.12121771,0.08082126,0.20882984,0.38877347,0.31224176,0.48713714,0.9484531,0.37750003,0.9082741,0.1536793,0.72306365,0.05001658,0.17279132,0.83811915,1.5637405,0.21290578,1.3450083,0.12153865,0.55169755,0.013157479,0.0872228,0.5856825,0.1410679,0.1645372,0.55359834,0.12767363,0.03044657,0.3641239,0.04342683,0.81058466,1.7512398,0.15687928,1.495802,0.07790699,1.3762847,0.99579036,0.25130183,0.76592284,0.23380128,1.0269192,0.5831889,0.9520536,1.5671855,1.1745846,0.12810938,0.41058978,0.15838209,2.8308053,0.10225805,0.11053629,0.7034987,0.6611732,0.23920031,2.4774032,0.1387483,1.1167709,0.6193048,0.7046464,0.5731804,1.4861971,0.83812207,2.2102604,0.0057064053,0.3325386,1.1178155,1.1965119,0.50515753,0.33673936,0.5727204,0.600446,0.23910691,1.0748156,0.09858838,0.542731,0.0047627934,0.242883,1.8828726,0.27526867,0.2859088,1.2470351,0.16968851,0.0,0.035584662,2.6418839,0.47709987,0.12689972,0.076216444,2.482134,0.30988458,0.4235656,0.18528196,0.8524251,0.025647769,0.3437788,0.85828286,0.1703651,0.46481135,0.9325657,0.0,2.3958864,1.0876516,1.8349967,1.2339754,1.1846665,0.19373915,0.914224,3.0774982,1.139083,1.6235846,0.26850954,0.6626028,0.08802478,0.18900709,0.5237515,0.051992137,0.43870696,0.031970315,4.032711,0.81889,0.056188762,0.18284626,0.18977231,0.4334632,0.08838603,0.025684321,0.5361994,0.9158985,1.2615396,0.22093411,1.4250275,0.34512094,0.24911101,2.499523,1.951119,0.32483068,1.2374704,0.49772698,0.33942366,0.44748572,0.18521114,0.21780136,0.74173623,0.2713052,1.7997562,0.29728776,2.1821144,0.45359883,0.029013816,1.1343004,0.3644552,1.0062369,0.49298498,1.763462,0.8690455,0.054470778,0.5532986,0.07736373,0.7034299,1.6536473,0.20955428,1.6153188,0.33576423,0.6075386,1.1504613,0.12946723,0.3311302,0.6815502,0.31468624,0.3122204,0.32050207,1.3680587,1.163269,0.15343721,0.75417876,1.1788785,0.12070447,0.7132244,1.9074566,0.51397496,0.811611,0.11088077,0.6105109,0.7216388,0.15557829,0.4298845,1.0029385,0.63486934,1.4540071,0.74823993,0.004263094,1.035294,2.3042598,0.5195006,0.31494388,0.22342366,0.07290435,0.17484516,0.967711,2.5803268,0.10547596,0.18577823,0.20384605,0.43326876,1.0531099,0.6798941,1.0599322,0.7262873,0.6777486,0.24411637,0.00674159,0.06604344,0.3260633,0.22436184,0.077048615,0.428604,0.043150015,0.93336374,0.01525765,2.107611,0.23016465,1.2068183,0.72892267,1.2653809,0.6352815,1.0306841,0.7992737,1.2534437,0.9810093,0.64030516,all_pothole_images\pothole_images_new_image_182.jpg
0.6955874,0.6948298,0.22214492,2.1320925,1.7419932,0.014520417,1.2110941,0.0050985035,0.21449092,0.74986374,1.4899466,0.8800561,1.5511986,3.7254164,0.5517788,1.6052659,0.15454511,2.5370479,1.6082175,1.5662895,0.49233463,1.0297731,1.1635025,0.16868222,1.8146256,0.81612706,0.2434739,1.8086946,1.018948,0.37973437,0.29518455,2.4057078,0.84032875,0.08072937,0.119229995,0.71531457,0.4500486,1.0357609,0.5720232,0.3731307,0.0066861534,0.40345997,1.0796913,3.1948447,0.57398474,0.36032718,0.31186962,0.016965078,0.9129346,0.35647023,1.388135,0.14257155,0.47827873,1.237108,0.26458368,1.6899071,1.5914886,0.44448006,1.3766379,0.09754724,1.1956888,0.33799848,2.1386478,0.18531449,1.0722718,1.0444063,0.56895137,0.6521376,0.0030897672,1.4919922,0.794111,0.06546308,0.39243978,0.3180784,0.6804149,0.21591823,0.8010911,0.5230237,0.5796248,0.8442515,0.00950037,0.06193793,0.4594489,0.58550143,0.24617487,0.8188361,1.243782,0.0,1.7484614,0.195298,0.24396975,0.80861026,0.10947715,1.2659701,0.17643753,0.13206868,0.09592278,0.92372566,0.20772374,1.505455,0.48950934,1.4517242,1.6976954,0.15213603,1.1589925,0.5901625,1.3192515,0.31390515,0.022355312,1.1703788,2.2670195,2.1747253,0.49607825,0.16374187,1.127603,0.52783304,0.2864566,1.1435951,1.2677726,0.95258814,2.1035237,0.58410305,0.6882986,1.0364643,2.8549562,1.5373647,1.5003494,0.27024847,0.23145516,0.21499205,0.19433822,0.10877254,1.1402593,0.9301734,0.17479028,0.78347856,0.8957165,0.2620302,0.16978307,0.04136149,0.99704325,0.2821312,1.0082681,0.25507957,0.98845035,1.0585396,0.0023197234,0.848569,1.2649893,2.0049694,1.0868175,1.4946716,1.0922163,0.78607225,0.95229393,0.18049692,1.0130905,1.8593389,0.7348433,0.2896722,1.0317776,2.4326606,0.08986108,2.8664267,0.5005138,0.1133811,0.5192798,0.61490804,0.8974013,1.6111152,1.3705002,0.47436485,0.108919665,0.6848318,0.7046787,0.26636213,1.1393591,0.571227,0.4361643,0.41212246,0.289758,2.3855288,3.105245,0.6002986,0.4535654,0.6659244,0.6483291,0.2315997,0.6369242,2.0965023,0.64204717,0.05555965,0.018972525,0.3983741,0.417023,0.1876753,1.8638963,0.21957152,0.19164158,0.24238874,1.3565533,2.461431,1.8917727,0.2254394,0.46442717,0.39440262,0.29116833,1.2008723,0.35754496,1.5074058,0.09373993,0.5214164,1.7487861,0.1074121,2.8620558,1.2562922,2.3691914,1.1880778,1.5093216,0.5268824,1.4193982,0.23694998,0.55504316,0.5050879,0.2876994,0.62342894,0.65455395,3.4880333,0.700611,0.8870032,0.032933872,1.362408,0.8927217,0.326283,0.17613389,0.3608153,0.83483714,0.7861233,0.03121157,0.3770617,0.9760501,0.01249424,0.49502707,0.6966571,0.12808636,0.012793963,0.50290525,0.024133146,1.1940737,3.599276,2.1370955,0.25275105,0.38789406,0.013238347,0.69809276,2.037848,0.09348033,0.78304243,0.36374453,2.5786,1.0102096,0.65070665,0.5803997,0.56573975,0.21639471,1.0988276,1.8207917,0.5448738,1.6526047,0.25116044,0.1121267,0.6749464,1.204325,0.82470685,0.92483455,1.4787971,0.0,0.21228263,0.8040221,1.5856931,1.2307739,0.7963111,0.5769301,0.5686493,1.0655991,0.22789574,0.5570905,0.5674394,1.2375396,0.93631524,0.25142062,1.2659949,1.0540404,0.9930973,1.382123,0.34677976,0.30209583,1.6908098,0.5571472,1.400752,0.928123,1.068812,1.1765894,0.6638598,4.568013,0.21984752,0.94383746,0.70184684,0.8185576,1.5691992,2.576108,1.6984415,3.4951308,0.7980156,0.8796878,1.3787262,1.2025228,0.79436505,3.659491,0.14733219,0.20504507,1.148534,0.6576742,0.3681351,0.74126524,0.29032502,0.9298966,0.07956734,0.644295,0.30069733,1.0211021,0.22192049,1.5358338,1.1458935,0.30818054,0.31375924,2.1745658,1.7187035,0.36347392,1.3135684,0.64128673,0.8073844,0.34929848,1.4838421,0.6295074,0.18153696,0.07698566,0.42339224,0.5118801,1.2861465,0.8866493,0.5365144,1.3705591,0.03140241,0.10967803,0.55524933,0.58402157,1.3249197,0.5391251,0.7461734,0.56967396,1.2044684,0.5326708,0.35571876,0.10900378,0.036085304,1.7176498,0.79753363,0.7803474,1.2096953,1.6261054,0.7847254,0.6205789,1.880207,0.80024654,1.2614532,0.17639965,1.0267875,0.1262825,0.091137804,1.1077995,0.08875186,0.91433424,0.26859155,2.004693,1.2927871,1.3379834,0.18606679,0.40871766,2.0842946,0.14150645,0.37296718,1.1113445,0.55214703,0.08338588,0.13307102,1.1824514,0.13356084,1.3581225,0.026652997,1.7616425,1.0466921,0.28291053,1.9005531,1.2160386,0.28902626,0.045930058,1.231982,0.15499301,0.24978068,0.80876327,0.84482574,0.7793098,0.3909227,0.7709529,0.8055784,0.6008738,0.18197148,0.88424665,0.25372502,0.78418636,1.4787478,0.6221158,1.6841122,3.1296551,0.04226731,0.6200738,0.0029917115,0.11097997,0.18982618,1.4633957,1.3125397,0.66899973,1.7781278,0.29103652,2.7412865,0.5829374,0.14867084,0.080638684,0.004900337,2.0128582,1.1524752,0.029186897,0.18673773,0.30135623,0.3784319,0.90943134,1.9566828,0.27646664,0.5683348,2.5683267,0.17023456,0.4323324,0.50140864,1.2206628,1.6850537,1.2003834,0.21700862,0.21091859,2.3595114,0.77326155,0.06155151,1.6487795,0.06797192,1.086999,0.7633888,1.0993844,0.479464,1.3768564,1.2954513,0.6200831,1.5620602,0.12095208,0.17531891,0.66826475,2.028096,0.76993084,0.83740807,0.86842436,0.05275913,1.3472128,2.009208,0.897274,1.665707,0.03892931,1.157342,2.006941,0.7140163,0.55302423,1.243082,1.0029535,1.4664048,1.2057532,1.0543438,0.8966499,0.96769494,0.07998287,0.006811868,1.3940264,0.078794785,1.7861787,2.2643266,0.039974563,1.025146,0.9614277,0.3570384,0.3843585,0.95641744,0.24770752,0.19621164,0.05079127,1.2624049,all_pothole_images\pothole_images_new_image_183.jpg
0.33796316,0.82170635,0.9903639,0.86401296,0.18357012,0.041746423,0.69671124,0.96100193,2.9424462,0.22289447,0.46472612,0.5389235,0.06783902,1.2702999,0.3618361,1.1682322,1.4035324,0.94335747,0.007417793,1.0611519,0.3314401,0.013510315,1.3201672,0.85721105,0.15773118,1.0064185,0.0,0.09081405,0.5249519,0.0003524106,0.13836946,0.7812836,0.097538106,0.76458484,0.18911889,0.81757367,0.058963567,0.21373157,0.4133082,0.0,0.290497,0.5257619,0.58807594,0.8914053,0.45857766,1.1566557,0.038893145,0.83058053,0.7766892,0.0,2.86193,0.093606435,1.5294918,1.7698786,2.050855,0.15655765,1.371345,0.236853,5.730781,0.23259556,0.0,1.0820055,0.4668614,1.4405156,0.3735985,0.4497053,1.7706004,0.6439319,0.5698619,0.046633426,0.01989817,1.030105,1.6204257,0.24238291,1.3954154,1.7478983,0.27457273,0.40411735,0.9527055,1.3095064,0.035346687,0.6256704,1.1352122,0.0,0.52413356,1.7721286,2.3240793,0.6610158,0.013419375,0.5720183,0.10269899,1.8270869,0.43324193,1.6124936,0.905608,0.33735415,0.5229253,1.964375,0.9513509,0.5489006,0.00956924,0.22805989,0.4383716,0.5942043,1.5321001,0.4155852,1.0251673,0.22035691,0.4517959,0.46524075,1.0301682,0.10212219,0.029889712,0.04934482,0.31317464,0.31780422,1.0253161,0.19186634,0.09725518,0.34398535,0.8562711,0.9458959,0.19865799,0.9937826,0.8762813,0.07062009,0.005834663,0.06122026,0.0057267947,0.0,0.54719406,1.6175138,1.182486,0.0030963502,0.4467616,0.80791557,0.019554397,0.39298755,0.0070382124,0.5325221,0.3185036,1.1624007,3.451059,0.03018752,0.08974189,0.64845556,0.73415345,0.76925224,0.41140965,1.4182376,0.21824189,0.5660026,0.091793425,0.38287327,0.42771876,0.05178517,0.00082020945,0.12707518,0.75593174,0.07674579,0.3419458,0.7485835,0.109393604,0.0,1.166861,0.99950033,0.20643172,0.32807195,0.04618594,0.35006166,0.9580611,1.018921,0.028001655,0.16622213,0.42104915,1.2009455,0.2567862,0.3040339,1.2920185,0.5559764,0.05909456,0.5394657,0.8492545,0.7192981,0.17297074,0.5702757,0.43991154,0.72307837,1.1647356,1.4055367,3.5853498,0.05619374,0.083519235,1.807954,1.0865992,0.25363123,2.1653857,0.042032957,0.38889572,0.32394478,0.11056223,0.102439314,0.38962528,0.123433284,0.5790877,0.365719,0.7862496,0.13613737,0.92861736,1.1186754,0.05315112,0.654557,0.6088764,1.3392472,0.0015015579,0.45764518,0.037333462,0.2182845,1.8245577,0.4067753,0.0774387,0.22287396,0.10195037,0.4338748,0.26892516,0.0,1.1756924,0.68003714,1.343428,0.70776075,0.12939876,0.39815807,1.691463,1.320874,1.1199181,0.23155372,0.15106821,0.17252558,1.0624287,1.3875823,0.38718158,0.29585537,0.41565737,1.9918475,0.89561266,0.25124487,1.0432962,0.18026966,1.2216375,0.8195273,0.33441442,1.230781,0.6392727,0.28268203,0.2666833,1.0799941,0.1836616,0.15957732,0.5721807,1.6556935,1.6662211,0.4137275,0.082700886,1.4221298,0.0,0.41458645,0.41373327,1.7203684,0.71447706,0.13494618,0.51624584,0.09249637,0.18710755,1.7840015,0.8085667,0.5567815,3.0461292,0.07575312,1.5319712,0.08366833,0.09489667,0.9009987,0.25382638,1.2363569,0.36051208,0.27641872,1.3933161,2.2910104,0.30684748,0.0061564543,1.2632377,1.1242841,0.36164922,0.5067493,0.43475115,0.54854196,2.0382314,0.16812463,0.76277244,2.0340118,0.0,0.13454866,0.2925555,0.1295427,0.7275017,1.485424,0.09438548,0.9823284,1.4243003,1.1896875,1.496318,0.11301279,0.42061833,1.4482819,0.021632092,0.006245981,0.567136,0.0,1.3300205,0.3181523,2.1829946,0.64368284,0.2565256,0.035830155,0.050386764,1.34974,0.084488295,2.1731567,0.21683213,0.9576984,0.08898595,0.0,4.166837,0.29773346,0.4144594,1.7767166,1.867486,0.68525225,1.3049893,0.4709033,2.507265,1.1053407,1.320946,1.5670812,1.4015574,0.36634865,0.23323311,0.002943105,0.21508938,0.34540027,0.12639204,0.3072291,3.4028497,0.34250873,1.1607709,2.59852,1.2834916,0.22436745,0.25391594,0.22710876,1.760457,0.0,0.21859181,1.456776,0.27043742,0.5428228,0.78359914,1.0632474,0.952261,0.24342653,0.7680977,0.70875114,1.0570782,0.40421084,1.5482957,0.00784071,0.11358561,0.008261697,0.06444332,0.43280157,1.5864265,2.9235528,0.5554308,0.38413042,2.0800583,0.15480602,1.5669978,2.0844314,2.5366697,1.3200593,0.058019914,0.2918953,0.09548923,2.736376,0.9102293,0.82820535,0.47033986,0.47234905,2.6163657,0.015322479,0.9280786,1.0158212,0.0064119296,0.20722964,0.0,0.12381557,0.75076276,0.48919436,0.0057058465,0.5278913,0.011428344,0.049728602,0.061212778,1.1915778,0.17083047,0.053586476,2.0661123,0.18688434,0.09540787,0.47213963,0.08016197,1.4380101,0.13134798,0.15566841,0.048549406,0.10543206,2.3997302,0.8970963,1.0501993,0.17612149,0.0743619,0.6305862,0.15418437,0.08295715,0.04602042,0.19890139,1.1547455,0.0,1.4721293,1.429446,1.4731272,0.6937468,0.111439556,0.024014937,1.2104326,0.078126304,0.08513544,0.076044254,1.0906314,0.96154225,0.27766564,0.82321167,1.082108,0.09854809,0.11382985,0.25021514,0.22355177,0.862574,1.2056609,0.34788245,3.3403618,0.39477578,0.6404507,0.87673813,0.6468623,0.5377216,1.0406923,0.21243563,0.07698653,0.19481595,0.2609284,0.17029878,0.28271145,0.43049332,0.6483534,0.9560886,0.4264286,0.27673852,0.21930976,0.0020673901,2.7299144,0.08349851,5.0176044,0.20620935,0.530619,0.22242744,0.3345769,0.5526773,2.4119194,0.1117631,1.7289664,2.8743734,0.0,0.45740896,0.16534945,0.00021417181,0.4647461,0.67086214,0.3746754,0.67350876,0.45378587,1.7408185,0.2788146,1.2995988,0.33484727,0.85737187,0.5217133,0.14935687,0.31526962,2.8167918,0.18284047,0.1899352,all_pothole_images\pothole_images_new_image_184.jpg
0.08757618,0.45847222,0.0946937,3.8481112,0.08404199,0.052135475,0.48655045,0.0,0.3779998,0.8643919,0.13382335,0.22979742,0.040539276,1.6741023,0.003239738,0.0059426157,0.016825581,0.36021048,0.41909632,0.0032054286,0.25693995,1.6290666,0.008620762,0.2935244,0.91654366,0.9980579,0.3936196,2.378717,0.10538246,0.7728402,0.8806504,0.13640454,0.13836797,0.0,0.037740063,1.2722424,0.619861,0.29369852,0.45184535,0.089982145,0.0,0.65103966,0.61886,2.0154095,1.257516,0.0,0.26421565,0.017333908,0.35889503,0.1329369,0.29635707,0.11770546,0.024472376,0.09978709,0.0037553776,1.085985,1.9894371,0.008069837,0.2287763,0.024293058,0.00077685737,0.085965395,0.3478311,0.4737399,0.71970725,0.26480025,0.32120606,0.0076897326,0.009771636,0.07289987,0.4021134,0.56540966,0.09201819,0.099347025,0.5275424,0.37357083,0.05342427,0.0739299,0.006391988,0.0016830042,0.276087,0.17931901,0.23578055,1.9197236,0.0,0.010903278,0.08408746,0.010787261,2.459909,0.12289594,0.043652486,0.020083236,0.026060196,0.0871013,0.18815368,0.0,0.4506923,0.7502801,0.89697313,0.3871484,0.010403749,1.0607691,0.33567765,0.046057682,0.8874083,0.061275836,0.15248963,0.0,0.36194956,0.108121075,0.011332271,1.4567215,1.2236706,0.006894381,1.6480775,0.25866538,0.101713344,0.031902175,1.3938715,0.11587349,1.0956075,0.0,0.4241093,0.89694136,0.30266705,0.16812237,0.22491984,0.034733064,2.0225813,0.04360045,0.026024582,0.11025601,0.07519784,0.012412565,0.35548133,0.1553524,0.057522528,0.26168612,0.7874748,0.02612629,0.18030162,0.067839466,0.13700186,0.017225958,0.04160211,0.85456735,0.003044371,0.57737356,0.538011,0.015268649,0.52328384,0.43189353,0.016486835,0.062282547,1.4288087,0.51166093,0.056914844,0.040963985,0.26145634,0.21272609,0.5961951,0.8566574,0.15110432,0.86382866,0.51653945,0.012174777,0.7574621,0.12161237,1.8068167,0.89541376,0.0033320005,0.058323137,0.07713092,0.15032354,0.61223483,0.053940568,0.97407943,0.106856056,0.22455662,0.0,0.024845628,1.720256,1.5814298,0.030418526,1.3349304,1.2905883,0.34096557,0.33216578,0.059819236,1.2208587,0.26738453,0.27857804,0.017305406,1.0448773,0.2603714,0.0,1.0042024,0.65402895,1.7872021,0.73725086,0.087405406,0.5536228,0.43013516,0.7677224,0.04389445,0.011611637,0.023985324,0.33693257,1.409166,0.06276514,0.0,0.0,1.4954562,1.0722884,1.3018086,1.8567276,0.0374736,0.23166788,0.1357948,0.34334454,1.8318199,0.0,0.0,0.24225667,0.0,0.16139585,0.8758794,0.0018742738,0.6451773,0.4583256,0.367126,0.2694841,0.12785313,0.027649134,0.5583617,0.009568506,2.549304,0.0,0.20970064,0.23766142,0.15823118,0.08559933,0.15963176,0.37384403,0.037219293,0.015921293,0.6981623,0.12845404,0.3363348,7.2480216,0.66041285,0.014588854,0.07876486,0.14387198,0.007458176,0.020930417,2.1858876,0.006833449,0.4417252,3.571284,0.0,0.39429492,0.92199755,0.21115768,0.16047756,0.61059433,0.30572206,0.001442868,2.377541,0.07633954,0.03534066,0.004320046,0.20510179,0.0,1.0865885,0.9718456,9.4365554e-05,0.056819666,0.45806965,1.1182638,0.8655579,0.24550301,0.030164976,0.48544383,0.09403718,1.1732949,1.3175853,0.75856185,1.7884945,0.037637074,0.026883706,0.021431131,0.18716851,0.3623762,0.25511336,0.047847785,0.0,0.37387878,0.09517826,1.8342892,0.34582534,0.42333424,0.001920381,0.11566429,8.413615,0.69818425,0.17250432,0.2996492,0.010659225,0.15146121,0.27142847,0.56353074,3.0116863,0.022817254,0.4804037,1.3068635,0.03446103,1.8779223,1.6039662,0.31439182,0.0,0.0,0.0,0.06529006,0.1032599,0.55216545,0.9399247,0.10702963,0.15464622,0.18858683,3.020529,0.009987426,0.0,0.23972312,0.13112806,0.016977096,3.9657962,0.3801779,0.09717163,0.08514582,0.91860384,0.9418151,1.4158431,0.46729714,0.5614164,0.28354892,0.26218173,0.557854,0.57215357,0.5334447,1.2617935,0.33886644,0.11442963,0.18508132,0.12296941,0.0,0.6825988,0.504424,0.14625607,0.2315272,0.022201339,0.25554726,0.1616745,0.85094076,0.0009026801,0.0010111406,0.87421626,0.11395332,0.0134305395,0.42270845,0.27097452,0.072668225,0.047818072,0.0,0.18927212,0.11395958,0.0023509464,0.0,0.15736993,0.2613992,0.123976745,0.011349946,0.38515767,0.24271731,3.5996695,0.24413422,1.4580891,0.002673363,0.0072262855,1.2459235,1.2869622,0.105344996,0.12624721,1.3611267,0.0,0.02092066,0.22449687,0.20070209,0.0,0.0,0.031367257,0.73481935,0.18800186,0.16036738,1.5826555,0.4900405,0.35676262,0.32114926,0.44855016,0.018258309,0.13529363,0.01782303,0.022071198,0.056371808,0.0,0.03342443,0.7742451,0.44653207,0.28504953,0.0,1.9683214,0.0060888724,0.72970253,1.3310192,1.7018495,0.35958943,0.5085594,0.7935431,0.14478628,0.037426688,0.06786719,0.07116084,0.01266132,0.046323728,0.0,2.5993729,0.112285584,1.1149014,0.38506293,0.72652286,0.20241067,0.2780838,0.6812093,0.07069919,0.061589886,0.003952518,0.43345198,0.25412083,0.54725784,0.16879375,2.8569217,0.2104369,0.34314322,0.17232414,1.32829,0.50370073,0.86167514,0.28230146,0.026183907,0.6598377,1.2109128,0.08530846,0.5428973,0.0069445954,1.3481319,0.22470202,0.0,0.0,0.067782864,0.8083032,0.10108824,0.043599956,0.22554311,0.18174726,0.096716486,0.13686599,0.6543758,0.22152139,0.16345102,0.038710132,0.0,1.9150966,2.4069624,0.11959567,0.048173893,0.41995806,0.5025623,0.0033398806,0.25738353,0.10928973,0.024138227,2.1769392,0.0,0.0035651778,0.0,0.00032789246,0.08973797,0.038707282,0.0,0.023167461,0.21718343,5.675023,0.42011642,0.06987465,0.035476007,0.8192244,0.2957569,0.02194082,0.08844156,0.671137,0.0,0.015840784,all_pothole_images\pothole_images_new_image_185.jpg
1.8378316,1.4801779,0.6680296,1.1282998,0.50629985,0.67021227,0.93176055,0.46941724,0.88581693,0.70657504,0.20471945,0.020419035,0.042048424,0.28313145,0.6618374,0.22581597,0.28721115,0.08720836,1.4174333,0.10487068,0.43755442,4.0702534,1.1846895,0.20007245,0.8366407,0.868508,0.010258936,2.038803,1.2435092,0.057438064,2.1269789,2.345107,0.1067736,0.05587611,0.01505661,0.5837155,0.0,0.35024774,1.1973639,1.1245465,0.5715081,0.23763733,0.0,0.005703116,1.2150116,0.6978831,0.1672659,0.21250829,0.47619084,1.1415428,0.7881996,0.46896863,0.5013054,0.5113076,0.74098796,0.38321105,0.00763728,0.86908644,0.0067807417,0.50606453,0.011976596,0.36280027,0.7155666,0.033882715,0.13619378,3.1232924,2.241573,0.2920338,1.216616,0.2949473,0.11721119,0.07383998,0.60245204,0.8978827,0.0025136352,1.1027439,0.22507165,0.19572334,0.5151595,0.16404898,0.0,0.5362664,0.9017315,0.5551472,0.29287148,0.5049026,1.3570969,0.7142532,2.115367,0.4882684,0.0010588189,0.8223605,0.0,0.6772769,0.73346585,0.03750325,2.7871618,1.1723557,0.08384,0.03239666,0.4223575,0.28568536,0.54895204,0.011246003,0.4888891,0.28055266,0.49603707,1.3566688,0.7849152,0.76628375,0.061584365,2.116067,0.6604768,0.66164905,0.08054245,1.3847001,1.1504484,0.10915127,0.87554896,0.41168338,2.3749862,0.50494474,0.58258617,0.38851777,0.256253,2.9741628,0.52028567,0.066376925,0.668187,0.32039168,0.49226487,0.0,0.094724275,0.059879296,0.2108995,0.5404664,0.46415177,0.20189668,0.9240324,0.012644304,0.22672902,0.42901346,0.45844427,0.5922238,0.22247508,2.1416929,0.09063102,3.9524827,0.30843726,0.664146,0.49549562,0.34139174,0.28412455,0.0,0.8700374,1.281329,0.608847,0.19496307,1.3949244,0.20395687,0.2635793,0.7765407,0.4675297,0.09262621,0.1766806,0.23151073,0.018311739,0.13092497,3.9820526,0.21195267,0.0,0.0520086,0.12547113,0.0,1.7565229,1.3104024,0.17267412,0.07371059,0.06904342,0.60588455,0.0,1.5198965,2.0400853,1.4435192,0.55312705,0.16757977,0.61406076,0.61653095,0.7416876,0.6645561,0.6769609,0.035055805,0.0,2.1032279,0.64371806,0.0,0.708541,0.34970734,0.8670668,2.601518,0.9076717,1.1772856,4.40272,0.3999249,1.2865404,0.3157325,0.3941183,0.24993627,1.6974144,0.8002053,0.5736829,0.0,0.74534816,2.2413952,0.19784082,1.5758073,0.6376905,0.07184047,1.1259136,1.0483723,0.3863458,0.43920282,0.10514809,1.6467593,0.5865263,0.034499098,1.8381296,0.6232375,0.766614,0.6912186,0.58739936,0.01113389,0.0016910752,1.4229269,0.6858921,0.21851268,0.26642117,0.034119323,0.5688483,1.125693,2.4693117,0.6506768,1.7537761,0.031592563,0.31213793,0.124443516,0.33392143,0.01567931,0.48008668,2.9715712,2.99196,0.49118888,0.054365024,0.08583361,0.09580099,0.14319608,1.772567,0.64916533,0.35025075,2.6691592,0.047694486,0.4340859,0.9179052,0.111803666,1.2235101,0.37802926,0.06715098,0.07787493,4.8756533,0.41847852,0.37141767,0.101707496,0.10417856,1.1135789,0.95353866,1.3533698,0.77341145,1.3410764,0.0182443,0.3641938,0.02751677,0.03062142,0.14610793,1.2963163,0.27542117,0.4881267,0.5825351,0.2897568,0.93810153,0.049434572,0.39854905,0.7675492,0.005443884,2.005125,0.67589515,0.24767128,0.82013667,0.055013325,1.1708322,0.32068604,0.08823697,0.33317032,0.39466158,0.7700545,2.9586964,0.57109743,0.3712041,2.6464782,0.06546343,0.39904055,1.2924057,0.8078405,3.1887364,0.44041434,0.17742603,0.14534995,0.13187103,0.99496233,0.5537316,0.27350882,0.15323728,0.0,0.27873346,0.7112898,0.018194526,1.5766653,0.42930165,0.2858367,1.0018016,0.16829067,2.5068219,0.045556836,1.7268964,0.32979572,0.3599592,0.8105123,2.6284068,0.0,0.35692576,0.118237406,1.1501938,0.4199707,4.076347,0.09671749,3.4356675,0.64388365,0.48010182,0.19911186,1.0469555,0.89317906,0.2886596,0.6621453,0.0757466,1.0205138,0.11869517,0.2730312,0.30900922,0.0002151803,1.9734569,1.7504182,0.06856477,0.26248264,0.42615712,1.0400573,0.08989239,0.11876457,1.2761362,0.0010540229,0.17801578,0.1154717,1.2895815,0.01726679,0.12640269,0.008531496,0.2435657,0.25532538,0.37328342,0.06266297,1.4634844,0.08363795,0.18488806,0.18787004,1.9171978,0.7857719,4.0903497,0.58166736,0.13216965,0.021473998,0.45285976,5.092694,1.2116266,1.1005149,0.34985647,1.3376299,0.34604827,0.20078853,0.37172076,0.20070206,0.8045209,0.01222769,4.268966,1.0764905,0.4058794,0.733364,0.6730999,0.2291825,0.6076142,0.9289603,0.227626,0.37506682,0.24562868,0.8914922,0.5101093,0.8881515,0.20004217,0.0,0.70260704,0.49204156,0.041668434,1.1585286,1.2516981,1.1898142,0.33680126,0.4493278,2.0032194,0.0031124454,0.04932631,1.6927038,1.5509396,0.6965749,0.6971339,0.020715995,0.17417592,0.8556371,1.1855117,6.0869737,0.25478953,0.31643865,0.53364563,0.63505024,1.0185664,0.5180743,0.11194331,0.960741,2.0058904,0.0,1.1259551,1.6019553,0.25273797,0.7141098,0.24276862,0.82009214,3.1221287,0.019379038,0.96568346,2.2868335,1.215377,0.31027365,1.887462,3.0094526,2.239956,0.72702384,1.3560756,0.053914715,1.6904359,0.9384952,0.6642776,0.32021782,1.2490331,2.4070673,0.7852764,0.01373287,0.27192557,1.2235222,0.08694115,0.05311133,0.2580093,0.7063708,1.032863,1.1476912,0.67223775,2.4906352,1.34536,0.16492687,0.0407246,0.401973,0.5224889,0.6248282,0.03217604,0.17803079,1.4900341,6.5930824,0.111642264,0.004736758,0.033068314,0.7027256,0.44326285,0.027131151,0.031489886,0.2019712,0.019437088,2.0219877,0.37845066,1.0653133,0.011255709,1.5392334,0.74723,0.11860321,0.8685994,4.095888,0.08119777,0.86999494,all_pothole_images\pothole_images_new_image_186.jpg
2.825594,2.2553577,0.8463893,1.0738963,0.050569456,1.3433087,0.5052115,0.65635425,1.390021,0.046092916,0.7719934,0.0916807,0.0153356,0.14076759,1.6016434,1.1202143,0.24704717,0.10147166,0.4005083,1.4645398,0.1303023,1.5889251,1.2448733,0.5333623,0.047603354,0.7115467,0.16154985,0.11173797,0.020318791,0.057092305,0.7176113,0.96216816,0.18716146,1.1516191,0.12262959,1.3207858,0.15473838,0.25029418,1.3023905,0.58841056,0.6635714,2.5837345,0.07031734,0.0,0.11658806,1.0493965,0.8336988,0.4429296,1.7115017,0.2779309,0.0,0.7057849,1.8308141,0.046608448,1.7299942,1.2833583,1.7057267,1.0968335,2.1674085,1.119282,0.09180312,0.021100475,0.094805256,0.9457184,0.04243028,0.5487935,0.2919777,1.1529495,0.79324806,0.41729277,0.80792385,0.10731943,2.0397158,0.002279869,1.1765912,1.0949845,0.5073111,1.4016051,0.8391122,0.17917922,0.21641341,0.123271845,2.7913942,0.08785011,0.41688678,0.65751195,0.17498511,0.1044285,2.5207071,0.23930144,0.5207042,2.1262214,0.32101622,0.071283355,3.1634073,0.5320376,2.400915,1.5877345,0.51359856,1.7373781,0.0,0.7779236,0.090716965,1.31939,1.9629644,0.8235344,0.8226969,0.031276405,1.7107836,2.9509466,0.33959705,1.0477157,0.28466377,0.92902005,0.01610648,0.85557985,0.6982817,0.4143788,1.2178367,0.3416365,0.52593493,0.79716593,1.1675926,1.2593238,1.1802182,1.1143389,1.4311391,1.3362333,1.0418497,0.8456673,0.6238324,0.5990688,0.0052771526,0.13794553,0.5521515,0.27127537,0.119763136,0.27713254,0.34593064,0.77282524,2.6041732,0.7793391,1.1546857,0.40065658,0.2864155,0.09698708,0.3815155,3.3457572,0.15861936,3.6952112,0.18362127,0.5941866,0.47475842,0.9467584,1.0504425,1.2037622,2.1761599,1.639527,0.75633985,0.06356962,0.49144924,1.2889295,1.7657686,0.16812104,4.7830434,0.0061484617,0.14946826,0.27357265,0.3310017,1.0496272,0.62131345,0.03862032,0.12493554,0.18212256,1.3101058,0.6575072,1.0196975,0.24627312,1.196017,0.4691179,0.2186173,0.1878225,1.3811134,1.9861064,4.43038,2.6449983,0.9591582,1.2798989,0.0047858185,2.0634987,0.19907849,0.18211277,2.785102,2.4787986,0.56307197,0.481154,2.1955068,1.3736795,1.8365954,3.27517,0.57374734,0.19865198,0.41408882,0.4061979,1.2965713,3.365807,0.8471752,0.3818194,0.18599783,1.4962858,0.8043728,1.4304655,1.2579285,0.4788773,0.21387754,1.726612,0.3002362,0.1894066,0.05088452,2.5897214,0.5574326,0.72942805,0.2832359,0.4772215,0.14433207,0.076134756,1.6647242,0.30263445,0.45716414,0.34853107,0.20134552,0.3640269,0.4874709,0.08054122,1.2678267,1.018429,3.0782158,0.14962377,0.7218727,0.09126979,0.87715197,1.3139124,0.6701294,1.2988735,0.05548519,0.46089965,2.1874404,1.1233225,1.3713862,1.4121231,0.67010105,0.91613615,0.46600544,0.74212074,1.8886557,0.015208813,0.6965191,0.054328304,1.3227589,0.23254468,0.0546935,1.6621002,2.8661222,1.2711337,0.24975547,3.1838562,0.17244774,1.1722484,2.2045596,0.4032917,0.94412565,0.080503225,1.8521323,3.5873163,1.1135828,1.8423432,2.3192337,0.16661033,0.49603873,0.80758274,0.0,0.22222306,0.3338246,0.6804599,0.07099112,0.030775756,0.08764474,0.104213946,0.34476855,0.1666148,0.8974684,2.0968583,0.41435316,2.8801453,0.6283396,1.1974629,0.7995526,0.15690708,0.5435272,0.31120268,0.008975522,0.13182808,0.33389094,0.5627232,0.35825333,0.51559925,0.1995892,2.5945148,0.9113308,0.4596623,0.7194817,1.5795233,1.4811258,0.53390104,0.035844095,0.8967629,0.0,0.4989969,0.8773781,0.5057902,1.6152334,0.5132996,1.1429176,0.56191427,0.6148575,2.486234,1.1921208,0.3687692,0.1541206,1.4379017,3.8803735,0.025307102,0.4007412,1.1767206,0.70812535,0.39570594,0.8075417,0.47549555,0.8286053,1.4012641,1.1365743,2.7717793,1.0527114,0.8536526,1.5241399,0.82269096,0.0134244645,0.89622676,0.65721387,1.5902547,0.60034823,1.9255669,0.08734894,1.2562159,1.3090163,1.051053,0.78713965,0.46269482,0.1591739,1.4249436,0.47491074,2.0070076,1.5705239,1.1339376,0.42878407,0.99918926,0.80284435,1.0739021,0.6546603,0.073657855,4.1796193,1.2341706,0.47038975,0.4827177,1.6876472,0.1601276,2.176226,1.1145924,0.99031985,0.4362016,0.34677863,0.62675005,1.3275157,2.7606425,3.9759595,0.38927466,0.24821444,0.4570616,0.053565677,3.5224524,1.1363034,2.2050688,0.38525444,1.2810236,0.02024564,1.0645105,0.81349653,1.727196,2.879418,0.3713663,0.40470254,1.5938873,1.0757204,1.0413996,0.19175965,0.941632,0.8203589,1.0612655,0.5260259,2.0562077,0.49870345,1.5465271,1.3311923,0.24219058,0.0,1.2071738,1.9332654,0.049165614,3.114642,0.9606362,0.2757232,0.39310572,0.6916815,0.25910693,0.86314833,1.1008931,4.9279513,0.19247043,0.7926778,0.32977602,1.4101092,0.6136209,1.3438059,0.24926999,0.027385298,4.3006406,3.2306385,0.6216451,0.31431133,0.1939267,0.2893714,1.04655,1.0901746,0.24286172,0.037253585,0.06433627,0.2710893,1.4474843,1.3218955,3.370733,0.42209676,0.6700882,0.31992874,2.4286573,0.18104105,1.8178025,0.29160625,0.63372225,0.4184592,2.3494966,2.200704,1.0096822,0.1036946,0.47616622,2.6041956,0.71898067,1.3425894,0.6302531,0.4442522,1.2268254,3.7924206,0.16809325,0.62444377,0.09516268,1.1091163,1.3832489,0.09599498,0.7405698,2.314455,0.4480741,2.627714,3.56456,2.1969404,0.1379437,0.12581187,0.6060018,1.9912684,2.025525,1.3200496,0.22387917,0.06760016,2.9216309,0.02884238,0.23284018,1.1807916,0.50319046,0.2684609,0.6106735,1.9538325,3.1707776,0.0,3.3664837,0.9626264,0.279948,1.7502083,1.169304,1.1636631,2.8096879,1.0107956,0.3544904,3.5854971,1.325492,all_pothole_images\pothole_images_new_image_187.jpg
0.049040347,3.2034307,1.1643233,0.6438822,0.33197302,0.53678024,0.007005774,0.24938463,0.24786046,0.31592834,0.20515807,0.5482076,0.19491783,1.8195446,0.014030185,0.9646905,0.45199597,0.44133648,0.5006078,0.7653868,0.04183685,2.1171336,0.6798637,0.9839918,0.12435255,0.20210825,0.06110519,1.700229,0.15226872,1.0846603,0.84934264,0.3262388,0.34446353,0.21474853,0.3341477,0.8313019,0.9462513,0.25725085,1.5562693,0.3003778,0.111140355,0.5949708,1.6848558,2.2849786,3.3565032,0.23238084,0.18585244,0.22138566,2.3549967,0.0625968,0.5803463,0.9618482,0.07878675,2.1185448,0.17566723,0.8744885,1.325679,0.33054414,2.092869,0.06933578,0.45229456,0.31273705,2.2558384,0.36488208,0.14281319,0.40717754,0.87160116,0.36960748,3.6362085,0.99777126,0.9189644,1.3798101,0.07451658,0.12106352,0.5598428,0.26856413,0.20706539,0.09281022,0.0,1.9146322,0.34417164,1.0833336,0.8813853,1.6943977,0.7818425,0.26724064,0.08555772,0.42339477,2.923344,3.0601811,0.6652736,1.2082276,1.7885009,1.3176918,0.6273926,0.012747401,0.86347073,1.975077,1.1097488,0.16304372,0.7691233,0.38366207,0.066152416,0.84883726,0.43674904,0.7812001,0.8637706,0.05402329,0.23467219,1.0302587,0.91038007,2.207325,0.1739286,0.6672807,0.783309,0.33403677,1.3906356,0.013486666,0.24949758,0.044991113,1.4834672,0.8944159,0.4530434,0.43770057,1.6019559,1.141676,1.1431104,0.017831802,1.5792451,0.22777312,0.19425984,1.3781695,1.0205507,0.44092062,0.47296265,0.8770003,0.15033546,0.36984205,1.0030613,0.024083553,0.14266637,0.6568177,0.123869546,0.36959636,0.45997268,0.39425907,0.38038826,0.3687382,0.43088305,1.725149,0.1767601,1.0988997,0.74526346,0.28421915,0.6473798,0.11516296,0.20758018,0.84259975,0.56863755,0.65461177,0.91055787,2.0108867,0.4967748,3.529326,0.86965114,0.06822964,2.8174524,0.091043025,0.79261607,0.049916554,1.1637805,1.3070363,0.51902753,0.04642028,3.605038,0.17175059,0.67967415,0.77493316,0.38010702,0.5466358,0.13882825,2.3048892,1.4972811,0.2553962,2.6882105,0.6686591,1.3623298,0.8434948,0.33235028,2.1323407,0.7586307,1.8393972,1.0467664,2.1506002,1.3936312,0.35870922,0.06829555,0.9739241,0.22346303,0.6951548,0.52262044,0.7316254,0.88216305,0.58998,1.8745886,0.53697723,0.1202473,0.21636553,0.9651933,0.006580816,0.3170642,0.3268301,1.0760306,1.2273169,0.14758223,0.007823801,0.04994518,0.07540305,0.47512436,0.4608277,0.6781578,1.3032485,0.26664522,0.77045834,0.04588269,0.09533219,0.6807182,0.556217,0.90799767,0.0028884842,0.4292523,0.23353593,1.3746054,0.13392133,0.3172893,0.8155935,0.56638825,0.42743465,0.058169115,0.064098366,0.20401871,0.3086564,0.069712035,1.4866909,0.9920582,0.0,0.5898977,0.01282154,1.004544,2.357006,0.87653226,0.49534076,0.7487895,0.031249598,0.24082308,0.4375147,1.2278631,0.26895154,0.9079817,0.7596115,0.5506987,0.5160571,1.5692673,0.8347571,1.1743318,0.27800965,1.0617067,1.5736305,0.19160672,0.22752905,0.18223833,0.13846332,2.182006,1.8541605,1.2207257,2.43468,0.16711015,0.4987923,0.15811409,0.015237073,0.02448934,0.51670647,0.38070258,0.41898194,1.1547846,0.33813965,0.9022714,1.9345647,0.19490498,0.11095591,0.58963627,1.2683342,0.038142808,1.6729586,1.9050237,0.21791424,1.6349752,2.822272,1.2933215,0.98907703,0.14205323,0.07937547,0.09193758,0.7461077,5.9846005,1.4622868,0.17421246,0.4282823,0.5705407,0.34341726,0.089150585,0.27060828,4.684469,0.47609642,0.45187408,0.7481728,0.17316596,0.61773247,1.4048864,0.49151674,0.40459216,0.18214366,0.091068186,0.08099665,0.5348399,0.4892895,1.0891271,0.7825862,1.4521148,0.2512716,3.7318923,0.13349345,0.63307893,0.0,1.1174685,0.19962497,0.5493896,0.6010944,0.2672568,0.022974256,0.7224319,1.0701171,0.29498854,0.19123167,2.2522073,1.6022019,0.12599477,0.2571306,0.049813118,1.5569118,0.48023427,0.6156925,0.36073866,0.42056113,1.6087139,0.7335109,0.6173617,2.340696,0.62583613,0.071175806,0.3285752,1.2935996,0.37608936,0.63782734,0.2688579,0.64739925,0.45326138,1.2157465,0.165171,1.1920521,0.45429233,0.31629568,0.610144,0.9044744,1.1198692,1.2697037,0.0907619,0.78499556,0.21577819,0.68596095,0.015781665,1.5690732,0.2520613,0.5072409,3.6686096,1.3773688,1.6369313,1.2209269,1.6372617,3.2341506,0.5918015,0.45904806,0.9344206,0.37435234,0.8122734,1.0895191,0.12495967,2.428397,0.3394688,0.27105445,3.869242,0.41495258,0.21078643,1.4883417,0.33097878,0.58917224,0.8307495,1.6231111,0.020235779,0.28628716,0.08161685,0.32659867,0.2562677,0.4479161,0.53426874,0.11515006,1.0545933,0.5859681,0.058159277,0.12134091,0.013611922,0.0,2.3902614,3.4170964,0.49739367,0.50069326,0.6106505,0.99480563,0.23341307,0.22274399,2.4939537,1.0666139,0.060498033,2.2428966,0.1945731,2.074816,0.9262818,0.24377468,1.9062004,1.7581279,0.24900779,0.37727076,0.62189585,0.65934956,0.7971344,0.4587906,1.6058122,0.2006543,1.5226552,0.78266096,1.4429837,0.37828654,1.7478826,0.7704285,1.2143289,1.1168199,0.33755174,1.1054099,0.17430726,0.057391804,0.14152583,0.0,1.5198742,0.0,1.1455377,1.8856761,0.7768225,0.070089824,0.71744823,0.23153727,1.6491895,0.88194895,1.3301027,0.34824538,0.9829445,0.15086539,1.8451818,0.5356619,0.37832952,0.57715666,0.33524352,2.748212,0.76790607,0.33973312,0.29984382,0.8337074,1.0198843,0.23305511,0.46482608,0.109139696,1.8243297,1.0886604,0.2627109,0.03682493,0.008935043,0.19067939,0.5740221,0.20054007,0.6274266,1.0978355,0.73179674,1.3101383,0.68620783,0.109345496,0.67281747,0.2669862,0.23951101,2.2118,0.7760063,0.02985218,1.2070812,1.544343,all_pothole_images\pothole_images_new_image_188.jpg
0.82079685,0.082126215,0.0009811267,1.0337381,0.36897042,2.2725625,0.69380045,0.013058883,2.2670343,0.15778951,0.33720583,0.0,0.052874934,1.407887,1.5389298,0.259251,0.07168519,0.9207508,1.0691257,0.029410556,0.4455583,6.383305,0.3743455,0.25429744,0.14877376,1.5516688,0.003976127,8.260039,0.6428991,0.19978851,1.8424057,0.885832,0.876945,0.21967755,0.7572719,1.3570706,0.15432064,0.78756744,0.3741961,0.035533782,1.2233512,0.35957724,0.054464214,0.003169569,0.65617776,0.82707167,0.11339207,0.2941106,1.1333251,0.39765033,2.3375704,0.57230806,0.27032968,0.4516775,0.88893414,1.3363184,1.205441,2.3908088,0.019917727,0.35526866,0.35091037,2.6028914,3.3224568,0.25714418,0.16952254,0.7059355,1.8170458,0.08551683,0.17408367,0.05156842,1.4331336,1.3397107,0.20793109,0.65670276,0.9837452,0.11042501,0.0,2.318161,0.58160967,0.24091938,0.052732747,0.8567368,1.3558427,2.9325025,0.34248406,0.16565531,1.2723843,0.082757086,1.611169,0.23462728,0.63256425,0.06495417,0.32054615,1.3917114,1.2148169,0.18240263,1.429789,0.45132983,0.6561882,0.9101173,0.34138238,2.551465,1.0080645,1.5002594,0.52792394,0.41389978,0.5736684,0.0,0.88273066,0.055407707,0.28759125,1.4860927,1.095352,0.025920756,0.29657063,0.08778525,3.6273236,2.206264,0.24429122,1.9643545,1.8628521,0.11166689,0.021038575,0.5253307,1.0581981,0.24816513,1.919987,1.5199292,0.08454135,0.30354622,0.10083718,0.06400916,0.24280201,0.11882637,1.03413,1.2835846,0.49658662,1.9577718,0.022130856,1.9926374,0.10419052,0.46478772,1.2869769,0.22789067,0.13328554,0.066986956,2.6682608,1.3954556,0.9007322,0.7664852,0.34616253,0.07119444,0.49061972,1.34613,1.9626797,0.03462528,0.5513024,0.6419128,0.25431162,2.107075,1.1163045,0.45252448,2.4643016,0.87735194,1.2712026,0.16628681,8.127718,0.4056902,2.8023543,0.41053867,0.3005165,0.1337024,0.067196585,0.7247828,0.81169516,0.65868944,0.3496107,0.23625475,2.0023475,0.21922214,0.88784343,0.8229661,0.91845965,0.011522169,0.023262478,1.3604649,0.3985709,0.4395017,0.011763029,1.0164194,0.0031714381,0.26126823,0.74198157,2.5610652,0.41566265,0.16834737,0.22346741,0.5498891,0.68434936,1.071943,0.41527003,1.250355,3.373908,1.365623,0.42679232,0.60053295,0.007095385,0.27435723,0.27363285,2.1123228,0.17754838,0.29267946,2.0428464,0.012618968,0.4667327,1.1838688,0.30069998,0.36035174,0.91612023,3.5487142,0.23596238,0.37846386,0.4663855,0.2196031,0.28347343,0.009635689,5.719194,0.10962763,0.0510027,0.00034872367,0.1278277,0.10362765,0.20211071,0.21337448,1.0600824,0.20417102,1.3771275,0.64555395,0.07393867,0.21585456,0.8786164,1.5082846,0.053238045,0.68205667,0.5480495,0.24254794,0.07870278,0.4628903,0.64636725,1.1426415,9.300594,0.07700367,0.8448581,1.2532846,0.6960221,0.09041973,0.5096991,1.2885236,2.3578563,1.0761316,0.27282152,0.6573347,1.6693548,0.49939516,0.52358437,0.6648175,0.98623455,0.29583812,3.3953154,0.3484495,2.6679795,0.5155277,0.39046177,0.3152389,0.1980044,0.002518437,0.36291993,1.9718599,0.69473594,0.101284675,2.882938,0.25304705,0.42055154,9.334108,1.295632,1.5405899,1.0025474,0.7543514,1.487423,1.4482641,0.35458502,1.490461,0.0083572585,2.2247186,0.56857896,0.63243204,0.17673944,0.5922189,2.411829,1.3328334,0.0024357412,1.7989483,0.06966978,1.4291849,0.08403702,0.34213033,0.30111375,1.3451306,0.11884454,1.2567005,1.3104136,2.0104156,1.2458241,1.5457326,1.341394,0.04696691,1.0470164,2.14294,0.6561541,0.09336546,0.19925393,0.14083582,0.5444217,1.2804912,1.0840138,2.2433665,0.3818617,0.00068002567,1.2645011,1.843255,0.7862818,0.63471884,0.22503556,0.1262222,0.5185598,0.14233738,0.19017161,0.7551316,0.11617534,1.3462745,0.32326156,0.11944772,2.967433,0.47845465,0.58319855,0.12562397,0.49136916,2.8141584,1.8054022,1.4663126,0.73107314,1.0193774,0.063335836,2.9319944,0.3646115,0.07827361,0.5467534,0.23611885,1.2225688,0.48141435,0.16630764,0.10430326,2.013665,0.72540295,1.0679247,0.52905476,1.8942288,0.5738646,0.12099036,0.082310624,0.78542846,0.21918832,1.5354588,0.5093347,1.0686396,0.41643208,0.13213189,0.036122855,0.07991747,0.011871072,0.08317093,0.1350427,2.3762288,0.44512826,4.5181212,0.0,0.3582789,0.7417324,0.6602415,3.9271123,0.7081783,0.38785246,0.10553509,3.233473,0.020508854,0.23972856,0.9221887,0.355579,0.21186659,0.95234257,0.45831087,0.3390474,1.1901693,0.5117811,1.1707773,0.08523927,0.1551786,0.47049594,0.59173214,0.40801433,0.1982202,0.34739417,0.598777,0.3958854,0.9808636,0.38676295,0.2919562,1.4050816,1.1930943,0.00577488,0.8944009,0.08249851,0.5440913,3.1381238,0.48551258,0.7609498,0.21858051,0.54388636,0.83472854,2.0427768,0.80377,1.5466359,0.073662154,0.6127013,2.6196766,4.50698,1.2132816,1.3221955,1.4758509,0.16744381,0.366837,0.4551658,0.35158354,0.12838235,0.4872324,0.037599977,2.9339254,0.04768604,0.02813361,0.344876,0.6917023,0.79827243,1.5706161,0.104961954,2.133754,1.560602,0.8889884,1.4419272,1.6217412,1.7255058,0.09597595,0.6715109,0.81114787,0.17739871,0.45630288,2.042442,0.8343908,0.5681128,2.189352,0.19491686,2.6637352,1.5386732,0.29926926,0.44843757,0.14095408,0.9053705,0.36924446,1.9582014,0.9705692,0.052695293,0.30325404,2.6385725,0.52066004,1.5351042,0.70907086,0.31928912,0.7015572,0.1065582,0.55153865,0.9271648,0.7503088,2.0067472,0.5113202,0.46654683,0.31815705,0.11232676,0.3917356,1.797075,0.6953695,1.2450994,0.06198359,2.4435856,2.0734644,0.94442326,0.64251125,1.0961888,1.301595,0.8505575,0.2915132,3.5924895,0.0,0.19305086,all_pothole_images\pothole_images_new_image_189.jpg
1.7225736,0.19527385,0.12859726,0.07800471,0.24449457,1.5622233,0.762673,0.51257455,1.7668997,0.0025175547,0.39952397,0.2772334,0.4654197,1.629098,1.2600183,0.4833873,0.13270546,0.16828021,1.2617135,0.40295798,0.7018051,2.2309523,0.5019695,0.60391563,0.53569776,0.5566016,1.6070014,1.9638796,0.5143705,1.0593587,0.39957473,0.45820975,1.232562,0.5082471,0.053946342,0.3391065,0.26816118,0.56261855,1.6354376,0.24934684,1.3291698,0.17737551,0.43650475,3.566915,0.8853917,0.04660093,0.95649344,0.2066528,0.35130188,0.49810067,1.1357687,0.5137667,0.84147453,0.14130451,0.102923475,0.091646425,2.3447871,0.15480763,0.8210363,0.7441018,0.030670239,1.0414416,1.047019,0.64041126,0.1341285,0.3248326,0.40554178,0.16911413,0.72410554,0.2274308,0.101069465,0.6265431,0.38385952,0.670359,0.12772073,0.30610427,0.25059044,2.4750307,0.24732564,0.46267256,0.57525766,0.623791,0.82941526,1.300576,0.39187163,1.8021988,0.3641101,0.21708985,2.9380913,0.5117279,0.9017391,0.1379766,0.20016176,0.8018146,0.6616921,0.09673953,1.1803238,0.15850312,0.37001947,1.1690674,0.304908,0.82164586,0.17956772,0.03127384,0.6238517,0.26816735,0.012428949,0.39882612,0.07382594,1.5753194,0.2134936,3.6160462,1.1485744,0.13592017,0.0,0.24470457,4.645142,1.2790269,0.12742303,0.80153996,3.0063865,1.1051365,0.2360335,0.8848043,0.15753654,0.5389619,0.004255964,0.9549271,0.7517764,0.13040332,0.036223523,1.1764277,0.60928726,0.10985395,0.4296088,0.1977136,0.30087808,0.9955857,0.12461955,3.2621136,0.51834893,0.18563055,1.8932159,0.26166838,0.27499032,0.07060904,2.8585167,1.1625377,0.26376134,0.28386018,0.06945869,0.10471513,0.6240464,1.1937418,2.0817904,0.84195834,0.34470928,0.45780486,0.7619487,0.18500084,0.93419087,0.11024997,0.50722426,1.086353,2.2348418,0.025302473,0.39058614,0.19717294,0.89587504,0.8111782,0.040876847,0.08898844,0.15344463,0.12575132,0.48485732,0.09125932,1.4331671,0.10754625,0.66089505,1.2921206,1.8264844,3.581163,3.7087345,1.544602,2.036686,0.8197711,0.25646177,2.0898743,0.13469066,0.15603897,0.0,1.1941344,0.1016568,3.237905,0.888028,0.049461283,0.8400467,3.069883,1.3225632,0.90250725,0.15669006,0.76959443,3.6476731,0.9618792,0.897978,1.1947814,0.7099188,1.3396672,0.32487658,0.19267346,0.38670114,1.1784168,0.31769916,0.1757974,0.08664218,1.0374907,0.0313127,0.95101345,1.4141908,1.5083741,0.41162148,0.0,0.40561518,0.6051876,0.94113576,0.5476641,4.9975095,0.046587754,0.40593952,0.79599285,1.1275054,0.4010245,0.2523087,0.81670564,1.0927265,1.0022868,2.518461,0.46673134,0.68877214,0.09075702,0.2515227,1.3290844,0.39292324,1.1843368,0.18268073,0.36518222,2.3773725,0.20236106,0.8663957,1.1125783,1.9231079,0.13303155,2.9343348,0.51363736,1.5842351,0.5778676,0.038179252,0.6323147,1.0579039,0.1959523,0.11104111,0.3670971,0.8018799,1.5947533,0.923812,4.08567,0.20601402,0.6056192,1.7332565,0.018866763,0.29617873,0.18831727,0.11752965,0.40076694,0.720101,0.7555492,1.119011,1.9101478,0.10635881,0.26728114,0.17940225,2.173555,0.030635385,0.55370694,0.9714728,1.2881371,0.35176462,0.6837207,0.42857787,0.25778157,1.5832134,1.2190168,1.4480873,1.1747772,0.020062681,0.17272027,0.3861168,0.36032334,0.60865027,0.03863477,0.17749518,0.761315,0.1850742,1.1721412,2.5227776,0.5646946,0.001557096,1.117697,0.45432305,0.2612997,0.19890897,1.8428515,2.4967096,1.4651049,0.077538915,0.13034111,0.4155486,0.34479883,0.65373236,0.9552129,0.28731987,1.3074113,0.23005971,0.17362449,0.6367285,0.1514816,0.22257228,0.0045512086,0.023586785,1.9701722,3.4781208,0.42864904,0.0,0.2104706,0.32944253,1.1021671,0.0606864,0.070058614,0.118793175,0.32512102,0.2045168,2.2894468,1.7265041,0.013578911,0.39725462,0.24087697,0.7822442,0.44851825,0.39601406,0.6903844,1.3791071,2.7988825,2.1976726,1.7201933,2.4859054,1.4474219,0.5105841,0.4404492,0.17221846,0.18548265,0.0,0.08633082,0.94676423,0.9003518,0.82110393,1.5672146,0.6890344,1.8699768,0.88080347,0.04504539,3.1434817,0.2151535,1.2285067,0.23432373,3.1413143,0.048954573,0.40169027,0.94921035,0.7498998,1.745305,0.44787043,0.6906071,1.0713177,2.4066608,3.3438816,0.38216197,0.2760254,0.053679943,0.24401195,1.2306688,2.8990245,2.4774806,0.06338555,0.36469764,1.1756566,1.1987561,0.67300147,0.6522952,1.3998455,0.275565,3.0096004,0.17211609,1.5655067,0.4169471,0.009266419,0.98004687,0.51345795,0.8575633,0.18221337,0.2633475,0.36785832,0.8131527,1.4332972,0.72158724,0.4024581,0.25000608,2.2032828,0.8653153,0.87098616,0.17266612,0.4254858,0.1000227,1.492534,0.94654465,0.7765498,0.17331637,1.495868,0.87157726,1.3758184,0.33810094,0.49535868,1.6506404,0.16767037,0.6162964,0.79332983,6.166633,0.98228157,0.42238086,0.3553195,0.76695657,0.17788081,0.5700804,0.1597969,0.023396727,1.5964022,0.19636169,0.70220995,0.50858223,0.25055942,1.9039237,0.78723294,2.3535178,0.1694306,1.4709361,0.55869454,0.89939535,1.5244421,0.39058587,0.26722854,2.6882906,0.23294559,3.1285827,1.1800187,0.14166145,1.3725644,0.85313725,1.0860976,0.5549164,0.32243815,1.1507066,1.7478678,0.11705714,0.68185174,0.09376178,1.2858311,0.11541561,1.580733,0.19378288,2.1292188,0.02839264,0.37803885,5.812779,1.4824938,0.3902188,0.0,0.18634671,1.5488878,0.9710571,0.96338093,0.0,0.2503936,1.1976937,0.0,0.62679785,1.2605333,0.09702622,0.18237308,0.8251514,0.35161787,0.513944,0.0975441,3.8032212,1.6750239,1.4043357,0.94872016,1.0257139,0.33229452,0.57175815,0.57249695,1.6154,0.7597756,1.7906021,all_pothole_images\pothole_images_new_image_19.jpg
1.8514236,0.30615056,0.5502633,0.9228262,1.3920738,0.94498163,0.57930017,0.8823675,0.8056895,0.3440205,0.17908423,0.5090826,1.5707759,1.1340878,0.6745763,0.9087411,0.0037463529,0.05906611,0.0525435,1.632217,2.1961286,2.3904183,1.9158158,0.5093938,2.2616918,0.019776314,0.453733,0.67150956,0.8408855,1.739109,0.4187743,1.002423,0.751928,1.0202159,0.11279173,0.0,1.1533136,0.34410375,3.7234702,0.8088451,0.5721475,0.36276722,1.1150118,1.8524318,0.2454882,0.25360978,0.3387573,0.5401681,0.7335623,0.09460071,1.3123403,0.27206513,0.13924319,0.00021156068,1.9363904,0.051069856,1.2011163,0.38661036,0.26084077,0.12657455,0.04144795,1.2300742,0.16920988,0.35708776,1.1194506,0.027470758,0.1158971,0.9001854,1.3593704,0.57400745,0.33365253,0.00071253977,0.12656687,0.5456683,1.3188616,0.008304423,1.3775178,1.7004501,0.6089743,0.07809103,0.011982808,1.6255984,1.0498633,0.15417674,1.0391556,0.5400682,0.00646952,0.42064583,1.5335724,0.30403903,1.8375047,0.61583835,0.8524372,0.41257533,0.43175736,0.024584297,2.1510043,0.3249076,0.2523125,1.5236558,0.0038285835,0.39790884,1.2430389,0.0734369,2.5321383,3.3625798,0.030663382,0.79641265,0.26449534,3.547278,0.7206368,3.1703334,0.5351257,0.82320595,0.15558925,2.268047,2.2487,5.0416417,0.01059464,0.21404819,0.7332988,2.2591438,0.9002525,1.020256,1.5568504,0.16425486,1.3721929,0.020908665,0.60375583,0.78281695,0.116480865,1.6891199,0.9127917,0.24124731,0.40680438,1.6623211,0.5460417,0.012553801,0.00057523133,0.10972112,1.798691,0.056201726,2.316203,1.7981589,0.4067167,0.25911877,0.15840183,2.9820051,0.31033987,1.4669801,0.8498956,0.0686351,1.628507,0.16411765,1.0571548,1.1707983,0.72338897,1.2073497,0.0066705747,0.11921379,0.99368596,0.0,0.015077177,6.943575,0.860713,0.615155,0.26677167,0.15591978,1.1498226,0.13345814,0.78487265,0.14457034,0.77846175,0.78372663,2.7620304,0.7044142,0.31712633,0.053616714,0.14689833,0.010623047,0.28012562,0.30087698,1.3489965,3.6733048,1.2645656,0.0,0.6806709,3.791498,0.508906,0.047011103,0.087433815,0.69255966,2.371223,1.8034197,0.65760785,0.2270456,0.18015982,2.883553,1.074673,0.06567652,0.011780286,1.632636,0.45137638,0.014807929,0.030956198,0.5249183,1.1618805,0.74022096,0.12891017,0.1594484,0.24614903,0.303784,0.4253255,1.3631355,1.2168939,0.34993285,1.2697159,0.32479438,0.3955674,0.1882486,0.009689552,0.18893924,0.21532732,3.0434778,0.75110227,1.7347046,3.277444,0.7217729,0.508321,0.07561294,2.0050895,2.0553923,0.42939922,0.06490269,0.37334532,0.026687924,1.6576494,1.3552711,0.39423463,0.73283106,0.3095556,0.8172643,0.9141444,1.235047,1.6186035,0.33092132,0.8934311,0.2537375,1.7291963,0.049562648,0.2947534,0.3460966,0.19386758,0.20844653,1.150062,0.24843033,0.53411615,1.0559456,0.83164597,0.046501517,0.55004615,1.2540406,0.88746315,0.12865049,0.13999423,1.5509166,0.026785847,0.43643677,3.3698041,0.061438918,0.7152431,0.13996075,0.7923002,0.5304976,0.33023494,2.0026543,0.09488967,0.4572618,0.19420521,0.077409774,0.06894474,0.09311379,0.30921635,0.01847255,0.7987372,0.10715386,0.32715932,1.3193834,0.17647953,1.146896,0.37270954,4.156438,0.4549088,0.81400514,0.5932374,0.6949596,3.9717295,0.489994,0.49247935,1.0364957,4.690525,0.08978769,0.36264837,0.4105736,1.5781953,0.04776501,0.030980192,0.41385645,0.56665105,0.09671624,0.19802043,0.8152329,1.1087232,0.6495238,0.9308721,0.69806695,0.0011539151,0.046719808,0.39180374,0.7956071,0.3523314,1.2898376,1.4052203,0.07511797,0.17890751,0.68231505,0.41631666,0.02802542,0.42709205,1.0368524,0.1689804,0.021714285,0.9354183,0.9741651,1.684986,0.67789924,1.2149388,0.97869354,0.0015596037,0.72251767,0.6223535,1.4576803,0.39417982,0.53287375,0.06172112,0.0896759,0.48598722,1.0879594,0.5448627,0.81800896,0.30938187,0.4554778,0.6193508,0.05515587,1.2581176,0.23655143,0.21782735,0.7470085,0.22259447,0.2863732,1.4669688,0.057331238,0.018265437,1.1183544,0.41860065,0.47590768,0.636883,1.8128012,2.2742162,0.1673907,1.0113949,2.0362685,0.44015962,0.7377543,2.479516,0.2087222,1.4770879,1.2668813,1.0869795,1.0749505,0.6308745,0.19020092,0.47150224,1.9929516,0.067885265,0.001235727,1.7370819,0.28711483,0.08275284,0.22360109,2.1946623,0.66247666,0.26257247,0.45409524,0.0,0.6510809,0.13373402,0.34987012,1.8521848,0.36745188,0.95879596,0.6940755,0.6811252,1.7728812,1.490757,0.3180129,0.11042781,0.01665319,1.2453059,0.8718928,0.03209165,1.0051857,1.2805833,0.046387408,0.19541603,0.50993025,0.69606966,1.9240845,0.5088492,2.2304223,0.031192906,0.81675327,1.0765398,2.111057,1.9549823,0.95713246,0.41529503,1.3115152,2.0838742,0.8231083,1.1487906,1.5929703,0.80237794,0.5814744,0.63251966,3.7792943,1.2852771,0.900928,0.63997763,0.27306178,0.27690715,0.7698831,0.0012378927,0.2012906,0.002848045,0.029448781,2.196442,0.19643554,1.3772136,0.23432684,0.01637705,0.89348805,1.3505546,0.9939804,0.30659688,1.0813301,0.8540263,0.61200434,1.1849298,1.6085638,0.31184494,0.38268787,0.71096224,0.050687905,0.35517272,2.0891972,0.22310928,0.48247683,0.60599536,0.6812691,2.0495112,0.46263173,0.0,2.0299757,2.602993,0.119221844,0.33227965,0.33580926,1.0119035,2.1568859,1.0666054,3.011949,1.9291629,1.4093064,2.1841624,1.1439259,3.008348,0.13246278,0.80245006,1.0777001,0.48366386,0.017136175,0.053525057,0.23118332,0.8860494,0.025366973,0.7397747,0.22271323,0.729484,0.76072615,1.355938,1.1448084,1.0552411,1.6228513,0.037004333,0.020388197,0.052462976,0.7376259,0.9216813,1.2092038,0.16639787,0.33921003,all_pothole_images\pothole_images_new_image_190.jpg
0.2703652,1.234048,0.48102486,1.1695559,1.2656982,0.38305858,0.2358283,0.15823683,0.9699196,1.0686489,1.5156077,0.65725994,0.6886371,0.7579788,0.41442472,1.4427185,0.1873383,0.5727447,0.3962624,1.3129612,0.028999936,0.61457556,1.4320648,1.5462565,0.09838327,0.29121575,0.30178517,0.73470545,0.28449014,0.09991535,1.6861622,0.014016717,0.1143694,2.8089013,0.5061173,0.75823337,1.2117862,0.46804193,1.4657686,0.104295075,1.397344,0.39999795,0.14048813,0.99774075,2.7343552,0.7521588,0.24534711,0.0,1.055791,0.25000483,1.2700582,0.27926573,0.37262827,0.60137784,0.047236145,0.5877245,0.35859978,0.090085596,0.9549434,0.3477644,0.057337113,0.6821849,2.5967915,0.4438453,1.504093,0.07246368,0.67915606,0.3577896,3.6357188,0.09258363,1.0758748,0.9318594,0.34913012,0.7130459,0.79921067,0.923252,0.48881525,0.4847648,0.8755176,1.3824687,0.0,2.402137,0.42013854,2.5330486,0.45657617,0.5402094,0.6570938,0.2380475,1.1973668,0.564001,0.72423583,0.21155982,0.48238155,3.1358855,0.0076609654,0.69374335,1.4520192,0.5865811,1.0384805,0.4895375,0.94559705,1.5526496,0.18253139,0.124787666,0.32556432,0.54635376,2.1959822,0.0011530519,0.7128416,0.38062432,1.2054871,1.1327327,0.21527253,0.9101284,0.5972799,0.63414395,0.9252831,4.588514,1.7340517,0.34121883,1.7261353,1.9325361,1.9100558,1.1308956,1.2575271,0.8487905,0.19076698,0.025786905,0.61669976,0.89468694,1.8061068,0.35565636,0.80988246,0.67324054,0.8134502,1.5506256,0.7146418,0.31929433,2.497509,0.54405934,1.2455925,3.0693433,0.6975764,1.1950645,1.4368632,0.42710486,0.6780618,0.46906614,0.2850677,0.1836126,0.18038508,1.8245479,2.584804,0.25119546,1.0528635,0.56466216,1.3226817,1.52865,0.043126494,0.27046782,0.62633044,0.7349424,0.07701169,6.9773703,2.807944,0.18151736,0.42004094,0.45065513,0.33343077,0.8618879,1.1901087,0.113737844,0.03774797,0.27460286,2.7856917,0.36247447,1.1689022,0.33975607,0.09956155,0.31209156,0.22313386,0.16600984,1.950645,2.6900034,2.4799654,1.6139432,1.4486219,0.34215087,0.13127829,0.37714425,0.9116262,1.4317183,0.342778,1.0062562,1.2421602,0.6733722,0.113366224,0.7726982,0.63210946,1.5653135,0.75743616,1.4412547,0.0053480365,1.3933591,1.8244824,0.13709906,1.4179301,0.10004099,2.8722322,0.3438186,0.18210413,0.64258873,2.1232443,0.0076785474,0.34494182,0.025093773,0.37136614,0.18590453,0.9176504,0.12648362,0.52851075,2.0439606,1.3909119,0.037114367,1.066827,1.162458,1.7192713,0.28469554,1.760639,0.84279686,1.0574,0.7141743,0.4387183,0.009777125,0.4148794,0.070993744,0.14842688,1.9368973,1.2712761,1.5863866,0.8506524,0.5978571,0.034469623,0.19020864,0.4333639,0.30239162,0.92890865,0.19042666,0.5825316,1.2298499,0.21094586,0.40855375,0.68698585,0.17792945,0.6620258,0.38175336,0.744983,0.7150368,0.0,0.961304,2.3980963,2.0804431,1.1878933,1.854175,0.15595202,0.52530783,0.090477005,0.29305843,0.35975972,0.5301888,0.2701347,0.08296294,0.03654047,0.21963403,0.2513547,1.1608698,1.6805792,1.9472108,1.005743,0.81654793,0.35221392,0.4381785,1.9575267,0.5425926,1.868176,1.1187911,0.3843799,1.0817674,1.3043697,0.40366775,0.109903954,0.621011,0.7852143,1.0973442,0.17324997,0.7012925,1.8507248,0.43234825,1.444679,0.622286,1.6924969,0.5491362,1.0458294,0.73610455,2.7719533,0.80184233,1.6236027,1.5735545,0.45939484,0.584912,0.77844393,0.41478887,6.156487,1.7438502,0.36257017,0.40228474,0.767717,0.3208803,0.61318177,1.0395675,1.8483902,0.7377551,1.1191342,0.3781159,0.7509695,1.5863436,0.41841447,3.281811,1.000468,1.6974462,3.4104142,0.5898342,0.28992867,0.24256518,1.09908,0.83539134,0.1660264,0.21336307,0.86312056,0.05902908,0.5458298,1.6496888,0.71502215,0.4132481,0.47529685,0.31588185,0.70287603,0.64138603,0.44067687,1.1022828,0.6184882,0.23105974,0.38432607,0.9353006,0.20935841,0.20170061,0.4224757,1.2063599,0.0401863,0.0,0.2518023,2.6174846,0.42748058,1.496379,0.95756966,0.07904907,1.3394549,1.8827636,1.5119772,1.9456525,1.5553052,1.391032,0.40801534,1.2558005,0.5137645,0.9805776,0.5993229,0.84921694,0.0732394,1.9350792,1.7053813,0.62275285,0.15892096,2.241632,0.87234384,0.012359703,4.0579324,2.170242,0.9898258,1.1888071,1.0806261,1.3688983,0.6740557,0.12862282,0.100927085,0.6992399,0.44303846,1.5256078,1.9365412,0.53024334,1.5069181,0.21907319,0.27688015,0.25798774,2.4918513,0.19259442,1.3572221,3.2017374,0.10409611,0.27933463,0.14001375,0.15651646,0.6234736,1.1921474,0.9009548,0.28233793,0.07113946,1.8850441,0.5409356,0.2367749,0.6283847,1.8483262,1.7906328,0.0074151815,0.95530635,1.9030575,0.6305051,1.5792719,0.3834857,1.904066,1.4988886,1.15796,0.00599406,0.29857168,0.09729668,1.2849112,3.0214462,1.3804439,0.30577892,2.5200438,1.9010956,0.6957698,0.79115295,0.0,0.013747804,1.1100651,1.4097937,0.20849746,0.0,1.8997226,0.489332,0.3782723,2.0432537,0.14806493,0.22943169,0.6776589,0.093936265,0.6025928,1.3629894,0.46647102,0.19459397,0.85550654,0.5905328,2.2109933,0.42605263,0.36540565,0.66717416,0.6415138,0.1924691,1.8327876,1.4310489,1.3177532,3.84035,0.9404725,0.86282706,0.10898741,2.3984995,0.018310804,0.60452807,0.36395076,0.046762295,1.1748788,1.0992996,0.83704907,0.48712668,2.7016585,0.19808534,0.19203779,0.5744735,0.09607032,1.0592246,0.6692908,0.32602268,0.04023199,1.1267759,0.51572645,1.0868404,0.42037043,0.008722851,0.7495914,1.477965,2.614014,1.2094353,0.5460891,0.12033688,0.34068945,0.21406075,1.7017367,0.5757983,0.41545328,0.24399729,0.58688545,all_pothole_images\pothole_images_new_image_191.jpg
1.8049462,1.3964158,0.5126289,1.4237931,0.43967158,0.6074296,1.2765326,0.26504964,0.81962585,0.91661656,0.51110125,1.4272405,0.23634605,1.5002544,1.1091212,0.5562234,0.044600714,0.38238034,0.8267312,0.61442494,2.0087101,1.7789621,0.34758922,0.6083713,2.7717166,0.6436427,0.6637523,3.7666569,0.19298506,0.6330415,0.11592113,0.24470122,1.5742317,1.2191662,0.2540511,0.5399924,0.03604917,1.3416646,0.14621748,1.6819816,0.093909465,0.77164316,0.22540736,0.6949018,0.8900343,1.8892108,0.05168123,0.13583621,1.3323494,1.6636068,0.9077208,0.19732057,0.15582348,0.64356494,0.29026145,2.0633156,1.4401248,0.39495715,1.0061086,0.05791892,0.08208552,0.4567957,0.56433076,0.49363637,0.2420826,2.496708,0.5815559,0.06459223,0.17133778,0.31915966,0.21950172,1.17011,0.3984257,1.3392508,0.5313105,0.81788445,0.40336743,1.495246,0.0,0.33575705,0.37271023,0.09624198,0.48561937,0.6243829,0.413137,0.8121375,0.51684517,1.0525405,3.0787907,0.12207395,0.3539519,0.14317812,0.26069182,0.5464851,0.50651425,0.00715471,0.9580269,0.3896237,0.39530066,1.5154585,0.0039612628,2.1630874,1.1007862,0.35340002,0.19617653,0.7951992,0.8679764,1.1946616,0.2371225,0.2989956,0.3508633,3.6471817,1.9173936,0.18183276,0.5432947,0.46698582,1.0419273,0.14318776,0.9464819,0.9504856,2.2817128,0.048666477,0.09647888,0.9041323,1.4667686,1.1545206,3.8630028,0.065472476,0.7156174,0.25780496,0.19720677,0.053708397,0.033107813,0.23774555,0.8143537,1.4897374,0.81257004,0.77593946,0.94125247,0.16138677,0.26922795,0.63219106,0.0,0.112695485,0.617917,1.5561358,0.2036095,0.739322,1.0325063,0.45259413,0.7814719,0.81300783,0.06458743,0.28660244,1.6922919,0.6776822,1.1588234,0.06865785,0.6791814,1.3996024,1.1471404,0.6142153,0.19983979,1.6837968,0.045319762,2.7297351,0.5532507,0.123075426,1.4789166,0.46939585,0.118579745,0.05299627,0.1636128,0.3183012,0.25205338,0.5660423,0.81606346,0.051046453,0.07079339,0.5238641,0.026281033,1.7410387,1.5604182,0.6431619,1.3365628,0.054800034,0.16869532,1.6945645,0.9865027,0.20485014,0.964429,0.7420075,0.0,1.635782,0.11784644,0.25296,0.9696295,0.7378218,0.6552739,0.24607423,0.474689,1.5239712,0.20549911,1.0912707,0.28635502,0.39272675,0.47651252,0.53108597,0.56118834,0.18277964,0.11962313,0.11059572,0.57343173,0.3874319,0.7531574,2.8590672,0.6745723,0.08096085,0.23281558,1.0510892,1.8120291,0.14169043,1.6072867,0.79270655,0.22057831,1.018732,3.0217988,0.0035869046,0.32178578,1.5969739,0.40881562,0.86658055,0.3521459,0.37290752,0.9875894,0.5141811,1.739973,0.17723033,0.013622379,0.030685969,0.23817179,0.17739302,0.46285933,0.09108502,0.1017295,0.0032185037,0.9392577,0.20854151,1.1561719,2.4625418,2.5904799,0.4659922,1.749293,0.5256204,0.34999824,0.6487377,1.014259,1.1571889,0.10801678,2.5786564,0.11472693,0.11282496,0.28727332,0.65484875,0.7349449,1.7161907,0.49928617,1.2444348,1.8754717,0.21635425,0.6206619,0.05135964,0.15739949,0.25519502,0.81650954,0.23318589,0.117300384,0.81951857,0.6770603,0.3382155,0.09883858,1.2060574,0.4960116,0.6069211,0.2796896,0.47237173,1.9550977,0.15739867,0.9845679,0.3087389,0.44351172,0.32769322,0.6412024,0.92530507,0.18168846,0.55161536,0.21209487,1.178817,0.5266197,1.3232487,0.4797558,1.0392262,0.33917975,0.31078982,3.2779596,1.049329,0.03560486,0.19759797,0.4378084,0.9138846,0.70337844,1.1001633,1.8051188,2.5666976,0.52727735,1.6262325,0.17678471,1.4015875,3.4299688,0.0928142,0.18888177,0.20484479,0.20439868,0.40579456,1.4933838,0.9504969,0.2753257,0.16104402,0.85341924,0.40830845,1.7654574,0.56579506,0.106358126,0.042692743,0.07228819,0.60898566,2.5943687,1.7003331,0.060418352,2.3377237,0.4235009,0.55435306,2.8880494,1.0049286,0.6301281,0.17077236,1.0061197,0.5440072,0.2685157,0.42612585,0.8976821,0.745547,1.0371103,0.7038827,0.73359144,0.006433128,0.115723416,0.9269657,0.4474249,0.76087326,0.39445475,0.08330367,0.4802913,0.745616,0.20971088,0.4034908,0.58656806,1.1067486,0.31030145,0.35987207,0.7503404,0.34907168,0.72476584,0.33815598,0.81786704,0.4863303,0.0,0.42222944,0.61976445,0.31215897,0.9142376,0.038729023,0.96980107,0.72506875,2.8490605,1.1234115,1.6658571,0.0,0.11583662,1.0604985,0.9743833,0.36407033,0.2302443,0.47841763,0.009820787,0.2882298,0.9771538,0.609114,0.7070925,0.9085008,1.4312909,1.6583798,0.35009205,1.3449925,0.035266086,0.8844906,0.5142285,0.5034819,0.50514233,1.559128,0.1670981,0.38597074,0.08995772,3.6720593,0.07963272,0.914792,1.5067583,0.99684626,2.881336,0.2838632,2.4009488,0.63248456,0.33785474,1.7115861,3.4772663,0.0714621,0.19310641,0.8846939,0.57572687,0.18408826,0.6746911,0.2142788,0.23845765,0.50374436,1.6199353,2.716747,0.59124845,0.5102452,0.409986,1.9251661,1.1011245,0.42270404,0.008055705,0.31976718,0.7009174,0.0073841144,0.68163097,0.97598296,0.21033853,0.88217646,0.3301257,0.25030974,1.4163948,0.4417205,2.2263114,0.82760745,1.229761,0.6117187,0.58517873,1.6961448,1.695229,0.7069848,0.9815298,0.801603,0.43272904,0.80636424,0.23236924,0.14210054,0.022268016,1.4903128,0.3722253,1.1007462,0.38628215,0.09838539,1.9306643,0.4983585,0.44727886,1.9273735,0.51245356,0.23907395,1.3467942,2.195455,0.43689832,0.8985785,0.734563,0.12009932,1.3609034,0.6082884,0.3629603,0.023206946,0.06498497,1.0760949,0.8606041,0.8491063,0.19029741,0.06499244,0.04824797,0.12927039,0.48098832,0.21195267,0.5117474,3.422405,1.3519648,1.0436759,1.2263727,1.3572724,0.5338651,0.27092013,0.38910395,0.49167582,0.34060127,0.26864153,all_pothole_images\pothole_images_new_image_192.jpg
1.1214117,2.3652055,0.9281273,0.8973331,0.39458647,0.39610344,0.09188709,0.11573662,0.35966188,0.31205687,0.118295304,1.2622405,1.1023399,1.4656835,0.16529763,0.09622323,0.94367254,0.08794693,0.041235246,0.525539,1.0309577,2.334085,0.27061477,1.6383263,0.3061999,0.04954068,0.429265,0.9444185,0.7793906,1.6021211,2.0241928,0.026954802,0.87627417,0.7559836,0.69221526,0.40934244,0.8730481,3.834949,0.9327128,0.19093026,0.36292145,0.0,0.7846986,2.521707,0.52740824,0.004274832,0.52069324,0.29566097,0.11033643,0.24145103,1.1522621,0.017481398,1.1453824,0.037421916,0.021066334,0.27115276,0.96696496,0.057296753,1.000132,0.011564775,0.023999829,0.022052456,1.3210162,0.22110553,0.096780464,0.30698234,0.25831634,1.042217,0.5805651,0.28444976,0.50244236,1.310614,0.13796468,0.08775747,0.46984017,0.034781024,0.02875589,1.5408235,0.008786591,0.24146664,0.74394107,0.20187467,0.32341883,1.4553347,1.1165031,0.022837244,0.0759701,0.44321954,3.707535,0.0009792362,0.3728517,0.3490307,0.018002132,0.7637033,0.19521649,1.0058728,0.9771742,0.26576263,0.6061454,0.8235571,0.30866435,2.1698987,0.113192365,0.5178618,0.39673862,0.38374484,0.71439654,0.0907354,0.10363329,1.0589174,0.57156456,0.4868356,0.03142122,0.95357287,0.5312352,1.375381,1.7858218,0.297469,0.57850903,0.22946274,0.9799625,0.88872576,0.31178215,0.4253071,0.10651898,0.48552126,0.2772636,0.047677953,1.7929933,1.9521141,1.1640927,0.34547976,0.4761145,0.0026924028,0.19943957,1.031076,0.56887317,0.41131452,2.7466044,0.47482747,0.8535244,0.7824984,0.057830185,4.753417,1.4390053,1.322271,0.7158008,0.40019035,0.17295668,0.8625661,0.22489065,0.52308273,0.5967063,0.05143576,0.5155577,0.97409725,0.43328747,0.005533322,0.6916946,0.55098706,1.9595037,0.94968444,0.08273616,2.6408224,0.39786804,0.0,0.07908784,1.5495671,0.5180406,0.18864028,0.0,0.1316844,0.7321715,0.46359727,0.62959474,0.1014005,2.1413646,0.039041165,0.0,0.52086395,0.9393118,0.96178186,0.92794037,0.660149,1.1013294,0.210595,0.015621913,0.29533947,0.17964676,0.022999313,0.33471972,0.4933962,0.6095412,0.7545454,0.12837018,0.20841244,0.11466879,0.08133588,0.3340106,0.5487447,0.28215602,0.12441442,1.100049,0.3681359,1.1369189,1.5158828,0.66884923,0.529327,0.4910386,0.0,0.042756826,0.0067220773,1.0199983,0.35806084,1.1173002,0.25325915,0.5364619,0.68670243,0.54139894,0.0010169421,2.175367,0.17036517,1.2948807,0.14812733,0.017003942,0.86357677,0.7030239,0.63904846,0.3677718,0.22757371,0.1715154,0.08398768,0.21085867,0.7679856,0.12813559,0.20949478,2.2119734,1.7453815,0.040673453,0.06846103,0.14168586,0.051475562,0.49358055,0.36112276,0.49786568,0.33040643,1.6023164,0.21217784,0.4224678,2.9627898,1.9888066,0.51819885,0.3863762,0.5480612,0.00518602,0.8457578,1.474487,0.43455136,0.634744,1.9482673,2.7709177,1.7083634,0.30683032,0.052355275,0.91455764,0.05616886,0.046288595,0.5573065,0.74267685,3.5964692,0.0,0.01719064,0.07059031,0.044614974,0.2995803,0.44561684,1.381575,1.2180531,1.5274805,0.9769171,0.6737425,0.12737875,0.838792,0.03377237,1.7468619,0.06393821,0.4912754,2.8485231,1.9487547,0.13313729,0.010812037,0.029877722,1.0153483,0.23241977,1.0281278,0.486044,0.6174457,0.8501997,0.5623499,0.9961434,0.6481338,1.1213269,0.31074828,0.1667214,6.2506576,0.0052153976,0.40173918,0.8099622,0.49963742,0.07794014,0.22396407,1.8358719,2.2794013,0.12705238,0.1865583,0.30761698,0.99914885,0.469744,0.7858775,0.38237986,0.07943088,0.020666527,0.10636868,0.7606334,0.10269582,0.47669658,1.7539604,0.92301416,1.7735801,1.1879804,2.6925316,0.43080738,0.074744694,0.439201,0.97361463,0.344719,1.3288234,1.266124,0.3790969,0.07299027,0.70197856,0.42384693,0.85027015,0.412872,0.18768921,0.29127714,0.1771307,0.37318584,1.7651547,1.3810822,0.3614787,1.4646688,0.0007174426,0.35650432,0.21790613,0.05519634,0.95753187,0.16538267,0.060747486,0.10553584,0.12752183,0.6275816,0.18679962,0.30977315,0.0860351,0.0045904573,1.4450014,1.2366577,0.47203514,0.26476213,0.84382427,1.3406659,0.43077317,0.5644583,0.75115407,1.6103634,0.04317373,1.2851809,0.3979601,1.6328442,0.32286906,0.11350333,0.08706691,1.0957309,3.4523382,0.87513685,1.6013149,0.11604209,0.040556137,1.5494162,0.46233794,0.60340995,0.06981192,0.11279316,0.2950642,0.40705377,1.1662219,0.030553676,0.10829396,0.06585802,3.8528326,0.38264903,0.6535238,1.7421005,0.49895898,0.0036138885,0.67733467,0.96213114,0.6337358,0.15545364,0.11766303,0.049852204,0.36954197,1.8493115,0.1598844,0.15801588,0.01780378,2.0247006,0.15974024,0.40510643,1.5642694,0.07557864,0.22820741,1.4365882,1.1466765,0.83977675,0.28469732,2.196624,0.0,1.2432746,0.29269588,0.15935497,0.8545479,0.22864491,0.7630898,2.0962698,0.040182095,0.17862062,0.09694641,0.6946632,2.091221,0.73420244,0.38024387,1.03616,0.20175238,0.7287048,3.5986726,0.14025936,0.583804,1.0117935,1.174317,0.6949861,0.75806034,1.0259835,0.23401633,0.06666482,0.28169516,0.08964889,0.03643038,0.30327305,0.55988395,1.6445625,0.36547968,0.0,0.72448933,0.48016995,0.11725773,0.56914073,0.073455736,0.8751929,0.020720396,1.0551469,2.1196115,0.42678675,0.07807529,0.060449403,0.00035279768,0.13345253,0.5043802,0.3272985,0.07685758,2.0518274,0.25312683,0.67229193,0.03637785,0.2861911,0.85478175,0.032448765,0.84703094,0.0,0.47013667,0.63256896,0.09148292,0.71229935,0.26926744,0.6745113,0.90819395,0.029116519,0.031967424,0.207236,0.9477138,2.994493,0.06747356,0.6937825,0.09105431,0.14612846,0.15409966,0.20476317,0.58455807,0.08088386,0.011431083,0.040465035,all_pothole_images\pothole_images_new_image_193.jpg
0.7303441,0.8914595,0.21517499,0.6798013,0.27207944,0.06764683,0.80146766,0.023423944,2.168759,0.68480784,1.0567077,0.7706431,0.8905454,0.9756418,0.28080168,0.25602025,0.08653411,0.32863975,0.70623344,0.081890024,0.017423194,0.07933198,0.44149202,0.9474767,0.17153887,0.29608348,0.7963565,1.8132417,0.38945633,0.3843038,0.67111725,0.26444587,0.58539647,0.5481258,0.35195404,1.0357167,0.11545303,0.4025793,0.5426776,0.23457947,2.1475291,0.24050078,0.662149,1.2249933,3.356764,0.18246403,0.19731563,0.0,1.9861798,0.34068862,0.85226065,0.36415055,0.5698337,0.7216093,0.98518896,1.0385913,1.729362,0.1427,0.08816464,2.1506653,0.5259436,0.5829364,1.7409655,0.6506395,0.6383592,2.1283448,0.6637731,0.18407749,1.6035982,0.82598925,0.8507759,0.5081245,0.62034005,0.45550516,1.1941384,0.21262436,0.572859,0.2715018,0.1000481,0.65602034,0.06615546,1.3865907,1.5911077,2.1015394,2.6406565,0.52334553,1.2456554,0.6920276,4.226342,2.3815746,0.4427428,4.158156,0.42824444,0.4152635,0.009938063,1.9474151,1.6074072,1.0495918,0.3818816,1.270143,0.025429074,1.6741841,0.45357355,0.9655267,1.6458629,0.53390807,4.0279717,0.32591084,2.2878988,0.11186552,2.37116,3.0838816,0.28544813,0.21449147,1.0095861,0.88398945,1.3112775,0.9418673,0.334461,0.7807394,0.79642594,0.22531751,0.39148816,1.7612253,0.394801,1.1453859,1.0170147,0.8365775,0.75701755,1.2180979,0.3297183,0.46694463,1.276733,0.9885674,0.19637454,1.0324117,0.1474549,0.5334129,1.6275793,1.9209373,0.73578036,0.058771722,1.0311153,0.34693265,0.045151155,1.1042628,0.43526986,0.85581654,1.0916543,0.06613945,0.31509417,0.38450244,1.7155304,0.35664463,0.6383679,0.18545529,0.15927456,1.8598417,0.0045422735,0.67045367,0.70993555,3.622821,0.7782792,1.3950537,0.6756798,0.42898387,1.3786455,0.3283257,0.9787873,2.1621523,0.49292454,0.061004616,0.5798607,0.083408765,0.22875604,0.34820217,0.9248685,1.0893993,0.1677939,0.86748743,0.0055842963,0.98322934,1.0326667,0.6932971,3.1813917,0.66658485,2.4047215,0.9143854,2.0866382,1.3474706,0.28671372,0.23721237,0.85628796,2.1443474,0.28911856,0.5132016,0.5130305,3.1015918,0.15701218,0.60152686,0.031815723,1.3270751,1.4844341,0.88083214,0.5098665,0.8530005,0.41075313,0.0013104525,0.37388256,0.9886699,0.4382359,1.7545003,0.5977743,0.16967468,0.24611588,0.9548656,0.64882433,0.80854774,1.1491761,1.4674735,0.5522647,0.68515396,0.001202175,1.1169255,0.614182,1.2558141,2.5272093,0.47719818,0.4999473,1.8678966,1.8764,0.0,0.49315113,0.65149456,0.16989234,1.641099,0.536697,0.024934763,0.108549386,0.5330376,1.9130785,0.87091714,0.092660315,0.056043386,0.014215737,0.06309989,0.87549794,1.5067344,1.5688726,1.9652939,0.9368809,0.5249998,1.0283083,0.9843586,0.05881912,0.46856236,1.3452929,0.7842072,2.093895,1.5549805,0.5616877,0.19019648,0.13881704,1.0691421,0.621576,2.6531293,0.004599376,1.8682098,1.090291,0.326374,1.2694684,0.3240854,0.13708718,2.0839672,1.7969377,2.0720708,1.2957728,1.0982275,0.17229368,0.23749703,0.64283466,0.8167774,0.327308,2.8547058,0.820896,1.1242667,0.4722708,0.5188518,2.2695138,1.899079,0.38035494,0.72629297,0.12548655,2.7568185,0.32567537,0.13614704,0.7811503,0.20116748,1.3355219,0.40465698,0.117348686,0.13408114,0.12661478,0.41072035,0.670382,0.70302963,0.1546667,0.6394543,0.022003451,1.1476429,0.42884827,0.52694446,2.840545,1.5510999,1.3713055,0.011152217,0.35402694,0.092588775,2.2040436,0.0852548,2.1894388,0.4281375,0.24514478,0.26648727,0.5934881,0.7914181,0.734284,0.0030921085,0.98638153,1.3090379,2.706819,0.7357646,0.0053269644,0.22960736,0.06640129,0.1140441,1.3348248,0.05096092,0.95166636,0.55075514,0.12526277,0.7530297,0.42703262,2.374796,0.60069907,0.14853445,1.3631731,0.36123446,0.2641533,2.3066394,0.4351,1.1359386,0.31614602,0.6456893,0.2611574,0.5487645,0.3248994,0.8229001,1.9597816,1.0960344,0.10339645,0.0,0.9894962,0.4217433,0.07773577,2.2510223,0.71522474,1.2307087,0.34412184,1.4079546,1.3259292,0.20052284,0.19194898,2.1241183,0.8918554,2.9095383,0.9669519,0.27686036,0.71696025,2.920854,0.517607,0.91420245,2.661313,0.7071683,0.9062315,0.50553167,1.2197636,0.3897508,0.16785929,1.4648749,2.9632044,1.1171296,0.42884547,0.25756106,0.49906468,0.5202328,0.5901863,2.2300227,0.3220215,0.24401213,0.28517714,0.45556158,0.4978056,0.56626874,0.27932635,0.6244553,0.73268634,0.8452447,0.6766418,0.583928,0.6234752,1.4988135,0.16995744,0.51111,0.12873553,0.06949115,3.102899,0.16637202,0.56996,0.21234925,1.3997916,0.30717352,1.8437688,1.0247729,1.1813009,0.07870033,1.7133372,2.158325,0.59498024,0.37453485,0.5118045,0.8814687,0.3211794,0.29782954,0.96003425,1.3186911,0.47178173,1.2911649,1.1919935,0.22596636,0.010870386,0.45320708,0.4989303,0.028254226,1.3859186,0.3158831,3.4419606,0.28841695,1.0155993,1.5826048,1.6640561,0.31723163,0.12998194,0.11849032,3.0160599,2.8877118,0.4869577,1.9391252,0.5763146,0.3912721,0.10130272,0.47410637,0.69717276,0.22197787,0.16880883,0.5946376,0.78626484,0.1457043,1.5031852,0.63258106,0.31035334,1.6374589,0.13278437,0.87110317,0.7558521,0.66203105,0.22975403,0.38597846,0.91634816,0.25630197,2.262791,4.1815,0.7474547,0.5861454,0.26887754,1.1558771,1.5220494,2.7895694,0.3671411,0.15904728,1.3538346,3.2342238,0.076582335,0.26214027,0.6623294,0.3599555,0.89388233,1.0979512,1.3710221,1.1157663,0.1397034,1.6197628,0.527332,1.4872442,2.7581096,1.1165712,2.5224023,1.2069159,1.7272354,0.74594826,1.7252058,4.089354,all_pothole_images\pothole_images_new_image_194.jpg
0.23153293,0.48814663,0.008034521,0.408901,0.21952018,0.015947154,0.0,0.034765314,3.263449,0.0011392095,0.0011537829,0.05301486,0.0,0.03137088,0.47531486,0.0,0.0011268095,0.09490301,0.3769202,0.4623592,1.072738,0.058959916,0.101987466,0.23985185,0.6825265,9.161477e-05,0.0,0.39908248,0.033934385,0.11847255,0.06794825,0.10379284,0.005171378,0.34995642,0.17384619,0.0041178484,0.3073573,0.22802107,0.7882338,0.110612206,1.3815186,0.3517309,0.0,0.033297163,1.0315298,0.09140013,0.10492421,0.43679202,0.61672425,0.27773437,0.47520688,0.16660298,0.187778,0.08687011,0.38398525,0.011666887,0.7138138,0.69252145,0.0,0.7131953,0.24916646,0.061226297,0.43887493,0.24187562,0.121171035,0.675995,0.025513165,0.00031541573,0.11683697,0.0054613706,0.27348402,0.8906401,0.006506189,0.0,0.7074051,0.09927901,0.7336782,0.36043128,0.0,0.532129,0.1403708,0.6817419,0.17454983,0.20032859,0.03344428,0.10459309,0.1605482,0.5775749,0.43738136,0.26833737,0.14919882,0.6384968,0.2243178,0.025843326,0.9715383,0.3385301,0.7181984,0.23489319,0.0901868,0.5575793,0.50893676,0.20138581,0.49290305,0.0,2.7301676,0.0692452,0.87766826,0.102482125,0.27245903,0.76273024,0.0423327,0.17889915,0.18478988,0.046314165,0.027871745,0.43515706,0.4461883,0.020668652,0.28570747,0.12019737,0.59311044,0.0,0.115355745,0.37580124,0.4820615,0.39874563,0.0017966601,0.29703066,0.32449955,0.20547664,0.0014111956,0.16523634,0.0,0.56362593,0.033013046,0.063857876,0.073819354,0.09731181,0.13106993,0.08369173,0.19183744,0.91406256,0.4951889,0.4201649,0.062724024,0.02523855,0.2074549,0.30557257,0.057372686,0.19146922,0.12497556,0.020183217,0.06541289,0.8618286,0.45061475,0.004975633,0.11805252,0.0,0.09949303,2.0402956,0.88560516,0.2793402,0.61811876,1.0989661,0.575735,0.39837816,0.8111125,0.03383472,2.3814526,0.98287123,0.2425892,0.09559619,0.17014503,0.0,0.36173108,0.6135835,0.0020920266,0.0010254412,0.31968436,0.507148,0.0749775,0.6762388,1.0628552,0.3789842,2.525614,1.7150041,0.17083682,0.42870364,0.007438909,0.14710273,0.003154187,0.2229729,0.3158406,1.0493983,0.56618005,0.0,1.1324346,0.45800874,0.7162433,0.08839388,0.30342615,0.034300633,0.2120933,0.1603802,0.10472686,0.013985578,0.10127164,0.14071989,0.44842574,1.0674945,0.0,0.6317622,0.0,0.04499081,1.1441777,0.5936137,0.06272451,0.00041774134,0.40866947,1.3079709,0.035076056,0.22319365,0.587174,0.16834272,0.0,0.98863703,0.31364775,0.06444827,2.557196,0.16828625,0.19518311,0.07779849,0.00859107,0.0009132018,0.089620985,0.018336218,0.69653654,0.0,0.0021576076,0.5263948,0.2509288,0.44633225,0.1923424,0.25846657,0.1541024,0.5174509,0.34817573,0.7174103,0.0103667,2.0313623,0.5061235,0.6201897,0.119857915,0.035491396,0.4270165,0.0,0.5752456,0.054329824,0.04063393,0.030748537,0.08220822,0.034043916,0.73177445,0.13619365,0.050502054,0.5574664,0.0,0.063202634,1.1921281,0.27047008,0.0,0.12246161,1.1126171,0.020347945,0.19841467,1.9692008,0.9518337,1.159482,0.23318052,0.11248384,0.074688256,0.64384186,0.26012376,0.28805935,0.0,1.193545,0.65047646,0.12477269,0.00082418474,0.20486274,0.09371468,0.39674833,0.0,0.093402974,0.017782008,0.01235966,0.13360815,0.29468974,0.05750226,1.3926992,2.1308725,0.398803,0.17313004,0.7025111,1.1359051,0.0,0.5451031,0.12123048,0.3221628,1.0486996,0.04693356,0.44927037,0.49992505,3.2993536,0.12620951,0.017592417,0.09300891,0.7041017,1.186258,0.31110534,0.4342737,0.006212643,0.013428462,0.17215051,0.3637016,0.64107555,0.8611621,0.0,0.0,0.37580794,0.9635544,0.10403107,0.08158267,0.14587535,0.6628901,0.042749994,0.68900514,0.0,0.114619166,1.2142665,0.0077906568,0.045761153,2.2845643,2.6042745,1.4535288,0.04060766,0.6144352,0.20306683,1.0482782,0.45075366,0.0,0.0,0.012425921,0.062354427,0.019237505,0.14983284,0.03664887,0.83990204,0.12274218,0.8340622,0.20435011,0.670266,1.567055,0.0053568194,0.9939261,0.0,0.23108019,0.34919745,0.019439599,0.16430461,0.13081634,0.0091356365,0.05578464,0.2814255,0.11509047,0.2569208,0.13454829,0.058130167,0.28638318,0.89337593,0.0010482331,0.05775287,0.23222917,0.30193114,0.14632413,0.6284431,0.2811326,0.021206962,0.0,0.21533734,0.33537424,0.2138929,0.073440455,0.42039272,0.0,0.13339576,0.33839187,0.15863192,0.11324676,0.9673536,1.0891012,0.41813692,0.08224227,0.105442606,0.6510708,0.027434612,0.23962538,0.0053011994,1.0983293,0.2548104,0.64206254,0.37441522,0.04213794,0.0,0.29089794,0.09303972,0.9918695,1.0727106,0.08153222,0.14691973,0.36305097,0.25091773,0.10592222,0.33399066,1.0449544,0.0,0.9694919,0.5775396,0.39431587,0.70346856,0.5912775,0.070454195,0.10910643,0.0013119843,0.29637945,1.1474397,0.6710682,0.3225778,1.2178142,0.16592734,0.15119109,0.1799646,0.012840164,0.006009839,0.00051265286,0.08869518,0.04678447,0.013764425,0.43720946,0.59648067,0.21149722,0.013132191,0.0,0.07791149,1.2725083,0.8886137,0.120385244,0.23000586,0.058453973,1.2649639,0.18379265,0.26588112,1.2967384,0.1586209,0.020696282,0.069862954,0.29713133,0.0,0.32224697,0.2745827,0.81577456,0.0032795428,0.39069775,0.25232306,0.1811467,1.1946782,0.034496203,0.34749144,0.05893118,0.0528236,0.53784186,0.4919749,0.12315401,0.059230473,0.5777781,0.13489872,0.08200509,0.30446342,0.30659243,0.12191671,0.0,1.3767613,0.05105539,0.026815705,0.0,0.0,0.4280974,0.07389102,0.009916241,0.12687221,0.0,0.56510085,0.5472766,0.29076654,0.38006392,5.3522468,0.98271346,0.28786138,0.41421396,1.3112309,0.3827192,0.26429078,all_pothole_images\pothole_images_new_image_195.jpg
0.07579708,1.0025502,0.73842496,1.7587011,0.46045512,0.033779357,0.39316177,0.0061114132,0.60795987,1.6647843,0.2680115,0.21748476,0.25470307,0.86285555,0.038620792,0.43537915,0.19881496,1.4583806,0.16537781,0.21226406,0.09897481,0.7982785,1.0403148,2.441186,1.214796,0.0,0.08653475,1.3345536,0.14785899,0.60952276,0.30285725,0.3122378,0.25603482,1.0219039,0.38713217,0.61932945,0.0,0.28721383,0.049009975,0.52477056,0.0071254224,0.20142393,0.5547153,1.0748761,1.1636312,0.14838108,0.25073177,0.005790653,1.2069325,0.4111845,0.047479432,1.4847695,0.8994495,0.12702884,0.8741765,0.6189006,1.8912821,0.91449547,0.22771387,1.3397105,0.0033922645,0.3635164,0.6503977,0.7853442,0.122300915,1.0388072,0.35118967,0.0510185,0.28874236,0.14384034,0.15246342,0.2027122,0.28610635,0.20068164,1.2612104,0.79350597,0.01599604,0.3484683,0.003920277,0.01700898,0.375454,0.3918611,0.019893384,1.01344,0.17297433,0.040114217,0.42809638,0.071058206,1.8403256,0.2981931,0.0943301,0.76416445,0.30811918,1.6949705,0.5633976,0.10476085,0.4829421,1.5921532,0.0064860648,0.08125836,0.1117394,0.97226435,0.094395556,0.18011038,2.2729087,0.7258441,0.63749367,0.024730535,0.14509098,1.5007629,0.7649128,1.9185969,0.16512915,1.240416,0.22884656,0.5169475,0.12698327,0.13627896,1.3816657,1.5383362,3.7438776,0.4014953,7.1302835e-05,3.1136672,2.6163893,0.3905752,0.15662569,0.09662183,1.4595919,1.041868,1.0420986,0.0,0.003692832,0.5435909,1.0036366,0.18162921,0.3136142,0.21088105,0.12988314,0.36644349,0.23737185,2.4941807,1.0565746,1.0629109,0.51281685,0.06564063,0.32379627,1.6764481,0.7601385,0.05730081,0.19690125,0.01835293,0.3199978,0.39023894,1.6038662,0.27083218,0.4037729,1.3323025,0.15938428,1.2126266,2.884191,1.8729254,0.32108876,1.439938,0.11148906,0.42330247,0.77747697,0.102835715,2.646171,1.8620466,0.1637988,0.018184444,0.06682446,0.031090887,1.645401,0.20056032,0.67502904,0.021797594,0.07256053,0.24564153,0.005970377,1.9730296,2.8538237,1.8733963,2.0630674,2.349694,0.05498337,0.25349915,1.2357906,1.793784,0.2959952,2.8949187,0.19558455,2.9925723,0.7882447,0.068447694,0.89870507,2.49924,0.073729485,0.22919607,0.13696969,0.41442737,0.62976927,0.35603085,0.601754,0.14542337,0.054991093,0.22003824,2.4008996,0.50269556,0.21103644,0.12370641,0.23802885,0.8038936,0.32792974,0.39951673,0.53237057,0.17365076,0.9645183,0.26436314,0.34094417,0.21267816,0.5892744,0.7181745,0.013377595,0.007827198,0.58554035,0.09851597,1.936599,0.2072244,0.12000276,0.0,0.3364472,0.7732497,0.79440975,0.07357665,0.12919828,0.15734005,0.42454574,0.664663,0.3839365,0.97232956,0.62763506,0.5012947,0.078886755,0.0006846886,0.7885867,0.95082426,0.27338418,5.22401,1.3843654,0.19669649,0.5267414,0.008842311,0.12431271,0.33856443,0.6041656,0.0757385,0.8514694,0.8312069,0.4713923,0.62948513,0.70358187,0.15175606,0.043490425,0.9380679,0.12845123,0.30470538,1.7385204,0.18330574,0.32214406,0.10251744,1.5053817,0.17019318,0.7805922,1.7053299,0.021299036,0.58647484,0.52633595,0.35974377,0.14326896,0.1377559,1.2726109,0.001643543,0.21119376,1.2586977,0.3875907,1.3501145,0.09092633,0.1860088,0.22732677,0.4007873,0.3021144,1.2888649,0.9459684,0.7810772,0.48480058,0.7568579,0.30425048,2.577705,1.2736531,1.6397011,0.0,0.4815986,2.67964,0.0,0.42165068,0.0,0.13776124,0.4511054,0.64397985,0.31927902,2.841145,1.4922857,0.123560846,1.2416862,0.0013286939,0.4961964,3.1507802,0.8189701,2.0114746,0.32273522,0.42992434,0.86476064,0.19586855,0.020074297,0.54916584,0.0665408,0.50131553,0.43712807,2.1778538,0.003313955,0.12796573,0.042050708,1.123868,0.034640092,1.7659227,0.30149984,0.18051316,0.19060497,0.7272889,0.9989305,3.8966548,1.9798367,1.7272127,0.05829525,0.17995761,0.13086562,0.68039346,0.26535097,0.030155113,0.20867771,0.12211456,0.44827437,0.14370064,0.5060848,0.0,0.09533734,0.8038674,0.7252943,1.0894264,0.046233322,0.42077428,0.30767176,0.02111883,0.53738785,0.53780174,0.51192176,0.118083544,1.5880284,0.14721723,0.25344634,0.52221274,0.030185264,0.5884667,0.7770953,0.4203175,0.8540246,1.1752009,0.9848519,0.058238357,0.10787209,0.30388227,0.69073194,0.8944492,0.24024607,0.020143444,1.361145,0.0,0.46262464,0.19582592,1.7845684,0.9181117,0.0813422,0.0053528603,0.8625186,0.5322198,2.1232855,0.3787795,0.55947304,0.16910967,2.650038,0.41698572,0.109478615,0.1602598,0.016876042,0.044722516,0.49646267,1.0852865,0.030563636,0.082646444,1.6054535,0.39387137,0.027620789,0.30428937,0.011267675,2.056827,0.016948717,0.07921808,0.4624189,0.76214784,0.55970144,1.1073066,2.1963277,1.3546628,0.17354377,2.8073893,0.36274695,0.063415274,0.7873368,0.28753704,0.7211685,0.1408203,0.29566222,0.05824042,2.614875,2.0466435,0.8640387,1.2973293,0.34511644,0.27663374,0.72757846,1.2154387,0.06978383,0.0055540144,0.04118492,0.22086753,0.42726964,0.0,1.4991127,2.5888555,0.07150736,0.7076414,0.4156702,1.0232594,2.0763237,0.36079282,0.09818196,0.046390574,1.1298256,0.19430713,0.19450827,1.1224508,0.5999482,0.22688314,0.12043331,0.43981263,0.0,0.16002297,0.47009012,0.7571763,0.38471845,0.045033455,0.23414405,0.34396538,0.37958437,0.58029974,0.75373566,0.4771623,0.0,1.3511283,0.48693457,1.2907202,0.83786356,0.097173706,1.5154034,0.20337641,0.003898163,0.66381234,0.07375678,0.037094228,2.5725853,0.04579025,0.0070527107,0.0,0.033646278,0.51096225,0.009697851,0.0767141,0.36767948,0.90136236,2.5860453,2.4407525,0.16733548,0.15545934,3.3155577,0.40767232,0.95333534,1.2915789,1.0052072,0.5652778,0.003406018,all_pothole_images\pothole_images_new_image_196.jpg
0.32544166,0.53352326,0.050620254,2.290631,0.99929714,0.36959317,0.46436292,0.00083489565,0.77551043,0.36941084,0.33345145,0.8395008,0.0,4.0451336,1.6960762,0.053971123,0.19890614,1.6976601,2.564626,0.28577185,1.0507338,0.9676165,0.0056141512,0.44649187,1.0967333,0.6090381,3.409415,2.9220014,0.41953272,0.2569089,1.3995017,0.06295226,0.39456698,0.08691827,0.16741946,0.9811082,0.38646463,1.9657499,0.03621351,0.44487208,0.12889206,0.032503642,0.68608123,5.2870975,0.0735594,0.3541965,0.24614385,0.25016877,0.10951075,0.49776572,0.30845582,0.6435457,0.546504,0.027720986,0.17467892,2.1927972,2.4740086,0.5341703,0.19925398,0.05667372,0.63801944,0.7324312,0.44593027,0.28753942,0.56316245,2.4643903,0.39788964,0.0015311535,0.005308704,1.2363565,0.3003924,0.62162066,0.5508113,0.082551844,0.34447542,0.10462192,0.13570161,1.5643891,0.12540895,0.47250187,0.21710615,0.020637814,0.10778723,1.681886,0.08722388,0.0,0.088607915,0.02315756,2.6008828,0.05302763,1.0465738,0.0,0.20578188,0.014010807,0.03278955,0.008953353,0.19912723,1.1250106,2.2238286,0.14733416,0.17579317,3.1119812,0.0018492645,1.3680328,0.49096087,0.44662654,0.53281015,0.10704811,1.2607898,0.15178856,0.0,1.0731032,0.48277885,0.009110246,0.14949578,0.69120973,0.7260952,0.51440626,1.9330391,1.6723915,2.7989874,0.66117,0.145298,2.026129,1.346012,0.036384046,0.96962535,0.7715124,2.9416819,0.43134972,0.07017211,0.061464876,0.38369444,0.043622248,0.21714854,0.4237087,0.86807173,1.2846119,0.57768077,0.25183505,0.8288493,0.18899949,0.19956082,0.095322244,1.0454113,0.43529874,0.21502748,0.48440224,0.21798249,0.17775607,0.8524034,0.47911072,0.0,0.4847949,2.267726,1.2321782,0.3853007,0.44780877,1.2021693,0.93072575,1.4378567,1.5175878,0.12774095,1.1354171,0.5463736,0.052552987,0.6598523,0.4740761,0.66923535,2.0325491,0.0100726755,0.09870056,0.009357623,0.041083276,0.40717688,0.33246458,0.5664782,0.30956054,0.11109747,0.2612937,0.0,3.9335134,2.121542,1.7007798,0.35568345,2.9441671,0.071299344,0.44350642,0.021783927,0.25371704,0.08361679,0.40643916,0.42767817,1.1693846,0.03679859,0.47952035,0.607002,0.29733068,0.066689044,1.27714,0.95590603,0.12000447,0.09520712,1.3159162,0.3686325,0.08364955,1.1407177,1.2455941,0.31927535,0.7234802,0.034849852,0.05157346,1.6632681,0.34859332,3.2146032,3.350186,0.9433825,0.25374463,0.13946132,0.43948737,1.3903735,0.10958514,1.2797279,0.06348185,0.14746296,0.20770696,0.8848507,0.86030376,0.03685034,0.87036115,0.85052705,0.03885501,0.08502198,0.44002756,1.4673306,0.16224752,2.4461033,0.15093888,0.23806486,0.49818617,0.28755778,0.6422771,0.94479215,0.46978402,0.8781578,0.5364639,0.42542872,0.0048455535,1.8257381,3.5074332,3.8124077,0.53995144,0.21048236,1.4387034,1.2434125,0.14922878,0.58807397,1.327041,0.48010203,1.0220132,1.3234885,0.24431197,0.8389542,0.02854571,0.4757857,0.45625687,0.8813594,1.1481303,0.17094734,0.0063570957,0.19942674,0.010925998,1.4718797,0.019035274,2.0022998,0.22867039,0.0,0.39864072,0.39473388,0.41951045,1.7115268,0.00717152,1.084921,0.4429755,0.71571517,2.6808426,1.0008541,0.42056006,1.9355283,0.008555563,0.0,0.08622878,0.22414514,2.1666656,0.09571674,0.6220576,0.1380371,0.24027053,0.09327599,3.7215576,1.086176,0.6346782,0.16590427,0.3559226,5.8002243,0.23964266,0.10251703,0.073539525,0.24168213,0.34649894,0.67725664,2.0620596,0.7499555,1.6573547,0.46603978,0.74362135,0.09779315,2.591377,3.1060286,0.56806725,0.15613316,0.0,0.91020405,1.4959834,0.1287918,0.7448298,2.1844456,0.041326687,1.2742548,0.30887783,1.7140324,0.21644841,0.23908451,0.8590475,0.18964313,0.16985035,1.9420576,2.393704,1.743945,0.5235777,0.460381,1.0837061,0.96535355,1.1967201,1.9078436,0.21072009,0.24481875,1.0076542,0.53801,0.016383342,1.4484764,0.2545424,0.66653234,1.2898002,0.049352206,0.13483931,0.041740287,0.16102624,0.7862544,0.39867848,0.110960424,0.42500576,0.6315139,1.185343,0.041983716,0.26918653,0.65877086,0.56776124,0.6583693,0.5595813,0.7281816,0.9015245,0.39223015,0.0,0.37270945,0.09011267,2.1286297,0.0,0.9073894,0.9161785,0.66219175,0.27907,0.019360855,0.44275454,2.3875463,1.225669,0.15380721,0.09635077,0.0,1.4733367,1.6040795,0.019810792,0.8798305,0.019464904,0.06034516,0.36140913,2.973345,0.40009433,0.016749142,0.05893394,0.25916612,0.6407778,0.26888254,1.7922761,0.4470566,0.4733742,0.084363155,0.40306962,1.112533,0.10812858,0.48977503,0.5528393,0.1993892,1.3573838,0.74236983,0.359269,0.8852664,1.6210022,0.4191038,0.01479826,3.6197717,0.0968395,0.4314897,3.940727,2.2141788,1.3694475,2.607012,0.659095,0.15459977,0.27140814,0.6172025,8.4126776e-05,0.08396206,0.28461024,0.3798034,3.0353234,0.22133741,0.07958376,0.16983137,0.14477228,1.0069398,0.0,0.10609778,0.48213568,0.24246451,0.0,0.44985393,1.4874405,0.1813771,1.2805218,2.6316633,0.03222826,0.010548241,0.35796526,0.44248846,1.0213727,0.369811,0.41916645,0.19322424,1.3669266,2.6308217,0.1950835,1.3723884,0.04073904,0.315425,0.050412156,0.06717952,0.052736096,0.5588414,2.3228667,1.1424006,0.55236,0.33128592,0.41868648,1.6898861,0.38592172,0.003323865,2.566735,0.9151791,0.045657776,0.37645283,2.81637,0.559593,1.4064592,0.21433671,0.1456339,0.14689791,0.14571784,2.5825868,0.13716564,0.0025223482,0.99482244,0.48575428,0.0,0.016855437,0.054602925,0.010367092,0.025197295,0.053871997,0.8634359,0.11347959,2.4551733,1.1593654,0.10902014,1.2682598,2.8429098,1.1808788,0.7991653,0.011411759,0.112127826,0.060668953,0.096723415,all_pothole_images\pothole_images_new_image_197.jpg
2.0038848,0.11579324,0.0,0.0,0.42348745,0.9300786,1.9850701,1.6802099,1.0622619,1.2262455,0.2064683,0.2208374,0.9706493,0.6665369,0.49764866,0.16949669,1.5079002,0.017837605,0.06425649,0.08105746,1.3140502,0.4272209,1.2795961,4.2851205,0.7842984,0.47508878,1.418273,2.1453266,0.19107623,0.32497677,0.28544477,0.31371632,0.03464845,0.5337045,0.34436062,2.568082,0.22606407,1.0540459,0.0,0.6826144,0.15476736,1.8835424,0.42224175,0.015937574,0.003169056,0.59036183,1.7098731,1.369328,2.0450506,0.005069399,1.7926058,0.48022616,1.8348476,0.023729742,2.2480671,0.8552789,2.8865767,1.5604346,0.6069683,1.5065451,0.2982662,0.56954306,1.6403534,1.8649931,0.82452023,0.29773387,0.24014175,0.43986425,0.037295498,0.07250554,0.98542535,0.36637256,1.1179979,2.03403,0.53417647,0.19553886,0.7856204,1.3866359,0.20573978,4.3068094,0.084712245,0.9450466,0.9714163,0.94442445,1.050025,0.97553253,0.035413492,0.53158385,2.6772628,0.60111135,1.6527438,0.65663743,1.8388201,0.41414237,1.0995033,0.79763824,0.17332238,1.3563718,0.016641997,0.34369683,0.20665811,4.5711446,0.17821063,0.79497975,1.5422668,0.0882914,0.2719048,1.2237206,1.837869,0.55912715,1.5583248,0.2714492,1.0426583,0.16438694,0.12139092,1.7274686,1.652827,0.23747122,0.032875534,1.2424383,0.39105484,0.931,0.6390278,4.206515,0.9618969,1.7085259,0.08046703,0.27932554,1.6709458,0.2629718,0.19185722,0.06337457,0.41985133,0.03108357,2.1352787,1.9550136,0.10776072,2.39239,0.0,1.8305272,0.29031742,2.293377,0.9722363,0.31798422,0.1356491,2.6271324,0.065687284,0.39469215,0.04850382,0.32419273,0.26924798,0.10466064,2.0987449,0.63533777,2.4200556,0.9915904,0.2555287,0.49892095,0.013066022,1.0577021,1.3369552,0.3302128,0.02665423,0.10055003,0.9152933,0.0,0.66910744,0.35306603,0.24359979,1.14389,2.140845,2.042999,1.3164679,0.12663367,1.1144783,0.22553726,0.7672844,0.2330374,1.4014621,0.02868071,1.299884,0.8193813,5.2319217,0.35366154,3.9574845,0.06311478,0.33950478,0.6279403,1.0363411,0.07513828,1.464523,0.3831092,0.7651268,2.173009,1.6780578,0.72266746,1.5579036,1.3110882,0.155449,2.8233306,0.4649711,1.115678,0.049580883,1.2414787,1.8762375,1.5129619,0.92470473,0.16785483,0.13454548,0.71260834,0.28774366,0.6972891,0.102446854,0.16147141,0.32081866,0.3449491,1.6159217,0.13319382,0.12464773,2.0461242,0.07409393,0.050040454,0.339325,1.272229,0.17057656,0.2677572,3.1107519,0.7929637,0.04858861,1.2628318,0.8939166,0.5260954,1.0593002,1.036529,2.8462963,1.7408799,1.0676786,0.14847855,1.0674577,1.5981324,0.034917686,0.43364528,1.1238773,0.5677038,0.19775645,0.034537155,0.38872325,0.6083353,1.077288,3.7598476,0.25658613,0.47192973,0.22770114,0.8146935,3.9830678,0.26673487,0.40921432,0.0024151881,3.3890939,1.8210571,0.24034332,1.1838236,0.024421355,0.29846475,0.43413854,0.9252426,1.4101971,1.9549415,0.19570193,0.8452278,1.0709431,0.26819807,2.6694026,2.7723749,2.1742883,0.41376296,0.13171361,0.9088501,1.7725333,0.45778593,1.3401866,0.73278934,0.95481926,0.48111445,0.50863063,0.0,0.6260445,1.2517463,0.29864755,0.0,2.6589303,1.955143,0.9525819,2.6795633,0.5332536,1.1344208,0.73670816,0.020355685,1.8212343,5.0059094,0.0011546656,0.10447872,0.0,0.23528044,0.67255783,3.3110998,0.39881822,0.13712968,0.532208,1.3571926,0.010820115,0.71267045,2.0199842,2.496819,0.17020506,0.46167555,1.525575,1.006458,4.51929,2.276914,1.2608975,0.4631484,1.8255205,0.06111311,1.9775254,1.8221385,0.7978077,1.1341218,0.3020102,0.5550957,2.5537658,0.19150639,0.27940196,0.54340184,0.022016333,1.0535568,0.34336182,0.50485355,1.8871522,3.6576164,2.3372917,0.17895132,0.17282054,0.99485207,0.90735614,0.112377554,0.05608119,0.2440273,0.018960118,0.83195955,0.70630085,2.3515487,1.3503252,5.0124683,1.8487538,0.033883378,0.3543455,0.34751323,0.6106257,0.15347065,1.0944791,0.15885514,0.54775196,2.3864193,0.0009840435,1.21857,0.0153061,2.3207145,0.28828546,0.37316176,0.0,1.35687,0.8108224,0.35663253,3.528298,0.7750585,0.48738256,0.38152236,0.4202898,1.2301017,0.07863169,0.16320664,1.0633334,0.1272459,5.0294447,1.5721121,2.4316711,3.602172,0.18338257,2.4163742,0.07664043,0.5752642,0.0030751338,0.22109868,0.2316434,2.4204388,0.03567366,0.5445344,0.14246339,0.098796,0.0,0.64618003,0.48667124,0.16546364,0.004741313,1.9577446,0.25098616,1.0679688,0.27253392,3.5279982,0.09427983,0.3039147,0.16520838,0.0,0.57685065,0.008189152,4.288326,2.8983064,1.0096534,0.6293376,0.036528807,1.9922832,2.1178582,0.40625283,0.51521194,1.3541368,3.3735244,0.28996137,0.59047455,0.9078207,0.1458021,0.18033983,0.0,0.049830757,0.38546816,2.0567315,1.9415019,1.267206,3.8825095,0.026110176,1.1405406,0.108945556,1.437576,0.114040546,0.3166793,0.6779336,0.42589965,1.476062,0.8915121,3.274057,0.19251375,0.6877597,0.0,0.0,0.63495773,0.7943921,0.6069566,2.1499765,0.080498636,0.28626105,0.120868534,0.09800222,2.7035272,0.48509878,0.2685937,0.65706766,0.9063238,0.38167107,0.05883527,0.48426545,0.9153021,0.06615525,1.0541238,1.2147404,0.6862849,0.73755354,0.09125716,2.5358992,0.023432707,0.61120844,1.9364321,2.8056865,0.5755167,1.0549148,0.7404493,0.25506902,1.2807294,0.83935887,0.7345503,0.0,0.42368984,1.5464913,0.8044563,0.56934047,0.092381805,0.06972507,0.5725441,0.093190365,0.44310826,0.17173113,0.30055222,1.7308909,0.2544797,2.874381,2.017697,0.2208116,0.90341914,2.987073,0.16468722,0.8697659,1.4754351,0.5460428,all_pothole_images\pothole_images_new_image_198.jpg
2.152603,0.73911923,0.068314865,1.699131,0.51017886,1.602283,0.856272,0.034840193,0.05981385,0.15850456,0.51170886,0.682364,0.9461543,1.2488211,0.54093164,0.22483034,0.19649719,0.39223024,0.15067898,0.0027982781,0.52314544,2.0089095,1.3818303,0.9217901,0.6431071,0.3716383,0.044787124,1.9141152,0.19060606,0.36668593,0.786221,0.44236097,0.5516154,0.86505175,0.26650146,0.69896024,0.60233355,1.0692207,0.2786375,0.45816544,0.0,0.37166283,0.22449006,0.74903697,0.2999734,0.5186588,0.21846224,0.003192363,0.55832845,1.9186796,1.4647282,0.26536,0.3845931,0.37702832,0.34475356,1.8802692,2.3659127,0.42520267,0.9767451,0.09479139,0.27258113,0.38334242,1.0959471,0.8090877,2.1394548,0.79194516,0.42541713,0.30669975,2.5874562,0.94110286,0.9357865,0.17526159,0.45952535,0.14734302,0.8783722,0.7593489,0.110332906,0.6050229,0.31326872,0.16381232,0.26715916,0.5013296,0.5562393,1.0417824,1.1520454,0.45572528,0.0008255651,0.5043558,1.585261,0.42316642,1.11801,0.65195465,0.4902551,0.4236021,0.15071906,0.26622796,1.1402303,0.9938655,0.3298402,1.5492214,0.5126434,1.375706,0.67757225,0.3477777,1.2499689,0.4268804,0.19409423,0.52542657,0.12100161,0.5589742,1.225086,1.1228476,1.0330607,1.0077593,0.6519708,0.5151251,2.7087526,0.7099345,2.4692698,1.7792227,1.5568671,0.8629744,0.64943236,1.29993,0.35262668,0.90191615,0.29360527,2.1819153,1.0415646,0.60297436,0.717647,0.00071153406,0.46302903,0.603996,0.015123469,0.9625448,0.6611834,1.7142794,0.17394017,0.86446786,1.0687146,0.18494734,0.38562575,1.203264,0.00887562,1.2619172,0.038531896,0.5562745,1.0573726,0.26011533,0.7686565,0.8563357,0.39728913,0.21972793,1.4292928,0.91904694,1.4022659,0.4140993,0.87627333,1.0604594,2.017885,0.5486341,0.0013108253,2.5658085,0.22988111,1.3361391,0.6241811,0.20154037,2.43695,0.0,0.36100936,0.032130685,0.014591797,0.35910684,1.1013631,0.50013924,0.16527502,0.00240792,0.33128637,0.124354966,0.054685418,1.9294703,0.75957984,0.40526283,1.6618677,0.89560425,0.12369255,1.127599,0.41685912,0.66528356,0.19682138,0.30930272,0.28484833,2.2233498,0.0,0.857723,0.9271895,1.041949,0.40492967,0.55922025,0.67924905,2.5053957,1.0003957,0.93227667,1.2627332,1.0372658,0.5851449,0.8447602,1.0364367,0.9495444,0.5151736,0.18632618,0.3075283,0.7881631,1.2081465,0.87125736,1.8507544,0.58495027,0.2036044,0.16849339,0.43352666,0.7935008,0.63660604,0.58897805,0.054516863,1.007047,2.2463017,0.12826292,0.6793809,0.003717926,0.3228908,0.3480458,0.5649939,0.4637032,1.0717745,0.1902148,2.635179,0.118394315,0.0866783,0.19643714,1.3164523,0.46201584,0.35306412,0.73234046,0.107069276,0.017262187,0.54667175,1.7897656,0.93305033,3.4418256,1.9905411,0.07542462,1.361126,0.07663907,0.5070315,0.6444896,0.77382034,0.0059577585,0.15853083,2.2912378,0.29179895,0.9731865,0.35324854,0.8942228,0.7541837,0.7249231,0.011758037,1.4630916,0.7920901,0.1999098,0.26191163,0.45657712,0.14116661,0.25131717,1.76809,0.78266996,1.0433301,0.32576603,0.95635504,0.52946734,0.6778402,0.8840307,0.120463856,1.0238711,0.4126772,0.9222974,0.55902576,0.14244252,0.7644066,0.8980694,1.1522045,0.17753686,0.40627685,2.8364267,0.113783546,0.13357854,0.70955276,1.269018,0.109916516,0.44806787,0.5690334,0.58698475,0.00027684396,0.37032598,3.3528209,1.214649,0.012630026,0.9138353,0.0074765845,0.28079668,0.8429352,1.9493754,2.535703,1.289974,0.310621,0.59723496,0.1585901,1.7210242,1.8022153,0.084651984,1.1863298,0.013182944,0.012342537,0.3212626,0.7530942,0.36790973,1.6495339,0.11012791,0.890132,0.21567224,2.134477,0.45218942,0.05269149,0.10307977,0.002954246,0.22869335,0.5238813,0.2417709,0.7444629,0.08092042,0.5337369,0.20146713,1.4633256,0.46853727,0.34690276,0.47663856,0.69923615,0.07341705,0.7909087,1.0234131,0.7144735,2.443342,0.72118795,0.41032112,0.16542017,0.06640443,0.7667537,2.0838962,0.9314334,0.42814833,0.45728296,0.15673622,1.8277339,0.18485092,0.015818931,0.043395743,2.4959402,0.3701384,0.4551705,0.5983107,1.1146216,0.47689608,0.62043405,0.16348344,1.1350166,1.602774,0.31253102,0.9601448,1.1767912,0.8609664,0.22642447,0.0047647655,0.301799,0.21708909,2.690182,0.9752228,1.5934068,0.10987231,0.051218152,1.0267258,0.19033623,2.1505394,0.38635394,0.95335895,0.40589365,0.27223462,0.52112234,0.9488966,0.4916335,1.4177704,2.6425593,0.518496,0.8168936,0.56600904,0.73127633,0.7591001,0.790286,0.098778404,0.0016119746,0.5351463,0.6992463,0.64289397,0.56238925,0.32520008,0.6433942,0.8662738,1.2365165,0.44891632,0.809765,0.011584566,1.2801971,0.60036355,0.95156235,1.6524061,2.4739192,0.67955476,2.0679522,0.60591084,0.5463823,1.493561,0.32734373,1.2536902,0.28349227,0.2004391,0.0356142,2.7795596,0.67994016,1.1734488,0.20109126,1.6746225,0.33357608,0.3538394,0.7425344,1.4339945,0.2295296,0.5285704,0.48734486,0.54007757,1.3489158,0.5890029,1.2187195,0.6960093,0.53931034,0.7304619,1.305387,0.7383762,1.4782343,0.649644,1.2993954,2.7005086,1.499757,1.1153101,2.5077016,0.5199779,0.91678226,0.80427486,0.37875888,0.9718909,1.2945762,0.7703071,0.7352247,1.0658662,0.26012415,0.42011228,1.184258,0.15320829,0.05629123,2.359351,0.8688029,0.20126052,0.3692015,4.3263354,1.2260505,0.64026624,0.08866666,0.46286157,0.72499555,0.13703336,2.3724644,0.36752528,0.2582928,0.26182362,0.7575114,0.09013794,1.0802406,0.631155,0.016649596,0.5140611,0.5673106,0.8586775,0.52061474,6.017021,1.5295773,0.51462734,0.955799,0.54390246,0.20542596,0.28874472,0.07405893,1.5477052,0.8693957,0.12855338,all_pothole_images\pothole_images_new_image_199.jpg
1.5501716,1.3665332,0.5688327,1.4424006,0.5278119,0.5456076,0.16765925,0.2099659,0.583176,0.7816173,1.0050819,1.1660175,1.7131081,0.34621385,0.5880163,0.41826087,0.02655829,0.22492911,0.13516764,0.44582018,0.32750502,2.2146213,1.0655186,2.3771152,0.41504008,0.19409537,0.009415523,1.655144,0.4909345,0.2416585,1.5838976,0.44846153,1.1851975,1.1263855,0.6238698,1.0613389,0.46831962,1.3001777,0.37407684,0.37357476,0.76156694,0.07725819,0.4981611,1.7300332,0.3849907,0.15881787,1.4171572,0.05542563,0.5539828,0.5465173,1.1524289,0.69441336,0.7862269,0.18610366,0.03187233,1.1119789,0.9559235,0.53170973,0.6531546,0.36524606,0.015800195,0.016544972,0.95864433,1.0352049,0.14959456,2.1629987,0.89490354,0.115303844,1.0276753,0.42130727,0.074039385,1.1779535,0.23610516,0.1999941,0.13558951,0.723351,0.34288475,1.4509604,0.0,0.64509314,0.25212738,0.7412889,0.14214706,0.6634588,1.1208628,1.8103149,0.2761263,0.25503972,2.027519,0.7406339,0.52609867,0.12294487,0.25917178,0.32068765,0.030654483,0.25567043,1.680229,0.912249,0.51152277,0.18347953,0.27271307,0.7669472,0.083222784,0.6728629,0.53144884,0.94542885,0.082407914,0.09259435,0.5265981,0.62181973,0.031481504,2.4842176,1.5405083,1.2362086,0.026874488,0.24532096,4.3819785,0.92438316,1.3881322,0.6134965,2.2724288,1.0844404,0.38778448,0.612858,0.27503738,0.6696187,0.5656485,1.4504752,1.8532773,0.64465463,1.0773677,0.07729204,0.14051273,0.11082861,0.5111735,1.6965816,0.6463916,1.1984634,0.55550313,0.73602015,0.9440474,0.042554602,0.37558937,1.7545052,0.25141418,0.7273483,0.8158998,1.3383484,0.8835519,0.9024641,0.59527165,0.12752737,0.2556032,0.43444926,1.736842,0.5158959,1.219182,0.2270073,0.38791853,1.1523304,2.975887,0.8660737,0.06965414,2.3211312,0.35188067,0.15688463,0.9756434,0.099891774,1.4073352,0.7724715,0.060065635,0.19368973,0.009914495,0.066719815,0.3951334,0.678286,0.59801954,0.037164412,0.120955385,0.6355114,0.0062887124,1.7819475,2.1913986,1.0975004,1.4720306,1.4879742,0.8331135,2.8005471,1.2043885,0.41391474,1.0125521,0.3034148,0.33777913,3.8786392,0.8413324,0.35802603,0.46530423,1.9884837,0.48424983,1.1401863,0.9950427,0.9518785,2.3612947,0.66708606,2.5630288,0.7747239,1.0451275,0.70226926,0.78024,0.8800097,0.06516086,0.18793957,0.6634031,0.08232062,0.8009914,0.9051331,0.8781508,0.31427625,0.41134515,0.2439857,0.67806125,0.91962343,1.3554693,0.38971892,0.30938008,0.16908392,1.990065,0.08673766,0.49346557,0.020762324,0.22158994,0.029974528,0.6035067,1.1884906,1.9935598,0.63444823,0.7675934,0.30154607,0.40906748,0.91081935,0.8592959,0.73253655,0.9862147,0.7448024,0.09419096,0.039732736,1.1236647,0.7441495,1.377894,2.0967476,1.1395829,0.12837416,1.324015,0.69289726,0.6788473,0.20253824,1.2285885,0.013969346,0.3109893,1.1992584,0.909516,0.4066277,1.0588162,0.59362817,0.46834213,0.86434156,0.017452465,1.3144429,1.6976969,0.49664694,0.5455556,0.31359327,0.10847458,0.74869025,1.1472993,0.71926254,1.5426302,1.6948866,0.47813177,0.795777,0.49221426,0.4760359,0.35547692,0.85825074,0.7752668,1.375743,1.0523953,1.2358683,0.921351,0.7311845,0.7437749,0.10012442,0.07760577,2.363845,0.2180076,0.3500869,0.52450234,1.0487286,1.28873,0.4782555,0.18758264,0.17475496,0.26193666,0.72458476,4.311836,0.16992591,0.2858873,0.41090864,0.051820047,0.31191292,0.21065065,1.5052959,2.6304526,1.2321113,0.6033828,0.27989802,0.05500664,0.17495206,1.2707009,1.0161601,1.5810717,0.055236105,0.16045877,0.18699497,0.9940987,0.54180986,1.2265146,0.12714706,0.64872575,0.7552588,4.0311623,0.1803297,0.42302456,0.0009124916,0.32232723,0.2563935,0.42696354,0.0,0.5263561,0.36800385,0.6233245,1.4947786,2.2282043,0.32423672,0.07995395,1.3487533,0.21953925,0.32945046,0.62081796,0.8222691,0.7783542,1.641269,0.123769045,0.6328476,0.34968925,0.20987368,0.33305636,0.58186,0.026175555,0.44817483,0.6486488,0.6084978,1.9557394,0.3200752,0.093500055,0.47504723,1.9754354,0.5722376,0.6884702,0.39915022,1.6043358,1.3067555,1.8494978,0.04553116,2.1954052,0.70453334,0.7017478,0.05019255,1.4685858,1.3384292,0.25234506,0.68793297,0.45887458,1.7699481,2.8162668,1.4010653,1.7614518,0.03538622,0.004609933,1.0478965,0.8028276,2.5198462,0.11628187,0.51617837,0.6349553,0.4678864,0.6397205,0.7754016,1.5571901,0.1780413,4.5486517,1.2324151,0.18804112,1.0739949,0.10368577,1.0460837,2.226559,0.0,0.19448173,0.06598239,0.24324621,0.6640363,1.3938038,1.0912398,0.3913909,0.17520325,0.5615503,0.67831355,0.4699393,0.3961852,1.2477605,0.35405785,1.233343,2.6262472,0.62929255,0.5332377,0.448025,1.2132438,0.6469515,1.0267198,0.18474725,1.6398724,0.47274697,0.6698492,0.14034279,4.1463494,1.4403749,1.2193543,0.8810783,1.2318571,0.20244248,0.22376774,0.4053832,0.45373768,0.47115535,0.39729723,1.1695131,0.58357036,0.9366802,1.6117331,1.2536882,0.7875021,0.48334736,2.3612456,1.6348394,1.0480212,0.8322508,0.73799044,1.1971601,1.9170942,0.8501692,1.0888661,1.3723156,0.24936876,0.09595112,0.8520653,0.29966053,0.10071244,0.70167756,0.51598585,0.42545834,0.9710254,0.8896711,0.23508851,0.5735856,0.3305514,0.39582932,2.0077596,1.2077031,0.14497003,0.54751587,4.1530514,2.512252,0.42745367,0.3012009,0.43386105,1.5381162,0.6494425,1.272664,0.34159118,0.47659028,0.97888047,0.1508036,0.46500283,0.20471989,0.0037858388,0.050392494,0.7841269,0.25670853,0.34485018,0.30638844,3.2330709,1.5291384,0.65935796,1.1592265,1.3871948,0.9750689,1.7384942,0.49389952,2.2267406,0.0060066422,0.5603143,all_pothole_images\pothole_images_new_image_2.jpg
0.087871425,1.187811,0.49779415,2.268026,0.17856789,0.19503142,0.30584344,0.0,0.9078763,1.5062301,0.6270666,0.22286507,0.02928359,1.5149344,0.0,0.28827876,0.078510694,0.11817301,0.6429843,0.052173857,0.0039519817,0.755796,0.4552371,1.798899,0.38010246,0.28435406,0.068803474,0.98993385,0.0,0.14269048,0.0,0.11114443,0.46907273,0.051880423,0.09889384,0.37316862,1.0447171,0.16339502,0.4670653,0.025432874,0.15875077,1.3248148,0.6456796,0.6188377,0.9892757,0.19688097,0.13735697,0.403918,0.26647174,0.1064532,0.13037685,0.5015108,0.26701823,0.068234034,0.19852906,0.7126129,0.87548155,0.22168873,0.11800248,0.4083369,0.02837348,0.08677579,0.29761118,0.31849873,0.8835228,0.47161832,1.1335456,0.27957568,0.0,0.818956,0.62185967,0.0,0.24204135,0.011073158,0.3032425,0.6684722,0.15048993,0.23057774,0.03204646,0.26068825,0.00036716252,0.18786725,0.9064601,1.67438,0.7065591,0.18371905,0.07200875,0.0,1.0060475,0.39526233,0.0,1.2661066,0.026726738,0.036425684,0.12918442,0.23083414,0.5633593,1.8019876,0.67571944,0.3122463,0.4957517,0.58910465,0.8715071,0.5653063,1.6586391,0.011593123,0.44731224,0.0,0.810791,0.9079761,0.32054767,1.6373811,0.07172731,0.08608869,0.5973501,0.6869627,0.018268604,0.17521247,0.4870957,0.49541697,0.8162483,0.54230255,0.051102668,1.3746208,0.23296511,1.5261852,0.19865341,0.0,0.084225856,0.13660157,0.016634999,0.7742699,0.08293206,0.05425268,0.5181472,0.04330704,0.081742585,0.07372785,0.024309464,0.1797107,0.31205845,0.05017948,0.91902316,0.7996387,0.0010583573,0.079557754,0.14415823,0.08455975,0.28439376,0.06624195,0.15246958,0.043488245,0.2414567,0.0068261353,1.7930516,0.26777273,0.07414595,0.46990147,0.0035584853,0.67286414,0.36939374,0.15610597,0.75531036,0.5774475,0.70021105,0.05324423,0.6348344,0.19507739,0.58196115,2.631858,0.009162128,0.0,0.094029985,0.05310476,0.2760427,0.035938445,0.0052421317,0.017651534,0.32936227,0.09372963,0.008943332,2.0277586,0.5874079,0.39637455,2.1613164,0.15755364,0.4925991,0.18739949,0.7782981,0.5305655,0.19195774,0.0,0.60951465,0.3015349,0.8145475,0.012067972,1.6783255,1.7311846,0.8770568,0.5002475,0.1931476,1.2355636,0.0,0.0051637935,0.9335704,0.4431918,0.49800092,0.22982016,1.5341886,1.0506597,0.0006727844,0.214626,1.0794054,1.0025964,1.3710947,1.0033176,0.3104155,1.089319,0.4601443,0.58685637,0.35295376,0.0815927,0.25018597,0.31254113,0.002525319,0.0,2.3152108,0.021243716,2.8224137,0.158694,0.37680823,0.27146518,0.122434154,0.17738393,0.980851,0.14963531,1.4898801,0.004940636,0.017474817,0.02925338,0.064597994,0.2909962,0.735714,0.20342578,0.089493714,0.45387602,0.6654556,0.032164045,1.2092123,7.397662,0.15834862,0.0721337,0.005431956,0.0828582,0.02668271,0.1772451,1.4580064,0.7706356,0.24971493,1.863739,0.13027334,0.19553594,0.7363912,0.5314334,0.14819407,0.5641108,0.11887284,0.18777283,3.2353334,0.0,2.024529,0.005662445,0.20298739,0.055014614,1.1939765,0.18001284,0.0,0.40855673,0.0057484554,0.24392428,0.49166313,0.36617932,0.55302083,0.023202864,0.10582807,0.7220553,0.7241671,0.25753,0.74097145,0.0197359,0.0076990686,0.2433815,0.101762354,2.53785,0.44889146,0.09098035,0.26962742,0.776985,0.035411514,2.3939726,0.23080237,0.45041528,0.0,0.06719201,6.4158998,0.62109613,0.18061943,0.3736035,0.15246296,0.01834353,0.014465397,0.2882332,5.898867,1.4847888,0.07414229,0.38744447,0.18621933,0.67029023,3.1648471,0.6230044,0.43130314,0.12096282,0.10228163,0.15805548,0.56306505,0.51649433,1.1387787,0.036491826,0.6360503,0.050990995,4.062521,0.0,0.06550894,0.29576978,0.008454859,0.03870065,2.4407895,0.21241532,0.050113242,0.389489,0.37622556,0.3273218,1.2618777,0.36702892,0.09966784,0.0031650981,0.1610601,0.22925618,0.049233817,0.1618315,0.5329874,0.7932994,0.6272663,0.46536255,0.2119062,0.21775503,0.045238037,0.99059886,1.1883752,0.8904462,0.22916058,0.13481088,0.018809026,0.043453902,0.17215306,0.13446642,0.40738988,0.08126692,1.213772,1.2892716,0.25576591,0.078336455,0.0,0.90276444,1.0342348,0.44056067,0.36071694,0.118672945,0.41834477,0.26850754,0.45315367,0.28462082,1.0725243,0.31383184,2.1622274,0.07229907,1.4556365,0.36890832,0.18863678,2.0573719,0.22439145,0.85040694,0.0036441325,0.6041847,0.088393874,0.61006635,0.8238396,2.1580508,0.7771813,0.00055353314,0.7029048,0.56896895,0.18470159,0.555019,0.63406336,0.5038273,0.3742384,0.42476603,0.30976212,0.40550426,0.002318641,1.055514,0.35024345,0.40734562,0.066365756,0.49201006,0.278873,0.29764482,0.02358392,0.6246763,0.4214391,0.4179395,2.0245442,0.69763553,0.55939764,0.10083292,0.97976667,0.14279515,0.2577599,0.100672975,0.055369686,0.90115595,0.4167136,0.75881577,0.59975904,2.0918126,0.53860915,1.2472636,0.95238477,0.066185996,0.23532234,0.099410675,0.00039164702,0.0031176468,0.40370184,0.023266828,0.5098718,0.30895093,0.18329321,1.178942,3.0429642,0.077176645,1.4240949,0.0032980053,1.4080929,1.0844895,0.6046832,0.5883691,0.34728163,1.1359478,1.0497743,0.0,0.08093231,0.07354157,0.83768165,0.055080287,0.0,0.10616819,0.0,1.5026236,0.50594896,0.22076781,0.17622264,0.075024314,0.025373971,0.43960842,0.14383566,0.73502195,2.1059847,0.15599498,0.9918837,1.4380203,3.063,0.7651035,0.038945965,0.2388454,1.6224734,0.2135977,1.1502862,0.017811537,0.53207994,1.9512064,0.1284916,0.031391304,0.016671149,0.22809985,0.9643072,0.016899997,0.74338454,0.40957838,0.45705748,4.661266,0.095485024,1.1681836,0.32835877,1.2962344,0.379286,1.106241,0.61965835,0.54653174,0.026741214,0.85198176,all_pothole_images\pothole_images_new_image_20.jpg
0.42062873,0.7966773,0.106792614,0.8562103,0.20164573,0.23026101,1.2050151,0.52284735,0.5650535,0.025757743,3.3231847,1.8682722,0.414667,0.89559174,0.9149387,0.2926258,0.5727981,0.64677614,1.0748426,0.24247156,0.9341175,1.2987622,0.16378556,0.43025157,0.21055885,1.5211875,0.1823659,1.3440007,0.62170774,0.81705195,1.4730949,1.1430997,0.32251424,0.39958602,0.47010827,1.5317756,0.79998463,0.45571104,0.47351408,1.4878119,0.4133217,0.85138917,1.7003963,1.966018,1.3760139,0.5641506,0.47685966,0.13253923,0.14883506,1.3886538,2.3646986,1.196055,0.7687907,1.7500038,0.53677696,1.2082127,0.92575055,1.0718182,1.3823329,0.5272449,0.55078906,3.6171448,0.572482,0.5204386,2.9782276,0.50355625,1.175926,0.5724928,1.6026628,0.34497514,1.6027542,0.23301709,0.6041701,0.7357508,0.7762962,1.0810741,0.6822133,1.0823547,0.888086,0.9908366,1.982473,1.4238892,1.4669958,1.2473432,2.794691,3.6559591,0.38784856,0.0,0.64313185,0.31057826,2.1474397,1.5598584,0.6371588,0.4275116,0.33709836,1.0234087,0.32252806,0.7998457,0.9916115,0.6049539,0.4531116,0.58957803,0.42386308,0.99869627,0.028137336,0.4271935,0.30321607,1.0333304,0.78975374,0.93484324,0.3241145,0.89439696,1.1094468,0.36389706,0.42739892,0.037428528,1.0825096,0.52162117,1.8855609,0.6001902,0.50604767,0.41554412,0.22795747,0.15661952,2.2552602,0.2711893,0.6282983,0.0074988613,0.79478616,0.58820444,0.39333192,0.6090986,1.4109912,2.2639227,1.0317034,0.087664776,0.29399675,0.41764385,0.048795894,0.53232306,1.2676928,0.74044174,0.9817424,1.628287,0.64205724,0.3217405,0.97720975,0.07097222,0.6734772,0.7513029,0.52119404,0.40258783,0.31886336,0.002385957,1.5538175,0.08783748,0.25786185,0.092034765,0.22239605,0.030593188,0.09776621,0.0359059,1.4516511,0.7162608,2.5697098,0.44075197,2.7832162,0.540928,2.69439,1.1214564,0.5820471,2.2332458,0.33248162,0.114414275,0.5496868,0.4546926,0.16998883,0.005465953,3.6501355,0.22596541,0.29467803,1.1969436,1.5387131,1.150193,0.053415302,0.61794776,0.6360897,0.0026256961,0.94749635,0.5115155,0.5313535,0.4671767,0.25389874,0.58331245,0.28802896,0.18610351,0.2592163,1.6705643,0.55617106,0.19762434,0.5734825,0.20590311,0.3149155,0.6419727,0.7722958,0.5280595,0.5703449,2.3627217,3.316689,1.9849063,0.4439338,1.4390687,0.2359884,3.0817347,0.6136053,0.558649,3.8881524,0.0,1.6157476,1.2562134,0.92493284,0.22470391,0.6246237,1.0621976,2.4892921,0.68562984,0.55224365,0.34975234,1.1776265,3.0681968,1.5505468,1.2719144,0.14325084,0.4082904,0.009038237,0.27691123,0.27089575,2.0942717,0.77685887,0.91918665,0.763927,0.080139615,0.3251571,0.47019958,0.4312198,0.045109104,0.976074,1.3277934,0.6286403,0.55049956,1.6501353,1.701563,0.7093478,0.35127705,1.4460679,1.7967367,0.5435298,0.002484259,1.4554493,0.4703826,0.7652464,0.31988445,1.3140311,0.0,0.53118515,0.7742277,0.24557556,2.76574,0.4184951,0.25236356,0.43602315,0.22258551,1.8729621,0.07683395,0.09045134,0.08968151,0.20834278,0.71728873,0.3709553,0.0634491,0.18045418,0.63361204,0.07967769,0.2668929,0.23063603,0.7645477,1.3087938,0.90190184,1.2796348,0.3228257,1.7984538,3.6477375,0.1334728,0.1757177,0.93550885,1.0383681,0.50743634,2.0669906,0.23869269,1.7321396,0.0,2.0246916,0.9184212,1.0187032,4.070898,0.852999,0.7258653,0.6273811,0.7135841,1.6018124,1.219228,0.62130505,2.4134326,0.4879542,0.43379033,2.3601453,0.3825644,0.17763966,1.0637246,0.745271,0.04665501,0.7467852,1.0712379,0.94556636,0.92148423,2.2037964,1.2457397,0.43615612,0.27339643,0.9437996,1.1643631,0.44246462,0.7292677,0.64777803,0.40177986,1.7189003,0.6972192,0.5998225,1.3065033,1.1575547,1.2180966,1.0425292,1.5010331,0.572543,1.2711276,0.26651677,0.47564062,0.59534883,2.6103709,0.6084863,0.12033444,0.8966015,3.9402406,0.89039814,0.19851264,0.7350277,1.2156047,0.71425945,0.14169939,0.5063432,0.17650503,1.0534909,0.64265436,2.7722719,0.74631155,0.03679837,1.1354599,0.2557213,1.7357142,0.57796806,1.0648229,0.50881904,0.25336233,0.47977072,0.46573645,0.029349755,1.681693,1.0044943,0.2727878,0.4156614,0.8928151,0.5055768,3.0087416,0.50627524,0.55842984,2.1831067,0.63908476,0.5982642,2.4343474,2.4162276,0.8061,0.011047614,0.09093994,0.8026465,0.0852398,0.2157497,0.9519245,0.4695524,0.54955727,1.1699951,1.6995306,0.300409,0.41559452,2.5351212,0.27187544,1.3283803,0.7648891,1.0213664,0.516801,0.28724226,0.26763996,0.051056266,1.4007164,1.1965306,0.46148813,1.9995719,1.0285316,0.68366086,1.0541043,1.0481046,0.95301694,1.570168,3.052985,0.96648383,0.73981845,0.011244569,1.8054883,1.0646069,2.1103437,0.16321665,0.8451581,1.3300966,0.74092394,1.3117499,0.71409005,0.97572964,0.7433913,0.7435616,0.23596273,0.40232953,2.0774634,0.5897117,0.53543276,0.27033174,3.470138,0.018100215,2.7981868,0.06346052,0.92325246,0.21855326,1.8660269,0.67217886,0.5631521,1.1999357,0.06605196,0.13040428,0.81110126,0.112507895,0.18781625,0.025457114,0.15773849,2.4041927,1.3990982,0.20848125,2.4794662,0.9883278,0.78126866,1.2160387,0.39921713,1.0070754,1.3692821,1.4514114,1.785158,0.08166887,0.43871057,0.6438195,1.8735641,0.52879995,0.24009553,0.08560372,1.1975307,2.5292943,0.63569665,0.33571017,0.10659008,0.5881138,0.48771667,0.91702276,1.4259547,0.10756486,1.6596769,2.9427073,0.7639364,0.85228,0.55814743,0.7362545,0.8105037,1.313044,0.05789653,0.9079965,0.08278084,1.1406081,1.386807,1.4195337,0.34650224,0.48644042,0.0049118535,0.5840566,1.5693018,1.2397611,2.1897154,1.3692226,all_pothole_images\pothole_images_new_image_200.jpg
0.98120487,1.8581773,1.7630427,0.9837205,2.6772046,0.55713993,0.8160131,0.17956932,0.7057951,0.60720605,0.7868965,2.0740476,0.29372093,2.2988138,0.9641744,0.15342472,0.535379,0.118273266,0.7405081,2.102219,0.25081217,0.32257643,2.9967594,1.3771617,0.015800558,0.5162756,0.1967256,0.26679623,0.7999406,2.0671823,2.1834474,0.14522159,2.1693058,1.1760753,1.4717681,0.6466199,0.08673948,2.9858737,0.27483985,0.0850675,0.033253215,1.3712133,0.5145071,0.7021159,0.9089707,1.154942,0.8854966,0.02652376,0.5898825,0.00275866,1.8443199,3.4646516,1.4181279,1.6268923,0.035339903,0.3503762,2.3656917,0.59418154,0.4826425,0.3079106,0.370016,0.9775322,1.1641369,0.6347544,0.9499573,0.22607797,0.11013352,0.60472256,0.061597522,0.05472638,0.19762965,0.2735167,2.606749,0.03062416,0.076952435,1.7408221,0.84688914,0.97160935,0.18090089,0.8459295,1.3121389,3.0640771,0.06457139,0.32528993,1.2753947,1.7630696,0.1613173,1.5441452,0.764262,0.19035429,0.0,0.30583292,0.14577441,3.5444613,0.25053087,1.0967071,1.0430211,0.3286391,0.5909062,0.68252796,0.027478786,0.7585036,0.10494894,0.16369574,0.88228697,1.3459182,2.0503087,1.3692878,0.5332413,0.35424626,1.2246985,0.51492715,2.334002,1.7935504,0.73919785,1.1477326,0.34177583,0.6152745,0.49431342,3.1203277,0.23622565,1.9034796,1.0987002,0.44348162,0.03822295,0.88163555,1.6118273,0.023161672,1.5075771,2.628543,1.9967194,0.7498491,2.4615238,0.71084565,1.7735436,3.2130234,0.5866872,1.023973,2.82898,0.15871331,0.044797555,6.4640636,0.7645941,2.984649,0.47882748,0.0758514,0.507431,0.96116084,2.3545444,1.1082268,0.011799824,1.193283,2.209769,0.31251168,0.5662598,0.50299627,0.06599565,1.8134863,0.05798023,0.7369863,1.146665,1.352112,0.45887288,2.4728937,3.372983,0.39959702,0.17182182,0.60287243,1.9219759,0.18357018,0.6475372,1.2104548,1.15262,0.5511063,0.22235535,0.11824484,1.5618399,0.31282258,0.67151296,0.4569149,0.032436546,0.622197,1.5928345,0.8541325,1.6853518,0.13012002,2.1737955,0.321013,0.08119222,0.44221762,1.2637782,1.5110981,0.027305977,1.2448674,1.5080812,0.047146574,0.5045714,0.7552163,0.092113554,3.19537,0.16530044,1.7589041,0.61021817,0.62090695,0.546184,0.28430647,0.009182627,0.09320624,2.7777264,0.28116983,0.24327005,0.32084796,0.4278087,1.6682512,0.2070696,0.04080556,0.042533476,0.3802357,1.1260062,0.45434165,1.7930056,0.12911908,1.1481245,0.15311489,3.7350059,0.7049168,0.99678177,0.17866187,1.6674349,0.75260574,1.3114402,1.2604578,0.3560977,0.0918124,0.3782789,0.683237,0.5087617,1.895221,0.123435676,2.2100396,0.38274243,0.63283515,1.3367366,1.3843877,0.5028235,0.16252165,0.58090115,0.61442447,0.9162783,2.8386304,2.2332635,0.6838435,0.5619976,1.0246965,0.046745047,0.9205384,0.05273012,0.44809216,2.8399317,1.6562774,2.6601267,2.6738925,0.36420026,0.0014240957,0.6258901,0.23409754,0.7741087,1.205025,1.5939128,0.7479163,0.025429297,0.013506372,0.29767716,0.010379008,0.8388553,0.36854443,0.35235384,3.519109,1.0053346,0.3288937,0.1708744,1.340792,1.8579849,0.7007384,2.6364164,1.5929962,1.9174123,2.9042432,1.2253802,0.037894595,0.005964543,0.24029619,0.9498157,0.8331406,0.7663531,2.6577098,3.40566,0.6533194,0.74522096,0.500444,0.47410068,0.13882765,0.009994415,0.13566786,4.1034155,0.43254656,0.22970372,0.19626862,0.15403967,0.18465503,0.9365552,0.7275168,2.1403837,1.8999009,1.1798913,0.722421,0.39183834,0.27335992,0.7519408,0.63512164,2.159945,0.74457145,1.208582,0.25283143,0.11665908,0.006399618,0.69551057,3.6776533,1.4222406,1.609673,2.8661473,0.4503802,0.26040393,0.042226937,1.9489934,1.9501632,2.9503825,0.5240037,1.1379868,0.88592607,1.0422647,4.237264,1.5070525,2.5467398,0.82626015,1.06184,0.58428985,0.14518419,0.5179414,1.5226833,0.08578678,0.28032342,1.240289,0.152204,1.2546657,0.5911504,1.856307,0.18510903,0.24531029,0.5141538,1.3732119,1.6411185,0.43815213,0.5404531,0.0,0.0,0.8596029,0.42019895,0.9093329,1.7164757,0.43391964,0.27686676,1.5511297,0.6321572,0.44856206,0.34926394,0.75019735,0.3581036,0.26373142,0.9015338,0.9119871,0.11645575,0.2289206,1.1867048,1.6509913,0.337062,1.9411173,3.4142344,0.21653081,1.4804224,0.09096334,0.6890672,0.6038911,1.3911992,0.41617462,0.6902899,0.22738723,0.18126312,1.7585025,0.8180063,1.2637902,0.7852232,0.37530953,0.78171855,0.3750763,0.6003668,0.5121901,0.98695946,1.0949199,0.0667318,0.4889706,0.034471206,0.13125505,2.983539,0.707535,0.47140735,0.010758686,2.3285632,0.32534018,0.4691826,0.53190696,0.44697392,3.126074,0.7340848,0.5218783,2.1861215,0.5269959,2.634285,1.9037341,0.4362339,0.34105748,1.5550497,0.22097963,1.1682725,0.38611227,1.1548538,0.44218114,0.8062548,1.6366879,2.2586422,1.5092776,0.70961994,0.058992356,0.03439738,0.266733,2.0123658,0.9855655,2.373522,0.52271736,0.53168297,0.4730239,0.0011973287,0.62799627,0.38168252,1.0176711,0.14077328,1.1416833,0.059637994,0.35040244,0.2738179,0.5551893,0.940061,1.3125402,0.93531954,1.295893,0.328935,0.17974937,0.6901878,0.10203095,1.7859336,0.41654631,0.017328676,2.2533333,1.4581513,0.27966166,0.45135537,3.9414525,0.21856298,1.5452002,0.16858649,1.9957794,0.637571,1.8087022,0.58038974,0.121943615,0.9521615,0.5797933,0.24667978,1.4103776,0.38952932,0.19628131,2.087576,0.07752663,0.13796271,0.7315887,0.013496111,1.4182032,0.020657556,1.091635,0.68397164,3.017978,1.4154854,0.31458804,0.24618475,0.8711244,0.9741249,0.3072217,1.5318269,0.2604847,0.41288176,1.7187657,0.6634385,all_pothole_images\pothole_images_new_image_201.jpg
1.3389788,0.032712698,0.34194806,1.5728121,1.2997208,0.43130437,1.7225099,2.9789839,0.98767865,0.08910565,0.208729,2.8249319,0.027392693,0.28333437,0.8800792,1.8601182,0.09424438,0.8446861,0.27877107,1.4025751,0.08587791,0.24964532,0.23335499,0.3313248,0.19629902,1.3694371,0.76323026,1.8204339,0.21717614,0.49171606,2.1746526,0.22310162,0.6410401,0.41180167,0.26338765,3.0482874,0.07349849,2.1304383,0.68025357,0.9003678,0.7205438,1.1344407,0.32585442,0.16692305,1.9265906,0.7582868,0.12072438,0.60624105,1.7772157,3.167508,0.57681435,0.34436086,0.3908482,1.7212325,0.9173074,0.12682517,0.56419605,0.83573115,3.2698045,0.03424221,0.49660635,0.048756156,1.7809659,0.5531238,0.7849426,2.0451722,0.0,0.915919,0.7908049,2.028844,0.26103887,0.1844333,0.14650452,0.51584333,1.1820776,0.38871568,0.42545077,0.07182105,0.58628255,2.4206297,1.2369567,0.6578506,1.165261,0.31066132,0.19354773,0.42220563,1.1458813,0.85913575,0.6359594,0.9228492,0.6020406,0.58973074,2.3872259,0.7872272,2.3242567,1.5356532,0.3904432,0.26902357,0.34249243,1.5443233,0.122895636,0.77924937,0.8410294,2.432676,0.72574365,0.5548575,0.32958174,1.3557813,0.06995703,0.024223406,0.3017467,0.1829142,0.024689468,0.5533319,2.1333404,0.035595506,2.053987,0.39221025,2.9253216,0.3439919,1.3519751,1.7832797,1.4759696,2.0573988,0.19407205,0.023714805,0.5429209,0.019721473,0.06046207,0.14211954,0.30854887,0.015845971,2.2057517,1.4184327,0.06028759,2.5581698,1.3602796,0.21279389,0.9341505,0.26170787,0.46774897,0.68203384,0.52742386,0.13262416,2.0772748,1.5067546,2.5625699,0.101191185,1.1443187,0.7390776,2.4897144,0.5463134,0.055159926,0.71589255,0.73098403,1.5140947,2.4575982,0.42854416,2.230129,1.3278472,0.6491827,0.9603623,1.6485453,0.7500245,1.5287936,0.02710457,0.5168402,0.31799307,3.254703,1.0434681,0.36794707,0.48674598,0.0,1.6248913,1.4260244,2.7498646,0.46928015,1.1091672,0.7865248,1.1486856,0.02442921,2.0975518,0.028557764,1.3041341,0.3531867,0.6761584,0.5359346,0.49561948,0.12594622,4.997313,0.21217437,0.038150508,0.12582026,0.93646395,1.2169399,0.079890445,1.6751775,0.6241412,0.6084174,1.8722687,0.3956653,1.4839178,0.091909856,0.6290528,0.31094956,3.0739186,0.75217485,1.7251384,2.0385404,2.1638494,0.2658352,0.022988068,1.3208263,0.9055789,0.26232743,1.8784838,0.9040393,0.049121164,0.56898093,1.0404048,0.13421382,1.0856633,1.2936218,1.0453055,0.79558814,3.3120666,0.83958626,1.563749,1.7276754,1.6716576,1.7477392,1.543295,0.008530064,0.66224545,0.33336708,0.011359324,2.4764123,1.4624074,2.1321309,0.5043816,1.2470001,0.17064507,0.049216602,1.5252838,0.08670111,0.2651111,2.5379725,1.1215531,2.216164,0.073253885,3.7383475,0.7341179,0.0539771,0.09349244,0.45600936,0.65788734,0.5272737,0.07673853,0.46774423,3.258244,1.3330487,0.6459756,0.5804728,1.3624443,0.6566066,1.6226174,0.23495467,0.39440492,0.7243208,0.46562672,0.0077208597,0.025051652,0.515356,0.3737442,0.27957258,2.2810662,0.57747626,0.8636015,1.0540625,0.04473249,0.13064359,0.5722432,0.66017866,1.6515877,0.59764385,0.43987304,1.8961172,0.8158521,2.4760654,0.17301482,0.3594307,0.297403,0.32849488,1.887587,0.81434506,0.0073568155,1.6676805,0.08701451,1.148588,1.0753112,0.17557813,0.0,1.8935202,0.33161113,0.0,1.266346,0.14714277,1.3946836,1.2114797,0.49316433,0.33569133,0.28055063,0.4996347,3.1027935,1.3240888,0.014731801,0.6935538,0.65762484,1.8390958,0.0887485,2.0201488,0.08443677,0.77508265,0.90485847,0.52201664,4.998571,0.091949716,1.8653595,1.038977,0.9423154,0.18518345,0.22794782,0.03404698,1.5630301,2.2194412,1.8512354,0.26747012,0.2869777,1.8888906,0.49675268,1.0282669,0.5620777,2.8053286,2.1248662,1.682008,0.82160074,0.3310096,0.24576984,0.16392162,1.5916537,0.17195892,2.5784893,0.5278069,1.1500661,0.5088315,1.0304853,1.1618506,1.2561355,0.57282025,0.85580367,1.1167696,6.128992,0.0,1.4984057,2.5843017,0.11929176,1.3180407,0.036649656,0.5562021,0.8432335,0.32019797,0.64010566,0.8459971,0.056526843,0.9837422,0.9410923,0.5705716,0.98775494,0.040969227,0.052929644,1.787941,2.3235142,1.3274375,1.3641825,4.1789174,0.0,2.610393,0.38241813,0.99046874,2.8243032,3.782771,0.7925756,0.8259375,1.87172,0.00023880428,0.04452396,2.0993264,0.722096,1.4126403,0.82891643,0.47985873,0.5583405,0.0,0.10478611,1.951174,0.41255912,1.10639,1.1701337,0.21575528,0.0,0.029363442,0.09029359,0.07800421,0.14152683,2.2569692,0.19054107,3.8915224,1.4563208,1.8219762,1.1195968,0.660098,1.1676421,0.45861194,0.53688717,2.1383133,1.503733,0.36810017,0.22692992,0.24394813,0.25841808,0.15917756,0.80456185,0.79788536,1.3158412,1.5029664,0.006245587,1.4901245,1.2584882,0.31725323,1.8918208,0.0790994,0.08986506,0.565538,0.20954317,2.3437662,0.058942765,0.7705125,0.6024064,0.2495854,0.56607383,1.0011206,0.27968216,1.3112999,0.842244,0.8837876,0.25006673,1.0892361,0.7803734,1.142792,0.7032923,3.6286685,0.7644587,0.3047102,1.7853696,1.1184161,1.7875094,1.6655794,0.33485678,0.58104116,0.43926075,0.08789623,1.3440208,0.0,1.2101325,1.2951939,0.7434349,1.2038753,0.20371081,0.5279414,0.13792275,0.97338724,0.68433505,0.97581977,0.29515773,2.421077,0.42206448,1.0645869,1.2638041,1.3657075,0.16410193,1.2770787,0.8576416,0.47684562,0.0,1.547008,0.2992469,0.0018646099,1.234572,0.0199747,5.847055,0.6516682,2.6337757,0.16019087,0.1766268,0.021627333,1.331556,0.22580563,0.01707951,0.035299703,0.37997124,0.0023927726,1.0958419,all_pothole_images\pothole_images_new_image_202.jpg
1.2091581,0.09657235,0.07436107,0.96587455,0.94034576,0.90244913,1.2794741,0.54873425,0.961138,1.2442306,0.3213583,0.09936041,0.103075616,0.9410971,1.9978873,0.50319797,0.6667641,0.5398333,2.5565414,0.01270634,1.8794452,1.3321352,0.6961714,1.6921396,3.0569096,0.4030676,0.8981472,1.1182859,0.7077149,0.5663752,0.08861513,0.0,0.14254263,0.2666142,0.0,0.37794012,0.0,1.8760936,0.5891289,0.0033538486,0.5275551,0.6284622,0.94200134,1.7366302,0.7043715,1.3178974,0.0639407,0.33755702,1.0572783,0.36810356,0.62912846,0.65310496,1.8464165,0.50444746,3.1320999,1.7278877,0.14967468,0.5606812,0.90426445,0.6771661,0.00089763827,1.0808972,0.278381,0.4461018,0.44412455,0.44242314,1.472654,0.005942514,1.0384121,0.078564845,0.63197035,0.4543129,0.521625,0.095408104,1.6382834,0.5108825,0.12249537,0.088933796,0.81896925,0.29040685,0.087703966,2.4653473,0.9708105,0.003531625,0.6483386,0.005081569,0.01024209,1.8589022,1.7470496,0.0,0.6549427,0.05501072,0.049404673,0.12034161,0.83745295,0.018293455,0.5350084,0.33488774,0.045908242,0.5433961,0.0,0.29628223,0.2068322,2.4513416,1.1036273,3.6296823,0.27759075,0.6662924,0.87507534,0.0061711716,0.0172369,1.8772062,1.2784269,0.09786542,0.022447405,0.62134886,0.009149396,0.09042115,0.01451488,2.1261683,0.86708504,0.8505499,0.06473242,1.6331896,1.0632281,0.030939747,0.81046605,0.38938364,0.41956553,1.2514838,0.002042461,0.09423012,0.20528945,0.0,0.6922305,0.58515525,2.5566595,2.0379324,0.14518926,0.024876865,0.105490185,1.6986654,0.7749688,0.020463938,0.13825648,1.1268753,0.030117728,0.49621543,0.39159673,2.088443,1.0129069,1.5678967,0.042394556,0.44825432,1.7670072,1.5184845,0.008180691,0.71959466,1.5592057,0.7499101,0.9739298,0.55472773,1.4097087,0.53434575,1.2488419,2.0808735,0.47784188,0.09250753,1.0967407,0.6364275,0.347004,0.5927672,0.15103383,0.011423097,1.2274973,1.105188,0.16888003,0.0,0.25089547,0.21968712,0.6182425,0.30272588,0.94129,1.4630177,0.0,0.74896127,0.011517991,1.1375048,0.15805416,0.50196844,0.32303432,1.0747101,0.7993318,0.0644478,0.098906584,0.49136072,0.555497,0.22226322,0.29458725,3.0216146,1.1788716,0.06624423,1.9899706,0.9575511,0.018192548,0.0074951695,0.22573611,0.34612772,0.09874375,1.941035,0.043172583,0.6081033,0.20307243,0.19846678,1.8255187,3.4455311,0.14715622,0.22390598,0.008563935,0.84251916,0.4392932,0.62692016,0.19854529,0.11455232,0.05055684,0.5705483,1.6435543,0.9116843,0.0004158323,0.35001168,0.7645261,0.021655953,0.8817332,1.399042,3.022855,0.21785256,1.1970142,0.6104695,0.0015578037,0.3742929,0.6423589,1.4826196,1.3977377,0.9402939,1.7585925,0.26627865,0.025002833,0.35590184,3.9849727,1.2342242,0.21995912,0.0068070972,0.019351793,1.5622661,0.7136364,0.13286394,0.12624307,3.1860192,0.51141274,2.064213,0.35743,0.9997303,0.28382775,0.00583527,0.71309847,0.0,1.2826515,0.3784495,0.8041313,0.29681098,0.83051133,0.035790455,1.6690768,0.055486284,0.51441675,0.93430156,0.0,0.07061635,0.5805834,0.057940308,0.19499144,0.5926669,0.25348872,0.8325417,0.57362115,1.7245437,1.1713066,0.16416386,0.042050645,0.0014597537,0.19168568,0.6330313,0.27107465,2.2460942,1.252719,0.81236684,0.91026086,0.7397965,0.47742558,6.3630147,0.7037783,0.6388826,0.13664897,0.001360555,0.06963084,0.28393564,0.093998365,0.19906095,0.37828133,0.013332192,0.4982882,1.5092098,0.045139566,0.85127145,1.2437292,0.0012144421,1.2215362,0.7482455,0.4855169,0.041821435,0.51009786,0.46267325,2.0875309,0.29871616,0.46708262,2.1448934,0.013114736,0.76655424,0.42399043,0.4062693,0.10803084,0.12079166,1.868684,0.476516,0.38228115,0.40006375,2.508478,2.9250646,0.04076768,3.8792584,0.47383466,0.25947756,1.0768964,3.10124,0.58990437,0.0,0.06341417,2.283198,0.060877394,0.3308319,0.12227085,1.3772222,0.06597465,1.5122259,0.6399257,0.41649708,0.0024648865,1.6191398,0.29855996,0.3537809,0.9730062,1.1782317,1.7936783,1.2631024,1.0071335,0.5287095,0.39045373,0.9513728,0.31850234,0.6570796,0.70678484,1.4311016,0.97103006,0.23512647,0.14628434,1.1617666,0.9153718,0.0,0.28799492,0.03426587,0.24732317,0.26705208,0.24350715,0.056224346,0.21120036,1.0361832,0.034855507,0.2904983,0.0,2.7906253,0.08853591,0.76442575,0.0,0.7838921,0.5632572,0.011494363,3.0901563,0.0047082794,0.32101402,0.005775772,0.7557803,0.5435404,0.03588147,0.049890712,0.0596464,0.5070953,0.12508993,0.0,1.5832591,1.3652353,0.25145006,0.61509407,0.020401442,0.5592042,0.06608318,0.26001838,0.25670856,0.45542634,0.6275233,0.34364855,1.1843889,0.8944507,0.1161609,2.7040155,0.14423048,0.4479425,0.19610757,1.6412511,0.48076442,2.14223,0.5210015,0.27920532,0.30642524,0.3604098,0.9845234,1.5930091,0.004600461,0.3440743,0.6973087,0.0,1.0729966,0.0,0.41573575,0.39924255,0.28049728,0.21947171,0.10489826,1.3271648,0.46978563,0.7049859,0.061163314,0.3879494,0.045541193,0.054672558,2.3656805,0.66694576,0.41446334,0.40997434,0.1790072,0.7503269,0.47740197,0.037756193,1.346189,0.6354722,0.45387197,0.34239516,0.99691325,0.3302863,0.18647213,0.95183283,1.6683794,0.27867228,0.0,0.12055585,2.1354206,0.5650753,0.09655843,2.7323937,0.103556104,0.73519427,1.8382554,2.7520459,0.4620935,1.4485369,1.7494794,0.11236319,0.8317731,0.03350311,0.053359687,0.0048808116,0.81053084,1.4302619,0.39177963,0.0,0.0,0.0476739,0.30798844,0.18450382,0.40508682,0.6077762,1.0783691,0.5751074,1.2515861,1.122691,1.1240933,1.0360383,1.4202725,2.7889926,0.14349905,0.41656777,0.0,0.09542109,all_pothole_images\pothole_images_new_image_203.jpg
1.3420814,1.9298012,1.0020306,1.0043555,0.9240847,1.6840277,1.4416552,0.6925687,1.6616797,0.55009586,0.10637517,1.1563158,0.4242531,0.8080771,0.25398397,0.29480985,0.47295302,0.09077731,0.30090278,0.047686107,0.3334662,1.6408676,0.3730285,0.9125327,1.5428051,0.8947717,1.0196438,1.6563743,0.114152476,0.14843667,0.33161148,0.5863387,4.0886884,0.039444875,0.19605227,0.70360774,2.0092585,0.8254441,0.5977214,0.53709817,0.08545043,1.5409786,0.13136761,0.77318,0.74086463,0.4974883,0.057485636,0.04189758,0.4915674,0.13069148,0.47065625,0.20467888,0.2234607,0.2939033,0.1171689,0.2977722,2.36179,0.0,0.2857117,0.24108368,0.36519703,0.0,3.0094545,0.63995546,0.13471504,0.9944613,0.5752337,0.054341506,0.18948205,0.10587042,0.17537831,1.8056693,0.021713538,0.70145446,0.009543148,1.0384418,0.62743145,0.07566876,0.0029295904,0.7077563,0.69947636,0.02113677,0.102004655,2.1242766,1.2253581,0.25698608,0.33663934,0.07064344,2.6746197,0.72106016,0.59553486,0.041963693,0.85668653,1.2381321,0.3392049,0.07771061,0.59604335,0.3551079,1.8335508,0.6404036,0.15975876,1.2796117,0.5816969,0.40596646,0.04936721,0.23502108,0.50555456,1.0973295,0.8617097,0.9976514,0.5617513,3.2749195,1.5836062,0.043122537,0.43889445,2.7171004,2.724354,0.3322142,0.21481237,1.1924635,1.302628,0.0051164725,3.3852334,0.28542504,0.11746912,0.34121665,0.4596616,1.1493336,2.883956,0.17824696,0.38028595,1.5267147,0.30849922,1.1825935,0.04630035,1.0713507,0.1044372,0.5418121,1.7150702,0.31994614,1.9605832,0.18479647,0.0,1.0809486,2.6618352,1.3745067,0.13210976,0.21655966,0.27421805,0.5027099,0.080440246,0.7515171,0.25947917,1.0869229,0.9617239,0.10368183,0.8050706,0.52243835,1.0843618,1.2113205,0.80909914,0.539306,0.10144482,2.8512497,0.20309213,0.2309592,0.7329061,4.2153563,0.8171048,0.032734446,0.70492405,0.39402166,1.4808038,0.7967037,0.2689638,0.008563969,3.6612859,1.1453216,0.0,1.8979968,0.24873278,2.1218824,2.5295131,0.060375042,3.3335032,0.2617625,1.3662233,0.19338195,0.017968202,0.20927076,1.5648124,0.021041758,0.40333912,2.4745803,0.8126627,0.80094415,0.13560161,0.29204813,0.7150826,0.08697888,0.46050155,0.51381874,1.2622515,1.1463536,0.87908816,1.9571265,0.17823009,1.0884209,0.53853816,0.097590476,1.0880772,0.6361379,2.393208,1.285847,0.36302269,0.21403494,0.10332519,0.01386745,1.0415918,0.33383426,1.2560939,0.36053294,0.7798193,0.24171378,0.0014171016,0.6788565,1.1128768,0.009140861,0.8088802,0.13569163,0.67264944,2.2854633,0.018745493,0.8524787,0.40356663,2.1221578,1.5488175,1.1575953,0.008067182,0.14215738,1.2887193,0.25277367,0.13437496,0.42948785,0.086654104,0.03167844,0.7130323,0.52229744,0.6903959,1.8685029,1.6759111,0.10572445,0.4124565,0.17078036,0.36433792,1.000121,2.4996636,0.2304937,0.6796293,0.64204496,1.0979599,2.1025512,0.44699416,0.7709883,0.2610158,0.3272841,0.0017717353,0.30595142,0.15673764,2.6672552,0.5856874,1.0460982,0.21609634,0.12394175,0.27496317,1.2731222,0.7714602,1.0114509,2.1514294,1.11097,0.3043766,0.8270391,0.0950071,1.1705675,0.45714682,0.1316879,1.6180416,1.1790493,0.49921206,0.25369713,0.5027442,0.015327859,0.26184973,0.91148686,0.33081895,1.7170376,0.5397935,0.5565424,0.6962164,0.2597112,0.11088661,0.7039678,0.2842963,0.78127724,5.4439006,0.35101447,0.71948355,1.1719619,0.15069124,0.13785245,0.34341234,0.40988314,3.6424148,0.59454405,0.023819305,0.4321826,0.924611,1.1519094,0.6605024,0.74214363,0.005672995,0.26153284,0.1404347,0.12178804,0.5183835,0.19851361,3.3498957,2.4630508,0.18329191,1.2212155,4.4665923,0.8951553,0.009843787,1.9854388,1.194789,0.28886852,1.3773625,0.65870386,0.10243387,0.22417562,0.2504938,0.57688993,0.86735564,0.12896502,0.0939264,0.31920674,0.1309738,0.6133423,1.6998553,2.342609,0.49980432,1.1886494,0.55823547,0.30514017,0.8931492,0.21891811,3.344434,0.23315728,0.15734246,0.16690359,0.48784235,0.025293607,0.42457217,0.015806483,0.043819442,0.7820039,2.1625426,2.4257648,0.0818343,0.01438428,1.4959936,0.2023243,0.6676766,0.86589295,0.93617314,0.34672102,0.61565983,1.1464761,0.009401682,0.98134375,0.04492321,0.38820094,0.5070351,0.37104982,3.7655478,1.0272834,3.758341,0.3133494,0.17693783,0.8292112,2.0377343,0.17423597,0.4274348,0.8128727,0.5104381,0.7854689,0.29268223,0.71990585,0.0024252746,0.06429853,4.237206,0.28693756,0.07392457,1.3197165,0.24723731,0.07609637,0.83012116,0.49555314,0.4869365,0.52204245,0.043573257,0.19692554,0.71950895,2.123709,0.26339424,0.6598374,0.6392921,1.234464,0.9670802,0.33261716,0.41672033,0.8351454,0.9486764,0.84273565,1.191687,1.2231002,1.1603149,3.4487715,0.60610694,0.013883544,0.6174599,2.3293834,0.26041314,0.17190285,0.38056615,1.8442289,1.7608925,0.6860859,0.11652722,0.24252875,1.2559779,0.09331252,0.10583887,0.079673745,0.7002741,1.260045,1.7318183,0.3448803,2.941712,0.31177488,0.5018689,0.6727435,0.0073790243,0.28336143,0.9946272,0.35391247,1.4507071,0.86291605,1.3629254,0.7023726,0.53038895,2.872866,0.9205264,1.5976285,0.43951914,0.02430325,0.61547947,0.072469965,2.1521463,0.33407408,0.58480513,0.70303047,0.9513721,0.76211905,0.20328148,0.093530186,1.1534643,1.0509326,1.1615973,0.24408591,0.13927294,3.1687167,0.045110535,0.5044694,0.005896955,0.38191962,1.8024153,0.8534702,0.30719033,1.0389211,0.0107108075,1.2547857,1.0566182,0.03329354,0.68934834,0.51698214,0.31079113,0.35974884,0.19092047,0.07953037,1.4430374,1.1832993,0.2521795,0.41782278,0.5251522,0.24120887,0.8038185,1.1817693,0.43479404,0.7249162,2.1490264,0.74109423,all_pothole_images\pothole_images_new_image_204.jpg
0.28835937,1.14272,0.5240308,1.8160753,1.3912293,0.026839036,0.7675932,1.3426696,0.35386762,0.72560996,0.12663099,0.51268095,0.074845344,1.4804633,0.025871754,0.746788,0.024650455,2.5548124,0.87839544,0.13386124,0.070674956,0.07990948,1.0728487,1.2462591,1.1465745,0.22479516,0.5341415,0.0518491,0.0,0.17032078,0.021439046,0.28179613,0.22835778,2.2689903,0.0058948766,0.49562207,0.24236827,0.6211663,1.9870096,0.22462146,0.18929368,0.12968943,0.18118274,0.061586525,0.3456912,0.71650463,0.3528205,0.0,0.8802543,1.1744936,0.16133611,0.14531317,0.2648766,0.1324116,0.0013195421,1.1612566,0.01678948,0.8699113,0.7060553,0.0559108,0.08754368,0.14835979,0.0023195485,0.009714258,1.7669262,0.10095652,1.2615694,0.095077224,0.7237012,0.0187658,0.083268076,0.59514797,0.037936024,0.044647492,0.25365314,0.18858178,0.29100984,0.047682874,0.045121852,0.38051668,0.0054755136,0.06756356,0.9614718,0.18873127,0.29839173,0.8652611,1.2094247,0.15160395,1.0041221,0.24208711,0.6524343,0.004895176,0.34645122,1.1596568,0.78356856,0.0071444493,1.9378929,0.574231,0.0024610811,2.0556996,0.46413022,0.5993857,0.25040904,0.031716995,1.0672337,0.24722616,0.22846752,0.13821578,0.19242243,0.81879765,0.29995567,0.1401682,0.09137228,1.2852529,0.11888135,0.37685853,0.04228152,0.55102223,1.5259165,0.868823,0.9605193,0.52956295,0.73754275,0.50556564,0.20803517,0.3860735,0.004895252,0.8629698,0.18241729,0.08593616,1.8265861,0.07717118,0.12934607,0.015524663,0.71288127,0.18240438,0.7393227,0.2827381,0.22072318,0.47303623,0.37527117,1.6165814,0.40706983,0.6142199,0.02937696,0.80030227,0.77866983,0.8616884,0.38106108,0.033171374,0.06279786,1.4006248,0.0817476,0.014806988,0.4800691,1.2338136,0.5502292,0.61862475,0.9057947,0.064762086,0.51636183,1.1466311,0.15252952,3.1027515,1.2924664,0.14858177,0.12374355,0.064284414,0.3540717,1.3519707,0.36566713,0.43912715,0.07653062,0.31349385,0.73900306,0.4063729,0.11536929,0.002205997,0.21205364,0.4558898,0.110108934,0.8249621,0.32322186,2.4053233,3.5683513,0.03458897,0.0748675,0.51091766,1.3392504,0.32702756,1.0447816,2.2191043,0.1856014,0.40496188,1.1263074,0.5416571,2.3231163,1.328132,0.9026067,0.0144831585,0.49235198,0.7543163,0.0,0.11982219,0.16120277,1.4523004,1.6819601,0.68995106,3.67365,3.3222008,0.07137913,0.05814775,0.45269042,0.32738584,0.13355953,0.15603174,0.23848574,0.039236356,0.7987697,1.4162824,1.191938,0.519306,0.769951,0.0,0.15033376,0.16709252,0.05636583,0.0003590322,1.625009,0.024823159,0.028140282,0.53478587,1.4628791,0.10955554,0.0024841924,0.08667577,2.4966736,1.1890154,1.2774516,0.90976256,0.203202,0.16012013,0.43176886,0.8733553,0.458032,0.027769623,0.2730909,0.1666077,1.732519,5.355028,0.0,0.19794637,0.5900968,0.020210953,0.05577565,0.0809047,0.0607694,0.5103141,0.06089281,4.259662,1.4708977,0.23017457,0.32324937,1.63076,0.0010210951,0.16488685,2.07179,0.40597802,2.0660279,0.5215379,0.18413696,0.0,0.38395354,0.9072978,0.32462266,1.1126306,0.21753725,0.46799672,1.0095206,0.58309144,0.10133515,0.5660726,0.7438405,0.002608,0.016203562,0.86143756,0.86476237,0.84462994,0.108047314,0.24617946,0.5405051,0.30561587,0.4593861,0.56964266,1.4322335,0.27801937,1.8521868,0.17528611,0.030889763,0.78420496,1.9177841,0.33488363,0.14069715,0.044108797,2.551473,0.07788309,0.042251494,0.0,0.12696226,0.020894775,0.24517432,0.59714353,2.437962,1.7220383,0.39190254,0.02322232,0.27054524,0.32788217,4.0592976,0.051985096,2.2527993,0.9764412,0.5680018,0.17970791,0.33125296,0.32861453,0.078608826,1.4790382,0.5225228,0.45041218,2.5286841,0.0,0.8260496,0.1991921,0.8861099,0.042524707,1.5242568,0.23256418,0.42080712,0.6127548,0.5441476,0.06400295,1.0130175,1.674195,0.11066914,0.14170666,0.008720306,1.054528,0.32350254,0.25257763,0.0,0.11070187,0.06487482,0.48181674,0.024587816,0.046464004,0.051512416,1.6458282,0.45473048,1.0525036,0.64317113,1.3677322,0.10627363,0.12426559,0.04522998,0.017682346,0.5319678,0.2822023,1.1723633,0.66452694,0.27331907,0.4722959,0.41214538,0.36652118,0.021437544,0.14967066,0.04497967,0.3438413,0.16083121,0.510682,1.997671,0.13162142,0.07623568,0.8702839,0.1431065,0.01394338,0.8320603,0.6268712,0.2806973,0.514257,0.003955305,1.0335089,0.040734418,0.44418886,0.0,0.6437434,1.3206098,0.55460596,2.6659296,0.2912429,0.05341007,1.8007873,0.70174205,0.0,1.4923316,0.3304887,0.45124376,0.35767943,0.027984565,0.03241341,0.16897836,0.3633381,0.080861695,1.7329098,0.0,0.43875074,0.8759437,0.5988946,0.16348414,0.06110774,0.03547467,1.2347852,0.422731,0.8865889,0.878138,0.7672168,0.1926383,1.1287911,0.35033777,1.0144972,0.32868832,0.5564924,0.71087164,0.34166563,0.0,0.28215298,1.8434541,0.00970567,0.12028257,0.82120824,1.2598974,0.1580407,0.0013975889,0.0009523821,0.0,0.11343552,0.08262046,0.0072157495,0.0105546955,1.1070791,1.0077646,0.2983013,1.2070272,0.03711586,0.118035875,1.0595636,0.45437878,0.26058957,1.6240091,0.6596691,2.6963196,0.94631106,0.44323254,1.2064021,0.05582157,0.043779235,2.352846,0.14923005,0.044077717,0.017332714,0.50548947,2.5411487,0.026241455,0.87601656,1.3673652,0.32316205,1.7193049,1.4206839,0.14347349,0.20490709,1.1028231,0.8531363,1.8340579,0.46283013,0.08716913,0.2656398,0.37489343,0.011124124,1.0702049,0.14905247,1.2216281,1.0081521,0.07246491,0.14499676,0.11705686,0.3760959,0.060465325,0.08701904,0.45646113,0.13753048,1.7970836,1.7536063,0.28594822,0.24630935,0.10426817,0.81632614,0.38533884,0.40205753,0.074573025,1.1752789,0.054339632,0.05095657,all_pothole_images\pothole_images_new_image_205.jpg
0.9101852,1.2148709,0.0020797073,2.4372628,2.5141969,0.5581854,0.17037115,0.013442047,0.29415205,0.66926557,0.51648355,0.50185573,0.08305909,1.2746308,0.33019,0.11115304,0.33018008,0.15638532,0.6346083,0.19200617,1.7548195,1.0723696,0.58047354,1.1918803,1.9861003,0.09065877,0.66330117,2.9859173,0.75422263,0.21464542,0.9391436,0.49830112,0.6857875,0.64784765,0.119575575,1.1117522,0.5710782,0.57247645,0.17785189,0.7274223,0.0,0.026102062,0.12989348,2.0439212,0.3740439,0.24363416,0.15755755,0.2942229,0.38576514,0.5063629,0.26013905,0.52599764,0.0065132226,0.020531323,0.4212761,2.166921,1.8010269,0.3630402,0.08916138,0.1319134,0.17633134,0.44616348,0.3424484,0.06972608,0.45654774,1.4819311,0.047139786,0.019092662,0.22579595,0.0044724303,0.3891645,0.2103901,0.381048,0.47202775,0.44411862,0.22624576,0.18241958,0.8340768,0.0,0.3307896,0.04196313,0.44969153,0.24007607,1.5413315,0.16401252,0.30827978,0.076387614,0.039621178,3.3398461,0.15926747,0.6760584,0.008506226,0.08915902,0.1213904,0.36018646,0.018009152,0.83573943,0.10558646,0.34341866,1.2868897,0.003104116,4.7859097,0.12262114,0.08409043,1.0059288,0.052972276,0.4451107,0.46638712,0.121460475,1.1554915,0.02694533,1.7982408,0.9421383,0.47127196,0.40949428,0.63530326,1.1985588,0.29509348,0.9088131,0.7843653,3.1322737,0.22381759,0.009948734,1.9620225,0.88086575,1.9717977,0.81729686,1.3654175,2.5421264,0.13841237,0.7044569,0.0,0.021434462,0.15809765,0.72107226,1.4082009,0.7218554,1.0220356,0.027618272,0.0,0.83870584,0.27175838,0.51082456,1.004262,0.19003554,0.5853052,0.04728068,0.935002,0.24730483,0.09683957,1.1522168,0.6143135,0.62380385,0.4735003,0.7965704,1.2789546,0.27868593,0.100968726,0.88454795,1.9279408,3.1561997,1.1025519,0.049713768,1.4154309,0.037310068,0.6784793,0.81997246,0.3943816,2.3545918,1.3360652,0.021160085,0.0,0.25525168,0.9958956,0.16302419,0.16194312,0.28796807,0.0,0.04632437,0.3091721,0.022707582,3.7936761,1.4476469,1.3797044,1.5710579,0.708237,0.18156129,0.7928505,0.29715076,0.1623413,0.16656071,0.287928,0.3434456,1.0678289,1.3674359,0.3559676,0.92475593,0.6508503,0.4331236,0.1558126,0.5018273,1.5692736,0.60281676,0.44950917,0.051775694,0.32042223,0.514506,0.4499774,0.85292065,0.22286904,0.045668982,0.0,0.18101403,0.49237332,2.049126,2.134095,1.2860817,0.17827761,1.0133317,0.34341416,0.8435519,0.0,0.7687325,0.28497118,0.11770602,1.059319,1.4628085,0.25602862,1.4677813,0.251707,0.18831295,0.25231633,0.25105083,0.34920126,0.11226668,0.0,2.9103358,0.24202725,0.03011531,0.036119495,0.002288903,0.000981014,0.59917563,0.026860325,0.6496123,0.052988056,0.344103,0.036551338,0.50891596,4.2058144,0.5457674,0.17929786,0.38819113,0.040358014,0.24261649,0.0019062653,0.058649335,0.53874016,0.5845085,3.4854162,0.49429336,0.27884078,0.8321181,0.12765372,0.16625233,0.49378616,0.72304285,0.14404558,2.0811486,1.1317188,0.17085694,0.0,1.5406744,0.19016503,0.36893913,0.6779575,0.22400704,0.1444837,0.78703636,0.8241858,1.2835145,0.4869918,0.26743725,0.2727852,0.6268319,0.49752682,0.5704006,0.3922021,0.30834585,0.52417344,0.2325648,0.14188527,0.43031725,1.3278809,0.27834597,0.6830032,0.41278246,0.3498224,0.046073403,2.8284051,0.83103615,0.06513441,0.031478174,0.6413196,2.9610393,0.03964211,0.51521665,0.17441864,0.5105317,0.47851494,1.0908568,2.3010128,1.8374039,2.8722417,1.1253285,0.45904478,0.012060294,1.6967044,3.3253117,0.30168745,0.29617685,0.41716817,0.8372404,0.37974644,0.4760735,1.0666338,0.32135254,0.032920167,0.21948887,0.043010354,1.3364005,0.83881176,0.59238523,0.08451852,0.08639558,0.22319946,0.4015653,0.042728454,0.1967425,1.9479163,0.14810845,0.51139724,2.99394,0.21324924,1.786002,0.0070728506,0.4947167,0.6345766,0.63688695,0.036072608,0.47959906,0.5072629,0.13509366,1.0465614,0.0047331415,0.024909021,0.33541185,1.0300257,0.7995926,1.4185976,0.15892683,0.700229,1.538388,0.4473491,0.23256952,0.05005098,1.2369341,0.040128503,1.4907151,0.17259562,0.77919376,0.2453707,0.26907218,0.6096967,0.5548811,0.6142934,0.81293094,0.5170664,0.95356077,0.2852676,0.52148134,0.0,0.64508045,0.9646653,1.371345,0.9656151,0.38603738,0.10221341,0.023606924,1.4760016,0.21182601,0.43938446,0.04630459,0.16189384,0.11943548,0.063257866,1.9750743,0.18203035,0.48560286,0.48980057,0.71903336,0.47775066,1.0372634,0.59897894,0.571296,0.048580676,0.64905226,0.054451846,0.54821795,0.16249603,0.9114461,0.11532193,0.14616422,0.05404265,0.0018272236,1.063904,1.4416581,0.2691037,0.51545024,0.019798454,2.8147364,0.45174813,1.366204,1.6992035,2.501273,0.42546096,1.0721396,0.43938616,1.0146973,1.3933747,0.22890939,0.60687226,1.5902077,0.33921888,2.012628,3.6793232,0.85555696,0.4025668,0.6657674,0.055181257,1.2756623,0.28081468,0.0019563162,0.12592873,0.034823645,0.089130566,1.5918448,0.75962126,0.0,1.3915038,1.0823916,0.17516005,0.5004084,0.6404748,0.917294,1.4883032,1.0629824,0.09820881,0.49551156,2.1512303,1.6418637,0.16355498,1.3913994,0.026516175,0.85526353,0.1838657,0.16431193,0.017972292,0.2870242,0.6305983,1.2921729,0.56980145,0.085343346,0.65247595,1.6219106,0.1386067,0.04816424,1.3628883,0.7076717,0.055228837,0.42168343,2.6805022,0.15518604,0.20453557,0.45227298,0.17160673,0.54735374,0.003695674,0.5833018,0.053680662,0.59454155,1.9577622,0.0,0.14392388,0.11974132,0.032533977,0.1663649,0.009964221,0.25251165,0.18773842,0.2509214,4.4778523,1.4995102,0.9840482,0.5229684,1.2962548,0.1860601,0.3669749,0.12340714,0.3085687,0.63142204,0.23137248,all_pothole_images\pothole_images_new_image_206.jpg
0.3104219,2.5280375,0.3966348,2.6528637,1.4789017,0.62501585,1.2578523,1.5352011,0.4440328,0.49347967,0.8552788,0.7345836,0.15573376,1.8306215,2.3318675,0.27654338,0.47508284,0.8749156,2.6681206,1.4066844,0.08530558,2.8063064,0.14629206,0.5423544,0.21153685,0.713367,1.9133675,1.2485545,1.5558157,1.1160896,1.1128646,0.28563043,1.9516556,0.026728915,0.71922916,2.6636782,0.758797,1.933434,0.15429713,1.0510216,0.89475274,0.22973259,0.34247285,1.9603745,0.28533167,1.1737485,0.19926666,0.0028454328,1.1480687,1.0486186,0.95492125,0.8754598,0.25744778,1.1632637,0.17012167,1.3085333,1.9429963,0.325597,3.5060873,0.27547103,1.0198572,0.6185908,1.2331384,0.6701431,1.0505043,0.9389576,0.5076542,4.238722,0.6315367,1.2351768,0.69173664,0.28139237,0.053534172,0.5175618,1.4746664,0.8914298,0.56893384,0.7655416,0.35079765,1.3674831,1.2137883,0.33684495,1.2219075,0.72466356,0.75131786,0.6254819,0.75456226,0.8900114,0.81492776,0.5020551,0.079599716,0.4689289,0.46281254,0.7523626,0.877461,1.6462387,0.867349,0.8885727,1.7144026,1.8560486,0.18277724,1.2817435,0.7830069,2.1859894,0.5508682,0.72845405,0.29568037,1.7868606,0.05679993,0.026147548,0.22753108,2.7873447,0.20410319,0.08893453,2.8367682,0.053131286,1.3708898,0.1591203,2.4555616,1.4697521,1.0292282,0.5781474,0.014065649,1.4675664,0.13600394,0.15883999,1.433783,0.1718825,0.23427406,1.2205496,1.8390229,0.14283744,0.43662748,1.1538904,0.19934736,1.2988815,1.5447711,1.3970903,0.5508219,1.17605,0.2103285,0.3634256,1.0899659,0.48135683,0.049867764,0.8059861,0.47983566,0.27096573,2.874288,0.30021977,2.1552885,0.47508413,0.28768787,0.37615973,1.6938336,0.18461032,1.6266755,0.45062068,1.7818155,0.27837574,0.7000041,0.2284,0.54117346,3.5708823,1.392498,0.54188746,1.5571548,0.18754981,1.5773296,0.12302356,0.61836517,1.2395159,1.250721,0.88039565,0.21764806,0.03958945,0.1833163,0.7372142,0.9056134,0.9773257,1.0154108,1.0119522,0.27545682,1.324555,0.48890147,0.75515896,0.33364245,1.3109052,0.69750404,1.6287295,0.20786674,0.8363434,0.12498579,1.1860195,0.4262012,0.4795241,0.5495165,0.09928158,0.45539457,1.1016785,0.8571467,1.2126983,0.15318319,0.36393672,0.012834395,0.40267882,1.6359107,0.27944544,0.50793123,0.83737797,0.25084755,0.9255721,0.9854285,1.199016,0.92162913,1.4837892,0.4231894,0.19311722,0.2136541,0.7127091,0.4857329,0.27805978,0.41565147,0.5730512,0.2790512,1.387727,0.9208819,0.09545966,0.2953782,0.72151107,1.4673367,0.98751473,0.6477786,0.11695377,0.387832,0.003684462,0.73479,0.08972234,0.1449093,0.7354885,0.9245932,0.6916368,0.42439425,0.8500131,1.1872452,0.41035149,0.13182515,0.15112,3.2824981,2.2245045,3.5531473,0.49078462,0.36101297,0.050372317,0.30646318,2.1837997,2.7559955,0.29725635,0.53399706,3.7640567,0.28210893,0.9349238,1.9194345,0.97428846,0.5489025,0.64360136,0.05579767,1.2211796,0.5386848,0.7232183,0.026383944,0.99324775,0.5770146,0.0143359,1.0763954,0.63832533,1.182858,0.17786439,0.7754995,0.9932111,0.8821417,0.7213534,0.27602324,1.8341148,2.451409,0.43948948,1.5668458,0.4344299,1.6967646,0.25250784,0.49116337,0.021208216,0.12129638,0.09661921,0.42628226,0.8574715,1.130444,2.6705742,0.416041,1.2581624,0.3005047,0.809629,1.724865,0.47619948,3.058523,2.2076128,0.09510375,0.81526273,0.97593856,0.9283545,0.3129457,1.2001673,1.3033787,1.3172812,0.83711374,1.750316,0.19668442,0.88888806,2.818088,0.09855909,0.85230887,0.5485506,0.6310855,0.056240153,0.24159649,1.850305,0.618334,0.93849576,0.48375148,1.5367833,0.6410897,1.6564754,0.2861377,0.43894988,0.13609555,1.5237124,1.908303,2.9379156,0.63377225,1.0675924,2.971283,1.2252586,0.80579543,1.1931099,0.37444562,1.0691183,1.8836433,0.9401874,0.19913548,1.6834489,1.654673,0.2195802,1.0620728,0.5296625,1.2922769,0.45954362,0.48436156,0.76989794,1.2565188,0.30855656,0.9701745,2.0377426,1.1789172,1.119146,0.36911902,0.11243866,1.100289,0.12618957,0.25060087,1.7456702,1.4238069,1.3251623,1.3896194,2.0463047,0.16731447,1.2495348,1.0639299,0.18979067,0.11562746,0.94323707,0.59937185,1.5602266,0.084634416,0.6505836,1.6947342,2.4610813,3.8164115,1.1957493,2.6576526,0.6721617,0.9317992,0.17839782,0.8452205,2.1394591,0.69922435,0.00983948,2.388851,0.22750187,1.9374533,0.555073,2.4910731,0.20070836,0.92430425,0.43028298,1.1909012,0.24474074,0.31587124,0.8424248,0.33001342,0.72292876,1.5713888,0.34341913,0.0052798134,0.87694114,0.1218903,0.5233053,0.774154,0.34172356,1.4608862,0.39170915,1.8645933,0.704708,3.9988031,2.474963,2.1570623,1.4135109,0.62550914,1.0903673,1.9645276,0.6188306,0.58865404,0.8851857,1.6149528,2.3472855,1.1480467,0.55845743,0.7676031,1.0880843,0.16533083,1.8637657,0.9278193,0.53831285,0.23670642,1.0101657,1.2215043,0.99517953,3.1494987,0.009419339,0.98404783,0.6050891,1.622874,1.8703535,1.1306316,0.53775185,1.4475583,0.58944637,1.8329027,0.99535125,1.6769207,0.5927017,1.9118437,0.45961916,0.24537776,0.8223738,1.4468144,1.7556264,0.18396449,1.0299785,0.16334681,1.5799729,1.1453722,1.1760777,0.35771933,0.19164927,0.36382148,1.4989108,0.45868924,1.9668332,0.4652067,0.347815,1.3664055,2.1264236,2.0736277,0.25749874,0.03126133,1.0811416,0.9843184,0.23722205,1.3625094,0.28140885,0.791409,0.6799777,1.0023643,0.26786944,0.6335526,1.9658327,0.009104046,0.3429558,0.35752988,1.3844523,2.303081,2.5705707,1.0592171,1.4953314,1.6089829,1.2441142,0.20000845,1.475637,0.26191,0.5281276,0.7435444,0.79991436,all_pothole_images\pothole_images_new_image_207.jpg
1.3964709,1.2216125,0.35745588,1.5093639,0.17631844,0.65121716,0.23174699,0.037863348,0.08212763,0.5398773,0.39460176,0.4836717,0.19341631,1.5165601,0.59698635,0.024199653,0.05529857,1.1655784,0.05556345,0.93930435,0.7515159,1.0703624,0.44952703,1.0443556,1.2029525,1.25013,0.54017633,2.05795,0.15087494,0.0626251,0.37816116,0.72785324,0.6232155,1.625439,0.71552444,0.2921392,0.27173713,1.6885653,0.09950015,0.3331717,0.0899156,0.3950514,1.180694,1.2384589,0.33617756,2.2585413,0.629348,0.021721272,1.6572449,0.3779756,0.339503,0.12597926,0.3312265,0.06283496,0.19531031,1.4460284,1.4797802,0.106670804,0.66278493,0.015862627,0.15179612,0.14968632,1.1431973,0.46097884,2.1010132,2.101538,0.14698733,0.16176517,1.7191371,0.50264543,1.5304372,0.40925342,0.5034371,0.95666283,0.61446977,0.022948314,0.16144215,0.33866042,0.024244428,0.06811801,0.1575347,0.21920364,0.16924089,0.30276468,1.2466161,0.39673403,0.8483651,0.20977671,1.0423273,0.73525363,1.1879295,0.22147427,0.38097385,1.0465876,0.15467937,0.17295097,0.9571716,0.57619816,1.1369659,1.9283712,0.018048875,2.5928044,0.94791985,0.27984223,0.1657709,1.1837234,1.056839,1.3877021,0.13345508,1.0981847,0.091608755,0.554245,2.4328597,0.8781136,0.3412378,0.3040377,0.9933292,0.34495038,0.71185255,1.1542963,2.4617333,0.20224832,0.33956337,0.7354248,0.5384852,0.29129273,2.876098,0.8522574,1.6197771,0.41754514,0.7864436,0.013181301,0.06550186,0.24425852,0.3499179,0.78764594,1.0842043,1.1187694,0.033182457,0.17263502,0.7903239,0.19593683,0.23508812,0.51006913,0.90397745,1.2256769,0.0,0.82816845,0.78499377,0.19746828,0.4463575,0.42198086,0.2955728,0.025563788,1.1172678,0.3177727,1.479623,0.029306445,0.52174914,0.66048884,1.8744123,1.6671468,0.156212,2.1069765,0.051634233,1.3186047,0.9366783,0.53994745,2.0828762,1.5060506,0.214155,0.25404713,0.5987863,0.22538581,0.3858512,0.7433057,0.8484764,0.20678255,1.0246838,0.833718,0.41201034,1.7153974,1.3440968,0.52197605,1.2815483,0.9881506,0.02473128,0.5229141,0.7808774,0.09542467,0.29118243,0.3606622,1.0649625,1.7269837,0.55173486,0.2959089,0.9283159,0.31410688,0.08984344,0.40178043,0.81011534,0.6445649,0.31453723,1.514501,1.4691286,0.0592697,0.98540014,0.71428484,1.1547248,0.87437034,0.061779197,0.19815664,0.47567752,0.09108993,1.5401642,1.0011454,2.031278,0.5561489,0.0,0.31150672,0.72593015,1.3398566,0.99604684,0.022713766,0.11606757,0.598991,1.6383975,0.3859464,0.6227626,1.0598958,0.08135214,0.38607255,0.66148627,0.45964915,0.17282213,0.18125315,2.9945478,0.21185476,0.5636617,0.31999406,0.33729187,0.13355748,0.6787,0.27200547,0.640519,0.018942237,0.77327126,0.5509229,0.055328775,2.8479738,1.1522413,0.073798634,0.6703177,0.26534998,0.067217276,0.410974,0.8772972,0.3316019,0.40168792,1.4255829,0.7212334,0.4218089,0.40605357,0.69556844,0.11827499,1.1699208,0.17789827,2.1830323,0.83314955,0.49974182,0.18674254,0.04084899,0.17444248,0.752282,0.38276532,0.26988676,0.45773283,0.7490815,0.44578633,0.8841724,0.6987323,0.34272376,0.28260556,0.2663356,0.55190605,0.037043355,0.923039,0.41724667,0.5472702,0.3339311,0.59579366,0.322728,0.3945901,0.7760114,0.34325594,0.22430468,0.6193818,1.8895975,0.22393604,1.5501522,0.42759708,1.1766571,0.07676914,0.31805605,4.2808614,1.1941392,0.009395612,0.32180512,0.15187679,1.2391622,0.37718806,1.4940466,1.4045573,1.4556441,0.9986651,1.539031,0.013335714,1.2691544,1.3062485,0.07216765,0.8460275,0.011466064,0.39577615,0.057821672,1.1841829,0.2364247,0.3706074,0.20848002,0.7023494,0.27856964,1.6548158,0.49685037,0.049361758,0.49755076,0.2171813,0.24534617,0.32203323,0.46500117,1.0350804,1.3869884,0.43976343,0.49237373,2.1738734,0.59976286,0.5738181,0.73861724,1.0558058,0.77260596,1.5209818,0.2465619,1.354239,1.1348577,0.30698434,0.50873977,0.9500662,0.17804906,0.008246712,1.5922529,0.12319868,0.2696157,0.7585083,0.387032,0.97870815,0.024992235,0.15369624,0.046412904,1.4687603,0.64435834,0.77629167,0.61288464,0.8029978,0.7544129,0.5778663,0.07809017,0.4039438,0.44311562,0.44473267,0.530366,0.84913313,1.3463172,0.66135824,0.24643175,0.4821489,0.29048136,1.31311,2.697776,0.3609577,0.0,0.00029706224,0.4948789,0.03970108,0.60408205,0.06397676,0.42680487,0.1284515,0.55797994,0.59594476,0.9318466,0.25745523,0.59606653,1.868978,2.2719438,0.86511856,0.3159931,0.29150853,0.7485697,0.31846792,0.7979246,0.80937284,1.3707496,0.8500403,0.31570682,0.24561924,2.5080357,0.014820153,1.6468948,0.61769795,0.45300117,2.6263158,0.9956777,2.4854572,0.3072707,0.55401504,1.8347245,2.5598586,0.009824027,2.110971,0.49217227,2.3254755,0.815552,0.47309864,0.6816339,0.5457371,0.5300312,0.7729355,1.4506011,1.3400599,2.455175,0.30603904,1.2843555,1.1022658,0.57978916,0.12364805,0.24273723,0.27382544,0.18637353,0.25693512,0.04320395,1.1211721,0.5834798,0.645203,0.37795871,0.17142268,0.4874564,0.75309354,0.82238597,0.4623441,0.7928042,1.1048757,0.45717105,1.6475089,0.40926373,1.2661699,1.1654935,0.8916065,0.055066418,0.9582021,0.13854334,0.73998296,0.30795467,0.28227726,0.67445505,0.14997987,0.15881361,0.35631272,0.0022472101,0.5787379,2.0785887,0.3938305,0.070242226,0.3135063,1.9463124,0.05181696,0.68260455,0.2554882,0.110105485,0.43303597,0.38445106,0.813576,0.14724371,0.9558167,0.6669892,0.5639732,0.34628415,0.688151,0.5030441,0.2820336,0.1269913,0.38626066,0.640713,0.95517,2.2740767,0.3532433,0.14515275,0.60311866,1.5752845,0.7015317,0.1778101,0.65558815,0.33647957,1.0401232,0.5187361,all_pothole_images\pothole_images_new_image_208.jpg
0.5748776,2.0720098,1.034874,2.2288516,2.4834166,1.2779531,0.048783284,0.0,0.93135846,0.7670345,0.110651724,0.47870052,0.3014595,0.4777515,0.8715865,0.57935655,0.040060315,0.0062856833,0.17709701,0.5314054,1.766524,1.282491,0.5145469,0.8311025,2.1223447,0.73984325,0.8224355,2.5885675,0.20215069,0.3691288,0.5680074,0.4150983,1.0025176,0.21327552,0.3623446,1.7541605,1.0011559,2.2860548,0.15762162,0.5076441,0.046720717,0.15432182,0.109235585,3.920796,0.71665037,0.074584,0.014714321,0.47146887,0.5585266,0.5310603,0.58895665,1.8638214,0.2030095,0.40326515,0.20771371,1.9316448,3.0716074,0.12702669,0.21110955,0.37906486,0.001746075,0.3582174,1.0785133,0.2555452,0.007183531,1.2873727,0.31655356,0.94703776,0.53150666,0.40316632,1.0177665,0.8195412,0.7782809,0.53928703,0.57159495,1.5465262,0.28418958,0.8802081,0.0,0.8173203,1.5338546,0.0,0.07708667,0.43887016,1.3608273,0.20573635,0.25538343,0.3474222,5.6836777,0.117357515,0.48757103,0.17893456,0.2034364,0.4484663,0.41285348,0.09683276,0.24362405,1.8861349,1.5065458,1.0779281,0.0,3.1791394,0.31044105,0.3848966,0.17427304,0.07087873,0.4841397,0.050430734,0.13931477,0.68642396,0.09435132,1.6619487,0.159832,1.1790034,0.47542524,1.4200414,1.6420605,0.05189878,1.3726538,1.1423604,2.8152184,0.8350156,0.17453018,1.335718,0.6157431,1.0094721,0.18840879,1.4440553,0.73238325,0.37915906,0.91525143,0.03746208,1.174754,0.41922954,0.6052714,0.64467186,0.38278896,0.8759127,1.3224369,0.18098548,0.46065232,0.15712531,0.041522924,0.4974987,1.004606,1.0402321,0.7591152,0.39746693,0.012022055,1.7080395,0.83320016,0.8559209,0.07490757,0.02422033,1.4873466,0.55094475,1.0736773,0.12452197,1.2996913,0.9377466,1.2744666,0.53247637,0.20496318,2.3838146,0.01711282,0.05808438,0.5522671,0.17217095,1.3145561,0.41356346,0.9675197,0.66321635,0.49464053,0.8003567,0.64422834,0.04992131,1.0181572,0.26193815,0.2692668,0.18041408,0.102312185,2.1170282,3.487556,2.6081858,1.7071439,1.3346397,1.073385,0.23558319,1.8145764,0.38022092,0.6240144,0.36853486,0.09612268,1.3216683,0.42629957,0.85853887,0.6051029,0.041449245,0.31173977,0.7490145,0.9194586,0.21189137,0.28905657,1.1052411,1.1676047,1.3605654,0.0,0.6259525,0.51687175,0.0,0.42054802,0.7559685,1.1384212,1.626269,1.5229241,1.1558785,0.1796489,0.08049064,1.1120119,0.009444098,2.1224668,0.016478825,0.18039972,0.035234172,0.14598475,0.7205916,0.2844757,0.22432303,0.46773008,0.75251853,0.14900076,0.731911,0.4383242,0.022412265,0.5225912,0.2873488,2.014275,0.08586523,0.03189202,0.16426012,0.28055,0.035322808,0.026368111,0.070557125,0.1621273,0.21482569,0.52277374,0.0,0.31657258,2.6536102,0.56427085,0.4252444,0.87104565,0.8477627,1.1140137,0.23326597,0.9185945,0.008827798,0.3736613,1.3226768,0.43320236,1.2815274,0.607556,0.30407554,0.44412073,0.52930754,0.00520186,0.30930415,1.5234879,0.12283036,0.40972632,0.14246826,0.64994276,0.23372988,0.34354734,0.5773384,0.4944364,0.07760712,0.16848777,0.9138948,0.15943749,0.0654534,0.8253129,0.036445506,1.0601033,1.12052,2.6763706,1.2982562,0.2820404,0.0009527038,0.65888035,0.8498118,0.0434132,1.6984619,0.8591408,0.47230816,0.48542038,0.03066881,0.042996086,0.9491046,0.21529867,0.7811999,0.12773435,0.999396,6.745482,0.87972826,0.0,0.63173795,0.7311324,1.0886085,0.28591782,0.6884282,3.1531875,1.0470597,0.32132944,0.97020346,0.5411284,1.3572911,0.5305094,0.03648568,0.15183507,0.98503774,0.34082505,0.07782343,0.89845973,0.6406935,1.4881369,0.91911393,0.700688,1.133979,1.8050675,0.5821532,0.41713873,0.019591952,0.49212068,1.136984,0.9398718,0.55491537,0.6056748,0.98674446,0.9960618,1.130144,2.3636003,0.084883675,1.2287266,0.0014516689,0.12239263,0.0021403297,0.7945293,0.24733432,0.568597,0.9975932,0.69576824,0.19630104,0.40707374,0.044167887,0.36591777,1.3484986,0.45834532,0.5682428,0.0,0.0,0.59946555,1.3038459,0.40774664,0.28392255,0.3793354,0.086783186,0.22485322,0.39947003,0.492375,0.6256986,0.5364617,0.26235867,1.300038,1.0356508,0.32133028,0.109303094,0.3167952,0.31256694,0.047660943,0.12829421,0.3145093,0.8772334,2.5739043,2.327893,1.8977259,0.68730897,0.56180805,0.9815352,1.5974442,0.0013793648,0.09024181,0.08498027,0.08758145,0.049596187,1.1791432,0.18781331,0.30581546,0.47954464,0.92132753,1.5770081,0.006852172,0.88750523,0.23846692,0.273553,0.041627966,0.85697407,0.3986568,0.865029,1.2422717,0.47645664,0.4392035,0.39602855,0.009589736,0.43722752,0.6297051,1.1279203,0.060665853,0.00081258174,2.8157444,0.2302315,1.4248906,3.4371212,2.4988158,0.15622838,0.9521472,1.8610939,0.02729131,0.6637169,1.7545913,0.030495701,0.66208583,0.6345442,0.49257502,4.0096884,1.503915,0.44017676,0.17425996,0.4576766,0.95559925,0.08926767,0.008703062,0.58535993,0.13512897,1.2019202,3.1960692,0.4637805,0.5190983,2.031119,1.034808,0.45127657,0.46947524,0.10087796,0.41096368,1.0379168,0.8096511,0.5022013,0.36094502,1.7879351,1.3013844,0.20353219,1.3091449,0.4374676,0.92262965,0.21719506,0.2811419,0.13094835,0.27729967,0.8237701,1.2135086,0.1198051,0.49113363,0.2726752,0.54788697,0.1580724,0.263816,0.7743604,1.417222,0.2952048,0.4283506,3.4523244,0.17489013,0.1565441,0.0137261525,0.0052422704,0.70825344,0.5672129,0.012598476,0.1525523,0.0043696193,2.492076,0.070177406,0.16657336,0.0,0.006094362,0.2582656,0.0,0.21923564,0.008707408,0.14064781,3.3506408,0.5708868,0.57166,2.1907413,0.30695942,0.11263634,0.7145574,1.0810734,0.3871882,0.64048856,0.34134036,all_pothole_images\pothole_images_new_image_209.jpg
0.065781996,1.4322606,1.7721252,1.4087623,0.30219892,0.1279889,0.33616197,0.5028718,0.1619416,2.1790495,2.137192,0.7976886,1.7644793,0.31594026,0.0,0.7046849,1.2073699,0.0,0.22410235,0.008731478,0.22854373,0.79515046,0.71864164,0.7702945,0.48196745,0.36246568,0.30766958,2.1623406,0.09310158,1.601404,1.2747213,0.7582998,0.5684462,0.6842908,0.8511486,1.1745155,1.2361635,0.93692565,0.4642215,0.4609382,0.37960145,1.429383,0.19882654,0.72198737,1.0278287,0.20028815,0.1865501,0.022736136,1.0869147,0.014223947,0.11870223,0.45727542,1.0589616,1.1253866,1.0358291,0.7574352,2.0207717,0.012244666,1.4944865,1.9200392,0.25845158,0.49643928,0.2898485,1.5515447,1.6537023,0.064065546,0.03213124,0.3249021,1.6729574,1.0732533,2.395308,0.7688589,1.1634192,1.0909503,1.7149519,1.0296465,0.30282453,0.0055052866,0.50164926,0.66329813,0.62279207,0.1448787,0.37586477,2.888904,0.4481555,1.968806,0.20199561,0.20969021,2.5901082,1.159106,0.24830513,1.3682884,0.4575474,2.144175,0.0,0.028162468,1.0423045,0.96614385,1.185306,0.6085607,0.5546864,1.3393545,0.42332274,0.59304553,1.8948843,1.2456985,0.856499,0.96285754,0.8754504,0.239586,0.26152313,0.54955095,1.9175781,0.66909593,0.1624732,0.48860973,1.3423499,1.374827,0.2665815,1.1686416,2.134683,0.0128409155,1.1834414,0.64292794,1.0276272,0.7161393,0.25472626,1.5872052,1.2704585,1.6601168,1.2643868,0.012725718,0.52818066,1.4612409,3.7088385,0.9200649,0.7354721,1.4091198,0.23492813,0.32975352,0.25873148,0.6434832,1.562356,0.14219522,0.5906748,2.0970948,0.13694714,0.09669747,0.37848714,1.3124557,1.2111567,1.1485438,0.9214236,0.7181563,1.3486313,0.07674923,0.60696286,0.099874556,0.018338582,0.3041882,0.521162,1.5769523,0.5147645,4.790351,0.26677424,0.29156673,0.36405367,0.29364285,0.27964297,0.81555074,0.18768688,0.82895863,0.5286805,0.1073962,0.9241641,0.62528735,1.5529251,0.07459293,0.04061519,0.64038074,0.84130687,0.59684235,2.5227842,0.80517626,4.8873296,2.245462,0.3595658,0.9522461,0.774865,0.6302272,0.054059308,0.9265133,0.7759824,0.9307221,0.21419373,0.50699633,0.65552145,0.11048807,0.2425948,2.9719157,1.4996353,1.4840262,0.114734955,0.09873051,2.094733,0.8170515,0.0,0.03734072,2.0011659,0.89102733,0.13358404,1.4636314,2.7675743,0.8164996,0.9979088,1.6255938,1.2511073,1.3563578,1.6738079,0.2607165,0.628682,1.1393245,0.7623063,0.45571175,0.26851997,0.5500488,2.1565526,0.17332499,1.2361319,1.1591202,0.22155312,0.50627464,0.840162,2.1509962,0.14461398,1.8222435,0.42085117,0.010761567,0.061107118,1.2422955,0.647888,0.7519913,1.6592135,1.4034445,0.11022663,0.016795563,0.72373897,1.3885006,1.2345334,2.813774,0.24469341,0.42344105,0.5018555,1.3369554,0.3755506,0.05984096,0.8480604,0.50621104,0.16706355,0.8495433,0.06405506,0.5426579,0.7601344,0.14409068,0.9009362,0.8422026,0.023478232,1.1713781,1.2005091,0.5516764,1.0157548,0.2792368,0.8352493,0.5030986,0.05771278,0.9758546,0.3956862,1.6762778,0.013353218,0.6614755,0.31119752,0.11941419,0.2897606,0.68632996,2.1566024,0.24452586,1.9190583,0.6581206,1.5477531,1.5154064,0.22855408,0.018479077,0.17365035,1.6014893,1.7887912,0.6269193,0.54121804,0.81479144,0.16556112,0.34421718,0.9704353,0.8499869,0.6530436,1.1070986,3.3948164,1.5611104,0.8748876,0.90891606,0.76383364,0.21931796,0.08168789,0.92926264,6.2541833,1.1170747,0.008757406,1.5588253,0.82588005,1.0628804,0.76453614,0.8412932,1.621123,0.27699575,0.046041068,0.8227143,1.1740094,1.5119573,0.6815269,0.30822998,0.95857775,0.6958143,3.9225905,0.25130415,0.0,0.061212316,0.331594,0.24509971,0.10834538,0.069366306,3.1351924,0.045658406,3.896501,0.65596604,0.8347444,0.84995705,1.5791235,0.7428162,1.0821979,0.7735642,0.68230474,2.1156456,0.022353292,1.3011374,0.3914377,1.4636589,1.9542811,0.0,0.030182833,0.21337472,0.8696133,1.2238303,0.64783126,0.2174201,0.26551098,1.2693489,1.2591717,0.61841834,0.7696717,0.59626234,0.112267666,1.555859,1.2199337,1.8198054,0.329946,0.10010354,0.7348457,1.3307588,0.2515066,0.21520968,1.0739973,0.6891506,0.13846411,0.36132595,1.0106477,0.6372033,2.5135672,0.36471373,1.5560867,5.142801,0.056372456,2.4212294,1.1836035,0.5010889,0.3531814,0.45941404,0.6580401,4.9880776,1.0274475,1.2042005,0.7453593,0.34730676,4.4707413,1.2420937,0.7856517,0.20731916,0.003377455,0.3609112,0.81181985,1.0613898,0.37087575,0.5372659,0.40681753,0.04032925,0.8538692,0.4989626,0.6829356,1.5637398,1.6345971,0.26146278,0.6885455,0.44957736,0.38670716,0.78742933,1.1395546,0.13639475,1.3134234,0.1696523,1.5260525,0.19296958,1.2487223,0.74656934,1.1024228,0.8070478,1.5391836,0.21018592,0.3257283,2.7803714,1.6262982,1.3716346,0.71103257,0.36417735,1.2721176,2.6593134,0.46109453,0.8513294,0.1376822,0.57658637,0.7583657,0.32050887,1.0762122,0.66780216,1.2574681,0.23432598,1.7371767,1.1375636,0.59726864,0.9465047,0.75558025,1.4937408,1.5270464,0.047739837,0.76752114,0.17855266,0.89868784,1.4311681,0.6560375,1.1948843,0.09316023,0.0,1.3351476,2.3176312,2.4953215,0.69077206,1.2818502,0.0,1.0802201,0.28591442,1.2598414,0.09977888,0.8649115,0.15068442,0.7497831,2.4607003,3.7184124,0.58064896,0.028782055,0.412409,0.47762215,0.53366804,0.2905908,0.29775202,2.6981447,0.52508825,0.32190454,0.17532511,0.25508028,0.88436157,0.46868786,0.85861164,0.8320675,1.6589473,0.14001687,1.8535589,0.8591133,1.4549943,1.358669,0.16017888,0.33351502,1.7619921,1.8153704,0.066120744,2.240002,0.5508379,all_pothole_images\pothole_images_new_image_21.jpg
1.3758929,0.58054936,0.35735193,0.8936495,0.0633051,0.8059512,0.7709921,0.90568733,1.9729205,1.015291,0.55944216,0.903618,0.016311707,0.45932022,0.3043319,0.073078156,0.0612419,0.12528566,0.92262864,0.32202312,0.7822931,1.6948167,0.44841656,0.21064767,1.3382466,1.424667,0.20428424,1.4305985,0.024409747,0.90009314,0.41591927,0.32835573,0.5425756,1.2692882,0.03949274,0.12344866,0.14183092,0.3303035,1.1033406,1.5301083,2.415735,0.9454892,0.7485929,0.05700464,0.13177446,0.89555013,0.48187676,0.61995244,1.8796576,0.37920296,1.1543171,0.20693107,1.180913,0.017948046,0.5152089,0.9193686,3.839243,0.59349656,0.36814958,0.8560927,0.35779065,0.332088,0.7200425,0.7253393,0.17048933,5.0066557,1.2188714,0.45660052,1.7583476,0.6962677,0.35932082,0.67063475,0.76774037,0.3610923,1.4066844,0.26957032,0.9332451,0.9636953,0.8194725,1.8489392,0.1701406,0.024903111,2.2914336,2.504891,0.5151319,1.4257462,1.37522,0.5905523,1.3709956,0.8066192,0.99550515,0.23206702,0.5497944,0.29774258,0.6412932,0.39612693,1.4384542,0.64192724,1.5870981,0.695522,0.54865235,5.071232,0.62222576,0.82793146,0.19540681,0.7925074,1.2559155,1.7790452,0.6679975,0.95162797,0.28598967,1.6552902,0.8319576,0.4016466,0.18391716,0.26072973,2.654689,1.3690134,1.7921114,1.734042,1.6035222,0.63616353,0.2880077,0.50130683,0.6160933,0.064060815,0.2461024,1.2910552,0.515373,0.45895097,0.22351514,0.027299723,0.49121258,0.6644669,0.54306394,0.79289204,0.33500218,1.9704072,0.1989582,1.6362224,0.52598476,0.7340346,0.65673625,0.35464314,0.26354337,0.51871747,0.37198955,0.8932723,1.3922436,0.13711403,0.34604728,1.2515062,0.035764884,1.1271061,2.2064855,0.37872586,1.1610354,0.98180777,0.3447808,0.64849734,1.811114,0.26530942,0.6612891,0.46284026,0.43047956,0.70965105,1.5679506,1.8649501,0.60751307,0.5215713,0.77552515,0.33430207,0.170533,0.28870082,0.95904726,0.21234913,0.45285517,0.40453315,0.31220487,1.4307581,0.5847235,2.370991,0.15538564,0.8531256,3.3159537,0.71108806,1.8468114,3.4430308,0.4785374,1.4114453,0.84781426,0.06355512,0.40751857,3.1173863,1.071939,0.6314511,0.790545,1.8540233,1.33134,0.9407352,0.60573685,1.3012059,0.7744886,0.6838496,0.23129141,0.55170983,0.51915497,0.5900146,0.15273316,0.69376916,0.3278385,0.15819502,0.972113,1.5829554,0.94928503,0.71097934,0.71728563,0.37171268,1.1778424,1.3634958,0.83986914,0.3317679,0.5820898,0.5693296,0.49155647,0.5684471,7.4377017,0.6180443,0.74762374,0.57628274,0.2965391,1.3837972,0.9385644,0.35141417,1.5882677,0.16346157,3.2539206,0.0015183433,0.31244212,0.09407759,0.5988699,0.8927911,0.33672753,1.4987733,0.17618594,0.2765052,0.54332125,1.2314305,1.327994,1.6218221,5.047989,0.31914392,1.0886786,1.323927,0.07135758,0.052416377,0.6831903,1.3113121,1.2952906,0.6125061,0.6591126,0.029237725,0.1511824,1.7952815,0.8889522,1.2664688,0.10716414,0.9327676,0.39855742,0.21831769,3.0132458,0.30878004,0.06794955,0.15203847,0.602727,0.63538,3.1326003,1.2841676,0.21260516,0.4257577,0.23175211,0.5438745,0.17026767,1.8195676,0.06169181,2.0167253,0.725275,0.51516134,0.61540544,0.1190159,1.345927,0.63614243,1.0444406,1.2127787,0.24608402,0.39120218,0.4970443,1.1048957,0.3565808,0.2848464,0.043687653,0.6034819,0.23940228,0.53033465,1.3248543,2.5324554,0.23521012,1.1154683,0.22700197,1.5815974,0.44860053,2.0546029,0.7956431,0.6563605,0.27292335,1.1824831,0.67623603,1.0618205,2.3347359,0.67676806,0.64262164,0.08189783,0.0,0.11938807,0.8639133,0.6429741,0.5029242,0.17079085,0.64463043,0.74194235,0.73878783,0.73870355,0.5989716,0.202133,0.17774566,0.64652455,0.30374455,0.77288,0.086708896,0.23755553,0.038541317,0.16165967,1.7359248,0.05055232,0.3735321,0.29982403,0.18839924,0.5418996,1.2983679,0.07560712,0.4597213,0.34050688,3.0255506,1.1789848,0.646078,2.0176094,0.34318775,2.6842003,1.6469941,0.30915928,0.33015227,0.0035994025,1.442912,0.7530937,0.032056473,1.5879899,1.4054043,1.2249919,0.44333756,0.21956584,5.7485576,0.15987791,1.6411082,0.7163508,1.118884,0.0057909596,0.10245054,0.10774394,0.7680049,0.25900775,1.6487162,1.1394857,0.6837652,0.79378134,3.1747527,2.0592296,1.2077161,0.14101222,0.34337538,0.7975452,0.5167121,1.5653961,0.017792044,0.31577402,1.2550511,0.091780595,1.6652741,0.4729181,0.4186311,0.4943843,3.4838548,0.7160087,0.20890102,1.1933465,0.03422873,0.76351863,1.319392,0.29381633,0.0017795876,0.012405189,0.21391481,1.0768236,0.34672838,0.9483701,0.4033955,0.30070078,1.4789938,0.5548015,1.8645029,0.3396131,0.7706332,0.01735847,0.9514432,2.4495132,0.6884824,0.09918917,2.6084657,1.0342703,1.9038631,0.80604833,0.3252718,0.8282825,0.7578921,1.0624287,0.57932353,3.658931,1.3381709,0.67260385,0.5643109,1.2518678,0.04769906,0.97259045,0.3777418,0.5548961,2.0144145,0.34083888,1.4321572,0.80983657,0.74046683,0.6209703,0.7729861,1.1329002,0.2953021,0.5906593,2.868796,2.1286309,0.018725188,1.3633876,2.3799098,2.225465,0.98074037,0.6902945,1.4930594,0.31549639,0.86784595,1.439434,0.7248437,0.25213596,1.0742723,1.4759787,1.0136222,0.32643023,0.9126361,0.48572826,0.28395003,0.592693,0.1407898,2.2927973,1.7809557,0.041302472,1.7658638,4.540015,2.277746,0.07527588,0.623401,1.1697061,1.2641987,0.65509033,2.3594513,0.45331198,0.7822459,0.4934428,0.21692091,0.5665406,1.0619651,1.2182286,0.9807372,1.1723461,1.278527,1.3519415,0.0498279,3.0413558,0.62200034,0.9764661,1.3262937,2.0898187,0.6628196,0.06830161,1.7794945,1.30747,3.4065282,0.99979025,all_pothole_images\pothole_images_new_image_210.jpg
0.22865964,2.2012806,1.2685144,0.46803015,1.1646215,0.44355598,0.51038194,1.575445,0.6573818,1.8497986,1.1339545,0.02682769,0.07070579,2.992004,0.07308748,0.49340075,0.48520884,0.21557076,0.6498256,0.05271069,0.10922617,2.574562,0.7580433,1.0103233,0.077995405,0.25178704,0.64194757,1.2132342,0.3493365,0.23213896,0.19794327,0.6431684,1.2612971,0.11751593,0.38453853,1.1245116,0.88267493,0.30383354,0.5248165,1.2684007,0.48705015,0.12758096,0.04932023,0.5279934,0.68478936,0.00084174087,0.79256827,0.038927346,0.9455753,0.2530166,0.44556096,0.16522604,0.9181367,1.0190083,0.1855263,0.10854706,2.3714035,0.0346503,0.9758599,0.308201,0.99514645,0.34157607,2.5237498,0.3288629,0.9164033,1.0516827,1.7119576,0.29344633,2.7589996,0.05928644,1.6369847,0.50509655,0.096092895,0.009237238,0.20882569,0.30297905,0.64741236,0.79605836,0.7773674,0.5139985,0.54937094,0.84375393,0.17838645,4.0424027,0.6335212,0.21223418,0.18814175,0.48874003,3.6037114,0.24624547,0.42281052,0.9310378,0.21392915,0.9819024,0.01526212,0.67058206,0.4903147,0.9232056,0.58681417,0.093945816,0.59377337,2.4557486,0.46533322,0.02023687,0.041294456,1.0259441,0.27262524,0.033146847,0.07678589,0.52487886,1.8328038,1.6200684,0.18955906,0.18462989,1.1548678,1.3021975,0.6634643,0.970139,1.1059281,0.1958143,0.6814781,0.6510064,0.9375333,0.20045367,0.61353874,0.4826704,0.7109655,0.8985027,0.011773102,2.2703292,0.6751574,0.7605126,1.0526623,0.95372295,0.99820924,0.018322406,0.016985307,0.4940416,1.2718151,1.2002503,0.8548959,1.0495011,0.17827009,1.2581146,0.77270114,0.66830397,1.381952,0.037068803,0.9404887,1.4454072,0.09956422,2.5317948,0.7392889,0.94866407,1.3366116,0.66461575,0.4392667,0.17682475,0.7597645,0.7010495,0.48402053,0.31899402,0.1566933,4.950225,1.5032607,0.73978996,0.49131373,0.6036328,0.6702071,0.16329645,1.5100256,0.110365435,1.8551087,0.8587681,1.4357724,0.14471947,0.7647613,0.018209873,0.22406375,0.5344556,0.95940804,1.9514338,1.3137894,0.25725883,0.96166384,0.6990988,0.28571796,0.07217471,0.31737098,0.7865349,0.799729,0.734565,0.4029203,0.28609142,0.5049756,0.29402247,0.08329535,0.37439197,0.72975904,0.5662672,0.15749297,0.56411,0.38870442,0.11949235,0.24949647,0.3298296,0.40112203,0.10658167,0.12841365,0.1670905,0.39819452,0.5097525,1.390003,3.5507333,0.23953114,0.24521753,0.38677788,0.65217334,0.86728346,0.47119233,0.5822308,0.6090796,0.46666273,1.2251886,0.04948289,0.72608614,2.326306,0.72646683,0.9773722,0.09535498,0.26812395,0.6179596,0.61622256,0.287003,0.03658886,0.14858934,0.68361235,0.6285231,0.044062473,0.14894998,0.46938342,0.06641189,0.023373535,0.43406436,0.10764841,0.37243658,0.9526778,0.0,0.045615807,3.3286276,2.3540864,0.24708688,0.15975252,0.35802084,0.14563186,0.8379448,1.4595708,0.59886116,0.5639388,2.1837146,1.138622,0.6143557,0.4952287,0.98249954,0.14644238,0.5531886,0.10613785,0.613874,0.21061996,0.4711652,0.13453445,0.08245334,0.1419051,0.17150424,0.14478551,0.9461332,1.3669016,1.2250595,0.4582647,0.7036967,1.141938,1.7402923,0.040787738,0.34276524,1.3338747,0.08833727,0.7103809,1.9716759,1.6892341,0.52498955,0.015947243,0.46571824,0.47652417,0.11806219,0.8600151,0.6311125,1.0039752,0.67987067,0.6143663,0.30393642,0.17328626,0.19562794,0.30600002,1.0224006,4.1153507,0.45393696,0.04266702,0.9519988,0.80630445,0.31862628,0.2748523,0.63980407,3.5032685,0.25254494,0.26106182,0.33560115,1.020049,0.44230643,0.62662303,0.51610094,0.16993964,0.095718354,0.19931172,0.023040824,0.6218199,1.2301103,0.6194684,0.9987713,0.944377,1.227417,0.5980519,1.4486074,0.30306602,0.7400676,0.9931122,0.32675108,1.6541561,0.25682938,0.803461,0.18437807,1.5777835,0.5598157,0.39101377,0.014384957,0.88468105,0.56552327,0.77783453,0.038633443,0.7428338,0.5345436,0.34210122,0.24386516,0.7309486,2.0944977,0.32836735,0.7129711,2.89715,1.026259,1.0058761,0.32803842,0.11862435,0.50974905,0.76877373,0.33415285,0.08287484,0.40835735,1.9009209,1.7111171,0.21666047,0.6478271,2.4494693,0.47423953,0.79889125,0.78996307,0.10939283,0.92878836,0.002857218,0.516127,0.02864044,0.7379758,0.3782861,0.10736561,0.9368772,0.9936263,1.636331,1.4866627,3.6734521,1.3858222,1.8723996,1.5847707,1.4566737,0.36497512,0.5396751,0.85210526,0.20793661,0.0075598187,0.015946977,0.46599883,0.07830312,0.2601833,0.94326246,0.56636924,0.30206951,0.8447913,0.55358154,0.008892773,0.99544996,1.0843512,0.12903489,0.56027496,0.72049063,0.45337975,2.3996348,0.63176113,0.16467997,0.36901817,0.24058323,1.9546434,0.8450848,0.37874177,0.5589138,0.1901529,1.8994427,0.538836,1.5594625,1.2108414,0.52924573,0.83875686,0.6054801,1.2441726,1.1267473,0.48538545,0.22579886,0.11048125,0.5385159,2.3446763,0.2319322,1.1798044,0.28520268,0.3708079,0.936008,1.1703925,0.24731077,0.006538279,0.5321406,1.1324852,2.8726256,0.45139074,0.730891,0.7852486,0.07738356,1.0064118,0.8878871,0.6221024,1.3295748,0.9088003,2.7129354,1.3618447,0.23910284,0.16275892,0.6893184,0.34203103,1.1671898,0.570764,0.13691244,1.1066613,0.6430313,0.28342348,1.4903163,0.8105068,1.1685549,1.4672596,0.34122482,0.27932906,0.1217932,0.507655,0.67332566,0.00024189678,0.3592682,0.62468743,1.1802392,1.6002365,0.32245564,0.22176045,0.023370285,1.0141912,1.7283763,0.14045674,0.34139508,0.12509993,0.94061524,1.6018823,1.109482,0.21769887,0.12453764,0.9327072,0.86819154,0.081411175,0.5623489,0.23536341,0.9418208,4.146154,0.11719543,0.6116296,0.10791878,0.29243067,0.0,0.35884058,1.3953044,0.81783,0.5837004,0.53251696,all_pothole_images\pothole_images_new_image_211.jpg
0.95889235,1.5901431,0.99650216,2.072212,1.6617825,0.10101596,0.19563341,0.0,0.4507608,0.54030275,0.23306856,0.6802639,0.0046072146,0.8372483,0.21756084,1.6848477,0.169636,0.0024873225,0.0374636,0.020293549,0.15922673,1.811742,1.4302324,1.2370379,0.44028473,0.6612605,0.07216528,2.164036,0.16825522,1.0387226,1.8534968,0.17657,0.8500631,0.35390052,0.5342724,0.2533087,0.9299025,0.16741556,0.41501686,0.7004698,0.034342907,0.701409,0.8323655,0.7902716,0.6620357,0.0068309833,0.3242763,0.5210535,0.25036895,0.0,0.3445148,0.4517529,0.1816981,0.13027585,0.0,0.2211662,1.3791575,0.046968002,0.076812394,0.17351414,0.0,0.36217794,0.3287095,0.6974474,0.42929533,0.321486,0.37606403,0.117486395,0.08508835,0.04854786,0.34489962,0.012100877,0.19107962,0.59206426,0.027648324,1.5174953,0.27394623,0.28164026,0.006259855,0.7116255,0.44541955,0.28914678,0.0907113,1.6830893,0.2076377,0.66913915,0.12286618,0.045938637,4.1244535,0.2839342,0.11853905,0.010854738,0.032764044,0.072499655,0.18785639,0.057256818,0.29187128,0.73378474,0.046045516,0.644914,0.17197788,1.0810052,0.6680871,0.57162356,1.0426006,0.0,0.12953815,0.056076232,0.19976841,2.0328255,0.020809883,2.6116366,0.46897754,0.5500738,0.7014221,1.0173695,1.8015077,0.11117316,1.043675,0.55201805,1.2958282,0.40216306,0.19681075,0.48771566,0.9682969,0.99282336,0.75881016,0.41869238,0.37022328,0.30935675,0.325012,0.094871946,0.23471422,0.0,0.17226365,0.30255005,0.05995506,0.12153331,0.052500527,0.0,0.22579145,0.63742965,0.19786753,2.0983303,0.4002336,1.0153399,0.05756755,0.8150436,0.12897088,0.5940398,1.1831467,0.41023362,0.5911175,0.45404753,1.0113707,0.8528132,0.32072765,0.1078477,0.8442946,0.4285571,1.0673573,0.28284958,0.04703764,1.5244323,0.5387211,0.5340389,0.92539984,0.018302467,1.1575032,0.28603938,0.008195124,0.35644364,0.30176905,0.023127025,0.93181205,0.34825033,1.1412543,0.0015001446,0.0018609861,0.013778553,0.019797357,1.0920688,0.5061144,1.1082697,1.3691437,0.08984099,0.16209376,0.07483868,0.7994067,0.29033118,0.71779305,0.27912185,0.34795836,1.3600835,0.726632,0.24417487,0.43548647,1.5679212,0.50048447,0.23030797,0.6880839,0.2502691,0.0,0.03086869,0.14456119,0.5370102,1.0881526,0.15660003,1.7985824,0.118687674,0.2856705,0.31718352,0.54027003,1.3355964,1.0738049,1.6864624,0.3596436,0.0,1.9243343,0.09324208,2.9789631,0.0,0.19518115,1.2200223,0.36199355,0.35807014,1.3877422,0.6850497,0.79398984,0.23257434,0.19164088,0.35854694,0.402888,0.054092035,0.4709458,0.09747505,2.1580327,0.00975706,0.67671514,0.34896278,0.40541345,0.009818616,0.4578834,0.48928896,0.08706533,0.028479278,0.6811598,0.025043324,0.64637715,3.2601979,0.44978452,0.1813756,0.13503313,0.043421444,0.66105765,0.0,1.5970037,0.014508435,0.6363978,3.2379336,0.38564292,0.577957,0.5865606,0.023141013,0.6338874,1.7036214,0.18445224,0.14733626,3.3906586,0.13729651,0.47971502,0.0,0.24902503,0.44020972,0.26642373,1.4404969,0.0017030573,0.679608,1.2304399,0.61139196,0.07330687,0.42526218,0.80416745,0.668959,0.28803155,0.28891474,0.5570099,0.68140775,0.26857305,0.062021565,0.15634418,0.62078285,0.38921776,1.0268903,0.1270036,0.72040826,1.3927948,0.22767583,0.007386992,0.53358626,0.32770476,0.21485904,0.057279952,1.3837816,4.5766263,0.14938554,0.40595502,0.55055445,0.5147142,0.19898386,0.4931955,1.4604703,5.783968,1.2628921,0.14501026,1.5230093,0.0,1.2610762,1.2057501,0.30928758,0.5555703,0.5115618,0.43134913,0.37785318,0.30681133,0.117512405,1.2443166,0.66497606,0.99792796,0.38381913,4.3582654,0.12475539,0.03363401,0.22357707,0.011530205,0.1493844,1.2552603,0.5386864,0.67381424,0.05247154,0.45159975,0.7520595,2.1071212,0.04955316,0.12273132,0.070425205,0.27909184,0.05153067,0.21205433,0.21542087,0.080056086,0.9296312,0.28994852,0.3867381,0.12354093,0.0031888061,0.43523082,0.19612224,0.09664168,1.3086606,0.27709338,0.53906995,0.8253837,0.50156254,0.06850567,0.5679606,0.73361766,0.055471588,0.4808211,0.40310225,0.19740787,0.4231243,0.10889956,0.041582398,0.8715516,0.30921808,0.30706647,1.3523978,0.11598284,0.17273599,0.4639659,0.046614353,1.1640447,1.3281885,2.9364567,0.941608,2.27636,0.13751443,0.057327874,1.4348154,0.28171155,1.9057268,0.052632753,0.040558957,0.0,0.8799957,1.1933362,0.31552696,0.004950608,0.009198461,1.1928047,0.77615684,0.8622013,1.4729624,1.2570469,0.42339,0.5041855,0.37127486,0.045403276,0.15251172,0.7414928,0.16971005,0.7759932,0.21127443,0.025759771,0.2692314,0.32125986,0.5097311,0.68930894,0.05789815,1.0999254,0.10158856,0.95066816,1.6752377,0.9798422,0.37889278,0.6963365,0.63542235,0.21879421,0.9699773,0.47345218,0.29622233,0.1814865,0.51899874,0.06967487,3.9220095,0.37948367,0.65147513,0.15239643,1.058628,0.8574854,0.15468745,0.18187632,0.10123606,0.049475513,0.0,2.4684558,1.2181797,0.20216417,0.47485062,2.6018538,0.20503438,1.8479327,0.5670318,0.41892484,0.6481212,3.160167,0.29454076,0.14215615,0.96697426,0.8691411,0.12317976,0.36854658,0.025616916,0.68530935,0.2996404,0.10796469,0.08229676,0.28311068,1.2950995,1.2820995,0.038805343,0.10219943,1.1231148,0.27059707,0.09841092,0.5019292,1.199295,0.19732489,0.905483,0.70540595,2.4877956,1.7530838,1.1055048,0.012358225,0.5997905,1.272743,0.401507,0.4911216,0.21611325,0.23676576,1.8230155,0.09054732,0.0,0.010684893,0.06570101,0.39953747,0.13854489,0.0,0.01221939,0.014832193,5.8338847,0.47176456,0.65478766,0.3034638,0.770791,0.033339683,0.40542668,0.42756593,0.9568759,0.041387685,0.17543153,all_pothole_images\pothole_images_new_image_212.jpg
2.750185,3.621737,1.0197235,1.5920839,0.46238226,1.606085,1.078161,0.42163143,0.77818483,0.13363235,0.32643342,0.60681057,0.25841802,0.108003214,1.1351606,0.66013795,0.39683852,0.0,0.29428276,1.111882,0.035387635,2.8274498,0.7631617,1.9613343,0.04708689,0.70401514,0.54275274,0.27189794,0.058649525,1.7004899,1.6933843,1.021631,2.0323558,1.4759969,0.31346625,0.38619277,0.09007309,1.574055,0.7510267,1.3847011,2.275707,1.9838773,0.022157263,0.046487432,0.3922971,0.282585,1.8254547,0.34008494,0.65619355,0.107963316,0.040893156,1.678497,0.97428876,0.30502683,1.1725178,0.45824143,0.2042462,0.14901248,0.26043645,2.0753224,0.005856657,0.25059015,0.5889563,1.2653728,0.20281029,1.1819179,0.19008772,1.736613,0.40772668,0.5606763,0.57422537,0.16106999,2.5702364,0.6827044,0.14071265,1.4672185,1.3743248,3.3788128,1.8934774,0.95486814,0.56704515,0.48566034,1.412758,0.5420423,0.049882293,1.3320303,1.2115616,1.891203,5.5985208,0.13275777,0.2663867,1.8222814,1.1635505,0.50507337,1.3593595,0.2166344,0.8726738,0.34429666,0.892946,0.054098282,0.083181284,0.94604397,0.016314192,2.1783974,1.0072188,0.6492721,0.13661717,1.7130747,1.3746805,0.8126905,0.37289312,2.6006134,1.312647,0.74709404,0.1254238,2.5049467,1.1310616,0.17569704,0.3289293,2.0399973,3.0984247,0.25897634,1.2879567,3.790619,0.85449004,0.13572247,0.9412806,0.49994773,0.069575086,0.14981717,0.5462666,1.5180191,0.2035323,0.78580254,3.6330822,0.31377238,0.17644444,0.452377,0.12943968,2.6257088,1.4822446,0.41360185,0.8504917,2.2168279,1.3644385,1.2050394,0.8859519,2.7973993,0.4555907,0.5102206,0.64148843,0.65057635,1.104695,1.1289408,1.9617138,0.110490605,0.9611967,2.998106,0.5921436,0.539602,1.3250067,0.8524306,1.1724844,1.6505414,4.3815117,0.7381168,0.2243548,0.40070575,1.2735968,1.0410347,2.5956202,0.032745536,0.60880405,0.06258952,2.9085407,0.052780308,1.2100362,0.009227446,0.859705,2.2229705,0.15313913,1.4716779,1.0773351,1.3129705,3.354981,0.6949715,0.6422657,0.0040402166,0.36297747,4.5876737,0.9893232,0.3066991,0.11750767,1.2504843,0.2451528,0.44724235,0.25324836,3.280089,0.51722544,2.4299128,1.0236353,1.3533231,0.28179592,0.5285287,0.11881415,3.5411158,1.262462,0.28539777,1.0570564,0.8686741,0.09195641,0.6049962,1.1980036,2.4040935,0.07761801,0.761999,0.36640555,0.17384925,1.4056996,0.6875736,0.021618005,0.028143259,0.054733608,2.0963097,0.40608308,0.4094643,2.6783438,0.100855045,0.643495,0.043199822,0.9656729,0.15871416,0.6500681,1.2765108,0.63996255,1.2836028,0.9593921,1.1366264,2.4607522,0.106006436,0.29088312,1.8296281,0.25674862,0.19855963,0.0,0.54869956,1.5888917,0.5084913,0.4531904,1.0660944,2.4091537,1.120764,0.6216592,0.28080207,2.7071924,0.050164923,1.4599719,0.3487426,2.0057921,3.0630019,0.4410566,0.62179744,0.69395524,0.018181827,1.7021952,8.651957,0.017804187,0.25658602,3.4194407,1.5029526,0.20060892,1.8477929,0.5090275,3.3472323,0.67693096,1.0979006,1.2482564,2.0409207,0.01357496,0.71466625,0.0,0.24898595,0.36376324,0.33949026,1.3612182,0.14838216,0.22453451,0.2431064,0.106826894,0.08686361,0.24725464,1.4267207,1.2115915,3.0005817,1.1274917,1.1786741,0.63412035,0.0016448658,0.44286048,0.06540933,0.0,1.3331418,0.047403272,2.4491272,0.06696822,0.23010911,0.21307614,2.2511795,0.72725433,0.14204323,0.83783424,1.570579,2.1859233,1.4108768,0.2808627,0.23692551,0.19171125,1.1784467,1.4022453,0.7401966,1.3259946,0.39104185,0.0,0.6508581,0.99939483,1.5692438,0.14046703,0.7288855,0.30607188,3.3794081,4.966941,0.8787566,0.27283937,1.7862701,0.24079077,0.35323998,0.3568587,0.07243898,1.2644517,0.29389533,3.2338948,1.0056182,1.113255,0.23650135,1.3266339,0.62631977,0.5294528,0.19056638,0.09701697,0.25195605,0.5097111,3.1783361,0.22009675,2.0078368,2.8608942,0.92859,0.3926915,0.08315374,0.22513138,0.46542972,0.44924068,0.6088116,0.951807,0.08705459,0.009505878,2.9845626,0.18088724,0.8579669,0.11546699,1.549461,2.0932264,3.0548675,0.12206377,0.063427,3.1607666,0.5070453,1.6468441,6.0672545,0.54206693,0.29396367,0.5252001,0.89148366,0.70286256,1.8226293,2.5869,0.82703334,0.65665966,4.2305074,0.33699962,0.83226866,0.35418776,3.3196065,0.99646276,0.34212786,0.29267406,3.1224008,0.38968128,3.2511282,0.17267932,0.38631865,0.087567665,2.0299504,2.1199727,0.80066246,0.17351745,0.28337067,0.4197474,0.43187058,1.0467455,1.4559796,0.26268137,1.3212184,1.358896,0.32866427,0.4698953,0.8974281,2.4558213,0.055216067,1.8504152,1.782591,0.19348033,0.24733745,1.2867464,0.31944203,2.371583,1.1788007,1.6784451,1.1799979,1.7327807,0.30349743,1.215156,0.29184633,0.15774435,0.50680774,0.13036846,4.2917533,1.7840124,1.2604355,0.41080227,0.8846334,0.31531733,0.025333127,0.43953127,0.55276287,0.47880405,0.44852528,0.7406859,1.4065181,0.1252954,5.3015847,1.5317308,0.63108873,0.2107915,0.57895106,0.39207676,2.3077457,4.4483843,0.87991595,1.0621947,2.4411087,1.4149598,6.542796,1.2646903,0.25597498,4.6839366,0.58793867,0.4937422,0.19059369,0.77834195,5.997492,2.1152542,0.0091325985,0.057175547,0.18972825,2.4542007,0.29350042,0.18973328,1.0245795,2.9697397,3.1584034,1.7110882,1.9086847,1.0114138,0.27217895,0.30123675,1.463122,2.2058344,0.7932716,0.1626413,0.19296217,0.016509244,3.3962646,1.0726926,0.0,1.4524498,0.72530437,0.8491302,0.43781614,0.85493064,4.5296555,0.45899534,3.7582958,1.7274023,0.8144468,1.9084463,1.3522402,0.07466525,5.538036,0.114968725,1.7251879,1.0630991,0.21930619,all_pothole_images\pothole_images_new_image_213.jpg
0.6789017,3.2560418,0.22012965,0.76044935,2.8660913,1.1562868,0.07296518,0.03237706,0.9034811,0.9499812,1.4400902,0.7182779,0.14363663,1.950109,0.58464533,1.0239333,0.53735435,0.45700407,0.7987119,2.478072,0.86491734,3.7141082,1.1080589,1.3551414,7.457879e-05,1.8920457,0.29074115,3.335776,0.028778497,0.8377321,0.39060277,0.285129,0.34188652,0.113013886,1.4299562,1.8967776,0.7062467,0.40542597,0.8452296,0.78530633,0.22647257,0.1429723,0.04680403,0.4909339,2.4755254,0.21813107,0.69908917,0.43711433,1.1409619,0.66027385,3.0340078,1.4001344,0.9367875,0.30556414,0.15339118,2.4581003,3.360074,0.79508907,1.969019,0.3208625,0.22512916,1.1117258,1.496127,1.150832,1.3697438,1.7660096,1.9672346,2.0760295,1.1667068,0.64231646,0.13589035,0.82291526,0.8397883,1.0901107,1.0987152,2.2030857,0.3350568,0.50943446,0.07086158,1.1843404,0.43121493,0.55483097,0.206434,3.0005538,0.87316436,0.043163687,1.9167991,0.6214698,3.0437224,0.24008672,0.30654937,1.370387,0.5994882,1.9945227,0.7483992,0.35292593,0.4428636,0.52288663,1.2253636,0.86453074,0.74380624,0.7607557,0.4140824,1.6530414,0.99667156,1.0961509,0.52874625,0.14688335,0.3429713,1.1846542,0.2029215,1.1680043,0.7282718,0.47918478,0.731483,1.6271988,1.905492,2.4065084,1.1375104,0.17708252,0.5161673,3.1946726,0.34089202,0.4286502,0.7970606,1.2534463,0.95787877,0.43707967,1.4174895,0.25697032,2.5909734,0.6976522,1.7865881,1.2289836,0.8019625,0.8060209,1.0854872,0.3477266,2.7426565,0.024825756,0.9399605,2.6908886,0.7791566,2.8722456,0.08061166,0.34922516,2.6249015,0.6337728,2.7752697,2.3023593,0.7510288,1.108901,0.71637154,0.3322261,1.3859402,1.2374257,2.043092,2.476413,0.604833,0.6615853,1.2747052,0.06290986,0.666976,6.025033,0.9072111,0.5600831,2.8975077,2.042636,2.4949863,0.1095098,1.2478037,1.32305,1.2207012,1.5237993,1.2435546,0.5474387,0.5948898,0.13869987,0.57565296,0.32030573,0.61616266,0.15672465,0.3414046,0.20857617,0.46101665,0.36492845,1.460308,1.2771479,0.06607304,0.648697,1.4260453,4.846942,0.5151581,2.6483994,0.48380262,0.3857142,0.22645919,0.5108841,0.16061394,0.9578485,0.13220637,0.94157743,1.0271072,0.0,1.031487,1.4024066,0.53134876,0.46899968,0.35246003,0.28990015,0.3206974,0.73363835,0.98079723,0.8116423,1.1114851,0.4178716,0.6772682,0.25587305,0.758619,1.7258567,1.2253388,0.09477244,1.6670815,0.16302952,1.1675805,0.66539866,1.5446109,0.106930904,1.5721779,0.0,0.81199855,0.45463678,0.25454342,0.06880657,0.4410654,0.068787105,0.7643718,0.0055486606,0.058381114,0.08839358,0.059377868,0.30297807,0.37059987,0.7819656,1.0213964,0.76265925,0.42755088,0.21137035,0.24595359,1.5661845,1.137147,1.2032573,2.552209,0.7651367,0.57681805,0.3354298,0.93499553,1.2487826,0.9131485,0.1661477,0.630603,1.5697033,1.7823265,0.3944775,1.2259737,0.5527065,0.06411821,1.0137329,0.68391556,0.9858074,1.053637,0.89468104,0.18573456,0.1042134,0.7261994,0.33029214,0.60912305,0.9816982,0.82691383,0.047516733,1.2116934,1.0859145,0.2587713,2.039743,2.119628,0.6307286,0.23915902,0.287438,1.2796801,1.4715987,0.04599816,0.05265047,0.47228482,1.6866034,0.86541873,1.3210566,1.8366568,1.6990559,0.49567008,0.14044406,0.025364725,1.0543346,0.14026463,2.131389,4.278236,0.6411335,0.8721274,1.007888,2.2264557,1.3062993,0.6492389,0.034401484,2.7131705,0.78488904,1.9931657,0.22696672,0.50991935,0.24500787,0.94771713,0.40092054,0.60935897,2.19273,0.078097664,2.3761578,0.87351584,2.1832442,0.95737064,0.41591886,2.1959918,2.557346,2.4157913,1.0220276,0.46427053,0.040489726,0.2748015,0.07805275,0.2751921,0.5591958,0.22801803,0.3092126,0.5278818,0.96070486,0.5654264,0.080146104,0.8149258,0.53127044,0.64783376,0.20015977,0.66691625,0.88074166,0.15696016,0.6843432,0.8739625,0.78815943,0.7529432,0.03366861,1.7972397,1.6285077,2.158729,0.6500731,0.35563308,0.9138004,2.755053,0.9896533,0.26597092,1.0869585,2.0707202,0.0463563,0.69100904,0.14296754,0.86515254,1.5663856,1.7701523,1.1503234,0.78950506,0.3423757,0.5147903,0.0033238973,0.67784303,0.99669677,0.53719884,0.3594125,2.1461542,2.1067853,2.2689707,0.1976396,2.3307865,0.3701021,3.1998699,1.5367575,1.4327439,0.40140897,0.6279531,0.12268716,1.3731073,0.006362894,0.8613053,1.5965248,1.4763408,0.39112815,2.7872763,1.8886725,0.076432586,1.5213971,0.046468608,0.0068419627,0.8748871,1.8716608,0.50416297,1.4876933,1.5977631,0.47817203,1.0495305,1.4562292,0.4947731,0.7448327,0.16155547,1.7588074,0.78018636,0.53449965,1.2307714,0.675545,1.493622,2.1255493,0.7734876,0.6533628,0.5532917,3.180621,0.23923352,2.035376,1.9722712,1.1784177,0.37385106,2.356698,0.43781954,1.9453615,0.6455864,0.033244755,0.2619914,2.0561368,1.551154,0.07920813,0.010910536,1.4390515,0.30232385,2.7263443,3.2166884,1.3383175,0.75779164,1.5876446,1.3095977,0.9184248,2.1547687,0.3614165,0.4570064,1.1372108,1.4322052,0.2040148,0.030608412,0.06467107,1.630063,0.48327994,0.66715676,0.40399298,1.1985072,0.8103918,1.5085012,0.24595556,0.6376048,1.1225827,1.2024498,2.0156624,0.92418224,0.5911982,0.5344788,1.3125663,0.8722394,1.5475881,0.07746657,0.72223514,0.98739374,3.6209416,0.31445265,0.40910053,0.14794704,0.46573654,0.20956136,0.086374104,0.11640625,0.16462405,2.2338357,0.45110404,0.84484714,0.24491793,0.4990372,0.4682461,0.3057047,1.2811681,0.47573057,0.7701712,0.96609104,2.0288024,0.13180178,0.49308434,0.6009199,0.73925716,0.0,2.4783494,0.85966045,0.54752135,1.6419278,0.049978703,all_pothole_images\pothole_images_new_image_214.jpg
0.032727554,0.6952368,0.0047109034,2.1571565,0.28371957,0.24879552,0.09777197,0.0055196285,0.047455404,0.7093494,0.8365656,0.1775341,0.0,1.6783148,0.0015381495,0.0016502306,0.39504042,0.8030401,1.3308753,0.07331481,1.0885302,0.60897857,0.2622582,0.44831675,1.1968522,0.32124582,0.51955193,1.6660969,0.84273964,0.11241621,0.17839879,0.35442165,0.26657754,0.04475224,0.0,1.7255292,0.56353205,0.47845104,0.38180307,0.6196249,0.061829608,0.0,0.06406609,1.0395181,0.16600884,0.5909792,0.030538281,0.108031034,0.13867906,0.8518957,0.9872041,0.045809276,0.022962255,0.003342536,1.3136073,1.3154054,3.1153567,0.81628025,0.017529368,0.0,0.0028244143,0.6229645,0.16649991,0.07777164,0.9406538,1.5901202,0.07620436,0.12297075,0.36365592,0.0748814,0.20914482,0.16805205,0.68432844,0.5944233,0.84026414,0.036620624,0.012928113,0.9422458,0.01657049,0.37883914,0.0,0.19265202,0.8078459,2.945865,0.17102662,0.22158848,0.05917197,0.4275765,1.5928167,0.27789876,0.46190658,0.23803532,0.31593782,0.6222194,0.20985329,0.045825526,0.3376455,0.13608086,0.98878026,0.51515615,0.14903714,4.74352,0.37119457,0.0,1.5238856,0.024429789,0.1063708,0.1926348,0.008657342,1.0754339,0.20081311,0.90996003,0.3369566,0.68508416,0.08870338,0.3891178,1.1756263,0.6927663,2.600604,0.05296801,2.7381482,0.13810338,0.01297437,0.24183924,0.42650476,1.2639416,0.13776875,0.30047402,2.4215286,0.15012081,0.82793146,0.042912405,0.0,0.29535794,0.19717146,0.12870148,0.0822927,0.90892154,0.08446128,0.06798903,0.25543255,0.6979625,2.1039875,0.25203303,0.0,0.42877254,0.1300221,0.6227282,0.42292193,0.0045511406,0.13343161,0.340995,0.0932334,0.20974112,1.8304125,0.47187313,0.20305233,0.32063928,0.51653814,1.4654049,2.0606363,2.0502114,0.46876198,0.9902817,0.08636799,0.42179254,1.9062079,0.48805022,1.6296881,2.129789,0.10363569,0.16707861,0.26603228,0.54705286,0.17752288,0.023113508,0.1590118,0.029613093,0.08508501,0.2321434,0.048615135,2.511537,2.0228896,1.4549273,3.1980488,1.0237855,0.6214453,0.6715421,0.9513978,0.4172955,0.0,0.52206975,0.47101825,1.2127483,0.14921124,0.13390383,0.4414598,0.47100338,0.084967226,0.4822654,0.12763552,1.064551,0.038413268,0.8731479,0.0,0.08541788,0.22599788,0.8570513,1.2522345,0.18164669,0.0,0.0655336,1.2696114,0.19906133,1.07668,0.8754311,1.5442075,0.4362718,0.4069568,0.31118736,0.10700897,0.00096996763,0.3919174,0.2261968,0.009111273,0.0,1.8982458,0.015409912,2.2979298,0.08418727,0.146642,0.00084550463,0.48305982,0.3918596,0.006481846,0.20941074,2.0547426,0.09307365,0.057055984,0.025926141,0.45327803,0.073184304,0.24377693,0.20722091,0.44396272,0.005331173,0.5614281,0.35341,0.10450793,6.374047,1.442455,0.17008139,0.05972254,0.42077497,0.0,0.019268494,0.35814342,0.15791152,0.13961422,1.0763351,0.615861,0.14527741,0.99210495,0.2013882,0.24654765,0.46980903,1.320315,0.7655945,1.4162216,0.30920595,0.047359753,0.07295037,0.97495204,0.07331458,0.16044374,0.4068558,0.082023814,0.16608123,0.2751616,0.25392815,1.1787459,0.37140274,0.62127316,0.03328891,0.17766634,0.23655488,0.69929963,0.062921524,0.16888742,1.2022461,0.17654295,0.21756122,0.032056447,1.5136055,0.33075935,0.46005833,0.31211323,0.0,0.06546101,3.58253,0.5026013,0.42200845,0.0,0.029406592,3.7276149,0.1942016,0.0331152,0.0675374,0.7961345,0.050622795,0.68079704,0.7112377,2.4332569,2.283172,0.9457352,0.27586696,0.008734551,1.2764791,4.2314067,0.14895286,0.08988522,0.022140205,0.1104479,1.6387107,0.020239407,0.20005642,0.28657305,0.033369713,0.1494779,0.044037342,2.1628728,0.8902239,0.8526627,0.005971146,0.19421051,0.015127879,1.028027,0.0,0.39591822,1.3719269,0.80723685,0.2616608,1.9993873,1.3927011,1.4771023,0.59243196,0.10518576,0.42457503,1.2171938,0.06389695,0.33410442,0.22775206,0.0043950863,1.1316963,0.0731895,0.375949,0.40045846,1.3073298,1.1327565,0.97872245,0.0035633328,0.163519,1.1533912,0.5186458,0.074183226,0.027649524,1.5762067,0.02435094,0.81654257,0.053484604,1.743863,0.0,0.54888314,0.3722053,0.4458011,0.522118,0.46376488,0.047415275,1.2775555,0.38792208,0.012116469,0.0,0.8519717,0.60492104,1.4500037,0.37115875,0.2255888,0.024061449,0.0,0.97241575,0.47517172,0.0912033,0.090195656,0.21793076,0.42112303,0.029758327,1.1234943,0.32598993,0.06501536,0.3954056,0.55343294,0.9254105,0.59251106,0.35943183,1.5217476,0.0043662456,0.29661536,0.43376976,0.21888557,0.047202013,0.17585446,0.2589525,0.04245601,0.38330027,0.0,0.0,0.9972683,0.59054714,0.53516805,0.0,1.8594556,0.34043303,0.8142256,1.9951261,1.4846876,0.024843432,1.6429443,0.060210656,1.0492704,1.0046365,1.3526994,0.23933592,1.3529309,0.5655661,1.2500242,3.4738092,0.85472053,0.6505522,0.24023764,0.11923339,0.9305815,0.05001801,0.011473751,0.11311904,0.0,0.28537577,1.1061157,0.81952983,0.014688004,1.0256658,2.52153,0.062023345,0.58533883,0.039139163,1.5068876,2.412774,0.011436865,0.061868418,0.209064,2.022089,0.9561539,0.115298085,1.224677,0.039815467,1.4360027,0.13391207,0.06517404,0.45785454,0.023181895,0.91033745,0.82581794,0.84535456,0.4581902,0.35616544,1.488663,0.4082876,0.05678304,1.1862093,0.34277916,0.36194655,0.8347352,2.262558,0.84792316,0.029858828,0.10179385,0.054329325,0.275317,0.010620671,0.69875664,0.0020431979,0.4668467,2.4075224,0.0,0.03943733,0.0,0.39400107,0.18710397,0.22901022,0.52169865,0.38300034,0.63068044,4.146655,1.031119,0.05826621,0.039041247,1.0014292,0.8281622,0.64679176,0.26917386,0.22274029,1.8658215,0.02147348,all_pothole_images\pothole_images_new_image_215.jpg
3.3792791,0.427247,0.18905577,2.173975,0.7213191,1.707837,0.81964797,0.014825148,0.030846233,0.4107567,0.3302701,0.604453,0.16469862,1.5514956,0.083380006,0.17225622,0.7053693,0.0030105612,0.7942417,0.16256355,1.5055364,4.1704607,0.27296394,1.9648353,0.69480723,0.66603506,0.015366627,1.5071087,0.45012793,0.6575358,0.49615064,0.19890188,1.5383898,0.6168669,0.0960576,2.6895254,0.8983892,1.3628733,1.1169087,0.9807743,0.35013542,0.015041672,0.065705895,0.13135199,1.983035,1.4271563,0.058026,0.2802405,0.40114868,2.3726902,1.2015584,0.048840802,0.60709393,0.29559648,0.0,2.6750114,1.1570195,0.4576458,0.3869313,0.29442105,0.0,0.45740512,0.17947851,0.6689229,0.59014064,1.0658357,0.621313,1.94571,0.66120636,0.22405055,0.28958178,0.07840602,1.7116218,0.9213253,0.513538,1.7492696,0.22758643,0.56082386,0.2520668,0.12222276,0.61639434,0.4792218,0.73406273,1.8839104,1.3177704,0.19832174,0.13982779,0.6460034,2.7874293,1.3603493,0.29093987,0.12925573,0.14146319,0.064444326,0.22807553,0.17997228,0.93638396,0.47987092,1.4953173,0.028308848,0.50577617,1.2337422,1.3724873,0.13844115,0.07895774,0.020378457,0.16976815,1.2732383,0.16390756,0.13371976,0.0008652593,3.0227523,3.2739525,0.4744555,1.0833955,1.059979,1.1839129,0.15842292,3.1724896,2.473616,1.6080197,0.37103513,0.003277673,0.40895927,0.127899,0.8768499,1.0552334,1.8545494,0.0602065,0.16523479,0.5118709,0.0021438017,0.0361256,0.16858444,0.23533078,2.2989948,0.09670575,2.0862064,0.34613764,0.86341614,0.18469965,0.35253245,0.02187275,0.9961096,0.18810984,0.26727435,0.54907036,0.6832306,0.8147391,0.0,0.31254813,0.49180666,0.12558475,0.013498272,2.0243316,0.4568858,1.2996391,0.548365,2.491815,0.13615681,0.49956286,0.80252624,0.14521573,0.5688467,0.025057606,0.62304896,0.6253657,0.02951502,1.554248,0.45871493,0.26273298,0.003352698,0.07631645,0.48042786,0.36735144,0.0026979786,0.84015477,0.011184191,0.7482186,0.00065754476,0.12574908,1.0300832,0.4194277,1.7290169,1.7634763,1.5142759,0.9818108,0.31464174,1.6924684,2.3621502,0.19829531,0.22547092,0.0,0.77885926,0.8910681,0.45024413,0.11006241,0.82849157,0.92195976,0.56813717,0.17360772,1.2901446,0.2725254,1.6458819,0.65191686,0.1704532,0.5165542,0.048645023,2.3691297,0.1726442,0.15766016,0.08584793,1.4278846,4.192805,2.0556395,1.1679037,0.21328108,0.042165536,0.6697534,0.28867903,0.74484175,0.62085915,1.016896,1.4871992,0.0072771395,0.1303339,1.003883,0.08180634,2.4462063,0.17911944,0.33215535,0.29407603,1.3723963,0.9715417,0.6896808,0.28411707,2.2162611,0.061895117,0.0027682765,0.008740319,0.3745686,0.41743863,0.058515552,0.029884316,0.03831533,0.089672156,1.4437644,0.55774003,0.82024395,5.096898,3.508881,1.3544608,0.45476067,3.129831,0.031172816,0.5340149,2.9155753,0.28587106,0.26111045,4.948723,0.03209479,0.13667895,0.75582045,0.7094392,1.7563875,0.36481652,0.32464314,0.58506787,0.44087148,0.20039651,1.6890721,0.6498907,0.045676097,1.5886374,1.6970204,0.4224527,0.8450873,0.09729479,0.029939504,0.35753256,0.5907654,0.24965912,0.82488215,0.1880598,0.07827396,0.8402349,1.1506263,0.27923208,0.6099063,0.0731716,0.18705927,0.97775716,0.17774518,1.0808625,0.13695721,0.28994915,0.036280666,1.0602719,0.23381606,1.730001,0.09394891,1.1387947,0.17694493,0.64158297,4.9217477,0.98964983,0.08456886,0.8717575,0.3356009,0.032030616,1.7857027,0.18949941,3.0114944,2.07649,0.33457258,2.2047458,0.031928238,2.2066076,0.76923525,0.031199206,0.098384835,0.04174267,0.38770333,0.32231614,0.16640252,0.2830511,0.87456036,0.04944744,2.441788,0.13290963,3.6032588,0.5636285,0.31187558,0.51995796,0.0,0.27422848,2.2016935,0.109313175,0.07778516,0.27216157,0.61747843,1.1578372,2.7723594,0.050155304,1.3882011,1.3042762,0.35641798,0.014818439,0.7896126,0.6573919,0.3052352,0.35022178,0.2198463,1.6376369,0.97845083,0.79385155,0.054087773,0.32525557,2.2259455,2.4724674,0.33793056,0.7178673,0.43085498,0.46686935,0.0,1.035136,0.9717256,0.033098258,0.022042682,1.0534086,0.9358646,0.0916677,2.5210958,0.111627705,0.6104216,0.553103,1.0346949,0.06741795,1.8062227,1.1119937,0.8796986,0.066783965,0.5666543,1.1293815,3.2552452,0.46214497,1.6830384,0.027354972,1.1518916,1.8095322,0.42855477,2.7069116,0.31074223,0.9687647,0.0,0.041733194,0.654631,0.12522024,0.27971503,0.39046586,1.3702354,1.2263671,1.7724818,0.025559068,0.7348185,0.35804525,0.95310444,0.4564462,0.024844559,0.4002894,1.243739,0.9165544,0.016697694,2.9293225,0.20129287,0.5405324,1.243263,0.2506771,2.275737,0.8978294,3.9947536,1.1006583,0.7546179,0.29014024,3.6992493,0.68405986,1.2123811,0.21079242,0.36343104,1.7295972,0.36507723,0.9258717,0.94520146,0.8931181,0.2700482,3.826818,1.4488963,0.5607252,0.45846143,2.433208,0.4467551,0.31522372,0.17222609,1.0945904,0.98238736,0.18366037,1.5501915,0.36313316,0.12977563,1.2867814,1.6200119,1.1986505,2.926454,0.8380734,1.1403912,1.3650782,0.82884824,0.39228597,0.42081997,1.7963442,2.7683892,1.8145757,2.9183064,0.92072964,2.17293,0.053083364,0.7361131,0.57542014,0.42127648,1.0243273,1.2265764,0.0494376,0.47759584,0.4540537,2.9038208,0.17289346,0.0057893237,1.429646,0.5868566,1.1539626,0.48451862,1.7441453,1.6047469,0.3625847,0.076458275,1.0985128,0.13352089,0.20279834,1.0765523,0.08051689,0.15989916,1.3049896,1.3939031,0.014747744,0.33362383,0.05795947,0.93901217,0.99382627,0.18979378,0.1387107,0.6338062,7.840088,0.87346435,0.0,2.133518,0.8844628,0.059096638,0.63123906,0.28400436,0.5261777,0.4858808,1.3212678,all_pothole_images\pothole_images_new_image_216.jpg
0.7816679,0.9067201,0.4351911,1.2027605,0.8760834,0.31155732,0.51104826,0.2454901,0.0,0.39569473,0.4953192,0.25832927,0.20643845,0.7158096,0.0748267,0.016788056,0.13025635,1.4524933,0.08298353,0.29067576,0.22556235,1.3529903,1.8775777,2.3808458,0.19259703,0.5938728,0.017521262,1.3773707,0.18757287,0.25212264,0.2903452,0.0,0.7602417,0.7512471,0.909493,0.786083,0.7154345,1.0914011,0.19124857,0.06078962,0.0,0.005586104,0.20562662,0.71089625,0.57741326,0.06523349,0.43304658,0.04618794,0.0033979577,0.91005874,0.56578827,0.3806074,0.24617787,0.1570665,0.20495342,0.39429256,3.2659192,0.26342025,0.23670076,0.5754177,0.07245259,0.64336544,0.8692225,0.23720405,0.79706025,0.3665762,0.06258032,0.27625757,0.121841386,0.55568385,0.14914244,0.28381625,0.2454819,0.06119371,0.15665857,0.008874227,0.014758898,1.5596291,0.0019640664,0.5060886,0.058028672,0.14197616,0.049531173,1.4404546,0.45755425,0.34698766,0.0,0.22566098,0.6781954,0.39319453,0.34837195,0.5012868,0.20151,0.058950335,0.020603746,0.041273568,2.2590973,0.771416,0.6177991,0.21992673,0.12505461,5.1843653,1.0178136,0.0032649292,0.9678303,0.4917056,0.080832675,1.1969396,0.30674875,0.48853174,0.078518726,0.9071606,0.77896243,1.8911092,0.23315366,0.61086166,0.51535547,0.0,0.90609443,1.2014472,0.7780177,0.55723375,0.6699384,1.2599708,1.6102755,0.6708693,0.25814685,0.949048,1.9372157,0.38037884,0.45141765,0.027623879,0.3722568,0.47378096,0.099170476,0.7747882,0.00076046796,0.63366663,0.5132736,0.10317364,2.9230433,0.60604614,0.70272297,1.6406814,0.18394451,0.973282,0.109249175,2.036478,0.022534035,0.0,0.6986908,0.80811715,0.63697475,0.10475416,2.0205295,0.34199846,0.9626862,0.02392381,1.3167665,0.26912653,2.4827602,1.313087,0.11132824,1.4891131,0.31969675,0.0,1.3989279,0.14477926,0.26496142,0.5244196,0.6847969,0.18548015,0.024438018,0.030731937,0.8505858,0.16261724,0.20181538,0.0008416945,0.038277186,0.25213593,0.57555693,0.42861876,2.1699238,0.96641296,1.9152046,0.06052884,0.122918144,0.018204749,1.1041065,0.123445384,0.38563606,0.5713605,0.20062964,1.7294044,0.056532133,0.50343555,0.39582077,0.33619443,0.368111,0.40256435,0.47330272,0.16794257,0.9756712,0.41238752,0.60762507,1.2302316,1.0698758,0.4366675,0.99882597,1.7144202,0.0,0.39244467,0.51700485,0.5657235,1.3389783,0.06292023,1.0534943,0.20814043,0.13074452,0.014220758,0.022928203,0.43478343,0.54834247,0.055700563,0.012648465,0.012735516,2.7871492,0.040580906,0.49617836,0.10201939,0.2553468,0.0,0.35383415,0.7095786,1.4569213,0.0,1.3069115,0.1609494,0.1773982,1.5753622,1.0242386,0.011535871,0.49541453,0.30592173,0.20649026,0.0502798,0.7581453,0.30005458,0.43644324,3.1944823,1.9279289,0.09844726,0.11285624,0.117464125,0.046853755,0.41547868,0.57844937,0.021848638,0.07017327,2.018765,0.35655192,0.03933988,0.0055537308,0.26388124,0.39669666,0.077867955,0.43342376,0.6163175,2.2061355,0.06482927,0.07074203,0.047247443,0.108673714,0.63360685,0.17057893,0.3625572,0.10514738,1.1988093,0.62719667,0.9575212,1.3174838,0.03556457,0.10519897,0.72933125,0.21973655,0.07047114,0.14398177,0.021865409,0.22474767,0.63628495,0.97687817,0.11756936,0.007968427,1.0774004,0.06766796,0.43845913,0.713834,0.21803984,0.088484496,0.4995313,0.6319857,0.24192926,0.0015696518,0.051669344,2.9009798,0.19616581,0.008734913,0.14807446,0.0,0.15882008,0.37961185,1.3859935,1.7403646,1.1155615,0.84603065,0.3138963,0.1481387,1.0417808,1.5493176,0.1085292,0.614986,0.019740358,0.43657306,0.35078734,1.0962932,0.20155992,1.1489245,0.24290994,2.4930348,0.025977472,1.9597632,0.056021772,0.84806746,0.0,0.005253444,0.09959764,0.8749724,0.091007404,0.18514489,0.32100067,0.73514944,0.097741514,0.55147666,0.09344336,0.37030113,0.4440007,0.505476,0.05745572,0.00096943293,0.7171953,0.031466372,0.502105,0.31985387,0.1103799,0.5608641,0.54547954,0.32685333,0.5190257,0.0014884477,0.70160764,0.17679456,0.758714,0.3153542,0.55180085,0.0,0.06261457,1.6100746,1.0177753,1.1007773,0.107879706,0.49162728,0.011149868,0.80067605,0.177513,1.6554931,0.4649353,0.7697505,0.49089766,0.36602363,0.94463533,0.14639913,0.0076885023,0.33938807,1.2121121,2.7503707,0.09317683,1.7747684,0.07462282,0.0,0.08782247,0.21106549,0.75660235,0.062279295,0.43938065,0.10903321,0.002749604,0.46193397,0.106356286,0.24056779,0.961761,0.3317411,2.1463215,1.1307274,0.8513332,0.1107539,0.21776673,0.5805845,0.23475546,0.2565791,0.49080485,0.06213042,0.44204196,0.06413256,0.3274414,0.28079164,0.83075917,0.5699793,1.1955682,1.3546691,0.046826806,0.23394257,1.1119986,1.0818856,1.9770597,1.7228861,0.7285945,0.80078083,0.7571942,1.2377414,0.4748609,1.1016502,0.4052348,0.0,0.07218393,0.2934734,1.95659,0.39758202,0.18537769,1.6197749,0.45961663,0.21953855,0.67621255,0.60422415,0.037737083,0.030451246,0.053017274,1.2532256,0.57170457,0.13119434,0.81770915,1.1443257,0.20695396,0.39183012,0.14243081,0.12526442,1.0818957,0.6166392,0.0022498749,0.1379708,0.63822424,0.90339464,0.70416117,0.62195414,0.13137321,0.6331019,0.070408486,0.01294463,0.0018025275,0.39718518,2.2693806,1.3872963,0.18219396,0.019823274,0.897846,0.95878226,0.024558373,0.91172475,1.7994562,1.5427822,0.25033817,0.42184183,0.9773931,0.9138937,1.1734291,0.0,0.41465136,1.1982424,0.06946658,0.46467844,0.08316976,0.17564896,0.7697892,0.038888488,0.41169348,0.057543833,0.07611851,0.54358274,0.08675846,0.76397914,0.0066783573,0.25768012,4.4325457,0.51316255,0.6924637,0.0,0.43291184,0.18052466,0.3272515,0.046724923,0.52758455,0.23374493,0.02162441,all_pothole_images\pothole_images_new_image_217.jpg
0.60739607,1.1850901,0.48008037,2.5990374,0.49036807,1.0558496,1.1419957,0.77242416,0.34133643,0.32159182,1.1141255,0.97824836,0.4014918,2.957838,0.041679237,1.5655935,0.36137116,0.25719655,0.78769636,0.752007,0.19810955,1.2734702,2.844195,2.3163636,0.8402283,0.3803964,1.331041,2.3941808,0.5093301,0.04267194,0.7178014,0.07503887,0.35897267,1.1096122,1.0448244,0.06940163,0.2487496,0.28283218,0.8827617,1.9948087,0.018085666,0.2879674,0.5593979,0.91861784,1.1579194,0.5031098,0.02300126,0.08810355,1.0260223,0.19178365,0.3737608,0.70333225,0.35207587,0.18418674,0.18266724,1.5987798,1.967878,0.81624556,0.16136135,0.5669686,0.07071192,0.91323537,2.1207926,1.6869845,2.064736,0.7991587,1.4359243,1.1793345,0.9149453,0.22095302,2.7756572,1.2468239,1.2784005,0.111882515,0.6675709,1.4748805,0.570152,0.25796986,0.08756885,0.900887,0.018677032,2.0427058,0.32463062,1.6612421,1.2209109,0.38433978,1.2260289,0.8293711,1.3041557,1.9647563,0.20378935,2.804593,0.4218113,1.870855,0.032110114,0.5572161,0.0406625,0.5638168,1.8270835,0.8560084,0.3035993,1.6910986,0.59480894,0.8204188,1.2249296,0.701549,2.2980804,0.42404634,0.3157412,0.39729428,0.37599018,0.6296748,0.6649506,1.4986817,0.5093286,0.38724783,0.13687612,1.0961003,1.0518513,0.5736783,2.500918,1.5103602,0.1317334,0.78231966,3.276917,2.9500794,0.026858402,0.099851385,0.33460757,0.621567,0.7881471,0.30373967,0.64558715,2.3699775,0.18218422,0.21052504,1.3586295,1.9487056,0.73339766,0.3266162,0.4538286,2.1720455,0.06355998,1.0155774,0.6018188,1.3027502,1.0499623,0.1073424,1.1231941,0.1049891,0.010025426,1.2831917,0.7014275,0.19164686,1.2996721,0.40809467,2.1084719,0.66640955,0.17306441,0.39983666,2.5351784,0.91760284,1.1846958,4.5360556,4.657894,0.13920715,3.2321763,0.26223934,1.7362022,0.97957176,0.89290184,0.21833524,1.5803635,0.9523862,1.4961909,0.75615776,0.17199156,1.103999,0.1636267,0.14530973,1.2044474,1.5218612,0.40288028,0.6906402,0.44649765,0.50909865,1.5200871,0.533397,0.5507071,0.8095446,0.10482497,3.2574127,0.36466154,1.2253913,0.2463484,0.84667015,0.03948605,0.64458233,0.04362556,0.86648464,1.5275341,1.2900535,0.48030865,0.1450724,0.22358552,0.11313653,0.23332986,0.004615738,1.8300034,1.138292,1.020222,0.95140404,0.37743136,0.30079666,1.0059468,0.41751513,1.2291232,0.15683503,0.31765687,0.14432324,1.1537803,0.21923786,2.2710612,0.21275797,0.6572083,1.6630464,0.60856897,0.78641,2.5289001,0.9152891,0.8903756,0.3085559,0.73308855,0.51667565,0.0,2.5659163,0.8959573,0.9871415,0.13341263,0.9458653,0.81504977,0.98688877,0.59576386,0.58265847,0.16728503,0.7561253,0.4448627,0.13693403,0.84453,3.197861,0.77351916,0.052770473,0.4273409,0.61271673,0.30331275,0.38866615,0.6565117,1.1049079,0.21255477,1.5750536,1.2625396,0.3054905,0.57064617,0.30863872,0.39686525,0.5303901,0.67239714,1.5134356,1.4408404,0.05456775,0.2170069,0.060626246,0.96569824,0.36341506,0.68970436,1.1356285,1.865617,2.3276198,0.120379336,0.102852345,0.80192614,2.0016682,0.947176,1.7464833,2.1358023,1.7835304,1.4739535,0.36428535,1.4556586,1.005175,0.50023097,0.74435836,0.24077754,2.007459,1.064986,0.32525864,1.0616022,1.6997534,0.6175417,1.335434,0.68400145,0.920091,0.0631329,0.17887153,3.6172996,0.19249998,0.92921776,0.05256367,1.0884334,1.7747519,0.12355849,0.6081723,2.2649775,0.44321328,0.42517564,0.56224567,0.21887475,1.0685061,0.44606814,0.1158009,1.1198716,0.3602566,0.9108086,0.6804919,0.924404,0.51247233,0.81670564,0.7785678,1.3492783,1.2086952,1.4245113,0.45915455,0.2921568,0.082417615,0.3310546,0.2427252,0.25677967,0.5301478,2.0783086,0.33945924,0.7767616,1.7781222,0.8749883,0.26260388,0.5590698,0.018803462,0.8097573,0.27916676,0.10020181,0.6099046,0.056246947,1.1867894,0.10885478,2.455782,0.6367834,0.04839972,1.1074373,0.7881093,1.5071342,0.095273346,0.4677599,5.799315,0.3741987,0.09422161,0.1598134,0.1489342,1.720107,0.71270883,0.729035,2.1888008,0.5381028,1.8742427,0.14169048,1.6142668,0.31276745,0.7085922,0.068115026,0.16881053,1.4669199,1.7848028,0.88028723,0.41367558,0.7597609,0.61834574,0.50607824,1.1963344,2.212002,1.0887537,1.5311935,1.5047863,0.81054455,0.26471227,0.53973144,0.5065778,0.07713774,0.9475485,1.2523719,0.31309122,0.11565839,0.19470413,0.73727024,2.8552377,0.6613589,1.393132,0.094453745,0.45196107,0.090008065,2.2783163,0.40179574,1.4860593,0.4790065,0.60369706,0.06109953,0.29622012,0.7230439,1.2933308,0.7852588,0.8689368,0.88623273,1.3925763,1.346307,0.43983078,2.3665826,1.9534308,3.62187,0.72408855,2.3571308,0.22466075,0.5029125,1.3611542,3.781965,0.19955193,1.2145591,0.6163924,0.052947074,0.8527157,1.1352633,0.55145323,0.08771472,0.9061605,1.0121166,1.1389022,0.051490974,0.261069,0.039821737,0.55126053,0.7043063,1.2395873,1.270961,2.5659316,1.0742302,0.2285854,0.70925653,0.5448504,1.2893932,0.83691746,1.933925,0.26964977,0.8827594,0.3501946,0.72922903,0.6569939,0.11437626,1.1288568,1.0264806,0.12905219,0.7747005,0.38165593,0.73973894,1.287816,2.218666,0.3930519,3.2994332,0.039095987,0.87804544,0.59605175,1.0275103,0.26679158,0.114636905,0.24432392,0.4971577,1.4092728,0.23433961,0.15793043,0.14023802,1.9496557,0.14671989,1.1808766,1.1323894,0.26543343,1.849908,0.7519872,0.15831082,0.06623008,0.22848351,0.13928318,0.15704404,0.16850589,1.0725497,1.9618194,0.22155318,1.2532339,0.8870216,0.01700787,1.8822403,0.29721007,0.14985259,2.4794195,0.09944968,0.75145406,2.255496,0.3293916,all_pothole_images\pothole_images_new_image_218.jpg
0.49702153,0.13093472,0.0,2.9065158,1.2688054,0.035671942,0.38511288,0.0,1.6590319,0.4430317,0.29826877,0.09762311,0.0,0.7200184,7.070753e-05,0.32760385,0.4921732,1.6893295,0.3579096,0.024329863,0.0807331,0.9449941,0.047043584,0.20443176,0.012939856,2.1456137,0.906385,2.3797057,0.0,0.04389669,0.0,1.0106117,0.062100954,0.00932503,0.044257183,1.277936,0.12467236,0.0,1.3309466,0.0,0.23406717,0.573027,0.10035826,1.9354677,1.0988842,0.009014221,0.0,1.3973575,0.34946668,2.5915887,0.00823005,0.4093069,0.49659324,0.03470839,0.8202225,1.4753802,1.2712302,1.0345429,0.06532611,0.21088968,0.014261732,0.11593337,0.036487713,0.062008183,1.6027292,0.5026234,0.80716634,0.10559554,0.17886373,0.45194212,0.0011412964,0.40424028,0.053701527,0.5872506,0.73050535,0.00025471693,0.04162315,0.19817673,0.49034652,0.03240484,0.0,0.13083683,0.63133144,1.2290671,0.4317323,0.0,0.07564539,0.02219159,0.98451465,0.16999201,0.004817573,0.6347216,0.105109125,0.17839636,0.6924147,0.0,0.021156048,1.0512066,0.025990725,0.22166304,0.10267643,0.02614879,1.1295961,0.004084714,1.7196107,0.0,0.6288953,0.3541645,0.0032975317,0.4057191,0.0,0.13609166,0.35023853,0.0003173606,0.2058868,0.5427262,0.0053235707,0.85643536,1.9327261,0.04643771,0.6777012,0.0,0.0042446167,0.5503016,0.60194415,0.12440193,0.24882294,0.0456036,0.13964693,0.019872788,0.0,0.035787404,0.07790995,0.22471283,0.12883176,0.8463818,0.2952235,0.00041392611,0.011440696,0.0,0.06997936,0.01876283,1.9593946,0.0,0.0,0.24756244,0.07690302,0.32357126,0.38519675,0.10301444,0.6573069,0.4569875,0.034987215,0.35022607,1.9185435,1.3899888,0.06781727,0.04766329,1.1198379,1.0753936,0.38212577,1.1266469,0.30494985,0.060753837,0.7101887,0.16449465,0.93752694,0.0048813107,2.9491203,0.5199966,0.55802,0.1621458,0.021440286,0.16522983,0.61716354,0.7727537,0.03878743,0.019400438,2.4502125,1.1936213,0.06894768,0.84573495,0.4613216,0.4866803,2.1851761,0.6744977,0.11009576,0.84416044,0.15553936,1.216564,0.0,0.35706228,0.6813261,0.038094345,0.08170943,0.0,1.1822476,0.02117642,0.9548059,0.8801059,0.031073939,0.5828519,0.0,0.0027956616,0.25740972,0.55344313,0.18428601,0.7090663,0.53966296,1.7484903,0.0,0.0032259466,1.2256297,0.4570329,2.339912,3.0360413,0.44078428,0.05482825,0.2407197,0.33157516,0.09719195,0.0,0.8256846,1.137951,0.0,0.0,0.85264283,0.19210967,4.590227,0.2537099,0.0031776337,0.013576352,0.622098,0.049323175,0.9513285,0.015045247,1.4868573,0.0,0.012098774,0.106573455,0.11011617,0.39102533,0.4318503,0.091505185,0.1248582,0.55361885,0.8744896,0.11281739,1.8661963,6.3146644,0.16987012,0.22837058,0.0,1.1284254,0.17862862,0.07693472,1.0630156,1.5547146,0.027894484,0.9837383,0.0,0.0026199096,0.11917184,0.06493738,0.9242527,0.008485682,0.2173157,0.017537167,1.4146755,0.0,0.91159475,0.006763922,0.44282514,0.35811552,1.2790802,1.0260015,0.056288395,0.32412973,0.006389602,0.1321915,1.789369,0.35203233,0.004391071,0.0017820378,0.0,2.1405537,1.1629726,0.009493538,1.0025212,0.90045863,0.0,0.42528158,0.26652387,0.19979584,0.38350236,0.36162415,0.022907339,0.5048681,0.21046938,3.0887716,0.70540905,1.7371,0.03393444,0.0,5.311221,0.15632522,0.69300187,0.0,0.15215844,0.5850751,1.3187557,0.52189994,1.1105636,0.57897156,0.9216183,0.04486296,0.1665881,0.81287086,4.94424,0.11886843,0.06647533,0.0,0.0,0.43241096,0.06480701,1.0480028,1.306194,0.00045702557,0.28707355,0.24618162,2.343754,0.0,1.6769437,0.63129705,0.0005697597,0.0,3.293394,0.50398076,0.04546911,0.97797596,0.627434,0.009466133,2.015416,3.0354686,0.1719101,0.14812563,0.040865142,1.2306529,0.0037781487,0.1903359,0.16369408,0.63411885,0.32607943,0.0053860373,0.1605159,0.53191966,0.0,0.72382057,1.9134005,1.7124168,0.07885533,0.50103617,0.7604518,1.2568239,0.07491907,0.0,0.8569574,0.020262739,0.101178356,0.12990782,0.21951047,2.0217073,0.34231877,0.0,0.007315692,0.21941994,0.40401387,0.0445388,0.002859215,0.086601526,1.0550616,0.20553716,0.06539758,0.0054268003,1.0856166,0.010845544,0.42037067,0.023133388,0.2151858,0.006428717,0.58618057,0.3095027,0.046954345,0.6684705,0.007767693,0.022358127,1.4517013,0.023452746,0.19752085,0.04634417,0.09809196,1.5644251,0.012002691,0.0,0.43326536,0.0,0.13895436,0.1860089,0.24296175,0.77559227,0.41064292,0.7667687,0.17654198,0.105293624,0.005803724,0.08323244,0.93730474,0.635643,1.0240092,0.06932072,1.4740278,1.5797324,0.41333514,0.1119333,0.30163845,0.019255677,0.9590521,0.54750323,0.03209388,1.006168,0.015640628,0.0,0.9415737,0.9819015,0.9903852,0.5391436,0.29117244,0.07260554,0.06352588,0.4077891,0.11563665,0.018020546,0.09228207,0.17731833,0.14551392,0.0024993785,0.0038971445,0.07424576,0.112117335,0.14565912,3.6842155,0.12870467,0.7984957,0.021674166,0.951369,0.8433408,0.0,0.14237542,0.17032918,0.85242146,3.4900634,0.0,2.3105159,0.0,0.7021905,0.0,0.3057602,0.0,0.21791741,0.45597526,0.04205161,0.76757467,0.05771493,0.012687468,0.08261636,1.0475441,0.33409733,0.611763,0.08491584,0.07507548,0.0,0.70119274,0.77480286,1.0709866,0.2601884,0.2611756,0.107084624,0.11300883,0.45240363,0.0,0.001854232,0.06619349,1.2879175,0.3743579,0.0010790421,0.0418037,0.14986025,0.28172147,1.1533141,0.0052040243,0.07548546,3.8840103,0.1416211,0.86604345,0.0,4.6142197,1.3096161,0.32164648,0.017425643,1.5153784,0.0,0.48496532,all_pothole_images\pothole_images_new_image_219.jpg
0.34143937,0.63831633,0.13809237,2.6053445,0.33891237,0.122482315,0.3820484,2.0779047,0.2369112,2.0278168,0.44754285,0.545346,0.25705513,1.4882945,0.00088007405,0.86902785,0.10093856,0.8659845,0.8335984,0.2134528,1.6884872,0.4067308,0.059383,0.39925376,1.4624767,3.0205712,0.50270844,1.9485607,0.4027322,0.1048573,0.08815272,0.15892841,0.0083561335,2.1981022,0.50941896,2.0385766,0.22820534,0.54706484,0.14194581,1.3360288,0.0011820071,0.024462545,1.0448866,1.2740765,1.7029973,0.03895885,0.0103426855,0.0,2.9408898,0.40248373,0.60464156,0.7679545,0.44065017,0.15476984,0.30648145,2.0632083,1.1499203,1.3139772,0.6634688,1.7096757,1.512504,0.5630283,0.58272386,1.0028651,2.1954548,2.5525925,0.18657705,0.35825476,0.17744511,0.0071815043,1.1576777,0.32362452,0.9516391,0.081185356,0.74997395,0.50918794,0.028367734,1.612035,1.3073531,0.8314728,0.6096247,1.5173414,0.8541413,1.4264425,0.2855576,0.43902415,1.7925122,0.010766983,1.6542846,1.0366914,0.09793406,0.21865287,3.125828,2.0308084,0.3948249,0.36670053,0.53684574,0.495386,0.9413737,1.1476129,0.27543154,4.9608254,0.6044754,1.1576588,1.9296678,0.2540316,1.2187128,1.6444285,0.48672447,0.02513129,0.64957225,0.05537173,1.5777211,1.3403363,1.0359279,0.25984776,0.17560835,0.7024077,3.9828465,2.37936,1.2171177,0.046265315,0.1166236,1.0092442,2.1596766,0.11939119,1.5263118,1.4154688,1.7245383,0.94000006,0.33260667,0.0,0.46264374,0.4185482,1.7378962,0.059324294,0.8396192,1.8964641,0.9892391,0.24550667,0.1087975,0.39550847,1.4504715,1.6148367,0.1605955,1.392541,1.0746579,1.1126146,0.2471652,0.9024333,0.7212095,1.5306057,0.8024706,0.28230748,1.8500528,1.1741351,0.82822174,0.23298588,0.74903697,0.23008537,1.361705,2.1443543,0.53496045,1.6259309,0.42902958,0.39550394,1.5068979,0.27190608,2.0773714,2.7365267,0.51127344,0.16893348,1.775144,0.3273677,0.704418,0.18709055,0.7398962,0.2844248,0.1413763,0.37473592,2.6314118,2.457354,2.0191648,1.7510177,1.2680831,0.7933731,0.63464975,1.3508556,1.2420697,0.4370761,0.0069539645,2.871429,0.0,0.9017075,0.7499129,2.3541777,1.5446467,0.98377085,0.39696914,0.119174615,1.2252674,1.033868,0.28317577,0.07374159,0.11332859,0.03725903,0.6616809,0.12020094,1.5550269,0.4223778,0.33755803,0.068070725,0.73638844,1.1345285,2.431587,0.8962479,0.64421004,0.17523186,1.2325411,0.87181336,0.11451627,0.08763836,0.7922329,0.6824883,0.12612128,0.8600178,0.9032145,0.311754,0.4649379,0.70868695,1.9926016,0.1737409,0.41192198,0.96527725,0.03179495,0.6890394,1.4631685,0.92750055,0.044045053,0.51403034,0.07564929,0.5834045,0.76348597,0.27895507,0.6948906,0.18033482,0.54594356,0.82616675,0.8643466,4.997818,3.2163172,0.26849052,0.4391879,1.1188831,0.42513746,0.9654491,0.74682367,0.16640119,1.2664291,3.7140458,2.278275,0.38140965,0.5425214,0.0684116,2.0880518,0.14702515,1.4947131,0.000894439,1.1182792,0.14844544,0.6619832,0.06977497,2.8404317,0.30224434,0.52428824,0.35693443,0.16176586,0.84291184,0.121884264,1.6004496,1.5190008,1.2659185,0.61563027,0.45260534,2.6279275,0.6307895,0.8773973,2.7964594,2.5032425,2.0059707,0.0,0.48342997,0.22324981,1.1724603,2.0970285,1.1666518,0.033854496,1.0445117,0.2693934,3.0927522,1.6960808,1.1845436,0.991463,0.041731864,4.0586166,1.1584486,0.45680696,0.0,1.6772752,0.31071055,0.75547296,0.70533884,2.2686152,0.47578093,0.73900944,0.6754428,0.13260177,0.66098607,1.948347,0.5429013,0.40862498,0.27491447,1.1829388,0.89935166,1.0465589,0.24030636,0.0,1.2799296,0.7942623,1.4628394,1.2200235,1.0798181,0.10375911,0.6952685,1.7501818,0.27218628,1.9054781,2.4765913,0.898622,0.7586757,4.613604,0.93150926,1.834186,2.1173737,1.5495758,1.1971855,1.3017987,1.1289662,0.57403874,0.4573442,0.19231777,0.21182117,1.4962763,1.004967,0.671749,1.203947,0.1570539,2.381958,2.8231866,0.9952048,1.2184668,0.3634803,0.29837537,1.5141934,0.014997209,0.63030267,1.400109,0.67285365,0.7177852,1.4098369,1.0421025,0.0,0.3374728,0.19926842,0.114023626,0.15975122,0.27431008,0.0,0.89326084,1.403709,1.6061467,0.31721842,0.36932486,0.667269,0.98164433,2.632756,1.4151322,5.7318,0.30702868,1.0122741,0.64645165,0.33408666,0.6683103,0.2939973,0.27534923,0.50042516,1.0501362,0.631525,1.0508351,0.5276338,0.46317422,0.79660785,0.58083504,0.24833651,0.8321231,1.556105,0.28692245,0.7263372,1.2364672,0.0053988406,0.68744814,0.014196414,0.0,0.9780381,0.457166,1.2857572,1.4737953,1.544122,0.49476185,0.7868249,2.156075,0.38536483,2.0694013,1.786027,1.6886297,0.20415895,0.5842791,0.67609864,1.2161686,0.751118,1.1300733,0.51908314,1.2888459,0.21914765,1.3534749,1.1196721,2.6190634,0.9072281,1.3000231,0.5605882,1.3148831,1.344194,0.93827504,0.19653453,0.5432887,0.44062018,0.5212136,0.78109807,0.108801015,0.9559678,0.45618153,1.4135604,0.24658887,0.9924413,0.98797214,0.9322964,0.7377355,0.3063843,0.86953074,0.56683797,0.67840356,0.24398361,0.09824347,0.5542156,2.4223552,0.8038906,0.29554677,0.12240817,0.30247334,1.5868964,0.011566681,0.1565775,0.49682873,0.15054126,2.1624117,0.002547615,2.6647618,1.0065061,0.62692994,0.40530166,0.65658146,1.0922552,1.7381635,0.0,0.22163393,0.26252148,0.48672026,0.0131345745,0.56828296,0.0,0.67452544,1.891376,1.127608,0.15697277,0.25861862,0.13277622,0.09240193,0.82328,2.587374,1.1433753,2.4630291,2.4368284,1.355209,0.23128365,1.8221428,0.9596906,0.20337524,1.2244878,1.9042374,1.0579431,1.3275406,1.5910286,all_pothole_images\pothole_images_new_image_22.jpg
0.33433315,2.2121058,1.7034062,3.2163234,0.06997353,0.8490238,0.6635778,0.014069394,1.4137869,0.5245258,0.16612135,0.71008426,0.29382953,1.4366541,0.73671937,0.30073735,1.6946728,0.17398487,0.2808097,0.531958,1.7544099,0.8936728,0.7196921,1.0349978,0.20937522,0.12567723,0.024680002,0.2859933,0.48566425,0.012521717,1.2333381,1.0136026,0.25702593,1.5314413,0.7842257,0.6810426,0.5935013,0.37681,0.99689645,0.81950134,0.7726491,0.2896214,1.2464652,0.772615,0.5448741,0.092726745,0.8777265,0.0,0.047658548,0.57988715,0.6258819,0.5035407,1.0559418,0.534388,1.3993176,0.05343597,0.5128109,0.5973494,1.2392008,1.1469238,0.3329113,0.6997369,0.11974514,5.9986286,0.09575521,0.11906071,1.9369503,0.8721978,0.5224722,0.3261132,2.079419,1.3901659,0.72714716,0.3667163,1.1818103,0.26755115,0.35533658,0.9231799,2.0049942,0.76938224,0.5063369,0.84167033,0.14071645,0.8908646,1.4420803,0.6872683,1.1994113,0.5220575,1.601174,0.039812673,0.094542734,1.5324059,1.1471044,3.8121293,0.7413944,1.3259465,0.5643767,0.7851098,0.40093416,0.47651157,0.8070825,0.11718573,1.0599213,0.8866726,0.7359034,2.4362712,0.7574871,0.07381677,0.79768723,1.6185493,0.7242725,2.1007783,1.2790205,1.6497899,0.15257974,0.19074218,0.8675833,0.7924611,0.4023599,0.9183787,1.97227,0.75728,0.10493272,0.22016418,0.7334422,0.3175244,0.79173696,0.039533857,2.5168467,1.5771785,3.68166,0.17300522,0.03195783,0.30482095,1.7435598,0.4352228,0.51927716,0.054086827,1.1307527,0.33478817,0.37481973,0.874622,0.64852506,2.5640628,0.2305898,0.27372602,0.61079466,0.23834893,1.0311291,0.8781045,0.23331116,0.9793766,0.23796158,0.24821323,0.52239025,0.13848273,0.7458949,1.0068692,0.5849564,0.24966313,0.9934884,2.8992538,0.57118005,1.0099708,0.72592676,0.28799093,1.3567089,0.9685479,0.733364,1.5025047,0.50989926,0.14143443,1.7713643,0.33098143,1.4046774,0.0,0.7590609,0.1661644,0.8531004,0.47500744,2.2141988,0.27651507,0.61698973,1.6026552,1.9928614,1.4591087,1.2774483,1.5724537,1.3156062,1.8261157,0.7198273,1.7263426,0.8754367,1.7394246,0.82006073,1.9276726,0.19109757,0.8207718,0.45386988,0.50798565,0.9732193,1.7782586,1.8882762,1.4200201,1.3629498,0.49457583,1.051799,0.23201035,1.9516586,1.0076733,0.700496,0.68753946,1.1252462,1.3023236,0.16413525,0.24088357,0.30052456,0.59832793,1.1588064,0.39569294,0.43193722,0.33476156,0.9090135,1.9282655,0.15663798,0.11675464,1.5266826,0.32066625,0.92135864,0.88302016,1.7722064,0.1567507,0.6137694,1.3262604,0.11528188,0.3201626,0.7446478,0.45361015,0.7669661,0.7678319,1.2107102,1.2502534,1.5085435,0.99273723,1.1728141,0.10639096,1.6803398,0.55183667,0.114289835,2.602315,1.3567654,0.9126854,0.30578947,0.9493201,1.0503769,0.44125822,0.8046755,1.0219777,0.3753968,0.25734612,0.43593627,0.83080447,0.78455174,0.20103416,0.4567635,0.8061201,1.0951061,1.003582,1.2715123,1.0906829,0.10795412,0.68013155,0.33283162,0.60721636,0.7829545,1.3029528,1.9574825,1.3738204,1.0031749,0.6122224,0.7776092,0.4233345,0.62862474,0.50361824,2.109335,1.262563,0.31815597,1.8850017,1.7319096,0.94806474,0.6943593,1.2194489,0.7622819,0.49813774,0.37146252,0.5468552,0.33235475,1.0972053,1.205495,0.7104046,1.1807545,0.8931728,1.1998909,0.36002412,1.5483339,0.46414074,0.9207251,0.99949455,0.6280967,0.08721148,0.2411994,0.07222662,5.1205964,0.60772574,0.6099137,1.8024536,0.6100289,0.23804547,0.65260416,0.43809918,0.20548476,0.42870703,1.6128695,0.19153082,0.26610544,0.5902822,0.58402133,0.75865906,1.3963355,0.24240552,3.1687138,1.3982362,0.8277426,1.1813203,1.087547,0.61191046,0.5640439,0.5143832,0.036465924,0.28624085,1.2182314,2.430863,1.7540818,1.0713587,0.3910834,1.1969056,1.591522,1.8347346,1.9402385,1.5236329,0.68387914,0.40155676,0.7883685,0.35802332,0.9823402,1.4521155,2.024292,0.6895897,0.33288434,0.21245639,1.2512064,0.44930974,0.6213305,0.15923248,0.4684473,0.6780268,2.0993128,0.9709013,0.5945045,0.4663515,0.55394715,1.0498025,1.9392291,0.089446686,0.7472338,1.3994094,0.8918321,0.69636065,0.9762683,2.3352873,0.30529276,0.7363369,0.78497446,1.7116506,1.1807146,1.0194983,1.6406072,1.1555443,0.8068991,2.174298,0.7340394,0.39407834,0.3660979,1.9223491,0.8299299,0.3003446,1.0520452,2.3725107,0.6245635,0.69131935,2.674994,0.3076927,0.5507105,0.3245507,0.29898095,0.27016556,1.5371336,0.24449675,0.28000602,0.91857606,0.28936148,1.2142609,3.7835045,1.1320394,0.13104473,1.1204144,2.3301232,0.4001095,0.34078205,1.0056808,0.24034119,1.4105794,0.754947,0.80983543,0.257287,0.2961296,0.26793194,1.3773526,0.8700801,1.1183268,0.14098078,0.55039173,0.869233,0.12867574,0.5696988,0.79598016,0.9381494,0.3359304,0.32981977,0.37674877,1.1183265,0.5820112,0.7620872,0.346165,1.5886444,0.72874373,0.779581,0.222936,1.121097,0.59217376,0.8627575,0.88481605,0.79276806,1.2370775,0.52809376,1.19477,0.41599318,0.25409374,0.7594959,0.37803766,0.3466217,1.2630577,1.0047947,0.13964485,2.7116022,0.42255336,0.24886675,1.1370033,0.114397176,0.49258772,1.2174692,0.1996259,0.23945697,0.077290215,0.32301983,1.3734308,0.55101305,0.4373762,0.693363,1.8369744,1.7165545,0.23139885,0.8911218,0.7715213,0.8065176,2.0416088,0.7742655,0.25318447,0.8019776,0.06286644,0.6585778,1.602213,0.20131652,1.4469324,0.07179053,0.13156371,0.30813903,1.2947792,0.97721213,0.14848039,1.0844876,1.086178,1.1626446,1.1693938,0.14477217,0.9450939,1.0364727,0.6381264,0.1623552,1.4432359,0.55772924,0.18587159,all_pothole_images\pothole_images_new_image_220.jpg
0.22638153,1.0769396,0.07265318,1.4798378,2.1787767,0.0599268,0.87499934,0.41285414,1.7066592,1.0669076,1.5181845,1.5473615,0.4636921,1.8528689,0.053248763,2.0702045,1.4432222,0.0068300744,2.0232608,0.5029456,1.9230947,0.43885338,0.21527465,0.6793897,1.0908158,2.3357801,0.3502686,1.3001653,0.064228974,0.85150295,0.3280631,0.21901111,1.7104331,0.0031808882,0.19782515,3.5044162,0.21573195,0.048760373,0.37511805,0.28725278,0.4642524,0.6942108,0.14491796,0.0079416605,0.77228796,0.56123435,0.6347477,0.3085211,0.54128736,1.327818,0.9276193,0.34064108,0.14617723,2.215782,0.6246579,2.1996074,0.6613243,0.007857095,1.1061456,0.13247263,1.4843239,0.036225997,1.0702616,0.38528192,1.354475,1.3392798,1.6844152,0.6836393,0.94843155,1.7253888,0.4128706,0.32053623,0.8401586,0.5543004,0.33495116,1.2245594,1.2829045,0.5919808,0.4392117,1.4675095,1.5555105,2.0112495,0.72614366,0.5631007,0.78715056,1.800433,0.34118333,0.23100789,3.238838,1.5547776,0.040246516,0.13308546,0.11824106,1.2901849,0.74012804,0.42514122,1.7897432,1.6567587,0.96480244,2.2114825,0.52033275,3.2625825,1.9053026,0.7688628,0.7491989,0.12808077,1.7063993,1.9112464,0.5517904,1.4798032,2.0497801,0.364891,1.0611206,0.87590945,0.7740041,1.3401331,3.0180464,1.4051404,3.4794984,2.402137,0.059470803,0.992793,0.079827815,1.3261465,0.31465712,1.023579,0.30253246,1.1581349,3.2159448,0.9241474,0.426685,2.1389868,2.073853,1.2334061,0.43044165,1.7817289,0.5030408,0.17178105,0.5503832,0.25767392,0.16563296,0.2929585,0.76569223,0.99628395,0.7116615,0.8564831,2.8394623,2.005787,1.8131763,0.8167486,0.622157,0.42592347,1.041059,0.15007204,0.47601116,0.17874898,0.37062547,0.91984785,0.23596904,1.6151229,0.7300195,0.13596201,0.2522473,0.3014886,1.3473415,0.8865878,1.1030992,0.98300326,1.2969581,1.34799,1.0056859,0.6575503,0.018038074,1.1190004,0.86939883,0.086907074,0.30836505,0.42424548,0.8743805,0.39227638,0.34618393,1.8814378,2.4475474,0.2686355,2.4628704,0.1314766,2.2715254,1.4071641,0.54741174,1.1805518,0.6029214,0.1019935,0.6657623,2.3895302,1.58539,0.18996762,1.6020976,0.96691823,0.25770566,0.2873745,0.09969833,1.936756,0.37406555,0.22594915,1.2526484,0.47743317,0.5349907,0.15616417,1.7347816,0.38943723,0.0,0.82398975,1.6574554,0.6907324,2.152526,3.116811,1.8042048,0.34134713,1.5282482,1.9959536,0.4544061,0.51987284,1.5586874,0.19488126,0.18513797,1.1944664,1.5093473,0.75795466,1.888327,2.3299766,1.4453303,0.8853227,0.684598,0.35085335,0.18145633,1.6310198,1.2085055,0.24121293,0.19517358,0.5656886,0.17813616,0.89781684,0.38511562,0.89558035,1.6345291,0.89200515,0.26221853,2.2254653,0.45175707,1.2787935,1.5493256,0.17026325,1.4485409,0.09512148,1.5126258,2.4689367,0.33493358,0.87395704,2.7202678,0.42159438,2.0111892,0.9258513,2.8011558,1.0115364,1.0115987,1.0933591,0.12738512,1.1190643,1.8755801,0.26603794,0.0021979085,0.024097858,0.10353962,0.61034584,0.20105308,0.04067909,0.26042485,1.7411784,0.5713657,0.97726405,0.24393776,1.8568822,0.33555835,0.46147287,0.9305133,0.23228848,0.9451294,0.6686307,2.8315578,0.2861405,0.84299695,1.2424321,1.3338249,2.6105874,0.4652314,0.21039371,1.1299735,0.045967773,0.2725324,0.43842304,0.23710597,1.3139615,0.44628066,1.6912258,4.5854354,2.137038,1.4511731,0.39828557,0.23701617,0.5997552,1.5876461,2.055969,6.0432215,3.5247633,0.21642679,1.807792,0.4572714,0.22834879,0.7955572,0.32304865,1.2683802,0.5510392,0.04965636,0.120356865,0.24353391,0.22849521,0.32303554,0.574201,0.011177195,0.97660804,3.0278127,1.5939293,0.4169527,0.21640402,1.1275674,1.8430914,0.6090439,0.9942074,1.733952,0.236828,0.200917,1.1183579,1.449551,0.23633641,0.2618984,0.788908,0.6285848,0.099896215,2.5331242,0.8293189,1.3625396,0.94922566,4.1246867,0.7408324,0.26936483,1.0799841,0.22954807,1.258651,1.5176575,2.463894,1.3326439,0.7796399,0.8677986,0.6269764,0.76364726,0.7357881,0.13528384,0.19205888,1.0672965,1.2250407,0.17369375,0.22170271,0.44861564,0.52074164,0.8983244,1.3850356,0.0,0.09585289,1.1420084,2.0043,0.23120679,0.6234238,1.3497473,1.4821513,1.9672182,0.34852624,2.92046,0.425616,2.2516305,1.8291856,2.0159183,0.105738975,0.06548428,0.34948793,0.39954227,0.24310163,0.46977183,0.41269076,0.72327346,0.13009928,1.0449257,0.14955658,0.35815454,0.8704494,1.9425908,0.040676378,0.23022959,1.3762293,0.28412545,0.10156553,0.6038385,0.23059496,1.68538,0.56867296,1.3038279,2.799359,0.99577343,0.9121221,0.10736351,0.16979313,1.0268645,2.3223596,2.4975662,1.7521287,2.5198529,1.1379806,0.9460109,2.1602206,2.803005,1.0232564,1.3517082,1.816038,0.5615847,0.894838,1.7339795,2.0021634,0.0056548915,1.0808791,1.5650765,1.4689621,1.8475455,1.6462078,0.38664985,0.07039569,1.1980807,0.19719759,2.5296001,0.86572075,0.79211205,1.2292104,0.84597075,0.9947754,0.8231649,0.19686313,0.2241014,0.7922127,2.581225,0.3614614,1.2714862,1.3486756,1.5120112,1.287948,0.45817697,0.08628776,0.42520845,0.4902494,0.11741824,0.21482308,1.1799036,1.1814909,0.19254547,0.70305324,3.9652417,0.6220746,1.108372,0.6482992,3.4124227,1.2406583,1.1368256,0.3512704,0.9728944,0.8171046,1.8777442,1.6969022,0.53962916,0.5076353,1.645401,1.2129653,1.3610687,1.6924174,1.5262911,3.3313274,1.6833142,0.17928874,1.4132568,0.6126172,1.3589258,0.5682414,0.09047232,0.77898,1.4709083,2.8020039,0.29836938,1.195824,1.1013465,0.23190093,0.9466497,1.7457248,1.8824056,0.4694945,3.055045,0.7957913,all_pothole_images\pothole_images_new_image_221.jpg
0.67471725,3.1347451,2.9870505,1.097866,0.10641897,0.5701473,1.6576325,0.98667127,0.24511309,2.0803742,0.43313643,1.2481135,0.101275265,1.1430085,0.23763558,0.53912866,1.0163873,0.097278856,1.6445314,3.4484184,1.1432426,0.23774154,0.9922473,2.2028997,1.0588444,0.61110085,1.1456914,0.13967812,0.28313372,0.68369025,0.5299333,0.8229256,0.08661224,0.69654757,0.8833261,0.6341307,0.07113683,0.89729357,0.06440538,1.2470611,0.27378955,0.71750516,1.1605713,0.67429054,0.3316788,0.91601515,0.23859446,0.33891654,2.0425313,0.5699643,0.39803278,1.4597957,0.8104624,1.6886132,1.6130865,0.42201108,2.0399327,0.98699826,2.9848359,0.85492504,0.094721764,0.5006994,0.53692293,0.05463673,0.21488641,0.7416024,1.1253275,0.12861423,2.509111,0.24221034,0.0,0.701483,0.4476015,0.13071884,2.4601066,2.37723,0.6768812,0.6534019,1.8379855,2.239017,0.049029507,0.14557372,0.16880786,0.40031943,3.636004,0.19362573,0.40595427,0.9342178,3.5538373,1.5559278,0.5721707,0.58444744,0.8783704,2.3699954,1.1073804,0.19969776,1.0879295,3.910905,3.1939666,0.9331887,0.8749471,0.5262757,0.15943782,0.5568029,1.7642467,1.1993377,1.4502943,0.39978623,0.17647909,0.805833,1.0409002,0.73456293,1.0288709,2.5536823,0.8506384,1.4293773,0.53609455,1.1752824,0.7705857,0.7807804,0.4522482,1.9607425,0.81891316,1.2531339,1.0665842,1.2392123,1.3838029,1.2433544,0.22879963,0.25410697,0.8964021,1.3032498,2.4496021,0.47656798,0.10366931,0.8095414,0.03585606,0.08565096,0.29869828,0.22046016,0.87235755,1.2754127,1.3432587,0.01452112,0.4090758,0.031899326,0.31747028,0.35635445,1.8714992,2.9912672,1.1456367,0.22237119,0.20953165,0.24066551,0.722976,0.017073361,0.39198074,0.47446182,0.65964305,0.13959797,0.99677503,0.37572533,0.80803484,0.1283808,0.22415632,0.5329007,0.6898397,0.14645728,1.4830291,0.1790367,0.70054656,0.0012144853,1.9322222,0.27510884,3.6277864,0.2893313,0.2860024,0.9310688,1.1842073,0.39350337,3.681304,0.101821855,2.473802,2.5956202,2.0456154,0.4564026,1.1862807,0.546207,0.13616957,2.0377142,1.8333251,2.202959,0.047528625,2.7899358,0.79731214,0.10030336,0.15329787,1.3504486,0.15464146,1.6801839,0.7095207,0.5008348,0.2638428,1.0703182,0.15531737,1.0618944,0.015431406,0.07500838,0.13620716,0.062273398,0.71970123,0.20864117,1.8897263,3.609708,1.0674679,0.4876764,0.6370366,0.086815216,0.91994643,0.6128944,0.1425112,0.08730087,0.008329143,0.45684955,0.05572143,0.32316655,1.9612992,0.12125864,0.0035396349,1.5495648,1.7084862,0.17055741,1.233772,0.9046604,0.77342176,0.37009346,0.88133925,0.021016074,0.291875,0.10302625,1.1424851,1.0781901,0.3776653,1.079079,0.45428225,0.110791616,0.9194596,0.22107215,2.6849442,1.274223,0.74727607,0.54643714,1.8464422,0.5967711,0.27466688,1.923642,0.77365226,1.0240455,0.61441505,0.38802782,0.63975596,0.66925764,1.5491244,0.27317813,0.002577429,0.56984895,0.25717062,0.23364411,0.29128718,0.34944585,1.6891664,0.0061116605,0.006828782,1.631869,0.684149,1.9514244,2.3612614,0.04374279,1.5043591,0.6504522,0.0580566,1.1352192,0.5511089,0.97424424,1.5473812,0.11304945,0.047589067,2.5875113,0.30226305,0.37491295,0.9845074,0.7368768,0.9989378,1.2130218,0.109816484,1.2654561,1.5549083,0.07836283,1.4331459,0.55302846,0.15051243,0.10094284,0.7403194,0.9921398,0.20629902,1.9078263,0.059635077,2.3537486,2.8656168,0.27555472,1.5438051,1.6652578,5.511593,0.92006516,0.35240147,0.49955928,0.6734546,0.7360758,0.27107376,0.37844568,1.5249313,1.6434896,0.2624876,0.40918556,1.8779343,0.23123355,0.0020133562,0.3017617,0.83917165,0.5089031,1.7739035,0.97102183,1.1852682,0.69760805,2.3834352,0.26258636,1.2127057,0.25307214,0.1408475,1.2396102,2.4752684,0.8541501,0.5877873,0.9482316,4.515629,0.26706618,0.8174572,0.4842882,0.64106494,1.3034327,0.04615915,0.33695045,2.0760858,0.51440805,0.46149004,0.432707,0.48282465,1.3589866,0.39905143,0.32876918,1.7323568,0.093584,1.3232381,1.8741127,0.2531243,0.50325805,0.5516531,0.16841106,0.50577706,0.97596216,0.7068309,1.5542704,0.58359575,0.05307543,2.4364405,1.8641548,0.9548222,1.0027437,0.019626,0.4857394,0.5154575,0.7337575,0.22604541,0.9506752,2.2322278,0.90457237,1.3021283,0.38347158,3.2806594,3.4985836,1.6343371,1.39248,0.45716217,0.5605088,1.6301504,0.45069465,1.1072003,0.52607155,1.197057,0.1928999,0.11689318,1.122315,0.56637883,0.38414323,0.14121781,0.5405433,1.789433,0.6998215,0.5990009,0.56777585,0.1693826,0.5630173,0.0862586,0.8979776,0.17220658,0.20453192,5.1048093,0.722522,0.14665267,0.06753811,0.058203332,1.4455199,0.71162677,1.0856912,1.4674654,0.0,1.1865627,0.9295475,1.0264704,0.86166793,0.69599414,1.9172617,1.0373907,0.35830984,0.23796147,2.4576247,1.5091342,0.003824431,1.6059829,0.33238503,0.46656206,0.5145523,0.5018174,0.15785155,0.63868177,0.0,2.240013,0.42360654,1.1842128,0.757923,0.08832398,0.5530518,0.23986317,0.0592494,0.5339712,2.598578,0.84034294,0.3933682,0.2924545,1.4546503,0.77717996,0.1588376,2.389078,0.30465925,0.4811484,3.1244712,0.8424183,0.07944819,1.4137869,1.4054855,2.940989,0.44526458,1.0680556,0.70740116,1.7589946,0.33804467,0.015795393,0.86549985,0.49803954,2.9363139,5.4517465,1.5663778,1.5403221,0.28392872,0.7371585,0.121408254,1.5877657,0.18689564,0.7726953,0.4802576,0.50774115,3.888677,0.18622755,0.023426963,0.06954369,0.060319286,2.6186802,1.0103022,0.08127535,0.28723767,0.05545083,1.9841962,0.38128856,1.5313578,0.6542041,0.08695249,0.20015362,1.2612301,0.43574536,1.0481658,0.6082434,0.6792221,all_pothole_images\pothole_images_new_image_222.jpg
0.9543835,0.9725441,0.042601623,2.783473,1.0537635,0.032636587,0.26382923,0.15763602,0.0,0.6897668,0.46394977,0.40316576,0.3222776,3.320612,0.2993419,0.01282934,0.33227482,0.38786545,0.15284741,0.2942447,1.5544451,0.46848413,1.5118085,2.3567169,0.8532721,1.1191008,0.89785904,1.3413042,0.04098501,0.79305816,1.0044087,0.12518078,0.081410035,1.6019012,0.5369525,0.15263353,0.66122043,1.1576653,0.7568372,0.11781213,0.010735286,0.56363904,1.3345187,1.7718539,0.13115592,0.28567368,0.3794816,0.33224136,0.17161529,0.10521155,0.4881719,0.16058445,0.10036658,0.0,0.055720985,1.9502255,1.3028803,0.13981992,0.09770588,0.0,0.12726404,0.13022645,0.75438035,0.61467373,1.4884697,0.599102,0.2925662,0.00212145,0.058651652,0.30639353,0.47547534,0.022666361,0.2687395,0.44605872,0.64038956,1.2024591,0.35014653,0.879771,0.057030026,0.0109299505,0.41384685,0.3555121,0.34907493,0.26956147,0.2538761,0.0140126115,0.2759433,0.28366473,2.2077658,0.29360837,0.5119057,0.14997272,0.40218902,0.51288307,0.0019898685,0.44185257,0.46441108,0.2397178,0.6745931,0.9665653,0.0054387534,2.5969388,0.11966572,0.2691054,1.4324414,1.2666804,0.49554545,0.7068159,0.22367486,1.1095507,0.0,0.24812682,1.8593915,2.0813262,0.5815204,0.72589093,0.37150675,0.08699026,0.40943846,1.2113647,0.9645468,0.5107565,0.36760235,0.86114156,0.428232,0.06559164,0.5633028,0.23514208,1.5415416,0.5851903,1.3227887,0.04035793,0.115339234,0.086319126,0.75626504,0.81898123,0.7682308,0.58537126,0.63676995,0.06072813,1.0477444,0.4277441,0.84074366,1.2065926,0.57657886,2.8598053,0.16709094,0.59057707,0.14597017,0.04346277,0.5592885,1.2401104,0.19977194,0.1420713,2.1308002,1.6818182,1.475075,0.71340674,0.78516906,0.4409238,2.9943535,0.93735766,0.0020042853,0.9540485,0.7882406,0.25106677,0.5591724,0.6194688,2.078406,1.2184402,0.31294397,0.0005668401,0.058120143,0.2022902,0.400176,1.3601036,1.4418749,0.26166916,0.11506354,0.06599369,0.171033,2.6536174,0.041068066,0.34676912,2.4278865,0.13083725,0.021631531,0.6477732,0.44580716,0.35542148,0.12541929,0.6169514,0.914062,2.8171542,0.14803231,0.2023505,1.6502581,0.6443396,0.76105577,0.833355,1.0071291,1.4261913,0.26330578,0.59323865,0.62706447,0.3855252,1.2524068,0.41270489,1.1637316,1.1052902,0.006364611,0.14789937,0.109839626,0.7359637,1.6368177,0.8828595,0.878537,0.18457136,0.52207094,0.0,1.7604424,0.011700434,0.5499267,0.0126543725,0.23648182,0.4851123,1.3086253,0.17310603,1.6830578,0.4493813,0.23078139,0.23215751,0.18284744,0.89480746,0.17089716,0.05434008,1.9076515,0.2593373,0.4177058,1.1120114,0.15163164,0.019071834,0.108452134,0.3167773,0.33515742,0.0,0.5560655,0.43919832,1.4166738,4.104493,0.14674893,0.30808526,0.22357915,0.2926596,0.16313104,0.3284938,0.40797997,0.21177134,0.20875354,4.696816,1.072357,0.744133,0.43239644,0.023097323,0.28784093,0.52837443,1.0097535,0.6729936,0.94652665,0.34443384,0.014805045,0.063787505,0.93286973,0.1935445,0.21428937,0.26360518,0.20753603,0.13305359,0.7409149,0.80339867,0.34046865,0.6206272,0.46673673,0.39987692,0.36728832,0.48604044,0.6565212,0.4246415,0.8932407,0.0,0.33385256,0.07406387,0.3064062,1.5414063,0.053083498,0.20687562,1.0850339,0.122166,0.43227848,1.5522856,0.92469734,0.19002897,0.076855786,0.0114256535,4.059564,0.48796532,0.025464952,0.0,0.11535436,0.5642083,0.7342167,2.2092178,0.8443844,0.98365235,0.642897,0.55848855,0.24513242,1.9770001,1.7732143,0.46627963,0.8091777,0.021579428,0.32246125,0.7885147,0.35572654,0.3674146,0.2026315,0.12330279,1.0549095,0.045769565,0.9495972,0.1708666,0.085055076,0.06624285,0.05390805,0.0615412,0.9284757,0.96511525,0.9586887,0.31488454,0.4518911,0.5012647,1.512112,0.13914092,0.07860439,0.3176844,0.58127314,0.42360866,0.1255722,0.19803973,0.40225655,0.33989492,0.23951226,0.2823822,0.14996874,0.35405082,0.19160025,1.881502,0.4139246,0.28133872,0.39599204,0.19431359,0.52638716,0.5502281,0.019594597,0.033322938,0.7306927,0.038238257,0.6354208,0.21297595,0.3298593,0.86281675,0.6295914,0.14973325,1.3940151,0.9105475,0.2855614,0.55672264,0.7092764,0.9388978,0.97203964,0.17515235,0.2507339,0.75146496,2.2164106,1.546775,1.4762156,0.5005941,0.016570866,1.2496778,0.14956622,1.1743993,0.02249054,0.1664444,0.25443083,0.51496977,1.1451557,0.697019,0.94651973,0.5355631,0.5610626,1.9738818,0.3353215,0.6804297,0.8182548,0.3336907,0.90945977,0.050041426,0.53924394,0.61738116,0.35107344,0.02655453,0.0054804184,0.12237968,0.3375148,0.6310301,0.5676334,1.2261119,0.44614092,0.044178613,1.6667166,0.80931556,1.0182048,1.989612,2.5793507,0.3849776,2.2219355,1.7351191,1.9059246,0.26267266,0.0,0.66405296,0.49852726,0.18316022,0.69711286,1.7734032,0.080528,0.7139202,0.005677017,0.050631706,2.4544008,0.18986145,0.028148528,0.09952082,0.12622063,0.047263753,0.564737,0.45642245,0.96565133,2.0064285,1.5880438,0.09484956,0.080882944,0.27325928,0.05457208,0.7781864,1.4482841,0.13002633,0.8336223,0.9424499,2.2842236,0.64450413,0.9323576,0.81642747,1.1084934,0.10232672,0.0,0.031981613,0.4388535,0.7704827,0.14315191,0.07707273,0.26648635,0.25672087,1.1722268,0.020377675,0.67064553,1.575884,0.1457158,0.3945862,0.54223484,1.9834837,1.3966976,0.8656198,0.2804046,0.042738367,0.42948595,0.19211307,0.8108124,0.005190393,0.65858203,0.2937606,0.26545936,0.034504164,0.24111243,0.00050974713,0.23774105,0.0,0.1686188,0.11946942,1.3718559,4.3816547,0.29967692,0.7890181,0.36468142,0.39689782,0.8358651,2.2849905,0.022551246,2.2810292,0.23923145,0.60631067,all_pothole_images\pothole_images_new_image_223.jpg
3.1429968,0.8133381,0.4283781,0.0,0.6279813,1.5551285,0.6814192,0.88045406,1.0941864,0.44508722,0.12858406,0.33071256,0.39471096,1.3627498,0.58359015,1.49734,0.0011159399,0.6050612,2.0633762,1.188633,1.6225898,0.7214008,1.7361084,0.5967665,1.0830613,0.03287445,1.7072499,1.3925955,0.15580024,1.3324074,0.12020313,0.7828456,0.43359217,1.0548265,1.8893815,0.0,0.049958855,0.92335635,2.990435,0.29722732,0.003829708,1.6203737,0.2650772,1.3171381,0.66653365,0.60927755,0.98095405,0.028063457,1.6743556,0.31251696,0.8279495,0.9969651,0.61788476,1.7895116,0.0,1.1037307,0.23523954,0.30866995,0.6594989,0.63554907,0.27745476,1.3791941,2.1898115,1.8133736,0.7659098,0.08424604,0.20565787,0.006959504,0.44206315,0.46305978,0.06716879,0.45861885,0.0033930202,2.266719,0.059491087,1.7155594,2.8981204,1.0153913,0.1675886,0.0921604,0.5685267,0.81671965,0.34056932,0.6106978,0.0970536,2.8114283,1.1990365,0.76681453,1.0444956,0.15600935,0.12539303,0.16228525,0.47058845,0.9079459,1.9008607,0.4757751,0.5099951,0.4061842,0.25846377,1.5895419,0.19150889,0.43606126,0.10559347,0.0,0.20248292,1.0649556,1.0748781,1.1416669,0.768214,0.9296647,0.8723306,2.2466934,2.1391656,0.10321462,0.012159537,2.686605,1.9355038,5.762498,0.7346628,0.8807714,0.49310648,0.88129336,2.0376182,0.18748742,0.107992776,1.3281733,0.37509286,0.48026076,2.7225382,0.42301714,1.1446953,1.0263735,2.584147,1.5625561,0.30813545,1.7677108,1.744693,0.32627323,3.4049647,0.07711541,1.0192652,0.0,0.12021923,1.7184906,0.73706394,0.32900572,0.583337,0.0,0.3241129,0.707231,0.5606585,0.29487023,0.50991046,0.73354316,1.5162997,2.2451775,0.7533508,0.5356102,0.3705178,0.36208057,0.69042677,0.7234022,1.4857681,8.546036,0.15035865,1.3224369,1.6691245,3.4726243,1.0009284,0.045312088,1.0823696,0.28600276,0.79472584,3.3994508,1.8766563,0.10967976,1.3777112,2.664375,0.00515431,3.769949,0.7071979,0.6788073,2.593319,2.118879,0.91521746,0.4842333,0.7282093,0.39390868,0.5459997,0.46500105,4.6681676,0.0,0.08672344,0.01868985,0.59982836,0.33033186,1.3244928,0.54242593,0.47754765,1.8777437,0.06483151,0.5088711,2.8421137,0.8072681,1.071704,1.1248555,1.039114,0.052519515,1.9886454,0.054535788,0.8287913,0.26703107,0.7565094,2.001268,0.2241706,0.09141395,0.31068614,0.9910263,2.9449618,0.57202816,0.031583108,1.7251425,0.008089772,0.088575594,0.22145946,1.7464725,0.45139202,1.0772882,3.205798,1.3277391,1.9672116,1.9139972,1.1067964,0.9606703,0.20895801,0.42173195,1.1034248,1.0908415,0.26000068,0.5500957,0.48097056,0.23106283,0.5434156,0.06036635,0.5763761,0.18373522,1.3242453,0.791686,0.4968158,0.10490824,1.415324,0.5486462,0.89286906,0.89921826,1.0221273,1.3534733,0.32360792,0.86725086,0.09493679,0.20928484,0.42365396,4.22025,0.2488675,0.528906,1.0265329,0.9865522,0.22769463,1.0005534,0.96891874,1.7578773,0.015484466,1.1441685,1.1969014,0.37485892,0.20114155,0.93672544,0.542018,0.82861304,2.408915,0.0364152,0.63627356,0.5418389,1.2084211,0.026301047,1.5831281,0.0,0.9555018,0.60183656,1.0141112,0.08135858,1.0692264,1.2228864,1.2318046,0.42664647,0.39681232,2.09232,1.1111337,0.8080679,1.679945,0.0,3.4214222,1.4277986,0.11085368,1.0909568,2.4931965,0.6112124,0.8329207,1.4583827,2.2938185,0.76521486,0.72444487,2.4039905,1.6658711,3.7573662,0.04236438,0.68460315,0.924809,0.5091963,0.85779256,0.18507628,1.2324638,0.955256,1.9440486,0.82788193,0.958412,0.5044147,1.4940132,1.4885871,0.17807235,1.2637372,2.1799655,2.0895343,0.08540416,2.483454,0.9413163,2.6955245,0.33809224,0.6179072,0.42890665,0.20286322,0.0,1.8518156,1.1004862,1.1853772,0.24202026,0.0,0.0035837167,1.2591848,1.3717041,2.137509,0.061482962,0.4329647,0.056469314,0.0,0.5834802,0.60352844,1.8045583,1.3443629,0.5907388,0.16978648,0.41102225,1.6294129,0.11474331,0.3776787,1.0446,0.10884757,0.41159183,2.9757357,0.19412112,0.72814417,1.110249,2.1209989,0.16041131,0.23191074,0.7360523,0.59053725,0.014717825,1.196292,0.1459303,0.29381555,0.29282698,0.51803625,0.107426904,1.245697,0.09548876,0.60924566,4.355563,2.208234,0.11651358,0.79423,0.13497558,0.07838369,0.0,0.038112313,1.5349748,0.57554466,0.3401998,1.0331855,2.0170567,0.028424036,2.5617368,0.624274,1.5709857,0.9894493,1.5414655,0.12974456,1.5622301,0.35509,0.28193218,1.2653798,1.8713903,0.45990175,1.1299013,0.33578497,2.104437,2.7626204,0.14810726,1.332508,0.16552362,0.07213202,0.30892587,0.87988764,0.6540958,0.20513327,3.275072,1.0467988,0.1636011,4.4181533,1.4083445,0.44698974,0.13660389,1.2969036,0.4799052,0.09048873,0.28220648,1.4613248,0.55031383,0.1379983,0.04062354,1.0741676,0.9364615,0.43352032,0.4636456,0.8962868,0.0154382475,4.421021,1.7811275,4.5408087,0.40060106,0.019499006,0.4174206,0.019240791,0.0142096365,0.44928804,0.19603792,0.968742,2.6984665,0.10649328,1.2008883,0.2569065,2.2239597,1.5387934,1.1551117,0.478655,0.44094804,0.9403362,0.3417877,0.20223707,0.4119679,0.29643342,0.31684348,1.0662607,0.46759114,0.47213888,3.013487,0.21327794,1.7405972,0.75956523,0.09307173,0.3189973,0.5901467,2.534999,0.096820034,0.42727533,0.31593317,0.1403593,0.5481413,0.29022133,0.42197788,1.7866396,0.24526784,0.20681264,0.046765566,0.4863954,0.011316315,0.08803473,0.46820146,0.42612475,0.05994556,0.29694262,0.3062858,0.0018619347,2.1634848,1.6073622,1.8748959,0.99446553,0.02203448,0.9804289,0.40419215,1.039054,0.76680386,0.07435127,all_pothole_images\pothole_images_new_image_224.jpg
1.018772,1.2870717,0.4115625,1.8682537,0.33311844,0.6625969,1.1100047,0.3952558,1.484748,0.72390556,0.14272754,2.2381225,0.19744736,2.3521304,1.4339923,1.0171764,0.7482872,0.11265069,1.0969782,1.3597271,2.2466705,1.6415172,0.55628306,0.097141124,2.3839808,1.3285578,0.8096856,3.4015458,0.1490159,0.47290915,0.19407079,0.4406482,1.8815477,1.1913325,0.46192962,0.8004954,0.0023826414,1.2737832,0.4676855,0.6546371,0.57852983,1.1176571,0.019893695,0.7061976,0.44233617,2.4844086,0.06336142,0.27368823,1.5807091,1.2167922,0.68447393,0.33702654,0.6352571,1.2365868,0.5407786,1.5492533,0.35642287,0.19714694,1.2914635,0.049371712,0.15709749,0.6062022,0.49948278,0.41930237,0.052547347,2.3634963,1.4839032,0.7102394,0.29917333,0.36089534,0.35401705,0.9064833,0.47279713,0.1225785,0.32100904,0.058392104,1.218597,1.8000668,0.10787387,0.15821448,0.5035417,0.1636471,0.4996661,0.22050537,1.0194683,0.94010824,0.1639407,1.0928868,2.1555195,0.43169025,1.2088696,0.25090817,0.6615637,0.3524165,1.6463747,0.07862822,1.5322583,1.4630544,0.3417411,2.3695197,0.029838031,2.2800176,1.3089129,0.62484866,0.5637724,1.3532163,0.70679194,1.2519695,0.06324949,0.49426532,0.7208773,3.8098156,1.2747993,0.022211831,0.5414142,0.043259405,1.1499468,0.08955609,1.0031844,0.7870745,2.699042,0.0017001892,0.12845813,1.8558111,1.7156771,0.72777504,6.347645,0.33057746,0.5512166,0.6447475,0.35285327,0.10732096,0.009075791,0.74503124,0.77125204,2.333951,0.9078637,0.10689717,1.6636978,0.29127166,1.3294418,0.45309812,0.0,0.0040028854,1.6198916,1.122079,0.70383084,1.0276192,1.3917551,0.36174327,1.0679541,1.3643223,0.05205775,0.029662436,0.8594541,0.8097403,1.9547755,0.038355634,1.0689179,0.9285764,0.8712166,1.2652031,0.05208036,0.71563244,0.15795758,1.4064072,0.5686336,0.11903696,0.8024155,0.96627736,0.711976,0.42957678,0.4175422,0.09302378,0.14676233,0.5158246,0.41296756,0.029093059,0.951274,0.9983145,0.14027184,1.6752224,0.93035567,0.79307604,0.96026176,0.503525,0.72969204,3.2674356,1.2856351,0.8294606,0.8109386,0.4456868,0.0,0.994717,0.18055451,0.29991683,1.2739748,0.6622486,0.7917147,0.55867463,0.5206851,1.7124459,0.3996328,1.0285964,1.0980339,0.9085048,1.0692992,0.2927901,0.56842864,1.0932045,0.1995706,0.0047740755,1.8537112,0.5487874,1.1812212,2.0044367,1.011084,0.04390482,0.7130274,0.6020749,1.5716131,0.62342054,1.6480118,0.788411,0.121528566,0.24902736,3.446172,0.062321886,0.18475668,1.6869304,0.047569994,0.65447515,0.5088893,0.6858331,0.4540895,0.3242662,1.1539588,0.13716124,0.34908947,0.048871424,0.80527663,0.857915,0.0082127405,0.28918728,0.028420424,0.027178733,1.0457834,0.2779518,1.7545288,2.1686513,3.9716024,0.967888,1.7958776,0.55676025,0.947492,0.9409153,0.22784626,1.6426549,0.09646127,2.986019,0.57450396,0.31766832,0.331166,0.9761936,0.7702271,1.9821607,0.20908111,1.3487632,6.197982,0.42097488,0.56666344,0.21223387,0.0026672645,0.97522074,0.4547055,0.51648533,0.066403374,1.2196925,0.28218105,0.298643,0.07238029,0.5518958,0.22045699,0.270174,0.7049049,0.2908742,2.2660737,0.15652432,1.1054943,0.19111103,0.84529656,0.700945,0.6358014,0.97219753,0.38886908,1.1734465,0.16954874,1.3285187,0.67672324,1.4967225,0.2860932,0.7912418,0.5028395,0.6188843,2.2595265,0.65249795,0.11281695,0.38888213,1.318866,0.71849906,0.21589166,1.5686265,2.2131994,2.1008554,0.20103848,1.6013205,1.0535473,0.456125,2.616602,0.31393436,0.21167736,0.0727077,0.49518907,0.9341574,2.3672314,0.43373558,0.048155405,0.0,1.8006884,0.28417072,1.9773525,0.6494471,0.24708767,0.21852049,0.1827056,0.50419056,3.095955,2.1862004,0.04094402,2.249131,1.1102439,0.67924386,2.8976533,1.4326556,2.1892061,0.731176,0.85672605,0.47459278,0.21017055,1.0594171,1.6552302,0.9950147,1.1737901,1.6070188,1.8396755,0.19911754,0.5332665,0.476269,0.38712987,0.7586908,0.95083493,0.124888025,0.15843734,0.8856804,0.011181018,0.7890186,0.53986394,1.0428839,0.132833,1.185751,1.0114377,0.9614952,1.5077565,0.69753045,1.0835216,0.67770827,0.6264995,0.2906474,0.5450869,0.3149255,1.6785412,0.1657099,1.9058115,1.1466417,3.397933,0.37177715,1.0715269,0.0,0.29151484,1.2117379,0.9626153,0.26828742,0.3082265,0.8913832,0.07185857,0.78527844,0.58672565,0.52577925,1.26169,0.2738404,0.7957628,1.0752105,0.33341107,2.378161,0.25185698,1.1322072,1.344511,0.64362115,0.6676286,1.4831429,0.18498747,0.65034395,0.124799,4.3898854,0.13463528,0.7431858,1.4891487,0.89381915,3.748806,0.7850138,2.927416,0.6773261,0.08811942,1.634844,3.0793264,0.0062842853,0.6227257,0.57442755,0.54174674,0.74597484,1.079571,0.27157936,0.2092314,1.472096,1.3910047,2.0175235,1.438685,1.6240922,0.89815164,2.5482268,0.3360111,1.03696,0.1371802,0.032032404,0.8046127,0.04290136,0.68488854,1.5482119,0.09437884,1.6400722,0.529525,1.754235,1.5773041,0.15901224,1.4495789,1.5021433,0.6348264,0.42819586,1.0000999,1.4551386,0.86214685,0.49597493,0.5584199,1.9210995,0.40115944,1.48731,0.7123671,0.1822463,0.73700696,1.0309845,0.65991265,1.5959443,0.34666076,0.10775274,1.4119694,0.87445766,0.95142907,1.4982346,1.787784,0.5760686,1.7175848,1.6289155,0.3284701,1.1749322,0.6888476,0.0,1.7827251,0.27293846,1.0650023,0.080477,0.08041866,2.2434995,0.24635608,0.92913336,0.55996686,0.0036686237,0.2930217,0.34329557,0.43165773,0.69724923,0.607873,3.1461089,1.7757121,1.9025346,1.7403402,1.7254753,0.59269536,0.20125853,0.095776886,0.4571523,0.3006494,1.1596003,all_pothole_images\pothole_images_new_image_225.jpg
0.0,0.16858266,0.9075892,1.5585881,0.13222964,0.2010437,0.85396785,0.053063918,1.5427017,1.0517308,0.33390874,0.3457904,0.07791704,1.0850375,0.0048432923,0.519329,1.0578096,0.0,2.465399,0.16708352,0.5261721,0.48778525,0.5560906,0.49600375,0.08347312,0.38394344,0.17765059,1.6249062,0.27940243,0.0,0.0,0.0,0.13673724,0.41297624,0.0,1.2151691,0.31146976,0.23973131,1.158984,0.024196183,0.0,0.0,0.33828017,0.79634124,0.52603585,0.1528345,0.581782,0.10016106,0.20709912,1.2682401,0.08069656,0.53919196,0.12078567,0.18935372,0.49323592,1.6948392,0.0,0.7247478,0.5452545,0.2046947,0.45952585,0.05331389,0.0664619,0.07834118,0.45457107,1.3857805,2.9397175,0.13346165,0.3240152,0.34100398,0.0,0.0,0.21957229,0.052287973,0.099196315,0.046886016,0.8274915,0.4110232,0.09524775,0.0048752413,0.0006418331,1.2718625,0.021735162,0.80440205,0.037130244,0.0,0.3024519,0.2170842,0.18928963,0.14820719,0.05936148,0.6677252,0.007846393,0.0039123753,1.8345866,0.029857898,0.6965693,1.3161082,0.3231971,0.07719462,0.029981753,0.59011704,0.053092897,0.032903537,0.95514387,0.21554199,0.081652604,0.0,0.46238613,0.023372822,0.2665534,0.3841671,0.071968995,0.14107053,0.5517355,0.100350924,0.12492274,0.5583734,1.5347092,1.8532101,1.3509338,0.08863421,0.16994801,0.5588474,0.86300695,1.9060806,1.1461984,0.0,0.053421885,0.0,0.5103374,0.1365448,0.38199478,0.3721386,0.27664286,0.3120957,0.11818003,0.2777728,0.24684407,0.0,0.51892596,0.17281692,0.20284986,0.053797867,0.36505163,0.20403697,0.119962245,1.2565361,0.65143913,0.33879656,0.08743691,0.6827781,0.12661941,0.058650747,0.75006056,0.5224247,0.8076018,0.0076267184,0.0,0.46819985,1.1296607,1.5794195,0.020376021,0.5993309,0.27773106,0.062218826,0.017834738,0.054307994,0.13319892,3.329288,0.0,0.009657244,0.035754167,0.8127488,0.18351382,0.5773038,0.23705804,0.09132888,0.036570538,0.046568092,0.20385851,1.6730654,0.27475846,1.6425412,0.0384726,2.1268995,0.09227775,0.01265038,0.42877275,0.57230425,0.0,0.7205407,0.08219462,0.4547563,0.20324323,0.16374381,1.32388,0.56495684,0.6433066,0.9528169,0.14810626,0.45260885,0.07322957,0.09538262,0.765451,0.12562875,0.15852481,0.03189445,0.91937566,0.28026244,0.10986753,0.019883495,0.3620934,0.36245173,1.3473959,0.7567523,0.0,0.7682053,0.4001116,0.7073969,0.1366456,0.89446044,0.6879286,0.50652546,0.0,0.19525184,0.7167394,0.24572109,1.8990031,0.9043213,0.89482075,0.033275522,0.044694766,0.88938344,0.9665071,0.0028397809,0.29900378,0.09772981,0.0,0.07841741,0.35280368,0.22374201,0.118610114,1.5146406,0.12937891,0.0,0.57719934,0.036011904,0.45771998,2.4107773,2.7647343,0.21659034,0.0,0.9180407,0.15546343,0.76568055,0.0,0.67014474,0.042607743,0.63489366,0.012825859,0.26650342,1.1602838,0.03478758,0.11252257,0.033128694,0.7679458,0.019946912,1.4091558,0.024385676,0.238841,0.003320815,0.57810366,0.6354099,0.22585814,0.2784374,0.0,0.093906954,0.24480695,0.15225242,0.38358745,0.6064297,1.2659267,0.16197772,0.029330837,0.7086227,0.8498192,0.29390702,1.366143,0.11814866,0.0,0.17752077,0.047849655,0.6939975,0.4942119,0.7340289,0.0,0.10667599,0.18846731,3.3394008,1.5048589,0.35729116,0.05958092,0.032161683,2.814594,0.0008986459,0.6575836,0.76076084,0.18227513,0.004303999,0.82642996,0.34210017,3.0143106,1.6919175,0.5183372,0.5949173,0.0,0.6932419,1.5712061,0.073364474,0.35195494,0.020576004,0.50002396,0.4555191,0.19272533,0.7914058,0.80481654,0.0075997855,0.28795186,0.12514472,0.58601195,0.08545739,0.35835725,0.12896837,0.16329199,0.16052456,2.7807515,1.218214,0.43509462,0.06607158,0.7408903,0.29225287,1.1532885,2.2775402,1.7577511,0.65130085,0.062142253,0.0959618,0.0037793173,0.5976464,0.27913168,0.0551721,0.13448377,0.45394173,0.045825075,0.18125343,0.061073095,0.60077506,1.4074917,0.40202817,0.80257833,1.0633105,1.1115876,0.24347636,0.15804328,0.13766037,0.44002253,0.07081731,0.010783947,0.5675319,0.53493726,0.3278806,0.81411976,0.0019479748,0.07068149,0.049138516,0.1395721,0.0060132197,0.99810904,0.3581543,0.7765026,0.021272479,0.46733442,0.44310442,0.23788531,0.01241796,0.93862337,0.40742943,0.7831862,0.73930126,2.5836935,0.0,0.73360467,2.1587381,0.11763471,0.4012156,1.2846202,0.11445236,1.1287903,0.025338532,1.4292198,0.47532755,0.25524798,0.002459814,0.691951,0.0056522246,0.8092196,0.3135818,1.0276468,0.51955295,0.47346643,0.18480347,0.49164554,0.33024767,0.23988897,0.6601617,0.13347864,0.26194903,0.6350546,0.015294406,0.15523931,0.34276268,0.5106792,0.9483563,0.9481169,0.47168383,0.63508373,0.0,0.06642689,0.026685169,1.3147858,0.18013409,0.59689546,0.8327428,0.7876923,1.4116635,0.029130911,0.16581337,0.2292939,0.18851703,0.42652977,0.09623258,0.5127256,0.054776628,0.6056667,0.09808004,1.2035713,0.27168742,0.18872847,1.4956864,3.1207874,0.0711467,0.70873666,0.2932864,0.7217636,0.53856415,0.033891752,0.25328997,0.07195393,1.48522,1.3138102,0.07326633,0.42138335,0.012268364,0.14022735,0.11200819,0.46399567,0.0,0.14153299,1.9416318,0.06363433,0.2970124,0.019820506,0.19908124,0.21716934,0.0,1.1249511,1.0380962,1.6922202,0.7930092,1.4477735,0.53193456,0.58770967,0.0132399285,0.017927663,0.2933294,0.08913924,0.40733674,0.6700662,0.04500348,0.74527663,3.4107878,0.520624,0.048227746,0.022130925,0.09889655,0.07072956,0.15657271,0.0,0.80618936,0.5671886,3.1057618,0.34338698,0.022168329,0.2481898,0.1694165,0.64381635,0.100056335,0.57377344,0.24474698,0.25804773,0.31462863,all_pothole_images\pothole_images_new_image_226.jpg
0.054588974,1.575271,2.327125,0.057853255,0.89983046,0.097646445,1.3358166,0.14759645,0.984651,0.82549995,0.5158938,1.4666754,1.0654334,1.0477272,0.36318657,0.71990573,0.014499538,0.25155488,0.08681883,1.6787521,1.1036495,0.26588574,1.7149533,0.40451586,0.46245578,1.7264402,0.28774643,0.17349721,0.09188285,1.7528005,0.39205006,0.07017098,0.5940439,0.19762595,2.8781993,0.40608093,1.0950261,1.9503105,0.46592587,0.09543938,1.7444209,0.64737684,0.0990146,1.907153,0.09196606,0.15777689,1.5332904,0.24094476,0.15227894,0.056139126,1.6450124,0.85926765,1.5429649,0.33590913,2.4233656,0.06354466,0.8288499,0.4355539,0.24088676,0.27076542,0.19213216,0.34985647,0.12724595,0.752566,0.57859594,0.045645095,0.0073303566,0.23018622,0.94214755,0.29786924,0.8434035,0.06509495,1.0242158,0.053968858,0.12402134,0.4899922,0.85696244,2.0724187,0.4670699,0.2351826,1.5581886,3.2938948,0.46515763,0.09123431,1.1487656,1.7142543,0.09130773,0.81220335,0.36912805,0.6221152,0.52992254,0.5874287,0.45269078,1.2018912,0.5146599,1.8940823,0.64494675,0.059778977,0.5482048,2.9587862,1.2909863,0.3089227,1.5695996,0.5650505,1.3558365,3.1079764,0.7580661,0.6013416,1.0775717,0.5441566,0.76577085,0.30532014,0.63381344,0.6012054,0.70159274,1.5150694,1.429187,6.6343775,0.06976857,0.8279933,0.12724626,0.9302614,1.6304072,1.6257707,1.2937547,0.27762607,1.2603077,0.8006333,0.62483984,1.37428,2.573172,0.7221049,1.4169266,0.71429646,0.83839756,2.0532835,0.60313755,0.030798148,2.9706576,0.7392019,0.40907663,0.993333,3.0943074,0.96617436,1.6265235,0.16457503,1.0275134,1.1472906,0.60918665,2.2740202,0.4243113,0.15725094,1.0756046,0.38060907,0.21382105,0.4941656,1.4516891,0.49605724,0.46544507,0.24342108,0.35981274,0.23701802,0.27164647,5.6348677,1.4735352,1.1389726,0.8027528,1.755935,0.69005054,0.0,0.2568361,0.38027915,1.5853215,1.8049327,2.420106,0.85766816,0.37824324,1.4515861,0.6011294,0.28741905,0.5741465,0.7897148,0.65494424,2.879255,1.1549984,1.0258586,0.35515556,0.6935306,0.016492115,0.66120553,0.5446522,0.6270326,1.6236619,2.162028,1.1096402,2.0419598,0.5552537,1.3851513,0.2476714,2.671543,1.3811051,0.37103233,1.0471723,0.08652255,0.7506833,0.31075108,0.64097506,0.5157073,0.12760676,1.1276598,1.0182433,1.4229854,0.18786052,0.49936047,1.6630526,0.003302568,0.10259185,0.042585857,0.56947196,0.17766091,0.5800419,0.0,0.05673277,0.13817137,0.022517944,0.98729783,0.6592766,0.113403015,1.2630574,0.5468906,0.55856615,0.8646665,0.1314819,0.36030757,0.56809306,1.1959208,0.15709838,1.4965026,0.0068446985,1.0585104,0.61444116,3.413434,0.0924654,1.1674224,0.33616173,0.5405995,0.27862522,0.0036271028,1.3802063,0.024499655,0.5593218,0.62985,0.5807476,0.8136516,1.3285705,2.076354,0.44789788,0.2515531,1.0566922,0.0053966176,1.7346169,2.9496393,0.29036322,0.1389991,0.6189377,0.17983502,0.26864788,0.09180386,1.7144175,1.4502685,0.077345096,0.01575462,0.015973702,0.07493456,0.28728095,0.80610794,0.19209997,1.5306168,1.200721,0.21580054,0.4109595,0.31615883,0.75389236,0.9878503,2.0615702,1.2724818,0.12802587,1.4104767,1.1738893,0.86732,0.8501588,0.62588817,0.13250695,0.33016437,0.10809158,0.87143815,1.0459372,0.061161853,0.73203844,0.6872148,3.045053,0.098074004,0.8364162,0.7603929,1.7842958,0.0,1.139026,0.25895363,1.2883939,0.07857372,0.59908473,0.7403728,0.41523564,0.53814495,0.70778304,0.29710022,0.76816386,0.92588246,0.06389525,1.0128598,0.13201244,1.3214463,0.35584927,0.07042937,0.22377306,1.6474704,0.69941086,1.9281352,0.37388882,0.4802098,0.19435771,0.12764043,0.23353554,0.96794766,1.2280341,3.210938,0.3914388,0.78244734,0.64338064,0.16411541,1.3631501,4.0312486,0.1713599,2.7513528,0.96475965,0.52616894,0.43821645,0.34738418,0.19028622,3.5579646,0.15747662,0.6577615,0.47646496,0.0031085317,1.0585178,0.101268515,1.0032704,0.89100426,0.44090185,0.26200005,1.9721992,3.0273192,0.5722725,2.7269692,1.115736,0.5184416,0.55743897,2.5217702,0.51364213,1.8112226,0.47601387,1.7876288,0.6069333,0.7967438,0.4293031,0.9977944,0.37502432,0.18414602,0.28695855,2.7199554,0.29647768,1.6838758,1.4090889,1.418059,0.20240588,0.02089855,1.0138129,2.2039523,0.015667727,1.8129346,0.3780785,1.2603859,0.49359635,1.4664166,0.03356969,0.60529554,0.6592129,0.7286019,1.1819593,1.6058255,0.15544367,0.41129848,0.0,0.49483827,0.7685568,0.45883986,0.7533547,1.0961869,1.432166,0.058641657,0.3969527,0.48443595,0.3335313,0.9531088,1.0464902,0.6905228,0.6097565,2.6458142,0.06409819,1.0136062,0.13925049,0.9982941,1.1121414,0.36092782,0.73440397,0.9616926,0.7252443,2.6678767,1.8597155,1.4144839,0.022505283,1.3954977,0.06643781,1.0662941,1.0555909,0.69473624,1.0855238,1.0804331,0.31700078,0.8471222,1.0540924,0.46374333,0.14226907,1.5918504,0.0027000615,0.5434467,2.229428,1.2846025,3.2639751,0.61041725,0.7746682,0.34752706,0.3297535,1.3917603,0.67747426,0.17239584,0.045260962,0.08689306,0.3378367,0.12567563,0.42494246,0.93480337,0.19638203,0.5997205,0.46238816,0.5768332,0.6881181,0.29880604,1.9319271,1.2915338,2.70128,0.98452926,0.10407273,0.8679701,0.2587657,1.5474533,1.1770352,0.5527914,2.4736898,0.53389835,1.5498567,0.52886516,0.889777,1.551432,1.3298787,2.6990144,0.6040928,1.5047467,1.2682728,1.1379682,0.63779336,0.53551215,1.0997486,1.9091978,0.9085674,0.037793152,0.64344203,0.09953888,1.1772991,0.82522,3.876633,0.1854849,0.2616037,0.49629134,0.18198337,0.4596813,0.27708638,0.762707,0.1324186,0.3926385,0.14854768,0.5830468,all_pothole_images\pothole_images_new_image_227.jpg
1.7058518,0.496961,2.1965237,0.59093857,0.32189792,0.3276769,0.4872494,0.6089423,1.7362936,1.0350502,0.3313538,1.4849495,0.19946781,1.1760157,0.28191528,3.0064168,0.7779162,0.59358686,1.4301565,1.2892345,2.108224,0.050224468,0.37747988,1.1094729,0.0104329465,0.7120095,0.7217247,1.3672096,0.29429,0.8619489,0.026383653,0.8769649,1.397597,0.32996184,0.1728405,1.3327184,0.12621494,0.66581,0.90472776,1.0395532,1.9892889,0.47423,0.88294655,0.51942927,0.81647474,1.055073,0.5625286,1.95693,0.9971556,1.9749646,0.5020347,0.0,0.5619072,0.7385528,0.60005635,0.0206749,0.779127,0.88497394,1.9151258,0.21010236,0.2956233,0.06732576,0.73558617,1.7887948,0.19104439,3.3010502,0.06113086,1.6389302,1.0870512,1.1643556,0.27278313,0.35285985,0.20826413,1.6598889,0.3334289,1.16936,0.1406948,0.67973435,0.209555,1.1129656,0.071305536,0.06849352,0.15454495,1.2296646,1.4757264,0.08646651,0.19078803,0.40377337,0.8097874,1.4015976,0.25665715,1.6926041,0.2342987,0.331043,1.0520738,2.786681,0.69430876,0.7767782,0.7120006,0.94379455,0.69291586,0.63049495,0.97428644,0.07832784,0.46548018,0.046254236,1.9474866,1.9277091,0.7260964,1.1807076,0.24295598,1.4037572,0.27305055,0.110249676,1.0705161,0.28890368,1.0754689,0.9247505,1.0527502,0.26337972,0.18729727,0.5561992,0.61723393,0.3693004,0.24561037,0.03318656,0.05606328,1.1535219,0.4125711,0.73884207,0.67036647,0.17043279,2.6478465,0.676408,0.45891574,1.0794041,0.58597463,0.27230528,0.744189,1.4067104,0.4077319,1.1806957,1.1790929,0.1592606,0.11530495,0.7081859,0.113044724,0.592585,1.4190751,0.32935524,4.9672318,0.4253149,0.39893955,0.7913283,0.20965932,0.38727218,0.032556634,0.7856352,0.722539,0.09306881,1.3236933,1.1686617,0.6207179,0.044535432,0.088401005,0.0,0.014003448,0.08898989,0.22305495,1.23044,0.47356707,0.30018723,0.075417995,0.9997236,0.03427333,0.5370764,0.26361054,0.9971771,1.5297266,0.15011555,0.0138755515,0.30103207,0.20067243,3.5332458,0.71238375,0.40461636,0.12343532,0.0005581909,0.93137467,0.3686015,1.5648115,0.5802356,0.20130885,3.0455465,0.7384901,1.2924883,1.2640126,0.64227074,0.884398,0.24503215,0.72538346,1.0463217,0.99227065,0.54768676,0.0710421,1.5722673,0.6954875,0.3430435,0.715477,0.14790043,0.21435612,0.022767596,2.4207716,1.4211509,0.24213415,1.1812207,0.27765095,0.0,1.5863012,0.8231665,0.17716417,0.47419465,0.07916344,0.80711645,0.19168702,0.09699056,0.5589597,3.1766868,0.32419845,1.7158076,0.3340531,0.5395992,2.5728006,1.2356272,0.5329157,1.1715667,1.7066619,0.3189454,0.7569529,0.546335,0.48130456,0.7606008,1.300563,1.9722813,1.2009155,0.3968965,2.355515,0.9861107,1.7656034,1.1420224,1.2291447,1.0253102,2.3297021,0.89848137,0.4243693,0.9416757,2.1755612,1.3122686,1.2827823,1.6031535,0.20133613,1.0783312,0.28469777,1.5396924,0.14429645,1.6749715,0.0,0.580375,0.43903166,0.8896875,1.3258698,0.17263281,0.3374153,0.23474744,1.2542539,0.2925992,0.9604942,0.5023604,1.456396,0.7570769,1.2549175,0.020733992,0.8669856,1.4631287,1.5449672,0.29812774,0.26707745,0.5822894,0.8205897,0.010162381,0.50983137,1.0598186,1.5216637,0.46337742,0.39023858,0.040880315,0.95675105,0.23769425,1.6715685,1.0991511,0.2258994,0.09319998,0.41767672,0.21855488,0.26014835,1.1847501,0.047198806,0.6932739,2.774253,0.7152967,1.7404369,0.67343915,0.5814405,3.0364075,0.0033883783,0.30270284,0.17784865,1.654124,0.5998284,1.352787,1.6442912,0.16937405,0.3576952,0.6103927,1.5878296,0.9269043,1.9266332,0.72923076,1.5152436,1.8796993,0.28886247,0.6399633,0.741135,1.037647,0.89133155,0.48575574,0.47225833,0.037505977,1.123854,0.0,1.6895223,0.6749141,0.12546071,0.21228316,3.2884321,0.75642645,0.24614325,0.07315845,0.10799851,0.05757181,0.6944972,1.3116953,2.785212,1.2053704,0.09201991,3.837152,0.41683877,0.69938993,1.0817978,0.7795185,1.3047503,0.00041481518,0.72545373,0.19305459,0.3501991,3.2968247,0.43080503,0.85588866,0.96078724,1.4143494,0.9777675,0.37842834,0.4808823,0.13930658,1.167733,0.99937063,0.43976,0.30891657,0.5504385,0.89028555,0.49120623,3.7846649,0.22566596,0.120668545,1.3319618,0.36721802,0.7412679,2.06497,0.058939464,1.1123619,0.7408966,0.9232688,1.0313466,0.84502333,0.508637,0.30828044,3.4137015,2.2753916,0.16352104,0.22366305,0.62125784,1.3439047,0.03935586,0.61913615,0.17661662,0.42901936,0.45582595,0.5316965,0.2840536,0.07647632,0.0,0.060885787,1.1421363,0.46959043,0.08456466,0.025655756,3.1071203,0.7404727,1.1510981,0.577845,0.8920682,1.4822582,0.34776205,1.73685,0.12161962,0.09186539,0.5912751,0.7676694,0.32965514,2.5959966,0.0,2.030988,1.0225247,1.3528728,0.04983057,2.078608,0.38905263,0.3668631,2.1053183,0.14514057,0.52300537,0.39700893,0.010801216,0.36595738,2.281021,0.09865794,2.1660419,0.8560555,0.04768765,0.54362285,0.56923336,0.14407587,2.4027815,0.5914025,0.67839456,0.85954845,0.0867378,1.621137,0.50546026,0.58341944,2.4883657,1.4183879,2.4136825,0.044588078,0.5514473,0.40745226,0.22519769,0.09806298,1.03715,0.4086008,0.1597936,0.5230941,0.3567937,0.6928437,0.8714425,0.24794713,0.045822512,0.59045637,1.3042526,0.19422297,2.3636987,0.5143378,1.3168288,0.32443017,1.9970105,0.9344945,1.19104,2.0660923,1.8568649,0.056521308,0.31180182,3.499528,0.3427995,0.20999297,0.35908142,0.25684738,3.7107818,0.9454486,0.17807999,1.9746991,0.24119991,3.2600083,0.59636796,2.289366,0.101394065,0.036121868,0.17179514,0.9004146,0.010406568,0.41250002,0.018130185,0.68323827,all_pothole_images\pothole_images_new_image_228.jpg
1.6827644,0.938187,0.62328047,1.0952928,0.8797928,0.21068242,0.0,0.0,0.6034127,0.9135725,0.3756632,0.41227356,0.031842,0.96877813,0.32885727,1.4124105,0.027011236,0.23036988,0.0,0.071683705,0.557493,1.1764224,0.29216686,0.5385803,1.2092048,0.5551694,0.64676315,1.4017476,0.4203041,0.14028277,0.6810113,0.35508743,0.12968734,0.76601547,0.0,0.9008045,0.14645728,0.8324015,0.11877573,0.4439698,0.2294655,0.0049852966,0.081242114,1.8129132,0.3024898,0.071602054,0.024027199,0.20049016,0.9136654,0.9957354,0.10776849,1.2673331,0.94688135,0.22487819,0.104337,0.5656981,0.87037545,0.54954195,0.2749901,0.38100666,0.011946651,0.4001777,0.012508836,0.4441056,0.39298669,1.5087286,0.09056915,0.1319225,0.8167193,0.075253114,0.12184828,0.2511411,0.6956958,0.36410576,0.09707722,0.65662473,0.24384576,0.7553656,0.0,0.031391233,0.13817278,0.061064787,0.4624698,1.3308004,0.48289198,0.19064538,0.14127864,0.22808725,2.0476947,0.43322822,0.19163564,0.0,0.0,0.19089979,1.17529,0.65711784,0.7306646,1.9532467,0.07716225,0.01782977,0.011087384,0.2638757,1.1147755,0.24868575,0.04377318,0.0,0.16800043,0.43293253,0.04575733,0.96783525,0.0,2.7055624,0.36251867,0.9678539,0.9797075,0.1987726,1.2855912,0.0,2.1016936,1.7596447,2.1918344,0.70363265,0.0,1.4984939,0.9580198,0.94854236,0.020771218,0.50184894,0.54759955,0.0,0.027688013,0.10235513,0.003314827,0.00056907337,0.0025308966,0.41793254,0.021560168,0.20645466,0.21836492,0.15790172,0.0,0.048540972,0.3213871,0.48666465,0.00586017,0.18132225,0.0,0.47547615,0.13654971,0.0877733,1.0810987,0.25825015,0.036112495,0.4162916,1.5417132,0.5215523,0.077169366,0.11707598,2.1017835,0.28554896,0.9630466,0.6076614,0.021650365,2.2158237,0.09961872,0.5377214,0.28054667,0.024003481,1.3460419,0.97116226,0.0,0.009861243,0.2278023,0.0,1.3022754,0.02932603,0.45367664,0.0,0.15523747,0.021389842,0.0,3.112697,2.2350023,2.8039672,0.7842617,2.4766645,0.07209724,0.12584114,1.6065745,0.64869076,0.0,0.0,0.014009429,1.0808219,0.7537366,0.10768331,0.66411155,0.913435,0.5234141,0.28692365,0.31101665,1.3969495,0.093948744,0.9773517,2.5888531,0.621127,0.8771708,0.63685364,1.4611695,0.40225118,0.0,0.020240918,0.12934648,0.2564975,1.0034068,1.8517728,0.053217314,0.043130875,0.45258063,0.07674618,0.31883785,1.1761377,0.53567743,1.1957953,0.08050869,0.02653789,2.1075857,0.65314764,1.4060329,0.636734,0.11143578,0.0,0.022044824,0.10674833,0.33737552,0.016171463,1.6998758,0.024531856,0.16938268,0.028696643,0.4558925,0.9808379,0.24078055,0.069532394,0.37199542,0.0027124358,0.9092773,0.36187306,0.48493937,5.158073,1.3165871,0.5265252,0.43014947,0.26258084,0.45196566,0.08797773,0.82475716,1.2263138,0.73705965,1.8409272,0.0039053091,0.0,0.5242184,1.2732441,0.6166692,0.66754603,0.19040065,0.5740315,0.8723648,0.05176959,0.12505811,0.022377895,0.111907646,0.09947482,1.4051124,1.513456,0.00044115956,0.0716247,0.103094734,0.40157878,0.07822009,0.6475445,0.97424984,0.017735258,0.3505772,0.6294055,0.36881918,0.02033096,0.07412528,0.21605583,0.100723505,0.017742952,0.3513124,0.83107305,0.011958293,0.37180358,0.11639972,1.0710143,0.28673413,2.2658067,0.5400538,1.0677904,0.067948475,0.5599937,5.4383225,0.45892656,0.0017626649,0.4022448,0.23990786,0.2228234,0.1707821,0.15017961,3.3015528,3.2701523,0.1950852,1.1178856,0.11500806,0.8127595,3.6655772,1.1017282,0.39878622,0.1872956,0.5036305,0.05961994,0.7305916,0.016575808,1.3872366,0.075355224,0.2661184,0.14069176,3.3207798,0.99841106,0.0,0.001708891,0.0,0.055906184,1.868599,0.49105665,0.07804008,0.35024038,0.12879036,1.0103742,2.325912,0.47905838,0.39087942,0.5335991,0.21684591,0.08535214,0.10226456,0.27159864,0.33068812,1.1623578,0.46023622,0.05662271,0.4001668,0.43037215,0.032616716,0.7908448,0.7605754,1.9347103,0.16514784,0.53592205,0.7446819,0.263184,0.11503037,0.801128,0.7260186,0.022616934,0.17055301,0.061378513,0.11112074,0.020361578,0.25794894,0.072346985,0.24558164,0.030549916,0.25620687,0.74780893,0.18654805,0.5424425,0.54289746,0.080248944,0.10373559,0.5832176,2.7953117,0.82760566,0.701275,0.0,0.07276456,0.5384931,0.16099967,1.2467715,0.79503137,0.14762811,0.06759411,0.051122583,0.83106184,1.1686321,0.01938597,0.2754186,2.0352457,0.69319457,0.28146017,0.047407206,0.30612227,0.12961487,0.5637558,1.3782349,0.37779656,0.2970856,0.9101021,0.840243,0.019644212,0.13811511,0.007058106,0.020309249,0.47001562,0.022812156,0.7916009,0.43642354,1.5227387,0.60974026,0.77888256,1.3864338,1.2810618,0.0044792173,0.73549664,0.9150015,0.0,1.0179942,0.32326847,0.6816639,0.9561782,0.83062494,0.079362676,3.934573,1.1137867,0.9543801,0.0026615718,0.870811,0.21212815,0.3520366,0.25327206,0.10970543,0.03326213,0.0,0.011303315,0.25170338,0.050561056,0.82290226,3.7295241,0.3416776,0.65413994,0.6076142,0.71368545,1.466381,0.69738346,0.41863817,0.4065536,1.4599315,0.32736173,0.12172316,2.3864703,0.0,0.054952953,0.20927331,0.026258465,0.0047120703,0.07118713,0.02581606,0.6297167,0.45312694,0.1509113,0.004169605,0.30858743,0.5602137,0.06616314,1.3947659,0.124373995,0.16464043,0.48041153,1.9734474,0.42317685,0.8175263,0.03637734,0.3154245,0.1413473,0.35735154,2.3194177,0.013596755,0.16264161,0.8234688,0.16528238,0.6845543,0.009610085,0.0,0.13375348,0.0058728205,0.012086201,0.0,0.498007,4.9367657,1.1711365,0.27525666,0.4216395,1.8141828,0.058042962,0.4756778,0.19059165,0.33395186,0.18675996,0.123731755,all_pothole_images\pothole_images_new_image_229.jpg
0.66646963,1.13638,0.5216385,1.2836189,1.2938207,0.33236936,0.13242364,0.22271922,0.14791578,0.63783044,0.0007753026,0.14870109,0.1979178,1.7173909,0.22066575,0.9678439,0.0,0.20989871,0.19131497,0.38376,0.6489235,1.0539463,1.3075215,2.3726003,1.8295397,0.8421201,0.17920297,1.6811892,0.7773659,0.3903269,0.8650831,0.56988734,1.2379506,1.0575837,0.89444965,0.092684284,1.3322825,1.2210853,0.26162145,0.27156,0.73768306,0.41105354,0.1894323,1.2764807,0.56511265,0.4495753,0.108937435,0.0029479095,0.25230885,0.39674625,1.0307083,0.12355515,1.1348938,0.45711872,0.046892174,0.4809185,3.163218,0.002598053,0.41487935,0.120191395,0.45877317,0.3206184,2.0051587,0.6968716,0.46827564,0.7800897,0.37716147,0.0,0.20061807,0.42105538,0.59188765,0.35773876,0.23200591,0.6197953,0.6411475,1.8992528,0.160162,0.5702578,0.015069117,0.123320326,0.027305614,1.2142384,0.020705493,1.1361351,0.35063887,1.1219593,0.11840178,0.042065173,3.1699107,0.13726877,0.2765225,0.43412107,0.17277682,0.578141,0.38359436,0.075894006,0.47467735,0.54489505,0.062190123,1.633671,0.06995155,2.0225365,0.08013996,0.020753825,0.604882,0.42754784,0.06701441,0.66371155,0.11488369,0.7305212,0.4625623,0.89592826,1.58832,0.44561774,0.8291847,1.269617,1.9850576,1.0820101,1.9454155,1.2101306,2.6133401,0.7564216,1.0659779,1.1706451,0.56283617,0.64931995,0.075413495,1.8904498,1.7014571,0.47091687,1.443388,0.0049061724,0.61768043,0.26396456,0.07687494,1.7090425,0.68184733,0.89219993,1.6300046,0.44838467,0.4561028,1.4373832,0.049981058,1.1843525,0.46919754,0.9050612,0.18898173,1.1925033,0.9508915,0.7457947,0.5223506,0.7417648,0.31222895,0.3732599,1.1709669,0.8770588,0.821617,1.0999863,0.48950645,0.38342604,3.451768,0.52183354,0.08472491,2.0398014,0.07006282,0.7578985,0.18066369,0.9471264,2.2193017,0.4057128,0.17268792,0.1974818,0.0,0.78790367,0.40909958,0.10130281,1.7760489,0.1339972,0.07686268,0.021279894,0.03654626,1.6089199,1.9449542,1.5314949,2.506096,0.4650538,0.37339953,0.38598716,0.08254354,0.3668467,0.3969721,0.86588085,0.04254209,3.8081944,0.043994796,1.6072599,1.4753034,0.5319127,0.61801517,1.2937436,0.5443002,1.1772107,0.8601524,1.251295,1.2353054,0.48433933,0.49285918,0.14793688,0.93466777,0.13946705,0.6532278,0.2321649,0.34999722,1.1135291,1.7602584,1.2593449,0.64953953,0.39241955,2.5414815,0.13760948,0.6889226,0.032297183,0.089710504,0.37281126,0.05441715,0.30812493,1.8091209,1.0298975,1.5737394,0.031764776,0.09376339,0.5184461,1.2739636,0.0420273,1.6777486,0.24385986,2.6769433,0.2215643,0.051553704,0.31553018,0.7228546,0.025715562,1.749562,0.78233325,0.08472929,0.0046532154,0.7718781,0.6244001,0.47190648,3.776246,1.0790224,0.031907834,0.86591023,0.20869027,0.08594504,0.34003034,0.5760596,0.13814627,1.5249845,2.2852857,0.07168851,1.3045518,0.72902787,0.9612283,0.6709705,1.3254523,0.02631094,0.123206586,1.4573905,1.0295758,0.25092328,0.013170542,0.42161727,0.03703466,0.5016943,1.0337065,1.812618,1.6166608,1.5404196,1.299501,0.07561863,0.26171726,0.40321687,1.2007387,0.92009085,0.448811,0.49542826,1.7478391,1.9499748,0.09810019,1.1959745,0.40255737,0.057000183,1.1285293,0.055115003,0.09137336,0.11765634,0.29932657,0.32561195,0.50527185,0.49097532,0.4955864,0.26883593,0.015732465,6.784683,0.12015251,1.0499812,0.60826224,0.52679664,0.10636594,0.44918674,2.2676356,3.5182898,2.2924967,0.066720456,0.42995173,0.0038789625,0.69061416,1.6569232,0.68154985,0.326084,0.27709767,0.047637336,0.8333768,0.734118,0.30118975,1.6637417,0.8352916,0.04273942,1.0427022,2.7347262,0.12410088,0.18402717,0.47771016,0.47574666,0.5352413,1.2961588,0.85546595,0.09888618,0.078734525,0.31632185,0.8813333,2.754,0.05772153,0.3693529,0.0,0.5004232,0.25417507,1.058784,0.62460333,0.062624276,1.091641,0.24916632,0.21343885,0.15750155,0.12896606,0.090025134,2.4727929,0.15544097,0.55566126,0.0058603217,0.30628753,0.8462843,1.0953903,0.0052859257,0.65581685,0.7836999,2.3370354,0.018132579,0.8846031,1.6805036,0.48816833,0.20741692,0.24701205,1.1442616,0.47980428,0.016548298,0.30734098,0.8402303,0.89535767,0.11540691,0.05931893,0.17675857,0.8031901,4.6455946,1.9015825,1.4873153,0.1944176,0.03363653,0.8764711,0.49243918,1.7510269,0.53156406,0.12914173,0.17486101,0.078578666,0.818917,0.91280013,0.76560277,0.272033,2.392156,1.3568833,0.7540482,1.0188847,0.047375854,0.6460741,0.8251432,0.12317674,0.42026934,0.09898503,0.23495153,0.124461815,0.43022552,0.079415895,0.061524916,0.89044267,0.37675858,1.1819279,0.16780023,0.17106412,0.90766144,1.2019815,0.6365707,1.7318681,1.500725,1.9194547,1.0597167,1.697487,0.74701566,1.5614802,0.45311058,0.3954031,0.03477465,0.22535194,0.23020588,4.1657314,1.5881472,0.7148945,0.08205641,0.91881746,0.93377733,0.7789252,0.25627154,0.61419886,0.1305588,1.444498,1.1028414,1.0290157,0.54945254,0.17300068,0.5102053,0.70769656,0.5486925,0.37455273,0.72282004,0.35086343,0.9425916,0.59458244,0.5884164,1.4508271,1.4113744,0.09180321,1.2739238,0.05859706,0.40708432,0.16823488,0.34113246,0.12868798,2.3160486,2.0379739,0.45888433,0.5079416,0.6117897,0.673511,0.6253304,0.07413836,0.65233964,1.6592069,1.2291691,0.0,0.3882645,3.6613703,0.9116413,0.6314374,0.010567035,1.0062963,0.9431949,0.5418429,0.88210183,0.07817578,0.068138234,1.2318618,0.0,0.26990864,0.14065824,0.030240975,0.34508598,0.012010603,0.24920435,0.25196546,0.79476327,4.657229,1.6647395,1.070769,0.7013846,0.45624453,0.18101713,0.9989291,0.19711338,1.0619314,0.73574436,0.25883558,all_pothole_images\pothole_images_new_image_23.jpg
0.07303576,1.069841,0.78336793,1.2478238,0.48441455,0.124761075,1.3146563,0.06637656,0.02903336,2.2220747,0.5158275,0.6769237,0.3001311,1.1063199,0.14709593,0.8041716,0.3192374,0.4141611,3.0775058,0.3975141,1.6982923,3.1595142,2.346135,0.8848438,0.86513,0.2782813,0.21652485,1.7554932,0.8913377,1.0706651,0.9143959,0.41475397,0.35933116,0.047834832,1.9090434,1.1587458,0.026322685,0.32854044,0.356986,0.7443217,0.33522612,0.4611247,0.054295763,0.7740837,0.8719551,0.40600693,0.15479551,0.0,0.34947547,0.7714994,1.4906893,0.21321222,1.813937,0.22962853,0.48746452,0.25840333,1.6362854,0.0082600955,0.68919885,1.8587514,0.32836726,0.48584524,0.9980617,0.5287591,0.2247124,2.5006332,1.0923294,1.06147,0.6011797,0.8060102,0.0540436,1.0078505,0.5721243,0.0025041893,0.78286266,1.1631519,0.4131672,0.09527134,0.4326088,0.8069158,0.018861583,0.22435598,0.7328077,2.3101623,0.47423273,0.94364196,0.6969958,0.25321552,2.0476215,0.31786466,0.18724057,0.8508101,0.039035756,0.107205436,0.45454523,0.76544833,0.66260433,0.38256562,0.016208436,0.44339094,0.3958283,0.6759276,0.92555094,0.58654684,1.2322749,0.19831133,0.27495283,0.25697485,0.07817698,1.5993022,0.04142878,3.9655828,0.7082873,0.057334013,0.0072474172,0.5285076,2.9241226,1.5407804,2.7102263,0.71831995,1.4186153,1.2644893,0.060711704,0.23789075,1.1325935,1.7586818,0.05650798,0.64672214,0.57062185,1.9002031,1.5881948,0.15838666,0.38516122,0.1446936,0.49411383,0.994322,0.1233871,0.08843452,0.5260582,0.027267037,0.30521926,0.7020341,1.8527517,1.7856125,0.0,0.08910387,0.7172633,0.8800388,2.68895,0.9956778,0.6976359,0.09959804,0.029594215,0.01767137,1.8230712,0.49324805,0.87348825,0.7413986,0.3067804,0.56222683,1.767192,0.85592884,0.08941707,1.4427252,0.42686328,0.21896626,3.0413718,0.27026284,0.87667674,0.59905416,0.31279188,0.011727716,0.29249507,0.30010617,0.63514405,0.02136841,0.923836,0.1060133,0.8083365,0.85771024,0.48326203,1.2859032,2.9041286,0.36499092,2.2327232,0.6223151,1.0107673,2.156143,0.4959491,1.0418016,0.69586897,1.1065744,0.0,1.8083929,0.48590574,0.0,0.5964556,1.9963361,0.28853318,1.3053163,0.11548695,0.3018796,2.502558,0.28703004,0.9586225,0.014310821,0.07253429,0.32727623,1.776146,0.40902218,0.05767781,0.31624633,1.5314087,0.25868288,0.14631309,1.299975,1.0994442,0.21960014,0.81023127,1.3070546,0.13620442,0.35564274,0.8509745,2.431079,0.23442645,0.1697819,1.4237599,0.00084403384,0.4136222,0.07576692,0.12808485,0.42063907,0.5802339,0.35186175,2.6217701,0.15654014,0.19810602,0.0,0.0,0.22758226,0.73958087,2.3277643,0.8498032,0.23304103,0.2843523,0.4811497,0.7926086,0.27507812,0.27135873,4.3484263,3.2336583,0.50763667,1.8905647,0.3277486,0.052261923,0.4600103,1.4329475,1.4222977,2.0329158,0.8513915,0.11403669,0.17602736,0.10096863,0.63030934,0.22009197,2.4009163,0.12582333,0.19655293,1.1572449,0.510974,0.4030323,0.72925454,0.0057421406,0.10702179,1.2572241,1.571763,0.24249716,0.2755444,0.872588,1.7342521,0.51678395,1.4285469,0.1252717,2.118426,3.2353833,1.0009149,0.4415194,0.7435235,0.85575897,0.8087958,0.32046393,0.4592672,0.35776573,1.8171973,0.11146253,0.15180843,0.71900326,2.6307442,1.1847411,0.1075902,0.008566476,1.8944936,0.06711108,0.56161076,3.6410117,0.6802747,0.6659724,1.123081,1.0152091,0.7123894,0.25407574,1.394558,5.68372,1.2006327,0.8259945,0.48740658,0.18505313,0.26853013,2.6668,0.077973574,0.103752695,0.8685875,0.056496628,1.572586,0.2908749,0.2346421,0.28303862,0.0067742425,0.5729987,1.751722,4.501808,1.3379221,1.5672576,0.3899104,0.24548858,0.23196769,0.59575963,0.6509752,0.4444533,0.5388173,0.84413195,1.4496992,2.0506606,0.16940983,0.45125237,1.2848693,0.10491346,0.04665564,0.8955392,0.8740548,0.039294384,0.8742494,0.897664,0.83314157,0.813806,0.10681115,0.18821031,1.2883523,0.5455015,1.006511,0.08602379,0.21494392,1.8222257,0.98897845,0.41290593,0.7448191,2.2700672,0.45579967,0.30267093,1.456748,1.3031229,2.1683805,1.0590303,0.03489322,1.7841855,0.33962914,0.10780682,0.14826472,1.2219971,0.6520167,0.19441919,0.42349097,0.91152734,2.2949295,3.7798567,0.5286591,1.7718574,0.7510946,0.64626044,1.713343,0.37697244,2.3774722,0.687511,1.9006044,0.56481934,0.07811721,0.28179544,1.1057241,0.38140428,0.00786334,3.8439622,0.012365883,0.10277606,1.0266792,0.16275173,0.0,0.39561105,0.63471377,0.02841774,0.05163335,0.45117575,0.59229,1.0069075,0.10232102,0.045305878,0.0,1.4806107,0.37062752,0.65547746,0.38472444,1.1198043,0.90059894,0.34456307,2.351808,0.9176005,0.862511,0.11554009,1.3297757,1.1396601,1.633756,0.5209882,1.3288184,0.6833778,1.0546663,0.7770961,3.6705031,1.2019225,0.763027,0.9442887,0.987889,1.5033096,0.065363474,0.013682679,0.32259756,1.4580227,0.4751432,1.2557158,0.2486725,0.40073463,0.5241915,1.7184193,0.90040445,0.6422466,0.32786724,1.1728891,2.2312207,0.3282631,1.319813,0.4549992,1.6690824,0.069146596,0.17093728,1.3431692,0.5906875,0.42913258,2.0424838,0.42065254,0.73699033,0.10599003,2.6423721,0.44922423,1.3698076,1.1775125,0.4163212,0.902783,1.1036621,0.02618874,1.1370801,0.637829,0.037309296,1.0096488,2.463261,2.0164135,0.07246482,0.07167696,1.4721072,0.84016836,0.7857272,0.9816778,0.23716065,0.89248484,3.2010224,0.9710841,0.1511731,0.94797933,0.14569114,0.34798717,0.21386118,0.47851825,1.3863308,0.03711685,3.4839442,0.7719471,0.26855633,0.6612097,0.5742568,0.3449401,0.67806214,1.3467836,0.630648,0.81431174,0.42911288,all_pothole_images\pothole_images_new_image_230.jpg
0.40805808,1.79339,0.4153454,1.3333229,1.2599571,0.6463964,0.15447915,0.28451985,0.40183538,1.0124165,0.7811231,0.16569024,0.1579806,3.6934614,0.27081433,0.98546886,0.69760644,0.21948522,0.537071,0.92801446,0.38924122,2.22427,0.42997104,0.38015765,0.42922968,0.77323943,0.685159,1.563699,0.84646386,0.13431409,0.14696565,0.31887442,0.44370142,0.013353211,0.1712183,0.5751747,0.5057799,0.74676347,0.16348766,0.1818292,1.1047153,0.15241584,0.306711,1.6079407,1.0752463,0.63180125,0.48289877,0.010758996,0.49314633,0.67914784,0.6810352,0.62476116,0.63158655,0.82958794,0.020964306,1.1721066,1.5534409,0.059813008,0.3482065,0.65092736,0.34657753,0.9135464,1.2153933,0.21102571,0.06943695,0.42011672,0.38747913,0.82885194,0.33902746,0.42286414,0.2646517,0.14359315,0.6620871,0.002436441,0.49458903,2.2402203,0.70967925,1.2139534,0.47092405,0.26492533,1.0986516,0.07648512,0.16720551,0.7949464,0.5455834,0.18688318,0.2979739,0.09044756,3.2576249,0.39189065,0.047480527,0.23033671,0.15228304,1.0969291,0.2249374,0.15543272,1.041159,0.90627444,0.33119482,1.8303269,0.056953877,2.4641626,0.20093429,0.08060167,0.12948455,0.36526147,0.2816616,0.0861771,0.025169207,0.037485987,0.24466152,2.616554,0.12145332,0.3643794,0.45505017,0.14287661,0.63309324,0.8311786,0.5038251,0.6972656,0.86550397,0.36264527,0.15836488,0.8945815,0.24559303,0.81434196,0.71591294,0.5255153,0.24359496,1.0860542,0.43510017,0.4519663,0.8862997,0.50319195,0.7057933,0.099112704,0.23237973,0.40042642,1.8744603,0.44751894,0.8486071,0.47674182,0.7590178,0.69853747,1.2634269,0.6175164,1.4198605,0.27710488,0.6977835,0.72512996,0.25144693,0.28485453,0.4335757,0.1525402,1.6626533,0.249506,0.22798266,0.8178513,0.5318154,0.15937215,1.110603,0.5963126,0.1317316,2.5155237,0.26667544,0.5363295,0.57699275,1.077891,1.5276897,0.72578925,0.6483707,0.21063098,0.09001722,0.52663463,1.0105562,0.056390055,1.7316698,0.1319477,0.10777771,0.1989925,0.4309791,1.5768296,1.6427485,0.25005835,1.0226284,0.40659273,1.6252112,0.94542557,0.31883857,0.8254083,0.44820404,1.1123917,0.03574837,1.3463364,0.08284565,0.2568346,0.49398398,1.0345743,0.8668185,1.3803829,0.46597308,0.8773264,1.5031692,0.00930554,0.39720526,0.45590505,0.093786255,0.7394046,0.08728753,0.26136726,0.07840374,0.5098244,1.7106965,1.6483115,1.2038459,0.90614086,0.18906984,0.066675976,1.3122673,0.52443093,0.63620263,0.15666749,0.81205,0.3325463,0.2723636,0.43424112,1.6545235,0.15122205,0.4333458,0.20402344,0.17387879,0.57219666,0.101333626,0.87793094,0.22652559,0.15738162,0.6899534,0.4048818,0.14339338,0.0019209879,0.631306,0.1942177,0.21384251,1.2551587,0.013509003,0.02865473,0.22456978,0.29974878,0.20539963,2.3756812,1.199074,0.095864676,0.5803309,0.7822263,0.6087639,0.98826283,0.82364815,0.4508854,1.3260081,1.3090453,0.5015165,0.9641013,1.4663953,0.21680422,0.42069528,0.8502188,0.24518752,1.2111197,0.7745565,0.8063709,0.7201308,0.08561338,0.027337775,0.2006431,0.21706659,0.7558144,0.7220635,1.6158775,0.9671265,0.49002698,0.070762135,1.0972408,0.0754732,1.468785,1.1827366,0.13552026,0.47576272,1.4410225,1.1295427,0.27381033,0.36431277,0.05606283,0.22246185,0.15471865,0.58295906,0.7208462,0.92385536,0.4518009,0.29011145,0.42083162,0.37431312,0.18691511,0.14946055,1.1409271,3.9496078,0.18170753,0.30197823,1.3964009,1.101329,0.5166365,0.36771104,1.1189275,3.9750428,0.16449943,0.27305084,0.17518725,0.651207,0.5083804,0.77167976,0.8225616,0.3011251,0.46488208,0.106425695,0.30148512,0.81569874,1.2563435,0.6290912,0.15301965,0.6260472,1.9688675,1.0171635,0.36006764,0.5870412,0.39406306,0.7608956,0.6345152,1.3920916,0.67228216,0.5756467,0.18819876,1.5144461,0.44023716,0.8030587,0.37151387,1.1672834,0.45646963,0.31392092,0.12666737,0.88029027,1.1665573,0.60177714,0.6853041,0.27606234,0.42994106,0.12606299,0.17222223,0.76534736,0.31820765,0.40332592,0.29653358,0.20873225,0.14688395,0.33216694,0.64531356,0.47557107,0.3755708,0.15757951,0.10809191,0.4077327,0.7070433,1.7078717,1.2623751,1.1471298,0.14029336,0.19516945,0.7581269,0.28149742,0.63543165,0.7612959,0.6693431,0.21656923,0.047860112,0.8145813,2.9060063,1.9393011,0.71863633,1.844928,0.59848255,1.4291368,2.4406645,1.767006,0.8903458,0.29301065,0.8105484,0.109544106,0.041894298,0.29062116,0.31637654,0.59840196,0.40196252,2.1046135,0.8463903,0.21360552,1.3596814,0.116603106,0.524006,0.31310096,0.2729552,0.2906814,0.0129490215,0.6955983,0.37060598,0.5962102,0.4474608,0.0,0.03227605,1.1944488,0.78779286,0.012417714,0.059598833,0.60659826,1.3220024,0.5868271,0.4651587,1.365974,0.36357623,0.5306769,1.0634416,0.7179813,1.162134,0.1916424,0.6310258,0.3211305,0.22159538,0.47516876,2.9421656,1.0097704,0.5433259,0.04536924,0.48737177,1.6433029,0.19894002,0.3517179,0.43017235,0.8331355,0.81276435,2.368577,0.5855416,0.50511545,0.31404164,0.9997936,0.8636633,1.2082835,0.6951082,0.611098,0.6188067,2.544971,0.41664994,0.42183015,0.9840913,0.95729995,0.48174098,0.81854224,0.85195136,1.0852209,0.34863833,0.79795945,0.14301887,0.9834009,1.9069005,0.8790185,0.54927456,0.7312292,0.17723459,0.21887553,0.5711216,0.57159334,0.29309788,0.6184732,0.66594225,1.2024821,2.0535505,0.8076094,1.0988579,0.0,0.10904803,1.109382,0.09380017,0.6806664,0.062461924,0.55122274,1.3463615,0.7972314,0.7523338,0.7835646,0.034805857,0.16377401,0.04117268,0.23705539,0.010961991,1.1896636,2.4295194,0.20537576,1.044709,0.9778015,0.14923175,0.037397496,1.4739803,0.0944809,0.38094488,0.85685253,0.5094709,all_pothole_images\pothole_images_new_image_231.jpg
0.7345775,1.3868049,1.4182416,0.12840375,0.44451445,0.5520336,0.46000734,0.34418988,0.15928729,0.026515692,0.13038677,0.56388295,0.06288809,0.011449784,0.18633804,0.29597455,0.35459447,0.098921135,1.5174588,0.16920494,0.9608827,1.6813793,0.5797889,0.87813115,1.0376927,0.057680823,0.30687568,2.2314246,0.0,0.03141918,0.17873916,0.013670904,0.5866152,0.72610384,0.08548343,0.31169307,1.0717374,1.2501675,0.80884814,1.4531854,1.4946471,0.27698302,0.03401018,0.59310323,0.26019076,0.97911835,0.048760734,0.0,0.25955248,0.6774096,0.82867897,0.025542047,0.7821405,0.8991512,0.09360969,0.4295483,0.8616856,0.040718548,1.0174749,0.764632,0.18116598,0.024898434,2.8081427,2.4284203,0.38643557,0.9912675,0.5213845,0.060842015,0.046538208,1.0289482,1.0693737,1.663371,0.0,0.8566974,0.5302822,0.7518262,1.1629081,0.07153101,0.02290012,0.7935192,0.03750351,1.3324627,0.062104624,3.3462625,0.950876,1.201341,0.26720786,1.1137311,2.2057488,0.48855636,0.27484813,0.10425328,0.60842615,0.5242883,0.11642995,0.8337334,0.13354328,0.2625683,0.26884586,0.49458724,0.36805397,0.72085506,0.5098287,0.035804335,0.13445829,0.4034354,0.43360642,0.35129166,0.5847875,0.4732093,0.31678295,1.518866,1.0856158,0.09805531,0.21530761,2.6463094,2.2539358,0.735646,1.7210534,0.28068262,0.539267,0.36032283,1.0924268,0.24618241,0.12293005,0.8027256,0.040349264,1.0547136,0.82059103,0.8546336,0.9613607,0.07333231,0.30478162,0.16820961,0.02491638,1.3321282,0.16024649,0.38588598,1.464054,0.82434976,0.43762982,0.1958934,0.0,1.3777145,0.5239516,1.3464377,0.20801991,0.028557159,0.50421405,1.2015198,0.17494465,1.1676606,0.017369205,0.0010781372,0.53612316,0.46364227,0.2710669,0.0,0.5676319,0.87249047,0.7190737,0.1441601,0.023407098,2.71802,0.30182627,0.9784028,0.71304774,0.40058875,0.92646974,0.6269539,0.5762802,0.0021849575,0.12778395,1.1149089,0.6190891,0.0,1.1539456,0.21010414,0.12902717,0.016235873,0.33449763,0.90041935,1.1629926,0.7660678,1.5823733,0.7869726,0.9038224,0.3605068,0.03852034,0.21687283,0.25146225,0.18564287,0.0055104457,2.1570425,0.50444245,0.30539846,0.25419953,0.4327612,0.24199793,0.24883609,0.16393016,0.2076514,0.14566694,1.556795,1.5751034,0.45346454,0.49042654,0.04856194,1.0340456,0.0,0.77919805,0.08276746,0.605281,0.64293355,0.5210079,0.3089746,0.5807314,0.32237256,1.6242108,0.3849875,1.0769463,0.8616761,1.3572191,1.153396,0.016998446,1.3452362,0.80374664,0.7967622,1.8260697,0.7192745,0.4511067,1.3995392,0.59590125,0.24999994,0.8428466,0.44182172,1.0332543,0.0,0.002366615,0.0,0.32669154,0.156612,0.76790506,0.009302583,0.1802495,0.11316353,1.1155899,0.048832435,0.09871528,2.6331477,0.92418295,0.0,0.15065023,1.1764516,0.047120627,0.005381458,1.9072815,0.15423515,0.49343282,1.9095861,0.015646731,1.0217572,0.68746823,0.56581455,0.3980677,0.56070745,0.15407985,0.23606673,0.15699078,1.6647694,0.34384727,0.6618882,0.035996277,0.0975244,0.2836724,0.5798965,0.22850884,1.981424,0.823198,0.47827888,0.211051,1.5303034,0.0,0.17389993,1.3653804,1.1528269,0.9234874,0.11918068,1.1357512,0.09202994,0.3970037,0.0028036246,0.8354205,0.32170528,0.9067464,0.0076379827,0.03782527,1.4748392,0.155148,0.1993219,0.2725966,0.68612885,0.30176347,0.42830664,5.339853,0.30569354,1.3310544,0.3125118,0.3492231,0.018862184,0.004727144,0.6531682,4.5996447,1.9651912,0.025257686,0.11673908,0.14172111,1.4876481,1.7959336,0.721444,0.12430805,0.008895436,0.1566324,0.029086528,0.71383995,1.0525624,1.9828886,0.174479,0.2578297,0.15262419,4.4470553,2.302389,0.00161821,0.1705059,0.7547022,0.38679364,0.5376393,0.20244741,0.18340583,0.4995086,0.16770212,0.8679498,0.88889855,0.013280455,0.28512838,0.19387,0.026889708,1.047206,0.8509112,1.4457415,0.013977152,1.4891461,0.09624717,0.89174324,0.42614165,0.085831486,0.46676087,1.9740053,0.6049398,1.0841575,0.07100131,0.31900012,1.6333234,0.632767,0.22609755,0.326021,0.6234774,2.1876016,0.07879601,0.61733,1.9132208,0.46229476,0.38838747,0.6931555,2.0311084,0.8245525,0.3568425,0.96063757,0.1643669,2.625346,1.0732356,0.0,2.003957,0.32895473,3.641909,1.6488276,2.873521,0.2253075,0.582665,1.4479656,0.64976794,0.41712755,0.943393,0.6950643,0.07054602,1.451179,0.6114677,0.52437776,0.16280623,0.11240956,5.093254,0.098698124,0.07300826,0.063748375,0.5679905,0.0,0.2347344,0.10369241,0.26152077,0.14857852,1.1207495,0.34411025,0.5879609,1.1472951,0.36328918,0.9903913,1.6463325,1.6275243,0.6137932,0.8436724,0.784081,1.8624701,0.103131935,0.49731708,0.2846208,1.6117382,0.29523462,0.7649628,0.53837967,0.41893247,1.2027417,0.08033714,0.55618143,0.27694407,0.39352778,2.501268,0.75026983,1.3087778,0.6588615,2.0323784,1.6529444,0.19994226,0.552672,0.16419642,0.83147025,0.38574764,1.5926752,0.27963465,1.7836787,0.7734817,0.7439314,0.32474005,0.70130956,0.7403293,0.98585194,0.5306405,0.89670056,0.7388931,0.6405673,0.72101116,0.9694586,0.84011286,1.4838716,1.6332407,0.68481976,1.038932,0.041822694,0.40450713,0.22618134,1.3223289,1.8428004,0.6034562,1.3331906,0.006004163,0.30580962,0.6736863,0.11815448,0.35885414,0.86999077,0.19069678,0.068249114,3.0484874,0.3068539,0.08939057,0.06897695,0.1647101,0.008806717,1.3881708,0.5798262,0.0,1.1354901,0.75988907,0.018574772,0.0,0.69141793,0.048311614,0.2231282,0.0018028354,0.13751121,0.035764683,1.3323268,4.922271,0.29251114,0.8736595,0.49046266,1.2315375,0.11012465,0.2564046,0.8309526,0.25947902,1.2354459,0.42290592,all_pothole_images\pothole_images_new_image_232.jpg
0.5709249,1.7915779,0.11009271,1.8199681,0.46407458,0.318757,0.4267512,0.17242,1.2449495,0.061995234,0.6369551,1.324781,0.6077952,0.076943345,0.22393008,0.0,0.021806423,0.7904941,0.28330025,0.5889273,0.028614156,1.4494736,0.07999447,0.10588061,0.26349333,0.17710261,0.45842755,0.49203917,0.03718381,0.92286235,1.1839535,1.0010343,1.9387807,0.07004912,0.31529114,0.24050583,0.01677813,0.5210596,0.21606588,0.08230448,0.6052472,0.29728493,0.0,1.9286796,1.5564824,0.137644,1.1362802,0.010574066,0.2339868,0.68765026,0.45671147,0.8425938,0.61764634,0.021874014,0.00576715,0.34665304,0.9265626,1.8107941,0.18409832,0.13658987,0.0,0.145284,0.4469635,1.0227984,0.43525255,2.027565,0.21990246,0.35754076,0.0253116,0.51838297,0.22920553,1.0110661,0.19166273,0.0905128,0.17854203,0.4786113,0.23988943,0.9512787,0.012431693,0.44406533,0.41118115,1.0996013,0.06964023,0.339219,0.23770593,1.046867,0.5654218,0.012199811,1.7839748,0.7244238,0.004945012,2.2885027,0.33653104,0.67617875,0.015448137,0.036441654,1.2645869,0.044894524,0.075614214,0.0,0.009074274,0.62180835,0.8461978,0.038293116,1.8786535,0.12206834,0.5094215,0.46431482,0.99483734,0.117062174,0.053295564,2.1616778,2.1838734,0.0012246509,0.5721033,0.25499502,2.3753886,0.3815883,0.05414998,0.25695544,1.3085614,0.23247764,0.38150635,0.81877756,0.5603354,0.0743782,0.2939667,0.362699,2.969115,0.1247958,0.18002875,0.1793475,0.021462556,0.22914775,0.29419976,0.61515325,0.12645034,0.29837447,1.3584601,0.17843126,1.132333,0.037916947,0.023535248,0.6396389,0.36233717,1.5358889,0.15639712,0.35985368,0.500423,0.020552391,0.37595576,0.10343695,0.14904524,0.12861742,2.239812,0.12478295,0.2362938,0.20789191,1.550017,0.16690463,0.90492254,1.2690666,0.092246495,1.6961726,0.9449086,0.0,1.134787,0.41902375,1.5556376,0.12315134,0.010746016,0.006644208,0.28768185,0.01534297,0.6672457,0.15882975,0.2492543,0.0,0.73344874,0.55382615,0.0,1.6348783,3.742845,0.0888986,2.7685964,0.19930772,0.5086914,0.4132825,0.3316958,0.08507933,1.2895939,0.008867997,0.032628328,2.2864716,0.037546746,0.009731368,0.009384449,1.2794429,0.07787079,1.0182327,0.8543369,1.6943066,2.336526,0.9975187,0.82455784,1.401062,1.1490861,0.44806308,1.1094476,1.0089445,0.0,0.65983254,0.37536037,0.0034036164,0.8467149,3.502644,0.055263203,0.26351112,0.41137123,0.28678167,0.5985095,1.1980058,0.62820214,0.357057,0.23459098,0.08741156,0.7692228,0.0,1.2370576,0.2806048,0.80812085,0.24425386,0.1401558,0.29224962,1.0867785,0.20662087,1.6949681,0.0,0.50453615,1.3531697,0.7272141,0.2362194,0.12592514,0.12822786,0.0047914274,0.42575556,1.4961034,0.17230377,1.2530677,2.9487722,1.4264592,0.25762364,0.88737106,0.38434845,0.083610035,0.19245361,0.8834663,0.43325096,0.19973922,0.45071495,0.093801185,0.27965292,0.083948866,0.51765245,1.1243744,1.6418879,0.28671053,1.9121492,2.5939848,0.27591252,0.18296506,0.18014449,6.138298e-05,0.0036447754,0.15835615,0.49421903,1.4291469,0.82444155,0.0,0.3767933,0.7688749,0.21576756,0.14250597,0.7703502,0.4517066,0.8200821,0.21070406,0.23169373,2.9339256,0.9639809,0.34632295,0.010935521,0.07001872,1.3738726,0.0,0.20236439,0.10110513,0.7998124,0.31380418,0.31358114,0.480914,0.0111441305,0.34954196,0.62490016,4.348035,0.5593388,0.0,1.6183037,0.0,0.45792758,0.27027276,1.2153596,2.9786158,1.8325357,0.100885,0.26374844,0.0736507,0.5691814,2.1153152,1.2553235,0.5897346,0.162773,0.0035306406,0.67455345,1.14187,0.7745405,1.1630381,0.079603456,0.9046324,0.025905443,7.4102054,0.25208858,1.7637076,0.0,0.12978758,0.16880462,1.2490501,0.0,0.33376318,0.367835,0.57067466,0.99966973,0.9851217,0.84441274,0.47989488,0.44512862,0.8255831,0.45250654,0.26879045,0.2780361,1.0347337,0.7846385,0.22615735,0.42923027,0.19818626,0.39338076,0.46288306,1.7250576,0.11201804,0.16568463,0.13761294,0.00478103,0.8790131,0.749183,0.0025299531,0.2407555,0.85707396,0.46334037,0.35322383,0.43831214,0.98838127,0.6813291,0.23850079,0.16004695,1.8403753,0.22275585,0.0,0.68147165,0.8447942,1.12319,0.12388848,0.34049496,0.4077259,2.2670999,2.541858,0.5157617,0.6912374,0.0,0.050499417,0.8702022,1.5310003,1.1807296,0.6835737,0.5331199,0.13380773,0.0,0.35605606,0.6334844,0.13755208,0.046937533,1.873437,0.75048196,0.089912705,0.9875524,0.28800917,0.4382975,0.7237171,0.334708,0.014429507,0.65863395,0.22069933,1.5300969,0.65662736,0.5490385,0.0039215935,0.030665027,1.7619696,0.112979196,1.0306523,0.0,1.2657229,0.7396173,2.1231282,2.259399,1.9512603,0.28997067,0.94631094,2.0787377,0.3054742,0.054339387,0.2789616,0.5185142,0.020979429,0.03522671,0.07290434,2.1816628,0.75055754,0.19266182,1.578864,1.2043015,0.014223197,0.40970007,0.087106876,0.17430294,0.8291828,0.25453618,0.05181237,0.10630167,0.104128815,1.0093205,2.2464893,0.3648316,0.08484628,0.6547415,1.8839738,0.7874709,0.28199908,0.4576532,0.25004435,0.77573603,1.8729849,1.0027112,0.8797293,0.019754738,1.2567623,0.10080848,0.1522655,0.0,0.24989773,3.6448882,0.23588698,0.16423741,0.32198402,0.24379371,0.27863118,0.43051708,0.026344078,0.98146725,0.45821646,0.021845948,0.3362004,1.1127585,2.3539875,0.42663208,0.036224816,0.06710388,1.5641634,0.33872694,0.44433537,0.0,0.012293868,0.86684644,0.09136068,0.21311577,0.33349964,0.08170697,0.43238652,0.14696641,0.13610105,0.37070444,0.060717225,2.7229698,1.603908,0.24930981,0.26813328,5.4801126,0.61342335,0.4387694,0.5085205,1.4711986,0.11049633,0.2498606,all_pothole_images\pothole_images_new_image_233.jpg
0.0062268935,3.0195735,1.0067446,2.2396574,0.1424497,0.12556002,1.3645779,0.556789,0.4124371,0.53714776,0.4820703,0.41906893,0.9512591,0.80411184,1.8347985,0.43854755,2.749871,0.1773689,0.8856623,0.0034427904,1.0160598,1.0617851,0.7258589,0.40122226,0.52787346,0.17492075,0.25526395,0.0,0.7852914,0.2242327,1.1684786,0.1701937,0.021785595,0.08026039,0.63760155,0.9427112,1.3885063,0.2665999,0.6902609,0.49477962,0.1197994,0.045104712,0.92823946,0.11886038,1.3213049,0.57565093,0.0,0.8948718,0.2156938,0.76434153,1.286782,0.26300305,0.5214939,2.7318826,0.45950612,1.3911744,0.17203802,0.85171103,1.2125185,0.06923875,1.2586814,1.7650987,0.644149,0.4173003,0.3488487,0.31429863,3.5820873,0.8682814,0.817851,0.6595655,0.68531346,0.50458026,0.35742393,0.18552122,1.0800468,0.5135423,0.3596946,2.2847803,0.5721419,0.1097972,1.4121343,1.01065,0.5890325,0.758372,2.3810556,0.119328804,0.24234682,0.35188434,1.981741,0.2635068,0.4144874,0.73904306,0.04516479,0.11375984,2.9742227,0.8419849,0.2459537,1.0057616,0.39996994,1.703559,0.04581289,0.55859107,0.13417923,1.6450838,0.7142453,0.2214552,0.35665628,0.36856398,0.17840691,0.39905694,0.5392152,2.636392,1.4186386,0.09725893,1.0829898,0.14998958,0.52638406,0.09884341,2.1957386,0.4251469,0.16811351,0.41783792,1.1727365,0.41335392,0.7566526,2.3400488,1.1239269,0.14745462,0.23544174,0.38754594,0.515494,0.4957577,0.5760572,1.4652874,1.7874357,0.28967315,0.20965514,0.1149797,0.16834944,0.7296433,1.3912263,0.31652245,1.1021194,0.028272657,0.3195559,0.23442449,0.67962503,0.26291725,0.9195829,0.95389277,0.23824011,1.1436559,0.33967558,0.13033105,0.14276288,0.030931126,0.49199995,0.5001752,2.6732028,0.10361446,0.27417392,0.2026522,0.5831841,0.006804433,0.9647092,1.5201381,0.75300115,0.042437047,0.8238762,0.05515188,0.15012792,0.3349351,0.721933,0.35332203,0.9897124,0.48386547,0.34810936,0.71954995,0.65805364,0.7033484,0.42874008,1.1105971,0.6212831,1.226995,0.38501132,0.64213413,0.52225107,0.16324618,0.20716158,1.9133652,0.14776643,0.65797526,0.108149305,0.7425875,0.4858045,0.0076687443,0.5006486,0.24643213,0.57072175,1.2935902,0.12725279,0.27919278,0.2504236,0.4395892,0.49118444,0.48113677,0.038031343,0.45513394,2.4257395,0.15791108,0.46933332,0.33524996,0.27626622,3.762236,0.3600858,0.5369673,0.11331816,0.6177384,0.67267925,0.535218,0.97899956,0.14439651,0.4411403,0.3428002,0.76282233,1.6794827,1.7006918,1.3314321,0.6122081,1.2263811,0.92061806,0.5753455,0.5320791,0.649223,0.10297022,0.40694606,0.26186314,1.2305301,0.15868485,0.12649682,0.72476286,0.37984216,0.43042558,0.032316796,0.40728652,0.9855762,0.5946046,0.045205776,0.66657627,1.4640175,1.2975239,1.4361702,0.97885907,0.3313689,1.309437,0.42716688,0.89343524,0.06407689,0.98256356,2.2477508,0.016185705,0.28943038,1.1678541,0.85277945,0.48245066,0.29755098,0.5348968,1.5640979,2.0955653,1.99888,0.39238834,0.111912474,0.30949527,0.2188193,0.21184942,0.87109107,1.588055,0.2570824,0.13406123,0.0,0.010369634,1.2515775,0.16586116,0.89041305,0.5950968,0.45874786,0.39571345,1.035656,0.972839,0.37352186,0.55588824,2.084472,0.4629025,0.0043288847,0.096165635,1.4235616,0.6244396,0.32182026,1.09175,0.9893355,0.0,1.2401512,0.6394663,0.51087385,1.4320111,2.0484455,0.5249087,0.07192165,1.9117997,0.8668733,0.3034513,1.1578562,4.0957637,0.7321371,0.41336384,1.9380257,0.3258792,0.7203238,1.340154,0.089770295,0.3416041,1.9438719,0.27158818,0.0736972,0.49803987,2.5115612,0.44002143,0.7236084,0.56439394,0.24845646,1.1522284,0.75344926,0.64804083,0.36626682,0.49335137,0.47709695,2.5101857,1.6822855,0.52543825,0.14576106,0.92101896,0.21200201,1.2268625,0.2910024,2.4256892,1.76317,0.62552387,0.011642953,1.3914063,1.0496746,0.24285336,0.32134742,1.4884808,0.36336812,0.21460426,1.5706662,0.7601588,0.016096214,1.5578899,0.22156264,0.07444869,0.49827886,0.1815908,1.5556083,0.7431725,0.63279915,0.63246846,0.013160199,0.07097209,1.2198977,1.2437083,0.57992536,0.3145617,0.18326238,0.44892237,0.112062536,0.8930416,0.12384216,0.63409466,1.1580487,1.0629414,2.162246,3.0695772,0.64881575,2.1002848,0.53278255,0.33222532,0.45477268,4.0514293,1.1072817,0.11933581,0.1503519,0.23600173,1.537029,0.7709677,0.3268961,0.48751593,1.1743813,0.17771794,0.67654496,0.20995548,0.13656223,0.4074467,0.3005952,0.47058478,0.17250639,1.460821,0.6105188,0.962204,0.41107178,0.7252739,0.016789492,0.22697979,0.77889913,0.9972596,0.47474694,0.30484152,0.05826909,0.2192511,0.36471575,0.94193965,0.7989817,0.61307216,0.34516823,0.65675336,0.22320448,0.18834978,1.9011766,0.86061186,0.45985457,0.79556847,0.66881645,0.8993917,0.27565676,1.4393368,1.6482743,1.2896862,0.010013788,0.24297278,1.8371665,0.4015585,0.70700336,0.64850384,0.3991211,1.539244,0.0035860569,1.6288037,0.36971578,2.074832,0.17230192,0.47852713,1.2801775,1.6014422,0.09363661,0.5092922,0.043544315,2.7435496,0.013181795,0.66313386,0.030771358,0.44729185,0.40629405,1.2992611,1.8925453,0.8048081,1.9559095,0.58497214,0.5126815,0.40372777,0.08383879,0.68551457,0.7927595,0.41367465,0.5718765,0.31182972,0.6471528,0.8646849,0.059261423,0.36372495,1.7608573,0.92767644,2.2894967,1.1320103,0.3064224,0.059849493,0.5901526,1.7458019,0.1292239,0.5499242,0.36546052,0.6437386,6.4031005,0.30997294,0.59469867,0.28895643,0.7500402,0.6414549,0.19132522,0.40079704,0.6533209,0.2848028,0.5855026,1.6514381,2.2761717,0.57822293,0.5074432,0.37756732,0.519311,1.1565225,0.7187299,0.2575394,0.63137174,all_pothole_images\pothole_images_new_image_234.jpg
0.04829528,0.8226659,0.65473276,1.5641721,0.16820583,0.05592777,0.19424263,0.0,0.60442936,0.36812493,0.8982184,0.461752,0.072889544,0.6892835,0.034066368,1.1328881,0.10830581,0.010331138,0.0022224656,0.07327782,0.5025092,0.8702172,0.54687023,1.1483647,0.34330392,0.37219876,0.29197392,0.97642976,0.018830111,0.08621858,0.7022222,0.0060225227,0.3713691,1.9585775,0.10378417,0.237658,0.75929135,0.55062586,0.93702585,0.07549129,0.6434993,1.7366965,0.22052352,0.3310525,0.66977,0.018563805,0.34785596,0.012987511,0.07754772,0.459876,0.035280786,0.04929017,0.29741764,0.4772574,0.12743002,0.18025842,0.42117822,0.0,0.265182,0.37625152,0.0,0.26810798,0.488465,0.82593054,1.785903,0.14782193,0.8308136,0.22667459,0.0067724953,0.45405376,0.364635,0.2981568,0.046313245,0.10932272,0.20729207,0.6721495,0.27437165,0.15897916,0.00013266898,0.018770201,0.035366733,0.23438087,0.4535115,1.3973472,0.3174654,0.5697723,0.009251465,0.0,1.1632488,0.998565,0.06309841,0.65636694,0.14721753,0.25333744,0.70568657,0.07726709,1.7510177,1.0522728,0.061003435,0.25075936,0.5033626,0.19553687,0.2365874,0.3081398,0.7026235,0.031543016,0.3026975,0.08679702,0.83013153,0.25715092,0.042346466,1.5190756,0.712603,0.27485976,0.037352614,0.18570493,0.13230202,0.0,0.9728433,0.3507618,1.3316828,0.12330751,0.17993611,0.26861104,0.19796951,0.364053,0.17569464,0.0,0.1544298,0.075617105,0.39370185,0.19924206,0.13194522,0.13394727,0.17312859,0.42817524,0.07148765,0.009436468,0.19183148,0.0,0.049839452,0.13022111,0.35122797,0.7639003,0.15360774,0.20071535,0.0021663327,0.42321932,0.13162625,0.055335924,0.14831884,1.0368587,0.078622386,0.087161005,0.9742004,0.10254072,0.19123906,0.010787328,0.8921931,0.5795334,0.38117334,0.5848483,0.015214023,0.24166682,0.2301066,0.8501041,0.42611647,0.003927301,1.1165367,1.0311327,0.0022113768,0.35401738,0.05110552,0.00072333915,0.28803378,0.0041878624,0.50842416,0.06516661,0.8037683,0.49753672,0.023274954,0.23772602,0.9562905,1.2805977,3.3807907,0.47345632,0.04086508,0.046694994,1.0165833,0.6508493,0.36450943,0.0,0.20200668,0.44775218,0.29427737,0.0,0.79371196,1.5127124,1.8332815,0.63723105,0.2893411,0.46088994,0.0,0.3463562,1.0304303,0.4082614,0.18929748,0.0,3.365983,0.78527474,0.0,0.06430923,0.70389885,0.49628058,0.4813853,1.3884573,0.25678217,0.36922494,0.99638915,0.2955773,1.1916648,0.46072263,0.77891594,0.62682384,0.13418902,0.15349919,2.2918591,0.14366388,2.4446664,0.68336374,0.74933606,0.084647894,0.679408,0.09891215,0.36136436,0.048701197,0.2630805,0.13508657,0.5305451,0.76242125,0.38408548,0.072606176,0.48632836,0.09631147,0.0014611405,0.45825177,0.5579187,0.23220737,0.36871272,7.013359,0.18889676,0.7835652,0.0005533871,0.37903455,0.0946966,0.13310848,0.7096425,0.8777446,0.15408225,2.9116027,0.7332783,0.46402222,1.0710423,0.6011799,0.09848386,0.8343016,0.030418536,0.626952,2.746714,0.06775446,0.75524026,0.026151823,0.0027454747,0.08908715,0.386815,1.0699198,0.1561244,0.08297515,0.16801398,0.33529744,0.25798306,0.38882524,0.5914897,0.0005847909,0.024197446,0.23838837,0.6966344,0.84118855,0.6697011,0.14590612,0.04667971,0.1186189,0.24761005,1.869897,0.3338209,0.89160854,1.1280141,0.57017845,0.15006517,1.6113311,0.2633829,0.6942228,0.03150309,0.11343623,4.730441,0.79997104,0.38641185,0.6223676,0.050609484,0.39773986,0.031791184,0.17590415,5.9520874,2.8900976,0.0926494,0.8647536,0.294251,1.0912265,2.7939272,1.3414716,1.5378897,0.11180758,0.6507699,0.5376372,0.8097219,0.057362612,0.34863675,0.83655536,0.8824894,0.16758353,4.2516456,0.0026939937,0.0,0.19966364,0.38323617,0.018293932,2.3181257,0.19296306,0.2706425,0.16361563,0.40268263,0.45228276,2.703161,0.8788331,0.10867822,0.6375673,0.8190155,0.74032336,0.2306358,0.038784567,0.082586505,1.1084492,0.49248078,0.38173288,0.38420066,0.0393706,0.13766713,0.3607885,0.5000428,0.71264696,0.4139257,0.0871604,0.04761065,0.39693263,0.06344243,0.07610376,0.08919412,0.3961591,0.13474521,0.027819809,0.062075663,0.80413103,0.014259167,0.5090426,0.43569347,0.7463774,0.6847861,0.32443705,0.24913636,0.37123984,0.20776819,0.0016103069,0.30772224,0.7241662,2.6557765,0.099872656,2.3869214,0.44360965,0.09792565,1.5936687,0.1788303,1.1436301,0.2312013,0.7763865,0.0064163813,0.8928153,0.3222717,0.87088484,1.1051831,0.19219783,0.9224302,0.4927868,0.9567101,0.009526893,1.0251452,0.4797139,0.288341,1.2217966,0.17762554,0.10897123,0.0,0.64901334,0.31840807,0.7518304,0.0,0.15746018,0.54196095,0.47803855,0.18530245,0.9835663,0.50473577,0.29393277,1.4011567,0.13831015,0.38269463,0.17865418,0.5682043,0.4463054,0.3357928,0.053397115,0.090293095,1.2368923,0.15653703,0.28874013,0.0,2.1985564,1.3288548,1.3855283,0.6628516,0.3935579,0.34951666,1.5533658,0.04167075,0.39455134,0.21291694,0.08594188,0.6383626,0.20713101,0.0,0.79677844,1.5933205,0.6824705,2.169292,0.73601663,0.32611573,0.620943,1.6288352,0.1272662,0.25698546,0.38519505,0.88033634,0.039502595,0.16510063,0.007863733,0.5481303,0.046605002,0.0,0.0,0.007731413,0.3448325,0.7625443,0.17738377,0.058820933,0.13000141,0.7634951,0.0115732,0.3124619,0.40336293,0.19199587,0.25985965,0.15389791,0.8887089,2.7292361,1.3103476,0.021000242,0.6988028,0.33997333,0.30377653,0.56685776,0.009904107,0.2696141,2.3393314,0.01566401,0.023763282,0.0006419821,0.0,0.9027261,0.2616959,0.0,0.09705699,0.19582762,3.5315578,0.12885246,1.0779738,0.11813664,2.8077445,0.21007515,0.12990601,1.1829032,0.84486985,0.08909821,0.07720688,all_pothole_images\pothole_images_new_image_235.jpg
1.0412147,0.7725568,2.4193451,0.06863904,0.206757,0.37289643,0.019016903,0.2511302,0.74779737,0.7704709,0.30598974,0.18300259,0.6714152,0.11911674,1.0079552,1.0662348,0.05605914,0.084949255,0.6473011,0.6485981,0.34975278,0.38016918,0.34273776,0.5303956,0.5512682,1.0295618,0.0,1.8752545,0.19691564,0.7054934,0.39547175,0.22770266,0.47585326,0.13153282,1.2821822,0.16079223,0.6071981,0.2929931,1.5719951,0.9119706,0.927946,0.9337144,1.1018397,0.97137046,0.15838441,0.5264509,2.5889723,0.5864315,0.04967508,0.46486256,1.2126513,1.3350664,0.01843988,1.6367531,0.889225,1.5019,1.0425338,0.4886717,1.7379433,0.82658195,0.5669989,2.0020685,1.3459972,0.16040151,0.31464398,0.08308361,0.75654024,0.0127169285,1.020894,0.6877335,0.45939794,0.09173763,1.5045995,0.34413534,0.72023505,2.717111,0.34926623,2.4278874,0.18605188,0.59486854,0.055329785,0.5171582,0.09484702,0.91869885,2.6727574,1.3763565,0.011106906,1.0658301,1.9016894,0.38962865,3.4372542,0.0057229754,1.9360627,0.6363297,0.7514531,0.014495005,0.73124343,0.97289604,1.3531445,2.8788364,0.44778958,0.01826941,0.37944132,0.4192817,0.15259351,1.5512418,0.23912522,0.9118439,0.59673285,1.5569043,0.30164617,2.447597,1.9989858,0.45514452,0.27816632,0.7415376,0.7088688,0.19968669,0.85031825,1.0411313,0.39555633,0.26649228,0.41783947,1.2951437,0.7467542,0.8524931,0.64709985,0.11893062,1.1917627,0.29613864,0.6021628,0.17171893,0.0689912,0.7563359,0.18003447,0.7884538,0.76984835,0.56655276,0.21207453,1.3519137,0.3058933,0.35113364,0.3509845,0.010232097,0.034169517,1.0364733,0.08751552,2.3359766,0.37941203,1.0404088,1.0941828,0.9776605,1.2533854,0.4134383,0.85066766,1.3011187,1.0938975,0.29282376,0.09568113,0.05283311,0.86146224,0.17333402,1.2369754,0.63897246,0.115786985,1.5526181,1.220141,0.24755685,1.7443957,0.06088284,0.063848466,0.6454356,0.8658511,0.72115374,1.7356682,0.38352686,0.043017182,0.14268056,0.65457404,0.51786697,0.5187284,0.3655653,0.6708911,2.282473,0.1831448,0.0023367817,0.03192577,0.7831618,0.84340054,0.08882065,0.038472768,0.0,0.21822493,0.121230766,0.21961842,0.02784334,1.3059264,0.78533906,0.58210033,0.20399767,0.25951338,1.534558,0.16495591,0.6339208,0.12564453,0.42678043,0.048612915,0.4193376,1.3309336,0.8581162,0.4315712,1.1923305,0.85487425,3.7123432,0.039026506,0.09514446,0.8067408,0.3013533,1.0834255,0.5109234,0.6985322,0.5217168,0.14728285,2.0196805,1.7165941,0.45976207,2.1251934,0.44479805,0.22775319,0.51288605,0.10664054,0.8180899,1.579114,0.88350457,0.35229942,0.5528975,1.598778,0.15057972,0.16924603,0.47917247,0.6443566,2.0022418,0.9532941,0.09085433,0.20490779,0.0057957554,1.1137797,0.5644868,0.068911485,0.23832582,0.3758021,1.9246272,1.3994391,0.82500565,0.90224063,0.22187497,1.1216727,0.5128505,0.7584778,0.39895025,0.07303581,0.28556818,1.4450727,0.17884623,0.53132886,2.5488477,0.20190094,0.25055435,4.1442623,0.23937307,1.0167524,0.02738183,0.25135547,0.47283915,0.9493415,0.9324288,0.36747545,0.011688368,0.71900403,0.80456036,0.20608236,0.84428763,0.02655856,0.53360903,1.0843232,0.010233253,0.9504962,0.48765302,0.09335705,0.83818954,1.1278191,1.8068947,0.009513157,0.43715832,0.57206047,0.32279232,1.9156892,0.8495601,1.5774217,0.14380534,0.13779992,0.90380794,0.38588512,4.028554,0.856444,0.08635149,1.3667696,0.9381317,0.8765996,0.104811735,1.7102418,0.4713164,1.5782354,0.15628016,0.06374929,2.0048144,0.01863917,1.2025895,0.67736596,0.4378725,0.64912504,1.3643229,0.26411447,0.070927836,1.4929847,1.1119951,0.674511,0.247825,0.019592939,1.0405736,0.47118652,0.19504644,0.078072585,1.0190272,0.7762528,1.3559679,1.8501868,0.020154143,0.2025396,1.3389086,0.6776773,0.4237997,2.2076888,0.14729045,0.74991935,0.04539351,0.0,0.063707896,0.060434535,0.9842138,0.2639846,1.2889043,1.005627,0.9985041,0.31964585,0.13150242,0.5700179,0.31273004,0.6435189,0.7521847,0.25075823,0.36714226,0.5205106,0.88435674,0.29872552,1.0817114,0.027535554,0.29043075,0.14346513,0.5268041,0.96569115,0.81139535,0.51079077,0.0068073315,1.2493271,0.15801547,0.72996247,0.027786091,0.83128744,0.21657214,0.0,0.14976938,2.2002592,0.041621804,0.11401431,0.650297,0.05228533,0.50275826,0.73648936,1.3522248,1.247866,2.343851,0.65633595,1.2396461,0.038025524,0.9706653,0.029180916,1.0304816,0.48307523,0.17036784,1.144474,0.99802583,1.2188972,1.097058,0.48095694,0.095288955,0.025605714,0.10518113,0.471779,0.86845523,1.1054629,0.05961377,3.1197524,0.7286484,0.058965288,1.1416283,0.6230784,0.036442034,0.5537735,0.09430025,0.29374367,0.8279742,0.09275208,0.46227577,0.50828934,0.016089149,0.46424606,0.7369812,0.25751877,1.6197953,0.9119546,0.2835059,0.067676686,0.3489446,1.4107836,4.9725347,1.0176699,0.41182283,1.0256108,0.1712601,0.30842134,0.5060318,0.14834826,2.7515748,0.57326186,1.0993199,2.1812031,1.9470123,0.030762115,1.021701,0.6328829,0.27229184,1.6781273,1.3006445,0.12045288,2.8304772,1.0458747,0.8893281,0.16570455,0.28383908,0.0,0.2449825,0.93748397,0.31010938,0.98140746,1.3508383,0.10505858,0.9626474,0.1250203,0.15966618,1.7509717,0.1812136,0.31757897,0.32991615,1.2233309,1.5952469,0.03794732,0.14595194,0.29425666,3.5487616,1.4068432,0.41788307,0.6762488,0.019502243,0.19941823,0.33284423,0.86092824,1.6043218,1.065775,0.07912329,0.50050515,3.8529027,0.4642788,0.2873053,0.4110835,0.43205616,0.37605914,0.618644,0.006381277,0.8255391,0.00013960451,1.584686,0.9886985,4.869493,0.17090842,1.208683,0.10703173,1.5774355,0.48484212,0.9053046,1.485581,0.40329435,all_pothole_images\pothole_images_new_image_236.jpg
0.16929652,0.44241217,0.38569182,1.0165626,0.2286807,0.020935006,0.6232618,0.039611675,0.0,0.19464824,0.16174045,0.25067154,0.06997987,1.5156432,0.105515815,0.01840507,0.100443296,1.3126627,1.1500045,0.28822732,0.22814395,3.455187,0.17012495,0.30391443,0.8181613,0.7241493,0.65804935,1.5480283,0.0,0.5600086,0.16676003,0.025818216,1.0040655,0.006526775,0.15346275,0.49627092,0.50363743,0.94676906,0.10545608,0.26564863,0.007698973,0.2503397,0.25088653,1.4465626,0.8194581,0.0,0.16629189,0.0,0.4186508,0.12455519,0.56471384,0.10169516,0.030103108,0.04957821,0.081247516,0.12017185,1.2968187,0.13913722,1.0224437,0.124337584,0.20716636,0.57662106,0.3648622,0.14905967,0.8215765,3.8984675,0.41732156,0.091962926,0.36965653,0.12887608,0.0064055608,0.39455733,0.0064616725,0.0852721,0.15232022,0.29407594,0.18073757,0.22237918,0.09025507,0.25103104,0.13241778,0.38870993,0.26004574,1.3358537,0.22040713,0.115760386,0.18476811,0.031419694,2.0348434,0.06278268,0.06294031,0.73458844,0.07951619,0.0058033345,0.041498605,0.25644606,0.15334558,1.3736902,0.63095164,0.1775123,0.23298524,1.4758993,0.31387565,1.0435511,0.15145658,0.6391769,0.022071026,0.012207236,0.022530908,0.31720316,0.21519923,4.3969975,0.1342148,0.002916774,0.29597256,0.19626258,1.0735302,0.28153297,0.6441039,0.31911024,0.7730548,0.09656067,0.11228336,0.68281406,1.6093786,0.1390506,0.22896576,0.050105367,0.700177,0.060433667,0.22422235,0.24634533,0.2355141,0.12032464,0.013937312,0.6800248,0.027780397,0.822339,0.43761024,0.20312577,0.23689565,0.10623552,0.2550876,0.51594174,0.0,0.065591395,0.3073651,0.0066984636,0.54877126,0.5394778,0.47039732,0.051250014,0.14931647,0.021238877,2.0288453,0.16771883,0.073042996,0.5059954,0.14407541,0.039623328,0.4299533,0.009679996,0.5669652,4.211442,1.3761606,0.16326894,1.3256099,0.26644367,0.5514062,0.15454617,0.18449028,0.032994792,0.0022653297,0.0012435906,0.5089724,0.0018898031,0.74456865,0.0036131262,0.11557968,0.31433332,0.01633361,4.113295,2.630807,0.012206444,1.0003221,0.39556107,0.6935761,0.10942803,0.38446578,0.81256473,0.98504424,0.27457345,0.04096879,1.9255704,0.16275188,0.011763247,0.15572672,2.123007,0.31345215,0.25777936,0.41415015,0.19788325,1.1266649,0.5627302,1.791904,0.23576845,0.21484044,0.26289102,0.3377042,0.33894378,0.0,0.022031216,0.41194028,1.7170354,0.43660855,0.8348402,0.06508701,0.041644104,0.3499159,0.5700374,1.0744934,0.07753583,0.51678514,1.4481674,0.21082154,0.05398724,2.3570766,0.30483684,0.17337792,0.09487442,0.61077887,0.37529746,0.3256693,0.21947533,0.34885818,0.38900787,0.0,0.07325949,0.0061040386,0.045241278,0.0060209716,0.06303718,0.0,0.2799497,0.04316421,0.0,0.4817423,0.3451404,0.20999867,3.3761423,5.5074472,0.028078483,1.1432343,0.25375137,0.021927793,1.5094784,0.25971195,0.25812262,0.95292187,1.3240483,0.04882557,0.103004746,0.09804867,0.16033556,0.18815418,0.7886862,0.23888755,0.21478519,0.46005052,0.441225,0.26058513,0.19474018,0.12184944,0.0,0.51569307,0.2805638,0.1433822,0.4127915,0.82984006,0.17287953,0.56501484,0.21230215,0.0,0.37018338,0.5713609,0.84264386,0.41109738,0.42325243,0.69586617,0.0,0.23899291,0.5639534,0.29964963,0.6006028,0.6173151,0.4408656,0.3106166,3.0144775,0.058870044,0.589795,0.47891772,0.28481245,0.03567383,0.30584812,2.6747313,0.0011180943,0.018965665,0.9765122,0.21250008,0.0,2.528192,0.25210607,2.839901,0.14007975,0.0,0.46867657,0.16380535,0.28744733,2.0702355,0.46371055,0.07926163,0.4777311,0.13217312,0.5298477,0.22266565,1.3695345,0.0024084938,0.0,0.5314737,0.28127337,3.0299726,0.13706522,0.8026709,0.2551204,0.10410972,0.16504255,0.2588256,1.3945197,0.070461944,0.009938341,0.2350705,0.8076529,0.11102572,0.007477167,0.29108974,0.27738783,0.0,0.0971306,0.14535944,0.9807392,0.36302823,0.17373703,0.89592165,1.0860242,0.0,0.7388014,0.039295394,1.3370339,0.44145226,0.15427312,0.0063759973,0.089999296,0.0017813595,0.10818454,0.042200588,0.80697304,2.086,0.48275086,0.014915889,0.65731436,2.2179308,0.3933349,0.94800144,0.16645154,0.6530741,0.08005632,0.013619069,0.4398702,0.0,0.18493496,0.32595313,0.03025916,0.85407484,1.5605876,2.2810645,0.99548465,0.223944,0.0043178,0.122581705,1.2089509,0.91132355,1.1183847,0.16421123,1.5101492,0.34633434,0.00080392783,1.060284,0.26758295,0.017836975,0.069083974,3.0696268,0.12159077,0.07303394,0.8736219,0.92720604,0.14619775,0.52924293,0.4114941,0.16999704,0.37091994,0.06039674,0.3967756,0.52200353,0.3958925,0.0023113494,0.014677707,0.04605008,0.32875648,0.24033451,0.048820846,0.27529696,0.2481033,0.6868797,2.5883794,0.9821388,0.20384409,0.23791969,0.7792377,0.10409025,0.100261666,0.28220102,0.24645637,0.20150478,0.036508378,0.43072975,3.1573176,0.24122801,2.4910984,1.1683518,0.06186862,0.2513742,0.020428827,0.012274871,0.103448674,1.2333953,0.014154248,0.49738094,0.2592398,0.12425278,0.089575514,0.5844709,0.38093734,0.32097605,0.346482,1.0667472,0.8328051,0.67264146,0.048037257,0.47086275,0.17407289,0.18943688,0.4760914,0.28513294,0.0,0.26584405,0.3980446,0.16456588,0.11627835,0.42875317,0.08396748,0.8329082,1.7471274,0.13953686,0.0010903403,0.11197205,0.6255671,0.35340625,1.1105287,0.23316695,0.03468165,0.6879352,1.3154533,0.5548983,1.2255938,0.0,0.76888275,1.9026436,0.08153675,0.95839155,0.059016123,1.4124079,1.1887006,0.0077698515,0.030883564,0.089658104,0.0,0.29354388,0.019055527,0.14237735,0.031713452,0.28124157,3.5170736,0.951352,0.40398166,0.05155753,0.02534004,0.0,0.6032125,0.23281403,0.069895476,0.12406992,0.56155217,all_pothole_images\pothole_images_new_image_237.jpg
0.21493623,0.2154547,0.09377022,0.6085264,0.058054913,0.07875128,0.0,0.10603396,1.7771581,0.55665797,0.020622293,0.06427561,0.4581614,0.024073986,0.75408936,0.14796604,0.022534505,0.084481,0.14584705,0.20762707,0.66011924,0.13224567,0.49503216,1.8117055,0.95119333,0.038502034,0.5106632,1.0429405,0.0,0.19542846,0.16112757,0.3143028,0.0,2.453192,0.039531726,0.0,1.0521997,0.23658927,1.1669796,0.8117013,0.49658343,0.37234986,0.60888124,0.24905087,0.7305922,0.20918025,0.04393109,2.559565,0.84931463,0.09347065,0.17686653,0.64509743,0.1616921,0.062745824,0.27229753,0.095963396,0.3511855,0.40468603,0.09037973,2.0594969,0.0,1.8717729,0.26105306,0.7803811,1.7559593,0.58621603,0.60593295,0.0033565662,0.123043664,0.010369453,0.8784152,0.26098117,0.24591824,0.28813478,0.8024244,0.14577812,0.55018765,0.47373205,0.4083171,0.08343987,0.100074396,0.44875452,0.9550336,1.4758565,0.011694113,0.38780242,0.21848464,0.38030326,0.87330574,0.14932953,0.0,1.6172822,0.5047528,0.33523554,1.3313673,0.14257191,1.9790428,0.27683046,1.2317214,0.19551197,0.0032871338,0.70760435,0.044214826,0.08286605,1.2561787,0.034709856,0.97806394,0.10943424,0.20687453,1.1421824,0.0864226,0.59810483,0.7719889,0.12811412,0.1503628,0.80759656,0.14541735,0.14053588,0.026886137,1.1165867,1.3979839,0.07260047,1.1650443,1.4298325,1.5221331,0.02827467,0.0,0.02666383,0.16902605,0.31212118,0.6533786,0.36270803,0.091332294,0.031077791,0.4964662,0.01816755,0.048806112,0.011828856,0.7059315,0.23079589,0.26661438,1.0596422,2.1375496,0.6797942,0.018955907,0.0382256,0.23204456,1.4581193,0.055121094,0.21384823,0.32630554,0.123941705,0.11631588,0.20679997,0.88006777,0.25322697,0.49214244,0.6825582,0.16666058,0.5439423,1.0728476,0.97819704,0.047922235,0.0,0.2877952,1.1322303,0.25772655,0.3876897,0.19844669,0.74877787,0.0016751001,0.3857464,0.040470503,0.0,0.42338577,0.87158006,0.74558955,0.0,0.04193159,0.8388388,0.17028481,0.89763844,0.15859699,1.7120222,3.5576134,2.6766846,0.27867207,0.007907648,0.7380044,0.8405228,0.11749293,3.0141227,0.83658177,0.010810186,0.74403,0.454846,0.72324,1.6327914,1.5973217,0.24561392,1.0039499,0.13066232,0.0,0.63690454,0.2342973,0.03194698,0.6835973,0.63677895,1.6058524,0.30845642,0.123245545,0.1856357,0.053924154,0.3663151,0.16885038,0.74864864,0.027200608,0.11219624,0.66109014,0.13768429,0.94114,0.12625709,0.61698693,0.6716927,0.0030639237,0.034773204,0.42507303,0.3144336,3.9260447,0.46049264,1.3449703,0.0,0.4738275,0.5021381,0.4603976,0.025091346,0.97219396,0.540959,0.50472385,1.0765902,0.41538346,0.025424551,0.8067314,0.8806258,0.9881511,0.039246045,0.3382218,0.82943445,0.19230093,4.39868,0.47877884,1.066361,0.11960627,0.03480943,0.29463926,0.0,0.30337602,0.56227064,0.0,0.94701165,0.39771324,0.5956277,1.1059306,0.17294529,0.0025383467,1.1581011,0.19823204,0.55475825,0.69498754,0.13975368,0.16596447,0.13759005,1.2579113,1.4260967,0.45526356,1.183635,0.0,0.8308615,0.40423506,0.013569065,0.1314358,1.3825583,0.7900241,0.04949069,0.060436264,1.7733716,0.27814177,0.2128149,0.053137533,0.4820306,0.0,0.15993159,0.24411643,0.22564434,0.70708555,0.68363905,0.09032473,0.04382075,0.041893188,2.4062953,1.3264325,0.84827524,0.15238832,0.1690119,2.6316938,0.51987547,0.66560745,0.035871986,0.32124764,0.9186135,0.03400448,0.68080604,3.171216,2.4830976,0.21714759,1.1692252,0.06976312,1.6315945,1.5855527,1.5837489,1.7295189,0.0,1.0549222,0.33094355,0.39477196,0.06823061,2.4280186,0.15104349,0.3888111,0.09488713,3.0216374,0.02563423,0.0,0.30823877,0.5731018,0.0108189285,2.3267286,0.22566824,0.06575125,0.21975882,0.4409322,0.19384073,3.1726415,2.7957044,0.39255127,0.6077014,0.64798445,1.1732318,0.5984126,0.058090113,0.00065312913,0.0033994764,0.00034216754,0.011370008,0.15272756,0.17651631,0.005200804,0.0,0.16528443,0.293518,0.9122604,0.024400499,0.25525996,0.0208263,0.0011738504,0.71564955,0.009254249,1.6075562,1.7418358,0.70899516,0.13778062,0.3762889,0.014375718,0.051310576,0.033255238,0.35699695,0.635333,1.0184135,0.56012416,0.7382207,1.145175,0.28675053,0.07099082,0.57288665,1.3126609,0.040984806,0.55006784,0.6792054,0.007903792,0.011599769,0.088486105,0.8466765,1.158393,0.08292463,0.0,0.42502224,1.5576396,1.5586809,0.091771536,0.26575068,0.048558604,2.1611261,0.08241826,0.01001347,0.8987625,0.26736748,0.60939187,0.45163885,1.2451808,0.0,0.07234917,0.7916118,0.3348608,0.45887133,1.3448181,2.336653,0.56446874,1.1069497,0.16178432,0.6616654,0.0032230795,0.4233593,0.15174784,0.65292716,0.109345295,0.08713435,1.5375645,0.25045985,1.43199,0.4077417,0.7320343,0.16642462,0.039747983,0.24394953,0.35591888,0.3953651,0.69745445,0.17250738,0.27043292,0.074947745,1.0908846,1.1609514,0.76506865,0.15342082,0.047089327,0.10176991,0.04707071,0.59246516,0.8048028,0.56549543,0.48966372,0.50544673,1.0012876,0.48662964,0.4802571,0.88037676,0.3363919,0.16041268,0.1771707,1.3388042,1.6341867,0.11225303,0.74299264,0.00815202,0.0057261395,0.023290897,0.79632115,0.29254618,0.2035097,0.8614958,1.217926,0.01689295,0.12547466,0.31554666,1.5814517,0.23737074,0.0015068055,0.59704626,0.14773998,0.18529803,0.44235134,0.15567186,2.1153605,0.36820018,2.7443802,0.14858863,0.20652647,0.29303977,0.34499067,0.74610263,0.1072179,1.3571057,0.47708502,0.19809942,0.0,0.10022959,0.17283042,0.45333543,0.00973908,0.17429543,0.2379443,0.361474,2.7751558,0.017947188,0.27846444,2.723703,1.0900298,0.25479352,1.200111,0.014582704,0.18333888,0.0023006168,all_pothole_images\pothole_images_new_image_238.jpg
3.3708837,1.9848213,2.0610242,0.8644596,0.0017750692,2.4385421,1.4397026,0.40540928,0.99856895,0.38023415,0.023547426,0.037884682,0.6277046,0.56928426,1.4145833,1.7320155,0.12404854,0.017761298,0.7678786,1.5866706,0.618439,3.2230825,1.1987444,2.69886,0.116194926,0.07791603,0.45057973,1.0544975,0.23523359,1.3803494,1.3423382,1.5307679,0.8832451,1.0371583,0.8345057,0.21573636,0.49591857,2.1142058,0.30074897,1.5980664,1.948191,0.06926898,0.8503457,0.031590257,0.5069092,0.469638,0.6772068,0.24308074,0.4731872,0.5179675,0.25912952,0.5468785,1.0157992,0.045525335,0.05131446,0.59198934,0.90256983,0.14574121,0.35034585,0.5718534,0.24275324,0.20133154,0.596265,0.08654928,0.014824621,1.4845703,0.1778402,0.80837667,1.198376,0.24841154,0.09870632,0.54473376,1.19445,0.6797661,0.36294764,3.7116475,1.2498713,1.9672563,0.56591576,0.21577652,0.5698211,0.018050872,0.5231971,0.865739,0.25267962,1.3473792,0.69296044,0.65554947,5.938475,0.15656772,0.49145386,0.0,0.42145565,1.0098741,0.800192,0.067133665,2.5200894,1.6867799,0.6489523,0.2967103,0.098703295,0.16143186,0.5019598,1.4391785,0.27766493,0.8147335,0.07425132,0.21646452,0.35419533,1.3591174,0.10639532,5.9426513,0.92268604,1.3286139,0.1406669,1.1134709,1.3715883,0.50693846,0.82353115,1.6447867,2.802889,0.8897179,0.75369805,2.0278914,0.19836132,0.50860775,0.49215394,1.579321,0.7759778,0.41646403,0.7843936,0.065727524,0.24605682,0.1601826,0.65478474,1.4884201,0.6180217,0.91740084,0.7893838,2.1280668,0.11418267,0.37692672,0.20304617,0.11080186,0.26190373,0.28008625,1.232922,1.5624987,1.1544069,0.8991741,0.94136745,0.46306834,0.28999087,0.51932573,2.5381894,0.7154544,0.11387703,1.0500777,0.3971465,0.23096697,2.0201216,0.97972274,0.5348406,1.1861149,0.005807677,1.7421561,0.33741456,0.39244148,3.1767821,0.24039069,0.89887124,0.027624106,0.8597973,0.40930822,3.227643,0.44395918,1.4558731,0.67788225,0.6851708,1.727788,0.775204,1.2630002,1.6054286,2.8170042,3.0236292,0.3565211,0.4884149,1.2706726,0.5671395,2.5193655,0.02194678,1.8778696,0.04151606,3.7152374,1.2436329,0.23923737,0.29706454,3.0695963,0.77760977,2.838613,0.24710575,1.0048815,1.3418386,1.0522379,2.7868602,1.7735007,1.162263,0.42319247,0.052102342,0.2604997,0.48194587,0.20499879,1.043298,0.41576722,0.01782028,0.29020977,0.44241345,0.19797388,0.75253916,0.2353514,0.8441241,0.6126018,0.35811168,1.46759,0.29225296,0.28755277,3.373222,0.7378881,0.50700486,1.0236835,0.57938534,0.104924105,1.0078863,1.4624254,0.6957844,1.0531342,0.13546246,0.021209195,0.66470295,0.068683624,0.46377808,2.34593,0.5369093,0.47559628,0.0,0.1395411,1.8775357,0.15316439,1.6297582,2.5264144,0.8363671,0.33399788,1.1016954,0.18512216,0.45207244,0.028564516,0.264741,0.98280257,1.2190325,0.6691669,0.11214754,1.3036224,0.4564071,0.4479911,0.7377664,4.204078,0.3058282,0.69411826,0.35939592,1.4437445,1.3995929,1.0636454,0.10146683,3.2442043,1.528594,1.439805,0.76753294,0.23057455,0.73223406,3.4486012,0.012793478,0.40396494,0.058301013,0.056843463,2.4413457,0.2725085,0.048588883,1.2491478,0.13132277,0.19031009,0.38963935,0.1970367,0.88204956,0.7524503,0.2786925,0.33261025,0.80287117,0.20872462,2.474282,0.60790396,0.008607439,0.72624445,0.16166253,1.6063836,0.7062098,0.9749197,0.3290202,1.0842549,0.45350742,0.16866317,0.5789856,0.7116282,3.528368,0.0738649,0.0,0.033305395,0.080458805,0.28237736,0.7319955,0.8612719,0.4950763,0.61512536,0.46287212,0.29559356,0.47885996,0.55391985,0.6629349,0.75189424,0.5146773,0.8060359,4.719752,0.3482283,0.15170589,0.26014704,0.86269814,0.27010387,1.017078,0.08296073,0.28719205,0.036140684,2.5348961,2.0176694,2.6864517,0.10948884,1.0650067,1.4357867,0.31076813,0.3449808,0.20757581,1.9458811,0.71727765,3.2616663,0.2999423,0.8633811,0.6840744,1.6585108,0.072465144,0.46963456,1.3365086,1.4790899,0.06691672,0.08537809,0.5437754,1.4811676,0.023813263,2.8911247,0.7277564,0.32220834,0.025799263,0.3021845,1.2261045,2.5877435,1.2557658,0.06335447,2.5527108,0.3499906,0.9858643,4.107347,0.8485546,0.55220413,0.52332646,0.4578779,1.8136894,0.95499307,4.366407,0.46654066,0.054290634,0.7180121,0.14884113,3.4240823,1.3510225,4.434566,0.2614529,0.023064421,0.45322192,0.5720658,0.5764887,1.3063111,0.38409933,0.20694925,2.6051135,1.2599256,2.678006,0.34193265,0.18525152,0.91479194,0.5620801,0.32855174,0.1858012,0.13848205,0.77784765,0.5883471,0.52745575,0.80997556,0.27563268,0.7095676,1.0150878,0.0,0.528552,1.2276814,0.3734454,0.21463586,0.91210735,0.22541817,0.940483,0.48531842,1.3912152,2.997485,0.4711249,0.42078012,0.32413685,0.5071903,0.65874696,0.34375596,0.81254226,7.594741,1.2648417,0.66776925,0.24301809,0.9618637,0.22858137,0.12548862,0.35596994,0.67698497,0.058941912,0.07948203,1.8205688,1.0935513,1.0603162,3.0705783,0.93503803,1.6381401,1.6881667,0.9314776,1.7874047,2.065019,2.9168801,1.1598054,2.0715356,2.4975135,0.28929403,4.0733395,0.7913404,0.223991,1.7568585,2.3445013,1.4731222,0.18228213,0.4640295,2.619584,1.9688559,0.02940919,0.3217898,0.22512731,1.1478076,1.1189027,0.35710576,1.063296,1.1761065,0.64121807,1.8025607,5.7098694,0.10940135,0.06655973,0.010605503,0.7745904,0.39547896,2.1942477,1.0522848,0.07207392,0.80798566,1.9914482,0.41106275,0.1264523,0.7145031,0.16475463,0.11847607,0.10177506,0.41275904,1.5476959,0.4810743,4.0050545,1.4380642,0.51678765,0.26545885,1.3351104,0.3374727,1.6121409,0.2623944,2.1417012,0.7918841,0.732737,all_pothole_images\pothole_images_new_image_239.jpg
0.20859133,1.1427648,0.33293533,1.7251858,1.2481205,0.0075004264,0.41483742,1.0198908,0.14675361,0.9377625,0.032190893,0.91279465,0.09107792,1.8446063,0.088518105,0.22803368,0.053611983,1.8471031,0.37658182,0.13050668,0.061108135,0.16512547,1.1179744,1.5728406,0.33670208,0.05058497,0.18865913,0.119984135,0.0,0.45635542,0.07777112,0.1688635,0.34425765,2.7712727,0.017204326,0.29512244,0.43462798,0.6434265,1.8542888,0.26080436,0.108254306,0.18467805,0.24852024,0.0,0.28196463,0.29570967,0.2131084,0.0,0.81217957,0.8692345,0.57913256,0.29860067,0.12648097,0.07800614,0.0062936237,1.288596,0.122426614,1.081837,1.1965586,0.20006384,0.09136917,0.15496002,0.20371853,0.029679585,2.0288365,0.117965326,1.1638572,0.23551321,1.4614413,0.00913154,0.32711333,0.3223062,0.008672023,4.5679662e-06,0.713598,0.10902325,0.08802023,0.0857592,0.05842856,0.071961746,0.048697125,0.33487687,1.0341794,0.57699996,0.23562664,0.42790926,1.0976521,0.12871468,1.1549109,0.284961,0.56656545,0.16278534,0.32546893,1.21691,0.7779488,0.14838612,1.9059674,0.30224353,0.0011842056,1.4770783,0.41023082,0.7349331,0.14808638,0.0,1.6340133,0.56906486,0.3424969,0.3204506,0.16434628,1.0153302,0.5915148,0.2165256,0.13442077,1.2677178,0.30723017,0.26566917,0.022313707,0.8268609,1.0603786,0.97349876,0.63269866,0.26927006,0.9723708,0.5100835,0.7286809,0.43136036,0.027958382,1.8775395,0.19071993,0.096287586,1.9258837,0.29561657,0.21397552,0.25036556,0.91270655,0.17326829,0.15104198,0.60442716,0.40347177,0.68580765,0.60994315,2.7982311,0.250159,1.1302863,0.024084324,0.57619894,1.1040885,0.77081585,0.3532771,0.21161534,0.018805357,0.59771204,0.36928418,0.19704628,0.9740265,1.1148732,0.4176922,0.33586568,0.72430354,0.11587471,1.173917,1.3650187,0.19610831,3.4134104,1.9285138,0.017446177,0.004132215,0.11882506,0.92366266,1.1014557,0.7065581,0.3188113,0.0082965465,0.27405477,0.65056723,0.47288245,0.1205475,0.0807368,0.20064577,0.39475733,0.007597378,1.0672294,0.20144716,1.8293419,3.9063473,0.14291576,0.13199691,0.16544744,1.1246831,0.25811794,0.7831373,2.3231807,0.16183016,0.68208283,1.0476227,0.4097393,2.6386418,1.2703694,0.94292676,0.0,0.45196253,0.45053855,0.006383448,0.16222538,0.17681855,1.0999044,1.2876163,0.45560914,3.1921225,3.1971486,0.09386667,0.040870238,0.4038781,0.84770393,0.27249378,0.041138936,0.31534234,0.08434024,1.0907506,0.99141645,1.2188134,0.60075325,0.68774164,0.0,0.18678486,0.10046673,0.20358229,0.023242958,2.3943741,0.0103099,0.08841471,0.57456076,1.1932784,0.3512746,0.03646373,0.14396782,1.327883,0.9451396,0.85021275,0.74353826,0.34562293,0.21821386,0.36894014,0.8785338,0.17565654,0.088028766,0.57723904,0.26750463,2.129515,5.0756364,0.111443825,0.58120674,0.7859835,0.0,0.06160985,0.16673993,0.120220914,0.15687574,0.05449454,3.5107975,1.0142624,0.4606846,0.25724655,1.4279395,0.01827324,0.10546835,1.6833537,0.2496614,1.9638774,0.48786893,0.17744233,0.00030483722,0.89389783,0.9857596,0.20410888,1.0556798,0.7082883,1.0403844,1.0193411,0.65984154,0.094781,0.42213243,1.0721943,0.041128144,0.0027814163,1.034364,0.82593906,0.7613466,0.022872996,0.36634445,0.159057,0.6131131,0.27578273,0.8421594,1.2917548,0.4382094,1.8440579,0.21815689,0.088238075,0.60039955,1.6625942,0.18267447,0.0047105406,0.041742966,2.2463503,0.05297839,0.08704551,0.018444747,0.17375095,0.04975542,0.21383162,0.79667693,3.1017294,2.017021,0.26120722,0.07913885,0.15275277,0.21380903,3.4806013,0.18261187,2.3912492,0.65844196,0.33797008,0.4175629,0.38986874,0.15244219,0.15284872,1.4837713,0.48318002,0.36107078,2.997154,0.0,1.1734345,0.04055834,0.7058146,0.057942156,1.3823488,0.25725436,1.2559657,0.41757888,0.55308074,0.107969314,1.2797464,1.2444227,0.48700193,0.07079574,0.053208858,0.74076486,0.36668995,0.36123598,0.0,0.36952755,0.025574464,0.44213796,0.024316462,0.117038235,0.02065659,1.0651021,0.62147146,0.65950185,0.77397263,0.97779214,0.76072705,0.11391536,0.003619562,0.00092318346,0.96412456,0.4113985,1.1225308,0.9921339,0.25085008,0.4008337,0.4593804,0.40308636,0.093577996,0.25517198,0.06426942,0.71136624,0.2922424,0.5162677,1.1928416,0.34299114,0.24572858,0.8680496,0.57010853,0.003164197,0.7915553,0.9440326,0.08432984,0.6755942,0.0,1.2388973,0.43260637,0.16340409,0.02483841,1.1159989,1.1136075,1.1367168,2.3668747,0.5097989,0.19946314,1.9803846,0.68415993,0.028998926,1.1184345,0.19291426,1.0281837,0.37828076,0.03987024,0.04296364,0.30568656,0.53897184,0.18611687,0.9529201,0.06392453,0.3348198,1.0536312,0.45706573,0.20159285,0.025500651,0.027490333,1.3033932,0.79885226,1.2317194,1.1743014,1.059778,0.33647498,0.56944054,0.7005578,1.2623016,0.31916296,1.1048659,0.12618859,0.16135755,0.02399546,0.56150764,1.567046,0.0036475111,0.39924347,0.48241645,0.69513994,0.09330004,0.042612124,0.004533261,0.0,0.49050412,0.116340585,0.016727742,0.0023799608,1.1363124,1.2510744,0.14083858,1.0524879,0.024835946,0.03493851,1.1205819,0.59957564,0.011268062,1.1370622,0.7566061,2.3319438,0.70714784,0.2767513,0.882091,0.56437194,0.015695652,2.368743,0.37337163,0.0496854,0.13365017,0.8419907,2.4299326,0.0016028653,0.35967007,2.0223534,0.31395313,1.7218101,1.6569725,0.054183636,0.01717325,1.2374613,0.5922082,2.1188538,0.37240958,0.06271556,0.7335233,0.52442014,0.011724577,1.2738901,0.10586247,1.080146,1.147453,0.16002981,0.015835509,0.020897085,0.2595075,0.10415805,0.0,0.45870215,0.2078248,1.1221883,2.703577,0.6514768,0.27804032,0.12235617,0.7166517,0.18730061,0.37608546,0.10406815,1.3807887,0.06833493,0.0,all_pothole_images\pothole_images_new_image_24.jpg
1.3159937,0.26303494,0.06677579,2.3728354,1.2231573,0.32220504,0.58665216,0.6284445,0.10371546,0.80677146,0.2754374,1.3577313,1.6521312,0.5722131,0.093221635,0.7159799,0.19282681,0.5890462,0.86932856,0.5912961,0.7480175,2.6957626,0.26650617,0.5987637,1.2517208,0.7323822,0.91168964,2.1543126,0.12246247,0.16309807,0.2111722,0.017360538,2.0711987,0.21290274,0.70899135,1.3161832,1.8077022,1.5432991,1.013901,2.1300216,0.100967266,0.8250598,0.03579706,0.962906,0.4515821,0.31285706,1.3930773,0.047100224,1.0517654,0.7279345,1.3249145,0.3338249,0.5231915,0.52311355,0.009513437,1.9556428,1.1209428,1.0007288,0.411772,1.0421704,2.3695948,1.4816533,0.5895802,0.12136305,1.614889,2.0277379,0.91703516,1.2738148,0.3909518,2.1320803,0.21039227,0.20733988,0.30038515,0.25284347,0.114731245,0.6296041,0.5578526,1.1865215,0.12053941,0.40824965,0.3295273,0.25672537,0.19963159,1.4888225,0.099038355,0.47713077,0.03390139,0.05573081,2.2086506,1.0312303,0.922282,1.9011688,0.35930753,0.23358488,0.081026405,0.4474314,0.13113977,0.7798551,1.059897,0.5751098,2.2951837,1.2745856,0.50161535,2.9128904,1.3701886,0.657852,0.642189,1.0918599,0.022702709,1.3408333,2.1355245,1.5311571,1.2617141,0.013424303,0.9637032,0.7939037,2.742985,0.18104967,2.1167948,2.8369184,2.661028,0.13940819,0.29526883,2.7635791,1.5865444,1.2532531,0.53892386,0.26792488,0.39344588,0.26906082,2.3525434,0.1687254,0.05398142,0.9191776,0.152746,0.65145123,0.5514268,0.77873,0.39503074,0.07832506,0.93656707,2.0167933,0.14488408,0.40223718,1.1202492,1.4830589,3.0465717,0.04587713,1.9874829,0.99984324,0.44194996,0.23929058,1.466677,0.40948018,1.1061952,0.3349599,1.1867142,1.2518392,0.9521537,0.44990772,0.5554399,0.10598542,0.7001612,1.0185922,1.650048,0.70185554,1.7371424,0.5479408,1.2635568,0.6550237,0.3517584,0.0434868,1.032636,4.3936644,0.4057902,0.009500907,0.9531805,0.0026866766,0.24697319,0.21058922,3.1654658,2.3224049,1.8757346,0.16736981,1.2266903,0.14707185,1.8400583,1.0688598,0.21505974,0.3159842,0.41915908,0.63056564,0.31243476,1.7701662,0.08310996,0.0047880597,0.43424684,1.212474,1.1388531,0.08257279,0.06157232,1.5342027,0.92434627,0.8978471,0.942656,0.1933341,0.9535073,0.0,0.9384886,0.53202707,0.018911958,0.3120531,2.046061,1.5752274,1.4571973,0.5365317,0.82533556,0.058805484,0.2456282,0.067065984,1.0594864,0.8897998,0.8101942,1.0228106,0.31400657,1.6817805,0.09757849,0.16613388,1.376264,0.36217692,1.1387255,2.772702,1.1148719,0.564651,0.2099739,0.6164613,0.7859246,0.550043,0.65435493,0.32158202,0.31531104,0.07368732,0.17955394,0.37770313,0.12355084,0.011758646,0.8891301,0.16174078,0.4161924,2.5100312,1.4280167,0.37922648,1.876203,0.07937139,0.546691,0.24295673,2.1809344,0.69474417,1.4152299,2.0528414,0.6584994,0.30097136,0.18187423,1.2708226,1.9837475,1.9890264,2.726809,0.08321276,1.038878,1.0064697,2.289626,1.1102679,0.15072292,0.27668083,0.2519882,0.3855693,1.1097093,0.3032224,0.508523,0.5335504,1.1042573,0.16262372,0.025983255,0.07952374,0.511276,0.7193162,0.9013247,0.68496424,2.4482899,2.7914004,0.27416947,0.31504634,2.4824414,0.17279777,0.4183794,0.37140533,1.6341876,1.9834987,0.23392183,0.42467335,0.47957703,0.77622604,0.46015835,1.4508312,1.5697987,0.6923017,0.13079627,0.90163386,0.2169066,0.22514421,1.1391623,1.1672935,3.9210088,1.8368645,0.30598712,0.3275278,0.021710396,0.20509145,2.1070464,0.41450897,1.0140727,1.2083867,0.13080882,1.7524318,2.0304403,0.5152571,0.19945903,0.64218026,0.6613036,0.9248719,2.8700867,0.6522527,0.49758512,1.4671643,0.1354377,0.038111947,1.0423203,1.1339446,0.41823786,0.4829949,0.6143915,0.7891154,2.3628361,0.20368424,0.4147665,0.07097745,0.6719434,0.28252193,0.2555924,1.0298686,0.8937443,1.2032981,0.88078755,0.27719486,1.0150446,0.26200676,1.499188,2.234187,1.9328853,0.6670998,0.959988,0.07591633,0.076226234,0.2906624,0.10025646,0.24460477,2.3636668,0.22552125,0.9128228,0.048947353,1.8868883,0.2859932,1.9642085,0.23411332,2.334175,0.33783004,0.44607762,2.7549849,0.5225255,0.6647865,1.2051013,0.3244884,2.178753,1.770637,2.2159367,0.749137,1.8092878,0.40657783,1.2756695,1.1959959,1.5853193,0.8698372,0.009107073,0.34363025,0.518069,0.06773768,1.1480565,0.3733256,0.8885728,0.7700447,3.509319,0.16563247,2.296516,0.50757986,0.75942177,0.14414614,0.21585429,0.25616652,0.0003319003,1.4851007,1.1831161,0.41748318,0.7503271,0.31632766,0.77272654,2.42793,0.8599073,1.5461553,0.22807805,1.7720602,2.870014,1.9211853,1.0075257,1.9435414,1.3881487,0.6071411,0.5476851,1.1014913,1.503676,0.4162434,0.28388053,2.024338,2.037328,0.60954434,0.9172398,2.2972121,3.2381504,1.1580468,1.3742288,0.42831537,0.30715832,2.1412044,0.555381,1.6473827,0.8994014,0.99807316,0.63121015,0.17240526,0.18106915,0.37430462,0.55833864,0.5955274,0.43044972,0.79648817,0.31770346,0.3206388,1.8391932,1.4637519,0.44079673,0.5345455,1.4353017,1.0977708,0.84642804,0.04529808,0.21647698,1.3118709,0.086886436,0.2502013,1.1050829,1.5969213,0.8216637,1.3872141,0.0032266616,0.2800404,0.37908593,0.38809368,0.88763314,0.42579135,0.10829646,0.06111962,0.059927415,2.4506335,1.4918306,0.3265837,0.16893749,0.6734592,1.6944224,0.06473596,0.2544866,1.3004789,1.2194824,0.7287809,0.11096019,0.11425639,0.66058856,0.068141885,0.03951894,0.28956965,0.10839872,0.41170686,0.02624446,2.5584035,0.7152608,0.988519,1.0447273,0.76134086,0.65331584,1.1835388,0.8051458,1.7662188,1.14832,0.2439581,all_pothole_images\pothole_images_new_image_240.jpg
0.3452151,0.08270651,0.03488493,0.2015688,0.41657802,0.19573504,0.43198377,2.634698,0.71413654,0.2759942,0.34206715,2.9976156,1.1448948,0.47992218,0.25645968,1.3691627,1.4563293,1.2148898,0.50053316,0.4897132,1.1258614,0.76191556,0.007783249,1.1405916,3.5072856,0.711863,0.035847545,2.6176066,0.23449886,0.42263392,1.2554883,1.1377118,1.1519518,1.0318412,0.7283641,0.88027275,0.0553886,2.6958144,0.07276355,0.5661421,0.12246295,0.43827826,0.28927332,0.32029638,2.1114788,0.1828672,0.05844716,0.049923427,3.759493,0.61701983,0.59544545,0.031015798,0.31235066,1.7754407,0.52290493,0.8749009,0.77630883,0.14368919,1.0216155,0.2170456,0.26138905,0.035765402,1.2190888,1.1909082,0.39621434,4.101461,0.4015071,0.7155147,1.3259994,0.40417653,2.3305864,0.51516646,0.039718945,0.12603343,0.35845974,0.13074903,0.12659088,0.050589968,0.15560056,0.434741,0.3500134,0.110788904,0.2089316,0.32625607,0.23616302,0.42280492,0.94769627,1.3464351,1.6102479,1.0815686,0.44116306,1.4846517,2.6140149,1.3945934,1.5952226,0.21358038,1.2389015,0.79128873,0.6074971,0.72341293,0.35847145,1.7294023,1.0463028,0.7645242,0.64937085,0.7268473,1.2535192,0.16971609,0.0525542,1.1001927,0.17969999,2.1127343,0.04052154,0.21067436,1.2749177,0.67666453,1.2072105,0.08955877,0.7727309,1.0107328,3.7999554,0.094822265,0.6009421,1.8622682,0.8662062,0.067275755,0.112183765,0.051177822,0.11014805,0.4728521,1.2086741,0.30864558,1.2694554,0.31836537,0.1937062,0.16079342,0.7065481,0.015124613,0.65927273,0.64662474,0.73368454,0.26048127,1.2856652,0.19145857,0.86691564,1.6924856,1.0495788,0.79487556,0.015053639,1.1678693,0.8077772,0.50050426,0.62511116,0.09098899,1.3395532,1.1588892,1.6874455,2.1263585,1.3356005,1.5127734,1.0721799,1.576055,2.5121255,0.6670663,0.019324986,0.5324641,0.11049993,0.055395316,1.4709641,2.1739628,0.34857547,0.9499988,0.109115265,1.1998166,0.910341,3.0545504,0.6306267,0.29192072,0.76433766,2.162294,0.02882374,2.5838063,1.2732123,1.115247,0.21406557,2.7806132,0.13203074,0.730747,1.2097867,1.7326645,1.8378756,0.22552186,0.58022034,1.9214941,1.1343467,0.07236787,1.9335744,0.2538914,0.06833461,0.6368646,0.8092825,0.0,0.44447264,1.1456445,1.1967638,4.819813,0.29495913,1.1908406,0.15830354,1.4604875,1.866052,0.5565925,1.4051394,2.3015127,0.03281599,0.7468585,0.6170133,0.0,0.61006546,0.6292534,0.90290993,3.9280412,0.30887693,2.2249532,0.03989407,0.6404962,2.6134665,1.4879994,0.37729937,0.44036934,0.0,0.17771271,0.44161862,1.782094,0.32719648,0.44139153,1.5550102,0.53431916,0.5041934,0.16771334,0.6545195,0.17217802,0.11179325,2.137271,0.0,0.1459026,3.1679363,0.32730088,0.40272275,0.60471874,5.1137094,0.76773095,0.41356763,0.021808235,0.10888406,1.4465297,0.3615443,0.34067068,0.15016186,3.4518127,1.1347289,0.9349847,0.7827139,2.5032048,1.5909476,1.6300936,0.14948158,0.42994004,2.2141685,0.3782257,0.36098796,0.19700794,0.5251488,0.8033768,0.43113932,2.4650836,1.6358854,0.55435926,1.1879671,0.17689708,0.18316124,0.8978531,0.41941738,0.7412529,1.1971097,0.31732413,2.4126425,0.61888087,1.4630516,0.0055270456,0.23830178,0.6080277,0.1498398,1.663016,1.93766,0.32913086,0.6824591,0.6407941,0.93026745,0.49127236,0.15231529,0.3416516,0.62275165,0.3172874,0.05970713,0.44113466,0.102325,1.1113424,0.38665155,0.95557266,0.95265716,1.8547282,0.78354096,1.0249445,0.35466105,0.19352585,0.30542415,0.46286225,0.9649298,0.825105,1.709886,0.10457692,0.7633293,0.5388848,0.994846,1.1367147,0.6279591,2.3651278,0.27834308,1.5893717,0.00809791,0.7604652,1.109449,0.0028089741,0.3207782,1.1070043,0.4419789,0.21908526,1.1024266,0.6698032,1.2490796,0.35662007,2.4449863,0.595137,1.7300522,0.12004655,0.08702695,0.35951835,0.9931025,0.13687772,0.015658036,3.1768444,0.38053215,0.5179611,0.395658,0.32590485,0.19415769,3.082007,1.028518,0.7173134,1.2414362,0.9900036,0.29422918,1.6127602,0.1529688,0.0,1.0075463,0.7678874,0.029715776,0.6424804,4.51497,0.15193883,1.66937,0.028777823,0.11009901,0.17366165,0.040087517,0.85094035,0.22119322,0.45916978,0.91782033,0.6023983,0.20148642,0.55831945,3.2755487,0.5657343,0.123297594,0.46958455,0.57297856,1.5007992,1.0968094,0.41854328,1.4988576,0.26685318,1.3291078,0.019629486,1.0164932,0.8647917,0.2326116,0.098919936,3.241573,0.99654716,0.06992502,0.70070094,0.93983185,2.7189069,1.047489,3.1367054,0.6124942,0.80798686,9.174394e-05,0.18191029,0.70719665,0.19801143,0.29377905,0.5094232,1.8549756,0.5373054,0.19767694,0.8572195,0.23128903,1.0351089,0.5071281,1.9953326,2.8156893,0.28820616,0.704275,0.4588895,0.9358595,0.2667279,0.09298608,1.248701,0.008564416,1.3381591,0.9528408,0.7894375,1.626845,1.0473677,1.6858726,0.19033632,0.9509197,0.3457824,0.051702324,0.1309124,1.3322685,1.1953143,0.3242109,0.6808371,1.0729007,1.3538421,0.27215266,0.937376,0.44757387,0.46715435,0.91834605,0.32425183,0.28270906,1.0785558,1.6266812,1.1657935,3.311194,0.20631625,1.5876633,0.64086425,1.0607141,2.2509105,1.1420608,0.80856425,0.42307624,0.16749941,0.19492593,0.43762285,0.52069205,0.060583003,0.9227232,0.08895316,0.2519306,0.10848981,0.6771635,0.4945238,0.85375303,0.4089924,0.54495806,0.16049291,1.077043,0.3837824,1.127295,0.49611866,0.49019334,0.0056732823,0.84568685,0.9102659,0.009713617,0.0,0.43849126,0.5776359,0.050484266,2.4122627,0.012878287,6.400767,0.27218294,1.0392445,0.30561587,0.51798195,0.4812813,1.5076456,0.41253802,0.07639716,0.5419665,0.3623797,0.54783016,0.20024636,all_pothole_images\pothole_images_new_image_241.jpg
0.6924499,2.0690937,1.2545277,0.16317615,0.22301339,0.84447587,0.42553735,0.17877352,0.015348097,0.92897123,0.10940908,0.14746371,0.34494594,0.37170136,0.60708576,0.65041494,0.25268704,0.1711576,0.28402266,0.07449096,0.10155104,3.3448954,0.36964688,0.32165468,0.18341814,0.16392855,0.12631005,0.8817818,0.29754588,1.4951626,0.913246,0.008087529,0.27950087,0.303756,0.21746969,0.088047355,0.14377409,0.3710315,0.102529064,2.0291982,0.043331865,0.25823152,0.02279401,0.6809725,0.4066431,0.1994593,0.012409402,0.0022296407,0.3945348,0.17312159,0.11115269,0.41411775,0.9891589,0.2719174,0.111493275,0.17547098,1.4148948,0.22924423,0.71339947,0.36210328,0.23904817,1.1046013,1.2660967,0.3702272,0.025002355,0.77778554,0.09250065,0.113042496,0.37245193,0.39817926,0.4940333,0.46522427,0.11185632,0.14987035,0.08537909,1.8476584,0.4096946,0.17652285,0.050451856,0.042738788,1.04401,0.26983234,0.008764571,1.5575099,0.12439307,0.5887072,0.03873931,0.01653074,4.457575,0.28337392,0.0075066034,0.3258716,0.57121134,0.01678262,0.22156051,0.85805357,0.6590744,1.9832445,0.019119496,0.07271366,0.07710878,0.38716242,0.06502711,0.41703358,0.19271342,0.10887172,0.0006066162,0.0028811714,0.29683563,0.38517845,0.281944,4.2688518,0.6383409,0.015930163,0.07534486,0.6001495,0.8714678,0.46984997,1.0367533,0.21460295,1.3851385,0.30817196,0.57699174,1.5644782,0.72478235,0.92432916,0.040256172,0.13014267,0.4669159,1.0174135,0.4014803,0.06275286,0.018795267,0.23015939,0.3327097,0.24298544,0.042109847,0.15180989,0.7521927,0.004164135,0.9857051,1.0806032,0.0,0.61252475,0.091758914,0.8508815,0.111447476,0.28207332,0.0,1.413494,0.1842765,0.60979635,0.69744885,0.06772736,1.6215163,0.079384685,0.14533748,0.20339063,0.28340673,0.07513742,0.48556352,0.47148898,0.16962063,3.3795025,0.7792269,0.007047624,0.60705286,0.08963318,0.78368914,0.041169535,0.21351236,0.035721894,0.004241978,0.38430467,1.0421414,0.0,0.8284391,0.0024604935,0.033973344,0.40472946,0.77511346,0.2903144,3.7398052,1.779743,2.1334925,0.1900052,0.038218863,0.02568732,0.45260766,0.6537809,0.0037092601,0.10655678,0.10172723,2.234849,0.5974531,0.10822469,0.47585186,1.2132185,0.003352553,1.9932725,0.033518415,0.85603964,0.873215,0.6576243,2.0919995,0.9565352,0.4849437,0.24914578,0.19109778,0.32809034,0.15047432,0.28636765,1.5052904,1.553622,0.041648883,0.33098885,0.51948875,0.20444472,1.3073151,0.0015143387,0.81283647,0.7176339,0.3301886,0.96688986,0.8628928,0.43343556,0.8408943,0.6493919,0.1387256,0.5240895,0.06527913,0.60903895,0.2522867,0.3713369,0.6113676,0.33839613,0.14321308,0.12490908,0.14617346,0.0061001726,0.28999582,0.08632685,0.045760192,0.02065991,0.01242976,0.0,1.0722711,0.12676741,0.5139782,2.7119927,1.7546973,0.103953496,0.49850884,0.0,0.7521854,0.37998557,1.1759554,0.0,1.4449525,0.8735406,0.0,0.4695214,0.7945825,0.21334447,0.057830185,0.7856051,0.5074722,0.63080925,1.7036715,0.38197765,1.0358652,0.1740883,0.5677845,2.0806603,0.52186126,1.1381782,0.4004938,0.0832165,0.29537562,0.4986215,0.50423825,0.19661918,0.090041354,0.3276194,0.85267293,0.13687383,0.42949715,0.9007178,0.0872769,0.06719843,0.23565352,0.6479745,0.9227382,0.35620308,0.41370508,0.089676775,0.28817642,1.7335457,0.8546377,0.2978352,0.19362909,0.48893106,0.13153973,0.24118344,2.383021,0.15732001,0.11832343,0.333746,0.16048168,0.002726896,0.098434895,0.8495623,5.463346,0.22939643,0.0,0.7506547,0.08815667,0.41623762,1.1677488,0.18147266,0.51187474,0.04211528,0.09207787,0.5408066,0.28346854,1.1995656,0.5972991,0.13345593,1.5816956,0.15818319,4.808979,0.55487007,0.049237207,0.07672624,0.43351537,0.1710865,1.2210335,0.007923365,0.5222744,0.0,0.30285755,1.3827891,0.20835416,0.14487106,0.2508494,0.041076228,0.0,0.25200883,0.13885044,0.65743345,0.027284026,0.9930844,0.21158169,0.12265781,0.13330914,0.3524905,0.19155547,0.6486713,0.36943996,1.2243147,0.0,0.0,0.7416499,0.31901017,0.0,0.0066016717,0.9001875,0.14704774,0.0390476,0.021893876,0.8358597,1.125473,0.15813996,0.0,1.9647584,0.38484636,1.4140345,0.50188214,0.80368817,0.49814582,0.75030184,0.069561094,1.211612,0.83140033,4.79753,0.7171659,0.89324075,0.33665606,0.15726976,4.075393,1.1880682,2.3487918,0.04643479,0.16748385,0.05331341,0.50896615,0.15077667,1.337402,0.013346498,0.22202697,3.2584183,0.3266602,0.5280554,0.5333103,0.0,0.05873617,0.33506435,0.6800094,0.006696901,0.27912906,0.49591297,0.75006616,0.7024943,0.2500775,0.09207269,0.3215025,1.4472257,0.06985197,0.62511194,0.12871844,0.4292057,0.15612224,1.3370489,0.22868189,1.6745515,0.4315773,0.8602599,0.5472089,0.05552831,0.7455993,0.1893422,0.52044755,0.20140511,0.10244889,0.023146454,4.9239073,1.1485275,0.4012799,0.872604,0.48464724,0.27978554,0.04281809,0.09107769,0.19098419,0.053845968,0.014073674,1.2439374,0.8309011,0.32651576,0.32356846,0.4040334,0.2560271,0.68935734,0.44479096,0.50652874,0.9335618,0.8443231,0.6823268,0.305847,0.45623896,0.041530155,0.0,0.5219035,0.21777542,1.1415018,0.5133558,0.21216865,0.0016015365,0.46458575,0.98987156,1.2061063,0.24889556,0.24291591,0.009758319,0.13455334,0.11331718,0.20315434,0.3423807,0.08046356,0.011915542,0.70441574,2.2762272,0.56514305,0.16551235,0.0,0.70326495,1.6583405,0.022008883,1.0170676,0.010421389,0.0597543,1.5643678,0.078065306,0.0520885,0.050450347,0.0,0.2063312,0.0,0.40512702,0.09940873,0.014525434,4.139783,0.60658,0.7244743,0.25133377,0.050520692,0.0016155601,0.63736075,0.41107383,0.43799698,0.76836485,0.06147668,all_pothole_images\pothole_images_new_image_242.jpg
0.594458,0.16193123,0.20017019,1.1794351,0.74406344,0.52472305,0.7404786,0.027007801,0.059700243,1.392712,0.5162801,0.7274217,0.12884453,1.0554938,0.07416192,0.7133545,0.009936399,0.3247433,2.144465,0.0069351303,0.5247102,2.8944278,0.35575733,1.0211331,0.59544533,1.2983238,0.49924535,1.8965328,0.628125,0.06731293,0.22089158,0.84594935,1.2799425,0.043586306,0.13793162,1.8319699,0.73669,0.73807013,0.1926489,1.2994254,0.18046267,0.11625037,0.39332795,2.0636966,0.0074481913,0.25008258,0.70417845,0.165219,1.7383603,0.48464638,1.6060761,0.45991686,0.678866,0.19998246,0.6596897,0.21347941,3.3920078,0.0,0.35029808,1.0554599,0.004773451,1.0636663,1.78359,0.40160346,0.5708581,2.426444,1.7824383,0.67117715,1.6640488,0.01922461,0.0,0.9719434,0.10047016,0.4999932,0.17187743,1.7928585,0.31979173,0.22453086,0.39366204,0.6347703,0.016656358,0.06070727,1.1081252,1.5924587,0.2301925,0.08802156,0.3796523,0.52044326,2.5104928,0.9697455,0.36930624,0.08314613,0.0,0.12806119,0.08621279,0.0,0.893242,1.0648252,1.4012593,0.36557454,0.035600398,4.2069206,1.344149,0.59589523,0.91761374,0.08555883,0.04355208,0.7751232,1.5402343,0.66126645,0.06284776,4.2847576,0.5915312,0.29960746,0.33068937,0.59274864,2.1342707,0.9913282,4.399698,2.8694239,1.4886568,1.2213947,0.027062489,1.716095,0.0,0.10327226,0.26690966,0.5962298,0.020686502,0.0024263614,0.042345367,0.36868432,0.46555546,0.16897623,0.0026463096,0.5267268,0.02011824,0.2961938,0.20820478,0.7012153,0.08858821,0.15306577,0.18752919,1.2662475,0.21011493,1.4106748,0.16736907,0.23552158,1.7481084,1.4198667,0.69771385,0.66091776,0.1711057,0.18209091,1.6488003,0.72388613,0.11292323,0.55226946,1.0388148,0.11738073,0.312172,0.05382344,0.07279588,1.2240418,0.015752828,0.58662885,0.3729763,0.59546036,0.677845,0.19113219,0.6208395,0.20251122,0.41783908,0.055878453,1.1565369,0.00063485064,0.43020248,0.0,0.25895455,0.01787753,0.1496202,2.0555809,2.3899977,0.63949436,0.9056969,0.68200964,0.78820866,1.0716538,1.0767182,1.184324,0.28994796,0.08135766,0.37532824,2.5301092,0.21933874,0.059951045,0.16417505,0.70239943,1.3922315,0.2183286,0.012150319,0.84591764,0.7639135,0.6241526,1.9541587,0.019659203,0.123775706,0.16832586,0.30990696,0.20411912,0.5526214,0.018236032,1.2861472,1.9027716,0.29687214,0.21224476,1.4426155,0.18446708,2.058031,0.06187622,0.9722934,0.1497513,0.69799024,1.223364,0.46596915,0.9576248,2.0741253,0.043860056,0.584589,0.18093942,0.13605139,0.43555325,1.239636,0.0044992277,0.44027814,0.1565236,0.5062613,0.16949971,0.0,0.056398623,0.72211415,0.3250284,0.013927024,0.14435744,0.15416135,0.0013500223,0.5741352,0.36544704,0.87786084,3.2450724,4.789939,0.1680632,0.5700004,0.349431,0.06309259,1.6818405,1.5235153,0.6727914,2.4162776,1.890733,0.25442982,0.0075268466,0.08043724,1.9785845,0.66117704,0.7997477,0.012539384,0.22696191,0.037172645,0.23185177,0.33225557,0.6732615,0.0,0.54122496,2.9872472,1.1094111,1.3931403,0.11471707,0.4817725,0.3807443,0.29487756,0.5928723,0.011973003,0.10438561,0.58502275,0.07370486,0.6319278,1.2485527,0.18491371,0.08798246,0.47053874,0.28711256,0.05700199,1.8459332,0.01901154,1.5546473,1.3242058,2.5476308,0.12453002,0.8941638,0.09968349,1.2989869,0.24221256,1.2426294,2.8196292,1.0370088,0.19529887,1.142632,0.07929956,0.562417,1.3408217,0.90089095,2.0259933,0.958557,0.1515064,0.41830358,0.335,1.9078583,3.611802,0.51912206,0.7001307,0.61778045,0.34426615,0.023180485,0.5747239,0.2854328,0.22070989,0.4822509,1.1877985,0.15403545,0.19528656,0.52415794,0.21330391,0.37001842,0.010415432,0.8743216,1.1277295,0.42414498,0.0031558555,0.32930997,0.68827474,1.1123595,2.1094089,0.06721242,0.17595589,0.0762708,0.23197727,0.24716264,0.6035171,0.30177018,0.43803522,0.35098842,0.5907816,0.18729739,0.59348816,0.30722937,0.15421331,0.8846825,0.71492004,0.32471138,0.05262267,0.029306088,1.3534293,0.17064756,0.12354577,0.45687476,1.3242744,1.1535445,0.034207214,0.28559384,3.1399562,0.06277965,1.7518702,0.15005636,1.056034,0.21236274,0.4781539,0.30266875,0.0,0.83144796,0.3810252,0.0007296844,0.5586912,1.9577949,3.418305,0.8404991,2.7239187,0.00015673786,1.265671,1.0854115,1.5277816,0.9803417,0.13906933,0.39016202,1.5748817,0.027673097,0.20298871,0.013992938,0.6342319,0.030594945,4.712534,0.7032644,0.33086106,0.31778404,0.3524263,0.21653545,0.12552045,1.499179,0.17804848,0.20306368,0.40938103,0.4150452,1.2982872,0.4263067,0.25313497,0.021876013,1.7800467,0.9353551,0.18204136,0.22272487,1.2476387,1.1642433,2.045279,2.234952,1.132282,0.18556291,0.3279797,0.88965124,0.060064733,0.9091157,0.16124675,0.35084805,0.0024941345,1.2554117,0.49847007,4.0866137,1.6001706,0.6763455,0.35536042,0.13308881,0.0651292,1.52578,0.61516416,0.77891046,1.1450976,0.110996164,1.8618323,0.07664885,0.1347536,0.6719116,0.291097,1.0882791,0.17277142,1.8658857,0.36046925,1.6849821,1.8211975,1.2465612,0.41643512,0.6312092,0.75785094,0.16553658,3.732198,0.0,0.7965338,1.3195181,0.14092809,0.16256121,0.05647855,0.08599578,2.8937755,0.71880776,0.46408984,0.3856189,0.6950356,0.1373066,0.04123377,0.3565005,1.8321153,0.6150673,1.1131301,3.6610577,1.0709838,0.14623451,0.030197263,1.6678697,2.654108,0.2837017,1.1430936,0.020222064,0.9532759,0.49040747,0.21918921,0.061713733,0.2996394,0.45423108,0.50485593,0.069425814,0.14732395,0.3032048,0.12123349,4.2227645,0.67887384,0.15072612,1.6280682,0.9147395,0.0104523115,1.036482,1.4114712,1.2653605,0.21819188,0.95348805,all_pothole_images\pothole_images_new_image_243.jpg
0.8147125,1.1214072,0.5612747,0.95358026,0.5203116,0.91666096,1.9279013,0.10234541,1.0805945,0.25499558,0.8656227,0.23819645,0.36947975,0.8228817,0.013776165,1.7090201,0.21632984,0.6211059,0.56486005,0.6984284,0.87269324,1.2680002,1.5458679,0.2207985,0.14561495,0.7366344,0.16143152,1.2197189,0.34512684,0.81692934,0.507525,0.18172692,0.19655699,0.2755842,0.04416906,1.1023537,1.0539511,0.60662353,2.166134,0.12068523,1.4306569,0.981463,0.6268741,1.3577547,0.4024482,0.041512206,0.64849544,0.022203624,1.310135,0.009510897,0.64455277,2.5626597,1.7529804,1.7820014,0.970901,0.7426208,0.79454374,0.055062555,1.0285105,1.5278747,0.503969,2.0544896,0.37495264,0.0017389457,0.82150733,2.3330276,2.016681,0.77450925,1.126113,0.2379254,0.022544099,0.4594583,0.41617838,0.33327806,0.14884004,1.0428661,0.47942218,0.4990194,0.014174231,0.06183955,0.40500888,0.31549197,0.8012785,1.3676877,0.88495684,1.2375401,0.031189077,0.36418703,1.1845962,1.3526553,1.7728746,1.3601309,0.02591244,0.076801546,1.5277613,0.045759067,1.0711098,1.4406099,0.52512294,0.43352807,0.29299632,1.4004024,0.031640876,0.28191087,1.2935597,0.7214423,0.0,0.0671401,0.30230904,1.9424787,0.56753623,1.5377958,0.40360847,0.091559075,0.21347423,0.22084422,2.3316453,0.66561204,1.8072876,1.6166793,0.03227442,0.45957622,1.018017,1.030098,0.5483789,1.1576841,1.0938072,0.54916465,0.5993487,0.19512686,0.1021076,1.3771222,0.116537325,0.5983165,0.7548892,0.7013892,0.1797221,0.60128784,0.20087188,0.7427954,1.8394701,0.4304999,0.8822554,0.03737228,0.6594363,0.06077772,1.0322255,0.51403385,0.29498354,1.8502057,0.4683197,2.2808993,0.12643307,0.27584052,0.7400475,0.049933452,0.95943683,0.27886993,0.13633072,0.8265493,1.3558087,0.621306,0.46699023,3.1987572,2.0298672,0.13178413,0.6979394,0.3696981,1.7061857,0.92557657,1.000066,0.5824259,0.8479088,0.1947607,0.2661185,0.17911266,0.13547267,0.106086165,1.2163805,0.92361313,0.3108884,3.1144621,2.6801097,0.91170865,2.6596298,0.23255025,1.6918697,2.821038,0.14724652,0.72697216,0.8249934,0.50119555,0.3119418,3.0954914,0.023346482,0.013626183,0.9518697,2.407426,0.73457265,0.5591757,0.19810385,2.2467747,0.5258957,0.14232524,2.5897717,0.9162132,0.5383865,0.0006452867,1.4568065,1.1512959,0.4634709,0.22901614,0.37176722,1.139728,2.2900145,0.7442085,2.176828,0.21910009,0.3357429,1.0377665,0.3523379,1.0299283,0.89973414,1.3996452,0.78656244,0.7101787,1.4736595,0.43347135,0.64597005,0.12101152,0.22813828,1.3276135,0.000997668,0.1500568,0.84537214,0.45451972,0.083299674,0.108222306,0.0,0.5684442,0.28122157,0.3587026,0.36344394,0.97438097,0.014721805,0.25273642,1.0240905,0.45517045,3.7412658,1.4897338,0.83120537,0.5432457,1.493936,0.64665884,1.8891639,0.40454882,1.0080484,0.6718482,0.78266406,0.9546832,0.199263,0.09299647,1.0192755,1.651791,0.30568,2.1867568,0.1312701,1.4312987,1.8188125,0.06244065,1.0610887,0.055911638,0.49029905,0.78026646,0.9045136,1.557041,0.5530019,1.003519,0.07959655,0.035947774,0.2014271,1.2700807,0.0,0.86497587,0.4227549,0.6177495,0.5678735,1.0769004,1.7892867,0.092049964,2.1606252,0.5308755,0.44876635,2.2845366,0.6047441,0.2800762,4.018345,0.5562621,0.18723623,0.55401236,0.114823274,0.14265765,0.060864836,1.3035119,2.2041252,0.24691965,0.75588274,1.3505635,0.5806135,0.7525619,0.9236161,1.05781,6.089274,1.4928508,0.15513083,0.7932506,0.0020218461,1.3030217,0.7540451,0.28177604,2.4520547,0.88877034,0.14081725,0.092014134,1.9163923,1.0823361,0.43954945,0.14926131,0.86287826,0.9273342,2.6381712,0.14308827,0.55348635,0.40748972,1.0311213,0.49050677,0.56661224,1.545927,1.5192744,0.10600287,0.114755824,1.7192851,1.6872063,0.0154722035,0.35226417,0.3887994,0.44302368,0.19627878,0.36649665,0.9000131,0.7443021,1.4358889,1.2566017,0.97539735,1.3219609,0.056339666,1.2505596,0.5393547,0.23050399,1.5138623,0.1065736,0.1722552,2.4566214,1.502358,0.7576917,1.005531,1.1753674,0.79123265,1.5252266,1.2965459,0.46894735,1.2957728,0.30557492,0.43903875,2.3193479,0.645579,1.0125732,0.49418265,0.61278176,0.7120308,0.30494305,0.5070333,0.5025779,1.1075839,0.9348489,0.8926252,1.4105694,0.009913067,0.7730093,1.1432309,1.3658592,1.6258794,0.5500986,0.3691857,0.5440931,0.22984375,0.22383806,0.62871,2.2032583,0.15442032,2.2462606,0.3637545,0.7235481,1.1123226,1.6257719,0.069030225,0.45481396,0.73600036,0.0,1.1538376,0.7412995,1.2717814,3.1474187,0.20577347,0.42079335,0.18375361,0.08416123,0.722377,0.5435596,0.34197763,0.36359903,0.84440595,0.73233217,0.9628913,1.1072307,0.4436053,1.7476557,0.56974345,1.0909029,0.18372084,1.1353495,1.0854096,0.29647043,0.70318896,0.44820508,4.2088327,2.7653909,1.4811258,0.6974467,0.2090048,0.13215798,1.5503552,0.23344575,0.04790554,0.5199548,0.0766104,0.8934213,0.365649,0.12997134,2.0549278,0.9956371,0.6795863,1.5236263,2.5675511,1.4726288,1.6100252,0.44443136,0.13364162,0.06964381,1.6435477,0.8022428,0.36421397,1.149213,0.256826,0.8290974,1.6443182,0.53577435,0.08501244,1.6115857,1.2604301,0.7973935,1.4488126,0.6728846,0.672952,0.5811984,0.25337836,2.585019,0.47968915,0.59775525,0.6725268,1.5446332,2.5597248,1.7688866,0.91171247,0.07812367,0.6306587,2.2171493,0.30630058,1.6944364,0.5454466,0.9431301,1.4879538,0.48848516,0.009874274,0.04125882,0.01601885,0.89025116,0.26402187,0.23191841,0.12701489,0.37103435,4.0251107,0.662448,2.652483,1.2836522,0.8811812,0.1077122,1.1573011,3.4088047,0.6756148,1.2761861,1.0147748,all_pothole_images\pothole_images_new_image_244.jpg
0.076740675,0.93653387,1.0545752,1.3202899,0.3605976,0.26769727,0.58911645,0.24250107,0.24556506,0.5581495,0.19597068,1.3848976,0.20240022,1.3307079,0.70106584,0.8929551,0.3561149,0.21572001,0.927041,1.8191618,0.69102764,2.218931,0.5934027,0.070830695,1.466736,1.0661188,0.8563849,2.897798,0.35011977,0.49810058,1.0053998,1.3828483,1.4231509,1.1767374,0.40955925,0.8266508,0.049231432,1.0203997,0.29160294,1.4475801,0.091248065,0.115724914,0.22946797,2.5977268,0.114863016,1.8499649,0.07596714,0.0,0.416919,0.7259179,0.7811553,1.8225733,0.8978278,1.910448,0.5760398,0.8404399,1.449253,0.33989123,0.9974982,0.21231425,0.29724297,0.5761352,1.7926352,0.2890584,0.83053076,1.2586851,0.028620485,0.8809671,0.20839876,0.33454314,0.67825985,0.24932958,0.13428895,1.1889539,0.16710153,0.33444813,0.16688089,0.8055018,0.09593331,0.026557693,0.92644346,0.27033308,0.28355432,0.8699199,0.36416897,1.0460286,0.46363914,0.1783986,1.294777,0.030252067,0.08122993,0.35858628,0.29716718,0.50328416,0.31518784,0.90432745,1.3269063,1.4148235,0.9796504,0.9134509,0.11632513,2.102392,0.7732598,0.1916377,0.06563048,1.2963727,0.03605787,0.36019647,0.43459868,0.9712036,0.06478389,2.4074879,0.16769381,0.27563387,1.0026221,0.8503973,3.2481258,3.8583193,0.82687736,0.6437922,1.9731174,1.3419842,0.27478272,2.8447134,0.37130278,0.8061033,2.5780418,0.19533336,0.58680546,0.04318185,1.0542037,0.0,0.5787712,1.2893354,0.14735956,0.35704333,0.81441826,0.46744755,0.97751087,1.2832654,0.5820855,0.03371097,0.5872375,0.66687876,0.6988994,0.8632163,1.1379287,0.04574798,0.44305512,0.73934,1.1895337,0.1916024,0.08405558,0.0,0.0989777,0.84665275,1.9631059,0.37021294,0.43796545,0.67866063,0.8040778,1.0852431,0.0,7.2222486,0.1939314,1.3030474,1.786508,0.30878106,0.4102636,0.1330421,0.18727538,0.7242623,1.7931378,1.0337863,1.1625086,0.32403213,0.4325892,0.5217392,0.98474705,0.7352765,0.35887375,1.3929344,3.1511104,1.4247483,0.01881915,0.108273104,0.0,0.35348564,0.3441284,1.0250233,0.86992884,0.27825654,0.28863898,2.2096856,0.54972816,0.63851047,0.11341948,0.36468053,0.011892132,0.8981894,0.40124625,0.5890633,1.8135058,0.8957195,1.843349,1.029724,0.61986905,0.31001425,0.20174941,0.2137265,0.81818414,0.3281816,0.0872334,0.5252385,0.07172994,0.9721963,1.0797691,0.113553174,2.4194136,0.14230435,0.9139745,0.3914748,0.5088375,0.9177603,0.322218,1.5397234,0.33115235,1.6850682,1.1618068,1.7579728,0.8315332,0.20882735,2.1481192,0.085156254,0.99468994,0.106100366,0.95411134,0.23666547,0.3056579,0.058003433,0.44121817,0.34646598,0.8242194,0.65232074,0.19449927,0.22647698,0.9243208,0.27556348,0.7562987,0.8102445,2.8680136,1.761909,0.47540376,0.33138236,0.99517417,2.0018132,1.0492195,0.007329734,0.3899047,0.61050016,0.1108999,0.9306105,2.0144334,0.0,0.5811681,0.8537738,0.00094348326,1.7281591,1.8257769,0.09312942,0.015281495,0.0,0.4803781,1.3205538,0.22073784,0.2911424,0.46504846,0.94615656,0.33549538,0.06249796,1.2380605,0.35473064,0.83722365,1.1190531,1.4401039,0.028397871,0.42543212,0.55707,0.974716,0.36916697,0.4503933,0.84131503,0.6574753,0.18182084,0.46650437,0.37046024,1.6702037,0.30019292,0.83678347,0.23569693,0.3158637,1.1783296,1.0341961,1.8579725,3.3438628,0.2562348,0.2552823,0.11687298,0.29867673,1.6046703,0.9606261,1.4343228,1.2562538,1.0479916,0.59275436,1.348752,0.75736004,1.0672634,1.7473847,1.340345,0.88986903,1.0621754,1.6116961,0.655453,0.75674444,1.6231242,0.6721758,0.1332154,0.9717458,0.7516473,0.64872706,0.2699548,0.28580317,0.20450556,0.9742656,1.8628075,0.5331726,0.29883778,0.44005817,0.8283222,0.3111564,0.49397317,0.5068527,0.3799067,0.9624487,0.18340796,0.106019795,0.16089,0.8897594,0.42983174,0.9587565,0.71945316,1.8076662,0.13941197,0.24941711,0.1300279,0.21246885,0.09740388,0.4375923,0.31026515,0.0,0.4275949,0.73004967,2.2116454,0.17718354,0.14448172,0.7750159,1.0103523,0.41771418,0.8901277,0.17315915,0.9459691,0.3950948,0.24832681,0.19427013,0.0807069,1.0513254,0.43276942,0.0161892,0.28358078,0.47996536,0.3580807,0.7006801,0.7954592,1.0114285,0.42893684,2.8077798,0.1823678,0.14349045,1.9478383,2.5345943,0.51503676,0.32673994,0.2584681,0.029568443,0.6478038,0.8066037,0.34515724,0.5595961,0.28373623,2.0067976,0.807589,0.70412725,1.0923615,0.1915738,0.45379156,1.1264374,1.0017246,0.3667488,1.8620143,1.8741268,0.63091767,0.7486619,1.4836482,0.3170114,0.25077796,1.0997905,0.69539094,0.9708435,0.34338358,2.5897388,0.12443528,2.326586,0.86842436,4.046049,0.1331006,0.74065477,0.58097786,0.26053038,0.21728784,0.4398579,0.4995687,0.21601051,0.59439653,1.6675273,2.219466,0.3265404,0.013830365,0.06266921,1.2627335,0.25460827,0.41601688,0.43600217,0.6376036,0.0,0.6414782,2.9002373,1.8832129,0.013275053,0.7357689,0.79944795,0.30476707,0.3551818,0.77458066,0.25308314,0.74413127,0.8213944,0.7732821,0.8243971,0.086221285,2.1263463,0.6307242,0.3931802,1.3469723,0.36878717,2.0362706,0.91939986,0.2174695,1.7043326,0.50825995,0.69081646,1.0779643,0.68494666,0.0684608,0.025580725,0.033880234,1.6170529,0.4902409,0.74219877,0.3390628,0.56647235,2.718081,0.7330406,1.097283,0.35691604,0.028023975,0.6816673,0.054446414,0.046517212,0.37681508,0.33930513,0.36502406,0.005040329,0.8597248,0.59899807,0.9071302,0.66068375,0.5256829,0.49694404,0.8815532,0.014344268,1.9974947,0.26228052,2.3104386,0.76670504,0.51186395,0.0,0.20662218,0.37400493,0.33115277,0.08888693,0.022794295,all_pothole_images\pothole_images_new_image_245.jpg
2.1659765,0.4360497,0.4110456,1.1300343,0.053340714,0.9519501,1.0897063,0.6396572,0.47317156,0.80254084,0.61555576,0.039620176,0.09455476,0.9139311,0.17090245,0.41171598,0.17214018,0.16163236,1.1922184,0.5641032,0.975471,2.8763366,1.2060852,0.987249,0.4388859,2.0940886,0.20394653,1.9060915,0.24211821,0.41587487,0.9045747,0.4498153,0.95013845,1.4437642,0.34609145,0.66198784,0.0,0.07113873,1.1873559,0.95482343,0.070344254,0.0,1.2268893,1.2378103,0.6567413,1.0516908,0.14422175,0.23442689,0.087833576,1.9031695,1.6383445,1.6501315,2.123068,0.045840144,1.043282,0.5577493,2.0628073,1.844355,0.28347597,0.38289475,0.14362027,0.7494362,0.87856853,1.3017431,0.2820484,2.2601254,0.58357364,0.354703,1.8140414,0.10690004,1.0224433,0.44269046,1.0015666,0.25794575,1.7659019,1.1165599,0.9736695,1.5489677,1.3643624,0.2885058,0.59422755,1.325223,0.14336568,1.6813626,1.2773471,0.70149904,0.643412,0.18167166,2.4459758,1.0016816,0.26270008,0.094804235,0.19859315,0.9950201,0.35934314,0.5586131,1.8638328,0.695523,0.14664575,1.9933723,0.063596636,0.9970848,0.045299295,0.7017359,1.8484017,1.6397238,1.6403114,0.86576,0.71276563,0.5079975,0.0350594,3.0408344,0.9538392,0.2286932,0.08307579,0.06283052,2.6268523,1.0777577,0.08724804,1.4409635,1.46057,0.36556223,0.028142676,0.54606587,1.5344956,0.28941005,0.4940804,0.4968255,0.78096795,0.7091123,1.0410552,0.07126996,0.13069004,0.13363197,0.4947252,0.80712694,0.49037036,3.010955,0.34292644,2.543455,0.2673641,1.0645927,2.0429046,0.878384,0.014505647,0.09278323,2.6170993,1.2059,0.28513184,0.16950718,0.53311443,0.343161,0.9587349,1.2024014,2.3493266,0.5158466,0.7107328,0.12955084,0.10042217,1.1795906,0.8964884,0.57710934,1.0038446,0.50755924,0.56577986,0.21137556,1.122673,0.12465277,1.2539423,0.31570745,0.21481878,0.002740279,0.022248795,0.08337878,1.723367,0.18847416,0.3478026,0.0,0.2698702,0.51000595,1.2522196,3.2650197,2.8968906,1.4985336,3.1464288,1.0624422,0.11985077,0.8606345,1.2845229,0.74534386,0.07915621,0.677213,0.6932093,1.8949876,0.737508,0.27274504,0.63827944,1.0240765,0.7435505,0.8674779,1.1275421,1.6975785,2.053991,1.2096179,0.40326717,0.25805143,0.6238841,0.7317346,0.428977,0.43444535,0.07967322,0.9050828,1.7238445,0.46687648,0.06503601,1.6041021,0.13100103,0.07877213,3.0425925,1.7964555,0.20502561,0.24198395,0.7001985,2.2397056,0.48599362,0.03184851,5.873991,0.061848752,0.37952682,1.8973552,2.04745,0.7941234,0.16681044,1.0650399,0.67957616,0.69974804,2.953668,0.03488531,0.124448664,0.12978077,0.57101804,1.5406663,0.56012213,0.22652654,0.55956274,0.05747632,0.33266327,1.2642097,0.7779963,2.4214838,5.1602263,0.26977876,1.1433896,0.69812745,0.8513472,0.061883792,0.4534553,0.62400955,2.0817692,0.26906535,0.059282195,1.1336031,1.7477401,0.40131864,0.6986654,1.8762057,0.5634356,0.7147426,1.4247383,0.39734894,1.0445148,0.07774541,0.8961292,0.80565566,1.1704493,0.28570977,1.6875962,0.9205758,0.89928967,0.72411436,0.40411508,0.9924067,0.08247291,3.1675296,0.6906716,3.0719473,1.4316093,0.90832645,0.45890176,0.45200852,1.204765,1.7530168,0.290116,1.8140947,0.4939291,0.96001136,0.9011529,0.46115664,1.6144894,0.925892,0.29262298,2.2909882,0.055280607,0.73084944,1.6354657,0.45798677,0.07639187,0.9558775,0.16594905,0.39663675,1.592059,1.6526579,2.2437277,2.0938044,0.14121796,0.5174034,1.4941356,0.68928456,0.8774937,0.37377068,0.47092086,0.70143557,0.25063863,1.8071647,0.07221695,0.7339513,0.7056936,0.009188383,2.3263812,0.7849214,3.6360326,0.613767,0.4073782,0.60774624,0.9809522,0.76508313,1.3497554,2.6237655,0.013929355,0.8491614,0.92076117,0.30071226,1.6295482,0.5527234,0.8383706,0.27222282,0.11658167,0.5012941,1.7248787,0.5280274,0.38918337,1.083347,3.207697,1.7470522,0.05376446,2.1615279,0.07365839,1.4782293,0.7602765,0.8278997,0.13735327,0.13614434,0.7683211,0.9833289,0.7250309,0.43716508,1.7427542,1.9568802,0.515952,0.43164667,1.6659446,0.5650912,1.7806957,0.14566462,2.3592618,0.021989906,0.10981375,0.12658554,1.7707239,0.44041193,0.08362184,0.7635191,0.023752414,1.5316199,3.3491118,0.11590272,0.36464274,0.3499143,0.21165147,2.8556135,0.7794725,2.5240164,0.37160516,1.0484672,0.08130546,0.07129705,1.3430214,0.6556827,0.67350316,0.31710815,0.9398627,1.2099566,1.0844617,0.39662847,0.19847026,0.2586026,0.93654156,0.7760349,0.047567625,0.08636308,0.41646892,0.7823611,0.62147516,0.6453233,0.88655025,0.10633486,1.7368194,0.6505898,1.2410569,0.28693283,1.2419128,1.6161789,1.1943082,2.4478824,0.5007329,0.07585523,1.9912318,1.2319428,0.75713456,1.0080163,0.62035567,1.6369299,0.16579361,1.4234644,0.97123903,5.22744,1.450407,0.911949,0.73188794,1.0509745,0.51751614,0.89697796,0.4388152,0.29348198,1.0462176,0.008618642,0.7083102,1.2190795,0.27773488,0.32371736,0.70777595,0.6877305,0.55901957,0.44863454,0.60247785,1.8716502,1.4386805,1.2310736,1.8428926,2.60116,0.06758929,0.31319025,0.87780404,1.1570828,0.43809602,0.57189596,0.63012123,1.2283874,1.873807,1.2541497,1.7217901,0.008555243,0.95640206,0.2681462,0.38432357,0.51222765,0.08905757,3.401445,1.1950895,0.1544415,2.0152018,2.7037566,2.9977105,0.2636243,0.5303653,0.67049104,1.9683458,0.59507376,2.4785564,0.0,0.49701947,1.664764,0.065476924,1.240052,1.0159068,0.52954316,0.45617935,0.33751732,0.9396785,1.5117426,0.2744253,3.3855453,3.3640366,0.8150883,0.25467524,1.6085125,1.3193265,0.6533184,0.24091707,3.06815,0.35592905,1.3179669,all_pothole_images\pothole_images_new_image_246.jpg
2.0838392,1.2662194,1.180598,1.9150789,0.73358786,2.8598607,0.83960503,0.06311186,0.58294547,0.38026637,0.23307537,0.041807,0.6478659,0.18508397,1.1288952,0.38893005,0.16914119,0.26131493,1.0848063,0.26960856,0.90680414,1.8328474,1.0642154,0.7262503,0.07019586,0.012294739,0.0069409353,1.5197293,0.0,0.34659132,2.276755,0.6497179,1.5955113,1.0836371,0.19827944,1.4924397,0.3575075,0.2675732,0.21978731,1.084569,1.3808955,0.15288693,0.042897925,0.8494016,0.84213287,0.06269508,0.27906168,0.0,0.31997138,2.0048704,0.55752003,0.12569305,0.5527307,0.47045812,0.1834307,1.525917,0.6622391,0.07324019,0.43075022,0.0,0.018374724,0.085910834,0.20433468,0.53586555,0.6468068,0.4573623,0.0,0.0016669091,1.5832862,0.24155985,0.0,0.16290879,0.7735622,0.7631585,0.07394673,0.426678,0.012317617,1.6476091,0.99590534,0.08006626,0.1958934,0.53317535,0.1231617,0.012130359,0.36542985,0.9075294,0.057197787,0.29146752,3.9648917,0.33735433,0.9837438,0.054933954,0.056658816,0.96542823,0.1669909,0.02935815,1.7509501,0.5658063,0.034372732,0.046532586,0.09595515,0.3706904,0.12469996,0.06404748,0.33562297,0.67379767,0.024513112,0.04733525,1.572085,1.0060921,0.0,3.9820309,0.50996065,1.0462645,0.027479485,0.97965986,2.5577931,1.7262987,0.84369797,2.0195773,1.8920741,1.6330267,1.3055032,1.1307473,0.046319913,1.0167105,0.71574885,2.6702325,0.7033038,0.035889503,0.0950418,0.057279315,0.2769366,0.01593118,1.0296885,0.989934,0.1878401,1.9397461,0.07178799,1.3103632,0.29774836,0.061023362,0.31484604,1.1397464,0.1778384,0.7193642,0.24228446,1.9657441,0.55287045,0.20139593,0.69923246,0.2510412,0.14014517,0.54925877,2.300406,1.0815706,0.79309064,0.22316757,1.335778,0.9082699,1.2600712,0.8971773,0.018076533,4.223838,0.07974847,1.5830879,0.16476308,0.045265906,3.2500224,0.20567788,0.16791257,0.05272654,0.0010590019,0.074436374,1.6716146,0.024541907,0.4516926,0.023562271,0.034555823,0.49821106,0.0069218776,2.3662617,2.382852,0.5552617,2.8053052,1.4909031,0.14650343,0.37744892,1.4029044,1.547729,0.09103212,0.31615975,0.03437862,2.2383509,0.60241264,0.07252026,0.8125296,2.7165134,0.19853377,2.2581165,1.0791808,0.81455624,1.2149869,2.0855484,1.7771311,0.22973064,0.7117053,0.3093148,0.24380234,0.40495253,0.013265643,0.028855864,0.6210518,0.65362597,0.14332418,1.4506643,0.222181,0.2388497,0.81187403,1.2261106,0.038006723,0.76487505,0.049479995,0.5694225,0.03140951,0.2157988,2.9866939,0.24123436,0.038058978,0.0028446768,0.66321737,0.10811393,0.076908246,1.5194272,0.6355378,0.4487644,1.7994939,0.10881809,1.427571,0.15467629,1.2607744,0.9369795,0.3087444,0.014222753,0.01894812,0.20207082,0.45620003,0.27233306,0.7696578,3.536446,0.9354231,0.13402629,1.9190757,0.34156257,0.42075005,0.15810762,0.32007182,1.8505565,0.10510993,1.3544201,0.011525505,0.43578634,0.35729668,0.5425949,0.17808793,2.0680134,0.28028843,0.18829317,1.5462754,0.6839002,0.6073629,0.17778991,0.019622523,1.0609463,1.0004771,0.5254753,0.40808308,0.8358081,0.28352657,0.30564472,0.046140056,0.0051401793,0.087462775,0.045363314,0.49573147,0.74221075,0.21914816,0.38418388,0.13559765,0.44336638,0.48754007,0.35506517,0.2282449,2.5504308,0.030273585,0.005429656,0.28592545,1.4879011,1.252353,0.063346975,0.35578564,0.8190016,0.023730827,1.4868469,2.8605783,0.40076935,0.0070025423,1.5845708,0.0027513446,0.09652878,0.644482,1.4170438,4.6615143,2.1225736,0.048874903,0.21767624,0.36383227,0.25396678,1.2438793,0.93246114,0.76064986,0.018637374,0.006815369,0.48053375,0.49425852,0.49289656,0.12674873,0.4397203,0.28544724,1.0351532,5.2830124,0.3090391,0.106003895,0.0,0.0034284312,0.22519706,0.25007448,0.059709493,0.18485159,0.061771255,0.75931096,0.29669032,2.4495428,0.015774388,0.51996857,1.1846331,0.26658255,0.14863677,0.07479515,0.12769894,0.8692231,2.7872486,0.64017266,0.74949265,0.17705673,0.36471328,0.501384,0.3356167,0.45516244,1.6106184,0.018633567,0.21955392,2.768343,0.5060078,0.0598363,2.190528,1.5495045,0.21743782,0.008527324,0.06593462,1.5186167,1.4166387,0.41888097,0.008395671,2.1434321,0.31034246,0.38016477,1.4334289,0.59675354,0.13493645,0.14102611,0.012911441,0.12954362,1.1812062,2.028849,0.9897593,1.0097971,0.0,0.055722814,1.4506513,0.6277156,3.4927626,0.02225891,0.0065481514,0.31367242,0.3341924,1.1699109,1.2876033,0.34457326,0.04349251,4.2099533,0.7965514,1.7035094,0.14381574,0.15746428,0.27825502,0.35160285,0.16378637,0.030537061,0.06413234,0.5503361,0.6356721,1.2061063,0.47096166,0.002976024,0.034397256,1.2965547,0.08355256,0.052915867,0.023675857,0.52083105,0.31062794,0.7471884,1.1524194,1.9898123,0.23225269,0.3379494,2.446685,0.44269663,0.91274524,0.23732288,1.4275513,0.92576194,0.28699395,0.5542686,5.571078,0.7089041,1.204867,0.15007968,2.0099256,1.066835,0.16545378,1.5602566,0.3552995,0.07349223,0.03953207,0.49502823,0.162171,0.029863963,2.8384902,2.0157113,0.9324143,0.5091964,1.0897199,1.6467206,2.3010013,2.346718,1.0496486,2.6460695,2.158131,0.27744666,2.0281138,2.7007377,0.062156122,0.7352107,0.26844403,0.5880512,0.0010098559,0.5314837,2.5316093,1.68422,0.902071,0.45553184,0.09536947,1.6160283,0.28865364,1.3703477,3.0961225,0.70584697,0.020667886,0.10808287,6.1874523,0.7723011,0.1723602,0.016701303,0.17729826,1.3984319,0.71622133,1.788352,0.33071014,1.0428795,1.7057472,0.30106407,0.052075107,0.002912465,0.21944094,0.11020608,0.016241264,0.27936813,0.62820804,0.22277637,5.5922127,1.8012881,0.36281258,0.69385695,0.21368459,0.28640294,0.25907356,0.012000575,2.2724128,0.12326473,0.030649878,all_pothole_images\pothole_images_new_image_247.jpg
1.9721812,1.1798749,0.16950406,0.62686163,0.09039717,0.2617011,0.71082467,0.9072459,0.72139364,0.27690062,0.39380103,0.9488404,0.73180884,0.2384554,1.6011919,0.1159379,0.07094574,0.0,0.8409737,0.6348289,0.36767858,2.5065744,1.0223831,1.1499883,1.1267428,0.51504296,0.2157736,1.9371282,0.2593298,0.48538086,1.4947882,0.91434133,1.3114849,0.19106312,0.3576281,0.0,0.083780855,0.6292188,1.1611952,1.9021313,0.0007673316,1.0834701,1.213996,0.28125653,0.8196987,0.36139074,0.76983345,0.39458287,1.0748585,0.31556606,0.33214688,0.15961723,0.81155497,0.16707163,0.5872786,0.81925815,1.018736,0.6182449,0.029509867,0.22065197,0.45884466,0.32338518,1.2508358,0.6319699,1.0816174,1.8588365,0.17935552,0.7336161,1.4309291,0.2138539,0.008622635,0.4170807,0.25567734,0.066963956,0.010052112,0.6970858,0.4029073,0.43483353,0.9804259,0.57185477,0.093932696,0.4626224,0.14264758,1.5430331,0.2399074,0.9427583,0.20260808,0.23458731,2.83059,0.050435532,0.64955044,0.5059518,0.37225825,0.823408,0.23581721,0.07178844,2.6772337,0.21594247,0.884727,0.54484904,0.15127623,0.7019179,0.016555095,0.8743841,1.8598676,0.507941,0.7659137,1.0773488,0.14698209,0.6080646,1.6837791,3.0130863,1.3819509,0.40062985,0.47935468,0.6059382,3.2974634,0.3855247,0.40851796,0.27147755,2.6542695,0.18912712,1.0593419,0.7522263,0.7791621,0.27939543,0.359249,0.50793904,1.2901307,0.5658488,0.3686456,0.024001185,0.023480482,0.045452047,0.23413108,0.65896857,0.41547218,1.1132866,0.20498563,0.19410947,1.3633592,0.6414141,0.5099975,0.81404924,0.5233297,0.44408026,0.25345507,2.9295695,1.2541264,0.2674379,0.57518286,0.28167132,0.8413447,0.7345101,1.1471188,0.15230595,0.72679734,1.2317446,0.3967588,0.2006403,0.5497093,0.082116485,0.19502896,0.7316421,1.9007045,0.3502746,0.4270208,0.41257802,2.0642831,0.2045542,0.03747668,0.055921447,0.010663194,0.053345878,1.5303507,0.6820209,0.8782805,0.19989268,0.080256015,1.5613621,0.529715,1.8964585,1.7960852,0.28104597,3.946971,0.22158942,0.5978656,1.1077143,0.15497863,1.0275364,0.7005857,0.009480401,0.013214354,3.3576245,0.5107654,0.33119658,0.013259289,1.9989891,0.18518108,1.2805755,1.6457417,0.86373526,3.2173817,1.2219483,0.15113033,0.43307704,1.5102838,0.73739475,0.10535547,0.7957446,0.08109237,0.097311065,0.43780905,0.380177,0.06856579,1.2237513,0.32983187,1.0283437,0.53488994,0.11094797,0.7148517,0.6849828,0.93679327,0.89692205,0.42181224,0.4373912,4.1109443,1.1227865,0.28108698,0.6204949,1.5265342,1.0425241,0.5769676,1.3425684,2.0126426,0.44072244,2.4943933,0.07698273,1.7694812,0.457246,0.9210564,0.045396294,0.4227425,1.1001536,0.068033226,0.07038041,1.7148784,0.74976104,0.076510936,2.015872,1.769687,0.40375215,1.5330536,0.10026834,0.81101406,0.022717483,0.7362054,0.42373875,1.032065,1.3917258,0.097248174,0.29783064,0.12974632,0.94950587,0.29635397,1.8087646,0.13037193,0.35267857,2.3546357,0.97666526,0.07616545,0.9138484,0.29091763,0.53926426,1.335044,1.7169871,0.9985866,1.7905631,0.056568574,1.5993724,0.32219556,0.63900435,0.41803148,1.4781643,0.8530207,0.72230387,0.806353,0.98604816,2.1236868,0.6060921,0.6130986,0.054118227,2.0782948,1.7702761,0.24993692,0.69832873,0.09686285,0.12659116,0.75795704,0.096892975,0.18969746,0.879283,0.2432141,0.19321921,2.5935917,1.329653,0.0,1.1650407,0.08386111,0.5486904,0.15143152,1.721394,2.1571991,0.4722221,0.022008799,0.22592738,0.0013539302,0.6078273,1.4679059,0.042910304,0.8344866,0.014367155,0.0,0.26917118,0.9529873,0.32790783,1.3025032,0.3714103,0.09441558,0.52195346,5.4769983,0.41678125,0.15485427,0.54669994,0.8068757,0.21494147,2.1520085,0.4642289,1.0649534,0.16125904,1.125059,0.4512526,1.8486875,0.91110307,1.1436017,0.007102393,0.89243424,0.7340396,0.9329501,1.1061465,0.89309174,0.40519437,0.809001,0.37338504,0.16851324,0.32415974,0.9263754,1.4245969,0.65548116,0.19915216,0.21289122,0.20139112,0.66703796,0.41466355,0.0,0.16049261,2.4646041,0.87316597,0.31550923,0.0,2.9580853,0.17537686,0.15503018,0.112298846,2.3562117,0.0861305,0.22614074,2.528001,1.4180105,0.50394255,1.4594393,0.0655665,1.4029632,1.5218773,4.470049,0.9060376,0.70857984,0.44670424,0.086947426,1.875378,1.5692542,2.0671167,0.020353483,0.13881302,0.8100455,0.051795658,0.67899704,1.3233085,0.45113862,0.62363786,3.6521993,0.76423514,1.6632186,1.1964774,0.17150074,0.7374887,0.7830409,0.19325061,0.7039267,0.4284511,0.54076767,0.14804143,0.96121836,1.0657392,0.83431727,0.6736883,1.0111395,0.104504,1.8391577,0.19670373,1.1452775,0.1187351,1.575047,1.4212577,0.8585525,0.15621111,0.18173411,1.3896215,0.6256244,0.15573263,0.10983424,2.2768214,0.40744555,0.931923,0.05338478,4.035082,1.0080739,1.0110745,0.9747603,1.4613825,0.65710783,0.04024942,0.3196643,0.72553647,1.0960158,0.31392184,0.60469854,0.47650605,0.16172788,0.50193906,0.62896776,0.5299984,0.03935863,0.6980382,1.3808005,0.89097625,1.5437533,0.52860546,0.6313072,1.9352938,1.1633252,2.405953,1.4135058,0.2616863,1.4331719,1.4474158,0.27508417,0.17619355,0.80950165,1.5260903,0.65738297,0.283225,0.6165729,0.12001016,0.7974498,0.40140498,0.72196585,0.7777205,0.7995075,0.2614109,0.4856361,6.540909,1.2506708,0.60750896,0.1438892,1.6966636,1.2979717,0.2312687,0.14433081,0.22782901,0.047538567,1.0860325,0.27136207,0.101600744,1.8766236,0.62141186,0.38952038,0.36613375,0.50883055,0.9670049,0.8434124,3.3691237,1.2668071,0.16217552,0.20331742,2.2533634,1.567947,0.45495415,0.91477776,2.3256698,0.98076713,0.0998478,all_pothole_images\pothole_images_new_image_248.jpg
1.2363387,2.9138234,2.8045385,1.1752952,0.19424567,0.30892766,0.57533646,0.7313162,0.43838742,3.0082192,0.56277204,0.031096501,0.41302863,0.16899985,0.4683219,2.1498408,0.8940607,0.21878842,0.41541368,1.8222135,0.28796014,0.56775165,1.3013166,2.0717144,0.2673735,0.87336767,0.18074684,0.33720195,0.4151503,1.4773185,0.29982585,0.3653172,0.059054907,1.0760549,1.1960843,0.49403414,0.07622374,0.09232856,0.3919434,0.9664982,0.54794043,0.16998404,1.1347867,0.091622464,0.5056226,0.26773503,0.0024985315,0.6679686,0.7471659,0.019713474,0.124982946,0.70611143,1.775094,1.1002443,1.7826617,0.8700972,3.093093,0.08223698,2.0696099,1.343503,0.4900787,0.3640363,0.7803309,0.34257972,0.6002628,1.2193421,0.07854783,1.0859952,1.695712,1.2372049,0.63015574,0.68903834,0.8037599,0.16661194,1.0237635,2.1398034,0.6628399,0.12779447,0.974344,0.6735818,0.59800804,1.4314795,0.49486393,0.16163394,0.20778334,0.11180599,0.80018485,0.61440414,3.3336468,0.9376404,0.8822484,0.9275794,1.0428438,1.8481706,2.0354183,0.012231902,1.2330247,5.241575,1.9966635,0.93452924,0.4751318,0.8033829,0.11046515,0.8742409,0.70330304,1.0046787,1.0080457,0.17071901,0.0056818854,0.94749635,1.0220157,0.56390494,0.20647699,1.3776873,0.29069605,0.33659124,0.028372899,0.042594463,0.2177858,0.2125155,0.39590764,0.7471321,0.6395901,0.14598165,0.9432877,0.62315637,0.33221313,0.6288616,0.4333148,0.11854623,0.37218055,0.6661324,0.5031753,1.0697433,0.40616155,1.3191413,0.8309383,0.15189826,0.97970265,0.106701694,0.70126915,1.6884844,1.879291,0.89773726,0.25267258,0.16214567,0.53979135,0.2988772,0.91561466,5.637997,0.88950706,0.38460967,0.31774685,1.8898343,1.5605799,0.22736323,0.740784,0.7882113,0.2721027,0.07832883,0.726602,1.0349356,0.50929767,0.7065056,0.49982163,0.6276508,0.4541013,0.57362854,0.9912972,0.13145842,0.85205394,0.5851909,0.6268913,0.32073873,0.8050794,0.7055892,1.3368601,0.34282672,1.1393121,0.40223196,2.0669692,0.0,0.41412356,2.2145536,1.9974421,0.5238919,0.10723417,1.2866582,0.15236996,1.0421607,0.9870766,1.9870527,0.14301758,0.61110777,0.39333653,1.4462637,0.10952964,0.5789864,0.15649661,3.9680707,0.5906049,1.0702418,0.007126633,0.0745965,0.32163587,2.695145,0.13630842,1.00964,0.085317396,1.5611299,0.017268917,1.6137722,1.8291806,1.4913071,0.010741795,0.60875064,0.6196529,0.14349891,0.6453872,0.98036957,0.07475732,0.5236208,0.35514796,0.12154106,0.48480394,0.5112158,3.0205286,0.0066009136,0.2848102,1.3420743,0.68148124,1.2151582,0.30231223,0.21245913,0.3338939,0.6807693,1.2221985,0.06449518,0.08784629,0.088364035,0.35260835,0.35005385,2.2529762,0.89471006,0.0,0.28306985,1.7549986,0.44417027,1.7491003,0.66452914,1.158098,0.21880926,0.09433087,0.07383565,0.019690353,0.034420624,0.50940573,0.4251369,0.90634304,0.8610382,0.6356774,0.7146108,1.0915756,0.14538738,0.12820984,1.7058729,0.4427059,0.85768545,0.5641595,0.7867562,1.8720334,0.18664563,0.29166576,1.0622169,0.6709132,1.237681,1.3462255,0.19398843,1.9261745,2.0845962,0.08351209,0.5249084,1.402178,0.96353596,1.3282076,0.29239136,0.009661161,1.9088478,0.7407997,0.2791874,0.5457489,1.8608536,0.07635795,0.40443784,0.3989673,0.21916497,1.395036,0.059621353,3.4373636,1.2446779,0.13760029,0.049076002,0.39320984,0.24784261,0.95637774,0.119940035,0.7377025,0.79220605,2.3339996,0.24075364,1.2739866,0.57443887,5.4687896,0.32928458,0.5542664,0.33336794,0.8715993,0.13623275,1.0069929,1.082774,1.2205608,1.3433326,0.5293869,0.42105243,1.8116934,0.6304103,1.0387114,0.57044256,0.5668203,0.3944153,1.453288,0.057894118,0.5409243,1.4800692,1.6938077,0.61950636,1.7985766,0.23437834,0.17993695,0.037154198,2.2959285,1.4065619,0.43039003,0.4711902,1.1958582,0.12213376,0.5735316,0.43148562,0.92468566,1.2254817,0.45707262,0.8031904,0.5599795,0.6510644,1.1564616,1.2687742,0.25078458,1.7630528,0.056913733,0.43239772,0.9383385,0.3091653,0.93633515,1.7238492,0.48613486,0.08995337,0.49186528,0.96947646,0.7029501,2.0289707,1.4457109,1.6461263,0.019140244,0.074540816,0.39811075,0.33051673,0.5507279,0.13090079,0.29057905,0.013814466,0.25924346,0.79208684,0.27204606,1.455575,2.4229214,0.6114022,0.5350074,1.4187872,1.3892789,1.1339879,1.9560624,0.44820154,1.1949979,0.15533932,0.25327015,0.91388834,0.34441572,1.1284463,0.24893042,0.8114878,1.110519,0.82779723,0.25051472,1.1130105,0.30068693,0.06615909,1.6639457,0.8491974,0.45747375,0.012985811,0.055405762,0.034396738,0.06695188,0.47415498,0.13199756,0.9027829,0.53809917,0.026453545,1.0554123,0.37500376,0.18164136,0.5363267,0.6936952,0.4596834,0.3232827,0.16414993,2.6675563,0.75206465,1.8434688,0.8507687,1.0908825,0.27544135,0.63553625,0.9792557,0.0658776,3.1386015,0.40343028,1.0688819,0.10578484,0.21627739,0.25595054,0.5866811,0.32132825,0.1655729,0.031284466,0.06996902,1.026106,1.2399865,2.9032307,0.93369406,0.9415356,0.91486704,1.5478175,0.2380946,0.76814157,0.25682816,0.13688813,0.37009946,0.061331198,0.3736833,0.72243935,1.9318599,0.03871228,0.089903034,1.3140199,1.203219,1.117858,0.36260507,0.13422714,1.5021957,2.936478,0.8222212,0.34437343,0.9043615,1.1172154,0.62556684,0.3532293,0.7012609,0.6150715,0.42753857,4.2257075,2.1227608,0.72250736,0.55696833,0.5752111,0.32011685,0.4566307,0.009713866,2.0752583,0.16931643,0.58448815,3.0549495,0.07150597,0.44884333,0.26079708,0.21053232,0.51124936,0.68866944,0.71665573,0.17305718,0.0967566,1.3412547,0.31825757,0.63875186,0.040739648,0.06377763,0.58777624,2.086994,0.41649914,0.63361794,0.7737778,0.42087376,all_pothole_images\pothole_images_new_image_249.jpg
0.72575766,1.7813817,0.58569145,1.9785278,2.6966379,1.2595785,0.013482234,0.0,0.6358303,0.71721053,0.13498476,0.5607587,0.59987473,0.22285932,1.0704976,0.58740854,0.19731385,0.12887435,0.3201886,0.74975055,1.4032532,1.2936543,0.4643414,0.5356123,1.7707546,0.6639367,1.2762675,2.2241023,0.37449396,0.31806844,0.76436645,0.3164045,1.4493512,0.49291873,0.50975573,1.3209319,0.9268998,2.3170588,0.065307215,0.49565366,0.023884885,0.12109647,0.14884806,3.212319,0.5010255,0.27204964,0.10770111,0.52031374,0.35646483,1.0349677,0.7988401,1.7073405,0.026283288,0.75865746,0.4678302,1.7405766,2.899325,0.10047097,0.29732403,0.45784152,0.07446688,0.656953,1.0917608,0.35079238,0.3410382,1.0459278,0.19745468,0.8035747,0.43369386,0.6102671,1.1341201,0.5540876,0.4424651,0.64680314,0.76646334,1.7022066,0.66099674,1.0433189,0.026226878,0.9710821,1.5326676,0.0032535556,0.0,0.68896914,1.1646397,0.569749,0.16876501,0.17903088,4.931929,0.1123526,0.5676983,0.15887864,0.41944355,0.6079818,0.5064484,0.028830377,0.23180372,2.025479,1.7271155,1.2289352,0.008793505,3.4583814,0.3859674,0.535923,0.17235059,0.06532553,0.22912194,0.14932261,0.03828089,0.51315534,0.123984605,1.7072496,0.43975654,0.91644347,0.2949497,1.3231044,1.6232277,0.15798193,1.0728717,1.2773402,3.1346266,1.0490727,0.15363167,1.9451451,1.1715353,0.8931586,0.26125047,1.6696042,0.93906075,0.21088463,0.9598803,0.10226488,1.4451901,0.5755475,0.44735265,0.8909852,0.58237135,0.90896666,1.02467,0.10993304,0.48598564,0.28069094,0.27525434,0.54162455,1.6280215,0.9072058,1.1306579,0.48760986,0.011614789,0.86771214,0.9700359,0.8746539,0.35862717,0.017357184,1.2317845,0.3643738,1.3634124,0.11860096,1.6225277,1.2573788,0.9543622,0.6670103,0.27814627,2.2357829,0.0,0.21238387,0.6053304,0.19214727,0.7243197,0.18891941,0.88607174,0.5344224,0.5598467,0.78392494,0.7944497,0.030330328,1.1267064,0.03810241,0.14623664,0.1609259,0.132031,2.017798,3.960108,2.7195835,1.7104306,1.1573558,1.0183318,0.11194046,1.7466332,0.48046812,0.67359656,0.44152355,0.2238485,1.4751778,0.3523617,0.7686644,0.5471379,0.001876647,0.11070201,0.56267554,0.712698,0.4151666,0.25814074,0.72411853,1.5044394,1.3504392,0.061005022,0.8840712,0.97132874,0.11613122,0.22180489,0.5548244,1.179084,1.2179682,1.512218,0.73034465,0.4073045,0.15956856,1.6576909,0.017409641,2.2496088,0.10716297,0.35277736,0.016238982,0.17511712,1.2814579,0.47485638,0.49544182,0.548637,0.692401,0.102613434,0.8678167,0.6470522,0.10240752,0.07566865,0.2793242,1.3809079,0.2359442,0.026447011,0.28828713,0.34219617,0.04426998,0.09991112,0.048780352,0.08770183,0.19960636,0.20028764,0.0,0.33467102,2.4654727,0.700945,0.5479657,0.6955668,0.3501105,0.9910341,0.21702303,0.71774125,0.0,0.3027928,1.9226733,0.55286354,0.8658423,0.8989055,0.17424892,0.4976648,0.4825552,0.00021442721,0.5498759,1.168816,0.1548498,0.3754032,0.31635723,0.48374215,0.24478157,0.32807782,0.7625687,0.47939992,0.20698874,0.46396318,0.70017785,0.23305714,0.041970238,0.4908303,0.10360276,1.1098353,0.41594633,2.0215123,1.3378776,0.6030062,0.09679098,0.54727757,0.84387344,0.09746221,1.0417638,0.6782619,0.7136135,0.56106,0.08530967,0.0,0.42804772,0.22683617,0.90366197,0.2440454,0.9009499,5.0807676,0.73011947,0.0,0.3430274,0.6022383,1.521136,0.2787576,0.4852754,3.0111103,1.3029594,0.36148196,1.1206833,0.66192776,1.0554181,0.66345924,0.08581539,0.2732893,0.7416375,0.37031198,0.51038516,1.1595433,0.6914788,1.0462759,0.9157162,1.0373068,0.79663616,1.5795076,0.6254884,0.17473781,0.15963286,0.7996374,0.8574155,0.9124911,0.7097662,0.48562285,0.492707,1.2190446,0.81700575,2.1943207,0.16967165,1.4077849,0.04281146,0.27052516,0.33310345,0.64316744,0.13178527,0.76813006,0.9566556,0.7583838,0.5229914,0.45950806,0.02254188,0.5528575,0.59803855,0.39167416,0.5282657,0.1175788,0.034888733,0.20415713,1.5567228,0.25828356,0.29296485,0.45150393,0.12714931,0.24368152,0.29557386,0.84542596,0.57506,0.7104931,0.25353733,1.7668648,1.0281291,0.108323775,0.077280425,0.47288162,0.31669414,0.0015649319,0.104493685,0.37615508,1.0250605,2.8182428,2.0547137,2.6270044,0.8561003,0.73481244,1.0790613,1.5891904,0.0,0.32002404,0.112258285,0.189936,0.047961567,0.9555599,0.24447146,0.26811597,0.45572212,0.8429248,1.5845683,0.023869947,0.6816269,0.25056818,0.2775382,0.030757144,1.0058631,0.5342425,0.90030444,1.8188558,0.511962,0.48946473,0.84263015,0.026626484,0.53025866,0.7103176,1.2013829,0.17772913,0.001258389,2.7290452,0.1822189,1.2719759,2.281449,2.6409688,0.1477558,1.3758165,1.6490135,0.15168975,0.34718633,2.0310476,0.17345017,0.70383143,0.8584885,0.30346826,4.0094886,1.8346773,0.37034816,0.005894966,0.8335411,1.0005956,0.37330124,0.025241455,0.58427656,0.23357649,0.9755145,3.0990999,0.2817975,0.48536545,1.8338476,1.3174415,0.6451948,0.41868526,0.42583406,0.13546488,0.9930678,1.0030875,0.37764958,0.3393813,1.0711756,1.3686494,0.3225788,1.2619746,0.2745709,1.1630144,0.33212742,0.2598896,0.09460818,0.47786906,0.9214185,1.2428753,0.30732659,0.89824945,0.40238234,0.37982,0.33070424,0.5880105,0.92768484,0.7735016,0.34720585,0.72962046,3.5041337,0.13783242,0.6685282,0.0019322246,0.0,0.73361284,0.36767647,0.09857346,0.24758093,0.07991989,2.2203708,0.22011168,0.2861787,0.060903806,0.00958168,0.14314444,0.011814922,0.25937763,0.0031397247,0.40931255,3.2390003,0.3794282,0.32299906,1.9680153,0.4475666,0.01946154,0.63290477,0.6360208,0.29327542,0.9214862,0.34587672,all_pothole_images\pothole_images_new_image_25.jpg
1.4239722,4.327266,2.0957725,0.14901774,0.6496651,2.393197,0.5001181,0.1558911,0.9623757,0.3162174,0.07280405,0.19916978,0.4208234,0.47312334,1.3178295,2.0541453,5.316343,0.7297325,0.07703217,0.3864582,1.2257919,0.7745597,1.9365087,3.2207258,0.8696015,1.3980988,0.5875023,2.4747455,0.7668318,1.1163218,1.2317326,0.022509288,0.5249421,1.5168302,2.4800742,0.6704336,0.42751035,1.238025,0.15628593,0.18189,1.2268919,1.3820782,0.91382366,0.033629026,1.26825,1.73978,0.11480921,0.45094457,1.6309241,0.40811577,0.64114964,0.4324476,0.711509,2.5044172,1.2486914,0.21921305,0.54705745,0.0559062,2.3283632,1.3494788,0.34583867,0.90186465,1.0083421,0.32125682,0.64963144,0.30559474,2.024347,0.40363926,1.1720685,0.3017393,1.6666285,0.69489974,2.5360591,0.21302235,1.8230736,1.5884751,0.39662114,0.934206,1.1804854,1.3296485,2.0262308,1.2679247,0.73291117,0.9807495,0.66465706,0.73478466,0.074803695,0.5163459,3.7525244,1.6478683,0.14731054,2.3157392,2.8198237,2.6365654,2.0536153,1.1011076,0.38672274,2.583199,1.0342127,0.21651891,0.08928856,0.25461766,0.45869055,0.15998489,0.7915859,1.6520925,0.5620085,0.34070483,0.47543427,0.12767513,2.2370193,1.7843182,1.5109936,0.78517383,0.5131442,1.282419,0.44086018,0.2357822,0.43478867,1.5301702,1.3743296,0.116836846,0.9508194,0.67440903,0.39842623,0.6294089,0.90995586,3.5490704,0.5825341,1.1603969,1.1502428,1.3345337,0.66434836,0.3682818,2.251548,0.8550364,0.32180405,0.42248946,0.652045,0.9311998,0.24281684,0.696892,0.9252107,0.60061383,1.9393371,0.68926036,0.86443514,0.4231017,0.015044886,2.3398802,0.58852524,1.4582219,1.1026556,1.7136426,0.6592449,0.1093717,0.58267933,1.2001132,0.48739198,0.014511634,0.55090165,1.7145264,0.5578325,0.4016097,1.1382105,0.74155533,0.7549172,0.34341264,0.21412382,0.72326535,0.7729308,1.3937111,1.1113639,0.40152922,0.87405044,0.6516092,1.9705828,0.8394956,0.6614467,1.12669,2.457219,0.23420134,1.1064509,0.4031013,2.2083194,0.5847574,0.6899565,0.31356728,0.5769606,1.1019176,0.8944045,1.6043887,0.42731678,0.017807053,0.7983434,1.1653467,1.0939493,0.33015537,0.032204915,4.921728,0.6183177,1.1007,0.00678957,1.4895821,1.6009122,2.7125866,0.15364501,1.5710126,0.034210313,0.6003087,0.98086494,0.77369756,0.9119658,0.84030366,0.44297835,0.4466506,0.58153784,0.08427606,0.9216106,0.5321299,0.5216652,0.081965685,0.1348039,1.0232277,0.57526696,0.1980795,3.643916,0.55065084,0.4664695,0.48508656,1.7685933,0.16574681,1.0460792,0.6818181,0.55291796,1.9518673,0.68323064,0.3797943,0.80958724,0.17770821,0.24565868,1.5202342,0.58529305,0.7484156,0.005959114,0.21501191,2.1650121,0.086760595,0.24961236,0.18406378,0.706081,1.6588751,1.4109459,1.4816246,1.3632812,0.15995643,1.3625401,0.86475986,1.4559282,0.94003075,0.41730297,0.8182069,1.7012788,1.0486239,0.2258708,0.9244604,0.16619208,0.40600997,0.6329072,1.6021504,0.42339075,0.41547152,0.38267282,3.0662203,0.7411433,1.47608,0.14689751,0.6542287,0.65161955,0.43805203,0.20007096,2.3790917,0.3377225,1.0927205,3.3807566,0.13123709,0.87068504,1.1117357,0.75164384,0.22960098,0.717429,1.1231854,1.6223471,0.41827253,1.1986325,1.2083147,1.013404,0.029950902,0.86625075,0.34875804,0.0,0.33337784,0.16404298,0.78640753,2.4049335,0.86018866,1.1122444,0.53004456,2.6423311,0.91148174,0.28943163,0.6552972,5.214342,0.029964559,0.12533398,0.80914366,0.99421805,0.083045274,0.39151084,1.2016577,0.6939662,0.42789847,0.102403075,0.043688234,0.3073138,2.6231546,0.45852256,0.5796355,0.19158341,1.5645629,3.5607061,2.0487664,0.08308843,0.64270395,0.3080731,1.1077846,0.5427436,0.35863197,0.81228113,0.880893,1.4876035,2.638736,0.51320606,0.22131489,1.0872482,0.47883737,1.3345256,0.49187672,1.4113799,0.9878641,0.14307435,1.2033447,0.23371863,1.221018,2.1905699,0.9188028,0.5808133,1.0452354,0.008028672,0.37031826,0.46064267,0.268628,0.49844667,1.161747,0.59818214,1.6342639,0.08238564,1.9234383,0.4302003,0.12091607,0.36914513,1.55792,0.3696106,0.48007637,0.874585,1.0231501,0.53092736,0.7218906,0.02323861,1.2774796,0.53223944,0.6190732,0.8859211,0.58251405,2.3056562,0.41539448,0.28582472,1.60215,1.6429378,2.9906342,0.9165792,1.6386251,0.43496487,0.021943009,0.09485544,1.8264807,0.05471168,1.323358,0.38336316,0.3377294,0.37936416,0.404973,0.799866,0.26053968,0.44331932,0.11807192,1.4978603,0.9361242,0.10399751,2.1733956,0.36287105,0.28665859,0.38125157,2.0419836,0.5069267,0.3165224,0.89147544,0.034192353,1.6673232,0.5004498,0.6145497,1.6451378,0.28925735,0.07888309,1.0010049,0.17408937,0.7526021,1.4779466,0.72872907,1.7685752,2.7866907,1.1093742,0.1592073,0.90097934,1.1525104,1.7613583,1.407982,1.1953099,0.235875,1.5556916,0.31592554,0.9102806,0.17527542,0.27988383,0.23422848,0.31144795,0.79267967,0.5144965,2.613895,1.4470168,0.073481746,0.49343327,1.2836931,1.0129,0.9390618,0.71272,0.90612215,0.37900457,0.8084773,0.18316366,0.52814114,1.2290441,0.53377056,0.9959992,2.2955532,1.3262595,1.1236004,0.39679632,2.6830118,1.3986863,1.1564137,0.2962554,0.5375592,0.052050725,2.024161,0.42778617,0.8160249,0.06506109,0.2581581,2.507707,1.6799927,0.69456774,0.21989076,0.815046,0.116569,0.097609885,0.7720501,1.1272919,0.22244997,0.004457908,0.41859388,1.6719347,0.22970171,0.2693956,0.5249743,0.35247132,1.521951,0.09450392,0.7659294,0.65194726,0.46714428,0.47898382,0.78275204,0.49467137,1.6756135,0.35673133,0.34611782,1.0749081,1.166304,0.31186435,0.3918265,0.7273276,all_pothole_images\pothole_images_new_image_250.jpg
0.61115074,0.008100223,0.004840784,0.4136355,1.0866171,0.5991301,1.1494511,0.20924771,1.495773,0.21339394,0.46101093,0.00089192245,0.0016177592,1.1936756,0.87234646,0.18327732,0.04426752,0.6002955,1.9529421,0.2788245,1.9332662,0.052107915,0.034084972,2.0972517,1.2932297,0.47788736,0.124994926,1.7082702,0.027711177,0.059936132,0.7269707,0.0,0.005973616,0.51565117,0.12814593,0.3686055,0.018781375,0.7530829,1.6942506,0.028497253,0.09817275,0.21911496,0.50902575,0.8777116,1.3604696,1.1525977,0.0016157187,0.004571976,0.3708959,1.5134556,1.0847144,0.43972543,0.7886033,0.7700101,3.6704593,0.5065827,0.49957237,0.58924186,0.59793496,0.85420305,0.15208362,0.47266364,0.17107932,0.16385208,0.69450456,0.0038329037,1.7960784,0.003616057,0.2778698,0.1295988,0.18956858,0.43780205,0.20834716,0.020618033,1.5861902,0.74705,0.018707108,0.20461988,0.9673398,0.86835337,0.035140943,3.055102,2.2784312,0.022815619,0.5135382,0.0,0.53811514,0.9922789,1.6978127,0.087418884,0.86249554,0.12052672,0.8024295,0.19199368,0.95075005,0.4490324,0.12003206,0.80475146,0.9902658,0.1690974,0.0,0.0,0.07731506,1.5896728,2.651344,2.5635011,0.11513856,0.2858562,0.60623676,0.0032596374,0.008509533,1.8995754,0.5143713,0.0074896375,0.40687665,0.0009206953,0.47134903,0.091508776,0.028282193,0.35487545,0.46258137,0.82445246,0.03473906,0.2773978,0.17872061,0.0105207255,0.3282817,0.0139876455,0.33938473,0.914586,0.042058058,0.02035032,0.0020065743,0.004297051,0.22206485,0.44155276,0.9656521,1.9296265,0.0,0.0,0.056962956,1.0199106,1.299667,0.0,0.071057394,0.2749167,0.13350414,0.18512326,0.46178555,1.4235173,0.6315699,1.3247015,0.20359306,0.07973301,1.8792938,1.4285111,0.008273463,0.7178558,1.1758341,1.2943766,0.0,0.028347764,0.88783264,1.0590924,1.2808354,1.3140957,1.3379804,0.47921938,0.54221183,2.5052056,0.075684704,0.25317016,0.056757532,0.01638528,0.15245599,1.5660888,0.0,0.006740447,0.086993635,0.87043816,0.574662,0.90626884,2.7618992,0.9482156,0.0048247394,0.41178972,0.413539,1.3205599,1.1118032,0.0797488,0.10633122,1.7845826,0.32924125,0.41804215,0.037018396,0.0905673,0.3583213,0.5950134,0.55824566,2.698986,1.76001,0.08045975,1.4634345,1.2913749,0.0,0.006993312,0.10300843,0.8834331,0.25542662,0.6417901,0.54257196,1.4207586,0.97281694,0.68703496,0.7387451,1.9478284,0.09192888,0.17625009,0.085425295,1.4943881,0.7318274,0.18999018,1.2901621,0.17504463,1.3627708,0.33163038,0.46466345,0.4154652,0.0,0.6918014,1.5503435,0.020735176,0.8614708,1.3161343,2.3550034,0.22059755,1.047686,0.23454586,0.05004998,0.5982676,0.3818765,0.826494,1.3456062,0.2719025,0.7552752,0.3852698,0.0,0.023978576,2.3938425,0.038551588,0.25271076,0.0151942065,0.0033582828,3.647231,1.8364784,0.50178295,0.6079893,2.5121157,0.12286107,0.2807192,0.70906603,0.5786551,0.20901076,0.019022353,0.06069236,0.15080525,0.422944,0.065843694,0.2950354,0.9259483,0.6666791,0.0077702096,2.2151172,0.009379147,0.107363835,0.56456566,0.011212997,0.0318092,0.9379509,0.07945569,0.55991614,0.1434216,0.57746154,1.2704544,0.935776,3.124831,2.5352201,0.602712,0.6998274,0.030023996,0.060966272,0.18729301,0.0022175796,1.9254626,1.7396889,0.0063901236,0.8944713,0.01886744,0.26158997,4.7327065,1.5274508,0.19760825,0.044243403,0.054158736,0.020851731,0.10042802,0.00782727,0.32892624,0.46177322,0.04999676,1.7668447,0.26450872,0.11685222,1.1705104,1.123892,0.0040980573,0.36460057,0.4355215,0.18083775,0.019354705,0.17901272,0.09299031,0.93178433,0.2791265,0.1742947,4.0280585,0.063622504,0.0052728103,0.054758374,0.3273612,0.12475393,0.31319568,1.5777574,0.38392964,0.30004245,0.64939934,2.075654,0.70336974,0.8067577,2.567249,1.1041658,0.081973374,0.41749236,3.2079694,0.51627254,0.091454,0.0708268,1.4441065,0.95864743,0.60932386,0.5799382,0.6170796,0.0028879833,1.018609,0.46787596,0.061569586,0.4828303,0.3803683,0.024927543,0.2804128,0.77017725,0.24996944,1.4038479,1.5964506,1.2737823,0.82679635,0.1098141,0.7067201,0.115312874,0.034365945,0.0010594715,1.3667941,1.3644347,0.7577955,0.045506135,0.09501354,0.25176963,0.0,0.46262142,0.0015317298,0.07732487,0.24968879,0.38283074,0.045034427,0.013096875,0.121515855,0.14623147,0.09569636,0.13857296,2.6314056,1.9591961,0.005719611,0.0,0.9409295,0.05781774,0.1593569,3.2980402,0.03937938,0.075325266,0.05553461,0.03941552,0.23892152,0.0,0.0,0.8859218,0.0690591,0.24462843,0.00882914,1.4128766,1.2265682,0.659696,0.0041488307,0.30325273,0.30337426,0.010967916,0.034488995,1.1294549,0.94588447,0.0939341,0.0016677019,1.0068681,1.0875684,0.032709993,2.3115745,0.13150631,2.0708032,0.65381724,0.60163265,0.43561673,1.1860394,0.6145854,0.15880413,0.0046896418,0.019863356,2.7243671,0.49965543,0.029351054,0.2679571,2.6171746,0.0,0.9044658,0.0,0.09476094,0.13224404,0.04096216,0.0065596206,0.0038415769,1.0585363,0.2196686,0.0052191406,0.1947017,0.081170075,0.06962929,0.011585868,1.4092746,0.27913308,0.6165683,0.015350706,0.0,0.2903178,0.009915265,0.09543283,0.05594957,0.5837662,0.038102515,0.43134543,0.50479174,0.32937154,1.0166429,2.7733572,0.5957387,0.7338083,0.0,0.0,0.9803084,0.049478665,1.1595783,3.214045,0.5799488,0.48587716,2.0753133,2.645489,0.06360973,1.1580887,2.0060318,0.2648323,0.0247697,0.21752411,0.3061974,0.0,0.52857167,0.18202063,0.18268467,0.0,0.10885817,0.15590489,0.043132596,0.29791793,0.09582567,0.3143922,0.5437933,0.239175,1.0538965,0.82838523,0.79149765,0.60931575,2.1123605,2.741751,0.55459905,0.60769993,0.0027859474,0.0014107918,all_pothole_images\pothole_images_new_image_251.jpg
0.4384191,2.0617588,0.26830468,0.17841236,0.34248054,0.078828774,0.533843,0.24187675,0.28539568,1.0264795,1.8617785,1.0976709,1.9762362,1.4333742,1.07048,0.0418537,2.2483635,0.09947644,0.21336547,0.6564088,1.1771303,1.7781494,0.31444308,1.1848086,0.59608465,1.3188227,0.6181412,0.30287698,0.81874806,1.8676578,0.37992585,0.58859694,0.81794566,0.49303654,0.32455525,0.3094914,0.46935603,1.2670641,0.42272255,0.14784463,0.11280982,0.0,0.17499259,0.14482678,1.8714764,0.12706266,0.28191605,0.056929804,0.42519054,0.76678544,1.9578747,0.76355547,2.0061183,0.9278108,0.7114393,1.2570056,1.1244133,0.5444703,1.5384555,0.1596066,0.013434444,0.1605975,0.22305991,0.41079742,0.19426705,1.640377,0.17995846,1.4910666,3.1180735,0.25871852,0.18578869,1.5183487,0.8333398,0.3869857,0.029242806,1.9735646,0.57379764,0.9986886,1.0433981,0.50823975,0.22840309,1.7191653,0.0018354045,0.14979184,0.25827444,0.4316755,1.060604,1.7303685,4.3015876,0.06608356,1.9040227,0.31071594,0.5665496,3.1297429,0.67457753,0.69500935,0.5351624,0.20616941,0.06258589,1.5273088,0.022688938,1.7999065,0.018236468,0.3387903,0.19690411,1.3458254,0.29266542,0.09900526,0.29504934,0.44395384,0.84866714,2.146768,0.7987389,1.7779012,0.12777223,1.0227865,3.7707207,1.063719,0.30512556,0.3607136,0.76202935,3.572465,1.5378741,0.1713192,0.17163628,0.34016818,0.00093402265,0.64802843,0.6106978,0.09776149,2.809594,0.6398184,1.1210263,0.77062786,0.55242556,0.19265044,1.1490809,0.66544527,3.6777873,0.17742254,0.70899886,1.8267274,0.73219883,1.2416109,0.25757453,0.7906863,1.8059562,0.009963788,2.060769,1.0630184,0.37371552,0.35931027,0.5312571,0.0,1.0276018,2.1891818,0.7334552,3.2224612,0.051754117,0.49402973,1.2559925,0.5971486,0.11523182,1.881294,0.12479205,0.055866256,0.92044204,0.07298031,1.92897,0.03872257,1.844799,1.2805216,1.470538,0.48138723,1.7441841,1.1712373,1.4611025,0.07899206,0.6002206,0.93929553,1.1873679,1.2733723,2.9251273,1.014458,1.9608823,0.26847062,1.3054345,2.05949,0.35996082,1.4668409,1.9884387,3.9379122,0.052734293,2.7363412,0.14652757,0.17955843,0.034531202,0.47308138,0.022643888,0.910758,0.24001013,0.240347,1.1984782,1.0993385,2.2607024,0.8265664,0.86237895,0.110013135,0.69450617,0.10472409,0.15348198,1.2733761,2.841892,0.36573276,0.20638348,0.56246996,0.023016963,0.11692438,1.2864437,0.06316225,0.30906904,0.28648904,0.7025185,0.51917034,1.5788302,1.3131745,0.80673766,0.14564066,1.3465312,0.05167597,0.24540254,1.5471225,0.5116351,1.7481265,1.4002732,0.27700022,0.113132045,0.0,0.37984762,0.4985155,0.052456368,0.20305437,0.3293367,0.21771894,0.97694916,0.014607748,1.1068987,0.17153305,0.16231711,1.0455531,0.12488165,0.3757473,2.7609274,0.26118487,0.16945356,0.09768696,0.19151524,1.299354,0.75935936,0.19703892,0.7980813,3.4059982,0.62600666,0.95030415,1.1161466,2.4569647,0.106504805,1.7347926,2.078653,0.5494079,0.48958072,0.03740394,0.0056837685,0.17236115,0.14570263,0.4658449,0.9759118,0.4613483,1.6133908,0.60868835,0.55787027,0.11844317,0.051494695,0.6352324,1.5269953,0.06948754,1.5308026,2.0273259,1.8131393,0.41958886,0.268154,0.37420896,0.31599635,0.5652618,0.57721496,0.04197601,1.7568514,0.96332157,1.1805546,0.8828579,0.00032784205,1.3556942,1.9771415,0.6303164,2.6302285,0.3609524,0.009141615,1.264888,0.16796802,0.033683877,0.8103006,0.8505037,2.3988547,1.9574529,0.04236199,0.35261413,0.9238676,0.46060455,0.7300947,1.2611048,0.301423,2.1417627,0.5431483,1.2354891,0.8383831,1.5558228,0.48473084,3.5620594,0.7782759,1.6488688,3.6198223,1.2688029,2.0892596,0.083130755,0.56540143,0.34065336,0.9609515,0.30337602,1.9754448,0.28129792,0.8254927,1.6402832,1.791031,0.18262458,0.20681718,1.0317421,0.12626202,0.047673244,1.0969318,0.8698299,0.042124804,0.60789174,0.080989815,0.031698573,1.741349,0.06439716,0.005867799,1.1353334,0.38969043,0.37644404,0.29483888,0.049112212,0.5606479,1.7117431,0.13189967,0.044990357,0.6517082,0.62201023,0.13541724,0.913352,1.9302126,2.1117737,3.0117712,0.004125114,2.0204713,0.38121954,0.016839242,0.035341844,0.90762204,1.2347345,0.36263478,0.23252355,0.068949215,4.452148,2.7559378,0.6571862,1.578611,2.0693738,1.4688183,1.0087913,1.273391,0.32737195,0.18395391,0.66815746,0.17413364,0.90503603,0.5315124,3.2726302,1.7051595,0.58830446,3.291867,0.22561368,0.19150488,0.46865416,0.007875985,0.20703718,0.12823847,0.29620093,0.6299848,0.95908517,0.3153526,0.9308336,0.5704801,0.8978453,0.031332806,0.25907984,1.0812471,2.826357,0.09569641,0.06202568,0.5146686,1.3821137,1.2834342,0.9575287,0.336671,1.2781066,0.064338885,3.5437877,0.19052747,0.95807815,0.07399698,0.9405997,0.91791064,0.30923808,0.05344496,2.6850142,0.644286,0.31911105,0.77412117,1.7863103,2.428395,0.27675885,0.24581514,0.8875309,0.84135777,3.9156933,1.7867026,0.88874906,1.3087951,0.61666334,0.013058692,1.4294266,0.5697633,0.2261583,0.37902123,0.071671255,0.2527978,0.117783055,0.7626483,1.0874392,0.55402964,0.42545068,0.6041291,1.4426042,0.25899446,0.21131678,1.3788085,0.3201137,1.3851568,1.0652597,0.24687748,1.767238,1.2820269,0.19908671,0.26035818,0.30917725,0.082705386,0.17910166,0.062441673,0.25845957,0.18934499,3.3890736,0.64921594,1.5653154,0.100434184,0.34507814,0.27498704,0.004151064,0.19329245,0.008668233,1.1758875,0.77477455,0.037724398,0.21972577,0.09505822,0.055962715,0.4069459,0.54299253,0.105985306,0.85557866,1.1233171,0.58729494,0.440356,1.205425,0.0051351856,0.41939637,0.36607435,1.8565172,0.10025677,1.3629823,0.89765835,0.19864276,all_pothole_images\pothole_images_new_image_252.jpg
0.9211067,2.1531427,1.6305445,2.7749553,0.79804295,0.60602176,0.39982325,0.38524982,0.28934193,1.6196917,1.0321714,0.0017700081,0.5812765,3.693155,0.5939205,0.54751766,0.14879997,0.2881833,0.51165986,0.16472267,1.3832519,1.1936691,0.708014,2.0346637,0.6019859,0.3724658,0.05479943,2.86033,0.49714592,1.4664164,0.73451966,0.30501002,0.5552926,0.76763916,0.9178351,1.2362057,0.763948,1.3945378,0.37662575,0.1782331,0.66705227,0.6116274,0.83688086,0.389937,0.9611988,0.46357375,0.45684928,0.050573874,1.481119,0.19885929,0.7007029,0.3762621,0.7646068,0.04252025,0.6004255,1.6104985,2.7840483,0.052952416,0.26834348,0.4281048,0.4575216,0.16172346,1.8872325,1.0118027,1.3212732,0.490158,0.024060324,0.043335896,0.17422247,0.9540597,1.985841,1.0790257,0.445346,0.5984295,0.6615071,1.369503,0.23083773,0.3073974,1.0026418,0.768956,0.31076407,0.595517,0.58955544,2.6333058,0.3428035,1.2680811,0.95071816,0.31988588,2.4755495,0.31554577,0.21561146,0.5230695,0.37418208,1.8326403,0.60579973,0.4519264,0.015152137,0.16298041,2.100946,1.3327929,0.4263109,2.839862,0.6770267,0.47971654,1.6049379,0.0,0.39520773,1.0654399,0.79928815,0.34547922,0.22583377,0.59768116,1.9390622,0.37399557,0.91972023,1.0806271,1.5631124,0.23918545,1.355975,1.2140676,1.5571953,0.80539125,1.8321567,0.96758336,0.39921957,1.3255942,0.7547741,0.5010572,0.9342055,3.175368,1.129469,0.10428706,0.5272893,2.4079924,3.3057058,1.3259358,0.7547173,2.569269,2.3847203,0.40238553,0.44680342,0.49198896,0.9789221,1.9377843,0.94408756,1.2279375,0.0044617574,0.06180146,1.5421382,0.8462893,1.0302795,1.0966479,1.3495717,1.2106825,2.6438653,0.6065877,0.7809766,0.8954598,0.24380302,0.7247214,1.0294595,0.970854,0.46096498,2.476038,1.3194993,0.28637028,1.3250804,1.6848456,4.395269,1.568099,0.6938218,0.030611364,0.3787164,1.0036628,0.9265075,0.5942062,2.8192487,1.1027374,0.52203774,0.93372613,0.2690271,2.1978538,3.0424168,0.47822437,2.080975,0.73470974,0.39121756,0.91735387,0.16778323,0.719365,0.42792198,0.94489986,0.17891778,1.4672498,0.5556,0.4724106,0.3942534,0.44762895,0.444043,1.69413,1.6389035,2.3102884,1.0658661,1.7381693,1.846139,0.65221065,0.19107468,0.42253256,1.6990179,0.34706953,0.23584823,1.0437052,2.6614609,1.4526428,1.0845661,1.699675,0.83745813,0.40688723,1.1917388,0.8687301,1.8703756,0.30413666,0.88324493,0.27426594,0.03591426,0.21323912,1.7865908,0.4890043,0.78554034,0.23319814,0.15180117,1.8471824,0.30435666,0.70376897,1.0912952,0.6711563,1.1664141,0.22841594,0.49038142,1.9484009,1.2850296,0.56622046,0.56423974,0.4425193,0.8488702,0.17613241,1.2182126,0.22089459,0.5387745,3.486368,2.2852805,0.41134718,0.1275162,0.89995867,0.38825482,0.4202693,1.5654291,0.82424164,1.0005249,3.8845637,0.6956439,2.336032,1.2722977,0.2701068,0.4947202,0.26351216,0.10903413,0.28566867,1.8971142,1.221919,0.019423207,0.24780004,1.5594015,0.005994106,0.17120305,0.7706371,0.23228842,0.5494541,1.552353,1.2310958,1.6754483,0.19290803,0.23379046,3.7941663,2.8804905,1.7100266,0.76899135,1.2384105,1.470807,0.7400965,0.37489706,0.588642,0.0,1.8412493,1.6237531,0.09518298,0.4220876,0.9840065,0.8364732,1.0707746,0.09027714,1.1474185,0.24773915,0.9014197,5.697392,1.3208095,0.12477395,0.9691302,0.32190344,0.7318342,0.049791846,0.77053463,4.7233458,1.6036205,0.38699436,1.0821803,0.4879409,1.1864362,1.8697766,0.2512671,0.57114905,0.19994321,0.19731155,1.0146823,0.51211774,1.5806041,1.4161382,1.4050233,0.42493704,0.68323386,3.1061466,0.4361773,0.01671774,0.5060874,0.5606319,0.5120721,1.5987511,0.9617361,1.5846604,0.56845474,3.2227015,1.5564382,2.0055287,0.4381686,0.82625985,0.055865277,1.9677532,0.26361388,0.21585862,1.2414403,0.75917155,0.069454215,0.038471304,1.918912,1.1232129,0.060350608,0.12553893,2.0338652,0.9270882,0.8281365,0.035508603,0.3013029,1.6000208,1.137762,0.14858556,0.1706487,2.0093002,1.5321609,0.13817503,1.2886187,1.2062953,0.85965663,0.3476785,0.5931579,0.8367102,1.3707017,0.067669265,0.26440492,0.15772803,0.57733285,0.24138482,0.8841937,0.3814083,1.0219281,4.990111,2.111366,3.9840395,5.131197,0.26734126,2.120173,0.915091,0.8690362,0.055165995,1.1386861,0.308711,2.9937737,0.67164487,2.0552065,0.3529257,0.08690203,1.6532772,0.54950154,0.22912668,0.6876832,0.20415579,0.14538752,0.9456717,0.6985728,1.1687008,1.1582527,0.83102924,0.06191412,0.31143188,0.9510083,0.18076815,0.31122518,0.75545096,1.8737469,0.6432153,0.67910314,1.874285,0.49624458,1.9216149,1.1044263,2.5362647,1.103073,0.8940603,2.1430023,3.068921,1.4345351,0.88182133,0.75977767,0.35561174,0.33557194,0.77913773,2.868955,1.1673281,1.8767326,0.32258764,0.9606283,2.1211672,1.5046084,0.40566176,0.204918,0.14196189,1.0808371,1.2420002,0.8038275,0.38573018,0.47449073,1.2779752,0.71868414,0.8431759,0.567214,2.3254137,0.5586888,1.5981579,2.5860703,1.4621096,1.0650473,1.075961,0.28670833,1.7118777,0.8948322,1.3764796,0.38932654,0.2272596,0.059817333,0.81500804,2.4221375,0.9143387,0.4392249,0.6979124,0.5200126,0.7747409,0.74169475,1.05536,0.7559291,1.3842801,0.281085,0.4281769,2.8851666,1.3482722,0.23527005,0.09625531,1.0568521,0.5057418,0.6149685,1.172971,0.39700902,0.17519118,0.93915915,0.26215747,0.14741683,0.44762665,0.6810227,0.046231084,0.17771843,0.5490071,0.51429874,0.96451294,3.6677327,0.48280412,0.9485014,0.3044939,0.05453792,0.7350242,0.8873649,0.4236042,0.9232216,0.3980077,0.5508205,all_pothole_images\pothole_images_new_image_253.jpg
0.4400191,0.9702824,0.49677306,2.7734234,1.2289385,1.0114062,1.2179935,0.58984166,0.1447461,0.8068459,0.037110113,0.96909416,0.0210437,0.83696425,0.046250604,0.98285013,0.27541745,0.09573088,1.7144791,0.9305804,0.58403325,4.3208475,0.8062664,1.1209687,0.79892105,0.059806045,0.0018148721,0.5840427,0.22527193,1.204516,0.79353005,0.0,1.6038239,0.92098975,0.52310365,2.0165508,0.42322305,0.67341876,0.52603203,1.6256573,0.0076992693,0.35634938,0.034394495,0.38529932,0.19241263,0.6649602,0.40247375,0.0,1.1157595,1.8424293,0.91576743,0.40768456,0.49616298,1.1195095,0.25523496,1.6079936,0.907208,0.10276544,0.9241806,0.37242538,0.06395877,0.8343031,0.72914386,0.14087835,0.43171316,2.397535,1.5207713,0.03353926,1.9832085,0.44219744,0.5084865,0.66126996,0.0,0.11253021,0.42159602,0.72456247,0.086535044,1.0226685,0.12558965,0.080995,0.0014220655,0.24703182,0.37598535,1.4160829,1.3789307,0.17024063,0.38665062,0.094736844,2.4569788,0.54143447,0.07912238,0.93605894,0.0,0.4659897,0.124842994,0.1024963,2.074975,1.0451964,0.6329503,0.26324514,0.7104156,1.6301813,1.1890221,0.053912442,0.7127642,0.1733747,0.16461608,1.0686678,0.052093156,0.59062433,0.34409013,4.393632,0.6452887,0.31593168,0.6813137,0.21889047,2.4045393,0.43042338,1.9185519,1.5652186,2.1141765,0.83969665,0.16220756,2.1008258,0.9303343,1.1744545,0.8651372,1.1093141,0.73289984,0.22104524,0.94941074,0.20419458,0.6350429,1.2651585,0.08497423,1.7209363,0.005952003,0.65444195,0.4879147,0.35156262,0.53631693,2.1995797,0.09857341,0.5720559,0.5271874,0.96763515,0.16699298,0.22593467,0.754979,0.7129163,0.0566298,0.23246019,0.38853037,0.007097915,1.4824477,0.18428357,0.40616113,0.7229425,1.2886004,0.2763273,0.26352838,0.2662582,0.07786493,3.4620209,1.583762,1.0170411,1.2669902,0.0,1.8834379,0.37333018,0.62388486,0.0041073267,0.03603788,0.41595262,1.8656088,0.031806793,0.1361572,0.1386747,0.41414323,0.21691847,0.11185418,1.596002,1.7014985,1.2525498,2.2586896,0.33130506,1.0235068,0.06317484,1.0828614,1.4881741,1.1772685,1.7895834,0.0,2.896442,0.427225,0.4223309,0.34273922,0.98899007,0.5393004,0.73570263,0.6127793,1.0039705,1.6678187,1.4612292,2.1082344,0.25632563,0.3515938,0.09692338,1.3403864,0.61461586,0.108622216,0.15747982,1.5819174,2.2897546,1.7462738,1.7140408,0.03968728,0.1261415,0.8914142,0.32120422,0.5573233,1.9324235,0.9436794,1.5181402,0.010140254,0.081099,0.4996252,0.09888798,1.0853606,0.015645996,0.46176955,0.19448681,1.3051256,0.48849806,0.84031665,0.058684252,0.37506095,0.21846934,0.17827925,0.30211094,1.462892,0.5933016,0.052222945,0.03926517,0.07720356,0.2864184,0.9600502,0.20057724,1.1361167,3.5455623,3.4607933,0.1525353,0.9036192,0.4461188,0.20355834,1.0820957,1.2301283,0.013174706,0.42371756,2.5309951,0.40406036,0.23761924,1.384139,0.8128518,0.54780906,0.38771862,0.18460928,0.018898122,0.5884146,0.56819046,0.1071122,0.0,0.06689853,0.77210414,0.12612712,0.9491138,0.78130394,0.8826046,0.29833916,0.4883421,0.2591066,0.7810348,0.046835445,0.50888836,1.5449872,0.16426018,1.6226766,1.654086,0.85881615,0.55619264,0.6393993,0.08421874,1.1252381,0.47225767,0.22149196,0.04812174,0.32538006,2.9505186,0.46727416,0.52189183,0.0,0.38247132,0.30713105,0.66647047,3.2784252,0.57489353,0.3011958,1.6566224,0.39577496,0.4965588,1.5244706,0.44815663,3.7318666,1.7947093,0.11608811,0.27621445,0.028193777,0.30271652,2.0442283,0.13161112,0.7145907,1.2003529,0.017725708,0.23366025,0.6758158,2.1618433,0.16698202,0.356768,1.3020332,0.19693446,3.1384046,0.2438103,1.4257878,0.13035646,0.14739677,0.19203259,0.6965416,0.474702,0.28933442,0.95753723,1.3117529,0.76728773,0.8895668,0.0,0.6679162,0.60951984,0.8110335,0.0029052207,0.03142867,2.2876902,0.32201275,0.18820669,0.64120597,0.31525645,0.1804374,0.00425373,0.6069697,1.4598632,1.5931169,1.1840969,0.41679016,0.5395335,1.1180041,0.61722153,0.07915645,0.32597092,1.9969314,0.039846305,0.31787422,0.44519886,1.5866183,0.66111434,1.5120186,0.3007475,0.5202269,1.5032091,0.0,1.6192306,0.013449299,1.2127038,0.52746147,0.013151873,0.33103886,0.58682567,5.258472,0.7657865,2.177867,0.12279578,1.9811592,2.5306537,0.7569571,2.1800587,0.0,2.0197396,0.0,0.095292,0.76126456,0.69005364,0.3493548,0.05562753,4.409937,0.26583314,0.21779425,0.49457207,0.3563381,0.2542143,0.800571,0.11352708,0.121173084,0.48021525,0.2806974,0.05891281,0.22747357,1.2963502,0.05886367,0.037223198,2.5446274,0.47375453,1.1751113,0.82935995,1.7884603,2.113901,2.5080688,2.1656146,1.4855317,0.4554135,0.112046435,2.0832002,0.65754956,1.0297949,0.23284009,1.5626359,0.5071858,0.50953984,0.76132506,3.0309105,0.92794126,0.23459925,2.0077279,1.6325123,0.4105505,0.32932776,0.39576682,0.4398968,0.5467319,0.110677846,2.513666,0.0,0.13800925,0.32306054,0.43351668,0.63078403,1.176137,1.1563389,1.1512425,2.4470508,1.1570727,0.16849537,0.6406149,1.9429922,1.0614765,1.493397,0.4587101,0.3307275,0.6942241,1.5370922,0.09130717,0.10425102,0.35671258,1.573378,0.79810816,1.3466496,0.14601184,0.6218714,0.6171458,0.32836166,1.1160054,1.5983578,0.03356189,0.5927901,1.0028824,3.440802,1.8922025,1.019715,0.0,1.2204752,2.0266001,0.22794585,0.4105759,0.084642135,1.0624368,2.3949103,0.34407273,0.06903363,0.21922532,0.081330724,1.6248118,0.2506227,0.06811667,0.41327387,0.82243735,5.4165373,1.2432932,0.26409963,0.3998881,0.64657325,0.0,0.68309766,1.4309195,1.0919471,0.3644125,0.07732283,all_pothole_images\pothole_images_new_image_254.jpg
0.23104432,0.061899174,0.7438848,1.437736,0.17564614,0.19490156,1.2315841,0.04433076,0.04294486,1.3659055,0.13331285,0.3110534,0.067458145,0.3211286,0.039025646,0.5201608,0.37741637,1.3609545,0.14239867,0.106439196,0.45936957,0.8879916,0.93386793,1.8502046,0.9163188,0.38705978,0.004527668,1.4864708,0.296873,0.010269098,0.06287413,0.025438828,0.50819755,0.780192,0.0999289,1.0908892,0.27084658,0.15938015,0.11792838,0.09623068,0.109780975,0.93856025,0.08302525,0.0052972934,0.710952,0.09340099,0.094643794,0.094750464,0.73012173,0.8119228,0.10234611,0.015609758,0.04295354,0.15831314,0.8164842,0.8132478,1.8309369,0.59602773,0.20262158,0.54626745,0.06426407,0.38154927,0.3189982,0.5428723,0.55133986,0.59835356,0.27320927,0.06877994,0.018955834,0.5021305,0.30845165,0.13995434,0.6092895,0.18449771,0.23675442,0.14373954,0.0071754237,0.22705734,0.0,0.03149061,0.012697548,0.2362396,0.0088227205,1.894506,0.19362481,0.0670059,0.06703865,0.09300944,0.76771885,0.82801855,0.056748606,1.1854024,0.040699042,0.26362497,1.0967652,0.009915341,1.0955223,0.6411482,0.008466704,0.0,0.0984484,3.4791315,0.4083297,0.09017548,1.9863561,0.52879643,0.28523815,0.47558686,0.23866883,0.59286433,0.04119104,0.9383607,0.3502374,1.1614275,0.17018676,0.52350426,0.261874,0.4807319,2.9010732,0.89718026,1.6126597,0.5887925,0.0071819765,1.1185375,0.3074954,0.18164222,0.20097555,0.29902312,0.12163383,0.09610298,0.1562452,0.05940962,0.1410292,0.19954646,0.016384669,0.5377908,0.095447905,0.009175443,0.02736285,0.1237613,0.26433608,0.15274155,0.23906817,0.40398452,0.15024507,0.3018125,0.0043292176,1.3122253,0.0017377,0.034311116,0.12550524,0.26726508,0.051554684,0.043385267,1.1688055,0.6341497,0.81904626,0.74084926,1.293648,0.48106048,2.112311,1.0081776,0.097671695,0.5494172,0.50744396,0.31482926,0.9013038,0.025401061,1.760685,1.023923,0.2065744,0.0070184795,0.022340793,0.0142178675,0.3551269,0.15461972,0.19222748,0.0034888242,0.007491526,0.0666393,0.018048739,0.60188115,0.4375379,1.0467268,1.466316,0.46433833,0.09119617,0.11412132,0.29961255,1.4741939,0.22112948,0.001050291,0.45225158,1.7014194,0.060007494,0.037851855,0.47859475,0.8106349,0.7382714,0.19498742,0.21615534,0.0943596,0.5119223,0.013356296,0.2576229,0.48099077,0.08143989,0.0053880382,2.072826,1.5413567,0.0,0.08469937,0.67414457,0.2752875,0.2599566,0.36950257,0.627112,0.02723923,0.47746333,0.2192734,0.28519273,0.4191335,0.40860677,0.17774439,0.0,0.024907425,1.3889214,0.005117663,1.6826693,0.22462688,0.65889585,0.0,0.84110105,0.37855458,0.5400356,0.13698806,0.14445789,0.08618401,0.017765818,0.58420205,0.533097,0.010561693,0.1584485,0.12674412,0.028303014,0.005980961,0.52816856,0.7093509,0.014363691,4.526538,3.5904577,0.13069032,0.12308623,0.16424783,0.020840641,0.3181331,0.1404685,0.5279823,0.29162195,3.4298842,0.22797565,0.11927967,0.9169637,0.65989274,0.17499773,0.050939865,0.19756383,0.14255637,0.96563953,0.32707748,0.70396435,0.09823805,0.039891053,0.25918794,0.47110912,0.4797237,0.2150599,0.1765169,0.40822965,0.22078486,0.3761456,0.89919436,0.035624485,1.0125229,0.059456293,0.010035564,0.0999694,0.054772027,0.26613563,0.28097743,0.3382167,0.15720654,0.0020510752,2.6314976,0.19478813,0.5325232,0.64662063,0.6798678,0.12839755,1.2707084,0.13459253,0.39224842,0.09264478,0.13524714,0.9007084,0.016373308,0.25816688,0.04927891,0.047370672,0.18666983,0.24650063,0.75467354,1.5819938,1.8720415,0.29211062,0.022031175,0.01617864,0.9890274,4.661521,0.36368343,1.839773,0.027964493,0.17760113,0.16852075,0.024881188,0.92584467,0.23217864,0.2934829,0.37322417,0.053182896,0.3227187,0.12727566,0.043733276,0.03303484,0.22723867,0.014344339,2.117511,0.0067893504,0.0,0.23065181,0.5794457,0.05465166,2.9953556,0.90659875,0.77362245,0.0,0.29230917,0.11341948,0.061610453,0.031494793,0.0,0.37061298,0.0,0.68783396,0.32789218,0.3395821,0.21041813,0.53278303,0.8175077,0.61358196,0.45425266,0.10053578,0.29820505,0.0017793395,0.003298747,0.2893709,0.7396813,0.09609674,0.43600878,0.38639894,0.20436968,0.058252864,0.41493115,0.0,0.46630803,1.3413802,0.552557,0.5415257,0.10743873,0.3260742,0.67478204,0.0,0.37515238,0.15904906,2.6102524,0.004768726,1.5879915,0.5943182,0.213373,0.9397568,0.2570561,0.97507226,0.00051429647,0.6332521,0.0,0.269263,0.52550435,0.24432126,0.56325275,0.10776335,0.004306211,1.3282224,0.3879722,0.0,0.22972079,0.09335072,0.06307559,0.33168924,0.13211696,0.051279306,0.021189725,0.31298092,0.085673444,0.19493498,0.1351433,0.10445905,1.7380062,0.21588887,1.3059886,0.5998629,0.22337964,0.5708533,0.15825059,1.2664028,2.8904035,0.2105699,0.47741154,0.100030676,0.06488532,0.77174985,0.2734112,1.1582435,0.0,0.91926914,0.28997114,1.3256657,1.0530367,1.0623075,0.28295845,0.16388075,0.8804268,0.17860273,0.13725747,0.19595262,0.19414546,0.031488184,0.45761824,0.1553354,0.0,0.4408872,1.7225838,0.46420053,0.73226446,0.026969878,1.0191318,0.79992634,0.67114615,0.03394032,0.3839415,1.3397783,0.46794564,0.21238531,0.64833856,0.027623702,0.92210186,0.14113654,0.041679353,0.0,0.2324612,0.4367684,0.26420653,0.6328314,0.0,0.55472994,0.940048,0.0,0.26872584,0.39018756,0.60073316,0.034350593,0.79032475,0.20425141,1.130864,0.82092243,0.058376096,0.7321332,0.90115124,0.00072212424,0.17971289,0.00995074,0.31835064,1.045965,0.0,0.0,0.06828961,0.23197392,0.44935152,0.16142768,0.0074337013,0.27862814,0.12821697,4.21304,0.013630778,0.0,0.036757417,1.514738,0.0026122534,0.47057638,0.50300026,0.9665818,0.32401478,0.08691357,all_pothole_images\pothole_images_new_image_255.jpg
0.11950774,0.93051416,2.7551324,1.9633679,0.87427443,0.5909549,0.9055841,4.842204,1.5898079,1.1510129,1.0565144,1.1588043,0.07066588,0.16723882,0.7321708,1.3063866,1.5842524,0.5585335,0.9972596,0.026663529,0.56110674,0.13036807,0.005155107,0.20703234,0.5759166,0.9930158,0.40974954,0.6131332,0.47755313,0.9316734,0.98846596,0.012365867,0.34316984,0.8798152,1.8667483,1.2444745,1.3369801,0.10882467,0.6602196,3.057964,0.38705146,0.2160561,1.0343999,2.239483,1.3337139,1.5779316,1.1121632,0.56064236,0.7142236,0.47035688,0.3107854,1.2182451,0.00038029393,0.21500696,0.0713028,1.8612671,0.38393497,0.92439044,2.5158014,0.0,0.13507709,0.29721364,0.18237409,1.1286222,1.5080467,2.0804691,1.168845,0.67066324,2.7501538,0.05164388,0.07442757,1.268766,0.0,0.019724233,0.15712506,0.47472128,0.29271033,1.7418225,0.059587408,0.50481653,0.7770209,1.4548081,0.98663026,0.03625293,0.8202591,2.395626,0.068163864,0.29312375,0.33786485,1.8303555,0.5775893,0.8766098,0.8112997,0.5400695,0.82312524,0.48666692,0.23445542,1.8702707,0.22864524,0.6369229,0.24032022,0.044228744,0.098682985,3.0120752,1.9960688,0.1783401,0.0,1.0816212,2.7051656,0.1340292,0.7739958,0.33407518,0.8502233,0.12553611,0.04356098,0.2248812,1.3562561,1.2482953,0.017936261,0.19060346,0.66931325,0.35038745,0.5976197,0.13210331,0.1835195,0.052258253,1.2666607,0.95709556,5.794835,0.06433231,0.9175458,0.41584903,0.79604375,0.5280665,1.788695,0.4291611,0.75871056,3.2298396,0.57439,1.0162143,1.3787704,1.350886,0.82743025,0.30663133,0.48635077,0.65923345,0.8003704,0.005276227,0.48828024,1.3087127,2.487648,0.10570998,1.0483744,0.7107845,2.2050507,0.4617668,0.098337375,0.028210243,0.72944033,0.8043725,0.55676204,0.39682546,1.138132,0.2042576,0.40701503,0.023890829,0.7878512,0.13288163,0.18714447,1.1706408,0.8630985,0.027469454,0.23512812,0.8687185,3.7482271,3.9297366,0.013259395,0.07494492,0.8530491,1.1101481,0.47653866,0.15164657,4.550031,2.2666118,0.36734736,1.9107577,0.91775155,0.6936198,1.4045945,1.3321307,0.027964124,0.7737313,0.4851377,2.7761722,0.74463964,0.5739049,0.6842955,1.8875053,0.3785865,1.597873,0.89373714,0.17622563,0.8779437,0.28595194,0.75992644,0.038962234,1.3896438,0.121078685,4.1187525,0.50975895,0.32831585,0.008650867,0.5975277,0.2976468,0.47488746,0.45917916,0.9191614,0.8957546,1.5614905,0.098198384,0.7321714,1.2862068,0.07035108,1.3383876,0.31385627,0.20610435,1.0192814,0.16536248,0.0007828243,0.06297817,1.7179621,1.7913363,0.14874466,1.8977405,0.076849945,1.4164337,1.5765334,2.3068085,0.5840764,1.313933,0.30002686,0.10877622,0.016916659,1.4025782,0.9098893,1.7757654,0.8695666,0.22587852,1.7915851,0.66516036,0.08013296,0.20945862,1.783043,0.3656587,1.9191439,1.6907015,1.0670341,0.6516232,0.9946528,0.17425093,0.45205662,0.08725933,1.2400872,0.45474795,0.2979229,0.030603642,0.6253863,0.39772546,0.23934685,0.43770257,1.8318315,0.16214313,2.3263958,0.5436734,0.42103258,0.0,0.5754689,0.4710073,0.22467025,0.22368622,1.6311294,0.30027398,0.3932872,2.1165795,0.022672135,1.1166131,0.0925241,0.6599396,0.46471652,0.7663563,1.457347,2.1172783,0.10754828,1.8446263,1.4598757,0.35438186,0.812236,1.8946518,1.118341,2.7878823,0.014815416,0.40187228,0.25333783,0.17484868,0.51719695,0.83597934,0.022532066,0.38354236,0.66082793,0.103838325,0.036518972,0.07324902,1.8812742,0.8433445,0.3807344,0.95285726,1.5482327,0.4478203,0.08075163,0.8171248,1.4236852,1.1645002,0.027448356,0.10448732,0.034853045,1.7052782,0.7036045,0.3748857,3.2076461,0.057475194,1.9083635,0.6074066,1.4085649,0.14430183,1.4078463,1.3973273,0.5230729,0.015913306,0.20917216,1.4242392,2.9415853,0.41410267,0.27697575,1.3438971,5.821318,0.51460963,0.6694885,1.3360184,0.009023237,0.27714807,0.44086906,0.22999696,1.8449028,3.2006116,0.07622348,0.5001691,1.830275,1.9647515,0.010321447,0.8983589,1.4767835,1.028856,1.4647733,1.4031862,3.3514872,0.7334282,4.712781,0.0026448374,0.51641446,0.8395073,0.62119204,1.2496852,0.5262236,0.089187585,3.287887,0.01622468,0.32894623,0.41166347,0.4646055,1.2649617,0.23650372,2.7422628,3.745162,1.5162503,0.7196035,1.3409741,0.58450353,0.68161833,0.3430733,2.095019,1.0209794,0.8927145,1.0265642,1.7069744,1.3400605,0.693845,2.851571,0.7687065,0.0970598,0.19680254,1.1741188,0.0,0.05677656,0.8034806,0.20369174,0.653773,2.5328586,0.29121554,0.34203467,0.61740214,0.26390663,1.4086136,2.0820372,0.61393917,0.5131224,1.071381,0.55711186,1.0332663,0.22530514,0.020072166,0.12094324,0.50738114,0.008528242,1.5310507,0.031067848,0.39160702,1.0998507,0.46141267,0.9772512,0.0049577975,0.7368898,0.12716773,0.25322315,1.5184276,0.012951392,0.6140269,0.49510092,0.09867729,2.300428,0.1805033,0.17986801,0.42342,0.67730886,0.5073587,3.458392,0.13535893,0.201856,0.2705038,1.5955912,0.902104,1.2162185,0.39407253,1.4828095,0.1426584,1.3012084,0.44613308,0.5758222,2.7136362,1.0986265,1.9569646,0.27268302,0.3760294,0.015290435,1.2489045,0.9937548,1.7351782,0.681876,0.15161186,1.1923788,0.13982229,0.8983623,0.9302883,0.3712002,0.25562343,1.0201919,0.3073909,0.18849614,1.0172039,0.43262297,1.0956162,2.0372598,0.838363,1.1407255,0.009102221,0.30198187,0.14514942,2.0824685,0.60149544,0.5428825,0.3271858,5.7881956,0.80285555,0.065537736,0.0,0.18947566,0.0,0.292365,0.97597593,1.0749582,2.2278273,0.0,1.7005544,0.94073534,0.09107892,0.23268127,1.8529841,0.38477087,0.29382822,0.25909913,4.0985065,0.80463177,1.8679535,all_pothole_images\pothole_images_new_image_256.jpg
0.7463231,1.1036048,0.8010392,2.4542665,0.09975705,2.5086465,0.5530084,0.69971496,0.09485402,0.0,0.1378699,0.80570763,0.46329486,0.76800567,1.4064827,0.527238,0.081353106,0.62996495,0.56822824,0.14241219,0.66335183,2.1519573,0.046433005,0.18828654,0.6890655,0.49671346,0.19692124,1.5920588,0.37696743,0.134806,0.97066045,0.91814107,0.54816103,0.26331478,0.07312567,2.5539534,0.36479738,1.2418535,0.94030124,1.1083931,0.7855475,0.19079983,1.1393844,1.6697581,0.4978927,0.07714544,0.4106023,0.26715577,1.6133931,1.1040579,0.36700675,0.52909774,0.33926,0.94416946,0.3491762,1.2832779,2.5700357,0.20607072,0.93845737,0.12823941,0.095814995,0.786838,0.6038569,0.22596988,0.42615452,4.501952,0.8152748,0.22336294,1.4909042,0.047186457,0.29735556,0.5058859,1.1221704,0.36177167,1.7899327,0.82527184,0.14615773,0.95248693,0.4895826,1.0044606,0.11927482,0.030350035,0.90679157,0.31723282,0.76130676,0.30443808,0.27951154,0.7433177,2.1151752,0.15669285,0.38260287,0.10322453,0.15454823,0.36273324,0.9385531,0.011883555,1.5607901,1.0810715,1.37789,0.511617,0.15732527,1.6124656,0.5757715,0.009671273,0.54301715,0.08113731,0.19392507,0.39787135,0.41306382,0.36647823,0.09164131,3.3314047,0.89639,0.7026292,1.0665699,0.4154944,1.8842751,0.25756705,3.1761305,1.4319056,1.5339025,1.0795578,1.3645046,0.0,0.5476944,0.8754888,0.28719068,1.3797294,1.4180105,0.34164023,0.27584866,0.08202122,0.24889617,0.09239292,0.12484945,0.40336052,0.28954342,1.3902125,0.7452088,0.16283946,0.80174536,0.4376534,0.00636522,0.52629644,0.4181816,1.8761634,0.0,0.12026156,0.19665162,0.83088744,0.68032527,0.80638325,0.08324531,0.015607455,1.1352966,1.2724154,0.9567748,0.4246244,2.3605304,0.10160828,1.304485,0.4383797,0.078401655,1.9285173,0.54797614,0.79735094,0.0,0.08271653,3.0675848,0.4642168,0.013498827,0.23313257,0.09633854,0.035740554,0.88872236,0.39302814,0.14966235,0.008695364,0.6154864,0.25618738,0.027895033,3.644013,2.7195692,0.97402984,1.9039742,0.46478274,0.19267051,1.4221853,0.845338,1.036264,1.2585522,0.37785694,0.030059697,2.5853875,0.2712811,0.10427173,0.35706547,0.9332063,1.229856,1.6064438,0.85337496,1.3097608,0.83702785,1.8028371,1.3793585,0.9514309,0.03745539,1.7974327,0.3346004,1.1231889,0.025365625,0.029205613,1.5087205,2.3603745,0.81782764,2.449117,0.48762706,0.3855051,0.94023746,0.3890199,0.6561178,1.6375318,1.1224332,1.1522204,0.20520508,0.5626867,3.9715135,0.1345827,0.031642582,0.1358687,0.38918266,0.5829348,0.16114575,0.16266744,0.50893784,0.11655392,1.6167511,0.010437315,0.7138558,0.27787822,0.9565649,0.6709989,0.29972994,0.06375028,0.24069019,0.024112256,1.6472608,0.10873474,0.12296799,3.8668306,3.944515,1.0234315,1.1702713,0.10456091,0.10369264,0.7706291,1.4446146,0.6428151,0.63345134,3.9331136,0.15630755,0.24543153,1.2937258,2.2080545,1.1155756,1.5994554,0.74179924,0.99622786,0.8823332,0.5672054,0.038584456,0.048067752,0.03313881,0.3247628,1.9107529,1.8136404,1.8216,1.2297684,0.67623085,0.8461383,0.014065581,0.113088034,0.098143935,0.33466837,0.22649087,0.2961946,0.64101803,0.27296436,0.9265532,0.29670772,1.2763156,0.26000085,0.32376432,0.5883192,0.44722018,0.31719747,0.17962448,1.8683203,0.8786325,0.27959388,0.19705406,0.38081345,0.48932546,2.0125446,5.3464727,0.86571705,0.2805634,2.076811,0.36502868,0.83191353,1.2046846,2.0992084,2.204838,0.5050819,0.2198557,1.2510855,0.015427425,1.1385677,1.3198339,0.6239837,0.1357569,0.0016078308,0.0051681497,0.12786326,1.2722166,0.5115636,0.76196444,0.04755917,0.47171587,0.8053992,1.88841,0.74353844,0.35148802,0.09575704,0.14056657,0.5838353,2.1110847,0.5193471,0.07392052,0.4434459,0.20509957,1.6881558,3.465032,0.3938577,2.5835302,1.4964397,0.6125528,0.0041776537,0.35202223,0.6082939,1.6219473,0.76954913,1.0515505,0.0276656,0.0846246,0.22614619,0.56200176,1.1710185,0.68049884,0.6343008,0.0,0.14525656,0.51734674,0.43175888,0.0042616855,0.33804715,1.8293799,0.2265411,0.5714106,0.061429128,2.126775,0.30775493,0.6165606,0.004396196,0.8061173,0.2707454,0.7337009,0.19796264,1.4382113,0.10629462,0.15293455,0.03344721,0.49337503,1.671245,4.4332514,2.5292861,0.9953529,0.004506097,0.986475,0.9290429,0.49139628,2.4256103,0.30169725,0.8600174,0.23119295,0.105030164,0.5580983,0.8172849,0.25774923,0.31480783,3.8447251,0.16755107,0.5640196,1.1398828,0.51471466,0.13299185,0.20773919,1.7352293,0.11032451,0.20565045,1.0921419,1.2738974,0.96993345,0.81465834,0.1060551,0.064966746,0.94919395,0.0585658,0.4015611,0.00908776,3.0441396,0.19041711,0.009418198,1.2952987,2.9649913,0.29388055,0.2336975,1.7907878,0.052107003,1.1024561,0.24909163,0.96338,0.33934823,1.0806462,0.36549318,4.3068185,1.5282649,1.3642395,0.2118024,1.5895182,0.6324661,1.1830149,0.35787776,0.7787133,1.1528865,0.025363225,0.25739986,0.25434455,0.18083034,0.25013217,0.28945383,1.353273,1.2818366,0.8381838,1.2797873,1.4427477,1.2533103,0.36948413,2.0123723,1.7569546,0.8602873,0.83587426,1.3293594,0.18458973,1.1490337,0.5338359,0.7092446,0.4439267,1.0171134,0.24503352,0.42509106,0.53727233,0.7440405,0.1514823,0.6375998,0.025560275,1.1318071,1.0440059,0.4597926,0.22674257,0.27739266,3.4410899,1.450067,0.36310974,0.0089476425,0.11430061,0.767226,0.24086119,2.1900492,0.054041315,0.32307154,1.090244,0.45812556,0.32841313,0.49217024,0.8779396,0.21499602,0.29744118,0.102373295,0.84052086,0.6564695,5.1870737,1.3871442,0.24091956,0.13527368,0.48881164,0.008339738,0.91132843,0.26973003,1.5629431,0.78934485,0.59538126,all_pothole_images\pothole_images_new_image_257.jpg
0.0120057985,0.52489984,0.55999887,1.0200001,0.6303225,0.35639197,1.2951009,1.0548713,0.9705572,0.47231796,0.35676688,0.16044074,1.4407136,1.7967448,0.119577385,0.41813162,1.6130341,0.0,1.0808477,0.6183272,0.10975131,0.5224257,0.67501026,2.0776403,1.6115853,0.978606,0.23961814,1.39692,0.08825189,0.7243918,0.10475343,0.21894164,1.0985118,0.079736695,1.0968398,0.10471949,1.2527003,0.17636885,1.3807843,0.2625157,0.2519582,0.51455617,0.8615948,0.16485722,1.6289777,0.42950884,0.1464496,0.016874067,1.3267423,0.16873342,2.5184736,1.123969,0.025768526,0.473101,0.32670453,0.10413612,1.7512931,0.025381684,0.1950919,1.1476793,0.440992,0.76507956,3.3734775,0.7142859,1.2180831,0.64838016,1.4683362,0.93546,1.0225133,0.023927128,2.0427446,0.86679626,0.119990885,0.16244398,0.75335616,1.1766573,0.09717033,1.0776695,0.73785144,1.0756565,0.09942473,1.9668427,0.4632383,3.0489063,0.16184743,0.27142853,1.0143638,0.41028777,2.0906389,0.7177941,0.11576292,1.2169515,0.3115816,5.0150075,0.023987416,1.7649486,0.38457566,0.4987121,2.710022,0.2462332,0.088728204,0.54006684,0.60848117,0.1864921,0.91098005,0.0696135,2.825777,0.010663494,1.1892672,0.18399884,2.395458,2.3463736,0.5022733,0.37014,3.9715545,0.7153309,0.6794498,0.22481309,0.5672949,1.5602133,1.9860982,1.6096461,1.446731,1.5567216,2.7463865,0.9508953,0.14462522,0.8688536,0.07690115,0.67526174,0.3922704,1.4223751,2.0971475,2.6457925,0.49038547,0.1955698,0.49257737,1.0399317,0.9384194,2.2000039,1.0224462,0.46018517,0.32821098,0.2659549,0.3769704,0.07951388,0.7759949,0.32350615,0.8985703,0.29912215,0.29063305,1.2546289,3.307562,0.0021507903,1.7221885,0.43398464,1.1603813,0.43875286,0.0106764175,0.008440872,0.5858158,0.11847099,0.18706298,4.558222,1.4309341,0.011271989,0.567622,1.3843309,0.13050774,0.38202706,0.2588638,0.10947925,1.0109781,0.4273672,0.49361628,0.3793381,0.1477817,1.3125532,0.012642493,0.86406225,3.2703958,1.3727734,0.67755765,0.52619505,2.5583284,1.376388,0.9556962,0.18728961,0.01619629,1.2766256,1.2463124,4.0348186,0.7086281,1.0130136,0.48072985,2.9542716,0.99961317,0.60153615,0.16049597,1.355664,2.9741902,1.2471085,0.24396344,0.22498512,1.0774579,0.6757828,0.14097475,0.065454856,1.830441,1.3323071,0.3391197,0.57356566,0.76566744,3.4829512,1.5301292,0.3491706,1.1866431,0.29535618,0.528133,0.04236434,1.553149,0.094458655,0.2802891,0.03737861,0.6892767,0.802929,1.2913396,0.17412469,2.4891825,0.22439979,2.5063345,2.0972583,1.2824793,0.9972102,0.4911269,0.95888084,0.5681883,0.060879678,0.085439414,0.32517144,0.76292354,0.5913966,0.023019854,0.6335085,0.13054717,0.0041077384,2.1115916,0.11539607,1.4297335,3.4206345,1.6211216,1.4950485,0.8861506,0.54997945,0.7783764,0.2183072,0.563814,0.23475447,0.23064244,2.4243453,0.7071024,0.76512283,0.39563018,0.22933899,0.01770959,0.37066066,0.41230157,1.2307956,1.2962497,0.017253822,0.8358695,0.8338911,2.4591734,1.0234408,0.06201878,0.020878918,0.16028629,0.85539424,0.07234993,0.10126923,0.19565514,3.1188498,0.896237,0.6593131,1.2575235,2.0068455,0.17409039,1.0544668,3.8857484,0.56978774,0.05760801,0.26733318,0.51879495,0.32867107,1.4443232,1.3208122,1.1008122,0.7827246,0.6387652,0.35524604,0.13874425,0.8570952,0.44879675,0.59093803,5.553307,0.93313605,0.17233425,0.0072293426,1.5601436,2.1740265,0.0,0.11970579,4.6180468,0.18606916,0.24414837,0.6490085,0.26607025,0.024406472,0.7559817,0.17214507,0.77884215,0.67094904,0.0,0.055678178,1.0562955,1.0083944,2.2033856,1.3024416,0.2354482,0.015403236,2.9777255,0.0,0.34805286,0.14870553,0.5295614,0.5748865,1.4655621,0.08126785,1.3701751,0.034914933,1.148385,3.2772515,0.5371613,0.15893568,0.7234391,0.024898946,1.3388968,0.11036518,0.7690276,0.8461645,0.9000364,0.22386074,1.8641752,1.2530673,0.69918984,0.033577308,0.44295675,0.9986094,0.024951883,0.09265483,0.7661108,0.74314505,0.01376625,0.3588683,0.08219687,0.11499205,1.3794405,1.1273028,1.1193768,2.941655,0.74618745,1.4450157,0.07361355,0.3176284,1.3292696,1.5680015,0.2464393,0.07883365,0.74159986,2.7717142,2.2239044,1.6388958,0.8271009,0.8546605,1.3769376,0.107014984,3.3011444,3.8204663,2.4859774,0.5163337,0.71510905,0.00027409475,0.1596058,0.8705295,0.0,2.7922623,2.0271337,3.6128092,0.4075634,0.023256065,1.126672,0.76924974,0.0012963321,1.6389543,0.7917225,0.06887949,1.4466655,0.59860206,0.097323515,1.7026435,0.075988494,0.20460963,0.07018889,0.19618468,0.14585596,0.35842553,0.41017616,0.36781597,0.18309958,0.055694237,0.0,0.69845307,2.1134183,1.2580278,1.1817597,0.48465633,0.50784695,1.0084321,0.124852724,0.9884375,2.0118392,1.7616552,0.78016585,1.0514854,0.6071636,2.4129186,1.2709907,0.26328868,0.23828837,3.6845624,0.13089183,0.14387003,0.9760702,0.12907355,0.6935601,0.8386143,1.3918164,0.93286604,0.7564909,0.51239693,0.58184445,1.2429425,1.5728288,0.019410623,1.042915,0.16993186,0.8781925,0.23326679,0.39504948,0.4046302,1.201918,0.7789329,0.19015639,0.23016594,1.8613312,0.13057658,0.9157045,0.0007779951,0.07275732,0.32857832,0.78711265,0.21940856,0.3093144,0.28177515,0.14305776,2.2292783,1.1254127,0.117037594,0.026904177,0.4384518,1.4085559,2.0804174,2.1338441,0.40279037,0.51068807,1.8157564,1.0697137,0.9397324,0.017035523,0.3279267,0.15679067,1.19797,0.67789024,0.07177237,0.1629292,0.04362232,0.47878107,0.15462336,1.0730989,0.5232682,0.68626,1.7182401,0.347638,0.2746207,0.8057617,0.114068165,0.14968964,2.2545638,1.1741155,0.15895517,2.8843393,0.16190541,all_pothole_images\pothole_images_new_image_258.jpg
2.46645,1.4668025,0.21738154,3.2300048,1.4578971,0.48192266,1.11148,1.2136352,1.1270856,1.1711582,0.29203978,2.1748261,0.6578179,2.0391715,0.72029567,1.6999087,0.71137345,0.80446875,0.7726154,1.3635945,0.59873515,0.95638275,0.709979,0.79253435,0.5311413,0.6389306,0.33669055,2.844619,1.3131028,0.14713117,0.22332783,0.3134623,0.48171338,0.66474277,1.0245839,0.2630267,0.436274,0.6643138,0.117499396,1.0139831,0.71913916,0.49378562,0.6501428,1.7909507,0.38362437,0.42801335,0.4439859,0.344943,0.5475178,0.5037966,0.69794536,1.5600467,0.18759088,0.044606578,0.079325445,1.6566932,1.8068279,0.40884122,1.958922,0.7162199,0.11202898,0.81872594,0.23639393,1.0133299,1.1492069,1.1312863,0.19300453,0.5942753,0.061460495,0.35831252,0.09433373,0.159577,0.60033923,0.99661493,1.14847,0.24547699,1.2391909,3.2091675,0.08321433,0.18093243,0.31869054,0.159835,0.6662362,0.9212744,0.48368818,1.8584259,0.6172325,0.09541347,1.940227,0.13681269,0.027979514,0.34182778,1.7527409e-05,0.5808329,1.6281579,0.31857646,0.3777665,0.7745023,0.16567466,0.69640684,0.13283011,0.4989341,0.37778363,2.0032885,0.66928774,0.013763712,0.045415513,1.6040223,0.3638125,0.20815188,0.2726702,2.4158843,1.2548392,0.031361543,0.32650098,0.22156915,0.10545028,0.6458927,0.4501689,1.6556078,0.6551772,0.2673248,0.013650858,0.7961047,0.71518916,0.48953566,1.312929,1.3633641,0.89620745,0.10155449,1.0220433,0.10922369,0.11050346,0.6622531,0.45558575,2.8395262,0.3684455,0.25584486,0.60410255,0.21729901,0.2543507,1.7939085,1.3255726,1.1558843,0.23619613,0.05528841,0.08196333,0.5848402,0.2637918,0.8498468,1.1022042,1.056444,0.56744444,0.89881194,1.1787893,0.5125431,0.05820294,0.13482009,0.9239088,1.2727655,1.2036813,1.3174537,0.43545204,1.8613842,1.4770769,1.63529,1.0216684,0.055919394,1.6941265,0.61820906,0.097373135,0.3839323,0.2511196,1.6910596,0.5820316,0.05243899,0.86318934,0.0027917733,0.38214827,0.3179756,0.059684865,1.3746487,0.87262475,0.96492803,1.1359441,0.410426,0.03931061,1.4505246,0.258074,2.1592166,0.51613754,0.1172439,0.0819659,1.2857958,0.46748817,0.17457724,0.7368604,2.0947464,0.4948092,1.7190086,0.75707805,1.2096163,0.23255393,0.17007789,0.018860133,0.7285234,1.2981778,0.077004775,0.63069826,2.0427077,0.041792538,0.25304553,0.96682113,2.0809166,1.217338,1.9844724,0.26622963,0.61354953,1.1065472,1.1757911,1.3795197,0.034557037,0.97456247,0.85757256,0.020968566,1.315949,2.7881699,0.38828766,1.1331195,0.39591357,1.0730934,0.22144465,0.8921837,0.020685865,1.352437,0.08496157,1.4274896,0.22818537,0.49615404,0.068294324,0.19027561,1.2130857,0.7671868,0.16541262,0.038715772,0.051288523,1.0110986,0.7482437,2.1731484,4.7579722,2.2205377,0.7174996,0.4529232,1.2440212,0.39281696,0.50988525,0.6197605,2.5865762,1.3668884,4.224924,1.3354707,0.32777187,0.70028263,0.035089657,1.073677,0.96546966,1.0283042,0.5658795,2.404487,0.20879227,1.1850504,0.16891418,0.022596855,0.0372911,0.50682193,0.81069064,0.38948244,1.1340047,0.97255087,0.39605573,0.9342357,1.3057766,1.3188975,0.6982385,0.54542303,2.1331758,1.7504463,0.024448497,2.0391922,1.356622,0.17469618,0.59009796,0.24177216,1.1199727,0.35212368,2.0492187,0.9038002,1.2611297,0.46876633,3.229699,0.028369222,0.97331876,0.02958792,0.79338,3.5644598,0.16414827,0.24332772,0.37872058,1.6479225,0.12341236,1.816824,1.9825392,2.8737848,0.6788389,1.7275406,1.3290428,0.16389109,0.97490555,3.4960637,0.2168269,0.8324261,0.35548544,0.05950917,0.28320697,0.5059278,1.3475822,0.2405318,0.49681002,1.0635849,3.4144948,2.464946,0.46759,0.25700974,0.39221707,0.08370084,0.11584136,2.4350739,2.3157794,0.8525826,0.6835643,0.38250285,0.80818826,2.1772974,1.8750148,0.6610341,0.41929695,0.37631735,1.3806143,0.15526685,0.627772,0.15103388,0.16494516,1.033403,0.578915,0.28296867,0.20865525,0.36315733,1.0619503,0.09179702,0.49271423,0.5477176,0.81464106,1.4772938,0.8986421,0.12656973,0.9424984,1.0072777,0.33215496,0.8076394,0.50793684,0.6037891,1.811875,0.7458838,0.5151325,0.4465907,0.4171655,0.5251079,0.35319144,0.9073682,0.6639771,0.7774584,0.81398576,0.5308227,0.28392786,1.751492,0.68083906,2.3207006,0.08212418,0.10933368,1.5548553,0.67906,1.0160807,0.19025993,0.30371776,0.029247994,0.031094495,1.7964423,0.19160095,0.47027463,0.21465027,0.37290153,0.46076578,0.42230237,0.85942346,0.49703285,0.036992256,0.9899494,0.35205725,0.9735268,0.69342524,0.62110245,0.87085813,0.03027224,1.2489078,0.46031663,0.44067046,1.246833,0.35503286,1.985866,0.2586073,1.1504575,1.5933224,0.72986835,1.3986473,2.578461,0.82238615,1.7729701,0.2733094,1.7741349,0.60605747,0.43676,1.6596102,0.7293717,0.88820225,0.39160421,1.9515337,0.8945346,0.8760692,0.19004975,1.4186307,0.337277,0.6560428,0.2355436,0.0,0.04197682,0.05133128,0.9035352,0.2157465,0.08851728,1.0616698,2.779872,0.10746454,2.0358493,1.3970205,2.1808848,0.656856,0.9316522,0.35012633,0.9851404,1.8664762,2.1383975,1.2087458,1.1860546,0.1082354,0.64562416,0.26395914,0.11423579,0.014843911,0.15968087,3.2261152,0.4118365,1.2984312,0.5930601,0.89467186,0.6348029,1.95336,0.37767148,1.7873653,1.7872996,0.31457105,2.5413048,1.0531219,1.6375515,2.4958398,0.061884996,1.3844037,1.3353647,0.4441873,1.9865559,0.37332457,0.48560807,0.9488799,1.8666003,0.20334177,0.71297383,0.4732182,0.27701324,0.5360763,0.3296621,0.45900944,1.8732275,4.7532334,2.406586,0.22109511,0.62684274,0.9502208,0.5415564,0.35545418,0.0,1.2111033,0.76506895,0.7392485,all_pothole_images\pothole_images_new_image_259.jpg
0.076029085,1.5580425,0.20047727,2.2419116,1.9722023,0.0047181156,1.6692398,0.47249222,0.3794537,1.2802048,0.0,0.11363649,0.0,0.7517309,0.048892386,0.24840917,0.12505947,0.6988809,0.679297,0.39297363,0.60836154,1.3775347,0.087577194,0.6741002,2.1166682,0.24287657,0.15564024,1.6765424,0.041292258,0.7861132,0.4033189,0.021559807,1.5063688,0.3890805,0.41097188,0.7599846,0.14058441,1.0195704,0.033353288,1.1385428,0.31244817,0.10531511,0.028513229,0.29778,1.5531186,0.011549847,0.7016997,0.0,0.8280607,0.9584143,0.2289923,0.38122088,0.4959287,0.09280745,0.2635895,0.7674609,3.5271673,0.4582325,0.20313565,0.96448594,0.29077268,0.03929212,0.82697624,0.097873405,0.25165513,4.681098,0.41273832,0.004036456,0.33844662,0.7628311,0.06048882,0.27411193,0.28925976,0.064649396,0.657988,0.3018964,0.10449537,0.82071453,0.0,0.23642983,0.0,0.74080485,0.10942885,1.3862673,0.68325174,0.111150146,0.08345713,0.33668986,2.7115135,0.2091183,0.004186787,1.0879786,0.034060437,0.01549267,0.5084949,0.040954083,0.54011226,0.30720752,0.38138312,0.3768098,0.21891636,4.6705484,1.8291012,0.0,1.5557466,0.0058130287,0.21955307,0.01858624,0.096439235,0.50099635,0.21783252,2.8390915,0.64891624,0.04816127,0.9082119,0.64569867,0.9149193,0.050223455,2.8625026,0.5747533,1.6553768,0.9153639,0.33668277,1.5914141,0.39307162,0.4344972,0.62345594,1.2232943,0.8365462,0.16412704,0.7876423,0.06965897,0.0,0.17482269,0.8327775,0.9962304,0.046270035,0.85139316,0.65361655,0.30276045,1.2630438,1.8579135,0.067457244,0.6234704,0.3526599,0.38510308,0.027853008,0.26295707,0.8311199,0.03146453,0.2583032,0.08269156,0.2293944,0.06680328,2.1555288,0.10906176,0.44054738,0.12658872,0.06067964,0.37422377,2.363171,1.1751691,0.297232,2.600995,0.51061124,0.2366549,1.4660624,0.7485617,1.9113388,0.952708,0.41346428,0.0,0.0027715927,0.3527097,0.56945527,0.041953444,0.51770693,0.21672954,0.111508854,0.064471655,0.041112453,1.5340348,2.7280827,1.3522847,2.8228378,1.0295943,0.6628541,0.14928871,0.48382193,1.603533,0.67458016,0.5830039,0.018536134,3.1998832,0.1669119,0.3675937,1.174925,1.4129446,0.039294466,0.8432821,0.12371925,0.04638954,0.23467767,1.1806496,0.154223,0.278132,0.32892126,0.22641076,1.0464278,0.73896414,0.0064375824,0.046729553,0.57903486,0.7107995,2.0868366,2.679162,0.20182121,0.90731287,1.4298829,0.46831948,0.12906668,0.57816774,0.05845713,0.7665288,0.0,0.09807145,1.5374839,0.052731007,1.1080899,0.04015584,0.032299783,0.0039031068,0.9673579,0.29973042,0.9542471,0.050892405,1.2308103,0.007346535,0.16367634,0.2858298,0.334883,0.24972168,0.72933185,0.23288812,0.0,0.011005185,1.5328335,0.51277703,0.0870445,5.382031,3.0719142,0.60292464,1.2843693,0.2613828,0.26205194,0.065117255,0.993818,0.07777858,0.69990027,2.4139638,0.1848844,0.21254756,0.828089,0.57974255,0.10415478,1.2580546,0.31724286,0.18050362,1.9003433,0.20774022,0.3039026,0.0038698467,0.043616474,0.16395552,0.7068498,0.5286354,0.21714042,0.7595528,0.22094573,0.57635015,0.4821641,0.40047243,0.046467528,0.38295177,0.38334522,0.99917835,0.55076873,0.5404348,1.2602243,0.17685166,0.02960604,0.23863032,0.309831,1.5885984,0.055902146,0.25146696,0.11500728,0.70548105,0.06408295,1.5240601,0.17041634,0.29587597,0.08667035,0.061569948,4.9143786,0.03834609,0.15762983,0.37827447,0.7020206,0.20447287,0.17083654,1.3980074,2.6601818,2.809472,0.40350124,1.2102615,0.016644271,0.34682253,3.5565689,0.091070205,0.33408368,0.18542717,0.0,0.4692939,2.2494307,0.9477875,0.3743707,0.0,0.1008228,0.07573569,3.8820176,0.12626354,0.6067785,0.029556045,0.048129294,0.08502039,1.5088158,0.004028914,0.6839565,0.6860385,0.16646282,1.1137519,2.7202148,0.8944951,1.3536962,0.044097472,0.04625475,0.004979803,0.28713253,0.115899034,1.0684576,0.18488139,0.15428431,0.7569177,0.089498594,0.100277394,0.0,1.223352,1.3672739,0.7425526,0.0,0.033200826,0.9091216,0.047597382,0.004558459,0.22883256,2.0552156,0.847475,0.044550583,1.5323814,0.9991931,0.0,1.1130428,0.2830226,0.34510052,0.15711917,0.16760261,0.13224591,0.14533587,1.8390611,0.46846575,0.10634385,0.19523391,1.351182,3.3928185,0.53533286,2.315617,0.1133279,0.0,0.44658026,0.34444112,1.4461523,0.059773084,0.443226,0.01761351,0.06887781,0.961633,0.75214994,1.0227681,0.024948623,0.11112423,0.34992203,0.24584715,0.49213898,0.10814406,0.29502,0.3044738,0.6846011,0.25416905,0.022896996,0.29186815,1.275734,0.0,0.9831865,0.014745431,0.0044347076,2.2521021,0.50596416,1.0546099,0.03337879,2.0334783,1.2049824,1.1401165,2.6602554,2.4063857,0.85716003,1.8765204,0.55367213,0.148084,0.9774089,0.12753883,0.5044904,0.10306681,0.19382687,0.30793667,2.8612528,1.0465006,0.97977304,0.67229766,1.1258869,0.021961732,0.48103154,0.07708346,0.014531819,0.00032476507,0.20570786,0.47147882,0.12130979,0.23168646,1.5982162,1.7255943,0.08154583,0.0,0.2523899,2.3924127,1.5698528,0.0911239,0.16206059,0.98063403,1.4031397,1.3791697,0.5042478,0.077251345,0.15356492,0.42896044,0.116970524,0.4097004,0.0,0.31276056,2.4575133,0.6584166,1.6939385,0.04853842,0.23524268,0.6859011,0.76975715,0.09974241,1.9078523,0.73044926,1.3752127e-05,1.5301524,1.5851041,1.5881363,0.548055,0.0,0.33015257,2.9187727,0.34605408,0.548336,0.01978262,0.038659602,1.5173393,0.14642298,0.0044582426,0.13275447,0.0,0.6997087,0.35033643,0.18098566,0.04493742,0.32148778,4.8197913,1.3341168,0.12681645,0.44213605,1.872273,0.087071225,0.6226295,0.56528723,0.480311,1.2476177,0.45888934,all_pothole_images\pothole_images_new_image_26.jpg
1.2106411,0.110394776,0.21619126,1.30654,0.2785092,1.1429614,1.0448279,0.010828368,0.16877408,0.76132137,0.0018526529,0.08852852,0.3496276,0.0367668,0.111877225,0.7194723,0.040550582,1.3132219,0.3888718,0.23106207,0.4288583,2.4940748,0.9290057,0.7735496,0.7184235,0.14202648,0.05719101,1.528963,0.0,0.052298594,0.116153196,0.0919239,1.2110033,0.75620073,0.20265111,1.6158195,0.37207806,0.46056187,0.42299074,0.20049764,0.35527885,0.025918636,0.09587239,0.83270824,0.5387238,0.9583904,0.47348213,0.0049155634,1.2952756,1.4965287,1.2670784,0.16498925,0.01825525,0.28713945,0.84621364,1.9067384,1.3308862,0.24011284,0.25272858,0.005763245,0.0,0.72237366,0.49990937,0.30181846,0.3169525,1.3459841,0.10252598,0.17634602,0.22047685,0.14038244,0.14000364,0.18862477,0.5214354,0.19419265,0.4474231,0.0,0.0073358407,1.2639005,0.5177009,0.07232785,0.063322514,0.08890018,0.52678335,0.011443066,1.7592219,0.0858135,0.118715696,0.075838014,1.8346906,0.34264693,0.6605166,0.26083443,0.00016468021,0.016623363,0.19886836,0.0032936668,0.59605145,0.24715525,0.45936948,0.67479044,0.045508813,5.271821,0.07998022,0.0,0.7606972,0.8069991,0.11621702,0.22412,0.34729868,1.1699777,0.012345895,1.1157117,0.33795774,0.8486707,0.10177769,0.4998453,1.4278013,0.73635334,4.2901325,2.2450347,1.3865042,0.45643508,0.10989631,1.3419517,0.1180374,1.065719,0.22786435,2.543031,0.37300128,0.014252488,0.3449879,0.010102898,0.13407396,0.14510128,0.02912179,0.13618301,0.4497904,1.7918841,0.07935513,0.7418463,0.56617826,0.0035378693,0.44171566,0.9871808,0.0,0.5896764,0.16942409,1.2684702,0.396773,1.1590693,0.083201595,0.4942307,0.5065434,0.029381044,1.7654557,0.68611753,1.1979905,0.27677986,1.6462008,0.13996622,1.3610972,1.0333593,0.0,0.6679555,0.035925537,0.6653717,0.24618234,0.10227534,1.5700945,0.5518689,0.10235758,0.13254876,0.04657536,0.38375935,1.1993799,0.19097312,0.11163888,0.0,0.06429654,0.0623631,0.19842793,2.9863966,1.447216,0.54756427,1.718949,0.16008021,0.36645088,1.3276653,0.45044264,0.8837914,0.23685805,0.6272987,0.32233536,0.6674665,0.10173818,0.35362664,1.746279,0.33214223,0.34799758,0.21292572,0.12765308,0.364862,0.57146186,1.7497381,1.2716957,0.8764197,0.5763281,0.5493355,1.7039378,0.36759862,0.000142785,0.0,0.22966188,1.3084321,0.109996006,0.7725325,0.6261281,0.07070306,0.03857124,0.63834214,0.3146575,0.15471762,0.28395256,0.012769381,0.0,0.6017185,1.9516582,0.08745715,0.30540243,0.0045919283,0.10384001,0.014531649,1.2483234,0.022651903,0.08179749,0.015524018,3.2180436,0.1996743,0.1158825,0.36335492,0.29517165,0.15804516,0.003278234,0.24311131,0.0014524638,0.0025648852,0.1772856,0.1305436,0.0013690208,2.831105,2.7086563,0.19313216,1.1751523,0.47906283,0.07586588,1.0677912,0.27946082,0.26707712,1.2882985,1.2359904,0.0053599183,0.08552125,0.26391655,2.3785717,0.075676695,0.21443273,0.53967166,1.0256802,0.63207203,0.76248556,0.31526965,0.0,0.168559,0.9122349,0.6494613,0.29103783,0.99936056,0.20317079,1.1257986,0.54213214,0.028207676,0.07599405,0.1099467,0.038203295,0.034870584,0.35209063,0.17788678,0.057680823,0.95627725,0.23513283,0.7457943,0.14633465,0.07892435,2.130105,0.055274542,0.101368494,0.44469884,2.773628,0.6600343,0.34196714,0.34457397,0.4890934,0.010792227,1.4908826,3.6948988,0.40768546,0.14916798,0.74070865,0.27443862,0.4777153,0.81923676,1.7367226,2.1246674,1.8992451,0.28013638,0.33547896,0.0,1.0241107,3.8037539,0.18219452,1.1962442,0.053327456,0.30551612,0.1987526,0.43820977,0.53532356,0.009132186,0.10785926,0.07589186,0.28361833,1.382096,0.0,0.20759088,0.018830331,0.056538597,0.011826548,0.46494818,0.003327971,0.0065139253,0.79450536,0.86601007,0.041566975,3.18123,0.0029876335,0.45547166,0.010585563,0.050648697,0.0044991104,0.45073363,0.68100685,0.36594418,1.1471163,0.23959523,0.08530039,0.2535537,0.077013224,0.20003748,1.840063,0.60777736,0.4722325,0.15456921,0.07451769,0.21157745,0.009952362,0.58244777,0.58659625,0.95881915,0.32678026,0.33786118,0.001334321,2.0182245,0.19272977,0.8598458,0.0526731,0.8522787,0.11153858,0.20632254,0.3161203,0.5465853,0.3535814,0.028302385,0.010748617,0.05740801,0.6053665,2.4775298,0.65841,0.6567244,0.0024873826,0.50073415,0.10495049,0.14785032,0.80093485,0.0006490764,0.048776407,0.116808444,0.022799985,0.6935086,0.05689583,0.13527723,0.48090822,2.2818801,1.6664258,1.0802721,0.004631892,0.7088271,0.0026705652,0.054057255,0.6859784,0.011251756,0.19298907,0.10627324,0.1311085,0.118631646,0.036243495,0.0,0.13244638,1.0293537,0.16019453,0.41759092,0.026355572,0.6919075,0.43825927,0.6018366,3.0937238,2.088713,0.18773144,0.43232477,1.2611209,0.13741973,2.0315776,0.45733812,0.4164041,0.45866564,0.10462426,0.5101432,3.0191884,1.8492793,0.5313308,0.10206671,0.32615584,0.438127,0.6522973,0.23949447,0.29127818,0.71145135,0.33545136,0.35300654,0.03716471,0.0025328388,0.64987606,0.31554025,0.39231366,0.29296207,1.2029643,0.547512,0.7283519,0.6417135,0.2531261,0.95646316,1.2898568,0.5949476,0.373789,2.1341527,0.0989067,1.1418822,0.17771071,0.6956007,0.13188839,0.51998186,0.0934431,1.7870647,1.0865377,0.46971872,0.32225898,1.2528927,0.0424473,0.03608895,1.906603,0.22056122,0.02869498,0.124846235,4.363409,1.2188299,0.058302745,0.17989238,0.048367605,2.1282434,0.015381892,0.38512665,0.0532671,0.47868347,0.9774277,0.103836216,0.24349442,0.31135914,0.3611827,0.00537866,0.017479038,0.105790555,0.44392452,0.8706661,4.153442,0.57823604,0.038335644,0.9847657,0.96583164,0.0021384447,0.08779658,1.3488678,0.19810607,0.1503027,0.5734999,all_pothole_images\pothole_images_new_image_260.jpg
2.2749343,0.123506784,0.03427946,2.1089752,0.48734164,0.99851817,0.06766144,0.0,0.26842785,0.0021835545,0.12421483,0.062348414,0.5218105,0.42013603,0.44567472,1.0769264,0.3682503,0.069029436,0.2719931,0.010207011,0.36498716,1.454426,0.38380685,0.30722997,0.68827397,0.54086405,0.01068921,1.3590178,0.01518751,0.28478357,0.9520178,0.84442985,1.1400663,1.4886129,0.13723317,0.9367954,0.6562042,0.32781425,1.2475173,0.07773466,0.19890341,0.05343676,0.3550176,0.6675197,0.35268724,0.30271152,0.020157266,0.028528374,0.84679264,2.6985638,0.9423814,0.22108468,0.45557746,0.29313606,0.09127866,1.2811965,0.5743366,0.0961472,0.15331705,0.087604016,0.021627458,0.43038347,0.017454246,0.34506643,0.9322964,0.8757076,0.003851977,0.54257214,2.2323232,0.1680113,0.066518955,0.6205308,0.8990192,0.9614732,0.1038375,0.73656166,0.17721157,0.5780737,0.29024485,0.08979114,0.19093432,0.09773589,0.2953968,0.13138933,1.1679808,0.13389854,0.71929383,0.18104897,2.5589554,0.760206,1.9877661,0.14978388,0.28773627,0.49539518,0.45214787,0.084392644,1.6057075,0.091848254,0.100968674,0.6624019,0.21795711,0.8941929,0.49059555,0.025678946,1.0828722,0.3119989,0.2989649,0.6503436,0.29461607,0.32818356,0.0,3.2934358,0.5009327,1.4194859,0.097897634,0.91091293,3.0000186,0.67296785,2.7498038,1.7384729,1.5932505,0.35550904,0.82037646,0.33717957,0.08273528,0.8913569,0.23521575,2.8244908,0.5006037,0.0,0.20261231,0.0,0.038564473,0.0014913337,0.015448414,0.6548009,0.29768068,1.7228694,0.23103265,0.21542892,0.2582922,0.008130047,0.09172187,1.1865817,0.0057743196,1.0444864,0.051829927,0.33481932,0.3401029,0.051167306,0.20740886,0.59679806,0.30841008,0.28281233,1.6965193,1.8539184,1.3000491,0.08892091,2.112434,0.019130092,0.75887376,1.3649315,0.06298699,2.727285,0.1459864,1.4274422,0.05328715,0.0015102938,2.1921191,0.94559896,0.0,0.18442313,0.08139608,0.0031231614,1.2478714,0.0,0.5386069,0.029333442,0.51980686,0.20306943,0.0003434977,2.6961336,2.452954,1.6328166,3.170374,1.1829149,0.4551548,0.8152723,2.5393171,0.7001886,0.0047554416,0.41634634,0.14404425,1.7046633,0.24006423,0.28037328,1.3174688,0.7631889,0.9009148,0.3440881,0.7377886,1.6194195,1.7995054,1.7924241,1.9578303,0.73243946,1.0523864,1.2399771,1.5070175,0.23841098,0.027963249,0.0,0.4461912,0.29223874,1.0625219,1.2668815,0.023730103,0.3062101,0.22821023,0.02682433,0.45893034,1.3019546,1.0681292,0.15616648,0.1105271,1.1744812,2.4248962,0.29313505,0.55954635,0.08787538,0.04802841,0.09673057,0.17901745,0.9566308,0.25578445,0.62368244,3.2184637,0.019996395,0.46382564,0.23936689,0.66209316,0.5297529,0.022337703,0.0037414175,0.3229449,0.0,0.315327,0.43834934,0.5629806,3.3792028,0.36774194,0.73146194,2.1569793,0.40688795,0.6428018,0.00059048244,0.44989228,1.2240857,0.08541175,1.9058373,0.041957162,0.18741906,0.6207036,1.9835289,0.4528234,0.5582802,0.4087904,0.7303615,0.4138863,0.46755594,0.032835655,0.10273914,0.008738227,0.61316204,1.8915,1.0808425,1.1673858,0.105285205,0.3663231,1.4539411,0.0,0.22223194,0.20694062,0.09608845,0.09252241,0.3814297,0.45160797,0.6029738,0.30620474,1.2356526,0.8708601,0.108604155,0.8852883,1.194036,0.0031026711,0.16219564,0.49093273,1.1575739,0.95749044,0.01660235,0.68831867,1.5522013,0.049997296,1.0840713,4.399823,1.0210805,0.16659784,0.6857815,0.13361253,0.2750024,1.3498026,0.89389175,3.8415065,1.8574089,0.0,0.5134964,0.0,0.40716928,3.0051305,0.59114593,0.86914754,0.13460314,0.030123223,0.24077144,0.5540308,0.07843615,0.22703041,0.32982105,0.13075705,0.05725414,4.062703,0.29120228,0.0,0.024353227,0.067799434,0.40637168,0.5933145,0.041737683,0.092802845,0.5165686,1.0078444,0.08478579,2.114023,0.4135342,0.28992027,0.77090794,0.32302514,0.22124322,0.44104615,0.52198946,0.36887476,1.9817252,0.18334855,0.06103407,0.03194642,0.18175507,0.43653736,0.5593586,1.0182917,1.9599638,0.005908786,0.10609297,0.93575615,0.68143135,0.32235944,0.5123315,2.070513,0.09461823,0.17021471,0.13068256,2.357051,0.35208476,0.65496016,0.0,0.3823805,0.444883,0.037566405,0.5919377,0.33334535,0.2663136,0.89670646,0.0028891815,0.007313093,0.74976796,2.7132092,1.1639619,0.6228706,0.0,0.30644128,0.71889216,0.7772649,2.7769842,0.33179235,0.0013689008,0.264642,0.102907404,1.2134182,0.598197,0.6770966,0.21504556,4.806022,0.59233534,1.9933366,0.055022247,1.0647483,0.39564213,0.60584646,0.5042154,0.095037304,0.13319041,1.0735432,0.44896764,0.36036852,0.9174107,0.012497278,0.108240865,0.43671665,0.03275147,0.59560317,0.0080356235,2.016664,0.64009535,0.43314824,0.6495531,1.3006777,0.013693422,0.11230974,1.3104228,0.012768779,2.1995168,0.31180635,1.0099369,1.2087926,0.64753383,0.25882262,5.218169,1.4315197,1.175432,0.0025982892,1.5766405,0.65082747,1.1268789,1.0253575,0.60313755,0.050007414,0.04031809,0.35060772,0.18862164,0.0367881,0.31938842,1.3372453,1.5307312,0.22547704,1.9331591,0.46717694,1.4780885,1.2197266,0.40392226,1.3575364,1.9776723,1.3523145,0.9820222,3.2301238,0.35465735,0.7047605,0.40834007,0.98992795,0.008385135,0.022759989,0.24417484,0.3456158,0.8709985,0.33810467,0.19930713,2.021554,0.011446156,1.3684293,2.3020954,0.24821419,0.039775778,0.015190291,7.047775,0.97484916,0.7309921,0.0,0.31814015,0.21350142,0.36840665,1.7517829,0.074819624,0.30761307,0.55859655,0.0850249,0.6909847,0.22245991,0.036107976,0.2253324,0.34619424,0.49183005,0.114271864,0.5936064,5.5787506,0.98085546,0.12323144,0.9973993,0.2815619,0.58067256,0.36099562,0.22561368,1.8116897,0.15814282,0.6083649,all_pothole_images\pothole_images_new_image_261.jpg
1.217362,0.46395665,0.1457939,1.8522829,0.21869229,0.17020093,1.2450945,0.1010459,0.021012997,1.0150963,0.29502597,0.4767773,0.98539436,1.591568,0.29151165,0.10411377,0.1445113,0.5300809,0.0058134245,0.16495748,1.8606212,0.12246361,0.7188451,1.2384434,1.1633167,0.9134004,0.99646235,2.1121583,0.1697072,0.059095547,0.42369387,0.08099598,0.22921544,2.1487172,0.231944,1.406974,0.12196872,1.1168073,0.3144533,0.004127828,0.0,0.69110525,0.8670566,1.7954382,0.071469724,0.11479903,1.3148472,0.4850632,0.36635855,0.9054467,0.1531823,0.26221254,0.7655996,0.42882925,0.44556254,0.62277955,0.9882714,0.015864141,0.4961538,0.24904178,0.6456711,0.31972837,0.8511135,1.3764812,1.2321552,1.5745978,0.9277378,0.1181519,0.23750569,0.005220654,1.2745417,0.006071915,0.25078258,0.0010013096,0.33708608,0.17395303,0.10919721,1.151661,0.007333054,0.0859353,0.4367912,0.56835806,0.36654103,0.16943009,0.4712998,0.23497616,0.014034266,0.14191085,0.95611984,0.3584352,0.46008664,0.07381976,0.18821692,0.5664208,0.4009576,0.3646869,0.1181119,0.81544644,0.23027307,0.22673225,0.14434773,1.4794414,0.36859438,1.5534942,1.2308849,0.9825568,0.04720501,0.31335393,0.1470524,0.44308358,0.11715661,0.23752742,1.6094158,1.4839845,1.660524,0.095980585,0.018334383,0.032860465,0.96476936,1.7568682,1.4523555,0.79035604,0.14003485,0.79573494,0.1618873,0.22160721,0.44033903,0.87052333,0.6578505,0.7796438,0.47692674,0.085349225,0.50389916,0.10136992,0.8252101,0.34867126,1.1066589,0.4192405,0.32540938,0.32409713,0.7017472,0.42390597,0.88740593,0.7845495,0.60541135,1.5033454,0.51461005,1.1165955,0.00057063054,0.3589866,1.1124775,2.042297,0.039442096,0.08041363,0.9768613,1.1799146,0.65413445,0.82341933,1.7945136,0.30216166,1.7508855,0.33855557,0.17034423,0.9302239,0.30591577,0.4721966,0.6996268,0.21478367,0.47519115,1.4845518,0.29284734,0.47079334,0.15397692,0.9102206,0.054820817,2.659058,0.29469016,0.034163456,0.27594388,0.29660147,0.47922048,1.3712634,0.15728176,1.0458252,0.7555618,0.13572718,0.0,0.326372,0.34477085,0.7077896,0.13065225,0.64445263,0.5941184,1.4138603,0.099017456,0.80411685,1.2057515,0.7685813,0.17586443,0.46057943,0.47962332,1.0000198,0.42570308,0.08670999,0.17468615,0.59163666,1.1550478,0.02325058,1.4488133,2.300621,0.0,0.106443375,0.26336992,0.46936342,1.256886,1.2530388,1.731253,0.18790257,1.546364,0.0021918083,1.6666415,0.07242708,0.86678886,0.30225506,0.41046008,0.06679812,1.1243329,1.6800702,1.5171206,0.7981874,0.40844718,0.0017943869,0.89110476,0.7168071,0.3870176,0.035925508,1.6259568,0.76461774,0.08631557,0.01536127,0.14662308,0.017823441,0.14785627,1.1138582,0.06920605,0.033389915,1.5188504,0.59641355,1.8199321,3.8960454,0.8014789,1.0182703,0.1788172,0.0288681,0.3081419,0.5652552,0.26039883,0.3442767,0.014472474,4.4810777,1.2305633,0.9736043,0.7770943,0.287844,0.3116743,0.6133789,0.8112165,0.8790099,4.7599545,0.0406811,0.22566952,0.43644184,0.91013414,0.2984962,0.17341305,0.77223814,0.28538805,0.5076187,0.3316644,0.53921974,0.13000624,0.18872134,0.556842,0.563254,1.5724975,0.37214744,1.1538026,0.05888946,1.9665334,0.0025823668,0.13735794,0.20445101,0.13243076,0.15889421,0.23692623,0.18112393,1.0407239,0.19228871,0.46187776,3.0641277,0.7658817,0.41726443,0.07503234,0.0,4.198178,0.09956885,0.012045129,0.06086782,0.13343917,0.0,0.7435492,1.0192329,1.0420113,1.0412068,0.9423155,1.1098592,0.36021906,0.923399,1.571048,0.37189966,1.1315334,0.0,0.94135237,0.4300081,0.11981694,0.31499708,0.56641287,0.0025366647,1.5370809,0.4062428,0.5629743,0.39300263,0.0,0.17401622,0.025028395,0.10006561,2.3058937,0.9650803,1.3510422,0.5230893,0.3528038,0.8665722,1.6278371,1.2167252,0.71654916,0.42765328,0.31892395,0.98712695,0.13206878,0.04232251,0.792983,0.64934874,0.2999067,0.09768982,0.50547284,0.48368275,0.09201718,0.8421369,0.11629732,0.036414914,1.0904475,1.0694549,0.39594162,0.47129595,0.0,0.056740515,0.25264654,0.068914816,1.198218,0.59953827,0.35433292,0.6805037,1.0068374,0.10026796,0.390017,0.35994676,0.41030356,0.03542622,0.17132762,0.6763751,1.3461523,0.0123657165,0.17614749,0.20365633,2.1467147,1.5823687,1.5008708,0.17862093,0.05146551,0.4144029,0.39427263,1.4135063,0.251851,0.58623576,0.09661492,0.38840726,0.63036877,0.64844924,0.58316875,0.26767698,0.046604253,1.7646453,0.12737201,0.06055062,0.53208905,0.50508523,1.0383492,0.20039585,0.70650434,0.28710556,0.9796723,0.38821888,0.038200837,0.60997015,0.80513,0.4593965,0.43151176,1.1700375,0.97567755,0.18116048,1.1909761,1.244206,0.28951153,2.8447745,2.1045673,0.08017597,2.3720722,1.0414402,0.3399104,0.7376268,0.0061768256,0.3056603,0.088294566,0.42761835,0.65651685,0.2739347,0.06604935,1.0767692,0.030835366,0.53717166,0.7794485,0.6712357,0.07239569,0.03919987,1.1806858,0.009301212,0.2633859,1.1616424,1.4705101,0.986775,1.9041461,0.87332416,0.9604775,0.28673896,0.25122696,0.26276442,1.0262548,0.09821308,0.0,0.32767245,3.8437989,0.5888785,0.7582166,0.8294324,0.34362376,0.651968,0.035564404,0.0,0.94371474,0.35923487,0.5957433,0.027445938,0.016519405,0.030980663,0.547615,0.1273885,0.81892216,0.5367387,0.13808556,0.18092394,0.49482018,0.4266299,0.4492523,1.3650378,0.17282836,0.0729345,0.2459857,0.21565297,1.5833437,0.0,0.3846201,0.8396899,0.15306577,0.33434466,0.2079894,0.30135363,0.21413441,0.27478883,0.9592736,0.375839,1.1057948,1.8316478,0.099545516,0.74728936,0.81697613,2.050251,0.83641565,0.3136931,0.06407835,0.3592542,0.149961,0.2749885,all_pothole_images\pothole_images_new_image_262.jpg
0.086127214,0.05961317,0.12680358,1.4357162,0.45034286,0.09914902,0.45965314,0.22178486,0.10076065,0.39364463,1.1463264,0.18275423,0.054725837,1.9338953,0.28177533,0.24057212,0.7404816,2.5664473,2.7299864,0.42979407,2.6295588,0.65775144,0.0065179993,0.3478955,1.9164566,1.7033551,0.9121453,0.7356498,0.036745463,0.26831236,0.89575,0.08520748,0.46113166,0.788837,0.27624974,1.4775926,0.11973593,1.5361216,0.43563384,0.501897,1.007874,0.4733337,0.1921912,0.92947066,0.76999694,0.18233976,0.36623904,0.27680972,0.54362726,0.103089914,0.41910645,0.34395602,1.2652893,0.4873287,0.501881,1.4956295,1.8552777,1.0294588,0.059563655,1.2156274,0.4082862,0.33862507,0.16433685,0.30870256,1.3378487,2.166755,0.26137006,0.3362916,0.9381301,1.7909878,0.44764933,0.10589285,0.17905048,0.008998641,1.0318569,0.006924002,0.21188997,0.5142736,0.004367302,0.26599312,0.21375224,0.25345865,0.2742175,1.9238465,0.30173573,0.4494164,0.2276991,0.043877255,0.48549873,1.3890556,0.36203822,0.72172195,1.1997796,0.030771185,0.12719364,0.09348009,0.56058335,0.6259669,0.053308126,0.118602455,0.67831534,2.329149,1.2452987,0.07005943,1.1892743,0.49496287,0.13321793,0.4146614,0.5745939,0.4379148,0.3074363,1.4748387,0.41778806,0.22116587,1.0166174,0.8871857,0.35962325,0.46706733,2.262795,0.4660247,0.45135784,0.05608506,0.07358626,1.3503982,3.0269942,1.0398244,0.5441844,0.28910622,0.29172885,0.7078598,0.10615308,0.19098309,0.06332796,1.261454,0.737953,0.5965544,0.1716875,0.30791238,0.117629856,0.011117375,0.0021500231,0.056131147,2.6237867,1.24862,0.06070057,0.54999304,0.646546,0.08530387,1.0556365,0.088765696,0.33206546,0.027104134,0.00038418634,0.34458467,2.196226,0.09089333,0.4509598,0.7300064,0.7375385,1.0952029,0.9348829,6.3970895,1.1524194,1.6043935,0.3900476,0.14570309,1.8782167,0.5158026,1.9725993,3.3030233,0.09890125,0.19340071,0.10476834,0.40185812,0.0,0.43634242,0.011478738,0.24964067,0.095269315,0.37674814,0.0011017184,2.4992688,1.383287,1.3205996,1.3699559,0.91869545,1.3912635,0.6535235,0.45152906,0.6182017,0.2031498,0.08195367,0.24389002,0.06872731,0.041647024,0.2572019,1.4118735,1.1506093,0.20625353,1.3826281,0.5614844,0.75480753,0.28006646,0.6309214,1.7750521,0.12205166,1.6663666,0.029209193,0.41276515,2.7649918,0.0131319575,0.09700413,1.2564659,0.14529757,2.9808047,0.89661264,0.7132619,0.041006897,0.6612393,0.35724223,0.28494674,1.347097,0.6099196,1.0526572,0.011433288,0.0820336,0.14051771,0.08100277,1.4479098,1.1813295,0.069638886,0.093554415,0.8000614,0.20406559,0.058229327,0.32496697,0.4228928,0.008973085,0.14568463,0.3959627,1.0605422,1.7313739,0.2672262,0.19229154,0.78832996,0.2683997,0.18002048,0.4249712,1.3432369,5.4959674,1.7539291,0.6000686,0.011686691,0.24446961,0.12258575,0.14490026,1.3977495,0.87678796,0.048833452,1.6206257,0.28554684,0.33206677,0.049226094,0.18776882,0.06848855,0.27503195,2.4309235,0.38432786,1.3001847,0.06404924,1.0045522,0.014750145,1.2429678,1.0469999,0.19107218,0.5454377,0.08092804,0.9136013,0.16957346,0.076239586,1.7024238,0.19032721,0.9012773,0.11850995,0.15871018,1.9947764,0.17383346,0.3147315,0.021294802,0.1926234,0.052338395,0.72279817,0.15477347,1.2002724,0.53881335,0.21080169,0.24061555,0.9092966,0.17199637,5.5714316,1.0357531,0.41459998,0.4747429,0.0013089055,1.0739843,0.03483945,0.066365644,0.0,0.42022416,0.11979146,1.0851486,0.2954877,0.73758405,1.8874944,0.19222513,0.25031152,1.3755525,1.2601516,4.5772943,0.59557515,0.323616,0.0,0.7440542,1.8270061,0.27393484,0.31496796,0.4485999,0.00559837,0.4106878,0.010059978,0.9905847,0.24340168,0.7508213,0.003165555,0.30983892,0.22435872,2.626061,0.36265475,0.5377391,0.69048667,0.31662765,0.3592919,1.1280838,3.986447,0.2612839,0.13025711,0.030528259,1.3588576,0.85890913,0.40617013,0.30173033,1.1819766,0.70624673,0.923512,0.0682778,0.2701809,0.13321052,2.120393,2.5284488,0.9448186,0.33824733,0.1478651,1.7795565,1.7938447,0.0063531916,0.16252966,1.1439211,0.26126516,0.1816575,0.13637044,1.0551296,0.21276933,1.1122929,0.35072288,0.06307606,1.2230057,0.83684623,0.097562514,0.38909176,0.05995584,1.8941149,0.10158348,1.1836189,0.876079,0.19561172,1.115554,0.7484841,0.0,0.0027015815,1.6571864,0.08049411,0.62755,0.025788182,0.6978045,0.15250646,0.17949127,0.63722736,0.061409764,0.44804743,0.14445028,0.5957552,1.3270164,0.07261296,0.09570025,0.25246334,0.026323622,0.02762913,1.3572309,0.9787258,0.41656327,0.46262997,1.0389526,0.53787076,0.06885245,0.18202016,0.0879194,1.8202329,0.11489482,0.567401,0.23269466,3.190804,0.7961225,1.0727952,0.8432793,1.3254019,0.32279828,1.347669,0.35675725,1.4267555,0.014090286,1.131056,0.22513115,0.81638443,0.60527325,1.8029523,0.34835082,0.22979352,0.9807157,1.8770328,0.42938983,0.19241676,0.4186015,0.15285176,0.1967608,0.00934646,0.021251991,0.529167,0.05916906,0.28116992,1.6689545,4.501993,0.09029957,0.1078635,0.10886811,0.9993632,0.95928806,0.041488774,0.118486926,0.26565975,0.6668844,0.4222856,0.018668888,1.8814392,0.18730852,0.2043795,2.0576699,0.1948678,0.087210335,0.019686332,0.30627358,0.4074503,1.9771423,0.04778028,0.37428716,0.58619046,1.359606,0.8355838,0.6119496,0.32471192,0.10996617,2.0310555,1.603292,0.880421,0.99134624,0.107975945,1.7230103,0.015391062,0.22612272,2.2310057,0.10617756,0.8857143,1.6930573,0.35088578,0.024144312,0.20896989,0.03571624,0.6494502,0.5959905,0.19494821,0.39441243,1.9615428,1.4629198,0.66732365,0.43072233,0.4865256,0.70380074,2.890543,0.2789326,0.40396506,0.26956028,1.2844241,0.2316013,all_pothole_images\pothole_images_new_image_263.jpg
1.7639054,0.25238925,0.0,0.85935056,0.29023853,1.5838206,0.34970996,0.39110696,0.85061735,0.0017431821,0.3564559,0.72902787,0.62611556,0.053972118,1.0158528,0.6359455,0.021438997,0.031150874,1.7694926,0.13170421,0.5100802,2.6650481,0.36105728,1.2535027,0.1653565,0.2887458,0.06902982,2.5413923,0.31530547,0.02638322,0.06721088,1.6970043,1.3187581,1.8725047,0.082342595,0.102978066,0.06141962,0.84674966,1.0213052,1.3741426,0.6172611,0.27014297,0.47316423,0.2706786,0.40904647,0.24362668,0.2713488,0.61460406,1.2410313,1.0580497,0.71608704,0.35881415,0.47664797,0.21867906,1.1855274,0.832233,0.920557,0.14041021,0.24563994,1.0431927,0.043167513,0.87613297,0.57718503,0.5750533,0.90159565,0.8039244,0.007577905,0.48058528,0.31646657,0.04556233,0.7942968,0.005011826,0.3666747,1.0483817,0.29690328,0.6370807,0.36519092,1.4580388,1.2057612,0.108097106,0.553879,0.0800833,0.17165947,1.4493296,0.07345355,0.59036684,0.1560927,0.12147688,2.1945102,1.0600494,0.46493492,0.49730626,0.5123719,0.4520883,0.07004468,0.17741849,2.821974,0.0020771418,0.5452887,0.24588668,0.0,0.7565603,1.0620905,0.008152495,1.6828264,0.09739723,0.27128777,0.29883948,0.24879903,1.1816803,0.0058367886,1.8341151,2.8343804,0.043075897,0.008714002,0.97909623,1.7155727,0.96084577,0.98094285,0.17671674,2.808416,0.6851479,0.17940809,0.14536566,0.34128055,0.6134845,0.4933743,1.8971121,0.76595855,0.29412454,0.15613204,0.60316086,0.77594614,0.81677145,0.47057727,0.11781535,0.30261692,2.196418,0.112146,0.82872367,0.11022539,0.19814004,0.17438272,0.19174393,0.1915712,0.3683987,0.0,3.1308644,0.92715317,0.61730814,0.17898028,0.4723791,0.23200147,0.7722117,0.6618724,0.3991397,1.1102881,0.2288788,0.7435843,0.28030336,0.6571817,0.5055421,0.51539767,0.0,0.85210544,0.18657665,0.31839132,0.43200597,2.1401615,0.3304244,0.4097237,0.59057957,0.0452436,0.043768395,1.496122,0.2026097,1.2921841,0.08275706,0.49943167,1.9291855,1.8210695,0.30163845,2.175148,0.505639,2.8452284,0.6283598,0.20257746,0.99944335,0.50416857,0.85541433,0.0,1.4385653,0.48890942,3.2254517,0.003953125,0.0023465166,0.70899,0.54745203,1.9125508,0.7724327,0.372294,1.3584087,4.5869193,0.25297907,0.52846885,0.5144398,0.40250403,0.17062692,0.81297785,0.31322446,0.14341529,0.323472,1.142721,1.0657992,0.97523105,1.1226865,0.46321914,0.8164473,0.040646892,0.81681246,0.121617675,0.06543656,0.4735128,0.43000427,0.09085179,0.44470587,2.3342524,1.0209109,0.97686905,0.06597276,0.90222806,0.966582,0.027920859,0.958574,0.28442678,0.089230195,2.4299028,0.65191954,0.38746828,1.4796753,0.2657892,0.23896143,1.5799892,0.9386077,0.6723839,0.15607339,0.9638562,0.18252656,0.83550984,1.770102,4.6005626,0.4449883,1.3713691,1.1312627,0.8942991,0.35815704,0.17724064,0.7649645,0.5580536,0.9201941,0.025673706,0.10818906,0.31276792,2.087327,0.17634507,1.8036953,0.78703624,0.42211193,1.2140132,0.444456,1.1800063,0.7507795,0.8716147,2.484491,1.6231321,0.5671425,1.6545827,1.6750493,0.106490016,0.20398356,0.9453017,0.7588253,0.15570259,2.066029,0.3655187,0.1636977,0.37037283,0.07889741,1.709159,0.25091952,0.21862248,0.11750468,1.4561244,1.414504,2.1285086,0.011309684,1.2213649,0.46831247,0.08704141,0.12429059,0.002659741,0.8727576,0.3421531,1.0737357,1.2386675,1.5386007,0.27443632,2.550946,1.1044403,0.26988703,1.1971014,1.7598644,2.5642018,1.2154176,0.023834383,1.9407055,0.042659808,1.1595832,0.48067683,0.35901916,1.3216543,0.19904678,0.037036713,0.13533899,1.0043825,1.9898264,0.8036078,0.0,0.32446387,1.3382279,2.545847,0.77829313,0.6225327,0.35529494,0.57581395,0.15532316,2.3624902,1.1166402,0.06519246,0.42290604,0.98116434,1.4464102,1.8672019,0.8801644,1.8691788,0.33299166,0.86390287,0.12967576,0.53994393,0.1376276,0.3550012,1.4755435,0.052280027,1.1958771,1.2084061,0.70794535,0.5257902,0.21300475,0.5166836,0.61313003,0.4614833,0.8377276,1.6562428,1.5665214,0.4145254,1.0308009,1.8536825,0.7024073,0.565948,0.32227582,2.5618875,0.92652106,0.21633188,0.043763343,1.661716,0.0129523035,0.6776429,0.77148676,0.9074713,2.1357913,0.34388,0.21717301,1.4357246,1.1304183,4.716174,0.45764205,0.51161176,0.9278203,0.25006816,3.2540612,0.8261677,1.012521,0.18884903,0.6701716,0.0,0.6073893,1.0678263,0.53011525,2.5374546,0.0,3.0286314,2.405451,2.1966486,0.10831206,0.04398637,0.26033685,0.11771558,0.27900523,0.016908828,0.18266243,1.0890429,2.3385086,1.327821,0.316183,0.043946344,1.1030554,0.84498733,1.705908,1.2930198,0.49691522,0.9392007,1.008072,0.11313499,0.37208176,1.1673663,0.43346524,1.5533155,0.32135716,1.306136,1.3405176,0.040019993,1.4049653,0.008197874,0.48437843,0.0031757825,5.3957343,0.39421687,0.0,1.0375053,0.88769,2.577338,1.7639633,0.5360972,1.2563173,1.3005852,0.04169275,1.1515332,0.44573352,0.025839401,1.5559764,0.39963093,0.9334794,0.11005154,1.0461451,0.95644236,1.4225372,2.1068523,0.16482525,0.42745528,2.4074135,1.3361441,1.4935251,0.9897319,0.06791788,1.0829362,1.1143954,3.072083,0.074125275,0.9480329,1.7208916,1.8812321,0.015088073,0.29932287,0.15296537,2.6273115,0.5205068,1.5881801,0.56598103,1.0245953,0.10275385,0.89434254,4.5284586,1.1321517,0.16225748,0.120763205,0.3133773,1.0288177,0.67621773,0.44505313,0.1753381,0.019730747,1.5983696,0.15367895,0.12145511,0.52287614,0.19799145,0.031696577,0.75967306,0.47389627,0.92015916,0.0031560902,3.9036298,0.9818472,0.47653782,1.4851854,1.3105454,0.5664527,0.615839,0.11906128,2.0375628,0.95674944,0.7922441,all_pothole_images\pothole_images_new_image_264.jpg
0.20473222,0.8503705,0.22701804,1.2223974,1.348047,0.2134514,0.36683592,0.060750183,0.1791537,0.7773512,0.3673593,0.13046147,0.24703091,1.8169968,0.4231669,0.8065131,0.0067506977,0.6165259,0.4874203,0.3065516,0.6635798,1.3087168,0.7517504,2.1380203,1.5036861,1.0741822,0.3573648,2.266563,0.81157976,0.27271274,0.91434324,0.51296514,1.1611748,0.89706284,0.6838636,0.52816415,0.8925568,1.0166816,0.22815037,0.24097048,0.40818483,0.17958185,0.6311707,1.6383001,0.56641823,0.36291566,0.06882901,0.002818063,0.19013377,0.30149063,1.168241,0.40306535,0.7256267,0.51113737,0.20036386,0.76551616,3.7311258,0.0,0.8335526,0.3692531,0.99592084,0.558932,2.125674,0.6975057,0.96448934,1.0289958,0.48280963,0.019013269,0.3851083,0.22663368,0.2517601,0.59181464,0.11540306,0.64771646,0.7329428,2.3700244,0.11015759,0.3423442,0.018521106,0.30552632,0.17613685,1.134772,0.04784373,2.2472737,0.16342704,1.4365839,0.19706258,0.006702626,2.9545898,0.077525295,0.31924865,0.16250552,0.009359293,0.6031038,0.06055918,0.0,0.4906054,0.22871298,0.077253625,1.8014791,0.10451829,2.8568892,0.21845563,0.012601492,0.76174414,0.4550526,0.2283365,0.6961251,0.097770885,0.3812537,0.2891312,1.1462947,1.2360016,0.19318962,0.77450716,0.83260894,2.5369573,1.0374002,2.018075,1.0033603,2.6533577,0.89194626,1.0311183,1.1513625,0.7203745,0.6637542,0.23425117,1.5626863,1.3175211,0.7170543,1.0529879,0.04978415,0.7936476,0.66712594,0.08294275,0.92844653,0.6947101,1.0038122,1.6719419,0.46817932,0.52375877,1.5735664,0.28577414,1.5695953,1.024075,1.2275692,0.18911996,0.36910456,1.1897717,0.3887313,0.3960544,0.53943056,0.07154177,0.19370525,1.6283245,0.81265616,0.50266635,0.6883515,0.09956754,0.60912186,3.2098362,0.65093356,0.060072683,3.8557336,0.18174425,1.2083323,0.23829596,0.72494256,1.6001322,0.43333828,0.20034231,0.80986404,0.215871,1.090313,0.42353758,0.19984268,1.8514048,0.15711528,0.043717705,0.0058475435,0.3319315,2.013778,1.8282284,1.040131,2.3096132,0.2901827,0.35760462,0.4631415,0.066747084,0.3403037,0.45926097,1.3353633,0.02420284,4.0412536,0.0982391,1.6739718,1.0783923,0.626607,0.76421076,1.0698577,0.6079198,1.5529344,1.3233023,0.76671666,1.6825604,0.049861144,0.71019566,0.3070222,0.5138995,0.23250641,0.63211584,0.34460527,0.4522681,0.4345537,1.7784262,1.553322,0.7455198,0.19484417,2.7349632,0.07756732,0.69195646,0.018220246,0.2521341,0.11502766,0.08476409,0.6140494,2.349838,0.81051105,1.350996,0.42728475,0.12543328,0.32756475,1.3035446,0.038788654,1.3300645,0.0106902,2.5992677,0.13213508,0.102187514,0.27804965,0.4140886,0.025783883,0.8451017,0.9427802,0.10966785,0.022823304,1.0418452,1.3662211,0.5379115,3.5271814,1.3800058,0.08771935,0.46999142,0.11682393,0.10110395,0.33456868,0.58639127,0.14961205,0.8758385,2.7821505,0.14688118,0.7540867,0.4612402,0.60879195,0.6075447,0.73408914,0.72911304,0.16852793,0.695627,0.7692411,0.13044326,0.08324801,0.6151953,0.060430598,0.5347038,0.8985001,1.3793048,1.5651791,0.97713965,1.3781495,0.00913541,0.8706345,0.40889058,1.2572827,0.78100914,0.8132637,0.43281403,1.9134153,2.2264898,0.19814561,0.88761264,0.35651848,0.054352973,0.56897676,0.48656377,0.18539707,0.13325256,0.33927244,0.17579392,0.6576812,0.56054395,0.36566433,0.21042944,0.08556876,5.6493716,0.44641113,0.44409764,0.12462592,0.72079223,0.32268217,0.52283883,1.4888804,3.1769814,1.5520879,0.061434288,1.1650649,0.012297623,0.80888975,1.9030055,0.45625806,0.12842877,0.28905073,0.03961109,0.48141012,0.7414605,0.40777817,1.5179397,0.81088966,0.043234494,1.2110417,2.137142,0.06753309,0.0053771194,0.3993748,0.16397771,0.49714166,1.2294725,0.80847526,0.28183594,0.23220019,0.37124267,1.1132901,2.0292475,0.08412651,0.3171297,0.0,0.3251013,0.45953974,1.160084,0.5265293,0.11315337,0.36097074,0.2780104,0.2553382,0.19427891,0.043052226,0.0860064,1.6749893,0.36300367,0.54424614,0.054212347,0.07228991,1.4140068,1.0130434,0.032495916,0.4066885,0.91414744,1.7453588,0.11829351,0.6019829,1.9638718,0.41928077,0.13792406,0.16833426,1.2622871,0.5017481,0.006301454,0.09002041,0.50612384,0.70369387,0.4910739,0.016989395,0.09621514,1.1778574,3.7037091,1.7760704,1.9291418,0.0379512,0.000752507,0.83555895,0.6807008,1.5953435,0.03737602,0.055749193,0.34255344,0.058625698,1.2385366,0.48339266,0.7614958,0.11149252,3.5086172,1.2694143,0.4417492,0.99439305,0.057581283,0.29348555,0.5384001,0.055142004,0.46173438,0.11632187,0.62251514,0.23916556,0.38079667,0.13848819,0.1358289,0.61278117,0.51898396,0.54992574,0.104494706,0.010903777,1.7510899,0.56549186,0.8997315,1.1552978,1.9772828,1.4023998,0.9351916,1.6342038,0.5546721,0.8972683,0.55058235,0.7842779,0.17980696,0.7580419,0.43439627,4.157216,1.2851623,0.8783966,0.29249585,1.1087363,1.0828972,1.0400585,0.4285047,0.28730875,0.013028001,0.7535957,1.1850187,0.68545884,0.33300284,0.25555128,0.58540595,0.39902675,0.569477,0.26480934,0.6316726,0.32728705,1.2612753,0.5730537,0.22846267,1.0859706,1.5070629,0.061534837,1.2737795,0.2648327,0.5596556,0.24826606,0.49908975,0.007867316,1.641716,1.7446575,0.2760885,0.7778895,0.5485349,0.4712251,0.32956517,0.099577695,1.218086,1.2705003,1.7034348,0.0,0.32557917,4.354015,1.1114087,1.1089512,0.0,0.60703874,1.1938821,0.3888735,0.6595426,0.22011663,0.15150727,0.7472651,0.028700804,0.33676362,0.20466432,0.03235744,0.36576155,0.046844248,0.1260265,0.50703096,1.3349209,4.4769154,1.55071,0.95169014,0.492128,0.24553229,0.084596395,0.44863954,0.44358397,0.43250382,0.7501951,0.6017802,all_pothole_images\pothole_images_new_image_265.jpg
0.41622567,1.5510609,0.4076179,3.2318096,1.9376358,0.065972686,0.9311781,0.021049777,0.4177338,0.40030888,2.31499,0.6582967,1.9345796,2.6485221,0.57580477,1.5362376,0.16078854,3.0779705,0.8938625,1.4969951,0.22219247,0.35325179,0.5840734,0.42422134,0.90957934,0.8750627,0.23516943,1.2037636,0.97366095,0.47815162,0.28552866,1.2815597,0.50164485,0.73601484,0.028024912,0.9961089,0.3574243,1.1306148,0.49495244,0.4127991,0.02720323,0.060848214,0.505285,1.6207857,0.859375,0.54061526,0.9905834,0.0538666,1.2887641,0.32042772,0.9277105,0.36671743,0.23423246,0.5250265,0.25786322,2.591372,1.520919,0.7552964,2.181195,0.5092939,1.0796398,1.0793608,1.8569041,0.62546915,0.63508946,1.1172562,1.2264239,2.6399968,0.04432976,2.9806774,0.4642919,0.021734757,0.6428259,1.1506679,0.31791726,0.5458937,1.0283891,0.60578525,0.15828714,1.0632554,0.08572469,0.005235673,0.5399181,1.5052048,0.13621126,0.99979,0.9485663,0.015844705,2.5136395,0.49970075,0.13708442,1.0074817,0.24945389,1.1797512,0.53422946,0.5790889,0.656341,1.2722044,0.7618526,1.0824374,0.60466725,1.791687,2.024536,0.35600182,1.6305728,0.06690926,1.3985709,0.42986873,0.73198193,1.1459376,2.2028437,1.6213125,0.059162147,0.5308002,1.1381397,1.1860293,0.66805625,1.7384195,1.5345492,1.1540954,1.2978811,0.1301629,0.36593953,0.89554733,2.3529088,2.4607315,0.73758924,0.58257186,0.668985,0.43675658,1.2828809,0.319292,1.5095408,0.21626182,0.26382133,0.75914466,0.5954876,0.6968203,0.24104427,0.19081505,1.5776002,0.34138933,1.1777438,0.519149,0.67666596,1.2363181,0.0076018097,0.9131725,0.3743238,1.04821,1.86299,1.7393668,1.5778824,0.9342346,0.6093062,0.4305351,0.434991,1.6443194,0.81746244,0.24007805,1.2735974,2.2933786,0.032739844,1.5519587,0.7900473,0.21469145,0.77102077,1.7525312,0.9281779,1.2129316,1.1140467,0.54318845,0.4204609,1.7231302,0.91430104,0.4651191,0.359271,0.63564867,0.6405981,0.20392379,0.38149497,2.331554,3.1539154,1.2483774,0.7406667,0.32788202,0.537915,0.19213909,1.1221962,2.4640262,0.79781634,0.1054187,0.08439064,0.9666975,0.06000886,0.06105422,2.5874946,0.3285796,0.19401653,0.17104398,0.8490308,2.5414422,1.0544815,0.21723124,0.68771034,0.2125443,0.8737101,1.6511042,1.0965557,1.0797665,0.107974835,0.34741163,0.97509205,0.20687453,3.771646,1.6770086,1.8800727,2.4288666,1.9781148,0.35013565,1.0227116,0.6936664,0.33491275,0.30091563,0.2604445,0.59771115,0.97589856,3.8201194,0.60852903,0.4683939,0.17201424,0.8276431,1.332742,0.3194855,0.3346656,0.02924538,1.3680376,1.1447458,0.0811616,0.8130451,1.7320638,0.0039057354,0.71265,0.337632,0.0846239,0.16309969,0.35721582,0.06630694,2.3693247,4.6544824,2.3621085,0.29224432,0.4721024,0.02019693,0.34819415,1.3314972,0.7171522,1.2227914,0.4996034,2.100919,0.84262615,0.3863945,0.5461243,0.89706147,0.19962864,1.5217468,2.5895684,0.633412,1.01087,0.0,0.09130084,0.23719005,1.2774271,0.29831523,2.0931764,1.8531543,0.021244487,0.61327195,1.512913,2.023583,2.236468,0.5712449,0.8715361,0.90762377,1.4918818,0.3579926,0.21549411,0.4643727,1.7030982,2.258036,0.6151336,0.9947045,2.2617247,0.7455905,1.1295087,0.5911717,0.51687574,1.3299347,0.20481452,1.1534492,0.8622519,0.7556643,1.705146,0.90764165,4.050798,0.14654645,0.22072265,0.4346301,0.58767116,1.3472333,3.0426092,2.8889303,3.5350122,0.73874056,1.8976771,1.226891,1.5951849,1.1634018,4.7826376,0.09770689,0.39993978,1.3250798,0.80569905,0.8923877,1.2355199,0.6370797,0.9819041,0.021461328,0.16577265,0.18640868,1.1468084,0.34770626,2.086556,1.6331052,0.33784732,0.19661187,2.3222225,0.63455653,0.74331945,0.6086233,0.30081132,0.49648044,0.3717397,1.0061378,0.41742972,0.010709247,0.8463774,0.2489102,0.013419704,1.2600682,2.5698137,0.55166113,1.758139,0.2018507,0.05015951,0.5618482,0.22533995,2.2289224,0.5314553,1.2689865,0.78416985,1.307368,0.80800146,0.44177172,0.026206108,0.15128621,2.2699192,0.6164837,2.3684893,0.8508865,1.9848497,0.39226818,1.4011401,1.9442023,0.70950323,1.4640216,0.10673402,0.97316766,0.5655358,0.44095472,1.2122613,0.075905114,0.97432363,0.23912077,2.2691076,0.8295699,1.9659237,0.11022654,0.5641958,1.5509918,0.11434206,0.67842174,1.2020166,0.051208008,0.2671945,0.52950877,0.7024035,0.2975345,1.8604743,0.5800194,0.46371996,0.72419596,1.8186152,1.355977,1.1063869,0.25107968,0.26749676,1.30966,0.037271824,0.36108384,2.8494804,1.4743735,0.543487,0.15012889,0.9128684,0.87591916,0.8283914,0.47419944,0.82260424,0.008004785,0.6141841,1.414652,0.5117268,2.4001033,2.0220413,0.33156413,0.80457675,0.0036247491,0.71050596,0.8575461,1.0623289,0.8005377,1.0297793,0.54388124,0.10286488,2.4327974,0.4837008,0.15611476,0.1425915,0.25552717,1.6445595,1.6720023,0.07566275,0.9213819,0.12179955,0.59850055,0.6197798,1.5766262,0.2547533,0.29461384,2.6830556,0.88992274,0.5798527,0.94993186,1.2383459,1.7351065,1.1606852,0.1414895,0.3500539,2.3604543,1.6763235,0.0056615276,1.7377998,0.39585385,1.3559492,0.53344214,0.37733412,0.034146093,2.6280155,2.3416543,1.015588,1.1120557,0.39399976,0.97645986,0.49237305,2.3944666,0.5906259,1.1476775,0.8244879,0.22076178,0.9407564,1.9177741,0.62056637,1.779322,0.009270816,1.9097816,1.7727729,1.1768929,1.5467956,1.4733955,0.89775604,1.1594716,0.37672374,1.6682303,1.2990632,0.8527611,0.100291714,0.16104169,0.9171387,0.07478603,0.875916,3.9328532,0.03878656,0.8041545,1.3941743,0.11536767,0.56802493,0.58670247,0.30239984,0.616916,0.12668929,0.99166447,all_pothole_images\pothole_images_new_image_266.jpg
1.3157905,0.9810736,1.4508331,1.9905782,0.4963307,2.6291203,1.2650899,0.0,2.5519955,0.59842485,0.695113,0.810356,0.44974372,0.99209064,1.1740963,0.80870783,0.15705884,0.1584643,1.0636232,0.54562056,0.40490344,1.8415502,2.8386233,2.7802746,0.30037758,0.32729524,0.1642916,1.1015357,0.39803562,0.5435759,0.8343255,0.02705261,0.96077067,1.0720866,0.13607149,1.2093836,0.14515826,1.2615036,0.09379947,0.008245139,2.2198753,0.49528706,0.18269815,0.061522197,0.9001885,0.4156348,0.18098325,0.5793641,1.4695935,0.66672164,0.82272625,1.5684186,1.320282,0.74717355,0.7264136,0.39058483,0.46539438,0.27147454,1.479544,0.16934328,0.0052994397,0.6289719,0.9629965,0.4804765,0.9962255,1.0725411,0.31925562,0.55005056,0.32575053,0.16709174,0.4225129,0.13334508,0.6494276,0.2645762,0.82190347,0.78991127,0.06307596,1.4229956,0.54132557,0.61139727,0.21512187,0.07097883,0.50082445,0.080476925,0.889974,1.464582,0.6948373,0.25108972,2.2336187,0.081259295,1.1084388,0.8174998,0.16687599,0.71465844,1.603405,0.34571,1.9623207,1.4623523,0.024138309,0.0067521213,0.02214748,0.7845135,0.03202086,1.3955137,1.4864217,0.57759404,0.4859888,1.2004396,1.1045848,0.90534174,0.060285814,3.496236,1.3559968,1.7051098,0.26435953,0.24064988,1.5327587,0.68187,0.59311664,3.250543,1.290791,1.0988069,0.4437432,1.9004283,0.7396299,0.2655876,0.69442374,0.6649139,0.26553196,0.8531759,0.108529694,0.07870084,0.20775847,0.051178094,0.32828054,1.0874552,0.509668,1.3188727,0.071376584,0.68109345,0.28425422,0.17689654,0.14543195,1.7934408,0.60878766,0.92715794,0.30740532,1.9177161,0.7643538,0.7030258,0.67198056,1.3269999,0.33510715,0.5107925,1.9332013,0.7430083,0.5135935,0.31566745,0.72668487,1.3282436,1.5801767,0.6021152,0.18840288,1.4726238,1.106863,1.4003352,0.1290338,0.21211042,1.6737403,1.1459897,0.37750208,0.14474285,0.26865608,0.28535017,1.5069999,0.974482,0.8260847,0.0007858118,0.2288877,1.1643035,0.06590306,2.3039637,1.0332769,0.8819519,1.7339796,1.3326037,0.074346,2.3804586,1.1984057,1.2571716,1.036953,0.34555066,0.6000684,1.7408649,0.21702074,0.41927788,1.4829394,2.9479084,0.8477852,1.6542314,0.8210239,2.1469069,1.1684499,1.2133557,0.8035628,0.18607403,0.56994414,0.08614141,1.0860823,0.5295926,0.12966889,0.029800916,1.0302068,0.15855353,0.6655545,2.03278,0.85191536,0.34533092,1.0133572,1.7250873,0.566385,1.248488,0.9881631,2.002828,0.03779412,0.14294283,4.0600514,0.86609334,0.13663082,0.009274019,0.58776075,0.43934804,0.48261946,1.2166153,2.137174,0.62636924,1.2909216,0.61873966,1.1999412,1.025577,0.7059771,1.3349884,0.4018252,0.39843816,0.28045055,0.37063068,0.7265859,0.49070644,1.3070043,3.0026653,3.0888085,0.12858467,0.41051802,0.7188009,0.49407005,0.3106067,0.41316658,2.2699099,0.78196776,1.8208402,0.7422057,1.103964,0.7191991,0.77755636,0.55505997,2.4761388,0.3209662,1.1293839,2.094375,0.60251015,1.0383701,0.2493737,0.14244887,0.3746862,0.3159266,0.6840665,0.88535416,0.43847382,0.5790258,0.18029727,0.014842848,0.42012054,0.8254771,0.4635983,0.17464921,1.7744583,0.5673248,0.48396325,0.8885489,0.10668965,0.3497327,1.116857,0.12464858,3.4966066,0.7705657,0.27552164,1.3948977,2.943383,2.0803356,2.0807047,0.42180267,0.42001548,0.2259055,0.971478,1.1205128,0.8355242,0.113882996,1.4899716,0.08315945,0.41627938,0.8356117,1.606867,4.2108483,3.356127,0.53626627,1.4544613,0.07462985,0.7210385,1.0026951,1.2434022,1.9992577,0.05497831,0.7314562,0.74603254,1.3034822,1.2493495,0.24376541,0.37951192,1.0370028,0.72083163,2.67992,0.82814914,0.56521297,0.06719065,0.09358814,0.14729944,0.23918076,1.090592,0.92167926,0.12655623,0.65258235,0.9330751,2.396156,0.4957694,0.6690987,0.9232975,0.9624728,0.2054019,0.2838272,0.29117066,0.54565114,1.4767799,0.118888095,1.5436301,0.7825681,0.56722856,0.21519929,0.5253347,1.0631256,0.34538564,1.4898823,0.15179612,1.8534359,0.33030164,0.10718652,1.058443,0.67870206,0.78233385,0.6025122,1.2129513,2.2859194,1.9291914,0.48559794,0.42271984,1.6250389,0.53892285,0.2439758,1.2641001,0.8657528,0.80249304,0.21409212,0.61381817,0.52265406,1.8557744,2.3840034,0.8846858,1.4509648,0.2596042,0.21366018,2.174915,0.31412002,3.3911672,0.9521102,0.59722984,0.0643785,0.7007118,1.1746995,1.4903284,0.71623445,0.06852604,2.1747024,1.561673,0.8499536,0.16239579,0.11422306,0.1167566,0.63523597,0.13584734,0.17812654,0.38919145,0.07288027,1.4660685,1.2540512,0.39558056,0.12359188,0.0030191261,0.8948017,0.69095993,0.2915776,0.9870512,0.39809713,0.7541049,0.39672947,2.1527944,1.7008302,0.17597291,1.4279886,1.8282346,0.9505618,1.5684369,0.6644461,2.3656845,0.31192353,1.788221,0.14230312,2.8869479,1.1252438,2.3151834,0.74791425,0.8667504,1.2738453,0.34434685,1.1102498,0.37365574,0.6639721,0.0,0.8206543,0.19628283,0.81951267,3.2524958,2.2329533,0.19512045,0.8324763,1.428624,1.2305872,1.3696239,1.3375967,0.20359735,1.7206502,2.1774728,0.3230226,1.3316544,2.1541572,0.37101415,0.59010446,1.0439508,0.48389822,0.06483104,0.2642161,2.2038143,2.051862,0.2770398,0.5092234,0.4240633,0.8479474,1.020483,1.1746035,2.866341,2.2360737,0.10072063,1.6682925,2.7444377,1.404098,1.4217072,0.23566745,1.8529121,1.0238922,0.5788577,2.1069257,0.18244304,0.47031444,1.9568192,0.584759,0.04436134,0.41548803,0.13885292,0.2879017,0.20056073,0.21143082,1.282004,0.41648778,3.6723278,1.4082037,0.6623432,0.60957587,1.1791689,0.1610713,1.3445574,0.1329418,0.9207975,0.23384783,0.652016,all_pothole_images\pothole_images_new_image_267.jpg
0.98679006,0.7655408,1.3665433,1.2455368,1.2405361,0.12760136,1.1984289,0.5996546,0.147879,0.29354757,0.28531912,0.1267419,0.127339,2.1895065,0.57895494,0.86371475,0.0790649,0.25144053,2.126653,0.72784626,0.3577828,1.6092074,1.951416,1.6607058,1.1853017,1.544606,0.2860525,2.4994252,0.07065415,0.15656343,0.14638011,0.02477657,1.3206693,0.32537,0.475617,0.010696735,0.8877427,1.7797599,0.11056191,1.9935296,0.25789088,0.36593807,0.8619397,1.1747218,0.027502395,1.108741,0.29964638,0.34539863,0.19168796,0.09208973,0.9622455,0.913485,0.4417874,0.634607,0.46055898,1.4723634,2.220685,0.0,0.53656805,0.100083515,0.38976738,0.5092044,1.7121363,0.22975796,0.84989774,2.667369,0.15308805,0.013421219,0.2772636,1.4130676,0.2304025,0.28098264,0.2218967,0.12898204,0.23986968,1.5573945,0.27075908,1.2218236,0.19881883,0.0016335505,0.15207262,0.017905038,0.21315695,0.8767121,1.4576975,1.4699723,0.21793976,0.06637186,2.8805678,0.22518885,0.37857404,0.2661374,0.55403006,0.70276594,0.19695804,0.11392017,0.8949158,0.38168707,1.0639734,1.0851517,0.07719491,2.9044015,0.38826808,0.053954396,0.46279976,0.8393789,0.68586475,0.022426995,0.10645847,0.91399413,1.1250452,0.92370665,0.8821312,0.497181,0.5396242,1.1857251,0.48676166,0.96224475,0.07420568,0.6594777,1.7289624,1.2367406,0.55495054,0.600603,1.0741725,0.5344462,0.063995704,2.0034113,0.47220665,0.79651344,1.8123174,0.102511756,0.51939875,1.2761525,0.13024963,1.7686555,0.29514173,1.6809151,0.5185351,1.2068897,0.3225496,0.29825103,0.24311762,0.48925507,0.5614322,0.7467841,0.28333363,0.96053755,1.3999684,1.6758978,0.6176999,0.64524007,0.052098006,0.33644995,2.137801,0.15209633,0.6957728,0.5044991,0.13802741,1.1024277,2.3501985,0.8746807,0.41706127,3.4453466,1.2067231,0.62307817,0.8183279,0.8630366,4.0137563,0.29172185,0.88734955,0.19131522,0.03340703,0.3654737,1.4833218,0.116684474,0.99568206,0.4969691,0.014126219,0.28005922,0.06951979,3.253352,1.534866,1.5475842,0.5910172,1.0261403,0.40423366,0.2445509,0.012651003,0.711226,0.6286586,0.060052194,0.045793597,4.251821,0.17766516,0.46588662,0.68348575,0.9092105,0.09331709,1.6908662,0.891184,0.74077284,1.4498789,0.5687654,1.1260471,0.017858045,0.24207744,0.16436188,0.15550938,0.6041032,0.75414026,1.3270388,1.6958076,1.1622202,1.159815,0.67329204,1.9770613,0.7065352,1.5188553,0.27592173,0.53102434,0.08405617,0.21988341,0.7172682,0.664058,0.49315557,1.7285342,1.0734272,1.0296302,0.2391464,1.5760198,2.601204,0.21184006,0.73690945,2.3095727,0.047806658,0.92199284,0.022169117,0.06214184,0.004048552,0.6554192,0.43742907,1.1141167,0.5105157,0.42767996,0.086599365,0.17819864,1.0346478,0.54758245,2.02553,1.4359549,0.083981745,0.13034377,0.2132486,0.018500796,0.026012138,0.22198494,0.327171,2.4680052,1.4937316,0.26166928,0.78291893,1.6715693,0.4026095,0.042996995,1.1841065,0.98529017,0.75849134,1.3576686,0.061902862,0.17364664,0.09725108,0.38966134,0.18055211,0.2250328,1.1121043,0.9482941,1.4429889,0.683725,1.5631094,0.041219905,0.7811819,1.1309278,1.142233,1.8309276,1.066348,0.6698888,0.6876498,1.1919911,0.16033436,0.92275906,0.23855451,0.46396255,2.0275571,0.75287205,0.26388243,0.46437904,0.13257833,0.045445837,1.0868231,0.1830166,0.64075285,0.5745341,0.99393654,2.2117414,0.011708447,0.17965332,0.6631277,0.56561196,0.28512666,1.1849523,2.7437942,1.9362167,1.7330498,0.0017331319,0.067551374,0.22144076,2.353845,0.28115168,0.72695184,0.15432417,0.7169166,0.2938426,0.54985195,0.66382277,0.65173614,0.4799253,0.11704474,0.0017876555,1.0758178,0.8942315,0.21704353,0.03739497,1.3800043,1.0271369,1.6370784,1.654763,1.3779261,0.4254292,0.074018255,0.22812699,1.4449584,1.9711564,0.17618811,0.13581613,0.058144018,0.661748,0.10048405,0.13020523,1.5428879,0.04917519,0.3575511,0.81281435,0.13876794,0.12380805,0.120163135,0.3878492,2.606203,1.6595393,0.9172961,0.05872722,0.14435375,0.60277057,1.1868169,0.096642554,0.6252094,1.722956,0.120895624,0.2988995,1.0611097,3.9601533,1.9546186,0.44354877,0.23827393,0.6698772,1.4525205,0.1436696,0.37301105,0.90391445,1.2214193,0.55521303,0.051128086,1.0192292,0.06960288,1.8719857,2.7977307,1.1131159,0.23118083,0.18409768,2.076482,0.5292726,0.44414955,0.19769204,0.16149217,0.45035174,0.0036340128,2.3876743,0.28891334,0.89693993,0.31179607,4.740089,1.5340124,0.60269797,1.7121365,0.8283431,0.4121332,0.5189205,0.0764471,0.35420015,0.39028358,0.2316632,0.118097596,1.0281204,0.38770357,0.08968482,0.71004647,1.0485415,1.1683712,0.6875928,0.01478719,1.6148373,1.7896398,3.242206,1.3703946,1.3637348,0.6533439,1.5798182,1.8036078,1.2854776,1.1375663,0.30315596,0.23951976,0.8535075,1.1306146,0.97464037,5.8616695,1.1468412,1.0013902,0.5009066,0.17008555,2.5519357,0.0472734,0.05356064,0.5772459,0.23848516,0.863563,1.7326467,0.836289,0.9883113,0.535552,0.34333068,0.3068623,1.0491114,0.7232051,1.9115899,1.1903671,0.12910895,0.32792208,0.20737028,0.74559087,0.7193126,0.29599023,1.6074302,0.7681775,0.51599246,0.20486154,0.93386215,0.55083615,2.4989243,1.3772823,1.8732743,0.97931045,1.2084129,0.6462435,1.3813345,0.8979698,0.20623107,0.570578,1.185379,0.42765847,2.2522032,4.023682,0.53410196,1.4647366,0.024595197,2.1139886,0.7315205,0.6677527,1.0848775,1.0403131,1.1231863,1.9648615,0.11903327,0.22091332,0.8676338,0.050465874,0.0,0.11865477,0.36146143,0.05562922,1.5665286,1.9233689,0.1429113,0.99103683,0.51555693,0.25149542,0.32919466,1.2269567,0.13809244,1.845176,0.7925183,0.2648116,all_pothole_images\pothole_images_new_image_268.jpg
0.9472027,2.2239292,0.4054936,1.5919489,0.1847709,0.425906,0.3583681,0.0,0.4085668,0.38631815,0.7174866,0.31328106,0.46946695,1.4563395,0.15941267,0.26264343,0.36004847,0.06948939,0.46556085,0.5096348,0.41341323,1.7528739,0.37288415,1.5856553,0.66206104,0.14848238,0.6950443,1.6711462,0.16227858,0.90534234,0.76347816,0.12528546,0.42533866,0.33261195,1.4401143,0.0015014109,0.23099244,0.7041366,0.01665466,0.6285186,0.0,0.13321008,0.12260705,1.4762635,0.5769055,0.0,0.11150279,0.24178314,0.04392398,0.27320966,0.20102945,0.3268289,0.80242777,0.22167037,0.28301167,1.9038525,1.5772676,0.31977233,0.7103371,0.41190535,0.101659596,0.33901513,0.37117246,0.05054681,0.4157987,1.7250082,0.6388108,0.59409946,0.9632314,0.8994858,0.5106439,0.8607038,0.6231059,0.2668393,0.24165405,1.226421,0.4146447,0.50818735,0.0030012284,0.48627114,0.21776637,0.30965924,0.02305655,1.7258297,0.71861637,0.59485435,0.38813362,0.5046357,3.6246638,0.28786263,0.118634604,0.07919378,0.48318553,0.90264267,0.04255346,0.29591545,0.19658282,0.46896386,1.0481104,0.74091315,0.069245175,0.92869455,0.20068228,0.79398805,0.48415324,0.5222019,0.37953022,0.045705322,0.009267404,0.7168897,0.21828388,1.8042145,0.275416,0.5674108,0.28639743,1.034259,1.7417575,0.15072678,0.17198493,0.111513086,1.2803671,0.5602868,0.70001024,0.82159,0.8694883,0.90508485,0.16583781,0.47848618,0.41256866,0.42141396,1.0271797,0.23330857,0.5633569,0.2987634,0.2199393,0.5582562,0.4234589,0.49134478,1.055389,0.46292597,0.17458569,1.516475,0.18481536,0.8495956,0.06776286,0.6225956,0.30276614,0.0,0.78968287,1.0615091,0.2390566,0.587801,0.0020382085,0.53605974,0.99273026,0.22406808,0.5032701,0.21690662,0.37443852,0.88553834,1.938499,0.39435226,0.06284839,2.436828,0.19778308,0.33366117,1.6323814,0.09964628,0.48377883,0.7953009,0.013556064,0.0,0.39532968,1.0384552,0.63525707,0.061952498,0.74229723,0.06190275,0.0076724836,0.48068523,0.5047874,2.1973944,1.6431855,1.2978252,1.0651176,1.1430084,0.042444356,0.03153102,0.7072391,1.1839561,0.632632,1.2017878,0.25472602,1.4477286,0.015619489,0.009751588,0.37132192,0.87868613,0.069885015,0.97397107,0.08506249,0.6790027,0.023692284,0.23163214,1.3660514,0.6250388,0.61781466,0.09304841,0.3015167,0.0,0.18792962,0.56703824,0.9982548,0.12995467,1.0749605,0.7665719,0.51860005,0.33424702,0.5659328,0.14095545,0.692983,0.08355968,0.70128053,0.8513761,0.73506314,0.8164173,0.5923955,0.22365586,1.8346035,0.008340259,0.27239543,0.24693203,0.38826892,0.34794417,1.2583414,0.3618037,1.1690187,0.015784485,0.015164654,0.0,0.024612231,0.3190473,0.2666685,0.092179134,0.47354943,0.07423388,0.88259226,0.17135352,0.28056687,3.5738368,0.48984885,0.17770398,0.5461065,0.050544076,0.3034032,0.0,0.68367106,0.6813594,0.5334699,0.7164524,0.45301935,0.2647871,0.9292176,0.0,0.3150016,0.46479088,1.4794812,0.4386006,0.65483147,0.5559095,0.84802616,0.0043918407,0.031194301,0.11590948,0.65769905,0.6196212,0.4659003,0.076559,1.3422343,1.2931929,0.90162605,0.19177595,1.0644119,0.32227546,1.5231111,0.5882518,0.30853283,0.85285133,0.7112443,0.6442614,0.52218395,0.13860725,0.5183493,0.53959674,0.42995253,0.2783483,1.2606165,0.766072,0.51005083,1.9286151,0.26762205,1.1461858,0.045268964,0.65784895,4.0941467,0.22135356,0.025634415,1.0184323,0.5837271,0.0018479076,0.89030087,0.11156214,3.3496337,1.4085923,0.1287078,0.4461898,0.44950345,0.6744125,1.9498484,0.36957973,0.30638888,0.42783776,0.077783756,0.27019626,0.69990414,0.5477881,0.536704,0.15097001,0.836801,0.5155645,3.2868838,0.33962545,0.19925241,0.748724,0.79691017,0.24363633,0.6146846,0.45409375,0.18028559,0.23100315,0.90285504,0.6997489,0.827634,0.24025431,0.16291846,0.6471437,0.17159776,0.25822863,0.002394849,0.42076954,0.004573001,0.76193064,0.75085026,0.7169762,0.16108572,0.22309792,0.48832682,1.0735811,0.116454236,0.92872834,0.1381428,0.02407156,0.17578818,0.2557138,0.006085936,0.357915,0.88983357,0.22153644,0.40854436,0.13694572,1.3895127,1.0464381,0.62219536,0.050967664,0.94331044,0.7940107,0.0028415564,0.26929733,0.2759442,0.17754185,0.23442182,0.48647106,0.30209187,1.4603887,2.1376276,2.610549,0.9670228,0.458253,0.14851661,2.2799122,1.475385,0.9802933,0.038448483,0.19621773,0.027718807,0.14391579,1.0095576,0.14073849,0.19116713,0.083544515,2.9090483,0.5092885,0.54928964,0.78969526,0.47607246,0.32519773,0.24502108,0.40933552,0.0150961755,0.5522976,0.1288166,0.49377626,0.44664854,0.36783662,0.047167253,0.528991,0.63804317,0.4825971,0.7510804,0.0677257,0.71190566,0.46236396,1.5287538,1.692672,0.67502564,0.5985504,1.0281351,0.63651973,0.53458095,0.24151078,0.06581195,0.4818025,1.4550619,0.40468812,0.015650343,3.505425,0.36051375,1.0127238,0.15520382,0.14513277,0.7039826,0.06126197,0.3179575,0.37407675,0.17356144,0.031406756,1.0684103,0.8838337,0.3043371,0.32629418,1.5346686,0.21308346,1.0360628,0.83756006,0.13544296,0.3929891,0.3505403,0.6043144,0.072832964,1.0788711,1.2493005,0.11893759,0.08127502,0.20762655,0.9140878,0.28479072,0.44882897,0.1545376,0.21377423,1.7698787,1.0773231,0.56744576,0.029661616,0.31441104,0.3823249,0.4418071,0.09101576,0.90335315,0.3446734,0.39944154,0.67120564,2.0504682,0.72976124,0.9719676,0.0049453103,0.5581054,0.33911607,0.51295495,0.3243,0.034316555,0.86822736,1.1486236,0.36509117,0.0002745868,0.036066253,0.061176967,0.9380372,0.0017952452,0.13853545,0.044453684,0.25555807,3.0823526,0.6665245,0.9951758,0.2124964,0.5114251,0.13962768,0.7122823,0.42805004,0.23766613,0.06920392,0.18397543,all_pothole_images\pothole_images_new_image_269.jpg
1.5091131,2.1478698,2.235744,0.55459017,0.76014006,0.41362718,1.1423215,1.6380926,0.2848092,2.6949077,0.8070178,0.18539813,0.1203621,0.04679942,0.23304331,2.7394612,0.20926781,1.0203818,0.57974714,0.9034276,0.1260724,0.12638347,0.90796995,3.9683166,0.52221954,0.57531583,2.1795652,1.3222524,0.3332969,0.22801256,2.0000193,0.6832507,0.0,0.30616954,0.5317408,0.6259923,0.92976624,1.8342034,0.9230029,1.6483405,0.1492721,0.6496765,0.5327226,0.042747155,0.8581829,1.2004008,0.07822098,0.7372852,0.80397296,0.061554197,1.1504564,1.466899,0.59447837,0.55148906,0.39169312,0.92797446,1.211112,0.9358819,2.7611616,0.21684827,0.36173856,0.50190383,0.49399674,0.8142172,1.3482386,0.1469127,1.6245338,0.2743293,0.40158772,0.747283,0.009193442,1.8610282,0.8492682,0.040252462,1.4988897,4.7006536,0.9097942,0.71540534,0.5386955,0.69610244,0.4087199,0.20602362,0.32983264,0.08705544,1.40917,0.9095725,0.588382,1.9041038,2.8241215,0.8958995,1.4642004,0.55309075,1.1366386,0.326773,2.8883622,0.09821946,0.9280767,3.1270907,0.3985269,0.4360086,0.31350365,0.27272937,0.07642467,0.480258,0.91449434,1.2928983,0.24339549,0.0023455191,1.2205956,0.37205163,0.87014776,0.03631052,1.2313378,0.7668733,0.3978844,0.050233904,0.2508674,0.08174531,0.08856204,1.6388723,1.0810133,1.7843148,0.22335269,1.2294383,0.7667702,0.22527014,0.30553487,0.6024123,0.054168876,0.018519009,0.23961031,0.10528171,0.4721025,0.21220553,1.0265362,0.93812156,0.2658739,0.38789296,0.1529561,0.1434367,0.4451074,1.9170842,0.6285096,0.6256636,0.65154374,1.2276618,0.58332694,0.3623315,0.5534373,2.8417387,1.3260498,0.26973113,0.0578278,0.1405049,0.941045,0.27845654,0.42972684,0.4598777,0.3846669,0.23852046,0.40263397,0.15809536,0.3483167,0.6688117,0.027617138,0.28702742,0.33298898,0.13357727,0.36729214,0.22534236,0.9717479,0.30645588,0.2927768,0.021092609,1.0179381,1.3596333,0.037507456,0.5698069,1.2295169,0.1449788,1.9134346,0.097648315,1.5289048,3.408642,0.73584515,0.13450101,0.0,0.6173186,0.57550305,0.8188474,1.2193925,0.34518012,0.0,0.6682182,0.7145584,1.7090709,0.4066254,1.2306691,0.9569702,2.9421024,0.6420812,0.17437585,0.01235615,1.4075507,0.1937074,0.6521071,2.5155847,0.9806244,1.9278399,1.2291422,0.57699126,0.7188513,0.16670801,1.8648185,0.1616849,0.7021772,3.116516,0.5152669,1.3851583,0.8982564,0.723362,0.7593578,0.12993246,0.3940738,0.8578649,0.089472115,0.6791959,0.088266835,0.018509129,1.453415,0.7620202,1.1171398,0.5118452,0.6248639,1.0654473,0.26377591,0.16934866,0.23393047,0.54866403,0.8125192,0.0,0.1502452,2.540011,0.7930743,0.18688299,0.34298095,1.4561304,0.15629183,0.7913377,0.8600896,0.7149029,1.2192463,1.251502,0.14328545,1.0111314,1.3600796,0.8951145,0.5465318,0.37106237,1.6020757,0.7712325,0.6916591,1.6796908,0.31968907,0.32580742,0.29561532,0.97415453,0.11883632,0.15784968,0.014841698,1.6494783,0.49478385,0.47687382,1.6713746,0.6942709,0.40217277,1.7632164,0.0,1.6648784,1.0149674,0.27237436,0.0044010915,0.940115,1.016762,1.3519217,0.2888529,0.13213845,2.2033238,0.28437418,0.076901555,2.8770418,2.1006093,0.21668996,1.1539577,0.18517631,1.366013,1.062089,0.7389221,3.5807924,2.9973676,0.13818686,0.14357391,0.51157033,0.057852384,0.14650983,0.3519619,0.29390436,0.28882408,0.8537674,0.4695669,1.2794816,1.0100719,1.9058479,1.4502971,0.46211958,0.9143228,0.2379169,1.485397,0.4968504,1.1412884,1.7404325,0.8853,1.1494923,0.08862592,2.5307777,1.8257492,0.28449294,0.39591992,1.3336998,0.51212996,0.20184505,0.12647808,0.718616,0.50607115,2.813148,0.24741289,1.2552192,0.17197034,0.66857433,0.50263155,2.316831,0.17434159,0.68942547,2.0186346,1.6286438,0.2312649,0.19612837,0.71865034,0.044608567,0.41082838,0.2645271,0.7320493,2.2439854,0.2360461,0.87469405,0.24516654,0.26435488,0.8807655,0.05459829,0.58460295,1.7181866,0.84745973,0.3825403,1.232433,0.21611464,0.1867663,1.2255576,0.5711878,1.1021067,0.28741688,0.1444284,1.5498962,0.8877413,0.049635973,1.2813003,0.011252223,0.11559732,0.22000141,1.428507,0.64476955,2.1256537,0.9514524,0.8874426,0.5618705,1.2481542,1.5655253,1.2831885,0.041850097,3.0465188,1.4295282,0.6387171,1.8222158,0.77077293,0.21150061,0.33344758,0.48928216,0.88484395,0.72645926,1.184104,0.41229212,0.1116789,1.2170763,0.7497937,1.4000672,0.06168956,2.6777313,2.2362034,0.9688632,0.12154757,1.905507,0.41650328,0.14553136,0.008205737,0.6934349,0.060179044,0.38403222,0.78433615,1.4086066,0.088243105,0.08349504,0.12630917,1.8659935,0.64541024,0.5963038,1.0607356,0.59743303,1.0089933,0.31526652,0.75010353,1.3806759,0.16710918,0.33672425,0.2290917,0.36815807,0.31694323,1.9596407,2.9664493,0.03650937,1.2980337,0.019603927,1.0232233,0.030828075,0.22460082,0.8073164,0.3699593,1.3351132,0.30423382,1.6635671,1.0513201,2.2922568,0.05851077,0.7223263,1.5628543,0.31782767,0.21088475,0.76209366,0.7157023,1.8985268,0.6085182,0.88491136,0.7153193,0.0031504435,0.7329237,0.82313406,0.62799287,1.7355115,0.1280553,0.6797416,0.48963827,0.33903518,0.7781845,0.5830214,0.4065299,1.545686,1.5773338,0.052395158,0.0,0.4808893,0.6751467,1.1022263,4.969747,1.0136636,0.7866756,1.4962771,2.170323,1.6212459,2.1375427,1.6908605,0.821108,0.08469671,0.17752233,1.951233,0.45069784,0.5318119,0.098394506,0.06737672,0.48982483,0.1776808,1.1240733,0.0,0.04476883,0.08489142,0.5117375,1.7532402,0.9704652,0.08888537,0.620049,1.0546168,0.5409645,3.8677237,0.2694378,0.535976,all_pothole_images\pothole_images_new_image_27.jpg
0.94564366,1.6008626,2.6034591,0.0,0.3154859,0.16760504,0.11257998,1.8222854,1.4397788,1.8765613,0.6325604,0.48201853,0.1333135,0.40412742,0.79480135,0.21209456,0.5268179,0.833807,0.20351323,0.06667361,0.13056903,1.0764439,0.21457165,3.468346,0.5871258,0.36033216,0.07152503,2.1699524,0.102194756,1.1243813,0.37243462,0.6345017,0.42900467,0.4562603,0.5792249,0.6497784,1.544715,0.73841614,0.2076828,0.877309,1.085204,1.84351,0.5246552,0.82173234,0.049663104,1.2533405,3.0418644,0.4115518,0.8089313,0.40410504,0.63087004,0.23669067,0.99556094,0.1189438,0.66396594,0.13899802,2.3768158,0.0,0.59281063,0.9363247,0.010937092,0.33220258,0.23723115,0.18202649,1.4427766,0.50653225,0.9899267,1.7683644,0.9895216,0.46672097,1.3739971,0.020579385,1.2991414,1.4241012,0.057102684,0.88005406,2.4240327,0.40854466,1.0983131,1.397166,0.4878151,0.59112686,1.275105,1.2509339,1.3736161,1.0016079,0.50268984,0.3583697,1.4279554,0.49063814,1.072108,0.49632487,0.9511379,0.559146,0.13685331,0.67193854,2.5187173,1.1756839,0.7299342,0.16837606,1.0313586,0.37130663,1.3515897,1.0028915,0.5898146,0.09458269,0.40114957,1.6754754,1.0947738,3.8237348,0.7090877,0.64422596,1.457754,0.57715124,0.85691535,0.8177231,1.3011037,0.52001244,1.3170264,0.9524957,0.42010823,1.030766,0.7938655,2.0911512,0.19760026,0.642402,0.55807966,0.24479167,0.87553,0.44354323,0.23202504,1.6935533,1.4798176,1.7656145,0.014059047,0.10841462,0.499839,0.6256618,0.06439819,0.39846835,0.77195084,0.0030561846,0.63569343,0.47880086,0.10549408,0.4547896,0.03478491,0.13552442,1.1072195,0.84650546,2.2357287,0.11660094,1.394685,0.13880326,0.53424734,1.0198847,1.0139464,1.3697245,0.20629819,1.1491996,1.5153627,0.30665866,0.8146414,1.3390973,0.32663375,1.0855199,0.20243326,1.0666829,0.1282887,0.71073943,0.57722485,1.1657677,0.3855041,0.58676445,2.911596,0.015149961,1.4206737,0.55587065,3.4536705,0.7781967,0.7236441,1.7380089,3.8467503,1.6804568,2.4123728,0.8068706,0.54726917,0.36789018,1.4059359,1.4348202,0.42530215,0.2569951,0.7551575,1.240437,0.92311203,0.40868974,0.3276955,1.1794566,0.53632927,0.50785583,0.037856054,1.7064638,0.18466073,1.3917395,0.06393801,0.36778125,0.44706765,0.35240453,0.3382518,1.706443,1.1986768,2.2713463,0.70766556,2.9360743,0.5248169,0.98071736,0.909803,0.338731,0.9631184,0.2655402,0.7739599,1.1212977,0.038706925,1.1114148,0.14210415,0.48622504,1.7945964,2.6430411,0.16172409,1.3810865,0.4367817,0.19753133,0.45106518,0.9403862,1.5671331,0.18685515,1.1149124,0.23685528,0.6979884,0.047920242,0.20761675,0.98670787,2.635954,1.3753668,0.4012319,0.6640102,1.0385563,0.38579684,0.5375846,1.2723742,0.4654311,0.6620293,0.6290144,0.81091946,2.325158,1.2428226,1.3357382,0.3139707,1.0522743,0.29181123,0.006191192,0.49838644,0.75509346,0.49453205,1.3420752,3.3604355,1.8987916,0.44732627,0.32578838,0.65082765,0.52430445,0.3063763,1.5103308,1.2829328,0.9562117,1.1642016,0.52907366,0.997028,0.24668778,0.5753027,0.78985167,0.213612,0.59501326,0.39779186,0.7805232,0.12738152,1.9078242,0.16755138,1.3204068,0.012469996,3.0699925,0.29833287,0.52901995,1.635201,0.18448849,0.51061416,3.1019607,0.45373377,0.22412625,0.1723916,0.13167472,1.0928494,0.04538249,5.2926807,2.0934243,1.4336051,0.42988524,4.380393,1.346507,0.0483332,0.76202124,0.34812272,4.374785,0.36382627,0.123388894,4.13981,0.59937894,1.2509633,0.43283466,1.9311632,0.54992145,1.938816,1.1463121,0.07347339,0.6875537,0.69275725,1.3699104,0.6049004,0.91729206,0.11821295,3.5888073,0.81418216,0.123548836,1.3391241,0.4606588,0.1460776,2.1330898,0.99936783,0.35163704,0.77678686,2.5510507,0.8255939,0.82900906,0.3756343,0.51009834,0.67521554,0.7620619,0.12179662,0.49556404,0.7631241,0.19196488,1.3842478,1.0946268,0.61792636,0.2685441,0.71526223,0.15866975,0.17164207,1.0244339,0.35148704,1.749332,0.26785854,1.506412,0.4809437,0.0,1.6674304,0.23048936,1.2300156,0.12548886,0.91968775,1.3000367,1.3202642,0.15987195,0.7076236,0.9240509,0.4705869,1.2641011,1.452257,0.19292752,1.1085603,0.2063635,0.20334367,1.1136779,0.971956,1.0995586,0.0780929,0.65252095,3.285123,0.2630557,1.9098268,0.46685502,1.9578462,0.67727697,0.7424439,2.481482,0.30050635,0.4786488,0.2436258,0.3282589,0.5028405,0.99013126,2.5358038,1.7809998,1.3836133,1.4143333,0.08579287,0.09284221,1.1907282,0.91386503,1.0090609,1.0955986,2.2360263,2.014053,0.39839336,0.10617737,1.0664424,0.32673785,0.13760115,0.37122792,0.734239,0.08595194,2.066251,1.6189073,0.34750506,0.9990066,0.90370584,1.0208082,1.3745849,0.4834749,1.7857281,0.008811285,0.91895825,0.74160236,2.7753742,0.63750505,3.6872768,0.5072978,0.110149235,0.47472742,1.3619483,0.99173594,0.66202086,0.44913217,3.089072,0.2982607,0.85296357,1.0304435,1.6949509,0.81337965,0.6067971,1.2944206,0.9862097,1.4068742,0.41258997,0.6174755,1.706826,2.6308115,0.7984493,0.4623624,0.76883966,0.8770162,0.48886743,3.3634756,0.33164877,1.6854957,0.5335425,1.4558532,0.62529045,1.1929415,1.5564623,1.0990771,0.43477604,0.20348945,1.0784847,0.608698,0.62604207,0.06468357,0.28542635,0.9161065,2.3140419,0.98235,1.3744005,0.46874174,1.3210075,0.016933845,2.7482097,1.3480124,1.4355562,0.8335244,0.8195326,1.3493965,0.17252956,1.6028059,0.565182,0.3978878,0.97795767,0.6747276,0.90741616,0.6037188,1.495665,0.5029995,2.9653761,0.294606,5.7095265,0.3715972,0.8721922,0.07381402,1.3741329,0.82085395,0.21214454,1.4056407,0.67083466,all_pothole_images\pothole_images_new_image_270.jpg
0.5435843,2.7115884,0.9138153,4.0897694,1.1209544,0.12751403,0.04827549,0.09167611,0.8134281,0.8285927,0.51432884,1.3480567,0.73493207,3.5189123,0.0,0.5867613,0.2819011,0.5558938,0.84164274,0.45491806,1.8008713,0.19507964,0.88675255,1.4641985,1.8583816,1.3027855,1.6887733,0.83744437,0.4369034,1.0219536,0.79260564,0.012997878,0.8270002,1.2924404,0.6292881,1.3448446,0.9564584,0.83019024,0.9969387,0.4203033,0.62134445,1.2037544,0.75665694,1.9020538,1.4512731,0.17269447,0.7036083,0.13062063,0.64843076,0.6555982,0.59254533,0.72164905,0.09970259,1.0510943,0.58090544,0.3102468,1.2156636,0.124593526,0.75151914,0.75537175,1.8370454,1.0293757,2.0095117,0.57143795,1.0977052,0.82362914,0.7277919,0.5684925,0.97057813,1.0361334,1.8698932,0.8210149,0.86553943,0.2649446,1.0220488,0.282342,0.54885787,0.981087,0.04848358,0.37202638,0.718702,1.4454271,0.5238347,1.483928,0.47987473,0.8196771,0.56612295,0.11962587,2.4849837,0.7816473,0.47887233,0.702824,0.69237924,1.7644131,0.34087363,1.0164511,0.95872664,0.85426563,0.81815237,1.8532794,0.59694237,2.2092345,1.2531599,2.3888173,0.9102728,0.45900726,0.50099784,0.14069538,0.72460735,1.6463598,1.2124043,0.84542936,0.23234965,0.21529296,0.61551493,0.29545668,1.3729057,0.16805981,2.8623936,1.6040586,1.107781,0.58040684,0.6074255,1.8330826,0.71144897,0.8267056,0.23882212,0.3118106,0.31098598,0.22889195,1.1256146,0.20746441,0.75906175,0.0020276357,0.5014458,1.687442,1.8028237,0.33495638,0.73201835,0.12910353,0.24647081,1.1713867,0.82490975,0.7680336,0.6316979,0.44044423,2.6903424,0.33657393,1.1300043,0.79642314,0.2376765,1.2347679,0.25651562,0.549124,1.4109468,0.40911067,0.5289355,1.6164625,1.3860699,0.54709506,0.3968801,0.384263,0.5028486,1.9589902,1.3399739,0.23532875,2.3037584,0.6342179,0.065758616,2.3723698,1.5290939,1.096155,0.5981455,0.25137192,0.6520392,0.12203385,0.81129354,0.3069547,0.32667774,0.37543976,1.0697706,2.758637,1.7909788,1.0768099,2.6244044,0.8030685,0.61719066,1.2422558,0.62770367,2.238716,0.31877363,3.5535874,0.84999955,1.7687813,0.8731529,1.3651744,1.2928541,2.2338398,0.56043166,0.17761253,0.349225,0.35423473,0.5908449,0.25397217,0.8670703,0.19439057,0.54911023,0.08772446,2.0374928,0.650831,0.44668937,0.8433718,1.1982635,0.3487678,0.4677437,0.23823383,0.34662366,0.47715035,1.180326,1.1164875,1.7209861,0.46741182,0.10040433,1.0841452,0.8655826,0.75409585,0.6385846,0.43061236,3.1913538,1.8515991,0.62057567,0.4643359,0.9186356,0.9299052,0.7935286,1.0601534,0.388773,0.97341156,0.23149207,0.4284747,0.13630222,1.4418561,1.0418168,0.28408197,0.44497687,0.2227951,1.2614653,0.15707394,0.71961725,2.8424013,0.20361266,1.4334991,0.9260662,0.18253307,0.4461335,0.30795076,0.6188869,0.57793146,0.7360547,1.9462806,3.5891035,2.9462862,1.6849473,0.67616737,1.51253,1.6320187,0.85585797,0.49588388,1.4849014,0.32154137,0.9927662,1.3918185,2.886861,0.3346142,0.0655785,0.27908885,0.3163663,0.5956248,0.047618806,0.0905948,0.16590324,0.45527682,1.6993825,0.6880896,1.7320095,0.16260318,1.4009916,2.0080986,1.3296754,0.29195383,0.015574766,0.3838356,0.43557453,1.8269207,2.6393383,0.71104926,2.6566002,0.18768941,0.7667588,1.5251737,0.25568599,0.5262592,0.18671265,0.9258606,3.3446355,0.9350215,1.1276163,0.17490356,0.2553202,1.8176531,0.6138153,0.96986926,3.9942658,1.5207226,0.48182863,1.0554435,0.28226522,0.16894463,2.3534265,1.3370678,1.1844634,1.9103848,0.79284626,0.07069701,1.4638307,0.73507446,0.45934036,0.36054388,0.4610985,2.3783388,1.4075576,1.2164896,0.5149329,0.94740665,0.34986892,0.18599813,0.32430452,1.251226,1.0224645,0.028320214,0.43088698,1.700012,2.0240676,1.2768142,0.28526548,0.35016328,0.55801034,0.23777097,0.93591183,0.2332868,0.7938144,0.14538535,1.2835841,0.3223917,2.1047416,0.5924033,0.6956869,0.54460734,0.2281743,0.75185925,1.0350944,0.9715916,0.05129519,0.95991755,0.71981966,0.91236734,0.25677425,1.6011546,1.107285,2.2040117,0.07766318,0.9373013,1.6946968,1.6760032,1.0138607,2.5755475,0.69357276,0.66400814,0.44434622,0.9778338,1.6114022,1.663444,0.12759082,1.5488809,2.0083451,0.4985976,3.7244155,2.3765917,0.7910655,2.4808116,2.116661,0.38644844,0.6266334,0.101920515,0.026093448,3.2662983,1.4167079,3.167389,2.033595,0.28634036,0.35878626,1.0169299,0.19353306,0.95362985,1.372557,0.8263006,0.926523,1.5389872,0.34365124,0.23186947,0.41404766,0.015695652,1.3045107,1.2552797,0.2610199,0.9185082,0.53934157,0.78160655,0.066174164,1.4904795,2.4029634,1.5087258,1.3959413,2.356848,1.0398293,0.62505007,0.749569,0.39822808,1.0591245,1.2409875,0.21918081,1.4145446,0.48707154,1.1873592,1.0264065,1.4603189,1.1809682,1.2479136,0.8801165,0.691843,2.7215524,0.85881126,0.4561225,0.2538281,0.24296425,0.70114464,1.1754776,0.011226749,0.5042476,1.6256806,1.1157974,1.6026928,1.2938517,0.5748537,0.48900872,1.3671126,0.91876334,0.064135075,0.6546852,0.048885822,1.5839803,0.53968364,0.28184393,0.35617384,1.1737313,0.84346277,0.81729203,0.034535717,0.14495443,1.8910217,0.24211797,0.863607,0.25577512,0.83666134,0.92296606,0.31999308,3.0049033,0.59864575,1.0958954,0.032723714,0.4312864,1.2158629,0.94631964,0.99779916,1.6056943,0.72044724,0.43790424,1.0139933,0.8869683,0.17206742,0.013678175,0.62868375,0.16729383,0.9964766,0.1370657,0.28985104,1.1669352,0.021545429,1.2432203,0.07177217,0.3803963,1.989462,0.5855095,0.45510092,2.5883691,1.1317688,0.83637005,2.9923565,0.81445146,0.23823823,1.941649,0.64641356,all_pothole_images\pothole_images_new_image_271.jpg
1.9721812,1.1798749,0.16950406,0.62686163,0.09039717,0.2617011,0.71082467,0.9072459,0.72139364,0.27690062,0.39380103,0.9488404,0.73180884,0.2384554,1.6011919,0.1159379,0.07094574,0.0,0.8409737,0.6348289,0.36767858,2.5065744,1.0223831,1.1499883,1.1267428,0.51504296,0.2157736,1.9371282,0.2593298,0.48538086,1.4947882,0.91434133,1.3114849,0.19106312,0.3576281,0.0,0.083780855,0.6292188,1.1611952,1.9021313,0.0007673316,1.0834701,1.213996,0.28125653,0.8196987,0.36139074,0.76983345,0.39458287,1.0748585,0.31556606,0.33214688,0.15961723,0.81155497,0.16707163,0.5872786,0.81925815,1.018736,0.6182449,0.029509867,0.22065197,0.45884466,0.32338518,1.2508358,0.6319699,1.0816174,1.8588365,0.17935552,0.7336161,1.4309291,0.2138539,0.008622635,0.4170807,0.25567734,0.066963956,0.010052112,0.6970858,0.4029073,0.43483353,0.9804259,0.57185477,0.093932696,0.4626224,0.14264758,1.5430331,0.2399074,0.9427583,0.20260808,0.23458731,2.83059,0.050435532,0.64955044,0.5059518,0.37225825,0.823408,0.23581721,0.07178844,2.6772337,0.21594247,0.884727,0.54484904,0.15127623,0.7019179,0.016555095,0.8743841,1.8598676,0.507941,0.7659137,1.0773488,0.14698209,0.6080646,1.6837791,3.0130863,1.3819509,0.40062985,0.47935468,0.6059382,3.2974634,0.3855247,0.40851796,0.27147755,2.6542695,0.18912712,1.0593419,0.7522263,0.7791621,0.27939543,0.359249,0.50793904,1.2901307,0.5658488,0.3686456,0.024001185,0.023480482,0.045452047,0.23413108,0.65896857,0.41547218,1.1132866,0.20498563,0.19410947,1.3633592,0.6414141,0.5099975,0.81404924,0.5233297,0.44408026,0.25345507,2.9295695,1.2541264,0.2674379,0.57518286,0.28167132,0.8413447,0.7345101,1.1471188,0.15230595,0.72679734,1.2317446,0.3967588,0.2006403,0.5497093,0.082116485,0.19502896,0.7316421,1.9007045,0.3502746,0.4270208,0.41257802,2.0642831,0.2045542,0.03747668,0.055921447,0.010663194,0.053345878,1.5303507,0.6820209,0.8782805,0.19989268,0.080256015,1.5613621,0.529715,1.8964585,1.7960852,0.28104597,3.946971,0.22158942,0.5978656,1.1077143,0.15497863,1.0275364,0.7005857,0.009480401,0.013214354,3.3576245,0.5107654,0.33119658,0.013259289,1.9989891,0.18518108,1.2805755,1.6457417,0.86373526,3.2173817,1.2219483,0.15113033,0.43307704,1.5102838,0.73739475,0.10535547,0.7957446,0.08109237,0.097311065,0.43780905,0.380177,0.06856579,1.2237513,0.32983187,1.0283437,0.53488994,0.11094797,0.7148517,0.6849828,0.93679327,0.89692205,0.42181224,0.4373912,4.1109443,1.1227865,0.28108698,0.6204949,1.5265342,1.0425241,0.5769676,1.3425684,2.0126426,0.44072244,2.4943933,0.07698273,1.7694812,0.457246,0.9210564,0.045396294,0.4227425,1.1001536,0.068033226,0.07038041,1.7148784,0.74976104,0.076510936,2.015872,1.769687,0.40375215,1.5330536,0.10026834,0.81101406,0.022717483,0.7362054,0.42373875,1.032065,1.3917258,0.097248174,0.29783064,0.12974632,0.94950587,0.29635397,1.8087646,0.13037193,0.35267857,2.3546357,0.97666526,0.07616545,0.9138484,0.29091763,0.53926426,1.335044,1.7169871,0.9985866,1.7905631,0.056568574,1.5993724,0.32219556,0.63900435,0.41803148,1.4781643,0.8530207,0.72230387,0.806353,0.98604816,2.1236868,0.6060921,0.6130986,0.054118227,2.0782948,1.7702761,0.24993692,0.69832873,0.09686285,0.12659116,0.75795704,0.096892975,0.18969746,0.879283,0.2432141,0.19321921,2.5935917,1.329653,0.0,1.1650407,0.08386111,0.5486904,0.15143152,1.721394,2.1571991,0.4722221,0.022008799,0.22592738,0.0013539302,0.6078273,1.4679059,0.042910304,0.8344866,0.014367155,0.0,0.26917118,0.9529873,0.32790783,1.3025032,0.3714103,0.09441558,0.52195346,5.4769983,0.41678125,0.15485427,0.54669994,0.8068757,0.21494147,2.1520085,0.4642289,1.0649534,0.16125904,1.125059,0.4512526,1.8486875,0.91110307,1.1436017,0.007102393,0.89243424,0.7340396,0.9329501,1.1061465,0.89309174,0.40519437,0.809001,0.37338504,0.16851324,0.32415974,0.9263754,1.4245969,0.65548116,0.19915216,0.21289122,0.20139112,0.66703796,0.41466355,0.0,0.16049261,2.4646041,0.87316597,0.31550923,0.0,2.9580853,0.17537686,0.15503018,0.112298846,2.3562117,0.0861305,0.22614074,2.528001,1.4180105,0.50394255,1.4594393,0.0655665,1.4029632,1.5218773,4.470049,0.9060376,0.70857984,0.44670424,0.086947426,1.875378,1.5692542,2.0671167,0.020353483,0.13881302,0.8100455,0.051795658,0.67899704,1.3233085,0.45113862,0.62363786,3.6521993,0.76423514,1.6632186,1.1964774,0.17150074,0.7374887,0.7830409,0.19325061,0.7039267,0.4284511,0.54076767,0.14804143,0.96121836,1.0657392,0.83431727,0.6736883,1.0111395,0.104504,1.8391577,0.19670373,1.1452775,0.1187351,1.575047,1.4212577,0.8585525,0.15621111,0.18173411,1.3896215,0.6256244,0.15573263,0.10983424,2.2768214,0.40744555,0.931923,0.05338478,4.035082,1.0080739,1.0110745,0.9747603,1.4613825,0.65710783,0.04024942,0.3196643,0.72553647,1.0960158,0.31392184,0.60469854,0.47650605,0.16172788,0.50193906,0.62896776,0.5299984,0.03935863,0.6980382,1.3808005,0.89097625,1.5437533,0.52860546,0.6313072,1.9352938,1.1633252,2.405953,1.4135058,0.2616863,1.4331719,1.4474158,0.27508417,0.17619355,0.80950165,1.5260903,0.65738297,0.283225,0.6165729,0.12001016,0.7974498,0.40140498,0.72196585,0.7777205,0.7995075,0.2614109,0.4856361,6.540909,1.2506708,0.60750896,0.1438892,1.6966636,1.2979717,0.2312687,0.14433081,0.22782901,0.047538567,1.0860325,0.27136207,0.101600744,1.8766236,0.62141186,0.38952038,0.36613375,0.50883055,0.9670049,0.8434124,3.3691237,1.2668071,0.16217552,0.20331742,2.2533634,1.567947,0.45495415,0.91477776,2.3256698,0.98076713,0.0998478,all_pothole_images\pothole_images_new_image_272.jpg
1.0736817,0.97778445,0.23814043,1.4334333,0.5475667,0.016612196,0.45946988,0.19748116,0.6478684,0.22124897,0.15545546,0.45011398,0.75609535,0.6633014,0.047429707,0.038883343,0.058629546,0.106550895,0.31234238,0.10247051,0.53135324,2.7334912,0.008650892,0.9764435,0.5055672,0.7600968,0.04279049,1.2814738,0.14746004,0.62250316,0.48951542,0.013416543,0.3860408,0.6412158,0.71066064,1.0286713,0.38193595,0.44832858,1.5005047,0.023293152,0.0008656984,0.0,0.10640923,1.1495368,1.064672,0.026906889,0.26201022,0.27279386,0.24897462,2.2736728,0.727781,0.120439924,0.054466076,0.0,0.0,1.4949852,0.9654485,0.45032787,0.55632764,0.035467915,0.012799546,0.08827184,0.2920817,0.25954744,0.3889346,1.2128326,0.26370475,0.0,0.25085422,0.9667824,0.0,0.3623675,0.65314215,0.016457986,0.6721073,0.019686354,0.5525004,1.029688,0.16495992,0.34352106,0.0022925697,0.0050035315,0.13328522,1.6565232,0.92094505,0.12918931,0.0247475,0.20779897,2.751761,0.14443941,0.44741443,0.063925914,0.40314737,0.27605113,0.15850385,0.0,1.032259,0.23955326,0.34873503,0.061244767,0.0040736645,0.4451519,0.12127008,0.42662242,0.88589644,0.06441043,0.18618529,0.0014712418,0.11946947,0.07098285,0.0,2.0468524,0.80538166,0.059940692,0.06932526,0.96436274,2.6286156,0.7123891,1.4620267,0.05812051,0.6425331,0.25295967,0.22872534,0.073531486,0.23186982,0.8039177,0.81406665,0.69819057,2.1549795,0.022974549,0.22519986,0.0,0.02739579,0.0051143253,0.7380939,1.0071675,0.21512206,0.46285304,0.7197672,0.001686424,0.6083127,0.2986989,0.20273331,0.9109992,0.026150396,0.5800878,0.05044833,0.12911023,1.1927412,0.3451274,0.6263411,0.66143596,0.049057763,0.07338718,1.2861129,0.460025,0.5106102,0.005186977,1.0258216,0.97549623,1.4459612,0.82929903,0.16580413,1.1854532,0.077316746,0.7541542,0.26337883,0.018084036,1.4946524,0.48610958,0.04207972,0.0,0.0,0.1219938,0.9992152,0.0012852496,0.06693812,0.0,0.12750053,0.2600371,0.0069575957,1.249285,2.1247563,0.7059186,4.305717,1.2890993,0.48447996,0.8380864,1.1596106,1.4261935,0.64341486,0.6448134,0.009905728,2.1359406,0.09771332,0.0,0.25384998,0.5911265,0.12898406,0.39479664,0.11916918,0.99922234,0.919185,0.9814448,1.9671501,0.4338585,0.13615094,1.1064562,1.4625745,0.29436702,0.0,0.0,1.1205046,0.20128489,0.82394207,1.698098,0.01548239,0.35892093,0.17543717,0.0,0.4548191,0.13963291,1.1526467,0.417984,0.0,0.2696401,0.28602687,1.5325995e-06,1.4546943,0.005594299,0.016269179,0.067559846,0.9128389,0.41666335,0.32839966,0.11582086,3.1918478,0.079642706,0.02261435,0.30197135,0.012683527,0.08863825,0.022920588,0.008765955,0.21749073,0.048635166,1.0653739,0.094823144,0.93561965,5.5925765,0.46320856,0.18131703,0.69330347,1.486382,5.9453334e-05,0.3860244,1.1546751,0.518056,0.24011701,0.95754474,0.13404717,0.023471633,0.6032089,0.32679963,0.5050606,0.21623096,0.3552946,0.44909224,0.08238228,0.32861155,0.053342875,0.000651754,0.0,0.15445055,1.2236737,0.6034001,0.23962067,0.3072387,0.42201793,0.72524524,1.3775884,0.5092384,0.09707657,0.04867927,0.18052408,1.8666357,0.12535912,0.016537918,1.5033585,0.64171207,0.05331167,0.0,0.012880584,2.230555,0.010142712,0.0046454654,0.10992199,2.8758676,0.55463207,1.4260437,0.07891002,0.88912636,0.0,0.17466895,5.5050955,0.08906167,0.030391892,0.5421988,0.007294465,0.29533654,0.47699013,1.1930552,3.7909286,1.9225779,1.1208066,0.37834358,0.24213368,0.31438673,3.4687307,0.102887295,0.05421455,0.24778035,0.05277766,0.6218044,0.05532794,0.82825375,0.8017855,0.0,0.6724646,0.06112651,4.803845,0.6963901,0.06264397,0.0,0.011657843,0.13313358,0.98742396,0.10279657,0.09731519,1.1745985,0.42810392,0.10347218,1.5301229,0.27134138,1.2820233,0.4871762,0.0,0.25297004,0.20798016,0.5040453,0.070910625,0.15791589,0.15043229,0.19106658,0.03194612,0.0822459,0.17482615,1.128621,0.9513625,1.2162037,0.027642358,0.00485609,0.3000787,0.46631163,0.052077785,0.04055628,3.1488562,0.34203216,0.35640526,0.06707381,1.1462206,0.26677227,0.6972678,0.0,0.09493173,0.8746507,0.0,0.022789553,0.7381816,0.5006316,0.13562706,0.121928886,0.58991593,1.2828488,4.8043656,0.1743573,0.6356059,0.020139562,0.030005233,1.4626483,1.5101604,1.2243068,0.09476231,0.55278635,0.14128262,0.14149207,0.7716171,0.025252933,0.07434716,0.12507273,2.5959005,0.17302166,0.1658165,0.18661182,0.39668417,0.015276506,0.4878061,0.2588016,0.023218617,0.001502273,0.31862006,0.32339662,0.138408,0.969618,0.065713376,0.041157022,0.2561644,0.2640699,0.5506386,0.012282657,2.3390036,0.439813,0.021971801,1.3935847,0.85499877,0.12650813,0.5563514,1.1259714,0.008364347,0.7855889,0.25682896,0.05118018,0.4674452,0.8124082,0.17555733,2.9286165,0.06959091,0.67871094,0.1715617,0.51795727,0.09441958,0.38710853,0.38718024,0.61451197,0.5657013,0.007278388,0.28271452,0.030087506,0.02544262,0.56871307,1.311525,0.042438515,0.41673183,0.8656316,1.4699559,1.3302668,0.015101739,0.038312547,0.057468206,0.95669055,1.1201776,0.26601234,1.3774042,0.0,0.5957488,0.04645584,0.21410623,0.003980225,0.10112053,0.47612768,0.47619286,2.1717024,0.34126833,0.32605648,0.890523,0.56299317,0.12432831,1.1894729,0.83471745,0.09393538,0.062463157,3.618542,0.8858058,0.3147282,0.053794954,0.2514899,0.32480574,0.065077744,0.79328495,0.03551809,0.22562803,0.5341786,0.3186309,0.026769515,0.03865214,0.0,0.028502893,0.41573593,0.0,0.068372674,0.0,4.659689,1.098397,0.07191168,0.31002495,2.6270132,0.09968148,0.099048294,0.9154377,0.47986063,0.3471273,0.719086,all_pothole_images\pothole_images_new_image_273.jpg
1.1710759,2.3716836,2.089269,3.3133373,0.5902883,0.4330777,0.38233986,0.6613918,0.36072403,1.6151173,1.0458987,0.011132065,0.60865414,3.249384,0.55244786,0.7086368,0.16462263,0.18012431,0.28073356,0.20652603,1.0922496,1.1748557,0.7448884,1.9361706,0.5568467,0.41716468,0.037795715,2.452473,0.8092777,1.7312644,0.9015991,0.2174015,0.5500787,0.68492836,1.1373333,1.0677484,0.73875386,1.4526343,0.33226067,0.20861603,0.6555747,0.5640536,0.7440527,0.3021132,0.9975613,0.49115315,0.4044925,0.047544867,1.3642497,0.15243763,0.5361718,0.43835083,0.92086107,0.0020902436,0.6977382,1.573717,2.907823,0.13508195,0.34099317,0.63965476,0.4598259,0.17693844,1.8629318,1.0303327,0.9675832,0.7913293,0.06240722,0.026858404,0.3138413,0.7673463,2.3579314,1.0753745,0.5932349,0.8310161,0.42646915,1.3195662,0.25761718,0.27843356,0.85200274,1.018687,0.46239293,0.8479808,0.5464126,2.7282982,0.35647154,1.2828141,0.6510068,0.27435002,2.5554056,0.2901901,0.17124148,0.72399306,0.39200872,2.1134827,0.9598229,0.41470984,0.09493813,0.26192415,1.7761569,1.4556844,0.29454643,2.917757,0.35773072,0.9612227,2.0013502,0.0,0.25475818,0.9141732,0.90766555,0.3869609,0.17181781,0.67113423,2.0823634,0.59147626,0.73934996,1.0114827,1.3876709,0.25044692,1.6360252,0.80740446,1.3070598,0.5720874,1.865169,0.8208422,0.4187088,1.539968,0.90078515,0.5389525,0.8890356,3.1644964,1.2436861,0.12256992,0.34192738,2.3991616,3.6060877,0.90196776,0.88299495,2.7222397,2.5928998,0.39257875,0.47902292,0.35035098,1.069847,1.9257861,0.8364016,1.3442434,0.0,0.14808573,1.4767783,0.8336116,0.8624086,1.0194404,1.1546631,1.338343,2.707243,0.74539274,0.7789005,0.7517767,0.2907035,0.8034597,0.9911438,1.5213112,0.66941607,1.6484662,1.8146769,0.4189934,1.3212456,1.7716473,3.9080343,1.911098,0.57675207,0.22515695,0.42315423,0.8755242,1.2832334,0.55298936,3.11702,0.7480746,0.15160492,0.9192725,0.33479193,1.827098,3.0877318,0.5647673,2.0817163,0.7349681,0.54303074,0.9092156,0.23751083,0.47994205,0.42639115,1.0927497,0.42941323,1.7658844,0.6655365,0.78218037,0.10508971,0.8077353,0.5902939,2.0542758,1.922607,1.9866416,1.1322173,1.7517258,1.8802786,0.63776284,0.1415164,0.44558367,1.8267632,0.30742255,0.33824772,0.9243131,2.634224,1.3135849,0.8125679,1.5838797,0.8265768,0.35301244,1.1975727,0.5423387,1.9831823,0.6078325,0.9546052,0.46827832,0.045792025,0.16321623,2.3753648,0.5591999,0.48005223,0.1913081,0.18279177,1.5676469,0.25059637,0.7693459,0.98860765,0.7039928,0.96375704,0.34516278,0.5748256,2.0355937,1.4719139,0.75065875,0.69912237,0.6041511,0.671278,0.106003605,1.2671497,0.3100447,0.43644452,3.7755282,2.617893,0.4039425,0.14063211,1.1887006,0.33105752,0.19764139,2.044237,0.6659646,1.2284236,3.7408836,0.7397195,2.3206217,1.5421511,0.36283624,0.4455153,0.54925996,0.049030513,0.33276406,1.7336859,1.2700185,0.08162768,0.113778576,1.3469658,0.033658408,0.076745875,0.6907425,0.3215751,0.9218529,1.1967269,1.2045614,1.3977871,0.21038558,0.27937466,4.2363243,2.6714532,1.8057948,0.66099113,1.4195645,1.4795806,0.7397034,0.35754523,0.527726,0.0012071829,2.4971423,1.8888456,0.13784023,0.15389943,0.91665816,0.8104167,1.2269322,0.023337595,1.0394258,0.19965668,0.9871573,5.139734,1.058277,0.09879753,1.2605932,0.25573403,0.532068,0.04232382,0.6366978,4.7789574,1.3526311,0.34768885,1.0172887,0.5951596,0.7553543,1.665293,0.29178354,0.5865687,0.27196434,0.3475516,0.8207368,0.49463737,1.3587071,1.4243759,1.6902376,0.6078915,0.74062586,3.211014,0.358888,0.01880925,0.23306751,0.4204755,0.62303245,1.6056887,0.9917797,2.150695,0.6773283,3.2882457,1.806481,1.9188442,0.54961884,1.1050801,0.035827737,1.4403306,0.29547212,0.22896357,1.410109,0.86286175,0.0649326,0.052474134,1.9539856,1.3933797,0.037440516,0.081080735,1.405866,1.0542976,0.5541867,0.046383843,0.13595296,1.4312533,1.4130676,0.0984904,0.24166554,2.2106276,1.6232175,0.07831603,1.8669292,1.3256261,0.4635118,0.34006462,0.67068565,0.85827106,1.3891993,0.16403486,0.18856756,0.29811135,0.668267,0.16148227,0.8932425,0.48372892,1.06187,5.138344,1.8959559,3.9758704,5.3822083,0.026517011,2.4481905,0.88366026,0.8436738,0.03424182,1.2110493,0.48208112,3.412376,0.5368837,1.9874156,0.29198176,0.12651247,1.4020938,0.40171972,0.19305462,1.1225368,0.15390933,0.37461057,1.0544138,0.6565835,1.1382711,1.0887665,0.5404633,0.059788626,0.30704728,1.2624508,0.13197605,0.31457162,0.47586483,1.7105308,0.5295215,0.8553857,1.8904836,0.46308398,1.7142751,1.7411988,1.7972684,1.0136492,0.8772859,1.884394,3.2607906,1.6528771,1.2425648,0.7064024,0.41743368,0.36461312,0.7160287,3.0775127,0.8310313,1.9379798,0.3434021,0.84328365,1.8607433,1.5442274,0.31430236,0.26401758,0.12021336,1.2146883,1.3205391,1.1029048,0.8218919,0.4808822,1.5460339,0.7134019,0.8951948,0.8822283,2.5158012,0.6092392,1.2936953,2.2806418,1.3094591,1.1644639,0.5667101,0.16413535,1.1154072,0.707153,1.4925472,0.47893125,0.23995796,0.09814421,0.90546215,2.3141284,0.84674644,0.39337146,0.54942316,0.35826328,0.45970473,0.5461425,0.8651794,0.76178265,1.5727903,0.49867702,0.5948045,2.7422023,1.8646739,0.10646083,0.12017431,0.9117226,0.6978236,0.8670364,1.2976196,0.19163544,0.15259668,1.1378838,0.21453549,0.1120348,0.6433753,0.6717094,0.050654285,0.3430532,0.56571364,0.92035115,0.740503,3.253064,0.37388346,1.0936079,0.51988775,0.052922685,0.8176906,0.7802941,0.644671,1.3015963,0.6479385,0.82113457,all_pothole_images\pothole_images_new_image_274.jpg
0.40873545,2.0428226,0.28612605,1.4446772,0.06177647,0.87326837,0.0,0.20627375,1.0587252,0.11935733,0.80849415,0.046332773,0.7178638,0.04766599,1.0133268,0.37660968,0.4517889,0.14525387,0.5846035,0.030850237,0.022801125,0.8935795,0.34097677,1.7484161,0.80029005,0.3779927,0.4540048,1.0176134,1.8805277,0.41158804,0.0046478636,1.1923451,0.40849736,0.2041473,1.4105644,0.811527,1.2489351,0.11967692,0.79476696,0.035250533,0.12729084,0.14872088,0.66694343,0.23549706,0.37480685,0.0,0.075939216,0.41573575,1.2816197,0.044565305,1.731989,0.9361787,0.3378271,0.08343914,0.3605763,0.39916053,2.4622118,1.2092903,1.083841,1.1246908,0.529355,1.1595552,1.6748693,2.174468,0.3617749,0.5620993,1.3506343,0.6398718,0.60085547,0.3479121,0.5524799,0.5504718,0.3757286,0.33736336,0.73302877,1.606509,0.22549683,0.5767864,0.26877305,1.8138225,0.17014782,1.2098907,0.07549807,0.7074509,1.4088801,0.91228545,0.6735588,0.06521599,2.2186794,1.9980663,2.1040075,0.5882999,0.531752,3.18591,0.85894114,0.023672473,0.27407497,0.61258143,0.87969005,1.0908889,0.043067485,1.5397086,0.2743316,1.05733,0.90399384,0.46907094,0.9496192,0.90765613,0.6634576,1.8055415,0.42872503,1.8105456,2.2707992,0.54772097,0.5534677,0.49438763,1.7610914,0.74652797,0.8904951,1.0660584,0.60383517,0.8268932,0.14955938,0.47784984,1.8649151,0.87524444,0.555547,0.5225489,1.6895642,0.100406125,0.55880445,0.9234015,0.58776957,0.08658076,0.2826694,0.23637962,0.4267987,0.25503767,0.45381397,0.6331131,0.14991796,0.48203775,0.7895101,0.22072165,0.3050147,1.8369664,0.36410877,0.6299788,0.37714297,0.74640965,0.024673583,1.0860997,0.19538645,0.07940054,1.2151728,1.9668723,0.9004281,0.22045065,0.2954265,0.059462007,1.5399518,0.43738204,0.6346326,1.4588681,0.45217338,0.0,2.2610304,0.12007813,0.3652399,1.176853,0.14755157,0.901634,0.9718636,0.2855044,0.82851267,0.69928676,1.1754636,0.002251517,0.3734126,0.09860938,1.4780083,0.42144087,2.8584833,0.7513224,1.5118068,0.15771794,0.3767255,1.2093414,1.8359829,0.7690573,0.30644035,1.3081758,0.87012535,2.8065197,1.8806177,0.19517645,0.14254183,1.3597984,0.051551804,0.10419299,0.40156633,1.0942888,0.09409698,0.12837227,0.222497,0.6420619,0.1632674,0.17588946,1.1980113,0.1334661,0.17275837,0.5723578,0.4364881,0.1974326,1.6218238,0.40357184,1.9732571,0.36675557,0.34994522,0.98946583,1.280985,0.0,1.2988945,0.68513393,0.2991825,0.60481983,1.5294241,0.085807584,1.2713861,0.12845859,0.29642466,0.27904445,0.73830503,0.42198706,0.7782833,0.5604309,1.396726,0.48748693,0.28154808,0.13602656,0.15667483,0.4128478,0.5470154,0.6342426,0.119858235,0.07116489,0.8364774,0.2166015,1.1760855,2.6493406,0.88355345,0.3365508,0.37275538,0.31486887,0.48663375,0.039993174,1.2930908,0.23387912,1.4710033,0.84211403,0.49072435,0.053625695,0.8394578,0.30072525,0.8037768,1.7920884,0.4601399,0.69153315,0.9738671,0.35649484,0.97047657,0.13242857,0.93868285,0.8246782,0.8549085,2.4537888,0.5477639,0.3815535,0.015252285,0.23123682,0.006897317,1.007496,0.5094512,1.2361422,0.95831144,0.023664651,0.27337843,0.6113159,0.37253875,0.09873308,1.1863214,1.6282275,0.09264216,0.7768596,0.97944987,1.3023185,0.44712096,0.10919216,1.0446057,0.53928286,0.4128041,1.0926679,0.15025167,0.03042312,4.0419593,0.7646863,0.07238965,0.213642,1.1186442,0.3936193,0.06340918,0.84651214,2.9775078,0.53150743,1.2589484,2.1385458,0.40899658,0.84827965,0.5231557,0.379546,0.16650333,1.3943443,0.5889525,0.54529804,1.3786153,0.10761148,0.56947446,0.8057601,0.28669995,0.7090935,3.3397527,0.08420501,0.32718027,0.39427388,0.63744503,0.36921176,0.8521101,0.41550693,0.017241277,1.0922521,0.68840945,0.7513202,0.4796545,0.8071185,1.2506462,0.70670736,0.72870237,0.059021413,0.07658943,1.2738957,0.06869708,1.0150675,0.08111143,0.8389614,0.50258774,0.3303809,0.39007238,0.8094222,0.19426472,0.42218524,0.092638634,0.5272383,0.41587996,0.8085048,0.0,0.4074089,0.39245114,0.87828165,0.7389714,0.6320466,1.2535875,0.99366105,0.7317726,0.9752524,2.5840602,0.31636846,0.06998242,0.63338214,1.1271733,1.0035073,0.581147,1.0039833,1.3204285,2.5571122,1.6006421,1.1324964,0.2816906,1.236796,0.35239917,1.0024743,1.5183619,0.89345384,0.71820474,0.16299279,0.047393672,0.8493088,0.04574964,0.39346975,1.1181098,0.32046223,0.6529245,0.8381165,0.079116575,1.8734126,0.2494867,0.61775196,1.0262779,0.39269105,0.2728778,0.70037967,0.6750474,0.46532393,0.13090405,0.16404323,0.0,1.0296576,1.6640127,0.99447894,0.4058059,0.55405724,0.43826884,0.49953988,1.7716349,3.281128,0.4685556,0.30852196,1.6307455,0.39763093,0.591783,0.99851954,2.3633666,0.7356958,0.07062385,1.0131518,0.1482801,4.712171,3.4513457,1.0604515,0.19725598,1.1700276,0.41711852,0.035134055,0.16051264,0.097797185,0.107470796,0.42230582,0.32091284,0.33150125,1.2622634,0.55932164,0.6438688,2.194446,0.1392069,0.99887526,0.11093025,2.2569528,1.0231024,0.43301913,0.33283705,0.440003,0.29364756,0.043626614,1.4541825,0.9367453,2.1627607,1.1400034,1.0854789,0.34636053,0.03269595,1.0164266,1.71083,0.07175777,1.8957282,0.77959186,0.9439261,0.6753743,0.36018738,0.56253684,0.104497716,1.836104,0.54501426,4.2943616,0.5805333,0.43414208,0.39136046,0.05644057,2.2824545,0.4181314,0.8503905,0.11057334,0.88760704,2.8063247,0.014622432,0.16471449,0.0,0.0012366425,0.051994577,0.025827076,0.045382366,0.13307266,0.5175374,0.77093226,0.7910075,0.5479848,1.8813214,0.4664443,0.72205764,1.9960451,1.7403679,0.76250505,2.59702,0.16801043,all_pothole_images\pothole_images_new_image_275.jpg
0.54091275,3.110948,1.5335349,0.5494641,0.7260556,0.6823134,0.24857135,0.9014151,0.799072,1.5850307,1.0543118,0.5979488,0.0999767,2.5196457,0.015105563,0.9308266,0.6320962,0.39349994,0.91146773,0.05294578,0.123520166,3.3395703,0.97419876,1.3886821,0.2371217,0.103408016,0.17330699,0.92553574,0.14695218,0.4027354,0.14020087,0.45084742,1.1801567,0.11987308,0.61313653,1.1045945,1.4546944,0.07538639,0.9182949,0.5423246,0.5106306,0.07038365,0.08468782,0.400475,1.1681012,0.08020145,0.5614637,0.060424063,1.213825,0.3849312,0.4794505,0.23443654,0.8117243,1.2551703,0.12632559,0.2754954,1.665712,0.1872923,1.3528371,0.17251234,0.94631714,0.4653569,1.8006889,0.5611729,0.7671677,0.3611876,2.6731536,0.21353643,2.380412,0.12578544,1.6748296,0.7512442,0.6004311,0.05273023,0.3472391,0.43255213,1.2229748,0.59315073,0.35157755,0.9140826,0.65020037,0.7047837,0.46157855,3.8807929,1.2815051,0.24749845,0.2809645,0.2554008,4.331965,0.6099457,0.26384786,1.0605447,0.5428208,2.0952852,0.14069149,0.985099,0.5809477,1.1429074,0.2688737,0.04074239,1.1980656,2.3829808,0.8607114,0.0,0.030435927,1.0030428,0.23824975,0.0072431057,0.02179552,0.49184158,1.9590201,1.5091126,0.40224844,0.41840968,1.0784639,1.4769222,0.31250012,0.63098305,1.819211,0.28164425,0.27669,0.43262005,0.39846453,0.004911829,0.59864193,0.86808425,0.6323453,1.4876308,0.004666095,2.0587142,0.63538855,1.2125734,1.6459943,0.8889554,0.9906396,0.22911958,0.29842946,0.371255,1.5602989,0.8241984,0.35158804,1.142289,0.2427126,1.470895,0.755739,0.37350386,0.8550739,0.16128874,0.7543025,1.5429212,0.015768733,2.5433238,0.9908575,1.3800035,1.1674553,0.5686282,1.3837303,0.74355596,0.5146341,0.54763615,0.5152633,0.70299965,0.15081617,3.232608,1.8609734,0.7046911,0.9040532,0.39404938,1.0151011,0.23954546,1.0816855,0.3043455,2.2401843,0.5148366,1.1849594,0.02545797,0.63063216,0.043262027,0.5952879,0.51832265,1.1532111,1.3956299,1.1231012,0.4709548,1.3086238,1.0815201,0.3806673,0.030232854,0.4222229,1.3865179,0.6938068,0.97009355,0.5515019,0.360208,0.75468695,0.08440794,0.07299519,0.16582389,0.8822484,0.7593756,0.43099734,0.64966697,0.09814294,0.048479732,0.17421621,0.29034027,0.09209919,0.29469582,0.5330715,0.21356973,0.6858897,0.30642778,1.6837887,3.7449198,0.21870469,0.18283807,0.9462074,0.29117283,0.62707037,1.0581832,0.6067613,0.47456965,0.62709105,1.3289052,0.20084733,0.709131,1.7319174,0.774376,1.0206888,0.041918587,0.26601323,1.2408706,0.4572014,0.610292,0.18755761,0.2705104,0.37000355,0.18560575,0.08860491,0.17741472,0.3864284,0.06964046,0.13294955,0.41902545,0.13740121,0.074328646,0.74399453,0.0003803077,0.19605485,3.673463,2.0330129,0.27846512,0.09083656,0.47041973,0.0611455,0.7194553,0.99747247,0.91221774,0.64748585,2.3865707,1.1054455,0.7087687,0.43648854,0.8915053,0.11110046,0.6171066,0.4339332,0.6904313,0.28666106,0.31562564,0.27069014,0.3904527,0.17716509,0.0856708,0.105075434,0.7986494,0.84336495,0.7961353,0.35776645,0.9957848,0.9886773,1.8475479,0.2291457,0.62878305,1.5375093,0.08898412,0.53531444,1.2174604,1.6965528,0.18015708,0.07412632,0.7585494,0.20376027,0.48601025,0.7279489,1.0451299,0.91189384,0.5783492,1.0529127,0.27686283,0.07948293,0.43597832,0.21792544,0.76948327,4.7038326,0.5403905,0.03293837,0.97863495,0.8312979,0.30796444,0.13418947,0.69044864,5.95963,0.20852,0.20257635,0.4628814,0.88982123,0.5845609,0.5607287,0.40410194,0.2498013,0.106136106,0.29664606,0.07781438,0.78672767,0.5267255,0.31666324,0.6480527,0.7766857,0.97507477,1.8865433,1.3674098,0.14429893,0.40264904,0.6090857,0.18581806,2.0401924,0.29607093,0.12315785,0.45971748,2.298701,1.0369818,0.7073037,0.023666264,1.0292143,0.8963855,1.209214,0.03167329,0.5018029,0.5416314,0.09213996,0.7280785,1.0525376,2.7564952,0.80895793,0.7785808,3.1711783,1.426487,1.6351925,0.3697276,0.1833893,0.8094078,1.0835087,0.40853006,0.09100688,0.50996095,1.4342455,0.9304162,0.31862286,0.6760737,1.2446483,0.23964585,0.37767717,1.2497395,0.1800255,0.9609552,0.10217493,0.7235434,0.025870835,1.070757,0.78655356,0.1901145,1.2026895,0.8534658,2.3598266,1.0538431,4.195651,2.1763368,2.4665406,2.4299273,1.8318442,0.58593297,0.5888182,0.6300124,0.4830403,0.08976177,0.3194868,0.30524546,0.06542529,0.42783386,1.570755,0.27431354,0.3003672,0.72573763,0.46309566,0.107055664,0.8933965,1.5091375,0.17286257,0.48176184,0.4363321,0.3291804,1.5615107,0.7237461,0.10104409,0.61776906,0.46379688,1.4489889,1.0110509,0.62432003,0.2260451,0.23687284,2.2811825,0.7198627,0.8948767,0.5038431,0.325331,0.6270192,0.7034936,1.0818518,2.3951259,0.5832864,0.11350432,0.81652784,0.98094827,3.0557027,0.87615925,1.5013888,0.33999175,0.39623123,1.1762903,0.8253629,0.37775448,0.033797525,0.57168514,1.1183108,3.006071,0.69770736,0.81795704,0.9429068,0.13166071,1.0781792,1.9229263,0.9671299,1.6119708,0.8080818,2.6900613,1.2310579,0.21102962,0.23092298,0.24084187,0.43846014,1.3717545,0.6791176,0.2998461,1.5630219,0.2457837,0.10760019,2.149131,0.8951328,1.2322079,1.3512037,0.25406212,0.06327419,0.76464593,0.52388537,1.3569784,0.006808523,0.6585092,1.1902233,1.007153,1.4978416,0.5735949,0.17341979,0.040035862,1.0091674,1.7106405,0.47505513,0.55059326,0.0117278695,1.7869397,2.5183008,1.6957303,0.28803176,0.034260936,0.38668877,0.9795143,0.43429822,0.45108196,0.3004341,1.1406112,4.932902,0.033956196,0.72895694,0.059318393,0.35980517,0.0036722932,0.48343167,1.4363832,0.85794103,0.7645646,0.504406,all_pothole_images\pothole_images_new_image_276.jpg
1.0424938,0.20441331,0.070612445,2.0110152,1.0800306,0.1952288,0.09647437,0.7508104,0.08019958,1.6661165,0.06412103,0.34297344,0.01346373,3.410285,0.07559268,0.1344819,0.73339164,0.08022041,0.02768623,0.5388712,3.7130947,1.2540977,0.02374584,0.9226042,3.1508913,0.5227087,0.1432017,4.580408,0.16511808,0.12253331,0.28822318,0.15857291,0.04933698,1.4882357,0.0,0.2706832,0.44361398,2.1169243,1.0528986,1.5089748,0.0,0.25569534,0.57189846,1.1047581,0.1737826,0.791625,0.0,0.43428925,0.35119388,0.8050995,0.57442266,0.0,0.9988014,0.11248748,0.035631735,0.40954557,3.4836419,0.15985933,0.0,0.0011053587,0.4700213,0.21318416,0.3125126,1.3886158,0.058606084,0.8386526,1.0959622,0.37555707,0.09446858,0.26220226,1.4888053,0.27999628,1.3846934,0.021598786,1.0594596,0.9460257,0.0017926568,0.609975,0.030230561,0.416303,0.06455166,0.546518,0.2956682,1.7979112,0.32465374,0.006226707,0.0032455972,1.0001314,2.1386638,0.030550854,0.1989108,0.46559805,0.9807599,0.8979437,0.39368805,0.66809875,0.27008316,0.12334656,0.96038437,1.6906378,0.16900508,4.1833797,0.56377715,0.042516716,1.1496488,0.3089793,0.079082236,0.16609211,0.11518116,0.5409893,0.02796909,0.2424943,1.8715954,0.22020513,1.6056448,0.8879344,0.076904036,0.0094398465,0.123879336,0.68754166,4.640453,0.42857558,0.01810918,1.4050626,1.2006755,1.598572,0.4137085,0.55237705,0.065294206,0.9782688,0.065959595,0.010836982,0.061754614,0.13911188,2.338457,0.53868395,1.4340674,1.5458789,0.24080238,0.0057741115,0.048910268,0.57867557,0.22153686,0.05447953,0.34442255,1.992759,0.016251177,1.147292,0.082463294,0.041583132,0.6012789,0.9935841,0.067037135,0.6784254,1.9247682,1.0782747,0.19294295,1.3584021,0.6380227,0.10019928,1.8736463,0.6430964,0.045274734,0.36095166,0.08377572,1.1595393,2.7456172,0.15628383,1.1973752,3.0287938,0.087755665,0.076103725,1.0410509,0.08974865,0.0,0.99163085,0.6221584,0.011522823,0.019290887,0.0020969599,0.42637905,0.88909847,1.2244899,0.8106001,0.33533087,0.16704005,0.025252283,0.73362935,0.013975741,0.24635474,0.3167342,0.13461787,0.39811394,1.1247672,1.1785535,0.83543026,1.3673152,0.0,0.74798673,0.22910506,0.6836795,0.7189642,2.0559227,0.4288467,0.12343366,0.03496478,0.8615754,0.13679598,0.10239725,1.6913213,0.00926737,0.01056063,2.1175818,0.08873343,1.370956,1.9926496,0.22573453,0.10301142,0.91165656,0.2860757,1.8842006,0.078664914,0.0,0.47504848,0.01446564,0.41947156,1.5006609,1.6016291,1.0592334,0.6006755,0.02386641,0.01960293,0.8237625,0.8081473,0.33828074,0.09601261,2.3511574,0.073380925,0.076335,0.13945906,0.45714483,0.0,0.5715008,1.7853185,0.1655168,0.0,0.33546448,0.20332307,0.1754547,4.5241904,0.7118222,1.0958871,0.051174443,0.10207669,0.38110957,0.0,0.108411945,0.6747299,0.3921921,5.0603495,0.7644984,0.19523126,2.0073347,0.01379649,0.009619594,0.0012870376,1.5900707,0.2772479,6.414706,0.0010921347,0.42900327,0.016532939,1.7451228,0.019784259,0.047041833,0.64433014,0.003195416,0.020529738,0.63139623,1.865799,1.755121,0.14414647,0.020601891,0.6255344,2.1829634,0.06492912,0.8285258,0.7879739,0.53953123,0.08265422,0.07363129,0.033677157,0.0796114,0.3972316,0.20872545,0.2910652,0.47492388,0.19647205,0.22693375,3.6578922,0.10698056,0.14428563,0.0,0.3024028,3.7109022,0.1841603,0.07741004,0.0045200954,0.40893802,0.23020378,0.2806006,0.4939738,0.8244484,0.34008625,0.06040138,0.06105915,0.5332899,1.4330736,2.3709402,0.21891956,0.031085223,0.0,1.4020798,0.202254,0.27867207,1.5893997,0.16168727,0.05643234,0.020211805,0.2343822,0.09341021,0.5343948,0.01795217,0.02449572,0.0020592117,0.014701094,3.3976235,1.5839431,0.39312238,2.0251539,0.5215936,0.06155355,3.0439472,0.5205598,0.05910157,0.0,0.2036959,0.72174364,0.4872607,0.0054596947,0.00938338,0.55380464,0.033438966,1.2619542,1.3635505,0.06035217,0.05309059,2.4705405,0.49515012,0.6299136,0.04676859,0.14107269,0.027486602,0.28824213,0.0040912014,0.0,1.143274,0.02756908,0.08575161,0.0,2.0732422,0.046191283,0.4927343,0.24720219,0.06318209,1.0358206,0.047503788,0.0,0.14654604,0.08949745,2.021651,0.0,1.309858,0.09737203,3.6629376,2.581527,0.5159281,0.0028463586,0.26566246,1.9463893,1.0212816,0.95800835,0.0037189757,0.22308196,0.0,0.051224582,0.7732248,0.11224689,0.16862229,0.11753116,0.9619835,0.7900279,1.1283132,0.05639013,0.0,1.7791139,0.59221864,0.29505256,1.424204,0.6015645,0.6116621,0.082358725,0.00685957,0.2190702,0.016949939,0.31674156,0.11469235,0.89789367,0.94883615,0.16168079,2.140175,2.2430983,0.19544967,0.61907303,2.468606,0.02969085,1.0700836,0.021588774,0.2535501,1.7975394,0.2692457,0.0,0.1099235,0.09000041,0.6191455,2.5980115,0.045884784,0.96630603,0.0,0.007836648,1.8757544,0.75443673,0.0,0.0721459,0.2810125,0.47626787,1.2761769,1.9039106,0.44934222,0.43148366,0.7827327,0.8466431,0.13414109,0.0,1.5618433,1.2579902,0.35469097,0.9230316,0.8048521,1.023002,1.7724353,0.0078446185,0.34630418,0.0,0.14077628,0.34482396,0.09123113,0.032379583,1.1789345,0.60031724,0.26835257,0.37239125,0.013301445,0.08547425,1.7908864,0.012549421,0.00484498,0.10082357,0.4862235,1.0183278,0.6533102,1.6019653,0.42460015,0.17830615,0.042558465,0.007064671,0.54272074,0.096812785,0.21385103,0.0,0.2859496,1.0721432,0.17159885,0.0060249916,0.012000271,0.18431184,0.18621987,0.8941651,0.6082969,0.050703026,0.6361277,4.240566,0.053252682,0.9183242,0.10733429,0.4324636,1.0059476,0.5882222,0.0072924243,1.8045554,0.34814236,0.3823377,all_pothole_images\pothole_images_new_image_277.jpg
0.539483,0.1254082,0.13446452,2.0532055,0.5735729,0.25911695,0.51855165,0.6544082,0.3256781,0.34858346,1.3919746,1.5997728,1.357404,2.3183222,0.2783252,0.27530187,1.2631924,0.6696131,1.6836367,1.1726335,1.3867356,0.19566804,0.88480264,0.6499707,1.1470166,0.3560363,2.103284,2.0730314,0.8370299,0.028832946,0.21020432,0.23528416,0.24046937,2.6020298,0.19132194,0.5926979,0.02888385,1.4407773,0.95892704,1.8087236,0.7438755,0.22313464,0.33064792,0.32685456,0.1453385,0.64797217,0.42327708,0.0089450115,1.0062819,2.2761214,0.43710622,0.20669858,0.7712702,0.31259307,0.12588839,1.7089224,0.92454135,0.9700202,0.8851892,1.0147117,0.6477917,0.0927289,0.33376408,0.03888628,2.21233,1.4468248,0.52772975,0.16729599,0.9911198,0.44423908,0.47609282,0.18194218,0.79792494,0.7106899,1.9542975,0.43208486,0.123481944,1.1346139,0.40014464,0.02391297,1.1107926,0.08992511,0.24748628,0.7061297,0.7482529,0.47157833,0.447056,1.0402448,0.5032386,1.332091,0.4117175,0.5524,1.467187,1.1278857,0.108969435,0.121720485,1.3956096,1.5071789,0.55910856,1.6270667,0.16025855,2.8929849,0.42654485,0.50400007,1.3702121,0.47350717,1.0520258,1.0279174,0.04714792,0.21243967,0.7387383,0.42250898,1.0383638,1.0496516,1.2686414,1.2393299,0.48555186,0.3837284,2.635726,0.79859006,0.7368483,0.42668134,0.043142524,2.0309765,1.7439082,0.28238556,0.3933937,0.50436145,0.61711043,0.319857,1.2679275,0.30556276,0.1616939,2.2413201,0.17703581,2.5911682,0.76128656,1.414558,0.66251785,0.5405787,0.4490909,1.2868155,0.34294084,1.4206121,1.013535,1.62968,0.6091274,3.1448495,0.88332784,0.1770417,0.68599164,0.416022,0.06708056,0.45637575,1.2126993,2.0958626,1.0701721,0.1432932,0.97103506,1.2551996,1.8684692,3.1030295,0.29880166,2.7181458,0.5742058,0.98248523,1.1066756,2.2834702,3.2313702,2.0246427,0.030569721,0.09518154,0.35007757,0.15497245,0.02010949,0.963997,0.6876602,0.014458831,0.1997218,0.89017004,1.1105644,0.795191,0.19965725,1.1830053,0.54816645,0.93494266,0.19287658,2.1796675,0.2728816,0.18120517,0.08237431,0.53028727,0.17789058,1.9596121,0.6686128,0.15738246,0.7813877,1.4520423,1.7355608,0.61826426,0.12739843,2.000065,1.3270768,0.38324803,0.16049406,0.38539684,1.1021743,0.47284243,0.6805704,1.0762417,0.18418486,0.003168805,0.58542293,0.43493706,3.263947,2.2646363,2.1491077,0.2548504,1.377736,1.1207685,0.14008076,1.9663026,2.340119,0.80190355,0.61987096,0.48729998,0.6542292,0.23092379,1.242928,0.44056752,0.71149886,0.26901513,0.5559387,0.34710616,0.12780972,0.62108,1.1467127,0.86324435,0.8137816,0.8970259,1.902609,0.80185497,0.2682555,0.66297376,1.2996784,0.059976283,1.2595992,0.9050942,0.3304572,3.3890772,1.0086436,0.340717,0.9846723,0.29273406,0.05328278,1.833962,0.8447033,1.029509,0.4164696,3.6420934,1.4557742,0.38196385,1.0854595,0.8647811,0.7629801,0.445715,0.867523,0.088177815,1.3515885,0.5035082,0.8888825,0.0039124726,0.5435007,0.8964913,1.0638855,2.0332146,1.1782125,1.8660611,0.9025539,1.3475902,1.1288894,0.64988405,1.3703136,0.11891682,0.36082947,0.5452426,0.075571045,0.28363058,2.30992,1.0575541,0.6236108,0.52356476,0.9254678,1.5437508,1.1819421,0.14122735,0.63638484,0.49831513,0.25270015,1.7333542,0.664646,0.56371135,0.072320454,0.09395463,1.369214,0.27028984,0.5698599,0.83512574,0.6499926,0.9906704,2.2956684,1.1230654,0.42609957,2.3310308,0.45171425,0.7274626,0.2688762,0.60157865,0.5342244,0.77184325,2.9113638,0.13035424,0.16737229,0.9783982,1.4601909,0.9614586,0.013206158,0.2809941,0.074819304,1.2141702,0.5381141,1.7729509,0.6616248,0.11018669,1.3867399,0.34595197,1.4668738,2.3815575,1.3092095,0.16013373,0.5684064,0.2147791,0.70130295,1.5652497,1.574911,0.3283459,0.31789213,0.8970988,0.032696363,0.11757466,0.6135971,2.1850622,0.8042421,0.36978486,0.1930938,1.3921717,0.037719466,0.67342097,1.8209977,0.64933854,1.5336357,0.63185143,0.24220116,0.71887094,0.00026209804,0.73109996,1.1119381,0.67833567,0.066774316,0.075841315,1.6505674,0.14049427,0.8828667,0.41216728,0.40722656,1.2848399,0.9155913,0.6946466,1.7661575,1.1298629,2.3528442,0.1229427,0.26783064,0.9138096,0.78410035,2.7289217,0.82076776,0.050787535,0.25301054,2.2853901,2.8057468,0.77922446,0.9610316,1.2534465,0.76439995,0.08230697,1.3148404,0.23315684,2.4576283,0.17474245,1.7072953,1.2729368,0.8088212,0.6274544,0.7833863,0.2688632,0.9019955,0.9465707,1.0359122,0.16808605,0.27040446,1.9410197,0.74595094,0.17404626,0.057864197,1.6663208,2.0680065,0.57083064,0.55612093,0.64402175,3.403526,0.98136747,2.941788,1.6141958,3.7513602,1.1388158,3.4840617,0.2867399,0.89498836,1.0080996,1.5156729,1.2258596,0.65815747,0.28516698,2.073443,1.67624,1.7026408,0.31519878,1.3499428,0.6873138,1.3558544,1.9848797,1.4924939,0.5840434,0.4585308,0.038133956,2.3311462,0.43065748,0.21112481,1.7848635,1.3576112,0.5870265,0.72400135,0.4490378,1.3757868,0.28235525,0.3415151,1.4947162,1.1452632,1.0703554,2.2324064,0.76218873,0.25693902,0.17683484,0.46061534,1.2073375,0.7315177,0.0,1.0629263,0.48103857,0.260571,1.7073414,1.5179899,0.22179592,2.0754485,0.24219827,1.5066422,0.46859288,0.5172092,1.0195919,2.0303721,1.3055288,0.86791474,0.034375187,0.18680719,0.8809696,0.10645506,0.23501977,0.8352463,0.01565021,1.4521213,2.2426002,0.5238223,0.0,0.12441455,0.42354372,1.0369599,0.45840517,0.5766299,0.8078632,1.7885529,2.3173,0.75668925,0.6337741,1.038916,0.1484277,1.4475083,0.22827557,0.26467136,3.0633209,2.7169373,0.72099835,all_pothole_images\pothole_images_new_image_278.jpg
0.5428989,0.2433353,1.9074918,1.7153215,0.60871744,0.7671278,1.2253654,1.933542,1.5626909,1.3645631,0.23904929,4.212484e-05,0.07481926,2.5416865,1.2031794,2.8089378,0.26958162,0.24274874,0.97866315,0.17319189,0.55478483,1.2174078,0.059083845,0.14332977,0.7360192,1.135861,0.8523918,0.16056757,0.48931712,0.21629773,0.24653813,0.65127736,0.67753786,0.4025465,0.24015754,0.48414692,0.34025675,0.37920877,0.11646516,2.0652921,0.7182481,0.3299539,1.9500171,0.7830552,0.011897561,0.33347502,0.2941695,0.15943056,0.34251395,0.8549578,0.05079683,0.8158013,0.63150644,0.5409703,0.33081338,0.19184509,5.2992177,0.8240963,0.06963706,0.61641675,1.1045918,0.13741657,0.5509409,1.8597347,0.38569197,2.2535543,0.15617713,1.5873609,0.122432165,1.0295038,0.8737536,0.0759204,0.82469565,0.36898288,0.7234874,1.5150446,0.6653771,1.6631317,1.5083479,0.33610934,1.5385412,0.05975004,0.41307944,2.228119,2.160156,0.121139355,0.40399486,0.13260317,1.4485358,0.18590796,0.884312,0.48943344,1.2846348,0.4491716,2.54862,0.63992864,1.0481925,0.8966243,1.3210868,0.2670549,1.3778296,4.282069,0.94194883,0.9188869,0.94160026,0.38968727,0.6725939,0.45105496,0.020275502,0.88976175,1.0283849,2.6637416,0.022202658,0.34055623,1.8325378,0.38857245,0.7733808,0.2837208,1.4225878,1.2383281,1.5246695,0.21676484,0.066856496,0.51226246,0.48535973,0.6920003,0.20078833,0.7098143,1.7686793,1.8211452,0.3066632,0.09349242,0.81319565,0.14225294,0.27009186,0.23633684,0.29636762,0.9808468,0.2085553,0.8585435,0.35247427,0.9381317,0.72737694,0.25831443,1.0233171,0.09031205,2.6335979,1.1751243,0.7851332,0.27226436,0.004634685,0.42016298,1.0094239,0.45604527,0.80061823,1.3507237,0.45590475,1.1754389,2.1611938,1.2807003,1.7262495,0.23261216,1.7979251,0.140212,1.0407935,1.3009987,1.2673888,1.1836799,1.8331838,0.20594883,1.4142665,0.40816107,0.17601593,1.2968528,0.5990323,0.21207902,1.9144318,1.6091115,1.0200776,0.74497795,0.7006106,2.6988175,0.4940246,0.9243444,2.4145956,0.87981063,0.113935106,0.2761987,0.48681533,1.2082046,0.19279425,0.11756741,0.11118026,2.6437795,0.30125344,0.59359866,0.6447094,0.39004967,2.095922,0.25475505,0.9876267,0.9062668,1.1559846,1.0482643,0.11455998,2.057718,0.6145595,1.2661885,0.18363516,2.0073774,0.81534904,0.21955015,0.5300917,6.193463,0.5603761,1.0320269,1.5132954,0.055107962,0.7905717,1.3230287,0.41226798,0.11843781,0.89064753,2.039098,0.4730323,0.27848586,2.0910077,5.517218,1.0029138,1.6835269,0.78980345,0.71886396,0.12476856,1.4486547,0.27686426,0.17417088,1.1803801,0.2016591,0.52748996,0.14262575,1.6425045,0.6289002,0.3805505,1.6578178,0.24505883,0.7702487,0.4428623,0.44786748,1.0123911,2.7955534,2.9626384,0.14925076,1.3983469,0.3747381,0.46946996,0.4713441,0.18853429,0.18418919,0.21379061,2.7455761,0.012600935,1.1218294,0.15127438,0.7346533,0.50531185,2.0853374,0.7056153,0.77012664,0.71749884,1.1174247,0.73332447,0.8208098,1.3872677,0.0,0.8373442,0.38806358,2.99607,0.107625395,1.4539535,2.3102818,0.5516134,1.2369262,0.31873295,0.1791501,0.25585037,1.0773731,0.6228349,1.4996948,0.71143955,0.07727883,0.5494395,0.6670591,1.5001533,1.2243733,0.6398769,0.86593914,0.39521652,0.5627429,1.8192161,0.29418325,0.022458777,0.42704564,0.055187196,1.1850977,1.4500976,0.87930256,0.30246058,1.0867199,1.1717997,0.008024654,1.8438407,0.97979593,2.6632068,1.3249116,0.09085914,0.90662694,0.25966838,0.593438,1.3939813,0.52591497,0.5483754,0.22625796,2.232356,0.8154157,1.7278279,0.079905726,0.29507664,0.67057455,0.8482999,0.20569687,0.848805,1.1428089,0.46489036,1.7719061,1.178083,1.1130614,1.9552736,2.0279284,1.0766387,0.24160138,1.0242362,0.31234658,1.3390523,0.01323062,2.0669184,0.08637283,0.5728044,0.5679677,0.21821555,1.329146,0.3730666,1.9344249,3.7631748,1.3438188,1.4852722,1.3666961,3.8347788,1.1090133,3.2217097,1.4764915,0.33384392,0.0,1.232336,0.4295891,0.0013358331,0.76462793,1.3825222,0.08562394,0.17455836,0.3226929,3.7774901,0.20742622,1.3461202,0.1340681,1.3186045,0.16531971,0.67149156,3.0466719,0.4676445,1.2565496,1.1481191,0.30875126,2.28874,0.3721751,2.6355805,3.3225667,1.5292096,0.09341733,1.4427989,1.8240687,1.6595619,2.3765457,0.037544876,0.61794424,0.6982372,0.17976612,3.1713164,0.12844922,0.19869184,1.2043645,1.1914617,0.46711823,1.1061662,0.8181183,0.05586091,0.5481502,0.19398524,1.0530118,0.44128877,0.0,0.0,0.9993014,1.892739,0.064044155,0.58110094,1.2194923,3.6675968,0.3564526,1.5394349,1.5068558,0.69715655,0.9818533,1.215443,0.7544975,1.7351005,0.40504366,3.2139812,0.5715347,0.39871484,0.90805113,0.57077724,1.0663484,0.21962357,0.17542508,1.9396852,2.923469,0.04708565,1.1490597,1.4254397,1.3391008,0.8449696,0.22346516,0.6276916,0.49760458,1.399097,0.093432285,0.6114709,0.99948454,4.679311,1.1413566,0.14021762,0.58589756,0.6372154,0.4223377,1.1546077,0.32636204,1.7863947,0.9467489,0.19112545,0.96809554,2.761314,1.3231348,0.8506579,0.11522409,0.789973,0.6004625,1.342813,1.382866,0.7536134,1.4086214,1.4480017,0.18945801,0.023188742,0.5154903,0.32905763,0.33928403,1.2615556,0.5239088,0.47117418,0.7385526,3.456455,2.7651865,0.9629083,0.9323054,0.13079238,1.2385169,2.4590209,0.64333797,2.3884091,0.14002019,0.117473856,4.101023,1.120691,0.28047752,0.11583838,2.1334054,0.23467013,0.2829154,2.7782373,2.7801232,0.64607215,4.222677,2.059867,0.6163665,0.6280582,1.3418865,0.70982087,0.09448154,1.0280977,0.49747106,4.309153,0.22014411,all_pothole_images\pothole_images_new_image_279.jpg
0.65732265,0.12260213,0.04023496,0.019880408,0.04640031,0.2723708,0.3207554,0.0071094683,0.27063075,0.06543278,1.4179317,0.43284672,0.5951324,0.12931122,0.12355001,0.17085986,0.27692097,0.30344218,0.4981509,0.0,1.4366691,0.7924142,1.1349907,0.2541491,0.6628929,1.7503947,0.12541233,1.01436,0.0,0.17772263,0.64861906,0.21086413,0.12302323,0.4137166,0.016929336,0.7415387,0.3018896,0.17504199,1.4622998,0.9221526,0.096661866,0.09016761,0.35522607,1.5016329,1.4455817,0.051681917,0.8115022,0.4873862,0.20273006,0.8547647,0.1371401,1.3126593,0.4814488,0.08640508,0.023735587,0.9043354,0.66259843,0.28721124,0.60108113,0.14591452,0.3223278,0.111426786,0.36100578,0.86076087,0.16945428,1.7439086,0.7912247,0.19234295,1.3420161,0.59439576,0.3895551,1.0040132,0.24574728,1.1103135,0.22313328,0.58762306,0.4112023,0.19565253,0.20833284,1.1327657,0.4552442,0.03558657,0.7837601,1.1925695,0.4902017,0.42209566,0.39821288,0.24391747,2.0413997,0.61665726,0.43586352,0.28835183,0.21319914,0.18700768,0.30612117,0.24957205,0.9813793,0.8332444,0.4198213,0.64665014,0.63315564,1.7596554,0.0015308239,0.07968281,0.8590739,0.3755989,0.07370292,0.77556497,0.6077703,0.19256906,0.32746318,0.7618768,0.6499719,0.462172,0.017057808,0.3314394,1.1408631,0.041210204,0.102517866,0.61907166,2.1434789,0.006882876,0.1446259,0.6080274,0.029807914,0.8475106,0.07707494,0.32959864,1.5801811,0.045269348,0.42419243,0.0018328277,0.064978436,0.00020184917,0.35494146,0.03887076,1.3088622,1.3658808,0.22894935,0.812282,1.584788,0.30070463,0.052676715,0.8367435,0.057695612,0.41518515,0.56298727,0.8959811,0.29004464,0.19521332,0.7465561,0.6166213,0.2179442,0.6680136,0.5562391,0.38512132,0.10206748,0.3639088,0.101377435,0.5192143,2.3247943,0.076677166,0.08606642,0.024012594,0.41048354,0.16276254,0.23065679,0.17077892,0.007162903,0.75614685,0.1105039,0.23525317,0.34926635,0.49559084,0.20708275,0.026799751,0.29656515,0.008442183,0.118273385,0.36940563,0.16916256,2.1065876,2.4360266,0.06574858,3.2855747,0.42036602,0.1081763,0.9541629,0.06861997,0.21562672,0.21153153,0.30097157,0.80479085,3.0615683,0.64748687,0.28610748,0.597555,1.18245,0.7978308,0.79683137,0.84047604,0.9081735,0.75228935,0.6518639,1.5068157,0.37635592,0.7053304,0.4393083,0.9591945,0.14737768,0.4125055,0.23022734,0.054309417,0.052956507,0.00017804181,0.2837931,0.65690964,0.4589263,0.9327559,0.10083346,0.21858592,0.86293894,0.5938939,0.95994705,1.1789883,0.21512254,2.6032963,0.08965432,0.18928345,1.2309414,0.2210063,1.3844663,0.658095,0.43742564,1.5864576,1.6300621,0.66768706,0.045558482,0.18019769,0.03619922,0.078744814,0.08753924,0.07134508,0.26400298,0.17392738,0.0030774188,0.50589776,0.6412888,0.93931913,2.0115435,0.79250395,0.2294661,1.3193845,0.15660661,0.5751831,0.27081132,1.3614461,0.29782417,0.26936296,0.42597088,0.66331136,0.2248963,0.35190976,0.39595398,1.1931782,0.68195516,0.1989526,1.4345194,0.7468548,0.7957152,0.33049557,0.25576183,0.3800535,1.18749,0.74923784,0.6586095,0.39111152,0.07801074,0.06153741,0.26820385,0.9754138,0.21557306,0.04117625,0.78502935,0.34036922,1.1779348,0.15575959,1.0893228,1.8024099,0.85177016,1.2617136,0.31661278,0.7031949,0.6356382,0.0,1.6802561,0.2011687,0.46553957,1.1077632,0.163398,0.0931017,0.71554875,0.52447253,0.1561139,3.4434178,1.3595424,0.01497386,0.22590837,0.0,0.57931197,0.12996548,1.368359,2.2240543,0.34152222,0.055502437,0.25851342,0.9121348,0.79496944,0.87670344,0.52639806,0.19624643,0.15121862,0.030567553,0.34727198,0.16806008,0.09320506,0.2903436,0.029764242,0.96897787,0.10263778,3.9268618,1.3211672,0.0013672849,0.5630207,0.097132586,0.87358326,0.3043969,1.0197022,0.015790898,0.04175415,0.588519,0.3346877,0.7307155,0.22541085,0.869826,0.3786716,0.102246985,1.1244653,0.90822756,0.035772704,0.39213997,0.3463145,1.0177859,0.21287537,0.21170272,1.1867325,0.29307544,1.2088742,1.6095916,0.78275603,0.038467366,0.24189857,0.3976133,0.0,0.5782113,0.20704347,1.6527959,0.46722236,0.50250214,0.035413932,2.6519127,0.9806731,1.0936508,0.15896063,1.8003287,0.52438927,0.52397776,0.51725084,0.23759107,0.43538353,0.69533753,0.23517005,0.1416004,2.1557882,2.5708892,1.4502176,0.1660359,0.0,0.22403546,0.52641535,1.2610186,1.84773,0.26233837,0.05082937,1.9192057,0.085502625,0.19673392,0.28967696,0.5182291,0.82015496,3.6038482,1.3140244,0.4110695,0.5935896,0.7349186,1.2197069,0.22405113,0.6220209,0.11659028,0.26197883,0.088121176,0.083944954,0.283996,1.8532298,0.4296994,0.8044399,0.46968734,0.17734043,0.21994987,0.16691601,1.1590759,0.33828422,1.0011255,1.0463208,0.020908093,0.09491982,0.5398657,1.2746018,0.69382614,0.19121115,0.15511101,0.5991364,0.053744633,0.9868402,0.8866353,4.860679,0.40485045,0.65641314,0.021288482,0.21185839,0.04923005,0.5252731,0.008628521,0.068614304,1.5984665,0.87870854,1.1324747,0.75110704,0.061213307,0.8376907,0.19285299,0.048692703,1.078853,0.46670446,0.85648435,0.4613721,0.5214544,1.3565574,0.79659253,0.27517414,0.75638795,0.6825082,1.1734843,0.0842618,0.021474354,0.07139959,0.13389216,0.078770466,1.8479381,0.25527167,0.5318123,0.6286135,0.76405925,0.0188085,0.3911939,0.19262028,0.22060187,0.7903908,0.7970385,0.1720038,0.11172228,3.2703857,0.04751455,0.52136284,0.0,1.0060602,0.46432087,0.83415985,1.087642,0.0,1.5434972,0.9705656,0.20471337,0.22686768,0.25779322,0.9350487,0.21360344,0.6895045,0.10543652,0.6631849,0.6687932,0.99692994,0.31244513,0.35311776,0.47223803,0.614905,0.74327296,0.39353636,0.5212106,1.2924708,1.0299003,2.10255,all_pothole_images\pothole_images_new_image_28.jpg
0.9818206,2.9724054,1.1112554,1.2879277,0.72264874,0.83582294,0.27452317,0.53862494,0.601975,0.71583945,0.20717461,0.29659843,0.37326998,0.32963556,0.015781637,0.4559446,0.062368825,0.21932347,0.050383303,0.25294268,0.028222838,2.2752247,0.34665516,1.6732672,0.061907075,0.9163359,0.21249779,2.389091,0.24395524,1.1221552,0.5887428,0.2766431,0.8253315,0.18919425,0.53599006,0.924759,0.5439155,0.5828825,0.5462475,0.24230143,0.11163871,0.5429436,0.4440651,0.80848897,1.7477305,0.38666525,0.15285888,0.26460445,0.9086996,1.1987717,0.20593308,0.07044665,0.08264551,0.062459685,0.061834067,1.2642424,2.9684627,0.07871254,1.9076751,1.0619166,0.30712178,0.09695251,1.5482506,0.8411576,0.13401316,0.68503225,0.41285178,0.39245507,1.4463918,0.78259665,0.45675802,0.9703525,0.33591887,0.17754033,1.1262407,0.4756877,0.53466207,0.4614752,0.5456484,0.795689,0.6377338,0.08451997,0.074538745,2.038217,0.42637345,0.20859325,0.74058723,0.458703,4.9026995,0.3757817,0.25183588,0.6024382,0.20874624,0.4632182,0.20331085,0.010677508,0.4113783,0.7090331,0.54553056,0.6882764,0.009945046,1.9135326,0.19661763,0.79065627,0.33531395,0.35669193,0.32789794,0.8881383,0.3356805,0.45275843,0.8581065,0.5678473,0.2536847,0.5447707,0.60478455,1.2511429,1.4283268,0.5057204,0.9114288,0.5648347,1.0516192,0.43121365,1.3438344,0.74966055,0.042817447,1.0235707,0.1149245,0.8103302,1.2934763,0.5595401,0.5776217,0.48971027,0.5819254,0.03482656,0.32090294,0.0,0.056857303,0.57513857,1.912814,0.5145071,0.56669664,0.82331675,0.06436585,1.1374793,0.3251444,0.9417379,0.28693548,0.16491671,0.23515156,2.0965087,0.4118139,0.7768898,0.057669766,0.08059491,1.2389848,0.71278316,0.34549075,0.4020217,1.317627,0.47249705,0.53692335,0.5971432,0.4911358,3.005891,0.121126726,0.19187252,1.8112854,0.22248927,1.2753173,0.0,0.87338823,0.47773275,0.7322653,0.69485164,1.4763732,0.026062055,1.4829671,0.17461897,0.090795085,0.24664272,0.08894724,1.735493,3.5638022,0.6615124,2.3501747,0.25997394,0.861481,0.19474757,0.3831403,1.23441,0.7471787,1.0254432,0.16228664,1.9591646,0.14570089,0.12768166,0.019624133,0.12671278,0.07580984,0.48241317,0.34375584,0.6933557,0.6154423,0.3780337,1.7088556,1.5483278,0.1411281,0.39524746,0.5846941,0.050255936,0.6091092,0.82530344,1.3936943,0.6190872,0.99302155,1.1042376,0.43074182,0.063804924,1.6879358,0.14382857,1.2033176,0.363915,0.07404775,1.3752861,0.0,0.33390608,1.2319999,0.13066772,0.8818705,0.098187484,0.5472758,0.5583798,0.2986291,0.018802976,0.50304246,0.09014276,2.6054716,0.0950055,0.04189915,0.08908546,0.7186267,0.0057985904,0.5506942,0.07932185,0.16568594,0.294207,0.96095437,0.1934968,0.36993358,3.036374,0.30465814,0.0018450355,0.25813007,0.31602725,0.045998752,0.28241694,1.592324,0.6655284,1.1588676,1.4866868,0.11392274,0.77881044,0.8139081,0.23166716,0.49736908,0.6323002,0.0071368837,0.3148862,0.47382244,1.2857581,0.91083056,0.0,0.13119487,0.6724246,0.45329797,1.5872661,0.5612571,0.76269233,0.24488398,0.8896332,0.19879001,0.01791711,0.08748593,0.98160285,0.42390102,0.17860812,0.22906408,0.7720935,1.3341969,0.8708413,0.16985184,0.06902859,0.05759853,1.5784625,0.82320386,0.19763412,0.5076216,0.7493838,0.46689305,0.94780564,0.10873946,0.5760106,0.029810343,0.9811349,6.4357567,0.38099867,0.0,2.1144679,0.41048867,0.44591755,0.14534451,0.9726027,3.9023914,0.833,0.1277047,0.3053085,0.6134333,0.68711406,0.8036287,0.3708158,0.23106162,0.9591248,0.049498852,0.30893043,0.820896,1.3485366,1.6756796,0.694084,1.3233144,1.3396451,2.764496,0.38504633,0.14447963,0.74425644,0.18017446,0.04595202,0.3080914,0.13012251,0.579123,0.30663985,0.5671565,0.24307734,0.8139115,0.09307182,1.6010172,0.102374405,0.06628945,0.034945715,0.82464164,1.0224197,0.045759175,0.3602173,0.14299862,0.18938434,0.13573097,0.09464356,1.0572605,0.68171597,0.39452285,0.39447394,0.20349841,0.018724456,0.19536984,0.36739302,0.020274527,0.27028525,1.1839361,1.3004106,0.12575579,0.16606626,0.98129797,0.5376958,0.62065846,0.12191299,0.9566539,1.3402177,0.09158382,0.11889115,0.32999396,0.101371065,0.0,0.16399409,0.29748103,0.8280894,3.8331819,0.5883393,1.7817225,0.012079726,0.38919678,1.5722902,1.1537728,1.054661,0.26111254,0.16611983,0.2357049,0.6726232,0.6514138,0.848521,0.07921509,0.23781389,1.8765938,1.3274779,0.6525518,1.3533132,0.008778238,0.027454466,0.47954333,1.1393299,0.13958329,1.0881865,0.37230784,1.0995433,0.512604,0.24072829,0.0,0.5559332,0.11549237,0.6756607,0.0019268168,0.0066563236,0.78067106,0.86959,0.9726362,2.407671,1.531543,0.97901726,0.55452037,1.231833,0.2633793,0.45338166,1.1276239,0.16965897,0.3474212,0.663339,0.5588034,4.084397,0.87324727,0.7109263,0.1408912,0.42243108,0.4276253,0.70925933,0.1281066,0.4050165,0.05723597,0.24930942,1.4167099,0.53686917,0.6037362,0.176403,0.6137815,0.7431727,1.0547823,0.70696664,0.2734489,0.40876293,1.7835433,0.34624442,0.0,0.8629545,1.6204361,0.007316534,0.6316534,0.71550345,0.6113544,1.2772634,0.3011713,0.11770738,0.65331,0.9808029,1.7932062,0.63458574,0.40438545,0.25015792,0.22343872,0.45027062,0.17172444,0.36390367,0.49150166,0.19295816,1.1512678,3.6382315,0.55001915,0.28835243,0.00816012,0.0013228856,1.343897,0.28888294,0.043100387,0.06273215,0.50332075,0.882774,0.22942314,0.05672638,0.18991145,0.2020046,0.14103578,0.21845211,0.07502907,0.1140701,0.004362066,3.1285594,0.082098305,1.1103923,0.17727622,0.47594708,0.030780708,0.699668,0.5318273,0.2094424,0.86332524,0.6173343,all_pothole_images\pothole_images_new_image_280.jpg
0.35956398,1.3353741,0.7503502,0.5655135,1.0723628,0.28991258,0.3239236,0.0,0.2399754,1.3130459,1.7982414,0.14042279,0.794922,2.7268822,0.40105456,0.025283465,0.14666456,0.32322285,0.3797038,2.2458317,1.3418304,2.678896,0.86961365,1.1075253,0.33143556,0.69603574,0.29498023,1.5076498,1.1239203,1.1260586,1.7441114,0.82610524,0.34923637,0.22774528,1.6098802,0.3265742,0.2408983,2.1194236,0.20220242,0.1212673,0.16544409,0.19792101,0.6545574,3.4542494,0.7630499,0.15356828,0.027815858,0.0,0.62311554,0.15991043,1.996489,0.8701757,1.4382534,1.3849473,0.09200125,0.052905355,1.5398906,0.17190851,1.1101476,0.41215634,0.37546387,0.4555692,0.8510068,1.0658911,1.043026,0.4036456,0.28474742,0.8084773,1.7734189,0.1178005,0.25849816,1.5148666,0.38209805,0.22603478,0.9956654,1.6537192,0.21089596,0.003604168,0.10089736,0.87979937,0.66412866,0.456021,0.0018669144,3.1081262,0.6097936,0.35345763,1.1245203,1.5516062,1.7015678,0.11127568,1.3832108,0.008578418,0.2244147,2.660775,0.08068019,0.5067809,0.24794452,0.3821636,1.3172832,1.6540139,0.3100671,0.109839626,0.035981923,0.12003632,0.31225127,2.087869,0.17076877,0.010693881,0.30555996,0.08990095,0.06689578,2.448167,0.0056575565,0.26316395,0.42607963,0.96212816,1.0476667,1.3775331,0.22871667,0.8601871,1.8054641,3.0382397,1.3459041,1.1835568,1.2655563,0.45837554,0.096319355,0.031336013,1.8711311,0.68349004,1.818,0.10191088,1.1673986,0.15041693,0.17964454,0.5783332,1.3216057,1.0134451,2.1286187,0.34225646,0.08901431,3.662082,0.10968873,2.0937247,0.6196252,0.1405762,0.910379,0.0,0.8313876,1.395053,0.047499344,0.23077586,0.7068134,0.37191015,1.1011322,1.0445307,0.73564184,0.87933517,0.6058289,0.2544101,0.86352766,0.0,0.031625994,4.953614,0.59428847,0.3702356,1.3401282,0.6160321,3.019728,0.12730582,0.036864404,0.17652099,2.0729408,0.80551654,0.88695055,0.26632538,0.97261214,0.0007488504,0.26450795,0.6178691,1.5213246,2.6218019,0.82781386,0.43391895,0.5656484,0.79100066,0.5592369,0.3640231,0.0,1.1240911,0.9805529,2.5346828,0.052872937,1.0611864,0.35160843,0.9637751,0.53872883,0.17572044,0.56562144,1.6103172,1.1023124,0.13190864,1.2295016,0.16646945,1.6207932,0.08821723,0.44746634,0.21388759,0.078501955,0.71162987,0.0,1.0351031,2.3092134,0.18934743,0.62179744,0.38636905,0.19219281,0.6058637,0.90866405,0.29152343,0.23663306,0.058018796,0.74261945,0.7980264,1.9007885,0.9055512,0.3862725,0.0,1.1352127,0.038958084,0.45608458,0.7993165,0.33937073,0.32534298,0.5471962,0.23580408,0.6645003,0.00025660574,0.04720394,0.024850797,0.2712922,0.28566873,0.0013461487,0.23259991,0.24389899,0.0,0.8428737,0.03472627,0.9056081,1.7331611,0.7334358,0.546125,0.5850596,0.528421,0.96549386,0.22304265,0.5259993,0.90756816,0.124778315,0.77571154,0.4950573,1.4708604,0.6488738,0.34743452,0.052159663,0.39995143,0.28540012,1.7320312,0.79120153,1.137766,0.27208212,0.22360022,0.31884816,0.11553438,0.28394485,0.4618629,0.25276503,0.15468885,0.6318055,0.09036213,1.2487732,0.043963466,0.031820673,0.014916163,1.9959941,0.4314895,0.48658156,2.0591714,0.56309694,0.0,0.0033802395,0.18204835,0.5049137,5.3802105e-05,1.4490079,0.17241831,1.2605438,2.670022,0.8391453,1.3617792,0.4798851,0.70180535,0.26883453,1.1874499,3.7458706,0.04124146,0.0067299884,0.2828738,1.1585225,0.14709559,0.115097314,0.03646194,1.9852055,0.7424173,0.05166882,0.040309835,0.58290684,0.43298182,2.1383893,0.06435906,0.016481755,0.7361543,0.11268158,1.9828997,0.044761,2.3881295,0.9549413,1.5025401,0.8580639,1.257897,1.183282,0.21340607,0.057717692,0.7045836,0.88174766,1.2481649,1.4279032,0.77923036,0.7381327,0.3888533,1.7377417,1.3850513,1.0798134,0.5020037,0.16864967,0.6182932,0.464459,0.6928577,1.047853,1.7443972,0.32079533,0.05019877,0.17195301,0.22766842,0.5981698,0.037559845,0.6591469,1.5961566,0.043330412,0.51041526,0.31525537,0.48001093,0.022777691,0.86630076,0.09342181,0.0019854398,1.2870765,0.32448292,0.001032164,0.25049487,0.66925156,2.113166,0.47564563,0.13830216,1.4019735,0.30095854,1.2011067,0.007663779,0.5523303,0.65278894,1.0925847,0.16371435,2.0089238,0.43203095,2.5485072,1.6796707,0.5632274,0.3616448,0.98869044,1.5527238,0.57081103,0.7916132,0.35115838,1.6674277,0.26151773,0.11859322,0.7626646,1.1537869,1.3657762,0.026170375,4.5773854,0.022581898,0.15640183,0.21968213,0.06351237,0.0,0.19490522,0.16299167,0.33170155,0.9974815,0.46406734,0.086981714,0.34814256,1.5758336,0.26927096,0.18385811,0.37830397,1.253481,0.090538256,0.033531297,0.9964333,0.3112213,0.26562384,0.6856843,0.7806337,1.1909703,0.77632266,3.0006204,0.18519963,0.8217278,0.2349551,0.6281989,0.79652035,0.11869568,0.15528427,1.4910673,0.3657953,1.4749725,0.14899829,0.091278054,2.0148537,0.15604942,0.58505565,1.7900465,0.99574727,1.1561515,2.1576614,0.10455363,0.088432156,0.75946355,0.7116753,0.3608058,0.32147932,0.26123396,0.7344052,0.28953043,0.2868394,1.0460687,0.087750755,0.056827467,0.08183035,0.32724,0.5630444,0.36161166,0.87034106,0.98322475,0.70250016,0.029445525,0.11121335,0.7167313,1.2745427,1.3840973,0.24941549,0.045669362,0.3252581,0.30587372,0.7795363,0.503304,1.2131002,0.033882216,1.2369514,2.7481265,0.051486865,0.20975663,0.024956975,0.50733364,0.18935242,0.083260514,1.06333,0.000107627246,0.97424525,0.2859959,0.2117754,0.015655588,0.0,0.40904087,0.045235146,0.0,0.030929668,0.17021142,1.7231455,2.5991075,0.019693393,0.72604537,0.00904224,0.1622798,0.030161774,1.3636444,0.010817877,0.25177857,0.07492014,0.42322323,all_pothole_images\pothole_images_new_image_281.jpg
0.356044,1.1526543,0.672298,1.7592393,0.683384,0.15746558,2.218357,0.07456829,0.5087827,1.2580585,0.36752602,0.98400396,0.34749898,1.8859776,0.5152351,0.57258815,0.79899687,0.54957056,2.259681,0.61323786,0.52331334,1.8783026,1.2001256,1.7870942,0.2581921,1.2806921,0.628775,2.6892378,0.27307948,0.098722525,1.1241043,0.13284779,1.1710408,0.38971227,1.1676087,2.0113397,0.43283203,2.0521636,0.22310153,1.2502235,0.015447887,0.083327614,0.58105797,0.74771523,0.85067606,0.3597028,0.28155506,0.0,0.30396536,0.9138423,1.5512412,0.24051814,0.1820726,1.290566,0.57521194,1.1196334,1.423556,0.092824094,1.2592616,0.15504627,1.1029806,1.4152676,2.3623285,0.0637021,1.4550211,1.6629109,0.6871455,0.08874993,0.7163743,0.18481368,0.20159712,0.42024237,0.051580213,0.80750924,0.9661169,0.751952,0.2323828,1.2353507,0.0066775004,0.3101765,0.3586193,0.049439557,0.34096187,0.8099824,1.2159666,0.90482765,0.5211844,0.17697029,3.009505,0.04842833,0.3325927,0.38355592,0.16130221,0.13396043,0.37027195,0.23921339,0.9768032,0.9435286,0.61035687,0.7253572,0.06916206,3.1913402,0.6580021,0.78298396,0.33124918,0.8981654,0.41993937,0.3335259,0.41338414,0.5132502,0.15346506,2.4791014,0.72897446,0.27131137,1.6608498,0.2419788,2.4844313,0.5371115,2.6113124,1.1557802,0.8199184,0.47200954,0.3001904,1.3320487,0.2973174,0.55851376,1.212561,0.8281586,0.26001203,0.5785684,0.90181303,0.044512365,0.5507007,0.22200492,0.00544204,0.78191423,0.23069595,0.9953518,0.12549232,0.30612668,0.3914741,0.4039245,0.33612242,0.8400343,0.4571145,1.0604606,0.80166715,0.09610361,0.7683661,0.89941293,1.5987957,1.1993018,0.043301094,0.21633549,1.6699128,0.63932127,0.6372509,0.10072101,0.59560204,1.2221633,1.3791803,0.31701222,0.0558768,4.618218,0.28256133,0.50716954,2.3446054,0.5511174,0.8349455,0.088714026,0.44474295,0.534475,0.036735527,0.60875577,1.0097195,0.38433793,0.18816955,0.12150186,0.38976884,0.32660675,0.17339303,1.8004141,0.78454465,0.9108501,0.45038494,0.18165208,0.0,0.948933,0.22154415,0.94406176,0.2388401,0.44320378,0.216569,2.4660592,0.047337085,0.29926452,0.4493426,1.0066167,0.95558965,1.2078112,0.0738075,0.8375252,0.97379255,0.48455644,0.9543265,0.21479549,0.31355843,1.1801217,1.688796,0.5896639,0.11804182,0.17530107,0.7168945,1.0142455,0.8253543,0.36316574,1.6748466,0.0040285103,1.2737107,0.6190747,0.4435671,0.109669015,0.4735227,0.32362035,0.28726757,2.4771585,0.81534356,0.7785996,0.41078052,0.6749515,0.2165825,0.8418025,0.5967974,0.13899447,0.665111,0.05609121,1.2039046,0.5619307,0.0017947693,0.16060323,0.25822833,0.008107744,0.10436174,0.37934995,0.25966138,0.03222583,0.54639304,0.15619262,0.4482984,1.3858695,2.8914936,0.07945246,0.8851653,0.050455015,0.4104696,1.5706612,0.7162166,0.39370027,1.1834928,2.6577778,0.8474566,0.2719247,0.94825184,1.0430045,0.415375,0.17049691,0.15889117,0.39390898,0.4916654,0.075097844,0.109396435,0.21866521,0.20852819,0.13504398,0.34567857,0.5620796,0.6200448,0.8989068,0.77215666,0.9393301,0.13525248,0.39836088,0.64484733,2.1347992,1.653477,0.74343777,0.80896485,0.11347224,0.9044482,0.2596775,0.62026054,1.3392924,0.13851261,0.5242461,0.1123096,1.338293,1.2485096,0.9060922,0.4398143,0.38343585,0.67000633,0.4640128,0.6789853,0.9198098,2.4722395,0.36252016,0.16832823,0.34225458,0.57059044,1.136664,1.7087611,2.5671291,2.9597921,1.3491213,0.774069,0.8065202,0.98195124,0.6390511,0.57206637,0.25157604,0.71153474,0.892312,0.4131448,0.00017695734,1.5129299,2.326979,0.051175196,0.101799965,1.12249,0.5369141,0.41267994,0.56113,0.10759624,0.116362296,0.19777103,1.1750754,0.652343,1.4801666,0.51172465,0.19049253,1.0305862,0.58530897,0.43627632,0.54009116,0.9207728,0.6820969,0.4917583,0.20492682,0.34028026,1.3400242,0.74785596,0.69985664,1.3802161,0.033887573,0.26683,0.45428315,0.461832,0.26976693,0.34113303,0.32523674,0.47739434,0.70766497,0.4169346,1.0511365,0.6113295,0.2108441,0.8136559,0.5549598,0.8639532,0.32539678,0.48813254,0.34606564,0.32725322,0.57991105,0.27211794,1.0171922,0.291268,0.29922593,0.14273499,1.0864137,0.6312595,0.23110381,1.5066177,0.515383,1.4535528,2.1824126,3.301458,0.08608736,0.69985235,2.4083383,1.7226542,0.058637396,0.26243806,1.5768256,0.294262,0.11098655,1.6812171,0.3831759,0.519812,0.20548376,1.0298673,0.9752097,0.07958046,0.6605648,1.5857337,0.043277994,0.9524223,0.37240246,0.28344244,0.36112803,1.000066,0.42967024,0.38784394,0.2955158,0.021532105,0.52387947,0.46599376,0.89222777,0.3395315,0.13323459,1.7784125,0.7897358,2.4441307,1.7597003,3.208989,0.21893227,1.4249812,1.3331071,0.8285403,0.61112744,0.20171432,0.53578347,0.16504669,1.2372731,1.398671,2.6450775,0.35129437,0.81460506,0.4381316,0.4354664,1.2034506,0.4939099,0.113444276,0.02815329,0.21020663,0.13487755,3.240138,1.047109,1.1174018,1.2220316,0.33187997,0.49899688,1.2631066,0.7162804,0.75423354,0.8125305,2.134807,0.7445021,0.8446909,0.8114652,0.5847415,0.38951227,0.40578872,0.4067452,0.27121806,1.5796617,0.39404663,0.00043441818,0.9944479,0.34501904,1.0402944,1.0569869,0.7898037,0.70988595,0.40388653,0.6120262,1.5463579,0.7099912,1.0638549,0.1180921,0.8842173,2.175419,0.063964084,0.49924985,0.3632369,0.17095673,1.8469337,0.06912351,0.6680462,0.30185273,0.2707639,0.41695982,0.46974313,0.31609517,0.15124467,0.11227317,0.24708642,0.74377364,0.10473738,0.4238641,1.1187788,3.8762186,0.06513595,0.8632025,1.170388,0.2434374,0.0,0.41750032,0.5937737,0.8796631,0.13733025,0.5171821,all_pothole_images\pothole_images_new_image_282.jpg
0.20101385,0.13787471,0.029754419,1.8323731,0.14875351,0.09378506,0.37328568,0.11104555,1.9905199,0.16377558,0.08996402,0.9668465,0.83624953,2.4494917,2.0153644,0.42738652,0.24845606,0.6359155,1.3713263,1.3620993,2.0423145,0.0,0.4736884,0.09401558,2.2938619,0.0772304,0.8733396,0.3783339,0.13633429,0.3299664,0.88960755,0.6404215,0.074175104,0.93848145,0.0,0.31523135,0.0,0.4995226,1.5409822,0.042416483,0.94657946,0.008474819,0.5866918,2.0458806,0.32594025,0.39187494,0.612194,0.8565403,0.9437724,1.0843912,1.2772294,0.35013103,0.37600163,0.60975873,0.9943132,0.70865935,0.39703628,1.2098109,1.2577757,0.124959774,0.4222645,0.6676253,0.11214981,0.21153863,0.10951348,0.28492194,1.2043431,0.6498145,0.0,0.008006226,0.87515646,0.0018787008,0.6932724,0.15426728,0.53097594,0.033141337,1.5854566,0.953847,0.92824405,0.08098228,0.8773796,0.323788,0.81640095,0.7605066,0.32252795,0.20233683,0.33806005,0.15309058,0.5155668,0.26192153,1.2405376,0.3040771,1.0662879,0.42656404,1.7364916,0.45792413,0.3446712,0.028892733,1.6310431,0.48856944,0.85013694,0.7220508,0.40791568,0.49726716,0.863529,0.57157004,0.24599573,0.23563801,0.033167705,0.26623586,0.33998197,0.6838947,0.09693629,0.33156744,0.5258092,0.17139073,0.9284833,0.52254635,2.6576846,0.4501117,3.0339181,1.6021457,0.23259076,1.9480416,1.3032153,0.16482353,1.8840064,0.5682212,0.79189324,0.93388957,0.18369,0.28884754,0.48121393,1.3379402,0.26207802,0.40680778,0.83886623,0.0028060118,1.0974786,0.024386179,0.7285123,1.3779409,0.46744895,0.14777237,0.6103162,0.0,2.200768,3.6829367,0.8971447,0.122258395,0.33828297,0.8956106,0.64330137,1.6738455,0.32056436,0.7793636,0.1025617,0.16419764,0.8651675,1.0625045,1.4485781,2.7163677,0.009786931,0.010031907,0.4517447,1.4164873,0.5429729,0.31934038,0.4878058,1.7923589,0.5088588,0.72701937,1.078022,0.31098914,0.3529877,0.21714377,0.17963257,0.030165171,0.21005358,0.74497324,1.6198997,3.0986693,0.6752533,1.7848407,0.8165325,1.5494095,0.6347738,1.1447521,0.8225274,0.63367856,0.21849138,0.17006634,0.050543275,0.94464827,1.147474,0.15185654,1.3068095,0.6528033,0.71736485,0.22094367,0.6162984,0.68456,0.79590195,0.32802606,0.73558116,1.0000855,0.56633025,0.8176788,2.2703445,1.502901,0.2317365,0.25913772,0.7548186,0.012390679,1.5808029,0.7154595,0.28116775,0.18762572,1.2561997,0.13791725,0.10384643,0.6954301,1.363342,0.56309783,0.340902,0.5140799,0.673347,0.22065832,1.6347831,0.40304413,1.5883082,0.24005555,0.007078841,0.39573854,0.0,0.93479234,0.060433727,1.5975298,0.3149777,0.23023258,0.32717648,0.124775216,0.41740268,1.9758871,0.65659624,0.13058405,1.0884304,0.031093098,1.5068431,3.3043263,1.5775836,2.5313058,0.5218947,0.011936336,1.34225,1.0593874,0.004423031,1.2685635,0.5720464,0.21040522,1.4353584,1.6608818,0.08134651,1.8644879,1.3347627,0.3285547,0.40118372,0.6060641,2.4009056,0.2473631,0.60704917,0.064756244,0.89878094,1.2872026,0.36047783,1.6583333,0.090278834,0.71165955,0.08806417,0.80902636,1.7563461,0.0896262,1.4048274,0.024715764,0.37501228,1.524054,0.80744934,0.15785627,1.0990168,1.0672927,0.0,0.56841785,0.2343569,1.1487026,0.097243756,0.39917403,0.42740896,0.019162456,0.47919467,3.5281162,0.12259026,0.45322916,0.39875185,0.0017692918,1.439548,0.32238534,1.0075583,0.0,0.12597443,0.11398557,0.5594023,1.5999588,1.7944068,4.452329,0.0,1.0478197,0.51900595,0.09864817,2.7418694,0.65812814,0.5881264,0.0023825625,0.5507415,1.0960459,0.27986008,0.20237245,0.6527195,0.04313789,0.51070005,0.17856514,0.79534817,0.6736436,0.32993016,1.1086245,0.11258775,0.077408455,1.7492722,0.79950917,0.21094617,1.2442558,0.31102464,0.58000934,2.7476227,4.4425106,3.3887665,1.2449071,0.009231396,0.546564,1.4069923,1.356223,0.76462185,0.042750373,0.6755646,0.0749577,0.0,1.1784717,0.5389179,0.0027216466,0.16730163,0.5589397,0.27046028,0.85786766,0.19753405,1.1054473,0.57255423,1.3619214,1.2437252,0.5653028,0.94852954,0.02192726,0.01863365,0.7983607,0.044320296,0.6190674,0.31161436,0.67840886,0.493747,0.4617517,0.70255077,1.7698759,0.68607557,0.042879503,0.7748201,0.047714047,0.40263692,0.8688633,0.43637282,0.18236417,0.42567512,0.8458831,1.5133214,0.37365183,0.5648481,0.94068635,0.0039495495,0.61546326,0.8920513,0.8309194,0.3644673,0.5691436,0.025155444,0.009568093,1.1933075,0.059416335,1.0163215,0.4102341,0.5387992,0.14568733,0.4579992,0.87547326,0.3952127,0.3116273,0.36614397,0.271486,1.3722844,2.524073,2.7083848,0.906789,0.8163267,0.3830451,0.05369035,1.2505239,0.20284432,1.0058676,1.5473287,0.23039167,1.8981615,0.09914751,0.6712662,0.9563307,1.5757102,0.050852805,1.513017,0.1755965,0.58214086,1.0820845,0.61667234,0.5143399,0.4654573,0.0944501,0.80597746,0.33998957,0.005390458,0.0,0.17558381,1.0393934,0.64526856,0.4304105,0.040251475,1.0956764,1.0009481,1.26159,0.04107714,0.24899986,0.29581633,1.0682907,0.77258486,0.70498186,0.18726552,2.1340935,0.6753138,0.0704812,0.18306541,0.071916774,0.6969852,1.1260824,1.3734106,0.5248689,0.89552134,0.9142973,0.6485949,1.0623798,0.016594661,0.0,2.5108027,1.0404414,1.5693552,0.52669144,0.5476162,0.023659796,1.91769,0.70743537,1.1146281,0.76212996,1.4390036,0.22074772,0.4913168,0.060198553,0.6631985,0.31227127,0.32287666,5.6875963,0.010679869,0.77503484,0.15914138,0.4760472,0.23679116,0.022812448,0.0,0.20997266,0.16177005,0.015985275,5.061552,0.75979805,0.9844114,1.767125,2.7724547,0.50256896,0.57344234,0.3357319,0.11787609,0.15039952,all_pothole_images\pothole_images_new_image_283.jpg
1.5108216,2.5251591,0.5546722,1.0150869,0.33533213,0.11862657,0.99113774,1.1900108,1.4352733,0.71881616,0.487551,0.26410115,0.6217477,0.21626234,0.46066716,0.12705922,0.1788474,0.3414199,1.1698506,0.21348976,0.3281667,1.9073884,0.8060533,1.085024,0.15717661,0.72172344,0.036079343,0.9159483,0.02892712,0.119110465,0.15806662,1.0084454,0.48841992,0.9550261,0.016920835,0.6275697,0.17526068,0.365126,0.21594852,0.9912016,1.1839869,1.4793731,0.5297395,0.40901923,0.6991481,0.88765043,0.5269918,0.04561131,0.39406756,0.68082476,0.2446514,0.13427654,0.5052091,0.22425236,0.8348102,0.81773835,0.60825676,2.2597854,0.5247801,1.2430537,0.4653588,0.55507326,0.3233756,0.5963581,0.8901706,3.1542861,0.20388661,1.8050944,1.0291578,0.7998111,0.88361925,0.09868177,0.9496425,0.26446813,0.245679,0.7783331,1.3987002,0.5361589,1.0318727,0.12538429,0.59819055,0.40614885,0.40331995,0.70215994,0.5502377,1.1427479,0.15229665,0.2886937,2.5593164,0.18227923,0.16483548,1.134646,0.58358926,1.5122173,0.19129188,0.05500985,0.8260166,0.19950911,1.8621997,0.64665884,0.08451011,0.62529624,0.32122338,0.2651741,0.66516,0.25847465,0.822904,0.88695407,0.3296065,0.45300293,0.22761367,3.180218,0.7310652,0.54156625,0.47401288,0.15821034,2.1437526,1.0261511,0.7389703,0.76303965,1.3989052,0.22834085,1.2282809,1.266672,1.1752636,0.67809856,0.3185663,1.0762756,0.58492386,0.2918952,0.7994411,0.4175895,1.4769338,1.0122157,1.1906102,0.044119794,0.5142851,0.7410363,0.53065103,2.0727668,0.2727547,0.21423234,0.21899675,0.52506644,0.34746745,0.8093244,0.42863572,1.1508029,0.39869553,0.2377491,0.4651755,0.2979374,0.5054002,1.0415481,2.6364741,0.708089,0.29633117,1.1696265,0.23817867,0.9278778,1.9866517,1.4391024,1.4673828,0.26686278,2.1289012,0.55259764,0.8942673,1.0581675,0.7383039,1.3467429,2.2013128,0.2727324,0.45510945,0.51339364,1.7694134,0.29017282,0.28914475,0.0786206,0.47104904,0.28729072,0.3410782,2.178849,1.7158806,0.88486665,2.0068214,1.7623602,1.1040971,0.69831544,1.6129315,1.1377131,0.4908655,1.676532,0.4621772,2.197843,0.49006844,0.32279772,0.8954617,1.5605749,0.10606174,1.0945512,0.41647875,1.4036915,0.7771455,0.62536824,1.2272102,1.9460284,0.9755376,0.093147255,1.4576659,0.18377057,0.9322413,0.853951,2.359096,1.2719424,0.6553628,0.37331638,0.9956668,0.2061416,1.3201609,1.4113792,0.24913962,1.4489113,0.24999836,0.96303445,0.37203318,0.3899344,1.1687342,0.96939135,1.534171,0.04359827,1.0043825,1.5063499,0.79972994,1.3153148,0.84901756,0.9681328,0.7041406,0.6433222,0.53059316,0.104050204,1.0193256,1.2692037,1.1742709,0.85306424,0.10419096,0.030462325,2.8397043,1.030397,1.0477486,4.069212,2.762773,0.23783384,1.7439326,0.20464055,0.54512024,0.3660712,1.0295625,0.20836028,0.6955027,0.38824874,0.0776748,0.28384662,0.5144462,1.1313845,2.2979658,4.4481626,0.43644714,1.4750113,1.1988859,1.1406698,0.76293164,1.0699996,0.9839951,0.39103216,0.50144273,0.9097741,0.7272654,1.9404142,0.42877507,1.5675687,0.257916,0.63244176,0.4633868,0.2047558,0.6584008,0.9340949,1.1799997,0.3738841,0.73811394,0.5612316,0.05350716,0.70914567,0.13686417,0.9747328,0.90654236,0.5905684,0.674961,2.9967194,0.07867929,0.8975355,0.093436144,1.5596757,0.11356536,0.46225896,2.487488,0.084056914,0.24787734,1.361345,0.5147007,0.12307057,2.3794668,0.8546062,1.8741345,2.5443852,0.15363447,0.29191113,0.14235283,0.30326295,1.844999,0.41748938,0.8878362,0.57677543,0.13535737,0.58883053,1.1458391,0.8349139,0.6491717,0.0049678967,0.29615033,1.9320333,3.9692297,0.32910198,0.8867662,0.8431586,0.35941443,0.56854904,1.7051454,0.3819176,1.0385886,0.81614596,1.6579282,1.6329677,1.886098,0.43393573,1.9057947,0.40612644,0.46488833,0.15916833,0.91504365,0.83689815,0.4625969,1.7003232,0.35647124,1.1486079,0.9129187,2.4812949,0.04958463,0.66656876,2.411191,1.2915238,0.21015209,0.42633945,0.33498767,0.41300106,0.07144322,1.7120328,1.0073371,0.60985184,0.2524463,2.0417821,3.1008153,0.78593224,1.2390785,0.23957433,0.75511557,0.3049907,0.75139856,0.40255955,0.6404229,1.4052985,0.19696306,0.45495418,0.01548619,1.7388932,1.2763077,1.0720203,0.8640211,3.6256812,0.21781307,0.756367,1.6558551,2.1157072,0.56312734,0.98097515,0.0,2.4481654,2.4011972,1.6445707,0.7067384,0.3742995,3.1799092,0.56934685,0.30988264,0.97477686,0.13819036,0.89924127,0.23771398,0.34141615,0.17012964,0.11232279,1.0126556,1.0077441,0.7339914,1.1298562,0.00081762683,0.30981347,2.028577,0.15979093,2.0928032,0.7228212,0.18762036,0.35874215,1.233,3.0237787,0.4523931,0.0,1.2355809,0.49274412,1.493202,1.2293451,0.8029813,0.04157806,0.7455435,0.69189143,0.48870513,4.1637383,0.75201654,1.115648,0.84316516,0.428852,0.5657715,0.804796,0.256911,0.31798974,0.5338213,0.16456363,0.76300544,1.411585,2.8054445,1.7686169,0.61054784,1.9224209,0.87582284,0.4332373,2.0824454,1.061815,0.65350163,0.42069453,0.12513144,2.0360818,0.88717324,1.0557879,1.3080108,0.1484832,3.8530335,0.51036197,1.8117225,0.39987025,1.6424491,4.111061,2.4157567,0.28802097,0.24855056,0.7179278,0.34613436,1.0065019,0.5747399,0.9719329,1.2116668,0.7715813,1.3422557,2.512055,2.20041,0.16973104,0.4997802,1.0714453,1.5464213,0.25788656,1.7579728,0.4034895,0.3974251,3.3234115,0.074483216,0.0,0.43995,0.62120193,0.058712535,0.7865964,0.47493917,1.8185338,0.02429205,1.373585,2.3742948,1.7312837,0.89477956,3.016282,0.976311,1.4598516,0.46583825,0.13885644,1.468984,0.28655824,all_pothole_images\pothole_images_new_image_284.jpg
1.4741676,0.7941231,0.45051593,1.7017993,0.0016328674,0.16817494,0.86943185,0.8546117,0.76407146,0.50463337,0.22265862,0.10800134,0.014485852,0.568493,0.25527713,0.1174739,0.17261025,2.5279117,0.72223634,0.5316832,0.21283227,4.5769124,1.6972898,1.1131077,0.53440166,0.5706295,0.3311791,3.8646672,0.1853636,0.07138867,0.86532545,0.0411763,0.31957194,0.7143905,0.57563627,0.0,0.018700851,0.6506554,0.6438047,1.0758524,0.030297665,0.106949784,0.1622207,7.514968e-05,0.13334197,0.32334962,0.40056744,0.16160291,0.018766003,0.18344003,0.17282778,0.6186947,0.45795012,0.058572426,0.7444978,0.8350409,0.33562258,0.3316329,0.016195279,0.0589501,0.46419704,0.36586684,2.5404506,0.1559832,1.1026938,2.0658152,0.96765214,0.10774671,0.8498716,0.18784736,0.33408996,0.42240772,0.35121128,0.04933553,0.1298415,0.45561302,0.23465055,0.39088076,0.34711674,0.014981783,0.14595288,0.11553714,0.9380843,1.1439849,0.3074937,0.32728747,0.018846458,0.0,1.1511123,0.6167976,0.002115954,0.0041717635,0.5980015,0.27525365,0.12172182,0.041584894,2.1247358,0.58194953,0.035802223,0.14737543,0.62767625,1.2860316,1.3737082,0.519048,1.5851638,0.35034856,0.01080625,0.08120983,0.10288822,1.2747536,0.023175567,1.7787232,1.5111523,0.53702825,0.00090083265,0.07280376,1.2448413,0.6120593,0.3830878,0.19644639,1.5456215,0.057471815,0.15657444,0.10855314,0.8152686,0.07187339,0.4433033,0.033598643,0.38900355,0.3741103,0.65059304,0.3264748,0.061776806,0.06294047,0.5071296,0.42989,0.0,1.0014272,0.003328465,0.07377957,0.40741354,0.119328216,0.11500271,0.8023029,0.42664188,0.8299488,0.32116348,1.7277538,0.1356851,1.0957189,0.13119808,0.29662922,0.001380786,1.1449895,1.3600339,0.078007326,0.35952413,0.061037607,0.03959217,0.9006184,2.5859523,2.710201,0.55136013,0.8004907,0.11521594,0.0,2.921442,0.41553643,2.6638749,0.28853333,0.7756019,0.0075429087,0.0,0.1583186,0.67140806,1.0063097,0.81695884,0.46797118,1.7449054,0.73947626,0.48612562,0.06766953,1.181086,0.45225284,0.91338235,0.742308,0.3099884,0.38589948,0.2079994,0.3253472,0.0027765268,0.3105979,0.22716607,2.9558609,0.0,0.22558776,0.040512886,0.96636456,0.23257504,1.9600633,0.30546668,0.67783624,3.7025437,1.612339,0.5585219,0.47074375,0.36420667,0.35888946,0.57987875,2.2368286,0.5504749,0.10277598,0.25093064,0.40906933,0.06729107,0.6225343,1.3228856,0.2464961,0.36724752,0.8724508,0.23259552,2.2441635,0.87595177,0.3266125,0.012208293,0.14604443,2.1680846,0.2909426,0.09335359,0.35896304,0.10177197,0.676627,0.15504731,0.075846866,0.6085131,0.13406412,0.24461557,0.703192,0.10900962,0.08266274,0.030738056,0.088054985,0.36746964,0.22169432,0.02843238,0.0045048185,0.25420186,0.21762088,0.50305873,0.69545704,4.04601,0.053452935,0.5141372,0.18348885,0.38971624,1.1514919,0.68361086,0.50771624,0.73232293,0.6985873,0.13872439,0.77042985,1.0478011,0.29092813,0.015696662,0.34010646,0.5178045,0.6048154,1.4065268,0.16843256,0.045454208,0.33277607,0.11066161,3.8111928,0.2808189,0.51787704,1.0808649,0.53558403,0.21872056,1.0079474,0.55058974,0.66839653,0.025515847,2.9767563,0.7350815,0.6162571,0.25965002,0.27858418,0.71841383,0.273457,0.7309103,0.596424,0.0,1.9760723,0.051619228,0.2577592,0.7896157,2.0762744,0.24892358,1.1945218,0.07137902,0.03381539,0.0010352816,0.14201382,0.2109042,0.008097979,0.26726067,0.3233344,0.067350455,0.1385701,0.7847075,1.9537181,2.3710337,0.40360135,0.33229855,0.41997457,0.2712111,0.618225,0.0436639,0.16697724,0.10693235,0.19898239,0.14953002,0.6370482,0.30729535,0.2578008,0.23641,0.0,0.41568947,0.5332782,1.5928158,0.15604864,0.45968494,0.35766655,0.4732676,0.48002857,0.8338605,0.6929444,0.15170455,0.38779566,0.35650253,1.6294614,1.8380903,0.00036088028,1.2913777,0.08548996,0.6822223,0.67133176,0.27751333,0.9140524,0.06422414,0.33619484,0.0062509067,1.4817523,0.4401787,0.046201754,0.3182479,1.3137283,1.0437241,0.15881322,0.14681637,0.9877503,1.092958,0.68988657,0.33773336,0.0005124315,2.1100469,0.03311264,0.4473267,0.34436736,1.4800402,0.08730644,0.2502367,0.023654066,0.6814691,0.35656402,0.026660934,1.239381,1.0269598,0.33530363,0.4359354,0.0050941277,1.8400072,0.40839735,3.381662,0.25981113,0.5382707,0.13838595,0.09207887,5.599652,0.33998474,0.9890498,0.031605687,0.8796638,1.3751634,0.041123223,0.78677756,0.04767361,1.5564774,0.21252756,2.110826,1.6866771,0.61485225,0.81442225,0.2765236,0.5578544,0.235991,0.1382692,0.13175224,0.050446257,0.06347971,0.77430993,1.5430299,0.36240506,0.23959255,0.84299016,1.0222768,0.9626272,1.4180955,0.07271251,0.6449775,0.043228187,0.64124835,0.7341635,1.0389205,0.173861,0.22457196,1.0322709,0.9530833,0.15060514,0.40508223,1.714816,0.031200131,0.5659002,1.0562229,4.127572,0.6685349,0.43922806,0.79084027,0.31038445,0.87629217,0.49170882,0.0,0.4877626,0.12798925,0.04628729,1.104766,0.0942015,0.699109,0.5807658,0.075223245,0.07260216,0.9619532,0.55935246,0.6759586,1.1732898,0.50598764,0.35624242,0.054421306,0.4715555,0.8211347,0.73985344,0.06974436,0.0018239869,0.38374358,1.6457006,0.007004082,0.4698105,0.4088847,0.7978115,1.6246842,0.7962426,0.03844128,1.1860129,0.7839673,0.35625586,0.08112565,0.3036017,0.51419103,0.16945714,0.81327695,2.52022,0.13131888,0.3092779,0.01158883,0.08598277,0.55020416,0.20229106,2.232972,0.029442696,0.68265355,1.553619,0.05626847,0.038885042,0.11000977,0.06791925,0.0,0.20504312,0.18597889,0.5183681,0.052498627,1.1605495,0.6656052,0.6430452,0.146472,0.2166766,0.62368363,0.34378168,0.3224515,1.9625943,0.0,0.16374145,all_pothole_images\pothole_images_new_image_285.jpg
1.2068986,1.036809,0.38075197,1.8356248,0.06586771,0.3546155,0.79557425,0.0031648492,0.8842627,1.0084081,1.1162622,1.7778652,0.6581647,0.3277752,0.3364995,0.6510306,0.18961146,1.0160773,0.10037718,0.40960568,0.21480954,0.32176447,1.6413155,4.9660635,0.31683463,0.295497,0.021988709,0.37769574,0.61467147,0.3293244,0.45771217,0.07558652,1.377863,2.0449848,0.68695474,0.86582494,0.019516734,0.61908615,0.51567346,0.46606153,0.26792845,0.96238536,0.36310896,0.2197709,0.5024434,1.6449814,0.13810487,0.7192928,0.45078996,0.95731074,2.210734,1.3818176,0.5254832,0.05543547,1.337429,0.35951963,0.7254818,0.84165245,0.69685894,0.73327,0.2293117,0.63923746,0.25099143,2.045377,0.5248706,0.039832886,1.0508252,1.2443217,0.12815103,0.030419393,0.1651696,3.1003585,0.25602028,0.00020142902,1.4284602,1.8113248,0.4787374,0.45849523,0.20802234,0.67122775,0.39724034,0.85890937,0.096087664,0.241324,1.4713471,0.3351874,0.4761568,0.12168991,1.3114982,0.43474984,0.79118985,2.1270456,0.34662035,0.040729202,0.92453647,0.30121982,2.063324,1.1747062,0.8105855,0.70614606,0.09562645,1.1878896,0.44988203,0.47053403,2.211085,1.0314963,0.075897664,0.002457315,0.713796,3.0069878,0.79178506,1.8008977,0.15052328,2.2545414,0.03775719,0.7509026,0.57493067,0.1944863,0.3261837,0.73361695,0.9079526,1.3275088,0.13116984,1.6545712,1.96412,0.13878441,0.18564613,1.1342834,1.1918614,0.07043335,1.0809203,0.7547283,0.0,0.17958558,0.46777186,0.27595636,0.011519647,0.5963193,0.13029538,0.14723095,0.95446986,0.51231354,1.5698608,1.9392642,0.033014756,0.52180177,0.15093872,1.2604668,0.22628333,0.5191359,0.34744814,0.10657982,1.1735482,0.0,0.52545065,0.24202591,0.38208324,0.5516399,0.23347588,0.4827339,2.053163,0.51277936,0.00582669,1.1434925,2.1831093,0.06805935,0.22256994,0.015717652,0.5641471,1.0895382,0.63827056,0.2744501,0.14608414,0.14060147,2.098405,3.374691,0.13144895,0.0,1.3909215,0.8241393,0.09130635,1.3121359,2.9739294,2.7954245,1.178577,0.064533755,0.89857996,2.0944183,1.4418693,0.17457192,0.6353016,0.4000444,0.5677247,1.2673297,0.7653545,0.32918274,1.8766019,2.2860506,0.36906853,0.08190305,0.007108114,0.30297363,0.76577634,1.440974,0.40933833,0.6975925,1.7610061,1.0407256,0.69473064,1.3765838,0.034836408,0.016112251,0.36761677,0.43572056,0.093266934,0.16705495,0.6507316,0.45427695,1.4333714,0.20083793,0.30407038,0.27495897,1.2797711,0.43022704,0.008508143,0.12596203,0.9801323,0.0,0.57312393,0.09441624,0.23501647,0.32078904,0.37093422,0.94488883,1.1691,0.15064207,0.9800925,1.1360667,0.8876807,1.814065,0.20377636,0.04287021,1.5432955,0.32880303,0.26358157,0.25853586,0.8656247,0.44073707,2.4191532,1.2068402,0.5168127,0.31972942,0.9099447,0.05838713,1.0117087,0.09254094,0.8221125,0.014678029,0.18338795,1.1614687,0.15986392,0.35471982,1.3037053,0.51176876,0.045013588,0.05368497,0.7894508,0.061997857,2.4689946,1.6438143,1.4143686,0.0,0.36945692,2.869282,1.7585146,0.81845194,0.5594048,0.5263458,0.9912351,0.16759312,0.052057244,0.42541224,0.15810522,0.8223438,0.765498,0.81518334,0.09094782,0.6719734,0.12698226,0.19058713,1.2375096,3.0720408,0.6916015,1.2670499,0.73777777,0.03501047,1.0124108,0.33581737,1.2912557,0.2179013,1.3788717,0.09219095,0.67918503,0.15292831,0.16923113,0.15508437,0.14665163,0.0360538,0.05271707,0.4084238,1.2194227,0.74709886,1.8718888,0.5676979,0.31020504,0.9441656,0.08217391,0.117249794,2.1386921,0.7833634,1.2883918,0.5165001,0.6391139,0.08509159,0.016530314,0.67881215,0.24620308,0.09125567,0.36234868,2.0276866,1.3833646,0.13725734,1.601699,0.4920739,0.5754655,0.21130766,1.1066927,0.1678819,0.1787409,0.35042977,0.8777486,0.7706118,0.5146332,1.1994057,0.20551033,0.04652644,0.3613913,0.15664636,0.0070844293,0.39983281,0.35451853,1.5342441,0.3308933,0.23478375,0.6548918,0.46620235,0.22355242,0.5982214,0.040287405,0.4860653,1.5309112,0.721134,0.5816832,1.6711646,0.004125966,0.2382033,0.61797094,0.21192303,1.3872418,0.9058052,0.4107965,2.0666347,2.2861934,0.65962046,1.2328084,0.14958392,0.32789817,1.1299043,1.0444348,0.8866961,1.3305147,0.5092698,1.2970555,2.9207296,0.30135402,0.0,0.9886926,0.3651295,0.0996631,0.18738283,0.20359004,2.1194265,0.029452754,0.17733562,0.015926037,0.40627864,0.44294333,0.40708295,2.768165,0.1368894,0.04023759,2.1407204,1.1948726,0.38822937,0.021818629,0.15401869,0.9099236,0.5723081,0.0065368675,1.6059713,0.3046489,1.8018736,1.0428795,1.3634813,0.007045681,0.32138327,0.40799376,0.34206465,0.046235822,0.08851685,0.35952199,3.239147,1.3788704,1.1946021,1.045267,0.18158723,0.42650837,0.3084207,0.3672726,1.2765231,0.29585207,1.0773046,0.0054704226,0.21788616,0.2770779,0.6527676,3.6781266,0.21621723,1.9919584,0.7146482,1.629212,0.11300489,0.3127948,0.39249358,0.07162295,0.47842127,0.18819039,0.13606836,0.02403196,0.79289246,1.3414873,0.39312908,0.12259135,0.8638575,0.5744054,3.000283,1.5187457,0.16939941,0.4597164,0.8690992,0.1873681,1.0884918,0.8774831,2.1361282,1.1802207,0.0068632048,0.3140098,0.4532396,1.1857638,0.66115314,0.03910235,0.5062477,1.4316521,0.25696766,0.47384533,0.17962508,0.64679813,0.9860961,0.8281331,0.6543612,0.5014082,0.5177663,0.9092614,0.4015714,0.5531382,1.1095169,2.7432652,0.05712143,0.24038863,0.01224614,0.5255973,0.32279095,0.0,0.19341494,0.27252445,0.28502986,0.15641041,0.36742565,0.35814005,0.71473545,0.7351341,1.8984014,0.18984257,1.561269,0.42751417,0.6962311,0.0003680042,0.47137895,0.059220083,2.2872262,0.2059226,0.08311663,all_pothole_images\pothole_images_new_image_286.jpg
0.5858357,0.7460776,0.17427775,1.2069331,1.4092296,0.62300897,0.00015616327,0.3687593,0.9910596,1.0071514,0.49532223,0.27877668,0.16246535,2.5203063,0.018805994,1.1668682,0.07605514,0.111172974,0.32050222,0.56454766,0.23746634,0.5427364,0.25915545,1.4004451,0.03968737,0.115295544,0.011445085,1.9269676,0.3684681,0.7977026,1.0216041,1.0606146,0.17010747,0.617368,1.2731783,0.22716054,2.1197178,0.1453068,0.5211569,0.3707916,0.71448344,0.5739212,0.50106543,1.331779,1.0191692,0.06795836,0.19482389,0.07836477,1.6574099,0.8792751,1.3818253,0.20997337,0.88270724,0.9221677,0.58796144,2.1861951,2.3617797,0.06103933,0.21152931,1.5398496,0.6331765,0.5154656,3.0420842,3.0413074,0.517868,0.91765404,0.204502,0.030103914,1.2496924,1.8153026,1.5391344,1.5688488,0.24328367,0.2785669,0.1347139,0.50375044,0.21717072,0.5551222,0.40583247,0.5577243,0.12264446,2.5800064,0.87518376,3.493817,0.2993415,0.1811627,1.0619745,0.107209474,1.3029319,0.10094617,0.20233881,1.5110921,1.5996894,0.74024415,0.096322075,0.4984813,0.09341946,0.2905059,0.14358276,0.30688944,0.9184693,1.3525614,2.210557,0.10704266,0.9251648,0.46703625,0.45223734,0.26849133,0.6337813,1.0382293,0.36154068,0.8929468,0.90505755,0.31373158,1.7242007,1.5514853,0.527317,0.6916233,1.8056659,0.5441042,1.2318511,0.12522738,0.21174714,0.11790102,1.8026565,0.12410925,0.7900468,0.16888456,0.57338166,2.064573,0.6252384,0.39703012,0.24866946,0.9340084,2.5764356,2.3523939,0.4842667,0.46141857,2.2955656,0.5919845,0.7100828,0.110833436,0.16659494,0.65207505,1.0853784,0.55713904,0.4074849,0.33032626,0.9243935,0.2619726,0.01500213,2.0513365,0.856437,0.21177766,1.061489,0.83794135,0.15691221,0.32421982,0.01704705,0.6993835,0.34816015,0.5416622,0.14226717,4.8839383,0.51531994,0.18491505,0.6524212,0.32650018,0.444813,1.1882162,1.0171602,0.1574891,0.15312058,0.19565298,1.2715405,0.117878444,1.5833381,1.7135775,0.1617163,0.71306217,0.12794644,0.99642307,0.71409416,0.5237075,3.131945,1.0580368,0.9940654,0.71091896,1.0520892,0.01847683,0.7647774,0.16407314,0.24595903,0.92706716,1.5243287,2.4886286,0.15947513,0.26994702,0.100960575,0.6393349,0.1404578,0.3912804,0.44536316,1.0300667,0.6203867,0.036563452,0.9184866,0.37892142,1.1699144,0.9108486,0.4739584,0.04644505,0.5773594,1.0740942,0.9276587,0.5739678,1.234295,1.2243583,0.04078227,1.684834,0.9151807,0.68776405,0.8021936,0.3571797,0.41062242,2.2958193,0.8360642,1.0170015,2.8645816,1.6632314,0.6506295,0.34227628,0.42842358,0.16446558,0.19297843,0.020746391,2.2078784,0.5625928,0.37290922,0.751218,0.44040585,0.7930379,0.22058891,0.2189398,0.62692314,0.55634946,1.1022005,1.3362442,0.2159416,2.7888489,1.0502273,0.73686624,0.04927002,0.37725386,0.45493722,0.3710984,0.845119,0.24482735,1.693748,2.2512078,1.2569466,0.54154515,0.2634724,0.22407788,0.8272471,0.066938914,0.0,1.5011634,0.86777836,0.006858848,0.38748354,0.009555768,0.70548373,0.0029485964,0.4813321,2.1239567,0.66918844,1.8517005,0.032560013,0.056432996,0.5195867,2.0099802,0.8120206,0.07003098,1.6908673,0.7030568,1.3271707,1.9692658,1.2831769,1.191126,0.23053749,0.30475947,0.0017177941,3.3815327,1.6068865,0.10439505,1.0627354,0.9456404,0.64899445,1.8104718,0.20632458,0.21589746,0.28161657,0.29627773,7.0821457,2.7737346,0.5241872,0.86935246,0.10440559,0.7242501,0.08122899,0.15459944,2.0582886,1.1636685,1.3349345,0.9094472,0.18657354,0.9463585,2.1843066,0.6464945,0.3048441,0.47166777,1.3993231,0.027916245,1.3586911,1.1631004,2.1913962,1.0298567,0.23511691,1.1575464,2.6838055,0.58079886,0.79425496,0.394317,1.7665131,0.11068626,0.95624775,0.6241471,1.22155,0.59964,2.1568787,0.83448565,1.1306025,0.23265287,0.11804419,0.26648355,0.98237777,0.68313444,0.35849205,0.54857504,0.5298552,0.004581833,0.08326022,2.622988,1.5394776,0.51867926,0.6988719,2.3359058,0.62842065,0.31281567,0.20299211,1.1804041,0.7186638,1.4629264,0.43129888,0.38816038,1.3806689,1.3447832,0.40390652,1.5286273,1.0884671,0.21508068,1.0537251,2.834585,0.1630614,1.5650058,0.6928965,0.8760066,0.8834898,2.5305698,0.7618747,0.94151694,0.1652122,0.09687619,2.5493433,1.7335654,4.830571,4.3642673,0.6565545,0.625813,0.6482829,0.30420917,0.70277053,0.5852745,0.16929291,0.6706827,0.3550259,0.59059405,0.55577135,0.2707001,1.0827537,1.0546644,0.20104742,0.05168375,0.71180344,1.3732525,0.6148066,0.075025424,0.3535483,0.22544613,0.29074803,0.002881023,0.3937241,0.23474252,0.11291602,1.1391506,1.0877051,1.2702161,0.21572407,0.5083461,0.27725738,1.146838,2.806289,0.676462,2.1263716,2.8221073,0.11008661,0.28697112,0.16800977,0.5396961,0.83689004,1.9654288,0.56601423,0.60482806,0.5057108,0.16336063,0.7768061,1.7154398,0.32920805,1.6000376,0.484036,0.502629,1.6021485,0.006156312,0.34905115,3.1761985,2.4637504,0.28822985,0.48030898,0.51099735,0.94625074,0.0339496,0.98666316,1.7762723,0.4265417,0.094469965,0.97303724,1.221903,0.6274228,0.08282593,2.0802455,0.26044607,1.6644121,1.6377382,0.7317303,1.2760093,0.5642585,0.6632374,0.12718737,0.95138735,0.43899325,1.4982854,1.5609071,0.35020912,2.623471,0.2787245,1.6473991,0.18604706,0.76416403,0.50246906,0.23866813,1.3232335,1.2477931,0.26490307,1.1325628,1.2166479,1.7291092,1.7272136,0.16590077,0.4601068,0.85358196,0.7817146,0.92905337,0.57855463,0.88358897,0.31802586,0.5972555,0.5247106,1.1448271,0.50899595,0.367347,3.8164418,0.9225271,0.45538414,1.288558,1.0906286,0.14885269,0.53298986,1.1333463,0.16901532,1.3250582,0.609844,all_pothole_images\pothole_images_new_image_287.jpg
0.6781245,2.1283388,0.08444621,1.4214997,0.49158671,1.0367178,0.8366966,0.4432329,0.094105095,1.4442384,0.17290324,0.49305487,0.02287801,1.2488705,0.25293604,1.4632268,0.17767963,0.12791106,0.4716245,0.05790088,0.104978725,2.2324352,1.0641987,1.650738,0.18685889,0.5487327,0.36392826,0.61340445,0.4126946,0.122607075,0.26570898,0.13057742,1.414501,0.4156299,0.020979647,1.0142235,0.07182232,0.16780369,0.07414512,1.0910306,0.28658754,0.21715106,0.2899333,0.2912159,0.7731585,0.21645541,0.81388813,0.047542676,0.4276135,0.31271812,0.29784748,0.2437289,0.32149026,0.1974114,0.0019982592,0.93794876,1.4580191,0.00017909001,1.9374381,0.28585878,0.50919414,0.55748004,1.4299871,0.20704864,0.15330693,0.7059042,0.29859033,0.9316699,0.16591641,0.14546855,0.018960446,0.016584741,0.16101559,0.10310891,0.21646063,1.6938593,0.5491025,0.9250191,0.6118497,0.7048102,0.25941363,0.008727524,0.68544173,3.0128932,0.11806318,0.61243373,0.062327307,0.018926471,2.675974,0.23569152,0.0,1.0130472,0.11067124,0.06184486,0.1653017,0.58670795,0.096838,0.28452578,0.45321319,0.04760266,0.06903081,1.0570296,0.17212881,0.022334164,0.8830745,0.014027502,0.17568083,0.1464028,0.26961738,0.1382567,0.11938512,3.8596532,0.06633017,0.0870612,0.57418334,0.0791559,0.26342008,0.5796784,1.41969,1.0731635,1.8432791,0.9527568,0.29298556,1.734256,0.14988938,1.0876653,0.0025522658,0.11212063,0.00072973577,0.17253357,0.5160653,0.14021061,0.057282496,0.112807795,0.3799493,0.21784052,0.0,0.50183296,0.18024662,0.17876707,0.12648085,0.88404876,0.2592387,0.717763,0.18424278,0.087504625,0.25221753,0.04995615,0.5032364,0.09772623,0.8705912,0.13874473,0.97728324,0.12413105,2.0397303,0.5948907,0.612525,0.51748085,0.4848013,0.05296283,0.78893465,0.12856233,0.23968737,2.2214975,2.443937,0.97767997,0.43790284,0.036581792,1.2140012,0.0,0.36752975,0.093325995,0.0129624745,0.6009667,1.8397391,0.048394114,0.24549428,0.1968965,0.023660194,0.0026422907,0.6769016,2.5852513,1.2486628,1.7712181,1.4440151,0.062471963,0.45639068,0.009374219,0.0009475329,1.2489587,0.30971888,0.054105837,0.0,1.1781698,0.43604583,0.0,0.4060753,1.0783052,0.46954128,0.6650938,0.2925895,1.6016796,0.32992148,0.021683708,0.74907935,0.08007221,0.25019452,0.30045936,0.8005914,0.8565606,0.0029765668,0.22573505,0.73331964,2.6299908,0.110025465,0.82402,0.21451105,0.044682518,1.2236177,0.37983048,0.29745203,0.063267745,0.28408226,1.7840889,0.0847855,0.10428967,2.8855946,0.117610745,1.2931322,0.28386357,0.18446556,0.5162888,0.084831595,0.096004486,0.20055416,9.969474e-05,2.263656,0.032197848,0.038758196,0.23998109,0.62212086,0.5470488,0.04828754,0.06145975,0.022444109,0.0,1.1081086,0.0070308307,0.5932817,4.4654326,1.2256376,0.5812689,0.94254446,0.047731534,0.18249463,1.028143,1.120435,0.15448032,0.69951755,3.2513528,0.047193218,0.028441142,0.27228394,1.7831309,0.12009128,0.45586818,0.6905881,0.16624822,0.51992846,0.07652656,0.54818875,0.23439741,0.13666788,0.27144083,0.6479655,0.4832948,0.8205018,0.034323756,0.55558205,0.5460725,0.79498553,1.5062455,0.09755999,0.59739745,0.2763101,0.204623,0.40735167,0.29194108,0.80496836,0.24567854,0.30675408,0.28200242,1.2689861,0.61125445,0.23293199,0.11791882,0.1809445,1.1169536,0.26655897,0.2489935,0.09299654,0.32150033,0.120292455,1.045465,3.4010947,0.48271894,0.118334845,0.28493303,0.08890532,0.15110184,0.8114089,1.1913872,4.8814187,0.65630555,0.015091854,0.29498595,0.06700059,0.6666792,2.5814195,0.41708377,0.9406385,0.183316,0.3098967,0.21768634,0.02405294,0.91400284,0.71879375,0.43122292,0.19692132,0.6991833,2.9004772,0.37329558,0.06108187,0.11078617,0.0,1.0774109,1.4415015,0.156416,0.47904083,0.059381202,0.9094787,1.2885987,0.6925232,0.0062981513,0.044822548,0.26703516,0.016027099,0.0073309145,0.10898569,0.16461061,0.5271585,0.66620505,1.9239078,0.07162093,0.20210622,0.7246328,0.7945722,0.8318115,0.7089079,0.5654011,0.17783523,0.8866155,0.665828,0.012096394,0.032117084,0.8690125,0.90694237,0.0,0.3209539,0.35202575,0.8292837,0.687845,0.6019516,0.0388697,1.0061016,0.076361306,0.4755547,0.17790256,0.07809509,0.37341005,1.1578476,0.16710815,0.2607547,0.51206946,3.5448506,0.030416628,2.3506367,0.14712757,1.5378515,1.7478449,0.9402134,1.741623,0.14730541,0.5522435,0.063618414,0.019955264,0.29783896,1.1953517,0.7545837,0.26816466,1.1374313,0.2131925,1.1647127,0.26582798,0.24037446,0.024531811,0.9876307,0.48671588,0.0,0.49365786,0.29949474,0.28523907,0.23631535,0.07044919,0.34254372,0.02731257,1.4618286,0.15928753,0.573423,0.06833152,0.790147,0.65540606,2.8534079,0.54555583,2.6898694,0.5867759,0.5576674,0.09333001,0.120147705,0.3447003,0.32116884,1.153349,0.4057419,0.0,0.2142975,3.6214375,0.5517128,0.25441578,0.45799324,0.9069668,0.18315984,0.50150084,0.048860744,0.0,0.77553433,0.109300464,1.987487,0.07715031,0.0,0.77244675,0.41477844,0.4871285,1.1127316,0.25723705,1.285245,1.0722351,2.0039158,0.12000358,0.93454057,1.7456865,0.5209549,0.0771007,0.6220321,0.536288,1.3081443,0.04550588,0.79042786,0.17346878,0.0,1.0252886,0.14787781,0.11604846,0.5635905,0.05118892,0.42918387,0.20705289,0.6124018,0.2706772,0.16392495,0.7964216,0.86756945,1.516648,1.2435066,0.1925709,0.0,1.6176673,1.9123027,0.32124427,1.2847376,0.061195605,0.3285706,0.6810516,0.19938119,0.2990167,0.3733975,0.39534494,0.22021109,0.104935214,0.37689984,0.85798514,0.35522383,7.29133,0.83224934,0.48659503,0.031059654,0.22984512,0.0,1.1122864,0.09966359,1.2987704,0.14084432,0.071192816,all_pothole_images\pothole_images_new_image_288.jpg
0.11599237,1.9670981,0.72834724,0.24664222,1.1138388,0.15292412,1.8341453,0.007774554,1.7811556,0.116602175,0.18505205,0.019001367,1.1748726,0.52285284,0.50703704,0.3494166,0.007840504,0.15682758,0.46561933,1.184181,0.9074922,1.2188239,1.6877178,1.1778184,0.26588425,0.72707963,0.0,0.76335764,0.014486668,0.34437984,2.8337843,0.14404438,0.19565977,0.1690042,0.93353945,0.54912513,0.2659764,1.8239418,0.25046492,0.47252285,1.7738538,0.14205936,0.040774718,0.62511027,0.9418837,0.055579476,0.22017594,0.099804536,0.1214553,0.16996162,1.599171,1.3912073,1.5434337,1.5771079,0.10042766,0.0,0.1968642,0.9815085,0.03352467,0.020227991,0.32857177,0.24543649,0.3884021,0.99705595,1.0139234,0.9103995,0.009379077,0.15195335,0.733397,0.026451495,0.2791688,0.66387594,0.4012641,0.2263486,0.008051688,1.9958793,0.033385172,0.69265985,0.5679436,0.06040006,0.6324792,0.99172044,0.0098316735,1.0143895,1.2408398,0.94478965,0.049268704,0.32791153,1.3026857,0.074704506,0.001820161,0.43508413,0.59505063,1.2190326,0.5033063,0.13351515,1.1941794,0.16465022,0.07503253,0.10239442,0.6280714,0.9297486,0.98543733,0.10486175,1.7225454,1.6792206,0.61668605,0.26795152,0.02683794,1.1811581,0.11624071,1.9620427,1.1162695,0.21075092,0.7041092,1.0828992,3.194756,4.1690845,0.26180932,0.6802356,2.0376682,1.0386041,0.59538734,0.6656721,0.23661964,0.080685504,0.27158105,0.5921581,0.43132007,1.1253916,1.583427,0.21960197,0.19020577,0.5826024,0.01414234,1.6455795,0.35107237,0.078737386,1.0684674,0.04789202,0.43750256,0.35527128,0.17112222,2.218625,1.6738298,0.21173795,0.83427036,0.46740493,0.6066384,0.6379433,0.16418013,0.6270635,0.11998458,0.3858564,0.61964756,0.015234924,0.6287383,1.2422223,0.52768743,1.1951666,2.0885623,0.60814804,0.0057935175,6.9002194,0.23362175,0.43084267,2.0418909,1.1556869,0.6849332,0.5025313,0.8427817,0.026783228,0.7095922,0.6011098,0.4584163,0.09662868,0.12289439,0.051129904,0.16550168,0.9801978,0.0,1.5855196,1.4356265,0.15789075,2.8958695,0.27251396,1.2232752,0.7903336,0.02706139,0.1583952,1.0625107,0.105682686,0.17196326,4.159955,0.02762973,0.09668825,0.40295625,0.3559903,0.064344816,1.52137,0.24215087,0.19016466,1.2571561,0.65763307,1.6617472,0.8825678,0.54462904,0.3311731,0.118793964,2.886425,0.10782374,0.5700881,0.36098886,0.3499254,0.6020403,0.5133069,0.36533546,0.6650729,1.1950668,0.06770159,0.61912715,0.9733231,0.051632646,0.31495118,0.22013451,1.6609663,1.3944799,0.09564023,1.6191916,0.009752989,0.28229994,0.57107186,0.59298193,0.3424862,0.7024993,0.42777753,0.14020577,0.9500942,0.29832244,0.51706135,1.3482184,0.3353867,0.20805639,0.43936634,0.021366255,0.010526523,0.7657182,0.59121025,0.016808238,1.1824614,1.9274205,0.00076355017,0.6236476,0.8930612,0.66286856,0.20722002,0.011696456,0.048272528,0.8032195,0.007374049,1.2055646,2.907764,0.024312196,0.2388557,0.2792394,0.76011336,0.004136153,0.24845403,0.66436297,0.8565,0.0,0.048767406,0.0,0.0,0.103730135,1.6136315,1.2998916,1.9925255,0.3760964,0.83891845,0.41674075,0.10425733,1.1812898,1.1407212,2.2302763,0.31373748,0.43579295,1.6634667,0.84775954,0.6045881,0.3942899,0.20039138,0.30707452,0.44390285,0.03144241,0.22877397,0.8271281,0.24700244,0.8524031,0.32016528,1.6290706,0.4754274,0.43735588,0.1075093,0.7651123,0.066437334,0.010399945,0.3016079,0.48697257,0.4076357,0.64460737,0.9362002,1.8107063,2.6018255,0.24638695,0.4730666,0.4096658,1.1360824,1.1352695,1.082209,0.3382936,0.3818954,0.5584631,0.84231794,0.21239085,1.3175218,1.3502388,0.8019921,0.05276568,1.2597895,4.025722,0.0,0.8093161,0.34008628,2.3113494,1.3857698,0.10720263,0.5003095,0.7433131,0.30181405,0.39394823,1.0600731,1.1448066,0.9442358,0.16830306,0.52038467,0.79591674,0.18126,1.013198,1.1598394,0.099282585,0.6714068,1.4443097,0.045027323,0.10247345,0.01595607,0.92039365,1.4148659,0.30364615,0.20636211,0.40720344,0.52479273,1.5955966,1.1683387,0.13959996,0.036097456,2.7456129,0.86992264,0.051327214,0.119446956,2.2882562,1.4543531,1.8140838,0.92464864,0.95201635,0.24239431,0.2100496,0.4776709,0.7479699,1.8044654,1.2221676,0.29353395,0.5458567,1.0710882,1.2525581,0.7778225,1.3918732,0.4532129,0.03418869,0.9613866,0.64452744,1.5697205,0.01692653,0.16384557,0.3225482,0.19030139,0.2785865,0.3052632,1.6929739,0.33428377,4.320056,0.16034555,0.0031222256,0.9417443,0.21322304,0.27051926,0.37480447,0.7589733,0.26452583,0.41318008,0.3066839,0.25655946,1.800018,0.74967206,0.11000708,0.44224232,1.1422777,0.4790599,0.27527732,0.2627649,0.08192822,0.592578,0.70267457,0.21503228,1.1265036,0.9510414,0.60390943,3.1689494,0.82289326,0.6153692,0.04936988,0.71456605,0.10257605,0.3013219,0.70459497,1.9933238,1.0962782,1.2708788,1.2385676,0.40728262,1.2070847,0.055514026,0.009643838,0.23494156,0.04295901,0.7932423,1.0575334,0.48716095,0.12402622,2.0756643,1.1513623,0.35572103,0.7746138,0.1369489,1.3634696,0.24387737,0.021971548,0.014048335,0.13432968,0.19008277,0.5738235,0.1400951,2.2508972,0.5714308,0.14302877,0.61541647,0.87749594,0.5594006,1.2556664,1.1101892,0.81789255,0.6230102,1.294126,0.52749085,0.4871702,0.08844566,0.24751048,0.90042925,0.61315084,0.53377,1.1821433,1.8658493,1.2530433,1.0680926,0.5248002,0.530471,1.2186567,0.57740974,0.57068723,0.94932103,0.21141766,0.24273266,0.087612085,0.2789744,0.16629805,0.11031478,0.015553425,0.7783971,0.014062061,0.28324255,1.9470872,1.7810887,0.49697858,1.0392284,0.01153491,3.257077,0.7900588,0.556379,0.4424968,0.10738373,0.28778952,0.09875118,all_pothole_images\pothole_images_new_image_289.jpg
1.7356931,0.31772336,0.24276254,1.6585317,0.09290423,0.07114523,0.18508625,0.037331976,0.3618756,1.4894842,0.80532205,0.8763899,0.87011003,0.7000352,0.26737443,0.70016915,0.16910197,0.54184395,0.3726729,0.045224007,1.1999128,0.9965341,0.31063274,0.2178401,0.5218504,0.85087365,1.2512883,1.7361717,0.17402981,0.4733404,0.6092617,0.37922612,0.4333135,0.5055164,0.24549732,1.0580052,0.2856732,1.2124736,2.3295536,0.3122852,0.07423629,0.37291607,0.1863034,1.828554,0.69073373,0.017910648,0.12404658,0.051160928,1.0232363,0.5385951,0.24100941,0.029931819,0.33117983,0.0,0.0076531908,1.0440207,0.26946244,0.38923213,1.1317362,0.34684452,0.13894962,0.63703686,0.07462765,0.21861811,0.8840839,1.5210226,0.20252433,0.25107232,0.8122851,0.16864169,0.05390047,0.973055,0.6485008,0.78647673,0.5312906,0.30844206,0.501734,0.3425709,0.0055724937,0.03183704,0.3620882,0.15747626,0.047446765,0.7018794,0.674424,0.14131092,0.1394993,0.59613216,1.677554,0.98058754,0.25063488,0.4774857,0.42487088,0.3155658,0.8824491,0.23950806,2.484253,0.82490575,0.63835466,0.50976694,0.13150702,0.0077368994,0.45578808,1.3229617,0.9897653,0.14563727,0.25674483,0.16296078,0.34022704,0.17035888,0.0,2.0664175,1.4848629,0.35091785,0.07308676,0.47639465,0.7051017,0.45679238,1.146433,1.084826,0.6088007,0.09111485,0.10768805,0.2532341,0.5336905,0.19695593,0.70773685,0.22922951,0.76864773,0.113846794,0.16635965,0.13563216,0.31931764,0.053577103,0.024417488,0.92007583,0.16461864,1.0948416,0.5008501,0.0027517593,0.017333332,0.4071957,0.16959333,0.29498065,0.08965006,1.7711608,0.62765896,0.0050046425,0.78821933,0.4916141,0.5797302,1.122198,0.0,0.42439944,1.2788825,0.70793086,0.10171926,0.14586166,1.0861801,0.5580657,0.50027144,3.013014,0.110518165,2.2854543,0.3034032,1.0909402,0.54982716,0.009411532,0.5556015,1.0524284,0.16073559,0.10484923,0.04405553,0.35416237,0.11841834,0.022985123,0.20425901,0.0,0.72652525,0.546862,0.18663508,1.8838799,0.7481382,0.42818403,3.1399975,0.6586584,0.062288664,2.6182942,1.3791442,0.4856083,0.9259421,0.87163293,0.11441775,1.4748344,0.07396314,0.23131144,1.1184705,2.0031269,1.2531719,0.19143686,0.10238279,1.6546685,0.52219313,1.0801634,1.4867688,0.2658037,0.015185242,0.73608184,0.6776856,0.34203774,0.0,0.036434818,1.1219153,0.11789177,1.4011513,1.3783967,0.09104666,0.2543424,0.24837567,0.24754126,1.5570287,1.2000674,1.2268435,0.6155435,0.079238616,1.3586552,0.91984946,0.0,0.89377743,1.1656026,0.026344215,0.497542,0.21038437,0.67435414,0.13376978,0.48154834,2.4739053,0.076060176,0.20278691,0.21321535,0.38094696,0.66370374,0.073717766,0.047178045,0.068480186,0.12228522,0.61568207,0.039818052,0.65429825,4.9948077,0.23007508,0.36128214,0.62410975,1.2444503,0.00086250034,0.25969034,0.9497004,2.3009052,0.09207926,1.7804817,0.3331786,0.027705885,0.5541352,0.8722495,0.57035816,0.6722823,1.4152197,1.7253405,1.042948,0.038165864,0.8441834,0.14389499,0.009441637,0.88811684,2.32665,1.6087434,0.50834566,0.048543427,0.03347608,0.78577197,0.3607122,0.4084074,0.92668873,0.1308821,0.072916344,0.6377658,0.82295746,0.14768644,1.0561578,0.96418697,0.23592345,0.06545788,0.40854713,0.33990777,0.67772377,0.00612636,0.76951075,2.2946393,0.54381925,1.5490339,1.1173053,1.4909515,0.019472543,0.73887056,4.302665,0.5648488,0.20150328,0.97919524,0.17738491,0.07945426,1.2213717,0.5738141,2.9801311,0.89017636,0.17187046,0.9170666,0.34453246,1.2413085,3.2623305,0.44662467,1.4386727,0.08221328,0.53842556,0.07136788,0.28795883,0.13300349,0.2520457,0.13623098,0.92481244,0.17684387,3.318907,0.127309,0.016864978,0.11190209,0.64890724,0.025201205,1.9367261,1.3358562,0.17869118,0.2469603,0.0013095344,0.10970119,1.0912521,1.8399717,0.25976166,1.8691026,0.0039363345,0.19250281,0.21132632,0.74709004,0.3657217,0.7803586,0.20536514,0.028249567,0.18109195,0.020286195,0.057336047,0.649693,0.041242503,0.4651923,0.06510154,0.13259624,0.41843858,0.9590832,0.23666646,0.08562766,1.3398442,0.039473046,0.23708884,0.009579291,1.7527132,0.80228955,0.20469205,0.019106455,0.22920449,0.15172045,0.024382498,0.12959543,0.8444051,0.3769367,0.9890717,0.060053293,0.95374453,0.82759106,1.819933,0.7150505,0.6946621,0.0,0.045733795,2.1077466,1.7300786,1.4623182,0.76311654,0.2123782,0.7243838,0.18147354,0.4894738,0.39745653,0.6581607,0.012316071,3.0687797,1.0804598,0.29691687,0.042320084,0.5817744,0.15780722,0.26804826,1.4321886,0.1412994,0.033239182,1.1706421,0.86321926,0.6103537,0.7179858,0.0,0.0024834413,0.10615454,0.49069425,0.11893537,0.36147887,2.011073,0.57313484,1.0961366,0.8847164,1.0232846,0.14049064,0.78875965,0.6153001,0.20991945,0.973895,0.071030155,0.44091073,0.84663737,1.0692853,0.08935201,2.11345,1.8000396,1.2808919,0.7246323,0.26289886,0.19032793,1.7207242,0.29645944,0.47371355,0.0384746,0.02688772,0.03054225,0.25938848,0.16842097,0.5556346,2.284839,0.3681549,0.60909635,1.7157023,0.860442,1.4669268,0.5020317,0.17357923,0.9212444,0.8954368,0.60660607,0.05166826,1.6385833,0.0,0.10478923,0.32395482,0.18232958,0.0471918,0.19116619,0.37936234,0.27871564,1.1157969,0.110760085,0.08941948,0.44551983,0.17118925,1.5481097,1.0288306,0.33302042,0.0845393,0.33993325,2.2898862,0.91851336,0.27629444,0.00733214,0.46077448,0.5572115,0.0118553415,0.96694946,0.0,0.7358211,0.23108695,0.2987044,1.4020002,0.0,0.17451434,0.049321894,0.07658393,0.064314455,0.24947748,1.169152,3.5907836,0.60170186,0.36001614,0.61502177,1.5036057,1.1914182,0.3987133,0.5013979,1.6101018,0.37084237,1.3484213,all_pothole_images\pothole_images_new_image_29.jpg
0.16009478,0.92030346,0.7309298,1.1691823,0.94956577,0.27566162,1.2934881,0.42232898,0.5877614,1.3015567,1.2279164,0.19286837,0.4142414,2.5124018,0.14636417,1.3314781,0.43041757,1.8963529,0.7358183,1.0428021,1.1332288,0.13728997,2.4581568,1.3115296,0.7759605,0.4574148,1.252198,0.029261138,0.09510109,2.310595,1.9795996,0.9310104,1.2572049,0.28521577,2.504253,0.7524275,1.2152033,0.53760934,0.29268432,0.112189874,0.30940276,0.24185966,0.65805674,0.23865388,0.90061074,0.8624116,1.3466911,0.0,1.5140616,0.04938983,1.8677303,0.8684085,4.57625,1.1098087,0.8567055,0.2086796,1.4604706,2.28507,1.7273086,0.30689287,0.32162577,0.7125566,0.015470769,0.0,0.2059315,1.0255803,0.034836914,0.6273075,1.3645141,0.21402696,0.4290903,0.40875226,1.1412467,0.6195427,0.19656321,0.30362266,0.17786543,1.8535832,0.019008126,0.041575614,0.169807,2.89332,0.01830525,0.34492797,1.3658396,0.7351309,0.6212398,0.70161974,0.7482642,0.11785544,0.67754316,0.5249288,0.5612856,0.68908805,0.00906842,2.8077466,1.2050036,0.5688814,0.23262657,1.0773727,0.13441192,2.3519185,1.2934661,0.25046653,0.4160167,7.6333866,0.7143813,0.35794595,0.1515595,0.5952519,1.1624824,0.6782194,1.300622,3.4031863,0.77207804,1.4067134,1.1560097,0.41396523,1.6086357,0.75965446,0.3497627,2.9010751,1.6401058,0.14775889,0.4393236,0.19592491,0.6808409,1.0429847,0.4818896,1.1447631,1.2910174,0.11278161,1.1731592,1.8906521,0.15326776,0.7834345,0.84971195,0.7018655,2.381118,0.5583647,0.07379181,2.4145405,0.47547475,1.1393764,0.020189555,0.03591779,2.0197244,1.3931757,0.7726087,0.7758834,0.14928178,0.73925203,0.23773324,1.5869861,3.9471335,3.154752,1.8907878,1.2347968,0.30153903,0.52175343,1.6902406,0.25372365,0.0028963636,5.7435203,1.7595185,0.4526605,0.9075702,1.4724627,0.6036056,0.29252467,2.02333,0.18325268,0.9732213,0.5830444,2.7543979,2.2732842,0.949116,1.1610355,0.24930741,1.4289721,1.4584488,1.0439203,0.3725287,1.2039533,0.54903066,0.053796332,0.3494365,1.1239144,0.022236105,1.34919,1.3130534,0.7495267,1.1893766,1.6726443,0.3770135,1.3766211,0.07854529,0.52420014,0.7756478,0.6665515,0.14800926,1.2335038,0.35795343,0.2608788,0.61161315,1.3571373,1.5412781,0.34615383,1.1913719,0.43146873,0.40372053,0.82613117,1.7547722,0.551893,0.34547734,0.8709997,2.2968423,0.26090336,0.8462722,0.035769597,0.37005156,0.40477183,1.2446128,1.8895746,1.6836865,1.7624842,0.52519274,1.7142994,0.39548507,0.109234616,1.0565244,0.5583629,0.96143854,0.072769955,0.7854777,0.12900084,0.6469388,1.1071701,0.21954873,1.8432732,1.021585,0.7610547,0.39098793,1.5726929,0.21798688,2.1052167,1.0066581,0.8816798,0.12268968,0.3561231,0.5546379,2.88802,1.2809979,0.6982319,1.0179895,0.82719374,0.19337536,1.6043044,2.2572575,0.0,3.1518435,1.2200583,0.47249767,0.36433753,0.26918238,1.0083697,0.89790547,2.1523068,0.43863273,0.27659428,0.03136637,0.13001159,0.77258795,0.2984674,0.02676393,1.119915,0.5591769,1.5793195,2.0351353,1.1306136,0.19476652,0.061240904,1.0729606,0.57504535,1.405268,0.086191416,2.14534,1.0140756,1.013253,0.38679084,1.0669607,0.09808853,0.22357854,1.6473058,0.4831023,0.90852827,4.309158,0.027264185,0.8431008,0.6351533,1.9813886,0.29207388,1.2380809,0.45992458,0.22026318,0.25659785,1.1225725,0.2312485,1.5052994,0.16844204,1.4920491,0.59141666,0.45354575,2.7135468,0.3334089,0.0,0.68281364,0.47931102,0.45862252,1.3435488,1.9065146,1.1266901,1.9399748,0.7204453,0.90199035,1.3779203,0.8128395,3.0750415,0.3934985,0.6870848,0.037882507,0.2527591,1.2131045,0.5680567,0.70477015,0.5788044,0.0017801054,0.95320344,1.3271341,0.8002838,0.7653242,1.1566482,0.8255602,1.585381,0.48117706,0.48032424,0.09304601,0.6049602,1.0460846,0.7336427,0.007522295,0.5925632,0.91770434,0.0111802835,0.5825473,0.14185959,1.5510484,0.7308142,0.5838247,3.8373226e-05,1.4785854,0.97295177,0.021855768,1.614468,1.3073843,0.12803566,1.2516608,1.9862094,1.0094553,1.4603133,0.052972253,2.0155475,0.3162821,0.9357938,0.49988714,0.028041318,1.7504883,0.18150134,0.701163,3.8787487,0.9515485,0.9191442,0.15700664,0.39756438,0.2862176,0.11448151,3.180406,4.1145606,0.17336982,0.6376284,0.51856667,0.6251285,0.6249246,0.121214025,0.07892085,0.08894645,1.1528608,1.4259578,1.470163,2.0865645,0.15100047,1.610074,0.5677806,1.996445,1.2094309,0.0027574732,2.5877385,0.3723024,0.51350766,0.5050172,0.20421687,0.101292215,0.7982844,0.28953487,0.021883857,0.44533554,0.11409238,1.6569872,0.37871084,0.71983975,0.044624154,0.76381415,2.8010337,3.2355006,0.23939344,3.4318624,0.17004676,1.4173551,0.6470083,2.6503909,0.15472797,1.2262917,0.39211166,1.4012566,0.69032604,1.5783393,1.5947082,0.33628556,0.82662845,0.3810779,0.3874565,0.23957199,0.28404534,0.50123024,0.0,2.6436853,0.36857247,2.018582,0.63672054,0.67210233,0.0,0.2576135,0.22790207,0.19440994,0.40122697,0.576724,0.75097764,0.14727205,1.1713966,0.2516876,1.05761,0.49256638,0.51388603,2.060512,0.10153275,2.9979208,1.0070362,0.5080005,1.1938565,0.38782743,0.06351029,0.7808205,1.3239644,0.9618259,2.624123,0.014401663,2.5443838,0.52745146,0.95656025,0.42982194,2.2688937,2.1369693,0.9855714,1.2497036,1.7338979,0.81790376,0.85905266,0.027899858,0.26952094,0.7060911,0.51361066,0.0,0.18397525,0.4190918,0.43779463,0.089659035,1.3297442,0.19528773,1.6743419,0.68587875,1.2502552,1.2008374,0.2653646,2.3288076,0.06863423,0.21385641,0.10228108,0.48889711,2.3679621,0.6590244,0.3660186,0.3046898,all_pothole_images\pothole_images_new_image_290.jpg
0.046576075,2.9770415,1.0770408,1.5059276,0.17635864,3.590082,0.5802396,1.7416936,1.6159792,0.9243281,0.7757041,1.2981213,0.2628829,0.4222288,0.7112045,2.7597194,0.35162747,0.1593858,1.0714183,0.2142305,0.57092476,0.76560086,0.7297041,0.8114203,0.44082114,0.5595239,1.0599568,1.8272167,2.286986,0.6513863,1.0925697,2.6077478,0.28899565,0.8773044,1.0305138,1.1011845,1.1854069,1.5296407,0.26597705,1.4343917,4.395547,0.7514924,0.2631484,1.531955,2.108114,0.902808,0.87314534,1.2127702,2.974004,0.47546354,1.4305766,0.46589527,0.8280469,0.3175342,1.0660042,1.9867759,1.1006141,0.6535484,1.7198747,1.93013,1.4930865,1.2098767,0.6498123,0.33659387,0.10915748,1.4449618,1.2119267,0.56101876,0.4179084,0.19851653,1.5721899,0.8298343,0.7852774,0.08553049,1.4805954,0.98009646,0.53733367,1.8529843,0.1064696,0.5737325,1.3744202,1.3628384,2.3260045,1.0687562,2.1230233,1.1000042,2.832049,0.065050066,2.448643,0.884862,0.11300702,2.7231612,0.06552777,0.03037006,2.1965668,2.9082012,0.63022923,2.4348428,0.0,0.6591906,0.14429286,0.33427766,1.885825,0.7960057,1.2149482,0.5644241,2.116731,0.081549406,1.2048006,0.41952738,1.0514203,0.8557803,0.27220812,2.1470613,1.0982342,1.48606,0.87144303,0.61735916,1.5643991,1.1876655,1.1912378,1.8386772,0.15292023,0.91683364,0.36971512,3.795812,1.4455221,0.7761141,0.22516024,1.3398504,0.5039112,0.632578,1.3835069,1.4126264,0.29790807,0.8896734,0.318293,1.0316032,0.8182368,0.9521276,1.1250485,0.062276665,0.98520535,0.46543494,0.5092618,0.22075872,0.538609,0.5683723,0.34863535,2.9570255,1.3081706,1.7660588,0.93233836,0.47307587,0.30708763,0.2596269,1.2298098,0.64924455,0.6341049,0.40121606,1.5672493,0.9025351,1.8838329,0.43841505,0.29935127,0.39834848,1.1154666,0.61184865,1.3515424,0.51695025,0.23676993,0.772493,0.5330328,0.028611373,0.5620126,1.1123279,0.2129276,0.54656,0.81962204,1.352004,0.0,0.37022364,1.3022448,2.6725883,1.2683238,1.4838569,1.1408494,1.5586843,0.41892982,1.4255131,0.088485025,0.16141146,1.3225688,2.2971418,0.23260245,0.5386842,1.0070518,2.1802437,1.757857,0.42104676,0.44846657,0.9057458,0.42753372,0.43989068,1.3776728,0.42554817,0.18518917,0.2647873,0.29822233,0.68803775,0.4902503,1.2825756,0.037414204,1.2203302,0.73801374,1.4888704,0.3220014,0.5776163,0.5511062,4.0963497,1.2250265,0.78388965,0.10827574,0.9680149,0.8907295,0.513589,1.6978542,0.951928,0.5558489,1.7690579,1.2085031,0.1936204,0.3966212,0.26303294,0.48614776,0.462618,1.1036714,0.39752594,0.061009135,1.2353048,2.6499963,0.6988876,1.9715599,0.26961833,0.3654188,1.1104662,0.81682265,0.2485424,1.3223951,1.1543301,0.20424944,3.7793336,1.2628113,0.062475976,1.0509231,1.2450202,1.457593,0.43751973,2.1155152,1.531804,0.6189252,0.18482979,1.0648388,1.7246327,0.67762756,1.2496914,0.052858073,0.8009237,1.0582672,0.2704497,2.359163,0.14506781,0.66633356,2.4583662,0.69480765,1.2678813,1.0578383,1.5593874,1.4336382,1.6077547,0.17297417,0.6437377,0.34369257,2.670526,1.9638385,0.3623415,1.0987717,0.6434564,1.1774361,0.5676267,1.4574763,1.7060071,0.08084834,1.6596448,1.0073531,0.45370945,0.3182746,0.5816411,2.2270925,0.9419739,0.06820888,0.7145508,0.7325645,1.484455,3.1841338,2.657838,0.29328614,1.2082922,0.20023425,1.4484588,0.1710775,1.6379435,2.8893774,1.3212541,0.13655446,2.456466,0.14913072,0.17296763,0.12736996,0.014130848,1.5544443,0.9851902,0.47534198,0.013555127,1.7031293,1.7930136,1.3523524,0.29200268,0.20082407,2.0652068,1.4325429,0.47598296,0.03658581,0.0055954712,0.113038525,0.6677196,1.0549468,0.59427017,0.33046302,0.2337815,0.12553577,1.1260731,1.3822318,0.8032082,0.9664643,1.3030553,0.693994,0.2193568,0.20703623,0.18300338,2.50645,2.323799,1.554789,0.12207802,0.10309173,0.4656446,0.8694384,1.2247077,0.16460375,1.0894569,0.19389957,0.054345198,3.0224366,0.17453435,0.7664458,2.5301502,1.3009498,0.1555535,1.1008949,0.4814631,0.94848335,1.2101089,0.26170266,2.0303037,1.0062404,0.057220373,0.1999927,1.3654732,0.42926675,0.91096014,0.5603916,1.2180954,2.778874,0.99864835,1.912672,2.0295546,1.0559651,0.3892276,2.5660236,2.6157095,1.3598156,1.0922599,0.6383712,0.7943629,0.628253,0.094867915,0.6022873,0.99827015,1.0977077,0.10119245,2.554985,0.5105161,0.11150434,0.5546505,0.29217094,0.2966778,0.3730563,0.0802562,1.1118366,0.18269621,0.90772027,1.1444764,1.6121014,0.22187577,0.009183289,0.5769063,1.2946215,0.26554006,0.43943086,1.1769407,0.80000633,0.20314708,1.0104727,1.1635545,1.6073085,0.07373086,1.3840665,1.5389127,1.2168901,0.7420436,1.774608,0.9719511,0.7808118,0.25656167,1.463231,2.5053024,2.1937444,0.60801494,0.35183924,0.4175161,0.3697874,0.16081578,0.50657296,0.76509464,2.3724635,0.6124628,2.6665719,0.73203444,0.73309577,1.9893428,2.2513752,0.3835334,2.6477306,0.6797257,1.9892759,0.113805965,0.7916431,0.5306275,3.179859,2.9515038,1.0128044,0.6326051,0.2663819,1.9495082,0.10069371,0.9675708,1.5430746,2.4522095,2.5425131,0.8267317,1.0504391,0.3174717,1.0928487,0.12929668,0.78543633,0.034735944,0.49328595,2.095455,0.62529737,1.3629916,2.2270262,1.637577,2.399503,1.3278369,0.62623733,0.48097992,1.3435161,1.6517576,0.65794665,1.1587242,0.8780162,2.8963058,0.72227347,2.5495605,0.12054836,3.0647361,0.32516143,0.32662067,1.718901,1.8652776,0.19887896,2.9641733,2.91821,1.2362068,2.1340234,0.07052001,0.8865101,0.8808229,0.678334,0.5433578,1.2786067,1.0429555,all_pothole_images\pothole_images_new_image_291.jpg
2.1688251,0.9908758,0.2657463,2.082845,0.57936555,0.3099158,0.049217995,0.011881911,0.5966863,0.33602187,0.4558082,0.65409505,0.22153184,1.6557395,0.6892063,0.13040136,0.19741389,0.06953836,0.9387599,0.15505734,1.4981334,0.9237287,0.24104449,0.69862056,2.535644,1.0382165,0.36564294,3.5017254,0.23264153,0.011101728,1.1565282,0.0,0.2363781,0.42590746,0.8087398,0.73368156,0.24258642,1.7031878,0.4877891,0.1561269,0.036018234,0.013043293,0.73422325,1.2070487,0.6381612,0.6109348,0.02228032,0.4073391,0.53421843,0.4994825,0.036151566,0.5863209,0.13543576,0.15020914,0.03937473,1.9017118,0.5037639,0.04480035,0.32712328,0.032328635,0.26965955,0.37817383,0.46516153,0.1682125,1.7245704,1.3134977,0.33793405,0.0,1.3496716,0.12104705,0.7163613,0.005253425,0.7682412,1.496896,0.07974336,0.89936393,0.03443771,0.44672832,0.0029693672,0.25672147,0.16180448,0.53619856,0.46863422,0.4220632,0.44947153,0.60283923,0.11849115,0.13851382,2.915131,0.5455776,0.49304637,0.0662508,0.055820487,0.6744131,0.18100668,0.01916152,1.1483523,0.28709587,0.63448423,0.8337555,0.08650457,2.0704181,0.18985666,1.1196151,0.26297727,0.13014358,1.5263246,1.1488737,0.07476536,0.51395833,0.09866763,0.774551,1.4705416,0.63282615,1.228109,0.742282,1.1401676,0.23893487,0.3251909,0.97855264,2.705369,0.017374154,0.07597974,0.5804253,1.1920841,0.49470952,1.3822296,1.4176869,1.595886,0.39090136,0.041435756,0.0,0.020789193,0.10679986,0.2947071,0.914073,0.45780754,1.9166074,0.5620215,0.0058253114,0.06741215,1.0992538,0.14197704,0.5589588,0.34506002,1.4056101,0.06716283,0.27561492,0.21036004,0.19243072,0.73215216,0.16180614,1.48410645e-05,0.44323853,1.0538561,0.96485907,0.3264703,0.044447277,1.3974986,1.8208,1.086049,2.6748347,0.069532625,1.8981417,0.2633299,1.7911792,1.4259633,0.0572102,0.8970322,2.1850696,0.27019823,0.038304143,0.32016423,0.3093554,0.37113968,0.21930735,0.94454306,0.15333286,0.12904976,0.61593455,0.059940346,1.7519926,0.96005756,1.6071867,1.76517,0.8909081,0.062543355,0.5114413,1.0917135,0.34403548,0.268435,0.6412615,0.18136927,0.7241219,0.38515893,1.1273851,0.8849638,0.7248909,1.1291931,1.2550914,0.21175933,0.38271713,0.18048422,0.9869324,1.4356416,0.24040881,0.80021363,0.08194393,0.86269206,0.3965243,0.02125426,0.02164701,0.29922682,0.0,1.888669,1.2354311,0.4987243,0.23251677,0.015776835,0.19964336,1.5175706,0.2525634,0.87441593,0.049771283,0.04046472,0.62010366,1.0837549,0.8823084,0.91351944,0.8669905,0.12622409,0.041768443,0.27983022,1.2293128,0.5857933,0.32037252,3.1231678,0.043170534,0.48225072,0.25678295,0.16431162,0.038669858,0.31146464,0.22582138,0.29894078,0.0,0.27469808,0.87880635,0.7727555,4.628964,0.24693064,0.020351581,0.3911704,0.75449055,0.24463183,0.0068088244,0.23072843,0.94632846,0.4233742,3.3505242,1.130633,0.18147475,0.438731,0.00020372526,0.3909694,0.2742123,0.9367658,0.34756806,0.16901928,0.19929352,0.50945866,0.0,0.17321755,0.0816706,0.059359487,0.5934409,0.15329647,0.6755224,0.0706763,1.0650156,0.19502214,0.110549204,2.0830529,0.08668151,0.96572256,0.9393771,1.7996297,0.1898536,0.1285398,0.0,0.065113,0.6306791,0.25286475,1.4756656,0.27528876,0.16143228,0.5868768,0.4595433,0.11107255,4.0154266,1.0747894,1.1630378,0.0,0.3592058,2.5595129,0.8664141,0.0,0.3920882,0.23456563,0.061910447,0.9201587,0.6497305,2.244247,2.5712702,0.068679854,0.7282604,0.11119046,1.260364,1.7455612,0.12096402,0.48327908,0.07690955,1.0041717,0.026605602,1.1195165,0.57332915,0.07077471,0.08546985,0.40355295,0.14181753,2.2966685,0.49949855,0.002755174,0.044270866,0.20492125,0.014560191,1.0100683,1.1180809,1.0190396,0.569438,0.33854294,0.26757908,2.6152039,1.0054219,0.5837158,0.39622676,0.4224788,1.1026495,0.2629231,0.39040583,0.11242224,0.6351578,0.011230228,0.64295256,0.22918923,0.15722887,0.24711707,1.698895,0.41344008,1.1684954,0.4822675,0.8079825,1.3983603,0.9877183,0.09926406,0.5683854,1.9567703,0.40869793,0.114345305,0.9174029,1.4405744,0.30756414,0.118595675,0.5348198,0.49895635,0.22606249,0.21866107,0.2954074,0.17725153,0.24618143,1.6891567,0.0,1.2705925,1.4450389,1.6724274,2.5957503,1.1544405,0.40098602,0.035844,2.2865398,1.883194,0.7123249,0.05163761,0.088901356,0.45085722,0.3160984,2.832459,0.18165043,0.12146371,0.025012862,2.2218406,0.5916341,0.2255843,0.23574273,1.7486849,0.17493033,0.28936252,0.3254629,0.6755019,0.16460161,0.758124,0.103119574,0.009965481,1.3292342,0.0,0.33918026,0.35238,0.1751468,0.9855352,0.34080932,3.0609882,0.17481717,1.122473,0.8195323,2.1218357,0.37100494,0.6669053,0.09892518,0.9011033,0.8228257,0.36490098,0.17953297,1.2410367,1.9039079,0.552791,2.6268716,0.7629408,1.9555935,0.17477861,0.22597861,1.2794725,0.00016671469,0.15682621,0.1429348,0.0,0.009061324,0.91507924,1.1815966,0.4519224,1.6497347,3.5189,0.37437984,0.6132615,0.36327362,0.60345596,0.24421763,0.7239957,0.0836257,0.31858402,0.53908545,1.039056,0.25201592,1.337279,0.13366506,0.57350796,0.6036468,0.7369213,0.111437194,0.765783,0.3470968,0.26719707,0.61920625,0.035768885,0.2095746,1.418649,0.07848897,1.4158779,1.604978,1.050361,0.07988215,0.6201221,3.423618,0.44878963,1.0626395,0.5327115,0.08991191,0.09387974,0.08059115,0.2750548,0.070324674,1.025368,1.3288938,0.0018548821,0.023322433,0.3240381,0.018294485,0.081232145,0.04367503,0.3525092,0.22491463,0.674184,5.1356697,0.33457807,0.4111766,0.81446534,0.8172741,1.414137,0.57598406,0.06262926,0.24564397,1.4884351,0.5117768,all_pothole_images\pothole_images_new_image_292.jpg
0.18528,0.14197198,0.2669013,1.5436763,0.26923648,0.2911397,0.4800089,0.06404613,0.5961119,0.7792755,0.4642726,0.65983534,0.6613121,1.7258898,0.27160078,1.07028,0.5735666,1.0454452,2.620913,0.60441625,0.996336,1.1951183,1.005988,1.0448105,0.02861399,1.0254066,0.10198293,0.2934577,0.0,0.45451322,0.489398,0.100134835,0.9164253,0.60650486,0.17831868,1.1585776,0.21185671,0.42125198,0.70687413,0.16522802,0.51168454,0.17032753,0.664225,1.0922334,0.8415459,0.31832498,0.0,0.024902022,0.75585693,2.2796106,1.7982937,0.3361839,1.7276248,0.18397003,0.71604747,1.3850987,1.1575654,0.21196972,1.7117443,0.36725298,0.13712998,0.2616914,0.4426004,1.0150756,0.34546742,2.339722,0.851473,0.6049357,2.1684248,0.08664562,0.025553862,0.5669277,1.2627501,0.16781211,1.4179852,0.8601906,0.051676374,1.1014597,1.1381137,0.62392396,0.33583906,0.30256283,0.30652848,1.2215213,0.052149918,0.6632824,0.13634434,1.3054959,1.1141942,0.5658813,1.631607,0.081746735,0.09847193,0.5608546,0.17923567,0.00033883902,0.9632346,0.83955854,0.49255213,0.16480225,0.14190486,2.09288,1.4331132,0.2733647,0.95897955,0.84668297,0.25605252,0.24069038,0.5899864,0.030843819,0.004261255,3.025174,0.25236207,0.32760355,0.114486076,0.100908265,2.2576444,0.76964396,3.9371777,1.8583959,1.5866793,0.58082175,0.4912969,0.7470445,0.5212444,0.55774087,0.0035327743,0.30067772,0.83184904,0.20010576,0.8292293,0.0,0.2339017,0.0326595,0.121435806,0.8818364,0.27227417,0.5421362,0.8289541,0.39650515,0.39423403,2.966393,0.15067865,0.597702,0.08711762,0.7597552,0.29242375,0.28741306,1.7837104,0.22670944,0.43603787,1.1470325,0.0030850463,0.060116217,2.0802953,0.7493742,0.35008773,0.09255595,0.0,0.07354111,2.2828338,1.0084792,0.08347216,2.7630565,0.18304145,0.7287526,0.2946055,0.57940644,0.66752964,2.6172988,0.56979525,0.20039877,0.28874147,0.22514184,1.2342032,0.0001686182,0.027155578,0.02586481,0.23397979,0.46029434,1.7798539,2.6867497,1.648204,1.1124219,1.0414767,0.53134936,0.48999155,1.829742,1.1726044,2.0604532,0.33591795,2.9144733,0.022596711,1.859108,0.2680468,0.7563973,1.7812973,0.72372043,1.1010417,1.0154268,0.12582055,1.2086965,1.6118568,0.54160017,1.2507374,0.06279938,0.4733644,0.3171859,0.94941074,0.11969335,0.2491704,0.0025163132,1.3334895,0.47614622,1.096772,1.3943497,0.051865596,0.11261461,1.1596816,0.026021175,0.0150540825,1.4012313,0.080656566,1.6782893,0.5106161,0.060546402,3.2769706,0.051895656,0.31895804,0.32330754,0.194089,0.11979872,1.8635759,0.9047255,1.690883,0.10619252,1.2259521,0.060327504,0.041752275,0.060768984,0.07602009,1.7422059,0.009883759,1.3120344,0.33476233,0.04530474,2.0051868,0.8085191,0.7108747,3.0692737,2.8889122,1.2027699,1.012192,0.9370105,0.33477026,0.8321654,0.96696126,2.045566,0.21157615,0.88781023,0.19314712,0.048120696,0.0,2.094269,1.3812307,1.3894135,0.99728066,0.048549127,0.53492403,0.20047557,0.17565097,0.28414088,0.09073016,1.2842646,1.5200187,1.3403574,0.54124993,0.13283399,0.4393837,0.4317279,0.3160063,0.5689167,0.5864149,0.11223451,0.32784092,1.3547052,0.6205855,0.85008186,1.3863214,0.6714774,0.30179238,0.14457828,0.8020686,0.15556243,0.03149411,0.3320047,0.065077744,1.9604076,0.63127846,0.11431517,0.55572504,1.6252815,0.323761,0.037052143,3.8495164,0.08892305,0.88127476,0.29884458,1.0955057,0.38924873,0.96968627,1.4629186,2.3327463,1.576527,0.06545356,1.0854723,0.5727318,0.19556212,3.0985096,0.21521932,0.46003142,0.4522131,0.24349862,0.07766011,1.5092536,0.13332106,0.15011434,0.10428662,0.1994374,0.013976499,1.8754537,1.094474,0.29287693,0.18543188,0.12303983,0.5230959,0.38430917,0.3717202,0.17561997,0.031243503,0.48440644,0.22860146,1.6942515,0.6388873,0.8610564,0.76218337,0.018330041,0.35500163,0.56135494,0.58755046,0.15176897,0.64495146,0.60014606,0.09375358,0.055178504,0.7524954,0.03070778,1.2087343,1.7011089,0.42094645,0.06448858,0.2672314,0.35394976,0.057119068,0.11410198,0.6459081,2.7045927,0.29387993,0.0,1.3627753,2.5065837,0.7962864,1.2774434,0.0068368386,1.1098306,0.2406004,0.025457678,0.0002474385,0.45157364,0.43094993,1.2165382,0.51966685,0.0896405,0.9175706,2.2419922,1.6273404,0.24528347,0.10363148,0.5115453,0.22821008,1.0619341,2.656783,1.6366491,0.122250654,0.41497922,0.76259726,1.0909914,1.1425177,1.1699212,0.14711735,3.8579462,1.075076,0.0298912,0.3669209,0.19907577,0.2677834,0.13153148,0.5502632,0.0034788658,0.023150904,0.08800881,0.7652147,0.4525541,1.0866919,0.21876381,0.05434649,0.2553141,0.3460274,0.8078504,0.6071623,1.7725058,0.39098474,0.79965514,1.2686371,1.0257424,0.05982271,0.23440655,1.042762,0.06933726,2.8122034,0.24410173,0.39343295,0.43105927,0.45399627,0.6954474,3.3214195,1.2070407,1.301562,0.5132584,1.3263847,0.5503098,0.8578334,0.60591537,0.6684121,0.8825786,0.48840877,1.0528342,0.47820562,0.069566116,1.1565104,1.8006078,0.61986125,0.020169439,0.31406248,2.0118766,2.1140933,0.24514209,0.6752584,0.7934925,2.2150073,0.450667,0.16970704,1.3070482,0.39602247,0.5731084,0.82027346,0.4632032,0.043364976,0.092322156,1.0809937,0.6861993,1.7285475,0.47143647,0.41043183,1.4740387,1.0826494,0.40455735,1.7156419,0.88166517,0.08471162,0.0,5.569206,0.2598006,0.07960938,0.00797774,1.1197166,0.2428104,0.022153016,1.9290323,0.017194869,0.1963694,0.6773595,0.42423478,0.4481247,0.022399357,0.16651878,1.5204592,0.18745928,0.64383066,1.4579293,0.41875458,4.5378966,0.7985105,0.16291945,0.9840795,0.7280314,0.39178506,1.1379908,0.63299483,0.8365293,0.460367,0.30434683,all_pothole_images\pothole_images_new_image_293.jpg
0.37168145,1.1456442,0.3919838,1.0658361,1.5812694,0.21919613,0.42681918,0.051737793,0.13014078,0.55512464,0.1397465,0.24806774,0.3356293,2.0984535,0.41775206,0.97174716,0.0014862745,0.3332695,0.41749796,0.47949982,0.74217737,1.5267178,1.2109225,2.3525825,1.3767815,1.0497009,0.5353222,2.163927,0.6801573,0.27268305,1.0041491,0.45923156,1.2259289,0.87784123,1.1252496,0.110964686,1.392599,1.1318945,0.03979233,0.07142121,0.79707927,0.41560405,0.5743287,2.1608553,0.33472797,0.504576,0.060261335,0.0,0.28105283,0.07582481,0.98637795,0.26310155,1.0193269,0.5917768,0.13353924,0.6765907,3.434135,0.0066648074,0.72313696,0.17645489,0.9322712,0.69447595,2.0387952,0.41186932,0.8968987,1.0013121,0.2147692,0.011428038,0.042352762,0.35770863,0.6263026,0.34783038,0.24070227,1.1147171,0.6027955,2.2133825,0.22812042,0.51588386,0.039468344,0.119199246,0.18802138,1.2104219,0.055299904,1.4086993,0.32490724,1.67797,0.18202655,0.02267116,3.8742528,0.07123136,0.2618281,0.32671717,0.059863415,0.701997,0.22033724,0.020216653,0.39744,0.37055886,0.09164618,1.5024778,0.03781567,1.7739183,0.15789358,0.0024143804,0.7201535,0.49482816,0.24036352,0.99682426,0.083055094,0.47057563,0.28809845,1.2414411,1.6818095,0.30218402,0.68091154,0.8831334,2.4330244,1.4019308,1.9946631,1.1612962,3.0735106,0.78491783,1.4476774,1.060662,0.3989652,0.68020386,0.051629834,2.1246424,1.6253461,0.29236475,1.0992976,0.00075934734,0.7834295,0.4062518,0.0061485567,1.7094412,0.74212813,0.9775644,1.1753742,0.60108083,0.25968564,1.0936605,0.01709138,1.2938247,0.72840446,0.8880962,0.26915458,0.8452852,1.2288793,0.6991686,0.6559821,0.6086523,0.5871837,0.2220164,1.0893654,1.0549375,0.901927,1.0509121,0.4003954,0.25770506,3.7292473,0.46166095,0.09401132,4.25801,0.15190895,1.263527,0.3105622,0.7516574,2.1172369,0.27492377,0.33277795,0.7746157,0.07071637,1.1291151,0.5955964,0.065826476,1.7533576,0.3032859,0.025703087,0.0,0.47726482,2.367871,2.0886178,1.7623733,1.9756114,0.48250607,0.4391553,0.38169557,0.17566022,0.35487548,0.3951772,0.95445126,0.064744025,4.116975,0.048961066,1.8819056,1.471953,0.8280681,0.7870422,1.1757731,0.4902058,1.8060045,1.5228287,0.89276326,1.4062169,0.16012777,0.5248095,0.19823699,0.63876253,0.20853055,0.72072726,0.34845212,0.28976148,0.71923864,1.5448527,1.3914064,0.70233804,0.27339193,3.1194258,0.19608867,0.70415306,0.0,0.05262776,0.32408553,0.27555865,0.6352314,2.4490573,0.98306894,1.335997,0.032905947,0.25029194,0.5985479,1.5236682,0.021864789,1.1346703,0.24340115,3.1021566,0.27405274,0.05333475,0.34760794,0.47859737,0.063938506,1.5068845,0.83754176,0.21704133,0.028317617,0.7468058,0.9914269,0.44188148,3.303031,1.3615338,0.048093844,0.97155035,0.109262474,0.16317247,0.27136338,0.4202103,0.5666634,1.5624981,2.2774932,0.14661688,0.8361128,0.66216,1.1352565,0.7249178,1.3590125,0.3760762,0.19850491,0.8492465,0.8968101,0.23469271,0.011545215,0.5842556,0.03368696,0.6865329,1.0872221,1.4498837,1.5280783,1.037693,1.8891047,0.043024145,0.41386637,0.7419768,1.3712143,1.3217531,0.4301373,0.36406502,1.4126078,2.2524238,0.17263205,1.1218432,0.6018423,0.46939358,0.38109705,0.18732703,0.08821826,0.14045414,0.48230135,0.21764751,0.32145467,0.90451115,0.7321613,0.40057793,0.07828556,6.772685,0.2513516,1.0027707,0.3032828,0.7468524,0.107904494,0.48899552,2.3471093,3.6714478,2.0037525,0.0255176,0.86681956,0.00023621564,0.9577327,1.4520729,0.7017836,0.24173285,0.8698668,0.016746921,0.5019432,0.9248159,0.5017208,1.231086,0.8818381,0.0,1.0308429,2.589306,0.022029499,0.06759873,0.8278276,0.31715438,1.0195899,1.1712521,1.1873612,0.096756525,0.13492663,0.32086793,1.4791443,1.9093171,0.02892909,0.32655683,0.0,0.7392953,0.23098132,0.99084145,0.80842626,0.096080236,0.9858931,0.6828932,0.110050656,0.13875805,0.34667218,0.07158755,2.0781314,0.27322525,0.6115228,0.010340496,0.44627,0.5194451,0.955894,0.00078855956,0.62097067,0.94911784,1.9759319,0.036384515,1.0290012,2.0129907,0.6309794,0.10220817,0.17567612,1.2734685,0.36756128,0.033219073,0.2331239,0.38231418,1.6358649,0.21945435,0.10723246,0.11212773,0.9466769,3.9360569,2.1431854,1.2581424,0.2070372,0.04945897,0.9208581,0.6042134,1.8011558,0.5215188,0.16089103,0.18608789,0.051460665,1.2784274,0.71917063,0.9219096,0.11166539,3.0574996,1.3450404,1.0959353,1.2507528,0.024158303,0.24008796,0.6724925,0.032368276,0.29441282,0.10672944,0.60229367,0.07344609,0.5204171,0.08978737,0.073390275,0.8789617,0.61365545,0.89230126,0.22969401,0.04735294,0.8732638,1.1980481,1.0047239,1.6474006,1.8001132,1.9084612,0.64403635,2.0263638,1.0089115,1.4053639,0.47067052,0.60790515,0.19821939,0.63854533,0.32119596,4.5442586,1.2138377,1.1090873,0.13505799,0.9929599,1.2603455,0.9574336,0.12127179,0.33618537,0.02498008,0.93149006,1.0242116,0.8909381,0.50152105,0.08050506,0.6868656,0.51475656,0.62225413,0.4500876,0.4829443,0.21991476,1.5833011,0.46239206,0.40701053,1.516679,1.0964533,0.12941006,1.3420115,0.14361301,0.54530466,0.14503768,0.67357826,0.15887341,2.235548,1.885084,0.6235773,0.759967,0.4377012,0.86923265,0.7757304,0.1966854,1.1516057,1.8652767,1.0825362,0.0,0.55986303,4.4665985,0.7631125,1.018784,0.0,1.2526013,1.4909897,0.5105521,1.0545466,0.09053529,0.11922656,0.6898609,0.0,0.40716967,0.3476724,0.038561247,0.27982864,0.0037848991,0.23407601,0.3416255,1.3112104,4.910106,2.0695376,1.0520691,0.64762574,0.18430896,0.07718744,1.0030864,0.11778791,0.72727203,0.6601224,0.17770408,all_pothole_images\pothole_images_new_image_294.jpg
0.12072713,1.1483785,0.66477513,1.4032421,0.4689547,0.12749402,0.82122105,0.82005703,0.03174683,1.7201678,0.4664762,0.58984095,0.049753696,1.052352,0.044532306,0.69741106,0.0,0.22209232,1.18947,0.30598876,0.14775008,1.366142,1.7808336,1.0913243,1.2016094,0.4552991,0.10183898,1.8091575,0.01953838,1.4084877,0.9147283,0.0,1.079733,0.43344945,0.22279894,0.83927333,0.49597424,0.10135794,0.4341816,1.2037299,0.27294385,1.6062559,0.6336216,1.161783,0.06880424,0.79395735,1.2726829,0.0,0.7708443,0.04922494,1.0093799,0.86388165,0.1836799,1.2890553,0.8305584,0.1139844,2.444906,0.0,0.9241781,0.2637985,0.5798501,1.0229225,2.055548,0.0473742,0.36293525,1.8553826,0.58014995,0.85560155,0.0,0.5631048,0.19079584,0.19182326,0.052116908,0.46740583,0.09431022,0.30483913,0.6359032,0.09824976,0.0,0.69602567,0.34946772,0.75240654,0.53752285,1.5310191,0.024075925,1.0252761,0.07678992,0.03430858,1.942568,0.2946469,0.023436757,1.9451203,0.0037518095,0.119258255,0.20750962,0.13939534,0.86936903,1.3672395,2.0739064,0.8194029,0.0677828,1.7646494,0.20425613,0.3194449,1.3092984,0.45262355,0.73922634,0.4706201,0.71593195,1.4774792,1.3174496,5.4004474,0.12168914,0.0040185885,0.6953744,0.23800354,0.5927011,1.1898148,0.7137157,0.64544535,2.7800698,0.89913225,0.018889101,1.4263755,0.4737399,0.6430109,0.15692675,0.075329535,0.39255524,0.05840587,0.79580736,1.3716477,0.31397185,2.5435824,0.3045209,0.44384137,0.06764581,0.8021132,0.061186623,0.5593432,0.039269365,0.4248762,0.24188936,1.076046,0.0,0.21339177,0.0,0.85957944,1.1834981,0.42190576,0.15941231,0.0,0.84768474,0.13659245,0.80915195,1.018692,0.001179852,0.49358103,0.016698917,0.065802015,0.27261272,0.23755413,0.069264404,4.1058145,1.8307263,0.90673876,0.91026133,0.31894958,0.37911022,0.14780082,1.8674709,0.4043634,0.16015567,0.28645247,2.0114048,0.026867254,0.2765783,0.7242496,0.27950698,0.5008637,0.011886539,1.4865646,2.2903852,0.9846188,1.1856483,0.13932389,1.0652727,2.7275608,0.36253935,1.4155117,2.177899,0.01108791,0.0029745125,2.4178236,0.30761418,0.42883524,1.4780619,1.3475631,0.88183457,0.57624453,0.001174982,1.0799601,1.1035366,0.52456903,1.3648763,0.5351027,0.3362548,0.3426782,0.96490586,1.4006313,0.29048747,1.0353252,2.3626258,1.8063494,0.22155431,0.22476935,0.4585101,0.7194215,0.686702,0.041968413,1.4613878,0.36418235,0.782294,0.6508179,1.2233546,0.48817006,2.1180336,0.13128337,1.132884,0.03164156,0.7495584,1.7326596,1.2803926,0.04045474,1.684873,0.30599055,1.123288,0.0448769,0.0014539966,0.00822649,1.0293043,0.44849986,0.14024082,0.28948534,0.2652131,0.0,0.64365286,0.18441825,0.5549476,3.2394598,2.855346,1.7263514,0.03747627,0.074535,0.13668601,0.11797801,0.60258675,0.3628554,1.2305875,1.5860895,0.6745647,0.32136062,0.9828611,1.4510454,0.01349797,0.42586166,0.56636477,0.56949496,1.4690987,0.31139338,0.2210017,0.19620231,0.82117033,0.30670795,0.97574246,0.5758154,0.4262707,0.15463047,0.41263202,0.5830231,0.24277176,0.61618346,0.35753724,0.3251196,0.5437922,0.24665779,2.076537,0.8964985,0.115772925,0.0,0.94255346,0.15333958,0.20057139,1.2753743,1.3416249,0.049882382,2.7814803,1.9739751,0.23061447,0.285293,0.03925881,0.07846552,0.077819854,0.6998258,2.9484904,0.9130903,0.24022096,0.7189559,0.20709135,0.8582507,0.28953832,0.6291274,3.2950652,0.84285337,0.09744856,0.46562257,0.37137532,0.47419313,3.6213136,0.60885984,1.8749349,2.3223343,0.37391376,0.28744945,0.3403122,0.23169316,0.00738388,0.10772296,1.0374286,0.9310242,1.4222046,0.4041038,0.27923104,0.6625831,0.026048465,0.593898,1.1473526,1.511394,0.53169125,1.0219477,0.28885713,1.7508409,0.5055028,0.17366454,0.19891816,0.052989278,0.51045287,0.2909802,0.017904377,0.69328725,1.4835074,0.33636448,1.8771038,0.055250548,0.08936876,0.07222662,0.5618001,0.8220442,0.08874935,0.1513785,0.85202086,1.5843556,0.09097313,0.6759776,0.032613818,0.1499202,0.6655772,0.33508608,1.0191677,1.0722352,2.3556237,1.3119309,0.2989912,1.2435893,0.68012065,0.93149096,0.528241,0.75012445,0.012980478,0.36252633,0.61288565,0.1108146,0.1746995,0.4153333,2.5198073,0.5381207,4.343697,1.7316178,1.0009826,1.1652242,1.1307126,0.7070349,0.27072904,1.3031588,0.114458695,0.709855,0.13146003,0.72307235,2.694395,0.0100120185,3.9006248,0.010794092,0.6917756,0.6345871,0.29859307,0.094886094,0.33526668,0.9142353,0.0,0.6805869,0.0017385411,0.17615364,0.6436489,1.379529,0.1611007,0.09453799,0.5349362,0.13022432,1.0780054,0.70765305,0.020967526,0.251696,4.5091224,1.1401577,1.3120509,0.7268642,0.6729095,0.63059986,1.6541189,0.085694246,0.10146739,1.790229,0.06272184,1.0773834,0.24618594,2.7157414,0.6601964,1.0995942,1.3374949,0.30726376,0.19092894,0.53782105,0.037906535,0.043268822,0.043789756,0.60891837,0.85666966,0.2644106,0.0,0.14224938,1.6448483,0.7036959,0.49015912,0.33987936,0.9016757,2.1022725,0.29085606,0.5901238,0.71495295,0.37457556,0.17928079,0.53790903,0.09793332,0.0060643125,0.683341,3.3610845,1.7390774,0.016101107,0.22645393,0.15042372,0.63628274,0.48412392,0.36811325,0.016318798,0.15264949,0.48854896,1.0764658,0.12823044,0.5143403,0.0,1.2524933,3.0166507,1.918987,0.4650065,0.068811856,0.94395196,2.1652794,0.26671815,0.56842536,0.049822655,0.78647083,1.8775865,0.0,0.0017746588,1.0812885,0.8448191,0.8819683,0.096214175,0.05255119,0.3568527,0.03843823,2.2888253,0.1872785,2.123686,0.0247098,0.37534362,0.032582223,1.7573336,0.5774827,0.13316688,2.1290512,0.0010784602,all_pothole_images\pothole_images_new_image_295.jpg
0.7296927,3.6076834,2.2996054,1.4523114,0.7517858,1.4287477,0.28266755,0.7286671,0.11408755,0.43657523,1.0712515,0.97742385,0.4256507,0.5460274,2.4649954,1.0577271,0.34668925,0.5109011,0.5303415,1.0584391,0.60159504,1.8255663,2.5797267,0.93801534,1.0546488,0.021186868,0.82836586,1.3591645,1.0424051,0.13128677,1.0840768,0.040150695,0.3363771,0.11228203,0.87916857,1.9779233,1.8599333,1.0276148,0.12078505,0.58282477,1.401943,0.94975215,1.284273,0.5480176,2.0318372,0.2532256,0.020259801,0.46126866,0.7245011,1.5483226,0.08290473,0.6897112,1.6316041,0.9250633,0.62611413,1.0405552,0.6338777,2.1304705,0.83596957,0.44612744,2.5758328,1.4928035,2.7237632,1.10689,0.36222854,0.7579273,0.29657617,1.2969121,1.6415243,1.1989275,1.7038306,0.4620186,0.13540795,1.2198867,2.012357,0.42522332,1.4773693,0.4758652,0.5121512,1.5499198,1.7267951,1.4609045,0.09089024,2.2467616,2.0339065,0.21447851,0.5749252,0.7870581,3.5120966,2.46557,0.42890617,2.1281831,0.4440865,1.0352468,1.5289633,1.3140926,0.88708377,3.2614195,0.41760808,0.0027319982,0.83832496,1.6143415,0.6743315,1.8773216,0.4262549,0.04400579,4.8626223,0.37283343,0.2973683,1.7864753,0.13409197,0.99734306,0.1977279,3.0781617,0.22975843,0.82652724,0.7102745,1.5009292,0.75821084,0.7888738,0.3112853,1.1356535,0.8605334,1.574904,1.9726335,3.6889946,0.41815546,0.4384474,0.47912946,2.4821405,0.26484972,0.47294343,0.7877086,2.8630311,0.6623961,2.7132285,0.16263105,0.37462792,0.22466126,0.46066526,0.20214446,0.5417378,0.1917382,0.0062389867,0.12722722,0.35791862,2.8366394,1.3734492,0.120187216,1.9247439,1.0342602,0.6806058,0.3213542,0.49974942,0.28093645,0.05999751,0.15848053,0.11867607,0.40430284,2.4771316,1.9995621,2.5660734,3.3150382,1.3307031,0.61360323,0.44345087,3.1197047,0.13139737,0.42095748,2.356312,2.4492133,0.6097676,1.0010777,0.2828455,1.2499397,1.0760884,0.53331107,1.110737,0.4309757,0.84801966,0.3563512,0.8149523,1.735748,0.6435089,2.353484,1.7932668,1.7158175,0.2275426,1.5869954,1.7309124,0.36951742,0.9782883,0.20325184,0.93718594,0.7392289,0.5698433,1.1550298,1.6072384,1.0522875,0.36917815,0.96716464,1.3915894,0.7181667,0.6857868,1.1158866,2.1206405,0.039520405,0.22801295,0.39815766,0.218444,0.21894562,0.5719781,0.62905836,0.32387847,0.08002047,1.4572643,0.30020955,0.4362197,0.0928761,3.6990733,2.5228724,1.2091631,0.6694907,0.8258332,0.12590478,0.114420995,0.46013445,0.14650053,0.5079741,1.5480505,1.741228,0.5998061,0.30857506,0.03763339,0.030657787,0.9825686,0.9593647,1.7969118,0.11876501,0.05399509,1.180205,0.079705045,1.1444021,0.10801311,0.24757256,1.2482073,0.057440728,1.3038212,0.5871828,1.5050961,1.1527,0.06750593,0.5071402,0.6169958,0.7208712,0.6085217,1.4503044,2.182145,3.0521903,0.11092276,0.0065695425,0.7438482,1.391414,0.43207315,0.021583298,0.31797886,0.1432428,1.1624621,1.7880367,0.85713243,1.0973673,0.0684635,0.45509943,0.7998223,1.185395,2.3942418,1.0847124,0.06423877,2.4005213,0.39030963,0.55799073,0.71083766,1.578387,3.330465,1.1478786,1.3038023,0.4950843,0.14722902,0.48415494,1.88322,0.20405306,1.1871699,0.06411944,0.06498808,1.3749628,0.4147871,1.0906488,1.1566902,1.8463686,0.3157464,0.06833844,4.174985,0.04025605,1.4353213,0.22751594,1.1087494,1.5461127,1.088802,1.4329195,0.23649523,0.11625275,0.6885043,6.062075,1.1162966,0.26975608,1.2046018,0.29525098,0.6489816,0.78699404,0.48782566,2.4245203,0.24333617,0.026980614,0.0682627,0.30928835,0.48106867,0.9315193,0.41563645,0.15828088,2.8679302,1.5128537,0.77757263,1.3877611,0.74379236,0.151854,0.14901276,0.06225062,0.07176588,1.1395098,1.5768178,0.6271946,0.30281436,0.081163414,1.7680726,0.5322813,0.033974048,0.026966337,0.008044491,0.15824385,0.5440793,0.8070954,0.6928859,1.8263237,0.888132,0.9259664,0.2675792,1.8373637,0.3591029,0.5471973,2.9126668,0.00092809234,1.8439689,0.655953,0.061410923,1.1690569,2.6398828,1.5984123,1.0125479,0.5630265,2.447967,0.48073882,1.299983,0.08776467,2.8722782,0.69538444,0.8328128,0.45383546,0.4132632,1.5197334,2.5196118,0.17528194,1.7976829,3.114613,0.95862544,0.65083784,0.06945617,1.4920791,0.16110441,0.606201,2.6799421,2.3061166,0.14244024,0.14898464,0.499038,0.41829774,1.2747564,0.28436348,0.8345717,0.1186692,0.17663251,1.1604524,0.09731957,0.22013435,0.85753316,0.13583021,0.49981225,1.6498384,1.3953639,0.35118368,1.681531,1.4806641,0.06952956,0.025778495,0.016750421,0.5618286,0.1412703,1.716819,0.1876931,0.16990562,1.106051,0.3491337,0.7896708,0.6628793,1.199604,0.4047835,0.93537015,1.2065191,1.3176305,0.5467601,1.0951087,2.8366132,0.16471368,0.43687585,0.27827513,0.935388,0.73907197,1.295644,0.10179695,0.16302593,0.06220622,0.38959548,0.5810861,0.796876,0.9398256,0.20807615,0.064478524,1.0106493,0.29519588,1.7151479,2.2079718,1.59402,2.7724216,0.92468786,0.17296688,1.1032526,0.7719359,0.72927254,0.74358165,0.31719983,0.19216977,0.0,0.16197942,0.42137226,2.1773055,0.057025813,1.6984731,0.10941903,0.5130779,0.7261336,1.3164256,1.3350596,0.7974748,1.1927807,0.7540396,0.08628259,0.07854765,0.88586706,1.0092705,1.4899157,0.968306,0.53706336,3.3207388,0.7021254,0.19066808,0.29638058,0.2599359,1.174617,4.05778,1.2324244,0.056573,1.948553,3.303932,0.1691084,3.964127,0.102239594,1.3114132,0.06693231,0.44585913,0.33793882,0.4049948,0.07090283,1.0121771,0.62211496,0.5159411,2.9087126,0.013301492,2.9999776,1.6534119,0.88413644,1.251934,1.8839829,0.19331652,all_pothole_images\pothole_images_new_image_296.jpg
2.5955944,1.0685287,0.23632903,0.35668933,0.025879655,0.7907874,0.1381885,1.0089428,0.50227123,0.07347246,0.34537703,0.50392354,0.074447826,0.5329385,0.10650546,2.3941977,0.0,1.9079008,1.9445914,0.32039377,0.10382113,3.0662262,0.5225157,0.0,1.3845273,0.73250806,0.13110355,0.3596941,0.0,0.051076587,0.001316338,0.58489263,0.06371296,0.9210856,0.6283291,0.35361153,0.052071657,0.7000967,1.561529,0.53229594,0.7488165,1.0696846,0.16655135,1.1380858,0.08613557,0.30936402,0.39188758,0.30855763,0.011547709,0.18404645,0.12085645,0.39636067,2.1897128,1.0192306,0.99053717,1.8305798,0.103167385,0.16728766,1.1071882,0.3242413,0.63711965,0.033503927,0.75777763,0.76131946,0.07690391,4.6748343,0.19118698,1.9380978,0.8477748,1.5844742,0.3613714,0.103752926,1.8797567,0.49775937,0.38720983,0.42704988,0.4219134,2.4602473,0.5102658,2.5992942,0.0,0.020907395,1.4847094,0.3421748,0.017475616,0.47036657,0.20084694,0.43767866,1.7617172,0.22575265,1.1767023,1.182151,0.018239427,0.21652924,0.3927937,0.0,0.56130093,1.1304687,0.058010235,0.8417903,0.43396765,0.5105847,1.6653626,0.1931394,0.6673075,0.72629535,1.1146954,2.227864,0.5186257,0.011510116,0.0,2.523703,0.32259855,0.10562396,0.0051846704,0.3032201,0.43459857,0.026759245,0.9710236,0.75274044,1.055704,0.019449852,0.4022677,1.9197558,0.98422164,0.6721874,0.3443835,0.21020089,0.7483476,0.18918625,0.11465404,0.3439687,0.022668596,0.797687,0.21172123,0.33313996,0.8316166,1.7402225,0.05764774,1.0588799,0.6773375,0.09042702,0.4206589,0.5176468,0.08911541,2.912374,0.16635805,0.31699696,0.6365916,3.2228115,1.4763286,0.78412515,0.79339355,0.30938554,2.943867,1.0707401,0.5532686,3.0650365,0.55237854,0.4857897,1.6612785,1.4253994,2.8002787,0.96296823,0.47152165,0.93315434,0.617983,0.49768943,1.2651616,0.7214501,2.1796894,0.029645909,0.49150687,1.4992346,1.0875653,0.95275,0.06050554,0.20128956,1.7183305,0.29082575,1.6218274,1.8143907,1.3646059,0.50565714,2.0806732,0.25657246,1.0775719,0.441059,0.5466022,1.2252764,1.3877534,0.97433335,0.48285004,1.1898609,0.32494658,0.14348279,0.09876868,1.068068,0.20946199,0.60363615,2.4989405,1.5470206,2.991957,0.60795856,0.62954235,4.6916704,0.18643789,0.22407664,0.4061529,0.7445213,0.10464596,0.5852428,0.6505662,1.3954632,0.16732885,0.81683916,1.021202,0.030153414,0.17351484,0.46138692,0.21360074,1.9429828,0.31622714,1.5423814,0.63642997,0.5950147,3.8392653,0.27903256,0.020039806,0.09182424,0.04683229,0.79846704,0.35731518,1.0643837,1.0672027,1.0806108,0.39006844,0.024920775,0.031156547,0.28377232,0.057531822,2.343164,0.62507516,0.03873574,0.94877994,0.70573586,0.19758207,0.063800566,1.5341339,2.0805733,2.8217227,0.9582095,0.26381055,0.0,1.4884628,0.7891941,3.5892432,2.3186324,1.5459327,2.6041024,0.26172924,0.08603434,0.87332535,1.0569749,1.7080513,3.1285598,0.8288912,0.28163853,2.5503418,0.7756762,1.8533356,1.8019512,0.47623354,2.9310184,0.628489,0.22609653,3.164719,0.13652816,0.0012129458,1.9324977,0.61041385,0.19374494,0.0,0.14855215,0.4701611,0.0054693464,0.0,0.09591703,0.024592001,0.0,0.60095936,0.6939487,0.41108644,0.79121894,1.4361101,0.9384172,0.049632937,2.3473687,0.95079607,1.2432735,0.24427249,0.25105143,0.08681059,0.15717484,0.3931437,0.5801136,1.066028,2.117159,0.66443664,0.048470624,2.9793253,1.7261413,1.4166898,0.13855883,0.003168294,0.25906917,0.71652734,2.0661118,3.979756,1.3356943,0.5958178,1.838471,0.120735295,0.20459919,2.0713828,2.2159448,0.0,0.6171156,0.9992297,3.208871,1.9484199,2.183032,3.5491083,0.75682503,0.08202181,0.7376254,0.3378305,0.39528254,0.41417617,0.3354007,1.5873479,0.16306126,0.57543623,0.018755198,0.49699897,0.22178799,0.34149647,0.39146727,0.0,0.36994022,0.0020911996,3.6375358,1.9016988,1.2215741,0.026321167,0.0335238,0.19662394,1.301825,2.4744723,1.2144839,0.08462729,0.3011154,0.7056598,0.23975389,0.0,0.9230873,0.59606934,0.124980964,0.15524517,0.062103115,4.993394,0.4432096,0.11580031,0.22917026,1.2423877,0.9473395,0.4746249,7.1946197,1.611833,0.0,0.9781665,0.33470297,1.5604861,0.110438906,1.9257417,1.0990891,0.117666624,0.12379751,0.13734423,1.8313698,0.066630535,4.4906483,0.88763285,0.17121264,1.6623104,0.30175436,3.3161662,1.0769874,0.058484633,0.10786493,7.6619453,0.7322068,0.9322292,1.3172756,0.114127144,0.42525294,0.05627409,2.346734,0.5154092,0.49901074,0.38841784,0.9604602,3.901516,0.0,0.056627914,0.04379972,1.2259439,0.4013334,0.139275,1.753985,0.25961494,0.08815659,1.4597981,0.0,0.2072154,0.045448866,0.038809437,1.2416589,0.19581518,0.0021603187,0.43081647,1.2607484,1.2918508,0.104538836,2.0819702,2.5986674,0.5625279,0.1122374,3.060846,0.014242129,0.5286346,0.23400061,0.066504166,2.925032,1.4839051,0.05020037,1.0384244,1.1104773,0.10687016,1.5781698,0.7607817,0.22576907,0.32475832,0.26097897,1.614762,1.8960313,1.1690328,0.67839974,0.3255152,0.70511436,1.2412117,2.7909946,0.8054205,0.0,2.6326716,0.021638552,0.010873179,1.2480407,0.40176648,3.3588777,1.4082298,0.87738407,0.028883811,0.4841999,1.5073204,0.70345926,0.47365624,0.43332127,1.8999087,0.60245514,0.3924188,1.2135775,1.157831,0.10071816,0.31103793,0.59137046,0.21756148,0.06047653,0.74048615,0.38228592,5.2792244,1.0163653,0.3993847,0.3730381,1.5484132,1.8898246,1.396457,0.17058331,2.0928023,7.1325665,0.049097337,4.213688,0.5018827,5.3772545,0.10839267,1.3697033,1.0309606,3.2763329,0.54670805,1.205137,0.64697075,0.34621677,all_pothole_images\pothole_images_new_image_297.jpg
0.06517019,1.7600548,1.0599725,1.3848833,0.67745006,0.61241955,0.2759164,0.07798826,0.8654524,0.4778844,0.67561907,0.29172683,0.102146626,0.8157225,0.09976166,0.5524963,0.13801235,0.008489864,0.17502023,0.19565438,0.1597592,0.98722714,1.0790585,0.47982827,0.34540525,0.1781933,0.09289587,0.72381896,0.045214288,0.98896563,1.2008923,0.0,0.001095934,0.3773061,0.32858938,0.39376882,0.8147048,0.74372435,0.73170114,0.76822764,0.38002968,0.8240067,0.6725712,1.0333102,1.3368115,0.33855316,0.16619721,0.033987314,0.010464958,0.0025284633,0.723866,0.086058185,0.15963933,0.44355696,0.13741894,0.1946371,1.988739,0.024930336,0.29422316,0.06904281,0.0,0.08948613,1.2066584,0.23757713,0.3440875,0.3032701,0.9842052,0.08027045,0.007853165,0.27254853,0.31508124,0.72543883,0.29263854,0.15923598,0.29024005,0.76366,0.5616359,0.16697127,0.0036435418,0.15930021,0.021206386,0.6421683,0.17947721,2.7231688,0.46414787,0.8134159,0.058731094,0.34548062,2.0616016,0.10116585,0.053802483,0.0044926186,0.3349978,0.12358275,0.1838812,0.022956239,0.78958523,0.46013328,0.6008031,0.40284085,0.7193152,0.81460595,0.07765027,0.10829959,0.3788886,0.18494295,0.530493,0.000939874,0.15185353,1.599963,0.2547106,0.67445534,0.22151175,0.31562063,0.0130775515,1.4092348,1.0392256,0.0448798,0.89066035,0.40267608,0.2740747,0.54914474,0.3182271,0.08930953,0.5104906,0.99815476,0.28798515,0.0012126843,2.0348125,0.91879094,0.29828393,0.91774297,1.0561044,0.13987173,0.44304562,1.0865418,0.45207292,0.2916688,1.637956,0.16674055,0.46732345,0.54137856,0.31722665,1.6458895,0.29439944,0.12549368,0.1369969,0.8468324,0.2753033,0.9643715,0.15958588,0.1130388,0.04261425,0.19711094,0.45709667,0.6366081,0.006570774,0.2918879,0.18424262,0.5673732,0.9505212,0.8125822,0.111562505,0.55139315,0.87464714,0.2543598,0.67393625,0.6555327,0.945057,1.1297282,0.0017450707,0.03783874,0.24259236,0.13964689,0.30686283,0.13334626,0.8343073,0.01181829,0.14149748,0.1369578,0.024899988,0.4557142,0.94736207,0.34182298,3.0082805,0.3221293,0.38461176,0.55707496,0.24709778,0.88236296,0.31169623,0.56162745,0.22380829,1.1597669,0.5736443,0.07394124,0.47929165,0.89575464,1.0031793,0.4184613,0.06437355,0.29477873,0.10646224,0.81891483,0.32232577,0.9013382,0.017619127,0.3901038,2.208547,0.1727206,0.14187218,0.01942723,1.3342664,0.79981005,0.80007106,0.37364966,1.0662764,0.073345095,0.39623934,0.19443388,0.7941594,0.0,0.18546475,0.79695207,0.07898595,0.22218783,1.0139353,0.2913863,0.9857756,0.41907126,0.047157604,0.09429288,0.14217728,0.3325405,0.6150579,0.107082054,1.4688646,0.4890522,0.01339696,0.17667313,0.9654478,0.12487818,0.59349614,0.46676612,0.042209037,0.45843428,1.6379786,0.47676662,0.27053404,5.387979,0.40619457,0.123881035,0.018866725,0.61914456,0.0,0.0012231785,0.9952581,0.0035213016,0.8238131,1.8088806,1.0919186,0.80446863,0.3570689,0.11622446,0.08826431,0.2753716,0.10739009,0.037690923,1.9507605,0.9122227,0.76773006,0.059674874,0.5166862,0.020062348,0.8015214,0.47100988,0.022674259,0.6132974,0.19716565,0.6541794,1.2855072,0.24584112,0.08322863,0.040959917,0.5154476,0.85847664,0.51636404,0.9493252,0.6697584,0.13887164,0.090354234,0.20776433,0.13004759,1.2724302,0.9495717,0.2474255,0.74734277,0.83474475,0.041838586,1.3810618,0.18272664,0.14657317,0.0,0.0,8.185762,0.40117255,0.75164,0.15002105,0.83499014,0.04418012,0.03392984,0.05743124,5.897573,0.9017706,0.090538315,0.95546174,0.047032397,0.9245973,0.91217303,0.065513745,0.20568949,0.06280311,0.029396344,0.30745634,0.52743566,0.24523331,1.983784,0.60331535,0.51889634,0.5850812,5.1791444,0.34757996,0.03084126,0.42256337,0.80258954,0.19510163,2.2535675,0.35681838,0.25008854,0.086980805,0.34570548,1.5231295,2.283554,0.22899714,0.62912357,0.12543763,0.0,0.15783441,1.2430717,0.5909303,0.17614101,0.78616923,0.1907406,0.29052636,0.055834673,0.094811276,0.87906533,0.58822757,0.15955627,0.31557637,0.11692556,0.17955671,0.30046603,0.47928837,0.277697,0.22256747,0.77980024,0.94505394,0.31889436,0.15350553,0.1604426,0.29827756,0.08658387,0.91361517,1.0002578,0.16011146,0.17963183,1.6260834,0.6822114,0.5531281,0.16749349,0.2818137,1.1790209,0.33366057,4.1495857,0.23518142,1.2527356,0.089792795,0.011276121,0.9670482,0.25165573,0.13759303,0.35140368,0.2762556,0.04887348,0.07504064,0.12487996,0.24584301,0.019979222,0.09711444,1.3331026,0.023739332,0.021150071,0.71836495,1.0906324,0.13357711,0.50371116,0.09203499,0.65538234,0.0344331,0.0,0.0,0.0,0.7590323,0.2792596,1.422278,0.17438951,0.92961586,0.0010768672,1.3904895,0.36973372,0.048039164,0.5362781,1.0679152,0.24253505,1.6786766,0.23448442,1.2258164,0.20903562,0.32763737,0.537803,0.28171042,0.11330328,0.07943186,0.053273432,2.1279626,0.0008939921,0.21745308,0.45003578,0.18045218,0.9195036,0.014187229,0.11959913,0.20404093,0.22606033,0.2711155,2.4238124,0.21322481,0.36991838,0.21500348,1.8658286,0.025837941,0.70238274,0.15838997,0.58663,0.27936822,0.46797845,0.074768186,0.23016645,0.7912591,0.16018394,0.5787486,0.07889537,0.17610678,1.0621089,0.8069782,0.004483677,0.2558655,0.055443052,0.9857447,0.3197426,0.00257838,1.104798,0.17248753,0.68432575,0.0,0.48016912,0.20803276,0.8011592,0.2610878,0.28356552,1.7562273,1.6730158,0.12667093,0.21971391,0.45272338,0.70036626,0.123039514,0.57279164,0.69536257,0.09687037,3.1669059,0.0040710666,0.0018585529,0.17313755,0.25730583,0.7026012,0.081509426,0.1714922,0.32783374,0.91230327,4.029665,0.4004538,0.115225144,0.013857965,0.27525547,0.6164515,0.28186113,0.8462937,0.6837125,0.6639545,0.18573722,all_pothole_images\pothole_images_new_image_298.jpg
0.7927757,1.2465913,0.45909202,2.2693343,1.4174316,0.69011176,0.21298917,0.109310165,0.72316283,2.0912797,0.857868,1.1275185,0.06365817,1.6033038,0.30352217,0.16469802,0.7699104,0.20441966,0.09064777,0.37263772,0.68636477,0.5991403,0.21031477,2.2823226,0.42776006,0.29686654,0.3359857,2.2078586,0.45823142,1.2823356,1.9098012,0.17937142,1.1737142,2.3345742,1.6226585,1.3954163,2.5217824,0.74702334,0.4020642,1.8551159,0.07608879,0.9289164,0.7293965,0.45449805,2.27016,0.4480337,0.68261826,0.9866196,3.0987744,0.5558144,0.5962505,0.052775975,0.7676758,1.1578819,0.294004,1.226464,0.5961368,0.053062614,0.08642321,1.9456987,1.3620973,0.33855352,3.0773888,1.3199844,1.0031877,0.5862089,0.60378593,0.41984788,2.642868,1.20737,2.79408,0.5322223,0.4624141,0.3511921,0.35928693,1.041688,0.15722698,1.018632,0.27948293,0.060935427,1.1780304,3.305045,0.7143698,2.5940847,0.3598482,0.6542496,0.29619938,0.098479666,1.551319,2.3414187,0.5749477,0.41552702,1.6339743,1.5723425,0.12327793,0.27113372,1.1973579,0.2539497,0.43747532,0.39186567,0.7758087,1.7595469,1.6287931,1.9789243,1.7584702,0.21888962,1.4285778,0.75862145,1.3752127,2.1908424,2.2123587,0.38481084,0.84143215,0.691401,2.7279465,1.6316268,1.5046302,0.395604,0.2871578,1.0705138,1.269318,0.26031157,1.0095695,1.6414866,1.2060457,0.72910297,0.6268889,0.10262894,0.06674133,1.3738263,0.9951158,0.906228,0.48214105,1.0117033,2.9360962,1.3902086,0.5539175,2.140965,1.0117892,0.84197426,0.5404208,0.9131554,0.13121986,1.2785006,1.1154627,0.797092,0.9917006,0.33630624,0.5650056,0.10237153,0.27031422,0.68503374,1.1365921,0.41049427,1.0291994,1.0181645,1.2392455,0.71489704,0.17572813,1.0360045,1.2334187,1.6186241,0.13424823,1.7423035,1.5501007,0.24155152,1.0650625,0.536945,0.13914682,1.4942874,2.2409248,0.03398458,0.3019519,1.2096971,1.2896206,0.48640302,1.062386,0.14356074,0.34361458,0.2644425,0.04199489,1.4764532,0.3343943,1.9355042,2.692673,1.4169918,1.4536506,0.14771816,1.5281596,0.97835755,0.07917425,1.1284547,1.4994181,0.9568055,1.5743805,2.7336242,0.4192894,1.0759579,0.38422588,1.4828731,0.37556052,1.7197629,0.14051993,0.6780848,2.108924,0.5576886,1.9808693,0.28358167,0.53637457,0.28291792,1.0483332,0.70900154,0.25645223,0.6707622,1.2414585,0.29117784,0.42326215,0.82224274,1.5690567,0.052908838,0.97495526,2.0688405,1.0796305,0.78802615,0.09843751,0.87051636,0.151026,1.8012785,3.799976,1.267781,0.35585383,0.11061164,0.6416313,1.1760757,0.7948864,0.72248,0.9339458,1.3768638,1.5776846,0.17566413,0.40124932,0.2105764,0.81762785,0.9280575,0.2792699,0.6481245,0.68146217,1.5009241,0.901974,3.0765157,0.14542519,0.8733618,0.3071637,0.059243683,0.99888235,0.25679126,0.7520602,0.58728313,0.21309856,3.0177176,2.0728536,1.4652951,1.0668819,0.054499406,1.1355041,0.41613087,0.22688411,0.08694369,0.58139026,0.17276841,0.8566348,0.3164079,3.034843,1.4383637,0.8687255,1.0740819,1.0637715,2.796566,0.13249412,0.7390224,0.9999156,0.56240493,1.6514293,0.48326674,0.7457281,0.27788046,2.6083763,2.9328861,1.0828048,0.8222634,0.4066841,1.5524418,0.09736723,1.8809807,2.367084,1.193781,1.1479993,0.26855254,0.3017612,3.017562,0.112177245,0.37157345,0.0,1.3557237,3.6883454,0.923739,1.4791057,0.37470937,0.170629,0.49484268,0.4960404,0.5030304,3.6102126,2.181088,1.3350334,0.971734,0.13843918,0.65389,0.68577343,0.868879,1.6683019,0.5647835,2.5267873,0.5069445,1.4130188,0.97986865,2.065947,1.6496003,1.0737764,0.6930336,2.948083,0.76813793,0.15199667,0.022078171,1.4789846,0.6217429,0.15482803,0.16360626,3.0936425,0.81851715,1.6779531,1.1549039,0.5840639,0.37506974,0.36653823,0.10391474,0.7665751,1.5389429,0.638066,0.07426335,0.6458751,0.8182687,0.01534633,0.70674413,1.3033154,0.7702716,0.052831665,0.7704961,1.1516511,0.49189737,0.5831006,0.48137426,0.81504726,0.67776567,0.09150744,0.34558818,0.9067258,2.0951335,0.70478183,2.4169152,0.28390604,0.719057,0.6689365,2.6766977,0.36257058,1.8189276,1.3505402,0.6996046,1.0285273,0.99691784,2.292576,0.39497444,0.19731115,0.64700353,2.368648,0.95244986,3.0012755,3.7083852,0.43077883,1.3034604,1.3955587,0.1000778,1.0134462,0.35268828,0.38344243,2.1435375,1.0442358,2.6392975,0.18457699,0.61423165,0.41260472,1.2219872,0.71553075,0.35551354,0.24963637,0.48663193,1.2603843,0.59335405,0.8402614,0.5926687,0.07043807,0.19525231,0.7334048,0.46046638,1.1040318,2.2282615,1.4757228,0.7050674,0.7603643,0.5744413,0.6818639,0.9911667,3.7676513,1.5689448,1.9266454,2.494052,1.4665146,0.5974684,1.314098,2.0031922,1.1051337,0.4680406,0.37622356,1.4116447,1.6085622,1.4803312,1.7770388,0.7232068,0.87815636,1.2434125,0.36409318,1.5609101,1.9977641,0.17183287,0.25559112,1.5152686,2.8638043,0.42031917,0.3268686,0.51138073,1.4579123,0.99727875,0.794231,2.922583,0.5503156,0.031428516,0.42815056,0.37012124,0.4121437,0.17105994,3.0054657,0.059803225,0.5415316,0.1310012,2.2472203,1.4338025,0.26432142,0.83201456,0.2802473,1.544975,0.47302964,0.72981447,1.9015403,1.3323194,0.9150329,0.06403322,1.6510586,0.12823223,0.95696414,1.3307247,0.2038654,0.99190676,0.84197825,1.104937,1.5921413,0.96617484,0.576477,0.41509712,0.17502454,0.10647758,0.73368746,0.4473366,1.2713699,0.0,0.3823162,0.3305224,0.80029935,0.32466328,2.8339345,0.8395654,0.8820967,2.2293713,0.6622618,0.21343124,0.99382436,0.9088145,0.33072183,1.7509513,1.5602072,0.2716013,0.7333529,1.0728761,all_pothole_images\pothole_images_new_image_299.jpg
0.512899,0.67553073,0.08856538,2.1152744,0.739785,0.3785412,0.36404312,0.0,0.4138962,0.44380328,0.65906477,1.1250502,0.0,3.2810242,1.5030093,0.08282786,0.0,1.2881614,2.4238763,0.3711759,1.1295646,1.272783,0.005395544,1.1537914,1.5411824,0.5143026,2.2986429,3.1564772,0.7569435,0.20284718,0.9272312,0.004231584,0.532002,0.037029184,0.12981313,0.6911904,0.42438895,2.5209885,0.049737055,0.42621854,0.10002182,0.0044428725,0.8617826,4.538039,0.53800035,0.29324457,0.26792628,0.18864366,0.16182782,0.47593167,0.38207766,0.30298683,0.21193804,0.029199565,0.129865,2.714865,2.623499,0.76961315,0.039119877,0.02904266,0.51568,0.27485058,0.5454766,0.32546818,0.4321125,2.6361563,0.20662953,0.0048678676,0.013430082,0.48207855,0.047182817,0.6660762,0.55041045,0.26048493,0.2311189,0.34605116,0.11731256,1.3836089,0.016371194,0.6619174,0.07010957,0.019960163,0.017958904,1.4215479,0.080416724,0.0,0.18626732,0.14704135,2.7644503,0.048453156,0.7034833,0.0,0.05089881,0.0018324109,0.012336497,0.012245697,0.124070056,1.325051,2.4572163,0.15571468,0.3176246,3.1174765,0.021451514,0.55523145,0.63229954,0.31511134,0.3380284,0.16697575,0.693757,0.110782094,0.0,1.0734373,0.3461081,0.2649612,0.249162,0.56097186,1.0328536,0.27355218,2.4809322,1.9985261,3.5309865,0.4994245,0.054303147,1.6242357,1.0287832,0.081879325,1.3041651,0.7549767,2.676424,0.08238846,0.15269789,0.04816493,0.19895077,0.03496908,0.57554924,0.25388232,0.6450842,1.5363053,0.92893267,0.15551442,0.43084374,0.19719657,0.0562189,0.19675003,0.84804267,0.4145956,0.02644013,0.3246856,0.070963226,0.26262257,0.71612984,0.15727465,0.00045262557,0.23305884,2.1849945,0.8159782,0.63146955,0.28733024,0.78987586,0.49713027,2.5195556,1.2173921,0.2904152,2.5995502,0.18235722,0.13038103,0.6187703,0.6310699,1.2280842,1.8316209,0.009307843,0.023084285,0.06759621,0.0602633,0.18821624,0.3107145,0.38834977,0.053736646,0.07777115,0.2738147,0.0,3.4033284,1.7298677,1.4946285,0.7057559,1.9717852,0.23800892,0.67377317,0.014902053,0.10833362,0.006052602,0.31636184,0.20676087,1.3442881,0.0914385,0.52010316,0.39915738,0.1237789,0.0,0.8690501,0.9860113,0.007960313,0.060278676,1.1427227,0.51514405,0.03374326,1.5839058,0.7400188,0.40116322,0.112189546,0.00042274178,0.0,1.0770744,0.5319965,3.2744577,3.0110273,0.37593845,0.12235061,0.19382973,0.56156594,0.7745339,0.11083673,0.7637986,0.00023465735,0.014431136,0.2921239,0.98334515,0.58170813,0.042857714,1.309275,0.6144422,0.0032407623,0.1858262,0.23725894,0.6101926,0.3144207,2.611356,0.13933177,0.21710917,0.62814486,0.16522862,0.2311285,1.5162274,0.3187018,0.88061404,0.0088732885,0.4586463,0.0022239774,0.9483119,3.085584,3.328897,0.3670976,0.21874298,1.0339098,0.73543715,0.081725925,0.79839295,0.742249,0.2817664,1.0052872,1.1823325,0.106810726,0.43211153,0.04764907,0.5414274,0.5013611,1.152144,0.6101815,0.28879523,0.15983546,0.25075552,0.071820445,0.91164756,0.013855156,1.8069489,0.118482664,0.0001634507,0.53029364,0.45576134,0.7976693,1.4177814,0.007504151,1.4932545,0.28696024,0.6222605,1.9576005,0.6952166,0.6115383,1.4005724,0.0036231638,0.007613621,0.031660493,0.15819225,1.5615003,0.10787812,0.734462,0.041663717,0.22795843,0.16706021,2.5586822,1.5162665,0.2500066,0.09275319,0.33105153,6.343779,0.032684527,0.061350036,0.07248091,0.35802263,0.30732942,0.31019038,1.6228156,0.967521,1.5845675,0.16680755,0.6833972,0.023383295,2.1396728,2.719148,0.47406793,0.21852067,0.0,0.7253972,0.9069011,0.4609132,0.77650785,1.2265431,0.02766057,0.689942,0.19936962,1.9573659,0.12412196,0.094715066,0.12434171,0.23905241,0.26572913,1.2934761,1.9095861,1.7632805,0.1732327,0.09311159,1.0286181,1.0499182,0.78258854,2.0335753,0.17517827,0.4452346,0.42984194,0.8030453,0.13736916,1.2970723,0.11137951,0.21687788,1.3193481,0.062131234,0.0123684015,0.0021931888,0.56346864,0.9468812,0.30317283,0.008780131,0.27893618,0.29999146,0.81700695,0.12122426,0.1838433,0.71829236,0.21694915,0.41411093,0.41283295,0.6026197,0.029675154,0.34816682,0.0014041808,0.4195239,0.03742528,0.99562913,0.0,1.0173755,0.3964328,0.42150497,0.12062983,0.011384572,0.54115295,2.2219262,1.0106063,0.15162414,0.038859263,0.0,1.1002785,1.1923023,0.0,0.46903965,0.0,0.16594292,0.16158779,2.8456297,0.24378714,0.029346354,0.1239398,0.8355413,1.0944183,0.54842424,1.8165365,0.18038647,0.5955863,0.05124933,0.6953216,0.9619016,0.14213902,1.0529549,0.4399306,0.028001731,1.9528824,0.41726327,0.53490466,0.3914997,1.1915165,0.5541225,0.00455587,4.022225,0.0005406987,0.40300205,3.975851,3.3246186,0.4665483,1.5922451,0.9895801,0.052238002,0.28810346,1.0414108,0.0004945807,0.10646385,0.0732279,0.7803844,3.4905574,0.39167818,0.0,0.06174914,0.20109451,0.92237324,0.0,0.04766894,0.86496514,0.20577139,0.007705933,0.87312776,1.6029843,0.11108784,1.5717297,2.910758,0.0027799907,0.0,0.70061064,0.34666982,0.80320126,0.2937339,0.20937681,0.26331005,2.1325088,2.1448,0.48726732,0.879464,0.08883683,0.49363026,0.011528493,0.00813277,0.06880136,0.6751429,2.556134,0.85967535,0.53766626,0.24220747,0.8059147,1.9029864,0.24947841,0.004331886,3.2588208,0.29442737,0.039351415,0.4207979,3.1832118,0.7972159,0.44062835,0.05049247,0.00049102167,0.15894674,0.13736501,1.961454,0.08974099,0.004249943,0.6302536,0.31945434,0.0,0.011326233,0.06121829,0.002338866,0.07217977,0.12196936,0.28635344,0.2443414,2.8376305,0.8417098,0.055996962,0.8774868,2.005697,0.31340942,0.3414484,0.021863597,0.17955764,0.049565267,0.037041694,all_pothole_images\pothole_images_new_image_3.jpg
2.8036063,2.5337434,1.3657573,0.6875065,0.80296654,1.2768399,0.93495905,0.014959683,0.56040543,0.80140543,0.4908072,0.032979947,0.19901475,0.1199168,2.556605,1.3311104,0.17340623,0.040643636,0.14150688,0.5097506,0.20220636,1.6808655,1.0064641,2.718258,0.20088437,0.34647113,0.05313993,1.2494799,0.040321775,1.3634273,1.8594198,0.089034796,0.88702404,1.2988534,0.15616097,0.40571713,0.5942024,0.92910475,1.6311884,1.6746536,1.8485811,1.0225701,0.13742344,0.10524972,1.5019068,0.38251826,1.8906461,0.269945,0.4105891,1.1153637,0.23137337,0.09238785,0.9686367,0.21894906,0.14912467,1.169123,0.100486964,0.02417481,0.19942819,0.91059136,0.09673619,0.18508878,1.6276761,0.117613345,0.033782545,0.3408657,1.3521541,0.09177896,0.4857387,0.451592,0.09768954,0.098728955,0.8532844,0.26684102,0.25775513,2.089403,2.988189,2.2114646,0.6845451,0.23159473,0.5328609,0.06698306,1.9866467,0.8126356,0.23124395,0.16847344,0.010971441,0.5869789,6.3291116,0.3875008,0.8993067,0.37360016,0.5285778,1.5516311,0.73865944,0.008485596,1.3017524,0.12697576,0.38271746,0.8384868,0.15383555,0.07786196,0.025418397,0.98550135,0.20639338,0.7404631,0.12545922,0.4311556,3.0832102,1.9473821,1.1292626,5.133602,0.9199281,0.49076632,0.100789554,2.1437037,0.7794909,1.264723,0.17955348,1.3093517,1.2263173,0.10925908,0.5531589,0.7584765,0.31385294,0.7009173,0.23986481,0.7385323,0.27087605,0.31164452,0.19122085,0.54014415,0.31256744,0.42722744,0.57234395,0.38710696,0.35136923,0.9702307,0.014639674,0.36278003,0.64285403,0.853946,0.18443584,0.35866892,0.37568897,0.94090843,0.8677064,1.8443846,1.0544417,0.5495123,0.29619318,0.14213893,1.8469687,0.9398354,1.730153,1.0265602,0.15175651,1.3002458,0.4517501,0.42716953,1.062074,0.88035846,0.24834815,0.33639735,0.6051429,1.7108738,0.35529724,0.4875724,2.036453,0.18880373,0.3997752,0.0,0.2798577,0.6725948,3.293286,0.10691493,1.8118018,0.12651138,0.2087845,1.4435481,0.6822881,1.4952115,1.0347751,2.3333375,2.2921128,0.9468128,2.1026652,0.116275124,0.42009175,1.1464883,0.28268957,0.6031199,0.72121966,0.39636946,0.4079023,0.04359568,1.6232542,3.5835347,0.96972126,0.73212725,0.30566216,3.8686335,0.7606898,1.7456748,0.01118544,0.30228105,0.22509336,0.13225415,0.60294604,0.50404775,0.080517545,0.7302529,0.89358,0.6363944,0.5946932,0.46386236,0.14736328,0.21835977,0.9571411,0.036592394,0.1981158,0.091057815,0.31029266,0.22576691,0.7895626,0.5686987,3.467028,0.1462223,0.42547697,0.090117335,1.142098,0.47106406,0.40751344,1.0634391,0.70849645,2.296351,2.3746889,0.4146098,1.059709,0.28099638,0.9692817,0.829675,0.2658849,0.017192518,0.0,0.7050655,1.0322129,1.0554408,0.71472025,1.1505163,0.715209,0.62709546,1.7324519,0.094923384,3.6013012,0.0,1.5450393,0.8032378,1.9809171,1.0245109,0.011550498,0.43808624,0.40864632,0.13813776,0.84156686,4.283049,0.6027412,0.23718248,0.93610394,0.94767684,0.4180788,0.0693437,0.25195286,2.244967,2.435329,2.5908446,0.62652856,0.018923478,0.07883008,0.7578377,0.22157793,0.6104718,0.05487614,0.028279841,0.59896517,0.08422718,0.0869024,0.25635362,0.006923418,0.24839021,0.025340535,1.4929581,1.722527,1.3576185,0.14351596,0.613543,0.48085877,0.006200385,0.72991586,0.36950612,0.57792443,1.0843207,0.16639572,3.4754705,0.7819877,0.75007796,0.91016805,3.490487,0.5228322,0.02088029,0.15967381,2.4004683,2.7202296,1.5843668,0.31596208,1.0756329,0.41904262,1.0698878,0.79045063,0.88489926,0.8972603,1.2833233,0.23664895,0.67469037,0.22599928,0.912498,0.1644186,0.77044064,0.87441254,1.7590227,5.2504845,0.41885275,0.39148283,1.7721558,0.2943688,0.4463475,1.6674001,0.17638691,0.14988643,1.1525484,1.6601355,0.7683824,2.3332772,1.0097078,0.073960245,0.06225405,1.1478959,0.18703051,0.21055688,0.24015835,0.76382977,2.7323027,0.022105046,0.21479884,0.13140494,0.34391674,0.13797152,0.023055324,0.1472885,0.4771201,0.17342465,0.26048473,0.9321265,0.20078,0.002330497,1.4368429,0.10895154,1.3155311,0.037327833,0.79479575,2.4072177,1.4001061,1.1830803,0.93087983,0.96357167,0.52734077,0.42030257,2.9041736,0.82069284,0.48315164,0.037817396,0.29896668,1.188387,1.4166088,1.2594616,0.6303562,0.08247286,0.62205786,0.015169912,1.1904398,0.9076443,4.41061,0.00402212,0.23715252,0.13104251,0.78270316,0.28046426,1.6273806,1.1532549,0.21857172,0.036446046,0.6624972,4.134158,0.08021864,0.96207416,0.31151354,0.75475365,0.25298733,0.69486445,3.1818843,0.49920657,0.7666766,0.6610609,0.30681705,0.91565067,0.9310651,1.9585439,0.7981514,0.5659136,0.5217083,0.09775883,1.624739,0.25968486,0.59339887,1.9603386,0.19502242,1.320155,2.0449147,0.17882322,1.7383641,0.34721723,0.6848508,0.10803381,0.2943033,0.18747221,5.5295005,2.0536203,0.0,0.12799226,0.2910052,0.33522734,0.13850644,0.13995586,0.8606837,0.0050566224,1.143667,1.4686223,1.3019168,0.060424376,1.2037338,0.97294545,0.8767703,1.5240155,2.3963902,0.35018703,3.9641197,3.950221,1.0269456,1.0233428,2.020156,0.080152944,2.5271938,2.5323048,0.4161094,1.99804,0.11709151,0.112396754,0.40493026,0.2459937,2.1288495,4.161562,0.18162218,0.2496223,0.61721814,2.5147057,0.47734657,0.04851907,0.5002165,1.4653788,4.2951894,0.31625232,2.097973,0.1227677,0.13799272,0.0010655449,1.7498759,2.145638,1.3093841,0.00068754255,0.0,0.11412297,3.039319,0.7205343,0.17518055,0.5626765,0.04684768,0.39392793,0.10402942,0.104682766,0.50900203,0.08939715,2.4379904,2.6501732,3.5116305,0.8735398,1.6048132,0.16493462,4.4394803,0.19703884,1.5062925,0.59355634,0.28994253,all_pothole_images\pothole_images_new_image_30.jpg
0.0148572065,2.1312134,1.1168433,0.68040806,0.41767672,0.15555646,0.5650941,0.4755695,0.6467819,1.1603799,0.019357622,0.4405561,0.46240234,0.31005222,0.24638616,1.5358981,1.8803449,0.0001527585,0.8306096,1.3420575,0.20355342,1.1206055,0.6688205,3.138631,1.4118359,0.7591853,0.33826095,0.79015505,0.11680007,0.41754398,0.28341216,0.10936046,0.530192,0.8804868,0.89040846,1.6781607,0.5081255,0.08518926,0.25566128,0.38003433,0.44980907,0.41281268,0.031507354,0.06811925,2.5703273,0.412209,0.17633823,0.015448745,3.5569065,0.40183336,1.4517791,0.59836346,0.5474713,0.86717033,0.14664122,0.6403142,1.113889,0.18647602,1.9507316,2.4395866,0.4715498,0.59774435,3.2476819,0.44994918,0.8337759,0.80939716,0.9823756,0.25151625,0.14574708,0.1690327,0.21131814,0.4615358,0.025860464,0.01639805,1.0081449,1.4619765,0.04971618,0.49153474,0.14343871,0.42961124,0.48769307,1.8152151,0.14847931,2.6902149,0.49679992,0.2849189,0.8942104,0.3918793,3.3560915,0.98768115,0.5579906,2.0096626,0.92886025,2.381139,0.63898623,1.2264079,0.69463986,2.181999,0.73215836,0.3647602,0.0031258306,1.0861691,0.7323598,0.77792054,0.4068339,0.4644519,2.070566,0.29513207,1.0956517,0.7919478,1.5286287,3.094994,1.3466015,1.042338,1.2958544,0.85310614,1.529299,0.09374877,0.7524094,1.006162,1.8501178,0.97080755,0.65099,0.37535352,1.7200719,1.731886,0.0,0.331356,0.17111647,0.08488035,1.0797205,0.25815344,1.0453084,1.4181647,0.39504737,0.36322165,0.068878554,0.07382797,0.36346245,0.5179373,0.10363923,0.28214055,0.44271895,1.0921495,0.14258778,0.0,1.4188805,0.07017702,0.9864402,0.42488283,0.20027043,0.32939273,1.0303713,0.008003565,2.693511,0.042084996,0.053269662,0.35116893,0.031782966,0.0,1.2610102,0.035676677,0.1612571,4.9344106,0.86742526,0.21962205,0.1561115,0.56965953,1.4352908,0.12857631,0.03434938,0.57017726,1.9905638,0.0025692445,0.73903453,0.37343866,1.0875072,0.089796826,0.002652384,0.5313029,2.0557294,2.408528,1.8208277,0.9534827,3.5236032,1.385579,0.13623641,0.26225182,0.43175244,1.4646261,1.1880411,1.672247,0.2969163,1.7859049,0.6774503,0.83249754,0.42790642,1.602104,0.21377555,1.5733079,0.5110848,1.3648155,0.5089088,0.33010426,0.6275098,0.39954692,0.31979325,0.34388706,1.0247525,0.7645366,0.549112,0.2322683,0.5173129,2.9224155,0.12425658,0.69845456,0.25939578,0.19399194,1.5772716,0.39357734,1.8448461,0.0,0.25269666,0.99683076,0.29528275,1.2518164,1.1761948,0.0,0.770786,0.4122973,1.7503704,0.008426984,0.6637405,0.31882733,0.7455452,1.040594,0.016977457,0.004157813,0.0,0.12823412,1.2673473,0.26274285,0.042635996,0.036228623,0.0,0.0013654296,1.6440959,0.026841221,0.6437485,2.4440851,1.3367345,1.2196139,0.45087293,0.45302215,0.15591046,0.042609822,1.9380832,0.09258106,1.0505081,1.7258257,0.9232305,0.27450243,0.7262028,1.1446607,0.1395227,0.6013023,0.26282436,0.4153351,0.6045457,0.17167589,0.22132504,0.0,1.2928573,0.7333333,0.08755032,1.2750548,1.1494529,1.7034334,0.042002346,0.74817806,0.0,3.3852737,0.99148595,0.11999414,1.7039186,0.5522374,0.42843503,0.86648107,1.2338141,0.06471839,0.844452,0.17574805,0.50280833,0.6290591,1.1227921,0.78166103,1.1189461,0.72178876,1.0822661,0.20766106,0.032615718,0.55403465,0.07831605,1.0307765,4.5325274,0.6125541,0.22948551,0.26939067,0.73877394,1.5613537,0.3468094,0.8880348,6.2744775,1.1269314,0.20856838,1.6250473,0.051535815,0.14267625,1.7923762,1.4329362,0.8384334,1.1651138,0.38392746,0.2864664,1.0927604,1.4381882,0.41029754,1.5580664,0.16181536,0.46618506,3.29305,0.15806226,0.19066903,0.5968719,1.1053423,0.4697155,0.2153107,0.071514376,0.50341666,0.1059415,2.676099,1.7437531,0.6313272,0.050752565,0.31466797,0.06041917,0.08396147,0.1316674,0.022351753,0.9380713,0.9247343,0.844261,0.83336484,0.888455,0.4400599,0.15196313,1.2111375,0.51792,0.64131147,0.13974246,0.4083251,0.38009325,0.3594523,1.5231329,0.0,0.5594533,0.33417615,1.3545582,0.31048074,0.9214651,0.63749355,0.38708767,0.107230864,1.3944805,0.37933272,0.025198668,0.083595894,0.6281458,0.16533092,3.002387,1.1379718,0.3680458,0.5629512,1.3530055,3.4298773,0.8016371,3.662739,3.2544425,1.4584365,1.4371811,1.0811265,0.66947716,0.99510235,0.46710306,0.0,0.82420844,0.33543807,1.3942553,1.1930219,0.0546856,2.7444127,0.9647109,0.020665204,0.50889564,0.020600522,0.33862904,1.4965577,0.41608047,0.116039686,1.3238604,0.025083408,0.59126794,0.5902902,0.043700963,0.15884596,0.90002006,2.0617673,0.52098054,0.061629828,0.3841647,0.21663368,1.2698488,2.204093,1.1942309,1.9408354,0.5058477,0.81294745,1.517064,0.8917845,0.1830246,1.5416318,1.5880544,0.3804459,0.43293926,0.40878502,2.7391765,2.4272552,1.4265071,0.5244744,2.6410277,0.52946264,0.021519631,0.27317318,0.41268858,0.367862,0.97457147,1.9224515,0.8576163,0.18408446,2.0659533,0.23337044,1.7625052,1.6554433,0.020691436,1.5709279,0.51759773,1.4466808,0.036144126,0.88572145,0.17038539,1.2364872,0.5652733,0.3857879,0.65925264,2.705036,0.40907252,0.80970293,0.095392115,0.508533,0.8523354,1.1586188,0.17149769,0.8253703,0.054278076,0.5279087,1.4728618,1.5430702,0.16035436,0.43607762,0.038746193,1.3346751,3.0748942,2.1332653,0.57498556,0.0052337893,0.58375305,1.157335,0.91520035,0.38304695,0.098925345,0.22133227,2.150861,0.13528019,0.28261134,0.05899285,0.021035517,1.3377881,0.15629783,1.487434,0.2799727,1.1617347,3.2229314,0.92213386,0.8988854,1.0626684,0.6703731,0.0,2.9766865,1.4176564,0.8903041,2.9009187,0.7403502,all_pothole_images\pothole_images_new_image_300.jpg
0.8666772,1.3752596,0.16299187,1.0526105,1.1920722,0.51313907,0.0,0.060417674,0.80349386,0.9892296,0.2857774,0.0883323,0.21235703,0.10421143,0.2396,0.109231204,0.02715631,0.13514926,0.15823404,0.0012782948,0.16740948,1.1375936,0.33506018,0.8708077,0.2862674,0.06946838,0.20392758,0.23709571,0.18933412,0.87576836,0.426276,0.71395606,1.1713556,1.0133097,0.05102819,0.50352865,0.7416871,0.03817838,1.1546181,0.24065235,0.36683887,0.5542181,0.091462485,0.0,1.2046264,0.0,0.30689195,0.05319681,0.6872485,0.20988669,0.052883275,0.90420765,0.079156734,0.91475046,0.45316315,0.37869838,0.2661151,0.2962651,1.038735,0.11680552,0.05953584,2.375104,0.24447908,0.8092086,1.2864286,0.084184594,0.7614342,0.05321284,0.14691171,0.3213424,1.2672482,0.05243243,0.36407918,0.63735384,0.41747245,0.17327935,0.07134078,0.07739246,0.17778537,0.14580944,0.118469216,0.89436185,1.3408856,2.876888,1.3753802,0.5229023,0.8340665,0.017446656,1.0786736,1.3721895,0.32693127,1.5091184,0.47934774,1.1689643,0.10580534,0.06959805,1.3127772,0.16274719,0.012772141,0.0075883274,0.08397999,0.25509068,0.03862443,1.3883997,0.61712414,0.14914048,0.05203585,1.1862953,0.03737527,1.5391415,0.5150772,0.05121106,1.3304863,0.0,0.23827918,0.92343456,0.8625155,0.016431458,1.5687994,0.33487102,0.34401858,0.7037385,0.2529951,1.5040687,2.8150237,0.57850176,0.015433957,0.54504746,1.3222023,0.02323827,0.39939377,0.07092998,0.42701113,0.010249524,0.3425082,0.052393455,0.7982236,0.262246,1.3032371,1.0167998,0.15552826,1.3638564,0.38423803,0.20641504,0.0024930683,0.33503404,0.64038974,0.23307088,0.0056922995,0.11518521,1.1882586,0.48559865,0.7202315,0.6155024,0.94562155,0.39926088,1.4255805,0.8696012,0.8741598,0.525323,0.47044563,1.367011,0.31263268,0.1777037,2.9143152,0.0,2.833577,0.0041587767,1.6506888,0.52391964,0.74720216,0.6680922,0.08358941,0.26937616,1.3472829,0.033174857,1.0926712,0.046274923,1.5085222,0.18078426,0.14076759,1.3001025,1.1793389,1.5396953,1.891083,0.6510896,0.005685525,0.6113172,0.09045802,1.5969656,0.32496965,3.4710078,0.17489661,1.4858248,0.54391325,0.003446152,1.2878284,1.936584,0.5658151,0.016253583,0.20939487,0.27138454,0.15934816,0.006425659,1.6548446,0.18981788,1.7624085,0.32492936,4.396303,1.2148012,0.09438086,0.5628594,0.6153632,0.32964948,0.33657923,0.036591735,0.22357766,0.0,0.46280453,0.4091244,0.5099562,0.10547601,0.15938136,0.2316959,0.0013094725,0.49430007,0.27483386,0.9252089,2.6285436,0.15147087,0.0055317385,0.16098604,0.89529884,0.79154015,0.20443954,0.03435014,0.1754105,0.0004726192,0.87824476,1.5191305,0.045650262,0.41716555,0.4138057,0.6425964,0.8132327,0.018185603,0.9648706,0.34856197,0.033859674,2.598365,0.0,0.0011269047,0.6274501,0.017375171,1.2868247,0.0,0.3368973,0.29585576,0.0031837206,2.1569655,0.30708817,1.1439701,0.106982306,0.8193828,0.040598888,1.8792344,1.5583493,0.5854818,1.1204438,0.0,0.16147959,0.011476978,2.6136565,0.0,0.053324778,0.95693207,0.34480202,1.1331633,0.32117257,0.72514653,0.09019737,0.5161139,0.78785765,1.1622108,0.30706257,1.9320172,0.5822256,0.028340077,0.5497927,0.092676826,0.57328707,0.35998923,0.6965548,1.2981325,1.5130055,0.13658215,1.7924002,0.795709,0.008974959,0.26308647,0.09864871,0.7985774,0.056370344,1.0886889,2.3346326,0.6103691,0.13013761,2.1504378,0.29250476,0.23014866,0.06972393,1.8936876,5.3689756,1.2076747,0.42534095,0.5644273,0.03284585,1.3905288,0.94712174,0.23799515,1.4045421,0.16652884,1.2631751,0.864149,0.06723178,0.06312051,0.7497323,0.011917458,0.19534652,0.004547015,5.708836,0.044603623,0.9597496,0.05335521,0.8217971,0.0037862416,1.0008028,0.5140168,0.4771964,0.08507266,0.9822515,0.80900526,2.11666,0.11635766,0.113484815,0.123356774,0.08622387,0.08001651,0.36215013,1.1826407,0.0,0.6516082,0.044902205,0.26055428,2.1070826,0.034804724,0.27345288,1.6403784,1.3151324,0.69290835,0.5966277,0.7280857,1.5258455,0.7002319,0.32041842,0.4134972,0.104324006,0.3058464,0.55547374,1.6471345,1.5943476,0.65848875,0.45037365,0.02192533,0.8821755,1.38476,0.83386976,0.7173694,0.46881312,0.4940087,0.6146442,0.13108315,0.5730159,1.3581629,2.2290394,0.89381796,0.3702566,0.5807727,0.42390314,0.5158246,0.050807863,0.79627913,1.028669,0.012503701,0.06600996,0.9832372,0.16505536,1.6829493,0.40411127,0.9344725,0.23709495,0.78791857,0.19861895,0.008230574,1.6761311,0.0839924,0.35273075,0.2765827,0.08366241,0.110615775,1.0988649,1.0228454,0.5306651,0.048440114,0.040530495,0.16571385,1.501345,1.1520088,0.4184125,0.42577073,0.0,0.26988348,0.5876291,1.3396195,0.122614436,0.5974701,1.7321143,0.13969204,1.2116861,0.63335246,0.4389932,1.3700597,0.1887258,0.14654894,0.0,2.1393142,0.58304304,0.33009425,0.03953866,1.880838,0.6417169,2.0064228,1.6850384,0.124992624,0.28802064,0.106238075,0.7142017,0.13982317,0.7483729,0.79653096,1.5943152,0.18973471,0.3739824,1.3998547,0.4026632,1.5674592,0.49060985,0.23278081,0.046462767,0.29007214,1.011957,0.14463745,0.84809595,0.0105599165,1.525041,0.015438425,0.77583337,0.0,1.571051,1.7904873,0.345243,0.027819483,0.6994764,0.2759116,0.8860912,0.846461,1.0480614,0.41477406,0.011276652,0.72800636,0.0,0.93435013,1.0644552,0.48902467,0.011155554,1.465627,0.6180992,0.0029624237,0.17699052,0.031880528,0.76837295,1.071429,0.5835635,0.0,0.040318996,0.0,0.04611238,0.15304749,0.006360649,0.34645525,0.033852085,4.2565193,1.0441839,0.37561542,0.114492364,4.3999476,0.27210432,0.6922077,1.4127412,0.5458232,0.30818444,0.67771685,all_pothole_images\pothole_images_new_image_301.jpg
0.06530286,2.6253645,0.88685495,0.48581025,2.5803182,2.135702,0.6865228,0.35573882,0.5144262,0.35750416,1.4381517,0.19952509,1.2988455,2.5160155,0.5976499,1.4407024,1.272947,0.71725744,0.21573605,1.8288226,1.0269015,1.4372088,1.4672978,2.5131652,0.31411588,0.29950905,0.5909245,1.5413843,0.06858538,1.0866945,1.1893412,0.23177792,1.0118839,0.5120026,0.20028846,0.19363411,1.0466305,0.4242315,0.23782784,0.83005834,1.7393873,0.21353412,0.15694925,0.6814361,2.8907638,0.80999833,0.53240967,0.016188487,0.8187706,0.23427634,1.8614544,0.85231817,1.3983123,1.4469309,0.8804835,0.11388309,2.181633,0.55497444,2.7931619,0.086022824,0.1971276,1.2153759,2.058767,0.06911222,1.1513315,0.5274966,1.6309832,0.6937757,4.30672,0.31422728,0.15004447,0.60473496,0.35310566,0.4525207,0.22839372,1.9634931,0.9052437,0.5124455,0.6067108,0.15281127,0.634649,1.1690481,0.049618468,0.47081408,0.8126664,0.2753601,0.3942733,1.3696809,1.5464431,0.522526,1.4017534,0.046761002,0.31675848,1.8792055,0.27407557,1.8977734,0.5973709,2.1017838,1.9842637,0.16311587,1.1235235,1.0864947,1.0481886,0.59771216,0.053134616,1.9370618,0.6004345,0.021003926,0.04393373,1.065193,1.8598247,0.56257474,1.8250414,1.0781219,0.3755403,0.67613,2.1710522,0.48965585,0.8025553,1.2670895,0.29164645,1.5358145,1.0130789,0.93857634,0.0,0.7356267,0.1952123,0.43160442,0.26866084,0.46977264,0.529135,1.2087088,0.3082829,0.7212289,0.51650435,1.0218409,0.56243205,1.0082712,3.819261,0.11094044,0.6318596,1.5872911,0.06525462,0.888475,0.9777712,0.20423488,2.1299138,0.091919884,0.80133677,1.6531582,0.013311218,0.8170928,0.6784927,0.16951096,0.8581803,1.1108823,0.5015486,1.3248247,0.16672154,0.5133822,0.45581833,0.5781958,0.041716643,2.594971,0.10879041,1.658441,2.3581276,1.1225145,0.7164442,0.25545773,1.5878164,0.6068833,0.8100988,0.40193027,0.688734,0.012153801,1.1125159,1.0896262,1.733648,0.67219657,0.52325076,0.009336792,1.3050978,0.351149,1.2522633,0.27940768,2.1261609,0.775275,0.08822153,0.63095003,2.5034342,1.502295,0.66669947,2.1543958,0.59373957,0.31583965,0.12609087,0.47678518,0.50260335,0.30143762,0.040512882,0.31391668,0.6103362,0.17519094,1.2091649,0.36938375,0.75345826,0.22301495,0.91959536,0.5867717,0.36100063,0.4720103,1.5843686,1.4768322,0.42368838,0.034592398,0.36065382,0.09882378,0.44305038,0.5403948,0.43877113,1.4034464,1.4528198,0.28197443,0.21484606,0.90980434,1.2431203,0.110644214,1.1042556,0.1363222,0.1553458,0.5398197,0.68297434,0.32381257,0.15670379,0.08487102,0.7409656,1.2600511,0.67827386,0.004276751,1.0204437,0.08592625,0.044017114,2.664737,0.16260654,0.52630955,0.22552933,0.29308975,0.44989282,0.59316766,1.1696279,0.0,1.3663019,0.21918961,1.2099836,0.9890258,0.09421929,0.88912946,0.5599519,0.14232619,1.9283155,2.6178763,1.4396412,0.24438153,0.94431007,0.20672667,0.06234643,0.8817274,0.6269516,0.40793628,1.0795313,1.0437995,0.15009724,0.11041212,0.023599219,0.8835066,1.0024577,1.0998482,1.6342067,0.13072503,0.0051121637,0.7289114,0.08746723,0.4826793,2.9676738,0.0763433,1.6861379,2.0505233,0.830824,0.021110306,0.29208174,0.2869629,1.2072718,0.640118,0.024850722,0.88505274,1.7412579,1.0475403,1.1523652,0.9151757,0.17670569,1.6800512,0.018922457,1.4805026,3.5882723,0.5678433,0.5268584,0.9632096,0.8583804,1.3609222,0.7287121,0.2465808,5.7563524,0.43725246,0.19028983,0.34574994,1.9687307,0.5546376,0.16339448,0.7369998,1.0852499,1.2823285,0.2515071,0.9487779,1.0381714,0.21334356,1.0976211,2.3127513,0.2858529,0.13320187,3.4881337,0.0712004,0.2985,0.6045298,0.1712051,1.1713588,0.34457895,0.48421097,1.0992087,0.4478573,0.42453307,1.1874076,0.9563414,0.043975055,1.1043154,0.57628256,1.0373225,0.10766605,2.8505645,0.3896009,0.26804122,0.43317798,0.7641034,0.27039737,0.41123673,0.061948314,0.47941953,1.1267213,0.27352822,0.0034423869,0.12836426,0.41916555,0.7721291,0.15219013,1.0855443,0.11014878,0.68734974,1.705222,0.30451778,1.6257288,1.571213,1.2181627,1.8236847,0.8293494,1.119562,1.4128432,1.2029092,0.42314354,0.020979907,1.4095582,0.41259107,0.32232657,1.0023526,0.32958564,1.9785708,0.20211916,3.6727784,0.42066777,4.0242305,1.0399512,1.0836269,1.4805949,0.74268633,0.11716592,0.7813045,0.23141304,0.036573682,0.81108993,1.5266262,0.3062777,2.679921,0.72484183,1.7225038,0.670866,0.20988394,0.007754529,0.3786096,1.8641429,0.45661506,0.48124212,0.5593769,0.39246735,0.30501738,2.4704912,0.20025554,0.46855018,0.223028,1.9167745,0.20853949,0.35640532,0.0694534,2.4857488,0.93008983,0.9622486,0.25185665,0.8347646,0.34669074,2.552596,0.3624267,2.3764892,1.052525,0.6809731,0.013198072,0.2651672,1.476195,1.3942806,1.2831544,0.8214992,0.47340903,3.8005178,0.8867826,0.43918312,0.47506908,0.8779565,0.45214304,2.5468373,3.5290675,0.26126206,0.48654866,1.5551267,1.5873291,0.9548709,1.3118149,0.38872814,0.008430795,0.0,1.9518498,0.8232272,1.6221893,0.45506582,1.8362732,1.5568111,2.4622142,1.7618835,0.16688976,1.0220652,0.635676,0.7764684,2.2804585,0.5588368,1.5267798,0.8412586,2.805358,0.2596972,0.89340365,0.47278056,0.7476238,0.08726357,0.7267766,0.88087827,0.3229434,1.7099279,0.8316851,0.5229084,0.19634001,0.17767018,0.8301906,0.027098102,0.5608745,0.41207707,0.6385579,0.47479355,0.6949855,0.3527245,2.2610097,1.3302531,0.7503394,0.032400664,0.41153136,0.036719408,2.122632,2.0414178,0.93591833,1.3548446,0.3839199,0.16842665,0.3161766,2.0356805,1.114132,0.58230114,0.5370816,0.13900417,all_pothole_images\pothole_images_new_image_302.jpg
1.8304247,0.72995603,0.6661723,0.3913085,0.12668274,2.4916604,0.8551269,0.24169447,0.7056237,0.9561878,0.012731049,0.6269303,0.21190913,0.52684855,1.4923605,0.49171346,0.2526754,0.011333546,0.53694046,0.92103785,0.1161115,3.0360363,0.9589724,0.5845656,0.022559531,0.15867509,0.6469406,1.7174377,0.4550035,1.3348049,1.0157764,0.21112433,1.6949432,0.9255799,0.10641683,0.037740666,0.27423844,0.48977613,1.6345805,2.3447945,1.4817889,0.32363293,0.10015462,0.4011583,1.1085021,0.021895917,0.9385559,0.0783958,0.1543476,0.19513914,0.4544831,0.59742457,1.5000435,0.06662915,0.5736618,1.7565486,0.4475623,0.33343282,0.90318435,1.3896502,0.76032084,0.7527512,0.8224923,0.6452743,0.11922389,1.9979161,0.6100415,0.6223794,0.28778434,0.51442087,0.3138418,0.6889603,0.4614688,0.5594013,0.044040494,1.0850459,0.19563377,2.758786,0.83644444,0.5658156,0.43816173,1.0516669,1.8973229,2.573442,0.27965748,0.5171469,0.28612712,0.34497273,3.5328605,1.2012682,0.9161597,0.32214603,0.0724237,0.4736393,0.6053164,0.22308229,1.8520101,0.018928222,0.5327046,1.659127,0.29768857,2.2092192,0.48845422,0.38516426,1.1621896,0.58361644,0.260341,0.9424657,1.3548973,1.4846715,0.25487548,3.7830317,1.648025,0.8142781,0.0012944138,0.6049627,3.2944808,0.7467831,0.19593512,0.47429788,2.7083516,0.74990845,0.40422082,0.48402995,0.2955984,0.38537872,0.2299649,1.7728196,0.5118911,0.49063087,0.47287324,0.5199508,0.19307953,0.31793383,0.5581736,0.14963013,0.0052743237,1.3390927,0.13220134,2.378659,0.96291685,1.9139986,0.8141706,0.22111697,0.6148725,0.60974896,0.6209844,4.046113,1.1058284,0.10640886,0.2952359,0.01856869,0.32504606,0.8138754,1.337993,0.7365982,0.21529014,0.029113384,0.12894356,0.09349446,0.9739312,0.30626807,0.26099813,0.2925083,0.23165005,1.1246735,0.84919137,0.2854046,0.37575373,0.053482678,0.30290914,0.05298086,0.015693115,0.7727552,1.6627835,0.030428803,1.399858,0.0904173,0.658616,1.4933714,0.6543401,1.7600957,1.8913813,1.5408322,2.1629972,0.79266244,0.4952503,1.6291771,0.17915894,0.7618231,0.2884852,1.2793411,0.013957979,3.7034826,0.3976793,0.033841573,0.5074581,2.4443643,0.8717206,1.4685445,0.4896124,0.5971347,2.6694734,1.802703,0.5696233,0.7692296,0.54821277,0.19868457,0.66086537,0.0,0.593493,1.0758818,0.6772846,0.2714561,1.1233419,1.2228432,0.16224545,0.6946758,1.1287575,1.30848,0.50463957,0.8708355,0.034161694,0.21688484,0.8665757,0.23215908,7.9447145,0.069612496,0.66319793,0.2154664,0.8810445,0.10911852,0.26284242,0.2620462,1.4643855,0.78940886,2.562362,0.036647104,1.0714561,0.016833998,0.020673497,1.2827914,1.4393241,0.116167225,0.21283737,0.13415611,0.36496544,1.8389331,0.79928976,1.8749446,2.2589803,0.37947768,2.2432992,0.627079,1.1572431,0.52051157,0.24258743,1.0678653,0.52240926,0.73067784,0.07220497,1.0546721,1.1699979,1.2365054,1.5089322,2.892017,0.062173415,0.38884547,1.4317384,0.42707613,1.1728431,0.26782385,0.0,1.3835114,1.1766444,0.46316028,0.67010325,1.4595786,0.15653485,0.30706182,0.12966982,0.292973,0.09752007,0.65514565,0.4820913,0.42122987,0.007429523,0.38408193,1.0057291,0.8987107,0.6058094,0.30794144,2.048453,1.3834312,0.0,0.30560353,0.060550645,1.0383137,0.5929869,0.019415645,0.0,0.8802227,0.26351634,0.35698894,2.1549625,0.8079016,0.07447252,1.2355328,0.10336359,0.009828818,0.18335553,2.832787,1.2904307,2.287404,0.12563568,0.49120727,0.26782122,1.1726202,1.0409192,2.4853399,0.7963113,0.4329295,0.09022284,0.31796142,1.8286204,0.052849818,0.2180827,0.05853293,0.68343085,0.81491554,4.057426,0.93943584,0.6965,0.2654003,0.027281137,0.9842395,0.19864862,0.18028991,0.18369597,0.7904363,0.27745605,1.1736491,1.5561053,0.19941014,0.71543574,0.20814013,0.4679337,0.62614316,0.66868794,0.85289407,0.4787438,2.931246,2.1305103,2.0427933,1.1562959,1.400773,0.008147488,0.49761486,1.4606634,0.4255234,0.0,0.0,2.6863942,0.2133697,0.36109123,1.9030539,0.6072109,0.8716708,0.73121727,0.04589081,2.3216949,0.19027157,1.609871,0.31471524,2.35716,0.01439168,0.6819191,0.37482628,1.2773813,2.5466003,0.34864146,0.30320162,0.17471443,0.94704044,2.7270226,0.18915348,0.13526176,0.004920101,0.011833368,0.25641733,0.4905946,2.3449805,0.0035830503,0.4991096,0.879893,0.35617325,1.7259896,0.6148247,0.8102444,0.34266075,2.4160304,0.8428136,2.9494793,0.23595902,0.009524465,1.0451791,0.49709192,0.060585137,0.116914704,0.46795636,0.35922393,2.0870912,0.58501506,0.8605873,0.39988512,0.5040319,2.3657463,1.8432963,1.3406423,0.12080525,0.4693638,0.33636364,1.7970994,1.4524125,1.3011782,0.63810045,0.7157351,0.9397931,1.4841189,0.50985616,0.4107345,0.93271136,0.5002206,0.39936373,0.14016399,6.5547075,1.2366438,0.34637278,1.1430763,1.8102305,0.2084752,0.62610126,0.19921353,0.107921205,1.0968385,0.46492442,1.3825269,1.0928361,0.13483419,1.1123781,0.46737385,0.91396576,0.41858366,1.0985677,0.29349098,2.3905494,1.6477206,0.31758413,0.98412603,3.2987936,0.08011089,1.6319648,0.64381814,0.24041179,0.40904024,1.0495459,0.48677242,1.555324,0.67791146,3.469668,3.014565,0.24664028,0.8848234,0.0,1.043666,0.55794746,0.7140386,1.684483,1.6303709,0.93938226,0.66892594,4.9079795,1.2959499,0.2950339,0.2541266,0.46328366,1.51308,0.613505,0.51721007,0.11360881,0.21352132,3.6712122,0.26559234,0.38193476,1.3264318,0.17755541,1.4818703,0.5702523,0.30725855,1.3982483,0.05209164,3.6385136,1.0147198,2.4580195,1.0797119,1.919483,1.1780607,0.6786995,0.9130422,1.7596349,0.16969538,1.1191766,all_pothole_images\pothole_images_new_image_303.jpg
0.81774867,1.0498956,1.2833254,1.5137687,0.123933904,0.8608249,1.0605763,0.69470227,0.57834214,0.79798937,0.27801296,0.6558541,0.30324453,0.7089132,0.14398469,0.39177307,0.600788,1.1251568,0.23215872,1.8098676,0.3662585,1.4393463,1.6205989,1.5342435,0.62071186,0.21705846,0.04959769,0.97160804,0.24299335,0.6344873,1.0218412,0.072577305,0.011317655,0.7292558,1.0492934,0.2866522,0.5667033,2.4673564,0.58003706,0.22963603,0.27279872,0.037207026,0.7932564,0.08121556,2.0335574,0.5839008,0.5381292,0.2153627,0.22563376,0.2823518,0.5527345,0.38022837,0.61969006,0.8565001,0.0,1.7541275,0.05265243,0.011282762,0.8832718,0.66463685,0.52898085,0.73177755,1.1143205,1.6879644,0.24574493,0.39007497,0.6302401,0.28299737,1.4286367,0.5702151,0.63606673,0.26597214,0.0716101,0.16090336,0.20897515,0.96008694,0.66114426,0.90020096,0.4257956,1.1867244,0.2159399,0.76486546,0.57118076,1.3067032,0.25053176,0.6461121,0.89023185,0.76396316,0.5255897,1.1030383,1.0092543,0.5876229,1.5989128,3.30932,0.71430117,0.07745108,0.3098103,0.20510098,1.4783058,0.81285477,0.9758729,1.0560118,0.05742545,0.81733096,0.76157767,0.65761644,0.9832988,0.5645944,0.71565014,0.31448787,0.66515005,1.0023638,0.70853585,2.068382,0.41076303,0.43483576,0.25849202,0.9606077,0.20206308,1.7655407,2.753627,1.57335,0.3584329,0.6187051,1.3447481,0.42363864,1.3299302,0.488369,0.2651932,0.4728863,1.4037949,0.10531697,3.1913545,0.71147436,0.87671673,1.5359665,0.97147775,0.6335463,0.76335436,0.1818365,1.0094995,0.04594641,1.3996471,2.371632,1.0482311,0.32816508,0.5542949,0.40791678,0.39532104,0.79916817,0.2101377,0.84094596,0.32827228,0.423082,1.1724986,0.33170986,0.5941551,0.84702593,0.08312986,1.7711781,0.41432083,0.13742791,0.5842333,1.04796,0.08684191,1.1687919,1.6201178,0.100177765,0.7133504,2.5070212,0.80909306,0.6787319,1.5229797,0.19437145,0.7356166,0.5852197,0.74204606,0.20522918,0.27133816,0.48573303,0.7239887,0.2687484,0.8206088,0.11840627,1.564833,2.3378146,0.4998355,0.5353857,0.5748395,1.1940007,0.9081173,2.6973505,0.59765327,0.49862894,0.68595976,1.1370173,0.37147677,1.2038505,0.47366646,0.32297742,0.585184,0.9765193,0.1371003,0.7498314,0.37382653,0.78075194,0.97080594,0.04906734,1.273066,1.5780483,0.24286287,0.3217874,0.668693,1.392803,0.8879415,0.36820695,0.14422716,0.44358483,0.35701776,0.38075498,0.075219214,1.4356836,0.0322933,0.17332907,0.34363228,0.34184963,0.8013865,0.22110927,2.4518383,0.36135426,1.1099249,0.009468084,0.4611054,0.5680307,0.96836215,0.07518167,1.4577026,0.96224904,0.62454146,2.5997553,1.0474344,0.90891325,0.70583624,0.8055313,0.8167242,0.117217265,0.58163416,0.5077858,0.84825724,2.3108647,1.0666888,0.0,0.023175385,1.4692413,0.2300348,0.39516056,0.75251335,0.40709522,0.011916993,1.8445965,1.5177144,1.5840037,0.5505594,0.46559447,0.16626321,0.5896751,0.6727653,0.22263588,0.65674293,0.27079785,1.4978731,2.5053294,0.32266304,0.13600755,0.83871627,0.8895683,0.6914073,0.41931254,0.42549136,0.70704126,0.3486308,0.7076966,0.15381508,0.08959487,2.8790395,0.0,1.2903435,1.46706,0.16846995,1.0421066,0.08487186,0.08656397,0.035702072,0.41484624,1.8448981,2.0112975,0.31355658,1.4561992,0.4423111,2.1448035,1.4216595,0.2669334,0.05724028,0.09072586,3.1199422,0.56047523,0.16038004,0.5539295,0.11436492,0.8466047,0.16907337,0.60902476,2.0422828,3.362883,0.34780824,0.77437234,0.2264026,0.47340703,1.2171966,0.9352334,0.42777762,0.017029848,2.489366,0.15486182,0.19279137,2.0489337,1.0110282,1.0931288,0.6533109,1.0721804,2.3359878,0.065660015,0.6936226,0.2580951,1.0737637,0.21787176,0.7561193,0.13092564,1.087722,0.0,1.838936,0.9585252,2.9781885,1.7512792,0.12268763,1.3221575,0.7885138,0.93519235,0.3943057,1.3795549,0.16979077,0.84729284,0.03346076,0.6107932,0.5656541,0.2576138,0.3602705,1.1457713,0.22984977,1.1086559,3.0504854,2.2818196,0.29097584,0.21656314,0.35629112,1.4860128,0.11999216,1.1512601,0.8337818,0.8711373,0.38652575,0.8946618,1.9565035,0.5227974,0.59342146,0.3686484,0.2566505,0.5479769,3.1982944,2.3222392,1.0638697,0.46540895,0.042709544,0.6998632,0.84760576,0.7304818,1.9887726,2.8214324,0.9575466,0.09235207,0.11462448,0.13972716,0.05657341,0.5591109,0.31521785,0.11063468,0.02018829,1.2339265,1.6665176,1.7230575,0.8820728,0.7757948,0.48795065,0.08804313,0.46738607,2.2658784,0.4866401,0.5910224,1.0628967,0.20966354,0.445098,0.03789183,0.0011259209,0.4252686,1.087073,0.9284311,0.6736633,1.1607121,0.40161756,1.2390052,0.025838578,0.47915745,1.8737066,0.41458148,1.1092381,2.1036794,0.15450035,1.6047481,0.6394581,0.03580726,0.6870684,0.41460627,0.35613358,0.77458304,0.0,0.50174826,1.3373466,1.340319,1.5502759,0.31876194,0.8069207,0.00022742533,0.39778608,0.4070753,0.5094086,1.7069938,1.371053,0.25819167,0.23928338,1.0630127,0.827472,0.47464365,0.9697226,1.6893139,1.3776064,0.9691022,0.6228648,1.0901952,0.78956866,0.15327464,2.0185206,1.0273257,0.35478565,0.075481966,1.4959012,0.3596778,0.8311816,0.14091928,0.2041956,0.97324884,1.8931412,0.42945144,0.42660123,1.3562396,2.0595355,0.029165545,1.1477773,0.6735939,1.8728838,0.18216115,0.38117084,0.6272136,1.0304905,0.5388467,1.1711267,0.44451478,0.29218513,1.3770301,0.8972558,0.13315402,0.6019733,0.07652776,0.6073024,0.24996777,0.024042804,0.14838386,0.05905518,2.7704673,0.33209524,0.9824797,0.7080386,2.20153,1.0967718,0.07757098,1.295878,1.070748,0.37445402,0.4646764,0.47244212,0.85501254,0.31766173,0.046337746,all_pothole_images\pothole_images_new_image_304.jpg
0.08626903,0.16598691,0.12322173,3.5596552,0.8770925,0.0,0.1130546,0.0,0.022612708,0.41792047,0.7252716,0.13194527,0.0,2.9675486,0.001544721,0.0021907038,0.010807463,0.95767164,0.54112726,0.0,1.1690704,0.008590392,0.11221804,0.073495686,2.9711802,0.01914509,0.03197803,2.3458939,0.0031431005,0.00026063135,0.4281061,0.026171153,0.0,0.23081379,0.000835578,0.91899526,0.50355387,0.30770043,0.94451475,0.023976719,0.0,0.74226034,0.7068583,0.9534658,0.36121088,0.020993456,0.10380799,0.27064764,0.43064934,0.024735287,0.07661146,0.18237574,0.10770369,0.08212541,0.15157774,0.811785,1.0980564,0.5795251,0.013392731,0.018150179,0.23478554,0.28788605,0.8850164,0.32243982,0.6687577,0.4002311,0.38233128,0.007938178,0.08014391,0.0,0.31345177,0.035453975,0.3052382,0.0,0.09621437,0.0,0.06772246,0.80100256,0.0034248387,0.29464543,0.0,0.3893178,0.6022517,0.9075643,0.023633659,0.0,0.16119534,0.0,1.2939634,0.00071800576,0.20892641,0.15241787,0.18785726,0.00068560196,0.1631106,0.0,0.93652856,0.94388485,0.34281835,1.2107557,0.29924074,2.939669,0.016704995,0.020796807,1.2926805,0.05900272,1.2558289,0.0,0.23240194,0.67921555,0.0,0.0019322634,0.07489711,0.2958075,0.28627846,0.068349175,9.040463e-05,0.07990394,2.6012998,0.74690396,0.9788653,8.401579e-05,0.9870799,0.6213413,0.863456,0.3236038,0.25942525,0.08057761,0.0,0.011124314,0.0,0.06069198,0.075686224,0.05104601,0.17198679,0.0,1.6011446,0.00010056535,0.7349958,0.0,1.233307,0.0,0.014886587,0.0,0.0,0.39116558,0.28601092,0.026144607,0.065872476,0.00498587,0.0,0.29189587,0.0,0.20966642,0.9038199,0.4380177,0.16935901,0.22678003,0.7943142,0.0058771037,0.88236123,2.6298747,0.27685,0.008322267,0.43547368,0.011877904,1.2672104,0.0,0.37904894,4.2048206,0.0,0.0,0.29866248,0.27291512,0.0,0.0,0.19445257,0.013101921,0.10741862,0.14366722,0.0,3.0982523,0.4442208,0.32990623,1.4521103,0.5760518,0.758811,0.8230363,0.3735944,0.7623483,0.16279127,0.14123648,0.37295774,0.020688709,1.3258464,0.0,1.8863288,0.022667615,1.5805389,0.07519495,0.0807219,0.029362693,0.008951147,0.29052824,0.044829287,0.10403593,0.0047765127,0.020659702,1.3506404,0.7904968,0.062145907,0.0,0.69550586,0.05982644,2.1217606,0.7500484,0.046573263,0.08604918,0.014138652,0.005279711,1.1876787,0.28487644,0.0034212768,0.019054726,0.0039590294,0.0,0.2184138,0.0,2.893934,0.4028623,0.14769365,0.01386389,0.45577067,0.11532456,0.42358932,0.5830411,1.6898352,0.0,0.8886071,0.9668081,0.19306916,0.0,0.33899775,0.19909301,0.0,0.0,0.45065936,0.554721,0.0,7.1604276,0.6246344,0.073744036,0.0,0.5294368,0.0,0.21943882,0.016319195,1.0568122,0.5364831,2.4114556,1.163101,1.4749987,0.2431312,0.104704134,0.38535628,0.15732309,1.5040863,0.01003673,4.1767716,0.18479824,0.5917688,0.03421296,1.4494314,0.0,0.049129732,0.6955395,0.052319612,0.0,0.007243632,0.31508422,0.5636853,0.017283833,0.5551757,0.028322963,0.0,0.76971865,0.319612,0.84309715,1.1971277,0.13317387,0.0,0.121525735,0.0,1.0109652,0.27349114,0.8382803,0.108917594,0.18229905,0.18071665,3.7229893,1.4128907,0.100079924,0.07076982,0.0,6.0356803,0.07272648,0.74346733,0.002575209,0.056217875,0.67051166,0.008561908,0.07148557,0.76240945,1.3266743,1.0464579,0.7228634,0.0,1.8987164,5.7458396,1.1780357,0.02278777,0.0,0.34591356,0.50361097,0.20296358,0.001102082,0.29697368,0.05135954,0.0029906402,0.045540538,0.9574407,0.6985575,0.008599691,0.6481211,0.2909816,0.0,4.2648134,1.1074896,0.24745089,0.2732728,0.18577696,0.0,3.5162144,2.6725016,0.7913306,0.17876332,0.10669859,0.7194423,0.93079185,0.008221646,0.15026793,0.0566466,0.0071795303,0.05427308,0.0078652,0.5627077,0.4480769,1.6990731,1.411996,0.45296407,0.3367003,0.10325999,0.2213802,0.40301684,0.066435896,0.0,0.035863597,0.058277402,0.0032918353,0.11373094,0.6588511,0.0,0.19834115,0.071983084,0.0,0.0040375157,0.1702062,0.0,0.43493626,0.06546869,1.2612513,0.0,0.3202237,0.69388765,0.71214604,0.0,1.9152111,0.06851635,0.08329309,0.4910662,1.9162946,0.0,0.0,0.17304799,0.039464165,0.15746443,0.021558428,0.1453735,0.020567814,0.010442716,0.106282994,1.2067003,0.3454757,0.11719666,1.375348,0.31829265,0.105484866,0.66603476,1.5210601,0.017752895,0.016038429,0.0,0.0014294897,0.12519625,0.032230765,0.18661566,0.11496981,0.30544272,0.24037638,0.0054486734,1.3027656,0.016646512,0.018505111,0.185709,0.57927424,0.3613313,0.052639015,0.024936153,0.0,0.045812137,0.019126257,0.0,0.0,0.10119356,0.6567169,0.0010370112,0.3050258,0.34225276,0.071745805,0.0053720116,0.2818339,0.3312023,0.051484212,0.0,0.0,0.057656128,0.0,0.10328458,0.10326755,1.3249763,4.2864876,0.7240588,0.22958456,0.0,0.009033687,0.015782336,0.045565642,0.0,0.0,0.07985694,1.2672664,0.13360782,0.72834426,0.0,0.15596703,0.06713445,0.007921665,0.001830414,0.0,0.09350876,0.069420524,0.35580412,0.0,0.28288814,1.1436837,0.0,1.0823543,0.3899188,1.2248038,0.0,0.017773509,0.21549116,1.4293882,0.013342621,0.83339375,0.0050582797,0.0,0.0,0.95597917,0.043345634,0.3596082,2.4948192,0.0,0.32133934,0.0,0.0062959613,0.13630334,0.088700674,0.0,0.0814439,0.6835226,1.6584791,0.0038208894,0.05598293,0.32984352,1.2787513,1.8915815,0.4089402,0.0,0.18694249,0.069051035,0.012143252,all_pothole_images\pothole_images_new_image_305.jpg
0.31677112,0.9787965,0.23992166,1.5550908,0.08708058,0.022020292,1.0029849,0.5002728,0.12413071,0.2542709,0.45985848,0.5946687,0.003318605,0.48934555,0.084561564,0.28472975,0.0030182493,0.22450373,0.41709062,0.100535564,0.6993981,0.28255028,0.8264924,1.549402,1.0746447,0.2131767,0.017376775,1.2289345,0.11619097,0.37395072,0.21879484,0.0404166,0.3581373,1.1619533,0.03733365,1.2055202,0.14760888,0.60376513,0.56987,0.39653772,0.32291633,0.391897,1.1131308,0.78693837,0.1267547,0.061221354,0.05963676,0.0,0.018940449,0.32890257,0.21464571,0.5452437,0.31533685,0.06184535,0.321484,0.8015479,0.7777453,0.034947366,0.44960526,0.22656545,0.4344528,0.12095805,0.14568527,0.3991844,1.2960764,2.5491836,0.32243034,0.0015527974,0.40072927,0.13610624,0.049790323,0.18030964,0.018315453,0.033239447,0.6642308,0.137616,0.072663456,0.7329349,0.119129516,0.112789795,0.12012372,0.24479656,0.21234235,1.5725585,0.2194207,0.18086001,0.0013347364,0.03385861,1.4133656,0.09433211,0.2631642,0.92395806,0.0060714683,0.006707722,0.5058878,0.02897421,0.29134846,1.0424217,0.008733781,0.13584895,0.03231689,0.893662,0.4456697,0.7281281,2.4278586,0.079509936,0.07386325,0.6588906,0.55605274,0.7751966,0.10675895,0.9422778,0.048564646,0.23846267,0.61309093,0.19927584,0.18216772,0.18760146,1.2358484,0.93790257,0.80797666,0.031396966,0.4438481,0.59861565,0.35386467,0.59190327,0.058083363,0.2968955,0.72542983,0.101155564,0.56628823,0.31718856,0.027808165,0.22936147,0.059551455,0.45637485,0.10628684,0.31156254,0.13477309,0.10034928,0.38984355,0.3294061,0.6475882,0.25278974,0.1902229,0.24830806,0.016986039,0.40498,0.19715323,0.312985,0.28190106,0.73292476,0.002420384,0.14090429,1.0266591,0.47595596,0.6108661,0.1868688,0.5354846,0.5549548,0.74073726,0.5033919,0.755467,2.5001743,0.70698255,0.15018898,0.38888705,0.04627427,0.37619907,0.926372,0.17782828,0.11507935,0.0,0.0014112765,0.040586963,1.1225994,0.12987411,0.020055264,0.0051556113,0.44663715,0.0036588411,2.6171064,1.0853918,1.8499936,1.9920046,0.77898645,0.01286548,0.20108375,0.116464965,0.92609733,0.05801836,0.034942634,0.32747304,1.1875516,0.43292078,0.31975916,2.0903852,1.0032585,0.41398066,0.42494565,0.46149126,0.12528016,0.15698516,0.2827403,0.4943094,0.13405089,0.8427703,0.3596325,1.0762956,0.9877022,0.0,0.069848284,0.08051459,0.56459624,1.2390835,1.6100059,0.6189113,0.30669045,1.3112007,0.027478244,0.8104211,0.36609495,0.06216592,0.638749,0.0,0.10428843,1.119484,0.14997947,2.2072823,0.4640573,0.12696098,0.061595064,0.10981504,0.01367142,0.8103605,0.0038289076,1.3629086,0.23959307,0.0,0.3494937,0.08469381,0.5529254,0.21731511,0.58896244,0.3331203,0.15653256,1.1709691,0.88719004,1.3174407,4.1646633,1.6637439,0.27510288,0.009351093,0.12207508,0.031437952,0.28992134,0.46398285,0.08484918,0.30896124,3.3848276,0.4776062,0.50601166,0.2098944,0.017593054,0.545753,0.4306336,0.08920757,0.37662303,0.7817494,0.72840834,0.29199997,0.06915257,0.4868842,0.46073774,0.42158282,1.2076838,0.024889106,0.1144394,0.3438243,0.028982425,0.1662424,1.0364879,0.10210401,0.28846702,0.18017057,0.56602204,1.0466397,0.066212274,0.23425893,0.005604737,0.015123532,0.0037733193,0.004055824,1.0237,0.4028794,0.2795628,0.32291833,0.090315506,0.31966344,1.7592188,0.7862684,0.6335106,0.23109712,0.016339278,3.1815856,0.0,0.4168631,0.04900717,0.0894906,0.19374438,0.36535892,1.3443141,2.3183875,1.65819,0.2778741,0.28100756,0.073630415,0.6148391,2.8111222,0.2445181,1.4539586,0.21272908,0.0,0.5368576,0.009033769,0.5161676,1.4870067,0.0140764695,0.75570613,0.39426476,2.327924,0.38056746,0.19905347,0.075657055,0.058045857,0.066317044,1.67488,1.5463392,0.22445776,0.26828846,0.1455303,0.08572553,0.45860168,1.6842119,0.3558492,0.24687366,0.14289288,0.25475207,0.21204309,0.12497997,0.007652895,0.25424537,0.08287746,0.4010848,0.0009142638,0.39709398,0.36698678,0.7567341,0.9778799,0.51803803,0.54917485,0.7340541,1.4353383,0.030628018,0.13076314,0.39438578,1.4058917,0.4682938,0.46138713,1.0305463,0.38141453,0.50470805,0.8214438,0.8857448,0.43120205,0.70162934,0.4015063,0.003091249,0.0455411,0.8820341,0.95122564,0.4325669,0.009100143,0.56306034,1.3359001,0.21349545,0.5671891,0.29827297,0.0,0.073988125,0.3358354,0.47334737,0.0924632,1.1959083,0.019267518,0.76216364,1.7485192,0.17500937,0.6382862,0.02222884,1.1294814,1.3156885,0.021901306,0.1447651,0.56906307,0.15529706,1.176517,0.1615041,0.2856766,0.32264364,0.287998,0.052156117,0.19499153,0.14481016,0.38517505,0.28673938,0.16107127,0.28684932,0.4122709,0.020913277,0.7489677,0.6773216,0.3039407,2.326885,1.2584695,0.051645532,1.6876304,0.4102165,0.11419046,0.08004384,0.62956005,0.27917632,0.3439851,0.33852473,1.0402116,0.92382896,0.33222353,0.1118572,0.24195163,0.1332226,0.5400529,0.0014545516,0.0321318,0.0,0.0,0.024423439,0.34723273,0.3116616,1.9899597,0.65507406,3.743712,0.16266233,0.279448,0.3204656,1.3967532,1.2893794,0.08583372,0.05013248,0.0067594973,0.8713248,1.544097,0.61682117,0.5043879,0.14087501,0.1464029,0.43766677,0.2158192,0.0699865,0.36256564,0.73277956,0.51332146,0.60592043,0.18357569,0.09680197,0.24534467,0.44704336,0.13834363,1.3541691,0.23950051,0.010083703,0.6413174,0.86125004,1.35257,0.24194787,0.021494424,0.22257707,0.8631028,0.06249505,2.3091998,0.13176975,0.84153193,1.5378191,0.026677316,0.15576114,0.24996899,0.02734251,0.045304123,0.019810157,0.06315895,0.4147747,0.69927216,2.7654643,0.3773246,0.044947103,0.14076245,1.0135553,0.33268318,0.4573446,0.38175252,0.16574334,0.23175146,0.0061394204,all_pothole_images\pothole_images_new_image_306.jpg
0.5270931,0.09860246,0.21587865,3.9511201,0.79602313,0.0181888,0.16070905,0.0,0.108788975,0.8788034,0.8078514,0.20390292,0.0,2.7869012,0.0,0.007896748,0.02773882,1.5029732,0.33137855,0.0,1.2797625,0.00019855196,0.20431875,0.27113825,3.4329972,0.072514385,0.025100734,2.443084,0.005980569,0.0016007237,0.10922926,0.06829112,0.0,0.53150207,0.056610275,1.2553548,0.78848314,0.6097751,1.1600454,0.0017340893,0.0022070291,0.70974916,0.8253415,0.74769324,0.5736965,0.090932354,0.4094882,0.46065754,0.6449309,0.09497757,0.12582569,0.4315211,0.047231134,0.17698501,0.28839427,1.1407101,1.0296243,0.5535488,0.01552305,0.18982776,0.24869274,0.15507926,0.46502715,0.38742894,1.3297292,0.5699781,0.43301252,0.023606677,0.12290822,0.003075282,0.5319197,0.04688294,0.37244198,0.0,0.3628061,0.040662926,0.17526329,0.94172466,0.024199199,0.27419537,0.0,0.56846845,0.89443535,0.77144367,0.019846303,0.0,0.3746467,0.00040713084,1.7637619,0.002606999,0.1248726,0.10246113,0.4405223,0.014285085,0.26138693,0.0,0.7145228,0.97527575,0.55197334,0.8621147,0.20075455,2.9480753,0.06479481,0.011403304,1.5699942,0.014130064,1.5747738,0.0043966807,0.20898241,0.6707382,0.0,0.07150392,0.30431393,0.75837743,0.59538573,0.20902617,0.0,0.21664661,2.5337608,1.3480734,1.4307852,0.002677957,0.6507754,0.6681363,1.07031,0.5469621,0.59847283,0.051686898,0.0048716376,0.13292217,0.008178554,0.24922141,0.13565837,0.030793888,0.4903734,0.06709731,1.6556879,0.085631475,0.849378,0.00039403772,1.2195903,0.0,0.05248153,0.0025066652,0.0,0.48897544,0.264775,0.08446119,0.13788527,0.011799951,0.0077464785,0.75622123,0.0,0.37662432,1.0817344,0.65232515,0.1518237,0.31335315,0.9627282,0.07997205,1.310583,2.5309122,0.4722686,0.049007755,0.44206735,0.62382543,0.9661167,0.035099663,0.3961801,4.317591,0.007795192,0.008853493,0.15704003,0.29518947,0.0,0.008923242,0.19643128,0.08716097,0.19361013,0.12865886,0.0,3.3957026,0.17888731,0.77467394,1.843999,0.47754645,1.0017225,1.2868459,0.38252196,0.8615651,0.06983749,0.21556386,0.49226978,0.012164092,0.9492941,0.010081172,1.8842984,0.0013321191,1.7896043,0.24924387,0.13774809,0.06265927,0.0,0.17380874,0.027990393,0.10794617,0.0015082918,0.037266415,1.3380718,0.69096714,0.06349994,0.002439032,0.65222126,0.100622974,2.5693429,1.566111,0.007977212,0.32587323,0.030332496,0.038763486,1.2708243,0.14293428,0.0023672879,0.091009274,0.0,0.0049513765,0.32097098,0.0,3.3690808,0.70921016,0.20478474,0.039915215,0.60191405,0.18888232,0.29371926,0.48898825,1.4737785,0.0,0.8205267,1.0961646,0.29093245,0.0,0.3138477,0.19700007,0.043230914,0.0,0.5008658,0.6535695,0.003408488,7.795919,0.5205345,0.08286817,0.0,0.6871455,0.0,0.14648125,0.053780068,1.3235791,0.7701134,2.4547846,1.672373,1.2598246,0.32439223,0.09556694,0.34072053,0.09435933,2.0389903,0.015448624,2.8710961,0.18859342,0.7979352,0.032753155,1.1606034,0.0,0.17715073,0.7383239,0.10734101,0.0,0.13447481,0.72454375,0.5863675,0.08586327,0.66325176,0.008811768,0.0,0.86703134,0.97141373,1.2682824,1.4876417,0.33171937,0.0,0.15876459,0.0,1.1879567,0.1788168,0.96801883,0.24154873,0.11192524,0.31410298,4.6555257,1.5372345,0.06987039,0.18373454,0.0,5.6831512,0.15389857,0.51552606,0.0086595295,0.14547847,0.6739204,0.023158856,0.01167192,0.6781777,1.4651407,1.7390021,0.5314229,0.0,1.7367783,6.48866,0.8772335,0.023623263,0.03931191,0.4893318,0.720738,0.3146777,0.0,0.14855345,0.11240395,0.0031935275,0.013045606,1.0095943,0.59566957,0.061102167,0.4700608,0.4718304,0.0,4.290751,1.656648,0.16746616,0.7200789,0.5218846,0.0,3.4045415,2.7280436,0.61870325,0.44544175,0.55952054,0.89187026,0.6406573,0.008587739,0.05726057,0.046938807,0.023694566,0.04495677,0.026819734,0.81377697,0.44886708,2.393419,1.2566026,0.8784707,0.4591979,0.17679545,0.61086327,0.61478484,0.18379231,0.0,0.108650066,0.0620932,0.13376836,0.1202232,0.66749394,0.0023674003,0.1249606,0.088980325,0.0,0.11121105,0.1839896,0.0059442557,0.5151634,0.01612463,1.362618,0.0,0.41936958,0.9354909,0.76842046,0.0,2.1344101,0.23675081,0.13937768,0.775856,2.1553943,0.0,0.018170707,0.1504713,0.090261295,0.12466952,0.07156469,0.140989,0.008773519,0.16077642,0.0838624,1.3843201,0.27702114,0.15785588,1.5104102,0.45635596,0.35643098,0.6311651,1.6331936,0.027158653,0.02208824,0.0,0.0014427499,0.12943585,0.070887975,0.3629035,0.12624918,0.5928961,0.457109,0.020220352,1.6236925,0.15133752,0.016978225,0.18713394,0.62516767,0.32830474,0.0,0.21447353,0.00790493,0.02465167,0.13552648,0.0035972968,0.060331933,0.29789293,1.0878185,0.0,0.27614403,0.5120255,0.0,0.0,0.5213962,0.40777487,0.040953834,0.0023593719,0.0,0.031079134,0.0089608105,0.094569415,0.22220819,1.4310867,4.640379,0.8134858,0.4950423,0.002174626,0.20775998,0.040878907,0.051398236,0.0105412025,0.0011028331,0.30364004,1.6657621,0.08347112,1.0610493,0.07748503,0.24414085,0.20622966,0.058994252,0.024052385,0.00999576,0.09198818,0.07655811,0.6496877,0.0,0.78554285,1.7876943,0.0,1.3380586,0.5354904,1.0226623,0.03893678,0.06311624,0.38139322,1.9228777,0.066661745,1.1150138,0.029107437,0.0,0.0,1.6581062,0.17420094,0.5623774,2.2044032,0.018262113,0.45057037,0.0,0.029285928,0.23436406,0.08082052,0.014105794,0.17833401,1.4847854,2.1522226,0.08028795,0.03519826,0.26488054,1.1245624,1.694434,0.45353118,0.0,0.40168473,0.038021468,0.09650018,all_pothole_images\pothole_images_new_image_307.jpg
0.66597056,4.5520024,1.6672666,1.8843567,0.9672178,1.1957184,1.268577,0.9885313,0.552964,0.8777634,0.43662867,1.3640469,0.013521296,0.43715623,0.03191738,0.01674832,1.1035124,0.02861776,0.5625918,0.079668835,0.7074845,1.0577072,0.28635857,2.9383242,0.8486004,0.73770374,0.099460475,1.9485214,0.19069077,0.60377,0.37651673,0.32323804,1.7787117,1.2021656,0.8320834,1.422433,1.5354412,1.0063581,0.37376162,1.973484,0.32609558,0.12577863,0.9109064,0.24970871,0.54161763,0.7064428,0.28635246,0.49179903,0.78580904,0.9725645,0.19046344,0.33360296,0.7612465,0.096446104,0.25716093,1.0798123,1.7924879,0.6089582,1.676406,0.2836208,0.4157753,0.0,0.3956392,0.35041535,0.4464756,1.563547,0.9764298,0.49705583,0.40784988,0.0895363,0.470893,0.30285066,0.41660798,0.37452233,0.6663697,1.5249528,0.5841455,1.1416283,0.021768935,0.8393212,1.1374166,1.476827,0.23573399,1.0757682,0.90787035,0.46668085,0.08128762,0.43370134,3.6041508,0.4715348,0.013476661,0.0691731,0.030773016,0.41560808,0.28493923,0.70073855,1.4908216,1.7232765,0.37666073,0.25171357,0.25455728,1.3428017,1.8069261,0.35141963,1.6670626,0.04509305,0.30903602,0.9683225,0.43120325,0.37064478,0.4820378,2.8739257,1.2237555,0.85620934,1.2599409,1.7529671,1.1614718,0.025093043,0.12754817,1.570627,1.0840293,0.38013208,0.23240891,0.8064148,0.058816392,0.9508116,0.46530545,1.2815139,1.0635288,0.37392983,1.0987513,0.5135078,0.021892348,0.26602456,2.0422332,1.8272331,0.032495536,0.6819771,1.3081535,0.13173267,0.81133115,0.70480406,0.21707474,0.6584613,0.59818476,1.0720516,0.024368009,0.9870297,0.30793783,0.6091958,1.2333646,0.7806436,0.03698309,0.009122985,1.7036581,1.1778312,1.005964,0.08027892,1.213295,0.49632376,0.8368337,0.058968045,0.3660089,2.6160543,0.10292922,0.16850531,0.098538846,0.6286724,0.5899527,0.23800814,0.51637524,0.16612037,0.19574486,0.0476293,1.0368036,1.069177,1.2128792,0.07609817,0.0,0.29062566,0.3276758,1.1259936,1.9801407,2.335478,1.823835,0.34683865,0.046962865,0.4911587,1.59094,0.758028,0.8389819,0.1060324,0.55142593,0.98781365,2.1897094,0.16362758,0.31719506,0.109982334,0.50220543,1.4255656,0.6852733,0.9835104,0.22849417,0.06446066,0.7079427,0.75934654,0.6121696,0.72313595,0.22499663,0.064289674,0.05763262,0.041292842,1.8005562,1.882597,1.2853528,1.8545742,0.5304362,0.17644082,0.65153134,0.45773584,1.5239946,0.027462076,0.29686823,1.5404476,0.0,0.47084123,1.2131408,0.7685308,0.47607866,0.82273054,0.59178585,0.036998253,0.80431324,0.0066157663,1.4074678,0.012069925,2.4771364,0.058193326,0.0020238494,0.1476763,0.47725898,0.34990746,0.44688898,0.12981099,0.908775,0.0,1.9073114,0.32003748,1.1206617,2.6701338,0.56540614,1.1286961,0.44531786,0.7063647,0.004854508,0.05223419,1.6742184,0.21586126,1.0868851,3.0635898,0.040550042,0.3330666,0.7385464,0.6066512,0.090656765,0.3410081,0.25186974,0.4241295,2.4835806,0.5317736,0.5608129,0.072602585,0.10582649,0.33056766,1.1172512,1.4066097,0.47156742,0.31607348,0.315651,1.6972946,0.0,0.6480873,0.13344339,0.36717978,1.0994964,0.07829568,2.021358,0.93677574,1.0800872,0.055815965,1.1589233,0.21680649,0.11168242,1.2855524,0.87402123,0.12559375,0.5502011,0.0,0.7170721,1.0195098,0.5073351,0.5143907,0.44545722,0.38677812,3.076263,0.33602756,0.014422129,0.976382,0.16397114,0.4692222,0.25513974,0.5723079,3.2634022,0.54680073,0.210727,1.3605932,0.31385568,1.1300231,1.1176728,0.78937745,0.066444755,0.017741589,0.12366454,0.0,0.6510144,1.9229966,0.9752571,0.74354994,1.9859046,0.31307274,2.7571173,0.89780986,0.61503077,0.019383796,0.04443646,1.086709,1.9516418,0.0,0.0014042375,1.1900133,0.82746595,0.5253341,0.58894384,0.58903253,0.5616191,0.13997656,1.2508076,0.18901828,0.11457044,0.26311156,0.09552015,0.6288826,0.08710709,0.44627294,0.5032247,0.027707767,0.61282444,1.2424476,0.15535735,0.6558406,0.5774129,0.41511694,0.90770924,0.94992626,0.036413237,0.6450559,0.72698504,1.0120649,0.48015827,1.1630685,0.6198246,1.1037344,1.0631776,0.38200945,1.553213,0.38203654,0.22298212,0.10063139,0.6186708,0.4929931,1.0760982,0.6098041,0.14290959,1.5739609,2.8006144,1.168909,1.6623446,0.7596308,0.35499588,1.4289538,1.8850636,0.36927393,0.19937432,0.5216343,0.040939678,0.23539838,0.96260387,0.42760903,0.16213228,0.07921533,1.1562746,1.4384348,0.20706691,1.1666005,0.23507915,0.7430865,1.6718264,0.97456425,0.23768234,0.45078352,0.29466176,0.83233136,0.3849986,0.53733516,0.044213552,1.3102597,0.56811076,0.58606225,0.81369376,0.038825557,1.3482648,1.7953054,1.1464347,1.8563062,2.8182764,0.6676903,0.8382892,2.9741378,0.50699246,0.42704228,0.4671991,0.0327955,0.17714535,0.7996573,0.42412573,3.9564724,0.56011575,0.52129763,0.9409377,1.1202184,1.0683336,0.13673066,0.65587866,0.1043481,0.47937575,0.15173285,2.14409,1.0723598,0.8547867,0.6318963,0.48489177,0.87673855,0.9564743,0.44986933,1.3111027,1.8782793,0.6730457,0.60188574,0.29044893,1.0270687,1.0853211,0.4105596,1.3894818,1.4116572,0.19733517,1.2119502,0.22863878,0.06590212,0.88291013,1.0786953,1.7168076,0.30471972,0.7242112,0.39334512,1.467382,0.10754927,0.0,0.8413601,0.280752,1.4428965,2.962658,2.6376972,0.769031,0.13409814,0.2747625,0.18811518,1.6579493,0.09768985,0.37852752,0.1668487,0.95716906,2.3461514,0.1857809,0.15117481,0.12751552,0.13326491,0.4064545,0.05787821,0.1048063,0.29630473,0.6539897,2.6271434,1.0305722,0.4559725,0.3122882,0.49796504,0.026393516,1.5704906,0.77294666,0.84246045,0.4497915,0.0,all_pothole_images\pothole_images_new_image_308.jpg
0.99686265,0.54953796,0.22722584,1.6301712,0.5865916,0.09638584,0.4045418,0.3301592,0.067788,0.2574499,0.37016886,1.2357733,0.02135284,0.5496597,0.25606865,0.17522605,0.034709904,0.75116706,0.14648597,0.25780383,1.0082814,0.9214554,0.65372217,1.1182357,0.27069598,0.34115595,0.60490954,1.4493928,0.08588355,0.9364004,0.020719074,0.13245398,0.09988251,0.1601321,0.070949055,0.9953703,0.5760477,0.4192519,0.5974608,0.52025044,0.1444047,0.23817813,0.21239474,0.275506,0.32797673,0.1702136,1.2683313,0.2773173,0.29091647,0.156722,1.476912,0.5405418,0.09786045,0.19474916,0.076708175,1.4290408,1.3762057,0.12868486,0.06519157,0.532094,0.10818357,0.017282235,0.82609636,0.33824202,0.7432534,1.152937,0.19976838,0.3839232,0.49086612,0.76005334,0.50113267,0.51534957,0.004488443,0.0018042332,0.14051944,0.022038853,0.08156768,1.8278084,0.06573353,1.0690565,0.022600485,0.07331735,0.86501247,1.9404726,0.9988752,0.8081066,0.6215357,0.119301446,0.29331845,0.36610353,0.6232967,0.056217823,0.17695992,0.3539396,0.46473747,0.74745303,0.19134976,0.7104735,0.07125384,1.8493887,0.4662298,2.8355563,0.46289957,0.26866442,0.22114494,0.048841562,0.01969458,0.082541004,1.5601517,0.30600402,1.6744117,0.08361468,1.2387954,0.1517137,0.6365281,0.7742241,0.82975906,0.4749216,2.0004356,1.23892,0.579712,1.0588862,0.5929734,0.96304476,0.2870099,0.77047664,1.0020344,0.50545996,1.2157589,0.0,0.33522287,0.017583426,0.9991832,0.031885374,0.006364925,0.016307993,0.0142816715,0.30951267,0.3992579,1.0135318,0.8347765,0.24741977,0.34365517,0.5803079,0.035099857,1.2080101,0.118651465,0.2009038,0.66270214,0.25187522,0.40267867,1.2845443,0.43197173,0.0,1.1397293,0.51669586,0.48928535,0.95000595,0.37000299,0.57253104,0.32091004,0.63454294,0.6514214,0.7166022,0.2202654,0.16760682,2.9357543,0.22622481,1.3395278,0.5817508,0.4855082,0.011874671,0.040894873,0.37294692,0.42178485,0.35537136,0.025739698,0.001617637,2.549478,0.012877025,0.34568778,0.40736896,2.0013983,0.3767,2.676929,0.00058972434,0.3593396,0.93108773,0.31091434,1.236007,0.42263785,0.009305893,0.04451525,1.2832689,0.73401874,0.0033664093,0.49084297,0.5169749,0.79573214,0.122920446,0.046646204,0.92655444,0.40723926,0.2983378,1.0497683,0.524425,0.95535594,0.41292217,2.3510995,0.719863,0.00080949586,0.049147837,0.6736202,1.3083293,0.8410017,0.13321756,0.86203444,0.823333,0.07351854,0.9303472,0.07912551,0.6862478,0.43980804,0.35056716,0.15132205,0.31139588,0.57859975,0.0036453328,1.5181566,0.10249336,0.2189933,0.28771386,0.4525721,0.0,0.69037455,0.0,2.0803378,0.62199104,0.014493926,0.5532951,0.08551048,0.29131556,0.051379107,0.057727743,0.86217916,0.030425202,0.31833878,0.018854357,0.22782117,6.008584,1.1752758,0.14556305,0.45575386,0.010523186,0.13944434,1.4447948,0.52196056,0.5766965,1.0162655,1.6771209,1.0227698,0.3224226,0.22874941,0.70274454,0.14243291,0.19787686,0.10647257,0.3380949,1.1414131,0.06240249,0.22254083,0.056361824,0.007082048,0.1426436,0.14190176,1.0628972,0.06468215,0.2602206,0.36629346,0.62886643,4.016577,0.06530534,0.43424726,0.18105574,0.056933198,0.056732807,0.049864538,0.7023531,0.73727185,0.71958375,0.2891959,0.5494841,0.0800337,2.0088465,0.2978843,0.4602496,1.4209092,1.5398118,0.1974937,3.0125,0.029136993,0.37648606,0.6575796,0.4799659,5.46979,0.87857646,0.16584851,0.17969057,0.046012353,0.07313764,0.148313,2.1729307,1.1573735,0.84710604,1.101064,0.26613978,0.24446705,1.4523399,3.1641927,0.20711882,0.082032315,0.6083897,0.16419321,0.01401936,0.25784886,1.1436452,0.504328,0.6026951,0.8539803,0.3628659,1.2666254,0.005456011,0.4733054,0.58963346,0.015540275,0.02201598,1.3843465,1.1173357,0.079469055,0.8268224,0.6676747,0.12943684,0.63628817,0.36057225,0.74307156,0.57829815,0.19477883,0.17889227,0.5854745,0.39306292,0.33883366,0.034393657,0.17883067,0.9598985,0.65001297,0.0975147,0.48452035,2.741668,0.038335245,0.13162662,0.49843386,0.37965536,1.0077482,0.30713186,0.092453815,0.11160772,0.9584134,0.2654886,0.43054694,0.0,0.73796237,0.016622558,0.120035365,0.18393618,0.6270246,0.21445924,0.4299525,0.3978274,0.7775382,0.98493016,0.58546126,0.08868414,0.7074778,0.31874752,2.0792174,0.90692556,2.2799094,0.29703316,0.31275976,0.189672,0.01833688,0.019511195,2.6018526e-05,0.53851306,0.23810759,0.13584895,0.88994,0.45429495,0.4087331,1.2999443,0.065015264,0.11301255,0.19522476,0.8669619,0.27644888,0.0057063517,0.92346317,0.80445224,0.38452122,0.17898868,0.5677625,0.8997376,0.0074982834,0.11496602,0.0167295,0.35710183,1.287409,0.8192979,0.06695974,0.1142608,0.3544848,0.6266999,1.242232,0.16570018,1.4926432,1.8326757,0.3946312,0.14472449,1.1517245,0.17058225,0.40203533,0.84202325,0.084712215,1.0108632,0.3240494,0.6714839,0.87578785,0.054253865,0.37257308,1.0448912,0.14753744,0.37195516,0.36000395,0.42731315,1.3578236,0.2504365,1.5160314,0.021484418,0.102994874,1.8361679,0.8366736,0.85851336,0.062239625,0.04424466,0.54028624,0.609545,0.4506142,0.06443185,0.38587272,0.8374012,1.8488349,0.46326306,1.1105288,0.5838908,0.5303888,0.50369143,0.22597478,0.04596698,0.024428446,0.7255451,0.031863663,1.2636309,0.404237,0.42803577,1.1023619,0.103563756,0.08432538,0.8745598,1.060601,0.14275448,0.53640777,1.2663468,0.69215065,0.38738465,0.44663548,0.39041328,0.5981519,0.0,0.36425278,0.021856427,0.2559451,1.1791226,0.2699576,0.5706985,0.34285417,0.4772323,0.11823901,0.22129111,0.3971629,0.31693554,1.0365208,3.0595062,0.03863739,0.18754761,0.33472064,0.37228054,0.23640998,0.004881503,0.3308607,2.4013848,0.7611265,0.12771088,all_pothole_images\pothole_images_new_image_309.jpg
0.14290918,0.21594805,0.055968083,3.1067302,0.60637355,0.27592054,0.58860505,0.0,1.0425893,0.5659104,0.14347099,0.24482918,0.2976681,3.015149,1.0206565,0.6200784,0.24160373,0.62992895,0.63685375,1.1844718,2.1199121,0.7925354,0.645686,0.16014557,1.468828,0.2087963,0.34668094,1.4263175,0.94063896,0.19153774,0.3704493,0.020388326,0.27294394,0.5902811,0.13586874,0.17970237,0.9106082,1.1319275,0.8689129,0.02759233,0.40870667,0.67132676,1.6526082,2.5701497,0.5608168,0.27759302,0.109632425,0.0,0.06873725,0.08692169,0.54327655,0.03753113,0.0,0.98154426,0.1604776,0.16469215,1.8669009,0.0,0.06942441,0.95712894,0.20595813,1.6291398,1.8709103,0.73685205,1.420956,0.28708273,0.1761135,0.7861851,0.31779328,0.71297735,0.5099829,1.2018132,0.3104155,0.07991142,0.7958019,1.1419697,0.8385338,0.49391067,0.057185065,0.4708589,0.5307298,1.1674068,0.5737955,3.1603332,0.63592213,0.100475,0.22988608,0.13901648,2.1081471,0.65824795,0.103735656,0.48988888,1.7766103,1.0150405,1.2814082,0.029598271,0.15543905,0.50539666,1.8292685,1.6249751,0.13019405,3.0410368,0.36081684,0.0,0.24490392,0.26059678,0.45078805,0.7188851,0.15898949,0.45345458,0.8435524,2.003483,0.34083226,0.35176206,0.82978004,0.09715672,0.0,0.08804023,4.1788836,0.6504657,0.74923754,0.032489553,0.11730735,0.31995255,0.9023769,0.23993362,0.017908767,0.008100168,0.10365614,0.26822528,0.32450542,0.03692845,1.5305138,0.52354527,0.503394,0.82070196,0.97675097,0.39886272,0.80895853,0.11155362,0.38857377,0.6232228,0.47105283,0.08298177,0.27076066,0.24616708,1.3776156,0.0077050845,0.6900937,0.41618642,0.036587477,1.238975,0.32583746,0.38361523,1.2285693,0.23648086,0.12474111,0.10343858,0.7569364,0.6113205,0.4201175,1.4437209,0.46623167,0.3549763,0.38136563,0.91573596,1.1904632,0.008176032,0.93575734,1.2811351,0.44814456,0.87274563,0.6659857,0.61161083,0.07914101,0.011087263,0.9934542,0.019343639,0.083535634,0.31350088,1.22191,0.5708215,0.11085775,1.0970496,1.2428961,1.3402735,0.31701207,0.6678905,0.4586599,0.9338979,0.22178811,1.2384523,0.044540167,0.6429115,0.40576047,0.67451936,0.894145,0.2039439,1.6246251,0.07818134,0.69935876,0.40351146,0.009015948,0.4257062,0.81898916,0.39161962,0.027644193,0.019897483,1.0559236,1.3967917,0.46268457,0.64213675,1.9761305,1.4044755,0.10148943,0.18477213,0.6588138,0.06589673,1.7035067,0.58823174,1.8566332,0.0,0.5355437,0.3973594,0.21147776,0.58333945,1.0991427,0.0,3.6460145,1.9557403,1.6706,0.5265428,0.9555552,0.11708347,0.18229924,0.17999054,0.5823124,0.022968112,0.12338359,0.21816865,0.47776935,0.33800277,0.025125455,0.7118315,0.043215264,0.09879274,0.6641815,0.9604343,0.21634097,5.3486633,1.2018764,0.3813251,0.075309604,0.310812,0.025955392,0.0014344454,0.64945,0.0,0.737317,2.463361,0.551813,1.3103476,0.06926177,0.765809,0.099299595,0.0,0.04230201,1.0236187,0.528405,0.44540188,0.14414698,0.031986926,0.71624273,0.027913954,0.055585932,0.9073846,0.87029064,0.18918782,0.02135378,0.29617074,0.25457424,2.277214,0.0328018,0.5525155,0.8885252,0.84364116,0.9639319,0.7873803,0.022578653,0.29644224,0.13420846,0.5116904,0.26261786,0.74723023,0.82069296,0.6251459,0.74892277,0.80286855,0.0,2.7713351,0.2649717,0.40656465,0.22851066,0.25094175,3.387724,0.83234686,1.2988813,0.043514635,1.4429528,0.6392967,0.14787883,0.61755574,4.247439,0.55724686,0.20379066,0.77598727,0.6288779,1.5905892,3.6403883,0.6014159,0.09438856,0.23907225,0.16945682,0.18479317,0.12666386,0.17184724,0.4251906,1.1624506,0.029757328,1.2021858,0.5002085,0.37931797,0.0077109654,0.3777765,0.7741666,0.9233449,2.9467728,0.42302272,0.21325079,1.0472895,1.6688883,0.27848378,3.1021564,0.17116223,0.8447158,0.16846192,0.69430804,0.51228327,1.6468477,2.0211945,0.3377383,0.1561974,0.124181084,0.38222635,0.7265249,0.44838732,0.25024092,1.1069534,0.5614988,0.84051794,0.26389274,0.4426051,0.0,0.6773314,0.07146924,0.9920228,0.17795347,0.20925593,0.63076377,0.4717567,0.4501105,0.84211504,0.23206846,1.0238063,0.21706674,1.1208153,0.64661586,0.19123843,0.22778982,0.9679099,0.74799114,0.08656271,0.2387835,0.8813927,1.025649,0.43706086,3.222404,0.6387761,0.6930612,1.3637981,0.48723158,0.0,0.0,0.864354,0.0,0.66593885,0.74670076,0.009888108,0.17752369,0.5180187,0.7208932,0.42196408,0.39594182,0.36065346,0.8314668,0.6421774,0.78402406,0.21732585,0.50438875,0.04477184,0.08813941,0.0,0.09034875,1.6946235,0.29915088,1.0670247,1.9322009,0.067388855,0.4976715,0.38698572,0.31262657,0.9297633,0.25826535,0.06267946,2.0312858,0.87104344,0.5196346,0.17369959,0.4549491,0.31016746,1.2387223,0.33787385,0.2579235,0.057086777,0.6840099,0.6266073,1.2772982,0.40763503,0.41711152,0.65722746,0.45192927,0.37750936,0.16194403,0.13753983,0.014499307,0.6795215,0.85330486,0.03566283,1.421806,0.75511277,1.1176127,0.94568664,0.9021117,0.005832361,1.1570886,0.18535356,2.3595426,0.23085086,0.74796355,0.6412485,1.1329703,0.5034401,0.36212847,0.55210614,1.1689901,0.57781255,0.38445196,0.25103325,0.116258524,0.2716444,0.17912725,0.06985097,0.97714293,0.0,1.6696978,0.49924764,0.9894918,0.062929384,0.42397285,0.13432497,0.3256031,0.5718306,1.0893751,0.0022926533,0.024850491,0.5964819,0.07792646,0.88198704,0.49773005,0.42848516,0.10263844,1.4832907,0.23908433,0.014484299,0.31683958,0.59659266,0.25094256,0.5837545,0.06498764,0.004243497,1.0127649,2.3815525,1.2501214,0.0,0.7661322,0.5732859,0.106423356,1.2212174,1.107685,1.1507294,0.8154426,0.68531835,all_pothole_images\pothole_images_new_image_31.jpg
1.7165961,0.8131715,0.47706756,2.1778188,0.09244418,0.62143296,0.18117742,0.14687723,0.1610021,0.50858814,0.32292175,0.62383765,0.3707101,1.8095138,0.6893276,0.10384725,0.09814008,1.6235377,0.13782339,0.74697226,0.6802084,0.50543946,0.3344206,1.6872658,1.1073332,1.0045094,0.8966169,1.3426651,0.36640817,0.0769897,0.3308674,1.0377296,0.9384901,2.0530512,0.9281347,0.7028916,0.79267806,1.6063986,0.17189172,0.50249505,0.23131934,0.54844284,1.5721569,1.3991312,0.7062431,1.8865484,0.68750125,0.018757677,1.8426063,0.6296912,0.9524223,0.1355617,0.565114,0.16613843,0.4593895,1.3086152,1.5164273,0.23618987,0.75298214,0.121613055,0.19151968,0.26405886,0.756099,0.96360993,2.0859196,1.9399132,0.17566657,0.027417187,2.6564028,0.49973366,1.5096035,0.4896441,0.7402458,0.98905146,0.80022866,0.49370497,0.4292524,0.83732045,0.017816186,0.19526958,0.051003348,0.53034055,0.1277631,0.13860862,1.055648,0.92969817,0.69778955,0.15781061,1.1128964,0.5888553,1.4743365,0.23489279,0.87549454,1.3859591,0.15812995,0.123000756,0.8805566,0.7633512,1.0953947,1.6337591,0.102734536,3.1409302,0.65397346,0.4958391,0.44586843,0.8485973,1.252839,1.877176,0.64770997,1.0897009,0.23771344,0.6602208,2.9124703,1.0773548,0.19369128,0.376869,1.0759583,0.17443575,1.9030691,1.7162817,1.5797086,0.19830297,0.24773605,0.87911946,0.8162689,0.6575371,2.1167715,1.6327461,1.9403712,0.4758774,0.7925382,0.0016235587,0.00694108,0.1754977,0.3855022,0.46120974,1.0268219,1.6670482,0.008125005,0.27047086,1.045835,0.25867864,0.6373648,0.2552527,0.8639204,1.8118134,0.0,0.95601743,0.6070168,0.29892525,0.41233477,0.4011341,0.18421656,0.044025023,1.2466242,0.23389049,1.8266059,0.06407139,0.9183282,0.5257831,1.7994852,2.511786,0.54226446,0.25706187,0.2044837,1.227674,1.2556216,0.28029102,1.7306587,2.5406117,0.14524074,0.084602214,0.8889332,0.12726833,0.87054026,0.9253498,0.868629,0.103970654,0.92653155,0.34832972,0.4706122,1.9952323,1.5206558,0.54724896,0.80109775,0.8790625,0.01125333,0.6994381,0.9100278,0.023516966,0.3931725,0.6728667,1.0711626,1.7585701,0.80189186,0.81396544,0.8023286,0.14932609,0.54712665,0.5140683,1.6337186,0.7311303,0.25670293,1.7793361,1.4033571,0.013086957,1.4684464,0.38337225,1.3966575,0.84488744,0.09653145,0.13803865,0.8114114,0.49631914,2.1613894,0.85722923,2.4432223,0.4211322,0.0,0.3900911,1.1795634,1.7642728,1.1260087,0.0569305,0.056516502,0.47513834,0.9985462,0.6377519,0.69109035,1.469999,0.39277273,0.32041907,1.0139304,1.0565447,0.76678276,0.12501144,2.7193995,0.19359837,0.72419286,0.50665534,0.5223204,0.4992522,0.83398044,0.2874968,0.80586267,0.07045542,1.0307531,0.716118,0.025063742,3.6511772,0.9106552,0.17233111,0.57718796,0.31911823,0.02474972,0.58707577,0.7438505,0.49474958,0.8405648,2.6603873,0.8247534,0.24292937,0.7736804,0.99959654,0.114486635,1.0167223,0.33441088,2.0692375,1.0055399,0.59500074,0.62667674,0.059040915,0.23093028,0.70827675,0.23494117,0.22129206,0.586407,0.8662282,0.48362684,0.9510799,0.41953683,0.032816943,0.081992544,0.115279004,0.6087169,0.051502075,0.8611062,0.9189593,0.91173124,0.8963347,0.51523495,0.9007495,0.24542856,1.0745794,0.6359713,0.23833527,0.47789615,1.7653066,0.23752418,2.2063723,0.065235645,0.7248149,0.32331574,0.21712781,4.450346,2.0443547,0.0,0.1796187,0.03516408,0.768396,0.41277415,1.5616978,1.0503005,1.3756914,0.7563881,1.5693824,0.008443802,1.1412481,2.1349018,0.13566633,0.36403343,0.0055841226,0.34652916,0.07724136,1.6304088,0.3806192,0.3515296,0.1758452,1.0175791,0.30485263,1.3498647,0.49907556,0.0819227,0.62567157,0.38699,0.24545506,1.4160305,1.1641104,1.5308017,1.7411938,0.2021852,0.38905212,2.9720006,0.3863527,0.95132655,0.7997536,1.4125485,1.0858089,1.786147,0.24157308,0.63309616,1.0303624,0.20630926,0.5940458,1.535014,0.2663905,0.053917438,1.4286857,0.13573359,0.22817874,0.6623329,0.439593,1.144343,0.15728626,0.09199003,0.0,1.035145,1.1995952,0.6301216,1.1076685,1.1878643,0.770453,0.53339666,0.028939731,0.6521478,0.3301049,0.4191816,0.22127534,0.8243279,2.3400354,0.6825326,0.2873439,0.57604545,0.55917597,1.5727081,2.3383834,0.04195989,0.0,0.00073159224,0.9424469,0.15349713,0.4660262,0.038476788,0.23426063,0.18781872,1.1330588,0.73862314,0.7928286,0.11935635,0.47399262,1.79826,2.6234095,0.8882793,0.20250884,0.04188656,0.81214964,0.36409104,0.7467627,0.8230563,1.2715443,0.6940854,0.7233541,0.114248626,2.6065893,0.017556507,1.8519257,0.73816794,0.7887622,2.2392094,1.3721416,2.7635715,0.78783303,0.63779116,2.1784873,2.2186935,0.0,2.093867,0.4923148,2.8622966,0.5932088,0.37246883,0.830032,0.4754406,0.6998591,0.7225415,1.5535392,1.8078896,2.403306,0.2330316,0.8227877,1.3019415,0.31097278,0.15328313,0.11515011,0.27756876,0.17818816,0.26127085,0.15552446,2.2424958,0.49586704,0.68352383,0.44355768,0.0145780295,0.6379437,0.61919385,0.80078995,0.8057138,0.50566053,0.9121263,0.6220277,2.2756405,0.6829155,2.3805282,1.0485704,0.89901936,0.0018165058,1.158097,0.28470942,1.2108022,1.0181977,0.51660013,0.98230225,0.29752615,0.040436145,0.817735,0.029102288,0.8790902,1.4389088,0.48820475,0.118604265,0.16949898,2.4191957,0.24538001,0.858456,0.22630274,0.08125075,0.45813105,0.44311643,1.029497,0.08800495,1.1985158,1.1542591,0.42959088,0.18587825,0.712459,0.42100653,0.21224877,0.22095832,0.50371563,0.7287163,0.9136343,2.5728602,0.277746,0.014913719,0.5525398,2.0194886,1.1807619,0.11709106,0.9106956,0.80601764,1.0131948,0.71974725,all_pothole_images\pothole_images_new_image_310.jpg
0.114173844,1.9654522,0.25299332,2.217623,0.7867874,0.2781388,0.6758769,0.5724516,0.113528855,0.18039043,0.38470295,1.1449227,0.5275104,3.6390376,0.01778349,0.15571252,0.9019389,0.16080083,2.352711,0.32275677,1.3754829,1.931,0.47828186,1.3153994,1.0274528,0.49194464,0.14503387,0.5869406,0.6456735,0.11247732,1.7671728,0.83154327,1.0844172,0.08539621,1.2045659,0.76524913,0.94866323,1.5599576,0.31390926,0.61524224,0.35743603,0.011417629,0.48405245,1.2191288,1.0567307,0.42471555,0.12417806,0.042958595,0.29424196,0.50939876,0.680463,0.09974571,0.72026294,0.5655754,0.20640653,1.2134885,0.2995653,0.08903401,2.609341,0.17341202,0.92368704,0.70387936,0.23271435,0.32249972,0.63163084,0.77199274,0.42670408,0.3996866,0.36431852,0.03329295,0.61133915,0.7535016,0.49898955,0.30849838,1.2574999,0.8383251,0.19299768,1.1359828,0.29360068,0.031786136,0.266145,0.49631158,0.12214856,1.0699295,0.5167036,0.4096383,0.23627436,0.068507604,4.1129847,0.0,0.1402557,0.052988898,0.27851167,0.72915804,0.08836756,0.0794319,1.7583628,0.4990165,0.7189411,0.8216243,0.046486028,2.5755467,0.16988471,0.7892738,1.2505916,0.7464401,1.3855418,1.0812238,0.006294285,0.013655999,0.11568969,2.9015293,0.7989643,0.50866187,0.60474193,0.83769566,0.72694707,0.85144633,0.9748596,1.1764412,0.8115118,0.62244236,0.65443915,1.8793287,1.331372,0.43169454,0.29497573,0.84280163,1.702968,1.1559885,0.37428197,0.23993823,0.40938652,0.43159974,0.21463136,1.0384979,0.0264407,1.5090955,1.1811199,0.77804416,0.24551782,1.1306205,0.012187372,0.8426553,0.5744485,1.3191863,0.16469808,1.568217,0.22316496,0.5820546,0.5433448,0.6045144,0.021316348,0.24267764,1.3555416,0.6000844,0.18204969,0.28078154,1.2934214,0.35235798,1.1915008,4.406283,0.21648815,1.6529169,0.41108328,1.3155309,0.41705856,0.09461851,1.2164832,0.9920223,0.5906119,0.0,0.2777797,0.47521567,1.0314074,0.22334422,1.0965754,0.16245906,0.009201141,0.0,0.6349753,2.3784401,1.624244,1.085703,1.485851,0.35475492,0.34833363,0.7861021,0.8674732,0.54358137,0.433813,1.6890786,0.17153639,1.1380689,0.22629333,1.3545883,1.4200156,0.94234776,1.7161192,0.6868632,1.1175566,0.9646483,0.4944522,0.29283944,0.9536439,0.18654169,0.28467917,0.5519828,0.33782786,0.06749234,0.022670818,0.3185623,0.9559284,1.4372078,2.0716481,1.2830335,0.69870436,0.035484426,1.0995399,0.16186196,1.3668576,0.088693805,0.43131116,0.785053,0.11314161,0.20767874,2.337852,0.026698329,0.0087698875,0.55437255,0.56953764,0.6167091,0.98598176,0.57204014,0.19613168,0.37370586,1.6480834,1.2564552,0.17856963,0.21317883,1.1838281,0.43446434,0.34700155,0.2715223,0.66952676,0.057429362,1.3376611,0.33565193,0.49811116,4.6876884,2.7577221,0.019427694,0.09471449,0.11316971,0.15443495,1.9735389,0.67340785,0.2229348,0.55615634,2.8211122,1.2279116,0.1234684,0.4026574,0.35412818,0.026720604,0.04697712,1.4086957,0.15039793,1.3275106,0.40013278,0.41248816,0.027348613,0.20546636,0.92540646,0.5221906,0.9342667,0.66796756,0.835142,0.8776988,0.851252,0.017936772,0.8680761,0.6181808,1.1116213,1.5196365,1.1805867,1.0252222,1.6292874,1.5975211,0.052497026,0.16816513,0.6242104,0.5593517,0.7484674,0.60484576,0.4010262,0.26313743,1.0815096,0.2961684,0.65402514,1.2595222,1.0545672,0.10935049,0.39156738,4.1412196,0.46178684,0.03994276,0.8091359,0.6527551,0.37081632,2.84991,1.3614978,2.2548351,0.28961182,0.013822531,0.31841162,0.28700274,1.1915158,2.0245156,0.3276488,0.52721024,0.13908385,0.0060741366,0.22596732,0.6384521,0.49960038,0.020375008,1.087797,0.5637662,1.19814,1.4588872,0.5272105,0.17833732,0.30071002,0.25132006,0.33417892,2.2054904,2.2418053,0.6077533,0.17434968,1.8762871,1.2987789,0.04695343,1.1760895,1.0144699,0.7011023,0.7604775,0.36490217,0.34766418,0.16231969,0.5676263,0.57280755,2.136355,0.22283904,0.42927384,0.08854797,0.519836,1.0630239,0.9005013,0.41101423,0.12274327,0.24649404,0.0,0.5218372,0.051005177,0.5581681,1.0720052,1.0041287,0.11590977,0.31922007,0.5118815,1.1356639,0.29442915,0.07134446,0.7557925,0.7971326,0.03636627,0.28548905,0.2699279,2.095765,2.0378456,0.38303417,0.86276555,0.56528604,2.6444004,0.22134247,1.1968517,0.82801145,0.7474859,2.6016576,0.8781274,1.078852,0.08210472,1.1970363,0.18474504,0.47118753,1.4000801,0.47730368,0.25539988,0.09311017,1.1366726,0.046394683,0.44149882,1.4549292,0.035579663,0.5270402,0.28131452,0.22983319,0.084914334,0.16568457,0.109729044,0.23935167,0.3726831,0.9333486,0.0146568585,0.38595635,1.0479722,1.3662359,0.57597095,0.15094659,1.751535,1.3936219,2.4267995,2.4315035,2.5073638,0.69161475,0.8864599,3.0767522,0.8600573,0.48941535,0.3282504,0.26101482,0.5597693,0.021524973,0.31339243,2.0070903,0.2058739,0.10472895,0.47690746,0.16120541,1.248403,0.73889613,0.12094317,0.023229424,0.04931406,0.36931413,1.6905282,0.18584003,1.1217564,0.4575927,0.55219203,0.79883385,1.2781601,0.33856177,0.860622,0.82462907,2.7603405,0.34981364,0.7787882,1.0744632,0.5590536,0.27135867,0.37911338,0.29822627,0.9011804,0.9927028,1.0244167,0.24281695,1.1451228,1.0769267,1.0394461,0.94486135,0.6207456,0.7157613,1.7627579,0.2082407,0.908881,1.4076418,0.39625505,0.27517948,1.5739,1.5488938,1.4535347,0.55062604,0.07906024,0.1562486,2.158013,0.0,0.604022,0.29746565,0.6587367,3.1338336,0.13979052,0.32283187,0.008393726,0.08836978,0.4335985,0.28557947,0.28471246,0.6044452,1.2587847,3.1044285,0.58276606,0.29858792,0.503742,0.14608873,1.542436,0.39821446,0.22384588,0.97380537,0.64057297,0.30155575,all_pothole_images\pothole_images_new_image_311.jpg
0.043976933,0.70584184,0.48310006,2.5666146,0.83790916,0.04800706,0.18508904,0.0041773315,0.8191941,1.3105298,0.16556595,0.12024649,0.15468109,1.0234586,0.55055237,0.053883616,0.5413896,0.04094812,0.42730674,0.7910564,0.79549825,0.49146938,0.77711344,0.51893723,2.2116907,1.9063199,0.49925575,2.1130393,0.0,0.1005204,0.7725266,0.12208013,0.2615222,1.7445323,0.2204876,1.2203642,1.2296374,0.7091002,1.7773113,0.051628694,0.40398693,2.729472,0.811659,0.2957181,1.0998629,0.40922228,0.31360015,0.5612176,0.8823793,0.6736122,1.0332096,0.63059694,0.19747227,0.94632906,0.6522971,0.5508382,1.79563,0.0,0.13117668,0.22924286,0.031547558,0.65062106,0.64388037,0.7046807,1.0037959,0.20701745,0.3234574,0.060553797,0.28874633,0.6859453,0.056868337,0.06697213,0.21967927,0.0049980213,0.30491364,0.17328128,0.3495044,0.6458128,0.12677073,0.26728252,0.0,0.4230845,1.3645993,0.8378891,0.93273264,0.015615509,0.028285928,0.00072455924,1.1943154,0.36638224,0.51992744,0.8842664,0.6417392,0.3675924,1.2543614,0.00995616,1.3495755,0.6429063,0.6307179,2.1074135,0.47993684,3.5009084,0.5826787,0.9746771,1.264054,0.3948967,0.9870174,1.1693403,1.184195,1.168366,0.7866836,0.26661822,0.66465414,0.1407125,1.464391,0.7798318,0.28142783,0.07763796,0.9635821,0.59321827,1.3294941,0.070412576,0.57035047,1.2539716,2.4859645,0.64471483,0.73918635,0.19254757,0.045028307,0.3057518,0.15474457,0.16719736,0.2533278,0.005214288,1.2195942,1.2256129,0.43486762,0.49994126,0.42458957,0.043886755,0.10378515,0.41507053,1.0417119,0.09628262,0.033003863,1.1233119,0.9443191,2.1069942,1.19294,0.12130861,0.5920757,0.65412015,0.06160897,0.5911476,1.6821474,0.71386606,0.22675043,0.1067712,0.4420784,0.72338307,0.6509553,0.97682595,1.0658759,0.43440247,0.7760092,0.26369748,1.3838173,0.11025664,1.0517942,2.025797,0.59620315,0.9420068,0.34241104,0.009655891,0.4706951,0.22260241,0.90722406,0.11562266,0.6248069,0.40545237,0.13480073,1.5775795,0.09239298,0.58658445,1.2836964,0.6632777,0.1994135,2.0596633,0.25474292,2.0959568,0.17950504,0.14814653,0.21689679,0.7791344,1.3007711,0.22176361,3.4569695,0.4824692,1.1205274,0.5709845,0.45869333,0.7380067,0.42037854,0.6454779,0.13748074,0.06936914,0.040449377,0.4545642,1.70656,1.2350675,0.019564735,0.5772824,2.1921706,0.74224603,2.7715242,1.0921731,0.087993406,0.50179505,0.66050273,0.81080437,2.621268,0.27032727,0.1912358,0.6755939,0.6576024,0.6514057,1.8728526,0.35325545,3.2794805,0.29699147,0.49123475,0.087893836,0.7706678,0.063710555,1.4447348,5.1731615e-05,1.9919858,0.07818429,0.53278166,0.5961071,1.4495974,0.54351944,1.1865289,1.2350036,0.14540368,0.3326276,1.3797461,0.6790447,1.1237417,4.1551337,0.3074622,1.4435804,0.16657498,0.68124807,0.06285318,0.009747444,0.73363924,1.4607676,0.5121768,3.6430607,0.69357735,0.7750198,1.270377,0.3102555,0.5342702,0.78292614,0.3893055,0.4378638,7.3203616,0.041509587,0.6011032,0.0022634666,0.8995302,0.034086645,0.2695374,1.3892305,0.24419826,0.9864255,0.42445135,0.20550245,0.017087555,0.22035994,0.51348174,0.007530167,0.383069,1.2894577,1.0697714,0.42848465,1.578211,0.74815637,0.60909194,0.28243628,0.2702425,1.6805258,0.26414934,0.13891013,0.589905,0.47985858,0.20133394,1.7765521,0.049271584,0.28778368,0.73773843,0.33467013,5.1458683,0.91356844,2.0293245,0.17751989,0.72724986,0.4195582,0.2342876,2.123858,3.3600364,2.8349042,0.56070197,1.236086,0.13573046,1.5330098,2.9438357,0.93964714,0.6401155,0.7358079,0.2623495,1.5539578,1.5022672,1.258626,0.5394772,0.24856225,0.24978933,0.45550364,2.151563,0.10431782,0.1741984,1.4202654,0.13047545,0.06507895,3.5358262,1.0398729,1.1523076,1.1424911,0.6062759,0.44407284,3.0615134,0.6620404,1.1113845,0.0,1.1377257,0.055238713,0.047849637,1.5166103,0.088500634,0.40390238,0.6936862,1.8084605,1.2975365,0.42240804,0.14888164,1.8308934,1.4519008,0.39243945,1.6308922,1.5093209,0.03279158,0.5185614,0.3280326,0.22818998,0.71151185,0.14843787,0.1091457,0.6568917,0.7876891,0.54262984,0.0,1.0031419,0.6492239,1.5235175,0.4478758,0.8148349,0.011269569,0.30584392,0.930021,0.0045940243,1.6062129,0.17171066,2.2695282,0.0074847247,1.7571604,0.17672272,0.4683616,0.9157746,0.09817763,0.6778474,1.1387107,0.99587303,0.013318598,0.5438852,1.7044442,0.34500223,1.056538,0.0,0.59827846,0.43390137,0.17242235,0.0058066472,1.3292404,0.2282162,0.6773296,0.13409416,0.6149491,0.18426968,0.01586118,0.80462265,0.17804293,0.8660742,0.012422087,0.21554382,0.8292454,2.6406431,1.2115216,0.34676403,1.870326,0.5741652,1.1750139,0.75438297,1.0958726,0.0018178043,1.1131741,0.06259337,0.5841915,1.6281561,0.058009963,1.0560259,0.57130325,0.1238751,0.83007365,1.5278062,1.2015011,0.20368667,0.5196693,0.9295489,0.05629592,1.0200851,0.13842684,0.3685726,0.048095185,0.00340517,0.74747777,1.3007939,0.45823473,1.1395613,1.7678111,0.6938068,0.6302097,0.0534563,0.95891213,2.0729773,0.22263943,0.22127922,0.20743059,0.26105872,1.428866,0.27551138,0.48272452,0.0,0.29619965,0.77832335,0.049406584,0.042008493,0.5176993,2.1788356,2.3296483,0.37615994,0.3571315,0.09520035,0.46467668,2.2491264,0.55944574,0.28341535,0.30451518,1.3819042,0.041975357,1.5069234,2.2465956,0.013851455,0.77487135,0.48299408,0.93833005,0.22092712,1.6852978,0.467693,0.42070243,3.8159907,0.09192537,0.28395694,0.008394646,0.12084746,0.77532,0.20786954,0.15138775,0.4876923,0.23553708,3.2055013,0.7536401,1.2390609,1.1552342,1.8097593,1.0663912,0.827477,0.37086493,0.62252146,0.17475048,0.5635267,all_pothole_images\pothole_images_new_image_312.jpg
0.14718495,0.84490824,0.2785155,1.1181525,1.0028251,0.4476413,0.17204025,0.06479937,0.24308975,0.46395898,0.14948548,0.64634955,0.46303794,0.6301525,0.1313496,0.24694933,0.89394504,0.0009537682,0.1064957,1.2738303,0.10297267,1.480635,1.0289458,1.9307598,0.0660044,0.30805323,0.4048282,0.49430192,0.0,0.15291274,0.042236798,0.6138866,0.07143723,0.40401012,1.0652771,0.4264312,0.73978204,0.6382466,1.6170715,0.16689733,0.07261789,0.3307416,0.16339639,0.3063226,1.5684422,0.1446558,0.08792535,0.011923235,1.3749558,0.08444349,1.3052192,0.9760271,0.052111167,1.1279562,0.35061622,1.1043983,1.473023,0.37143904,1.0219661,1.2790222,0.14514771,0.48844847,1.6180366,0.0,0.35012728,0.7928304,1.0300272,1.0927244,0.20764771,0.5972662,0.26983544,0.39679188,0.34689015,0.0,0.2506521,0.3648005,0.28548166,1.2751876,0.40587705,0.49086663,0.012353377,0.3983233,0.74978346,3.3384454,0.7705534,0.08367001,0.9396324,0.0849953,3.5925007,0.35323855,0.16440505,0.759228,0.1408534,1.6360805,0.5097007,0.04052921,0.9398777,0.4040267,0.35189235,0.252764,0.027099434,1.4404547,0.45335433,0.46554062,0.5208938,0.12459766,1.7166169,0.29107034,0.047211144,1.2340208,0.73666084,1.7802963,0.64403254,0.51134235,0.74855906,0.8613253,1.5082989,0.4223956,0.14355923,0.3380271,0.97951674,0.3470205,0.009439905,0.13907641,1.7837899,1.9470217,0.30321598,0.20892106,0.03584455,0.5944327,0.64337415,1.2414924,1.6846304,1.3081077,0.54630965,0.18915477,0.21841858,0.09693293,0.3793471,0.045144185,0.7250614,0.35395506,0.20477708,0.32275683,0.19200289,0.33172342,0.24927737,0.54659706,1.2700723,0.3800368,0.7936442,0.5602521,0.5386324,0.092056334,0.45289525,0.20726557,0.40671754,0.59454125,0.1268582,0.21714738,1.2779472,1.0214671,0.55076224,3.0142007,1.5684234,0.20168997,1.5877757,0.29081672,0.95234156,0.24563606,0.8611143,0.3360474,0.49054405,0.16244605,1.8155334,0.023551011,0.014674617,0.6709936,0.09983714,0.13025185,0.7569978,2.684096,0.2971337,0.08473221,2.2769568,0.04223732,1.2728968,0.21595885,0.36525705,0.8198194,0.35390598,1.373558,0.647947,2.0018075,0.06731055,0.26046294,0.7514473,0.51245373,0.30544794,0.33936566,0.09669547,0.0062478194,0.55906445,0.25034967,1.311959,0.1968368,0.10023229,0.71556634,0.9698859,0.35953084,0.31846943,0.29503822,0.42974043,0.50724477,0.74000573,0.40438375,0.13937081,0.20977825,0.06791658,0.055732105,0.0660712,0.19760554,0.22761855,0.02778514,0.10362994,0.13427672,0.516695,0.022044096,3.600451,0.20888077,0.04747025,0.3616916,0.60990345,0.017096266,0.366405,1.3427032,0.37927067,0.006240104,0.04217368,0.573289,0.26394168,0.04047785,0.51182914,0.6564675,0.16515283,0.026567707,1.0922505,0.28026557,0.148537,3.0094838,0.3467123,0.9851314,0.23987931,0.18792833,0.5748886,0.08421928,0.8942338,0.1496387,0.5792137,0.109711334,0.30178937,1.3046265,0.18822555,0.24073346,0.45211565,0.15217818,0.2013361,0.49678117,0.12334016,0.008465927,0.08251581,0.07864143,0.7715487,0.7288544,0.61282283,1.8224651,0.84690887,0.6142895,0.07900706,0.336635,1.0583267,1.8481767,0.6306811,0.37917086,0.7207205,0.21755019,1.0592142,0.38880008,2.2850585,0.75861496,0.1305154,0.35678002,0.024231886,0.58600014,0.48709694,2.0946763,0.81063694,0.33758327,0.0019796276,0.8957984,0.037913192,0.7362208,0.0030247215,0.8076373,4.2108827,0.5823812,0.09268808,0.9143299,0.43300036,1.5605363,0.24415901,0.34254012,2.635082,1.2075722,0.7089537,0.14167576,0.27070713,0.37663892,2.316567,0.2808203,0.08536345,1.2911384,0.0,0.0,0.86178297,0.8951829,1.2281086,0.22556266,0.33757386,0.5041691,2.4620144,0.28004125,1.487057,0.11899317,0.30756155,0.29667497,0.70186216,0.2681449,0.35740146,0.19361441,1.2775427,0.1919844,0.34779447,0.09564522,0.2971439,0.3668366,0.6554274,0.038466405,0.25365448,0.51543427,0.124275096,0.32200244,0.59866536,0.108231865,0.66215414,0.9279743,0.036071222,0.4430129,0.5220649,0.2551862,0.45191538,1.7750834,0.51964784,0.5517388,0.063273646,0.17144941,1.5045084,0.7303811,0.4453212,0.8337382,0.79364836,0.03390956,0.4717307,0.20156285,0.3270649,0.70936745,0.13398078,0.070460886,0.08349721,1.7982066,0.65668523,0.19700544,0.42916492,0.09371123,1.696404,0.53395826,2.190199,2.2490394,1.990827,0.40258348,1.9414812,0.0051080487,0.11767214,1.8515987,0.27725938,0.6318491,0.3363053,0.77021736,0.07444891,0.5731907,0.9338427,1.530601,0.07085461,0.85550314,0.022046726,0.13981313,0.30263028,0.37979838,0.08787095,2.1650078,0.008703077,0.2147899,0.0,0.5175285,0.06742318,0.11935298,1.4950073,0.36018103,0.26459965,0.0,0.7972616,0.68449634,1.2440083,1.406009,0.80789804,0.1624126,0.5126526,0.2335431,0.1272451,0.27121451,2.3961852,0.24324907,0.29514298,0.06392928,1.0555485,1.1042767,0.14308041,0.0060709314,1.129977,0.5105808,0.43187612,0.16347224,0.6893166,0.62327117,0.16154926,0.43671417,2.493017,0.0032209605,0.6575069,0.4109505,0.37450257,0.111020066,1.3817196,0.27574378,0.76886064,1.1897609,0.65378374,0.027226178,0.08240462,0.55733484,1.5801531,0.0,0.78990847,0.0156236375,1.3650416,0.047082663,0.2945816,0.0,0.04805808,0.66687584,1.6316301,0.5876985,0.33553803,0.11090511,0.63011426,1.5267527,0.07692073,0.08745814,0.09201606,0.3192111,0.10961094,1.9281195,0.89211226,0.17574617,0.34432507,2.4543915,0.23140323,0.10631693,0.3171743,0.01607868,0.23292276,3.0714529,0.32075608,0.16977872,0.0005346275,0.25656256,0.6913348,0.026184173,0.50634104,0.41135475,0.05099217,1.134634,0.34001136,0.6122893,1.1136818,1.2030025,0.23645478,1.9014584,0.5564324,0.2938745,1.3656751,0.19361393,all_pothole_images\pothole_images_new_image_313.jpg
0.92989635,1.4851569,0.9115145,2.20005,1.5811076,0.1113778,0.25093344,0.0,0.4596109,0.43380663,0.22932747,0.7700495,0.00093506055,0.90044737,0.28001803,1.717821,0.120049655,0.003235876,0.042453434,0.034133267,0.14733101,1.7211264,1.4183415,1.1750623,0.42649817,0.580965,0.029763345,2.0986786,0.16424066,1.0855926,1.7208782,0.18622726,0.9433556,0.27284825,0.586459,0.2310151,0.81568843,0.060920365,0.4479237,0.6246939,0.014197295,0.80457133,0.8480489,0.66577643,0.64553136,0.0048198523,0.31961498,0.5674864,0.24754204,0.0,0.36621875,0.4828761,0.17537536,0.15916258,0.0,0.2512555,1.4544741,0.04658914,0.1083911,0.21749638,0.0,0.354471,0.40712157,0.6610054,0.4955577,0.18208823,0.3644305,0.12853645,0.10859257,0.041184384,0.25649783,0.021508448,0.19198214,0.41185355,0.022452906,1.7153206,0.27567533,0.21960312,0.011077083,0.7202344,0.582702,0.33011353,0.11448501,1.6046659,0.21024738,0.65689975,0.11670707,0.1398899,3.8494298,0.37575522,0.110818714,0.0038744141,0.036180224,0.094076544,0.20497195,0.07161491,0.25281426,0.70096713,0.025360007,0.6699192,0.19663785,1.046748,0.7372734,0.51903737,1.3060148,0.0,0.11150422,0.09864334,0.20268752,2.0009594,0.014243328,2.730593,0.5803322,0.6565308,0.83260065,1.0160637,1.7220231,0.13399346,0.93774176,0.536922,1.2432096,0.46174812,0.18585405,0.5575181,1.0382149,1.055104,0.773499,0.3945334,0.28817248,0.29610124,0.30093643,0.0701989,0.18384328,0.0,0.17734776,0.2414843,0.06617358,0.1460015,0.06214063,0.0,0.243197,0.5748996,0.2871107,1.8747897,0.379451,1.0374619,0.054652564,0.95478415,0.171145,0.4831634,1.1435143,0.4784745,0.6481847,0.332612,1.0641756,0.9427343,0.30356342,0.06603929,0.7397799,0.40641943,0.97212446,0.21620232,0.025350088,1.2445755,0.3721073,0.6175031,0.9565085,0.040989954,1.2121003,0.27117425,0.005196061,0.4292791,0.35646743,0.017439121,0.83340824,0.38766155,1.0263803,0.009744924,0.005024166,0.017289551,0.011398009,1.3142397,0.48704612,0.982393,1.1372678,0.05827389,0.13550964,0.12940238,0.82466435,0.2736125,0.8139249,0.3462072,0.30104247,1.4705322,0.7577523,0.2161801,0.48157164,1.7751683,0.5210587,0.19480109,0.8311724,0.2763596,0.007979715,0.009113868,0.15726091,0.37094855,1.1701432,0.081184,1.8001132,0.20059036,0.31680632,0.30836403,0.57125777,1.3941871,1.0294101,1.7535076,0.34414938,0.0,1.7423515,0.08412635,2.8277786,0.0,0.22509855,1.2917548,0.3290473,0.2742519,1.5150502,0.7283719,0.87911135,0.30411878,0.21584205,0.35168934,0.26306286,0.027551357,0.5297294,0.06797196,2.2414298,0.020013295,0.70462656,0.29379818,0.5042536,0.016139036,0.3372552,0.41900703,0.074776076,0.020633018,0.64253336,0.044241097,0.76008123,3.302408,0.45664603,0.15642518,0.20729685,0.006884861,0.55536306,0.0034196859,1.5237699,0.0042108167,0.5734123,3.2897046,0.3927892,0.54850715,0.58579075,0.016926328,0.63421476,1.6329168,0.13186501,0.114723444,3.5513635,0.08019607,0.60357964,0.0,0.20744789,0.43034607,0.19679965,1.5682526,0.000298466,0.575217,1.3066633,0.5389124,0.039661247,0.42976892,0.77533656,0.6487413,0.24068855,0.23408668,0.43454483,0.6850579,0.3052457,0.09234298,0.16569489,0.6484064,0.41576377,0.9539987,0.1644874,0.6240547,1.4641817,0.36028025,0.028244734,0.5279407,0.25468236,0.22293416,0.091071494,1.5080903,4.387185,0.21786316,0.3416741,0.47101864,0.5200195,0.22510663,0.5440838,1.3414038,5.706493,1.1611081,0.15517202,1.5227897,0.0,1.2409497,1.1124221,0.31810597,0.6514326,0.5092185,0.5682168,0.35397962,0.48604718,0.14428836,1.1537318,0.68799603,1.087273,0.30008116,4.0951266,0.10782693,0.0,0.25829074,0.055395525,0.16205685,1.2950724,0.59254783,0.57245857,0.059057575,0.5582607,0.72202384,2.0420184,0.030082636,0.19102785,0.11616351,0.33472428,0.037108302,0.24050134,0.24476312,0.04901039,0.8351711,0.21059616,0.3309736,0.13579762,0.015587526,0.3388926,0.22960997,0.12027073,1.2307777,0.35672924,0.60925275,0.8993803,0.55375046,0.068797074,0.6886854,0.66225725,0.028876921,0.4636837,0.3716823,0.17072734,0.44678903,0.063179664,0.034363862,0.8735294,0.31799957,0.32468617,1.2105781,0.12368361,0.22719081,0.47878817,0.033418275,1.1572342,1.2989929,2.7774782,0.9009407,2.1441936,0.08689897,0.10598869,1.2221018,0.23476997,2.092126,0.021156447,0.044067483,0.0,0.84771067,1.0319492,0.3841275,0.004905077,0.0010484479,1.1258483,0.84151715,0.9922206,1.5401765,1.3010004,0.42231664,0.4511749,0.30822992,0.062031016,0.13228826,0.76037306,0.1325266,0.67389125,0.13381489,0.04120015,0.2521875,0.3058557,0.45544156,0.700354,0.06275131,1.0777364,0.1351803,0.8718033,1.660434,1.0694531,0.41512722,0.6655151,0.58184433,0.24352509,0.9097637,0.4319092,0.39683086,0.15384503,0.4747841,0.047218867,3.7850733,0.42947927,0.64011455,0.1539585,1.1441796,0.782794,0.18754841,0.19199526,0.10853495,0.06639266,0.0019856612,2.4786894,1.1825452,0.20588514,0.4451418,2.5358133,0.23990227,1.7890188,0.60526526,0.40891764,0.72794825,3.3101344,0.36247006,0.11117552,0.88726413,0.8291922,0.045371518,0.29442722,0.07096063,0.80692315,0.35731703,0.104642935,0.04463985,0.2564196,1.1211841,1.2553347,0.039260026,0.06878851,1.049548,0.21984345,0.08197145,0.6054495,1.1505408,0.19648558,0.87376976,0.86249137,2.478724,1.8296213,1.1292689,0.012866708,0.66074985,1.3870575,0.51635754,0.5380006,0.25544497,0.25204816,2.143998,0.17671956,0.0,0.052898254,0.10973086,0.4867382,0.14232889,0.0,0.047724742,0.033182677,5.5578756,0.55268294,0.713898,0.18514496,0.5545388,0.045760613,0.44560155,0.47541624,0.8960181,0.14266513,0.24622366,all_pothole_images\pothole_images_new_image_314.jpg
2.1986804,1.4775617,0.08086861,0.7016838,0.47768992,0.39610162,0.23948091,1.5462074,1.6648674,0.029948046,0.017787153,1.7380735,0.4457905,1.1816746,0.0,0.84454674,0.007129642,0.7423755,0.5714432,1.3024864,0.18434095,0.21364787,0.34274346,0.16829918,0.8954072,0.0,1.8206835,0.18040116,0.3933344,0.06254741,1.1340581,0.5954704,0.021877075,0.8401328,0.21480241,0.09265449,0.9755194,2.5854359,2.56723,0.103311375,1.2011914,0.09229252,0.12340762,0.1361197,0.09021207,0.24883175,0.81583685,0.059280276,0.5040148,0.18106744,0.84296656,1.1289623,1.4030583,0.11560113,0.3290485,0.55140793,0.68020856,0.22653577,1.0891013,0.2576528,0.4379635,1.093794,0.0055454276,0.039410997,1.6250454,0.058537442,0.082093,0.19773601,1.1452278,0.012337272,0.744868,0.10753867,0.19244803,0.5426694,0.7417565,0.20442823,4.2879777,0.33631974,0.19220476,1.1508629,0.032808524,0.5126618,0.46815377,0.117662415,0.259125,1.3437629,0.26503402,0.78387666,0.48533824,0.10745476,0.058745183,0.14281781,0.12878755,2.4468002,0.09725655,0.69783205,1.8201267,0.26909292,0.2019333,0.44664586,0.32414997,0.08407139,0.4670196,0.54719293,0.49695158,2.6262476,0.30620262,0.5233298,0.47447878,0.45561746,0.8061687,0.44162166,0.4655363,1.2021862,0.5538115,0.7932065,0.7086937,3.0397432,0.47960305,0.83392143,1.9272369,1.701789,0.5766826,0.7301964,2.12707,0.5201038,0.49977696,3.2050672,1.4650085,0.48593348,2.240459,0.3862497,1.8990939,0.27807337,1.0925149,1.12476,0.2900981,0.53960186,0.20084803,1.5655925,0.06102173,3.2249677,2.0643916,1.3821815,0.31501278,0.24681409,0.71858317,0.60128886,1.2975786,1.2586673,0.46236283,1.0729012,0.5798066,0.12600893,0.6018712,0.16442846,0.83830214,0.25847554,0.0,0.42895043,0.13757111,1.2180991,0.6243027,3.8669999,0.3524102,1.323913,1.3838261,0.11879419,0.5967581,2.1331222,0.024165412,0.6293625,0.2074632,0.42191827,1.7659563,0.08620696,0.53249204,0.8918615,0.0,0.38142386,0.3203406,0.059080016,0.2208057,2.3024216,0.4777556,0.16606554,0.010120846,0.8279112,0.25200465,1.9056236,1.4161373,5.9343586,0.42974073,2.5626986,3.6251588,1.4573338,0.22447255,4.5201764,1.2736393,0.02938669,1.1094242,0.20363474,0.25086048,0.16208714,0.13029896,0.75387174,3.603951,0.0,1.7569058,1.3988128,0.3205319,0.7881557,0.20657046,0.42941806,0.051605366,0.604037,0.09815906,0.018148527,0.25449848,0.3213564,0.30134067,0.062635034,1.0380617,0.29407927,1.5082232,0.55091184,0.64367735,0.0,1.5347351,0.52183765,0.55601203,0.92588377,0.7369588,0.6750379,0.025220955,0.51337343,2.7384188,0.1886841,0.9814307,0.9618029,0.2393387,0.27898693,0.023058016,1.0633206,2.4676912,0.111347914,1.589338,0.71709365,0.018525105,2.097672,0.20674235,0.1441756,1.194111,0.021485265,1.7560829,0.18021692,0.10158206,0.2209756,1.3671358,0.794732,3.1386418,0.34878102,0.752279,0.41913694,0.023793794,0.08393457,1.3081167,0.0027307265,2.663541,0.059787896,2.1545331,0.8566654,0.21302286,0.0,0.067610376,1.5827345,0.86795354,2.532559,0.8259716,0.9191918,0.14599189,0.3114772,1.2768251,1.1661516,0.5908742,1.1307826,0.102150604,1.7783922,0.07583028,0.6824135,1.2584633,0.23842672,0.09652399,0.64396286,1.0128163,0.5109937,2.3028162,0.7589493,0.042025857,0.059233643,3.3494048,0.3499596,0.30067226,0.094981104,1.635078,0.0,0.012721963,0.13425207,0.29011446,0.4695299,0.02615207,0.08391747,0.56373703,0.30922195,0.36192048,0.0,0.6574092,0.29838496,1.370485,0.64497185,2.6273685,0.039271194,1.7198172,0.16509865,0.17153504,0.5798908,0.19318444,0.2710739,1.4990882,0.33700445,1.2699683,0.0052078925,0.8939113,0.0032867892,3.386194,0.047129694,0.5775747,0.06368536,0.3953263,0.33897808,0.17302106,2.004185,0.36994386,3.082091,0.14739077,0.59859514,0.08229224,1.0928603,0.051687572,1.9095418,0.1735873,0.6125433,0.20355226,0.14241481,0.7632058,0.4951828,0.54509586,1.2478598,0.3747043,0.6218168,1.9859502,2.1742527,0.28397492,0.29579154,0.063766114,3.0808809,1.0529851,0.9204181,3.0102236,0.7444028,0.7442444,0.4447304,1.7645447,0.831894,0.63611066,0.40648872,0.024362175,0.9781449,0.8790818,0.57747835,1.7918768,1.6470923,0.34662214,2.2596714,0.0033508353,0.91945773,1.9478576,0.9467429,0.013224747,0.081708364,0.018921096,1.260906,2.9944706,0.94271755,0.065272264,0.95885223,0.28570715,1.8695376,1.2346396,0.25107726,0.050568216,0.102842204,0.25089693,0.2909829,2.2118046,2.1504703,0.4152738,0.074702136,1.387146,0.0,0.99924874,0.40066963,0.0014690695,0.34744287,0.7937133,0.187095,1.1850789,1.7474722,0.0017676736,3.7908356,0.0,0.34312764,0.5888781,0.6476497,0.25888228,1.1718091,1.252752,1.2644918,1.4393885,0.52893853,0.574671,2.4024925,0.13304335,0.009035694,0.060504474,0.020794963,0.8416318,0.08830584,1.5819633,0.42519593,0.1493822,0.39571854,0.29953188,0.64488775,0.18132572,0.5294859,0.43915856,0.09703037,0.8191318,0.33756068,0.6795695,0.38264725,0.93034565,1.3281795,0.49883604,0.8884033,0.6868294,1.2499173,0.1401473,1.2212291,0.5186987,0.07771588,0.0,1.0081631,0.030501695,1.5932705,0.38459682,3.5130906,0.5048731,0.22119915,1.2733724,1.2808486,0.0,0.85678846,0.3211453,0.39039433,0.9124673,2.0831797,0.43129608,0.5048193,0.34310174,1.2408086,4.8016224,1.3815391,1.5928941,0.26927853,0.1913685,0.6593028,1.3800793,2.4832675,0.17319591,0.05539812,0.038123414,0.83349746,0.1479859,0.0,0.31973916,0.59448886,0.045915958,0.41472352,1.1316763,0.5048406,2.7297058,0.015908599,0.0,0.47460803,0.58498853,0.1713225,0.29832074,0.9451567,0.3660532,0.3271861,all_pothole_images\pothole_images_new_image_315.jpg
0.41788027,3.02174,0.9554683,3.9062479,1.1720273,0.2428471,0.047401164,0.27510947,0.6534696,0.918374,0.7007736,1.1766196,0.45725358,3.857,0.0,0.46851036,0.25993142,0.9221306,1.0801849,0.36285606,1.4155366,0.4115448,1.0102587,1.1368818,1.4194565,1.3744043,1.3992729,1.1802052,0.48010486,1.3534735,0.6677056,0.049792085,0.954017,1.1760336,0.7134932,1.1145314,1.2010432,0.8512068,0.7430479,0.15857178,0.43770102,0.92471373,0.82193565,1.8412468,1.3613331,0.114173226,0.9774901,0.07131053,1.0177397,0.7154587,0.53937936,0.64722914,0.32801202,0.877271,0.4984036,0.41425627,1.1982151,0.07827304,0.83845174,0.6961787,1.5204352,1.4792506,2.165034,0.4882134,1.1251085,1.0011668,0.58104116,0.4618281,1.0955921,0.8481926,1.8701869,0.9525595,0.6754218,0.47612068,0.89884895,0.5243488,0.48664537,1.0502495,0.07700198,0.29022497,0.7513303,1.572927,0.6812038,1.7203466,0.4478595,1.2142851,0.6768001,0.21436197,1.4134443,0.8935853,0.4629292,0.4347992,0.5032482,1.7771602,0.2493084,0.94890773,0.92329895,1.0098749,1.1707802,1.9909714,0.7326861,2.1830397,1.3187073,2.2165384,1.0000271,0.5654677,0.39989778,0.25437823,0.99259263,1.2332138,0.73549014,1.0663673,0.25046718,0.15261468,0.8017754,0.36932516,1.1568403,0.13131244,2.1856613,1.5943031,0.47849506,0.6614989,0.34808707,1.5423701,0.7472557,0.5419554,0.5209474,0.7013138,0.35936767,0.38208356,1.0042167,0.5341841,1.065443,0.054884043,0.6957182,1.4195225,1.6314205,0.7165751,0.6692837,0.024498114,0.31022435,0.91815877,0.53862226,0.94035774,0.55605847,0.5736641,2.29004,0.25846455,1.1873946,0.6213855,0.47316635,1.287798,0.4261856,0.31083375,1.5251081,0.6575554,0.66961676,1.4241619,1.1259451,0.19565387,0.24305716,0.13887961,0.31987426,4.2049828,1.4059836,0.16263361,2.6198587,0.6197152,0.025663482,2.3468845,1.5352128,1.3229772,0.75223696,0.47528738,0.60102975,0.11474693,0.9346041,0.5378268,0.41017422,0.37542686,1.075273,2.7768872,1.6031934,1.2258976,1.9322777,0.49512693,0.7973762,1.367382,0.62728655,1.559287,0.40059286,3.5410423,1.1736503,1.7148,0.84378767,0.9164691,1.0973668,1.8795112,0.44549078,0.15590276,0.25896057,0.62026393,0.48002097,0.11668518,0.81405497,0.122602366,0.82318366,0.09909596,1.8496704,0.74665403,0.47771928,0.8510222,0.88363796,0.24563967,0.48619375,0.18488877,0.3579638,0.7411022,1.1280392,1.0405737,1.0032297,0.41979793,0.3838133,1.0918754,1.4365164,0.33066157,0.5677125,0.5886539,2.7000604,1.636881,0.6448374,0.4334024,0.89632,0.57419914,0.96412235,1.1347774,0.41006535,0.956544,0.3856584,0.4491669,0.056316853,1.4394221,1.2225825,0.17805167,0.5838601,0.32695955,1.3707359,0.036278818,0.8932872,2.0896184,0.37461233,1.1645327,1.6184967,0.2131573,0.4554507,0.46968964,0.42398897,0.503857,0.5109065,1.7132337,3.3804047,2.3387303,1.6531459,0.7096881,1.4958465,1.2330904,0.7601807,0.64300394,1.2127352,0.26702118,1.006882,1.8678478,3.2075868,0.19989817,0.10959067,0.32031527,0.5293369,0.75865436,0.025316121,0.13599406,0.16751635,0.36732468,1.5539087,1.0184582,2.0100124,0.24899134,1.0736305,1.5528798,1.1499776,0.18654893,0.0,0.5401419,0.45642766,1.5065781,2.815363,0.627014,2.949885,0.25055134,1.0690156,1.1483558,0.2790118,0.38376242,0.13194774,0.9460485,3.0476556,0.6348522,0.8289007,0.333565,0.4584693,1.8376038,0.4784521,0.5107937,3.07156,1.0435628,0.9725924,1.1698755,0.21474218,0.28041068,1.4394406,1.0151664,1.1182438,1.4866172,0.92608106,0.019955503,1.5140222,0.5722206,0.5689125,0.3745943,0.62511724,2.2661803,1.084938,1.1514207,0.52602273,0.75931966,0.35505944,0.32771838,0.30490845,1.3069143,1.0935897,0.021682851,0.66635925,2.1360507,0.94438654,1.0828781,0.2895167,0.25426596,0.53998595,0.33323684,0.5586873,0.097332925,0.98783046,0.101314195,1.5910494,0.30313134,2.733524,0.38590965,0.9002482,0.4197959,0.06272845,0.19886418,1.0336491,1.2824757,0.040708676,0.99086994,0.7569331,0.866044,0.4728159,1.3035026,1.5129066,2.6738617,0.12159631,0.64544106,1.2792289,1.347604,0.8597862,1.5110295,0.37546068,0.5385052,0.50217336,1.0833801,1.6222732,1.889145,0.09008341,1.7568654,1.1301938,0.5238356,3.6847904,3.0378582,0.9107934,2.0568593,2.584029,0.23684041,0.94586384,0.108565785,0.04878233,3.239774,1.1853571,3.0094569,1.9489472,0.31170812,0.32097065,0.99939007,0.05152021,1.2310295,1.4818616,0.78015375,0.8551904,1.862608,0.4139976,0.284624,0.7790289,0.040428963,1.4325371,1.3532574,0.17945436,0.7431891,0.53294486,0.8748299,0.1902377,1.4257854,2.1506135,0.9329748,1.5897808,2.5175133,0.9203331,0.7503517,0.9398743,0.28911093,1.2070335,1.4341023,0.27779502,1.4409556,0.3476815,1.5338358,0.9798035,1.895014,0.85918516,1.219802,0.5894574,0.59986186,1.7334363,0.9356906,0.55200213,0.13250703,0.15460442,0.7084858,0.92099327,0.002404492,0.5436933,1.4339892,1.5013704,1.3146399,1.6601111,1.0537368,0.30523273,1.23131,0.9672112,0.03972624,0.33842036,0.020807529,1.4399958,0.5953054,0.31430814,0.47694963,0.9921976,0.92073417,1.2537613,0.018425431,0.123110145,2.0085778,0.486621,0.8555686,0.29294646,0.7597723,0.7419033,0.3403181,3.1107097,0.42663538,1.0032986,0.12359675,0.21705097,0.86096966,0.72605145,0.63871485,1.5169532,0.6914184,0.72841567,1.0096953,0.98705554,0.082411416,0.2883338,0.18440188,0.24981894,0.9012841,0.38004437,0.33215618,1.2308868,0.099776424,1.3533773,0.09814661,0.37597686,2.0667484,0.41940245,0.5073192,2.7681086,0.9959629,0.4699248,2.6051679,0.7777945,0.11180645,1.9122474,0.5825186,all_pothole_images\pothole_images_new_image_316.jpg
2.274391,1.2407719,0.68218464,0.63383836,0.040747084,0.18611565,0.14391752,0.92216784,0.9384963,1.1376425,0.30368885,0.006475232,0.465805,0.47083142,1.0218961,0.3172197,0.44591165,0.0,0.25067598,0.42025122,0.4524037,0.58904237,0.47832367,1.6232269,0.106313355,0.70358133,0.009458837,1.1762922,0.45225212,0.27922833,0.5929721,0.51381004,1.0559344,0.52233785,0.046790555,0.15654066,0.6666445,0.624895,1.2801692,1.5680069,0.2702623,0.80739033,0.41439226,0.0,0.14616407,0.7544669,0.44787425,2.517105,2.5518265,0.0,0.25430945,0.43457556,2.04274,0.10894331,0.38949618,0.67916447,1.9277061,0.0,0.31490526,1.0891763,0.024032688,0.29685146,1.1341487,0.021231918,0.20612495,0.51025593,0.087718435,0.23741874,0.17407832,0.21989556,0.2597318,0.27076834,0.5996579,0.053821873,0.03872635,1.1789147,1.4534171,0.45368665,0.14480935,0.9141805,0.40512636,0.6357869,0.11019088,2.1723998,0.12421195,0.14996022,0.102974616,0.012466665,1.7979256,1.0042561,1.0735337,0.11814353,0.0,0.23758145,0.44053727,0.0,4.0490394,0.63085407,0.651999,1.0019072,0.0,0.19334419,0.04743933,0.75248927,1.7382245,0.044642974,0.2954482,0.13658899,0.017658833,3.0360832,0.0993339,1.3548762,2.1700575,0.395342,0.72789735,0.8756963,1.7969896,0.19019651,0.0017980787,1.2244825,1.9289063,0.7394635,0.21854451,0.8581167,0.42446518,1.1664426,0.23221649,0.16744962,1.2042787,0.016396796,0.0751859,0.65612847,0.07458493,0.20749536,0.28415018,0.22907013,0.054137327,1.6096768,0.14226852,0.66817725,0.2522596,0.8267044,0.97966903,1.09247,0.08927346,0.67414933,0.23604402,5.3177977,0.32801032,0.13423137,0.47427756,0.585937,0.92433023,0.092489846,0.64726645,0.01726015,0.107288614,0.45046094,0.18356775,0.5703758,0.4997144,0.08370487,0.14449567,0.15557186,0.21125196,0.89047146,0.023652393,0.06550922,0.96931994,0.063030064,0.4901645,0.6709687,0.052165244,0.20297982,1.2898179,0.5766094,1.5854515,0.0,0.02394589,0.5996451,0.35766968,1.6867627,1.7495016,1.7607547,1.5971985,0.6956042,0.5370109,0.19140092,0.41352558,0.8332765,0.047133945,0.11241551,1.3400805,2.2025104,1.530145,0.0,0.25586042,1.7545253,0.73682666,1.2822237,0.73162055,2.632955,0.24966212,0.54004395,0.4397008,0.33345285,0.16062081,0.21038926,0.09860918,0.027147619,0.04552307,0.9414854,2.1028593,2.5194378,0.87690026,0.0199661,1.8901109,0.92010385,0.8810905,0.23440236,1.0497885,0.044488005,1.3385744,1.5796684,0.6241874,0.16394386,2.8852532,1.2880476,1.1006243,0.04289362,0.9099493,0.8764024,0.63493085,0.5769188,0.19470574,0.47628713,1.5282156,0.32142693,0.25368744,0.45316055,0.59644115,0.45741558,1.2710985,0.70514333,0.24224876,0.0,0.38943768,0.17522857,0.33980218,2.3064187,0.50982785,0.7967233,0.7825553,0.12634492,0.28429356,0.056845054,1.2779261,0.49801168,0.6687531,0.8338814,0.14524704,0.33847785,1.9440264,0.74650574,0.03552125,2.7205498,0.59955394,0.9293048,3.514012,0.68726814,1.433626,0.0,0.21212101,3.7728608,1.791819,1.0179473,0.8316066,1.2665622,0.60200846,0.2787616,0.0,0.69496524,1.289258,0.2290503,0.09698167,0.27028087,0.28043592,1.4197811,0.7971265,0.025823187,0.61729074,0.07803326,1.1085385,0.5117724,1.1451749,0.40036938,1.8205432,0.00040342007,0.47177714,0.08067712,0.01388932,1.5826497,0.063894935,2.4849377,2.8088362,0.07520569,0.6513139,2.4158478,0.4695865,0.061939493,0.58897007,1.6648641,2.3419282,0.43864498,0.0021608158,2.278372,0.0,1.5666052,0.028686741,1.7531034,2.6953635,0.371698,0.50001377,0.0,0.16469263,0.35137302,1.687676,0.13552937,0.20672558,1.1445129,1.9831207,0.07993517,0.029589653,0.48884684,1.8670762,0.9566753,2.5075011,0.8272579,0.30469784,0.0,0.364915,1.3079678,2.052349,1.029106,2.1231031,0.37406313,0.32722467,0.02866711,1.2572882,0.3783198,0.21183856,1.0603937,0.4538047,0.63584393,0.162137,0.48426554,1.0511909,0.09180787,0.20964219,0.6339484,0.34770703,0.48064667,0.80769986,0.25602898,0.117140524,0.60008466,0.9806699,0.19688408,1.1386207,0.38759604,0.7449364,0.66126156,0.50476915,0.14559272,0.8160763,0.13588648,1.1005831,1.74102,0.48002437,0.75859755,0.69133586,0.144285,1.2948841,1.629541,3.0477915,0.26944122,0.22504209,0.22444236,0.08432939,1.5341252,0.261851,2.235702,0.76118374,0.30506223,0.14257346,0.16447417,0.1220637,1.1762146,0.7927434,0.0043663727,0.55894774,2.188337,1.9259801,1.12215,0.9399781,0.005631014,0.17035125,1.0814928,0.62727076,0.17227614,0.15935802,0.19979183,1.703174,0.099409804,0.2169702,0.5925431,0.699126,0.93042564,0.6705373,0.06378268,0.05852127,0.43471858,0.33212382,1.531255,0.7217903,0.030963264,2.338439,0.19704051,2.2710793,2.1619866,0.00010352171,1.0613853,0.09875724,0.2749447,0.033532184,8.898192,2.472643,1.391789,1.1896839,1.5930711,2.3716252,1.329332,0.041146483,0.61677855,1.0352848,0.0080076335,1.1370338,0.39048067,0.20154965,0.33820155,1.4222345,0.61589664,0.629981,0.78077483,0.048795555,2.9666543,1.4142034,0.2906976,0.29596835,3.383934,0.15249228,0.16344039,0.72386146,0.0019661381,0.91732395,1.1131299,1.3032955,0.015495791,0.98348063,1.7332562,1.214092,0.053244885,0.7619503,0.21879445,0.12069077,1.174038,0.42564657,0.689218,0.51787245,2.0850391,2.852676,2.0540235,0.42804655,1.1211958,0.7068891,0.9844639,1.7151526,0.25693253,0.32377318,0.38551095,1.2303885,3.8082871,0.008326238,0.03919269,0.1712862,0.0,0.5777101,0.5855105,0.08230762,0.06709271,0.003668497,3.1921685,0.94057244,1.0640589,0.18062273,0.8713098,0.7768438,1.6515409,1.0698819,0.91551286,3.421936,0.011886779,all_pothole_images\pothole_images_new_image_317.jpg
0.9515747,1.6297137,0.44007227,0.5976427,0.09848135,0.8795324,0.21775757,0.05941242,0.62469745,0.8498915,0.21210216,0.18919645,0.27450013,1.2032145,1.1592774,0.118047506,0.6580917,0.5771917,0.0761823,0.42203462,0.7486093,2.3577285,0.54348683,1.4998542,0.2646206,0.78175867,0.6055048,1.3521451,0.1815433,1.4868394,0.5079588,0.022863667,0.72032195,0.19864982,0.094772756,0.44159818,0.23038414,0.63488156,0.119717635,1.3979528,0.4472958,0.56395096,0.2361596,0.040278856,0.0868504,0.10940893,0.12148702,0.21698175,1.6516298,0.043096066,0.57453746,1.3338274,1.2239671,2.0001383,1.1407253,0.69550866,1.5205897,0.1501536,1.4955312,0.7939818,0.22476517,1.4527351,1.8313508,0.22109674,0.6265226,1.9181174,0.48208252,0.2049766,1.9661099,0.08870617,1.209422,0.27309427,1.9508795,0.59537935,0.17204046,2.0290833,0.018833982,0.12851545,0.40737018,0.45934942,0.12024714,0.04227855,0.31079143,1.4769892,0.40240377,0.7681832,0.48728618,0.25014052,2.1314437,2.574608,0.0026022547,2.008484,0.32072508,0.92827946,0.8632512,0.13513765,0.7361943,0.7166056,0.89243484,0.36346906,0.124258295,1.7843785,0.91628677,0.07949112,0.70415705,0.84501725,0.18271147,0.13943258,0.62227774,1.7763011,0.46965906,3.6021845,1.5186884,0.0246161,0.40585583,0.22192599,2.3187568,0.2514905,2.052776,1.8483416,0.5264769,1.1547533,0.5926226,1.5910367,1.5649822,0.43517056,0.15279089,0.70053536,0.33460414,0.15552312,1.1597784,0.17593028,0.87523806,0.58176917,0.16399804,0.12558685,0.18927872,0.11558795,0.12113299,0.4580948,0.10466766,1.4533916,0.430193,0.13759203,0.2287775,1.6870276,1.4772874,1.034293,0.16951358,1.601744,0.42356977,0.6135541,0.18165782,0.49997157,1.0056286,0.0,0.43044662,0.6693731,0.026928954,0.577549,1.0976155,0.3476915,0.19029346,3.0298493,1.7429372,0.2532411,0.94979995,0.22795372,1.9408907,0.117361866,0.8825534,0.84513324,0.62153804,1.0654057,1.6527468,0.8974773,0.83906895,0.37864348,1.0748155,0.70661634,1.1408871,2.4535854,1.5389843,0.9926748,1.588586,0.5222103,0.103491016,0.20894752,0.0809544,1.626341,1.1423075,0.8247529,0.05480595,1.3459032,0.29062712,0.04540998,0.7510382,0.7263059,0.36991805,4.334149,1.0524443,1.3653262,0.5813104,0.6500911,1.6638267,0.9094216,0.022620225,0.31753367,0.7830521,0.5501532,0.49972805,0.99896204,1.0889195,2.0342076,0.44985634,0.3935004,1.2845873,0.18352298,2.3916712,0.12130532,0.57103777,0.7114256,0.67052996,0.97670394,0.44912547,1.9974036,1.1615083,1.0364826,0.7354528,0.006738914,0.6423328,0.12700179,0.28755954,0.029535487,0.24143991,0.3709922,0.18779023,0.074349776,0.007756724,0.14948004,0.5892818,0.149786,0.061400086,0.6132156,0.0,0.0,0.9248146,0.059142843,0.082422584,1.0140388,1.8154405,0.8221423,2.5386083,0.06541607,0.96349746,0.71642137,0.9080738,0.011139565,1.7708684,0.7114144,0.39902177,0.14557211,1.4605473,1.0176085,0.7362054,2.1178641,0.7852007,1.5561869,0.7443077,0.49652362,0.074019566,0.27999583,0.31233028,3.7780762,0.7073185,0.24336651,1.0171173,1.1704756,0.29623085,0.5977945,0.0,1.0977463,0.39642632,0.35540465,2.0467572,0.031998318,1.0978805,1.1698071,0.8066962,0.23947717,1.0375645,0.49327463,1.2747706,0.86079776,0.25441486,0.3290767,1.8499625,0.90696526,0.27692544,0.13366331,0.026026137,0.41020525,0.3403333,0.52040493,1.1315602,0.3730718,0.7725267,0.7803399,1.4281417,0.2529568,2.6124117,1.9284525,2.804394,0.83870584,0.5068335,1.2221564,1.1473485,0.6168723,0.36091474,0.89801365,2.1201863,0.5943135,0.2633648,0.5265089,1.1490433,1.0627474,0.6483414,0.98019487,0.18262471,1.6781929,0.47689125,0.16922458,0.7049628,1.0330403,0.84395504,1.5022718,0.9471278,0.7021067,0.8501165,0.12151165,1.8737422,2.9415948,0.7210139,0.06305423,1.7177145,1.32942,0.11349116,0.0,0.9795241,0.95507956,0.083016664,1.1295838,0.7543332,0.6127801,0.7114879,0.82528675,0.6808233,0.8104394,1.5005462,0.6355161,0.2149326,0.996797,0.6619392,1.3307332,0.9636558,0.091990545,0.3925783,0.4945387,0.08217039,0.66797286,1.037759,0.5434159,0.15431063,0.0,0.8750993,0.09608827,0.21863362,0.4911915,0.55792034,1.94313,0.04861462,0.36650792,1.1321906,1.2390937,3.1271412,1.8774098,0.3034046,2.328335,1.7328103,4.155914,1.3799497,0.86998063,0.4426959,0.50951177,0.18282801,1.1863247,0.4077885,1.3361633,0.82777464,0.15265515,1.8850415,2.3241565,0.08056431,1.8419133,1.0324724,0.003702046,0.28936854,2.2111866,0.046771493,0.8349377,0.34534416,0.23567195,1.8093548,0.25644764,0.06442533,0.5095996,1.775278,0.756146,0.6334367,0.4229065,0.45462587,0.76811,2.978343,1.192428,1.3841563,0.0513688,0.8444076,0.8417867,0.98244566,1.0219078,0.32596654,1.036513,0.18545496,1.6884966,0.44755647,6.204114,1.188145,0.5880753,0.81004804,0.9405561,1.2770596,0.7104328,0.12922682,0.088763244,0.90171105,0.22349347,2.9449477,0.62941754,0.9620331,1.0732214,0.0655309,0.16197786,1.0971357,0.9399403,0.23877846,1.0143869,0.63055116,1.0855976,0.23720317,0.41345468,0.5077199,1.0156317,1.1841633,0.10984886,1.8640124,0.6986498,1.9185417,0.21858218,0.20353566,2.3725734,0.109766714,0.6805357,0.33930954,0.6442737,0.34738845,1.0024118,1.3944817,0.19012001,0.25367537,0.75281835,1.0391121,2.4614148,0.26002514,0.29436,0.08213979,0.72432566,2.3258142,0.1837853,0.16587667,0.00789437,1.7497182,2.3637607,0.17274763,0.027983142,0.110595554,0.08575812,0.32163662,0.3573198,0.1422214,0.76754594,0.18213286,2.5344079,1.0852443,0.9763387,0.2869527,0.08317389,0.0,1.964495,1.5187144,0.18564026,0.7798968,0.1856125,all_pothole_images\pothole_images_new_image_318.jpg
0.07959628,1.626674,0.097101055,1.8193578,0.07843186,0.8498142,1.7241126,0.22542925,0.17198125,0.8960925,0.27910072,0.1619654,0.26016724,1.935559,0.5300718,1.3584194,0.10131972,0.107555136,1.3567389,0.13719396,0.40271237,1.2676876,1.4928392,1.100798,1.0539926,1.4093363,0.15011379,1.0213639,0.12348388,1.1770232,0.43688002,0.032231227,0.0,0.080459476,0.24329172,0.6876007,0.51586837,0.36643806,1.058811,0.062292792,0.020257752,0.057900973,0.7586096,0.46544576,0.85661834,0.07983846,0.41997734,0.0,0.17935212,0.038495924,0.517713,0.51652616,0.64346945,0.7651072,0.17074503,1.3632121,2.0357223,0.4335793,0.20170666,0.30781317,0.23620494,2.6938944,3.192988,0.12449544,0.18430798,1.0611237,1.4072913,0.42759442,1.7582492,0.059230924,1.962496,0.35534322,0.12192345,0.45680532,0.27523473,0.87930053,0.2793631,0.04870377,0.56884754,0.48370174,0.8680255,0.55101013,0.75720775,5.1146364,0.49540985,0.0536726,2.0718386,0.22879215,3.2066805,1.1709121,0.69011265,2.6745112,0.3403918,0.9732605,0.17834558,0.18774849,0.013743397,0.33969894,0.5501885,0.21999079,0.109852694,0.7321028,0.36781958,0.048355743,1.3638235,0.5947664,1.6961828,0.08070568,0.04688559,0.23425116,0.9380593,0.93452483,0.59593385,0.2630271,1.8508688,0.34029606,0.0137457065,0.43349215,0.5843685,0.103808135,2.2117481,0.52820003,0.3228034,0.39491987,2.3131897,1.3051269,0.84792,0.28733703,0.1543734,0.21944882,0.0,0.015607406,0.7751193,2.5343237,0.32854196,0.007054406,0.0,1.4725802,0.73856276,0.89619714,0.44928944,0.8605344,0.044358894,0.26422757,0.32778394,0.42860806,0.76543015,0.11279473,1.2171135,0.3957442,0.089578405,1.0513877,2.0263538,0.12031994,0.16818105,0.6654835,0.65174735,0.049000382,0.0,0.053063445,0.31862545,0.16434008,0.84442127,3.0553195,4.5534453,0.7545906,2.1447988,0.01427271,0.67710096,0.054944914,3.082872,0.32779437,0.83148813,0.2352848,1.8547707,0.017103417,0.19549891,0.6314266,0.8411484,0.44062236,0.28864893,0.8480816,1.5438082,0.024226516,1.0493968,0.6497414,2.4206421,0.23127575,0.1767371,1.0378772,0.5806379,1.4912385,0.0,0.8826692,0.006124433,0.19218408,0.24192664,0.79318184,0.8353742,0.014564702,1.1894349,0.5330103,1.131358,0.357798,0.24778296,0.27173206,0.0,0.63086635,0.5234984,0.8869364,0.044273257,0.76920116,0.5539467,1.4226229,1.3316952,0.4504929,0.04013477,0.52579224,0.64469403,0.12916559,0.09059963,0.16206904,0.67273384,0.023908813,0.2488991,0.5423356,0.6660908,0.17395157,2.0323064,0.36328995,0.5898545,1.9564383,1.0098666,1.9498991,0.0,0.46677008,0.94168776,0.06698523,0.08777534,1.2470775,0.0,0.15414836,0.03225138,0.045233667,0.7439599,0.054583345,0.31041318,0.06771475,0.26542422,5.549102,1.6408252,0.14475131,0.3813737,0.07185654,0.112610325,0.9088461,0.7171507,1.6594398,0.046202492,2.5339928,0.32606748,0.49894214,0.0039197826,1.3811758,0.79621935,0.17506805,1.0021341,0.19418673,1.0156082,0.0,0.30799788,0.9054092,2.2416258,0.840359,0.078075476,0.6969981,0.19667082,0.39231452,0.49740392,0.33063498,1.4600241,2.2581034,0.4981841,0.37257913,1.0073465,0.43370202,0.9746626,1.0575237,0.5609871,0.8502768,0.09433045,0.31771332,1.2662529,0.11528907,2.0131793,1.579464,0.0,1.6487708,0.5392748,1.1149176,0.012350761,1.2830616,0.26210734,0.10103522,6.6545887,1.4053415,0.85669535,0.08527858,0.42387676,1.065997,0.018870981,1.1233636,3.3629456,0.056117732,0.082640186,0.089594826,1.3750918,0.58716464,1.4549224,0.40426585,0.082970284,0.64252913,0.19199239,0.035011534,0.58406425,0.7314934,0.46709496,0.30081844,0.74583584,0.17783844,2.3355603,0.14542906,0.36475018,0.36493573,0.007749478,0.64173216,1.2052128,0.6839623,1.320691,1.0528035,0.8076025,1.7691936,0.25822198,0.10948592,1.1641214,0.00936108,0.8692552,0.032105688,0.053917173,1.8482835,0.94272286,0.021649897,1.5981221,0.075257406,0.3620924,0.30764726,0.45125508,2.515258,0.88418305,0.111215495,0.031047901,0.7891249,0.7722555,0.8063981,0.0,0.3982894,1.4534106,0.2964445,0.21031266,1.1540319,0.6529482,0.28968757,0.23593028,0.5770487,0.6890601,1.7060864,0.010972448,0.34562778,0.38178316,2.7298746,1.0245569,0.03717532,0.8074636,0.43224224,1.9723924,0.47990716,2.3573909,1.561219,3.457518,0.3146902,0.5448256,0.0060019996,0.0031476568,0.33768806,0.21217504,0.121630475,0.0063705104,0.9018085,0.2016819,0.4842581,0.7504342,1.1322091,0.5513001,0.5261699,0.35535735,0.56395614,0.15798704,0.8913575,0.15726694,1.6280458,0.40046436,0.12200759,0.0057019647,0.07461265,0.7835119,0.010852912,0.6519432,0.110262945,0.3901435,0.4051828,0.2197187,0.13463596,1.7852374,0.65756404,1.84923,0.16274422,0.21108821,1.2482682,0.41163647,0.91604114,2.9722676,0.0971044,0.521284,0.08689631,0.14837427,0.82993066,0.2134847,0.07218072,1.2628024,1.276663,0.19387461,2.2836607,1.2243109,0.2300099,0.7501468,0.49026504,2.0231786,0.45001668,0.028500171,0.33772153,0.9512292,0.13338467,0.7311012,0.3518385,0.5351973,1.3452109,2.8469841,0.523673,0.06733541,0.017066399,0.8314733,0.4699744,0.5663684,0.2087778,0.7884296,0.34163892,1.3083297,0.4782728,0.86212933,0.347125,0.191973,0.00961612,0.9447037,0.01063411,0.26749122,0.46320125,3.6262088,0.24581791,0.009302589,0.35614806,0.009810751,1.4758142,0.47822735,0.682863,0.0,1.0967689,1.2477884,0.0288463,0.11451146,0.0,0.06373575,2.5600414,0.08442886,1.5374049,0.016170457,0.022933882,0.34040567,0.18751869,0.911188,0.0,0.00967346,2.827871,0.38226444,0.20726186,0.8400898,0.1930944,0.0,0.8168246,0.27442342,0.25611112,0.9012423,0.22360174,all_pothole_images\pothole_images_new_image_319.jpg
0.17448628,1.5570023,0.29575157,0.818344,0.5831383,0.31797466,0.08022088,0.47185656,0.5643571,0.12023488,0.22918786,0.3811502,0.3066507,0.246922,0.12715465,0.09283541,0.6906982,0.122935,0.020522533,0.7717761,0.5049488,3.3164852,0.4934602,0.54150957,0.03235161,0.105407596,0.1571095,1.4057614,0.2850315,0.8496168,0.5606522,0.105994456,0.9847889,0.26431766,1.5343217,0.09606241,0.6463135,0.70588356,0.8572121,0.8940292,0.8888425,0.0,0.0054859202,0.616505,0.5643154,0.20097429,0.03483953,0.0,0.19729291,0.5072502,1.1179982,0.83338267,0.64817274,0.48899972,0.6842362,0.9125128,0.67068255,0.06693776,0.04885615,0.031318013,0.044982452,1.2913733,0.5060443,0.14920725,0.3008141,0.5906093,1.1793342,1.0944275,0.7994388,0.0878034,0.25369194,0.51445895,0.7163401,0.17280892,0.19010113,0.42638794,0.5254367,1.9166363,0.32321885,0.14165433,0.7694809,0.78296256,0.046978027,2.5545006,1.3689674,0.51793134,0.070922025,0.20187432,2.7159872,0.324985,0.5615246,0.039653357,0.08389397,0.5094025,0.31776446,0.64765537,0.050696827,0.2701362,0.5158833,0.0,0.58986235,0.52175874,0.3415282,0.12125134,0.022941723,0.7042395,0.24263065,0.3107001,0.09836553,1.6407883,0.13213612,2.6284022,0.9215605,0.3260943,0.059907038,1.1833432,2.7957087,0.27475166,1.6958874,0.51529205,0.49148843,0.6761795,0.5056517,0.52519554,0.4337745,2.2358134,0.46707845,0.63822246,0.35186085,0.40033066,1.247276,0.023741119,1.0435442,0.13494481,0.26434854,0.8073998,0.2350483,0.12350471,0.95006675,0.5566832,1.0146796,0.16942,0.00046561914,0.9399766,0.07260973,0.32379878,0.045602564,0.20847397,0.29263335,0.28739718,0.18853045,1.4389447,0.0051499074,0.033128627,0.59310544,0.35286003,0.89620644,0.33894253,0.9147136,0.116794854,0.6661669,0.25879127,0.08522701,0.64428556,0.015418347,0.033039935,1.4271786,0.2189854,2.1811435,0.15402935,0.48630625,0.08945713,0.17210893,0.5075829,1.6568946,0.11341016,0.77102035,0.04680572,0.29102522,0.001062995,0.47089264,1.4034116,1.792746,1.2030034,0.83421206,0.35840532,0.69631577,0.3313258,0.15587746,0.46329564,0.5566154,0.99055463,0.108148985,1.7706575,0.01976764,0.40917352,0.9417069,0.087021604,0.13616529,0.69185686,0.35523137,0.49608046,1.7819113,1.0746231,2.994109,0.3032522,1.6740775,0.52849376,2.0237172,0.39984617,0.09105442,0.17954896,1.0846039,2.2631946,0.42602664,0.40255234,0.08197852,0.096375465,0.7528725,0.074015625,0.6821057,0.9107771,0.2996437,0.36103424,0.9536166,0.29842696,0.42101994,0.7068732,2.2304237,0.2386378,0.020317907,0.23747693,0.53706396,0.5733974,0.5658087,1.2828355,0.2534732,1.3415323,0.021199726,0.00494756,0.44826648,0.31465167,0.0005395938,0.018657204,0.3616417,0.04136466,1.3109151,0.08662824,0.09519219,2.9869764,1.9309465,0.053094376,0.892608,0.6229931,0.9337456,0.012827328,0.84945846,0.29034832,1.217836,0.30167195,0.077599764,0.83178365,0.85697466,0.56258315,0.31954542,0.002068424,0.25766805,0.3305587,0.78707737,0.3655513,0.111827925,0.07442402,0.31558153,0.063136995,0.08566479,0.09399348,0.8862583,0.3553766,0.16553162,0.7865842,0.42049333,0.38655767,0.045195296,0.524352,1.3054094,0.46507627,0.4628585,0.3984548,0.8130933,0.092215106,0.008375657,2.0598178,0.18686247,0.2664818,0.10864644,0.93532705,0.83999735,1.4849101,0.11485495,0.50148886,0.014285609,0.32428065,0.19664456,1.4824443,3.7897325,0.055154584,0.0026896177,0.5747997,0.816917,0.022161428,0.7430675,0.023175769,3.580453,0.95156085,0.0,1.166435,0.048849855,0.2512463,1.2078182,0.16705376,0.014137822,0.55937,0.0049541774,0.34455317,0.27524763,1.3216394,0.5488857,0.6786583,1.6225293,0.23831262,1.9824673,0.15786935,0.7010691,0.5020586,0.35193035,0.6458261,1.2653773,0.108351685,0.0009975975,0.1763522,1.4058028,0.5473087,1.9220887,0.017381536,0.089427784,0.8979003,0.12268239,0.2534036,0.69521064,0.8383266,0.17399795,0.53926784,0.31187057,0.08392706,0.57974786,0.48067123,0.19798477,1.0271885,0.2970986,0.53419757,0.09449143,0.50328726,0.30593908,0.34062836,0.20244415,0.07904526,1.9365726,0.70119804,0.26046333,0.078003645,1.7099676,0.374503,0.6237459,0.013191774,0.6852725,0.18466048,0.10566039,0.13250932,0.44526157,1.2086188,0.29492557,0.0508871,1.5674247,0.63366216,4.1842327,0.84704596,0.7424559,0.32096863,1.2738953,1.7057958,1.5947139,0.5747308,0.073307686,2.2208042,0.0,0.031670645,0.064898774,0.27131784,0.2514623,0.5132164,2.7580316,0.20672801,0.31500283,1.2785668,0.5081195,0.029513258,0.33778065,0.48320973,0.077985965,0.11268909,0.40001887,0.0322381,2.1685736,0.7131776,0.8695999,0.28484324,0.25125557,1.3441024,0.19842194,0.07325564,0.73650724,0.46707496,0.12692344,0.3081368,0.18299791,0.891313,0.11186007,1.5485729,0.33053073,0.46766344,1.3902456,0.0,0.095581405,0.23095874,0.6832352,3.6356409,0.16640429,0.17801796,0.14857589,0.3796284,1.1246526,0.11779382,0.005091587,0.24432859,1.3906648,0.23850825,1.5462357,0.7458759,0.06728321,0.67752147,0.4455039,0.9521223,1.6711919,0.2569955,0.8801723,0.48606345,0.31117985,0.0,0.015357578,0.34870192,0.42371106,0.6641173,0.6079079,0.003370672,1.6511511,0.07485518,0.6216149,1.5330806,0.56784284,1.2511266,1.0931416,0.7145318,0.24852009,1.1466736,0.7380119,0.13446096,0.3663655,0.5718443,1.0309887,0.087320685,0.33640113,2.1705632,0.35870683,0.23944189,0.072763026,0.060025487,0.6742854,0.114752896,0.6848578,0.36556375,0.6992459,1.5790645,0.00161202,0.12554194,0.10357958,0.48999044,0.000603762,0.2705716,0.0009542947,0.004426836,0.66156244,4.1510386,1.1061074,1.8396977,0.08409497,1.2797339,0.04309422,0.19321996,1.2663184,0.8363605,0.0575247,0.12378712,all_pothole_images\pothole_images_new_image_32.jpg
1.1175638,1.5796161,0.29559457,1.5065329,0.08848594,0.40900365,0.6768861,0.0,0.15389886,0.4434098,0.69645876,0.3722037,0.4361036,1.7023841,0.15539163,0.24505955,0.22800346,0.34643242,0.7709165,0.5128966,0.5160461,1.6216187,0.155637,1.4018673,0.9333169,0.21101332,1.016416,1.9281569,0.1255516,0.78360146,0.5663908,0.22604656,0.32999572,0.1373675,0.8495138,0.08408102,0.10337841,0.5856463,0.04853866,0.9260428,0.0,0.0663288,0.16217844,1.2170618,0.6299817,0.0049768477,0.1539764,0.22968534,0.015321125,0.44119295,0.22249806,0.51746017,0.35173634,0.09419552,0.2930509,1.7248621,1.3683698,0.5141025,0.70669407,0.55363387,0.23801133,0.3623441,0.5932946,0.20038937,0.41895488,2.224128,0.67410785,0.34167767,0.39439192,0.7302178,0.5663297,0.65939075,0.6073531,0.29763237,0.14254439,0.49074858,0.31924176,0.57044715,0.09889209,0.43241596,0.36361146,0.32316124,0.04132735,1.8741015,0.30098113,0.38726634,0.21431834,0.14531443,3.5459495,0.23558687,0.16357787,0.18118967,0.78740007,0.7677491,0.038690045,0.035044964,0.31669086,0.43777028,1.2349632,0.63845384,0.038095966,1.0354489,0.16988552,0.42964888,0.363134,0.35848254,0.32092252,0.13375147,0.002870488,0.5182444,0.22642918,2.143278,0.19003743,0.28213212,0.17483383,0.6316959,1.6860801,0.12332074,0.40475184,0.07955695,1.5866954,0.45111117,0.68164736,0.8474909,1.2437484,0.86432964,0.20965958,0.59200466,0.48561147,0.2146344,0.5473798,0.34681365,0.5395084,0.29470754,0.33187473,0.82329,0.47732636,0.51196676,1.2874926,0.54907477,0.09760828,1.2543153,0.19270392,0.7559968,0.04821501,0.53839254,0.46266243,0.00019423882,0.7719335,0.6984595,0.12511182,0.39103648,0.0,0.5914699,1.1228968,0.3615109,0.35366046,0.08683195,0.6135738,0.63761604,1.9324739,0.6296601,0.013886384,2.4800098,0.36506656,0.26920074,1.6875247,0.081164986,0.38366884,0.92538375,0.008137154,0.03277808,0.32222542,0.24071738,0.4075745,0.033996373,0.41357067,0.007562409,0.20169392,0.40486237,0.24873412,2.504425,1.7055936,1.1364957,1.3758473,0.928348,0.073234394,0.0012101191,0.5835465,1.1750524,0.45970818,0.9992387,0.13571368,1.2010597,0.03984611,0.016360521,0.5067917,0.8380067,0.18920614,1.4181994,0.14994653,0.6083922,0.0017513642,0.1656713,1.5177377,0.5112886,0.5144529,0.22011745,0.28447703,0.020014698,0.12918834,0.5412479,1.148378,0.29071566,1.3411719,1.2942768,0.68001074,0.013198052,0.6383237,0.13172409,0.6299844,0.05332837,0.440399,0.8189005,0.42261136,0.8361476,0.6381799,0.37332702,1.7087623,0.018774096,0.5553818,0.36910668,0.50454926,0.295404,1.0476394,0.53084385,0.84914225,0.021594591,0.023102013,0.01126401,0.017689725,0.2557084,0.24809402,0.13205515,0.26557934,0.0,1.0356778,0.12473962,0.39724967,3.861639,0.53078187,0.24477117,0.5761443,0.25633904,0.11871154,0.022263598,0.7502299,1.1721257,0.2929449,1.0965502,0.30547476,0.22404997,0.8406883,0.24911986,0.29569626,0.98541397,1.2723941,0.3848351,0.8181743,0.53839564,0.6885626,0.0,0.14588796,0.14097062,0.8144959,0.6401442,0.29453626,0.21124849,0.9588425,1.628431,0.9635105,0.15714096,1.1271762,0.14471206,1.1016436,0.7695295,0.20675546,0.63467747,0.48789856,0.5439566,0.355318,0.06952677,0.31103274,0.5164437,0.5747683,0.5510946,0.97552854,0.4659486,0.5036711,1.8698786,0.33627903,1.0923867,0.035506006,0.32233766,4.1375413,0.07131993,0.0,1.1295542,0.340924,0.003308234,0.9028061,0.21854198,2.862356,1.2938215,0.17587522,0.33414185,0.34885165,0.8073827,2.3016331,0.64007896,0.05013824,0.40317187,0.07811249,0.23964462,0.89390945,0.711425,0.49768633,0.046423357,0.8252315,0.402288,3.5481622,0.2445305,0.45718512,0.6949596,0.42905942,0.18275575,0.84944284,0.8616511,0.36621818,0.09626532,0.5845212,0.45974344,0.9401189,0.54411554,0.2260858,0.6871096,0.1369146,0.3185561,0.034859497,0.46532673,0.11053544,1.0444392,0.83963966,0.8508115,0.014679895,0.45859644,0.21215239,1.1016514,0.10411066,1.141331,0.10567201,0.05664502,0.15589039,0.2643445,0.002114464,0.34239775,0.8973347,0.26908687,0.13527694,0.14756209,1.3246846,1.0266917,0.80804926,0.09341701,0.816519,1.086354,0.0,0.4546292,0.45281577,0.17698824,0.25048643,0.28347984,0.11758116,1.5562685,2.372166,1.7831535,0.76149756,0.17979926,0.06212097,2.2262292,1.4670247,1.0079572,0.093303815,0.2029945,0.061776552,0.32640365,0.9080022,0.116005324,0.18259183,0.043382585,2.8342865,0.7167966,0.44404086,0.97129846,0.25643373,0.17236806,0.41660118,0.67222595,0.004701526,0.35644358,0.16735962,0.48996004,0.4285439,0.17608224,0.11874607,0.5384794,0.5345268,0.45158616,0.97848284,0.01448717,1.1310259,0.327852,1.2811093,1.6019028,0.9808203,0.26365897,0.71442413,0.37978408,0.563577,0.015812924,0.08855001,0.19903545,1.3275266,0.3721341,0.21219763,3.4394858,0.10784178,1.1025879,0.215737,0.24030216,0.8377066,0.034256782,0.09442289,0.39460838,0.17753524,0.004251909,0.8310179,1.0390071,0.5119775,0.38385975,1.8731898,0.48779303,0.8662494,0.59653,0.36895603,0.33933803,0.16319576,0.29921335,0.026100684,0.7754016,1.4472818,0.15701902,0.19812483,0.12411805,1.0079851,0.30223197,0.6233823,0.033403803,0.20664166,2.0354013,1.0246692,0.66482633,0.044173416,0.25246355,0.6531637,0.5009767,0.34510598,1.0455722,0.15076551,0.12620997,0.5963044,2.2088063,0.42365697,0.56029475,0.003128291,0.6742971,0.33446234,0.2138002,0.45989904,0.0,0.4605151,1.5053508,0.23651241,0.00032779132,0.09803248,0.08965652,1.0408013,0.0144786155,0.0036276255,0.15028447,0.18494126,2.6073492,0.84664714,0.8245835,0.24646282,0.5377558,0.2536994,0.98211825,0.35961473,0.34039056,0.36729357,0.28257445,all_pothole_images\pothole_images_new_image_320.jpg
0.47354612,0.8333308,0.5036016,1.520723,0.17343034,0.7942483,0.30517113,0.17956081,0.0056871977,0.049308274,0.08939843,0.4959208,0.6116321,0.5340744,1.4577112,0.15802282,0.24493645,1.0050642,0.49558398,0.10616798,0.044851206,2.7259717,0.014265741,0.10519082,0.7174473,0.6735103,0.74028,1.1367803,0.31423903,0.021363746,1.1229309,0.9291654,0.7437946,0.17061178,0.24364093,1.688138,0.22625323,0.9468006,0.849571,0.5726268,0.104828686,0.15942153,0.74375355,1.3149348,0.16643602,0.009480239,0.15404326,0.09635061,1.0941751,0.7319563,0.50355935,0.39664984,0.29820523,0.8308187,0.08459473,1.3081504,2.374176,0.03324673,0.9565619,0.09384029,0.04116904,1.0061989,0.22311465,0.0,1.0326107,3.8435276,0.32750234,0.040954705,1.2301095,0.0051896353,0.078838296,0.24037984,0.73999643,0.33597502,1.4073035,0.8498577,0.12941258,0.4450674,0.45029563,0.87113094,0.07051858,0.0,0.35459328,0.665888,0.8535133,0.2388183,0.12910546,0.7453766,1.7028264,0.33547056,0.20094909,0.12394188,0.0,0.07749525,0.19967632,0.0008795501,0.7069176,0.4158033,0.9235953,0.7907956,0.1452739,1.5569869,0.26920262,0.08898134,0.51297987,0.2619074,0.16358395,0.5876265,0.11490696,0.3320088,0.0,2.3394349,0.8846036,0.38902175,0.93588287,0.0807982,2.2402968,0.43156043,2.4711413,1.0315459,1.5797122,0.61074346,1.2088152,0.02954155,0.39627016,0.52363664,0.5734289,0.9832793,0.8534547,0.15450142,0.45363298,0.05162025,0.36947918,0.011398466,0.025740555,0.07283357,0.5356947,1.2232907,0.58498836,0.2065692,0.5554997,0.7289071,0.2030043,0.3580959,0.38221008,1.9897143,0.0,0.0338679,0.24428827,0.4042286,1.0374045,0.5581783,0.033754162,0.0,0.87132525,0.95536715,1.169683,0.4398398,1.4520144,0.17148484,0.7549434,0.22942695,0.23309653,3.6651502,0.3244109,0.3549688,0.12080013,0.13085768,2.821181,0.11465979,0.0145198805,0.22462422,0.042219117,0.021861475,0.7449982,0.22568679,0.36838573,0.0008650135,0.55064774,0.15733556,0.00081582257,3.5505893,2.4014862,0.9032939,1.1727284,0.09454643,0.0910504,0.90410817,0.41934845,0.45511937,1.0713654,0.44578287,0.0,2.3598328,0.17978816,0.0065832087,0.27136558,0.7065876,0.6799439,0.56549567,0.69066447,1.2035518,1.2227547,0.7558272,1.0214467,0.91894263,0.13911323,2.1457644,0.71365315,1.4646143,0.007540485,0.09694831,0.77592593,1.433456,0.9256623,2.0343704,0.52579176,0.1398112,0.683822,0.28501803,0.89089715,1.2971661,1.2670834,0.9510051,0.48431104,0.64971006,3.259897,0.121170275,0.17149837,0.03218139,0.0024070235,0.30204913,0.015424665,0.022150254,0.015480064,0.036983155,1.9510968,0.0,0.06605776,0.35612783,0.80447775,0.38878655,0.42296714,0.20635574,0.6483066,0.005741112,1.0383673,0.08367612,0.14719406,2.6424205,2.8871868,0.2899676,0.9963753,0.18720506,0.056573294,0.5326774,1.5476353,0.2825417,0.4208498,3.6956797,0.022896348,0.04005521,1.3637568,0.80354905,1.0479671,0.8868843,0.44816914,0.90704715,0.45898604,0.9755723,0.09458635,0.0,0.0337628,0.4600164,1.3413478,1.5216491,0.983836,0.34656632,0.91293645,0.124030545,0.022104533,0.019263655,0.082282424,0.36622867,0.17961325,0.18521889,0.35679096,0.08301672,0.9501956,0.5141973,0.9356172,0.16680059,0.4274178,0.14922199,0.15932676,0.2936392,0.4261781,1.6848807,0.42901072,0.16148274,0.38866162,0.76790494,0.35522828,1.9878944,3.849289,0.4336967,0.101645105,1.5654739,0.2921055,0.24500065,1.4665183,1.7235729,2.3841782,0.26867,0.2589911,0.9874624,0.030895246,1.184803,0.9186418,0.42109212,0.45160922,0.005001876,0.0408171,0.24414228,0.79852957,0.51037776,0.47590077,0.024441388,0.6971292,0.42093182,1.0352031,0.271654,0.30934146,0.15976278,0.12950332,0.23518442,1.6336278,0.10911618,0.12465555,0.3181097,0.13226779,1.0899798,1.5881002,0.09001987,1.2059637,1.2316458,0.48787206,0.0,0.25155777,0.73900294,0.83180445,0.4156033,1.4697827,0.017389543,0.14895974,0.3724405,0.3972596,0.74862355,0.6329949,0.43373203,0.039753854,0.44508004,0.3381483,0.04970953,0.047459222,0.27269852,2.412189,0.06966312,0.5680225,0.01869003,2.0397084,0.17288677,0.5300715,0.002701031,0.6780968,0.11704096,0.35302702,0.3751529,0.65906656,0.02661969,0.49266034,0.07950867,0.71949536,1.0664382,2.7980132,1.9149355,0.333385,0.009184764,1.2830492,0.5646249,0.7572088,2.343584,0.37424457,1.0066983,0.1697098,0.12003511,1.3405988,0.4630773,0.21462822,0.03375511,3.86072,0.32671738,0.25817478,0.87095886,0.8209222,0.111825675,0.10621598,1.3468461,0.040041555,0.1526914,1.8156229,0.84429276,0.95869434,0.71074045,0.02149862,0.0065355483,0.49372414,0.19541606,0.002166722,0.012637729,3.1318731,0.085981436,0.055784043,0.6923158,2.397631,0.030046623,0.41567194,1.5349783,0.11920876,1.0334269,0.29171693,0.8233238,0.4727008,1.6385541,0.19230138,4.0870934,1.035724,1.2837532,0.0387944,0.87595046,0.5360922,0.7442857,0.50709504,1.0721636,0.6014268,0.0,0.082854524,0.27648473,0.0027414763,0.12249601,0.69273204,0.5183974,0.9994225,0.35806936,0.55931294,1.3474947,1.1664394,0.37043837,1.6009346,1.2987972,0.57888144,0.510262,0.7908171,0.3456311,0.9995268,0.3484927,0.632701,0.5294704,0.84960103,0.022499163,0.57154495,0.6784643,0.47338933,0.14772761,0.056498244,0.037769753,0.6870417,1.2109103,0.22630368,0.048844162,0.31544855,3.1619587,1.3793322,0.52033603,0.0,0.32487133,0.42860833,0.12729537,1.8766302,0.32920182,0.4447514,0.54360694,0.102645375,0.29776108,0.3202821,0.6746194,0.087892294,0.08174742,0.028299296,0.68309283,0.41737467,4.715096,0.92710906,0.4560328,0.55793774,0.13436373,0.0,1.1118959,0.082660705,0.80357057,0.79149175,0.49771684,all_pothole_images\pothole_images_new_image_321.jpg
1.8980308,0.6623128,0.9047372,1.9452313,0.021199662,2.0564604,0.537398,0.52874833,0.9689095,0.300867,0.0028264662,0.6130901,0.761845,0.33293673,2.4690807,0.072207145,0.04112217,0.013795206,0.937258,0.5206702,0.46319583,1.8424909,0.7502636,0.22162199,0.44982815,0.36804265,1.5998414,0.7107057,0.0029921804,1.240347,0.861176,1.0522093,1.3139528,0.023283632,0.00019384344,0.45110193,0.16256431,0.15765846,1.4741626,1.0208602,1.3246261,0.2837832,0.065429024,1.4443824,0.811018,0.108269736,0.08557523,0.5002325,0.49227095,1.096402,1.1525289,0.2950238,1.2048864,0.042950485,0.7965819,2.7246265,0.7574252,1.2725921,1.2963737,0.111157976,0.022753613,0.71137273,0.33590597,0.6173248,0.41549185,2.78507,0.0038840515,0.44216123,0.7568629,0.9090496,0.28281593,0.6733447,0.26829043,1.040746,0.11220002,1.0874058,0.7665526,2.2265756,0.68492293,0.054334998,0.2291457,0.9417059,0.67437565,2.410699,0.51415634,0.34179857,0.5305754,0.24754438,2.558998,0.67316514,0.42112115,0.31578267,0.4845575,0.25266108,0.09135826,0.049037892,1.9762408,0.019435074,0.90516114,1.261649,0.222703,1.8206711,0.5018575,0.1649287,2.0079563,0.7687686,1.1054394,2.628366,0.8147497,0.5186344,1.3174174,2.3528578,1.0237705,0.58071506,0.15213628,1.6918641,2.5000095,0.67323357,0.10690152,0.49995586,2.4281363,0.19312276,0.5186262,0.46577203,0.11708531,0.7231024,0.9002986,0.7742119,1.15813,0.21898742,0.1414851,0.44825846,0.16113324,0.5422834,0.2690525,0.15568742,0.10051509,2.2967703,0.3586865,1.6437138,0.28849682,0.039561078,1.1726974,0.2630558,0.38749266,0.9676733,0.9943085,3.9715416,1.0063928,0.13988468,0.5034099,0.31486002,0.30554438,1.531135,1.9416188,2.217514,1.3776196,0.07623609,0.34814477,0.6538267,0.7150694,0.18480952,0.11681191,0.0024784785,0.22511752,0.6708578,0.71314913,1.3813391,2.3899639,0.008995465,0.34560215,0.021652598,0.010238171,0.25885,0.861484,0.058106024,0.8020778,0.08992345,0.12730855,1.6402843,0.22534704,2.2379775,1.3052921,1.3174974,2.0073898,0.31637096,0.74364173,2.7558768,0.6274275,1.029824,0.011558075,0.12546103,0.22392362,1.3728592,0.052990478,0.65436524,0.23164631,0.9595737,1.6565549,0.94370687,0.26370162,1.3566269,2.0752473,1.2634912,0.016745038,0.50907636,0.4664481,0.37296122,0.16988659,0.3344193,0.5667784,0.008944006,0.2178244,0.3617658,1.625255,1.8797559,0.046967305,1.9014323,1.2100841,1.1235889,0.4353604,0.76312244,0.22090282,0.46554366,0.4091622,0.92641056,6.5400047,0.005459192,0.53263813,0.96944207,2.7573628,0.7187565,0.18427712,0.4395375,0.5033721,0.4653674,2.334234,0.4317391,0.6861659,0.18047091,0.2077395,1.1318305,0.7042913,0.2024313,0.6364675,0.87828785,0.67341816,2.3670146,0.79526746,0.65222114,2.595561,0.77675223,2.6708152,0.20137472,0.9029877,0.4222229,0.7274232,1.7062395,1.0717503,0.61413544,0.25348118,0.18611962,1.2228167,1.2991052,0.9457718,1.9244,0.053314243,0.71695614,2.5301409,0.21139584,0.29798508,0.41207784,0.0,1.7129112,1.1546469,1.3040569,0.8377971,0.7954398,0.13139921,0.81126076,0.7268052,0.7617351,0.1904945,0.43116048,0.15280275,0.7136144,0.42160702,0.2705648,0.9977262,0.4443207,0.5095157,0.22084041,1.1142011,1.311203,0.087191656,0.3549146,0.32212633,0.089720264,1.12632,0.13086797,0.18855795,1.1810137,0.05600944,0.5765854,1.9072074,2.113644,0.14069475,0.8631577,0.050261497,0.1378183,0.7855052,2.3470948,1.8736985,2.247889,0.3480876,0.5597972,0.2412396,0.59739375,1.1204962,1.0916384,0.23375648,0.010019073,0.060078472,0.48771122,0.41051006,0.0,0.66622955,0.0018080096,0.21760254,0.6674245,3.073949,1.3788464,0.58612615,0.044216193,0.10390747,0.6310997,1.9681382,0.10688035,0.004918693,0.6670425,0.48050377,0.8093931,2.093851,0.71776456,1.0761887,0.42921072,0.5862789,0.14651802,0.8760471,0.19233583,1.3201727,1.5734367,2.3620913,1.567293,0.65364,1.5311167,0.45270437,1.5410305,1.4999822,0.018888801,0.034323435,0.045310203,1.1607469,0.726881,0.1732681,0.90845096,0.36940882,0.29654753,0.8860236,0.16480578,2.5853822,0.21502641,0.6011732,0.24598032,2.0017939,0.0050453497,0.57644767,0.24380407,3.0495493,0.78230387,0.15965189,0.08988985,0.9418902,0.5874722,2.4216297,1.2578198,0.2924196,0.069667086,0.13100968,0.14189245,0.9606661,1.252757,0.67970335,0.3194594,0.5858792,0.016442025,1.423758,1.1730542,0.6034621,0.42699215,2.4705276,0.8788638,2.0533528,0.36804393,0.6482567,0.52139163,0.3996053,0.18415827,0.36351833,0.06434021,1.7031647,1.0591077,0.6558785,0.6157641,1.0471965,0.79502714,1.8385595,1.2908856,0.5230985,0.06812071,1.6447014,0.354743,0.99581254,0.90123993,2.3966832,0.34418386,0.7281164,1.0045961,2.3954592,0.7183858,0.98881507,0.31586277,0.4183295,0.13653718,0.20906736,5.6270022,1.487078,0.33399567,0.98940974,0.95851225,0.1942097,1.6978277,0.7753179,0.4543629,1.2030234,0.7064352,1.2383288,1.5304621,0.030839875,1.4454997,0.67086965,1.9478351,0.42092615,0.92404366,1.3717631,1.5339854,1.3606648,1.0146554,1.2980692,4.343588,1.0999737,0.8491199,2.3010867,0.21461591,0.9375969,1.4085313,0.08552106,1.8122826,0.31210148,3.0003195,2.321578,0.48593566,1.7688507,0.11807497,2.2119715,0.49232864,0.6385247,1.7408295,0.7926308,0.34777576,0.8674068,5.114429,1.5678711,0.21927685,0.5192895,0.33229604,1.1566156,0.12974323,1.7168386,0.9904064,0.019277163,3.6013057,0.16677615,0.9208913,1.060883,0.16149308,0.49650207,0.3212251,0.121707916,0.9740761,0.1432936,3.4243712,1.5635681,0.79899144,0.8896235,1.8082652,1.766878,0.47996864,0.519222,2.3070626,0.63519573,1.7862829,all_pothole_images\pothole_images_new_image_322.jpg
1.4536737,3.5705771,1.3740637,0.49359867,0.51224387,0.21147344,0.85756415,0.7975572,0.0,1.6467083,0.54356706,0.0,0.28340465,0.06876307,0.13893203,1.1460553,1.0094599,1.2621354,0.5823866,1.0300463,0.77798945,2.5682707,0.32341856,3.1739066,0.61826783,0.57336354,1.0470723,0.27588537,0.3300065,0.7411968,1.4336194,0.77018416,0.010295571,0.8259054,0.74357533,0.98406106,1.0865322,1.3997055,0.98395854,2.157728,0.44937018,0.28724045,0.4308501,0.15497838,0.92407256,0.56092894,0.76636004,0.5506007,0.060649585,0.5708304,0.2626442,0.40741512,0.26057097,1.1348447,0.92268914,0.6411162,1.6512063,1.0668219,1.1041781,1.1432434,0.16437486,0.83192366,0.8938812,0.06868896,0.33414894,0.18443742,1.9225049,0.49653065,1.740619,1.7566978,0.25089124,1.6488466,0.6353485,0.36723152,0.7712462,1.377274,1.0259527,0.055926993,0.9795932,0.9960416,0.06935578,0.3018838,1.3152862,0.6120921,0.49994853,0.32876182,0.32426882,0.31491068,3.7091742,1.0933493,0.3489323,0.074396625,1.4156877,0.2904934,0.90075165,0.20284504,1.4897515,2.219373,0.6168092,0.83106,0.79481035,1.4562455,0.43045607,0.7267233,0.57255316,1.0497836,0.5331558,0.56920695,0.5119213,0.8870265,0.22042361,0.5919782,0.9468052,1.9376049,0.006288631,0.15562487,0.967593,0.8280065,0.74739003,0.13309929,0.60236466,1.6115824,0.50889504,0.92201996,0.50047046,0.37225994,0.1896333,0.32402268,0.36919037,1.1296291,1.1085095,0.3718898,0.49812153,0.4881549,0.99628633,1.7086617,0.041981626,0.17511566,1.4451344,0.030034376,0.35969982,1.653608,0.7180719,1.0675455,0.6668763,0.051251683,0.70215756,0.35579985,0.32549444,3.1275432,0.34825456,0.2554215,0.169535,0.6897652,0.94489753,0.058211047,0.35860136,0.20254163,0.89250547,0.51943004,1.4149172,1.0064765,0.3181901,0.27875173,0.40108988,0.09196279,0.7366298,0.14850841,0.45884076,0.28135905,2.0735812,0.5180565,0.0839834,0.01694509,2.0611525,0.46966717,0.28327823,0.37894103,0.78136456,0.4066761,0.6065845,0.094027616,1.0969034,2.2846856,3.364359,0.094395205,0.46450722,0.10280438,0.890902,0.93923354,0.6542821,0.7579001,0.4948043,0.87943316,0.74824774,0.68038005,0.4880398,0.56251293,0.7154767,1.1349907,0.4021024,1.0643578,0.40901184,1.7996081,1.2729005,1.178779,0.43693435,0.77128685,1.0551748,0.5661084,0.1113585,0.71557665,0.9908827,1.1112112,0.253606,0.18235931,2.5868456,0.13075988,0.951261,0.656569,0.25401297,1.0267824,0.74510634,0.3357968,0.63825387,0.29948038,0.4481592,0.13194141,0.13174254,0.6765626,0.253102,0.07985271,0.35794747,0.14111848,0.23191358,0.4568187,0.73990756,0.33055705,0.17944884,1.0402975,0.043103617,0.050801408,0.7843122,0.03712517,0.4172595,0.68560445,1.0101522,0.5264026,0.8523739,1.760286,0.49583158,1.2961116,1.6772965,0.2616183,0.9866325,0.40731323,1.1448401,0.93199515,0.9504055,0.24380349,0.74916136,0.5118408,2.1795084,0.64229083,0.29082033,0.48515746,1.1857618,0.86364466,1.2436701,0.58842456,0.52650744,0.23004769,0.03381718,3.1299574,0.4172483,1.3768129,1.1138067,0.20886463,1.2438232,0.6743759,0.7116358,0.07009115,0.49002916,0.76161885,1.4385215,0.1710099,0.2870365,1.1045486,0.12939379,1.0208249,2.1451874,0.48975113,0.22571196,1.8286122,1.7083079,0.066452116,1.3494304,0.17791843,2.326185,1.0306668,0.15823823,0.6804134,0.93765366,0.77538526,0.4116249,0.4336981,0.26308227,0.26957065,0.55505526,0.51278436,1.5161662,1.234167,3.9374828,0.083341755,0.80623657,0.5047272,1.1902239,1.312765,0.7016912,0.52261347,0.75946456,0.7049885,0.97769547,0.78481984,1.0260721,2.0919454,0.3845562,0.2573274,1.5785364,0.5513694,1.3377715,0.49895236,1.4803417,0.3048039,1.2788539,0.50244313,0.3391578,0.18692489,0.022339033,1.888428,0.50397754,0.34041724,0.6880891,0.49698326,1.8628316,0.1664579,0.5643049,0.045639515,0.19512643,1.3501047,0.065913066,0.5777319,0.48632878,0.86034733,0.10321204,1.7402005,0.08127682,0.115290575,0.6664417,1.0565141,0.51605433,1.065979,0.1875798,1.8963639,0.85169894,0.3371074,0.3151878,0.25980845,1.1479629,0.422026,0.21807922,1.0779454,0.6303347,0.64650345,1.5779344,1.3031855,0.1932047,1.2929077,0.5953649,0.2533929,0.1702717,1.0188031,1.6051844,0.10129281,1.6454363,0.108552516,0.6763893,0.15128021,0.67956716,5.158289,0.2610798,0.92486715,0.2952255,0.22565964,0.11947213,0.43066305,0.57609826,0.5685037,0.7623207,0.1369047,0.569762,1.9054705,0.29956695,1.8460842,0.23627818,0.067944124,1.8456335,1.0180461,0.21784553,0.35773662,0.27509072,1.1462582,1.4212703,1.8816594,0.32646143,0.9868801,1.0573814,0.43413168,0.08024488,0.20179869,1.0490716,0.84006685,0.68274486,1.2916753,1.5487086,0.49828368,1.7874899,0.5752936,0.21315227,1.5847819,0.42094803,0.07021303,0.81336725,0.06268305,0.71968865,3.1521642,1.1014903,0.0,0.8985598,0.009724004,0.601733,0.48520923,0.5787877,1.6311964,0.11101123,0.3504135,1.4741788,0.60905325,0.913346,0.6212204,0.27941564,1.8020086,1.7216992,1.0902293,0.055236675,1.64472,0.55265397,0.61533624,0.13356043,0.5039548,0.1969106,0.39998376,0.27467477,0.5018473,0.22752613,1.659004,1.1226748,0.37368295,0.38664374,0.2418705,1.627437,0.54339445,1.7424057,0.3132583,1.0982305,0.47697303,0.0,0.6423681,0.7023991,1.2648401,4.3315787,0.8710412,1.0853106,0.57108915,0.55379033,0.712911,0.70480967,0.59129244,0.62574565,0.0012866721,0.13711224,3.089499,0.64155567,0.23787692,0.59568924,0.4401167,1.6493633,0.5871827,0.5586069,0.18342432,0.054469146,0.2211979,0.13334046,0.93587273,0.25938538,0.23739897,0.08708295,1.3133551,1.0334525,1.4602219,1.0603452,2.2513437,all_pothole_images\pothole_images_new_image_323.jpg
0.66663754,0.5405122,0.10826671,1.7778302,0.48792565,0.73827183,0.51701605,0.014112057,0.09719363,0.5715865,0.3038107,0.044198025,0.3241851,2.810658,0.33630657,0.36204606,0.06131994,0.34666085,0.7214674,0.24498032,1.3620754,0.6298004,2.5637364,2.274345,0.85833496,0.22492208,0.2625962,2.1316066,0.43618408,0.10232158,0.4981782,0.04482856,0.11350597,1.186926,0.20858912,1.0037788,0.5664169,0.39085823,0.65899897,0.0037218148,0.0,0.08032604,1.3269178,1.4350334,0.24425854,0.5144942,0.3781814,0.61122537,0.2826232,0.5234591,0.8766139,0.33626905,0.45740974,0.23125605,0.116038546,0.18062887,1.7554373,0.027354522,0.26863515,0.42379394,0.024126565,0.10223933,0.762959,1.4250759,2.418443,0.08275709,0.78336984,0.18191968,0.0007621452,0.024896942,0.5123645,0.12281399,0.26056626,0.097515784,1.8651227,1.2554467,0.22654282,0.806254,0.11573958,0.062099457,0.06538754,0.06514355,0.56059295,0.19253853,1.1297665,0.031201761,0.68734616,0.8387817,0.9263226,0.46181682,0.2685754,0.12622374,0.54022545,0.41428235,0.42298704,0.28964987,1.0209763,1.1469295,0.87046397,0.13351099,0.1398447,1.6974833,0.0,0.03710233,0.72267693,0.50528866,0.44527188,0.748275,0.5932516,0.79921216,0.52569515,0.122097656,2.89134,2.1215343,0.62801564,0.6100559,0.12693514,0.07222695,1.7530798,1.8854829,1.0641781,1.1839784,0.32327232,0.36350918,0.5618818,0.7557173,0.31708708,0.12013644,0.65911967,0.62611145,0.20409343,0.14150663,0.07262735,0.32765293,0.46101195,0.016729556,0.07908941,0.59996516,0.3347751,0.31705645,0.8227039,1.1487823,0.2593722,1.2127607,0.3540113,1.958979,0.073413655,0.17178434,0.12623596,0.19033208,0.7920887,0.7819688,0.11663005,0.04331991,1.6899406,1.1186454,0.38033703,0.32630613,1.0991355,0.66437745,2.598492,0.47568744,0.09266094,0.99532735,0.18274811,0.86282796,0.44247156,0.059321363,2.8621988,1.700193,0.011782694,0.029974353,0.24354893,0.3764876,0.20255537,1.8535185,0.2522277,0.004472954,0.019850507,0.016514584,0.08521844,0.58418554,0.13041803,0.42232677,2.7249675,0.15404058,0.03303518,0.060414538,0.50851893,0.4130702,0.011216523,0.19184959,0.49038142,1.5769039,0.20567526,0.9790833,1.6911985,0.39178964,1.0713551,0.8125819,0.698169,1.6261195,0.036183175,0.07822818,0.49054888,0.5412019,0.52852476,0.375383,1.6759293,1.2805783,0.018526241,0.07308391,0.4319877,1.4395573,0.56728053,0.41221884,0.8589728,0.45256233,0.8696386,0.20795485,1.2358127,0.0,0.7985532,0.21487199,0.0015673324,0.017404504,1.08571,0.069196574,1.5615239,0.0013669177,0.230048,0.036923286,0.06499212,0.98922783,0.2365057,0.12064254,0.534455,0.23087142,0.06803591,0.21654822,0.15321523,0.0054970295,0.12044099,0.26399463,0.19674644,0.0,0.48758143,0.26084694,1.0760974,4.992841,0.5799728,0.35624534,0.051982425,0.0,0.0,0.8683529,0.8710309,0.008230083,0.5383994,2.800765,0.57017887,0.5907723,0.29240927,0.102070026,0.0,0.017507538,0.09940394,0.7632965,1.5982298,0.07921102,0.35330427,0.06129264,0.4065897,0.3091374,0.22894166,0.33417466,0.43259594,0.123910256,0.87645316,0.2160766,0.4470087,0.1571933,0.59690166,0.10825858,0.0,0.10327734,0.5297747,0.4042703,0.4168128,0.0055746757,0.26397976,0.2322796,0.24253611,0.7266518,0.28597772,0.5378164,1.5700518,0.3324653,0.2856537,2.1894572,0.8108673,0.53528404,0.0027873456,0.0,4.06211,0.7701838,0.0047737253,0.0,0.12452228,0.055655167,0.20588036,0.4621573,2.58637,2.2941353,0.08716296,0.23700087,0.0015369288,1.1794347,1.984769,0.15884757,1.1363012,0.023910025,0.14022692,1.0961571,0.71262246,0.1579953,0.8696719,0.11902388,1.3015485,0.085521586,0.7919276,0.006422649,0.0,0.00019382946,0.0065115993,0.06262614,1.5065317,0.1121381,0.7626464,0.23815536,0.33896717,0.59386057,2.272881,0.13042212,0.5034271,0.9483246,0.62929803,0.45318213,0.7331054,0.07148189,0.516186,0.46615022,0.19976604,0.20637877,0.4085956,0.09251124,0.076694846,0.9292459,0.15812194,0.30143398,0.4902007,0.04607884,0.04563697,0.36026984,0.0,0.034685817,0.43038574,0.23652579,0.6818447,0.086317025,0.0,0.5089277,0.1359719,0.21794236,0.29783863,0.77789515,0.616434,0.11467518,0.5439595,0.7208911,0.347641,0.049490992,0.07931172,0.028601043,1.5217046,1.1663103,1.8427297,0.004496515,0.2892571,0.7976843,0.0026292906,1.2961098,0.35489264,0.35719454,0.0,0.2459205,0.38371703,0.23264332,0.46744084,1.486571,0.8435102,1.2353301,0.13175884,0.27521443,0.065760046,0.26642352,1.8963048,0.3136166,0.30927682,0.54427934,0.1491683,0.6004472,0.031034147,0.41825032,0.38385087,0.725648,0.57955205,0.63478166,0.14672057,0.16639704,1.025375,0.26319182,0.1474068,1.2292727,2.3299818,0.6346173,1.751227,1.3609792,1.4444871,0.3464705,0.43272236,0.5297656,0.10599448,0.108787775,0.12828448,1.4473569,0.6343629,0.06360579,0.0048140464,0.19773582,1.1007307,0.31530684,0.00082855433,0.6025137,0.65233135,0.0024644185,0.84372073,0.73980165,0.68309784,1.70001,0.85828894,0.2891639,0.98055816,0.08350852,0.4189287,0.32600617,1.817652,0.35227638,0.8527881,0.70615155,2.590503,0.4865729,1.4937757,0.55504984,0.8866236,0.06748208,0.00030536889,0.006914222,0.018040055,0.5036227,0.38663584,0.02224483,0.03365875,0.12326681,1.4207255,0.067482054,0.0046762335,1.0506561,0.29132098,0.7363282,0.7486672,1.3605881,1.301288,0.8979745,0.2123608,0.23390435,0.06939082,0.061408296,0.6654521,0.04260497,0.20042236,0.67908406,0.21528749,0.08914517,0.07671094,0.031877633,0.4059128,0.016273169,0.2278878,0.05164342,1.0604959,2.4985976,0.35057938,0.4155725,0.4011295,0.6466118,0.5372386,0.18351823,0.21119387,1.7528061,0.83570546,0.23875257,all_pothole_images\pothole_images_new_image_324.jpg
0.8898657,0.6807167,0.55742496,1.4340374,0.077667154,1.8275641,1.12614,0.016928881,0.8679596,0.5564433,0.05029501,0.97530705,0.50437313,1.2092383,0.8708227,0.80385274,0.13437252,0.22848965,1.274855,0.60791343,0.5189788,2.200296,2.1237957,0.6349429,0.41860828,1.1296648,0.07462416,0.7974936,0.41251808,0.29449022,0.15053412,0.27473867,0.49357104,0.3056266,0.5705022,1.0652328,0.3665173,1.0389127,1.054821,0.43711835,1.2414005,0.27149123,0.7428977,1.5883297,0.18173805,0.6349767,0.20821565,0.9906057,0.5042807,0.71793455,0.7835814,0.7978092,0.5071686,0.23342107,0.840502,0.57118213,2.080426,0.29605114,1.7789165,1.1486872,0.24216503,0.6601082,0.23121579,0.5285002,0.26063254,2.3160667,0.6527383,1.4790667,0.43075925,0.6253817,0.16118395,0.21330045,0.508238,0.06467851,2.5070753,1.1693475,0.1436288,0.12754475,0.40138945,1.6132672,0.10513784,0.22710656,0.052259803,1.5368026,3.1252778,0.49178576,0.21905322,0.6394802,1.8226279,1.5490806,0.9907074,1.9060609,0.08592374,0.20876509,0.5727118,0.062470358,0.9900633,0.17627278,1.3215522,1.0701464,0.06488499,1.7260399,0.35870937,0.43906364,1.1930426,0.30938908,0.44483593,1.0254178,0.8023252,1.402175,0.05868036,4.606742,0.15779276,0.5037906,0.49332482,0.45866674,2.5713975,0.68635666,1.6230288,1.0901175,1.8606601,1.3487265,0.558167,1.7449938,0.22898714,0.54261523,0.31519946,1.4509221,0.30764323,0.24117193,0.42962062,0.047187194,0.64074844,0.1305679,0.015515043,0.0058551887,0.15168945,1.0126704,0.07672575,1.5829611,0.27733457,0.7941869,1.0826163,1.0262212,0.014548418,1.0998459,1.0663834,0.21536091,1.2583665,0.28868613,0.6949804,0.18960941,0.12361968,0.22060579,2.3935513,1.082256,0.13983712,1.221218,0.64146864,0.5087695,1.7007443,0.379589,0.033908527,2.3960254,1.1766751,1.1702263,0.5083685,0.0064901714,1.5124501,0.297861,0.04278098,0.0,0.34307978,1.0726395,1.9910222,0.09578775,0.16310471,0.038497522,0.5338667,0.09862623,0.7405477,3.3201416,1.1177433,2.3276007,1.306086,1.0466499,0.99585015,2.2874157,1.0326644,1.578773,0.5474865,0.3156681,0.009976843,1.3410295,0.1302182,0.15620117,1.592072,2.6998534,0.9006611,0.8587147,0.2607036,1.6745577,1.6733226,0.34674937,1.5662916,0.15995929,1.1761385,0.79613507,0.99944234,0.2301273,0.011881769,0.106067754,1.5691111,0.6280994,1.5443575,0.5404638,0.02393316,0.27276698,0.4753336,0.32807907,0.07349304,0.6152321,0.43334115,2.2393277,0.24306338,1.6493104,3.0412424,0.22534014,1.2299771,0.06710483,0.30141538,0.052254193,0.29295135,0.19570513,2.0308914,0.24451119,1.8462895,0.16615964,0.04966965,0.030044591,0.84799635,1.1657096,0.022900064,0.2925077,0.159584,0.215654,0.75102544,0.18904714,1.2935247,1.2318686,1.6103288,0.4698807,1.8095874,0.30907935,0.8307673,0.42004895,2.3076022,0.42248636,0.73631704,0.58741087,0.11438625,0.046033468,0.27851224,2.3506997,1.0910008,1.3852537,0.02636216,0.06778028,0.0,0.2061814,0.48160547,0.058196448,0.0,0.5586538,2.289782,0.79575527,1.2351178,0.62436485,0.0,1.1903285,0.014257221,1.357517,0.10377535,0.8014717,0.8142696,0.29602513,0.48111922,0.6638141,0.62467545,0.2563788,0.95423543,0.63328564,1.0637203,0.81026566,0.05138932,0.4887141,0.8302941,2.1526346,0.4003451,0.21529633,0.07425891,0.7693081,0.5669928,1.7521664,1.5352396,0.82214165,0.16850771,0.77372867,0.35102808,0.2961742,1.492295,1.7942994,1.5797614,1.9333303,0.82131225,0.66516984,0.60870266,0.39788884,3.0203724,0.10835006,1.8810667,0.3194006,0.09642272,0.30064714,1.2269584,0.9634776,0.17939314,0.003493494,0.21115649,0.2923036,0.76559913,0.64770395,0.20313561,0.41823772,0.07390793,0.6926989,0.31661618,0.6296081,0.1406981,0.93432695,0.6713079,0.80456746,1.2282131,1.0704173,0.33018383,0.52292657,0.29355282,0.03345238,0.0596356,1.5120674,0.15068951,0.29719558,2.302268,0.083567366,0.77307516,0.11230856,0.34853265,1.8686836,1.1376313,0.32918403,0.8277608,0.29214987,0.6146648,0.57382846,0.39241746,0.6670204,1.2642504,0.4689771,1.1902735,0.03069668,1.7062571,1.2562177,1.3364671,0.45961982,2.2166147,0.294135,1.0282824,1.0597012,0.8758916,0.72619194,1.4820924,0.34422484,1.1974329,1.0949997,1.6742266,1.031752,0.5800419,0.03317899,0.6485228,1.2919571,1.3551686,2.134611,0.39961335,0.7607537,0.20817515,0.36150843,1.1829836,1.1019483,0.92365575,0.0018025087,3.1235285,0.22933204,0.31194663,0.36114618,0.6831984,0.034919657,0.076584384,0.5288669,0.0,0.4283188,0.928685,0.92009515,1.322834,0.5210939,0.13367987,0.02451839,1.9039927,0.94379145,0.59610724,0.2567542,1.6026292,1.2365266,1.4097031,1.9409211,1.2797049,0.2462805,0.9377969,0.38000986,1.6168149,1.7197673,0.3015472,1.6507549,0.44427052,3.1750867,0.5205068,3.6097069,1.2485186,1.2326298,1.0102361,0.3796972,0.044993028,0.2965594,0.012608815,0.7719541,0.6794853,0.0067516067,0.48888734,0.4160229,0.07424256,0.49773997,0.07476016,1.274012,0.07974925,1.4381732,0.97082967,3.7150478,1.246187,0.23578091,0.18843958,1.0149007,0.0885486,0.18273349,1.4429995,0.5226728,1.2712404,2.635333,0.24486415,0.48493287,0.46360543,1.6400856,1.9982522,0.8014156,0.22414845,1.0025494,0.67507714,0.87648016,0.23006777,1.2082384,1.0465869,0.7369268,1.296161,4.249748,0.80639356,0.23754746,0.20672007,1.4306078,1.8092525,0.0,0.5566667,0.018734938,0.5439644,0.2964779,0.21881777,0.17438449,0.9453894,0.51173526,0.98728126,0.14006278,0.30477175,0.96334505,0.94636387,3.1904237,1.9705125,0.40082628,1.9746513,1.6094346,0.09247942,1.0399895,0.6106637,0.9611399,0.472434,1.1231767,all_pothole_images\pothole_images_new_image_325.jpg
0.9069066,0.59029347,0.04733037,0.779848,0.5093495,0.25431287,0.50078875,0.8622483,0.46732274,0.05198686,0.26646262,1.2207844,0.0,2.0721319,0.431157,0.12447762,0.16784327,0.24177311,0.35473955,0.6613528,2.80258,1.6500617,0.13612863,0.90852207,2.0730174,0.9706863,0.03779291,3.2427287,0.086979166,0.08466975,0.29411793,0.7518551,1.4158188,0.612419,0.34587076,0.36312345,0.33679166,1.6413857,0.3719308,1.0476671,0.0,0.24268493,0.45269546,0.8233386,0.6925018,1.924931,0.08082951,1.1557716,0.6780482,0.7767528,1.1335027,0.032522403,1.4793012,0.06382603,0.38998327,1.7897103,1.1393238,0.3272499,0.08461752,0.40672344,0.06450572,0.3467968,0.61927867,0.29941222,0.06175838,2.4310696,0.367449,0.39438877,0.105849326,0.7156699,0.60643405,0.10993775,0.2303879,1.4916571,0.15102568,0.9106518,0.019470643,1.2988538,0.14709456,0.11555983,0.14083552,0.027356269,0.87219507,0.53410673,0.73627144,0.006667539,0.1934199,0.5161445,1.1741753,0.31378725,0.07916045,0.20513277,0.087507665,0.9146579,0.97006637,1.1099855,0.16251363,0.16834146,0.9782616,1.4580201,0.023255046,3.5934694,1.7344161,0.18433617,0.93725187,0.058485206,0.6994883,0.46429947,0.0,0.9326963,0.018842982,1.100914,1.8277752,0.73542386,1.6686839,0.45788956,0.23036762,0.32009572,0.8412444,0.7295339,4.310181,0.46561787,0.0,2.1939092,0.16972941,0.99916255,2.784707,0.21775228,0.23447476,0.023035599,0.6890771,0.0,0.023157828,0.5245291,0.27685794,1.5027951,1.1507623,1.1878077,0.33591577,0.16838159,0.32297677,0.2714251,0.5324653,0.20255667,0.47204635,0.9703269,0.3553225,0.7918359,0.9488763,0.34237924,1.8863348,0.6318557,0.109729394,0.03613498,1.1819514,1.1084274,0.75474584,1.0629448,0.41754484,1.0228517,1.7537303,0.34881264,0.102385625,1.7089862,0.032971706,1.2687312,0.3089998,0.5469591,1.9421495,0.6441776,0.3187233,0.11371036,0.18659396,0.39415377,0.27760708,1.062138,0.38690972,0.44412485,0.044043247,0.5958037,0.014734582,2.4565685,1.4116052,0.7459619,0.2219159,0.70493907,0.40074158,0.49554738,0.21901858,0.1737776,0.91103905,0.03705306,0.59556,1.3946271,0.3558964,0.82949054,1.0093954,0.08546489,0.15154968,0.15793428,0.9999916,1.2080934,1.0980077,0.9295992,1.7151861,0.45455286,1.5286354,0.45998955,0.13975324,0.5990457,0.0,0.13298586,0.8955083,1.5490632,0.337993,2.1524692,1.1928757,0.19744694,0.32553226,0.24399227,1.6275605,0.057697807,1.160702,0.31771258,0.53303915,1.0536014,1.3998945,1.0098581,0.8372172,0.82352763,0.059298743,0.505927,0.061596178,1.1970893,0.91771275,0.555058,2.7382753,0.8933569,0.00060879474,0.1445264,0.6563317,0.49611017,0.19998077,0.78789127,0.35495773,0.27899987,0.041963235,0.6192281,0.72044355,1.9674302,3.9127955,0.50794905,0.64928466,0.6277033,0.7361026,0.28610006,0.17527062,0.3916732,1.1313983,1.9765518,0.16422194,0.24565229,0.47447103,0.064994015,0.44737667,0.30142483,0.14786798,1.1185212,2.0071187,1.054323,1.0744468,0.10608817,1.2725403,0.45419323,0.84091884,0.27227843,0.2613953,0.7771391,0.81328833,0.46136004,0.8139944,0.3161113,0.58147824,0.49944526,1.2288105,0.006875859,0.9190603,0.11190667,0.3422895,0.07203425,0.7036166,0.02176629,0.13766702,1.5668714,0.17241512,1.2522377,0.77299964,0.50320745,0.06946163,2.3407109,1.2682582,0.46140662,0.78825104,0.5103251,1.0154014,0.18606055,0.13634418,0.17409585,0.75233895,0.17380181,1.3520458,1.5087479,0.0031537039,1.2962631,0.074291356,0.8978542,0.304659,1.9965605,1.2551838,0.6009708,0.35219777,0.31995782,1.023075,1.7213044,0.42889225,1.1886377,0.78224105,0.016596615,0.60495627,0.39199948,0.04780555,0.101673126,1.0983242,0.38428763,0.14497893,0.61593014,0.91456586,1.6357305,0.24412303,1.4963204,0.31994176,0.24733177,2.54087,0.94000447,0.35684523,0.10610345,0.28652593,0.27386117,1.1702731,0.112327166,1.0203671,0.44317883,0.11499717,1.1932639,0.25219363,0.011468889,0.4471098,0.16585223,0.47842896,0.57818365,0.68658274,0.8345695,0.14274198,0.71234334,0.36535636,0.6578318,2.1278243,0.18144359,0.72697324,0.081176564,1.1315638,0.4718315,0.9794292,0.44386852,0.20014705,0.01788402,0.25104716,0.09019128,1.0800362,0.20638353,1.5436174,0.0919109,0.65152526,0.65184516,2.3001077,0.93346864,0.41789567,0.015013262,0.016218277,2.1131709,0.5761581,0.29690278,0.009854846,0.5062217,0.036564976,0.4708357,2.761037,0.100933835,0.3131163,0.36163196,2.0106556,1.9849508,0.40513104,0.8448818,0.49992454,0.26288202,0.67706686,0.095151864,1.1516302,0.62897706,0.83518153,0.49647307,0.5424778,2.0419354,0.058739018,0.93792295,1.2777053,0.74157447,0.605395,1.4070805,2.1556513,1.561111,0.7327403,1.6463327,2.4791818,0.65399003,1.5311546,0.039836664,1.8577746,1.5697242,0.25288698,0.5584699,0.37174407,1.0359906,1.9934759,3.035202,0.40685254,1.1466051,0.17531325,0.9518244,1.1546912,0.07902261,0.23626459,0.085950814,0.5411912,0.2662506,0.3282638,2.2500968,0.0015157849,0.6026491,0.33306324,0.25437105,1.8280101,0.43708995,1.7609386,1.2604443,0.5851265,0.45807344,0.79034686,1.9506769,1.9427592,0.2638801,1.1956027,0.78770417,0.43920624,0.17250982,1.4851466,0.3853274,0.6675148,0.9968678,0.29049096,0.5689324,0.10061318,0.67461854,1.4583145,0.13090406,0.0,1.9249275,1.5566392,0.86181235,1.201847,0.6412829,0.3733259,0.82950616,0.7087326,0.20913965,1.0958102,0.45559996,0.4223613,0.40343145,0.25101113,0.37181488,0.22431178,0.29815373,0.5716638,0.18243198,0.064073026,0.13362417,0.6753713,0.2192,0.8452726,3.2683847,0.5286713,0.97736853,0.46543595,1.5164396,0.4165627,0.22739904,0.22393589,0.40972635,0.48170915,0.16941802,all_pothole_images\pothole_images_new_image_326.jpg
0.11779585,1.7117113,1.0090871,0.9073864,0.24264131,0.38516915,0.39761746,0.102658205,0.05056971,1.0425014,0.44014728,0.68209994,0.031962037,1.3973817,0.23875812,0.6252887,0.16783372,0.35292187,2.0916107,0.34389156,0.87569875,2.804232,0.2976025,1.0832595,0.12107981,1.4870907,0.27935395,2.597002,0.2973941,0.5298248,0.77122325,0.008838401,0.09393873,0.012162302,0.7369782,1.2758216,1.2327701,1.4225698,0.69613534,0.80993915,0.20507064,0.0528253,0.30020127,1.2196988,0.8586366,0.23052147,0.19559784,0.13279127,0.044360023,0.5418945,1.4482012,0.27678463,0.48867837,1.0119519,0.19326282,1.1764112,1.5094259,0.009498152,0.40970904,0.07408505,1.440533,1.4438674,1.8775376,0.0030140567,0.7694693,0.81277317,0.26805386,0.05299737,1.0616965,0.5012289,0.30050716,0.46782038,0.14413807,0.17819206,1.2028635,0.8930655,0.50224584,0.9904575,0.20267041,0.4055996,0.4081269,0.086501,0.14808504,2.993574,1.0665752,0.17828947,0.16725937,0.018012002,4.1541796,0.19399619,0.07593446,0.26317638,0.13805752,0.08799245,0.47777256,0.013483572,1.0304297,1.4823778,0.92919624,0.48588797,0.07010161,2.7480626,0.15792112,0.59987575,0.23445502,0.50529814,0.27547643,0.07285881,0.20364551,1.1722236,0.08632159,1.5425498,0.42114258,0.0440215,0.79005486,0.18506584,1.847703,0.39954582,1.8732926,0.27933934,0.78482014,0.40874207,0.27833506,0.6370953,0.844714,0.5045881,0.99118024,0.46197504,0.25509533,0.24715933,0.24148941,0.11250716,0.29659402,0.045626115,0.16188,0.26770124,0.26488304,0.68782175,0.52658373,0.253997,0.30981067,0.29796785,0.10859989,0.94979376,0.11689071,0.43978524,0.530683,0.07508563,0.6071405,1.2081703,1.0066774,0.9222429,0.0,0.2785713,1.2333785,0.21002385,0.66410685,0.4832353,0.5273268,0.3034149,1.0255438,0.8310985,0.026761377,3.3646274,0.24251433,0.13379562,2.2890666,0.34004426,1.0337528,0.6407511,0.21302314,0.14972825,0.12823589,0.24723928,1.2642798,0.032502145,0.042130027,0.09801238,0.2591022,0.32025763,0.5911436,1.2312559,1.2552828,0.94026273,0.6947476,0.57506335,0.11136405,0.85572827,0.006323483,0.9087009,0.33566228,0.5312653,0.0669148,1.3405147,0.0,0.094492726,0.7777317,0.07791335,1.2739669,1.0002027,0.33334163,0.556753,1.384044,0.6310797,0.8963061,0.25178263,0.20207608,0.95779663,0.2670871,0.18678996,0.14942934,0.34048596,2.1828094,1.1311004,0.6535184,0.91968495,0.9601588,0.002084959,1.0896083,0.5454047,0.90757054,0.0936512,0.34012285,0.42371953,0.27784353,1.1021235,0.29493365,0.52538586,0.62735283,0.49567306,0.34636205,0.9022316,0.2519947,0.32915676,0.44219223,0.026506744,1.6889442,0.50755996,0.010967912,0.21015832,0.081979066,0.058736403,0.120815836,0.5152813,0.29312646,0.058060315,0.45131573,0.13040599,0.6149745,2.590789,2.597066,0.031097973,0.6661573,0.25517148,0.065090954,0.98316854,1.449759,0.60000956,1.3307928,1.368806,0.3547773,0.34714398,0.8919927,0.7535911,0.24047652,0.24889901,0.094716266,0.1091141,0.8430758,0.21420838,0.059369646,0.19263248,0.099843,0.08279414,0.4401123,0.25557736,0.4026863,0.39665923,1.0505394,0.56261253,0.38740313,0.6047021,0.118927136,1.5210533,1.048599,0.48015854,0.7176398,0.4803943,1.0937271,0.13316046,0.26764932,1.420724,0.035959724,0.12178251,0.060154352,0.460234,0.89816064,0.43008596,0.5767275,0.6178193,0.45439902,0.72971267,0.69422036,1.1761379,3.416279,0.30602342,0.08071639,0.59502155,0.990727,0.67694205,1.8625325,0.98076576,3.8467076,0.7211774,0.51688457,0.778328,1.034859,0.9994503,1.5365987,0.3193411,0.0,0.63209516,0.296398,0.08873007,1.3746866,2.2069736,0.09526911,0.0,0.9100077,1.0050243,1.1560963,0.47898406,0.23461501,0.31535357,0.7254538,0.57951885,1.5118062,1.3109466,0.17089799,0.024682429,0.72053653,0.31668815,0.5635928,0.12382189,0.6474907,0.5708162,0.33999318,0.14566785,0.65238273,1.1217531,0.36670053,0.45369393,1.1184583,0.010710118,0.07186891,0.7128022,0.71965307,0.6497162,0.24545334,0.25741822,0.17936893,0.4017236,0.23613921,1.1669558,0.8596093,0.13151668,1.0628014,0.4416784,0.63468146,0.07817543,0.9492891,0.33602518,0.24571174,0.19499518,0.111297905,0.47462928,0.027557004,0.15861201,0.04842143,0.24753399,0.31231683,0.39839786,1.6905383,1.2013168,2.2979589,0.5921337,1.9284195,0.14368008,0.6528586,3.1237345,1.8701286,0.1323157,0.18492068,1.0044593,0.023028333,0.026088556,1.0326214,0.10106107,0.3403922,0.019951379,1.5292569,0.63423127,0.15768477,0.5199708,1.2399077,0.020828037,0.40647602,0.5040472,0.37688833,0.10728141,0.5021428,0.41251194,0.26997635,0.59646934,0.012140819,0.18406677,0.11258882,1.2058774,0.21889089,0.146667,2.5928366,0.2787167,1.2532575,1.1616132,1.6779859,0.032018613,0.0032058854,0.8159757,0.49541765,0.45746642,0.49430063,0.15935808,0.06065054,0.45661685,1.2502643,3.2376516,0.35719672,0.7925871,0.14843953,0.0033822388,1.1480253,0.19961913,0.1364219,0.04050939,0.14163215,0.10437539,3.1746197,0.88189137,0.45724976,0.25722733,0.64375484,0.39100826,1.5008435,0.68070066,0.76930386,1.127703,1.4588035,0.2212292,0.40096366,0.36847308,0.02459397,0.10769116,0.5336952,0.18681398,0.3776332,1.3288387,0.3950596,0.2608434,1.1072781,0.887456,1.5192583,0.9431701,1.0932705,0.5332748,0.28146923,0.48556635,0.5240768,0.45001438,0.5695466,0.1684168,0.46576017,2.6243684,0.12645349,0.30744046,0.17277911,0.1598654,1.3160238,0.0041368078,0.37302607,0.33091852,0.45204365,1.1471989,0.20432676,0.59951586,0.0,0.023015475,0.2899732,0.664794,0.048391085,0.018026782,0.604205,3.9993677,0.23371024,0.9018673,0.38476288,0.3736744,0.02757834,0.36488387,0.39545435,0.2023504,0.02283779,0.0684135,all_pothole_images\pothole_images_new_image_327.jpg
0.64798754,0.7513985,0.20005111,3.1593215,1.7581242,0.5642552,0.5551241,0.09386234,0.55684507,1.5509707,0.5995221,0.8673338,0.08557655,1.0630707,0.0068635573,0.51567024,0.47616592,0.09223472,0.028232448,0.17860405,0.5192048,0.23079191,0.70283365,2.6282594,0.9231883,0.3984266,0.31508994,2.1456761,0.7751317,0.6371194,0.87274414,0.44260126,1.465182,1.9871589,1.5661801,2.016214,2.1855128,0.34708658,0.20309843,1.7164419,0.0,0.72543967,1.3847387,0.08454768,2.4466064,0.40736583,0.66627556,0.8167608,2.6128905,0.633333,0.5486753,0.469529,1.1296891,1.4108033,0.20935833,1.0356266,0.6052879,0.25495386,0.015115417,1.6049821,0.5827734,0.49626312,2.6568403,0.83977365,1.3625906,0.4821568,0.5126908,0.047160264,1.7032965,0.7396535,2.1319044,0.08761384,0.42470837,0.7113462,0.27010515,1.5530249,0.23602869,1.0985526,0.4038468,0.13814001,1.0512725,2.2056026,0.9680234,1.9262458,0.37808958,0.6434945,0.36335894,0.06322232,1.1876627,2.0968149,0.20334215,0.42753184,0.78323495,1.2757024,0.096998625,0.119801305,0.5003199,0.35431308,0.5462991,0.44708183,0.068891495,2.8476658,1.7727269,0.8478627,1.061006,0.10012496,1.6082822,1.264683,0.46904176,1.7217445,1.7511998,0.41091844,1.0338113,0.38284332,3.0807781,1.370349,1.3924719,0.11581591,0.2695416,1.2299055,0.78032947,0.7723106,0.7957011,1.4526092,0.7468865,1.2748883,0.42882082,0.23972361,0.016069843,0.85096943,0.6431453,0.9813772,0.48809206,1.6436032,3.1501245,1.2836949,0.4200698,2.1762655,0.8193166,0.50305754,0.74939334,1.3407447,0.08831756,1.2489573,1.8283541,1.2039816,0.90115994,0.13542582,0.50300467,0.18940546,0.6877055,0.6514317,0.89370257,0.33156815,0.98920083,0.8368218,1.4259908,0.21825847,0.019964658,0.7702345,1.7790983,1.6027447,0.087765224,2.778306,1.2581065,0.5175037,1.6130514,1.071228,0.22534934,1.0778159,1.7882932,0.28034037,1.0081639,1.187779,0.5809466,0.31410423,1.3776494,0.17162628,0.28753802,0.12914056,0.24493685,1.8267894,0.4250612,0.8979928,3.4606674,0.85383606,1.2865928,0.3433486,1.0465187,0.8286529,0.13713463,0.9024445,0.96513444,0.30087376,1.4214053,1.9747717,0.5842653,0.65854704,0.5844002,1.3174416,0.23279619,1.6063136,0.12396232,0.098433495,2.0456805,1.0080694,0.9836137,0.30461785,1.0912622,0.16156787,0.46195367,0.99865985,0.4609188,0.9710335,1.2907389,0.36394584,0.62741756,0.52650017,1.0296526,0.15928856,1.3270749,0.7735642,0.857113,0.80565375,0.018805098,1.5982033,0.021269143,1.834182,4.143572,1.3129445,0.44812167,0.35694745,0.18839407,0.8901742,0.4718387,0.6200415,0.9267414,1.0086482,0.5796913,0.07235476,0.31956378,0.060410935,0.5866723,0.8664955,0.28924102,0.37082195,0.43891364,1.077032,0.58920044,3.653901,0.069605395,0.8289848,0.4052557,0.061735,0.8575237,0.3391439,0.7579914,0.045170672,0.6039883,3.0027702,1.7589502,1.5663447,0.4814914,0.09729175,0.8032901,0.33704236,0.27189234,0.17484081,0.5059801,0.1257758,1.3039273,0.15807559,2.459487,1.1943493,0.90813607,0.79326916,0.7407301,3.0406418,0.06599258,0.82942593,0.5163809,0.6713493,1.1607726,0.38221097,0.98706037,0.25137258,2.2475412,2.8957908,0.47681624,0.8557979,0.39298034,1.3375515,0.33860093,1.7588631,1.9391625,1.5725929,1.2449851,0.16855927,0.1776562,3.3582225,0.55585283,0.49064356,0.0,1.0123109,3.7148168,1.9828738,1.1612102,0.4382951,0.26221496,1.4627112,0.22343147,0.38977355,3.9791164,2.2241352,0.68875915,1.6392453,0.0037984427,0.21830586,0.48286647,0.8258828,1.6928102,0.47566015,2.877115,0.0031170314,2.3867035,0.5638404,1.9448314,0.67753094,0.7593863,0.76098967,2.5215323,0.016582455,0.13332368,3.6499507e-05,1.4581308,0.45124644,0.07425241,0.34174454,2.7321198,1.1695949,0.9700867,1.2932328,0.7240632,0.4013186,0.07957891,0.07713106,0.22568443,1.1216822,0.35659254,0.09993625,1.0420781,1.0735159,0.06501292,0.32022515,0.88315415,0.9594664,0.26374868,0.3224728,0.68898124,0.2267247,0.37195247,0.3621806,0.7291202,0.63509417,0.17571127,0.66596854,0.7578851,2.446133,0.89612794,2.4545646,0.33407488,0.4223755,0.820782,3.6304057,0.48176503,1.5379869,0.42621028,0.54716086,0.15151532,1.0016102,1.7050725,0.17587931,0.042771026,0.3033758,1.6361117,1.3303502,4.315025,3.3000956,0.5457766,0.47127318,1.1152959,0.07248462,0.8999675,0.5151987,0.3086231,1.4477308,1.0318362,2.1412692,0.5782088,0.24771413,0.79421335,1.6649296,0.5664673,0.38787264,0.17006132,0.8744931,0.9681066,0.6627682,0.4820295,1.0535191,0.048871253,0.2552174,0.8960303,0.2159031,0.32748342,1.4010215,1.7476554,1.0616416,0.5260956,1.0815082,0.33347866,0.80182266,4.5064354,1.8938137,2.5746605,1.5723352,1.6765906,0.41958243,0.7962962,1.580388,1.7670447,0.37366834,0.54714364,1.4844233,1.6657656,1.277438,2.0397513,1.1147497,0.4235114,1.4527441,0.7687409,1.1664566,1.4434917,0.059600998,0.41039217,1.1543795,3.375974,0.99652815,0.5861773,1.6207051,0.91890484,0.94493866,0.9906971,1.72824,0.816836,0.12226728,0.42454052,0.28307843,0.73750937,0.22652686,3.1018856,0.0841949,0.47022915,0.0997609,1.3976593,1.135871,0.41169205,0.7100889,0.49042666,1.3314006,0.6827289,0.27385405,3.0066054,0.9098604,0.7239593,0.16633488,1.2414907,0.17937031,1.0485417,0.62758124,0.18123887,0.8463392,0.92983574,0.47741872,1.0541584,0.85467285,0.48367786,0.97272474,0.116928056,0.22252709,0.5872811,0.8074252,1.6966726,0.044698767,0.405993,0.5195786,0.7903822,0.076768965,2.3868997,0.1959076,0.75176376,1.9232066,0.8078915,0.067614086,0.67325443,0.63717294,0.070497476,1.0596823,1.6571782,0.13621372,0.9675145,0.8698889,all_pothole_images\pothole_images_new_image_328.jpg
0.0,0.72232133,0.022723358,0.81427103,0.50882924,0.04219011,0.41130906,0.0,0.4663922,0.9944197,0.117868304,0.43747866,0.027595928,1.6379712,0.11958228,0.023992082,0.2867013,0.47653916,2.6389356,0.30180314,0.74267375,3.5069206,0.08702005,0.35685042,1.4748619,0.9056686,0.9301563,3.5479193,0.2665276,0.675927,0.51302093,0.00443976,1.0839034,0.08458449,0.67133623,1.5380206,0.42702183,1.6804038,0.43062925,0.2844286,0.0,0.0,0.13922514,3.6205559,0.76617306,0.11560637,0.1825392,0.41730613,1.1016703,1.1661491,0.72501343,0.44155958,0.54068154,0.057848476,0.0,1.3410308,1.8666041,0.13126992,0.016622873,0.58050996,0.7787614,0.04982512,1.0684295,0.056418482,1.5592012,2.4520526,0.23861118,0.023792645,0.009839003,0.3600968,0.14525464,0.36430207,0.10020788,0.44796374,0.64333665,0.8648555,0.071932636,1.1886177,0.85252595,0.37289312,1.0985725,0.010989966,0.8222079,1.5628728,0.09385101,0.10726839,0.64336103,0.00953082,1.7883245,0.08940579,0.123127624,1.0524528,0.3685439,0.1498148,0.0,0.027293785,0.22373952,0.3068904,0.99138653,0.51599866,0.6543837,4.669656,0.007977807,0.00944463,1.0565491,0.0020844776,0.13589138,0.16859826,0.62761724,0.3774089,0.10788221,1.0923415,1.1374925,0.01155519,1.4099861,1.0836444,2.3353174,0.9193321,1.246246,0.27560163,3.2993662,0.17363605,0.22824033,0.8452466,0.73952436,0.8806677,0.08255001,0.5101169,2.8462698,0.9995054,0.2895576,0.009776427,0.0,0.12343784,0.22293532,0.064226575,0.5889171,1.131675,1.7981895,0.65686166,0.16889986,0.280154,1.5677394,0.4864459,0.3336224,0.9756597,1.3480265,0.17200285,1.3897519,0.09890961,0.30385903,0.17222025,0.122565284,0.12538424,1.7151694,0.8078589,0.70185024,0.8105174,0.022944834,1.3914138,1.0448046,0.55408704,1.0380034,3.836594,0.0065431506,0.10918678,1.4930177,0.5956235,1.6442901,1.2492938,0.091418296,0.041360922,0.31178552,2.2020848,0.10347528,0.19898959,0.5870093,0.06059237,0.6716662,0.15890805,0.14989805,3.2932565,4.520004,0.4752844,2.2287352,1.3339373,0.30917585,0.5260559,0.024120461,0.6739235,0.071412355,0.33512115,0.0,2.3169477,0.21890105,0.36448872,0.4660396,0.104300156,0.061256487,0.34981078,0.13615508,0.6107202,1.5609347,1.547129,0.6422066,0.19860801,0.019205885,0.60554004,0.41502234,0.0083762575,0.081702344,0.5190595,0.54343396,1.0131332,1.0966657,1.8574607,0.80624604,0.0024575186,0.8522108,0.8794267,1.1284345,0.11365671,1.4225521,0.39749998,0.061969385,0.5493526,0.71873623,0.6203474,0.5717226,1.0421144,0.25597647,0.11421601,0.27155185,0.2902045,0.9368266,0.06825776,2.6758404,0.068574205,0.0670564,0.2100178,0.22070907,0.38215333,0.8683663,0.4748637,1.1904014,0.104276314,1.3600063,0.024253743,0.50214267,3.84619,3.57315,0.10007433,0.25678036,0.21176313,0.0369295,1.5612291,0.58082986,0.0,0.379797,1.4389056,0.11536514,0.37816533,0.4034659,0.06607084,0.48517278,1.0153822,0.52703893,0.30157214,1.9819634,0.34021744,0.37398311,0.0002905833,1.7138369,0.036693037,0.93648857,0.23645553,0.09211569,0.6010526,0.21496391,0.2398133,2.570027,0.33380303,0.5549349,1.0936912,0.45025757,3.2536247,0.97265625,0.48656437,3.1469767,0.5384562,0.052532118,0.27559495,0.18139255,1.4566264,0.26355273,0.07739245,0.07146854,0.46688694,0.6021841,1.4944205,1.2856241,2.2065158,0.14949425,0.09372111,8.732739,0.105030484,0.19535954,0.48235032,0.00547694,0.8493336,1.0134822,2.1499166,1.6385887,1.8667742,0.18908618,0.8180562,0.069863014,2.419285,0.4624827,0.6300596,0.0,0.19073102,0.28508732,3.3226168,1.1694417,0.4139726,0.8209283,0.016513793,0.12261095,0.33077893,2.4437885,0.39706096,0.25918457,0.06793985,0.19284493,0.2726643,0.1646915,0.33272085,0.33303186,0.3161237,0.727391,1.1379194,0.928506,0.21303637,1.6456769,0.08722582,0.178423,0.22196977,2.099513,0.25953904,0.2925266,0.08115029,1.3178474,0.71685416,0.01618601,0.018864919,0.17622982,1.8448439,3.019665,0.42832026,0.0,0.043147787,1.1135939,0.44815832,0.027811544,0.12828992,1.8361653,0.81429774,0.10894437,0.13961388,0.919112,0.002301986,0.8446216,0.08891907,0.26448104,0.029294359,0.026644882,0.0,0.7946762,0.2556369,0.10492973,0.13224833,0.8513906,0.15825032,3.110123,1.1379114,0.450781,0.0338337,0.0,1.7677152,1.1339815,1.0824273,0.7977681,0.592047,0.111092,0.0044279215,2.1716547,0.25376996,0.0,0.18003432,2.598597,0.8028796,0.48773044,0.9489673,0.5152664,0.22976393,0.015705759,1.4731442,0.79223734,0.66520923,0.5298322,1.185354,0.019483887,0.32980862,0.084543556,0.9477878,0.8802496,0.95115674,0.0041450853,0.0,3.753481,0.8000034,2.471056,2.5320632,4.116949,0.29739422,2.2032902,1.2441034,0.23928688,0.022489,0.7408857,0.20732765,0.54109794,1.0413142,2.6925426,4.2017403,0.8624575,0.74522054,0.2858662,0.76732343,0.6738851,0.32608643,0.29974023,0.25811374,0.51295686,0.15920615,0.589059,0.8611657,0.043755118,1.0104045,0.5056882,0.039470326,0.1895469,0.26538712,0.8223349,1.1026807,0.5112997,0.7504062,0.4240921,1.5014155,2.0028365,0.46042293,0.98250794,0.00613447,0.54965323,0.03817522,0.027134469,0.19042873,0.73068345,0.8810733,0.17729792,0.33015206,0.51697487,0.12434553,0.4961551,0.14900802,0.22923243,0.56877726,0.61138517,0.027790263,0.009761351,2.3862174,0.48728865,0.078454114,0.0,0.0051838355,0.7245781,0.16198178,0.101342805,0.11609231,0.8672334,0.843168,0.12475465,0.01241735,0.05058964,0.08961574,0.06032892,0.44237682,0.73805887,2.0242517,0.11062307,3.289598,0.8845529,1.0617793,0.22100477,1.0737225,0.004222834,0.0,0.66565895,0.114381984,0.68289995,0.27621362,all_pothole_images\pothole_images_new_image_329.jpg
0.011404623,1.18024,0.0,2.3760605,0.8129626,0.3359333,0.07246189,0.05965127,0.06609725,0.6935796,0.5980854,0.25703764,0.0007564617,1.484319,0.0055555305,0.0044984934,0.14452733,0.65027803,1.2074239,0.055839367,1.2178276,0.69548583,0.5938287,0.40529233,1.1440421,0.27215946,0.24872872,1.0992328,0.99214566,0.47777316,0.5427463,0.3411011,0.45847476,0.017939288,0.0,1.5238395,0.66446155,0.7445535,0.27070388,0.6966093,0.022558825,0.01225153,0.10372856,0.65677816,0.09635919,0.5014495,0.040085394,0.09505227,0.018040696,0.34074026,1.0226818,0.040703136,0.044423483,1.6424603e-05,1.2107286,1.4046407,2.738386,0.45774156,0.008551988,0.0,0.1525138,0.48304778,0.27897313,0.091192655,0.8961267,1.4061615,0.26840645,0.2739161,0.35855934,0.15005378,0.009108875,0.1272036,0.26812977,0.8945862,0.80541396,0.04792937,0.0,0.89165354,0.016444702,0.4035973,0.0,0.106210396,0.8157848,2.894923,0.423508,0.22748426,0.10424339,0.20377281,1.6209514,0.25456378,0.4798428,0.1425949,0.3172682,0.4416717,0.23232856,0.08934963,0.2600388,0.21630329,0.7600788,0.676696,0.27580097,5.7442026,0.8306002,0.012465767,1.490434,0.013274293,0.1003172,0.27493784,0.047458015,1.1069605,0.39224064,0.74769825,0.39537475,0.5720077,0.16643326,0.43559855,1.1972536,0.25514957,2.010716,0.29141527,2.4048877,0.18506241,0.03687864,0.8502946,0.5752951,1.78464,0.060940504,0.30531377,2.333645,0.24522981,0.65278774,0.0137965,0.0014372902,0.5404135,0.43056792,0.2903625,0.13910726,1.345105,0.24859048,0.051619083,0.13439044,1.0163021,2.1941285,0.626318,0.0,0.7050212,0.026665775,0.548618,0.28389797,0.019048564,0.11563692,0.1538833,0.07347083,0.34419656,1.6803744,0.50923973,0.14121749,0.57997686,0.5768741,1.8340815,2.2994466,1.994786,0.27108583,1.4041951,0.4301533,1.0769253,2.1853755,0.74113834,1.7265795,1.9732084,0.14057158,0.16287978,0.6893271,0.82951033,0.123979725,0.06874013,0.117991425,0.018781,0.0,0.15327945,0.1060812,2.3123066,1.6195953,1.0308696,3.442504,0.37080085,0.6174416,0.710566,1.2911298,0.28373247,0.02325848,0.52479345,0.31826723,1.0116595,0.06049538,0.07302743,0.9029391,0.27905887,0.14967012,0.116671816,0.0065850853,1.3163075,0.014773147,1.2322361,0.0,0.07761745,0.09808169,0.67086965,1.2708231,0.30726388,0.0,0.02026006,0.868709,0.08106778,1.3725215,0.8650799,1.590706,0.9770204,0.5329387,0.3332468,0.32189885,0.0,0.24876843,0.12480159,0.029067686,0.011363678,2.0615427,0.015189201,2.3174386,0.092382416,0.009152011,0.035923235,0.47627336,0.065699905,0.027230296,0.041172232,2.5352135,0.21749778,0.2355951,0.07850423,0.70921516,0.104553476,0.18429156,0.039650314,0.6654531,0.01695707,0.44340056,0.19487177,0.16833064,6.011358,1.0751401,0.4831456,0.058987938,0.19638516,0.0,0.017932966,0.36223245,0.30670482,0.3184761,1.3967671,0.6646999,0.073180005,0.7274902,0.21588995,0.011746911,0.3802317,1.8837695,0.26296476,1.8812108,0.116275966,0.014518724,0.041456927,1.1053845,0.035052806,0.51068366,0.34368616,0.039634455,0.22725122,0.31394207,0.32682863,1.0681514,0.7104642,0.34290382,0.24174993,0.17686255,0.32586816,0.72529554,0.07579272,0.33448413,1.2175452,0.20011349,0.3430007,0.044590395,1.0713143,0.25198558,0.30299127,0.31539503,0.0,0.04796418,2.8684359,0.37749687,0.35849464,0.015170865,0.055237897,3.5150526,0.5136752,0.034442823,0.13348319,1.2299927,0.3448236,0.79219335,0.7225668,3.014557,2.7648356,0.9141567,0.42128238,0.26922917,1.2459261,3.7052646,0.09941519,0.021923633,0.11169676,0.09934687,1.8053508,0.16042036,0.41834897,0.21804976,0.2484157,0.12720226,0.14191112,2.234029,0.8664725,0.42665875,0.018578466,0.19504206,0.014113613,0.5587205,0.03204916,0.4221096,1.7742038,0.738557,0.3452121,1.887993,0.5693411,0.89689153,0.39743313,0.51037645,0.7112227,0.75481826,0.0018447647,0.32284635,0.45487347,0.08289593,1.2660995,0.13635106,0.08128036,0.5526124,1.4612445,1.0814174,1.0006725,0.0033685595,0.34557256,0.77142346,0.34623298,0.05847199,0.022704665,1.1042948,0.07673874,0.9630082,0.07425343,1.3578395,0.0021647105,0.17453139,0.8622498,0.5667959,0.25785884,0.15312499,0.10558574,1.3773854,0.081127256,0.005542235,0.0,0.8509322,0.23776153,1.7330304,0.4408163,0.5548915,0.03505105,0.0,1.0108579,0.05355251,0.0071150134,0.015041825,0.43003553,0.6291151,0.042995032,0.8794401,0.46217924,0.0,0.40092468,0.669707,0.6913242,0.8723924,0.33572006,1.6389396,0.0033577199,0.2714109,0.24831997,0.24766727,0.26761374,0.323346,0.061973277,0.06624544,0.21499883,0.0,0.053950444,0.7036852,0.77176017,0.36093023,0.0006028809,2.174119,0.20502049,1.683053,1.7135196,2.1186106,0.058101673,1.8715886,0.19979648,1.1072226,0.6370864,1.348825,0.14910595,1.5253909,0.4282817,1.7544882,3.3451457,0.72162426,0.6946666,0.6562866,0.068732746,0.56669384,0.18337543,0.0,0.049285967,0.0,0.40638435,1.1989179,0.9689569,0.029636027,1.0313402,1.6872718,0.075644806,0.77282727,0.049258288,1.1991252,2.2494576,0.056297105,0.36781198,0.788655,2.014068,0.63126737,0.21775769,0.50981086,0.054572757,0.8444871,0.3136589,0.0,0.41168818,0.0017395834,0.87293756,0.79709214,0.876606,0.47151634,0.74619544,1.436559,0.3117117,0.042589027,1.3991284,0.16870855,0.43508902,0.50478035,2.5510938,0.63836783,0.0835862,0.016491612,0.06004201,0.35990727,0.0,0.74559885,0.0041048215,0.56377876,2.3761272,0.09157961,0.05266649,0.0,0.81732285,0.38235107,0.10772861,0.5032752,0.31357625,0.68995553,3.9200494,0.3561769,0.07906226,0.059135776,0.8138088,0.7116531,0.41204077,0.36266175,0.180166,1.9450785,0.06342106,all_pothole_images\pothole_images_new_image_33.jpg
0.43524945,0.19515721,0.3451902,2.0258286,0.7815486,0.44978347,0.8534112,0.010382291,0.3519465,0.6975765,0.03551495,0.35224155,0.719709,0.86495435,0.015728043,0.06376118,0.039967418,1.9024088,0.43126404,0.5985238,0.19179931,1.3307227,0.36825705,0.66144484,1.7856061,0.30476436,0.2979935,0.859294,0.00087428495,0.035526115,0.7023348,0.6620889,1.3744107,0.47146225,0.7815636,1.1932929,0.26731494,1.5864629,0.12743014,0.33770004,0.014184575,0.12953503,0.3828528,1.3868886,0.20624098,0.45141405,0.14076032,0.0,0.8355241,2.158045,0.5489147,0.40508464,0.30554867,0.20536786,0.8508916,0.95171773,2.4369783,0.25448233,0.39017054,0.09416368,0.50494313,0.2543161,0.4486452,0.019439185,0.7959287,2.8370242,0.012695276,0.025984654,0.4806004,0.15487091,0.050931856,0.03240871,0.07550373,1.4088233,0.08522745,0.20851582,0.0023736772,0.19883825,0.1615342,0.07312245,0.23700653,0.053870715,0.36189115,0.5557778,1.1078279,0.3499378,0.30234557,0.2022491,1.5209469,0.0,0.32025823,0.26221922,0.057233665,0.13135757,0.02751523,0.0005293616,1.254165,0.6348452,1.1170547,0.4286498,0.09934089,3.077792,0.7404193,0.2676178,0.09972464,1.8572311,0.25043553,0.5682968,0.06004714,0.5184321,0.10438141,2.5032444,0.19621626,0.74726117,1.1839386,0.5129642,2.8119245,0.6543895,3.6547701,1.1958694,1.653854,0.279459,0.19523908,2.1355596,0.53786623,0.73818386,0.6535512,2.361092,1.2239418,0.049192514,0.4393264,0.0034898687,0.14852002,0.15320759,0.13460644,0.65754265,0.20806986,1.128066,0.100868516,0.06398935,0.46268162,0.03336636,0.04162576,0.40864125,0.1567,0.7165289,0.6935856,0.8952785,0.36396167,0.17713861,0.37124702,0.41097388,0.05689461,0.050449405,2.029178,1.1832372,0.7291325,0.19508272,1.4083241,0.29250273,1.9328896,1.4949498,0.0,5.337049,0.13808171,0.26624048,0.34914425,0.46902052,1.117476,0.7142683,0.16748737,0.0,0.0,0.57722557,1.2549132,0.10518247,0.033463024,0.09581548,0.272125,0.13537227,0.0,3.5571556,2.072496,1.2086786,1.0444707,0.21384588,0.21657741,0.6066491,0.44349533,0.35818547,0.34116083,0.034271955,0.22569886,2.5770817,0.16104816,1.037504,1.0654237,0.7523033,0.17877434,0.5756713,0.35177425,0.6786874,1.1864238,1.006542,2.4778376,0.6742559,0.63496524,1.08564,0.21657075,0.93029207,0.0,0.008977754,0.42417595,0.8831114,0.70259064,1.1479647,0.4568386,0.10666781,1.102762,0.16664912,0.017660173,0.73239845,0.059777074,0.23023777,0.008460162,1.3930416,1.6199255,0.77905834,0.29974282,0.028638236,0.2580525,0.069218084,1.2727991,0.36934802,0.096201405,0.14288911,1.1939168,0.06751581,0.14617087,0.060516138,0.19817705,0.058998354,0.19773757,0.30109015,0.029897885,0.056393124,0.32709488,1.0767968,0.76088136,1.3792264,2.1177795,0.3325924,1.2426434,0.113907605,0.1393008,1.1093494,0.22604354,0.2888675,0.31760648,1.06936,0.20654602,0.04662666,0.096172296,1.7249732,1.3280965,0.76136917,0.05771722,0.23013124,0.880085,0.75808984,0.053619344,0.18831205,0.074975304,0.50735855,0.42354217,1.0706456,0.44327405,0.5330087,0.8343715,0.9004334,0.34204066,0.27712673,0.06185582,0.027905906,0.68953377,0.24536611,0.3348335,0.40393275,0.23362833,0.2602617,0.72593,0.12364245,0.23046668,0.6983442,0.04865486,0.0964084,0.42710125,1.2324932,0.35262135,0.0,0.6412817,0.28646022,0.20567687,0.7289674,2.8842263,0.3240078,0.00059706083,0.39479068,0.018788306,1.0360578,1.5907218,1.2781159,2.2376103,0.8647919,0.07813159,0.7263461,0.12361493,0.06859614,3.065198,0.18291959,0.3492351,0.013052018,0.21867691,0.030206403,0.7724978,0.86327654,0.117257275,0.023543373,0.18946324,0.015721682,0.8254042,0.6651309,0.0610536,0.06094524,0.0484251,0.22328946,0.45448318,0.010568323,0.2943967,0.19903144,0.57305044,0.08124868,1.2409264,0.023496091,0.9379001,0.14917718,0.14874865,0.0028263244,0.16573201,1.033371,0.43168285,0.41560993,0.39789638,0.0024386824,0.08613667,0.05610663,0.39626443,1.8936973,0.58782434,1.340182,0.3548313,0.13080667,0.103934616,0.42839372,0.00037203182,0.16864383,2.0478969,0.15865153,0.098252624,0.20500688,2.181922,0.27205142,0.19963329,0.2931421,0.4136522,0.23159632,0.0,0.42995656,0.087889686,0.07107833,0.61032534,0.030530067,0.044144202,1.4916877,1.5868304,1.3893504,1.1074132,0.0531216,0.087041676,0.15616286,0.9621269,0.9303552,0.103562415,0.0,0.4791724,0.33664224,1.4913806,0.041968334,0.15450436,0.11078467,3.9049275,1.3710384,0.24181443,0.5734325,0.65616935,0.0,0.32364795,0.88508564,0.17266266,0.24887975,1.0591708,0.26438692,0.42947018,0.36749876,0.0,0.06438387,0.64616597,0.016381508,0.3202329,0.013984617,1.995252,0.55502963,0.5043636,2.5715718,3.3005726,0.17608078,0.17143409,1.5689694,0.55588514,1.5780219,0.21895728,0.69189936,0.278154,0.20074795,0.5260193,3.1866386,0.5011653,0.5339506,0.3942223,0.6403368,0.2594781,0.4224869,0.35458645,0.9169538,0.022035044,0.07654086,0.6328867,0.6301057,0.040798552,0.6109515,1.0002646,0.44665268,0.09947397,0.3121513,0.9448845,1.4923182,1.3320624,0.2784933,0.96137047,1.1977234,1.518328,0.24415521,2.0388377,0.15252577,0.41052645,0.7280739,0.32629877,0.07584033,2.5535967,0.7509735,0.9603143,2.2054825,0.021888867,0.18966924,0.92560434,0.010797454,0.7439146,1.9101707,0.0879626,0.0,0.43462682,5.42389,0.5631052,0.5781352,0.016927417,0.17706221,1.0654217,0.007533891,0.57621646,0.4895232,0.40215367,0.5226744,0.011145818,0.18349497,0.044980735,0.18531018,0.15829878,0.22154486,0.1324801,0.07564805,0.6451651,3.911667,0.70867,0.21974152,0.84963995,0.40833646,0.0,0.9235563,0.6893197,0.01206488,0.4454095,0.0478897,all_pothole_images\pothole_images_new_image_330.jpg
1.5160351,1.1149133,0.35740373,0.87636316,1.1456118,0.039724484,0.59489495,1.4560152,0.67632043,0.5792093,0.011762616,1.2546753,1.43983,1.177979,0.2646028,0.24286373,0.013579518,0.010926888,0.091383785,0.26801124,0.859249,0.970865,0.100260936,1.1459507,0.13981543,0.32473773,0.14400521,1.6780126,0.0053823353,0.8464415,0.4738106,0.04536497,0.40754038,0.7441126,2.3169584,1.1908184,0.16078638,0.5892179,0.6117115,0.7411105,0.06474173,0.28827742,0.05064879,1.215121,1.0594679,0.061705068,1.5827938,0.019562788,1.2583425,1.3791578,1.8350875,0.94653547,0.02915576,0.05943044,0.0,1.784497,1.8920461,0.23787403,0.96252567,0.0008587636,0.7790121,0.046534244,0.33638585,0.41446063,1.149956,2.5483556,0.013262554,0.014884433,0.20090275,0.98915315,0.0049667982,0.21015799,0.0,0.90475136,0.10279348,0.107875355,0.22539228,1.7189409,0.08853981,0.79651546,0.15468998,0.03862,0.4491903,1.001493,0.22311965,0.7612574,0.0016240495,0.41002655,1.9126389,0.1512055,0.5790867,0.16096354,0.4056234,0.14422154,0.50655776,0.58527386,0.9447985,0.13959195,0.18509191,0.0085794125,0.056471065,2.1264532,0.53972864,0.40407872,3.2780676,0.2723161,0.34374467,0.29610893,0.8643721,0.48901218,0.024753096,2.2453554,1.0995203,0.05225635,0.402688,0.7806576,3.1718314,4.2060733,1.2020804,0.07464374,1.1710693,0.6676494,0.68751776,0.14015819,0.425566,0.4139847,0.97639793,2.2489748,2.8586712,0.0,0.4288526,0.13308528,0.013011984,0.21507384,0.016119497,1.045837,0.05364717,0.024767973,0.5052116,0.033761878,1.6796435,0.07053329,1.1648098,2.439296,0.0647652,0.5781738,0.022418192,0.11869657,0.7830949,0.7853532,0.3076982,0.0034427745,0.27276272,0.17846636,1.1307151,0.23216315,2.0733016,0.44101226,1.2131913,1.6689428,1.2557192,0.66775286,0.25917518,6.922878,0.114435,0.083289124,0.8600513,0.3989587,0.7518622,0.29714984,0.1322267,0.0,0.014104935,0.51653236,0.9489983,0.6008716,0.24246731,0.0050111655,0.028034389,1.1322408,0.0,1.8461493,3.8803985,0.7829342,2.998172,0.15852535,0.28881195,1.4876474,1.1475133,1.1778888,2.4693522,0.21422628,0.17533417,3.6987453,0.643695,0.0037154993,0.34658659,0.5017186,0.0061143087,0.6878911,0.22173643,0.7646256,1.2786002,0.54984486,1.8681338,0.66621506,0.70425117,0.76883215,0.31244928,0.6343956,0.005256286,0.0,0.3525311,1.0828214,0.6218031,1.8639009,0.19376184,0.14635582,0.11745511,0.2844544,0.5889697,0.717209,0.886203,0.6263405,0.0,1.2860547,1.4944047,0.24170592,0.3040698,0.0044134227,0.39037448,0.052203327,0.83645606,0.09239573,1.1870596,0.0,3.9727278,0.11052981,0.03790608,0.3287956,0.9835519,0.09629731,0.007622626,0.07529119,0.40072608,0.0,1.8848103,0.18607232,0.38852492,2.2470272,1.5952032,0.083272904,1.2853378,1.5778472,0.0060893646,1.366942,0.22395104,0.056438424,0.32745016,1.5917714,0.27368924,0.092177205,0.22845647,0.89378124,0.25519034,0.22151457,0.53502303,0.37076077,0.40937918,0.37272257,0.5401283,0.103479944,0.016174104,0.0003847723,0.6377303,1.5129076,0.3672968,0.50812227,0.788554,0.3213871,2.8827503,0.60181004,0.51781744,0.96651304,0.3021509,1.8383938,0.87474597,0.01393497,1.3417383,1.6441206,0.3938605,0.0,0.28691927,2.0279229,0.062482852,0.0,0.38636822,1.6118964,0.38958007,0.39758626,0.5695096,0.46378028,0.72252715,0.17591567,4.5617156,0.06244923,0.002756989,0.7317149,0.0059528435,0.9779091,1.0385323,3.2518954,1.7300005,2.556994,1.7869844,1.2014254,0.17384307,0.86893994,3.4483154,0.10881003,0.17212431,0.9441285,0.23265815,0.81392753,0.12505862,1.630734,0.8879983,0.0,0.53628784,0.03958238,3.198262,0.5280123,0.046247464,0.006625522,0.06863832,0.0055788765,0.23408842,0.26751772,0.77171737,1.0738113,0.062496837,0.5482196,0.1961392,0.88001496,0.96628517,0.050335966,0.055724945,0.30372494,0.5649313,0.20232005,0.14040785,4.7165428e-05,0.043644466,0.047605544,0.09841656,0.06322681,1.1304183,1.3359082,0.010000839,0.57337636,0.52597606,0.14239809,2.3665507,0.058365703,0.03430903,0.2510684,2.9185436,0.434578,0.7529641,0.123242386,1.8544513,0.3371454,1.4997677,0.04624369,0.73489916,0.2669325,0.0,0.05404846,0.35568112,0.4388887,1.061908,0.45139936,0.33903107,1.2773575,1.7510352,0.55967706,1.3612326,0.016268365,0.0,0.37781134,1.2595067,1.192681,0.40662208,0.014092484,0.84560126,0.060656838,0.62308294,0.15363505,0.20185702,0.24392395,2.7557771,0.07451861,0.09013911,0.5295136,0.33040586,0.022280693,1.6698116,0.11727315,0.20849831,0.03709191,0.4187686,1.1363527,0.39504433,0.15364328,0.055353556,0.018771794,0.24189498,2.0933933,0.6892314,0.0297218,1.850672,1.8992429,0.87448454,2.5659938,3.3965628,0.65631944,0.14638042,0.49738583,0.64791906,0.770743,0.16402677,2.5426178,0.40623236,2.0282505,0.18871221,2.6710198,0.26725036,0.9504317,0.23618384,1.4091916,0.19345827,0.00880203,0.7108696,0.2629576,0.07900648,0.19340658,0.5941883,0.0,0.023899965,0.071705796,1.929765,0.11298965,0.0347753,1.0969046,1.158808,0.9154692,0.16318072,0.0,0.18584979,1.2377238,2.4396672,0.5329525,2.3482418,0.22961892,0.09384467,0.028439824,0.84673154,0.17985898,1.2901295,0.35062525,0.38269666,3.545747,0.1108795,1.3522575,1.8017726,0.0892512,0.24022223,1.0499814,0.9571701,0.00027607,0.16910127,4.343191,1.6641638,0.23163573,0.0,0.58245057,1.3988968,0.18096726,0.56316733,0.31841874,0.20184492,0.035294484,1.1606168,0.04240415,0.44635174,0.0,0.23507172,0.7879916,0.004409475,1.910301,0.016285386,2.9720614,1.2826629,0.018080195,0.009033999,1.5349976,0.0,0.021667257,0.1562868,0.41309193,0.6681351,0.03268206,all_pothole_images\pothole_images_new_image_331.jpg
2.2299514,2.003769,1.0065483,2.245823,0.89977497,1.015772,1.0211459,0.43617582,1.4587082,0.0033899783,1.2275697,0.13539144,0.033432487,0.18796171,0.21558265,0.07211935,0.1548803,0.008114403,0.54263693,0.28147504,0.11273064,3.216871,1.3738357,1.3201789,0.15911263,1.0345988,0.06744332,2.8612685,0.0,0.5530133,1.356568,0.5921459,0.88295543,0.29024947,0.60427344,0.048133984,0.10464253,0.5107534,0.48844707,0.63410753,0.010486436,2.330181,0.3832461,0.0,0.5796136,0.40802217,0.34360301,0.30720434,0.8658424,0.24515511,0.4435793,0.36666363,1.2232817,0.41686282,1.1464766,1.142763,2.2009423,0.47077167,0.112080365,0.8806964,0.112958714,0.3774793,1.7474363,1.0810089,1.0181444,1.3083797,0.27208015,0.71563905,0.38870892,1.0326931,0.27001336,0.23374318,1.8013178,0.11939535,0.48335284,0.78988534,0.41015464,0.17151529,0.3437133,1.0277193,0.014238812,0.30261242,0.57680595,0.84284496,0.3413028,1.7226462,0.20593573,0.3242067,3.4416087,0.07483798,0.29814437,0.3921297,0.19439977,0.59982896,0.6717288,0.3571191,1.2557666,0.36988425,0.7105902,0.45879862,0.11218365,0.729985,0.22725227,0.34031498,0.4670833,0.6281726,0.24493365,1.2034264,0.68519646,1.8815178,0.21045023,1.4701686,0.9870987,0.332695,0.029442018,0.9701294,2.7132306,0.46487978,0.69721043,0.37944946,2.4613752,0.3644595,2.23867,1.0548087,0.3771928,0.21137339,0.6224626,0.72049344,0.023885215,0.19581318,0.50972897,1.4250922,0.7376252,1.2821047,0.8694928,1.3858557,0.70497423,0.27851996,0.72550654,0.00025083302,2.4601588,1.3646897,0.18048216,0.46946207,0.55448854,0.7671678,0.0069781146,1.0234425,0.326066,1.6713371,0.095278844,0.29147637,0.6604869,1.015735,1.302921,0.32877412,0.7854757,1.289595,0.58010334,1.248785,2.802114,0.06796764,0.9529,0.1461181,2.17667,0.21707118,0.3281362,0.11037857,2.2983937,0.9527643,0.24435051,0.25264487,0.20576772,0.17886329,1.3086666,1.4589838,1.504213,0.23215944,0.0,0.6866195,0.4918933,0.33609748,0.47984803,0.53293526,2.7868483,0.9992048,1.365945,0.5292066,0.034104764,2.7479877,0.23600262,0.17445005,1.0259418,2.7493708,1.2456435,0.10592734,1.0816154,0.7160869,0.40850884,2.2887847,0.6207352,1.5712718,1.9370373,0.00025331244,1.9170824,1.4133154,0.8267949,0.7417716,0.60485244,2.7919981,0.22282355,0.3621146,1.7188721,2.5408888,0.17729053,0.6242819,0.26664105,0.33335963,0.43018636,0.7420703,0.34349376,1.2728958,1.0762709,0.9881897,0.6447559,0.49813002,2.8539226,2.3937786,1.6442494,0.13805547,0.8446589,3.1654308,0.022780515,0.38913447,2.3012033,1.8590119,1.5793475,0.34184524,0.7039986,0.3914416,0.12546237,0.80416477,0.25330672,0.9445282,0.0,0.02427365,0.6161757,0.33507925,0.7856341,1.121523,2.346315,0.088334024,0.45499992,0.95396245,0.40741473,0.0060673365,0.39334577,0.5716868,0.9830712,0.24336962,0.11830528,1.0846518,0.40556157,0.62625885,0.047212396,0.9951951,0.02651964,0.17447014,1.6571319,1.7769984,0.7006269,0.24670067,0.13263237,2.1311958,1.4637818,1.6320546,3.866909,1.8307359,0.18536939,0.8070244,0.0,0.8140096,0.24832377,0.73193485,0.060463645,0.7197773,0.8019807,0.06603114,0.3464899,0.2254083,0.39413768,0.7649991,0.48285827,2.5280252,0.095739365,0.34937936,1.6498953,0.67770904,0.17329599,0.6009294,0.16581964,0.0,0.33366892,0.37265068,0.043607447,0.3354078,0.40748864,0.7032491,0.91949326,0.24869846,0.3454785,1.7307985,1.7851789,0.5386727,0.6216048,0.4346235,0.039256033,1.4144317,1.3195534,0.3095141,0.43926919,0.10279211,0.25281885,0.5285667,0.34935936,1.2965375,0.8027545,0.7274243,0.21125014,0.9702564,3.637073,0.05859612,0.68923235,1.0080814,0.28820986,0.6186588,0.65200454,0.80478287,2.0158405,0.0054701967,0.19024946,1.4425597,2.010733,0.04702923,0.60244304,0.80696064,0.48193467,0.3369216,0.07346886,0.47386894,0.1010248,1.2754992,0.042000577,0.65513927,0.86089253,0.539262,2.2200992,0.1565425,0.6612943,1.437144,1.088653,2.292751,1.9237032,0.857689,0.20991792,0.21316956,1.8733925,0.26324314,0.8274807,0.054860517,4.158259,1.4391872,0.10802383,0.2122572,1.4298983,0.16008636,0.12676573,0.35704383,0.5589161,0.2976187,0.7273131,0.24028304,1.0488158,1.9041556,4.630312,0.4116814,0.9822923,0.15712872,0.8064578,3.5734296,1.3934153,0.65927964,0.37719515,1.3051494,0.032257114,0.13029242,0.7329203,0.18134432,1.2661225,0.3556521,4.96286,3.0998454,0.40823784,0.6086179,0.0,0.12382285,0.8613331,0.55811536,1.0008438,0.13162075,0.29658073,1.208,1.6016562,1.320754,0.30505177,1.8751165,1.7605761,0.61616814,1.9342723,0.033648305,0.202755,0.01671137,0.23024006,0.07922504,0.6802825,1.424005,2.143296,0.7741833,1.9942191,0.3064941,0.2996463,1.6414158,0.04731706,0.31540975,0.5604147,4.351665,0.87932575,0.9013813,0.9698665,0.6542407,1.6463202,0.6865963,0.375122,0.9918334,0.9233339,0.12070119,1.2132959,1.5571148,0.2580017,0.987102,0.4774123,0.2251153,1.2984285,0.94894487,0.6722603,1.591187,0.9271874,0.54322654,0.10167758,0.55829555,2.5087686,1.8693545,0.8506636,0.5031921,1.4094456,0.46053866,0.8524845,0.15531108,1.205836,0.63166416,3.0364575,0.04906486,0.4055925,0.83616793,1.1597185,1.643071,0.0073877834,0.076692365,1.0648348,0.19097751,0.864083,3.3045888,1.2503443,0.22035067,0.0728824,0.40262836,1.022766,0.20148067,1.5270065,0.76158965,0.080942,1.995986,0.08840886,0.02220796,0.964016,0.33612862,0.3005418,0.1252044,0.94064796,0.6940811,0.19510639,2.4527705,0.81323177,1.2068335,0.7167779,1.0135134,0.08249872,1.555054,0.8584847,1.2514414,0.68349725,0.33908918,all_pothole_images\pothole_images_new_image_332.jpg
0.027038204,1.8582225,0.91409427,1.904857,1.465942,2.6723397,0.7895643,0.6314164,0.36237934,0.44481117,0.40462014,1.1259037,0.21417022,3.4194398,0.4770054,0.7942022,0.0049213897,1.1262035,1.4795333,1.5475812,0.8722511,1.7988857,1.026723,1.2785907,1.1900723,0.014842849,0.670277,1.8780494,0.06530257,1.0134107,0.6980906,0.14640675,0.30498177,1.6271963,0.6121043,0.4158582,1.8641541,0.954109,1.4709167,1.0078714,0.4117892,1.913341,1.475077,1.4437764,1.4873866,1.2616634,0.86328053,0.04232876,1.1742622,0.0160553,0.646928,1.1070551,0.63272834,1.5391172,0.09387956,0.25099346,0.4413924,0.8591411,0.81559396,1.0081878,0.61471105,2.3456063,3.176929,0.4431565,1.411695,0.43943685,0.49746418,1.5254049,0.33294347,0.16751978,1.4657125,0.65981025,0.1763985,0.43442094,0.27525544,0.69993013,0.8002589,0.3610938,0.7975601,3.1587818,0.069931984,1.0722969,1.659278,0.83555055,0.8041894,1.5742165,0.08989152,0.8274407,1.7960842,0.66561115,0.3340347,0.9870538,0.93088025,2.5705407,0.2907361,0.09956278,0.041688763,0.36056992,2.931808,1.2171308,0.2683802,0.68021685,0.47460562,0.43706137,0.24042642,0.8753928,0.39517227,2.205985,0.4485997,0.7302566,0.81234705,1.9886533,0.38832325,1.5785097,1.409818,1.2674437,0.5271443,0.99314934,0.23753345,0.12831824,0.41200382,2.5342362,0.7534241,0.9512902,1.0661013,0.2675597,0.34271613,0.110591285,0.5407824,0.6616633,0.52458537,5.8084626,2.4577029,3.2925322,0.19962972,2.4320414,1.1279273,1.5087229,0.63500303,0.26879653,0.07215248,3.307216,0.6827129,1.3444678,1.7214454,2.0546746,0.8747341,0.70615196,0.5966682,0.6454948,0.026569394,0.22115697,1.8982021,0.07854374,0.020665033,0.16505654,0.0,0.8017205,1.2492813,0.66679484,0.2700368,2.581075,0.21796298,4.380123,5.416738,2.6372757,4.884121,0.060436804,0.57835907,0.5324245,1.8491374,1.2758058,2.197347,0.52980065,3.463702,0.022117259,0.6995716,0.88760406,0.92967254,0.5077643,1.7731354,1.1746596,1.6847554,0.13597327,2.218138,0.09603927,3.5448906,0.8119627,0.77916926,1.2527872,2.9992006,3.207783,0.018264294,3.1692066,1.5826304,0.2707749,0.5812361,2.2443557,0.12400835,0.872066,1.1968684,1.6678424,1.9642402,0.9548958,1.5478609,0.25314593,0.64400375,0.34290266,2.3771129,0.841292,1.1047302,0.7404112,0.55278534,1.4738922,0.20605394,0.015801214,0.520646,0.42470703,1.3699546,0.038928173,1.1385107,0.18704231,0.54727215,0.40946057,1.377215,0.7729394,0.20574667,0.55775553,1.7526011,0.012070573,1.8773913,3.4663863,0.53866196,0.15671568,0.4982996,0.41662368,0.71304274,2.5753357,1.3990335,0.34437793,0.17506838,0.19898017,0.52718246,0.15979372,1.1766052,0.46475163,0.16755347,0.12493073,0.5169992,2.8724184,0.5431059,0.30652753,0.89056563,0.69763553,0.6355893,2.2825758,0.13083504,1.6860056,0.92035294,0.91017914,1.5367587,0.9389748,0.13329582,1.8258282,0.14462613,0.22687331,0.8172476,1.500442,1.2818451,0.54105896,0.083805345,0.005204468,1.772861,0.44962683,0.42810634,0.1177332,0.22010063,3.1110616,0.012135525,0.82435477,0.5168843,2.9826295,0.5740004,0.36651677,2.2904255,0.11596853,1.1536113,1.8028281,0.23226309,0.26588482,0.004487564,0.4866099,2.2880893,0.09789111,2.412582,0.70105207,2.3244927,3.3606274,0.35790062,0.703137,0.121533476,0.99118423,0.0026502307,0.7284912,4.9140015,1.642121,0.054581504,0.56606305,2.2676656,0.25861406,1.9035741,0.26103926,2.7296605,1.1461996,0.89759856,0.51729494,1.0169966,0.22466646,1.7789212,0.29801422,0.41812018,1.3348403,0.34666717,0.19672936,0.5583174,0.36688408,0.13408679,1.8210523,0.4036147,2.3457417,3.5038855,0.065482125,0.3062693,0.62979543,1.334285,0.6266641,0.5514355,2.2025602,1.8951238,0.9934149,1.330351,2.9827912,0.8484159,0.26713416,1.3885361,0.19096324,1.5579765,0.47079492,0.062488224,0.4786656,0.9393883,0.1387501,2.555752,0.5426299,1.4342089,0.8051943,1.9197359,0.24646479,0.42816886,0.17162727,0.8413084,3.7792556,0.3331323,2.153594,0.050493497,0.124312,0.8617971,1.2092366,0.3166322,0.9854604,0.5113186,0.7981029,0.9369857,1.955363,0.26659563,0.43249363,0.7349956,1.3055073,0.11072986,1.3906163,1.1457006,0.07835238,0.64651364,0.8621569,1.0999345,0.3566659,3.9620652,1.4259572,1.4243416,0.8448237,0.5387203,0.0,0.6347597,0.8500403,0.53307664,0.16503216,0.07310006,0.98141086,1.6957939,0.09422959,1.5245656,0.30897433,0.30448595,1.2538284,0.32518226,0.10689201,0.71343416,1.0334152,0.0,0.5490484,0.59240294,1.0425421,1.446673,1.4890608,0.06533408,0.8107624,0.6978145,3.7109964,0.1026332,0.0,0.56259733,0.32526582,4.718272,2.3697672,1.0728091,0.95149904,0.7154432,1.6501088,1.8284482,0.8063258,2.2495422,2.093027,0.65851784,0.52557915,0.59645015,0.33829156,1.2846063,0.3187919,2.2529683,2.2157307,1.3414618,1.5453061,0.9136955,0.037509963,0.31930438,1.0919908,1.5045016,0.7805632,0.4990378,0.47609663,1.549521,0.3599646,0.8735497,0.28323397,0.14496164,0.8066887,2.4299955,0.22390127,0.808543,0.0,0.46304443,3.482714,0.80631965,0.161099,0.3926934,2.1977422,3.3431828,0.21220584,0.7638854,0.8070764,1.5213826,2.0700896,2.5162425,0.0010896149,0.078567855,0.20234899,4.2094216,0.09676402,0.32037482,0.80105746,0.15442301,1.9577649,1.1750759,0.15452285,0.00052955747,1.492881,2.217278,0.5432599,1.5259916,0.17827672,2.2952275,2.8883069,0.44760647,0.7137778,0.95354086,0.442764,0.8620031,0.04731087,0.41435957,0.26514664,2.0309513,0.45444724,0.39135438,2.2345846,1.816718,0.34477502,0.19468844,1.6399877,0.052185126,0.5575163,1.0678661,0.51206386,all_pothole_images\pothole_images_new_image_333.jpg
2.5676007,1.7393193,1.3560511,1.9437237,0.16482438,0.072239175,0.63641727,0.3051611,1.3674216,0.015738629,0.9777905,0.8148527,0.23350279,0.8014304,0.6231947,0.30441147,0.5447602,0.13900664,0.37697402,0.69295096,0.38798407,0.9244296,0.21224615,0.43449557,0.5607273,0.76305497,0.4781589,1.1239847,0.17844419,0.19685087,0.38094908,0.28115335,0.28350303,0.36418018,0.018269321,0.16887799,0.29978266,0.07476907,0.13864681,1.2074003,1.4626472,1.1789454,0.040008735,0.15723026,0.19730651,0.74332136,1.5079534,0.50485015,0.76725084,0.7923084,0.1632241,0.04678431,0.2190854,0.30055827,1.0171658,0.1357834,1.4775275,0.21350902,0.05432773,0.39660734,0.4320552,0.04415608,0.12830663,0.2203984,0.0,1.3704647,0.60683036,0.68195736,0.047905955,0.30758518,0.6963743,0.36884475,1.5071156,0.7541769,0.015453289,0.35995254,0.5146282,1.0063814,0.043063838,0.38352814,0.24599911,0.13983078,1.4410728,0.40743795,0.72359514,0.578733,0.26407552,0.5479463,1.8037969,0.9713745,0.41918626,0.18718778,0.26753965,0.59184444,1.7934947,0.26439464,1.5602305,1.2734361,1.888769,0.12155412,0.30943608,0.63446355,0.002603393,0.81081724,0.09354691,0.04164953,0.5414568,1.0995387,1.2126958,4.289298,0.6339088,3.3317752,0.71609443,0.34373564,0.020590086,1.3400367,0.62016195,0.11722368,0.24566025,1.5162431,0.7297854,0.39322686,0.25208637,0.19362894,0.2602314,0.7704276,0.19473043,1.7738912,0.5136369,0.17834309,0.18284315,2.4224267,0.717482,0.8017892,1.8865618,1.597597,0.19999613,0.64660466,0.12446684,0.51622653,0.2813362,0.49834448,0.008036366,0.6371377,0.5015205,0.4097916,0.39399898,2.5733926,0.10055911,0.8643892,0.46538043,0.011630051,0.072310165,0.4929403,1.2975107,0.068339296,0.2952507,1.9885814,0.7713562,1.2737466,2.1824327,1.1301233,0.3737081,0.034871038,0.5175672,0.9147496,0.70121217,0.4067393,0.0018140695,1.1059406,1.6776123,0.3224126,0.76119494,0.24830946,0.9802334,0.22302507,1.4430481,0.32333618,1.1875162,0.01826438,0.022948178,0.3398801,1.9763653,0.557651,3.4581933,0.114192806,0.6812163,0.6893729,0.62644005,1.6502423,1.38088,0.081744805,0.58086914,1.9371842,0.8557138,0.10942063,0.38589275,2.9407167,0.32572663,0.8182434,0.08351775,0.48079124,0.07482361,2.546737,0.5874534,2.7390697,0.85833335,0.32880184,0.11301446,0.4004703,0.95786697,0.21038485,2.6485062,0.41497514,0.56238234,0.5404214,1.1256821,0.31365597,0.2862988,1.0731738,0.0,0.0059944987,0.23202425,2.0864484,0.0008353901,0.21432647,0.8270358,1.9938115,0.70464736,0.33830732,0.09142335,0.6871677,0.16438714,0.22171815,0.63703454,1.7735897,0.73530185,0.3652715,0.57198125,0.25758618,0.8856215,0.021048319,1.0001825,0.0740037,0.20199515,0.66278946,0.46505144,0.3216777,0.03293524,1.0710838,0.75220084,1.0563474,0.09900441,1.7274696,0.20966549,3.7058893e-05,1.7789272,0.12975647,1.6498781,0.38723037,0.14190459,0.567618,2.2534764,0.04783098,0.34439284,3.8887894,0.1843276,0.36786145,0.4017095,1.3782328,0.9771098,0.5729976,0.43486258,2.6283052,1.0020239,0.8727756,0.69658536,1.3373619,0.011915545,0.7714409,0.08182492,0.7891892,0.37653476,0.04650585,0.53098273,0.01085909,0.8495636,0.11121904,0.30023095,0.21911542,0.6717904,1.0705527,0.49962568,1.9439522,0.022866687,0.42323917,1.0021683,0.4783453,0.21799846,0.3396922,0.0,0.14472699,0.12411891,1.9296328,0.7340373,0.339169,0.30368733,1.9135927,1.3565664,0.7997786,0.5646688,0.08353008,4.214563,1.00616,0.029853158,0.5097365,0.018162256,0.1942282,0.8671683,2.3015742,0.4198555,0.0148725165,0.05627025,0.06548646,0.09077165,0.029597316,0.22957903,0.47355214,0.047413096,1.803112,2.1949675,1.1952195,0.49094212,0.63811946,0.14182967,0.046755504,0.36843535,0.02516142,0.486619,1.2817713,0.80062616,1.5943316,1.5701243,0.5012526,0.8555443,0.49896926,0.36291668,0.80858195,0.10688324,0.19055697,0.069723256,2.3847902,0.089595325,1.6654946,1.056586,0.04321559,0.4356975,0.042914838,0.44483432,1.2235198,0.68708444,0.6742549,0.42712256,0.50439245,0.0,2.1604936,0.06070099,1.5767955,0.27715287,0.6626445,2.954253,0.438044,0.6380451,0.45663723,1.1443994,0.059516385,1.1687962,1.6879059,0.65577585,1.0605526,0.35521352,0.32951355,0.90761924,2.494392,2.3625202,1.0454988,2.0658681,0.70369124,0.12280878,1.1943202,0.42129943,2.5550935,1.2010982,0.15309957,0.11508646,1.6086875,0.00054297457,0.3250684,1.6545275,0.03749574,0.35346672,0.93033046,0.7366456,1.7703462,0.16760047,0.35685143,0.31434956,0.5159788,0.26209706,0.15165226,0.0,0.87168616,2.3840601,0.47527435,0.0035463683,0.29284868,0.91677225,0.0,0.88732177,0.4335517,0.53586346,0.06657022,0.4901955,1.0469462,0.53421235,0.85728455,1.4533433,0.14121895,1.4742024,0.7931497,0.47893766,0.25138494,0.4271916,0.8433879,0.14612639,3.5731213,1.7020596,0.44832337,0.6595081,0.4431989,0.68718106,0.24361396,0.4591726,0.7349641,0.21115948,0.20371369,0.4703865,0.8473457,1.0997833,2.5668898,0.7933776,0.13669956,0.13757537,1.007664,0.8095763,1.5949336,1.6388102,1.5958909,0.7907168,1.675471,0.14811388,1.4206665,1.0987891,0.027334925,1.2187428,0.7701921,0.16220245,0.5021781,0.8016052,2.343795,0.5202367,0.0,0.36802742,1.6982459,1.2411569,0.5882707,0.062751815,0.20629248,0.8836001,1.2120496,2.3668385,3.1279302,0.45175013,0.4053215,0.3880092,0.30049545,1.0647873,1.6962117,0.32242906,1.0317899,0.041666817,2.3805723,0.50394976,0.0,0.1741485,0.35272974,1.0937573,0.57151777,0.34086078,2.8088164,0.043387946,1.0248575,0.4374953,0.733887,1.5026236,0.3763142,1.1639775,2.6012871,0.43914047,0.58344656,4.077502,0.30816853,all_pothole_images\pothole_images_new_image_334.jpg
0.77012914,0.93476796,0.68987375,2.3286493,2.7710316,0.75561833,1.2313492,0.355446,0.10238204,0.53001404,0.3681219,0.6922508,0.60765237,1.6159083,1.0460286,0.118735015,0.6295051,1.0056642,0.6126233,0.30991942,0.1211884,1.7440453,2.0594146,1.6954635,0.16262278,0.5510708,1.6693915,1.1679358,0.639471,0.40984058,2.215012,0.5216665,1.8816795,0.8031854,1.0683864,1.4629221,0.13897085,0.85816115,0.42692122,0.4257782,0.31433752,0.91091317,0.15698412,1.4098979,0.97852916,1.0290378,0.4331073,0.24853131,0.07254524,0.43264684,0.15141538,1.723601,1.0112579,1.8153067,0.6142827,0.35057995,0.54693776,0.04964445,1.4179364,0.18826084,2.273917,2.4276192,2.1084585,0.9998343,3.030397,0.5088175,0.46095964,0.15630266,0.4588693,0.42858467,0.56156224,0.21740945,0.2655073,0.0,0.84992063,2.4930258,1.2728367,0.74333626,0.37700373,0.019182237,0.9086238,0.68817365,0.58578116,0.011354721,0.97296524,0.83193153,0.006759275,0.47094375,2.0572503,0.06686007,0.38223782,0.88697815,0.6359555,0.36481124,0.2545345,0.20824233,1.2984792,1.266793,0.10984948,1.9292979,0.022958923,0.71584773,0.028966503,1.1695621,0.3492185,0.818299,0.54162496,0.48742524,0.44620255,0.66601723,1.9543506,1.1127299,1.9060264,1.2324927,1.3840929,1.0517209,0.78290534,0.045284867,0.60371244,1.6246806,0.4408921,1.3016304,1.7550727,3.158538,0.32262355,0.262099,0.3880444,0.05729676,0.66450477,1.8096656,1.609983,0.2915292,0.055533115,2.4613974,0.08714156,1.1867269,0.4291498,0.8440203,1.2020006,0.11218781,0.61501896,0.11400542,0.17013092,2.7677512,2.0669718,1.8051611,0.176948,1.1094376,0.7304161,1.4917624,1.7397428,1.0171578,0.11224184,0.020052884,2.0862267,0.060063303,1.596051,0.98217195,2.1926181,1.3449025,2.1151106,3.701576,0.2747258,1.2443519,0.613254,0.5513325,0.68877447,1.9591761,1.4334732,0.38926563,0.802841,1.0617808,0.40296325,0.55059993,1.4232897,0.8725215,2.3370645,0.24712385,1.2160411,0.39398694,0.28278908,0.5394824,1.2197863,0.4843113,0.077016175,0.62338,0.7781188,0.24259377,0.71235543,1.1660707,1.1549642,0.40769336,0.27666062,1.7785717,0.015257285,0.43156415,0.5588131,2.6620386,0.2930551,2.3693542,0.19628692,0.85903496,1.838473,0.6788638,0.65072954,0.9684738,0.7288967,0.7653057,2.264358,0.82912016,0.61787367,0.23519614,0.8085926,0.9230413,1.367263,0.78685683,1.1365547,0.4375971,2.9743361,0.16088523,0.7164034,0.14215875,1.2283467,0.009591174,0.2521474,0.6127534,0.48038647,0.12332804,0.20820695,0.40096122,0.6819738,1.3545783,0.53645843,0.5638321,1.597725,1.016187,0.16193725,2.5264952,0.7635163,0.038160443,1.744534,0.010922421,0.81446356,1.0259013,0.031283993,0.06880412,0.99900216,2.1543882,0.6153778,3.0085468,1.929556,0.0006110524,0.13619156,1.6383018,0.37167543,2.3173318,0.9837845,0.3919243,0.8751237,1.9161545,0.9587187,3.177664,0.9491933,0.4642638,0.03262148,1.5922582,0.0147709055,0.8916866,0.6066144,0.62581885,0.47968423,0.83572525,0.9052289,0.3136415,0.109017216,1.2847234,1.2361251,0.9984754,1.3933372,1.693692,0.33000168,0.13086548,1.016602,0.96205384,0.81468713,1.2397331,0.42809218,1.2030461,1.834467,0.32721663,0.59742206,0.9709438,0.38182473,0.56271285,0.14312026,1.587679,0.3370686,1.5013156,0.21026003,2.4108808,0.41975075,0.6268746,0.29858187,0.22610779,1.5019356,1.2330008,0.54973054,1.4844891,0.03427446,0.47708377,0.6157348,1.1883649,0.6991046,1.0892594,0.663599,0.3439704,0.25492162,0.6821834,0.15746847,1.7332315,0.898332,0.4303461,0.23130743,0.94968295,1.4332197,0.96405673,1.437326,1.4647888,0.56460416,0.9320341,1.4175436,0.08179391,0.37354955,0.43073183,1.6653188,1.4313488,1.826753,0.61638284,0.5826351,0.04206195,0.8859645,0.53737664,1.4145515,0.9604047,1.1142528,0.2256629,0.25210294,0.35258126,1.4130641,0.71963704,0.82681644,1.4058813,0.20892446,0.15090783,1.0445502,0.8570084,1.3477272,0.0,1.011102,0.130265,0.6848213,0.6315925,1.2104726,0.8521117,0.22078007,0.1278604,1.1189017,2.5912335,0.30105683,2.2302494,1.1898007,0.46135244,1.6691966,0.29714498,1.1796888,0.66066414,1.6561536,0.54249394,1.6966499,0.5201969,0.44933707,0.10595914,0.14461364,1.3486639,1.3899539,1.6138302,2.57406,0.62329745,0.4437705,1.1450946,1.2911694,0.82768613,1.3609054,1.4001193,1.0426075,0.40915793,0.5472559,1.0448272,0.8733285,1.7507663,1.1764127,0.80868024,0.103390835,2.3503993,0.47964883,1.0985699,2.0258582,1.1306351,1.5085748,0.891017,0.80429333,1.2133157,0.13576205,0.7735106,0.033558026,0.7699277,0.9545939,0.40980116,0.19266771,0.55905443,1.2849865,0.21992235,1.7829056,1.5838869,1.5388554,2.1112614,1.6673136,3.3005366,0.36944565,0.66701776,0.5372696,0.6512712,0.15228571,0.94718707,0.62098956,1.0989741,1.4475993,1.8163493,0.09157737,0.40575922,0.9361379,1.0703707,0.33797142,1.4220039,0.42852268,0.8765162,1.2137885,0.13645157,0.91907984,1.2008123,0.7741946,0.51290095,0.041587275,0.7404748,0.26170033,0.06377479,1.6958338,0.5541192,0.057919655,0.022151185,0.8854398,0.7554822,1.5894059,1.133846,0.9465289,0.4009248,0.088097416,0.7711057,1.5198731,1.0315932,1.141485,0.747034,1.6913897,0.4201308,0.24054132,0.7228767,1.0732782,0.10295219,1.5045644,0.32842067,0.9484563,1.7547549,0.68524456,1.0948291,0.0,1.0647818,0.6580582,0.9248328,1.7826116,0.12630747,0.426207,1.8371422,0.34892228,0.31168833,0.6412717,0.28343078,0.59254265,0.38084376,0.08634537,0.11366142,1.0192469,0.42432648,0.8788656,1.2359669,1.7270794,1.0369401,1.0600013,1.9489814,0.0259086,1.5132011,0.51941025,0.5465182,all_pothole_images\pothole_images_new_image_335.jpg
0.68484455,3.1861699,1.62043,1.682458,0.44568664,0.6632426,1.3561419,0.7063277,0.80945843,1.340974,0.27448997,0.17968425,0.4374872,0.37452838,0.3179917,0.013705071,0.24750283,0.252064,1.3282148,0.3747088,0.004900082,1.9582332,0.31328624,2.0015175,0.1802765,0.8480395,0.39268088,0.51800686,0.030821014,1.9640813,0.8139308,0.05729534,1.2541221,0.35771662,0.0005817386,1.0776944,0.049459938,0.18529683,1.0764446,0.42636114,0.009171276,0.022336038,0.17163347,1.024696,1.804183,0.5816942,0.2856198,0.058390673,1.4848268,0.3089203,1.15845,1.4056704,0.68805754,0.0744388,0.032492578,0.70137364,1.6281623,0.21133278,2.4972649,0.32879186,0.009137736,0.9839504,1.5005527,0.46073267,0.19871423,2.5711024,0.68996257,0.68266374,0.21618153,1.2489963,0.106210165,0.1434938,0.13976796,0.10965865,0.69492555,0.5822347,0.900261,0.90390074,0.4334385,2.2264304,0.49923223,0.23024404,1.9109344,1.4063859,0.6909177,0.9869434,0.4199662,0.042948503,2.4896336,0.5106698,0.0,2.0698087,0.115970746,0.41255304,0.13530089,0.6448174,0.7368203,0.6438821,1.1857144,0.22834481,0.014879506,1.3166183,0.09506948,0.6441674,1.0424753,0.12735331,0.020756334,0.36334562,1.2826248,0.8907039,0.4088984,2.284565,0.5632556,0.007228584,0.60737365,0.96703786,1.5754112,0.17915922,0.07204241,0.103501305,0.9132831,0.7048729,0.78966737,0.1514373,1.493143,0.72544837,0.000965464,0.2552846,1.9197649,0.43212667,0.88563323,0.488365,0.51759833,0.0013196595,0.35319328,0.30940887,0.18233058,0.47106364,1.6159456,0.59909344,0.83000034,1.8702277,0.61360097,1.1554608,0.6082973,0.65103453,0.17064789,0.39809698,1.2517939,0.20869721,1.0115694,0.114935406,0.33799347,0.01869464,2.1650774,0.25475678,0.8249609,0.46122405,0.24900874,0.26767328,0.5319471,0.36754167,0.5191449,2.953868,2.917338,0.056592736,0.75481546,0.38542724,0.2162767,0.023042297,0.9454504,0.3001274,0.024079835,0.49866465,1.0457892,0.39639798,1.2729249,0.043290596,0.19594567,0.31556526,0.042685244,2.426036,3.8037355,1.5942471,3.2771506,0.17277187,0.7868647,0.45667997,0.0975799,1.7345332,1.6238815,1.3265264,0.051906925,1.398783,1.422096,0.0,0.95648533,1.7541919,0.17132214,1.8849146,0.11264433,0.66559374,0.82907385,0.6220896,0.69961953,0.8899657,0.82910043,1.2297286,1.4959443,0.3363433,0.37806064,0.4232852,2.2382834,1.8780787,0.010196763,0.20471722,0.0021100475,0.14709651,0.7110102,0.14813702,0.18039674,0.15967196,0.10632394,0.57548654,0.0,0.13099165,1.5112953,0.35277525,0.32763392,0.12972637,0.41444564,0.7714109,0.28359398,0.32661164,1.4973307,0.00038229325,2.6230297,0.06174436,0.119552106,0.83540434,0.69039965,0.09400857,0.526917,0.407122,0.66611123,0.02284705,1.2329078,0.46966335,1.5906587,3.924091,2.1685042,0.016243985,0.6978578,0.14429127,0.2330098,0.7929231,1.0954764,0.3749539,0.31799152,1.5600903,0.061885204,0.73523086,0.22214128,1.3590364,0.36892614,0.76416093,0.49439496,1.026668,0.90234405,0.38714543,0.47639248,0.034255262,1.1171334,0.49525854,1.0028692,0.8677536,0.35427022,1.2437718,0.3446574,0.7085017,0.602553,0.75716084,0.12895823,0.22731586,0.51262677,1.6825751,0.6897177,0.4165553,2.7529106,0.11192641,0.13361228,0.21535055,0.89561445,0.84138286,0.83668864,0.3069006,0.01857985,2.1080494,0.25233495,0.23969339,0.128959,1.0939083,0.15514138,0.11227475,5.359216,1.0204508,0.1383247,1.3404887,0.12563588,0.8957549,0.21015196,2.6054347,3.533644,0.69962776,0.19784446,0.36366147,0.87275326,0.6264694,1.7539821,0.6158607,0.36209297,0.46596682,0.057876084,0.73229533,0.12635607,0.73565966,1.1435834,0.011050872,0.35491654,0.6121892,4.9657393,0.3503287,2.045899,0.06639688,0.068630725,1.0750701,0.7520865,0.20784175,0.040742107,0.31676042,0.69556046,1.7956978,0.08206487,0.5215409,0.4459813,0.0,0.004248275,0.3546298,0.09978183,0.94095856,0.52571386,0.08755936,1.7810371,0.3396111,0.35893586,0.32684264,0.5470213,1.053208,0.5904513,0.3051117,0.65555227,0.2564602,0.6879876,0.3825416,0.0041804765,0.45996267,1.1557864,1.192465,0.1349076,1.7433462,1.7241173,0.2683926,1.2540413,0.24542062,0.80220646,0.19792181,0.0,0.0,1.1154155,0.46286827,0.7193474,0.59006804,0.36884904,0.8424159,4.423517,0.9818253,1.7655331,0.14765933,0.18899192,0.93730605,0.82939196,1.6995362,0.68701637,1.1654193,0.31598586,0.13725728,1.0527267,1.6650265,0.27727634,0.52247566,2.2344258,0.76252854,0.0010402679,1.0987307,0.43214253,0.08102517,0.76487046,1.1989794,0.0,0.5798188,0.084161595,1.3934939,0.27115297,0.43593535,0.045603395,0.009015872,0.4724237,0.667567,0.20040195,0.0,1.034989,0.79135543,2.4503794,2.850442,1.779451,1.4187636,1.8084012,0.8214779,0.4810358,0.84826744,0.29305604,0.90861374,0.0034566915,1.742968,0.47719562,2.26889,0.4009106,0.79104847,1.1094296,1.3905176,0.6614241,0.8477433,1.3018018,0.288551,0.6736236,0.1330381,0.8935875,0.2978181,0.36275026,0.5436607,0.89662385,0.3199194,0.5235065,0.66494316,1.2013805,1.6271322,0.06817445,0.95597583,0.32719606,0.24092565,0.25578526,0.5706798,1.4189943,0.7275061,0.8390801,0.0868304,0.15514487,0.06372114,0.2886711,1.7135187,0.45719853,0.67570907,0.5573785,0.34068614,0.07192688,1.466261,0.54247254,0.5786388,0.9929253,0.19041423,0.08338313,2.106553,2.2504382,0.1047184,0.033439055,0.6379115,2.8752797,0.65046537,0.9176072,0.3382598,0.51475215,1.3915118,0.35429674,0.25746703,0.20755418,0.44349748,0.79042417,0.023170356,0.1751508,0.30105555,0.34015328,2.238272,0.9427068,0.54794896,0.25187647,0.91412336,0.12376462,0.8814255,0.31312788,0.4548534,1.3591396,0.1575685,all_pothole_images\pothole_images_new_image_336.jpg
0.66608125,0.5894973,0.01228468,2.833648,1.2632484,0.060307477,0.47289053,0.6194955,0.017739149,0.8199904,0.23424219,0.6640699,1.1916798,0.9092799,0.01475659,0.2420746,0.4251093,0.71819264,0.49012414,0.167525,0.12781611,2.4816284,0.36224326,0.93814987,1.2042263,0.38342953,0.83002156,1.9744207,0.031319052,0.3717561,0.23338193,0.042250287,2.5240989,0.44269288,0.6313396,0.31395715,1.2190677,1.023322,0.7771174,1.3513466,0.09074755,0.7434031,0.08473142,1.0648601,0.20532139,0.28864664,1.1989733,0.012304954,1.7205248,0.3956498,1.6073743,0.34261423,0.80359936,0.040934894,0.0010400758,0.77584726,1.154711,0.06212742,0.6215878,0.93162584,1.8216008,0.9555817,0.991655,0.025125343,1.8373101,1.8439515,1.0953201,1.0546839,0.09720625,1.2454903,0.11220564,0.052126374,0.68049324,0.57756287,0.12374728,0.42844543,0.2781862,0.4755229,0.0,0.485,0.41069877,0.16435973,0.71999687,1.4857204,0.2941093,0.27508283,0.25050277,0.043972667,2.1089158,0.42343372,0.942528,2.9405093,0.32146695,0.14873555,0.0167109,0.35643643,0.25960934,0.37315547,1.0247303,0.4810105,0.70523804,1.2109629,1.3157117,1.2730296,1.4200333,0.45539016,0.81943387,0.6291135,0.13720039,1.3726174,1.624619,1.6546142,1.1127138,0.0037972312,1.2174401,0.96216327,2.3179307,0.041679733,1.74272,2.0305402,2.1772695,0.08466439,0.20473792,2.6304967,1.3917146,0.6575282,0.23793815,0.08839651,0.3481359,0.15537146,1.909188,0.11372735,0.011583698,1.3609599,0.07913911,0.21012677,0.1826177,0.77014846,0.6403255,0.1714051,0.7226433,1.4161526,0.5633418,1.2553552,0.6826333,1.7087436,1.4522539,0.0,1.2248464,0.48968157,0.26814833,0.04554849,1.364441,0.15235363,1.4070907,0.2447422,0.48912352,0.65284324,0.33144817,0.4702582,0.26996544,0.02711101,0.30278245,2.8619456,2.028982,0.55346894,1.6846377,1.8154038,1.0293777,0.17627451,0.30234,0.18622528,0.82631433,2.7944674,0.16584167,0.4118631,1.4272199,0.06764164,0.23304172,0.024807619,1.9079547,2.6923862,1.292848,0.071125165,1.0756707,0.3396664,2.3272688,0.65507317,0.17604697,0.18363947,1.2732263,0.33572748,0.25621304,1.6905026,0.03977174,0.0,0.2791079,1.0037897,0.37891096,0.17523403,0.07049789,2.136262,0.8184095,0.22582683,0.5014575,0.19800274,0.18728429,0.0,0.82176596,0.6589093,0.07411315,0.2761326,1.5442141,2.0591109,0.97809815,0.22333573,0.646517,0.07303036,0.2941571,0.072884336,1.0451553,0.6126592,0.43395883,0.7765079,0.24450624,1.6503215,0.2305034,0.38232788,1.8332529,0.114807606,0.44545558,3.0605469,0.40793347,0.43121916,0.35831806,0.5654387,0.7583614,0.147548,0.349186,0.014935244,0.1184966,0.05580726,0.03445457,0.057445876,0.079576746,0.018311432,0.24030867,0.10868195,0.36610544,2.2146344,1.3777089,0.43955034,1.5047822,0.09782656,0.13925232,0.02026643,1.9218277,0.49052423,0.75874555,2.4436524,0.3269957,0.1431192,0.057041723,1.667712,0.9035095,1.0546932,2.7240183,0.3114029,1.017492,0.38649723,1.576114,0.642007,0.2867803,0.47335565,0.1251478,0.42838293,1.0026665,0.5521413,0.0396238,0.29830614,0.8198569,0.056340486,0.23652153,0.036666024,0.6838949,0.26689935,0.6550611,0.35187024,3.0099316,1.6487364,0.2990971,0.23878428,2.1438851,0.30921966,0.25964892,0.34938625,1.2664098,2.0479445,0.10870261,0.39214364,0.26593325,0.3059903,0.03162244,1.1276492,2.720164,0.49913967,0.019584723,0.7181303,0.24467903,0.32135206,0.8710333,2.370289,4.419496,0.9348901,0.063123584,0.7891274,0.07725457,0.02282902,2.1499212,0.49028847,0.66932195,1.3939555,0.24772137,0.6754667,2.8667397,0.72052115,0.25221905,0.6230458,0.3313941,0.46668848,3.0380151,0.3927623,0.8684649,0.5645221,0.0033740094,0.09305567,0.91853184,0.529014,0.39565066,0.14960444,0.5084927,0.83387053,1.7656115,0.08171129,0.3525266,0.0041265045,0.5821443,0.23583215,0.08931794,0.5214332,1.2889328,0.51645714,0.6286331,0.23556687,0.98262954,0.09202456,1.0839734,1.5282131,1.4678215,0.6254017,0.8194222,0.0064946353,0.024256727,0.3097974,0.0468513,0.29876903,2.7374868,0.059824172,0.3981144,0.55045086,1.5733688,0.53940964,0.57797515,0.15530612,0.8162736,0.14403695,0.04267202,2.52636,0.65092397,0.9246104,1.6076286,0.22195446,1.6567264,1.2390655,2.5413952,1.3168418,2.0681288,0.7280854,0.8160634,0.8118546,1.2598963,0.9952951,0.079279415,0.21373743,0.31036603,0.10901926,1.1096437,0.39206013,0.87082964,0.17097998,3.5800843,0.50473076,1.5506002,1.2685059,0.95185405,0.11970218,0.15763505,0.7230165,0.01860577,1.1819218,1.052904,0.96058017,0.95376116,0.17483653,0.45113373,1.0080216,0.8209166,0.7993427,0.141328,1.3412532,3.061768,1.4532841,2.0318465,1.7860173,2.0434916,0.5227146,1.775144,1.3378367,2.038446,0.4680743,0.15638582,1.8444277,1.8017168,1.0779648,0.6747452,1.9269843,1.668985,1.3028151,1.4260858,0.15917693,0.8557523,2.3057642,1.2908416,1.6841117,1.14312,0.9370118,1.1452088,0.21207377,0.39140958,0.102862835,0.78285784,0.23736212,0.33531928,0.79529786,0.32467023,0.44750556,1.0772073,1.5067964,0.65981466,0.07424184,1.9683759,0.65166384,0.4168041,0.0,0.3014783,1.4267392,0.04580739,0.053671762,0.47341132,1.8082918,0.66694754,0.9757519,0.10629065,0.23611562,0.0769002,0.21380678,1.0289927,0.15222046,0.05098434,0.052790627,0.32171485,2.645354,1.0193504,0.3203061,0.017773993,1.0245754,1.9504267,0.070435286,0.0898496,0.31921887,0.6988402,0.15397942,0.4031523,0.010294084,0.21033567,0.07700859,0.5023933,0.2610412,0.096201435,0.6934916,0.06149738,2.0713232,0.45709532,1.133169,1.4881337,0.7891691,0.014425184,1.4246037,0.8961177,1.2992421,2.0996482,0.22806008,all_pothole_images\pothole_images_new_image_337.jpg
0.04596911,0.7229435,0.12020682,1.37694,0.5867046,0.48034316,0.06137178,0.106559865,0.2813809,0.50196224,1.1680374,1.0330347,0.56078476,0.5858444,0.00795887,0.35001466,0.17285298,0.31699765,0.45683143,0.16641356,0.39657393,3.019148,0.24061245,1.8904935,0.042673923,1.1215899,0.018034596,0.8523046,0.007989014,0.1899079,0.26367936,0.25410944,1.1271694,0.7521791,0.7746527,1.0896779,0.9271447,0.6336498,0.2154297,0.1943481,0.32435843,1.3043897,0.38279927,0.6130374,1.4594378,0.08233625,0.72283936,0.1971251,0.18398051,0.673403,0.5457323,1.59518,0.5358611,0.6259416,0.06235086,2.1894987,2.131373,0.45649603,0.42395097,0.7248211,0.08482563,0.06154756,1.9531511,0.7092888,0.9637988,2.0484006,0.27708372,0.031324502,0.3796356,2.460445,0.54791963,0.06191456,0.015472425,0.20357591,0.12013275,1.0391343,0.13682917,0.48838705,0.18486032,1.1945983,0.094477065,0.44078195,0.27327,2.8422394,0.21649566,0.6640939,0.14650333,0.05921788,1.6219187,1.2197505,0.15659368,0.2903199,0.3902038,0.06259571,0.06123257,0.067476876,0.4248509,1.1599507,0.8169279,0.8929384,0.3362742,1.4071063,0.44190207,0.49909163,0.7158995,0.21079175,0.5906202,0.031314626,2.1620436,0.23650372,0.35656524,1.0333717,0.7942714,0.0,1.0594007,1.3212954,2.0580401,2.1568866,0.9094467,1.0651591,1.6602806,0.124744765,1.3785344,0.45662782,0.64226365,1.4900556,0.18908948,0.13071749,0.76409054,0.88484246,0.95105886,0.10061407,0.39678463,0.26205078,0.14716911,0.48331267,0.2792078,0.54902315,0.7136185,0.15659651,1.2809664,0.8440117,0.11374865,1.9207383,0.9838568,0.08326446,0.49415198,0.16652852,0.8842369,1.2301623,0.2552623,0.27682897,0.058801953,0.13157462,1.1707691,0.08524634,0.68612367,0.54229885,0.47724625,2.1546097,2.2012322,0.06793675,0.061280068,3.53869,0.76510787,0.003587789,0.6596517,0.18161051,0.47164434,1.1716751,0.00014272297,0.029862884,0.017150156,1.0870185,0.1044388,0.14442854,0.32976753,0.0040283753,0.983679,0.5233396,0.0026524237,1.951325,2.5676239,0.69655716,1.8261571,1.1468694,1.0101929,0.53377616,0.001371492,0.9149763,0.23062302,0.14531215,0.19597076,1.9016156,0.026715893,0.3259121,1.0623838,0.35106167,0.23627453,1.4063263,0.34192458,0.035503633,0.19047348,0.78460526,2.2709682,1.1242564,0.3712568,0.1644178,1.0086893,0.24712043,0.069422476,1.1705431,0.70974785,2.0142539,2.2371557,0.6001516,0.14950895,0.31788078,1.1351297,0.553692,0.12765843,1.3974469,0.07812082,0.7866075,0.24249873,0.18053669,1.3336751,0.84294015,1.9209793,0.0059717065,0.16183607,0.6573209,0.055969562,0.0,2.4626625,0.011339025,0.9716708,0.0,0.1466285,0.13476625,0.16584462,0.03780579,1.0925335,0.014763372,0.0260113,0.2311931,0.41970015,0.35563967,1.0907714,3.1467564,1.1227431,0.08109094,0.29047024,1.4452627,1.1617632,0.51580274,2.0899231,0.42773607,0.09648304,1.6916852,0.077231914,0.8870073,0.23305534,0.22132532,0.8438315,0.37902227,0.0011195813,0.8307136,1.0524119,0.88692987,0.2641715,0.00048656948,0.100057065,0.7387001,0.89314765,0.84711313,0.57858795,1.4163549,0.22134425,0.20061348,1.6068916,0.15138769,0.15790115,0.075204045,0.55992985,1.4058548,0.73536587,0.07573179,1.7076235,0.59664994,0.6640118,0.022222081,0.0011935071,3.1059606,0.6487417,0.13410121,0.3211605,1.467885,0.4073777,1.7562689,0.17586677,0.60439265,0.23843151,0.52950513,6.556918,0.12069137,0.14527297,1.0204171,0.19002898,0.07389243,0.48084134,2.2099597,5.289989,2.5513382,0.8533788,1.9106666,0.55298704,0.68971175,1.198251,1.0128495,0.29055384,0.40411776,0.28649744,0.4844741,0.2868068,1.4391485,2.1140454,0.07360315,0.44345987,0.27985922,5.525642,0.267711,0.5436193,1.9260834,0.020892425,0.20058805,0.3717971,1.7258615,0.07940569,0.114536345,0.5895074,1.1249272,1.1739305,0.017287899,0.23618297,0.3987589,0.38203597,0.190922,0.5120774,0.46531066,0.022060478,0.5130981,0.36025712,0.9426858,0.020428104,0.0016216717,0.55264217,1.2793337,1.1365371,0.38868016,0.11928435,0.0,2.5128415,0.08123208,0.03557644,0.21166995,1.4984268,0.9935008,0.09368029,0.67346025,1.0757931,0.17096877,0.9751709,0.39198747,2.100534,1.2359494,0.50369567,0.33492506,0.7986034,0.09388984,0.028641311,0.17290398,0.42046204,0.48860374,3.6807468,1.5329384,2.044789,0.035617094,0.0854417,0.56017107,0.64254177,0.8150258,0.26210663,0.15689375,0.16433299,0.4034929,1.0417339,1.1064658,0.8659737,0.015408826,3.6154604,0.46579757,0.0036611927,0.33652285,0.63417894,0.32642782,0.47077993,0.10954088,0.48794678,0.42125827,0.50082415,1.995216,0.9237026,0.642074,0.16820754,0.5888233,0.74987644,1.6276537,0.020733858,0.0054686726,0.466163,0.91916716,1.8030062,0.8733742,1.4646856,1.8994604,0.38694388,0.62856376,0.7182409,0.10614336,1.0687423,0.4785805,0.37962544,1.6558797,0.056488074,2.999541,0.24571142,1.3421204,1.2934262,1.2198443,0.31271577,0.39850312,0.5224318,0.6233144,0.6052249,0.1002212,0.9873363,1.1085857,0.05342593,0.6961129,1.0402601,0.06631263,1.1138636,0.5124838,0.9953691,1.1644093,0.37612095,0.5195821,0.054386307,0.92324686,0.9407875,0.041361887,1.8935238,1.0027982,0.3486174,0.29321334,0.0,0.011800576,1.0007216,2.3085794,2.1913946,1.541365,0.67464274,0.13099422,0.41891786,0.4616478,0.1459252,0.9956664,2.8379822,0.17994907,0.6029403,2.633894,1.072809,1.3798164,0.0501585,1.6629828,1.3923672,0.41333362,1.5296938,0.2606655,0.22947143,0.75234044,1.692909,0.011305534,0.06402077,0.12636016,0.22077136,0.05372261,0.10947514,0.041829284,0.6808567,5.1256514,0.97226745,0.61059654,0.99405634,0.9121206,0.039679717,0.7533506,0.14201128,0.1372931,0.41280293,0.17128837,all_pothole_images\pothole_images_new_image_338.jpg
3.550927,1.2451265,1.7775253,0.8063834,0.014403029,0.11624546,0.6387944,0.122919336,0.35720062,3.010295,0.34327176,0.45439965,0.10771893,0.18364903,2.0641131,0.93348646,1.6745971,0.27536577,0.004344954,1.25333,0.68836975,1.1370224,0.1167217,1.1899859,0.39792734,1.9443972,0.84922445,1.6910865,0.87569594,1.5918977,0.53476626,0.9048852,0.14657052,1.5916651,0.1146509,1.0095177,0.16637915,0.4185678,1.178823,3.1307285,0.12688504,0.7016828,0.97070503,0.49209392,0.21448793,0.8859965,0.14988758,0.5596731,1.8481903,0.19172975,0.14620954,0.8401815,1.7211472,0.79170394,1.3805832,0.9468049,2.3524697,0.7906149,0.12492436,0.79278916,0.07724858,0.28864992,0.9498475,0.6119642,0.01903015,1.5532366,0.7301341,0.22945598,1.4263403,0.79548085,0.20947205,1.168307,0.7497607,0.47368443,0.28581396,0.90180564,1.1106666,0.46817982,1.4213814,1.8779032,0.6967484,0.20972347,0.79434687,0.7038046,0.08073159,0.50282955,0.38430017,0.3368583,2.1965158,1.9407849,0.6217295,0.17021789,1.0649375,0.9976705,2.3803742,0.47612604,0.9021679,2.9602258,1.0740666,1.1101166,0.19039457,1.2028089,0.4485644,0.31364822,0.6922261,1.6787657,0.003427912,0.3815772,0.61538047,1.4297158,1.6392395,1.4050472,0.64583445,1.0601614,0.19339304,0.4770749,1.2876587,0.25937504,0.03715487,0.96551657,0.50275147,1.2225978,0.5852577,0.35033974,0.42198682,0.32451153,0.34906012,0.8033536,0.69049126,0.27463746,1.770508,0.5392452,1.8092607,0.0077122813,3.234773,0.16536433,0.5127465,1.1957597,0.21997926,0.019615121,0.16653197,0.83515304,0.45706153,1.0091475,0.70470375,1.7699577,0.7616811,1.5346738,0.9623533,3.240045,0.7901849,0.49318153,0.067329235,1.0118393,1.0365124,0.32932726,1.2633473,2.269293,0.099417284,0.18622233,3.085907,0.58687,0.41968948,0.6419953,0.14194494,0.6152065,1.5273962,0.7288747,2.9398093,0.17028505,0.84800315,0.9575358,0.19741334,1.0442873,0.8334687,0.8521652,1.6309916,0.18174636,1.7248052,0.74028784,1.1750506,0.22762302,0.30070445,1.6764629,1.8176813,0.20426273,0.18708834,2.6958008,0.80002975,1.0663021,0.7444828,1.2809057,1.4568202,3.7216613,0.039771363,0.8419869,0.4026318,0.67428535,0.098075084,3.893516,0.38476095,1.6598283,0.16182004,1.1267854,1.3804607,3.9226506,0.91317326,1.9030265,0.4914439,0.16824608,1.3309834,0.7351846,1.4665375,0.27887878,0.14802781,1.189815,1.4716196,0.44367123,1.0099647,0.77831095,0.29853573,0.0,1.0718833,0.30002,1.2661949,1.8902314,2.127955,2.011859,0.20669638,1.2730978,0.8559189,0.7992049,0.2951339,2.0807881,0.8315651,0.7368561,0.62064576,0.027473764,0.3539652,0.88094944,0.004311793,0.015300256,2.2820508,0.8826686,0.7721617,0.3677843,1.4067441,0.4006652,0.8987026,0.37841257,1.714054,0.37301207,2.0937786,0.21459411,0.38806063,0.015945096,0.6223344,0.5099501,0.9285915,0.39979297,0.53392166,0.52538276,2.2581058,0.34052843,0.0070085116,2.4729526,0.30502307,1.6425222,1.4928741,1.9604101,0.27123666,0.9378488,0.4184652,2.9365427,2.5844228,0.48311502,0.1451633,1.0385388,2.2105532,1.5298036,0.7359085,0.11629492,1.0264302,2.1235304,0.9548176,0.45003402,1.5363246,1.7240347,0.58002555,0.047282744,1.4272614,1.9485985,0.048992097,0.8094168,1.662275,0.21614927,1.8497292,0.0016733011,2.063382,1.344962,0.03827248,0.1206059,1.2448303,0.0,1.4715962,0.55267763,0.4676545,0.012154621,0.7314461,0.011759194,1.3095928,0.9826757,3.0453784,1.2350627,0.25337842,0.16386355,0.8553504,1.5928226,0.56193846,3.4960706,1.7262044,0.55468863,1.9856097,0.19180636,0.04619721,2.3970935,0.21814801,0.37196445,0.8358552,0.7435038,2.5925958,0.99484724,0.5772013,0.5332255,3.9660115,1.6250688,1.5465611,0.724906,0.6476051,0.44087866,1.116546,1.2298207,0.8514657,1.4044944,0.9432064,0.6459501,0.13154395,1.4006038,0.2021916,0.9141325,0.009793919,0.77105355,0.31355494,1.0843183,0.9181764,0.8493508,0.28088793,0.86729974,0.18823814,0.22815357,0.7500527,0.66050184,1.4049164,1.1446307,1.2552398,0.08098254,0.16198047,1.216443,0.48058823,0.72110295,2.7737377,0.029243274,1.3614955,0.28447682,1.4178706,1.0333875,0.18109967,0.33476534,0.82723016,0.6369794,0.38207453,0.25806776,1.1289527,1.3352373,3.852764,2.395758,0.26727998,1.4138281,0.2127669,2.3327131,2.5583303,0.09173775,1.3338028,0.12866725,0.531848,1.8266869,0.13486962,0.60685223,2.2298162,1.351256,1.0420822,2.8219824,0.38046136,0.9817005,0.37251467,0.75976014,1.8374385,0.39971685,1.3174046,0.84180915,0.51742727,0.6817542,0.49067327,0.29639283,0.5178619,0.4295825,1.1521411,0.40784976,0.72644293,0.03254197,0.23914999,0.45631105,1.1148623,0.21292682,0.93438673,0.033631396,0.15845098,0.79823786,0.61751145,0.68949,0.5449999,0.20080137,0.35726207,0.37463775,0.45101753,5.0883045,0.69420475,1.6472161,1.516646,0.43194342,0.7816893,0.65003455,0.121110074,0.57468957,0.4571684,0.06669713,0.8987695,2.1772368,2.3156488,1.8098608,0.0032333026,0.370783,0.16602644,1.841299,1.3807986,1.0355096,0.15301037,1.2997774,1.9391513,2.709947,0.35585433,1.330913,0.014772606,0.024945915,0.49110287,1.7622366,0.032107998,0.9652387,1.2192941,1.6129782,0.51544297,0.088141926,0.7877194,2.1106932,0.69580823,0.23725124,0.12279787,0.44286722,0.12301732,1.4029267,2.1871274,4.168883,0.7760903,1.0582045,0.91706425,0.50203085,0.2589401,1.8812608,0.0031460882,0.08374959,0.5694231,2.0249617,0.106305294,1.0500071,0.108979866,0.41220614,0.20227559,0.6762546,0.5087814,0.18409146,0.100819774,0.31589457,0.56154567,1.5073183,0.019078845,0.08966682,0.5734957,0.8500992,2.7395775,1.6868199,0.105300345,1.1123462,all_pothole_images\pothole_images_new_image_339.jpg
2.825594,2.2553577,0.8463893,1.0738963,0.050569456,1.3433087,0.5052115,0.65635425,1.390021,0.046092916,0.7719934,0.0916807,0.0153356,0.14076759,1.6016434,1.1202143,0.24704717,0.10147166,0.4005083,1.4645398,0.1303023,1.5889251,1.2448733,0.5333623,0.047603354,0.7115467,0.16154985,0.11173797,0.020318791,0.057092305,0.7176113,0.96216816,0.18716146,1.1516191,0.12262959,1.3207858,0.15473838,0.25029418,1.3023905,0.58841056,0.6635714,2.5837345,0.07031734,0.0,0.11658806,1.0493965,0.8336988,0.4429296,1.7115017,0.2779309,0.0,0.7057849,1.8308141,0.046608448,1.7299942,1.2833583,1.7057267,1.0968335,2.1674085,1.119282,0.09180312,0.021100475,0.094805256,0.9457184,0.04243028,0.5487935,0.2919777,1.1529495,0.79324806,0.41729277,0.80792385,0.10731943,2.0397158,0.002279869,1.1765912,1.0949845,0.5073111,1.4016051,0.8391122,0.17917922,0.21641341,0.123271845,2.7913942,0.08785011,0.41688678,0.65751195,0.17498511,0.1044285,2.5207071,0.23930144,0.5207042,2.1262214,0.32101622,0.071283355,3.1634073,0.5320376,2.400915,1.5877345,0.51359856,1.7373781,0.0,0.7779236,0.090716965,1.31939,1.9629644,0.8235344,0.8226969,0.031276405,1.7107836,2.9509466,0.33959705,1.0477157,0.28466377,0.92902005,0.01610648,0.85557985,0.6982817,0.4143788,1.2178367,0.3416365,0.52593493,0.79716593,1.1675926,1.2593238,1.1802182,1.1143389,1.4311391,1.3362333,1.0418497,0.8456673,0.6238324,0.5990688,0.0052771526,0.13794553,0.5521515,0.27127537,0.119763136,0.27713254,0.34593064,0.77282524,2.6041732,0.7793391,1.1546857,0.40065658,0.2864155,0.09698708,0.3815155,3.3457572,0.15861936,3.6952112,0.18362127,0.5941866,0.47475842,0.9467584,1.0504425,1.2037622,2.1761599,1.639527,0.75633985,0.06356962,0.49144924,1.2889295,1.7657686,0.16812104,4.7830434,0.0061484617,0.14946826,0.27357265,0.3310017,1.0496272,0.62131345,0.03862032,0.12493554,0.18212256,1.3101058,0.6575072,1.0196975,0.24627312,1.196017,0.4691179,0.2186173,0.1878225,1.3811134,1.9861064,4.43038,2.6449983,0.9591582,1.2798989,0.0047858185,2.0634987,0.19907849,0.18211277,2.785102,2.4787986,0.56307197,0.481154,2.1955068,1.3736795,1.8365954,3.27517,0.57374734,0.19865198,0.41408882,0.4061979,1.2965713,3.365807,0.8471752,0.3818194,0.18599783,1.4962858,0.8043728,1.4304655,1.2579285,0.4788773,0.21387754,1.726612,0.3002362,0.1894066,0.05088452,2.5897214,0.5574326,0.72942805,0.2832359,0.4772215,0.14433207,0.076134756,1.6647242,0.30263445,0.45716414,0.34853107,0.20134552,0.3640269,0.4874709,0.08054122,1.2678267,1.018429,3.0782158,0.14962377,0.7218727,0.09126979,0.87715197,1.3139124,0.6701294,1.2988735,0.05548519,0.46089965,2.1874404,1.1233225,1.3713862,1.4121231,0.67010105,0.91613615,0.46600544,0.74212074,1.8886557,0.015208813,0.6965191,0.054328304,1.3227589,0.23254468,0.0546935,1.6621002,2.8661222,1.2711337,0.24975547,3.1838562,0.17244774,1.1722484,2.2045596,0.4032917,0.94412565,0.080503225,1.8521323,3.5873163,1.1135828,1.8423432,2.3192337,0.16661033,0.49603873,0.80758274,0.0,0.22222306,0.3338246,0.6804599,0.07099112,0.030775756,0.08764474,0.104213946,0.34476855,0.1666148,0.8974684,2.0968583,0.41435316,2.8801453,0.6283396,1.1974629,0.7995526,0.15690708,0.5435272,0.31120268,0.008975522,0.13182808,0.33389094,0.5627232,0.35825333,0.51559925,0.1995892,2.5945148,0.9113308,0.4596623,0.7194817,1.5795233,1.4811258,0.53390104,0.035844095,0.8967629,0.0,0.4989969,0.8773781,0.5057902,1.6152334,0.5132996,1.1429176,0.56191427,0.6148575,2.486234,1.1921208,0.3687692,0.1541206,1.4379017,3.8803735,0.025307102,0.4007412,1.1767206,0.70812535,0.39570594,0.8075417,0.47549555,0.8286053,1.4012641,1.1365743,2.7717793,1.0527114,0.8536526,1.5241399,0.82269096,0.0134244645,0.89622676,0.65721387,1.5902547,0.60034823,1.9255669,0.08734894,1.2562159,1.3090163,1.051053,0.78713965,0.46269482,0.1591739,1.4249436,0.47491074,2.0070076,1.5705239,1.1339376,0.42878407,0.99918926,0.80284435,1.0739021,0.6546603,0.073657855,4.1796193,1.2341706,0.47038975,0.4827177,1.6876472,0.1601276,2.176226,1.1145924,0.99031985,0.4362016,0.34677863,0.62675005,1.3275157,2.7606425,3.9759595,0.38927466,0.24821444,0.4570616,0.053565677,3.5224524,1.1363034,2.2050688,0.38525444,1.2810236,0.02024564,1.0645105,0.81349653,1.727196,2.879418,0.3713663,0.40470254,1.5938873,1.0757204,1.0413996,0.19175965,0.941632,0.8203589,1.0612655,0.5260259,2.0562077,0.49870345,1.5465271,1.3311923,0.24219058,0.0,1.2071738,1.9332654,0.049165614,3.114642,0.9606362,0.2757232,0.39310572,0.6916815,0.25910693,0.86314833,1.1008931,4.9279513,0.19247043,0.7926778,0.32977602,1.4101092,0.6136209,1.3438059,0.24926999,0.027385298,4.3006406,3.2306385,0.6216451,0.31431133,0.1939267,0.2893714,1.04655,1.0901746,0.24286172,0.037253585,0.06433627,0.2710893,1.4474843,1.3218955,3.370733,0.42209676,0.6700882,0.31992874,2.4286573,0.18104105,1.8178025,0.29160625,0.63372225,0.4184592,2.3494966,2.200704,1.0096822,0.1036946,0.47616622,2.6041956,0.71898067,1.3425894,0.6302531,0.4442522,1.2268254,3.7924206,0.16809325,0.62444377,0.09516268,1.1091163,1.3832489,0.09599498,0.7405698,2.314455,0.4480741,2.627714,3.56456,2.1969404,0.1379437,0.12581187,0.6060018,1.9912684,2.025525,1.3200496,0.22387917,0.06760016,2.9216309,0.02884238,0.23284018,1.1807916,0.50319046,0.2684609,0.6106735,1.9538325,3.1707776,0.0,3.3664837,0.9626264,0.279948,1.7502083,1.169304,1.1636631,2.8096879,1.0107956,0.3544904,3.5854971,1.325492,all_pothole_images\pothole_images_new_image_34.jpg
0.7785722,1.3652761,0.0068251514,2.7626529,0.21702948,0.27589908,0.102876954,0.0,0.15586343,0.37500307,0.009372518,0.0,0.0,1.1449409,0.0,0.00046129889,0.066616386,0.0,0.0,0.30659425,0.60094804,1.2504869,0.0033097663,0.29508469,0.9865171,0.3660431,0.07198822,1.811107,0.22566117,0.08471997,0.6769073,0.13145714,0.039872877,0.1946517,0.0060060928,0.48642954,0.8537283,0.23117512,0.97293967,0.0,0.012282277,0.03641443,0.55499005,1.1798594,1.3911463,0.0,0.0,0.13839109,0.016313596,0.022575175,0.00018830932,0.0034634871,0.04296957,0.12392386,0.039415535,0.31785178,2.350991,0.16224623,0.0,0.01296438,0.0,0.023649478,0.66125715,0.41360247,0.18963555,0.15533921,1.2569824,0.019435719,0.027039785,0.16374502,0.3140031,0.32436848,0.37735754,0.00037711312,0.3289775,0.543576,0.016686646,0.8951458,0.0,0.0101846075,0.016081346,1.0231162,0.0071817013,1.6131014,0.050884373,0.0,0.21662223,0.16128784,2.4473786,0.03781936,0.00018450133,0.0,0.17834358,0.32119074,0.047569312,0.0,0.34712967,0.24937879,0.6042804,0.09667897,0.07960607,1.148337,0.35562578,0.0,0.37956125,0.040593512,0.9093385,0.07488684,0.0074605537,0.20132399,0.0015598631,0.16785267,2.3628833,0.10785373,0.39922333,0.98726535,0.22102936,0.020009723,0.13967375,0.1467436,1.0335864,0.14292462,0.0008911011,0.2173757,0.34824514,0.99502933,0.0,0.0,0.7658791,0.20131908,0.024245422,0.09162764,0.057741817,0.0019561208,1.4036485,0.31625167,0.31044787,0.3695318,0.9906838,0.050196096,0.017523546,0.42658538,0.041843977,0.0,0.0,0.9139955,0.0050146547,1.0152965,0.14457184,0.012416142,0.01557319,0.38491789,0.035845306,0.06663906,1.2239779,0.35022423,0.021806082,0.01736567,0.22195539,0.13255651,0.9215457,0.69222844,0.22955343,0.12397407,0.055665024,0.13224049,0.42159557,0.062009104,2.4388826,0.78773063,0.011130748,0.005493602,0.044553425,0.0040180483,0.17290808,0.48677254,0.3318844,0.004627094,0.09442913,0.0036131914,0.0,0.7119436,0.81544507,0.6538697,1.9061805,0.08542012,0.0009783792,0.15525056,0.044372287,0.435804,0.010666895,0.32606766,0.020118188,1.4162061,0.2707581,0.0,0.6200972,0.011210167,0.6627274,0.27945164,0.19663475,0.7123647,0.00069968984,0.7041411,0.024195278,0.039557934,0.013447394,0.049629252,1.2613751,0.10551864,0.0,0.0,0.9775319,0.57530975,0.96578634,1.6137736,0.0,0.16641292,0.022468522,0.20442225,1.2326653,0.0,0.006492731,0.2290403,0.0,0.04708254,1.3936882,0.0,1.8481224,0.107799545,0.050907165,0.08548173,0.1850713,0.24525014,0.05685199,0.22836755,2.3546581,0.0,0.023571247,0.79370993,0.22070092,0.084343225,0.25182298,0.16650772,0.0,0.0,0.9816112,0.0016917042,0.08000524,5.3802824,0.01744791,0.18544962,0.03799292,0.04587997,0.0,0.0,1.2825977,0.014607918,0.21242777,2.9529545,0.28270784,0.34984806,1.5236523,0.01584554,0.10787824,0.13914505,0.43892643,0.30138832,4.164002,0.0,0.046510734,0.0,0.2684173,0.061879404,0.37794068,0.7817558,0.35460025,0.110513814,0.021618519,1.0124791,0.49905014,0.15739317,0.08687522,0.10394167,0.011767521,0.19597849,0.5339144,1.0243264,1.2194228,0.015621887,0.0,0.00020793633,0.113097034,0.74863946,0.31562346,0.020107144,0.03051417,0.0044825,0.12297097,1.5408415,0.40757146,0.27146086,0.033027675,0.024055703,8.148104,0.62719905,0.0027575905,0.22137447,0.0,0.6004778,2.2234357e-05,0.13041578,2.3503194,0.053329088,0.0,0.33515346,0.0051918775,2.2026606,1.4901514,0.0401599,0.27215302,0.0,0.014042645,0.05456569,0.030696476,0.23739772,1.6685985,0.14034729,0.0010457905,0.32467338,2.9773524,0.0,0.04522291,0.028661732,0.102772534,0.0033608049,4.406206,0.06216746,0.12569003,0.34224972,0.38383418,0.92225987,2.7039495,0.974569,0.33324322,0.025373979,0.18140095,0.25446463,0.6069389,0.012063618,0.22519821,0.036529485,0.0,0.9560102,0.060667124,0.0016204164,0.21639986,1.0011144,0.7168102,0.30142817,0.0,0.044093918,0.013276821,0.5482474,0.0,0.018711437,0.6363587,0.12552038,0.03212717,0.10285658,0.45728284,0.08413494,0.027451262,0.04248416,0.02028474,0.3403871,0.23584077,0.0,0.4168625,0.46132067,0.0031582774,0.048079547,0.28131324,0.017046135,4.064275,0.59882605,1.1848942,0.0023056753,0.0596005,1.0181406,0.46340224,0.21405897,0.0,0.0015634829,0.0,0.0,0.04839969,0.0028156657,0.0,0.068218865,0.24627517,1.1422892,0.2805223,0.20395115,0.19959204,0.735495,0.34304643,0.04221917,0.56776017,0.18959919,0.025073087,0.0,0.0,0.104080595,0.0,0.057386708,0.29611742,0.31952035,0.06330764,0.0,1.2403429,0.046516754,0.120271936,0.37225956,1.1839004,0.3752073,1.6038749,1.1724378,0.17258263,0.07543684,0.42323506,0.0,0.00042199233,0.0022960051,0.0,2.817148,0.023352198,0.019005533,0.0031946143,0.30950934,0.17206421,0.5109306,0.22311549,0.060748667,0.3365048,0.06024156,0.19749114,0.16322246,0.71023405,0.31024313,1.3690714,0.12566817,0.3004447,0.02102465,1.0241224,0.41750202,0.0,0.2201478,0.04294634,0.14842187,2.386322,0.0064160675,0.11829886,0.0022051102,1.7416562,0.0,0.0,0.052152913,0.053897817,0.6886582,0.053817805,0.0,0.12695843,0.11643614,0.43829188,0.022115026,0.06949647,0.105199784,0.09911274,0.46690002,0.00072490453,1.2849706,2.6236098,9.755666e-05,0.06588481,0.0054689194,0.0,0.1138378,0.00062919006,0.0,0.021663148,2.5917606,0.0,0.0,0.0,0.017484203,0.15669899,0.05198316,0.0034901712,0.0,0.30566078,4.348493,0.033038422,0.09813713,0.0,3.3192568,0.8918259,0.29803824,0.1709546,0.87562853,0.0,0.42634898,all_pothole_images\pothole_images_new_image_340.jpg
0.07951662,0.92880434,0.6268608,1.9297221,0.011360968,0.23770393,0.15833895,0.0,0.8433187,0.25657725,0.35902137,0.088764824,0.0,4.5369973,0.029945914,0.38351384,0.0,0.070354536,0.0,0.0027865302,0.0,0.0,0.2572042,0.72024727,0.12024066,0.04027551,0.07910211,1.2979991,0.15262386,0.0058121425,0.0028912358,0.00872291,0.0,0.92576474,0.20917876,0.041303463,0.8048689,0.37568688,1.8605741,0.006958609,0.21916516,1.3690909,0.994939,0.90662026,0.257147,0.14809424,0.092779234,0.76801944,0.5942615,0.0,0.18204434,0.055947594,0.0,0.010875429,0.0048351595,0.04959716,0.9343768,0.13727781,0.07371928,0.21259165,0.0,0.14178038,0.5219105,0.11878828,0.16857855,0.02139737,1.7423178,0.030580072,0.07476892,0.11147105,0.10425521,0.0060682576,0.03856512,0.0,0.013185586,0.0296784,0.28237495,0.24145943,0.0,0.001411273,0.0,0.26066354,1.1119692,0.46114427,0.08816345,0.0019079471,0.019624772,0.0,0.48265943,0.23303404,0.122607976,0.0,0.0,0.5232116,0.61327744,0.0,1.5643661,1.2722739,0.60946786,0.45066977,0.27029628,1.0215605,0.075122006,0.5780024,0.65351117,0.24079253,0.392179,0.04755404,0.38650715,1.4393,0.0,0.0037842903,0.06816181,0.45279583,0.13132803,0.0,0.0,0.17888552,1.1849881,0.6776835,2.101028,0.045133118,0.32143235,0.11783709,0.457308,0.89089125,0.77910495,0.0,0.006592751,0.007507995,0.07474177,0.43692985,0.008985455,0.16528317,0.5611751,0.005957576,0.0724863,0.010083963,0.03800152,0.0,0.21635,0.12751098,0.108534016,0.10281697,0.0,0.0022116934,0.079751045,0.3080357,0.0219979,0.058171175,0.0,0.006445178,0.0,0.626771,0.25375962,0.032433603,0.1442286,0.44087398,0.014816364,0.033743862,1.077274,1.6330607,0.13266025,0.0,0.6768864,0.10254832,0.34660575,0.0036749095,0.5692977,2.1323123,0.0,0.007908567,0.051581867,0.0034148437,0.7662521,0.21445626,0.027735004,0.0,0.19195393,0.14139971,0.0,1.817271,0.61499417,1.1350299,1.1669471,0.41319376,0.6465511,1.2295803,0.20786566,1.0464127,0.45323205,0.65870106,1.771849,0.17382117,1.143861,0.03255366,0.9034472,0.102008976,1.6469215,0.08541549,0.4211139,0.6951094,0.00559212,0.17534466,0.8582986,0.24986228,0.02404855,0.057763644,2.5910587,0.0,0.0,0.0,0.51286614,0.10203852,2.52423,0.14852788,0.11433527,0.0,0.0,0.061622646,1.3056846,0.070256375,0.21737437,0.16336389,0.0,0.0,1.3698941,0.0045293854,2.5896628,0.036028795,0.010152065,9.4461924e-05,0.15600435,0.28114164,0.6833766,0.021603826,0.92579484,0.037287574,1.1070673,0.399415,0.54406726,0.30554312,0.24941988,0.98220867,0.060109496,0.071448274,0.12943308,0.13285612,0.0,6.353056,0.1995773,0.039138608,0.02210503,0.39364618,0.0,0.20319961,0.22579424,0.41006,0.13824388,0.52631783,0.25954053,0.5398417,0.69947696,0.82081807,0.0,0.2802467,0.1907582,0.52016765,2.7233348,0.0025415658,1.5972112,0.013936393,0.15250053,0.3233034,0.33054456,0.56986344,0.045356136,0.15034716,0.38063493,0.1733978,0.02004469,0.07773527,0.65200305,0.62280566,0.0,0.3323532,0.22751218,0.07594552,0.028346078,0.0,0.09043978,0.064700946,0.0,0.35949135,0.6931423,0.5832695,1.1197301,0.0,0.41462052,2.6771321,0.13242088,0.21319401,0.0,0.17567587,6.811479,0.19853845,1.0983317,0.0011815889,0.13801911,0.0038713198,0.0,0.17461632,2.9325414,1.1564139,0.8471119,0.6520159,0.03204626,1.1698426,3.1335251,0.39582187,1.2927848,0.15378128,0.15082121,0.22343746,0.14528045,0.0,1.3764669,0.075635664,0.0,0.021730017,1.0960265,0.0,0.0,0.09566041,0.3055059,0.0,2.6213963,0.56563276,0.6386879,0.24142751,0.20644602,0.0045407643,3.8203168,1.5449768,0.09954241,0.6054853,0.3417003,0.12508811,0.14076795,0.79774994,0.06378321,0.02250589,0.10319485,0.56779337,0.6800825,0.07707151,0.0,0.30640742,0.045390688,0.0,0.25266683,0.05699926,0.025997037,0.0882061,0.7589551,0.419397,0.22828414,0.23466691,0.7634903,0.0,0.048618145,0.35619703,0.012035923,0.045051232,0.10387456,0.22821802,0.0,0.1649999,0.009038726,0.35153377,0.07632548,0.07243552,0.48306516,0.35502476,0.8661761,0.0,0.41187963,0.18217133,0.0,0.6122036,0.29732227,0.013461356,0.0010917629,0.29735747,0.0,0.9708656,0.05607389,1.6783957,0.3113932,0.014204288,0.28566876,0.10640387,0.51064724,0.24426903,0.8061939,0.22379275,1.457247,0.5545075,0.09637233,0.19726534,0.0,0.06320564,0.12780888,1.38396,0.003617969,0.10536783,0.0016043189,1.1485499,0.0042427178,0.003438356,0.0,0.0,0.0,0.38764465,0.0,0.02983859,0.33685637,0.0,0.6634087,0.2990259,0.29879043,0.5195326,0.008629531,0.71668124,0.027534569,0.8684715,0.48787466,0.14043708,0.0050242348,0.019953238,0.15767215,0.040849693,0.0,0.00211292,0.023083331,0.0,0.0749156,0.26287654,0.253903,0.053012583,3.5663862,0.63061905,0.54525,0.13268323,0.0050324807,0.5907341,0.2686116,0.0,0.05394209,0.8278863,0.63399744,0.022220803,0.17419823,0.0,0.19323547,0.028385099,0.043147475,0.0,0.0,0.115399785,0.4650867,0.04875795,0.0,0.5309124,0.5591638,0.0015323441,0.78515303,1.0374656,0.14763044,0.22852449,0.15217999,0.2928192,2.2333367,0.045258306,1.139156,0.072147004,0.043718964,0.0,0.104885764,0.35387197,1.2822791,2.2794764,0.022914253,0.25297505,0.0037391915,0.0,0.35004285,0.012920089,0.0011402117,0.0012257034,0.031563394,2.0240731,0.08186251,0.34208113,0.11375754,1.5086102,1.9745027,0.123070635,0.5816847,0.71892905,0.005243681,0.35848477,all_pothole_images\pothole_images_new_image_341.jpg
0.9775174,3.8753095,1.8775469,0.07086736,1.1957031,0.62684786,1.8351508,0.2209345,0.032193247,1.0895454,1.2241054,0.4586813,0.3667926,0.0027344108,1.0825151,0.43597254,0.66622895,0.041203164,1.6241758,0.65991396,0.03886701,1.8339393,1.5056366,2.235763,0.15048847,0.17416184,0.027178075,1.255608,0.12202134,1.0385597,2.0633676,0.5580684,0.60709643,0.74574035,0.911136,0.8985566,0.29553238,0.19465347,0.5134755,0.98133796,1.0207915,0.6526469,0.06542265,0.31840196,3.1983879,0.37338778,0.6911649,0.0011124739,2.9921544,0.48145503,0.42941642,0.5447866,1.1883283,1.372419,0.77072203,1.0059811,0.40804687,0.08779044,1.306478,0.18801285,0.2287164,0.31088674,0.7858977,0.7898408,0.0,0.8734235,0.41321772,0.33905232,1.3142248,1.3179733,0.5210285,0.2353996,1.430016,0.055859573,0.6592149,2.7513895,0.5052724,0.14574137,0.31767398,2.304229,0.12335833,1.4615998,2.2410638,0.44160047,1.0105385,0.97213465,0.00036087813,0.2956863,5.405088,0.9926266,0.059480697,0.70704395,1.3690182,0.07397298,0.9585845,1.3774551,0.34408355,2.6152272,0.55204135,0.00014583586,0.23132397,0.0,0.0,1.519981,1.2643985,0.85792774,1.3517442,0.2985787,1.4594696,0.46949184,0.89653045,3.3475266,0.33059475,0.83978003,0.039456517,1.6289657,1.0952004,2.49641,0.13770948,0.76151085,0.39002258,1.2080668,2.182015,1.8998406,0.84627795,2.247859,0.775829,0.647029,1.1872672,2.671609,1.538286,1.3393414,0.79637134,0.2968514,3.054516,1.271398,0.14429577,0.13361533,1.8190838,0.70557135,1.1594115,1.1592237,0.08019191,0.90526974,0.71337336,0.11900047,0.47299093,0.15604003,0.33464456,2.9433887,0.872655,0.53838986,0.8025701,0.004007797,1.0074246,0.8981074,1.2579514,2.0040724,0.28190666,0.14550443,0.54475665,2.7565303,0.99152106,0.73401386,0.91635925,1.9276348,0.18976927,0.19661713,0.82496804,0.49749756,0.04394212,0.098489605,0.14953098,0.020089876,2.6547158,0.007818158,1.3087105,0.7580364,0.010301667,1.741122,0.08491993,0.2035229,3.7746506,1.8970929,5.4199915,1.989085,1.2362742,0.03292197,0.3562391,2.1610813,1.4308023,0.9703889,0.3483626,2.538543,3.1190262,0.48028082,1.540323,2.8262806,0.056878652,5.8333983,0.4556276,0.3588748,0.21182907,1.1320404,2.429661,2.6712306,1.2112594,0.8187682,1.2365353,0.28887093,0.32019913,2.8683252,2.0743444,0.51540446,0.07316651,0.214891,0.0894886,0.17918208,0.47848752,0.08888259,0.27109867,0.8899645,0.42136866,0.42919856,0.03697993,0.0014163894,1.5303956,0.31172153,0.023679426,0.43188646,0.009087824,0.16624212,0.4491471,0.0,2.7050014,1.6858022,0.67014265,0.0,0.4360459,0.036421925,0.39904192,1.3621075,0.2663963,0.20528515,0.019294217,0.018114183,2.2162182,0.66820955,0.9985293,3.1428308,0.23427823,0.3186511,0.35968733,0.37014657,1.2084489,0.0068167616,0.77058744,0.0,0.58634686,0.3358263,0.061739434,2.2304454,1.9250513,0.54222256,0.4005242,1.2855545,0.29054686,1.1429428,2.1146238,0.29087073,0.58491015,0.18833925,0.6390169,2.4507763,1.3003817,3.011729,0.1713773,0.2710609,0.9684807,0.4865152,0.0,0.62555796,0.6928068,0.9295962,2.3499055,1.6092257,0.31268543,0.07503057,0.61970955,0.20462379,1.1440183,0.32345235,0.083800726,3.4264944,0.31778982,0.4815064,0.12549429,0.32287157,1.2988064,0.16300292,0.07116349,1.0804987,0.07567496,0.9758009,3.6382227,0.6928337,0.19031788,1.7057115,0.37300402,0.70601183,0.01234491,1.3518103,8.941223,1.1721781,0.6821157,0.487033,0.1897053,0.18007419,1.7016456,0.25077122,2.1135252,0.2781967,0.19539875,0.7406372,0.019543499,1.1259955,0.56130993,0.8691976,0.67307687,0.027278828,9.610566,0.33736202,0.2414944,0.0,0.16687495,1.2005112,0.17511013,0.16151208,0.19399281,0.21429227,1.1142929,2.1623087,0.37625852,0.22339451,0.62347955,0.92497414,0.3105918,0.846693,0.01724106,2.7795897,0.0,1.4607979,0.21713318,0.60220003,0.05665368,0.39488846,0.36799145,0.53517354,0.7447165,0.6797113,0.08984395,0.4843988,1.3566655,0.17217413,0.2753887,1.3463694,0.14026734,0.9208522,0.017143471,1.1963094,0.7880743,1.3119181,0.48873627,0.54703534,1.3006235,2.5407689,0.64629054,0.46188742,1.0644144,0.5298412,0.2117621,0.91001564,2.200333,1.8080497,5.3242936,0.6889101,1.7071754,2.1657424,0.76313555,5.631558,1.2606142,2.1594303,0.8105698,0.80205446,0.005358045,1.6483688,0.079056755,2.481019,1.14135,0.21933737,2.7844486,0.065882795,0.07607221,0.37798035,0.0,0.054180466,2.1915448,0.66867775,0.09488064,0.5426197,0.3330981,0.41755083,0.9086948,1.6400149,0.022404391,0.41440493,1.6013689,0.0,0.6605908,0.13976221,0.49933073,0.10936675,2.8716807,0.59135157,0.55303836,1.1019065,2.3545485,2.0885837,0.007268622,0.2506626,0.7095531,1.8498286,0.7931809,1.4244736,0.061249465,2.7436597,0.7291719,1.0902696,0.81987596,1.7431616,0.056998443,0.0,0.38372377,0.4322207,0.14804745,0.7861263,0.49937657,0.5896738,1.3866868,1.6567014,2.1155806,0.16900615,1.3880737,1.4504898,1.7165662,1.0732689,0.84654623,1.748433,0.31493548,0.15724759,0.04556915,0.37223738,0.9546941,0.775007,0.6683937,1.0682635,0.632988,0.028063228,0.9206019,0.61270595,3.3297389,0.4446847,0.8725081,0.0030291977,1.2566293,1.1852068,0.35461375,0.06036427,1.6138765,0.28807208,0.48700094,2.4520605,1.593855,0.254789,0.0,1.3336027,1.6412425,0.84539795,0.11839445,0.00051719963,0.28545418,2.551489,0.25412372,0.0828983,1.3827941,1.0843818,0.01664392,0.2594061,0.56536674,1.8363876,0.3286924,2.4805806,0.34838167,0.09010698,1.1278111,1.360375,0.3325479,3.1766534,1.9174387,0.26667944,0.9283445,0.79755044,all_pothole_images\pothole_images_new_image_342.jpg
0.39106902,0.9396444,1.2353828,0.4401342,0.48370224,0.28042823,1.0376836,0.632139,0.64448136,1.7935488,0.70962614,0.6867173,0.46813092,1.828125,0.056774594,0.8120941,0.0,0.15500748,0.98592746,0.53513485,0.15557344,3.0069864,1.3370835,0.46315026,0.2515652,0.17882289,0.013583292,1.2968645,0.3297287,0.831833,0.9940385,0.26263848,0.92903465,0.22483456,0.8188039,0.7546544,0.6657459,0.7622883,0.7047237,0.63677347,1.4029928,1.965648,0.29697055,1.7506877,0.27352497,0.3936586,1.5801849,0.04296001,0.010893076,0.26920676,1.6399527,0.44822675,0.0580933,0.7852619,0.6862232,0.35803217,1.4741927,0.046962593,0.85697335,0.45810154,0.25652018,0.51273584,0.8753841,0.9074657,1.8162293,2.5391881,0.2573945,0.11890771,0.21811517,0.42401275,0.5859339,1.3554969,0.09910416,0.030774279,0.29187092,1.2540631,0.24526085,0.09099869,0.053041562,0.46115315,0.5074058,0.1790065,0.0995186,2.2565565,0.39967957,1.7256577,0.040041488,0.203138,2.5819685,0.34146386,0.03609251,1.174266,0.09956391,0.32078928,0.32158968,0.58671373,1.0302894,1.3236822,2.118677,0.84774053,0.4204876,0.8741844,0.09726429,0.5090035,0.3223959,1.6971762,0.3060571,0.21287355,0.42905515,0.73647386,0.22262001,4.1800017,0.18544784,0.0,0.38214344,0.48854333,2.6064212,1.4367694,0.8919047,0.62855095,1.9747432,1.3135535,0.7156069,1.0853516,0.4501557,0.051110856,0.2916112,0.4538934,0.6877088,0.3779022,0.58401996,2.0386891,0.22662088,2.0088584,0.6650051,0.4159696,0.6667582,0.5885789,0.5568263,2.0560427,0.14937364,0.97340065,0.77830094,1.9263723,0.08498758,0.22344202,1.1062459,0.19005631,0.4000276,1.1335632,0.45719215,0.0058368375,0.22556168,0.14539562,2.5710027,0.5118393,0.3573256,0.48748973,0.029064499,0.7645899,1.9896675,0.031914208,0.22229533,4.9892993,1.8978776,1.6879277,0.728154,0.12431877,0.584785,0.43392286,0.059617072,0.00053720817,0.3775466,0.4918666,1.4721849,0.23870176,0.18881416,0.39438844,0.058340415,0.45151067,0.0054380666,2.3203683,1.0152478,0.9733144,0.3582443,0.6657402,0.6161113,1.1143954,0.023915429,0.86959505,1.3081663,0.07105059,0.0503067,2.683489,0.72407633,0.1371053,1.5135561,1.790058,1.7074943,0.85089016,0.67605084,1.7697024,0.68063635,0.045547992,1.3475155,0.8206676,1.768013,0.39480475,0.7414854,0.1019924,0.013726657,0.7339507,1.9660045,1.6783777,0.39982566,0.3187673,0.48217082,0.33900356,1.2189177,0.6242691,0.84143937,1.75053,0.6075655,2.5559645,0.3335097,0.66835916,1.4635813,0.46192604,1.0622249,0.25150648,0.075302385,2.7842147,0.73932517,0.09750643,1.299627,0.95090365,0.7153094,0.05782384,0.08515168,0.029750446,1.1678385,0.9835677,0.32431716,1.0796742,0.031469673,0.3686277,0.89855915,0.2597238,0.19190192,1.8993579,3.5470114,0.5600875,0.21476462,0.15081975,0.54445964,0.25192958,1.7182676,0.3022548,0.32455304,0.67138577,0.34921753,0.39098257,1.7637209,0.4916676,0.18366079,0.22988261,0.5361389,0.17081836,0.8140884,0.32345358,1.6278795,0.32191548,0.05522051,0.12702522,0.62194073,0.16156422,1.578677,0.09182512,0.21346062,1.4075218,0.15246949,2.6563792,0.20603272,0.71456534,1.3819412,0.33786306,0.35826352,1.2445574,0.9219351,0.40795758,0.7262805,0.23188114,0.39666802,1.0745862,0.13429087,0.24597296,2.7112172,1.9810326,0.47815907,0.6904627,0.122731924,0.61079484,0.21276495,1.1335989,2.7766652,0.007402621,0.51005805,1.0029439,1.2487762,0.020702202,0.6111703,0.40303504,3.2741346,0.7113045,0.7778793,0.6616469,0.04759447,1.0839069,1.797608,0.07000068,1.2577405,0.8365102,0.0,1.0841216,0.18697341,0.69953215,0.5455345,0.23328905,0.57187194,0.17781661,2.268377,0.30721807,0.05890143,0.971798,0.90505964,0.1312554,0.48143962,0.94578487,0.5926652,0.29501966,1.0151944,1.1048493,0.27108806,0.0,0.09704809,1.1061431,0.72069454,0.3128975,0.040157024,0.83343023,0.5630429,0.2616866,2.6453364,0.34575734,0.3406423,0.07771152,2.6423078,1.7731498,0.27417487,0.68091387,0.10226197,0.38186982,1.1325853,0.27784404,0.18477078,0.1631239,1.7824434,0.17054941,1.3116913,0.10796261,2.4454405,1.6423833,0.085268036,0.010827442,1.1686631,0.8652243,0.1157419,1.6287826,0.100688614,0.5185665,0.5648558,0.56801844,0.6391861,1.3949547,1.3507426,0.38105908,2.822523,0.49687043,0.9833373,2.0171328,0.95050484,2.0589445,0.0070796874,0.9944212,0.060475674,0.7048792,0.8236939,1.4909878,0.376797,0.041417446,6.1572204,0.035956953,0.060606435,1.2322083,1.2314585,0.1211882,1.2481811,0.76799065,0.0,0.5772421,0.40244955,0.08733536,2.8086877,2.5904207,0.14869368,0.4848371,0.459874,1.4509971,0.91007465,0.70855874,0.01939802,0.12690277,1.4600395,0.5967526,1.0824146,0.080863565,0.2806082,1.4819747,2.1031682,0.32014096,0.5024465,2.5394588,0.3005218,1.5013471,0.7814222,3.6689508,0.2634478,2.963131,0.631789,0.7256539,0.37839943,0.012393601,0.23570143,0.60461134,0.25968653,0.17501105,1.3582627,0.5102899,0.25957307,0.19822536,0.7665843,0.2279564,1.4261136,1.3828335,1.5436597,1.8443519,1.2644203,1.248055,0.5254731,0.4446082,0.12778081,1.225091,0.60983896,0.14926776,0.7272651,1.6932364,0.34440145,0.1387796,0.050391227,0.80242926,1.9648831,1.0527438,0.78027636,0.24249904,0.56460226,0.886459,0.036605466,1.250641,0.20586535,0.5639794,1.6601143,1.9349697,2.6338196,0.06309713,0.0012615232,1.7117091,1.9211096,0.0,1.7560182,0.418946,1.203158,0.6228726,0.28907317,0.0009785256,0.8732723,0.62843305,0.58405316,0.27580246,0.1142189,0.30325258,0.47716445,3.8809988,0.6025796,0.7567794,0.08387747,0.52658236,0.006228987,1.7238498,0.69947076,1.3136631,0.19789454,0.15317225,all_pothole_images\pothole_images_new_image_343.jpg
2.2257333,1.2788014,0.1467068,2.057329,0.8844401,1.7553157,0.24545474,0.28530186,0.065289445,0.43680766,0.02291677,1.224416,0.69326377,0.77111864,0.6126164,0.1690334,0.23065746,2.3762665,0.084528066,0.77200776,0.81890196,0.53686905,0.6327095,1.2068584,1.8650876,0.35290113,0.4972812,1.8521185,0.0118994685,0.58659464,0.6294274,0.9860363,0.29296872,1.5494652,0.6673553,0.81179225,1.0040824,0.6042969,0.12886755,0.45105058,1.7529233,0.06993494,0.5250018,0.6742831,0.54854023,1.0774075,0.15104978,0.4295553,1.2748007,0.75610137,0.7612135,0.09006165,1.1965693,0.0103125395,0.40890402,2.784751,0.9218904,2.0189192,1.1863323,0.24268694,0.30506143,0.04759957,0.23544416,0.45931792,0.5407003,2.4440045,0.1633795,0.10121727,1.3591834,0.6326576,1.4128525,0.18600018,1.0003043,1.8731875,1.679584,0.73592186,0.21098563,1.8757436,0.05157094,0.2526186,0.113043666,0.669574,0.77562976,0.47064188,0.6587758,0.7465028,0.8750964,0.43678275,1.4293933,1.3851935,0.5805498,0.2453847,2.2482076,0.769514,0.3559948,0.033147976,0.8324878,0.18887208,0.26353148,0.1847917,0.27869222,2.584763,2.0183165,0.594081,1.1016647,0.8890157,1.1781185,2.3675632,0.84912753,0.6813226,0.020096846,1.22431,2.3989198,0.92796516,0.6923386,1.3140612,0.7389706,0.38401255,1.5545764,1.7033452,0.74590224,0.17719541,0.6445749,1.1849034,0.9633374,0.3250603,1.5896063,2.200949,1.6600485,0.06216411,0.38125992,0.005007545,0.009660182,0.25150126,0.56078196,1.801443,0.21748126,1.598662,0.18985522,0.053621236,0.6185595,0.64716756,0.5672105,0.17509186,0.95958614,4.346316,0.066148676,0.98852485,0.17652515,0.16448823,0.4928925,0.53666997,0.45662656,0.008371706,0.72873056,1.4523882,0.948337,0.14418773,0.6282436,0.6492463,1.2500775,2.487348,0.11684593,1.75745,0.15598884,1.2766058,1.8227472,0.7125998,1.5559094,0.8802049,0.63584656,0.010931699,0.12233915,0.097153224,0.67181087,0.7988085,0.53619766,0.006148198,0.20958525,0.43021953,0.12827073,2.751679,1.4963198,0.5966386,1.3397273,0.71932024,0.10317279,1.7366354,1.6564066,0.31821346,0.43329844,0.5812056,0.38141152,1.6293662,0.88067997,0.22294438,1.4699439,0.1724849,0.20811471,0.47197995,1.1679506,0.8389315,0.46454075,1.3456181,1.5530685,0.5104795,1.2769152,1.4507875,0.8046255,1.8351412,0.15462439,0.0,0.05196391,0.015376536,2.561156,1.7384981,1.0126057,0.6185006,0.07074951,0.20112692,1.5123568,2.010251,0.6612809,0.030019525,0.025991848,0.52281135,1.8025117,0.33861548,0.79671466,0.8830242,0.2082667,0.057157826,0.5436981,0.3099242,0.32699463,0.119001865,3.3631716,0.45333868,0.615251,0.9800596,0.31577432,0.8345547,0.83564895,0.0055160164,0.035017118,0.43965572,0.2268436,0.93216187,0.4669513,3.1578894,0.41513535,0.6246889,0.30290368,0.42887852,0.1092332,0.79077554,0.327586,0.70813555,0.3989352,4.1696916,0.093804464,0.29528058,0.29557896,0.44880116,0.9361779,0.05687221,1.2857869,0.97534394,0.99054545,0.6050175,0.6385049,0.36068428,0.1820928,0.6163648,0.5629417,0.44011325,0.12961493,1.7509921,0.2868882,0.5869331,0.90531445,0.0,0.052077983,0.39885697,0.0,0.0855383,0.65958965,0.0,1.0873474,1.0353894,0.79591507,0.3056444,0.7234553,0.610512,0.24948122,0.06271665,0.12943166,1.7019566,0.1269974,1.985574,0.53747,0.78145003,0.0,0.27957153,3.0388753,1.1101487,0.18806757,0.035467952,0.25580376,1.6227738,0.48621202,1.4676918,1.0059258,0.97267365,0.34663576,0.8946485,0.1959417,1.6089072,2.6620255,1.2240283,0.53783846,0.118952066,0.2188605,0.48069572,1.3944342,0.95115536,0.13578211,0.2730877,1.2734263,0.02972592,1.7167686,0.4449078,0.5505364,0.12141375,0.039668575,0.044306792,0.99852794,0.20349117,0.33536378,1.6541461,0.5440508,0.22173437,1.7822882,0.6438344,0.9158084,0.58245134,0.43964782,1.3733222,0.3584029,0.17922652,0.3184614,0.16162099,0.79454,0.4749867,0.49898916,0.10811817,0.059657607,2.2163155,0.52911437,0.96566784,0.26913527,0.24287881,0.7409481,0.135438,0.0010494526,0.091341585,0.85407704,0.06129381,0.30242795,0.7618447,0.6271417,0.3910815,0.3025222,0.09738687,0.32861227,0.23318502,0.3344681,0.30481237,1.7108903,3.3490226,0.79445755,0.007644514,0.2298501,0.22826637,1.2737225,1.9853659,0.20483029,0.0022502863,0.07728645,0.58844566,0.38072398,0.43262163,0.07509247,0.06733238,0.32351705,0.08752689,0.50749344,0.51020837,0.13815615,0.50123453,1.4112424,3.2054367,1.4946483,0.15918662,0.44035283,0.4908338,0.19304574,0.59066564,0.609301,1.1376034,1.9609901,1.2277073,0.0067685647,0.7784897,0.005013942,1.2995244,1.1927563,0.5780712,1.9393677,0.7012886,2.3572574,1.6564642,1.0602635,1.0442704,2.9324303,0.13107833,1.0437047,1.1777811,0.92863727,0.5634728,1.276054,0.15138182,0.59575456,0.3994675,0.24001122,0.7704788,1.7595642,0.5039744,0.12134791,1.9312638,0.58988094,0.9793527,0.8037179,0.0338399,0.0,0.10291916,0.06902127,0.689972,1.0122432,0.43690217,1.0480058,0.6724411,0.077417165,0.5133114,0.5719624,1.7313606,0.06431996,0.4595037,2.1798196,1.2340088,1.7280154,0.4316164,2.7909393,1.0643456,0.21687715,0.004465653,0.6469831,0.13230431,1.5256525,1.1942112,0.70036036,0.70163935,0.27046865,0.0,0.5842822,0.35553437,0.6497153,2.203254,0.13628814,0.11964181,0.16018048,2.29105,0.9290652,0.38819838,0.06480118,0.1407484,0.27206787,0.13716362,0.77180284,0.026085464,0.75591207,0.54290533,0.8275729,0.292086,0.88819176,0.4693088,0.38443443,0.13026313,1.4056526,0.38593814,1.6315205,2.4649901,0.31591994,0.01608748,1.1138438,1.5001043,0.76862204,0.03753821,0.6121005,2.662241,0.4580316,1.2789891,all_pothole_images\pothole_images_new_image_344.jpg
0.029453613,3.2124567,0.5388601,0.15806346,0.48601475,1.60576,1.3630458,0.5516317,0.22876321,0.4513988,0.86382675,0.2618935,3.8574936,1.3808615,0.31886688,1.1281921,0.46002772,0.2318828,0.527553,2.8322299,0.54806083,1.335618,1.118696,1.945661,0.5986829,0.20332098,1.6481059,1.2422314,0.35000774,1.7382112,0.98664504,0.5110618,1.2860842,0.5158625,0.66423106,1.4303635,1.491526,0.40547273,0.66845304,0.67731285,0.54539824,0.15964927,0.14544092,1.7119415,1.4408121,0.5081571,0.73038924,0.0,0.22057973,0.027335765,3.478458,1.5458446,0.9795233,1.4042661,0.08996528,0.74726915,1.4088125,1.2710154,1.9859619,0.16415367,0.12185507,2.116111,1.7924927,0.5937299,0.66797125,0.68619704,0.55798936,2.3085399,1.1614903,0.85114133,0.17249705,0.7312024,0.1317857,1.9878496,0.046514098,0.62810165,0.80601436,0.9826804,0.00949918,1.1896349,0.4427151,0.31239197,0.021366373,0.7020661,2.3854697,0.7472987,0.2566361,1.8834219,2.6162865,0.21931429,1.2355822,0.13261802,0.93390554,2.1297956,0.017279094,0.6844417,1.5484347,1.0100082,2.7637298,0.058862306,0.81109756,0.31593767,0.29174608,0.14156199,0.35758278,1.4306586,1.5014628,0.1828761,0.36019933,1.1914017,1.6164389,1.1615514,0.46649542,1.1487203,1.1040051,1.7831737,3.4155703,10.186619,0.86949575,1.0601207,0.6343247,0.95604837,2.177776,0.73810244,0.849605,0.7264196,0.25545374,0.5856338,0.04118025,0.35472953,1.2779615,0.4452913,0.10871897,1.3599534,0.14487828,1.6499867,0.09974051,0.33241352,2.570186,0.8042735,0.8392167,2.7885962,0.40388542,0.93811023,1.583946,0.07340635,2.7617261,0.0,0.74498457,1.8812467,0.0043328265,0.058094706,2.1254146,0.15178438,0.702529,1.4200447,1.9587306,0.5767921,0.0035798734,0.70201963,0.43214867,0.57088935,0.12339736,7.913546,0.119478084,0.4597359,2.585599,1.5624287,0.04922418,0.09694477,0.74053043,0.8005463,2.4279466,0.52238744,0.44199696,0.022718303,0.78925097,0.29902413,0.31530622,0.6010557,1.9338785,0.38082206,2.0538135,0.7863661,1.3442795,0.24517374,2.4640396,0.71238285,0.27129146,0.39082494,2.7434952,1.6055207,0.5994077,2.1509585,0.60675544,0.32029217,0.06989696,0.8145878,0.35381114,0.2721027,0.060093444,0.45686164,1.1584587,0.37246367,1.6505035,0.93424416,0.8053882,0.12854661,0.5454095,0.3164795,0.18147513,0.12868683,2.180712,0.8419533,0.8534119,0.01665376,0.8759387,0.22256084,0.615536,0.11164202,0.3200023,1.1929619,1.8217729,0.78940845,0.46411335,1.0171922,1.0051506,0.01752832,0.83468026,0.26025954,1.786021,0.72345376,1.0592272,0.022145495,0.2609333,0.055751443,0.28760883,1.8486329,0.6148735,0.36984754,0.9086633,0.07696038,0.008907965,1.9613523,0.1461722,0.18825372,0.76952875,0.8258976,0.7976607,0.5054716,0.82420146,0.08945715,0.108165085,0.07735002,0.50149083,1.8493525,0.9254022,1.2371738,0.807115,0.0,2.126437,2.1067193,1.5064719,0.34330127,0.61581457,0.2776256,0.14959662,1.051671,0.22962998,0.557581,0.25025555,0.008489785,0.014713317,0.03821915,0.0059915707,2.4347427,0.4754648,0.8010967,2.049226,0.06530177,0.75571346,1.503142,0.37496388,0.1673102,1.4946812,0.076433726,0.08619896,0.49449545,0.6095816,1.0659838,0.48411652,0.32832137,2.4909093,0.16023353,0.04626134,1.5569925,1.8516414,1.7959307,0.73131436,0.9473168,1.355367,1.5038128,0.99302256,1.0893584,2.9287415,0.9233898,0.4071736,0.31955346,1.1007241,1.3292938,0.66101104,1.9948107,4.792949,1.6500711,0.020265803,0.5220831,1.4905802,0.37399563,0.877828,1.5386399,0.8637132,0.9117894,0.36238563,0.69078374,1.1790463,0.5507254,0.9620299,0.69768226,0.3420738,0.22090845,2.583583,0.08613128,0.16499305,0.86691844,0.3930171,1.0703148,0.021919746,0.09772809,0.382053,0.48575318,0.76035416,1.3759315,0.372611,0.046416655,0.42325786,0.21744907,1.4604028,0.22160721,1.1905361,0.55302006,0.3921828,0.057454206,0.75651675,0.0,0.17723377,0.10169533,0.47047588,1.2352352,0.36547145,0.0,0.37128618,0.58602095,0.08862805,0.92660475,0.23207563,0.13736075,0.37079123,1.6934929,0.9338275,0.47759196,0.913425,2.51784,2.9047408,1.9220495,1.2484174,2.7324517,0.8987226,1.5173073,0.06159375,1.3229947,1.3189275,0.96080077,0.86200726,0.8214869,0.7524704,0.50659925,5.5257516,0.15475827,2.072381,0.7343761,1.3639022,1.5546325,0.854416,0.659831,0.69315195,0.14519686,0.013516226,0.92798495,2.384056,1.4320834,2.615911,0.22862124,1.3917055,1.5157671,0.77459043,0.12209521,1.5513412,2.811216,0.08109624,0.34084934,0.50362927,0.5174365,0.56007606,0.76727605,0.45926628,0.3690663,0.49961323,1.1497729,0.033249278,0.071125634,0.09393577,1.8661608,1.501324,0.7841271,2.249654,3.9490643,0.75137824,0.6112307,0.5974472,0.8186249,0.887858,1.3253326,1.4320806,1.9827582,1.4985361,1.1553078,2.809411,2.2127333,0.08829619,1.9052166,1.4147011,1.342448,0.44420335,0.7899374,0.15331689,1.4949443,2.9844196,0.7195354,0.11501737,0.832128,0.8621727,1.7462944,1.5407518,0.36636186,0.062881686,1.0324572,0.6847097,0.8216868,1.0149727,0.6761465,1.0996897,1.2659726,1.3691951,0.93553376,0.13870196,1.2033951,0.07840969,0.252666,2.1907947,0.06408891,0.8970136,1.9601375,2.3268118,0.8362614,0.60623705,0.17303431,0.99605167,0.004309893,0.7511597,0.43928698,1.1968272,1.7455902,1.2227545,1.1775609,0.8776912,1.3358104,0.5632516,0.11503287,0.7362414,1.2344767,0.3909069,0.33622706,0.42840078,0.10590993,1.3870276,0.112454295,0.49793193,0.4593931,0.0580168,0.044221055,1.6738766,0.50876766,1.3043708,1.2218155,0.4039435,0.15418169,0.13498913,2.1782072,0.4540821,0.79047483,1.026141,0.30152315,all_pothole_images\pothole_images_new_image_345.jpg
0.15379076,1.0632383,0.14228758,1.590682,0.70721185,0.121443026,0.34382886,0.74303186,0.25226375,1.3106375,0.7509214,0.4381166,0.18971506,1.6051679,0.0101429485,0.5397739,0.032166988,1.2681419,0.6641569,0.44908026,0.21431214,0.1103251,1.1648015,2.3186157,0.6149444,0.020132536,1.0359331,1.7798568,0.039170384,0.18624452,0.22763404,0.16136971,0.026692966,0.77605236,0.1671023,1.9230764,0.32453296,0.9369226,0.85347325,0.16633208,0.0040663034,0.1621315,0.14000778,0.4599012,0.32965103,0.32506934,0.24612993,0.11224562,0.5420587,0.21265228,0.23170637,0.94376457,0.011891329,0.18289156,0.17825769,0.82345784,1.0505112,0.0,0.3694068,0.26648605,0.63632566,0.0384703,0.6310361,0.0039338195,1.7159007,0.6660984,0.5846614,0.6587055,0.16567615,0.672419,0.033798087,0.21503073,0.0005734162,0.045071315,0.49091163,0.08464538,0.7585577,0.6620621,0.061878055,0.1924775,0.017927129,0.016623084,0.8289292,0.35423458,0.9134364,0.123644106,0.09761296,0.02105446,1.561008,0.306654,7.853347e-05,0.38748658,0.018744143,0.2685027,0.08937716,0.0,1.7682894,0.88004416,0.2818984,0.51412207,0.47989175,3.063766,0.40999377,0.16597591,1.509493,0.5995921,0.2586355,0.0101519935,0.26437965,0.83619356,0.10521242,0.12742384,0.23911496,1.2947797,0.38590586,0.53243154,0.64320904,0.08366223,1.5870327,0.58415836,0.9369368,0.6954219,0.23517974,1.1054502,0.5954887,0.78980845,0.29124433,1.0497092,0.66448396,0.113993,0.40622064,0.032647613,0.92866576,0.25986627,0.4851233,1.2988085,0.18630552,0.12541498,0.14367217,0.052776735,0.74730045,0.1102037,0.6160715,1.0838295,0.22230539,0.24845578,1.0613307,1.2174964,0.5266572,0.37637743,0.83933854,0.0,0.35709,0.027741821,1.4825313,0.15516631,0.10170541,0.08286331,0.26079684,0.42324185,1.2510383,1.0770681,0.1312632,1.4301165,0.25538877,0.13676284,1.6756893,0.18460277,0.60381687,1.1783434,1.0571967,0.035946302,0.07687521,0.40072802,0.29312068,0.42919326,0.031211434,0.009006051,0.19080807,0.14605963,0.28695032,1.348043,1.3087656,1.3390976,1.8145016,0.3151667,0.8122346,0.8654304,0.20605424,0.7689036,0.67410326,0.33466822,0.070562996,0.38884583,0.8829407,0.023983631,1.3627049,0.7828956,0.7071999,0.04661642,0.28339404,0.6324021,0.65384,0.06193683,1.0684801,0.21104991,0.21197763,0.5557538,2.1825256,0.89812213,0.0,0.08035707,0.869083,0.44601834,1.0555514,1.6991645,1.2403076,0.11496211,0.44013488,1.0945878,0.39516628,0.23541492,0.13403852,0.044014696,0.0,0.25199345,0.5016969,0.0023822908,1.4266062,0.20497218,0.3037027,0.17001094,0.7589761,0.061491124,0.41849306,0.18108453,1.2068069,0.51270026,0.056635894,0.23788385,0.10434493,0.0,0.49900582,0.053351108,0.15443432,0.13547793,0.8680447,0.23283386,1.5957853,4.4516172,0.005313697,0.05710815,0.09506238,0.5007635,0.024693826,1.1290244,0.66395575,0.51016605,0.555509,2.8371654,0.5449563,0.15624535,0.06649088,0.13994779,0.08890503,0.113789916,0.49802756,0.19922283,2.9610608,0.09553989,0.13451545,0.12395612,0.3183661,1.5446858,0.33927515,0.59353054,0.061248653,0.10828296,0.92988104,0.5739878,0.9740396,0.044226997,0.36063677,0.10536445,0.103669785,0.79381293,0.04547491,0.42803636,0.68715274,0.5914494,0.30146283,0.091892056,0.022008331,1.6697545,0.17454799,0.61695284,0.28831297,0.23777822,0.5326539,1.6744325,0.7888082,0.08952452,0.072833665,0.11479801,4.5270295,0.13809693,0.15039495,0.02569766,0.104696386,0.9147022,0.16284102,1.3080215,2.5266066,1.399755,1.0903592,0.16225459,0.09722066,0.26817167,2.3906004,0.29412824,1.3608215,0.9346427,0.96740496,0.6211739,0.6971119,1.3206949,0.055919375,0.03987952,0.43844151,0.2917451,1.5803617,0.0,1.2116953,0.014958856,0.24874039,0.0030359093,1.3054743,0.04957834,0.46563977,0.122093156,0.5479075,0.24579881,1.6422254,0.557688,0.4019692,0.27776304,0.646259,0.00077114603,0.55401486,0.2207364,0.6259654,0.095747136,0.2722107,0.789001,0.35054976,0.029569756,0.017939426,0.6788004,0.7731799,0.58267385,0.9961512,1.0516424,0.2703794,0.69491154,0.3780069,0.04061111,1.0324692,0.15813874,0.6384276,0.4335507,0.03449931,0.07808249,0.25259697,0.9918242,0.40219003,1.4932075,0.16503617,0.09802423,0.019494181,0.25407463,0.42382514,0.15824501,0.29949647,0.5983318,0.7764066,0.09857306,1.780237,0.051968724,0.1973514,0.94307333,0.69788855,0.70309955,0.6196623,0.10390012,0.037324414,0.023756523,0.86439925,0.09288941,0.785638,0.21798947,0.112450965,1.3939644,0.96467805,0.1997108,1.5649109,0.055099066,1.0838805,0.37166697,0.17839746,0.4102834,0.1696176,1.0102987,0.22774999,0.08434516,0.081886366,0.43907204,0.8184604,0.68334067,0.029322326,0.010772738,0.532221,1.5971661,0.94547135,1.8546822,2.1692243,0.2600885,0.87976867,0.29490736,0.44584426,0.72976303,0.3680799,1.2410843,0.25003403,0.42693794,1.3308468,0.92906576,0.4533271,0.027471105,0.5357392,0.0963809,0.23289452,1.1773667,0.16807748,0.079580516,0.068731435,0.112994365,1.904423,0.30473012,0.0,0.6760534,1.1286832,0.2838458,0.8250522,0.07512912,0.2028382,1.6821712,0.7411331,0.16076969,0.21948475,0.35498327,1.7066399,0.46803716,0.3210567,0.0090168165,0.25720462,0.13886224,0.041043773,0.07019286,0.4591902,0.65660936,1.069533,1.1345307,0.0064177816,0.66617393,0.8145455,0.06707573,0.60713595,0.16707985,0.30798167,0.0067977356,0.6687994,0.9972706,1.5431399,0.1919494,0.3688,0.27068427,0.74049795,0.012458115,0.83540374,0.19962148,0.93002146,2.262217,0.028123425,0.04694273,0.013088752,0.098703645,0.12345388,0.23786762,0.05952632,0.17905273,0.0701313,1.898053,0.47890005,0.8176941,0.77963716,0.37731132,0.0987155,0.17481835,0.44830987,0.5488901,0.049480543,0.08709292,all_pothole_images\pothole_images_new_image_346.jpg
0.6443345,0.70432127,0.64901716,1.5284573,0.07549275,1.3003542,1.441469,0.015481418,0.62138194,0.6399673,0.047072954,1.2433847,0.55449855,1.3128092,0.5112386,0.80489004,0.15132344,0.24264252,1.2308671,0.82435,0.6848335,2.4826436,1.5781239,0.52096516,0.4379854,0.6261415,0.015813716,0.683022,0.20283803,0.5278582,0.13848892,0.22499838,0.40507972,0.18146104,0.4610601,0.72104955,0.5506094,0.77264786,1.3167257,0.59425145,0.60763633,0.34056348,0.8887557,1.5364308,0.2067341,0.5946805,0.1724555,0.5074468,0.49612388,0.4420428,1.1143962,0.6822424,0.3780885,0.37012738,0.74322265,0.48173848,2.3601258,0.09240023,1.9099392,1.8048515,0.2569496,0.5227848,0.6487968,0.3431486,0.28369492,2.9739707,0.71044624,1.4965084,0.45335075,0.9345457,0.054455902,0.33013812,0.37754238,0.0075696674,2.2176752,0.98571014,0.31269455,0.06268162,0.36118358,1.8027008,0.2591329,0.22683677,0.033551097,1.784201,2.7597532,0.40254942,0.0773004,0.46287486,2.1792455,1.1304059,1.0041165,1.996923,0.089365385,0.13693121,0.4867401,0.06859256,1.2086532,0.21560933,1.6447866,1.2239373,0.057950035,3.0052984,0.54623157,0.5045531,1.3355471,0.49375978,0.29701638,0.77514684,0.8993908,1.3101091,0.02820744,4.300388,0.02663137,0.13843355,0.7041542,0.4483363,2.4790747,0.5353277,1.5314398,0.81513023,1.8183193,1.4662888,0.6778278,1.9788266,0.2816055,0.3077221,0.28640914,0.7464842,0.26769808,0.20796362,0.5870578,0.15000786,0.5840493,0.09955191,0.0,0.014099574,0.06424889,0.6585463,0.17201811,1.4859675,0.49125764,0.7726395,1.2118436,1.0402752,0.056558456,1.4473237,0.8372715,0.23183067,1.3167912,0.2928243,0.4869961,0.22871281,0.10379964,0.16320282,2.500341,0.7876873,0.10989516,0.7488446,0.50403786,0.44932353,1.7966244,0.14935623,0.009379417,3.6894455,1.6368426,1.0004216,0.7042168,0.15091123,1.3948548,0.1630934,0.12505896,0.0,0.3444654,1.0291556,1.7464851,0.13341893,0.324073,0.078257225,0.34779096,0.11541001,0.6554266,3.6333725,1.0051976,1.8812243,1.4298712,0.34959888,1.4325953,2.1253536,0.5984249,1.9463435,0.728489,0.47118625,0.009300968,1.6989143,0.14256851,0.090087734,1.3850894,2.2882314,0.52177936,0.7479567,0.21783333,1.4410046,1.4549012,0.27471688,1.3706615,0.12440823,0.6127682,1.1759198,0.64349055,0.12348615,0.025349777,0.10472055,1.3107226,0.97806174,1.2900263,0.49973875,0.048310313,0.35730302,0.5173191,0.23748462,0.09111815,0.49497265,0.33571407,2.2750773,0.28525382,1.4022496,3.3135107,0.086401224,0.9958792,0.035636947,0.5297636,0.21086732,0.20438972,0.033615995,2.2903879,0.12879056,1.6689107,0.04699897,0.03318725,0.015959995,0.42254382,0.8364644,0.028429136,0.43050352,0.09305294,0.098862916,0.633939,0.19800158,1.3169888,0.6753081,2.115205,0.22162133,1.6145555,0.20703226,0.67196715,0.38671136,2.2043743,0.42803106,0.60884804,0.4758923,0.059402514,0.023118237,0.23488176,1.867002,0.94539577,1.3286077,0.017277138,0.09209881,0.0,0.16540973,0.51135784,0.04144503,0.0,0.58838123,2.4203484,0.8884036,0.89370584,0.5924292,0.005866905,0.82951224,0.0051714526,1.4434283,0.0048946133,0.8611473,0.6928027,0.11854652,0.39623395,0.85657066,0.9388779,0.1550406,0.87088215,0.26222992,0.93959963,0.7490973,0.028312454,0.29180017,0.81214505,1.9587587,0.46610972,0.1973898,0.14542851,0.31522405,0.35138747,1.8390465,1.830535,0.5339652,0.036289386,0.8780338,0.5526209,0.42522913,1.3864455,2.0109656,1.5399675,1.5154979,0.67793655,1.0489972,0.72771883,0.6985643,3.042625,0.13546659,1.5026609,0.61033404,0.07430691,0.25183195,1.8013328,1.1759992,0.18725744,0.006018979,0.21941733,0.4494985,0.5998807,0.51097053,0.22213556,0.29730573,0.03821853,0.51578003,0.34198755,0.8095691,0.05212905,0.5266019,0.7384941,0.5021487,0.7681729,0.72769773,0.2834758,0.40006933,0.34779498,0.025230568,0.052577768,1.315051,0.36578158,0.26905167,2.723303,0.06646075,0.5824265,0.090614766,0.35704026,1.8950799,0.5660126,0.1672462,0.9270734,0.2560286,0.7194866,0.67088526,0.30069357,0.46299785,1.1906025,0.47675928,1.0069414,0.06392837,1.519775,1.5075155,0.93066496,0.55432385,1.9215623,0.379021,0.6356362,1.393772,0.6125483,0.50168663,1.096253,0.20022121,1.0402997,1.1592494,1.7671084,0.38709977,1.0976412,0.005164975,0.79193914,1.1194712,1.4441239,1.863249,0.38882282,0.7946088,0.15393177,0.23278157,0.9608117,0.8121825,0.89683163,0.016517682,3.1004133,0.27227184,0.060109567,0.9369785,1.0360198,0.02982623,0.1378921,0.4369889,0.0,0.7020948,0.67470294,0.9718598,0.9808289,0.7415538,0.17532802,0.041623056,1.7918159,0.5546621,0.45982265,0.069105834,1.6518734,1.396105,1.2830576,1.9383094,1.6449724,0.38598624,0.97814167,0.43958592,1.2266484,1.4592532,0.24901874,1.5643473,0.25835633,2.377657,0.4779031,3.4437852,1.0147228,0.9158476,1.0249777,0.4669834,0.021381851,0.3800256,0.021555403,0.7589401,0.58086115,0.007870521,0.6894606,0.44325233,0.0055925706,0.5008634,0.028586252,1.0896902,0.20974325,1.1798539,0.85539895,3.5736494,1.0771395,0.29228145,0.3558099,0.78132117,0.21193746,0.43543297,0.819597,0.42414913,1.1342229,2.9926655,0.17312999,0.269118,0.18497467,1.5594062,2.2589333,0.9708159,0.3134615,0.573995,0.66130704,1.2401748,0.19348826,0.8639631,0.91200745,0.9407158,1.4289868,4.2847886,0.9058758,0.10118718,0.08321112,1.0185211,2.3172743,0.0,0.44135386,0.10019298,0.62935144,0.44503292,0.20699796,0.22253942,0.7448729,0.527575,1.2560817,0.18799509,0.23185456,1.0507436,0.8979635,2.7377882,1.5248597,0.47503954,1.6963567,1.143696,0.0,1.0541958,0.7323578,0.86081314,0.414393,1.1013906,all_pothole_images\pothole_images_new_image_347.jpg
0.47308543,1.437722,0.26342618,0.14340477,2.814024,0.074718714,0.88526076,0.3290687,0.57900757,0.5870637,0.74586517,1.3310981,0.81611747,1.5545608,1.0955654,0.41171357,0.3477883,0.21158181,1.1181304,0.46010846,0.46148852,1.6848063,0.49610683,0.41091964,0.7054716,1.5198894,1.0474695,2.1174917,0.20494062,1.0601158,1.281774,0.084175535,1.3967938,0.21447706,0.7439162,0.79579294,0.4119835,2.402345,0.60415775,0.6702202,0.37974742,0.008001831,0.12224415,1.7231731,0.88676643,0.08568633,1.7666392,0.33338562,0.31807873,0.36580598,1.429539,0.08582338,1.3691047,1.4874514,0.88744277,0.099439785,0.81038547,0.07341979,0.53600526,0.07238599,0.38014895,0.23992418,1.3783426,0.18933584,0.25992736,0.2893154,0.621133,0.29041353,0.51529294,0.19757286,0.48761523,2.401369,0.4138007,0.13515434,0.70548844,0.31130698,0.9332947,0.42580122,1.41264,0.5430509,1.3343375,0.3350524,0.022559082,1.3802098,0.8084422,0.6479159,0.22675994,1.4140836,1.4971787,1.6560614,0.36292833,0.04952058,0.34968853,0.1899256,0.5065472,0.96324265,0.092845626,0.7247026,1.8388553,1.6276506,0.5348648,1.8016938,0.13627331,0.2336066,0.08616021,1.0213155,1.2417117,0.12566483,0.12652391,0.9083665,0.31476155,1.5099337,0.29571906,1.4247314,0.025915792,1.4022692,0.5988098,0.94356984,0.5512225,2.03452,1.4557385,1.3728603,0.50099653,0.62160456,0.08564097,0.1290004,0.2599044,0.35999,0.8795887,2.2071686,1.8971133,0.24974538,0.4274235,0.33710518,0.9649333,0.0,0.17689562,0.6749818,1.5017669,0.23271398,0.59108365,0.2159778,0.078631625,3.5173056,1.1634563,0.28180858,2.3373103,0.24872462,0.5090329,1.5728192,0.9395171,1.1257969,0.07958624,0.02396873,0.3981668,0.96594954,0.29935586,1.4426126,1.2691239,0.68161273,0.5440183,0.32687852,0.24045222,1.3554581,0.39824677,0.31699175,1.1272665,0.8709726,0.47440544,0.07188284,1.4027804,0.26462623,0.9861319,1.4774628,1.0468767,0.09591939,1.7760499,0.17229754,0.86794245,0.32788306,0.40461323,0.85454464,0.66708887,0.14758594,0.84835005,0.71933776,1.0630078,0.31467202,0.07973433,0.5849291,1.488516,0.70974123,0.11417354,0.9126127,0.06261374,0.38006642,0.25639826,0.071249165,0.16496603,0.27897975,0.37694544,0.02967686,2.6724641,0.33286875,0.4149342,1.320626,0.78827643,1.0577261,0.46627596,0.02628504,0.29917035,1.48875,1.6827984,0.71118826,0.24684615,0.021137368,0.78863394,0.09239937,0.5440179,0.73367435,2.0864975,0.0649444,0.44704297,0.0,0.020122515,0.6134122,0.4069002,1.5331849,0.58947515,0.086008966,0.4854365,0.4238784,0.6500879,0.49784675,0.26497105,1.1415682,0.28613,1.2101978,0.07718551,0.14390615,0.6991201,0.045152385,0.08419285,0.44092885,0.31080577,0.35761335,0.17148863,0.04039891,0.3712082,0.20756651,2.0091922,0.035386752,0.17844632,0.54103214,0.32708257,0.8482109,0.2864737,0.6911138,2.1263602,0.10494078,2.1236472,2.065017,0.15578559,0.80467176,0.23709261,0.21411978,0.39628747,0.6948397,0.7425505,2.4832776,0.12868583,1.527738,0.054546323,0.41503093,0.9452234,0.9381295,1.02572,0.3505801,2.0612173,0.6123045,0.836413,0.15519145,0.36335155,0.41927353,1.8599683,0.43623936,0.9965275,1.5355694,0.6079305,0.111881,0.3099707,0.16579083,0.65436375,0.48801258,0.5310295,0.5002507,0.06589449,0.783604,0.25966582,0.23148717,0.077822395,0.5037621,0.4289317,0.5263406,1.9970278,0.059947986,0.45544416,0.24064383,0.8563329,0.06044841,0.0909612,0.5758686,1.238863,0.6466223,0.20834197,0.21018168,1.1256843,0.56888425,0.8701109,0.0033564437,0.14046869,0.74824756,0.12430656,1.4207244,0.88341016,0.4995892,0.5243479,2.8227623,1.355912,2.420767,1.360406,0.19400468,0.053647157,0.63828284,0.42927527,0.4252566,0.33350378,1.0771313,1.1203043,0.26617944,0.14875819,0.4309925,0.65388465,0.7801443,0.9068845,0.93518794,0.047806896,0.19101731,0.52695084,0.697451,0.6049254,0.83819485,0.30680716,0.5101743,0.17577185,0.090563454,2.5819025,0.23233066,0.91422707,0.4116907,0.0,0.8916446,0.08802831,0.65019035,0.41641915,0.30056858,1.0024979,1.3427038,0.0047117467,0.020566797,2.617677,0.82593405,0.3113417,0.54034644,1.0733627,0.8687806,0.6227954,0.28492105,0.37819996,1.7570863,0.077697404,0.33304206,2.0917037,0.5932955,3.4043055,0.14369848,1.641381,0.71110225,0.4682049,2.3630233,1.015089,0.775262,0.701092,0.44583222,1.1555479,0.35995406,0.32478473,0.94295937,0.46548605,1.396136,3.143172,0.11570407,0.5821661,1.595321,0.0,0.03339281,0.26683795,0.37746632,0.6347819,0.44386315,0.43081266,0.12473649,1.4816592,2.253198,1.4983344,0.29131332,1.239463,0.7930383,0.3603431,2.4446669,0.6776401,0.38882804,0.20952913,0.8315619,0.35306814,0.34960932,0.3725403,4.4399633,0.01463668,0.8350615,0.46127582,0.23344812,0.56571376,0.041803397,1.0571067,1.3666342,0.26926592,0.07876794,0.29976046,0.09060027,1.707371,0.029544417,0.13555883,1.6989723,0.783604,1.9512112,2.790923,0.3406835,1.3342531,1.0691006,0.9633869,0.9324596,0.63541234,0.21959218,0.57424873,0.32770303,0.5736979,0.5707859,0.34318697,0.05988226,0.7933318,0.8919777,0.37706047,0.6984784,0.9261379,1.3980821,0.9093794,1.1962489,0.8244537,1.8864157,1.645796,0.94621307,1.381011,0.8047379,0.23517968,0.9258583,0.096996404,0.63982135,0.5094761,0.09192715,0.3280967,3.4839478,0.113167964,3.2403975,0.50789016,0.05523409,1.1183928,0.83440584,0.16102736,0.10004862,0.35851723,0.5347676,0.66376907,0.29701862,0.19415832,0.93375194,0.027522262,0.08602468,0.04338769,0.04150734,1.3993673,0.10114144,0.50289375,0.27105662,0.13380836,0.6405261,0.689159,0.5419483,0.5352813,0.4183257,0.69837964,0.110269144,all_pothole_images\pothole_images_new_image_348.jpg
0.13285087,0.27817234,0.07252311,0.5331715,0.08604813,0.5709531,0.006816938,0.32871822,0.77966005,0.05732641,0.28814834,0.13494225,0.71609294,1.7738883,1.2904917,0.21084493,0.2757021,0.05227807,0.57489884,0.5832678,0.27640423,1.4001287,0.07527043,0.17609487,0.41726816,0.7046912,0.39042535,1.7271497,0.86813134,0.13329351,1.0272837,0.6529798,0.24684496,0.039032202,0.05660259,0.40943572,0.11235981,0.4650924,0.29736665,0.805108,0.07163821,0.0,0.8849692,3.5693982,0.8684543,0.17836815,0.4117637,0.30306223,0.29356533,0.24880162,1.1183187,0.7863001,0.4495996,0.0,0.09172373,0.71791404,0.8823731,1.4390656,0.5242367,0.06928462,0.925385,0.030069515,0.74705654,0.38256988,0.09816041,1.9350353,0.29338428,0.031260625,1.2475415,1.0117289,0.55299175,1.4667562,0.4779874,1.0011514,0.9434747,0.105384484,0.47701597,2.3129063,0.23503056,0.51554334,1.0164416,0.054545406,0.3606072,1.7630256,0.19738524,0.14977127,1.3352596,0.10789121,0.9453672,0.244866,0.110777475,0.103853434,0.7288958,0.87832487,0.27123937,0.6614719,1.2533913,0.43688473,0.4196294,0.3377395,0.44386965,1.1914252,0.001527341,0.0769005,0.23333059,0.7564311,0.54009265,0.2852341,0.1146877,0.06679137,0.17680562,0.61374557,0.66288894,0.21769066,0.030335683,0.085840486,2.677778,0.11675916,0.031223632,0.25843287,1.8321203,0.5426114,0.7982011,0.29810444,0.7699405,0.31691846,0.0,0.02698033,2.8404937,0.24972251,0.39094174,0.0,0.13574517,0.03134232,0.0065363767,0.8226786,1.4789523,1.5976484,1.5282743,1.0582783,0.82519656,0.44829246,0.41035944,0.30761456,0.19637524,0.044428684,0.4041498,2.6718912,0.17230925,0.27280375,0.2681751,0.12154615,0.15179732,0.8048964,0.12357808,0.68979084,0.59510803,0.040260527,0.048458803,0.08859025,1.8533577,0.051855262,0.19458573,0.8995466,0.0030125093,0.03488726,0.2129617,1.1179459,0.9924334,0.6370928,0.1441941,0.077042766,0.10765119,0.29169852,0.0,0.12602791,0.6836652,0.15303181,0.08168434,0.72859025,0.27355143,3.148029,3.3451214,0.92212284,1.4582578,0.5809629,0.22147802,0.8958187,0.12783085,0.04885361,0.012390769,0.13675553,0.036867633,3.0525427,0.7296921,0.042771723,0.6951096,0.0018437124,0.4727387,1.0352763,0.38694295,0.45597744,1.7696933,1.1317528,1.1822655,0.30776685,0.3064287,1.0811454,0.117762506,0.09253626,0.68584013,0.09313098,0.123439394,0.0744754,0.029777002,0.99746895,0.26274952,0.91380984,0.7725556,0.92404234,0.20898797,0.2295231,0.120784365,0.36251855,0.5992926,0.52637076,4.566466,0.3811967,0.095396645,1.1346875,0.8451007,0.19396013,0.37459692,0.61209637,0.6893784,0.37264103,0.78585106,0.0,0.6380836,1.0839947,0.22668107,0.21152192,1.6744611,0.43794334,1.3788811,0.0,0.66607803,0.36074594,0.3506441,0.666341,4.069316,0.08288576,1.123675,0.1234278,0.5263779,0.67482865,0.20912482,0.30195683,0.08306634,0.6139184,0.28851438,1.1531407,0.6330838,0.2502092,0.43111995,0.67417306,0.2673465,0.97755134,1.5976789,0.3639094,0.11380618,0.3502,0.45004445,1.2493814,0.84743536,0.18436663,0.078635946,0.97627616,0.36480957,0.60120475,1.5393006,0.08750143,0.0,0.5321225,1.0748216,1.35002,0.53748435,0.7271097,1.796297,0.35540962,1.1361028,0.7618182,1.4504974,0.01623955,0.2261574,0.53657717,0.0,0.37275824,1.5375204,0.03440659,0.5080315,1.2824068,0.18645349,0.022354264,5.30909,0.55755174,0.109303445,0.110562496,0.02858266,0.5085641,0.11510482,1.1900789,0.85295665,0.6892205,0.0027049873,1.0405555,0.08803622,0.25007832,0.14277801,0.7318012,0.036414467,0.03559745,0.34090638,0.5374885,0.36830044,0.2265919,1.5072451,0.0005576869,0.1108684,0.47388768,3.5632653,1.5260184,0.049357068,0.28723767,0.166909,1.3959651,1.6385872,0.35924134,0.013661394,0.1680806,0.019628212,1.9370853,1.1154151,0.2856577,1.5676593,0.11428746,0.2783758,0.83984226,1.5168455,0.25587037,0.7685143,0.14101069,1.9454902,0.7026098,0.060708478,3.17947,0.19106677,0.53801906,0.78773093,0.24111712,0.0058594868,0.01869332,0.19209589,0.13971758,0.48278084,0.040420525,1.3082942,1.0481665,0.12134473,0.029567562,2.287312,0.11851314,0.46674365,0.14373954,1.8741405,0.030038115,0.8128792,0.009098319,1.7784625,0.442014,1.0869223,0.21809724,0.23108143,0.5204633,3.8340242,2.315793,0.027715763,0.0848532,0.11591485,0.5024738,0.6141531,0.8063968,0.030530993,0.10299099,0.6923739,0.007827873,1.4861966,0.11575375,0.20306633,0.64571,5.217973,0.36677566,0.5496646,0.81687146,0.033671003,1.1805984,0.2125748,0.11056166,0.16797116,0.0,0.8316165,0.18147959,0.59543747,1.0184239,0.17414185,0.8936339,0.0070403805,0.50557995,0.61782914,0.18355986,2.2241592,0.25196856,0.83421403,1.6265723,1.6098841,0.4164849,0.1553897,1.2221626,0.67561805,0.13247222,0.24032588,0.78834593,0.4561829,0.09227493,0.39026716,6.3286242,0.3155202,0.7811303,0.35954747,1.8395442,0.29269135,0.5094164,0.8655424,0.28202027,1.3789924,0.56111616,1.3540154,0.51406187,0.068531245,0.14171767,0.13044353,0.9114886,0.06749862,0.1384188,0.41214004,0.9085931,0.20090498,0.5358523,1.128453,1.6331835,0.42088664,0.353905,0.6669325,0.162521,0.3277436,0.28107268,0.16063441,0.16829148,1.6784118,0.38357136,0.07492425,0.1500103,1.5163897,0.09903904,0.40821853,0.3947361,0.5583572,1.3741127,0.7654173,0.037417628,0.24108595,3.6979787,0.41024226,0.09997922,0.0,0.28612688,0.60280967,0.95097816,1.5341321,0.042448033,0.16025868,1.0713233,0.063986056,0.05969283,0.31597906,0.5718908,0.027252533,0.41963032,0.241817,0.06347017,0.19011329,2.304671,0.6207177,0.6547567,0.0,0.45043632,0.7505821,0.0005303435,0.4446611,1.3104202,0.542891,1.2409154,all_pothole_images\pothole_images_new_image_349.jpg
0.7883978,0.34159195,0.5000232,2.5088603,0.70937,0.41869953,0.53688556,0.29029146,1.0579737,0.70681083,0.3987149,0.2854941,0.028805569,4.1461353,1.125521,0.82375866,0.044944365,0.31770456,0.9444749,1.6322792,2.3497899,2.3939428,0.291072,0.061583202,1.3731375,0.8809486,0.7245174,0.23389576,1.0818014,0.97577846,0.38304684,1.2208605,0.9439372,0.1867534,0.16048667,0.21416286,0.08241225,0.46664965,0.2862416,0.59433454,0.8748748,0.3815328,3.6270926,3.0809493,1.070859,0.596486,0.11669236,0.058728732,0.3307887,1.1795888,0.16307528,0.12558086,0.108290546,0.34677863,1.0328718,0.12671413,3.680025,0.17190784,0.62305725,2.1287541,0.79138935,0.8129253,0.04727935,0.24264078,1.2402619,0.6119884,0.96667427,0.5583777,0.8051622,0.38577858,0.29152843,0.22969818,0.5201101,0.2713121,2.043671,1.1769537,0.7517518,0.9031049,0.6830064,0.12553276,2.3863962,0.21729217,1.1384546,0.8376409,0.8814904,0.53556174,0.08356085,0.17182502,1.3102754,0.44504812,0.0,0.9683897,0.11378467,0.64829564,2.0814447,0.55680144,1.500359,1.2976952,1.4366833,1.4094414,0.19889383,2.5807366,1.1367595,0.8862415,0.5365648,0.0022451028,0.22588511,0.577693,0.097545184,0.29275417,0.05477277,4.4649353,0.8374683,0.05416732,1.2734963,0.0106782,1.4014186,0.30818814,5.161364,2.0610757,0.6313423,1.670691,0.34547645,0.5634207,0.9759048,0.7262413,1.3633159,0.23810661,1.8593615,0.36071375,0.6116946,0.47047177,0.75195926,0.66386753,0.33354294,0.9304485,0.023068072,0.5043565,0.24197769,0.54240954,0.5261931,0.81517726,2.458441,1.6416031,0.000780479,0.019888837,0.6798569,0.21822158,0.87811464,0.22264957,0.6824849,0.29292044,0.011770527,0.7035963,2.803291,0.0,0.25705832,0.035824776,0.5949591,1.1039836,0.6898097,0.121053204,0.41637668,2.1342282,0.95878613,2.722411,0.8150631,0.9470747,4.779859,0.39440387,0.19221301,0.14387107,0.0840428,0.020509258,0.14955404,0.87952703,0.6076629,0.26964438,1.8063596,0.6596555,0.24924952,2.6024828,1.4248205,1.2296221,2.2327747,0.24824823,0.7979888,2.890491,0.74508315,1.1474977,0.953002,0.28666884,0.73278856,3.467422,0.63580227,0.70443493,1.7952802,2.4317703,1.0925918,0.14508505,0.18971083,1.1733266,1.3229691,1.0153228,0.6836205,0.20633999,0.24154478,2.5323267,0.7333493,0.44087222,0.0012865937,0.21282612,0.21575944,4.119327,1.3284897,4.2796993,0.040699936,0.50031114,1.4936142,2.1802816,0.4633889,0.19667526,1.477356,3.429371,0.29936248,0.7887788,1.9658911,0.23599176,0.97081614,0.8268501,0.9109953,0.6665615,0.085163,0.32572177,0.81142604,0.17956555,1.5011808,0.24061789,0.039893866,0.8857185,1.0217184,0.5030417,0.7371081,1.0945141,0.6171452,1.6453016,1.1430242,0.067777745,0.97966397,4.321252,4.502549,0.8707308,0.6602768,0.16672505,0.00074611604,1.7511864,1.5325327,0.4021073,1.5975214,1.9029685,0.71067387,0.23551239,1.8375857,0.5729137,0.1518169,2.4420464,0.21992855,1.5859213,0.6495722,0.3069735,0.14623366,0.54115087,0.45115525,0.006490132,1.6111308,0.56198496,0.7436887,0.19979191,1.2641884,0.1426512,0.93302435,2.271299,0.0041096075,1.4821538,1.5812861,0.92397213,0.38828278,1.0956306,0.5053969,0.47587806,0.11745314,1.5031492,1.0075672,0.114316694,0.5397136,0.47055548,0.7187098,0.8168918,0.112982154,0.66200036,0.1826296,0.17537697,0.86313564,0.6207649,4.0459785,1.2061727,0.111270554,0.896411,0.048040245,0.7288826,0.98965794,1.1369345,1.7806615,0.91646904,0.4295536,3.1278787,0.5651432,1.4155849,1.7766116,0.19438002,0.7993191,1.3605072,0.5265795,0.9646052,1.3422176,0.06926,0.5168824,0.047914248,0.24966222,0.42123997,0.754052,0.8013649,0.11916559,0.27980828,0.26246917,1.655742,1.8230363,2.6995406,0.93342614,0.2533478,0.6591274,1.7591788,2.1115448,1.5756792,1.9652848,1.161282,1.1454481,0.27757442,0.91494936,0.6621341,3.29504,0.051193066,4.162564,0.8014684,0.1527139,1.1074625,0.10813803,1.2481933,1.6489697,0.3516946,0.18160218,0.024977705,0.8599542,1.2462794,0.11736095,0.25175107,2.1577451,0.17522031,0.9396627,0.11505678,0.928475,0.34699008,0.4623641,0.5525834,0.08473304,0.27398413,0.31377771,0.9984411,0.12758705,0.9869601,0.29453647,1.3454005,1.5097114,1.9623584,1.8330792,2.5908754,2.2477953,0.014927508,0.6084564,1.4262424,0.92524576,1.8305832,0.28115082,0.5824743,0.6607389,0.19898999,3.0529227,0.054690797,0.7474053,0.08343957,1.4105765,0.3571107,0.11528665,1.3328575,0.9406984,0.49195877,0.80616885,1.5870194,0.88393843,0.21063836,1.470013,1.7808988,0.7081099,1.0775727,0.37277323,0.04347713,1.623494,0.36716402,0.35269973,0.80380714,1.1862533,0.6607251,2.230341,1.6188849,0.89897716,0.0,0.5708562,1.8265402,3.7194076,0.15750335,0.17357066,1.3563238,0.17477977,0.883179,1.1618063,2.3761275,0.16369013,1.5199735,0.039361913,0.9933625,0.36494052,0.9520963,0.06453514,0.1952562,1.9796989,0.014404644,1.1843861,0.32498068,0.48305556,0.6013405,0.56223935,2.0705407,0.07784768,1.0012306,2.8320403,0.5741675,2.2469785,0.9378633,3.4003315,1.7579267,1.1934165,0.9647181,0.54072183,0.15563934,2.3056893,1.5636415,0.24618152,0.20157233,0.15059033,1.222205,0.59540886,0.029185226,0.13075632,0.25467765,0.37729773,0.5131475,1.4810638,2.2133934,0.52573884,0.030946251,1.4503049,1.4332058,2.4662435,0.7129893,0.1808241,0.44747356,3.7726989,1.5621991,1.0591063,0.0,0.19098367,1.6295539,0.4647806,1.3168014,0.039148033,0.47414553,0.734095,1.0296111,0.5961545,0.4395587,0.66185975,4.791531,1.0850558,0.3045445,0.14280249,0.87984884,0.04081871,0.18074067,0.71625495,0.40692967,0.5783075,0.73943686,all_pothole_images\pothole_images_new_image_35.jpg
1.1261368,1.2779175,0.24614398,2.3706164,0.4906711,0.18699418,0.40618363,0.0,0.1349321,0.34753993,0.36008266,0.07584427,0.14472747,1.0354584,0.37985224,0.4064823,0.048993,0.0,0.33846182,0.5741599,0.38655502,1.6968297,0.70861346,1.0496656,1.0453483,0.58327836,0.14911655,2.2402868,0.033457812,1.1193563,0.9137516,0.15956399,0.1687968,0.22349778,0.24516745,0.72827756,1.1830941,0.30885765,0.7007381,0.14297268,0.0,0.4835799,1.353614,1.2719159,0.6266554,0.54534936,0.33043194,0.5973389,0.38856873,0.29353148,0.55511105,0.8674355,0.28345478,0.41945487,0.014625053,1.413662,2.5762236,0.0056126937,0.15100358,0.13509047,0.017675776,0.47613227,0.9959854,0.64238787,1.1640718,0.37712416,0.3452136,0.0,0.0083408905,0.25200447,0.5476088,0.34037966,0.1347193,0.9187145,0.47836226,0.68753403,0.14535666,0.10513809,0.0,0.27697355,0.3126466,0.8092589,0.43994018,1.1550545,0.59565234,0.7451541,0.33549452,0.034400754,2.3090649,0.15898862,0.16678742,0.0,0.18284187,0.11427794,0.03966462,0.0,0.89771557,0.17785867,0.454733,0.7543859,0.09094526,2.3260937,0.954224,0.19932657,0.36059678,0.0,0.71089524,1.0429815,0.030063065,0.7542751,0.36102018,0.23378202,4.2620645,0.12617826,0.50110215,1.4158938,0.9752912,0.0,0.52998847,0.49525604,0.26084706,0.66429466,0.30606702,0.35334027,1.1655377,0.5554627,1.6526312,0.14479914,0.7356507,0.22898413,0.418858,0.2761602,0.29424888,0.0,0.6742495,1.293144,0.4838935,0.6174093,0.70661634,0.0,0.44864795,0.31078625,0.05817045,0.20362258,0.789307,1.9887538,0.0,0.3619142,0.41904938,0.26220936,0.39503187,1.1659669,0.2852303,0.3415075,0.8240822,0.24497308,0.4383569,0.05175747,0.78157634,1.3094703,0.63199145,0.30368525,0.050556913,0.6698698,0.09382004,0.64519,1.4041934,0.266176,1.9105598,0.26165354,0.27414098,0.35997283,0.47612903,0.18709077,0.28965983,0.7425019,1.703138,0.01833183,0.8492396,0.05361206,0.061312802,0.9177864,1.0047145,0.33161992,2.315388,0.0,0.10339505,0.9139393,0.4600317,0.30296177,0.69595873,0.43898094,0.37692025,2.1872854,0.719037,0.0,0.7380387,0.492283,1.1261728,0.7406352,0.5655437,1.5375416,0.31683457,0.40537307,0.09168378,0.29350868,0.529675,0.4576746,1.413226,0.09513462,0.0,0.14768913,0.26333794,0.3689325,1.4284565,1.7961662,0.33250085,0.17479908,0.1554277,0.23783602,3.5554376,0.0,0.4311492,0.010731894,0.01931509,0.99165356,1.2268404,0.003567247,0.9958512,0.3495253,0.21885587,0.21062753,0.85046333,0.3013424,0.41936758,0.36491147,2.2771213,0.16970381,0.36416703,0.7245781,0.4106668,0.013425008,0.12040102,0.38953388,0.117171146,0.0,1.3731544,0.6524363,0.57740074,4.408408,0.1953913,0.04681518,0.45101017,0.013168583,0.034845438,0.07225323,0.7499805,0.0995426,0.42150903,3.6918204,0.9676723,0.2263276,1.1910207,0.1883255,0.11572336,0.43795767,0.35039964,0.9275074,3.4267135,0.28027987,0.11109627,0.0073241713,0.9515247,0.054071475,0.2451609,1.0788734,0.033833295,0.29326227,0.41838697,1.4987749,0.62709814,0.5052043,0.62968934,0.19573978,0.0772222,0.3246798,0.70832324,0.7693808,1.3475003,0.29315147,0.27482003,0.1659291,0.27310506,0.75148064,0.004927441,0.8397607,0.66378766,0.58135176,0.03693905,0.95501643,0.19439973,0.41732687,0.061008833,0.24199711,8.37067,1.5782018,0.41819406,0.4175709,0.0,1.7345347,0.25844064,0.9867391,2.6020315,0.7708628,0.06643465,2.0456383,0.012106718,2.1678817,1.9725616,0.26367003,0.34654224,0.26782796,0.18313436,0.30631298,0.43380406,0.4366139,0.781993,0.065899454,0.39213243,0.37147614,3.4097486,0.08031314,0.1591084,0.30325395,0.13238573,0.2147105,2.4914794,0.20558135,0.31289008,0.27009404,0.53081506,1.3937135,1.6308767,0.29495072,0.176635,0.1763377,0.54797685,0.027555645,0.5201849,0.3234382,0.64173275,0.020458542,0.19731912,0.3383343,0.44477442,0.0,0.7305056,1.5354356,0.34035486,0.5782344,0.14868246,0.29191995,0.36005187,0.72081363,0.32246828,0.0017130941,0.4301138,0.6390473,0.6568251,0.018962407,0.6509773,0.2559455,0.16366945,0.24553837,0.46091703,0.5094302,0.12621708,0.21871899,0.8439845,0.50408524,0.438511,0.074673824,0.517209,0.3685734,4.073473,1.722745,1.9911368,0.052180313,0.16260111,0.58712876,0.8248294,0.18246602,0.074599355,0.04229568,0.2303088,0.48869646,0.07409643,0.0,0.14507322,0.54951,0.84745306,1.1321391,0.5574354,1.5432094,0.9387217,0.5558683,0.44281605,0.46433532,1.317399,1.1970153,0.19919677,0.07626402,0.0,0.44264007,0.037631582,0.5763278,0.3648458,1.0431622,1.47763,0.0,1.1077231,0.13586009,1.0477922,0.87168884,1.799472,0.69061774,1.6899003,1.6050054,1.3781788,0.042779088,0.78325623,0.25589603,0.19494848,0.9022128,0.0,2.722965,0.15402214,0.74511296,0.0021604428,1.3278824,0.9629159,0.4943529,0.16584632,0.67534685,0.2280765,0.1083944,1.2147003,0.30210865,0.6555488,0.09841936,1.3112068,0.251888,1.0696591,0.31778234,0.708237,0.66185385,0.84382486,0.42238212,0.012713578,0.16395259,2.767561,0.21342972,0.9401291,0.0,1.4192455,0.12842305,0.014627025,0.012164148,0.49883246,0.86580974,0.29867095,0.04093748,0.54781026,0.5466342,0.58414894,0.39009807,0.6632282,0.35832813,0.057169106,0.7786697,0.0,2.4292858,2.279483,0.990823,0.35486946,0.025490118,0.7053391,0.14150673,0.045370642,0.35496125,0.48120612,1.6405463,0.041211978,0.41662973,0.0011202378,0.25858802,0.38104832,0.12445822,0.022093195,0.026719255,1.299612,4.1979327,0.41992366,0.72623503,0.67514646,1.9600288,0.6434569,0.23787087,0.5888004,0.28202957,0.2319263,0.2728093,all_pothole_images\pothole_images_new_image_350.jpg
0.32951155,1.7217,0.92481345,1.317595,0.62511605,1.4324338,0.49213758,0.5549889,0.61357105,0.9901521,0.8742859,1.5294217,0.09866139,1.3410522,0.8057802,0.8759626,0.09148324,0.062135905,2.9638174,0.090713724,0.4681491,2.4821095,1.1997468,0.7274134,0.25497904,0.32860336,0.0,1.7615631,0.19553247,1.1708777,0.77583706,0.10451547,0.74622,0.038474914,0.9200562,1.1581936,1.4135408,0.96566075,1.8807851,1.6111805,0.8207914,0.8289004,0.8406283,1.9268906,0.41895273,1.6034673,0.7635372,0.07563657,0.76848584,0.26093748,1.2566345,0.419383,0.42146012,0.3709125,0.6180595,2.8110793,1.2649267,0.14109373,0.3391173,1.2644055,0.26638582,0.31916118,1.3467506,1.1247382,0.36710602,1.7185309,2.5739613,0.016290719,1.3420243,0.43297428,0.24253172,0.79945123,0.015219271,0.2602064,0.18678457,0.31636265,0.37412265,0.011639879,0.0,1.3669007,0.46920362,1.1053398,0.09031297,0.4008153,0.3964541,0.18036371,0.1872369,0.44045645,0.95427865,0.04222322,0.75155765,0.9667771,0.07880897,0.16296351,0.72460556,0.19692259,0.5279229,0.68961406,0.046637315,0.67424023,0.37407646,0.9280047,0.82858914,1.0774511,1.561102,2.5712426,0.046567295,0.24087965,1.5264556,0.18953797,0.14270619,3.6862166,0.9335022,0.13639997,2.397142,0.005988026,1.0537305,0.56973284,0.7665548,2.2601998,2.1465976,0.06330371,0.05314029,1.5931082,1.4069589,0.5904946,1.7222376,0.6422815,1.2071711,0.6511639,0.41722584,0.25462422,0.7034837,0.022623045,0.20320074,1.8268317,0.1631244,0.48813954,0.010793774,0.40547958,0.6561344,0.25600162,0.3956464,0.5199776,0.18463847,0.60368896,0.5280779,1.5319189,0.4765375,0.68731296,0.66530716,0.600818,0.0,0.8126141,1.7133079,0.57442194,0.122885846,0.57943654,0.37252223,1.4524589,1.0679551,0.08966266,0.020061178,3.4876683,1.4575487,0.6605724,0.94598275,0.18980847,0.95418715,1.1106849,0.45414627,0.77804774,0.13010335,0.3013535,0.89347243,0.2173927,0.11234616,0.23703742,0.02524099,0.36786395,0.25908643,1.6534919,0.49734604,0.6742125,1.2023482,1.204729,0.6300196,1.9428575,1.0533739,1.5994867,0.9954052,0.059290543,1.420036,2.0007217,2.1813064,0.166003,1.7357589,0.62003326,0.38461307,3.2642455,0.4442228,1.3922958,0.7755267,1.3849127,0.5425627,0.5853443,0.4186468,1.40484,0.26100144,0.6598875,0.0,0.08613508,1.7146084,0.914247,2.2846236,0.9118565,0.20958818,0.5888379,0.20276225,0.08317992,0.67912024,0.6797432,0.29424903,0.76071304,0.20349127,1.006627,2.365365,0.4421236,0.13631815,0.026937263,0.02952244,1.8173006,0.41584003,0.68708444,2.2120512,0.23123951,0.6793047,0.046643987,0.0,0.14045407,1.3028717,1.2358891,0.089512706,1.2385075,0.63009703,0.20101206,0.4734998,0.0067881094,1.4984151,1.6354504,2.5732179,0.029428542,0.34736097,0.16410784,0.16615604,0.5047471,1.2849448,1.2425221,1.0006397,2.0322716,0.21624912,0.0038287763,0.6128878,1.3458096,0.6124522,1.2693121,0.0024520599,1.0774782,3.5319269,0.038487535,1.7572247,0.20954962,0.0685346,0.45398214,0.7129871,0.6248632,0.22466376,1.2010938,0.5985492,0.098473646,0.025469307,1.3761362,0.4860056,2.0000865,0.48024383,1.7132353,2.1309047,0.24735574,0.42621627,0.020771887,0.9085411,0.047633782,0.0,2.5140333,0.6360746,2.0322652,0.1602467,0.6810904,0.64535445,0.70734966,0.30138233,0.027430193,0.34684834,0.4960759,3.1579864,0.47968578,0.32458267,0.38727266,0.13082775,0.93730533,0.17981392,0.54653543,1.3144557,1.0484691,1.3562142,0.9682312,1.0223212,0.27062187,0.7070647,0.005592289,0.8715624,0.14992021,0.17732178,0.090481736,0.847883,0.9377477,0.037816573,0.18526617,1.2140944,0.2058288,1.4480842,1.1021911,1.0372983,0.0,0.311603,0.42935562,1.8933443,0.921266,0.07160964,0.17736141,0.9168976,2.0418956,0.9635436,1.3144966,0.11357683,0.83535975,0.257646,1.0672731,0.22274368,1.3877052,1.4523698,0.19697687,0.5904796,1.7884406,0.38039002,0.124823645,0.09800193,2.6887147,0.30995286,0.15283048,0.36702332,0.7460394,2.7702174,0.88501674,0.68881637,0.6959673,0.6016071,0.3932306,0.4494334,0.40279707,0.2417938,0.69741327,0.6082377,0.81819993,1.7964718,0.97537154,0.036684282,0.50776577,1.05569,0.9488867,0.24030541,0.19540226,1.9496756,1.4572512,1.1563979,0.93203795,1.9329678,0.22568658,0.742438,1.6201159,1.161568,0.05180952,0.19695768,1.2876935,0.8236466,0.62550753,2.2924845,1.7356119,0.2977108,0.023769042,1.9001551,0.66911525,0.0,0.50950825,1.1753194,0.32492778,0.9030919,0.25371942,0.18474796,0.38714436,0.31298545,0.33898658,0.38932678,0.3722499,0.0020901584,0.8416744,0.2173075,0.73517007,1.746866,0.016681535,0.75593954,0.46250346,1.6855367,1.7636797,1.4158516,0.108523466,0.4818755,0.91922325,1.0366044,0.20543596,0.27809536,0.31314892,0.16349061,2.0116122,0.24499789,3.068158,0.41205215,1.5629997,2.508383,2.4183583,0.18608284,0.13082018,0.16335993,0.32774204,0.30202574,0.14708671,1.754146,0.577912,1.1575801,1.2308015,1.2896866,0.44025365,1.4809324,0.31239107,2.2467365,1.5457942,1.0019386,1.2820078,2.2758162,1.5468999,0.03365178,0.0698762,0.83797663,0.36887354,0.06401408,2.4881666,0.005218601,0.02115668,0.037768316,0.43999666,1.4175512,0.17300577,0.0147617785,0.37503713,0.2613163,0.42504507,1.0433284,1.283568,1.1799542,0.17236777,0.64197695,2.4751837,0.69757855,0.37573713,0.75759584,0.026538184,2.1363325,0.0096883485,0.34333038,1.6037354,0.63229257,1.4146667,0.053027574,0.037969604,0.17635363,0.32894453,0.25556022,0.4252289,0.7573957,2.1399155,0.88077635,3.8343325,0.9021449,0.44928578,0.96000624,1.206712,0.5021642,1.1812125,1.2792407,0.78632635,0.12094307,0.39324665,all_pothole_images\pothole_images_new_image_351.jpg
1.4602021,0.2979425,0.14852953,0.4919488,0.07232861,0.9814881,0.92685825,0.77886003,0.8569797,0.27227947,0.8762335,0.08848409,0.015103135,0.6699857,0.9315648,0.92836607,0.019942833,0.3325741,0.4425691,0.0037257387,0.9931766,2.832364,0.7701384,1.2534927,0.79494524,1.0587885,0.20305334,2.516144,0.013977024,0.9064292,1.1032046,0.60942066,1.3287165,0.39327484,0.021174112,0.25662777,0.22973229,0.46770075,1.2676028,1.0162292,1.207634,1.0567186,0.3793747,0.3360179,0.28854096,0.9307259,0.78981185,0.0015626171,0.038527496,1.1531512,0.40433747,0.2669715,1.0493989,0.14188989,0.4723952,1.1617947,1.763341,0.013179506,0.0014335978,0.32034656,0.37235087,0.030385837,1.2642995,0.42126247,0.5103346,1.8968219,0.29394528,0.22099063,1.3234552,0.41226393,0.01742174,0.08461218,0.78221166,0.45854726,0.7070749,1.1995776,0.20856078,1.7520134,1.0517657,0.09270195,0.028036628,0.4522821,1.6454854,1.177261,0.28410783,0.5613503,0.33770424,0.32247916,2.544101,1.744933,1.5255612,0.5236933,0.0347538,0.23103122,1.3863279,0.004311648,1.989859,0.0064258063,0.5069786,2.5337193,0.011765478,2.5847106,0.19907449,0.023875387,2.5009332,1.0482253,0.4948289,2.7825847,1.9360204,0.308104,0.105596796,2.9239852,1.5811784,0.16770504,0.0,1.0902785,2.9097695,1.1988868,0.2645597,1.3009104,2.2358687,0.2733353,0.10797444,0.24451995,0.0,0.10416993,0.87883836,0.72880286,0.39239284,0.21917674,0.17383647,0.13218707,0.06431916,0.4042671,0.16760504,0.40491632,0.13957173,1.9534664,0.034938745,1.1574264,1.5447352,1.9790229,0.9703825,0.10074413,0.070710436,1.6802278,0.021933503,1.5338966,1.5764625,0.09970765,0.016067088,0.3625132,0.15401217,1.8553121,2.5179417,1.4515861,0.7319935,0.3545455,0.018421704,0.0784392,1.2598382,0.4305213,0.0075561632,0.2029762,0.4920514,0.6934073,0.77815735,0.7503078,0.3779461,0.11658415,0.0043441514,0.0016392831,0.10252553,0.6083075,0.947389,0.27755874,1.4733729,0.0694227,0.9737826,0.46674588,0.90927553,1.3155518,1.8249209,0.8683882,1.4473867,0.50878805,0.45552012,2.674218,0.0059750164,1.1462382,0.0063233105,1.2695411,0.3616691,2.81457,0.70284486,0.00030620885,0.45606604,1.2481555,1.3568075,0.5501877,0.0,0.962355,3.48332,0.8364839,1.0695304,0.329599,0.30148533,0.7700165,0.44321105,0.6502831,0.07468768,0.78265584,0.7707983,0.24730343,1.4183154,1.4680334,0.02665906,0.16597709,1.083673,1.4808112,0.20734154,0.73988634,0.049972452,0.58103806,0.38546333,0.4099031,8.152924,0.15096664,0.44517478,0.2694852,0.35022205,0.875071,0.08050536,0.5252489,1.8419793,0.24024266,3.4133935,3.289567e-06,0.21642247,0.15396464,0.033993423,1.8330934,0.3050766,1.0898564,0.665154,0.44660684,1.114636,0.39191347,0.32702002,0.7801699,3.921109,0.79756176,1.7357256,1.0841537,0.8061197,0.087675445,0.29692242,2.0196538,0.6030749,0.6438611,0.116778456,0.016493883,0.5767917,0.6255155,0.66514015,1.0969993,0.39286345,0.5467201,0.87894225,0.35685697,1.6748745,0.0019227996,0.0,0.5365496,0.41274124,0.61372334,1.050762,0.7198674,0.102396265,1.1821088,0.41597956,0.744974,0.031975504,2.678577,0.09306377,1.0370488,0.41036266,0.2699442,0.5159859,0.8713003,1.2933468,0.24730584,0.5778701,1.9590068,0.033636667,0.4015984,1.9136635,1.1391109,1.2314714,0.1329965,0.08963857,0.57268494,0.1697847,1.173179,0.90402657,1.8688208,0.46694544,1.975751,0.074621074,0.50757575,0.6427173,2.9885986,0.7051052,0.91659707,0.19368276,0.14245304,0.41484094,0.8777635,0.97277457,0.37390268,0.7663809,1.3799703,0.038547374,0.007731396,0.7259911,0.10730373,0.09018243,0.0,1.3130957,1.0425401,1.2242868,0.26316813,0.0010987526,0.29318574,0.025721822,0.013255294,0.5103827,0.2780121,0.107813306,0.47861826,0.87434345,0.09263567,1.3395548,0.14741167,0.003289465,0.59503984,0.34719053,1.0888984,0.83234566,0.42343885,0.35825914,1.9190589,0.348533,0.67032045,0.5550046,0.057450905,0.07337214,0.895363,1.3974996,0.011637988,0.2977253,0.011265637,2.6602743,0.16618483,0.24091755,1.5689539,1.192321,0.9727815,0.41171345,0.099337146,2.9740407,0.71410865,1.2038734,0.16232558,2.7135196,0.31839806,0.008690407,0.5492147,0.2658848,0.16687946,0.477849,0.0,0.11402255,0.7650734,2.684763,0.018317778,0.21887445,0.057190184,0.12166222,0.110429704,0.9986111,2.8570457,0.078696854,0.8939963,0.75786793,0.028089356,1.0887064,0.7355187,0.35475513,0.048370782,3.869931,0.56896573,1.4592652,0.3914176,0.22111817,0.5078067,0.28276825,0.064902395,0.030303448,0.61637247,0.04487167,0.012556139,0.43649355,0.7484914,0.44655088,1.8674873,0.6555206,2.5085175,1.9532081,0.09048001,0.48997402,0.6208079,0.798314,0.78134876,0.9329376,0.23970172,0.86070967,0.3857034,2.2520702,1.880804,0.22801977,0.93842095,0.34068984,1.7023112,0.88820976,4.9387417,0.86648417,0.2155604,0.38019374,0.48467788,0.056140948,1.9760516,0.27264613,0.048689164,0.95880014,0.16370538,0.91162795,0.92873085,0.0033034924,0.18266031,0.6374426,1.230031,0.4429135,0.6025576,0.21088415,2.2263045,2.3946588,1.3682449,1.5601715,1.7941004,0.34274688,1.9733781,0.8372458,0.2788405,1.32447,1.5815697,0.3071202,0.44954407,1.2121217,0.1636626,1.6972288,1.0381387,0.36104786,0.050183713,1.9419054,0.24015567,0.30742472,2.453162,1.6725664,0.019066844,1.1905013,4.7442703,0.6265026,0.49949622,0.10360067,1.6605657,2.1442814,0.37615603,1.2087895,0.13814975,0.8564001,1.107882,0.7123001,0.6927373,1.8115549,0.28992975,1.9921591,0.07225819,0.39052847,1.3244959,0.5169086,2.339337,1.5647901,1.8803385,0.36277238,1.5030644,0.27337334,1.8210979,1.0770967,1.8793129,0.3221904,1.314416,all_pothole_images\pothole_images_new_image_352.jpg
0.083052196,2.230999,1.1840647,1.5879974,0.16405271,0.14295642,1.0099288,0.02383052,2.4095838,0.054993678,1.0330584,0.021997,0.79975235,0.6063843,0.087030314,0.7565144,0.044448342,1.134948,1.0872444,0.44385356,0.32025176,3.4714181,0.29828826,1.6985978,0.4770471,0.47678107,0.41382104,3.0934153,1.1077704,0.7545058,1.0702466,0.21798046,0.92632484,1.4514946,0.14458622,0.001667349,0.043197066,1.1373202,2.3191597,0.51828283,0.85516495,1.2019061,0.040425617,0.19229317,1.977853,0.17533639,1.2233196,0.06943276,1.419398,0.070379704,0.44690254,0.22023086,0.5322784,0.15233727,0.057380375,0.43349743,0.13119821,0.9734247,0.7545068,1.2244885,0.04936699,1.4430715,1.2147803,0.9164086,0.28968027,1.7232875,1.15956,0.044432122,0.44109032,0.3416719,0.26797357,1.3720993,0.43000564,0.048329227,0.036461964,0.22755213,0.9665891,1.6060768,0.020917298,0.3655429,0.0006136673,1.0094154,1.0175537,0.68672264,0.06326756,1.5808136,0.5384619,0.057981078,3.5809712,0.92063576,0.0,3.0847902,0.068567,0.4470154,1.264902,0.007816477,2.396084,0.5310622,0.06172491,0.3974793,0.30623868,0.028240792,0.2770802,0.3445943,1.3599347,0.07596902,0.48369706,0.055739142,0.10300338,3.4179697,0.58135563,3.8129869,0.49323055,0.0025026558,0.00622476,0.8225624,1.4171067,1.342131,0.72620374,0.0062800995,2.329872,1.1943755,0.049472526,0.6631029,1.3946123,0.76766086,0.5773932,0.03165372,0.5804469,1.1962346,0.785403,1.8747184,0.01990096,0.025271466,0.44974723,0.1747274,0.021298973,0.19907597,0.37506157,0.63120145,0.27713108,1.9319402,0.19442382,0.64751893,0.007543172,0.20337863,0.5772985,0.7133314,0.68389595,0.115070134,0.26861697,0.47441044,0.10457726,0.13587725,1.4847671,0.26811883,0.13860922,0.49092272,0.13605769,0.7413316,1.7177862,2.3084295,0.68718946,1.1075449,2.4171255,0.2634112,2.5305562,0.05352873,0.74815476,1.306677,0.918192,0.08522231,0.19290787,0.07236616,0.78809667,0.19289762,0.8814469,0.23445225,3.2577732,0.5482507,0.0,1.1196545,1.7891424,1.4940493,3.0054066,0.8732809,1.6268398,1.6876844,0.22262931,3.5141938,1.156475,2.1188421,0.035846923,3.817483,0.03708111,0.0,1.0070858,4.2271338,0.4417043,0.105626516,0.28082016,0.6368312,1.6530184,0.41859943,0.5477264,0.3378829,0.7912188,0.0016425272,1.1899185,0.81275225,0.12383331,0.14061211,0.9380766,0.018539032,0.50746,0.50059205,0.027858246,0.6983125,0.7225094,0.57676464,0.7133848,0.90528804,0.70773125,1.145307,0.010817629,0.124201104,1.0294214,0.044190113,2.122091,0.14682795,0.24622545,0.24726641,0.61334944,0.36775464,1.3634852,0.35307568,1.3052324,0.013972412,0.3483691,0.017791798,0.047124293,0.83842313,0.27516142,1.0072063,0.020555338,0.0112098465,2.0944834,0.2627847,0.9367395,4.493924,2.1030154,0.10975124,1.8179835,0.30525094,0.7465863,0.301093,1.0070384,0.22589588,0.37651512,0.72286594,0.1813822,0.39989385,0.8588698,2.1257384,0.05707522,2.6455371,0.44349155,1.4603293,2.0571198,0.14205275,1.0778565,0.25217995,0.7383555,1.0069541,0.31528938,1.6415396,0.94593716,1.5271391,0.2545933,0.19867748,0.21784337,0.36753595,0.19599408,1.8106173,1.1135238,1.4973471,0.23262306,0.10527542,2.0268328,0.11606458,0.5484109,0.1952977,0.27454162,2.0597303,0.42810845,0.4041263,0.43081143,2.2022414,0.32293049,0.5064589,0.59414595,0.6045011,0.18531393,0.52476346,3.5108397,0.0030683302,0.2623139,2.5059845,1.6320608,0.6523582,0.018932208,2.4419875,4.1246376,1.0848787,0.10429803,0.065327875,0.09152878,0.2799052,2.674916,1.0686576,0.22692773,0.2768976,0.004851042,0.91025007,2.5044065,0.7218107,0.5064336,0.0,0.13125858,0.09260497,6.7510824,0.09348036,3.3692546,0.00023047172,0.19206063,0.14288574,1.23957,0.27617887,0.0,0.3073459,0.008932522,2.06574,3.7780757,1.3800341,1.7603762,0.008130919,0.29735312,0.15160573,0.23562378,1.8454987,0.1737144,1.2038673,0.16803744,0.32955843,0.537044,0.12736121,0.022446118,1.0045676,0.82814586,0.9870235,0.3157025,1.493145,1.5109701,0.99228233,0.0037934347,1.0072111,1.3790944,1.3701895,0.8891816,1.4100776,2.2083182,0.7832355,0.5432511,0.5584172,1.7070868,1.5899715,0.0614779,0.4236159,0.87033296,0.8449062,0.1755146,0.52663225,2.1556792,4.509428,4.218589,0.029088944,0.7337768,0.082667425,0.0,4.0905123,0.74095434,2.5319045,0.012632233,0.51471776,0.023964224,0.23586947,0.47556826,1.1690468,4.464418,0.409594,2.3090014,0.6327198,0.26586607,1.4392108,0.5293552,1.2552384,0.8919823,2.0573077,0.12636575,0.18802615,0.15612285,2.72686,0.8725544,0.65752673,0.017159516,0.16995285,1.1068457,0.10960316,0.9670005,1.0773255,0.85054666,0.0004344999,0.9476624,2.5935135,0.6197471,0.64608717,2.8943667,0.53812414,1.191244,1.3278486,0.14832452,1.2708968,0.0015385657,0.081562854,0.010754733,3.6829214,1.1798655,0.23967044,2.5126143,0.84392154,0.8995548,1.2566627,0.6345876,0.108349,0.09839218,0.08400285,0.22443944,0.32527238,0.32662097,1.8622987,1.3850621,0.46349174,0.30582923,0.36570626,2.4877443,2.7983978,0.38214555,0.32512084,0.12260723,1.5132947,0.31164968,1.6417562,0.8258981,0.48885795,0.2681435,1.6637889,1.7487055,0.23343423,0.6003718,2.4687724,0.22284196,0.9397024,0.35736862,0.14507239,0.3289428,2.203399,0.29645538,0.5277133,1.6238558,0.017173504,0.29648882,2.4511204,1.2453463,0.20496069,0.13133332,0.10797171,1.4376905,0.022901889,0.9974994,0.080722354,0.086061366,2.7382264,0.044699464,0.07703691,0.027005214,0.01757425,0.2720871,1.2938802,0.09071367,0.91046304,0.021659486,2.180527,2.267285,1.5084602,0.42568377,4.029301,0.5913351,2.3421726,0.75940335,1.3978647,0.608268,0.8356723,all_pothole_images\pothole_images_new_image_353.jpg
0.10605841,2.4543395,0.34110844,0.8763886,0.07587498,1.4802953,1.4044802,0.031202447,0.27415404,0.4236997,0.036459103,0.008957191,0.61632127,1.6158936,0.13452987,1.5003568,0.4063809,0.3930987,1.6945384,0.049129944,0.0013014909,1.6270213,0.16341934,0.59490764,0.29928437,0.95766,0.42333618,1.9139771,0.68006015,0.19277377,0.023516513,0.35741842,0.11105512,0.02455302,0.21065319,0.5405585,1.0236083,0.2727301,0.3784246,0.33507046,0.0,0.09768904,1.372138,0.87561965,0.42734987,0.23248255,0.19176635,0.08535125,1.0360607,0.4615286,0.30579334,1.4624585,0.31668016,1.0832062,0.3612809,0.8835438,2.6220627,0.7200956,2.1849747,0.82669115,0.0004820214,1.1685846,1.9762576,0.60745955,1.3084769,2.365074,2.260539,0.55238706,0.89312196,1.174624,0.2745747,1.1692815,0.09372554,0.3207504,0.95060146,0.6375282,0.31544074,0.16422205,0.08245809,1.7864771,0.096495606,0.52244145,0.35457152,1.5804938,2.5164392,0.048813842,0.3759781,1.2438089,1.6531118,0.49669895,0.5129229,0.28582206,0.037449226,0.2010938,0.75647235,0.7147993,0.29162547,1.8100616,1.4595218,0.21660323,0.0030326995,1.162008,0.6133781,0.15356083,0.5086799,0.23146702,0.0053307316,0.0,1.2812228,0.29323548,0.090638824,1.3298137,0.112735726,0.0947498,1.5372347,0.6242104,0.93092793,0.29936543,1.890587,0.5866575,0.22715448,0.74530476,1.5406232,0.18308032,0.32811743,1.0129997,0.090731494,0.49526805,0.10771462,0.21986696,0.8862588,0.19124426,0.22002725,0.08166648,0.084975496,0.04829033,0.8980271,0.8118149,1.3082206,0.7011998,0.5380602,1.2674856,0.55449367,0.33195788,1.1803367,0.29590884,0.17683075,0.045124855,0.6588475,1.4562299,0.18627596,0.8730375,0.34528095,0.011182536,0.9203048,0.5886894,0.7697841,0.027819302,0.2376865,0.79397774,0.3532584,0.08565491,0.32716307,2.4805958,0.65003854,0.10441748,1.5556623,0.7333298,0.5484429,0.21721542,1.2687109,0.8968501,0.48908925,0.7064438,1.0223241,0.5606349,0.052770957,1.8797597,0.28625426,2.9009256,0.63940406,0.36160082,1.8197327,0.2307096,0.36257398,0.49490097,0.0,0.08209166,0.08358421,2.3971434,0.1532174,0.6887215,0.40437788,1.6603119,1.3148988,0.17613526,0.08539402,0.004355292,0.13692711,3.0263236,0.9900511,0.017651796,0.10913633,0.9933125,0.4571427,1.323943,0.092215836,1.6041621,1.6675594,0.705499,0.6609782,0.3183527,1.9493635,2.2109988,0.106604576,0.32424372,0.87994444,1.2734656,0.372971,0.2583636,0.7796261,0.14267394,0.62203556,0.5363831,0.24316569,0.6896943,2.4481268,1.2300907,1.0837315,1.014384,0.88438326,0.4861756,2.0059385,0.011385445,1.5169443,0.00418882,1.0672848,0.20919408,0.28246793,0.4556729,0.33485147,0.21924244,0.16364406,0.63424397,0.16880603,0.42291188,0.36553043,0.34719786,1.4542383,2.389249,1.2690381,0.00036459917,0.048987087,0.5573564,0.8791766,0.9721995,2.4899352,0.0918968,0.98553705,2.2898722,0.26535478,1.3701869,1.2059343,0.49652806,0.40114638,0.4644095,0.05808881,1.6946907,0.82407445,0.11898512,0.3479923,0.14201216,0.96000063,0.16695,0.9590959,1.5416244,0.4654695,0.29935595,0.6376705,0.17335777,0.23183799,0.06501801,0.041464742,0.20809034,0.20873028,1.4440858,1.8152758,0.23002529,0.5738621,0.12757118,0.81187856,0.2853838,0.11394613,0.6640366,0.5090375,0.6435399,0.7117104,1.1328089,1.7262222,2.22563,0.24711764,1.5019974,0.0028083785,0.5046,7.1299872,0.8657223,0.5551438,0.05678147,1.1174868,0.87124,0.61337614,1.1866455,1.502792,0.1756451,0.919751,1.5288758,0.80099547,2.1727042,1.5119534,0.26599526,0.17068426,0.59453785,0.43130213,0.26611358,0.46908295,3.6536188,1.136003,0.51696163,0.4692911,0.25780016,2.6120188,0.4517976,0.37141183,0.42558008,0.3283454,1.0185616,1.9806969,0.27544615,0.28200158,0.82129353,0.2302097,0.87637645,0.9172196,0.058324743,0.41726816,0.13597667,0.2373251,0.073219016,0.2820882,0.9248674,0.6320732,0.16454221,1.0723505,1.1684315,1.0429385,0.06820635,0.39731777,0.6101979,1.3914903,0.043950062,0.0020455061,0.10696206,0.7680685,1.223891,0.04222907,0.33389184,0.5895421,0.9399458,0.58843863,0.012792239,0.41793263,0.63716877,1.0905812,1.364331,0.86087453,1.3437611,0.87449646,0.6874899,0.5613814,0.18453744,0.059216112,0.8801745,0.4169564,0.27294472,2.238179,1.747893,3.2678864,0.0446782,2.1892252,0.47841898,0.3927057,0.043264516,0.50127906,0.30076087,0.10292339,0.091531225,0.4263681,0.07281202,0.40966,0.087819815,1.3977047,0.056152526,0.00058373495,0.12423981,0.87564033,0.0035329822,0.12097761,0.80142707,0.29625422,1.1841052,0.8709738,0.20197958,0.053846564,0.15149365,0.33141384,0.27382547,0.19133073,0.28899416,0.08192893,0.047152933,1.1879008,0.13857715,1.2773618,0.7173744,0.37203932,1.4660923,0.45594305,0.23027696,0.09473707,0.24329372,1.7727265,0.944523,0.096383706,0.25731194,0.6944659,2.2916493,1.2790182,0.6385642,0.20591256,1.695982,0.575016,0.24265139,1.6998241,0.09563291,0.6184027,1.3451355,2.8901615,0.75080335,0.71652067,1.6014353,0.5574745,0.0597159,0.38922328,0.47366643,1.6182786,1.2463952,0.7305304,0.9120275,0.25088772,0.0814813,1.1137612,0.011602934,0.07650367,2.3221462,0.50936615,0.56744915,0.23957132,0.2423124,0.107194744,0.29461762,1.5985519,0.049535323,0.6886343,0.13964859,0.0019932676,0.6867463,0.8852853,0.71498543,1.4156454,0.63784283,0.59436595,2.5904624,0.984502,0.3955087,0.006372841,0.12496826,1.4159104,0.06837005,0.61390287,0.29927403,0.19322862,0.917762,0.81665224,0.015197008,0.00026534998,1.0581304,0.03069842,0.1317222,0.02234795,0.73752064,0.3620103,3.7662184,0.5943555,0.7277654,0.54930687,0.6125568,0.006230244,1.9890612,0.91470695,0.91259193,0.053491928,1.4642384,all_pothole_images\pothole_images_new_image_354.jpg
0.90973127,0.24615708,0.03347819,0.68790907,0.0,0.6536167,0.53419083,0.6014753,1.9385623,0.052732285,0.62766033,0.32585108,0.2540067,0.6671281,0.27064613,0.7198741,0.015817491,0.5250646,0.29977876,0.22441377,0.8277842,4.24343,0.81430703,0.46823514,0.8372921,0.26136926,0.23991925,4.9727526,0.62471366,0.47697666,1.6640692,0.21311635,1.7123528,0.3427985,0.118067436,0.11668105,0.0018946849,0.024988081,0.99042416,1.0499924,0.39225277,0.72520906,0.06444714,0.61642444,0.11520078,1.6691792,0.8251067,0.52752113,1.2476742,1.6825997,0.1391879,0.23020308,0.24491043,0.2495471,0.010872724,0.24748662,1.3005195,0.90505064,0.4608624,0.8919625,0.41036594,1.7591553,2.4278803,0.6165792,1.8261055,0.6621127,0.97825277,0.93096644,0.7675421,0.03614148,0.07721543,0.9476723,0.11687408,0.27266252,0.47372308,0.41453534,0.28324935,0.6538435,0.53854483,0.1766865,1.258997,0.13170825,1.8878429,1.6348734,0.29278386,0.011873727,0.32486024,0.10825931,0.5980844,0.5671576,0.40684873,0.75520587,0.268299,0.23757283,0.87597996,0.59419996,1.7196809,0.5567173,0.7781393,1.390822,0.93015116,1.9782282,0.630589,1.7079062,2.0657296,0.7658842,0.030102838,0.8921997,0.30603817,0.47155958,0.69638497,2.4837778,0.69595444,0.23746039,0.21182919,0.40081832,3.0596802,1.2439255,0.43886444,0.710791,2.6387558,0.38400027,0.0,0.5455382,0.4231016,0.9528827,0.4674394,0.072847284,0.6557709,0.6605716,0.7019654,0.17329477,0.052863676,0.66937065,0.4690044,0.6390455,0.54072535,1.5626937,0.34453508,0.51322997,0.4092612,0.48661423,0.38782716,0.23308648,0.52820677,0.58452487,0.4369233,1.5739014,0.8290568,0.29970086,0.092001505,0.30308583,0.01728767,1.7479497,1.6507136,0.24485064,0.7345152,0.7464355,1.0219301,0.86628073,1.2675309,0.7396474,0.40374246,0.41601104,0.6592099,1.0356537,4.0440354,0.8734859,2.2914784,0.15128078,0.11069188,0.88905424,1.8371737,1.3101708,0.4157482,0.27562046,1.0349743,0.0725896,1.3056803,0.03205743,0.81713843,0.16583627,1.4779986,0.1295241,1.0524964,0.5533499,0.8116201,0.79573107,0.00307553,1.3834159,0.23651034,0.7280468,0.40340587,5.442998,0.44678986,0.03662723,0.0,2.109474,0.71891433,0.8093458,1.882984,0.4946428,4.7920685,0.60786474,0.19427457,0.8896858,0.47351408,0.32121754,0.7386476,2.1232038,0.6212787,1.135102,0.76218283,0.11778129,0.0020465814,1.5817113,0.4023969,0.88449126,1.2068651,0.41303512,1.388875,0.49274117,0.7224135,0.7161177,0.94107527,0.74192333,3.4399242,0.10270235,0.254187,0.33979866,1.8052193,1.1310565,0.26173416,0.86274844,0.9999358,1.186074,0.2609076,0.5268568,1.0290704,0.36279818,0.0020155604,0.45808464,0.47235748,0.63803613,0.15792519,0.3966376,0.28773004,0.18050054,0.7186212,1.3764297,4.522447,1.8539456,0.6613329,0.039084516,0.5377895,0.3800473,1.1538185,0.6770241,0.8403331,0.8808863,0.8552648,0.26821122,1.1822261,0.2255957,0.56737554,1.8671831,0.39899945,1.4690056,2.4728498,0.8112302,0.2515715,1.6236027,0.21106973,0.060663898,0.28521475,0.1821715,1.1201152,1.6847911,0.4337282,0.7934808,1.3616943,0.69531435,0.277919,4.926065,0.50045073,1.399025,0.2575998,0.77813876,1.4916568,0.80011404,0.5953495,0.53290105,0.50441563,2.2604306,0.21888506,1.0156107,0.9261363,0.39124197,0.8945988,0.193877,0.02934686,0.7620435,0.1635389,0.7168071,0.5933925,0.46319783,0.062963106,0.9942345,0.08488431,1.0011837,0.25139153,2.0136282,1.2187868,0.5494868,0.68882203,0.63741934,0.43652335,1.1994647,0.07854468,0.2048005,1.3491335,0.6424966,0.66915286,0.63152045,1.3335135,0.19403033,0.21829733,0.101855636,0.63489974,1.5369265,1.1990527,0.63477015,0.0,0.25530902,0.57790947,0.0,0.114206105,0.1322591,0.441412,0.19274472,0.4665651,0.2914261,3.1202686,0.28033572,1.5858344,0.13388805,0.53639024,0.7723804,0.9335165,1.2244644,1.1649905,0.26073185,0.093620434,0.17062488,0.14294523,0.6646521,0.22180353,0.0010492223,2.530164,0.0077466737,0.30137104,0.10769332,0.6909757,0.0739925,0.40269312,0.45703062,2.4026785,1.1883682,0.6142523,0.06293786,1.3317155,0.20598097,1.0828471,0.99120086,0.43735215,0.76659477,0.238351,2.4001315,1.2764417,0.1573717,0.7007913,0.8485106,1.9290118,0.31971765,3.5683126,0.1289234,0.5186824,0.43320414,0.07924876,2.4161167,0.6913167,2.161028,0.01539414,1.9185311,1.3793782,0.1563888,1.0522299,0.10073274,0.36865517,1.0508333,1.4743329,0.03287681,1.2439239,0.7265496,0.5526875,1.06654,0.32406124,0.59087265,0.43934536,0.4865624,0.82029635,0.08552311,0.1930865,0.48558426,1.6545242,0.1354191,1.7800069,1.2917482,1.1824474,0.7720825,1.9283012,0.31459457,1.024604,3.018373,0.9260375,0.1340731,0.29029754,0.7415024,0.9957991,1.2054763,0.08154603,2.6676655,0.5886991,0.15186426,0.9064107,4.1785545,1.0621623,1.9412336,0.43162924,0.7551924,0.24428861,1.9755933,0.442887,0.6650328,0.95446587,0.6846159,0.77068114,0.37847733,0.006999945,0.0140791265,0.7510542,1.7378973,1.0349001,1.1345415,1.8975226,0.6349248,1.2452892,1.5282081,0.15491363,1.2860781,0.5016771,3.520423,0.2507408,0.0017258308,1.4219851,1.675065,0.3278207,0.5761838,0.98734564,0.61088693,1.5151474,1.1700629,0.084570825,0.15728804,0.26385292,0.17696127,1.3479354,0.61537653,1.1510401,0.0,0.6454962,3.4644568,0.54766595,1.2667295,0.27206686,0.4156362,1.3214607,0.19085377,0.15210535,0.5077678,0.15240492,1.1619145,0.23272349,0.39687437,0.67428076,1.3593407,0.30737278,1.7376574,0.20293817,0.63803965,0.044547226,0.6966268,1.6315613,1.6122855,0.041404188,1.2527176,1.28059,0.6554349,0.2533704,1.6368202,0.34635586,0.9909078,all_pothole_images\pothole_images_new_image_355.jpg
1.5595164,1.0278155,0.7454052,0.549664,0.18512385,0.44133338,0.38524273,0.67660177,0.20660959,1.0017686,0.64092225,1.2646868,1.1433806,0.4082955,0.17546375,0.4610371,0.51571345,2.293806,0.6005186,0.018911563,0.14213781,0.3458644,0.8579426,4.0313673,0.013701285,0.06344936,0.030463949,0.09320088,0.011384567,0.35607508,0.14581493,0.0,0.6013905,1.7684811,0.045400478,0.102570675,0.6959581,1.2751064,0.5978882,0.0548341,0.12797377,0.8933325,0.2893098,0.22641571,0.4700318,0.67140806,0.4996417,0.69904286,0.34273708,0.4468834,0.53025645,1.5334861,0.12276481,0.023789104,0.6674067,0.35759142,1.1538242,0.31959718,1.0345733,0.034914754,0.18480374,0.48149353,0.8149443,1.1540694,0.40291703,0.29782784,0.4922863,0.5885689,0.012751434,0.089182794,0.24845283,0.52986497,0.16837211,0.012672338,0.84040284,0.97935665,0.08082181,0.35239816,0.012023757,0.25455847,0.021719407,0.18123226,1.2776483,0.97988033,0.835917,0.40862188,0.024762964,0.48412737,0.7039178,0.073635355,0.17704864,0.44937286,0.53201395,0.0,0.25177884,1.1271865,1.4183112,0.80398,0.7763753,0.07480778,4.7457623e-05,1.3268583,0.20309678,0.6282692,1.4155625,0.7067254,0.01847417,0.1850046,0.13494039,2.248245,0.20370542,0.5792997,0.52215904,1.5453095,0.07579549,0.6957803,0.6491819,0.004279103,0.92614526,0.79783916,0.51367044,0.6741794,0.22308782,2.925971,1.3233798,0.13402861,0.038374405,0.6490309,1.1513448,0.7533695,0.28970045,0.33905655,0.0,0.34177703,0.0012065519,0.08937538,0.047468174,0.13520113,0.0,0.31169355,3.333519,0.92834383,1.4710581,1.2367605,0.01805035,0.44405156,0.025711127,1.5687902,0.11888713,0.19457403,0.8305468,0.020986699,0.7866788,0.0,0.55621713,0.005473789,0.55768114,0.56966156,0.21636106,0.20190303,3.178916,0.8913827,0.061647933,0.5463336,3.0864303,0.0009406376,0.9542638,0.11114576,0.281822,0.63543963,0.40925154,0.06757938,0.0,0.00018824221,2.3444583,1.2325221,0.5428961,0.0,0.03353177,1.2033271,0.13970102,0.99609107,1.1370475,1.0490454,2.0963495,0.17752554,0.14297271,0.72094977,0.2982927,0.14549443,0.21608374,0.26529184,0.69879174,2.078626,0.10466914,0.094851114,1.8742146,1.7981043,0.6577945,0.09563359,0.23652764,0.45683366,0.8364232,0.0051873988,0.061962992,0.58580106,2.5226154,0.5592346,0.9717777,2.930192,0.0055006524,0.39781982,0.008769437,0.49040076,0.37432164,0.050604634,0.71032673,0.5407905,0.21584699,0.0065212883,0.18006703,0.42995858,0.93059087,0.2647974,0.62586594,0.02450484,0.63898236,0.3084533,0.48286802,0.0,0.11277699,0.026240531,0.31333464,0.7086845,0.77234554,0.011372209,0.1015318,0.47599176,0.8235925,1.6612116,0.9080852,0.0,0.3786999,0.7024964,0.066204116,0.06262814,0.8755102,0.34946176,4.207121,2.0437148,0.8397398,0.09861483,0.1568817,0.0,1.0707546,0.68282473,0.16558896,0.0,0.40755615,2.2467928,0.13970894,0.14231941,0.1056334,0.53523594,0.008412374,0.016664937,0.6058398,0.47391018,1.6076127,1.0157485,1.2048357,0.10472027,0.4869201,1.946933,1.4244746,0.3323904,0.9491722,0.12511902,0.92958736,0.3755169,0.11209564,0.17603773,0.1630481,0.59831643,0.6618826,0.102095604,0.032691408,0.08755252,0.08121128,0.2090662,1.1783557,1.082505,1.7605166,1.6194515,0.45529702,0.0,1.3817545,0.66083294,0.88593143,0.53443,0.08937172,0.107647076,0.697921,0.42428142,0.28249288,0.6935262,0.0010348817,0.20272169,0.012393345,0.085361674,0.32563096,0.9656973,1.7392201,0.8670164,0.51714283,0.30950367,0.34550655,1.1480044,3.8710003,0.420147,0.780111,0.16306679,0.7498829,0.06898248,0.3412235,1.0710487,0.68917906,0.034718655,2.2869053,0.20518458,2.20029,0.30198532,0.37365657,0.10384137,0.07638778,0.008452408,1.1227261,0.0054939496,0.64029896,0.18357255,0.6078974,0.27524593,0.15184589,0.4826288,0.011128545,0.0014624158,0.4323381,0.0008887617,0.01892324,0.16610827,0.0029766585,2.183976,0.78519905,0.019642005,0.45690092,0.8646643,1.4228536,0.5481744,0.0057244003,0.9467703,1.3625323,0.8546634,1.9393439,1.5049064,0.0,0.09731158,1.5936024,0.16720314,1.5138931,0.5831076,0.6669777,0.46478367,0.33624515,0.8814861,2.0001717,0.35566384,2.0815067,2.1361642,0.012916877,1.5520178,0.88936645,0.3763633,1.2683649,2.1108763,1.8897412,0.0,0.22690022,1.0907032,0.053453222,0.10638702,8.335375e-05,2.9596221,0.055633884,0.0,0.3545587,0.022979522,0.09733716,1.1210853,2.4766629,0.95193636,0.7163344,2.3378975,1.8314567,0.74526745,0.22147617,0.07674414,0.7179935,1.1481175,0.08990482,0.8565001,0.106760375,2.4215505,0.41662106,0.07962928,1.6044909,0.12908621,0.9107324,0.22478402,0.542339,0.39648914,0.0,1.3076069,1.0144805,0.98058456,0.56652683,0.020400075,0.57105774,1.0003673,0.7908816,0.79222167,0.09500977,1.5698276,0.024559142,0.1226662,0.07028,0.93746394,0.65001476,0.37670788,0.7819405,0.21017021,1.5447515,0.14886859,0.44405612,0.18935768,0.17601658,0.08623857,0.28195742,0.3078032,0.0036385974,1.4775424,1.8201851,0.040602557,0.016158488,0.34510046,0.1534609,1.2441128,1.7275004,0.049534764,0.9964697,0.9662128,0.6813797,1.3881131,1.8083452,2.0264113,1.2799906,0.47144452,0.02934713,0.39651546,0.81502354,0.37314355,1.201584,0.31689104,0.113372155,0.3180274,0.25037146,0.046005044,0.18811963,0.5952407,0.1825729,0.19995911,0.538963,0.57314193,1.6484746,0.7003536,0.023095794,1.4788945,2.1715403,0.007944667,0.3811139,0.013192483,0.40894014,0.6735009,0.31743532,0.41116247,0.57171214,0.42713,0.09186395,0.32598677,1.0164424,0.3134464,1.5310595,3.809059,0.028932877,2.5582902,0.16174221,0.83476603,0.15661997,1.64424,0.14094734,2.3095493,0.15123269,0.06740778,all_pothole_images\pothole_images_new_image_356.jpg
1.1786435,0.84791857,0.26582223,0.93727404,0.018186668,0.85670316,0.039209135,0.21497563,2.2111073,0.059616406,0.7935043,0.35323793,0.37184384,1.5830623,1.162898,1.3342674,0.088231325,0.04201738,0.26730362,0.4024085,1.0484729,0.22003892,0.038460664,1.2844112,0.96298015,0.29097754,0.69085336,1.1199359,0.14106467,0.1065419,0.0,0.42193896,0.052644126,0.42813534,0.085261516,0.2679868,0.8850744,0.27948844,1.0446601,0.651275,1.3561631,0.109239005,0.50318736,0.055828866,0.23947324,1.6673131,1.154632,1.604769,0.28771144,0.04776179,0.5934215,0.58093375,1.2658694,0.007124671,0.40829307,1.3290992,3.235498,0.7274646,0.1347447,0.0963186,0.14128438,0.0924657,0.6126153,0.5101406,0.79203296,1.1372572,0.40152,0.7151203,1.3254774,0.083894216,0.7386532,0.9760901,0.6283317,0.16797347,0.17053495,0.99342906,1.6439469,1.0541326,0.0,0.4391888,0.38731033,0.08540444,1.4558,1.4997319,1.3896389,0.6469476,0.5725717,0.21034376,1.6132411,1.137793,0.4139166,0.30014107,0.27596256,0.16690809,0.59520245,0.024791105,2.983853,0.0077641895,1.998219,2.2596166,0.04804995,2.225552,0.63023037,0.029499413,1.791952,0.1913409,0.7091851,1.1000699,0.08466829,2.1459508,0.10491986,1.7807498,1.3564104,0.1402398,0.0113029005,0.6596201,1.1535567,0.519254,0.27201453,1.546634,1.467329,0.6210636,0.06537704,0.55731153,0.111343734,1.4837993,0.8733216,0.7272682,1.625984,0.58571583,1.1922771,0.0048890114,0.00999009,2.1436431,0.16979365,0.5432037,0.38016945,1.4243225,0.12682253,0.256052,0.37533173,1.5260519,2.1033328,1.0252744,0.5370934,1.200083,1.4600428,1.9102851,1.1197366,0.5778738,0.09662633,0.31104216,0.9767177,0.3645377,0.85290855,1.1945055,0.3670447,0.69896954,1.1912597,3.1769207,0.51593035,1.0975626,0.07748029,0.1795678,0.1740588,2.6059418,0.9448363,1.0136447,1.1576189,1.5366741,1.1364217,0.23357126,0.21438332,0.8439448,0.20049231,0.26541138,0.5839941,0.066339664,0.9489703,0.29986444,0.1912329,1.8631756,0.5626766,2.345221,4.5865054,0.9463521,0.8842503,2.306603,1.4469223,0.06773677,0.0,0.6496031,2.398923,2.1224904,1.4621277,0.015875146,0.3937718,1.6910764,1.1629254,0.42023677,0.56614673,2.676047,0.18833466,0.97699356,0.1606368,0.7979217,0.21148461,0.4185819,0.023424903,0.052225072,0.47063664,0.8035127,0.97704935,1.4112767,0.24539588,0.9656798,2.1702645,0.16894227,0.23965016,0.12657274,2.8508272,0.0,1.1898932,0.262116,0.19692819,1.0472864,1.0652125,0.11951561,1.9930438,0.53317416,0.2474563,1.8886902,1.0770609,0.09118841,0.15172313,1.1662064,4.0391583,0.031656224,0.31272945,0.17338492,1.3969253,1.4742827,0.21229023,1.0114597,0.038229648,0.773503,0.15192744,0.9320814,0.94841796,3.0357487,0.029701298,0.80828434,0.21384452,1.0245122,0.2066635,0.24890131,1.7331876,0.0,0.6568955,0.5080993,0.01940582,0.926191,1.3064336,1.326778,0.4409224,3.2178593,0.18172812,1.8021389,2.0137994,0.5512213,0.3443582,0.10539921,0.92638785,0.90964466,0.9913867,1.3474264,2.3582103,0.58875847,0.094675824,0.13205095,0.069556564,1.6063229,0.023441976,0.20774522,0.15487921,0.6258237,0.34053898,1.1116072,0.0002931697,0.07386328,1.9114995,0.533749,0.026452534,0.7068374,0.42848346,0.31535733,0.1407194,0.0239783,0.047454074,2.4508095,0.253309,0.4599224,0.027544845,0.2833538,1.6856173,0.7659955,0.060344655,0.39287722,0.2758613,0.9263535,0.5866879,1.2524098,1.6017091,2.2981184,0.7514443,1.4743164,0.07317255,2.4429905,0.64860624,0.9842265,0.36735496,0.5857099,0.9209208,0.15294331,0.11341821,0.49739286,0.6166457,0.050682336,0.002541896,0.8197219,2.1274567,0.14271154,0.09331135,0.018751329,1.1517036,2.4315,1.4947519,0.0751209,0.33165756,2.4681807,0.556583,1.0029261,3.1171377,0.46772453,1.6647533,0.760446,0.4658505,0.36624187,2.1694582,0.7655498,1.7398651,0.71993405,1.2014916,0.040717047,0.05376853,0.27001542,0.25923222,0.77830553,0.36379728,1.5527328,0.13825622,0.0,2.529607,0.48379377,0.042021498,0.49708915,1.4533463,0.76213515,0.47016576,0.16291112,4.547816,0.08131833,0.58330625,0.79205996,0.28245178,0.071461104,1.1072687,0.291286,1.9812709,0.453667,0.085473925,0.7573245,2.3186715,3.2611127,1.3055786,1.0712411,1.2985842,0.066363014,0.37847206,0.9807007,0.63959867,1.7121171,0.040160645,0.19859126,0.12295968,0.1948959,0.3364594,1.0148982,1.0647768,1.206122,1.1903857,1.4566628,0.83707786,1.1714401,1.52983,1.2411962,0.57848245,0.04989783,0.71564,0.049854755,0.39806724,0.44449505,0.48470217,1.1146392,0.2355808,0.7202021,3.4428642,0.45050728,0.5901327,0.07651194,0.5801257,0.18299626,1.2993994,1.2347991,0.58615303,0.16279516,2.4250011,0.20659587,1.6389089,1.149589,0.019450903,0.7694445,1.3433763,0.7724302,1.4891905,4.8854647,2.5187602,0.22608313,1.7595985,0.8770488,1.2758567,0.17224261,0.05960277,0.39192957,0.17881854,0.14965293,2.0456786,0.26682392,0.6638052,1.1653937,0.61728716,0.49166533,1.0022529,1.0823226,1.3915255,2.0438795,0.2948425,0.8495014,0.40962294,2.9436228,1.6487017,0.05306814,1.5625778,0.36308423,1.3262827,0.85691035,1.5335197,0.7044909,0.30728915,0.95537984,0.46986327,0.090722255,0.21100728,0.69104266,0.5499076,0.14976001,0.103910744,0.9994245,2.0274005,1.3017842,1.3768983,4.9669647,1.347691,0.027324082,0.25487992,0.7471029,0.51504976,1.7590357,0.02933634,0.49935094,0.5797457,2.3072898,0.0042106993,0.28113422,0.18600331,0.19138263,0.014528313,1.0697623,0.17525668,1.5705847,0.23365709,1.3153241,2.1687407,0.49087387,1.309727,0.785228,0.93256813,1.2309432,2.0193667,0.76152086,4.914046,0.42644826,all_pothole_images\pothole_images_new_image_357.jpg
0.94282645,1.1454238,0.92672026,0.24674211,0.19917986,1.8447449,1.5522647,0.19580281,2.458975,0.54767585,0.14686045,0.2588597,0.16994898,0.5530399,1.7923005,0.6704135,0.004602245,0.0,0.406772,1.5869751,0.79492015,1.4606147,0.89405006,1.3733848,0.0092590125,0.24502057,0.55276453,0.5304134,0.12064217,2.4502103,0.9786229,0.1257333,0.37288338,0.37416056,0.043915078,0.22791317,1.0158622,0.89861435,1.0537195,1.0196003,2.0817623,0.35601038,0.41376433,3.1089633,0.5316382,0.123290986,1.5815996,1.1363201,0.8613714,0.17150779,0.7287252,1.3286631,1.0899029,0.2678185,0.3128596,0.6110963,0.80588716,0.040327597,0.38722092,1.1958213,0.1033996,2.0543895,0.8523352,0.8872218,0.20975891,1.2222681,0.3813139,0.080428734,0.4774447,0.9180482,0.016223926,0.40128022,0.06265775,0.21719818,0.3463711,1.3915589,1.0917598,0.31389642,0.24226482,1.03623,1.542832,0.8580481,0.17610425,1.1832417,0.24944839,1.9904159,0.3956529,1.110544,4.4275184,0.59721667,0.91366786,0.39010695,0.39063215,0.8435392,1.4336855,0.061965995,1.038831,1.1107955,0.7951375,1.3698845,0.0,0.6259595,0.13088591,0.12583277,0.030976027,0.96982914,0.4724761,1.3873504,0.5656044,2.9453511,0.079809554,4.2321825,1.1329709,0.034519102,0.07179207,1.3784704,3.3508067,0.43989855,0.07641517,0.15164219,1.7232676,1.5851941,0.15363616,0.3384882,0.19517905,0.18241033,0.107196815,0.49714252,0.8494334,0.123298466,0.01797841,1.752944,0.708282,0.077472664,0.22030118,0.7071602,0.05114632,0.20918131,0.069139175,1.0812279,0.72864,0.12730874,1.0547278,0.20144585,1.2536163,0.5840712,1.5720379,2.5861704,0.24938032,0.16068493,0.15040731,0.025370236,0.7887524,0.6790813,1.3501532,1.300404,0.347421,0.3829711,0.41126633,0.90977794,1.1152697,0.016912183,0.06549325,1.6914747,0.43336734,1.4967283,0.29690883,1.4826654,0.52078825,0.0,0.06992341,0.66811526,0.5097061,0.711182,2.2295136,0.0016891178,1.4269958,0.027996296,0.1751297,0.8729982,1.2231302,3.4333756,0.95637196,0.67431945,1.4507395,1.4104787,0.5558843,3.4689193,0.4102035,1.3250638,0.0,0.6602741,0.15370084,1.9826747,0.8260875,0.0026885709,0.45811492,4.473288,0.26816583,0.8439631,0.075153105,1.1440892,3.494698,0.8023983,1.208263,0.6921757,1.0781499,0.6520145,0.036796656,0.04631925,0.17507483,0.35927084,1.6923655,0.18963924,0.3439953,0.7553869,0.043151766,0.7808384,2.6560712,1.1238332,0.25115207,0.012232006,0.2148544,0.24415267,1.219379,0.37337393,5.3346667,0.17744286,0.7090746,0.26997197,1.0589387,0.29098824,0.3871976,0.29830313,1.0817543,1.8846554,1.7649925,0.6354,0.8322126,0.019280203,0.21459734,0.120191224,0.4469925,0.38850597,0.70048326,0.41456276,1.4226264,1.0633768,0.4214666,1.2897215,2.421764,0.31838462,3.008793,0.16786982,1.3333248,0.22536169,0.017827004,0.6585511,0.49290177,0.5880046,0.2698637,0.19167973,0.3110989,1.5167059,0.71914655,4.900373,0.036977164,0.02324524,1.5551188,0.22776128,0.35698807,0.032109283,0.0,0.32690936,0.6858627,1.8268372,1.2946746,1.2846202,0.059816487,0.9325592,0.20950499,1.6901999,0.0056172055,0.2569532,0.20841865,0.7134235,0.47188404,0.64619815,0.19094886,0.22530937,1.0354315,0.42977947,0.9787418,1.391976,0.13996422,0.075687364,0.40721536,0.4086216,1.6697215,0.0,0.19152197,0.5001068,0.19899167,2.313607,1.1899668,0.3817121,0.0,1.4081763,0.34829,1.0876322,0.14884874,1.7815316,1.823314,2.9214857,0.182414,0.45091504,0.10301387,0.31961966,1.1111693,1.6072209,1.2331843,0.21728835,0.0036024281,0.44147354,1.5215099,0.2879765,0.38916987,0.0,0.19883162,2.037753,3.2207966,0.76989776,0.084762156,0.0,0.124393895,0.07486529,0.115237504,0.19119145,0.11492303,0.2854335,0.85674345,1.6448952,1.5608736,0.5458278,0.11302576,0.1267537,1.0909592,0.47979388,0.30296108,0.62252283,0.84408015,1.4339494,0.80079585,0.69686794,1.7830001,1.0152227,0.3841122,0.5835485,0.062723026,0.21103872,0.0842607,0.11046454,0.68593246,0.20210865,0.15140367,1.4366385,0.8010943,2.004882,0.55454046,0.05422886,2.7459524,1.0170257,0.84771335,1.1627223,2.6842868,0.02815114,1.1511747,1.509996,1.2041427,1.9650829,0.42188555,0.7991863,0.57482564,1.8851366,1.6063523,0.23296659,0.37820527,0.0,0.008022712,0.35775837,0.9878925,1.8965777,0.0,0.7561494,0.2638981,0.52326804,1.2144945,1.1171005,1.1827844,0.26015323,2.9151156,0.6114455,0.7901568,1.4392654,0.27139065,0.035640348,0.3975159,0.15780258,0.19153973,1.2138275,1.1351186,0.61527824,1.3969909,1.0335501,0.6217355,0.8784658,3.3827806,0.7807457,0.5861766,0.040896848,0.2840674,0.21934217,0.09643924,1.42865,1.6129081,0.39293244,2.654331,2.1704307,1.3125588,0.48520765,0.27575207,0.22390407,0.0614852,0.9083891,0.8299556,5.132186,1.9549513,0.44334608,0.5778684,1.0830007,0.60134876,0.7925608,0.36169216,0.1289573,0.8023677,0.56183904,0.4589555,0.3005182,0.12615013,1.0480393,0.6626979,1.8388606,0.037037045,0.7811595,0.29031613,2.4660113,2.353924,0.50519866,0.5676287,2.2461216,0.1402079,2.010188,2.088508,0.0,0.37798634,0.95994574,0.41595808,0.12069159,0.9139437,0.7900009,2.6223388,0.43080395,0.63945615,0.121490635,1.9267683,1.2647957,0.50214255,0.9033909,0.36000112,0.28246728,0.95867825,5.411677,1.1250851,0.18460734,1.328077,0.00088816934,2.4062595,1.8567561,0.79277736,0.39070052,0.74573624,2.1211617,0.81605643,0.0339712,0.7310894,0.32160428,0.06687271,0.13698743,0.06433331,0.0849032,0.34403017,2.0714428,1.0555825,1.1174953,1.7923173,3.042565,0.7152691,0.9120352,0.13069779,0.5928075,0.07617186,0.72020143,all_pothole_images\pothole_images_new_image_358.jpg
0.18588118,0.62053984,0.099254094,2.9368546,0.43944582,0.69472855,0.76922077,0.14398362,0.19418046,1.1967342,0.088888004,0.39654785,0.34888056,0.802547,0.12005189,0.8557132,0.16936038,0.043175783,0.65227944,0.0,0.56185615,2.696858,0.17804301,0.35304454,1.1801136,0.52853596,0.09985009,2.553653,0.42045313,0.24613667,1.0119356,0.1821836,0.5362426,0.5081374,0.61047715,0.6304511,0.3987229,1.8553292,0.33414638,1.0552298,0.03969921,0.05275154,1.051184,1.7162936,1.6371646,0.036012944,0.097379245,0.097296536,0.7705092,1.2180336,0.13602108,0.25279063,0.26268765,0.91788125,0.0010073464,1.7511847,1.5037162,0.0,0.69227445,0.07058037,0.096490525,0.6765007,0.29111156,0.39225754,1.677015,2.1451573,1.1993471,0.029398838,1.9828341,0.6530943,1.0464662,0.056192786,0.0,0.07606437,1.007123,0.19429916,0.0,0.13413884,0.3196483,0.9246387,0.00017831377,0.4234493,0.3938038,1.1090021,0.93317336,0.44219515,0.14336929,0.24934524,2.418175,0.52203715,0.30177012,1.0770991,0.015559715,0.19963849,0.79801244,0.0,1.9065436,0.34840888,0.45369726,0.51358116,0.13039604,1.720301,0.29246834,0.29365247,1.3234087,0.19326238,0.25996053,0.3945497,0.26275912,0.6827184,0.28395417,2.1504323,0.3879143,0.10587279,0.3538671,0.100340255,2.3287835,0.56793606,3.6135128,1.651237,2.3088307,0.60098165,0.1650293,1.2788061,0.62028563,0.5840434,0.16828069,1.3051435,2.0425346,0.19882907,0.5682031,0.00011792842,0.1051591,0.16889782,0.055455007,0.96645164,0.09838627,1.1774837,0.3229237,0.0,0.69551873,0.34905446,0.023739006,0.33061296,0.011417199,1.3337007,0.019039506,0.68450046,0.46970552,0.14693646,0.30991864,0.10206608,0.24092019,0.00870252,1.4545629,0.16662337,0.30421942,0.010810784,1.2861537,0.67395717,0.7224577,0.97420704,0.77943814,1.3344803,0.15109459,0.51620394,1.2796279,0.043305606,1.9966946,0.28407082,0.0571374,0.20549247,0.006027491,0.00089120516,1.040788,0.09809661,0.14622484,0.25836435,0.41148263,0.43236837,0.32074937,1.0941253,1.1852608,0.6517636,1.9087029,0.47621363,0.13278365,0.9748222,0.4260561,1.8697245,0.082620434,0.69855285,0.0,1.6087066,0.021476993,0.0049138325,0.529831,0.8425372,0.37087312,1.1049839,0.7474172,1.0454067,1.1631658,1.012536,0.7663532,0.10240343,0.57603544,0.696488,1.2931195,0.3679623,0.012043252,0.0,1.0761718,0.669634,1.2688339,3.442392,0.439779,0.16736673,0.871994,0.44444063,0.3624984,0.4693835,0.09535904,0.5538293,0.08404274,0.24364875,2.3642986,0.5543617,0.3898768,0.15474954,0.23502398,0.29604724,0.8012709,0.39982975,1.0559765,0.08613394,1.9399676,0.025842065,0.0488883,0.4475285,0.5798781,0.04408746,0.7768005,0.9896561,0.14530604,0.09146078,1.1873145,0.61495656,0.8419719,4.342961,2.5358999,0.0,0.5847101,0.04832053,0.14630874,0.08391536,1.5724596,0.18155164,0.46879268,2.9926038,0.035384312,0.026043156,0.422023,0.4204773,0.9355254,0.44292736,0.07924787,0.07693483,0.62098974,0.76949465,0.47820744,0.15845448,0.16800873,0.23109373,0.8024695,0.522883,0.32005614,0.40910143,0.00466417,0.57019323,0.91311085,0.20777558,0.0,1.6012686,1.110941,1.1026895,1.0200589,0.45608777,1.7843595,0.80841404,0.13022213,0.09999518,0.35494426,2.0480752,0.26097775,0.05072697,0.009329733,2.26333,0.36859784,0.7778919,0.016932433,0.583109,0.09804682,0.4253638,5.459557,0.9817201,0.18698813,0.6130019,0.32403842,0.10152309,0.1238291,2.2524908,3.8149345,0.71008843,0.3879583,1.5175413,0.0012956972,0.2901063,2.362053,0.49152452,1.102667,0.2525791,0.0,0.6632976,0.98193383,1.4937927,0.65568715,0.0,0.96705514,0.061543375,3.5137882,0.22412,0.8218575,0.0010042506,0.0029550188,0.04015239,1.2889864,0.8299471,0.50951666,0.1261344,0.9493928,0.045050643,1.9358516,0.5344946,0.5600149,0.0,0.72610676,0.34315675,0.4364703,0.24453129,0.6382025,0.73965997,0.29169902,0.9251701,0.15645345,0.10620726,0.22245385,1.916799,1.9114875,0.50534004,0.019037727,0.10389374,1.1791246,0.06456546,0.11775189,0.07670327,2.8438826,0.8254016,0.1306433,0.8349913,1.4270875,0.39312205,0.16292311,0.10339471,0.60224205,1.8892487,0.103912,0.4232156,0.19403969,0.45526916,0.047472082,0.0,0.8703375,1.1842531,4.240556,1.2750665,1.2126279,0.0,0.42491624,1.6711961,0.86034393,0.71292657,0.023722444,0.20824887,0.094446726,0.04005652,2.196088,0.003219796,0.69678223,0.09903318,3.8573344,0.0032943601,0.2869698,0.33243817,0.4683167,0.229938,0.04500432,0.22320226,0.15027428,0.033921074,0.30384412,0.9702274,0.19422108,0.25935373,0.030089468,0.10743011,1.3492475,0.3002256,0.9660328,0.13188718,2.264189,0.7065364,0.6999581,3.53407,1.4590139,0.06939631,0.1918763,0.9161339,0.3069926,1.4141454,0.26667115,0.6583397,0.74470544,0.3136964,0.12807935,2.7656586,0.32589853,0.2294849,0.33622327,0.83265316,0.3238571,0.38543606,0.4988383,0.9289304,1.0117445,0.14377427,1.5652126,0.16691348,0.41027233,0.047492377,1.319075,1.1885247,0.068317436,0.46351612,2.28147,2.3352177,0.71343994,0.6749672,1.1531392,1.7989019,0.9437036,0.6531433,0.5930382,0.16796775,1.4397284,0.7713286,0.18053207,0.0047515146,0.76094645,1.1155729,0.45864785,0.8155393,0.50359625,0.814781,1.7688097,0.8959483,0.2225108,1.9922287,0.19573219,0.3236541,0.2827014,4.656563,1.2512627,0.24883679,0.004358797,0.37212858,2.120758,0.28704426,0.22170754,0.07038892,1.865879,1.1465008,0.49811053,0.04291511,0.14511701,0.29681566,0.031021345,0.8001158,0.24426016,0.4188867,0.0,6.4444947,0.9815867,0.122052796,1.1075583,1.6458926,0.0059166537,1.2794608,0.9846681,1.1936796,0.04244998,0.48336592,all_pothole_images\pothole_images_new_image_359.jpg
1.0231005,0.0,0.6077962,0.06367046,0.0,0.01127912,1.193868,0.004542782,2.077039,0.1645309,0.013767837,0.24828275,0.09794916,0.25118196,0.07938993,2.1268544,0.020739924,0.45507726,1.732125,0.10580983,0.42274925,0.004954158,0.0010364061,0.0,0.27449164,0.15142186,0.32725313,0.0,0.0024114044,0.34448117,0.0024357766,0.16548881,0.015067907,0.5339461,0.0,0.40487432,0.0,0.15374286,3.451944,0.0005628704,0.13966115,0.8114614,0.011512418,0.8821225,0.8180422,0.18628433,1.7818052,0.033089373,0.18881766,0.5285515,1.353949,0.6250811,0.008504912,0.8254416,0.9071106,1.3240577,0.0,1.6352059,0.78547496,0.053677514,0.0,3.4909894,0.06721514,0.223497,0.14192276,0.03094949,3.6134481,0.36240947,0.0,0.7625667,0.66843873,0.88311446,1.292831,0.085082,0.0,0.0,0.07005042,0.38012135,0.06816298,0.0,0.0,0.11722576,1.3018814,0.22238165,0.0,1.0976409,0.12030773,0.0023360555,0.5642814,0.0,0.15115428,1.2761248,0.13558057,0.008533088,2.1069565,0.0,2.7489605,1.0609277,0.0,0.5876796,0.0,0.48130754,0.16759463,0.19363594,0.17031449,0.07669957,0.0,0.01423375,0.004886729,0.9936942,0.48098505,0.3321231,0.0075582108,0.058782425,0.0,0.14849816,0.094651185,1.4361669,3.9370089,0.41682807,0.41129714,0.09674255,0.0,1.0641743,0.13893521,2.0563087,0.019712783,0.13938662,1.3305085,0.043337286,0.006329732,0.94002205,0.0050263368,0.046406172,0.099927455,0.0031458735,1.170718,0.0,0.053620268,0.6485494,4.808881,0.38820028,0.64802074,0.04048596,0.0,0.0,0.013925321,0.5797884,0.32087988,0.9706877,0.50779927,0.23986015,0.018145755,0.14464264,0.0,0.0,0.30438972,0.0,1.3458167,0.42372882,0.87726545,1.9999115,0.09167831,0.0,2.3795347,0.0076879766,0.04367674,0.0,0.08628471,2.090383,0.03860337,0.120955884,0.0,0.566109,1.0051436,0.003652783,0.012116652,0.0,0.3473313,0.1619539,0.0,0.6815725,0.6751542,3.090448,0.009685546,0.24127166,0.014746389,0.017383033,0.03125122,0.43960246,0.0,0.14516114,0.2811128,0.009191497,0.012823244,0.019293653,2.561267,0.32693806,0.107072234,0.013681578,0.0,0.0,0.0,0.18791169,2.1684346,0.29101548,0.15598503,1.0517584,7.2873664,0.6354779,0.0,0.15855038,0.0,1.0004148,0.049675923,0.09029509,0.34365466,0.607761,0.010640581,0.5923255,0.170282,0.47434208,0.19696744,0.24454214,0.17366734,1.245692,0.049821097,0.0,2.8173668,0.0039383136,0.087896705,0.0,0.4546659,0.12800992,0.0,0.038587503,0.02576011,0.0,0.0,0.09041504,0.0,0.17262766,0.20690607,1.0920871,0.058158867,0.06034848,0.10782946,0.0,0.3138433,3.1747336,0.46816015,1.4929367,0.0,0.06897651,0.010864564,0.46126112,0.0,0.060565986,2.1156168,0.2762159,0.056898784,0.40198073,1.3425769,1.4983943,0.0,1.5899383,0.7049675,1.0773878,0.5427952,0.00915677,0.15155843,0.0,0.2115288,0.0014472207,0.006256326,0.9497693,1.1740713,0.3639853,0.9924118,0.3052321,0.10035738,0.913828,0.28770936,0.0,0.13992666,0.79324347,0.020696642,0.0,0.21373628,0.0,0.5894394,1.0605196,0.15056835,0.96813124,0.036928423,0.18511806,1.3044568,0.43822306,0.105652474,2.2105114,0.28705385,1.6314929,0.17683461,2.4345417,1.383605,0.46838874,0.2611958,3.4557781,0.38657385,0.16543649,0.0,1.1241193,4.0084662,3.0980332,0.83540404,0.3635379,0.0,1.0179162,3.7836795,0.27810085,0.9392306,0.0,1.2433681,0.07506618,0.0,0.052238718,0.32504195,0.000130415,0.29090786,0.20492472,2.138978,0.0,0.42642656,0.034305796,0.9588725,0.15495338,0.90750057,0.21218662,0.01737426,1.0226971,0.06500833,0.19916159,3.244503,1.1188972,1.0930498,0.17643772,0.030970018,0.038746078,0.6111755,0.0,0.0,1.4580935,0.088525325,1.1143252,0.17781791,0.3567525,0.91666675,1.0661254,0.6166613,0.4926066,0.075870395,0.14262602,2.1281137,0.87758726,2.1372967,0.042612813,0.6722366,0.0020928401,3.802702,0.36283836,0.37198716,0.0090865,1.3229685,0.0,0.74156934,1.0808532,0.96283555,0.0,0.0,0.01054578,0.0171809,0.14391354,2.0050755,2.5978377,0.0,0.37769908,0.39006206,0.060845416,0.23298146,0.72402036,0.19463415,0.05603703,0.0,2.0145233,0.0,0.006519124,0.0,0.13788378,2.5400543,0.9723333,0.015853414,0.0,0.13823624,0.6464897,2.7934854,0.61468464,0.103288844,0.8376214,0.0,0.2560459,0.009235933,0.40577573,4.9208727,2.2298527,1.2181357,0.053297777,0.9060876,0.0,0.34137386,0.27174664,0.03856601,0.70708734,0.08344699,1.1021603,0.0046635536,0.0,0.26112568,0.051207766,0.00035834144,0.17071564,0.6297501,0.031551853,0.19900715,0.13053533,0.36316502,1.156633,0.12763532,0.36993167,0.39433396,0.0,0.22576708,0.000651795,0.01752979,0.0,0.8596075,0.1899071,0.0,0.066576354,0.006450524,0.97316337,2.486729,0.23853298,1.5748245,0.5508504,0.035626464,0.030790841,0.08494819,0.0,1.0911964,1.8116614,0.75462323,0.080142245,0.170673,0.0,2.8016512,0.33085534,1.0388488,0.7030327,0.6780702,0.43961722,0.0,0.9280078,0.078200296,0.5186603,0.6369439,0.44511515,0.0,0.0,0.0013379179,0.0,0.19091275,1.17150985e-05,0.76521885,0.16596872,0.5948112,0.9990863,0.1081587,0.4087653,0.23750909,0.025551585,1.4242575,5.8937936,0.3190798,0.01016256,0.0,0.0,0.7630067,0.3616984,0.0,0.017115008,0.0,0.85399485,0.24068311,0.36822295,0.00569787,4.600944,0.06740593,0.0,0.87995416,0.052380055,0.030530654,1.0501052,all_pothole_images\pothole_images_new_image_36.jpg
1.5216715,1.3522207,1.0280259,1.4603477,0.8052285,3.141607,0.5630998,0.08986253,0.3028678,0.50263196,0.09186851,0.040529214,0.6443141,0.3046527,0.68634677,0.56142604,0.14608897,0.47229835,0.6368651,0.15715268,0.71474284,1.9659451,0.5843181,0.7518069,0.17698914,0.00083661836,0.0034345814,1.7581238,0.00073507737,0.2948333,2.1161108,0.44744787,1.1034313,1.0085021,0.27975622,1.4266893,0.52759594,0.39762107,0.08680067,1.1667175,1.2463017,0.13092503,0.11126895,0.67315936,0.5244621,0.014003943,0.42457974,0.004109817,0.43911007,1.8408976,0.20325333,0.32209638,0.41299826,0.73440754,0.25737315,1.5158185,0.92050254,0.06917896,0.29848012,0.00081559655,0.04101005,0.07329373,0.27231407,0.41880664,0.5193701,0.6116939,0.0,0.00373364,1.0309776,0.10637513,0.08368514,0.15592168,0.3361968,1.0250267,0.10297667,0.55547404,0.004924341,0.8632292,0.6217838,0.101536475,0.10737728,0.38080624,0.16511759,0.016906578,0.3261812,0.9506325,0.2419704,0.38752702,3.464097,0.17182261,0.76720834,0.1436434,0.025244523,0.59965,0.06604288,0.06668455,1.4247392,0.7151054,0.08255111,0.0,0.12587962,0.58387274,0.13115567,0.04970322,0.3586282,0.6720166,0.030892279,0.088200726,1.2658387,0.69117486,7.864293e-05,4.5213118,0.31816977,1.1796968,0.07314851,0.5386804,2.5440705,1.326018,0.8527416,2.1050212,2.1223347,1.4892784,0.8529869,1.860171,0.1897452,0.7431502,0.5391053,2.929366,1.2291684,0.095627405,0.09335076,0.022010015,0.096748576,0.054581087,0.59289175,0.6836106,0.0680716,1.8722382,0.06537107,0.75577193,0.49437445,0.016594755,0.2755242,0.9822151,0.13838589,1.1637056,0.112762176,1.7093439,0.39327723,0.11275917,0.9293282,0.3217891,0.38220417,0.21914452,2.4618204,0.7786083,0.24610223,0.30327043,1.6793203,0.9692734,1.4704998,0.71563417,0.06422256,4.218417,0.022681756,1.66576,0.30105567,0.031738874,2.3073823,0.19515768,0.18408686,0.0,0.008599456,0.15446517,1.6646745,0.07139048,0.4017708,0.043675914,0.0056669055,0.23711866,0.016468553,2.2173328,2.266954,0.22024386,2.690013,1.3389539,0.1539619,0.66767836,1.849908,1.5499778,0.1490335,0.6819215,0.0495581,2.640866,0.65909183,0.10357625,0.9359389,2.5845284,0.19810788,1.6177725,0.96543074,0.81778425,1.2371345,1.7464416,2.028241,0.1443649,0.6514278,0.23493044,0.21771103,0.3848992,0.005454202,0.02395449,0.65912396,0.5238948,0.11308333,1.2728719,0.29003993,0.12141232,0.8343809,0.68448544,0.04521806,0.3094305,0.14189965,0.5107879,0.042520013,0.18362473,2.6686406,0.24910416,0.052850023,0.006090365,0.47102082,0.038624175,0.109533004,1.0947244,0.42830038,0.24558881,1.9132789,0.15619802,1.0962119,0.07551319,1.3239791,0.34121397,0.10262199,0.00010304396,0.011789347,0.166479,0.13652663,0.3078125,0.41822478,3.188154,0.51303774,0.097667456,2.1402361,0.19835863,0.5371375,0.31466714,0.20318708,1.326037,0.07264728,1.157865,0.040701278,0.16823375,0.32675555,0.56816787,0.22331132,1.2763059,0.061858486,0.2973867,1.5324515,0.7309761,0.79024667,0.2512191,0.021844693,0.7802569,0.93406427,0.4421199,0.5018652,1.0511911,0.31822556,0.46120483,0.034079093,0.0,0.1153128,0.15761441,0.67185575,0.7177003,0.22956575,0.46162257,0.04344148,0.495334,0.69395053,0.15955311,0.3120157,2.2362366,0.101650394,0.03575347,0.29568416,1.6481407,1.1739832,0.11328339,0.31110457,0.6116057,0.00040809577,1.0032197,2.8000395,0.57070476,0.0,1.425697,0.01242896,0.08745743,0.4697745,1.5325961,4.057154,1.7681636,0.036765534,0.11435236,0.30907333,0.1599907,1.2648829,0.3962623,0.6332033,0.0009657438,0.0017545219,0.4665856,0.46611306,0.56374013,0.11630232,0.46270514,0.38460952,0.39964423,4.184932,0.37617812,0.023003431,0.0,0.0,0.08734049,0.19218804,0.034536712,0.2841105,0.124891065,1.0140122,0.18580453,1.5557454,0.0084487945,0.52872705,0.9430588,0.1418194,0.1648097,0.26070765,0.14728586,0.9050942,2.2531006,0.5806169,0.5708248,0.15376888,0.09906728,0.4779972,0.24408989,0.5504121,1.847048,0.01395778,0.07794451,2.2654276,0.20148195,0.09509882,1.9363316,1.7707658,0.23349819,0.0083664395,0.14137326,1.4249817,0.8221898,0.40461946,0.008685903,1.948173,0.45937952,0.24292628,1.2006375,0.13526376,0.24119078,0.04404338,0.0005586554,0.18748634,0.9533414,2.2737832,0.83429724,1.233585,0.0071156626,0.054061744,1.4941694,0.52179116,3.0120518,0.14234002,0.0,0.24940097,0.28164253,0.6889153,1.2809799,0.12644303,0.01807339,3.9215012,0.9741545,1.3765116,0.082185335,0.06262132,0.29451075,0.26397246,0.064059794,0.034018897,0.017852906,0.65151876,0.65455735,0.8109834,0.27559474,0.014589643,0.023138128,1.477023,0.10785965,0.015090209,0.12579682,0.1310014,0.4572193,0.6290174,2.0401917,1.9044888,0.16565432,0.118030906,2.171156,0.6967841,0.74306625,0.13693859,1.222431,1.0413743,0.09949462,0.4871429,5.263426,0.6427473,0.6001671,0.3779251,1.6854911,0.7956859,0.22256984,1.2399777,0.50320786,0.0637655,0.01379935,0.6650468,0.14818144,0.037122637,1.7787707,1.799853,0.8865598,0.22241555,0.7343117,1.3159568,2.0779538,2.4768815,1.3571671,2.4940743,2.0876393,0.4624392,1.6048564,2.7751915,0.17754567,0.31268153,0.41352063,0.34630328,0.0,0.84378815,2.1911473,1.5918092,0.87732786,0.25245398,0.02476869,1.1355282,0.22169533,0.8909593,2.9320714,0.3750166,0.040432874,0.15613136,6.160779,0.57738215,0.23123515,0.015276636,0.2614733,1.4357276,0.24949668,1.3615139,0.2373206,1.1103177,1.2623919,0.18410182,0.11494798,0.05305038,0.30911738,0.070963316,0.025037367,0.32464182,0.68151826,0.24002047,5.1970515,1.909978,0.27133456,0.7419952,0.13168225,0.2138566,0.23908183,0.018211668,1.3182801,0.18684159,0.015575949,all_pothole_images\pothole_images_new_image_360.jpg
1.1241056,0.3445909,0.026020775,0.9496466,1.4472662,0.63561946,0.021250963,0.09778626,1.1786201,0.26402748,0.28318352,0.014195872,0.0019799366,2.5332978,0.0,0.076073624,0.0037029765,0.29713568,1.3235307,0.1359042,0.9356923,0.14778884,0.6746769,1.3962632,1.500404,0.002526581,0.06314349,2.4307353,0.27699146,0.05790976,0.5622164,0.11668628,0.05992058,1.9768307,0.34059593,0.12981683,0.004453096,0.87782806,0.060622845,0.13884766,0.01257712,0.17683694,0.1623313,0.60850877,0.04252132,0.028198155,0.3807277,0.20133571,0.004951642,0.30570003,0.007856978,1.1029867,0.03713316,0.035032913,0.18564889,0.12945573,0.18593492,0.3302016,0.16467305,0.013172595,0.34937477,0.5662316,0.588226,0.26398733,2.2346473,0.020682812,0.87550884,0.72758913,0.22635849,0.14105783,2.0171173,0.011224975,0.0043427167,0.0,1.9751475,0.0,0.8010013,0.4045684,0.0,0.036807142,0.0063980203,0.015064801,0.47311443,0.6240125,0.2544072,0.11842984,0.4238496,0.06237922,1.1987169,0.010854316,0.57294464,0.5405895,0.0,0.5195371,0.31443194,0.4139222,1.2472317,0.77837735,0.022546597,0.72387004,0.120179735,0.6393853,0.0,0.5098254,1.4857477,0.82102036,0.0,0.045795616,0.29077867,1.8643799,0.03694728,0.083186306,0.12529267,0.5392696,0.14355847,0.0,0.2722383,0.079104654,0.42960972,0.31575623,2.269274,0.30074298,0.23074567,2.3133087,0.010716794,0.20509754,0.0,0.95035756,0.32263792,0.055578396,0.25618443,0.05173513,0.032477763,0.44411892,0.32857195,0.91043633,2.0203974,0.26577097,0.17006654,0.32951972,0.299078,0.28229997,1.0782417,0.43612778,0.024465501,0.017637318,0.0,0.029666126,0.37868243,0.06289952,0.034360483,0.007546548,0.56863964,1.0300533,0.6953696,0.28028616,0.24673554,0.3857614,0.006704909,0.8600024,1.4735049,0.61371726,0.09602297,1.8176079,0.03703212,0.0,0.50639886,0.23689789,1.0283098,3.6516302,0.0,0.17423248,0.0,0.09876647,0.0,0.5002171,0.03934117,0.1427981,0.34289387,1.0260266,0.086898305,1.1738634,0.31284812,1.605263,2.7426922,2.7151022,0.01583178,0.0,3.6502156,0.6041819,0.0,0.12601534,1.6455659,1.0667692,2.5361552,0.21726806,3.6552613,0.6342927,0.33580887,0.0,0.005462204,0.7192592,0.057107512,0.18306366,1.2238734,0.2573492,0.30781764,0.0,2.6696057,1.5546544,0.0083255265,0.11330034,0.0,0.090376735,1.0554512,0.12022027,0.8851562,0.041738503,0.6465539,0.17569385,0.27607656,0.048837222,1.046324,0.3358468,0.008345947,0.11364195,0.016465442,0.017439106,5.0838084,0.06694589,0.025647894,0.03405127,0.032380268,0.03828802,0.0,0.23664641,0.9014219,0.05265267,0.084893964,0.15148342,0.03095469,0.29051626,0.55343103,1.1312101,0.011699948,0.0,1.0547439,0.05757701,0.5279404,3.781196,0.25361976,0.6521406,0.0063349484,0.5255897,0.103235275,0.2481996,0.17510232,0.6660079,0.1078712,0.989072,1.7670757,2.0915313,0.54544187,0.043678567,0.012047832,0.5424253,0.027365781,0.54533285,0.75909346,0.099608965,0.07228404,0.011329702,1.7750503,0.335286,0.05955842,0.28165102,0.4980533,0.73691356,0.4628763,0.04958401,0.106090546,0.16677146,2.421802,0.34820038,0.20160294,1.2271655,1.4137285,0.0,0.023687124,0.0,0.01157096,1.0252374,0.16524766,0.13070825,0.7402997,0.13612653,1.4335068,0.116344236,0.056632634,3.6111176,1.0887177,1.4394684,0.0,0.27662468,1.893919,0.0008685743,1.7492809,1.618589,0.1043447,0.5995069,0.17280573,0.20482378,2.4921644,1.4359207,0.34977153,0.050476808,0.08365539,0.46305698,2.5107162,0.06661808,1.5353868,0.6144333,1.068119,0.115899086,0.25406727,0.78428,0.28240862,0.0,0.081424884,0.3923798,2.3371668,0.415927,0.00048485884,0.021381738,0.24700944,0.0025628957,0.56475675,0.0985168,1.3721626,0.38235396,0.17845693,0.21303272,3.4913878,1.0315622,0.19200258,0.0019147048,0.0,0.67147166,0.7559998,0.053042956,0.102343984,0.62285596,0.0,1.1159475,0.1658424,0.23527075,0.010649103,0.6142068,0.26157647,1.0866445,1.887702,0.7218058,0.18766735,0.01930793,0.009964793,0.045739524,1.3038775,0.012352574,0.6584546,0.2911975,0.027443599,0.36322394,0.73025167,1.9428083,0.23050754,0.7297371,0.2921601,1.6401165,0.0,0.9925375,0.57891136,0.0,0.0050610607,0.619777,0.37838173,0.24639004,1.2113785,0.038237564,0.48079383,0.48513445,0.17281567,0.17432162,0.046584018,1.6844118,0.0,0.6734459,0.8905355,0.2909875,1.2221949,0.0,0.2716833,0.5071752,0.42546684,0.010786802,0.8429391,0.052907594,1.0369974,0.19259138,0.36416492,0.44480023,0.06827305,0.101261966,0.8852086,0.017505279,0.046011757,0.32634023,0.47682777,0.028860046,0.1902911,0.75226545,0.1260308,0.97541857,0.086447686,1.0324161,0.7630474,0.028888103,3.0391183,0.0053383713,0.1813155,0.19128917,0.08463891,1.0597169,0.3085971,0.72416663,0.07759075,0.6478081,0.91584754,1.4670273,0.00020523397,0.0,1.2798593,0.0010773068,0.0,0.0,0.0,0.0,0.025978731,0.039543565,0.49307173,2.453217,2.579459,0.5762147,0.56078196,0.07264711,0.035319176,0.574175,0.11607033,0.09961413,0.6610097,0.38091564,1.0732245,0.25307155,0.007259803,0.1471211,0.21043418,0.57721305,1.649084,0.06262185,0.053532504,0.15019397,0.20519704,0.9878966,0.04129231,0.012394412,0.011995913,0.48615417,0.0,0.73462343,0.62544584,0.0,1.3481066,0.4899259,0.006549384,0.2036212,0.07538876,0.59957,0.19327183,0.015212424,1.4786532,0.0,1.0159552,0.7867908,0.0,0.07446902,0.0007212606,0.0054287156,0.23460244,0.04331328,0.00296978,0.032558672,0.024729637,1.7513868,0.71115416,0.30950963,1.2627158,2.7023835,0.24114113,0.05814645,0.12785192,0.8062785,1.2136239,0.29508448,all_pothole_images\pothole_images_new_image_361.jpg
1.66503,1.8302294,0.16881774,1.4872335,0.26420194,0.082516015,0.08380063,0.0,0.031243438,0.09202465,0.37156436,0.5436414,0.29369646,0.9178131,0.0,0.1320002,0.086390354,0.6415355,0.2748783,0.62292004,0.18798287,1.4274578,0.8770473,0.9706159,0.3221755,0.015648426,0.6938441,0.08058284,0.008401457,0.5311864,1.2589905,0.0010961707,0.37421373,0.7629052,1.266962,0.002008969,0.32928732,0.61114734,0.0074098194,0.21728407,0.0292128,0.19015686,0.19160366,0.37223223,0.9999858,0.050879795,0.07337784,0.05411214,0.0,0.659237,0.7355566,0.100379825,0.3431598,0.048547477,0.087981865,0.26771095,1.0104548,0.39796492,0.39812192,0.118663296,0.0,0.052415125,0.10028366,1.0381677,1.0842973,0.7121617,1.2327058,0.2622494,1.4919978,0.83906,1.2067821,0.90469044,0.5407433,0.11132388,0.27667955,0.23732263,0.17631608,0.07867352,0.00016862279,0.18625262,0.0017697838,0.5646496,0.1958097,1.2396448,1.07467,1.0849998,0.109870814,0.23441894,1.4447653,0.6270169,0.16015002,0.0042810445,0.019963704,1.0864493,0.0,0.42972162,0.7714736,0.58004975,0.08236605,0.092389874,0.8412081,0.9748745,0.39538968,0.0,0.20107387,1.0608755,0.095067725,0.49012256,0.11768685,0.7270425,0.24201739,0.060113527,0.9659384,0.6316119,0.3443033,0.18336815,1.6853395,0.003120994,1.5380633,0.82341695,1.8878001,0.37884447,0.36092198,0.25862643,0.7925561,1.1115745,0.20669913,0.4632859,0.3570538,0.9280358,1.0348604,0.022704827,0.42702612,0.12938829,0.16044614,1.8327821,0.03400176,0.45244667,0.5064738,0.045640998,0.7557124,2.2668843,0.7933452,0.81071407,0.18844621,0.94132143,0.0047125835,0.62485236,0.0869692,0.5402,0.27604,1.2669382,0.33402473,0.045834307,1.7330059,0.055381704,1.4204352,0.47035345,0.6742989,0.06555615,2.7463272,0.993407,0.0,0.9383001,0.13644986,0.03949182,1.1618973,0.09591274,0.6800341,1.5732472,0.6795192,0.0156524,0.00669923,0.0,0.9414022,0.19141014,0.12723893,0.0,0.25462466,0.0,0.026256463,0.53978485,0.7673694,1.0951256,2.9257262,0.43192145,0.0028220683,0.0,1.1163031,0.6430389,0.095209315,1.673292,0.35636356,1.9049027,0.15048487,0.19992755,0.39992365,0.43175194,0.18026154,0.41318536,0.068362884,0.6063273,0.1446166,1.1790478,1.0571725,1.3849121,1.0115725,0.21269321,3.6013227,0.18359861,0.0,0.51682216,0.13218454,0.06782432,0.72490066,0.20568594,0.903198,0.13843405,0.1151093,0.070465304,0.056498088,2.1276693,0.35285395,0.6040025,0.070500486,0.3566337,0.5673384,0.29954094,2.642322,0.009130489,0.113437064,0.14450037,1.1391537,0.49639723,1.206208,0.0050336192,0.92248976,0.04662765,0.40511766,1.2628124,0.57214993,0.00024596282,0.17023043,0.4735922,0.10825387,0.106244564,0.42210472,0.082424685,0.23442656,4.3400264,0.025009636,0.29609305,0.2625061,0.08091692,0.16811436,0.2759303,0.94782,0.0,0.173981,0.6651292,0.23094545,0.34502468,0.054052852,0.3471108,0.6590496,1.0683204,0.44254488,1.4050015,1.3097674,0.17426331,0.05693675,0.23503816,0.07628048,0.22285393,0.28848916,0.58057076,0.7561077,0.63673514,0.24837235,0.3887875,0.2927714,0.09653815,1.5016072,0.26077446,0.15359446,0.1839439,0.06864027,0.009818174,0.033748675,0.5640085,0.3790276,0.18846075,0.01659643,1.0958177,0.23450734,0.3023604,1.1617332,0.34722778,0.15091035,1.1961179,0.5982628,0.40202034,0.013559243,0.08543285,5.0386715,0.61851233,0.012132289,0.57911104,0.15288232,0.07824912,0.003056717,0.16916952,4.3736496,1.4621518,0.29170486,0.38743708,0.02571479,1.0251514,1.8816859,0.10374145,2.0385282,0.036946222,0.80617225,0.09629154,0.008969477,0.11184902,1.9131033,0.4349541,0.9251822,0.09562318,5.2014656,0.15221737,0.83414865,0.0,0.2011281,0.0094769085,0.37263262,0.052622654,0.41633248,0.072636805,0.042219207,0.51582044,1.5320634,0.27066308,0.084527306,0.7043555,0.28384274,0.1273803,0.15417625,0.12206322,0.06115319,1.1902813,0.027276583,0.08510629,0.10209837,0.59264416,0.003076517,1.8229724,0.05136504,1.2369558,0.85089517,0.1498589,0.07588521,0.11760127,0.066847704,0.57366735,0.7026747,0.3302082,0.5992748,0.5709565,1.1906359,0.9232319,0.27895626,0.27158475,1.1841327,0.30501872,0.37924308,0.33950377,0.3573019,1.5175602,0.011027016,0.5862116,0.08727894,0.3200589,2.1353395,0.90284663,1.4098576,0.012021283,0.16123845,0.4096473,0.055277705,1.9639298,0.44170436,0.07656611,0.0,0.24140646,0.5223794,1.4010931,0.18547192,0.88779616,2.153526,1.1339601,0.30327934,0.21976696,0.43886954,0.03284739,0.6015679,0.6098511,0.023947254,0.17745946,0.39640123,0.4974158,0.028375333,0.43884677,0.009423154,0.053055625,0.81796354,0.093528114,0.0,0.028736861,0.29473945,0.20396014,1.7239121,1.1146542,0.54163724,1.265719,2.2186308,0.3468417,0.6532484,0.9994363,0.9171235,0.20259562,0.15300804,1.017027,0.15583292,2.7524874,1.0960494,0.15237324,0.1978254,1.0989796,0.09301393,0.53797513,0.12501645,0.5913427,0.19663636,0.066717684,1.3547903,0.28237158,0.61576,2.0212238,2.2051897,0.62611085,1.4525342,1.0543344,0.21904373,0.3464117,0.1654786,0.25925165,0.19798388,1.7639868,2.5303524,0.24588051,0.24583991,0.2902057,0.69023883,0.022623662,0.003185619,0.0,0.15068044,0.9660391,0.6040976,0.025020966,0.85948896,0.4224071,0.5732405,0.018606586,0.061970852,1.102963,0.10108865,0.62199956,0.11478192,1.9628603,1.3470415,0.2578863,0.034789167,0.0838973,0.052331954,0.22142953,0.28321883,0.09988429,0.12954146,0.7935277,0.1467013,0.1900443,0.058287717,0.0,0.42765504,0.16254161,0.0,0.0,0.1401495,4.789395,0.5618773,0.0,0.2924654,1.5947567,0.766083,0.044697523,0.4592536,0.795027,0.40797374,0.5563878,all_pothole_images\pothole_images_new_image_362.jpg
0.9153494,0.52085876,0.32281053,1.7202466,1.159707,0.5032815,0.07943291,0.5452982,0.77480346,1.4516298,0.19854711,0.08574754,0.14415024,0.7573869,1.0867956,1.1595808,0.3401102,0.9185975,0.4676632,1.4917073,0.5577681,3.1196923,0.05071527,0.17819376,0.5072991,0.8476969,1.0253606,0.42025572,0.5616056,0.016256815,0.870399,1.6656861,0.20022888,1.2363217,0.04316013,0.08125469,1.0519485,0.5913571,0.77104497,2.1507223,0.0097771445,0.61413944,2.5405114,2.7165775,2.0059986,0.15224274,0.30634728,0.0,1.4681768,1.2877151,0.43890077,0.5852302,0.5648764,2.118183,2.343642,0.2948932,1.0883635,0.09338625,0.8511965,2.3881855,0.4976677,1.3728681,0.4901664,0.20129667,0.4399,1.7097498,0.5518433,0.6827126,0.5594689,1.3010178,0.8375482,1.9377702,0.18839641,0.37325224,0.7880904,0.45486072,0.8229809,0.099774785,0.8743116,0.6548089,1.1078981,0.88852656,0.33425876,0.06416877,0.04607786,1.7067347,0.84286994,0.09582928,0.6124552,0.4474686,0.88684165,1.144755,2.0244355,0.9915755,1.2951651,0.23220323,1.8948171,1.4057003,0.64025587,0.64657056,0.009183339,2.0958095,1.602748,2.2644777,0.18438452,1.2791198,0.2578374,0.45812598,1.5391489,0.9948268,0.4273719,1.4076363,0.4011668,0.19663522,0.4015675,0.5529613,1.4665868,0.5333759,2.664127,1.6856945,0.32265052,0.9597347,0.47344697,1.3775276,1.8921269,0.18674189,0.4226518,0.6246337,2.6173007,0.8049327,0.90706414,0.24808758,0.85037297,0.5312839,1.0236883,0.6736215,0.20404625,0.7459167,0.0898962,1.1870344,0.05130249,0.13799143,0.9975536,0.3073761,1.3520751,0.5133918,1.0275729,1.0261067,0.23694053,2.1229231,0.13957614,0.21011534,0.17171015,0.27585748,2.258286,0.022129323,0.3846587,0.37096086,0.07478638,0.16640946,1.0868367,1.6729798,0.59217435,0.605873,0.4433472,0.43433985,2.6400516,0.5530129,0.42447373,0.064297214,0.9817302,0.7565675,0.15465595,0.08480445,0.9036199,0.53787726,0.0,0.08701122,3.0010998,0.9875117,0.3794187,0.6586734,1.93396,0.82007724,0.27729252,0.2991628,0.36612746,0.64645284,1.6112534,0.93915564,0.70698476,0.5540425,1.7165034,2.1480203,0.61205393,1.8832774,0.46206564,1.2053627,0.20735483,0.18458743,0.12031877,2.005484,0.3797095,1.7286677,0.41172284,0.862099,0.6968044,0.6561407,1.2062197,0.09692761,1.2584387,0.057468098,0.61918354,0.9068571,0.6756115,1.8914994,2.1857057,0.2520417,0.96234924,1.1014609,0.87313515,0.7781236,0.89037895,1.1873486,1.7487472,2.0691087,0.9491517,0.24359232,0.6345483,0.16012068,0.8196649,0.71685135,0.33840114,0.9613973,0.47112212,0.26620147,0.8549121,2.4714506,0.24515077,1.2132751,0.25965288,0.22317018,1.5970231,0.6817959,0.11209943,1.0915504,0.41783923,0.34532845,0.93692046,0.2368902,0.8966563,0.6414647,1.579282,0.07821791,0.6444791,0.83622414,0.5460094,0.45700237,1.1818035,0.6135248,0.43487564,0.0017316778,3.0244505,0.084611274,0.0267721,0.8729365,0.68821687,2.3940995,0.6817854,0.0,0.43931434,0.19330491,0.37075263,1.4836127,0.35762036,1.1920607,0.10907267,1.0549186,0.017207634,0.007738581,0.08305667,0.25828117,0.6152945,0.18780158,0.47454655,0.089458674,0.3420059,1.8384985,0.39139232,0.8140054,1.3730963,1.3615601,0.6267596,0.11404874,1.746516,0.12373169,1.4888313,0.61792415,0.06413749,0.7666967,0.56241226,1.1583052,1.0021275,1.7525697,4.256224,0.78058547,1.1362296,0.32626158,0.44629395,0.45441067,0.9299371,0.3444644,2.4893043,0.19189353,2.0492477,1.3485463,0.34948888,0.17840068,1.4359472,0.93240803,1.9702013,1.9317966,1.912665,0.22255917,0.6927996,1.6362417,0.9012801,0.42102742,1.1060344,0.87189066,1.3447524,0.0,2.9778311,0.37282485,3.2638876,1.403825,1.539987,1.6488354,0.64853454,2.9141421,0.35049316,0.51278484,0.9359305,0.91774404,1.9622681,0.81791776,0.51011187,0.10178192,0.056750074,0.15522744,0.17488971,0.39495355,1.665644,2.001035,0.40524516,1.1701133,0.042680897,0.35130608,0.13787417,1.1189059,0.37389147,0.33977452,0.0029948903,2.6371534,2.053009,0.7571328,0.25235686,0.5398573,2.2990983,0.5450649,1.8582126,0.6729906,0.24522436,0.121961355,0.44535628,0.08395536,1.021321,0.62816036,0.7350327,0.07465332,0.12112835,0.31459087,0.79054755,2.77606,1.3801621,2.0319843,0.86943954,0.011139619,0.84127325,3.0366652,0.6289387,0.7171299,5.133202,0.20560761,0.2627375,0.27417055,1.1574483,1.4278845,2.499185,0.12149533,2.0394382,1.0480865,0.012786672,0.52077776,0.8972056,0.84339714,1.1788746,0.18361512,0.1951092,0.5288211,0.1999922,2.539384,1.3826615,0.696593,0.4555835,0.4949064,0.7822511,0.35819295,0.07782667,3.1725376,0.8456078,0.9764761,3.2103987,2.4037328,0.86368716,0.200337,0.66739994,0.089781195,0.4705545,0.4999221,0.22426671,0.5002099,1.8438777,0.39156556,0.9236243,2.4204028,1.3265656,0.4842274,0.6617539,0.2459986,0.019645989,1.326902,0.82387793,0.6295057,0.74644405,0.20062119,2.2860117,0.8178164,1.1133755,0.468147,0.93135613,2.1237683,2.5263784,4.040303,0.8854379,0.54830587,0.032264397,1.0104586,0.40317106,2.326774,2.5214262,0.11129147,0.014216337,0.31465536,2.1866956,2.0703142,0.78341603,1.3537214,0.062612884,1.632857,1.1975945,1.4396542,1.194402,1.7318591,1.5607971,0.79492503,0.23952192,0.92837244,0.31266186,0.53144836,0.8248544,4.1936746,1.2640738,0.7203659,1.397021,0.099107884,1.6856259,1.7751981,0.58655113,1.2949765,2.569046,1.4002001,1.3671297,0.3603895,0.07049898,0.12963837,0.3332185,1.2665448,0.23353305,0.20347486,0.030742677,0.613844,2.334978,1.1792327,0.9998482,0.8673663,0.14808218,0.2531573,2.9637587,0.5097126,0.8157369,0.781511,all_pothole_images\pothole_images_new_image_363.jpg
0.68486184,2.1059742,0.5480335,2.2941458,2.0519373,0.9392204,0.2021664,0.000115789924,0.37794343,0.59547055,0.3995334,0.38546193,0.38431808,0.5975427,0.6621352,0.5446646,0.040571395,0.0,0.2139059,0.7407568,1.2634941,1.225061,0.796222,1.130273,1.701,0.8208329,1.1845499,1.7611308,0.22416769,0.3248215,0.8233432,0.35677332,1.5295331,0.5871208,0.7830544,0.9181957,1.3165982,2.144501,0.09693856,0.5810377,0.078728065,0.15623435,0.26622483,2.8381267,0.92932034,0.069732904,0.03822985,0.41612488,0.2802119,0.7941073,0.3437466,1.4787319,0.849394,0.7017685,0.5192225,1.2184335,2.3260176,0.04954139,0.514242,0.33081082,0.03401534,0.28000093,1.4968364,0.47714937,0.14134529,0.90099543,0.5442546,0.80137366,0.69670916,0.4731279,1.1952147,0.47158495,0.3519074,0.57554203,0.28891557,1.8800051,0.4996814,0.526928,0.012795757,0.8078757,1.4538554,0.0679165,0.09263135,0.78503644,1.4339998,0.11261889,0.4350379,0.02460627,5.354702,0.12547371,0.44073296,0.10251528,0.26970077,1.2394696,0.47997588,0.29492447,0.34618634,1.9887125,0.94984865,0.6108847,0.0024535884,2.4927764,0.56940335,0.5503665,0.42067903,0.14340308,0.5153534,0.04288909,0.06403315,0.45366186,0.18708842,1.6542597,0.48919132,1.3814366,0.56716543,1.3455627,1.757037,0.032128528,1.6251078,0.8643681,2.19145,1.080274,0.117849134,1.4427364,0.801852,1.329928,0.08025858,0.9189871,0.54835063,0.51927704,1.5295235,0.06305333,0.99682236,0.5241862,0.314217,0.7573092,0.2727449,0.47038963,1.0069822,0.16813628,0.41602993,0.090847306,0.039158344,0.8304869,1.3153042,1.2740217,0.99769115,0.535373,0.057030026,1.2024497,0.5837144,0.8750036,0.11618984,0.022126935,0.9618289,0.6948653,1.1311996,0.24300954,1.6681216,0.82675207,0.79683936,0.534266,0.08883741,2.239309,0.0827449,0.42760563,0.5927572,0.45486417,0.6013305,0.37352204,1.188662,0.931497,0.52961916,0.9360512,0.9565471,0.083482884,1.5432404,0.20799926,0.14465524,0.31436977,0.36746177,2.1045592,3.3010235,2.752305,1.2762134,0.70761293,0.8645546,0.41927585,1.6664678,0.22976895,1.3099592,0.52889824,0.24449772,1.568179,0.40670344,0.83404416,0.351344,0.0053530335,0.17473577,0.83125865,0.53822047,0.3341853,0.44949824,0.57072556,1.855714,0.77253145,0.024606619,0.55007535,1.0772514,0.0,0.32267368,1.0851034,1.1186355,1.3247167,1.2388561,0.6142723,0.33851412,0.012611712,1.6395209,0.00084589724,2.436058,0.10353206,0.38153,0.0034628536,0.20453179,1.1401261,0.25731346,0.2927084,0.76925147,0.70736974,0.15576422,1.0325344,0.4714196,0.04187503,0.39315376,0.22373118,1.4802073,0.5087167,0.1206084,0.06292619,0.25070176,0.0,0.05380539,0.10310949,0.06264906,0.36089772,0.18157955,0.0064981566,0.27439865,2.3128808,0.7553915,0.3777408,0.7541199,0.76528305,1.2110837,0.18003428,1.121533,0.06606075,0.32470587,1.9545244,0.7528386,2.074718,1.0162451,0.26687664,0.60168314,0.230196,0.0,0.27581385,1.5806676,0.08705075,0.44135377,0.22137445,0.61603135,0.2315415,0.311116,1.2037874,0.517852,0.1465066,0.20403215,0.4941605,0.0,0.1380775,0.42267537,0.077605,2.2685325,0.2494738,1.9894181,1.4201317,0.69928646,0.016847348,0.40153515,0.86201525,0.073026046,0.7290698,0.61796284,0.8061946,0.35684952,0.001710322,0.20546271,0.51536864,0.23306999,0.6897683,0.02223688,0.7356578,6.2237782,1.0017564,0.0,0.5414954,0.48985818,1.1562684,0.054676183,0.36842766,3.1089869,1.0219969,0.1502607,0.9234834,0.9308934,0.74277675,0.80502754,0.0145615,0.10822013,1.1626663,0.23766334,0.06583544,0.71483535,0.9002687,1.5082743,1.5980464,0.5575363,0.98445874,1.6197379,0.6838507,0.16209133,0.06964998,0.48084533,1.4264146,1.6106635,0.9093033,0.39826506,0.57821643,1.3599782,1.6550125,2.3077686,0.24737781,0.8789626,0.0012725034,0.19495198,0.27445412,0.50140536,0.62500113,0.52871835,1.0255069,0.6559739,0.5320765,0.84435576,0.0,0.40831077,0.48401165,0.27503553,0.7174785,0.11407122,0.052681953,0.14306876,1.792686,0.21452504,0.22119789,0.26292804,0.31931603,0.16732115,0.39020273,0.5856966,0.6750845,0.36022624,0.3174242,1.4922862,0.9895191,0.049786597,0.045918133,0.12283459,0.41425034,0.1595664,0.030410212,0.4984606,0.9050629,2.759645,1.9525093,3.0698023,1.4879218,0.9604813,1.0524474,1.4340622,0.0,0.26441696,0.05647444,0.025291888,0.044757493,0.6291715,0.29595968,0.6916392,0.38658604,0.68045586,1.3225385,0.0,0.66183203,0.4100801,0.17123921,0.20713039,0.50287026,0.41478798,1.4069556,1.4694788,0.33174554,0.40274113,0.85548234,0.00033549196,0.6137848,0.42806613,1.4392569,0.34825978,0.052930817,2.426478,0.41439962,1.387989,2.183785,1.8959528,0.5174286,1.0766757,2.0586576,0.11433154,0.5880387,1.4292922,0.19183235,0.7593826,0.47297275,0.41758105,4.047822,1.2198886,0.36572093,0.07446551,0.6102461,1.4501263,0.12712693,0.063469276,0.2866535,0.010563916,1.0679907,3.238643,0.91083294,0.70605516,1.5087713,1.2028732,0.7047516,0.952015,0.11451429,0.08249264,0.7988694,1.0469197,0.2635671,0.2162175,0.8750057,1.2438191,0.15723845,0.7732163,0.48412785,0.78235435,0.48058537,0.4531057,0.08233331,0.4213177,1.1071908,1.1760365,0.0846442,0.28449562,0.35215598,0.31450462,0.55199987,0.35085288,0.5114706,1.102746,0.3834053,0.3636593,3.4288044,0.23286489,0.47919285,0.015505692,0.035969526,0.81989974,0.6083353,0.03305232,0.24100453,0.32329348,2.7508912,0.0043516564,0.08422649,0.0,0.08574507,0.2274432,0.0,0.09672032,0.0,0.529503,2.9390569,0.29072747,0.9054609,2.1223378,0.37636378,0.116114534,1.3218763,1.013373,0.71117,0.62707156,0.26179764,all_pothole_images\pothole_images_new_image_364.jpg
2.2553532,0.95372444,0.34625924,0.09987313,0.043526,0.73851556,0.5272556,0.7182506,0.44781002,0.11017352,0.29984593,0.09880641,0.13011134,0.0041847047,0.6478944,0.52683777,0.08789362,0.12614392,1.7860587,0.1973696,0.67603666,3.104004,0.67879003,1.1317425,0.4060904,1.2061515,0.0026965074,3.9003525,0.1928659,0.12193969,0.48394096,0.39476296,0.4423298,1.1842072,0.4886437,0.022614328,0.0,0.88067126,0.47130737,1.9810221,0.084316105,0.3592687,0.04703379,0.10414258,0.027545555,0.75308746,1.170769,0.0,0.3202903,0.5416359,0.23454714,0.65317005,1.8491646,0.5996654,0.29552093,0.061297733,0.3672136,0.058587376,0.076153815,0.59631073,0.2236927,0.37163067,2.8007755,0.21691634,0.8700022,2.502355,0.64944255,0.45471883,1.5391133,0.00073212397,0.16836162,0.2419953,0.14698644,0.46672034,0.1797967,0.8052885,0.21941337,0.85471857,0.09251366,0.07826053,0.03491061,0.15050599,0.329643,0.9678201,0.51395607,0.6827823,0.56326765,0.26729226,3.2735534,0.4679198,0.3111249,0.34548935,0.0,0.3687982,0.20622918,0.04381085,1.2142357,1.1543502,0.32064605,1.3995534,0.0081225075,0.008963606,0.67964405,0.45755836,0.8727996,0.6780256,0.07098717,1.3211201,0.7464989,1.1740783,0.86755615,2.2643993,0.902824,0.63928837,0.063762896,1.4385108,1.4450002,0.8583252,0.009477699,0.61241263,3.0542054,0.25833324,0.70565325,0.6411293,0.7128006,0.15885384,0.3940134,0.8454756,0.67259854,0.13705596,0.22224057,0.80760837,0.3566825,0.48298988,0.15253177,0.08375795,0.02751709,1.3860312,0.05717046,0.25865188,0.27069914,0.98442245,0.0025999704,0.3711852,0.36127535,0.07609557,0.25851116,0.7155568,0.35893086,1.5636938,0.24469286,0.08623274,0.45129207,1.3653765,1.946967,0.13822731,0.06648681,0.36062688,0.076595604,0.22737996,0.8890485,0.21439967,0.009064002,0.5909194,0.64627343,0.4722396,0.37081325,0.29950255,1.0756334,0.048717227,0.7966075,0.21319221,0.42891428,0.074741565,0.3181198,0.013356595,0.7961345,0.26356563,0.7408567,1.6157899,1.0100778,0.45779487,1.8385248,0.74042964,2.364456,0.749126,0.19307975,1.0383645,0.094191976,0.4581719,0.0,1.2350122,0.30933264,2.6952183,0.076760866,0.2507422,0.3516456,0.68926567,0.14609788,1.1277211,0.16962563,0.73742,2.2364006,0.8519639,1.0713089,1.8849636,0.60281414,0.08400362,0.122186355,1.7111536,0.23982999,0.91830987,1.3024393,0.6445047,0.14159793,0.49337402,0.39751208,0.79691136,0.89469516,0.37303978,0.041075595,0.76383895,0.15895337,0.6666861,0.24565221,0.14043939,2.8014414,0.5694585,0.17102234,0.0062413015,0.29806656,2.1558368,0.23929131,1.1866099,0.69246066,0.711023,1.3418702,0.13522072,0.12316453,0.26868072,0.24297479,0.26072264,0.39184213,0.073102795,0.42523834,0.030984284,1.3053827,0.61754584,0.6358935,0.32149863,6.1896896,0.014558832,0.32662493,0.15757681,0.5606001,0.13391307,0.15930499,0.9533836,1.0708017,0.34682617,0.0884204,0.20379506,0.5206375,0.56276435,0.3517479,3.1195633,0.29774868,0.627844,0.6966943,1.5763519,0.36416325,0.007203063,0.28230357,2.486501,1.6765523,0.3798705,1.6422828,1.1702279,0.5113638,0.48673862,0.06452931,0.9623658,0.0011155772,1.7171869,0.16153412,0.42131156,0.5748447,0.31278604,0.15077198,0.11504876,0.55285645,0.29239285,0.45483655,0.72882795,0.34607938,0.8196959,1.4693537,2.0943851,0.8117255,0.69076264,0.0025837491,0.3347027,0.075755894,0.9257602,0.19891223,0.06150887,0.8636267,1.6581273,0.64432585,0.20427077,0.5920887,2.0432465,1.6788709,0.6085674,0.16250362,0.22672103,0.28146684,1.2090037,0.83822435,0.47811723,1.0006899,1.3649192,0.26578045,0.07111896,0.028079854,1.823496,0.017659754,0.0013724188,1.0487721,1.8632722,3.061217,0.68768144,0.69982797,0.038537636,0.5093391,0.16792138,0.40094218,1.0370069,1.1955055,0.27312666,0.72181755,1.4953156,1.2737092,0.031584285,0.20392923,0.04455648,1.0779668,1.0359392,0.05620643,0.37286988,0.060714487,2.139439,0.2152626,0.43490848,1.1214834,0.029193817,0.3666635,0.14189526,0.24026133,0.20236279,0.18839511,0.3179753,1.9882247,0.18567184,0.1868521,1.2956547,1.3826103,0.97001785,0.013703391,0.5643407,2.6492732,0.94001555,1.2965654,0.12595859,0.91624516,0.6020884,0.8953205,1.391808,0.44633743,0.44956517,0.64099777,0.088654436,0.88626283,0.6898716,4.4368005,0.8513648,0.25166604,0.081837416,0.07349933,3.2174442,0.5206386,2.6339574,0.20539287,1.0057253,0.3589033,1.7259473,0.72854316,0.61435676,0.9574162,0.0042714225,4.525869,0.2292475,0.8031311,0.3763412,0.04087351,0.18787366,0.13282298,0.0015585825,0.09509358,0.91926223,0.0008020082,0.27926585,2.0048707,0.3922868,0.39947757,2.3089268,0.9578055,0.20927176,1.8706241,0.18272388,0.23503307,0.39756396,0.049572524,1.0037249,0.7096082,0.0498045,2.1422498,1.4650518,1.5286012,1.3806677,0.21971445,0.40368685,0.03460607,0.99785006,0.8659902,5.034219,1.0963818,0.25086853,0.7412379,0.12952143,0.950427,0.65974194,0.2045743,0.9894781,0.5121156,0.0032492024,1.1880707,0.88030964,0.6123874,0.8541731,0.38059697,0.9055599,1.5751408,0.7368908,1.5551621,2.1242862,1.9008673,0.699485,0.21649468,1.2937806,0.06345277,2.1276214,0.0037809373,0.049335938,0.37107673,1.719509,0.87551457,0.15240535,0.57517916,1.062725,3.0429933,0.30162206,0.07942317,0.2797282,0.8367279,0.46674937,0.83839595,0.5375878,1.1694175,0.020934392,3.1133883,3.6410117,0.18699312,0.49976608,0.0,1.5486182,1.8715241,0.47663465,1.77788,0.042734496,0.1461111,1.2523335,0.032888256,0.10128728,1.5019375,0.29044628,0.064770095,0.21297607,0.63468516,0.19879802,0.3421595,2.3887093,0.9638625,0.6801089,0.58069277,0.771315,0.011487238,1.5483719,0.4432685,1.8554649,1.3820624,0.23407485,all_pothole_images\pothole_images_new_image_365.jpg
1.4581454,2.0614974,0.51267886,1.4889858,1.8911463,0.4233244,1.0737658,0.45884773,0.1686223,0.22613513,1.1478521,0.9438183,0.04906897,2.6058552,1.4923576,0.43087673,0.5679149,0.7145426,2.23418,0.6741333,1.8080469,1.0856752,1.306423,1.0610961,2.1168716,0.3605073,0.5184606,0.99943584,0.39245299,0.1342583,1.2254227,0.19774649,0.5515737,0.61378413,0.13656564,2.5847163,0.3136969,4.2056465,0.8162676,0.51933247,0.77086204,0.2708011,0.40023988,0.7779662,0.20970367,0.9050566,0.11612201,0.9165332,0.42340133,0.111018136,0.41314977,2.909019,1.0277666,1.0532429,0.06854883,0.8334759,0.27659637,0.28797093,1.8169186,0.017630963,0.44002283,1.2540275,0.39133453,0.6030674,0.6751572,0.9912936,0.62598646,0.5271579,0.43723089,0.6824722,0.7507844,0.020096032,0.45087355,0.6065844,0.10579831,1.5883214,0.8189908,1.2268921,0.0,0.12493577,1.236113,0.15240303,0.5222178,1.003117,1.6822357,0.29812557,0.8023132,0.3178375,2.3398407,0.72891504,0.1341334,0.31299862,0.46026865,0.7945475,0.33302274,0.5548694,2.5738494,0.7898573,0.68873024,2.189346,0.08061609,2.3759017,0.97609276,1.3005413,0.5250438,0.011953093,0.7236337,0.90237767,0.033916492,0.8390646,0.27104202,1.297881,1.6352472,0.76163054,1.9944323,1.2746981,0.5492766,0.8170011,0.64019233,0.5497461,1.1565905,0.9647792,0.19070838,3.39917,1.6078112,0.12173383,0.5971495,0.3423803,0.05178897,0.9254143,1.0405082,0.3288354,0.6005616,0.7676804,0.46248516,1.9830441,0.5732616,0.95308226,2.3297648,0.37487575,0.9916157,0.916294,1.0177106,2.1250603,0.36681902,0.6750899,0.8518273,0.80409783,0.8259047,0.079700164,1.5798165,0.01505145,0.0,1.4633873,1.3302187,0.5215024,1.2036326,0.26596296,1.6229392,1.1534278,1.6184268,5.644747,0.33845946,0.83866537,0.52118236,0.7882253,0.8759857,1.2533426,1.7398567,1.2067746,0.6434079,0.36763793,1.5100515,0.6264166,0.50369185,0.45595464,0.9650149,0.55256146,0.19177368,0.05360071,0.33902004,0.34055343,0.23568313,3.1943066,0.46679807,0.97543323,0.40366736,0.82644,1.6662077,0.904303,1.8001232,0.5094334,0.011433207,0.2770476,1.0464959,0.394727,1.361294,0.47669023,1.5426513,0.8419002,0.17725623,2.1119409,0.5655383,0.0,0.15357296,0.3481035,0.76426744,0.07980811,1.7971244,0.3526701,0.15207297,0.34757885,0.80353534,0.65228194,1.7897633,1.0159702,1.1849241,0.033184215,0.3757478,0.48670527,2.0052128,0.062224075,0.77039707,0.23090003,0.14223379,0.25749233,0.48726633,0.6588449,0.5522415,0.7713692,0.33705255,0.727606,0.4877479,0.9591362,0.41221866,0.2917354,1.3560507,0.16149753,0.5017683,0.3541977,1.547571,0.5312645,0.23844254,0.054133844,1.2032685,0.89480424,0.68278855,0.32342166,2.345277,2.7888813,0.8950745,0.009329216,0.15090325,0.78527915,0.2736,0.60603315,1.2801642,1.0025752,0.78553647,3.7908194,1.2717403,1.627266,0.75927323,1.5057683,0.17585497,0.20857966,2.682135,0.88076746,1.4347978,0.6753591,0.93415254,0.13450676,0.77367187,1.173711,1.3950943,0.7405541,0.18722896,0.8645152,0.8227287,1.0574194,1.1375346,0.33680382,3.461208,1.640198,0.7178953,1.2261235,0.5354061,0.7474,0.3741827,0.027922321,0.3807593,0.8577118,0.64599305,0.88386345,0.7946406,0.26670158,0.9845426,0.30087253,0.29860282,3.4506555,0.65679914,1.7038534,0.045647714,0.28490195,0.25938618,0.7636865,0.2166952,0.6724173,1.0049188,0.24440491,0.8156881,0.8583527,0.9801209,3.4274814,0.6477421,0.626156,0.6000751,2.8281875,0.76440537,0.8418275,1.6883281,0.15811476,1.2074258,0.6171931,0.09139747,0.59233415,0.92215246,0.22373359,1.2244408,1.1634476,0.4849499,1.5286369,0.20074351,0.2352716,0.38665327,1.8307166,2.2541068,2.515157,0.312487,0.8119331,0.41668192,0.780147,0.44084427,2.293076,0.4542193,0.0436115,0.16488768,0.3695675,0.5369082,0.2558861,0.8689983,1.6264465,0.35072836,0.14994262,0.25184694,0.8304967,0.63199013,0.85680515,1.838794,0.86928433,2.5477183,0.552708,1.0702684,1.8798882,0.021130223,0.4333313,0.650256,0.25829878,0.68136466,1.2063646,0.49526843,0.6505362,0.84564114,1.3623083,0.25240362,1.2011276,0.8040492,0.5046125,0.40290374,1.9651856,2.609531,0.41180387,0.8586189,0.25117448,0.43298724,0.66181135,2.0779397,0.4196804,0.79638517,1.0974249,1.3537419,0.6337063,0.09875744,1.4865606,0.57420594,0.3601916,1.7069525,0.39572462,0.60330874,0.50505,0.31913668,0.0909402,0.7037543,1.0100405,0.9905564,0.19994952,0.5874472,1.19274,1.7404757,0.05992567,1.0534126,0.86898583,0.10255639,1.0073532,0.42502853,0.48760644,0.43416876,1.9280524,0.7742076,0.7480666,3.5756922,1.0696185,3.9789839,1.7395455,2.5571816,1.4820461,1.2164698,1.048916,0.98576444,0.825496,0.276221,0.06237385,0.5330887,0.9316878,1.3852154,1.472521,0.49823684,0.5412206,0.83336747,0.34440136,1.155618,1.1058229,0.056533374,0.541128,0.17181645,0.3653351,3.216765,0.099927396,0.78526914,1.4019024,2.4523492,0.77309585,1.0676031,0.3922783,0.59520924,0.38902703,1.2494105,0.05995409,0.09365358,0.17226271,0.75320077,0.17299475,0.1039485,0.3044345,0.6118765,1.8658658,0.19491999,0.45216936,0.42934525,0.39890227,0.29156265,0.854035,0.2707985,1.2456311,1.2638663,0.2791674,0.7220048,0.3556503,0.77657634,1.3065182,2.5497854,0.84270805,0.37848485,1.1200862,0.16332494,1.2829732,0.47146574,1.7098258,0.6483028,0.2568887,0.52945083,3.9856246,1.1301833,0.600421,0.022309093,0.38730308,0.65560925,0.66223454,0.016686104,0.28610483,3.3017824,1.0880497,0.16857809,1.2611668,1.0586661,0.60252947,2.7264714,0.33528435,0.26131937,0.79183817,0.21747552,1.075283,all_pothole_images\pothole_images_new_image_366.jpg
0.898047,0.63767433,1.1380348,0.37119323,0.2762303,0.03869872,1.335578,3.0242484,0.25297812,1.6224816,0.37383386,1.0551785,0.14158976,0.26200807,0.6114976,3.7178013,0.288091,0.6568625,0.40912488,0.8397574,1.6544822,1.6938611,0.277956,0.18954132,0.026774598,0.5508344,0.03408527,1.5079526,0.17864044,1.4724749,0.2636232,0.25564963,0.090350606,0.69547284,0.121085726,0.1678065,0.6124703,1.6156608,0.8103284,4.402887,0.71605784,0.018993497,0.37180895,0.5580825,0.32521975,1.0184318,0.86406124,0.27657422,0.14201121,0.1501249,1.4476315,0.4307743,1.2339447,0.56177694,0.49788058,0.8196475,1.7771689,0.07501947,0.13290389,0.303868,0.49400383,0.19987297,1.4706075,1.3328614,0.09951331,1.2719432,0.076185256,0.9101721,1.4687477,0.13991152,0.0,2.1195204,1.4989105,0.015165122,0.46010277,0.77815956,0.972774,2.1285076,0.11428995,0.24140619,0.9615151,0.8379288,0.573062,1.4889576,2.1556666,0.9114225,0.22340015,0.18490794,1.9280279,2.358843,0.8834755,0.070699476,0.07679011,0.6578461,2.5836244,0.13217615,2.469902,1.9805535,1.6053447,2.0834963,0.5615023,1.738562,0.8916621,0.012284148,0.8626747,0.8512093,0.17687933,0.78977776,0.7823484,2.8254225,0.12842654,2.798978,1.0493,1.7405276,0.001313148,0.23583794,0.77955955,0.8159888,0.78322023,0.5229932,0.757484,1.100082,0.115400895,0.030326486,0.041240487,0.5104561,0.034119368,0.13924979,0.21367252,0.003070397,0.8941602,1.317944,0.17254852,1.1545774,0.7490608,1.3637106,0.2612756,0.4880565,1.1125268,1.1747165,0.7023097,1.0136881,1.8768259,0.46334794,0.11743606,0.21648861,0.22577986,2.9689152,0.35753074,2.0173476,0.87819296,1.327509,0.02216687,0.85809517,1.9038397,0.2904012,0.63682735,0.2967596,0.4466256,0.39266428,1.6154828,0.4514799,1.323458,0.568174,0.10276786,0.9934849,0.8393344,1.8686554,0.15631494,1.3091866,1.9520733,0.03793501,1.306924,0.4210884,0.9842667,0.13284436,0.36510733,0.580123,0.1841879,0.3318082,0.6542395,0.012183886,0.7600404,1.9147416,0.7473278,0.8836048,2.0454564,3.6968226,0.32889906,0.8386416,0.13262457,0.0579659,0.3120616,2.9824514,0.9147011,0.1410313,1.0940269,0.65632457,0.41639262,0.44350618,0.6810505,1.4046718,1.0209463,0.27830365,0.3820969,0.5383139,1.2360336,0.33973646,0.8400438,0.46343666,1.1521884,0.56369907,1.6517879,2.7226474,0.02834859,0.07635592,1.4153926,0.6616433,0.5169989,0.7376321,0.6913224,0.90509623,0.007307633,0.51747525,0.49475142,0.9419384,1.4683679,1.0496768,1.3258288,1.2130134,0.54638284,1.9585038,0.07587912,0.9520997,0.12400012,0.6120927,1.6585568,0.5736799,0.43642217,0.082117125,0.04087173,0.9480041,1.7860428,0.37906972,0.65926594,0.55661994,1.9574199,0.49593842,0.73318493,0.4735146,1.5293536,0.47285467,0.7546374,1.6404895,0.3089604,0.3857139,0.9961954,0.6917836,2.0131865,0.09807326,0.43699533,1.4025702,1.7710476,1.279117,0.2472519,0.53209406,0.35174617,1.0498034,1.6293973,0.06877934,1.4557352,0.6810741,0.31459558,1.7892798,0.092357576,1.8716499,1.9182668,0.05084703,0.47996885,2.9891052,0.14553498,0.38962936,0.4840938,0.38459057,0.3887136,0.14152868,0.015690047,1.1090468,0.29864755,0.2689205,1.3176277,0.8695076,0.03486996,0.5640821,0.040559683,0.6639535,0.99073935,0.84417146,2.434119,0.23074374,0.0,0.10220105,0.08958828,0.49548608,0.24990828,0.088084854,0.19265074,0.711542,1.7785311,0.74307835,1.3276626,0.87079114,0.2399835,0.5403084,0.15043534,0.27497432,0.06069317,0.30504844,0.18683624,0.7563643,0.45912024,0.39466542,0.5745942,0.036168326,0.9355459,0.026537277,0.15761203,0.13810824,1.340199,1.5339112,0.016664881,0.19930726,0.06949912,1.0480591,1.4766719,0.579319,1.6777121,0.12841803,0.11239896,0.056027032,0.8433137,0.67927706,1.2246884,0.8839474,0.49864617,0.93861914,0.7406378,1.1728556,0.44668108,0.8384472,0.5565748,1.7190897,0.6074803,1.0853398,0.73663265,1.1158627,0.9472949,0.6077657,0.7586276,0.5233671,0.0056373198,0.02651868,1.550098,0.92869985,0.9160777,0.9044806,2.355556,0.22799492,0.8856515,0.16654558,3.0731144,0.35190445,2.276667,0.58774835,1.0923047,0.004119952,0.39560014,0.073626705,2.2965164,1.5237224,0.47971398,0.36378646,1.2073919,0.44547784,2.1583261,1.4291394,0.48228568,0.0038108737,0.18320554,0.95263344,2.2654033,0.6324204,0.42113626,0.091576785,0.30786508,0.008396061,0.7877965,0.50362796,1.2288734,0.004120821,3.355221,1.300943,0.22201434,1.0573192,0.029547758,0.60182947,1.0292932,0.65246654,0.2392383,0.011181291,0.3464092,1.102038,2.3838146,1.6138312,1.0926838,0.8603362,0.9350393,0.1856683,1.6428409,1.0767173,0.19153678,0.48010597,0.73342395,0.47735462,0.62259454,0.012965136,3.4942882,0.07582785,1.859039,1.3463691,1.0107923,0.17318098,1.0624125,0.11901166,1.3140137,5.3897166,2.1982331,0.00628918,1.0087597,0.18002987,0.9005052,1.1637774,0.03509803,0.16260397,0.5021889,1.7268336,2.4676962,1.7706212,2.9747438,1.0275942,0.27464122,1.1439526,1.5783417,0.17612073,0.4176832,2.2374048,0.69379383,1.3810196,0.4934408,0.74183,0.19632328,0.5457528,0.25427073,1.3385204,1.4056047,3.991709,0.40937608,1.6854019,0.85490406,0.8340353,0.74626344,0.3126836,1.1425949,0.32914388,0.9727626,0.8236793,0.12999533,0.0064471303,0.70872164,0.7353058,3.9983993,3.8932867,0.30932462,0.31407848,0.3048029,0.0,0.30230463,1.262157,1.7804104,0.020056091,1.2095652,3.864795,0.018586634,0.5998771,0.4472511,0.26059118,0.21067563,1.7175595,0.30750662,0.26182652,0.31484076,0.91532475,0.3028823,2.0585713,1.3706895,0.91209215,1.0358083,0.62529,1.4102528,1.2335134,1.9082193,0.23226398,all_pothole_images\pothole_images_new_image_367.jpg
0.7290295,1.9184062,0.4808705,1.6557318,0.2233662,0.26331124,1.348161,0.23741335,0.52762896,0.89923906,0.2947454,1.7633077,0.97908896,1.7217625,0.60045826,0.5184913,0.17591631,1.2876884,0.87187624,0.5423324,0.9400468,1.3563857,1.1918585,0.040605675,1.7670859,0.5266647,1.2548462,3.371319,0.33861446,0.035910662,1.1094971,0.082722604,0.6089397,0.037470076,0.35046363,0.86977214,0.12914537,1.3190054,0.98884517,0.38306785,0.023893533,1.0916569,0.050337933,0.41543674,0.31964397,0.06468253,0.7917153,1.1647369,0.0,0.039155424,0.012343703,0.1691932,0.67698437,0.15885776,0.04781327,2.1172352,0.92437506,0.1319875,0.33506396,0.28169593,0.6368074,0.24614018,1.5404172,0.23565249,0.81893593,2.8054485,0.33843222,0.41418767,0.018726114,1.6978573,0.17868271,0.13807282,0.017498992,0.08970149,0.00068198476,0.026429497,0.28262454,0.24921076,0.0,0.17965192,0.6282784,0.014121641,1.2971543,0.86614054,0.24031004,0.06503276,0.15586716,0.0030495548,0.68579763,0.049247906,0.08908708,0.5806436,0.028139299,0.24002852,0.4614187,0.023673622,1.296768,0.441793,0.43567067,0.3561948,0.2084198,3.1499736,0.85067093,0.27059504,0.6006491,0.11210718,0.08990415,0.2662064,0.04038235,0.2179844,1.8449765,0.55766827,2.8308008,0.1477735,0.97566694,0.037195913,0.051937316,0.043517403,0.1271731,0.34181762,2.5516248,0.010832562,0.80554765,1.3526531,0.5786251,0.5493183,4.7982535,0.192897,1.2532558,0.04595495,0.8482996,0.17580993,0.0020403573,0.33326063,0.83415204,1.8165677,2.120849,0.042568166,0.5519208,0.2074408,2.5387857,0.08899679,0.77011067,0.83473486,0.18738069,3.067521,0.1079973,0.737014,0.23646863,0.09817389,0.9312118,1.0917612,0.00821615,0.08283124,0.2583937,0.17003724,0.5606106,0.05620578,0.6775263,0.2780307,0.75785965,1.0986334,0.11016894,2.8072238,0.9699025,1.609035,2.430662,0.7814645,1.0142846,1.3736024,0.7961078,0.3544021,0.025610587,2.020496,0.25793475,0.27625814,0.7172265,0.5416166,0.29907373,0.39326108,0.21855742,0.6846146,1.9226776,0.07093043,2.519146,0.05950882,0.43888807,0.9804124,0.14483961,1.0084401,1.058651,0.28984165,0.0,1.9410154,0.5577113,0.0017106822,0.20054634,1.2384062,0.10073864,1.3390422,0.27226138,0.7133373,0.5908743,0.93598354,0.087954275,0.07835585,1.4090567,0.52596104,0.92825174,0.87145156,0.0,0.5826366,0.5703009,0.06718731,1.3529106,1.6664037,0.956199,0.9398637,0.71168274,0.35597757,3.753768,0.18684535,0.5058118,0.10657565,0.02595781,0.19170119,2.0672169,1.4344653,0.66898024,1.0732223,0.03221765,1.8821026,0.7318832,0.018293254,0.29596666,0.0124058025,1.0278692,0.25887927,1.062915,0.34164754,0.027652385,0.0,1.7257652,0.08540595,0.44137838,0.5228224,0.50929856,0.24578473,1.7289068,6.5256715,2.1448054,0.42580026,0.19991203,0.20039523,0.025260348,0.7255565,1.3825332,0.33217993,0.5501102,2.5476215,0.074553765,0.17442825,0.48758557,0.17497584,0.25688466,0.7149732,1.2888694,0.8385181,5.078044,0.6148233,0.2526633,0.9464354,0.24919923,0.22431745,0.56502736,0.6832813,0.044631187,1.2924349,0.4401493,0.7445105,1.5053164,0.02285344,0.8110627,1.0903592,0.36352998,0.18506774,0.28051433,0.43105572,4.3189898,0.20801558,0.007232041,0.2684986,0.1900527,0.3873057,0.06059258,0.63927114,0.24509396,0.61076283,0.30178025,1.8327968,0.077958904,0.05804749,0.85756695,0.03157153,4.8674383,0.0005344285,1.6330009,0.0015157858,0.19425605,0.6629097,0.27839532,1.0134503,1.6825136,0.8206248,2.2264569,1.9111813,0.2889015,1.6130738,2.7678516,0.90123755,0.01655246,0.0124650365,0.5473882,1.306799,0.90784633,0.052149948,0.18796355,0.00068724336,1.4045484,0.25889903,2.9616036,0.23272438,0.09252456,0.39404488,0.05179816,0.0,1.8622336,0.12967935,1.5790788,0.2646404,0.10904328,0.37432504,1.1097416,0.99147594,0.7511223,0.74693745,0.45995197,0.5497608,0.321547,0.70746905,3.038561,0.1407027,0.5312872,0.78363216,0.3713276,0.01047999,0.13391437,1.376653,0.060556557,0.09376742,1.1685982,0.96881694,1.2263254,1.33436,0.0,0.0062502096,1.2315867,0.060775496,0.062391106,1.1092546,0.22765888,0.009709376,0.19105989,0.09995941,0.17205887,0.21238105,0.0038985105,0.73084795,1.0332626,0.30682492,1.6112938,0.32911596,0.18325798,0.96245056,1.9785403,0.32552803,2.7517114,0.06493381,0.20947114,0.37764272,0.9132113,0.41203868,0.035179313,0.21652521,0.11624982,1.0483843,0.03360558,0.3300562,0.023824692,0.98897684,0.32933566,0.6922223,0.7223509,1.0553683,1.4252992,0.13456897,1.4710947,0.83618456,0.15910089,0.90485436,2.020869,0.67798847,0.016154883,2.782115,0.8609904,0.559506,0.5057557,1.1771168,2.0741348,0.40095264,3.3092084,0.023469782,0.7927206,1.49831,1.8544134,0.104848646,0.17408787,1.2487025,1.0197033,0.2610816,0.7854302,0.30532283,0.0,0.34586257,0.3088196,0.9727875,0.015863087,0.6945203,0.21298134,1.6700536,0.17927533,1.6366421,0.09798261,0.034209423,0.34097406,0.0092040505,0.5431012,1.7785196,0.39617747,1.0041873,1.8129746,0.23697679,0.54286915,0.2269663,0.25923848,0.44246298,1.3780637,0.09664479,0.076637596,0.17610927,2.2859704,0.03536728,0.09559458,0.27792233,0.28806853,0.4875857,0.0,0.0,0.07323656,1.3711308,1.6008027,0.6678389,0.19810677,1.0482131,0.049614295,0.051831126,0.94214314,1.0402589,0.6373446,0.18685551,0.16237809,0.8544693,0.95350087,1.7988586,0.0,0.39160517,0.1974973,0.102776,0.40386504,0.11763322,0.0,1.266905,0.07610512,1.2532853,0.0017580455,0.30941242,0.124679744,0.07620333,0.28258458,0.16389227,0.9641999,1.2915665,0.3463462,1.385163,1.6490307,0.87366724,0.7921267,0.0676537,0.18740062,0.22754872,0.07596516,0.20724273,all_pothole_images\pothole_images_new_image_368.jpg
1.0993176,0.78749955,1.718247,0.9868332,0.18030968,0.7377198,0.9264081,1.0182047,1.2906746,1.1293067,0.38824648,1.9074769,0.1595396,0.86744547,0.53528136,5.037008,0.2653619,1.6832839,1.4086279,2.4404702,1.2885756,0.16930398,0.21902367,0.8205659,1.3704045,1.4269937,0.030905187,1.8717495,0.52721524,0.7088343,0.27464536,0.85292953,0.2626583,0.521625,1.3306017,0.57761765,0.10177653,1.2710993,0.75926566,0.2073226,0.65790987,0.36674646,1.0312796,1.9612757,0.2511761,1.0035152,0.2272966,0.38581732,0.3004279,0.49178445,0.13879897,0.30466247,1.1484334,1.5952729,0.68664527,0.54159445,3.8184783,0.17115644,1.2035859,0.21961091,0.5707091,1.5498024,0.73024935,0.6426259,0.05722402,0.7297298,0.095302306,1.1177663,0.6060163,0.62897146,0.15671077,1.0566286,1.3024526,0.98793435,0.40604687,0.85303026,0.004063367,0.1616532,0.5009413,2.629689,0.025381457,0.11142557,0.15868753,0.8096962,0.27445766,0.34916055,0.032480557,0.9223221,0.99439204,0.70337987,1.819668,0.8344432,0.08667754,0.36156747,1.2286359,0.1667415,0.38097766,3.4969873,0.09735899,0.72432584,0.7245809,1.1281391,0.34584892,0.006827712,1.4421517,0.644858,0.48563817,0.28809348,1.162736,1.60982,0.1807003,1.7348629,0.3656295,0.25249648,0.6778664,0.042111203,0.95996857,0.045711637,1.1258544,0.08396061,1.3589474,0.3398186,0.7158794,2.3532097,1.510901,0.015231091,0.277786,0.6001512,0.23611411,0.062675774,0.07779242,0.03248425,1.4532173,0.11984708,0.29939255,0.7661789,0.8177125,0.4730487,0.08726743,0.77017397,0.6195082,0.50966215,2.7153783,0.045563683,0.23191917,1.4255233,0.2061334,0.74935,0.4427286,1.3962723,1.9824466,0.82266843,0.13999633,0.106032886,1.1316668,0.38681567,0.27542812,1.3920807,1.124044,0.87496597,2.444564,0.8928797,0.625127,0.43883166,0.53051347,0.323933,1.0946479,0.14242668,0.3986796,0.7107722,0.0,0.5486484,0.51708627,1.823051,1.1772848,0.12503801,0.018146439,0.07187218,0.4334987,0.5054415,0.6367878,0.25297055,1.818692,1.4409014,1.2928247,0.5969158,0.89578074,0.77690226,1.2898757,1.3393785,2.2867122,0.4264612,0.023229988,4.041856,0.20614852,1.0300426,0.27406016,1.532878,0.751884,0.7582838,1.2454027,1.0367132,0.8550868,0.5188922,0.014319261,0.63720155,0.22359739,0.18180186,0.14405695,0.34019575,0.033410545,0.38669,0.6654943,0.5735447,0.16985519,0.3468701,0.6371957,0.15430078,1.2057441,0.12801069,0.07314154,0.0,0.13055715,0.7432103,0.44086495,0.21484964,3.042604,1.1674773,0.38900837,0.13918427,0.075382404,0.3940137,0.7026258,0.71145964,1.2086864,0.77159286,1.082669,0.041021794,0.39177215,1.1133666,0.51583743,0.22449414,0.61076444,1.2635798,0.43243375,0.20232227,1.1835289,0.10606621,2.10471,2.1776116,0.76760924,0.110273875,1.3266903,0.20980868,0.43653312,0.6979445,2.6752374,0.7876485,1.1075994,1.3162,0.4480323,0.019321967,0.58518815,0.84308296,0.11107633,0.9249126,0.23133534,0.42967886,2.329785,0.08842131,0.83411634,0.59957016,0.1424925,0.05511688,1.2057494,1.170509,0.44582474,0.04880755,0.6437328,1.244242,0.29235917,0.1195887,0.41403034,1.8918614,0.84797806,0.12067312,0.36620528,1.2678674,0.0003473178,0.023052191,0.7453448,0.86627054,0.7734038,0.4225944,1.0682062,0.5471131,0.25965008,0.23507126,1.5395863,1.0345235,0.02696194,0.24995717,0.91331357,0.12077589,1.069027,1.3232874,0.25401232,0.18453442,1.5175914,0.66880655,1.7296964,0.66256267,3.0623653,0.9854478,0.030411303,1.3054152,0.35152543,1.9466804,3.6745956,0.7380002,1.0323998,0.62152755,0.23315577,0.025771959,2.063024,0.7960445,0.9076021,0.57699,0.8212213,0.8761923,0.42477345,0.1320398,2.078395,0.05516852,0.9306552,0.9293445,1.1473455,0.4960422,0.12635215,0.12964255,1.3738381,0.05478618,0.93794817,1.1001694,0.71677935,0.39937234,0.21165508,0.07830311,0.14742434,0.011480081,0.3698476,1.353982,2.0689807,0.37079504,0.14569934,1.2344632,0.09780075,1.0088255,0.32346025,0.86487347,2.59782,0.43363622,0.8312222,2.3489728,0.13892922,1.8231716,0.41659915,0.55234903,0.18269056,0.18975171,1.4086905,0.12110629,0.15447073,0.33557898,1.8253456,0.11987511,0.12950766,1.7223577,1.0543361,0.17135562,1.4397253,1.5237327,0.046203677,0.18114783,1.9073514,0.19284832,1.7649361,0.15512206,0.019559516,0.545197,0.3549164,1.2840309,0.85122436,1.5448152,0.30285892,0.12972054,1.1279142,0.14772636,0.8574214,0.0023097878,0.81539965,0.78839904,0.834793,1.6019737,0.04647756,0.15645333,0.32538098,2.2316356,0.012342445,0.105113715,0.051671617,0.02109911,0.06607406,0.60646564,0.025311988,0.21687059,0.78510994,0.7135022,0.14787355,0.11198163,0.25636324,0.8588466,1.4299526,0.7058395,0.113956496,1.0587158,0.9036074,0.19607837,0.6564311,1.157311,0.023613183,1.8436104,0.3237964,0.74061453,0.27562818,2.7186942,0.29743168,0.0,2.9007628,0.0529888,0.6709173,0.9666782,0.7796151,0.4838386,1.383998,0.37637737,0.556783,0.73218054,0.1951476,0.25351802,0.54194015,0.8099977,1.7886211,0.24962714,0.55200475,0.50959074,0.69346297,1.6591961,0.6666992,0.89456546,0.78844225,1.1434011,0.55735636,0.24933168,0.4080072,2.9317775,0.0116058,0.041142084,0.05683014,0.8855192,1.7280937,0.9625535,0.21834381,0.25035837,0.19898309,0.006932499,1.1837169,1.2025276,0.19765943,0.105223216,2.225578,1.9247941,2.242174,0.5938991,0.63046634,0.89106226,0.8325401,1.3386998,0.22702396,0.062198527,0.43610716,0.9589951,0.59394693,0.1347122,0.04964494,1.2750963,1.3604903,0.8895007,1.3843385,2.1509306,0.40822515,3.7334678,0.8508408,3.928354,0.10293867,0.49307385,0.6955752,1.0301865,0.27150235,1.6317265,0.44243014,0.7510127,all_pothole_images\pothole_images_new_image_369.jpg
2.6101096,1.2562009,0.10841967,1.4574809,0.65150726,1.2117805,0.32251522,0.0,0.82199466,0.20052993,0.32364583,0.036562048,0.31136894,4.7045546,0.73814267,0.13638397,0.03638117,0.27133024,0.9140397,0.41465384,0.9209716,1.9413004,1.793039,1.1031356,1.9865583,0.20175312,0.2240272,1.1113048,0.41203275,0.91019166,0.18012524,0.7840335,1.1572365,0.04097757,0.608678,0.06177544,1.3254846,1.1827615,1.1364955,0.1304157,0.117279164,0.589434,1.0061967,2.1251733,0.35151857,0.33706027,0.016508816,0.117010295,1.7184837,0.27727118,1.4559011,0.0851773,0.60450846,0.45776424,0.0629496,0.10725886,0.7562983,0.027957538,0.25806683,0.6666082,0.14867346,0.043944426,1.8763764,1.4142997,1.0406898,0.0008152026,0.5927332,0.059127934,0.034657158,0.360057,0.6709425,0.59131163,0.1675655,0.8755258,0.3519043,0.67691886,1.2573415,0.86113894,0.3012847,0.08270906,0.862672,1.1181203,0.37377626,1.5412554,0.35721412,0.51750445,0.14523448,0.0,1.9356489,0.006140346,0.51875514,0.9537957,0.83595335,0.7591442,0.3699481,0.03707412,1.1723243,0.20181504,0.02808893,0.42915273,0.1348772,0.47133744,1.7699989,0.034738343,0.34354913,0.8863956,0.7169753,0.048715394,0.0059532984,1.3500732,0.7047448,1.9844692,0.64985466,0.007871702,0.47489238,1.0348563,2.2266006,1.049723,0.57591265,0.8281506,0.97522944,0.19727232,2.7603343,0.34112453,0.21052763,0.14402345,0.09409089,0.18954471,0.90412164,2.481992,1.4517791,0.6601121,0.48521155,0.3099215,0.03299581,1.5805482,0.5977502,0.0031741918,2.881136,0.021983683,0.45900896,0.42949706,0.12985788,2.1850991,1.0959955,0.083945446,0.3746983,0.078813806,0.27942863,0.3280967,0.09956561,0.6346986,0.4770763,0.76400834,1.1758621,2.0553975,0.7882035,0.93838865,0.8042576,0.32489166,0.6115095,0.17041132,0.5990566,1.4429545,0.47114792,0.0478868,0.64975864,2.2589672,0.6302308,0.99501276,1.2517662,0.18977654,0.0011604571,1.6483817,0.04743524,0.34997296,3.8752396,0.339988,0.22241612,1.5072978,0.00053059217,1.2685229,1.2802746,0.25752705,2.6510956,0.6202503,1.3506246,0.021874348,0.04875486,0.01860067,2.1474907,0.020992488,0.5501683,0.16626519,0.40533718,0.45405328,0.62580955,0.6257464,1.7733973,0.943508,0.17103736,0.10975714,1.2652763,1.1154097,0.47623613,2.4614882,0.12688716,1.1187913,0.5665237,0.0008133364,0.9061802,0.72684515,0.8286419,2.046413,0.6784668,0.08488461,0.5174347,0.16603644,0.7405984,0.3669822,0.990549,0.24395226,0.6281176,0.49642226,0.000754807,0.624532,1.6510661,0.66711843,2.6498182,1.3356742,0.20226611,0.59478086,0.286101,0.2879978,0.6628889,0.36505252,0.8056649,0.8003157,0.108958244,0.1758584,1.470303,0.02617836,1.4825324,0.20162807,0.046295345,0.015670387,0.7979004,0.74816006,0.87944186,2.6701865,0.12953804,0.06523205,0.041732933,0.32553408,0.021222435,0.5373382,1.8157554,1.1579956,0.31104043,1.6534218,1.7597842,3.766782,0.27249762,0.26675063,0.30905533,0.7399734,0.016909739,1.0976877,0.8568143,2.9376884,0.0028655683,0.058483317,0.59694755,0.056590367,0.02579121,0.7405414,0.51783293,0.41712773,2.1285243,0.12916286,0.12897263,0.732436,1.2524476,0.1063353,1.022934,0.54375154,0.72558796,1.3468002,2.2609131,0.42149797,0.026210641,1.0544162,0.67914337,0.14167045,0.11213326,1.2373602,0.45633447,0.292657,0.6000258,1.2543668,1.238342,0.5852447,0.0,0.053504743,6.2471585,0.68207705,0.37417817,0.6456368,0.4561046,0.059369646,0.16004197,0.676988,4.2949467,0.8262904,0.0120945,0.33144513,0.060260147,0.580016,1.8892009,1.4828476,0.09453988,0.5994204,0.9740703,0.9533092,0.94665664,0.0,2.331689,1.6779592,0.15323146,1.2877861,3.6686482,0.98551536,0.021582123,1.5159073,0.19675834,2.6433709,1.1385905,1.3885697,0.18417288,0.2918053,0.27535412,1.0367275,1.6071291,0.44893876,0.014356701,0.030053802,0.1854582,0.32314217,1.2189217,1.3362521,0.0,0.3832175,0.37182608,0.44910407,1.244111,0.15917782,1.3885905,1.8473511,0.37051955,0.71133065,0.97306466,0.38121048,0.055821173,0.24396549,0.6942095,0.033247527,0.49125424,2.6912093,0.4274015,0.038410176,0.6888764,0.29860634,0.7259227,0.71856874,0.7114821,0.90032053,0.04101375,1.1637814,0.5916607,0.49239922,0.9276729,0.042035677,0.46650112,0.5134268,2.5717316,0.18233038,3.965359,0.6508991,0.28091276,2.1863701,1.1876297,0.121603996,0.19786726,0.55044574,0.6825595,0.16005251,0.28566414,1.063769,0.6190714,0.011394303,2.2155063,0.4081159,0.08826402,1.8507217,1.1023943,0.2763313,1.1209388,1.0587155,1.3075353,0.2448613,0.1125628,0.023374178,0.46307933,0.2137832,0.019162688,1.3510194,0.06412704,1.845544,0.09534332,0.14945203,1.8542016,0.39319998,0.75601524,0.5724906,0.54539317,2.2967937,0.21081765,4.4092383,0.35447255,0.60997516,0.049291678,1.6148999,0.0688307,0.61238664,0.3978775,0.92173266,0.24498941,0.8133126,0.31532076,0.061034873,0.931625,0.62182903,0.14766066,0.017347967,0.069894135,1.525371,3.0158,0.14351025,0.20497121,0.4619529,1.2884938,0.99474883,0.35777298,1.5803626,0.18532513,0.07003295,0.93600726,0.04430891,0.121359415,0.58351296,1.2829754,0.5957912,1.3654858,0.010832493,0.24669799,0.24790873,0.05246807,0.5115349,0.009187755,0.7204691,0.17073174,0.3422133,0.66000223,0.59344786,0.8123877,9.033404e-05,1.365444,0.5157463,1.2333277,0.47352132,0.10000322,2.0378327,0.38549036,0.3305396,0.36363468,0.27158773,1.2071955,0.10138209,0.7477746,0.55631787,0.61168075,0.37919095,0.3378937,0.3486736,0.0,0.03928824,0.3828659,0.4040625,0.0021536741,0.85599965,0.5780307,2.3762202,0.5916515,0.63248616,0.19039975,0.08755788,0.33799046,1.1513163,0.06550388,0.7966715,0.10319869,0.4907078,all_pothole_images\pothole_images_new_image_37.jpg
0.5458586,0.6824807,0.14503944,0.25835666,0.1053566,0.16944462,0.11153946,0.095446154,0.23121004,0.3286282,0.26235846,0.9675181,0.9927722,0.55719,0.02284333,0.05246095,0.59376115,0.40766072,0.45089862,0.013764397,0.23968738,1.3607529,0.23027976,1.1162302,0.89043427,0.006522934,0.41682416,1.0526557,0.0071826563,0.19397953,0.4134297,0.05231948,0.7706773,0.2808793,0.987831,0.4113496,0.11081769,1.1563033,0.19270763,0.543015,0.017372979,0.10528848,0.054491084,0.77763367,1.1080284,0.041380484,0.018754879,0.0,0.49179524,0.40523192,0.988017,0.0,0.3978824,0.0197149,0.0,0.7878304,0.14528191,0.17752515,1.0455583,0.0,0.0074012377,0.0,0.2693857,0.5689039,0.26135156,0.7682735,0.82175326,0.025873788,0.21731125,0.6724226,0.02506814,0.36718357,0.72855616,0.11242136,0.1595656,0.018497216,0.041723873,0.049988557,0.0,0.00088203483,0.05003262,0.16924104,1.1695102,0.41476214,1.0169069,0.26225576,0.010933796,0.26066568,1.414318,0.37475768,0.3015827,0.02617453,0.84764546,0.067753375,0.0,0.19728434,0.31335345,1.1337386,0.11348141,0.0,0.35983524,0.03839763,0.1895345,0.20420885,0.20757315,0.6789361,0.1422896,0.09295629,0.06546847,0.16462396,0.13992399,0.8171795,0.0010149316,0.63245124,0.18227771,0.103368156,2.424766,0.6867722,0.7744932,0.77827847,1.7513237,0.43364453,0.070044585,0.647985,0.33365998,1.7413589,0.15583365,0.40816894,0.90995693,0.7066442,0.45591065,0.0044960706,0.16319622,0.084952466,0.14996722,0.8940812,0.30117607,0.2508817,0.39655855,0.0,0.37854874,0.035063233,0.28027394,0.5318851,0.044896595,0.24915867,0.4064459,0.0042236256,0.39504483,0.8114497,0.4643227,0.0419931,0.20837367,0.0053559123,0.63767123,0.17648914,0.6118473,0.4576623,0.23673178,0.31716514,1.4081239,1.4923416,0.07544315,0.32938883,0.27230653,0.006147213,1.6125709,0.10444328,0.17400908,1.4097865,0.039654944,0.090162784,0.020024063,0.3973489,0.06705693,0.5504102,0.6902914,0.0004736503,0.48423353,0.57260954,0.0,0.5887615,1.218995,0.16795725,2.7022069,0.912541,0.6404452,0.2857573,0.75001836,0.13071926,0.12908159,0.39932105,0.1945603,1.432685,0.041482907,0.30241406,0.45859903,1.0117596,0.14248548,0.44895086,0.01800809,0.22217847,0.14665598,0.8585088,2.105021,1.0719452,0.3068113,0.38246143,1.349368,0.15846361,0.078840576,0.21677579,0.2795452,0.08538248,0.24707597,0.11758297,0.6434938,0.27806035,0.16372661,0.0,0.06577922,1.5368313,0.32732436,0.2450819,0.067206286,0.003407868,0.36463904,0.062313512,0.7720125,0.39265656,0.006552667,0.45858818,0.5743221,0.47782174,0.06326392,0.36666533,0.503966,0.08544684,0.025570022,0.0005109298,0.19002025,0.28569424,0.012487623,0.49609554,0.22144136,0.049239915,0.4143462,0.26241735,0.522075,3.1026654,1.3196814,0.015313576,0.09356301,0.19896904,0.19854686,0.27607366,0.35241896,0.25152588,0.11553151,0.5855654,0.21759637,0.069493435,0.08400743,0.49069843,0.44715452,0.7879237,0.35791388,0.6867713,0.9798389,0.39133963,0.09576992,0.14735584,0.03016181,0.8806638,0.43878752,1.4337999,0.77402276,0.14531921,0.39523822,0.17508379,0.36972433,0.059342545,0.7086352,0.058455445,0.70184135,0.8081706,0.2748348,0.0029147656,0.26511103,0.2927741,0.16751431,0.0,0.16031747,1.439801,0.04998672,0.035986505,0.38803932,2.6407251,0.33712554,1.003677,0.24185044,0.69437873,0.0,0.3054309,4.5643454,0.31785855,0.0,0.49970657,0.035712082,0.04522071,0.06866985,0.18704642,6.2609305,0.6250977,0.07192437,0.48529884,0.35586727,0.15108067,1.6660559,0.05700932,0.5355596,0.05756548,0.011777878,0.69628423,0.19582495,0.09029055,0.24327897,0.08834645,0.39512417,0.06347487,6.6373363,0.18787399,0.035477556,0.0,0.0,0.099525586,0.01504192,0.024736239,0.34776387,0.008285372,0.2778065,0.18003052,1.5574222,0.13666685,0.09837821,0.25693592,0.0023108744,0.2815526,0.19663343,0.73504204,0.022255994,1.802728,0.0312614,0.23183848,0.16105539,0.24422672,0.069546096,1.5551602,0.072321855,0.58558303,0.36600253,0.074485265,0.6925181,0.0,0.0135824345,0.34050253,0.750074,0.25112253,0.37296936,0.1154551,2.4244184,0.43090546,0.29343617,0.297076,0.36311612,0.29180387,0.21159561,0.18598776,0.013413017,0.5654417,0.05734828,0.034366224,0.20611966,1.0648743,4.1194444,0.91927165,0.37658846,0.008763381,0.016650392,1.7116487,0.5886144,0.62578595,0.038373396,0.1031823,0.17695229,0.22250049,0.18093665,0.7535718,0.1705632,0.07628358,4.859145,1.0206329,0.019635098,0.07025032,0.1684694,0.043400392,0.6075193,0.22946501,0.0054083564,0.2677963,0.07354048,0.30501264,0.3943151,0.59893477,0.1695879,0.0,0.43359685,0.0011432337,0.112503625,0.11283755,0.1892181,0.072965056,0.08012577,1.5830435,0.6171237,0.15738894,1.0084473,1.5375276,0.105993174,0.038868356,0.59456265,0.53477603,0.43854427,0.06869822,0.24507688,0.9113144,0.51887625,0.30893573,0.096744575,0.24051495,0.12968422,0.2734029,0.26126358,0.13849416,0.5390049,0.29294628,0.32178012,0.60233915,0.58238065,1.2893114,2.1689003,0.44770932,0.27719796,1.196706,0.48448664,0.10827112,0.040231813,0.41424096,0.047479175,0.98115677,1.384197,0.6485818,1.4068103,0.043328036,0.028417984,0.14280775,0.012597988,0.0,0.17930542,0.09119248,0.72068477,0.2552332,0.029502537,0.03259825,0.92523044,0.007989658,0.018832687,0.41019985,0.06088658,0.012592912,0.18727273,1.3908452,0.33956355,0.22942568,0.01456447,0.27645537,0.17603034,0.07399199,0.5718766,0.024274057,0.32277557,0.2301371,0.000979117,0.3582017,0.027428396,0.05088005,0.00012253676,0.25870502,0.14284658,0.1424138,0.017022097,2.9775345,0.14387158,0.0009947801,0.39847744,0.47055772,0.34862137,0.098545946,0.42028624,0.033535223,0.11487083,0.88313884,all_pothole_images\pothole_images_new_image_370.jpg
4.626271,0.67972845,0.035232734,1.3559259,0.014232884,1.1721241,0.72609115,0.028783571,1.2350776,0.14427169,0.18106137,0.14027423,0.46906504,0.18760452,2.0915556,0.8942177,0.052648522,0.003705951,0.5802933,0.06840378,0.31503478,0.7964424,1.1791087,0.42917803,0.028599733,0.45666605,0.07259703,1.3826525,0.0016048388,0.26770929,1.2037221,0.17607047,0.8169129,1.2371353,0.05866104,0.2763542,0.2209004,0.47060552,2.0642774,0.9121006,0.51862675,0.5263526,0.012828022,0.22883548,0.69625825,0.84413713,0.87853473,0.3682137,0.2320654,1.506194,0.95119715,0.18143883,0.31043223,0.0,0.17071132,1.237498,0.70043164,0.08536939,0.60840434,0.054445554,0.31047004,0.0,0.89855397,0.15208295,0.21374889,0.94148767,0.030120883,0.0382742,0.71315634,0.65368485,0.10264232,0.20302223,1.0329558,0.49629694,0.006517016,1.1533816,0.8262737,2.5319223,0.75303066,0.23741272,0.21112934,0.10809367,1.1859217,0.24261793,0.67622334,0.16130787,0.15361,0.19702648,2.514906,0.40969428,1.0178993,0.08271036,0.4467975,0.7780805,0.7414997,0.0,2.6170502,0.17321707,0.49544773,0.8825746,0.09730073,0.29137602,0.089523,1.0446221,1.4911934,0.56777835,0.14187087,0.1968054,1.5231335,0.99801993,0.028099673,2.3627145,1.4213493,0.613711,0.0138628455,0.60125124,2.182603,0.8513865,0.09232221,1.4843298,1.5820416,0.34698817,0.14122997,0.47711298,0.068358704,0.122840956,0.07981588,1.3718909,0.3560565,0.014353899,0.1708403,0.021018123,0.19213818,0.0,0.16742642,0.20722905,0.5846003,1.7047409,0.06949806,0.28776085,0.564491,0.08964749,0.13487244,0.59813863,0.09543337,0.7771282,0.35481396,2.8729806,0.34945944,0.42877617,0.2617664,0.016481008,0.060713116,0.5872402,1.0196702,1.0840571,0.7054263,0.5768348,0.24046072,0.39871523,0.3919583,0.62005144,0.2826208,0.38284636,1.199442,1.0940808,0.09969931,0.023779567,2.6771932,0.5195491,0.30085373,0.014159234,0.23996633,0.116249055,0.8562721,0.32105386,0.37186876,0.04373079,0.024267094,0.46735817,0.11201621,3.0364354,0.9024394,0.95800346,2.0994325,0.3256719,0.58892447,2.5068383,0.30176103,1.0199895,0.06235699,0.2557743,0.15736265,3.169934,0.8332949,0.13947728,0.3177777,1.1699468,1.7349554,2.0137606,0.26278773,0.8245298,1.5188917,1.5274556,1.338464,0.72962266,1.0283172,0.28945932,0.5874496,0.31462166,0.3479473,0.03353323,0.51490515,0.3625663,0.035822723,1.3041573,1.1356853,0.2775395,0.06782697,0.63679355,0.13599718,0.11443014,0.31362653,0.72567797,0.65749717,0.8531128,2.7527297,0.63573444,0.5136737,0.563281,0.48888004,0.7743493,0.2033681,0.5928839,1.3451678,1.1966938,3.5845137,0.03968057,0.44140548,0.0969843,0.6212303,0.9609419,0.5280073,0.28674516,0.0,0.14113499,1.4050817,0.24094856,0.35128543,1.9240822,0.68696326,0.569445,2.1616697,1.0524759,0.5903915,0.0831772,0.5843924,1.2037643,0.16574709,0.6799123,0.08455469,0.6668654,0.31817606,1.2897456,0.15039547,1.867025,0.25939772,0.89080113,1.4062455,0.3572754,0.41196293,0.0800112,0.0,1.6250415,1.6449217,1.103513,0.7531011,1.5318494,0.34640667,0.40243304,0.035963062,0.28807214,0.015447904,0.30120468,0.22427064,0.4674972,0.12361055,0.47221097,0.50497526,0.80056125,0.8495441,0.33840787,0.6807612,1.3682022,0.10177072,0.10093848,0.8909926,0.58895195,0.9299002,0.08409663,0.094814755,0.29851633,0.102947794,1.011899,1.9679911,0.8408379,0.40596977,1.3792211,0.0,0.24094525,0.6646658,1.7678652,2.0140004,1.1766922,0.09490195,0.13908921,0.0034791587,0.29806823,1.6612595,1.2436235,1.4860343,0.026901891,0.80681163,0.02066006,0.023750443,0.035033684,0.737085,0.06849152,0.23796052,1.2219584,3.7686243,0.28268236,0.0,0.05212183,0.082977936,0.8591886,1.007493,0.019253468,1.2072151,0.22496767,1.0296912,0.5714526,2.895746,0.1295604,0.0321626,0.2639365,0.08313856,0.26451728,0.3523554,0.5998625,0.69621044,2.0946631,0.5264957,0.10016125,0.43199775,0.10098454,1.0868088,0.3583392,0.614712,0.59691465,0.052394412,0.61430633,0.6520832,0.261262,0.10153316,1.6852015,2.0343575,0.7890513,0.5945077,0.00050198927,2.9370773,1.3570323,0.92262447,0.04148916,1.19551,0.028730903,0.33861098,1.4033102,1.1260042,0.71554065,1.9260814,0.06756351,0.0962864,1.5723778,2.660491,0.5227335,0.3552292,0.14954917,0.024642834,0.13175894,2.1239166,2.370569,0.04030027,0.023322562,0.60044783,0.022149907,0.6631119,0.9697785,0.65335286,0.7934416,2.9087853,1.3671066,1.7264956,0.16726623,0.26619676,0.9943555,0.78002656,0.20464586,0.28929487,0.64614636,0.45349228,0.20009406,0.26674503,0.891636,0.049477868,0.30934575,1.0047103,0.09089608,1.2576928,0.03445454,1.1975573,0.6842929,0.68875784,0.13229755,1.0644876,0.0061117243,0.5661368,1.4134623,1.1825577,1.5656555,0.0,1.2405185,0.3777122,0.3814272,0.23290911,5.4039536,1.1148,0.598933,0.16967215,1.301847,0.5614372,0.5601855,0.5022452,0.050156817,0.81299466,0.12815498,0.29509428,0.8189654,0.1612505,0.64567757,0.64517844,1.1514348,0.05555532,1.2803124,1.4664987,1.8114619,0.70783883,0.45381624,1.6759412,2.7132456,0.47500432,0.5390252,1.8539101,0.013634369,1.5438752,0.4670698,0.36447823,0.1497768,0.64520735,0.27797398,1.3106959,0.07965619,1.113924,0.102669775,1.4767803,0.25309205,0.46875504,0.4947014,0.60851187,0.007837373,0.06586185,6.32772,0.37193426,0.07201984,0.059360757,0.8648014,1.1444888,1.7817589,0.5997649,0.06267932,0.522902,1.3730792,0.17060229,0.49067718,1.1911142,0.6868297,0.3540487,0.15789522,0.85451394,0.56815994,0.2026129,3.5031426,0.81717414,0.41509682,0.7640344,2.0483174,0.7738721,1.1242301,0.6276574,4.1260157,0.6193691,1.1043166,all_pothole_images\pothole_images_new_image_371.jpg
1.2231959,0.6858461,0.085618734,2.2940676,0.34679225,0.7333914,0.13189264,0.054557953,0.18916972,0.5537948,0.07781595,0.868035,0.15892842,1.9764466,0.3927291,0.44332734,0.08639892,0.15177691,0.012906918,0.48838004,0.8254706,0.8480153,0.37398323,0.26696745,1.4135678,0.89079744,0.2768473,2.9301295,0.31802785,0.08456194,0.6217309,0.32628453,0.5625632,0.79648805,0.12389665,0.23776108,0.12909468,0.24626821,0.50836945,0.5772243,0.5870469,0.013917516,0.5858791,0.58925587,0.937012,0.6927666,0.07741857,0.29290342,0.6146442,0.03654898,0.5309037,0.0006613105,0.23670726,0.037574664,0.02004075,1.2412511,0.9617737,0.5529789,0.14839585,0.009027536,0.06262485,0.13623898,0.8400651,0.3644673,0.24959281,1.5331929,0.5552309,0.044695318,0.76981694,0.039245047,0.72181094,0.1609261,0.23549739,0.46377784,0.572185,0.2351211,0.08631506,1.6655116,0.37356013,0.15741631,0.14635412,0.3345799,0.5976431,0.6451979,0.25399837,0.58539224,0.92321354,0.11099708,1.7107936,0.29618976,0.4492002,0.0056020347,0.039427135,0.6981953,0.00088549056,0.015390033,0.18949074,0.24610774,0.64351267,0.7904369,0.06801049,2.2459888,0.09576932,0.22400832,0.18194622,0.0,1.0728514,0.6280366,0.04585433,0.6498951,0.054672115,0.7235153,0.37108737,0.16886495,0.82392067,0.16403867,0.8838324,0.057239197,1.4714352,0.52194506,1.4966997,0.12154217,0.3810929,0.50508714,0.7753351,0.7704976,1.6403676,0.8513062,0.6018515,0.3623203,0.09876328,0.10862864,0.012754636,0.24167138,0.3760225,0.5365836,0.6386439,1.4352834,0.45848238,0.17612267,0.09357453,0.30759943,0.02323422,0.42802942,0.11473789,1.3520371,0.0,0.0,0.4486623,0.10127117,0.6622691,0.5723087,0.2849679,0.008846159,0.43279904,1.1182476,0.8323162,0.08608043,0.37878165,0.14710593,0.8413259,2.394269,0.08552933,0.75436896,0.1370935,1.4793556,0.98344445,0.5251232,3.2487407,1.0210855,0.0,0.005981789,0.08015448,0.0017125676,0.18664725,0.33449546,0.29442537,0.017012253,0.74059397,0.26836115,0.0056640226,1.5992693,1.1203266,0.21123698,1.9506593,0.0077062,0.007904872,0.9434553,0.67395157,0.24530247,0.3426754,0.08396662,0.29425013,1.0261581,0.860048,0.23850721,0.5760438,0.3768845,0.8742852,0.45201257,0.6662979,0.72559685,0.3468205,0.8180818,1.3172212,0.41455105,1.3000256,0.044141475,0.39407554,0.9565688,0.029356536,0.0,0.45242232,0.26701194,1.2137903,1.5181758,0.26994774,0.13017514,0.02375876,0.019506866,1.0759842,0.7179378,0.6682659,0.05799596,0.0,0.052400745,2.0225964,0.32590973,1.3274406,0.6352567,0.0072920686,0.048774727,0.17613389,0.21903524,0.0662616,0.011146212,2.9385116,0.007132645,0.30492523,0.51233625,0.41655666,0.15373458,0.09322047,0.07305654,0.16287403,0.0,0.7263001,0.54142004,0.3110322,5.4612164,0.7343217,0.26427206,0.3889475,0.20231931,0.010214923,0.3292554,0.500952,0.13311556,0.10997563,2.743255,0.13428254,0.28989527,0.11916065,0.7721802,0.1532486,0.20313129,0.17255144,0.2496933,1.0025835,0.34718174,0.93904024,0.09106593,0.5603362,0.41261116,0.6239284,0.19319771,0.7651632,1.6712736,0.12909584,0.81119156,0.7780468,0.025605097,0.5700967,0.84509766,0.30192047,0.55695444,0.63831484,0.29350922,0.9181487,0.02105611,0.08477929,0.18263578,0.054941956,0.6313312,0.18556948,0.5597333,0.020412825,1.6489105,0.06688209,1.9355268,0.2849031,0.18581091,0.1298598,0.4014901,5.3750086,0.34174964,0.016024243,0.20198958,0.14099045,0.591863,0.011044979,0.5578251,1.9538982,0.69834524,0.050514925,0.271691,0.0049054692,0.8322637,3.1534948,0.3243498,0.11377306,0.0,0.10890853,0.322711,0.057866704,0.19576275,0.7455526,0.08911701,0.39659375,0.25295198,2.5515969,0.015905675,0.15098076,0.0,0.09896591,0.032762382,1.7691541,0.53864235,0.3977579,1.2787048,0.29084793,1.2315434,2.6965175,0.7243669,0.8869592,0.0,0.900326,0.42317685,0.4426725,0.075960286,0.5697926,0.82825035,0.07937941,0.5931648,0.123907454,0.0,0.07459544,1.2148463,0.14540878,0.22137967,0.01594809,0.29065958,0.26907888,0.10363273,0.0,0.33587253,0.84019125,0.5075785,0.04339039,0.47963107,0.3468568,0.26156422,0.09721699,0.024351291,0.1631324,0.3977042,0.06165656,0.02587294,0.5188671,0.12744829,0.6879827,0.18254595,0.25081813,0.31313953,2.206919,1.7874931,1.4277085,0.007642786,0.09820808,1.1668717,0.09968301,0.28392753,0.059482,0.1680577,0.11820733,0.6492908,0.38925716,0.5729017,0.8324152,0.598158,1.1697048,1.1223028,0.5165943,0.6336467,0.17008181,0.6680237,0.18640229,0.8679834,0.290245,0.7204173,0.80460846,0.177996,0.3072622,0.98609287,0.0,0.06487484,0.124479905,0.2103746,1.0140259,0.36834553,2.2221866,0.046663817,0.7210605,0.8464886,1.438289,0.09583779,0.7409928,0.8297738,0.43312106,0.30048075,0.7924432,0.19477761,0.16161263,0.2625888,0.57426155,1.1784654,0.44733772,0.9117523,0.1108356,1.324877,0.7291169,0.15242709,0.07972456,0.08032283,0.183577,0.016921537,0.60754013,0.79755133,0.22093989,0.5296998,1.1284398,0.9689365,0.85426253,0.2629337,0.8217336,0.37481853,0.5618058,0.06783801,0.6909688,0.6242091,2.1792693,0.30462304,0.8669902,0.8589864,1.1857247,0.10516701,0.6753606,0.003170892,1.0034858,0.57939744,0.18156664,0.33739737,0.24584118,0.4484463,0.6770852,0.0024975408,0.33950722,1.2969241,0.6205513,0.0058038277,0.017132234,2.1953888,0.9987265,0.40766844,0.13819735,0.0,0.27117372,0.27859855,1.2634374,0.1436743,0.1446386,0.42214662,0.0,0.094380714,0.056215715,0.057627697,0.0018499016,0.019004919,0.008499473,0.47268093,0.40295282,3.1679294,0.45270842,0.18565676,0.28093165,1.2942244,1.1178787,0.048271943,0.046949543,1.7638868,0.21194026,0.65028965,all_pothole_images\pothole_images_new_image_372.jpg
0.54471624,0.86710906,1.6183244,3.5346892,0.012707255,1.7603071,0.47250062,1.7026092,2.2861655,0.64936227,0.0060454886,0.36386782,1.1830447,1.2912765,0.79380935,0.15975979,0.054488856,0.17387466,0.9427244,2.0214584,0.0807628,0.5537689,0.67522436,0.74391866,0.51213807,0.11203171,0.53683454,0.0,1.257182,0.12318971,0.6773933,1.9132744,0.8200956,2.577947,0.0648942,1.0312296,0.53747666,0.50899214,0.51792324,1.3046291,0.13721952,0.4925804,0.8426397,0.7928477,0.79624134,1.5570426,0.04389289,1.5633044,0.51533884,0.22381452,0.4910284,3.8381116,0.7014708,1.0116454,0.7797495,1.2206448,2.6695642,0.7567116,0.19961084,2.2707486,0.07868208,1.4476659,0.31705824,0.24580829,0.25221244,1.32623,1.8742403,0.19274107,1.6939152,0.2769479,1.6050543,0.50576586,1.0474634,0.51833755,1.214318,2.9706206,1.3547508,1.1081008,0.026007574,1.5045379,0.017330578,2.068218,0.99766654,0.673124,0.09402117,1.2451538,0.7078055,0.7914948,2.1921473,0.9297379,0.7722795,0.24816878,0.0016098857,0.21005665,2.2604475,0.016185453,1.070818,1.8996425,0.05907039,1.5869682,0.20703362,0.6187829,1.4355078,1.4792551,2.6739,0.0,0.5371938,1.630355,0.8108734,3.913168,0.7004902,2.6498387,2.274122,0.5520425,0.07698482,0.18735467,0.72143507,0.380135,0.7144451,0.68307865,0.45714498,0.6663826,0.49685228,1.438886,2.018069,0.37712657,1.3272265,0.23725708,1.0610775,0.16718626,1.0593879,0.49671957,0.7197797,0.13492773,0.408534,1.2429157,0.0,3.1039655,0.61494243,0.5534838,0.8928537,2.2996516,1.8384396,0.14969328,0.58333176,0.63197666,0.20243882,1.0660816,0.15802741,2.002948,0.62151146,0.22177705,0.4930588,0.0,0.41019914,0.556813,0.1748321,0.6283133,1.3651364,0.8923758,0.29159844,0.012449385,0.073415674,0.9229183,2.154899,0.17910522,0.10671314,0.2086619,0.97351366,0.04383479,1.562932,0.44312036,0.18032764,0.6611575,3.087949,0.46149462,1.5279099,0.12384129,1.2617605,0.031485844,0.022256013,0.6557783,1.2140261,3.0412135,1.1420087,0.11498833,2.6414592,1.10548,0.10860661,2.435504,0.36780077,1.1880401,0.21778809,2.603256,0.17951745,0.45277888,1.1854324,2.241446,1.7429074,0.62418985,2.373474,1.0397725,0.34753895,0.09525999,0.0,1.6099483,1.2385856,0.802811,0.33384228,0.40697238,0.21532206,0.17146905,0.33538944,1.175768,2.267257,0.381424,0.08611424,0.97572666,1.040244,0.2278825,0.4190168,0.027351929,0.4509283,1.4544792,0.37200305,0.41975054,1.6411797,1.1861591,0.4216271,0.08149844,0.11688178,0.7150757,1.0229056,0.93823093,2.2105157,0.009205691,0.29199287,0.10095665,0.95296794,0.7085971,0.7083,1.0553962,1.478368,0.97458774,0.0,1.3815951,0.92656374,0.30507573,3.5477448,2.325445,0.6323166,0.64926046,0.13280308,0.20720434,2.4013193,0.133356,0.7701801,0.9608143,0.96153474,3.310323,0.0010322003,0.21070386,0.5250608,0.5840148,0.75534546,1.2688177,0.16489632,2.357705,2.2437284,0.9089259,0.36379203,0.22192279,1.8844548,0.83016855,0.672896,0.3240715,1.0141267,1.619708,0.44545752,0.3238357,0.069951385,0.39710557,0.078651644,1.4191129,0.12060016,1.3407925,0.35383862,2.3053956,1.1396372,0.4589452,0.5784902,2.5073638,0.5470157,0.40539733,2.259583,3.8530467,0.43307918,0.3355656,1.2326647,0.29585412,0.020782135,0.1127646,0.045249548,0.8760376,1.8528086,1.9549632,0.98370147,0.5491644,2.1861873,0.54092973,0.006961793,0.31175244,3.5044334,0.12835239,0.24083792,2.256275,0.034391295,0.6403203,0.63467145,1.1009327,0.8980597,2.8088827,0.44334504,0.10503721,4.4011455,1.1906178,0.63026947,0.020919627,1.1416124,0.57778955,1.7868731,0.92758596,2.0643504,0.030301347,0.6409416,0.007456548,3.778585,0.5573878,0.3347728,0.037822638,0.7755901,1.3365086,0.6778698,0.33432755,2.3764856,0.9130239,0.31317362,0.9369896,0.45791188,1.5453813,1.2281516,0.3745653,0.5556704,0.6448941,0.5215459,1.191983,0.1625466,0.27395776,1.1624606,0.8188137,2.0404012,1.7854044,1.2318037,0.38633415,0.3158932,1.2192917,0.32304385,0.3186707,0.16583751,4.102162,1.0477413,1.0252638,0.35357872,0.5809297,0.96060896,0.41077787,4.2042236,2.3204155,1.2655581,3.0967245,0.61177975,0.1011881,1.0463161,1.2282226,3.2090955,1.7613802,0.046008114,0.91333324,0.39174274,1.2429783,0.18301505,1.552967,0.60170573,0.053392235,0.8985077,1.9488373,0.72487515,1.2762413,0.3959173,0.002290761,0.2855674,1.4040244,0.27246848,0.78298825,1.337251,0.56362003,0.18784302,0.24357785,0.40557802,0.3669008,0.35366952,1.9711698,0.96828675,0.3512956,0.12971134,0.53919536,2.7909632,1.4594533,0.6986844,1.8724455,0.04860546,1.182773,0.008253638,1.0097206,0.3416952,0.27519405,1.3251457,0.6369839,1.8628509,2.085074,0.424525,0.7642801,0.43626067,1.6896744,0.0,3.414545,2.1987667,0.6037758,2.4715135,1.4106791,0.23615319,0.76320136,0.59276986,0.14810893,0.5224459,0.021081451,0.34344035,0.5979022,3.302595,0.54682493,1.223587,0.04458959,0.55883557,0.14152323,1.3193547,2.8482878,2.005778,0.031453654,3.363585,1.7160131,0.61160207,0.52867764,1.2348745,1.5839921,0.5724713,0.5377664,0.021952977,0.5278295,0.17740001,2.0817957,2.9685357,0.06459609,0.10361404,0.6392591,0.30921668,3.078824,0.7930982,1.174674,0.6789043,1.2146356,1.1312174,0.89858127,1.178892,0.9616777,0.8736077,1.6322551,1.8978963,0.8515385,1.144398,0.29012573,0.17332026,1.3887086,0.344668,0.6054185,0.61811596,0.037467096,0.15017553,0.948064,2.3688126,1.184606,1.1017591,3.9195244,0.5549229,0.3199183,1.5358009,1.0229342,0.9754819,2.2928827,0.23599374,0.8211045,2.0000086,0.19959173,all_pothole_images\pothole_images_new_image_373.jpg
0.0034341791,1.0393714,0.30200726,0.12966408,0.013767511,0.6767673,0.8104071,0.1009466,1.1447474,1.1514319,1.7032086,0.7087591,0.5861253,0.21699278,0.41743383,0.51880735,1.7184806,0.0,1.5389482,0.1476541,0.27530763,2.5094268,1.1606754,0.70544887,0.6180154,0.31423098,0.029048773,0.66425574,0.89798445,0.7740673,0.40911832,0.69060934,0.41760367,0.12075421,0.8743566,1.6696154,1.3140244,0.38695526,0.44791034,0.82705665,0.17773505,0.6194628,0.069980025,0.8752307,0.8019888,0.26299146,0.015918622,0.4975125,0.8827591,0.2447944,2.4595647,0.45206183,0.632732,1.7048153,0.45283586,1.5114462,1.7854022,0.52778274,1.9427559,0.5096453,0.30170473,0.75933075,0.97562814,0.12952279,0.3496311,0.6462749,1.5387162,0.7110119,2.1907349,0.27984166,0.3323924,0.45275846,0.17047134,0.5241651,0.80589074,1.2806065,0.1833006,0.20623876,0.028061057,1.3459407,0.88373756,0.20357783,0.38205484,1.7670232,1.8694305,0.33704862,1.0919577,0.6172441,3.2107177,1.360971,1.8720802,0.36713654,0.15200692,0.9402864,0.15503,0.32315266,0.7067258,2.1896436,1.0910268,0.3205728,0.59410834,0.5144963,0.91698813,1.4711198,1.0794114,0.7286746,1.2957723,0.3140537,0.4107399,0.23431729,0.30685538,2.1521945,0.031832356,0.13639656,0.33893818,0.47811714,2.2905898,1.0538235,0.59406924,0.33555886,0.4321123,0.23888868,0.19525975,0.7879235,0.497578,0.5681077,0.5156589,1.1021068,0.79213333,0.6313515,0.36078456,0.29807442,0.37527162,1.8227112,1.7532457,0.17000179,0.022727253,1.1652216,1.0431975,0.8914256,0.051989246,2.3307142,0.02985499,0.24929501,0.29435283,0.25039607,0.84937906,0.13938256,0.30193275,2.2699008,0.35488918,0.079868406,0.52728397,0.67249787,1.5164695,1.8376797,0.3473972,1.1277763,0.32518297,1.702341,0.097844414,0.23925105,0.2196977,0.77632,0.35291538,0.2164623,1.6702787,0.42696178,0.45508185,0.35484964,0.24214931,1.3751742,0.12865615,0.10517997,0.6846796,0.337903,0.8677091,0.5741452,0.6487115,1.6149441,0.21479197,0.7362419,1.0341738,0.5476698,1.2302084,1.9480891,0.24339685,1.2577515,0.5132778,0.1414263,0.5824426,0.014507955,2.5075402,1.0855907,1.2040074,0.61965615,0.4328231,1.1034495,0.26044387,1.3486303,0.70422566,0.2981922,0.16448581,0.05416507,1.737489,0.8662506,0.23219192,0.49601036,0.85949975,0.48057893,0.07139738,0.82096314,1.3196304,0.94078684,0.5219554,0.43300304,1.0402813,0.8044318,0.5861553,0.3751132,1.1079892,1.5809382,0.8006534,0.2704865,1.535368,0.48931035,2.235443,0.27712783,0.30360836,0.84672433,0.006291714,1.056209,1.3115679,0.9315143,1.2496539,0.8850236,1.0755523,0.11200595,0.048682492,0.17993483,0.67721415,0.5583801,0.19489907,0.22875413,0.40404424,0.2802352,0.8628988,0.57948005,1.4883276,1.3795726,1.1234101,1.0763828,0.31365767,0.97541994,1.4104711,0.1719101,1.744136,0.0427898,1.7391948,0.504988,0.37231338,0.15418673,0.28126326,0.6246583,1.022864,0.21325073,1.2680954,2.8707936,1.5057323,1.3666427,3.1213331,0.121277966,0.9744315,0.9900369,1.4708818,1.7127866,1.1413497,0.9097922,0.55817765,0.1215325,0.4291199,0.37889722,0.64572704,1.2487581,0.635995,0.1124136,1.3400351,1.2123743,1.2021403,0.62589705,1.3976054,0.20013118,0.0,1.8997184,1.312591,0.97165906,0.74412864,0.6366443,1.751479,0.8694476,0.20775963,0.067727596,1.0379843,1.2426256,2.8538687,1.6872745,0.1979781,0.6917343,0.65577227,0.49902716,0.4272212,0.120197274,5.4639506,1.097578,0.41361433,0.7402873,1.4244331,0.75977254,0.7397126,0.4878006,1.9346747,1.7543409,0.18351415,0.8642319,1.878551,0.74495685,0.06548725,0.36171106,0.4578147,0.6000024,3.3265698,2.0627766,0.43048164,0.30342743,0.08867506,0.9867605,0.4320562,0.20880702,0.055787522,0.5477539,0.65168047,0.7304311,0.46923244,0.19364741,1.5818131,1.0046711,0.5115585,0.28424528,0.8054118,2.953517,0.75134355,0.6272044,0.51867634,3.6101482,0.71977293,0.062352534,0.754446,0.60716724,1.3238533,2.582254,0.59391916,0.12193751,0.28601632,0.47694403,1.2909243,2.210554,0.2109897,0.048907876,0.24101514,0.42601776,0.71417975,0.3911167,0.2137784,0.229576,1.8857485,0.772349,1.2893478,0.6534665,0.51289344,0.23444088,0.36648196,1.3865607,1.8608423,0.30923304,2.307479,1.1943415,0.89547014,1.9179535,2.7237732,4.887982,0.9360462,1.0782478,0.45423296,0.32700238,0.24953896,2.7682953,0.65034676,1.1081293,0.0841266,0.7691196,6.2989655,0.7546131,0.36225617,0.24485484,0.5152347,0.041716456,1.1558858,0.6245992,0.16157058,1.1211209,0.07394045,0.37857032,0.9984393,0.92669284,0.06650314,0.379788,0.8686656,0.2534864,0.031716637,0.5041588,0.2191985,0.031820323,1.3347529,1.564281,0.23149109,0.4632643,0.5766785,0.9848239,0.4777048,1.112442,1.2468866,0.93602455,0.89181566,0.53348804,0.7348677,2.420833,1.3128321,0.59903616,1.1055623,0.20425111,0.062224347,0.032406215,0.7064787,0.0010396674,0.29005507,1.4091733,1.6130128,0.73370856,1.4423339,1.103198,0.4145008,0.45602676,2.23936,0.29300204,0.1956309,1.3618631,0.46192193,1.4272274,0.42839426,0.2849527,0.02446427,0.0176219,1.106819,0.35255477,0.27097216,0.7840577,0.55482644,0.3207297,0.4934542,0.17468125,4.6271563,0.32700053,0.7199222,0.53885686,0.87317586,0.26668653,0.025499418,0.72933185,0.15462233,1.2549726,1.5454957,1.5689539,1.112414,0.15691948,0.2463809,0.59054065,0.884843,0.06686627,0.35182494,0.32342502,3.3496592,3.066217,0.127648,0.13979198,0.006730629,0.50018394,0.6560942,0.50704,0.22238111,0.9934485,0.57198495,1.30272,1.0851392,1.7463086,2.4019492,0.4224388,0.30727634,1.5321022,1.4307334,0.9213707,1.5427716,1.5280014,all_pothole_images\pothole_images_new_image_374.jpg
0.5411398,1.1934696,4.441858,0.7348661,0.10696195,0.23155582,1.3581059,1.3842866,0.38780096,1.7774879,1.1393374,0.28245136,1.0736388,0.22962512,0.2136853,0.8647068,1.1564057,0.8294361,0.3760792,0.7986292,0.47799104,1.593204,0.0968056,0.40120843,0.15389308,0.98852515,0.18290913,0.20013136,0.10627105,0.6983714,0.31010297,0.062645465,0.0,0.32888314,0.64150476,0.093987666,2.5473838,2.8509545,0.5936933,0.82235205,0.12892047,0.09199467,0.5958827,2.515854,0.6427677,0.115538634,0.5234115,0.087094665,0.502752,0.36718488,0.9746582,1.8399605,1.0278085,0.63951755,2.3707159,0.34811965,3.2938693,0.009806665,0.14203033,0.34324664,1.6442525,0.6599485,1.2545648,0.010777988,0.045541268,0.21429275,1.2836281,0.34552702,0.99440104,0.15445179,0.34411722,0.04717792,0.8389937,0.48030868,0.6515962,0.9653127,0.68062395,2.1686056,0.2001816,0.82468987,2.1065366,0.114105865,0.70443976,0.50986993,1.7683136,1.3763556,0.40813154,0.09297026,3.7165632,0.8881458,1.2194115,0.3961463,1.1374727,1.315309,0.3043593,0.03546738,1.0087925,2.9675257,1.3816754,0.49553734,0.79930836,1.6340439,0.28429312,0.92961174,0.10065534,0.057043582,0.14254154,0.708254,0.30107754,2.4944222,0.41715318,0.909267,0.11113533,1.0404919,0.18216908,0.2958781,1.6730148,1.1178133,2.341575,0.08360647,0.36362037,0.008816749,0.36551666,1.1731038,0.8686508,0.48277858,2.0370588,0.88774824,0.1387577,0.52924395,0.27423632,1.0896529,0.17021392,1.4040983,2.3728414,1.0286264,0.15554959,0.32931843,0.019812584,0.11501656,0.22197382,0.31076086,2.5739381,0.4174711,0.036697328,0.3059173,0.8513843,0.21615113,0.09731299,1.8443367,0.364781,0.102656424,0.18441978,0.40305078,1.0560622,0.38213465,0.92366636,0.5477788,0.41192606,0.47361806,0.42923102,0.79429203,0.47406605,0.9821696,0.8168513,2.1577427,1.9927716,1.1393778,0.21369222,0.013752975,0.5144529,0.35722357,3.2490022,0.7254774,1.2036399,0.008097737,0.6426479,0.33519006,0.86329603,0.72374195,0.4532475,0.15921175,2.445968,2.5262456,1.2373463,0.94559455,0.46325886,0.99611145,0.33518344,1.4396901,0.09851084,0.16611099,0.51462775,2.659494,0.06674773,0.18863507,0.3748548,1.439684,0.08412873,1.047192,0.29131854,1.8237393,1.0794314,0.22818536,1.5415939,1.1598573,0.30557683,0.61503786,0.6694814,0.7894597,0.7870322,1.2849995,0.52386427,1.4432688,0.07661477,0.9895633,0.4520308,0.34745795,0.5815161,0.4333566,0.7619325,1.2698567,0.34252283,0.02797003,0.8171917,1.224457,0.5060201,0.41915327,0.6573163,0.13406599,0.019371208,2.0438735,0.3452995,0.36772326,0.08070824,0.49700305,0.6951292,1.2924085,0.0,0.06957598,0.26955062,0.10252314,0.84779394,1.0897834,0.0965429,0.18507843,0.7089663,1.1207796,1.1044252,0.34865633,1.0530753,0.343182,0.09288976,0.43590024,0.41770923,0.6638781,0.56211996,0.8627892,3.2923748,0.08979155,0.3190059,0.109795585,1.4343295,0.5761757,0.20706959,1.9238856,0.001487755,0.284361,0.2840369,1.1326174,0.3550348,0.522392,0.4546856,0.60584486,0.23835586,2.1432316,0.79802436,0.08822779,1.0087771,0.14786732,0.12834615,0.15775757,0.05151732,0.79523087,0.69462305,0.4272728,0.5811531,1.1287469,0.31062886,0.8118516,0.78888685,0.95719594,0.399964,0.26510084,0.3831986,4.4131303,1.1474266,1.1024958,0.7295739,0.28990686,0.0,0.77642417,0.1293345,0.52699256,2.0168977,0.04628566,0.49250272,0.53369606,1.5801598,0.39953586,0.72593343,0.8863625,4.913316,0.11902597,0.03487363,0.6707711,0.8862598,0.17875153,1.2974366,0.41453987,0.20493312,2.610782,0.16845252,0.04325299,0.23498021,1.6285036,0.048290253,0.21609226,0.700687,0.38761038,0.6424386,0.8197291,0.16300964,0.46263406,1.2071302,1.1181805,1.7852148,0.03476425,1.0607005,0.094396874,1.1226897,0.8167986,1.0143498,0.1322412,1.1320773,0.33351025,1.2577199,0.09220156,0.0047370987,1.3183061,0.44785985,1.3899508,1.3937963,0.07002889,0.040790603,0.32643205,0.87876016,0.19937441,0.78917927,1.8923912,0.11479877,0.5450776,0.5049751,0.6142519,0.022525612,1.2884856,1.0664936,0.7225492,0.71218646,0.39714673,1.6765672,0.96782064,0.5157761,0.19862023,0.15708388,0.31738737,0.29893222,0.8768492,0.20229307,0.5910985,0.22995186,0.33900684,2.4756007,3.6082458,1.4366231,0.31622803,1.1285896,0.5319338,0.10940394,1.5007533,2.6049407,1.4634684,0.33797398,0.3811516,0.06795433,1.5841774,0.078519434,0.25609303,0.5254383,0.7574033,2.537982,0.033342097,0.7683169,1.9958268,0.1246013,0.25112024,0.156917,1.3600446,0.054693114,1.0717463,0.44720778,0.45748943,0.7017773,1.1549807,0.3208432,0.28419787,0.09434841,0.05053718,0.7490131,0.6540713,0.2134678,0.18729016,0.48512793,0.3871009,0.12850174,0.002027359,1.9776477,1.2925122,0.6916284,1.177699,0.39628103,0.011455941,0.44276026,0.51838076,3.0429661,2.839806,1.3634791,0.01807988,0.09018569,0.039799336,0.5778957,0.7429442,0.070055105,0.05873138,0.37727496,0.33874255,2.075611,0.5120736,1.3013124,0.025473678,1.2354469,1.7316433,3.6899014,0.66739154,0.09622254,0.86045647,1.1450572,0.57023317,0.68373495,0.25522426,0.0051796385,0.3747499,0.3597935,0.1240229,1.812693,3.9150715,0.43124443,0.096106194,0.6125427,0.84713465,2.654183,1.4593375,0.32623118,1.8651803,0.63948643,0.77016145,0.15116335,0.07905391,0.3672445,0.008469224,1.4236737,5.001359,0.32239127,0.18652244,0.10496217,1.0122095,1.0106343,0.705861,0.918571,0.53600556,0.80767834,2.3844407,0.32575542,0.90376437,0.3723677,0.0665069,0.14639759,2.2525282,0.51360804,0.11206683,0.27796814,1.2867063,0.22439124,2.2722607,0.48897278,0.0036447786,0.08032016,0.33262768,2.2523339,0.06487579,1.208023,0.80789363,all_pothole_images\pothole_images_new_image_375.jpg
1.101654,0.18060528,0.9270712,0.6121981,0.36048764,1.2474843,0.31468073,1.4922003,0.46386516,0.38033256,0.6817681,0.0,0.39527115,0.0,0.43109214,0.9273311,0.9140796,0.80636114,0.79911685,1.6501368,0.99711686,1.7348115,0.6981227,2.468602,0.037722148,1.2882154,0.25883386,1.9645083,1.4738716,1.0428966,0.87386566,1.0757357,1.0408922,0.30650538,0.22999999,1.2773839,0.5103247,1.3011024,0.89089733,1.978315,0.45130196,1.2521899,0.88636965,0.50476706,0.18814476,1.0185729,0.6130494,0.050405383,0.5748642,0.07628485,0.50273824,2.275185,0.28103584,0.678892,1.6641375,0.0548914,4.236568,0.0,0.70879674,1.4081738,0.25891235,2.3617432,2.2331555,0.27480015,0.9229998,1.4465506,0.3153617,1.1056309,1.7138374,0.51819694,0.21126322,0.30686978,0.9508372,1.2750351,0.5637166,3.0704849,1.232067,0.35907972,0.4867633,0.5110464,0.054529093,0.20548548,0.83453774,0.6154521,0.13415787,0.9739643,1.2948489,0.86487806,3.228535,1.1329011,0.22143462,0.95396996,0.03612407,0.82861155,0.3186413,0.17015284,0.5981682,2.5936494,1.2745377,0.8748309,0.075499594,0.2340172,0.36134657,0.76663065,1.8020235,0.81321186,0.27051154,1.1733861,1.3047347,1.6165729,0.54090375,2.2586918,1.2895466,0.6546885,0.053620115,0.36966953,2.2428648,0.62189037,0.08746441,0.5199602,2.3875842,1.9306015,0.41431484,3.327271,0.1731692,0.010290527,0.23151259,1.55242,1.1752969,0.294028,0.43866387,0.70909667,1.3555428,1.4459287,0.47929195,0.49035802,0.17674065,0.7418124,0.010635679,0.44995913,1.150531,0.52367896,1.3227557,0.92656934,1.3909949,0.51287174,1.1372298,1.9951477,0.66260016,1.4135623,0.8522454,0.20226564,0.013153363,0.43919486,1.4839704,0.003341253,0.5854324,0.6074037,0.4714705,0.75138813,0.7383139,0.026759226,0.12982082,0.98271847,0.28828022,1.234268,1.0930415,0.9824815,1.6141945,0.021751214,0.695444,1.8378475,0.95024836,0.016295288,1.7219042,0.8653954,1.2678181,0.50511086,0.34798473,0.43688858,0.7179176,0.15646313,2.9634576,0.8533191,1.8237952,0.11960038,0.043142516,0.37911713,0.048957337,1.8949267,0.2316413,1.2987972,0.8974902,3.114889,0.23609476,0.31993443,0.0040159533,0.67899805,1.1686136,1.6193464,1.1039456,0.52071077,1.4262947,0.9983583,1.3123001,1.8686683,1.4282436,0.26943475,0.0011604251,2.0791726,1.0803466,0.66725487,1.1461084,1.1815014,0.2527611,1.3131185,1.1245852,0.36169094,2.6047983,0.07556891,0.2540344,0.28256226,0.10209615,1.0719472,0.53555137,0.27586156,0.4311681,3.1257594,0.582472,0.95840204,2.1425931,0.2107284,0.2848305,0.036452156,1.3094468,0.24422528,0.8796552,0.54696614,0.28041813,0.15336916,0.084683985,0.94798523,0.99712837,1.8468765,0.05406006,0.7496117,0.3713617,0.9801438,0.68556666,0.9345776,0.8957689,0.45588863,1.2104936,0.49693453,1.0717006,2.8729098,0.69250375,0.73433584,2.8219223,0.20689039,0.0,0.11471666,1.354542,0.18328096,0.21766329,1.70079,0.078207746,1.6518052,0.13213256,1.1469532,0.6787357,0.69140625,0.29706952,3.9162102,1.3252293,0.53692937,1.8952818,2.2782967,0.5647581,0.769973,0.41000068,0.58167505,0.18219511,0.5283651,1.5852715,0.05997504,0.98208857,0.3223375,0.36445275,0.49847513,0.65082663,0.5668226,0.6253255,1.464579,0.42201647,1.3374925,1.1514384,0.35039845,1.2030331,2.1121209,0.043445528,2.1127527,0.59683657,1.7109926,0.67166185,0.57063377,0.083300725,2.487974,0.5675484,1.3373297,1.5577861,0.11247886,1.7794288,0.85273397,0.45699775,0.5342962,0.5301537,0.15121518,0.0985929,0.32001582,0.28081542,1.3272289,1.7506958,0.7348824,0.5172319,0.43030474,0.3466965,0.0134001635,0.70273066,0.7553127,1.2705513,0.30541906,1.739208,0.31378934,1.9624045,0.105337374,0.43005377,0.24500608,0.36199486,0.11825544,1.7013056,0.7470681,1.0443825,0.3384119,1.1766795,0.28744778,0.15035827,0.6309157,1.2207602,0.64747185,0.036291305,1.9739501,0.21202917,0.035022248,0.32757637,0.2566802,0.595696,0.44908655,0.10612102,0.61448807,0.29247257,1.0587361,1.5098618,2.5870662,0.2525935,1.3033118,2.1689568,0.7936093,0.64626366,0.47657517,0.9065296,0.3820468,0.09994158,0.07183363,1.7986177,0.3965093,1.7785889,1.9929247,0.4184354,0.5675995,0.045010507,0.03069797,0.6930777,0.7965161,2.722282,0.35372308,0.080521345,0.08864175,0.7904461,1.2137519,1.3940241,2.2226577,1.2173709,0.2025486,0.0,0.21781324,0.17734458,0.24301802,0.636132,0.3216531,0.25230196,3.7997518,0.37871045,0.5860851,0.44476396,0.11897103,0.056574598,0.5593947,0.03641411,0.24648428,0.5008597,0.7593773,1.9684433,0.4641716,0.6706034,1.1356729,1.0127193,0.07906276,0.5828332,0.55101186,0.678253,0.9569858,0.61987454,1.3888239,1.7443773,0.105535775,0.9902902,1.0030086,1.2407374,1.6260109,0.3467377,1.1406866,0.70393324,0.8809419,0.43937418,4.2601686,0.5262657,1.555104,0.5830085,0.4158116,0.6037427,0.43673098,0.57735586,0.42951894,0.23764646,0.0,0.6976552,1.1786937,0.51032513,1.0693343,0.3158561,0.63438046,0.19666241,2.134251,0.139419,2.0360548,0.87569475,3.118212,0.16347888,1.5673083,0.8202513,0.8831262,0.9023822,0.16599199,1.1467235,2.2883294,1.5758572,0.3801595,1.8246315,0.82671916,4.021752,0.34734502,0.12577717,1.0113268,0.3522354,0.34105396,0.45504963,0.60876435,0.33429572,0.28751037,5.417839,3.1213021,0.0,1.8774557,0.17156126,0.678685,2.8705306,0.8788734,0.17237422,0.7530282,0.5422995,1.9612566,0.3177875,0.6308417,0.3910098,0.5326485,1.2377712,1.4862561,1.3585379,0.068595186,0.024877774,1.552355,1.1898209,0.4576328,1.7771212,0.6483056,0.09041378,1.8131639,0.6953023,1.135156,1.5558574,1.177545,all_pothole_images\pothole_images_new_image_376.jpg
0.9965218,1.8536426,1.2905382,2.024591,0.11446106,0.88466215,0.21085194,0.0,0.3107261,0.8423804,0.15299882,0.017049028,0.25771356,0.5620941,0.04247675,0.8346419,0.59541374,0.16799565,0.39050293,0.113273315,1.0886204,1.3851801,1.8964775,1.5525706,1.0433971,0.22332017,0.19970535,1.7618738,0.23616695,2.9724445,0.7429299,0.06091625,0.029556338,0.70232695,0.27607298,0.265383,1.356448,1.2227967,1.924956,0.04999377,0.01095618,0.66104317,0.69477797,0.05831128,1.206219,0.3884222,0.20206597,0.05147866,0.31903565,0.0,1.2040617,0.7587986,1.5023245,0.4008415,0.033161346,1.7501012,2.1140568,0.9487638,0.53094023,0.0,0.028575215,1.0505167,1.728264,0.7695562,0.29318103,0.75477266,0.5068415,0.27994454,0.8164186,0.15819857,1.2532511,1.2016727,0.24423367,0.56393063,0.82463515,0.62361777,0.7765729,1.299841,0.005556063,0.44233602,0.032437436,1.0496831,0.7868623,4.155253,0.36482313,1.4179873,0.3623144,0.31489715,3.1961305,0.8837224,0.09187724,1.1640437,0.36828426,1.7987261,0.114100374,0.0,0.98748094,0.2056399,0.1656577,0.24754131,0.45075473,0.9343219,0.2284084,0.026623102,1.7860146,0.0015023226,0.16509865,0.2766936,0.110402964,0.6534603,0.43290153,1.7275667,2.1668253,0.04509382,0.037160236,0.43281454,1.3529181,0.20576715,0.6927325,0.00918338,0.95865196,0.5133891,0.038216263,0.12619482,2.0293603,1.0206652,0.8686341,0.088100195,2.5694861,0.6638556,0.33391616,0.0,0.20936978,0.95892984,2.6964726,0.25335744,0.6113142,3.0504305,0.7737528,0.6154954,0.5154261,1.7656591,0.4651262,1.432928,0.33166975,1.1137007,0.04253328,0.49161163,0.2816405,0.59096617,1.046875,0.6280447,1.1864473,0.28270695,0.97316444,0.60913974,0.12266835,0.15397367,0.028594362,0.37780824,1.4295187,0.40104866,0.33103746,2.8866484,4.822404,0.008395001,2.4767015,0.00075324497,2.1964834,0.5121531,1.3848094,0.12070093,0.024878496,0.013293405,2.1157918,0.08375225,2.2566702,0.07279262,0.4789217,0.16014764,0.24649328,0.8012703,1.5589633,1.0983734,4.2966294,0.16741632,1.7533271,0.9764641,0.33697587,0.3173968,0.03696734,1.8191097,0.0031677485,2.18401,0.4917794,0.06896357,0.6865487,2.4766383,0.84938663,0.69722635,0.8810052,1.6966549,0.6652251,0.9487703,0.25501218,0.35166028,0.15373446,0.51246053,3.457879,0.4700498,0.043741383,0.40791595,0.8453402,0.42647344,0.55136037,0.9946199,0.8575043,0.13683671,0.36597466,0.5703429,1.0193552,0.1876653,0.9696124,0.49361342,0.055132728,0.2609504,1.5937232,0.123574235,1.3528825,0.032398287,0.16308342,1.5690268,0.4800054,2.3099988,0.81782275,0.22707109,1.2652133,0.00727021,0.5150701,1.4599901,0.052855555,0.7816844,0.50289077,0.47680888,0.8593273,0.097967215,1.1005856,0.24985628,1.2984556,4.60509,0.6650791,0.39406133,0.9145419,0.21929583,0.5105875,0.0854227,1.7969688,1.0605776,0.60128945,3.1135528,0.23948914,0.6953018,0.64613557,0.5417578,0.84146726,0.8421354,0.35963368,0.6183035,1.3507044,0.52775705,0.40092272,0.2603541,1.9125428,0.7091034,0.42964584,0.2932424,0.8650317,0.6803402,0.23106976,0.9899175,0.32196978,0.621985,0.25643796,1.2511888,1.0606307,1.8082367,0.37626866,0.986997,1.334959,0.24065337,0.46756217,0.5179156,0.24459286,0.9541629,2.1258192,1.253642,0.5209617,0.65655935,0.2203513,0.63175136,0.07708816,0.4662761,0.017611109,0.09450455,5.789858,0.42453656,0.17629296,0.4186228,0.52036965,0.034050085,0.2469235,0.6567714,5.025407,0.7404913,0.17646068,0.8786057,0.423334,1.8248492,1.15872,0.36567324,0.42403668,0.0780927,0.5907963,0.97461045,0.35455236,0.5154584,1.8434771,0.0036134948,1.5540854,0.09889264,6.6527925,0.19310944,0.23581341,0.11758767,1.8868588,0.02637728,1.562705,1.1073909,0.5733178,0.08554687,1.2083483,2.0893528,0.9797596,0.22597136,0.52324915,0.8426451,0.4065285,0.05356578,0.7212272,1.3090235,0.19073111,0.5495318,0.2075641,0.82603544,0.11470805,0.14791162,0.23105252,2.1963382,1.154248,0.9047219,0.030002002,0.39646038,1.3195696,1.7174357,0.070790224,0.12399684,0.9600983,0.847124,0.22953644,1.0051751,1.0649924,0.38550204,0.6016544,0.0,2.2988057,0.52651465,0.14308354,0.24517533,1.4511862,0.44412094,0.52160233,0.31703863,0.66815615,0.6247847,3.526235,1.7386767,1.8241365,3.0697143,0.29980966,1.4071397,0.17963023,1.7701957,0.82649463,0.791457,0.46931526,0.33512908,0.046074342,1.5499573,0.3723549,0.2780669,0.97328323,0.9018336,0.3208502,0.7649366,0.6760179,0.61436474,0.24977294,0.30926654,0.31351113,0.48243293,0.45488107,0.16972987,0.18001159,0.7000665,0.42606214,0.13157369,1.1656448,0.50613284,0.4813869,0.15281492,0.1880799,0.06351795,1.3625896,1.1154108,0.87669855,0.910437,0.6274076,1.4128586,0.4933017,1.2792065,1.1153795,1.0421041,0.0626215,0.27026764,0.092391856,3.5871363,0.90894294,0.91567385,1.206874,1.0227635,0.81675094,1.9064982,0.9256042,0.24552959,0.09053324,0.14928535,1.1893562,0.6885885,0.17531314,0.35696876,1.0232775,0.013614476,0.91036636,1.3765349,1.2413626,1.9300315,0.58265585,0.2961047,0.51038855,0.78712773,0.18791716,0.2123979,1.1086378,0.3137402,1.4220637,0.67135125,0.075054616,0.6440844,1.187133,2.0182488,0.6894112,0.335322,0.7329123,0.15426515,0.27248985,0.23404093,1.7067342,1.0488242,0.0850811,0.6917248,0.12296913,1.7744237,1.8022466,1.0852829,0.0,0.7789135,0.78379214,0.012725946,0.9281772,0.004511787,0.12940338,1.1230669,0.3477088,0.06770972,0.0,0.0,0.37926817,0.08968258,1.1311744,0.057052508,0.22821344,5.1751323,1.0840143,0.8362299,0.3439865,1.1327533,0.117543526,0.626869,0.1700736,1.0257527,0.18710892,0.44021377,all_pothole_images\pothole_images_new_image_377.jpg
0.7861408,1.1529484,0.56274664,0.3256882,0.014338776,0.9960906,0.078602694,0.070252955,1.3861183,0.35904303,0.8948958,0.18738699,0.6067391,0.04780528,1.4494761,0.7887343,0.24333423,0.22364537,0.91848147,1.7970241,1.9060384,1.4445572,0.53009766,0.8837606,1.6377115,0.43458495,0.9429444,1.8918796,0.40740207,0.5276366,0.43273395,0.057353243,0.9948176,1.4640266,0.026935255,0.47144255,0.13352306,1.3484528,1.5425605,1.0935073,2.0298529,0.16591437,0.17197993,0.32041383,0.16368371,0.007514787,0.7278694,0.2641771,0.6424694,0.47764018,0.007053586,0.55921805,0.9979584,0.02020468,0.5353698,0.25279903,0.91742456,0.19993451,0.38601527,1.07838,0.42506084,1.1158195,0.59779227,0.20872276,0.114299126,1.3219693,0.14915219,0.14673351,0.774278,0.22964948,0.19568233,0.106281035,0.066225365,0.38687912,0.31034285,0.40988544,1.0797981,0.7226799,0.11884044,0.19624299,0.60493743,0.46063575,0.32430017,1.5990285,0.3589061,1.233776,0.11674234,0.531111,1.6084058,1.0072757,0.021217914,0.121963374,0.4005821,0.29162386,0.7995046,0.31256375,1.357365,0.32920408,1.9079639,1.232112,0.47975242,0.99016446,0.21828648,0.4186409,0.6379621,0.2930743,0.15965849,0.25007817,0.4665818,1.3415003,0.2867276,4.323182,0.43425167,0.18446721,0.0,0.35948655,2.2102463,0.41764814,0.83731693,0.34368706,1.8617531,0.25549856,0.14621368,0.8913591,1.0830665,0.18524002,0.073807776,0.18393058,0.76259065,0.2653053,0.40473905,0.17739126,0.4904816,0.30077493,0.51043063,0.6991389,0.77123696,0.64458674,0.21327914,0.35412964,0.030482352,0.3591393,1.371936,0.019716047,0.73599535,0.1474803,1.3170029,0.6270581,0.116562374,0.046229243,0.37056044,0.1459326,0.1208169,1.210512,1.5196261,0.305817,0.043912668,0.16276242,0.22272523,0.93780494,0.7474832,1.5010266,0.13584042,0.49634147,0.26866505,1.1596909,1.0266329,0.74586654,0.5644133,0.6735832,0.12271144,0.3415971,0.9933402,0.15081334,0.5998657,0.003424761,0.2799759,0.0008883759,0.672715,1.5972214,1.4147077,1.7690818,2.5775487,2.974468,3.8087986,1.248363,0.25810966,2.8200247,0.05397867,0.88207626,0.10928317,1.0273019,0.050212715,3.35405,0.41389024,0.22469844,0.91143906,3.5267353,0.8089422,1.0586488,0.0322714,1.4371558,1.2232574,1.0239005,0.6609699,0.4800766,0.8032789,0.3400092,0.35134622,0.4841676,0.49187765,0.005419346,1.2949057,0.24321546,0.3794811,0.250635,0.18361078,0.5314929,1.9169801,0.3280115,0.43242314,0.06661766,0.19909804,0.8972351,0.16968343,0.2351387,2.7073324,0.15700455,1.5398167,0.8733203,0.2668418,0.5464339,0.9822909,0.6383604,0.8511483,0.7766538,1.0129503,0.09625318,0.12752388,0.0,0.51657665,0.36591607,0.7589354,0.29035255,0.124525554,0.0,1.2550666,0.7264843,0.4529035,2.6330068,1.0454607,0.18991417,1.1066276,0.60544497,0.5434091,0.0011754619,1.1735687,1.175457,0.025326103,0.3744947,0.107976384,0.23921713,0.5852233,1.8863012,0.54744565,2.449685,0.4829047,0.8328949,1.754642,0.07052453,0.6491676,0.067532636,0.33331504,0.27445647,0.509035,1.0166326,0.9550037,0.763953,0.17589934,0.4805282,0.073369406,0.9481796,0.1675451,0.3389458,0.8053109,1.2070793,0.3697888,0.52832484,0.00018323766,0.0,0.8579791,0.43146482,0.582195,0.48717862,0.33451664,0.19254033,0.116902545,0.2924804,0.6819487,0.46031874,0.41229188,0.5179136,0.014503902,1.1060814,1.3103573,0.02486982,0.21796687,0.6362988,1.0443919,0.5106839,0.54137367,1.789155,3.902144,2.5885365,0.0001760267,0.47951373,0.56980807,0.24747431,1.3809114,1.4267344,0.61330694,0.0,0.4762679,0.30266756,1.5503242,0.8549946,0.5482692,0.0,0.03841143,0.98004276,3.5040038,0.7693855,0.01637775,0.30583277,0.5730405,0.6240724,0.3452197,0.6557008,0.09076509,0.03744869,0.9890496,0.85906345,3.351342,0.62080705,0.789744,0.08096378,0.28433532,0.415152,1.3546361,0.8259828,0.30888245,0.8680244,1.096629,1.7357637,0.73006827,1.1731195,0.012304008,1.2017213,0.47825304,1.175224,0.031205352,0.5243749,0.3184966,1.1129584,0.52481437,1.4454119,0.8788817,0.7294848,0.30338186,0.03230859,2.9594762,1.0899559,0.9020093,0.48572132,1.1741803,0.2181885,0.7652026,0.29834402,1.551169,0.7368171,0.7173483,0.2841667,0.32204184,3.1859396,2.0705423,0.37804288,1.0841929,0.08929441,0.0,2.0630345,2.082211,2.665668,0.17399006,0.42544952,0.2290316,0.6790393,1.0579793,0.22706811,2.9694884,0.26718938,2.0210376,0.04342256,1.1955497,0.11249963,0.09909051,0.7824616,0.4506719,0.5318637,0.13102148,0.0,0.30975208,0.79641914,1.2509699,0.27475357,0.045590185,0.42327002,2.07523,0.5637984,0.60729086,0.5565776,0.73163533,0.19616088,0.6185802,0.98449594,0.77375704,0.0074138083,2.624506,0.3440656,1.6588951,1.413373,0.072394796,0.61145526,0.5541352,0.0034771732,0.48836866,4.690695,1.8661683,1.0271602,2.6048226,0.42425174,0.23900074,1.6124411,0.015758913,0.096198715,0.42070705,0.24679779,0.6737391,0.7537025,0.039664965,1.7113105,0.36574173,1.8978401,0.18012486,0.8171944,1.3960549,2.080349,0.15715523,0.8889367,0.68472296,1.2299726,0.07459075,0.26583958,0.5894459,0.13083713,0.33720818,0.93121564,0.5795286,0.2414912,1.0540811,1.7141873,1.7939832,0.48412502,0.79033816,0.09926929,1.0028706,0.29566664,0.7799023,1.0757872,1.6862665,0.0022097484,1.881812,3.9631784,0.76450706,0.5086167,0.37814596,0.49704927,1.3296206,0.4715098,1.262462,0.81390065,0.8911045,2.497418,0.0,0.12104627,0.04223508,0.13993512,0.18117192,1.587523,0.07014666,0.3599123,0.10196301,2.2220387,2.7772446,1.2522967,1.3647604,2.7438974,1.1333643,0.85587245,0.58517164,0.32498026,2.7455657,0.76247823,all_pothole_images\pothole_images_new_image_378.jpg
0.81910706,0.06749045,0.09803902,1.8998114,1.2961814,0.15206906,0.09295794,1.1513067,0.024144514,1.7830907,0.08589026,0.2713767,0.021244004,2.8339415,0.13829067,0.27914986,0.4177749,0.16980515,0.21006128,0.5024897,3.1736634,1.4063748,0.07974727,1.0330393,3.0477014,0.6796882,0.13697049,4.6533837,0.15502785,0.03914975,0.36241055,0.10826588,0.03049265,1.5509198,0.0,0.24704152,0.57130957,2.118568,0.9331079,2.2647746,0.0,0.23864278,0.46285635,0.8482166,0.13267142,0.69610834,0.0,0.12986775,0.04450324,0.9183253,0.322383,0.0,0.9721303,0.06768735,0.054450415,0.30370882,3.2631016,0.05869254,0.0,0.022772038,0.4768535,0.14842258,0.48712343,0.85506845,0.06678343,0.67467386,0.7229065,0.40057406,0.08596053,0.30100337,0.85180134,0.20940195,0.90891063,0.005388445,0.4734595,0.86652964,0.0,0.46467134,0.072668955,0.24536003,0.03645747,0.5142279,0.32901514,1.9918255,0.039059684,0.012328956,0.004997993,0.7087841,1.6239804,0.023023231,0.16913311,0.446042,0.83665276,0.47552365,0.17612904,0.24953791,0.2565372,0.0035638993,0.4661774,1.3021237,0.28724983,4.4276514,0.37568077,0.031445302,1.0343056,0.4052956,0.10682746,0.27636766,0.014083115,0.4958956,0.062476486,0.1792855,1.2739031,0.30326378,1.522024,0.54285395,0.08640036,0.010461479,0.11994739,0.5533161,4.596737,0.33488387,0.0040999134,1.3089452,1.4839312,1.3213192,0.292035,0.58635175,0.17228414,0.63014746,0.09661955,0.015843427,0.042141855,0.17423868,1.9332922,0.7960542,0.94439745,1.1877065,0.09222442,0.00080918026,0.07078919,0.37694192,0.3460128,0.112163305,0.36923152,1.6178523,0.13564542,1.1529944,0.010082731,0.016554136,0.5371163,0.512392,0.015234061,0.60995567,1.3880453,0.79995304,0.26852557,0.8834051,0.17141339,0.096179776,2.0851479,0.85329485,0.1175889,0.3782523,0.05803531,0.6676697,3.166165,0.15722439,1.2194704,2.3369892,0.11303717,0.0808288,0.6216192,0.023015503,0.0,0.63814473,0.5720663,0.018651552,0.035762493,0.030965079,0.4042397,0.43133304,1.5351211,1.0415107,0.3341188,0.07409352,0.008807631,0.18633838,0.009364423,0.13931306,0.20327105,0.007685356,0.22684424,1.2543927,0.8944448,0.48690274,0.8481385,0.0,0.3650207,0.3337403,0.7293038,0.74212885,2.9022284,0.22192764,0.07981902,0.022605278,0.82758117,0.20891726,0.106595434,1.9053223,0.0076938476,0.0019804263,2.0134938,0.1414756,1.0123162,1.7965194,0.41093978,0.1071498,1.084282,0.28702986,1.4639579,0.07999973,0.0045617134,0.3222909,0.0,0.43606028,0.96565866,0.9729236,0.8859469,0.52074283,0.041674472,0.016201947,0.38040385,0.28437385,0.31900603,0.061490193,2.343736,0.1286343,0.07421885,0.25198293,0.336023,0.0,0.6131661,1.2390081,0.2139876,0.0,0.262283,0.33359593,0.25767735,4.3782163,0.95381457,0.92193556,0.040839627,0.050227117,0.4923617,0.0,0.07033466,0.6897139,0.52983475,4.3767443,0.5957947,0.0976529,1.3134619,0.008357522,0.0,0.017068496,1.2783184,0.10042626,6.2555614,0.014810592,0.23693562,0.010577029,1.9452069,0.003091436,0.0059197573,0.5660348,0.0,0.10988643,0.5237018,1.859697,2.2957501,0.16368048,0.044353914,0.68683916,2.056834,0.032180253,0.52501506,0.50974023,0.23381583,0.2699552,0.14207092,0.010241709,0.23700447,0.4161918,0.14397313,0.4089625,0.26955998,0.32525867,0.19230533,2.9596314,0.19223522,0.23089346,0.0023337202,0.20244364,3.1993968,0.11671928,0.14509097,0.00545685,0.2089096,0.22318505,0.12171879,0.6433759,1.0664154,0.4840836,0.17157401,0.054289628,0.34541848,1.1474962,1.864345,0.2317144,0.033652622,0.0,1.2383031,0.46529192,0.30289134,1.0353937,0.11190571,0.08231612,0.00055235665,0.33898675,0.13128859,0.5585067,0.17755762,0.028480733,0.0,0.029604826,2.569713,1.2114408,0.52173436,1.6256063,0.2870564,0.05147305,2.624939,0.34622425,0.10388417,0.0,0.19769835,0.65887105,0.25008345,0.048240215,0.02352547,0.3979447,0.029322166,1.461601,0.79755086,0.06691776,0.03624084,2.4503615,0.3885802,0.5783299,0.101347744,0.2440873,0.008908921,0.08374195,0.0031544648,0.0,1.7482814,0.07644127,0.2999735,0.0031327787,1.8188998,0.10316459,0.25187674,0.4260819,0.09183891,1.0654062,0.034590993,0.0,0.1501769,0.04961987,1.5344067,0.0,1.3849305,0.06668087,3.270688,2.5208693,0.5902524,0.0035833826,0.09507327,1.6770514,0.67451537,0.60004133,0.008141074,0.17044559,0.00043412397,0.013323153,0.997796,0.01540196,0.22867604,0.15174137,1.0366538,0.6039176,0.7808124,0.13264869,0.0032028838,1.1290244,0.43425956,0.30390948,0.92594504,0.48980063,0.79014724,0.1581611,0.0032325282,0.054509792,0.032936722,0.33105257,0.07058351,1.068017,0.96563226,0.09591363,1.8529401,1.6021513,0.43085945,0.6626634,2.7915895,0.015043994,0.95691586,0.014476662,0.21612105,1.6773765,0.6093253,0.1397885,0.11202537,0.026331117,0.38447532,1.976882,0.06947135,0.59761304,0.004893375,0.01172743,1.4700526,0.74843913,0.0,0.0383387,0.3043249,0.5069545,1.1037865,1.7690797,0.34002772,0.50670457,0.6955311,0.9509375,0.20101017,0.0,0.8484378,0.929074,0.41842836,0.81960404,0.76699346,0.8952003,1.4513607,0.0035218261,0.30411413,0.0,0.06932825,0.4412342,0.096443474,0.056948874,0.9232942,0.35694528,0.32269037,0.6647842,0.0,0.09608796,1.6630208,0.038291857,0.0093740085,0.021874486,0.37703127,0.77923214,0.47312817,1.190734,0.31261647,0.3146713,0.045121223,0.016545044,0.59806836,0.080111094,0.1777354,0.0,0.440734,1.0666145,0.07872706,0.002793044,0.014080635,0.04919377,0.20190461,0.79515725,0.78459334,0.026957106,0.5352425,3.744927,0.021426026,0.5882622,0.06661745,0.26822522,0.6219041,0.6132307,0.0,1.5466355,0.5105901,0.17394575,all_pothole_images\pothole_images_new_image_379.jpg
0.32153165,4.98323,4.3466287,0.76272106,1.3567694,0.544849,2.0353801,0.5734758,0.42905706,0.27242264,0.7248289,0.3737723,1.4719292,0.074377455,0.5902636,0.03796697,1.41604,0.09883027,0.283591,1.4247587,0.010929184,2.0863333,0.7090991,1.7625847,0.03563834,0.6336178,0.18133223,1.0897226,0.068697765,0.4782169,1.8475883,0.2636074,0.5631025,0.11726874,0.6450682,0.78334224,1.0571537,0.34035492,2.19003,0.65971375,0.949108,0.48760256,0.63853806,0.7795701,3.3388128,0.5270059,1.0536326,0.007422712,0.30356842,1.2932341,0.39226466,0.17823024,0.047998987,1.7408438,0.15815169,0.7107788,1.0593512,0.099121444,0.14168714,0.3568407,0.1459688,0.4317697,0.51318884,0.18756726,0.18248661,0.6199417,2.489187,0.7475197,0.7572263,1.2058238,0.40858015,0.5042503,1.6143705,0.14239495,1.0966976,1.0325614,0.7077297,0.7114866,0.3357758,0.12824118,0.52266824,0.6826526,1.9496918,0.599264,1.1697226,0.8115461,0.030652294,0.06792197,3.6751616,1.1352673,0.58616006,0.045792807,1.7472942,0.44514176,1.4945283,0.21168981,0.40387195,2.7920992,0.98598343,0.26039758,0.80125076,0.22455624,0.10050797,0.920866,0.29965606,0.105822064,0.90450907,1.126938,0.6530355,1.2866689,1.5193464,4.746022,0.5422756,0.15431066,0.19412495,0.8032563,0.7210844,1.5906646,1.2723519,0.58147454,0.32812074,0.20888436,1.679008,0.44879878,1.0603946,1.5372121,0.935724,0.6336216,0.5621163,1.0040537,0.81262296,0.5082946,0.05005449,1.4388542,1.1654046,1.8117422,0.7289741,0.10449645,0.97495437,0.7319853,1.5386957,0.5055216,0.83984905,0.101408236,0.15097038,0.5916806,0.013468411,0.03159403,0.55035657,2.1005838,0.41037497,0.29193544,0.56421375,0.028074322,0.2532325,0.6903937,0.6130899,1.4756207,0.6179494,0.5169906,0.6412249,2.0646565,0.9043707,0.15213872,1.3600473,0.043004535,1.351617,0.169351,0.4848868,0.18331815,0.25160253,0.020911051,0.19396937,0.048106994,2.1689873,0.15599364,0.9277677,0.52885336,0.69194853,0.27682984,0.07960313,0.38141227,2.29313,1.3328868,2.3222594,0.41615742,0.9546106,0.76428485,0.369023,1.3358334,0.2926597,0.8617351,0.05138749,1.4641312,0.8308367,0.056542624,0.8318553,2.5933933,0.10940941,1.4625051,0.017774886,0.18008672,0.14220057,0.3149152,1.1808769,1.6086738,0.44181576,0.90034413,1.3081789,1.5228128,0.31771985,0.4152882,0.9475423,3.4007907,0.20387898,0.60392505,0.021921739,0.5511286,0.56263065,0.49720234,0.5136693,0.15533967,0.0885568,1.7081794,0.0,0.321628,0.64578444,0.69595027,0.010087084,0.7505254,0.22099389,0.09706279,1.372512,0.31916288,0.2700366,1.333257,0.12462365,0.27817446,0.03108166,0.06978607,0.391628,1.5035117,0.76834637,0.09661907,0.5274165,0.44075096,2.469681,0.5091529,0.21366413,1.5156975,0.49322665,0.78122455,0.6300124,0.8069425,0.25292885,0.4058141,1.1840441,0.25139564,0.44672394,0.9937661,0.052185263,0.7843193,1.5443847,0.25581053,0.41199446,1.312174,0.79926205,0.38666114,1.3392402,0.53984815,0.4846251,0.06463662,0.47026438,0.5654241,1.2044995,2.720094,1.10413,0.03514487,0.66556877,0.47317177,0.451087,0.19767234,0.084469736,0.8434814,1.4207854,0.60175276,0.47395012,1.4372355,0.8997798,0.9990838,0.6822483,2.5970082,0.10795303,1.2155298,0.2938978,0.043819133,1.604369,1.4096164,1.5747622,0.34942323,0.1849842,0.015518452,0.0047478736,1.8748696,1.8742104,0.5186889,0.29120648,1.4200112,1.7484863,0.2570727,0.2127731,0.8972032,7.471566,0.10835373,0.2477756,1.6905347,0.0010621925,0.3385081,0.6705231,1.2725194,0.0,0.28473827,0.04257934,0.44654593,0.6248977,0.09447149,0.46703905,0.52174354,1.2082249,0.30681574,3.5565019,0.055382986,0.30681443,0.05904621,0.14366475,0.13460344,1.1335628,0.19793768,0.37281486,0.11347842,2.1945,0.8934803,0.8654396,0.25956103,1.4034383,1.7189963,0.7653011,0.031783916,0.28571892,0.8329092,0.0824996,0.51507485,0.45214796,0.7993104,0.061253313,1.6333054,0.052385874,0.1656324,0.43843886,0.032536954,0.60630506,0.20841575,0.15179263,1.3202629,0.05669259,1.0357996,0.0,0.082053795,0.2180548,0.97229236,0.6299631,0.11928346,1.6675707,0.0023386588,0.29270273,1.6358086,0.39770207,0.27165112,0.49990866,0.0,0.03933378,1.8920248,2.2135222,0.41290587,1.6608099,0.8482667,0.6531828,0.36344954,0.8604815,2.714128,1.9416496,2.3285995,0.19572316,3.4338877,0.33678055,0.6469148,0.11528782,0.97396195,0.24145673,1.4877728,0.58778495,0.007986066,0.4265225,0.3297628,0.5618441,0.2592246,0.46032107,1.9501386,0.05849874,0.51347613,0.5087688,0.9014735,1.47425,0.8355876,0.58110386,0.0049156486,0.74624836,0.16813035,0.4861311,0.07907775,0.57194036,0.29862767,0.04225035,1.0751945,1.1907096,1.0958598,2.9077728,1.4238796,1.1346973,0.21153809,1.5182012,0.06460322,0.54659575,0.7330354,0.9580369,1.757453,0.48139933,1.0806031,1.6544604,0.76887524,0.10361147,0.47905686,0.3343659,0.30486974,0.35495216,0.17956163,1.1111089,0.29629955,1.3994664,1.1611422,0.88106287,0.9909869,3.104358,0.11818761,1.0221275,1.0999944,0.63586515,1.6319625,0.074626185,0.22705771,0.20818026,0.4209004,1.3984926,0.32923692,0.587812,2.160025,0.31934908,0.38557574,1.7524694,0.037018325,1.9448029,1.095066,0.9469143,0.4489718,0.8167776,0.41543406,0.26916456,0.4268028,1.2551328,0.40241256,1.1828262,0.75174993,0.48277563,0.4897794,0.2937101,1.4204454,1.3906387,0.48908988,2.1423247,0.14340304,0.47107634,4.498006,0.7483523,0.38544363,0.8183729,0.6210371,0.3328362,1.2638068,0.5836215,1.2649235,0.077695616,1.3719077,0.20493883,0.6615342,0.18893856,0.7943213,0.0,1.8164386,0.18555948,0.43412602,1.0181217,1.6953397,all_pothole_images\pothole_images_new_image_38.jpg
3.2408142,1.5042124,0.3834889,1.5275636,0.77495474,1.4944595,0.56423616,0.0,1.1346797,0.26821458,0.2450324,0.21014306,0.20483074,3.6920216,0.6429832,0.25282586,0.14687878,0.28576267,0.76851714,0.17148228,0.7094546,2.098971,1.412138,0.8045846,1.5900289,0.3397653,0.64589286,1.7268816,0.27516136,0.6469932,0.17172813,0.44549504,0.75712025,0.02850062,0.45397496,0.16626035,1.8437991,1.0999725,0.86891234,0.07900967,0.14115556,0.4173158,0.5850198,1.5738786,0.34028307,0.07660238,0.026826099,0.061963275,1.075652,0.9034104,1.2435439,0.06722181,0.45206115,0.034507163,0.03919921,0.055093784,0.6686817,0.12057417,0.22629926,0.8201701,0.157678,0.033722863,1.5409678,1.2356565,1.1821971,0.040589526,0.52688974,0.051602844,0.048346665,0.29761714,0.6434747,0.66336554,0.1919955,0.9025799,0.43194383,0.37395865,1.7459759,0.9126633,0.38215667,0.09583758,0.9831599,0.861372,0.24849582,1.8722713,0.5299793,0.555551,0.22045769,0.034441248,1.5569499,0.006422139,0.34836513,0.5283799,0.5470959,1.0073926,0.30846664,0.09008535,0.70353526,0.20504723,0.027968768,0.14382805,0.17586358,0.2069582,1.8841981,0.13260238,0.107403755,0.6999312,0.72056276,0.09404904,0.031097509,0.7499235,0.600337,1.9629016,0.9343089,0.00017902302,0.5801419,1.2986176,2.229549,0.4811,0.26539674,1.1020764,0.7803444,0.12404074,2.9009929,0.10776764,0.2285584,0.079073004,0.00878765,0.24979925,1.4337779,2.0381877,1.8211215,1.2130123,0.41445878,0.2207956,0.030683191,1.5171478,0.7875122,0.13614093,3.025464,0.28025633,1.233137,0.6397096,0.1640446,2.2556767,0.912564,0.23864582,0.63602364,0.12268887,0.25604534,0.4955638,0.3390686,0.5529977,0.2468707,0.82917225,0.9336258,1.9110649,0.38663265,0.37781537,0.5073168,0.50913167,0.58064485,0.13894701,0.79157597,2.2175632,0.61862206,0.0066306093,0.8932032,3.3691812,0.35629952,0.41084877,1.284199,0.022469662,0.008766754,1.4990627,0.00020224313,0.39450237,3.7147694,0.37697923,0.3980222,1.4345883,0.04103554,1.062086,1.3454808,0.57649153,2.870217,0.7434334,1.320377,0.2990137,0.085273504,0.030241156,2.2369688,0.13481951,0.2198995,0.14272597,0.36073247,0.3584515,0.53736293,0.45266566,1.8256607,0.8263097,0.14612703,0.14794962,1.1404731,0.7470885,0.39767697,2.4751353,0.13437009,1.5438162,0.4066274,0.014339373,0.90025204,0.18673173,1.1439235,1.7141776,0.8397609,0.39164865,0.6868096,0.0,0.4679903,0.4991782,0.8414056,0.06602746,0.2963099,0.5659854,0.0,0.6286222,1.2889324,0.3719961,2.321381,0.79461366,0.2009287,0.8687643,0.06645725,0.3586612,0.31254345,0.5468871,0.6764118,0.59169424,0.14177442,0.59053785,1.1943017,0.030069891,1.2123226,0.08446761,0.05108555,0.037294824,0.70781857,0.7470909,0.8855835,2.2887552,0.10314303,0.007592988,0.051047727,0.74094844,0.0017929614,0.6374541,2.4239514,1.4132148,0.09351096,1.7420223,1.6160103,3.5292826,0.46522653,0.19485918,0.28221643,0.7631571,0.0033276384,0.66539943,1.0910031,3.1006973,0.026353387,0.24293984,0.31612054,0.0051901746,0.10818355,0.42898232,0.36211845,0.45858225,2.8656154,0.11076579,0.30530572,0.90715617,1.006537,0.05936657,0.85442734,0.43571612,1.2173525,1.2719282,1.6829464,0.53364366,0.18070263,0.96487963,0.5112584,0.25450784,0.21384723,1.4945884,0.69004625,0.49967563,0.8772565,1.1456178,1.2210017,0.74990004,0.0,0.054050893,5.6868887,0.27130103,0.43335456,0.78888065,0.75422436,0.0032621184,0.19786079,0.4083398,4.2226644,0.93377763,0.013975799,0.103082225,0.14508715,0.3019329,1.486069,1.0254838,0.031212857,0.2581261,0.7324637,1.2716331,0.4596604,0.0,2.676608,1.8992742,0.250765,1.4367417,4.01106,1.0321956,0.24145313,1.8382742,0.14751214,1.4792575,1.3905021,1.7054461,0.26451108,0.08304864,0.3478052,1.0443652,1.461995,0.36365807,0.09280568,0.037419118,0.097391635,0.38464865,1.2909306,1.1932523,0.040536113,0.36558333,0.3426843,0.3783519,1.0016801,0.30082637,1.3936981,1.0997111,0.12041504,0.6094827,0.71080685,0.4688558,0.19673145,0.2686783,0.8106441,0.018542618,0.8952927,2.7963617,0.37588692,0.1438782,0.45411715,0.0822734,0.79334575,0.44760454,0.99633914,0.64051056,0.06735255,0.7636059,0.56546474,0.25213024,0.6649671,0.013209327,0.9982717,0.79249907,2.7063944,0.07697825,4.441888,0.645726,0.32678494,1.7908076,1.3700476,0.05148179,0.42550293,0.5831853,0.78642815,0.10375741,0.4149068,0.3411198,0.3829099,0.061644133,2.106566,0.57590264,0.030507734,1.7325919,1.1555867,0.25645512,1.0026113,0.8202544,1.0588785,0.25020605,0.056534648,0.11746923,0.4464168,0.37415645,0.063574344,1.1377978,0.0152378455,1.9822853,0.020020926,0.11551864,2.297975,0.3241384,0.48050028,0.56854826,0.3883796,1.7338263,0.13294984,4.3048162,0.09008433,0.6378374,0.14601818,1.752117,0.119828336,0.4829305,0.3067522,0.89766246,0.3795947,0.65846884,0.09958179,0.21222548,0.89802,0.1296517,0.13501367,0.059079714,0.08958866,1.6843411,2.8234804,0.052327875,0.7193492,0.28061032,1.5526758,0.9398633,0.4345923,1.2286887,0.2773702,0.021892168,0.82504356,0.098965004,0.13126042,0.2966238,1.8175488,0.54226923,0.9296769,0.0029848767,0.13033104,0.14570287,0.15888403,0.5590454,0.0,0.9547161,0.054368887,0.5491161,0.9683168,0.95092475,0.85687995,0.015072922,0.96842283,0.76848,0.94717103,0.5243363,0.07690506,2.315703,0.21750447,0.25621405,0.16825645,0.38839796,0.6788465,0.37946713,0.6644117,0.6477343,0.47420594,0.11944981,0.6363641,0.50181,0.0,0.07528213,0.28720486,0.30683088,0.053478263,0.21805313,0.49309567,2.2201865,0.7206691,0.53536785,0.17378533,0.13676582,0.43552274,0.74611086,0.0818026,1.3831729,0.0055660973,0.25071105,all_pothole_images\pothole_images_new_image_380.jpg
1.330314,0.6046779,0.52226007,0.52791035,2.9899983,0.23789202,1.8853837,0.52606314,1.2429298,0.85342735,0.7644638,0.4379428,0.1279467,2.59008,0.41213444,1.221198,0.40574208,0.4290571,0.5752178,2.9196627,0.30780715,0.43840694,1.0456806,2.924861,0.80626905,0.063998215,1.0893248,0.9204566,0.028036239,0.28149095,1.255619,0.056622766,0.8827305,1.4603283,1.0462402,0.6958346,0.20202352,1.2270639,0.4899425,1.0500691,2.4406345,0.15107328,0.07384625,0.43777016,2.795017,0.98781365,1.2081248,0.22953346,1.4685299,0.010587403,1.5535376,1.6414496,1.3925084,0.85966265,0.48568562,0.45369843,0.9683897,0.15148519,0.963997,0.79967064,0.08697272,0.103143916,2.0474155,1.3563095,0.30167276,0.34462464,0.20166582,0.37182847,2.5047984,0.5099282,0.52405685,0.6436015,0.9065682,0.28548208,0.06795377,1.6258252,1.2066736,0.076476656,0.28731883,0.5122102,0.21054898,3.3161356,0.8909157,1.1169807,0.5118058,0.056332942,0.7420776,1.2453573,0.6017586,0.7071219,0.57028365,0.55196786,0.69389623,4.2899623,0.31146377,1.8305222,1.4493669,0.46012637,0.47747245,0.28059372,0.12344113,0.43321994,0.04011729,0.15927543,0.21864507,0.6246087,2.3034647,0.30440244,0.38800213,0.42802536,0.38989186,1.1081817,1.5315007,0.32571682,0.5274648,0.75500166,1.1737454,0.661921,0.6537474,2.2963624,1.8612399,2.789362,1.3658144,1.7767462,0.58872694,1.353103,0.21438862,0.21003023,0.20738979,0.92415595,1.6495856,0.0,1.0151951,0.42971465,0.8269222,4.0669484,0.57972157,0.3602225,3.4551432,0.5413317,0.229056,2.918208,0.18233894,1.6012387,1.2423996,0.08086052,1.2450742,0.56960046,1.7956225,0.61778235,0.2360444,2.1586444,1.517535,0.4479585,0.7053408,0.76827085,0.39985088,1.0711993,0.0,0.855918,0.68570155,0.6313674,0.21951601,1.4723884,2.271505,2.7135034,0.21842496,1.3312484,0.86205226,0.5015211,0.15253119,0.30010426,0.026712738,1.1047353,0.74306345,0.50458497,1.4232099,1.2230664,0.8427658,0.36706161,0.285253,0.53913736,0.9460167,1.3589101,3.1737053,1.5784401,0.9842476,0.2359792,0.018130993,1.084123,2.3911788,1.2407186,0.051581588,0.45067647,2.3560607,1.2028874,0.26666605,1.3793778,0.7132472,4.8593655,1.5654672,2.1834304,0.38026252,2.068932,0.8479197,0.50469214,0.7319627,0.09346966,1.3634547,0.33382344,0.41770887,1.0219173,0.85008097,0.87739664,0.6190807,0.5489112,0.2276347,0.13426588,0.72394407,0.07008982,0.0,1.5000511,2.2685285,0.32421613,1.5448163,1.6888033,0.7399587,0.6921342,2.3233657,1.5339818,0.71846896,0.086899094,0.4907374,0.0,0.33812997,0.017575243,0.93122065,0.77579826,0.8262673,0.15356922,0.51362604,0.7871559,0.0807683,1.4102267,1.0600373,0.97256804,0.6786831,0.45426512,0.0,2.8249786,0.73210776,0.9492204,1.4471416,0.08535263,0.32861418,0.3174247,0.1692441,1.9466232,0.53478616,2.1193454,2.6929662,2.6462097,1.5688356,0.68649226,0.31951612,0.12927651,0.10468786,0.56918985,1.2038034,0.24136151,0.049782023,0.14817673,0.031892773,0.01915166,0.47811562,0.9638779,0.9123113,3.412977,0.7473518,0.7568177,0.0,1.8825655,2.6865377,0.78210104,3.9244053,1.7269714,0.5848576,1.109071,1.4262929,0.1554634,0.59834975,0.046046875,0.8907105,1.0267234,0.74046665,1.0285321,2.611118,0.74727744,1.1391939,1.6200057,0.0785025,0.9346595,0.8171612,0.1999027,5.6305285,0.61203194,1.2463012,0.5926422,0.14767219,0.56137997,1.2324536,0.8365543,4.239638,1.6867806,0.99370295,0.080384575,1.3127265,0.86040103,1.0699797,2.4449892,2.2650514,0.6648092,1.0582081,0.987661,1.0784615,0.5905339,0.36968136,3.5949647,0.4927417,0.32990548,2.6561291,0.2815991,0.1860248,1.0088127,0.6105403,2.542039,0.74086607,0.8458458,0.45876047,1.4531609,0.66962004,2.7919557,1.9565463,0.6325984,0.13089226,0.93657225,0.550494,1.295038,0.802294,1.7690173,0.2315905,0.56168455,0.32886994,0.7396058,0.064964615,0.21256644,0.50656486,3.4662387,0.66830647,0.20461114,1.1422632,2.9805882,0.74529624,0.30375165,0.45343763,0.502604,0.41128725,1.2420771,0.7057732,1.1140637,1.2272128,1.0814673,1.0288208,1.368233,0.10653165,1.182492,1.2457552,0.1410235,0.065882206,1.6288025,0.94153655,1.7046345,0.63310444,0.35708338,2.3032823,0.40415826,2.728341,2.6256287,2.2602715,0.24443501,0.07015635,0.24301857,0.71932894,0.4569913,0.25701222,0.11333832,0.9526576,1.8059962,2.4162679,0.2282809,0.58533347,0.38935634,0.11787092,1.0585825,0.48626843,0.12882042,0.86332124,1.1403899,0.3231226,0.015648583,0.60565054,0.14213204,0.18489087,0.25853488,0.45834497,0.7512829,0.21075474,1.6156995,0.7812556,0.23819543,0.43578294,1.6717354,3.3787336,0.46254697,0.2594629,2.708009,0.07793434,1.7322129,1.1363223,1.1439912,0.27380273,1.4184088,0.70687383,1.0028427,0.21422514,0.92816037,2.2552636,1.1964792,0.039326057,3.1678162,1.1301304,1.002326,0.36961585,0.027686238,0.37897545,3.3729844,1.3668723,0.7864604,0.039349113,2.9945195,0.4000664,0.0007461347,0.9652054,0.5748443,0.120318525,0.16535486,0.9519427,0.20180698,1.0152779,1.9633241,1.518782,0.5996363,1.0541116,0.8062856,0.2982385,0.8196978,0.8067726,0.6387915,0.72463024,0.8797451,0.65153825,0.8843692,1.6011254,0.36225292,0.7041687,1.3820032,1.9268343,0.020846073,1.574882,0.021994108,0.5191499,0.9389194,0.14330758,0.8073062,0.47528464,3.3188043,0.60222965,0.08889476,1.4816438,0.18122225,0.17108463,1.1032747,0.22898753,0.1785374,2.7975106,0.11003741,0.6895893,0.16772798,0.46328548,1.3559107,2.7878275,2.168883,1.6856524,0.06715862,1.1346844,0.21272546,0.5433301,1.8951793,1.1098212,1.4550351,0.54923666,0.8870717,all_pothole_images\pothole_images_new_image_381.jpg
0.29108268,1.2549456,0.22125053,1.8526679,1.8165518,0.29111677,1.0119361,0.15858053,0.5803267,0.72040325,0.22718163,1.4570715,0.7788718,3.0199203,0.38625443,0.052659933,0.23221296,1.9032599,1.6375779,0.3762409,0.15819997,1.3197287,1.6360905,2.652234,0.7963844,0.21006294,0.5403436,1.5204313,0.97990584,0.28148857,0.7253263,0.3203133,1.8116019,0.9538758,2.107985,0.57653844,0.5146423,1.7283981,0.16616346,0.29760826,0.013330765,0.052127376,0.5543177,3.5254846,0.39092883,0.1481417,0.25054845,0.00033220107,0.72152615,0.73342234,0.8120013,1.0689033,0.48367375,0.74054766,0.10614632,0.29271072,0.9233195,0.059888575,3.1206615,0.8192225,1.4761196,1.2176389,1.872045,0.34257635,2.184307,1.390356,0.3744281,0.46462888,0.37821814,0.57524586,1.2328649,0.10543777,0.43188506,0.34147885,1.3124137,1.1049863,0.81197697,1.4350092,0.16987008,0.0504076,1.2334783,0.21159509,0.32092443,0.51449823,1.5934273,0.43194252,0.0006938366,0.59913325,2.1163116,0.04713272,0.9724885,0.35017222,1.355177,0.1322761,0.0,0.31668013,2.438459,1.3243828,0.96492064,0.39694548,0.004633012,3.2463157,0.7132012,0.28069818,2.0790288,1.1624947,0.61383563,0.88666487,0.28236178,0.501917,0.38593662,0.9783921,1.1973741,0.3786708,2.4460344,1.6287321,1.7645423,0.47711468,0.53661156,1.2996651,1.137238,0.8654803,1.8459266,2.2353702,0.22622493,0.2790126,0.0061776736,1.4604142,2.0666025,1.5270702,1.5326706,0.2831735,1.785761,0.22986414,0.006868035,2.4709532,0.024290433,0.6183222,0.57491785,0.73503935,0.82979643,1.2547646,1.2193052,1.4791342,0.8198576,1.9485682,0.15968703,1.1177984,0.4249041,0.9506532,0.38084683,1.0368453,0.31201914,0.023270514,1.5432866,1.8867147,1.0965714,0.08549662,1.3108729,1.1314517,1.9676664,2.1525283,0.07825234,5.21421,0.46966007,0.3936428,0.546884,1.0661656,1.3928515,0.35181504,1.5468669,1.6244086,0.7731138,0.6903065,0.09788605,0.9689741,1.5375788,0.29388374,0.37735322,0.7050992,0.22819942,2.7617822,1.7431237,1.4301556,1.2229148,1.09194,0.51275235,0.5268502,1.0019585,0.710298,1.1985434,1.4913626,0.39862275,2.0540078,1.1664268,1.7890235,0.9636671,0.55241394,0.79413694,1.4862982,0.36748448,0.85494184,1.2442448,0.18237637,0.44848937,0.7923813,0.60503376,0.6021846,0.30794093,0.48624235,0.8312516,0.63009495,0.37490165,0.7325491,1.938032,0.38571832,1.3889832,0.5609534,2.9669647,0.48394147,0.25702205,0.49240527,1.0023125,0.33499774,0.110944904,0.39784184,1.4476289,1.1068724,0.048919033,0.38183492,0.9970347,0.1650609,2.1271615,0.15629698,0.78964716,0.11760524,1.4928162,0.6851604,0.21627313,0.68558437,1.5210949,0.43179104,0.98703873,1.3888471,0.36921215,0.12636054,1.5116458,0.98874265,1.6077278,2.601143,1.8139971,0.3169001,0.25715488,0.9221176,0.46774575,3.409572,0.5161728,0.23801476,0.48326612,3.2792273,0.89951044,1.1891801,0.8475708,0.30499843,0.04388426,0.7096477,0.53845245,1.0724281,0.5590472,0.26862437,0.06683208,0.01243173,0.43137473,1.2162799,0.067488424,1.086292,0.8868536,1.7166883,0.91225725,0.6454631,0.040884275,1.0269269,0.4821283,0.60407156,1.2831397,1.6423255,0.8384636,0.8576496,4.1711144,0.3520872,0.6539213,0.08664238,1.2779279,0.7683034,0.9091479,0.63851166,0.68525606,1.483432,0.34478474,1.223892,1.0389256,1.3400432,0.13844778,0.20970055,3.8045025,0.7352597,0.0,0.4723575,0.34615508,0.8447434,1.5058895,1.7608736,0.47145444,1.148897,0.40311986,1.2658591,0.45459676,0.5636863,2.4040792,0.16411522,1.7815613,0.9764636,0.42223778,0.79536396,1.280501,1.2260301,1.2087083,0.7002706,0.36132112,1.1206647,1.3762008,0.0012355511,0.59382194,0.3490006,0.43259996,1.441651,1.7492174,0.3111738,1.6227367,0.13532233,1.5957077,1.4908483,0.09716562,0.23492174,1.9962336,0.2871559,0.1832194,0.4192659,0.115257345,0.99681133,0.76655334,0.54425234,2.1110148,0.21927498,0.462097,0.19126803,1.0601467,0.28410184,0.85826904,0.1330327,0.71873665,0.39693183,0.17862156,0.37522763,0.014641957,0.04591217,2.0071201,3.0746222,0.8731056,1.3065783,1.366597,0.98763007,0.49693897,0.6070574,0.6770053,0.803596,0.47264826,0.0016953344,0.2796531,1.6808559,1.6598177,0.1928164,0.7888932,0.4748546,2.2618737,1.9442798,1.5808975,0.61668086,0.32723394,0.9573222,1.6664933,0.69161975,0.27333647,0.5235807,0.81273663,0.20166352,1.7936566,0.5054852,0.93619365,0.018872041,1.8969383,1.3942525,0.019254295,1.6511868,0.542751,0.73312634,1.6004558,0.37376288,0.039569285,1.3480352,0.6940695,0.36320153,0.24532053,0.16763085,0.020032026,1.4107274,0.6584373,0.80782163,0.6871787,0.07518644,1.48434,2.5459573,2.2098527,2.4113457,2.7806559,1.8888363,2.7032216,3.270925,1.2076625,0.89218324,0.06356484,0.6975716,0.19984572,2.1767836,0.8278248,1.8257947,0.8000366,1.2070937,0.25316134,0.74770683,0.8352364,1.3389488,1.2199572,0.42949706,0.070934184,0.14505082,1.9965408,0.33182147,0.67193335,0.9238854,1.3394853,1.3140533,0.27599716,0.80998445,0.29248425,0.100461364,1.9278519,0.7499464,0.41118956,0.8123253,2.643969,0.763629,2.108607,0.99963343,0.69948745,0.6023071,1.0806412,0.091103904,1.023321,0.67865855,1.8843689,1.7744993,0.07807752,0.9673798,0.5189475,0.91650903,2.6880794,0.24281432,1.9386761,0.15459538,1.7860088,2.3960927,0.6585343,1.8103949,0.025755279,0.2411737,1.7627848,1.1778038,1.9207364,0.38554376,1.424075,0.5318671,0.18121772,0.08314913,0.9271609,0.33910456,0.24543618,0.21051718,0.44134513,0.27377298,1.6052078,3.0946138,0.5819341,0.7417649,1.3390611,0.21395105,0.4683622,0.5340721,0.2666557,0.89436543,0.39283854,1.0204734,all_pothole_images\pothole_images_new_image_382.jpg
0.6218873,1.4389644,1.7896248,1.3017011,0.34238383,0.6878808,2.465728,1.4524581,0.2665043,0.2006414,0.6197306,0.10787829,0.17357269,0.93745637,1.1936864,0.20996898,0.75371104,1.5540141,1.792363,1.1180282,0.7313226,1.7277573,0.832157,0.14805698,0.26771665,0.11732414,1.7947904,0.9416779,0.0006143471,0.8282142,0.20761251,1.1734161,0.13031577,1.1157135,0.05531117,0.5742966,0.12505187,0.6920062,0.03196148,2.163041,2.318915,0.12596953,0.19192919,0.41082135,0.17879537,0.31199646,0.993758,0.37799352,0.49930134,0.86372477,1.0507194,0.66640115,0.801315,1.4751937,0.90145046,1.3721628,0.66794515,0.10586147,0.22204284,0.2237467,0.10682454,0.97569364,0.08564685,0.19227093,0.66070896,2.4799945,1.006994,1.3428259,2.1137867,0.043181576,0.20676585,0.011073237,0.70288515,0.03291129,0.9978929,1.2145886,2.2624595,2.9877813,0.32144552,0.27275592,1.0741717,0.02447514,2.7571237,0.08482383,4.0411386,2.0967274,0.67286325,0.054571964,2.651584,0.09267655,0.3758503,0.37443727,0.17371823,0.2973502,1.8525572,2.2911146,0.47751328,2.537474,0.72030497,0.5910463,1.2640891,0.57453954,0.5421522,0.3526147,0.41067988,0.13295071,0.31223893,3.3838649,0.29917338,1.5580846,0.065559246,6.6287622,1.5602499,0.3562998,0.23256123,0.65811163,1.6475145,0.6171753,2.2239368,0.69387794,1.7736243,0.47844386,0.65181524,0.7527034,0.5033364,0.7037115,1.0338342,1.4571137,0.6228076,0.9955511,0.34945008,0.59478515,0.38003525,1.2063117,2.0280435,0.06758783,0.24854091,0.59626013,0.1646098,0.49380827,2.45192,0.7677186,0.1070461,0.32935652,0.024442632,0.11462784,0.27186257,3.406941,0.74803597,0.067282684,1.2587038,0.7634618,0.5984511,0.015134816,2.535049,0.31038678,0.11399676,0.541449,1.3943403,0.060345214,1.4216137,0.39247024,0.35100752,0.02555183,1.0596722,3.406256,0.7588534,0.4269289,1.7769744,0.6149779,0.12093186,0.066752605,0.75075287,0.018381273,1.2364851,0.019389017,0.91430163,0.35751665,1.4844763,0.656084,0.74083006,3.2204695,1.0799545,2.4700367,1.5058565,0.56352353,2.1782348,3.2503006,0.33092046,0.51026314,0.51038414,1.3085583,0.0,2.49784,0.18620898,0.007038193,2.8183618,3.1709478,1.717828,0.49375045,0.23033889,0.39474806,4.620698,0.16112842,0.53584975,2.5114882,0.14818013,0.7273586,2.5486917,0.49275893,0.87929875,0.19399977,0.46386158,3.2468617,0.53086966,1.0988364,0.25908506,0.4923776,0.2902959,1.446374,0.1410607,2.197063,0.21974717,1.7636383,1.2479346,0.42848617,4.206609,1.0810558,0.02761326,0.66021276,1.0615602,1.5816343,0.13540338,0.7864031,0.20596488,0.5586073,0.5444722,1.8035891,0.10571439,0.11333178,1.0364206,1.4728664,0.068968706,0.3883666,0.5202194,0.67120534,1.1393577,0.21833842,0.2568607,0.8905476,5.4397407,0.15676346,2.0754604,0.5228356,2.2795053,0.5659767,0.20875672,2.009173,2.4261296,1.2548757,0.18823054,0.002541355,0.2953485,1.1634142,0.13159207,1.5459582,0.43149558,0.22895497,2.348864,0.71489877,1.3049283,0.026527632,1.0615771,0.022604855,1.4128851,0.7509768,1.0102459,0.32485497,0.23529772,1.6157188,0.038218934,0.88930815,0.11871177,0.37668535,0.77154905,2.08706,1.3967547,0.2709786,1.123338,1.2808949,0.46471027,3.3057687,0.66991174,0.03436038,0.21416895,1.1864562,1.0495983,1.7517848,0.26503867,0.17003532,0.0,0.49634123,1.3453692,1.4234265,0.5822701,0.9601344,0.51907784,0.5450326,1.6625661,0.06753487,0.86411923,0.5362644,2.7501488,0.32054055,0.03536623,3.1627457,0.0038378628,0.090849586,1.1073711,0.068897925,0.47925434,1.4625981,0.07334144,0.13630384,0.3401467,1.1434433,0.0352746,0.0,0.4034153,0.22725528,1.1749481,1.3503784,1.0520488,1.1499412,1.0470182,0.49918878,0.8405482,1.3830416,0.2692053,0.7084981,1.516539,2.1590908,2.0215998,0.0026177003,2.044483,0.56639236,1.6070842,0.33019155,0.115796395,0.2766637,0.87856835,0.55513364,3.638835,1.5090413,0.057804577,1.2315216,0.7515461,0.6161906,0.43936622,0.5909785,0.12216985,0.974846,0.64931613,0.5734175,0.62351364,0.59835315,3.4247103,0.11750248,0.3837012,0.16630512,6.8785663,1.1822697,0.92456925,0.39388084,2.085358,0.12891686,0.0705839,1.9091936,0.53897375,0.50401074,0.17487493,0.46724993,2.8614564,1.6929166,1.7935838,2.0640142,0.40872183,0.039428588,1.7740626,1.7449412,1.421481,2.1329935,0.7047275,1.1998737,0.19796062,0.23305391,2.078392,0.49986795,0.080007486,0.33879805,4.3255367,0.31407887,0.40888315,1.525916,0.085597545,0.3410829,0.4906765,0.71154594,0.39295885,0.14679812,0.0036281978,0.20884681,1.8380628,0.9679919,0.29493323,1.1766832,0.3117126,0.4041943,1.975726,0.72489804,0.4079589,0.20998085,0.81254786,0.17976126,0.320332,0.48606122,0.72068834,2.3125992,1.8888927,0.5427721,0.15385477,0.8054668,1.0166827,0.35628363,1.3727947,3.0451584,1.7856017,0.4766954,0.9605081,0.21172565,1.1029935,1.4789846,0.07547564,0.12473187,3.5832794,0.0,1.0046271,0.121257365,0.45179456,1.4554278,1.09546,1.7998934,0.56255466,1.0521216,1.4833882,1.7617332,3.101248,0.6950729,0.9636266,0.5748761,0.34929496,2.9345124,0.5125089,0.39561275,1.1728017,2.2535226,0.7061203,1.8881919,1.0967478,0.057117403,3.0238404,1.5037589,0.0955116,1.1917013,2.7874696,1.109712,0.2333142,0.7084252,0.93977135,0.31570497,1.8868958,3.8670416,0.38248584,0.15234108,0.07685203,1.0769498,3.6993494,0.23851334,1.6280788,0.7425842,1.6126645,4.4262447,0.0072720014,0.5619895,1.8517123,0.7299131,0.29182377,1.0722779,0.4018009,1.4409205,0.54748863,1.6914492,2.483031,3.7434957,0.0640739,0.75047404,0.2693618,0.57750726,0.53696007,0.19956647,1.2698727,1.4236028,all_pothole_images\pothole_images_new_image_383.jpg
0.60936606,1.2865812,0.2251776,0.44013354,0.0640262,0.35122967,0.7523934,0.091610625,0.1915554,0.04792549,0.5452276,0.22882198,0.0,0.8163214,0.035742052,0.31826898,0.0048122234,0.21573699,1.590877,0.032660004,0.0054003047,1.5732317,1.2814504,1.978254,0.36788282,0.522374,0.10610232,1.1927927,0.2534985,0.029558435,0.68998325,0.21269944,0.50764483,0.08730694,0.0018575641,0.2562561,0.16183086,0.5308457,0.44759795,0.15218161,0.0,0.07085372,0.63186556,1.0765594,0.27658036,0.11813518,0.062066253,0.16675746,0.013509246,0.040770426,0.15240575,0.7109434,0.29056385,0.46746397,0.70155674,0.15233825,1.4979417,0.07126476,0.18183817,0.38054302,0.0029953504,0.2626488,1.3401346,0.0323939,0.39454108,0.8433167,0.20447886,0.14578514,0.2657307,0.41782352,0.1234048,0.5999433,0.0,0.39583224,0.0,1.4687792,0.09937393,0.007865037,0.011065611,0.30964577,0.035884008,0.28031647,0.073759966,1.7429556,0.70180804,0.50638145,0.09648933,0.0,2.7543733,0.9208517,0.020883014,0.096769564,0.0,0.0,0.06828845,0.0,0.2978866,0.39638123,0.004564252,0.5842603,0.012746167,0.8065319,0.92758024,0.4774042,1.7221271,0.25608328,0.0,0.22487955,0.63690215,1.3895108,0.015029458,2.5516706,0.80442375,0.35732284,0.0657334,0.90561885,1.7892104,0.9446752,0.14361513,0.0,1.6844088,0.15657742,0.3069222,0.1232471,0.23996025,1.182444,0.15595622,0.07435603,1.0551636,0.050052032,0.5838585,0.02895977,0.20670392,0.39071178,0.1964973,0.37449613,0.0801278,0.296968,0.104508735,0.5163091,0.015472758,0.47250357,0.47049567,0.925399,0.0637592,0.4379217,0.1059442,0.42209798,1.1052028,0.6043758,0.56468403,0.30845192,0.0,0.2975577,1.2836679,0.08921038,0.0,0.09715045,0.0,0.64406085,1.2076317,0.81831217,0.03141909,3.7801902,0.047754828,0.025882227,1.1632427,0.011535783,0.9705786,0.34475785,0.24568585,0.021491997,0.026948253,0.09385126,1.135311,0.16891164,0.47279072,0.0,0.03917953,0.0037721407,0.13493058,2.0251245,2.9600198,1.3015524,0.38184497,0.4164475,0.08420075,0.26882622,0.15389566,0.41219196,0.014043652,0.18760261,0.070621446,2.4026496,0.05401891,0.13101293,0.1463815,1.1034241,0.00080016773,1.4409105,0.269194,0.2060385,1.4820049,0.09831843,1.6972185,0.4304188,0.18140917,0.22607037,0.25524208,0.25206044,0.24121913,1.1707957,0.7979005,0.0,0.52806604,0.75471675,1.3378489,0.14557101,1.056283,0.008296915,0.42604142,0.04271407,0.04037048,0.26759464,0.20928982,0.3920975,1.090627,0.18567774,0.60903907,0.121974625,1.146284,0.15902407,0.43267173,0.27724952,0.9395166,0.11253292,0.2027361,0.3156667,0.06932414,0.0,0.19499162,0.44129455,0.67646825,0.07296317,0.22041024,0.0,0.26884288,0.2688274,0.6666534,2.1600266,0.061427355,0.27970487,0.20013723,0.006142863,1.2812245,0.07604097,0.63569194,0.05095775,1.8096743,0.23109885,0.22368929,0.28402647,0.7421328,0.07896111,0.07037668,0.2436894,0.457605,0.28804263,0.7334616,0.2874651,0.07899424,0.0,0.10291397,0.68730223,0.90125275,1.2043476,0.15054047,1.0986638,0.015671397,1.5645617,0.31897882,0.09751313,0.57882917,0.2534701,0.37123427,0.10559406,0.17947349,0.4296103,0.236004,0.01893519,0.7680906,0.3275409,0.014925043,0.682291,0.6618467,0.19582735,0.5189013,0.002470649,0.055989027,0.8173356,0.16973889,1.1165885,0.007897137,0.3134259,4.017502,0.46641165,0.038815547,0.093024835,0.331919,0.25235736,0.21473213,1.507595,1.8441912,0.5028384,0.0,0.0087001715,0.3406892,1.1700193,1.5431882,0.18082272,0.5811552,0.6498798,0.15150544,0.047542077,0.37892193,1.760249,0.5263104,0.13041364,1.0042111,0.2739526,2.878639,0.1186795,0.13489427,0.91427904,0.2825735,0.8719836,0.9216412,0.45114002,0.022816865,0.32700133,0.17928271,0.3827844,0.18882626,0.31063363,0.30871707,0.056899663,0.0,0.12263193,0.03769695,0.4789097,0.0,0.42002693,0.07462686,0.282117,0.054683894,0.013890753,0.041317016,0.99341136,0.24223094,0.6452146,0.0,0.028081687,0.61889154,1.8675132,0.48817506,0.19579442,0.49014288,0.08659268,0.0068643647,0.022490472,1.5412574,0.54144543,0.28658065,0.16429444,1.9075272,0.62700635,0.21742047,0.51741904,0.041378114,0.07115327,0.27439147,0.52086717,0.093529455,0.4959745,1.8818889,0.22445768,0.56395,0.0012957167,0.0,2.220678,0.5097408,0.7299699,0.028164651,0.0814383,0.6226452,0.1710143,0.8078885,0.5927819,0.49676692,0.07092127,2.2240572,1.0529002,0.354569,0.29504818,0.45769125,0.007867701,0.80987483,0.10113065,0.0,0.65975827,0.07792199,0.55440784,0.40868926,0.1855393,0.0395883,0.39938268,0.5665345,0.5593463,0.6331464,0.035530172,0.55554664,1.0247492,2.5254753,2.235162,0.41742268,0.14841047,0.3819444,0.7239465,0.06408532,0.21837883,0.23425706,0.33954674,0.29560357,1.1955781,0.21747561,4.98091,0.07339634,0.12923874,0.16001053,0.090455286,1.0380622,0.2427142,0.21589687,0.03473038,0.0,0.026408788,0.9687284,0.509011,0.42750984,0.27085534,1.8175493,0.04253974,0.24838805,1.2248449,0.6802723,1.3199952,0.656454,0.21525554,0.011332365,0.03104838,0.48013008,0.24946925,1.4314973,0.080616765,0.3756871,1.7772466,0.030235859,0.1267605,0.8395855,0.75383484,1.7472814,0.6617399,0.16304626,0.18877302,0.08299042,0.18457694,0.32203498,0.9369444,0.59214884,0.09196035,0.4983161,4.3966675,0.85174763,0.7790489,0.05382606,0.77364796,0.9951599,0.010700123,0.16519305,0.09678377,0.17356293,2.2759838,0.55892175,0.015752925,0.0007988789,0.0,0.79544157,0.022782734,0.013839337,0.03387392,0.21932018,0.4702725,0.44716886,1.0413108,0.13004813,0.2179022,0.2592351,1.0499163,0.49770457,0.3992075,0.22677755,0.4699363,all_pothole_images\pothole_images_new_image_384.jpg
0.35745212,0.0020420342,0.014510593,0.4861833,0.06546904,0.5115847,0.82728755,0.030028809,0.21706116,0.5690936,0.0061163767,0.06019958,0.19778776,0.52315205,0.006775703,0.34684053,0.12438123,0.6604653,0.8809152,0.3078546,0.170792,2.4080143,0.2545203,0.022899022,0.3603255,0.12291759,0.3151216,0.6387232,0.0,0.09766601,0.10138595,0.011333122,1.5251378,0.13166246,0.05602669,1.3817227,0.011999237,0.08358959,0.24260995,0.25817063,0.32167724,0.2947332,0.21153909,0.8435753,0.17314327,0.4654352,0.43132848,0.0,0.7227639,1.4577543,1.6701355,0.028142981,0.0,0.6106103,0.51049805,1.9067984,1.0828577,0.11895594,0.6963659,0.050447058,0.17029968,0.6595505,0.37319377,0.110186994,0.8773407,1.6738411,0.09534384,0.023720097,0.122019105,0.18081738,0.011914428,0.039380156,0.027316296,0.28172746,0.91241765,0.0,0.024719175,1.3229774,0.3390103,0.117778465,0.00046369035,0.0027377142,0.07093574,0.008520315,0.9550644,0.19543664,0.00042211384,0.05909661,0.71798015,0.29788297,0.681084,0.48096058,0.024789114,0.12972237,0.21961667,0.0,0.56782705,0.032563116,0.32513523,0.5099603,0.21910945,4.5911016,0.0893676,0.0,0.60793203,0.9118004,0.03550113,0.5575971,0.082730964,0.283886,0.01822884,1.0201483,0.05951136,0.095808715,0.13510673,0.3864768,2.0340643,3.563252,4.5221753,0.47498843,0.8137465,0.26748952,0.041259717,0.88657725,0.033997927,0.5925577,0.42734683,1.3046696,0.19573842,0.0,0.26902816,0.0890578,0.011512471,0.4684677,0.0,0.06892603,0.17637876,0.44476947,0.05192737,0.96715826,0.2941314,0.0,0.69814086,0.6127751,0.0,0.464852,0.34698766,1.0358108,0.64428306,1.0853932,0.0,0.3927757,0.2986333,0.0,0.90087557,0.5462088,1.2023929,0.5240559,0.84937817,0.010269593,0.2958459,0.47480425,0.09003712,5.106329,0.07511508,0.19353154,1.0564272,0.27510238,1.0250793,0.11578291,0.18964408,0.13527732,0.0235542,0.12110505,0.98546636,0.0,0.0009765295,0.0,0.5199434,0.11030626,0.23638624,3.2038047,1.251473,0.22441867,0.639283,0.012337345,0.18459994,1.751294,0.058809455,0.57771987,0.20843501,0.0981854,0.26947168,0.5888462,0.018622583,0.19973096,0.91960454,0.0946562,0.009690318,0.08412803,0.09166231,0.027169855,0.4964628,0.9785887,0.8623116,0.6816907,0.64035594,0.2075859,0.6914063,0.4104418,0.0054072402,0.0,0.20553681,2.1179082,0.008927367,0.18644024,0.0918807,0.06318401,0.20263049,0.4915133,0.17161198,0.3760525,0.0,0.03234439,0.10692479,0.40588686,1.4721737,0.0,0.11742557,0.012808133,0.33459076,0.16672389,0.8173438,0.0055372603,0.0035222762,0.04323022,2.291674,0.0574596,0.123293914,0.090431094,0.106452376,0.00037743416,0.0,0.19143043,0.1338907,0.0,0.08374402,0.14025061,0.005326303,0.8817299,3.2491329,0.27623418,1.0037177,0.17031606,0.032686964,2.0933208,0.034976687,0.6786594,0.41491953,0.77476186,0.0,0.22016026,0.43552133,2.2955432,0.64773446,0.22650915,0.22541653,0.6283607,1.0315813,0.54620194,0.24767165,0.008031288,0.061930396,0.74594384,0.23603937,0.2580621,1.555898,0.44066834,0.6962958,0.008309233,0.32981122,0.069699615,0.07378061,0.16191554,0.06787689,0.1401298,0.34596735,0.03828408,0.32617214,0.1297531,0.1384655,0.18318857,0.16968206,0.5638641,0.114974104,0.019942505,0.5684902,2.7089767,0.30481675,0.06698211,1.2234817,0.47205764,0.14580595,0.86681956,2.8203256,0.2361688,0.088012755,0.88841885,0.25160572,0.16181529,0.7987377,1.6947927,0.7437149,1.7323294,0.09148224,0.12534554,0.0077540246,0.6984221,3.203866,0.04776527,0.9924004,0.24320745,0.21364175,0.2897708,0.11215455,0.91992223,0.00913505,0.0072807157,0.014949573,0.039182913,0.55221266,0.31678507,0.20265114,0.14620389,0.014861651,0.08251274,0.73157537,0.0059151095,0.0009432526,0.34500375,0.3416288,0.013938077,1.0622767,0.20892937,0.15293378,0.007489783,0.0,0.0060424497,0.8169314,0.7054709,0.415861,0.74919236,0.5753584,0.041183952,0.2639563,0.26373062,0.180954,1.8648906,0.7662883,0.08135546,0.092631474,0.06547742,0.15932912,0.10234764,0.12399388,0.28777087,0.56365156,0.51889414,0.12645404,0.003399898,2.761673,0.099376656,1.1468928,0.026389904,0.35784647,0.034132436,0.06901284,0.12704185,0.12587994,0.2391871,0.35612577,0.021405863,0.0,0.20288616,0.9065076,0.8287014,0.803523,0.0,1.2243979,0.01628825,0.24757184,0.45211798,0.0,0.06402719,0.22012408,0.007448018,0.30110386,0.10503693,0.43869647,0.14687079,2.896546,0.80323356,0.22740987,0.0,0.9247451,0.0,0.0,0.28270364,0.13974655,0.42862263,0.1621381,0.10899077,0.35829684,0.096488014,0.18856108,0.20294368,1.1069964,0.07720711,0.054355573,0.012522381,0.30019352,0.63331175,1.3268442,1.5642955,3.0188792,0.28754455,0.17552422,1.1493642,0.4842811,1.2895538,0.54102933,0.4906367,0.21668047,0.3004087,0.43898952,1.6572847,1.570344,0.6469903,0.025335869,0.82467955,0.12308773,0.4774169,0.13058935,0.53560853,0.7471749,0.39723688,0.56141937,0.022826888,0.021519745,0.79751676,0.60632545,0.14137456,0.09070546,0.70337164,0.15579231,0.59392035,0.32950407,0.43773067,1.1051149,0.7862832,0.74106264,0.47790185,1.364629,0.029712662,0.6816484,0.24377176,0.41208306,0.09524814,0.64442044,0.035152454,1.2987034,2.3120875,0.16399434,0.27207226,0.8709941,0.029346349,0.15275231,1.4185618,0.12471008,0.027782543,0.10176767,3.9794948,1.2989311,0.0027189523,0.0195865,0.044366643,1.3962349,0.0058548455,0.31393746,0.28259504,1.2981514,0.49429935,0.008838139,0.24011473,0.60214293,0.3160021,0.22270003,0.051794898,0.17079817,0.071818225,0.37010413,2.183999,0.32275876,0.33976543,0.23451671,0.74603784,0.0,0.1674932,0.99930114,0.17909361,0.43122223,0.39940023,all_pothole_images\pothole_images_new_image_385.jpg
1.1874704,0.79112893,0.047960136,1.1996294,0.02120093,0.06804179,0.002648557,1.3575659,0.8070338,0.23059028,0.6836553,0.27307814,0.42557898,0.65307045,0.26914826,0.6303989,0.06799937,0.4598278,0.19859222,0.18055974,0.11625134,1.7520099,0.71031624,1.270845,0.006485006,0.85475093,0.037715793,1.7405255,0.00028205122,0.54416996,1.2825062,0.20734292,0.65247935,0.65420234,0.75175655,0.0,0.28459415,0.7967368,0.083058275,2.8615816,0.540097,1.0735401,0.5903203,0.024107894,0.42033723,1.034734,0.46470827,0.22161013,0.24180071,0.71420723,0.47776744,1.028748,0.60567516,0.04620841,0.34191862,1.5240427,0.4867317,0.41904554,0.0052836263,0.759488,1.001157,0.07988472,1.4360096,0.9720338,1.2858198,1.2614233,0.13355716,0.59757894,2.6406977,0.56497145,0.6244675,1.1851873,0.3731149,0.4626953,0.060978018,0.74796146,0.6370972,0.5264746,0.19745097,0.09807715,0.75038224,0.28829044,0.37715805,1.244848,0.4318325,0.39237276,0.053595144,0.07377117,1.5158203,0.27455017,0.8114001,0.37714553,0.049556006,0.3583828,0.08788845,0.47262314,2.7922537,1.0279703,0.23409529,0.4193889,0.9997242,0.20271176,0.9150614,1.7698563,0.84457386,1.6114733,0.33855787,1.2605426,1.3384532,0.27133435,0.87724924,0.9408084,1.6526933,0.5488877,0.09197607,0.05367925,2.9027908,0.26272774,0.03386375,0.84741193,2.019381,0.012261951,0.33490682,0.78114116,0.19912015,0.035149023,0.0077556456,2.3232815,0.30695686,0.32686135,0.5366957,0.0,0.11422558,1.0704324,0.72387165,1.0325366,0.5136562,1.5452684,0.2739331,0.24494302,1.1503867,1.512321,0.08738833,0.88410234,1.2664908,0.44245607,0.30329317,1.8761786,0.29399747,0.26750556,0.38377768,0.08959644,0.40800717,2.1022797,0.8288379,0.05247013,0.78293335,0.7324013,0.12934227,0.9797919,3.8906677,0.59781116,0.12615177,0.22861025,0.405446,0.05232992,0.22302681,0.6880072,0.0,1.2586852,0.35622826,0.16997197,0.15503953,0.48663154,0.18409558,0.95972246,0.552108,0.13343467,1.0780609,0.38207528,0.5801446,0.8114001,0.33082262,0.06985716,2.069499,0.98179984,0.21524562,0.065511756,0.16637512,1.5641979,0.004213007,0.1375548,0.7486705,5.4991975,0.6297906,0.6138251,0.90877974,0.7388317,0.16302678,1.3407943,0.9718135,0.73184735,1.6227407,1.0099006,1.3929873,0.4783018,1.6178029,1.5964597,0.03526478,1.8846685,0.45630348,0.4364048,0.94102603,0.8109272,0.3314704,0.21473582,0.25805336,0.45919457,0.61426806,0.17299819,0.20542178,2.8765712,1.0371255,0.33050767,0.4118224,0.7933197,3.3787918,0.588599,0.5946391,0.9877012,0.14952351,1.6272753,0.40749136,1.4430118,1.1669924,0.8984703,0.82019347,0.9966929,1.1402023,0.38445523,0.13802819,0.22969058,0.52659285,0.8907276,0.10322963,0.008431397,1.5672661,0.76337284,0.30373558,0.50139993,3.9029758,0.32445705,0.5083747,0.25070667,0.5866821,0.02150735,0.6193983,0.17975165,0.5012582,0.34068924,0.7488988,0.15672758,0.11240674,0.021556046,0.13120402,0.6422706,0.5162035,0.8771541,0.3441151,1.1006225,0.31814656,0.121207364,0.026559148,1.2097454,0.71360165,0.24464874,0.8133462,1.3521409,0.05439686,1.6362053,0.6315846,1.4637741,0.28134117,1.0385549,0.18843581,1.4807334,0.66388196,0.907665,1.4168658,0.8980099,0.022881469,0.5312586,0.108370565,0.83834773,0.0,0.65736234,0.88557494,0.6410012,0.34995627,0.060816467,0.1033313,0.5952609,0.84844255,0.082358725,0.6809663,0.75366646,0.14225253,0.46363768,0.13440359,0.6770762,0.3863411,1.1768618,0.42480063,1.3482591,0.42609435,0.6927465,0.8056715,0.678266,1.1753422,0.37536705,0.42298672,0.41920066,0.31124857,0.09021578,1.2145368,0.070278674,0.9565593,0.15204969,0.7044751,0.6400151,3.2252991,0.18387172,0.02861109,1.0979494,0.29942375,0.15663897,0.99315405,0.7445166,1.6134111,0.016351044,0.5947354,0.31478855,0.9863768,0.06257586,0.57873434,0.23419952,0.65149575,0.9834811,0.79191196,0.1541823,0.53401273,0.37891912,0.6046642,1.3709887,1.5880989,0.652288,0.84891075,0.30901298,0.70940167,0.24796405,0.81380695,0.50028926,1.4441835,0.0,0.105502635,0.027720038,3.0243766,0.60341716,0.17033942,0.6804708,2.8714213,0.47819814,0.8639451,0.43884775,0.90945387,0.24281488,0.10886439,2.4179509,0.42597052,2.5444105,0.8179715,0.05798838,0.7767699,0.5760482,4.2614174,0.5391571,0.3265654,0.08452682,0.010047222,2.2416396,1.1782584,0.87301713,0.13048668,0.053504758,0.9193693,0.95086646,1.4254546,0.5263996,0.2355519,0.35736847,5.914075,1.1030633,0.7297456,0.34303772,0.00561152,0.8703803,0.5244939,0.16591963,0.63239413,0.17130302,0.010689737,0.09789209,1.2778028,1.2593497,0.5508204,2.0229363,0.39533952,1.3985999,1.9038175,0.2755375,0.6405283,0.48956862,0.308264,0.2570472,0.045286644,0.32952398,1.8839223,0.13958892,3.1835275,0.5926859,0.24865644,1.9915707,0.13111913,0.14773543,1.0880545,4.5229406,1.2280686,2.0152323,0.9361941,0.5902221,0.09850248,1.392485,0.19527254,1.0247009,0.37360576,0.40799972,1.1412004,1.1486678,1.2210245,2.2351637,0.4488841,0.03740816,0.80930454,0.91505873,0.55087334,1.1452726,0.4444756,0.8029353,0.13956386,0.15243474,1.0830274,3.1200774,0.5045127,0.21336068,0.12985103,0.53170496,0.0109575465,0.06453224,1.6126608,0.57526577,2.0255828,0.651139,0.30337268,0.21657006,0.53628814,0.40032527,0.53740555,0.36388895,1.1604768,0.18221512,1.0634619,4.025018,0.5885802,1.0715346,0.041925527,0.71208864,1.1310462,0.27564177,2.5310907,0.35222146,0.459264,1.2496666,0.45639262,0.52884674,0.9612723,0.7713387,0.46396625,0.2349697,0.5052267,0.38368815,0.34503812,2.3727949,1.5711478,1.0376146,0.41722476,0.9358605,1.2638656,0.4398617,0.04489753,0.9941349,0.48289263,0.6222989,all_pothole_images\pothole_images_new_image_386.jpg
2.169506,0.93092406,0.13184409,1.3406552,0.34299317,1.5112411,0.7150271,0.11553237,0.2433371,0.06952132,0.4230211,0.85565805,0.85021156,1.0564955,0.6680731,0.037446044,0.1346736,0.36106938,0.0969121,0.0,0.41722152,2.5222416,1.2550849,1.0272956,0.762823,0.14797105,0.03178471,1.8212627,0.32254574,0.23920353,0.63725406,0.390124,0.5086793,0.59938115,0.14404604,0.96243936,0.4109173,0.925234,0.3444063,0.50501376,0.09541342,0.21062541,0.04595244,0.62161136,0.19053233,0.5540011,0.099143125,0.0074184947,0.43090928,1.7930484,1.2152987,0.31522068,0.23884712,0.43344903,0.6633832,2.068617,2.8306448,0.5447802,1.0961776,0.14853941,0.22058004,0.18498875,1.159771,0.9963606,2.0834613,0.8448523,0.3114652,0.29755554,2.251765,1.2483065,0.5422611,0.15731668,0.30637652,0.0,0.9756457,1.0387214,0.09643047,0.59264535,0.4800872,0.14949885,0.18156376,0.2265507,0.7089699,1.122699,1.3460705,0.46606615,0.026432911,0.5326225,1.5886495,0.2863659,1.004413,0.6275938,0.28099847,0.32873648,0.090399645,0.3247201,0.80244076,0.7933904,0.49582392,1.0524231,0.9812759,1.5368744,0.5992135,0.3213421,1.2261467,0.53583354,0.17794876,0.48345354,0.0965614,0.48532403,1.6954479,1.2376093,0.8939444,1.0265772,0.5666363,0.5483985,3.18683,0.64207137,2.7595525,2.0538313,1.6930674,0.95475113,0.69141775,1.7207617,0.3927764,1.2982212,0.4297572,2.0256674,1.1399305,0.65047795,0.64045864,0.0,0.49381334,0.7093135,0.0,0.9048625,1.0483294,1.5936021,0.3096067,1.2898585,1.0121104,0.1705937,0.2773261,1.1728613,0.014589323,0.90420216,0.17813964,0.6018384,1.2542877,0.2585332,1.1371617,0.6096795,0.34716377,0.22527885,1.6401497,0.43952435,1.2910286,0.39932376,1.0614707,0.8902967,2.3722675,0.51583445,0.0028508916,2.328433,0.17927642,1.1388408,0.62549806,0.21618614,2.6664689,0.0,0.24956553,0.029539429,0.0,0.7195063,1.2607734,0.5729936,0.03971967,0.020623747,0.2925591,0.053486668,0.00763525,1.9822176,0.882443,0.36088818,1.6433649,1.0031335,0.075020455,1.4342885,0.7343994,0.46260574,0.18016034,0.33234206,0.21108118,2.4902995,0.002993635,0.962568,0.7447354,0.79831517,0.22177131,0.33289185,0.56084734,2.1294978,0.7259092,1.0637182,1.2774816,1.0611149,0.5359582,0.6119567,0.7375199,0.5385924,0.62252146,0.08009841,0.23604786,0.86211944,0.9021844,0.53069717,1.5665727,0.61579543,0.18175735,0.055404138,0.39692318,0.6461751,0.77966493,0.75220394,0.013294152,0.95027345,2.1239588,0.020387672,0.48080662,0.0,0.4971101,0.37190223,0.5286557,0.42327663,0.8388009,0.12672618,2.311671,0.15867536,0.07998474,0.1705594,1.5465659,0.7447413,0.2867025,0.7993518,0.07055583,0.19226316,0.41387966,1.8486674,0.9490367,2.9829056,2.4482162,0.20092013,1.377887,0.14753199,0.43095365,0.4797439,0.8223492,0.0,0.19853872,1.8742958,0.17116879,1.031433,0.40562633,0.556747,0.9102398,0.45310318,0.0,1.4352269,0.5763977,0.41724694,0.33554512,0.6849556,0.1774717,0.18680029,1.9193054,0.4711337,1.1171987,0.38454613,1.0913126,0.23413068,0.8218007,0.7970088,0.13539626,1.0907673,0.64521825,1.4800265,0.6116776,0.122726545,1.0779208,0.95143855,1.0843786,0.13737513,0.2679269,2.6820529,0.13914363,0.17052622,0.6674543,1.3861742,0.28401995,0.45136595,0.554685,0.77704304,0.0,0.5599174,2.8835943,1.051956,0.0,0.74549055,0.03685321,0.2712461,0.71967626,1.367569,2.2622082,0.9099342,0.21848528,0.5960551,0.10472441,1.4792658,1.5846621,0.07487573,0.8898024,0.008918346,0.031619363,0.3877784,0.61029005,0.6669792,1.6491587,0.1199173,0.7256443,0.42007414,2.0026336,0.45718676,0.16996148,0.20665413,0.026764352,0.19567212,0.5884482,0.27782446,0.46337768,0.10773242,0.71863556,0.23129942,1.2786845,0.3129566,0.6172031,0.57654315,0.37449253,0.027513241,1.1103287,1.0176438,0.843262,2.2729325,0.74096286,0.5422705,0.28645122,0.118472114,0.7564234,1.3895108,1.0680877,0.32971245,0.43198186,0.19790761,1.3082312,0.14438078,0.03422014,0.012188451,2.6628633,0.35786623,0.50100195,0.40310562,1.2983047,0.40500796,0.8067737,0.23261395,1.1872075,1.2347014,0.38197014,0.7731204,1.0542344,0.69411546,0.08045796,0.0,0.22831434,0.25470757,2.6744695,0.609027,1.4744645,0.1150439,0.05292724,0.6494683,0.10428049,2.0454342,0.1984009,0.9564263,0.30172125,0.17063777,0.55428225,0.69024646,0.2677531,1.4856771,2.578286,0.60467017,0.85070175,0.6146902,0.67740715,1.0745744,0.7089982,0.14781469,0.0,0.51242495,0.5186558,0.42084545,0.23760796,0.24361454,0.74743026,0.9888624,0.9711139,0.43012613,0.32863787,0.03904417,1.2118921,0.46660095,0.8258343,1.6232241,2.4453163,1.23782,1.7319449,0.704753,0.34260884,0.91752356,0.5075852,0.9254444,0.23136331,0.2795199,0.013978821,3.0407739,0.9486711,0.83427334,0.18723446,1.7931219,0.2758672,0.13397788,0.7192772,1.855427,0.23146765,0.38250452,0.59279996,0.78038126,1.3571707,0.73850685,1.1479291,0.80446094,0.4733038,1.2233868,1.3104911,0.8184817,1.3172776,0.74291945,1.4825974,2.6896286,1.6717321,1.3436253,2.2506106,0.5715524,0.84973687,0.6615454,0.46377555,1.2511146,1.121287,0.549758,0.8654939,1.289459,0.25928554,0.5038953,1.0090187,0.283692,0.0002878976,2.5746179,1.2009445,0.35180414,0.40021548,4.0477576,1.6058868,0.72425896,0.05889217,0.84229994,0.86334926,0.120039195,2.4043114,1.0803459,0.05195998,0.19409214,0.4725,0.1301759,1.3775915,0.776342,0.0,0.563826,0.4972907,0.7165838,0.51037395,5.301137,1.5019172,0.5256606,0.6081746,0.49197415,0.31075934,0.19582425,0.18672659,1.186101,1.2063196,0.046381306,all_pothole_images\pothole_images_new_image_387.jpg
0.11271585,2.524647,0.7721179,1.9042186,0.21955009,0.109265156,0.1882816,0.34447223,0.43824005,0.86166817,0.8938695,0.39145917,0.098943844,1.0117931,0.67689264,0.16189614,0.8466571,0.25316113,0.8468461,0.00412306,0.1405125,1.2088348,0.19613235,0.6312149,0.22395411,0.20745908,0.27423623,0.9806967,0.089404166,0.9310739,0.60036796,0.10876051,0.3197949,0.5527217,0.019968593,1.4683486,0.15659581,0.35114732,0.08159254,1.2020607,0.45465162,0.65738153,0.44342017,0.32092437,1.7679591,0.30670592,0.14712362,0.13250583,2.520962,1.2208481,0.28669778,0.555303,0.19312471,0.51892483,0.19372001,1.4742671,0.5314603,0.3379358,1.2159411,0.23559973,0.10448631,0.2972991,0.32449627,1.2137637,0.34492445,0.731245,0.6266644,0.17727984,0.7233396,0.35908875,0.46595374,0.36788052,1.0050567,0.30996633,0.36012325,1.0392414,0.12884971,0.5158445,0.0019896436,0.21644604,0.3241645,0.1653939,1.2259076,0.48116565,0.982188,0.53693324,0.28281587,0.070683874,2.9980469,1.7172365,0.0,1.4367388,0.81134653,0.6728621,0.6152987,0.67161965,0.9158573,1.3222597,0.66512203,0.14101355,0.34137258,0.58809716,0.6898441,1.402361,0.908447,0.0006629355,0.59547055,0.13175964,1.0000341,0.82845944,0.12793063,3.3354971,0.08382364,0.33200607,0.656522,0.18820408,1.0741556,0.21230265,1.1548201,0.0949319,0.99878925,0.3395406,0.0,1.4105252,0.47035295,1.4671371,1.2175626,0.33029735,0.44393465,0.6783712,0.592773,0.019803684,0.30069187,0.28890955,1.2727295,0.10302865,0.38276166,0.78497845,0.3617851,0.016204253,0.14683378,0.21065861,0.24775861,0.32942292,0.31878433,0.89620954,0.46292105,0.4169692,0.517218,0.6230067,1.0223411,0.17183445,0.16143341,0.44646466,1.709465,0.439261,0.40869802,0.43114954,0.20937215,0.7294953,1.237766,2.5380542,0.27009138,1.0585726,0.66461873,0.84208435,2.2540777,0.4111874,0.3759644,0.90314513,0.22559318,0.47083226,0.12563425,0.14112909,1.6893464,0.0004963639,0.98897284,0.003679514,0.36969453,0.25914362,0.042551722,1.0475621,0.68639326,0.20717385,3.7469108,0.6691511,0.3276219,0.63064104,1.0416249,3.554343,0.3882714,0.65602875,0.5261629,1.1221606,0.8650055,0.23362942,1.6959035,1.6170475,0.20215848,0.8908407,0.19474545,0.27972934,0.19062965,0.11608055,0.67586267,0.65193874,0.41847965,0.95361453,1.603179,1.1669708,0.085414946,0.6565969,2.0643232,0.12811159,0.4199973,1.4253027,0.0,0.0591562,0.37965703,0.22992474,0.30982393,0.514166,0.25723603,0.37393788,0.0,0.1571475,0.41045535,0.7561428,0.68454695,0.87979686,0.21349818,0.01899671,0.4326891,0.26618207,0.3123458,0.73045206,0.99491286,0.38593787,0.2892737,0.0077801757,0.97385484,0.3030523,0.20419206,0.5499225,0.043844182,0.0023697682,0.3975412,0.53683114,1.0302927,5.0422735,1.0320802,0.68035126,0.40441877,0.032656845,0.2518311,0.22890799,1.0398703,0.5226775,0.8557702,1.6798779,0.04217146,0.0019202629,1.1006508,1.0342864,0.98852396,0.41777343,0.39927253,1.3033953,0.78580123,0.2594729,0.62897885,0.2568609,0.64855486,1.3568738,1.4499418,1.7876859,0.15745315,0.24837166,0.33086905,0.36338845,0.23629121,0.4600256,0.2770806,0.8289732,0.81351787,0.8534921,1.0774662,0.48652083,0.1204253,0.46473047,0.22314978,0.79715556,0.040081047,2.3367572,0.7419067,0.39749607,0.29626793,1.9438759,0.15317732,0.81188136,0.16135038,0.84816724,0.0005843124,1.14415,2.5514936,1.0659628,0.07978276,0.30369064,0.73230004,0.8040142,0.0,1.3179975,5.0384045,1.8907433,0.056400813,0.8857931,0.7931703,0.10207667,3.3855205,0.20808935,1.0636282,0.3828827,0.8724877,0.1073081,0.19864458,1.1145467,0.34160924,0.56770664,1.3555803,0.072205015,5.0283914,0.70569026,0.39065355,0.036113866,0.28261983,0.0047631944,1.1751782,0.28217837,0.35349748,0.53294253,0.63896316,0.31701767,1.1673769,1.6293663,0.80574036,0.7416373,0.17408484,0.34183642,0.017437903,1.8286449,0.6047756,0.9041324,0.04943941,0.3559466,0.23637882,0.2421034,0.042914048,1.3910855,0.62075865,0.4268695,0.15291122,1.4759904,0.74602544,0.44578272,0.081490375,1.2196406,0.7511653,0.35279882,0.01439847,0.53287464,0.31346753,0.5212512,0.21310027,0.5396965,1.0827427,1.504173,0.25309253,0.53598434,0.13954034,0.45792535,0.35004848,0.18400905,0.85603136,1.1687485,2.7961223,1.0023012,1.0614065,1.9462812,0.081826545,3.232438,1.5478123,1.1012497,0.13923673,0.5232538,0.34296763,0.84772676,0.81218195,1.9301983,1.2969209,0.5405705,1.1753494,0.065916754,0.014313258,0.1553161,0.52009237,0.12111017,0.21966925,0.942328,0.31403536,0.02889423,0.14518589,1.1661469,0.3659617,0.23117529,0.02004493,0.1852053,2.8881123,0.15470323,0.27254435,1.1330917,1.0382098,0.052461013,1.6751534,1.6614622,1.2991905,0.24440432,1.302175,0.38174683,0.48856276,1.1454403,0.33304155,0.60732603,0.33866647,1.1454546,0.3670395,2.9230795,1.0883514,0.62609386,0.09462295,0.72213084,0.23988304,0.6664081,0.3958319,0.031824246,0.18902108,0.058848705,1.6168184,0.48669428,0.44574246,1.5235084,2.3737116,0.3298452,0.20797993,1.5710734,1.4867396,2.0893512,0.38985625,1.513623,0.99871916,0.41876492,0.2150787,0.0,0.5668674,0.10865537,1.4232894,1.4925717,0.31851706,0.020936357,0.41958892,0.51848143,1.5669817,0.27837178,0.53775126,0.13668367,0.52389234,1.0753862,0.0053389748,0.5539553,0.1323929,0.45733377,0.1445047,2.3284676,0.84302205,0.39844936,0.11986829,0.20419629,1.2384874,0.03504155,0.8243413,0.14988723,0.41346705,2.387635,0.4967611,0.02834832,0.03464224,0.32065713,0.0016958354,0.26437542,0.6178416,0.5684147,0.24198729,3.1819694,1.214976,0.24275947,0.97469866,1.547929,0.17056084,1.744646,1.4002383,0.48669225,0.30057222,1.5017389,all_pothole_images\pothole_images_new_image_388.jpg
0.4233003,1.4736257,0.03670442,2.57273,0.76021487,0.9404695,0.9120891,1.1609559,0.18533309,0.17332886,0.62295085,0.48879147,1.0566965,3.1902733,1.8153946,2.301667,0.0719834,0.3032772,0.20129117,1.9965868,1.5109763,0.7652731,0.99397784,1.1226232,1.3264085,0.15609132,0.48760185,1.3699826,0.4617457,0.41496292,0.49637958,0.2568033,0.10602409,0.30352643,0.44099107,0.36895603,1.3461194,0.7587702,0.4446372,0.7221316,0.518956,0.4342234,2.7996807,1.953981,0.87997144,1.4284953,0.81860834,0.0,0.4474953,0.0356627,1.5002815,0.5969435,0.0,2.109358,0.27704382,2.2974675,2.7364748,0.10537276,1.0199798,0.40915826,0.053505775,1.753227,3.5984285,0.6374732,1.365757,0.42325902,0.4532744,0.5569915,0.41203243,1.4102238,1.8604636,0.6376941,0.114944495,0.92680544,0.20427856,1.1563903,1.422698,1.0572793,0.010625987,1.4831889,1.2995433,1.7447562,0.29671457,3.4331899,0.09309252,1.2656459,1.32537,0.46345082,1.7217151,1.4314252,0.01039328,2.0734003,1.436369,1.9213356,0.22436495,1.0412861,0.70938563,0.9502902,1.0023774,2.0690608,1.1232767,2.497085,0.14076696,0.03641396,0.8629031,0.2527912,3.7211397,1.8829564,0.4674997,0.14308913,0.17507662,0.6371361,1.0498011,0.31901872,0.9655444,0.33845207,0.77557945,0.1242856,2.7371204,0.35252124,0.87894624,0.68993944,0.08988,1.4290235,2.6534934,0.68900067,0.98197407,0.007807481,0.04895783,0.06969107,0.37757048,0.2755074,1.8643194,2.0167146,0.99938947,0.98825693,1.1958561,1.5042024,2.3786488,0.4390918,0.08435504,0.670964,0.10036694,0.6253171,0.67058355,0.608447,1.4056667,0.012083773,0.6515989,0.31541786,0.010324228,0.1961638,2.4253066,0.1039099,1.1832638,0.6043929,1.0687314,0.103300154,0.5515395,1.3783103,0.44858673,0.91005653,0.63001156,2.3722568,3.617648,0.48199323,1.8354342,0.750032,1.9172848,0.82859254,1.2178128,0.1921723,0.5478617,0.22858721,0.5818664,0.027021082,0.77916247,0.775145,0.2699667,0.0060591004,0.6672946,0.6746605,0.5202794,0.21751462,1.219212,0.2199359,3.7749767,1.4570252,0.6409849,1.4862785,0.29309696,0.3229368,0.008906898,1.6702846,1.0680397,0.5156604,2.2058842,0.63591874,1.454332,0.017815884,1.1356206,1.3236748,0.5395059,0.8656442,1.0577489,0.112820655,0.03077519,0.13002048,1.2281427,0.35788372,0.2607892,0.11496656,1.4819635,1.5809215,1.5047685,0.6338535,0.26271933,0.8139717,0.8409959,0.953519,1.5962948,0.118536554,1.2318544,0.02710938,0.540423,3.0346348,0.36231208,0.5021237,3.7019098,1.1807657,1.5627279,1.6584673,0.8339618,0.1797123,0.0069255135,0.9796523,1.7766123,0.44843274,0.6549366,1.233587,1.3483729,0.5463633,0.012889393,0.044570178,0.7297941,0.40214697,0.46222368,0.6022009,0.2976918,4.5779533,1.4940374,0.34270203,0.9121743,0.027590586,0.16789125,0.6056517,0.31011432,0.7630771,1.513049,3.4385226,1.6690017,0.116017066,1.9079409,1.2260097,0.55024743,0.009012315,0.7178035,1.8126466,1.6653078,0.19510232,0.6749624,0.009892699,0.9320515,0.06825312,0.080518916,1.3473449,1.5110418,1.6912158,1.9449593,0.56541127,2.3569686,3.004423,1.469506,0.039705895,0.035748497,0.44289935,1.3874577,1.1479895,0.576414,1.1557618,0.679508,0.07280862,0.85887843,1.1315559,2.5776613,0.82637924,0.81030893,1.0717105,0.009521984,1.5276288,0.51737607,1.1973724,1.3296443,0.63036186,6.2618327,1.5415301,0.6110702,0.0,0.23817712,1.90323,0.17215586,0.1357167,2.3876905,2.6952384,0.3130786,0.5379816,0.6207941,0.76530546,3.2668426,0.37298334,1.4488254,0.76971436,0.1007585,0.46746343,1.3249056,0.23652014,0.50736904,1.3891904,0.106830165,2.272857,1.0156939,0.20148534,0.14497718,0.0011254941,0.75519854,0.32439712,2.0624363,0.43061158,0.72086793,1.5097597,0.23016454,1.2944505,2.4115415,0.12503468,1.3870927,0.0041660843,1.8922182,0.017212527,1.7764609,0.27946734,0.56814325,0.21833688,0.35712782,1.1011856,0.081006505,1.1320181,0.74903846,2.6378753,0.17182477,0.31983593,0.744748,2.617728,0.13677284,0.5977839,0.05395744,0.27624682,1.2086253,0.049807172,1.1098648,0.21574503,0.4587278,0.0044105086,0.13159494,2.5546305,0.38866633,2.0638533,0.7005885,0.3477638,1.6255225,2.7008772,0.4833653,0.078732,0.5356559,0.25682294,1.1838359,1.1659085,4.6131253,0.09212912,2.3235688,2.1467466,0.43226933,0.0,0.40785944,0.059605967,0.06952546,0.036855653,0.6110111,0.0,0.22264251,0.6820641,1.8989784,0.64065003,0.6355594,0.566098,1.1126192,0.15828831,0.5437798,1.6396172,0.30713817,0.4478751,0.117924355,0.24673617,0.03378469,0.21933617,0.92515653,0.7559405,1.6946336,1.9526435,0.11499739,0.6658288,0.5964339,0.90353066,1.1325451,0.8708896,2.5606184,0.60824215,0.84211236,0.015366666,1.2213804,0.220532,2.9625046,1.0466316,0.9358674,0.4787494,0.09158529,1.4502037,2.3250449,0.2714756,0.94162154,2.4012809,0.26850787,3.2988355,0.8863603,0.06488876,0.39584544,1.4746202,3.1141474,0.05552419,0.071188375,0.3998462,1.0808785,1.094223,0.83940977,0.16021946,1.2295895,0.57065666,1.5560561,1.046922,0.95825183,1.1613938,1.8896543,0.7815348,0.7787587,0.46950132,2.1417193,0.2162778,0.064361,0.99339056,0.3319177,0.46857762,0.39661068,0.10214339,2.791685,0.021731324,1.0880332,0.6557171,2.5077927,0.22175716,0.03804756,0.2691205,0.7037938,1.2008095,0.9391892,0.5255735,0.05974404,1.1790037,0.45623854,0.48066205,0.90278393,1.8867953,0.75270665,2.2745328,0.72914124,0.28560755,0.74794716,0.0,0.13240711,0.33494377,0.0014272125,1.6553116,1.4409881,2.6298218,0.5825182,0.30568814,0.92276436,0.49104506,0.014267949,0.54106784,0.40421548,0.19511308,0.9383124,0.5781807,all_pothole_images\pothole_images_new_image_389.jpg
0.001446145,0.17334941,0.710379,1.7281094,0.10346356,0.04343371,0.6937192,0.21959768,1.7389697,0.69009507,0.2765567,0.45899835,0.62471956,1.3807752,0.16143924,0.39348075,1.3996267,0.027592449,2.6446576,0.49719754,0.22310644,0.5339083,0.40370598,0.3953733,0.090473816,0.34868616,0.11056879,1.3039796,0.2570401,0.027741903,0.0070702704,0.0,0.09771189,0.4239341,0.03266327,1.1055422,0.2631221,0.124346964,0.88954645,0.042321622,0.0017286078,0.0,0.2024591,1.1039292,0.5240349,0.26744878,0.5178304,0.18591051,0.13930224,1.1713818,0.13466077,0.40657112,0.19179903,0.16979785,0.6148921,1.7345487,0.009128711,0.66008556,1.0415226,0.26754713,0.506921,0.1098452,0.013364794,0.14546171,0.70716256,1.3514711,3.2816937,0.044592984,0.29111713,0.7065112,0.01739734,0.021958089,0.250838,0.05169386,0.18539296,0.0049734246,0.9317552,0.17364374,0.37055314,0.003804635,0.010099953,1.065832,0.018941803,0.675737,0.055650335,0.0,0.37043723,0.21740921,0.123380885,0.110347554,0.28600278,0.9403519,0.0,0.0020830678,2.4324276,0.052619796,0.6638551,1.51995,0.29394904,0.019198094,0.17793696,0.49422336,0.123368315,0.107644066,0.77133536,0.31518504,0.06990867,0.0,0.36039102,0.05027117,0.3237892,0.15163867,0.121539116,0.14760153,0.30112067,0.006032282,0.09798302,0.6176382,1.344158,1.6601076,1.5101533,0.008560091,0.1537226,0.5950162,0.6812424,1.7233813,0.81904334,0.0,0.025256172,0.0,0.69903463,0.28540495,0.47445375,0.35599852,0.29138267,0.6514785,0.28401464,0.38733095,0.2044376,5.361831e-05,0.48056385,0.078873895,0.46203667,0.19465484,0.52709806,0.12640727,0.58708775,1.3079913,0.5164472,0.44007865,0.0030925279,0.45592058,0.0010317643,0.015568552,0.36443576,0.37057418,1.0993677,0.16254461,0.002335627,0.5028994,0.9505703,1.8832904,0.0013478816,0.41058323,0.47340065,0.0040292875,0.13869135,0.12044313,0.088150516,3.2863202,0.0004955582,0.10371465,0.070404574,0.72796506,0.24173139,0.6028693,0.17305915,0.105473265,0.33263102,0.11713858,0.16597635,1.5914868,0.26912552,1.5650688,0.027956638,2.1125035,0.29758826,0.10055426,0.11272742,1.1277074,0.004251605,0.7982542,0.15043592,0.88432217,0.057297934,0.07858529,1.161321,0.39899468,0.31664756,0.6546777,0.33299446,0.16167487,0.062605426,0.32134137,0.47253335,0.13451241,0.15272322,0.010717524,0.943396,0.30863485,0.16140957,0.09140172,0.33362606,0.34639618,1.6751456,0.535513,0.17765662,0.74607885,0.23291661,0.73914444,0.020364203,0.9434031,0.50580275,0.3576435,0.0,0.11866826,0.6101631,0.45441297,1.9319218,0.641748,0.82831836,0.0,0.0566948,0.59580743,0.9429564,0.013774504,0.1056945,0.13727772,0.003226831,0.047722895,0.25780082,0.30568957,0.1634849,1.551721,0.08045352,0.0,0.468386,0.013629711,0.6938667,2.4721103,2.463864,0.14936894,0.0,1.4024597,0.05934253,0.7587186,0.0,0.7224736,0.09812721,0.35115972,0.054246813,0.3404945,1.346539,0.08393367,0.21125504,0.0140718,0.51394975,0.2512568,1.2232913,0.074956656,0.26167583,0.093642205,0.50723433,0.77080613,0.26107612,0.22521003,0.04451092,0.09333636,0.27651542,0.051239125,0.4444538,0.40011153,0.9996551,0.20066786,0.004687946,1.1135685,0.59383845,0.07402093,1.4749931,0.13724034,0.00070588995,0.24039322,0.07536366,0.44630837,0.37970927,0.705534,0.00078859116,0.10150214,0.40429586,3.6307347,0.78564554,0.7094793,0.07416911,0.028472701,2.779534,0.001121143,0.80194604,0.64383596,0.24866334,0.10092878,0.811843,0.13671152,3.3217235,1.6726797,0.54529727,0.627529,0.0,0.6595439,1.7641785,0.044014834,0.50214916,0.005426884,0.46777648,0.844879,0.14462875,0.6063952,0.6548641,0.05916025,0.2205372,0.018820854,0.48307514,0.096986085,0.4436702,0.059513323,0.15501279,0.2044954,2.478183,1.2021582,0.48392287,0.013483847,0.51343054,0.18148062,1.1760503,2.0923162,1.7382011,0.55429786,0.048650663,0.28046137,0.27382138,0.7056872,0.11515946,0.13029207,0.30836165,0.32762864,0.034839824,0.5119124,0.027041975,0.7046412,1.1822954,0.5678627,0.78803635,0.94121915,1.1849803,0.27098215,0.24690382,0.098394215,0.39424187,0.049721643,0.05689114,0.52085924,0.81769747,0.1925452,0.81298816,0.0105497,0.15588138,0.13837443,0.22472186,0.063398585,0.964795,0.7013874,0.8709323,0.07796418,0.9252951,0.18600108,0.17478754,0.06943215,0.7320118,0.3133234,0.80489314,1.111351,2.0019846,0.0,0.4559702,1.6779828,0.116719164,0.28315264,1.1849265,0.1752369,1.1369358,0.06895583,1.3327329,0.3685556,0.21279465,0.0038545285,0.39026618,0.010389864,0.75500894,0.42900893,0.8718651,0.5663238,0.34300554,0.36518314,0.53316605,0.34314758,0.4132417,0.7875133,0.23283648,0.38615328,0.6227538,0.0,0.17049846,0.61377156,0.40666693,0.9826879,0.5160037,0.2608544,0.6791172,0.0013204908,0.0,0.056594126,1.3329452,0.24787398,0.31469536,1.0275316,0.60739297,1.3099675,0.3296827,0.10046126,0.14342967,0.2396536,0.33313274,0.040394753,0.41043934,0.02944086,0.5450848,0.045078456,1.0899665,0.09535031,0.25284982,1.7590988,3.086775,0.052220616,0.7003555,0.30779552,0.46543822,0.44398642,0.002710432,0.09016467,0.019174889,1.8016232,1.6717666,0.124377206,0.58750725,0.034341324,0.09918652,0.050696705,0.19935098,0.0,0.2518283,1.7288707,0.16593404,0.4747415,0.092277735,0.17925742,0.062555954,0.0,0.82315606,0.8403216,1.2533902,0.85623866,1.3843964,0.49138725,0.28979853,0.08176543,0.0441375,0.3237988,0.021351133,0.5142273,0.5995998,0.06699891,0.8811122,3.468637,0.629441,0.11500091,0.015441142,0.08832729,0.15364882,0.49568447,0.0050918437,0.79799885,0.5895516,2.6822407,0.25944418,0.064372964,0.1601307,0.19539127,1.1411649,0.10438224,0.7352903,0.40338618,0.16429046,0.22306022,all_pothole_images\pothole_images_new_image_39.jpg
1.614695,1.04368,0.5790476,1.059924,0.08743182,0.03953166,0.67701703,1.5363016,0.26756263,0.39922205,0.20627563,2.1985729,0.5191323,0.41010112,0.008174968,0.37402758,0.008374766,0.6415218,0.074025884,0.48901755,0.10324185,2.1112735,0.33680233,0.5949741,1.5073438,1.7430228,0.33632487,2.1171951,0.014603881,0.07844193,0.23599079,0.96899414,1.8508599,0.40401205,0.4853623,0.31291106,0.17014875,0.26942825,0.688659,2.295635,0.045174472,1.3161227,1.2539971,1.1295407,0.0660431,1.3870983,0.87806886,0.03773821,1.0827323,0.8414196,0.019284444,0.41533977,0.50500274,0.3657077,0.38033402,0.22739436,1.7553138,0.17820226,0.13905402,1.2454966,0.4864456,0.0632239,0.78288686,0.4375332,0.87154853,4.917945,0.02600085,1.0814323,1.781065,0.33130214,0.26841736,0.76412946,0.0,0.27715954,0.31387913,0.24974862,0.30069947,0.01837902,0.128853,0.34705207,0.53187764,0.16696067,1.311056,1.918927,0.114525825,0.26312265,1.1832395,0.041041188,0.9249619,0.14571546,0.6462855,0.7635293,0.06822091,0.35073406,0.43838283,0.22139366,0.4051456,1.5301615,0.9170988,0.38319963,1.0421381,1.0034654,0.07589199,0.7679775,0.7425833,0.2524115,0.37509498,2.160212,0.044226952,1.837877,0.4533266,2.9537294,0.0,0.2921998,0.04949181,0.47994277,1.2787434,0.27652937,0.5318419,0.49556887,2.5262332,0.0020614425,0.9789788,0.52844846,1.7637346,0.78213304,0.5666487,0.57389486,2.0672438,0.18353704,1.5336804,0.32250938,0.019617235,0.7940812,0.9594968,0.6580768,0.12109949,0.11889002,0.46106967,0.4098784,0.8852249,0.5049315,0.64153886,0.4243495,0.118357025,0.5820565,0.5846675,0.6954467,1.2911358,0.8552917,0.9490821,0.19975382,0.44035885,0.2642353,0.473883,0.27900553,0.87605876,0.81422937,0.55382013,0.027534261,0.15799549,0.51246786,0.540408,0.19194782,0.46666923,0.01729263,0.3485836,0.50189435,0.62163734,0.6390171,0.23839219,0.36807135,0.09505944,0.27978984,1.6252905,0.012131068,0.94065815,0.9323072,1.4958586,1.0578005,0.39480513,2.5717664,4.506375,0.90231323,2.6723893,0.07188979,0.8499502,1.5440686,0.46648127,0.53823656,2.2018485,0.69927907,0.11739543,3.2993438,0.22928631,0.07550255,0.07182163,1.2507842,0.663697,0.39046362,0.7283582,0.48031667,1.4510311,1.0741283,0.34960443,2.8535268,0.5851769,0.3672599,0.29952672,0.760629,0.67809963,0.6352431,0.5988572,2.1998441,0.65262693,0.15172155,1.1297768,0.08368749,0.7318553,0.11872245,0.32813364,0.5176297,1.2546278,2.2478874,0.04402064,0.14575751,1.5052845,2.0989184,0.15033686,1.2182978,0.06995781,1.7211717,0.5776133,0.12414508,0.20176347,0.39012915,0.09815029,0.4590803,0.42318732,0.64196426,1.0533446,0.22382736,0.7822177,0.19204217,0.29700094,0.3497724,0.59897405,0.29625338,1.1963106,1.5600313,3.562665,0.18848918,0.21640493,0.13797213,0.18099406,0.4088509,1.7034638,0.0016010001,0.20496696,0.35385403,0.53798574,0.3032055,0.49300042,0.21947646,0.35136056,3.9008245,0.18781163,0.5473915,0.8393982,1.7486289,0.40130973,0.3881188,0.09326405,0.32835084,0.98547655,1.4203889,0.9859941,1.355984,0.9375445,0.7134787,1.1475351,0.45352668,0.29582247,0.10805878,0.97088385,0.6788676,1.6783992,1.7174042,0.5448697,0.20323418,0.31292576,0.6215905,1.6161147,0.34478086,0.0,0.5801085,1.0320058,0.9061891,1.2847241,0.43827114,0.15348923,1.0045669,0.45329338,1.1083354,1.4354357,0.3730085,0.6939323,0.84879863,0.16698837,0.85989535,1.7094194,0.6068945,1.5270689,0.5811714,0.10485967,0.040854484,0.002606373,0.681597,0.4910628,1.2026904,0.8176043,1.4031225,0.09971399,0.5344022,1.7136557,0.059876695,0.40210018,0.34002244,1.6226901,1.2278951,2.0675175,0.12315872,0.7943101,1.534156,0.45545265,0.14611043,0.7234446,0.38844204,0.039991144,0.12287993,0.53394765,0.10607856,1.0661252,0.19873011,1.2386358,0.21818379,0.43721423,0.20175281,0.6605782,0.553215,0.8182631,1.2815897,1.2826705,0.79048496,0.2964703,0.98856306,0.48526892,0.75585204,1.0780367,0.41234767,0.7562716,0.16587698,0.5932157,0.46368372,0.19838399,0.5347969,3.117271,1.6784263,0.23470742,0.8669585,2.2164228,0.24345113,0.84748715,0.1617366,0.4753516,0.8052432,0.081217706,4.4609723,0.23545356,0.6775223,0.06131425,0.4897774,1.0277336,0.96746296,3.0965688,1.3911124,0.93858296,0.0021617047,0.06712388,0.7761547,0.3719827,3.2467072,0.45048243,0.36356384,0.1609841,0.30128413,1.6691321,0.69194436,0.42919666,1.0354593,4.2061796,0.521661,1.4477953,2.144182,0.85219324,0.47884056,0.6288487,3.0721562,0.011548849,0.25539404,0.28063557,0.76376504,1.8687023,0.35432833,0.37976295,0.22658025,1.0043135,0.16753757,1.6202353,0.17197385,2.9045339,0.35846364,1.028062,2.5164776,0.39647868,0.016317513,0.28723726,1.1880363,0.7142594,0.08707995,0.045384932,1.0734583,0.2792886,1.0134655,1.2871534,2.1598847,1.1865623,1.5985639,0.91933686,0.084963,0.055181608,0.20341915,0.0807471,1.3332672,1.1859789,0.06182463,1.2183311,0.33903795,0.16347511,0.11651276,1.0462452,0.15750106,0.061899383,0.8700116,1.8355939,1.3212994,1.0837903,0.61666566,0.012897579,0.41003272,0.036808148,3.1538076,0.86051226,0.23996696,0.06645697,1.3770866,0.4415153,0.32194936,1.0850059,0.55953074,0.3336198,1.4172497,0.6646012,0.4588571,0.1413123,0.25547966,1.6467875,0.37956446,0.18361712,0.11027188,2.1920419,4.8717756,0.3475871,0.13441016,0.10474731,2.3930225,1.8513389,0.283161,0.5268492,0.09442917,1.0852972,1.3174301,0.17477976,0.5284657,1.1893458,1.0072143,0.38706222,1.0143666,0.22608681,2.2212987,0.0087288935,2.9154289,0.35923833,0.89766425,0.040303033,0.8315618,0.1990545,2.378137,0.50174373,1.2950897,2.4660308,0.018429987,all_pothole_images\pothole_images_new_image_390.jpg
0.53541243,1.1376228,0.4327732,2.2372925,1.6283622,0.066400416,0.14432883,0.09361948,0.11562415,2.5528738,0.28380206,1.4387583,0.14966983,3.266528,0.004826872,1.3800044,0.13215652,1.7457281,1.4330103,0.10661688,0.54064316,0.11408501,1.754644,3.2169082,2.277622,0.10126765,0.25840393,0.13576342,0.0019284209,0.3848272,0.3274586,0.47474232,0.20571572,3.399267,0.027745154,0.320866,0.038837533,1.361344,2.9602287,0.13776532,0.13223484,0.18764906,0.42087764,0.0082689095,0.4902483,0.70955545,0.31842637,0.029348265,1.1909016,0.00843998,0.048329372,0.73266536,0.31036383,0.0,0.11235161,1.2283882,0.3816015,0.64264923,0.6641816,0.18533497,0.0013737828,0.15080702,0.18087806,0.35743347,0.95839345,0.20159265,1.6922424,0.05348219,1.0153865,0.0021909096,0.67660093,0.6329127,0.34970042,0.0038746656,0.36928537,0.45401943,0.23331922,0.017756216,0.15319508,0.41791385,0.0077093593,1.3868928,2.3112943,0.6704516,0.20060088,0.37528142,0.5433868,0.0399384,1.6903682,0.15312977,1.2578827,0.3647543,0.46167213,1.9220967,1.2230124,0.12268855,3.2027857,0.7318807,0.0,1.8745048,0.48975518,1.4928875,0.012258964,0.05478129,1.4288952,0.85871655,0.47999915,0.0,0.38281414,2.2717366,0.4123266,0.3158358,0.098580375,1.539065,0.29808468,0.5344431,0.1171474,0.25650138,1.6161234,0.66811407,2.0292382,0.5888592,0.72272056,0.2727525,1.5630875,0.5681343,0.0,0.7484882,0.17211704,0.15247808,1.9986802,0.071614675,0.102790646,0.087681614,0.8797352,0.10184693,0.6423639,0.060395747,0.50674015,0.23940445,0.44532514,2.314483,0.636895,0.839517,0.0024305386,0.11095499,1.0778542,1.5668253,0.7075763,0.15495624,0.08114717,1.1387798,0.53578657,0.019713417,0.94538397,1.7621951,0.0049699047,1.3350979,0.4330994,0.0040189847,2.1786957,1.9881989,0.33007646,0.45287368,1.9640876,0.0035958558,0.22255363,0.10329304,0.28170767,2.073209,0.41648117,0.048610844,0.032059263,0.49109492,1.9593627,0.50446856,0.4447955,0.027401997,0.042990386,0.29438832,0.015682029,2.056994,0.48154348,3.04007,3.058664,0.5653338,0.023787228,0.4745326,0.8769337,0.5540723,1.5871185,3.412745,0.1895435,0.44437018,2.0273483,1.6157049,2.149326,2.0283144,1.244491,0.083522454,0.7488308,1.1118202,0.0018727259,1.0289311,0.11898947,0.46049437,0.8644804,0.19671693,3.0748415,0.806007,0.45438555,0.08340384,0.101677656,0.76659936,0.066199705,0.014475089,0.6280236,0.27369174,1.147188,1.3626257,0.9275388,0.620739,0.620439,0.015233561,0.41211754,0.035038535,0.40846673,0.076206274,1.4601852,0.040178314,0.031606443,0.12357376,1.1368667,1.2123975,0.013544949,0.06127153,1.4815966,0.9619665,0.89589477,0.6185079,0.09840574,0.536833,1.7881466,1.679719,0.5597903,0.1702172,0.6217983,0.20203952,3.035794,6.229451,0.4369478,0.7820855,0.61530995,0.0015969108,0.14287731,0.45419052,0.20587412,0.62633955,0.42077333,4.0457907,1.3261174,1.7252417,0.55439,1.2411811,0.0026822381,0.10265317,2.9335177,0.29725564,2.63248,0.59733593,0.35185283,0.03576543,2.8891296,1.6641238,0.16653475,1.0233668,0.53799284,0.204392,1.9566245,0.47691327,0.0040818704,0.12064464,1.7210525,0.0,0.050903376,2.1505523,0.20045179,1.4125631,0.04465247,0.19457279,0.46647084,0.7687226,0.1274645,2.248608,2.7201557,0.44897133,2.2471063,0.17057516,0.7380349,3.0891016,1.4676626,0.12508622,0.106523514,0.12687434,2.6282158,0.4527521,0.7264367,0.05405783,0.3030697,0.050029404,0.26804808,1.1292003,2.8502545,1.1155679,0.38586158,0.21397796,0.0107277725,0.9579603,4.7956386,0.52494085,1.6747972,1.268763,2.3301172,0.16652693,0.8007597,0.14114538,0.13738199,1.2394696,0.35543236,0.18874161,1.932122,0.0,1.4667716,0.0002949329,0.91797584,0.015105082,2.1366627,0.40655136,0.40087694,0.7305187,0.338583,0.20936607,2.9506168,1.7871339,0.9326322,0.075486034,0.23771194,1.0322433,0.18004751,0.6497827,0.00038196682,0.16784705,0.061166003,0.23798837,0.45813796,0.02423122,0.19546753,2.3129637,0.18521683,0.94359213,1.7124875,0.16945978,1.5973806,1.0294076,0.018718448,0.062705114,0.7654443,0.25050268,1.5204996,1.3957155,0.32306144,0.17622595,0.5090367,0.8255624,0.21474822,0.24789627,0.16038065,0.8189637,0.48366603,1.5073698,1.6317776,0.5611363,0.2683085,0.6938821,1.3358507,0.09379147,0.38814586,1.7193689,0.43755463,2.4001462,0.009427744,1.7039365,0.25901693,0.19578592,0.0032640449,0.91601574,1.3864844,2.4893982,4.2718716,0.31721523,0.04544514,1.9592804,0.74817336,0.031353645,0.99559563,0.8681846,1.9032407,0.40968952,0.14638628,0.05804451,0.019472372,1.2174716,0.30140075,0.66422176,0.027141409,0.64856017,0.8769974,0.40399477,0.00017004028,0.0,0.0,0.9447501,0.36529392,1.6396862,0.37225863,1.3615134,0.68881595,0.35561216,0.1897398,2.1292958,0.09371269,1.4837315,0.21923937,0.13150088,0.14256337,0.6413606,1.6589292,0.02647252,0.4997244,0.14977388,3.0370448,0.2505046,0.16662753,0.027233247,0.05193143,0.351312,0.102310516,0.013465024,0.120602846,1.3737304,0.5628268,0.20396075,1.773598,0.09627515,0.054757975,2.002011,0.81399983,0.13009515,1.2723297,1.3825752,1.558398,0.9942993,0.7615572,0.566283,0.042384107,0.67941546,2.6517093,0.73358744,0.1406185,0.051326897,0.22793885,1.5718523,0.019856155,0.992263,2.3915153,0.40659985,1.9171937,0.9883136,0.47443733,0.12875418,1.375546,0.94801545,2.2416792,0.28968704,0.7015655,1.2292583,0.5639023,0.010343911,0.3547145,0.32900518,0.58452255,3.22031,0.0,0.023867346,0.0,0.23328994,0.33712628,0.0021053962,1.0926701,0.15427421,1.0820191,2.2912667,0.8019399,1.160777,0.058811165,0.3935889,0.94529676,0.6099955,0.2597699,1.9758229,0.058824237,0.06333204,all_pothole_images\pothole_images_new_image_391.jpg
0.23233274,1.0895475,0.65958005,1.2936357,0.23754221,0.19013144,0.94825196,0.03049031,0.111331254,0.121962816,0.26812288,0.3971119,0.30492,1.2429608,0.0,0.2664748,0.09293,0.0024493453,1.304423,0.0063923197,0.005479568,1.536172,0.3107633,0.5318368,1.8983614,0.8954578,0.30400473,0.9823993,0.0,0.008800127,0.4478545,0.3182237,0.124252476,0.10225995,0.05389138,0.3683523,0.22126852,0.44740143,0.77059376,0.5192994,0.043770887,0.43825382,0.7526681,0.498943,1.0855892,0.016117781,0.45004895,0.15026213,0.45984587,0.36628202,0.4261879,0.5571591,0.5026184,0.22948426,0.24868374,0.5125836,1.104192,0.0038362886,0.34459725,0.12350496,0.26845795,0.00045231517,0.65617865,0.100898154,1.2113563,2.605442,0.0915091,0.05418865,1.1075383,0.044808123,0.054898836,0.1318475,0.07305926,0.05972893,0.8478476,0.3561576,0.11567081,0.31320575,0.16421479,0.5867635,0.0,0.0,0.8335259,1.084305,0.4002712,0.18664807,0.23846853,0.343602,2.2538114,0.34987023,0.20388839,0.4636348,0.04320228,0.64007336,0.12486905,0.0,1.456098,0.5939294,0.8585487,0.087657906,0.34466356,0.70299965,0.005670773,0.46024048,0.4940152,0.43223527,0.26369417,0.38331407,0.030737476,0.46402562,0.019601205,1.9815257,0.1947017,0.16865224,0.013396992,0.36280245,2.14582,0.6294761,0.36771244,0.342986,0.9241346,0.5567294,0.28094825,0.35123524,0.2302397,0.66392165,0.45613822,0.31191203,0.93418413,0.15324005,0.47025484,0.008424274,0.0009545527,0.012934485,0.22351494,0.009481199,0.22133525,0.60417044,0.27715623,0.074165136,0.32343087,0.675296,0.0028332798,0.66084605,0.0422387,0.21446115,0.012944842,0.28211057,0.9259209,0.87703943,0.13190638,0.5740484,0.1298542,0.15099593,0.67996395,0.40064177,0.08512167,0.56973404,0.23028456,0.48499134,1.11856,0.57745665,0.3221185,1.8835531,0.6162688,0.26354954,0.3161141,0.1891908,1.1600925,0.5960725,0.09697842,0.2331409,0.23181546,0.083891205,0.41291758,0.10818985,0.19196665,0.039124854,0.06723525,0.48747575,0.1618389,2.5982773,1.8244599,0.08903465,4.2918086,0.25328946,0.7566316,1.2876518,0.27271312,0.46314138,0.22925548,0.70488226,0.055303063,2.0000188,0.14569597,0.004481892,0.0870742,1.8032283,0.58084905,0.71318984,0.6358857,0.90955365,0.8296288,0.5147163,1.0830907,0.8630415,0.40490916,0.052360114,0.6963104,0.6375367,0.14789307,0.22175129,0.23215832,0.18086214,0.4655664,0.9298112,0.23843355,0.17260045,0.39197248,0.05868933,0.5017573,0.67597806,0.63131565,0.6841357,0.1441636,0.370863,1.5678744,0.23219791,1.1166008,0.08510182,0.26162317,0.8103472,0.12995355,0.28033578,0.41744894,0.5905016,1.6108476,0.064674936,0.19517279,0.48169306,0.59541845,0.060502674,0.33374175,0.44501358,0.28621238,0.016962368,0.44336668,0.456332,0.65007097,4.127625,1.6160464,0.077879146,0.7844335,0.13729644,0.20705074,0.1392176,1.0803791,0.61112326,0.34708697,1.5567611,0.2511107,0.025412934,0.09959355,0.8112962,0.67326164,0.5185758,0.5017781,0.5222043,1.3390988,0.65206677,0.25795442,0.14150645,0.05016397,0.48486698,1.6258209,1.6158007,0.6866296,0.27226293,0.44202796,0.57253116,0.16562,0.36876872,0.034364656,0.16213048,0.46676666,1.0445521,0.40277243,0.541326,1.0550104,0.40228575,0.055220112,0.039243344,0.15711792,1.147056,0.34271544,0.39973366,0.5064121,1.5986924,0.69184846,0.6724017,0.19378097,0.4703238,0.0,0.23108241,5.45976,0.19798185,0.28351358,0.8386959,0.056331508,0.13465047,0.13584737,0.6089419,4.5431175,0.88380414,0.008763036,0.4979602,0.30269253,0.7159308,2.5397801,0.2860368,0.21665671,0.14491554,0.0,0.16413774,0.526836,0.4841832,0.9458853,0.0,0.38291493,0.2210209,4.803707,0.41760573,0.07049069,0.003101804,0.024022277,0.10543468,1.9314425,0.7875725,0.19353811,0.1875838,0.044840492,0.057926994,1.6152544,0.2034141,0.13733923,0.35211998,0.2435103,0.60869753,0.29690638,0.45466787,0.30043226,0.34196317,0.17622524,0.07601786,0.25632143,0.0,0.56318146,1.3441558,0.29964918,0.825466,0.004145043,0.08970548,0.6643636,0.029122394,0.042696204,0.007458494,1.8472279,0.29475203,0.41800123,0.16391303,3.0243907,0.4533762,0.33147952,0.03648192,0.45218724,0.6148576,0.0464068,0.20359802,0.20234624,0.2263152,0.1610421,0.043377753,0.086868495,1.2765001,3.8577194,0.3687199,0.48969924,0.0,0.017651128,1.4511383,1.154352,1.3748789,0.0723081,0.2573245,0.7832781,0.24866481,0.3164107,0.19207862,0.048903737,0.079574086,5.570594,0.4745949,0.16860391,0.5820629,0.38127542,0.07821996,0.30317074,0.38460025,0.106614,0.27860144,0.36957192,0.38380095,0.60231674,0.7202456,0.0,0.16983105,0.35061982,0.46006596,0.029836783,0.025063412,0.9341083,0.036439095,0.479481,1.219734,0.26743716,0.07491176,0.27007473,1.7314435,0.49427643,0.2611,0.30735835,0.3304353,0.149389,0.48971394,0.277809,3.173528,0.3028589,0.27748042,0.06562769,0.18644316,0.38840967,0.33912534,0.11386256,0.4207025,0.096491694,0.07908371,0.45270783,0.19268748,0.15967347,0.7003108,0.787292,0.4097927,0.41926986,0.5093276,1.2230848,1.3103532,0.32035255,0.3738566,0.6140953,0.7257839,0.5899059,0.1664624,1.0025662,0.004263378,0.82378596,0.44975248,0.46684787,0.0013803864,0.7466622,0.039362866,1.2957225,0.8787754,0.24889329,0.15139289,0.29118308,0.5043761,0.46619013,1.0834255,0.44712424,0.052860755,0.15738721,3.0341272,1.7006816,0.33703256,0.017686253,1.0789826,1.121123,0.04096047,1.0869521,0.073248625,0.59077626,1.2774802,0.13355726,0.07851934,0.0074249636,0.4322519,0.15129007,0.067320876,0.1989286,0.088809945,0.05958047,2.804338,0.35339674,0.2505095,0.38686997,1.1804492,0.09709406,0.9683646,0.74938667,0.29783916,0.3048196,0.776428,all_pothole_images\pothole_images_new_image_392.jpg
0.0446973,0.3268823,0.2691474,0.5019644,0.15013996,0.16702488,2.7767398,0.84903437,0.05099923,0.4872845,0.07565817,0.45284417,0.60374653,0.16897726,0.0,0.0075235316,0.11034072,0.11536398,0.53199804,0.30461112,0.050972763,2.1579611,0.36977986,0.12880269,0.20396134,0.7775022,1.085229,2.282955,0.579653,0.3503063,0.36930645,1.079701,0.715668,0.09007023,0.5387871,1.4586364,0.781787,0.7240728,0.09391125,0.5449958,0.0588658,0.40584353,0.23273465,2.2337763,0.29726073,0.7596381,0.110733226,0.0,0.14084484,0.7329796,1.2482661,1.172235,0.24797599,0.79442126,0.0,1.0068651,0.57633007,0.45425117,0.084766,0.5555072,0.8930785,0.7070043,0.45512506,0.091496065,2.3454986,2.057061,0.0028923878,1.20156,0.0031709247,0.042773616,0.0,0.23765965,0.0077904128,0.028358035,0.14466871,0.25069377,0.51987416,2.6373045,0.1422027,0.014348829,0.3567871,0.31534004,0.0765664,0.42453194,0.24327908,1.3667998,0.017517641,0.4497162,1.2972662,0.067064025,0.19890547,1.1879735,0.10167468,0.71424955,0.39363557,0.06835357,1.1040473,0.026440334,1.4229412,0.03362539,0.0,0.8702137,0.011495787,0.1145698,1.2331245,1.0506297,0.6106639,0.1763714,0.6662366,0.35809773,0.029905519,1.9177364,0.76613945,0.6385213,0.87469137,0.7376284,2.1003342,6.2839847,0.05421903,0.80164135,1.7262635,0.7058198,1.3597317,0.7773309,0.50029206,0.5699641,0.4851934,0.09337773,2.3892488,0.0,1.562855,1.0251749,0.81393105,0.24757195,0.08383907,0.3360749,0.061336394,0.0,0.2831335,0.6744763,0.97015697,1.1061132,1.6829565,0.4503373,0.4742231,0.6993001,0.03949221,0.8974567,0.17315978,0.22631532,0.5045119,0.8861204,0.0345544,0.0,0.5469705,0.4010192,1.2515489,0.03522275,0.0029901657,0.13864078,0.58126,0.61524516,0.09667547,6.608491,0.12409642,0.2562288,0.85182095,0.32031554,0.02616338,0.04278063,0.18921082,0.543495,1.465142,0.621093,0.7196901,0.059769794,0.23978837,0.068815485,0.11261363,0.20604503,0.29548168,2.9055586,5.1110373,1.4303269,1.1411546,0.38667098,0.08000969,0.19411272,0.0006658157,1.4641645,0.5442768,0.06450717,0.16402441,2.4246001,0.022641059,0.20012149,0.47124776,0.57151395,0.03793909,1.0624639,0.13180722,0.57050866,3.4993947,0.20218621,1.6449264,0.33063316,0.46525067,0.079501726,0.6907833,0.7356177,0.0,1.0646526,1.2987647,1.0802494,0.109917134,0.7172294,1.6906013,0.03609975,1.1550298,0.13594429,1.7589887,0.74644494,0.26214445,0.6285177,0.47346044,0.2844371,1.5312983,1.3543469,0.58005214,0.70402014,1.0673879,0.592184,0.9872228,0.065405846,0.29350993,0.086242944,0.758498,1.5035213,0.00062482036,0.092777714,0.2897329,0.07152643,0.23472597,0.83851755,0.057149053,0.0,1.1116139,0.20768091,0.05932818,2.07244,2.9115062,0.28269032,0.42538774,0.7078491,0.5069257,1.8414185,0.0012677485,0.33753812,0.065915406,0.28497025,0.41307673,1.9370801,0.8710976,0.0022960347,0.68849576,0.6304475,0.21355936,0.13305959,4.0864058,0.42942622,1.0075846,0.006998872,0.18781981,0.5901947,0.22823654,0.2798582,0.092988245,0.7761185,1.3654339,0.5139445,1.1359596,0.27015334,0.43950716,0.113452114,0.6794953,0.00870503,0.93033016,1.120279,2.9107528,0.36201507,0.17617233,0.9545673,0.61186516,0.0,0.019512681,1.1721804,0.78039783,0.13842684,0.50986487,0.43663087,1.7023735,1.7129868,0.42937446,0.20289306,3.826503,0.004280675,0.16529617,0.7680426,0.12406159,0.50533545,0.6993823,1.0177721,0.11732985,0.06617997,0.37995723,0.7478255,0.0,0.34486622,0.13366556,2.2176435,0.0,0.563872,0.33702672,1.0604317,0.37827495,0.86115545,0.336974,0.7392358,1.804765,0.21852602,1.450071,0.018743305,0.16390835,0.4484892,2.1808596,0.53133243,1.2890474,0.32611057,0.0047749467,0.126926,0.6151873,1.5616325,0.0,1.1353986,1.0410715,0.02067399,0.0,0.80656165,0.44011217,0.9127009,0.19640443,0.08845648,2.0075428,0.14262563,0.015087987,0.11880493,0.3013031,0.41260108,0.5999754,0.09856722,0.0,0.8152394,0.4584722,0.22208261,0.10784278,0.0013824699,1.3024179,1.3329948,0.23109037,1.312225,1.1257473,1.153849,0.5090239,0.0,1.783872,0.29597047,0.25453702,0.25099066,0.27631867,0.45213845,0.70387584,0.0,0.1503123,0.7414168,0.51226014,0.083229996,0.7974864,0.08062806,0.2412966,0.95222145,1.9176698,1.2052038,0.48710498,1.3327626,0.0,0.08907544,0.62161326,0.085784465,0.6844615,0.68517935,2.322392,0.67424643,0.3467986,1.6272421,1.186366,0.73116225,0.97518295,1.3008039,0.16262145,0.76930565,0.28027883,0.47968462,0.16416927,0.90407234,0.3499854,0.31989816,0.016221827,1.0463557,0.083560094,0.5821588,1.3335489,0.1711894,0.43313628,0.83412474,4.5612407,0.13758585,1.0054129,1.4955547,0.0018147243,0.0132656675,0.52288514,0.42964134,0.5659431,0.5514254,1.3935428,2.8713567,0.6483699,0.89095026,0.08101026,0.28061774,1.0670674,0.31985426,0.07200338,0.2957003,0.092863396,0.18772642,0.20872815,0.7896518,0.009761178,0.047496893,0.5804049,0.20261142,0.053624105,0.13448134,0.28502542,1.1381316,0.20712256,0.84516907,0.15099443,0.32659397,0.4879368,0.93449455,0.905967,0.17160463,0.6658588,0.3919789,0.53494626,0.17798983,1.1475246,0.7942412,0.278876,0.5152773,0.75620455,0.06607212,0.0,0.18159221,0.5424251,0.20377252,1.0721061,0.28427753,0.97776794,2.5326614,0.42470834,1.068573,0.17787308,0.022919966,1.9175211,0.64867973,0.19990228,0.06573673,0.05502733,0.96000546,0.010620836,0.08809103,0.11488757,0.07367307,0.32018527,0.70392746,0.35398164,0.83325154,0.08412552,1.3501215,0.29881275,0.9873352,0.0023330413,0.38816288,0.020430166,0.5659346,0.49344012,0.4796808,0.8814677,0.0,all_pothole_images\pothole_images_new_image_393.jpg
0.62073517,0.51816916,0.7423683,2.261538,0.17677467,1.636959,0.26017562,0.18233255,0.11993679,0.038373467,0.019529901,0.35058174,0.91867346,0.13323118,1.4704857,0.3019995,0.04240539,0.97648036,0.38406053,0.18411016,0.5122625,2.0900464,0.050476443,0.12870763,0.63606066,0.44931698,0.36827546,1.3124928,0.3597696,0.15405394,1.1855788,0.5218437,0.55319685,0.8911863,0.079419106,1.9352398,0.72127444,0.8682836,0.46834043,0.48531947,0.18404795,0.1551135,0.8335106,1.5310323,0.18077704,0.025769647,0.28297353,0.018004384,0.9928376,1.3772497,0.66354316,0.65198064,0.39205557,0.68074405,0.1313102,1.2049884,2.454958,0.19334891,0.57456434,0.14444394,0.071765624,1.0581082,0.26374334,0.3120052,0.46758965,3.6873684,0.33148056,0.07451703,1.3148928,0.068359606,0.46139914,0.31625766,0.8566597,1.0275269,1.3781734,1.0630152,0.068950236,0.87385285,0.12692164,0.65636814,0.3921998,0.010250223,0.13373174,0.2609315,1.0114108,0.10782755,0.43958548,0.78010046,1.866209,0.3942101,0.32161522,0.10781117,0.25138542,0.20928487,0.53602475,0.008899478,1.1581264,0.31728363,1.4488186,0.66504884,0.122080356,1.4789568,0.3128054,0.00046102732,0.3145908,0.22349523,0.20294507,0.2928753,0.50191164,0.12650496,0.0020794596,2.413746,1.2458893,0.51642704,0.8563644,0.20115961,1.9641865,0.31027892,2.0031881,1.1396567,1.3045428,0.6070784,1.4618059,0.0,0.23512778,0.89207315,0.5087755,1.2898705,1.6877266,0.16743463,0.29329094,0.06775216,0.44628975,0.0026254167,0.03786207,0.46332416,0.33449277,1.9169171,0.49635768,0.16964558,0.68112975,0.53679675,0.06256792,0.5051373,1.0353619,2.3367267,0.027743278,0.15922871,0.03561443,0.5497806,0.8261183,0.39637268,0.14273544,0.21119228,0.894645,1.1175593,1.1591761,0.11110523,2.0454955,0.2713873,0.99989295,0.17600554,0.0015872645,3.1838963,0.20411764,0.6834943,0.2172469,0.19571202,2.5622034,0.10006129,0.0,0.4523874,0.0558336,0.06152826,0.60743564,0.43356603,0.3063055,0.019098345,0.96344537,0.28603902,0.041257937,3.3554947,2.4843395,0.5227466,1.6464199,0.49512437,0.06618997,0.62952685,0.74654883,0.66542333,0.9162847,0.38167095,0.0,2.6777947,0.12987797,0.052530922,0.15079466,0.3610932,0.5118566,1.1203835,0.92587996,1.2196882,1.048965,1.5880998,1.4311209,1.0274088,0.083201736,2.1085775,0.6982962,1.7354159,0.0046533025,0.06760172,1.1194221,1.3044233,1.2710935,2.298884,0.5396372,0.38534075,1.4944688,0.5450349,1.3827026,1.6131208,1.1638699,0.69991815,0.28380305,1.2519479,2.763957,0.3375775,0.1057691,0.163632,0.3744873,0.5354653,0.003321748,0.23742546,0.21287797,0.08814494,1.7207103,0.02877919,0.5908932,0.3865564,1.0045508,0.286061,0.43265578,0.043041762,0.104070544,0.016460206,1.241958,0.16906375,0.20218277,3.0873303,2.814362,0.4141097,1.4707006,0.27838197,0.29846635,0.43355107,1.2037259,0.35865986,0.53113943,3.6351392,0.06138079,0.3206725,1.7400044,1.2135168,0.90814906,1.2018316,0.7991235,0.80606246,0.6096849,0.63785005,0.056799587,0.03073926,0.17477785,0.29426593,0.83330816,1.2991154,1.3407624,0.6738412,0.61225533,0.65303713,0.07381097,0.0,0.08600666,0.1163071,0.33942544,0.16452672,0.369477,0.16584559,0.9636432,0.4692594,1.2676468,0.25677526,0.6860509,0.3263744,0.028701227,0.24311627,0.23465487,1.581718,0.5607252,0.15407829,0.47302705,0.30235925,0.53409964,1.56901,4.2554674,0.4469497,0.33039093,1.3511164,0.5544503,0.7264315,1.2930994,2.0114608,2.120829,0.68422246,0.5117813,0.72725433,0.018130954,0.9988323,0.8294828,0.6183619,0.18159156,0.010264831,0.0274604,0.058435224,1.1441274,0.58249956,0.9184441,0.00458266,0.6629763,0.28843713,1.8899065,0.39497444,0.40884507,0.27673462,0.12914588,0.20625998,1.6403921,0.18548074,0.4197267,0.36885777,0.22290052,1.474181,2.5074408,0.17142054,1.6018118,1.161068,1.125511,0.08630769,0.122617275,0.4956081,1.4570104,0.57116026,1.2651342,0.15018217,0.046408404,0.29519066,0.5382576,1.1869664,0.37636408,0.5731234,0.0,0.28390464,0.4454509,0.3769534,0.077882074,0.13860375,1.806322,0.09406617,0.43560594,0.071465485,1.7897049,0.1672133,0.5134349,0.0084885415,0.9288892,0.36943802,0.5811686,0.38899025,0.9758751,0.033264738,0.35745224,0.02452588,0.48337355,1.0373434,3.4427078,2.9922988,0.46403122,0.01876331,0.767908,0.5117815,0.50797254,2.3228662,0.3104573,0.7905894,0.14131857,0.11557287,0.9895798,0.61631894,0.24943206,0.39619207,3.7052362,0.1817817,0.4512777,0.7284784,0.4673134,0.2419658,0.29001868,1.0088998,0.11839515,0.20910317,2.298379,1.0050988,1.1057525,0.791166,0.008186831,0.0005750539,0.8279879,0.6230195,0.47530708,0.05019896,2.722389,0.14607935,0.043160636,0.88955444,2.568372,0.21087119,0.19822825,1.6974967,0.048344504,1.525088,0.3101494,0.9564257,0.3105582,0.80709827,0.1097018,4.0624948,1.3887911,1.5740415,0.015758852,1.2257895,0.8803419,0.9233162,0.57673097,1.0929568,0.62943673,0.002478518,0.075433955,0.25147724,0.01774455,0.3642578,0.5141012,0.68324786,0.9965172,0.5727186,0.4855257,1.1604619,0.9043401,0.18062839,1.2217087,1.7312078,0.39145473,0.4070422,1.0496955,0.12337104,0.9724501,0.28066412,0.4605212,0.35328066,1.2745664,0.53245336,0.7445191,0.5644177,0.9347057,0.23845495,0.3180689,0.041369908,0.69373477,1.6489656,0.2302503,0.15177135,0.23474623,3.5490115,0.83127964,0.24995473,0.02178404,0.07373463,0.2542159,0.38891244,2.5517058,0.1772835,0.35558167,0.49503174,0.213692,0.21156026,0.38143125,0.28797087,0.053321622,0.12621973,0.011119957,0.26115656,0.5493963,5.1222234,1.2594861,0.27269417,1.5936494,0.37867305,0.008064673,1.0847696,0.1403805,1.2793977,0.44683558,0.4874133,all_pothole_images\pothole_images_new_image_394.jpg
2.0901976,1.1395035,0.06458943,1.564536,0.9515844,1.4768069,0.91121876,0.18663375,1.0136029,1.2272898,0.16312899,3.3599918,0.0,2.0387015,0.7506265,0.997638,0.3244176,0.25599498,0.1774497,1.1641693,1.7422597,1.1464198,0.44452807,0.17999224,3.3010876,0.7846329,0.62489164,2.9641073,0.03964747,0.011517264,0.22207628,0.18588229,1.4155251,0.67816895,0.17046413,0.13056083,0.13077678,1.2688817,0.10798415,0.3554791,0.34112617,1.3262715,0.18419643,0.39520252,0.32064104,2.1515949,0.15038437,0.40270567,1.439734,2.1783426,0.6330234,0.80886745,0.62931186,1.0122871,1.2376752,0.36814523,0.7489767,0.3428846,0.42651078,0.091896385,0.87933224,0.16752765,0.40086624,0.2998212,0.44538987,1.6755086,0.6774953,0.53529334,0.025109714,0.21596052,0.645147,0.33797976,0.3535828,0.026221499,0.45912686,0.17935184,0.38919985,2.1540859,0.31360826,0.33606142,0.8777388,0.5028047,0.06889492,0.93858427,1.0393033,0.41509062,0.13385457,0.45677993,1.1534913,0.20505549,0.30916288,0.109786384,0.8899458,0.32858002,1.4522288,0.35782427,0.8795617,0.55204475,0.27705103,1.9529501,0.00030320275,1.5855,1.180159,0.40156204,0.45032272,1.1819389,0.23901954,1.5148424,0.016461132,0.15337723,0.02951347,2.435471,0.7606512,0.11343414,0.8007831,0.002775954,0.7552495,0.018528793,0.15821365,0.64675426,2.562063,0.010395242,0.23434234,1.7348349,2.1051579,0.884618,5.5053654,0.7055507,0.37978646,0.49771577,0.007379367,0.2736509,0.037459187,0.7910937,0.88071597,2.0619273,1.9498556,0.18032652,1.0682955,0.2325531,1.0683748,0.30447936,0.16780977,0.0,0.9221511,1.2416764,0.018172016,1.3579834,2.003873,0.18436755,1.1222018,1.7529474,0.6087756,0.81912184,0.4602883,0.4454361,0.79207087,0.38879716,0.62282187,0.73809785,0.32742855,1.1738889,0.09980976,0.9022901,0.08036931,2.1226268,0.59188306,0.30756998,1.1169741,0.5870614,0.3700971,0.27155644,0.13606818,0.083010964,0.5871727,0.15132849,0.3729536,0.006595032,0.2786678,0.8523303,0.32416198,2.156908,1.3129889,0.82417446,0.64642036,0.37135664,0.05062045,1.5482744,1.7845757,0.49563846,0.36134887,0.23145442,0.029772885,0.55130154,0.14256015,0.5170608,0.39747944,0.66350144,1.2799169,0.6439476,0.754843,1.1294367,0.34031022,2.1664774,0.8984932,0.65668696,0.38799694,0.1749958,0.70555556,1.8384416,0.3395213,0.49415413,1.3830135,0.55957437,0.45340276,1.5839859,0.92956305,0.06328305,0.24574885,1.4852158,1.5196302,0.6541729,1.6188614,0.5583133,0.33710545,0.7310952,3.0983765,0.7221755,0.9590425,1.5758934,0.32309768,0.18744281,0.4397164,0.18515697,0.5115073,0.054300737,0.8769592,0.5563259,1.4011891,0.06476813,0.7024824,0.66106397,0.1412944,0.0009738523,0.0,0.0,0.21032079,0.65522593,1.7241269,1.5514389,1.7259526,1.2481171,1.2332542,0.2479482,0.5513838,0.16495426,0.25761348,1.882862,0.026051585,3.1037495,0.42353085,0.8703598,0.5711836,0.8304689,0.8869139,1.9671459,0.60989183,0.9804698,6.255014,0.2732655,0.58909345,0.017478907,0.036186192,0.7016391,0.051564917,0.8046423,0.4618422,1.0819618,0.36943364,0.9160424,0.46410993,0.23484589,0.19123879,0.05989937,0.3832095,0.16741869,2.157718,0.15568545,0.83050495,0.11427946,0.16807184,0.91504174,0.23344955,0.5143797,0.34002575,1.4847069,0.7924213,0.7237048,0.7031657,2.8924525,0.79073006,0.72435045,0.85725415,0.6750868,0.85189784,0.5504957,0.060666468,0.22772159,0.98469776,0.94413275,0.37824506,0.9993148,0.8978994,1.8069937,0.21066876,1.1371152,0.9105726,0.5752876,1.7004594,0.58950853,0.20542012,0.10339849,1.4295552,0.3300303,2.4717624,0.7607234,0.25287542,0.4661839,1.5336692,0.83174497,0.79754966,1.0320927,0.064128384,0.51111275,0.1682889,0.37054506,2.4809911,1.5591552,0.025247175,2.403698,0.3364633,0.13889,3.6375682,0.8837195,1.4353034,0.16298196,0.7359507,1.189581,0.36613378,0.21010141,1.2076479,1.2638892,0.8447713,1.0216875,1.2430182,0.13209647,0.6689397,1.3502655,0.10155192,0.8227917,0.7605536,0.083316356,0.37936378,0.90741694,0.06752736,0.21454248,0.82940906,1.1586206,0.0,0.64782614,1.225207,0.7827874,1.1677433,0.7075062,0.32239908,0.2593267,0.74047554,0.8088689,0.33992842,0.10863865,1.4444667,0.021146467,0.78679705,0.51848793,2.7585936,0.8568634,1.6407733,0.0,0.062223848,1.4275795,0.64199024,0.3424778,0.49747962,0.66177213,0.31675974,0.6874075,0.2394239,0.95215607,1.0886451,0.5603153,1.2316426,0.789687,0.3805435,1.1070958,0.5058404,1.0289601,0.5132792,0.42077324,1.7525504,1.0067568,0.021106062,0.2727838,0.104350105,3.4737236,0.3859495,0.003189426,1.386629,0.38121313,4.381748,0.30648667,1.910084,0.373168,0.19902751,0.66736805,2.1800587,0.03730235,0.29396698,1.0078341,0.7051548,1.0167124,0.6267348,1.1981939,0.62400043,1.1660761,2.694113,1.7105458,0.43295833,1.006912,0.0013859596,2.0940824,0.26879993,0.33166978,0.21723036,0.13208236,0.1505851,0.03346331,0.32632118,1.2723434,0.027627897,1.0648744,0.8908819,0.89083564,1.3869722,0.48906365,0.4993134,0.9288723,0.34384906,0.047461674,0.33725122,0.86748606,0.4332589,0.77659285,0.7526105,0.9300576,0.32475725,1.4231355,0.42388654,0.27134666,0.5452981,1.1745892,0.9892009,1.5699552,0.25808555,0.020415196,0.6844658,0.284131,0.9531616,1.5418928,0.62975574,0.36789095,1.3274201,2.221695,0.13844681,0.8740769,0.19900368,0.15876354,1.0506225,0.05663246,0.9331879,0.069139846,0.06367618,2.1225028,1.5640682,0.5635449,0.6819441,0.37990597,0.92323226,0.039290078,0.4079698,0.6609716,0.40200648,1.739245,1.626179,1.1529391,0.61025983,0.85203844,0.81701696,0.2463222,0.20366244,0.052855637,0.85081667,0.39387956,all_pothole_images\pothole_images_new_image_395.jpg
0.9997977,2.4052505,1.3190625,1.006053,0.27226624,0.20365763,0.31129956,2.3786,0.73207664,0.028512418,0.12279617,0.586564,0.10931274,0.38300672,0.82080644,0.20036751,0.015782474,0.23849076,0.21703708,0.33133915,0.22372083,1.236549,0.7239417,2.092418,1.0414994,0.5331763,0.52848417,1.9760097,0.27809283,0.14946412,0.5921967,0.110701166,0.78467613,0.41132247,0.2826724,0.08060478,0.49591297,0.48608196,0.15702939,2.4528584,0.34242022,0.63136953,0.17250045,0.0,0.1858626,0.14194395,0.48728427,1.9756145,0.6162734,0.0743232,0.07902888,0.8043262,0.8427429,0.044164237,0.80198884,0.8422993,0.6835995,0.057900634,0.24175009,0.939352,0.124659285,0.10397616,0.31508246,0.96498466,0.070213705,1.4548931,0.17811817,0.36423114,1.3567841,0.64190847,0.42415217,0.19154066,1.1089346,0.0,0.010039921,0.56870234,0.34021726,0.11884105,0.046879295,0.03918399,0.071542814,1.2311227,0.20695853,0.4542497,0.13412362,1.715176,0.12082613,0.078263275,2.3945358,0.41354713,0.031166364,0.3104482,0.42746267,0.010716803,0.13850462,0.0143401325,3.5095735,1.7747911,0.323061,0.07687373,1.0256271,0.38004258,0.06291159,1.5860069,1.8403958,0.26792276,0.0035744717,0.25335634,0.22794138,1.9123625,0.046863403,1.2086148,0.48154807,0.39827162,0.0,1.3531668,2.8472779,0.029240642,0.06572769,0.09489632,1.6477664,0.19921032,0.3953518,0.689809,0.11743508,0.4327727,0.1621218,1.6444366,1.2030808,0.23139311,0.12109717,0.56610084,0.19448945,0.18450943,1.0035286,1.4839091,0.079118684,0.8710834,0.5415673,0.089835234,1.46269,0.262362,0.1300142,2.5887568,1.2034571,0.5302645,0.9879266,2.6595707,0.12786363,1.0696827,0.25641096,0.24194542,0.67899734,0.9198059,0.5997634,0.0024692486,1.032132,0.69676286,1.0063107,1.2657267,1.6740184,0.36123478,0.028436458,0.0077604502,0.42376918,0.180375,0.00633833,0.19739501,0.10918657,0.30094007,0.637327,0.012121027,0.064952135,0.109888904,1.109036,0.19646841,2.798344,0.0,0.13334796,0.586274,1.0895905,1.4024775,1.7501165,1.6841161,3.7381012,0.08633454,0.33336568,0.07254647,0.9228757,0.82355934,1.250563,0.16508467,1.7062949,1.6717498,1.8263596,0.19953899,0.06784765,1.9340262,1.739612,1.5823454,0.09815786,1.7958318,0.44518942,0.08670818,1.5379753,1.1859515,0.6542646,1.6224687,0.09676475,0.7507357,0.09499643,0.31590828,0.9199042,0.852045,0.012531558,0.24706425,2.3191438,0.09543222,0.50839007,0.23553607,0.24438584,0.69109714,2.400506,1.555681,0.2463231,0.14997862,2.513869,0.22695237,0.16160147,0.6127932,0.2825045,1.3879467,1.3543782,0.20271584,1.212737,0.3542974,0.5975819,1.0657401,0.9793516,0.010748267,0.7953776,0.015371214,0.33115837,1.1446425,0.007127392,0.0,2.893136,0.19676371,0.62512857,0.9888011,2.5077112,0.31664225,0.7111911,0.30993956,0.23905717,0.020674307,0.76320416,0.014810783,0.8295807,1.1115091,1.2378939,0.04665914,0.4934225,0.40125483,0.056945186,1.2540395,0.31742895,0.4128331,1.4508501,2.6780007,0.31821203,0.01772907,0.0066952193,2.6241252,0.45032343,2.5699792,0.5733664,1.0958214,0.010829667,1.5939147,0.01941386,1.4987173,0.36174396,0.18292066,0.7961913,0.1601853,0.19344081,2.082558,0.94998497,0.42786998,0.6768252,0.33904126,0.27357787,1.371691,0.034460723,0.36582935,0.937481,0.13130794,0.21906957,0.19720346,0.013027526,0.09318381,0.030577762,0.29978848,1.445499,0.0693678,0.007647773,0.48688912,0.12287375,0.10262341,0.16268592,1.3030351,1.4998639,0.18306996,0.055550832,0.6413823,0.03622528,0.35605475,0.8724457,0.138936,0.49530947,0.1066404,0.31301647,0.0,0.10542404,0.34647867,1.4756207,0.9782746,0.42279497,0.22631107,3.4304295,0.056092627,0.5810443,1.723936,0.57351476,0.5658086,1.7086401,0.37263665,0.0055852635,0.009038717,0.25493848,0.67137617,1.8185076,0.004673121,1.4217864,0.82806766,0.57613957,0.6645505,1.1592683,0.045695886,0.49423283,0.56747305,0.50405437,0.6072124,1.1915232,0.06510073,3.2598963,0.9241364,0.045548342,0.6718353,0.34071696,0.13765423,0.77811277,0.054247532,0.12329087,0.1014947,2.1255112,0.8882605,1.2825963,0.73691565,2.0804777,1.8632853,0.07716181,0.9099391,2.0544171,0.28622782,0.063512675,2.57798,0.04940249,1.3131212,0.38149744,0.18958364,1.8271096,3.3039255,5.31564,1.2986231,0.5587732,0.23878686,0.0040723905,3.9918344,2.0442708,0.93133855,0.0006430453,0.018419266,0.6047865,0.52286273,0.18702526,0.2750663,0.028586816,0.8131281,3.8398142,0.5279035,0.77009034,1.5339473,0.25382727,0.07995798,0.85358554,0.36992875,0.30497983,0.011437946,0.030814394,0.71066767,2.2375264,1.2294064,0.16709043,1.8890938,1.2299812,0.055335972,1.3917483,0.49345875,0.059879366,0.026800426,0.66449744,1.8041122,0.07060061,0.18612169,0.71022344,0.26949823,2.576933,0.028574733,0.10350294,1.4175417,0.42836943,0.9833713,0.74016804,5.050983,1.0810211,1.5131533,0.9528402,0.10142872,0.11066498,0.17554802,0.0,0.20725289,0.42846343,0.3032568,1.8295454,0.6451442,1.7580239,0.16124976,0.70310616,0.75511587,0.77439505,1.1931845,0.3768835,0.094244204,2.348866,0.15266,0.017712537,1.1738528,1.8031001,3.271161,1.246038,0.009397446,0.601968,0.19334202,0.51163644,0.2415064,1.2306793,0.9420105,2.368573,0.18326034,0.1670861,0.0,1.8527508,0.11497002,0.0,0.019585494,0.5371233,1.7890809,1.1591563,2.3886127,1.0239859,0.8704946,0.17425276,0.5512467,3.1969936,0.08659787,1.7478069,0.301799,0.13389914,1.7996639,0.019183697,0.75241727,1.1852653,0.25840107,0.14308049,0.006356194,0.042186517,0.18841384,0.04770888,2.7324617,1.3850509,0.2833253,0.5438707,0.8296883,1.1106409,0.598712,1.2203962,0.3976099,0.75168675,0.09180595,all_pothole_images\pothole_images_new_image_396.jpg
0.68930185,2.623182,1.2214454,2.4992456,0.05312811,0.21945845,0.24042892,0.025164675,0.16094773,0.8101006,0.36941186,0.36116034,0.0,2.3180068,0.37671724,0.59256655,0.0,0.69328636,1.8354249,0.14625561,1.2199984,2.6216462,0.21548258,0.33522314,0.76399523,0.69834423,0.80180496,3.5943909,0.6340117,0.078879304,0.6976018,0.09736742,0.061500248,0.14643075,0.065870404,1.0075877,0.73384106,1.1160061,0.1275212,1.84623,0.13419135,0.12492047,1.173716,2.3961008,1.077447,0.19637579,0.0,0.2029863,0.028277703,0.21870126,0.036580678,0.048913818,0.035483602,0.21574664,0.0057154805,1.3560371,2.781022,0.16016303,0.39315048,0.029785044,0.6272084,1.9443569,0.49709818,0.19976172,0.386159,1.4756318,0.9622084,0.95810944,0.83034647,0.37516186,0.7152847,0.35528362,0.28003806,0.10284629,0.98015326,0.64568067,0.15504852,1.1651192,0.09175859,0.17582119,0.069422826,0.06952722,0.24481623,1.8331444,1.0651574,0.5000514,0.049134925,0.13172826,3.2897878,0.56146467,0.0,0.18830322,0.13032804,0.061746996,0.07701574,0.113393754,0.28397152,1.4859091,2.367714,0.5807093,0.32207793,1.7950177,0.21501638,1.0186597,0.4939537,0.12287834,0.05852921,0.06772825,0.2022812,0.34236705,0.09883834,2.5512807,0.10318865,0.64712757,1.6403782,0.17030197,0.0943821,0.01078537,1.5177068,0.19113152,1.8682004,0.25302395,0.0,1.6049476,0.4012149,0.8415155,0.366168,0.2234093,0.30916327,0.2456164,0.45884877,0.09266088,0.5908623,0.2644039,0.26111704,0.097950235,0.23423782,1.188317,0.46664074,0.069282375,0.24596275,0.55977005,0.5155578,0.16181792,0.0,0.96616364,0.12077859,0.018512309,0.10996476,0.5627116,1.4779955,0.44249016,0.0,0.050841913,1.3869984,0.09146194,0.07398325,0.12963705,0.2709173,0.2783669,1.0131861,1.0774844,0.24736112,3.277631,0.08184725,0.7839036,3.670983,0.007143355,1.5339935,1.6718127,0.72687465,0.010464668,0.0780313,0.30410382,1.2052388,0.17885508,0.29000708,0.06637525,0.078093775,0.17027168,0.17027517,0.8501882,0.94706833,2.3113048,0.282938,0.9704042,0.106562026,0.25351346,0.8851441,0.81627536,0.27442816,1.2776848,0.0,1.3021041,0.056013398,0.6016671,0.34858924,1.4222382,0.6247642,0.5318276,0.0820141,0.64782435,0.024201559,0.11233295,0.36453348,0.054322362,0.99998176,0.1429092,0.75931203,0.0014304171,0.16142924,0.51684046,1.2415416,1.2223325,0.7017387,0.6103422,0.81391966,0.020846566,1.0527068,0.016593944,0.9043556,0.07966029,0.13282911,0.9915152,0.9388565,0.19496302,0.83798575,0.15525249,0.8360227,1.3991394,0.45417506,0.01151873,0.122440085,0.0274254,0.15941857,0.41178578,1.8820035,0.29592642,0.0,0.012206443,0.0,0.093254186,0.08076853,0.23727287,0.357389,0.0,0.10991637,0.059961047,0.32140115,4.4511576,1.809287,0.0,0.1262379,0.20530975,0.50329065,0.3149941,2.4265802,0.10388955,0.098380454,2.7194593,0.2163216,0.011289295,1.1018121,0.239245,0.10482572,0.36194766,0.4642491,0.32241082,1.264059,0.0798982,1.1119721,0.5066045,0.26578975,0.08747546,1.0532527,0.70735717,0.40915102,0.020295294,0.6929844,0.9674986,0.71809036,0.14481533,0.6449773,1.4411025,0.9318706,0.06964559,0.50314593,0.59857804,0.4701598,0.1616963,0.5678797,0.93123853,0.054191973,0.19547279,0.4679229,0.1803095,0.67749226,0.28366143,0.33469358,2.3359497,0.26455182,0.90180063,0.05946133,1.2187059,4.746912,0.052188195,0.0,0.16057293,0.31593418,0.33411205,0.016162839,0.5077438,3.5262036,0.1332959,0.18495797,1.1649812,0.40235597,1.6542559,1.2924337,0.19475561,0.47232684,0.0,0.5644076,0.000480692,0.2813834,0.9804867,0.47481498,0.003924114,1.8046123,0.17017794,1.1415191,0.3671261,0.02335613,0.046659395,0.50109756,0.3088244,1.4907843,0.8722696,0.11385016,0.2033177,0.8477764,0.83653957,1.1439012,0.17924805,0.5840863,0.12680863,0.49619308,0.2226939,0.16437192,0.9554172,0.23986892,0.40644276,0.77021074,0.45643035,0.10677332,0.4354908,0.50600356,1.3582389,0.7185212,0.61522454,0.05498058,0.22916648,0.5268788,0.30789864,0.006104064,0.35529774,1.263593,0.027096266,0.5547834,0.1909967,0.9809386,0.32645822,0.37444702,0.06237803,1.6133475,0.4345298,0.050438754,0.29193503,0.02481958,0.0036849333,0.7312013,0.19575523,1.1823989,1.2852728,1.4450761,1.4241712,2.2574153,0.099922664,1.2024503,2.6623366,1.5808146,0.5858104,0.17712778,0.37550387,0.18268184,0.0060078804,0.98764265,0.38063952,0.34465897,0.27983016,0.7193418,0.96490824,0.75366336,1.6531888,0.6058617,0.37899947,0.1952814,1.2549967,0.19708194,0.05917507,1.1054181,0.47074732,0.21376672,0.71603876,0.025985083,0.4689802,0.18807022,0.15568486,0.12943546,0.61561424,2.081058,0.0061832485,1.8614578,2.0161057,2.643254,0.17812236,0.9719063,0.380082,0.331772,0.042944636,0.23040538,0.00737518,0.10229547,0.49530822,0.45261556,3.9974177,0.75202066,0.3168919,0.49768046,0.17004047,0.52909327,0.18876363,0.14863776,0.10459043,0.07896373,0.0,2.0858188,1.0474129,1.1234784,0.97778803,2.3136687,0.7408626,0.88837737,0.31019682,0.8590144,0.84646434,1.6347291,2.1538403,0.124813385,0.69833606,0.50622773,0.0,0.2488361,0.057556987,1.2611336,1.3242108,0.18478434,0.47010425,0.27132988,1.4167564,0.9673203,0.33845562,0.13554968,0.29676327,0.5348088,0.20329195,0.05584144,0.6422413,0.26211628,0.2456732,1.5380584,2.3390784,0.41935402,0.177453,0.152495,0.0959799,0.3019268,0.33170465,0.67262757,0.23006485,0.6268947,0.35615176,0.17954801,0.11262049,0.0,0.12575322,0.3268437,0.587961,0.80439526,0.060672734,0.70055526,4.3207664,0.2605324,0.8221538,0.49651986,0.11904095,0.046170305,0.19134574,0.010060122,1.2652674,0.3245335,1.0154287,all_pothole_images\pothole_images_new_image_397.jpg
0.50328267,1.8454337,0.41075975,2.2594934,1.4196783,0.53601635,0.65742344,0.428922,0.05091377,1.804702,0.3319617,0.15418556,0.9388925,1.3580949,1.1716638,0.5297534,0.2581738,0.22878164,0.79755896,0.71425676,0.4482872,1.9414685,0.68125,1.464393,0.65305865,1.4809458,0.73842037,1.5100195,0.6637587,0.3589591,0.7892816,0.9732785,1.2875139,0.09100222,1.0891333,2.5497441,0.46247053,0.22895661,0.028595958,0.43142566,0.0,0.009127761,0.38559854,0.7136207,0.61933947,0.24574588,1.5827919,0.21700065,0.48625642,2.0109403,0.15331835,0.8216958,0.34193382,0.34274167,0.37497646,2.4621947,2.726509,0.08798953,0.32277378,0.18207137,0.5498498,1.1209558,0.5326363,0.1340805,1.1602436,0.31336993,0.6210876,0.65740675,0.30205834,1.9462068,0.5006661,0.66106427,0.19615448,0.14766274,0.32038915,1.4585518,1.1980093,1.1013728,0.2808741,0.6254894,0.8826491,0.23634851,0.08749127,1.6846061,0.76167995,0.2469765,0.9370339,0.09801461,3.0379689,0.16205089,0.010719895,1.4429582,0.24947749,0.23546055,0.30009168,0.01931068,0.35026646,0.67650974,1.21592,0.8735729,0.43139192,4.349019,0.37023,0.02801946,0.09384974,0.28642082,0.33161107,0.4557559,0.3840088,0.55703485,1.3713983,0.49886575,1.8242711,0.43783054,0.8644199,1.0255002,0.6398229,0.23790048,0.87180775,0.88553447,1.4860814,0.718979,0.45712423,1.4782058,0.83188576,2.3040864,1.9440323,2.5990226,0.38153285,0.6181878,1.108767,0.0034761862,1.3028488,0.19509223,1.0109478,0.44232652,0.36101696,0.8786215,0.9704222,0.2996541,2.5603516,0.1628015,0.59116405,2.0083902,1.3043153,0.47389898,0.5165662,0.06524761,1.1392851,1.512561,1.340687,1.4512824,0.05689654,0.8903557,1.0451016,0.5633028,2.0966027,0.26831833,0.19562308,1.0556678,0.7334133,0.31663388,0.051510956,2.14116,0.051247742,0.46410778,0.5716157,0.9216144,2.0524657,0.21715324,1.3540151,0.017507618,1.3379222,0.8548414,0.31575894,0.0019404246,0.5857498,0.0,1.4145865,0.76002717,0.6076994,0.81873167,2.127687,0.89605266,2.1717608,0.21098109,0.057930414,0.63378376,0.4293502,1.8648663,0.7053515,0.76452845,0.41664925,0.9166051,0.031651594,0.5241671,0.01672884,0.014028362,0.054427437,1.3731097,0.27376163,1.2811844,0.9168066,0.79963964,1.593839,1.6897721,0.38894403,1.7677678,0.20154367,0.73183936,0.25502148,1.0169916,2.2332125,1.6966988,1.8269833,1.9061457,0.7128981,0.20686865,0.89730996,0.26128095,1.6468313,0.10046851,0.1611694,0.040962033,0.013850618,0.9741919,0.33627066,0.39719358,1.0867398,0.102437004,0.8183197,0.55657583,0.15505767,0.31091395,0.5477938,0.010684957,0.5364771,0.10412566,0.08799734,0.41883916,0.95548373,0.00011282155,0.37641722,0.1792019,0.3012804,0.108882435,1.0383636,0.07989098,0.9031638,3.6789544,0.4419807,0.29400334,0.67486227,0.37881252,0.24196091,0.7077142,1.3812339,0.08558681,1.4317504,1.9849551,0.5645331,0.91229075,0.16495913,0.29564035,0.29946008,0.25819695,0.2073531,1.062645,1.6169679,0.34915102,0.6361184,0.18432274,0.3621201,1.1107671,0.6665839,0.69985247,0.9616883,0.22555429,2.1128247,1.4649614,2.5633252,0.024633614,0.72502655,0.6368731,1.3987834,0.5543513,0.20233767,0.25813377,1.4442008,0.4945759,0.5310423,0.6188063,0.070465036,0.6128377,0.23006496,2.8912134,0.34881687,0.03389194,0.53753114,0.9999665,0.15050468,0.89691114,0.63522536,0.47236958,4.674558,1.2416493,0.29296824,0.5819374,0.2884348,1.6677105,0.15626149,0.95171255,2.219845,0.9347571,1.0724568,1.2569621,0.20093335,0.5214157,1.0258269,0.118179835,0.007789421,0.893251,0.09046374,0.42219046,2.3670638,1.2920456,1.3062613,0.17086636,1.1664937,0.2497672,1.996956,0.44171613,0.7560191,0.44285947,0.3562092,0.0035934388,1.3840201,0.44329402,0.16706899,0.9333499,1.4646544,0.97249186,1.3351833,0.17774874,0.48287353,0.18732467,0.6227745,0.0023996367,0.79007727,0.2987831,2.2873876,0.29018295,0.68810755,0.8673843,0.05117366,0.20822312,0.11875865,2.1369252,1.2388505,0.4791238,0.21803513,0.106480755,1.2501558,0.59310424,0.0024900802,0.088474125,2.470947,0.3565571,0.594184,0.018040724,1.5479555,0.6881393,1.181999,0.584507,1.2135134,2.1460402,0.07020521,0.29454157,0.23513152,0.26348355,0.16681196,0.15940182,0.8588408,1.2840599,3.3309531,2.228414,2.7572849,0.21878363,1.7217221,1.6965126,0.81747615,0.48186916,0.6652863,0.1887942,0.18258764,0.103025734,0.18720405,0.016952785,0.926749,0.964681,0.8939067,0.5180954,0.24149786,0.75977325,0.19325209,0.25156415,0.11368637,0.4293764,0.022374356,0.7641632,1.8700125,0.37369823,0.68695474,0.38841695,1.1078954,1.4210293,0.98215544,0.96749294,1.8774495,0.05726672,2.5933962,0.520543,1.3716456,0.41591316,3.0203962,0.624544,1.3258739,0.81568956,0.37043586,1.2638016,1.0576276,0.2104679,0.06769008,2.047976,0.4876639,3.9925823,1.3733368,0.29816112,0.026189322,0.28219444,0.6597528,0.9076964,0.07635349,0.2985219,0.7011913,0.63615555,2.3635788,1.2072012,0.77104074,2.5580568,0.28415608,1.4096938,0.6676339,0.5828537,0.66952205,1.302137,1.5434933,0.899881,0.6269616,0.2653773,3.4829268,0.0,0.20978612,0.90393525,0.98852843,0.65424967,0.3400406,0.112129,2.3263233,2.1064768,1.5843325,0.98587406,0.28489208,1.3383863,0.84992623,0.44747964,0.022430273,0.5058676,1.6401641,0.15460856,0.743836,1.7471306,0.30150566,2.1133125,0.06642457,0.0619488,2.268963,0.2093375,0.061395664,0.7116771,0.37023178,0.83392614,1.5019345,0.11314273,0.0,0.26828897,0.010453449,0.9130141,0.32212567,0.0,0.16705596,2.6913354,0.19166046,0.35272947,1.4959241,0.48209393,0.007061734,0.5074104,0.23966497,0.45263547,0.29529026,0.43901667,all_pothole_images\pothole_images_new_image_398.jpg
0.5911484,0.6535165,0.93050796,2.1109805,0.67614436,0.4210525,0.39561594,0.37029913,0.37749574,1.0234112,0.25873747,0.24512593,0.04746618,3.6734855,0.9337533,0.64872694,0.07577083,0.3930465,0.867789,1.196543,1.2352502,2.996372,0.41230336,0.048528057,0.9625079,0.88334435,0.65615714,0.50150865,0.8605848,0.9317648,0.20639633,0.97401315,1.2557564,0.24992609,0.14862564,0.27310464,0.18732744,0.46959838,0.2278216,0.9748945,0.74524343,0.43940943,3.663606,2.4954505,1.3256459,0.58076924,0.4466352,0.0,0.43418938,1.3530005,0.1010551,0.043075204,0.18100175,0.44167626,0.2889674,0.13258307,3.2900994,0.11937285,0.84310484,1.6801846,0.7563648,0.5535586,0.062047157,0.3580679,1.2316406,0.45973933,0.15815873,0.60490113,0.55144656,0.36717823,0.11900692,0.33305117,0.39784253,0.04994513,1.9172121,0.7561935,0.5832603,0.8243907,0.5611625,0.0975193,2.0946572,0.20002359,0.8615243,1.0620075,0.48580286,0.5962421,0.2774735,0.28027368,1.4956015,0.684893,0.0,1.1641153,0.2000641,0.44206712,1.2889149,0.588321,1.2393347,0.66584045,0.9717538,0.9421764,0.22135527,2.418384,0.93052113,0.28777704,0.34353706,0.0020483746,0.092529975,0.6903748,0.38512272,0.081505544,0.21958335,3.8891246,0.8420354,0.08832671,1.6819445,0.002498272,1.2450823,0.5910049,3.7870507,1.6762284,0.47385037,1.3585144,0.28656366,0.76598907,0.8703258,1.3172089,1.0177485,0.88394,1.3164862,0.58808446,0.60202783,0.4062725,0.9024664,0.97033983,0.2869507,0.42170972,0.07090954,0.9014226,0.3290988,0.8122662,0.5363957,0.6126103,2.054826,2.1391678,0.011961022,0.066293046,0.9114326,0.196202,0.90601003,0.28914863,0.7779203,0.5160139,0.02471157,0.72835016,2.0617094,0.0007161585,0.55514574,0.1847017,0.5776886,0.9895748,0.6984362,0.19258992,0.5599334,4.214034,0.92053026,2.655414,1.1763586,0.5519138,3.7764466,0.28604352,0.2834126,0.16810444,0.093347296,0.06103492,0.30720404,0.7480157,0.59455293,0.32052174,1.7489895,0.6866985,0.14461891,2.6405458,1.9221569,1.2622551,2.3313496,0.032194376,0.38159475,2.5848227,0.17068335,1.4778999,0.8781805,0.39050385,0.64687204,3.5851958,0.5002446,0.3870617,1.3788031,2.3806298,0.9916262,0.011276671,0.30506876,0.95528847,1.7013009,0.693405,0.61339927,0.42923385,0.12069617,2.5461836,0.77146125,0.3133591,0.0,0.36607224,0.25334644,3.713671,1.7555585,3.7993145,0.12631339,0.5608109,1.4578538,1.8545965,0.37555024,0.18734582,0.86722195,3.4466045,0.36126038,1.1087881,2.0157838,0.011577954,0.98706704,0.17995876,1.2413355,0.5828207,0.074805036,0.007976301,0.47197646,0.25518394,1.2865161,0.03427923,0.026725847,0.71983314,0.86020684,0.124965124,0.8559475,0.69220024,0.9841634,1.2221435,0.7757814,0.2062288,0.62718207,3.4544683,3.9437547,0.8410333,0.72455627,0.12898019,0.0,2.0044026,1.8239403,0.29809937,1.9872887,1.9628209,0.40975705,0.23524064,1.8093857,0.5481224,0.14519773,2.0696304,0.1439008,1.0922834,0.76996875,0.49606532,0.13608702,1.0818679,0.2594098,0.0,1.4621811,0.4034651,0.7422194,0.29238084,1.0637965,0.13983166,1.1787411,1.728168,0.004357363,1.2053009,1.7354946,0.60096794,0.3320627,0.66830254,0.5701266,0.91113997,0.17392623,1.4508147,1.1611884,0.023916347,0.3752411,0.69382983,0.5537734,1.0455751,0.33282888,0.463185,0.27699798,0.5529246,1.043743,0.8217417,3.8583894,1.0459225,0.14284185,1.1368847,0.018899608,0.53691566,0.9620683,1.2423235,1.7814165,0.70935017,0.8501725,2.3475118,0.46197852,1.5203804,1.2481676,0.42644048,0.72165585,0.79920197,0.4281095,1.1428614,0.5254053,0.20766158,0.78020656,0.04316017,0.32895902,0.41573995,0.75766563,1.0336868,0.037407897,0.38066435,0.16736269,1.3819122,1.2114731,1.968866,0.5680926,0.32229957,0.66217935,1.5147735,0.930242,0.6376155,1.7515132,0.50474393,1.0323145,0.3281802,0.56116205,0.54227483,2.4837997,0.0807757,4.0142045,0.85468554,0.3166504,1.5563047,0.05191762,1.5199217,0.9393194,0.3601762,0.19780092,0.10803995,0.8900666,0.9987171,0.2440277,0.20827703,2.1724179,0.07380639,0.72817826,0.1580601,1.0775766,0.40044484,0.46469897,0.34015706,0.20534913,0.3640803,0.4221517,1.362078,0.15844375,0.8664554,0.14748654,0.77167976,1.1634558,2.0886862,1.9811758,2.7729666,2.3660252,0.027782459,1.067693,0.62563974,0.75537527,1.3776541,0.2511254,0.6965811,0.34777746,0.17120515,2.9237685,0.047181863,0.13354206,0.21156292,1.7040322,0.23405053,0.07917396,1.5194561,0.9561038,0.26819706,0.25434548,1.3979434,0.64539766,0.33878568,2.0193558,1.3776908,0.45473623,0.29409713,0.43772537,0.03210276,1.3737514,0.65800285,0.4495629,0.52134246,1.1574894,0.4727422,2.3524845,1.4265825,1.9981233,0.0,0.2517849,1.661543,3.2987094,0.2611499,0.10069536,0.88603884,0.3971957,1.354279,1.00799,2.2796304,0.19924173,1.7228913,0.107257746,0.69680315,0.26337042,0.9827945,0.09862092,0.19534354,1.5420585,0.06950836,1.3415064,0.3700428,0.34528938,0.70765054,0.35662264,1.6333531,0.16346043,0.9588422,2.257978,0.48615143,2.7679062,1.2434229,2.9412878,1.5225338,0.98577607,0.9318897,0.12223078,0.051076014,1.8332115,2.0068474,0.1758728,0.2115923,0.49431247,1.566415,1.0131993,0.16219784,0.08285144,0.17754042,0.23605144,0.47201365,1.3428721,1.6539677,0.16962633,0.24265912,0.94978297,1.4569697,2.1492782,0.64828986,0.003989308,1.0245007,3.590896,0.9406761,1.0783195,0.06491342,0.22134727,0.9011259,0.67067957,1.523726,0.05648938,0.73626053,0.430932,1.1149422,0.23051795,0.5683815,0.4097049,4.9114103,0.5145409,0.40521508,0.12521355,0.4630582,0.008516484,0.39369547,0.5183893,0.30567804,0.70853424,0.62934816,all_pothole_images\pothole_images_new_image_399.jpg
0.20190576,0.62908363,0.9109864,0.02370728,1.0662593,0.75120604,1.0499274,0.12718149,0.532002,0.18959655,0.8708837,0.7024634,0.11473988,0.8077699,0.32431385,1.0641713,0.37577564,0.31258234,1.8070009,1.456354,2.6515472,1.2367941,1.9875236,2.204546,0.57342803,0.30845502,0.11834774,0.8680207,0.034072667,1.3635321,1.6952941,0.056331944,0.81486905,0.5672133,0.796662,0.040931836,0.06943205,0.7850685,0.18230416,0.46860534,0.61045307,1.3274053,0.39988163,0.66671926,0.19937137,1.1519874,0.279574,0.0,0.3675516,0.24076004,1.8228146,0.3324939,0.35251135,0.99764895,0.54144037,0.22937807,1.0634894,0.01252956,0.42416894,0.45474747,0.20796616,0.37111273,3.3190541,0.6220932,0.5024888,0.5093063,0.049192544,0.2965142,0.12656984,0.65684,0.1267441,0.008348277,0.23046662,1.2984306,1.219422,2.5956817,0.06872866,0.19663508,0.034285646,0.11476857,0.38592705,0.5082288,0.0905017,0.21540707,1.5205404,2.2793777,0.012886536,0.79643184,1.7395904,0.02936871,0.0,0.13416992,0.2151145,1.6244992,0.56518894,0.3572407,0.0690944,0.62672395,0.39807293,1.2334127,0.22233868,0.30781117,0.24729386,0.37840244,0.86088437,0.66456103,0.21517177,0.15892667,0.0008970969,0.29200855,0.02639309,2.0874972,2.1970427,0.20336878,0.0,0.36017963,0.7348142,0.19559786,0.15532461,1.0582012,2.1828291,1.697745,0.5517406,1.8991951,0.005469241,1.3580579,0.115572385,0.58008844,0.8026324,0.8494091,0.9499418,0.21540855,1.2155302,1.681236,0.083488725,2.1698287,1.2523272,0.10885727,0.13391864,0.16276197,0.32195282,2.977042,0.58439296,2.270732,0.9603689,0.25283965,0.14618708,0.043010306,2.0740294,1.9658027,0.92148376,0.33796462,0.6189281,0.06864106,1.1263382,0.009969752,0.022616616,2.1444054,0.05699378,0.060834184,0.9930641,0.5466189,0.0070075416,2.8843393,0.9241904,1.7321281,2.0791595,0.80463797,2.452773,0.31525555,0.88787156,0.27441263,1.371866,0.46090525,0.51793855,0.035248388,0.52443206,0.35038966,0.5968657,0.16323109,0.16134167,0.17423645,3.3939662,0.7518825,1.3664472,0.015727306,0.6469826,0.13383965,0.52895796,0.6031243,1.1597313,1.939941,0.0095725795,1.5092471,0.19690026,0.6053735,1.5124574,1.4391924,0.09614722,1.7004718,0.37319005,0.2633066,2.311414,0.30665085,1.857065,0.24313085,0.0038847139,0.08290203,3.3235846,0.571385,0.44742522,1.5221843,0.29169708,0.39295056,0.6381487,0.21852723,1.3989608,0.16469434,3.0190785,0.49458027,0.0,0.07014924,0.017521225,0.4120547,0.8183862,1.0489043,0.295652,0.5451479,1.2458786,0.85249823,0.45414826,2.2172544,2.0216434,0.0026887916,0.79708236,0.84837914,0.048343625,0.9080944,0.26421356,0.12969849,0.14041018,1.2727479,0.32804266,1.4093188,0.042295814,0.2959036,0.7769347,0.5176213,0.19033474,1.9879136,0.6968535,0.1002493,0.83523947,0.3620618,1.5026456,0.71182376,0.008146833,0.53419286,1.3546959,0.69581485,0.20885077,0.81607264,0.82101375,0.03433762,0.46874046,0.18372151,0.0,0.81155497,0.4645386,1.3952352,0.15761082,0.55171907,0.1803385,0.7374075,0.13988186,0.4819479,1.0000945,1.5741963,0.64308274,1.5086759,0.5114601,0.8259209,0.82089144,0.5432302,2.5264094,0.27171862,0.1422218,0.44232538,1.1013873,0.041983288,0.5148073,0.9457044,1.222977,0.10538537,0.13310997,0.7611834,0.7317693,1.2490015,0.21609774,0.3193447,0.23360641,0.18609549,0.035093464,1.0664814,1.4061434,0.50940645,0.41882357,0.22476295,2.0830307,0.97843575,0.8327057,0.28331757,4.331151,1.4048591,0.0006614197,0.5101499,0.19130021,0.39223677,1.213306,0.2681818,1.0306256,2.1392841,0.1914247,0.5921534,0.08977666,0.3822103,0.066538125,0.85946685,0.13219495,0.42426413,3.1607118,0.14537723,0.08376028,0.64835864,0.13607053,1.892494,0.5560727,0.8279654,0.008226635,0.15558389,0.6661696,0.87551445,1.4500903,0.14829952,0.049713377,0.7097585,0.5070079,0.1295155,1.7685868,1.2200279,0.022996843,1.0127131,0.9977334,0.0067589446,0.07658478,0.03585084,0.39876956,0.3052414,0.018438485,0.18976405,0.09964747,0.33733132,0.566858,2.1702685,0.2703687,0.22256236,0.8829672,0.46989188,0.015116783,0.9555526,0.72182137,1.7174348,0.1554195,0.8689108,0.9307193,0.41983634,0.30959567,0.51754034,0.0,0.19817778,0.055328988,0.7056451,0.25001553,0.38099623,3.2316787,1.0458783,0.59955835,1.6309206,0.52720314,0.97123295,0.3244309,2.4214988,0.5824209,0.36996338,0.2965787,0.70276856,0.4042946,2.3548079,0.35285372,0.0031240066,2.2329547,0.319159,0.20775782,0.27102226,0.528364,0.051234245,0.62963635,0.10354967,0.20192078,0.65503395,1.0095265,0.68086755,0.92482835,0.3340978,0.14006418,0.55188924,0.69361067,0.2624544,0.19040728,0.96711034,0.07168072,1.2670134,2.6685321,0.52254194,0.46171245,0.2782443,0.8046606,3.6875613,1.1439569,0.6642287,0.35930446,0.86334103,0.12077768,0.5388284,0.091849655,1.4795891,0.065258235,0.55920404,0.10410703,0.372196,1.3330599,0.5550125,0.0147139365,0.11734966,0.0,0.035172164,0.40628943,2.1196454,0.019032657,0.39140308,0.93357825,0.009439381,1.0975885,0.26134476,0.31057334,0.31555,2.8254344,0.12171928,0.14797497,0.08628255,0.004305602,0.26539725,2.4143243,0.23817575,0.7503864,0.22688651,0.17929274,0.11092854,0.37279987,0.58404386,1.5445999,0.46606004,0.26088145,0.21534553,0.60993254,1.542328,0.79549766,0.18592396,0.10718186,0.0,1.1978204,1.934273,0.098565176,0.96073633,0.0,0.31985036,0.12549199,0.40618554,0.20495535,0.38003564,0.04304954,1.0228367,0.07874579,0.013922998,0.070822254,0.1692688,1.2378199,0.0,0.2930121,0.07231698,1.6563443,0.38728306,0.21056744,0.47287244,1.2712302,0.43760473,0.01467823,1.539676,0.16162525,0.11351898,0.9116727,0.2789033,all_pothole_images\pothole_images_new_image_4.jpg
0.85991824,1.0138732,0.13283513,2.2892857,0.3325052,0.7750614,0.12923345,0.04048144,0.086037524,0.80036086,0.12555784,0.85198295,0.15036455,1.7866778,0.20367914,0.29652473,0.041403122,0.039420445,0.01631941,0.65726143,0.8947975,1.0684658,0.3150232,0.43458486,1.429254,1.0622296,0.33876404,2.769195,0.30071726,0.09596663,0.7765897,0.5059211,0.4042118,0.50955486,0.19228154,0.23893483,0.15136445,0.2315408,0.5524885,0.32743213,0.38188317,0.03609999,0.53481954,0.37867942,1.198962,0.6127952,0.06623025,0.09289323,0.37491786,0.009503903,0.37841406,0.0,0.18647979,0.051626954,0.0,1.1558361,1.1498476,0.62994194,0.31513566,0.012652207,0.13758893,0.10043783,0.44938317,0.28311235,0.4517473,1.3828794,0.63270885,0.18444353,0.60760003,0.030320097,0.6924314,0.21519333,0.18294933,0.09727662,0.6321554,0.1926702,0.057583053,1.0243415,0.19011815,0.026378991,0.16945791,0.22103722,0.6559813,0.69503963,0.4552202,0.447049,0.77881926,0.19583715,1.566741,0.17284642,0.2956234,0.022120168,0.03897896,0.6301642,0.0030255239,0.041472156,0.32950857,0.13108313,0.77502745,1.112502,0.14646012,1.8987484,0.12536404,0.18069388,0.057729475,0.0,0.91290617,0.4920163,0.007321706,0.4697113,0.0050371434,0.7390156,0.28234994,0.3686789,0.9843641,0.24874312,0.9541125,0.05731845,1.1779863,0.6675571,1.3277146,0.20302719,0.37553144,0.55662024,0.7782733,0.9444688,1.678407,0.4359215,0.7694028,0.3590645,0.13926664,0.015477764,0.008444083,0.40056214,0.36096394,0.6336379,0.7163542,0.9585767,0.6971327,0.2221142,0.064904734,0.42891124,4.1020463e-05,0.46224466,0.28467575,1.4179158,0.0,0.0024803295,0.44586968,0.07057557,0.6691532,0.34078574,0.35127386,0.0,0.5988,1.0693681,0.57990515,0.14577177,0.26449242,0.17853448,0.8894603,2.0018108,0.105702415,1.3600255,0.033351157,1.4290435,0.75673383,0.6428768,3.4633353,1.0397147,0.0,0.0,0.13492681,0.0,0.1500445,0.41112113,0.12599473,0.074528076,0.6047811,0.3903833,0.06939139,1.6143029,0.70613766,0.124711685,1.7834092,0.014936936,0.0017189228,0.7967471,0.7941186,0.20823796,0.24387209,0.07740275,0.26039153,0.5086373,0.66194445,0.15272169,0.6380361,0.39405417,0.91444004,0.6393872,0.72411335,0.7064266,0.41792998,0.7940311,1.3553926,0.5137839,1.033783,0.08154241,0.5546817,1.0471328,0.012776536,0.0,0.38372377,0.41781223,1.0290587,2.0089755,0.2856559,0.13286272,0.016455699,0.04392942,1.2712463,0.699069,0.5035419,0.13220304,0.0,0.0294887,1.912141,0.18176457,0.76046246,0.5656587,0.0074730795,0.024794327,0.086207464,0.16342941,0.15710922,0.031933904,2.6954813,0.0,0.34784207,0.49551493,0.38853797,0.2828348,0.077161476,0.048446257,0.12463857,0.0,0.74519247,0.49377432,0.17306769,5.3703613,0.6931484,0.23566362,0.3892587,0.19448598,0.0119680995,0.39078343,0.8120407,0.2147971,0.031725153,2.6254227,0.15554342,0.27296525,0.02456917,0.4385174,0.25205642,0.33893383,0.21367258,0.1821284,1.7393824,0.2581153,0.6080467,0.07303165,0.60881406,0.40762866,0.95794916,0.14524017,0.7237827,1.2207458,0.13255809,0.8023197,0.6501508,0.021406991,0.51408184,0.7148599,0.38764477,0.47791487,0.561343,0.35225007,1.1235275,0.05575538,0.004633569,0.14693008,0.0035496417,0.37047467,0.35613838,0.6085601,0.03265834,1.7779927,0.074214384,1.6300423,0.57653314,0.101522855,0.07522185,0.22921698,5.705262,0.2156824,0.018112252,0.15334354,0.031371597,0.40476203,0.007903737,0.52321714,2.2071126,0.5297266,0.0810694,0.3290402,0.017603023,0.99822605,2.270055,0.25586882,0.13394593,0.0,0.11577142,0.5689274,0.13235416,0.16520101,0.669599,0.056838706,0.21600889,0.11756923,2.7618196,0.092722654,0.036688272,0.018767022,0.07271919,0.027006388,1.8839167,0.18696283,0.19578473,1.0764796,0.45973808,1.1184714,2.9279852,0.45215076,0.67394245,0.01694255,0.72278833,0.62069374,0.5089476,0.15102968,0.6092504,0.8284874,0.11785575,0.60448366,0.052153923,0.0,0.025673946,1.6128674,0.20956475,0.17892113,0.17425276,0.02056403,0.17779186,0.012534202,0.0030500947,0.12279025,0.81598693,0.31466365,0.03502878,0.26750046,0.09588027,0.11422981,0.1460665,0.01394587,0.144019,0.4185976,0.0,0.053420812,0.7817351,0.10894462,0.48426569,0.20627467,0.3071933,0.16507557,2.1929233,1.6451505,1.1026751,0.00973225,0.11636636,1.3354794,0.20143262,0.32832277,0.0015560241,0.2445834,0.15502045,0.5126401,0.43373036,0.54862213,0.4328036,0.55180943,1.1886896,1.1230215,0.39732805,0.6356043,0.3863016,0.64760154,0.2142718,0.84700215,0.4959471,0.5972053,0.79326457,0.02439872,0.3053804,1.0549598,0.006040415,0.20049083,0.14749627,0.07240842,0.86693496,0.336234,1.915591,0.050049163,0.5343717,0.78822976,1.6187042,0.022427741,0.39556107,0.9938307,0.15347248,0.24686766,0.9225236,0.13408618,0.17954095,0.19925201,0.5142165,0.7152604,0.1400724,0.89205396,0.12650019,1.1610056,0.8308149,0.20042285,0.1301855,0.09263091,0.156218,0.02717047,0.5529314,0.88720584,0.11363907,0.6260229,0.6570603,0.9258555,0.82386154,0.264054,0.8355945,0.28229815,0.40646115,0.21674384,0.7980714,0.23039986,1.7004267,0.32105687,0.4773896,0.9829217,1.093298,0.08047655,0.299584,0.00026005512,0.8218888,0.5588203,0.18315649,0.16955477,0.20319541,0.38814762,0.69354284,0.0,0.24703021,1.2196162,0.40521258,0.011076609,0.039491225,1.6778173,1.0222282,0.24783815,0.104264386,0.0,0.1475075,0.21841924,1.1184351,0.1557807,0.053642605,0.42335254,0.0,0.049630597,0.0052509634,0.055832766,0.094875,0.019936664,0.0,0.5378242,0.2988899,2.794103,0.56376445,0.19367206,0.22496922,1.1229237,0.93954796,0.11951037,0.031756878,1.2612169,0.15942799,0.43155015,all_pothole_images\pothole_images_new_image_40.jpg
1.0831561,1.5825131,0.14750624,1.0041778,0.5090017,0.47673455,0.77984667,0.63940305,0.15669633,0.48255312,0.25769684,0.31539673,0.5083184,2.328985,0.2365892,0.0,0.26921412,1.4267696,1.7421607,0.59970903,0.24911946,3.6964626,0.0027317198,0.6582251,0.18613468,1.4786586,2.3147323,2.3353403,0.7212481,0.5172945,0.76513547,0.08249464,1.242514,0.016588017,0.3814233,2.3290348,1.6492283,1.0444448,0.43603873,0.68087643,0.8336775,0.8172905,0.29509294,2.1442244,0.74282,0.45828632,0.49174514,0.032712586,0.6369921,1.1694211,0.19134389,0.16558202,0.06527501,0.01959801,0.023856906,1.1785359,1.8215126,0.3116744,1.2017198,1.0793648,1.117372,1.2153405,1.1190977,1.3019037,0.81426376,1.9284823,1.5604029,0.9502375,0.9413249,0.8239938,1.7978935,0.48891094,0.0,0.22928171,0.14922239,0.868124,0.67906606,0.24217294,1.6852247,2.072763,1.0739627,0.1418014,1.5105146,2.3975844,0.57112414,0.3910327,0.41335297,0.0,1.9041378,0.5415671,0.6290693,1.1172264,0.31510454,0.50075126,0.122149915,0.040416066,0.6088775,0.5942146,1.6745651,0.49698016,1.219363,1.6294937,1.0969913,2.6389842,1.1429632,0.27352503,0.51272714,0.118321456,0.7061781,0.6621008,0.0,1.867766,0.8648067,0.0,0.6364882,0.66764957,1.6061702,1.4926342,1.213359,0.3504181,1.563765,0.20709403,0.08495054,0.6920561,0.15179089,0.6736209,1.2592269,1.3084947,1.3057915,1.0200669,1.3491415,0.92142516,0.9429661,1.0207865,0.0,1.5796287,0.14050782,0.5397086,0.571385,0.696744,1.1310852,0.68499523,1.7678727,0.57300085,0.0401966,0.21184948,1.3713256,0.4165172,1.6704017,0.3288344,0.019386716,0.09712045,0.38899288,0.5897686,2.207592,0.591138,0.73947346,0.55621487,0.73292613,0.55092984,0.5649055,0.74410135,0.5079831,1.9716319,2.0276082,0.44926775,3.3880975,0.04902536,0.7475058,0.087908566,0.6746722,0.100314125,0.21070725,0.34084642,1.5814224,0.07970251,0.18600555,0.8904078,1.1703124,0.13608573,0.76212573,1.622842,2.183376,1.148459,0.1275289,0.7667868,2.7056594,0.956492,0.55169135,1.7811377,1.1241603,0.28683552,0.21779689,1.7153376,0.3144698,0.21523745,0.2633847,1.6288791,0.58352196,0.059179798,0.16856135,0.86422306,2.001915,1.0887012,0.7152202,0.5286451,0.2326425,0.28429824,0.27148545,0.98969996,0.15936509,1.172409,1.1787555,1.0733091,1.3320892,0.3937734,1.9077983,0.6255445,0.41593525,1.43979,1.8516216,1.5400022,1.1714835,0.53269595,0.3966206,0.16411406,1.2111961,0.012025273,0.2720087,0.061252866,1.1479237,1.3515354,0.3946631,0.31813756,0.54552925,0.015365526,0.8265544,0.13549295,0.06400573,0.8080973,0.2992225,1.7685364,0.0025395998,0.06992314,0.056407683,0.9440754,0.26203418,0.10101262,1.2950054,3.9984093,3.2800152,0.08671714,0.9596822,0.84628934,0.5237956,1.4740269,1.4300143,1.3687706,1.088529,1.7859387,0.13127698,0.047684662,1.0568361,1.6749909,0.8478115,0.7146703,0.024297694,0.025051208,1.0357021,0.21391706,3.2117066,0.15934125,0.022994136,0.38497236,0.9469317,0.03585688,0.5963952,0.29722422,0.4397213,0.4784558,1.670326,0.9704959,0.006541353,2.6046686,0.97742474,0.9903692,0.4768403,0.429376,1.4490892,0.8691761,0.5716746,0.581567,1.28038,0.7469834,0.65208155,0.33027655,0.9276782,2.0922234,0.87354493,0.7344955,0.0,2.6174777,0.06737195,1.4120017,2.589816,1.1186564,0.09756215,1.2050179,0.21295778,0.086624764,1.1614751,1.0817525,2.454577,0.23508336,0.70614433,1.149068,1.4454565,0.030193863,0.835658,0.63339305,0.6673414,0.5129978,0.8409285,0.37140208,0.067071795,0.5238446,0.83171856,0.22266531,1.9044363,1.4004396,1.6877778,0.73350155,0.26032254,0.86928886,0.3473023,0.32800317,0.48925877,0.6484459,0.120645225,0.6983526,1.2066808,1.8726664,0.40690365,0.0496383,0.22180228,0.03817013,0.3537457,0.3303726,0.2373279,0.41503757,0.83141613,0.19273321,1.1679461,1.3431439,0.43287137,0.6447398,1.4704821,0.87315476,0.22541296,0.3839831,0.13868478,1.7908496,0.2546196,0.9129078,0.013000083,0.2425195,2.6752248,0.897223,0.2532628,0.53746617,1.9788386,0.5178433,1.602028,0.08478454,0.8624406,1.5889502,0.36376897,0.22480717,0.021483757,0.75253063,1.0817847,0.3629939,1.736467,1.6051223,2.556144,0.780085,1.4580837,0.41845316,1.3889798,2.2727754,0.93420696,1.2226229,0.013966096,2.8904514,0.12473302,0.0,1.2544267,0.48420933,0.20248897,0.3584562,2.7638016,0.2607326,0.9128584,1.2469083,1.3561034,1.1597782,0.7713038,2.6541474,0.015790379,0.36615995,0.7933239,1.051322,0.78152806,0.84207904,0.881896,0.34026173,0.45658258,2.2912,1.0143622,0.11941258,1.7528296,1.3156016,1.5478696,2.9126577,1.3102092,0.20093691,0.6295844,0.07619307,0.36153015,0.09789743,0.34715053,0.2666878,0.83411056,1.0578513,0.74491286,2.511266,0.29112384,2.9524837,1.5845795,0.34941918,1.4790499,0.1785174,0.41728514,0.95070165,1.4179416,0.35243118,0.57094604,0.43860602,0.33793145,0.08118642,1.4862874,3.0271428,0.5345715,1.1801004,0.21250436,2.645709,1.2268466,0.34307468,0.9800369,0.45873293,0.26523894,0.81776714,0.997588,0.124973014,0.8382928,0.4157922,0.01963173,0.30478123,0.891644,0.6016545,0.9760106,2.623984,0.058182772,0.7131766,0.39086944,0.15258324,0.16475792,1.6824611,0.2516633,0.116898485,0.45088887,1.6226667,1.6836959,0.53464854,0.04759016,1.4946167,1.8447094,1.1172597,1.5748379,0.07977897,1.8734249,1.289659,1.2752941,1.0924766,0.13652511,0.064544715,0.2473726,1.7927389,0.39000008,0.72431576,0.07231925,2.415981,0.1168481,0.34088382,0.32808992,0.51080316,0.62707263,0.5723059,0.4257487,0.8590512,0.48748264,0.904937,all_pothole_images\pothole_images_new_image_400.jpg
1.2360809,0.0023549756,0.044243257,1.9673615,1.3775907,0.25915468,0.022285651,0.22874758,0.2801471,0.5941519,0.026837349,0.6499954,0.49129036,1.5718262,0.79830503,0.12427648,0.094787285,0.03292702,0.115270056,0.31746736,1.1070775,1.8113681,0.23863484,0.0,2.33639,0.18812284,0.16784267,2.6658096,0.33048216,0.13085453,0.28733298,0.04074606,0.19512334,1.7746414,0.5078288,0.81937414,1.0166599,1.7694287,0.47182813,1.0052747,0.0,0.0041803024,0.7787643,3.291317,0.111614056,1.3704886,0.08069143,0.025138684,0.18599822,2.670848,0.19948585,0.30483943,0.44349366,0.29361844,0.05566623,1.7765188,1.9368418,0.011756666,0.21759762,0.05937303,0.0028169376,0.47340128,0.0,0.18645288,1.2639658,0.8732746,0.034867167,0.25919002,0.39152467,0.17979053,0.24260893,0.0035127157,0.30138633,0.8968986,1.6479346,0.561669,0.0039371382,0.07533356,0.12384189,0.14840052,0.005715812,0.08747091,0.21236813,0.24230163,0.9867345,0.18754853,0.23831873,1.1722882,1.4590667,0.57781535,0.6567713,0.026915941,0.070238955,0.37552378,0.09417232,0.33368075,0.49341807,0.08445146,1.297033,1.1397122,0.16326787,1.7891074,0.45784217,0.022778979,0.22284615,0.5460727,0.30801478,0.81835353,0.13767777,0.18397477,0.054029264,1.2970363,0.48747003,0.5919569,1.1624111,0.45487228,1.5275763,0.31419232,2.5914369,1.6269684,3.0248764,0.4903911,0.25199443,2.137725,0.9104483,0.18023293,0.00474304,1.8964691,1.1668783,0.054643378,0.08470466,0.0,0.9617242,0.0062070256,0.6317065,0.1755441,0.73080397,2.8135145,0.5592047,0.02561295,0.3219618,0.115507044,0.3803902,0.7159826,0.18991007,0.492578,0.6666627,0.26417318,0.0,0.27120048,0.8273826,0.29281715,0.032571115,0.031359293,1.7821484,0.73011154,0.9727769,0.064574696,1.9424757,0.12821962,0.7576009,0.34010166,0.024031755,3.4335196,0.0,1.3299143,0.26678586,0.13398905,2.0160446,0.38489866,0.0,0.09479127,0.053196307,0.31841865,0.45187002,0.12776452,0.24885282,0.08718225,0.39814,0.19019975,0.13179246,2.4048853,1.0665065,3.0810926,1.1428665,1.0361977,0.31998202,0.026220609,1.0890242,0.7564406,0.0,0.22181468,0.1976075,1.8490118,0.3002812,1.0593948,0.65510917,0.0867101,0.38622087,0.6417592,0.58422697,1.4074712,0.7320762,1.6902996,1.1828537,0.70951724,0.9868994,0.7887614,1.1526494,0.06235742,0.0034592326,0.1517725,0.4419982,0.2835603,1.7408533,0.8744757,0.6277998,0.007522443,1.6502663,0.37105486,0.10501619,0.038051806,0.16518478,0.20764223,0.14446068,0.72319615,1.2802942,1.0073247,1.4655229,0.047085546,0.60399926,0.123817556,0.4495079,0.56917787,0.07002473,0.14077397,1.8946141,0.00011919201,0.013936532,0.014859154,0.9129073,0.0,0.0,0.6140284,0.48517117,0.18675889,0.11658734,0.8776746,0.46113056,3.413796,0.034857366,1.0847881,0.79989374,0.6488501,0.19848613,0.1912365,1.1419095,0.33579278,0.07211318,1.5972922,0.07470067,0.0,1.1696895,0.5593596,0.45605853,0.3565343,0.12787399,1.4443798,0.21816674,0.2383645,0.0,0.24001707,0.48463142,0.93266374,0.6508669,0.9132924,0.42232442,0.084293306,0.011529069,0.6468343,0.05003538,3.5191326e-05,0.65550965,0.0,1.3599261,0.25089037,0.7583646,0.1958139,0.42052498,0.6545896,0.288953,0.042024124,1.9030048,0.37562832,0.024610484,0.011885429,0.9319539,1.1675727,0.06387461,1.1113979,0.82289594,1.3867922,0.00898133,0.7553854,4.5303164,0.7241283,0.19616683,0.29398954,0.28047702,0.4816319,0.6174774,0.01307751,2.4229553,2.4262655,0.031348813,1.2518123,0.0,1.0366943,1.9879085,0.01282191,0.9964176,0.055491377,0.11013273,0.5036868,0.09069561,0.12232216,0.14560461,0.054664426,0.76593286,0.12182435,0.74851316,0.19793196,0.0033849834,0.0,0.0,0.6233146,0.1616794,0.11620143,0.6492849,0.45249128,0.6722271,0.549193,1.7663316,0.13003847,1.8968034,0.1359317,0.12672035,0.27977636,0.23817632,0.40717703,0.59102905,0.86216134,1.7780864,0.1564013,0.073452696,0.9294668,0.428919,0.96806747,1.4741353,2.145437,0.020891488,0.06590096,0.06279994,0.16656062,0.41223377,0.6773959,1.3290875,0.030457007,0.48217538,0.0,1.8837987,0.29335034,0.008100032,0.06819295,0.11568194,0.38998556,0.6374146,0.27715585,0.60751134,0.20980835,1.2143669,0.0,0.38640282,0.37018576,2.3959694,3.7241426,0.79489493,0.015900226,0.56225646,0.74251336,0.7046342,0.7619484,0.35984325,0.19884008,0.27059972,0.0011701237,2.5106714,0.18071483,0.1551903,0.9654092,5.7356415,0.43756866,0.23256628,0.17462301,0.77040845,0.0027494798,0.13506946,0.6696194,0.23252411,0.1690012,2.4186864,0.21785015,0.4874807,1.229413,0.0,0.37598535,1.0016372,0.0126790935,0.5322745,0.23746261,1.9172002,0.14585242,0.68841225,1.1851012,2.127918,0.15099643,1.0010548,1.2746922,0.15768142,2.2046316,0.5948279,0.014722682,1.7123221,0.4318876,0.49217263,3.2108746,0.98642284,0.050048564,0.2766314,0.99511343,0.15831047,0.60888934,0.6049531,1.1499141,0.37061512,0.04998745,0.91351366,0.11643512,0.0037071223,0.28457978,0.70650685,0.91935635,0.81319714,0.58021075,0.5074381,0.6198813,1.0090752,1.1307065,0.41387114,1.7850217,1.5506014,0.04266488,1.0804915,0.021937504,0.64932823,0.5278875,0.4726345,0.06993097,0.13935944,0.6570541,0.75219977,0.085521854,0.081753924,0.22263473,1.9309363,0.046774264,0.41036108,1.1212509,0.0,0.22622637,0.1626946,5.205696,0.5403096,0.9161793,0.25448442,0.1438939,0.0,0.09128408,1.2055888,0.23808756,1.8796371,0.4298358,0.010034342,0.2591628,0.7459619,0.2898232,0.0,0.2852594,0.73175734,0.22585633,1.0398903,4.887183,1.0727786,0.03434791,1.5375438,0.25892553,0.17099999,0.01946977,0.5630539,0.59081995,1.0737422,0.71607953,all_pothole_images\pothole_images_new_image_401.jpg
0.8095899,1.844959,0.23430446,1.6601579,0.038628396,0.22419417,1.1137117,0.1665725,0.3231382,0.50315815,0.3185684,1.4720116,0.6073877,2.1382604,0.57895124,0.5289169,0.36422837,1.2017171,0.8154967,0.44319084,1.2726178,1.4535364,0.70844144,0.12950717,1.8320736,0.50858176,1.1977179,3.1719036,0.17104633,0.08165431,0.991447,0.07012931,0.33730805,0.014046404,0.16870493,1.0452434,0.005593542,1.0626624,0.4762223,0.33824152,0.0,1.2448282,0.039108295,0.54874694,0.250169,0.2463575,0.89049363,0.97433734,0.0,0.15346904,0.07962103,0.13806902,0.7268476,0.16793706,0.01935725,2.4018517,0.8668818,0.018073734,0.12262802,0.10384605,0.59819484,0.23591173,1.1805183,0.1470471,0.7945385,2.3415775,0.21585386,0.10910859,0.0077285846,2.0084605,0.19014943,0.15199625,0.057630226,0.04621616,0.004369118,0.06959758,0.278082,0.24275412,0.014382758,0.08691694,0.36062318,0.0139951315,0.9852537,0.85436964,0.29883176,0.05718724,0.1573805,0.007807967,0.91065216,0.026729448,0.044507973,0.64128864,0.035526928,0.18545686,0.28863886,0.06828893,0.88286155,0.5430445,0.4171395,0.5375915,0.26598236,3.340794,0.6536669,0.12846486,0.5074486,0.05416705,0.08865576,0.6381262,0.12702154,0.24331489,1.9151176,0.5698998,2.5800297,0.23537818,0.88448334,0.0288354,0.09538049,0.014549436,0.19155343,0.7803631,2.4657164,0.017702283,0.7769961,1.3477162,0.4583126,0.95427436,4.7097564,0.26854512,1.2595265,0.069638416,0.50836676,0.18962765,0.0031934227,0.11778908,0.8828217,1.2899742,1.9830228,0.030922923,0.35587665,0.2541137,2.5711834,0.10208162,0.5547636,0.62613446,0.12444283,1.9621557,0.07623625,0.45218956,0.2578219,0.079571635,0.84984976,0.97481495,0.03681213,0.06759599,0.3447486,0.0027365545,0.8410844,0.12415012,0.6917334,0.15517469,1.0040019,1.2824662,0.098579705,2.3156261,0.66758555,1.5041053,2.4916852,0.4615214,1.1277193,1.6565353,0.68200433,0.25518203,0.009652854,1.6455241,0.3674521,0.124883845,0.4675662,0.7013169,0.24651039,0.38496655,0.060628667,0.5169907,2.254718,0.10794907,2.6616983,0.018850703,0.433598,0.9744306,0.13720356,1.142765,1.0064615,0.3804304,0.06390925,1.9629077,0.8004168,0.02048456,0.2078939,1.5260209,0.0376379,0.9929188,0.2592098,0.37988803,0.64870673,1.1562535,0.051502597,0.07057249,1.0474477,0.4524863,1.1354069,0.36312374,0.0,0.55769205,0.8515771,0.0080863135,1.5306379,1.3244257,0.7475902,0.8766849,0.12916157,0.2910641,2.7903883,0.16760084,0.5083211,0.0921702,0.009994156,0.17196316,2.007458,0.92724776,0.84690285,0.9862258,0.1920814,1.6232318,0.24713129,0.051590446,0.279232,0.010758783,0.8959095,0.25058433,0.71655303,0.5081165,0.047974855,0.0,1.1080042,0.12704709,0.6797996,1.1072754,0.27184185,0.20706286,0.9310698,6.584082,1.9412013,0.39071098,0.12004494,0.3580696,0.04288229,0.4680971,1.3097403,0.18845513,0.60770583,1.9113538,0.055796053,0.08994138,0.5830555,0.033114024,0.12759796,0.6592936,0.6237565,1.1114719,3.9583182,0.3940069,0.11369734,1.037076,0.14408143,0.1528045,0.5203875,0.7129291,0.032273855,0.8402401,0.32997093,0.51237005,1.6883444,0.042261492,0.6492002,1.0248543,0.3297899,0.20439151,0.52738404,0.19793876,3.1937592,0.19213252,0.0,0.20107912,0.13897903,0.59859926,0.11585552,0.58489317,0.1354872,0.60023814,0.2254057,1.9770936,0.032396138,0.24246514,0.81905603,0.034548525,4.946547,0.0022687155,1.1573004,0.045700982,0.040722374,1.1161661,0.09894377,0.9775691,1.9849172,0.93358797,1.8971196,1.9626216,0.24226852,1.6935244,2.6704774,0.40460446,0.058348417,0.0,0.39393958,0.92066,0.44744232,0.06420285,0.29830056,0.0015993814,1.3731664,0.19739108,3.212146,0.0897123,0.19706601,0.34056607,0.115548484,0.0,1.5978423,0.37325236,1.3109391,0.50534767,0.08796679,0.30436942,1.0541968,0.92289484,0.7466572,0.99623626,0.5317309,0.27677763,0.59537286,0.5813397,2.6551769,0.059439532,0.32839343,0.85437727,0.11604085,0.011749558,0.09209175,0.9252224,0.047932304,0.0365796,1.266609,0.9413497,1.3757243,1.3322268,0.0,0.0012087466,1.1688986,0.0454481,0.10046668,0.7604641,0.2529749,0.026703384,0.70550585,0.08317159,0.16516097,0.26079366,0.0818291,0.8038219,0.83873475,0.39517468,1.0808003,0.23563369,0.19889483,1.385309,2.021376,0.30156296,3.1405025,0.05840944,0.08361318,0.55827516,0.7264516,0.28605938,0.053956352,0.18679094,0.057745736,0.533902,0.12795706,0.47741753,0.0086196605,0.9315034,0.3168407,0.5950008,0.52133936,0.74850994,1.2192053,0.060557343,1.0695528,0.9765567,0.16025375,0.87348557,1.841152,0.63870656,0.0017386334,2.7751856,1.0015438,1.0036942,0.6407048,0.96183854,1.4681922,0.4958204,3.6402133,0.044276036,0.7243599,1.1215987,2.1357467,0.10499236,0.29842648,0.93438935,0.88670814,0.1268383,0.69420403,0.20580283,0.0,0.55839705,0.19179083,0.9660591,0.063662656,0.44015378,0.15899561,1.5950643,0.12754458,1.4008486,0.18069309,0.022596952,0.30827174,0.0,0.782312,1.905451,0.39847964,1.3857671,2.1795068,0.19708458,0.51824886,0.29431868,0.16004728,0.40369302,1.7009583,0.17490593,0.20625569,0.24115996,2.3637118,0.061429538,0.070651956,0.42880964,0.2687059,0.35853723,0.0,0.0,0.025806487,1.4358159,1.5935421,0.5248321,0.18080637,0.5286255,0.23499185,0.009720346,0.45194238,0.7056159,0.9287469,0.041816223,0.12065722,0.5845387,1.2185348,1.4633358,0.0,0.54623985,0.07891236,0.04382185,0.3892648,0.107269675,0.04500348,1.1847867,0.0991068,0.96850383,0.0,0.29544193,0.09071618,0.02779263,0.36123836,0.099791795,0.64338595,1.4899223,0.25763446,1.0404454,1.3839759,1.0419604,0.65421104,0.020616416,0.26744935,0.21748097,0.10065216,0.23720787,all_pothole_images\pothole_images_new_image_402.jpg
1.9313505,1.7410133,1.4143165,3.6155827,1.0028402,0.15072593,1.4558138,1.5754186,0.11888673,2.0398283,0.9594564,1.5451809,0.05000327,1.773987,0.07234366,1.9521877,0.28944582,2.5424159,0.62654185,0.41804147,0.50097466,0.15746732,0.72519976,1.6469209,0.41109434,1.335749,0.24508151,0.5456766,0.9778352,0.50119716,1.3481524,0.14229268,0.6093801,0.38410568,1.137486,0.8566871,1.0527409,1.7631379,0.48313054,0.27376786,0.17428698,0.80663764,0.93089765,0.9891257,0.30632535,0.1845532,0.13112912,0.4296245,0.085432306,0.051221058,0.106719404,1.3652875,0.9107309,0.5190522,1.263726,0.9251432,3.1921422,1.7312647,0.36552355,0.16663793,0.4997537,1.9758319,1.127952,0.6035643,0.9540215,0.9961704,0.83374673,0.7937941,0.46666268,2.300628,1.0675064,0.83461386,0.026325855,0.73102784,1.1529268,2.0497844,0.43181208,0.9109474,0.47859308,4.505215,0.39259684,0.0809308,0.81904995,0.7032591,1.4757718,1.21837,0.0854101,0.13038631,0.52000946,1.9915316,0.7704015,2.5857956,0.59923476,0.89550066,1.210038,0.6821728,1.2941872,0.8088499,0.26403517,0.026224704,1.4155324,0.2784227,0.2739207,0.61151403,2.6345992,0.00058592844,0.80251247,0.090540536,0.12452215,0.31274784,0.40125126,0.33559674,0.90730494,0.03516194,0.18880965,0.08608023,0.10145259,0.15237823,0.4003099,0.0747639,1.1603223,0.3109896,0.033928424,0.074689865,0.6675545,0.028208716,0.4076306,0.571183,0.41391364,1.1430652,1.6786402,0.0406083,1.8797928,0.8388273,0.79121447,0.45633876,0.4109142,0.4498839,1.0622139,1.2941647,1.2977554,1.1068546,2.2502973,1.315382,1.1136024,1.5086697,0.8513406,0.043400154,0.6031375,2.2477837,0.94260484,0.29592717,0.41581756,1.3820701,0.91809005,0.057932075,0.5299884,0.00018970662,1.1212875,0.53554285,1.2432302,0.3880057,1.1336782,0.57345784,3.4331648,0.3310088,0.7184736,0.9647502,3.3379214,0.2171825,2.7936065,1.3155141,0.0,1.3056775,1.1158237,0.4555766,0.7161615,0.5953369,0.20863242,0.33436242,0.32339692,0.52230906,0.72145694,1.8964918,0.72331035,0.5902,1.5269908,0.1475375,0.7827768,0.32890967,3.6497672,0.6046445,0.0,0.8355701,0.0,0.6757231,0.19746742,2.1539116,1.9232134,1.2083323,2.2548923,1.7013906,0.22759044,1.099567,0.26405296,0.31555367,1.1082661,0.9036136,1.2339245,1.1940823,0.28220487,1.0820119,1.768387,3.0517447,0.25336015,0.9149117,1.855863,0.0017887739,0.4791376,1.2493298,0.24526276,1.4328167,1.196089,1.3874234,1.0594805,0.0,0.25227794,0.27729446,0.3749568,0.32378155,0.21684998,1.7429414,0.52503186,2.599018,0.18176167,0.47392455,1.0093111,0.4372565,0.4158604,1.3467818,0.39341456,0.5390927,0.9461217,0.41653305,0.77710146,0.15656528,0.57343465,0.8448771,1.4797902,0.74809515,0.51480067,0.06877428,1.6706982,0.785669,1.154566,0.2289097,4.4906144,0.4001499,1.7448899,3.1383011,1.9795738,1.3001945,0.5576539,0.48472443,0.80385244,1.102829,1.3073105,0.90435296,0.3279275,1.1284323,0.17721125,1.729093,0.29924574,0.14776811,0.12584664,0.3324154,1.9482393,0.30936292,2.598821,0.07842792,0.19852984,0.19083749,0.40809104,1.0981941,1.3272837,0.59396696,1.3657036,2.3569467,0.6086336,0.64760476,0.7336673,0.7744386,0.22168957,0.2603068,2.7250755,1.0684748,1.5287958,0.41495672,0.1228352,0.50662035,0.707205,1.3249506,0.656051,0.38517985,0.67500234,0.6289172,0.35736167,0.5533758,1.2497574,0.009605143,0.43381578,0.34279624,1.0994605,0.34275997,0.09227714,0.99952406,0.5238378,0.8159139,0.51959103,0.1303104,1.4500643,0.6427079,1.1874604,1.4521207,2.1114798,1.4919523,0.83356255,0.99934614,2.1281803,0.9416691,0.14793077,0.16701552,1.5372021,1.8064201,1.4614655,1.306487,3.4476287,1.1566355,0.3639481,0.2335007,0.66950977,1.0448356,1.1754452,1.0623444,0.3441805,0.12046626,0.6587456,0.3215997,0.6452347,1.7293162,0.31521937,1.5763544,0.9621363,0.031851895,1.1207659,1.1241274,1.8180965,1.8193512,1.5427766,1.5081855,0.669465,0.4128987,0.6942724,2.271602,0.8421473,0.50790733,0.9752832,0.7313014,1.5373247,3.7473485,1.2718128,1.4279754,0.9161357,0.09900435,1.5243757,0.70977324,0.066617616,0.51726425,0.027577745,3.536409,0.64168316,1.1240758,0.49216592,0.86547697,2.0928988,3.6876705,1.4100189,0.955257,0.55526924,0.5507041,0.9844214,0.7545396,0.08948666,0.71856475,1.1978723,0.52923125,1.4811713,1.7957829,1.6236413,0.07216528,0.20649396,2.2472775,1.1437964,0.833618,1.584512,0.8137291,0.28308517,0.23190804,0.19134091,0.0037537212,0.4872733,1.1126052,0.8800477,1.7641664,0.5459957,0.099252805,1.8820415,0.7426618,0.8607329,0.9903224,0.23879334,1.8624573,1.0447282,1.5272206,0.7444219,0.11479264,1.181907,1.137446,1.523008,1.39186,0.07641125,0.83136344,0.15378475,0.14726543,0.10932666,1.9657528,0.5752273,2.0147338,2.6619012,0.3612753,2.2830722,1.3101865,1.420982,0.5881682,0.69225246,0.6748101,0.392504,0.12315509,6.646019,0.56163555,0.99292004,0.04866187,0.9745972,1.2843171,1.3776463,0.22483993,0.3354314,1.8034711,2.0568655,0.44980845,1.5440726,1.4725252,0.7752092,0.31032267,0.94755477,0.47645316,0.59207815,1.0071349,0.23575146,2.3780186,0.59413767,0.69259363,0.52501965,0.42914265,0.45865956,0.25280374,1.5291791,1.8123633,0.76490307,0.30573094,3.897045,0.50076056,3.845696,1.6860535,0.2848332,3.518734,1.849884,2.520672,2.6862853,0.41297624,0.2005925,0.9435066,0.27186272,0.3573631,0.46099815,0.24457859,0.4308737,0.557328,0.6622536,0.980475,0.38840535,2.061629,1.6714916,1.7836356,0.018065687,0.85595095,0.94405115,1.4389694,0.7833906,2.22461,0.057774574,0.27281886,all_pothole_images\pothole_images_new_image_403.jpg
0.13034327,1.3608856,0.0,1.465363,0.92388946,1.7081133,0.0,0.30626628,0.78915465,1.3425941,0.8417307,0.5302228,0.29659376,2.920549,0.13634796,0.02224754,0.31740975,0.17349303,1.0367979,0.15237379,1.6908301,1.6132213,0.49169523,0.9501712,0.977076,0.78939563,1.0367903,2.7771497,0.21187106,0.32463682,0.6149475,0.09022876,0.7422981,1.8039672,0.2554562,0.06597606,0.40866572,0.97634894,1.0781845,0.38212612,0.84172976,0.44964233,2.0679495,0.673844,0.84278035,0.17080097,0.19865112,0.2849134,1.0156224,0.03415259,1.1435617,0.65166557,1.3995062,0.10762043,0.43464217,1.8960708,0.60678285,1.6710391,0.0,0.97259784,0.56009793,0.20447765,2.9919956,1.3934625,2.574977,0.077816226,0.8134448,0.11450785,1.7035644,0.043339998,2.240996,0.3144431,0.21533018,0.18623303,1.2044102,0.06820456,0.42736435,0.5362825,0.051844865,0.8623838,0.6288294,1.844696,0.32941604,3.0534718,0.08398647,0.34176728,1.0360395,0.36881363,1.264889,0.78296006,0.41900674,0.13058262,0.737573,1.77927,0.3804644,0.68537396,0.09376594,0.22077233,1.1777526,1.9045758,1.4334427,1.9582105,1.2927825,0.51263994,0.4803589,0.72456,2.1837616,0.707607,1.582308,0.12706755,0.6890679,0.99241805,0.78539556,0.45866433,0.4882762,0.94067645,0.2544767,0.0031609107,0.18911304,1.8245064,2.3019683,0.46256104,0.16514626,1.096494,0.22421399,0.8704413,0.1399953,0.10458079,0.6341374,1.4114052,0.44599012,0.05504475,0.11835401,1.1618121,1.3637645,0.4051776,0.8250491,1.5617881,1.5214168,0.42655337,0.32243466,3.8927922,0.017761478,0.74362665,0.87565666,0.9406464,0.6533511,0.0037885746,0.6714549,0.025206566,0.07049059,1.2575333,1.7548546,0.7737568,1.2795192,1.7640872,0.36226785,1.1914293,0.94687295,0.92194706,0.44227016,0.2049984,0.31087622,2.0115118,0.15891746,0.39657965,2.2663217,0.16048397,0.65658444,1.5240048,2.8325288,0.49831545,1.1546148,0.26520967,0.61492723,0.14158218,0.9119528,0.96427107,0.0024459448,0.87965035,1.1434774,3.228243,0.8428965,1.3595852,2.024138,1.578167,0.11240976,0.3159209,0.57787716,0.44363126,0.14597073,1.3450506,0.6972735,0.2195794,1.0912436,1.8490379,0.71916735,0.066395186,1.4358467,0.020982014,3.080247,1.0083888,0.57341737,0.8143879,1.7928454,0.93285686,0.7792815,0.24706034,0.18873227,0.7625407,0.250746,0.6349369,1.0188564,1.3759872,1.2483388,0.2432084,0.13557656,1.053114,1.6193432,0.54088223,0.80176824,0.40807405,0.8991515,0.1732827,0.01612206,0.49211815,0.44678614,0.19651127,5.522976,1.7077934,1.5454973,0.27617404,0.8304714,1.9901284,0.36474496,0.44229132,1.854318,0.20386629,0.11744224,0.0823784,0.74612176,0.5460671,0.33999237,0.043914698,0.69796425,0.2368352,0.025911508,1.6694967,0.16590202,5.6726665,0.4068939,1.1064049,0.14589386,0.046469618,0.7813993,0.057991777,0.25240642,0.5304958,0.0004428562,3.5421777,2.0240414,1.2153896,0.7915375,0.052419934,1.1566298,0.24435571,1.0830656,0.7451951,1.7240114,0.58400255,0.24492998,0.8100564,3.8458674,0.6287998,0.35256732,2.1873968,0.22126862,0.29378507,0.123330384,0.22872543,1.1191341,0.8559243,0.070506774,0.083669916,0.31641036,1.3124243,0.88444144,1.4318624,0.6111906,0.38683435,0.09325149,0.08189277,0.025721049,1.5048207,3.1018279,0.8620678,0.6706907,0.6177688,0.10496223,4.838507,1.4966875,0.4408342,0.0,0.21853548,3.4178398,1.2158072,0.46740904,0.0,0.8463258,0.56409353,0.053015262,0.40160826,1.9869756,2.765468,0.16217324,0.16955116,1.7275624,0.4754792,2.8384886,0.62578875,0.67401004,0.04067275,1.3260884,0.756583,0.6864872,0.5198622,0.9389046,0.8306792,0.6131635,0.007847371,2.2586772,0.5732667,0.7958781,0.025171896,0.61496353,1.4098175,0.48264962,2.099155,0.73895174,3.5195112,0.03391714,0.036580507,2.4025269,0.84749097,0.4501541,0.5437792,0.88570106,1.1234008,1.3150057,1.9161177,0.5246223,0.9019094,0.0016275666,1.2187907,0.5049545,0.26946366,0.457198,2.822969,0.63461393,1.2268398,0.0037621544,0.092872396,0.8408651,0.23190375,0.000809298,0.10898479,0.4344304,1.7108834,0.8513963,1.1620625,0.37183622,0.28967187,0.39793262,1.1065034,0.0010120332,1.0847992,0.043395236,0.4811642,1.4186932,2.9762564,0.24899934,0.20974693,0.029262235,1.1001364,2.2355366,1.2585919,2.0272307,0.22183791,0.76859164,3.451306,0.48114613,0.008506411,0.017277744,0.28789142,0.33158848,0.9365129,0.8494581,1.8777955,0.057915956,0.07081484,1.5863552,1.3853709,0.6658034,0.0,0.9247476,0.30012268,0.6601313,0.60247576,2.8895156,0.7377218,0.17521122,1.0342056,0.084792435,0.71412694,1.3096213,1.647213,1.79634,0.5012488,0.10066713,0.844641,0.11966516,0.28632155,1.1345319,0.41060004,1.4238776,0.7548223,2.0147035,1.3801988,1.271754,0.28585172,1.7003837,0.0,0.005593975,0.0738561,2.4650319,0.4715751,0.49308205,1.7235621,3.0424604,0.7858651,1.5335523,0.0800233,1.2384597,0.14289944,0.27864197,1.1184987,1.559695,1.1747581,0.8958042,2.3639824,1.8710722,0.022420593,1.2616282,0.009415638,1.257913,0.64858013,1.1706171,1.7284093,0.18846019,0.6763509,0.843617,0.4547109,0.84543717,0.13663405,0.26688954,0.1685487,0.24205165,1.1124988,0.0,2.102833,0.6490609,0.012144113,0.6066733,0.0,1.3998568,0.025852619,2.3167996,1.0611869,1.2783576,0.015005878,0.07393565,1.385413,0.3201432,0.44108513,0.8328245,0.0071823546,0.112087235,0.3101031,0.4184387,0.14322563,0.19281432,1.1896417,0.36468905,0.22465727,0.012383973,0.7573385,0.32079506,0.08454205,1.0658615,0.11819058,0.99065363,2.0859938,3.0475414,0.35636765,0.45003566,0.60274035,1.1338353,1.4392562,0.93152267,0.17108217,0.8712686,1.414348,all_pothole_images\pothole_images_new_image_404.jpg
0.92315626,1.852434,1.1188809,1.9304037,0.7319712,0.5245309,0.27589104,0.044626154,0.7480775,1.2043302,0.020868098,0.2605821,0.4362199,1.2336388,0.010134516,0.40541393,0.35301673,0.18533567,1.1226262,0.14103721,0.17499459,2.7993524,0.13578126,0.86839914,1.7575012,0.2838251,0.0,1.5095516,0.07050514,0.25750738,0.9212566,0.2656111,1.5757499,0.3174582,0.1435908,1.0148976,0.41655332,1.0805752,0.5349035,0.8204573,1.2766001,0.103477515,0.22830647,0.076693736,1.4103125,0.33079278,0.43597627,0.06391451,1.3496931,1.5658917,0.70028543,0.0,0.025359483,0.13298813,0.099895425,0.99374324,0.44689572,0.19250928,0.48875573,0.027643712,0.0,0.080672994,0.22348134,0.4930578,0.21510904,1.769274,1.1651539,0.1353684,2.8703463,0.82145166,0.4163007,0.58256704,0.5516172,0.40215123,1.1529124,1.4845372,0.19436985,0.5618084,0.88916045,0.25050506,0.0,0.40684867,1.032162,0.9818446,1.7278546,0.87843245,0.40237147,0.14016093,2.8429768,0.89516807,0.18112114,0.45832202,0.008943643,2.0919569,0.6454237,0.0,1.1537883,0.5281798,0.23743936,0.0,0.6997716,0.6221387,0.53990287,0.0,0.5139278,0.10851078,0.30026716,0.7141532,0.038364634,0.5139789,0.03381916,3.7367392,0.80369836,0.8813836,0.6800435,0.24637876,2.4266756,0.98827803,2.7347147,1.1169829,2.6534667,0.92909503,0.42045453,1.3729881,0.18592994,1.9561362,0.007778746,2.674754,0.4377073,0.17253833,0.57378924,0.0,0.08298322,0.09455582,0.78312135,1.2393714,0.46619198,0.79019344,0.878992,0.21045357,0.22065957,1.6942155,0.0919906,0.69883394,0.0364429,0.5602443,0.0006163895,0.46642634,0.86991143,0.3184159,0.627077,0.62458915,0.11747276,0.40955758,2.1099355,1.2409598,1.1055044,0.43929073,1.4694318,0.01414498,1.2856706,1.7921236,0.6589738,0.15702403,0.31204692,1.4658561,0.99170697,0.0068833176,1.9780343,1.1922584,0.008873067,0.0034440025,0.0,0.2801694,2.0345333,0.026899401,0.41144404,0.21619333,0.16257575,0.03412786,0.0,0.91207606,1.709821,3.290478,1.8575495,2.6375828,0.40640724,0.17578718,0.499349,1.4383175,0.49367896,1.100334,0.0,2.753886,0.26747403,0.61463755,0.41093,1.559133,0.3683229,1.0696279,0.88093007,0.9227029,0.77973205,1.1962852,3.3212986,0.5391706,0.5778726,0.4002506,3.0918422,0.20551853,0.0065462515,0.1502908,1.2207481,1.1320963,0.8530579,1.9907091,0.12869842,0.14498082,0.97898114,0.5998414,0.36397296,2.7986033,1.0745794,1.5143946,0.03222712,0.012990305,1.992387,0.2344216,0.8420437,0.18104002,0.0903302,0.04958624,1.9718945,0.21967685,1.0794642,0.32505247,2.6509798,0.18540327,0.1797909,0.23304312,0.8633635,0.743749,0.64669186,0.8121056,0.35338196,0.033919167,1.982591,0.5378457,0.20185715,4.8687396,0.7260584,0.84902936,1.1291173,0.56572527,0.045440864,0.21420953,0.8688101,0.4878637,1.3893071,2.2672765,0.006848344,0.00052387174,0.2911464,1.5240366,0.012269438,0.54830724,1.2159606,0.107916765,1.0138209,1.5749705,0.2680193,0.0044594016,0.30376157,0.0035170964,2.433289,1.4837668,0.58403,0.2275741,1.564946,1.6159852,0.105029844,0.57757497,1.4408457,1.298676,0.8950247,1.3775687,0.9054615,0.23827346,0.6557898,0.8228238,0.20475663,1.0082679,0.04077152,2.8359518,0.12482145,0.076387785,0.56766915,2.7086132,0.43424493,1.3808922,0.06356182,0.673762,0.22163136,0.46946084,4.7178063,0.6945781,0.6773289,1.6451429,0.41730452,0.053618032,0.5976782,0.8058759,5.8555694,1.5930501,0.023202434,0.8736544,0.007338204,1.9132388,2.2400243,0.14475156,0.62291217,0.13342574,0.13689476,0.8282022,0.36542907,0.006801207,0.36258844,0.2050993,0.20006129,0.53594005,4.4623127,0.15998761,0.1087563,0.0,0.0,0.4911536,0.50000954,0.38283113,0.14065924,0.18743555,1.0777622,0.9175029,2.960605,0.0,0.76650774,1.1063477,1.2558519,0.013452863,0.7918533,0.19934839,0.40785372,1.4162122,0.16988139,0.59999985,0.54562867,0.24896815,0.12685241,3.4584892,2.290686,1.7082084,0.007939633,0.1922312,1.2000598,0.15252152,0.0059045977,2.227567,1.6127194,0.2802869,0.60904694,0.76076174,2.0381758,0.32733527,0.9142235,0.012195784,0.62813705,0.88334644,0.087331206,0.9601675,0.00086649705,0.64201325,0.6453769,0.80681205,0.31277108,0.83620274,3.8500545,0.44304988,0.4782877,0.11516679,0.17885303,1.5974146,1.1706665,3.3996942,0.5902711,0.7634382,0.0,1.042722,2.4662268,1.296419,0.07650528,0.3882777,4.7327685,0.19319277,0.77097404,0.52552277,0.7027624,0.42211625,0.46036458,0.951003,0.008268576,0.003114327,0.2777267,0.03384248,1.0026146,0.55022156,0.1604037,0.016076205,0.738945,0.39164668,0.8346747,0.23352775,0.9310951,1.0924565,0.27616873,2.7146,0.52029645,0.48909384,0.12998804,1.7462057,0.34215114,2.7623076,0.9346362,0.08643396,0.27891156,0.8034013,1.3864161,5.414541,1.3992736,1.0045735,0.21691163,1.259338,0.51574403,0.10027602,0.11825962,0.12094849,0.6046581,0.008924919,0.20429339,0.40542695,0.4336968,0.49544275,1.32848,1.1024643,2.8282697,1.3235825,1.6915575,1.4786104,1.0816798,0.5653737,0.58150846,3.1787257,0.23266175,0.58489496,2.6086612,0.03024672,1.4075015,0.76758564,0.6676901,0.032169707,1.3240229,0.28644896,1.1208549,1.5433197,0.18159734,1.4900184,2.5848336,0.20445672,0.0026549653,2.719678,0.9059494,0.7393173,0.46671262,2.933894,2.8216584,0.69316053,0.07804553,0.5798982,2.2202892,0.81366235,1.4020799,0.103080064,1.5765004,2.5643144,0.67383957,0.0032578474,0.34712198,0.012836223,0.15861408,0.8620279,0.2873851,1.0333977,0.20100136,5.9452167,2.0947287,0.3370131,0.20435756,0.8654648,0.20185542,0.54357016,0.7583622,0.50102776,0.06044992,0.8358195,all_pothole_images\pothole_images_new_image_405.jpg
1.2543598,0.3463551,0.13180211,3.6839268,1.5027721,0.081394754,2.2930865,0.9146567,0.9546144,1.6872727,0.16977689,1.3334509,0.038033064,1.0916736,0.46215248,0.28938654,0.29923427,0.6480023,3.2590947,0.60149896,2.644216,1.0992538,1.0317459,0.28969145,1.5786995,0.5081324,0.6076455,0.76034874,1.0093575,0.72197783,0.24433874,0.41721398,2.5317178,0.7288032,0.0757341,0.5377828,0.21149318,1.4866443,0.8486787,0.92314667,0.0,0.73066354,0.20596968,0.80714834,0.93155277,0.49212524,0.8532551,0.031366576,0.06132869,1.4622401,1.1756556,0.8033438,0.6567107,0.38397142,0.04889873,1.7830399,0.30317998,0.9701337,1.1375453,0.5652951,1.219813,1.9227681,0.0,0.39836276,0.5623498,1.3563747,0.59873664,0.06980174,1.5161871,0.15852772,0.7865825,0.49938604,0.40155277,1.0942388,0.12453172,1.3414415,2.2984405,1.9898089,0.08321874,0.11223988,0.89674145,0.14956206,0.41446853,0.33740187,0.8982676,0.30337867,0.08872208,0.1073552,2.8203423,0.67696613,0.0,0.26049224,0.060118556,0.029168362,0.891666,0.28671074,1.766935,0.14523308,0.31938335,2.0388005,0.07102191,1.5990201,2.6356337,1.156842,2.734198,0.0,0.30317476,0.46375126,0.10116343,0.2827367,0.103796944,3.2998679,1.7663444,0.24948703,0.5134773,0.15860048,0.10162314,0.7799113,1.6479713,0.5966082,0.37836322,0.0030146553,0.18900625,1.9758627,1.1772989,0.32369688,2.5267742,0.6361822,1.853766,0.1521896,0.45030278,0.7434541,0.055178456,0.30176508,0.8252554,1.5697311,0.6159215,2.3166385,0.6675162,0.1591211,0.35591978,1.0740495,1.0142208,0.4044221,0.4538956,0.80250573,0.009795379,2.0411704,0.7632351,0.074888356,0.5289837,0.22824454,0.012003263,0.3718719,0.3882313,1.3182102,0.55064774,0.0,1.2096338,1.277416,1.5316879,3.9615247,0.07310812,1.4054054,1.7632359,3.3798716,0.93862313,0.90798295,0.67601186,0.44551966,0.340514,0.21455556,0.13483222,0.014654991,0.025171299,0.028868726,0.5700032,0.26857668,0.95702344,0.01425173,0.2865832,1.0151199,0.82431066,1.1867118,1.1068934,0.2826588,0.51367706,1.38222,0.39104587,1.318918,1.0017759,0.32665214,0.021086536,2.323856,0.08033071,0.07561231,2.4260178,1.6393313,1.4579015,0.3587377,0.31284305,0.5708787,1.1599154,0.42676145,0.1982322,0.029523924,0.6817937,0.18425824,1.1927618,1.4110615,0.049013432,0.12377832,0.30349326,0.9983491,2.2475944,3.3081288,1.1703173,0.12658286,0.21211074,0.7065914,2.1093342,0.96828943,0.660948,1.2925013,0.03991041,0.67818487,0.55790263,2.12275,0.20779152,0.55585885,0.4613303,1.1285182,0.35061333,0.16984996,0.57260054,0.04234185,1.8697418,0.35717174,0.16017413,1.3767407,0.55111015,0.5506026,0.9106875,0.17493038,0.6516953,0.0,0.33203116,0.60826445,2.8909338,3.8876917,2.6066325,1.3410746,0.8364893,0.33435023,0.077480555,2.6842997,0.7247925,2.3241677,0.49411267,3.5102196,0.07212791,0.3474487,0.3570824,1.6283927,0.48101923,0.56831294,0.88648593,0.20393384,0.4927124,0.22661497,0.5726174,0.22299506,1.4485341,0.6841146,1.5406736,0.4165814,0.1202212,0.28683534,0.7897199,1.54771,0.0261788,0.14063257,1.0678308,0.027307773,0.08891084,0.26761195,0.791724,0.26482844,2.4650025,0.08037397,0.024306284,0.31959334,0.9826815,0.5650295,0.2897724,0.6817838,0.089440025,2.612373,0.09745045,1.2983409,0.7650302,0.81468385,0.5841452,0.5017358,1.5035585,1.0019459,0.8298122,0.23793226,0.45497468,0.34501687,2.7893546,0.98827374,0.83280134,1.6796337,0.41876817,3.0701218,0.038165607,1.3454254,2.145069,0.7444678,0.20914723,0.42791724,0.6191562,0.06884544,1.1154544,0.1573741,0.5900808,0.32084224,1.094373,0.22697628,0.9259162,0.47421747,0.81081903,0.5882963,1.111785,0.27173546,3.324431,3.7978477,1.4794333,2.2292676,0.2463452,0.60942674,0.60054445,2.858661,2.3264477,0.4592148,0.8731476,2.1289217,0.22236075,0.4612774,1.5108981,0.20739086,1.643388,0.34327903,0.021067511,0.49106196,0.11581914,0.98352,0.36984158,0.5491147,0.60698026,1.9815557,1.0062525,1.9921204,0.20449097,0.08650934,1.5029844,0.004303097,0.0,1.4692581,0.25597373,0.15834811,0.97655135,0.1571712,1.4025096,0.520504,0.45264426,0.5556026,2.0609386,1.0506669,1.41277,0.14384507,0.48609614,0.17641827,0.61666524,1.0232799,2.6287253,0.0,0.4150629,1.8012393,1.0838809,0.40590248,0.46515062,1.5344046,0.025595943,0.003186893,2.2726083,0.13591318,0.86344564,0.07129176,0.6629917,0.67966586,0.4504031,1.3750775,0.34564158,0.6622692,0.115160376,0.49540055,0.2753745,0.19591402,1.4715959,0.84959847,0.05651123,1.2053019,0.026098166,1.3915565,1.4536638,0.97910994,1.5011597,1.1960887,4.045936,1.030795,3.1504111,1.9481798,3.654522,0.18724695,0.7234502,0.58389777,0.7273524,1.4987866,0.20341694,0.85088664,0.39964828,0.2851805,0.51645595,1.1914796,0.07934551,0.24214512,1.6058972,0.53572536,1.5192379,0.58374304,1.0372921,0.19816832,0.09636589,0.068333305,0.7492305,1.4251704,0.16850038,0.68493426,2.133728,0.23316371,0.19663085,1.7031814,0.44736925,2.4516158,0.5877573,0.037368886,0.01032507,0.81214124,0.5849015,0.38371882,0.9114199,0.2105801,0.018483514,0.72027445,0.19302955,0.13567974,0.91963714,1.1792203,0.22463284,2.0375025,0.1618201,0.17434314,0.79494894,1.3598305,1.400059,2.379114,0.15755332,0.5897421,1.4539716,2.0200663,0.3964804,0.6404298,0.03984598,0.17132741,2.8184743,1.7754382,2.4073286,0.0,0.21970028,2.666631,2.2590103,0.8237613,0.0,0.21961927,1.1098003,0.020120868,0.15782201,0.1169194,1.029741,1.735779,0.42581612,1.2162234,1.9783658,0.0631622,1.9155797,0.9525665,0.1407783,0.5686472,0.40952268,0.5392031,all_pothole_images\pothole_images_new_image_406.jpg
0.36196268,1.2718656,0.39303523,2.8874872,2.022526,0.10848176,0.7792264,0.096229054,0.5403919,0.3302689,1.9488995,0.7746666,2.3205235,3.137742,0.92856926,1.5667379,0.21420698,2.9464216,0.9812547,1.338785,0.264965,0.24606122,0.53529066,0.45411706,0.9838532,1.2058942,0.6028173,1.8236127,1.3377912,0.39045358,0.30710492,1.5991431,0.53704333,1.0446637,0.051173065,0.9779,0.25120148,1.4260957,0.41560456,0.48869246,0.10543191,0.042132735,0.51658,1.4819804,0.7960996,0.54430205,1.194167,0.080520645,1.9355268,0.32203844,1.151568,0.49557742,0.4819036,0.8933876,0.19314595,2.8722668,1.2706617,0.95386183,2.3981805,0.8154013,1.5298799,0.69193316,1.5801345,0.686787,0.9419065,1.4665982,1.4573987,2.9435294,0.027669938,2.819068,0.56159085,0.06094402,1.1377382,1.0276103,0.38367918,0.48828638,1.3943793,0.5782881,0.13075742,0.99275285,0.3009697,0.06298232,0.5537214,1.2562096,0.053109393,1.1053184,0.90401614,0.0,2.4369087,0.40889892,0.16775264,0.8320187,0.5930123,1.4037752,0.7253953,0.49259546,0.56264853,1.523722,0.6335159,1.2042577,0.6316964,1.4810528,1.3921969,0.8642655,1.8620278,0.028054746,1.8172632,0.4631296,0.94371825,0.94853336,2.3256931,1.4124964,0.16044317,0.6474054,0.93229955,1.2203654,0.6132585,2.464547,2.034801,1.6029476,1.407162,0.17970705,0.44552174,1.1748629,2.1551645,2.3371158,0.8821971,0.6069619,0.5779781,0.6743108,1.3184867,0.120426156,1.3938413,0.514728,0.24718034,1.139716,1.1033498,0.9607474,0.53306246,0.33435625,1.6174408,0.6782146,0.8572828,0.43860498,1.038283,1.3417971,0.0,1.2631029,0.5510877,1.4054735,2.294413,1.9954839,1.7352079,0.79550654,0.264024,0.44214574,0.9252533,2.2275267,0.8417512,0.6752332,1.3731046,2.9206648,0.061819397,0.48131865,0.5998706,0.14974609,0.8540372,1.7696544,1.106681,1.5986893,1.1308162,0.53849965,0.21363626,2.1406193,1.062205,0.35083732,0.8482898,0.841236,0.6219353,0.2406833,0.82476586,2.1460276,3.3023307,1.1347092,0.75521165,0.67905194,0.90401316,0.122701555,0.8796471,3.013041,1.0304106,0.24020627,0.15254793,1.0416467,0.07968032,0.40724188,3.1722636,0.39240253,0.56879467,0.30113387,1.2705476,2.5676382,1.0632498,0.29622155,0.7340551,0.20026067,0.9837064,1.5934744,0.83944124,0.9193156,0.44250005,0.30011004,1.0066808,0.09006416,3.7660596,2.5141363,1.8113263,2.58489,1.8866494,0.15197062,1.213522,0.43568242,0.5635979,0.47900164,0.18133792,0.54780203,1.03267,4.415322,0.655611,0.78876424,0.25806597,1.0000333,1.5314,0.4759257,0.8683658,0.08752816,1.3325578,1.3609412,0.12054632,0.8159593,1.5134913,0.10010676,0.5494554,0.5535707,0.11238036,0.08724116,0.4666673,0.2745625,2.390775,4.9303102,2.990545,0.3404995,0.13007571,0.15290669,0.61951774,1.6547744,0.9715716,1.2090652,0.623891,2.3562057,0.8593796,0.81085694,0.6438301,0.8981365,0.31238434,1.6161048,2.4818938,0.25217813,0.711245,0.002568147,0.18460678,0.31547004,0.83224374,0.6748838,2.1697376,1.8070965,0.016286662,1.0684379,1.7180427,1.778598,2.3788218,0.51613796,0.86085135,1.8827754,1.4018631,0.57641906,0.52428085,0.7788685,2.694266,1.8841219,0.67688984,0.54361486,2.654989,0.7514296,1.3522457,0.4472924,0.35079107,1.296952,0.36969694,1.5306203,0.6558184,0.50135326,1.5898564,0.9190791,3.7632015,0.43426922,0.2840936,0.4384061,0.904671,0.9416348,3.0473301,2.973004,3.3911664,0.9488369,2.0717456,1.3900803,1.9479702,1.1488614,5.2394223,0.17181927,0.5799665,0.99834955,1.080455,1.0190125,1.3375206,0.7928722,0.89589894,0.12497896,0.3350802,0.4265874,1.2479686,0.43454298,2.1272953,1.8144574,0.4994221,0.18680198,2.4432845,1.0287181,1.0343032,0.929772,0.2984799,0.54506636,0.41308787,1.5415362,0.40868494,0.13642336,1.0608307,0.6937347,0.06678795,0.91086435,2.457474,0.71340746,1.6992046,0.17640464,0.040783346,0.72878265,0.217266,2.2426603,0.93929255,1.111314,1.3679107,1.6853694,1.2731445,0.25316235,0.022782296,0.21698599,2.1535337,1.0426979,2.3028073,0.93807065,1.9282085,0.7401551,1.8124539,1.6999056,0.6940212,1.8036658,0.11829136,0.946808,0.69916457,0.42146268,1.5813767,0.23627321,1.2734718,0.45280826,2.5131793,0.7652983,2.133233,0.1484299,0.6116723,1.9354078,0.30743065,0.86652887,1.2033563,0.12441284,0.42722785,0.38529867,0.5545384,0.4851531,1.9780698,0.8014209,0.26585898,0.58145726,1.6375096,1.068069,0.97004145,0.4398286,0.1436191,1.1196057,0.08023709,0.12711208,2.6522057,1.9514832,0.81610817,0.29742286,1.5630926,0.82789534,1.3586726,0.5855754,0.8233973,0.02544489,0.6336587,1.4108541,0.2901231,2.4475863,1.8611187,0.776871,1.1458509,0.0034250095,0.888,0.863763,0.86105794,0.9897615,1.348202,0.7877241,0.2367608,1.9495285,0.55701536,0.5730164,0.20795403,0.24338005,1.5174252,1.6697909,0.10467836,0.9508162,0.40149245,0.82453495,0.82862353,1.9646429,0.25955817,0.20387626,2.8201299,0.85162586,0.38496718,0.95829153,1.9546082,1.4467117,1.2283578,0.24756251,0.27350152,2.8850422,2.416562,0.0019145584,1.8956249,0.60779166,1.335779,0.7527303,0.6433812,0.03447914,3.304176,1.9563949,0.5232718,1.201648,0.4290411,0.5496242,0.33129564,2.2900596,0.6336008,1.0421724,0.8816039,0.15397707,0.80678105,1.259403,0.42301714,1.7087184,0.0069939536,1.866408,1.5318019,1.2582675,1.248246,1.5408399,0.70552635,1.0289344,0.5261795,1.3017266,1.3710985,0.5525766,0.06690426,0.2968648,1.0791584,0.5507049,0.9616236,4.204782,0.13586906,0.63075536,1.3776237,0.15834841,1.0482811,0.46423534,0.3742999,0.6950319,0.113796145,1.7291689,all_pothole_images\pothole_images_new_image_407.jpg
0.16351528,1.7027951,0.77961147,1.5327303,0.8348885,0.52948993,0.39814377,0.85177463,0.37501907,0.67637914,0.7361152,0.6118974,0.03755894,1.8822582,0.2665526,0.3249158,0.9550761,0.6826098,2.0279365,1.3814236,2.3401375,1.2367254,1.1465096,0.34754804,2.0470192,0.33088917,0.71784097,0.76067156,0.3998754,0.26288143,0.117592625,0.016241856,0.34092665,0.18538807,0.26114547,0.27300698,0.70900196,0.84239846,0.5019059,2.2548847,0.1977355,0.19303633,0.7083665,0.32844573,0.8161988,0.48134175,0.042483877,0.7259431,0.36996225,0.9665449,0.7972924,0.27017224,1.0492717,0.47001755,0.45531648,0.9782975,0.12808882,0.17166325,1.1598295,0.056004524,0.058546863,0.90493697,0.074719675,0.39823526,0.33132857,1.0972813,0.516917,0.69957805,0.2626272,0.35314488,0.54485685,0.03765286,1.1148219,0.40419737,0.41814122,0.5098008,0.33132327,1.5332302,0.010752953,0.067367695,0.012764475,0.13206741,0.2706372,2.2960463,0.8873783,0.29162252,0.37841058,0.1730159,3.108757,1.2990294,0.1223494,0.1438418,0.67087054,0.1165982,0.10960242,0.27289397,2.2450602,1.680654,0.63640165,0.209654,0.24811478,4.548717,0.45159927,0.3411426,0.36996892,0.0,0.63242704,1.0691342,0.5089407,0.3177077,0.8686679,1.7040604,0.18306918,0.567606,0.17584391,1.2963071,0.43887943,0.22281666,1.801164,0.8980564,0.9394271,1.1117655,0.13192596,3.2297418,1.3464259,1.0496728,0.5167814,1.1186804,0.34957904,0.64147544,0.035705462,0.39752835,0.37565312,0.57634753,0.5519449,1.6242971,0.21232206,1.4493866,0.12400389,0.18204117,0.12503871,0.4504339,0.26572815,0.47783396,0.45844778,0.45992503,0.010208125,2.0882447,0.13243753,0.16171023,1.6232004,0.33286938,0.27246803,0.14818074,1.1477029,0.6739078,0.43521327,0.31022936,1.1187423,0.86011887,2.7201002,4.5885377,0.6219276,0.31174192,0.6342132,0.556453,0.7421338,0.061697073,1.2130015,1.8424464,1.1376617,0.0,0.40946823,0.15221798,0.5978103,0.009358076,0.4327731,0.30445087,0.0060814284,0.23153248,1.124614,0.8592612,1.2023448,2.7541223,2.521891,0.37117672,0.051789273,0.28291547,1.9940717,1.1253178,0.51111394,1.0560877,0.06201353,1.129125,1.6928103,0.36518967,1.3273402,0.6644,1.6375723,0.43920788,0.6249512,0.2709371,0.16430628,0.36169136,0.35323322,0.34951976,0.20905125,0.56836087,0.62928367,0.57232374,0.34979543,0.16471343,1.4395916,1.480722,1.1676059,0.5333163,0.7544709,0.11223857,0.38023657,0.7139604,0.73358715,0.23556541,0.86456364,1.6000952,0.05575401,0.081008546,0.8138469,0.58152086,0.22844197,0.6015046,0.75795394,0.20299391,1.028243,0.9661964,0.9747867,0.08657322,1.5309461,0.47460437,0.19753991,0.02552418,1.9731812,0.5391867,0.7433568,0.113447696,1.8850511,0.030674195,0.40150806,0.26481646,0.5220416,5.812266,1.1165552,0.46458426,0.29689062,0.7179785,0.0024026474,1.0225095,0.3980908,0.53262454,0.056858197,3.631837,0.84001225,0.23054606,1.382758,0.5724216,0.17662133,0.25452167,1.3275402,0.28380743,0.2232012,0.3221394,1.0618929,0.26769373,0.46229354,2.5724351,1.047076,1.0701947,0.25896192,0.3160862,0.36800718,0.6801227,0.93651825,1.7630148,0.69014335,0.015542633,1.1793301,0.4930911,0.3097749,1.8183727,0.35694516,0.29753873,0.2895973,0.3646322,0.77170575,1.0833297,0.49513218,0.67553616,0.5951094,0.59585094,0.0,2.5109894,0.5884689,0.70284104,0.07773239,1.0080706,2.1238263,0.7198523,0.008283509,0.16246527,0.6197053,0.60855573,1.1660111,0.29058588,2.3797555,3.1120288,0.25333455,0.08995333,0.6098508,1.0179482,3.3210917,0.124625966,0.55396515,0.08571667,0.21061118,0.15324041,0.7551744,0.2339288,0.74058783,0.7322561,1.038716,0.3872338,1.766922,1.3161846,0.00746898,0.21716516,0.6399326,0.71264863,2.3857508,1.4972631,0.28113392,1.2826089,0.37869745,0.070738435,0.68408775,1.286015,2.0505068,0.0979114,0.16154422,0.58653814,0.5348228,0.24848552,0.005190114,1.1389207,0.7767091,0.38564178,0.01819842,0.4627726,0.4001508,0.54214984,0.8476642,0.9505252,0.5307949,0.2649276,0.1719932,0.53883815,0.011928371,0.1523767,0.5143787,0.21794899,0.29381102,0.38614413,0.16541076,1.2417576,0.5860632,0.50345635,0.8727527,0.72410023,0.3258657,0.5222214,0.39497608,1.9540223,1.8985755,0.15204825,0.918624,0.5271511,1.5396537,0.20366035,1.6654251,0.29751557,0.4913858,3.3257103,1.8299501,0.52772135,0.15727687,0.51723,0.0,0.0,0.93142325,0.13687453,0.021732617,0.28980964,0.40168867,0.5381634,0.89029086,0.4313415,0.5719381,0.2648895,0.020870244,0.0464898,0.855995,0.072678514,0.23603423,0.23781009,0.45773107,0.69151723,0.007551679,0.62114453,1.7029777,0.7331719,0.8742134,1.1298614,2.4843202,0.5688647,2.9897604,0.72997856,2.490103,1.0808779,1.3649364,1.2273854,1.0357212,0.48449242,0.65928525,0.34229648,0.54416114,0.6557954,0.5106391,2.6767714,1.0062501,0.023884792,1.6239225,0.3122561,0.8459741,0.16588843,0.6809228,0.20391122,0.13815159,0.30592474,3.8580806,0.86457294,0.042148765,1.0091504,0.91548294,0.54098964,0.34429252,0.32007286,0.8696868,1.5302426,0.4740813,0.7437478,0.1504688,1.3435173,0.869591,0.38378146,0.39371103,0.0038132393,0.6613819,1.6421951,1.1702564,0.13623135,0.02791164,0.6557209,0.5413116,0.12453943,0.6282165,0.9901152,2.21851,0.09533499,0.08762862,0.2773434,0.33476427,2.0207615,1.2953304,1.7833221,1.1489997,0.35407272,0.16828187,0.11332823,0.686338,0.14994647,0.6443669,0.41623318,0.97148794,4.2431865,0.013355648,0.19046867,0.0,0.030303434,0.840225,0.54983175,0.25428125,0.3877377,1.1019772,3.324905,0.28799146,0.29724005,0.8543028,0.17443818,2.1561754,0.35433933,0.74576473,0.8747765,1.2092816,0.36708108,all_pothole_images\pothole_images_new_image_408.jpg
0.63465506,2.0156,0.3511312,1.8164188,0.2816235,0.482613,1.618471,0.036097072,0.26924554,0.5749175,0.23399642,1.1246439,0.825848,1.5151929,0.22628042,0.4349746,0.2524907,2.9966507,1.6263092,0.25671226,1.5159272,1.1899933,1.0358205,0.77155966,2.0564096,0.644109,1.7151424,2.8360834,0.2978602,0.2456062,0.7327032,0.077280164,1.0569215,0.16404833,0.7738973,2.5256166,0.122804776,1.0652916,1.1721048,0.18080422,0.0013164055,1.2005169,0.028284585,0.48448998,0.33067843,0.5477447,1.0528818,0.6011197,0.0019616822,0.102350146,0.012307251,0.43690428,0.2958239,0.0642931,0.05057833,1.7790916,0.6346402,0.26520297,0.94781166,0.41225386,0.4357537,0.16092993,0.9339123,0.2427386,1.6036155,1.8337966,0.5693549,0.18524325,0.097188264,1.4477891,0.7230108,0.2410593,0.079247735,0.065628305,0.067072466,0.02936106,0.24623448,0.27687225,0.36023825,0.074286245,0.6156635,0.0,1.5925497,0.72715884,0.28217265,0.008788572,0.07273573,0.025979282,0.9568106,0.107476175,0.11917883,0.5697393,0.099447094,0.31070977,0.4978951,0.0015056145,1.3696021,0.77923596,0.9582287,0.62648857,0.35792,3.3941863,0.82728946,0.1639519,0.62279284,0.32806084,0.1072609,0.46342143,0.24033865,0.3020036,1.3832039,0.5399446,3.2376862,1.0258125,1.1878811,0.33551905,0.15509045,0.24565113,0.33134827,0.8717064,1.2047769,0.2799791,0.56160766,1.0843145,0.34643784,0.79580444,2.73295,0.5179787,1.7696497,0.44562787,1.0869243,0.3527654,0.03618105,0.1980873,0.34699756,2.1115665,1.5723612,0.3012374,0.45144132,0.10376377,2.662369,0.7232255,1.4562659,1.2808502,0.29689872,2.0308287,0.9600291,0.9585704,0.25139493,0.0755518,0.6609739,0.29688656,0.043755278,0.092128575,0.7309402,0.23692213,0.30066437,0.09973171,1.3375872,1.3164953,2.0310526,1.5457468,0.09256793,2.3548694,1.5436753,1.6515353,2.6982079,0.6813476,1.34692,1.5469851,0.8194047,0.3072296,0.03788592,3.0344636,0.2746745,0.3450713,0.41083503,0.66470796,0.16248891,0.35710272,0.20441821,0.90085864,1.3484082,0.25507998,2.6644657,0.11824272,1.0693315,0.9255888,0.12884216,1.3847765,0.73271066,0.5954136,0.23430446,2.3237095,0.43924028,0.082122356,0.36298817,1.7171587,0.08352309,0.6161912,0.26803282,1.1083771,0.23235877,1.240031,0.06663934,0.33108217,1.1075512,0.29392982,1.6341966,0.94521457,0.0,0.96744007,0.61998135,0.0,1.7316076,1.2204427,1.515491,1.1140712,0.39942402,0.31611538,4.2133574,0.023160692,0.9014408,0.11693751,0.0,0.1894393,1.4442518,2.2647567,0.7519905,0.74014467,0.7254975,1.8848966,0.721257,0.510953,0.27633536,0.07921973,0.88559204,0.29273656,0.9724991,0.2849551,0.002834598,0.0760628,0.4862614,0.07547662,0.2731418,1.8301896,0.37841982,0.11269236,1.3924575,6.669463,1.3032714,0.17480388,0.10395295,0.7249968,0.04762069,0.8414824,1.8271667,0.86054677,0.54177445,2.3283427,0.07287874,0.1442425,0.8426578,0.28443095,0.16682673,0.656188,1.2420628,1.3786924,3.7720866,0.09507126,0.2097947,0.6109361,0.06307085,0.5367933,0.6883289,0.567211,0.1706211,1.1609102,0.29486376,0.6685415,0.9265981,0.04592711,0.8879106,1.1180283,0.4784218,0.50717694,0.40049762,0.036023922,3.1747754,0.13228366,0.28576958,0.47293526,0.2997212,1.2220978,0.17279053,0.5676292,0.5536355,0.38686153,0.2805461,2.5493488,0.11529457,0.62985647,0.15086892,0.040994085,3.477351,0.005805111,0.8495168,0.32208633,0.108330555,0.46304563,1.1306182,0.92397094,2.166772,1.4433717,2.282696,2.569528,0.47965854,2.2383838,1.5631207,0.30230713,0.26972833,0.031338513,0.7953985,0.68990433,0.672011,0.16477473,0.0896006,0.035147008,1.4955964,0.516015,3.0356488,0.32872775,0.124041,0.68785053,0.083752505,0.0034702395,0.98532945,0.3268069,1.2007575,0.24691187,0.28448856,0.25700295,1.4893881,0.511958,0.55484706,0.91690624,0.23760428,0.62470496,0.62534165,0.4794145,3.3949099,0.029676076,0.48340535,1.0651016,0.050575547,0.11343687,0.11891647,0.64815646,0.17494598,0.21375027,1.3805746,1.3592613,1.9041605,1.3964803,0.0,0.0014564735,1.6027812,0.0116349,0.54226196,0.44753945,0.3113982,0.10563702,0.52740264,0.25591806,0.29722697,0.34626198,0.014229934,0.74702615,0.8406528,0.1579159,1.0698018,0.14053959,0.2467426,1.9242779,1.3216232,0.16374841,3.3034406,0.08735756,0.18163434,0.6858841,0.8880995,0.45550057,0.037283674,0.40080532,0.08935671,0.34362155,0.8774442,0.2814977,0.12207143,0.957661,0.17497751,2.1287434,0.16636607,0.65744203,2.5019572,0.0082772765,1.2417239,1.3166996,0.08358464,0.4929351,2.1801589,0.5837932,0.22214231,2.608966,1.0445467,1.4444851,1.1446799,1.3403623,1.105882,0.15454224,3.5880163,0.36446652,1.1079309,2.6116002,2.88034,0.17440212,0.46528086,0.9134462,1.1759707,0.10620925,0.70185584,0.19787873,0.067912556,0.51989555,0.85027903,1.3998668,0.04680643,0.3859558,0.032848705,1.6633612,0.6761127,1.1823676,0.17456843,0.0031073173,0.14914317,0.0055939043,0.42351586,2.067459,0.45089915,1.0650154,1.6629046,0.45990923,1.0955473,0.2992339,0.17615198,1.541539,1.0517255,0.17008954,0.29070807,0.1867457,3.1104941,0.18445447,0.32990003,0.6125915,0.5964246,0.2752048,0.0007370358,0.0,0.34961998,1.5426236,1.7799302,0.49123433,0.17711297,0.44695535,0.6746685,0.06691445,0.7837853,1.3027954,1.8095932,0.27223864,0.50719,0.291659,0.24625704,2.5172312,0.0065533835,0.52267957,0.1498139,0.003855928,0.64165103,0.4714777,0.6088616,1.2161646,0.39756396,0.6556755,0.0,0.70941395,0.35298032,0.0,0.59309703,0.07596729,1.1013552,1.470329,0.16635361,0.867114,1.5981483,0.86773896,0.786534,0.15619947,0.59747076,0.21537237,0.054794073,1.2920496,all_pothole_images\pothole_images_new_image_409.jpg
0.0710064,1.7681775,0.56247514,0.5345919,1.4526136,0.42993826,0.40511587,0.763366,0.0538926,1.0579197,0.8980917,0.7197049,0.5280193,0.96313083,0.037630495,1.2622261,0.17284606,0.98686177,0.5451534,1.2318816,0.41367206,2.7184746,1.9410088,1.141817,0.12831551,1.4858533,0.31972033,0.9681321,0.47581184,0.838635,0.1279078,0.19556892,1.4020629,0.33402848,0.026394319,1.1277331,1.3554201,0.024295721,0.059730433,0.66496944,0.13160776,0.5392652,0.5470018,1.7518649,0.8080297,0.6598756,0.3047458,0.0,0.4652989,0.35583413,2.4111013,0.16672415,1.2907009,0.82749087,0.2220108,1.2058434,0.14378397,0.19549124,0.95387554,0.4144539,0.017993804,0.020593565,1.3438009,0.05831155,0.8390823,1.7279006,1.1638561,2.0707655,1.488735,0.24893208,0.32121086,0.4165383,0.32597598,0.37526047,0.18448871,1.4374462,0.940647,0.5363973,0.010330283,1.4987382,0.7201823,0.58245844,0.7419701,0.80996686,0.91831255,0.950323,0.18958987,0.008717697,2.6680942,0.2753517,0.13633232,0.3976735,0.23745266,0.9150351,0.1448999,0.2735375,1.2527686,0.26366168,0.32917064,0.109977625,1.0071273,1.3235196,0.6215898,0.06898619,0.06408579,0.8417461,0.9330654,0.97414726,0.6772297,1.0639443,0.5616569,1.6426537,0.47429624,0.0960789,1.6330098,0.23075087,2.3929536,0.8951127,0.6725831,0.61230075,0.50170934,1.8496716,0.565828,0.33985522,0.8111589,0.8509741,0.11692907,0.9665019,0.39581314,0.3024426,0.74092025,1.4549466,0.8308759,0.45512536,0.20506763,2.075577,0.05265414,0.34892362,0.66703624,0.4510277,0.04218445,0.929785,0.7897418,1.6868964,0.32725132,0.33910444,1.5779985,1.491144,0.7521653,0.7836164,0.09285857,0.19534992,0.9224966,0.67873055,0.81010294,0.59633046,2.0727086,0.83917654,0.112664804,1.4832455,1.6731175,0.55336875,0.077852204,4.3515806,0.70957166,0.5724707,0.5829789,0.16890241,1.6864686,0.03408782,0.3858072,0.06627774,0.6924527,0.23730929,0.6231253,0.27733076,0.414024,1.0102875,1.4949689,0.44299448,1.0899291,2.2049131,2.040922,0.7969879,3.5982397,0.5167838,0.24353614,0.46719283,0.40776807,1.6801169,2.3998108,0.30968818,0.0,2.232911,2.2147925,0.0,0.18397388,1.2929695,0.7894513,0.92216194,0.28241652,2.463212,3.010728,1.8975949,1.5635244,2.3138072,0.18438213,0.20742072,1.439119,0.5671796,0.24221104,0.59710115,2.4598372,0.6490763,0.34406155,0.36156508,1.9581692,0.06877243,0.454002,1.3371375,0.91753113,1.7369024,0.7460445,2.311076,0.41596264,1.3804084,0.9042028,0.95105016,0.42149302,0.038915213,0.09760173,1.3185288,0.08249843,0.15655157,1.3697312,0.08805863,0.0,0.9435077,0.13712887,0.5490721,1.5264859,0.7645061,0.4812062,0.63523936,0.3678966,1.6575512,1.1174881,0.3738496,0.5102686,2.4473033,1.8826761,0.12181338,1.4822246,0.22309986,0.15102115,0.91354233,1.8258795,0.15595597,1.5264736,0.7620946,0.44088635,0.4448169,0.23577853,1.0864632,0.5071205,1.6784381,0.429911,1.3522308,1.4689102,0.27717835,0.3466114,0.09529334,0.036590785,0.53485566,0.20707963,0.920866,0.4013531,0.6829184,0.2291173,1.1183738,1.3234743,0.988162,0.5209877,0.09872598,1.5096259,0.031117463,0.7117902,0.78189147,1.5385963,0.92825574,0.895363,0.5281257,0.1816433,0.9099796,0.15975997,0.6909376,1.0603971,1.3520924,0.5705737,0.5801211,0.25035238,2.0514536,2.197986,0.57904536,1.9749385,0.972773,0.0053729913,1.3456603,0.5123112,1.0424684,0.38837984,0.32817546,5.0526357,2.1799664,0.34787285,0.7111336,1.0209643,0.11260152,1.0527722,0.25432777,0.6173028,1.5876894,0.105586626,0.27509713,1.2649126,0.49651548,0.4888033,1.1919136,0.37246552,0.78006345,4.1267614,0.5705276,1.0951884,0.28314576,1.0273672,1.4008387,0.22734362,0.8006465,0.55010915,0.87749326,1.1962636,1.9053973,1.2089814,0.22332516,1.4226161,0.1399545,0.6614273,0.055232417,0.35651106,0.8341804,0.69975495,0.590949,0.7057794,0.67474735,0.12309311,1.3606224,0.94165623,1.124163,0.53485215,0.7366758,0.84547985,0.15043086,1.0031953,0.9908682,0.047722172,0.2844048,2.1741338,0.8802241,0.06017123,0.5664697,1.3991241,0.16135702,0.6876348,1.2574102,0.8147627,0.729402,0.18609205,0.7535604,1.0112823,0.70351815,0.21472082,0.2785394,1.0702488,1.4545823,1.8384256,0.8384743,2.8160918,2.2388537,0.36466235,2.0987182,0.38444924,1.569202,2.101111,0.6606708,0.56038284,0.42679316,1.2679155,1.2002566,1.0066688,0.19884373,4.2654824,1.1158671,0.12172166,1.3789477,0.96570903,0.027703341,0.2990134,1.3259755,0.14255387,0.515181,1.3071525,0.59030706,1.7559718,1.122216,0.040897448,0.22243145,0.5759015,1.2458036,0.8965986,0.28926206,0.79752207,0.52092373,3.203108,0.65516186,1.6160624,0.6937441,0.18802364,1.1833163,0.3671438,0.47142348,0.40522274,3.359966,0.27694163,2.986277,0.35724983,2.084478,1.0145179,1.3765643,1.7584897,1.5646219,1.2199677,0.6894517,0.28656656,0.13523431,0.92312723,0.25874656,2.6843984,0.42547125,0.11505106,0.9204482,0.11972333,1.258629,0.91884893,0.6659748,0.09307166,0.666682,0.40471882,1.4100568,0.53780985,1.5981264,0.010894173,1.1396362,0.32624128,0.008451031,0.5395981,1.8475556,0.22324985,0.2953137,0.124452434,0.81085825,1.1143453,0.6615021,0.56063926,0.7848455,0.7600773,0.06757364,0.017854083,0.26820284,0.98881793,0.57770425,1.1756133,1.109452,0.9788028,0.16306292,0.026331142,1.1696814,2.697635,1.3327576,0.28788513,0.8414273,0.87061393,1.7262133,0.97220457,0.6627518,0.49210513,0.18274812,1.2659172,0.123130955,0.09027212,1.7881151,1.4623566,3.0961185,0.5807008,1.837918,0.65869606,0.4915523,0.0059304703,1.6385379,2.479015,0.56619036,0.1564443,0.62734276,all_pothole_images\pothole_images_new_image_41.jpg
3.25514,0.025325283,0.1121226,2.1557264,0.2995739,2.2352252,0.66416556,0.103448205,1.3235662,0.2157678,0.0011790968,1.5337367,0.0,0.89324266,0.87395626,1.1758431,0.95133644,0.2261448,0.3735231,1.0159343,0.6659922,1.4461575,0.47131643,0.8469775,1.3731852,0.25279304,0.07412194,4.230613,0.21914403,0.050515078,0.3040945,0.038409557,1.6257019,1.8259029,0.16728687,2.3280766,0.023526747,0.93224317,0.50763905,1.2362862,0.71690977,0.10987949,0.35585988,0.11611351,0.9474696,0.6097788,0.028291697,0.21277781,0.33862406,2.7595093,2.1911106,0.047866907,0.19053225,0.041544784,0.20918791,1.5648501,0.74709857,0.0,1.4066514,0.5902738,0.07182615,0.15518977,0.018858086,0.60023564,0.32235703,1.2401298,0.067423515,0.51086354,0.059844054,0.06346752,0.2116672,0.20240116,1.8399222,0.94317704,0.62482387,0.972568,0.10129624,0.7718366,0.4505686,0.28465295,0.1276207,0.007294483,0.641915,1.5432194,1.1241846,0.18219848,0.08446712,0.42571262,1.6059916,1.7038989,0.15459876,0.06798491,0.016605962,0.08153048,0.36494064,0.0053525763,0.23369041,0.53085655,0.8514816,0.8183836,0.0109353475,1.199851,0.90589386,0.52909046,1.1065233,0.024370966,0.09993789,0.5767113,0.8042339,0.800512,0.006309086,2.5256295,0.59737813,0.18459474,0.70465255,0.7553763,0.30521214,0.61693853,2.3094933,2.2646685,2.3707082,0.26141018,0.12183016,1.2083615,0.39517668,0.40301478,1.5717291,2.9060552,0.31876972,0.014041182,0.077256076,0.0,0.13537127,0.1672669,0.59220374,1.1475692,0.5157359,2.5946643,0.027125902,0.38067645,0.06752595,0.5442107,0.3815313,0.7031952,0.30508143,1.3719108,0.0,0.27950114,0.24270967,0.28642324,2.77276,0.9044929,0.31589407,0.35757026,1.7082516,0.19503087,0.6231947,0.23310058,0.9456501,0.13036302,0.0918467,0.06790765,0.0,2.6673868,0.12293468,0.9125624,0.34110776,0.046378378,2.5722802,0.19907667,0.078227155,0.5223217,0.010495512,0.1279521,0.55989003,0.19718619,0.87775457,0.0,0.63806313,0.30035955,0.021648942,2.5115173,0.10535161,1.8127304,0.63670987,1.1326804,0.2224058,1.1124254,0.26323286,1.8679265,0.19570354,0.040577587,0.017329678,0.54481024,0.55940974,0.99175406,0.7825073,1.7272,0.8364633,0.94675,0.13146536,0.5004404,0.7133296,1.2350562,0.7893313,0.04038074,1.0258417,0.30393553,2.1259325,0.073660925,0.016712824,0.0306161,0.77013904,0.9812139,2.0860982,2.9655428,0.24903306,0.0010402645,1.8043007,0.50993043,0.5103035,0.06436469,0.6880736,1.4054826,0.07819826,0.7218753,2.191352,0.38551998,2.161623,0.20061111,0.19799118,0.0049609663,0.97669744,0.11486481,0.9592089,0.20941393,3.1417682,0.37706432,0.028258525,0.35624695,1.3151525,0.04897507,1.1198806,0.8402629,0.0026793112,0.033095706,0.47260925,0.8364147,0.6586151,4.1294146,2.2391796,0.9918081,0.7708253,1.497165,0.22290793,0.15159139,1.3395377,0.4662537,0.14402094,3.420207,0.29052418,0.02778329,0.3609608,0.6357521,0.6918725,0.7303263,1.0308305,0.10700149,0.15108047,0.4236927,0.5241859,0.0,0.0559949,0.58302504,2.3280456,0.51796174,0.2669169,1.3970118,0.5498615,0.69521266,0.027117277,0.43986398,0.8006539,0.5143773,0.87328947,0.2758868,0.50233215,0.14139941,1.2028897,0.18115097,0.4352518,0.37691894,0.95503795,0.42844507,0.0,0.19730179,0.47809562,2.395561,0.24904177,0.90843385,1.1202962,0.3257623,0.18228501,1.2592142,2.3969827,0.43781054,0.62630373,0.093965665,1.4782091,0.05992414,2.075178,1.1094748,3.794158,4.2814765,0.07143683,2.269114,0.0,2.137565,2.4331043,1.134921,1.6378396,0.25306854,1.2642685,0.017662406,0.23371446,1.8906857,0.09950543,0.10653996,0.478928,0.7991552,2.3010268,0.03301708,0.0,0.78792477,0.042730913,0.32701686,0.042528253,0.47969252,0.49366,0.019027395,0.62198263,0.48251107,2.7958753,0.14683132,1.3743093,1.0084137,0.69063616,0.009309228,0.11840183,1.0003362,0.84935176,3.1298046,0.8632749,1.7883068,1.4054525,1.8715166,0.041779876,1.0984895,1.0602363,1.5349706,0.5845601,0.7651596,0.5395229,0.7791468,0.27111486,3.1570117,0.97607267,0.0,0.34050092,0.9623137,1.5385529,0.68822426,0.5993086,0.0,0.010353869,0.040145442,0.6675022,0.5262981,0.9777876,0.5663214,1.3796862,0.18537141,0.099253714,0.12909767,2.767605,1.5533489,1.9346466,0.0,0.36911914,0.91307324,0.37158054,2.1426854,0.94170874,0.26882488,0.29325676,0.118976444,2.0555534,0.2122907,0.06493563,0.11309956,2.0983088,0.26754254,3.1100283,0.23181404,1.3142736,0.20159833,0.48954254,0.12131645,0.0033405407,0.0,1.8542893,0.080986895,0.15555105,1.3048054,0.076945685,0.13852721,1.2455282,0.594838,2.3828063,0.5147172,2.0393198,1.1764444,0.36454976,0.84302825,2.7567642,0.5705832,0.6064912,0.1555694,1.5473673,3.52465,0.42496312,0.8746092,1.3286923,0.5116505,0.16333356,3.5061996,1.4461527,0.7610525,0.10292651,2.2451966,0.50622964,0.36233154,0.72928977,0.6477878,0.75300753,0.0,0.680106,1.4760377,0.061809607,1.0297296,2.5038264,0.4877299,1.2443768,2.6949618,0.579468,0.12337522,0.55367184,1.200752,0.85261965,3.0443401,1.1287589,0.9827177,1.5809697,0.059712335,1.7432262,0.08461476,0.9346874,0.0,0.63086796,3.4545307,1.9992702,0.028384028,0.30266795,0.6767787,1.1303226,0.0074488414,0.46726575,3.7593098,0.62322384,1.0500354,0.49255618,2.739709,2.203073,0.32288852,0.3141278,0.600912,0.23971021,0.48851368,1.704247,0.36732942,0.10262315,0.22254978,0.9346756,0.0,0.5413023,0.08050464,0.32288867,0.26403105,0.28043625,0.3982262,0.5406258,8.2313795,1.1721442,0.20985724,3.1525776,0.16757928,0.050162256,0.346459,0.20707844,0.70859146,0.31657568,1.2017285,all_pothole_images\pothole_images_new_image_410.jpg
0.02073538,2.251741,0.7812869,1.4690115,0.23183396,0.14979917,0.30975613,0.0,1.3848693,0.0095108505,0.67160183,0.11183983,0.35457867,0.4294597,0.06766291,0.36241314,0.025280528,1.2062235,0.7763396,0.5048923,0.7140907,3.5277495,0.51951075,1.3748465,0.41648343,0.2859417,0.20066461,2.8154738,0.36955822,0.71799403,0.7230327,0.017562179,0.37150592,1.5855361,0.24720265,0.010538152,0.058000095,0.77033824,1.4967461,0.1743479,0.96913785,0.88448364,0.09817986,0.19914722,1.6316674,0.20320997,0.9086905,0.05928226,0.6851278,0.0684981,0.5460236,0.5314875,0.42042038,0.31702644,0.0022013052,0.40782803,0.09425133,0.91816014,0.77517146,0.84590566,0.08144773,1.6680669,0.86418337,0.6710155,0.5593319,1.5861081,0.6965478,0.0061358004,0.22646926,0.41668835,0.28029975,1.3126146,0.27009103,0.06494295,0.021187825,0.18913017,0.9071256,1.2989649,0.0,0.32254657,0.16367468,0.72269803,0.8702238,1.171767,0.29298413,1.1374803,0.603036,0.2769445,2.9796877,0.6170759,0.0,2.2122948,0.23795836,0.48471096,1.2561712,0.1284043,1.5502658,0.6554456,0.08971326,0.8806885,0.20746869,0.035826497,0.51650614,0.44569755,0.7724088,0.23724458,0.3272802,0.036288276,0.0036296768,2.23577,0.27339312,3.2378993,0.20575933,0.051957797,0.0020468456,0.6483105,1.3719784,0.7532842,0.807676,0.06864737,1.9597056,0.6483375,0.081250854,0.56869495,0.88911885,0.50548077,0.3647646,0.0021608535,0.41356316,1.2142076,0.9588752,1.1032381,0.029314749,0.009483214,0.19665363,0.23000425,0.11897143,0.1700582,0.35371333,0.6074588,0.410555,1.7056973,0.116510935,0.7286316,0.0076492666,0.068057545,0.45403767,0.12820071,0.23009856,0.21665776,0.123326726,0.4219053,0.17366329,0.18584563,1.6851082,0.39490718,0.061144546,0.6078139,0.09686923,0.7138105,1.305279,1.9133409,0.88705605,2.6159885,1.152123,0.534517,3.0380628,0.08055628,1.3311539,0.6705753,0.75146466,0.37348035,0.26045153,0.063994214,0.5436139,0.6211862,0.5872126,0.32830805,2.9671347,0.2796707,0.017311934,0.9894526,0.93360704,0.7598581,3.3431706,0.49989828,0.9566036,1.8772514,0.25400797,3.3144798,0.7362953,1.2584393,0.059845466,2.818391,0.07943917,0.0154461395,1.1852496,2.9751863,0.39079762,0.12997425,0.18558778,0.37808475,1.8388463,0.19465579,0.40784454,0.4717925,0.41307735,0.0048227594,1.0328337,1.4127924,0.034452133,0.053313557,1.007913,0.03460131,0.41354012,0.7154214,0.04316235,0.19544467,0.8233304,0.7840259,0.7358839,0.5298854,0.5516053,0.80501467,0.21676046,0.08068506,0.8380633,0.09615947,1.7569946,0.027981555,0.071811296,0.35962847,0.5644313,0.11958575,0.78085476,0.27239072,0.9452182,0.004135936,0.2421366,0.024415921,0.17761318,0.78653497,0.21514711,0.76916665,0.069579706,0.0,1.7009585,0.26963198,1.1679013,2.9758127,2.2001047,0.11847663,1.0322459,0.19262409,0.6728811,0.27978775,0.52666277,0.60032725,0.08402216,0.5718201,0.48230198,0.37861127,0.55574036,1.9142483,0.007987939,1.3211168,0.64759064,1.0689884,2.1819706,0.19552587,0.5082594,0.06970158,0.8818982,0.44551092,0.42873922,1.2319486,0.52529293,1.2564142,0.1575383,0.29762003,0.34868804,0.25802523,0.3373478,2.0503602,1.1125673,1.5544838,0.81700975,0.13806911,1.2935066,0.1558128,0.4245386,0.3613644,0.119393766,1.4019495,0.6636389,0.25758615,0.56278354,1.6880057,0.20840696,0.523046,0.83736473,0.49053603,0.08673839,0.5550688,2.5648508,0.010806035,0.09599175,1.8880814,1.1565145,0.14040327,0.030051697,1.8179202,4.168262,1.4104761,0.25252926,0.32740623,0.46301806,0.3387731,2.5406537,0.691289,0.05723389,0.8369731,0.0073656123,1.0449721,2.129749,0.7595411,0.3497864,0.0,0.3363377,0.14596865,5.9574623,0.39637274,2.7250316,0.0006762395,0.13863984,0.09947357,0.65610224,0.60758156,0.00023905933,0.5400342,0.0,1.2549163,2.918326,1.7265749,1.1321261,0.0003679002,0.36374462,0.11469654,0.107814,1.4972496,0.22174114,0.54246837,0.17611288,0.08650252,0.06715513,0.054812018,0.008848097,1.9461377,0.75199795,1.3128496,0.4473319,1.732312,0.9129387,0.745018,0.0109766545,0.41625902,1.60316,0.9489238,0.48314515,0.7103895,1.6256237,0.8529389,0.64336956,0.58227193,1.1180509,1.3741373,0.06689701,0.44766438,0.36437154,0.7920767,0.13560276,0.5430309,1.6615444,2.6393332,3.8598826,0.05008113,0.89447767,0.14878708,0.007008053,3.457885,0.51103795,1.5658017,0.053544145,0.60335594,0.0851403,0.11738814,0.4810257,1.1415999,3.1021483,0.6860144,2.4948878,0.55744386,0.10997318,1.3832761,0.6668167,0.81529033,1.0982505,1.3355819,0.2082919,0.20555995,0.108995065,1.7465757,0.71022487,0.4711523,0.0068581393,0.33012784,0.96295536,0.21728407,0.45756242,0.7612074,0.87598103,0.012727068,1.1477523,1.8395,0.6199352,0.55697185,1.8436463,0.838892,1.2691283,0.9267264,0.15503335,0.8853799,0.021683138,0.037648693,0.06259053,2.738841,0.5821972,0.4099036,2.2079713,0.93113273,0.9127182,1.2294502,0.5974851,0.15644598,0.05966352,0.21592364,0.1506166,0.17585538,0.13920787,1.4048356,0.70303893,0.45041865,0.35648027,0.098692015,3.0626948,2.3904378,0.1133576,0.40556872,0.3835842,0.870056,0.061262306,0.69400895,0.4962296,0.41412237,0.17904237,1.3903176,0.7678429,0.22077824,0.32451317,0.9271734,0.3202113,0.9921149,0.49897602,0.13957356,0.40926698,2.5156174,0.057571117,0.49471888,1.0264181,0.023659006,0.34164307,2.849385,0.5177211,0.28165644,0.03706593,0.19720957,1.1238934,0.0,1.3582505,0.041276604,0.13483222,1.61303,0.00810662,0.08611863,0.0039717085,0.017609568,0.077106826,1.0401942,0.10142852,0.82302755,0.13441843,2.326525,1.9720014,1.2314546,0.41171944,3.5986533,0.4461322,2.1269555,0.37611747,1.3932513,0.45700148,0.56063247,all_pothole_images\pothole_images_new_image_411.jpg
0.12666413,0.04525811,0.00036123002,2.366992,1.1784075,0.5109247,0.0,0.018759673,0.18099937,0.014882151,0.9135859,0.005981526,0.44265836,3.0139682,0.009329105,0.13010626,0.3339637,1.8246869,2.697433,0.0059428164,1.216669,0.61401874,2.0939465,0.4521021,1.7367753,0.0,0.33490938,2.6085663,0.00827894,0.0060358867,0.41833332,0.0037639772,0.007527198,1.0059409,0.25148788,1.0363878,1.4491991,0.91685975,1.0834761,0.23416731,0.012147968,0.002032031,0.8317795,0.60484767,0.013368374,0.57798594,0.072825834,0.59850675,0.36952674,1.583591,1.0420421,0.01722429,0.7730283,0.10979806,0.10098064,2.3895068,0.0027312585,0.40625846,0.022620188,1.4028089,0.74034065,0.00063963834,0.16541769,0.34724948,3.354266,0.32047683,0.5634849,0.008348819,0.15002145,0.0,1.6682521,0.025675593,0.18785465,0.022418287,0.6384436,0.0,0.28317368,1.8686047,0.032239545,0.4346769,0.0,0.6711699,0.08469495,1.3176135,0.0,0.0,0.0465689,0.067696944,0.18423633,0.23932207,1.7806641,0.046041384,0.2159087,0.23311085,0.56481934,0.11078479,0.52059984,0.9097896,0.3904689,0.7147103,0.21576172,2.3559148,0.0,0.018900545,2.4803667,0.040342774,0.11888727,1.680417,0.57637924,1.354041,0.39091936,0.028205117,0.0,1.8083907,0.14512388,0.013392425,0.06528792,0.67853785,2.1774545,3.4736187,1.8372195,0.042316705,0.055517934,0.7492463,0.25413862,0.3316324,0.32341975,1.1119715,0.2948398,0.2259481,0.1002053,0.2827516,0.004706668,0.23288532,0.52344626,0.78998816,1.6767524,1.1095572,0.08922101,0.34396297,1.3895646,0.041833725,0.010436568,1.4125932,0.002952686,0.41690055,0.0,0.036615808,0.04422891,0.13348001,0.0882574,0.5463047,0.29709744,0.41456455,0.74391204,1.1946727,0.73928833,0.41338825,1.3860506,1.6465248,1.4023281,1.3283931,0.07659906,1.1221071,0.010023873,1.4439462,0.92672807,0.048567615,0.150382,5.104558,0.1534207,0.08306396,0.06985031,0.0,0.021333534,0.031086246,0.21953258,0.16349062,0.0,0.04997513,0.100917675,1.9954717,0.034373894,1.6049111,1.971745,2.3846228,0.6356346,0.08108928,0.23869587,0.0,0.060413968,0.4741614,2.1593866,0.0,2.0131078,0.85110724,2.7765396,0.0,0.95517105,0.006135439,1.6430563,0.15034047,0.010447876,0.2004192,0.22227778,0.035830744,3.9933221,0.21353321,1.1371839,0.30655384,0.0,0.01068363,0.09893141,0.022590123,4.5245323,1.9985756,0.022414949,0.12240536,0.67787504,0.058076624,0.055992156,0.07761387,0.0032148152,0.17992821,0.0,0.24277198,0.04400581,0.57487196,3.809758,1.3744743,0.25396556,0.0,0.3047374,0.96631324,0.14629908,0.3616463,1.5010785,0.36200172,1.200938,0.17662087,0.00803052,0.1143487,0.5348838,0.19363782,1.3624812,0.3781802,0.0,0.7741787,0.0,5.307809,0.88944334,0.01914584,0.0,1.1275256,0.98760206,0.0054341652,0.12839623,1.3069308,0.0,1.9958224,0.70437825,0.6122889,0.45850518,0.004347198,0.02215229,0.14252108,1.0169746,0.5708712,1.30612,0.10948627,0.080746874,0.0,0.5388184,0.4855739,0.5138594,0.14120093,0.19901837,0.9797031,0.21364734,0.20086943,0.23717596,0.78124094,0.37696502,0.048292518,0.22402339,0.07686409,0.008970904,0.6632346,0.17941923,0.21933044,0.0,0.11728341,0.0,1.0431813,0.098753385,0.55008316,0.0,0.069226176,0.48503196,4.7317452,2.8409922,0.25663108,0.005434957,0.27239034,2.568579,0.0013572947,0.39337224,0.053870082,0.10649557,0.03838831,0.5976204,0.4608291,1.5576707,6.1593127,1.7086632,0.82685196,0.00038018456,1.3759229,6.3062034,0.8569912,0.03458681,0.08439325,2.3601534,1.650239,2.1562202,0.77347344,0.14488284,0.0,0.033146024,0.0,2.3459392,0.5784353,0.85043824,0.2110789,0.011576924,0.0,0.6702902,1.3101255,0.19084868,0.86543053,0.032879125,0.0,3.4872591,1.2080775,0.9490003,0.7874415,0.057448417,2.1848474,1.9215028,0.22361144,0.41023967,0.15195115,0.059389405,1.5228734,0.4729659,0.0014216169,0.010103991,1.8548073,0.040568117,2.152649,0.5376906,1.1552367,2.4695888,0.013510758,0.23883255,0.02883102,0.064296044,1.16275,0.09341389,0.36586767,0.73146236,0.0027187874,0.16849712,0.03888622,0.03804298,0.0024705166,0.08942795,0.3388912,1.485397,0.07433102,1.9588131,0.008145259,0.0028824671,1.910552,0.20985422,1.0203732,0.33425805,0.02246616,0.15770362,0.91528445,0.39897925,0.0,0.017535925,0.35203108,0.20489314,1.5227271,0.83026785,0.2928413,0.26642025,0.1104251,1.0884124,1.8534536,1.9729544,0.039863568,0.62762195,0.22860661,2.2536945,0.18646754,2.213007,0.10239921,1.181594,0.0115672955,0.2247207,0.50395197,0.1427465,3.4007223,0.19078553,1.5579648,0.28372324,0.011721326,1.0096604,1.9266396,0.0,0.31906325,1.4404106,0.48140973,0.0016255537,0.08078057,2.7304792,0.7508953,1.239462,0.076080665,0.16233009,0.31666526,1.918682,0.54935175,1.388207,0.83259547,0.24496913,0.61025566,1.4112047,0.0010227603,0.0,0.7176283,0.02882398,0.011225296,0.070910685,1.0083771,0.02216476,1.8814719,4.6751842,0.062007956,0.7276994,0.10075859,0.00026371953,0.44640926,0.047805153,0.008300199,0.159119,2.345264,2.4042907,0.1423261,1.4114093,0.23582952,0.0,0.073648915,0.20332433,0.34169593,0.47101545,0.61245555,3.5320466,1.0983335,0.06035829,0.13039112,2.0236306,0.021907173,0.4964404,2.1089318,0.21052313,0.17553203,0.04680429,1.6486038,0.2068353,0.0856001,0.12237156,0.00070357206,0.0,0.0,2.5101504,0.66622645,1.5180014,0.68619365,0.018825216,0.60639095,0.027085362,0.358635,0.0,0.11324925,0.11860658,0.5483937,0.9033842,3.6521213,2.2965503,0.83152795,1.1345506,1.0896729,1.4290916,0.11220957,0.122234516,0.076925784,0.0033161025,0.0011726007,all_pothole_images\pothole_images_new_image_412.jpg
0.972164,0.43181205,0.7735909,1.7415397,0.13057041,0.26897547,0.207575,0.0017953586,0.8326768,1.4039453,0.093308136,0.35458708,0.04528761,0.9923634,0.0,0.010686769,0.25028494,1.0193604,2.1340158,0.0762509,0.15636323,4.2181196,0.3165941,0.68625444,0.1631484,1.1822209,0.091630995,1.8829912,0.26273754,0.5806159,0.85432106,0.13765734,0.50042546,0.008211701,0.4033192,1.0918059,1.4273597,1.2900358,1.256516,0.14793576,0.008414529,0.03615618,0.4052878,0.8727227,1.1268241,0.11877623,0.02295829,0.028403087,0.828946,0.9612803,1.5215868,0.2565361,0.34107792,0.02024644,0.05606063,0.80014926,0.93239367,0.43499458,0.37067094,1.6886476,0.85626185,0.9337063,1.2202612,0.14935493,0.6143604,2.1260664,2.1080925,0.04428462,0.5377375,0.67488813,0.3379888,0.43518704,0.26367036,0.07403696,0.25704718,0.63116974,0.067959845,0.3735034,0.73156786,0.095920816,0.06507944,0.0017254368,0.0,3.0408635,0.1289502,0.060702756,0.33760607,0.19768876,2.222884,0.20316514,0.14884958,1.2849902,0.21826841,0.24889731,0.25972703,0.027007412,1.069341,0.96943116,1.0172577,0.20558512,0.37915015,3.162325,0.7496003,0.50291675,0.052651443,0.5221356,0.418285,0.0385434,0.4698698,0.13437869,0.0040923315,1.9475741,0.017644271,0.0673493,0.83379924,0.47541294,1.0497953,0.22428325,1.2084358,0.60612196,1.9289728,0.371799,0.3368408,0.35502335,0.26488107,0.7586556,0.5714946,0.30319303,0.78904545,1.9883555,0.26203233,0.008843353,0.22792543,0.23038925,0.19504096,0.42902225,0.17139216,0.28003395,1.4065349,0.7466,0.84437764,0.7063832,0.053292822,1.2902049,0.19444014,0.83916456,0.32081866,0.03737537,0.0,0.6929159,0.10552875,0.50870144,0.0,0.022766838,1.0853158,0.46265107,0.11622728,0.16297208,0.017449666,0.6626132,0.27528283,0.4827089,0.27197734,5.2186375,1.2684975,0.10343723,0.47192943,0.06582972,0.40462774,1.4534243,1.049845,0.063234024,0.08694602,0.21276566,0.39541027,0.015255362,0.6774399,0.0,0.015524258,0.27912894,0.027497487,1.6475462,0.990705,0.1997045,1.6906006,0.87513125,0.3200439,0.05134314,0.6865261,0.8882974,0.0111404825,0.38588256,0.15846507,0.36126432,0.13621771,0.27292523,0.6109468,0.11542101,1.2038254,0.6319912,0.10053162,0.73086125,0.88727134,0.48419595,3.0696008,0.310952,0.059302464,0.53369373,0.3697267,0.07552734,0.3656399,0.37006688,2.2944074,0.80535764,0.2503577,0.35924804,0.2942912,0.6557575,0.5692226,0.09122303,0.6600225,0.5111599,0.92337376,0.99050015,0.27321956,0.27842775,0.6383814,0.22148138,0.57257026,0.11967416,0.14714037,0.66838837,0.53752995,0.67051506,1.8689673,0.0,0.4791868,0.16744769,0.11694511,0.41332096,0.26912344,0.1159229,0.5080751,0.014991492,0.028587287,0.21422052,0.2218056,0.39658168,0.48383486,5.346662,3.151475,0.021393485,0.017847344,1.4398744,0.0,0.4474012,1.0775952,0.3687294,0.04473102,1.9744642,0.30174768,0.27742586,0.9200067,0.5587274,0.29796037,0.5285289,0.08738413,0.012086455,0.87029266,0.14192767,0.59990877,0.47044468,0.08541161,0.056747872,1.0790854,0.79715663,0.52193904,0.5044033,0.01786057,0.49291486,1.7439119,0.10821842,0.25168586,0.46857023,0.64372104,0.24878734,1.9512113,1.0156497,2.54873,0.63299024,0.11949852,0.0,0.036158934,1.0424924,1.4113231,0.037445836,0.20062707,0.8941193,0.12147831,0.5389763,0.5321226,0.66950095,0.14212602,0.55067617,3.1151817,0.03185562,0.16421862,0.62731427,0.130127,0.48769462,2.0602713,0.17311071,3.4318256,0.853817,0.20377524,0.088081464,0.108215414,0.4671338,1.5462942,0.25645253,0.15326966,0.0,0.6451988,0.22138955,1.6266607,1.5477955,0.64863205,0.10943776,1.1830757,0.002331835,1.7608119,0.9589286,1.4134194,0.5420213,0.26774463,1.112129,0.24905418,0.68021363,0.446873,0.486862,0.32468668,0.35414532,1.2612935,0.06265642,0.25225314,0.5079687,0.0,0.27062485,0.25572258,3.0072064,1.0511502,0.020493245,0.06098769,1.7086188,0.04814909,0.2573236,0.79721516,0.90843916,0.6881737,0.8968892,0.0033640566,0.037306428,0.25982842,0.12899667,0.080438375,0.100840725,2.9063094,0.68455,0.06636937,0.6616306,2.6332796,0.58599657,0.90642613,0.9219005,0.29536724,0.24184605,0.0,0.064664334,0.21770804,0.34362823,0.4778566,0.2632078,0.9637708,1.039244,3.3767862,0.4120816,1.8900285,0.12285976,0.17255548,2.9309325,2.2505486,0.49390957,0.10901346,0.896654,0.16257617,0.1584614,0.7412851,0.29419604,0.060179766,0.039104737,4.7503223,0.7699305,0.044852525,0.28096947,0.40871358,0.19280188,0.9150806,0.100178756,0.062352534,0.41676795,0.43525496,0.35503608,0.5032795,0.7389036,0.17836854,0.3570264,0.053954463,0.20908508,0.47445238,0.89668304,2.6489391,0.21747082,0.7821885,0.8387272,1.8605204,0.7284765,0.06617696,0.43047315,0.124455266,1.0752445,0.30932865,0.003549297,0.4621771,1.9355311,0.13635276,2.7248147,0.73804843,2.4300058,2.0846252,0.054035936,0.41625127,0.010723958,0.50220054,0.49925885,0.7502368,0.0024652404,0.97753626,0.29252896,0.50134474,0.2766469,0.55791,0.107585765,0.67760354,1.8525376,1.0329565,1.5503383,0.33939615,0.62188655,0.6247186,0.45567423,1.2988801,0.07264792,0.28900787,0.0,0.5628251,0.41835576,0.21192048,0.3288717,0.12049739,0.7611893,0.27750444,0.40591854,0.039254878,0.20315507,0.0659503,0.30693576,0.28001523,0.25235173,3.0975554,0.022817723,0.0,2.6874816,0.7145574,0.40857714,0.074205935,0.073752955,0.30576125,0.027465567,0.19942139,0.017077575,1.0294751,0.65280735,0.008892884,0.082200155,0.025697041,0.13546515,1.7058315,0.5272748,1.3489294,0.13544595,0.011207407,3.9592037,0.13997304,0.017820472,0.4569062,0.06586817,0.012624118,0.38305157,1.5312316,0.92119426,1.0894355,0.16524424,all_pothole_images\pothole_images_new_image_413.jpg
0.06719731,0.103968054,1.58448,2.1152139,0.41518125,0.19999811,1.1732357,0.18920386,0.87067753,0.52133733,0.10030321,1.2262931,0.51924896,0.45226848,0.042257324,0.085933894,1.1232265,0.010350565,0.59555167,0.21609202,0.8524498,0.67401946,0.7600114,1.0845066,0.6032286,0.021793121,0.3947791,1.1505648,0.020045863,0.6670591,2.1621737,0.44075704,0.08461596,1.5662533,0.7894442,0.19319715,0.20704362,1.7316993,0.56381834,1.1814692,0.29034683,2.347563,1.0258666,0.01950087,0.5945036,0.20082827,1.0200337,0.8242459,1.4745673,1.1896349,0.4666811,0.55438393,0.3951294,0.31105408,1.1322421,0.18850428,0.38042647,1.0749449,0.48714235,0.4187229,0.32496452,1.5319659,0.16472507,0.87720925,2.4831307,0.0170071,2.517122,0.36334497,1.0623113,0.16179432,0.99525374,0.063918434,0.21861535,0.036774863,1.0518465,0.48019862,0.81884646,1.2180306,0.8949108,0.005810809,0.010351846,1.2328658,0.36228028,1.1343032,0.06346284,2.6462657,0.6315377,0.07413932,0.8025519,1.1036043,0.77463275,3.7523768,0.5589283,2.3518755,2.4308288,0.120350465,1.4357241,0.9602941,0.7196809,0.031946573,0.6102441,0.028168157,0.007254809,0.6312922,1.3596298,0.13790047,0.013278584,0.035419002,0.19149391,0.04158257,0.261884,1.8261874,1.8757126,0.52118385,0.13878293,0.04704466,1.7538825,0.7964639,0.45935008,0.79972035,3.9088955,1.898804,1.1191752,2.5761383,1.1761072,2.2029803,0.2230049,0.66762954,0.80980176,0.8609886,1.6901636,0.0,0.033297855,2.0164554,3.9894638,0.9301066,1.3045745,0.3437981,0.098148756,0.07261063,1.6274881,3.9040318,3.0377536,2.371589,0.25518638,0.20860258,0.005869204,0.8826376,0.053261373,0.13389951,1.0312225,0.017406436,0.2019605,0.8035899,0.43023363,0.11581696,0.40961182,1.3605337,0.5266757,0.30010876,0.41559634,2.15599,0.5191087,0.038297623,0.6389446,1.4390672,0.7248225,0.03396565,1.2594208,2.1751804,0.32252645,0.0,0.05027961,0.16868766,1.0560727,0.8653071,0.1549541,0.0011206887,0.40315112,0.36772844,0.11734287,0.16470332,0.5069747,4.2167153,0.39558488,3.162998,0.32181692,0.007933321,0.3251115,2.3800466,0.32190374,2.5173006,0.9308671,0.07218577,1.0959693,1.0972043,1.7308848,3.3730214,0.813369,2.4417481,1.9493469,0.0,1.1412075,0.23687837,2.2278395,0.10074714,0.04761419,0.4346371,6.3771696,0.68295133,0.94823843,0.11807095,0.70758235,0.44150665,0.8523131,0.10287473,1.1255958,0.14621544,1.1663388,0.25582218,0.6872754,1.9012834,0.64415264,1.4112666,0.24626558,0.096036695,0.113145486,0.030862885,1.5050508,0.25409064,0.38478503,0.09006311,1.2509073,2.4343162,0.4214241,1.6611172,0.058154028,1.7311316,0.20079383,2.4370027,1.3556569,0.5990361,0.35840714,1.128089,0.44945616,0.45699745,0.7978978,0.12898222,0.0049656765,4.1524878,0.9745209,1.4647844,0.25563335,1.2533302,0.5552528,0.055671368,0.0048368056,0.023795305,0.03786571,1.4354489,0.18741268,2.081493,0.6192335,0.031890124,0.30700928,0.30524457,0.004637021,0.0021950947,2.2013533,1.3217582,0.96127987,0.4323939,0.29368156,0.30305257,0.007699667,1.391311,0.250294,0.9675237,0.5182567,0.4285951,0.15029861,0.34036934,1.4315195,0.31517485,2.207003,1.4167712,1.1217703,1.1238275,1.6454672,0.3440651,0.09404317,1.5887971,0.2348931,0.5815641,2.0854602,0.22238988,0.3625338,1.9151267,1.5143607,3.5943527,0.8260846,2.2457778,0.033732135,0.26734975,0.5941191,0.021068966,1.431118,0.05240357,0.284084,0.0939528,0.6361093,0.47294837,3.926283,1.8561143,0.10398312,0.5202308,0.13641985,0.3083624,0.7824053,1.0760325,2.4731731,0.13206217,1.1650863,2.3252368,0.069229744,1.1508341,0.31905726,0.47713205,0.7241474,0.0,1.2022345,0.4493668,0.02346628,0.3305364,1.2991787,1.1781956,1.5340298,0.020616788,1.4075086,0.1386937,1.2980909,1.0242727,5.4337068,2.8534195,1.5780611,1.5037837,0.12604804,0.71018755,1.010427,3.0343897,0.002606529,0.8349944,0.0,1.0692632,0.52904654,0.52864873,0.026900534,0.27670497,1.0066291,1.6635876,1.4007939,1.1622409,0.72033435,1.6574262,1.3176444,0.40872043,1.4369743,1.1905446,0.31760994,1.6257439,0.66208196,1.062857,0.6168985,0.06118614,2.577636,0.6045476,0.33106548,0.46859297,0.04750704,2.0954244,0.63565534,0.0928764,3.0541098,1.3277758,1.3634416,0.19637191,0.33426246,1.8487123,0.21024793,1.988904,0.62055975,3.4241743,0.64948726,1.8976761,0.22137563,2.7730148,1.1250621,3.4254642,0.5362682,0.8207126,0.8618302,0.074192755,0.5165401,0.01830361,0.8527092,0.5425101,0.57737905,0.014443151,1.6238871,0.4768411,0.0023309875,0.124420166,3.5665843,2.3825228,2.3169885,0.0919922,2.2603493,0.17881726,0.64040536,2.6915395,0.02898334,0.1964704,0.88920456,0.40826342,0.22019154,0.0,1.8626268,0.09590431,0.02658379,0.71694636,0.63964766,1.3758134,0.5532532,1.2527752,0.15351683,0.14044078,0.6664841,1.1423434,1.0508556,0.14682232,0.80466586,0.0034222796,0.14901984,0.10643047,0.41032332,0.22653891,0.8904382,0.12019393,2.4476523,1.8881131,3.2828543,1.2537631,0.41776302,0.55896145,0.96005535,0.2620558,0.032515213,0.012545447,0.9731126,0.61858535,0.0020102432,0.3193387,0.2428447,0.10949553,1.992976,1.1023461,0.9241392,1.747288,0.730262,0.8085216,0.124576524,0.14444481,0.06122819,0.86149037,1.783388,0.57855886,0.12772109,0.46616432,1.7337012,0.0,1.4712425,0.33593476,1.4286524,0.3878957,0.97858334,1.2840858,0.25329024,0.0,0.6963438,0.056872323,1.3352058,3.1820753,0.9706986,0.005773733,0.38159084,0.0,0.96755576,0.7226377,0.09438993,1.2686448,0.4216989,1.312109,3.7643049,0.009443574,0.041223653,1.3632203,0.4520617,0.044446398,1.5769,0.4638062,0.15770374,0.19234854,all_pothole_images\pothole_images_new_image_414.jpg
0.10496692,2.972442,0.633651,1.9188418,0.8386542,1.3675898,0.26809666,0.8250127,1.0474358,0.64968956,0.32968044,0.46694064,0.5934505,2.2088962,0.49828842,0.62957406,1.1798565,0.095572546,0.83658814,1.7281238,0.38789004,1.0436846,2.040404,2.947743,1.176262,0.27823842,0.69447196,0.8168968,0.10852724,0.9488945,1.2217022,0.23695163,0.68091184,0.709073,0.42545104,0.38483432,1.7881054,0.5582425,1.1075785,0.8811493,0.3901401,0.21625656,0.32646748,0.04476277,1.0081395,0.19471623,0.08006026,0.058986872,2.205863,0.1476874,0.6342409,0.9381816,0.51886404,1.4459107,0.32321158,0.24772836,1.5745668,0.17371722,1.1196839,0.14277554,0.7708351,0.9011022,2.566484,0.013987553,0.46115535,0.7406507,1.2164128,2.0975957,0.8837461,0.5987625,1.4842193,1.0520891,1.1467258,0.32287073,1.3284866,0.5453667,0.04934919,1.619774,0.5328535,0.75819737,0.23257841,3.3604088,1.3496529,2.699056,2.5939696,0.08514504,0.7068533,0.99910104,4.141273,0.9043211,0.78624403,0.7278638,1.8017752,3.3149102,0.6190687,0.72711164,0.5259508,0.6685687,3.1977034,0.23936668,0.035952564,1.8457252,0.31745464,0.26233417,1.4117634,1.2731043,1.3602208,0.35800114,0.46358007,0.9038701,0.9906722,1.3128371,0.5962632,2.0648296,1.8493862,1.5685964,0.5145027,1.0624461,0.7061082,0.9812915,1.2916349,2.5693316,0.58926344,1.1275537,2.5757399,0.5692666,0.3116774,0.10953247,0.49827224,0.9650832,1.2646576,2.7337482,1.4749099,2.9230778,0.3014233,0.7250052,0.1188373,0.975586,1.9689007,1.0035539,0.9194189,0.8985931,0.3134244,0.8091857,1.0746337,0.38116354,0.535669,0.48112124,1.4063066,0.1828979,0.102913134,2.083792,2.0785432,0.24382347,0.32534084,0.9523016,0.010544105,0.6920294,0.18148811,0.059889246,1.3780662,0.87263083,0.19296741,3.5165544,3.552007,1.0726242,2.2082815,0.29226547,0.72310644,0.6189161,1.8292766,0.57861227,1.2382789,0.41363278,3.0335648,0.050171956,0.8247776,0.45545843,0.039541602,0.255107,1.4246099,1.4396929,0.7216476,0.85158056,2.5658953,1.1299001,1.5772336,0.99350965,0.15144669,0.4155972,2.1602645,4.195598,0.321015,2.5751338,0.3918949,0.7252683,0.34435996,1.4936442,0.47681674,1.3259906,1.0052321,0.8683946,0.09052477,0.40096426,0.068255804,0.45185375,0.31732902,0.019706436,1.1934891,0.033068553,1.1248007,1.1689943,0.8315369,1.5973585,0.15975422,0.38860664,0.53268766,0.7520228,0.17821763,0.3704145,0.79788876,0.051990557,0.4371812,0.8234413,0.590006,0.09562034,2.1088378,0.082513474,2.0866103,1.3364494,2.290746,1.560364,1.1108329,0.80686915,0.251806,0.9040269,0.523026,0.32404262,0.20436524,0.75741225,0.32026175,0.8426207,0.6523559,0.1712467,0.9148128,0.54192805,0.59888035,0.4707875,0.8232707,2.8492827,2.0462403,0.5230466,0.23627059,0.780535,0.96468383,0.3548311,0.5258406,0.5728913,0.2723081,0.69403243,1.7621487,2.050865,0.6034829,0.7276042,0.041649148,0.44162628,0.89927596,1.5564643,0.48424122,0.38223597,0.33577672,0.018593118,1.7613093,0.71396744,0.96661204,0.94898236,0.92134094,1.3105618,0.0877392,0.27289328,0.21276522,2.0015328,0.56155807,1.0638441,1.5466509,0.54548657,0.63621426,1.6360586,2.3192508,0.69368213,0.619042,0.23729047,0.0131634325,1.5707699,1.3934281,0.8696823,3.5480392,0.05929576,0.35990873,0.31291467,0.0,0.02834775,0.0039506415,1.1115732,3.781944,1.3930045,0.7343639,0.2552989,1.5377166,0.3658651,0.36701584,0.35911846,3.4589767,0.30774042,0.19404742,0.44492945,0.11934088,0.89244807,1.6912292,1.1802511,0.20648947,0.6396653,0.4521033,0.014269201,0.25882772,0.112389125,0.53526956,1.7634728,0.30320534,1.3730687,2.3025782,0.11454582,0.48096824,0.4125664,1.0808744,1.0744704,0.72863084,1.2734114,0.6657026,0.43698177,1.1286968,1.3153708,0.38468564,0.23283331,1.1409332,0.062021878,0.49653998,0.09245834,0.10723805,1.9704427,0.37438294,0.81269383,1.0543222,0.8482479,2.239902,1.0534372,0.69574714,0.49992976,1.0122442,0.062491957,0.17087387,2.6958318,0.012655367,2.145595,0.082229555,1.0640483,0.480659,1.0659393,0.67015266,2.3113258,0.517327,1.2744249,0.104364745,1.5958463,1.1692319,1.259645,1.0312171,0.112340674,0.67431724,3.2155674,1.3590385,0.99249625,0.038337514,0.2342678,2.2740147,0.42167386,3.7760544,3.8838055,2.2906647,0.9012841,1.4281195,0.07304859,1.1570592,0.20434266,0.124401264,1.2989866,0.43908483,2.2811792,0.34395182,0.66482675,0.22502708,1.4092295,0.58924747,1.380409,0.165039,0.023350004,0.6998864,0.7956608,0.32218593,1.1257896,0.053877655,1.0584105,0.4361185,0.6612628,1.0604019,0.3919781,1.6315136,1.388016,0.19063018,0.16436067,0.37423596,0.20719029,3.013323,2.3348947,1.6992712,2.7088635,0.8864746,1.3310444,1.3054593,1.4459397,3.2562685,1.4671205,0.7685675,0.01940845,0.49759457,1.3564283,0.39880323,0.15925907,0.43651867,1.0833864,0.7943587,1.4413866,1.8025061,0.31236544,0.06778007,1.1970102,1.2499985,0.7240152,1.2851772,1.726232,0.7560034,0.37331903,1.1758678,0.020228723,0.74728346,1.2516022,1.6275905,0.13072555,0.18591195,0.27588144,1.005946,0.31200308,0.5975428,0.26334396,1.4512749,1.2656555,1.3922442,0.11587923,0.7591602,1.5523758,0.8521442,0.21627776,2.8731415,0.018457847,0.7530539,0.63849276,2.074868,0.19996071,0.56399864,1.198178,0.34253427,1.9450394,1.7347654,0.040876452,0.7879577,1.8133461,0.39966664,0.87226844,1.1403927,0.44191736,0.18274507,2.0432174,0.69142914,0.014112624,0.10237602,0.5986104,1.5729575,0.11898858,0.4938233,0.818894,0.5327329,1.1753535,0.44400108,0.14518978,1.1852963,0.16581078,0.33316508,2.877612,1.347163,0.50261,2.257004,0.32328483,all_pothole_images\pothole_images_new_image_415.jpg
0.21795039,1.9274737,1.6129326,1.5656255,0.77727365,0.47227582,1.0208325,0.2527083,0.40061888,1.2879685,0.9421227,0.8576447,0.12494599,0.16180651,1.2888083,0.72080564,1.9523968,0.17297383,0.029173909,1.8034587,0.68553144,0.814295,1.6060656,1.2323105,0.6644606,0.07386282,0.9657166,0.2497599,1.0737695,2.4776185,0.97676176,0.7236258,1.4236233,0.76631534,2.337636,1.2068745,1.0218856,1.277776,0.2045748,2.381443,1.0371747,0.9590492,0.74412584,0.31682017,1.1262467,0.78270286,0.08627012,0.23091356,0.2935494,0.17028509,0.9183335,1.0916256,1.8557496,1.5023717,0.07347577,1.0856768,0.47998568,0.16410035,0.71500385,0.39582664,0.75429356,2.3005266,0.31764928,1.3296348,0.6444661,0.9295339,1.9936286,2.642989,1.9015646,1.0192366,0.4110913,0.5095416,0.91348606,0.14087321,0.8306829,0.47449443,0.5192555,1.956027,0.15324797,0.99152714,0.6056962,2.4337325,0.22090983,0.026015706,1.0918406,0.49397412,0.104455456,0.5651368,2.321937,1.946219,1.0035497,1.4967433,1.1592312,0.5985564,1.2177634,0.919409,1.3165623,1.7463394,0.7034289,0.30295333,1.3866879,1.0321313,0.1365626,1.9393488,1.414296,0.0,0.7485062,0.35510626,0.20607096,2.0035777,2.8592815,1.6760521,0.01218587,1.4222704,0.046799023,0.91123235,1.6585898,1.4040823,0.5385631,0.7798396,0.24860847,1.3734295,2.062338,1.3947124,0.81390995,1.7041062,1.2305496,0.85587156,3.3999147,1.3563381,2.4323583,1.0585963,2.369174,0.9601962,1.46618,1.7204798,0.85948235,0.92237294,2.3639913,0.6659505,0.5281319,3.7272882,0.2722674,1.5129007,0.8301872,0.14205018,0.7097196,1.0582495,0.05241653,2.8406975,0.19972655,0.8246792,1.9460828,0.048948567,0.14927703,0.72064084,0.65987164,1.1418089,0.48404706,0.98644364,0.7691021,2.1962087,0.072980605,0.20483306,2.0646577,0.5780927,1.1495157,0.7683516,0.5160047,0.70562834,1.1246917,0.56144065,1.4390132,0.44407144,1.808885,0.18803008,2.0589426,0.35369235,0.40086457,0.6054904,1.4675511,0.23609114,2.142185,2.6937373,3.1267583,0.302256,1.2582741,0.2109922,0.37924513,0.45205587,1.1952679,2.520226,0.3079398,2.1177347,0.99865985,1.2054205,1.2089853,3.1770937,0.31353563,1.4528174,0.24832678,0.5540545,0.2512173,1.7265011,1.1986594,2.253998,1.389581,1.0300046,2.1659722,0.10532878,0.64059603,0.63316506,1.2263181,0.5684802,0.7981606,0.39312127,0.91195834,1.2046317,0.062773846,1.035398,1.6643234,0.42253467,0.70036674,0.15786524,0.85213405,0.36645904,0.9040848,1.6000845,0.62146515,0.497144,0.21864124,0.690832,0.906823,0.6971822,0.87889916,0.7593888,0.7841161,1.3869708,0.18013568,0.57540435,0.7516173,0.06933497,0.18267456,0.4883634,0.37346935,0.7732023,0.38350007,1.0150617,1.3645471,2.4040854,0.54409605,1.0437677,0.3856306,0.9557951,1.8771785,0.04260068,0.4027396,0.6322585,1.2255917,1.1711961,1.0616058,2.2237997,2.4551675,0.08610782,0.475115,0.50996995,1.3286939,1.6360308,2.7297103,2.2184863,1.7027977,0.16072908,1.8242004,1.864329,0.25563574,0.63675344,0.5790341,0.56435734,3.156763,0.05257111,0.071295716,1.6829498,0.7906304,0.5807802,1.061112,1.1424395,0.81633824,2.9638793,0.7588379,1.167663,0.28093606,1.8783612,0.86806065,0.31669056,1.4682503,1.1572758,1.7594558,0.5636277,0.6120765,1.1009432,0.10168986,0.8461325,0.66740507,1.7058108,2.1797917,0.8848398,0.93386763,0.2198175,1.8000845,0.16869909,0.36468607,0.830958,6.6678166,0.6124756,0.3408947,1.2990649,0.7505068,0.16341019,0.60641116,1.6218262,2.1309152,1.5424736,1.5033523,1.1551403,0.0007456382,0.9939281,0.5318101,1.5908632,2.971182,0.4866307,3.5156386,0.1803118,0.8829918,0.72789437,2.106157,0.35730812,1.0512656,0.25579822,0.15652792,0.2678065,0.9644341,0.7997088,0.71155125,0.2195551,0.983739,0.66785187,1.9427726,0.42650986,2.2654605,2.2397962,0.0,1.3812542,0.6530587,0.8540896,0.17349301,0.34745273,1.7372217,1.2071131,0.31076849,0.93796754,1.025756,1.8353846,0.8211279,0.7171567,0.6477457,0.012589174,0.41867447,1.1216098,1.0856436,1.6237376,1.2621108,0.61524373,1.7933449,2.171646,0.80833143,1.3338084,1.4102905,0.73581743,1.3943316,1.0091658,0.7911263,0.3382823,3.3466446,0.630368,1.262014,0.64614534,0.3540215,0.34642535,0.22212341,3.833024,0.48536262,1.4791976,0.47357395,0.06996855,0.37083447,0.85397756,0.50810164,0.9866502,0.8274044,0.7802241,1.260323,0.3515231,0.45395207,0.51818174,0.25720572,0.38759628,1.8228129,0.4201536,1.1787819,0.12550722,0.614676,0.6586706,0.7657385,2.71272,0.8802001,0.27166012,0.1778728,1.444516,0.051417995,1.7355372,0.7656238,1.1526577,1.0548944,0.75361407,0.3095576,1.5351799,1.0727073,1.8312656,0.82682174,0.95340693,1.588842,1.0952483,1.9862623,0.8986117,0.21864761,1.6323615,1.3983201,1.2709264,0.6459991,1.0143219,0.13971318,0.4935275,0.52960163,0.7382859,0.29081103,0.72668326,1.7551993,1.3220738,2.8628054,0.6600415,0.9253249,1.4998746,0.38973793,1.7866814,2.0366728,1.4226152,0.31811485,0.78152853,0.6145116,0.23755923,0.19835854,2.095608,0.33730552,0.746412,1.0846529,0.53467166,0.38747382,0.64559025,1.2569273,0.78232324,1.4218953,0.2352173,0.66424716,1.2473342,0.77754503,0.42084864,0.72734076,0.5088363,0.65226716,1.446467,0.9503654,1.5721722,0.68569136,0.5913405,0.02486217,0.89251024,1.5841548,0.46762002,0.78219897,0.05845557,0.8501269,3.0871954,0.19312006,0.7400947,0.8904885,0.8365459,0.18448591,0.10996456,0.4453672,0.97640103,1.5107403,2.0653956,0.40907404,1.2568145,0.10745208,0.52562344,1.4008349,1.8899595,2.087848,0.20791598,0.870338,1.5796534,all_pothole_images\pothole_images_new_image_416.jpg
0.14897159,1.2169988,0.41420192,0.11200648,0.12561269,0.46838552,0.93161774,1.0428778,1.0650538,0.713446,1.6667141,1.1462108,2.3909566,0.8884609,1.6570338,0.57474554,1.472612,0.85244596,0.09291341,1.5350857,0.2958274,0.933,0.558101,0.6597567,1.5368782,1.2978739,1.133152,1.3878257,0.92358047,0.28472823,0.7633153,2.0490122,0.2882764,1.2803125,2.8951323,0.056418434,0.066957906,1.1884991,0.9699255,0.6307073,0.4296663,0.0,0.82915825,2.2402747,0.8654964,0.7272963,0.118045665,0.19572468,0.47533995,0.4812284,0.26829788,0.5719851,0.16032873,2.023589,1.8757489,1.1277933,0.93718946,0.15623324,1.7569084,0.5643317,0.28457025,0.95609033,1.5305972,1.0654503,0.5346627,1.0553944,1.2116673,0.2394459,0.67621845,0.7051044,0.4195086,0.8867293,0.25345805,0.29163083,1.40198,1.4957616,0.97625196,0.17983763,0.2848925,0.9158929,1.6500698,0.09672063,1.3470509,0.01889232,0.9400775,1.9375668,0.04248629,1.0254167,0.49696052,0.744898,0.5713202,0.0,1.9006543,0.50846744,2.1622522,0.33344322,0.33234978,3.327744,1.1961715,2.5361044,0.27951548,0.21112418,0.588511,1.5655047,1.0499521,1.301347,0.10605206,0.9591368,0.0,0.56404835,0.599543,2.2176852,0.4580157,0.6342548,0.042385753,1.254773,1.163422,0.3330481,1.2246833,0.5756859,2.3039503,0.6217239,0.4703558,0.86672366,0.66612405,0.41354358,0.38066545,0.02812822,1.6378942,0.040662352,4.070541,1.8041801,0.59460723,0.68691707,0.91699547,0.538549,1.9248716,0.49625435,0.5435798,0.012579085,0.6334747,0.039276082,2.1540995,0.4911604,0.97580296,0.06599,1.3434058,0.9826771,0.31141546,1.1206865,0.42643481,0.07602547,0.18941143,0.091507256,2.58609,1.3237087,1.5286653,0.37513787,1.8310467,0.56955576,2.252106,1.419802,0.95216024,0.6477397,0.23675439,1.1341453,0.9071694,1.7894436,1.3048924,0.3051682,0.13371436,0.5714896,0.5111662,1.0568035,0.036643095,1.0870216,0.80643773,0.8890913,2.7942686,2.979764,0.9710616,1.6851591,2.4506083,2.0611846,1.1221331,0.121439874,0.34070182,2.299942,2.164327,0.68282264,0.74822146,0.20542824,0.6650249,3.562679,0.052417707,1.1454057,0.918585,1.8007065,0.35154095,0.53036034,0.17238612,0.2797727,1.199703,1.3166758,0.037708133,3.5095289,1.0362414,0.4304561,1.3121239,1.0084223,0.48854586,1.3748927,0.2820972,0.34593597,0.55049473,0.6101602,1.8875315,0.1490263,2.8305078,0.53724474,0.93768805,0.08390866,0.2214556,0.33625248,1.1003054,1.042424,3.2439935,0.2620252,0.09332294,0.7711431,0.7195825,0.11947575,1.1511866,1.1739485,0.30079454,1.4120159,0.2965843,0.36195818,0.41564998,0.081914045,0.16882244,0.3542961,0.74311197,2.0483978,0.0,0.92956316,1.9779619,0.31066948,1.6207377,0.9759992,0.8629703,0.1924925,0.5131674,0.12093871,1.0493978,2.0093925,0.81643707,0.7244335,0.61377406,1.1553894,1.2854388,0.87024593,1.2829598,0.6735895,0.7449249,1.352445,0.0074154404,2.5416484,0.78613305,0.3551555,0.012145825,0.644504,0.4593903,0.6116699,0.6733183,0.7570186,0.40137586,0.9129774,1.8926998,0.071756296,0.036925238,0.4152069,0.69406366,0.43309566,0.2564941,0.43161547,0.693424,0.7415766,0.45053965,0.0006303655,3.8476028,2.847557,0.09866464,0.679063,0.26124686,0.81918824,0.8086385,0.1073215,0.067559294,0.36781517,0.02272454,0.48548728,0.09974424,0.4057606,0.8744703,0.09576178,0.15051399,0.2908299,0.58004,0.12191945,0.54718035,0.25553182,3.1536255,1.6232944,1.0540733,0.58775026,0.08696028,0.11539181,0.7092107,0.7432346,0.86066043,1.7143285,0.7413447,0.7716142,0.33399075,0.0018041946,0.025703574,0.89754856,0.2885694,0.4170231,0.712397,1.2489246,0.39795434,0.1206456,1.0408968,4.4129486,0.32281175,1.2137175,0.85587806,2.6770854,1.298597,0.14917444,1.3705068,0.78801507,1.9637151,0.29596075,0.2610277,0.5820662,0.056256548,0.058337804,0.08431442,1.2612587,2.1152222,0.12424595,0.38601068,0.6043729,0.024647603,0.17962357,0.08208924,0.14899403,0.087342024,0.4929133,0.09982621,1.5607775,0.05935119,0.2036877,0.8209619,2.1346154,0.617647,0.5305452,0.61638814,0.21671762,0.96121556,0.54445124,1.5272033,0.22652322,1.1460311,0.50091314,0.35143536,0.57591337,0.407618,0.71439826,0.56107223,1.0827135,1.0872878,1.0646611,1.0054079,0.1613058,0.4828699,2.1044466,2.5146306,0.7144157,0.23990284,0.5045734,0.78607565,1.1018484,0.95679224,0.7403634,0.510721,0.82271355,1.0141261,0.2694839,0.11907031,2.0041492,0.7513179,3.06282,1.9091675,0.8568856,0.45514467,0.6370644,0.21923551,0.78688717,0.3389602,2.1708612,0.36895132,1.1658068,0.41412577,0.5836057,0.17915869,0.557411,0.6881376,0.048337195,1.0454681,1.5583297,0.52239966,0.48332447,0.764606,1.267029,0.28283602,0.32425344,0.34134433,0.7371928,0.43238202,1.1086414,1.1465719,2.1413603,0.5772167,0.3281323,0.15320945,0.14065208,0.15125339,0.010955816,0.085958384,0.33954635,0.19357021,0.17595509,0.5116784,1.2789352,0.28907844,0.014649482,0.05093162,1.525916,1.4851303,0.37769693,0.5872824,0.33061013,0.8204956,1.3267192,0.79645085,0.9377705,0.6493455,0.42622897,0.0058744745,0.55662155,0.6659113,1.8915869,0.043652456,0.667125,0.5797885,0.49328336,0.33258006,0.5555226,0.9363356,2.0960186,1.0830668,0.37626776,0.84742695,1.663435,1.9764425,1.4820354,0.90530753,3.8528268,0.39058343,1.7935041,0.4175222,0.16567796,0.20016818,1.5950205,0.72721595,0.035576276,0.8519399,1.9220939,0.35204926,0.06445072,0.24170528,0.6870651,0.0070189023,3.0299025,0.2898375,0.8811778,0.9096676,0.0,1.6673248,1.7499491,0.24895795,0.35624158,0.100922056,1.4045718,0.9628465,0.80783695,1.0896865,1.5841609,all_pothole_images\pothole_images_new_image_417.jpg
0.71934265,3.6302078,1.7058004,1.7116334,0.98876435,0.20022684,0.39868087,1.157736,0.39321098,0.6812378,1.722972,0.7565575,1.8213639,0.5446036,0.113519065,0.69038963,2.3150961,1.2065849,0.53963774,0.780701,1.6480623,0.56939733,0.40027714,3.390513,0.22405355,0.50794965,1.1104447,0.5782713,1.139534,1.3888624,3.4172306,2.029744,0.43054986,0.5545981,1.5841825,1.1307896,2.6126652,0.7471995,2.0148442,1.379998,0.6376668,0.17277579,2.1756058,0.53316444,0.70402247,0.070853524,0.9505849,2.3175383,0.15314142,0.006816005,0.36507303,2.071471,0.937672,0.9860171,0.21840669,0.2736447,1.6965857,0.4332666,0.23966976,0.50458765,1.0090073,0.5416051,0.320364,1.2710971,0.7729526,0.59812415,3.8816042,1.2277399,0.73621196,0.4286006,0.2811072,1.1206808,0.943143,0.42218655,0.9996699,0.13903998,1.133107,0.47695774,0.27358198,2.082834,0.36807725,1.002481,0.48625633,1.1608449,0.20413528,0.53976846,1.1067016,1.0855517,1.5264665,0.8308281,0.95442384,0.08527397,1.130634,0.7710994,1.056912,0.25564468,1.8934685,1.3031574,1.204792,0.46451637,2.2748983,0.62489647,1.8577332,0.11514634,0.5192005,0.56702566,1.8011553,0.2598057,0.37716475,0.69696486,1.2925459,0.6525791,2.5144327,1.965465,0.33879802,1.3785233,0.71065813,1.269453,0.6053671,0.6768408,0.576872,0.383455,0.8503698,0.12688328,1.0454477,0.730521,1.4117702,0.15048327,0.900527,0.5634867,0.84863085,1.3627422,1.3871686,0.66399926,1.4629258,3.2583668,0.28216037,0.61702555,1.4271312,0.22251303,1.8187673,0.827719,0.65541816,1.0408418,1.5551906,2.584945,0.66580325,0.7926548,1.1286616,0.6987102,0.9258596,1.4950324,2.149898,0.5856694,0.033007223,0.4577909,0.6489086,0.57033765,0.48925623,0.9770542,2.4388385,0.12974872,0.29176086,0.019882971,0.20413674,0.48990458,0.84633434,0.6961322,0.7802018,0.8336551,1.236488,0.048033748,3.2049768,0.74553794,1.6083244,0.8816561,0.44094467,0.95299697,0.40902022,0.41667062,2.6761112,0.5905975,0.16667424,1.0640029,2.3494055,0.45877388,1.0211085,1.5457642,0.77084553,0.4372032,3.0927038,0.5778634,2.3170128,0.96143883,0.53339434,0.9661099,0.20061025,1.0136315,4.7059917,0.072787344,1.0896851,1.5903332,0.18366665,0.3811075,0.26760957,0.95131975,0.45920607,0.1177307,0.20568314,0.5807658,0.9988372,0.17401491,0.7795269,2.7309856,1.1534641,1.0938901,0.9853058,0.55248004,0.07558863,0.8746302,1.3015487,0.05899958,0.22744739,1.7528225,0.3838391,0.27765843,1.6433655,1.2082103,0.6693855,1.8810446,0.3916305,1.6063167,1.9650025,1.4740916,0.26685485,2.150467,0.6579497,0.1082594,0.24073581,0.5286743,0.7815087,0.8490074,0.57223344,0.38853404,1.7940354,0.5315835,1.4294013,0.018496426,0.2081325,0.8633573,0.3448049,0.72064644,0.42461893,1.0194862,1.0723056,1.1943644,2.6717422,0.070101686,0.5050959,1.0144649,1.4799815,0.30017596,1.6791755,0.20284738,0.49479705,0.21903065,4.4154925,0.38955605,0.24007563,0.9058192,0.54703724,1.4059346,0.12456194,1.9141752,0.21096778,2.0683286,2.3074663,0.015276495,1.1987573,1.1477869,2.0065722,0.33863196,0.5533387,0.8558633,0.09012403,0.4165053,0.048428517,1.9822587,1.0623975,0.35107523,2.5249865,0.6273235,2.406191,0.031076383,1.3457358,1.3746786,1.9516536,0.029337702,1.5380877,0.5733904,0.65863645,0.81137973,0.68054867,1.1198246,0.29688385,1.0075612,0.9164265,0.6490729,0.61678433,0.83077633,1.3209199,0.7325875,2.4616587,0.056872044,1.0258338,2.2096806,0.7559734,2.4891884,0.41807407,0.9164005,0.06580144,0.5938246,0.17018798,1.3065389,0.48789477,0.42783183,0.12536283,0.68337834,1.5150645,0.2528231,0.55690163,0.3724919,1.0697576,1.9657172,1.412877,0.0,1.694385,0.9550294,0.34066522,0.9880718,0.39566994,0.32885686,0.6368354,0.1553627,1.0742552,0.9984235,2.819818,0.6991331,0.41838953,0.6780769,0.68608546,0.15446812,0.9999296,0.22523881,0.61574256,0.6233155,1.0647345,0.17513968,0.05141839,1.2792981,0.29308707,1.3405491,0.518861,1.1868644,0.47618872,0.11557387,0.8835692,0.68477106,1.4183981,0.25236928,0.25395566,1.941324,1.3690572,0.22914544,1.3357153,0.7811094,0.04541818,1.2730074,1.0205826,1.6807832,0.8877546,1.2493621,1.1673868,0.45183983,1.416415,1.3587251,1.1636496,0.5806703,3.145101,0.4776202,0.3914884,0.7272214,0.3619419,0.24726506,2.3965273,0.75151706,0.18097173,0.07794977,0.43755993,0.09357237,0.47189453,1.7364578,3.6669915,1.3059263,1.3636516,1.5324007,0.24980934,0.9969216,0.10224097,0.47735065,1.9106181,0.36301365,1.2987193,1.8561743,0.5827122,0.1816958,2.2451832,0.9259293,1.0580436,1.0785035,0.23423102,1.8521379,0.0,0.04248952,1.5325272,1.1641119,1.7325115,1.9728941,0.56090873,0.016494384,0.9118829,0.037275553,2.2061386,0.26713845,1.9733043,0.56987506,0.04307299,0.10826495,2.5325806,0.884543,1.1479224,0.59516746,1.0299251,4.162921,0.64448947,0.27762082,1.076928,0.14481933,3.1580722,1.5775528,0.2512024,0.9076627,1.8696414,0.18286304,0.31611916,1.5065432,2.823407,2.1987803,0.40685785,0.22952674,2.2801523,0.2892427,1.2858114,1.00392,0.19084339,2.1519744,0.3882496,0.13189614,0.33743075,0.30755246,0.5198192,0.04280653,0.7132043,1.6834637,0.77862275,0.18433803,0.23075873,0.15549807,0.022305034,3.4021132,2.2290018,0.3657643,0.94645643,2.0005848,0.59444743,3.5170543,0.43266863,0.68186504,0.29072252,0.4156801,0.5771691,0.9736327,0.7168632,1.5997987,0.7827394,0.89163184,3.133295,0.72736394,0.19922128,0.42874914,0.068256676,1.0205876,0.22886585,0.90743023,0.6330679,0.37433702,0.38423824,1.7419572,1.2710038,2.984297,0.025264788,0.587833,all_pothole_images\pothole_images_new_image_418.jpg
0.11697903,0.23836283,0.041023497,2.3736515,0.31171837,0.0,0.96141535,0.0,0.8727904,0.848031,1.7119828,0.2526887,0.3593778,0.32246694,0.020560626,0.6955304,0.2329662,4.8066363,1.7810541,1.2698089,1.138433,0.01061575,0.15465105,0.22705397,0.22487879,1.3962997,0.653329,0.34890682,0.051437233,0.14830431,0.0,0.19744326,1.244308,0.6094295,0.008372205,1.8523407,0.07875655,0.28394425,0.91387784,0.0,0.08075819,0.63963276,0.053553667,2.0178223,0.019308139,0.3153018,0.025283225,0.37192068,1.4355135,1.711966,0.66054124,0.10635412,0.6567016,0.042355955,1.3634914,0.91698796,1.4472417,1.2164251,1.1414102,0.38538125,0.15299714,0.39725,0.01898953,0.23779465,0.5078613,1.8826127,1.212789,0.7558659,0.3687554,0.81925404,0.0,0.13076743,0.7872182,0.75930846,0.088576004,0.0,0.025447546,0.31406695,0.13000453,0.14917764,0.0,0.40759867,1.3639598,1.5656703,0.004372779,0.0,0.33787638,0.016539589,0.5132922,2.2861655,0.3729187,0.068160936,0.33871275,0.02499557,0.33437398,4.735893e-05,0.35379198,1.5092282,0.32979658,0.025077982,0.18649632,1.3415976,1.8624514,0.02708892,1.2171283,0.18152027,0.74617565,0.4101312,0.002539337,0.78292954,0.021987287,0.644441,1.0118521,0.019473193,0.43919468,0.56367445,0.12547095,0.8124467,4.832152,0.45881274,0.11385644,0.0,0.055075448,0.23936337,0.8459499,0.41263315,0.09642093,0.040874973,0.0040195202,0.020962829,0.10755494,0.15286076,0.27013692,0.011302432,0.6674373,1.5233192,0.083009504,0.073399454,0.013385814,0.0102306185,0.09138712,0.03421854,1.720488,0.14025573,0.0,0.31650728,0.46088123,0.06286477,1.1440694,0.15025054,0.6591085,0.78729475,0.0,0.5229305,1.2931567,0.9047367,0.8055155,0.15554671,1.5116714,0.23653816,0.38702524,2.8909113,0.013714073,0.53293973,0.46100062,0.104003556,1.0257417,0.4136273,0.4931782,2.2835631,0.73801494,0.071887836,0.22386636,0.30293924,0.0,0.13940579,0.03500513,0.06946752,1.3799641,0.2756556,0.18212625,0.8462051,1.0506972,0.8818269,1.0146188,1.0135205,1.8912426,0.98092556,0.88417035,1.2039279,0.09757652,0.034487467,0.437301,0.1146794,0.57404476,0.262077,1.5331676,0.017415777,0.4149879,0.12763664,0.102228686,0.6592274,0.0071883444,0.0008841649,0.4526992,0.016204137,0.9981276,0.76907665,0.30873907,0.9787026,0.0,0.040176794,1.6221517,0.14785779,2.360081,0.97329265,0.26794514,0.1239174,0.43773988,0.32104644,0.21192566,0.89145625,1.4166058,0.035249837,0.0,0.30812597,0.45283076,0.25995362,2.438635,0.3591536,0.0,0.07647334,2.2563713,0.017731773,0.142829,0.3178677,0.65558076,0.2079929,0.008790379,0.10645785,0.64636725,0.75595206,0.090260856,0.042367175,0.16595466,0.97449887,0.72058094,0.38721535,1.1101211,5.606249,0.953565,0.004692032,0.0,1.4237267,0.006430217,0.7037257,0.24610527,1.4293875,0.42792946,1.608281,0.022644622,0.010156404,0.0980439,1.1790297,0.87394744,0.08312439,1.6721438,0.48822626,0.17509463,0.09322106,0.84727097,0.00016808722,0.17364445,0.24596049,0.70942444,1.5769485,0.14551131,0.0112476405,0.042212445,0.095805846,1.2963253,0.8198706,0.67817914,0.018750686,0.32617944,0.475379,0.2640929,0.004192802,0.10692152,0.17184886,0.020811012,0.57406384,0.18749739,0.7515676,0.1779341,0.2662684,0.08486115,0.9703983,0.018579533,2.6182387,0.87773925,1.0082163,0.35357812,0.0,4.04695,0.060212713,0.14341109,0.01199453,1.371445,0.45755842,1.7294481,0.5192696,0.7895018,2.0397875,0.49018377,0.18102552,0.9905491,1.2121669,8.067722,0.20752667,0.2533363,0.3700637,0.14800157,0.27391505,0.14140357,0.017287485,0.24905488,0.07977296,0.0,0.0,1.3067201,0.36725578,2.14119,0.8681476,0.008151374,0.0021236741,3.1644056,0.19336993,0.0846744,0.29105905,0.34160817,0.029517008,1.3914826,2.6449895,0.3193412,0.5974359,0.0,0.53149945,0.39519453,0.4100238,1.0737773,0.21191412,0.033295665,0.41296887,0.01784662,0.46509352,0.0,1.1440767,1.0280507,1.7358887,0.16177747,1.3959098,0.71792835,1.2222458,0.010738808,0.39555293,0.6271607,0.028696207,0.05401078,0.7491405,0.8664219,0.08656252,1.7228286,0.40736684,0.0025180639,0.18183231,0.436244,0.20081371,0.05569744,0.25922698,2.5896146,0.0,0.09290666,0.63634855,0.32883835,0.12635684,0.9333823,0.057195712,0.058824573,0.0,0.15149517,0.7827709,0.24250063,0.092439435,0.1812417,0.024572356,0.40983978,0.0047562458,2.3046508,0.0008593992,0.059246637,0.19828975,0.60499555,0.0009682109,0.9904111,0.0,0.29063466,1.0928881,0.112159826,0.116212815,0.37464085,0.73030144,0.01426843,0.17961393,0.0,0.10724829,1.8205625,0.20051959,1.0470146,0.11969294,0.63168126,0.8469365,0.16940957,1.2179656,0.4273613,0.86444104,0.4668782,0.035376247,0.16658357,1.2628777,0.35556808,0.13197456,1.1825403,0.28643867,0.60843,0.41331115,0.9829135,0.37857795,0.010423169,0.44982776,0.096333295,1.1023219,0.025022462,0.15981124,0.08767988,0.02719942,0.118459955,0.24523087,0.07774968,1.3670086,3.9765801,0.046146877,0.4895816,0.015875677,0.58347774,1.4121878,0.0029448483,0.019224947,0.3415913,1.2067584,2.9214578,0.009413335,2.6318095,0.022358457,0.3383576,0.12368528,0.0048586405,0.0,0.25594676,0.31862965,0.6853907,1.9196973,0.0010274327,0.39441034,1.3301585,1.5714707,0.49647334,0.4163404,0.032484412,0.36119545,0.00034875202,0.19506767,0.8489205,0.63679147,0.36574605,0.06955572,0.12979819,0.054158248,1.3991994,0.052359685,0.027331775,0.11428617,0.3404694,1.749846,0.14309333,0.028021488,0.035871614,0.0923915,0.69794244,0.006697858,1.17216,3.0372188,0.35139325,0.95104855,1.150789,2.9416995,1.6027117,0.6835857,0.5871278,0.1796327,0.0057995636,1.5355312,all_pothole_images\pothole_images_new_image_419.jpg
3.2617238,0.37795073,0.065790795,2.3612895,0.3431145,2.3635814,0.26680163,0.09799531,0.32073,2.0957859,0.33659762,0.6071742,1.0181673,0.6547537,0.58468765,0.11352743,0.11378039,0.23720141,0.7025748,1.5775007,1.7511543,5.303776,1.7050362,1.5777774,0.026583297,0.8024991,0.33743653,0.9740166,0.16096823,0.8672292,1.7804186,0.09791034,0.917492,0.82905984,0.46162274,0.5254415,0.7221307,0.43376765,0.1313379,0.4908697,0.0,0.29540086,2.5340996,5.601561,0.81519127,0.32344767,0.29780844,0.42403948,0.29051164,1.0195684,1.1473583,0.098384,1.3938864,0.31785622,0.22806978,1.745863,2.7401528,1.1110975,0.77008224,0.35255662,0.86173844,2.8583374,2.1152565,0.4367129,1.1429296,0.51761335,0.32775232,0.40631276,0.7221304,2.9297764,0.13027145,0.18048741,0.26622483,0.19218089,0.684068,0.43184766,0.26766917,1.6159995,0.116660096,0.008279553,1.4792297,0.057850208,0.48208618,1.2874128,0.41941786,0.51362807,0.8580905,0.20795864,2.404564,0.41359672,0.98179436,0.5847652,1.7931561,0.40420368,0.06319053,1.4528933,1.8670757,1.0878423,1.0163513,0.47869116,0.73061126,1.2231312,0.9317312,0.18408486,0.26441452,1.1302853,0.43612814,0.014697562,0.20767677,1.7480521,1.2458932,2.9490361,1.6756862,0.48221055,0.4343309,0.49284947,2.8233175,0.4876702,1.5862488,0.8519065,3.3414798,2.3197467,1.3219181,1.7096575,1.0787617,0.8104028,0.5115359,1.3206594,1.3424093,1.0424325,0.3454477,0.034495063,0.4242785,0.40526202,0.6550037,0.6651343,1.1745145,1.0486197,0.26928118,1.2086729,1.4906176,0.1360425,1.2971544,1.379605,0.30218643,0.8011655,3.0535364,2.6725824,0.75007737,0.4172213,0.5520667,0.1470906,0.42233723,0.52742404,1.717328,0.5270912,3.5237725,1.2768223,2.0327933,1.3683189,3.7503617,0.3216075,0.08287507,1.3378748,0.19207758,0.5604348,0.5053264,1.3109874,1.677848,0.19453222,0.089187875,0.5888153,0.046752412,0.4868309,0.74158365,1.3115116,0.5265816,0.31656653,0.29166412,0.5412215,2.2089121,2.4329367,0.5973386,0.14086854,0.34757116,0.58509564,0.7245046,0.63329005,1.5985475,0.8118043,0.5758615,0.37206572,0.61046433,3.8113203,0.0057540424,0.8828022,0.21831052,0.6941307,0.4167613,0.9819312,0.33199668,1.6476948,3.684658,0.16474603,1.7056198,0.46524763,1.4593503,0.64610404,0.23056392,0.7334431,0.4297689,0.8124846,2.307515,1.2006826,0.1022833,0.3933729,1.4442898,0.6726616,0.40738603,1.2231578,1.2778621,0.21454556,2.5606406,0.44230315,0.6960482,1.236759,2.4000156,1.1969967,0.45979533,0.18861271,2.2217386,0.3912126,0.15879282,1.588775,0.39093602,0.14303108,1.8106514,1.7264012,0.21298996,0.1852219,0.22229733,0.06461642,1.7439039,0.31315154,0.15462796,0.7522619,0.54072493,0.36377335,1.4891905,1.9021608,2.572293,0.17061298,1.9117782,1.1140108,1.0918245,1.7349906,0.09584113,0.435842,0.7567444,1.174886,0.3630499,0.13618787,0.38786334,0.5845167,0.24587391,0.4367686,0.88020325,1.6155189,0.70812666,0.8338484,1.3740196,0.72798324,0.5396621,0.15809478,0.45044684,0.20099662,1.1963404,1.2154367,1.7264314,1.8130071,2.1593778,0.51414376,0.29694244,0.43630525,1.5276154,0.47508883,0.53148764,0.6354351,1.4057491,0.74748,0.69893414,0.5006199,1.4247956,1.7212088,0.6781815,0.09284868,1.2242107,1.8399259,1.4941366,0.6462254,0.3040756,0.75629205,0.38811836,1.0223409,2.246869,1.5503345,0.08432361,1.1014768,0.035303365,0.5100862,3.0475671,2.1443098,1.7747092,0.2329672,0.07754402,0.4336607,0.009036002,0.6298004,0.6194899,0.57171524,0.5045887,1.1498469,0.11441571,2.449006,0.20300008,0.59537625,2.2293224,0.05887627,1.4994198,1.0298189,0.6862648,0.19217563,0.27270463,0.9346866,0.012692468,0.068046674,0.68307376,1.2710115,0.27648738,0.43461153,0.43101624,1.3473238,0.96743476,0.04171318,1.5759392,0.14943326,0.06990044,0.17518249,0.45492694,0.4216815,1.4795324,0.930622,2.6466935,1.2457494,0.43758532,0.61379623,2.1561785,0.87060046,1.0550249,1.1845242,0.04626355,0.99166363,0.007229244,0.8076819,0.3901561,0.07951338,3.6801403,0.8479418,1.6355441,0.43088996,2.562982,1.420949,0.89695084,0.17228562,2.2883987,0.7603878,1.5202188,0.8791162,0.99814975,1.934602,0.52685213,0.18477124,0.12715343,0.6166408,2.9294646,1.9015869,0.8713448,0.0,0.0130770495,2.7731512,1.2744541,2.1534545,0.21337956,0.9464981,0.45375425,0.02613285,2.5309296,0.2722833,0.5232545,1.9706091,5.8620853,1.2927985,2.0129154,1.0727298,1.0179747,0.5170947,1.974676,1.0140028,0.03623076,0.36700502,1.379752,0.9250069,0.96009046,0.5523961,1.398406,0.7656795,1.6839674,0.30194944,0.42967612,0.72650456,1.0883988,1.7223333,0.5928417,1.3338834,1.71314,2.6199656,1.6441296,0.81235707,1.0130132,1.1057756,0.3488543,1.7168912,1.2729661,0.75136054,1.9848065,4.278274,0.24754302,1.4054483,1.1892122,0.8642321,1.1472778,0.8753195,1.3041219,2.1820986,0.7328939,0.08069287,1.7857398,1.7997757,1.6924759,0.965892,0.13564725,2.875369,0.12220912,0.5070003,0.44526654,0.9313398,0.43856296,0.6481504,1.6804698,1.1133975,0.9767023,1.3585659,1.5245516,0.3141439,1.56836,0.78315735,0.031920854,0.5123388,0.96690404,1.8094748,1.1820977,0.15761219,0.020527447,0.64813304,1.139273,1.422545,0.5548061,0.27751598,0.23048058,0.0783628,0.5911713,5.6995087,2.1900334,0.2931324,0.3200756,0.7206707,1.0205228,0.23415896,0.9103524,0.13762665,1.1983508,1.2949188,0.17829758,0.65022206,1.0199327,0.77509844,0.7234714,0.5426204,0.79437286,0.26103672,0.36232862,4.1977606,1.6273271,1.6266319,1.3192983,0.6843484,0.7910287,0.8374564,0.009934372,1.0658096,0.3340973,0.026652234,all_pothole_images\pothole_images_new_image_42.jpg
0.6887172,0.6944451,0.10174262,1.1318934,0.76357126,1.8374001,1.3155639,0.56080216,0.99768436,1.0160264,1.004791,0.6430604,0.6788671,0.13400443,0.6296554,0.07304464,0.0,0.49615556,0.12489629,0.08419623,0.041623272,1.9206865,0.2576064,1.163926,0.14411853,1.2293174,0.6190316,2.1322896,0.61299574,0.41315866,0.56736773,0.0,1.5568925,0.315396,0.30023617,0.27576202,0.20880991,0.7892584,0.8300373,0.7546268,0.9010235,0.016871098,0.39424732,1.9117012,0.6324795,0.0,1.6382792,0.352605,0.69767797,0.4139377,0.12642218,2.0255146,0.1987404,0.006170068,1.0779333,2.0492904,2.2226083,0.6919432,0.19251053,0.016576476,0.014390191,1.0671353,0.84889203,0.7901111,0.6941572,2.9842796,0.66833955,1.1172513,0.11558102,0.9852187,0.2563414,0.0058688447,0.32924536,0.13854478,0.21997836,0.10474987,0.33206964,2.831237,0.10069323,1.0324383,0.3311894,1.1399492,1.5400423,2.9836469,0.62301606,1.8786212,1.2183212,0.15029712,3.750746,1.0444348,0.8045146,2.0924675,0.8911519,0.2872709,0.17689922,0.68492216,0.7118185,0.15987192,2.2626376,0.0,0.4189457,4.3415947,0.00795346,0.5355628,1.3556521,0.5124954,1.6975831,0.24709679,0.69985557,0.84018964,2.9395008,0.3444434,0.7884632,0.062566355,0.0,2.712486,3.0041113,1.0776687,0.55346733,0.84107655,1.220924,0.076213896,0.7330666,0.27836627,1.3999935,0.35895187,1.0058656,0.8176732,2.4581344,0.7934045,0.15078071,0.81317025,0.15357815,0.43223283,0.97716606,0.6252404,0.015519682,0.8230874,2.283731,2.1890094,2.0540874,1.1172915,0.89950687,0.054917175,1.2896672,0.02767235,1.1982828,1.6773952,0.060225155,0.13407719,0.29730555,0.9017607,1.9820285,2.0611193,0.58933306,0.08862356,0.2192295,0.43573362,0.18076089,0.6983129,0.8946058,0.7893141,0.54566723,0.14787222,1.1571602,0.008819071,1.151321,1.0439311,0.4842662,0.053728968,0.90351725,0.003098939,0.3125133,0.8952244,2.6789083,0.03986943,0.73485935,1.709154,0.033485785,1.3201269,0.2691031,2.2080998,4.4356694,0.60697573,4.198946,0.13559455,1.1154137,0.64416236,0.4542093,0.92040545,0.0,0.20801303,0.013946364,1.4513471,0.10007872,0.032793403,0.30223402,2.0971653,0.6631826,0.4834428,0.032066703,0.6249261,0.24478889,1.3284848,0.97015345,0.7449693,0.45214966,0.5868346,0.5005616,0.8060433,0.17223969,0.30507562,0.800406,0.2447073,0.7989985,0.11603737,0.21080166,1.1571486,0.09815831,0.8608552,0.42016163,0.92910236,0.21556035,0.5658912,0.05298941,0.49217853,5.897868,0.79496956,0.38759536,0.0706108,1.2259513,0.6103644,1.5298773,0.5978096,0.7332134,0.68829113,2.0412548,0.24960002,0.07013018,0.22557865,0.691173,0.17622715,0.011804204,0.043343022,0.45810243,0.23177913,0.7856687,1.0512066,0.41556785,1.5156476,4.860012,0.21773861,1.1333816,1.6507086,1.8363525,0.6581628,0.16237752,0.796328,1.6827321,0.066867955,0.49478754,1.0695577,0.072800666,0.2023835,0.3785036,0.69142723,3.2058485,0.45082912,0.28669629,0.092191584,0.41781393,0.7837621,0.8308607,0.5623153,1.97475,1.3876628,0.16329205,0.58263487,0.70479393,1.3606044,1.8274604,0.36059022,0.5443214,1.7819664,0.76807183,2.1235564,0.9734389,0.560731,2.2336602,1.0783461,0.39343035,0.8750834,1.172782,3.1049645,0.7741229,1.5067312,0.122258365,1.0016644,0.45770454,0.23065649,0.13473828,0.6406389,0.0903639,0.49136114,2.666305,1.1069579,0.5752081,0.7924901,0.09415245,0.68238676,0.009296991,2.0844028,1.0763056,0.8140193,0.5678671,0.7393621,0.84425664,1.390474,2.3902018,0.07443603,0.58284044,0.2605597,0.11939139,0.3182567,0.019138409,0.10521636,1.8817801,0.009562316,0.5227281,0.72232586,3.6261892,0.79182637,0.35820225,0.5055039,0.42002046,0.24169385,1.3690498,0.65959704,0.7222793,1.369121,0.1940957,0.2775492,0.55631065,0.5330131,0.7176982,0.0664667,0.7935552,0.50791854,0.04133134,2.4859793,1.1497605,0.6988572,3.1304183,0.75166905,0.7384936,0.48801702,0.563358,1.5330518,0.065986596,0.51152635,0.07001112,0.0,0.98874426,0.30411226,0.80920416,1.0706415,2.0506744,1.9311062,2.198884,0.17261676,2.3811884,0.09164819,1.2677321,0.1798024,2.598222,0.81897986,0.21423088,0.30656075,1.1710093,1.1946131,0.1858284,0.49728465,1.0764961,0.859467,2.9637425,1.0248387,0.7860317,0.0,0.0042664106,0.37830648,1.367868,0.7670326,0.13388367,0.15393901,1.1438832,0.13323209,0.25685248,0.25084952,0.112945184,2.3173323,0.6602544,0.1618698,2.156056,0.1426784,0.39213905,0.6502756,0.98107284,0.12868007,0.12572575,1.438312,0.2535107,0.14160289,0.49242833,0.761022,1.1436611,1.3255042,1.6347762,1.9866598,2.1255147,0.0593603,0.24056652,0.72787786,1.040095,1.5623276,1.2787036,2.7545664,1.6066947,1.2924384,1.0157175,0.030171394,0.70667547,0.22798692,0.75794786,0.009026023,0.32334453,1.4240593,0.31449538,0.4665366,0.95565903,0.024502885,0.24821804,0.59562147,0.4769709,0.07406634,1.4361478,0.33749574,2.0784078,0.20701793,0.11068104,1.6335611,0.4904346,0.28323865,0.0752414,2.0737753,2.0831635,2.3985155,0.54882306,1.7004066,0.035308644,1.2789154,0.04893547,0.83100235,0.90422696,0.009253653,0.53535396,0.24811542,0.37131506,0.61012906,0.77953553,1.4611844,0.5563838,0.35298342,1.0312364,0.86001897,2.8168452,1.3301412,0.67884237,1.4962388,1.379877,0.46915218,0.7791949,2.9865782,0.6465183,0.20658123,0.5670737,1.5675067,4.0667686,1.2267367,1.6977981,0.70526683,0.23141727,0.6263124,0.24914517,1.1638702,1.2483971,0.6857868,0.1530523,0.624323,0.30522776,0.21651179,0.25689232,4.4892297,1.3316046,0.82925165,1.3354915,2.17775,2.1443012,0.29334033,2.0480838,1.0201825,0.43749493,1.4493384,all_pothole_images\pothole_images_new_image_420.jpg
0.47999957,0.66747653,0.013530388,2.6930554,2.1867857,0.0758703,0.59835875,0.12309434,0.56828535,0.89623666,1.8336751,0.93785197,0.16781032,2.7207255,0.044842385,1.1941968,0.13179068,0.98145026,1.2215927,0.018809756,1.4347132,0.68324596,0.5354461,1.7254716,1.0798044,0.44257435,0.099532194,0.97845006,0.46365628,0.024593968,0.15196627,0.05450456,0.7927348,1.3493145,0.41646785,3.587324,0.37295282,1.0709139,0.43209043,0.1907699,0.021880008,0.45678228,0.10200285,0.8545271,0.29410025,0.55085725,0.7825694,0.028327275,1.4712085,1.1226518,0.70812774,0.31310368,0.15729949,0.77214766,0.38970298,2.303229,2.022498,0.4221407,0.84672874,0.19334047,0.28456584,1.2147117,1.6001886,0.22040676,2.1704543,0.8580663,0.24979754,0.6678015,0.9093016,1.0799174,0.16308412,0.077689365,0.053391542,0.110893376,0.20574449,0.075783074,0.82035255,1.1073275,0.19204922,0.30124334,0.028234303,0.027274555,0.31263107,0.8967298,0.44529337,0.11996576,0.0060332706,0.10352775,2.267891,1.3726188,0.3946245,1.2848353,0.6183725,1.381432,0.05880657,0.17495626,0.79020363,0.639944,0.31282932,1.0853469,1.190506,3.51408,0.0052490914,0.28548923,2.7358787,0.54710543,0.17679857,0.39199603,0.8771218,0.38540983,0.5471985,0.37868398,0.08897503,0.7048515,0.78502256,0.30408922,1.2063982,0.47642672,3.6200624,1.2137849,1.5994734,0.4435256,0.65391827,1.0905676,0.83952546,0.47041136,0.008576094,1.8935705,0.4075264,0.8894834,1.1482363,0.2689336,0.7205778,0.10999474,0.39161682,0.73267084,1.9437221,0.9561613,0.19723494,0.0027683058,0.76482326,1.442897,0.23552439,0.47399426,0.35019442,0.85185444,2.1503074,0.18066017,1.1076158,0.8986611,0.06443394,0.97522897,0.28967237,0.52907586,2.016306,1.0226145,2.6962616,0.5269376,1.1060038,1.2560899,2.2000055,0.7883257,0.47355086,2.7457457,1.2769141,0.5020919,0.7207535,0.25645941,1.7181149,1.5253043,1.455977,0.9459194,0.190985,2.896871,0.32328942,0.3885193,0.3064131,0.096174575,0.1826169,0.24254629,0.22468752,1.6690892,1.4605713,1.3874524,2.4790351,1.035999,1.015137,1.3038679,0.3219519,0.6359106,0.022927022,2.3075485,0.5002635,1.7046276,0.89234984,0.69032806,1.9574295,1.3181021,0.907367,0.17252992,0.5897456,1.0154399,0.23735443,0.3536721,2.057563,0.41488817,1.3820741,0.07733428,1.871373,0.73356783,0.51117325,0.08272203,1.3579504,0.4600452,2.7051222,0.49876282,0.7955875,0.20518872,1.583975,0.33472618,0.025886476,0.47135472,1.191113,0.050169867,0.11964697,0.4874568,0.29860052,0.35342804,3.308793,0.11546702,0.22326504,0.17993644,0.87251526,0.51504225,0.075476825,0.2505667,1.9624736,0.13690622,0.53686494,1.5070738,0.113350235,0.016320629,0.5757242,0.4777199,0.68347585,0.37458208,0.4909483,0.7834953,1.9666082,4.7917933,0.80346024,0.20383333,0.30716634,0.21916583,0.9379649,0.39335176,1.3355598,1.3077122,0.27490377,2.84355,1.4557165,0.07697318,0.9267889,1.156017,0.77924484,0.596367,0.686747,0.39654616,1.0366224,0.4650207,0.27225327,0.114663966,1.3952764,0.69564843,0.37951496,0.07725186,0.6327863,0.25247136,1.431491,0.6417811,0.852632,0.5292227,1.080574,0.08014437,0.42106098,1.672313,0.66484475,0.8301164,1.2969927,1.1381633,0.009922789,0.0647542,0.3774786,2.8567996,2.5066307,0.14134082,0.92203444,1.584367,0.09132828,1.5174822,1.6866426,0.7379723,0.4842803,0.052307688,3.3900888,0.3653744,0.28613105,0.10233704,0.78342515,0.44523028,1.1612738,0.852268,2.7075794,2.6232495,1.0133344,0.22153422,0.46395016,0.720783,3.2300634,0.57430947,2.514791,0.45576158,0.4673485,0.50632656,0.17083296,0.7894961,0.14835545,0.28636473,0.5374716,1.2315035,0.9007702,0.5774192,1.005512,0.2299078,0.40304258,0.050938185,0.36877447,0.64499027,2.0387166,0.4397632,0.40219373,0.6189515,1.65893,1.123342,0.51774454,0.16104837,0.42010382,0.36824924,1.2251554,0.85026205,0.7489093,1.0068812,0.19122021,0.6404447,0.71502495,0.41422716,0.33920407,1.0726206,2.6456788,0.74524564,1.3723757,0.96688515,1.045033,0.90244037,0.030539604,0.21415529,0.9958194,0.2690214,0.98397994,1.2966204,0.80521625,0.93401366,1.1122419,0.38610157,1.154732,2.299226,0.5652062,0.005649769,0.12391683,0.67156255,1.1542455,0.023104604,0.024876675,0.69394636,1.267621,0.6028001,2.7776139,0.4916661,0.45077977,0.7573008,0.6474301,0.5980996,0.40203303,0.53865576,0.11920177,1.0285925,1.1412461,0.7592962,1.6807232,0.3207576,0.99868596,1.1799668,0.42997557,0.020390647,1.3470085,0.018622195,0.3626694,0.3648445,0.24274105,0.41047353,0.46216252,0.093303084,0.05799911,0.30280972,0.2354467,0.7031397,0.8472621,2.5542192,0.36889637,0.15114704,1.491766,1.3517151,1.0760232,3.1214223,3.0638146,1.0310997,2.7012348,0.46815905,0.8137208,2.4906213,0.19275287,0.23980574,0.77311736,0.20806795,0.46299756,1.8244517,1.2075057,0.47742248,1.3251568,0.7684426,1.3553319,2.8349457,0.7091241,0.07249412,0.085026324,0.22637825,0.77234143,0.087954484,0.6875337,1.8444151,1.2568891,0.20367841,0.59084916,1.1869261,0.7284037,1.0230626,1.1994829,0.93753827,0.89004904,1.6406589,1.8528514,0.60680646,0.34644827,0.33272782,0.40653712,0.09596279,0.29284996,0.14377907,0.54347605,0.9297988,0.44009835,2.3432364,0.10702777,1.1172644,0.92037606,0.18361983,3.0765007,1.0590605,0.89874154,0.020472249,0.3274881,2.1508615,1.1907616,1.2031105,0.15502891,0.5188113,0.38504618,0.051521372,2.5805602,0.75690675,0.3708426,0.21844065,0.04622709,0.012476298,0.3616309,0.0011626786,0.03171691,0.030933589,0.03590532,0.67441636,1.5435022,3.9492474,0.61470973,0.468441,0.7609217,1.1198288,0.03848677,1.1704966,1.0989715,0.2544163,0.5373803,0.58724046,all_pothole_images\pothole_images_new_image_421.jpg
0.6709468,1.2441133,0.4677686,0.69466484,0.47070634,0.34612173,0.17765999,0.039695095,0.109344676,0.27510607,1.3773983,0.5936939,0.06599493,1.4049872,0.11748003,0.3011151,0.7813943,0.0048884805,0.44964895,0.10128724,0.38678008,0.9226804,1.7639172,1.7111984,0.16608651,1.364614,0.036027752,0.13633768,0.01949935,0.35226452,0.8592126,0.009607072,0.620105,1.4978734,0.39715365,0.6895303,0.25457844,0.6838829,3.4070876,0.2905283,0.32880387,0.2119646,0.08036287,0.24086776,0.7876679,0.2711902,0.27302596,0.53422225,1.4139217,0.0506895,0.19137943,1.0629413,0.3052513,0.044884786,0.36293334,0.660212,1.5240883,0.17744626,0.0669821,0.017109197,0.0,0.018218061,0.74464786,0.12376826,0.17190449,0.09355084,0.2489902,0.31143865,0.012779562,0.656271,1.8323685,0.2683463,0.21738577,0.6674436,0.14319614,0.86737245,0.76169086,1.6837246,0.22712709,0.88198966,0.12146766,0.265161,0.18117812,2.184959,0.27340195,0.64925915,0.4122179,0.09309439,1.9205958,1.136333,0.22798494,0.34910217,1.084076,0.33382764,3.8803715e-05,0.104791746,0.2892784,0.82088196,0.4237046,0.7867443,0.10203568,2.963671,0.13099691,0.8307503,1.7939063,0.8191037,0.59053236,0.24023427,0.8631761,2.3033035,0.46327373,0.39603505,0.5508357,0.9195284,0.24391328,1.0541923,0.29923025,0.99960566,1.1842847,0.24615484,1.5774772,0.033426628,0.11991627,0.41310862,0.95283794,0.43749198,1.6191418,0.20546935,0.25504062,1.2138904,0.82651836,0.73753417,0.12647212,0.66454124,1.0114188,0.47127602,0.10372549,0.2985042,0.020746987,0.44029146,0.96704465,0.10648741,0.5092352,2.3851607,0.21773832,0.31330633,0.2867047,0.83101255,0.37604025,0.0,0.08320104,1.3092738,0.26882365,0.9625979,0.74248254,0.5718193,0.8591017,1.2367128,0.056910664,1.3561002,2.038536,1.1265512,0.014555172,2.8139088,3.6667423,0.007841515,0.14267997,0.45744538,1.9326528,0.55418634,1.2089906,0.1729229,0.61806,0.018743807,3.1404412,0.5092271,0.7624006,0.053247515,0.07133333,0.45637655,0.023624843,0.7665283,1.4138491,1.8931769,3.7271276,0.22418596,0.16448613,0.45263827,0.24405749,0.3641618,0.18879116,0.25790817,0.9003915,2.54972,0.5405136,0.004179146,0.5701503,0.8168473,0.2773924,0.1719958,0.06870157,0.6452158,0.0,0.13766812,1.1514732,1.2179676,1.997215,0.16582046,1.642768,1.4024292,0.039611824,0.2570032,0.2118261,0.106758155,1.1589129,0.29938254,0.12546086,0.2472695,0.820263,0.20023765,0.1834584,0.4520377,0.55902934,0.5600954,0.432355,0.23861651,2.7349224,0.22051698,1.258576,0.10928303,0.055666894,0.3666728,0.08665114,0.6498557,0.36572188,0.008845145,1.4123516,0.056909,0.46294948,0.46337628,0.011784557,0.014622569,0.19663732,0.20693043,0.49054608,0.012258525,0.42515808,0.99370396,0.6210839,2.7117994,0.44978207,0.25119346,0.3121515,0.40128598,0.37314028,0.008477509,0.54158866,0.4604334,0.29850626,0.34821966,0.8979043,0.5732335,1.6958263,0.147321,0.23167963,0.44147342,0.19857638,1.0291511,1.5528657,0.115680955,0.18497753,0.030903466,0.7209977,1.4257083,0.4013839,0.5961094,0.34926012,0.32493088,0.7453435,0.20992313,0.4781435,0.13486594,0.61892736,0.60201395,0.52744377,0.065740645,0.1576913,0.08934123,0.30576473,0.023512883,0.77177554,0.85806257,0.12928899,3.7733228,0.6476469,2.1172292,1.3868072,0.07991695,0.28129318,0.9407517,0.9183602,0.23720577,0.7086747,0.6856365,3.816041,0.21104228,0.9254426,0.05104962,0.082097,0.25260922,0.061881434,1.38028,4.223895,2.9970686,0.2235149,0.12679952,0.01654975,1.1416923,1.5464942,0.47816893,0.98601997,0.9148051,1.4398196,0.575249,0.14177878,0.35665968,0.862186,0.15434176,0.36716998,0.013410763,4.6732416,0.38548633,0.06342287,0.0039393827,0.18527223,0.2400897,0.24003914,0.9054686,0.9176297,0.43513858,0.62472594,0.5777586,1.4184698,0.6400347,0.28356746,0.009364949,0.26410133,0.1438468,0.4943525,1.206239,0.030549603,0.37873068,0.032229226,1.1483706,1.0807233,0.60544455,0.04957458,0.55527717,1.0495925,0.07791157,0.15070473,0.30638742,1.5750368,0.89958066,0.23875982,0.71616846,0.3740341,0.93142426,0.42144394,0.6881482,0.69990164,0.31163925,0.15864056,0.71503216,0.56194866,0.2983531,0.90966564,0.2520314,1.4944037,0.6580518,0.25421843,0.06753766,0.32668725,1.3097744,1.8852057,0.123610325,1.2588227,3.9503195,0.0,1.0438793,0.850131,0.38027474,0.030382756,0.19826235,0.32360056,1.1712153,0.4875444,0.71846855,1.5672055,0.65899414,0.39078063,1.5165904,1.329422,0.75404,0.30912492,0.1918266,0.69639945,0.21498722,0.253174,0.16454989,0.0,0.40740678,0.5345372,0.7223597,0.5076008,0.6542684,0.3018839,0.7756844,0.878297,0.0,0.9460203,0.19662192,1.3396637,1.0899594,2.1773965,1.5196619,1.2637182,0.31372115,1.2293534,1.1343249,1.9390903,1.1148144,0.013639562,0.27585688,0.039587107,2.7633219,0.79235786,0.7841338,0.31501064,0.20394878,0.33714917,0.77183187,0.064179964,0.0,0.06742789,0.20089032,0.55744845,0.2210545,0.0,2.4013672,1.8035702,0.021632299,0.9997465,1.4180684,0.123916164,1.395665,0.8628946,0.031780608,0.54031205,0.41493517,0.470694,0.10550417,0.25491545,0.628684,0.24023615,0.08325025,0.18835452,0.050653838,0.7885753,0.51424056,1.7843814,0.06021127,0.46317914,0.78235555,1.5671508,0.0,0.7237804,0.84396094,0.703717,0.50194734,0.5942199,1.1206169,1.7984347,1.1678164,0.22183692,0.56948936,1.8535249,0.15493296,0.18922624,0.03716908,0.4336524,1.3699007,0.25485843,0.015947325,0.15952954,0.28508943,0.6003149,0.8811672,0.4147976,0.46922678,0.2626676,4.0015717,0.47639346,1.6031889,0.33838984,2.4867756,0.37584293,1.2566935,0.46842858,1.2857348,0.44072083,1.8646556,all_pothole_images\pothole_images_new_image_422.jpg
0.68258446,0.5435333,0.24388148,1.0357585,0.05629181,0.48091358,0.6119799,0.14185748,0.24177063,1.6218648,0.35739863,0.5595367,2.1135824,2.1080015,0.14046134,0.59255266,0.72553664,3.0803304,1.3166877,0.44602826,1.8382694,1.2453948,0.059109643,0.12915878,0.7709275,1.4357021,1.9031937,2.5660648,0.65800023,0.10751792,0.07254964,1.4660203,1.4498875,0.14277864,0.69875365,2.6219451,0.33153588,0.68985915,0.062186375,0.059458498,0.011458608,0.72320837,0.5916045,3.6776462,0.31852278,0.07196255,0.19059277,0.48075858,1.8438529,0.28844723,0.0641985,1.8573416,0.8464645,0.14809875,0.2384303,1.6815935,3.0844178,0.12367481,3.3989599,1.3419169,0.090807125,0.4984023,0.0,0.3453377,1.7408372,1.3711476,0.26053372,0.75297,0.37656727,0.33494204,0.43834406,0.8126584,0.5575208,0.80818635,1.1478807,0.08573606,0.44034296,0.46989164,0.6421089,0.11941377,0.7665676,0.19095491,0.24381393,1.3945286,0.19484784,0.0,0.979483,0.25461164,0.60889775,0.3572023,0.6619883,2.0311577,0.83522606,0.07488276,0.30430076,0.12185518,0.8683491,1.9665692,2.024481,1.3367001,0.41974846,2.6530862,0.62553555,0.39380708,1.4462768,0.6162122,0.19875532,0.7261964,0.0266229,0.21837005,0.12645279,0.2064942,1.0351985,0.5727665,0.10378597,0.03371818,0.079842694,0.02768571,2.0654118,0.9124675,1.2349682,0.6454745,0.0727577,1.3427873,0.70483935,0.39662874,2.9812086,0.027541615,0.27126768,0.28060398,0.024511568,0.23783956,0.2205814,0.5366853,0.8172071,0.6520709,0.9957871,0.5039409,3.3730664,0.784237,1.265038,0.3628324,0.71623594,0.330269,1.2290875,0.20126215,1.0420748,0.074950896,0.07374188,0.28951985,1.0013397,0.24902624,0.0083797,0.61015177,1.0963783,1.3167553,2.2628179,0.0112012355,1.3738172,1.3242228,0.95298445,0.63500726,0.8875149,2.7832785,0.74210125,1.7465094,0.9560698,0.019822681,2.5980055,0.33828524,0.39456242,1.5022604,0.7490566,1.6918275,0.0,0.29399535,0.76793057,0.12816098,0.44938362,0.37694675,0.06703167,1.7005926,1.2204239,0.9138942,0.3704048,1.495892,0.44795117,1.014614,0.010951759,1.2769192,0.05084982,0.36220667,0.43447125,0.81785005,0.23296538,0.14782657,1.3440658,0.1101517,0.12246475,0.28250277,0.43593538,1.5923748,0.15840036,0.004045795,0.090154335,1.2558665,0.19644563,1.9607537,0.038808744,0.7241662,0.0035003622,0.15520477,1.139709,0.47959805,1.6457636,3.7488456,0.21671483,1.4001133,0.2248281,0.14578676,1.9397285,0.039202757,0.8011826,1.2416359,0.112142034,0.08202406,0.7331291,0.72450995,0.81316847,3.2555592,0.25549212,0.1971241,0.6185315,1.1100875,0.071052074,0.47107205,0.5901917,0.29103938,0.031121481,0.22606176,0.12984414,0.48717904,0.20726964,0.42111465,0.19779027,0.870511,2.3679352,0.96474177,1.6061585,3.7680893,2.901181,0.24420232,0.005529587,2.338711,0.3231291,2.1483479,0.6886612,1.4403378,0.07062568,2.596102,0.2740186,0.10047161,0.19898486,0.5051765,0.8032748,0.016829832,0.7505267,1.635703,1.994821,0.041867778,0.6191974,0.01052129,0.8037443,0.26730898,1.1066906,0.3198609,0.16868497,0.49380398,0.07101056,0.2966415,1.6523892,0.20325677,0.009012408,0.28076112,0.6653307,1.3701112,2.1553223,0.032656718,3.6261053,0.57652533,0.35102084,0.25544718,0.13931894,1.2042472,0.2647773,1.0906346,0.0069318325,0.22195609,0.5811733,2.60718,0.62781763,1.2651464,0.18532737,0.7147026,4.302421,0.808105,0.094968036,0.0029677406,0.42134997,1.0380589,1.1814582,0.043917038,0.3399981,0.28324834,1.1102476,2.97546,1.0734698,1.4077268,3.7801514,1.4169261,0.022067804,0.34492975,0.8228439,1.4219356,1.5998104,0.6741788,0.25907108,0.75466055,0.81694096,0.28912878,0.3982849,0.7205149,0.92629355,0.1942812,0.17204428,0.057513453,2.9259841,1.6557866,0.27300125,0.87954766,0.42180294,0.10142073,1.9641256,1.381853,1.0455548,0.030890858,0.011708142,1.0272971,0.5182446,0.19265933,2.5590832,0.49244758,1.8024039,1.1014137,0.49328396,0.3032216,0.07815693,0.28972936,1.0748564,0.27945167,0.5921004,0.1278927,1.0889693,0.83671135,0.08664203,0.090937644,0.8180718,0.027909966,0.07885107,0.6283016,0.77645135,0.23653406,0.468629,0.19182551,0.031680346,0.6544131,0.35960776,0.009904802,0.5695019,0.30793703,1.3309418,0.26639125,0.07692302,0.39738923,1.5744087,0.44365343,1.2727295,0.088238984,0.28436005,0.82074404,2.8725984,0.22418539,1.1101869,0.29763675,0.5738219,0.09273139,0.9216014,0.0,0.4532529,0.81152153,0.3566144,2.3953788,0.6393272,0.6108754,0.17951545,0.3179617,0.609444,2.4757795,1.5062909,0.9897802,0.22722356,1.9004061,0.3993046,2.1068537,1.394315,0.32399464,1.0387127,0.45257372,1.2228668,0.4500797,3.3133292,0.1332569,0.6169207,1.3708353,3.1851625,0.04466812,1.0046753,0.16417675,0.8687332,0.16150256,0.8372058,0.25357687,0.100825734,0.8456736,1.7026083,1.2997345,0.6096825,1.1920791,0.44306698,0.50444293,0.56796104,3.3006535,0.84770894,0.51326525,0.38836575,0.06988564,0.20875251,1.6437607,0.48974732,0.99265015,1.9386201,0.72042376,0.36301157,0.21874952,1.2143518,0.5074176,0.11335774,1.0461813,1.5115277,0.40176624,3.4738867,0.07699377,0.7053031,0.17082566,0.06380113,0.34802985,0.11197778,0.59027416,0.32519427,0.5954625,0.509918,0.1770647,0.22409324,0.0007269991,0.87932956,0.103105575,1.577552,0.5036122,2.1576996,0.12863657,0.11772282,0.32329157,0.27451637,0.8098747,0.14775084,0.18823309,1.2990677,0.082267925,0.579221,0.012578554,0.32567614,0.021128304,0.109390356,1.6601009,0.0017816917,0.40082145,0.985504,1.3503771,0.8376127,2.264075,0.36758727,3.0240417,0.104120575,0.6167681,1.1806709,1.79841,0.3494808,0.10267816,0.1793838,0.096634045,0.5676826,2.0243688,all_pothole_images\pothole_images_new_image_423.jpg
2.0072422,1.9757372,0.6469544,0.9373857,0.14955585,0.17374499,1.8304552,0.31456628,1.486256,0.067992784,1.2618891,1.614373,1.5972601,0.19841696,0.2263449,0.07793325,0.090869725,1.5178279,0.2786368,1.026621,0.47385344,1.1837618,0.38817844,1.2190706,1.3903815,0.20645525,1.5296488,0.24403334,0.5123001,0.9871953,0.2644141,0.8149921,1.373039,0.23316036,0.02442988,0.47336087,0.60117614,1.3040637,0.5578277,0.21867122,2.0270212,0.11708954,0.34051588,2.1040828,1.1222459,0.21657562,1.1522125,0.0,0.27445757,0.2426503,0.11040637,0.38290864,1.1962583,0.8647243,0.9446641,1.0668944,1.387704,0.53965205,0.28159675,1.2751343,0.25381532,0.67014325,1.017042,2.3019755,1.8148565,3.9027202,0.54472035,0.4852795,0.10821127,0.26582462,0.5660512,1.3026716,0.034240738,0.065798245,0.9306364,1.0588875,0.40101987,0.2029452,0.20633112,0.5181393,0.70394087,2.0190473,0.43184808,1.2235216,2.0120292,3.0053134,0.4233611,0.2866532,0.6759589,0.07062562,0.0855903,0.118867755,0.39868736,1.2729641,0.6958394,0.73980135,1.0220351,0.1852628,0.87011933,0.07129636,1.2972169,1.0711064,0.7038571,0.11349495,0.17723194,0.21419153,0.5850083,1.3176764,0.029552449,0.74161416,0.0,3.267134,0.59937876,0.026317608,0.008391942,0.75960743,3.2499933,1.3410438,1.8534088,0.5866565,0.64491063,0.5112332,2.257887,1.211355,0.8006842,0.533245,0.046828434,0.7174027,3.3385975,0.012679139,1.2761613,0.7007909,1.2403815,0.15767516,0.060304742,1.9882983,0.7847019,0.27109215,2.5659204,0.54455817,1.7923543,1.1147645,0.5795929,1.3218849,0.82064337,1.1695169,0.6169797,0.7143004,0.83968824,0.5484085,0.20935743,1.506073,0.49696,0.19049895,1.668206,0.53932875,0.05749944,0.4100811,1.223855,0.32487798,1.7651751,0.6483744,0.22775441,1.9113262,0.9860531,0.114505924,1.2328572,1.5909078,0.60637575,0.6118326,0.18823802,0.119713336,0.01666516,0.81483006,0.40987897,0.02956695,1.528755,0.030887822,0.36593616,0.7068166,0.41488868,3.9663627,3.45822,2.2236938,2.400867,1.154058,1.515054,1.7964334,0.22176473,0.5140278,2.1455398,0.6735645,0.004820178,3.8009586,0.30468318,1.2498014,0.19491349,4.023135,0.84118664,0.54872864,1.4382362,1.1191031,2.297317,0.5700849,2.9499805,0.34881964,2.3630877,0.08659138,1.4947301,1.2894944,0.47021398,1.0890131,0.28161657,0.69942176,0.6469472,0.83600986,1.0558398,0.5220953,2.1595027,0.38915697,0.021919778,1.369234,2.6426477,1.1962535,0.52868193,0.30555153,2.229639,0.18226646,0.7084295,0.7363121,0.8423361,1.1968207,1.2162782,0.007460949,2.2624419,0.2471715,0.040146165,0.062815,0.60269105,0.24251735,1.0126827,0.650118,0.3329421,0.24216823,0.21732852,0.007806827,0.838995,0.7312826,1.6268497,1.8802257,2.7276661,0.005059994,1.4909589,0.11484649,0.16541049,0.02032838,1.1182809,0.1423354,0.08726367,1.4072063,0.33184806,1.9078571,0.96588516,0.86978334,0.71685576,1.7238613,0.05256413,1.0540822,2.2018192,1.1093024,0.32787257,0.39352474,0.27421123,0.065928765,0.7381073,1.6759148,1.0961813,0.7594214,0.90702885,1.0698222,0.344447,1.9766983,0.002298605,0.47314975,1.506502,1.7237321,0.17461611,2.2070642,2.3727674,0.7028648,0.63256323,0.76668316,0.48517662,0.5510918,0.70586586,0.21003824,0.49545318,1.7107961,1.9333494,0.38108307,0.18562528,0.70829445,0.65444946,0.32914025,3.92978,0.67975897,0.4483392,0.7834383,0.11129184,0.33198828,0.5962648,0.88332826,3.6344008,1.5241451,0.07896624,0.67556876,0.078489915,0.7582961,0.962925,1.2209886,0.020717593,0.27032527,0.40665948,0.89323735,1.9803307,0.3898054,1.6857499,1.3211446,0.28099248,1.0270642,5.1696525,0.083867356,0.3367792,0.3555939,0.8378132,0.2272093,2.0422812,0.40024355,0.037726536,0.1007516,0.9004256,1.8311667,1.6783915,0.2501572,0.5354206,0.04086868,0.4925918,2.1217914,0.13944227,1.3675326,0.17291473,0.06447545,1.9092697,0.15309791,1.5474092,2.0771787,0.7535554,1.5746849,0.13227788,0.7466616,0.34229723,0.16904451,0.21642071,1.6755087,0.0,0.06572629,0.78178465,2.21451,1.0715407,1.7187852,3.8335135,0.7277436,0.69035375,1.0148501,1.5782458,0.24273808,0.629154,1.227825,1.1048838,3.2456944,0.09770199,0.33204308,0.6273929,2.8193882,2.728054,2.2454326,1.9930921,0.16485694,0.11378505,1.3457707,0.6016272,1.4615378,0.009096716,1.5513335,0.14096211,0.099768415,1.2793841,0.42288977,0.23205982,0.47273195,5.7487164,0.42190835,0.181611,3.1116488,0.5203121,0.42331868,2.2470636,1.1457379,0.44481853,0.08177625,0.56045306,0.21894309,0.35900941,1.9900887,0.0,0.5301029,1.605738,0.98589975,0.40348473,0.94887245,1.3475474,2.406408,0.8008636,1.2884867,0.55023986,2.008524,0.41695055,2.24912,1.3659477,0.15113442,0.1018333,1.3225023,0.24091661,1.3138871,0.3258759,2.62835,1.671012,2.159246,1.177273,1.2785249,0.39918697,0.5581502,0.21929312,0.069786645,1.0935508,0.5844049,0.11346356,0.112992175,0.16306177,0.053630404,0.23996367,1.333964,1.3526558,3.0632715,1.6340406,0.24887794,0.26243502,1.5783143,0.032872442,0.560183,0.4336275,3.3008637,1.6149478,0.69195914,0.8391286,0.12200087,0.026527988,0.17502066,1.7532156,1.3317055,0.57381344,1.3181733,1.0122713,0.6728249,0.35947075,0.4037962,1.3870271,1.2464316,0.9499261,0.0040709917,0.05230298,2.6336665,2.3791578,1.3455546,0.0031549216,1.5667424,0.72177833,1.6430595,1.7513019,0.08266069,0.2704849,1.4402753,0.16310374,0.26790205,0.8517495,0.35281706,0.41465318,0.54965574,0.023209814,0.00063657213,1.7730321,2.4303086,1.0726084,1.160961,0.110041946,1.2492901,0.48436737,0.14306787,0.73033094,0.81621253,0.14208537,0.26084945,all_pothole_images\pothole_images_new_image_424.jpg
2.60115,0.14830501,1.5628562,1.7007406,0.26627567,1.7297908,0.2676615,0.58515066,0.4774345,0.7329342,0.15874296,0.8067638,0.2233366,1.5961347,2.4923105,0.30791536,0.09452191,0.09778827,0.024247544,1.7388514,0.8771542,2.3924866,0.022645531,0.81078184,2.957157,0.39242554,0.7573873,1.5902511,0.5111471,1.0339652,0.9013901,0.2757564,2.7244081,2.24806,0.15719497,1.6612701,0.48790482,3.199857,0.07331346,1.2672588,0.24659966,0.5043802,0.7444808,2.3017514,0.16193736,1.6954817,0.37617296,0.26837647,0.83668417,1.7448019,0.7792776,1.583419,2.045792,1.3854336,0.25231957,0.8025687,2.476707,0.03820411,0.007976906,0.11985222,0.40646788,3.4920619,0.14355649,0.7687055,0.6310498,3.122353,0.022812577,2.4757621,0.49714717,1.5696046,1.1161939,0.22751904,2.0678904,2.7403893,1.5778964,1.4194809,0.2809962,0.6662005,0.021862675,0.36799404,0.4110799,0.26275703,0.5661847,0.28882325,1.3673784,0.1721252,0.7730157,1.6856676,2.037916,1.4834454,1.5434185,0.082218006,0.31485,0.1512001,0.9256204,0.7674204,0.26748037,1.294991,3.4008894,0.28083983,0.11260218,2.002416,1.550231,0.083121486,0.26174694,0.28278902,0.6499054,2.2033422,0.17425142,0.52946824,0.40499339,3.2603633,2.3686323,0.15447286,0.74023545,0.33215195,2.2782867,0.09325811,2.696258,1.7680545,4.2663302,0.16882005,0.7085729,1.3672096,0.6912344,0.27364895,3.0404563,2.119917,0.55613166,0.53059673,0.7818396,0.038874753,0.2502901,0.18305899,0.14023304,1.2434819,0.096737355,2.4624662,0.26374465,0.652545,1.5128702,0.3056642,0.63588846,0.05315489,1.725551,2.7678428,0.053816598,0.14971837,1.337557,0.30955973,2.0015826,1.2191372,0.7204072,0.08185841,0.9720424,1.0319539,1.6588167,0.12456879,2.811172,0.045702845,0.20535655,0.011132499,0.0050614425,2.0311253,0.027516186,1.1878313,0.32981935,0.96492344,1.6621084,0.4628501,0.23849905,0.9598217,0.4143822,0.43288523,1.1096399,0.56337047,0.7624222,0.46970206,0.35428217,1.0162162,0.12037412,2.2512655,2.5279026,1.2468667,1.4002717,0.9392965,0.5441189,0.92142934,1.9666163,0.3861603,0.7988653,0.5936199,0.0697664,3.406293,0.2893286,0.3134108,0.6598936,0.19766115,0.94700074,0.91526544,1.9804273,0.46289417,2.1899486,2.0960307,0.6207815,0.36015755,1.6132061,1.1143895,0.5852839,0.6951926,0.49242058,0.44630337,0.24780573,1.9436574,2.4214172,2.184199,0.7477122,0.17777938,1.2575091,0.17532979,1.1726506,0.9603145,0.53506464,0.2507505,0.36772987,1.1999404,2.220161,1.7951314,0.86838686,0.8836849,1.1922765,0.06323826,1.2499158,1.1814836,0.3910527,0.082722135,2.1462626,0.00030483725,0.2758373,0.69491816,1.3838012,0.5199474,0.3448213,0.39958712,0.4219902,0.8925274,0.21359654,0.38857704,0.8194469,2.3042786,2.379249,0.41400152,1.0513653,1.8751049,1.3112665,0.89706296,1.7572302,0.035648078,0.59163463,2.6663325,0.057804003,1.4372569,1.6717118,0.2430379,0.986818,0.9459069,0.10005475,1.5932394,0.18335876,1.5226932,0.5336631,1.0263909,0.18026742,1.1085268,0.3710137,0.49029595,2.2444162,0.39013368,0.051062156,0.683195,0.08974162,0.0,0.095702134,1.1286951,1.8105311,0.11472987,1.4194214,0.77931327,0.09144879,0.4983733,0.9711299,0.72620445,3.592935,0.047209237,0.0097602345,0.5359916,1.3776021,2.0428963,0.31409127,1.0398327,0.7335748,0.9846923,1.6513127,1.288351,2.2948034,1.5786412,0.9089422,0.31986925,1.8184674,0.5480205,0.9592472,1.4492973,0.6049334,1.739903,0.47494623,1.5337976,0.024487516,1.691004,1.8274446,0.364379,0.63167477,0.5535551,0.27527222,0.9907476,0.58903235,1.7484448,2.1184464,0.0013070191,2.4424043,0.5816306,0.061079316,0.038328305,0.27655008,1.3011104,0.07603522,0.9619476,1.6856643,0.7250446,0.6646684,0.688347,1.368769,0.3346653,2.2055976,0.013338087,1.9071285,0.7633894,1.7933527,0.18082586,1.4748183,1.0790148,1.0773163,0.5777952,1.7218899,0.3156417,1.1205094,0.63414365,0.19949831,0.19284748,0.88466126,2.3204193,0.47960156,0.6558561,0.19698697,1.6372449,0.6442966,1.2053028,1.8375795,0.0,0.26127458,0.2964484,2.6736155,0.17306031,0.8467413,0.19222964,0.16140443,0.30778998,1.7307546,0.3979595,0.6130748,2.478634,1.08155,0.13028874,0.66374826,0.34217623,2.2466125,2.346757,0.82674825,0.04402649,1.3806947,0.6162015,0.43073368,2.73561,0.15042797,0.38260427,0.103990965,0.72059333,1.6920227,0.1762408,1.1946124,0.87835616,3.4295087,1.2767229,1.68404,0.2145281,0.078233555,1.0269994,0.48874977,0.1951689,0.3072133,0.47571105,4.747661,1.0772334,0.083510116,3.5108058,0.21503912,0.086544,1.9449914,0.5893646,1.100974,1.3434448,5.721611,0.5133608,0.70362073,0.6054717,2.698264,0.058513038,0.37463322,1.2810537,0.78945386,1.9152399,0.028175028,1.8230468,2.323104,0.55881447,0.15073867,2.7445598,1.5558742,1.1809195,0.34188208,1.3265982,0.53727734,1.6256893,0.21245092,2.5645278,1.4072344,0.037111342,1.0499207,0.36316076,0.51232564,0.77785784,1.2435586,1.3267152,0.17138991,0.21173511,0.9898401,1.8918499,1.5537776,0.53156894,0.66968364,2.0019677,2.954813,0.7001346,2.0195172,1.9221079,2.390078,0.14311251,1.3525727,0.09567362,2.110943,1.3400022,1.5925363,0.12070463,0.16197109,0.08576893,0.95214796,0.23120196,0.33700487,2.874109,0.34959126,0.20576885,1.2209206,3.2301173,1.4312146,0.6286205,0.0004913577,0.30679688,0.3426889,0.4637871,0.78442967,0.08935952,0.5062071,0.13701992,0.27165338,1.2481878,1.4758145,0.6018303,0.015577656,0.6500663,0.1388772,0.70429087,0.49472955,5.4191895,0.22838596,0.4592752,4.0389533,1.1103739,0.0,0.25492108,0.32455993,1.427617,0.68822986,0.9371115,all_pothole_images\pothole_images_new_image_425.jpg
0.5377981,1.3377321,0.47813898,2.2744093,0.30074036,1.2178227,1.5629278,0.79348785,0.50972146,0.4914986,0.9702416,1.0342823,0.22675839,2.2859805,0.05784307,1.796631,0.27943355,0.41191256,1.0094118,0.6768744,0.1902401,0.9211301,2.739721,2.419511,0.9557962,0.84141725,0.92317075,2.298371,0.53309965,0.025438853,0.78759867,0.0971188,0.37573445,1.0913719,0.96978873,0.06356612,0.15952921,0.13913411,0.6444913,1.7705749,0.0,0.24720062,0.36545944,0.8137094,1.3675537,0.83980227,0.0009025825,0.14347483,1.271533,0.39193588,0.26784098,0.14208281,0.25110006,0.19211446,0.28913206,1.3141749,2.2562044,1.0609477,0.09990182,0.59871304,0.051849023,0.9656981,2.4831197,1.559401,1.3794405,0.42533857,1.6012003,0.7843564,0.88424814,0.23399967,3.2376776,1.1770978,1.2984947,0.16698493,0.96949875,1.4638175,0.45528355,0.22399968,0.058259446,1.0305085,0.021769686,2.182063,0.35296553,1.6086599,0.9876768,0.5616723,1.4178427,0.82422984,1.1351558,2.221889,0.06589584,3.0128887,0.44429412,1.6073664,0.03265613,0.47271046,0.2268495,1.0690824,1.7923259,1.0337408,0.1865415,2.383488,0.7106001,0.26959738,1.0347109,0.45265612,2.4997838,0.60753703,0.394141,0.30797073,0.28824168,0.58984196,0.72162855,1.7362362,0.5553006,0.49763113,0.17354044,1.1053914,1.6260977,0.80883944,2.2158878,1.3923346,0.29527655,0.8914429,2.819016,3.0115519,0.041145388,0.28730398,0.3675865,0.52934754,0.66462576,0.3162736,1.311875,2.3649943,0.26952618,0.16414444,1.3402736,2.2747653,0.9107166,0.3653701,0.563575,2.0226612,0.028993452,1.4108382,0.6280755,1.4701058,1.2241979,0.366116,1.0251688,0.089774795,0.046744417,1.1362419,0.9704267,0.21869253,1.4310606,0.42830804,2.1649156,0.35830066,0.14685814,0.14336637,2.7562077,1.4938904,1.0200762,4.116295,4.544802,0.06988352,3.1628225,0.25948963,1.9470546,0.962554,0.88469756,0.15376683,1.4345003,0.4286144,1.4771477,0.3198741,0.42403856,1.1291717,0.049764283,0.21061796,1.1013027,1.3071102,1.0724453,0.5751665,0.656688,0.68302965,2.034459,0.37317416,0.8325115,1.0483521,0.11639466,3.0040252,0.23702358,1.2227234,0.3221581,1.1470089,0.10054281,0.34085783,0.014324633,0.7827741,1.570753,0.965454,0.8808081,0.13889535,0.6715941,0.19573742,0.32725912,0.00026327735,2.0534244,0.95572025,0.8761913,1.1625562,0.34030384,0.19809288,0.98219997,0.6212173,0.98127633,0.15084393,0.83423597,0.31340295,1.0486405,0.20861347,1.8196324,0.11107244,0.48131642,2.0139492,0.54608303,1.345689,2.2129223,1.1509839,0.6986982,0.21175988,0.778503,0.62573934,0.008194065,2.979276,1.2541226,0.7790993,0.20587294,1.2533327,1.2720938,1.0206906,0.5430984,0.5695224,0.14226261,0.6495674,0.24132793,0.11714934,0.52885133,3.2033691,0.7931697,0.04003694,0.7085532,0.4664328,0.19681288,0.15759245,0.74000937,0.93053,0.41790974,1.3557353,0.74256116,0.3872494,0.64697254,0.45986307,0.6118393,0.4537874,0.12979646,1.3463584,1.6734211,0.061273534,0.17146511,0.022863034,1.0988407,0.66728395,0.50707334,0.9190158,2.0895054,2.9243932,0.14916164,0.34807396,0.4853087,1.752233,0.6781882,1.838917,2.183267,1.4481442,1.4667645,0.77786165,0.9856003,0.72615075,0.54203933,1.226712,0.13199833,2.7343671,1.1816956,0.30243886,0.4767024,1.3178203,0.6427353,0.43987593,0.6678982,0.5152891,0.027314404,0.17463806,4.3565283,0.38423935,0.8052669,0.061453264,0.9062826,2.002717,0.104277164,0.59989196,2.66173,0.5247654,0.159003,0.77040815,0.13012157,0.5909427,0.48797598,0.07709256,1.4145759,0.23086314,1.0246136,0.40754554,1.1394092,0.63072205,0.5831071,1.1698647,1.2376873,1.0368453,1.6526484,0.41141796,0.24124332,0.022536233,0.24146162,0.33125892,0.23203343,0.35604152,2.3998926,0.15315257,0.5583993,2.006543,1.2912161,0.18662722,0.7019355,0.102259874,0.9150726,0.097111836,0.057300393,0.5036135,0.17624746,1.0369647,0.11805142,2.0430272,0.7686905,0.06034204,1.1647474,0.47694603,1.1954535,0.040069822,0.3074737,5.198337,0.14317347,0.04967873,0.113381624,0.12999757,1.7487196,1.1193897,0.5954262,2.1940043,0.4840765,1.1469595,0.09552761,1.5784452,0.2666862,0.46906793,0.09595902,0.13621272,1.3423514,1.1081675,0.72650015,0.33820945,0.673771,0.6911737,0.8126077,0.5873123,2.3619184,1.2630417,1.2368128,1.6994387,0.8672402,0.34027725,0.64282924,0.21833216,0.13893797,0.86564595,1.4920634,0.21781726,0.08222373,0.17293683,0.78660023,3.469548,0.39448795,1.3255297,0.030918738,0.40830314,0.09242542,2.066891,0.44825596,1.2186027,0.6657254,0.70538455,0.0984232,0.2278395,0.58813184,0.9743315,0.62911546,0.7908717,1.0088657,1.7841635,0.92389333,0.26404342,2.5305693,2.4149628,3.6441965,0.34719992,1.1421463,0.33462206,0.46281344,1.8749608,4.406078,0.22507188,1.0745032,0.8796195,0.17944014,1.9135233,1.0264299,0.31153855,0.039130248,1.1451347,0.951347,1.1456114,0.03384361,0.04719399,0.013778941,0.37328872,0.7361769,1.3085766,0.7252552,2.7832005,0.9561146,0.26651928,0.75854445,0.6122432,1.2763991,0.6196125,2.074901,0.14550565,1.115178,0.34657022,0.344972,0.607341,0.09169052,0.8298792,0.6176086,0.08263103,0.7729754,0.2538124,0.8036294,1.3741345,2.473823,0.29280198,3.0623224,0.12901141,0.55888045,0.51137704,1.0184721,0.5465593,0.21676642,0.09943645,0.23675077,1.8096498,0.6775548,0.14924406,0.13844875,1.696555,0.4291776,1.2075298,0.29732186,0.3835921,1.5078123,1.0839368,0.026155274,0.06651372,0.1438461,0.12648936,0.08858138,0.07713478,1.2496778,1.2786204,0.17556718,1.4952698,0.8799803,0.019519629,1.5305029,0.5396797,0.11719781,1.8663719,0.16975732,0.27673575,1.9951153,0.4243056,all_pothole_images\pothole_images_new_image_426.jpg
0.8644923,0.6492213,0.10389602,1.277641,0.06041875,0.39651302,0.29068246,0.41834748,0.05253362,0.52648556,0.49809054,0.8948915,0.45048016,3.069437,0.12496584,0.11273867,0.0135482745,0.36689305,1.0555229,0.066886574,0.62142444,2.7760792,0.43450242,0.8343783,0.8388141,1.3367866,1.2930201,2.054722,0.03296529,0.37589505,0.55314016,0.11548271,0.8744088,1.2400632,0.49075198,0.7862799,0.09048314,1.8673428,0.26534912,1.0053517,0.0,0.011123285,0.4358336,3.0951376,0.13149837,0.3490195,0.5227182,0.0005375601,0.277054,0.81391656,1.7207154,0.5405533,0.5954889,0.24975446,0.0,1.9768277,0.62581456,0.039232697,1.1131792,0.0,0.21486983,0.86182535,0.664079,0.031755567,2.9111211,2.3685496,0.69139415,0.26327857,0.43920836,0.42801812,0.47606725,0.07304404,0.25283277,0.3685038,0.5634073,0.009001447,0.5129111,0.49068615,0.3714109,0.0,0.2622422,0.13982975,0.12019529,0.42254612,0.78224134,1.0006329,0.16112067,0.5753354,2.0499108,0.59231764,1.6732072,0.8949248,0.5168179,0.37154412,0.06656918,0.32998976,0.5032597,0.7652387,0.775854,0.6809563,0.02276976,0.42807317,0.53063476,0.26847208,0.8988445,0.9139497,0.0012755678,0.5393497,0.5638559,0.1296197,0.012041994,0.25519437,1.4333969,0.5546774,1.1101491,0.023817271,1.604618,0.13760976,0.0,0.5294424,3.39928,1.1230057,0.098706245,0.46500325,0.30659184,0.17556567,1.1984576,1.5460279,1.2745112,0.41505715,0.6117412,0.15672642,1.091299,0.18377036,0.2717255,0.47208428,0.12832873,2.495395,0.12504782,0.8480126,0.1879509,0.12607023,0.7715387,0.972059,0.3757151,0.8094185,0.9739005,0.023472626,0.6324357,0.096515015,0.33403918,1.0353993,0.287722,0.006083912,1.3778912,0.23347142,1.4488703,0.65166265,1.0377922,0.63492835,2.3648734,0.021856023,0.026175715,4.302249,0.14854847,0.14787832,0.40342736,0.3325642,2.1080062,0.44860482,0.12718534,0.7185571,0.10046538,0.4545386,0.4287275,0.7807793,0.31283396,0.008960519,0.92929804,0.046561114,0.27123132,3.1177928,0.6221155,0.5608917,0.59347355,0.299136,0.074506395,0.23244828,0.8433895,0.3958025,0.4536005,0.7701085,1.0593765,2.133141,0.06624309,0.3870869,0.8635857,0.9632104,0.03334891,0.16102113,0.30278555,1.9396359,1.0957834,1.7695231,0.8202766,0.60280395,1.2575917,0.41378576,0.5724871,0.36798608,0.030580467,0.053682756,0.24249913,0.8496776,1.5375556,1.0362144,0.9633912,0.31294638,0.6507813,0.19449134,0.40196738,0.5314318,1.1223562,0.7407829,0.03533357,1.5077903,2.0241978,0.05234823,1.2230568,0.6869357,0.4487019,1.1077783,0.12432902,0.94856834,0.002835703,0.003547973,2.9086304,0.48327348,0.0,0.8559637,0.0,0.01975268,0.0,0.40737236,1.1394428,0.039912786,1.7120564,0.14383233,1.099523,3.7997248,2.451948,0.32513344,0.97335136,0.023026532,0.45888683,2.3535693,0.66119057,0.78016776,0.08641379,2.0480137,0.8377668,0.1125161,0.5078397,1.4487121,0.42605668,0.42505193,0.445955,2.5101585,0.3887828,0.27621406,0.0072079897,0.28940493,0.4028275,1.1982403,0.6480792,0.06717794,1.77039,1.363418,0.08416479,0.13469471,1.4933021,0.42393538,0.24235663,0.13419943,0.3460998,0.42640108,1.1154463,0.06429206,1.4109172,0.17193215,0.04894611,0.23297936,0.20512168,0.7682562,0.33195704,0.054993756,0.92616105,3.171203,0.69767797,2.241694,0.5620897,1.0513171,0.06692432,0.12606834,5.3782997,0.13628317,0.011245471,0.062520385,0.02115199,0.034311477,1.4300954,1.5081137,0.66530126,0.68666077,0.39032522,0.9851337,0.1414502,1.1109524,1.3905871,0.19338685,0.872025,0.209456,0.02602139,0.06341864,0.2479858,0.734592,0.8326224,0.11100455,0.4212431,0.17742087,1.0414983,0.3644231,0.09157556,0.066320725,0.13397932,0.7904822,0.37761548,0.31971502,0.6844027,0.24344069,0.118031725,1.2994759,0.5932354,0.51720566,0.7902473,0.9601798,0.19445127,0.30240202,0.33818147,0.73593116,1.4721153,1.0553274,1.1863257,0.31748942,0.10675084,0.54449743,0.34823644,3.7796917,0.52690464,0.32334027,1.1985772,0.43205783,0.22060414,0.23563127,0.08112024,0.20721015,3.0183687,0.005751296,1.3665482,0.31799817,2.201198,0.9453962,0.26985502,0.25160524,0.8201902,0.5290135,0.3151078,0.06832301,0.471959,1.6312976,1.0596888,0.022598587,0.93527967,0.056818888,2.0295331,4.3588243,0.9114488,0.0,1.011901,0.5760406,0.5954077,0.43598297,0.39629224,1.2281634,0.07485238,0.4257889,1.0627652,1.8022814,0.66479295,0.054336604,3.8426619,1.1911175,0.32416677,0.29582098,0.5451219,0.08089291,0.6399585,0.66601396,0.21676457,1.3420244,1.4457921,0.9504484,0.80776745,0.21596718,0.28649288,0.383214,0.5637064,1.4369621,0.18251465,0.25457475,0.98375684,0.15180817,1.4060969,1.7063603,2.5863004,0.21433446,3.3293731,1.7224416,1.8248781,0.44127205,0.053828493,1.16742,0.6359334,1.7770518,0.12509845,1.7617904,0.018424187,1.1498573,0.11645907,0.3545812,0.67132896,1.1704623,0.18054101,0.3785258,0.9155671,0.03413615,1.1743438,0.0,1.5663719,1.0199976,0.9430108,0.07094186,0.57012403,1.3556348,0.58814186,0.74081224,0.88820535,0.18773398,0.6351359,1.2377136,1.8990811,0.9131784,0.9665142,0.28144586,0.46935454,0.20841339,0.57337934,0.045013092,0.707294,0.033630844,0.752557,1.0051855,0.0030134593,0.4186833,0.76910883,0.18919998,1.4465983,1.9221569,0.4102657,0.043184906,0.6503746,2.2538972,0.16282018,1.0158236,0.025112774,0.012720426,0.3540941,0.046873625,2.9273643,0.0918769,0.66172534,0.013943979,0.0895794,0.7626201,0.2923336,0.029722178,0.027977344,0.0,0.43415147,0.1972866,0.6741057,4.17626,0.7291958,0.28585973,1.1181848,0.37691242,0.17060797,0.045537494,0.027786588,0.38250637,0.4425282,0.71928436,all_pothole_images\pothole_images_new_image_427.jpg
0.34783208,1.1374931,1.018542,1.9124167,1.2436742,0.005171749,0.26949912,0.16339628,0.45072275,2.5204792,0.13251236,1.8262995,0.08411634,2.547764,0.04423787,1.2244134,0.03413103,2.0715597,0.83818054,0.1541731,0.11799351,0.31446955,1.207536,4.015253,1.0369998,0.082515255,0.21009383,0.06980527,0.009446726,0.51869094,0.15459095,0.2491211,0.31426093,4.0978055,0.044098638,0.2980866,0.058274962,1.0800501,2.893973,0.14725485,0.09228646,0.03686579,0.30472055,0.022534164,1.1457356,0.49148893,0.12889414,0.022833254,1.0939219,0.014697513,0.11977197,0.59402996,0.45448372,0.004356757,0.0009927114,1.0021805,0.29635847,0.39016497,1.2020197,0.15932201,0.022770826,0.22415453,0.46695787,0.63404286,0.7006256,0.52250725,1.3441433,0.09302047,1.4817113,0.05971515,0.72852945,0.7439552,0.13636003,0.014716643,0.099699214,0.19137779,0.26016513,0.04784188,0.2694699,0.095626466,0.0015111036,0.59157634,1.9268217,0.34065855,0.61681575,0.51223487,0.28657308,0.052833654,2.0417166,0.32708174,0.43137625,0.31222743,0.26111487,1.6373494,0.8333631,0.013502647,3.523084,0.48109645,0.01457392,1.8305633,0.13019599,1.0697371,0.07275304,0.08755916,0.8509395,0.61574036,0.5465648,0.0,0.2655104,2.0666733,0.6083112,0.39666355,0.13208076,1.4770513,0.024938364,0.642115,0.12179717,0.48648795,1.158516,0.884254,1.7331738,1.1803895,1.2890203,0.1798237,1.3637491,0.9311007,0.001181897,0.7873007,0.10316704,0.26393938,1.8317604,0.0840339,0.40147725,0.04170375,0.5744721,0.31777754,0.10712237,0.03441073,0.6187921,0.23038664,0.5839394,3.3451538,0.3379943,1.1454133,0.05346372,0.03932662,0.9460643,1.5573537,1.126602,0.0251776,0.25719324,1.1184285,0.8610897,0.0022140415,1.2378945,0.9485018,0.23450018,1.2796966,0.5178047,0.09854968,1.7722957,1.9045275,0.7673727,0.8883325,2.6451838,0.07973595,0.26117763,0.050598763,0.2179087,1.3625947,0.34249362,0.22789294,0.073350675,0.4774732,2.1996331,0.88967663,0.5042928,0.042012967,0.10025678,0.20172139,0.15937342,1.2019196,0.39336386,3.314982,4.079796,0.5055141,0.0,0.239111,0.5447327,0.19800414,1.0658184,3.9890323,0.15577759,1.1418955,1.5131111,1.3752482,2.215982,2.1795323,0.53405595,0.21972556,0.7520877,0.523181,0.065152645,0.39543954,0.16437493,0.72173077,1.2081995,0.062801726,3.845911,1.6880074,0.34372476,0.06765352,0.030714,0.53390634,0.062120136,0.026224852,0.6418653,0.17133805,0.51015013,1.2534784,0.50330675,0.84680885,0.61499834,0.012743152,0.43096235,0.059186462,0.1964802,0.07496896,1.6094353,0.00069524307,0.0025891527,0.01537399,0.972847,0.5919769,0.36914137,0.039351944,1.6605984,0.8511233,0.5881134,1.5597013,0.08982377,0.3836863,1.8780835,1.6486655,0.8756264,0.09112849,1.2107059,0.13155474,2.4477892,6.060149,0.08655972,0.5988084,0.91393167,0.0005340463,0.032320373,0.17436689,0.19610183,0.23567133,0.3236096,3.5735672,1.0916901,1.3572541,0.6181045,0.69342536,0.0,0.16696669,1.7040684,0.6226752,2.7183921,0.5338154,0.4353272,0.00015820122,1.3649174,1.7966346,0.14679432,1.0329279,0.44077465,0.44337216,1.1048359,0.53686833,0.059474286,0.7167038,0.6323295,0.0,0.016645903,2.252315,0.28385738,1.0001621,0.026936121,0.08406391,0.39655688,0.26345944,0.29901326,2.5607138,1.8123109,0.61155444,2.360685,0.2705991,0.7407158,2.2226126,0.9758865,0.11214725,0.0120419515,0.023330333,3.3495557,0.17953955,0.19832923,0.0,0.2718765,0.25739115,0.15923071,1.3866602,3.823858,1.4211525,0.2732529,0.05536145,0.024089932,0.6218796,4.0225315,0.5971744,2.9577785,0.6703561,1.6127515,0.44337568,0.80473495,0.68445367,0.2048029,1.6957852,1.1257614,0.16310777,2.4696674,0.0,1.4339571,0.0,0.8796125,0.09857306,1.5385422,0.21720107,0.6139103,0.518866,0.20271684,0.3056597,2.0940053,1.1062335,0.5568831,0.0027977347,0.36269704,0.6554494,0.26224503,0.28274903,0.0028529067,0.33388644,0.19768514,0.37392774,0.5101242,0.08441758,0.18772064,2.006375,0.43405727,0.9954127,1.3222208,0.81647176,2.0100248,0.21024112,0.0,0.061826713,1.6952038,0.5433904,1.9795096,1.4569943,0.71630985,0.18869218,0.91157717,0.4076587,0.22992747,0.69760525,0.2134689,0.49716288,0.07934654,1.6164918,1.7229983,1.1582601,0.24897647,1.1094284,2.1583633,0.0010075276,0.69113135,1.6279829,0.09494497,2.3353047,0.0,2.3347697,0.64310724,0.24488272,0.0,1.0728207,1.0192629,2.3479152,4.270314,0.1858464,0.24983293,3.0009303,0.39192826,0.07776349,0.32566014,1.0743665,1.3903481,0.59648186,0.0898957,0.17421025,0.01581422,0.9346983,0.069063835,1.0168031,0.0035239095,0.5245357,1.1442078,0.6355662,0.107112736,0.02158348,0.0,1.295807,1.13407,1.6033132,0.5005784,1.0379437,1.0791171,0.82064956,0.26337752,2.1738493,0.41733503,0.95689696,0.08448305,0.21817611,0.12300134,0.5410908,1.383363,0.0,0.34461468,0.53790253,2.4563487,0.25068727,0.033341873,0.018290415,0.004159618,0.59413207,0.57761747,0.025122244,0.072190925,1.7546256,0.71231216,0.13720267,1.65731,0.17230259,0.35506976,1.9094411,0.9589646,0.055790767,1.5162618,1.522641,2.1970415,1.0382802,1.0679646,0.23835455,0.0440013,0.28428876,2.260877,0.6592736,0.6328768,0.060019482,0.3928483,2.0729473,0.00920393,1.1161044,2.2065392,0.74330926,1.3068649,0.71000236,0.26673248,0.021843616,1.377858,1.3394315,2.4249167,0.34732944,0.57660335,1.482751,0.6074527,0.010103169,0.7445952,0.023874553,0.9324303,3.3418553,0.0039003298,0.13086207,0.10480675,0.41391885,0.3079029,0.13334605,0.44861692,0.3396527,1.236075,2.5187542,0.3809096,0.8339501,0.06508149,0.8074372,0.61906785,0.48339236,0.29325283,1.3874187,0.09718819,0.0040630144,all_pothole_images\pothole_images_new_image_428.jpg
0.07028513,0.8060066,0.04589977,0.635079,0.70309526,0.6884192,0.2769919,0.029424695,0.32906562,0.2985354,0.0,0.022525178,0.17151676,0.6306746,0.0022116685,0.09067365,0.073113866,0.9640355,0.75725174,0.090503454,0.24547946,0.45817468,0.9992439,1.1099743,0.01660451,0.06556369,0.50679916,1.607971,0.062282696,0.2950422,0.3445236,0.4661778,0.01263828,1.173775,0.18900992,0.37481353,0.019930651,0.2041717,0.27768427,0.12265096,0.11530506,0.3017227,0.06928825,2.2159374,0.38711983,0.047438692,0.24514587,0.013517683,0.054395635,0.5176639,0.34952238,0.21565884,0.00524474,0.109950125,0.5571823,0.4466389,0.06524434,0.47702742,0.29877758,0.021069916,0.30813867,0.103165485,1.1062762,0.017458107,0.9873231,0.2629127,1.0771469,0.18314011,0.0074892105,0.31333968,0.088095665,0.14386247,0.005147083,0.001561675,0.51508325,0.0,0.38884577,0.38624525,0.01977729,0.0,0.05575935,0.04119142,0.9047305,0.56764346,0.30650875,0.14788134,0.1405767,0.25063756,0.61418873,0.25952116,0.0038342217,0.95799065,0.13417694,0.3837512,0.022371897,0.020232275,0.6409258,0.87350744,0.3625077,0.29641253,0.19155502,1.2343276,0.062495153,0.014133385,1.1545385,0.7968998,0.07390438,0.0,0.063370496,0.93841755,0.11708927,0.55354565,0.008957379,0.9642388,7.48613e-05,0.21595068,0.710968,0.18118127,1.270563,0.22323865,1.746368,0.41570365,0.006344313,1.7009457,0.04240982,1.0936456,0.0,0.15783057,0.7561527,0.07730326,0.45591614,0.19009975,0.024243088,0.3800734,0.49040446,0.19408844,0.4471745,0.09809536,0.028842365,0.3494877,0.59895533,0.046805143,1.104843,0.34518367,0.22662497,0.21550474,0.42588353,1.159056,0.20721096,0.24247044,0.3945707,0.018127171,0.2792988,0.17539039,0.83345467,0.4425128,0.12251391,0.38752457,0.17825565,0.32681337,1.405878,1.1562048,0.0,0.79684526,0.117508486,0.0101919845,1.4805584,0.2102878,1.2045262,1.3326993,0.74390036,0.0,0.060266435,0.004047585,0.36765262,1.0203218,0.17910391,0.0007866197,0.53035253,0.13191642,0.17671041,1.2540377,1.7240175,0.22180362,1.2985954,0.58315504,0.15733044,0.7135751,0.21629886,0.20287591,0.42386666,0.1670391,1.2373679,0.15323374,0.5440257,0.0,2.086022,0.7822729,0.16855846,0.033220798,0.0010134819,0.91186583,2.4033766,0.047271386,1.8139888,0.32557723,0.27039742,0.21191871,2.4787521,0.18612024,0.038009,0.0239125,0.12131381,0.0278067,0.20512277,0.49530262,0.7611506,0.2692541,0.70230395,0.45071134,0.34732747,0.1808283,0.28422883,0.19130498,5.9041373e-05,0.03666268,0.31842616,0.0,3.7301092,0.11803262,0.10892099,0.11978577,0.32411462,0.010342808,0.2064522,0.41019985,1.6009848,0.4263709,0.08067792,0.112878956,0.08632141,0.32610503,0.038663365,0.357136,0.007396225,0.54985136,0.76436156,0.28104538,0.0673669,2.6201103,1.4206712,0.4890636,0.12196806,0.19106461,0.08195971,1.3383536,0.35748905,0.40412304,0.17490691,0.07636108,0.63562316,0.50366455,0.2331233,0.36064643,0.06665017,0.16711879,0.0,0.1352946,3.4148614,0.029950872,0.05466687,0.031642795,0.5368049,0.4158484,0.24011499,0.44487455,0.053169567,0.07278232,0.03885014,0.43319872,2.117503,0.39942473,0.071212545,0.25544903,0.2996234,0.22381802,0.3952837,0.004925945,0.19364268,0.1769713,0.21411292,0.34961763,0.23503236,0.23847163,0.16552491,0.044983514,0.76578164,0.40716654,0.033102777,0.58029187,0.9812537,0.23904164,0.022739155,0.03510594,3.8296864,0.021102631,0.88232625,0.3803236,0.023844326,0.6776274,0.14787392,1.3404528,2.3048418,0.87788683,0.6565694,0.08331843,0.14899139,0.12102949,2.4057276,0.06859013,1.1361105,0.18404295,0.037461404,0.59842604,0.079100646,0.05304467,0.32831946,0.0,0.31139818,0.007541435,1.5462973,0.13274595,0.13268235,0.259642,0.0,0.102141,0.58559597,0.00950689,0.018201323,0.9152068,0.21032225,0.14559883,2.2945623,0.43795994,0.8817124,0.06830544,0.15858972,0.02836198,0.79628104,0.18490943,0.20440896,0.30589733,0.110792905,0.36570776,0.16667894,0.24791914,0.020485925,1.157763,0.1113069,0.27949166,0.41393653,1.1164354,0.12535776,0.15385641,0.57276773,0.024894351,0.6835037,0.27763656,1.0172607,0.088458665,0.0570804,0.52690154,0.34627688,0.1479702,0.74414957,0.757342,0.49370348,0.63956887,0.10632312,0.039504293,0.33109835,0.017886868,0.23332608,0.8365149,0.8296862,0.016801948,0.17539729,0.14182907,0.19842707,0.13357833,0.36680305,0.38707927,0.0,0.74448884,0.16792217,0.17942308,0.43081555,0.18009588,1.016852,0.2027974,0.7680745,0.56487894,0.2362628,0.054156747,0.726782,0.087963745,0.2322772,0.6798197,0.13954088,0.36450958,0.57890797,0.41889805,0.7120245,0.037580974,0.7336863,0.13220404,0.74602866,0.34361485,0.030301405,0.0768497,0.6887521,0.36088496,0.18370439,1.4434465,1.771961,0.01759096,1.4661261,0.12932287,0.23188128,0.26183814,0.30617714,0.45383126,0.016273282,0.06501258,0.6489921,0.90514886,0.021479571,0.069055654,0.43660346,0.106353596,0.10018397,0.23568287,0.12342132,0.0,0.38462365,0.008618578,0.25035462,0.17577006,0.024958625,1.0497371,1.085274,0.6381018,0.0,0.06442065,0.0114520425,1.435376,0.12192215,0.26110548,0.20325193,0.86980844,1.1086676,0.09587607,0.5310541,0.0,0.5659966,0.061491776,0.106230766,0.15335585,0.39220482,0.80874664,0.5522248,0.39785892,0.31828246,0.01865413,0.11623307,0.15261093,0.03905325,0.37586847,0.047392223,0.0,0.1284546,0.35033065,0.1587166,0.21026644,0.82832575,0.034791227,0.33758053,0.090371974,0.12710334,0.06651597,0.32998696,1.3299568,0.006811412,0.029524712,0.024244944,0.045072388,0.12500308,0.0,0.017737843,0.13170938,0.03538791,1.3049992,1.1350546,0.2784729,0.58247685,3.6974995,0.4511998,0.3818133,1.2429394,0.34294757,0.00025744888,0.07413745,all_pothole_images\pothole_images_new_image_429.jpg
0.44981873,1.3144078,0.74987215,0.7756507,0.13729376,0.19339053,0.5581229,2.0091708,0.7001605,0.16647379,0.35943386,0.35689288,0.20048831,1.3653165,0.06350053,0.16431256,0.49125734,0.1553647,0.47229874,0.7943957,0.15076534,2.519194,0.8001758,1.1942341,0.11712613,0.8811847,0.24433132,1.2956957,0.28440276,0.35135067,0.38162795,0.68692654,1.1345057,0.75900394,1.3703549,0.46899578,1.1310958,0.072327964,0.13292024,1.6322746,0.2854529,0.27324793,0.28264838,0.53617656,0.15045339,0.39007282,0.13978805,0.24812044,1.071379,1.1375114,1.62337,1.7222099,0.41859615,0.5974815,0.4235755,1.4252217,0.5783452,0.14683187,0.5938454,1.1970744,0.3264275,0.75535864,0.34358105,0.58455414,2.1019597,2.4704695,0.89006525,0.54880595,1.6987239,0.5913124,0.24828295,0.6990185,0.20446976,0.12833744,0.66822356,1.2933536,0.2586545,0.95830315,0.31278273,0.41996467,0.10862282,1.5625925,0.09280965,1.6438233,1.0053825,1.2935233,1.175596,0.24087355,1.8950505,0.610241,0.67712915,1.1149023,0.7394059,1.8377199,0.36762315,0.31122544,0.5159558,0.50473636,1.0996813,0.55163175,0.320193,1.0658472,1.0574826,0.66089326,0.76368356,0.8932612,1.252156,0.13692206,0.20487954,1.3760056,0.8135684,1.289909,1.2803267,0.73335296,0.5004178,0.20055099,2.458132,0.24069516,0.9421134,0.985945,0.40915862,1.0948092,0.95209765,0.025421396,1.5179988,0.63856256,0.8971746,0.44331717,2.555123,0.14349797,2.9915004,0.21190734,0.95855165,1.2170885,0.24911393,0.117300674,0.2644106,0.5509168,0.7189225,0.79311943,1.0174557,3.0837545,0.6368433,0.47878057,0.131156,1.544123,1.6497952,1.0056245,0.63914675,1.3210245,0.1803706,1.6021161,0.47892144,0.10504332,1.496642,1.1731477,1.1662971,0.737363,0.14673564,1.2270441,0.6146107,0.15320651,0.97996396,3.260008,0.5335729,0.5075944,0.68505627,0.56453633,1.2735496,0.043595847,0.61504084,0.24776338,0.2678965,0.5384337,1.3707387,0.4851803,1.1558269,0.08691493,0.1765567,0.30315536,0.87337416,2.72192,2.679803,1.8731557,1.5999545,0.89127713,0.6682205,0.9601985,0.27694184,0.16486931,1.4922144,2.618256,0.6605579,2.91589,0.15556246,0.53589183,0.1325503,1.6102457,0.15583952,0.89471185,0.53451014,0.698953,1.5551347,0.16118036,3.035067,0.660845,0.47006524,0.08224816,1.2952613,0.79728246,0.3534877,0.54376376,1.6274859,1.0223722,0.6301103,0.43810076,1.6137707,0.5308169,0.9822404,0.56148946,2.362118,1.0326871,1.9761732,0.6411982,2.687376,0.69141567,1.1577592,0.017717158,1.8684871,0.037066635,0.63209677,1.9279115,0.6305514,0.17984438,0.6289796,0.42314813,0.9576234,0.3535701,0.065490685,0.29249796,1.0245227,0.6385357,0.40523413,0.18359527,0.085935175,0.40199107,0.81178993,0.38864887,0.78606015,2.1194687,1.5353507,1.1514816,0.6246301,0.33040726,1.156955,0.34061852,0.8491394,0.15482996,1.680532,0.35835457,0.9879039,0.56990445,0.862577,0.09334692,0.4806731,0.93468845,0.24008816,1.7662402,1.1800593,0.4285874,1.1519489,0.00802533,0.14819178,0.60588866,0.0,0.9664348,1.6925473,1.4933366,0.38408163,0.4078218,0.015134089,0.24954234,0.8776086,0.19479373,1.8671864,0.46111724,0.13820969,1.6815572,2.1160903,0.25818476,0.73439723,0.75681305,0.06510987,1.2466595,0.51544034,0.07920755,2.200046,0.42334762,0.291223,0.47573435,0.028080992,0.50977325,0.36308706,0.29802665,2.5593688,0.52730584,0.10148132,0.14431743,0.555354,0.21436559,1.630613,0.6644977,1.7967129,0.8844505,0.39928365,0.36536813,0.019949256,0.21957436,0.5151847,1.303804,0.2951238,1.7932556,0.15801297,1.291524,1.9215891,1.2343305,0.6974015,1.4161,0.9692954,0.91212165,1.2466152,0.5404567,0.40281695,1.3239293,1.1926157,0.6604365,1.1049303,0.36829865,0.20076323,0.3187803,1.741788,1.2152989,1.4888092,0.045726735,0.8191262,0.45806047,0.5575737,0.29877087,0.2935099,0.692085,0.5462991,0.25585228,1.4675308,1.0318055,1.0939562,0.5700061,0.90271455,1.7244813,0.7371362,1.531316,0.28762898,0.54994386,0.19468962,0.769304,0.4997893,0.25523993,4.627908,0.5730617,0.3091161,1.4235092,1.8965149,0.59746945,0.583566,0.30545428,1.154988,0.0,0.078231536,0.70667356,0.6936425,0.98384136,1.0567818,0.2698422,1.6572484,1.5056139,2.9449797,1.4528942,1.8330573,2.2943592,1.3186153,3.108229,1.7627149,1.3703189,0.3315371,0.5732781,0.0032030365,1.8368467,0.73204803,1.1197315,0.8411253,0.1777874,4.9370794,0.4361047,0.16495743,2.7281995,0.89256346,0.5992147,1.1080108,0.926322,0.20480718,1.0115954,0.6038522,0.39356878,1.666464,1.6470506,0.20099433,0.260085,0.31474498,1.485516,0.4923673,1.0027105,1.1255882,0.1979822,2.739378,2.036845,0.17856707,1.5571004,0.4988134,0.68653345,1.6533515,0.4717212,1.0304505,1.5716891,2.0334492,2.1732128,0.5034896,4.429796,1.4563029,0.9293521,0.21322417,0.69667286,0.21453884,0.043301422,0.23748592,0.25617054,0.35509807,0.081147335,0.4155261,0.0245805,0.6856171,0.2601041,0.17605199,0.37550804,0.65042996,0.43846396,0.40403306,0.50156546,1.0206281,0.9600204,0.30495733,0.32775158,0.57534593,1.7179375,0.63523686,0.44710705,0.9896625,0.5818829,1.1906946,0.16141286,0.78741556,1.0187548,0.9570123,0.7039521,1.0368983,0.23111664,0.14217499,0.35620934,1.1105628,0.42696854,1.0022913,0.84498465,0.70888066,3.4894598,0.17778003,0.3634153,0.2278707,1.2058809,0.5662209,0.030720389,0.80458254,0.23840494,1.187173,1.1545198,0.09153924,0.25038904,0.48323128,0.3250865,0.54597956,0.6842049,0.767681,0.4969784,0.09305993,2.193941,0.17471085,0.50837046,0.2787929,0.11593266,0.061063997,2.167931,0.9272199,1.3457968,2.8552506,0.32928255,all_pothole_images\pothole_images_new_image_43.jpg
0.0051913857,0.78826994,0.65094644,1.9336568,0.7196259,0.39062667,1.0937501,0.89259946,0.57962483,0.5712522,0.4444221,0.051874742,1.7254635,1.4385093,0.27336207,0.73083216,1.4956805,0.0,1.0861965,0.23275346,0.08388638,0.2619272,0.53801024,1.9418509,1.3773856,0.5229386,0.3173856,0.8882417,0.34219489,1.3762901,0.1831962,0.3058491,1.2370669,0.17866403,0.5627297,0.22671995,0.67950195,0.16701907,1.8212501,0.13067916,0.99630004,1.365702,0.87620693,0.3036471,1.5418346,0.40922368,0.13923971,0.0841377,1.1982503,0.3630711,1.8616797,1.0576873,0.27256933,0.19220233,0.6496064,0.3683653,0.5240945,0.0062665027,0.35974032,0.7919505,0.62435764,0.79546493,1.8731353,1.2607814,1.0415039,0.2678004,1.0737897,1.4278698,1.1870284,0.12902075,1.8830633,0.99655116,0.27930558,0.2871739,1.0727215,1.2112782,0.13351314,0.54712397,0.72452986,0.922415,0.14636876,2.3444486,0.95861346,2.2469828,0.8002731,0.029532393,0.96401227,0.60660666,1.3067565,0.82518196,0.078177035,1.3774405,0.39949104,5.1814766,0.39693847,1.1981094,0.4107026,0.8338039,2.1883242,0.4595728,0.4723474,0.29979798,0.48096365,0.89061236,0.8960299,0.20052949,2.7449706,0.0,1.7472745,0.21345375,2.0640028,1.4916133,0.7169897,0.84727234,3.202527,0.9118904,0.7595378,0.16040236,0.5029978,0.8214379,1.0152946,0.824376,0.62112474,1.3990343,2.282181,1.4109578,0.0,0.4464812,0.10151954,0.9518501,0.22747247,1.2294439,1.7501496,1.0144154,1.0728761,0.004327367,1.1380494,1.2408423,0.6607417,1.7607198,0.4474818,1.0695978,0.6396731,0.2603228,0.6545122,0.13982864,1.1466593,0.32822838,0.84781134,0.9240225,0.33113083,1.411641,2.7320561,0.0095694745,0.9293466,0.16223504,1.1300635,0.99619716,0.0,0.0860632,0.49294314,0.27054563,0.5945188,1.2499706,1.1635798,0.006249717,0.5342483,0.73050827,0.2588284,1.2930424,0.21540992,0.1619427,0.536109,0.5854277,0.24323562,0.25924078,0.34357268,0.7910053,0.35549405,1.0250099,3.0453475,1.2598877,0.8482331,0.9034429,2.7388225,2.3286138,1.0741401,0.49383864,0.04748165,1.1268028,1.3894342,4.7188277,1.0113429,1.4264324,0.0576394,3.6403828,1.4245244,1.1722088,0.3331018,1.1823769,4.308218,1.3513235,0.12477917,0.7668603,0.9906209,0.93755126,0.21796952,0.011192622,3.0793476,0.93760884,0.33119932,0.7804406,0.48267582,2.9563448,1.5987504,0.33183783,1.0769899,0.4732502,0.5133096,0.05452791,1.0756336,0.013566567,0.5588003,0.060305618,1.646623,0.9089362,0.8845965,0.15269025,2.4887114,0.5992247,2.6662414,2.238709,1.1915796,1.236187,1.1765646,1.2528582,0.44043574,0.58874404,0.1736385,0.699854,0.4161578,0.8436705,0.039770268,0.9118052,0.36003798,0.3317972,2.5167987,0.9291762,2.3504868,3.60457,1.3550421,0.98352635,1.3002571,0.66476893,1.3514796,0.34283632,0.85801196,0.37155607,0.10920062,2.740209,1.2142292,0.7036969,0.3567817,0.21593833,0.10047755,0.17556702,0.16985913,1.1751666,1.581637,0.01798284,0.66438466,0.69461066,2.2853942,1.2877004,0.10497603,0.19082241,0.122379065,0.49901673,0.049292184,0.066091426,0.2274876,2.1577218,0.6045134,0.43839467,1.0247655,2.2357798,0.33720043,1.5542935,3.4982355,0.4556048,0.06475093,0.5111469,0.288762,0.7702408,1.2305391,1.3679628,1.0608459,0.9865486,0.76644486,0.82970697,0.13673665,0.8933971,0.5298333,0.044251036,5.027128,1.867274,0.2579275,0.00023037496,1.5408732,1.9604034,0.0,0.17084785,3.904168,0.18836074,0.13895074,0.7586352,0.34057623,0.09738424,1.097701,0.09801296,0.68870246,1.0918237,0.023655295,0.19313304,0.6293905,1.3879874,2.0344677,1.2804626,0.42585704,0.012183662,3.9967742,0.0,0.48666024,0.16459788,0.8166852,0.52780354,1.9996821,0.05590617,1.1720986,0.07278578,1.287105,2.1688952,1.6345372,0.3843291,0.7024163,0.0068930197,1.7246696,0.40842634,1.3423039,1.1696237,0.8177142,0.23619998,1.7857199,1.7508594,0.8941352,0.31617704,0.004009559,1.0750561,0.08369628,0.18041915,1.4908401,0.114681624,0.0076637585,0.20518984,0.28026977,0.19414224,0.7867531,0.73822105,1.0567049,2.9322097,0.6911199,1.1747917,0.14760026,0.7330227,1.1116394,2.220099,0.6009457,0.69234973,1.6408923,1.7164083,2.5814672,2.0940433,0.38305077,0.58484584,1.3553706,0.087325804,2.4558678,3.481999,2.578671,0.5924544,0.5610285,0.1492946,0.15439345,1.2934911,0.0,2.7804964,2.3979597,2.8751225,0.9873526,0.15060411,0.8208705,0.686938,0.038735967,0.95636976,0.42396888,0.03618673,1.6247929,0.4387617,0.19550927,1.5653335,0.13713276,0.08734837,0.10660979,0.47526002,0.23365383,0.38719866,0.5094315,0.28929177,0.048476446,0.2312191,0.043431856,0.15210441,1.9572512,1.1659492,0.58769476,0.8568095,0.52046925,0.5749101,0.33898288,1.6534181,1.6780244,1.7869674,0.41565233,0.9486295,1.0479333,1.9108988,1.9411926,0.22347012,0.37685028,2.3556118,0.15650828,0.28495893,0.58300793,0.08734337,1.2179679,1.2496244,0.89943606,0.5067384,0.19094563,0.6018522,0.7097553,0.49910703,1.9143834,0.0615,1.547275,0.041267544,1.6990278,0.37636733,0.1586981,0.6291979,0.74698544,1.3046216,0.066301085,0.045383207,1.7597824,0.18072763,0.44391263,0.22291793,0.041356888,0.23849146,0.65945494,0.37550762,1.1499225,0.0657616,0.13053785,1.4707448,1.772367,0.039627146,0.04323651,0.46130416,1.3245547,1.454088,2.964902,0.84996665,0.76271194,1.0620507,1.3114655,0.43367884,0.094612986,0.20352748,0.2276324,1.5123149,0.93158966,0.013724082,0.13613455,0.2685961,0.7648832,0.35386088,1.1112605,0.2214687,0.59779865,1.6124165,0.5135909,0.27105075,1.4468813,0.2032057,0.9858903,1.6681005,1.8932652,0.6517426,1.7402216,0.6348994,all_pothole_images\pothole_images_new_image_430.jpg
0.85370314,2.120122,0.918717,0.056433123,0.10563584,1.6939486,0.44759423,0.14328797,1.3846691,0.41347036,0.2552695,0.36380005,1.5064932,0.877476,0.5468957,0.5089999,0.26177165,1.3112841,0.04648988,0.51687235,0.14204663,2.546012,2.7386823,1.8534335,0.014367435,2.292227,2.2757235,1.6391573,0.41691542,0.17998037,0.8523474,0.38594985,0.6725999,1.0525662,2.3592718,0.2870797,1.1256104,0.16616331,0.3382499,0.15731722,1.5547597,0.70909584,0.3400171,0.8101828,0.07301826,0.90925,0.28749034,0.046097,1.8332118,1.4640825,1.0546454,0.5833129,0.29002506,0.6102875,0.6042135,1.1821258,0.77818805,0.56378204,0.7764016,0.19095138,2.8714025,0.7956853,2.9011443,1.0849148,1.8453919,0.9838034,1.3701152,1.7193365,0.6328328,1.5528383,2.2878187,2.213508,0.011351361,0.09951159,0.8868974,0.23591286,0.6032193,1.2471467,0.75749654,0.6826421,0.13751902,1.649249,1.0773662,2.667452,0.93558055,0.8478175,1.9426142,0.7031257,2.9098837,1.8595572,0.74573517,1.542744,0.9968098,0.8418395,0.5130466,2.0412846,0.44188538,0.16408582,0.9535351,1.340639,1.4195989,3.0977397,0.8342182,1.5930237,0.3225521,0.8329493,2.6321435,1.3094716,0.9461556,1.4353933,2.7640228,0.45720246,0.597281,1.5214877,2.2687907,1.3611419,1.0972432,1.6390795,0.28007793,0.12682945,1.4862516,0.5801296,0.91225964,0.2687583,1.4639738,3.3217885,0.5311092,0.6768875,0.66008204,1.4393079,0.58215684,0.16388857,0.47533727,0.8881198,0.73134863,0.2574036,1.8079699,0.0,1.3815411,0.8966424,0.7840523,0.02106034,1.1270428,0.7465684,0.16890395,0.22771282,1.8710523,1.2576225,0.5731284,0.90154403,0.8505258,1.2254356,1.1713171,0.9714791,0.13828282,0.27193502,0.3103349,0.84994507,0.26280499,0.8586024,0.3044457,3.2730055,1.1973658,0.99436045,0.11553711,2.2763124,2.402048,0.59056956,0.9759908,0.23391724,0.14709646,1.2449408,1.4072095,1.8773443,0.60329086,0.54905635,0.7779485,2.4407856,0.010655304,1.2494357,0.48617777,1.0492462,1.6964834,0.80107176,0.66695917,1.7224759,0.10675573,0.46513498,0.15706399,2.0237293,0.022668784,0.14116669,0.08555136,1.1166642,1.3301576,2.0553777,2.2609785,0.59629107,0.01045636,0.6828079,1.7306523,0.8018377,6.3682995,0.1084351,5.529488,0.73182887,0.83704096,0.41926286,0.20242873,1.5919633,1.3709033,0.5935691,1.0087379,0.04028149,0.34790954,0.50242347,0.870003,1.7879212,0.67944217,0.95366347,1.5952338,0.48225138,0.59187835,0.21241678,1.1817578,0.68964374,2.1159985,1.7560331,2.431747,2.093482,0.88589555,0.18218037,2.3659794,0.5877974,2.0014558,1.4896566,0.60059196,1.2620697,0.39671037,0.93381095,0.69751775,1.4840548,2.6945057,0.5174151,0.93449026,0.33587995,0.66977596,0.6394061,0.03276439,1.8092268,0.72816545,0.892859,0.97463334,1.1866907,0.76986724,0.5025644,0.042625345,0.44700462,1.9062815,0.8594633,1.0419009,2.4575841,0.21954189,0.8592213,0.2648838,0.85690993,0.09298395,0.16027117,8.070557,0.8157545,0.48922578,0.36933243,0.025691401,0.08673367,0.7054762,1.7300448,0.8500648,0.25749967,0.5451309,1.618387,2.4223068,0.57723653,2.2889683,1.2481652,2.2442565,2.7285898,0.117426604,1.722555,2.861791,0.81766164,0.64385587,0.42168579,0.4185648,2.1968148,0.59762037,0.8661746,0.690957,2.183899,1.785671,0.15036634,0.19704926,2.3396733,0.4233411,0.75230205,2.0067363,1.170936,0.74472666,0.1883214,0.6778013,1.9776816,0.10462953,1.2466967,1.1434937,0.005807951,1.765611,0.24555883,0.6486607,0.6745629,1.3047831,1.4869844,0.92823464,0.285702,0.07456712,0.98537755,0.4203565,2.3702736,1.155682,1.358565,0.086902015,0.54855555,0.79742867,2.7555227,0.089189276,0.9697356,0.08745074,1.0840787,1.0158653,0.21535283,1.931603,0.15695527,0.7141837,0.37865567,0.112576626,0.52876794,0.1850125,0.12938826,0.4117597,0.0,0.11545286,2.421166,0.5730967,0.12629706,0.23801705,1.3978093,1.5563747,1.5613815,1.581421,0.6066598,3.07267,0.18848094,0.15139614,0.038928572,0.96096486,0.073093675,0.33975792,2.3613021,1.6030142,2.6207705,0.73952514,1.7199831,4.5907903,0.85516506,0.14844348,2.1490147,1.023264,1.3483627,0.83897406,1.3123735,1.4998926,0.90590817,1.4755343,3.0962305,2.077292,0.40020642,1.1305805,2.0174036,0.6702873,0.0033101877,0.5398412,1.2300211,0.28545085,2.2565145,1.7116777,0.33978328,0.56018674,1.72015,0.054416396,0.650537,1.3645676,1.8049794,2.4907928,1.2542386,0.3647708,0.669278,0.15701827,0.14461666,2.3412948,0.7272709,0.5155038,2.4074237,0.07690997,0.4624255,0.0,1.4958558,1.6132301,0.047034733,0.21562253,0.32681382,1.0381172,1.1191125,1.2638079,0.26519305,0.33742398,1.090129,0.62284064,0.9638041,0.20336209,1.5985361,0.17540877,2.0332818,1.7848135,1.5948516,0.026095198,0.02391069,2.2149847,1.9221694,0.49202985,1.0148209,9.049506e-05,1.4005249,1.0458832,0.259114,0.9572142,0.44043064,1.7740661,0.941547,0.29138,0.62763035,1.2047313,0.7593541,0.19147338,1.2046837,0.048759937,0.19265531,0.75248927,0.17730618,1.9256248,0.25976798,1.4846916,0.2974978,0.8812931,0.2745533,1.097326,0.9757891,0.139861,2.2086923,0.037532363,1.6827779,3.0963933,0.7046478,0.33068433,0.92828494,0.5796925,0.2835533,0.65644336,1.2277974,0.22791223,0.009161007,1.8510749,0.04241425,0.8369268,4.3923764,0.27842155,0.85128534,1.3618892,1.6630772,0.7674864,1.3480548,0.043235496,0.41224512,0.037515298,3.9576886,0.20792109,1.3541806,1.629061,2.554266,0.6720544,1.7204134,1.7748678,0.7938325,0.81119317,0.34369916,0.9743926,0.69505674,0.8711897,0.88545775,2.0208466,0.021828486,1.6615255,1.1275051,1.6529894,0.5082092,all_pothole_images\pothole_images_new_image_431.jpg
1.6297745,0.8069344,0.49504742,0.3887614,0.4554271,2.0261633,0.36602867,0.14176439,0.027146006,0.38805556,0.24254923,0.45748615,0.42783672,1.9029084,0.8446448,0.36671668,0.034579277,0.11579194,0.008696498,0.00111661,0.09888647,2.5580752,0.652802,0.34240824,0.6661833,0.54391724,0.6705892,1.2047975,0.030456873,0.5778131,1.2732279,0.47540626,0.5844011,1.0477864,0.23444985,0.33113706,0.2809306,1.453598,0.12696196,0.027230725,0.1858424,0.0421426,0.5508924,4.4992704,0.038781513,0.077354625,0.5631706,0.0,0.1578791,1.9630888,1.526713,0.062357504,0.5453645,0.1511829,0.047060244,1.2833736,2.236589,0.44743922,0.9592022,0.023431676,0.12026425,1.5202179,0.67018944,0.14597812,1.0534152,0.255431,0.13702187,0.14081566,0.26852447,0.14167362,0.35477808,0.0,0.49544135,0.20107454,1.406353,0.2704169,0.12807436,1.1338466,1.1519314,0.041574962,2.0255036,0.08693956,0.008913524,0.55942565,1.9453534,0.45021504,0.0670597,0.41722402,2.7436526,0.2304809,1.7217058,0.42495397,0.12787557,1.5631467,0.25744876,0.47142985,0.7716593,0.3015891,0.6975971,1.0330358,0.0467808,0.5965002,0.04035041,0.34104875,0.15676002,0.73311144,0.05557983,0.5710473,0.39608833,0.35875985,0.0893709,1.9668213,0.13623053,0.792637,0.4270172,0.716421,2.90312,0.6813835,0.35030267,1.8355209,2.7237537,1.6394064,0.79122657,1.4554205,0.006005375,0.4405333,0.6015406,2.6164134,1.2036036,0.18589973,0.17188771,0.0,0.8530488,0.047921248,0.17699842,0.27767566,0.58353573,1.6010742,0.027729735,1.7432307,0.3718978,0.007939588,0.2930935,0.68083483,0.2505257,0.3458851,1.1071962,0.42917955,0.13465841,0.17552224,0.32307434,0.87414753,0.46283755,0.297024,2.1370227,0.9248516,1.2296736,0.35062245,1.9289943,0.30061185,2.4461482,0.07990806,0.12326466,5.123422,0.10628884,2.2880406,0.30232587,0.67139125,1.937696,0.023087844,0.22098252,0.61965436,0.09266577,0.38252226,1.8938922,0.26104116,0.62171745,0.6862125,0.71921647,0.37286758,0.27898443,5.1011524,1.2781334,0.56272465,1.3760127,1.8836446,0.1524375,2.6025155,1.1552782,0.84253067,0.0042903316,0.5721876,0.3020956,2.4831495,0.009108279,0.13449332,1.2061429,2.054727,0.05654397,0.7540836,0.0,1.5027893,2.5270746,1.8655682,2.3110158,0.6425696,0.9829315,1.3319561,0.5260855,0.106662355,0.050184034,0.0,0.19992058,0.8399405,0.33618715,1.4292313,0.3889729,0.08430895,0.99529713,0.5371929,0.6126742,0.0007308128,0.42193827,0.14064243,0.1734593,1.5412859,3.906543,0.29181358,0.5728097,0.09891244,0.48975417,0.09020116,0.026299965,0.7707303,0.013096815,0.52295923,3.0710745,0.438411,0.55455863,0.105191894,0.019508353,0.12617499,0.06640282,0.033291887,0.30337062,0.08569032,1.1729889,0.7461155,1.1109972,2.723137,0.7885483,0.8981007,3.5303404,0.23285702,1.0385282,1.1967605,0.20305713,0.35332048,0.08561876,1.7092581,0.5753847,1.0819016,0.53330386,1.3844651,1.2396312,1.7708886,0.0,1.2509427,0.0,1.0694401,0.02880089,0.25056574,0.47908694,0.29818407,0.6529843,0.7265649,0.934736,0.5024972,0.72117084,0.6024755,0.077144586,0.21364158,0.10030115,0.26709408,0.39901087,1.0890615,0.87056375,0.47019786,0.75514454,0.32209647,0.5399194,0.36310875,0.93508124,0.5085104,0.064576514,0.037593413,0.2780119,3.2584913,0.8754258,0.16403459,0.21741797,0.61598134,0.011608709,1.9706864,4.4442096,0.27063096,0.23025802,0.29813218,0.004572637,0.0448167,0.6209883,2.8396876,2.1880364,1.1914698,0.36328232,0.3431651,0.086976625,0.13213924,1.450087,0.18480696,1.09474,0.25182202,0.020656954,0.23438722,0.3195631,0.87246835,0.47851226,0.0,0.09115194,0.4509905,1.2343304,0.85207933,0.014720568,0.0016322291,0.06182428,0.6331222,0.0,0.06025061,0.9923913,0.65416205,0.40258932,1.0403165,1.4023992,0.13195892,0.069303714,0.043822333,0.08698893,0.55570185,0.24469055,0.8758369,0.551514,2.9081912,3.0136056,0.052899748,0.7648904,0.80390096,0.042359006,1.4948479,0.9550614,0.4367639,0.042985328,0.311418,0.03804059,0.44218278,0.009241579,0.8953675,2.9902093,0.19323944,0.43314478,0.18691085,2.4490025,1.3038437,0.20439327,0.056425586,0.7622327,0.5356235,0.5794072,0.55210286,1.2307949,1.9693094,1.1321565,0.10916587,0.20253906,0.46796167,2.2061086,1.824992,0.6158343,0.0030673365,0.122360356,0.6174588,0.44495684,1.4831474,0.026333915,0.6598189,0.41472757,0.6092133,2.5383525,1.0259604,0.39781177,0.7503671,4.4336486,0.29644373,0.9905884,0.17139974,0.0,0.086065024,0.46956852,0.28255063,0.0,0.8689841,1.8496289,0.6025816,0.6111273,0.41170555,0.31713256,0.19919099,1.2886604,0.0,0.0,0.0,0.67852235,0.39462712,0.28635874,1.4607345,2.061447,0.021227919,2.8604467,2.6540012,0.48867968,1.7830272,0.0,1.3039894,0.84700483,0.32834867,0.25888038,2.9012134,0.5340705,1.189133,0.020761268,1.596813,1.7122753,1.637846,0.8117751,1.64383,0.743546,0.0,0.32789573,0.2045032,1.3592712,0.61572903,0.5207924,1.8817029,0.051931478,1.8421301,0.5466344,0.58045715,1.2294767,0.15601285,0.74877524,1.1151823,0.80031186,0.70773417,0.84972954,0.17911918,1.6299444,0.4483588,1.0076308,0.057625238,0.73615795,1.1665949,2.0766509,0.8203732,0.14402755,0.5176195,0.6713104,0.2616722,1.5278292,1.7589519,0.1990976,0.0,0.06093946,6.8527384,1.9203762,0.12245154,0.009671033,0.5080719,0.6700129,0.40381488,3.2605784,0.11382488,0.6401212,0.0,0.099141605,0.6308928,0.9112539,0.14750414,0.027690047,0.06578782,0.72966456,0.48381555,0.18426591,4.8667994,1.9403158,1.3079901,1.66697,1.2351744,0.0,0.020020746,0.21176112,0.08305592,0.0018215046,0.7759707,all_pothole_images\pothole_images_new_image_432.jpg
0.15974568,1.4170623,0.17568378,1.5337881,1.3987892,0.070674874,0.39831313,0.008790321,0.35970396,0.36416376,0.10842216,1.2756424,0.046623398,0.4640858,0.030702746,0.45476633,0.7613683,0.57035756,0.6541212,0.323256,0.3852805,0.5936653,0.40802225,0.29424915,0.1767385,0.63148105,0.075972416,0.2590909,0.43771985,1.0882179,1.7411807,0.7257446,0.65517426,1.5427439,0.11710912,0.5500453,0.37454566,0.33949655,0.11689667,0.028421085,0.039003793,0.39707252,0.028145924,3.9481206,0.19999471,0.19953996,0.12600309,0.03235878,0.28421187,0.1676364,1.2833918,2.7383876,1.8047603,0.019100342,0.11521536,0.49384096,0.75099313,0.6196924,0.31705585,0.00041748935,0.0,0.27350375,0.4222448,0.2819322,1.0132004,0.17175633,1.1937937,0.26647037,0.5805396,0.23775034,0.5695294,0.66896975,0.10613154,0.10727651,0.039707564,0.25014925,0.017175686,0.24281152,0.018954197,0.118787974,0.022630263,1.4856374,0.19242765,2.0950415,0.5900356,0.7384942,0.36920795,0.015736746,2.0318594,0.0012808265,0.23840119,0.17372297,0.12380093,0.09889255,0.312183,0.42770684,0.38775674,1.2660621,0.009160503,0.23729092,0.16740112,0.09291364,0.21374582,0.18598989,1.020112,0.06876546,0.38279265,0.08735542,0.39822713,0.31175768,0.07403339,1.2704124,0.71750295,0.18309987,0.033261545,0.8823168,0.41087154,0.0,0.29102945,0.37478778,1.4508677,0.059394665,1.0088042,0.13695821,1.5234795,0.4134596,0.19325723,0.63449967,2.1292982,0.0,0.21664074,0.18055788,0.12574197,0.0,0.07023129,0.3496011,0.06718757,0.015164833,0.42165506,0.16178484,0.5226636,0.2653311,0.4316905,0.7507458,0.19634469,0.6731178,0.015663017,0.72486764,0.29625598,0.38588846,1.1672528,0.5094059,0.016348846,0.8450447,0.87130034,0.24425012,0.6062477,0.06917467,1.986402,0.8422923,0.04050959,0.900065,0.043667786,1.3913683,0.85853046,0.0,0.98543775,0.0143069755,0.9602015,0.14780638,0.13364372,0.41745803,0.07941956,0.004202849,1.3718629,0.1261102,1.236854,0.090062775,0.24553706,0.011730222,0.018392451,0.084519394,2.295071,2.2787852,0.68274105,0.90766174,0.13274415,0.18869497,0.28830191,0.07455644,1.1890188,0.0067792363,0.02900985,0.5644814,0.13538243,0.0,0.66716176,0.01592824,0.29918727,0.24357422,0.22550087,0.75355214,0.18131077,0.15347889,0.19014566,0.32007706,1.3988186,0.14584783,1.615269,0.26520833,0.017102456,0.69838345,0.5221163,0.27673003,0.599776,1.5707811,0.70107037,0.19485255,1.4594624,0.011566206,1.62235,0.09014493,0.53157276,0.1190487,0.3380904,0.0781695,0.55937076,0.0,0.9117064,0.11712504,0.08809446,0.21064124,0.34320053,0.0,0.5687131,0.07665446,0.98049724,0.0,0.2668247,0.55348283,0.03521556,0.6333111,0.27055624,0.21765023,0.011218326,0.51201785,1.4331646,0.25926033,1.9128913,2.7525637,0.4044766,0.46147078,0.114473164,0.038705736,0.58485085,0.11808926,1.3122523,0.021842917,0.009344919,2.3684447,0.009660003,0.12227764,0.14418733,0.053590685,0.606602,1.691708,0.0027425846,0.18669277,3.6089387,0.05956901,0.023592306,0.02351679,0.3481476,0.10705053,0.15229742,1.7203575,0.34033903,0.14615636,0.12370781,0.6460868,1.3280846,0.8484465,0.94960046,0.5708237,0.13327096,0.18359491,0.18325038,0.060705476,0.70515454,0.10037672,1.0142056,0.24782088,1.0408685,1.3743937,0.16428453,0.34026796,0.75792795,0.26939628,0.73849154,0.6779528,0.4355689,0.46291655,0.0179631,0.060223382,5.281102,0.30040228,0.7920014,0.45848408,0.06463401,0.6201474,0.081729725,1.8501363,2.7360587,0.22314756,0.6676969,0.2527439,0.015248347,1.1799188,2.332059,0.12876815,1.7010264,0.637458,0.048061658,1.1642429,0.6061448,0.27786788,0.7945859,0.19548519,1.659629,0.038556416,4.451542,0.017755639,1.3919721,0.07449306,0.0889172,0.16093896,1.7706218,0.3418386,0.31317803,0.125929,0.92341256,0.81308454,0.40060323,0.4968183,0.0396207,0.0,0.18008041,1.0527219,0.34507522,0.2293336,0.28164977,2.3857095,0.83772075,0.15361826,0.069245845,0.084519304,0.6821206,0.7740564,0.04538085,0.89482456,0.008253054,0.6223186,3.2553978,1.6068558,0.06888272,0.004255769,1.0207727,0.03935743,0.35405856,0.8173487,0.2834119,0.100313045,0.31519884,0.055362,1.1080114,0.35850883,1.980044,0.79602903,1.0210007,0.4284896,1.0735459,0.112938896,0.09760899,2.6532683,1.7178,0.3157303,1.0295334,0.50627756,0.04844278,0.2474677,0.0046400274,0.7196082,0.5113676,0.50145817,0.13638176,0.12453369,0.2644824,0.2577905,0.9409867,0.12690073,0.39943787,0.0,0.40733176,1.4749955,1.5342818,0.30124518,0.95564,1.1654006,0.044750888,0.48896095,0.38174322,1.2108908,0.33210078,0.1392754,0.0056742136,0.22070916,1.1619632,0.1253263,0.8670631,0.0,0.70995057,0.47680786,1.3295217,1.3996254,0.6508392,0.6928969,1.6739318,0.9187346,0.1309071,0.54459226,0.137416,0.75941235,0.11719235,0.118396915,0.0,1.6753329,0.7304907,0.098432735,0.7638253,0.8619424,0.38010916,0.13051471,0.014120631,0.42371875,0.11341279,0.10638297,0.18675609,0.027326219,0.072953366,0.50320435,4.0063076,0.2596126,0.13579835,0.027867973,0.52830726,0.7145945,0.10506869,0.37910873,0.16397037,0.35769603,0.8677793,0.044057038,1.5582979,0.045754656,0.70466864,0.16192383,0.16622765,0.0,0.15797004,2.056441,0.46081144,0.2037515,0.18279827,0.06769736,0.53757614,0.96307665,0.40527445,0.9764567,0.09877542,0.5248577,0.28262153,0.6385223,1.368746,0.034138188,0.12075393,0.47745085,0.688264,0.186748,0.05728541,0.187894,0.040851608,0.4529302,0.0332165,0.27381864,0.27444264,0.008549116,0.17655309,0.33431998,0.07760887,0.087365754,0.11501454,5.9256754,0.12170198,1.1067832,1.0610446,2.2227547,1.6903824,0.258773,0.29377484,1.9589814,0.013804462,0.22766604,all_pothole_images\pothole_images_new_image_433.jpg
1.1253853,1.2497752,0.24080232,0.36730388,0.20751828,0.21037236,0.0,0.086228,0.2160683,0.19358082,0.18116945,0.5807356,0.3082075,0.24461195,0.0,0.4496998,0.1492849,0.07363183,0.18656802,0.36958718,0.08121578,1.8179822,1.2688336,0.64858735,0.08826386,0.08530211,0.14347787,0.3052681,0.0,0.5551952,0.506542,0.0,0.03764122,0.85088605,0.7407884,0.3162965,0.6213932,0.092208,0.42810744,0.26869878,0.007643621,0.6410055,0.25046632,0.13266842,0.9200758,0.03240018,0.04757004,0.05405577,0.0,0.4173489,1.409081,0.0049089626,0.13564795,0.34998313,0.0159859,0.15096854,0.7946358,0.0033189869,0.41677234,0.26657104,0.010884487,0.030365983,0.09195557,0.70147324,1.367975,0.60867673,1.2577883,0.029021855,0.83229774,0.45249104,0.15772918,0.93069565,0.5879285,0.0045921784,0.18806453,0.85284173,0.0969077,0.0,0.0,0.22020164,0.0054935473,0.1558864,0.07964593,2.9287112,1.1982108,1.0454926,0.21462707,0.037785117,1.615069,1.3968776,0.25609303,0.001030168,0.08552542,0.88018525,0.013246337,0.061896507,0.82294726,1.0689303,0.041357722,0.0070163724,1.0436481,0.7954339,0.31067878,0.0,0.0,0.43743235,0.20983863,0.4851418,0.055263314,1.1951324,0.34929532,0.4466468,0.60509056,0.11709777,0.07912591,0.13586019,1.8597211,0.083326526,1.5815837,0.7336263,0.77775604,0.5252358,0.43376428,0.05923,0.43931252,1.6738533,0.11595812,0.35213143,0.1812088,0.16336009,0.6749353,0.06890334,0.93474805,0.009802761,0.060804367,1.0175064,0.0025194748,0.1380456,0.35798928,0.043120813,0.25129405,2.0795221,0.19911286,0.5224652,0.20435922,0.5723697,0.019617049,0.46767813,0.13456964,0.6458902,0.33095276,1.0319201,0.61977357,0.0,0.43706378,0.1424912,1.7818303,0.72344106,0.320762,0.00067588565,0.86260086,0.27008975,0.008932798,2.2784266,0.08299047,0.03142762,1.0474445,0.018262992,0.6887927,1.8844587,0.1875527,0.0,0.0,0.0,0.56224036,0.0020491027,0.09550044,0.0,0.15121335,0.0,0.066216335,0.2708614,0.6376288,1.0534648,3.7772818,0.344524,0.0068245297,0.040251456,0.96427035,0.41303292,0.14394724,0.87856805,0.18161283,1.2284304,0.31172737,0.0030296834,0.7403352,0.26727268,0.4660595,0.19815981,0.2743494,0.64029104,0.024155546,0.65352964,1.53734,1.1458628,0.4934018,0.13641624,3.7438965,0.37512568,0.0,0.76999825,0.10530002,0.050426744,0.42224059,0.15001182,0.6315636,0.010090584,0.5504439,0.54282236,0.08800937,1.92076,0.29886204,0.70936257,0.3631208,0.05854136,0.5259059,0.0014969365,3.8340876,0.057236247,0.0,0.33259386,0.47300798,0.1365927,0.7408792,0.0,0.6442113,0.0,0.2274551,0.45117941,0.74259436,0.25499216,0.4550038,0.045670293,0.015737684,0.025632152,0.4390174,0.023640785,0.08748402,3.612302,0.03419387,0.1741501,0.6450934,0.005682012,0.079489365,0.0013842366,0.68785995,0.060241975,0.080165066,0.4138525,0.019278059,0.09112224,0.072800614,0.5462026,0.8690807,0.6111764,0.6651164,0.29891688,1.1229426,0.0,0.07008703,0.18831928,0.009248208,0.02288593,0.482479,0.45420918,0.23595816,0.27446675,0.120933644,0.20778283,0.22046031,0.2312597,0.8871338,0.111336514,0.21048674,0.1371598,0.021510452,0.011533266,0.13918777,0.5099122,0.5336751,0.16071424,0.0,0.87222445,0.04053938,0.06835756,1.357301,0.7165993,0.1420177,0.44252962,0.3305808,0.4868172,0.018968463,0.1843914,5.5698466,0.6596273,0.066851705,0.78204226,0.2514082,0.028733589,0.056878652,0.0076489826,7.610079,1.8881327,0.10010058,0.23759943,0.005674246,1.103886,1.9172353,0.06153361,1.9754845,0.41555056,0.3020485,0.3067041,0.2679023,0.08564332,1.2731175,0.08902102,1.0153819,0.072400644,6.0529885,0.4608796,0.0008870497,0.0018463853,0.26271847,0.020319771,0.3677141,0.0017015015,0.006535078,0.04988537,0.00944521,0.46740514,1.4571848,0.005923371,0.09194549,1.0703098,0.20476496,0.0717974,0.01020732,0.7064373,0.029252782,1.2843689,0.06425294,0.25775585,0.26183257,0.62382543,0.020778745,1.4458503,0.0,1.1566373,0.49436748,0.16066042,0.08677537,0.037701175,0.12257603,0.93167806,0.18416497,0.1454039,0.35164642,0.001469485,1.1656103,0.09600849,0.30021462,0.3149981,1.5209854,0.23534584,0.3140755,0.23887043,0.34347293,0.45726502,0.064932615,0.20233944,0.16842479,0.54151046,2.4174485,0.25703853,1.2577816,0.0025531135,0.42190373,0.6810171,0.076562844,2.0453272,0.36900654,0.118639514,3.738523e-05,0.4750475,0.21461496,1.166226,0.017415097,0.68599933,3.7206078,0.25951993,0.20573226,0.20666164,1.2180674,0.0,0.8117714,0.7893217,0.05738333,0.5099683,0.20403959,0.16062798,0.06985849,0.71105754,0.0,0.15650383,0.2511797,0.18048872,0.068126455,0.09415253,0.123472035,0.025126848,1.3646445,0.19415201,0.07590906,0.89677966,0.5579803,0.39540607,0.9724355,0.21768583,1.1823294,1.1673965,0.22346853,1.2052888,0.17910525,3.167498,1.0660532,0.10412882,0.17505202,1.1144538,0.0058043976,0.44002002,0.07267906,0.27666634,0.15524058,0.030797653,1.2039721,0.2587742,0.16495335,1.3483297,1.5720308,0.26987284,2.0886242,0.917961,0.07624559,0.892759,0.30883664,0.17665897,0.18234275,1.1529201,1.2903043,0.09651639,0.07365147,0.14866027,0.6168058,0.03148851,0.0,0.012546913,0.0003074251,0.75126535,0.9656685,0.15447244,0.91839546,0.4323114,0.49795038,0.030414907,0.0038574254,0.92376316,0.17594351,0.56148607,0.059285566,2.7402604,1.7250026,0.049555525,0.020676797,0.11210723,0.0,0.42664605,0.22103643,0.050647788,0.36721218,1.0691326,0.36517274,0.17042162,0.17508064,0.0,0.7384596,0.28839397,0.0,0.0017647292,0.06405698,5.500701,0.3831165,0.029602062,0.24780665,0.99105364,0.094939835,0.28775075,1.1644155,0.4801258,0.48431122,0.5369409,all_pothole_images\pothole_images_new_image_434.jpg
0.09503908,0.9467413,0.21664864,1.2161772,0.72235394,0.37367263,0.5181084,1.7178643,0.49020287,0.33550254,0.3845889,0.30471948,2.2710183,0.399462,0.013558008,0.55252147,0.10672045,3.353224,0.5696904,2.7016132,0.05192617,0.5704489,0.16624846,0.8942428,0.24620967,2.103337,0.6677643,0.23451859,1.0097938,2.26524,0.7136958,0.80979997,0.7876439,0.642666,1.0804068,0.20602061,1.1443402,0.16140907,0.854504,0.13919747,0.30064747,0.4543503,0.53894144,2.0281584,0.77352124,0.14227654,0.17650953,0.17451048,2.4392765,0.10882804,0.45827118,1.3406092,0.5186737,0.15319906,1.1505921,1.7990222,2.0375917,0.082112126,1.0358602,0.775187,0.54717076,1.3953829,0.9748018,1.0575961,0.5664174,1.0304439,0.037795655,0.47492933,0.08460291,2.5069969,0.2945246,0.47966862,0.162067,0.2181201,0.09676222,0.3433051,0.58325624,0.45961893,0.5617598,1.5286868,0.7353613,0.31729642,1.6788778,1.5076902,0.20517255,0.052502062,0.6485665,0.3246321,0.65085816,0.7871496,0.039976098,0.9292051,0.4483433,1.3928856,0.124546826,0.18877013,0.68775237,0.2900946,0.7577747,0.5141142,0.5704766,0.86671954,2.3790178,0.0,2.272451,0.33842576,1.64698,0.33697787,0.64813,0.068954386,1.3587866,0.8009344,0.52916116,0.43796822,2.9937737,1.013066,0.049744867,3.452922,1.4292536,0.24952221,0.19192903,0.073987685,1.2078415,1.3621117,0.6904504,0.62942296,1.3498745,0.4121638,0.5272181,1.0014156,0.12466533,0.47435564,0.5725253,1.6476113,0.7070921,3.8849182,0.21386401,1.0090892,1.5504831,0.59943396,1.0713007,0.20402348,2.0109296,0.31782103,2.3221323,0.92565244,0.0,0.097798906,1.2255565,0.45797846,0.49413338,0.69214106,3.3521671,0.26229882,0.6950921,0.46654993,0.4265104,0.29605752,0.09072444,0.2561093,0.037780527,0.5326941,0.6722739,6.3700953,1.9806381,0.032109432,0.9404003,0.6031293,2.067197,0.16473415,0.5030334,0.5303362,1.199364,0.15383771,0.5615557,1.2530522,0.047426477,2.5512056,0.16691573,1.4943916,1.1412793,1.1181664,1.3936402,1.0265406,2.7144377,0.57239646,1.2397987,0.14622842,0.2797919,1.705016,0.034181956,0.12508368,1.340214,1.2894814,0.72991866,1.1845514,1.6126447,1.0777401,0.03107911,1.7556841,1.3779172,0.64283025,0.59989315,0.6483342,0.67279303,0.12796211,0.46239433,0.09838013,0.4253483,3.5603032,0.47230086,1.5572385,1.7046622,1.4823865,1.2059991,0.85847986,0.9889799,1.8719417,0.04482807,0.6346858,0.64350814,1.2027099,0.49405327,0.1924756,1.2197545,0.26815975,1.6050657,0.8869364,1.6390852,1.232456,1.4339991,1.491323,0.50617784,0.0,0.11517447,0.28362477,1.4200156,0.6199367,0.06812524,0.2093576,1.3976046,0.8995917,0.3535636,0.37399366,0.6099811,0.771323,0.85902506,0.35437283,5.180697,1.0402505,1.7198662,0.011182869,0.049563136,0.18922693,0.038404517,2.1533895,1.9145429,0.9812406,0.54146487,2.0140193,0.39789316,0.35730287,0.33759743,0.66648585,0.4475103,0.21166377,0.057234477,0.27935168,1.0447525,0.770794,0.75369036,0.001730561,1.4111956,1.1596346,1.3668561,2.6656835,0.6843161,0.9659204,0.3330125,0.21665014,0.8305243,0.6754545,0.44107887,0.79987955,1.2728195,2.0449295,0.2842601,0.85078216,1.672022,1.4498599,0.08594475,0.0048510795,0.34085238,0.3587467,1.9089993,1.2576517,0.011802832,1.1079116,0.31159875,0.047727812,1.2806901,0.25991035,1.4511358,0.23139942,3.800004,0.6622493,0.23720077,0.41942623,0.24309179,0.7942877,0.16235133,1.0419536,0.5238554,0.3110689,0.5073927,0.5009254,1.4877579,0.15201129,2.1613772,0.052525282,0.63947356,0.6486618,0.18860762,0.06378942,0.41825277,1.2369679,1.51875,0.7951889,0.80322576,0.25715217,1.8790492,0.048321027,0.3433748,1.3341538,0.46080884,0.44351125,1.0433258,0.0032259822,1.0134618,0.30600414,1.226556,1.7490433,0.07107603,0.9362573,0.18416156,0.0,0.69057703,0.41870844,0.90736395,2.1624186,1.1617317,0.0014137554,0.33274612,1.0153321,0.15232757,0.13227709,0.03073706,1.419887,0.2213634,0.39608243,0.92525077,4.383782,0.03248999,0.60714674,0.13349795,0.10266192,0.9936981,0.42318037,0.6918071,1.8079082,0.12976325,1.4583395,0.8878769,1.7791947,0.053037435,4.6674,0.81276166,0.65402657,0.053758055,1.8663684,1.5001639,0.6540756,0.17418791,0.4416471,0.41083112,0.10090235,2.205752,2.1811972,0.2670656,0.04038633,1.0514492,0.5308833,0.0067414897,1.6217797,0.0046654516,0.078682005,2.1464176,0.29973513,0.26172352,0.35992485,0.25672737,1.469809,0.053192757,0.14853264,1.6703451,0.12807031,0.49309757,0.6857259,0.09777517,1.0574477,0.14273877,0.77250934,0.13142319,0.00398885,0.8950164,0.42406005,0.6917586,0.62272936,0.3860072,0.02672313,0.7754957,1.0985594,1.4259565,0.6416205,2.7979116,2.0949645,0.8641356,0.25380164,1.0255617,0.02423731,0.22645178,0.92437756,0.25015315,0.38961124,0.21277365,0.10491324,1.185389,1.2803544,0.46276617,1.3330317,0.088505566,2.0934658,0.5341068,0.20632035,0.20506248,0.9548547,0.564839,2.4161127,0.5286845,0.031551987,2.3007946,1.3729827,0.77332914,0.13171065,1.6297044,1.5287395,0.09847242,0.6182168,0.33122292,0.35645637,1.8531272,0.004763788,0.19230056,0.45606908,0.5175676,0.06257804,0.09954631,0.04065036,0.123020776,0.2731243,2.256001,2.0112562,0.34608445,0.76931596,0.2543291,2.476599,1.0879216,0.19412313,0.0,0.52484787,0.28711838,0.56242925,0.7132947,0.7074113,0.13879111,2.9174163,3.178458,0.9451683,1.5336878,0.64705604,1.2634498,0.055564865,1.1692162,0.19813609,0.80384076,0.069315776,0.08339755,0.0399482,0.18883768,1.4324683,0.30444622,1.1992861,0.26627073,0.56596565,1.7557908,1.0623105,0.09926555,2.2760432,0.2242643,0.12868643,0.84716576,1.5391189,all_pothole_images\pothole_images_new_image_435.jpg
0.8903697,0.29304633,0.94000334,1.6793015,0.09399856,0.064901344,0.0,0.021556474,0.25199264,0.25426176,0.1845097,1.6670164,0.8607629,0.0102049885,0.80819356,0.042052243,0.17990075,1.6628869,0.14723872,0.47350672,0.3955982,0.41349873,0.06126565,1.7754697,0.2621189,0.17913026,0.7053896,1.1295887,0.020556372,1.0793368,0.017743966,0.046534847,0.019082796,1.9375967,0.03139357,0.20636274,0.58473104,0.532594,0.65874875,0.37329444,0.012538554,0.5683711,0.8188488,0.2108071,0.82528317,0.016231503,1.7291076,0.7362396,2.9352238,0.77238816,0.38617674,0.9399347,0.012515436,0.5602121,1.6462629,0.39291927,1.7386688,0.0021444538,2.316577,0.36503506,0.009345402,0.3602452,0.5946755,0.36007452,0.98810107,0.29514965,0.009705825,1.0875624,0.15298711,1.0532429,1.6141407,0.40050867,0.72684324,0.0036617005,0.17880778,0.32366535,0.4356325,0.06920773,0.028533325,0.3024983,0.04002027,0.29913107,1.2032984,0.27889222,1.0296566,0.145042,1.0076141,0.61794084,0.6970561,1.0877721,0.0134287365,4.9784474,2.583544,0.007988212,0.7120973,0.9245087,1.0370495,0.51394826,1.640724,0.99980396,0.11004582,0.55238885,0.3175447,0.8569896,2.2655141,0.003518889,0.69783074,0.04154159,1.1812222,0.7712692,1.0300752,0.042038843,0.1332852,0.28496352,0.03506562,0.33141482,0.36635563,0.038276635,0.34011677,0.58713317,1.6565192,0.7170472,0.12616949,2.1875398,0.36192605,0.64327943,0.33368072,0.021008864,0.7078276,1.8285671,0.22363815,0.13340507,0.57937586,0.8300541,0.6646676,0.34613734,0.243115,1.6086082,2.6786337,1.007121,1.0245143,0.43636742,0.5194097,0.5202263,0.073910505,0.32274818,0.0072723217,0.88842505,0.021969052,0.2198215,1.3238044,0.21470273,0.033483963,0.3195966,0.54050547,0.6364139,0.2280897,0.12875836,0.0,1.9606198,0.22887802,1.1121324,4.853233,0.19372909,1.9837626,1.6502398,1.2845684,0.16128154,0.6676676,0.40979168,0.60939455,0.82962734,0.53492165,0.40151176,0.47453868,1.2510734,0.34746695,0.03879299,0.5258444,0.40045345,0.43580353,1.1513543,0.5214684,0.0,2.7398632,0.56513584,0.7642771,0.57497466,0.0031976104,6.8197126,0.23529768,0.58051914,0.8582903,0.70574623,0.24255826,0.47651824,2.0553288,0.06925714,0.3666714,0.13372405,0.6968697,0.31735393,0.9549741,0.012066366,0.1232211,0.4978352,0.14865753,0.08177393,0.0694992,0.45743403,0.14372985,0.5646323,0.4406239,0.053735167,0.89608675,1.4353535,0.52847236,0.33290607,0.0,0.34529254,1.9439414,0.58143955,1.2502569,0.26333597,0.02283105,0.11484297,0.0899607,1.4135458,3.6627278,0.5148598,0.08850935,0.0,0.48930135,0.0060428013,0.15503857,0.0,1.3311585,1.1912745,0.07893461,0.11605279,0.7487666,0.9763042,0.9174599,2.1854932,0.3968176,0.19193333,1.9540697,2.1636388,1.2007306,4.109934,0.5792923,0.7528969,0.08080238,0.040984426,0.0,1.4687114,0.43252093,0.24699499,0.17836642,0.5144471,0.9336472,1.5805155,1.1473446,0.9096351,0.0104510905,0.049186174,0.6348082,0.90492934,1.8161378,0.25965554,0.43725592,0.012736334,1.2964814,0.8074812,1.3636912,1.0047412,0.09656992,0.6268804,0.43970776,0.15308732,0.98060465,0.69115216,1.2296339,0.41994178,1.5524298,0.9421636,3.394037,0.67085254,3.7687612,1.0715343,0.6147787,0.0636666,0.25653654,2.6287282,1.8189491,0.20043151,0.7475908,1.6043438,0.8332201,0.43805584,0.06433658,0.21626219,0.3988135,0.066158295,3.4579918,0.41133767,0.8684753,0.5369289,0.40017146,0.7994372,0.40889582,1.6612414,0.4203667,0.63321716,0.0762592,0.48777708,0.86471945,0.011804579,4.4575047,0.26707566,0.15505297,0.49596587,0.008402056,1.8132137,0.5242148,1.4185884,1.3430275,0.31162682,1.3914999,0.26839045,1.3485979,0.22519633,1.2591983,0.067025624,0.03831705,0.0140470425,2.1680639,0.02528044,0.009739054,0.21419267,0.1365488,0.16450292,1.2691036,3.2602248,1.0526235,0.09357277,0.0414502,0.05839607,0.0054770554,2.2880375,0.20297815,0.0,0.6622674,0.39013788,0.5356265,0.0,0.0,2.2570543,1.7391663,0.5733416,1.418132,4.767696,0.0025763507,0.0,0.12868425,0.45940632,1.0273815,0.05915603,0.13858563,0.87606126,1.2053143,0.12521935,0.27270505,0.3695633,0.008588731,3.9008648,0.002646987,0.08240176,0.06380437,0.8476276,0.5375069,0.70740306,0.2665448,0.0,1.8099624,0.02271782,0.36401397,1.111339,0.0012413424,1.5480704,1.7099645,0.79547006,0.9349742,0.18971315,0.17331411,0.36599988,0.20675802,0.1329542,0.15333565,1.5506934,0.42905807,2.5621564,0.069835104,0.5105196,0.47831348,0.53366554,0.6045443,1.0545882,0.21882007,1.0385561,0.0,1.6021293,0.0,0.5419101,1.5896572,0.4600318,0.53690976,0.83563244,0.42984796,1.0219781,1.5503078,0.44556263,0.7030994,0.48104426,1.4655497,0.08764326,0.47593936,0.0,0.30557513,1.0846809,0.07931613,0.68313456,0.27234668,0.47987303,0.3698713,0.19782701,0.0,0.0015080199,0.25996703,0.28581986,0.11168275,2.2633655,0.09026512,1.2179393,0.24374472,1.7129109,0.6170875,0.31677276,2.1151972,0.2587516,0.988052,1.0904454,0.001350778,0.43467596,4.1888456,1.1664286,0.0,1.2399589,0.76199985,0.16301174,2.5723126,0.0,0.08246481,0.43646154,0.0055862507,0.35022599,0.45977476,0.2978995,0.583794,1.1608305,1.3605764,0.15625612,0.51096743,0.0,0.13430214,3.2167144,0.0,0.01563921,0.26355693,0.0,0.0020746489,0.6701149,0.5000641,0.018500216,0.6633947,0.49683636,1.7571429,0.13889307,0.91683084,0.04001989,0.57383573,0.585446,0.023728045,0.08632617,0.11519986,0.26557365,0.18321697,0.5039005,0.46525425,4.574444,0.22632945,0.6432418,0.4780377,0.388147,1.5547308,3.1262517,0.45249608,0.0063971467,0.55351865,1.2005713,1.3332888,0.6266799,all_pothole_images\pothole_images_new_image_436.jpg
0.96965057,1.7795855,1.3173456,1.8443558,1.0264965,0.84918135,0.18315132,0.04920939,0.64654154,1.2070992,0.024037814,0.53301376,0.4539578,1.158851,0.012142017,0.5115075,0.2580222,0.13439114,1.0565948,0.16441135,0.29159346,2.6900222,0.20595717,0.9401427,2.150957,0.23250526,0.0,2.358169,0.08803393,0.39384386,0.8485129,0.16783924,1.6058524,0.46491092,0.20870732,1.102091,0.5872613,1.1869553,0.36167923,1.001358,1.3377137,0.12790272,0.29144076,0.20667738,1.1559339,0.31359735,0.5488056,0.040422007,1.4361819,1.0797112,0.7149194,0.0,0.04991538,0.21062294,0.03352186,1.0995774,0.868189,0.09226427,0.3988481,0.07235782,0.012302885,0.15575035,0.29628536,0.18688215,0.41038874,2.1925678,0.5745696,0.16446051,2.5413096,0.8166504,0.6055261,0.4481456,0.368719,0.90264004,1.1485989,1.7557129,0.20520206,0.4884208,0.9690243,0.62491345,0.0,0.22452767,0.6743554,0.89990854,1.4559631,1.2344824,0.38921857,0.27928212,3.272283,1.2459203,0.275074,0.34215826,0.0,1.7327373,0.44890937,0.045982447,1.2141253,0.3659488,0.20020111,0.0,0.4775125,1.3559313,0.56502175,0.0,0.85011065,0.20762074,0.23554246,1.2867616,0.006780738,0.58239555,0.029071148,3.5113006,1.0616684,0.76898825,0.96156704,0.3067151,2.2588487,0.43457225,2.0819802,1.15941,3.3088994,0.5422646,0.43229058,1.4201006,0.179681,1.3445948,0.12700744,2.9580264,0.29679456,0.16589014,0.36212176,0.0,0.25200716,0.43018246,0.7236763,1.7982134,0.2825627,1.3859153,1.0451874,0.24702165,0.18940577,1.1002936,0.06268356,0.9188526,0.14194243,0.8622002,0.0,0.33584103,0.35406557,0.2733964,0.67266196,0.6496737,0.3462157,0.4167637,2.1022024,0.9821425,1.0805618,0.44142157,1.4143836,0.0607915,1.3387164,1.4117962,0.4375935,1.6985649,0.2950475,1.6444123,1.3476782,0.001641955,1.9321647,0.76202315,0.057433337,0.0069862106,0.0,0.27736437,1.8090552,0.0837432,0.61275923,0.20426928,0.14298786,0.03687677,0.0020731841,0.8661106,1.5673541,3.1023216,1.7901889,1.8720278,0.42035738,0.24145113,0.4548152,1.3285377,0.3806162,0.61815363,0.0,2.635645,0.5489428,0.6505381,0.8898069,1.2651469,0.35905418,1.0878198,1.004035,1.246186,1.0406982,0.9949487,2.9403505,0.40622213,0.8184037,0.46749693,2.3248363,0.44598135,0.0,0.10508365,1.0375097,1.0297838,1.1506238,2.514289,0.08439614,0.16719863,1.4218198,0.39614105,0.70690125,2.192144,1.09928,1.3769246,0.022945613,0.19713596,2.4137032,0.31378102,0.82593954,0.15394244,0.06516311,0.23381926,1.5175931,0.15709348,1.0104793,0.09601889,2.8433516,0.08989653,0.15889156,0.42339972,0.6931268,0.53305745,0.3455305,0.8228283,0.53335,0.073588766,1.5552303,0.7416654,0.2973103,4.0304666,0.85873955,0.9770612,1.355848,0.36432293,0.2227115,0.10884759,0.6236075,0.31268054,1.3487203,3.0632236,0.016198335,0.0019386298,0.2967664,0.9749253,0.021427892,0.32222104,0.8992557,0.035063908,1.2487103,1.4626527,0.28430542,0.009743499,0.25944886,0.0,1.9664017,1.3976465,0.7059968,0.55186003,0.99564236,1.6261673,0.109056376,0.6023052,1.3227192,1.3500905,1.083949,1.0044703,1.2775118,0.13472508,0.51130146,0.84681726,0.3619091,0.98318607,0.14966571,2.2104611,0.13978802,0.040109623,0.8109012,2.368555,0.32552564,1.1201633,0.2550535,0.92793643,0.3038585,0.64675546,4.169603,0.75458294,0.6566819,1.4277209,0.4866565,0.052274466,0.79521346,0.7325956,5.948868,1.6749787,0.0052541993,1.4681729,0.03861902,1.9586421,1.8677139,0.2890741,0.59784985,0.2740817,0.07658536,0.63822985,0.47279847,0.03339502,0.13662355,0.15974778,0.1505113,0.58976054,3.8444462,0.25451607,0.23293191,0.018978132,0.0,0.5590857,0.14884782,0.20808503,0.3103176,0.31683064,1.1221197,0.6827605,2.4447484,0.0003470967,0.20394205,0.88701755,1.784175,0.0075797667,0.44550017,0.15669103,0.18568754,1.4101387,0.21771084,0.3131904,0.82296115,0.20592698,0.13515212,3.3992763,1.2357231,2.026931,0.036807116,0.32854024,1.2054327,0.34233958,0.015196532,2.112034,1.4972128,0.35636488,0.6217546,0.62393403,2.276766,0.27295434,0.53264594,0.044705868,0.543376,0.5833376,0.009491687,1.0439646,0.0,0.33581898,0.8183286,0.85532886,0.17291854,0.7029705,3.544684,0.8871677,0.7931716,0.057667963,0.2861957,1.3079855,1.1170489,3.0248535,0.5552418,0.61408615,0.0008121719,0.705012,2.3620574,1.209359,0.0197204,0.04490424,5.0248246,0.4591654,0.8915474,0.56293404,0.7301613,0.30774465,0.43162167,0.8851843,0.01905714,0.018520582,0.6038133,0.119597636,0.5997819,0.4191489,0.11178605,0.050051514,0.631283,0.6766076,1.0023916,0.15490471,0.85541105,1.5181681,0.3173641,2.235379,1.2842762,0.24320745,0.1881868,1.2753755,0.42493945,2.4961429,1.4052615,0.16311769,0.593209,1.1801594,1.1760615,5.324956,1.651521,1.1495535,0.17267329,1.144618,0.7970948,0.15965162,0.32288188,0.111394785,0.35935313,0.022628754,0.37783054,0.33324984,0.39082506,0.47239766,1.1680472,1.1527817,2.4805892,1.4027293,1.0792264,1.3547747,1.3296138,0.755676,0.8565534,3.588017,0.35682595,0.8315794,2.650856,0.058272254,1.0739282,0.9553724,0.8002285,0.084263004,1.9261218,0.6353633,1.3657779,0.9689643,0.11445378,1.2306223,3.1029003,0.4622186,0.10701988,2.6269543,0.6966937,0.53103036,0.3399272,3.056018,2.604051,0.7609077,0.027471581,0.4669486,2.1106255,0.82471174,1.3120216,0.17032576,1.3435818,1.7546854,0.6834234,0.0,0.66966635,0.024381185,0.18555348,0.5218837,0.3898481,1.0175418,0.36200994,6.097888,1.9595933,0.49180594,0.47589543,0.54328626,0.040402595,0.6230306,0.30850935,0.46449804,0.10510009,0.74754065,all_pothole_images\pothole_images_new_image_437.jpg
1.6477433,0.65257245,0.6895813,0.7891645,0.26382637,0.043694478,0.12148817,9.8239565,0.26235175,0.21676165,0.015824582,3.2959645,0.0,0.26829544,1.6231269,2.0610044,0.046813972,2.1367385,0.021992706,1.173757,0.0,0.15634505,0.0,1.3330309,1.3533889,0.7698977,0.3176373,1.0010144,0.030910587,0.0003632311,0.738795,0.47791308,1.685528,0.590086,0.0146819195,0.73092,0.009240538,1.552707,0.25558805,3.1807077,0.99665755,0.22170088,0.27383003,0.04807379,1.0085164,0.15334567,0.14808705,0.4496095,4.6893063,0.17265859,0.17014001,0.32774404,0.5837696,0.06430642,0.018535163,0.039203763,2.6991365,0.0,2.24603,0.08178933,0.35195974,0.032282528,1.7659391,0.7527566,0.014033256,5.026771,0.22248532,2.5058446,2.7613933,0.4028688,0.067934155,0.012627392,0.0,0.0054413616,0.14706334,0.015053905,0.22308588,0.0060789743,0.44291905,1.6621785,0.34666,0.012008862,0.04092584,1.7138035,0.27123427,0.06808027,0.88700897,0.44057572,1.0452234,0.59829545,0.047536887,2.4230747,1.9464803,1.054474,1.9363233,0.8911935,1.1925787,0.25345436,0.48530224,0.3438276,0.55667645,1.9878923,0.60890543,0.35985276,0.32001367,0.10460084,0.13133371,0.2818078,1.3588216,0.4529293,0.0,0.10666232,0.11382322,0.03600844,1.8656158,0.14434105,0.19882777,0.33983323,0.58189654,0.12906016,2.970725,1.2594479,1.6120872,3.1403522,0.1944258,0.0077151,0.13716272,0.001409843,0.19972622,0.97516644,0.056722958,0.3335611,0.84387773,0.25019586,0.31391776,0.07553151,0.6627291,0.23097652,3.1375463,0.018395038,2.537985,1.1624198,0.14935888,0.022268401,1.7417146,1.1709806,0.04273199,0.2541798,0.04817093,0.50659454,0.9663199,0.6507742,0.861327,0.004927462,0.26987755,0.67302686,1.8787854,0.6140686,0.24412334,0.070998855,0.200617,0.59743786,3.1433797,0.0025902207,0.8951767,0.1358725,0.27732813,0.13539033,0.12915021,1.6605048,0.337676,0.32823923,0.016299509,2.0534835,1.3729439,0.7470131,0.16051172,0.0,0.0,0.71332765,0.056502365,3.2033243,2.168751,0.8164551,1.4258257,1.5716337,0.27946493,0.10666557,0.38023722,3.7622674,1.615632,0.008751076,0.23736112,2.8433115,0.54421014,1.1468823,0.97176343,0.14246155,0.29704276,1.0022738,1.3877448,0.5702321,0.35248813,1.2968985,0.53709024,2.2800715,0.50782675,0.4433706,0.5106932,2.082192,0.20164257,0.13740043,0.5658567,2.1063545,0.0,0.24199231,0.18295473,0.3324347,0.0022720962,0.16520514,0.11528846,4.889915,1.7220019,0.6319344,0.0020934823,0.06441857,1.1911204,1.8586214,1.0711646,2.8145297,0.030393036,0.26428288,0.04672775,0.0020283496,0.44299266,0.04501947,3.6972122,1.7950084,2.5598688,0.4949457,0.6465244,0.08276486,0.09983196,1.7949473,0.09486365,0.0,5.024672,0.40359178,1.6764984,1.9904282,1.8370292,0.08675805,0.4323464,0.038854424,0.0272148,0.7564617,1.0143907,0.3863577,0.36431086,4.154166,0.95348364,1.2432231,0.3257892,2.758387,0.104392596,0.67587006,0.43091854,0.19221993,0.3652975,0.44585744,0.7032173,0.0018148508,0.24437955,0.88493985,0.8705069,2.8524547,1.368157,0.042372577,0.022407403,0.038078893,1.4174023,0.0067074536,0.027594805,0.44583073,1.2595321,0.0,1.6952293,0.3851588,4.888324,0.07199876,0.015685076,0.12222097,1.2519476,0.27340442,1.5294572,0.0148878675,0.55793256,0.087064944,0.14220735,0.78035647,0.0,0.0,0.24385938,0.57338077,0.13329902,2.041227,0.5606999,0.25088903,0.41391003,0.0354399,0.094885774,0.1424932,0.0,0.16760935,0.24047624,0.18260345,0.0,0.58706796,2.8636525,2.2238493,0.9191249,0.061108705,0.07755659,0.019871393,1.3102794,2.3071249,0.5813307,2.4933546,0.84470195,1.0042012,0.010520311,0.27655563,0.68493503,0.08353568,0.0,3.6805613,1.1505738,1.1680746,0.72515464,0.795607,0.0,0.13322276,1.3570907,0.11742512,0.40682635,0.035488836,0.010556756,0.0,0.0,0.6401968,0.2322685,0.30582938,0.10920939,1.6357737,0.60366875,0.6968743,0.12717511,3.2579315,0.4898461,0.033616446,1.5427208,2.4086592,0.64967614,0.0024944055,0.067688845,0.0,2.6626854,0.0,0.34569347,1.5569006,5.8188567,0.0897102,0.033884782,0.002726846,0.6122693,0.7712871,0.080196634,0.30300266,0.014345746,1.6013476,2.6566787,0.7227203,1.1145926,0.020646088,4.672238,0.16720422,0.36947587,0.6143329,0.08950975,1.0759269,5.1993065,0.7957253,1.2984301,1.6656485,1.1759335,0.21208198,0.1034679,1.7068914,0.9595488,0.31599858,0.70929116,0.31354973,0.049100798,0.029682843,0.0,0.1373405,0.60254997,3.8108332,0.17763363,0.09805058,0.048214417,0.012834782,0.6931635,0.2757332,1.0705051,0.09981271,0.89702326,1.5707846,3.455874,0.7292603,0.14726241,0.45192954,1.5221634,0.11269862,0.5354895,0.7362009,0.55020684,0.10117901,1.0937009,0.86215144,0.0,0.16375758,0.19881149,0.15339632,0.1565231,0.3087721,0.21545303,0.69572026,0.5949508,0.11000247,0.06423584,1.3744807,0.41672903,0.10363346,0.38712305,2.137392,0.28367102,0.06604603,0.55102575,0.37901053,0.5135738,0.5772584,0.03524624,0.91814685,0.19676414,0.06676513,0.13517581,0.4384641,0.08155764,1.1355497,4.881824,0.053934947,0.3099083,0.0,0.43562523,2.2059066,0.6886724,0.11829997,0.0,0.11038847,0.05402476,1.114872,0.30795428,0.028488638,0.0,0.29774272,1.9678177,0.042297546,2.4478488,0.61506146,0.2979322,0.073121466,0.16572061,0.066414684,0.16542767,0.6222202,1.459345,0.28561485,2.0221312,0.0,2.0622456,1.2806643,0.022557959,0.0,0.47849548,0.32926926,0.014644957,1.253011,0.027272439,6.4615483,0.16756336,3.8299494,0.013791142,0.04085914,0.43799102,0.15790382,0.0,0.441523,0.28371516,0.25108024,1.1238042,0.5736632,all_pothole_images\pothole_images_new_image_438.jpg
0.72004676,0.7773748,0.96528655,2.0001168,0.41667774,0.4948164,0.16474654,0.14709833,1.0683162,1.2797326,0.62937415,1.9315594,0.4994436,2.8873405,1.135454,1.6610368,0.226172,0.69794273,3.1331534,0.23251715,2.3528757,3.0307305,0.18352817,0.1551857,1.7322612,0.33851698,1.2023181,1.4428464,0.45458138,0.028050058,0.3893594,0.6888921,0.25719324,0.026424874,0.0027812265,1.2298311,0.028528238,2.3898497,0.17889868,0.25971958,2.0889368,0.0,1.4734523,3.8139186,0.3183202,0.11278131,0.5366454,0.3315799,0.92041767,0.06506548,0.21222483,0.303199,0.903546,0.21797071,0.09192301,1.0973433,2.3654046,0.50913626,1.7089523,0.27061856,0.12143127,0.13744476,0.14890406,0.08122998,0.8913471,3.6443455,0.2573404,0.2447641,0.4195342,0.08210635,0.22066957,0.007352952,1.1248987,0.60576844,1.9507016,1.094155,0.29285258,0.9035998,0.014489305,0.7162954,0.8568947,0.021366183,0.44526175,0.6070319,0.7028783,0.33717564,0.024672136,1.2630289,3.3146913,0.3584503,0.008813535,0.067386925,0.0013170495,0.13493054,1.3805486,0.6420087,0.7761004,1.3174456,1.5185621,0.35259652,0.4886813,0.8421651,0.64484215,0.21792045,0.06558895,0.47528434,0.01416634,0.33086294,0.09599087,0.4013868,0.0,4.3022146,0.4661849,0.12924288,0.4871277,0.10765834,1.0311302,0.60449535,4.448115,3.0364633,2.068961,0.77076346,0.19103257,0.9803674,0.3989535,0.55080277,0.6486056,0.56069434,0.16431257,0.9476533,0.3399755,0.22398938,0.117166854,0.15122464,0.06326255,1.0383816,0.6968311,0.7160861,0.3568618,0.25836027,0.03538134,1.0469484,1.5187899,1.3267652,0.6473372,0.11023453,0.6802973,0.7180205,0.9423748,0.21579228,1.4830017,0.4331473,0.094610676,0.9062343,3.7115173,0.7558824,0.03020939,0.7326218,1.423972,0.50193727,1.1935252,1.2926351,0.20302342,2.5376608,0.14052457,1.9554337,0.05101897,0.83678514,1.6198696,0.8332018,0.01522509,0.1598938,0.59521824,0.35666406,1.8075411,0.54871064,0.41701412,0.04889205,0.012539217,0.82162803,0.726554,4.411874,1.5134863,1.5719758,0.94553,2.65234,0.0366793,4.5107665,0.3462466,0.99726564,0.051880866,0.7235866,0.045073867,1.5587944,0.576442,0.27026793,1.4337089,2.2521508,0.8179505,1.7129395,0.8146147,0.8059845,1.5332783,0.3811341,0.84091705,0.5494053,0.6015513,0.9630333,0.14952011,0.04230728,0.040144715,0.22634776,0.84034324,2.3514936,1.9864434,2.4422219,0.028818628,0.40246317,0.38301772,1.4535857,0.29654217,0.55569696,0.34248313,2.376687,0.062298395,0.12852186,3.7446282,0.123659424,0.48236135,2.1205378,0.37329116,0.12725994,0.4017513,0.07973231,0.5719848,0.52875847,1.3067322,0.047974244,0.15488556,0.06514345,0.40072334,2.2324193,0.599953,0.71911216,0.34708512,0.0065742596,1.0380093,0.01638903,0.62411165,3.5957544,6.658035,0.4712115,0.7301245,1.3115511,0.56515104,0.8600864,1.3658907,2.1626148,2.1184587,2.2888207,0.5965576,0.5744916,0.23793453,1.2770238,2.0808058,1.5866039,0.08821317,0.43955255,0.49268246,1.2044685,0.1577452,0.437721,0.9315123,0.21536687,1.7950655,0.40714327,0.5729275,0.14763707,0.05819305,0.7205485,0.15723053,0.37397936,0.27125782,0.65083474,0.5108865,3.4404073,1.6525462,0.3998876,0.48509288,0.9349214,0.0,1.0607569,0.3390414,0.83821476,0.13892603,0.8940772,0.24989474,2.1672652,0.8006731,1.993596,0.4137397,1.1632868,0.11622801,1.9044464,3.924903,0.3444505,0.88469803,0.77016777,0.78723806,0.23825261,1.7630714,1.6725068,2.047749,0.37679687,0.41398418,1.820064,0.08617471,0.47723466,3.6985645,0.06994549,0.076817125,0.011253055,0.41153607,0.2385235,1.1475002,0.24393365,0.1964095,0.07774132,0.41417402,0.816462,1.3429105,0.8337656,0.027498288,0.08523264,0.020020843,0.2682274,1.7199801,1.4203727,0.30356005,0.3934464,0.9312135,1.7342626,3.494168,0.6514741,0.9488198,1.0423541,0.09973176,0.60052997,1.6559168,0.026134277,1.1635113,0.3140965,1.6411434,0.16590074,0.98056954,0.57116693,0.13563195,0.8935046,1.1583242,1.1562923,0.0,0.0153393205,1.5435994,2.0549042,0.63018614,0.6078192,2.6500263,0.123778544,0.023853414,0.030294793,2.905107,0.68751514,0.8462164,0.046953972,0.64264935,0.11515249,0.07769747,0.39525583,0.3254697,1.281987,0.41494322,1.1271334,0.68042225,1.4093943,3.0219646,1.3178024,0.48415694,0.0,0.16780154,1.8138069,3.1000996,2.1499383,0.14063872,0.63136643,0.027480833,0.2456364,2.853645,0.7604971,0.3040559,0.019785807,2.686953,0.22508052,0.081250645,1.0329148,0.23988317,0.064620726,0.12161738,1.3341974,1.7413859,0.16123535,0.43286896,0.37036654,0.21264839,0.93268114,0.29598698,0.037337005,1.1248275,0.59900016,0.23817648,0.2973423,2.1454124,0.41643488,0.05377886,2.3803089,1.8197006,0.0807165,0.27980158,2.0563817,1.0943965,1.3836462,0.18630996,0.18303746,0.6456747,2.4739022,1.0945104,3.8113873,0.76801354,2.1756923,0.23676752,0.20214419,1.298398,0.834701,0.021924688,0.09300586,1.0349613,0.018869681,0.858308,0.05317604,0.12825881,0.8717576,1.9106008,0.6985117,0.4963508,0.8751435,2.9469552,1.781517,1.8936912,1.0408238,2.3465211,2.641011,0.3444896,0.39288393,1.1693163,0.0,0.66196615,2.059266,0.42777926,0.20679872,0.52696073,1.0663941,0.58024526,0.79566956,0.0,0.116947435,0.77937394,1.0785774,1.2613999,1.8628699,1.3482902,0.0,1.1970474,2.755837,1.3277328,0.114334114,0.002181058,1.8498456,1.0445797,0.43423665,1.2082374,0.099877015,0.15925413,0.5574748,0.24606626,0.826525,0.62596244,0.58868945,0.36163825,0.14021176,0.30300146,1.0065882,0.9180697,5.717438,1.8459712,0.16161521,0.24390462,2.3009176,0.25005603,0.3254743,0.37438545,1.1000751,0.3086989,0.6719514,all_pothole_images\pothole_images_new_image_439.jpg
0.30666393,0.9795161,0.5000147,1.0282938,3.0219505,0.66710716,1.2081804,0.15040658,0.45827764,0.000426309,0.6093667,1.3614128,0.41346923,0.6933005,0.01408635,0.16069603,0.14490521,0.048616637,0.70362824,0.14265682,0.28542775,1.565884,1.5746568,1.6389246,0.29212418,0.58930707,0.53417367,1.3889716,0.1192232,0.38842103,1.3161587,0.27069083,0.39871916,0.30318132,0.5388004,0.746268,1.1603364,1.2212821,0.099348366,0.4388954,0.016811261,0.15773588,0.30879503,2.181418,0.56452966,0.59027326,0.5930538,0.0090409545,0.22470564,0.260486,1.1872599,0.5789396,0.87353516,0.11784384,0.24619232,1.7958624,4.0400767,0.060362026,0.25273728,0.00055988255,0.51824015,0.104582325,1.3136743,0.051354088,1.6262513,1.4084444,0.47119057,0.0,1.7128438,1.0279765,0.02309312,0.81532854,0.13120268,0.17662507,0.35675335,1.2013248,0.5571991,0.70071614,0.09727151,0.6102075,0.05165243,0.0,0.0006550571,2.0559015,0.77101004,1.3671107,0.28690323,0.15203863,2.7386699,0.10826973,0.70367104,0.7979829,0.21839274,0.9317352,0.23886512,0.3911277,0.80995136,0.18338925,0.5466907,0.16707344,0.13376993,2.4604874,0.8655795,0.0004885062,0.043658912,0.0623765,1.0724237,0.08057372,0.015760299,0.7892253,0.20699884,1.6474149,0.51659036,0.20500574,0.34750026,1.5772625,3.3552754,1.0220265,0.58513033,0.99466795,1.2019732,1.270415,0.9390201,0.32159355,0.17827831,0.79053,0.51007026,0.30499655,2.3529165,0.38180226,1.3769827,0.43020126,0.7361034,0.3070196,0.12308589,1.4634743,0.27937773,1.1372305,1.4558413,0.5279427,1.7836106,0.30193013,0.013895536,2.7298217,0.27447778,0.48398796,0.15153143,0.46890935,0.18384719,0.74540544,0.16348435,0.38735354,0.007222289,0.068447664,1.0146624,1.2559142,0.709858,0.13031186,0.2151803,1.0517352,2.9345958,0.33146057,0.15471473,4.454369,0.45201632,0.6847956,0.28004068,1.6043402,1.2977905,0.03304099,0.1142972,0.32769293,0.03961197,0.04772178,0.6876214,0.16474673,1.1474,0.25700065,0.09425071,0.45719215,0.0046445034,2.5770798,1.8377925,1.0359491,3.5457952,1.1697487,0.9632777,0.7793003,0.14642869,0.24240322,0.6489053,0.10193675,0.1311599,3.478893,0.18380025,0.061763074,0.15283978,0.2585664,0.17857192,0.7412316,0.07722555,0.9122765,0.46399298,0.7594802,1.164426,0.5581659,0.37560228,0.2560012,0.64275557,0.20845957,0.15828472,0.14783642,0.98149556,0.55234736,1.41742,0.5627819,0.97735965,0.096024826,0.86164707,0.1443921,0.54424584,0.2582176,0.52685237,0.40172845,0.080989674,1.3310959,1.4987179,0.64719725,0.9104117,0.32937768,0.4216175,1.8271139,0.055382855,0.28430715,0.75021064,0.06972517,2.4707623,1.0111059,0.06382418,0.39243934,0.1501818,0.036328487,0.6246983,0.0030997072,0.27792946,0.34768212,0.5198349,0.2636318,0.8219628,3.233936,1.4045718,0.06417226,1.374427,0.36787483,0.09867072,0.047447544,0.16920385,0.19646215,1.2640667,1.3884583,1.1680236,0.6298613,0.12975985,0.20044298,0.502271,0.23517577,0.0785457,0.19294353,0.6493113,0.77921194,0.05345473,0.78492343,0.034890093,0.014678193,0.8765349,1.5434667,0.6244659,0.49281046,0.51407903,0.9118159,0.36907113,0.3130872,0.17597027,0.06398343,1.0785296,0.5249685,0.47592887,1.3808932,1.7754874,0.027248226,0.44963074,0.36791813,0.17199244,2.7319062,0.4304581,0.12078843,1.4533315,1.2142452,0.5693724,0.15340672,0.39197338,0.87930405,0.63523555,0.44083354,5.959876,0.20864539,0.5918359,0.31083876,0.0067147696,0.46250293,1.020628,1.2693181,3.7767136,2.3465605,0.058600657,0.6437324,0.09649464,0.19604546,1.6246246,0.12603728,0.052717596,0.45053297,0.006137484,0.8551086,0.80701774,0.5307614,1.1375574,0.9764164,0.2178471,0.10411706,3.6742136,0.47637612,0.00026397605,0.20392787,0.033088166,1.1059875,0.86963385,0.6955712,0.22149248,0.3038043,0.029438378,1.8566821,1.4549987,0.042315405,0.32918796,0.5057107,0.025207322,0.19683409,0.46268046,0.8538834,0.8747167,0.21265617,0.46789402,0.34837678,0.046371214,0.3757567,0.9525198,1.3705955,0.1735342,0.9643981,0.15379788,0.017484205,0.844517,0.47151604,0.07995685,0.135352,1.8047874,1.4514668,0.46078324,0.22042866,3.0437093,0.413626,0.30153915,0.12954254,0.9236547,0.74259466,0.04054477,0.070856854,0.7388122,1.6055863,0.17449588,0.026774954,0.49475408,0.87073624,3.3167663,1.7614468,2.791215,0.041337084,0.044523507,0.04018119,1.3065268,0.20793974,0.013290916,0.15310857,0.464741,0.019203555,1.9529308,0.072130345,0.40531203,1.0583673,5.8533654,0.6363443,0.040970378,1.4287978,0.53589076,0.0067269495,1.3747218,0.6231883,0.052217223,0.1318624,0.51018304,0.07136931,0.45013848,0.5655893,0.018304836,0.3421589,0.7345414,1.5277349,0.48256072,0.22083786,1.7509538,0.58014834,0.749721,1.1943823,1.6120515,2.0737534,0.3866187,1.5889117,0.1770325,0.28283104,0.5220905,0.3478845,0.620887,1.3356036,0.23911324,3.2366827,0.13312098,0.24646223,0.15568498,0.6215982,1.0633471,0.09411218,0.12469684,0.94021326,0.18315208,0.96287864,2.807606,0.22695433,0.6894964,0.6149741,0.44364655,0.16825065,0.23509598,0.91507196,0.73209846,0.2778328,0.678506,0.5063598,0.074827895,0.6755167,1.4318228,0.28774673,1.8386706,0.43737575,0.6377169,0.45442644,0.21663965,0.36495292,0.3738767,1.586811,1.2177457,1.2231344,0.3198817,1.3781043,1.7469081,0.14516254,0.8870798,1.036971,1.4833168,0.09337791,0.41742328,5.293062,0.49334514,0.19746909,0.0,2.2017746,1.7494186,0.61724263,2.142686,0.2299656,0.8293706,0.23854773,0.40396938,0.0443943,0.6661973,0.0689561,0.20616832,0.60737455,0.13515204,0.30324325,0.8798885,4.55444,1.1816349,0.8019129,0.4959383,0.502456,0.0,0.005110145,0.8315459,0.3062054,0.69625664,0.2273015,all_pothole_images\pothole_images_new_image_44.jpg
0.51536304,4.0678596,1.408509,0.9919301,0.19725145,2.197944,1.7127975,0.27278206,0.74810433,0.17564291,0.38742897,0.3388834,0.18277057,0.2898353,0.2975042,0.65785444,1.5027024,0.4834409,0.9124953,0.37523016,0.36840266,0.28616995,1.6759553,3.567807,0.8679886,1.2493677,0.48781195,0.6422199,0.21434584,0.9131241,1.6691738,0.057302285,0.18279427,1.0408171,0.40894553,0.8512676,0.61216325,0.7373988,2.4080732,0.56926847,1.6760943,2.6260145,0.8430003,0.0,3.7738912,0.18459222,0.018462304,0.2750294,1.7511775,0.2538442,1.0485784,1.0601491,0.65023005,1.0516638,0.1905643,0.9973591,0.3699316,1.021537,1.620657,1.5322119,0.9811827,0.9756649,1.0932953,0.38132337,0.29628333,0.17205407,0.97690254,1.3787624,0.42292196,0.5200076,1.9356036,1.5834347,3.0738819,0.32051194,1.3180599,1.2448814,0.78627497,0.64889216,0.79694897,0.9070054,0.35672805,2.0936096,2.7752018,2.1045423,0.717279,1.3053066,2.6462152,1.5106105,3.4631464,1.8127029,0.15185095,3.8255153,0.76044875,2.2785065,0.7570545,1.0234771,0.77624106,0.9901894,1.8867892,0.076570764,0.41033086,0.40604424,0.1633245,0.83622676,1.5722603,0.5170342,3.0234723,0.7518784,3.2564485,0.8560852,1.7853744,0.7695316,0.7577132,1.4880892,1.0867568,1.1144623,0.45323005,1.2401395,0.13646771,0.48506126,0.55632126,1.1173055,0.8081546,0.5741009,1.9097791,2.387524,0.08291877,0.179109,0.45823675,0.28757864,0.37520343,1.1839648,2.0029023,1.570749,1.0118595,0.28746298,0.6052573,0.8740996,1.4489107,0.41602874,0.25318146,1.6127555,0.8745752,1.4930707,0.76435405,0.72245014,1.2782986,0.06737003,0.68325174,0.46831858,0.21216069,2.391019,1.4843272,0.20186225,0.73920244,1.3127764,0.38917777,0.6722647,0.07823201,0.26844075,0.7325259,1.1091721,0.3963239,2.2723916,4.310208,0.20212662,1.3568934,0.3302582,0.3104055,0.91854846,1.3592865,0.24862063,1.0215273,0.09917728,1.1583117,0.037071947,0.7702151,0.7314586,0.91264635,0.5130493,0.9234465,0.7812888,1.3286515,0.63291293,4.264458,1.499346,2.8338394,0.7862315,0.37041575,1.6598046,1.3676708,1.5192612,0.7156996,2.5022511,0.3204054,0.9626883,1.6123756,1.7649142,0.45028856,1.5198392,1.533514,1.1320584,0.012003189,0.4853647,1.2046634,1.1223347,0.95378906,0.3382177,1.9378202,0.37179798,1.2323306,0.34426427,0.2887942,1.2564163,0.8035286,0.06775324,0.046818133,1.0919158,1.9801775,0.77988535,0.9789037,0.11908868,0.66635954,0.11977081,1.7097261,0.5186394,0.33453152,0.54029024,2.4932165,1.2869337,2.7441883,1.2628723,0.6608834,0.59530336,0.09988821,2.1920998,0.3025663,0.12360189,1.5077031,0.69095486,1.252695,0.49254864,0.32648462,0.014033469,0.23544447,1.2627345,1.005724,0.11438857,0.5303291,3.1160247,0.04597094,3.3272293,1.3369738,2.2933593,0.42969906,0.22424431,0.50030434,0.82199764,0.18427695,0.41206568,0.6725723,0.7262461,0.20771213,1.6303442,0.81831664,0.2837534,0.1963431,1.1785809,0.6275313,0.058442757,0.283031,0.06110898,1.9395941,0.97002345,0.89628553,1.2078509,0.7399133,1.7387667,0.0,0.22339045,0.15972592,1.2417734,1.837412,0.40271804,1.2368315,1.3643745,0.77217466,1.0299568,2.255145,0.4090065,0.9929262,1.473745,0.9788797,1.6648284,2.425288,0.51005936,0.18848827,0.32954258,0.81514955,0.65080094,0.10450848,2.0769846,0.027817648,0.50949323,3.3296015,1.6917573,0.49674913,0.3097645,0.49849388,3.1323924,0.43027616,1.5837588,4.516749,1.5162042,0.18630525,1.2351228,0.9565867,0.31912935,1.9509385,1.3535128,0.27074254,1.9936002,0.46595693,1.1229808,0.30516744,1.2933301,0.8939449,0.36532012,1.0646206,1.8276114,6.6338024,0.055018045,0.6327535,0.4372428,0.6644044,0.21579412,0.84342855,0.90137285,2.0198731,0.17399764,0.39803198,1.4364783,0.8762683,0.52341515,1.09822,0.055019762,1.4309942,0.17455882,0.054449216,1.40341,0.4690617,0.9224443,0.6365698,1.494708,1.3133271,0.38909075,1.6142864,0.3464503,0.34225598,0.2908103,0.2788831,1.7859477,0.5642343,1.1544833,0.21174005,1.6812787,0.5675751,0.45225415,0.035294063,1.3695086,0.05185999,0.7574795,0.50404114,2.0382063,0.5488909,1.040945,0.24275452,0.7842753,1.1286327,1.3671943,1.7234167,1.062326,0.19781458,1.9744003,1.6629813,0.43165582,2.2252278,2.2733428,1.7757833,1.2342017,1.8734543,0.91649866,1.2086115,0.091897674,0.41194057,2.4027078,0.5100446,1.9956534,1.0802447,0.1851729,0.5857393,1.3616785,0.47992924,1.2038586,0.3194156,0.12743564,0.50397384,2.4346611,0.42436123,2.7187998,0.2521521,1.036556,0.5216684,1.6557932,1.3864682,0.625231,0.83582956,1.3720973,0.058614835,0.7268077,0.13097553,0.3679449,2.5880077,1.5272596,1.378526,0.8858534,0.52792805,2.1700094,0.79486424,0.7647769,3.4460504,0.40296015,0.069391534,0.8263972,0.49026418,1.9059379,1.8114191,0.11871482,0.57186854,1.6181077,0.59388644,1.7585584,0.30768958,0.04036827,0.09212845,0.7512467,0.7668804,1.6503931,0.03680368,3.14914,1.0417786,1.841351,2.2092602,0.3136922,0.5386774,0.69639766,1.7810947,0.13384058,0.7140867,0.041199986,0.8510233,0.8068181,1.0296048,0.21120703,1.9602748,0.41866493,1.3485327,0.16976845,1.8983471,1.7067852,1.6075355,0.51057816,3.5547292,0.26293206,0.10013757,0.6417693,1.6792247,0.0054909275,0.47017342,1.2071158,0.38728958,1.4048884,0.8285925,0.35613814,0.29967296,1.4420813,1.8520972,1.1351931,0.5521419,0.07205549,0.18419075,2.525273,0.53068817,0.7837233,0.1881896,0.22190708,0.7305247,0.6826485,0.97359514,0.9947238,0.07941539,0.5030426,0.35141227,0.7186773,2.3727956,0.774123,0.5312597,2.1247802,1.3812745,0.21255939,1.7320617,0.52519053,all_pothole_images\pothole_images_new_image_440.jpg
0.75070035,0.42255816,0.21204379,1.0878278,0.0051654833,0.16818058,0.3714316,0.33249608,0.68688107,0.22553949,0.18028583,0.98210174,0.38016337,0.4322332,0.1702859,0.16449587,0.0012967866,1.0920485,0.1663139,0.894971,0.023576157,0.02320909,0.5763939,0.36942145,0.24239512,0.18018518,0.30139616,0.32502648,0.24920273,0.31855252,0.2849383,0.47048008,0.06898134,1.8270397,0.42541105,0.12419782,1.1273553,0.5302657,2.399209,0.030019255,0.46865773,1.3607947,0.07564349,0.29521698,1.7930287,0.67484194,0.32586458,0.32005602,0.36451912,0.29614884,1.2561584,0.026151326,0.69911814,0.016939592,1.0909104,0.5070967,0.016247971,1.7175131,1.7798063,1.1704245,0.1381501,1.1855779,0.07955379,0.21009798,0.10454823,0.12776184,0.5606082,0.43311933,0.58988476,0.18601565,0.6332244,2.196686,0.37554783,0.08962266,0.04736498,0.08909321,0.6267312,0.89924574,0.28593513,1.5830034,0.35700965,0.39400205,2.4635427,0.5601382,0.39573142,0.20851961,0.32232833,0.86777633,0.5572044,0.65766674,0.03589965,1.7619691,0.12138306,0.03200602,0.7795194,0.13693428,0.74908775,0.28909174,0.061762955,1.1173025,0.19748536,0.17856644,1.552153,1.1710359,1.4392803,3.9737062,0.23430881,0.44346735,0.4704471,0.3829974,0.5011955,0.017236134,0.26116568,1.2475268,0.32221806,0.45415106,0.13377535,5.262498,0.42034042,0.07002727,0.4674874,0.48439088,0.7980365,0.2962636,1.5385078,0.09958991,0.63999873,0.7848546,0.04056569,0.51555246,1.0157999,0.94832194,0.0,0.48444164,0.017641734,1.1866889,0.12928861,0.012418028,0.7123536,1.0856893,0.18349205,0.10077419,0.6338748,0.19307555,0.54040456,0.3467177,0.7249048,1.7130775,0.45563433,0.4343712,0.60079694,0.5375243,1.2043401,0.50253093,0.32312164,0.15660618,1.1566635,0.1356303,0.14140977,0.12593527,0.2690293,0.24381556,0.17860056,3.8814683,2.2454727,0.056528695,0.260326,0.038379397,0.31796554,0.5517902,0.36858022,1.07725,1.0759804,0.047117557,2.079243,2.0601602,0.49480826,0.30864075,0.7914388,0.70887125,0.38321832,0.606051,0.46003997,1.6390498,0.27471232,1.0013245,1.1517459,0.7141004,0.03283759,1.9021881,0.14768098,0.58794695,1.5916629,1.0060467,2.3561544,1.4786586,0.6425161,0.9745894,2.0692422,0.015456932,1.0108929,0.60326207,0.1987313,1.2326894,0.0879893,0.2952194,1.1288859,0.3184661,0.10826656,0.57172024,0.64314,0.13636474,0.36954972,0.028372768,0.32390422,0.11969688,0.3663151,0.6003674,0.26649752,0.20333475,1.3269802,0.09125414,1.664116,0.46002337,0.057764642,0.37138218,0.32601094,0.0,0.13407242,0.1180742,0.048169367,1.1689925,0.20018433,0.18515454,0.28927708,0.0,2.0541086,0.8874525,0.61885655,2.1086855,1.7604473,0.29569852,0.13667484,1.224561,0.9313637,0.041565124,0.25360054,1.4979818,1.3704731,0.5738211,0.3518025,0.08492426,0.089002706,0.041208778,0.32214952,1.3935058,0.14206183,0.37146983,0.11167194,0.007461533,0.22869213,0.34587637,1.1486999,1.0113782,0.0,0.022949914,0.98273534,0.030667728,2.0177844,0.058167204,0.69993615,0.12294943,1.0488558,0.6946088,0.541109,1.968991,1.0535197,1.2012496,0.17207368,0.16714217,0.5018625,0.5976158,1.0356513,0.15218174,0.10033143,0.079583466,0.030100003,0.036685217,0.17843777,0.4843079,0.40701497,0.06168976,0.12511753,0.016328903,0.56394345,0.3966363,0.046650063,0.5202768,0.26994085,0.5446335,5.8973165,0.049193986,2.5884597,0.022300135,0.5723057,0.13437875,0.016257945,1.7915273,0.1581263,1.1098496,0.09085175,0.0737534,0.29145604,0.057253495,0.88207024,0.04899889,0.38991413,0.5407514,0.3862869,0.8338461,1.4788604,0.35999605,0.8042842,0.09963368,0.0,1.1820066,0.84888417,1.2427644,0.100151956,1.2747071,0.24364062,0.028064573,2.1414154,1.0883317,1.0089731,0.19384977,0.2283692,0.03645644,1.0431286,0.59861726,0.1854706,0.85305226,0.24168418,1.0383824,0.7049599,0.18555027,0.15900761,0.862679,0.2244649,0.9408905,0.18109386,0.089660354,0.0,0.04038874,1.5736656,0.08569485,0.19044606,0.6921852,0.0017866086,0.010880419,3.3879092,5.5801992,0.47353375,0.84313464,0.7358783,0.1163678,0.64662373,1.0584955,0.68599886,0.1052378,0.09040826,0.40255794,1.4539181,0.1464441,0.057612292,0.21799615,0.21747656,0.21301818,1.1656835,0.45340914,1.3143659,0.9670104,0.156284,0.9027101,0.2199338,0.20348482,1.372227,0.17076519,0.10089693,0.5586843,0.31859043,0.37923488,0.078995414,0.27740675,0.0,0.5289394,0.022171067,0.37566882,2.4311996,0.8406792,0.14677463,0.7542924,0.0029440282,0.37343666,1.3305675,1.0678004,1.2741431,0.4740461,0.76758724,0.040416673,0.15318312,0.46866202,0.42544562,0.21751691,0.2635905,0.0013005718,0.050910622,2.1387007,0.17277426,0.13964185,0.06396749,0.28218186,0.7358532,2.3992314,0.9524564,0.61265284,0.61985624,0.0,0.48151454,0.4902152,1.9776596,0.84896344,0.007128019,0.17305402,0.0042672423,0.00031986515,2.5020256,0.59260964,0.5415387,0.5938341,0.5305379,1.1468884,2.0762532,0.49197882,0.5181721,0.33574957,0.4173031,0.2877892,1.010452,0.40938872,0.41730297,0.4564116,0.37817034,2.003889,0.5118924,2.023198,0.016946826,1.7535502,0.28829235,0.45883483,0.7254057,0.15728262,0.056768738,0.056495372,0.07019009,0.49943572,1.4085462,0.0030851727,0.3941815,0.0,0.03117846,0.78013444,0.4004329,0.06024091,0.10723548,0.13309096,0.7930827,0.05558612,1.5971885,1.0014554,0.06045053,0.086909465,2.4272254,0.08962369,2.0326796,0.56695664,0.65463,0.5648222,0.5514209,0.55721664,1.0861595,0.0712554,0.16804162,0.40210435,0.15744418,0.0,0.2709126,0.46790087,0.0,1.7147619,0.66949475,0.22096895,0.14873043,0.38107765,0.17792557,0.4647493,0.027447935,0.27960998,0.5990952,0.423114,0.077652454,1.1799766,all_pothole_images\pothole_images_new_image_441.jpg
0.6626411,0.1637567,0.45457807,1.6948692,0.15269423,0.04815815,0.0,0.0075142607,0.15242611,0.2790281,0.22871946,1.712404,0.70151424,0.007178039,0.4886554,0.0064366106,0.092914656,1.5251037,0.08416557,0.707199,0.31184316,0.307481,0.10077769,1.9564928,0.22507404,0.12532558,0.39114767,0.7839979,0.001899193,1.038206,0.01680324,0.0727077,0.01630218,1.6669964,0.02919702,0.16707458,0.61728084,0.22337833,0.2219688,0.26794946,0.017402992,0.49071738,0.7693348,0.37809363,0.8368154,0.0030278296,1.3202572,0.7147851,1.8867556,0.5765057,0.3279512,0.77711654,0.03674728,0.77716887,1.5368618,0.33991095,1.4489837,0.0,1.8869352,0.29563898,0.060195375,0.34330398,0.7020844,0.24872914,1.1318138,0.20807928,0.011868693,0.65942085,0.15343699,1.1549977,1.2280449,0.50006026,0.6187538,0.0,0.00652258,0.2112299,0.23269796,0.03615945,0.0034333533,0.34861124,0.013061273,0.3416126,0.83041745,0.2457484,0.98914653,0.0795632,0.7169851,0.7662126,0.5458891,1.4051414,0.0013278526,3.7525811,1.9428331,0.011219813,0.40415603,0.70492333,0.8882765,0.3794239,1.2889961,0.7484196,0.26378006,0.28930598,0.62991846,0.5489253,1.6435173,0.0012404857,0.901992,0.05894242,0.7687971,0.62303007,0.73086274,0.038100645,0.076438725,0.33139515,0.025636021,0.24434148,0.06758726,0.030042186,0.08115225,0.5521982,1.5571163,0.5067581,0.1871766,1.4928014,0.36601233,0.8963538,0.5456678,0.0009965188,0.5381863,1.6289886,0.12426214,0.12534475,0.63484526,0.88079125,0.3759869,0.7320249,0.05365736,1.6041281,2.179222,0.6457021,0.5973896,0.3729233,0.25601438,0.5932908,0.07558524,0.37655833,0.0,0.73250073,0.038636897,0.21654873,1.4099392,0.15665418,0.012632968,0.4842931,0.4212581,0.30380678,0.1603067,0.14468825,0.0,1.9349029,0.09912364,0.90286213,3.9594781,1.2858266,1.2627051,1.5653652,1.4552853,0.08554135,0.64543104,0.21185979,1.0889857,0.83246803,0.45061976,0.14807045,0.4148159,1.4168025,0.03189084,0.19670323,0.55464655,0.3283149,0.29680848,0.89617485,0.53375727,0.0,2.4769163,0.3809288,0.679803,0.42338568,0.06211606,6.0939174,0.09506465,0.4891392,0.44338533,0.24780892,0.23052852,0.5671387,1.5861797,0.05411261,0.3806216,0.07234985,0.71810097,0.19840081,0.873015,0.050698396,0.39713934,0.32205483,0.10935184,0.003077566,0.20810573,0.7460163,0.09984818,0.4288014,0.39386183,0.018593306,0.75494856,0.6281032,0.6997397,0.26523694,0.0,0.4881629,1.8514608,0.33079672,0.8905931,0.17109486,0.010273343,0.04775491,0.04247442,0.8275989,3.956064,0.19752708,0.0033949483,0.004305591,0.5265762,0.0,0.060921557,0.0,1.1853585,0.91276157,0.095318325,0.040409915,1.0011216,1.0806797,0.7097993,1.6657283,0.28571403,0.16959886,1.1847173,1.9099841,1.2410792,3.9224796,0.36698094,0.3089938,0.0037899981,0.0030126334,0.0,1.2107735,0.464864,0.16428378,0.014892984,0.1392489,0.61723405,1.0428139,0.6263289,0.65234894,0.013049805,0.03623508,0.76864994,0.78847784,2.5711522,0.21511546,0.40556568,0.007446256,1.3268101,0.76137847,1.5355476,1.0383222,0.027966963,0.8430809,0.28860396,0.13140935,1.5168254,0.64944786,1.6752044,0.20900533,1.3786157,0.7942276,3.2707112,0.48162398,1.9976984,1.1215876,0.3888254,0.037472513,0.1443503,1.4389613,1.6229413,0.24946578,0.58431697,1.5042913,0.6122604,0.4006874,0.42163894,0.16693921,0.24159698,0.06872601,3.9930992,0.28197345,0.889556,0.31301543,0.28761768,0.8496764,0.6973066,1.0687162,0.5678506,0.3746531,0.1105298,0.2891186,1.2495972,0.014922194,3.4557264,0.31879848,0.19201647,0.5703941,0.0,1.3704824,0.41881585,0.7478831,1.5871406,0.22956054,1.5736117,0.25972524,1.393002,0.04827056,1.3806866,0.22250666,0.021769373,0.0,1.2920513,0.02543652,0.061752804,0.06289621,0.26619306,0.10978251,0.9339095,2.9748127,0.46974468,0.12954228,0.032428764,0.15495747,0.0,1.77747,0.19260089,0.0,0.48375642,0.3978779,0.41816345,0.0,0.0,2.4515538,0.82421553,0.45165062,1.0505534,6.047175,0.0030688683,0.012726763,0.17037268,0.4825522,0.93794715,0.08202925,0.031123571,0.49304062,0.5658448,0.19112931,0.47437185,0.4012707,0.009645585,3.977263,0.0,0.09915782,0.044052433,0.38927537,0.29530722,0.6992341,0.047020864,0.0,0.93103915,0.017940788,0.3194042,0.8272606,0.0,0.8446346,0.77467936,0.81813097,0.86925405,0.2674381,0.049094327,0.2745501,0.10029678,0.12461666,0.037653796,1.1885935,0.5294207,2.747819,0.08015068,0.42991084,0.7933821,0.58947265,0.35275993,0.55634904,0.25841138,1.031264,0.033495463,0.82550937,0.013986136,0.0963998,1.2939922,0.22361808,0.21379562,0.9427592,0.3181756,0.6629608,1.0783235,0.38154855,0.636844,0.33132306,1.2684668,0.02908935,0.30090317,0.007857772,0.1719087,0.73314154,0.28294328,0.5356784,0.09924792,0.34521514,0.270827,0.03425648,0.0,0.026984321,0.2785153,0.5445934,0.02403208,1.6844708,0.0051661497,0.9104768,0.13033006,1.5494591,0.66347253,0.36958617,1.9515277,0.20483615,1.2319798,0.8540063,0.0,0.39222515,3.6702747,1.5562781,0.0020474158,1.1115423,0.50409585,0.047153063,2.1285477,0.0,0.046727832,0.37917957,0.0002572777,0.12179822,0.3699531,0.2622303,0.61909074,0.64868,1.4614857,0.05849487,0.34408748,0.0,0.054210283,2.8594635,0.0,0.018606877,0.06612402,0.0,0.0,0.5534299,0.25981265,0.013771999,0.68183726,0.5788861,1.1702442,0.054614943,1.105797,0.033241436,0.71822774,0.3207783,0.0010820356,0.18294208,0.0960985,0.16399637,0.14181194,0.20191574,0.42478764,4.211965,0.20418136,0.43678626,0.5232941,0.034114707,1.0086939,2.8486576,0.60544175,0.0013063551,0.53121126,1.0341169,0.93151915,0.39088276,all_pothole_images\pothole_images_new_image_442.jpg
0.8738109,0.8906197,0.22578418,1.6676732,0.65214,0.43286198,0.4342713,0.12218672,0.12669758,0.24136488,0.5190752,0.39124507,0.16663635,1.4200757,0.046588946,0.11565028,0.33642393,0.30484888,0.34535778,0.30134726,0.29942665,0.6980602,1.7495744,1.3023808,0.0015768624,0.0,0.07473446,2.4931836,0.021601511,0.07502105,0.6089158,0.057506416,0.47792587,0.8835631,0.5958211,0.60688305,0.22178482,0.29591197,0.0023014287,0.01930337,0.000704831,0.09018944,0.33842102,1.0966084,0.09544813,0.34638637,0.21263525,0.04969085,0.0,0.26140788,1.0895567,0.2931161,0.41361842,0.009519355,1.079164,1.1811243,0.82601887,0.49344057,0.9008428,0.12030272,0.7673617,0.43550155,0.70553845,0.11494512,1.589165,0.18939738,0.80691564,0.14397399,0.2666333,0.5025317,0.23521069,0.0015542944,0.24393319,0.04950331,0.45328942,0.0,0.22717598,0.61961985,0.05331186,0.018474821,0.07721076,0.48486078,0.1008081,0.95189476,0.850846,0.43437862,0.069955505,0.1852637,0.76099575,0.2657192,0.8880283,0.6865327,0.00651209,0.25068074,0.3218031,0.28270566,0.24527149,0.67392117,0.030010456,0.17699969,0.05566736,2.0334342,0.049031097,0.48278528,2.6163535,0.7726586,0.16916539,0.20819162,0.08530446,0.6035909,0.095678136,0.2613295,0.15393697,0.82781017,0.27073374,0.010706832,0.5671454,0.27383924,1.1182592,0.64632916,1.5110159,0.47387224,0.26882923,0.5157155,0.2885018,0.85512286,0.8097872,0.7701457,0.46794844,0.41712597,0.6365661,0.0634561,0.010330472,0.33968028,0.15965411,0.9175949,0.9044432,0.21664762,0.0005746123,0.3783468,0.9920179,0.022926426,0.8736163,0.56379443,0.036736615,0.22847477,0.030048804,0.025239717,0.0151590435,0.50861317,0.31026173,0.22196408,0.13456295,0.28843728,1.1286175,0.29712605,1.4746103,0.51237017,0.206263,0.21914297,1.5421634,0.49403602,0.11652711,1.0484618,0.42124188,0.0,1.2398199,0.25320834,1.4251068,1.2296203,0.013685533,0.22740743,0.0,0.30662766,0.2218886,1.15991,0.5943695,0.1623307,0.1681173,0.0015794479,0.032642554,0.5889713,0.45810753,0.708116,0.64459395,0.7954335,0.058457248,0.32534587,0.3920347,0.091687866,0.1017712,0.31961772,1.5439245,1.9084892,0.27208906,0.16699088,1.3463964,1.04524,1.040091,0.0415885,0.1682325,0.7338669,1.026849,0.09270814,0.019426262,0.6002003,0.63166636,0.03634571,1.2928966,1.0883768,0.022673722,0.31958592,0.39125264,0.262896,0.57162046,0.83727276,1.258758,0.35576916,0.35547715,0.10020353,0.98893875,0.02736738,0.8517376,0.06677438,0.0,0.0050549055,0.4061399,0.04272031,1.4548517,0.04928402,0.011892191,0.17768271,0.26001915,0.580323,0.08044648,0.00067330274,0.70656717,0.68137485,0.0028124203,0.68874866,0.02396037,0.11738091,0.23097782,0.72493476,0.38860023,0.0,0.68881303,0.5846861,0.71564114,2.460858,1.8532501,0.17925234,0.05812784,0.07490671,0.74300396,0.28792107,0.0069409083,0.0,0.06705551,1.9864486,0.58941346,1.0209234,0.3928135,0.3284511,0.0,0.62014073,0.30816618,0.59369504,1.4461527,0.4268465,0.26399934,0.27865297,0.4944176,0.13536456,0.0,0.11911022,1.325201,0.21602473,0.68598175,0.057920616,0.16491893,0.81542796,0.1660833,1.403324,0.12985079,0.165341,0.5700333,0.3672885,0.50610054,0.015738422,0.13807033,0.25565845,0.13010292,0.6720332,0.30506954,0.23252986,0.46730927,0.12128027,0.052540023,1.8106396,1.3039701,0.007804748,0.27480745,0.17826419,1.4511791,0.0,0.5276595,0.5674366,0.47057128,0.42649612,1.4087074,0.26453075,2.1582227,0.5879298,0.7612939,0.08414855,0.0064802216,0.8002754,2.0585458,0.20537664,1.6148297,0.28541523,0.07463158,0.2229362,0.2099937,1.1359947,0.1011619,0.0,0.47396323,0.41223988,0.08863445,0.086883545,0.2616733,0.32715204,0.061379742,0.16072658,0.9467612,0.091106206,1.1930218,0.11263647,0.22407515,0.42044482,1.5041159,0.70041734,0.6091888,0.48520488,0.12581208,0.24633008,0.17612484,0.271676,0.3778305,0.15253396,0.0037202814,0.34601212,0.30944335,0.16414785,0.18139854,0.5249126,0.123057984,0.47301888,1.2663884,0.519317,0.5993636,0.10070332,0.069093764,0.003565834,0.91964924,0.21770097,1.115968,0.66262007,1.1276652,0.3157406,0.9068812,0.59650743,0.8675991,0.59874535,0.6736669,0.078272864,0.528014,1.2071157,0.7831456,0.10121766,0.48767167,0.737471,1.2732149,0.6603222,1.4683543,0.11891229,0.18417206,1.2851814,0.030737901,0.85796595,0.0,1.9162809,0.048702326,0.81443787,0.8169009,0.9040508,1.2295048,0.33453664,0.87560767,0.7142899,0.53084636,0.093512066,0.47539863,0.11359523,1.4392812,0.015469805,0.018919911,0.72984654,0.35123977,0.23209395,0.6075429,0.13404082,0.009663093,0.006149876,0.75895643,0.5438782,0.70704246,0.0,0.53580385,0.50810504,0.06744144,1.3391694,1.6593348,0.23853622,2.9838526,0.36858794,0.34983304,0.36737788,0.14071123,0.44511685,0.10675043,0.3607671,0.3249428,0.17645903,0.5774761,0.74684274,0.2715724,0.18119955,1.4090713,0.07944675,0.14711894,0.025425568,0.50911725,0.0,0.57842594,0.030235596,1.283533,1.1838572,1.8728436,0.15926017,0.6616175,0.27685598,0.20380624,0.32023358,0.031194767,0.0648557,0.09463825,0.33100304,1.0133089,0.47183087,0.4380412,0.63584286,0.43447214,0.07344221,0.1704428,0.022433033,0.32892233,0.13438915,0.5487293,0.7331129,0.05023057,0.47221404,0.34655714,0.0,0.21218023,0.7504112,0.4366331,0.0,0.7533454,0.48765087,1.5577675,0.53361017,0.28691888,0.07110813,0.30307406,0.13182305,1.145312,0.016977185,0.13037731,0.38202375,0.010393532,0.3474463,0.31224105,0.0,0.005444576,0.064996846,0.17690533,0.24862188,0.52247083,3.0792322,0.16468787,0.59933484,0.20360984,0.7994782,0.31016684,0.03668197,0.12288435,0.37807912,0.45968276,0.08636479,all_pothole_images\pothole_images_new_image_443.jpg
0.86503005,1.6567115,0.29169264,2.227693,0.16910231,0.3022478,1.0618362,0.35856035,0.41075745,0.6346261,0.5430136,1.3362352,0.9287556,2.092523,0.35494697,0.56718004,0.4880566,2.2152832,0.9969157,0.23237932,1.3375515,0.9802817,0.96808904,0.17203763,2.0449898,0.27787018,0.81245935,2.7636843,0.3731278,0.23146582,1.1710052,0.07697166,0.62792915,0.0054401495,0.5028137,2.1724126,0.04117348,1.020254,1.0042756,0.3180421,0.006278112,1.4412333,0.09542558,0.4530188,0.25461605,0.22989334,0.6369828,0.84112686,0.014547468,0.10017354,0.10343133,0.21970901,0.71248376,0.2113191,0.050362363,2.5006518,0.53747565,0.019489923,0.5815671,0.39916041,0.90924317,0.27721053,0.9629128,0.3058182,1.2648033,2.4399762,0.2081763,0.2235453,0.04697644,2.0637805,0.5388766,0.066297494,0.19098517,0.099201664,0.018830808,0.025709774,0.5761648,0.2781943,0.24246019,0.25451607,0.5876715,0.01775289,1.8757442,0.727558,0.193209,0.054314982,0.15581483,0.014891772,0.642454,0.022043863,0.13227388,0.6351551,0.115316056,0.24376374,0.45644724,0.34599856,1.1842746,0.7199249,0.56276065,0.49329376,0.37587243,2.9432843,0.6724055,0.29451802,0.7871989,0.044949476,0.1422287,0.7923816,0.2505961,0.198463,2.1250641,0.44549796,3.2635558,0.3972055,0.89346516,0.12827638,0.059017584,0.06762359,0.28821307,0.56990826,1.6576273,0.007593179,1.2099633,1.7626536,0.78023356,0.80353093,3.9555068,0.7901527,1.6766475,0.36850712,0.8291781,0.45390612,0.0,0.19795011,0.7016251,1.7591931,2.5711288,0.03687902,0.5333671,0.2454871,2.6365652,0.131363,1.1649678,0.80011916,0.115758404,2.9006784,0.0075819343,0.4188294,0.2897714,0.06254628,1.2278006,1.4801048,0.04350729,0.06566429,0.26630476,0.04622922,0.8099242,0.09126381,0.9892708,0.43557364,0.8141928,1.3900129,0.09060196,1.9186716,1.1900172,2.035237,2.3903513,1.510938,1.9017563,1.9637417,0.72301364,0.3143011,0.013850098,2.389726,0.40173626,0.24279763,0.62997395,0.7457244,0.28125712,0.5790945,0.06501711,0.6948298,1.6217436,0.10340093,3.035967,0.037718516,0.8287278,1.055297,0.051415194,1.1594336,1.2605305,0.45397443,0.09084855,1.9230745,1.2129542,0.027774032,0.40001148,1.528718,0.0930852,1.4574811,0.2937407,0.63444173,0.45638028,1.7050229,0.20582035,0.045509282,0.986143,0.5377256,1.3879558,0.9944868,0.0,1.2805364,0.63011116,0.056570567,1.8832805,1.4358025,0.7386308,0.8085527,0.654978,0.45113564,4.021474,0.280038,0.47270516,0.1092105,0.015743453,0.15366665,1.8690817,1.5381815,1.0960083,0.94138414,0.3561388,2.2082186,0.38386422,0.16990654,0.2523617,0.033517305,0.590763,0.50145644,1.2391028,0.33154374,0.03939106,0.01635568,1.2758775,0.12391333,0.9477877,1.8839896,0.26915887,0.31773412,1.1777959,7.2821693,1.5800735,0.4297937,0.0977063,0.28770387,0.024666626,0.33851618,1.3797055,0.5527886,0.7545306,2.878918,0.14279403,0.14102207,1.4643645,0.073377505,0.112585716,0.6941806,1.0760107,1.221009,4.223946,0.8733929,0.32367107,1.1610626,0.2892439,0.06871049,0.7898446,0.6722552,0.06653873,0.55473894,0.53482246,0.79825795,1.2773004,0.041149814,0.5792114,1.1272043,0.48518425,0.49215946,0.4399294,0.07459567,3.752209,0.14240184,0.0061446927,0.6168588,0.22443593,0.9543245,0.24983902,0.73331153,0.17310269,0.5778207,0.28040096,2.2738752,0.14672859,0.45135662,1.2532102,0.033572618,4.120382,0.010336218,2.0105228,0.09604757,0.08941515,0.9368686,0.6676175,0.68100893,2.1275704,1.2400221,1.9632934,2.3368208,0.35358152,2.2754734,2.9239008,0.5620411,0.080348104,0.020643886,0.81726885,1.2986426,0.9086943,0.0889979,0.14648068,0.0065753143,1.3227559,0.21956323,3.1184075,0.30478433,0.1886286,0.7484548,0.03779957,0.0,1.9921161,0.4087575,1.0031246,0.10710913,0.16365315,0.14104865,1.2680492,1.0439937,0.6806069,1.4256696,0.45112535,0.37577695,1.1762319,0.5734785,3.0175774,0.14628652,0.2663019,1.045793,0.2909852,0.06658231,0.16044983,1.3892341,0.017946295,0.104996994,1.3767923,0.9838064,2.1689863,1.6755232,0.005897508,0.0015644949,1.0851704,0.008431737,0.15124072,0.80902267,0.1829885,0.036570888,0.3504458,0.1177388,0.08152134,0.35212776,0.03311176,0.85480815,0.7927476,0.33812004,1.345481,0.28600737,0.23753065,1.2186013,1.5864193,0.33426058,3.1832125,0.13699959,0.201799,0.6158986,0.77786523,0.2982011,0.086694635,0.15646169,0.0977233,1.1031903,0.18930945,0.556216,0.013361343,0.99611676,0.3590769,0.89004606,0.75184566,0.67847115,2.3131561,0.012759739,1.1269755,1.057464,0.15695882,0.4879717,2.8379989,0.6255225,0.09073331,2.9071941,0.81020963,1.0738654,0.63629717,1.1493479,1.3497128,0.73629946,3.9620588,0.08292109,0.8242899,0.8758316,1.9025334,0.13032268,0.39705256,1.809929,1.3780396,0.16060759,0.6199905,0.44202545,0.0031077994,0.38078472,0.11137174,1.0447203,0.086229496,0.81299543,0.18416145,1.5589763,0.38694596,2.0411682,0.2680413,0.087146156,0.11743069,0.011266511,0.45175365,1.9437754,0.50288516,1.729054,2.0286844,0.13805316,0.87147754,0.17697798,0.19110358,0.8889562,1.4732134,0.15447602,0.2000278,0.105357535,2.728895,0.06007102,0.25932807,0.22375755,0.41150168,0.45977306,0.0013270694,0.0,0.13074172,1.6199918,2.0004263,0.7779518,0.0869867,0.73395956,0.26756367,0.016778069,0.91021353,0.8587642,1.0357366,0.07251037,0.13692531,0.40136972,1.0239176,1.8011343,0.0,0.49224463,0.20574217,0.011064812,0.4739778,0.26133832,0.14266561,1.3665135,0.21168794,0.9053101,0.0006914461,0.47086924,0.10621602,0.027154015,0.33878955,0.39168626,1.0315195,1.5783082,0.14594641,1.3655987,1.9210134,1.2669387,1.2243147,0.44920617,0.3819032,0.19588286,0.060750857,0.5875886,all_pothole_images\pothole_images_new_image_444.jpg
0.3547408,1.5954826,0.72771084,1.0434587,0.05740839,0.13858864,0.30543676,1.779423,0.8039124,0.12905091,0.36560482,0.62516093,0.24706067,1.35715,0.1003646,0.10593141,0.40384424,0.12357823,0.58693343,0.5799086,0.18707459,2.221226,0.6062714,1.414204,0.061934765,0.8874953,0.34667408,1.1937559,0.3761888,0.19316903,0.55714583,0.9119362,1.1092005,1.326811,1.934731,0.47177628,0.9719539,0.070871845,0.22840607,1.5954221,0.25631353,0.1646026,0.114843406,0.3028252,0.21428989,0.39828607,0.2689451,0.4971344,1.0646316,1.5734668,1.717242,1.926754,0.6622125,0.7103236,0.29010913,1.4260635,0.28384015,0.29471698,0.716438,0.80113155,0.26764092,0.8309152,0.3395558,0.76247454,1.9374005,2.0960622,1.1028501,0.25686124,1.7153574,0.3281939,0.36978078,0.70532936,0.38144246,0.16080767,0.7402456,1.342691,0.38522354,0.8579178,0.40921673,0.39200544,0.120540634,1.8711444,0.12936555,1.3483008,0.81917524,1.4337398,0.97861695,0.17049038,1.6394175,0.5914302,0.6195083,0.9986927,0.5786716,2.165205,0.6128082,0.48290002,0.6442684,0.6845948,0.7937739,0.7623465,0.40257618,0.83847046,0.7413624,1.0825021,0.82080764,0.7406899,1.2361063,0.08644131,0.24326114,0.91222066,0.65044886,1.263811,1.2338104,0.88799113,0.29099464,0.18186437,2.435353,0.097977765,1.0509808,0.9692465,0.46929416,1.050598,0.91797537,0.060637545,1.0168765,1.0744898,0.8259293,0.5703711,2.221759,0.26809952,2.8527048,0.1619117,0.6014001,0.8332373,0.34389514,0.06096319,0.23348786,0.5526676,0.87857956,0.8605647,1.0660136,3.0563262,0.6243938,0.6694205,0.06984889,1.6507945,1.6829112,0.9212398,0.48022988,1.6575603,0.113768436,1.942687,0.3324823,0.11492221,1.2383937,1.382955,1.6067301,0.7861318,0.2531732,1.4323226,0.33613932,0.2893486,1.1609159,1.2643371,0.21872607,0.603864,0.4778534,0.6208814,0.6062291,0.19048502,0.61325634,0.24811588,0.22921944,0.55032724,1.3118352,0.5823045,1.6618029,0.07490906,0.2212737,0.37590018,1.1809647,2.4235218,2.7556612,2.088987,1.7119343,1.1702522,0.43074232,0.8227593,0.31503612,0.2618441,1.222583,3.3130224,1.129568,2.4620464,0.28105155,0.74934316,0.1844436,1.2374182,0.41934526,0.7854956,0.8379458,0.5822546,1.6490039,0.11535656,3.5861342,0.7116872,0.28790393,0.13621499,1.6073396,0.70962626,0.26050994,0.4700494,1.5583798,1.1029717,0.4720441,0.41563964,1.1685772,0.5559538,0.72164726,0.5212504,2.403757,0.9349753,2.100861,0.60931116,2.2165153,0.63794637,1.0159199,0.009016349,2.1699214,0.10253789,0.47015744,1.7549353,0.75952595,0.32913017,0.8849962,0.5486339,1.1294719,0.3707642,0.29099774,0.3259716,0.7976991,0.6195326,0.1701136,0.2555282,0.07389509,0.27037126,0.84048975,0.30009276,0.94195086,2.8390443,1.3288814,1.5298281,0.820216,0.3702809,0.8222862,0.18250518,1.3092148,0.092644505,1.8262657,0.6356998,1.084312,0.64957714,0.94712603,0.20385508,0.5265649,0.96722287,0.43494633,1.8382344,1.4717519,0.702635,1.3365939,0.014913484,0.16910298,0.79649603,0.0018970323,1.3814927,1.9885126,1.8129587,0.65209967,0.36199012,0.018091181,0.22103623,0.9536177,0.225564,2.3083255,0.42592892,0.1107119,2.1478777,1.7416505,0.19062637,0.45815882,0.8950765,0.06504561,1.2165356,0.92239136,0.065517165,2.1830363,0.33977368,0.5178183,0.52085245,0.039236527,0.63605344,0.49538857,0.33730698,2.1858337,1.083248,0.12916857,0.26016596,0.518279,0.22017135,1.2942204,0.6027575,2.376521,0.910637,0.49549624,0.23277362,0.023258647,0.25760725,0.6064288,1.0952003,0.37066782,1.568416,0.28060493,1.2844201,2.326246,1.0716604,0.6960907,1.8704021,1.4282498,1.047694,1.4795868,0.60858124,0.48187256,0.85910654,0.8018534,0.5897482,1.3280402,0.23740898,0.33527797,0.44581234,1.7039355,1.3032308,1.9538736,0.13281584,1.188437,0.9972062,0.3009461,0.27193326,0.28092572,0.85074323,0.3612782,0.18626902,1.0360312,0.96016115,1.5017055,0.2534653,1.1000534,1.7129829,0.75927305,1.583738,0.36168405,0.43052125,0.37997362,0.47231898,0.3386402,0.3093122,4.546422,0.65661836,0.4084219,1.7244879,2.053925,0.54994214,0.6648557,0.26886314,1.1118153,0.020699326,0.04675034,0.65402985,0.71175903,0.9990619,1.2196062,0.36858958,2.0016296,1.93953,3.8175862,1.6505485,1.8350964,2.5177124,1.6081504,3.8225234,1.8492981,1.719602,0.4479553,0.55699754,0.07043493,2.4143348,0.5265542,1.2430058,1.1442137,0.17738578,4.7709227,0.47380874,0.1540193,1.9612993,0.69251376,0.6234112,1.1062869,0.9406848,0.15594468,0.79045165,0.6063265,0.4013717,1.4846375,1.7101448,0.1355495,0.20779967,0.45312616,1.4800091,0.35425165,1.2847782,0.9235848,0.11328829,2.2738519,1.7353549,0.06760746,1.2965553,0.5884373,0.7741014,1.768799,0.8338687,0.7748419,1.6849178,1.8585445,2.0225601,0.4577713,4.239874,1.675228,0.82547945,0.23451076,0.61348635,0.389144,0.024770604,0.3601396,0.4183431,0.40210843,0.19855677,0.22677152,0.0117614325,0.8923763,0.7329175,0.18625408,0.5577772,0.72003484,0.34169272,0.4015165,0.3210575,1.1551596,1.0286088,0.2970902,0.38570252,0.6651285,1.7050178,0.8236509,0.5707954,0.9905777,0.6297898,1.0280629,0.14527997,1.071395,1.3639457,1.1454582,0.55315167,1.3331106,0.1291649,0.20659177,0.26597908,1.088951,0.5029274,1.122216,0.77021587,0.54258084,3.6407893,0.2888247,0.1879108,0.24301739,0.7424534,0.5148565,0.06098058,1.0151561,0.1411532,1.1358696,1.4189656,0.020946877,0.38537368,0.6527928,0.17274751,0.52807933,0.5678029,0.5897779,0.47744694,0.114534564,2.116881,0.2592088,0.20170309,0.50448084,0.13651077,0.37296653,2.2787588,0.9156643,1.4541901,2.787376,0.45037514,all_pothole_images\pothole_images_new_image_445.jpg
3.0308442,0.015967434,0.017052094,2.0233464,0.5641299,1.9273707,0.7227883,0.0048497263,2.175092,0.107172824,0.0047072666,1.6310353,0.0037424734,0.93340814,0.82206905,1.3540593,1.0128051,0.21612653,0.7724862,0.9739543,0.717642,1.363216,0.36601347,1.2340319,1.2969503,0.21519019,0.07371163,4.250477,0.27033862,0.017682886,0.16342035,0.019335786,1.893105,1.3277824,0.25715426,2.7322593,0.002487955,0.9520463,0.5575784,1.0181468,0.9319464,0.114344805,0.17983928,0.33842254,1.1873283,0.9866754,0.018758014,0.31161746,0.39673442,3.079522,2.4022238,0.018983053,0.43526784,0.16417575,0.2483993,1.8398906,0.8712825,0.0037223522,1.2507567,0.44170222,0.076292604,0.1849518,0.034500185,0.5817676,0.26919064,1.3703499,0.09944887,0.39569086,0.1929605,0.019484598,0.14203835,0.2780271,2.0452952,0.69930154,0.848628,0.89371973,0.058864683,1.0105417,0.6833754,0.33807576,0.1301887,0.029807664,0.95991546,0.7660052,1.4158094,0.20767881,0.07308059,0.5035042,1.9938596,1.3641709,0.20802554,0.19202726,0.011851736,0.09687869,1.0935774,0.016868813,0.16194642,0.7718375,0.74611926,0.5346916,0.019370787,1.5226241,1.044393,0.57999635,0.82192266,0.008491669,0.15849833,0.7937997,0.48737338,0.6742346,0.0036996182,2.5559797,0.78215617,0.2970797,0.4452623,0.92330277,0.6236013,0.67111,2.8913689,2.684196,2.4886947,0.34832546,0.029094767,1.3042297,0.31097284,0.38054904,1.3296585,2.7437623,0.23763575,0.006624475,0.03851942,0.00022225872,0.09551274,0.12399209,0.60904235,1.4656509,0.5007485,2.2022843,0.023556607,0.16015384,0.074643835,0.56513655,0.5367786,0.65359086,0.36336693,1.0702852,0.023276513,0.39070463,0.23465277,0.48041916,2.6726139,0.683692,0.2989648,0.21408291,1.8323158,0.38519362,0.65792274,0.17125584,1.1751077,0.13054259,0.0880026,0.0994713,0.0,1.3902222,0.21383215,0.67168945,0.27317905,0.03202254,2.4697037,0.35094228,0.11635844,0.30194834,0.011720896,0.15950008,0.8651637,0.23264363,0.54308707,0.0,0.7116274,0.29870585,0.019597333,2.489065,0.46841168,2.1070611,0.81835765,1.4962248,0.37593567,1.4768169,0.30070055,1.8082668,0.18799733,0.010138271,0.026581112,0.5206961,0.60407066,0.9461528,1.109561,1.5150502,0.86542773,1.2231901,0.14665826,0.538355,0.75660735,1.5816373,0.94262147,0.0774343,1.2382697,0.2203846,2.067491,0.1264435,0.028883358,0.010365931,0.88789976,1.3800416,2.0744414,2.9904177,0.33288738,0.0033765575,1.5425476,0.5518214,0.34388265,0.03939643,0.8279386,1.4383334,0.01982017,0.33856854,1.8893651,0.506221,1.8014461,0.08494384,0.07448671,0.0,1.3849425,0.13179766,1.3376307,0.24285704,3.2475834,0.28094944,0.02155993,0.3646851,1.031289,0.40430844,0.8181514,0.75933003,0.004279675,0.10516632,0.62177116,0.6597089,0.6024792,4.232539,2.7747915,1.4197206,0.9309499,1.9354144,0.41391924,0.17834227,1.0535905,0.45684266,0.20365547,3.1473255,0.18310969,0.010145207,0.26920894,0.68345004,0.75331926,0.7530902,0.9055904,0.019800121,0.09572418,0.39402464,0.6291712,0.0,0.018052554,0.62996167,2.202874,0.52058834,0.3145977,1.0218197,0.49357584,0.69847894,0.036962867,0.4441564,0.5043904,0.599839,0.56209105,0.69345295,0.53520447,0.123018466,1.3313849,0.10454792,0.716967,0.8114582,0.8152385,0.70093536,0.010278531,0.13895714,0.45393637,2.4664705,0.4047966,1.3814712,0.733045,0.46830574,0.24504109,1.2152249,2.4810712,0.5682425,0.72151005,0.052649915,1.5822947,0.08769039,2.489468,0.97356904,3.9153998,4.413042,0.05312473,2.5032449,0.0,1.7242728,2.6736495,0.7098948,1.4750174,0.28252807,1.2896736,0.02088046,0.39051124,2.17354,0.013625183,0.019099783,0.41031244,1.0365281,2.108524,0.1228189,2.2237398e-05,0.6260115,0.044929735,0.5437101,0.054573797,0.3479007,0.43781903,0.022232227,0.4406617,0.36833036,3.3497188,0.22966988,1.6726269,1.1243558,0.45644447,0.006560531,0.13616695,0.90712416,0.54578435,2.7846162,0.71143675,1.3619264,1.5313823,1.8200536,0.09346175,0.93515867,1.2378811,2.0288844,0.47326702,0.92104167,0.42879003,1.1196525,0.49046713,2.9133549,0.8015951,0.03545394,0.23300132,0.7954526,2.1281645,0.72437984,0.7497616,0.0,0.029241858,0.0067718197,0.47492093,0.32371184,0.65446484,0.5116472,1.2460098,0.10469085,0.1837418,0.43553415,2.7961843,1.186786,1.4547813,0.0,0.35876706,0.9410479,0.5338675,2.0118122,0.6743093,0.34617972,0.07831378,0.119951405,2.1437535,0.2334885,0.107326366,0.27094802,2.2056222,0.37822077,2.5998173,0.23387654,0.7013858,0.12470986,0.5570887,0.18005523,0.0048896684,0.0006511271,1.2975479,0.023335917,0.14727534,1.5386552,0.004721519,0.14048597,1.2923005,0.6507856,2.2561471,0.6064361,2.4578273,1.5314437,0.31642967,0.73586893,2.964002,0.40070915,0.66478246,0.22521083,1.1968728,3.7013535,0.4271431,0.7604401,1.4281552,0.7302664,0.2393817,3.7075388,1.8601629,0.7189735,0.12900658,2.1347353,0.4434974,0.23100245,0.6777436,0.86616576,1.1020664,0.0072583323,0.6989808,1.2427708,0.12303963,1.2817098,2.3832965,0.5554792,1.1072973,2.341735,0.96151173,0.60856664,0.3627128,0.95585215,0.83938426,3.5589,1.3411031,1.309836,2.2655787,0.004298399,1.8929287,0.083470255,0.9242753,0.0,0.6636042,2.486557,1.6972666,0.04875724,0.2731163,0.48923784,1.7224743,0.085811146,0.24978596,3.1708155,0.8967457,0.7478183,0.4916553,2.7903202,2.1346633,0.35010466,0.312153,0.5920279,0.28133842,0.69897723,1.1041119,0.24232261,0.18613873,0.37913668,0.96018964,0.0030827338,0.7462637,0.045625642,0.17973928,0.5466827,0.553701,0.2549989,0.36638337,7.857491,1.078432,0.18703848,2.5884395,0.48702368,0.009355805,0.3310195,0.40439588,0.68096006,0.2964147,1.3859296,all_pothole_images\pothole_images_new_image_446.jpg
1.3648498,0.40339574,1.291513,1.342915,0.5550413,0.250775,0.8124975,0.34205365,0.7980708,1.2971221,0.27261248,1.2065415,1.0560237,0.3345042,0.052920103,0.5068436,0.958508,1.8647935,0.11945429,0.053029347,0.8189168,0.5738695,0.9553206,3.553935,0.53496534,0.1515177,0.017201431,0.5346434,0.24005753,0.28807175,0.40863106,0.0,0.7203796,2.4547527,0.107325755,0.9561311,0.111736454,1.0682209,0.9656149,0.26811856,0.359781,0.25974566,0.12494927,0.6888074,0.34767297,1.30015,0.7595643,0.23965131,0.75770473,0.4891332,1.896077,1.7779136,0.6278956,0.06387768,0.45991027,0.21130654,0.9949504,0.28973642,1.3201429,0.061348446,0.028604276,1.4228257,0.7200953,0.7088008,0.72886455,0.24595013,0.62959045,0.5508836,0.67175925,0.088715374,0.13611205,0.4795151,0.3160431,0.089770965,1.4514619,1.2677863,0.34486693,1.9456049,0.0023361933,0.5882098,0.20923501,0.26090378,1.5604701,0.2991839,1.1787643,1.5253174,0.011224677,0.39319515,1.0520889,0.852328,1.024849,1.5510347,0.3503335,0.9031564,0.61414343,0.7115149,1.0727223,1.4890187,0.7031158,0.001601724,0.03068966,0.5125007,0.13140598,0.99763906,1.9100561,0.71694833,0.35062945,0.58070093,0.48018208,2.249812,1.2732667,1.0424676,0.5434472,1.0639743,0.15596706,0.7674177,1.585565,0.24002689,0.2505071,0.861164,1.2029248,1.707886,0.10015647,2.226212,1.4717042,0.19600081,0.049065065,1.3321844,0.9830684,0.277903,0.29426673,0.47117743,0.06699441,0.095038235,0.07900465,0.171663,0.041654933,0.6715511,0.0062170923,0.22250102,2.034935,0.48147497,1.1907535,1.1979684,0.033673417,0.25985143,0.063625164,1.2865229,0.080696635,0.57308686,0.6740019,0.05096274,0.45022044,0.0,0.8190656,0.42987168,0.47446302,0.62259066,0.67483425,0.17808853,1.9248213,0.53051335,0.11561245,0.3435534,3.3765106,0.011328758,0.28238374,0.12070761,0.78437227,0.17307787,0.4413515,0.17232862,0.018072119,0.04347585,3.0547678,1.479063,0.59469295,0.0,0.5134114,0.4073825,0.0043685045,1.4530588,2.1672888,2.9592142,1.4223716,0.35015592,1.4037863,1.4325558,0.16530062,0.22743715,0.41038528,0.19767947,0.038567826,1.8819591,0.063093916,0.066031896,1.8858562,2.4240592,0.5059975,0.09775805,0.5653086,0.1025832,0.80888855,0.42367998,1.4366432,0.43464145,2.5721245,0.3891533,0.7444919,3.0018854,0.06388858,0.108082026,0.021771526,0.7175402,0.31820667,0.2252868,0.6788616,0.46691287,1.2668585,0.13833435,0.054041374,1.318189,0.44696495,0.27494025,0.5117796,0.025344908,0.27344385,0.9805073,0.47992098,0.0056601427,0.00028728996,0.6738866,0.37383783,2.083528,1.0312922,0.20291635,0.9584029,0.31909367,0.93159854,0.83861524,0.0797492,0.008101682,0.7637651,0.6791209,0.49288496,0.15365869,1.6661872,0.52693623,3.1306663,1.7559465,0.66235906,0.16244699,0.9828789,0.20784685,1.70975,0.45121592,0.6613648,0.34922013,0.6196802,2.325372,0.65403956,0.44550744,0.19236019,0.8207609,0.41396248,0.00855712,0.6051946,0.26935676,1.4408749,1.2879572,0.9641625,0.34220314,0.8465834,2.8810043,1.0386602,0.45106983,0.7666403,0.2615728,0.8498088,0.3700506,0.2960502,0.31155345,0.07625855,0.2318708,0.8162923,0.47326475,0.18925539,0.40993944,0.4592888,0.023830779,1.3785843,1.3040233,0.7222941,1.9441531,1.4720206,0.3270835,0.8638606,2.0388806,0.5041917,1.2639506,0.2540169,0.089340255,0.756721,0.09734956,0.47191408,0.35573557,0.059526492,0.23641011,0.20550448,0.11510094,0.42843646,0.6822483,2.429848,0.8335397,0.5614171,0.27163243,0.2011411,0.1662887,2.401452,0.20093498,1.0514848,0.6569586,0.6264487,0.81357634,0.5205764,1.0213841,0.35952303,0.04447327,0.8589417,0.43352056,2.2248704,0.6456366,0.9141081,0.015140626,0.577567,0.057294805,1.3125218,0.37675413,0.4277095,0.07052647,0.7734437,1.1045719,0.6009642,0.7066722,0.06884586,0.106639355,0.39312214,0.011438095,0.0,0.4601867,0.009206916,1.4718609,0.27000442,0.09678651,0.5687629,0.9476214,1.4293416,0.76797235,0.12189736,2.0183887,1.7796628,0.08901849,1.4630414,2.6370294,0.0,1.034033,1.3010534,0.47467056,1.249312,1.6561866,1.3840191,0.5527809,0.9578507,0.3361121,2.5301015,0.13090496,1.349318,0.7916688,1.1046671,0.7133711,2.2113576,0.45143923,1.6491054,1.1861002,2.5618591,0.24166173,0.1985011,0.7853866,0.24558884,0.8639379,0.18315177,3.1790888,0.3450862,0.36007348,0.3613302,0.38688105,0.78456813,0.86412716,2.6870697,0.4796298,1.786312,2.148762,0.9988115,0.6498587,0.023885584,0.18092792,0.6518307,0.59402937,0.052041505,0.5127221,0.38008133,2.1946247,0.9683546,0.27268597,0.5637158,0.17623113,0.73351216,0.5749195,0.201334,0.3967334,0.06357328,1.7434127,0.6374934,1.4730082,1.3167853,0.04417184,0.8618179,1.5994292,0.62248755,1.5915697,0.8686777,1.0206444,0.07632131,0.079664715,0.012996182,1.4628772,1.6625369,0.53685135,1.7944664,0.82193226,2.296135,0.75402576,0.76525706,0.54518783,0.4229046,0.24693105,0.06413208,0.23580326,0.10784229,0.058661435,1.3511772,0.41557977,0.23920374,0.5150805,1.1840861,2.2123084,0.51152956,0.2039647,0.42820624,0.45602292,0.45852256,1.4126948,2.4097514,1.1576729,2.0020015,0.6631233,0.20834805,0.2870413,1.9486501,0.065815605,0.48679852,0.40066501,0.52097577,0.3101487,0.8590701,0.7334124,0.36565804,0.28174284,0.4233694,0.07151633,0.7578842,1.4938428,1.5521901,0.5379777,0.05237723,1.080068,2.7123618,0.12406706,2.0342944,0.0,0.80998915,0.3583934,0.08308166,0.0,0.4525611,0.22229469,0.09088387,0.42201427,1.155237,0.40166122,0.9843839,3.3579886,0.5728725,2.7703056,0.39161465,1.133563,0.14403811,0.9030186,0.07204854,1.66904,0.3547534,0.33221182,all_pothole_images\pothole_images_new_image_447.jpg
1.767176,1.3812287,0.5349345,1.7450335,0.47721434,2.63723,0.86977726,0.0089772185,0.3676124,0.62242824,0.4387379,0.019933403,0.51497597,0.13187589,1.0928966,0.47617966,0.09014767,0.8008599,1.0633651,0.23459291,0.7876053,2.0661438,1.0597383,0.94755083,0.075658955,0.07112798,0.006820549,1.1431742,0.0,0.24066389,1.9349394,0.608284,1.0386766,1.5053583,0.2901278,1.2332764,0.14797057,0.31128785,0.116789155,1.0133133,0.6274727,0.123706214,0.1643354,0.89147514,0.8900979,0.018395495,0.17916074,0.0,0.42331722,1.7119483,0.252622,0.2530819,0.6095854,0.5319652,0.23876098,1.7962341,0.53333974,0.07297666,0.7495995,0.0,0.0038055491,0.09950935,0.15962718,0.6618722,0.42129204,0.39424288,0.0017187159,0.007834514,1.796929,0.12533951,0.0015035162,0.10591791,0.76400864,0.52935183,0.05258136,0.76432097,0.0,1.0664638,0.69701576,0.112536386,0.14891599,0.49825543,0.3326204,0.0,0.49005613,0.9865081,0.1487006,0.40065706,3.6346486,0.12447403,1.0444854,0.07886068,0.017386511,0.7409851,0.13447662,0.050479278,1.7860582,0.6526687,0.03608992,0.053578075,0.07047893,0.49119118,0.082852185,0.22932325,0.32675722,0.80778843,0.019915704,0.03323907,0.97145545,0.80987036,0.012396991,4.3384075,0.5952597,1.4919287,0.03910005,0.5849782,2.4661887,1.301947,1.1525323,1.8791203,1.8867518,1.6353903,0.728038,1.7641011,0.2116402,1.0531206,0.6767567,2.258914,0.88917655,0.07128967,0.19472048,0.045780882,0.12016189,0.024206782,0.6792717,0.73033535,0.22073683,1.8904537,0.051924024,0.7291959,0.4124488,0.05968625,0.15486148,1.4558644,0.09087646,0.58845377,0.24845378,1.9133657,0.7131219,0.112251565,0.9426037,0.17764181,0.16833632,0.12840243,2.7120757,1.117319,0.5895793,0.2904399,1.3722249,0.9256529,1.8892723,1.1161959,0.0162811,2.2432022,0.017902993,1.830075,0.21299514,0.021052968,2.9652019,0.17212988,0.2541285,0.07737335,0.0015703489,0.15233009,1.6454885,0.13946652,0.35383138,0.050671205,0.08018078,0.43939877,0.022252265,2.17047,2.2171438,0.32661137,2.450347,1.3908775,0.061373714,0.7607226,1.5022404,1.6166786,0.18605563,0.53296775,0.043375008,2.0527196,0.543269,0.08311415,1.1665341,2.5766282,0.22201595,1.8113786,0.73847973,0.97050995,0.96548194,1.5128419,1.807645,0.13935441,0.98633844,0.33352706,0.5930217,0.3623193,0.0,0.049026333,0.7431301,0.31654656,0.09155947,1.3994156,0.25745773,0.17269741,0.53536755,0.8773802,0.011802332,0.5064917,0.10510703,0.58456963,0.0008386278,0.21667264,2.649054,0.16918178,0.0069634826,0.010387356,0.2365632,0.060700625,0.15045261,1.412853,0.63602304,0.30403835,1.9804587,0.122725084,1.00948,0.10816932,1.3078501,0.52362245,0.08415994,0.0018561338,0.020643292,0.12154857,0.26859885,0.23355033,0.5365169,3.9873781,0.90766454,0.04806647,2.2556083,0.14278863,0.46221796,0.3819472,0.38559708,1.4946516,0.050664697,1.02345,0.015744219,0.19224153,0.20025119,0.48943934,0.15835299,1.5462707,0.2731409,0.62742865,1.4909114,0.65181077,0.75575864,0.1718393,0.020691594,1.385242,0.97827506,0.3881717,0.28159148,0.65391195,0.3144121,0.51837903,0.017584516,0.035790898,0.07822016,0.044791404,0.53088486,0.5758523,0.24971913,0.4726706,0.14774834,0.63020915,0.8787669,0.26069772,0.29057872,2.3782759,0.15330967,0.03825337,0.23589714,1.9548309,1.0602391,0.13045494,0.32563457,0.7952543,0.00049547676,1.1655049,3.073797,0.8744653,0.00046520634,1.2862668,0.0008906897,0.075858474,0.6221082,1.5420034,4.3938365,1.5752118,0.04921791,0.1313307,0.44455618,0.077151574,2.0014722,0.47895795,0.9408975,0.023396036,0.02830582,0.382752,0.1083464,0.37355015,0.041748606,0.5479291,0.4188807,0.5058909,5.222486,0.09141754,0.09227907,0.0,0.028733915,0.11979467,0.23468412,0.041752864,0.12499088,0.1742071,0.8230167,0.29911584,2.545494,0.031143053,0.2935608,1.0733246,0.19291757,0.26288933,0.22436869,0.10931951,0.6868164,2.7085667,0.7480459,0.59291667,0.11171083,0.24346152,0.4021492,0.35106346,0.46978942,1.4614252,0.0034359167,0.14379036,2.3620512,0.06970442,0.11971995,1.7125998,1.8163733,0.12299145,0.038116522,0.09215272,1.2766103,1.48587,0.8229663,0.0001225244,2.205481,0.30388346,0.21964875,0.9684601,0.6602433,0.059471644,0.09025408,0.0061095385,0.08081221,1.1021392,2.2473576,1.2944309,0.99441934,0.0018501879,0.024712812,1.697795,0.7732826,3.1334994,0.050381523,0.022816446,0.27886212,0.29202107,0.7104553,1.1581022,0.2531827,0.09969684,3.8995504,1.1847463,1.3262603,0.078909084,0.06627466,0.29411268,0.22482975,0.11727268,0.023455802,0.06945249,0.6111104,0.5205605,0.9241919,0.4518685,0.025854314,0.041913263,1.3522335,2.1319e-05,0.072799936,0.09376345,0.60619485,0.3526175,1.2990559,1.6792558,1.4459523,0.16751607,0.2848261,2.2752476,0.49445668,0.6980684,0.18947347,1.2742866,1.0304705,0.25896084,0.50339305,4.992112,0.64013547,1.1418854,0.35258308,1.6164323,1.0946426,0.15043183,1.1713313,0.54930574,0.4222088,0.0036008016,0.5094929,0.11172336,0.05564873,2.0297103,1.9676338,1.1474149,0.3343891,0.86530644,1.8549612,2.2943916,2.405401,1.3053423,2.2224119,2.2853317,0.17879614,1.153851,2.75638,0.18979682,0.51716524,0.2514916,0.3990062,0.0,0.55182374,2.033941,1.2613713,0.79731,0.45762601,0.08219536,1.1081525,0.17370048,0.9274676,2.878717,0.7406797,0.014002675,0.12118664,5.986485,0.46130675,0.2529271,0.027759967,0.17745382,1.1351842,0.6763021,1.4941916,0.16371334,1.0821235,1.555324,0.21094345,0.03685521,0.011468078,0.26287636,0.017092418,0.05442159,0.25042245,0.605354,0.34122038,5.5359373,1.5867081,0.25866228,0.8670266,0.32289866,0.5690053,0.23514885,0.02401142,2.0076013,0.043579597,0.054819137,all_pothole_images\pothole_images_new_image_448.jpg
2.0489893,3.0491936,2.2758274,0.820623,0.069327325,2.309564,1.8484225,0.0023755247,0.8260374,1.3421335,0.5203445,0.08465886,0.25034043,0.0006390289,1.0660001,0.9516485,0.73682386,0.21689308,0.36451364,1.3093742,0.071182646,2.9521945,1.4718132,2.52551,0.037733044,0.59628105,0.2039809,1.9068289,0.17803834,0.57193226,1.2691708,0.37887776,0.544776,1.805544,0.54173744,0.20229985,0.6503942,0.51744574,0.6484182,1.3933208,0.8954267,0.2610385,0.19931898,0.051020864,2.2061393,0.110599145,0.3360605,0.8686681,0.52314466,0.673135,0.25238088,0.8378747,1.0502753,0.13357033,1.1435518,0.44230542,0.16414776,0.20229663,0.7774916,1.0385263,0.49348733,0.820175,0.104307234,0.5522774,0.11742027,0.45843217,1.3254677,0.5650393,2.4348376,0.69405836,0.351002,0.7695514,1.6577226,0.25575605,1.1512773,3.2558944,0.5743334,0.24827303,0.53241843,0.22615473,0.3493094,0.2348183,0.6823261,0.39389545,0.4244871,1.2059407,0.06458794,0.055150095,5.7006354,0.8580274,0.3010295,1.0232092,0.45904773,0.48258072,1.0568717,0.19244044,2.0701945,2.0089302,0.49790153,0.021791268,0.04938797,0.004474925,0.1386422,1.0731828,0.8441089,0.6111526,0.4067895,0.58808273,0.60864663,1.9182303,0.51355976,3.9607072,1.3552014,1.1853883,0.0123798745,0.37084237,1.0697856,1.458624,0.6976077,1.5382544,0.6546898,0.71596146,1.0754976,0.06872821,0.4016444,1.0687461,0.9780869,0.60346246,0.51485807,0.8731675,2.1769025,0.18390909,0.6040208,0.14271888,0.43747804,0.27863476,0.056221724,0.43786195,0.37187067,0.50696117,0.3958547,1.4925003,0.013883551,0.038740724,0.42233777,0.44093952,0.5522692,0.4512039,0.033537515,2.5046043,0.50153404,0.5109337,0.41233078,0.23245175,1.0582848,0.5059251,0.8309437,0.9157196,0.52496666,0.24101894,1.6674861,1.7317221,0.51402116,0.01168595,0.3786535,0.7000483,0.42698434,0.16356751,0.5840744,0.055839013,0.33654925,0.054916866,0.050580658,0.4383315,2.7727187,0.066978194,1.6541739,0.005767959,0.4506559,0.40271178,0.85890716,0.8032326,0.8954855,2.2838173,3.1912618,1.092219,0.4782173,0.03633113,0.9541781,1.3969316,0.0,2.817376,0.3713417,2.3248372,0.22264647,0.054983586,0.6185033,2.461744,0.43272072,1.534463,0.08624293,1.8038479,0.71730053,0.92839867,1.0002884,1.1393957,0.63865095,0.23676366,0.6340356,0.055617087,0.120154105,0.9183536,1.2069925,0.051566366,0.3816375,1.6466752,0.20667973,0.34375483,1.0355805,0.46219152,0.8641582,0.6776696,0.46866763,0.87842244,0.54895735,0.08838482,0.95536005,0.23244326,0.60777694,0.6264524,0.55387884,0.41871268,0.54090816,0.83701235,1.0412303,0.6428702,1.3918874,0.50646037,0.31221274,0.001961171,0.6721069,0.29695323,0.7627861,0.06480036,0.068838246,0.04880251,1.1881523,0.6115903,0.96538985,1.6716483,0.1824048,0.27673638,1.3378252,0.22273009,1.7539062,0.0073242555,0.8231585,0.3592611,1.6363668,0.4072637,0.010002387,0.101613045,1.3939195,0.6250324,0.4952142,2.4542835,1.5241902,0.33073363,1.3110213,0.24894005,1.6594099,0.33454448,0.14564502,2.7051268,1.3833343,2.4987805,0.89471203,0.096290946,0.85934633,0.4395924,0.0,0.49518988,0.25468507,1.3506246,0.5781674,0.25273082,0.052000366,0.39121756,0.2383683,1.291906,0.83448917,0.98495156,0.4584267,0.8774166,0.5167663,0.05642884,0.4419196,0.25111952,1.2036992,0.11656813,0.2051669,1.7813016,0.38148412,1.1192881,2.0858707,0.9324965,0.49398386,2.4818933,1.2315587,0.14208634,0.045115907,1.5105217,7.42807,1.0713619,0.2885038,1.0057592,0.2755955,0.9551206,0.17815013,0.645924,1.4169679,0.96959645,0.02640748,0.36723036,0.66315955,1.5742526,0.37350464,0.40086442,1.5552241,0.2527533,6.7129297,0.1367803,0.00505096,0.0658777,0.8150035,0.85230815,0.8408952,0.48712495,0.08359637,0.20850588,0.6009717,0.73861724,1.1190599,0.122552246,1.2164949,0.75493574,1.4591913,0.47388318,0.013494164,1.6730069,0.026051039,1.6951345,0.13104247,0.17970991,0.43469855,0.6836353,0.44995633,0.100062154,0.20581464,1.4596126,0.31062832,0.15772088,1.2121013,0.091306925,0.36614546,1.6711576,0.026638133,0.13152526,0.23099816,0.67240065,1.6557013,0.6293791,0.5247178,0.0475552,1.6773982,0.7420197,1.359311,0.7094661,0.5959267,0.32994854,0.08402645,0.025631549,2.1994386,2.4283276,3.70545,0.24792118,0.16453427,0.0842749,0.74809605,6.890176,1.5795316,3.7849283,1.0346477,0.25262132,0.023300244,0.57315695,0.23096065,2.1690662,1.2718025,0.5257356,2.252716,1.433554,1.8406144,0.39105636,0.0975736,0.18497683,1.0790969,0.28599364,0.17629775,0.6049104,0.72427696,1.0040685,0.7191933,1.6025019,0.058638815,0.7154452,1.751697,0.027329464,0.5102506,0.49431053,0.37945446,0.46066952,0.63896084,0.2654327,0.68071496,0.048573766,1.69342,2.0662677,0.49982816,0.88157994,0.32475865,0.49892187,0.8807172,0.84798646,0.91813254,5.4883184,1.9089454,0.012353019,0.06990014,0.272191,0.4048681,0.27880415,0.10416371,0.63120836,0.18165982,0.0,2.0733683,0.99759305,1.855274,0.91526854,1.1115702,0.8309871,2.3729312,2.3930144,0.37133628,1.5355343,1.5590795,1.5491065,0.61127824,1.6248182,0.08424104,0.85533863,1.1516875,0.37539053,0.45058122,0.9905453,1.6129234,0.01229111,1.7222424,2.5157826,3.3436465,0.0005398983,0.14527594,0.61002547,1.1695061,0.43531603,0.05463184,0.8288451,1.3237127,0.719733,0.81179136,3.3281941,0.40569687,0.072964415,0.09635554,0.2554934,1.1521515,1.1471437,0.14413346,0.0032329292,0.14035733,2.8040683,0.93871254,0.91600907,0.033973787,0.22430554,0.39152986,0.49521497,0.47489336,0.40513793,0.056026574,2.985621,0.91609603,0.8214755,1.3729466,0.6126565,0.16675994,1.1238883,0.5560871,0.93032086,0.080595315,1.4321853,all_pothole_images\pothole_images_new_image_449.jpg
1.0106715,0.5134851,0.052254044,0.34912306,1.6997011,0.1836639,0.9326498,0.44053692,1.1779722,0.49772707,0.89074814,1.4037756,0.30150154,1.2869767,0.9358422,0.8048773,0.44805184,0.018548392,0.8063488,0.61472267,0.6779812,0.60202545,0.33566806,0.09570542,1.0072598,0.43349308,0.18266112,0.4975935,0.0043896455,0.63042396,0.24807104,0.0679808,0.3446004,0.17539242,0.16636778,0.87030643,0.0,0.15087043,0.47240832,0.88030434,0.9325041,0.2783675,0.4308182,0.69217867,0.009388339,0.44532776,2.6802194,0.06672665,0.5939725,0.57206935,0.38497713,1.3530691,0.56035507,0.18540938,1.6206646,1.7721095,3.021387,2.4216633,0.20608924,1.5586509,0.3069563,0.5301779,0.97911817,0.4998612,0.81380475,0.2796192,0.22515921,0.13328694,1.365008,0.4152583,0.53785926,0.03066258,0.9427152,0.83482796,0.65665853,1.1004926,0.6977231,2.0419605,1.0503167,0.2573556,2.072267,0.07252554,1.9422766,0.4914559,0.9237593,2.6081004,0.05564485,0.10302146,0.22722954,0.13502905,1.45419,0.9209742,2.2207925,1.8079581,2.1377513,0.028540907,0.050144438,0.36715952,2.4762492,1.9584409,1.6685096,0.9431616,0.041264866,1.9206336,1.2709757,1.263215,0.8518677,0.54766953,0.48871607,0.8245982,0.023198731,2.012719,0.17025122,0.008277713,0.6372952,2.1532185,0.34959415,0.6913673,1.0933455,0.5533035,1.3888297,1.4876105,0.74061954,0.94445753,0.31279007,0.18630889,0.030275106,0.34966424,1.1322445,0.7045415,3.1316786,4.6203194,0.8428,2.7473967,2.723264,0.54350895,0.48316503,0.09798457,0.16536875,1.7566204,1.6757464,1.8009568,0.97610486,0.4359772,0.34963828,0.47865167,1.2812837,1.1102734,0.25958306,1.4150007,0.083744764,0.16528913,0.79314536,1.5203936,2.0044973,1.685112,0.12483748,2.4527042,0.97268397,1.1043103,0.7944481,0.6661125,4.441385,0.7585809,4.46912,0.27979088,0.57288164,2.5535815,1.5814856,0.08974562,1.1224325,0.8087186,0.7330771,0.3389537,0.8801967,0.7190176,0.33238974,0.554633,2.0806987,1.1962038,0.2751908,0.48000452,1.4814628,0.6301499,3.0441346,0.42118275,1.0429684,1.5788608,0.10170868,0.74604315,1.6754676,0.0,0.26671863,3.661818,0.44333777,0.16241662,0.87924767,0.9490438,0.32333767,0.18435849,0.89174986,0.3740255,0.8001046,0.573682,0.727809,4.159993,0.35191384,0.61799634,1.6196836,2.137289,1.8349802,1.6367922,1.4775418,3.5645227,0.45205784,0.8585205,1.363275,0.060902614,1.2920876,1.0608869,1.6867431,0.4282275,0.2142313,0.1285193,1.4180541,0.5521591,0.9593397,0.008088165,1.6227347,0.033875406,0.4914761,3.4516127,0.19195391,0.4406399,0.18315817,2.1867912,1.6978242,1.4953626,0.11646094,0.1435793,0.15526147,2.8378594,1.2722183,1.1736706,0.016875874,0.5486872,2.3798618,0.6466862,1.1266423,1.1372722,2.1432383,2.113384,0.66316533,0.15847899,0.7312198,0.81236017,0.4795468,0.6628711,1.9945549,1.2110745,1.6456441,0.8421069,2.830942,1.3536804,1.243691,2.9017887,0.30619344,0.16448595,2.626052,0.75527346,0.7519329,1.0270917,1.1261883,0.26023105,0.031752586,0.66853786,1.3174444,1.0227733,0.6171554,0.025418768,0.63180745,0.8834335,0.15021487,0.32049635,0.0,1.3041236,0.88007134,0.49625552,0.0018794828,1.1916165,0.52743465,1.2237122,0.24089724,2.4337158,0.40225485,1.1459782,1.9772757,1.3605832,0.101505265,0.42262554,0.0,0.52780277,0.0,1.267554,0.23649181,0.03771911,0.36502442,2.2249796,0.7441775,0.12499305,0.76835406,0.82755405,0.97608846,0.79881805,0.33315927,0.08273261,0.17913039,0.0,1.1562535,0.12089708,0.14338957,2.895582,0.47903356,1.3444809,0.42403316,0.17897362,0.20652816,1.2347429,0.07467573,2.939395,1.2430471,0.19642806,0.2176744,0.39745867,1.1932611,0.7827424,1.7169079,0.034244657,2.4686859,0.59445095,0.84550023,1.4441345,1.0850092,2.3566732,0.85432106,0.61360246,0.06441867,1.5366635,0.38246617,0.1742868,0.31904495,0.36268848,0.47021204,0.8364815,0.0,0.441183,1.324014,1.1608928,1.9867382,0.8113203,0.58861065,0.42119667,0.60929096,1.3146421,0.049381036,1.0984331,0.5649885,0.22938909,1.3448348,0.18549989,3.420783,0.048691735,0.21079001,0.03493958,0.3534235,0.18748155,1.1600721,0.45373058,0.8026798,0.34020784,0.10359692,0.20278138,0.5320205,1.4534845,1.0824877,0.6512666,0.10968959,2.4441166,1.1067896,0.49657694,0.83021295,0.8030059,0.17335607,1.7166517,0.9243094,0.2712887,2.9933054,2.1970284,2.0289702,1.7208447,1.6254605,0.4256069,0.21036708,2.810377,0.0375724,1.1699673,1.7349025,0.8562426,0.39538014,1.0390055,0.00063901226,0.739577,1.2339816,0.08412855,0.26772082,1.1362137,3.92577,0.5122384,1.3010032,0.5265738,0.054279376,1.1855261,1.507042,0.29666275,1.0728464,0.34463748,3.330935,1.136805,0.64337087,0.31134954,0.6981507,0.5112619,0.4043385,1.3176249,0.026245734,1.5799044,0.8948315,0.20282473,0.58242846,0.36870638,0.5832679,0.0,0.15159358,0.46437246,1.1534729,0.9330251,0.34883273,0.37851986,0.257635,1.065405,0.49700332,1.4386272,0.77137077,0.13143615,1.1338239,2.2504346,0.38001382,0.98197466,0.8060705,0.8029399,0.6653225,0.6387957,1.0406125,0.30105296,5.155193,0.045831874,2.834845,1.3232983,0.27235985,0.7561347,2.3253214,1.6039364,0.72595906,1.4364929,3.0711522,3.7984502,0.9914317,0.6174461,0.4068142,0.044340342,3.7455213,0.69304585,1.7082454,0.17248668,0.0076610395,1.5202358,1.9835566,0.6305365,0.9181089,0.94126827,0.30625018,2.5674398,1.0702939,0.14926295,0.52164656,0.5994224,0.027173208,1.4839246,1.2545588,3.209527,0.3422455,0.17350695,1.5425634,1.8904597,0.19435781,3.7761023,0.38767523,1.7332909,0.41971174,0.030788893,2.7477405,0.3252875,all_pothole_images\pothole_images_new_image_45.jpg
0.92696875,2.671228,1.9051096,1.273873,0.021683792,0.22622462,0.24503464,0.06485718,2.0355036,1.3566016,1.936297,0.10862313,0.7490396,0.07083049,0.6465744,0.08337721,0.37571642,0.009898678,0.5662305,0.66176206,0.25638375,0.8327309,0.86502486,1.9714193,0.3406867,0.88071847,0.09992207,0.096988015,0.43977866,3.4897535,1.0206813,1.0410041,1.3412325,2.041363,1.3587097,0.15333039,0.90562284,0.65229565,1.5332494,0.31801426,0.922549,0.7933914,0.044217266,0.13800004,1.3105766,0.051392484,0.8345239,0.44939515,1.4939207,0.17846395,0.25437778,0.44296056,1.7341784,0.12057567,0.020541409,1.6550196,0.19951676,2.1199257,0.32172582,1.3565782,0.0,1.3039843,0.13929477,1.4876547,0.29219416,0.060395103,0.579379,1.764731,0.2608199,1.2616113,1.110914,0.07398361,1.9828347,1.0937016,0.03422191,2.177375,1.0338714,0.39346367,0.062774464,0.2749754,0.24365503,3.5274618,0.6910662,2.4306297,0.2016412,1.4098345,0.19598916,0.5562152,2.0796497,0.3409542,0.23778822,0.7285991,1.1340481,2.702388,0.6957882,0.3722464,1.8210788,0.73716986,0.13919227,0.11886986,1.5008597,0.034050815,0.96605366,0.09984228,2.1972783,0.011580566,1.9977444,0.69537306,0.94767976,0.8976674,1.6365827,1.5804018,1.7814771,1.6951817,0.2559742,1.2924088,0.9721692,0.6560056,0.9809408,0.026658133,0.95833796,0.19035769,0.98743933,1.2601104,1.7554178,1.6176256,0.4122874,0.0014616197,1.3883147,1.4169763,2.8378918,0.6014198,1.4344286,0.033073716,2.5241475,0.23404875,0.34873217,0.5091494,3.0397058,0.55342275,1.9785112,1.5918673,1.39798,0.68126225,0.49485078,0.17563368,0.307109,1.2516186,1.3264543,0.098776504,0.7731558,1.2470714,0.5534882,0.087111644,0.67811227,0.44559836,1.0023046,0.11457801,0.02887446,0.58020157,1.1752278,1.7466899,0.28324693,0.4566964,3.050536,0.10039871,0.0059066922,0.9994424,1.4249647,0.9799712,0.37981528,0.038962375,1.0943425,0.26905882,1.7788727,0.48404115,3.1766686,0.15463607,0.07100525,0.1820987,0.11766464,0.32841,1.1886871,3.5495126,4.276355,1.1361125,0.6799521,0.19933906,0.21224493,0.68072134,0.0714574,1.935009,0.72116876,1.6206381,0.035760958,0.65475154,0.9529249,1.2576158,0.5218178,2.3534474,0.9531003,1.4235779,0.0158708,0.33135176,1.1867412,1.4104022,1.8104835,0.32880723,3.921896,0.026005376,0.4862065,0.7670227,1.3378546,0.62769794,2.9773686,0.032895293,0.0,2.1343496,1.367864,0.67542034,0.52614224,0.31952217,0.29904202,0.5156011,0.67698175,0.07998905,1.139822,0.17964822,2.6676798,0.19660947,1.3507578,0.0380747,0.30341154,0.4075332,1.7975012,1.4244964,0.009962361,0.0019677982,0.7043303,1.7564379,0.87993115,1.7961334,2.2666438,0.3701705,0.8723247,0.009542988,3.3882217,0.7564398,2.4159575,4.540637,0.23812155,1.1304905,0.49626556,1.9244934,0.07042076,0.0,1.6207036,0.16240121,1.1965578,0.36379808,0.12792268,1.1398715,0.34116706,0.8481066,1.5216049,1.5998318,0.8831083,1.0981277,2.5668044,0.305193,0.21211429,0.028532596,2.0188153,0.11038791,1.0638815,0.64678013,0.8609768,1.3280885,0.46704528,1.0696559,0.18621989,0.28311148,2.0254786,0.15558255,1.1777194,0.8573143,0.34232715,2.1829114,1.2610875,0.66716486,0.18360965,1.3559102,0.2084687,2.175791,2.264662,0.4192842,0.27734277,0.5929758,0.73440987,1.1505595,0.09665948,0.7874489,0.3722028,0.31230265,2.6791499,0.19940543,0.07894543,0.69617575,0.2732563,0.10609919,0.14115126,0.2905011,4.54966,1.8342267,0.06028801,1.7101932,0.14864701,0.27221695,2.5251098,1.3501415,0.58296764,0.34528825,1.7504438,0.9715219,1.217303,0.003263131,2.8598166,1.4035538,1.4813248,0.27981484,7.6935334,0.382187,0.32760212,0.0423413,1.0422201,0.16567664,2.9948547,0.22299895,2.2536726,0.020455567,2.6941385,3.1871817,1.2197006,1.1480049,0.1077199,0.14641745,0.42665017,1.6929156,0.29099202,2.5033307,0.1508615,0.3537173,0.17856982,0.88819706,1.2454025,0.27298647,0.0064745992,1.3440984,2.4857547,0.9366784,0.8872849,0.46660888,0.84794444,0.8894447,0.32109642,0.23981752,1.7675167,0.99484295,0.32781455,3.1640456,0.76739055,0.12795791,0.5244459,0.39813092,1.7568707,1.5410832,0.80898815,0.4645912,2.3835254,2.0955186,0.715637,0.14255235,0.4315441,1.9962894,2.464886,0.39901808,0.14190847,5.6068773,0.020110384,1.9835564,1.6001986,0.46192628,0.5429078,0.13661899,0.29292554,3.4457915,0.51719767,1.4719115,3.2731285,0.55789816,0.37647185,0.78456354,0.45490932,0.75065815,0.3727233,2.4978478,0.16286637,1.8149495,0.3067535,0.23089126,0.06957243,1.3476552,1.4860765,2.2376087,0.32206255,1.036514,2.187616,0.24757965,1.1417928,0.514211,0.03194451,0.13164993,2.5260813,0.7322073,0.028817197,1.1103815,1.1356262,1.7026918,0.45424455,1.6043607,0.90215284,1.9703828,0.43339732,0.30211022,0.0,2.6322398,1.2184224,0.57892734,1.2936546,0.37733015,0.40191057,0.45330855,1.2747989,0.15804316,0.15099074,0.27519926,0.698742,1.9836525,0.5530113,1.2038493,1.5552441,1.2393967,0.65292627,0.73889774,0.75754154,0.39895707,0.012765117,0.0,0.36420214,0.47580683,0.30738485,0.5941434,0.77739805,0.3603103,3.2354207,0.06285244,0.13501492,0.0,0.549126,3.8157496,1.8451498,0.38166904,0.45800138,0.31733885,0.8188668,1.4390051,1.0601766,0.14361686,0.36028346,1.7896775,0.99798214,0.23801428,1.0470682,1.0792253,0.15406154,2.2441564,1.0287598,0.54701084,0.36962578,0.041536402,0.34750813,1.9288383,0.19359711,0.1840957,0.2925339,0.02795875,0.39590117,0.35595518,1.4339851,0.00086421304,0.7019401,2.3294907,0.7232646,0.8836867,0.36711323,3.4153543,1.4719207,1.2425802,1.3556423,0.7579652,0.1765025,0.11609435,all_pothole_images\pothole_images_new_image_450.jpg
0.073319405,0.21563207,0.1997748,3.5488336,0.34726956,1.5244467,1.6769375,0.32306263,0.10551466,0.03754855,1.2938229,1.0570835,0.8042634,1.0688399,0.0,0.6668444,0.2571886,2.9217243,1.7454174,0.32778668,1.0709218,0.78566414,0.12722348,0.012218542,1.664797,0.03318644,2.0762105,2.475652,2.6053085,0.17920928,0.0,0.3262261,1.1962034,0.42454746,0.17274109,0.84935087,0.42142898,0.9857174,0.3727027,1.1589276,0.019890424,0.76208925,0.24802056,1.2688478,1.3871877,0.39827892,0.30362025,0.02383486,0.23685871,0.23416322,0.65611637,2.0643423,0.056416743,0.58897334,0.1543122,1.0355386,0.034088615,0.22974578,1.1945487,1.2189469,0.08896263,1.0587641,0.70705384,0.62355465,2.4181561,1.8708092,0.90624887,0.80013746,1.5753697,0.005049753,1.2106149,1.0809462,0.076367125,0.29372725,0.060356945,0.05251011,0.060534548,0.17993286,0.0,0.01438757,1.1153451,0.3149431,1.1349378,0.12097213,0.43364033,0.5322394,0.7806984,0.06795992,1.4062724,0.27905947,0.002860311,0.7583883,0.18616322,0.5210663,0.576514,0.07753966,1.168128,1.6099432,0.30718553,0.88235116,0.18203318,2.8591228,0.6772892,0.21689187,0.31100747,0.031185525,0.13277091,0.9403638,0.6224486,0.032806195,0.16066666,1.3180046,2.2667072,0.41905937,0.497296,0.054619953,0.00193696,0.6016178,1.5058042,0.39037666,1.1755418,0.17483863,0.08337517,1.649914,0.42181855,0.07027625,0.322659,0.20604105,2.3623703,0.5139386,0.58589303,0.93907964,0.24290046,0.2707195,0.02392281,0.37717673,0.28830835,0.53757805,1.6218175,0.22448185,0.85436916,4.168133,0.18155926,0.17969786,1.1367841,1.780851,0.21779439,0.12965591,0.0,0.11358897,0.076132596,0.26288807,0.0,0.004240706,0.733903,1.1464347,0.37457177,0.05858776,2.287184,0.8702858,1.3718315,4.168515,0.05339858,0.4623579,0.30265492,1.8267261,2.9201913,0.017603507,1.2546897,2.493538,0.07801532,0.711516,0.82120144,0.8852596,0.1250575,0.087679826,0.5327746,0.052599702,1.675912,0.030133054,0.2112327,0.10060537,3.2368968,0.702799,1.6542538,0.09410172,0.647536,0.3590606,0.30475524,0.42112592,0.024873797,1.052419,0.0,0.6801275,0.6370927,0.30728385,0.53528845,0.09786708,1.4636827,0.44002417,0.70034665,0.98858523,0.3411292,0.4106287,0.24320787,0.48435342,0.52112526,0.021846479,3.8538163,0.79864514,0.7174399,0.26575,0.053061556,0.6098994,1.3221644,3.3982706,1.4915991,0.035667982,0.062185016,1.205314,1.8703105,0.3339568,1.153055,0.48573714,0.003052815,0.25460133,0.66073126,0.5053867,0.51833725,2.1033995,1.5412111,0.8339467,0.9374807,0.4627852,0.02638979,0.006448331,2.0408773,1.0257164,0.23820496,1.267472,0.0044434774,0.20699865,0.29330117,0.050679356,0.072962426,0.79074985,0.19444759,0.7208753,0.3209726,7.3077116,2.2929132,0.0,0.17189091,0.3468573,0.06381372,3.891001,0.0013813672,1.5711039,0.2595864,2.6903007,0.10096894,0.07458642,0.15818062,0.37780574,0.3112145,0.31346896,1.4766177,0.91337395,0.21304038,0.418565,0.71047944,0.07799918,0.09065666,0.342054,0.6078642,0.15655069,0.16952012,0.6789843,0.13467123,0.4030406,1.7382712,1.1348195,0.048298407,0.37217602,0.0679856,1.0922784,1.0729799,0.14528249,3.4364212,1.4600867,0.0,0.5001976,0.1280476,1.0997076,0.19582577,1.63805,0.005243574,2.178175,0.6271113,4.751437,1.0878463,1.2798579,0.014800819,0.050734635,4.447668,0.40115246,0.428279,0.021569286,0.3500686,0.21477292,0.54258525,0.26875845,1.0175452,1.1894157,1.2486476,1.4410722,0.77819276,1.1359245,2.65772,1.1746709,0.06822397,0.04901878,1.4205376,0.008493461,1.6138159,0.07087018,0.003850155,0.2618832,0.64359105,0.14302668,1.738989,0.088434264,1.2560364,0.038338263,0.064495414,0.0,2.1113255,1.1972717,0.7322688,1.60174,0.08503692,0.35106307,1.0129253,1.5783716,1.6245525,1.2495347,1.1173877,2.2628152,0.9139505,0.0010448922,1.0235862,1.7121553,0.010819917,0.22861513,0.0,0.16767533,0.1662458,2.0085652,0.20819585,0.053062856,0.670144,0.22383365,0.8386328,0.29500127,0.017511157,0.02898757,0.62892294,0.16692987,0.9883083,0.58374107,0.32905903,0.22101605,0.13304456,0.19967125,0.01584388,0.05957148,0.0035763325,0.011923101,0.5358488,0.26973405,0.4423437,0.0007497716,0.012018521,0.55346715,0.11630352,0.7454988,0.98393935,0.012662599,0.13919084,0.84838367,0.25539795,0.20889232,0.07559849,0.50710607,0.12876193,0.088719085,0.6924965,0.025695233,0.036906652,0.47929624,0.020411912,1.0096861,0.0756786,0.319203,1.0981854,0.5306709,0.14159718,0.9688406,0.5944378,0.018607767,0.11369025,1.7706977,0.007109889,1.3471003,0.0,1.06542,1.0464023,0.49995002,0.99340683,1.0845594,2.387469,1.1481622,1.403671,1.9906744,4.0369973,1.0858843,1.4048911,0.16729179,1.3726664,0.9217029,0.59784424,0.5738674,0.006246081,0.6379905,2.4173079,0.1704903,0.45514992,0.6333753,0.27686277,0.61854327,0.6822769,1.0710706,0.48017222,0.0,0.16749753,0.0,0.29773355,0.35865176,0.0027396036,1.9041601,1.038303,0.63540393,0.8709544,0.13968703,0.102421425,0.10107108,0.1849499,0.0045573963,0.5166173,0.33954647,1.1377819,0.523631,0.15471712,0.449917,0.06536943,0.04730492,0.083376415,0.16382837,0.052559298,0.81157863,0.07761292,0.50853044,0.29723018,0.10651725,1.1607821,0.0,1.2233961,1.3986778,0.8384974,0.011381572,0.21584602,0.30269524,0.039506026,0.28898063,0.051674016,0.0012794072,0.44345555,0.35307965,0.05432786,0.2921982,0.22871827,2.6162555,1.9548753,0.45756218,0.0,0.0,1.3495489,0.05368214,0.12733805,0.3981807,0.2795529,0.23583345,0.9188645,0.0,0.3617156,0.76342773,0.44464812,0.19372842,0.30692345,0.90015537,0.51228684,1.1843116,all_pothole_images\pothole_images_new_image_451.jpg
0.1283108,2.9368606,1.0607206,0.007650775,1.4297466,0.27305442,0.9552422,0.42870218,0.61604726,0.8392564,0.6676922,0.5020786,0.23343277,0.9093577,1.3794428,1.0214481,0.29555106,0.22447816,0.023868697,1.3136709,0.015578422,3.0262456,0.19284236,0.5311738,0.853825,1.0824652,0.07807494,1.0232662,0.4605011,0.9899394,0.6347097,0.74022424,0.041390084,0.5474312,0.109951906,0.7904191,0.3089803,1.28752,1.3914331,0.52196527,0.06832031,0.08069406,0.19365686,1.5852864,1.0844265,0.0039783795,0.46435878,0.12269937,1.6436774,0.067358986,0.24960595,1.2528561,0.7107728,1.5568376,0.72494894,1.0704187,1.5690441,1.0633175,1.4544435,0.043913003,0.22502169,0.5469893,0.56335664,0.33057722,0.15564142,1.1340202,0.9356657,0.63263524,1.2979332,0.79190016,0.74553084,0.4957297,1.1169703,0.28435856,0.99702406,1.2209437,0.02455381,0.87087154,0.7394892,0.20248854,0.27369422,0.99947244,0.033448216,1.0343012,3.6172955,0.08223298,0.44251275,1.3121129,3.6870375,3.2794855,0.8323793,0.7291518,1.1215689,2.3043056,1.0569404,0.17664307,0.1262333,2.0831945,0.20559676,0.15405822,1.7517645,0.42108905,0.0037717903,1.0190562,0.5559062,0.5751407,0.95481235,0.04560766,0.49434465,1.9433845,1.1809455,2.0487018,0.20688,1.3849151,1.0144242,0.65630573,0.6132508,0.45740345,1.0020248,0.76195043,1.0948901,1.312737,0.13304222,0.4284628,0.8348466,0.48307928,2.16917,0.011845064,0.18376681,0.13919556,1.0437812,0.026184317,0.54129624,1.0085851,1.0092287,0.40759394,0.7561674,0.32341173,0.6668992,0.18313096,0.018706525,0.98928225,0.60661095,0.8818846,0.3949449,0.6303945,0.2401365,0.14501566,0.9139323,2.9071,0.34571642,1.1399711,1.6141267,0.11095426,0.8402765,0.14429273,0.2341604,2.1781163,0.23570724,0.7228915,1.2638339,1.5956517,2.3383234,4.1745367,1.2209611,0.33954766,1.1696151,0.048516072,1.9991025,0.3823089,1.3751314,1.2427894,1.9574265,0.76991427,5.6232347,0.005329796,0.49437708,0.16390958,0.2879111,0.31203476,0.5563363,0.23036392,1.7679008,1.0266896,2.850387,0.6451987,1.2730775,0.4751463,1.4697698,0.9991773,0.33230424,1.0953152,0.36337882,2.1124775,1.1367548,0.5912975,0.069849625,1.7961727,0.0,1.13334,0.5266631,0.06710347,0.258756,0.11950732,0.8722599,0.360465,0.4106891,0.7937628,0.9296393,0.35361546,0.36962855,1.0746441,1.8082612,1.2093279,0.07814674,0.27470925,0.5841962,0.6871646,0.3715433,0.3182563,0.14869715,0.15343803,0.61064583,0.29548374,0.34632632,0.37391186,1.1004647,0.16858743,0.68430567,0.72979206,0.037083305,0.09173432,0.45352787,0.3846778,0.15586072,0.8080898,1.5120155,0.83114934,0.074856766,0.2933942,0.2320867,0.8959007,1.2868196,0.21990077,1.4107407,0.5551397,0.275966,0.08412231,1.6524851,1.9903573,1.6255336,0.7602451,0.23345225,0.55892426,1.6997755,0.3572362,1.0845319,0.43572706,0.47826508,0.21605323,0.3643129,1.8499558,1.2094762,0.3790853,1.289352,0.82318777,0.47706026,0.69578505,0.29472727,0.7065369,0.9591045,0.045860108,0.67228955,1.4425268,1.3678782,2.7457132,0.87798005,0.19037853,0.44396743,0.35137817,0.2857967,0.8161077,0.20158693,0.67688125,1.7677852,0.16888466,0.74012077,2.3600123,0.26581934,0.5377816,0.10756315,0.048989043,0.08102792,1.4020276,2.1290271,1.9617178,0.8263008,1.4574367,0.5145313,0.8164829,0.78565663,0.061500583,0.084365904,1.9507062,2.628654,0.15635218,1.4880332,0.8617949,2.1707268,0.161047,0.24958548,1.6459204,3.4352245,1.0036023,0.22100475,0.463642,0.6766196,0.16279796,2.4340093,0.16293168,1.5861257,1.5143982,1.4935544,0.7312816,0.03655405,2.8148966,0.7059541,1.5921817,1.6081764,0.99745035,3.4942791,0.36192474,0.502493,0.0,1.4002554,0.4905565,0.34452826,0.0008312342,0.37250447,0.15359086,1.5950825,0.26946,0.24862766,0.9517301,0.77995104,1.0065198,0.17761424,0.110332295,0.637591,2.8663511,0.15410079,1.8506345,0.008009099,1.2384465,0.76941085,0.102252364,0.29055396,0.20737515,2.6509542,0.32908192,0.1137421,0.9541718,0.3906046,0.5299805,0.5009321,0.4061189,0.15984355,0.25447264,0.077593625,0.10187414,1.5001286,0.7301674,1.9817206,1.348909,0.45295888,1.3198618,0.80106187,0.771641,1.156979,0.63854766,0.5485538,0.44003925,0.25571448,0.3954299,1.5232562,0.7580655,0.5211038,2.137115,0.59148115,4.0030723,0.43894592,1.0541362,0.12479516,0.7618652,0.1095797,0.5040202,0.66062474,1.4425335,0.45308408,1.9334733,2.410784,0.13652828,0.77587163,0.10610707,0.005561909,0.022576595,0.31715748,1.1846519,0.6115094,1.5134461,0.580397,0.5516773,0.50142276,0.6595539,0.10856554,1.5441915,1.9315267,0.050242826,0.005469416,0.7035871,0.23035859,1.0310452,0.67052335,2.3741395,1.2077537,1.1901436,2.1997216,1.665884,0.24928099,0.8469872,1.3432189,0.6198784,0.63916457,0.58371997,1.1579208,2.053884,1.3149099,0.6212392,2.1539533,0.43968913,0.39403948,0.18041493,0.10913289,1.5982823,0.13502254,1.3527265,1.316702,0.045307722,1.3653554,0.3957642,1.1453885,0.07502305,0.9462634,0.6094643,1.3608859,2.5449889,0.957115,1.0322556,0.61379164,0.019739652,0.79466605,0.0036273722,0.8638807,0.2631918,1.9534949,0.33870417,0.3452449,0.1693629,0.13968585,0.5594748,3.0188222,0.9241146,0.60933644,0.0109437555,0.58631295,0.6455607,0.012937278,0.06134148,0.049742363,0.6321604,0.9190934,1.7460513,1.2018691,0.9416884,0.21139656,1.1929176,1.004293,0.2043175,0.043504946,0.0,1.1802768,1.1977878,0.021975098,0.509249,0.081712,1.0764807,0.121977784,0.065527596,0.80594975,0.19232129,0.6014343,0.8980543,0.338543,0.7467086,0.15906161,1.9330796,0.21058156,2.7527318,1.7047,0.26174787,1.6976064,1.2035962,all_pothole_images\pothole_images_new_image_452.jpg
0.63719034,1.3155588,0.48498783,1.1015418,1.2546722,0.1973332,1.1053349,0.59475577,0.11380681,0.059408672,1.0679957,1.0279971,0.70434135,1.3443557,0.5605713,0.00360127,0.21586223,0.30410585,0.36932936,0.164621,1.1665078,1.1604166,2.6489239,2.1975496,0.06283962,0.2776561,0.75677675,1.0935999,0.38726518,0.72172093,0.3618297,0.005932505,1.3951931,1.0130548,0.0775395,0.41372794,0.43241897,0.39376137,0.0107030915,0.3252785,0.0,0.11894654,0.71840775,2.442928,0.0,0.21396722,0.3803756,0.13718422,0.20711231,0.74160546,1.6793269,1.7857913,0.44375113,0.47783577,0.1705648,0.24124949,2.2835255,0.013331602,0.88026917,0.58517164,0.26671866,0.59706396,1.8267894,0.71566504,2.3861146,0.5492711,0.6833183,0.05895723,0.16819128,0.31318533,0.11788853,0.015301109,0.46907634,0.07079838,0.8426791,1.5903429,0.951255,0.30756474,0.045068886,0.35733852,0.8818737,0.007819761,0.16553372,0.2019577,1.9344839,1.2950798,0.55863065,1.3161379,1.2674644,0.43362072,0.5834764,0.22445968,0.18877959,0.33060962,0.0,0.18315844,0.16010518,1.0525818,1.3054103,0.0018695733,0.0018130591,1.049664,0.1666209,0.35891253,0.55130863,0.895266,0.30350035,0.2549496,0.48384696,0.29184937,0.13136889,0.5663354,1.7407244,1.2300963,1.4114208,0.7167725,1.1669439,0.13327,0.021245502,1.482367,0.9391981,0.952756,1.4061961,0.13739458,0.4232683,0.9945783,0.10607394,0.5704033,1.7542568,0.48771545,0.97698456,1.2285986,0.8848237,0.4511883,0.38578585,0.2192173,0.043462433,0.8617569,0.33976007,0.45325676,1.9381175,0.71167916,0.52311176,1.7122824,0.37671512,1.7172592,0.053715326,0.33106855,0.07559868,0.5667046,1.6169598,0.8795746,0.09746553,0.033602238,0.91625035,0.44293976,0.9864567,0.33133647,1.1498972,0.18868802,2.6001606,0.011652107,0.039800443,2.5220163,0.21624117,0.0072214357,0.23595206,0.76426274,1.9211769,0.20226027,0.25748265,0.25631288,0.039329637,0.27183187,0.9532977,1.4447714,1.4651763,0.116795845,0.93038625,0.37881845,0.2058095,0.69810104,1.1030825,0.8736014,0.7832205,0.120196514,0.010599327,0.04243012,0.007836989,0.35856134,1.1185147,0.28078696,0.2903291,2.6219344,0.06783717,0.6437819,0.74263084,0.655512,0.14974283,1.6671612,0.1424899,1.0845437,0.7265987,0.24818732,0.45188755,1.0948743,0.742403,0.94488615,0.9496252,1.0902634,0.11357508,1.561383,0.19561128,1.9980485,0.71800727,0.02852595,1.8458177,0.09528694,1.8512498,0.12288615,0.22183879,0.075677134,0.8995171,0.01278607,0.24567181,0.31580982,1.7544985,0.6715877,0.81321746,0.24827139,0.08127805,0.77745885,0.109115504,0.7989854,0.34326455,0.037226096,0.30297142,0.42599645,0.0,0.14708582,0.028014906,0.0046076262,0.2954759,0.45321938,0.3048601,0.11038152,1.1859885,0.46150824,2.866552,0.8981716,1.5678164,0.10851202,0.20942825,0.06869378,0.8521549,0.7926969,0.18748155,0.0,0.018740155,2.8985214,0.9221316,0.46605122,0.3293752,0.052643266,0.17870286,0.5826164,0.0760693,1.2929385,1.1999817,0.5464555,0.11146606,0.29452768,0.4823291,0.4266107,0.127057,0.5637259,0.84286636,0.48692125,1.4586138,0.23453644,0.02788981,0.41376776,0.49646562,0.2798563,0.4150579,0.56632423,0.31448218,0.12950782,1.1583037,0.0009862721,1.2972703,0.0108112935,0.4526446,1.0208352,0.09702937,0.6575925,1.7797767,0.31865144,0.9253944,0.5915518,0.19171451,0.13299769,0.16367254,0.29038072,3.390437,0.5687969,0.008900295,0.53687054,0.07298798,0.8170472,0.56310576,1.2219931,1.6232516,0.08983107,0.10927484,0.1468315,0.47952816,0.35745394,0.11135391,0.44402492,1.472304,0.95043665,0.041036434,1.0252893,0.98006094,0.371253,0.52382064,0.45105004,2.1335716,0.31357127,0.9099748,0.12698026,0.04702904,0.22410153,0.22445996,0.38210055,0.637375,0.16085033,0.5546405,0.08885086,0.9416974,1.7081517,0.31445402,0.26980823,0.77262926,0.28181964,0.6654269,0.2997228,0.14674754,0.96346205,0.78652394,0.3619028,0.56558365,0.21039443,0.027618349,0.56872,0.5115767,0.26785815,0.14508407,0.17851692,0.71174145,0.2330541,0.25160798,0.46192628,0.006010946,0.040502355,0.8280367,0.43245572,0.83923197,0.38762337,0.54957795,0.5652969,0.34716237,0.37117925,2.4399164,1.5844877,0.91914016,0.027211027,0.468223,0.93459064,0.30184835,0.02479434,0.22952533,0.80152977,2.573462,4.2309113,1.8187716,0.36578006,0.53601503,0.09883537,0.03494964,1.1902025,0.37085062,0.9411889,0.44628257,0.19129513,0.73532176,0.57617056,1.1012539,0.55997086,1.85901,0.68410945,0.18667096,2.509853,0.17995709,0.068128124,1.3628253,0.42259285,0.16636284,1.3547732,0.47052982,0.83745843,0.18134326,0.06293757,0.5567236,0.24425542,0.78094995,1.1357305,0.20525414,0.0045506028,1.3445481,1.4392217,1.0832626,2.2034218,3.1065373,0.19898994,3.030908,2.2190626,1.7541531,0.12318039,0.44536063,0.47146243,0.24166486,1.4603457,0.048921727,2.606676,0.22786754,1.0185878,0.0010150332,0.4254919,1.3231958,0.50922775,0.07223101,0.256841,1.3192587,0.058891,1.6746172,0.08930003,1.4117239,1.0293769,0.35071272,0.045734484,0.18681686,0.77171177,0.022141824,1.2912533,0.9460677,0.11363226,0.12340601,0.16584066,1.4141711,1.1057637,2.4486084,0.7738915,0.691835,0.019242175,0.039049204,0.18467124,0.08540231,0.88734,1.8819567,0.40316796,0.33714944,0.89265877,0.94894814,1.4683127,0.004852253,0.40221533,0.10343914,0.87283534,2.4917808,2.5117602,0.27386063,1.1925104,0.061973102,0.4742044,1.514256,0.34380203,1.4519286,0.2928266,0.13663276,0.6494814,0.05699471,0.053919315,0.12727174,0.0,0.17130394,0.0064239986,0.2544904,0.04675465,0.58761156,1.9068301,0.11940299,1.2529866,0.09594384,0.26992455,0.08075865,0.72455674,0.0013341476,1.5329368,1.0731909,0.81652236,all_pothole_images\pothole_images_new_image_453.jpg
0.97118324,2.0170188,0.60513854,0.37394592,1.2199494,0.68490756,0.26354218,0.28705105,0.47203147,0.5967669,0.4358045,0.746812,1.6616638,1.5158118,0.22017805,0.0019864494,1.2016847,0.14244655,0.03135362,0.29214734,0.4294474,1.896816,1.4238821,3.3930378,0.01380947,0.347014,0.02091986,0.15979023,0.018299261,0.9673978,1.5701164,0.6828448,1.5736445,0.80894506,2.0738895,0.22000834,1.624641,1.5636735,1.0118046,0.1230451,0.2130904,0.055264875,0.04973682,1.0558059,1.6486903,0.17984462,0.9229859,0.0052315476,1.0199696,0.6235293,1.5444756,2.5057611,3.3336623,0.2218024,0.13044587,1.0676048,1.3528292,0.2203042,0.5208043,0.078664266,0.015486476,0.0,0.54607767,0.83954835,0.70318,0.46584624,2.3948767,0.1508317,1.633491,0.029312901,1.265952,0.5139231,0.7020193,0.18251854,0.21084902,1.4404069,0.06573995,0.8133657,0.16813368,0.7364418,0.02965781,0.89722174,0.22379318,0.24020267,1.7209239,0.49979228,0.4701109,0.45713755,2.8606124,0.1390132,0.868421,0.83002603,1.090686,0.74178404,0.23021694,0.5372608,1.2127744,1.1082687,0.76635957,0.59205866,0.7710579,0.2976614,0.18858339,0.6689484,0.4998069,0.34771016,0.2740933,0.1746157,0.110180035,0.85259306,0.8361459,0.85239995,1.7622142,1.9190745,0.039442025,1.4814664,1.5341285,0.775922,1.515405,0.36642495,2.2134666,1.3012214,2.4860015,1.2812964,0.59651434,0.89478517,0.87710726,0.3064373,2.8408875,2.442081,1.2975596,0.4072867,0.042978223,1.0104538,0.31238574,0.7360795,0.7566117,0.0767821,2.1471884,0.33387303,1.9030205,2.5346923,0.025931902,3.8073144,1.6239976,0.42928135,0.28841138,0.6347862,0.9469618,1.2991569,0.31589794,0.27960262,0.12828012,0.8669498,0.7428885,0.4727158,1.7135149,1.5866506,0.3283791,2.1567137,2.7695181,0.9868285,0.23559624,0.75300425,2.7364185,0.15525171,0.5941508,1.8192886,1.7733774,0.293622,0.5078174,0.011565006,0.13621806,0.3490386,3.2191472,0.4840257,2.2795053,0.6309061,0.101788856,1.1505432,0.23978756,1.7790323,2.7223492,2.2657201,3.0211165,1.5993388,1.0236651,0.3598114,0.044949915,0.951399,0.8078736,1.8821421,0.46662116,1.6547749,0.0752292,0.24250808,0.36469817,1.2431082,0.6405743,1.4640647,0.7196284,0.576255,0.98613334,0.6630967,2.77555,1.9179348,0.4298359,0.5048707,1.7834598,0.72720146,1.0669516,0.9078148,0.19330491,2.1778522,1.2199634,0.50130105,0.5643397,0.21267474,0.42210442,0.11700666,0.92767084,1.5278281,0.58662057,1.4823474,0.054299932,0.04366104,1.4873271,0.00068769517,0.77830374,0.043983445,0.09893421,1.0093722,0.04382687,1.55578,1.3656899,0.43180275,0.7281224,1.1062229,0.43516213,0.049348537,0.2509833,0.23738442,0.20391865,0.6890277,0.05238998,0.2210432,1.6061753,0.49113828,0.7366627,1.6897818,0.7630377,0.26414913,1.5512599,1.015629,1.5251645,0.31367055,1.5489305,0.4187511,0.33108246,0.05574352,0.15605159,2.3047683,1.2346342,0.17244035,0.6307811,0.92359114,0.3692774,0.19296548,1.3047544,1.7875847,0.066463254,0.0,0.3888377,1.4403561,0.6552767,1.1170354,1.573513,0.62399036,1.1609043,0.53450334,0.032663297,0.16721238,0.7991609,0.7151386,0.9500278,0.744768,0.48902187,0.84622127,1.8045696,1.047326,1.0319586,0.6632464,0.2691419,2.6475737,0.66806537,1.1805233,0.6316448,1.1134156,1.128402,1.5855529,0.28489333,0.58355385,0.31921965,1.9860668,6.068219,0.47844228,0.43305323,1.9915982,0.80581695,0.07958371,0.16882928,0.8045022,6.162937,1.3502483,0.38914275,0.8950185,0.4505749,0.8320373,0.4242382,0.032457627,1.4922597,0.93206567,1.047557,1.4199307,0.49755087,0.32123134,1.9624746,0.77882195,0.4357053,0.53602284,6.6836,0.2025897,0.36291668,0.5860073,0.92852503,1.0758711,1.0844619,1.9046069,0.80201644,0.41712418,2.0532055,1.505429,2.572832,0.30376434,0.71983844,1.5990052,0.36202842,0.47091892,1.480772,1.2952726,0.06516515,0.92984974,0.277837,0.42435393,0.55409616,0.022125801,0.53310776,1.4715384,0.25315076,0.6487707,0.5800605,0.64590186,3.3164897,1.1079574,0.008674986,0.49348563,3.1158583,1.55808,0.63148063,1.1775485,1.8187897,1.7557547,0.5549601,0.08615138,1.5101625,0.8947792,1.0250132,0.9829889,0.4197468,2.338211,0.042076394,0.29917398,1.1991507,2.6610682,3.2329156,0.6311738,0.5406124,1.4234227,0.3712801,1.3139112,1.0969719,2.1490493,0.44213226,0.38810855,0.5531977,0.44120324,0.23242089,2.5481317,2.060257,0.8150121,3.056179,0.4849393,0.38651684,2.1792881,0.64348966,0.19770318,0.9554619,0.24330439,0.6177364,0.9213745,0.0,0.8396183,2.1801462,1.0010684,0.012603104,1.5061735,0.44385812,1.804387,0.021162461,0.15727107,0.5394802,0.33450547,1.5930684,1.0767081,0.43714327,2.143185,2.4768977,3.0640383,0.19991292,0.8010732,0.31400794,1.6045372,0.43469292,0.4738049,0.4224883,1.6344106,0.56477225,1.2979357,0.94276506,0.6621764,1.8157341,0.36585507,0.10191677,0.3063133,1.048574,0.8093769,1.2418296,0.9099581,0.76054054,1.6259248,2.0800302,0.52551013,1.6514148,1.0258766,0.4827535,0.39223176,0.7251933,0.5052103,0.2288976,0.21572794,0.5385012,0.6888046,1.4341626,0.37305063,0.39947796,0.5216007,1.0691619,0.44371453,1.6722922,0.51384056,0.38923535,0.60030645,1.1542556,0.17293806,1.659363,0.14416544,0.52726156,0.23802033,1.331226,0.5278665,0.21540642,0.85077375,0.594759,0.10610032,0.0017931096,1.5080746,2.2648199,0.25239795,0.26852256,0.12227457,1.6155825,0.944837,0.33430666,0.31218693,0.21456733,0.0,0.5411088,0.59965026,0.21981443,0.12357316,0.9559096,3.6689234,0.50390524,1.4967204,0.67014927,1.8718395,0.70334154,1.7790321,0.16709137,1.5521194,0.500813,1.7576303,all_pothole_images\pothole_images_new_image_454.jpg
1.2550236,1.1700898,0.072420344,1.7758166,0.39009678,0.12769996,0.075056,0.49423772,1.2090194,0.10085882,0.11097957,1.7952962,0.18633753,0.006166089,0.98772573,0.16278966,0.8088133,0.118745565,0.8980924,0.06386279,1.6480112,1.4863383,0.06263709,0.14821035,2.0614665,0.53483635,0.17535618,3.0442212,0.0017475416,0.42147714,0.5564571,0.63209593,0.1605305,1.1223625,0.8628749,1.350093,0.07712683,0.62757516,1.5098573,1.9622399,0.13436072,0.54880255,0.021970773,0.49791437,0.21153605,0.3219489,0.10342754,0.2122047,0.2194132,0.6689453,0.551104,0.09989437,0.2384074,0.036414657,0.119191505,1.2782415,0.26274577,0.35022348,1.3206164,0.3763039,0.70273054,0.073357925,0.09030899,0.486861,1.4525073,2.3592014,0.3243732,0.009022455,0.7269775,0.07411264,0.8522304,0.4681041,1.3333707,0.60434794,1.2253404,0.48590532,0.23284575,1.0236727,0.0,0.025788372,0.75432134,0.40266502,0.0,1.2181183,0.9118057,0.7637128,0.013414816,0.9216101,1.6428524,0.7144415,0.17872152,0.0319129,1.3855139,0.36650905,0.3574511,0.014529435,2.9429965,0.08035366,0.29124728,0.9337342,0.091866314,1.1862909,0.35988685,0.39429045,1.3712708,0.16369787,1.2481284,0.70959175,0.3239788,0.017346593,0.19940053,0.7248919,2.3079486,0.67452216,0.1429957,0.3490284,0.35931218,0.39233643,1.0770398,0.058963478,0.54694104,0.3883961,0.090073876,1.5010946,1.1347237,0.012357377,1.4326271,1.5617266,1.013253,0.14555733,0.044954076,0.03526867,0.0059844814,0.30403116,0.15311345,1.9808877,0.4255813,0.31018543,0.94780964,0.046234764,0.084545545,0.16052681,0.41176122,0.15689842,0.8884346,2.3806167,0.0,1.155032,0.82921076,0.50196457,0.2877659,0.41355234,0.024799049,0.08531259,0.5210623,0.10128689,0.6937124,0.05371585,1.2926491,1.67293,0.917753,5.22148,0.02032126,0.8065903,0.27582148,1.0297754,0.65553546,0.19151378,2.7878847,1.9772472,0.036628935,0.2663337,0.5418909,0.0,0.009851533,0.0104208505,0.43291238,0.001255775,0.24611044,0.36582127,0.10335461,0.7350202,0.52808046,1.2672342,1.7338628,1.3177708,0.0033803568,1.0286996,0.9754148,0.7092651,0.26483956,0.16166426,0.08935459,0.8237628,0.63409674,0.49802494,1.0864003,0.42991617,0.9609037,1.0246518,0.029626831,0.79485506,0.5468339,0.76050246,0.6136768,0.048447322,0.45323074,0.42515743,1.6368811,2.0399227,0.06950272,0.0058914153,0.12390367,0.060070205,1.9606597,2.6009796,0.21146815,0.20079315,0.109747104,0.07787663,1.3394319,0.9429726,0.71413,0.29130548,0.1634657,0.57306325,1.0792935,0.55131185,0.22299647,1.1134373,0.36519614,0.15054598,0.5502401,0.8598517,0.45452297,0.08739772,2.580968,0.1362831,0.3229485,1.188493,1.1484404,0.7801542,0.14812478,0.058465257,0.6551053,0.0,1.6625111,0.9211276,0.10893378,3.629602,1.9924523,0.4404433,0.023525145,0.0008166196,0.0,0.4594773,0.4678747,1.1147066,0.04126075,3.6030326,0.7817277,0.14832471,0.7129934,0.5673397,0.16506411,0.036949985,1.2038801,0.7824618,0.9198286,0.058239993,0.060768273,0.08938595,0.08389846,1.2901694,1.6773572,1.834158,0.7497752,1.7953799,0.07086777,1.2128618,0.8586846,0.089872174,0.81656295,0.0920689,0.26007283,0.2978195,0.8301772,0.075362474,1.2913597,0.23600842,0.0,0.13202699,0.11391227,1.2999066,0.46692932,0.059638616,0.001159143,2.8869112,0.27081338,2.1917555,0.47721353,0.46903703,0.09796201,0.0814012,1.832417,0.40851203,0.072089076,0.2507861,0.0,0.28719476,0.9146386,0.16941531,0.43667305,2.6401403,0.10967195,1.331385,0.30965808,2.6072276,2.044734,1.6563979,0.22644511,0.031105435,0.5404617,0.06406989,1.2877302,0.26390365,0.07750715,0.034586396,0.88132405,0.4400846,3.2051091,0.96058744,0.022215107,0.04519182,0.083989725,0.12747824,2.942041,0.20692828,0.025536275,1.6910049,0.4358695,0.07668716,2.3042486,2.497026,2.1570687,0.5279832,0.48589543,2.316156,1.4429327,0.22854552,0.49064317,0.6726499,0.0834428,0.0,0.32739606,0.44834447,0.28117388,1.4014796,0.5007429,0.342421,1.2026184,0.062313292,2.0443938,0.72680336,0.0,0.0,1.0066772,0.22546999,0.033857267,0.124752976,1.7338319,0.6941033,0.3415882,0.2222678,0.0045813564,0.2299939,1.1806785,0.093431234,1.4483533,1.2260823,1.5090696,0.0,0.5508762,0.0083001545,1.6780137,2.3792305,0.15754098,0.01420546,0.16751315,0.8187853,2.245503,0.5252776,0.108177155,0.22921363,0.39315835,0.010212427,0.29601178,0.08089666,0.006418847,0.061822142,2.288076,1.511678,0.46690857,0.11029479,1.1526475,0.16264966,0.64126927,0.36435857,1.2049564,0.17075056,1.3995728,1.1577324,0.068487294,0.9931064,0.1164067,0.98861414,0.98655814,0.08448079,1.8728876,0.24458791,3.0037143,1.2151724,2.124712,0.17199391,1.8510561,0.18681107,0.37965053,0.8243983,0.4045087,0.88196653,0.555675,0.25650156,0.038074255,1.0445504,0.022478962,0.45915225,1.1722076,0.8423865,0.16738448,0.9108944,0.36642537,1.352499,0.8586824,0.55529594,0.016630553,0.035115715,0.5757594,0.5823369,0.07199294,0.55593145,1.3673443,0.7030982,0.7195106,1.0327829,1.1993543,1.1919148,0.242964,0.011437235,0.52161723,0.7112167,0.48834133,0.0689208,1.6661016,0.0,0.37651178,0.30835143,0.22614868,0.076610535,0.37581906,0.0,0.45231533,0.83406967,0.57749325,0.08324873,1.1415765,0.085554056,2.3926647,0.05697883,0.7928357,0.018601969,0.10366217,2.5327995,0.5510068,0.5577392,0.07728755,0.05399232,0.18287973,0.64734215,0.2593975,0.038920693,0.609167,2.8662214,0.33828393,0.5856832,0.0,0.23643003,0.7665915,0.30568784,0.113524154,0.2617776,1.4788834,2.5259058,0.24514058,0.69449,0.57616985,1.6430233,2.7036972,0.08110114,0.30313963,1.9125824,1.4172835,0.8140784,all_pothole_images\pothole_images_new_image_455.jpg
1.1370173,0.5635649,1.3598589,0.03377784,0.393955,0.19534194,1.5020361,1.3867717,1.3955594,0.25588512,1.3747368,0.0,0.56365496,0.47332942,1.2706238,1.5849657,0.15838018,0.095867895,1.1474828,0.48774305,2.359801,2.6162918,0.25034723,1.2732195,1.1510686,0.81979215,0.582865,1.5178096,1.8108877,0.42146215,1.0474163,0.9184715,2.0957654,0.826585,0.043681942,0.9619956,0.4088903,0.8808536,0.57672894,1.506946,0.29630008,0.0024897486,0.4002786,0.6797306,0.35902187,0.85873514,0.7117504,0.47175178,0.9801974,0.64630395,0.81642634,1.0336349,0.76238686,0.14254977,0.95169944,0.83134973,2.7592914,0.45636392,0.017780915,0.8468407,0.19324203,0.1535618,1.3584784,1.3382736,0.03995878,2.1325915,0.25649565,0.76173276,0.67583114,0.27146205,0.76750165,0.05766327,1.7985779,1.8097873,1.5715963,2.0027995,0.40678182,0.97313166,0.37824044,0.72153044,0.46208617,0.27213654,0.9087012,0.60247064,0.03738008,0.7273452,0.45930755,0.5570392,1.8729441,2.498816,0.55855507,0.0,0.75301933,0.17156333,0.47547194,0.2717242,1.6371188,1.291868,1.1977043,2.3105474,0.08427583,2.1117332,0.7260585,0.6472942,2.0027153,1.3895159,0.74604017,2.1845274,0.82502645,0.9928081,0.09973055,2.0282395,1.434972,0.20045371,0.24298197,0.5953351,2.6324973,0.8416763,0.5292849,0.9913585,1.6845632,0.0,0.2132995,0.8678857,0.88068974,0.34989586,0.8407926,0.105617955,0.8759774,0.799779,0.048667565,0.6807158,0.32069588,0.15482444,0.15980235,0.7263841,0.5236618,2.6802256,0.019391067,0.57779187,1.0526251,1.5921938,1.8221107,0.39500788,0.82035726,1.6488276,2.4633594,3.3342328,0.3663091,0.13954702,0.3839408,0.1648021,0.3169354,2.7373586,1.8185898,1.0017492,1.2040849,0.4764254,0.8227448,1.6704577,2.0125096,0.45231822,0.07987783,0.0,0.37955058,0.06188013,0.19256541,1.1381373,1.3079524,0.717125,0.018574134,0.41262808,0.057462174,0.3385749,0.9077149,0.36509883,3.0898578,0.048123173,0.03723765,0.14448851,1.1590393,2.3178973,1.4535756,0.6392153,2.3163981,1.4667664,0.6928412,0.5751398,1.1466167,0.06523136,0.06296458,1.4255153,0.8783801,4.246481,1.3145261,0.4317305,0.4652469,0.57738024,1.4250655,1.1753805,0.005684439,0.74421847,2.0382416,0.99499255,0.34060162,1.1063565,1.3001899,0.79938096,0.4783771,0.38979727,0.18829097,1.5383593,0.5807195,1.0053208,1.8188683,1.3257442,0.104884245,0.07590985,1.3994457,0.6816411,1.4872352,0.7292153,1.3495556,1.9356707,0.3476175,1.111767,3.9219565,2.38656,0.09869834,0.4184189,1.3782655,1.2686088,0.19125482,0.63963675,0.77359444,0.13922955,1.1931225,0.03641042,0.26478162,0.7963311,0.028057069,1.6770422,0.20522884,2.1513817,0.8482075,2.2065382,0.1396899,0.5394043,0.057113584,0.5523991,5.5806055,0.31827432,0.5047188,0.96259475,1.2218422,0.13415223,0.50956863,1.5600517,4.3492565,1.7379128,0.15747288,0.1682413,1.9500368,0.036800593,0.32583973,3.178782,0.009018742,0.39629027,2.1282969,1.5718956,0.19403994,0.37632403,0.436858,1.1693652,0.015447994,0.65435773,3.1873462,1.4010514,0.63417864,1.8109488,0.28452578,1.1262652,0.026410516,1.8682139,0.45587945,2.0216465,0.15934852,0.359921,0.091908745,0.0009133362,0.8564649,0.6566119,1.1837511,1.9008607,0.52019244,1.5016347,0.22470622,0.0545695,0.5660507,1.2513262,0.19791795,0.156815,0.017043328,1.446463,0.04267489,1.0094962,0.28716543,0.1800846,1.2474095,1.7590532,1.4479148,1.3895433,1.1526985,1.7395834,1.1308823,0.8987725,0.017669896,0.6871287,0.0986944,0.6712782,0.76078844,0.7780747,0.92563736,0.57887733,0.3665702,0.177807,0.12168971,0.0,0.25480714,3.0302038,1.2242053,0.5336368,0.0033248172,0.43814367,1.4209408,0.43237188,1.5383801,1.5448707,0.2817599,0.57337016,0.42829648,0.17276952,2.7309818,0.00474224,1.5813137,0.21033007,0.40034637,0.41638348,0.7015068,0.013430978,1.8664782,1.3350556,1.5349956,2.8306093,0.420901,1.6966767,0.6520797,0.46082678,0.5579811,1.0454282,0.29959807,0.00074154185,1.4503392,0.57287806,0.6048088,1.3026354,0.74823606,0.26481757,0.08233801,0.31303874,3.561478,0.31568506,1.2250748,0.52725583,2.121155,0.4642849,0.14311977,1.0716923,1.6189561,1.1233199,0.059966817,0.03976284,0.50223726,2.1106598,4.342833,0.632298,0.30342573,0.013543741,0.3508196,3.0882478,1.4183468,2.2341955,0.6323289,0.3912902,0.36823237,0.02465785,1.0840452,1.0225424,2.530796,0.044698384,4.2089763,2.9073577,1.6180292,0.22691014,0.0023291865,0.007285613,0.28192496,0.17158192,0.9843102,0.0,0.72852093,0.18902132,1.9912745,0.6130176,0.3738725,1.6766456,1.1365641,1.1309876,0.85314715,1.1481025,1.35407,0.5189706,0.0,0.518301,0.4919475,0.8619624,1.1614239,0.6305369,0.94533145,2.247119,0.16282512,1.455127,0.29947424,0.07696984,2.1054392,7.9378,1.1918242,0.75276697,0.8801399,0.17741212,0.7030577,3.1052933,0.007830743,0.27126753,0.3245856,0.0057067117,0.6389626,1.2755637,0.11833799,1.5359836,0.5044414,0.86643165,1.4095011,1.2684939,0.16956854,1.072153,0.6167189,0.86892664,0.18233982,3.0533626,1.5939333,1.1273122,1.343532,0.0076511693,0.574903,0.6251772,0.1934294,0.4618365,1.6797849,1.6408193,2.2632377,0.0,0.8203688,0.07009207,1.2336626,0.34643075,0.13580744,1.0108918,0.35444725,0.12252499,2.95933,2.1330967,0.17459942,0.30647925,0.48614776,0.12425227,1.7268234,0.5689528,0.68881273,0.5029921,1.063876,2.687123,0.2646893,0.17509273,0.8547661,0.15868995,0.35564196,0.1679624,0.81521666,0.078411475,0.24778166,2.6743186,1.3379694,0.23024677,1.327171,1.3271263,1.1065882,0.5777163,0.64469343,1.1523626,0.4740596,1.2061319,all_pothole_images\pothole_images_new_image_456.jpg
0.86819524,2.6048396,0.18853648,0.16643761,2.161988,1.9431463,0.5303652,0.6483663,0.07424032,1.4961462,0.64412576,0.10708829,0.21639277,0.22367598,0.34852752,0.24294798,0.66931593,0.045890555,0.7330677,1.356988,0.59572667,2.223825,1.5707433,2.0130885,0.18031618,0.6725728,0.14475164,1.4035666,0.23629324,0.26399216,1.112607,0.33789572,0.28876126,0.4305161,0.8669267,0.7980053,1.6955712,1.2072669,0.16079912,0.6623559,0.08565254,0.81036764,0.08490045,0.7911461,1.6353062,0.05662871,0.67079526,0.05678125,0.9037576,0.10727507,0.26445913,0.82754046,0.085672185,2.172265,0.6347259,0.25885543,3.09244,0.06533313,0.59864634,0.881863,1.097315,1.0047469,2.2447367,0.09134311,0.3336695,1.32733,0.99314207,0.62897056,0.859028,0.7729083,0.41558662,0.6913366,0.79844415,0.25115618,0.47100922,2.2067723,0.21300784,1.1575856,0.8130709,0.40572956,0.39819923,1.0705222,0.46606764,1.8060542,1.4435728,0.40579757,0.96279705,0.52457726,3.8816807,0.28748065,0.4793929,0.90616685,0.5084536,2.310494,0.4859373,0.30387598,0.36525828,1.1080252,1.5392674,0.07391498,0.043031137,1.2253225,0.0,1.1518424,0.5761962,0.4908634,0.23038132,0.39473125,0.051176,2.0761588,0.62622106,3.5435374,1.5320083,0.32488668,1.3508595,0.5312796,1.5723646,1.0780021,0.467687,0.14548011,2.215853,3.6788096,0.25797608,1.474232,1.4038216,1.0808698,0.17457472,0.08173008,0.76210976,1.1426266,0.9057846,2.2255728,1.2125444,3.1140838,0.35818416,1.4254107,0.8238178,0.17629656,0.82312727,1.0075185,1.2442211,0.12267673,0.23640464,0.83803684,1.2752311,0.10978391,0.96085167,0.53333896,1.8587011,0.7435946,0.53521776,0.47070235,0.77341473,0.23111549,0.93789786,0.40395927,0.78626233,2.1155639,2.5091333,1.0343227,1.4717091,0.4670587,0.19745912,4.7347555,1.4579902,3.176008,1.3481776,0.86835164,1.980682,0.17810659,0.5233401,0.5991347,0.50520986,1.0509305,3.9921777,0.032814737,0.0937338,1.9110215,0.0,0.5141648,0.5465686,0.9474112,1.6341863,1.2719417,1.8172563,0.40681028,1.2056036,0.08198011,0.11879193,1.6167777,2.1682415,0.91967314,0.13674742,2.70753,1.5524727,0.54452187,0.44104975,1.6596117,0.094339356,2.5507288,0.08591017,0.14705983,0.8286774,0.24408099,0.305201,0.285223,1.0822108,0.050404888,1.0194157,0.65137565,1.2419327,0.61749226,1.1831168,1.3346682,0.13026701,0.13080159,0.6989411,0.19223462,0.27193105,0.16421637,0.49214596,0.022807352,0.59423405,0.58001566,0.1492278,1.153807,0.7032796,0.0017320778,1.4588557,0.08057628,0.82699674,0.83458465,0.33929217,0.17172784,0.95605594,1.4682779,0.1585019,0.37719032,0.040549695,0.59955597,0.2670763,0.9155029,1.1036983,0.093788765,0.17913799,1.0705597,0.9743602,0.028359432,0.06811385,1.7841893,0.86005557,0.19831318,0.5958285,0.3733497,2.4125545,0.018340284,0.7667474,0.61816144,1.2237824,0.6383889,1.0189372,1.9765183,0.7519598,0.00061439635,0.35678193,1.3182429,0.16404426,0.38699052,0.73501736,0.024377448,0.52359796,0.71783864,0.08162525,0.066042036,0.48730832,0.8737224,0.6929917,0.6513908,0.19729547,0.12857907,0.44941488,2.6549978,0.83940107,0.6164699,2.1684208,0.6573968,1.8118964,1.0519446,0.87874085,0.370031,0.0862148,0.5177064,0.12983513,1.6151749,0.2747404,0.54046327,2.4555287,0.32127875,0.08139249,0.5221159,0.2423099,2.6315784,0.14791581,1.3125178,3.7694774,0.47507483,0.7120637,1.1487514,0.71490484,1.1304933,1.0047958,0.06161868,3.63384,0.34671634,0.50975573,0.23583242,0.5032821,1.0438033,1.6147969,0.39176592,1.7316744,2.3580513,0.160944,0.21210253,0.032481167,1.4713726,0.8871957,0.74925584,0.27759293,0.9600015,3.109653,0.7127183,0.3776684,1.3758175,2.0535953,1.2876673,0.87725294,0.05904805,0.6776403,0.64064825,1.5424644,1.6329896,0.9093845,0.051537056,0.04104478,0.2615507,1.0635216,0.30003527,0.18372759,0.09797042,0.28888872,0.96569216,1.4290156,0.07511512,2.8223689,0.4032268,1.287297,0.059623986,0.4700297,0.030577179,0.043036148,2.847999,1.3141814,1.56131,0.36171445,1.2884274,2.3600311,0.77828586,0.40072572,0.7227704,0.9047918,1.8981766,0.39222437,1.3536407,1.7508458,0.78714955,0.89321214,0.3421908,0.019207606,2.352489,0.070597135,0.39937967,1.0423641,0.8264422,1.2439349,1.0781683,3.0535371,2.536036,1.8875555,0.8964226,2.7337701,1.2180834,0.33612537,0.66574633,0.0,1.4078039,0.20816772,1.0294343,0.46319267,0.12028745,1.7199423,0.79133934,0.10884135,0.30773064,0.24303609,0.0,0.35975692,0.5328071,0.13615909,1.9381866,0.22134778,0.27625033,1.7299377,1.3849931,0.048499186,0.9387968,1.0522349,0.53697634,1.1254988,1.612014,0.9254001,0.3537373,2.0369816,1.5857397,0.9519102,0.77413774,1.7276239,0.96845275,0.8105413,0.3582906,1.3616939,2.8801904,0.6809029,0.40706187,0.28668663,1.8319067,0.7259499,0.47388542,0.6433342,1.3610517,1.2779896,0.048397083,0.0035664877,0.14916177,0.021906408,0.44461042,2.9210148,0.07021616,1.8520002,1.5829313,1.3245031,0.19983956,0.9645728,1.1999315,0.94629675,1.2213835,1.7889816,0.15992449,0.2769971,0.053424366,0.7817131,0.051040668,0.5545863,0.23526537,1.9842247,0.55349225,2.528274,1.1100433,0.6215661,1.9247661,2.2587514,0.881513,0.56024694,0.23905544,0.8248107,0.441058,0.2399012,0.24739808,1.5365231,0.6073576,0.9846417,2.4211094,0.88772327,0.54868275,0.05106364,3.4833732,0.8076429,0.45860955,1.1191443,0.54826653,0.45565873,1.6742529,0.33832735,0.02956582,0.83545214,0.50987726,0.77294856,0.122534655,0.17229404,1.0062351,1.1113245,2.191528,0.9207254,0.08557976,0.8338148,2.6077163,0.0034064373,2.1153126,0.8451481,0.046943456,2.226163,0.11964828,all_pothole_images\pothole_images_new_image_457.jpg
0.4285107,1.6725684,1.2850006,0.821027,0.72765,1.4706111,0.7176825,0.041636486,0.31415504,0.9641083,0.95472217,0.5983031,0.09400205,1.804995,0.27949128,1.2675542,0.07052685,0.028023243,2.6198761,0.030840674,0.3905877,1.5851742,1.5206869,1.058449,0.2773195,0.48237637,0.026583485,2.0807989,0.4670876,0.6532032,0.6983694,0.0212669,0.3048103,0.028837437,0.40439606,0.92161167,1.2737755,0.64673847,1.4621792,1.1288743,0.22390252,0.6980329,0.4582093,1.9487772,0.44588146,0.78544664,0.4358338,0.0034424607,0.5537286,0.029636698,1.3204347,0.2716138,0.4105684,0.3160877,0.508103,1.1483958,2.4796183,0.30541837,0.14120828,1.2030952,0.2496185,0.29536313,1.0978224,1.0065495,0.44845822,1.6949291,2.6984744,0.12584762,1.5601426,0.29810828,0.29558095,0.15483102,0.011470417,0.14539477,0.086702265,0.53637487,0.06136787,0.076009184,0.033598002,1.9157304,0.07446532,0.5576136,0.17274864,0.578295,0.6169014,0.3424187,0.35938597,0.4438799,1.3380257,0.09792307,0.65249544,1.4022528,0.15971255,0.12301277,0.23917268,0.09989454,0.5491911,1.3470948,0.90625966,0.4016884,0.01448862,1.2229891,0.35410467,1.3761662,1.3524348,2.267409,0.009024652,0.018942518,1.4368902,0.43695635,0.04965833,3.9602182,0.19596775,0.25575683,1.6402329,0.12695283,0.83495295,0.87604326,0.98821574,1.3101884,1.6283925,0.08910656,0.013868448,0.9169803,1.3489473,0.43331364,1.3325145,0.7104808,1.1018614,0.46331298,0.27963063,0.33657053,0.6673297,0.22800227,0.095265545,0.60350114,0.27797648,0.20869292,0.17893517,0.022014005,0.7307638,0.36837846,0.31585872,0.121868804,0.11929428,0.9142014,0.5308231,1.0057757,0.738737,0.93910104,0.5372244,0.8141666,0.05148492,0.2947385,2.0834827,0.33653876,0.11127536,0.5407909,0.18554492,0.7418672,0.88376135,0.015879612,0.26236233,4.7672224,1.672955,0.102344975,0.82482195,0.14202929,0.6473374,0.8873864,0.59498954,0.3915258,0.7664924,0.070531756,1.3474332,0.15413733,0.18303111,0.06536024,0.033905085,0.17824478,0.5456451,1.8198533,0.83441347,0.7079881,1.1778963,0.640369,0.66385317,1.4416387,1.0781488,0.6834763,0.4664329,0.050832126,0.84259826,2.3102884,2.1000278,0.019703055,1.3239783,0.66812474,0.27272025,2.8081167,0.32740736,1.05512,0.8655116,0.61013407,0.5397097,0.80798733,0.3149056,0.15393238,0.14473355,0.46673813,0.10610118,0.22851793,2.1833682,0.96632105,1.3375462,0.56804425,0.79992723,0.31133074,0.28145164,0.03213061,0.70296377,0.4105262,0.5082421,0.9796456,0.5491681,0.5813869,2.1257608,0.30616647,0.19208184,0.03942557,0.086416855,1.6898738,0.30713373,0.54934657,1.3370323,0.56133354,0.7881545,0.0055543645,0.0,0.111857146,0.8285983,1.3435847,0.011111742,1.0652311,0.08152197,0.0,0.41951576,0.009244516,0.97733957,1.2209302,2.1005666,0.0429082,0.21471147,0.13454117,0.13514262,0.1608513,1.000943,0.68277335,1.9835944,1.4431813,0.3450385,0.0008495107,0.37448454,1.3200675,0.38458648,1.252317,0.019017784,0.67546916,2.7153432,0.13640429,2.2311227,0.2682912,0.0019606443,0.114162385,0.36463082,1.0030712,0.18621005,0.7373564,0.38809344,0.103404716,0.003533617,0.5382945,0.4254836,1.9371624,0.36135855,0.4569004,1.1940075,0.47932488,0.17723295,0.016435966,0.4496379,0.16578627,0.06981046,2.7685516,0.56025255,1.5265071,0.39656964,0.6238711,0.66040397,0.4811779,0.3765403,0.20102644,0.21732171,0.40523243,2.3468187,0.36594555,0.18639927,0.5521668,0.16076007,0.5996211,0.0154011175,0.24036121,2.4788888,0.35764048,0.51730263,0.43462527,0.550844,0.24471213,0.43206182,0.042275835,0.6782097,0.12761115,0.8884912,0.06450569,0.9906205,0.7718591,0.011630223,0.37154236,1.8077368,0.13138162,1.4867765,0.86564523,0.29246882,0.0,0.045241863,0.52150714,1.2432774,0.65867025,0.2932949,0.3128459,0.27614915,1.1366111,0.7589891,0.7326661,0.029661594,0.19764407,0.010278433,0.8943016,0.07707926,0.9664528,0.62771475,0.43201873,0.4255891,0.7257447,0.66502506,0.009303253,0.7940946,2.9596136,0.4012073,0.8751602,0.25854066,0.5910865,1.5519493,0.55595857,0.42159653,1.130838,1.3466778,0.08444433,0.5586528,0.43611044,0.65195996,1.4768991,0.33258963,0.25595206,2.0764658,0.2361683,0.030616635,0.54728025,0.12072214,0.80491817,0.41780666,0.29317084,1.2973695,2.1167169,0.96305144,0.71810365,1.6440971,0.21005288,0.45356974,1.1199068,1.0429372,0.15663597,0.0,0.58929974,1.3365822,0.5084138,1.8594899,1.2748568,0.43647808,0.027384082,2.5940297,0.7224799,0.0,0.8318858,0.8846073,0.6003843,0.26420298,0.72190917,0.14367567,0.5692085,0.026399383,0.05777646,0.29298782,0.43628427,0.039807357,0.35527286,0.5600968,0.2996369,1.5152572,0.24919723,0.32709268,0.19947745,0.6602924,1.7375927,1.155755,0.054328013,0.6490344,1.0197232,0.88837445,0.1777051,0.21245104,0.23611425,0.20213391,1.9877676,0.4194294,3.511711,0.5960509,1.6653912,1.5197476,0.9849936,0.36370686,0.028404325,0.0005919523,0.25952038,0.21250506,0.0019202327,1.2802919,0.55942154,1.4739087,0.74015665,0.81140465,0.51262885,0.8491324,0.02731016,1.1449852,0.9835885,0.7977964,1.3617753,2.5039175,0.5511408,0.028060071,0.08209096,1.2705481,0.18667419,0.21259487,2.2081134,0.014973252,0.017013557,0.13389792,0.7908588,1.6291348,0.19091354,0.027428571,0.26174748,0.15984716,0.03452753,0.3915637,1.7947444,0.287494,0.32374045,1.1914109,3.3421295,0.3176602,0.12618576,0.8310567,0.15092519,2.6040342,0.019125659,0.25672615,0.47983107,0.99459213,1.0372342,0.16397758,0.0009244269,0.0,0.3135424,0.76238686,0.3458559,1.208759,1.2555307,0.12768866,3.1494217,0.89549536,0.26404932,0.38372883,0.5774146,0.115241475,1.7404592,1.587993,0.60467476,0.51306593,0.13308026,all_pothole_images\pothole_images_new_image_458.jpg
0.0094958935,0.7555896,0.60258347,2.1191084,0.6511449,0.029065024,0.42395636,0.5089799,0.17979549,0.39734554,0.055222195,0.7705027,0.0044146734,1.8425355,0.18138832,0.047669444,0.65249777,0.81724757,0.9429877,0.03426939,1.1429132,0.27765164,0.44155097,0.29846248,2.4422312,0.8481593,0.8664117,0.45046774,0.0,0.1458467,0.47874475,0.21869606,0.056784,0.26322263,0.24644491,0.618652,0.1844046,0.29546043,0.4303826,0.36878058,0.006972696,0.28047767,0.20147781,1.6869746,0.22153123,0.6260859,0.17153981,0.5972253,0.035089023,0.30470234,0.17552339,0.61862856,1.2564006,0.039145347,0.11852755,0.10489887,0.1773332,0.6070333,0.15565626,0.019456608,0.06304189,0.048130453,0.059147727,0.38306823,0.7568264,2.095777,0.3836076,0.1529051,0.048188314,0.0,0.40527624,0.058535866,0.021415792,0.006064449,0.25787902,0.14996916,0.42353544,0.48798853,0.00039437777,0.053120706,0.0,1.0629439,0.8961706,0.89629114,0.12088355,0.2905563,0.038523357,0.0,0.90212125,0.00651117,0.0,0.1306259,0.16508982,0.36234486,0.7100506,0.12814549,0.8175278,0.110990554,0.25540802,0.4585128,0.0150829805,3.0070508,0.0,1.35304,0.19882275,0.20331071,0.2245699,0.61189765,0.035025284,0.42321974,0.4608391,0.96395457,0.017968766,0.9809431,0.3922875,1.0346237,0.10924706,0.521173,1.3036143,0.01340023,0.042090405,0.0960914,0.079631485,2.0583735,1.636051,0.05398795,0.50003123,0.0,0.6285855,0.21116759,0.15847239,0.48551184,0.0,0.51772803,0.0027452186,0.6825619,0.06758845,0.0,1.2418263,0.06916211,0.053529516,0.3521961,1.2235615,0.6012496,0.029230302,0.32825303,0.63876444,0.4685785,0.4978464,0.008532893,0.28149456,0.0023101696,0.0,0.15205996,1.1823747,0.22205321,0.004985172,0.22797531,1.1646847,0.56572014,0.25638342,8.698623,0.6605741,0.10243296,0.20910467,0.07795547,2.6350555,0.19908945,0.7326637,3.3207572,0.0,0.0024805143,0.27426475,0.08346503,0.16002728,0.022237651,1.1239614,0.2827988,0.009358778,0.010578968,0.0044378745,0.39280373,2.8197072,1.8901273,0.47607404,0.77874374,0.11397225,0.13300945,1.8676047,0.58770776,0.42084354,0.03997041,0.09622068,0.082266144,0.47534195,0.032046046,0.5643479,1.7222036,0.3232202,0.70204824,0.22043788,0.78755575,1.1776519,0.10607262,1.0228449,0.25528106,0.6453996,0.00097215356,0.9804858,1.1483228,0.16936655,0.048824437,0.5028117,0.14532705,0.1533312,0.21170251,0.00973198,0.0461843,0.19944815,0.0,0.9164734,0.22902286,0.14275055,0.07313326,0.3441652,0.0,0.5746087,0.0,0.72711927,0.8168022,1.2806497,0.025332944,0.030850932,0.09956996,0.25533676,0.20903581,1.4679893,0.58874,0.33468232,0.04808882,0.4965134,0.5244115,0.07436507,0.48680955,0.30066794,0.028627317,0.3535975,2.308374,1.1752546,5.172369,1.1605687,0.03827005,0.0041678795,0.14376782,0.056368947,0.4424994,0.74062705,0.3339316,0.10764301,1.9324598,0.4003615,1.1449313,0.23376359,0.08798739,0.5524893,0.53043157,0.26979813,0.13943242,2.9345505,0.23452812,0.7229913,0.0,0.1497654,0.6279116,0.02918492,1.8136188,0.0,0.15567839,0.061855596,0.33840427,2.252434,0.105825014,0.4271398,0.19144315,0.47979176,0.68850607,0.4299989,0.80645955,0.40797406,0.07479462,0.012038837,0.120199144,0.052939694,0.9806276,0.24576062,0.43503353,0.037833273,0.8447166,0.06294212,4.6077867,0.5401367,0.92463547,0.0010028814,0.0,2.958445,0.20991494,0.08166543,0.03231955,0.02391136,0.016081607,0.9651477,0.1332456,1.1526102,1.1935521,0.08630606,0.099541254,0.4478365,0.8556896,3.9332998,0.12608483,0.11762233,0.006126163,0.37498477,0.14393249,0.12875323,0.02984332,0.41221744,0.20013475,0.25934148,0.22783998,2.3635402,1.078688,0.3299298,0.2727247,0.025566453,0.17942676,3.7500875,0.15492548,0.12640189,0.78976315,0.1544824,0.9623423,0.3432106,3.4352934,1.0383636,0.0768859,0.0,1.3644668,0.6404613,0.25313365,0.19404308,0.08093034,0.1577181,0.28087944,0.003393477,0.91762406,0.1596198,0.06968447,0.22358851,0.15966396,1.1392419,0.013831092,0.4407481,0.24564649,0.0,0.06854865,0.3796639,0.38791102,0.032457102,1.3394312,0.05039923,0.15821938,0.74727315,0.90094405,0.12113164,1.1015116,0.58786833,0.06896772,0.63936085,0.1932548,0.89486235,0.060123783,0.63701665,1.3139622,0.0,0.5114435,0.8499148,0.11800494,0.012494733,0.15305114,1.9459503,0.08326645,0.029316433,1.0658286,0.049045056,0.18014345,0.3711968,0.12034297,0.14100258,0.02033472,0.17837118,0.35741588,0.0,0.08292341,0.49744898,0.23778732,0.44304836,0.96292025,1.0191265,0.24700063,0.01859823,0.37239155,0.00031798566,0.094387054,0.008983936,0.27253193,1.0697197,0.6080098,0.2734691,0.015288135,1.4799455,0.0743857,2.24196,2.3508365,1.6994432,0.5053738,1.1242266,0.117889635,0.0107370755,0.24026525,0.886883,0.0,0.06034123,0.23680246,0.23130055,0.04139414,0.12582791,0.53878945,0.17947641,0.14652275,0.026654802,0.014291469,0.32290602,0.12484887,0.0,0.10403233,0.96597373,0.06877429,0.019721985,0.056584522,4.006802,0.38059303,0.16070391,0.00013103089,0.6376645,0.59825516,1.0906829,0.13565345,0.00051933323,0.06387759,0.934737,0.17822246,0.2754775,0.006212117,0.0067117796,1.2544149,0.27093393,0.47623393,0.15084736,0.0,0.049257968,1.9793999,0.28139132,0.0,0.23460591,0.22673176,0.09086232,0.010444256,1.4374162,0.31619018,0.77374125,0.6288872,1.297805,0.55712616,0.01371963,0.45967966,0.2051623,0.20661694,0.46154788,0.02051291,0.30325657,4.4626746,0.0055688717,0.034105703,0.022239996,0.028494766,0.5906342,0.27114022,0.05306686,0.19445968,1.2710756,0.22328259,0.2655407,0.13876165,0.199885,0.8411486,3.0992038,0.6311836,0.08949539,0.6753772,0.49755478,0.11280791,all_pothole_images\pothole_images_new_image_459.jpg
0.7372867,0.3116089,0.16008596,1.2668842,0.8010592,0.36062878,0.35881144,0.06127199,0.099272065,1.5943265,0.3185088,0.5174919,0.3038117,1.2431359,0.1870481,0.40884322,0.024877854,0.4367939,1.6632024,0.0094733015,0.7806105,3.329097,0.3313042,0.7891007,0.4721155,1.1461256,0.4083498,1.8178172,0.31498212,0.07764881,0.19849914,0.74432576,0.6004968,0.18097368,0.16329294,1.4976066,0.9883271,0.73517793,0.07744971,1.383113,0.11080419,0.13844027,0.39055228,1.7858063,0.0245574,0.048219737,0.48265254,0.13681045,1.4272788,0.49364915,1.4016262,0.65755725,0.72163343,0.08325206,0.86887044,0.32052654,3.8366735,0.058961973,0.3862578,0.623128,0.058848873,0.9575887,1.2781904,0.28200117,0.5616157,3.0211043,1.3408228,0.6153245,1.3422014,0.119449444,0.16980985,0.6111253,0.0,0.7015644,0.13318299,1.301407,0.28730702,0.026781473,0.32268038,0.46021333,0.02844645,0.071245834,0.61732364,2.6825655,0.21795803,0.058238607,0.2656519,0.41402307,2.776409,0.17688799,0.63364536,0.03118256,0.006901565,0.20904288,0.064081505,0.015315487,0.8996621,0.6352493,1.5584483,0.2187465,0.12724942,4.583093,1.3250744,0.1456042,0.46069643,0.25188202,0.1576313,0.67529106,0.86138254,0.98829,0.052600715,4.048006,0.39037475,0.42488,0.5539197,0.65064013,1.8866396,0.37168014,4.2673926,2.5098498,1.9298656,1.0166168,0.29328474,1.195894,0.014379288,0.1163238,0.2822401,0.9747104,0.204443,0.048814762,0.016668692,0.22251,0.22442354,0.09072603,0.05817474,0.42680675,0.00045167244,0.35110462,0.22022776,0.34887546,0.06415809,0.07031448,0.21595937,1.118307,0.07550298,0.9219935,0.12792479,0.2598223,0.9351594,0.7985436,0.5476233,0.6820712,0.18426795,0.24447031,1.7396013,1.0511824,0.052680258,0.8133813,1.1171098,0.061925314,0.2894783,0.15962946,0.14461471,2.0001488,0.07511502,0.6414767,0.51870143,0.41520837,0.5225635,0.2325202,0.319582,0.11990773,0.43181884,0.043212973,1.0980757,0.041410897,0.46590403,0.008381851,0.014822064,0.018413134,0.12132743,1.8475028,2.081659,0.9003085,1.1767567,0.7294529,0.3287914,0.9730872,1.230918,0.9070602,0.12819153,0.018654754,0.2695022,2.1287308,0.33718756,0.22094847,0.28011152,0.54311585,0.97596824,0.23028977,0.010472532,0.7842784,0.6100215,0.66802174,1.8349297,0.035411965,0.19751373,0.31855792,0.49125004,0.20425576,0.2922113,0.19541189,1.302468,1.584941,0.2290839,0.29399535,1.255124,0.14693238,1.6861553,0.10636059,0.76192826,0.37411067,0.88847584,0.83422536,0.32375136,1.0237308,2.9837322,0.2547173,0.6180661,0.0965827,0.124914885,0.27203453,0.96147716,0.044586726,0.1961811,0.03958995,0.6016345,0.061881296,0.0013086294,0.01996344,0.53155005,0.16593692,0.003607988,0.21045929,0.11410926,0.0,0.5807426,0.49538958,0.7624759,3.7609277,4.828984,0.29908732,0.5290824,0.4374536,0.08730199,0.8772835,0.790769,0.5404374,2.025422,1.7918711,0.18286994,0.0116573945,0.42091453,1.9135302,0.7400173,0.4378525,0.08769016,0.45349544,0.020237029,0.11827962,0.39654484,0.3621891,0.0072673024,0.5523463,3.0587864,0.9138006,0.86167735,0.100240864,0.48688388,0.41762394,0.41951975,0.69198227,0.074148506,0.13264476,0.53844535,0.16073112,0.49751616,0.8535751,0.19809984,0.3718663,0.63662124,0.19169033,0.22510065,1.6080889,0.009116514,1.3617482,1.34627,2.4708927,0.094825424,0.77303517,0.10520557,0.97862583,0.10266084,1.0271852,2.5509522,0.85983664,0.29912266,0.924112,0.08763959,0.34922883,1.8112689,0.44002253,2.2751987,1.0299362,0.17219244,0.63699937,0.40847352,1.8124071,4.1164217,0.36238623,0.45223266,0.2238132,0.18377693,0.020768296,0.57031065,0.3569236,0.13464466,0.3359633,1.0265615,0.20175268,0.17208298,0.7020694,0.17900616,0.424452,0.00080979057,0.7433159,0.8447913,0.28145412,0.08076427,0.1366512,0.2629124,1.3565645,1.7022837,0.028092714,0.21084371,0.08351565,0.099230744,0.24855042,0.5354524,0.5712616,0.41714364,0.06557973,0.5581729,0.20371589,0.3572589,0.43457186,0.29461184,1.0533004,0.66625035,0.74972844,0.018215364,0.00015476964,0.9664219,0.10573257,0.069518864,0.20172362,1.4198163,0.62855154,0.13322191,0.0682878,3.3943706,0.04042169,1.6711199,0.112063564,0.92268807,0.19154741,0.34999776,0.15371919,0.0,0.5431494,0.4686777,0.0058315024,0.4176688,1.9237839,3.2359014,0.81644124,2.1264155,0.0,1.1178236,0.76673615,1.107207,1.0627748,0.057106882,0.35150427,1.0797999,0.004639323,0.4163761,0.040576797,0.06586073,0.05312791,4.730628,0.58277947,0.444272,0.43592975,0.5455334,0.052951243,0.099877276,1.4201118,0.12609999,0.07020752,0.31859377,0.7089747,1.3103288,0.4604145,0.36536527,0.03920694,1.247173,0.5279465,0.5384969,0.06472406,1.0184864,1.0708238,2.1775882,2.2648623,1.4217563,0.25892785,0.055972405,0.7740057,0.015363294,1.0020863,0.27737048,0.06862952,0.1245308,1.3307604,0.34419495,4.480747,1.3252093,0.7960467,0.1313848,0.18134105,0.2627414,0.9822023,0.29928333,0.74658483,0.61171854,0.03714964,1.8183607,0.1456684,0.1065663,0.61374897,0.36071345,0.9556739,0.26205277,1.5047249,0.39022678,1.9193326,1.9070793,0.38987717,0.2905639,0.9750743,0.37235686,0.22605285,3.298093,0.0,0.6539862,0.9739661,0.07217344,0.15052019,0.18428725,0.17999859,2.134587,0.78933066,0.11543781,0.6917753,0.6641093,0.2851712,0.15783696,0.37605643,1.1959817,0.673614,0.96274096,4.0869975,0.92704964,0.32067654,0.006146063,1.4105507,1.8581536,0.09011994,0.9669802,0.041377097,0.7974965,0.5142705,0.092916556,0.15424505,0.2479081,0.47791624,0.56907743,0.1813952,0.053015232,0.19292717,0.30727592,4.511156,0.51718086,0.019987054,1.0005034,0.6737989,0.0,0.8577496,1.3022962,0.8391401,0.6059723,0.2981838,all_pothole_images\pothole_images_new_image_46.jpg
0.39520112,1.8556224,1.4412577,3.287308,0.01415163,1.053891,0.07501418,0.05114291,0.49451387,1.1675336,0.14650738,0.24853086,0.1504967,1.8532691,0.5118548,0.16923751,0.04423298,0.3462336,0.0097710565,0.11708561,0.7674121,0.3941298,0.0,0.030739209,1.078338,0.6240461,0.18915935,0.75116897,2.5609415,0.9051131,1.0824162,2.5688267,0.42681852,0.103692345,0.516896,1.2644364,2.754291,0.5489549,0.12452577,0.15718073,0.11699581,0.25452358,0.36641198,0.9567942,0.5091294,0.30218965,0.21454817,0.4867848,1.7318915,0.0027607642,0.5071135,0.108829916,1.5592709,0.77413046,0.90980464,1.0200988,1.5849792,0.88867825,0.11062648,1.8052477,0.7035427,1.1208942,0.4825004,2.3382142,0.16116294,0.1378713,0.7060337,3.2279632,2.3765,1.3847336,4.4861836,0.5584075,1.4626436,3.034361,0.41177335,4.8614016,0.29793626,2.0090387,0.09022674,0.46743476,0.6463872,1.1829541,0.29311627,2.2122,0.17433009,1.7212975,2.0759466,0.04311596,1.7299443,1.6407319,0.993858,1.3371706,1.505568,1.4914311,0.03514246,0.3548046,0.16533552,0.8757295,0.5845619,0.06251039,0.33264026,0.51583594,0.82752556,0.44323412,2.585321,0.2897459,1.6982099,0.49170387,4.5093427,0.8396202,0.051707022,0.81026167,0.89378583,0.6209877,3.9598663,1.2022593,0.20301956,1.9971153,1.5384061,0.27095273,1.8580217,0.32958275,0.27285507,1.0178909,1.218513,0.8734583,0.21477878,0.30051652,1.4793676,1.4046512,1.0906472,0.3756048,0.962601,0.47281298,2.7000391,0.22240405,0.92385787,1.1366804,1.0626733,0.15683548,0.5271952,0.8840883,2.5108497,1.4296155,0.27489704,3.328868,0.1334533,1.3953854,0.3791011,0.09586579,1.0322952,0.17653923,0.19296369,0.07557123,0.90859026,1.5824511,0.9521284,0.81386214,0.013291643,0.29850337,2.0983982,1.7354063,0.1798989,3.6244519,0.8752857,0.8308203,1.1305827,1.3946818,0.28524244,1.9073156,0.67863804,1.7217636,0.64194316,1.7061406,1.3764541,0.6493259,2.0135355,1.2881215,0.55183,0.49489188,0.68687266,0.27105755,1.1379764,0.15863383,1.65541,0.346072,0.68158317,0.73925483,1.5501364,2.6203008,0.119656704,2.6036735,2.1781557,1.8236392,1.0562278,2.1867168,0.152453,0.42460874,0.2141996,0.2139594,0.17111893,0.26809087,0.102156304,0.96754,0.52226675,0.38792714,1.9318982,0.28407472,1.642152,0.049749073,1.3246313,0.0062275473,0.8523931,0.6179958,0.5449659,0.4686473,0.09847276,0.44069,1.3666353,0.0077982983,2.495506,0.6814572,0.02335058,1.6594294,0.016867783,0.43304065,0.19833356,1.2260996,1.2417829,2.9729676,0.43391573,0.123986244,0.030438205,1.7812628,0.7522912,0.18150774,0.9025997,0.43060815,1.5781283,3.6414523,0.15164101,1.8241614,0.87467206,2.11171,1.4607662,0.6197765,0.5950913,1.2261595,0.24119307,4.2048173,1.370152,0.20271188,0.17934026,0.81443363,0.935156,1.0085928,1.8330414,0.24883279,0.60137296,0.6290733,0.021155965,1.0361793,0.6335189,0.0,0.5701788,0.58592856,1.0447141,1.6509304,0.87782013,0.0035493001,0.6486379,1.2820121,2.2429233,0.60990345,3.1668725,0.5794221,0.016437124,1.014977,0.12314614,0.42611548,0.4658507,0.0023451715,0.4123667,1.114502,1.0829464,0.29844692,3.4857464,2.769676,1.3434049,0.79416704,0.17269714,1.7355078,0.064046256,0.44674736,1.0470321,1.8857684,0.22165559,0.44896075,0.22519806,1.5004852,2.3845537,0.9995494,0.8166366,0.24969314,5.404694,0.69463104,1.2289723,0.21074542,1.1428585,1.224818,0.10057729,0.23413195,2.7680693,0.21256608,2.0798838,1.8731935,0.25215903,0.8610309,1.2962784,1.3977065,0.21028595,0.42265007,5.6709313,0.3275633,0.0,0.07132436,2.2714207,1.3557869,1.485819,0.018528963,2.8527093,0.07724746,1.9961126,0.18649739,2.5664017,0.070709385,0.6248857,0.23500851,0.7979202,0.016269857,3.7317297,2.9752414,2.3154728,1.1287082,0.05358604,0.57077515,0.29937035,1.897248,1.3116146,0.35315144,0.2720173,2.054687,0.19732215,0.3886423,1.8708572,0.15361197,0.0,0.48734656,1.5471509,0.5115422,0.39909247,0.4411249,0.37707016,2.7615335,0.24544026,1.7719864,0.62390757,1.0380224,0.17004308,3.141747,0.11152854,0.91817254,0.118401155,1.4702815,0.030156257,0.30938962,0.58613974,0.30945647,2.6674478,0.8868134,0.7136794,0.31203467,0.19698858,0.7474465,1.2903786,3.2934625,1.3134516,3.7972405,0.11997585,0.44026503,0.42956752,0.12474729,1.9395698,0.06557233,0.93395466,0.68341625,0.09061896,2.6982198,0.3174453,1.7951193,0.6781648,4.500341,0.32106647,0.18518054,1.304771,2.1035655,0.34774143,0.6690386,1.217414,0.022684477,1.35751,0.5416469,1.9822125,1.6010531,0.8509515,1.0655285,0.37422,0.25138015,0.11253533,1.8883576,2.0103397,0.16666977,1.4000005,1.0188739,2.0616984,2.141156,0.07267739,0.23598164,1.4688101,3.0202143,1.0818963,0.31548968,0.9357722,1.2529998,0.5462649,1.6214874,2.402435,0.9143743,0.09981776,0.8856243,0.44088128,1.7759409,3.8601222,0.038528096,0.005146749,0.20314734,0.37229466,0.3700174,1.4208484,0.5427691,1.4170309,1.2918134,0.42144617,3.7647169,0.092539355,1.7235378,0.04246811,0.53387165,0.6992349,0.5724294,1.6787529,0.058424864,1.4408989,0.6821083,3.6686711,0.8093218,0.41040426,0.33241972,0.6366255,1.4753346,2.3721285,0.027728396,0.64467704,0.51736563,0.8601024,0.7353936,1.5337138,0.82389957,0.09311267,0.69705975,0.22436847,1.0079632,1.3871559,0.25049004,0.76000464,1.6781982,0.7405966,0.18504345,0.2122946,2.569202,0.8176413,0.17817512,1.3429372,0.05618669,0.18365614,0.27069557,0.052423183,0.11871934,2.0430205,1.166056,0.4301753,1.8051785,1.6981874,0.27902502,1.6872633,1.1763915,0.93249494,0.43365797,3.1699061,0.12033848,0.6753098,0.94031256,all_pothole_images\pothole_images_new_image_460.jpg
0.3534096,0.97373635,0.049377143,2.2980263,0.7820814,0.50948447,0.30657512,0.0075309216,0.12760742,0.96371335,0.41116372,0.97557247,0.0033771773,3.1289105,1.750911,0.033375755,0.10688458,1.286121,2.41099,0.4558138,1.235641,1.0110785,0.02499593,1.2968065,1.025304,0.29524118,2.7766163,3.1246715,0.75163376,0.28222355,1.2784151,0.03229482,0.66284317,0.08162064,0.09759278,0.51729554,0.66491354,2.1838195,0.011074754,0.28781202,0.019972995,0.0014297476,1.0613929,5.6664314,0.47202122,0.049146205,0.64288193,0.16627994,0.16738506,0.44212666,0.37931964,0.3471647,0.41699016,0.09002692,0.15005563,2.3691804,2.306779,0.83283955,0.076467134,0.12838964,1.0564358,0.6148099,0.5497524,0.52534896,0.4149652,2.5161023,0.30882117,0.0,0.0468219,0.41619733,0.1424124,0.66299385,0.25648066,0.07327461,0.3014842,0.24975596,0.178111,1.6187057,0.0895101,0.4766264,0.1073592,0.07545107,0.0007035336,1.489891,0.19202247,0.029767128,0.17733227,0.17332156,2.7764966,0.05925351,0.7290058,0.12138777,0.25560158,0.0,0.015871014,0.072484,0.27516842,1.0655357,1.4597744,0.073470645,0.028334232,2.6654673,0.06317278,0.6814469,1.101177,0.7496498,0.26461208,0.14204322,0.9205295,0.09400647,0.0,1.60534,0.4843886,0.25831923,0.31224784,0.49260262,1.2755103,0.76288533,1.7103801,2.2248323,3.7250977,0.9421355,0.1172582,2.0454202,1.6050962,0.031102935,1.1526299,0.76119155,2.848056,0.16322742,0.2624682,0.19355866,0.5851738,0.17045014,0.65212667,0.5093808,0.4204299,1.7290335,0.895187,0.22250889,0.5044458,0.28444707,0.12829402,0.34510055,1.4346853,0.47333273,0.18029715,0.33240438,0.10295513,0.13891762,0.8923823,0.3075666,0.0,0.41867512,2.503819,0.8311662,0.74646634,0.2273789,0.80162406,0.27083844,3.6055322,1.043669,0.46627718,3.7527764,0.37943384,0.21087591,0.46517926,0.39810187,0.7056616,2.1520104,0.23671894,0.05928212,0.048172906,0.043843903,0.16368042,0.6491307,0.44763038,0.0,0.091237426,0.114140645,0.0,3.5554554,2.3059807,2.210211,0.5440171,1.8719134,0.2940768,0.34914383,0.0219836,0.06673779,0.0,0.14474395,0.40279803,1.7174916,0.053346112,0.83950484,0.4363463,0.54793257,0.016675362,1.0483909,1.1356648,0.29271883,0.7916809,0.93482953,0.62099594,0.006231578,1.9382874,0.7761709,0.284033,0.49827057,0.0,0.012054091,1.0044359,0.44642398,3.0374281,2.9156682,0.7702176,0.19357553,0.31440163,1.0347064,0.94102323,0.26838288,0.90992874,0.10162777,0.15568486,0.319655,1.158243,0.71281105,0.04427832,0.9990703,1.0833806,0.017400606,0.264843,0.121306024,0.5542055,0.2508368,1.928862,0.4633496,0.14876617,0.69028723,0.019329244,0.21803272,1.044264,0.36709824,0.9407267,0.0,0.4928111,0.0,1.2007976,2.337234,3.0562465,0.12116455,0.34522024,0.1385225,1.2442689,0.2467148,0.45945448,1.2275813,0.40920117,1.2780489,1.0718122,0.063637935,0.36448872,0.1353128,0.29625064,0.5712266,0.696485,0.8850825,0.41800275,0.05003422,0.27218932,0.11134715,1.0480622,0.0,0.8073425,0.23549932,0.00043720132,0.8732667,0.5870921,0.8905426,1.2182995,0.0036252881,0.8151945,0.23348396,0.624918,1.7707647,0.7966045,0.6039772,1.3699012,0.0,0.0,0.116394825,0.1928708,1.1640092,0.0991852,1.1134207,0.012787756,0.36051053,0.30776867,2.6355565,1.5069494,0.39151305,0.23292333,0.31376588,5.6798143,0.0,0.1351537,0.15191387,0.10613993,0.19305322,0.33296296,2.49973,0.5881278,1.0099667,0.049185872,0.5043258,0.027383424,1.0040168,1.9469957,1.2025877,0.19053677,0.0,0.5080037,0.7039155,0.58948106,0.7226662,1.3266897,0.012448431,0.8231034,0.2930539,1.8202266,0.14798734,0.1749176,0.2266294,0.26975495,0.22777393,1.3582847,2.2599359,1.7118766,0.32233152,0.27018473,1.5274214,0.8609295,0.8827286,2.1735916,0.098487675,0.45001137,0.7237275,0.3048739,0.030652916,1.0649654,0.07267472,0.4123321,1.0221257,0.035430763,0.12376538,0.028448028,0.958575,0.77440846,0.28915134,0.010492819,0.48408592,0.45859212,0.5265269,0.07582618,0.4795993,1.1098106,0.4797642,0.622939,0.59014446,0.48580062,0.45556042,0.3738517,0.001097201,0.92161304,0.07513117,1.2696538,0.0,1.616248,0.9903577,0.59833443,0.38728064,0.029859124,0.6068287,1.9555641,2.0297673,0.19306725,0.021944173,0.0,1.410525,1.5474533,0.018336782,0.7957901,0.016508196,0.2540964,0.09822999,3.6994276,0.6892113,0.0950194,0.06724896,1.3017014,0.8199868,0.27374545,2.1310437,0.0054702004,1.117134,0.106327,0.6007681,0.7082624,0.19125198,0.9791835,0.6300449,0.3197135,1.1992632,0.1678466,0.45221764,0.7037329,1.1208779,0.6220033,0.012826852,3.5813873,0.20476668,0.4937437,3.9555023,3.3693664,0.67657673,2.3427052,0.91471004,0.06769814,0.25701994,0.6876549,0.17442837,0.13161607,0.6390199,1.1999843,3.5670922,0.74716014,0.0018655511,0.071346626,0.14461589,1.0963069,0.08197109,0.27385598,0.6197338,0.6303657,0.0031603258,1.3625327,1.2521524,0.050393425,1.4584533,2.7852523,0.5112906,0.027763156,0.99876773,0.110109076,0.6700391,0.3960803,0.49346727,0.0476679,1.1756922,1.5624632,0.17986278,1.1241683,0.16219953,0.17650686,0.015698936,0.0070200036,0.054845147,0.9145341,3.3036666,0.93597335,0.5530454,0.3202488,0.80662024,1.5993084,0.45917782,0.2136965,2.9530458,0.041635804,0.0021804422,0.86454725,3.3705816,1.0336223,1.0485331,0.00283347,0.009434744,0.24037011,0.16638394,2.4929047,0.012378225,0.06241987,0.48683205,0.4323813,0.011858572,0.09227838,0.10940261,0.038395353,0.06467274,0.10003527,0.14483804,0.16902888,2.513736,1.2132999,0.318246,0.77697766,1.6021779,0.20000905,0.19387417,0.009267356,0.11781146,0.021501137,0.07508828,all_pothole_images\pothole_images_new_image_461.jpg
0.26491112,1.6876124,0.5241126,1.9387097,0.31805855,0.38480306,0.60897434,0.26413247,0.5664099,1.8241086,0.2912108,0.98396844,0.9718335,1.7083613,0.07396843,0.73946744,1.1529021,0.03356485,0.539543,0.24605526,0.501647,0.8966388,1.4639436,3.2979481,0.8063745,1.359164,0.30667764,0.9204851,0.24920568,0.10634035,0.26703623,0.005971175,0.050625023,0.35475835,0.94092256,1.2193211,0.52045995,0.43991613,1.6049222,0.3538373,0.4715594,1.8573763,1.2064646,0.16638699,2.9713566,0.028140415,0.15249321,0.106937386,1.5389161,0.16089666,2.1548402,1.2377428,0.608347,0.30736464,0.0,0.9359722,0.8525434,0.22771645,1.1942748,1.166026,1.0820452,0.23745938,2.9234376,0.5804991,0.2964218,0.26226076,0.389217,0.88970166,0.5448856,0.30395272,3.0855443,1.3742541,0.9796491,0.12654495,0.6640164,1.1185216,0.31707802,0.5012708,0.5642227,1.2566578,0.13937537,2.5434058,0.8295607,4.1601305,0.512876,0.30704185,1.8631527,0.6830374,2.152253,1.1573206,0.3100955,1.1527423,0.49724656,3.0462472,0.07626395,1.3524729,0.51049745,1.2032603,2.0128517,0.71266466,0.39467382,1.2890478,0.93421507,0.291047,0.88557875,0.10935877,2.4079335,0.35385162,2.0777872,0.17472702,0.8138378,0.5568527,0.6341353,0.9039973,2.3003814,0.600675,0.23935492,0.19500962,0.16166535,0.3572332,0.8897548,0.96926814,0.8731283,0.5872549,2.9407983,2.3203359,0.008088373,0.3022148,0.6051105,0.42478973,0.051616836,0.8169506,1.3907486,1.7706797,0.50873727,0.3519118,1.1648881,1.0367222,0.865439,0.515604,0.71357805,0.83831877,0.94428533,1.9608924,0.30936202,0.29981914,0.37597254,0.31674474,0.458844,0.019784186,0.26522407,1.2938827,2.021943,0.04592168,1.0933816,0.4154574,1.1146957,0.8569515,0.117312595,0.88276595,1.3918911,1.0371674,0.12404086,1.6518748,2.389434,0.035208948,1.872035,0.45774427,1.0078452,1.059448,2.1259668,0.47677734,1.1931233,0.28208286,1.2751889,0.45492062,0.6622981,0.43079734,0.01909492,0.85238045,1.7666965,0.6076932,0.45864856,0.40321973,1.8804471,1.4982448,0.9967281,0.44191194,0.69445145,2.0763571,0.67465764,3.4908402,0.8893691,0.42732218,1.0903566,2.8663049,0.64659023,0.55630827,0.1990194,0.44529337,2.708873,0.44343597,0.21487561,0.22494616,1.1121032,0.11483841,0.25152338,0.025048288,1.2339057,0.117933854,0.75928587,1.0158682,0.59757024,2.1099288,1.6178802,0.038420055,0.4923643,0.13876596,1.9105155,1.1009079,1.3640927,0.037205428,0.5324218,0.0502145,0.48335063,0.71198195,1.3472174,0.06338634,2.3875437,0.6326182,2.5239553,0.3692478,1.4094032,1.26029,0.010159955,0.55829567,0.53926635,0.02280248,0.04920571,0.04819212,0.4401667,0.5788872,0.104343064,0.06669599,0.59523,0.59787345,0.6680604,0.87705106,0.23318395,3.442786,1.0507957,1.3011756,0.06623716,0.7804327,0.35187176,0.006811845,1.4923314,0.27539513,0.16404606,3.0570784,1.2610005,0.62314886,1.0785522,0.011966968,0.31192517,0.029304508,1.3585443,1.2013277,1.7737398,0.19546255,0.9612451,0.12202503,1.2635353,0.90788907,0.18565345,0.8511356,0.5037114,0.8544383,0.8611342,0.29020613,0.7917575,2.1958916,1.3969178,0.621581,1.2274504,1.4681458,0.9647321,1.1400721,1.3660043,0.08880438,0.2928234,0.13201946,0.2697819,1.0301799,2.1095192,0.92378014,0.8953985,0.74076974,1.192563,1.4715383,0.04379532,1.7819475,0.44376978,0.16446874,4.763857,0.5197099,0.286697,0.008941412,1.5485216,2.0157864,0.34486443,0.53874856,3.6351364,0.30605692,0.5939499,1.0543782,0.80831426,0.38267764,0.93563235,0.24870256,0.5647679,0.6711324,0.5955017,0.5586355,0.39815223,1.5264424,1.9000807,0.71032596,0.63259816,1.1237812,2.6806853,0.048543256,0.03969,0.12933594,0.1750837,0.800525,1.4421779,0.26172587,0.80642146,0.13140792,0.9803727,1.6970761,0.75161564,0.15700586,0.8374506,0.18873502,1.355171,0.09191857,1.3968526,1.4453928,0.41347006,0.08252784,0.51442844,3.1217294,0.68601286,0.5276968,1.7801722,0.13034832,0.21367766,0.08069695,0.27573946,1.8407702,0.5770847,0.06535926,0.0,0.88655984,1.3661324,0.39647752,0.15544634,2.4285142,0.64277786,1.1221752,0.26824057,2.0015934,0.28532833,1.2067264,0.64509284,0.24477479,0.6240541,2.088944,1.3681158,1.2032119,0.61762065,1.0292851,1.3657181,1.3419029,3.446021,2.279857,1.5160105,0.8928582,1.3237556,0.16767903,0.99976337,0.15699911,0.14438628,2.198127,1.4923513,1.793266,0.0,0.08322356,1.7546577,1.0729989,0.06830537,1.2577071,0.36586863,0.032193523,0.7229314,0.5091397,0.20264715,1.1921875,0.20343293,0.05294249,0.13411526,0.6587418,0.6579426,0.16056147,0.28863505,0.50115055,0.111378424,0.65909475,0.22545758,0.3840276,2.1508899,0.6722583,2.5052981,0.37329757,1.2901685,1.6728011,1.4687151,0.25119558,3.4360204,0.94024134,0.0785164,0.70274556,0.2463364,3.0465658,0.53400856,0.41751364,0.79832673,2.6154826,0.8276845,0.2416007,1.1016552,0.11413381,0.5549687,0.10032349,2.6287317,0.81045645,1.4989789,1.8949217,2.1013188,1.542706,1.1275446,0.0,1.4433738,0.82594323,2.6079829,0.22122474,0.6680922,0.3287828,0.7490665,0.54825515,0.061381143,0.8463164,1.2069653,0.20864622,0.8814262,0.10200903,0.9840284,0.6361247,0.79246074,0.082244016,2.4910119,0.12513064,0.12766261,0.65660256,2.4079146,0.0,0.45668107,0.56641823,0.79481095,2.0523956,1.0278177,0.29705948,0.16968335,1.3602768,0.43743297,0.34686393,0.22258677,0.026237082,0.39113936,3.3873103,1.4878774,0.07677168,0.42728665,1.1222161,0.21421374,0.4573188,1.0528473,0.5545882,0.92491823,2.4937449,0.0067072697,0.0797246,1.4856198,0.017933758,0.96956086,2.4207654,0.74419683,0.41840813,3.1626039,0.6691739,all_pothole_images\pothole_images_new_image_462.jpg
0.00065073627,0.93285626,0.04877862,0.0051434804,0.18179053,0.15745156,1.1228172,2.6816106,1.2104535,0.02133419,0.038739666,1.0912187,0.6215539,0.45068434,0.0008510396,0.0029236418,0.064464055,0.024502145,0.24583426,0.16920498,0.13168937,0.056447737,0.16807233,0.052183174,0.29791096,0.15997736,0.1349346,0.06838663,0.11021892,0.21244885,0.22795619,0.016285267,0.0004796479,0.089949906,0.45809212,0.13265331,0.35388148,0.7552422,0.8479986,0.44681463,0.15447448,0.5006074,0.010778743,0.052402247,0.24740024,0.29105428,0.0,0.076196745,0.0,0.03070347,0.57158303,0.2593782,0.13708338,0.007734212,0.07236005,0.09224206,0.58179283,1.8763063,0.002346382,0.45634678,0.21649854,0.002955254,0.8230228,0.0,0.13005644,0.22557138,0.23065084,0.0,0.16226295,0.062832065,0.0,0.72148895,0.22795126,0.0,0.013761753,0.07576357,0.5619809,0.45125344,0.044958334,0.00027508123,0.30826277,0.4523721,0.0,0.22669457,0.56905705,0.20195962,0.39842686,0.27448234,0.10589835,0.33644336,0.0,0.48160988,0.0,0.2714748,0.23747817,0.20185708,0.5540779,0.3215998,0.18967132,0.021243114,0.17455447,0.88766915,0.7269173,0.050228786,0.93878824,4.0303507,0.11753029,0.027734462,0.0022688762,0.13117218,0.36174423,0.11714032,0.32033837,2.1206224,0.073676646,0.4635895,0.36964637,4.7145777,0.008612202,0.9503622,0.64968663,2.3233361,0.47729978,0.9395808,0.4337197,0.9365977,0.0132965455,0.009707705,2.9459882,0.0,0.08089065,1.05907,0.0,2.106739,0.36889318,0.5923964,0.0057258653,0.028550263,0.031054862,0.47732225,0.11161509,0.48763728,0.13586752,0.10294616,0.29948163,0.35979733,0.35083967,1.2024698,0.0709805,0.16176054,0.066429704,0.02220244,0.0002847751,0.2436228,0.1003836,0.0,0.63941324,0.004785185,0.017088244,0.0,1.1347618,0.3090416,0.20844765,2.8137238,0.024108818,0.59218365,1.8963737,0.9177106,0.29436967,0.42564982,0.042024437,0.2389129,0.24505484,0.57149464,0.54802495,1.7328995,0.13716163,1.0201764,0.0,0.0,0.19495735,0.0,0.945078,0.026306488,0.04260351,0.012476781,0.15206632,0.39530376,0.04365781,0.054214958,1.3616096,0.0038979582,2.404438,0.28227276,0.42701086,0.07105312,0.021338403,1.1029512,0.04737305,0.027116079,0.055350263,0.9933045,0.020875275,0.0,0.19141454,0.1373888,0.12832534,0.036795013,0.070299126,0.17143965,0.18933494,0.00036334258,0.23035535,0.36903217,0.017906578,0.47739285,1.3827204,0.090831034,0.034908324,0.11316783,0.4689521,0.0,0.39870447,0.0,0.022366075,0.06532904,0.32505828,0.025829278,0.07433573,0.041125365,0.19174334,0.31985998,0.52328676,0.0272304,0.018393364,0.5350333,1.2928168,0.74673414,0.5576928,0.67589056,0.8080596,0.14408222,0.0048678867,0.22002016,0.67509127,0.03604539,0.046997905,0.3290792,0.0,0.6607834,0.75403225,0.20878571,0.6002837,0.027714213,0.065905474,0.0,0.78616345,0.15401185,0.043553308,0.00052681746,0.0010223964,0.13815309,0.24598725,0.01723848,0.0,0.07197498,0.9543335,0.24025965,1.4711004,0.08081673,0.7617371,0.809258,0.53692555,0.043584283,0.009623254,0.5539264,0.74044293,0.8112433,0.825935,0.0750004,0.69672275,0.33403483,0.6657254,0.06055543,0.14756678,0.12248193,0.0012787204,0.037255134,0.18363203,0.09186899,1.1296525,0.0010085107,0.022481434,0.039719637,0.52554315,0.038351152,0.4457541,0.028987857,0.07322449,0.0,3.2284608,0.0024912527,0.4138329,0.5422222,0.016737955,0.0,0.4064513,0.036007464,0.19364378,0.029355515,0.082400426,0.2415689,0.07985942,0.0,0.36186624,0.0067315954,0.029626857,0.5212373,0.014884636,0.21448046,1.4028744,0.0,0.07877319,0.15308952,0.0,0.21795428,0.007893823,0.88109213,0.043415092,0.5915909,0.044081416,0.0,0.50984454,0.0,0.008858768,0.7637737,0.14438076,0.0,0.23152699,0.30752245,0.016473202,0.20168184,0.17463101,0.289281,0.01790519,0.1690416,0.21947518,0.5967366,0.0038215294,0.4046476,0.26083693,0.36077338,0.08828295,0.011650834,0.06524608,0.010898191,0.10925653,0.08634939,0.0,0.0,0.89884216,0.16045102,0.44163936,0.0,0.15147386,0.096869566,0.028842334,0.1273612,0.8803796,0.023741556,0.01276453,0.18389536,0.013496939,0.50491697,0.86563194,0.012841217,0.05349565,0.96970016,0.026371261,0.16832596,0.07503904,0.44369513,1.5908712,1.0254577,0.0,0.09427556,0.21667099,0.02860023,0.0,0.0054171034,0.03037217,1.2737067,0.093874015,0.23922662,0.010434933,0.40056306,0.0,0.11754856,0.16867277,0.52207434,0.22085273,0.3408596,0.17791423,0.34558797,0.92878956,0.014584322,0.75110584,0.27890238,0.2546044,0.2558336,0.0727666,0.15422449,0.23405612,0.0,0.74035704,0.048732504,0.48497435,0.45855775,0.0039210846,0.40523478,0.0,0.38673255,0.03293358,3.607899,1.5759233,0.15704453,0.98516464,0.07521857,0.34198353,0.18951397,0.6086967,0.5319318,0.011492318,0.3922905,0.60638386,0.0,0.06400583,0.25150964,0.0054409048,0.52284616,0.045875393,0.0064566038,0.4826822,0.6939894,0.0,0.0,0.17407043,0.075047635,0.44346914,0.2330452,1.6449875,0.004633259,0.2848683,0.32731032,0.0,0.47143853,0.28164026,0.9946123,0.19682798,0.0,0.3123474,0.51740634,0.020898176,0.5186975,0.129543,0.28098282,0.30666432,0.029760983,0.31688297,0.06891467,0.107936256,0.31912437,0.14993854,0.52173203,0.29097596,0.10265732,0.44071501,0.4796153,1.6413994,0.8869867,0.71733946,0.0,0.8629482,0.57577777,1.1822519,0.50237757,0.24901062,0.041777626,0.38340458,1.1030346,0.19767597,0.3936498,0.019860685,0.0648997,0.23498486,0.15891828,0.651866,0.0,0.00016105706,0.0,0.2604571,0.15688531,0.006864705,0.06310992,0.0030661747,0.19783606,0.026079305,0.0,0.59384936,0.05249454,0.08199107,0.1928549,all_pothole_images\pothole_images_new_image_463.jpg
0.006887215,0.11794236,0.16502291,0.85371053,0.18499936,0.8102565,0.95166844,0.10272259,0.8851143,1.4468025,0.9452007,0.11738339,0.8395351,1.2710814,0.12982322,0.06863268,0.62225306,4.4673834,2.1986225,0.07150504,1.7002962,1.3142385,1.1400433,2.6320376,0.69533044,0.378035,0.32229692,0.55382574,0.023988413,2.6606724,0.12684333,0.01579365,0.0,0.7841197,2.3942838,2.499592,0.017848598,1.1688013,1.2739575,0.19781879,0.53946334,0.100349754,0.14636421,1.1410028,0.58242387,0.25304407,0.20767176,0.74979883,0.8940677,0.97045374,2.7734406,1.3679105,5.438114,0.47118065,0.65626055,0.599643,0.82991713,0.42792326,1.9294623,0.25700232,0.41370663,0.08397297,0.55815554,0.14676854,2.0835621,0.85500485,1.4021306,0.20209627,0.083263054,0.2712068,0.9598234,0.015514061,1.362324,0.015039671,1.5273103,0.08905411,0.0,0.39685366,1.6896695,1.9066906,0.048317943,0.0,0.37189,1.4397283,1.04278,0.5359172,0.01466439,0.08942976,0.75761116,0.5512236,1.4446187,0.72408956,1.4171628,1.2722065,0.41419375,0.3172175,0.6920763,2.7188683,0.7149886,0.017552132,0.24858907,3.2204545,1.4529854,0.035638805,0.31509477,1.4409698,0.008929746,0.008175111,0.19931084,0.979481,1.2418299,0.890426,0.43498588,0.9237984,0.094941884,0.23520713,0.6795025,0.3724805,1.5060736,0.73615545,2.0340333,1.3141999,0.6561497,0.5513094,0.4763498,0.6213426,0.047114275,0.85400313,0.33673084,2.018136,0.19879076,3.265354e-06,0.14524843,1.0161209,0.28344917,0.62078834,0.24091375,2.069342,0.051910926,0.18150501,0.19458923,1.3522971,2.2010972,1.2179409,0.1007467,0.30953047,0.9427854,1.1781532,0.048108418,0.11830651,0.36854202,0.6138832,0.057480484,1.0554764,3.0260382,0.45547402,0.20547017,1.4160707,0.5863335,2.0200753,2.1395385,1.8570924,0.00049273105,1.9672711,0.088193834,0.014971531,0.5966299,0.10443292,1.0451444,3.0207279,0.27137095,0.54870546,1.5359347,0.14395966,0.20775841,1.3780991,0.048456643,0.0,0.7559101,2.304036,2.5010762,2.7439291,2.3108854,0.58168966,1.8911272,2.1551635,0.08691869,0.03847161,1.903452,0.9684027,0.13044529,1.9698527,0.83190495,0.24985628,0.97305703,0.34371877,0.48881435,0.2157264,0.40358025,2.533168,0.796331,0.9134562,1.4484264,1.1510556,0.8202367,0.7488361,0.053539537,1.1038986,0.8648876,1.8512123,0.4654365,0.8866124,2.5069838,1.1959106,0.5008358,0.9476943,1.4642682,0.6034838,0.36232874,0.26981574,0.061895896,0.45840746,0.58451384,1.0228876,0.0,0.016134955,1.4555023,0.15132359,1.4548672,0.0052957404,0.23918776,0.45314974,1.2548742,2.6554964,0.15236454,0.14836629,0.45730332,0.08374765,0.09139901,0.07797122,0.91802824,0.017489681,0.8658813,0.7293875,0.5500155,0.41515023,0.30364227,0.032669183,1.2531415,5.246654,1.4766691,0.4210939,0.07698772,1.4332534,0.038789693,1.199734,1.4884411,1.4436449,0.562404,1.1919343,0.7166046,1.0161753,0.07115747,0.75257236,0.10110974,0.27840772,0.6257722,0.8801092,0.8556952,0.6495059,0.46997204,0.015358477,1.2864454,1.4282451,0.042272285,0.71186316,0.08951489,0.21614942,0.15693797,0.7822058,2.618244,0.1769691,0.09025713,0.32636833,2.2858057,1.2884834,1.5064515,0.103629045,0.13309422,0.04715064,0.18204707,0.18157026,0.033740703,1.2117864,1.8615893,0.08344709,0.43475622,1.2659819,0.4524807,3.5153415,0.18686831,1.4644585,0.036186352,0.0007109705,2.0114677,0.9127057,0.12758808,0.04815066,2.3225105,1.2874514,1.5699755,0.958874,2.68017,1.9028709,0.7609187,0.61548257,2.5600922,0.8090435,1.9451119,0.069879554,0.21047674,0.030095214,1.3632283,1.1755875,1.0342312,1.3672513,0.1548644,0.4828291,0.05119863,0.18781784,0.8726888,0.23807253,0.5372618,0.19333874,0.3240119,1.3317372,0.59639984,1.5505459,1.4472048,0.84461266,4.036714,0.25161457,2.4348128,0.9630163,0.7190718,0.6756762,0.09695917,0.010252333,0.642243,0.9638232,0.014127215,0.43470538,1.1765667,2.5435524,0.13625358,1.7476959,1.1667862,0.27509624,0.9994706,1.333808,0.29235524,0.091112494,0.5882432,1.5849024,1.0843837,0.028716033,2.9908702,0.7403485,0.34002662,0.9936201,1.9714825,1.8450081,0.6489042,0.93027306,0.4081127,0.18622947,0.115447745,0.08103295,1.3917283,0.49048412,0.31786644,0.23417583,0.06953277,0.75119716,1.4878982,1.0499705,0.41033623,2.297734,0.12619935,1.5707295,0.32174924,0.5610562,0.081227556,1.4537781,0.25790367,0.265743,1.2209653,0.48643938,0.60611886,0.016896917,0.5666754,2.5148137,0.6331963,0.00042866095,0.5335193,0.0,0.21458024,0.48735905,0.48397234,0.43831953,0.27274346,0.065572746,1.0105078,0.635346,0.0,0.2429736,0.18729608,1.696992,0.33194,0.38106522,0.8698024,0.85715765,0.85220057,1.1016164,0.6797948,0.26762998,0.64414567,1.2535671,1.199698,0.7623339,0.52829844,0.77823746,0.65112305,1.8077146,1.294767,1.3131243,0.5507203,1.3166525,1.4402839,0.009428775,1.2300874,0.022250026,0.03780095,0.0089443205,0.8581935,0.18126789,1.3931421,0.29305622,0.13904013,1.103071,2.001774,0.5081195,0.32469398,0.19491453,1.177152,2.1477854,0.033887606,0.25143024,0.72833824,0.6949285,1.1335865,0.86235774,1.0395515,0.23269247,0.10780297,0.38012,0.8475024,0.19251855,0.69183475,0.6052086,0.9060477,1.2998972,0.0016784419,0.025530577,1.5606451,0.06537435,0.58776283,0.58263683,1.6835959,0.023955632,0.34751108,1.0061612,0.5914804,0.43584,0.12565807,0.07828708,0.6106458,0.0,1.3130693,0.01157591,1.7978655,1.070199,0.07098293,1.17254,0.0018004685,0.5249181,0.4980479,0.38707066,1.4574561,0.010105747,0.12435323,2.686135,0.9751737,0.78290665,0.51158345,0.9652489,0.123378806,0.8389773,0.47216302,0.8502324,0.22261271,0.22717346,all_pothole_images\pothole_images_new_image_464.jpg
0.3253713,0.49493974,0.6880707,0.4643483,1.2283007,1.1706463,0.21092096,0.22009163,1.0459994,0.34342486,0.15590511,0.008596797,0.38045084,0.019359054,0.22921939,0.14371479,0.017181769,0.23175503,1.1569502,0.7954094,0.0,0.68798983,0.16612959,1.1160736,0.17719527,0.10892586,0.5439574,0.09086794,0.0913847,1.0337483,0.81384814,0.11982536,2.2289116,1.9202977,0.011833338,1.2094779,0.39540294,0.009610475,0.4916298,1.6405339,0.38226116,2.7779584,0.05732578,0.7676791,0.2283895,0.53970736,1.1149888,0.509767,1.54555,1.4117937,0.15700544,1.1980578,0.18717201,0.6333823,0.044219557,0.00014303061,0.4936194,0.5496501,0.4201235,0.6699882,0.26411304,0.93036216,0.88698924,0.99155706,2.3196838,0.60308456,0.4703677,0.38212258,0.06711996,0.18522823,0.308428,0.22310774,0.24401633,0.31859848,0.09857161,0.33773094,0.038862173,0.31809247,0.49510092,0.08676479,0.2835142,0.5078507,0.46621966,0.63635236,1.8794456,0.40166625,0.8316547,0.58821934,0.30433068,0.6605381,0.58761734,0.67954236,0.4667267,1.5853281,0.85749596,0.95910066,1.366507,0.79347354,1.9937613,0.03769484,0.6278318,0.5690467,0.07181224,0.8074682,1.3085588,0.24968697,0.06463967,1.2383541,0.67995423,0.8854366,0.47643095,0.38507095,1.5935351,0.22862679,0.769912,1.9086249,1.8639207,0.14724325,0.58168995,1.0446553,0.88278836,0.535786,0.4731742,1.1506234,0.34794128,0.9388118,0.789616,0.7619554,1.5000504,0.31473258,0.38799044,0.02842196,0.43930078,0.05926009,0.18156452,0.5157074,0.722358,0.9960161,0.6401842,0.20724776,0.36100513,4.414083,0.1834584,0.11536343,1.3524464,0.9119322,0.21504258,4.0776134,1.095573,0.22046013,0.9456276,0.08176149,0.5828293,0.36543617,0.3498585,0.36756748,2.178282,0.7015434,1.3264425,0.0,0.15056328,0.8876097,0.026365893,0.15235746,0.027195487,0.43836656,1.9903383,0.09019936,0.4680297,0.2860788,0.8365271,0.36843023,0.13338378,1.5736755,1.2869712,0.33703238,0.087947376,0.14255303,0.5465546,0.3217051,0.5486908,0.2433234,1.8459743,0.21893041,2.9874218,1.332437,0.105793186,0.26842767,0.28056142,1.6986544,0.0048190802,2.9597304,0.4822488,1.4634284,2.0736501,0.03500125,0.79286563,3.035193,0.86847436,0.27644837,2.2791781,0.09391901,0.6744634,0.3016127,1.208649,0.9657866,0.44438872,0.070073344,5.0575776,0.2715442,0.09063239,0.038326796,1.6200522,1.1860348,0.7748669,0.04355536,0.515245,0.78625256,0.1752663,0.6905383,1.275087,0.6105413,0.80223376,0.045715023,0.70203245,0.62593853,0.048447013,0.35169545,2.3550415,0.09196626,1.467647,0.53371656,2.8880343,0.77203393,1.0051315,0.26465625,1.0568175,0.20506835,2.2976174,1.8461937,0.23742053,0.38901734,0.56370056,0.44933498,0.8946648,0.117362924,0.23869726,0.5861329,0.1229493,4.537572,0.6617134,0.34941617,0.28793043,0.9214134,0.09190249,0.5237953,0.003113156,0.8310156,0.024334634,1.059285,0.2568715,0.50130653,1.2281963,0.8689209,0.071200036,0.69501466,1.0115561,0.2725961,2.7595057,0.45894668,2.6932154,1.8210171,0.7852257,0.45476145,0.1920483,0.054078195,0.32281816,0.39583057,0.18910111,1.1092286,1.0767055,0.5547601,1.0441387,0.9352812,0.4556139,1.7641577,0.023823075,1.5428728,0.99186736,0.67542654,0.04765082,0.14551894,2.4935982,2.03954,0.3557512,0.06807121,1.3793478,2.5085819,1.0297045,0.33966488,0.108289726,0.49897757,0.0029287213,1.355678,3.7062876,2.848378,1.1622639,0.13214798,1.4761242,0.66478837,0.06459329,0.5494285,5.098705,0.69455665,0.58882016,0.085217334,0.08455201,0.46472377,0.77907187,1.2128774,3.6594996,0.004053945,0.13602732,0.34868735,0.15874739,0.71272075,0.58786315,0.12046479,1.6817439,0.40937793,4.9364114,0.2799071,0.0,0.6933143,1.3261359,0.0,1.1198605,0.005333741,0.6039181,0.40712678,0.60333014,0.80297023,2.4241352,1.5531867,1.7573222,0.012898916,0.4507007,0.679637,0.45432806,1.1686686,0.5827463,0.1088446,1.7885234,0.0690723,2.514341,1.3680166,0.5502331,0.084888294,1.9024225,0.6235475,0.40454432,0.117559984,0.17202723,0.09646204,0.016150525,0.43476352,0.0,0.12950708,0.734798,0.23077495,0.4364813,0.51456594,0.21154018,0.038301896,1.5747021,0.9763012,2.8479717,0.9890985,0.066141255,0.23337753,1.2060131,0.28332752,0.084253445,0.03147872,1.8868823,0.010190443,0.09029086,0.20854837,0.035432376,0.6002507,0.012155831,3.6147792,0.18702583,2.2405658,0.056243546,1.6356845,0.7378993,0.9240643,0.12515795,1.7258537,0.18358658,0.57881594,1.3581978,0.06352064,0.63363695,0.23567612,0.099365465,1.5470124,0.8219089,0.95106894,0.070284545,0.12869386,0.1332361,0.6643678,0.5596884,0.39962897,2.699823,1.352553,0.46772003,0.74260485,1.750734,0.4712661,1.433809,1.3793617,0.2717189,1.0070659,2.8107474,0.5023033,1.040413,0.7796408,0.124895394,1.7209449,0.87686807,0.34664318,0.0067047277,2.2243192,2.8037102,1.2647371,1.0511408,2.2755446,0.042619724,1.8273617,1.0371953,0.12019969,0.91290826,0.40211818,0.107506685,0.18137158,0.0,0.8311769,0.63898355,0.06010341,0.24256396,0.8665868,0.16076675,3.2992902,0.81848973,1.6755718,0.36856997,0.97235477,0.33559194,0.027299453,0.30237943,0.07259296,0.45871952,0.13880002,0.12306287,0.000100664554,0.397145,1.4004538,0.57276,0.0965108,0.5553853,0.28642032,0.03595349,0.19395015,1.3869818,1.6335442,0.028726168,0.42476934,0.3773531,1.3962667,1.8113866,0.11235595,0.41978914,0.25065446,0.28322476,0.16875862,1.4382254,0.37476856,0.0036062899,2.9604254,0.8118798,0.0,0.36755878,0.13923073,1.6268079,0.61531436,0.03155457,0.016306449,1.017514,1.3276587,0.26972184,0.013145802,0.0025062799,2.6077008,1.0115532,0.2990862,3.0269084,0.4408498,2.455352,0.7769389,all_pothole_images\pothole_images_new_image_465.jpg
0.1405665,0.9867123,0.34698492,0.95587903,0.642853,0.059771404,0.55622756,0.8268545,0.0,0.38324058,0.029880801,0.047118574,0.06374583,0.44927776,0.0,0.16151965,0.050461873,1.8522115,0.21820742,0.4856195,0.15626132,0.8426336,0.7164083,1.170557,0.020193933,0.4314027,0.84198123,0.6417674,0.0,0.1101769,0.06962653,0.3829332,0.02953806,0.73399657,0.4667425,0.2762537,0.20216307,0.042587288,0.20536476,0.93441063,0.011595185,0.09070518,0.12896222,0.93876475,0.22446175,0.22431046,0.09889546,0.042592797,0.111715764,0.22391932,0.19840094,0.19082923,0.88355565,0.08515915,0.016624352,0.42698547,1.1459548,0.7626619,0.03645509,0.10040528,0.048798807,0.26030156,0.38591322,0.11879646,0.27570894,1.7208667,0.47171852,0.6546656,0.13613735,0.28689474,0.0,0.77889085,0.04139813,0.08101002,0.011153392,0.09527726,0.2072538,0.40732044,0.0,0.0056278943,0.0021618668,0.083877884,0.6299287,0.32037523,0.30111733,0.2277007,0.09690958,0.079114504,0.4230216,0.14547673,0.024252044,0.26191473,0.11910906,0.23108925,0.15356264,0.14100529,0.59144384,0.45276502,0.325464,0.00010226698,0.25880417,0.88941175,0.17382151,0.0052902894,0.92551386,0.7604548,0.03563731,0.4819968,0.09346083,0.49862063,0.03823282,0.4528262,0.15900496,2.203367,0.17048807,0.18972735,0.040124204,0.12016656,1.0253906,0.34379882,0.6827789,0.58746576,0.20940018,0.116385974,0.45684588,0.3205073,0.07955949,0.08711781,1.2081199,0.007063817,0.47805238,0.25685638,0.09820131,0.12449401,0.061438467,0.17561021,0.11950814,0.12798706,0.15544137,0.008823583,0.39904147,0.041332603,0.63469774,0.90009093,0.31973192,0.28041816,0.5620658,1.0152382,0.122965,0.42417946,0.07244143,0.04609248,0.013356819,0.030300802,1.331453,0.459995,0.7896803,0.09563478,0.46503028,0.23943552,0.96145964,1.3961833,0.20574063,0.5246588,0.14840654,0.23507164,3.1433625,0.26758832,1.0865344,0.36369544,0.3090159,0.026339069,0.007814215,0.008740069,0.25742579,0.57015663,0.021818323,0.012039642,0.38896322,0.117758386,0.043075647,0.86973625,2.1756172,0.1744138,1.1438422,0.05749134,0.023485359,0.42107928,0.15412639,0.5938438,0.4790784,0.023328694,0.40593517,0.9773563,0.10504497,0.0107708685,0.20102356,0.5687304,0.086469986,0.30742678,0.31073615,0.6266477,0.75558597,0.33277416,0.5575792,0.22397412,0.64139974,0.05680525,1.6063001,1.365678,0.0,0.094213516,0.741537,1.0931022,0.008755776,0.052406564,1.5713362,0.113382004,0.07730459,0.21526746,0.15362993,0.67060685,0.7191231,0.044609785,0.02172636,0.007163619,0.4050755,0.0,0.7757332,0.25540835,0.1211949,0.19339849,0.13322902,0.0,0.35710058,0.0,0.8635492,0.3296912,0.09574993,0.7562394,0.16844375,0.1700123,0.060399532,0.06545818,0.11202288,0.5041164,0.9765181,0.11822629,0.10827876,4.4110155,1.2402112,0.123129025,0.13079189,0.0,0.0,1.4248321,0.56489694,0.00437193,0.29661906,1.5611391,0.04014554,0.08510284,0.21731399,0.4645128,0.2553475,0.23839068,0.18423763,0.60186017,1.555396,0.0402911,0.40721604,0.1334369,0.068361156,0.51196945,0.6145707,0.475497,0.5180572,0.044658646,0.17921424,0.71663016,1.8573583,0.0,0.10954958,0.07989923,0.0140349595,0.01493352,0.001131706,0.0365516,0.29992566,0.27833784,0.55465317,0.09104977,0.07635604,0.3488097,0.19870886,0.48591968,0.3732444,1.3174016,0.23987974,0.9119444,0.33165196,0.043730967,0.0,0.19676296,3.3366847,0.084979795,0.0,0.11548268,0.0,0.11654028,0.17445338,0.38234958,0.53777283,0.31992936,0.43076074,0.0006739206,0.12760454,0.7242575,1.4456849,0.10196304,0.67649263,0.007329938,0.022510529,0.34409183,0.2279969,0.0031961594,0.22188124,0.12937322,1.5449698,0.1352313,1.2328553,0.0,0.499939,0.051555816,0.069054484,0.22985318,1.6100453,0.096624926,0.013768212,0.19685091,0.24355428,0.45696172,1.0000943,0.8703202,0.2840909,0.24244998,0.053823177,0.35306492,0.2895803,0.31965446,0.47944742,0.063486576,0.7454825,0.20992057,0.04613451,0.21400051,0.07527913,0.56962585,0.3888839,0.12642471,0.21500826,0.21268205,0.120758675,0.0048502185,0.0064965985,0.0,0.9090126,0.018883755,0.5900648,0.021347461,0.9016969,0.19570455,0.609287,0.097338036,0.57530093,0.08432167,0.46444857,0.30668402,0.45130163,0.13849762,0.5174517,0.0,0.17992917,0.1818032,0.58806914,0.71364,0.60754764,0.02699306,0.3179536,0.3919855,0.0506601,0.45111164,0.4517701,0.5974241,0.0,0.0054264306,0.0007959099,0.12257228,0.50309545,0.22635283,0.5118159,2.0599873,0.03969772,0.23400322,0.013480715,0.0064068106,0.33058712,0.7849117,0.02555356,0.053061087,0.3982528,1.0937332,0.057487983,0.2651024,0.06592534,0.13684921,0.37676272,0.031918336,0.0016031167,0.03573199,0.40825823,0.22956832,1.0806736,1.5085024,1.7259847,0.73713183,0.6147645,0.1887354,0.098948605,0.08828819,0.28659856,0.57337135,0.06305545,0.20255905,0.22854452,1.0007547,0.5597662,0.0,0.2671631,0.20740627,0.17070481,0.16201472,0.11921232,0.20200881,0.46697822,0.09773462,0.24742013,0.3568559,0.018260356,0.4624571,0.95103824,0.4146848,0.45197678,0.06838166,0.113083996,0.77264637,0.5739882,0.3005421,0.24970402,0.5149415,1.4714886,0.1011618,0.73639584,0.035612788,0.03996095,0.04181207,0.009478085,0.012509092,0.17714691,0.3561703,0.1454665,0.33300385,0.122706555,0.008563947,0.15645564,0.09971153,0.020787787,0.31314498,0.2516501,0.039011948,0.5938279,0.49810734,0.17201318,0.21123518,0.09426142,0.30686083,0.23911676,0.18182,0.21103187,0.0,0.04485064,1.0052665,0.006864655,0.27466473,0.026243392,0.015497296,0.03940189,0.025471944,0.2235055,0.035553392,0.2548044,1.2049197,0.053248897,0.00050901435,0.0,0.9577205,0.5229386,0.0,0.15643731,2.042418,0.20416422,0.056501802,all_pothole_images\pothole_images_new_image_466.jpg
0.9919,0.35223556,0.17072518,2.1197574,1.0992692,0.74122137,2.207306,0.53990555,0.25285286,0.28944173,0.5661863,0.8184426,0.062123396,2.224523,0.06567554,0.9007398,0.3825793,1.7474748,1.6449718,1.3783249,2.8611896,1.9154603,0.42491037,0.60662293,1.0278642,2.1562722,0.7759009,3.360765,0.47532582,0.062963486,0.350676,0.88813716,0.99531466,0.46700785,0.4937411,1.5889282,0.12936199,1.5106544,0.5347655,1.6554607,0.02657538,1.188259,0.24924028,3.1098542,0.37359074,0.71425486,0.45980015,0.51679456,0.6185431,2.6729531,0.75425273,0.75622994,0.5921324,0.00022894618,0.13682923,0.7148232,0.94058734,0.24578308,0.69396347,0.10417563,0.6423774,0.5224668,0.35261777,0.37051955,0.8271269,4.492076,1.5437335,2.2814972,0.6190384,1.7442434,1.7584103,0.22805208,0.14725602,1.5618145,0.38745084,0.18686819,0.39995587,0.3116716,0.27759337,0.36927724,0.17638704,0.021781294,0.43770432,1.8804215,1.0176897,0.63819885,1.1732227,0.41849557,1.5456163,1.2089573,0.1116698,1.1801085,0.019351894,0.22479595,0.22778855,0.324198,0.4246389,0.6913228,0.75980073,0.2237577,0.030953316,1.3080438,2.634523,0.0012063923,0.50594276,0.21206322,0.29931402,1.546864,0.36775705,0.76122904,0.0,0.786518,1.4139916,0.0029447114,1.2475185,0.3578706,0.5126237,0.3913529,1.3649553,0.7942022,1.9855692,0.20351452,0.58154804,1.2004122,1.452135,1.0735948,1.2769028,1.3376673,1.1533704,0.476269,1.2429494,0.11914829,1.0078433,1.4191866,0.54597753,1.7988756,1.1212875,2.0790293,0.60700685,0.046843108,1.3876085,0.85564727,2.1133814,0.85066897,0.07691701,0.95211035,0.041009124,0.2788729,1.1457367,0.018385865,1.419457,1.0146692,0.45866755,0.20063446,2.3493173,0.56420386,1.4453629,0.1067815,1.3491328,1.7559316,1.9584032,1.3139081,0.691142,1.8369355,0.40384185,1.081933,0.5065959,0.27727154,3.2004688,0.13927992,0.8064997,0.016736686,0.025349135,0.81879437,0.17959888,0.59645784,0.012132948,0.09677589,1.8128294,1.7622688,0.63534665,1.6720622,2.2284122,1.2183154,0.76770204,0.5421396,0.06328586,0.21783254,0.21607733,1.9817467,0.5738409,0.19910382,0.5505027,1.3940355,0.64221275,0.02992124,1.3559725,0.7758738,0.012954968,1.1433051,1.2041868,2.2265205,0.6599585,0.93413955,0.9423661,0.47000542,1.2413809,0.16444996,0.45275903,0.37286058,0.007551321,0.19563219,2.2935796,0.7690865,1.7830688,2.8869436,1.2569759,0.15696453,1.4905154,0.7045532,0.45196432,0.24610046,1.0345323,0.8729369,0.094902165,0.39484215,2.1189234,0.34474057,2.003472,2.8010883,0.308515,0.19296265,2.053627,0.0036159388,0.677325,0.0013944737,1.6426405,0.1300678,0.012597789,1.3165244,1.6083192,0.08080301,0.3064499,0.15229426,0.45075053,1.2265525,0.95546114,0.7099851,0.77102077,5.6027975,2.6468213,1.0638562,0.27827364,1.9719025,0.12547982,1.9404775,0.71215665,0.8317241,0.7833154,2.1045074,0.16502443,0.1729126,0.40161115,0.23107974,0.28688094,0.50967544,0.89422375,0.5769932,0.6758283,0.89826137,0.84335387,0.05823802,0.7228188,0.82674336,0.7092295,0.41225097,0.33003554,0.8070375,0.2120098,0.6793471,1.9288286,0.3329041,0.4232008,0.5706751,1.1558493,1.3338159,1.732826,0.13994476,2.497863,0.0243125,0.08672677,0.49982575,0.553832,0.43283984,0.14216426,0.19077411,1.0387697,0.8559802,0.015145878,2.8418703,0.07517477,3.065421,0.22279295,0.37029666,5.892607,0.5829,0.27531564,0.48044053,1.0528053,1.1156462,2.1262739,1.6345253,0.89765537,0.40689278,0.8982975,1.0279065,1.3791443,1.8661449,3.2298136,0.2634036,0.054454938,0.008489707,0.22744274,1.1018504,0.11984301,0.8955757,0.5943293,0.43004662,1.4040344,0.4153599,1.2637792,0.71463877,0.9580381,0.61008984,0.25716972,0.5656992,1.1734551,0.6629813,0.8224834,1.7240663,0.8861392,0.44828326,1.1434242,0.8389821,0.6059612,0.032088883,0.30482742,0.99849707,0.56831914,0.07676462,0.6926258,0.8416828,1.5450405,0.3130692,0.14026906,0.78725696,0.5475415,2.1568043,2.0480766,2.105943,0.85221034,0.30666366,0.46193695,1.263509,0.031831514,0.013108263,2.6190767,0.2425852,0.12947577,0.14103834,1.1258034,1.5580649,0.74109757,0.11184934,0.13433476,0.12017431,0.09026683,0.6329229,0.238207,0.1845557,1.4844973,0.019300615,0.39492112,0.9639917,2.062021,2.4050436,1.2165306,0.0,0.13230707,0.45306993,1.1515353,0.1285742,0.39765003,0.64818996,0.22045048,0.00021594523,0.6619479,0.09761485,0.1904901,0.037773486,1.0706049,1.7079368,0.26163557,1.4442368,1.6721255,0.0007511445,0.21611205,2.09764,0.9650297,1.0762107,0.8958092,1.3322642,1.4847269,0.79894364,0.06372767,0.040252537,0.6715795,0.32160193,0.82236814,1.1815146,2.6642444,2.3645804,2.7921565,2.2646608,1.3559353,0.4195534,0.9112733,2.1409633,1.9669787,0.96179634,0.24794026,1.2962847,0.29373226,2.745345,3.5264647,2.541319,0.47730574,1.1951225,0.31864628,0.57081854,0.70691097,0.7354403,0.048016466,0.0067114653,0.65577555,0.014981613,0.7165489,0.24509954,0.15062065,0.8837757,1.1314489,0.19429705,1.2022777,0.81592995,2.0075855,1.2726315,0.9868122,0.40923387,1.19425,1.5826566,2.3245766,0.397954,2.254144,0.84438837,0.47870338,0.5223849,0.361981,0.046017647,0.60687345,1.1464708,0.0022627912,0.5839795,0.044584136,1.026639,0.7241018,0.595474,0.6184298,1.5699552,0.4918532,0.54566026,0.16749775,1.3288714,0.7911265,0.59767383,0.091257416,0.8542323,1.0947105,0.051968552,0.5311034,0.0,0.5357163,0.08908212,1.9148494,1.284562,0.073794544,0.13780424,0.40006462,0.15593459,0.15952021,0.91373754,1.1037859,4.9699316,0.5341713,0.598618,0.15799582,0.6160098,0.20008992,0.38356137,0.34850678,0.5135874,0.1411532,1.6425594,all_pothole_images\pothole_images_new_image_467.jpg
0.30629736,0.366012,0.55949295,1.1892828,0.14603862,0.8499248,1.4639525,0.49996608,0.22258149,0.07720573,0.36173314,0.3088241,0.16331758,2.6788156,0.045666683,0.02198601,0.37100485,0.6785429,1.6692953,0.0,0.43746153,2.110763,0.37236646,0.3068187,1.5582446,0.40576637,1.1056502,1.5472237,0.1357355,0.08540401,0.23514201,0.5408597,0.13817039,0.75544643,0.20695013,1.0276698,0.112860404,0.6580228,0.044029776,1.7084571,0.25051022,0.093742035,0.5082356,0.62716085,0.09441072,0.5695511,0.09723104,0.009022862,0.1559905,1.4957951,1.2996284,0.08434958,0.44837487,0.8630343,0.15381873,1.6363213,1.2047607,0.5350821,0.5441758,0.05571154,0.32407233,0.44153827,0.1988706,0.06389432,1.7219828,3.4680054,0.14197302,0.007951403,1.1658614,0.0027250452,0.18273541,0.32178268,0.33796352,0.6980945,0.26117393,0.72554547,0.043275967,0.47122547,0.39396095,0.19281921,0.018326826,0.025624683,0.1035799,0.7280909,0.71602845,0.48259866,0.045928746,0.84320605,0.6166407,0.5064735,0.9569,0.060512304,0.03644418,0.22217941,0.009384344,0.11757864,0.37485415,0.63805044,0.5861673,0.28828317,0.7997337,1.5470428,0.7109806,0.23770666,0.30563703,0.66613907,0.13102916,0.61477053,0.093624346,0.11702412,0.057389565,2.3119872,0.1108951,0.009811533,0.54263335,0.089302994,1.9528058,0.4377562,3.0466008,1.7609686,1.7532033,0.8291525,0.28377584,1.2381438,0.6596926,0.6767653,0.6819866,1.0907547,0.3808035,0.028800473,0.5021315,0.05392547,0.027472466,0.44309545,0.010690062,0.35481378,0.28889266,1.4197257,0.17041485,0.27348873,0.13249448,0.47327718,0.46767768,0.47508526,0.17245732,0.09828355,0.10797944,0.18741967,0.9238021,0.16889785,0.21192613,0.341058,0.35406595,0.097322814,1.4855338,0.45375416,0.96207356,0.49173167,0.20703089,1.4276216,1.9915681,0.059966914,0.113912046,4.2334085,0.060106296,0.7099925,1.1341033,0.8529772,1.6205391,0.6026301,0.0,0.0130321225,0.13556875,0.35385272,0.57440895,0.042239193,0.026434533,0.1395279,0.52847797,0.65610313,0.22886616,5.334125,1.1472604,0.40550464,0.78612494,0.7885225,0.2655525,1.141741,0.39536718,0.47449768,0.090165906,0.9424596,0.24032028,1.8262836,0.11258728,0.011655024,0.22510625,0.9355892,0.46794158,0.3196195,0.23705934,0.33075866,0.4199486,1.0493014,1.3606114,1.1412954,0.6587102,0.38629383,0.40181673,0.33539763,0.2543299,0.019769335,0.3139033,1.3572129,1.8651322,1.1723783,0.53219634,0.19641465,0.64833015,0.35999274,0.097553715,0.54992723,1.3101289,0.737016,0.084242605,0.9687453,2.0395339,0.16362311,1.7571102,0.5136643,0.116650835,0.1548762,0.4045104,0.10206742,0.018906647,0.2401165,0.5294597,0.4482865,0.4122642,0.121548854,0.5888688,0.92888033,0.3508816,0.22771476,0.56617135,0.11850262,1.087908,0.1800134,0.11275749,3.7018476,3.4750452,0.1796441,2.1189198,0.0600909,0.4862966,1.1189293,0.39685783,0.37549496,0.72557217,2.002043,1.0606475,0.008283028,0.37937105,0.9225824,1.3041862,0.4040538,0.41889656,0.5297523,0.25727648,1.4319887,0.3432901,0.28394607,0.24111167,0.44439524,0.46096745,0.37756142,0.9802456,0.40353724,0.49513105,0.5943293,1.162477,0.2940012,0.1415403,0.0500451,0.21652661,0.65979874,1.0601219,0.95745224,0.6209061,0.44450748,0.39371318,0.34189108,0.6775047,0.18614206,0.13336137,0.25420874,0.9269311,2.7721858,0.30122578,1.4483624,0.36140633,1.6150945,0.7667998,0.33622196,2.1370819,0.6045948,0.073612325,0.48257312,0.88634014,0.1921997,2.0309768,0.4022017,1.4181861,1.8405565,0.0020395825,0.6443475,0.026967255,0.73390067,2.8667073,0.027100334,0.37485924,0.004008144,0.00775899,0.8720513,0.67133486,0.5384819,0.18162388,0.03687117,0.10122887,0.29313034,1.508401,0.6491049,0.12798257,0.02864496,0.08837611,0.27502728,0.117724575,1.0286105,0.47016695,0.31545132,0.05813772,0.40483046,0.5800397,0.0,0.5884468,0.6008784,0.021068318,0.2555486,0.45764393,0.91093117,0.4762047,0.55455816,1.3583512,0.97506183,0.031259533,1.4508529,0.5856429,1.6799352,1.3070832,1.1330131,0.258595,0.26770177,0.37863696,0.0,0.024553489,0.29473978,1.756385,0.1307197,0.08969623,0.026894873,3.4004602,1.0496314,0.72293955,0.013965661,1.4057735,0.059919,0.12835449,0.58951527,0.46565652,0.5051211,0.7250107,0.03256133,0.041658256,0.4664091,1.3151225,2.5760508,0.33167598,0.07489282,0.631848,1.1545008,0.6710978,0.86962205,0.09876142,0.7356243,0.120920226,0.78989697,1.351682,0.5225233,0.1150823,0.006252836,4.208274,0.7936156,0.15252674,0.10575962,0.78401434,0.005637245,0.030539356,0.8289315,0.18356428,0.26394364,1.2479917,0.046041463,0.13809592,0.29081443,0.06190383,0.15910879,0.6356677,0.7037064,0.29278883,0.13811353,1.1031517,0.28981006,0.75591683,1.5126297,2.5567248,0.16746992,2.7032158,0.9337292,0.76061183,0.47916567,0.24371144,1.1888198,1.6713396,0.21174014,0.91506255,3.491496,0.89304024,1.1983354,0.59779686,0.92456865,0.49319744,0.2214145,0.15184025,0.32798365,0.64250016,0.0,0.94847953,0.009521238,0.92380047,1.3006827,0.645597,0.32005715,0.27785328,0.5200495,0.7564624,0.52001375,0.39919537,1.1146584,0.917593,1.5296283,1.7332318,0.7053167,1.0120015,0.3598361,0.08527925,0.8585401,0.7461824,0.09202011,0.6929012,0.7251069,1.6232874,1.3421214,0.32285473,0.09027738,0.390756,0.053118315,0.4359054,1.6846397,0.11539418,0.041114423,0.77954054,2.477887,0.5195869,0.63214517,0.01115696,0.8747166,0.7923401,0.013027837,3.2046096,0.32228026,1.0270615,0.3133165,0.1309978,0.1873646,0.5498013,0.24648437,0.0713808,0.016172051,0.4211357,0.6381939,0.13284715,4.522972,1.7003363,0.14675297,0.33976686,0.31540298,0.0,0.47248027,0.32953495,0.15958254,0.43670177,0.5215843,all_pothole_images\pothole_images_new_image_468.jpg
0.6780553,0.033585824,0.19050002,0.67012405,0.42958716,0.027887957,1.0487534,0.07674705,1.5385188,0.8595464,0.60421586,0.22786865,0.009413302,1.0923802,0.10715136,0.7337616,0.07793858,0.70813626,3.799535,1.6074872,0.39833978,0.26869926,0.75520736,0.26120737,1.001619,0.0,0.01647383,0.6180024,0.008519232,0.09109314,0.09498451,0.45173448,0.4315037,0.058666747,0.0,0.6562464,0.057932854,0.5625272,2.43288,0.0,0.0,0.18749417,0.0,0.78412354,0.5185552,0.15533294,0.11670798,0.19864981,0.0,0.82986057,0.6397741,0.1660508,0.18495308,0.62257004,1.4721862,0.38348222,0.0015555503,0.40642306,1.7594454,0.32856846,0.30806848,0.6040885,0.0076161865,0.1570118,0.6834726,0.45363253,0.6866209,0.05503699,0.09712661,0.08507015,0.32822254,0.0,0.0034792135,0.042231258,0.37111586,0.013389903,0.7183367,0.37031633,0.23062421,0.22823544,0.0,0.49582547,0.04942975,0.105309546,0.23034704,0.028255817,0.012232264,1.0409727,0.0682699,0.09750809,0.23575583,0.006250266,0.0,0.19049641,0.23226576,0.091243364,0.8547618,0.7538545,0.016626365,1.2505138,0.12725137,0.33055013,0.47366807,0.28993458,2.0149825,0.11051462,0.0,0.037885964,0.058566447,0.15003064,0.0,0.8853669,0.0074513243,0.26624727,0.6069418,0.0,0.08304512,3.83907,1.3927476,0.21059974,1.9752309,0.005140136,0.879762,0.6031238,0.28479844,0.4626197,0.4737742,0.18432535,0.0,0.022592498,0.0015084776,0.35727125,0.35770702,0.13287404,0.37785324,0.5248511,0.81531864,0.29254448,0.12945141,0.21613564,0.11264754,0.022869833,0.5962942,0.0460817,0.4379366,0.5796274,0.4025778,1.311733,1.3025304,0.10623434,0.7409093,0.3308819,0.21869169,0.07101288,0.7074516,0.08788338,0.85822374,0.0,0.0,0.018258251,0.452578,0.54568017,0.689204,5.106867,0.039966226,0.08514465,0.06235581,0.5388018,0.25274235,2.1890488,0.19637035,0.09016355,0.07702584,0.23799935,0.16040334,0.05856373,0.013442916,0.43154758,0.15374589,0.6381046,1.4188503,0.78613675,0.20721601,0.9459103,0.09888576,0.5652789,0.03639787,1.6311738,1.1253412,1.1674882,0.0907301,0.6409827,0.005616985,0.44297734,0.38927296,0.12029602,1.7824479,0.4935827,0.20185417,1.2033726,0.35746238,0.20408325,0.6483714,0.085392565,0.10721235,0.03277673,0.7646099,0.0,0.77696055,1.466734,0.049413826,0.14921029,0.69285214,0.21519949,1.8859354,1.2196363,0.19069402,0.15480566,0.2083151,0.030136999,0.0,0.58309466,0.75443727,0.1558661,0.018801792,0.302263,0.9753251,0.090323925,0.8633779,0.096259914,0.005684185,1.4022024,0.99348533,0.039089188,0.5436582,0.0051807705,0.3930088,0.24409768,0.011653674,0.019675087,0.33757895,0.5078599,0.1193541,3.2105126,0.13820972,0.0,0.69473314,0.21579333,0.68575466,0.5807696,1.6082287,0.4776838,0.0,0.9604979,0.03394634,2.7437806,0.021920698,1.7836876,0.002920767,0.42333183,0.07280405,0.34390807,0.23143137,0.6731077,0.12645009,0.32255203,1.374163,0.2584174,3.4997375,0.061156362,0.0,0.5934495,0.3190783,0.25454894,0.0488147,0.95746976,0.19602959,0.57182235,0.089188285,0.0018829149,0.027864503,0.05937982,3.247991,0.34132707,0.00074019114,0.09121406,1.4031992,0.15043236,0.03865047,0.14721225,0.0,0.006161732,0.036874384,0.0,0.5124631,0.36191398,0.39702493,0.042435978,0.16961685,2.1707175,3.8192058,0.14382991,0.8946109,0.19208771,2.0209935,0.0045638178,0.52005094,3.7945318,1.0957868,0.3163315,0.16429599,0.09430357,1.8355837,0.73320544,0.054162413,0.0,0.06720166,0.40658945,1.1926379,0.01685443,2.0462863,0.2119465,0.9093708,0.2087442,0.51520854,0.95828307,0.07077688,0.0,0.21648142,0.0047418475,0.4101227,0.25809315,1.025747,0.4535104,1.8931265,0.17035572,1.1567891,0.18718287,0.72067267,0.109484516,0.79069376,0.0,0.48572108,2.751936,0.4397796,0.011344844,0.00075939903,1.6496017,0.5975375,0.7820448,0.0,0.47665006,0.012384054,0.14962456,0.026230268,0.14070342,0.0,2.4796484,0.19800377,0.8268621,1.6043566,2.6308582,0.079565264,0.27481872,0.8615189,0.15900265,0.69262224,0.008187755,0.0,0.27947724,0.5387913,0.64738965,0.9109294,0.3443704,0.35232645,0.0538559,0.39714298,0.04107396,0.19809109,0.364836,1.0954676,0.006796144,0.14682512,0.15805697,0.1707886,0.0,1.7814959,0.07275861,0.6121887,0.95251346,1.1585478,0.08287942,0.33120993,3.4782126,0.0,0.05747667,0.82135034,0.048394814,1.2858765,0.002973064,1.5534991,0.17849553,0.3458551,0.54678684,0.79467374,0.010414205,0.6771402,0.30097184,0.93010855,0.023085555,0.036895886,0.029377945,0.21673688,0.019415107,0.0058698617,0.0033250996,0.03408577,0.05142659,0.14866829,0.023262473,0.32024154,0.27610904,0.026653761,0.42798042,1.6323122,0.07933182,0.13006128,0.19213688,0.0022760506,0.17438328,0.0756944,0.016528936,0.43630293,0.43140948,0.23975112,0.9551192,1.0145154,0.29707527,0.013378966,0.30983207,0.74051845,0.151497,0.0,0.05485468,0.3720679,0.03272273,0.89139354,0.6332532,0.049541965,0.51817685,3.8132157,0.07247674,1.4266182,0.3730953,0.21659279,0.81551063,0.0,0.8541602,0.9769211,1.308451,1.7122451,0.11360637,0.44116515,0.06293077,0.31651255,1.2526333,0.59120226,0.0,0.06050385,0.1445754,1.7769628,0.9884524,0.01770875,0.45751464,0.027803581,1.3414917,0.0,0.002032687,0.0,0.00093379815,1.3125046,1.4142244,1.0025986,0.0,0.0,0.09020149,0.06700113,0.034069385,0.41660222,0.41278407,0.7571688,1.2727959,0.004814272,0.025000677,0.2116669,0.060476407,0.72572887,0.0036154806,0.033117004,0.17659588,0.63137776,1.4866524,0.0,0.3233595,0.34071988,0.7788454,1.413763,0.0,0.17035036,0.124387234,0.02119991,0.19404201,all_pothole_images\pothole_images_new_image_469.jpg
0.7182432,2.1445582,0.73238957,0.6980306,0.651863,0.32769138,0.44326633,0.57466847,0.09676162,1.1787043,0.47180814,0.7246131,0.95492697,0.5239264,0.5396266,0.33562088,0.31971484,0.323933,0.11479835,0.18180698,0.07911807,1.8041545,0.74477917,1.5157682,0.090092085,0.48369107,0.5497208,1.2637728,0.161928,0.79616886,1.1498511,0.015937194,0.43040773,1.0822164,0.72199655,0.84872687,0.13474871,0.97570574,0.4709427,1.3054336,0.0006428656,0.046707947,0.07481182,1.4176209,1.470419,0.09306319,0.4822368,0.0065367525,0.27846697,0.73112273,0.3389801,0.41973546,0.2615451,0.21599446,0.0,1.3226364,0.6885284,0.2310696,1.785542,0.109867,0.51195043,0.41285342,0.7714152,0.3522801,0.2121855,2.4729931,0.49852782,0.06027945,0.040568653,0.8798269,0.48765352,0.22062616,0.25338623,0.45430654,0.283808,0.6050827,0.07065391,0.1749396,0.0,0.16901164,0.42708462,0.02260561,0.9974691,1.1677556,1.2136943,0.43094686,0.4877215,0.21916625,2.316531,0.8624626,0.18197481,0.57995397,0.5996874,0.17382956,0.12895879,1.3935099,0.29244465,1.270377,0.27946827,0.16873217,0.17014511,1.0708369,0.026346624,0.39870632,0.028161123,0.6064286,0.21800852,0.24126959,1.1020548,0.03313424,0.48790082,1.2524463,0.10260703,1.0008314,0.64474344,0.6278655,2.0294547,0.9566053,0.85656846,0.35528716,1.432137,0.8039187,0.7061267,1.6025693,0.47046715,1.9743127,0.21288574,0.6627183,0.77820754,0.6913811,1.0777625,0.0,0.24940798,0.26445404,0.06754206,0.40587506,0.74629414,0.72903985,1.0015891,0.15106773,0.7332731,0.44064677,0.25009215,1.6414104,0.15510087,1.3348037,0.77220714,0.096231565,0.17487799,1.6308491,0.75055826,0.2759156,0.20844544,0.014814782,0.89353144,0.46416485,1.8012757,0.34406033,0.29384893,1.2398145,2.6667287,1.6364229,0.7979447,3.9934351,0.19631885,0.22191973,1.4543035,0.6368477,1.809888,0.4594848,0.08131154,0.113297895,0.060171492,0.27336302,0.28922042,0.81168973,0.40539378,0.5882073,0.11148211,0.71012366,0.033083532,1.8816282,1.6779925,1.2685955,1.1185712,0.6294126,0.20473202,0.51243883,0.8829319,0.59693843,0.13096431,0.6069281,0.33865055,1.7427527,0.36146334,0.157957,0.4556179,0.8410548,0.030996755,1.2964326,0.051610205,0.495825,0.81794345,0.91862744,2.1986582,0.472409,0.82600033,0.2109269,1.0054872,0.18417054,0.10700081,0.6941542,0.56978655,0.22092943,0.42511806,0.5015478,0.58514106,0.19354717,1.3533641,0.3586645,0.2785287,0.61068535,0.74615526,0.57797784,0.44497368,1.2853756,0.53502023,1.5345404,0.1461344,0.44448423,0.22550431,0.5384382,0.0124614835,0.21497442,0.088140555,0.061121687,0.84916437,0.20614587,0.07487018,0.33799678,0.6042301,0.0037054406,0.38577765,0.027117554,0.37797648,0.48172417,0.7772547,0.5604421,0.5547147,2.5678725,0.70712215,0.037557457,0.51691693,0.6722993,0.17646556,0.5934336,1.4836961,0.20894502,0.58075285,1.2354066,0.3372466,0.71523213,0.35994875,0.26806483,0.68451977,0.66369885,0.117087975,1.378589,0.61713403,0.1292438,0.30777732,0.40708774,0.6458365,0.7631495,1.4287411,1.2894828,0.9356897,0.32011548,1.2193885,0.3194054,2.3334382,0.13182004,0.8995145,1.0398169,1.7834505,0.97910523,1.1029884,0.013415267,0.8765049,0.5804584,0.1928823,0.698991,0.16389297,1.7690451,0.047035154,0.109983265,0.9960362,2.545045,0.9519285,0.7264555,0.48881468,0.5397097,0.027720967,0.15132101,3.6287305,0.060221378,0.22310106,0.65868783,0.1440754,0.9303918,0.64302224,1.3785411,4.162884,1.2466832,0.5537989,0.1938582,0.23516792,0.9094119,0.62372273,0.109842144,1.148851,0.11560489,0.281922,1.316295,0.15617836,0.761776,1.0162644,0.020797169,1.2285801,0.40344843,3.4160118,0.3042105,0.072322324,0.014674765,0.0001558455,0.27266988,0.022781176,0.1991421,0.9787271,0.03823618,0.49887156,1.0508078,0.6105603,0.08659744,0.36954287,0.08308278,0.15968506,0.1290221,0.25062928,0.4102739,0.34505835,1.3033729,0.66017085,0.51651865,0.05337081,0.5233149,0.18233262,0.18444623,0.6758589,0.4623253,0.5042064,0.3014111,1.5129696,0.16203617,0.005152896,0.43699107,1.3863815,0.6166005,0.75280315,0.34420615,0.6447182,0.18643484,0.6770323,0.6611269,0.46691158,0.94097364,0.14761978,0.04176635,1.1210705,0.85178804,0.13106069,0.16095462,0.79188067,0.12388262,1.2716167,3.2212873,1.526871,0.059054017,0.15732622,1.3930966,1.26763,0.8755631,0.25858858,0.3368091,0.3168067,0.16629462,0.5667123,0.4711013,0.30683526,1.3573446,3.0996983,0.7963876,0.077329464,0.34843346,0.41858706,0.0016945826,0.87974435,1.1961042,0.3908959,0.3858263,2.3406544,0.8266843,0.660982,0.26777196,0.14629185,0.30250618,0.120566316,0.2669747,0.009767664,0.34917444,2.1171005,0.27761552,1.9588814,1.9243503,2.296165,0.63008714,2.1926818,0.8238757,0.17845961,0.31317765,1.3422664,0.1966436,0.50172395,0.8745838,0.21036898,2.212031,0.5387363,0.7674357,0.04547924,0.49751776,0.3090289,0.33024126,0.39290142,0.22218585,0.08537432,0.3433747,2.0351815,1.4762214,1.0059887,1.5284197,0.8703518,0.24865806,0.89026564,1.6693803,0.9252664,0.24626818,0.30031446,1.3948532,0.20192115,0.6832526,1.0208477,0.6283335,0.32405353,0.42266807,0.02022407,0.08857549,0.07400975,0.0023211692,0.9541518,0.19086051,0.6703641,0.46034285,0.32253543,0.43756908,0.29961652,0.042922862,0.10336138,0.16075292,0.50419694,0.004126756,0.48299056,1.2417834,0.49126232,0.30602074,0.0,0.5498245,0.5807435,0.11725098,0.87631124,0.0644819,0.9124703,1.034705,0.0025744198,0.017630875,0.14062731,0.5526829,0.0050906832,0.12178901,0.13656491,0.8516801,0.11565165,2.6841648,0.35701153,0.72970027,1.3257031,0.8336053,0.018353242,0.33823317,0.557377,1.207008,0.2027452,0.93874294,all_pothole_images\pothole_images_new_image_47.jpg
0.39175162,0.0,0.060251877,1.8906268,1.8666002,1.019603,2.7760868,1.4941047,0.39829907,0.27640107,0.39276963,3.3843813,2.1977146,1.8308078,0.6736668,2.15506,0.6679096,2.2760396,1.648369,0.8593755,1.0042902,3.0647237,0.1952951,0.75811917,0.36102667,2.8415654,1.2361552,2.0190427,0.54320097,0.96276605,0.25795978,1.304813,1.3154169,2.1363223,0.45589504,0.7431671,0.4371854,1.3156575,0.4497425,0.5520579,0.9993142,0.07922041,1.7171394,0.86411935,2.236445,0.55576915,0.114099026,0.062215365,3.41781,1.3174449,0.51958436,0.30476126,0.11384267,1.8521585,0.5560263,0.20235413,0.42378387,0.49684536,3.569278,0.29206508,0.60400325,0.099954166,1.2830036,1.1110281,0.48533967,2.7114787,0.06356102,1.5435903,0.46381035,1.3227068,0.012242949,1.1766189,0.12736653,1.6144468,0.55659086,0.11574644,0.26518807,0.02570397,1.095868,1.655582,0.9416781,0.16545445,0.40358943,0.19574897,0.015436041,0.030962726,1.5494616,0.92096597,0.55086184,0.084219426,1.2932452,0.040293366,2.9195783,0.18393822,2.2490685,0.5853135,0.71319187,1.2101277,0.2656222,1.9058071,0.5568001,2.1026502,0.5885941,0.024874533,0.32559675,1.4275692,0.8300761,0.46454072,0.26951173,0.17735843,1.092467,0.96834826,0.33848706,0.18876858,1.9727255,0.2173846,0.25297868,0.20186217,3.7935832,1.1887169,1.9510138,0.31099826,2.457186,0.51433223,0.7633784,0.5945199,1.6130947,0.0580764,0.25948462,0.98568684,0.18642122,1.6704743,3.0328648,1.1017438,0.0870059,0.6225042,1.1013155,0.2766026,2.0059645,0.32226053,3.350092,1.7858979,0.4099194,0.5600905,2.8463354,1.1869385,2.5892873,0.5157657,1.8166342,0.2135959,1.0893189,0.6037515,0.7762404,0.39294347,0.48771262,2.495879,2.0762892,0.45091134,1.930012,2.1070313,2.0737817,1.124324,2.120986,0.009332237,0.5414599,0.50128883,0.17273735,0.0,1.4059707,0.9491225,0.10150923,0.882313,0.54358226,3.1546783,1.5254308,1.7845165,0.89655036,0.44679812,0.6096815,3.174342,2.065458,2.769721,0.25407848,0.70383465,0.5788805,0.85317075,0.0075293262,0.47751662,0.70446485,2.4952815,1.2367413,1.5328732,0.032834243,1.8491107,0.32506078,1.2303936,2.0484786,0.24574703,0.59397995,1.0890398,0.69759077,2.6886241,2.2555978,0.39789134,0.683472,2.0718143,0.3197333,1.2894114,1.2590734,1.8720791,1.01438,0.5065278,0.71637917,1.5191141,0.2884309,0.33431116,0.66491073,0.47744095,1.694282,1.4085826,0.11309294,0.58020985,1.3056834,2.533168,0.25634924,0.8999196,1.4120525,0.86706465,1.6328447,2.0971067,0.6552249,0.16550891,0.6022268,0.44378275,0.9632419,0.047497757,1.4807328,1.4938976,1.0479065,1.2962255,0.20581487,0.50621396,0.77433664,0.4181861,0.2546423,0.79271406,2.6733053,0.07836164,4.3789835,1.7494248,3.6226177,0.371635,2.2902484,0.013775196,1.3605577,3.5903077,0.97167295,0.46787968,0.20003507,2.2399395,1.4326727,1.164801,0.026406322,1.9403509,2.2697988,0.48419282,0.6081432,0.076019384,0.6724651,0.2702497,1.3303667,0.00233386,0.13219333,1.4038248,0.002150688,1.166621,0.65598375,1.7691365,0.07342352,0.82705545,0.23500504,0.94403267,0.10276814,0.59863365,0.22259575,0.77376884,1.8420031,0.0,2.0781322,0.34251228,0.67129016,0.1497939,3.083194,0.7829537,1.2872784,0.04047416,0.34682214,0.3046837,0.18626137,1.0210602,0.32012323,1.029857,1.8946991,0.40105328,0.49399543,2.451372,0.04422687,0.30468392,1.8378875,0.15716682,2.5226967,1.541095,0.81877315,1.7060336,1.1769876,0.17679423,0.9865735,1.4698604,3.047443,0.83666617,0.1027667,0.12828113,0.009020411,1.502804,0.35138032,2.7384849,0.02791755,4.0065236,2.1659875,0.9213075,0.055160005,0.29729453,1.6980078,2.4286966,0.14029485,2.7354636,0.45447758,4.078649,0.7904255,2.8864796,0.34418556,0.6317312,1.6869267,0.43129417,2.6789775,0.6103148,0.24402925,0.14466068,0.67486703,0.53874505,0.6523144,1.3282202,1.9206785,1.5196844,1.005281,2.2416627,0.2642709,0.72815424,1.0633278,1.0679108,0.9967179,0.86342394,0.14889848,0.8050396,1.6365209,0.06880839,0.44717437,0.82346076,1.7327046,0.80944264,1.3511393,0.5073072,0.15670541,0.14849621,1.3216131,1.7453105,0.7218242,1.1462094,0.111051574,1.1133338,1.0920606,1.900615,1.6970847,0.5875369,2.5510197,0.16320989,0.2589026,0.2135267,0.64812315,1.9244641,1.8603019,0.7443538,1.6454219,2.8848166,0.001123424,0.018704334,0.58207625,0.09721533,1.8812263,0.09981247,0.35551226,1.858508,0.94612813,0.61311984,0.01616297,0.9207969,1.0302427,0.99095315,0.3021823,0.4855337,0.4045003,1.7015848,1.2337373,0.94471306,3.909722,2.1534514,2.0374908,1.7030144,2.1161442,0.472262,0.40144017,1.1244298,0.60642713,0.55060947,3.8098779,0.75567156,0.39176026,0.47809592,0.7331096,0.21447305,0.5865258,0.69719666,1.906841,0.3164461,2.099652,0.15873462,0.4007084,0.10174689,1.9005181,0.8319117,0.6924619,0.5133438,0.7797199,1.0034664,2.6015162,1.3001312,1.7317482,0.58871067,0.22279716,1.839058,0.4800056,0.23343681,1.711858,0.06348343,0.0004513957,0.013733156,2.9330015,0.24976699,1.6733658,3.9560695,4.077985,1.5990313,0.24489588,1.7337271,0.7258503,1.5707608,1.5380902,0.55099803,0.65552825,1.1999735,0.24068849,1.7266979,1.3093386,0.08614068,1.7520093,0.3657682,2.487644,0.92287475,1.8701327,0.4644872,1.1620941,0.9495522,0.878202,1.2400873,0.6034245,0.37727854,0.9632211,1.483139,0.7394159,0.0,1.5032488,1.7559061,1.3026137,0.0,0.6557198,0.7833204,1.3800036,1.1162964,0.0420038,5.592011,1.7676384,1.1547464,1.1211776,0.046892904,0.7741822,0.36723685,0.28144303,0.6857913,0.78519595,1.4100211,0.4070585,1.8978157,all_pothole_images\pothole_images_new_image_470.jpg
0.3919682,1.4404591,0.15918477,1.9496498,1.5969774,0.02811272,0.04759625,0.8831907,0.08702326,1.8709897,0.03082444,0.7026202,0.116870515,1.8920273,0.09341393,0.4348872,0.35436383,1.8573903,0.5707743,0.23010315,0.06397936,0.13453184,1.3474264,2.424829,0.9733527,0.39583197,0.6149438,0.15556984,0.0062051895,0.69281155,0.26474217,0.5685172,0.5337258,4.3231606,0.087114215,0.29218793,0.15654789,0.71225584,2.5738857,0.29019782,0.09993213,0.053332824,0.023015054,0.0,0.12164478,0.78746605,0.302344,0.0063696383,2.0533698,0.51587015,0.4833769,0.26794076,0.7060087,0.0,0.015314504,1.2114909,0.121702015,1.1643599,0.7572671,0.12914686,0.038356066,0.1547318,0.19941089,0.16502129,1.2819122,0.3188636,1.6178961,0.68031746,1.686738,0.0,0.29199868,0.3128627,0.2289738,0.010130981,0.6177075,0.26982623,0.040101957,0.21810652,0.35253492,0.27918777,0.007139725,1.206305,1.722406,0.24894568,0.38640445,0.36216342,0.85237867,0.05325596,2.0032501,0.3175689,0.9585053,0.28339678,0.41854635,1.5374416,1.0432978,0.37086004,2.3161244,0.49949124,0.0,1.759475,0.35647672,0.77922064,0.08663273,0.07090801,1.0646942,0.46627086,0.81671,0.13785435,0.21227564,1.7039187,0.64900106,0.42852807,0.08644371,2.18728,0.4825775,0.30455488,0.12684037,0.24952851,1.6350565,0.62462187,1.2640599,0.65293634,0.88916844,0.5545194,0.99754256,0.82653993,0.0,1.4904965,0.011726008,0.32055065,2.1184773,0.2292785,0.05848729,0.0841665,0.98594004,0.0839362,0.24528371,0.2546018,0.9504433,0.80847055,0.6478701,2.673313,0.7402611,1.6991899,0.0,0.13395917,1.584454,0.91559803,0.21833847,0.01669255,0.03827069,0.7725847,0.6835313,0.011887114,1.6125425,1.7772331,0.19561751,1.0083065,1.0516852,0.012013487,1.8371956,2.1544902,0.42622018,0.58274055,2.1219614,0.08258563,0.065486915,0.13159943,0.63418865,1.72379,0.8748701,0.21552445,0.03486787,0.8290891,1.8083369,0.6310777,0.32808495,0.0060613453,0.1834335,0.21667309,0.014432416,1.812877,0.8224456,2.9403687,4.0390706,0.676026,0.0075561614,0.032606065,1.3104796,0.9438352,1.541039,2.884472,0.111905605,0.7490787,1.6280782,0.7945555,2.2613769,1.6470343,0.45055008,0.0,0.42035067,0.8974381,0.052137516,0.9142465,0.23713976,1.5049773,1.4354202,0.6676862,3.115357,1.8909053,0.122214176,0.050989326,0.281909,0.9078599,0.030544173,0.008640305,0.36884865,0.09500276,1.0365695,1.2682487,1.4801872,1.1863693,0.8710733,0.014195074,0.069472276,0.04898353,0.31514218,0.17435683,2.3706949,0.032354545,0.1477309,0.25334784,1.3772163,0.6546005,0.08198042,0.0055205626,2.2597504,1.6321162,1.5198426,0.16776721,0.14806058,0.5241374,0.48996368,0.7081276,0.102035366,0.116181195,1.2925651,0.22271569,2.4649527,6.7556844,0.06398125,0.6904684,1.068538,0.01820395,0.15492885,0.28712064,0.17747898,0.22117667,0.037317418,4.021485,1.115383,0.6345241,0.47774255,2.2528956,0.0,0.299882,2.5834203,0.34083572,2.173323,0.62429583,0.29070005,0.0027917845,2.0986087,1.762534,0.20040305,1.471822,1.0297563,0.78656876,1.2540952,0.61499214,0.0036230504,0.12528816,1.7768292,0.0,0.017578894,2.3233678,0.33911794,0.2786286,0.0,0.2481394,0.20740372,0.67811006,0.27717113,1.5215735,1.7221686,0.45436364,1.6999019,0.096837625,0.09372093,1.9355181,0.9058472,0.36284873,0.0,0.013902452,2.752393,0.3622822,0.035188016,0.15266842,0.27806133,0.077871256,0.37195918,1.6807933,3.3294914,2.1579018,0.16088825,0.02513614,0.11243032,0.33757088,4.6849246,0.37155697,2.3953745,0.69727397,1.7307042,0.532487,0.36332235,0.0479976,0.17413174,1.9567802,0.3218591,0.3886148,3.6497982,0.0,2.0225394,0.03277017,0.7392153,0.07458459,1.2088394,0.37769228,0.71892405,1.0118725,0.6623172,0.14670128,2.1802578,1.0621475,1.2890466,0.13744688,0.02758125,0.9523734,0.5987392,0.29947546,0.068955526,0.5671,0.145346,0.4947755,0.037893627,0.19635831,0.00790894,1.9032801,0.969853,0.9128923,0.78466594,0.72333604,1.3430306,0.4282063,0.0,0.01280373,1.4963276,0.22435577,1.5075364,0.57110447,1.1180751,0.13175857,0.8749598,0.6042671,0.11300951,0.54504544,0.07569372,0.5180954,0.21968767,0.7047244,1.9987246,0.5735303,0.053181052,1.5269644,1.14913,0.022405835,0.39504498,1.8537004,0.3595345,2.1063445,0.0010208667,2.499006,1.002424,0.17482035,0.0667091,0.8939814,1.2248573,2.526244,3.5045676,0.5318253,0.04235889,2.3729596,0.91460276,0.059974488,0.9279427,0.44807932,1.7626722,0.76645714,0.037694298,0.030863289,0.17456992,1.3647391,0.22506607,0.7723821,0.0,0.2657694,1.5063696,0.18753925,0.03649135,0.030435523,0.076359585,1.1568905,1.2159687,1.9779323,0.61912185,1.0219767,0.7669852,0.5277701,0.31025556,1.8150983,0.13748513,1.417577,0.42523122,0.3018091,0.21100383,0.55735195,1.7489578,0.047959026,0.73829484,1.0455583,1.0919539,0.14919646,0.10363318,0.12582004,0.0,0.35066354,0.030306207,0.04892012,0.095954925,1.6262441,0.84754413,0.42036933,1.7386544,0.09757086,0.026356148,1.7500108,0.46479455,0.020618496,1.0410026,1.4672741,3.6153035,0.26453757,0.7835285,0.64706504,0.46577546,0.094619006,2.8727977,0.6193702,0.17839876,0.21867888,0.5498601,1.9953071,0.022111839,0.49187064,2.0659976,0.7871412,1.5561961,1.1045775,0.504535,0.10346636,0.86035305,0.61400634,1.8313025,0.21364644,0.25292858,0.62974536,0.70692474,0.042698048,0.8472189,0.19890667,0.72025055,2.3853931,0.12134734,0.06848302,0.0,0.2459399,0.18127881,0.012518717,0.6937328,0.23866914,1.3329642,2.4336653,1.1868399,0.6778885,0.22031736,0.7690629,1.0808529,0.47600073,0.21805078,1.9679943,0.047984973,0.14662068,all_pothole_images\pothole_images_new_image_471.jpg
0.59797907,0.18930244,0.011742378,2.2330234,2.959772,0.070765994,0.9339038,0.055997696,0.054057408,1.1401863,0.6960211,0.89485395,0.4119732,2.0882034,0.05203786,0.09329418,0.47204745,1.1290753,1.9307796,0.31437498,1.0545818,0.57815194,0.14585194,0.34648266,2.3029826,0.1461393,0.26412708,1.814615,0.14658773,0.18124543,0.08148344,0.3370971,0.039565563,0.36970645,0.2741851,2.1730213,0.52670246,0.26114884,0.68389523,0.030211221,0.08850193,0.25210655,0.25567296,1.481578,0.31508067,0.36065015,0.5991118,0.12576912,0.3908037,0.6941869,0.90207374,0.80127347,0.23500395,0.05778401,0.28350422,1.0111687,2.788611,0.84561014,0.21761322,0.5999008,0.43318292,0.0336429,0.4902827,0.3193636,1.9310015,1.0531182,0.94095206,0.0013773647,0.54562986,0.24895434,0.4170455,0.013558149,0.43428752,0.52970636,0.7965416,0.06624828,0.11282106,0.52177256,1.1097488,0.6111006,0.013516527,0.29804206,0.11563538,2.0700495,0.28846982,0.3260083,0.28450575,0.4208521,0.3340921,0.49309736,0.7066579,0.026265552,0.5498737,0.10366428,0.054085303,0.019052444,0.15886274,0.9633189,0.16076063,1.1093903,1.1444496,2.6994083,0.10509923,0.0,0.7828578,0.20406337,0.38808325,0.48613298,0.5574497,0.21588258,0.027895216,0.41782674,0.48614946,0.16373432,1.0860475,0.6729207,0.101394795,0.867874,1.4006772,0.7188484,1.896816,0.12049853,0.97900623,0.34335828,1.4861877,1.710494,0.915839,0.8499469,0.17098714,1.0378793,0.4132211,0.06161418,0.064254776,0.17477721,0.85527164,1.1926426,0.9002905,0.45944196,0.088687524,0.035595223,0.9744569,0.2301893,0.52102,0.23300594,0.023636626,1.2330165,0.14687735,0.6458145,0.0811099,0.11952601,0.75221515,1.0923545,0.37314355,0.06332945,1.3564117,1.5019732,0.9569144,0.96846783,0.49213353,1.0272564,0.47997367,0.5816483,0.8125075,2.0881026,1.0626452,0.8685571,0.6098897,0.16798237,1.0099558,2.978469,0.3265549,0.23211385,0.45016816,1.325052,0.050463922,0.2587239,0.50527346,0.032760747,0.10503786,0.115592465,0.0767138,1.7643442,0.30101043,0.6119727,0.63432103,0.38281596,0.22111633,0.7219735,0.12323126,0.31568563,0.53836834,0.10390418,0.14318015,0.25509274,1.3220326,0.9867991,1.2878232,0.009593385,0.4525053,1.4672416,0.9211563,0.0028251344,0.89106125,0.04552523,0.134582,0.06474623,0.2746052,0.816448,0.5986355,0.87941116,0.025876245,0.14341286,0.6231771,0.8486619,3.2429976,1.2170097,0.19713436,0.24493895,1.4169153,0.41106024,0.8811356,0.367133,0.3716953,0.60302925,0.032990336,0.079116896,0.78494096,0.31539363,2.4013956,0.40191883,0.020723604,0.24575208,1.9143708,0.14210986,1.0920916,0.100439504,1.570786,0.016825449,0.2543356,0.29300842,0.42306736,0.14690644,1.5584767,0.7388824,0.76317644,0.0037851762,1.0397171,0.16844788,0.7142349,5.7344747,0.3392699,0.38586763,0.025371864,0.72408867,0.022589754,0.16853824,0.41689074,1.3945812,0.59277064,3.428652,0.8576584,0.43406555,0.86145073,0.05191986,0.021318523,0.11772882,2.274525,0.020316683,5.309214,0.05439849,0.6731212,0.37151748,1.8839428,0.015022081,0.09457297,1.8814348,0.01591819,0.24858795,0.2531799,1.262426,2.1212258,0.55640155,1.5565419,0.05412249,0.023462823,2.2712631,0.3855918,0.11610903,1.3391191,1.3449122,0.0,0.028315797,0.038509116,1.4805565,0.30831712,1.7060264,0.44404006,0.5591655,0.12417965,2.5729623,1.909628,0.0018090606,0.30928075,0.037919678,5.0968685,0.0,1.6468155,0.62097156,1.1416258,0.8577328,1.2213343,0.5130512,1.3477616,0.24628344,2.0031357,0.36251253,0.04984801,1.90099,3.7007737,0.74968207,0.2977715,0.17241855,0.73338544,1.7434235,0.09441828,0.9514042,0.11409458,0.094163835,0.44274786,0.06756054,0.71340364,0.65341616,1.1078306,0.8982537,0.0075097433,0.18393551,2.177161,0.04234737,0.7128506,0.67556053,0.45796221,0.0061566,1.7747723,0.93592453,0.2674103,0.5697406,0.18265194,0.5555532,1.0624183,0.059679642,0.18561745,0.015740335,0.09465575,1.2382922,0.31431422,0.0,0.48536938,1.356468,2.1561556,0.91809577,0.049798425,2.1662202,1.8216412,0.6394317,0.0001126648,0.0,1.1437416,0.3485366,0.06300632,0.25570264,2.4198968,0.035578657,0.56836444,0.0122749945,0.002820614,0.36293703,1.0452745,0.0101979785,1.783013,0.07411457,1.5919095,0.30707645,0.13457221,0.43593132,1.1417853,1.9091034,1.3493161,0.04888258,0.22506194,0.5763038,0.6754449,0.6744182,0.37433526,0.43978646,0.59488493,0.43770194,0.7741707,0.0033272118,0.9597884,0.5320003,1.0577179,0.6378725,0.38269493,0.999323,0.7911942,0.22625269,1.5927786,0.3673428,1.050775,0.14783622,1.0983577,0.058778197,0.118186004,0.17622617,0.28048542,0.5401437,0.06480477,0.16575985,1.175879,0.0004122691,2.0048618,1.6821412,0.24391676,0.23478025,1.1580924,0.8593756,1.1674879,0.2704897,0.47433013,1.3661107,1.0337507,0.33337778,1.41261,1.1945479,1.7573513,0.9491715,0.10018305,0.53773224,0.052603275,0.03245098,0.6159035,0.6714879,0.0037010263,0.24030031,0.17802376,0.3971695,0.72946864,0.26968285,0.27807525,1.0218787,2.9437387,0.46148595,0.51724726,0.0,0.7419292,0.7400284,0.37808156,0.058037505,0.27754942,0.83472925,3.6688762,0.014440948,1.427943,0.053667437,0.8078702,0.041235875,0.3464105,0.0,1.0326414,0.8464663,1.1875551,1.2536076,0.0,1.0404776,1.5704142,0.23265122,0.34204918,0.8298994,1.0944499,0.065488055,0.19179958,1.4429641,0.6339289,0.28272232,0.2952827,0.56397676,0.17912415,0.0077474224,1.403396,0.14209025,0.36867395,1.1479969,0.25705585,0.07971683,0.13925593,0.8362039,0.33302805,0.9721187,0.60157496,0.6545823,1.4393811,3.5592926,0.6888397,0.259102,0.41416594,1.1163759,0.96513873,0.888163,0.023346953,0.5321766,0.09512434,0.22937019,all_pothole_images\pothole_images_new_image_472.jpg
0.22486591,1.1210446,0.22537714,0.7102239,0.3601155,0.25163734,0.35420218,0.085494146,0.2032595,1.0399073,0.2230387,0.21021743,0.23185274,0.4840456,0.07175123,0.17084156,0.81847775,1.3179888,0.7142536,0.06984948,0.056769006,0.88418627,0.6213229,1.1896214,0.6195605,0.020538103,0.0149577,0.41408643,0.16756523,0.0,0.5842095,0.069425255,0.14370239,0.48366,0.3258832,1.2584274,0.04217979,0.3427052,0.0993999,0.024554335,0.27174,0.036924757,0.060273793,0.088915296,0.42716667,0.33483684,0.03382732,0.0,0.23896821,1.0450598,0.45874006,0.17731965,0.087332,0.1718076,0.22644497,0.39065304,0.09496755,0.18250833,0.58119386,0.0,0.1645097,0.10148646,0.2485142,0.008097229,0.49740756,0.7494298,1.07751,0.11674768,0.38439354,0.08246763,0.07213622,0.0705085,0.655296,0.10451438,0.54942846,0.12544072,0.01511211,1.5510294,0.054722648,0.044215757,0.01993428,0.06851118,1.1120508,1.4631374,1.0452511,0.15271765,0.05900446,0.09147637,0.9025744,1.1705691,0.00027147873,0.20677938,0.060732782,0.13642485,0.27616054,0.009430274,1.1682823,1.0250236,0.028951276,0.08231508,5.6925634e-05,0.77054936,0.079404704,0.37101045,0.754983,0.7396859,0.27609187,0.121089965,0.0062713,0.6680878,0.27359533,1.393983,0.14260952,1.1142956,0.08984612,0.26585305,0.76480436,0.30140257,1.3528132,0.9913082,1.1029401,0.50382817,0.004015541,2.2815251,0.4479748,1.8828522,0.193306,0.4297048,0.3414748,0.34463492,0.3026601,0.0,0.10060763,0.38089257,0.0461579,0.42244685,0.039059803,0.17199436,0.12756471,0.0449887,0.47192147,0.06447945,0.38029078,0.5527837,0.03336516,0.09301431,0.038179427,1.9861157,0.073371835,0.1460527,0.70403546,0.060184177,0.28460455,0.17175499,0.71043265,0.14648475,0.5226697,0.094450556,0.10314157,0.18735893,1.5510185,1.4712839,0.15737574,1.4066031,0.3527614,0.03814206,0.29222658,0.0,0.80063796,1.3688874,0.49480808,0.03542233,0.013393343,0.067916565,0.7666677,0.41235498,0.42376974,0.0,0.08587616,0.20937812,0.014862797,0.86877835,0.6909536,1.8143066,1.3478446,0.37418097,0.21827094,0.51083326,0.7333098,0.2401262,0.17280178,0.03880321,0.39250073,0.9278471,0.047619812,0.05252401,1.3774395,0.5312783,1.4896375,0.101696886,0.03493533,0.4740328,0.3823806,0.10797749,1.9685943,0.39944252,0.37288895,0.31698996,2.0792828,2.0424604,0.0,0.34692484,0.09938854,0.037941363,0.2797243,0.30050117,0.61592823,0.25028145,0.69165707,0.056393575,0.30518326,0.8314177,0.5514953,0.5060751,0.0,0.017582655,0.77408737,0.19950399,1.249589,0.02063251,0.0,0.011433114,0.36484239,0.020593954,0.012182683,0.05662631,0.9444561,0.32398638,0.14106296,0.0,0.58357453,0.26702803,0.122914605,1.7343771,0.0013367175,0.07481009,0.44584286,0.1534209,0.18819174,2.9351187,0.93711334,0.07070915,0.19161166,0.0,0.20633106,0.51397765,0.46292087,0.6576342,0.39890113,1.5783031,0.18188491,0.22575703,0.346087,0.3825067,0.08634119,0.054228235,0.65190345,0.36500898,2.319244,0.2686928,0.14869761,0.017322278,0.3537659,0.8949923,0.40773708,0.74285746,0.098457925,0.6734441,0.52765864,0.11696858,0.1398957,0.13926187,0.63835,0.036112733,0.34610593,0.15473421,0.44565043,0.0,0.04104246,0.062669925,0.5956263,0.57417154,0.35618436,0.34933156,0.18777545,0.4492189,0.8092363,0.91227925,0.0273165,1.2440602,0.95651305,0.5970927,0.0,0.24150288,2.5012455,0.0291438,0.40136835,0.4673156,0.07753505,0.025832264,0.5407411,0.30049255,5.1768317,0.9044734,0.28131315,0.4452392,0.011450527,0.46210054,1.1464806,0.069755696,1.2732478,0.4609988,0.28777668,0.4636277,0.004576557,0.1640741,0.4183639,0.0,0.22938697,0.19879283,2.809386,0.45199803,0.16920541,0.0011555016,0.078058004,0.05334674,1.1404712,0.014529836,0.12139971,0.17714833,0.805784,0.22960976,1.7011268,0.1641067,0.46301007,0.03527584,0.11062271,0.0,0.0,0.32033736,0.08403858,1.0960772,0.31649935,0.10884271,0.12861142,0.48278612,0.17895383,0.3923905,0.22845793,1.3094838,0.55062103,0.92191476,0.97837806,0.003222162,0.00068264786,0.91523474,1.8893626,0.07184089,0.28924718,0.6377459,0.27432543,0.71620893,0.4663517,0.2916671,0.5060928,0.2955635,0.33640516,0.46138462,0.6528891,0.30514672,0.4633202,0.0,1.164235,0.8986349,1.7973232,0.21169032,0.35553023,0.2962089,0.6135289,0.5128633,0.3625513,0.6489148,0.15153608,0.15612903,0.09689144,0.024343746,0.5822698,0.1181196,1.7271787,0.020898635,2.1239023,1.0312377,0.82196283,0.10455647,1.3362755,0.014387427,0.2648121,0.48604667,0.07790767,0.10030627,0.5871111,0.4759139,1.1334025,0.101439685,0.01913331,0.045436215,0.16192035,0.07672605,0.26582488,0.03696336,0.1242624,0.7188097,0.20172119,1.1893312,0.9037321,0.0,0.3663822,0.49848142,0.12131209,0.61184096,1.381299,0.33615533,0.75819397,0.1516762,0.2595841,2.375708,0.24620578,0.6069444,0.12249589,0.3095526,0.74321467,0.24077824,0.12917255,0.05571536,0.16364752,0.011721494,0.72668487,0.40526968,0.0026735116,0.37204197,2.8378015,0.49562728,0.45076656,0.2949445,0.7288072,1.3092102,0.15245907,0.5525518,0.3263118,1.0264435,0.16387089,0.24465492,1.292842,0.11927217,0.70656306,0.29965144,0.8043003,0.074171185,0.8391206,0.44301695,0.8437013,0.3406122,0.05525492,0.06653779,0.13195488,0.086751,0.08712111,0.7280748,0.111745834,0.24945597,0.9229032,0.9123577,0.655954,0.5607689,0.034593318,0.60834783,0.7008047,0.015741097,0.66463524,0.15004335,1.7876679,1.9307159,0.0,0.016016021,0.025580972,0.31352016,0.15044576,0.1788783,0.04610248,0.1470913,0.36795852,4.552942,0.598854,0.6372555,0.37275127,0.44753778,0.20743608,0.66846293,0.79840773,0.36749756,0.17576048,0.34390134,all_pothole_images\pothole_images_new_image_473.jpg
0.2752101,0.7748164,0.14052035,1.9538269,1.7124782,0.59018517,0.3399211,0.06431012,0.21553673,0.73097485,0.32975045,1.0023282,0.57278264,1.8633914,0.007900646,0.34713557,0.1400874,2.128487,1.709875,0.54447526,0.73792416,1.5411174,0.17167597,0.7015424,0.9477043,0.28277022,0.26524088,2.256399,0.0,0.31039053,0.4912756,0.1298652,1.3243791,0.3763447,1.4902244,2.9526274,0.37052238,1.3154039,0.7275803,0.6314495,0.093274005,0.21482156,0.12600787,0.5930899,0.15596859,0.69808614,1.3183178,0.0,0.81328875,2.0177262,0.64704055,0.21912162,0.0963832,0.24412228,0.13754362,2.4979146,0.9907464,0.22442678,1.5924104,0.012990713,1.479216,0.0036711257,0.18430045,0.25573033,1.9400183,2.1119876,0.0947134,0.45871955,1.0726162,0.8956786,0.13733113,0.20714438,0.44450924,0.113229945,0.14435767,0.0093221925,0.048685204,0.99183583,0.033424996,0.18149322,0.17670657,0.61671346,0.16571184,0.3723341,0.09951786,0.27672765,0.45035997,0.04770381,1.6790471,0.07377626,0.43329877,0.2410188,0.58675355,0.6373439,0.004649506,0.12469678,1.6950879,0.58189946,1.0849153,1.3308799,0.57254493,4.0288134,1.4789886,0.053122763,1.111359,0.8550126,0.19493061,1.0561007,0.1557675,0.5084025,0.10339134,0.54924405,0.9088639,0.8698324,1.4618821,0.75935924,2.7292647,1.404242,3.5290859,1.4243424,1.0282344,0.21701631,0.19922785,1.6413113,0.21932477,0.94970024,0.2081622,2.5660212,1.5300463,0.6820484,1.475417,0.0,0.95985544,0.13326015,0.0089233285,1.832517,1.0443238,1.2496363,0.41878974,0.04001791,1.0852438,0.88116187,0.15305705,0.7750921,0.026412798,1.3824517,1.498844,0.92938006,0.9989004,0.42554754,0.7944342,0.4304352,0.1735746,0.30347124,1.2120656,1.3784568,1.9325588,0.38643444,1.3037503,0.9212833,2.3515553,1.0943177,0.0014891555,3.668325,0.10132373,0.37707925,1.3537246,0.14363812,1.0460683,1.3860286,0.8784027,0.24997027,0.17677781,2.8776646,0.20572677,0.060612112,0.0,0.005295452,0.28659317,0.07567074,0.3265647,3.021204,0.6736254,1.2333864,2.010665,0.4945065,0.60792387,1.7925882,0.34501064,1.3837216,0.6024402,1.8167223,0.13265684,2.0068502,0.41665974,0.71434605,1.7047867,0.17244656,0.5007741,0.15422152,0.0059956163,1.1432682,0.50814563,0.05096324,1.3609759,0.78098065,0.80881655,0.8858806,0.4682817,0.9279058,0.019487679,0.1059772,1.3323511,0.14365903,2.929594,1.1949712,0.29374966,0.06186084,0.47049782,0.6671809,0.18213475,0.9967879,0.51992166,0.11411369,0.026877642,0.7706065,0.48927867,1.0995368,1.7307284,0.07815051,0.004093317,0.67318153,2.9191377,0.24406439,0.22332422,0.09538596,3.06525,0.0027621507,0.5625279,0.42086324,0.10055658,0.0,0.12551041,0.532247,0.30403033,0.042055525,0.47503063,0.10622962,0.40664992,3.0275857,1.1494498,0.3373631,0.33514482,0.6694373,0.17373686,1.1490663,0.21848057,1.0095515,0.2474705,1.5934868,0.36843377,0.0044728946,0.33159307,1.6105576,0.64888877,0.16511808,2.2290978,0.36041966,1.410548,0.098644525,0.07257058,0.19759902,0.025220444,1.2712247,0.39207435,0.46185297,0.423229,0.43587387,0.7652761,1.7683152,0.9237705,0.014063908,0.32855874,0.6489802,1.2511541,1.0913333,1.0656295,0.22879604,1.9458122,0.88402027,0.28566104,0.0,0.11496822,1.5991397,0.20388389,0.07454229,0.4421468,1.0191983,0.15622644,0.71650743,1.1761609,0.42440447,0.10305062,0.48256156,3.8172739,1.1323065,0.004250373,0.04042664,0.81380415,0.952836,1.0336165,1.3457562,1.6152003,1.9325267,1.6501415,0.5490332,0.0,0.59989935,3.7452185,0.0,0.5548255,0.18891208,0.37557018,0.07939052,0.43669945,1.1720057,0.038260143,0.16403186,0.078572676,0.088546485,1.6686366,0.6410195,0.5612633,0.109487444,0.0033536067,0.101350635,0.32319817,0.4868457,0.6848895,0.6059637,0.4585202,0.072432704,1.4574199,0.5664719,0.5751995,0.23759568,0.3988336,0.19337021,0.21774113,0.6195987,0.53196347,0.31689617,0.7763642,0.12839948,0.024526905,0.13078222,0.09550244,2.9731638,1.5039907,1.3759807,0.5411906,0.78987694,1.1509963,0.1784468,0.029950686,0.04237384,1.4954679,0.11403008,0.08652307,0.50207096,1.9282091,0.6717543,0.18600743,0.0026551608,0.41398364,0.37295035,0.0,0.030922147,0.19099142,0.16249081,1.7231121,0.029346123,0.4811361,0.36505294,2.4048688,0.53063405,1.826904,0.012232892,0.42768496,1.7029536,1.5693935,0.9365756,0.025365435,0.0,0.37874106,0.078603044,1.0446668,0.07989975,0.4219298,0.11899895,2.3433678,1.8222417,0.7275207,0.16279095,1.3859253,0.01900932,0.07748538,0.37933916,0.13706309,0.043850143,1.1954703,0.11289301,0.08297114,0.4691909,0.0342734,0.7700455,0.83191,1.1978071,0.99513334,0.082860924,2.9943647,1.4604498,1.9278007,2.4093723,3.129605,0.6254103,0.12542324,1.4263461,1.4715565,2.58799,0.13327396,0.19816808,0.68587124,0.7520119,1.119624,3.2666159,0.19665219,0.48571262,0.53145427,1.6595027,0.1964142,1.7481633,0.11872308,0.3730543,0.08263689,0.23321643,0.8056209,0.2300042,0.033604596,0.79006255,0.92034566,0.25803652,0.65249544,0.55314696,1.0554261,1.2048098,0.900794,0.42511994,1.2407546,1.8567171,1.7958552,0.6156872,0.91245,0.048689626,0.44693026,0.68718773,0.007408649,0.0,1.2534508,0.7805107,0.2932326,2.1556792,0.13291174,0.77537745,1.3432739,0.064809985,1.4126166,1.3497062,0.2686307,0.27338758,0.12175233,4.4919953,0.109465554,0.09033372,0.049707606,0.26423568,0.43463352,0.0,1.230458,0.32949117,0.3458698,0.35140604,1.2862381,0.07653738,0.4451754,0.39067245,0.016151639,0.22035524,0.00034846034,0.63470346,2.2842724,4.35483,0.4687619,0.19330312,0.26533318,0.61923575,0.2540763,0.33146098,0.60466075,0.35915482,0.067519404,0.88058126,all_pothole_images\pothole_images_new_image_474.jpg
0.8363292,2.806135,2.5694351,1.1968588,1.5336387,0.37446177,0.4899959,0.88443637,0.31410745,2.0718443,0.64963263,0.08528757,0.58805674,0.6744258,0.46549708,1.167808,0.25410965,0.13887665,0.015048846,1.2663236,0.16546679,1.0453932,0.6188138,1.7816397,0.092986345,0.6280181,0.18288119,0.77506787,0.09012605,0.4580874,0.27330402,1.078008,1.0040201,0.55461526,1.710203,0.21642381,1.7694739,0.8819164,0.02731925,0.7270223,0.6958003,0.37052536,0.25460148,0.06493524,0.64662564,0.052047063,0.30600044,0.3273651,0.35920867,0.45860803,1.9119291,1.5862498,1.947897,1.1444703,1.2112228,0.46430779,0.8315324,0.042283963,0.72999215,0.2950186,0.2223046,0.022712396,0.17162722,0.6035951,0.08723644,1.0177258,1.0394424,0.25312,4.7646565,0.21103041,0.5144379,1.0947702,0.5157811,0.20019698,0.026986761,1.6190141,1.5184195,0.7716642,0.3710677,0.044284876,0.006266155,1.7058197,0.4409888,1.438474,2.649645,0.9182138,1.0459303,0.425042,1.8942207,0.14080921,0.114203304,0.014660616,2.106693,3.2170846,0.381499,1.0296173,2.0288556,1.4636759,0.6580839,0.14435256,1.6388776,0.08430798,1.4918412,0.09760213,0.14730415,0.38360244,0.123477064,0.1779524,0.014504496,0.4615568,0.18943945,1.3615845,1.0529321,0.3467348,0.08802936,1.8605592,1.6227725,0.9333339,0.64791334,0.094445266,0.0817773,0.766034,1.6574678,1.0155191,0.8202404,1.0084729,0.30927944,2.0689158,0.36109427,1.7073975,0.06748332,0.37764144,1.5467271,1.3242536,2.1896324,1.9448503,1.314634,0.22901632,2.5096567,1.2893273,0.1689241,0.120731175,0.0,0.3187547,1.2007959,0.6438435,0.1189979,1.3367108,0.12388986,2.7482872,0.6646389,0.7399078,0.63304406,0.62967336,0.012857163,1.3372281,0.6047889,0.46841636,0.019300679,0.44963595,0.597968,0.33601555,1.5938294,0.067568325,0.2457551,0.47395098,0.8376161,2.2042258,0.9475778,0.70250446,0.6177213,0.63762873,0.28470984,0.061868317,1.5026054,0.116542,1.1407768,0.5669951,1.9195186,0.66065735,0.86863744,0.67870545,0.23451698,0.88855445,1.8873479,0.28257897,0.8562465,0.90607125,0.8784249,0.31899476,1.3168414,0.5659558,0.2245057,0.7045405,1.4817729,1.9771612,0.09305361,0.6878191,0.49977195,1.2896384,0.620973,1.032826,0.77898854,0.18908542,1.7971562,0.24161263,0.15294419,0.32087785,0.5874436,0.42039233,1.8561162,0.027214598,2.285296,2.5294654,0.08137546,0.16008812,1.5840086,0.2550733,0.23738183,0.0961519,0.35489303,1.7620481,0.9354457,0.23621954,0.12955056,0.43659452,0.55173814,0.5990932,1.1220934,0.4274209,0.049265195,0.019603478,1.3730952,0.31496114,0.29004782,0.72990745,0.17537491,1.0097915,0.04160892,0.018573666,0.16726132,0.9936568,1.2700598,0.82040465,0.19930455,0.010261826,1.8655802,0.9735204,0.7408133,1.1645045,0.3843375,0.07563517,1.7404536,0.56485164,1.2268938,1.179197,0.2900884,0.8557277,2.1394193,0.18813677,1.4972469,1.696726,0.89134014,0.59435564,0.5634671,0.3736112,0.71385473,0.57294476,2.0879433,0.55055416,0.91040266,1.0410736,0.017711533,2.738325,0.048999373,2.394399,2.2170327,1.7341492,1.6770418,0.6507681,1.0832331,1.7219238,0.26309866,0.08891298,3.187148,0.6889303,0.02548334,1.1037068,1.100904,0.00020305971,1.4541235,0.7777233,0.034015257,0.6976698,0.6792228,0.090026915,0.7233346,1.1452149,0.5824736,0.09141379,0.34917617,0.4674401,0.1706121,0.34110096,2.8643372,0.873492,0.3131161,0.12288035,2.1929421,0.08256888,0.7984084,0.44372922,3.5040226,0.19147463,0.3558609,1.4967275,1.1646792,0.071730755,0.013351567,0.038220365,0.022359563,1.3325512,0.0018333567,0.7845989,0.28441033,0.89491946,0.8650033,2.4828553,0.0013082424,0.99686086,1.6607957,0.3667655,0.016069345,1.0125417,0.57444364,2.1853926,2.6094716,0.10024579,0.43399385,0.24833566,2.5339031,2.018233,0.96082634,0.27508518,1.4004959,0.6541593,0.52984345,0.07364652,0.5303651,0.87943864,0.19687253,0.4452094,1.1765076,2.7348514,1.3958292,1.1339846,0.40986717,2.8088443,0.58330065,0.63539237,0.49400604,0.2095057,1.0368663,0.4797941,0.45212218,0.20059612,0.62019396,0.90242195,0.13919969,2.9972851,1.511433,0.80921,0.018455366,0.012352746,0.335304,1.6000322,0.55903053,0.20608972,0.49552682,0.152392,0.04953123,1.436988,3.902921,0.1469355,1.973306,1.2475433,1.4030858,4.0285726,2.6533906,3.3590798,1.1810248,0.43208918,0.6434539,0.23699379,1.3090256,0.38830188,0.02081741,1.0140327,1.4552003,0.42288044,1.8746432,1.2377199,0.02614228,0.23893656,0.0018966726,0.065810144,2.1281672,0.475832,0.32726604,0.13932411,0.18016173,0.07555704,1.0541342,2.0588078,0.23568161,0.011151481,0.3163024,0.08637092,0.8523634,0.4609883,0.011794406,0.905408,0.5103692,0.22231811,0.21905448,1.1896975,1.3778356,3.0157359,0.16032623,2.3541727,0.20032877,1.7767195,2.1762602,0.4887534,1.0653396,2.5906463,1.2241912,0.20152754,0.112004995,1.1711451,0.8129922,0.41361812,0.5190747,0.99892783,0.89360106,2.2116504,2.670468,1.1917299,1.7291789,1.2892506,0.26179215,0.7474336,2.5496643,0.50542223,0.598451,0.03369923,0.34879944,0.83219814,0.0,0.030149026,1.0973305,1.2418772,2.3866916,0.58332986,0.3533417,0.97160345,0.7043415,0.9317805,1.9095542,0.6632603,1.8210227,1.3179824,1.6037309,0.59850883,1.1569078,0.09869601,0.3765652,0.003350386,1.4460455,2.0372045,0.118142635,0.35354784,0.15601341,0.7742383,0.23369753,1.5375494,0.34536198,0.22813265,3.6570845,0.12868062,2.4632936,3.2035859,0.7796722,1.1147361,1.3995862,0.5185265,0.007814133,0.2752362,0.8772713,0.908116,2.5725946,1.4528915,0.10164841,1.8763384,1.4072465,0.046033565,0.28967217,0.861778,0.9658999,0.9020241,0.20321599,0.95211154,all_pothole_images\pothole_images_new_image_475.jpg
1.1635897,0.69234926,0.9828652,1.1522242,1.0423145,1.0489463,0.8563769,0.9371836,1.3571295,0.3312067,0.32598063,1.8682487,0.22520538,1.8451422,0.18708992,2.6855888,0.14317164,3.319816,1.6108236,0.06413227,0.38789698,0.62166494,0.51376134,0.81549263,0.0754398,1.1182269,0.98808175,1.3212646,0.24097182,0.030406207,0.0,0.953442,1.1583219,1.0816692,0.2524609,1.8944148,0.010842046,0.012127936,0.36573157,0.06297366,0.8403291,0.31492108,0.9090074,1.6524849,0.9675049,3.5040588,0.12446608,0.3916223,4.5285287,1.3541951,1.2561678,1.7827659,1.3894908,0.24379013,0.39249143,0.7137348,2.4297698,0.42591354,3.073204,0.21683875,1.2775494,0.10173221,1.5174285,1.1408187,2.7928662,0.5631977,0.045641314,1.3925127,0.74184597,0.17251728,0.012677143,0.11627796,0.17137408,0.22327462,0.039688233,0.13203265,0.02111564,0.36585227,0.4931861,1.2466685,1.3953196,0.041937515,0.0127982,0.50899214,0.6154797,0.0801148,0.3767533,0.031941283,0.80843645,0.023915736,2.1349285,3.834647,2.8043954,1.097098,1.1527675,0.9903557,2.7723837,0.27885664,0.053110603,1.1527909,0.025193142,1.5822352,0.21059395,0.114393555,1.2892992,0.0018919603,0.13523005,0.7894231,0.16604894,0.20679489,0.0,0.37839088,0.26662278,0.07192933,0.64726895,0.1585213,1.2392187,0.34360752,1.3230596,0.063107274,2.3509502,0.6978691,1.6968869,1.4644974,0.14620776,0.11023274,0.023377817,0.58708817,0.3721639,0.9953571,0.004746605,0.14475414,0.019294688,0.3917504,0.11494028,0.0,0.9978317,1.0225639,3.1092198,0.35621595,2.0699973,0.5636341,2.442596,0.22111756,0.8340371,0.17138237,1.7714666,0.21833867,0.5192908,0.26880667,0.9215783,0.33864263,0.016688246,0.658669,1.066906,3.3777568,2.5446246,0.93597925,2.0539947,0.49872512,1.1260912,1.2533513,1.9243429,0.12030192,0.41493076,0.73996174,0.5686514,0.66175264,1.1673563,0.34839272,0.46395755,1.8021657,0.67482686,3.0312138,0.6648754,0.94056267,0.94233024,0.85753757,1.2904551,0.041889288,1.15112,3.0484588,0.3057526,0.50158036,0.6303632,1.5454223,1.4295533,0.48051858,0.2178083,2.7030044,0.44895196,0.996768,0.30406073,2.4334543,0.66300046,0.55720925,1.3258858,1.1459197e-05,0.06692581,0.46650752,0.47919938,0.39057568,2.6878102,0.09648351,0.0,2.363216,0.391694,1.6285241,0.2887076,1.6899912,0.48776275,0.4560097,0.8636285,0.6516527,0.21933486,2.1922054,0.12590289,0.0058191027,0.08264313,0.38940078,0.05810943,0.81280065,1.7934012,0.35858712,0.0383107,1.0431235,2.9142487,2.443488,0.8928599,3.2135477,0.3019263,1.1130462,0.11227681,1.0038422,0.07540364,0.39553592,4.697463,3.0748072,1.4423565,0.42073938,0.001931575,0.027156385,0.0773657,0.44124755,0.43429083,0.41494656,3.43431,0.8126673,1.4410859,1.2586143,2.8475037,0.50016856,0.04614123,0.06977153,0.28800434,0.9071717,1.0945889,1.1435639,0.34158176,1.0377281,1.5881318,0.26765808,0.8162787,4.855261,0.14561078,0.5811584,1.7440768,0.6376891,1.6467122,0.64908814,0.8158692,0.050492495,0.16468748,0.08681994,0.17000403,2.707367,1.7692382,0.26179668,0.3345827,0.683045,0.7287174,1.2348772,0.08849401,1.394345,0.31332174,0.22272243,0.6699665,0.050135262,5.05872,0.6484249,1.0748216,1.9854655,1.261945,1.2722101,1.3704323,0.060547754,0.944607,0.0043718866,0.48632222,0.80748504,0.0,0.55982614,0.9431077,0.73648536,0.122685134,2.0186186,0.03497231,0.69791925,0.52113825,0.51546276,1.2711698,0.75769407,0.42116538,2.2313976,0.48306242,0.6040079,0.0,1.5438432,3.8251154,1.0016677,0.02198549,0.5489492,0.0683475,1.2542547,1.9136909,2.382376,0.3487554,1.6266587,1.1013204,0.2639881,0.40435168,0.41994017,0.5367379,0.10121289,0.3690158,2.7009673,2.8659158,0.6426839,0.36627707,0.80318075,0.26835078,0.22157128,1.0753028,0.8223893,2.092967,0.3463586,0.027677435,0.056480568,0.12175478,0.7633336,0.9125609,0.06839868,2.093992,0.43381375,0.6457366,1.4878812,0.6178704,3.20791,0.83457017,0.50750846,1.1581019,1.5687643,1.8188823,0.60169065,0.35638434,0.11193342,0.4551597,0.03226714,0.5544088,0.8063675,3.3444767,0.027280174,0.41337934,0.076190844,0.33330768,0.20269535,0.03736575,0.10607854,0.7068746,1.304735,1.721841,1.0150889,1.7322434,0.093605295,2.3637383,0.44848555,2.2243707,0.9026927,0.287118,1.4053936,3.1749291,2.2467358,1.7809951,0.7190297,1.1906718,0.18609163,1.5283256,2.8621147,0.79045844,0.21973158,1.4348218,2.251879,0.1279634,0.099455036,0.59796304,0.049191833,0.6104515,2.2988582,0.9204234,0.1557009,0.7601108,0.9375084,0.703367,0.28329054,1.4645966,0.40596023,3.486062,1.2790368,1.4692084,0.021024564,1.3044583,0.42536357,0.20326687,0.2569293,2.236965,0.8862951,0.54089564,1.0417876,0.54319054,0.67177325,0.0,2.0002613,0.9991034,0.4598146,0.35313904,0.1878417,0.24376102,0.13024686,0.196248,0.4519995,1.2521917,3.429002,0.0,0.8352583,0.68169415,0.89358205,0.74378437,0.08899016,0.8334344,0.8449006,0.27913803,0.20170933,0.30058947,0.63149655,0.658603,0.05452506,0.5979487,0.4642308,1.4854136,1.4901767,3.8192754,0.042832404,0.40444824,0.90956444,1.3806871,0.4033697,0.23039272,0.087618575,0.65835744,0.8317419,0.13216528,0.43774483,0.0007497401,0.017132007,0.45043185,0.49161962,1.1567054,0.81966746,2.1348155,0.024965381,0.49706793,1.5293292,0.0909463,0.030997628,0.58586186,1.689095,2.9765391,0.42295697,1.9316462,0.06556603,0.7455315,0.017078394,0.08069792,0.055386357,0.32233158,0.25672582,0.3017309,0.24174821,0.6219061,8.454346,1.2277256,1.8014383,0.18700448,0.7989642,0.08644754,1.8198469,0.054549813,0.09803419,0.10492119,1.1893495,0.7455147,2.3987527,all_pothole_images\pothole_images_new_image_476.jpg
0.056479774,0.31836075,0.060543265,0.83868825,0.020386536,0.6840713,0.7708396,0.050674807,1.7196733,0.2685134,0.13852102,0.0,0.02740869,1.017064,0.0050597885,0.07358129,0.33717805,0.12951952,3.0120027,0.16823812,0.71554947,1.5049645,0.6429962,0.30296355,0.06293885,0.0,0.01210129,1.4803336,0.042449575,0.023961635,0.052656893,0.12480409,0.026344955,0.6444322,0.4036592,1.7271738,0.21648556,0.07366952,0.4581826,0.0,0.112106815,0.009437029,0.007727474,0.21529073,0.42409497,0.5686418,0.41706112,0.026488392,0.0,2.4035904,0.69960713,0.4650512,0.07468748,0.58351773,1.169157,2.288025,0.6337008,1.161116,0.0,0.17685236,0.07137508,0.008601088,0.051269565,0.044073362,0.6517444,1.1117778,0.81555426,0.15717071,0.17781805,0.24859591,0.042930894,0.07759272,0.10834955,0.25105518,0.5237703,0.78185564,0.0512583,0.8262726,0.07698321,0.18501122,0.0016151557,0.23371893,0.36861244,0.95779705,0.29370955,0.077831686,0.049635466,0.14759491,0.43472764,1.0330476,0.9200931,0.37557665,0.21181546,0.11598429,0.44817662,0.0,0.35896644,1.6122317,0.0033892775,0.25510553,0.20068991,0.90746933,0.024830079,0.0,1.9272847,0.33106917,0.28427583,0.1431298,0.042410947,0.6871176,0.085848846,0.92869616,0.5239159,0.56813186,0.44574982,0.026457652,0.56201655,0.8655769,3.0723352,0.87989575,2.078805,0.5593999,0.1013654,0.28777093,0.08459202,1.1693925,0.079302,0.37747782,0.4715241,0.09131822,0.2468522,0.104459874,0.004371329,0.5816893,0.13329181,0.16552271,0.004563936,0.12441977,0.0073398175,0.0,0.058033824,0.034705445,0.009105543,0.2563975,0.01466661,0.37765357,0.033946253,0.07494973,0.21151367,0.07256244,0.0,0.24304241,0.09020218,0.102476,1.2737465,0.91062814,0.7681773,0.87755305,0.88202983,2.616546,1.0797564,0.37262332,0.03135817,1.0110167,0.021944547,0.117684305,0.39871967,0.019406127,2.1662612,1.814762,0.011246925,0.0007078958,0.001331769,0.13732834,0.55110633,0.007934997,0.1257949,0.0,0.039419226,0.08290179,0.01489384,2.6043818,0.39071125,1.2233917,1.2422731,1.2791748,0.37123877,0.1723877,0.37430778,0.22759603,0.12086294,0.23043035,0.15371896,0.20878817,0.43005604,0.2692612,0.5103542,0.022178141,0.35218418,0.71412873,0.13457355,0.10444421,0.75721204,0.036425404,1.3598027,0.18207261,0.7640809,0.24132642,0.7123274,1.1116772,0.027423536,0.2753645,0.13824491,0.45945072,1.2201393,1.1578717,0.002626323,0.19850528,0.47396857,1.0921351,0.0,1.2904192,1.1442685,0.19192187,0.01886328,0.047039565,0.3832181,0.0,3.871605,0.0,0.0,0.047585618,0.24278434,0.17443994,0.30721134,0.2159191,0.6158427,0.0,0.003306084,0.16199678,0.06361283,0.40033698,0.056739397,0.0,0.57444,0.0,0.28988913,0.019597786,0.06327939,3.9070265,1.9080106,0.41826582,0.7084587,0.23177049,0.44247466,0.0807265,0.048142705,0.11773044,0.30164838,0.5850424,0.0,0.13586192,0.28136703,0.310507,0.04725369,0.25411722,0.99705946,0.29754287,0.2892269,1.1140869,0.009262508,0.1770861,0.6943762,0.2098318,0.41087583,0.20923054,0.15183267,0.7501577,0.09638692,0.0918117,0.27535614,0.50484145,0.5750123,0.0,0.025945695,0.09997824,0.041165423,0.12697887,0.080252424,0.37724653,0.009147618,0.16447912,0.0,0.44047982,0.16893189,0.25234702,0.0037928831,1.2855734,0.09892725,2.5642579,1.9409211,0.11153691,0.33794647,0.2604101,2.6118712,0.083907485,0.29676875,0.10294066,0.5737664,0.10979628,0.89127976,0.40020168,0.8011852,3.9077425,0.19439821,0.6896379,0.00815905,1.1693938,4.0809064,0.35074505,0.06444108,0.037324164,1.020803,0.6052742,0.20935336,0.059994925,0.24020182,0.0,0.023949,0.11171272,0.98406404,0.43901688,0.30312136,0.08973177,0.0536155,0.3403267,1.4977399,0.45085058,0.3442512,0.8426094,0.14957936,0.21984209,4.0437436,1.5197068,1.4989183,0.56234527,0.02425667,0.14427502,0.13355632,1.044634,0.0,0.0402346,0.025151141,0.22343238,0.03604329,0.092539,0.39198762,1.2369709,2.0234973,0.84288496,0.5107857,0.30710766,1.2790346,0.18636851,0.44156584,0.14816801,0.30723467,0.024201436,0.025314657,0.0,1.0466256,0.0124399755,0.85246664,0.11658405,0.69112015,0.020887496,0.29557335,0.028216347,3.1444764,0.36901745,0.24163246,0.0849104,0.1877301,0.6164084,0.9014525,0.6856571,0.23800284,0.006239851,0.9426623,0.51592225,0.08428784,0.25196418,0.27780077,0.59965616,0.038562637,0.052049465,0.5641344,0.4071947,1.7082326,0.8403255,2.80464,0.9018103,0.50269735,0.014619633,0.121238686,0.0,0.14672096,0.13954896,0.46290338,0.10758731,0.5896635,0.6972033,0.26419383,0.068241335,0.081158414,0.70662594,0.6407571,0.18273135,0.115751244,0.0,0.57505107,0.1216282,0.04189441,0.35560176,1.3723253,0.4641702,0.1391386,0.2035675,0.49353853,0.7581094,0.8705202,0.67713434,1.2020948,0.3986494,0.4282102,2.2659173,1.1969036,0.13969262,0.5159417,0.6918747,0.6221189,0.0,0.07929453,0.41034138,0.9930222,0.062920235,0.423547,0.048197273,0.026791489,1.3972627,1.7899323,0.14979476,0.7171799,0.173757,0.29287636,1.1383731,0.0,0.015008341,0.0,2.0337484,0.9395351,0.25066623,1.5830406,0.03500788,0.54631424,0.0,0.36473036,0.0,1.3849441,0.14062999,1.0691092,0.25636408,0.026771778,0.02845659,1.4727082,0.049375255,0.0022232241,1.5081154,0.077855885,0.32971537,0.4404278,1.8855858,0.3368283,0.0044897427,0.46403217,0.00651056,0.027587993,0.09511746,1.9294734,0.047542054,0.113937825,0.82683206,0.116275996,0.15853494,0.019001296,0.0,0.008180855,0.030042896,0.52692205,0.19243047,0.56531227,3.3769555,1.5084652,0.5830204,0.11784116,2.763909,0.55208766,0.40358734,0.26781076,0.12802793,0.05056708,0.18974866,all_pothole_images\pothole_images_new_image_477.jpg
0.95777094,2.3491075,0.5174182,0.34065467,0.4611157,0.14697665,0.39209995,0.4373875,0.40033484,0.96169436,0.8193437,0.03273176,0.4148368,0.40418717,0.61831623,1.2587652,0.19056968,0.13648003,0.5369382,0.5018755,0.65962225,0.9045531,1.4250076,3.2320418,0.052553833,0.16357632,0.23818304,0.3364688,0.13566141,0.827424,1.1309595,0.6291388,0.17732717,0.5342984,0.85665333,0.34879702,1.4229707,0.82738227,0.600088,1.1427094,0.37582335,0.6345163,0.24683647,0.0071867835,1.1756886,0.034416173,0.6567918,0.853565,0.6767611,0.1480031,2.0790994,0.53839755,1.0039597,0.420386,0.23319419,0.046668418,0.07486976,0.039284863,0.46006075,0.19218628,0.18057562,0.45384714,0.38627473,0.0,0.69903547,0.018620817,2.1698925,0.31576914,1.3168117,0.006079003,0.6369761,0.37493682,0.76315737,0.018564666,0.43047807,1.8942958,1.3242525,0.40624014,0.39028314,0.88493115,0.5160705,0.3200654,0.22218701,0.08391791,1.4899073,0.36868533,0.16190043,0.1372699,4.230485,0.6694926,0.78703904,0.5444346,0.50059783,0.5512066,0.837995,0.3532757,1.2117949,2.1639705,0.37994283,0.6046235,0.7327657,0.39994672,0.21828538,0.37684312,1.3314724,0.56494474,0.14634085,0.0074983994,0.3092481,2.085668,0.41132298,1.6656388,0.32019663,1.9903061,1.0411892,0.7265303,0.93803406,0.24702093,0.49067894,0.32274672,0.03658931,2.6416547,0.7580288,1.8261989,0.35805294,0.64384365,0.17461483,0.82865715,0.1420827,0.9475451,0.41443548,0.97659737,0.50459576,0.15980932,0.012450351,0.41330457,0.04321458,0.16039139,0.5825636,0.31414926,0.85451275,0.5979978,0.40864366,1.7099459,0.103251845,0.15781787,0.5599587,1.0373662,0.4612698,2.882984,0.38283998,1.4384594,1.2644277,0.33963388,1.4698595,0.95119864,1.5575241,2.3476129,0.41157874,0.0030872845,1.0307598,0.35933825,0.3594188,0.8328374,0.20347007,1.7600194,0.8880758,0.078175694,0.72729415,0.22664109,0.107195415,0.3411389,1.4794631,0.251479,0.4123411,0.3928203,0.21442841,0.1159023,1.0310308,0.61164707,0.66121984,0.03984912,0.94301176,0.73938936,2.1592062,0.22466578,0.20641655,0.2843937,0.42992765,0.8552101,0.8332873,0.26271668,1.3278157,0.62227017,0.86993563,0.30819988,0.32727003,1.4936122,0.79181033,1.7141497,0.16828552,2.8504705,0.13852179,0.1889333,0.31174523,1.8066419,1.1478313,0.084371604,0.19366904,0.7563204,0.5677608,1.1431514,0.8282356,0.6244991,0.30886674,0.7679963,1.9224586,0.3345908,0.9589146,0.061497126,0.70382893,0.007853009,0.8584191,0.5543203,1.0129932,0.9631506,2.5243907,0.036996447,0.23766924,0.16198468,0.4179712,0.902227,0.15275484,0.35628408,0.06532743,0.24043421,0.36809793,0.41094378,0.1469385,0.23980704,0.9081058,0.11823543,0.5300926,0.5867269,0.00598947,0.7237642,0.76220155,0.06174319,0.23446296,1.3502723,0.15701419,0.82154626,0.3680442,0.007565749,2.7971652,0.5794813,0.6687555,0.6929698,0.69440025,0.2908856,1.2356868,0.719218,0.39560777,0.3351714,0.27449384,1.4165816,0.39172688,0.7035702,3.3438783,0.22119926,0.80122423,0.22954072,0.45005968,1.6031226,0.2729835,1.3060297,0.29969436,0.16401549,0.32377088,0.44788063,0.07056161,0.068789616,1.0381535,0.68708426,1.9992946,0.053436182,0.4600411,1.0240821,0.35325003,0.37337086,0.21250989,1.5603384,0.55326617,0.5617195,0.12566324,1.0893955,1.9901332,0.22224256,2.2509797,0.13822405,0.35359386,0.6233623,0.8782813,1.247646,0.8170561,0.65494204,0.05885786,1.3528657,0.28035367,0.11536509,0.9203415,0.5693924,6.2297225,0.44742617,0.022346806,1.3614211,0.51268995,0.37006974,0.62538564,0.4248247,0.80881625,1.2494512,0.15629278,0.95116377,0.5057742,0.7155083,0.81648004,0.50563014,1.1676617,0.16709466,4.341858,0.590562,0.00062950474,0.63202286,0.5947307,0.2909072,0.881997,0.059237294,0.26061913,0.38857782,1.1245676,1.2323287,0.82242566,0.011008543,0.96851677,0.29913667,1.1782777,0.25142434,0.38091737,1.2084202,0.44136688,1.9717298,0.517539,0.017200196,0.2231787,0.16426718,1.1471999,0.6100813,0.0699975,0.5738854,0.8047361,0.55545,0.47534263,0.40039474,0.04899235,0.6968105,1.2509298,1.0764773,1.010203,0.08150703,1.3461524,2.0658631,0.86101514,1.3033117,0.6571552,0.18813205,0.77716994,1.27107,0.009195421,0.77381927,0.64816815,0.13066028,1.415418,1.1889404,2.07847,0.14005314,1.1211082,0.38839728,0.9719582,1.3350357,0.17262472,2.299457,0.83552295,0.02085422,0.87825423,0.54945576,0.018181032,1.6204133,0.7024786,0.6541749,0.3562416,0.9877865,0.4169169,1.1061344,1.663425,0.5558756,0.36515352,0.86989933,0.67626977,2.6701496,1.03324,0.24360111,0.28254414,0.76180357,0.15969452,0.3007464,0.0765422,1.2907635,0.42952988,1.5405998,0.02416828,1.8343121,1.4153214,0.56768125,0.37563735,0.11331167,0.9443193,2.816029,0.16889495,1.0907481,0.404463,0.4315508,0.89606404,0.6490058,1.4047502,1.46102,0.99503934,0.45456442,0.067616045,0.15046419,0.720687,0.20940165,0.043911252,0.06536022,0.046299573,0.12713888,1.9081358,1.018737,2.1769505,0.92453593,0.32148132,1.6805911,2.0053558,1.0391968,0.07916687,0.29371572,3.5931687,1.1096833,0.84346145,0.593908,0.3677531,0.04153878,1.2692771,0.9154302,0.05339852,1.3955837,0.0981611,0.2158393,1.5672305,1.2295456,2.21054,0.07158888,0.51023895,0.6035731,0.97462195,1.7196082,0.0,0.18894343,0.30425325,1.718096,0.58612216,0.7831854,0.11405951,1.1717104,0.17725128,0.8746145,2.505788,0.74599344,0.32270035,0.6578006,0.03836236,1.132017,0.11905868,0.24078809,0.1336426,0.1648227,0.9223797,0.49824545,0.36873806,0.15103531,0.46214682,1.3439285,0.37444755,2.9214296,0.065826334,0.11052181,0.26583475,2.3531857,0.9036471,0.16918999,0.047178227,0.29124594,all_pothole_images\pothole_images_new_image_478.jpg
0.44901702,2.0561674,0.17014115,1.305484,0.73779017,0.50884587,0.5349667,0.052514937,1.5259353,0.32663566,1.8207633,1.1546819,0.8029956,1.8200017,0.3143179,0.5546397,1.8335978,0.0010401959,1.075903,0.19233103,0.039573334,0.9077479,1.8141567,3.23949,0.64069235,0.18843354,0.3358285,0.9188266,0.15943307,1.188723,0.72218424,0.3084419,0.6563024,0.0319615,0.8419946,0.3802339,0.19317743,1.5481791,1.5741355,0.546625,0.2914111,0.24037503,0.21223763,1.3226852,2.0523186,0.14051239,0.8913574,0.21932617,1.3730812,0.46887437,0.9564377,0.3038055,1.211737,1.6130931,1.5978589,2.295375,2.9328637,0.15924647,0.53634834,0.2279576,0.59919834,0.6590333,3.7393198,0.4617907,0.10127598,0.70510715,1.8412671,0.89270747,2.873525,1.2512169,1.4868497,0.87096155,0.6227187,0.1804888,1.2849674,0.18072817,0.4867535,0.74621123,0.26121742,0.26233783,0.0456998,0.7647082,0.6428237,1.361467,1.7731893,0.0012804866,0.4890511,0.2041464,4.843223,1.6957927,0.16247755,1.2537572,1.2965517,1.7442695,1.0013573,0.9983528,0.63382393,0.94398177,0.69292736,0.9049409,0.09070938,2.8521235,0.8670495,0.22828275,1.4798005,1.2132815,1.9171073,0.036639094,1.0172796,0.339283,1.9361451,1.4052944,1.7200252,0.84569055,1.0248207,1.2395442,1.4888023,0.31400537,0.920867,0.68287975,1.2838185,1.172903,0.26824543,1.3701876,1.3138728,2.7335255,0.5220006,1.2194923,0.49373963,0.38533276,0.97587997,0.017114738,3.5010154,0.30033925,0.15600117,0.11125803,0.7217242,0.9555932,1.9974495,0.36319992,1.4112287,0.05917407,0.3324983,0.7600202,0.27692616,1.9301639,1.8076102,0.08471553,2.1506257,1.2930515,0.13747379,3.1781285,0.31397948,0.0,0.17866835,0.3132311,1.1479642,1.4876776,0.38921744,0.77349246,1.9048624,0.7434759,1.1724185,1.92721,2.4303186,0.023249686,1.7243296,0.45060354,0.32010537,0.6732287,0.2905644,0.2364198,0.94692194,0.97230667,0.9802817,0.048903216,0.47177753,0.20059441,0.007828807,0.13182795,1.2757038,2.6073887,1.6872528,0.2882396,2.0924182,1.4417553,0.81052023,0.61830884,0.33467662,1.3530868,0.34931207,2.8232908,1.7289141,3.523796,0.04958404,0.92299193,0.8890503,0.15990481,0.16677961,2.2006638,0.86424136,0.82869446,0.7696008,0.3574141,1.4144473,1.3151362,0.5155747,0.22294272,0.2654128,0.30177173,1.1187637,1.481828,0.47003835,0.1576336,1.0393703,0.28068337,0.0813373,0.2989935,0.7322473,0.046413634,0.28356913,0.013710016,0.09137984,0.28357956,0.04027426,1.0350161,1.9686515,1.6094201,2.057746,0.65865606,0.022687867,0.0,1.7706518,0.25307247,0.07829823,1.1035473,1.1904219,0.04122127,0.3384575,0.87659407,0.9010053,0.26165387,0.02000347,0.25056016,0.6081173,0.1795676,0.45866844,0.0,0.72982115,2.4903402,0.8620591,0.73867375,0.6074147,0.40064323,0.15827557,0.5365182,0.5589366,0.8212673,0.75371206,0.6294308,0.5293881,1.4125795,0.36531782,1.2787796,0.6481529,1.3722931,0.22532694,1.1530436,1.4725969,0.23306647,0.116052665,0.07344077,1.3968732,1.1149546,0.81506115,1.8605753,2.1339927,0.5487799,0.12438543,0.47125605,0.40185702,1.1377723,0.4152522,2.2187958,1.7948889,0.4890442,0.8937549,0.19079325,2.794177,0.50557137,0.082733385,0.11067019,0.20848846,3.818696,2.3049052,0.7292227,0.7783298,0.18097924,0.3406374,0.44942138,0.11213531,0.65748465,0.2753441,0.76780105,5.609183,1.6466136,0.08551756,1.0184824,1.107559,1.5348159,0.3587769,1.3669113,4.2555757,1.6317668,0.5472315,0.29501334,0.7619734,0.7936794,1.3282433,0.34352046,0.3223252,1.077154,0.07092472,0.17049496,0.81769973,1.1834096,0.48361462,0.65060943,0.96218526,1.5624728,2.0322666,0.48187757,0.40327495,0.067674175,0.34671852,0.4317484,0.38772637,0.6552226,1.0940533,0.15230353,0.8872084,0.92739695,0.6721937,0.016502764,2.3904238,0.11317194,0.3145209,0.04901734,0.11176308,1.3932757,0.2117519,1.2718697,0.115517795,1.431606,0.7378185,0.050000295,0.36023697,2.1976235,0.7133675,0.15071395,0.18201318,1.4802358,0.59993297,1.1638871,0.0020676465,0.46521953,0.55518335,0.69269013,0.18017247,0.6805622,2.5074606,0.30701,0.22796643,1.0335501,2.1280766,3.2823706,0.15988791,0.37727177,0.044675242,2.3974533,0.21313165,0.85755795,0.22083563,1.9809496,3.586181,0.22510557,2.1490004,1.6392361,1.867587,2.183805,2.490988,0.09410156,0.19465154,0.1293427,0.73532075,1.1582215,1.0533758,1.1699647,0.87376106,0.31550133,1.100255,2.624247,0.030644266,0.4357521,0.058984358,0.0035077834,0.37317368,1.6325971,0.39263764,2.1625705,0.10440219,0.39654952,0.25568396,0.3865302,0.24141753,1.1672875,2.403727,0.9641404,0.7939543,0.42845985,0.37684986,0.9967911,1.4586319,0.80609006,1.2844057,0.17179912,0.6509766,1.6963949,0.14195877,1.106367,2.2003284,0.3336971,0.14523871,0.2580977,0.6183511,2.4139197,0.16380857,0.0,0.39588118,0.81445515,1.2299508,1.1556196,0.2690978,0.21793877,0.25881428,0.41960704,2.4027886,0.86642814,2.0258555,3.0942667,0.38889465,1.2567436,1.0283433,0.62560123,0.77542114,0.083911605,1.4449201,0.27760005,0.3717958,0.4890309,2.510768,0.020375842,1.659716,0.64034724,0.7483452,0.45594636,0.6511336,0.12033448,2.1823113,1.6811372,1.8923597,0.45146444,0.54986644,0.01704556,0.7412416,1.9642832,0.8599226,0.48081043,0.16737883,0.34391668,0.03958615,3.9710157,0.7026761,0.6445724,0.19462076,0.025537506,0.8894393,0.64614946,0.03738318,0.18498446,0.9302516,1.6377851,0.17350285,0.37884146,0.04737562,0.63507295,0.9265249,0.0,0.3543451,0.70728797,0.3519962,1.3791423,0.43116054,0.12718658,2.4970453,0.4480486,0.043512043,2.992083,1.3619238,0.3505276,1.1612623,0.31148803,all_pothole_images\pothole_images_new_image_479.jpg
1.1053753,1.5092993,1.0452694,2.3102212,0.17806396,1.285498,0.053951584,0.052971043,0.016634887,0.58558637,0.10542944,0.20912485,0.7855461,1.2525022,0.0025027704,0.086524025,0.6632193,0.47019774,0.35043722,0.83910245,1.091033,2.4262557,0.119049616,0.8735251,1.2891177,0.31053185,0.17799136,2.1339788,0.12039488,1.984397,2.168912,0.20747858,0.19128954,0.21219705,0.45367178,0.28847983,0.50713587,0.88515764,0.5446137,0.11804722,0.0,0.015220337,0.8060966,0.88158697,1.0519313,0.21326475,0.02903673,0.36697748,0.104898624,0.2570145,0.70831794,0.30561498,3.3262284,0.30816254,0.0415328,1.1272321,1.6959335,0.57684016,0.53443646,0.015653878,0.045844924,0.5702949,1.2934572,0.7755329,0.16505079,0.7331485,0.31316182,0.0010872346,2.240243,0.1461203,1.535509,1.2253385,1.7966073,0.3147944,1.4791054,0.37932464,0.03779006,1.4992204,0.14577149,0.024779957,0.05804909,1.0076101,0.017438335,2.0006018,1.4986186,0.5569115,0.0616413,0.18110558,3.4497106,0.8940511,0.5251759,0.0,0.14246234,0.446691,0.29974526,0.0,0.77259636,0.07241872,0.28339106,0.17316362,0.11142805,1.0202168,0.37400943,0.0,0.9872697,0.0017134913,0.22031577,0.09780324,0.3063882,0.19238093,1.3049471,0.7494203,3.530415,0.10827624,0.38640687,0.9325524,1.0160404,0.12805827,0.18065394,0.18146028,0.5688691,1.3652282,0.90701586,0.25457466,0.6138516,1.393785,0.50513005,0.25257632,3.6579957,0.54743296,0.19718055,0.0,0.28331724,0.0,0.40973175,1.2729723,0.5806296,1.3707165,0.7676758,0.08966275,0.5818428,3.8704917,0.0066423803,0.70848244,0.21995787,1.0591706,0.0,1.2487288,0.42986915,1.0915893,0.4650583,0.4030525,0.28625497,0.032061152,0.90892994,0.1883636,0.207748,0.103519425,0.14432862,0.3692405,1.3914685,0.7059299,0.07304698,1.3164918,0.49815822,0.08515348,1.9894602,0.01492727,3.2318432,0.5800147,0.025393212,0.013362366,0.23275924,0.344265,0.6983348,0.32205573,1.1679133,0.008000502,0.30823413,0.13216336,0.6490397,0.66744155,1.9983938,1.3603914,2.9854288,0.19115625,0.08538461,0.35352135,0.41638112,0.14810155,0.268017,3.012286,0.023741301,2.7312298,0.04891406,0.18486649,0.24542685,0.37845385,0.9598216,0.9015415,0.453431,0.62329847,0.26750734,0.9813109,0.53294814,0.49018902,0.4419044,0.61266476,1.079764,0.23009288,0.017744133,0.0,1.352451,0.7190802,0.46514198,1.8872335,0.5834767,1.0693828,0.21478744,0.2781076,0.46201897,0.049020495,0.028495995,1.0311993,0.0,0.007272212,1.3208294,0.22008349,0.77928877,0.22597265,0.0,0.14681442,0.97227985,1.5011917,1.3559992,0.21014392,2.060837,0.0015211315,0.18633845,0.6902537,0.2580816,0.33050832,1.0874072,0.8454888,0.056211,0.03742113,1.9955145,0.21075556,0.26666066,4.163438,0.48993173,0.0,0.1512416,0.05693402,0.24138667,0.049169526,1.7515713,0.4157176,0.3540648,2.8258762,0.0070407214,1.5762217,0.9743864,0.0010882879,0.03132237,1.2042636,0.38442904,0.5763373,3.0026357,0.78779626,0.70546144,0.00547524,1.5937928,1.5229353,1.0799987,0.30346775,0.93293685,0.6629707,0.51487315,0.96695775,0.8153488,0.046324465,0.06584314,1.2087932,0.7315865,0.28879133,0.14441176,1.0960329,1.6583798,0.2041646,0.3347879,0.255499,0.34644273,0.97640115,0.75115407,0.5848898,0.11851723,0.24888998,0.5630133,0.91350234,0.20828389,0.05239345,0.05813979,0.0100193545,7.3246884,0.6358267,0.067119226,0.4331753,1.711165,0.05153905,0.08507726,1.2897799,3.3610291,0.35840982,0.23007694,0.7166308,0.19002654,3.540718,0.515212,0.44026494,0.0,0.44412905,0.39661407,0.4131044,0.31402713,0.90340906,1.7679567,0.005260429,0.09866355,0.03506178,5.4262776,0.111504145,0.6302832,0.06981848,2.0463526,0.35336602,2.2648664,0.6629151,0.48245272,0.10659479,0.7022151,1.8060697,1.5261286,0.5153142,1.1141133,0.69997257,0.5036591,0.11110136,1.2821904,0.2744572,0.07792299,1.2592471,1.0449196,0.52690685,0.06797638,0.0,0.094742656,1.1168431,0.2999806,0.9946951,0.0027316604,0.16966298,0.13891919,1.0412371,0.0062555177,0.25911516,1.3029386,1.0914251,0.059201997,1.0793278,0.50914794,0.42465937,0.23016581,0.0,0.85334116,0.36777756,1.0660028,0.0203955,2.483929,0.20082171,0.8182481,0.14492849,0.3815612,0.21782757,5.144517,1.5319285,0.7393711,0.46273702,0.15314502,1.4805875,0.09611332,2.1033795,0.5443644,0.54125476,0.0,0.8161167,0.09951342,0.14252931,0.09870323,0.035869997,0.1537658,1.1993256,0.7254433,0.5687521,0.48026332,0.9361281,0.38537863,0.182897,0.8727831,0.49376762,0.39814788,0.27780202,0.72744274,0.2907881,0.21437374,0.8121161,0.5261251,0.98407876,0.43228385,0.0,1.6272732,0.0,0.7634118,0.3144589,1.1015197,1.3467216,2.0322568,1.3761375,1.1247398,1.3376638,0.08060369,0.22651596,0.026175546,0.0017629067,0.11267191,4.60868,0.4551148,1.4434179,1.1116173,1.5667084,0.6906088,0.4447627,0.18606094,0.31184518,0.3001876,0.21912017,0.43946612,0.71074706,0.14345282,0.0703057,1.0541513,0.07147009,1.429352,0.42249107,1.5429755,1.0078855,0.43799338,0.6776259,0.36997122,0.5636779,0.8770228,0.07118489,0.52624834,0.03421715,0.9549347,0.8334232,0.003280629,0.008551097,0.8417431,0.88548744,0.8587248,0.0664393,0.88465536,0.30276462,0.44151554,0.0,0.3057026,0.6761376,0.31081596,1.7779675,0.08135598,2.0390582,2.0365124,0.30360228,0.27955785,0.0938643,0.75540143,0.0033522039,0.6972567,0.0,0.2108356,0.7397495,0.04510061,0.25862342,0.013390438,0.17877321,1.0498924,0.062104415,0.17490579,0.012549616,0.062881306,6.1445866,0.5883831,0.22340387,0.46503043,0.9962326,0.86492574,0.34208646,0.18006462,1.8249401,0.67405534,0.76327795,all_pothole_images\pothole_images_new_image_48.jpg
1.3763216,1.5439836,0.871193,0.53925574,0.4932619,1.5170234,1.4212011,0.2875443,1.2661963,0.15799429,0.17782639,0.9933309,1.0039644,1.0867097,0.55126554,0.08803102,0.27956098,0.050841823,0.24326935,0.03702868,0.32124785,1.5200963,0.53822005,0.3425439,1.4942416,0.70493853,1.4217339,1.2556359,0.43932304,0.51686007,0.3123979,0.63733476,2.2162988,0.13222049,0.2742138,0.3474014,1.1086689,0.7318538,0.7976995,1.234712,0.15387274,0.6430499,0.2549046,0.34651214,1.0199215,0.2711413,0.39866084,0.14953233,0.9103884,0.55480725,0.461467,0.3069519,0.39539653,0.30190548,0.05687064,0.26011887,1.157253,0.0,0.53786415,0.17000932,0.57436126,0.041051984,2.0069387,0.98393035,0.12386275,1.0772725,0.32034716,0.13691056,0.586836,0.053785883,0.07796511,1.5826672,0.04978647,0.8562299,0.01991485,1.362055,0.782374,0.31830856,0.01241698,0.488692,1.0736072,0.027999178,0.37368104,0.92404866,0.8061517,0.21316782,0.66297984,0.22965994,1.802115,0.9538267,0.48762715,0.08177473,0.5714402,1.3123546,0.319171,0.10801243,0.65890837,0.31299904,1.5070608,0.47011238,0.32209483,1.1707982,0.00040691483,0.34563267,0.12578502,0.1379942,0.42716038,1.5499786,0.84198105,0.8287997,0.5290439,2.4737272,0.9028421,0.119440146,0.77708167,2.19014,1.6309654,0.438945,0.09266542,1.2651497,1.0683353,0.025823468,2.9535573,0.6402118,0.102713026,0.7469422,0.22586693,0.7933113,1.3915006,0.14739056,0.81777316,0.9811117,0.282317,1.3161235,0.27763325,0.46180102,0.73699975,1.2180064,2.144627,0.26782823,1.476298,0.1986676,0.0,1.6516091,2.4564676,1.0977116,0.45598245,0.3574157,0.024319354,0.7707652,0.23228419,0.70044893,0.26658013,0.4786405,0.36562258,0.6636402,0.11071127,0.61784756,0.883814,0.87099177,0.43682382,0.68826574,0.16697706,0.7891881,0.46853054,0.27303258,0.66102505,3.098104,0.5364569,0.14650239,0.98006797,0.6099938,0.7397398,0.67678046,0.524024,0.06467985,2.969501,0.5260686,0.067905165,1.6290357,0.03877717,2.3627663,2.8390813,0.17716746,2.8012202,0.23999387,1.2316438,0.80817574,0.25827554,0.43790334,1.4574007,0.04355218,0.56575686,2.6576943,0.5184665,0.66495,0.28945524,0.15824261,0.60771483,0.2305113,1.0037718,0.5065134,1.3327918,1.0390762,0.5522115,0.73336184,0.4955279,0.84844947,0.41808072,0.0,0.9754752,1.2921393,1.6860347,1.7540497,0.52689666,0.3178095,0.38152874,0.121693015,1.281583,0.22299609,1.3145683,0.08028113,0.38942593,0.2857437,0.1759777,1.0117122,0.52127874,0.21663636,1.1286048,0.3912791,0.9433315,2.4372954,0.016000293,0.76372296,0.46797097,0.75181276,1.7188225,0.93563104,0.6804625,0.4124053,1.0363321,0.06964358,0.23154852,0.06650036,0.44196224,0.1119267,0.24944451,0.16159289,0.7324309,2.6296644,2.0890043,0.20730433,0.4945502,0.30362076,0.23020409,0.8559897,1.5207021,0.02563585,0.68995553,1.8234121,0.34517127,2.695694,0.31935963,0.41433278,0.16976614,0.79456997,0.057823937,0.26985776,0.6608798,2.529372,0.8111189,1.1126094,0.00078323175,0.64328736,0.4462685,1.6384695,0.6270815,0.6553942,2.9330778,0.5152888,0.16016372,0.17158039,0.093454145,0.80799735,0.4642234,0.066518314,0.56334305,1.3758521,0.24147804,0.25435457,0.70037115,0.36545613,0.29125792,0.5609795,0.35485294,1.0736752,0.52269036,0.55288893,0.8217169,0.44243786,0.1141764,0.96883315,0.22289996,1.041768,4.646032,0.28872076,0.46840137,0.87470454,0.2346181,0.09446732,0.45282838,0.14807625,2.5202138,0.9715703,0.12454669,0.16652444,0.49997106,0.8692893,0.8178829,1.6422151,0.1201448,0.3575536,0.8400508,0.39983794,0.10136751,0.2490169,2.0773256,2.6083047,0.87345564,1.4629918,4.91828,0.49629593,0.005585178,1.1652832,0.4879172,0.25868732,2.499452,0.58413523,0.53956634,0.28528067,0.37364605,0.4263649,1.6817994,0.24618757,0.31410083,0.081698135,0.5900833,0.7992745,1.1057326,1.3556103,0.54208577,0.5175945,0.44738573,0.5741088,1.6420275,0.13979368,1.7869496,0.1796599,0.19225404,0.27805328,0.13420655,0.009589434,0.308112,0.1074992,0.0,0.39015904,1.3875661,1.9232768,0.07667731,0.12306438,1.7120476,0.0481734,0.66463315,0.5108191,0.7955442,0.25282148,0.49286965,0.8405567,0.27892873,1.4996785,0.16209564,0.33590594,0.21843643,1.1368088,3.080464,0.700127,3.462855,0.2542176,0.39977536,1.0975506,2.7616227,0.18983269,0.076549254,0.3181457,0.45402202,1.3402371,0.3065106,0.73432773,0.009770426,0.178334,3.4466536,0.30781785,0.007989388,0.5231598,0.048776492,0.14437196,1.2675191,0.15950212,0.6563842,0.2787046,0.45071706,0.504844,0.624154,1.6687317,0.5535933,0.5966088,0.50906605,0.8477989,0.21026187,0.0574569,1.3620758,0.11366095,0.9495027,0.5876494,1.8699033,0.5270209,0.6562436,2.5197537,0.99481183,0.040638328,0.3316357,1.4981157,0.1569247,0.14070772,0.1977381,2.7281437,2.0424716,0.3672952,0.045733824,0.54934424,1.1087126,0.37487087,0.099179715,0.4443866,0.9052025,1.1839442,0.9468351,0.69383776,2.2518814,0.055738352,0.5639782,0.8200696,0.08513318,0.57828796,0.40842754,0.52889025,1.5193967,0.9919832,0.9604979,1.003446,1.3640468,1.1656756,0.72052974,0.80402935,0.55037385,0.5416689,0.29918224,0.024482714,1.7686263,1.1987866,0.8542164,0.15149546,1.2140388,0.14073262,0.11283029,0.11180738,0.754079,0.835445,0.27901104,0.9999404,0.14413534,2.6679578,0.07762691,0.439388,0.010102435,0.26293352,0.982459,0.5816969,0.10284523,0.73088664,0.08699223,1.5075918,0.12331848,0.16951945,0.34562123,0.34192008,0.1661725,0.042849883,0.19416994,0.15724213,1.0629252,1.9209071,0.23552662,0.25664875,0.4764517,0.5417176,0.72255594,0.71580815,0.39387733,1.4746411,1.1711617,1.0676167,all_pothole_images\pothole_images_new_image_480.jpg
1.5734078,1.0050236,0.9692851,2.1778502,0.6773344,0.50664914,0.40727094,0.12382686,0.41668692,1.2527921,0.17416173,0.261636,0.4675029,0.37563545,0.0930695,0.5090319,0.030849246,0.2099233,0.0005548475,0.028710328,0.7149532,2.0271409,0.056720637,0.09413192,2.137612,0.59655046,0.0,1.8219972,0.11795828,0.053247903,0.13462922,1.0999441,0.29468268,0.6275304,0.021264508,1.3785832,0.14936109,0.41714516,0.1740063,0.39201483,0.1745451,0.036548905,0.045612022,0.4156311,1.5889336,0.6765213,0.27137494,0.108486235,1.917188,1.4146662,0.0,0.0,0.067889735,0.33604917,0.1276744,1.9157481,1.496574,0.17424837,1.061689,0.16815168,0.20747447,0.008996462,0.08398202,0.53663045,0.64953154,2.4982762,0.59448254,0.22792768,1.0341111,0.20571108,0.45071965,0.24167788,0.70611125,0.08398637,0.43857586,0.42473894,0.012263132,0.55282605,0.08356472,0.0,0.0,0.07780985,0.7388428,0.3531075,0.63291025,0.3631005,0.69088733,0.5286055,1.736814,0.9124843,0.0455756,0.49761403,0.065757446,0.38469875,0.5510111,0.0,0.666935,1.059274,0.37915286,0.27670896,0.008489584,1.5821729,1.1615376,0.0,0.07684874,0.080701254,0.3341431,0.73411894,0.16840734,0.3770361,0.0013398555,2.0295372,0.2425766,1.1564357,0.7301156,0.4597243,1.801848,0.29289165,2.9082108,1.5392203,2.5779324,0.5097889,0.2051903,1.377906,0.03912642,2.383534,0.31724268,0.92913765,1.3151621,0.0,0.15556316,0.0,0.34689596,0.066232204,0.21634333,0.47622493,0.25282633,0.5390535,1.0773867,0.015511823,0.25195518,0.22607577,0.34464014,0.28159356,0.0,1.3581779,0.0,0.6059531,0.4096198,0.3266041,0.3095724,0.15168943,0.02478216,0.016807947,1.909023,0.87272805,0.7861805,0.57580435,1.4900731,0.66898036,0.75553817,2.3504133,0.34672582,1.6019148,0.006740964,0.9277064,0.18704204,0.042139646,3.5199497,1.0764042,0.0,0.011494521,0.0863704,0.007266249,0.984775,0.19674133,0.008826248,0.0,0.32988644,0.057009038,0.0,2.1769958,2.214064,2.214845,1.9733813,1.9169822,0.31975865,0.73910254,1.1684514,0.8838955,0.004748188,0.14583157,0.09116503,2.257793,0.7131075,0.82355887,1.7768956,0.591242,0.13696453,0.5824041,0.7248312,1.0820953,0.74163437,1.1902782,3.8019452,0.7998396,0.4140007,0.51696855,2.4197311,0.30324313,0.009057484,0.121928886,0.4098722,0.14868808,1.3309438,1.8917625,0.062261216,0.46157777,0.34326607,0.26276946,0.039480083,1.8092834,0.267886,0.38834247,0.0022491142,0.11485349,0.6642631,0.019400353,1.6815572,0.69450456,0.32225457,0.013340632,0.59897596,0.15133205,0.1166564,0.065231815,3.1584647,0.004705928,0.17403604,0.33074397,0.42996082,0.38124722,0.15412982,0.03269918,0.24963513,0.17644483,1.3470862,0.29420608,0.04017877,5.864824,1.1784172,0.16240199,0.88729715,0.19110534,0.003993976,0.23794532,0.7328618,0.6170256,0.85860735,2.308652,0.012942121,0.09791522,0.967853,1.7456448,0.5494523,0.3588575,0.029314697,0.4236444,1.0405461,0.119359255,0.026993189,0.0009616455,0.056235574,0.37794533,2.0963576,0.98326933,0.3730464,0.24832134,0.12901601,1.0690126,0.25072455,0.9531192,0.08741054,0.19597295,0.1525319,0.39514828,0.8076534,0.059539735,0.6929747,0.6284573,0.016000915,0.005775536,0.014830437,2.6456718,0.020259308,0.04358887,0.0,2.5516376,0.45378882,1.2511119,0.27442148,1.0602548,0.04297196,0.542112,6.264971,0.45881867,0.020978302,0.75493884,0.0013639082,0.96023786,0.030304212,0.56255496,3.3239625,2.26161,0.22484674,0.41955635,0.08113219,1.0857157,2.8455622,0.62138146,0.7770404,0.018412687,0.10144119,0.22579491,0.094101034,0.07542745,0.4762754,0.09927113,0.4574463,0.011999078,2.9354777,0.2891918,0.081830226,0.0,0.0,0.17951527,0.80150175,0.0,0.08400836,0.8401119,0.58538973,0.7012281,3.7437563,0.05974489,1.0161623,0.3262414,0.041178066,0.038981155,0.48370615,0.26527926,0.67573684,1.1701342,0.13041295,0.69579136,0.116485655,0.07307203,0.09886043,1.9231901,1.3967917,1.673715,0.018048473,0.016599378,1.2244103,0.13353655,0.019446285,0.364341,1.1573029,0.15228118,0.15243478,0.44040513,0.9641829,0.012551252,0.9036946,0.0030615313,0.065073945,0.6233711,0.07664131,0.06408944,0.59566426,0.3521221,0.00030023194,0.14339402,0.047807198,0.47688612,2.9886954,2.0367186,0.60336053,0.033635475,0.0011186417,0.398133,0.23333508,0.7261281,0.07992635,0.35220164,0.0,0.026013639,0.89073336,0.6920524,0.2299188,0.47451782,3.0279777,1.0046816,0.06387672,0.0910181,0.46447754,0.26940998,0.16107175,1.3725308,0.44539428,0.18415879,0.9852224,0.4682097,0.30397338,0.34384283,0.007878524,0.19426546,0.8702971,0.017360922,0.65217084,0.76870424,1.5706296,0.34156087,0.32586974,2.088718,2.4386768,0.012091235,0.5131468,1.4872955,0.41912016,1.5978054,0.7194153,0.02529836,0.42848042,0.74108845,0.25963846,3.819981,1.4246281,1.4669528,0.06571787,0.69713795,0.31166485,0.931808,0.31985798,0.03354594,0.039702322,0.25137997,0.0,0.23784918,0.07476907,1.1608875,1.2935839,0.8331133,0.3082066,1.1612391,1.856037,0.6991471,0.05108653,0.7474298,0.57953113,2.4731643,1.3929195,0.3093163,2.0626974,0.14521529,1.447037,0.33641198,0.11891246,0.012433147,0.050491642,0.52519304,0.24142428,0.9899742,0.06165622,0.12038238,0.48341414,0.11519593,0.1013535,1.0830158,0.42079344,0.11687868,0.014156628,3.3554306,1.0741348,0.026558423,0.0036901915,0.060739152,0.5103328,0.29490367,1.0917335,0.0,0.97101194,1.6656306,0.005105698,0.1608908,0.06500654,0.024282431,0.0,0.077438116,0.16775645,0.07505561,0.15863146,5.7717266,0.8363632,0.00054181216,0.13871218,2.339657,0.090984866,0.08595192,1.5214871,1.1486387,0.3821826,0.88554126,all_pothole_images\pothole_images_new_image_481.jpg
0.8358417,2.482584,1.6917223,0.8839679,1.4771123,0.45563304,0.61107564,0.26737025,0.65173197,0.9269388,0.39502683,0.6992166,1.1240666,0.47992277,0.22309957,0.85376287,0.94541776,0.12739895,0.6647991,1.1849489,0.019773846,1.7173002,1.675194,2.4846008,0.2752942,0.93629104,0.12284182,1.674308,0.31254923,0.6935146,1.9408888,0.83212465,1.0391577,1.3548555,2.52465,0.85822666,0.6861212,1.2180423,1.3193798,0.27924132,0.5583348,0.6393974,0.40425134,0.83444506,2.2374647,0.23692574,0.61942345,0.33105105,1.0110115,0.7688475,1.7228724,1.5667958,0.53855175,0.91959894,0.35097697,0.19277178,1.3773733,0.05401801,1.7170303,0.57305676,0.4363538,0.07936482,2.1416743,0.1546469,0.8750875,1.4843233,1.7982366,0.17175785,1.3530202,1.0167339,0.9871832,2.4434502,0.14681795,0.17598744,1.2120667,1.3302816,0.78881437,0.36901045,0.13009691,1.6706966,0.46769214,0.7655826,0.69835824,1.0670158,2.0445688,0.3054918,0.067758135,0.587667,1.8505728,0.89232206,0.12099839,1.4026275,0.94152796,1.2722582,0.70790225,0.5665553,0.63913834,1.9981586,0.9379996,1.2792017,0.4551678,0.57250494,1.1969389,0.36641634,0.9101135,2.0061278,1.1767559,0.8830039,0.38223857,0.86149853,1.3752363,2.136564,0.5297372,1.5247612,1.0870907,0.87371427,0.25089455,1.0954366,0.96433854,1.4478089,1.6547444,1.216352,1.1074787,0.23207976,1.802355,0.2756081,1.2419261,0.58812636,0.3334553,1.1324131,2.451111,0.18797423,0.30752262,1.2349672,0.15119208,1.1140758,0.30454463,0.03830603,1.6298131,0.46639547,1.3010929,0.6649569,0.24826552,1.6172792,0.4395008,0.5218987,0.24511017,0.23691235,1.4342499,2.2416663,0.7799023,1.0008404,0.3626178,0.30634028,0.64850324,0.21834767,1.4107183,1.1713828,0.38492614,0.86704314,0.9384702,0.29925194,1.3056928,4.056052,1.4037758,0.6694112,0.95869726,0.66948736,1.043773,0.3301923,0.2721859,0.09632315,0.13492759,0.21101281,0.580803,0.5238925,0.9766576,1.2561063,0.01717745,0.9336375,0.9286022,1.4097596,0.6640478,2.683326,1.2795178,0.8555667,2.2290268,0.6313973,1.1817918,0.5274316,0.8034556,1.1672198,0.79932207,2.7052064,0.83385736,0.9386243,1.4646636,0.91887116,0.6945931,2.1896942,0.68536407,0.9311644,0.34895554,0.45520365,0.6373085,0.7442711,1.128107,0.026115458,0.23034753,0.94809276,0.3042193,0.54359186,1.2839601,0.21352796,1.1056514,0.17939621,1.5008694,0.105334885,0.46026903,0.42669436,0.9151756,0.04993147,0.55007577,1.035531,0.94386697,0.39945653,0.9887731,0.5392737,0.82578784,0.6423597,0.4449899,0.747768,1.621487,0.19779932,1.7160734,0.30280688,0.51457316,0.10449498,0.6996804,0.64169145,0.84958684,0.6001458,0.47747314,0.7026128,0.21280137,0.030816987,1.5407453,0.8416321,0.6135919,0.7279781,1.292892,0.06128671,0.5407434,0.06772021,0.34302914,0.10272779,0.990826,0.7760213,0.36171088,0.4629943,0.3340705,1.4679276,0.9674477,0.7529719,0.026317084,0.44370565,0.21604504,1.1125569,0.7040334,0.50331455,0.33373404,0.041692995,0.13329405,0.5411692,1.0343957,1.6007428,1.2870351,0.72991383,1.1249375,0.82499856,0.039719917,0.9588656,0.8152207,0.8248976,2.6802778,0.9518253,0.2641918,0.8134347,1.6948633,0.51909053,0.3634361,0.07818691,0.0,1.4973319,0.7943034,0.7525141,1.8282069,0.58188933,0.82659763,0.4271445,0.4140244,0.087943144,0.80403954,1.0477008,1.7065305,0.20220312,0.47627708,1.1634643,0.58501387,0.38236994,0.19139352,0.7910374,3.4939992,0.74670476,1.5732546,0.15116088,0.3325525,0.58891237,0.7021841,0.5134159,1.1764115,0.26705208,0.37868872,0.86760354,1.3958092,0.62956333,0.90662116,1.0248604,0.4694101,0.8082484,2.7339976,0.63543135,0.16912565,0.112848,0.9292962,0.8391652,0.4819687,0.093085416,0.76888245,0.4119155,1.5137875,1.04183,0.6839139,0.39644867,0.36293316,0.63440573,0.6429871,0.23929627,0.34374827,0.84097254,0.22644176,0.42448545,0.20561378,0.9079866,1.296306,0.8121713,1.6202642,0.84731126,0.31010422,0.8012935,0.980401,1.2927916,1.1821371,0.5053681,0.4548349,0.6531029,1.5428681,1.2554885,0.34247312,1.9620615,1.3192307,0.6712766,1.0712779,0.8902059,0.8551596,2.2326543,0.42156264,0.3203241,0.40173268,1.4202089,0.7376785,1.7436193,0.27452356,0.84992194,2.3356564,0.41982692,3.1422138,1.9451942,0.62740207,2.629057,2.5443358,0.45963243,0.36303177,0.825164,0.543317,1.0773821,1.0128866,1.073836,1.0602376,0.3346446,3.090714,1.5277853,0.19053352,0.097872846,0.3604533,0.83996224,1.9612411,0.33425337,0.049352605,0.534685,0.23889247,0.37833914,1.0712969,0.61415786,0.5366063,0.43762517,1.1493416,0.4413671,0.29179186,0.081043184,0.19522153,0.7138261,1.0550392,1.5218258,0.36752808,0.6061332,0.510692,1.6845891,0.2978572,0.78266656,0.8588095,2.627371,0.42445046,0.7369307,0.4078799,1.3952415,0.8820547,0.7591615,0.5447897,1.0142049,0.38995466,0.2918255,0.9603858,0.32975706,0.15635759,0.7005512,0.67103666,0.48784447,1.9469674,0.45622256,1.1862587,0.990542,1.4775635,1.0367936,1.0879997,1.2115018,0.12970403,1.3599558,0.11588666,0.27358252,1.4798586,0.42580488,0.95710295,1.3900015,0.24158403,1.0851587,0.25574625,0.40645477,0.9098442,0.95188403,0.86382276,0.51303023,0.69227827,0.3109765,0.27179763,0.15465644,0.6759606,0.18696466,1.6838496,0.11529385,0.67632836,1.4158696,0.5727307,0.3313003,0.29500076,0.8089847,1.6730795,0.8623355,0.08270414,0.115306154,1.2955844,1.0204419,0.6917931,0.012648008,0.2995611,0.19432099,1.4376043,1.8883561,0.20394126,0.5394204,0.8011347,1.2334422,0.55670875,0.75939226,0.5999396,0.48859298,0.19404726,1.2426265,0.5105056,0.4092883,0.21258315,0.4341823,all_pothole_images\pothole_images_new_image_482.jpg
0.47902292,0.896875,1.4232361,0.9438039,1.150254,0.33861405,0.45351654,0.3078179,0.9700847,0.9967014,0.8344213,0.66537106,0.814772,0.46015564,1.3695477,0.3354186,1.4773371,0.50432,1.283351,0.8704359,1.2910335,1.1997793,0.22227423,0.799381,1.0490646,0.6345437,1.1849029,0.5114697,0.06310309,3.162314,0.26507536,0.8478222,0.29931867,0.12985353,0.9280699,0.74381214,2.1825101,1.7088889,1.621625,0.7092454,1.4097437,0.80066985,0.7332195,0.25825098,2.3594542,0.22397856,2.3285406,0.032540392,1.5920916,0.11520909,1.1932024,0.59824216,3.6562235,0.9019483,0.59474397,0.4085933,1.7305307,1.1176429,0.96941733,0.5434642,0.57786316,1.3813423,0.14620443,0.3832126,0.018703142,1.4397715,0.15914327,2.4907725,1.3468096,1.069236,0.14768176,0.082511745,2.431252,0.5847215,1.1225119,1.3187563,0.24047531,0.41090703,0.7860581,1.2725729,1.366209,0.75546277,0.8843046,1.8020701,0.8389224,0.07840672,0.10625881,1.6460863,2.5391045,1.4853597,0.8508949,0.3014941,0.517791,2.6514413,0.52941674,0.259567,1.243555,1.0662289,0.14748399,0.13237244,1.9273063,0.22410342,0.20893659,0.26306802,1.5797322,1.2462977,0.42763367,0.67447793,1.0781887,2.0233564,0.7558972,4.3350983,0.4092041,1.4808173,1.0051332,0.4053857,1.827591,0.35968643,0.8194191,0.55046743,0.7611151,0.4743678,3.054117,0.6301944,1.0195858,0.3716475,0.19804901,0.5512158,1.4349936,0.46479645,0.7397141,0.5156931,0.7535139,0.45383555,0.8211514,0.041569445,0.67722523,1.092133,1.0738811,0.830979,0.87553173,3.0424724,1.1875422,0.052678682,0.70534295,0.3137778,0.5941687,0.4684695,0.8102002,0.5360736,1.1230876,0.40466863,0.69831157,0.06456078,1.8773236,0.7537384,0.36817247,2.295994,0.15335558,0.22612533,1.6096549,1.0595007,1.2201992,1.8295951,0.3993215,1.8063996,0.86217463,0.46101502,1.0894122,2.9636042,0.50989324,1.6074907,0.7342138,0.258747,2.6152353,0.49654812,1.4657211,0.78781563,0.15575027,1.0380839,1.4512693,0.27556416,1.4063377,1.8504268,2.3313591,1.3292764,1.2661802,1.280111,0.1601399,1.6609089,1.1311009,1.9755876,0.046478573,2.1534858,0.3602308,0.56583965,0.19090474,3.14307,1.6411583,2.6629562,1.6771606,0.87959695,0.19260383,0.6429347,0.0452415,0.5358683,0.39313963,0.3715345,1.0308189,0.11575626,1.6423187,1.6727879,1.3099331,0.17198454,0.7231901,0.52162486,0.13064022,0.18158773,1.3094465,0.31833607,0.3717408,0.13535205,0.43841654,1.7727323,0.90069234,0.18163262,2.120649,0.577213,0.39148223,1.1430204,2.4750395,0.3727666,0.5830547,0.703674,0.21543778,0.7340861,0.6083609,0.0020962483,0.43258584,0.8249181,0.2613999,0.46536994,0.17481565,2.5887916,0.74458295,0.33929613,0.51704353,1.0227865,0.83573943,1.0664036,0.83015907,0.5275244,0.3068225,0.46996835,3.2444692,0.057185493,1.9408026,2.4475737,0.43396384,0.5701183,1.2786642,1.6251385,0.11187926,0.41720614,0.93917644,3.283591,0.47415817,0.6835201,0.7180912,0.45257473,0.9836792,0.69654214,1.0477425,1.410985,0.62723744,2.3668478,0.08054983,0.13923928,0.48807055,0.673277,0.042549215,0.9792421,1.0095263,0.5348778,0.73047495,0.2546887,1.0784441,0.43909523,1.4624468,1.2329849,0.9080633,0.3227429,0.81132126,1.0045427,0.745909,0.08100422,1.7919599,0.15702817,0.18790507,0.1467351,0.36641786,0.9521872,0.6362675,3.0733922,1.301359,0.20482902,0.8421466,2.586981,2.1384153,0.4592006,2.528275,0.51946455,4.7536974,0.7680611,0.7003708,1.1961025,1.1214935,0.44719455,0.64934283,0.51087743,0.42765185,0.75008297,0.33083373,0.7212301,0.011595614,0.6600589,0.19274706,0.41167796,1.0074751,0.36484644,2.92545,0.6501022,0.33830577,0.59536004,1.8604985,1.3849763,0.2890579,0.3296932,0.5349803,0.074573345,2.404094,0.9283573,0.22203858,0.707498,1.042932,0.40367982,1.6090825,0.3949571,1.0887295,2.4790637,0.092560224,0.61128896,1.3341107,1.3140179,0.7075966,0.74285233,0.07786222,0.5798047,0.69472796,0.100464895,0.73315364,0.1922506,0.43891588,2.3859212,1.7287502,0.26414096,0.3698715,1.7943976,0.39315885,0.2622646,1.9949831,0.40414536,2.099005,2.1216135,1.5193868,0.552858,2.2496989,0.36331424,0.8949248,1.6368165,0.35192716,0.11602762,0.24665819,2.8889863,1.5833629,0.40717518,0.24039708,1.4097193,0.41047633,1.7463402,2.6144981,1.1618978,0.6298723,0.9249932,0.10523241,0.7631546,0.5505184,1.527784,0.9194184,0.32972518,0.40567747,1.383609,0.45028138,1.006297,0.8154567,0.2874466,1.0033803,0.9603991,0.8691605,0.6076027,1.0362922,0.08396703,2.4981322,0.52426964,0.48457405,0.32434887,0.5023618,0.2591805,0.113259606,0.3045476,2.1051433,0.5576931,1.1122955,0.4476316,1.6215477,1.1959592,1.2877456,1.002522,0.19491133,2.1886535,0.84192103,2.0005343,0.12609445,0.13116308,0.6421057,2.6168065,1.2396294,0.43487796,3.2765634,0.8340637,0.6580737,0.572508,0.9491915,0.72161597,0.24307728,0.6134082,1.6788925,0.415031,1.3254193,0.5519963,0.5431175,0.6699332,0.02303979,0.7567079,1.2253737,1.6531509,1.27022,1.8975451,0.33122283,1.8834026,0.17538843,0.15317267,0.385236,0.35259724,1.1656013,2.164773,0.7609798,0.2891304,0.5753677,1.4371637,0.27054647,0.8543831,0.47648233,0.83134663,1.6515319,0.2671543,1.3693147,0.70645547,0.5213152,0.5745417,1.4808956,4.159523,0.7523455,1.0953008,0.05624914,0.346894,0.77473295,0.27173194,0.50471616,0.21875817,1.2361625,1.5413996,0.16848958,0.09350335,0.089410715,0.47796127,0.87337446,1.6593597,0.51580423,1.3895681,0.53808564,1.6484967,0.33040166,0.28695717,0.58951014,0.71603,0.5320781,2.3482654,0.8621843,0.16896108,2.0199234,1.1510715,all_pothole_images\pothole_images_new_image_483.jpg
2.6115665,1.3272951,0.7025551,1.5687414,0.8689411,0.8681072,0.26250294,1.0090913,0.2692271,0.64107543,0.18563691,0.9477349,0.3084543,0.5036092,0.578614,0.15337114,0.53250235,0.7472687,0.24978396,1.0118073,0.06613413,0.31336883,0.9097558,1.2256492,0.0,0.17378333,0.27216375,0.7793912,0.4130839,2.7639732,0.1760441,0.11094953,0.48202798,2.4863346,0.29104364,0.2149708,0.33543763,1.4923264,1.8858286,0.6310621,1.0908158,3.0582237,2.292138,0.30948937,0.87201273,0.20103471,0.86041003,0.7230115,2.1144705,0.0012439305,0.21028799,1.5912429,1.3506597,2.1187346,0.07814194,0.33623257,0.90897226,0.06152305,3.2508595,1.79474,1.0121741,1.2456456,1.6594586,0.013131368,0.65405816,0.59803575,0.8786385,0.8831887,1.2204096,0.87525463,1.0260311,0.97073746,0.6697866,0.0945048,0.09815817,0.17633776,0.45753962,1.54394,0.738966,0.63628626,0.32648033,0.35605165,4.4691606,0.45201734,0.033641417,0.48182672,0.018184772,0.2945675,1.6403627,1.8306597,2.5384974,0.53092426,0.6268909,0.0027045966,1.1201532,0.04713436,0.9733706,0.78320086,0.76225054,1.4005287,0.16904406,0.75149584,0.24221855,1.9186362,1.2867727,0.9319629,0.25935152,1.1105362,0.66049397,2.4764433,5.153423,1.0489603,0.4614914,2.0231946,0.93336797,0.5544902,0.9837232,0.47881418,1.1504859,0.8008609,0.7315986,0.18297769,1.8914835,2.3086963,2.6384404,0.6781218,0.308056,1.9251397,1.5335673,1.033721,0.8880914,2.2359655,0.5629727,0.948741,2.375539,0.04823318,0.8655093,1.0099823,1.1164551,1.1010693,0.118938014,0.12021232,1.064622,1.0147042,0.0037433645,0.66248053,0.26572523,1.6937249,0.58606243,0.756234,1.1982784,0.28079325,1.7718934,0.1832844,0.14928618,1.8832761,0.13916948,1.343016,1.0886787,0.7617987,0.45340353,1.6964911,1.5667223,0.41525757,2.942145,0.8737342,1.6864191,0.15201084,0.671856,0.48569164,0.5899033,1.5629041,1.0688428,0.19250628,2.0964265,0.9867776,0.9792942,0.7819189,0.19839254,0.9919751,0.4238928,1.444751,1.22932,1.4764743,2.4509053,0.8889431,2.1447136,0.50499326,0.011071281,3.3068056,0.41961867,0.44727924,0.624868,2.496557,1.7980744,0.29624766,1.3118982,0.9414645,0.19656852,0.8094107,1.0436231,1.6602608,0.41219705,0.2779893,0.26174664,1.3079292,2.53905,0.15690385,1.2932885,0.47210377,0.12572151,1.4207898,0.3949658,0.26364636,1.8136731,0.22969101,0.17614467,0.13713486,0.27347028,0.064573,0.1491538,0.41704038,0.021704461,0.6886838,1.0780365,0.18352082,2.394063,1.9300599,0.9848882,0.3425933,0.53573054,0.46191007,1.2817466,0.39488783,1.3871195,1.020432,1.3625032,0.015952848,0.4356199,0.4627879,0.21419565,1.2046366,0.45021963,2.8635192,0.2284396,0.1843564,0.26004106,2.2745523,0.8037437,1.5201741,0.27363205,1.5313891,0.054062206,0.28122285,4.472373,0.16070153,0.01578382,1.2130872,2.4648497,0.19571152,0.385578,0.9558773,1.4750322,3.218796,0.9848293,1.6052266,0.16247803,0.16125058,1.8625225,1.2798382,0.35894954,0.5833351,3.0447297,1.9857835,0.7721313,2.6852992,0.36231527,1.0935439,0.13322727,0.31467703,0.0,0.13352755,0.23936614,0.31014848,0.008303571,0.27424294,0.46723765,1.3288532,0.8419213,1.0895205,1.0555421,0.03333468,0.98638994,4.474214,1.5829569,0.9266564,2.3872523,0.20693041,0.503693,0.5692618,0.0,0.33935177,0.35593787,1.3622966,2.5171921,2.368609,0.4821912,4.510983,0.10921911,0.2523281,0.036450837,1.4916226,1.8663208,0.7335693,0.0033321548,0.6235066,1.3813171,1.5467973,1.1512781,0.13839638,0.9974813,1.0882589,0.5650694,0.10356495,1.0996855,1.0328804,0.60000455,0.5257118,0.9857906,0.27666473,2.3206563,0.42733172,0.044572875,0.14709446,0.17016383,0.69544727,0.54302096,0.8835605,1.9079251,0.022534803,0.04327042,0.009365296,0.38993677,0.8780141,1.4395111,0.019644361,0.46093565,1.1092007,0.31387207,2.1915271,0.80710524,1.9426526,0.34492785,0.4895625,2.853122,0.9818244,0.41599688,0.7417595,0.050400246,1.5121855,2.0649862,1.6769061,0.5500683,0.58896285,0.79021406,1.1211385,0.020013245,1.0040231,0.12158818,0.8176216,0.20969717,0.29263762,0.13853838,0.060294382,1.8225393,3.2958233,1.7250956,1.2716931,0.22232376,0.23317695,0.3597453,2.6446464,0.03145292,0.2632474,2.3931804,0.93904346,0.17178488,0.344978,0.2066976,0.28345838,0.64347166,1.3980575,0.19315259,0.2807264,0.3380084,1.1181597,0.19340442,3.2001958,0.9990069,0.5660279,0.2112666,1.4738075,1.4846921,1.1249441,0.42102134,0.17275633,2.3781965,0.63672674,0.6031443,2.5007694,0.2670178,1.2321123,2.0976188,0.26690453,0.36589035,1.1859634,0.7743948,0.5593484,0.4312264,0.07973002,0.0,0.3087813,1.1652186,1.8266144,0.96245074,0.20522456,2.0927937,0.8847853,2.1343746,1.812339,2.744261,0.99747354,0.017003976,1.0756533,0.83369696,2.8017566,2.3023486,0.5768001,1.5855349,1.237205,0.03350165,1.7078992,2.2164536,0.027453646,1.4555106,0.20693195,1.0013325,0.42335492,1.020651,0.8487626,1.1803056,0.21359986,0.74431694,0.35772407,0.8558474,1.8915085,1.1276069,0.9400129,0.2963256,0.48355013,0.6426253,0.29614398,2.1219482,0.3508522,0.089399494,5.592532,0.9161128,0.099369965,1.8652776,0.1578008,1.6082114,0.2942874,0.7329877,0.116332404,0.6131018,1.237504,0.64043295,0.52130336,0.17453396,1.2311985,0.5051282,2.218577,1.7613449,1.1788857,0.15120538,0.5231696,0.8119447,0.17065178,0.07116977,0.30772394,0.4236036,3.2710562,0.24947621,1.3222933,1.0078635,1.0084,0.42313683,0.89084727,1.3158342,1.2781743,0.09798458,0.56672466,0.007433647,2.1788065,1.3311142,2.2176237,0.73016685,0.95435894,1.3942714,1.1881869,1.1259167,1.63404,all_pothole_images\pothole_images_new_image_484.jpg
0.13006654,0.3854754,0.041255854,1.2299469,0.7444667,0.047941342,0.038666185,0.0034000108,1.8834119,1.1150957,0.056218244,0.26052982,0.041496422,0.78108937,0.7475634,0.2211653,0.42214894,0.11574587,0.14908978,0.4210908,0.31329876,0.018990766,0.318021,1.8632283,2.1481204,1.8252108,0.28703335,4.0564327,0.31770203,0.0,0.0037670177,0.012650064,0.518443,0.46975383,0.361383,2.2107573,0.47050565,0.92181784,1.8716424,0.26655883,0.1710903,0.4157255,0.16822009,0.58709717,0.9250932,0.42775503,0.00750582,2.8787785,2.2960677,0.38664478,1.2986945,0.12764406,0.14898401,0.031056613,0.105867006,0.062632,0.80727905,0.10271229,0.23499916,0.32677636,0.13890013,0.1451255,0.26325783,0.1420274,0.32649782,0.31974044,0.16198057,0.0,0.00088352564,0.0,0.403121,0.22740716,0.85247916,0.26967213,0.63480985,0.07843665,0.07873461,0.35045615,0.33056456,0.24794388,0.0,0.9472227,0.22836125,1.3710679,0.030881986,0.0107126245,0.06776566,0.08873607,0.5502994,0.670594,0.04868211,0.29428905,0.101515085,0.055327374,1.0737029,0.0,0.4143734,0.90159696,0.34296533,0.30540586,0.09200018,1.0852671,1.2555019,0.014977545,0.9173758,0.0,2.2415226,0.0695205,0.46370596,0.98164195,0.06994862,0.3841098,0.04568656,0.07767715,1.6254864,0.21146026,0.11971623,0.81178135,2.1325722,0.19415489,2.8200784,0.0,0.73305863,1.0517725,3.5665839,0.3592958,0.4883079,0.0,0.17316073,0.16057701,0.08245919,0.075307876,0.0,0.15514116,0.5441555,0.5289601,0.07050028,0.0007070966,0.37772897,0.029848132,0.49638507,0.40642285,1.2196304,0.027034199,0.0,0.14730024,0.67691875,0.62104523,0.4073939,0.048045244,0.33891314,0.080005735,0.27720156,0.23498687,1.4674639,0.2529969,0.136502,0.1331179,0.0,2.0351245,1.2539283,0.65449333,1.550232,0.1495079,0.0,0.48731676,0.0120983925,0.0054282774,0.7087134,2.788016,0.0,0.013437805,0.00056050246,0.16499372,0.24106401,1.247455,0.74891067,0.015021937,0.07872957,1.6658063,0.049321644,0.99261194,0.27941513,0.92886096,2.8000436,3.287427,0.03893904,0.038591217,0.12977463,0.6601762,0.12328199,0.11565072,0.52720934,0.5030796,0.9774026,1.1878105,1.8865281,0.02916774,1.7403623,0.4594971,1.5365303,0.099885955,0.0,1.2078018,0.25745946,0.658427,0.13531196,0.11598012,0.41941592,0.89744216,0.22725335,0.029918699,1.516028,0.908844,2.701503,1.5764048,0.020818595,0.7230623,0.86196035,0.36439526,0.41011786,0.16862822,0.5078794,0.84531075,0.0,0.0,1.0833212,0.27691618,4.1793303,2.178789,0.32872647,0.0,0.37949586,0.65865946,0.8973911,1.3341987,0.9536208,0.25988975,0.058239304,0.32972994,0.9239318,0.37203863,0.2566488,0.36976895,0.022509828,0.03889864,0.38720924,0.56907165,0.15359229,3.8208733,0.23096335,0.11787674,0.006493408,0.08558084,0.08111376,0.025668757,0.1614719,0.0045963675,0.053110152,0.3135087,0.19427627,0.60651106,0.034752175,0.16339193,0.08371207,0.4380749,1.2205592,0.069203995,1.8607353,0.039607644,0.16386802,0.0,0.02369381,1.9837583,0.21696036,0.7450707,0.33470702,0.7676975,0.22624595,0.41847217,0.0,0.3451032,1.5794382,0.18735111,0.013648651,1.106531,1.1699352,0.083405375,0.20735298,0.094550595,0.00466785,0.13948697,0.15402356,0.32472545,0.43893635,0.1188044,0.22412097,0.0,0.71643597,3.712021,1.7416239,1.6546133,0.28352654,0.16889861,3.359355,0.14969027,0.9574219,0.0,0.40137497,0.2867857,0.96238214,0.3009353,1.8156413,2.8608024,0.0,0.46020922,0.077400364,0.3416461,4.623232,0.13086015,0.43129456,0.02868017,0.6322075,2.470783,0.908341,0.77145165,2.2729204,0.27517545,0.0016980296,0.18163466,2.1893332,0.0,0.0,0.15102236,0.11916747,0.2704332,1.1992801,0.5584119,1.5066475,0.316104,0.24088372,0.0,3.7210276,3.6427214,0.5936476,0.57039565,0.15410545,0.5627001,0.983958,0.5891687,0.42370433,0.5799844,0.04261557,1.90466,0.009690611,0.0056295134,0.042503234,0.31755155,0.26959917,0.7322352,1.1883909,0.061815154,0.119990654,1.07354,0.609026,1.872611,0.28908303,1.2650375,0.41035137,0.24897398,0.123629384,0.14588653,0.00058983685,0.55414635,0.06625425,0.08166272,0.016184997,1.0433934,0.12523378,0.4944366,1.1125978,0.5200606,0.69927084,0.21396367,1.2698447,0.0,1.287703,0.6415024,0.0,0.34471476,0.6043982,1.0179051,1.1949096,0.0927961,0.032706704,1.3390182,1.5270411,0.11196578,0.27097657,0.22411285,0.14900276,2.3611307,0.6361616,0.0017503164,0.020486739,0.0060605984,0.68852,0.9416893,0.9165551,0.18643306,0.0,0.019643914,0.48518705,0.57251763,0.35719252,0.28364235,0.5123076,0.111006685,0.6077105,0.4244325,0.43476143,1.1571589,0.14411916,0.038464785,1.2380344,0.27262977,1.4360784,0.43195847,0.23108864,0.13229671,0.52637756,1.0984725,0.22508375,1.3598945,2.0010195,0.9005746,1.011772,0.9069083,0.042043597,0.09913435,0.17987846,0.0,0.013786594,0.276309,0.01214703,0.09892951,0.020973183,0.43052256,0.11776556,1.3540868,3.0048268,0.6443053,0.6009787,0.0,0.61492455,0.1657191,0.02327328,0.34324086,0.00094908354,0.3919032,3.717277,0.49320292,1.5333513,0.085415676,0.0,0.113094814,0.52815735,0.012810584,0.043587003,0.07250778,0.06069371,0.26156247,0.0024057045,0.24371396,0.6060476,0.06309584,2.2115273,1.0926974,1.5843371,0.0,0.34905946,0.16292928,0.76836854,0.27241293,1.0892309,0.011036389,0.4292358,0.003625745,0.03245669,0.0031094118,0.8169051,1.091646,0.6818749,0.3027415,0.01286629,0.016828934,0.1098501,1.4193279,0.46107027,0.7744101,0.24553975,3.3861535,1.0727497,0.1186285,0.0386627,3.2299035,2.041822,0.008742682,0.093670405,0.34554163,0.12584144,0.03633096,all_pothole_images\pothole_images_new_image_485.jpg
0.0946179,0.78690845,0.65225,1.5410417,1.8122368,1.4780729,1.5530566,0.35144606,0.8066135,0.9222314,0.70947635,1.2291931,0.033070214,0.9708131,0.37755108,0.33654317,0.032601137,0.68702805,2.4689577,0.55220246,2.5106642,0.72073054,0.58775264,0.7545514,0.7392051,0.124040484,0.23277617,3.7121758,0.9304487,0.18373625,0.673971,0.106055416,0.97135425,0.77231395,0.23693424,2.7883606,0.62313,2.322842,0.45727277,0.7113231,0.058278345,0.4927572,0.8926443,2.642861,0.09043806,0.3066816,0.57768524,0.17722647,0.8546291,1.0573541,0.18573783,0.11893184,0.7765951,0.2781443,2.1103086,1.22036,2.2278857,0.67013955,0.65750945,1.0971792,1.1807033,1.1188993,2.2306163,0.18323848,1.9607643,1.5276932,1.996893,0.19608285,1.2186372,1.0456923,2.0810866,0.48280376,0.16282925,0.5289211,0.45283055,1.585977,0.0877321,1.9557881,0.08912347,0.6623347,0.37939084,1.7053487,0.1794725,1.0019639,0.17174526,1.448838,0.68619466,0.1598101,1.5521294,1.688545,0.24017818,0.45515537,0.94545126,0.6074807,0.27339795,0.41266638,0.60220295,1.2992357,0.75500286,1.0197792,0.14579359,1.4004837,0.9450015,2.1362355,3.1111403,0.3353261,1.2282224,0.4227241,0.4451976,0.5851067,0.22076108,1.7572818,0.45688984,0.0011916562,0.98639625,0.6678641,0.9780571,0.37809822,0.52195823,1.621751,1.6892633,0.026614256,0.43471012,1.7290851,0.28745502,0.5734517,0.21313585,0.83661777,1.9544911,1.1210128,0.27159995,0.36218897,2.1160018,0.5988933,2.1577666,2.3315997,1.7562566,1.5614359,0.16335125,0.19462366,0.99110997,1.1235546,0.5927728,0.41743347,0.4594474,1.5364683,0.80945957,0.079328604,0.22285624,0.21253014,0.80380577,0.2756024,0.14729105,0.48081088,1.5140396,1.4771291,0.7024284,0.107585534,0.4170157,1.031077,0.5410754,0.46759903,0.58903813,3.400989,0.32034418,0.14876753,3.5709295,1.3424402,0.14131987,1.152214,1.1525612,0.3380449,0.29463613,1.6016825,0.43986183,0.24689835,0.5347177,0.40866977,0.08482158,0.17437541,0.51275486,1.6017568,1.5832326,1.3864499,1.1512935,1.0205667,0.25954944,0.75023776,1.3301127,2.7362633,0.020896133,1.3531014,1.1325375,1.5152736,1.2941899,0.86503255,2.4792407,0.84871227,0.038582444,0.04394691,0.087569095,0.68183786,1.1883303,0.003790571,0.44839764,0.13324253,1.1053252,0.6762942,0.7669541,1.3550829,0.21843301,0.29211214,0.37102765,0.12876779,2.8934717,1.4742229,0.5345181,1.1920034,2.6847858,0.0,0.8713461,0.04782486,0.038305353,0.6668351,0.03395459,0.842758,0.16290687,1.6680847,1.3537948,1.5320637,0.57851416,0.016775822,0.96483266,0.6546487,0.115568586,1.1302994,0.16848084,0.93778366,0.0,0.94071543,0.18360284,1.1272451,1.1125143,0.6146485,0.41595986,1.0642257,1.647878,0.562389,0.7374019,2.3159351,1.0501481,1.0194478,0.2647261,0.8367972,1.1872424,1.5355982,0.12408021,0.0,1.7506018,1.6287315,1.1122899,0.8116349,0.9321274,1.1428349,1.2262883,0.086281136,1.1470236,0.024496665,1.8444576,0.18069601,0.80923945,1.2324775,3.6283817,0.14283253,1.6560171,0.25328487,0.35169998,1.463345,0.5099358,0.78883034,0.41767278,0.42934445,0.34043398,1.7970858,1.8191501,1.3745867,3.270866,1.4557413,0.8023186,0.017863339,0.2411435,1.5208541,0.23311856,1.0449482,2.4852731,0.17248216,0.016065164,0.21972317,0.08950499,1.4133276,1.305059,2.017759,0.37602368,0.50318617,2.573455,0.025068427,0.90567964,0.48883924,0.90418935,2.7004673,1.0808111,0.46947187,1.9068682,1.423439,0.61262894,2.5080438,0.877072,1.4473808,1.076667,0.44126132,0.62789685,1.2406356,1.0251387,0.16823842,0.12558955,0.5641114,0.62917984,0.0914258,0.6152047,0.2851794,1.310787,1.2178849,0.8371143,0.53747994,1.5409374,0.27296805,0.6383718,2.040484,1.874083,0.6353451,0.8147924,1.6194872,1.3965327,1.9959043,1.564005,0.19793612,0.3239676,0.72745246,0.73039275,0.37977955,0.6957525,0.49909413,0.11070907,0.31093535,0.15666007,0.0,0.055630095,1.4382181,0.51207936,1.2938639,0.88991255,0.89282054,0.6092608,2.028308,0.30922267,0.748052,0.7834068,1.1776115,0.09386016,2.7827935,0.28508916,0.29320142,1.3369725,0.80149716,1.0169554,0.44061184,0.30523077,0.26046732,0.10654797,0.030336576,1.6341971,0.3456321,0.14070879,0.12805653,0.53264755,1.2560531,0.9403484,1.730178,0.2776522,1.5652426,1.2252995,0.23069926,0.8346369,0.20381935,0.13401085,1.8874601,1.417662,1.1833637,0.48503882,0.3199306,0.00870684,1.8082113,0.16109176,0.030629652,1.258683,0.9489971,1.0851275,0.27000782,1.2968882,0.56015337,1.0996523,0.72592175,0.025709784,0.73499686,0.84361345,0.6076269,0.6728002,1.1240486,0.5150702,0.87107134,1.0336503,1.6090701,0.82033193,3.2508538,1.9705101,0.33427605,1.3346115,1.136118,0.03508821,1.0499607,0.15174359,0.017073544,0.5158545,0.70888656,0.47881877,2.2989104,0.6882004,0.49739787,0.45046005,0.4734415,0.5828245,0.5677556,0.29197332,0.0,0.0,0.02089054,0.60116524,0.35551035,0.8931858,0.5401164,1.3813021,1.4942789,0.77434206,0.85287154,1.1394757,2.0273519,0.042749688,0.45936462,0.29059738,0.13415132,0.70452607,0.20598458,0.94682276,0.41762954,1.2861692,0.7287095,0.90312463,0.29382426,0.2815823,0.58565444,2.6115563,0.14310856,0.04456061,0.58528876,0.65063137,0.99875265,0.09493664,1.1227615,0.55230993,0.07014624,0.023917893,1.1436877,0.18119496,0.74500084,0.52491033,0.50026035,0.4727342,1.3542145,0.65787584,1.2303675,0.23993753,0.31518018,0.80715394,0.71044266,0.075251184,0.104848236,0.2003789,0.097897924,2.0531676,0.21485004,1.1405358,1.5432276,0.7372265,0.8606346,3.3376856,2.1146047,0.66138715,1.5411878,2.0966191,0.43521118,0.57020813,0.9265199,all_pothole_images\pothole_images_new_image_486.jpg
0.20788409,2.7339137,0.26353636,1.5722617,1.6617304,0.80963475,0.3293334,0.5931627,0.25049847,1.0728542,0.28564414,0.3063684,0.31545925,1.3272848,0.17754403,1.1977612,1.2628094,0.7315794,1.556181,0.36867848,0.057446834,4.5192676,0.5092632,2.6458938,0.18283884,0.29939878,0.056740332,1.664624,0.2746086,1.4195963,0.30806997,0.29634684,0.444853,0.12864941,0.85157245,0.7266515,1.2482955,0.1357588,0.7422804,0.5408734,0.0891746,0.09138423,0.41067126,0.555929,3.3037827,0.18084942,0.3371882,0.0056866584,0.98119414,1.0891227,0.8319377,0.53328156,2.028722,1.0750879,0.59664327,1.8234762,1.7684088,0.04596052,0.6089816,0.89428157,0.30530566,0.02563987,3.2447422,0.1246586,0.730043,0.79881287,2.4420154,0.39450976,2.5118532,0.7317329,0.35968322,0.55838674,0.0012593817,0.07428419,0.66695786,1.7882651,0.37404063,0.830513,0.23839381,0.63377047,0.11914162,0.39150575,0.47555506,1.8413775,0.94914305,0.39844355,0.5017761,0.25544593,3.5176375,0.4737053,0.37185553,1.3997047,0.65665585,3.5338974,0.6102742,0.4428927,0.6724984,1.2540014,0.19449261,0.51180375,0.8166295,0.612656,0.2571282,0.0674039,0.32957426,0.02274991,0.16963787,0.024012582,0.19278406,0.3972191,0.7650592,4.0493784,1.9459752,0.4142657,0.34503877,1.0421999,0.70261073,1.7498409,0.25953424,0.665811,2.3485582,2.035384,0.61510336,0.038183887,0.3123721,1.4803716,0.040490802,1.0425844,0.43094376,0.9037399,0.9494967,0.13580039,1.0902771,1.9987612,0.7829135,0.45584413,0.35867354,0.07037,0.7883679,0.6424206,0.8182186,2.2513309,0.42693055,1.0433587,1.5702817,0.74417806,1.1536813,0.037564453,1.2649276,0.93211067,0.064666346,0.9743869,1.1289306,0.12854671,0.9068183,0.07415424,1.3846416,1.28393,0.3699762,0.25981623,1.5857852,0.20327409,0.33611107,3.4029932,0.29822078,0.09235043,1.7389181,0.4155247,2.6863556,0.103242986,0.75351167,0.12036921,1.7298254,0.8544762,2.745114,0.19803533,1.0708405,0.34647775,1.1460617,1.195504,1.8971685,0.89127845,2.688208,0.07017913,3.1980422,0.2366372,0.22067434,0.09006596,0.13626514,1.0982649,2.189846,2.816783,0.90469563,1.0868342,0.29293755,0.18346192,0.059722025,0.5266323,0.28019774,3.0413501,0.9789349,1.7909508,1.1734778,1.16355,0.8052667,0.5979047,0.27848524,0.18658951,2.2541833,1.7048072,1.2281638,0.6406592,2.2604983,3.4878004,0.36355174,0.63057727,0.6684363,0.49315333,0.42110217,0.49291584,0.66653174,0.4826045,0.5208774,0.92855555,0.20989431,0.49169648,1.8233919,0.1337858,1.1037419,0.0011287585,1.0445795,0.8432684,0.38747367,0.22876784,0.8570895,0.0545884,0.58392125,0.4734151,0.049277704,0.22158483,0.5128462,0.42560703,1.2654213,0.08395505,0.3100814,0.28352064,0.4190666,0.05089313,0.5036425,2.2091196,1.0569721,0.10850285,1.0914861,0.021637347,0.6570592,0.138265,5.2996464,1.2920737,1.2962236,1.4512242,1.113876,0.7901885,1.6372625,0.24608724,0.44816712,1.0274084,0.826785,0.5430252,1.2498488,0.33222848,1.2085924,2.0925872,0.7122204,0.3864592,0.8895964,1.197281,0.79059815,0.6642375,0.5184779,1.1364911,0.29956168,0.7590879,0.09684618,0.98043776,2.7739196,0.38472256,1.0300199,0.92973816,1.4272878,0.37672365,0.07346786,0.319165,0.5487455,0.5655342,0.88451153,0.57742816,1.0655125,0.30428824,0.923608,0.10462269,0.08319022,1.3975593,0.111250944,1.7383609,5.0688167,0.3632033,0.14533901,1.3245937,2.1594138,0.07251263,0.33272478,0.96047163,6.8625846,0.6605175,0.5965861,0.7923454,0.5924381,1.1107403,0.24596712,0.15842542,0.3301532,0.6718022,0.32461268,0.38313004,0.9242897,1.5362455,0.21406688,0.6487115,1.1748149,0.5475015,5.0181985,0.35283193,0.2850324,1.7991549,0.7337856,0.78118163,1.8526335,0.4154344,0.5737161,0.949947,1.1419604,2.540002,1.9564797,0.345012,0.83910555,1.0055315,0.80213857,0.18625453,0.2782872,1.1021034,0.295983,0.40744764,1.3361819,2.691694,1.2373774,0.072607055,1.0995386,1.1855705,1.1978772,0.00012809124,0.08437956,0.21912426,1.2561756,0.38936257,0.2860818,0.07274906,1.8430219,0.29680017,0.32596523,2.2446625,0.2534074,2.0478938,1.096215,0.07082214,2.0604057,1.1164718,0.19827588,0.81618184,0.17467149,1.8764096,0.044794694,0.5786052,0.45233777,2.0247977,2.9154937,1.4655466,2.0960448,2.5473588,2.3409722,1.4961416,1.5647931,0.16146383,0.6250604,0.7967983,0.37041235,0.30580005,0.46877193,1.8390973,1.0262873,0.42408282,1.5624875,0.2146409,0.3667099,0.5234866,0.770782,0.00467057,0.7484305,0.80112714,0.31249687,0.94729346,1.3414379,0.91378254,1.6046417,0.5144538,0.40560594,0.06686671,1.192943,1.393148,1.4382136,0.031182993,1.3827683,1.6580027,2.3465075,0.12190913,1.8404737,0.75331485,0.0831058,2.047897,1.0573188,0.6795993,1.4193538,0.950552,0.2773388,0.7843484,0.10001093,3.1808689,1.8569974,0.4263081,0.24793072,1.6341306,1.5809966,0.33134225,1.1793537,0.24493282,0.3281447,1.7174153,3.7018657,1.0381219,1.507722,1.7219745,0.31012493,0.42705524,1.0109496,0.54165524,0.7405296,1.4433233,0.6853439,0.838662,1.8547134,0.974581,0.22027521,0.70934427,0.35512376,1.0633059,1.1059645,1.2255416,2.3398707,0.46689126,1.3339019,1.8082677,0.8525238,1.17521,0.9040434,0.72548753,0.23921858,0.14389378,0.76568764,0.34810576,0.8133749,0.7868531,1.3357575,2.6942446,1.0003397,0.8030106,0.02176266,0.7601809,1.2458059,0.16405438,0.60547674,0.040115573,1.0070747,1.7669209,0.057683222,0.041118868,0.24223424,0.44674093,0.91059965,0.6095466,0.3378886,0.60878444,0.117099315,4.238891,1.4113976,1.0422411,0.63516176,0.53759295,0.0,3.4209802,1.492706,2.806812,0.891947,0.19704387,all_pothole_images\pothole_images_new_image_487.jpg
0.615552,3.8070261,0.26778847,0.5114353,0.3599814,0.5747201,0.77494264,0.17344286,0.37961882,2.7927427,1.0370861,0.98956406,0.44005686,1.8029212,0.13290036,0.4560769,0.04513463,1.7069381,0.26221237,2.66666,0.18606228,2.5691986,1.8376691,5.0408673,0.53665656,0.838706,0.42618382,1.489364,0.1547641,0.29478416,0.8476617,0.49823025,0.155963,2.54569,1.2609204,0.42693257,0.076186955,1.2729743,0.50806016,0.7006565,0.010911758,0.83120024,0.3351709,0.14809872,1.2686661,0.22870143,0.48819014,0.119804926,0.6949765,0.44199082,0.3734313,1.3751528,1.2908372,0.56537956,0.030329548,1.0568305,2.9228017,0.5250681,0.7963451,0.24483937,0.43304938,1.4214901,3.5686133,1.1259142,0.63543177,1.3835315,0.033400908,1.2857391,1.3957989,0.37413967,0.4972456,0.8031085,0.2526447,0.050455283,0.44650528,0.62708145,0.007701683,0.95080173,0.6070305,0.39451855,0.10041067,1.0161834,1.1948961,0.958304,0.35105228,0.423798,0.71813565,0.3548718,2.5547662,0.034528695,0.79726285,1.0062187,1.0691446,0.9578232,0.0672918,0.06413504,2.1666212,0.6402545,0.25224188,0.54048955,0.15321906,1.5904768,0.1568403,2.728069,3.117771,1.9989295,0.28835112,0.81518567,0.44614512,1.7276405,0.4777512,1.7075976,1.062638,2.2430713,0.27015913,2.040751,0.5853474,0.761027,0.71837544,0.34443536,1.6713307,2.3058603,0.77178603,1.9135742,3.356885,0.1331173,0.92883784,0.08059726,0.60567564,0.49191448,5.052106,0.25134665,0.25198233,0.90687436,1.3524135,0.83996034,0.66017896,0.08142644,2.2167845,0.014329083,1.2843968,3.7758586,0.13664718,2.0273197,1.1997234,1.1156781,1.3979477,1.9435594,2.4024332,0.7719992,0.57762504,0.2278303,0.29176852,0.024103105,1.7015184,0.51452,1.2588096,2.1521337,0.691269,0.5688514,2.1723232,1.1177039,0.2533248,4.319583,2.0631871,0.2537163,2.5876184,0.36207026,1.2931598,1.1516337,2.695144,1.2375697,0.3376418,1.027521,2.1377347,0.47809958,1.6411173,0.25059447,0.082669735,0.110381745,0.6387518,1.0140233,2.1192594,1.6360255,1.3519996,0.90004027,0.68258363,0.75828356,0.09640606,0.936671,0.025423035,6.253236,0.08327806,3.151353,1.0726666,0.20897503,1.135139,1.9963349,0.03769695,0.31304675,0.008278445,0.33362266,1.6167384,0.43819326,0.37045085,0.873472,2.9322116,1.0127835,1.8433214,1.5834286,0.25201592,1.9985927,0.42238098,0.18772832,0.92023927,0.09163984,0.08056801,0.81305015,0.4919145,0.89088327,1.4394603,0.06806804,1.6263144,0.005271557,0.13784218,0.0,1.311291,0.113014996,0.7584451,0.45379046,0.38030374,0.40701666,1.2868539,1.0934463,0.9360731,0.0813922,0.7822993,0.20073535,1.3413063,4.3921657,0.00061095646,0.6536617,1.8954605,0.24641912,0.5731492,0.47588095,1.732353,0.12385531,0.5380445,3.5508385,1.9099987,0.50176847,0.13079204,0.19697945,1.2778794,0.33809093,0.22963867,0.5720917,0.5472249,2.348167,0.3658918,1.2209778,1.3514571,0.56460136,0.04157112,1.6547604,1.2542206,0.7781537,2.342452,0.1405416,0.8949573,0.6599412,2.2143857,0.23726755,0.08808108,0.522862,1.7619427,2.0994537,2.5014088,0.929551,0.25386357,0.23581597,1.0056684,0.34341156,0.7137765,1.7613125,0.122553825,0.71593016,1.8278481,0.035630703,0.7221809,0.85918003,0.016356708,2.748104,2.8117065,0.83634704,1.7014778,1.2875615,0.94169444,1.1516795,0.7438007,0.006409199,0.920571,0.84433186,3.022678,0.102202415,0.26112592,0.2662431,0.904079,0.41835436,0.13176133,0.87798184,2.0043967,1.0474868,1.1137162,1.845563,0.11258246,0.79195434,1.0862315,2.713886,1.9237314,2.1213953,2.3579009,0.14045472,0.63237494,2.3686025,0.24595727,0.99143755,0.92228884,4.233619,1.820976,0.012570637,2.941503,0.11502412,0.04744135,0.58681816,0.7871452,0.8091158,0.89690614,0.0144453505,0.51726735,0.8331051,1.1752008,0.8016802,0.44214875,0.09637734,1.0131222,0.060845856,0.13155365,1.5176414,0.2431697,0.09682766,0.74256706,0.2882075,1.428365,0.09903796,0.2208441,0.4605533,0.24316762,0.08916496,2.123084,0.19997758,1.4561725,0.41649106,0.12569629,0.69009227,1.6387584,0.8808841,0.8325733,4.1419497,1.3354667,1.4906237,1.8363782,0.5297836,1.6854795,0.43527806,0.6163668,0.5298419,2.1623733,0.53180057,0.47805175,0.39106587,0.2218201,1.670118,1.3732836,0.7663523,1.493158,0.78351593,0.11168388,1.2603424,0.43401018,3.0277405,2.7563813,0.14361021,0.01571112,0.92522943,0.03934045,3.436591,3.4643395,0.697989,0.96446073,4.5386853,0.18863592,0.6379827,0.1783022,0.40814114,1.6866608,0.9868658,0.93433225,0.71383065,0.60054594,3.5632432,0.47071585,1.1087091,0.3823782,1.4128433,0.20336917,1.4536575,1.027469,0.08430023,0.6877269,0.14024968,1.6387625,4.136902,1.9423078,0.683593,0.7597153,0.5455538,0.2805595,0.9554165,1.6375448,0.6743091,0.06245719,0.12238386,0.30475992,1.6050636,0.116448924,0.5249801,0.16192551,0.4632471,1.4469733,1.618546,1.2992507,0.45346007,0.01156036,0.5184212,1.2918341,0.39576253,0.5355217,1.6655635,1.9327629,0.2881987,0.5718981,0.08508475,0.046795577,2.401532,1.3479407,0.00031369668,0.058466863,0.1093084,0.7912315,0.62242913,0.50879097,1.565756,0.27027297,0.13291864,0.16672541,0.52439404,0.15037754,1.4395311,1.1257715,1.7606716,0.19720684,0.071479626,1.2109169,2.2921462,2.6952488,0.49263996,2.9128983,0.14286685,1.3499111,0.80668294,1.5422534,0.52445024,0.1430602,1.3990376,0.43307012,0.31263095,0.31974968,0.05134815,0.11940735,0.94144297,0.373071,0.03359975,0.37198925,0.3929001,0.31482956,0.6070829,0.12792529,0.6918114,0.8606617,1.9802196,0.10607634,1.130662,0.26225406,0.97241163,0.086133555,1.449867,0.30740342,0.40014628,1.0426757,0.16543841,all_pothole_images\pothole_images_new_image_488.jpg
0.8126127,2.3048635,1.1901551,1.6203951,0.7717256,0.117341176,0.19494045,0.0,0.26553318,0.27326116,0.15301526,0.38754934,0.032750156,1.2946821,0.16534787,1.3972557,0.15809433,0.052296646,0.16470045,0.12422187,0.101040274,1.9258856,1.1190195,1.283267,0.37499973,0.4734,0.14826068,1.8313158,0.06310566,0.75949454,1.7737162,0.07612352,0.67668,0.42952842,0.61314833,0.096594214,0.6987181,0.55020416,0.12342245,0.54622173,0.0008852328,0.46941128,0.5658414,0.88251245,0.68594295,0.027494581,0.10380631,0.26045057,0.090842724,0.08610358,0.4194055,0.6324811,0.34902942,0.123702206,0.0,0.28244486,1.3569312,0.09387638,0.05907771,0.20285912,0.0,0.2307089,0.89981383,0.5640262,0.3374258,0.2968418,0.3035858,0.19117434,0.06300162,0.10414623,0.053819515,0.004491902,0.23586807,0.20995669,0.004924171,1.3797758,0.37239558,0.5654379,0.0,0.51114595,0.30807897,0.081869535,0.09142141,0.9190969,0.17617513,0.5782641,0.05452636,0.16119385,4.054748,0.2435034,0.1926781,0.03734814,0.0773754,0.075794674,0.068818726,0.07950302,0.40448302,0.9605825,0.16967356,0.40082097,0.1384097,1.1937575,0.2743621,0.728621,0.8290464,0.0,0.04959072,0.098942086,0.30293778,1.8224275,0.020685611,2.1956546,0.27120206,1.2122724,0.37876123,1.1606369,2.09452,0.1601148,0.6277829,0.8838898,1.3100263,0.5931966,0.26476565,0.55752534,0.73760676,1.0344708,0.3381512,0.6052033,0.63157743,0.20788126,0.22334051,0.116426066,0.15528993,0.0,0.11495258,0.12588963,0.18135779,0.27482107,0.19410296,0.00022357238,0.23596455,0.32167932,0.058329035,2.01245,0.090062946,0.32585794,0.07009516,0.9403431,0.25173885,0.75349957,0.8534818,0.2633531,0.33936465,0.4917004,0.6391152,0.15890993,0.14761591,0.13508216,0.83657056,0.53494185,1.111885,0.24989147,0.18715979,1.9560863,0.05242899,0.4406754,1.069197,0.014615572,1.1845924,0.47651023,0.00554864,0.3680709,0.30496714,0.011704663,0.9403824,0.19799645,0.9353051,0.026153583,0.0056519783,0.076059535,0.023968268,1.3537258,1.3274891,1.0518401,0.88359004,0.07371471,0.29932448,0.020956952,0.54350495,0.60522306,0.48567122,0.5015297,0.085595466,1.7109615,0.7318388,0.17544256,0.017397247,1.8205806,0.13891123,0.39597693,0.578295,0.3890236,0.018628923,0.14951672,0.12544309,0.49315885,1.0061195,0.104538664,1.3250108,0.018617483,0.33216685,0.24765559,0.5459738,1.1772115,0.5936727,1.0273725,0.42481688,0.00079896377,1.4002517,0.02842769,1.7007014,0.0,0.38196784,1.1318778,0.21283312,0.2281229,1.4444962,0.5857284,0.25814283,0.11452087,0.098212466,0.6089903,0.08881362,0.106486686,0.2174482,0.13417086,1.8548067,0.042234372,0.6010601,0.17642996,0.36730626,0.0132144345,0.3096331,0.29877883,0.040881477,0.004084303,0.70436716,0.11463872,0.3178489,2.8005776,0.9198512,0.064632356,0.20986488,0.01661269,0.6324809,0.008181206,0.9777975,0.027042868,0.44938284,2.0837753,0.6835462,0.2789435,0.59777534,0.08468151,0.35310134,1.6291978,0.25548425,0.23583332,3.4086816,0.21350709,0.41468212,0.0,0.14277016,0.4430416,0.27534178,1.3403498,0.00082750525,0.4060824,0.69898653,0.50955373,0.090041764,0.11535337,1.1045923,0.65608585,0.5407624,0.30194664,0.096752934,0.71505463,0.254655,0.027046256,0.19805636,0.6046503,0.26096508,1.164685,0.18501277,0.26632565,1.286631,0.5381537,0.044327687,0.35827482,0.1762039,0.17072047,0.0044038324,1.553651,4.82393,0.04434946,0.046236444,0.8305133,0.3148261,0.10900089,0.25347725,1.5743684,6.0504236,1.5670773,0.2189577,1.2517396,0.0,1.3800954,0.8062265,0.39261088,0.8912697,0.5730268,0.33135107,0.3787862,0.33244398,0.14357108,0.69628096,0.5733557,1.0408487,0.20452061,4.1998463,0.20592989,0.0,0.1616197,0.070260175,0.22662799,0.663027,0.35282174,0.7025819,0.0060954913,0.5517491,0.8199221,1.326588,0.041182596,0.41738588,0.0108280275,0.33941016,0.010865878,0.2684483,0.2611748,0.1227722,0.8102145,0.37687775,0.2281718,0.09676295,0.026339924,0.4306748,0.1153025,0.20402701,0.6317968,0.43200278,0.32826135,0.7363298,0.15649463,0.009075252,0.53468955,0.7179225,0.11020495,0.2793516,0.312734,0.15416573,0.3156404,0.18918414,0.059395693,0.8791106,0.23632832,0.3032571,1.1017717,0.16565713,0.22567686,0.52735656,0.057355978,0.86622745,1.1826254,3.2020245,0.6935115,1.7453285,0.010930759,0.03081876,1.4758073,0.3512014,1.9398127,0.301338,0.006462316,0.038033314,0.61908835,0.45775098,0.3916767,0.00935802,0.013895939,1.5563481,0.5575116,1.1423799,1.5840801,0.6128081,0.46061823,0.17986947,0.30423537,0.1250543,0.19317074,0.44164371,0.25532314,0.83419454,0.23543206,0.0008159129,0.23634927,0.13491638,0.7311063,0.29761732,0.1828624,1.1741256,0.018757766,1.4862636,1.9071276,1.0521144,0.35443768,0.6182321,0.80391943,0.32401663,0.45566863,0.59717435,0.27328426,0.07795286,0.36937928,0.09073843,4.1756563,0.51075566,0.42114374,0.10909659,1.0184574,0.54414153,0.041357618,0.19528894,0.28154975,0.23287344,0.0114652915,2.1954505,1.2422833,0.3275936,0.41229784,2.1756377,0.15482213,1.7871437,0.7228236,0.38096446,0.5300286,2.771344,0.60438067,0.17827608,0.85849077,0.37346423,0.15314128,0.22967829,0.0,0.620763,0.19142869,0.12591694,0.087999225,0.3386519,1.0649223,1.7887732,0.07406379,0.1288562,0.5483265,0.28956604,0.045617376,0.078333266,0.7531332,0.443468,0.7464404,0.93227726,2.292427,1.4311477,0.6129593,0.0057213334,0.6313281,1.3901052,0.3916298,0.65077376,0.17624769,0.21808194,1.7748307,0.014967392,0.0,0.0027262447,0.0078800805,0.36338913,0.10355406,0.009058642,0.0697502,0.0,4.357187,0.4425063,0.679107,0.41740704,0.2965217,0.005863602,0.97150767,0.23746167,0.64182574,0.253999,0.11456968,all_pothole_images\pothole_images_new_image_489.jpg
0.0,0.5979866,0.10354412,2.7651105,0.19636104,0.013090664,0.06772548,0.014951336,0.012312165,0.39151236,0.70726544,0.092276685,0.0,3.0125432,0.0,0.093583144,0.24221976,1.6448476,2.344915,0.10730845,1.1479095,0.13950528,0.23742965,0.007808877,1.1208528,0.38397053,0.23070242,1.7489004,0.005080963,0.0,0.02024434,0.0,0.02941297,0.0146863945,0.017300732,1.1021651,0.18460451,0.016508978,1.3650534,0.040447988,0.006019559,0.4134963,0.024737272,0.7254064,0.43332216,0.11847979,0.0009986217,0.011818179,0.18055071,0.101285234,0.08379855,0.0,0.14598115,0.054083288,0.44454768,1.0003275,0.46719986,0.6224094,0.05392207,0.0,0.09526867,0.09602224,0.274646,0.36613852,0.1758861,1.4363298,0.71548647,0.0344187,0.25447908,0.0746435,0.045818795,0.20987183,0.13416056,0.01573015,0.14077094,0.0,0.0,0.22788985,0.015948392,0.047763463,0.0,0.56567717,1.5039554,1.1551523,0.052105688,0.01091251,0.11633994,0.0014591621,0.33754873,0.2367032,0.011117101,0.25672188,0.004854057,0.22231263,0.19094448,0.0069446503,0.56457263,0.8033464,0.101328984,0.2682778,0.30566907,1.619158,0.05829776,0.18014783,1.429419,0.6613145,0.043364268,0.0,0.041288972,0.11710288,0.0,0.3867971,0.06556577,0.12047015,0.6053244,0.02177804,0.0046359845,0.21703938,2.1923304,0.07226394,0.86910576,0.0,0.024238518,0.08886625,0.070918314,0.46096614,0.100118555,0.02217649,0.23287633,0.0,0.04704015,0.30898187,0.015679715,0.22106673,0.25083658,0.0037672804,0.018651387,0.0,0.18401586,0.0,0.56574976,0.027356302,0.23371385,0.020787973,0.0,0.15594777,0.033651613,0.19860879,0.11672364,0.010946002,0.0,0.6500023,0.0,0.14776155,1.4682888,0.30933577,0.019373834,0.4309089,0.13977705,0.1908628,1.0160244,2.3435764,0.041996866,0.44999447,0.11385288,0.0,2.767894,0.020543635,0.25104067,4.2481065,0.0950075,0.014028058,0.07358395,0.1188523,0.00012490943,0.09614374,0.025374135,0.008150702,0.043195315,0.054617405,0.03536233,0.6581096,0.38671902,0.04815995,0.46344036,0.67562485,0.68881387,0.5647946,0.55987847,0.49095446,0.010954839,0.10335493,0.30677077,0.23970072,0.2796477,0.00017171787,1.307847,0.11859706,1.0729272,0.34668717,0.0,0.6650869,0.351579,0.08365847,0.018895913,0.029014075,0.2616925,0.006517613,0.98893684,0.54037285,0.040608294,0.028453635,1.4598775,0.061615266,0.8424742,0.490506,0.07644961,0.52126527,0.4500609,0.26046386,0.70295846,0.6709836,0.14703165,0.042335577,0.0,0.001620424,0.25349835,0.0,0.77711934,0.20772283,0.0290224,0.122381546,0.373724,0.4307001,0.11276122,0.2462617,1.4110825,0.16180153,0.04551422,0.10876656,0.18965684,0.33951372,0.0,0.82907534,0.0071173115,0.0,0.23654038,0.5946894,0.006831569,5.919737,1.4601842,0.004556265,0.008615166,0.26732937,0.0,1.1185529,0.865478,0.5290945,0.43025595,1.4872605,0.0983434,0.044712454,0.6394512,0.42496708,0.006173245,0.0086630145,1.9126085,0.13161981,1.5317311,0.0021887731,0.17249985,0.073069826,0.34159672,0.0,0.39429682,1.147273,0.008636814,0.038704593,0.10504863,0.41570547,1.8653631,0.3681245,0.7457703,0.22989517,0.0026858193,0.09474042,0.45636943,0.012612444,0.16240768,0.025885606,0.0,0.035724495,0.0,0.5459678,0.2121527,0.28433025,0.020901736,0.49598503,0.0,3.4681118,0.81294364,0.07358958,0.0,0.0,4.6642866,0.05280255,0.21560332,0.08940186,0.42400387,0.022125402,0.2234745,0.031788282,1.7893835,0.7016699,0.8162366,0.46369526,0.05431517,1.4350122,4.20596,0.12646888,0.1592821,0.049303778,0.057263207,0.047138937,0.053778503,0.015052831,0.2800672,0.0,0.09358977,0.059126034,1.4348073,0.07745,0.5243169,0.04362251,0.0,0.0,3.2374501,0.87307006,0.014869544,0.18854952,0.11147962,0.0,1.1995847,1.5062444,0.5592273,0.8653715,0.020392206,0.60725576,0.29788417,0.4930373,0.16050558,0.0411854,0.0,0.08011768,0.06609367,0.097280055,0.3114733,1.8458666,0.3549748,0.18943031,0.09806304,0.9431213,0.9801891,0.015784383,0.06954346,0.0,0.6831508,0.016574688,0.041594137,0.33110073,1.648217,0.1424489,0.4917748,0.04439343,0.011677567,0.17130207,0.12789528,0.008192738,0.5202239,0.030255489,0.5717885,0.0,0.075702585,0.74733824,0.73737115,0.030476326,0.7293844,0.06919112,0.25036415,0.54121345,0.9719537,0.014928016,0.09383384,1.0356755,0.013497293,0.011468696,0.2364095,0.59105706,0.4511943,0.06290281,0.15134811,0.6124268,0.04669557,0.09197681,1.1854273,0.07422569,0.9101593,0.63173735,0.4349687,0.0,0.061235707,0.07780836,0.0059955097,0.19875243,0.0058219046,0.08865523,0.34046158,0.22489399,0.22736841,0.0,0.62878954,0.0016810268,0.01857908,1.2485913,0.50062007,0.14454223,0.033210553,0.0,0.00101956,0.064126305,0.564678,0.0005609235,0.07635515,0.12164575,0.3900121,0.4669521,0.029005658,0.17517649,0.02126578,0.007815324,0.16445906,0.108744085,0.09864087,0.0,0.12261127,0.0,0.33507264,0.36997923,0.3271496,1.0855551,4.8397756,0.10154745,0.81556195,0.0,0.8047124,1.0548161,0.0,3.5035333e-05,0.08390406,0.75645256,1.5330685,0.04412615,0.92444015,0.0,0.69590664,0.06681928,0.047018655,0.046645213,0.018115586,0.081459805,0.08028935,1.2094283,0.0064741094,0.33144036,1.390271,0.2804621,0.005960189,0.8007061,0.6560781,0.23448998,0.112498544,0.013526992,1.5711848,0.002724996,0.38697347,0.002363739,0.10862247,0.0,0.5646484,0.013006541,0.55970633,2.1721983,0.008863119,0.0021907159,0.0,0.004909607,0.06215509,0.045118712,0.04926583,0.041973535,0.3575447,2.8453908,0.121716976,0.17544886,0.091193736,0.89040184,1.5263531,0.8591289,0.029574366,0.30108202,0.0,0.03244312,all_pothole_images\pothole_images_new_image_49.jpg
1.9716915,2.5758142,0.614386,1.8335236,0.22522852,0.5445273,0.2401647,0.73963976,0.71117616,1.3749233,0.5426168,0.33936748,0.23715031,0.9715127,0.24621874,0.5840074,0.19926213,0.19928539,0.000582261,1.2332261,0.29413489,0.5891589,1.2941493,3.8731225,0.28022695,0.00035918088,0.031491462,1.0554056,0.6340351,0.6534549,1.6947812,0.9044848,0.088011876,1.1897357,0.10152727,0.90100735,0.12643228,0.24102674,0.5082069,1.8128133,1.0346197,0.2934141,0.40613165,0.24289785,0.15083009,1.1391687,0.37237144,0.34749708,0.6187656,0.026122127,0.8197805,0.7123655,0.69745547,0.28565356,0.9589736,0.11643961,3.0359976,0.08689491,0.4391551,0.90474194,0.11653278,0.11993114,1.1464729,1.7455659,0.3433855,1.0670618,0.13856116,0.42069182,0.5555087,0.07657078,0.5044352,0.8990395,1.0590485,0.10633815,0.7686116,1.5328254,1.7362918,0.44099188,0.06957932,0.28128335,0.104684584,0.9189954,2.3270955,0.47142962,0.35446084,0.4499216,0.019381244,0.021679034,2.8479314,0.16282065,0.7278484,0.23518279,0.2017705,1.5884273,0.42844188,0.023899224,2.4071512,0.97898316,1.7392595,0.03905136,0.2411866,0.44142446,0.4663853,0.2050767,1.6974716,1.0094335,1.0067856,0.4379738,0.7817881,2.5605676,0.58564234,2.5740585,0.83785206,1.3795999,0.15403922,0.83579034,0.77822834,0.17258605,0.33115157,0.6680791,1.8842664,3.104588,0.5124408,0.36084673,2.106551,0.47333762,0.03488707,0.23552014,1.7868726,0.84245485,1.7229804,1.0525621,0.6433614,0.52511185,1.2006321,2.4347568,0.27419242,0.40818685,0.1962533,0.41211972,0.4468481,1.417326,1.310251,0.39339256,0.16503315,0.342402,0.1040044,2.9403563,0.5913915,1.5601845,0.61742985,0.27999875,0.8295481,0.15629365,1.6774902,0.35459983,0.14612465,1.4544864,0.26040068,0.14672431,1.590051,1.4922088,0.26067832,0.5753568,0.6511838,0.9512376,0.24791418,0.11150969,0.38654956,0.8003202,0.86195076,0.08650329,0.056543037,0.10224161,2.0614557,1.5305723,1.1875589,0.21431017,0.6451668,0.008344014,0.12418297,0.653281,2.7802413,2.7700481,3.0730462,0.833028,0.68757176,0.95170856,1.2281976,0.4716247,1.0502805,2.575325,0.36098105,2.9075696,1.2765934,0.99020743,0.46073413,2.5373037,0.26686686,2.009007,0.37058607,0.88898313,0.5189383,2.487252,0.72994447,1.4493587,0.6308428,0.18340947,1.2279248,0.5292211,0.5986852,1.3115237,1.9480306,1.6764863,0.6499201,0.5871025,1.2940742,0.3995819,0.60273814,0.3605464,0.055906143,0.49714774,0.2998065,0.7129915,0.07735418,0.03454383,2.6025786,0.641905,1.244898,0.39456603,0.44368035,0.1430561,1.0509357,0.49701864,0.83399886,0.48009428,1.5346334,0.27453274,0.45699862,0.44989854,0.75831044,1.0921347,2.8581312,0.46664613,0.061021328,0.9210009,2.1792605,0.33648458,0.65453494,2.4405918,0.59859884,0.35878435,0.2629441,1.5859786,0.55699116,0.06776015,1.4380041,0.07325506,0.5007095,0.8957309,0.0012047187,1.2246846,1.3426352,0.09538009,0.15564771,1.6041334,0.1856345,0.621727,0.4083192,0.4714712,0.8104729,0.04139878,0.8126701,3.8153355,1.2312175,0.6587861,1.7514648,0.8370439,0.5248383,0.54856724,0.10641631,0.6982366,0.72361815,0.13434795,0.5593783,1.2748164,0.7440456,0.74568486,0.16918461,0.22048913,0.46939912,0.73401767,0.04339899,1.0196265,0.6575534,0.33742386,0.30907425,0.17509766,1.737608,1.6881628,0.26159543,0.49013004,0.6371351,0.42305622,2.57767,0.13907506,0.31501904,1.0040954,0.60844225,0.26122826,0.20315343,0.5436745,2.9483309,0.29449248,0.5993098,0.5290032,0.02164437,0.1991819,0.34737536,0.51935893,0.9801403,0.1893363,0.66505164,0.21483643,0.48425153,0.62585676,0.62056834,0.2125742,0.28980958,0.8231341,2.8117647,0.0,1.2851882,0.16433623,1.0658075,0.35639405,1.7097743,0.07476661,0.36794817,1.0823253,1.4872066,3.2018812,1.6444412,0.8752209,1.4451702,0.388745,0.7508457,0.34618065,0.47070494,0.11605803,0.35355097,0.35573834,0.115150884,0.38197917,0.4070682,0.38726175,0.07271317,0.45295092,0.39799565,0.5247813,0.51928365,0.6086709,0.87233895,0.80638087,0.062261764,1.7481297,0.7332134,1.0590172,0.5075282,1.1708888,1.4520866,1.1886058,1.3987505,0.18229182,1.2113096,0.69174284,1.0835246,0.3419312,1.5586983,1.2235115,0.14616151,1.0433364,0.5916103,0.7781241,2.369943,0.28985816,0.6886961,2.237893,0.14672682,0.9995721,0.19290835,3.5747874,0.8066744,0.019635508,0.0,1.7808346,0.60427564,1.414273,1.5905391,0.008659247,0.14725764,2.4958305,0.48118916,0.6169292,0.003503586,1.6336021,0.86706805,0.7277189,0.13135299,0.57579094,0.022838287,0.33430967,0.9450671,0.5841242,0.25285447,1.369205,1.0597934,0.5361652,0.564013,0.4131704,0.019287236,1.0844555,1.3746991,1.6483425,1.3215144,0.6040201,4.211584,0.6924477,0.32497558,1.4866683,0.20472746,0.62792087,0.30169985,0.8748452,0.004808863,4.7524505,1.1476645,0.0057265847,0.5672372,1.3434314,1.1696287,0.17830253,0.1501158,0.8965757,0.001020247,0.10866274,0.2961525,0.5024748,1.3601387,0.75911534,0.09673122,0.57349646,1.1006494,1.2281637,1.2325873,2.9233043,0.46409467,0.9145721,0.05054344,1.569133,0.5856501,0.9010087,0.5335203,0.23961374,2.0895863,0.32720044,0.9347601,0.5141202,0.54394454,1.3328313,1.4572765,0.3007385,0.48277858,1.4038794,1.0534189,0.9223961,0.049302977,1.8659023,0.63665825,1.0539365,3.215279,2.6523085,1.7046671,0.33082667,0.7438652,1.8625345,2.2202697,0.7581009,1.9331827,0.041581225,0.28883573,2.6521804,0.40925652,0.08707797,0.03286785,0.0,0.9519999,0.12792817,0.09747684,0.550199,0.06986613,0.16263938,2.3469644,0.30650544,0.1667927,0.20303336,0.47837618,2.5570824,0.20323232,0.15067247,1.2997489,0.15545577,all_pothole_images\pothole_images_new_image_490.jpg
0.2340369,0.8603295,0.5965182,0.14758478,0.25176334,2.0768726,1.2892536,1.1706426,1.9866084,0.33676898,0.9932504,1.4658124,0.47412264,1.1361371,2.4587574,0.16913542,0.18088703,0.84306794,0.84665054,0.5936506,0.9101419,1.207198,0.2700198,0.63115245,0.09215602,1.8526988,3.7764318,0.9361147,0.42677054,0.24192235,0.48653704,0.2561903,1.0960004,0.6768177,0.2590299,1.4046552,0.77627206,1.2199262,0.16636118,1.2217239,2.2692463,2.1200917,1.4338574,3.2384913,0.94263613,0.22755288,0.88778746,0.9336572,0.38354242,0.26778203,1.2483345,3.6295495,0.8691183,0.34327215,0.4682831,1.2103193,1.0138835,0.06088399,0.83166593,0.039333265,0.32005417,1.6048274,0.6168035,0.91508406,0.83794975,2.4880862,0.7344265,0.4781352,2.534879,0.12078289,0.38235262,1.3694775,0.36928806,1.0960711,0.87220305,1.0861404,1.4971824,2.7786124,1.4871268,0.90142983,1.8953199,0.025708223,1.373731,1.5408521,1.9959162,1.7719271,0.8789931,0.15025091,3.2901373,1.6146078,0.1315529,0.90815747,0.38344005,0.74072313,0.3553557,0.23064871,3.3581362,1.6341355,2.020311,0.6864009,0.17903158,1.873615,0.12548573,0.76289815,0.09018466,0.53231734,0.756808,1.9342237,1.6545727,0.2687873,0.118932486,2.1144953,2.9894445,0.08545567,0.11440318,0.8786955,3.9743981,1.0490555,1.073884,0.61320657,1.4295025,0.41495496,1.3070914,0.9192337,0.52410394,0.1056154,0.1471241,1.384073,1.7267646,0.26421902,0.5383195,0.39858377,0.8507172,0.1492915,1.0309397,0.19755697,0.22431272,3.0098796,0.42707494,0.5196851,0.29226786,0.40979695,0.86348915,0.12477567,1.2962967,0.06978379,1.8526485,0.97094375,0.66240245,0.07207779,0.48880783,0.43894833,0.6224447,1.1351163,3.0434341,1.4110723,1.4446691,0.41926527,1.191286,0.8868017,1.5884295,0.83284694,1.0824493,0.41643205,0.78676933,0.69032156,0.35516793,1.6445941,1.0703332,0.5779065,0.17483562,0.36661223,0.7181328,0.38219014,0.52798235,0.07384268,1.891349,0.21391238,1.0572903,1.6242478,2.0131662,5.260489,2.2975218,0.46615806,4.1630254,1.1725422,2.2091632,2.7430432,0.014395861,2.015402,0.026770616,0.7428048,0.050686605,3.4011455,0.54887825,0.26454785,0.5854236,2.423286,1.152189,0.71951884,1.0062863,0.67905116,2.7515657,1.392721,0.24096829,0.47121927,0.35374463,0.65126324,0.33015403,0.05032368,0.97496927,0.6244938,0.58180207,0.9388469,0.5395285,2.5475202,0.04298142,0.8914795,2.9884636,2.3408995,0.43766645,0.86838,1.2749318,0.38170367,2.3964508,1.4195389,4.6424856,0.10674802,0.13859645,1.5237974,2.7991755,0.72712743,0.47644687,1.1788605,0.16462214,0.9929599,1.6113029,1.1821548,1.4761913,0.12412423,1.6104611,0.16646066,0.786641,1.1487762,1.4553314,0.55556256,2.1643794,1.0647081,0.034733884,1.2902441,4.447906,2.1283948,3.205392,0.18482178,2.5248997,0.8318016,0.017629804,1.1953089,2.9402354,0.56530756,0.2793226,0.25368923,0.27037135,2.4708784,1.9711792,1.814259,1.0776722,0.30087394,0.06392757,0.2726264,1.1163429,0.0,0.04205734,0.18530652,1.2827561,0.93621194,1.2746054,1.255232,0.542657,1.4502429,0.22295924,0.9044809,0.17245124,0.83689475,0.6613303,1.5003349,1.4443469,0.6868363,2.6738071,1.1161076,1.5745026,0.73103845,1.6806867,1.2584285,0.06824875,1.3057613,0.17582229,1.4723912,0.61240214,0.102875896,0.015987094,2.9523513,0.4165814,1.3263929,1.5561854,2.6703403,0.08086126,2.734555,0.23396304,0.7491911,0.41405526,2.1237798,2.199102,2.645203,0.2650284,1.6640159,1.0245423,1.0643511,0.97016805,1.4364935,0.48872638,0.7961136,0.29618353,0.7662682,0.45626792,0.74197626,0.44206455,0.012504188,0.41225854,1.7088025,4.783541,2.006156,0.075432606,0.48935732,0.57927245,0.5990509,1.1421047,3.9842784,0.8844168,0.32329974,0.77377534,1.0425777,1.6559165,0.16171117,1.4601842,2.59892,2.5090003,0.23048128,0.11532053,0.39604357,1.0475835,0.93491626,2.574802,1.623511,1.3443161,1.3824656,0.8604145,1.185672,0.019436186,0.3877948,0.32322413,0.14145984,0.17161663,1.2277316,0.50944513,1.4144747,1.5907385,2.0238662,0.5888805,0.45787576,6.175783,0.28186458,0.14226429,0.38079405,2.5815728,0.06355527,1.3259237,0.91677916,0.78506243,1.4522605,1.3398519,1.8006679,0.55557823,1.9172457,3.3742654,1.7847449,0.20020875,0.11003181,0.529862,0.8440811,3.052187,2.2778075,0.15283124,0.56324506,1.821728,0.49981743,3.4615245,0.9638787,1.3273354,0.64275897,3.6966684,0.40068436,0.7802397,0.7646984,0.09255998,1.0037174,1.2864574,0.9692956,0.06274012,0.48480028,1.0991635,1.5008674,0.88693136,1.4410565,0.12310185,1.3117932,2.3232749,1.6224365,0.5635023,0.526482,1.7012812,0.3001689,1.2024935,1.4706931,1.0573553,0.3005498,1.2542279,2.4971232,1.3372442,0.56824416,0.19842163,1.2651244,0.7864222,1.1176763,1.0430859,4.898317,2.1352143,0.5657664,0.32362157,0.24422176,1.1636617,1.00748,0.28512624,0.16012967,3.361431,0.13248175,0.49644217,1.0072408,0.042985078,0.76137197,0.40460908,3.2191296,0.25773403,1.2584229,1.1636579,1.0421259,0.7709588,1.1271093,0.8478199,2.1133275,0.047968503,1.3705668,1.4657633,0.39805856,1.4614888,0.3116719,1.1509391,0.26158854,2.9405143,2.8320243,1.7683169,0.80580086,1.1537672,0.4075819,2.2090309,0.7076507,0.53936636,2.368166,1.4713175,0.2344126,1.7071989,4.527262,2.1779082,0.4852667,0.22896057,0.4868301,3.0122318,1.9212627,3.322319,0.5316254,1.0471991,1.9242274,1.0721309,2.4687128,0.8115804,0.7864403,0.045047823,0.07970926,0.2689197,0.31344935,1.2332543,3.092095,2.0257833,1.4117081,2.3282897,2.1085317,0.27471054,0.021149915,0.47839287,1.1110917,0.8319196,2.661014,all_pothole_images\pothole_images_new_image_491.jpg
0.08681282,2.6340096,0.5148225,1.253288,0.44574896,0.6553673,0.614299,0.14825512,0.17232662,1.4804189,0.20893912,0.45042956,0.32038665,0.6322628,0.0,0.8194187,0.4891425,0.09941292,1.14931,0.7575676,0.6704503,1.699796,1.2690778,3.4349554,0.457135,0.32327682,0.18881151,1.7937552,0.012934749,1.4928168,0.9013242,0.0,0.48235616,0.9662795,1.5267596,0.2102999,1.1773702,0.25778037,0.35547963,0.15248485,0.03585952,0.38366127,0.15938169,0.044637732,2.0092635,0.20423163,0.4055266,0.0050573833,0.8960969,0.20957515,1.8875074,0.7191335,1.5712211,0.26516435,0.062573425,0.26330164,2.4659016,0.55112886,0.46170503,0.5785167,0.37546125,0.669587,2.6239522,0.50951356,0.99593556,1.3160452,0.44507185,0.23814806,3.1056354,0.47832286,2.4702613,0.06389628,0.67818993,0.0048013413,0.6611498,0.66712064,0.050733194,0.8739849,0.54016805,0.83666027,0.19623713,1.0341872,0.36357653,4.296677,1.7223755,0.27292073,0.10638381,0.2555482,4.497259,1.4499373,0.19552705,1.382162,0.8214491,1.9319662,0.17426136,0.8603997,0.07496155,0.77888286,0.34313482,0.11555764,0.5029261,1.505338,1.3197339,0.007444174,0.5791197,0.32977238,1.3451016,0.008465292,0.52618104,0.6898229,1.1654639,2.522736,1.2386304,0.73592544,1.256114,1.3140601,0.47148997,0.78678536,0.61161715,0.5088132,1.8008089,1.2645292,1.5740123,0.38434616,1.7665163,1.8250043,0.5256444,0.35262674,0.04130265,0.5308641,0.33874464,0.8422531,1.334218,0.44695932,0.39035434,0.39478904,0.24421197,0.43329164,0.69146156,0.28300577,0.7650132,1.9061611,0.40323862,1.1234319,0.95630527,0.42032856,0.4431022,0.09707696,0.6608214,0.5076229,0.19142541,1.1808227,1.7750465,0.18444602,1.5799377,0.52054167,0.10446072,0.9151149,0.20107917,0.22908771,1.3460472,0.079758964,0.1225835,4.022302,1.3664298,0.6715013,2.0910017,0.13410005,0.69513994,0.56841844,0.76459694,0.06352736,0.9994022,0.058681235,1.8374177,0.026144607,0.23739874,0.45270428,0.19232999,0.25435022,1.5937638,0.75520426,0.72890013,0.19645399,4.3610716,0.4970875,0.24240462,0.055847295,0.9853813,0.588992,1.9692627,1.8944029,0.12311613,1.9304883,0.095180295,1.3902223,0.038970675,1.5180259,0.1671776,1.0588338,0.6382844,0.37710765,0.04085459,0.42570144,0.2974906,0.39604127,0.11811035,0.0,0.9069455,0.5664253,0.3495219,0.7577711,0.86597705,1.2214454,0.2835806,0.362508,0.8311206,0.18180917,0.22585195,0.5386458,0.31747743,0.1390969,0.17997293,0.671219,0.31328386,0.06820199,1.6540889,0.08768646,2.6990635,0.10767767,1.219446,0.083595976,0.99816346,0.42381877,0.6433028,0.119728945,1.5410503,0.06406844,0.01759023,0.1910023,0.19419397,0.41822177,0.13123903,0.13424036,0.1910971,0.05876337,0.7902164,0.2037803,0.45984733,5.256379,0.96378535,1.1465572,0.6337918,0.15446143,0.5369339,0.0,1.5718329,1.3619803,0.56374913,1.7096405,0.4959322,0.46621114,0.036767974,0.38276723,0.24506488,0.80422115,0.20221539,0.7510249,0.8148567,0.15486418,0.620949,0.018155856,1.3548031,1.693702,0.07372674,1.117152,0.39246804,0.7154186,0.23637979,0.9235658,0.115297146,1.3665411,0.6177822,0.823944,1.4637471,0.38816708,0.19973642,0.85140836,0.28406402,1.1324694,0.058263816,0.58274597,0.079785086,1.0011942,1.1489481,0.2615571,1.1703384,1.092784,0.39248994,0.9557074,0.024954196,0.6930601,0.0,0.13049738,5.0613017,1.5610356,0.13877621,0.4166589,1.1363755,0.3425734,0.033331964,0.75928676,8.292973,1.1116203,0.45249233,0.101741746,0.75762177,0.02628173,1.4243166,0.6891246,0.10795165,0.24144024,0.03418069,0.8845109,0.6232566,1.1799424,1.0418671,0.6257954,1.235431,0.2530266,5.565863,0.20247218,0.0666422,0.08098636,0.35974443,0.018161174,0.10681565,0.2029746,1.5433408,0.14935565,1.5201868,1.4018692,0.37635154,0.0073757917,0.17843936,0.6918852,0.6015384,0.06476226,0.13155493,0.70495665,0.40206748,0.33456397,0.49878755,1.697547,0.20584723,0.6121434,0.2668588,2.3195975,0.11932091,0.016984614,0.08211444,0.8633151,0.27997866,0.9136796,0.029410707,0.7286462,1.1319575,0.86252034,0.19541277,1.7442467,0.98593765,0.5401651,0.5608342,0.3266597,1.3248229,0.8701177,0.17844203,0.08957069,0.4197179,1.4438716,0.47008044,0.09995181,0.20503657,1.4478731,4.84527,0.4990689,3.0966208,2.2566025,1.9662659,1.385687,0.69156224,1.7054881,0.57693124,0.44602406,0.0077279997,0.67655945,0.61984175,2.0851607,0.16848466,0.25816566,0.7813953,1.0496885,0.09318197,1.0421774,0.070069835,0.1170202,1.0235598,0.2146035,0.17306653,0.54472715,0.22343627,0.42304996,0.22729456,0.031795498,0.0067237415,0.42801735,0.9350257,0.70504993,0.32094362,0.12926173,0.37501314,0.20144306,2.5508983,0.48776135,1.5341884,0.5413331,0.3927146,0.9739584,0.4645188,1.0273112,1.7389772,1.8760093,0.66821843,0.34692362,0.44307333,2.1660414,0.38718662,0.17627521,1.8273478,2.0676053,1.0511868,0.021338703,1.3266506,0.08039776,0.54912376,0.09597107,1.6599759,0.8636829,1.1183972,1.69404,0.45348692,0.59952456,0.6386073,0.20698345,0.8778583,1.1629742,1.1829754,1.0078162,0.06971908,0.36226645,1.0923891,0.09030941,0.37334308,0.21188357,0.73363686,0.518256,0.1600164,0.0027304054,0.8041523,1.763692,1.5024688,0.25126868,0.36442915,0.22387022,0.491875,0.6013031,0.8206787,0.68346745,0.020912627,0.24470523,0.52779275,3.185269,0.9895757,0.10049144,0.011004949,0.3280922,0.92749405,0.17724243,0.2152834,0.017456118,0.09450702,1.4415799,0.26153135,0.65778506,0.060192004,0.21069457,1.243043,0.0,0.8046406,0.04624036,0.5295815,3.8593051,0.6156777,0.18909474,0.5289007,0.1645049,0.0,2.8035247,0.4713386,0.045064885,1.6448463,0.055189293,all_pothole_images\pothole_images_new_image_492.jpg
2.0072422,1.9757372,0.6469544,0.9373857,0.14955585,0.17374499,1.8304552,0.31456628,1.486256,0.067992784,1.2618891,1.614373,1.5972601,0.19841696,0.2263449,0.07793325,0.090869725,1.5178279,0.2786368,1.026621,0.47385344,1.1837618,0.38817844,1.2190706,1.3903815,0.20645525,1.5296488,0.24403334,0.5123001,0.9871953,0.2644141,0.8149921,1.373039,0.23316036,0.02442988,0.47336087,0.60117614,1.3040637,0.5578277,0.21867122,2.0270212,0.11708954,0.34051588,2.1040828,1.1222459,0.21657562,1.1522125,0.0,0.27445757,0.2426503,0.11040637,0.38290864,1.1962583,0.8647243,0.9446641,1.0668944,1.387704,0.53965205,0.28159675,1.2751343,0.25381532,0.67014325,1.017042,2.3019755,1.8148565,3.9027202,0.54472035,0.4852795,0.10821127,0.26582462,0.5660512,1.3026716,0.034240738,0.065798245,0.9306364,1.0588875,0.40101987,0.2029452,0.20633112,0.5181393,0.70394087,2.0190473,0.43184808,1.2235216,2.0120292,3.0053134,0.4233611,0.2866532,0.6759589,0.07062562,0.0855903,0.118867755,0.39868736,1.2729641,0.6958394,0.73980135,1.0220351,0.1852628,0.87011933,0.07129636,1.2972169,1.0711064,0.7038571,0.11349495,0.17723194,0.21419153,0.5850083,1.3176764,0.029552449,0.74161416,0.0,3.267134,0.59937876,0.026317608,0.008391942,0.75960743,3.2499933,1.3410438,1.8534088,0.5866565,0.64491063,0.5112332,2.257887,1.211355,0.8006842,0.533245,0.046828434,0.7174027,3.3385975,0.012679139,1.2761613,0.7007909,1.2403815,0.15767516,0.060304742,1.9882983,0.7847019,0.27109215,2.5659204,0.54455817,1.7923543,1.1147645,0.5795929,1.3218849,0.82064337,1.1695169,0.6169797,0.7143004,0.83968824,0.5484085,0.20935743,1.506073,0.49696,0.19049895,1.668206,0.53932875,0.05749944,0.4100811,1.223855,0.32487798,1.7651751,0.6483744,0.22775441,1.9113262,0.9860531,0.114505924,1.2328572,1.5909078,0.60637575,0.6118326,0.18823802,0.119713336,0.01666516,0.81483006,0.40987897,0.02956695,1.528755,0.030887822,0.36593616,0.7068166,0.41488868,3.9663627,3.45822,2.2236938,2.400867,1.154058,1.515054,1.7964334,0.22176473,0.5140278,2.1455398,0.6735645,0.004820178,3.8009586,0.30468318,1.2498014,0.19491349,4.023135,0.84118664,0.54872864,1.4382362,1.1191031,2.297317,0.5700849,2.9499805,0.34881964,2.3630877,0.08659138,1.4947301,1.2894944,0.47021398,1.0890131,0.28161657,0.69942176,0.6469472,0.83600986,1.0558398,0.5220953,2.1595027,0.38915697,0.021919778,1.369234,2.6426477,1.1962535,0.52868193,0.30555153,2.229639,0.18226646,0.7084295,0.7363121,0.8423361,1.1968207,1.2162782,0.007460949,2.2624419,0.2471715,0.040146165,0.062815,0.60269105,0.24251735,1.0126827,0.650118,0.3329421,0.24216823,0.21732852,0.007806827,0.838995,0.7312826,1.6268497,1.8802257,2.7276661,0.005059994,1.4909589,0.11484649,0.16541049,0.02032838,1.1182809,0.1423354,0.08726367,1.4072063,0.33184806,1.9078571,0.96588516,0.86978334,0.71685576,1.7238613,0.05256413,1.0540822,2.2018192,1.1093024,0.32787257,0.39352474,0.27421123,0.065928765,0.7381073,1.6759148,1.0961813,0.7594214,0.90702885,1.0698222,0.344447,1.9766983,0.002298605,0.47314975,1.506502,1.7237321,0.17461611,2.2070642,2.3727674,0.7028648,0.63256323,0.76668316,0.48517662,0.5510918,0.70586586,0.21003824,0.49545318,1.7107961,1.9333494,0.38108307,0.18562528,0.70829445,0.65444946,0.32914025,3.92978,0.67975897,0.4483392,0.7834383,0.11129184,0.33198828,0.5962648,0.88332826,3.6344008,1.5241451,0.07896624,0.67556876,0.078489915,0.7582961,0.962925,1.2209886,0.020717593,0.27032527,0.40665948,0.89323735,1.9803307,0.3898054,1.6857499,1.3211446,0.28099248,1.0270642,5.1696525,0.083867356,0.3367792,0.3555939,0.8378132,0.2272093,2.0422812,0.40024355,0.037726536,0.1007516,0.9004256,1.8311667,1.6783915,0.2501572,0.5354206,0.04086868,0.4925918,2.1217914,0.13944227,1.3675326,0.17291473,0.06447545,1.9092697,0.15309791,1.5474092,2.0771787,0.7535554,1.5746849,0.13227788,0.7466616,0.34229723,0.16904451,0.21642071,1.6755087,0.0,0.06572629,0.78178465,2.21451,1.0715407,1.7187852,3.8335135,0.7277436,0.69035375,1.0148501,1.5782458,0.24273808,0.629154,1.227825,1.1048838,3.2456944,0.09770199,0.33204308,0.6273929,2.8193882,2.728054,2.2454326,1.9930921,0.16485694,0.11378505,1.3457707,0.6016272,1.4615378,0.009096716,1.5513335,0.14096211,0.099768415,1.2793841,0.42288977,0.23205982,0.47273195,5.7487164,0.42190835,0.181611,3.1116488,0.5203121,0.42331868,2.2470636,1.1457379,0.44481853,0.08177625,0.56045306,0.21894309,0.35900941,1.9900887,0.0,0.5301029,1.605738,0.98589975,0.40348473,0.94887245,1.3475474,2.406408,0.8008636,1.2884867,0.55023986,2.008524,0.41695055,2.24912,1.3659477,0.15113442,0.1018333,1.3225023,0.24091661,1.3138871,0.3258759,2.62835,1.671012,2.159246,1.177273,1.2785249,0.39918697,0.5581502,0.21929312,0.069786645,1.0935508,0.5844049,0.11346356,0.112992175,0.16306177,0.053630404,0.23996367,1.333964,1.3526558,3.0632715,1.6340406,0.24887794,0.26243502,1.5783143,0.032872442,0.560183,0.4336275,3.3008637,1.6149478,0.69195914,0.8391286,0.12200087,0.026527988,0.17502066,1.7532156,1.3317055,0.57381344,1.3181733,1.0122713,0.6728249,0.35947075,0.4037962,1.3870271,1.2464316,0.9499261,0.0040709917,0.05230298,2.6336665,2.3791578,1.3455546,0.0031549216,1.5667424,0.72177833,1.6430595,1.7513019,0.08266069,0.2704849,1.4402753,0.16310374,0.26790205,0.8517495,0.35281706,0.41465318,0.54965574,0.023209814,0.00063657213,1.7730321,2.4303086,1.0726084,1.160961,0.110041946,1.2492901,0.48436737,0.14306787,0.73033094,0.81621253,0.14208537,0.26084945,all_pothole_images\pothole_images_new_image_493.jpg
3.5168064,2.884181,0.80940855,1.220723,0.10149695,0.47445568,0.39820486,0.4075202,1.194584,0.66347194,0.25486478,0.046556916,0.95605636,0.51467276,0.6833421,0.4746795,0.95344603,0.41833904,0.13276926,0.110450216,0.18470433,3.015603,1.0476563,0.6770466,0.71485555,0.7183622,0.704304,1.4503641,0.53422326,0.6436586,1.3962026,0.2929443,0.28629702,0.6290968,0.026379582,0.33415347,0.11948513,0.427592,1.1662141,0.8586416,2.0327845,0.9786583,0.10219523,0.22035004,0.8695023,0.47651055,0.8425091,0.41385725,0.31929606,0.014759764,0.083389394,1.1163803,1.6318142,1.0480303,2.3957632,0.04878876,0.58243334,0.07658227,0.53933316,1.4191614,0.0211293,0.32386392,1.0985885,0.3694978,0.45940018,1.6818848,0.047397587,0.5566522,0.7820981,0.88038284,0.62950337,0.54496187,1.502844,0.39247575,0.19547765,0.47999993,1.3244411,0.70208645,0.73446375,0.49435782,0.040435545,0.28447142,2.201891,1.5142741,0.5866861,0.7837556,0.74882674,0.21304038,2.8918157,0.22768182,0.62001187,1.653407,0.13635063,0.44663322,0.9631681,0.13863993,1.6585653,0.13750038,0.35435742,0.13822593,0.39945352,1.1713,0.2987143,1.3462455,1.2912964,1.273397,0.37448227,1.8065873,1.3811276,1.1045127,0.08076946,2.1717927,0.74373716,0.2984953,0.07097507,0.4155,2.259554,0.37724146,0.5500223,1.1784914,1.9834725,0.49515104,0.46793878,1.1937715,0.22921097,0.47894388,0.039955284,0.20539185,1.6155844,0.11414443,0.22717829,0.6299431,0.31392178,0.6219726,2.4595375,0.031582374,0.20419708,1.7555056,0.51941574,2.786624,0.29177567,0.4577806,0.37935802,0.57653666,0.8709122,1.6211281,0.97776043,2.3322985,0.09348778,1.6628602,1.1369181,0.17769688,0.015726365,0.9112524,2.1868126,0.13942042,0.545785,0.79490334,0.26030445,0.30037808,0.78273594,0.75737303,0.9838568,0.8511689,1.2478623,0.062222507,0.9529176,0.8487837,1.0332869,0.70475394,2.259719,0.73725927,0.33767325,0.5633962,1.455796,1.141203,1.5991719,0.20450675,1.9598756,1.3123486,0.03960713,1.882445,1.2575955,2.750867,2.9959168,0.23156598,1.6283882,0.61764723,0.8414951,2.0496724,0.6244871,1.0094274,0.7940015,1.4342922,0.4805014,0.8903659,0.49883008,1.2236696,1.0095847,1.8075253,0.6262456,1.045834,1.0894696,1.0145518,1.3887802,3.9466016,0.19841783,0.24910793,0.801211,0.8105494,0.7343598,1.6884538,1.9599814,0.62682605,0.247267,0.056820042,2.8196094,0.45287278,1.1197716,0.6147732,0.37040251,0.73930234,0.021503832,1.2383405,0.017860357,0.61257094,2.0124826,0.12604481,1.4632578,0.07234462,1.134378,0.055565536,0.14442742,1.426645,0.11569479,1.5448054,0.602598,0.43248025,0.74937654,0.0,0.39060226,1.8174214,0.42410246,0.3964501,0.00086874166,0.079498865,2.058957,0.6364762,0.50928384,0.7268934,0.79029953,0.900701,0.9474432,0.721829,0.9738698,0.16233262,2.5579584,0.009683448,2.268222,0.5080518,0.47723606,0.30890888,1.99634,0.6993678,0.74142456,3.6654034,0.02829883,2.5083282,1.6308681,1.1820536,0.5342352,1.4833614,0.4275363,4.4266124,1.1299958,0.70213425,0.7692334,3.4551618,0.0050240178,0.72166985,0.043829445,0.393638,0.2064832,0.6046834,0.69960815,0.23463883,0.40266362,0.21340822,0.05002068,0.17722543,1.4832122,0.3014466,0.0057084067,0.73813325,0.97404414,0.47739348,0.234517,0.63232553,0.44389623,0.38991767,0.15462862,0.9067062,0.23740466,0.5862962,2.616076,0.043094102,1.1941824,1.9164206,0.60245216,0.19635195,0.44507006,0.9512627,1.1863502,0.6852069,0.9106009,0.26938367,0.6057331,0.5942362,1.05466,0.18269968,1.2302868,1.0127046,0.23779328,0.34014386,0.8774241,1.9051545,0.7217588,0.5062118,0.07676577,2.3386526,1.8409816,0.22736888,2.0431652,0.57726574,1.1364202,0.72893023,1.3353701,0.0,0.1897844,0.573448,1.2111521,1.9218631,1.4547153,0.4931352,2.3192427,0.5704869,0.195865,0.16759785,0.52645034,1.4066143,0.0140502695,2.5943384,0.036693014,0.4260595,0.23699822,0.109430835,0.118380755,0.020620093,0.8383539,0.6402554,0.15733759,0.26350266,0.16550396,1.1206855,0.45225313,1.3588765,0.1788423,0.98131204,0.22435185,1.6039958,1.4079072,0.9218778,1.1414754,0.120597094,0.861363,0.73686683,0.074937835,2.7406864,1.2551425,1.5585052,0.0,1.0784539,0.57425916,0.78299916,1.9408435,0.6076086,0.56416434,2.1983168,0.47642258,2.7401152,0.20968789,3.2194083,1.5357336,0.38496956,0.08079387,2.071009,0.9904581,1.3387585,0.4021422,0.13897316,0.9720356,1.9916768,1.116574,0.9248027,0.24923751,0.3976434,0.8772407,0.8322261,0.86551213,0.4300843,0.0072566173,1.0393779,1.485067,0.9320892,0.0030782267,0.27145538,1.448048,0.42778903,0.5008861,3.1144097,0.44742045,1.2968158,1.6982845,1.735673,1.6106341,0.27588338,0.90021956,0.66555786,0.47766793,1.0166261,0.22499754,0.12542826,0.13264087,0.50795716,0.040992137,6.1232686,1.3979286,0.40489322,0.9143891,0.44871488,0.47628304,0.24413326,0.2229231,1.2687789,0.408591,0.01669918,0.9761364,0.267312,2.8962433,1.7058859,0.7013246,1.076524,2.2563741,1.3990272,1.6997634,1.1952429,0.34549394,0.79820657,0.40109506,1.5223429,1.2347977,3.8662894,0.261015,0.15988986,3.9799948,0.50750256,0.7508754,1.9811921,0.46432692,5.5464916,2.0462284,0.64912045,1.3309951,1.4985912,0.92031926,0.5989112,0.3535944,0.6515759,1.4670718,2.265902,0.9785566,2.4890134,0.5295881,0.9658458,0.7368947,1.011149,1.1790359,0.45015487,0.43431222,0.3554801,0.56183165,3.2983267,0.041948486,0.036894094,0.2413058,0.5165452,0.53619283,1.0943682,0.18615948,3.5890272,0.11986387,0.07999313,2.2860117,2.2390273,0.29604977,2.3014128,0.8915978,3.1344197,1.030802,0.42967775,2.1761975,0.29828247,all_pothole_images\pothole_images_new_image_494.jpg
1.1183016,0.06432442,0.14868164,0.27520883,0.2794725,0.724173,0.29466698,0.8126924,0.9825797,0.87795115,0.35499293,0.0,0.34107193,3.4552824,1.7585741,0.04202134,0.345468,0.21740027,0.6851944,0.9062391,0.90379184,1.7903371,0.3931886,0.020521872,1.4092388,0.7049315,0.3663418,0.62558067,0.82975096,0.19435126,1.4350688,0.71322995,0.1754181,1.4610989,0.17393726,1.2002474,0.0,1.493741,1.0202222,0.11120089,0.0014245493,0.3857731,1.0283946,3.878948,0.8893476,0.86298573,0.13167462,0.4534506,0.92910516,0.40895927,0.42818534,1.1010478,1.6716661,2.5373251,0.37353218,0.57858074,0.2590992,0.59218943,0.40377212,1.1937999,1.701031,0.10620257,0.33550775,0.23239817,0.40572459,0.31240812,0.42832094,0.13436922,1.0387219,0.14786014,0.75509655,0.8478463,0.9533677,0.15929948,1.2166437,0.13106458,0.42847043,0.3420273,1.8389422,0.46639383,1.157895,0.37691233,1.0284231,1.0174682,0.4335844,0.87334937,0.331236,0.2868066,0.22603177,0.99310976,0.5066391,0.3839821,0.34273046,1.124316,1.00952,0.027547775,1.2927253,0.7453276,0.20479669,0.5959195,0.33864748,1.1903801,0.021126447,0.1849126,0.45918977,1.0714743,0.4841036,1.2218615,0.30532497,0.23017822,0.94354105,0.23233573,0.26447842,1.1456175,0.7769354,0.00015051331,0.42649844,0.25918669,0.5355479,0.59799445,3.0994275,1.1991571,0.7504861,2.88183,2.399333,0.3289958,1.3153117,0.26286265,0.9922128,1.0960602,0.034786027,0.0054392973,0.22711138,0.49689755,0.28355616,0.06889085,0.7998467,1.3099071,0.7256324,0.39095846,0.21693294,0.038319338,1.2886187,0.49238154,0.21861817,0.37137687,1.0531849,2.486597,0.6218136,0.30727345,0.5906252,0.47264636,0.17982382,0.35138664,0.45448136,0.67560947,0.8683149,1.2832879,2.1201887,0.36004874,1.9019141,3.9215193,0.7646223,0.0905194,0.5493988,0.79841703,1.6989607,0.07035613,0.7403102,1.4876711,0.7091336,0.01699589,0.42004117,0.15718381,1.0914237,0.0071730474,0.3517249,0.08976728,0.5310252,0.2894764,1.6069957,3.6101985,2.4016938,0.39269975,0.13588351,0.9597483,1.459619,0.7669159,1.1247866,1.5241383,0.053261105,0.41993898,0.118561365,0.2180621,0.843888,0.609902,0.080251075,0.88181967,0.1366504,0.15329966,1.2367791,0.45851734,5.359805,1.1836243,1.8359473,0.39587083,0.3804487,0.101314604,0.95187443,0.019627236,0.11906451,1.2675494,0.42019504,0.14294878,0.8939479,1.1991912,0.0,0.5300466,0.77307343,0.6262154,0.093684465,1.8171155,1.0624262,0.43723795,0.3664377,0.3636994,1.7617253,0.45056665,1.153181,0.26693234,0.8244561,0.06794453,0.5963451,0.60614127,0.9636582,0.2838261,1.0423492,0.92357826,0.69277114,1.2461823,0.518792,0.8368577,0.327757,0.0684182,1.4946029,0.1940329,0.3100038,0.47027555,0.100759454,3.198138,2.521605,0.8325062,0.62898767,0.70808727,0.6928345,1.6189933,0.17466953,1.1210363,0.82668793,1.0080024,0.4811736,1.161835,1.1128633,0.9729482,1.1085616,0.5715244,0.46820387,0.37575307,1.0610155,0.3467713,0.03390299,0.39800557,0.79833,2.1571798,0.20771632,1.1797649,0.5151705,0.24753542,0.120202094,0.55667025,3.8812654,0.016179878,0.63618994,0.5015803,0.17547272,0.23843566,0.35581556,1.5817871,0.9425785,0.9557646,0.24689917,0.8401307,0.9393857,0.015220942,0.69182634,0.798541,0.048166707,2.6171687,0.766903,1.8008199,0.27838275,0.8736348,0.34172574,0.3618062,3.1361525,1.1573074,0.124199964,0.48038554,0.030573873,0.120928355,0.7199179,0.75886685,0.17355862,0.79890007,0.51392317,0.40972877,0.22957163,0.3128927,0.19762467,0.43741265,0.55301523,0.08377893,0.84645545,0.020573124,1.1581154,0.8495222,0.41636658,0.1598673,0.66510266,0.9541095,0.22935696,1.2379998,0.24041764,0.40347537,1.4313589,0.6439653,1.8025025,2.0915768,0.3540764,0.9964852,0.07942384,0.8355143,0.717668,2.0757468,3.0153732,0.35457918,0.2690253,0.6466376,0.4781764,0.29450923,0.20668831,0.054243397,1.6317574,0.1348601,0.6159693,4.291712,0.38192353,1.0832291,0.54603195,0.3306308,0.61167586,0.46704078,0.0,0.5801509,0.0038812568,0.3168517,0.8028494,0.17945603,0.15779789,0.0014578234,0.76158786,0.68080467,0.27074674,0.4229678,1.8074541,0.65803736,1.3338584,0.4467503,0.9919487,0.3166621,1.4393641,0.0,0.43278897,0.19688703,1.4608954,0.45759892,0.67658615,0.045182563,0.219777,1.6929592,0.42004076,0.5641327,0.61717796,2.453164,0.13926196,0.16456427,1.788826,1.2596698,0.7286422,0.565711,2.248345,0.047105093,1.0816001,0.34548154,0.11986003,0.25174966,0.27088052,1.1845573,0.23941839,1.0234656,1.3128806,0.48559764,0.06162161,0.48747447,0.46161106,0.74750364,0.30607203,0.41541383,0.3665263,0.46867794,2.6527884,0.0,1.2474953,0.5578908,1.992734,0.71702373,1.4595218,0.7050449,0.43081576,1.2064618,0.42134926,1.1372602,0.9062165,0.7906357,0.67535436,2.7717133,0.93329525,0.023821523,1.3278261,0.29958642,0.6627426,1.8511978,0.8581089,1.0402184,0.7504512,0.0,0.6552116,0.042658273,0.033319656,0.3854391,0.1559965,2.5073073,0.010882017,0.7667987,0.15830678,0.92119473,0.41881725,0.0,0.1617143,0.38703766,0.2857263,0.052314494,0.34042394,0.14686303,0.8717589,2.322208,0.15657443,0.33208647,0.44535223,0.3797318,0.35337913,1.3666047,1.5270737,0.20010243,0.35764167,0.39631948,1.457282,0.4131502,0.11924207,0.08846526,0.050305318,1.747731,1.2219346,0.58228135,0.023799332,0.44644228,0.011782365,0.1671102,0.6251378,0.0051724124,0.41128844,1.4330999,0.7485565,1.0413636,0.74082035,0.29338548,0.8496631,0.4242611,1.0788022,0.16815029,0.15216626,0.5637144,0.7125169,0.08481587,0.3945835,0.63058686,1.1420081,0.021315403,1.2850267,0.74018615,0.5231828,0.8628954,all_pothole_images\pothole_images_new_image_495.jpg
1.2288529,4.250589,2.5256197,1.1258762,0.27439836,1.491077,0.5629415,0.22145553,0.7435468,0.5610639,1.7752383,0.83173877,0.5479567,0.39811012,0.5820672,0.46696052,0.34596914,0.27204844,0.13346872,1.1800042,0.105097085,2.3508945,0.575818,4.7975006,0.015084433,0.67229694,0.16229811,0.33659324,0.9660258,0.57777774,1.136285,0.30785164,1.4346491,0.21485624,1.160982,1.5326524,0.18790407,1.0330733,0.46076614,1.5463051,2.249488,0.7300828,0.1252593,0.40170255,1.915848,0.1648219,2.630145,0.10509113,0.8391299,0.115673095,0.0,0.79538584,1.3522635,0.77687883,0.26927412,1.3569484,1.0812062,0.31762278,0.81163025,2.0680354,0.41556084,1.0545944,1.0237505,1.463621,0.10757586,3.301779,0.7054559,0.29674366,2.7342162,0.10047269,0.18519771,0.7632038,1.4720736,0.13335015,0.2015454,2.7060242,1.791677,0.038106974,0.16328776,0.848856,0.1692308,1.0861228,1.0441899,0.57220155,0.12513675,1.9132347,0.0,0.59930414,3.7763236,0.2833776,0.048920598,1.101936,0.14145453,0.13083282,0.8969348,0.45009962,0.23204927,3.822175,0.3797795,0.23308414,0.7593853,0.072962835,0.16432615,0.4549894,0.45096695,0.41819388,0.31667566,0.7204789,0.008994054,0.88287765,0.3964463,8.52044,0.25669765,1.6836387,0.08245101,0.71820706,0.3780822,2.5535948,0.67282915,0.5329094,1.6086382,0.554365,0.33436054,0.5892055,0.30012637,1.2504307,0.11698023,0.32530344,1.1877414,1.0442014,1.0825757,0.10675415,0.5173228,1.5163238,0.24645968,1.1627433,0.54906654,0.03785343,1.9444582,0.057377134,1.3335645,3.9035084,0.17206596,1.464062,0.15074834,0.0442495,0.3596925,0.08482691,0.08174114,1.969776,0.7531265,0.09751687,0.5573613,0.46157712,2.9003026,0.6047783,0.15480222,1.7839975,0.43006018,0.44365388,2.4196527,2.0366569,0.47184816,1.4619215,0.12661289,0.9124813,0.0075540706,0.0037805808,0.15824105,0.13542204,0.5011505,0.00040845125,0.70919424,0.43617007,1.0057143,0.21395297,2.2222188,0.018550009,1.1662189,0.7634806,0.21696205,1.6717056,4.6785507,2.2241383,3.047626,1.3630412,0.32697135,0.02080083,1.2709626,1.8679354,1.0430458,3.9436982,0.16851877,0.25378767,0.44954848,0.79174376,0.64675456,3.5547566,0.7849974,3.1373696,0.13800816,1.7526243,0.07471746,0.7342903,1.4155693,3.371204,0.31668827,0.8059433,0.16159627,1.2740852,0.33537346,1.2053887,2.0824661,2.4124005,0.048904452,0.21671018,0.7022531,0.30261093,1.6067156,0.13629347,0.036105193,0.7119866,0.6235527,4.520983,0.047062762,0.088681504,4.9054155,0.94779265,0.16260487,0.14530207,0.09185032,0.3396827,0.66386724,0.0,1.1741318,0.36455122,0.0,0.07328606,0.06861495,0.008642418,0.64896923,0.6975121,1.1016581,0.059589107,0.015372777,0.0,1.8589702,0.70320815,0.58678955,2.0460584,2.9526677,0.011916846,0.27347922,0.15872805,0.040110093,0.45415238,2.1359272,0.72570425,0.88386875,0.76158905,0.04766213,0.3526184,0.5152199,1.4015596,0.15257876,4.6498976,1.0035874,1.1887324,0.9278972,1.6623967,0.58742726,0.049834996,0.12537284,0.6434302,1.8034307,2.95666,1.9755535,1.3514366,3.7061448,2.0808983,0.054745853,1.9882925,0.34925678,0.27345294,1.440657,1.1774017,0.83539563,0.426742,0.08905387,0.12839629,0.19239663,0.39985418,0.70966226,0.61552066,1.2745386,1.0180358,0.92665446,0.7480385,1.4885952,0.0017595534,0.08560836,0.38762352,0.29042065,1.2900357,1.1000959,0.1815045,0.39730507,3.0884566,1.9786592,0.0,0.8645791,0.62267476,6.5024514,1.037383,0.00935374,0.5026968,0.5774311,0.30955032,1.3890294,3.5035594,0.42728442,0.03606207,1.201255,0.16774079,0.50384134,0.10041976,0.39839566,0.8444619,1.1498692,1.9096869,3.283198,0.5417413,0.42430222,0.11208909,0.1859001,0.72554827,0.26205435,0.17950645,0.05904891,0.796017,2.4535956,2.6105754,1.6209317,0.96161944,0.6691988,0.7293872,2.1633875,0.49102092,0.024822189,0.063147746,0.010624468,1.4588978,0.24019782,0.758092,0.71593785,0.07992242,1.2518095,0.56045264,0.4130627,0.1711316,0.17570375,1.3074667,2.2594488,0.022042597,0.046487305,1.3125931,0.08628487,1.9497696,0.45640257,2.5029552,3.0836587,1.970095,2.7349684,1.0809836,0.4927048,1.8111104,0.6343455,1.0181884,0.08103988,0.88101286,0.020565772,0.1211032,0.40644372,3.060477,1.3988627,1.8288602,1.73135,0.8076117,0.09564837,1.3059508,0.80820113,6.199062,1.2852628,2.2681932,0.33916223,1.061382,0.064861685,0.8279434,0.02486064,0.36189473,2.1172733,0.2988859,0.019014928,1.3178128,0.46758908,0.59746426,0.6497551,2.7041276,0.28616267,0.084769234,0.38191506,0.024072917,4.77626,0.67228305,0.07185911,0.9112086,0.07196815,0.21738274,2.4701939,0.7542049,0.028036905,0.89276415,0.56682926,1.2167883,0.92345536,0.73336214,0.23463397,1.6235312,1.8867844,0.5359141,1.2387763,0.00087387237,0.3110883,0.80736446,0.37654227,4.7730412,1.1050144,2.8118382,1.3576059,0.75788987,0.11603083,0.66322917,0.015839877,0.4427903,0.24234807,0.5797484,0.14357197,1.7496411,0.9702447,2.2097452,1.1992493,0.60503995,1.3711878,1.8676631,2.3925357,1.2514018,2.8975437,2.6949131,0.0021155507,2.7276945,0.038485266,2.171247,1.8403298,0.024745386,0.030597014,0.3859046,0.065353826,1.1268188,0.48121595,1.02118,1.33743,1.4392385,0.11740393,0.24983566,0.5838141,0.20634775,0.89598364,0.21487084,1.3739207,0.2573442,4.6354213,1.6416743,0.56639934,0.7187595,0.03114309,0.7238268,3.0048413,1.3242122,1.7820644,0.0,0.9598753,3.0875604,0.85892534,0.0049670557,0.10767561,0.10755635,0.14718407,0.45855477,0.000464598,1.7347016,1.1900767,2.0537384,1.4112163,1.1619169,0.0,0.7566832,0.13222773,3.4394195,0.31208423,0.030635599,3.321794,0.022899948,all_pothole_images\pothole_images_new_image_496.jpg
0.34530494,0.39017618,0.6987097,2.881282,0.2866628,0.90697634,0.19765359,0.21607745,1.6350197,0.22924006,0.45595467,0.86321366,0.062830254,0.86111015,0.34309146,1.5213056,0.41790956,0.070404224,0.7273259,0.009663693,0.65413797,1.2967094,0.5395567,1.0463704,1.1085478,0.11398967,0.007814594,2.0134387,0.1153497,0.91672564,0.40562084,0.12328962,0.9605123,0.24920802,0.55566645,0.4583453,0.11674103,0.07260941,0.29947522,0.6895959,0.96106046,0.7975909,0.347842,0.21834825,0.88486356,0.01367306,0.22970055,0.022819893,0.8320133,0.03301982,0.4244985,0.3158813,0.9839273,0.20213878,0.07819049,0.89641726,1.8986468,0.0,0.6508168,0.66856337,0.11274247,0.087469965,0.31789556,1.3372703,0.3626,1.8297592,0.559403,0.06368497,0.6981463,0.42294505,0.31356183,0.7626755,0.25130773,0.38882244,0.4183023,0.7219979,0.2981238,0.2760984,0.05652075,0.3305368,0.044915166,0.32405776,1.2012964,1.3181633,0.56388474,0.8794009,0.40476078,0.16715424,2.4117923,0.3752852,0.5580968,1.3389198,0.020021467,0.18821763,0.32746366,0.26548004,1.8668783,0.9467809,0.11625901,0.65515554,0.08229054,0.4516256,0.32357386,0.40630558,0.6648123,0.0062694773,0.4255584,0.08078807,0.35778722,1.0726295,0.48126125,3.8318899,0.16808945,0.12234202,0.13022107,0.6917581,1.6117554,0.85116607,1.6343925,1.3610367,1.535818,0.50801164,0.22649968,0.27121723,1.4136424,0.782054,0.05004201,0.2625123,0.71520287,0.18728742,0.29097107,0.08760012,0.07911387,0.69296396,0.077081665,0.032865323,0.06332524,0.46457413,0.90379953,0.12167147,0.19201076,0.5118861,0.012248073,0.16103238,0.14194389,1.0290703,0.38907325,0.71932733,1.0190505,0.83129305,0.2087651,0.6460454,0.2999311,0.24122462,1.8448218,0.3093995,0.050351735,0.47323468,0.24842106,0.97543055,0.5082522,1.4624896,0.67012465,0.38343218,1.2193036,0.26058626,0.13491513,0.0379601,1.0077664,0.4796151,0.16434671,0.14385334,0.07867107,0.078510106,0.36021003,0.18617906,1.7065178,0.0,0.76243645,0.16124447,0.084200904,2.1102798,1.4800247,0.55335575,3.0617344,0.5411286,0.87847954,1.4613959,0.82731,0.77713966,0.45708847,0.27110517,0.12549488,1.8540691,0.2748898,0.10444699,0.39332682,1.8313813,1.1175531,0.8913404,0.49723315,1.1551366,1.0026553,0.51552033,0.9942331,0.17022838,0.16057742,0.17963088,1.3713064,0.036893398,0.06597628,0.05906664,1.5267364,0.5320676,1.0353378,1.99247,0.020327527,0.3505242,0.7699158,0.7592133,0.646505,0.7190013,0.25522068,0.9747915,0.04248332,0.2663595,2.3755445,0.22906113,1.021539,0.48873112,0.08120988,1.1776263,0.28219554,0.23271148,1.0440686,0.3645787,1.6776593,0.017624922,0.22139603,0.01370454,0.97615063,0.7368826,0.58653575,0.8276401,0.17519006,0.0,0.5526648,0.33321112,0.91744167,4.6947327,1.9550198,0.012639037,0.6511692,0.09235036,0.024929615,0.05826936,2.1935172,0.50021744,1.0350108,2.2817147,0.0,0.02529463,0.31842446,1.3639464,0.53792757,2.0972278,0.5703061,0.24584027,0.7262205,0.3017552,0.72606516,0.30945408,0.111049905,0.5354741,1.1980697,1.0989931,1.146519,0.7994937,0.020348884,0.73169315,0.071025,1.191176,0.08810774,0.6053276,0.49307576,1.3928382,0.9147809,0.505684,0.43205985,0.006131632,0.039222006,0.117004156,0.4469109,3.0628443,0.05380578,0.14005439,0.563863,2.2803454,0.90425277,0.34659156,0.016526932,0.13869214,0.18648672,0.4315212,4.8686876,1.201863,0.4662444,1.3777304,0.08659851,0.29927194,0.118072554,2.032648,4.790942,0.5519054,0.2148277,1.5429488,0.09082584,0.5404585,2.8842192,0.31268832,0.7181348,0.7466375,0.0,0.9433696,1.8101635,0.024381284,0.5969887,0.14677124,1.1770706,0.061213445,4.523887,0.009078759,0.21285312,0.022926426,0.074096724,0.0,2.1078916,1.1004375,0.34272298,0.4815402,0.5256612,0.3872952,2.4083145,0.5145067,0.4418938,0.27189124,0.4674593,0.30237883,0.32947683,0.40354124,0.54581994,1.337975,0.2539042,0.28958312,1.3177887,0.18930057,0.40653834,0.7601059,1.5682218,0.9725572,0.05074513,0.013925352,2.3109446,0.055084836,0.08067416,0.3720379,1.7096838,0.24778253,0.15745525,0.45926622,1.3010577,1.4278804,0.059947353,0.0011653769,1.8468304,1.3691081,0.0769433,0.92686325,0.33510986,0.33862677,0.11369415,0.00096194644,0.75736296,1.8050957,4.7698503,0.3980911,1.1321071,0.060346156,0.04723321,1.6992449,1.046209,0.8739286,0.0060035815,0.7911478,0.09937955,0.13539556,0.9467146,1.360487,0.50987405,0.22366817,3.8567724,0.10802315,0.3152028,1.2019463,0.12554044,0.030446714,0.14241983,0.4930658,0.05372927,0.051749308,0.018715248,0.33029765,0.8686773,0.14521383,0.011666879,0.11131106,1.447435,0.3508805,0.5954722,0.32419366,0.7227548,0.8972558,0.7185024,1.9026501,0.5663456,0.32420388,0.8958067,0.8091172,1.9956487,0.3939631,0.25379002,1.9868704,0.73516846,1.9500626,0.25157487,3.3518245,0.7877387,0.97059095,0.20319806,1.164172,0.49046084,0.6448461,0.48339024,0.20420535,0.46683145,0.36638305,0.25367934,0.45443857,0.6518666,0.6653257,1.4420555,0.8385644,0.38186598,0.5591608,2.4475577,1.7393962,1.0385051,0.68702215,0.39714938,2.6443005,0.33514702,0.7497732,1.3595141,0.068559684,0.75166905,0.83990586,0.69887936,0.00012653206,0.2696048,2.7602918,0.32719117,0.7276086,0.5487775,0.17865038,0.83391076,0.84214145,0.4588453,1.1214553,0.10816019,0.014229227,0.45815963,3.841305,0.89401126,0.13294156,0.0,0.90185094,3.1949108,0.04599273,1.1166582,0.009825761,0.11952427,1.9010302,0.021365555,0.018337077,0.0105681075,0.016715305,0.22059195,0.1281451,0.7884375,0.5781106,0.14253426,4.8565307,1.5761207,0.12779245,0.77568,0.8576934,0.21312258,1.3491416,0.2564964,2.1155658,0.68470013,0.07392467,all_pothole_images\pothole_images_new_image_497.jpg
0.06569778,0.066743575,0.102552325,2.6618223,1.0796485,0.31810835,0.0,0.0016888193,1.177058,0.055418532,0.81517744,0.0,0.30234036,2.5405858,0.0,0.31497106,0.34107286,1.6623312,2.51362,0.056198906,0.732749,0.5206538,1.874854,0.29932982,0.90505224,0.027598463,0.64006686,2.4058928,0.00079634524,0.06141088,0.2317976,0.018941062,0.0026464595,1.312353,0.015197116,0.99922305,1.1487806,1.1837933,1.2954984,0.1438338,0.024325786,0.017963095,0.52373886,0.3698293,0.21288382,0.6324646,0.09698188,0.62398773,0.33602488,1.5272238,0.52349114,0.112532124,0.73640525,0.47457898,0.1679579,2.0934646,0.0067415326,0.87331736,0.0049501937,1.3572822,0.4337043,0.0,0.09358172,0.19561951,2.9746659,0.27464768,0.64138234,9.0764755e-05,0.055987317,0.02272946,1.7668052,0.028304515,0.2031945,0.0008255669,0.513051,0.0,0.34065312,2.0875502,0.059789617,0.45861527,0.0,0.40115702,0.00640633,1.1289802,0.012318426,0.0001781522,0.06324899,0.00581275,0.09587515,0.38458824,1.1175786,0.017918894,0.10019201,0.42071712,0.83879346,0.026983233,0.49120694,1.394447,0.22914241,0.70677185,0.33856675,1.6859426,0.04397472,0.013244216,1.6049052,0.09207271,0.16897017,1.3554304,0.56212693,1.4635922,0.48137897,0.093311444,0.0,1.857397,0.2752518,0.0074270987,0.01937637,0.93854547,2.155432,3.6596293,2.0788076,0.0896152,0.03385777,1.0172678,0.2052614,0.40618163,0.49444345,1.0930252,0.05111018,0.2897652,0.2727282,0.39081377,0.09606137,0.40646777,0.24541505,0.6782973,1.7792516,0.77373034,0.02171403,0.24315606,1.4427291,0.053535327,0.004215693,1.2213081,0.0,0.97349775,0.0013771808,0.19467197,0.090980895,0.21515892,0.07873034,1.2029094,0.41260442,0.59859437,0.4273632,1.0328025,0.62386936,0.97718275,1.4681246,1.3027493,1.6968806,1.6869164,0.16263282,0.9896002,0.022177866,1.3719362,1.1331853,0.092297144,0.050048955,5.4242845,0.013527595,0.003157888,0.0,0.0,0.33021697,0.03818545,0.009482075,0.20857634,0.0397118,0.032495424,0.21356204,1.5236079,0.0,2.2248645,2.0141666,2.6067219,0.40466785,0.45396307,0.21150152,0.0928965,0.07576756,0.4008838,1.8082664,0.006302744,1.4137691,0.8388864,2.8608148,0.006405165,1.2747297,0.096806474,1.8360683,0.41542196,0.0032135202,0.04423359,0.5244218,0.20093282,3.8679616,0.15811616,1.9087349,0.36717647,0.024890967,0.017933669,0.27328604,0.09940907,4.5920067,1.9789786,0.013748119,0.09261818,0.768815,0.06572683,0.046380274,0.08971629,0.015641494,0.048891123,0.0,0.1823267,0.08345319,0.26755974,4.6709714,1.0454935,0.12913707,0.0,0.57412934,0.9300741,0.2315415,0.13904509,1.939653,0.3674403,1.4607528,0.48470065,0.0006794905,0.074609436,0.7287247,0.29859746,1.4458249,0.14607437,0.0,0.6161395,0.0,5.3582377,1.063464,0.042199787,0.0,1.2583642,1.0299767,0.0030454576,0.036872465,1.216106,0.0,1.2945836,0.784196,1.2156097,0.7129401,0.0035327768,0.052662883,0.21749468,0.75764745,0.35592815,1.3598979,0.14548463,0.098153464,0.0,0.34874445,0.5129903,0.49870345,0.23784453,0.29962608,1.0344093,0.17753616,0.2824635,0.14067937,0.72619224,0.40653774,0.09455344,0.117382,0.12377241,0.020958846,0.73985803,0.25684816,0.42125607,0.0,0.072466135,0.0,0.9614998,0.21785432,0.6390818,0.10688767,0.03184874,0.63421595,5.212884,2.9179232,0.2584425,0.07564638,0.25753802,2.6893485,0.011210378,0.5432958,0.0869593,0.23657484,0.009140642,0.9396692,0.55308354,2.5280762,5.936325,1.9903086,0.8512313,0.0,1.4139205,5.537118,0.92266595,0.2695784,0.005789834,2.806476,1.698525,1.85963,0.7135605,0.19973579,0.0,0.018877622,0.0,2.6654706,0.23115571,0.8231517,0.41208336,0.20032252,0.0,0.8402759,1.9521415,0.22075795,0.78212076,0.066724114,0.0,3.8804774,1.1865499,0.53505695,1.6068853,0.09485677,2.0833547,1.8564287,0.31651795,0.3347312,0.45305228,0.06714682,0.7706254,0.44390652,0.0814173,0.00029849776,2.3383555,0.0030892952,2.5510752,0.4759677,1.2120267,2.2107456,0.014709149,0.499975,0.11338982,0.053137485,1.438171,0.47135162,0.20768708,1.694396,0.002791046,0.14184842,0.049731735,0.004397737,0.0025679742,0.05788041,0.47299123,1.2429357,0.16610572,1.44992,0.0,0.037897617,2.1511216,0.23642781,0.846077,0.40803885,0.04618929,0.46297398,0.78998005,0.61292356,0.0,0.008927429,0.5725924,0.24616887,1.4164537,0.93803364,0.31809002,0.3762262,0.1847257,1.112376,2.294469,1.4826407,0.014675707,0.8317342,0.2275511,2.0014057,0.2184763,1.8796408,0.03924282,1.0326021,0.115526244,0.42074177,0.22045805,0.0,3.3799248,0.12182914,1.1295125,0.120664805,0.03015236,0.34238884,1.8260697,0.0,0.20232064,0.7700208,0.6607868,0.0,0.11048665,2.7044802,0.60263515,1.2946744,0.02464224,0.48152205,0.3609669,2.4249651,0.4697178,0.9146409,1.0770656,0.31789708,0.5437469,1.4345918,0.046509806,0.010670631,0.4678002,0.005708184,0.0,0.16430296,0.5849624,0.26097485,2.418373,4.8500004,0.04726059,1.2607799,0.19466442,0.0023790007,0.37305862,0.12767996,0.026375277,0.021044774,2.6301436,2.7308064,0.16755116,1.9495871,0.24899566,0.00484635,0.26904875,0.054424714,0.23119539,0.6965165,1.2157032,2.790004,1.0828185,0.006076933,0.16587207,1.9171748,0.0,0.56457764,2.0692163,0.16835512,0.3082732,0.013931912,1.6657183,0.77476406,0.08257964,0.23877494,0.013427001,0.0123492405,0.0,2.2016985,0.85061705,1.136831,1.1402175,0.094370395,0.6381383,0.30490154,0.16595423,0.0,0.3194255,0.038390707,0.327842,1.3290306,3.8919282,2.7676764,1.1838114,0.5791596,1.3699037,1.8734066,0.079811126,0.35502917,0.03355128,0.0,0.0040906067,all_pothole_images\pothole_images_new_image_498.jpg
0.10278584,3.9721432,1.059028,0.23402888,0.84515005,1.8031087,1.0764115,0.006898413,1.3006233,0.30977878,0.7398851,0.7296848,0.20331585,0.9206188,0.0021276304,1.944632,0.37026355,0.21666056,0.5638342,0.24649362,0.009244579,2.9094787,2.0669405,1.586897,0.11720203,0.32860085,0.12241002,1.211536,0.0,1.9692918,0.48250216,0.1853241,0.1295038,0.35421687,0.4485521,0.0073640533,1.3510889,0.67601806,2.1889613,0.01811699,0.116491675,0.14386126,0.16034168,0.64417326,1.5085446,0.06430131,0.39560053,0.123186395,1.0336847,0.33043262,0.31825322,0.66373986,0.3433391,1.5527339,0.93922126,0.96640044,1.4648494,0.3289016,1.914877,0.38175485,0.08433445,0.0020745965,1.6207861,0.42393368,0.32184646,1.6093234,3.10277,0.11901317,1.7017776,0.9748302,0.9829201,1.1547563,1.1293936,0.058459107,1.6451169,0.60819024,0.36260796,0.027121453,0.13967209,1.4635361,0.049102083,1.6063432,0.99607956,3.8452473,3.1851761,0.19172479,0.66203713,0.8937182,3.1849682,1.3528036,0.42003766,1.2404431,1.2332801,1.6542699,0.57673144,1.2588228,0.8200423,1.1081256,0.43846717,0.5548691,0.5118356,0.28183803,1.0242925,0.048474588,0.15681231,1.337042,1.8445727,0.08818703,0.34403563,0.5205864,1.3500967,2.4899483,0.1986849,0.7403532,0.5857241,2.498712,0.9606444,0.19372612,0.15394726,0.11725371,0.1616257,0.31559315,0.5307529,0.096020184,1.3186803,2.1588688,1.6941917,0.0029125216,0.32822868,0.2360595,0.37662953,0.9652032,1.5257804,0.06428113,0.36701664,0.34035835,0.4343158,0.23965693,3.0818086,0.52951413,0.47215036,1.4061228,0.04769178,0.37193945,0.012531288,0.47863516,0.7521215,0.11283857,1.0352165,0.9566526,0.121780686,1.7970258,1.1626904,0.19195673,0.21046184,0.3104444,0.25826368,0.82750434,0.40607467,0.39645642,0.28428602,0.13585332,0.44884464,1.771831,2.3422155,0.24031475,1.9995103,0.1244312,0.45537466,0.29977715,0.72639376,0.059307847,0.19569509,0.026221482,3.8883119,0.026597941,0.17008847,1.4068654,0.26297548,1.1672434,0.014116057,1.0598192,0.17446038,0.49891868,1.3750015,0.8674136,2.2436254,0.7393385,0.37150666,1.5964011,0.5913298,0.8549622,0.09531519,1.1300819,0.8501565,0.09866295,0.18975706,1.1004175,0.35679948,0.052455995,0.249255,1.1279119,0.36088717,0.45566547,1.479384,0.41443953,0.42881477,0.05835221,1.3807175,0.48853084,1.1053944,1.4228792,1.4876869,0.5021786,0.55454487,0.10840373,0.066495046,0.38150102,0.60115224,0.23414528,0.094576016,1.838945,0.19375359,1.3198354,0.01951982,0.08228931,2.5917294,0.74631894,2.2459588,0.34660122,0.011182147,0.20164816,1.8643154,0.33427802,0.8128658,1.1863074,0.5179069,0.24898084,0.011509341,0.67892236,0.1704009,0.54660904,0.011989766,0.2889437,0.54024225,0.29005304,0.96111834,0.028556926,1.3838603,2.1715465,0.5426026,0.06978588,0.6802651,0.025085766,0.09001718,0.16423333,0.4456593,2.0244246,0.14629713,0.721891,0.4553759,0.34605616,0.91875947,0.8094702,0.81109095,0.73293614,0.3033791,0.801651,1.264595,0.05717273,0.16211598,0.035558797,0.21303014,0.6221423,0.19604318,4.559602,1.383546,0.10435019,0.026289629,0.19281155,0.007885209,2.3111067,0.051470034,0.26837397,0.72603655,0.3035928,1.152206,1.3691669,0.8556402,0.13222688,0.82144153,0.37622836,0.13513774,3.2618916,0.74454087,0.0026358743,0.8495293,1.9294119,2.0398548,0.4003444,0.030455805,0.07704208,0.0,1.4972496,5.8069787,0.30366835,0.732012,0.86715573,0.38465545,0.8349676,0.05387201,0.30605918,4.8403425,0.80557233,0.17625645,0.37265038,1.1499072,0.4670157,1.3839332,0.14498672,0.13504247,0.19439112,0.005628654,0.15936275,0.2719557,1.1870071,0.7007535,0.6548757,1.7497798,0.67417705,3.909204,0.57494736,0.5767249,0.008120594,0.30591294,0.083236925,1.0064186,0.02665997,0.0041442383,0.30836633,0.28694898,1.0696553,0.6380585,0.1083831,0.5514051,1.1243814,0.2161302,0.009961917,0.09317854,1.987229,0.0,0.5071332,0.63017535,0.23803815,1.1261925,0.84183043,0.8898237,2.8050103,1.7208722,0.24360693,0.009276259,0.30216902,0.54371053,0.36365598,0.3724611,0.7897928,0.24146242,0.74306846,0.29390985,0.12439202,0.59856313,0.40240815,0.52820295,1.7338829,0.8663985,2.077679,0.2231586,0.7617809,0.59504175,0.48674065,0.007981963,0.92545116,0.79662895,0.20461696,3.7856581,0.48057568,2.3785124,0.055279545,1.9951129,2.3673842,0.6081617,1.115175,0.57904357,0.67620826,0.9159041,0.0,0.14438319,0.85259384,0.01418048,0.4643112,3.264093,1.0734222,0.4046265,0.7197526,0.22444773,0.0,1.475549,0.72430146,0.09457764,1.2147473,0.041112334,0.57667434,0.5805809,1.4050509,0.3334859,0.17891681,1.309373,0.08528312,0.3903308,0.020586915,0.0010126927,0.28800306,0.68419033,0.9030113,0.2053559,0.40650436,0.48258746,1.4253702,0.031534895,0.22668114,2.3387172,1.2756494,0.11424632,0.5502617,0.78085405,1.8006022,0.428329,0.012612881,0.72453445,1.3161664,0.4096925,0.83997655,0.24337886,1.622817,0.76194024,1.2307035,2.5331268,0.44598556,0.2670221,0.51848334,0.32612678,0.10607822,2.182087,0.44721365,1.5346557,2.2797813,0.9176751,0.4650064,0.05034155,0.23153505,0.8490308,0.03692672,1.5144687,0.6744062,0.1919011,1.3301148,0.04821414,0.34873465,1.032037,0.54745317,1.1309158,0.46210924,0.36926588,0.01713071,1.3683149,0.40152413,0.99594504,0.35092053,0.34236172,1.3449168,0.8230248,1.7609507,0.75071687,0.5025608,0.1586821,1.6463745,0.6868152,0.22561105,0.6230819,0.13159801,0.8359201,0.8452694,0.5356165,0.095965445,0.48079795,0.33996418,1.8222328,0.04770964,0.62063634,0.67712885,0.26230794,3.0224166,0.024073191,0.52832186,0.72460735,1.6165721,0.010268114,0.90640384,1.5217184,0.29005712,0.0,1.6649833,all_pothole_images\pothole_images_new_image_499.jpg
0.028534023,0.73374254,0.1541687,1.1034172,1.5286429,0.32429147,0.4547239,0.03570861,0.27554697,1.2170875,1.6044421,1.387737,0.5987761,1.2351596,0.019141018,1.5573987,0.15889923,2.8230398,1.2419177,0.8320535,0.79554963,1.2476878,0.43236074,1.6015737,0.8849892,1.1887856,0.088104226,1.0531061,0.0553178,0.4076063,0.06174233,0.629342,0.9114277,1.5145123,0.3009148,3.6518223,0.13473779,0.6334494,0.44914213,0.14966372,0.11851341,0.034465253,0.05449906,0.17740312,0.0750988,0.9159969,0.53754026,0.040979955,2.3728566,0.9141589,0.84070307,0.79155105,0.004572573,0.31766117,0.6235218,1.9967372,1.8209611,0.58325547,1.4347764,0.010599816,0.16441843,0.3694078,0.07348163,0.09494843,1.5028368,1.4203709,0.015689716,0.5938963,1.0227783,0.4410867,0.006920869,0.36155298,0.5851508,0.29819414,0.08901084,0.03427986,0.03440919,1.1244345,0.19621159,0.19904521,0.023857053,0.116940655,0.7207744,0.5425596,0.29616725,0.16293864,0.13072623,0.11546613,1.2292234,1.2620684,0.32252312,0.25286093,0.6185304,1.1894991,0.018223662,0.023772607,1.2481651,1.3846797,0.8659407,0.76346916,1.8556005,3.8906882,0.15915887,0.027041811,1.5877249,0.5549976,0.09187865,0.5113102,0.28303617,0.86029387,0.015384241,0.6180326,0.5299154,1.0050544,0.36555734,1.2710127,2.2471776,0.97132254,5.3616743,1.0436804,0.23885766,0.4773828,0.28648227,0.55693066,0.3640399,0.68850255,0.43599918,0.56018037,0.2769508,0.17474677,1.8287369,0.0,0.75640774,0.062390395,0.16542575,0.5572117,0.81301767,0.9364332,0.548526,0.014511498,0.41105273,1.3943567,0.67711776,0.26090938,0.0025165388,0.4532691,0.9994983,0.90282845,2.6870525,0.98443335,0.72485334,0.88050824,0.60460263,0.03470222,1.8823782,1.5153959,2.1099665,0.73004377,0.65163875,0.056001235,1.9656308,2.5795078,0.277574,1.6882632,0.13596518,0.19011436,1.4160967,0.50579727,1.6656395,1.3707714,0.34065098,0.645428,0.54898566,1.6868837,0.72337186,0.00866095,0.024719918,0.06575692,0.449135,0.19523783,0.7921819,2.371273,1.7035238,0.8816409,2.884285,0.23931989,1.1760048,3.016609,0.7676089,0.7479882,0.282995,2.2521336,0.023157425,1.7026149,0.32005212,0.29270202,1.4730994,1.0573593,0.7379035,0.07145937,0.49747294,1.109785,0.32835212,0.18677883,2.503921,0.12898314,0.82343936,0.42695162,1.0214708,0.7461173,0.0052022003,0.040968362,1.4486475,0.23052642,2.314175,0.17410743,0.6388284,0.046070203,0.043534394,0.4524972,0.17819706,0.7715663,1.2986714,0.0832702,0.095284544,0.048447814,0.16759014,0.13220808,0.9211592,0.20406881,0.06901937,0.02109629,2.5172212,0.4232734,0.09291604,0.237199,2.08429,0.03565751,0.6272162,0.59649485,0.15844412,0.25963503,0.5230891,0.43380573,0.6208316,0.5191488,0.20997958,0.078819685,0.65950185,4.15319,0.5706414,0.13415907,0.54299545,0.93766546,0.66766363,1.5408701,0.058850214,2.1815739,0.45087716,0.6542974,0.943805,0.0,0.017386818,1.7827811,0.74949443,0.10238094,2.4829686,0.26328215,1.8455137,0.1982103,0.1369406,0.12040946,0.071986325,1.8768151,0.9374886,0.7088346,0.53618807,0.058593974,1.5917451,0.8812943,1.0597885,0.05986844,0.92181635,0.03217591,0.14979018,1.4710695,0.06629856,0.3219999,1.3367636,1.8571192,0.49187317,0.3411508,0.41680387,2.5345306,1.8680491,0.027800418,1.0441909,1.7783618,0.4998938,0.98822814,0.9337193,0.9929607,0.15012597,0.6021261,2.0874126,0.517985,0.04530599,0.076274745,1.4420745,0.19914353,0.9687796,0.9797291,3.2768915,2.096742,0.92899764,0.07258144,0.042728446,0.30707213,4.7213883,0.018467063,0.9962166,0.12072201,0.5014603,0.8667431,0.61571145,0.9562893,0.017010285,0.02386405,0.415062,0.08997085,2.2106607,0.31608096,0.62030345,0.06064795,0.14803675,0.03830328,0.43047675,0.6038602,0.042467535,0.069020644,0.5716336,0.015758013,1.1389618,0.3863922,0.14999366,0.89171785,0.080296,0.02721008,0.15666866,0.5758771,0.35278478,0.6224188,0.010920768,0.30745542,0.09826582,0.007171434,0.2460101,2.0257242,1.9858613,0.949275,0.16845518,0.21078433,1.5711126,0.747759,0.05967547,0.08877614,1.2013837,0.08727901,0.24753958,0.540245,1.3271302,0.07650785,1.5595894,0.052896723,1.766004,0.86821187,0.0019958245,0.12260132,0.023779862,0.028186992,1.105388,0.044380475,0.072470255,1.0429293,2.3351846,0.11029104,0.8286388,0.006243019,0.40639386,2.253728,0.38645056,1.7258507,0.07289405,0.0,0.49254552,0.09361359,0.67909414,0.6008324,1.8390803,0.6116508,1.8172183,2.4190638,1.1922585,0.028420115,0.4988641,0.10883481,0.17397253,1.3722749,0.06320569,0.23389594,0.13519685,0.30725896,0.049491085,0.40323505,0.13042985,0.7598795,1.0205139,0.5246339,0.116684645,0.24891584,1.5429382,0.6238917,0.97014976,2.9349253,1.6538658,1.200491,0.7530674,0.98873216,0.001059108,2.7191787,0.2661951,0.9201954,0.87338626,0.13573031,0.41761124,2.655494,1.0986091,0.117573075,0.43119156,0.79503757,0.46087226,1.9594457,0.32130203,0.6195261,0.08469054,0.35686216,0.25218955,0.10298418,0.0021134913,0.9559104,1.0673425,0.43628302,0.039641626,0.63116264,0.5904012,0.93858975,0.40815097,0.73564816,1.0095582,1.3258892,1.2911108,0.3236951,1.6832047,0.19283709,0.78983307,0.21938553,0.21255575,0.19863619,1.0496705,0.8953818,0.21646923,3.3791647,0.52079135,0.34069636,0.8979084,0.046769094,2.1175206,2.0356667,0.406565,0.13867597,0.13601711,2.7671745,0.013447147,0.4426826,0.04534815,0.19845772,0.2778913,0.035924256,1.9517921,0.47637954,0.2905864,0.465446,1.0324036,0.028422924,0.021890309,0.06295788,0.0584477,0.33736908,0.6367724,0.2613627,2.0695822,2.8296254,0.4222862,0.054734357,0.058247138,0.53024524,0.17555436,0.09912224,0.87120587,0.526589,0.023531606,1.5793641,all_pothole_images\pothole_images_new_image_5.jpg
0.59173495,2.4422734,0.14470676,1.0397044,0.9639483,0.09473159,0.6427318,0.3746828,0.22150734,0.87154263,0.7438856,1.1836023,0.22180405,0.1109464,0.15906629,1.7263924,0.67490894,0.09240943,0.7940448,0.29940876,0.23743798,0.30886477,1.2048514,2.3205397,1.1114751,1.2922205,0.7256168,1.413667,0.09194582,0.6523147,0.96940947,0.09462399,0.21217303,1.3264599,0.7160975,0.2930982,1.0296264,0.47866532,0.7699112,0.51422036,0.9297249,0.61658555,0.6062898,0.060263902,2.7558212,0.10416401,0.6191519,0.3961769,1.8143836,0.47796598,0.21306849,0.4983968,0.5287204,1.5137055,0.21968219,0.6598116,0.5783269,0.5027733,0.40402406,2.0012078,0.14304389,1.002568,1.1175427,0.8457388,0.7117926,0.35077,0.912306,0.318311,3.3862083,1.0322694,1.5477734,0.73877585,1.5654912,0.515266,0.8580309,0.39914578,0.48094457,0.69836485,0.057159327,1.4091723,0.27719066,1.9019833,1.8439428,1.8709977,1.9889284,0.3019443,0.64354235,0.9896927,3.8472276,2.4515436,0.3942383,2.6620944,1.9233289,0.54939103,0.44462258,1.4075797,0.19009574,1.8895373,0.8806026,0.86216384,0.14459518,0.906628,0.9189708,1.2163053,0.47196215,0.2530083,2.3321455,0.77320135,0.055668216,0.9065174,0.67432606,0.269558,0.6870286,0.7938145,0.19798653,1.1454332,1.2167283,1.5549618,1.0182312,1.7937124,0.43379453,0.066242225,0.29037297,0.8390002,2.4046547,2.7334661,0.72291905,0.19344927,0.6857403,1.0828112,0.9006595,0.39278692,1.0993253,0.31643328,0.28315192,0.33730963,0.25221014,0.14074017,1.4861615,0.24159409,0.5132456,1.6961193,0.08152483,0.43455598,0.6003327,0.42847177,1.5387249,0.03722399,1.7229195,1.4300884,0.1086176,0.7566589,1.2893366,0.2737938,0.45834225,0.99581945,0.68609023,0.2590627,0.3713541,0.5081567,0.82846177,1.3360183,0.112498716,0.9088647,0.5989232,0.42909193,2.531396,0.34670162,0.39280975,0.9038409,0.19936067,1.0108861,0.1544664,0.3146133,0.9817193,0.03857853,1.3679159,0.09656685,0.10708787,0.7776948,0.7666092,0.16049857,0.53949124,0.61822873,3.0714867,1.560409,2.4417124,1.4112875,0.16587752,0.2211463,0.660761,2.5813217,1.0404934,1.4059675,0.14550115,0.584747,0.655122,1.2605908,1.086159,0.25306463,0.7617737,1.0092022,0.103089914,0.17936283,1.1350338,1.2284187,0.13265681,0.105038136,1.5604637,0.27836403,0.6683363,1.301534,0.977659,0.04321846,0.88735783,0.7266296,1.1280916,0.07606416,0.27439886,0.48455542,1.6763206,0.33424416,1.1394483,0.17638475,0.58052903,1.2301651,0.34585586,0.15948036,1.8914477,0.39512917,0.4314165,0.117387235,0.89070874,0.12600806,0.3273025,1.3182088,0.61562306,0.9049189,0.042422287,0.39147854,0.57974035,0.12628475,0.10778174,0.2895375,0.32653162,0.09352131,0.14424394,0.5232152,0.9927214,1.6353899,0.20969285,0.06676091,0.82620573,0.4848786,0.59932065,0.03769684,0.809729,0.830933,1.0699482,0.27806625,0.9835232,0.23018439,0.3116265,0.12404714,0.39120767,0.34620965,0.2553298,1.5483124,1.6092064,0.48618057,0.54607743,0.0,0.19833218,1.118782,0.016680483,3.17748,0.73927534,1.4587108,0.123659395,0.09147379,0.10596712,1.6488649,0.25883105,1.2038572,0.70983857,0.2676423,0.03025781,0.27800864,0.37795034,1.0640163,0.4992014,0.050807428,0.30783325,2.510266,1.7338964,0.057352398,1.4312328,0.553603,0.80027395,0.7380868,0.069788374,0.33311492,0.09997121,0.23750447,3.599297,2.7192621,0.15775238,0.134947,0.84928316,0.9881779,0.1230323,1.4871598,6.41838,1.1909133,1.1051489,0.38759848,0.24108304,0.22925702,1.402562,0.8102756,1.9362353,1.0019724,0.126167,0.97378016,0.56076044,0.4007977,0.67934847,1.3845093,1.3142482,1.3848888,5.9005647,0.16426069,0.07418537,0.1450689,0.17057241,0.18731672,0.011312883,0.62346166,0.91811866,0.6103213,0.14745295,0.049642142,0.967154,0.54153645,0.0,0.46725303,1.2010934,0.2657316,0.28754207,0.48160568,0.08378583,1.5566483,0.02685266,0.46498823,1.10241,0.05981741,0.8628238,1.5180382,0.36656475,0.54237115,0.35946685,0.74194396,1.1804227,0.7155305,0.31124967,1.1131587,0.52753574,1.6911612,0.5874534,1.5165517,0.66167283,0.67664087,0.70244443,1.9600471,0.64571893,3.199457,1.1683815,2.2046025,0.013435018,1.5483444,0.8145615,0.42457515,1.7604314,0.62498945,2.9752212,0.26074216,2.8639088,0.17285204,0.11820686,2.8479772,1.0452011,0.27379024,0.7664332,0.17530257,0.48742542,0.741225,0.21487753,0.8548569,0.7455661,0.4752124,3.2097864,0.99976677,0.084961906,0.47523183,0.26906133,0.17878284,0.733648,1.1223955,0.7831404,1.1572045,0.41210008,0.09031976,0.5705208,0.8547251,0.17471792,0.6315263,0.9171485,1.4470448,0.044460136,0.95881385,0.5517341,0.9290165,2.47762,0.71924746,0.008371703,1.6948684,0.93334144,0.72545433,0.74668974,0.97292507,3.254457,0.63820326,0.5569464,0.84053326,1.5955602,1.0928153,2.1143289,0.25658423,0.101727396,0.9251701,0.49072343,0.7405696,0.5264665,0.40944353,0.047416404,0.40332606,2.4363997,0.71220505,1.1769078,2.620271,2.024381,1.2876668,1.177044,0.44601774,1.57214,1.1037309,0.5977917,1.5969344,0.47366777,0.18654604,0.2204402,0.31280366,1.3493054,0.64719874,0.19933727,0.42631492,0.098299764,0.35655937,1.5290076,0.39111432,1.0560945,0.7736321,2.2473652,0.10710654,0.43363106,0.041802615,1.4812378,0.54683286,0.34468186,0.3915472,0.28147516,3.3719995,0.27352977,0.3065438,0.6970587,0.3305592,0.30241647,0.9974496,0.110151045,0.27813986,1.5729884,1.2972623,1.3706137,0.13272496,0.5022087,0.5959437,0.14671898,0.0632479,0.13960771,0.5844353,0.4693075,1.5215809,0.04347744,0.2736678,1.9983498,0.7030373,0.7756349,2.6780126,1.717808,0.5340263,1.0543947,0.8556098,all_pothole_images\pothole_images_new_image_50.jpg
0.018385831,1.7707031,0.0,0.9961283,0.5792838,1.5297437,0.0031834068,0.16477212,0.4902378,1.2593839,0.76989806,0.10085824,0.10621134,2.5207713,0.08188259,0.06927896,0.071784146,0.11736299,0.57482415,0.041716322,0.6910573,0.83626866,0.268094,0.73133224,0.63730305,0.65520287,1.0774345,1.8209277,0.41507977,0.24176759,0.4485045,0.06733676,0.6123729,0.95400596,0.12007075,0.035693944,0.34000605,0.84269613,0.94791335,0.3027332,0.89324826,0.23283187,1.6486884,0.62383723,0.7482709,0.08855635,0.37500966,0.4938726,0.57468337,0.0,1.1341723,0.05189996,0.72758466,0.17443682,0.54287475,1.2570516,0.5797787,0.85801697,0.0,0.74679106,1.304321,0.52818537,3.0680099,1.0326098,1.6709541,0.23898876,0.52139175,0.4383187,1.2224834,0.018762609,1.4958229,0.20703688,0.4208135,0.08203609,1.103184,0.12819716,0.14326604,0.72484666,0.0012886071,0.35698205,0.4666297,1.7469409,0.3774104,3.778958,0.26651686,0.20821625,1.0730493,0.09328472,1.2662497,0.9199616,0.35365847,0.670705,0.40986162,1.6498312,0.059299722,0.7979199,0.064927354,0.23277836,1.1181539,1.1893154,1.4818051,1.915145,1.2432915,0.6672402,0.40469998,0.87029827,2.6165104,0.32543376,1.317366,0.08618687,0.5638356,0.9014096,0.27281633,0.63234544,0.34041458,0.8567417,0.35324928,0.13623467,0.27436808,1.0756228,1.4430522,0.5979956,0.026219042,1.092289,0.22469306,1.1484487,0.0020703024,0.17571011,0.3612994,0.7989538,0.26638716,0.062312216,0.30780014,1.4448768,1.0317985,0.1716004,0.370231,1.3728445,1.4202253,0.73920596,0.3251087,3.2273772,0.10541221,0.8164059,0.5480303,0.8751318,0.308072,0.0,0.4217589,0.07624697,0.017885422,0.8002661,1.8668228,0.54699385,1.4219614,0.49710914,0.40927663,0.3928033,0.39573786,0.12373655,0.52985,0.23106275,0.18211307,1.815586,0.1342318,0.20075333,1.7453204,0.36254868,0.5229871,1.0675844,3.022085,0.3647696,1.2036209,0.21586098,1.0468383,0.12455316,0.83391166,0.8808494,0.00098065,0.76631653,1.9395392,3.2280095,0.6962191,1.2895064,2.0061376,1.8278103,0.4101054,0.17847031,0.56945,0.34491214,0.13782972,1.0379453,0.74053985,0.31193048,0.33619237,1.0433265,0.50116664,0.08595928,0.430285,0.0032525833,2.5680106,0.698025,0.22162922,0.87532246,1.7717458,0.3895129,0.55963147,0.30601797,0.2614028,0.41057944,0.33529198,0.49823993,0.8645267,1.2607816,1.6178193,0.12011986,0.11541232,1.0059584,1.0523745,0.4506106,0.5934672,0.025867956,0.24253339,0.08086066,0.0075685685,0.3995513,0.68916833,0.2367903,5.2526693,1.7077276,1.3335195,0.18100716,0.69116294,1.4284624,0.19060062,0.15480481,1.9540935,0.14359882,0.1997007,0.0061794766,0.79022485,0.25029248,0.05799196,0.0,0.54274404,0.15172525,0.033959042,1.2967616,0.03958213,6.155943,0.6652985,0.72963953,0.11840234,0.111671805,0.27105233,0.17062889,0.28318334,0.1606912,0.054904595,2.7555869,1.8837862,0.7514798,0.53838813,0.1097524,0.74015534,0.37665334,1.3638066,0.6542402,1.1975471,0.3766189,0.5988108,1.3226875,2.9571242,0.5113185,0.75074875,1.7007375,0.41353568,0.51472366,0.22703376,0.28964132,0.61497545,1.0613692,0.19790865,0.031454597,0.56655073,0.9595366,0.6671702,1.0050493,0.5783496,0.46196115,0.020760102,0.14849839,0.011088975,0.923993,2.809493,0.25764224,0.47426644,0.8392419,0.24481499,4.2174144,0.96060675,0.47770768,0.072773375,0.17159724,3.85242,1.187815,0.43951657,0.0,0.85675967,0.7030912,0.054304026,0.7054362,2.6603649,2.8986392,0.009814628,0.23728545,1.6114041,0.6470116,2.5619066,0.6102069,0.3880963,0.0,1.062989,0.51447135,0.50368905,0.4019731,1.1198976,0.7955639,0.50496984,0.030094283,2.595303,0.41876063,0.39416787,0.022228299,0.54257566,0.7134245,0.44142118,1.1367184,0.86356056,2.0055504,0.11014242,0.25973776,1.8531784,0.4196068,0.67902106,0.14330214,0.969555,0.7793328,1.3485128,1.3849163,0.5742361,0.8549286,0.00516136,0.8024926,0.92937267,0.11425995,0.36397296,2.3902826,0.7576655,0.21219948,0.0,0.0629319,0.7321609,0.22198842,0.010854793,0.15652706,0.39869735,1.1570979,1.1970215,1.2832127,0.24388224,0.20240133,0.47156096,1.7334056,0.03153199,0.9608992,0.09564925,0.6681654,1.0387502,3.2644513,0.22272505,0.36708543,0.051746853,0.55018485,1.7326205,1.0305746,2.138658,0.8239403,0.4228482,2.852305,0.24525766,0.00062159216,0.11908893,0.3008028,0.38778576,0.5980967,0.89745235,1.2395741,0.0,0.054722007,1.9786891,0.63223934,0.873576,0.009171718,1.0845217,0.219846,0.29044643,0.6920148,1.9279146,0.71487564,0.3275726,0.46013433,0.2077804,0.6697665,1.1980944,0.92014134,1.7220556,0.35904986,0.07024037,0.7629557,0.05543568,0.1216782,1.312279,0.5140522,1.2310172,0.15153906,1.8521765,1.2033584,1.2877725,0.15321642,1.9896978,0.007236551,0.041792996,0.076053426,1.8862737,0.6227344,0.55770284,1.6869258,2.365593,0.67387295,0.57582724,0.17539884,1.1025229,0.2006194,0.4720163,1.2309842,1.6587479,0.54805464,0.6012366,1.7285116,1.3542941,0.16239609,0.92640287,0.015208157,1.0152171,0.4494196,1.0520889,1.1036769,0.2740424,0.22328493,0.6031187,0.0729899,0.6077611,0.3677475,0.5798424,0.11578978,0.21610181,1.0816147,0.013749855,1.5557599,0.8847127,0.00091258564,1.0776819,0.0,0.6173394,0.13538125,2.3266206,0.662364,0.30812597,0.0019337585,0.1344322,1.3899502,0.7685089,0.18176176,0.72779804,0.012908872,0.15167256,0.14987957,0.17298591,0.046715338,0.25460115,1.9798487,0.43889982,0.12542753,0.023710152,0.9274742,0.5208601,0.1450757,0.7946754,0.1283387,0.61080354,1.8900688,2.2852848,0.5101738,0.3142577,0.74376434,1.3404032,1.3374298,1.2843347,0.062249962,1.002613,1.9493752,all_pothole_images\pothole_images_new_image_500.jpg
0.88094264,2.7302346,1.6807971,3.3832421,0.6248506,0.5135191,0.9079512,0.6566671,0.38007116,0.49013177,0.86196125,0.71005154,0.00713799,1.9342357,0.15473914,0.36715394,1.0271988,0.49539605,2.2477698,0.4064279,1.1286911,2.0916,0.045233645,0.5008535,0.79050595,0.11318035,0.24785446,1.7776008,0.11584003,0.8680932,0.5305221,0.30639413,0.055132795,1.2685512,0.49077168,1.3935612,1.257359,0.75917387,1.0676404,2.1067035,0.27648455,0.035196494,0.24273542,1.1965317,1.3447334,0.23075438,0.036955107,0.69398355,0.1128454,2.8037083,0.11791303,0.25618196,0.62006897,0.36505818,0.09378164,2.2277887,0.51749426,0.42366797,0.63881326,0.043089867,0.14967951,0.42471236,0.109630264,0.06409751,0.22593766,2.1399012,1.5685593,0.5735298,0.35446587,0.43516603,1.0058706,0.5799423,0.048444565,0.28344536,0.77623886,1.033368,0.40842935,2.3636415,0.72662455,0.11522145,0.33576405,0.19938818,0.33531022,1.153312,2.9225993,0.1461909,0.017626442,0.14872709,3.6850748,1.39201,0.036572464,0.09028061,0.88968897,0.06441654,0.36649245,0.5006163,1.9088119,2.4378266,0.19307047,0.5452181,0.5123013,2.4554772,0.97513074,1.7957877,1.2466297,0.021648109,0.22289507,0.3369035,0.42691618,0.3933279,0.0067163426,3.4649267,0.52697366,0.69073004,0.7992851,0.07086119,0.45530078,0.012721032,2.730778,1.1987607,1.2781378,0.5272423,0.15924186,1.8679053,0.32001573,1.8253751,0.72173077,2.1285012,1.1857136,0.86289304,0.017854454,0.0068679233,0.4051797,0.42471287,0.08357461,3.1531527,0.3540025,1.2827687,0.36469603,0.5108429,0.49153703,0.042971052,0.12041043,0.79730356,0.10024201,1.267064,0.0,2.9192061,0.70240587,0.8897111,1.3941568,1.2168661,0.14196633,0.50272036,1.6898134,1.1045188,0.40265685,0.42101598,1.0471414,0.14094862,1.108903,2.6774976,0.19129394,1.92467,0.4734781,0.29820505,0.6307075,0.057695277,2.1793048,1.7360967,0.94480675,0.006413323,0.09417632,0.17680062,1.0935948,0.40177652,0.44510588,0.52899426,0.46516424,0.4633476,0.8487654,1.3921475,1.0463706,3.5091777,0.65169847,0.5691884,0.44276822,1.1957724,1.8315426,1.0512152,0.04766625,1.121781,0.112001434,0.71710074,0.6235103,0.7059747,1.7463615,2.0766597,1.8249553,1.760934,0.5536939,1.0526408,0.3180954,0.4603545,0.62931097,0.029272143,0.5975218,0.07546142,0.7987684,0.47407043,0.14808878,0.0,2.0100763,2.4069471,1.924454,3.1889467,1.6496841,0.55355704,0.5746859,0.3389413,0.3755586,0.5582322,0.2990413,2.6689808,0.08985269,0.025219202,1.5957516,0.2928596,0.19380665,0.2937674,0.047496185,0.0678968,1.7374631,1.0370502,0.39750683,0.6267148,1.6215135,0.6288538,0.5782547,0.9243753,0.27327716,1.0224026,0.89214754,0.078128465,1.1530446,0.060228627,1.0315001,0.6084039,1.1816797,4.7361937,2.1518354,0.60727537,0.5472157,1.234091,0.23593633,0.7332716,0.89477444,0.9497876,0.5770808,3.5624402,0.25503772,0.08692586,1.3376552,0.53681636,0.11109238,0.39160988,1.4453747,0.4002859,1.7423428,0.11477629,0.8269634,0.18462126,0.9257923,0.638743,2.8399456,1.0156584,0.29870826,0.038507413,0.4158301,1.492231,1.4482703,0.61452335,1.331563,0.7009667,0.96872956,0.74184734,1.4464413,0.87173945,2.3455033,0.33493766,0.15790796,2.303092,0.06311117,1.6178461,1.2146858,0.4820228,0.0937774,0.7396503,1.0312905,0.95973206,0.9243368,0.48280448,0.23184404,1.0041462,5.9771757,0.16347818,0.6797541,0.346348,1.9155322,0.2221414,1.580889,1.4290779,3.2143657,1.1719524,0.08811646,1.7681531,0.6354708,2.1793547,1.4147727,0.041913167,1.8038398,0.017103806,0.53886807,0.7527441,0.25532633,1.2190027,0.7213404,0.11378668,0.970276,0.48996803,1.9039412,0.5120235,2.0693374,0.7786577,0.8451383,0.051408183,2.6428416,1.5216687,0.39805746,1.1292458,2.8928957,1.03973,0.7158374,1.1697733,1.8685352,0.297233,0.8881013,0.33335036,0.27810767,0.51770586,0.07451874,1.3573625,0.72826916,0.1620852,0.4172547,2.2059653,0.34503135,0.38312766,3.1337726,0.82651687,0.0023161538,0.3686522,0.74526507,0.840557,0.352054,0.98317474,1.6036285,0.0057051065,0.11638223,0.7228903,0.06282557,1.946186,1.1927037,0.2094695,0.6907634,0.48712763,0.8309126,0.16483873,0.8793934,0.65091676,1.4361385,1.030527,1.4212093,0.009806041,2.9582188,1.171144,0.6897904,0.7795306,0.036491238,3.579462,2.8946962,0.6045176,0.38832694,0.5746696,0.11963649,0.05922779,1.4710678,0.63222843,0.078204855,0.17943779,0.27750623,0.34354338,1.5332856,0.70087636,1.4249024,0.04925547,0.45617333,0.20445614,0.12252914,0.13975322,0.503958,0.31148615,0.07501266,1.0113872,0.018466981,0.30464426,1.3162907,0.9174973,1.0818,0.841531,2.6512668,2.7401247,2.4757042,3.7591162,1.9785305,1.1871568,2.5453389,0.99794877,0.015244303,1.392807,0.61185086,0.29870763,1.2772485,0.10747672,0.5857202,4.966073,1.3788129,0.3895358,1.913648,0.84185493,0.71952987,0.9671237,0.7317331,0.10022837,0.080569066,0.05256148,2.0318475,0.6525421,0.6061277,1.2888445,1.8308471,0.72697765,2.3320708,1.7844645,1.7486837,2.0344944,0.65709734,0.67914987,0.55505854,1.7926704,2.3381937,0.3794589,1.1499319,0.098916635,0.53338987,0.8956717,1.3163035,0.30107707,0.38403293,0.58210665,0.84254706,0.52912545,0.2353552,0.9091082,2.320256,0.09043977,0.40872753,1.4202969,1.6956285,0.4942882,1.1619185,2.1646588,1.2985959,0.632762,0.27578303,0.4876863,1.3740107,0.57522714,2.6181517,0.25990415,0.6100194,2.8945947,0.06854866,0.0072050164,0.0008118088,0.0016265389,0.23488523,0.41348577,0.8853498,0.38155815,0.19525315,5.2347436,0.3738432,1.2604424,0.54410803,0.39812133,2.424091,1.1900736,0.09694096,1.9712073,0.19256474,0.9070956,all_pothole_images\pothole_images_new_image_501.jpg
1.3424708,2.134487,0.47520694,2.225307,1.378424,0.46234792,0.38360572,0.061094448,0.59637237,1.4059069,0.13985611,0.49910468,0.42050195,1.6152995,0.018071046,0.50845337,0.53732306,0.08772535,0.9571153,0.0051381616,0.70115006,2.078879,0.93217045,1.9763998,1.816645,0.23856974,0.0030843634,1.2492474,0.02103036,0.3671496,0.74430734,0.6085746,1.0528615,0.97888374,0.37802687,1.4620155,0.5378045,1.3393977,0.12951109,0.7955076,0.89155936,0.05039197,0.36715293,0.0864132,0.87311965,1.105802,0.48246467,0.0054918975,1.3517357,2.019174,0.70740837,0.06579995,0.3034738,0.15690139,0.004460859,1.4173568,0.5295542,0.2508274,0.7439029,0.0,0.022134196,0.082361706,0.36200118,0.32060623,0.8311108,1.5296113,1.3167164,0.16435458,3.192668,0.5890266,0.7437931,0.14631562,0.60133845,0.4659592,1.2077113,0.9618238,0.3868801,0.44566777,0.563633,0.24327648,0.059405122,0.38172978,0.83303565,0.14402391,1.8285002,0.9813282,0.21998562,0.17096652,2.546317,0.93402255,0.5494041,0.34614283,0.007108873,2.1234977,0.41896826,0.1615818,0.89373064,0.8041601,0.015351911,0.03762027,0.76408166,1.0491223,0.123599656,0.16337706,1.00663,0.42367253,0.40150452,1.2904617,0.044656552,0.5449449,0.019576868,2.749939,0.8855784,1.7187736,0.8895222,0.061008405,1.4729356,0.8796891,3.1933923,1.5908607,2.3659112,1.0143042,0.43725377,1.6011841,0.21800293,1.7065679,0.023459664,3.7272472,0.43258122,0.48972717,0.5695244,0.0,0.222774,0.17872417,0.5241287,1.6135397,0.4847094,1.3264424,0.49418736,0.09519869,0.27570704,1.2556669,0.062404934,1.0855184,0.04476665,0.6151259,0.00032124348,0.14890623,0.8989873,0.46560472,0.82412237,0.8859279,0.27327588,0.3226031,2.2068353,1.1190144,1.6114159,0.7359596,1.6359619,0.33190653,3.1296866,1.7015254,0.64790905,0.08549141,0.4485306,1.5626109,1.0769488,0.023439227,2.4486852,1.3088064,0.04423438,0.06344158,0.0,0.36739543,1.3165675,0.61174273,0.4763298,0.13769007,0.15622842,0.051343042,0.0,1.2738208,0.9268608,3.0278516,1.6093603,2.740409,0.43403912,0.10731373,0.5650317,1.4249227,0.118056424,0.87265664,0.22516972,2.6835902,0.13225712,1.2716005,1.5145932,1.8887416,0.15971781,0.9276774,1.155994,1.2434812,0.61724305,1.0598966,2.9989557,0.46346655,1.0376612,0.17016286,2.8758142,0.90257573,0.021181569,0.14785366,0.9373551,1.1384794,1.1926875,1.4487432,0.8204583,0.027936023,0.84792155,0.37339237,0.2267897,2.3851373,0.94832957,1.3212249,0.039814264,0.057883214,1.2321345,0.3600268,1.0104568,0.14963661,0.08725714,0.08001683,1.5548338,0.67892337,0.84698814,0.24575481,2.6142395,0.43636972,0.03316054,0.42477316,0.6894252,0.56419456,0.6227455,0.9246659,0.5358344,0.10522218,1.6630778,0.6817756,0.983188,4.6902485,0.59796864,0.9718014,1.2926521,0.21041878,0.318997,0.17090775,0.8459249,0.51601386,0.91659045,2.5659726,0.31613424,0.018675946,0.18816975,1.1244172,0.06940487,0.7325572,0.8978256,0.2366751,0.4772855,1.3513972,0.15358807,0.07433901,0.4758542,0.08028974,1.4191438,1.2217066,0.97961634,0.18523455,1.1518575,1.2625567,0.0,0.6464176,1.3185319,1.2055534,0.9217906,1.8077202,1.0067191,0.11912788,0.4735685,0.6054522,0.5714005,0.9299727,0.06597032,3.0463083,0.36446458,0.09628321,0.9692287,2.527278,0.45855093,2.1834207,0.3010921,0.48291957,0.24959159,0.54870254,3.2180116,0.63770396,0.39257562,1.2356303,0.1597867,0.011307561,1.2802294,1.3873851,5.3989134,1.7931153,0.10964235,0.8080417,0.039106295,1.9340912,2.155197,0.13645756,1.489674,0.056591097,0.11991958,1.2640108,0.1415355,0.31782296,0.29269394,0.13544308,0.2777396,0.74177563,3.3406985,0.3799651,0.1555884,0.0,0.0026145661,0.6912172,0.0852444,0.44829866,0.59700125,0.26908183,1.2157427,0.49034813,2.811008,0.015785137,0.6424665,1.4421788,1.1623721,0.084616825,1.1157942,0.30796084,0.17278685,1.8473046,0.15018412,0.5486081,0.28340432,0.44404322,0.071821414,3.4221318,1.8826795,1.9388349,0.6013435,0.66296077,1.9938016,0.14874063,0.027277978,1.895631,1.5567977,0.13143511,1.0082439,1.3206371,2.2960367,0.89627165,1.2587768,0.14121132,0.727866,1.4815929,0.32485774,1.0368831,0.0,1.1297442,0.88843083,1.022222,0.19050731,0.8002193,2.7973225,1.449734,0.46671847,0.1967664,0.54451704,1.2763481,0.5553043,3.307523,0.7045327,0.730969,0.0,0.9278524,2.663851,1.5140724,0.46082586,0.3585535,4.1099463,1.188465,0.5295007,0.34129947,0.34756017,0.2625819,0.76069385,0.5604565,0.0039136973,0.17789957,0.7384207,0.14024472,0.7821884,0.16872138,0.0771581,0.26178542,0.9403901,0.3298509,0.45707136,0.17927259,0.35061917,2.1890266,0.20107937,3.6803682,0.9871275,0.38431782,1.4024857,1.1450429,0.22169147,2.6136475,0.7038943,0.5916212,0.70335877,1.1251954,1.820751,3.531227,1.2889851,0.9211178,0.13058752,1.0313097,0.72626853,0.18874697,0.19745995,0.30059308,1.0279634,0.024267597,0.3342405,0.1384609,0.9225284,1.3550855,1.3449076,1.040806,2.5811484,1.7716812,1.3696139,1.2828387,1.7499639,0.17945515,0.56268847,3.380657,1.2197922,1.1204238,3.275479,0.24818525,0.81667185,0.68507284,0.9385779,0.04666362,2.1275842,0.019629676,0.9291485,1.8300924,0.02748344,0.9150435,3.102522,0.28024748,0.12598069,2.8068573,0.90049976,0.5246424,0.8386999,2.6295922,1.8351437,1.318019,0.18881385,0.46302357,1.8067085,0.96521425,2.0639098,0.33438757,2.2460432,1.7168719,0.77507657,0.0,0.5544609,0.00041467077,0.088758625,0.7878768,0.3579754,1.0576634,0.37303406,5.339305,1.8030757,0.4414391,0.23134243,0.28890863,0.40347752,0.56857955,0.49418592,0.3440472,0.08646912,0.7187216,all_pothole_images\pothole_images_new_image_502.jpg
0.15546606,1.6536425,0.27830058,1.8020799,2.7891834,1.3011924,1.0685829,0.30915856,0.02029298,1.8173153,0.15844893,0.8381781,0.43165174,0.40255767,0.0,0.14746799,0.25849736,0.58907455,0.9012873,0.12822884,0.45157787,3.4079564,0.39680776,1.4692208,0.6967004,1.5457256,1.0348017,4.339346,0.40083095,0.23327056,0.37167665,0.08096126,2.3078558,0.032013893,1.8419609,2.0882049,0.6633869,1.8478506,0.13792905,1.0203294,0.05283415,0.059770096,0.27788028,0.8838787,0.63252676,0.023936464,0.6207874,0.08450257,0.74496955,0.14873506,0.9866112,0.7523637,0.119160116,0.48942035,0.035490774,1.9117484,1.5113782,0.34388974,0.21728504,0.32370597,0.86780626,1.0200205,1.349137,0.021367727,0.43768096,2.9449072,1.057627,0.49056065,0.34154058,0.8516492,0.36742744,0.054113645,0.36482367,0.66903466,0.3857108,1.1143469,0.15830335,0.55916786,0.2930488,0.5261373,0.5226283,0.120748125,0.04084842,3.0021243,1.5433726,0.40973198,1.1514099,0.019594101,3.6522958,0.43699536,0.3597803,0.52849895,0.009909584,0.22281523,0.20050068,0.030042823,0.031954214,0.2797516,1.3465087,0.79108256,0.060843937,4.172059,0.93937033,0.07847478,0.01508071,0.08914451,0.6005689,0.009056847,0.10531872,0.23414233,0.17898956,1.4426088,0.7062433,0.0070246086,1.1705416,1.2301327,2.6842759,0.5765003,0.9391936,0.9621273,1.4071678,0.44394624,1.1038057,1.0021079,0.44646224,2.5108163,0.046884634,3.261467,1.4144597,0.91967195,1.5482526,0.008044457,0.18683782,0.15737514,0.52074844,1.4045893,0.13228218,1.4930936,0.34882957,0.6290491,1.0104485,0.26180252,0.050827257,0.79617476,0.4313922,0.86684185,0.5486759,0.12804069,0.2667726,0.7701699,1.2017963,0.5487869,0.018985756,0.04239517,0.6242655,0.40421358,1.4197397,0.25220957,0.53779745,0.33605084,0.8366274,1.4650036,0.39438075,2.1645162,0.2780728,0.17495953,2.1506693,1.0791262,2.2919154,0.7526131,0.15946852,0.024641689,0.03920475,3.2784123,0.68869966,0.22751261,0.366721,0.6018514,0.42827696,0.27191898,0.32799992,2.4140146,1.5318329,0.6108773,1.786971,0.6214731,0.1082046,0.15760896,0.0,0.7702523,0.48221236,0.8335115,0.0,1.0996467,0.14142595,0.09286995,0.5843214,0.48801854,0.35672125,1.3231426,0.18965738,0.50131327,0.26437667,1.8269737,1.5131654,1.0183295,0.15298524,0.26590487,0.7184177,0.43369332,0.5517682,0.35666835,1.6122383,1.3969723,1.621516,0.7318922,0.7256683,0.3583667,1.6309272,0.7465727,1.0483713,0.21564868,0.0075461715,0.3749235,0.13140434,0.69104797,0.29171854,0.7348139,1.6211987,0.055000782,0.061885335,0.411123,1.1188112,0.1847902,1.4760586,0.07545202,1.7608345,0.0055402103,0.030862402,0.0746192,0.15352665,0.004268865,0.922599,0.055243082,0.13544808,0.0,0.33833298,0.40698203,1.0385265,4.015922,1.8587137,0.40892047,0.5345014,1.4022399,0.031038161,0.27846813,1.302445,0.016674362,0.54735094,3.1598353,0.35397825,1.9027395,0.4891093,0.4386044,0.010858806,0.66022724,1.9157127,0.040816437,1.325887,0.3697034,0.4626236,0.37124494,0.0873596,0.267937,1.0278814,0.7834309,0.29081166,0.2584362,1.0684724,0.7580131,2.1145153,0.027783748,0.5235967,1.2691855,1.523775,1.814876,1.4671249,0.08015141,2.2808452,0.70110273,0.24309479,0.4751266,0.1351413,1.5534431,0.6589573,0.074449725,0.6862902,0.49267802,0.1423976,1.2441274,0.03973813,1.1102347,0.37052754,0.9245187,4.156639,0.20545238,0.78783274,0.24956624,1.3520314,0.7300406,1.9460645,0.8059284,4.222571,1.0129304,1.6374141,0.295273,0.069096304,1.4449534,2.3940036,0.018371042,0.11950316,0.05906492,0.10509886,0.7400736,1.351919,2.7498748,0.954061,0.10081573,0.5689566,0.14314564,2.992197,0.30471972,0.04257195,0.30551678,0.0,1.4028932,0.46895823,0.15279077,0.72989374,0.552414,0.039518673,0.5989273,1.8284694,0.22204737,0.27277648,0.10101182,1.0061166,0.0820356,0.27598637,0.8442019,1.210969,0.699743,0.07179662,1.0561291,0.033647742,0.035255365,0.39198607,1.7293688,1.870946,1.5302817,0.09671984,0.05421571,0.56427646,0.5686027,0.08966504,0.16753502,0.9141892,0.88990796,0.42491585,0.38377675,1.5793118,0.04847543,0.84404224,0.3875228,0.6334459,0.57425135,0.023040192,0.07358552,0.20613238,0.19219652,0.42804798,0.00041847271,2.6892743,0.2575154,3.2974885,1.7093507,1.9012432,0.05143798,0.4305756,2.5622475,1.301336,0.3260858,0.07072599,0.4048316,0.008754484,0.02006091,1.219778,0.14604811,0.4437905,0.27034947,2.1475966,0.23652053,0.096059814,0.23600975,0.55674714,0.0,0.34049267,0.19909795,0.2663363,0.090490706,1.1237345,0.2580832,0.23528032,0.31724945,0.19828226,0.046118755,0.4141959,0.8190787,0.5453824,0.09969903,3.9414086,0.79450583,1.9190038,1.4435434,2.4507499,1.8312111,1.017048,1.5365257,0.7455027,1.3759695,0.64984727,0.1553688,0.60743546,0.3412336,1.2787734,2.0949664,0.6968687,0.644723,0.89931625,0.1068954,0.6538997,0.05202083,0.4080572,0.5390375,0.35654947,0.17123331,2.8890502,0.7188601,0.22593129,1.6904559,0.7293005,0.23764877,1.4381098,0.6790437,1.1577755,1.7769737,0.9044763,0.47584462,0.09452157,0.5697875,1.5036104,0.1327005,0.24548951,0.30357894,0.664705,0.38179073,0.37430757,0.56703407,2.748927,1.0153712,0.5964595,1.4798731,0.045641884,2.457213,1.0754151,0.011041908,0.26747546,1.427087,2.2898371,0.038021743,0.5649209,2.6719098,0.42553234,0.32147056,0.0073740785,0.091840886,1.0269904,0.0,0.55556315,0.07147978,1.1483583,1.6408389,0.07227279,0.027371686,0.018055446,0.5074557,0.040437322,0.76705575,0.00069527526,0.042182945,1.0384293,5.203673,0.19967012,0.52760535,1.7519493,0.29989082,0.28657383,0.62899035,0.30293316,0.47287133,0.26046082,0.13225877,all_pothole_images\pothole_images_new_image_503.jpg
0.8734455,1.6544684,0.7655994,1.3342382,1.151874,0.14049593,0.625976,0.13771118,0.89411455,0.9967164,0.2677577,0.37097654,0.7501775,0.080417775,0.9991866,0.4064767,0.3226966,0.46891955,0.6980728,0.27196032,0.2606341,1.7222714,0.4539728,0.46099895,1.3107728,1.5063558,0.23910436,2.7175648,0.24338166,1.1726238,0.68772715,0.307544,0.58651423,1.0942224,0.28302142,0.7391421,0.15664025,0.5778293,0.27262065,1.9270614,0.33173695,0.35007992,0.17091379,0.80472845,0.8895527,0.4879496,0.18861634,0.2535434,0.89301,0.77427775,0.6165731,0.37956423,0.5935978,0.59533435,0.27952567,1.3021266,0.08869562,0.08153774,1.060893,0.4064297,0.10387622,0.08251808,0.87872404,1.3612778,0.49835882,1.4110911,0.34167084,1.090112,0.72568446,0.8794988,0.64287794,0.5768512,0.7762834,0.18665831,0.17497216,1.0581148,0.52467525,0.087667,0.14767216,0.1794362,1.1955127,0.29320982,0.025731781,0.7942899,0.31692708,0.6095571,0.23235963,0.37634683,4.2008643,0.33080027,0.6157139,0.5917679,0.21611242,0.2950513,0.67558414,0.3055822,0.87493134,0.7988228,0.0857572,1.3354756,0.10766107,1.8312455,0.29620603,0.23848103,0.18523708,0.08078146,0.6666733,0.17250378,0.25225174,1.0076041,1.1909919,1.2942548,0.2044473,0.0564988,0.3492979,0.9087563,1.2362002,1.04796,0.5340782,1.487087,1.7689382,0.5099191,0.16940902,1.1479636,0.05587336,1.0527912,0.052898813,0.63511926,0.36390674,0.60909843,1.0125246,0.33067498,0.07056398,0.188583,0.42985663,0.8489732,0.34468305,0.09362664,1.1137625,0.60803616,0.44546783,0.1299331,0.41327316,1.3802713,0.8293323,1.3767986,0.4910651,0.4919916,0.23821007,1.7734269,1.1208925,0.79735655,0.5568864,0.37861136,1.3005413,1.0351542,0.84666973,0.46897078,1.1394988,1.3131853,0.9291462,0.64303714,0.09408306,0.48810482,0.35249102,0.10889424,0.09368739,0.26124972,1.5688118,1.3761739,0.88927037,0.24907723,0.25408354,0.06866073,1.299587,0.4537625,0.9947343,0.29739627,0.58887076,0.72497356,0.25121057,2.6219454,0.8486638,1.0324731,1.1942797,0.64302087,0.7951753,0.34092537,0.7394996,2.8452647,0.80479413,0.36427853,0.5347041,0.81644565,0.40918332,0.18438727,0.9938836,0.0967262,0.3465232,0.6640301,0.6408616,0.34359163,0.5863364,0.51181424,0.31199396,0.6567411,0.67967767,0.69525987,1.3632191,0.00025382213,0.34124312,0.12940769,1.5025027,1.4950892,0.45121095,0.56010866,0.97885007,0.060913123,1.3937187,1.3391215,1.354187,0.15689702,0.24521516,1.2058142,0.24714422,0.9631256,0.53763527,1.8474756,1.2177881,0.8729692,0.16310668,0.7712101,1.5796932,0.8853974,1.9966015,0.1463927,1.6108093,0.14093666,0.3245029,0.0,1.5263307,0.0451539,0.34913817,0.10041982,0.34222424,0.005919199,0.78019184,0.2048085,0.51253176,2.6467447,1.2685729,0.21933837,0.82576096,0.9480596,0.049976654,0.3266887,1.0238086,0.42356905,0.45972916,2.0779092,0.428608,0.6741357,1.036701,0.680337,0.29032674,2.227639,1.1241986,0.32966107,0.76739997,0.98981047,0.6860033,0.0680369,0.5598554,0.8453117,0.6929162,1.6833417,0.4913251,0.5829359,0.70018095,1.072104,0.08834034,0.6046056,0.4772651,0.76511955,1.5138575,0.8466737,0.45751074,1.720097,1.5291377,0.12752189,0.1715118,1.0843937,0.22306405,0.87560934,0.60614544,0.104349494,1.08304,1.6991366,0.71389264,0.49084947,0.43314648,0.104304925,0.25156105,0.45511004,1.8647149,0.31001446,0.101872995,0.83419263,0.78771085,1.1593337,0.288669,2.1123056,2.7277825,2.223956,1.0499165,0.48072457,0.43142107,0.800718,2.6380312,0.4189569,0.78669214,0.08277661,0.33926716,0.5754012,0.4181045,0.8636664,0.513042,0.5781955,1.3009942,0.74859744,2.8152165,0.21124566,0.21432446,0.6148217,0.5908105,0.5579736,0.8066811,0.54003495,0.39745525,0.27324286,1.2482573,0.0372147,1.6890535,0.22141841,0.74144995,0.25176257,0.47105604,0.6943007,0.73824525,0.6068639,0.1415666,0.99852705,0.25434047,0.15174912,0.43867126,0.2961404,0.8091605,1.4000409,0.806041,0.4685081,0.16928653,0.1526122,0.63314945,0.12721631,0.011785628,0.016143925,0.49237034,0.7230818,0.47335464,0.71661717,1.7889512,0.6246518,1.6114794,0.10330598,0.46748486,0.8798322,0.1923215,0.544761,0.52749336,0.20974027,1.2514797,0.17250851,0.99549127,1.4515742,3.5317466,2.4752607,1.943387,1.0815684,0.5761782,2.6340652,2.0844812,0.33710054,0.46398634,0.438572,0.68021345,0.023774456,0.9334433,0.7039068,0.3354524,0.3271813,2.9908385,0.19171686,0.13587776,0.5920295,0.7636191,0.43251014,0.2929044,0.5262358,0.63448864,0.028254794,0.9255547,0.33388364,0.4278748,0.31681168,0.15881658,0.47696623,1.233035,0.47124246,0.5797185,0.35634065,0.78641456,0.5823789,0.6031995,0.39630562,1.5768847,0.9677504,0.24622758,1.2690536,1.5879028,0.874616,0.30725822,0.1373343,0.40937918,1.5193,1.2427465,2.3758545,0.98291916,1.5911603,1.2609718,0.6231105,1.6972152,0.008537594,0.36833134,0.9162227,1.0158497,0.29106608,1.534421,1.112799,0.8783611,0.38866594,1.431246,1.0984389,0.69727945,0.3662384,1.224652,0.93300456,0.56236476,0.3379274,0.40589616,1.6359738,1.2056252,0.26597202,1.4055773,0.32919055,0.85506564,0.49885604,0.5010239,0.38991928,1.318799,1.746269,1.4578168,0.5067463,0.56833404,0.5757587,0.84870225,0.4068103,0.059351433,0.365881,1.2379646,0.4938263,0.62847465,2.655685,0.07979984,1.0338817,0.3369993,0.004168484,0.63017225,1.1991969,0.4919673,0.06674601,1.1025034,2.41555,0.051449705,0.49475506,0.6170061,0.054840222,0.0007562554,0.18081321,0.23666175,0.37060985,0.63001317,3.3826394,0.16392264,1.0189301,1.0731586,1.4582217,0.5422028,0.89502466,0.33151257,1.5096341,0.190117,0.43436727,all_pothole_images\pothole_images_new_image_504.jpg
2.2553532,0.95372444,0.34625924,0.09987313,0.043526,0.73851556,0.5272556,0.7182506,0.44781002,0.11017352,0.29984593,0.09880641,0.13011134,0.0041847047,0.6478944,0.52683777,0.08789362,0.12614392,1.7860587,0.1973696,0.67603666,3.104004,0.67879003,1.1317425,0.4060904,1.2061515,0.0026965074,3.9003525,0.1928659,0.12193969,0.48394096,0.39476296,0.4423298,1.1842072,0.4886437,0.022614328,0.0,0.88067126,0.47130737,1.9810221,0.084316105,0.3592687,0.04703379,0.10414258,0.027545555,0.75308746,1.170769,0.0,0.3202903,0.5416359,0.23454714,0.65317005,1.8491646,0.5996654,0.29552093,0.061297733,0.3672136,0.058587376,0.076153815,0.59631073,0.2236927,0.37163067,2.8007755,0.21691634,0.8700022,2.502355,0.64944255,0.45471883,1.5391133,0.00073212397,0.16836162,0.2419953,0.14698644,0.46672034,0.1797967,0.8052885,0.21941337,0.85471857,0.09251366,0.07826053,0.03491061,0.15050599,0.329643,0.9678201,0.51395607,0.6827823,0.56326765,0.26729226,3.2735534,0.4679198,0.3111249,0.34548935,0.0,0.3687982,0.20622918,0.04381085,1.2142357,1.1543502,0.32064605,1.3995534,0.0081225075,0.008963606,0.67964405,0.45755836,0.8727996,0.6780256,0.07098717,1.3211201,0.7464989,1.1740783,0.86755615,2.2643993,0.902824,0.63928837,0.063762896,1.4385108,1.4450002,0.8583252,0.009477699,0.61241263,3.0542054,0.25833324,0.70565325,0.6411293,0.7128006,0.15885384,0.3940134,0.8454756,0.67259854,0.13705596,0.22224057,0.80760837,0.3566825,0.48298988,0.15253177,0.08375795,0.02751709,1.3860312,0.05717046,0.25865188,0.27069914,0.98442245,0.0025999704,0.3711852,0.36127535,0.07609557,0.25851116,0.7155568,0.35893086,1.5636938,0.24469286,0.08623274,0.45129207,1.3653765,1.946967,0.13822731,0.06648681,0.36062688,0.076595604,0.22737996,0.8890485,0.21439967,0.009064002,0.5909194,0.64627343,0.4722396,0.37081325,0.29950255,1.0756334,0.048717227,0.7966075,0.21319221,0.42891428,0.074741565,0.3181198,0.013356595,0.7961345,0.26356563,0.7408567,1.6157899,1.0100778,0.45779487,1.8385248,0.74042964,2.364456,0.749126,0.19307975,1.0383645,0.094191976,0.4581719,0.0,1.2350122,0.30933264,2.6952183,0.076760866,0.2507422,0.3516456,0.68926567,0.14609788,1.1277211,0.16962563,0.73742,2.2364006,0.8519639,1.0713089,1.8849636,0.60281414,0.08400362,0.122186355,1.7111536,0.23982999,0.91830987,1.3024393,0.6445047,0.14159793,0.49337402,0.39751208,0.79691136,0.89469516,0.37303978,0.041075595,0.76383895,0.15895337,0.6666861,0.24565221,0.14043939,2.8014414,0.5694585,0.17102234,0.0062413015,0.29806656,2.1558368,0.23929131,1.1866099,0.69246066,0.711023,1.3418702,0.13522072,0.12316453,0.26868072,0.24297479,0.26072264,0.39184213,0.073102795,0.42523834,0.030984284,1.3053827,0.61754584,0.6358935,0.32149863,6.1896896,0.014558832,0.32662493,0.15757681,0.5606001,0.13391307,0.15930499,0.9533836,1.0708017,0.34682617,0.0884204,0.20379506,0.5206375,0.56276435,0.3517479,3.1195633,0.29774868,0.627844,0.6966943,1.5763519,0.36416325,0.007203063,0.28230357,2.486501,1.6765523,0.3798705,1.6422828,1.1702279,0.5113638,0.48673862,0.06452931,0.9623658,0.0011155772,1.7171869,0.16153412,0.42131156,0.5748447,0.31278604,0.15077198,0.11504876,0.55285645,0.29239285,0.45483655,0.72882795,0.34607938,0.8196959,1.4693537,2.0943851,0.8117255,0.69076264,0.0025837491,0.3347027,0.075755894,0.9257602,0.19891223,0.06150887,0.8636267,1.6581273,0.64432585,0.20427077,0.5920887,2.0432465,1.6788709,0.6085674,0.16250362,0.22672103,0.28146684,1.2090037,0.83822435,0.47811723,1.0006899,1.3649192,0.26578045,0.07111896,0.028079854,1.823496,0.017659754,0.0013724188,1.0487721,1.8632722,3.061217,0.68768144,0.69982797,0.038537636,0.5093391,0.16792138,0.40094218,1.0370069,1.1955055,0.27312666,0.72181755,1.4953156,1.2737092,0.031584285,0.20392923,0.04455648,1.0779668,1.0359392,0.05620643,0.37286988,0.060714487,2.139439,0.2152626,0.43490848,1.1214834,0.029193817,0.3666635,0.14189526,0.24026133,0.20236279,0.18839511,0.3179753,1.9882247,0.18567184,0.1868521,1.2956547,1.3826103,0.97001785,0.013703391,0.5643407,2.6492732,0.94001555,1.2965654,0.12595859,0.91624516,0.6020884,0.8953205,1.391808,0.44633743,0.44956517,0.64099777,0.088654436,0.88626283,0.6898716,4.4368005,0.8513648,0.25166604,0.081837416,0.07349933,3.2174442,0.5206386,2.6339574,0.20539287,1.0057253,0.3589033,1.7259473,0.72854316,0.61435676,0.9574162,0.0042714225,4.525869,0.2292475,0.8031311,0.3763412,0.04087351,0.18787366,0.13282298,0.0015585825,0.09509358,0.91926223,0.0008020082,0.27926585,2.0048707,0.3922868,0.39947757,2.3089268,0.9578055,0.20927176,1.8706241,0.18272388,0.23503307,0.39756396,0.049572524,1.0037249,0.7096082,0.0498045,2.1422498,1.4650518,1.5286012,1.3806677,0.21971445,0.40368685,0.03460607,0.99785006,0.8659902,5.034219,1.0963818,0.25086853,0.7412379,0.12952143,0.950427,0.65974194,0.2045743,0.9894781,0.5121156,0.0032492024,1.1880707,0.88030964,0.6123874,0.8541731,0.38059697,0.9055599,1.5751408,0.7368908,1.5551621,2.1242862,1.9008673,0.699485,0.21649468,1.2937806,0.06345277,2.1276214,0.0037809373,0.049335938,0.37107673,1.719509,0.87551457,0.15240535,0.57517916,1.062725,3.0429933,0.30162206,0.07942317,0.2797282,0.8367279,0.46674937,0.83839595,0.5375878,1.1694175,0.020934392,3.1133883,3.6410117,0.18699312,0.49976608,0.0,1.5486182,1.8715241,0.47663465,1.77788,0.042734496,0.1461111,1.2523335,0.032888256,0.10128728,1.5019375,0.29044628,0.064770095,0.21297607,0.63468516,0.19879802,0.3421595,2.3887093,0.9638625,0.6801089,0.58069277,0.771315,0.011487238,1.5483719,0.4432685,1.8554649,1.3820624,0.23407485,all_pothole_images\pothole_images_new_image_505.jpg
0.4103202,1.3511635,2.7265527,0.85289717,0.57690746,0.6759136,0.45250157,0.24664104,0.9067516,1.5819895,0.29623634,1.2506919,0.24210393,1.4063092,0.16550699,1.0612235,0.2351606,0.21004215,0.004313134,1.3953377,0.62543756,1.993956,0.4872124,1.2175945,0.3001154,0.23483717,0.14876488,0.50203615,0.39311364,0.5697894,0.5872992,0.7557181,0.22119913,0.49315116,0.47245508,0.40426153,1.9262111,0.6048668,0.22651991,1.7244776,1.6871427,1.3047851,1.0471822,1.0563303,0.20226571,0.41517252,0.663073,0.6800878,0.58207285,0.5063779,0.65338236,0.7271228,1.13532,0.7600246,0.6707839,0.104516186,0.7722759,0.31480762,0.45665672,0.6522906,0.99434817,0.12748025,0.2393589,2.0012085,1.1570385,0.46303737,0.53899467,0.5847215,1.8631352,0.75081336,0.5295151,1.0327129,0.5375169,0.08661262,0.11981473,1.936468,0.58578974,0.60644525,0.4492137,0.33088148,0.37537095,1.4109193,0.6224513,1.4924141,0.55261374,2.282256,0.2730097,0.51008266,1.2380044,0.5037419,2.069037,0.34942326,0.5606881,1.4734105,0.18717588,0.12358882,3.9137883,0.34884223,1.7651027,0.3024958,0.87220234,0.27252272,1.0281029,0.8912314,0.4961361,0.4368166,0.10529213,0.67872274,0.5719927,2.6203268,0.3443621,1.04938,0.07648604,1.3575324,0.088619746,1.1054931,3.8014352,0.5439452,0.7494863,0.41637778,0.7848107,2.5360293,1.5334164,0.9099442,0.07157656,0.23084056,0.038890865,0.36180025,0.6816158,0.6200111,1.6305821,0.7267977,0.8423142,0.8803955,1.0383738,2.437998,0.553524,0.5470213,2.0823083,0.5815324,0.99557525,0.4639664,0.4535421,2.782704,0.6064716,0.24018481,0.74739724,1.5195345,0.08341788,1.3523064,0.48435378,0.2924946,0.12313145,1.4551997,0.9425828,0.9072454,1.8376483,0.35524803,1.5052412,0.32753703,4.4207277,2.6283062,0.19007061,0.61496055,0.54685223,1.660864,1.0390488,0.714358,0.33608976,0.43298435,1.2989199,0.06257694,0.83610344,1.3166547,0.8998901,0.5512885,0.7468588,0.05896626,1.4722824,0.5745289,0.19872852,0.43917543,0.38595802,2.6418345,2.5799143,0.49723628,1.3430665,1.1117482,0.37232444,1.6117276,0.8400317,0.21684755,0.69409037,2.8331757,1.2132143,0.9039211,0.09017541,2.0896823,1.2458714,0.45513377,0.9052537,1.9504366,1.0474418,0.118452996,1.6959691,1.2872312,1.1837168,1.6623695,0.45095405,1.0904177,0.4010544,0.49004206,1.4866548,1.0764215,0.00058543286,0.3243649,1.6768029,0.3988523,1.5071983,0.1349385,0.6299092,1.5734962,0.75117415,1.3728571,0.19593997,0.3644768,0.46673968,0.9524209,1.2912524,0.84732753,0.07250713,1.6786826,1.7016156,1.0859743,0.22446197,0.15460365,0.5534411,1.3965349,2.2164001,0.51098716,1.6884253,0.13269767,0.26158124,1.7237006,0.037477866,0.24617386,1.764845,1.1315854,0.42961344,0.26123616,0.16317514,0.13658737,0.34993985,0.96514845,0.76814145,0.11418228,0.36623973,1.1206721,0.17028573,0.32185,1.6499782,0.7481973,1.1046134,1.1738765,0.040933102,2.5265334,0.0,0.8126976,0.5871603,1.202316,0.48267123,0.40341914,0.048740897,1.1000284,0.60396284,2.2071044,1.0471365,0.1994839,0.3222177,2.174178,0.18424536,0.55979687,0.30099094,0.105619505,0.51795125,0.20513852,0.9213146,4.0443377,0.754802,0.5325656,0.574737,0.86686844,0.26896977,0.24587968,0.1613324,0.061660122,2.8557403,1.0292736,0.8126317,0.49793676,0.12632482,0.66544604,0.28379187,1.9036541,1.2334371,0.050092462,0.1935008,1.3457211,0.34141633,0.28118896,0.7080557,0.5596481,1.8717407,0.76370823,0.34685597,0.21904707,0.48126626,0.5179405,0.377016,0.33562943,0.36379755,0.8781478,0.6834615,0.42484644,0.9944173,0.70571274,1.1115593,1.3363179,0.6769893,0.6763578,1.6690229,0.09827308,0.3555116,1.7637964,2.0416203,0.22913884,1.8298972,0.29211894,0.14791787,0.036611143,0.45751166,0.66937166,1.9784269,0.39636922,0.9567673,0.42326164,0.35997102,0.8343836,0.37288812,0.4910915,0.5984181,0.86684364,1.1854235,0.33956563,0.99379456,0.8386741,2.568175,0.68511236,0.2817118,1.5934826,0.61819685,0.69995534,0.7246803,0.24619561,0.49212798,0.2772879,0.81025493,2.5050275,0.7088176,0.35722578,1.0004079,1.7524308,0.43633765,0.6879616,1.3951762,0.5415956,1.2063156,1.718404,0.7962062,0.94543064,0.73471767,0.84156543,2.1184456,2.4108024,2.4338953,0.56863654,1.3031338,0.4273743,0.7035905,2.6891046,2.6293232,1.7805182,0.6441838,0.29123253,0.62301147,0.550951,1.81617,1.7951828,1.2004839,0.465497,6.627641,0.31387436,0.5678203,3.16262,0.0,0.23785038,0.8999586,1.3860776,0.13420117,0.4263048,0.079385385,1.3893018,2.9413376,1.1000918,0.013332639,2.1036315,1.0456945,0.058571436,0.17415093,0.90622413,0.05972508,0.26618576,0.7085574,0.88339573,0.2883274,0.29079145,0.45634717,2.344433,0.80634654,0.35711,0.33911213,1.1832999,0.2652272,0.6530515,2.251302,2.890133,1.4956259,0.53337604,0.6843984,0.5088929,0.33101478,0.6637823,0.06286392,3.010965,1.1881077,1.1508249,2.744091,0.50561064,1.7102816,0.8976917,0.9642042,0.987864,1.3927152,2.2867725,0.6726993,0.5054373,1.3797241,0.81051403,0.071174555,1.0539482,0.42182127,2.6196752,1.1550671,0.1293303,0.072900884,1.5564333,1.1594766,0.21472014,0.96798134,0.9222211,1.0177442,1.4323643,0.06741457,0.8886776,1.7990481,0.3302338,0.14177515,0.09113191,0.94116616,1.0438381,2.588593,4.7541137,2.1128967,0.24072358,0.67628556,0.40473318,1.3013356,2.2330444,3.5733106,0.36754876,1.9834815,0.8025237,0.2843607,1.0749289,1.1506499,0.58634883,0.28482231,0.98759574,0.18157497,0.73808956,0.283138,1.6980908,0.84358346,0.92581385,0.21639976,0.090320975,0.87971646,0.19987953,0.4560131,0.922097,0.44144025,0.1466293,all_pothole_images\pothole_images_new_image_506.jpg
0.7007717,2.846489,1.0332979,3.2854426,0.61228025,0.5765693,0.582063,0.24460539,0.45859852,1.2208594,0.29324433,0.8223775,0.1184564,0.45054263,0.4096218,0.46205866,1.5920177,0.07777538,0.8153589,0.14150755,0.60441643,1.5165198,0.8134983,2.460026,0.97512853,0.23737714,0.1286847,0.5896437,0.32656613,0.8132928,0.5408598,0.016838606,0.5445245,1.0982009,0.3467404,1.4037467,2.1028237,0.07678165,0.84558153,1.8770926,0.58289677,0.29257232,0.11145091,0.037499446,2.323599,0.24428153,0.2115177,0.5620462,0.5670231,0.14032093,0.60658646,0.41304803,0.4518934,0.85256565,0.0,0.9596222,0.37336874,0.43597496,0.8154233,0.59679234,0.09928271,0.48389134,0.24037425,0.81743085,0.14985107,0.56017095,2.324417,0.3974742,0.52486265,0.10196664,0.4366145,0.16788034,0.7200124,1.2585014,0.30424574,2.8096588,0.75736105,0.74467915,0.08520414,0.62226987,0.55516857,0.7730464,0.43046546,1.2231342,0.8134384,1.2430314,0.042782124,0.45959488,2.5957394,1.8211222,0.21859647,0.37468088,0.1571982,1.5172844,0.29359308,0.0875919,0.88811874,0.7077566,0.18788956,0.45548582,0.366944,0.50915205,1.1501172,1.5988379,1.0103971,0.0,0.25598606,0.57041395,0.114472926,0.92395467,0.44032332,3.2291842,2.690663,0.5071097,0.44873753,0.19863074,1.288263,0.55438435,1.6562634,0.8844391,1.2961649,1.0203389,0.1547066,0.31382743,0.47710106,1.0628474,1.2512565,0.35442427,0.44262937,0.00959995,0.6502285,0.25990763,0.14948648,0.5489404,1.1974102,1.8454053,0.031170709,1.0825617,0.31172326,0.0014007881,0.38104793,1.2833899,0.29599944,0.22479492,0.46251148,0.50059104,0.47384688,0.4881516,0.9588939,0.27506584,0.48301196,0.45632768,1.3274803,0.15638703,1.2496655,0.05197943,0.9753256,0.79850817,0.56637996,0.4522586,1.770125,0.29500666,0.18166374,0.024056386,0.5857468,1.4641731,0.48801807,0.007869658,2.2248669,0.26330543,0.09711178,0.0,1.0911794,0.020548495,1.7420888,0.2057593,0.97552633,0.030961467,0.994384,0.28329387,0.9384339,0.3598795,1.0168108,1.8521161,2.6429093,0.2765897,0.18076223,1.0877655,0.13536558,1.0787888,0.3095865,1.1919653,0.08414434,2.4933002,1.0921283,0.11226103,0.19600973,2.2552369,2.8256927,0.91287595,0.36684462,1.810758,0.094517685,0.39559236,1.1332703,0.40960887,0.17561519,0.22534537,2.3163545,0.53436947,0.10555636,0.20185336,1.0726609,2.0843692,1.2898737,1.1105173,1.0479364,0.3364248,0.55908376,0.9970047,0.90380126,0.18180497,1.5044795,2.076948,0.7066162,0.9179932,0.59884655,0.49324447,1.1439898,0.08394669,0.12804744,0.22779246,0.7207921,0.4612857,0.66059065,0.14134714,0.67271274,0.67602086,0.571049,0.4885935,1.5721486,0.10108387,0.5603876,0.13077788,0.14059377,0.07472716,0.34443656,0.000705812,1.3002509,3.5487995,0.027974289,0.73684907,1.0873393,0.055355474,0.17659609,0.15217227,1.527377,0.59717125,0.9892515,2.6147377,0.28928924,0.039178897,0.82017726,0.5849037,0.20139785,1.9365178,0.8770861,0.39680415,0.8617203,0.32106036,1.989231,0.0,0.26033986,0.4465298,0.705922,1.2448199,1.27838,0.61198187,0.2120317,1.4115571,0.10980355,0.9960601,0.7639417,0.1556215,0.5429225,0.63821495,0.9495942,0.7973577,0.29834262,0.6033338,0.5827283,0.79466105,1.1535017,0.82221717,0.49884734,0.9454282,2.2854786,1.0799952,0.24228248,1.4113085,0.12434184,0.5451127,1.174377,1.9486309,1.0822626,0.5842913,1.3582364,0.7768701,1.0102834,0.14996797,0.45547065,1.0017152,6.3601236,1.5646975,0.20107448,1.9599525,0.2036212,2.3216374,0.5024892,0.4756743,1.5828415,0.9650889,0.98993415,0.12673962,0.7492797,1.1688,0.27179703,0.8161141,0.94192994,0.31891027,3.799829,0.6607277,0.07435101,0.051359557,0.20571595,0.23632324,0.64066684,0.17720285,0.15189661,0.743889,0.7428037,1.5479083,1.6033459,0.11544712,0.3194541,0.13201737,2.4452727,0.34156817,0.07943969,0.50635684,0.68711776,0.63678294,0.6055142,1.1776943,0.94839734,0.30723998,1.0046233,1.0493431,0.69699025,0.87565005,0.37680843,0.28068903,1.3326087,0.9130872,0.260075,1.0567614,0.6334048,0.44817093,1.3757856,0.22220945,0.33142266,0.7348117,1.2043012,0.5212612,1.7939657,0.47238696,1.1291887,2.2008722,0.14708512,1.952887,1.0759212,0.658987,1.7899272,1.6690812,2.769351,0.7508032,1.9868104,0.3647278,1.9481,2.1992376,1.0749054,1.5815275,0.6365536,0.52582484,0.17409797,0.9033505,0.6525692,0.82352394,1.306707,0.6047306,1.4542277,0.36791143,1.1261059,0.16320466,0.15742351,0.058032364,0.9009115,0.8419381,0.26781246,0.07760961,0.3424423,0.42817435,1.3793874,0.23305169,0.0057656965,0.53498584,3.067455,0.2749333,0.8534524,1.7687892,0.28161672,1.491432,1.8480422,0.3215194,1.6355568,0.9586589,0.9420459,1.0923276,1.9120773,0.43062174,0.5364451,1.0900519,0.3799207,0.43092105,0.7359144,3.4423008,2.8921576,0.20233275,0.7667496,2.0990636,0.90118456,0.75759107,0.0,0.4818258,1.4035008,0.33851922,2.1169157,0.30127728,0.3598957,1.4153535,1.4161652,0.7034437,1.602236,1.2013662,1.5392249,1.03733,1.8451936,0.07012453,0.68155175,2.0163853,0.2950971,1.0075612,1.06533,0.49198475,1.4747063,0.7831551,0.7383541,0.16560866,0.7131846,1.5188682,1.126564,0.07246976,0.9603656,0.33937922,1.5321487,0.09159937,1.0215919,0.38345903,0.9063259,1.7646507,2.767681,0.8316887,1.2500409,0.64816576,0.0,0.8128231,1.3354402,0.14636464,1.4996222,0.050799172,1.0140599,2.0621998,0.20157148,0.14798643,0.48213926,0.0,0.66070944,0.5984291,0.34584433,0.17991962,0.25281897,6.5133286,0.7205326,0.6905724,0.14097871,0.5528109,0.0069243857,1.6561806,0.8325395,2.2530487,0.6916026,0.7569594,all_pothole_images\pothole_images_new_image_507.jpg
0.16055275,2.9521067,1.0692357,0.1543079,1.0590868,0.311332,0.8568289,0.5108161,0.5387347,1.0399157,0.73722214,0.33175373,0.18171081,0.72587204,1.0154911,0.9483239,0.45836934,0.46965447,0.06813108,1.6637188,0.06860772,2.6881106,0.5015936,0.9665405,0.7321917,1.090465,0.24618976,0.9974127,0.6509161,1.0660715,0.7899242,0.57448524,0.061459143,0.52264273,0.076427326,0.76355845,0.32947063,0.9883787,1.454999,0.71810913,0.06423354,0.05989419,0.17726168,1.6334901,0.89882314,0.004538636,0.4684304,0.02201984,1.6214577,0.024613427,0.11893788,1.2880864,0.90880567,1.7213106,1.0772719,0.74680376,1.0673484,1.1052439,1.7535322,0.029670486,0.18167482,0.6951318,0.6253689,0.46737444,0.14490677,1.0251042,0.8935163,0.62411094,1.6303213,0.7945211,1.0649033,0.7332597,1.1226026,0.14502898,0.9768423,1.2589538,0.03641241,1.2443161,0.8780948,0.26541552,0.36983675,1.5522527,0.036712777,0.9585641,2.5313435,0.14478935,0.6832409,1.2856354,3.5066335,2.9838393,0.82350725,0.82332575,1.1755706,2.246766,0.92537904,0.281883,0.109024405,1.9140967,0.22335759,0.09103722,1.412943,0.74052995,0.018793665,1.2375082,0.66445774,0.78456384,1.0438105,0.16359463,0.5918641,1.9680456,1.7479703,1.8703005,0.3347349,1.2682971,0.82213753,0.26770544,0.8284404,0.44877577,1.1669853,0.67233664,1.0928718,1.2786322,0.15412635,0.41421825,0.7739833,0.2585538,1.8039091,0.015630582,0.5292376,0.11125594,0.99417686,0.053069767,0.33820447,0.83627254,1.0239344,0.4769164,0.5268427,0.31730452,0.95163053,0.21863583,0.009743167,0.9043756,0.60842973,0.8205976,0.3212281,0.882488,0.123040214,0.13879798,0.7707227,2.9892654,0.2927079,1.0321634,1.7115488,0.0898422,0.859654,0.2531738,0.24048407,1.5098411,0.14139318,0.60504913,0.9379517,1.5741711,1.8175808,3.781593,1.1004199,0.19032443,1.4385229,0.25097087,1.9338791,0.25617376,1.3658372,1.0426042,1.9144278,0.6323504,5.454504,0.01927577,0.46596164,0.20647547,0.38353533,0.25985822,0.9659102,0.43531227,1.7530311,1.1308335,2.436756,0.62382734,1.3313303,0.43074408,1.3830028,1.0011007,0.19323279,0.99794465,0.42088816,1.6514959,1.0386134,0.5334518,0.09016426,1.8117124,0.0,0.94237083,0.4715557,0.031402625,0.40562364,0.18212046,0.990061,0.31958503,0.8253074,0.7217932,1.0163355,0.31889537,0.5514051,0.79494846,1.605195,1.470804,0.10515896,0.22888383,0.5023058,0.90801936,0.4707699,0.26293808,0.1228499,0.28320277,0.63607717,0.23465285,0.35316822,0.49314696,1.0512092,0.0871481,0.5344461,0.4249105,0.05679693,0.09216048,0.45619255,0.33888504,0.28706017,1.1610175,1.2361145,0.82397723,0.047759917,0.2541565,0.17992154,0.65423286,1.3383551,0.18495427,1.9567451,0.42089617,0.5845021,0.1892098,1.520575,1.919045,1.3208497,0.7223448,0.2747555,0.692803,1.5736319,0.30412024,1.1609712,0.24274857,0.5305197,0.31599933,0.4057128,1.9309796,1.5372956,0.20729671,0.9757988,0.7537477,0.9905426,0.62827593,0.31342348,0.7978443,0.94941485,0.076566495,0.9065427,1.5573406,0.99548423,2.5300317,0.93841815,0.32367685,0.7305173,0.27999562,0.32532927,1.1255075,0.027592296,0.6297747,1.6810405,0.21668576,0.5101019,2.744876,0.4997657,0.5674288,0.16839701,0.022900946,0.09160447,1.3008612,2.562706,1.9657925,0.8587844,1.5112106,0.53470886,1.0437827,0.8646131,0.04909779,0.18349421,1.7082425,2.661009,0.11607487,1.6564822,0.79880446,1.5681242,0.45242363,0.16926944,1.803758,3.3982656,0.8871304,0.082382835,0.46639353,0.6230349,0.16468462,2.2862737,0.2681753,1.7691224,1.5097505,1.3877915,0.723673,0.035327483,2.6431239,0.45942944,1.5073986,1.7042915,0.8213361,3.2043521,0.19163159,0.774247,0.01814796,1.3996471,0.26387456,0.16923168,0.00013886094,0.28323475,0.18368292,2.1941826,0.29926667,0.51593304,0.7096285,0.8810501,0.91302925,0.27561054,0.18472403,0.6101153,2.3407536,0.055087958,1.6613252,0.004114308,1.1565795,0.78013265,0.12793934,0.21717294,0.3763516,2.2335055,0.23688376,0.31156516,0.9488265,0.22481291,0.24151011,0.76825136,0.38708332,0.2718773,0.40842846,0.14076047,0.3178181,1.3188093,0.38104984,1.9286733,1.0406426,0.66509235,1.6343303,0.67814845,0.62717015,1.3685691,0.69975615,0.6405151,0.46179986,0.25140858,0.4201896,1.3973551,1.0892016,0.6094292,2.7432408,0.58286387,4.2862487,0.517828,1.1321744,0.2695031,0.6103973,0.1178583,0.856317,0.84265834,1.458778,0.6155898,1.7602572,2.6138754,0.2653748,1.0400245,0.07882925,0.03560267,0.020375703,0.40230122,1.2941744,0.41672063,1.362673,0.29520035,0.4030784,0.6206069,0.92616963,0.15552409,1.5695934,2.1153064,0.059553035,0.007052976,0.7799527,0.057918884,1.0712714,0.7457519,2.4598296,1.2362741,1.2518122,1.7650305,1.4426851,0.18490598,0.74208283,1.3242352,0.85480404,0.7049737,0.36153227,0.9837126,1.8650045,1.1800168,0.491095,2.6138055,0.58553207,0.33090958,0.22201571,0.19326662,1.4055456,0.29084536,1.1258615,1.1859393,0.044876136,1.2970273,0.261558,0.77500725,0.2881063,1.0338356,0.74599767,1.326773,2.6678865,0.71840954,1.0187172,0.53536963,0.032983318,0.9284917,0.0,0.9726139,0.19909796,2.357781,0.2996751,0.2649634,0.26584694,0.21950874,0.6283945,3.118365,0.94464403,0.80276114,0.030640868,0.8558239,0.60449535,0.07173294,0.12413884,0.0610216,0.35817236,1.2601162,1.1658803,1.4552665,0.97115636,0.33891055,1.0952834,1.1034874,0.28880984,0.044118673,0.0,1.7939498,1.1708027,0.030898185,0.35866374,0.030130172,0.8472651,0.14852303,0.05609672,0.89329684,0.221551,0.46219853,0.76042163,0.3706524,0.7735342,0.12976992,2.209151,0.3006715,2.8645947,1.6110551,0.5204864,1.2319293,0.77151793,all_pothole_images\pothole_images_new_image_508.jpg
0.43113518,1.4023557,0.7097476,1.1881555,0.18065053,0.099627316,0.69656706,0.830448,0.4184181,2.0084414,1.4965327,0.42000097,0.32753375,0.49088964,1.1910682,1.4762721,1.4195466,0.32992622,0.07536523,0.19796589,1.3323026,0.71684074,0.10069189,2.1465962,0.8700422,0.4097505,1.4259758,0.694665,0.5242332,0.75513923,1.5732384,0.4753136,0.12462888,3.4861991,1.1230054,0.9195481,0.5934998,1.6464263,0.81234825,1.7742082,0.8340516,0.88259023,0.85025835,0.39436385,0.5166045,1.0829327,0.41780314,0.10001352,1.5576053,0.79750246,0.7384773,0.030566111,0.68842196,1.2122936,0.30070534,2.2826037,1.3318127,0.07985832,1.1008117,0.9541945,1.0191042,1.0418099,0.47687787,0.16978177,0.3271537,0.49713925,2.095493,0.42952162,2.4916582,0.43632215,0.07750953,1.5937425,1.5685527,0.33887142,1.4373368,2.205483,1.0101987,0.9848663,0.46456364,0.45484903,0.26347342,0.5798769,1.1584369,0.28961343,1.4236512,1.7656178,0.064321294,2.3174388,1.654447,0.2500591,2.3992808,0.14101455,0.05895856,1.0912471,0.757231,0.8107931,1.4597251,1.6630582,0.704198,0.57809293,1.0092573,0.2468709,0.4449202,2.296885,0.42392465,1.6198578,0.14384095,0.50265604,0.7822961,0.92864174,0.93312556,2.1949575,0.44377428,2.8130891,0.03310543,0.004437052,1.013666,0.6469443,1.2284815,1.4442027,1.7060757,3.2594335,0.19005372,3.4665613,0.28225178,0.38193974,0.4501064,0.27429283,0.16377898,0.25628954,1.9583529,0.3466652,0.5456584,1.0724212,0.15986337,0.59478635,0.8423401,0.9458764,0.13853748,0.57421595,0.16721427,1.1583444,1.252684,0.75180644,0.6071933,0.5773811,0.62635446,1.1675524,0.09966418,1.0102239,0.7930163,0.99125,0.23015493,0.061272115,1.0710592,0.41066608,0.7631578,1.6408149,2.2173681,0.11504066,1.4733659,0.61941355,1.757192,0.018156908,0.2942505,2.3608413,0.6802429,0.10966394,0.10083892,2.5621562,0.2686081,1.490829,0.5787316,0.090710394,1.2652509,0.9289212,0.49725005,0.36037347,1.0066897,0.62180215,0.90325433,0.68120205,0.57634664,3.3424015,0.64263976,0.70756483,0.25948566,0.13660488,1.8776304,1.0147778,0.59117174,0.56351304,0.7775547,1.0091412,2.4786556,0.6901587,0.7271881,1.5522504,1.0874792,0.97936636,1.0031369,2.4919112,0.13086303,1.8388389,2.0506666,0.20489287,1.5204117,0.06700446,1.1686482,0.5897593,0.47711957,0.6461819,1.0667167,1.4282885,0.9926423,0.30884463,2.0922506,0.007552732,1.8458532,0.0133800125,1.223849,1.8660083,1.2800651,1.3574343,0.88093317,0.39907995,0.93204904,0.8022692,0.45818672,1.6410204,1.0860097,1.2207448,1.3113481,1.8770443,0.39968735,0.27425632,1.7278725,0.96549463,1.436907,0.15799884,0.95195824,0.89867705,0.17619154,2.3672101,0.20698307,0.4726853,1.1007857,1.0591892,0.87193984,1.9632254,0.06270911,1.0735831,0.61753017,0.14094315,1.425103,0.06471158,1.5241568,1.2506533,1.2287096,0.92593867,0.174659,0.14725986,1.611942,0.6448121,0.68443984,0.18217076,0.32000732,2.8847468,0.18927652,0.29319358,2.1235056,0.42836264,0.7661891,2.9957874,1.1055702,1.6965578,2.4630466,0.10385626,1.3959484,0.5957641,0.0063454052,0.14251384,1.2632815,0.34931245,0.608751,0.09951784,0.7431826,1.2151685,0.13540679,0.4853503,1.8480461,0.86575645,1.2705706,0.9136649,1.2932625,1.2068002,0.75467086,0.3094893,1.0679297,0.9901013,0.061682515,0.5404725,0.69205385,1.3613648,0.75367993,0.7038135,1.4476601,1.4726435,0.7645483,0.13408266,0.64455545,0.43681252,2.9445353,0.23757926,0.6107002,0.36109677,0.9079872,1.0331526,0.013753516,0.011815709,1.2176933,0.80207926,1.3435919,1.0839442,0.8679638,0.81272495,0.49985722,0.2781341,0.13844751,0.56858313,0.8735321,0.7618946,0.039454825,0.10504153,1.0821258,1.4066887,1.2355046,0.10907963,1.175859,1.5408696,1.5431254,0.39312693,2.202423,0.6329309,0.462175,0.21203265,0.37267,0.6931728,1.7839148,0.60883254,0.81108904,2.516045,1.4618347,0.5973788,1.0093114,1.570309,0.16903561,0.48508924,0.6418914,2.0580225,0.13072303,1.2249911,1.4137834,1.1072656,1.3080133,1.0015639,0.5288718,0.32166842,1.1510243,0.06364326,1.7652484,2.1656272,2.7408483,0.38538983,0.9114491,0.3233719,1.2567476,0.21271196,0.44805416,0.46482,0.80566734,0.29178178,0.7163727,1.0551177,1.6866472,1.4135106,0.20395958,0.030447714,2.2708626,3.754626,2.434285,1.8837999,0.25219154,0.009466534,0.57979333,0.5420092,0.18496722,1.225617,0.71648765,0.28677225,2.626518,1.3641913,0.8318321,0.35155067,0.16646922,1.4209772,2.6495302,0.40331194,0.25145006,0.9334178,0.39855397,0.09785272,1.3317744,1.6301261,0.25572744,1.570906,1.0927901,0.07313559,0.16635236,1.2137119,0.877144,1.4724972,1.6027075,2.9201581,0.21584454,0.2389137,1.8621081,0.3925584,0.088657044,2.286787,0.33852997,1.6166211,2.3420372,0.29834107,0.6355443,3.1134057,1.8134295,0.68167305,0.39965826,0.46062616,0.53218055,0.18009932,0.037674256,0.6761954,1.0897655,0.02071065,1.6510514,0.15357392,2.1953607,0.5447167,0.42046425,1.7369387,1.6042451,2.9524186,0.16964316,2.164677,1.0175147,2.5645,0.38533768,1.67266,1.8754721,0.1250639,1.2713243,0.71496034,1.1535016,1.0815308,0.6759325,0.32401478,0.6132327,0.086896956,0.7669467,0.22880886,2.4376523,1.0658123,0.80131173,0.018224865,0.17823124,0.001808492,0.21538365,2.4832783,2.5162663,1.2885172,0.43451938,1.0382345,0.034647416,0.98421025,1.5805041,1.1569974,0.8891789,0.0928883,2.8841364,2.9537764,0.037282538,0.15156023,0.089700125,0.64465857,1.828258,2.454019,0.25306198,0.3824716,0.10802406,0.5969207,1.1196672,1.5770706,0.22625588,0.08818194,0.86440426,0.67014617,1.0389053,0.6481085,1.8014487,0.9515972,all_pothole_images\pothole_images_new_image_509.jpg
0.48810607,1.0279404,0.9854828,2.44057,2.3971796,0.4532374,0.15378538,0.4129374,0.56878084,1.9447632,0.4742965,0.12067735,0.1776753,2.9268157,0.2720857,0.0526283,0.12324226,0.056227148,1.4918876,0.9204145,1.6537669,1.7094599,0.7110723,0.23946358,3.1486073,1.2355576,0.95360065,3.8894618,0.35279495,0.11079521,0.50793636,0.5662521,2.0031555,0.90742415,0.0016292965,1.006674,0.50984645,0.5085152,0.9505476,0.9106113,0.36491004,0.73381716,1.2224219,0.84984416,0.021981807,0.09352063,0.38078982,0.12583417,0.22528236,0.11084313,0.5691962,1.3811051,0.061880868,0.06760146,0.27696672,0.7376624,4.0741615,0.053443484,0.35089785,0.8017205,0.21563965,0.77508634,0.17628537,0.37430027,1.477975,0.23081833,0.27811486,0.14656135,0.4230703,0.53110456,0.7742918,0.08328574,0.80632454,0.0273362,1.1797742,0.8365279,1.8565447,0.7496058,1.3246924,0.5116535,1.4118637,0.7749225,0.06567634,0.5918532,0.9214809,1.4598014,0.84309906,0.3364756,3.62323,0.52846634,0.29847008,0.8976823,0.48732808,0.6326894,0.5100622,0.35060135,1.3130128,0.1377942,1.7985089,3.5251505,0.0,5.9870114,0.19510148,0.6315843,1.3520103,0.0786835,0.22496977,0.40056154,0.017577855,0.14584461,0.22206223,1.5135597,2.1524012,0.24158663,0.6973478,0.3909521,1.484538,0.42225444,0.06549716,0.44872564,2.0212924,1.3532717,0.21779077,1.7731084,0.38388067,0.031475343,1.0665562,0.8120323,0.73950523,0.65688664,0.50270766,0.24636498,0.47396716,0.66563195,1.1069592,1.0244153,1.1738899,1.8511152,0.399668,1.1864927,0.19525045,1.1847159,0.5726462,0.08540662,0.0046205427,2.6006196,0.4331135,1.1821839,0.6911498,0.19840536,0.8135743,1.1591005,0.09816076,1.3101946,0.7867679,1.2882011,0.8655697,0.22545268,1.0569474,0.37564266,1.3924541,1.1439389,0.101926915,1.651269,0.543905,2.7792838,1.6754727,0.026498925,1.9217837,1.1422784,0.78880155,0.021920172,0.48182032,0.26194775,0.7027352,0.032215856,1.909563,0.011642631,0.17369467,0.10188068,0.52839375,0.8884702,1.640954,1.9339519,2.9823997,0.77552,0.0034303183,1.0409937,0.9621168,0.5517602,1.4538025,0.13618726,0.30326757,2.4886107,0.23442486,0.50024396,1.13692,0.44271025,1.655235,0.19225253,0.29546043,1.5477251,1.1859478,0.4128702,0.13512512,0.39655355,0.00383162,0.53876364,1.2061062,1.0756215,0.37256944,0.441771,2.163891,2.1054666,0.5850153,1.0755779,1.4635284,0.22629751,2.7674117,0.54510576,4.5870867,0.0,0.6213451,1.6874654,0.27300993,0.65291786,1.5780814,1.5579002,0.33839738,0.4029955,0.9759339,2.5355477,1.1435596,1.3803054,0.32829502,0.3520584,3.1673262,0.016001549,0.17217517,0.01609823,0.30204058,0.26864168,2.1831868,0.8158829,0.7312847,0.030724358,0.28961408,0.088268615,0.53907126,4.0198736,1.0933309,0.15332289,0.29275832,1.0490122,0.09624394,0.49322167,0.21129198,0.11066921,0.432293,4.00703,0.78985,0.5750297,1.5349218,0.31042284,0.23299314,1.1536695,0.34051576,0.6556135,1.7418606,0.24599726,0.77227974,0.002283189,0.6001843,0.053473238,0.34653938,0.02855769,2.2156067,1.4091517,0.04783026,0.9816153,0.22419164,1.7711788,0.13126223,2.7941763,0.8686916,2.0192626,1.9062395,1.6483095,1.8806082,0.04947821,0.2824705,0.20425403,1.2209235,1.2168752,0.3094035,0.0,1.9330668,0.33255774,0.0,1.5939128,0.6529991,0.7819108,0.30564252,0.9301478,0.42961076,0.7100313,1.2897629,0.49068007,0.18902227,0.21721251,2.9114716,1.5728604,2.522446,0.8015944,0.43118697,1.5606819,0.49991813,1.184484,0.60906357,1.3288312,0.73225075,0.96916765,0.04566422,0.70773906,0.34354404,0.24300537,0.022465082,0.514833,0.68352,0.57664245,0.3260463,1.4395164,0.0,1.2263345,0.16226636,0.42221287,1.5101146,2.7546737,1.0751696,1.453469,0.48766097,0.87470776,0.9969495,0.23489723,0.38995755,0.13848527,0.2745406,0.3604368,0.30029818,0.12600487,0.56804264,0.76745325,2.6579602,0.52192116,0.083078384,0.42850837,1.1053021,3.4057775,0.77056617,0.4414765,0.13831271,0.003799536,1.0738533,2.7507522,0.0,0.7425213,0.6177861,0.673774,0.78515077,0.6343265,1.9575452,0.35057086,0.08165471,0.10236079,1.0586196,0.14837559,0.019333942,0.5168575,0.09722436,0.29693884,2.227642,0.20896393,0.19274981,1.0651598,1.0803347,0.81578267,2.7435548,0.76629776,1.9623796,1.9494901,1.0076522,1.4731995,0.009731941,0.7148523,0.54795337,0.58146626,2.576634,0.07839698,0.12276606,0.013823774,0.7633948,1.0565376,1.0068297,1.2626178,0.13031772,1.3757436,0.15024397,0.5873423,0.21840155,0.21425994,0.9819664,0.4061299,0.32752284,0.45629516,0.0010436415,0.15504457,1.7102159,0.9457872,1.4434484,0.18589729,2.5867727,1.3869755,2.5009623,1.3930119,3.9038732,0.003908798,2.0216067,1.0536112,1.6112652,1.023551,0.499296,0.12672915,0.95479566,0.89058,0.8262243,3.8341541,0.5312454,0.548799,0.42520574,0.6826257,2.5162673,0.60899425,0.050671753,0.021999003,0.019705711,0.0,0.5067078,1.4802991,1.1594417,1.8071148,0.12819989,0.6957185,0.012915986,0.0076821754,0.59390694,1.6332647,2.2762833,0.0,0.6872045,0.7296636,0.34094727,0.40048715,0.2147411,0.17711973,1.3504715,1.0724258,0.7719196,0.1263264,0.33327815,2.8614128,0.30093458,0.09940698,0.32710865,0.14626834,0.52395374,0.0619591,0.49872112,1.2013925,2.1705487,0.57210314,2.570121,2.8445783,1.66667,0.3044096,0.08526043,0.18068928,1.9241569,0.18209465,0.5354014,0.12503538,0.44308528,2.109723,0.08065839,0.023827946,0.18247834,0.071887895,0.35189423,0.581478,1.310426,0.10130116,0.38164306,3.1210434,1.1253059,0.8410993,1.1525956,0.089793056,0.21713507,2.009223,0.19143595,2.4139006,1.2805903,0.12445426,all_pothole_images\pothole_images_new_image_51.jpg
0.105026186,0.8395411,0.030758131,2.3456938,0.57618785,0.0024041906,0.06783668,0.0,0.2377612,0.8316796,0.06631599,0.029580452,0.0,1.2504792,0.016817108,0.008359658,0.03705116,0.027974581,0.28479463,0.008574112,0.3972564,1.4573517,0.027861161,0.38509816,0.6029308,0.8727793,0.4946671,2.4735355,0.18499725,0.64439285,1.2664553,0.0028643012,0.012375503,0.0,0.12829669,1.4220973,0.57906044,0.69549155,0.62544405,0.1668188,0.0,0.096769445,0.42852828,1.6562825,1.179254,0.015469974,0.004073041,0.10656352,0.16611235,0.06662123,0.47538227,0.063128345,0.049435094,0.005110504,0.0,0.8694814,2.5314605,0.037954655,0.016963786,0.022125129,0.061210416,0.02249322,0.51833075,0.17104542,0.54446965,0.40634665,0.1370872,0.018002417,0.012026355,0.03065968,0.2701617,0.7589889,0.1976918,0.14847977,0.2481406,0.6144574,0.15644184,0.41783944,0.005616797,0.042164616,0.16136569,0.38337138,0.06886902,2.1574337,0.044475775,0.0,0.032566946,0.020557817,2.7031007,0.09896741,0.0,0.019756943,0.050330482,0.11599369,0.05977126,0.0,0.6050571,0.62434447,0.9923986,0.27341896,0.0,2.0450556,0.27446088,0.053080406,0.6370706,0.046661463,0.090221114,0.014531617,0.193753,0.003379876,0.0030814738,0.9770076,1.2104436,0.0,1.0172398,0.34683022,0.4917394,0.03740778,1.0089289,0.38178205,1.0585728,0.00917167,0.20709579,0.16252805,0.32682317,0.24961393,0.11232155,0.12791558,1.893571,0.06389885,0.07026115,0.118742414,0.29643083,0.03150695,0.32163072,0.34251365,0.13298292,0.4717067,0.89818954,0.026677608,0.042076625,0.04099258,0.097915255,0.07174109,0.018300701,1.0946207,0.09346919,0.4659876,0.38289186,0.0,0.13493145,0.249265,0.0005874047,0.04536671,1.243231,0.41375452,0.29120144,0.0013084542,0.052808,0.23700285,0.7960342,0.79314685,0.07610415,2.025468,0.15308547,0.0,0.7470144,0.2115786,1.807221,0.4175078,0.02114219,0.045942258,0.020656977,0.0045209434,0.22097273,0.09276006,0.7668018,0.045164842,0.19208468,0.014389562,0.012995237,1.4104494,2.3416393,0.025442703,1.9800875,0.54066783,0.0928465,0.20551085,0.22282311,0.55404454,0.03988481,0.4592549,0.029394025,1.1722969,0.13722476,0.0,0.6734946,0.16527028,1.1632072,0.42260626,0.078367345,0.45824438,0.28394982,0.95888776,0.047454406,0.06931439,0.06345594,0.68587786,1.1229179,0.03343357,0.0,0.023766598,1.1771703,0.5612442,1.3374808,1.9161053,0.055102766,0.09467899,0.53341466,0.24043891,1.4484664,0.0,0.0,0.28623998,0.0,0.14713818,0.9429874,0.0028817698,0.5235414,0.51439595,0.09950444,0.044451177,0.063420326,0.026216248,0.19559923,0.0,2.2697237,0.0,0.100540295,0.27266902,0.08927407,0.009555633,0.31346262,0.3427975,0.11687474,0.0,0.65762997,0.19072808,0.034247663,5.910307,0.8137088,0.12325208,0.28728408,0.30313516,0.0,0.038540978,1.5426393,0.017185913,0.3217004,2.4081676,0.004217332,0.31706244,0.7981182,0.004393305,0.36781162,0.57010484,0.12469823,0.017587533,2.0770428,0.020180598,0.003053909,0.0027968378,0.17300946,0.0,0.91968876,0.5789356,0.005550546,0.09103308,0.22626954,1.2889472,1.1163243,0.07418682,0.055844937,0.3854451,0.11962272,0.48916626,0.9543116,0.8031587,1.566615,0.056658305,0.027256446,0.027806,0.17056188,0.4721963,0.2558864,0.1455081,0.0,0.070973344,0.013241986,0.80033094,0.3764832,0.455835,0.0066285124,0.0003751766,8.274443,0.6393952,0.027109865,0.30368263,0.0014237518,0.5282636,0.18487556,0.5271993,3.2153282,0.120745115,0.091479115,0.85040534,0.051537193,1.7198708,1.1052967,0.14661537,0.0050183674,0.0,0.13815136,0.1050845,0.12543316,0.40589944,1.0015993,0.03932993,0.065131344,0.23371828,3.7906163,0.013582414,0.0,0.08065167,0.26361802,0.058157284,2.5708761,0.19732262,0.27642515,0.0677213,0.50558287,1.0182184,1.152645,0.5167248,0.20588586,0.25473532,0.08787765,0.30706304,0.8925395,0.49397203,0.9487644,0.2837844,0.0338329,0.35405535,0.05764802,0.0,0.32843325,0.4660878,0.09652581,0.10885083,0.0,0.20062895,0.25679097,0.61290765,0.0039956355,0.0013594371,0.73552376,0.1795648,0.0,0.18759798,0.23696901,0.06364051,0.200946,0.0099964505,0.3707433,0.06466239,0.0,0.0,0.1282773,0.40773088,0.10357979,0.02794708,0.10041518,0.4089572,3.7687726,0.24472351,1.1832266,0.0,0.0039347275,0.93720585,1.1557164,0.118803635,0.009721637,0.5430573,0.0059597613,0.022010615,0.13923816,0.044320367,0.0,0.0073525594,0.21546042,0.87050056,0.23926245,0.16200265,0.5749418,0.41424948,0.36968222,0.5135115,0.22833131,0.0054873414,0.4642503,0.0033916088,0.017716974,0.096387036,0.001374078,0.051876232,0.38826478,0.440032,0.054245014,0.0,2.0231657,0.035046153,0.6453347,1.0351824,2.3997319,0.3898514,0.65055645,1.0863136,0.050502338,0.024784569,0.16477397,0.07449491,0.0,0.013803349,0.039502155,3.3157866,0.12690692,0.40670523,0.16872267,0.8646541,0.29651716,0.46646655,0.40038973,0.14193428,0.011278802,0.010541494,0.42400327,0.48790666,0.28747904,0.30831558,2.2832937,0.27076453,0.08141206,0.08225429,0.5564819,0.7752554,0.5854313,0.28165758,0.07528196,0.5852806,1.3114386,0.14439262,0.3967045,0.0008168619,0.83186287,0.0061849616,0.0,0.0,0.028442021,0.7197154,0.08020949,0.0,0.62408507,0.042886928,0.16450223,0.0,0.57527816,0.3724917,0.10554969,0.015990593,0.018979551,2.2365758,1.6648659,0.0048776967,0.0073832246,0.12318245,0.24216922,0.045119397,0.1181834,0.0110096345,0.047921777,1.7958305,0.023725662,0.04831922,0.005840186,0.0,0.036137875,0.09769961,0.0,0.0,0.32724005,4.8408594,0.2693143,0.0,0.18558314,0.6755314,0.36186886,0.04099344,0.16973501,0.6176604,0.11521686,0.044938788,all_pothole_images\pothole_images_new_image_510.jpg
0.5680961,0.8518258,0.523247,0.77754086,1.3895998,0.33048213,0.17290716,0.08606378,0.18090992,0.5109451,1.0163083,0.646793,0.0029883464,1.2793767,0.08537842,0.052646987,0.5327042,0.13614371,0.1686498,0.22593977,0.38641152,0.35187465,1.5693717,1.5096552,0.16247629,1.2187593,0.0,0.53806233,0.031055558,0.2610977,1.116926,0.0051871296,0.53447574,1.8265711,0.37768096,1.1987449,0.5295543,0.4499522,2.6382537,0.4494746,0.40054503,0.3823437,0.046192907,0.3635184,0.2888601,0.5014787,0.23021348,0.2847003,1.4638722,0.77622795,0.25089958,1.6039052,0.08464905,0.16751613,0.8005308,0.98328847,1.6672598,0.71035993,0.12784165,0.15000683,0.03551201,0.035824917,0.31829908,0.08349566,0.10989804,0.44624642,0.3545878,0.39949003,0.0,0.49888092,1.5112653,0.36882246,0.097864196,0.8749189,0.24872443,0.8453299,0.8254955,2.2525437,0.24251509,0.71829283,0.047884583,0.33176625,0.14244281,1.090171,0.11463058,0.9552527,0.56819236,0.19685201,1.5894686,0.6807379,0.24680649,0.5844785,1.1402435,0.21221972,0.01935081,0.07129029,0.35285103,0.5786975,0.7379758,1.0981524,0.09287791,4.1198125,0.004438846,0.8479243,2.2885141,1.0079782,0.7647202,1.317163,0.7936831,2.317111,0.82458454,0.1354194,0.67651445,1.6412185,0.21226369,1.1311947,0.607456,0.50209385,1.7955154,1.3696336,2.0024376,0.19185208,0.025966855,1.1010941,1.0144337,0.5724412,2.3629866,0.88705444,0.42213985,0.86676586,1.2249417,0.66558427,0.12945627,1.3220644,1.602235,1.4225827,0.3018145,0.34705943,0.04080311,0.13439979,1.1410431,0.06521347,0.605271,2.2130806,0.51609117,0.4124925,0.59517616,0.7732399,0.35671666,0.03637162,0.3910935,1.3451326,0.30218643,1.4909893,1.022868,0.9931323,1.3375002,1.3010347,0.32456416,1.4474992,1.462672,1.1744112,0.050652806,2.2459717,2.4685519,0.12304504,0.08673122,0.15366118,2.145322,1.0112765,1.2357953,0.19844176,0.5622919,0.057353426,2.4858737,0.65121394,0.19962388,0.0,0.015510263,0.09458936,0.0013704707,0.93046755,1.9513761,2.6091247,2.9624572,0.0899261,0.16178566,1.0467076,0.23304084,0.22587378,0.49616623,0.63832265,1.2369049,2.4186037,0.42224073,0.18926318,1.5203104,0.5418557,0.42562538,0.16448908,0.11859952,0.9195104,0.0,0.101836264,0.9353818,1.1088047,1.4110067,0.43865934,1.7503902,1.3743753,0.064912066,0.26906717,0.37157407,0.19932348,1.1599655,0.74055415,0.26537928,0.1628937,0.78066254,0.1807927,0.45287704,0.42140213,0.34954795,0.29264778,0.94394076,0.5882675,1.6552645,0.47447094,0.9549512,0.12739985,0.06182615,0.3648976,0.06726498,0.35562912,1.2719839,0.077304035,2.090293,0.4504003,0.23148648,0.7675284,0.021070616,0.039707143,0.47791895,0.56947327,0.43963426,0.01463783,0.39416826,1.1961849,0.5371195,1.7876084,0.69485676,0.5708826,0.50392306,0.30090588,0.9117561,0.044579037,0.14812118,0.23024559,0.53784484,0.49467194,0.9665815,0.45383897,1.9008224,0.04410466,0.9474147,0.5317815,0.10827192,1.0454711,2.0030699,0.019626083,0.42735752,0.049925458,0.8393377,1.1288912,0.63308996,0.87928236,0.34362355,0.1960509,0.83928335,0.28101066,0.49926797,0.07590997,0.6747198,0.40023172,0.48256066,0.25602025,0.39430493,0.38056728,0.27466267,0.046815444,0.76061505,0.84640145,0.08638261,3.4665706,0.51862615,2.251208,1.9793004,0.0031209504,0.19822368,0.6256791,1.6390556,0.29789895,0.7730652,0.59047455,2.5307646,0.13301098,1.0643831,0.030929215,0.09336062,0.43207404,0.27941978,1.456215,2.660766,3.9679165,0.54177475,0.12288575,0.0,1.1116673,1.4314988,0.68992394,1.6713216,0.45326626,1.0020881,0.50286776,0.32618517,0.23618148,0.27540517,0.24254493,0.5999811,0.00031151026,2.6398315,0.5068095,0.23359936,0.31172416,0.5156982,0.37590486,0.5640724,1.4206593,0.48948073,0.9598629,0.81253177,0.41771373,2.3109672,1.0474881,0.1438521,0.03534902,0.29014745,0.07093615,0.6953299,0.34425637,0.03078193,0.46171492,0.02027627,1.0092903,1.164109,0.7674161,0.0007013508,0.06749933,1.1769588,0.3402102,0.17045428,0.44533965,1.1975344,1.1685793,0.16256255,0.37829286,0.063544385,1.0883585,0.69458884,0.763293,0.50800043,0.56713164,0.50962496,0.26916477,0.6921293,0.05270114,1.051342,0.0755776,1.2250694,0.55791426,0.43941706,0.20000975,0.36392355,1.1737336,0.9755595,0.6585482,1.6627289,3.8439417,0.0,0.46151212,1.893858,0.46385676,0.100665994,0.02078771,0.1872302,1.1954193,0.5680884,0.7235711,1.0636426,0.5878137,0.23743983,1.484837,2.154276,0.8214089,0.16860713,0.25414497,0.8586826,0.09881142,0.32694542,0.2537742,0.0006318823,0.21787374,0.20471974,0.7083046,0.216427,1.4539754,0.4591086,1.6987185,0.96316946,0.0021727143,1.4485369,1.0655868,2.2352629,1.3983872,2.9150696,1.4941895,1.649082,0.21389055,1.2077887,1.1883454,1.4203289,0.7019869,0.007064571,0.70567244,0.22451498,3.122552,1.0321193,0.47612664,0.3706926,0.41979796,0.070717834,0.6527148,0.092567034,0.0016289073,0.013985121,0.54632396,0.25673917,0.43475306,0.0,1.6817648,1.7081224,0.09694096,1.1635658,1.3775042,0.043279544,0.9093153,0.7172789,0.089044645,0.6188854,0.53588015,0.74238586,0.14433701,0.5224458,0.5718672,0.24739476,0.20561342,0.48358816,0.13316008,1.3322997,0.6456558,1.7649271,0.24820961,0.2753531,1.3020749,2.2895558,0.0,0.3018192,1.1638997,1.6440183,0.2645563,0.7328517,0.95659083,1.667359,1.467214,0.76758456,0.5691768,1.6128511,0.13703664,0.10707815,0.033301465,0.16522957,1.0390335,0.15057497,0.061352406,0.20708236,0.22606966,0.5863856,0.865831,0.3493421,0.9561755,0.28546956,3.7075684,0.6860174,1.9767731,0.82675666,2.8727598,0.18390267,1.1477197,0.531858,1.2562258,0.52783585,1.4827601,all_pothole_images\pothole_images_new_image_511.jpg
0.85440314,1.8523856,0.7866844,2.3849216,0.18549526,1.0617759,0.08455388,0.21633479,0.75542915,0.6379498,0.7146905,1.4218559,0.021446303,1.7830737,0.719305,1.1852952,1.1791017,0.18813588,0.90795845,1.1615951,1.4630157,1.173161,0.28940746,1.0440816,0.9784569,0.63797385,0.34436417,3.9325054,1.3324772,0.18080808,0.44622394,0.51037085,1.125729,2.3815343,0.19322605,1.638025,0.16944739,1.2008371,0.18266563,0.7926749,0.6396877,0.12530969,0.97246414,3.0697112,0.6924826,1.8211244,0.3658117,0.19032073,0.32732153,1.1329042,1.2150652,0.59559524,0.94230294,0.46225512,0.62106246,1.3341153,0.042141117,0.17786771,0.8784567,0.22088435,1.3666153,0.5395862,1.4451238,0.34756234,0.53401697,0.7284775,0.31820288,1.0251298,0.59709734,0.18000948,0.9540243,0.2308239,0.45191923,0.51243484,0.85509396,0.6563231,0.98585117,1.7422659,0.022951042,0.44832835,0.7364729,0.25162914,0.074483745,1.205015,0.8920976,1.3336432,1.2373811,0.32350984,2.9590702,0.029005095,0.4685948,0.08260032,0.42426392,0.64902383,0.08763314,0.93070793,1.5350754,1.0351692,0.8430965,1.5182486,0.054240294,3.0932355,0.43010813,0.5986641,0.1505656,0.25405118,0.61804444,0.49006784,0.44226688,0.21121085,0.0023822614,2.5361872,0.52457815,0.23442468,0.7209943,1.2465228,1.2983186,0.38194478,0.58590823,1.5814413,1.5237813,0.84400487,0.8564678,1.8642515,0.6373377,0.21532735,2.4996772,2.2178817,0.614297,0.47133282,0.46788055,0.0,0.14924268,0.6555113,1.0512427,1.6109049,1.9160599,1.0020493,1.4580227,0.7751547,0.15411219,0.24069315,0.17168453,0.2785358,0.9372264,1.9185588,0.45370305,0.07475236,0.22725229,0.7558129,2.059559,1.7012817,0.21692994,0.13685696,0.37780094,1.155755,0.47610402,0.2571463,0.72463083,0.5816389,0.38834816,3.8747501,0.0,2.167309,0.016841741,2.2632632,0.91965663,0.4240854,0.39356464,1.3747077,0.5311755,1.3345059,2.197794,0.28488198,0.18874118,1.201151,0.59099567,0.024221197,0.4189253,0.78084284,0.09260864,1.602332,2.0892587,2.2758021,1.0366222,0.2838212,0.067482755,1.4796104,1.0849686,0.30338156,0.7539332,0.6783128,0.43712834,0.3887048,1.1282384,0.8527453,1.2523911,0.087088525,0.22324835,0.6109194,0.88540626,0.42375195,1.2910585,0.59306514,0.8135936,0.22767788,1.4419913,0.1426674,0.082770854,0.15824318,1.1206309,0.07811738,0.55863404,0.06552081,1.1853366,2.8537977,0.4118252,0.15782075,1.8276428,0.5020159,1.4598299,0.07611707,0.77485925,0.20345046,0.103628844,0.67774373,0.5232295,1.5333669,1.1380956,1.4335628,0.31853253,0.22566761,1.8621863,0.09925448,0.9508256,0.030224636,2.6004362,0.1899264,0.060172975,0.8215991,0.63562757,0.28894106,1.1140633,0.069149844,0.44991723,0.041653562,0.24007037,0.8241732,0.4133802,3.24808,1.5205361,1.7835838,0.3216639,0.7890112,0.13481283,0.25307563,0.10374328,0.28329027,0.3535857,3.00355,0.41597474,0.8035983,2.008545,0.04580365,0.06533938,0.28195378,0.20132567,1.8337545,1.413174,0.5572727,0.3820058,0.070251815,0.26993474,0.7988042,0.15829574,0.76839614,0.38044003,1.107869,0.57149154,0.97732407,0.42392135,0.54355234,0.1858371,1.3494778,2.3472528,0.036269385,1.1875795,0.96631914,1.5099835,0.0043376097,0.27494472,0.21374658,0.1394756,0.6851239,1.0493108,0.42151147,1.0560232,0.5891083,0.77322286,2.5443728,0.88132197,0.68460596,0.8267993,1.177156,4.0428267,0.51268965,0.5159761,0.8310484,0.38611555,1.5941719,0.35642728,0.75175,2.3997262,1.2510557,0.37456313,0.9660449,0.016751816,0.9880084,3.2934284,1.3193798,1.2487669,0.2333353,1.554689,1.0426266,1.1668515,2.1689816,0.3510422,0.54514414,0.80701154,1.6273814,1.6659979,0.5199007,0.08446027,0.057101697,0.24524225,0.61155266,1.6848394,0.62915283,0.37985152,1.7605014,0.76949805,0.2946997,0.9462027,1.738871,1.2362303,0.6380928,0.45607072,0.8764533,1.1504638,0.47907934,0.9244554,0.38351327,0.08523264,0.19068134,0.57034284,0.16860531,0.28984097,0.385724,0.6120887,0.56872344,0.0056017507,0.5933835,1.1749887,1.0288761,0.40846646,0.83336395,0.58237886,1.4009714,0.40590876,0.9076858,0.52275366,1.0066401,0.20249145,0.386887,0.029581444,0.25330204,0.8033697,0.02989808,0.27134988,0.46901616,0.4520409,0.7358621,1.0571622,1.748187,1.3251579,1.527586,2.162431,0.8373406,0.0037976746,1.5090669,1.7599828,0.3043923,0.42698696,0.25220793,0.056910783,0.6268558,0.8828082,0.40941423,0.688778,0.013195133,1.8537105,1.6319878,0.7345569,0.61904365,0.44308624,0.9869724,1.5805303,0.4132349,0.39287007,1.2143236,1.2583905,0.2756223,0.7098799,2.6337707,0.0,0.25514537,0.53696746,0.24726978,1.2735267,0.43193918,2.5544448,0.6748732,1.2820833,1.4669046,2.7731898,0.027366929,0.3206553,2.4580739,0.4509056,1.2535977,0.3905715,0.038732775,0.90726674,0.79129195,1.1342051,1.3222634,0.8599528,0.61513805,0.014285768,0.7144523,1.0296302,0.3188285,0.298951,0.23613349,0.039951786,0.63072944,3.0102203,1.2909896,0.584696,1.0130851,1.3444297,0.749643,0.33468008,0.37828982,1.0549117,0.6479681,0.79012764,0.759811,0.86302453,0.14549169,2.183348,0.16914986,0.9138744,1.6500231,0.22000414,0.843378,2.4490948,0.0573776,1.874235,1.0177547,0.70432013,0.36988238,0.24936715,0.05039393,0.18282932,0.07702982,1.5663214,1.2567053,1.3084728,0.292773,1.364992,2.5505435,0.4793221,0.96852607,0.4022634,0.025015363,0.5566797,0.48856297,0.13673528,0.112591304,0.5479885,2.1092803,0.2064473,0.8047859,0.9146572,0.8306516,0.03897739,0.34696108,0.14922842,0.3861322,0.9718291,2.377168,0.117366746,2.1507444,1.872008,1.0179738,0.9237915,0.22991975,0.3290861,0.40736306,0.37063953,0.39023036,all_pothole_images\pothole_images_new_image_512.jpg
1.6999949,1.1032974,0.699514,1.4326322,0.8111228,0.24473153,0.009564812,0.0,1.0184833,1.0935435,0.16526772,0.52156454,0.09340324,1.1160384,0.36519557,1.3255477,0.043388974,0.19173968,0.0,0.25033548,0.3021528,0.8083028,0.39338568,0.42155468,1.3135825,0.56036144,0.63673794,1.3135668,0.6479887,0.18266334,0.7628984,0.20373027,0.19626561,1.0697125,0.0,0.8289992,0.12610364,1.2220298,0.2685604,0.53856087,0.40508676,0.010870155,0.01633317,1.6160128,0.22813968,0.11835058,0.0070844074,0.4351686,1.5335141,1.3711137,0.01688519,1.9440231,0.8952062,0.28377718,0.23070066,0.2719435,0.6409638,0.3991594,0.38006878,0.36873958,0.02070968,0.43706396,0.008136031,0.68994343,0.12961933,0.98102087,0.28528568,0.16718218,0.6172307,0.043473586,0.070935376,0.17582315,0.91705817,0.066754974,0.13210946,0.5980219,0.342945,1.0500432,0.012900658,0.11354285,0.20036644,0.1654782,0.7399938,1.2357674,0.41643485,0.2737259,0.08162626,0.20958449,1.9986244,0.4824466,0.45433336,0.0,0.0,0.2909685,1.2342168,0.5869209,0.70351356,2.0807102,0.05431251,0.06674834,0.0027300962,0.35015333,1.2357732,0.5668611,0.028497739,0.003029113,0.20332427,0.20830601,0.031775914,1.2846649,0.0,2.3867128,0.463492,0.943569,0.7436112,0.14856496,1.379098,4.2860265e-05,1.9782717,1.5154207,2.3506804,0.7309298,0.0,1.4109275,0.95717067,1.1261271,0.070499904,0.30614087,0.30845547,0.0,0.025185516,0.099080406,0.0018505261,0.0,0.0086592315,0.74040717,0.0026912182,0.10596345,0.30273113,0.09367491,0.0,0.039141797,0.6890537,0.59171414,0.032786433,0.18699451,0.0,0.7003312,0.18291436,0.08314113,1.029051,0.3572877,0.025294773,0.43244436,1.4480135,0.28947473,0.028944857,0.3104668,1.9453688,0.23661092,0.87748754,0.9129742,0.10162164,0.68076664,0.27457038,0.56489426,0.1537187,0.01681386,1.1114619,1.3424097,0.0,0.018763505,0.2630181,0.0,1.5272468,0.04724573,0.4059234,0.0,0.14359966,0.0029846523,0.0,2.855133,2.3576856,2.9769998,0.8905206,2.476932,0.13808863,0.041896474,1.3439418,1.0957767,0.024833249,0.0024773004,0.028046656,1.268308,0.87264466,0.21188813,0.88759214,1.2297757,0.50521666,0.29507902,0.3972191,1.5447398,0.087534495,1.1299195,1.9615126,0.66496766,0.69645846,0.73508465,1.8446071,0.3154908,0.0,0.033605352,0.15798278,0.1888895,0.8391535,1.4788675,0.06324535,0.20791051,0.35904106,0.04884389,0.21425018,1.1046445,0.5216957,1.4091498,0.1320428,0.0,2.0707045,0.5627923,1.3758689,0.4197908,0.0909374,0.0,0.12070686,0.256255,0.577064,0.0686752,1.3612072,0.07602094,0.28302446,0.026755618,0.5682074,1.0288818,0.18727025,0.016709495,0.28793272,0.0015811796,0.8755924,0.37629792,0.68214554,5.064574,1.1000621,0.66230226,0.37763092,0.38107383,0.4836706,0.09397383,0.708323,1.0933818,0.5954318,1.5323097,0.020466391,0.0022688082,0.5665682,1.2686667,0.33935,0.72893226,0.15843895,0.46937817,0.84042245,0.072407,0.25502872,0.030968228,0.043234274,0.46971393,0.8843192,1.6890616,0.0019861043,0.016432706,0.14247906,0.23104942,0.009716474,0.7234247,0.7814248,0.04651526,0.20474179,0.73062646,0.35722616,0.06719427,0.18715356,0.2909453,0.05006134,0.010307507,0.32191178,0.70970386,0.014113785,0.6334827,0.07402688,0.9409147,0.31052312,2.3566346,0.09743698,1.1934248,0.022455908,0.5515616,5.5836105,0.7958921,0.0,0.2869476,0.23565511,0.1915514,0.085674904,0.23376441,3.780941,3.7555304,0.17730701,0.86469054,0.06861812,0.45112678,4.0533204,1.2563255,0.49019304,0.12524147,0.5610019,0.028467858,0.7026596,0.010324748,1.4139217,0.32411918,0.26251087,0.10619468,3.3040552,0.87186635,0.0,0.028233895,0.024180787,0.05094442,2.0783656,0.5583276,0.095516026,0.39419088,0.26453826,0.9808941,3.084175,0.5512092,0.46790278,0.5511441,0.16328254,0.048283964,0.03594878,0.20206961,0.12310454,0.8648341,0.6075806,0.046275012,0.60071075,0.5886574,0.031166207,0.8145842,0.58829737,1.9600613,0.23276472,0.38883877,0.46691644,0.37194142,0.24647054,0.7167288,0.42422056,0.0062947557,0.14711922,0.1785121,0.1258102,0.0102851745,0.16272385,0.10217044,0.31289113,0.010543441,0.49798858,0.79459083,0.24674392,1.2617493,0.40862927,0.087281324,0.20789249,0.4429603,3.531769,0.61199325,0.8436348,0.0015440932,0.052627917,0.62049913,0.32770938,1.7296153,0.73083913,0.20009671,0.03377842,0.01918448,0.7200654,1.1265072,0.014448252,0.2515946,1.9063779,0.30398455,0.2826318,0.024689162,0.14803682,0.2250152,0.5582388,1.005369,0.40331948,0.31763023,0.52545726,0.6891628,0.083090216,0.16363639,0.005897646,0.04210928,0.8249314,0.07747609,0.938621,0.3971227,1.5269259,0.67321664,0.8194018,1.4042872,0.9616374,0.025570495,1.1677196,0.56137276,0.017349787,1.1757131,0.20843564,0.9725067,0.7171978,0.78322834,0.047580544,3.8372571,1.4548897,0.89494157,0.0,0.90492016,0.14723638,0.42606196,0.25031006,0.05687921,0.07573045,0.007967292,0.016310174,0.21425912,0.085063465,0.87863564,3.6218042,0.3093456,0.4643601,0.7039427,0.8743879,1.6010363,0.8059742,0.37234488,0.13517168,1.4881757,0.5529742,0.21252981,2.2157564,0.0,0.06840597,0.38413873,0.011244712,0.008638693,0.06672713,0.04956488,0.7051487,0.4737698,0.13606055,0.009912532,0.2914418,0.53939134,0.11858233,1.0874453,0.1752121,0.28904244,0.5870539,2.0169315,0.5522689,0.88986796,0.05179289,0.22225761,0.1515464,0.48618227,2.2248042,0.021949563,0.24986614,1.4519615,0.49066085,0.7886165,0.0,0.0,0.14271997,0.0017052359,0.0038481853,0.0,0.2687557,4.647111,1.0627254,0.26060048,0.550194,2.145763,0.27100885,0.44331062,0.25644353,0.41196936,0.34729645,0.36116207,all_pothole_images\pothole_images_new_image_513.jpg
1.3539126,0.9426148,0.37147012,1.4139242,1.0079322,0.12105381,0.37196553,0.0,0.4250661,0.5061214,0.19878572,0.06735598,0.8612736,1.7810147,0.047864642,0.1603658,0.08647528,0.6264005,0.4344859,0.27975067,0.16785534,1.0930995,1.171356,1.8731202,0.4453171,1.5356,1.478955,2.0066319,0.33064264,0.010501493,0.5722762,0.9367048,1.3061558,1.1238377,0.686536,0.85156226,0.52951133,1.4015373,0.04242883,0.26911193,0.29756016,1.6971879,1.0149422,1.3644266,0.3129453,1.8438054,0.11208851,0.025414335,0.68108237,1.2627662,1.2124183,0.3005707,1.1738695,1.3206666,0.056148697,0.6699301,0.3948649,0.060470175,0.85526556,0.40553665,0.16880414,0.77278185,1.5899599,0.979749,1.9419342,0.56625414,0.80410933,0.6036814,0.21702933,0.24934931,0.7992175,0.9624688,0.56728715,0.11736971,0.1354498,0.30883914,0.5912933,0.5849508,0.058259744,0.18632148,0.066016674,0.5947956,0.8624143,0.74723893,0.4508053,0.86215335,0.64382535,0.202681,1.8835721,0.001847387,0.47876272,0.39303005,0.018009566,0.34404197,0.46083212,0.07088598,1.235736,0.7377136,0.9083622,1.7776318,0.045453236,0.5271339,0.5127305,0.49795118,0.019220093,0.5807942,0.393886,2.0647259,0.2623493,0.78863996,0.44027203,1.2490458,0.8305248,0.2956265,0.6459245,0.8708598,1.4966706,0.4474443,1.4841188,1.2802765,0.88475597,0.4605942,1.5832359,0.95060074,0.18936132,0.30686712,1.4255773,1.6695573,0.0983689,1.2874625,1.1371114,0.46433172,0.80083776,0.9743291,0.0,0.7383882,0.72367513,0.4151258,1.8585833,0.94398296,1.009598,0.27327076,0.23391488,1.8434993,0.98015016,0.7816111,0.17515892,0.22965743,0.6757946,1.5303818,0.24800748,0.5538354,0.24452797,0.1441338,0.60479504,0.21097326,1.1258897,0.3580297,0.9678737,0.7100095,0.38664073,0.580387,0.026029011,0.5693677,0.6754484,0.6381778,0.5267751,0.67410386,0.69515276,1.1157416,0.5429055,0.28930235,0.18473065,0.23202619,0.6120548,0.24516779,1.3507,0.09636915,0.45725903,0.34408763,0.21910517,1.8639985,0.81289953,0.915219,0.95990807,0.37616786,0.6164526,0.7368043,0.03390407,0.88228005,1.5688133,0.52328557,0.91554946,0.5730936,0.05963315,0.2208327,2.28773,0.02520869,1.5574862,0.2900639,0.36927927,0.49881786,0.8264023,0.58021253,0.80705196,1.0467992,1.2013137,0.13835627,0.7042339,0.43885925,0.34861937,0.4095881,1.3118277,1.0464463,0.7741542,0.77595925,0.4183963,0.10489213,1.0924311,0.6104932,2.6218536,0.016374946,0.8051877,0.3166837,0.08720389,1.0606788,0.76476115,1.3716344,1.9393466,1.2495459,0.30801848,1.2442995,0.6819632,0.17707811,1.2095029,0.057003345,0.55927384,0.5996447,0.44717482,0.8736207,1.1413214,0.0830599,0.6962734,1.0675669,0.058496516,0.13119273,0.7968502,0.22490197,0.5829586,3.3671217,1.2356943,0.4784387,0.0618344,0.8976913,0.030918019,1.1496241,1.1177679,0.18011115,0.6878798,1.5306181,0.5699638,1.5937929,0.8000438,0.8858244,0.36261553,0.76753515,0.20239787,0.9055542,0.42236164,1.279878,0.47503573,0.009777055,0.004222285,0.6149593,0.36031246,0.5325104,0.94938445,1.8843336,1.5294535,0.503909,0.04362925,0.40849608,0.57364917,0.12538883,0.9168119,0.007242854,1.3212715,1.9148622,2.0723748,0.16888453,0.97793937,0.93633556,0.57866424,0.5219341,0.43265533,0.6504729,1.9236636,0.9262538,0.6284552,1.5586418,0.15758027,0.4222771,0.29714182,0.8416468,4.026722,1.3766096,0.031815413,0.5892217,0.5616883,0.22418626,0.5379257,1.0299149,1.8800403,1.638309,0.4052353,0.9117651,0.07697907,0.26308805,3.610534,1.0718968,0.7143817,0.26295406,0.6470457,0.289179,0.5523156,0.8939257,1.0654316,1.384932,1.1373061,2.71326,2.0538578,0.17201534,0.37075096,1.2061999,1.4340019,0.029765062,3.21072,0.8524464,0.50650465,0.36291057,0.5539498,0.5423989,1.2182558,1.7693506,0.24502146,1.0585226,0.46019036,0.39804083,0.7264379,1.4387252,0.6294455,0.90728277,0.6175335,0.14989683,0.6314303,0.09485319,1.2731122,0.15188417,0.46131733,0.06801207,1.641951,0.34515116,0.5564741,0.4016534,0.0,0.4353897,0.5334875,1.6820211,0.14439452,0.82434237,0.5511086,0.9349579,0.9673178,0.13425136,0.6069136,0.6740963,0.35992256,0.41940755,0.14873265,1.4085317,0.90785104,0.01263177,0.754409,0.8017973,2.6228893,1.3354204,3.0570395,0.16669552,0.96677804,0.9009982,1.5720541,0.38780493,0.5714148,0.8850472,0.35914266,0.43435785,0.08100452,0.54058665,1.3819284,0.22000232,1.8767042,0.26586455,0.10267038,0.7385463,0.52572304,0.19331323,0.9198395,0.99711204,0.79513127,0.021278735,0.45701382,1.3904325,0.7076712,1.456739,0.42215422,0.23741588,1.0456362,2.677423,0.83025247,0.7923887,0.9623302,0.4406722,0.57813793,0.54478574,0.84070694,0.50695044,0.24995632,1.6004168,1.384307,0.42719892,0.1904173,0.5810998,0.16889593,0.32680687,0.5250675,1.421729,1.0863823,2.0432649,0.27029932,0.6920717,1.2644614,0.55903774,0.38758424,1.1020736,1.0242971,0.5260305,1.680546,1.6319569,1.8632731,0.07201467,1.6483572,1.4686531,1.0172132,0.48121306,0.73193204,0.41674837,1.2212173,0.6244365,0.75926447,0.17414437,1.7864764,0.5149593,0.94141066,1.5851513,0.31211993,0.9245736,0.86713254,0.13309814,2.3122075,0.6589508,0.8262325,0.9891505,0.4699576,0.27203438,0.015309567,0.1604078,0.59639066,1.2279015,1.5381634,0.23699868,1.1246313,1.7089036,1.1359922,1.6908963,0.036082268,0.7946539,1.4448694,0.39906672,0.3600632,0.51671785,0.23607954,0.85306156,0.42244554,0.8595867,0.17911619,0.26781932,0.23231731,0.0,0.15643267,0.28025383,1.5239108,2.88485,0.16784613,2.2356684,0.6897108,0.9758757,0.99537736,0.51890355,0.14546989,0.51366633,0.30351448,0.57331747,all_pothole_images\pothole_images_new_image_514.jpg
0.05688197,0.8126814,0.051145665,0.5526952,0.112540156,0.022541834,0.09609201,0.0,0.05747882,0.29876277,0.09742597,0.12728946,0.07646788,1.2337282,0.0,0.33010998,0.07259801,0.089538805,0.21238916,0.10627899,0.018548166,0.24885842,0.75968117,0.18447432,0.41351205,0.45751905,0.038686693,0.85924786,0.04682131,0.0,0.3004519,0.13542563,0.32828358,0.6092298,0.042431913,0.6832766,0.22960857,0.39041078,0.77834725,0.07639918,0.20952563,1.4542471,0.2535851,1.7488167,0.25459024,0.010768311,0.33160564,0.12384803,0.25796494,0.06379601,0.0112088965,0.15067638,0.08770721,0.603247,0.033998083,0.05882883,1.0781202,0.0,0.028686844,0.014085621,0.0754817,0.059608188,1.5248817,0.00022816485,1.3324687,0.32728603,0.95814747,0.1135287,0.0,0.02660445,0.27447826,0.0,0.16055347,0.023173504,0.11371628,0.024304694,0.09931062,0.24682714,0.1060959,0.17991607,0.010672148,0.0069965664,0.5955573,2.500302,0.17969832,0.49587354,0.0,0.0,1.2738289,0.3177412,0.06135415,0.1653586,0.012078497,0.12519765,0.75081795,0.0,1.0752101,1.0816509,0.2817393,0.082999386,0.19238925,0.91708386,0.18078385,0.14211495,0.54525733,0.33027017,0.03862522,0.111150585,0.086815625,1.1924278,0.12818561,0.9473791,0.10718539,0.1298691,0.38136876,0.1853086,0.56283647,0.23300122,0.6235591,0.11465182,1.2062237,0.016540017,0.29351074,0.7296616,0.51235425,0.5904199,0.037868623,0.080853105,0.11729162,0.02583394,0.16054274,0.37902325,0.51656026,0.27180675,0.5147022,0.4756801,0.035035342,0.0069073946,0.025849741,0.05681627,0.44518957,0.112947844,0.7730957,0.5694782,0.021541175,0.0026663574,0.0801378,0.91828364,0.16289726,0.15514614,0.5766983,0.27626687,0.157303,0.3274878,0.31708032,0.04116416,0.042949047,0.54625994,0.73187923,0.14674544,0.59910226,1.1314738,0.010229564,2.1240504,1.7448479,0.16410804,0.5988861,0.101992,0.29555264,1.2903166,0.30674136,0.09909143,0.0028487088,0.048954193,0.9118114,0.046383053,0.5581948,0.106631465,0.056607917,0.32188368,0.007192538,0.4066164,1.6348822,0.36692554,1.7074684,0.7368709,0.029272318,0.05358798,0.0,0.8347232,0.48142362,0.09808471,0.8597327,1.4689587,0.279669,0.022238111,0.9134604,0.52695876,0.41028976,0.0811364,0.15818363,0.1274666,0.7271577,0.39809328,0.16318499,0.3141519,0.010432808,0.020670138,1.6957297,0.7132856,0.0,1.0754633,0.71299994,0.3632269,0.16239405,0.07936621,0.35784626,0.046223436,0.5086067,0.29580674,1.1279566,0.3605197,0.06787213,0.3587905,0.028982824,0.014140159,1.3886095,0.3436939,2.3453338,0.11034807,0.457936,0.082090184,0.30567816,0.013215198,0.420147,0.17819718,0.608328,0.17152408,0.10168252,0.034668617,0.21578415,0.52619606,0.18035643,0.7487535,0.0,0.2518332,0.71325403,0.30729714,0.20317224,4.4002633,0.5660436,0.8022878,0.0,0.14869392,0.09719058,0.10725361,0.24337439,0.12197283,0.4103133,1.6313212,0.14323577,0.29526502,0.49581847,0.5508178,0.05772499,1.5043919,0.18549271,0.50174487,1.9088274,0.026514502,0.052941076,0.0,0.21890089,0.22388662,0.40150326,1.9059037,0.19919072,0.5568277,0.25768167,0.16068032,0.2437096,0.81971544,0.1545295,0.0838322,0.05469178,0.27508834,0.34369203,0.044495765,0.39247024,0.0,0.0,0.47719553,0.07481753,0.5888012,0.17895219,0.4063607,1.3041176,0.36876717,0.16430807,1.1129355,0.021351842,0.46081656,0.027343078,0.35988405,5.3563156,0.07251343,0.36032796,0.6570565,0.15772496,0.255463,0.20832396,0.69398665,4.424327,1.5455561,0.54041594,0.6046954,0.08826641,0.5337782,2.7072275,0.3962456,1.0881842,0.28890967,0.14281903,0.052810047,0.35635886,0.22909161,0.6406615,0.031545084,0.492417,0.50511765,2.9871445,0.04777863,0.0,0.28325763,0.5764388,0.12543932,1.6173879,0.1237377,0.4183019,0.004362593,0.2546106,0.20531295,1.3301226,0.13053611,0.19728479,0.22922015,0.14850363,0.12119404,0.46138254,0.118756905,0.118961416,0.7888299,0.027165012,0.078358136,0.7141597,0.020380272,0.17468466,0.070522636,0.1273562,0.037795693,0.0454288,1.5921139,0.69522464,0.38076335,0.10019512,0.24012293,0.914136,0.9556318,0.44899422,0.37218887,0.45888335,0.32297802,0.23919366,0.22085603,0.0,0.61433244,0.43628734,0.5730456,0.09810776,0.94041187,0.017254293,0.044490308,0.27823693,1.6655971,1.3938595,0.09304334,1.8539028,0.23572983,0.022771854,0.36165002,0.5044371,0.61063564,0.168103,0.6435988,0.0033932189,0.5399607,0.13942996,0.76105297,0.8235257,0.04534948,0.8616406,0.3082226,0.06128374,0.21032754,1.9709233,0.03246637,0.48447952,1.5714958,0.09065223,0.22156721,0.005861332,0.6108118,1.1413128,0.5014344,0.18008113,0.0416787,0.33033323,0.33958256,0.6008644,0.128914,0.23048353,0.3095793,0.18398485,1.0097846,0.9144089,0.07273613,0.8376221,0.15992413,0.18334638,0.0056742076,0.775838,1.0200548,0.121372,0.8585321,0.071471676,1.5428492,0.22995469,0.41278946,0.02119549,0.09006471,0.16544819,0.14822717,0.0028367313,0.001386966,0.0056605716,0.009046599,0.9090197,0.5866593,0.023884226,0.5999244,2.9220605,0.1856292,0.83432007,0.047902115,0.12234921,0.9916281,1.0168437,0.08212612,0.30452618,0.036977243,0.60121727,0.17727777,0.18250842,0.0,0.35808912,0.63449043,0.686315,0.0,0.11350673,0.37791154,1.6835433,0.4725102,0.43588832,0.09560106,0.11261644,0.10903541,0.52997386,0.09849682,0.0266003,0.053297713,0.48701134,0.6554176,1.5632695,0.63063556,0.10333951,1.6392207,0.4501708,0.1414955,0.047956727,0.071833655,0.1654995,2.2099454,0.08672123,0.123102516,0.025867654,0.107515536,0.24920613,0.17578243,0.063742645,0.08296944,0.114495695,2.3572855,0.16019894,0.2812651,0.043526076,1.4043365,0.27326474,0.37341714,0.34380254,0.063150994,0.17771348,0.13824385,all_pothole_images\pothole_images_new_image_515.jpg
0.07942903,1.0644097,0.094390854,1.0087913,0.11847005,0.055181205,0.7277343,0.7287621,0.84527117,0.26575026,0.08804608,0.10392721,0.08394096,1.5666475,0.13696755,0.06705645,0.201883,0.40201434,2.4074395,0.40087718,0.01937619,1.4650912,0.88412565,0.63083315,0.12833066,0.0019041421,0.011981886,2.439754,0.5057033,0.02436295,0.4986023,0.1707729,1.6891176,0.20305465,0.18204837,0.74028265,0.078541994,1.1292777,0.7386892,0.0646232,0.012943097,0.2222362,0.2037295,1.0494616,0.08443172,0.34319344,0.22087681,0.024616607,0.0069094044,0.51302314,0.06398026,0.40725112,0.016394665,0.030650856,0.5492387,0.36480206,1.3918841,0.3514152,0.39349473,0.16207184,0.22298151,0.2533947,1.261616,0.019496256,0.62416786,1.0307922,0.8788242,0.041024733,0.3906983,0.56556195,0.22794138,0.16739632,0.0,0.011929258,0.24565125,0.0,0.08491915,0.4262336,0.27577358,0.05616923,0.24507467,0.39962962,0.04315489,0.81056273,0.13074355,0.00674512,0.087511346,0.107923314,0.506258,0.06361897,0.19307183,0.3680274,0.0,0.027463244,0.049709383,0.0035979103,0.3609232,1.5008316,0.46363136,0.059728574,0.19841443,2.1383505,0.38016796,0.279377,2.0262039,1.1555009,0.6203451,0.009912645,0.020213207,0.29479927,0.05764326,0.13483982,0.48669097,0.7700397,0.44707036,0.041584443,0.70763457,0.26458842,1.4192563,0.52933496,2.2833586,0.19801871,0.16334727,0.76205957,0.24105105,0.491945,0.062149387,0.22402716,0.76695406,0.12740791,0.50435984,0.27884865,0.036918487,0.6644066,0.100899674,0.18671578,0.099598065,0.48910615,0.04828235,0.053755794,0.6089991,0.09586518,0.04229853,0.1776912,0.07730819,0.65364814,0.076384924,1.3024272,0.08378167,0.38865107,0.3396084,0.43997064,0.025427219,0.28612137,1.321564,0.08664238,0.5136758,0.14950491,0.5474575,0.20736067,0.4138094,0.9159859,0.106420495,1.4684469,0.0922546,0.0,3.3002822,0.17912899,0.81717145,0.66208506,0.1711845,0.0,0.0,0.32551345,0.6644521,0.94545704,0.087752655,0.14809446,0.0615695,0.036326062,0.07696771,0.3569051,1.4142201,0.8380572,0.079596505,0.38313004,0.024429824,0.39475647,0.042551477,0.049309526,0.18942054,0.080513276,0.2418075,1.7921393,0.0,0.10062703,0.052510656,0.40082994,0.09494109,0.28488177,0.5084498,0.7566487,1.958622,0.074154906,0.10039028,0.5222258,0.4101083,0.0,0.7424676,1.1508511,0.019871876,0.48196095,0.7151517,0.17741667,0.8390766,1.0319301,0.84322673,0.26652697,0.5614194,0.033141088,0.95872605,0.4290674,0.0,0.41690344,0.01070988,0.015100559,1.1739616,0.037717387,0.7652273,0.05134769,0.015912345,0.35816044,0.7118023,0.14302053,0.4191122,0.61066014,1.3998541,0.56433576,0.12507668,0.6367628,0.13144976,0.26218942,0.25733477,0.44152838,0.060176503,0.101707295,0.21940273,0.11801874,0.19629762,1.5084307,4.021893,0.0536148,0.051782846,0.2093391,0.69369763,0.8477957,0.37239268,0.080353834,0.2266878,0.9508676,0.24127384,0.04648778,0.29407197,0.45957175,0.062307347,0.31973076,1.4225038,0.08176993,4.04578,0.18286644,0.5604124,0.3073947,0.6426355,0.12736294,0.11970593,0.40874124,0.5257814,0.7655126,0.3991566,0.12586543,1.3539917,0.16405888,0.82585657,2.639151,0.031141315,0.1281645,0.42609867,0.0,0.44003972,0.0,0.31004086,0.23195146,0.00012484826,0.49693266,0.34173584,0.027779214,0.18051942,0.13760994,0.068863906,1.3853393,0.96625876,0.4968645,0.12780033,0.55041975,2.0808582,0.0,0.482661,0.6774796,0.05530476,0.05578207,1.5449169,0.84910184,1.7253343,0.6909556,0.39044535,0.7235761,0.0056750635,0.7561223,1.362101,0.03314874,1.9322454,0.032898992,0.16215712,0.136692,0.42817783,1.2685926,0.11628947,0.0,0.5146525,0.44262218,0.1726098,0.50381887,0.42137095,0.15184936,0.41384232,0.04468351,0.9140522,0.19814485,0.29015356,0.10035898,0.23979525,0.38485923,0.95421004,0.5131496,0.971542,0.0770128,0.19273485,0.028578086,0.09961066,0.3058195,0.47894123,0.099036194,4.0930543e-05,0.21458805,0.22458957,0.031923443,0.088821195,0.8485915,0.1699137,0.37077376,0.5595114,0.7111692,0.38211077,0.0011401772,0.0054971757,0.5236766,1.9205371,0.15792507,0.33568603,0.19141814,1.6633292,0.07354266,0.52405316,0.08792896,0.95758694,0.05178824,0.25181583,0.17580476,0.07796419,0.09127304,0.6592276,0.23467417,0.25560442,0.682121,1.6728597,0.0,0.89198005,0.13605256,0.122690134,1.1425029,0.09509754,0.9417951,0.282022,0.9383459,0.0,0.16969919,1.6199017,0.2205728,1.0388871,0.36781648,1.2770056,0.30219278,1.3475041,0.42566416,0.11441795,0.012284932,0.36206663,0.29103252,0.16498202,0.18869892,0.16342416,0.6549929,0.729367,0.17224841,0.39725485,0.19405234,0.34958363,0.60290027,0.63786465,0.09188434,0.5037694,0.31762454,0.424909,3.012241,2.101678,0.25792387,0.79136735,0.14815694,0.15780653,0.22331493,0.2722543,0.29453403,0.036911797,0.01005513,0.091155544,1.6965038,0.056264386,0.13899378,0.15998124,0.14019771,0.7966175,0.0794048,0.0031657487,0.16232923,0.6053759,0.011020958,0.61876446,0.13050489,0.4255491,0.21505477,2.1575053,0.036222503,0.5617443,0.0626646,0.33227283,1.0198759,0.2662065,0.1721831,0.22805275,1.2428432,0.6270038,0.15800343,0.1897391,0.05466066,0.58772534,0.37345064,0.049349483,0.09153874,0.9889712,0.6505286,1.7431537,0.45280012,0.036357634,0.9355772,0.99309087,0.059594728,0.034487586,2.1623435,0.35488886,0.012074789,1.1899354,0.7923906,0.6223015,0.17872557,0.32223663,0.09392084,0.5557846,0.026708782,0.222111,0.76423186,0.69281274,0.6349012,0.037956394,0.0,0.157711,0.060177166,0.06670473,0.7792215,0.4210291,0.061864074,0.13311085,2.0792758,0.038666677,0.44448072,0.19474603,1.7114321,0.80896384,0.6265054,0.124407895,0.2552425,0.12889138,0.0074416776,all_pothole_images\pothole_images_new_image_516.jpg
0.683564,1.3039639,0.4268916,1.4887619,1.4772768,0.26281703,0.115890585,0.17881495,0.12456202,0.7694093,0.007198996,0.18259522,0.35528126,1.6888522,0.34348336,0.89720356,0.0,0.18918706,0.270818,0.36912957,0.8061178,1.3099174,1.3404495,2.213769,1.7020006,0.93078285,0.23426253,1.733366,0.81326926,0.39091593,1.1328013,0.5562998,1.3724439,1.157205,0.9680212,0.09646079,1.2398444,1.2026539,0.26484343,0.23735008,0.6576107,0.38515937,0.18775846,1.5126928,0.5951993,0.39971352,0.06283062,0.0,0.29089266,0.3170272,1.0218687,0.1535274,1.1562285,0.48304826,0.035811115,0.6319444,3.1171646,0.01225801,0.5353577,0.10321093,0.5933722,0.44310626,1.7957735,0.6728075,0.41823965,0.7465361,0.30472443,0.0028276108,0.20642282,0.3484395,0.54913545,0.3899862,0.2979353,0.61722076,0.63391477,2.1257627,0.19075054,0.7467102,0.011923374,0.10306553,0.12602949,1.1042768,0.026188178,0.9451476,0.48313987,1.1902876,0.067424595,0.064095914,3.6461089,0.13859606,0.2574274,0.3609824,0.08549932,0.6778718,0.4282463,0.045385383,0.54752755,0.37709633,0.03801583,1.7423962,0.054612275,1.8394768,0.03939519,0.055762265,0.70731485,0.3671172,0.04501334,0.5566612,0.07849968,0.8718311,0.45958772,1.1341562,1.702389,0.35210195,0.75776404,1.2588485,2.1151452,1.2128781,1.7816346,1.1822028,2.7378004,0.70665944,1.0119629,1.2229238,0.73608285,0.68659264,0.10135524,2.0567832,1.9306778,0.5981576,1.4868276,0.0004893197,0.5441982,0.29494235,0.091277234,1.6384491,0.64654213,0.8697348,1.6155925,0.41710326,0.39353308,1.5077878,0.06553607,1.3490949,0.57940334,0.78727555,0.23721123,1.2876747,1.1591136,0.8153743,0.559478,0.6467777,0.2980026,0.28437278,1.0509076,1.0213785,0.8903437,1.1840364,0.45085308,0.54213,3.7183776,0.676209,0.14193663,1.8523505,0.090006225,0.85480356,0.16480023,0.8973282,2.285966,0.36505982,0.22111548,0.32640353,0.00268598,0.93588805,0.6154338,0.05102319,1.9241422,0.13407959,0.08748126,0.010408494,0.07299615,1.8850368,2.211976,1.63293,2.4777775,0.511669,0.45575908,0.44148853,0.14535612,0.41817772,0.5151502,1.22299,0.034701873,4.0950575,0.013017468,1.5991578,1.482457,0.6401187,0.7594559,1.1548626,0.54278105,1.2241129,1.0685364,1.1962065,1.0760478,0.4732497,0.52505714,0.16365968,0.78699887,0.1615309,0.6931715,0.1560955,0.31755948,1.0916506,1.7808429,1.2743968,0.5817389,0.3179107,2.5003207,0.11770728,0.7143112,0.022978388,0.11862558,0.3367799,0.09104116,0.34777367,1.5919847,0.9378828,1.2924957,0.028173426,0.060294904,0.41149247,1.360908,0.09546598,1.5586686,0.25054526,2.7700648,0.3379497,0.049039274,0.25953224,0.616678,0.0154035855,1.5213537,0.7479829,0.099675,0.0016132735,0.84493315,0.7205972,0.52155554,4.0809,1.0240691,0.015032169,0.9730467,0.23643836,0.116274744,0.3689535,0.5836053,0.12631528,1.4941752,2.4658313,0.08438934,1.1716764,0.9049719,0.9217817,0.6831594,1.2990404,0.190172,0.15080084,1.2943625,1.1338445,0.25638056,0.046656113,0.5626684,0.045365542,0.5206862,1.001136,1.7821997,1.4945961,1.527567,1.5837454,0.036077514,0.1576712,0.48702192,1.0796133,0.757795,0.5416985,0.44794992,1.9403982,2.0266218,0.11257842,1.1905397,0.5457828,0.13091636,1.0788183,0.040641412,0.18028478,0.1250711,0.388087,0.25468698,0.45695114,0.41249517,0.49017885,0.28475899,0.017414698,6.939177,0.16149297,0.92872834,0.51563334,0.59507793,0.0969867,0.5619432,2.1836298,3.4737406,2.0882335,0.0030160034,0.49094406,0.005020824,0.5782624,1.645285,0.5580246,0.22518782,0.48829553,0.05464986,0.7625133,0.7741797,0.29733866,1.6224973,0.7694255,0.030896848,1.0937815,3.113716,0.106175594,0.19610818,0.575297,0.6122549,0.48274323,1.4979953,0.8704753,0.064195506,0.1377029,0.39408484,1.1080954,2.7237847,0.11570792,0.53467584,0.0,0.46505678,0.29966474,1.1647989,0.6821529,0.101798035,1.0898813,0.26796556,0.14321333,0.19749217,0.1860445,0.12119708,2.075659,0.19223878,0.66818744,0.010324021,0.24200907,0.6592673,0.98700184,0.008172209,0.7404798,0.92697656,2.385887,0.007712606,0.99234295,1.8323768,0.58813375,0.24659713,0.15752041,1.352171,0.4450835,0.034283254,0.32160002,0.9108231,1.0713942,0.21352047,0.061249673,0.20092438,0.9042713,4.8375998,2.1025956,1.1836513,0.1871471,0.023605624,1.0187318,0.6279878,1.9211998,0.46228543,0.16885681,0.19120127,0.049857058,0.80748236,0.8018973,0.8164012,0.2650986,2.4257002,1.1873674,0.801617,1.1115384,0.026635261,0.696682,0.71995014,0.10549769,0.4858897,0.0717888,0.26079512,0.20103197,0.3190495,0.060169403,0.053666726,0.7687244,0.47847658,1.0660766,0.16891068,0.20327654,1.045449,1.1967409,0.63687634,1.9203173,1.5874509,2.1670175,1.1703242,1.7399333,0.684743,1.5161872,0.4959693,0.41779682,0.0781421,0.23858048,0.23586693,4.573697,1.5279253,0.99669117,0.06542904,0.96320343,1.0380459,0.88882965,0.36830893,0.66850317,0.12820713,1.3331665,1.1545513,1.1025203,0.7811965,0.20108464,0.53824675,0.58179194,0.51212627,0.431936,0.81972235,0.42950383,1.1263686,0.6277983,0.47227913,1.3735377,1.380751,0.118038625,1.2471949,0.071608506,0.4889408,0.18655048,0.48706642,0.21050537,2.5709136,1.8698263,0.44596028,0.49877912,0.5301038,0.8096864,0.6705785,0.12077501,0.7618025,1.4266863,1.1101171,0.0,0.4167374,3.9082267,0.8533808,0.7995468,0.0,1.0115312,1.1397262,0.5579829,0.84363997,0.090699814,0.03144226,1.6678339,0.0,0.32345098,0.10900203,0.010750915,0.36309788,0.009249328,0.26474023,0.2037011,0.90710336,4.592581,1.8216344,1.033733,0.6970831,0.43465185,0.31444386,0.9301132,0.1926786,1.2077591,0.8223626,0.24598135,all_pothole_images\pothole_images_new_image_517.jpg
0.96654433,0.7250516,0.98599887,2.3557189,0.2025343,0.18352796,0.20540018,0.014678667,0.24661307,0.87741345,0.40194604,0.2648818,0.066829406,2.6327696,0.242365,0.25426143,0.026058683,0.42262095,0.0011023771,0.05454331,1.0079848,0.49479502,1.2979532,1.5574152,1.1695817,0.9478491,0.76840997,2.3179386,0.23194869,0.52336425,1.0359567,0.0061752084,0.39715606,0.41103673,0.28959855,0.82797146,0.07257164,0.63531196,0.4302648,0.23313569,0.13696495,2.455904,1.2416098,1.7766241,0.61370885,0.81294507,0.37747324,0.07342188,0.53080714,0.7698827,0.8690506,0.26597765,0.14227974,0.21292165,0.029764583,0.87994856,1.6612614,0.009391317,0.33419317,0.0,0.06281213,0.55330765,0.24659847,0.76902604,1.5200121,0.23893104,0.6068507,0.0,0.0,0.33089906,0.59958655,0.27305698,0.18844849,0.23332833,0.5362984,0.78211856,0.10521918,0.36908165,0.004176832,0.0,0.21588644,0.0,0.49458134,0.16786104,0.21561949,0.03635948,0.06571622,0.20073636,1.8834693,0.22125874,0.24977103,0.78715616,0.3956864,0.5069955,0.34470993,0.11913113,1.1527562,1.854685,0.28824955,0.88812524,0.0,1.3836904,0.010481985,0.51017374,0.91177166,0.48623696,0.14744872,0.83530563,0.55546856,1.13354,0.17674899,0.53010374,1.8798442,1.7012136,0.63314235,0.5183644,0.009748365,0.021753846,1.6039487,1.1242045,1.0208943,0.235174,0.44134003,1.0575662,0.6801649,0.18273748,0.690597,0.44291806,0.9592855,0.7191699,0.14810139,0.06535207,0.080204606,0.1419954,0.0032765141,0.09963218,0.49844185,0.52528054,0.33879367,0.0039036423,0.53028923,0.0812867,0.9610258,1.0868715,0.0,1.9065955,0.0151893785,0.28558546,0.07670686,0.19575076,0.9143566,0.6956206,0.0,0.018659307,1.5408757,0.55528027,1.0478481,0.5105607,0.6927663,0.5395046,2.2875204,1.0756762,0.11675572,0.28117147,0.2970015,0.11133233,0.55833364,0.15868698,2.4065683,1.593632,0.0,0.050000016,0.0,0.54621583,0.55649704,0.6494771,0.56083,0.19728668,0.34692982,0.09213143,0.039496392,0.8950835,0.8315582,0.5077287,1.5238897,0.94926107,0.025033107,0.9350863,0.31424323,0.8866329,0.034286812,0.16107966,0.648668,1.8997325,0.12067294,0.13895872,2.0507407,0.88972676,2.4550185,1.2597305,0.28426698,2.0505307,0.17370456,1.3291603,0.009509056,0.5141921,0.23545298,0.35819212,2.3750591,0.9642106,0.023291932,0.073857516,0.8284738,1.2058238,1.1333336,1.2728868,0.76221716,0.16164353,0.32174754,0.021735298,1.3888724,0.0,0.772068,0.24869128,0.0008526783,0.3242673,1.2656094,0.85186213,0.5403768,0.6658559,0.20430769,0.19337927,0.1316596,1.4076631,0.63320696,0.0019246086,0.61157894,0.2649962,0.41224244,0.5813873,0.49883258,0.0,0.004623919,0.97674793,0.10640384,0.051046122,0.76482624,1.1177053,0.38197964,5.3433514,0.77933997,0.04455547,0.18645975,0.34190112,0.04058592,0.70148575,0.96393186,0.020979716,0.6757324,3.98523,0.52797115,1.1913444,1.7109548,0.033854667,0.14530785,0.8152387,0.17843394,0.4195858,1.1344967,0.23985578,0.030269802,0.13866019,0.32924527,0.032673627,0.41493294,0.70922196,0.10351696,0.002587446,0.94906235,0.38512662,0.0345163,0.3773001,0.21304463,0.38795736,0.28387436,0.4211256,1.8300486,0.64513284,1.4090431,0.043768648,0.23831406,0.34733284,0.55224127,1.2646613,0.113803595,0.17038701,0.614742,0.15294634,0.4410187,1.9358038,0.8444102,0.33184394,0.07342012,0.18196857,4.5152917,1.185969,0.32319796,0.066580884,0.031788856,0.1258783,0.65602326,1.2054327,3.9463818,1.6613078,0.38425624,1.563518,0.099025376,1.8974833,0.9311805,0.5519448,0.753004,0.0,0.28459707,0.44739372,0.4527802,0.23988451,0.22276688,0.24088861,1.2084137,0.32921973,1.0389429,0.23021303,0.0,0.46705315,0.28398857,0.028632792,2.1111276,0.7705697,0.9126146,0.09983842,0.39099547,0.52122086,3.4360507,0.2634028,0.3531089,0.3762151,0.91232204,0.262251,0.37347436,0.4490154,0.51497203,0.90640676,0.08188497,0.08272356,0.51698464,0.35531226,0.236463,0.43859705,0.22897692,0.23582847,2.0428185,0.09518965,0.31337044,0.27193022,0.0074826865,0.00091793144,0.13983504,0.25894806,0.45478657,0.253521,0.33805838,0.97833186,0.60120034,0.02645487,0.56085336,1.1899958,0.061696522,0.38487932,0.33715534,0.7638738,0.29368716,0.002026738,0.072454005,0.52870524,2.0839775,0.81195104,2.6416757,0.0051399437,0.015361379,1.6813304,0.68567973,0.7619527,0.11441382,1.018047,0.009510958,0.54654926,0.47623074,1.2506777,0.58211863,0.81856394,0.12974414,1.4817313,0.63402814,0.017563632,0.9517469,0.4376194,0.40150833,0.41565368,0.86168164,0.25938195,0.12357032,0.23389684,0.13751063,0.584582,0.17336123,0.2807783,0.26632047,1.1443487,0.14854603,0.9740627,1.4696813,0.5548423,0.46605223,1.665144,2.141955,0.029635677,1.2565926,1.838897,1.9144005,0.13936168,0.052247435,0.5656892,0.26771793,0.5679568,0.2917165,2.249316,0.41420433,1.964489,0.25882286,0.21446882,1.8268278,0.62462753,0.12424204,0.066009104,0.28752664,0.014474036,1.1131229,1.2257917,1.393416,0.49600422,1.7608608,0.14734527,0.48245066,0.546619,0.71285236,0.9290085,1.6861426,0.10727981,0.2740386,1.1483091,2.097651,0.8870036,1.7608979,0.21224098,0.60863656,0.08193938,0.0031879873,0.0,0.12118651,0.64860034,0.15099995,0.0022794018,0.036604393,0.07518196,0.869617,0.0069771516,0.27914575,0.61376244,0.5892968,0.26032022,0.4488498,1.1956547,2.0034192,0.67498356,0.0049374024,0.27991337,0.34758243,0.050222192,0.67236483,0.0,0.0715637,1.2432084,0.17940274,0.0,0.027659805,0.0,0.052438125,0.05996307,0.1927323,0.41731116,0.4540286,4.636492,0.06807362,0.83483535,0.01621935,0.60064405,0.2003154,0.5890517,0.07234718,1.6373105,0.15732576,0.106398776,all_pothole_images\pothole_images_new_image_518.jpg
0.20743194,2.6650193,0.24995582,1.9693006,0.28239506,0.47619998,0.10256143,1.0596498,0.0,1.2459948,0.054866303,0.25276467,0.7204892,2.023421,0.11650147,0.010139137,0.5639009,0.64681137,0.5370679,0.03843734,0.15017538,2.96044,0.6058668,0.42915383,0.1313317,0.35647333,2.086289,1.4535874,0.1499918,0.45326248,0.6905986,0.09538057,1.3061421,0.683815,1.0865293,0.27329364,0.62214315,0.6171146,0.03308526,0.92076176,0.14255609,1.7912267,1.4933916,0.81921726,0.7249242,0.5923635,0.4828807,0.0,0.041347407,1.7778606,1.5237813,0.16129094,0.3748548,0.2594433,0.21944703,1.3117534,2.3846405,0.8240115,0.68597066,1.3467394,1.8951578,1.2139546,0.777207,0.29793686,2.1148539,2.2164671,1.4361048,0.8616516,2.159351,0.9166683,0.20064126,1.8434051,0.16597639,0.22723486,0.9790503,1.3014857,0.4149384,0.52429837,1.0832893,0.22560534,0.3224908,0.19583932,0.3876588,1.6751788,0.62094724,0.94328827,0.6707449,0.22157294,2.0146732,0.40159854,0.14693102,1.8700389,0.5073738,0.122439265,0.03455403,0.4006891,0.052843414,0.37299767,0.6530693,0.38551605,0.39009723,1.7975698,1.1651369,3.5390465,1.3758408,1.5878156,0.36261362,1.1285778,0.037795097,0.6255924,0.26887244,2.795341,0.5799021,0.26125792,0.4915554,0.30321988,2.8853352,0.3644455,0.8532018,1.8094909,0.7586957,0.15464197,0.62210995,1.5179225,1.5233674,0.503124,0.47586778,0.9937807,1.0101485,0.73162293,2.6751223,0.17551644,1.0272697,1.7009114,0.41789868,0.36772022,0.4397412,0.43292937,0.1875484,0.11441523,1.1680161,2.2277734,0.6821158,1.7002878,0.17597474,0.36496535,1.675931,0.20666078,0.52487487,0.18079458,1.0828079,0.24468145,0.7081604,0.36534238,1.0873475,0.10213712,0.9248358,1.3552364,0.97229564,0.08430405,0.7991323,0.3412456,0.90663743,3.3806157,1.3071411,0.14749737,5.5140758,0.7784276,0.013843254,0.6472912,0.4277696,0.16205674,0.18601926,1.2415148,1.0220687,0.16071853,0.6468208,0.09961554,0.7699525,0.010898578,1.2265764,2.3428588,1.9111518,0.7797596,0.24528912,0.06976376,1.3586262,0.4788403,0.9223006,0.063128814,0.44994345,0.6567864,0.9036103,2.3465245,0.23909234,3.6846898e-06,0.10778475,0.9000786,0.014858394,0.090056434,0.11995249,1.0692468,1.3517593,0.17126964,0.010796037,0.48270658,0.32616493,0.49928245,0.86133575,1.7735616,0.24756546,0.7012961,0.38740563,0.6023516,0.664929,1.2306558,1.205176,0.17660314,1.9631497,0.28702214,1.3128052,1.2151158,1.1811582,1.1524059,1.390799,0.9226527,0.9895287,0.051704112,1.5176051,0.002594047,0.52347106,1.6744885,0.32642218,0.21441762,0.10888878,0.031136062,0.060115743,0.594035,0.13056666,0.8960319,0.08926252,0.49473804,1.2268007,0.56560695,0.383322,0.36534005,0.84208286,0.09906325,0.83532864,1.6895214,2.8946097,1.3301541,1.6455675,0.051408023,0.71897125,0.46837646,0.03415488,0.39417243,1.6887039,1.7192553,0.16231537,0.028085314,0.5641029,0.76665664,1.3794761,0.67789304,1.0606515,0.46526834,0.48315728,0.25395703,2.1484797,0.6448985,0.45358786,0.06603915,0.42944425,0.2285782,2.124858,0.98763967,0.43769953,0.2779349,0.9814059,0.1819369,0.5315764,1.9596702,1.4840735,1.1510109,0.7531532,0.1746307,2.5039961,2.4261072,0.30431643,1.1700388,1.4595217,0.11615133,0.1034012,0.18205518,1.7329257,0.5078596,0.24647829,0.47690043,0.07056486,1.5512621,0.22549835,1.1546382,1.4632621,0.80152035,0.06361999,0.92508066,0.5498779,0.22828719,1.6814855,0.7893796,2.405993,0.6821264,0.35825443,1.7297655,0.2568935,0.26265404,0.6599467,0.65880114,0.7509967,1.1499888,0.38903692,1.1566229,1.3456273,1.2844747,0.34993097,0.0798816,1.9624499,1.122187,1.9311998,0.74252814,0.40782672,1.1658512,1.2295216,0.22701195,0.47004294,1.1016436,0.6117211,0.7996214,0.11109753,1.627467,0.36854297,0.22204655,1.1590073,0.946753,1.0231602,0.27453467,0.061485067,0.50471246,0.5594798,0.6619697,1.8022596,0.49443087,0.7203346,1.8864931,0.49814618,0.6813735,0.9376213,0.655082,0.60706747,1.4214038,0.1599992,0.5538377,0.57554716,0.49647623,2.9796097,0.8264205,0.8567174,0.80306655,2.0702448,0.70551586,0.8360426,0.30399346,1.6950481,0.07038059,0.42469093,0.12233825,0.36360154,0.84036726,0.6301858,0.8933656,0.5131484,1.9732181,1.993978,0.75930816,1.1288903,0.41005585,2.2412698,1.445571,0.31812674,1.53088,0.7255062,1.0205083,0.57487524,0.16121164,1.0636673,1.4978404,0.6554837,0.14475782,1.4282198,0.7775595,0.35343647,1.7304298,0.14481953,1.2248641,0.8211492,1.3476636,0.40737316,0.9496512,1.2266603,1.7192533,0.23834726,0.48240855,0.65909934,0.38290703,0.8306105,1.0924062,0.5876006,0.6248994,2.0664554,0.9489598,1.9055318,3.714542,1.6356862,0.035597883,1.4097981,1.5624614,0.21198717,0.45690832,0.40087953,1.4766647,2.315227,0.19693403,0.46951446,2.2626002,1.0369384,0.8695418,0.7263361,0.16453457,0.7774158,1.3215287,0.4510517,0.339399,0.25035152,0.3111487,1.0730981,0.30916014,1.4299679,0.4714873,1.2469193,0.7186349,0.66179883,0.9559807,0.07008613,0.9209766,1.0288963,0.93501955,0.15466668,0.19497962,0.85206604,0.17285596,0.39573553,0.19784224,0.34562978,0.549317,0.18527447,0.8718451,1.1308805,1.7787116,1.2070007,0.895468,0.9367475,0.8474582,0.18934593,0.40482473,0.058098666,0.46717986,0.04657068,0.16441385,0.6017558,1.0097605,1.4025035,0.7554296,0.28378382,0.29810894,1.6180297,0.16915907,1.3986309,0.48698953,0.8415991,0.13645336,0.38666934,0.5248906,0.2495855,0.010792455,0.46517164,1.2868897,0.41314736,0.97747076,0.039651446,1.4963276,0.5707254,1.5307832,0.38330045,0.7524557,0.051425282,1.5326332,0.21590887,0.014260854,0.645492,0.33851182,all_pothole_images\pothole_images_new_image_519.jpg
0.02991272,1.4720871,1.0220233,0.71590996,1.9749455,0.5019774,0.762804,0.8404175,0.18240535,0.7503924,0.0,0.15184064,0.13460466,2.4399786,0.54325294,0.86487824,0.58317375,0.21048571,1.4331129,1.6542757,0.33766568,1.1963923,0.7651891,0.8411795,0.69095385,1.6552327,0.9476158,2.7305415,0.7070156,0.19979404,0.24949461,0.0062320996,1.963987,0.6261626,0.5273475,0.7178823,0.3414185,0.51206654,0.22386761,0.73459065,0.60951275,0.49413395,0.5532074,1.6577058,0.797296,0.37600672,0.59593046,0.120220535,2.0817707,0.45826444,1.1802328,0.53588164,0.37484634,0.5961194,0.4658074,0.2654352,1.8004594,0.09552283,1.532484,0.70613045,0.8345225,0.69900054,2.2988083,0.34113112,0.543141,0.3707447,0.37841707,0.83570266,1.0505515,1.4433899,0.4161401,0.20863524,1.5838451,0.04980776,1.061378,0.12909351,0.13333225,1.232078,0.43702954,0.91191864,0.32005945,1.0060503,0.46683097,1.7224134,1.7074659,0.111743845,0.33777708,1.1149355,1.7115102,0.42455515,0.10812477,1.3079808,1.855207,0.1459219,0.16950288,0.4553748,0.4075452,0.57969093,0.9139601,1.0136696,0.09262674,3.5860078,0.4938408,0.11798675,0.09456148,0.44946367,0.596905,0.29789278,0.6142531,0.0769607,1.8027325,0.16131955,0.1049996,0.119635105,0.42229727,1.3336598,0.97975856,1.0389324,0.5331829,0.95290965,0.58048093,0.29847568,1.6222581,0.7876897,0.6127296,1.0423049,0.2192779,1.4745827,0.77859104,1.9534721,0.5769708,0.44955444,0.6918467,0.37540707,0.71979856,3.0594583,0.23919944,1.1718582,1.1788353,1.2023617,0.54422593,0.88719213,0.59275895,0.29711804,0.7528563,0.5946803,0.04581692,0.12996769,1.0282093,1.4970095,0.59807134,0.98295593,0.7116031,0.6245164,1.1294988,0.28987318,0.4413737,0.25461003,0.17135994,0.0928907,0.39024276,0.7799254,1.3060229,3.4462762,0.7345589,0.04906919,0.785358,1.2093141,1.40581,0.5751912,0.8158563,0.6730978,0.48953006,0.19171707,0.0473296,0.33204624,0.94145304,1.3170259,0.4642098,1.7487504,0.8030668,1.230087,1.474676,0.084289804,1.4093716,0.9016853,0.22856136,0.29101118,0.10949491,1.8800128,1.1122627,0.8530146,0.33735085,1.4500493,0.6230407,0.697771,0.18517502,0.09091517,0.1465289,2.1419368,1.0142611,0.28201216,0.93684924,1.6546127,0.40144482,0.4401723,0.121381015,1.0146159,0.0969985,0.16985708,0.72754806,0.2970677,2.0139883,1.5480587,0.7983076,0.13979101,0.33650017,0.2786924,0.20612617,1.4891415,0.5035342,0.011611542,0.03483926,0.15812893,0.12857471,0.0031680032,1.0927348,1.136096,0.8301952,0.53716755,0.1300306,0.18963937,1.5441544,0.20679165,2.2797964,0.043760147,0.5484017,0.02257072,0.0,0.28915712,1.9443452,0.17541409,0.34161317,0.8900559,0.16171093,0.0,0.49652395,0.5383865,0.21969211,0.8174232,0.8312561,0.065511234,0.57549554,2.017789,0.018388763,1.3383968,1.4511232,0.033537768,0.7838376,1.8675493,0.5176374,1.798877,1.3837498,0.35695952,0.039967783,0.5986403,0.28474277,0.5792118,0.44009423,0.40147415,0.17651732,0.197173,0.83445245,0.24734719,0.056946866,0.46864632,0.25855005,1.3771853,0.49312693,0.23721926,0.95056134,0.45252863,0.30971003,0.80240184,1.9066973,1.5725826,0.7508372,0.11238359,2.3073385,0.21909924,0.82098603,0.23312724,0.39342615,1.4277297,0.42470962,0.54188204,0.13533016,1.2852999,0.36147207,0.3724509,0.05808217,0.074615985,0.15452467,0.29995078,4.5461593,0.6732679,0.09273778,0.6225891,1.4159393,0.75263864,0.5308204,1.6471834,2.460205,0.724321,0.31502762,0.30993047,0.42012793,0.48444927,1.1790551,0.4725647,0.21306993,0.26427332,0.0052020852,0.26766714,1.4693041,2.9072359,1.2747202,0.38953075,0.05789358,0.60325,1.916701,0.69325227,1.0265083,0.39580727,0.8404448,1.5024656,0.4138405,0.31651548,0.30617744,0.008476645,0.8752933,0.019850494,0.17280936,0.32664374,0.85474277,0.08843451,0.5462483,0.8200442,0.34019485,1.7540838,0.16594245,0.19559506,0.34167913,2.263838,1.1648116,0.09112709,1.5034268,0.9921777,0.8311288,0.055191133,0.36678872,0.036446016,0.67541254,0.23396868,0.21462455,0.23183791,0.54579145,2.8100672,0.03312664,1.214443,1.4625258,0.42168888,1.3724904,1.0706781,0.15912122,2.1749327,0.664159,0.37131625,0.7690979,0.89724284,0.05822912,0.8754618,1.4114952,0.15029567,3.5980678,1.8954179,3.0771704,0.07071856,0.32150012,1.7339215,1.760043,0.18087898,0.4607951,0.7933439,0.9252325,0.0077879988,0.7591288,0.006637385,0.31969374,0.22084874,2.4801276,0.42669907,0.12046316,0.4286698,0.0685611,0.06068305,0.32018214,0.05749711,0.9237249,0.47990167,0.43237385,0.5730259,0.68814355,0.22486779,0.123864464,0.34447914,0.4504193,0.36694953,1.2594723,0.2481134,1.7330017,1.3031954,1.4389828,0.46153796,1.1560067,1.7305874,0.73137957,1.4353688,0.8052646,1.0855736,1.5140991,0.28320876,0.20222226,0.50114805,1.1784675,1.1412956,1.3523403,0.81041825,0.65632933,0.43685895,0.43102047,0.25005472,0.5119564,0.14980526,0.3259158,1.8244722,2.4461312,0.5131412,0.62667555,1.0918494,0.074071094,0.59122694,0.4474107,0.09194011,2.6399093,0.5558824,0.07472669,0.55638933,0.5646223,0.13164994,1.3227398,0.07205782,0.86287636,1.0560247,0.15768597,0.18784077,0.14236121,1.014401,1.3414531,1.1745641,1.8984594,1.1869674,0.87201524,0.80305046,0.6081918,1.9513593,1.3651749,0.48694173,2.3202436,0.500053,0.3106312,1.2462236,0.55194384,0.8544861,0.1295819,0.0487178,0.8344485,0.3722566,0.96419334,0.89468586,0.7806325,0.96704054,1.4124283,0.49159843,0.1847923,0.7221897,0.47393456,0.3707512,0.5852326,0.32906762,1.1021118,3.1355224,0.045285605,0.9070366,0.94731444,0.0947292,0.081586085,1.7367655,0.19071057,1.157167,0.7266137,1.5082479,all_pothole_images\pothole_images_new_image_52.jpg
0.92696875,2.671228,1.9051096,1.273873,0.021683792,0.22622462,0.24503464,0.06485718,2.0355036,1.3566016,1.936297,0.10862313,0.7490396,0.07083049,0.6465744,0.08337721,0.37571642,0.009898678,0.5662305,0.66176206,0.25638375,0.8327309,0.86502486,1.9714193,0.3406867,0.88071847,0.09992207,0.096988015,0.43977866,3.4897535,1.0206813,1.0410041,1.3412325,2.041363,1.3587097,0.15333039,0.90562284,0.65229565,1.5332494,0.31801426,0.922549,0.7933914,0.044217266,0.13800004,1.3105766,0.051392484,0.8345239,0.44939515,1.4939207,0.17846395,0.25437778,0.44296056,1.7341784,0.12057567,0.020541409,1.6550196,0.19951676,2.1199257,0.32172582,1.3565782,0.0,1.3039843,0.13929477,1.4876547,0.29219416,0.060395103,0.579379,1.764731,0.2608199,1.2616113,1.110914,0.07398361,1.9828347,1.0937016,0.03422191,2.177375,1.0338714,0.39346367,0.062774464,0.2749754,0.24365503,3.5274618,0.6910662,2.4306297,0.2016412,1.4098345,0.19598916,0.5562152,2.0796497,0.3409542,0.23778822,0.7285991,1.1340481,2.702388,0.6957882,0.3722464,1.8210788,0.73716986,0.13919227,0.11886986,1.5008597,0.034050815,0.96605366,0.09984228,2.1972783,0.011580566,1.9977444,0.69537306,0.94767976,0.8976674,1.6365827,1.5804018,1.7814771,1.6951817,0.2559742,1.2924088,0.9721692,0.6560056,0.9809408,0.026658133,0.95833796,0.19035769,0.98743933,1.2601104,1.7554178,1.6176256,0.4122874,0.0014616197,1.3883147,1.4169763,2.8378918,0.6014198,1.4344286,0.033073716,2.5241475,0.23404875,0.34873217,0.5091494,3.0397058,0.55342275,1.9785112,1.5918673,1.39798,0.68126225,0.49485078,0.17563368,0.307109,1.2516186,1.3264543,0.098776504,0.7731558,1.2470714,0.5534882,0.087111644,0.67811227,0.44559836,1.0023046,0.11457801,0.02887446,0.58020157,1.1752278,1.7466899,0.28324693,0.4566964,3.050536,0.10039871,0.0059066922,0.9994424,1.4249647,0.9799712,0.37981528,0.038962375,1.0943425,0.26905882,1.7788727,0.48404115,3.1766686,0.15463607,0.07100525,0.1820987,0.11766464,0.32841,1.1886871,3.5495126,4.276355,1.1361125,0.6799521,0.19933906,0.21224493,0.68072134,0.0714574,1.935009,0.72116876,1.6206381,0.035760958,0.65475154,0.9529249,1.2576158,0.5218178,2.3534474,0.9531003,1.4235779,0.0158708,0.33135176,1.1867412,1.4104022,1.8104835,0.32880723,3.921896,0.026005376,0.4862065,0.7670227,1.3378546,0.62769794,2.9773686,0.032895293,0.0,2.1343496,1.367864,0.67542034,0.52614224,0.31952217,0.29904202,0.5156011,0.67698175,0.07998905,1.139822,0.17964822,2.6676798,0.19660947,1.3507578,0.0380747,0.30341154,0.4075332,1.7975012,1.4244964,0.009962361,0.0019677982,0.7043303,1.7564379,0.87993115,1.7961334,2.2666438,0.3701705,0.8723247,0.009542988,3.3882217,0.7564398,2.4159575,4.540637,0.23812155,1.1304905,0.49626556,1.9244934,0.07042076,0.0,1.6207036,0.16240121,1.1965578,0.36379808,0.12792268,1.1398715,0.34116706,0.8481066,1.5216049,1.5998318,0.8831083,1.0981277,2.5668044,0.305193,0.21211429,0.028532596,2.0188153,0.11038791,1.0638815,0.64678013,0.8609768,1.3280885,0.46704528,1.0696559,0.18621989,0.28311148,2.0254786,0.15558255,1.1777194,0.8573143,0.34232715,2.1829114,1.2610875,0.66716486,0.18360965,1.3559102,0.2084687,2.175791,2.264662,0.4192842,0.27734277,0.5929758,0.73440987,1.1505595,0.09665948,0.7874489,0.3722028,0.31230265,2.6791499,0.19940543,0.07894543,0.69617575,0.2732563,0.10609919,0.14115126,0.2905011,4.54966,1.8342267,0.06028801,1.7101932,0.14864701,0.27221695,2.5251098,1.3501415,0.58296764,0.34528825,1.7504438,0.9715219,1.217303,0.003263131,2.8598166,1.4035538,1.4813248,0.27981484,7.6935334,0.382187,0.32760212,0.0423413,1.0422201,0.16567664,2.9948547,0.22299895,2.2536726,0.020455567,2.6941385,3.1871817,1.2197006,1.1480049,0.1077199,0.14641745,0.42665017,1.6929156,0.29099202,2.5033307,0.1508615,0.3537173,0.17856982,0.88819706,1.2454025,0.27298647,0.0064745992,1.3440984,2.4857547,0.9366784,0.8872849,0.46660888,0.84794444,0.8894447,0.32109642,0.23981752,1.7675167,0.99484295,0.32781455,3.1640456,0.76739055,0.12795791,0.5244459,0.39813092,1.7568707,1.5410832,0.80898815,0.4645912,2.3835254,2.0955186,0.715637,0.14255235,0.4315441,1.9962894,2.464886,0.39901808,0.14190847,5.6068773,0.020110384,1.9835564,1.6001986,0.46192628,0.5429078,0.13661899,0.29292554,3.4457915,0.51719767,1.4719115,3.2731285,0.55789816,0.37647185,0.78456354,0.45490932,0.75065815,0.3727233,2.4978478,0.16286637,1.8149495,0.3067535,0.23089126,0.06957243,1.3476552,1.4860765,2.2376087,0.32206255,1.036514,2.187616,0.24757965,1.1417928,0.514211,0.03194451,0.13164993,2.5260813,0.7322073,0.028817197,1.1103815,1.1356262,1.7026918,0.45424455,1.6043607,0.90215284,1.9703828,0.43339732,0.30211022,0.0,2.6322398,1.2184224,0.57892734,1.2936546,0.37733015,0.40191057,0.45330855,1.2747989,0.15804316,0.15099074,0.27519926,0.698742,1.9836525,0.5530113,1.2038493,1.5552441,1.2393967,0.65292627,0.73889774,0.75754154,0.39895707,0.012765117,0.0,0.36420214,0.47580683,0.30738485,0.5941434,0.77739805,0.3603103,3.2354207,0.06285244,0.13501492,0.0,0.549126,3.8157496,1.8451498,0.38166904,0.45800138,0.31733885,0.8188668,1.4390051,1.0601766,0.14361686,0.36028346,1.7896775,0.99798214,0.23801428,1.0470682,1.0792253,0.15406154,2.2441564,1.0287598,0.54701084,0.36962578,0.041536402,0.34750813,1.9288383,0.19359711,0.1840957,0.2925339,0.02795875,0.39590117,0.35595518,1.4339851,0.00086421304,0.7019401,2.3294907,0.7232646,0.8836867,0.36711323,3.4153543,1.4719207,1.2425802,1.3556423,0.7579652,0.1765025,0.11609435,all_pothole_images\pothole_images_new_image_520.jpg
0.11464438,1.0473101,0.1822614,1.397173,0.21784343,0.05684099,0.88046324,1.06134,1.2305615,0.116856456,0.5859334,0.7070574,0.37393293,0.9315637,1.032717,0.086913936,0.14916952,0.8463468,1.5082089,0.018378524,1.3217113,0.75779223,0.2954588,0.09527369,0.6908166,0.95072764,0.7824171,1.7168838,0.0032761216,0.26241675,0.115511775,0.087620795,0.3085073,0.47824025,0.15149307,1.2612314,0.6571686,0.35886133,0.117528446,1.0174799,0.26947448,0.3851333,0.05547726,0.33852056,0.77463377,1.0060205,0.24404554,0.01503067,0.30830172,1.6387229,0.16564873,0.2729092,0.23128735,0.299121,0.06397904,3.4660912,1.2430662,0.91405433,0.7705435,0.13142934,0.25744027,0.05791547,0.2077046,1.7370882,0.9744715,1.7710892,0.15480463,0.11651142,0.0,1.424781,0.13757083,1.1258532,0.049279116,0.9437622,0.11144077,0.52218014,0.24999543,0.09504135,0.0042726155,0.19452415,1.1291426,0.08439364,0.49715206,1.4610677,0.06666838,0.042400554,0.025958195,0.33787814,1.6474881,0.11986122,0.3903389,0.6913162,0.812656,0.13945636,0.021143558,0.0058920705,0.50125027,0.29228005,0.3074393,0.031785034,0.2677418,4.2342873,0.5660481,0.0,1.1310211,0.018950677,0.3250307,0.37008572,0.37087363,0.28311038,0.09777983,1.1745756,0.89258194,0.087364584,0.93661654,0.58123666,0.33660692,0.63449484,1.6718369,0.55731875,1.294973,0.0010500327,0.09755386,1.5099946,0.61062646,0.32988393,0.5398375,0.06912512,1.3777018,0.001686037,0.06903281,0.035626173,0.015292003,0.21013281,0.6779256,1.2999592,0.100075245,0.3603658,0.42545155,0.016319044,0.4565809,0.0013944767,0.09544962,0.5445362,1.1130892,1.1872144,0.008828663,0.012649465,0.41583186,0.0,0.35171437,0.23202495,0.0,0.17206681,1.3692677,0.74603146,0.54880714,0.42730004,0.4220415,2.0542276,1.1743405,1.2266514,0.4848619,1.3210669,0.22552283,0.21875384,2.3712811,0.4891869,1.7149831,1.622875,0.36649272,0.44072706,0.07503796,0.029536799,0.506449,0.39047498,0.43640742,0.116680734,0.10512056,0.2788619,0.010943047,1.8823364,1.5703799,0.341876,1.4745698,0.6495058,0.5136406,0.02001369,0.13183624,1.2878515,0.748259,0.12869062,0.002384293,0.7144679,0.11771017,0.13389605,0.66791177,0.077722594,0.7189567,0.8797713,0.09611231,0.8773206,0.011977268,0.92241985,0.07495298,0.019302268,0.162338,1.4184337,1.4844248,0.6928571,0.0,0.05555636,0.4175165,0.4715809,0.45764548,2.218389,1.6316068,0.19300544,0.19747487,0.8811035,0.85923636,0.46236953,0.4523822,0.2511941,0.051492874,1.2214793,1.3075705,0.19924027,0.8435135,1.0603555,0.6133307,0.6495006,0.27976796,0.24839884,0.40689114,0.0,1.7428161,0.3196676,0.08443354,0.104189746,1.026244,0.053360105,0.21126851,0.017643748,0.74037296,0.042204887,0.29020566,0.5434918,0.94972026,5.4498577,1.1634735,0.089790344,0.28642967,0.11280012,0.08336628,0.791121,1.2298391,0.08741141,0.43746573,3.591146,0.035117704,0.0,0.3603031,0.2589254,0.33664238,0.5525566,0.5941992,0.356138,0.83062994,0.35997695,0.06766708,0.0046995296,0.1822732,0.26075107,0.9693345,1.0806032,0.031517353,0.40549672,0.88023025,0.49566683,2.2890224,0.96215147,0.5269319,0.013986929,0.0056658466,0.2568703,0.4358046,0.012424304,0.8021309,0.57071346,0.32001415,0.057491593,0.32773328,1.1145337,0.0026988694,0.3568372,0.0,0.58589363,0.0042807977,2.4713485,0.66932535,0.49191323,0.0642943,0.22608872,3.5364516,0.5279734,0.05892729,0.013179972,0.045783665,0.93767583,0.4856494,1.375241,1.0904858,3.3970144,0.5363437,1.1835755,0.90092856,2.4776218,3.5243773,0.31529963,0.1503353,0.0014444629,0.20880115,0.12457606,0.28990954,0.16057736,0.4510589,0.1613799,0.15064858,0.15993875,1.3032783,0.2697749,0.044492505,0.2564945,0.0028683522,0.3138203,1.8251473,0.3075349,0.13570197,1.5039008,0.4284177,0.35713804,1.2994542,0.7445607,0.42864195,0.01344586,0.51977134,0.20018484,0.73866653,0.04367586,0.26130438,0.003917554,0.58132756,0.480445,0.043183006,0.27284178,0.34633827,0.95215225,0.9600462,0.13904496,0.3545283,0.39697203,0.5489672,0.036960658,0.027775943,0.008759236,0.94923085,0.037957504,0.08102703,0.027186777,0.3871024,0.0,0.7724681,0.23537567,0.39210248,1.2272407,0.2922838,0.113220595,0.8516746,1.0515233,1.1906374,0.05253644,0.3913197,0.38488263,0.94292504,1.3303574,1.5972825,0.01166404,0.49009144,0.34262264,1.102828,0.090564415,0.076874,0.9181657,0.10092886,0.0,0.95283616,0.12594692,0.2674947,0.96434253,0.33191478,0.5750173,0.5220577,0.23327608,0.6625951,0.12509233,0.021571783,0.18473434,0.19381176,0.09642914,0.8543331,0.8326986,0.17249005,0.1666841,0.9419356,0.6539586,2.2255473,0.75408846,0.6637199,0.13841449,2.727028,0.69363433,2.3957267,0.87321246,3.693683,0.7281243,0.58615315,0.1983337,0.23495759,0.21369432,1.1824014,0.07705073,0.4226118,0.47703153,0.44588432,1.3936412,0.7283512,0.51208806,0.23936088,0.5369622,1.1865903,0.6931418,0.20533627,0.31536624,0.65187013,0.7520994,0.8484487,0.26858428,0.2268282,0.6648027,1.6352352,0.06189215,0.38552707,0.3391694,1.7634807,1.0982156,1.1040235,0.66638726,0.036464706,1.482351,1.9516969,0.031808306,1.2089971,0.5462238,0.29487526,0.19175658,0.046847127,0.008663461,0.12888023,0.38896304,1.0445796,1.7337898,0.41022632,0.257968,1.932691,0.083316185,0.15118235,0.1048446,0.20392616,0.20824306,0.38628057,0.8775628,0.50246835,0.69830817,0.10618235,0.09245425,0.3712096,0.3692631,0.5246382,0.77658546,0.39485374,1.9530535,0.2018441,0.39774245,0.0,0.0,0.24756514,0.25637296,0.030980771,0.9268056,0.9199812,3.4166439,0.40184045,0.031299423,0.5333546,1.5909835,0.14153443,0.0,0.3893054,1.5812856,0.588596,0.20198955,all_pothole_images\pothole_images_new_image_521.jpg
0.84465677,1.9656652,2.6642253,0.41122985,0.38579753,0.8455865,1.4042293,0.14651966,0.21524592,1.4889295,1.260779,0.17120215,1.2604189,0.49732533,0.27146873,0.9649159,1.2417114,0.52386385,1.2713884,2.6913881,0.35277683,1.9855459,1.998212,0.7179156,0.3428512,0.51788443,0.82593876,0.71043473,0.29404002,0.29824623,0.08951314,0.21915683,0.0,1.0400658,0.6256996,0.15363485,0.3925406,0.6101082,0.36725897,1.4464052,0.18041502,0.013753662,0.99358225,1.0426304,1.3533193,0.845236,0.0631179,0.0912873,0.8338323,0.0791329,0.0,1.5457301,1.2809635,0.58176255,1.1914189,1.1232749,0.36054596,0.72765833,1.1771373,0.06297557,0.18682203,1.3869112,0.16280301,0.3903778,0.03669803,1.1549526,0.80292153,1.7194489,2.2344081,1.7126379,0.22387844,0.1419117,1.471929,0.23775083,0.94709325,2.5194564,0.7197256,0.6277237,0.6291825,1.149532,0.58632505,0.049994454,1.1558931,0.2568611,1.6829076,0.98738796,0.1838336,0.7585566,4.116459,1.8258061,0.42133674,0.55872357,1.4022549,0.5922398,1.1196119,0.38823202,0.55597293,4.1606545,1.6501197,0.44482756,1.1784855,0.18812573,0.24944648,0.61100286,0.52205133,0.5853654,0.54257643,0.27169296,0.0096067,1.0847414,0.54518706,2.7493896,0.8316026,1.2454555,0.036909986,1.0381671,0.67048573,1.6346236,2.361174,0.45892218,0.3605795,0.95416725,0.81595105,1.0900189,0.9932953,2.152628,1.6258188,0.76943165,0.08411315,0.7227529,1.7735814,0.5757054,0.8012114,0.31338727,0.7250865,1.0790502,1.0317446,0.038459696,0.08285859,0.09566865,1.5213693,1.9816774,0.6497603,0.5412175,0.45879138,0.011893305,0.16445483,0.022534803,0.6394325,2.9287312,0.81351864,0.3617588,0.8150099,0.46373725,1.6594104,1.038771,0.8708057,1.1355581,0.112510845,0.1121374,2.1783173,1.8964956,0.99964,0.086957276,0.6060334,1.7926636,2.2150269,0.203199,2.1377425,0.6071823,0.6363984,0.050108705,2.0246587,0.61838007,2.564595,0.7646419,0.5925728,0.49333575,1.4625703,0.91455996,1.3611019,0.59644574,0.8783932,2.6914742,3.2080083,0.85926944,1.3495342,2.1985471,0.7248998,1.2305537,0.39098296,2.3582928,0.16678284,2.880231,0.40425453,0.38698322,0.7254687,2.673172,0.46295172,2.2664418,0.29835063,1.0294261,0.21843264,0.28660417,0.36334014,2.304298,0.33163896,0.15114734,1.0863708,0.43456155,0.17630884,0.7471573,0.8527536,1.0821859,0.5824905,0.7663575,1.268925,0.420331,1.0569215,0.8607363,0.070421636,1.015147,0.16629067,0.3179325,0.60060775,0.25708982,2.258647,0.23400022,0.51495594,0.5313704,0.877484,0.5680812,0.7193599,1.3255674,0.17803854,0.38194248,0.44930345,0.474613,0.2831652,0.0,0.19367611,0.7901922,1.0697331,0.9694813,0.09904874,0.06853536,1.1460856,0.62959206,0.62524754,3.2830591,0.6505348,0.022989776,1.0889735,0.5553565,2.104372,0.7772558,0.19181445,1.1352636,2.033085,0.51306075,0.13386494,0.6335768,1.6613258,0.13442881,0.46990815,0.87226725,1.0140224,0.9274061,1.1980162,0.43769088,0.84679675,0.41429436,0.19963713,1.7775686,0.7344933,2.947276,0.25334167,0.0,1.4103633,0.4854528,0.21548115,0.23989305,0.1653721,0.5256073,0.70678735,0.74259543,0.09306653,0.10786242,0.18205503,1.1900965,0.77691984,2.516643,0.34673277,1.2128934,0.93833846,2.072359,0.9626646,1.2279484,1.0213726,1.9020958,0.6563605,0.31383798,0.029660478,0.16667742,2.8042648,0.6889812,0.23847371,0.48813224,1.5669019,0.30923513,0.098709755,0.5817797,8.434388,0.918012,0.003851514,1.084657,0.26362762,0.70913756,2.7071576,0.24400672,1.1553849,0.6282557,0.00606695,1.0877556,0.18192112,0.3996466,0.03411655,0.51586795,0.90331686,0.005480725,6.0064044,0.8248511,0.027067002,0.2301608,0.8144092,0.23164648,0.5272081,1.639773,0.27387172,0.025079746,0.97320944,0.2968253,2.005339,0.15053463,1.7773458,0.9957336,0.7433961,0.4438271,0.07665674,0.5055448,0.0,1.2740898,0.36406428,0.059149113,0.050193388,0.16172242,0.18895113,2.5334141,0.62480605,0.9044913,0.18338807,0.22927755,0.90196353,0.96871793,0.19151026,0.17578262,1.3109299,0.23988649,0.12876503,0.21333799,2.3995044,1.8475832,1.1018895,0.00439856,1.1903774,0.6500118,0.3759345,0.90188646,0.6115295,0.4633187,0.578982,0.30152333,1.3151319,2.3675334,3.49604,0.8351714,0.6905365,0.31234035,1.2642239,3.2784872,2.3471792,2.5430439,0.39489913,0.22127043,0.79530317,0.07536741,0.61763096,1.2238792,0.51916015,1.5374045,2.3228033,0.3882946,0.3510289,0.67777944,0.28056577,0.19661143,0.6424713,1.0461146,0.19589755,0.2056885,0.6734399,0.4453552,0.06952738,0.9455923,0.25220284,0.87214345,1.2225573,0.24822493,0.14159852,0.43936157,0.032648873,0.37373763,0.719178,0.2253726,0.13064852,0.96351635,0.61073494,2.6581643,0.16001534,0.90013504,0.827149,0.08323259,1.6845734,1.5635805,0.93520963,3.1770904,1.6365044,0.86525166,0.089782536,0.06715127,0.6906747,0.24930884,0.006396598,0.12174779,0.38804907,0.0,0.70489144,1.5955135,0.9631349,1.7031099,1.6068264,1.4303778,1.8094224,0.33421645,1.4369329,1.1909393,2.2163994,1.0131356,0.82444435,1.6483533,0.66567355,0.062524766,1.3718364,0.039444774,0.21135852,1.6105255,0.22745113,0.10410912,2.4053376,0.40223163,3.1717327,1.1770635,0.086994775,0.8834283,2.0989847,0.004717117,0.14497845,0.9053149,0.77011544,0.32795924,1.9518418,3.3593507,0.6912245,0.94505745,0.0077301604,1.0057583,1.2412307,0.8697244,0.29296246,0.14513092,1.9690427,2.3926132,0.18630317,0.12119978,0.3660123,0.0747142,0.0,0.7953813,0.94253796,0.025657926,0.26352158,3.1844525,1.0195401,1.9780126,0.62154794,0.5184959,0.345,0.7850335,0.12525217,1.0940262,0.68028444,1.1317439,all_pothole_images\pothole_images_new_image_522.jpg
2.0914507,0.137274,0.78975457,0.22288495,0.21902785,0.8362889,2.4786813,0.4409464,0.59578604,0.19782591,0.9618167,0.59445524,0.5668461,0.44211695,0.104768686,0.06486101,0.005691026,0.34653628,0.10044813,0.503768,0.68247,1.0135235,4.126613,1.2716558,0.5461818,0.6078754,1.0500708,1.0223134,0.15206674,0.04285056,0.11507823,0.24575959,0.055828143,0.8704977,0.0151697835,0.031297795,0.38772473,1.4706451,4.091955,0.06057176,0.38697067,1.7872463,1.6527,0.0,1.2149744,2.4663806,0.010747965,2.0576577,0.90964085,0.52520025,1.0877585,1.2992026,0.24133669,0.5880859,0.2529188,0.0,0.45106602,0.017026894,1.0263968,0.19633994,0.0017871029,0.4625156,0.6843333,0.48946738,0.44448134,0.11862634,0.08044745,0.4887415,0.010205336,0.5132586,0.32103404,0.17299484,2.0645928,0.1605511,1.296131,0.05156855,0.5273019,0.7481009,0.0,0.0,0.012939604,0.020020971,0.55140036,1.3461015,1.6437829,1.5370337,0.8436882,0.85726553,0.7047586,0.34798837,0.07325077,1.8095552,0.13203484,0.24504052,0.12862366,0.007134862,1.896371,0.3501394,0.22292018,0.07421501,0.30161414,0.38207373,0.1763885,0.070859,0.4848675,0.0,1.6220232,1.1780913,0.14114508,1.6748064,0.64341104,0.49582213,1.2620544,0.16353394,0.8342791,0.8827142,0.041517455,0.07770668,0.06306093,0.95303196,0.5778226,0.50282705,0.014512587,1.0256969,0.0019943854,1.0358436,1.4316075,0.34694508,0.05174922,1.7108132,0.2411449,0.61643976,0.19936499,0.48135313,0.61456305,0.2395449,1.1524202,0.055724047,0.009040342,1.1971526,3.6413198,0.1328654,0.09198734,1.945368,0.037392497,0.33457008,0.005109579,0.65506995,0.8750755,0.0,3.166507,1.633661,0.5758375,0.039251383,0.14185493,0.49368083,0.12144084,0.8711381,0.02447905,0.2583544,1.824285,0.7821935,1.0859137,0.42697257,0.06367612,0.7249621,0.66412896,0.32824725,1.4410322,2.0427425,0.362159,0.025472812,0.08388784,0.026250644,0.18093887,0.21882829,0.21865362,0.20550576,0.08180098,0.2480268,0.11615092,0.18458964,0.06377892,0.23962918,3.3396406,0.24338368,0.07379745,0.25055024,0.19974218,0.98901826,0.8627757,0.039282203,0.36178908,0.28209642,0.33491984,0.053736262,2.2846022,2.2836397,1.0913453,0.16394652,0.107093655,0.10093063,0.5081372,0.3271319,0.00832598,0.84336203,0.8799901,0.48484653,2.7943842,1.8708752,0.22323343,0.8431755,0.99840355,0.22250941,0.3094074,0.23442882,1.9290569,0.24803679,0.71442187,0.31878456,0.08438855,1.0565234,0.22710724,1.3146911,0.0,0.99338967,1.0427308,0.9578412,4.029176,0.1482463,0.67773867,0.01790603,0.6116971,0.9654217,0.042669583,0.44663393,0.19275323,0.3025487,0.049330577,0.50474244,0.72188896,0.20545375,1.781041,0.14501825,0.37434545,0.45511198,1.4562913,1.7735044,0.8124648,6.2964253,0.11269159,0.67676556,0.029199466,0.6098027,0.034189016,0.19120146,0.53475595,0.2976364,0.12182843,1.7486213,1.7670394,0.80037093,0.16263144,0.09763855,0.0,0.86698335,0.04712251,1.7561132,0.46821278,0.25401592,0.835157,0.11246634,0.33956954,1.9639837,0.4576709,1.464881,0.17090805,0.42539993,0.09887604,0.65532935,1.0014032,0.10311556,0.18359026,0.07474344,0.30133995,0.059363164,0.4380529,0.06946169,0.45500004,0.50717336,0.16395107,0.18522204,0.52479833,1.1729181,0.1866921,0.70989466,1.9117986,1.4629084,0.027174333,2.2035873,1.137646,1.139124,0.01682546,0.05359802,1.9672166,0.7853432,0.021756167,0.27335727,0.26266223,1.1950042,0.023476815,1.791727,3.413078,4.1731353,0.027715795,0.0,0.40803862,0.2694501,2.7219791,2.2069795,0.42205957,0.0088986335,0.44905356,0.4483699,0.052188814,0.5800161,1.4212229,0.05932188,1.8578438,0.9866767,3.1202476,0.10540845,0.005679729,0.9135494,0.0072796987,0.51358217,0.2081015,0.20678571,0.039684035,0.13736056,0.1994224,0.0,2.3988667,1.1136656,0.544991,0.5182768,1.0814037,0.038931377,1.7358055,1.2731404,0.06202629,1.7794601,0.018952103,0.21637827,0.9975073,0.817245,0.17296544,0.26089337,0.92060786,0.64284855,1.2788472,0.07977315,0.0,0.04790107,0.63389295,0.15002885,0.12187777,1.536022,2.1954997,0.38245887,0.64591414,0.0011917363,0.8192203,1.192972,1.0589753,2.345846,1.1927475,0.82747334,0.5412769,0.07927592,0.36352703,0.02499186,0.74806523,0.045530222,0.82794595,0.07473586,1.1995944,0.1370003,0.117061846,0.51518095,0.031733546,2.7917554,0.06830273,1.5665305,0.2121911,0.5629609,0.08231595,0.50335187,0.6094194,2.0522645,0.58503914,1.287176,0.63543224,0.074780114,1.3025392,1.1872507,1.6055111,0.64475423,0.8173248,0.40805796,0.39898038,1.1772044,0.11636405,0.3505884,1.3146714,0.2836275,0.24577904,0.80822194,0.041002963,1.3210623,0.48942697,0.046348676,0.05985961,0.5620499,0.31298536,0.00063556916,0.8127577,0.5271727,0.7523483,0.061021496,0.54187405,0.7675339,0.96364444,0.40643418,1.0497302,0.11938235,0.17117704,1.2490509,0.6821204,0.0074000983,0.84852123,1.0387623,0.5423857,0.051224962,0.0065422286,0.023939332,2.8747253,0.48358807,0.30619526,1.1122932,0.4874055,0.2564021,0.35059997,0.9050846,0.61807734,1.8150758,0.6996883,0.478018,0.3640037,0.39286983,2.0470538,0.12440405,1.9388192,0.053432085,0.4798116,1.2161473,0.007160152,0.01454093,0.99690026,0.22980131,1.0786769,0.36662742,0.053822946,0.051337894,1.7634208,1.315651,0.0042930124,0.077637434,0.26284695,0.3286846,0.6437736,0.26779088,0.8689943,0.3375899,1.9204968,1.2871068,0.97180927,0.0013640627,1.1699877,0.09672959,0.54689115,1.246695,0.39630973,0.5347111,0.053343266,0.4118765,0.73046595,0.6421758,0.011113239,0.65513235,0.24356985,1.0598488,0.43830135,0.019723328,0.31065613,2.1558688,0.6898095,0.5014888,0.53322524,0.13398981,0.7306427,0.68142503,all_pothole_images\pothole_images_new_image_523.jpg
1.2913587,0.4296851,0.18423235,0.96475,0.21347949,1.8966118,1.0463777,0.00044773787,0.781143,1.379533,0.14137001,0.00064582954,0.009399982,2.599851,0.0076497877,0.2690459,0.16499682,0.8977299,1.7907848,0.80185044,1.6084383,1.6095843,1.3760097,0.0,0.38580796,2.730053,0.08591128,0.55596,0.09703943,0.0736025,0.26222208,0.9613249,0.0020354048,1.2336748,0.021278413,0.93233544,0.27177072,0.8239063,0.8670655,0.3638466,0.04190003,0.8352907,0.03756716,2.6195428,0.65323573,0.48564953,0.15298283,0.06992558,0.13728258,1.1094402,1.4673244,0.70475113,1.7552058,2.081648,0.37091756,2.3192356,0.2535685,0.47314656,1.2112488,0.48349637,0.6241388,0.9301102,0.30708706,0.0002420594,0.96698916,3.1733947,0.56053865,1.4560944,1.67637,0.002857037,2.0267105,0.029856293,0.18568498,0.024027284,0.0002887927,0.0,0.56032985,2.0655923,0.08276063,0.036458332,0.42028484,0.16116682,1.7866919,0.33733192,1.1913843,1.1490164,0.19308639,0.031467684,0.26437178,1.2711622,0.1179564,0.39299378,0.022002842,0.727934,0.95014423,1.7580099,1.0839734,0.9541716,1.1560313,1.0387532,0.2655885,0.29774773,0.41286728,0.90671843,1.0276515,1.5113637,0.122832276,2.1528506,0.12130862,0.55300653,0.17201719,1.4209254,0.24579857,0.8668076,0.14952956,0.17436856,0.28228295,1.3183143,1.123601,1.1051958,1.5269641,0.15328145,0.5104128,0.7773313,0.79069406,0.7386262,0.95495915,0.9236235,0.912618,1.5264918,0.82735825,0.34565073,0.59216386,1.5028206,0.039802693,0.7500626,0.109554,1.8268784,0.59059906,1.2789696,0.003354938,0.22991705,0.47246593,1.5316031,0.38728043,0.03148674,1.4893087,1.9873532,0.47232652,0.8728547,0.9087196,1.4109569,0.76485693,0.13287547,0.69463676,1.5653149,0.2948236,1.6914614,2.5201967,0.5824426,0.13965109,0.6189195,0.15693988,0.20940492,2.1985116,1.3609875,0.4839863,1.2577143,2.1423352,1.263383,1.9208041,0.13069269,0.34858975,0.45822886,0.6735009,0.69038415,0.4314025,0.75928015,1.3897595,1.9715439,0.5700522,3.4665842,1.8415227,0.88121414,0.10919129,0.8801619,1.1967432,0.99396795,0.07531367,1.9591451,0.0,0.20325753,0.61413467,0.12438976,0.18050486,0.08073152,1.3687983,0.90913063,0.83836085,2.505063,2.009292,0.16796334,2.8781686,0.5033456,1.7517395,1.3555282,0.70365214,0.008646593,2.4760048,0.7633721,0.19351567,1.5547725,1.7949477,3.5544734,0.8575791,1.2355814,0.71538824,0.40457198,1.8931178,0.51484174,1.0075866,0.9192634,0.4808468,1.5631726,0.80308455,0.91362,2.753542,3.3861675,0.4018042,0.84134376,1.6156728,0.27588728,1.0709184,0.66748637,0.543326,0.14013503,0.91006243,1.8739642,0.4038528,0.31924126,0.0039412654,1.7952983,0.39359868,0.70884633,0.122514226,0.6806,0.19845718,0.59602314,0.48431772,4.301773,6.3937016,1.3446754,0.6874598,1.0999634,2.3586216,5.0024123,0.18896084,1.514583,0.92487,1.2109095,0.5207174,0.12328046,0.5059937,0.9417848,2.4614823,0.59693676,0.086726695,0.40875518,1.3161354,0.23406616,0.31775868,0.15453401,1.370398,0.5182982,0.06971087,0.17333248,0.16986644,4.185325,0.74338514,0.26316038,1.1615452,0.06386673,0.20671587,0.0076013906,0.2990352,0.008497795,2.114314,0.8180299,0.6827706,0.73996687,0.54034424,2.284173,0.06463399,0.056019537,0.3103807,1.45369,1.01429,3.7766328,0.91097414,1.3498039,0.65653837,0.83844566,0.21317147,1.625963,4.1499734,0.2631998,0.62597185,0.62921554,0.5564217,0.0013484498,4.8742657,0.24140933,0.45114505,1.2176433,0.65665627,2.1018693,0.77520955,0.03353676,0.4921102,1.0168065,0.12952319,0.0,0.33551803,0.4511683,0.36468646,1.1848323,0.25201833,0.26707944,1.2825202,2.6520991,0.20406167,0.05824659,1.2391881,2.3516917,0.7334236,0.55905616,1.2907709,2.4710705,0.9762854,0.0064909603,0.5250454,0.41563943,2.1470785,0.14058802,3.400313,0.50497335,0.062321603,1.2063226,0.661815,1.7802905,0.1397444,0.42135924,2.8058116,0.43667972,0.69723135,1.2154806,0.8246855,3.6432297,0.56920403,0.8167506,0.07571453,1.7674999,0.7689453,0.6475185,0.29313868,0.15491469,2.688621,0.0,0.020823415,0.0,2.2795656,1.2051638,0.6792193,0.21321693,0.34589493,0.002760023,0.9329128,0.5163812,1.986754,0.5444565,0.33234143,0.024284245,0.2459127,0.68994015,1.7776189,1.1292093,0.98122853,0.63841105,1.3044837,1.8167787,0.5845864,0.43887547,0.26862696,1.1746836,0.75620687,0.0,1.8835924,1.873164,0.3378118,0.24027094,4.7475777,0.3296064,0.0766581,0.5989177,0.39435944,0.24374813,0.3577211,0.95371294,0.30000857,0.0018663,1.3639623,1.3866849,2.1736896,0.23335573,0.011215252,1.1171,1.3860364,1.6202598,0.38508368,1.2807908,1.2258693,0.0,0.35515827,0.7465976,1.3181993,0.071969345,0.32750934,1.3904666,1.1095209,1.7275544,0.60012144,0.9173962,0.95830536,0.2220438,1.295147,2.239553,1.6903672,0.42266035,2.9009454,0.06232144,0.52726626,0.6563568,0.0,0.28093058,3.675212,0.0,1.715739,5.099876,0.009867025,0.94815,0.28996265,0.59844726,0.94065565,0.49880412,0.008761334,2.237273,0.2772497,0.026777538,0.24990273,0.716066,1.0427293,0.118494414,2.2645655,0.0,1.0438942,0.09320133,1.5520495,0.8862742,2.4778116,1.6301842,1.9053123,0.1138396,0.60893476,0.010490379,0.37496692,0.41109422,2.6320314,2.6773405,0.7780004,0.13679434,1.3906138,0.42803416,0.64446115,0.6443597,0.38161904,0.476087,0.22851649,0.14147303,1.7575347,0.039760973,2.4916685,1.9872692,0.047944807,0.5850279,0.0007346285,0.846689,0.01561711,0.02795064,3.038205,1.136433,0.10043255,2.985358,1.5998933,2.1573236,1.3711357,1.4634224,0.7386244,1.1512746,0.7536962,0.07611698,0.53100777,1.0439501,all_pothole_images\pothole_images_new_image_524.jpg
0.66065264,2.4773114,0.25611165,2.000964,0.45109394,0.21673167,1.5544109,0.045553308,0.29570696,0.698005,0.35384443,1.7069962,1.1787989,1.0904216,0.78512985,0.2608088,0.0013607412,1.5751489,0.8628607,0.34208694,0.9957768,1.848274,1.4893864,1.0545259,1.7093363,1.0219696,1.596168,3.3229077,0.091087535,0.01889446,0.91862875,0.020274602,0.6424414,0.5253053,0.46416947,0.9474449,0.034236927,1.2827122,0.46832597,0.23901379,0.0,1.4946189,0.12836216,0.39299002,0.16305587,0.35703614,1.5943133,0.5454173,0.0,0.072421886,0.0,0.9272853,0.06836991,0.09837455,0.17000078,1.7500175,0.7083387,0.1169244,0.6397987,0.16090627,0.22167473,0.29080462,1.4803637,0.6246222,1.7259209,2.045444,0.41481405,0.044822853,0.18615185,0.9479561,0.44268823,0.4760652,0.030709228,0.031506047,0.04995944,0.033543058,0.31149268,0.24084944,0.0,0.04991376,1.2794633,0.0,0.33532137,0.2762741,0.59484565,0.099191986,0.04584054,0.031657435,1.1862915,0.01262871,0.26288703,0.22643498,0.124387816,0.51215845,0.38367108,0.006088781,2.2199793,0.39310345,0.3263698,0.74613297,0.2173944,3.946109,0.574098,0.29519367,0.8838622,0.3107966,0.12270287,0.03378416,0.14580505,0.56244504,1.1832296,0.60825336,2.7551737,1.1272664,0.69907665,0.03766639,0.20075102,0.16820288,0.13933516,0.5453441,2.1371524,0.5032819,0.06833745,1.140609,0.40346324,0.23639986,3.1563308,0.066049196,1.6513927,0.06822605,0.8988026,0.16074832,0.0273482,0.1836323,0.49584353,1.6857365,0.5883353,0.0186107,0.4951214,0.06480635,2.6615543,0.3621619,0.56906986,1.8279624,0.5156395,1.7341601,0.4511198,1.6081583,0.15720122,0.060843233,0.44988313,0.5921694,0.002352019,0.13376617,0.7528976,0.41872743,0.64899725,0.15498333,1.2144709,1.1387998,3.0438344,1.4455271,0.17138627,2.4232671,1.0475494,0.55403274,2.421253,0.58421403,1.1136906,1.7652364,0.6930618,0.46444678,0.13939083,1.092795,0.3586868,0.41257864,0.5221298,0.21201797,0.27236748,0.37160382,0.44144377,0.7242847,1.4851289,0.17612496,2.005414,0.01305185,0.5062532,1.2694962,0.4527757,1.4118698,1.2919538,0.3782465,0.11088099,2.2618725,0.038755223,0.15096161,0.19313625,1.5069057,0.019198524,0.61720896,0.27181837,1.1928922,0.84617925,0.32478437,0.11093155,0.20507355,1.0937796,0.20911434,1.5036563,1.3243523,0.0,0.29013225,0.5020141,0.0034125757,0.9607141,1.3506787,1.879468,0.75445664,0.7097378,0.18003313,2.7151432,0.12866046,1.0250808,0.12884396,0.10173964,0.2774003,1.8068919,1.5184832,0.26202786,0.9109378,0.5489363,0.78392285,0.39050752,0.25280413,0.26838523,0.007604425,0.9904936,0.4719162,0.96125394,0.13737608,0.032652885,0.0,0.8986703,0.0051780823,0.12856832,0.18240148,0.7523003,0.25029147,1.8851209,5.1102505,1.9309225,0.19547643,0.1550201,0.17921034,0.037078124,0.9051425,1.1244278,0.6165828,0.6117551,2.3053446,0.5682093,0.17112435,0.22175233,0.49454388,0.36030656,0.66793346,1.1897771,1.251912,4.911453,0.02296487,0.13118815,0.34009665,0.089733705,0.41046372,0.21263395,0.7544493,0.092679486,1.5309149,0.58886266,0.86868316,0.9271256,0.062242333,1.0817627,0.93615186,0.44941184,0.21554135,0.7327541,0.1649435,3.0547912,0.06637447,0.39242455,0.21628495,0.31147256,0.4310182,0.10736469,0.49603006,1.2713857,0.6322336,0.19597575,1.9735044,0.05410406,0.1807847,0.10606317,0.063390106,3.3474288,0.0,0.5190991,0.07322109,0.061153937,0.31698588,0.6227235,2.0816314,1.7428268,1.2596923,2.1257079,2.3575077,0.6762149,1.1671158,1.6582084,0.48622862,0.3737662,0.108223,0.5655556,0.77538794,1.0229417,0.13495313,0.0952837,0.0,1.5000126,0.41650796,2.7425642,0.29376188,0.029839182,0.35053518,0.110596314,0.03358851,1.396428,0.31436977,1.2236822,0.5880797,0.25426647,0.44738123,1.6420293,0.82682675,0.6588817,0.6022044,1.0101857,0.56850433,0.08173191,0.521853,2.3216202,0.045016572,0.3398276,0.8247002,0.16362217,0.051208995,0.0,0.67396456,0.039855447,0.010049813,1.6930732,1.3816814,1.1127028,1.0512611,0.0,0.0052217306,1.8949803,0.123406954,0.84167176,0.8218115,0.26977447,0.17514291,0.5325166,0.26692083,0.6551141,0.4904028,0.07374267,0.3745969,1.3161792,0.22394596,1.1409278,0.1927147,0.25223434,1.3553427,1.6967835,0.3531412,2.4763505,0.047718797,0.012538335,0.45265642,0.9878811,0.68953234,0.018584652,0.41217592,0.14282833,0.09008678,0.68166566,0.11425664,0.27675068,0.24544223,0.34891742,1.4500656,0.35768157,0.9305429,1.1401266,0.5681792,1.2671882,0.850923,0.101679616,0.6149104,1.5918193,1.3004544,0.01617426,2.2950833,0.9512346,1.2397552,0.69375277,0.9104233,2.1478548,0.110195644,3.1098015,0.55460453,0.6990655,3.1637547,2.9693167,0.033165887,0.6200582,0.6706429,0.5922522,0.37734377,0.6193575,0.31089255,0.0191967,0.49975565,0.5743568,1.0942324,0.047888674,0.43649167,0.06899185,1.6709663,0.5931967,0.87344235,0.11573795,0.010599297,0.35778356,0.006128089,0.77187955,1.6498975,0.18622957,0.93183684,1.5705849,0.6892708,0.5344299,0.42312178,0.12945075,1.0906622,1.41672,0.062403616,0.046509728,0.20714392,1.8577367,0.43454427,0.24248028,0.76345396,0.48404354,0.49751982,0.0,0.0,0.40297273,1.044812,1.78647,0.5456927,0.32750222,0.96962345,0.6995507,0.079505615,0.8641787,0.89129573,0.78239423,0.25526464,0.8490301,0.8988497,0.66027176,2.3770683,0.029257448,0.22185205,0.08586508,0.049742308,1.0933073,0.06433013,0.15386145,2.1954656,0.18636519,0.5035321,0.037145436,0.3342574,0.5992302,0.032927234,0.09930525,0.22795023,0.90223974,0.96247596,0.4899015,1.2140124,0.95720047,1.15985,0.6616778,0.15961254,0.2028697,0.20836458,0.060057055,0.64443773,all_pothole_images\pothole_images_new_image_525.jpg
0.35117987,1.3617718,0.39041695,2.2855422,0.15477882,0.34255695,0.43252125,0.25124192,0.33109587,1.3611485,0.7001647,0.74592924,0.93823147,2.5755916,0.07267747,0.504625,0.8682471,0.004211013,1.107038,0.12058291,0.6838273,0.72729784,1.6186483,3.649472,1.2054003,0.7291563,0.22049421,0.64267766,0.26897943,0.517262,0.66700834,0.0053569223,0.0010814565,0.6492145,1.1249493,0.7220378,0.435332,1.163108,2.317566,0.21526118,0.10761078,1.3859751,0.92741585,0.46941558,2.8264854,0.14210118,0.15652567,0.078557774,1.2100637,0.06550369,1.7527767,0.9953113,0.23366992,0.12335199,0.020034947,1.2522653,1.5759233,0.17707439,0.6329445,1.0492994,1.1403172,0.5639119,3.0841477,1.4446027,0.2424527,0.11035042,0.85494727,0.2536941,1.0221251,0.26172358,4.3620644,1.1715581,1.0412064,0.019326372,0.71116763,0.83368134,0.71291846,0.4354599,0.5392114,1.9360652,0.04521037,3.2552066,0.6845562,4.872199,0.40006435,0.24493256,2.1572623,0.7450924,2.4879088,1.0082817,0.44244614,1.6301101,0.5686784,3.4265838,0.19093439,2.0855372,0.5749282,0.99077004,1.4642838,1.5101182,0.11049446,1.0667245,0.6414434,0.5315741,1.436896,0.239168,3.4558613,0.10399583,2.6373103,0.093466,0.97010654,0.7531329,0.6719602,0.7732105,1.7909472,0.56420416,0.36783624,0.13766868,0.21476516,0.1932843,1.4772289,1.0850621,0.3968801,0.9462397,2.9252617,2.4443557,0.10081024,0.17371769,0.5816799,0.45723498,0.13967164,0.6606588,0.96868646,1.5349442,0.40489382,0.21432653,0.8557011,0.91991997,1.2634538,1.1918977,1.4592856,1.2945429,0.44689065,1.7678192,0.29543027,0.32857287,0.7749767,0.33927962,0.4137591,0.0073160953,0.15344995,1.172228,1.6536812,0.074507855,0.8292168,0.50162125,1.4077871,0.32673123,0.0013897436,0.65359044,1.6008058,1.2780787,0.048931856,1.1946459,3.2617679,0.15103081,1.414825,0.41089523,0.7560677,1.4577119,1.8337444,0.25179538,1.115537,0.1850623,1.2382843,0.46425128,0.8598438,0.57344866,0.056768145,0.43767247,1.6392666,0.83308494,0.2204082,0.8802752,1.7170186,1.8873845,1.8401685,0.19913404,0.6250957,2.1462991,0.60242146,3.0285838,0.55043286,0.33251595,0.86181545,2.5206883,1.1283462,1.1233414,0.3578825,0.4488891,2.9106526,1.198483,0.13919891,0.37209904,0.99080074,0.17761554,0.310817,0.12086121,0.7894293,0.11510089,0.98079324,0.8709789,0.33178547,1.2232561,1.8650833,0.106987536,0.2936511,0.18710406,1.5328621,0.66275215,0.67056453,0.016095033,0.32071754,0.053081702,0.45702952,0.9989172,1.2864777,0.15802547,2.1833785,1.2979898,2.8823338,0.6934147,1.1830413,1.9029597,0.06754155,1.0793399,0.93858576,0.0,0.20686121,0.26527315,0.07394209,0.5251447,0.042086687,0.1408581,0.48984516,0.5817112,0.63333625,0.9147461,0.35884795,4.62853,0.7394725,1.0876232,0.0044426825,0.8970071,0.11629159,0.027904486,1.6808252,0.38762417,0.035069868,3.1218948,0.8682165,0.47916922,0.64647526,0.008773796,0.35124922,0.033929642,0.83159965,1.6281816,2.1571543,0.05197793,0.7835058,0.096728936,1.4892849,0.796607,0.010206014,1.1384314,0.6444059,0.76258427,0.43788877,0.18939392,0.5131378,2.5038977,1.2030218,0.75340116,1.2554739,1.7770941,0.7132854,1.2569718,1.5973227,0.33657786,0.2555564,0.14314015,0.18208061,1.3016888,2.4463167,1.1002805,0.6610856,0.21724932,1.0773394,1.5818354,0.07440936,1.2002499,0.27921417,0.13513437,4.9450417,0.9255903,0.16298349,0.022594336,0.6558548,2.6313307,0.011604326,0.72229415,3.316662,0.38611627,0.7374088,0.67471707,0.5608376,0.4723564,1.5685178,0.21396956,0.5689496,0.26715308,0.9551726,0.15095776,0.15133755,1.0925832,2.2941697,0.5971385,1.0169842,0.6613928,2.674466,0.03337772,0.19297704,0.0606923,0.102925524,0.65163,2.2760992,0.16060619,1.1960638,0.19956073,1.0884539,2.3000264,0.779389,0.38681442,0.55731136,0.115130365,1.1237729,0.047311448,1.0374577,1.3266978,0.45642385,0.0761937,0.3315362,2.1927104,0.48730487,0.29603016,1.5923693,0.6722318,0.22676528,0.039031137,0.3232041,1.8169129,0.852595,0.0062839733,0.04875442,0.4025481,0.7839854,0.7851843,0.11698211,2.6602945,0.243378,0.5920365,0.1343014,1.1315914,0.52330023,2.7033713,0.64563113,0.22095436,0.6815408,2.6948822,2.0729003,0.6851228,0.8050746,0.7836196,1.7664262,1.0312527,3.2666671,2.8874524,1.2602261,1.2828002,1.8425583,0.00042889465,0.7411857,0.075290404,0.01492003,1.9861039,0.7377842,1.728543,0.008528045,0.09017878,0.5152485,1.1478258,0.09222183,0.5708918,0.78223366,0.21798296,0.61747134,0.60069054,0.2100981,0.873364,0.0,0.28405288,0.11481884,0.59917474,1.2093146,0.24920118,0.6349323,0.74760145,0.20352435,0.55493134,0.19126518,0.21237841,1.8674837,1.083581,1.8509008,0.47295037,0.8737081,0.9557026,0.8790993,0.56876737,3.1927352,0.99794894,0.09381197,0.25816438,0.18206997,2.377234,0.23471715,0.31475478,0.86965346,2.512027,0.28892782,0.74295896,1.7162675,0.15719894,0.43671462,0.011868048,2.8450317,0.8030829,0.89709526,2.1065571,2.1365864,0.719649,0.50428665,0.019545441,1.2613591,0.6669688,3.2957602,0.1369436,0.87246937,0.3317148,0.8967242,0.52715504,0.026530782,0.61834395,0.7035559,0.26114812,0.53106165,0.1970451,0.86916655,0.70033497,0.35497656,0.0027130225,1.1337656,0.20876868,0.08872178,0.44609526,2.0307243,0.012417863,0.44571248,0.446681,0.7750694,2.3385904,0.85434306,0.050324153,0.3175539,1.2566551,0.39925575,0.53093547,0.37935886,0.0011288732,0.25964865,3.167435,0.92897135,0.046308897,0.12698789,0.47957742,0.62477434,0.9066425,0.982043,0.84202653,0.40980342,2.5298293,0.12872812,0.07386333,2.1934001,0.008759117,1.3070666,2.0248396,0.46145162,0.39256096,2.3714523,0.5650319,all_pothole_images\pothole_images_new_image_526.jpg
0.48898023,1.444797,0.30412802,1.8397355,1.0229508,0.4713274,0.9222098,0.3156501,1.3541924,1.6039664,1.5427358,1.3784317,0.3630084,1.8820384,0.13646647,0.87376183,0.36387798,1.1084982,1.6666222,0.23958747,0.6957391,0.14142251,0.3150463,0.39738458,0.1921182,1.2906475,0.0,1.6329491,0.10685108,0.5621446,0.345111,0.4532154,0.5028716,0.8816635,0.040175606,2.7955022,0.24128318,1.3081192,1.1762491,0.12277179,1.1120198,1.2042115,0.22639033,2.1584864,0.7914321,0.21552101,0.6041143,0.22939983,0.24822524,1.698676,0.50678754,0.5284029,0.2492479,0.10744816,0.71775985,1.9960766,0.35813108,2.07111,1.7748394,0.31990853,2.0428095,0.61833066,0.5748742,0.23891507,0.3155308,1.6426504,0.7597839,0.8667685,0.035563882,2.004742,0.31275976,0.11849378,0.20703188,0.97632146,0.35139045,0.25800946,0.40873387,1.2174271,0.34494695,0.22780535,1.6239616,0.54872763,0.33882546,1.9001539,0.44909146,0.374787,0.057563145,0.0,1.19162,1.5539296,0.770114,2.0884926,0.44950998,1.2846061,1.3051891,1.3387853,0.2508868,2.4339416,0.5539836,0.023643272,0.52086973,0.78466547,0.0052695554,0.83630913,2.5347056,0.20419276,1.2499179,0.14837,1.4960283,0.07078845,0.86697817,1.1375637,0.4649277,0.3207805,1.5926994,1.4155436,0.17962082,1.328654,1.6282787,2.147872,2.0051284,0.0025901946,0.18935692,1.2732252,1.4184203,0.9677879,0.68488014,0.82068765,0.594769,1.02838,0.5661786,0.04897172,1.1433866,0.25536206,0.53934747,0.86265653,0.84552574,1.2453167,0.0981446,0.2985281,0.6954504,0.016573973,0.40419558,0.31734285,0.4746554,0.51163083,1.6599838,0.37208334,0.19782998,0.4442419,0.5917939,2.288801,0.6262111,1.0078626,0.109127045,1.3507818,0.5003099,0.08226193,1.0944875,0.9266474,1.069339,0.5789152,0.7016928,0.6387575,1.7907736,0.6478648,0.08227295,0.5244424,1.4983639,2.5809186,0.7441013,0.48894542,0.01286876,2.564624,0.42627823,0.32934368,0.20939884,0.48357347,0.44003117,0.5011312,0.028010007,2.1927187,1.1983479,1.8252685,0.9543549,1.5922608,2.0949106,1.9795939,1.1220412,1.1205901,0.09715049,0.5754661,0.8631847,0.6609404,0.91795397,0.061666615,3.425977,1.2726789,1.1829424,0.06784307,0.016672404,1.1118833,0.13003515,0.4446264,0.84397393,0.36828908,1.5894086,1.1915517,0.8498205,0.9828553,0.0032659285,0.0054429825,0.84643894,0.3751291,3.8265448,0.5593059,0.11654143,0.5980825,1.2754827,0.319146,0.8971387,0.5649264,1.0508822,0.74783385,0.1841079,0.016330156,0.962205,1.1531223,0.78168565,0.2385526,0.10251901,0.9125318,1.3593905,0.77358586,0.4532574,0.19034535,1.4517593,0.78545034,0.17969297,1.7854701,0.60239166,0.37652463,0.03731405,0.5570936,0.519603,0.94456714,0.4262081,0.00754305,1.6266873,4.320942,1.426375,0.47006738,0.38041592,0.9756747,2.1966665,0.8118247,1.8510357,2.8254974,0.23011348,1.4737147,0.29101962,0.08766808,0.29654053,0.85039824,0.28501847,0.21843173,1.4001584,0.16734421,1.5345424,0.31117043,1.3106834,0.23015115,1.3143793,0.16012254,3.5764916,0.53508794,0.00083583326,0.20510213,0.33606797,1.0563956,1.8559355,1.0028809,1.2992498,0.27012128,0.33283532,1.5287081,1.1823366,0.22386281,1.7765948,1.1306965,0.10380695,0.46550068,0.16205542,1.68228,2.7568126,0.10146796,0.2733544,1.0626181,0.58549106,1.9311842,1.2985306,2.0556095,1.3703523,0.33842686,3.4683528,0.35984516,1.7894121,0.3663901,0.7595641,0.3845691,2.1383798,0.633552,3.7116694,2.3591971,1.6268448,1.6395706,0.382635,1.4642498,3.9478166,0.33819485,1.4103502,0.06617576,0.6804205,0.9424028,0.03228439,0.5699469,0.2612395,0.0016212132,0.4536223,0.8063991,2.068436,1.1822298,1.361225,1.2746834,0.16478315,0.5157178,1.1673628,1.9596026,0.7184141,0.8042619,1.027495,0.7433693,1.1441277,1.3063748,0.6678624,0.67462796,0.2789817,0.21764241,0.01769756,1.6759578,1.651354,1.1842152,1.4836996,0.22794808,0.25869748,0.434955,0.21886514,1.8113054,1.3397187,2.340274,0.7361154,1.0898981,1.0870595,2.299171,0.0066054226,1.2010367,0.82404745,0.18431614,0.7424919,0.66169035,1.1937486,0.47589627,1.3448305,0.8033602,0.44714248,0.5559557,0.17675053,0.96314317,0.7235401,0.37097666,2.3510542,0.4331004,0.8497853,0.3822294,1.502586,0.25771448,1.5212642,0.08705638,0.95660233,0.6084666,1.0353914,0.35366455,0.07034063,1.233512,0.057729997,0.28297505,0.5941077,0.4229382,1.8992862,0.29599702,0.7330902,0.2815167,1.0819584,0.05248288,0.8867786,0.32525367,0.6987193,0.12279133,0.05457206,0.0614033,1.5961727,0.13760217,0.1706121,0.18293299,0.9904864,1.9956405,0.59519106,0.8783334,0.26453424,0.20185839,0.5766971,1.2243842,0.31353322,0.39859796,1.5611039,0.6484606,0.860095,0.17402159,0.2694111,1.3003509,0.3358445,0.14788632,0.20572318,0.41265872,0.33072984,1.0834678,0.48390192,1.4959153,1.2642614,0.7652001,0.8185947,2.8175406,1.0079358,0.35123637,0.21587579,0.03717437,0.17016274,0.36640424,0.12854096,1.1482872,2.8815727,0.19397031,1.5360321,2.7032144,1.1822369,1.6325852,0.5730358,0.81592125,0.4459245,1.5000728,0.7134667,0.36292964,1.0131705,0.100856,0.6770211,0.33706704,0.11763197,0.0,0.58605814,1.4203849,1.2542839,1.8906807,0.21494713,0.070141375,0.7383779,0.085992366,2.1192546,1.440403,2.0868611,0.4147109,0.06425128,0.81819004,1.0462445,1.109698,0.7836998,0.46166605,0.40782422,0.300712,2.1706874,0.052131653,0.23332457,0.9265591,0.43635863,0.69081205,0.23266356,0.8038663,0.13411242,0.1196854,1.2098566,0.15041354,2.0487165,4.1801186,1.3691707,1.1691678,1.7358125,1.1556913,1.0283097,0.730834,0.9991039,0.7500095,0.0,1.2522789,all_pothole_images\pothole_images_new_image_527.jpg
0.34338,0.5471166,0.083461024,2.5534046,1.0830011,0.3987088,0.098936915,0.0669975,0.3154433,0.20845957,0.3631689,0.48860112,0.5527399,1.6134771,0.112659596,0.14953874,0.22700584,0.6651991,1.1864234,0.019559378,0.76356256,1.8699642,0.17421407,0.9837626,1.0222096,0.6829245,0.39485314,1.9629252,0.0,0.12857705,0.7234408,0.4394716,0.9168433,0.9486534,0.7153209,2.3308659,0.6262144,0.58091056,0.8874484,0.24825911,0.049433995,0.0069011133,0.33010852,0.39354032,0.5442266,0.5506681,0.1822235,0.14962924,0.8370683,1.5485761,0.49690887,0.011049975,0.13003708,0.2201732,0.07195456,1.3815136,0.6996104,0.11401649,0.42231062,0.08701344,0.14308822,0.14313157,0.12487779,0.42214304,1.5662831,1.1100473,0.19796024,0.3630267,1.256439,0.31466556,0.085776515,0.5147802,0.5465025,0.012170251,0.00565056,0.1597854,0.041031003,0.63602203,0.28646678,0.46406597,0.008349753,0.7266086,0.17152217,0.89999676,0.12986906,0.27016032,0.29884648,0.0020728095,2.0447407,0.16170721,0.68642753,0.14255138,0.64949644,0.5088956,0.0023435985,0.029451204,1.1745785,0.23389651,0.6291288,0.62032175,1.0769631,2.4436677,0.75891393,0.049846064,0.85210705,0.19435824,0.07829728,0.8695763,0.22820936,0.34137553,0.0,1.1176443,1.1449357,0.2515588,0.22966431,0.26860395,2.7473156,0.90201163,3.8238456,1.7492267,1.8094708,0.0,0.2833835,0.18810949,0.26912323,0.8266337,0.20130017,1.0834461,0.823141,0.5817873,1.574482,0.0,0.34547487,0.0,0.04516852,0.7639308,0.97776437,0.98679227,0.5667015,0.106332466,0.41189077,0.88421553,0.0,0.6916273,0.009557171,1.1898941,0.95098174,0.0016026984,2.028833,0.199006,0.087645255,0.90601563,0.07593948,0.10724015,1.188839,0.9856954,0.6664928,0.091878995,0.9031143,0.02065244,2.2417226,1.6108255,0.1559526,2.5074546,0.06207594,0.98841995,1.0956767,0.07315293,1.0609924,1.6190019,0.47501558,0.46347988,0.01876972,1.2531667,0.69620144,0.0,0.029498635,0.0128618935,0.2569436,0.050540805,0.07862883,2.0591612,0.8162669,0.47372678,3.496912,0.72334516,0.7520033,1.5331374,0.5198639,0.4018996,0.2122707,2.6112137,0.13477607,2.172464,0.23502159,0.6153072,0.7905977,0.49832168,0.5752308,0.120880485,0.3330619,0.83330107,0.36860147,0.6377365,1.0127776,0.44863302,0.6982369,0.3776778,1.0223732,0.113861084,0.05511322,0.0,1.2738333,0.1690201,2.5127141,1.0383373,0.04586282,0.03588732,0.031721417,0.6629753,0.17244379,0.46058375,0.6022879,0.18759835,0.09907367,0.4278557,0.43714663,0.03359773,2.8169358,0.41001236,0.0,0.03485956,1.9258724,0.32774487,0.30970654,0.22165783,3.0998218,0.032825302,0.5068724,0.4038578,0.14151509,0.2897072,0.2730784,0.13569981,0.0575322,0.09763302,0.21142401,0.12497562,0.12263697,4.581778,0.4967296,0.27895153,0.60862577,0.85458106,0.25623718,0.19893113,0.5139608,1.7003438,0.010803037,0.8591103,0.24419333,0.0133627355,0.21886988,1.7357025,1.0708095,0.26936638,1.2803029,0.66419,0.5002184,0.042578347,0.052432153,0.043878242,0.0,0.559519,0.7255613,0.841889,1.290494,0.37262845,0.88272095,1.6285756,0.16894756,0.10372936,0.65752894,0.113600396,0.34257126,1.3904257,0.33057028,0.61516243,1.257328,1.2372702,0.06619792,0.0019778607,0.086772755,0.77080077,0.7333916,0.06461713,0.13151912,1.0767035,0.27720216,1.5153236,0.9214334,1.6084683,0.032542165,0.34381193,5.642446,1.0732733,0.035654154,0.24803114,0.32244444,0.077422254,0.20756881,1.0239723,2.761847,1.8083748,0.67104703,0.21281007,0.031987123,0.12462497,4.437048,0.046415113,0.3172925,0.0,0.2992579,0.2791527,0.56524533,0.61210585,0.29360855,0.6827559,0.026489206,0.049244206,4.2481685,0.09282749,0.5349941,0.116864175,0.041067377,0.08522187,0.36604646,0.84225494,0.44833508,1.0253736,0.49351808,0.07202889,1.6334798,0.6614881,0.60325503,0.88817704,0.10843777,0.6064477,1.2370465,0.6470179,0.07249155,0.31331536,0.0,0.23271365,0.21939805,0.15870951,0.0,1.8215973,0.7072811,1.0191331,0.057299677,0.6887719,0.7176082,0.5186985,0.14456007,0.0009890384,1.6260815,0.28357595,0.058628764,0.3940771,2.4476266,0.008061031,0.5915041,0.0,0.15011309,0.28981653,0.001012079,0.11590949,0.16022417,0.29265985,0.77446854,0.11613462,0.32959926,0.9723868,3.3207755,0.4981531,1.1312121,0.016102592,0.10881982,2.3867342,0.8640239,1.4283755,0.07601866,0.0,0.5029875,0.1856253,0.52009463,0.6458976,0.17548595,0.034613233,2.6116698,1.4244051,0.68411785,0.13569799,0.8102995,0.1486499,0.20943972,0.39055887,0.042231884,0.00025336735,0.45383888,0.107754976,0.12388664,0.8192029,0.019181756,0.3021617,0.42699125,0.8994615,0.37451681,0.03856831,2.3616488,0.3092749,0.9727003,1.8825064,1.479708,0.13999455,0.2790243,1.529787,0.5254616,2.0148888,0.18270692,0.5017996,0.71249884,0.98015076,0.72163725,2.8700998,0.67655134,0.86366457,0.2840621,1.7195127,0.31751,1.1628358,0.15779948,0.6432446,0.071350545,0.1617161,0.46143484,0.2504657,0.16658172,1.267112,1.8736572,0.3508971,0.5859162,0.99793833,0.51305264,0.5145777,0.6110729,0.5920385,0.5293245,1.3725234,2.1139774,0.92113554,1.19461,0.32644922,0.55411905,0.09623592,0.39145863,0.005831596,0.31120628,1.397228,0.38093215,1.9891927,0.09698551,0.4483195,0.93055224,0.039246216,2.4086814,2.0389593,0.6010454,0.19032964,0.0,4.429033,0.2915406,0.044203263,0.06128057,0.23124105,0.12079221,0.0,1.872457,0.1988116,0.25145933,0.61412156,0.6222283,0.35325065,0.14204064,0.3547291,0.0714391,0.16156831,0.0,0.475102,1.2373545,3.6500244,0.78674394,0.06375133,0.13277982,0.9044175,0.5746662,0.25033632,0.33437473,0.2718825,0.09785157,1.2160155,all_pothole_images\pothole_images_new_image_528.jpg
0.2773989,0.21502422,0.023629105,1.55203,0.08733037,0.8056326,0.44484192,1.1788526,0.1039653,0.024264714,0.83897257,1.3586283,0.32641637,0.3352492,0.9668026,0.12551264,0.6017302,0.5243754,0.16905504,0.12278655,0.8074178,3.050941,0.0019024697,0.22337648,1.2124104,0.65252495,0.88101023,2.7627003,0.45521,0.10495807,0.31364673,1.6447891,1.0632594,0.2402546,0.26160792,1.1287769,0.12899633,0.8699426,0.1272479,1.9889611,0.5232918,0.00014800268,0.05999964,0.0,0.2869089,0.30317065,0.2463583,0.6677445,0.3864303,0.28113556,1.0549245,0.6732243,0.37122348,0.3341604,0.083938934,0.72640914,0.8216289,0.5544165,0.22592796,0.013916848,0.08257405,0.05690849,1.1039888,0.26252925,0.010516624,3.9525762,0.063345045,1.3302144,0.9533478,0.0,0.82893884,0.7697569,0.49246055,0.8415881,0.6800792,0.49518028,0.029672856,0.6300825,0.11992766,0.17573352,0.35942715,0.081382826,0.5020618,1.7707407,0.33275858,0.05521938,0.3435672,0.03542123,1.3974575,0.6024437,0.0012989304,0.005892177,0.10368087,0.5690642,1.194555,0.15701371,0.9777555,0.2373598,0.35788363,0.01245113,0.0021637862,1.3050603,1.2781454,0.1223884,0.6894104,0.053922992,0.06849818,0.68813133,0.34527713,0.034922983,0.14971209,2.5388043,0.9697991,0.052505814,0.8798144,0.07210345,2.3105683,0.11190956,0.8936776,0.64560306,1.643576,0.32628155,0.08596802,0.56562394,0.52266395,0.25903606,0.25036335,0.72056526,1.2121412,0.46234176,0.27521566,0.096986495,0.5608374,0.09548046,0.5643351,0.5667121,0.26975244,0.804041,0.4861615,0.18698521,0.52720547,1.5720136,0.16133171,0.016793957,0.44151726,0.65204644,0.67253566,1.8390249,0.94802,0.031748835,0.4379045,0.44487095,0.16513178,0.22869487,0.97088253,0.22098973,0.061399285,0.08712494,0.63152564,0.678552,0.6716675,0.48424485,0.16431376,0.21291694,0.0029709567,0.0007868942,0.418386,0.6318585,0.38496086,0.6140112,0.0,0.54446924,0.030580059,0.2586494,0.018952666,0.1568474,0.72733337,0.0,0.17864195,0.27972934,0.019503824,2.4980416,2.5172007,0.5423747,1.9216387,0.8347008,0.6886775,0.48176974,0.97450864,0.016096985,0.25120202,0.6664919,0.004784238,2.4043996,0.34258667,0.13328156,0.21528286,0.2931338,0.79022425,0.4191077,0.36734647,0.99043965,1.6822909,1.8828284,0.9147212,0.42911255,0.024071395,0.597778,0.43460622,0.08365232,0.07021297,0.07880538,0.47270536,0.9857512,1.1688416,1.1832913,0.051411916,0.23047876,0.6807232,0.8862997,0.24828821,0.6237919,0.9107169,0.3880505,0.22457564,0.39079106,2.8000543,0.15358378,0.2276254,0.7341605,0.08966021,0.4787632,0.022524202,0.014708761,0.1867247,0.38963246,0.60459644,0.0031693915,0.18838577,0.29905662,0.62487173,0.34461555,0.074668996,1.1222559,0.030195557,0.07329549,0.34677318,0.13021745,0.4232069,2.2739215,8.4413185,0.13742842,1.5588013,0.032055084,0.47092924,0.6144298,0.756631,0.23696443,1.1380872,2.1140687,0.17831562,0.27656165,0.33865705,0.76798683,0.853858,0.9759594,0.5678449,1.0426441,1.4780749,0.69958025,0.27678546,0.020177033,0.0985085,2.099841,1.0757642,0.23177497,1.0641971,0.8195387,0.21611337,0.39180169,1.3725103,0.8389325,0.049462035,1.5215719,0.61720866,0.32860085,1.4752711,0.116023935,0.828572,0.48411584,0.0067249862,0.9098727,0.0447348,0.8775229,0.068384536,1.0412327,0.09377942,0.43979645,0.9623418,1.1950012,0.008531827,0.74263996,0.875023,0.36039,1.1728278,0.7648991,0.027117604,0.7251555,0.21649945,0.0908014,2.182859,0.09243613,0.8302486,1.3161489,0.12773353,1.4088607,0.31566277,0.71912056,0.99971926,0.44708958,0.034093525,0.058495227,0.4386405,0.024987478,0.808678,0.14943875,0.32629603,0.0032759388,1.072229,0.046645474,2.8511581,0.71522737,0.36697924,0.07350016,0.41682187,0.2896055,2.0588708,0.5791743,0.23700099,0.08453501,0.7735596,0.14391626,1.8359339,0.46133372,1.040071,1.2275834,0.60603774,0.18970893,2.2445505,0.41781756,1.005694,0.9693074,0.5926679,1.0544133,0.39790902,1.2649578,0.20846853,0.034509283,1.2735246,0.9674923,0.3751431,0.0,1.6730573,0.27246913,0.2102774,0.2067541,2.5979333,0.8320094,0.29881063,0.010861037,2.6507394,0.035422474,1.0017847,0.45157933,0.8959574,0.00224212,0.008312907,0.16781005,0.3664046,0.45508537,0.32239527,0.076555565,1.5076275,1.0374084,4.683325,0.49479166,0.03195733,0.0015156217,0.3418333,2.8370075,1.1545424,0.44808102,0.11251837,2.3259635,0.0,0.051556945,0.5762587,0.18504626,0.038277395,0.0,2.821624,1.5546235,0.075983174,0.30537286,0.13683382,0.22997421,0.46091196,0.66447425,0.0925038,0.009676042,0.046983752,0.18324861,0.31013975,0.5010581,0.52964246,0.78463495,0.12967499,0.4691234,1.0167551,0.0,1.6506288,1.2635107,0.14465867,1.1761222,1.5158616,0.29104933,0.42869332,0.69623315,0.316939,0.54937494,0.09766707,0.3870631,0.6403596,0.24891105,0.6560206,3.5229604,0.74777627,0.96570194,0.5368869,0.44346535,0.26361147,0.9245626,0.05867336,0.026026577,0.7536304,0.08074029,1.4309654,0.21673477,0.1425367,0.55134046,0.8229038,0.04109798,1.313971,0.28005102,1.6319891,0.88029027,0.66026443,0.79287404,1.165996,1.795371,1.2479262,1.4511964,0.51711845,0.032067172,0.3886036,1.0944433,0.7253653,0.1814022,0.85070854,0.11683043,0.49182415,0.37629744,0.68938816,0.23140833,0.48932445,0.11077412,0.7175504,0.72112536,0.6705073,0.0007917383,0.75464433,2.035734,0.22665711,0.17386468,0.03839445,0.31772277,1.1163131,0.028477896,1.1713641,0.009799562,0.25548697,1.8065137,0.40790877,0.060260713,0.16860175,1.3654354,0.09505725,0.20925605,0.17809203,0.48456845,0.95738024,3.673569,1.9060029,0.05686546,0.01457488,0.2973934,0.028129442,0.04309624,0.18311146,1.5412903,0.6273867,0.33800632,all_pothole_images\pothole_images_new_image_529.jpg
0.0,2.4733784,0.7814575,0.7782437,0.005596256,0.46965706,0.11022568,0.0,0.52258694,0.11139167,0.0114212865,0.02560397,0.2229524,0.049426347,0.035776347,0.08277958,0.12280018,0.028773595,0.04694382,0.5543739,0.0061487844,0.78718936,0.6635371,1.3503637,0.0,0.57769483,0.31662902,0.41855484,0.0,0.72138494,1.6867708,0.2702023,0.19329013,0.098031595,0.2903945,0.0,0.7165436,0.061518326,0.30332682,0.0895484,0.0040506693,0.7881829,0.028597426,0.62808144,0.3440663,0.0,0.036257178,0.275078,0.016101941,0.078321695,0.596067,0.1693821,0.48688525,0.034941148,0.006328681,0.415105,0.17802225,0.045339514,0.28028095,0.30338737,0.3750115,0.85829294,1.1564145,0.21300666,0.7906184,0.27199027,1.1498572,0.57094294,0.90826935,0.20721819,0.16280264,0.41196963,0.8344061,0.17491233,0.0,0.760901,0.024541318,0.018607616,0.067217976,0.24599802,0.0,0.18235463,0.35285833,1.9002742,0.9080032,1.2118489,0.10031781,0.2190317,2.2093809,0.1122324,0.533568,0.15877545,0.5193925,1.0588121,0.059637513,0.0,0.36280116,0.6240419,0.02540742,0.034869846,0.65828425,0.0,0.45632696,0.15059027,0.40758532,0.05621723,0.17876036,0.21495043,0.046649296,2.2151291,0.35321653,0.878062,0.74003255,0.6801103,0.026222369,1.0563754,3.0623922,0.1844246,0.6419257,0.08454529,0.22901614,0.5747856,0.679622,0.40436506,0.8259763,1.3009399,0.12241254,0.0071795764,0.77192533,0.2504977,1.1001323,0.4961008,0.5819801,0.011467273,0.15698358,0.17347619,0.017336663,0.0069414475,0.038265493,0.074015245,0.21700309,1.5493388,0.9139812,0.9198709,0.00031012273,0.14288165,0.004510688,1.025592,0.054827284,0.54556835,0.17047788,0.46535683,0.4165858,0.0038347892,0.3588405,0.009011618,0.6514648,0.13564147,0.042632822,0.5701932,1.467896,1.1270127,0.07545026,1.2896094,0.4561634,0.115794465,2.5445468,0.15206486,0.3489572,0.59595704,0.4004938,0.14454137,0.64265585,0.0252803,0.8671764,0.7086046,0.87530625,0.029184356,0.20486386,0.09140279,0.12035786,0.53382605,1.0920875,0.117171675,1.9719559,0.053411156,0.07596322,0.13399787,0.39604086,0.2109023,0.10159341,2.4749177,0.9790666,1.4533693,0.23884936,0.10634856,0.39525157,1.2469629,0.014130991,0.005702407,0.24366792,0.34091505,0.34118748,0.011847992,0.8660753,1.0079862,0.14505047,0.1861145,1.8006049,0.29590058,0.4010634,0.11495189,0.024451911,0.04375392,0.05550382,0.1294451,0.41384327,0.34440997,0.7800973,0.29523543,0.50736046,0.5218856,0.572495,1.2488123,0.90215945,0.19109118,0.9155401,0.17089738,2.8304224,0.0,0.050281864,0.10601423,0.30546525,0.0053642713,0.13541968,0.38658908,0.81819993,0.74777,0.0050578318,0.18608068,0.36637262,1.0776148,0.5122606,0.7150643,0.067793734,0.48256755,1.4132919,0.64574623,0.124737546,2.1445422,0.22883806,0.24850217,0.1385916,0.00082842034,0.592485,0.007157753,0.5152487,0.07895558,0.79907686,0.0063808267,0.42638528,0.013194077,0.020573732,0.1067536,0.14831926,0.69595474,0.010419525,0.40911865,0.9840224,0.4607449,0.056433003,0.0,0.41967475,0.042061366,0.14833252,1.2562141,0.32809815,1.0587797,0.51777476,0.20237392,0.76870257,0.8077451,0.4947898,0.013976199,0.60670316,0.07684146,0.0416054,0.8205015,0.0959048,0.6492523,0.05325737,0.86182284,0.04126026,0.3431751,0.22090927,0.088168785,1.9293789,1.6567817,0.020011075,0.1408044,0.06480532,0.036537528,0.0,0.9423279,4.2024055,0.19728956,0.0,0.3622027,0.963984,0.24422373,0.008023697,0.27225047,5.3791256,0.5608746,0.09007197,1.6923617,0.05618797,0.19973673,1.1784703,0.14683188,0.3066242,0.5685148,0.05727921,0.29570115,0.4201313,0.16761068,1.827789,0.3546176,0.7772621,0.3611705,5.154186,0.0029608568,0.21878955,0.54545516,0.7557204,0.13687837,0.32459784,0.0,0.63752675,0.0,0.43345878,0.5442971,0.35464516,0.07638135,0.50573015,0.27860913,0.7861873,0.09036786,1.1355193,0.63774705,0.04119776,0.79660416,0.02687855,0.16496794,0.40013224,0.022689871,0.12192566,0.34223875,0.106057614,0.5367595,0.14143208,2.6857188,0.6217272,0.1287776,0.044788767,0.5233314,1.0308181,0.6809095,0.3316212,1.0278625,0.17982365,0.20727651,0.818852,0.3474768,0.97267133,0.4554781,0.68681777,0.5376643,0.22835788,0.6630489,0.11920536,0.19741848,0.1775547,1.3734217,1.7171448,0.10088307,0.4346586,0.4059089,0.07899142,0.17898673,0.007555974,1.7177913,0.56306255,0.028268794,0.014747403,0.91481227,0.09219497,0.3845359,0.19379507,0.1851343,1.7026292,0.23957098,0.17459927,1.3172674,0.8994449,0.15647456,0.018527318,1.179705,0.27179128,1.3772172,0.13986365,0.37368268,1.8730146,0.23119655,0.3118317,0.30473652,0.09671073,0.49688193,0.092756726,0.15471649,0.09976432,0.0,0.015436725,0.62081355,0.00028765108,0.30171162,0.81984276,0.5070063,0.38621843,0.55920964,1.5093986,0.6178349,0.040607024,0.14356622,0.3091922,1.8496115,0.20982133,0.029514633,0.0098464135,0.022554047,0.07656464,0.12737718,0.062763,0.2323226,0.14672998,0.020367019,1.947579,0.9081678,0.7356039,0.4760844,1.2719092,0.5043477,0.79794997,0.4415554,0.025025751,0.9566649,0.83490217,0.45873806,0.20523939,0.003456618,0.37613723,0.039050885,0.381906,0.0,0.85168517,0.0,1.107952,0.19769599,0.11449094,0.8109248,2.4055052,0.40314865,0.42525497,0.6609719,0.22071971,0.53008896,0.008870663,0.22204496,0.2992248,1.4339356,0.5375807,0.5022065,0.63128865,0.22690138,0.2379815,0.43823427,1.0193915,0.57232493,0.7374019,0.5741057,0.6902387,1.6295264,0.02535104,0.05907445,0.0,0.0607619,0.30204237,0.069939815,0.029697722,0.055993333,0.0033468793,1.8890676,0.22546025,1.0386776,0.16904952,2.0758219,0.16845742,1.2043083,1.2041885,0.0,0.55931634,0.09535188,all_pothole_images\pothole_images_new_image_53.jpg
0.83076054,0.28373712,0.10455094,2.950884,1.541329,0.2322689,0.6160944,0.8241777,0.12736012,1.0800815,0.61591554,1.7365003,1.280886,0.4904933,0.055181794,1.1823379,0.33946157,0.74427956,0.70310396,0.36896685,0.4582751,2.5391757,0.47344035,0.69936043,1.149396,0.92672414,0.72300774,2.355838,0.096389264,0.06503293,0.17676583,0.004118774,2.5746877,0.37581077,0.54825646,1.2719976,1.4057405,1.3174883,1.214436,2.2027073,0.13418168,0.79256266,0.12746951,1.2154483,0.3535218,0.37893695,1.5275142,0.028164264,1.3634449,0.62220883,1.3357815,0.685524,0.39145434,0.16535942,0.022292528,1.4820008,0.9873358,0.56992173,0.51546526,0.87860376,2.3331206,1.0857255,1.0478176,0.13882622,1.4234217,1.847273,1.03358,1.7501196,0.012286556,1.7017056,0.14349993,0.3097185,0.60693485,0.33116823,0.08505815,0.6726593,0.5126897,1.2740008,0.0,0.35793024,0.67094165,0.35833383,0.08962674,1.35318,0.13108237,0.552737,0.041985214,0.030643508,2.286389,0.91121876,0.67983013,2.240548,0.45760894,0.106295794,0.037336044,0.4132885,0.27250272,0.46474892,0.90943193,0.5862387,1.5730014,1.2168714,0.8608378,2.7830877,1.5303723,0.48887476,0.6605041,0.7438015,0.18686517,0.9432597,1.5762417,1.1746576,0.8073438,0.008591783,0.7930581,0.743523,2.4247847,0.23650417,1.2453294,2.8536687,2.1273208,0.08652087,0.10256864,2.5026138,1.2448913,1.0725133,0.45545712,0.13532224,0.30227438,0.12651591,2.2252674,0.2626374,0.029921638,1.2166258,0.07865243,0.7947694,0.13387515,0.9027349,0.48233408,0.095060796,0.6203186,1.5770955,0.13335446,0.7153353,1.5813128,1.848775,3.003778,0.0,1.861965,0.9025793,0.34715456,0.13733119,1.9926486,0.58125687,1.1448923,0.23919445,0.79541934,0.6637098,0.46079597,0.4038774,0.40290293,0.15124603,0.36941743,1.6573777,2.0179772,0.594775,1.32372,1.5993004,1.3150513,0.78831303,0.2457955,0.09840374,1.3872306,4.3278375,0.21589091,0.035227664,0.9984727,0.0,0.1517193,0.11537166,3.1684296,2.7194808,1.7384702,0.21348706,1.1615834,0.13786913,2.0935946,0.75230664,0.534181,0.19379444,0.44726968,0.4066338,0.3451287,1.9608094,0.20267391,0.0,0.5862127,1.1724677,0.88194084,0.040870797,0.04250771,2.7180662,0.8631168,0.8034336,0.8182579,0.14069022,0.7536767,0.0039731753,0.63828504,0.5987922,0.0520281,0.15950906,1.7893448,1.1818346,1.3448125,0.79502004,0.32810986,0.03664642,0.71576804,0.16833213,0.96495795,1.0470581,0.8291029,0.89337206,0.40808475,1.7366928,0.08994927,0.18265413,1.1714275,0.4536393,0.9477353,2.985207,0.7186033,0.56588554,0.34062886,0.59851354,1.0646957,0.7962599,0.65945846,0.16029637,0.18211117,0.03419541,0.11072787,0.13392724,0.054434806,0.009196172,0.78005654,0.35545668,0.42382634,2.1480505,1.2252975,0.3073987,1.8442298,0.064170435,0.4898612,0.11747574,2.27232,0.96213436,1.2044436,2.1258905,0.89270705,0.13848688,0.33832973,1.201892,1.3850038,1.4680898,3.1055226,0.11160445,0.7991262,0.61176944,1.6729091,0.835712,0.2238172,0.39757422,0.087079555,0.2573222,0.8983048,0.42376468,0.23536241,0.45311254,1.4584155,0.19498898,0.044070903,0.036784474,0.26367974,0.8404186,0.7171413,0.5010425,3.079983,2.3741746,0.28673428,0.32812443,2.342047,0.101607926,0.41320804,0.24250968,1.6923348,1.8409594,0.16291106,0.30934566,0.5448522,0.7947289,0.19847916,1.4060483,1.7485266,0.13088697,0.10055566,0.54473186,0.24643548,0.2747955,1.1926401,1.6171896,3.1713006,2.0448184,0.2900918,0.11099242,0.091553815,0.09846281,2.0116355,0.70232576,1.1274993,1.6756806,0.18525597,1.2691474,2.756776,0.92037225,0.17593206,0.5304996,0.5329339,0.99745536,3.1034636,0.50747675,0.66537523,1.2696586,0.10638317,0.03516944,1.1221989,0.80677694,0.1856643,0.56972015,0.528781,0.60018384,1.9694911,0.1755811,0.33649242,0.014897774,0.7227137,0.32745785,0.18103836,1.0063959,1.6294456,0.93243945,0.82104397,0.16144773,1.1399444,0.14955555,1.3562089,1.6307557,1.9289856,0.6863087,0.73686045,0.04079978,0.056054328,0.3509569,0.19869113,0.2933849,2.8484807,0.18493667,0.9597334,0.16858396,1.8558371,0.25725505,1.6672049,0.5244686,1.7203501,0.33615115,0.30767626,2.6546783,0.5076457,1.1420985,1.5837227,0.34930867,1.9293029,1.6241878,2.1511114,1.2366159,1.8189392,0.3347316,0.7811979,1.4417655,2.4359035,0.7359396,0.015752412,0.32569948,0.6227299,0.05652009,1.0749633,0.31439266,1.3553855,0.28248882,3.9012656,0.18600324,1.9650127,0.4723757,0.86294824,0.13668743,0.2889433,0.20179956,0.0,1.6294373,1.1676012,0.9054971,0.95037717,0.33937874,0.5195089,2.2613845,0.8236079,1.0013291,0.5040147,1.6924093,2.4993129,1.9950424,1.3351895,2.236408,1.6129686,0.41179383,1.1156859,1.1701285,1.664623,0.5329139,0.2373005,2.5195124,1.8381035,0.8151197,1.4603776,2.0876663,2.5548687,1.3103955,1.21678,0.04719902,0.3890138,2.8098655,0.8369688,1.3724561,0.91903895,1.3522791,1.1174325,0.07956406,0.33364397,0.38373622,0.67836136,0.18842405,0.489346,1.1808981,0.22950041,0.37303013,0.99306643,1.5144007,0.62180775,0.47365212,1.4077816,1.1295813,0.58421946,0.025380475,0.17909715,1.2914622,0.05164697,0.041494112,1.1511042,1.7650982,0.82432073,1.3095937,0.048017792,0.22654904,0.37022454,0.3090706,1.254498,0.3014163,0.22343938,0.096888736,0.10361045,2.563159,1.1248317,0.41827968,0.10659016,0.6854416,1.762711,0.09160008,0.4369197,0.7766602,1.6146575,0.47395337,0.1259137,0.17753488,0.5129572,0.14347498,0.16026038,0.18460861,0.093285985,0.69927275,0.07905696,2.1938162,0.6040362,1.3084906,1.6779343,0.6823531,0.47085014,1.3921775,0.556264,2.0398097,1.5275607,0.54306257,all_pothole_images\pothole_images_new_image_530.jpg
1.443802,1.5717742,0.70692116,2.1450424,0.18941575,0.009799165,0.18963054,1.0210044,0.15061724,1.8273206,1.1109086,1.5737787,1.1380687,2.3438892,0.6552851,0.10509432,0.404788,0.31377453,0.63457626,0.36933747,1.1842587,1.3244853,0.7228831,2.943926,1.1871363,0.17742534,0.41917995,0.17481464,0.5940803,2.272673,1.347923,0.5957385,0.9011381,1.8661062,0.5279513,0.61445624,0.6058428,2.010449,1.4633799,0.49897602,1.9551839,0.09882606,1.0314987,1.2684606,0.28970152,0.80558884,2.4396932,0.37959087,0.74706405,1.6281947,1.2886019,1.3451244,0.5543524,0.0,0.0,0.7457813,1.1346388,1.5089229,0.29293856,0.4284606,0.7358717,0.18334751,0.3919105,0.15572599,0.189793,0.59988797,0.56650335,1.3328481,1.5172371,0.048597462,1.0633229,0.8630741,0.11623523,0.3109717,1.4010093,0.31156158,0.608751,1.0559138,1.4748089,2.3173718,2.1449163,0.65065414,0.39141414,2.274793,0.37494472,2.0326505,0.63012123,1.3282282,1.5777665,1.3241832,0.33662936,0.5169292,0.3384288,0.30152473,1.0569113,2.7962089,0.3646111,0.71955955,1.9342813,0.8883363,1.1604153,0.26472896,0.10005873,3.3567271,0.5069697,1.8364283,0.29715326,1.1178622,0.06314343,1.3094164,0.45588675,1.2474312,0.13347694,1.5644107,0.3174041,0.26055932,1.442534,0.042946823,1.05694,2.830529,1.5001252,0.7363455,0.38945603,2.3936665,1.443512,0.4614453,1.7703985,0.1371369,1.0468993,2.176716,2.5166123,0.92677975,0.13237692,0.5741629,0.91231287,1.0037825,0.8294297,0.16876535,0.84476495,1.9086173,0.96455574,1.195033,0.7575017,1.6333715,0.20319474,0.05147596,2.559794,0.83019143,0.81853855,0.07831689,1.0029339,1.5251116,1.0151922,1.4443221,1.1427894,1.2450866,1.3293787,1.7367209,0.96745783,1.0583441,1.2434843,0.005877599,0.3732186,3.3899438,3.1950195,0.75723267,0.1609653,0.37720877,1.1098808,1.1672308,0.47891125,0.018446295,0.8734305,0.020800529,1.4377843,0.987687,0.68041694,0.0032333299,0.22856599,1.3092719,1.2584969,2.4877543,1.9003807,2.5528946,3.9999628,0.45303187,0.62808114,0.9669726,0.38118914,0.83384603,0.58096516,0.06762311,1.3908703,1.4496685,0.5168242,0.060282737,1.2065265,2.1956291,1.8828136,0.18596672,1.7776635,1.3840669,1.356266,0.64261353,1.0367738,1.6913154,2.2998693,0.38226113,0.42546666,2.924736,0.027372433,0.6842511,0.40306726,1.2706317,1.263518,0.2575847,0.40173548,0.11041883,1.6659081,0.47814044,0.8712468,1.6251246,0.10679261,2.6265295,0.6862746,0.08138743,1.2322245,0.10242631,1.508572,0.06449028,0.39797243,2.0746937,0.11382122,0.8695948,0.42214724,0.5233836,0.58949643,0.30019987,1.0123343,1.7833071,0.6107021,1.1259019,0.40476635,0.09006802,0.31887016,0.7835305,0.5983134,0.30253407,3.449301,0.772392,1.0593046,1.2058036,0.92382747,0.1310523,1.8732611,0.18451281,2.2407734,0.4546002,0.40287423,1.1576127,0.98762083,1.376902,1.703919,0.54437894,2.093105,2.0749485,0.3975575,0.3163487,2.081871,0.84046453,0.4435156,0.5944027,1.4983839,1.1489884,0.16945422,0.62658334,1.0909526,0.28523615,0.2956224,1.0444098,0.95601654,0.2373733,0.81815404,1.0834897,1.6002167,0.022662673,0.47424904,0.73147994,0.7336815,0.2381075,0.41044763,0.18257576,0.5762453,0.76801276,0.50482947,0.34382966,1.1916181,1.2222744,0.29151148,0.1396352,1.2093505,0.6322294,1.2232485,1.7949606,1.3343852,0.18486789,0.48034695,0.41147438,0.3134843,0.28431603,1.4617604,0.74619883,3.6741998,0.30458003,0.046980135,0.48326078,0.9546718,0.0037695148,1.8135237,0.6766653,1.3280166,0.664276,0.24841993,1.1464187,0.2975718,0.36242038,0.9762629,0.22446094,0.42239928,1.4206148,1.9543735,2.8631291,1.0206788,1.6761543,0.38133076,0.29324055,0.25890812,1.3477032,0.29984003,0.80367637,1.2625811,1.1360061,1.0317852,0.71835494,0.014885441,0.69902736,0.52531487,0.57094723,0.029118128,0.6611859,0.7829545,0.5761469,1.6187843,0.6477814,0.3274572,1.6431831,0.55087876,1.554055,0.20944834,1.5099077,0.7269565,0.62743574,1.251859,1.5446469,0.0092583755,0.8935761,0.9740472,0.580279,0.9915365,0.99814963,1.1775838,0.96909314,0.13331841,0.6377378,2.7542195,0.4722768,0.53813124,1.9192958,1.4970169,1.1610727,1.249176,1.3222264,0.73690796,1.719328,1.8160036,0.5072868,1.0052272,2.6817734,0.44848165,1.7028846,0.5764791,1.5632759,1.0236363,0.36347243,0.9799966,1.7006944,1.0975183,1.8752266,3.9436436,0.19746794,2.5354767,1.1008295,0.95846313,1.3450043,0.9501959,0.0164714,1.7192811,1.0106114,0.17339924,0.21116583,1.8453624,0.8069985,2.5463135,1.95004,0.9786835,0.32565457,0.96514624,0.51038015,0.6661217,1.1446179,1.2579747,1.4930719,1.9180416,1.502548,1.4462305,0.10544262,0.53909385,0.95322824,0.74428535,1.7117994,0.9606089,1.533365,2.6476436,0.59304327,0.7295831,1.571226,1.1034269,2.063796,1.0821687,0.33635476,0.99621916,0.5297783,0.33454555,1.7140154,0.1421126,0.23328626,0.39451784,0.11541699,0.07651386,1.6280183,0.38756016,0.37331796,1.3175173,0.49807715,0.7293961,1.6146277,1.6532689,0.98300415,1.344891,1.1980629,0.21474072,1.5793682,0.9585079,0.8283657,0.6097592,0.6609864,0.01562136,0.3642318,0.60136575,2.6792464,0.62248075,0.12959553,0.17933248,0.18262939,0.36569276,1.3714726,0.6050323,1.3582317,1.3353944,0.3910556,1.9961894,0.9711774,2.0035765,0.7633888,0.18474987,0.77564085,1.1705911,0.18730211,1.282956,0.49849325,0.24942948,0.014578694,0.92840856,0.5908941,0.27995515,0.84959364,0.057147887,0.8250194,1.0258325,1.8128507,0.46345767,3.7961693,0.7456516,1.9387082,0.8246043,1.484777,0.39526632,5.917169,0.7381629,2.363924,0.65202785,0.064973176,all_pothole_images\pothole_images_new_image_531.jpg
1.9847634,0.092971265,1.5035042,2.134552,0.5584435,1.9938881,0.2885613,0.1326236,0.41566905,0.8041209,0.10906992,1.1100138,0.0935202,0.7653545,1.5349259,0.26496336,0.1549186,0.46612898,0.16145216,1.7662039,1.2086351,2.362543,0.019874118,0.78908944,2.6895533,0.5305714,1.2696502,1.8584956,0.36091083,0.7016723,0.14633872,0.15609194,3.5509787,2.7243888,0.51414245,1.144969,0.71830904,3.592078,0.09572005,1.487613,0.10282046,1.3605658,0.4738308,2.3408823,0.021224355,2.0691528,0.5884873,0.53187704,0.788046,1.615665,0.7556764,1.643242,1.7033404,1.9372439,0.17536093,1.139118,2.2732313,0.24886468,0.0046782847,0.13837473,0.83536685,3.221441,0.4699199,0.72091115,0.7116494,3.741148,0.165496,1.448453,0.7596681,1.9331973,1.3017744,0.3169492,1.6972531,3.2321322,1.0208396,1.6676669,0.12443829,0.48667592,0.022015568,0.24354872,0.17402318,0.098271504,0.72747886,1.012189,0.9235037,0.16280183,0.9842647,1.4702802,1.2942617,1.9413874,0.7272138,0.060698908,0.096583314,0.10591618,0.48208633,1.1673306,0.16092287,1.1754822,2.1906137,0.16924784,0.102106795,2.101887,1.6817292,0.08533938,0.28994122,0.3983018,1.1712537,2.4632983,0.0035785418,0.6945598,0.99337655,3.768204,2.1896071,0.1807531,1.1943072,0.47930932,2.3575397,0.47818467,2.9025068,1.5563915,4.7401633,0.03722404,0.27437457,2.1363077,0.5752547,0.5517997,2.7257113,1.5261145,0.39914897,0.19716634,0.8933533,0.0,0.77311283,0.114190586,0.036471494,0.7806672,0.21641703,2.6887279,0.84803975,0.33004016,0.6927776,0.43041846,0.17948928,0.07907367,1.7879909,2.2345257,0.09206675,0.007076149,0.2484828,0.3394827,1.9432518,1.5908564,0.7564176,0.1502632,1.008352,0.9958496,1.506774,0.016734399,2.5045283,0.002560241,0.27201498,0.0057432232,0.014858008,4.096353,0.015368367,0.8999654,0.3739126,0.44541678,0.6344711,0.6196949,0.40361246,0.4813593,0.28425223,1.5109785,0.70030844,0.6422349,0.5554128,0.15808389,0.89581144,0.47683683,0.19559494,1.7270027,1.8498942,1.7804139,1.40494,0.5361385,0.5167531,0.5257216,1.3753897,0.1397626,0.63903564,0.20838934,0.048570212,2.9124823,0.12646474,0.6928533,0.6737875,0.1091974,0.92128426,1.0167912,2.070229,0.39884594,0.80269533,1.674379,1.7416908,0.6206454,1.4997854,0.66233903,0.87595636,0.47382143,0.4290224,0.5915348,0.37191296,1.6124344,1.7632141,1.6251655,1.116762,0.15943624,2.2636285,0.032147575,0.89316887,1.2655067,0.4435556,0.0996421,0.39222044,1.2041869,2.1047225,2.477282,1.5907387,1.2591771,0.6468274,0.27838352,1.6129417,0.72509396,0.69489557,0.07658739,0.91293675,0.0,0.31960493,0.45170385,1.0277176,0.13176064,0.34709334,0.6771265,0.33644855,0.73669493,0.40953383,0.6704509,0.9347581,1.5856847,2.5267632,0.3567884,0.6912032,1.3421215,1.0775802,0.5576649,1.2394954,0.020373762,0.6947205,1.8705435,0.0730374,1.9696428,0.80974007,0.54257774,0.75095296,1.0432107,0.034258097,1.6997905,0.03625036,1.501124,0.78274333,0.8768288,0.10820295,1.0402224,0.13225663,0.5393201,1.6798474,0.9090188,0.09419753,0.2902674,0.47471237,0.042041495,0.6471472,0.6897921,2.178584,0.080956206,1.872785,1.2985573,0.0543352,0.2647744,0.7093848,0.5890646,3.85523,0.038431857,0.017321037,1.0333834,1.0735556,1.7527945,0.17306851,0.61009055,1.3386256,0.97068304,1.4451942,0.8828198,1.8959867,1.4341595,0.5843243,0.3614548,1.3094025,0.5907023,0.7230998,0.9923588,0.56184536,1.9900972,0.12817112,0.9514398,0.20069304,1.6948862,1.9868281,0.4550385,0.62901515,0.35117126,0.13821623,1.3283335,2.0758603,1.3917155,1.6809642,0.0,2.4105911,0.41655827,0.027576376,0.35075623,0.69403845,1.4007757,0.07037452,1.4373926,1.5361096,1.0575287,0.4996049,0.44619694,0.7299803,0.2840645,1.5901068,0.16821048,1.5718533,0.41125795,1.3518667,0.15832835,1.2433912,1.0932866,1.0988481,0.82234347,1.8576263,0.3793174,0.33606222,1.0882515,0.18185686,0.52978146,0.9437104,1.1116476,0.29953694,0.8679199,0.37432244,0.77995247,0.5325172,1.3398422,1.1504394,0.008507632,0.11159712,0.28566962,2.064426,0.13302357,1.3083214,0.35022548,0.35380086,0.16051285,1.7269981,0.577125,0.5395782,1.196576,1.2611643,0.16761713,1.2853447,0.49213392,2.3341212,2.8852937,1.2118611,0.17108437,1.0223956,0.37098724,0.56216156,2.388542,0.031122586,0.41024426,0.118186824,0.949646,2.5192966,0.22985576,0.69309473,0.37897888,3.6471694,1.4791718,0.8320138,0.3359728,0.108415134,0.9395104,0.056859046,0.26408926,0.07289174,0.76544017,4.1475616,1.4036403,0.5335573,3.4929903,0.071033105,0.3111784,1.7205054,0.4883437,1.575297,1.4367956,5.9777427,0.37314618,1.0251683,1.248532,2.6413312,0.19808306,0.5383849,0.8651508,0.44584632,1.8710787,0.062042024,1.6420416,2.5927312,0.77405673,0.32622135,2.191817,1.3126248,0.52471226,0.31908843,0.8153359,0.4952781,0.75493884,0.19506963,2.7036731,1.3545755,0.067034036,1.5102271,0.6859869,0.16226278,0.7381157,1.3017783,0.26254076,0.046550542,0.16562255,1.1871121,1.2216052,1.2332737,0.42607808,0.35288,1.1040189,2.7611842,0.4541686,2.122468,2.9683309,1.1370513,0.14166047,1.0225972,0.19359896,1.9140942,2.064717,0.93432754,0.25152925,0.06045792,0.34681156,1.1088076,0.17350128,0.42548275,3.5994635,0.36531982,0.32188612,1.1715053,2.973631,1.2173007,1.0537366,0.003741554,0.37220362,0.36119273,0.5355439,1.2842351,0.08029256,0.3790848,0.016912669,0.0550914,0.77876204,1.7360215,0.1591698,0.30193993,0.36366075,0.719105,0.6383085,0.42989823,5.013359,0.5496097,0.5420883,3.8050742,1.0987813,0.0,0.38411173,0.54715586,0.15090936,1.0385301,0.48035473,all_pothole_images\pothole_images_new_image_532.jpg
1.0724449,1.1673492,0.18297477,3.5070415,0.07587955,0.62536156,0.38067263,1.2125491,0.17563675,1.3147547,0.9315816,1.4552475,0.016663983,0.5188929,1.7396649,0.19347584,0.9590963,0.49678704,1.2055855,0.277345,0.60921234,0.41652966,0.7279445,1.9152203,0.8508866,0.059500273,0.4752115,1.3082907,0.3612259,0.76037204,0.32101506,0.046329785,1.6570314,2.0909264,0.15356846,0.9306516,0.04283413,1.1872346,1.0214785,2.4053614,0.49949217,0.097510725,0.63797206,0.0056255907,0.69345427,0.7477352,1.4009162,0.24875216,0.59528875,0.10861241,1.7328827,0.9326083,2.592868,0.12742144,0.053043813,1.427503,1.7179201,0.52494514,2.4220839,0.18384379,0.020782748,1.0669343,0.23240319,0.17153998,0.39779133,1.609132,0.5421399,0.08972767,0.8071678,0.14955318,0.53940505,0.1739426,1.115078,0.46275756,0.77675766,0.36497918,0.2146795,1.7566316,0.2051796,0.04904742,0.406113,0.7786192,0.117420554,0.7620237,1.077833,0.32349578,0.15632053,0.12733836,2.474516,0.9731458,0.00818633,0.095270485,0.42025632,0.28766444,1.2825044,0.8637968,2.6452436,1.7712281,0.88941854,2.7792656,0.0034448297,5.013603,1.157932,1.5365901,2.095844,0.012582935,0.76504874,0.443838,0.53579164,0.18419942,1.7038478,2.5230553,0.78186035,0.57888013,0.29213828,0.14582814,0.39203686,0.24787271,0.6529504,0.4991964,0.9637686,0.8465104,0.059510425,3.047386,1.4789698,0.43905845,1.2335818,0.72353923,0.91174984,0.09163663,0.57519275,0.0,0.31660333,0.4922144,0.15189314,0.39880434,0.1955719,4.049372,0.32554772,1.2038764,0.00020869325,2.042208,0.09162593,1.9970756,0.35434037,1.5484921,0.5368417,1.9397049,0.93605,0.58350384,1.7669302,0.06908945,0.02384142,1.1864315,0.7470966,0.78577346,1.0896739,0.3107807,0.9306458,1.621345,3.2319503,6.074428,0.06613058,1.0022912,0.903552,0.22035293,1.7662803,0.029428788,3.7944932,1.5266892,0.09573069,0.07204224,0.102003634,0.06318953,0.0869061,0.839847,0.5615232,0.017938511,0.0384484,0.0028384966,1.4649192,0.82931966,0.06937126,3.201219,1.1913097,1.5185481,0.016129253,0.9840437,0.62160504,0.7656305,0.011820591,1.4090191,0.28506082,1.8158296,0.9828958,0.24666344,1.3543962,1.206284,1.7644928,1.3279842,0.74899036,2.6186628,0.4586497,0.18469149,0.56573427,0.22622536,1.39954,0.10455422,1.1451154,2.2623389,0.08107653,0.29012853,0.58054,0.52257,1.6600603,2.7351604,1.0833851,0.31061035,0.79014117,0.22041056,1.7543324,0.23744552,0.20419595,1.5940359,0.0,0.16161066,1.8066716,0.44320196,0.15118232,0.49003592,0.7203874,0.22108415,0.5418654,0.6249642,0.19968449,0.021349614,3.7822957,0.111605115,0.20403515,0.22463675,1.0714642,0.15162145,0.30155307,0.15970758,1.0273211,0.019563362,0.22748055,0.051821917,2.471355,4.1657395,1.815885,0.14378682,0.02921649,0.15298198,0.028284257,0.14594154,1.0243654,0.57348454,0.41894495,3.999866,0.039809134,0.22935583,0.57426625,1.7561703,0.014244749,0.35609335,2.3652081,1.267206,1.4588695,0.017487943,0.8121403,0.0,1.2456977,1.6016322,2.1876953,1.2321004,2.845794,1.9866258,0.5348519,1.0972522,0.68155444,0.19340344,1.2011902,1.9076002,0.47470558,0.81887347,0.6716111,0.14325817,0.20916364,0.0,0.063471556,0.15856539,0.22333713,1.8272539,0.6101634,0.27044523,0.005437684,0.30302787,0.29951298,3.0367095,0.48588562,0.6045674,0.019226054,1.0406438,0.5291551,1.153302,0.18813556,0.4655912,1.5824203,0.45560136,1.6028117,1.8563598,3.0307922,2.626703,0.13132721,0.48271307,0.82299715,2.2482324,0.6438896,0.35160843,2.8380685,0.6767909,0.5114609,0.26826382,1.0663022,1.0838686,0.59113437,0.10783844,1.1094834,0.6687068,1.5364214,1.039382,0.6233557,0.13913879,0.1618142,1.498313,2.183353,3.531357,0.7922318,1.7739031,0.80872715,0.5126205,1.2572483,2.302687,1.1718132,0.18837601,0.95089704,0.24853154,0.72112924,0.23817053,1.0931503,2.1665614,0.39187163,0.33718672,0.0,0.33482906,0.0499953,1.3882926,0.18320519,0.174595,0.9613577,0.5941733,2.0257466,0.30977306,0.04548267,0.8836929,1.7280596,0.59296465,0.9618786,0.57820815,1.6973095,0.18685298,0.35216922,2.1200888,0.59717315,0.49231687,0.32504404,0.087248705,1.4115921,1.513812,0.7704756,0.5732997,1.3427955,0.19699752,0.6350061,1.1551071,0.72859067,0.04731207,0.03602288,3.6777852,1.7476096,1.621898,0.009718245,1.1715443,0.0,0.42333084,2.4026592,0.43117887,1.5807182,0.18791059,0.30438706,1.3676219,1.318107,0.15601063,0.3788621,0.016221995,0.7837462,0.100612044,1.1759773,0.71993816,1.4520439,1.0506898,0.34745765,0.6152351,0.0,1.3126503,2.9570673,0.76844823,1.7165204,0.6503653,4.0343122,0.3804191,5.327266,2.1155775,3.3980033,0.0027705948,3.5062075,0.3004789,2.0753198,1.1032218,0.43247113,0.39706662,0.13156727,0.18322028,0.3581221,1.9688315,0.71611035,0.10255755,1.9998598,0.56889725,0.7587698,1.1276224,0.22126886,0.05996415,0.0013878293,0.020666344,2.6242518,0.36500284,0.44550145,2.4631438,2.517961,0.6449723,0.6967868,0.47156322,2.2441237,1.5876007,0.6598468,0.55276364,0.5850104,1.5885252,0.6649115,0.046089273,0.096834004,0.10179549,0.20265631,1.4442734,0.51782227,0.46117428,0.7829931,0.17475416,0.0880346,0.30185694,1.8818116,0.859313,1.0012945,0.07694457,0.15127425,1.1623085,1.3255254,0.22915576,1.7209442,1.9188871,1.2784268,0.11610391,0.0,0.008203642,1.8346372,0.037060093,0.73653567,0.013082983,1.4954274,3.9234076,0.07754527,0.3548668,0.0,0.41291878,0.32953522,0.07871539,0.42521912,0.024720147,0.947492,2.808138,0.5695038,0.22482148,1.020105,0.9221914,3.0424414,0.3888394,0.05266395,3.5524888,1.1543248,0.6837621,all_pothole_images\pothole_images_new_image_533.jpg
0.6828843,1.3866857,0.5373772,2.996425,0.4523292,1.2040954,0.8421266,0.38226482,0.4966269,0.7429205,1.1620562,0.72302806,0.46055496,3.3331342,0.06277655,1.8436769,0.3071071,0.1964294,1.2148913,0.78078955,0.2850234,0.82367736,3.5904665,2.448617,0.8326148,0.63917804,1.1060613,2.383265,0.40675774,0.01345033,0.76424026,0.14353244,0.36659777,1.0800223,1.1403234,0.1596303,0.45585126,0.30769557,1.1305636,1.4642458,0.0,0.26575765,0.71789175,1.082979,1.2414705,0.77480555,0.02522124,0.21960711,2.0211234,0.22675972,0.4146547,0.4341756,0.40525302,0.13952276,0.25354776,1.3838629,1.874617,0.6122163,0.383013,0.72661954,0.040538594,0.9403085,2.024686,1.9188961,2.235434,0.44130668,1.9322752,0.8808006,0.96241283,0.2054511,3.312959,1.6073656,1.6122334,0.06521849,0.6383312,1.2031639,0.5718715,0.27546105,0.06254491,0.736685,0.027639845,2.8338013,0.5949754,1.5953478,0.9558384,0.4390854,1.4358249,0.7338898,1.1265182,2.1196709,0.18376015,2.9206018,0.5272634,2.0320463,0.066834256,0.48786646,0.11419654,0.68754244,1.868574,0.9334292,0.3221885,1.6055839,0.66655743,0.82301694,1.1708003,0.6018665,2.35813,0.514092,0.41953418,0.5680767,0.45990083,0.6213573,0.9257335,1.7188891,0.38891512,0.39109123,0.08369889,0.72842944,1.674186,0.83365476,1.9839551,1.4337902,0.27196646,0.8810647,3.4741902,2.7915578,0.037302874,0.17010188,0.33774063,1.0988691,0.76637775,0.42083302,0.94508606,2.0583272,0.16341658,0.35875604,1.2841804,1.8889029,1.0704192,0.5540856,0.42531037,2.026883,0.06583997,1.1813774,0.37770844,1.0491651,1.7555819,0.2777479,1.4088262,0.1571875,0.009196804,1.349762,1.3915514,0.17629436,1.1465465,0.4878205,1.6999346,0.51226944,0.15035579,0.60135376,1.8391532,1.3983742,1.1693196,2.51558,5.359268,0.18321942,3.6635535,0.17688763,1.8677434,1.474548,1.1029334,0.19822323,1.3963621,0.760181,1.3880326,0.3905515,0.44409224,1.1825604,0.41064343,0.22522363,1.2544209,1.6808596,0.45671636,0.6459432,0.62579125,0.84792125,1.8207693,0.43548876,0.91790473,1.3833305,0.09565398,3.5434086,0.34604937,0.95910597,0.6817157,1.2482681,0.15428136,0.64069426,0.1338519,0.805837,1.6533366,1.2459489,0.49873695,0.2487214,0.6774896,0.18182926,0.29749262,0.0,2.2378345,0.985503,1.1626472,1.1693059,0.56596076,0.1455175,0.8535699,0.28813517,1.2537692,0.2388545,0.42258537,0.3332535,1.6115202,0.11047844,3.0339034,0.30776703,0.57108253,1.9887203,0.7733444,1.2968671,3.08557,1.0981551,0.8980694,0.38068765,0.6541155,1.0076923,0.0031212398,2.8280845,0.6328906,1.0818436,0.24464056,1.1669308,1.1194743,1.3563695,0.23660761,0.66136867,0.4309508,0.9471171,0.553481,0.22153027,0.65095836,3.8789678,0.6426798,0.06306993,0.35462308,0.66246414,0.23704974,0.15838586,0.8360808,1.0595185,0.2027051,1.8611462,1.2209061,0.3419,0.6706535,0.5737,0.62552005,0.7223926,0.20847784,1.9728659,1.6560099,0.027520252,0.29477605,0.044760372,1.1438004,0.37587053,0.562314,1.2976903,1.9053851,2.7221146,0.18834344,0.14492443,0.75838417,2.3213017,1.1356089,1.6764588,2.0482912,2.059737,2.048757,0.88667905,1.6221762,0.93948364,0.56246334,0.8789536,0.25107908,2.2485557,1.258678,0.49951607,1.4253982,1.7077556,0.7808851,1.4461298,0.4030322,0.9255767,0.023887232,0.16145995,4.956995,0.42856625,1.3290881,0.03314223,0.89775676,1.7694038,0.049592562,0.21798809,3.113546,0.49677703,0.4544847,0.33380118,0.2312973,1.0839326,0.7679513,0.18577929,1.2910279,0.44630423,0.9991679,0.8291499,1.220069,0.5502821,1.2162524,1.0623738,1.2187088,1.2936391,2.073439,0.45813274,0.2635299,0.10026528,0.2586935,0.3809475,0.48521236,0.53153634,2.241729,0.4311667,1.1327063,2.2509642,1.6920649,0.22533658,0.8640257,0.03308419,0.78383666,0.17260294,0.21405266,0.83339924,0.10840143,0.83842856,0.20942068,3.0140698,1.0999422,0.056223873,1.1426572,0.71807027,1.2250569,0.1507555,0.58416677,6.5537844,0.34137344,0.067637,0.2953247,0.23494124,1.5892477,1.0106877,0.53878415,2.8135753,0.59091043,1.8862511,0.28275704,1.383163,0.27316704,0.77510554,0.09514269,0.31450462,1.296726,1.7287018,1.0267051,0.37355158,0.8976942,0.66188455,0.9483832,0.9826275,2.7434044,1.7080951,2.015274,2.296726,1.0682925,0.3516421,1.0602549,0.4154685,0.005184143,1.0710763,0.9224333,0.23488201,0.26810125,0.10113315,0.5554941,2.943905,0.4594467,1.019359,0.11162814,0.397167,0.17782158,2.4000528,0.633207,1.203894,0.38266054,0.6251166,0.11266241,0.3184453,0.6703406,1.2870083,0.853151,1.1271948,1.1677924,1.6421351,0.87531465,0.28264293,1.9365702,2.0413272,2.534932,0.9925866,2.0598102,0.33080742,0.5723379,1.9326228,3.8564618,0.6012493,0.6202716,0.6266414,0.11858508,1.1320708,1.4850336,0.6537527,0.03743859,1.3230039,1.0102495,1.4260658,0.059994914,0.06481241,0.08812257,0.55038375,0.74747777,1.5526311,1.3400581,2.520242,0.95665723,0.36572942,0.8528676,0.7616499,1.2383103,0.67731905,2.2203715,0.37143567,0.813351,0.5758251,0.9455409,0.828639,0.26330033,1.232811,0.7962977,0.24825065,0.89136034,0.60470015,0.89703715,1.2980223,2.5556512,0.17116752,3.0099592,0.015849033,0.68388695,0.9497084,1.0912547,0.06138346,0.17832632,0.32567903,0.23718429,1.4010396,0.38580492,0.27118447,0.39608765,2.1611483,0.21239822,1.12433,0.8641391,0.3901066,2.3815725,1.45146,0.096399784,0.05455926,0.13806237,0.2004893,0.13412519,0.121887274,1.1342516,1.9720865,0.04934891,1.4043825,1.3359505,0.018377878,1.9614617,0.35341537,0.30491582,2.238693,0.27432677,0.5122758,1.9105517,0.4622801,all_pothole_images\pothole_images_new_image_534.jpg
0.5828739,1.9473727,0.21983299,2.0516634,0.09558957,0.32592562,0.9970346,0.18705247,0.37899998,0.64086956,0.33020267,2.0027072,0.513681,1.9945493,0.8134108,0.3806972,0.27503812,0.86999184,0.8240464,0.4742396,0.8994245,1.7442496,0.9623981,0.053840764,1.63121,0.5725217,0.95414,2.7843018,0.19168659,0.015848504,1.2635295,0.0197174,0.6895857,0.011144285,0.27199522,0.65631676,0.04578942,1.1620336,0.61559206,0.20812151,0.011103007,1.363198,0.080266684,0.83240837,0.255867,0.08581181,0.9581276,0.7851307,0.0,0.023639658,0.028305748,0.15555164,0.18693297,0.25570646,0.07588053,2.1784935,0.96179444,0.10794261,0.10861961,0.10431762,0.48309356,0.24482042,1.4084606,0.35224232,0.5175894,2.1005323,0.22473876,0.018304272,0.0,1.4734914,0.26434848,0.16866897,0.039064992,0.04618635,0.012724934,0.028531587,0.18317606,0.33327475,0.0,0.17729501,0.3024644,0.013092598,0.9740088,0.5557348,0.2041036,0.11788475,0.09482433,0.007179243,0.9650147,0.038505338,0.044189822,0.45872095,0.034464713,0.26363078,0.46671653,0.021085033,1.2214239,0.30060777,0.66797125,0.8107084,0.22549626,3.9525995,0.65088207,0.11743921,0.53933823,0.08786272,0.06460252,0.2900095,0.04419777,0.22297625,1.5979701,0.60573715,2.760186,0.19567919,0.54171574,0.027764976,0.07375259,0.052648474,0.41644987,0.44643113,2.636441,0.025271736,0.3127796,1.162148,0.5160357,0.91003036,5.3951497,0.0071322955,1.4648663,0.055810552,0.5662588,0.0771288,0.0,0.31038728,0.8363078,1.4130455,1.6206748,0.0044535142,0.5986456,0.06538952,2.5675182,0.06821465,0.41409925,0.9874054,0.110493295,1.9980534,0.022528261,0.5993224,0.36700952,0.06332248,0.9634173,0.92742544,0.019442527,0.052305415,0.37103692,0.14485478,0.47605357,0.11202701,0.81613135,0.40330583,0.93304497,1.3434907,0.04190644,2.6103551,0.7949156,1.1991217,2.4107852,0.4160201,1.1354858,1.4459714,0.8338348,0.24304755,0.053057276,1.5140318,0.29784602,0.009190286,0.988706,0.45495847,0.16664581,0.3153744,0.09978038,0.69021845,2.2624612,0.02756538,2.226231,0.022760274,0.38267893,1.1889572,0.17726272,1.0455872,1.2413698,0.14885718,0.010960239,1.8267981,0.46637896,0.002100871,0.39566064,1.5769709,0.07823744,0.9927091,0.34659868,0.4346606,0.7275752,0.8412698,0.20598905,0.09581025,1.2125168,0.28699216,1.2282358,0.41114417,0.0,0.44524166,0.6535031,0.08376904,1.1737114,0.9051217,0.6097125,0.9368369,0.2530461,0.31862587,3.0766382,0.22757646,0.4691707,0.1366371,0.004801578,0.1442903,2.0230606,0.7368071,0.48990193,0.97140175,0.029290479,1.2105603,0.3375825,0.025099417,0.29552764,0.015285814,1.0596875,0.09454452,0.78195953,0.22146557,0.025098708,0.0,1.1417788,0.021442287,0.51530045,0.4731639,0.2152403,0.22956441,0.9681974,6.2369585,2.367356,0.27931377,0.14817822,0.18480319,0.025835326,0.72932214,1.1491457,0.2339052,0.4604878,2.1919794,0.06590695,0.145674,0.4090766,0.11026748,0.34781602,0.61831367,0.7053666,0.6462759,4.7429986,0.2163416,0.19394515,0.758915,0.1683065,0.1772496,0.18257453,0.5391498,0.04482681,1.3211464,0.23506351,0.6959056,1.6833355,0.040907905,0.85040545,0.9172232,0.20779046,0.1768069,0.37666652,0.20952563,3.3557003,0.096422836,0.0025607615,0.21704309,0.16637525,0.5315644,0.1690733,1.0943685,0.14556937,0.81291914,0.22658767,1.6056733,0.075101465,0.047413427,0.4733398,0.05981273,5.2150855,0.008235217,1.2743604,0.0,0.02920784,0.8282515,0.08178092,1.2458049,1.9345273,0.563304,2.0008438,2.0216897,0.20207739,1.1064864,2.3619425,0.55672735,0.0,0.0,0.59340334,0.93747073,0.64515924,0.09561311,0.08347116,0.0,1.4156054,0.22884788,2.7752512,0.113348916,0.060141593,0.37353364,0.094616696,0.0,1.6907324,0.2721488,1.0692523,0.35758203,0.05559103,0.39027143,1.2828131,1.0377035,0.8629295,0.96828383,0.6086081,0.4695645,0.38718507,0.740943,2.6415174,0.061917167,0.4294913,0.7163242,0.30337656,0.008823591,0.10861919,0.86934537,0.17669888,0.020051189,0.7873976,0.9754517,1.2644075,1.3137798,0.0031594208,0.0,1.4179454,0.049219053,0.060179446,0.72569007,0.30221003,0.0071098376,0.14167164,0.028736608,0.14918342,0.09304821,0.04549523,0.4913008,1.2358812,0.2623464,0.9868035,0.26980844,0.27301392,1.3371454,2.0859385,0.37523156,3.0144634,0.07589343,0.0,0.4821635,1.0822617,0.3032266,0.0045117387,0.29705942,0.116571985,0.5785961,0.17717847,0.46466994,0.0,0.67672867,0.47073263,0.6547298,0.6533624,1.1795857,1.2785733,0.4817965,1.1739508,0.8117439,0.25063375,0.79678,1.5743878,0.47447208,0.005789846,3.100748,0.8032404,1.0232931,0.6232067,0.8716499,1.9418111,0.41511256,3.253525,0.04624903,0.67738247,1.1334804,2.3875067,0.07132352,0.251265,0.9876369,1.1851935,0.15687336,0.97593284,0.11598145,0.0,0.44717297,0.3229102,0.8671181,0.017131565,0.82076365,0.18487602,1.7024907,0.15035069,1.0553768,0.104275644,0.07148388,0.43979767,0.0,0.80574,2.162618,0.3398759,1.2546066,2.2900379,0.23308444,0.5093593,0.37122816,0.24255525,0.5163599,1.5113044,0.08907623,0.21944995,0.20894527,1.942568,0.047509495,0.11872273,0.3709839,0.49755555,0.3986489,0.0,0.0,0.03685398,1.4944351,1.3520551,0.31281096,0.22643314,0.7143766,0.20076402,2.6229085e-05,0.9413617,0.9874283,0.9364642,0.035537895,0.08555131,0.8646299,1.3258786,1.580591,0.0,0.3484281,0.25388634,0.033278573,0.24622154,0.07949371,0.052014496,1.7416315,0.033932205,0.8921105,0.0,0.47184476,0.44061014,0.05047557,0.34831175,0.1011824,0.7963842,1.5075325,0.31173944,1.282345,1.2517998,1.1059382,0.6712326,0.016389178,0.18691416,0.12089298,0.14190009,0.26957592,all_pothole_images\pothole_images_new_image_535.jpg
0.744899,1.0796865,2.1562228,0.7893879,0.03501803,0.0,1.001496,0.054210503,1.6782669,1.160961,0.05467814,0.042918973,1.1943299,0.18607916,0.44109327,0.8489541,0.6606888,0.4680048,0.2608282,0.9152618,0.023814451,0.8421286,0.016025139,1.4193385,2.0447917,1.5543907,0.27412137,1.1383313,0.016760483,0.0005415035,0.34013733,0.38749292,0.74117994,1.7018893,0.5323454,0.45925185,0.7761215,0.55463105,0.8372185,0.103647746,1.586048,0.18793671,0.54159737,0.09070756,1.9066865,0.4320544,0.05460844,0.34607103,1.1504693,0.21647058,0.09165131,0.12437024,0.74843687,0.8613857,0.12788336,0.34106508,0.1446398,0.30419508,0.20169559,1.7973075,0.008966673,0.08798492,0.8924885,0.8520243,0.066364,0.19022498,1.9475175,0.065755196,0.027549582,0.21450093,0.58555853,0.46359947,0.5063037,0.16088721,0.17533565,0.7099391,0.82622665,0.29152855,0.3390883,0.2984394,0.57517433,1.1680433,0.19289806,0.86968714,0.46246362,0.3435359,0.84547687,0.093293175,1.656491,0.10823137,0.65088487,1.4422439,0.3962039,0.61735123,4.2977633,0.00010950061,0.9529455,0.83696985,0.30380115,0.21680422,2.0358346,0.0,0.8035703,1.7603843,1.418587,0.15533726,0.5627377,0.1273097,1.355778,0.5777778,0.64816636,1.6510402,0.4307932,0.44575936,1.6091408,0.51195055,0.08743761,0.18158874,0.888308,0.30718392,2.7988524,0.36974478,0.045470275,1.5882264,1.1434621,0.4915942,0.8554764,0.9507792,0.045751467,0.014446491,1.427008,0.34347698,0.0,0.3825227,1.1887786,0.7046896,0.2525445,0.02704042,0.32493082,0.8820371,0.99810994,0.43334097,0.2770345,0.28771093,0.124149136,0.089542076,0.034958936,0.27951333,0.8643677,0.9372349,0.38092548,0.0133133065,0.3131467,0.2325655,0.061473846,0.006002949,0.92769575,0.29839113,0.03296158,1.2174172,0.6534984,0.70682806,1.8422074,0.21354634,0.22903645,0.62937176,0.3436353,0.0068247607,0.7888406,2.1779854,0.55046946,0.0050954986,0.017454155,0.0,1.7526367,0.7235998,0.56983376,0.33994356,0.52724636,0.32109955,0.21870324,1.3839861,0.24925983,3.3864067,0.62016296,3.4367812,0.3546707,0.1029281,0.4167228,1.9530228,0.027705012,0.2585416,0.03492527,1.1018026,1.8698515,0.32050812,2.489211,1.497845,0.87612844,0.86732465,1.0562683,0.03429157,0.24415246,0.85062015,2.1347518,1.3624254,0.16915621,0.1405045,2.2748718,0.84877026,0.3728231,0.26846534,0.98881125,1.3253043,0.77244806,0.63481784,0.6899495,0.64577085,1.1906952,1.7384914,1.4667757,0.7551339,0.22937705,0.0766534,0.2042094,0.28494352,0.22756207,0.0032130654,2.237434,1.0423719,0.94090414,0.19057524,0.5687287,1.7816626,2.1011174,1.7533274,0.38255787,0.0162068,0.01391861,1.6153742,0.0059155673,2.0529346,0.5571977,0.16170284,0.07421736,0.10617924,2.3712873,0.52244216,1.2242273,4.1325316,1.176341,1.177961,0.027129224,0.2217331,0.66715693,0.37867522,0.56762886,0.43185908,0.4722149,1.7684805,0.24329841,0.6631491,2.2306647,1.1593958,0.3774885,2.067098,0.068361215,0.15685046,1.61333,0.592197,1.0996249,0.27334037,0.17702824,0.97525585,0.5233281,0.28710306,0.3036673,0.31389275,0.0,0.043942183,0.2696135,1.0557665,0.3926921,0.5966861,0.12143151,0.6349499,0.047801368,0.34235144,1.2727981,0.7277441,0.6791248,0.7428431,0.026001807,1.6911598,2.090633,0.2831798,0.13752057,0.54227597,0.9573352,2.5473056,0.039933726,0.5259619,0.70273924,0.4532179,1.9103595,0.8011336,1.0062855,0.09636647,0.030206067,0.032527465,0.03983763,0.57147807,3.3300512,3.2501698,0.0030826177,0.9067167,0.07401499,0.07750835,1.9072999,3.068461,2.260586,0.5608249,0.7311306,0.12847082,1.9023429,1.0222689,1.9536042,0.7040334,0.2878668,0.08023472,1.6512215,0.0,0.0068704775,0.12105772,1.0534072,1.6621125,1.5037234,0.18422371,1.2871251,0.037619743,0.34631202,0.47996995,2.8947678,2.0366986,1.0379257,0.09216487,0.82673556,0.22639646,0.60966235,2.0898926,0.028198512,1.0113404,0.015765443,1.6631603,1.3113484,0.76972,0.04615766,0.15033178,1.8464723,1.0257591,0.8826644,0.0,0.5313331,0.1594668,0.030792924,0.93662393,0.03762918,1.5672325,0.4112353,3.212414,0.3381315,0.35989207,0.15184173,0.42891696,0.60007983,0.42651093,0.5307324,0.30015257,0.012891139,3.0653088,0.8090493,0.40600705,2.3064263,0.21647415,0.7480968,0.0,0.532074,3.2774956,0.15457137,2.3958285,0.5697004,0.5121234,0.18361767,1.2961193,0.0758625,3.9695826,1.9258124,1.370697,0.7699334,0.28702712,0.93860674,1.3184512,0.23026644,0.005804337,0.0,1.1913675,0.4086492,1.1091264,0.33715808,0.18020894,0.0061265295,1.9760343,0.47663158,2.1009164,1.2161363,0.5918437,1.9048265,0.39750862,0.9192269,2.0924087,0.0065855966,0.6452859,0.22176358,0.43598562,1.1311132,0.0,2.3586154,0.21456842,0.12034753,0.26800987,0.8818932,0.3177179,0.042058453,0.6057701,0.18569683,2.4288425,1.9673194,2.8270795,2.1698797,0.31389165,0.34762758,0.3301585,1.3985932,0.4777525,0.08033381,0.27676556,0.20764893,0.29599005,2.3380847,2.240551,1.7183305,0.6263195,1.3396355,0.072168276,1.4210134,0.26914403,0.5378387,0.26660138,0.92703134,0.40635136,0.8020608,0.8338257,1.1222345,0.12981205,1.471041,1.0265088,0.48812187,0.0037681044,0.055028602,0.66840523,0.63142145,0.48742783,0.38480785,0.2762141,0.1975181,0.93986636,0.66480905,0.8286072,4.0477853,0.10438932,1.9307089,0.5208466,0.81783843,1.3146149,0.71511465,0.45604518,0.4077561,1.9273027,0.24754983,0.36717826,0.24078248,3.6592762,1.1565496,0.0053388677,0.41557187,0.0,0.30188513,2.0714843,0.94762355,1.0001823,0.4025547,1.8414643,0.8230968,0.3374639,0.21804087,2.599238,0.14885552,0.94066864,2.0860384,0.16387013,0.14182521,1.0103774,all_pothole_images\pothole_images_new_image_536.jpg
0.3452151,0.08270651,0.03488493,0.2015688,0.41657802,0.19573504,0.43198377,2.634698,0.71413654,0.2759942,0.34206715,2.9976156,1.1448948,0.47992218,0.25645968,1.3691627,1.4563293,1.2148898,0.50053316,0.4897132,1.1258614,0.76191556,0.007783249,1.1405916,3.5072856,0.711863,0.035847545,2.6176066,0.23449886,0.42263392,1.2554883,1.1377118,1.1519518,1.0318412,0.7283641,0.88027275,0.0553886,2.6958144,0.07276355,0.5661421,0.12246295,0.43827826,0.28927332,0.32029638,2.1114788,0.1828672,0.05844716,0.049923427,3.759493,0.61701983,0.59544545,0.031015798,0.31235066,1.7754407,0.52290493,0.8749009,0.77630883,0.14368919,1.0216155,0.2170456,0.26138905,0.035765402,1.2190888,1.1909082,0.39621434,4.101461,0.4015071,0.7155147,1.3259994,0.40417653,2.3305864,0.51516646,0.039718945,0.12603343,0.35845974,0.13074903,0.12659088,0.050589968,0.15560056,0.434741,0.3500134,0.110788904,0.2089316,0.32625607,0.23616302,0.42280492,0.94769627,1.3464351,1.6102479,1.0815686,0.44116306,1.4846517,2.6140149,1.3945934,1.5952226,0.21358038,1.2389015,0.79128873,0.6074971,0.72341293,0.35847145,1.7294023,1.0463028,0.7645242,0.64937085,0.7268473,1.2535192,0.16971609,0.0525542,1.1001927,0.17969999,2.1127343,0.04052154,0.21067436,1.2749177,0.67666453,1.2072105,0.08955877,0.7727309,1.0107328,3.7999554,0.094822265,0.6009421,1.8622682,0.8662062,0.067275755,0.112183765,0.051177822,0.11014805,0.4728521,1.2086741,0.30864558,1.2694554,0.31836537,0.1937062,0.16079342,0.7065481,0.015124613,0.65927273,0.64662474,0.73368454,0.26048127,1.2856652,0.19145857,0.86691564,1.6924856,1.0495788,0.79487556,0.015053639,1.1678693,0.8077772,0.50050426,0.62511116,0.09098899,1.3395532,1.1588892,1.6874455,2.1263585,1.3356005,1.5127734,1.0721799,1.576055,2.5121255,0.6670663,0.019324986,0.5324641,0.11049993,0.055395316,1.4709641,2.1739628,0.34857547,0.9499988,0.109115265,1.1998166,0.910341,3.0545504,0.6306267,0.29192072,0.76433766,2.162294,0.02882374,2.5838063,1.2732123,1.115247,0.21406557,2.7806132,0.13203074,0.730747,1.2097867,1.7326645,1.8378756,0.22552186,0.58022034,1.9214941,1.1343467,0.07236787,1.9335744,0.2538914,0.06833461,0.6368646,0.8092825,0.0,0.44447264,1.1456445,1.1967638,4.819813,0.29495913,1.1908406,0.15830354,1.4604875,1.866052,0.5565925,1.4051394,2.3015127,0.03281599,0.7468585,0.6170133,0.0,0.61006546,0.6292534,0.90290993,3.9280412,0.30887693,2.2249532,0.03989407,0.6404962,2.6134665,1.4879994,0.37729937,0.44036934,0.0,0.17771271,0.44161862,1.782094,0.32719648,0.44139153,1.5550102,0.53431916,0.5041934,0.16771334,0.6545195,0.17217802,0.11179325,2.137271,0.0,0.1459026,3.1679363,0.32730088,0.40272275,0.60471874,5.1137094,0.76773095,0.41356763,0.021808235,0.10888406,1.4465297,0.3615443,0.34067068,0.15016186,3.4518127,1.1347289,0.9349847,0.7827139,2.5032048,1.5909476,1.6300936,0.14948158,0.42994004,2.2141685,0.3782257,0.36098796,0.19700794,0.5251488,0.8033768,0.43113932,2.4650836,1.6358854,0.55435926,1.1879671,0.17689708,0.18316124,0.8978531,0.41941738,0.7412529,1.1971097,0.31732413,2.4126425,0.61888087,1.4630516,0.0055270456,0.23830178,0.6080277,0.1498398,1.663016,1.93766,0.32913086,0.6824591,0.6407941,0.93026745,0.49127236,0.15231529,0.3416516,0.62275165,0.3172874,0.05970713,0.44113466,0.102325,1.1113424,0.38665155,0.95557266,0.95265716,1.8547282,0.78354096,1.0249445,0.35466105,0.19352585,0.30542415,0.46286225,0.9649298,0.825105,1.709886,0.10457692,0.7633293,0.5388848,0.994846,1.1367147,0.6279591,2.3651278,0.27834308,1.5893717,0.00809791,0.7604652,1.109449,0.0028089741,0.3207782,1.1070043,0.4419789,0.21908526,1.1024266,0.6698032,1.2490796,0.35662007,2.4449863,0.595137,1.7300522,0.12004655,0.08702695,0.35951835,0.9931025,0.13687772,0.015658036,3.1768444,0.38053215,0.5179611,0.395658,0.32590485,0.19415769,3.082007,1.028518,0.7173134,1.2414362,0.9900036,0.29422918,1.6127602,0.1529688,0.0,1.0075463,0.7678874,0.029715776,0.6424804,4.51497,0.15193883,1.66937,0.028777823,0.11009901,0.17366165,0.040087517,0.85094035,0.22119322,0.45916978,0.91782033,0.6023983,0.20148642,0.55831945,3.2755487,0.5657343,0.123297594,0.46958455,0.57297856,1.5007992,1.0968094,0.41854328,1.4988576,0.26685318,1.3291078,0.019629486,1.0164932,0.8647917,0.2326116,0.098919936,3.241573,0.99654716,0.06992502,0.70070094,0.93983185,2.7189069,1.047489,3.1367054,0.6124942,0.80798686,9.174394e-05,0.18191029,0.70719665,0.19801143,0.29377905,0.5094232,1.8549756,0.5373054,0.19767694,0.8572195,0.23128903,1.0351089,0.5071281,1.9953326,2.8156893,0.28820616,0.704275,0.4588895,0.9358595,0.2667279,0.09298608,1.248701,0.008564416,1.3381591,0.9528408,0.7894375,1.626845,1.0473677,1.6858726,0.19033632,0.9509197,0.3457824,0.051702324,0.1309124,1.3322685,1.1953143,0.3242109,0.6808371,1.0729007,1.3538421,0.27215266,0.937376,0.44757387,0.46715435,0.91834605,0.32425183,0.28270906,1.0785558,1.6266812,1.1657935,3.311194,0.20631625,1.5876633,0.64086425,1.0607141,2.2509105,1.1420608,0.80856425,0.42307624,0.16749941,0.19492593,0.43762285,0.52069205,0.060583003,0.9227232,0.08895316,0.2519306,0.10848981,0.6771635,0.4945238,0.85375303,0.4089924,0.54495806,0.16049291,1.077043,0.3837824,1.127295,0.49611866,0.49019334,0.0056732823,0.84568685,0.9102659,0.009713617,0.0,0.43849126,0.5776359,0.050484266,2.4122627,0.012878287,6.400767,0.27218294,1.0392445,0.30561587,0.51798195,0.4812813,1.5076456,0.41253802,0.07639716,0.5419665,0.3623797,0.54783016,0.20024636,all_pothole_images\pothole_images_new_image_537.jpg
0.20631316,0.40051728,0.9564489,0.74176866,0.040654365,1.3798469,0.38366678,0.20516306,0.76299465,1.2396028,0.78922427,0.5429949,0.00090108113,1.850459,0.03486974,0.7968709,0.03739937,0.58454067,2.534651,0.3081609,1.0583555,2.701098,3.1448996,1.6043692,0.22352867,0.30885023,0.024657808,1.2277772,0.29691607,0.41759694,0.022150142,0.14872438,0.23796777,0.2967954,0.32160333,0.3380398,1.1294166,1.1161156,1.1420262,1.2110586,0.10968616,1.2356642,0.8407907,1.0050682,0.14502212,0.5398721,0.16326386,0.04913927,0.06887798,0.13591167,1.6115769,0.5844387,0.5971411,0.53350854,0.98920965,0.4326006,3.496326,0.09653873,0.8158623,1.3951237,0.41670597,1.1043978,1.98198,0.35557303,0.799449,1.5266328,1.309172,0.491614,0.21271266,1.2430667,0.34948945,0.114507996,0.4124193,0.08006299,0.12897475,0.3117347,0.17557204,0.25823167,0.008480032,0.6537009,0.0012644979,0.23271847,0.1640465,1.6283373,1.5537854,0.92541593,0.087557614,0.02357941,1.8949825,0.5320011,0.36252478,1.6652685,0.6675918,0.34400323,0.08898192,0.08734162,1.5967758,1.0853872,0.60382557,0.43529844,0.26030952,5.3030596,0.23779996,0.57450897,1.9598699,0.68321943,0.092770204,0.19390824,0.2660277,2.8555512,0.19894049,2.639562,0.37118137,0.3343825,0.74408567,0.098078534,1.5695771,0.4733329,1.8452917,0.4869465,2.2332258,0.5358829,0.93358594,0.7460406,0.58056116,0.5145004,0.45143318,0.28979734,0.9719738,0.5254324,0.33940232,0.75519,0.14063519,1.1113309,0.38821092,1.6730821,0.029369252,0.5353782,0.021466095,0.62754697,0.51482856,0.106024235,0.85336304,1.2560322,0.13028294,0.67922896,0.37673837,1.202604,0.07227244,0.24340312,0.22280626,1.1305965,0.0,0.6037694,2.8504775,0.18000655,0.23709698,1.2042836,0.1110042,1.2982955,2.616931,0.30774835,0.006156125,4.0786314,0.85094225,1.2353139,0.70944566,0.44369176,1.3396777,1.1277854,2.2709138,0.115790576,0.033450585,0.330791,0.2871765,0.7765099,0.45066974,0.026885727,0.0056304582,0.35563424,0.7190601,1.7035496,1.6445345,0.2530128,2.1108987,0.4735464,0.4925607,0.67510027,0.7010035,0.36898547,1.5498414,0.005409197,0.10110954,2.0270436,1.5117872,0.014358678,0.39031205,1.3022712,0.4314333,1.7576978,0.4380973,1.5907212,1.9631166,0.23780088,0.83957267,0.31341723,0.051077317,0.6963014,0.8519913,0.59475553,0.014626257,0.42846182,2.1875956,1.3005303,0.60015345,0.65849644,1.044312,0.51684225,0.816383,0.58603483,0.25280496,0.5759226,0.39605308,1.2724442,0.26762846,0.31760266,4.0513983,0.904229,0.9386605,0.07676104,0.086921796,1.7183853,0.27907845,0.121246025,2.1010408,0.3332838,1.0461284,0.4979916,0.026533067,0.11955936,0.5913592,0.026007598,0.6072601,0.80628467,0.4230543,0.0,0.017181009,0.24106,0.0,3.7158198,4.263001,0.10810828,0.042444386,0.25119781,0.0938421,0.23117101,0.8978808,0.6073799,0.25579023,1.821693,0.471752,0.28955102,0.34670997,2.0044463,0.31974667,1.2996142,0.0,0.27739906,2.1374593,0.032188598,0.7035668,0.70836216,0.009904481,0.0,0.01894614,0.1487452,0.6972164,0.7594198,0.20041975,0.17328784,0.48724365,1.6087166,0.111586764,1.226251,1.338121,0.41162813,1.6289281,0.7148304,0.48866746,0.14677998,0.51941687,0.2474945,0.07117033,2.6003623,1.2512672,1.1134659,1.1694415,0.28329992,0.049268775,0.5872438,0.106401585,0.18346192,0.26684853,0.112975314,3.1153142,1.3714992,0.19390962,0.17812881,0.20972444,0.9998603,1.532836,2.5569546,2.8480725,0.77529335,0.21546665,1.0175002,0.41431502,1.654201,3.0908508,0.5889207,0.48502368,1.2072651,0.657726,0.116094574,2.4708357,1.4095496,0.24488404,0.17731524,0.82690537,0.3668202,0.781293,1.19681,1.1672119,0.36500373,0.14958595,1.0040925,0.69667125,0.86244386,0.31750563,0.37257054,0.5453225,0.537366,1.5684185,0.028456902,0.4148389,0.108596236,0.5235475,0.11773508,0.0,0.80107194,0.49628314,0.014194395,1.1939241,1.2459737,1.3274612,0.30946806,0.5586175,2.8851354,0.92669713,0.044132225,0.5122697,0.22015251,0.7244932,1.0670303,0.11078301,0.3358661,1.287114,0.29911587,0.3399569,0.021071196,1.5893179,1.4423124,0.18060762,1.6391237,2.7076726,0.0612601,0.0,0.8067223,1.3854167,0.821699,0.81895727,0.065774456,0.39797217,0.490741,2.0600932,0.019114692,2.7485433,0.37772992,0.024132052,1.3329785,0.06833639,0.35900065,0.06927879,1.1623652,1.1882572,0.23980573,1.457641,1.1782249,0.8764687,0.073929176,2.0702167,1.0255752,0.35107517,2.1427653,0.22105174,0.104398035,0.5602273,0.48748225,0.19636612,0.29838628,0.034190163,0.13728179,0.5727408,0.327926,0.0,0.60515106,0.52183527,0.5603269,0.989889,0.2439216,1.176679,0.47900817,2.9853332,1.0468534,2.0106125,0.52998143,0.6932426,0.9930658,2.4537957,0.19531487,0.19753,2.4883504,0.0067264168,3.9847631,0.09625534,3.6247883,0.5243164,1.4885937,1.5171611,0.8860327,0.55184954,0.42064923,0.1849918,0.2576622,0.2652748,0.23725238,1.3945495,0.48959032,0.07253527,1.4937205,0.7877318,0.14228302,0.43623623,0.3876981,0.39310277,2.729233,0.986994,0.037003454,1.2604218,0.28233287,0.029813888,0.55433106,0.771031,0.043662865,0.015043816,2.722507,0.07407443,0.51693773,0.010759953,1.1941775,1.1478063,0.8585377,0.056206983,0.7274387,0.37726104,0.4194563,0.35136437,0.53842735,0.8278203,0.18951271,1.0970232,4.2180843,1.8675458,0.28071088,0.16066115,0.12395347,3.2738843,0.012408,0.6110144,0.92182595,0.40218267,1.0175973,0.003273718,0.22250132,0.18983428,0.31408796,2.067165,0.13742666,1.33765,0.15903844,0.32908642,4.1008487,0.6349266,0.49743566,0.28914285,0.8790573,0.02174701,0.4604785,1.2008672,1.3259981,0.35280278,0.26159084,all_pothole_images\pothole_images_new_image_538.jpg
0.95358944,1.0670319,0.0,3.072115,2.6370008,0.6961162,0.02090758,0.016237715,0.32171884,1.1791757,0.6906227,0.5245066,0.08490254,1.8460466,0.6887176,0.28555465,0.5486777,0.26468343,0.8202355,0.08186127,2.213151,1.119492,0.51575845,1.3068384,2.1457672,0.06264987,1.0427169,3.422793,0.9330903,0.22937891,0.5912285,0.6808362,0.5146399,0.6720002,0.12840901,0.86895144,0.7972921,0.6708441,0.59797794,0.58598495,0.0,0.06369306,0.27092883,2.1189797,0.8003779,0.29166257,0.06751623,0.49097294,0.48330072,0.22764754,0.5911014,0.8926726,0.014592228,0.024343634,0.44114536,2.4421086,2.3007207,0.5447435,0.06873396,0.0932476,0.13358442,0.451504,0.48886976,0.044927564,0.8958341,1.2049816,0.11373352,0.0,0.13943297,0.006338364,0.13535623,0.20719992,0.4010985,0.95896786,0.40129286,0.5390273,0.10759443,1.1867764,0.0,0.2951434,0.0024683455,0.3762787,0.18546247,1.7745962,0.2303123,0.22701769,0.3556348,0.01782265,3.2388356,0.16096322,0.44602036,0.009303083,0.019679917,0.43367654,0.096776746,0.16209301,0.6008274,0.039926227,0.53186446,1.3430371,0.14407681,4.8413196,0.24756463,0.16923538,0.90567046,0.006979613,0.4513237,0.4891925,0.33073813,1.0048373,0.020782758,2.241931,0.82793236,0.84775424,0.46987432,0.7418577,0.925367,0.22804555,0.719562,1.76244,3.1827397,0.81404746,0.09464048,1.9407936,1.0825964,1.6188036,1.223421,1.5753558,2.6132078,0.20584418,0.43499655,0.0044983453,0.028660493,0.3430448,0.82246363,1.2766583,0.53210115,1.6276684,0.16273579,0.013731436,0.6181377,0.31936777,0.17252101,0.6543557,0.3954674,0.86415386,0.050031647,0.97122854,0.13195013,0.043406367,1.1164044,0.9323498,0.19377998,0.20938842,1.1127229,1.3310643,0.275495,0.32451922,0.8692661,1.8060284,3.7589436,1.4128517,0.30505893,1.3102508,0.1763336,2.155155,0.795873,0.37865603,2.8306298,1.3851949,0.03927473,0.0,0.47071066,1.0730382,0.067227915,0.31026718,0.86327004,0.010404545,0.0,0.382017,0.18438601,2.5708067,0.79028827,1.339764,1.7912865,0.5487672,0.18055496,0.7933228,0.13569625,0.67879736,0.0617913,0.48436058,0.21255463,1.0096608,1.3605717,0.3466568,0.89001274,0.39508682,0.86821467,0.34691194,1.0756776,1.7755958,0.3325712,0.5917941,0.19199952,0.16701503,0.531376,0.6773362,0.8288256,0.18557721,0.06864213,0.0,0.27648225,0.7840727,2.4510422,3.1722984,1.1212776,0.21722552,0.86543286,0.19149318,1.5625564,0.0,1.1494981,0.13542214,0.13452148,0.9557137,1.3883393,0.5452149,1.4707434,0.31928295,0.19606924,0.31432483,0.2644604,0.61997026,0.0539112,0.022068892,3.3369038,0.55187744,0.080848634,0.06618452,0.005101353,0.0,0.5253124,0.0030066574,0.8806253,0.03736371,0.43719053,0.18751965,1.0319653,5.30473,0.5945869,0.58987504,0.4322169,0.25813985,0.22591929,0.006921284,0.14499605,1.0970811,0.50338185,3.8597884,0.650104,0.09403496,0.7147859,0.03166844,0.016508548,0.33529222,0.8091762,0.15819317,2.2903793,0.8127603,0.5000221,0.0,1.32963,0.16474074,0.59554,0.43374676,0.21826631,0.18788728,0.6957304,0.9372898,1.2614115,0.8303722,0.7060061,0.4862704,0.5412571,0.76679695,0.60573614,0.5420491,0.27081737,0.589493,0.087936126,0.12841938,0.4727312,1.6007279,0.16889071,1.079006,0.8182215,0.36087576,0.06639485,3.548851,0.47345376,0.088180415,0.001916073,0.8561022,2.9320714,0.10091278,0.91239053,0.012895372,0.38051146,0.17257316,1.1206069,2.3706713,1.9998561,2.0352702,1.2629225,0.58509517,0.0026050706,1.3705846,3.1738744,0.2668025,0.09925881,0.7062094,0.92339635,0.50089425,0.60779285,1.4142873,0.32152724,0.18209836,0.18731813,0.08775788,1.2006695,0.58563507,0.8167713,0.05857379,0.0101026,0.15204076,0.5391038,0.26463887,0.16742824,2.678228,0.04019661,0.59101087,2.6895552,0.3683726,1.4707546,7.668698e-05,0.20920233,0.75699943,0.18927707,0.06916739,0.88745844,0.29994556,0.068243034,1.0213947,0.024699857,0.0,0.557286,1.1563247,0.7451058,1.4356122,0.080972016,0.50623953,2.175544,0.5361743,0.15475832,0.13407338,1.5184851,0.07677077,1.6396166,0.21083058,0.83550036,0.045460206,0.18653513,0.4450451,0.54722935,0.39168793,0.4416004,0.6667667,0.9708104,0.14992867,0.64768684,0.0015527074,0.9928236,0.80816245,1.6528523,1.5767797,0.34363842,0.14818744,0.20701389,1.6218542,0.32127324,0.19480962,0.1004121,0.104984716,0.15039147,0.08587644,2.4500856,0.22900464,0.44052798,0.38983414,0.8434658,0.68588364,0.79519737,0.78361976,0.53242946,0.1668014,1.0028187,0.024986617,0.8541149,0.070489496,1.0274966,0.31577045,0.09593038,0.36341417,0.0,1.1150911,1.8942969,0.17150147,0.39119765,0.016172674,2.8923566,0.21698801,1.0091277,2.4381256,3.085851,0.33865356,1.5989759,0.38184232,1.0859578,1.8587784,0.584286,0.7473557,1.27514,0.38469872,2.4612563,3.6552317,0.64097804,0.19658457,0.40357947,0.1110805,1.5733353,0.28669006,0.063230254,0.100266695,0.070834495,0.06527997,1.4476272,0.95932853,0.064348996,1.6784924,1.3357911,0.1757798,0.56784886,0.31616917,1.1102067,1.497557,1.3889401,0.09976883,0.6152121,2.5286763,1.8873758,0.27104113,1.3837501,0.22916953,1.324769,0.14936572,0.26106158,0.09509319,0.41378456,1.8753303,0.8574899,0.30778,0.06180585,0.5138113,1.678937,0.33148476,0.06977418,1.4759021,0.8554751,0.14952862,0.62127775,3.1062896,0.04466326,0.25487065,0.0794995,0.07801657,0.63082033,0.002372119,0.5533356,0.048675746,0.3922547,2.239213,0.012934188,0.050344948,0.20945418,0.18875308,0.2798488,0.016844602,0.22339727,0.17004387,0.5224221,4.966135,1.6123232,0.9857374,0.57036805,0.9559528,0.16748308,0.6302441,0.08272934,0.5181076,0.5450368,0.30116954,all_pothole_images\pothole_images_new_image_539.jpg
0.39784092,1.3032534,0.06998171,1.4866486,0.55229694,0.30162486,0.779728,0.40031388,0.2554902,0.90298146,0.71954453,0.67944264,0.22897193,1.2028596,0.0,0.5021301,0.5209352,0.34285456,2.3495111,0.111075155,1.4944929,0.44389215,0.59454733,1.2195681,0.5163465,0.44018257,0.39892897,1.6941665,0.0031567086,0.73247045,0.91138333,0.13583905,0.452091,0.6879402,0.32444564,2.6198566,1.1713325,0.675583,1.74064,0.8481489,0.07922281,0.17762153,0.025892662,0.108554,0.8271609,1.1647861,0.09587359,0.36065292,0.42157695,1.1813627,1.000583,0.48935068,0.34925103,0.0010786147,0.0020232631,2.8279667,0.4968219,0.593556,1.0654485,0.19653985,0.8322113,0.45765164,0.10560849,0.23017243,1.7121009,1.5642086,0.64211994,0.4923875,0.6362925,0.9456343,0.57798845,0.41645753,0.14982438,0.64022076,0.038443655,0.2876878,0.12652962,0.18233605,0.10663355,0.37694997,0.034499824,0.9131719,0.6854388,3.063294,0.2395843,0.70426697,0.53278106,0.09623667,1.0378186,0.34144345,1.3093582,2.009619,0.18067534,0.5904964,0.37240818,0.27411652,0.46756363,2.0974858,0.23876467,0.67570347,1.3385414,2.4855518,0.15223452,0.0,1.5580844,0.047627166,0.38567504,0.15701567,1.6639893,0.4604228,0.2909137,0.0076355482,0.9666891,0.52646875,0.43553278,0.63130456,0.7854946,0.29006413,1.3753679,1.0727957,2.0724528,0.54177773,0.252865,1.0898327,1.4859228,1.7113601,1.6918737,1.5801786,0.9367467,0.4437872,1.2745401,0.06775002,0.15292817,0.84972066,0.47204325,0.6274727,0.37789705,0.6523034,0.7336326,0.45162013,1.5924288,1.2762264,0.0570834,0.9742921,0.18344809,0.7405,0.6629917,0.57355636,1.8587743,0.11223117,0.4700838,0.7403547,0.44917443,0.0,0.47625452,0.42941055,0.8486402,0.24549882,0.7412257,0.52370584,2.0184216,1.2562342,0.10142784,1.6928606,2.7450724,0.82548046,2.7034953,0.055479515,1.1851805,2.5614095,1.3788449,0.34449583,0.0118646305,0.5618338,0.97391695,0.0,0.16835335,0.35928553,0.36039862,0.32880414,0.0020293677,0.8437434,1.573756,0.5140951,3.610995,0.7402318,1.0994656,0.93597907,0.09975173,0.58285123,0.8828097,2.5056655,0.6369372,0.79297155,0.8689603,0.15437491,1.2129209,1.5431216,0.49566263,0.24943063,0.18756351,0.6797509,0.36129418,1.1893537,2.1849399,0.17643873,2.5558767,0.4047422,3.6739495,0.17811295,0.107649386,0.6554203,1.2552372,0.20246316,2.5562773,1.5146832,0.7117917,0.39512193,0.029922755,0.6122506,0.43708807,1.3853284,0.6572487,0.028590966,0.086806685,0.13256353,0.18278535,0.32180652,3.8011749,0.8329569,0.022090197,1.1964134,1.3361303,0.9994025,0.5507717,0.2689425,2.1259577,0.118036255,0.48932576,0.9892644,0.41048434,0.69520974,0.8223593,0.61046225,1.8662875,1.0536565,0.70723724,0.03089835,0.8173264,7.3984666,0.6615202,0.37092984,0.41456962,0.92046076,0.014779799,0.10344298,0.5843365,1.4967648,0.107093096,1.667321,0.25717726,0.051666092,0.09353447,0.4289075,0.30608833,0.07323456,1.2965481,0.6946641,2.0677865,0.07966545,0.029489323,0.19860442,1.0782788,0.38176048,1.1508634,0.1688944,0.28031108,0.794566,0.38600674,1.2314366,2.7002807,0.3318,1.1478083,0.015715899,0.17865233,2.1272984,0.20916729,0.5483843,2.3822927,1.1064619,0.21811931,0.4917271,0.0,1.701703,0.6767557,0.32110855,0.36998582,0.8322793,0.73278254,2.4370854,0.9516137,1.0279895,1.7168797,0.038898237,4.4428387,0.021093901,0.50912714,0.21905194,0.15770563,0.67720187,0.4208777,0.5710132,2.7433636,2.883886,0.6095503,0.7767846,0.020967867,1.7328513,2.8352265,0.45300585,0.22858109,0.06417542,1.4627178,1.3033129,0.4544754,0.64588046,0.18626079,0.016055709,1.2630605,0.025697807,5.0673637,0.2769831,0.71036786,0.024980327,0.15407455,0.046657804,0.55526054,0.39374012,0.24214773,1.1959323,0.66893363,0.41288725,0.7322891,0.6526883,0.2982759,1.3496257,0.021298865,0.33635756,1.2456056,1.4464597,0.184035,0.41487315,0.340943,1.2460506,0.35887545,0.49819577,0.62238103,2.503208,1.0191901,1.7541466,1.1552248,1.984502,2.74891,0.21431811,0.82398415,0.02594701,2.207788,0.20298854,0.13949585,0.835036,1.2423693,0.038322832,0.20623724,0.042787638,1.0182632,0.28836676,0.106697656,0.029027259,1.1988661,0.40254351,1.7664042,0.018756842,0.49356303,1.1950736,1.9562736,0.3896806,0.7569359,0.2570903,0.47997594,1.2529649,0.8537242,0.3453008,0.17693573,0.17130369,0.04149383,0.21108215,0.659611,1.2050133,0.03789214,0.27935275,1.7747294,2.0285165,0.84276026,0.7248322,1.0683901,0.0,0.83949447,0.39005464,0.211715,0.06527489,1.2732278,1.0506335,0.08573804,0.94029844,0.0588214,2.0260804,0.50485873,0.99307936,0.9228361,0.050231487,1.3642681,1.1611811,1.2135433,1.337877,1.4618673,0.9423772,1.3235078,0.124680564,1.0208721,0.9488799,1.4111948,0.8238773,0.5327377,1.360695,1.0981354,1.167498,0.079689346,0.3236255,0.82838184,1.3491467,0.27257517,1.8992691,0.8667598,0.050484706,0.11701441,0.2017603,0.2918499,0.80082124,0.037471898,3.207862,2.0093455,0.13746817,0.24984665,0.073659696,0.19559348,1.8751653,0.01148787,0.30365053,0.6129032,1.175852,1.5877261,0.7867168,1.0662344,0.01987653,0.55852383,0.0,0.7522438,0.0,0.66235083,1.0382618,1.8009874,1.2396382,0.4035688,0.2625907,1.4594061,0.63799953,1.7461187,0.7158339,0.66360164,0.32276982,0.056479763,1.0847635,0.024832537,0.104503505,0.19302626,1.0185983,0.88064104,0.00056003366,0.41715893,0.4805051,0.569641,1.029469,0.17272761,0.50130904,0.023771118,0.43963274,0.5502796,0.26061377,0.5500107,0.44296628,0.7688485,4.2227106,0.56199247,0.37282827,0.7206467,1.264326,0.47119412,0.01234793,1.3733739,0.010966774,0.78044116,0.7581701,all_pothole_images\pothole_images_new_image_54.jpg
0.25038865,0.3497769,0.027426772,1.5566727,0.07126894,0.47846788,0.16519177,0.5443934,0.18863215,1.0540768,0.96041155,0.7639834,1.3095136,1.8902799,0.36507002,1.7950419,0.14134283,0.11440426,0.32765043,0.2557327,1.8631685,0.53444666,0.74885625,0.0027576773,0.3284733,0.18063495,0.4655507,1.3212214,0.6282617,0.8186196,0.9351911,2.2871654,0.29396406,0.24790132,1.5944151,0.1631304,0.6236233,0.5768263,1.2683272,0.26018515,0.2517339,0.31146038,0.9661294,1.0482653,0.25274664,1.2224176,0.23220299,0.022231089,0.4746549,0.030490719,0.34012696,0.016473722,1.0466503,0.74448323,0.63155246,2.989416,0.03925232,1.5593485,1.3713157,0.5064663,0.3311225,0.7419412,0.021021916,4.775366,0.14209802,0.0,0.09538397,1.1310868,0.2547066,0.51454115,1.9522024,4.1242747,1.5179163,0.6252425,0.99775213,0.09915702,1.2271042,0.112237945,0.3315082,0.25225058,0.8662306,1.9004959,0.20683965,0.961172,0.5035671,0.08765525,0.43137264,0.7735538,0.3020174,0.048498172,2.9217997,0.18783782,0.31620952,1.5461446,0.010288071,1.0176383,0.46554157,0.026704066,0.71906996,0.533977,0.90582085,1.501114,0.6375867,0.09853742,0.24518865,4.200918,1.8591838,0.28975564,0.16628394,0.6332987,1.5419439,1.252636,0.59746855,1.3861115,0.3667739,0.16928618,0.5591138,7.7891316,1.1594123,0.7162442,0.52387613,1.4040518,0.56881225,0.05312665,3.5427988,0.031056834,0.17890501,0.3914327,2.0729744,1.9162124,2.4156487,0.4396182,0.46108425,1.0556544,0.77233136,1.7493674,0.91296947,0.0,1.5434822,0.4521816,0.9465399,0.20735908,0.5363825,0.3047057,0.560104,0.06725804,0.4701836,0.8188994,0.28743497,0.30317053,0.016150184,3.2135022,0.48775524,0.046746466,0.0,0.84688145,0.38169968,0.59096134,1.7268707,0.042331703,1.1697335,0.5076299,0.1977051,5.068551,0.6633547,1.2910268,0.3598737,0.29929292,0.0,1.5120951,0.15370634,0.31107786,1.4656963,0.20648424,0.5977086,0.0,0.264499,0.30855587,0.5808988,0.51895493,1.4582376,1.0474433,0.33138853,0.51644933,0.021169832,0.35666522,0.08577789,0.43780634,0.92948055,0.15084802,0.42933318,0.038215674,0.8012555,1.3074783,0.28528777,2.4890544,0.2019264,0.0,0.38804817,0.5993249,1.1321874,0.29525998,0.18073829,1.8502144,0.6227993,0.2991436,1.4312221,1.2809155,1.8365575,0.033891104,0.7031642,0.08983034,0.97265065,0.7610022,0.6369555,0.20817286,1.942748,0.41829205,0.0370704,0.3395681,0.38922143,0.27864832,0.41741687,0.32955754,0.30509618,0.7102558,0.8875491,2.2689655,0.1789215,1.6436386,0.2502836,0.34734982,1.4960394,0.48668927,0.038320277,1.0442209,1.0486035,1.0820706,0.21319704,1.4452436,1.2406733,0.0462163,0.5695786,0.021229422,0.30423498,0.07527606,0.2743525,0.49988368,0.2222593,1.0140119,0.07531019,0.10186352,0.8252544,0.7516663,0.16342573,1.3329749,0.008032393,2.5159307,0.0414204,0.07350872,0.64406955,1.2570105,0.00400978,0.5689092,1.3985789,0.31546095,0.4274278,3.1986065,0.38673556,1.1867294,0.6440987,0.4321637,1.062857,0.0454124,0.8073992,0.4497096,1.2811439,0.0,1.1028838,0.7226909,1.8127488,1.2531942,1.7621212,0.053742535,1.1452913,0.40656623,0.4369572,0.06120188,1.3039569,0.532937,0.54223484,0.09674503,0.70062053,0.16113514,0.76633006,0.5511533,0.06899809,0.09094273,0.76845574,0.01853656,5.647583,0.8716076,2.597852,0.013857413,0.8286041,0.06167608,0.26552227,0.1714957,0.568471,0.13709606,0.11996356,1.1218756,0.047764506,0.3706085,1.2848023,0.89021176,0.0127534075,1.8574358,0.0111893825,0.49526292,0.17300996,0.024817858,3.1934452,0.513422,1.1540095,0.37137687,0.04840967,0.44254854,1.6558039,0.0,0.031474207,1.728651,1.0360345,0.89506096,3.1396332,0.64778066,0.020782689,1.6506116,0.33208427,0.5239269,0.7728125,2.2363935,0.033524368,0.9402292,0.16963239,0.2385377,0.34388897,1.1489251,0.8211062,0.41017556,0.42289472,0.16481113,0.38842866,0.40829265,0.45570716,1.2417688,2.3949606,1.4705131,0.58717775,0.33562827,0.58869463,1.933395,0.33878574,0.37202784,1.5071863,0.038296226,1.8250203,1.9784328,1.2050352,0.04725744,0.09361682,0.90585834,3.8440099,1.8622504,0.5415919,0.83394223,1.2924379,0.47999066,1.9309034,2.1939607,2.4175434,0.5675291,0.07523088,0.44996917,0.14026608,0.4323255,1.9930996,1.6463336,0.046790686,0.41932392,1.0339806,0.19741575,0.049036,0.21458234,0.15540098,0.0076263705,1.6150551,0.58794427,0.025608763,0.7909996,0.050668024,0.7805893,0.007221429,0.1263533,1.0899872,3.5109174,0.14246151,1.1992713,0.06945678,0.2653903,0.9814944,0.0,0.25245374,0.3081513,0.55559313,4.1288023,0.2878009,0.2320014,1.4540877,0.24187286,0.22792962,0.17786652,0.1013204,0.47646657,3.1884615,1.9862335,1.1085222,0.042056244,0.006777973,0.31505057,1.2429185,0.94152,0.51039577,0.2511971,0.30093452,0.026268084,0.83008206,0.49009475,0.4056905,1.5651616,2.2257469,0.34428233,0.65968126,0.3469839,0.38164043,2.1651044,0.39915365,1.4738151,0.7404422,1.0375295,0.117019534,1.7690111,0.04816535,2.861659,0.52846223,1.6697931,0.1554556,1.4558625,1.9045484,0.7681725,1.0690832,0.66738826,0.823863,1.2053041,3.4045281,0.35103598,0.050644286,0.23830882,1.7057645,0.39803585,1.1187794,0.10915725,1.2061129,1.0325497,2.9375632,1.1702242,1.18911,0.46315086,0.8713165,1.4793721,0.28221226,0.40427405,0.13102362,0.24234456,4.2487965,0.3545909,1.4221045,1.5241705,0.0030444628,0.01237987,0.2982032,0.052048363,1.0709002,0.79013354,0.0034103536,0.005511932,0.2574712,1.0020393,0.9123836,0.38965696,0.6490599,0.20327412,0.5366698,0.42495322,0.0112244105,0.050193038,0.18765756,1.3689544,0.02768209,0.019055234,1.8062608,0.27051896,all_pothole_images\pothole_images_new_image_540.jpg
1.5191174,0.7450051,0.09819418,1.0507414,0.9169996,1.024223,0.27589062,0.034696978,0.15721463,0.1052241,0.55927926,0.075987525,0.6838286,0.5083412,0.21781658,0.016802177,0.1711051,0.2173451,0.17112555,0.017794555,0.33680817,3.0235894,0.4663782,0.0006702625,0.101706035,1.0367544,0.12837218,2.0639627,0.117394984,0.28602794,1.4457624,1.0235165,0.83202046,0.32689783,0.038384475,0.7448699,0.012562467,0.73872185,0.6380839,0.42373148,0.06120504,0.008187569,0.36569798,0.66287684,0.029872915,0.11226006,0.07247179,0.18506324,0.35690314,1.0406569,0.51392925,0.173875,0.23422274,0.09722725,0.08811297,1.361915,2.0755088,0.10245504,0.21337575,0.08044735,0.004312136,0.417466,0.5929584,0.0067319497,0.7886754,1.967347,0.10553657,0.0011699442,1.9758543,0.079733245,0.06576252,0.0953565,0.15445074,0.54562205,0.16337878,0.49884874,0.07821699,1.1480815,0.90610486,0.4520937,0.19846614,0.05122392,0.39876863,1.2336576,0.46403015,0.28513542,0.44814885,0.20198078,2.644265,0.3272877,0.9275489,0.120990865,0.0,0.57734805,0.0044905813,0.010070971,1.47475,0.35432374,0.61501956,1.0568701,0.04397691,1.6660117,0.47662917,0.09364492,0.17799602,0.21132821,0.17951867,0.20904976,0.02048624,0.060800716,0.0,1.8128601,0.33664817,0.9557476,0.034798566,0.8531041,3.8499727,1.1416106,0.86517185,2.1200788,2.56262,0.19885637,0.77259374,0.64895475,0.23659454,0.91970044,0.33119458,1.347247,1.0489564,0.0354722,0.41281942,0.007527598,0.17199296,0.013214816,0.1926479,0.74202156,0.16907193,1.7575766,0.5260922,0.8553327,0.45856655,0.023686871,0.007846592,0.8405011,0.024889544,0.03660413,0.21145792,1.2273457,0.5071162,0.0,0.55088526,0.31250605,0.12703285,0.6779744,1.4555589,1.0052255,0.7477408,0.025240552,0.8854092,0.038767874,1.9933658,0.65955365,0.027067496,2.207398,0.002004062,1.1013113,0.23279865,0.03132117,2.12527,0.32564196,0.05832126,0.0074568596,0.0061280094,0.11626144,1.2896792,0.00017353012,0.21334383,0.0987411,0.013781078,0.06560786,0.0731094,1.6220953,2.0117216,1.2777992,1.4481379,0.8684146,0.23688623,0.89888394,0.72875786,0.1681612,0.003928253,0.3950031,0.022253001,2.2364912,0.26069766,0.14108998,0.9568422,0.74660546,0.25175622,0.62941545,0.17594865,2.0955822,1.2044795,1.4722261,1.5391077,0.30642647,0.23462458,0.9809161,0.76492435,0.29509714,0.019242432,0.0,0.5518609,0.3825423,1.0608821,0.80949557,0.6116153,0.25349915,0.4443986,0.025606126,0.08313482,0.4289307,0.25424424,0.87242335,0.19228004,0.26509526,4.2482185,0.0,0.20634604,0.03915245,0.11285879,0.057482474,0.058944352,0.39538378,0.15787703,0.6050814,3.667161,0.031157533,0.11854538,0.62137395,0.29960713,0.51277477,0.23945469,0.09829087,0.25570238,0.08074355,0.39089903,0.57296515,0.56798214,3.080169,2.9278884,0.29117212,1.0903683,0.3829303,0.14651388,0.06193217,0.13500452,0.344002,0.13241538,0.7147489,0.15659432,0.17664726,0.26258123,1.2791806,0.37293768,0.8782911,0.18073724,0.3799296,0.3826664,0.2651625,0.002667676,0.21469107,0.011689859,0.3131137,1.5030702,0.98438495,1.0013045,0.39341182,0.16037384,0.88769394,0.33148146,0.34243712,0.04791351,0.43612102,0.38903096,0.63599,0.47335225,0.34354165,0.7274841,0.99477136,0.17756395,0.45640618,0.42604357,0.7297019,0.020357728,0.14993699,0.10355207,0.89880866,0.6318188,0.0015436655,0.04290047,0.9793919,0.15743655,0.5427667,4.3316607,1.0809205,0.14444515,0.29965553,0.0,0.42560568,1.1957834,1.0674735,1.9200269,0.6711804,0.04008545,0.3526703,0.17341591,0.6403126,1.113061,0.048975624,0.26553357,0.02510776,0.0033408187,0.0667152,0.1714742,0.071392916,0.80870104,0.42628953,0.15642966,0.1488347,2.671471,1.2964296,0.0016726158,0.054311167,0.056010008,0.7582855,0.55266273,0.19071034,0.29067096,0.6148492,0.43790248,0.11216243,1.8463833,0.7473818,0.41554675,0.1461124,0.18178304,0.54339135,0.34377372,0.60896826,0.6146446,1.8525661,0.5527499,0.35705224,0.08646228,0.8936017,0.4386867,1.0292983,0.808571,1.3250072,0.005257992,0.12555817,0.68357974,0.0992244,0.39540893,0.5838798,2.9829056,0.42673776,0.21238825,0.07106099,2.4876025,0.036766224,0.47761032,0.0,1.151259,0.014159604,0.024601145,0.01874559,0.8770305,0.3704953,0.5216501,0.06554337,0.6341544,0.17938253,3.8401828,0.7052304,0.24088652,0.0,0.1195473,0.95257175,1.0459234,1.2940302,0.1239551,0.4515889,0.20753385,0.039074145,0.28200904,0.16854402,0.047046963,0.19148557,3.6186993,0.18146674,1.1092397,0.6543509,0.5703807,0.15253936,1.108307,0.33620825,0.00874546,0.4266948,0.83926517,0.10129383,0.17957671,0.817112,0.30275714,0.049358677,0.47572747,0.21857968,0.33228382,0.0,2.7085748,0.12095492,0.8134697,1.4369416,1.1946503,0.14081639,0.49459317,0.81114155,0.019496666,0.9877203,0.10703714,0.28440183,0.67360514,0.90647715,0.41402066,4.754351,0.5918861,0.460443,0.025978327,0.3865083,0.024266966,0.61074716,0.38609695,0.88497347,0.46729368,0.049096514,0.75004107,0.19671011,0.019949922,0.20417267,0.86447227,0.76536494,0.08719585,1.0536143,0.66090214,1.8204727,0.9700157,0.47643462,0.74667436,1.7773755,0.32980523,0.66854936,1.4808234,0.043816235,1.0175875,0.56283706,0.4944096,0.16299668,0.08659528,0.27989718,0.23775704,0.15354154,0.4483498,0.401649,0.6874466,0.14168906,0.3403844,1.4709635,0.31103346,0.4635591,0.01155922,5.907561,0.4547256,0.024212575,0.0036879638,0.5350971,0.4368239,0.24324176,1.112192,0.1513075,0.13012905,0.33359137,0.037338912,0.5595572,0.44803402,0.11602804,0.11075923,0.28620008,0.026073022,0.037332237,0.0,5.567992,0.15561068,0.16060537,0.92520326,0.18417701,0.22186579,0.15144381,0.3889379,1.6342083,0.878742,0.31275576,all_pothole_images\pothole_images_new_image_541.jpg
4.626271,0.67972845,0.035232734,1.3559259,0.014232884,1.1721241,0.72609115,0.028783571,1.2350776,0.14427169,0.18106137,0.14027423,0.46906504,0.18760452,2.0915556,0.8942177,0.052648522,0.003705951,0.5802933,0.06840378,0.31503478,0.7964424,1.1791087,0.42917803,0.028599733,0.45666605,0.07259703,1.3826525,0.0016048388,0.26770929,1.2037221,0.17607047,0.8169129,1.2371353,0.05866104,0.2763542,0.2209004,0.47060552,2.0642774,0.9121006,0.51862675,0.5263526,0.012828022,0.22883548,0.69625825,0.84413713,0.87853473,0.3682137,0.2320654,1.506194,0.95119715,0.18143883,0.31043223,0.0,0.17071132,1.237498,0.70043164,0.08536939,0.60840434,0.054445554,0.31047004,0.0,0.89855397,0.15208295,0.21374889,0.94148767,0.030120883,0.0382742,0.71315634,0.65368485,0.10264232,0.20302223,1.0329558,0.49629694,0.006517016,1.1533816,0.8262737,2.5319223,0.75303066,0.23741272,0.21112934,0.10809367,1.1859217,0.24261793,0.67622334,0.16130787,0.15361,0.19702648,2.514906,0.40969428,1.0178993,0.08271036,0.4467975,0.7780805,0.7414997,0.0,2.6170502,0.17321707,0.49544773,0.8825746,0.09730073,0.29137602,0.089523,1.0446221,1.4911934,0.56777835,0.14187087,0.1968054,1.5231335,0.99801993,0.028099673,2.3627145,1.4213493,0.613711,0.0138628455,0.60125124,2.182603,0.8513865,0.09232221,1.4843298,1.5820416,0.34698817,0.14122997,0.47711298,0.068358704,0.122840956,0.07981588,1.3718909,0.3560565,0.014353899,0.1708403,0.021018123,0.19213818,0.0,0.16742642,0.20722905,0.5846003,1.7047409,0.06949806,0.28776085,0.564491,0.08964749,0.13487244,0.59813863,0.09543337,0.7771282,0.35481396,2.8729806,0.34945944,0.42877617,0.2617664,0.016481008,0.060713116,0.5872402,1.0196702,1.0840571,0.7054263,0.5768348,0.24046072,0.39871523,0.3919583,0.62005144,0.2826208,0.38284636,1.199442,1.0940808,0.09969931,0.023779567,2.6771932,0.5195491,0.30085373,0.014159234,0.23996633,0.116249055,0.8562721,0.32105386,0.37186876,0.04373079,0.024267094,0.46735817,0.11201621,3.0364354,0.9024394,0.95800346,2.0994325,0.3256719,0.58892447,2.5068383,0.30176103,1.0199895,0.06235699,0.2557743,0.15736265,3.169934,0.8332949,0.13947728,0.3177777,1.1699468,1.7349554,2.0137606,0.26278773,0.8245298,1.5188917,1.5274556,1.338464,0.72962266,1.0283172,0.28945932,0.5874496,0.31462166,0.3479473,0.03353323,0.51490515,0.3625663,0.035822723,1.3041573,1.1356853,0.2775395,0.06782697,0.63679355,0.13599718,0.11443014,0.31362653,0.72567797,0.65749717,0.8531128,2.7527297,0.63573444,0.5136737,0.563281,0.48888004,0.7743493,0.2033681,0.5928839,1.3451678,1.1966938,3.5845137,0.03968057,0.44140548,0.0969843,0.6212303,0.9609419,0.5280073,0.28674516,0.0,0.14113499,1.4050817,0.24094856,0.35128543,1.9240822,0.68696326,0.569445,2.1616697,1.0524759,0.5903915,0.0831772,0.5843924,1.2037643,0.16574709,0.6799123,0.08455469,0.6668654,0.31817606,1.2897456,0.15039547,1.867025,0.25939772,0.89080113,1.4062455,0.3572754,0.41196293,0.0800112,0.0,1.6250415,1.6449217,1.103513,0.7531011,1.5318494,0.34640667,0.40243304,0.035963062,0.28807214,0.015447904,0.30120468,0.22427064,0.4674972,0.12361055,0.47221097,0.50497526,0.80056125,0.8495441,0.33840787,0.6807612,1.3682022,0.10177072,0.10093848,0.8909926,0.58895195,0.9299002,0.08409663,0.094814755,0.29851633,0.102947794,1.011899,1.9679911,0.8408379,0.40596977,1.3792211,0.0,0.24094525,0.6646658,1.7678652,2.0140004,1.1766922,0.09490195,0.13908921,0.0034791587,0.29806823,1.6612595,1.2436235,1.4860343,0.026901891,0.80681163,0.02066006,0.023750443,0.035033684,0.737085,0.06849152,0.23796052,1.2219584,3.7686243,0.28268236,0.0,0.05212183,0.082977936,0.8591886,1.007493,0.019253468,1.2072151,0.22496767,1.0296912,0.5714526,2.895746,0.1295604,0.0321626,0.2639365,0.08313856,0.26451728,0.3523554,0.5998625,0.69621044,2.0946631,0.5264957,0.10016125,0.43199775,0.10098454,1.0868088,0.3583392,0.614712,0.59691465,0.052394412,0.61430633,0.6520832,0.261262,0.10153316,1.6852015,2.0343575,0.7890513,0.5945077,0.00050198927,2.9370773,1.3570323,0.92262447,0.04148916,1.19551,0.028730903,0.33861098,1.4033102,1.1260042,0.71554065,1.9260814,0.06756351,0.0962864,1.5723778,2.660491,0.5227335,0.3552292,0.14954917,0.024642834,0.13175894,2.1239166,2.370569,0.04030027,0.023322562,0.60044783,0.022149907,0.6631119,0.9697785,0.65335286,0.7934416,2.9087853,1.3671066,1.7264956,0.16726623,0.26619676,0.9943555,0.78002656,0.20464586,0.28929487,0.64614636,0.45349228,0.20009406,0.26674503,0.891636,0.049477868,0.30934575,1.0047103,0.09089608,1.2576928,0.03445454,1.1975573,0.6842929,0.68875784,0.13229755,1.0644876,0.0061117243,0.5661368,1.4134623,1.1825577,1.5656555,0.0,1.2405185,0.3777122,0.3814272,0.23290911,5.4039536,1.1148,0.598933,0.16967215,1.301847,0.5614372,0.5601855,0.5022452,0.050156817,0.81299466,0.12815498,0.29509428,0.8189654,0.1612505,0.64567757,0.64517844,1.1514348,0.05555532,1.2803124,1.4664987,1.8114619,0.70783883,0.45381624,1.6759412,2.7132456,0.47500432,0.5390252,1.8539101,0.013634369,1.5438752,0.4670698,0.36447823,0.1497768,0.64520735,0.27797398,1.3106959,0.07965619,1.113924,0.102669775,1.4767803,0.25309205,0.46875504,0.4947014,0.60851187,0.007837373,0.06586185,6.32772,0.37193426,0.07201984,0.059360757,0.8648014,1.1444888,1.7817589,0.5997649,0.06267932,0.522902,1.3730792,0.17060229,0.49067718,1.1911142,0.6868297,0.3540487,0.15789522,0.85451394,0.56815994,0.2026129,3.5031426,0.81717414,0.41509682,0.7640344,2.0483174,0.7738721,1.1242301,0.6276574,4.1260157,0.6193691,1.1043166,all_pothole_images\pothole_images_new_image_542.jpg
0.3234607,3.0352316,0.25717905,1.986491,1.6044688,0.947918,0.29249057,0.53605163,0.24253817,1.4549465,0.41262358,0.5266267,0.36494184,1.6504318,0.3995649,1.6063147,1.2194946,0.336207,1.0485626,0.51874983,0.034979217,4.864355,0.40007845,2.3316333,0.18351354,0.32547963,0.01513679,1.722722,0.14774245,1.2206726,0.85973346,0.31758767,0.6114433,0.20862044,1.2600374,0.60511357,0.9886739,0.13976751,1.0256418,0.65699106,0.20292017,0.06310702,0.51360327,0.6030601,3.4369516,0.20963174,0.20947348,0.0032733819,1.039852,1.47047,0.61145836,0.5804129,1.7054678,0.9425408,0.57517624,2.8957956,1.975433,0.036389247,0.98839515,1.1780844,0.36320877,0.0009197392,3.1171284,0.37704983,0.47527382,0.70345384,2.4199164,0.35368007,2.7103856,1.2322596,0.5487234,0.7366837,0.0022744308,0.020085754,0.6667038,1.5783889,0.7590694,0.4398337,0.044012856,0.27484238,0.3323656,0.4446517,0.6703619,2.2608385,0.8266285,0.591274,0.7487719,0.21600577,3.3699534,0.35400978,0.4696269,1.0966336,0.5236706,3.7582607,0.87536824,1.1034905,0.56386614,1.267791,0.054460686,0.778839,1.2889447,0.50051975,0.15547837,0.25626308,0.42840743,0.0,0.72067183,0.009713726,0.26673186,0.19371423,0.88946164,3.591336,1.9551021,0.13760541,0.35338315,0.98225945,0.4775172,1.667055,0.3727223,0.7179155,2.6285782,2.142333,0.47246093,0.05120834,0.43115476,1.8578026,0.050438117,1.2982789,0.48589027,1.4928641,1.2351451,0.019063516,1.0716186,2.4380155,0.8306939,0.1234781,0.66293305,0.014689478,0.7293016,0.72476584,0.89888114,2.1294262,0.15169546,1.0292993,1.2572942,0.36490867,1.1966603,0.015010768,1.1369169,0.92918473,0.042081,1.0791814,1.1884344,0.09690424,0.48501268,0.064024754,1.8098711,1.037327,0.3581024,0.33684805,1.8625308,0.21452817,0.4704371,1.3775182,0.7507877,0.048171967,1.6812944,0.4107265,3.302333,0.27537146,0.9731889,0.07868676,1.4702117,1.4788891,2.4224725,0.20413539,0.9426093,0.42906457,1.1751564,1.5910052,2.0901675,0.89181626,2.5685115,0.08919175,2.7436817,0.30988985,0.3464666,0.12552047,0.37996298,1.3238902,2.260267,3.0889874,1.090152,0.89852345,0.5357242,0.234861,0.07044979,0.866121,0.69913745,2.48147,1.0208335,1.7331245,1.3752011,1.3565773,1.3037922,0.56155556,0.18841471,0.21405989,2.1762607,1.7150285,1.2349331,0.27431765,2.5221982,3.7257178,0.5975736,0.39782473,0.48726326,0.6060734,0.297575,0.6477212,0.86214864,0.69867784,0.5842721,1.0233794,0.14873464,0.4418549,1.1192013,0.1988649,1.0862592,0.045285247,1.2254026,0.93131894,0.903354,0.3961666,0.7552546,0.12215065,0.74319875,0.26054755,0.06339664,0.15793638,1.0754431,0.4604808,1.5825337,0.13438287,0.266837,0.24205756,0.73008144,0.091891974,0.30005893,3.290262,0.83544827,0.082535215,1.2641845,0.016413374,0.6278998,0.2099593,5.5844264,1.2866801,1.661162,1.7839806,0.7426506,0.8898972,1.7065905,0.2673872,0.3649351,1.3155559,0.9102512,0.45697904,1.3827978,0.17509767,1.4938339,1.8997391,1.1136764,0.40309143,1.1836764,1.0885937,0.9183474,0.6430563,0.62817156,1.1300385,0.7224373,1.0570045,0.1354886,0.95885926,2.7607045,1.0683358,1.2516122,0.8190326,1.647902,0.22738618,0.16418533,0.33576512,0.73816437,0.52407736,1.9753088,0.45103586,1.0811943,0.5496845,0.9081234,0.23928829,0.06828911,1.8510163,0.19611397,1.7564739,5.264453,0.37476715,0.28558537,1.1868219,1.7436417,0.13349181,0.065332964,0.9814408,6.5603414,0.6676837,0.7220162,1.3726616,0.5677682,1.1467844,0.4143482,0.17288,0.46344706,0.7607524,0.1595069,0.51429296,0.92986727,0.98481894,0.22910888,0.601856,0.81191033,0.6516358,4.97364,0.6397389,0.17932549,1.7934698,0.79399717,0.6787446,2.534182,0.19097418,0.69448227,1.0219287,1.1573414,2.7162082,2.3708918,0.11681173,0.75856656,0.836619,0.6483686,0.116805114,0.42400882,0.80459774,0.30590966,0.8739773,1.2596812,3.4539716,1.0686313,0.2278839,1.7610992,1.623404,1.4637196,0.0013054027,0.12723278,0.08178449,1.61096,0.16516985,0.18818757,0.07844482,2.1666539,0.559919,0.29840678,2.7421257,0.24576315,2.1219923,0.7116965,0.08681578,1.9424429,0.9716907,0.16800487,0.7909344,0.25714546,1.7097691,0.06730108,0.9792613,0.9443251,1.6331741,3.1340525,1.4553057,1.9471849,2.359844,2.7411287,1.7952652,1.5606064,0.076648295,0.57007563,0.9852896,0.63165665,0.17750855,0.64469224,2.0749166,0.93266183,0.40571788,1.2953677,0.17891185,0.490386,0.20732495,0.5248089,0.0023748782,0.7482086,0.97210175,0.14640886,0.8304803,1.3253002,1.1008409,1.5584272,0.85102314,0.5639886,0.17033775,1.69583,1.2686793,1.3153487,0.011758323,1.0843271,1.4267224,1.6988378,0.10643171,1.5182439,0.88638234,0.17363155,1.296054,1.0281636,0.26702628,1.2290589,0.9832378,0.6046018,0.99745643,0.09351156,2.7935486,1.5579361,0.5469158,0.4043803,1.8505383,1.6403687,0.21499738,1.5061082,0.19684546,0.55819607,1.664508,3.0864196,1.4289962,1.1246927,2.2023392,0.5530657,0.47090065,1.4460131,0.592432,1.03458,1.5096437,0.66738534,0.6722759,1.1730644,1.3215489,0.74736226,1.1945337,0.38917845,1.2217066,1.6791679,1.2741257,1.9531486,0.27409592,1.2943019,1.3507094,0.73622674,0.98417544,0.50663674,0.5043739,0.19427502,0.07473947,0.9629501,0.13566986,1.0313252,0.3240767,1.385303,2.5434988,1.1569638,0.6544741,0.0090278555,0.8553036,1.1106895,0.23115543,0.6109862,0.004019286,1.0749671,2.2959938,0.06255257,0.061558906,0.5323597,0.81629896,0.8408273,0.7878059,0.25818905,0.54130834,0.030124854,4.7858133,1.8859879,1.0586329,0.5307833,0.59007245,0.0123569975,3.0343134,1.1381904,2.7032247,0.8612993,0.09456918,all_pothole_images\pothole_images_new_image_543.jpg
1.0074102,1.6388842,0.60496557,1.7494192,1.0189226,0.4841929,1.0701792,0.36716858,0.6494566,1.0458547,0.19804685,0.72110677,0.10834383,2.8882093,0.63878256,0.13453054,0.074080974,0.48307,2.942379,0.9677218,1.5272402,5.452355,0.7182732,0.775178,0.5565042,1.2490939,3.2547894,1.6472971,0.4392437,0.9634187,1.1175096,0.38386628,0.6618379,0.4563757,1.8401445,1.4678828,0.94593877,2.933774,0.17925988,1.2515014,0.42095503,0.28641188,1.0618382,3.1045141,0.11083816,0.8246409,0.3284687,0.062442116,0.77502674,1.4468919,0.31351823,1.4565364,0.45686445,0.98805946,0.5263234,0.33762506,4.1729007,0.13232705,0.6416102,0.13993326,0.7813063,1.1791114,0.64708865,0.13659297,0.46924987,1.5478078,1.1661668,0.07706901,1.2136545,1.0405749,0.35799998,0.90239674,0.46324784,0.40902328,1.4061072,2.2082763,0.6111108,0.06800379,0.31590062,0.4566173,0.8385203,0.027047677,0.28340456,1.447574,1.4536973,0.78217524,0.16686916,0.32590985,3.1480553,0.06570459,0.3340485,1.1368966,0.029175194,1.1418833,0.5116253,0.041376002,0.4239669,2.6006668,0.975619,0.46703345,0.23848401,1.0965245,0.84038705,0.5476338,0.05823463,1.3670934,0.1681328,0.28551644,0.013666444,1.178665,0.18566684,4.840112,0.42665333,0.5783888,1.0304333,0.19201072,1.7532876,0.1359971,2.202418,0.5464151,1.8186704,1.902941,0.53362155,2.2494476,0.5552493,0.25313613,0.4478531,0.3162995,0.21863931,0.34882206,1.3119435,0.7204133,1.2539382,0.4013797,0.71888816,0.28583634,0.023139186,1.7861857,0.47283772,0.15893808,0.47143605,1.2176642,0.12119192,1.592843,0.9012594,0.12803891,1.228604,0.0,0.36227256,0.94884247,0.5670219,0.40530974,0.08589192,0.20494293,3.3713067,0.29590884,0.510604,1.4215019,0.77760804,0.4886002,2.1939127,0.18950929,0.9558752,3.38202,0.066924095,2.2095168,1.2138973,0.5234644,2.0519636,0.117498174,0.6569665,0.37858352,0.6613332,0.80238277,1.8699017,0.39165053,0.10183064,0.039663367,0.26999012,0.0020470081,0.5662132,2.187857,1.3026863,1.0495795,0.6167685,1.7679685,0.45306256,0.09099964,0.17303152,1.7293042,0.8946009,0.6682269,0.27550513,2.9906018,0.042829882,0.599179,0.32907617,0.9492264,0.61038995,1.113431,0.37926406,1.2153534,0.83538574,1.0062343,1.4617525,0.5225514,0.36323538,1.1724702,0.14888963,0.29778707,0.10748218,0.32876858,1.2468182,1.7954819,0.7318466,0.9355367,0.555988,0.5429749,1.3068577,1.2967205,0.25912574,0.064569175,1.3284398,0.572811,1.2621939,0.78730243,2.2338653,0.19526856,0.5792157,0.42436653,0.6040762,1.3761115,0.37078774,0.49578616,0.7139366,0.119869456,0.17008345,0.9206331,0.016327139,0.19949779,0.01935422,0.115640596,0.4447668,0.7501747,0.5306511,1.0165181,1.3818107,0.061688364,0.7663859,2.2601511,1.7772864,0.9204618,1.5935438,0.17041801,1.0818232,0.37422436,1.9141437,0.6192061,0.52790904,0.76339877,0.29387853,0.039238174,1.3771149,0.64160407,0.5719939,0.806876,0.08649897,0.7869713,0.06030462,0.53339237,0.51990056,0.8772518,0.22000048,0.5463596,0.46433303,0.43760726,0.9473013,0.0,0.5883184,0.33578187,0.0,0.4014328,0.07827228,0.21016379,1.4734238,0.86361897,1.8190261,0.90571773,0.37757352,0.14434884,0.2511622,0.6907057,0.575908,0.15704156,1.5345219,0.92639035,1.9882082,1.1338831,0.7510597,0.7884408,0.16980852,2.0268183,0.25041375,1.8699194,2.895674,0.7134227,0.47917575,1.1060604,0.29965958,0.04348488,1.6305666,0.5702938,3.0354137,0.35107335,0.13872524,0.7757862,1.0177997,0.5779758,1.7959813,0.34008446,0.18110816,1.1710138,0.26474965,0.44895217,0.8563854,1.8876817,0.63097817,0.5512027,0.9889451,0.872464,0.4055955,0.89062226,0.27602795,0.097098455,0.31948668,1.4454058,1.4776111,1.5407115,0.04077808,0.92597175,1.3886644,1.1508253,1.1903375,0.016296126,0.16444673,0.2427893,0.037533592,0.33425704,0.009694553,1.5382322,0.86790997,0.8509318,2.8671467,1.022857,0.86787593,0.37846228,0.5290836,1.7173442,0.8839898,1.1651683,0.24381915,0.5949229,0.05047991,0.9840633,0.73202384,0.25767812,1.3902715,0.17691427,0.019031577,0.4080042,4.160262,1.5545497,0.59702754,0.43707955,1.1332335,0.33598584,0.19132298,0.84359574,0.06412634,1.5544816,0.43615574,0.19151977,0.81051385,1.8313534,2.8209758,2.9503636,1.8072792,0.35622334,1.8291852,2.0459385,3.8441377,1.431946,0.0065640956,0.90473235,0.23203032,0.7318103,2.2093804,0.462941,1.4793147,0.1626447,4.243821,0.716443,0.022806473,1.5762497,0.2600765,0.00431957,0.8822402,1.9486716,0.36568972,0.45177802,1.0895585,0.5035157,2.237507,1.4843696,0.012444017,0.17622916,0.44782606,0.20620804,0.20777692,0.72570956,1.8076632,0.17965102,2.6827574,1.306507,1.0667025,0.97140586,0.998589,1.2769978,0.6387408,0.80688995,0.13597043,0.94846094,0.28785107,0.5176215,1.6043622,4.1297617,0.4366643,0.26523015,0.54491764,0.041330166,0.76542974,0.15529196,0.26914933,1.0275934,1.0560231,0.00979286,1.6866417,0.14118454,1.4683535,1.6939983,0.88111305,1.6399018,0.41097832,1.816258,0.8282463,1.4062591,2.9550562,1.1469082,1.1624229,0.22577287,0.67640513,0.35165116,0.32395032,0.21835272,0.79480296,0.74576235,0.2451442,0.0039492543,0.11074629,1.0993949,1.535255,0.9671539,0.0,0.66007143,1.0227097,0.9346995,0.55105674,1.6175382,0.5147603,0.16551532,1.4552089,4.378988,1.0626185,0.9799658,0.023467142,0.7871419,2.3437815,0.61963534,0.37644953,0.1980424,1.179517,0.440846,0.17189434,0.38157555,0.20183417,0.21269673,0.8270335,0.51911944,0.23525539,0.17744014,0.1419582,4.865029,0.43414962,0.9518594,0.47379214,0.18443891,0.020930195,0.8712339,0.2262241,0.41536978,0.28507927,0.3153408,all_pothole_images\pothole_images_new_image_544.jpg
0.03898646,1.2414427,0.077291384,2.9944026,0.54871535,0.08442004,1.1476094,0.12669222,0.005148518,0.44156864,0.8438482,0.82839215,0.06344618,1.6404009,0.0064097582,0.20926237,0.37628213,2.486089,0.8500612,0.32316175,0.24077041,1.2811309,0.6550025,0.7341561,0.314638,0.49135953,0.13067451,0.786889,0.13099702,0.11110813,0.14624292,0.012123966,0.09899306,0.25679052,0.3445428,1.3197943,0.81868666,0.6677397,1.1781449,0.18330275,0.010049647,0.6509845,0.17258169,0.7194545,0.8123988,0.022933748,0.38511252,0.022056758,0.19443814,0.032101534,0.104551725,0.18870641,0.0,0.0063859844,0.2273268,1.6940157,1.3599663,0.99928933,0.37437075,0.09019556,0.60787946,0.51762676,0.7356753,0.19983058,0.24221131,3.0621667,1.0917325,0.43829542,1.3597312,0.6949145,0.07828763,0.515277,0.12418116,0.0057542142,0.15683685,0.0153236305,0.45928246,0.16154826,0.0,0.08348618,0.023941059,0.37101966,0.88734066,0.7139209,0.62626326,0.0,0.29250365,0.036518555,0.9255629,0.6141526,0.0,1.0299847,0.40467376,0.35482916,0.11266188,0.0,1.0661808,1.0024085,0.3263152,0.52431905,0.46283963,2.7958794,0.91718787,0.42301485,2.02252,1.0520538,0.26790446,0.0,0.2017264,1.0332704,0.20673701,0.23739873,0.32955822,1.195147,0.5409701,0.16070417,0.0040137465,0.3431788,1.9313467,0.17484152,0.38887587,0.14881374,0.014534349,0.49782515,1.49,0.78139585,0.06932387,0.120533705,1.4339854,0.2556348,0.7146539,0.24745573,0.35841674,0.2774947,0.16622064,0.15358905,0.0,0.19314817,0.14723596,0.0017640814,0.29821095,0.18862475,0.13989553,0.17790212,0.054427315,1.1459658,0.077625446,1.2522916,0.11496241,0.019406894,0.0013360654,1.0848236,0.13245867,0.38430595,1.4895962,0.08101978,0.22395763,0.50409925,0.5287423,0.22746982,1.6836878,2.8032904,0.14924549,0.62130183,1.4752303,0.0015361157,1.9732404,0.25951836,1.2194226,2.39761,0.9344124,0.033532795,0.004388664,0.80250996,0.47218093,0.20019594,0.07338495,0.0,0.2534366,0.025284555,0.030165866,2.2250044,0.6509472,0.19165735,0.44475114,0.38282427,0.97900033,0.30144244,0.18876623,0.57575023,0.43477482,0.043451298,0.8587314,0.29319215,0.0687775,0.03248287,0.64279735,0.6372745,0.720135,0.008761119,0.10696342,0.9659358,0.23195663,0.12028091,0.8056007,0.06938716,0.191704,0.023841152,0.5147124,1.2255404,0.11352718,0.16120648,0.8920381,0.2039418,0.90019363,0.48139337,0.7428877,0.09878906,0.3219629,0.41692275,1.6092404,1.28758,0.14875656,0.35093242,0.0,0.0,1.15989,0.0,1.3579733,0.058797505,0.030796062,0.45555356,0.95398384,0.05984096,0.047306377,0.04342655,1.6822385,0.60720557,0.38564524,0.01789565,0.2973478,0.11821408,0.096154325,0.16887547,0.046795018,0.010920717,0.3058419,0.5324364,0.61782426,5.550171,2.6952882,0.0017125668,0.2627818,0.0017638475,0.016570793,1.4528053,0.18985993,0.73805225,0.12203717,1.9122108,0.19812623,0.0058929184,0.3846918,0.69899905,0.13078298,0.057985585,2.6161542,0.07456817,3.556364,0.0052602394,0.3818352,0.10194513,0.6199398,0.3826519,0.39900577,1.0415486,0.0036275568,0.33153182,0.40724066,0.31837246,1.5006022,0.042709768,0.3270476,0.032096595,0.008878,0.0,0.20793027,0.0,0.32498208,0.48169583,0.1790733,0.22753273,0.041230433,1.2457962,0.33504727,0.23339084,0.09046485,1.6138031,0.08182619,2.473206,1.1218647,0.2473497,0.01755449,0.091544814,5.1734796,0.00046764602,0.12984666,0.09738542,0.05022645,0.26799202,1.0207968,1.1247889,0.5235459,0.14438824,0.6835427,0.41375598,0.09847979,1.6489209,4.4750495,0.13720512,0.4137356,0.0021032046,0.11790391,0.026772527,0.21467209,0.094501115,0.15824601,0.00051941257,0.46124077,0.11702344,0.45859107,0.03366098,0.7273669,0.4852269,0.007323023,0.016371252,3.302647,0.9095525,0.100239635,0.39657763,0.062968194,0.019947711,1.6701436,1.3169123,1.2266726,0.5794585,0.15690501,0.03003802,0.06735613,0.67683566,0.53217375,0.08038866,0.018525748,0.26826033,0.19726865,0.06141755,0.2207088,2.6881127,0.63128734,0.2629823,0.24456145,1.9857949,0.13677892,0.0,0.00094397395,0.0,1.736454,0.0,0.19178818,0.24110731,1.2552556,0.27748358,0.26061928,0.21109429,0.2908892,0.46534926,0.03617897,0.02487005,0.534462,0.14931402,0.573057,0.0028650884,0.5799878,0.4487057,0.5435778,0.036303796,0.5490992,0.0010676295,0.000115591916,0.31302804,0.17407133,0.08575882,0.033618163,0.52062607,0.0,0.001874012,0.5986689,0.044708032,0.61213285,0.17608172,0.73250616,1.6452612,0.7714061,0.50663537,1.0051574,0.39746863,0.15297772,0.8487469,0.15043478,0.29074353,0.012937764,0.7174385,0.03820622,0.066663705,0.037837733,0.71894807,0.11335143,0.3763755,0.912363,0.12125718,0.7255091,0.56174475,0.3199248,2.8359306,1.5511919,0.232144,0.45919523,0.015264018,0.044837546,0.08099773,0.517971,0.3206383,0.37083855,0.056880556,0.38119468,0.6859165,0.16013001,0.000986122,0.31208107,0.0019227681,0.5317991,0.31995615,0.121524826,5.6170076e-05,0.26235166,0.1116259,0.14935318,0.13023548,0.6965425,0.38069093,3.410969,0.11161281,0.86763597,0.17914498,0.19307646,2.3561912,0.052722614,0.061143816,0.00776169,0.6787015,1.1395304,0.021884723,0.93085665,0.0075951666,0.59527594,0.0,0.23760465,0.0,0.78705657,0.7816234,0.78384584,1.6350172,0.086769104,0.21963497,0.75135475,0.18678655,0.4469864,1.418193,0.40735874,0.16119388,0.44867095,0.17253552,0.7660022,0.030354694,0.038271926,0.18841362,1.4128271,0.07143717,1.1684656,0.028816532,2.1068492,1.6771094,0.16468063,0.01234015,0.0,0.117515415,0.3038738,0.08678685,0.06631366,0.04514361,0.641667,1.8935262,0.046393782,0.0,0.22827081,1.2638831,1.1064997,0.87184995,0.13548781,0.8171843,0.20565768,0.19261286,all_pothole_images\pothole_images_new_image_545.jpg
0.63677526,0.71544176,0.75720984,2.115296,0.08977684,0.03838934,0.31730542,1.5430855,0.31003508,0.10854195,1.8172536,0.40082145,0.17984055,1.102583,0.48463923,0.09341298,0.0032599012,1.2080734,1.5632951,0.8807105,1.0977577,1.503701,0.18240449,0.3526769,1.5305552,0.26342347,0.04414368,0.9558571,0.003481282,0.08964589,0.18126927,0.754811,0.16140087,0.33261284,0.14938891,0.91997296,0.297918,0.03576346,0.33806562,2.3521814,0.8259125,0.3500743,1.5690238,0.83874154,1.0439445,0.91420174,1.5839905,0.11081865,0.23989849,1.7637362,0.05739514,1.3026059,0.74894696,0.59046656,0.70378786,0.44426173,1.2179924,0.08552603,0.42722413,0.33572572,0.84818095,0.17640454,0.8283001,1.0188344,2.7123911,4.138755,0.70361435,0.4086546,2.909673,0.04366757,0.8828598,1.3638444,0.8940906,0.30888957,1.4611181,0.9605742,0.0982755,0.19264163,0.11191185,0.48552477,0.018730715,0.083597735,0.20254226,0.8076817,0.39998028,0.7629018,0.17229685,0.082112774,1.5163417,1.1615082,0.24180254,0.11254305,0.40208498,1.3263088,0.5807537,0.17987315,1.9315313,1.2217836,0.26523075,1.2076426,0.2529809,0.6992264,0.4603763,0.08170549,2.4105942,0.6280765,0.9808398,3.63071,0.75298697,0.15305798,0.21868552,3.7463882,1.99837,0.244756,0.26518482,0.081360765,1.7604675,0.22152781,1.0815742,0.060853902,1.699556,0.11696343,0.544725,0.24913034,0.5334566,0.34025046,0.15091479,0.14071995,1.274422,0.5421156,0.23078366,0.052484155,0.10631259,0.11474722,0.09930156,0.94192845,0.60041267,0.7934324,0.7855559,0.027447876,0.44705114,4.1491475,2.712445,0.06342173,0.17584656,1.0922785,0.30034637,3.880586,0.4465964,0.15430766,0.67891985,0.6287774,1.0082306,0.33509484,2.3908193,0.82186866,0.48433277,0.022817446,0.74030894,0.14879721,2.1722746,0.27447325,0.57033014,0.2336894,0.5005857,0.42185685,0.15858196,0.6483453,0.6808308,1.2157634,0.046776574,0.1266069,0.8623388,0.6400987,1.9224508,0.851981,0.36785004,0.5175,0.8377562,1.2022772,1.8645692,1.9635439,2.4071372,1.2094525,2.271392,0.13380845,0.57819986,2.2014256,0.93496174,0.5416988,0.30085474,2.7054923,0.2836603,3.9545333,1.4372122,0.34681994,0.2664881,0.55123323,1.9557172,1.868496,1.5003903,1.030825,3.6907504,0.5535272,0.62497103,0.8732267,0.5284654,0.54146266,1.2437644,0.15082298,0.042735703,0.87557465,0.30541322,1.9291301,1.7535721,3.3439345,0.23966403,0.75781643,0.8004182,1.6231976,0.037025314,3.0586317,1.4356679,2.0885458,0.6398044,0.5446108,4.298298,1.8578687,0.20785475,2.6862202,0.2944526,0.72397435,0.88222915,0.49722672,2.9465363,0.2092453,0.399804,0.10483615,0.8703533,0.997655,0.7259211,0.5920453,0.907026,1.532935,1.3090545,0.108845696,1.0551913,0.1663295,0.12363846,0.8592604,2.7028506,0.5314597,2.1441755,0.1392585,0.47268707,0.17348264,0.47847116,2.113997,0.8558579,0.48132756,0.11530991,0.01857994,0.7864312,0.93707734,0.3825451,2.1429513,0.6636424,0.82767975,2.59325,0.8182509,2.1944273,0.2848522,0.045546915,1.0442379,0.012004928,0.7711976,0.91580975,0.96796167,0.22062367,2.3746066,0.44039804,0.44079125,0.08499513,1.2807167,0.46488693,0.8362354,1.0456337,1.9105186,1.5935161,1.7868506,1.113706,0.61700755,1.543136,0.3726853,0.042408053,1.2418396,0.67089236,0.8390677,2.5349548,0.28993496,0.5491305,0.40155122,0.60430807,0.47554377,0.23658304,1.3002878,0.2028218,1.5037519,0.2663625,0.2882625,0.5796838,0.6932599,1.2348876,0.7018786,0.35794222,0.3407529,0.0,1.2027712,0.24251366,0.6740324,0.26239267,0.60693055,0.15748128,0.15010011,1.7979599,0.22880128,0.087954074,0.023466006,1.4517548,1.4873439,1.9524904,1.5726981,1.563133,0.2481488,0.4148367,0.22192545,2.2357156,0.47941703,0.71245813,0.9365119,0.52047694,1.6225103,0.68318826,0.55138814,2.138954,1.1603096,2.0627751,1.8218253,0.83992565,0.18148813,0.188436,0.65591174,1.1621757,1.0748931,0.5837048,0.9624805,0.4335647,1.6541795,1.3455863,0.8011424,0.80877,0.03599714,1.5504799,1.3290712,0.042726167,0.17666377,1.3332597,0.26279816,1.1224235,0.49606252,1.7602414,1.057285,0.34763935,0.111261,2.3411074,0.15088552,0.32471675,1.3346921,0.65243566,0.5587382,0.379351,0.49629852,0.79683185,1.360421,2.464418,1.1846824,0.11771356,0.014358838,0.035919584,0.7261309,1.0507354,5.5284524,0.26968586,0.86162627,0.34348762,0.18567227,3.2445936,1.261396,0.08477315,0.2711778,3.3508692,1.0299547,0.26440957,1.526615,0.1565116,0.48867914,0.39550164,0.9807103,0.20808122,0.37885565,0.30622882,0.86025035,1.5696403,0.3892712,0.016248174,2.0869176,1.7863908,0.30181077,2.0835679,0.014267266,2.207048,1.7032521,0.3795803,1.0255971,1.2482439,0.02396729,0.10651329,1.1725129,2.351506,1.2655612,0.026895246,0.71005416,0.7696735,1.1369163,1.8520783,6.145478,1.1838075,0.7334534,1.9324942,0.5540557,1.4548699,1.4036486,0.2959836,0.8515348,2.0124211,0.33853817,0.358075,0.5567349,0.041652787,0.20757402,0.13234495,0.74070853,1.3272197,0.09158481,1.4514462,1.7073635,0.6710491,0.8164099,0.27571866,1.6596391,0.38111293,0.14494441,0.35003892,0.9500905,1.1734087,1.9575791,0.36387685,0.0421494,1.006722,1.8607526,1.4019439,1.1443049,0.2600843,0.058571007,0.4689855,0.8940009,1.1094137,2.2269354,0.21936883,0.09829356,2.7764692,3.544246,1.8709956,0.25113073,0.012651557,1.8261231,0.4084696,0.47059494,0.875267,0.085839145,0.71115047,3.262392,0.6283011,0.13711621,1.4090317,0.94955355,2.2865574,0.20452721,0.32107905,1.9206406,1.3610039,3.5609105,0.77021277,0.83998775,0.011210899,1.7381486,0.67920387,0.18488553,1.2022109,2.4677434,1.2872468,0.5528432,all_pothole_images\pothole_images_new_image_546.jpg
0.082302265,2.0492783,0.8801226,1.050482,0.70134044,0.6257872,0.17778404,0.09373278,0.6757372,0.60297394,0.6671219,0.26304772,0.09009384,1.0301372,0.08998455,0.55997044,0.060281374,0.004360833,0.13832918,0.31276476,0.15836254,1.1342126,1.2774279,0.6647191,0.3562917,0.22389394,0.12367912,0.56273025,0.082098976,1.2495291,1.1667912,0.0,0.003496008,0.37509885,0.37158155,0.0443622,1.065653,0.8026657,0.4071895,0.7967308,0.26186177,0.92595655,0.7543589,0.9121062,1.3631859,0.40264073,0.14240333,0.031862326,0.0,0.0,0.9069634,0.0991714,0.17705487,0.529808,0.16527653,0.125203,1.9354992,0.012864933,0.089072384,0.05518572,0.0,0.08836127,1.5924786,0.11573359,0.43218625,0.29869688,0.71840876,0.039592884,0.0059643453,0.21285442,0.28283536,0.52242595,0.1681582,0.2752876,0.12641771,0.98684525,0.50679284,0.29204196,0.0,0.2053964,0.04903263,0.6133635,0.1312371,2.7611039,0.36761633,0.7144291,0.04765446,0.32748023,2.5527527,0.12986875,0.06496196,0.0,0.3561172,0.17894351,0.08666914,0.0077827955,0.6808118,0.35730347,0.78324676,0.43443975,0.6055399,0.89454603,0.0450174,0.04731876,0.41344887,0.24487156,0.5031949,0.010231246,0.025335696,1.9196942,0.27573627,0.71642214,0.32653934,0.27981126,0.05742212,1.5036337,0.7738862,0.049068343,0.65297705,0.40840662,0.37404758,0.47004953,0.41249353,0.18957417,0.61056304,0.71606535,0.39353466,0.0,1.8127282,0.88224626,0.24163386,1.0754615,0.8931392,0.16822176,0.43436104,1.1364915,0.46677062,0.27475303,1.8438646,0.19988422,0.4469704,0.5011996,0.21075957,1.6231955,0.25120577,0.18333155,0.081723735,0.6022334,0.22708622,1.1130956,0.24068066,0.105442956,0.048109848,0.07844515,0.3805481,0.75989515,0.0014689054,0.323467,0.14670584,0.537878,1.0216556,0.48821923,0.15001942,1.3672225,0.84445214,0.32541236,0.43605435,0.58990794,1.1953987,0.7531637,0.010347517,0.04108027,0.31581923,0.09099575,0.45083648,0.17389084,0.9360879,0.064580485,0.0667812,0.066147596,0.045565598,0.35039946,0.99262166,0.42323697,3.0807855,0.049138,0.3990186,0.37841198,0.13957232,0.9420647,0.2637607,0.54338056,0.07172954,1.3532307,0.6482186,0.025873868,0.36196098,0.73563415,0.8697173,0.34997162,0.055028994,0.31747794,0.13084796,0.6663747,0.3846441,0.75874835,0.037284244,0.377846,2.1378791,0.13617505,0.2084637,0.101470605,1.1836488,1.1477017,0.64961904,0.2584463,1.1144388,0.059249368,0.14503813,0.09268061,0.84851885,0.0,0.20299286,0.8671482,0.062249508,0.28433353,1.1967643,0.3226665,1.2276052,0.258489,0.045571968,0.20648207,0.071820766,0.25082788,0.3038246,0.13117172,1.7416068,0.43055382,0.0013111621,0.14785546,1.0510873,0.08430342,0.6395805,0.31528848,0.033642497,0.48026267,1.3244181,0.29804054,0.2916232,5.0072083,0.413067,0.11572959,0.027787693,0.51313734,0.0,0.0,0.810112,0.0,0.87310743,1.9349763,0.98804665,0.6764145,0.25391006,0.109569274,0.15201683,0.24485807,0.17938487,0.092122816,1.8584508,0.8051272,0.45107162,0.024602573,0.64066696,0.065635994,0.9451701,0.17483117,0.0015050222,0.72661567,0.32283562,0.57834965,0.98249394,0.34325883,0.12225298,0.023764344,0.49835593,0.4412962,0.37267193,0.91767174,0.3955086,0.08860836,0.0053965217,0.20649791,0.1468015,1.0213456,0.9067926,0.15917149,0.8493747,0.8195157,0.0406931,1.1153287,0.35542595,0.23144247,0.0,0.0,7.5262923,0.3572727,0.692113,0.12909213,0.7807748,0.045369785,0.0025984584,0.2008527,5.8403907,0.8080569,0.010644549,1.1114016,0.076586165,1.3178682,0.76012266,0.07163605,0.15729661,0.18685071,0.017935,0.26656073,0.5302592,0.16698112,1.9736012,0.4693479,0.54364353,0.48899442,4.958956,0.31224874,0.02939584,0.5319443,0.7837319,0.16717924,2.092682,0.2848155,0.21025576,0.106168844,0.37068814,1.6624894,1.9544796,0.21977189,0.51244134,0.021330995,0.0053311833,0.104237944,1.025909,0.5602747,0.20790051,0.7621728,0.1672942,0.22053592,0.03679018,0.1309441,0.9688726,0.5907328,0.01488078,0.27251664,0.15061109,0.18246937,0.16784686,0.41523352,0.3782835,0.24848649,1.0892487,0.9381374,0.34521288,0.16827203,0.13447528,0.3452258,0.103513524,0.91913736,1.1753992,0.16831978,0.09406206,1.8085154,0.49797642,0.6299061,0.105282344,0.22073434,0.9259782,0.18647768,3.7870488,0.21728338,1.3897779,0.072306186,0.022290716,1.1680896,0.06500083,0.082150236,0.32987657,0.19175258,0.036592823,0.09461424,0.059208352,0.385938,0.004670092,0.010559547,1.4734035,0.089180924,0.0149961235,0.72759116,1.1583912,0.13147482,0.3420717,0.042026173,0.6431774,0.15266319,0.0017346655,0.0,0.0002098941,0.8327876,0.33241758,1.4809959,0.03224275,1.1282064,0.009511001,1.4199506,0.48329154,0.08857601,0.8651014,0.73322684,0.38483724,1.7032334,0.24907385,1.5375875,0.24506354,0.17043294,0.5191776,0.3184093,0.019909747,0.12805769,0.0,2.3190901,0.0,0.15753569,0.3652469,0.1532063,1.1827445,0.0059816823,0.021303613,0.22177915,0.1294618,0.17125612,2.3948934,0.27690712,0.3526395,0.13743196,1.5796864,0.0001835169,0.6766688,0.072510056,0.4810256,0.33543232,0.59516394,0.030128393,0.2683581,0.5716319,0.20953326,0.5542053,0.16544107,0.27258444,1.1239146,0.7809594,0.0075706146,0.2694302,0.033008885,1.0121558,0.48297563,0.0,1.3913971,0.09622801,0.64853275,0.0,0.38681147,0.16398208,0.6074823,0.4160002,0.39122242,1.7981099,1.1271453,0.10031647,0.1164978,0.49989942,0.7000026,0.064169146,0.4121859,0.77140474,0.04697956,2.6596997,0.02844391,0.0,0.23692839,0.16825989,0.7885662,0.089221984,0.1941918,0.24748479,0.96446365,3.9653392,0.4276637,0.08965728,0.02261958,0.20598815,0.23772,0.39033788,0.8876981,0.908815,0.8519438,0.13806686,all_pothole_images\pothole_images_new_image_547.jpg
0.2537619,1.2300817,0.13131224,1.2331581,0.6782314,0.6260428,0.3612597,0.4254457,1.3249334,0.7452104,0.96956897,0.28285396,0.26392812,3.0385542,0.3273389,0.920355,0.73044354,0.012576366,0.85097224,0.35774696,1.3895792,3.199876,2.7667403,1.106843,0.11953427,0.16976099,0.037885435,0.978756,0.0035233716,1.5545629,0.71940583,0.047659617,0.7235678,0.014318091,1.2069211,0.5219123,0.7906497,0.9298585,0.9956073,0.19457938,0.1289545,0.38956684,0.021413555,0.5899263,1.0472758,0.12667897,0.3419082,0.0,0.17634039,0.15641616,4.0833836,0.2979449,1.3663023,1.7536275,0.28749013,0.25889966,1.8227562,0.4274024,1.3131698,0.8810739,0.429361,0.8603506,1.6189176,0.08522598,0.99534965,0.21717834,2.0974488,0.8047807,4.437107,0.65172625,1.2585355,1.1691785,1.3970481,0.15954284,1.061891,0.9312613,0.055211846,1.1446319,0.4438987,0.09795019,0.50209844,1.9232066,0.10943063,4.0499997,1.5018983,0.6672488,0.18041858,0.5529575,2.711969,1.4711883,1.0485417,0.6135722,0.20318641,3.1202915,0.18269157,1.2830439,0.114948474,0.22859651,1.2023855,0.33983958,0.73171854,1.2253549,0.7502918,0.027845219,0.5488932,2.107933,0.2722107,0.19684581,0.011374308,0.8302134,1.193014,2.0763502,1.2171261,1.4265794,1.1043577,0.49542126,1.5709089,0.40311754,0.5419417,0.29753295,1.8460145,2.2391336,1.1971194,0.25239775,1.1897184,0.89045995,0.019876594,0.29506183,0.19040816,0.8337644,1.0620049,0.20782211,1.8768806,1.1791257,1.8902464,0.09623942,1.133184,0.03473985,1.4738588,1.7100036,0.23707502,1.1435362,0.54800105,1.0425699,0.4026113,0.45085132,2.2004898,0.01260647,1.2717174,0.29084718,0.42576763,2.1763964,0.3761049,0.16811098,2.1766198,0.5311701,0.9062372,1.3220252,0.49652752,0.07493967,0.46239004,0.12809312,0.12502345,6.7409544,2.0217042,0.7714192,1.0246788,0.19660641,1.6232916,0.2682889,0.5829939,0.0913657,1.2535405,0.5256602,1.1292167,1.0250577,0.22174816,0.24333861,0.9782854,0.7055276,0.6796962,3.2000563,0.8409129,0.42839438,0.95844734,0.4580255,0.7266137,0.5376687,0.2476248,0.44319013,1.6272436,0.35261524,0.06938988,0.3353882,0.058952484,0.4022129,0.18771441,0.22159442,0.18216288,2.3275938,0.99878854,1.540346,1.528915,0.18370001,0.7862634,0.081452265,0.15958928,0.15791266,0.38096926,0.06561155,0.39474753,1.2924654,1.8740898,1.9249812,1.0001171,0.46129078,0.63657665,0.26250672,0.5285096,0.04197604,0.14946938,0.5664454,0.30062827,1.2665819,0.13983364,0.9049737,2.306086,0.008811573,1.3256853,0.2543594,0.1735616,0.7144601,1.107692,0.12922949,0.28442597,1.369662,0.52399224,0.16580883,0.05650495,0.052965768,1.5322099,0.24259663,0.15308283,0.21780205,0.064488895,0.75357753,0.45748946,0.013964886,0.044688955,2.399766,1.916953,1.3175774,0.1389316,0.33640417,0.22498001,0.6737508,0.77457136,1.3304881,0.26716888,0.5878506,1.1307495,1.6132993,0.9150963,1.2570559,0.40798318,0.49261832,0.18784975,0.5464763,0.35491517,0.89849865,0.57611996,0.261657,0.6948175,0.1476292,0.054477043,0.9277256,1.4114295,0.93244094,0.018917087,0.3022965,0.2495277,1.7808174,1.1037958,1.271566,2.637799,0.12224606,1.5183377,1.4039998,1.7238395,1.1238383,0.024066424,0.19189084,0.027622199,0.7026386,0.7803179,0.1543835,1.063711,0.8725763,1.0140527,0.56530166,0.19331534,0.30406857,0.49757588,1.0472716,3.545917,1.2576631,0.9544173,1.1419932,0.6443814,0.4741495,0.23268548,0.046807844,3.7061448,0.5109968,0.27823365,0.0648811,1.1919099,0.70307755,0.9336419,0.23460574,0.5252876,0.82245106,0.22017448,0.19663253,0.8330969,1.885742,0.12584864,1.0938199,0.23368931,2.8138695,0.43336168,0.9438056,0.6606393,0.067881376,0.6334128,0.6620748,0.119335525,0.004221539,1.9717273,0.13679144,2.0153427,1.9198499,0.15891929,0.26536405,0.33789572,0.59316343,0.67402357,0.20554803,0.2657409,1.196198,0.3184401,1.0150635,0.3904269,1.8604617,3.4899714,0.08201216,2.6899154,2.4033732,1.599677,0.17388186,0.34147635,1.6202451,0.3049509,1.7915316,0.3848015,0.7881985,1.8376052,0.21402775,0.18185192,0.2349427,1.7192695,1.7479367,0.24696651,0.73224515,1.6497133,0.4575137,0.1203325,0.011788516,0.0861707,2.3410666,0.5488441,0.969533,0.4583592,1.0443014,2.0158944,0.26157898,3.2925568,2.505625,3.4755895,2.0997128,1.5158966,0.2616421,0.054698646,0.78190154,0.7705996,1.8707356,0.8501275,2.8835337,0.55414116,0.7212467,2.8349192,1.0075394,0.2700395,2.0129888,0.046820745,0.4235052,0.95766854,0.9376328,0.0,2.9391086,0.16985111,0.02180443,2.009975,0.24342525,0.07591288,0.49023858,0.3954045,0.72100806,0.15919109,0.7970417,0.59129137,1.2402523,3.6454186,1.1371349,1.5030417,0.8690349,0.16389985,2.914608,1.0471959,2.0049553,1.6189154,1.4248626,0.357555,1.1116294,0.5346626,2.1598516,0.6083111,0.15127997,0.675157,1.7190481,1.80883,0.68962973,0.25887123,0.9064111,1.1907501,1.0873023,2.6894643,0.65274847,0.98271304,0.85233176,0.10742401,0.98536414,2.0584767,0.020430533,1.3941709,1.5889444,1.7694231,0.1249203,0.87841874,0.11970874,0.8801266,0.63991547,1.1095271,0.46735233,2.702366,0.9314648,0.050033,0.019354224,0.97664297,2.0665443,0.9875328,0.06964931,0.116022766,0.34323952,0.55332136,1.5912033,1.497397,0.035937816,0.10131756,0.26012367,0.10427158,3.9680853,0.5951622,0.16261835,0.17951554,0.4297828,0.7683848,0.2771134,0.19804369,0.37743884,0.59144473,0.23065399,0.5126617,0.4056203,0.011979248,0.17951672,1.5983226,0.16228175,1.1267613,0.20214999,1.1363912,2.1964552,0.32726985,0.6278653,0.53550935,0.36048552,0.018640017,2.4515061,0.7519536,0.9807607,1.420747,0.17328806,all_pothole_images\pothole_images_new_image_548.jpg
0.48750052,1.0774655,0.3666082,1.698625,0.6371753,0.3036475,0.14652401,1.2871085,1.1470957,0.5636796,0.09390835,0.7020767,0.22642104,0.957879,0.7492142,0.30077845,0.041876633,0.078663364,2.1798108,0.37175757,0.14920464,1.1464393,0.31648743,0.66405386,0.84515345,0.15168104,0.0,0.8472869,0.3578694,0.38610706,0.120558485,0.12011981,0.44119784,0.20757143,0.53536147,1.130457,1.6086152,0.4542168,0.72688496,1.9696225,0.30123118,0.4203357,0.20097186,2.1647425,0.019736968,0.14890246,0.716125,0.14522606,0.38165238,0.1009763,1.11412,0.45527375,0.73378175,0.38278416,0.14623508,0.9950458,2.8205101,0.0,2.224954,0.23374832,0.6980131,0.14611012,0.36342576,0.039894372,0.26959038,1.4937221,0.572723,0.042816583,1.0470331,0.44258592,0.2538494,0.054193944,0.12113422,1.143233,0.7252219,1.5322701,0.13163549,0.79198873,0.28437728,1.0253078,0.011159956,0.26948857,0.69551903,1.5445899,1.1521243,1.0960852,0.051347323,0.018443275,1.652679,0.7892614,0.7100276,0.17271404,0.0,0.105075695,0.013494446,0.3338763,1.836835,0.33442727,0.49226245,0.8277469,0.008804218,0.878777,0.8987179,0.56679714,1.2586513,0.70056504,0.33642048,0.31958124,0.21857154,1.1502149,0.0,2.5229106,0.9785256,0.24839002,0.35360405,0.18489689,2.4641678,0.21653473,0.4926542,1.1486789,1.0467672,0.48785177,0.32802168,2.803925,0.7719831,1.2756445,0.38784426,0.233697,0.9338793,0.2479236,0.33670035,0.049532928,0.644834,1.090841,0.0,1.310341,0.12311088,2.4152627,0.4040748,0.82096535,0.57422745,0.46514922,0.17698169,0.11080934,0.0005414948,0.36063722,0.16838518,0.9815733,0.25856405,0.73653007,1.1193634,0.15863714,0.17129529,0.37450832,1.5303127,1.1358892,0.38390374,0.21146268,0.06510637,0.5621772,0.6691264,0.14172554,0.20762464,2.616138,0.1662894,0.3373898,0.24049877,0.0,1.5663092,0.22060823,0.326574,0.7376333,0.016384874,0.22042282,0.9155045,0.28337097,0.24641839,0.024286192,0.17076297,0.29416305,0.3461186,2.0136476,3.0702906,1.2428232,2.223575,0.7072166,0.4120964,0.05823257,0.15372247,0.639097,0.60374784,0.44373405,0.18318921,2.3744965,1.0997158,0.051246945,0.20926288,0.4385282,0.6307768,0.75556535,0.8982121,1.1014758,0.81807315,0.5810039,0.99636745,0.19966991,0.31257725,0.32487884,0.29411906,0.87657505,0.011604238,1.3928674,1.0674182,0.48555437,1.2128878,0.982354,1.3616157,0.28721312,1.2775083,0.053026937,1.2326602,0.5222529,0.10929681,1.4256155,0.18540943,0.9532494,2.5026224,0.6355868,0.04007417,0.45320725,0.4825192,0.29084256,0.39273012,0.20586734,0.16609764,0.05921816,1.0468218,0.0,0.1187151,0.3884425,0.61633253,0.3715481,0.20073913,1.1109685,0.4863884,0.066046216,0.7862546,0.27515677,1.6956813,1.5369276,0.64000523,0.33478412,0.21965373,0.21316548,0.7321265,0.079178445,1.4958699,0.20734683,2.481607,1.2447526,0.017356189,0.011870362,0.74560595,0.7322487,0.4818309,1.3879522,0.57260245,0.76156586,0.49047667,0.55082816,0.4102068,0.7064715,0.030755308,1.3596385,1.353592,1.21345,0.94811404,0.927793,0.22839178,0.469286,0.053931016,1.1903266,0.08432207,0.22985141,0.8239857,0.23839475,0.7190827,0.07966927,0.22711907,0.059291683,1.6835791,0.06964559,0.28532243,1.1878618,0.15715204,0.010280558,0.87915987,0.8732385,0.27749938,0.017572513,0.10118482,1.0303513,0.5782626,0.9801291,3.8045094,0.3357976,0.90124005,1.675266,0.16954607,0.7902955,1.4390492,0.9435486,3.507743,0.16172796,0.28485855,2.1582248,0.32737187,1.1818105,0.72989106,0.10214501,0.48280272,1.0731963,0.08448067,0.30796978,0.4510658,0.5591913,1.2824323,0.007267188,0.9820737,0.40116227,1.3853878,0.29195398,0.015959356,0.028313713,0.27445132,1.231043,1.2125078,0.063796714,0.036525074,0.39472184,0.42514792,0.9265943,0.49692944,0.0245552,0.6880074,0.14816223,0.25085068,0.25716582,0.10991692,1.064446,0.19795506,0.5826313,0.8301524,0.021048374,0.015515717,0.1633583,0.6361948,0.97722155,0.43608147,0.4316398,0.7006051,0.31763807,2.622591,0.5554583,0.9511753,0.32107162,1.408124,0.3423317,0.0043469886,0.6066466,2.1104093,1.0993418,0.022895217,0.035050534,2.3700287,0.0833223,0.08280119,0.57377875,0.29869568,0.24935518,0.4207152,0.23803374,2.0474694,1.2652711,2.2889802,2.0431702,0.33680832,0.33196434,1.1935349,1.667102,1.3916427,1.7583346,0.09590394,0.21629581,0.1581357,0.0027588548,1.2075633,0.4417221,0.124986224,0.23218645,5.704311,1.1830091,0.12799567,1.6582037,0.7287426,0.0,0.4130458,0.73313934,0.34377232,0.04668926,1.231292,0.19704323,1.3327328,0.39017296,0.036958635,0.668288,0.7934743,0.40538982,0.5470429,1.1900159,0.99866825,0.6323055,2.253644,1.2442724,0.6821725,0.1177192,0.75517845,0.3016324,0.63578814,0.4338406,0.24353063,1.3925878,0.74540204,2.8729596,0.23263562,5.7299876,0.2792059,0.0,0.012586287,0.9095066,0.0924937,0.014873543,0.38862857,0.66139174,0.11548114,0.023257338,2.4895287,0.16372748,0.2016536,0.33270147,0.8633179,0.17558652,0.108941495,1.5693815,0.6016373,2.4599159,1.5424663,0.2964632,0.017547086,2.0851748,0.016170803,0.16778027,2.2442734,0.17937846,0.70420504,1.168477,1.3285055,0.29881433,0.63677406,1.8960412,1.9642142,0.3484295,0.24152383,0.16996418,1.1170791,0.50255996,0.39762592,1.5889289,0.021507759,0.63620687,0.95657456,3.0634415,0.18670382,0.47383696,0.03533234,0.22754315,1.6842128,0.03642958,0.72739536,1.0791051,1.7314007,0.5695932,0.020264596,0.19114183,0.14998263,0.10480603,0.12961331,0.112966396,0.15695906,0.74776727,0.10926079,3.7668002,0.8664403,1.0836875,0.9514356,0.51729035,0.049344856,1.4401765,0.7177915,0.5774905,0.61728674,0.25755167,all_pothole_images\pothole_images_new_image_549.jpg
1.0516438,0.7558391,0.31560147,2.3953612,1.7840868,0.42333937,0.7367607,0.07545002,0.037618298,0.704121,0.33408868,1.0442644,0.10931131,0.7812186,0.009935748,0.2741876,0.19821341,2.6005535,0.09595491,0.2806974,0.8588874,0.22843318,1.7209723,2.046093,1.7891802,0.3795006,0.3329635,1.6875333,0.064841785,0.11608626,0.1048083,0.12616397,0.24927762,0.78066456,1.3617525,1.4258147,0.52484334,0.3833789,0.2127951,0.2386457,0.0057818675,0.47681925,0.3527182,0.97792596,0.22903766,0.6917954,1.4752179,0.30325565,0.14605872,1.3062006,0.29393145,1.2719624,0.12044989,0.17108233,0.28435597,1.4169449,1.2505844,0.4726124,0.13741168,0.22345181,0.24745893,0.21512985,0.18705305,0.28925923,2.1064746,0.50195855,0.07057023,0.30363315,0.1393961,0.16370538,0.4027874,0.14511953,0.87731355,0.026487464,0.2355211,0.16894975,0.3968201,1.6236835,0.018597824,0.06748994,0.5277857,0.7443662,0.25253123,0.10466803,0.66020733,0.37049472,0.010237107,0.08891816,0.9707713,0.2014248,0.2399936,0.86142564,0.15782739,0.04654079,0.033830978,0.0,0.50966716,1.246063,0.19259183,0.9816333,0.14404806,3.4501562,0.5220169,0.07426074,1.1759074,0.4331829,0.49398708,1.2357213,0.3554435,1.2581855,0.018234573,0.32851073,0.7752648,2.330394,0.76723695,0.7243623,0.08017845,0.0045886883,2.0994835,1.25295,0.8907768,0.5077052,0.17904519,1.6394844,0.30976835,0.08313602,0.28384298,1.95371,0.24073628,0.000583648,0.4488347,0.24471577,0.09434344,0.13228373,0.052267365,0.66581756,0.21517804,0.2258023,0.22895785,0.02589401,1.681686,0.18933277,0.4960661,1.2954077,0.04191509,0.25606805,0.09337477,1.1079414,0.005082498,0.061751142,0.3395731,0.2514093,0.1787711,0.008389734,1.8414621,1.4379593,1.6757729,0.39738035,2.0225,0.099430196,1.1938616,1.8550309,0.16104442,1.0372276,0.8413761,0.87892944,1.2952296,0.055679195,0.57084084,1.7667273,0.38171488,0.020478996,0.12128538,0.20959072,0.48192477,0.67519313,0.094669074,0.0,0.42603177,0.20127113,0.016508492,1.8137456,1.0487754,2.10246,2.488754,0.0,0.43261415,0.94110537,1.0663892,0.554229,1.1847816,0.35141397,0.41131815,0.9322778,0.57770246,0.43041113,1.7489113,0.2446688,0.88425493,0.07330498,0.3815286,0.24013951,0.030329976,0.0071474398,0.36051363,0.968937,0.918015,0.76921195,2.0087917,2.5675044,0.0,0.10543367,0.04982141,0.7912542,2.338717,2.151623,0.664734,0.1387062,0.11807672,0.024291435,1.4649775,0.25392073,0.27883485,0.18069671,0.0,0.25035417,0.33503252,0.6449337,2.4007192,0.66252786,0.5015247,0.028708637,1.0723838,0.10598438,0.91421396,0.11641593,2.2970142,0.6090126,0.6831129,1.2426637,0.6260469,0.012437153,0.115195155,0.08333112,0.10023228,0.15485725,1.0383706,0.52112097,0.030943278,4.6847396,0.0,0.5118864,0.12099925,0.6597794,0.074053235,1.3370844,0.16672339,0.5809492,0.86524105,2.311682,1.1420201,0.47427234,0.22696522,0.26778007,0.0087569235,0.079318345,0.996327,0.603831,2.8251145,0.09855349,0.22077443,0.002968384,0.1074998,0.98839426,0.30423442,0.8017894,0.25547028,0.26727515,0.7283364,1.2571738,0.489149,0.10391296,1.5158983,0.062522575,0.009111414,0.20939226,0.54456663,0.33539346,1.411164,0.5777745,0.3703533,0.625486,0.045557983,1.6007193,0.24097687,0.8542113,0.735804,0.0921909,0.21425784,2.7106845,1.0756695,0.16329469,0.28946754,0.08049167,3.9004226,0.0,0.044187214,0.0044277073,0.00860756,0.6509815,0.63286704,0.17438895,0.68428785,1.5804895,2.5490658,0.6032295,0.0013913831,1.1275179,4.386868,0.21939172,1.0249314,0.3324461,1.1548018,0.9588608,0.6215456,0.45317993,0.1070138,0.3874643,0.97997826,0.0,1.1882833,0.0,0.8759115,0.06398741,0.22874075,0.01344431,2.084261,0.14328466,0.44624865,0.7732021,0.6434702,0.13546842,1.6195046,1.3809643,0.25818357,0.35715038,0.9657023,0.053186417,0.1484623,0.0,0.2583203,0.47721028,0.38766032,0.21339774,0.12608178,0.15991545,0.21084902,1.0879699,0.337151,0.7379474,1.0368392,1.4799517,0.46848592,0.82446253,0.03059854,0.13456424,0.23842587,0.1638007,1.0512344,0.10415834,0.39704782,0.04322563,0.44193497,0.3257904,0.47708526,0.040163934,0.44991466,0.20811509,1.1494238,0.70758224,1.492761,0.0,0.031488005,1.0721977,0.33067232,0.10609609,2.5812178,0.031475928,0.17441344,0.16545564,1.9457017,0.3203774,0.8901622,0.06833792,0.008069511,0.05915053,0.9720079,0.029437518,0.10609177,0.8120408,0.0,3.9204175,0.38325366,0.4906108,0.49487,0.060448203,0.9439649,0.80050254,1.3357927,0.3798184,0.11286807,0.6050871,0.083794504,0.67510474,0.014559378,0.74629056,0.26301056,0.38324893,1.0849305,0.117782384,1.5128165,1.5339037,1.0937217,1.3345953,2.696725,0.879601,0.57345206,0.92123985,0.52482563,0.39097345,0.7143941,0.06595641,0.3553529,0.7110963,1.1403162,0.3199227,0.41981837,0.13743569,0.052878276,0.7296492,0.19599712,0.72872627,0.18762507,0.19712323,0.0032486033,0.07821714,0.27561393,0.20685306,0.1408232,1.0238017,2.0581205,0.8606252,1.0263944,0.044841688,0.19696292,0.3409827,0.904567,0.0,0.14745685,0.7121989,4.0167828,0.33208668,0.83270556,0.5023283,0.46698117,0.0068171592,0.15159231,0.5724565,0.5484771,0.55309635,0.696578,0.5298119,0.0,1.1157303,1.5789065,0.0,1.2277094,0.74018997,0.4923461,0.01140177,0.5189227,1.299186,0.6157837,0.40906578,0.0,0.19307557,1.1966474,0.045311995,0.451894,0.1143453,0.27258113,0.53541845,0.05926797,0.33485952,0.084207885,0.37524077,0.15887873,0.15027143,0.30164152,1.2848622,2.1483042,3.5631962,0.22289476,0.5220607,0.06528465,2.5092123,0.7847201,0.01874089,0.07149168,0.6506603,0.17054322,0.14328349,all_pothole_images\pothole_images_new_image_55.jpg
0.21067289,1.9131622,0.91820025,0.8047518,1.1479956,1.4431012,0.4438947,0.10365811,0.07026969,0.6946411,0.30428314,0.29452375,0.29252616,0.46863875,0.148344,0.28100637,0.048426695,0.20794553,0.42233524,0.13087727,0.67598826,2.3849857,0.39497313,0.36753568,0.52693975,0.54836017,0.4184611,1.4783663,0.0,0.21931967,1.5256654,0.13035426,0.21045026,0.64110017,0.09022784,0.6710594,0.6637498,0.86047167,0.14605759,0.67971677,0.20439965,0.59438604,0.581237,0.8174628,0.76473445,0.060830913,0.24705286,0.006278367,0.68968886,0.5355748,0.44742522,0.77208436,0.045358274,0.114765085,0.9893574,2.2665122,2.128042,0.12819311,0.7714036,0.0039747576,0.30768025,0.19634898,0.9442917,0.51848453,0.50750965,2.3948975,0.06770332,0.0014863766,0.98492086,0.58697796,0.31388614,0.1369236,0.22680305,1.1689532,0.1857183,0.5755633,0.15382197,1.4765509,0.48996925,0.3134711,0.090735726,0.109165855,0.20060278,2.4643054,0.26664856,1.2526729,1.0256938,0.45322463,3.6670578,0.39808738,0.19254087,0.6175028,0.22157516,0.51254576,0.19886261,0.0,1.5819316,0.27752715,0.684419,0.28697768,0.06662397,2.0141914,0.12970832,0.29212514,0.4411049,0.3571676,0.3554986,0.42268288,0.9940296,0.5552616,0.2031082,2.1044605,0.25561836,0.24538772,0.012702184,1.1655644,3.5667531,0.67867106,0.87734044,0.72331846,0.7715844,0.650532,0.55543363,0.8293605,0.18160117,0.86468315,0.7104552,2.299866,1.7155347,0.010261883,0.13063268,0.036259893,0.20805098,0.1728648,0.6034023,0.9955259,0.6144134,1.1629529,0.52286804,0.28894177,1.0684818,0.0010074091,0.039566945,0.7634084,0.28003865,1.0879176,0.21866857,0.9776014,0.1671198,0.6889941,0.5579507,0.12876579,0.019783795,1.0041285,0.53995234,0.23884888,0.20684615,0.24260752,0.60991347,0.728032,1.3644493,1.3304639,0.34169176,3.052355,0.3652041,0.4897297,1.2153414,0.09643281,1.3160433,0.13408428,0.05208664,0.14842542,0.109050475,0.0009920602,1.606189,0.0002794147,0.5626591,0.16612473,0.103414394,0.1153253,0.11320179,2.0592046,2.1683192,0.7992938,3.4253156,0.3372622,0.04885126,0.30904552,0.9144838,1.495212,0.004282955,0.13136126,0.008839176,2.3987956,0.06100795,0.030864963,0.44007775,0.83178,0.29321572,1.2775401,0.22807053,0.25316516,0.70544565,0.5053369,1.9076828,0.100727,0.32583958,0.42973015,0.48612162,0.43608794,0.13294509,0.0,0.6541923,0.49441954,1.2360606,1.3301936,0.14301163,0.046819065,2.227227,0.20148887,0.53731304,0.52247703,0.006747081,0.27104056,0.13639927,0.62057656,2.743331,0.7882556,0.45582366,0.12378077,0.4874966,0.41054994,0.08448768,0.15221637,0.7991872,0.17362761,2.2976317,0.053914152,0.1708472,0.18075895,0.35730645,0.06593903,0.9994238,0.7992612,0.92127115,0.08013059,0.66583484,0.89578664,0.7644077,2.4337742,3.019262,0.09029863,0.7635133,0.5328514,0.72050637,0.51779073,0.4547277,0.6236862,2.011911,1.3778002,0.0885672,0.025326189,1.1218202,0.16552123,0.9181517,0.46449846,0.028395375,0.38102606,0.99431646,0.35381654,0.076127015,0.314636,0.06682171,0.12655161,1.3346221,1.3777751,0.9742625,1.8394843,0.38459754,0.9205366,1.2749305,0.2957224,0.07692076,0.22417031,0.8074178,0.46701306,0.2113554,0.10329469,0.75801235,0.07858487,0.14144085,0.36250195,0.070051156,3.289726,0.21318717,0.19798844,0.14394347,1.4436543,0.26506785,0.50309557,0.45673132,0.30419636,0.11449442,0.18027681,4.652705,0.45100325,0.18032998,1.3904512,0.012153992,1.1943611,0.49996865,1.4261736,3.351545,2.137987,0.20520805,1.4381701,0.3333284,0.9834285,1.4649032,0.5805984,0.26925337,0.06166424,0.023649845,0.28403896,0.38971242,0.6321281,1.0940316,0.0,0.16769281,0.28146353,4.10933,1.1150599,0.0,0.6252348,0.09662544,0.50094587,0.5040211,0.3266056,0.24995175,0.12689754,0.37412646,0.1634324,1.2018014,0.07110996,0.32087785,0.36049893,0.15590705,0.23033556,1.0952731,0.43195567,0.36457708,1.3654867,0.5839428,0.7307742,0.22161967,0.0051900707,0.56003225,1.1186353,0.26392928,0.7707756,0.10708593,0.42445895,2.6247644,0.19098584,0.06395239,0.2221968,1.7201015,1.8456128,0.106777765,0.5513727,1.5888042,0.117455974,0.44487715,0.09395056,1.0767572,0.3546348,0.25121805,0.4432071,0.47615886,1.0717645,0.0061129197,0.0051928596,0.26984543,1.1129549,3.5791469,1.4877611,0.8095136,0.0012009969,0.25824115,1.1031549,0.8094905,0.5791215,0.07825393,0.14376958,0.44769034,0.052186456,0.6738519,0.061950468,0.20161453,0.28417826,3.486191,0.52158433,0.058888722,0.54444957,0.29618427,0.22614963,0.34173116,0.20289122,0.00035962168,0.1315559,0.10926019,0.7807402,0.75632906,0.10575312,0.19270283,0.9811723,1.0880661,0.75703555,0.52249116,0.06076967,0.22578904,0.40908927,0.5239268,2.2350037,1.5081612,0.22662093,0.24257204,1.1070913,0.4113153,0.4225602,0.80749154,0.1352975,0.19905065,0.18917675,0.06773942,4.4861283,0.18801801,0.2242532,0.0,0.26929945,0.87864465,0.2888586,0.36549586,0.8566939,0.2537373,0.2813649,1.2860154,1.4724274,0.31955165,0.67414564,1.0304779,0.52572185,0.16111751,0.39654952,0.8494683,2.2168226,0.78681195,0.54069346,0.11543081,0.99045604,0.2967254,0.36474633,2.2031586,0.01374906,0.21438168,0.44384268,1.1507651,0.36089122,1.157924,0.9468331,2.5273848,0.75772995,0.84477115,0.46719986,2.1767805,0.57840955,0.17448135,1.4940213,0.61178243,0.42491648,0.6258546,4.3961425,0.42902374,0.20384938,0.05464426,0.38647097,2.3113735,0.205287,1.233536,1.1270919,1.110019,1.231414,0.040827323,0.08556239,0.07363607,0.6303359,0.35851344,0.39044982,0.39196962,0.063704506,0.04067743,4.8372536,0.9037066,0.5550116,2.38543,1.0726458,0.03125056,0.72088856,0.89203286,0.6684243,0.43093127,0.31915614,all_pothole_images\pothole_images_new_image_550.jpg
1.2616996,1.8388606,0.73745245,2.2515829,0.13457794,0.03213414,0.12550583,1.4670751,0.13188706,1.284712,1.3584002,1.3973609,1.2559415,2.6026037,0.9478115,0.20195706,0.67964584,0.59701157,0.37850767,0.3139602,1.270947,1.1884794,0.87051415,2.8476799,1.60547,0.12837327,0.5591101,0.054720674,0.76533973,1.8522931,0.9586432,0.56421417,0.767168,2.076334,0.5287836,1.1870228,0.2284136,1.7855853,1.3394649,0.54589003,1.9706951,0.14029783,1.0344741,1.5219377,0.15493716,0.8184741,2.1124022,0.33598506,0.8051711,1.803269,1.07258,1.3962271,0.6359676,0.0023966648,0.026952967,1.2847921,1.0671022,1.4893496,0.42398044,0.48356482,0.9213426,0.08685914,0.48301816,0.11217757,0.030296344,0.65804857,0.81804127,1.5338274,0.9416428,0.19917949,1.3455216,0.6222611,0.42949802,0.1418555,1.446319,0.4768271,0.526984,1.5492706,1.5653241,2.4071517,2.1746478,0.6641626,0.68943024,1.4980716,0.3186979,2.1997526,0.8493866,1.1870328,1.4898758,1.2008373,0.3270537,0.49970984,0.4407653,0.42483076,1.3325043,2.3687217,0.2095716,0.8243833,2.360317,1.0765984,0.8032667,0.30820695,0.011652601,3.6632447,0.8458353,1.5235642,0.30741554,1.1321144,0.09445939,1.1864969,0.19556993,1.6578102,0.21377596,1.6360942,0.035987075,0.2723035,1.1529315,0.08270236,1.5678182,3.0204885,1.5917389,0.65354365,0.36498055,2.113205,1.3909789,0.58986634,1.5354263,0.22351344,1.0527891,1.8438421,2.910023,1.2195522,0.09910149,0.44394293,1.3364362,0.6749172,1.1883142,0.3167745,0.71448165,1.8556588,1.3743665,1.2727377,0.8703807,1.6284724,0.14462136,0.032002117,3.224115,1.1105816,0.54479283,0.0481394,0.9584247,1.8297457,0.9186163,1.3930132,1.3652084,1.0356518,1.7428746,1.8649436,1.1807088,0.6857697,0.83579004,0.012219541,0.57833433,1.835304,3.284126,0.6128271,0.096199475,0.38570607,1.1011227,1.4023031,0.35801253,0.0,0.9041011,0.1458977,1.1436926,1.0218275,0.7126862,0.021511057,0.39423487,1.0764877,1.5039862,3.1376026,2.489985,2.8780305,4.1171913,0.7615814,0.853372,1.4053249,0.49127406,0.9808077,0.6641989,0.16497223,1.2315445,1.8377403,0.40251026,0.15347055,1.3641999,2.3164244,1.4114884,0.19130504,1.6529261,1.1654243,1.0080929,1.0944718,0.8525571,1.707904,2.6069062,0.44693303,0.55265397,2.596484,0.021439452,0.69184,0.6764646,1.782131,1.3147975,0.20342909,0.3487267,0.13297863,1.9540869,0.49223873,0.78356326,1.489588,0.097422265,2.4313667,0.9145231,0.0026264917,1.5523996,0.081413805,1.20887,0.14453048,0.30023056,2.1736808,0.21909425,0.9933187,0.62582535,0.8588847,0.60624206,0.2909956,1.1259353,1.4767748,0.6071246,1.0534935,0.4274749,0.10577861,0.11742199,0.93431884,0.79157674,0.25468284,3.3342183,1.3990896,1.3087974,1.3872675,0.9385555,0.26499635,2.1754649,0.34059137,2.8880537,0.4754836,0.31913376,1.4204732,1.0601915,1.3943874,2.3539233,0.6438494,2.4588418,2.5126965,0.44601023,0.17207636,2.1756513,0.8587838,0.574828,0.6501084,1.414763,1.4968383,0.117617816,0.5772575,1.4980979,0.07929408,0.19716659,1.140056,0.6801707,0.19385576,0.42117158,1.2555455,2.1465087,0.12827955,0.5732725,0.543072,0.87658423,0.016810015,0.50689036,0.386326,0.43355426,1.4714423,0.63031983,0.34228975,0.7207065,1.0136387,0.25870323,0.08889619,0.7639815,0.5321995,0.7644457,1.55385,1.2228459,0.2161957,0.24363829,0.33464026,0.5143532,0.32895663,1.5218136,0.855609,3.595393,0.38866487,0.12272587,0.6785418,0.6515915,0.008229323,2.0531611,0.6802593,1.3527054,0.65244955,0.3206942,1.4637142,0.28754097,0.2586053,0.74478006,0.22599278,0.5430473,1.3481325,2.26905,3.2767713,1.0909904,1.750592,0.13288456,0.4409537,0.3860268,1.7887789,0.3949262,0.76036745,1.8494539,1.6523001,1.1897749,0.97596693,0.018427394,0.7637345,0.35857174,0.59130454,0.021560138,0.312596,0.8058195,0.65236664,2.2266412,0.89525455,0.26248994,1.7864295,0.41172633,1.4386606,0.6381221,1.5758855,0.54499257,0.5169706,1.1800594,1.4737029,0.01867931,1.219807,0.8896162,0.29536554,0.90512925,0.9471855,1.4901352,0.8100113,0.36825192,0.3525162,3.0648704,0.29522976,0.6354376,1.4092494,1.4087607,0.9305196,1.6746349,1.3347204,0.7879514,2.2029264,2.3046877,0.6625509,0.9746929,2.834763,0.3574485,2.0535526,0.71083945,2.1120715,0.9360396,0.3855764,0.8283512,1.7365148,1.0559171,2.151213,4.1563654,0.19825828,1.9193735,0.95767075,0.8348213,1.315385,0.48720914,0.015171262,1.6238406,1.1335801,0.31945077,0.14197929,1.6947333,0.6228962,2.5109038,2.454041,1.0908042,0.38891682,1.1016419,0.4427886,0.73525935,0.8977667,1.4226173,1.4395244,1.5933728,2.0955338,1.0351325,0.15742366,0.69387704,0.71959454,1.1761807,1.6448454,0.80313796,1.3451095,2.6474602,0.5568103,1.0401448,1.9145002,1.2888874,1.8189704,0.9044625,0.19795348,1.1672211,0.56776,0.23151468,1.2806904,0.15624934,0.24837565,0.14670263,0.08875225,0.046848066,1.4473373,0.4726629,0.5764782,1.0126084,0.9009575,0.80809987,1.7692566,1.7349683,0.7670034,1.3161122,1.2150532,0.36696592,1.5358577,0.763546,0.9181911,0.7823718,0.5430046,0.0,0.3107771,0.6633897,2.8364477,0.33399707,0.103862174,0.2821989,0.114811085,0.65148616,0.96873194,0.50145733,1.6226791,1.6833361,0.2019918,2.3389874,0.88729095,2.2058234,0.79962796,0.35224095,0.47478446,1.2473282,0.084874995,1.5315514,0.26647046,0.33985123,0.077578016,0.5799529,0.32721594,0.4313357,0.9938957,0.100858435,0.8643118,1.6787548,2.0166268,0.40789992,3.8768616,1.4278193,2.0095897,0.97404873,1.6543225,0.7126076,5.9277077,0.83402747,2.588344,0.6225802,0.17913888,all_pothole_images\pothole_images_new_image_551.jpg
0.18962291,0.82376593,0.25822303,0.625458,0.4606688,0.6758681,1.3891555,0.13484004,0.22653206,0.70616966,0.97677845,1.4778564,0.35302734,3.0439284,0.71313936,1.0605234,0.2609458,0.8011422,1.9078279,1.2045445,1.5726465,0.97068185,1.0757258,0.34953982,1.7799807,1.3870077,0.30915505,2.337779,0.13259655,0.16410074,0.16816784,0.54182327,1.4267128,1.4410568,0.76245385,0.95329034,0.13807566,0.8497319,0.015261626,0.51729125,0.13885345,1.9914074,0.7912118,1.526289,0.047808807,2.3043923,0.042661596,0.07160496,0.44545075,0.51761436,0.27364832,0.3991301,0.1620406,1.3100858,0.67468715,1.6772065,0.26464677,0.58549905,0.75230545,0.028096806,0.8373624,0.30775377,0.5083098,1.0027823,0.5293217,0.82105565,0.6451843,0.7769448,0.02107681,1.5149226,0.99319136,0.8451221,0.07296707,0.06278392,0.041787878,0.5187927,0.63467115,0.19309005,0.25480935,0.53569853,0.6272709,0.64567655,0.13800558,0.14919133,0.20946974,0.585098,0.057896584,0.42177877,1.4263335,0.41796595,0.8526371,0.11452059,0.44302714,0.5630575,0.035260566,0.0889718,1.5561775,1.4902664,0.08771861,1.8710665,0.08159833,1.9311901,1.5466847,1.3564484,0.7995962,1.3133916,0.4727749,1.584683,0.3380854,0.07476306,0.5122239,3.5910563,0.80484957,0.17693764,1.5723294,0.022848489,0.87559974,2.3004043,0.5554938,1.8502207,2.0460358,0.00899532,0.46366033,2.5272627,0.5821433,0.65846634,4.83203,0.15005729,0.087579586,0.09848125,0.66558737,0.21985145,0.07348189,0.6952628,0.4619849,2.719988,1.6184253,0.13074255,1.0663164,0.1252635,1.2068447,0.35406595,0.07593092,0.259241,1.2299392,0.6811324,1.4294853,0.45053223,2.1017985,0.108125955,1.0771042,0.33875963,1.1243069,0.018364025,0.17604993,0.4972416,1.6767515,0.46706975,0.3335264,1.2641091,0.6418131,0.6798374,0.08712207,5.5715313,0.35463566,0.84469837,0.72017366,0.21348514,0.92202604,1.9228939,0.91326857,0.63239497,0.3883547,0.32710028,0.30826995,0.3767917,0.3928532,0.1510466,0.051063593,0.44549388,0.6461393,2.3443632,2.474928,1.8866533,0.37804887,0.069882594,0.026733566,1.2649816,1.0578351,0.3185258,1.2628351,0.0784407,0.3952484,1.1016481,1.412493,0.24770966,1.1879425,0.7298417,0.2889958,1.0009404,0.70849216,1.7390194,0.6893647,1.4099762,1.25501,0.8405329,1.0586878,0.5545208,0.35632834,0.80013824,0.037969425,0.4721072,2.1157393,0.2125049,0.48016486,0.9087085,1.4650997,0.08621235,0.7503939,0.25743765,1.2443734,0.49132934,1.0868946,1.0430934,0.6858178,0.51769567,2.0694697,0.29583123,0.21134295,2.939032,0.045936998,0.458224,0.8288707,0.043299712,0.3325142,0.19448827,0.5298022,0.895202,0.51415455,0.11435226,1.238254,1.3102938,0.2368299,0.38393268,0.005654372,0.062634885,0.40707743,0.6515303,0.8062653,1.6464058,2.339797,0.49988726,1.1930522,0.78729993,1.0266718,3.1643744,0.2023004,1.1040351,0.09479472,1.1701463,0.27515396,0.91476345,0.1836518,0.32500628,0.9209334,1.5786994,0.3679151,1.0489664,7.0825276,0.77390754,0.34715232,0.09183592,0.012706038,0.8595055,0.4798935,0.3825531,0.53934616,1.7096081,0.09670312,0.3295072,0.96983844,0.866113,0.81238085,0.027443204,0.9013835,0.011354587,1.3681331,0.39441696,0.87578225,0.10990251,0.90932995,0.51792425,0.7244779,0.48000392,0.8342517,0.5351464,0.22312969,0.7579102,1.033555,1.2819223,2.0872388,0.9721113,0.43217164,0.8133733,0.836202,0.013925886,0.002642628,0.09575572,0.26986495,0.7781385,0.8339094,0.83101946,2.1047175,2.2999578,0.6501392,1.6616142,0.85432166,0.258523,2.5167153,0.18383144,1.3456627,0.09912533,1.4870776,0.707122,0.9186567,0.3786712,0.12257366,0.03331287,0.84201777,0.23129329,1.082244,0.64452094,0.0292773,1.1166717,0.7445302,0.35218513,1.4608713,1.3321062,0.14226556,2.0276399,0.44270316,0.7647713,0.2017046,1.0692793,0.57379466,0.053937715,0.8012351,0.85958886,0.75002855,0.9325005,1.5874876,0.26180625,1.6085461,0.77167976,1.3179824,0.29459012,0.6970062,0.68503094,0.12354384,0.8104482,0.95588696,0.07347358,0.11536545,0.44686127,0.12750936,0.21055014,0.3281038,1.3619192,0.19342,0.87026095,0.12676066,0.608135,2.1065702,1.3426937,0.9342619,0.9386994,0.8383731,0.52834874,0.280555,0.16988438,2.1024754,0.06259747,0.63935304,1.0359235,0.42590877,0.026991868,0.96558464,0.0,0.12787612,1.6769907,1.7215283,0.44126832,0.032418624,0.662913,0.27985895,0.98000497,0.4464459,0.68892545,0.3237973,0.17719632,0.6398853,0.8602105,0.09224721,1.4237804,0.4222509,0.8697456,0.7294559,0.4611386,1.2667059,1.654603,0.34466335,0.34902692,0.28316602,4.0770655,0.1210258,0.99325997,1.2464995,0.40538406,2.849714,0.31654334,2.553748,0.8543472,0.882028,0.5329594,4.3916655,0.15715168,0.2859689,0.5707293,0.41838008,0.16927285,0.753729,0.67927474,0.016575983,1.0108045,2.7126272,1.2402724,0.5301959,1.7028519,1.0092897,1.8921143,0.73701847,0.21997505,0.030394899,0.07262962,0.2192933,0.047290698,0.9842467,1.3083593,0.03977618,1.1948396,0.60458994,0.65841657,0.29589018,0.15987974,0.33130696,0.6984023,0.8554986,0.31046832,0.63025844,0.33174443,0.56416667,0.43411738,0.5112183,2.1514328,0.013453735,1.0880014,0.712545,0.3591811,0.62535816,0.4971105,1.778905,1.1155674,0.206416,0.07451707,0.4300312,0.25603518,0.6011209,0.41600463,1.4783849,0.111911945,2.1358125,0.73034716,0.26103467,1.6115348,0.0034911209,0.1456885,1.0955324,0.38838872,0.9510745,0.58850116,0.10059115,1.2033204,0.013934032,0.89030457,0.72375053,0.079333715,1.3813949,0.0012233902,1.3960091,0.75105333,0.7051571,2.0609772,0.9072968,1.3709464,0.83702344,1.0118909,0.37040126,0.14344457,0.13212883,0.0141466465,0.24698871,0.66851753,all_pothole_images\pothole_images_new_image_552.jpg
0.0024644618,0.060564883,0.0014239849,1.7346172,0.13882126,1.4047043,0.34080994,0.03495971,2.1008065,0.02056094,0.16839187,0.23081057,0.092508405,1.1957806,0.26730415,0.23678058,0.09963564,0.6697195,0.30770078,0.29745516,0.74386585,0.94406116,0.57514846,0.19357373,0.28284174,0.0,0.069974646,1.9797935,0.01879366,0.079634555,0.33891174,0.23084171,0.20495743,0.6253405,0.16136675,1.7398785,0.0023497576,0.03503259,0.016874338,0.092386626,1.1092132,0.0,0.12480333,0.7117589,1.2441216,0.12499568,0.15208635,0.08697138,1.4654933,1.4119263,2.228659,0.35595033,0.23206972,0.8223127,0.32102236,0.861957,0.41182372,1.2844344,0.92659163,0.5690798,0.68740565,0.14414631,0.04233373,0.14589125,0.41200742,1.3830475,0.006233488,0.3884637,0.3815497,0.03995458,0.56444895,2.268701,0.1481215,0.29830837,1.079405,0.09521719,0.6949852,1.6978731,0.054166973,1.1515347,0.4952069,0.50913554,0.0,1.0203296,0.046393268,0.0045283968,0.86978763,0.028638324,1.039439,0.8762225,0.4077807,0.71702766,0.012432441,0.37952086,1.4187957,0.079784326,0.03844818,0.21919811,0.3082618,0.087714486,0.043250393,1.8246068,0.123536445,0.0,1.6593542,0.7897854,1.6344968,1.0454093,0.13083836,0.086636096,0.09014368,0.5583038,0.0011571976,0.108962245,0.80141294,0.0,0.8038623,1.939634,2.5538802,2.0219681,1.6172445,0.71703625,0.29081213,0.30523133,0.6822579,1.3116201,0.16474673,0.36324576,0.19242632,0.0013355635,0.58580065,0.13846873,0.23370625,1.1374478,0.0,0.24825649,0.03919656,0.30948564,0.15823294,0.8727563,0.22377396,0.6505596,0.15554582,0.44983494,0.18224247,0.79069656,0.01379621,0.1934438,0.9046939,0.8271746,0.12737487,0.9981235,0.58681357,0.95540166,0.25580296,0.47564292,1.180396,0.06688792,0.09662467,0.89938974,0.42579573,0.74447435,0.46506017,5.292685,0.23689006,0.38010305,1.1815323,0.12916087,1.954187,2.0789993,0.28603527,0.03818914,0.0,0.1832015,0.13281071,1.1058389,0.022862308,0.006182562,0.045207366,0.4686572,0.19384685,3.135777,1.3578914,0.73040164,0.20894203,0.6703172,0.07912115,2.5232527,0.22382161,0.021644793,0.4575755,0.9448255,0.14735578,0.5499466,0.06811526,0.23464794,1.6538386,0.06154216,1.2390856,0.49448898,0.8136696,0.5214171,1.3569697,0.35544732,2.1924908,0.26557437,0.22109467,0.18981929,0.2933407,0.35083723,0.035506476,0.0059286514,0.22970596,0.0,0.87142235,2.6599593,0.0,0.09897991,0.93546623,2.1451712,0.42611733,1.5347005,0.7769445,0.48521098,0.14592043,1.0608901,1.0868155,0.029946383,2.7533245,0.4164016,0.061048638,0.01815411,0.27369153,0.06176111,0.87855875,0.2132164,1.9470726,0.06371545,0.1239247,0.9315356,1.469033,0.15249474,0.18434978,0.20942372,0.27079546,0.0,0.37925726,0.57878304,0.043393854,1.6714687,3.2207391,0.18053518,0.72332007,0.026924921,0.31333274,0.5279588,0.77135426,0.19677328,0.015646273,0.5229159,0.3281921,0.48643625,0.4684843,0.40739566,0.40725356,0.26452017,0.6934876,0.12318638,0.92042726,0.3143316,0.15284559,0.0,0.309653,0.6334759,0.6787581,1.0533448,0.90338796,0.8877825,0.6498839,0.15208495,1.3004911,0.4536357,0.5534674,2.3489873,0.017352255,0.73684704,0.39348105,0.6939421,0.6165212,0.5722318,0.6738658,0.7676284,0.0,0.10995639,0.07413603,0.027190315,0.0,1.1707425,0.63541806,0.846206,3.3774679,0.41686484,0.9259562,0.11791879,1.8098549,0.0,0.17865825,0.32119387,0.22165789,0.89698446,1.0158656,0.76747596,0.33436906,3.97582,0.8311668,0.53630495,0.0055324207,0.54156417,2.8890476,0.67895615,0.45204365,0.04405042,0.1508598,1.3203506,0.38294518,1.0546389,0.65098095,0.0,0.0,0.38799644,0.40676424,0.0966821,0.036833785,0.078895554,0.2678946,0.110281184,0.28914693,0.2961886,0.31515634,1.0248915,0.12726168,0.429452,1.1287171,1.9593446,0.8551886,0.46245757,0.8146085,0.32895458,0.79658675,0.58694404,0.3140891,0.26734993,0.20118058,0.12311786,0.4287456,0.9634016,0.047692943,0.74322957,0.5915293,0.15583193,0.052858632,0.9209358,1.3351514,0.04882788,0.23528612,0.115596645,1.1521488,0.41569966,0.2848953,0.013374397,0.92254007,0.0,0.6485797,0.52381426,0.12295778,0.00212392,0.040263716,0.018433947,1.2404846,0.07987223,0.63990974,0.73183775,0.011281626,0.2606702,0.49554488,0.32257676,1.7981935,0.19339709,0.512322,0.66804564,0.3859176,0.1348141,0.49154237,0.4962503,0.006871538,0.86795616,0.5455486,0.5065127,0.49424875,0.101718836,2.387128,0.0654034,0.016664296,0.30972472,0.017055085,0.16750051,0.13812347,0.11952364,0.15739526,0.23859401,0.8222187,0.3876763,0.28926587,0.0145684425,0.5067047,0.023444863,0.40471032,0.8984552,0.15020904,0.0044073123,1.3643409,0.2042597,0.2742821,0.78979367,3.1082063,0.16451703,0.263622,0.21284188,0.3872938,0.32801208,2.129289,1.1507139,1.8686959,0.062002573,0.92693055,0.9353882,1.7480841,0.2871917,0.19339001,0.5176917,0.16581836,0.20811921,0.26635826,0.099820964,0.010197876,0.7028143,0.4670511,0.04288059,0.038935713,1.2256566,2.7893107,0.0,0.11613258,0.55686086,1.9025143,0.21496569,0.0,0.33553442,0.11140508,2.8602731,1.1914543,0.2006328,0.20236474,0.151707,0.268138,0.20027778,0.7364312,0.0,1.4692053,1.7932988,0.25227514,1.0332485,0.4734899,0.011999684,0.7832181,0.15300217,0.9247356,2.6053631,0.7376288,0.00023179571,0.0,1.1232392,0.87305456,0.0,0.117361896,0.4677101,0.17373729,0.21550299,1.7947509,0.6283542,0.29906008,0.24590895,0.012641797,0.0,0.049360838,0.0,0.0038907577,0.24639073,0.0,1.6444585,0.18459132,1.984892,1.4915103,0.0939808,0.35797304,1.505187,0.39227358,0.0082785105,0.6360958,0.17812043,0.0,0.039864384,all_pothole_images\pothole_images_new_image_553.jpg
0.44373336,2.2697866,1.3121629,1.6600578,0.872459,0.23720723,0.823519,0.13957803,0.37995255,1.2997401,0.14067742,1.5464208,0.059910346,1.8218136,0.5023379,0.843103,0.3785614,0.7784326,2.3565164,0.38691252,1.181298,2.3408055,0.42065966,0.861086,0.31656608,1.2461661,1.0705522,3.6494625,0.24203415,0.20677842,0.7892602,0.051395882,0.42852315,0.289487,0.6344875,2.0829318,1.4006943,2.2298992,0.61437607,0.6277663,0.45142674,0.31667742,0.40354252,1.4006604,0.7006702,1.1725341,0.22554253,0.4359014,0.20786908,0.7303844,1.9543372,0.29817656,0.488367,0.61590177,0.2481639,1.6351056,1.5000763,0.02111322,1.0626497,0.3007524,1.0636561,1.417591,1.4271209,0.5144002,0.7811321,1.2249999,0.6325524,0.08168239,0.20215034,0.51133657,0.20547473,0.882438,0.54373837,0.38266298,0.9253451,0.9202821,0.7797719,2.0903707,0.08994018,0.15669307,0.8958245,0.035034943,0.35043883,2.0918608,0.8449687,0.10775799,0.35873374,0.16793978,3.6952775,0.20500839,0.1851179,0.11231837,0.17257817,0.27328485,0.19888146,0.0,1.1436973,1.8398572,1.4225545,0.9658477,0.31515944,3.0607984,1.0635803,0.70771915,0.32023492,0.107544996,0.7778588,0.06027859,0.18241483,0.9289803,0.057510152,2.5200453,0.7729693,0.034860402,1.0376755,0.50787354,1.6067156,0.9934337,1.8509427,1.3336803,0.5758276,0.54523367,0.47065803,0.82707804,0.32140386,0.46994114,1.5384668,1.0986856,0.33123899,0.30250436,0.6773896,0.07092472,0.35123068,0.181147,0.0024430708,0.40923098,0.48233902,0.67506903,0.3553462,0.11967431,1.209879,0.062822126,0.18200457,0.9866722,0.7500713,0.9270312,1.0422269,0.19178323,1.0522245,1.4732012,1.6866274,0.98234946,0.0056982655,0.14031474,0.8768974,0.73607713,1.1712948,0.56217766,0.83831674,0.9826108,0.98479015,1.9420972,0.43939573,1.9300143,0.27569813,0.66841877,2.5463607,0.9073375,0.5065344,0.7523634,0.16278416,0.19168277,0.3034956,0.71765345,1.2482209,0.14688946,0.119256504,0.0429273,0.5776524,0.36962283,0.18379714,2.5341175,1.5571712,1.0351807,0.95361537,0.51446974,0.26256582,2.4329274,0.036126953,1.1313329,0.50285834,0.44565,0.0382108,2.1267467,0.03174103,0.1049088,0.90496993,0.30313376,1.7057457,0.41619518,0.16291744,1.1641631,0.7764403,0.25553408,0.547733,0.18371597,0.2671427,1.464458,0.23779306,0.058630396,0.068026125,0.19803995,1.8926668,0.6959956,1.4550737,1.1237599,1.2473959,0.233258,0.9115754,0.2574895,2.3870096,0.015546137,0.421566,0.43864167,0.35110334,1.5579096,0.59575355,0.6002679,0.4659081,0.9105975,0.56173027,0.5601382,0.6238496,0.090102986,0.1101444,0.067514084,2.036921,0.7611141,0.02095276,0.42766246,0.2108558,0.32139742,0.27361155,0.22555555,0.40131742,0.25788268,0.91023535,0.016088113,0.89491117,3.5832825,2.7921565,0.22128552,0.6739314,0.8269703,0.24677786,1.2645522,1.5366995,1.3208421,1.7126415,2.047591,0.7094137,0.4840695,1.0588948,1.3997335,0.71607184,0.3837937,0.10925251,0.5834791,0.49691728,0.33730716,0.51565915,0.5297165,0.1619102,0.14902714,1.3927182,0.4492643,0.74054956,0.5353911,1.6248776,0.9364788,0.20424573,0.09360568,0.39005068,1.9027137,1.050905,0.88339144,1.0694631,0.58724403,1.833691,0.48138165,0.12111753,1.2558287,0.39987555,0.22324559,0.26439634,0.11097423,1.2015953,0.8190977,1.1220115,1.0346998,0.14861494,1.2170382,0.9029423,1.8388817,3.3561497,0.2799954,0.3532288,0.96389467,1.1597462,1.802667,1.8221029,1.3092287,2.9341514,0.74444276,1.3302108,1.4386251,0.73616725,1.182388,2.4559312,0.28308898,0.014302084,0.4932729,0.36906195,0.04024161,1.2481574,1.1851074,0.2495302,0.010697015,1.0650601,1.3714515,0.6918551,0.5575783,0.025162643,0.11226652,0.5523522,0.08715275,1.9041449,1.2611313,0.03969024,0.8087054,0.95643896,0.5486341,1.2232002,0.6334593,1.0448064,0.77562237,0.45024875,0.15511438,0.96651083,0.8497674,1.5512565,0.35356566,1.8411099,0.16101083,0.041918997,0.5330317,0.7659979,0.27366725,0.043245576,0.099119596,0.25905797,0.5129737,0.3343889,1.3519496,0.78293276,0.46629018,1.396128,0.7292133,0.32484123,0.13253383,0.8591587,0.49588415,1.0727063,0.506333,0.19380912,0.7633153,0.22988315,0.4164348,0.040882982,0.44086638,0.9439128,0.6015104,1.6755524,1.7953608,2.2484157,0.24470434,2.1666834,0.0,1.0835328,2.2166982,3.0532157,0.16098647,0.1644187,1.0007915,0.10962659,0.08967966,1.356188,0.10455436,0.6599937,0.49780935,0.8127925,0.6236527,0.048178263,0.7114815,0.7919335,0.0036157356,0.82792777,1.4460903,0.6842399,0.25287822,0.83399177,0.23049338,0.19855557,0.8181754,0.099975996,0.07779474,0.31285313,1.2035717,0.10077842,0.38815284,3.5974736,0.5979154,0.62463874,1.755679,1.9367661,0.7462975,0.16507724,1.4917699,0.23386835,0.56275034,0.06321341,0.18422556,0.053216636,0.6899634,1.1934367,2.4732676,0.6478025,0.81920826,0.15529734,0.5045093,2.688719,0.502783,0.23206851,0.0860672,0.25720063,0.09179205,2.523703,0.5947618,0.76286036,0.5666901,1.1723115,0.4605086,1.3560019,0.858767,1.3750983,1.0775182,1.8868994,0.64225787,0.2317381,0.7532721,0.5295864,0.08920078,1.0268959,0.38541698,0.298131,1.6586194,0.2129047,0.18725008,0.7556695,1.202327,1.1551752,1.6309154,0.6877491,0.69996136,0.4804491,0.45764172,1.2168512,0.33910555,0.827545,0.14173973,0.4402686,2.560655,0.030685024,0.52917564,0.5456941,0.2949114,1.287178,0.03370375,0.88703644,0.34145242,0.5899298,0.95591253,0.49756446,1.9954616,0.05978498,0.33005026,0.029986694,1.1502941,0.07642286,0.3124617,1.7542392,3.5113425,0.1434506,1.2176931,0.86425,0.8965144,0.33062023,0.08573622,0.21022396,0.5637084,0.102768585,0.34186718,all_pothole_images\pothole_images_new_image_554.jpg
1.8266718,0.36532527,1.0887158,1.1536899,0.0,2.0670884,1.1759931,0.0,0.67634225,0.79296035,0.11196029,0.2888902,0.044746436,0.003979223,1.6048748,0.7118798,0.077421606,0.0,1.253083,0.3567147,0.059972033,3.227824,0.613172,2.2568653,0.0152511895,0.28595078,0.07365392,2.794129,0.16784474,0.9655672,1.6392554,0.64524,1.0454057,1.2129339,0.29244232,0.58732283,0.77519125,0.90298426,0.7184626,1.7132585,0.44712314,0.2800654,0.050176512,0.2741861,1.7083919,0.56680244,0.7095076,0.005542436,0.012541568,1.1915429,1.8350289,0.1608803,0.7513049,0.3730934,0.10486321,0.35671848,0.28390387,0.120744534,0.1910215,1.3770243,0.055477135,0.5998752,2.1747344,0.61907244,0.22935744,1.1493528,0.6571097,0.64004594,0.6250319,0.13892063,0.40878123,0.79119164,0.48907438,0.62968606,0.09709646,2.3228772,0.2279582,0.21034056,0.041990615,0.19067967,0.033550497,0.32027084,0.026032394,1.3187335,0.3221408,0.66122234,0.46014476,0.056925982,4.61848,0.31415322,0.397507,0.15945545,0.15320817,0.12698731,0.6092752,0.029440844,2.7572448,0.04774044,0.18343349,0.076884225,0.025644511,0.019619007,0.4933502,0.39449775,0.47532442,0.20437458,0.16123624,0.66598153,1.9885087,0.993977,0.05397821,5.2455244,1.2262926,0.16147651,0.18948025,0.7284485,2.0866454,0.80837137,0.4653838,0.9271235,2.6738026,0.8460424,0.2536816,0.38445273,0.11260889,0.49635354,0.8225909,0.5473606,0.80872023,0.25264677,0.6206622,0.0,0.24863862,0.0041094585,0.15912914,0.027101146,0.13201919,1.3157349,0.057739373,0.5800502,0.0066407626,0.6557449,0.00073625904,0.3896425,0.3364552,1.4128941,0.39276388,1.3162751,0.53427386,0.092933215,0.3183978,0.26178133,0.45451036,0.024551336,2.1905532,0.6999452,0.23588155,0.08634746,0.8687017,1.0182204,0.079108335,1.0057766,0.00033951114,0.9781631,0.0070988694,1.3097931,0.9146386,0.31933624,0.9652647,0.0045349207,0.021858996,0.083116785,0.03956254,0.097380646,1.6409851,0.06706257,1.3450574,0.0,0.54344326,0.7840575,0.04053429,0.9869212,0.5654267,0.37382445,2.0920527,0.7037049,0.036398895,0.26315516,1.1918174,1.8962379,0.039289672,0.9734383,0.18968251,2.2686884,0.6234185,0.013789987,0.038826775,1.4901048,0.85622305,1.1961955,0.82922983,1.7316569,2.5522034,1.1171559,0.41974086,0.025709812,0.5451827,0.024799516,1.0419595,0.22539854,0.33192647,0.04938703,0.68319523,0.8735268,0.031816456,2.1163487,0.21076056,0.012752359,1.7163825,0.35013646,0.2812899,0.04824925,0.22512528,1.1915829,0.48982468,0.5095667,1.2231959,0.058445808,0.24349481,0.295086,1.7941623,0.1987093,0.48663637,1.3945093,1.0438033,0.219616,1.474636,0.0041855103,0.5931143,0.11145186,1.0752225,0.96106386,0.6750299,0.1005292,0.095364176,0.03544389,0.2614374,1.0505576,0.482716,3.5232966,3.8280888,0.049830787,1.4164402,0.10743895,0.86029714,0.12890798,0.9491606,0.8601225,0.3995753,1.6188121,0.0,0.10694943,1.0207235,0.8119624,0.7614598,2.3269393,0.20410582,1.1610768,1.4560167,0.63049823,0.42461178,0.09174103,8.338738e-05,0.97269547,1.2746216,1.6074766,0.9355616,0.7629039,0.30501983,0.49220607,0.20329352,0.5183071,0.018345831,1.0129132,0.42691123,0.052919075,0.4410228,1.0025812,0.44369,1.0385473,0.16304576,0.2647707,0.5218517,1.0736188,0.033807047,0.22373614,0.7303917,2.0951653,1.3589642,0.31313145,0.08283216,1.187663,0.1670634,1.4385035,2.5363173,1.0151869,0.250959,1.7804023,0.42320234,0.22026701,0.8923145,1.2331871,3.2096562,1.1890413,0.04052088,0.6458642,0.06891693,0.70639527,1.6111344,1.4216852,0.38371295,0.09640246,0.21530475,0.4754479,0.019950818,1.5268854,0.53686804,0.1901713,2.4158723,0.4784682,4.4024787,0.11161726,0.24477978,0.22524564,0.19743285,0.626438,0.4912575,0.0,0.055145156,0.13535632,1.151766,0.39926887,2.5386646,0.17688893,1.3506619,0.87266403,0.2690866,0.6808059,0.39061424,0.8495211,0.84218264,1.3514205,0.0,0.11420819,0.18474172,0.14707465,0.3780299,0.109182276,0.22624156,0.95579374,0.0019871814,0.45254624,1.64363,0.42591742,0.013878326,1.4581203,1.9124008,0.7911454,0.0015831988,0.0051685185,1.6000485,1.1196519,0.6333029,0.14080432,0.4459619,0.4279644,0.76709694,0.4874905,0.35157526,0.34013385,0.0029244532,0.21701959,1.3074698,2.038443,3.688266,0.88240206,0.24700402,0.0,0.073176146,3.4648266,0.62695706,3.3685334,0.08300708,0.5631267,0.044588055,0.32005373,0.4400521,0.6300768,0.4221491,0.09056069,2.3306994,1.1748888,1.6742917,0.27567884,0.24877474,0.77118564,0.4843166,0.078147314,0.010007781,0.7635857,0.48958033,0.25129762,0.51377976,1.4476781,1.0377573,0.42014757,2.235124,0.0011339125,0.7346057,0.48696923,0.5658783,0.6146096,0.4400121,0.93948346,1.6543663,0.0,0.7436354,2.5602021,1.1102079,1.8851513,0.040492527,1.0395441,0.47235876,0.8870174,0.22264087,4.9307055,1.0165169,0.093274854,0.5662596,0.8823919,0.9496412,0.18398312,0.92938465,1.2166059,1.1243445,0.0,2.0985131,0.08904122,0.20901543,0.8111316,0.63970006,0.7067988,0.71398443,0.9078064,0.54781145,1.9034745,3.1533408,1.6877527,1.3441027,1.7127097,0.8599017,1.2919545,1.7969719,0.14504164,0.33386907,1.5346377,0.7570898,0.019700173,0.7539765,2.374696,1.6228894,0.00159742,0.123606466,0.4023111,0.1697943,0.40688342,0.31903878,1.9373002,0.3076284,0.08296224,1.1887972,5.00968,0.29882511,0.20852603,0.21607643,0.92586625,0.89200497,1.1273946,0.30798092,0.18740892,0.0,3.819511,0.7757537,0.05031625,0.19983962,0.18941274,0.4541269,0.2680672,0.0016002966,0.4613216,0.14057365,2.805371,1.679882,0.23159802,1.0470312,2.0574923,0.099826746,1.9250422,0.5002362,1.6785817,0.030844888,0.6734971,all_pothole_images\pothole_images_new_image_555.jpg
1.19038,3.3404891,1.9387088,1.0208166,1.1656377,0.9875201,0.8288666,1.0200348,0.060902458,1.8086509,0.6604174,0.21739851,0.20948653,0.37747464,0.36983183,1.0853795,0.29281253,0.41259626,0.6775787,1.2416475,0.22339047,1.3591961,2.2440805,2.9241693,0.0,0.98197687,1.0861372,0.64373106,0.055899423,0.35647,1.6194973,1.3815534,0.02915888,1.3183466,0.3598543,0.53775054,1.8365158,0.704664,0.39940718,1.5860893,0.17358068,0.7375703,0.5526154,0.06275134,1.3072928,0.22364701,0.29990444,0.83827955,0.9002108,0.13761847,0.8650496,0.2939859,0.88832784,0.96675426,1.1404432,0.5938598,1.9110215,0.14107691,2.4416206,1.2856903,0.13832882,0.211109,0.44826257,0.012015604,0.82809603,0.64937013,0.9509143,1.2867026,1.689625,0.36869785,0.6207619,1.2711116,1.2275957,0.1659136,1.6124222,2.4424398,0.35975304,0.38880333,0.94439864,0.7898888,0.46597314,1.4492198,1.4478352,0.7370031,2.1690445,0.13035144,1.1620754,0.69271076,3.8899124,0.5363018,0.14425056,0.590471,2.344278,1.4806808,2.0832531,0.17127445,0.6665042,0.7206271,2.802512,0.074107386,0.55240726,0.7759571,0.28075933,0.887263,1.2276148,1.0692121,1.4890083,0.56537104,0.113399394,1.8720808,1.1977422,0.95982593,0.64589334,2.255255,1.1285212,1.2735891,0.38789597,0.21863279,0.31252158,0.36571798,0.14999963,1.5985185,0.32653815,0.088006385,1.2098669,0.4869948,0.6801329,1.053965,0.12839635,0.9143946,1.1238494,2.905524,0.7318369,1.2447951,0.74655163,1.4002539,0.4098197,0.8287164,0.7327436,0.24064331,0.8862931,1.0077637,0.3089157,0.85783625,1.043427,0.39937598,1.2091858,1.0800878,1.6276342,2.2661152,0.41494587,0.70410943,0.5589239,1.0757582,1.4151071,0.81514114,1.7654085,0.7038077,0.5494891,0.4546869,0.9675319,0.622788,0.3468895,0.7490509,1.1772803,2.3104506,1.254297,0.5587825,0.38133025,0.057974435,1.1148107,0.32128814,0.61689514,0.042421784,2.8939397,0.2006231,0.5763823,2.6726375,0.17671974,0.64293236,1.48286,0.34833685,0.6781073,1.3163962,2.3427756,0.8852421,1.0826863,2.817044,0.19515501,0.77496475,1.3605365,1.5407238,0.45438302,2.5172913,0.57964474,1.3783292,0.36577085,0.7484012,0.40665618,1.8195167,0.55782706,1.4399059,0.37980106,0.7445997,0.36037338,1.2120234,0.9967718,0.16097642,0.4893571,0.7071163,1.3555646,1.3567911,1.9081075,1.1445979,0.59290695,0.70419776,1.0792805,0.2535585,0.32966894,0.6482549,1.5605751,0.1434993,0.48894703,0.8771637,0.31461188,0.8351863,1.7117795,0.052385826,0.3812804,0.7975559,1.1358845,1.2068044,0.7138087,0.8469677,1.0359339,0.7594264,0.78141534,0.6777084,0.6082972,0.9421178,0.83281684,0.86734676,1.7411577,0.6594021,0.25073323,1.1024963,2.2015193,1.1133392,0.55940884,0.7200634,0.34863967,0.40870532,1.3984834,0.5005747,2.0521743,0.55819315,0.88882774,0.37442702,0.59005356,0.5642662,1.2888603,0.93210083,0.5038872,0.45725787,0.03036112,1.0584917,1.1841985,0.34974188,0.42916176,0.4241843,0.28579977,0.5368241,1.13794,1.145124,1.4389573,1.7686555,2.802406,0.3004921,0.58087176,1.3047785,0.32779872,0.6996379,1.2044033,0.5422892,1.4994799,0.57306993,0.5988241,1.5540977,0.5972022,1.3372961,1.4286827,1.5871656,0.3839674,2.084372,0.42021528,1.1216048,1.6557877,0.08162666,1.3441931,0.5892652,0.0727807,0.23778209,0.74701256,0.49410924,0.8533691,1.4989827,0.18700615,1.9183991,2.0036778,0.5351037,1.810524,0.30612335,3.4662638,0.9744597,1.1155751,0.14956982,0.2337486,0.6429088,0.37723097,0.90335315,0.4850941,1.5908931,0.49688587,0.7423997,1.1848409,1.9218397,0.16876931,0.5880818,0.18217845,1.260293,3.0610235,0.7884013,0.22434849,0.49765497,1.8703275,0.5987463,0.14989991,0.7190657,0.95790434,0.5295804,1.8635842,1.7355428,0.43291885,0.22120059,1.7390037,0.17889732,0.98884314,0.3518106,0.11967968,1.4191136,1.1574781,0.4058819,0.73748577,0.9555987,1.8446565,0.4732028,0.610561,0.257462,0.9961729,0.40764597,0.63803124,1.4724861,1.536232,1.5528955,0.5945493,0.33543536,2.0146112,0.8898834,0.9523922,0.64530545,1.7169342,1.7444047,1.1222155,1.5331917,0.27089736,0.820281,0.26112825,0.60340756,0.27001455,0.3369344,0.3602839,0.96224266,1.1769028,1.2789065,1.7002382,0.5244859,1.1517092,1.0038134,2.9521508,2.1701467,1.6534655,0.7366452,0.9665843,0.21043326,0.85956866,0.3430351,0.52334106,0.35997796,1.7510722,0.39654776,0.89158744,2.0178246,1.06371,0.45408317,0.548834,0.3688788,1.5467906,0.7483022,0.7859072,1.8731589,0.37416425,1.0219119,0.83871335,0.60108954,0.15593882,0.5387052,1.378749,0.9296501,0.52299684,0.17687194,0.2336585,0.39122266,1.1377013,0.6270413,0.8092247,1.728803,1.3943691,0.77653754,0.37408322,1.9690421,1.1516944,1.0562127,0.82965,0.22133799,0.45097402,0.7270788,1.4820828,0.14106607,0.2933433,0.35795534,2.1585097,0.91127163,0.49197632,0.44923463,0.008063777,1.0012395,2.4964533,1.2462959,3.0948853,1.4973999,0.17608581,0.39202192,0.97097915,0.37676224,0.21744204,1.0391078,1.8301728,0.8300665,0.2796958,0.3189257,1.594342,0.46742752,0.4176661,0.16849379,1.3374645,1.8429896,1.4434586,0.18302538,1.5604783,1.0840918,2.5425172,0.69856566,2.3329482,0.65528184,2.8781042,0.87340736,0.65997326,0.8360817,1.064891,1.2119081,0.68126076,0.93345565,1.8507205,0.061670303,0.34527132,2.5571737,0.6407501,0.4662897,0.4165296,0.26523477,0.78226095,1.9785614,0.03743419,0.30407867,0.33522338,0.42103228,0.7267923,1.2203318,0.9027861,0.74552697,0.23762071,1.4341524,0.14169902,0.9456098,1.118576,0.1781259,0.4312591,2.19379,0.8933027,0.2111126,0.8193937,0.55368066,all_pothole_images\pothole_images_new_image_556.jpg
0.8796293,1.1489227,0.67423,1.0436239,0.847713,0.6334217,0.48541513,0.16333938,0.0,0.45665413,0.65182036,0.13032734,0.2685098,0.60682786,0.034097,0.017760584,0.02223832,1.234176,0.19421491,0.41515967,0.2789616,1.7077494,2.3627646,2.4148545,0.2713366,0.64101446,0.034549005,1.5312207,0.20840956,0.3305719,0.7680466,0.0,0.94469595,0.40512964,0.7512857,0.2157657,0.5634682,1.1433476,0.17113537,0.08143294,9.502583e-05,0.08551453,0.72067624,0.70563567,0.78102237,0.009271043,0.8393911,0.12444795,0.0,0.107524276,0.33364132,0.2638871,0.44907582,0.15437752,0.22526005,0.36225325,3.2363412,0.08969817,0.044972233,0.6342837,0.13940312,0.9431689,1.3091996,0.5162333,0.6821946,0.7979267,0.10638095,0.05729347,0.22649024,0.37904015,0.030356718,0.60259664,0.09093777,0.16986258,0.25744772,0.115820535,0.044540986,1.173847,0.002892964,0.415201,0.07896908,0.1486889,0.035610892,1.4794998,0.31381002,0.62178636,0.08680547,0.08759744,1.0008324,0.36298877,0.3238268,0.57086045,0.20038958,0.008928981,0.11916095,0.0,2.4435432,0.5232854,0.41236576,0.17135175,0.14744419,5.385801,0.95427513,0.010785119,1.5371294,0.36523342,0.0024640737,0.7649283,0.24950796,0.3469653,0.09307859,1.4612212,1.073027,1.476673,0.01387665,0.70973855,0.87691194,0.005365686,0.2950555,0.69318295,0.9267278,0.33057746,0.402617,0.90158266,1.6427004,0.63907945,0.5406638,0.36214796,2.2143726,0.2083924,0.27540186,0.029381013,0.25899386,0.46161145,0.24776119,0.89636946,0.0024911524,0.8531317,0.5059502,0.09599948,2.5463367,0.57632244,0.3115917,1.7566438,0.3296008,1.3662487,0.12916571,2.001643,0.01823466,0.0,0.59411764,0.6617162,0.47717634,0.13780347,1.7359254,0.19377469,0.4090528,0.046212137,1.0144441,0.45030335,2.0011072,1.472466,0.13420625,1.4522128,0.13742167,0.0,2.3394036,0.20835038,0.23713364,0.6259338,0.63282055,0.15646791,0.0,0.0630214,0.75103873,0.13021637,0.6782812,0.0,0.2488549,0.22497702,0.50526154,0.18717672,2.2081242,1.0333776,2.723593,0.0,0.012349376,0.07949506,1.417234,0.0685053,0.41230947,0.3677541,0.06290878,1.876501,0.014649317,0.14915894,0.19012834,0.66353476,0.44145116,0.46329492,0.31504065,0.25463113,0.88432753,0.059028663,0.3488126,1.5873291,1.1587608,0.75492656,1.1560347,2.2766123,0.0,0.3815314,0.24756928,0.50378305,0.8287257,0.07278781,0.869523,0.3209211,0.424719,0.029902833,0.0729341,0.35954934,0.60394245,0.079122625,0.0072746286,0.030263202,3.3018632,0.081971265,0.31205767,0.009788636,0.20567197,0.008231827,0.24057923,0.79634917,1.3179439,0.0,0.8174566,0.09191475,0.15363362,1.2730873,0.25757816,0.13058576,0.8523084,0.20445156,0.18198878,0.0,0.70411223,0.26557028,0.4434886,2.673102,2.2377613,0.008542771,0.26297447,0.0829066,0.17217633,0.060227197,0.32334855,0.104776576,0.0075607747,2.6676085,0.6100395,0.011684231,0.0,0.2087286,0.49541083,0.10508001,0.5004512,0.45794412,2.3474064,0.09719073,0.14376946,0.11050219,0.123154595,0.59971035,0.09966106,0.3208083,0.15535983,1.3631619,0.9460217,0.80206895,0.69335735,0.024374112,0.22563154,1.41575,0.18309018,0.05896368,0.20388581,0.041952576,0.3129162,0.58759254,1.0356638,0.12837262,0.16127597,1.4035354,0.025304731,0.5269844,0.6350537,0.14722984,0.27095282,0.48480847,0.6774097,0.35055885,0.028301574,0.074797496,2.9610279,0.1054529,0.0,0.07324475,0.0,0.035138033,0.12974124,1.7079505,1.8100667,0.46498,0.3955676,0.12287022,0.13682327,1.11315,0.9716307,0.3233282,0.3853445,0.072017096,0.40194756,0.24272296,1.561403,0.21108286,0.8757721,0.2950234,2.166931,0.06859442,2.6193728,0.12490421,0.9265306,0.07572506,0.017651778,0.104898006,1.0171719,0.25453103,0.35561016,0.21592426,0.5331077,0.24174653,0.7945148,0.12216835,0.45213106,0.044347413,0.5308619,0.119436175,0.0029110075,0.3807293,0.046274867,0.3496393,0.41224784,0.10550712,0.38279334,0.3026783,0.17897367,0.63513815,0.0,0.39562872,0.12716135,0.8036765,0.35673994,0.49859175,0.0,0.105172366,1.1966087,0.7978078,0.7654575,0.037303705,0.6006133,0.012974911,0.47801578,0.0904818,2.167377,0.433797,0.31801596,0.45296943,0.5321968,0.543528,0.15236205,0.0096827485,0.20341851,1.5210755,2.7402449,0.18343264,1.7915609,0.029168146,0.0,0.108167976,0.19172955,0.71242976,0.0642677,0.52835727,0.3287013,0.06607843,0.4074169,0.006913617,0.19911022,0.9150582,0.38236642,1.7668952,0.58246446,1.2497838,0.07313361,0.41889793,0.50059885,0.23312296,0.38763732,0.55082864,0.07935819,0.15469587,0.0076875,0.2807674,0.106109664,0.8528221,0.61419916,1.7007747,1.225252,0.090690814,0.22130315,0.7471631,1.2443936,1.7675496,2.0379317,0.37733412,0.8255109,1.2453985,1.5268866,0.3205232,0.75801337,0.276863,0.0,0.0816633,0.043881822,2.3040836,0.5500872,0.34363636,1.3936255,0.6282914,0.35169446,0.47261608,0.15197322,0.20455252,0.009194618,0.14210185,1.0917728,0.6574684,0.13906018,0.897679,1.3054502,0.13160801,0.33734652,0.22831243,0.0320474,1.1076322,0.688518,0.007469226,0.03879188,0.32832322,0.4703349,0.37698874,0.4310241,0.2660336,0.47603494,0.031341217,0.0062368023,0.015067757,0.5538411,1.890125,1.5524292,0.24868165,0.254208,0.7443606,0.8254497,0.10239739,0.8058385,1.8301325,1.5180172,0.41434088,0.43960613,1.2562385,1.1700904,1.5486908,0.0,0.3226185,1.9160022,0.030737083,0.58992726,0.0,0.41094348,0.8672949,0.005471384,0.30788854,0.03866352,0.041986328,0.56552005,0.112306066,0.34584394,0.0,0.16676432,3.3239782,0.56425935,0.68280894,0.002302624,0.4685232,0.14546922,0.34847608,0.095841154,0.50281507,0.33799034,0.08737006,all_pothole_images\pothole_images_new_image_557.jpg
0.39908975,0.15129523,0.08316814,1.2091094,1.0478811,0.8422188,1.015303,0.6709162,1.2964805,1.3169973,0.8827811,0.5399597,1.2201933,2.4140308,1.0150805,0.05814023,0.0188312,0.6612209,0.055500485,0.26910153,0.22519554,0.4328526,2.9513671,2.4261749,0.08767838,1.5739452,0.53763217,1.0344721,0.5119592,0.19969407,0.60193133,0.22245394,0.6532418,0.97875834,0.3926078,2.763077,0.06551216,0.84880584,0.4493968,0.0,1.7234375,0.4150874,1.336906,1.2134696,0.24791998,1.1307032,0.6858877,0.4873969,0.032977864,0.49892208,3.361921,0.5663228,1.4463061,0.26990926,0.33693013,2.004338,0.36197287,0.26279485,2.9896588,0.90575844,0.50961953,0.08531355,0.37941474,0.64027995,2.980759,0.67529184,1.0298569,0.96246386,0.025871556,0.3584446,0.2949786,0.017893126,0.27490616,0.10145484,0.95010537,0.91848785,0.9039078,1.3941611,0.2076029,0.19243456,0.41442683,0.5413515,0.101615176,0.17278501,0.9441638,1.0809488,0.49350244,0.027441043,0.18703705,0.5043696,0.9324104,0.7125469,0.018806927,0.03853399,0.6582882,1.02449,1.0076965,1.7363274,0.5781391,0.8524539,0.2637802,2.1008093,0.045322336,1.4003766,1.2344098,0.3827819,0.38819402,1.1227928,0.39357153,0.2871372,0.36612707,0.06692227,0.8067317,1.6356537,1.1447669,0.0,0.80305594,0.04760933,1.6888897,2.354135,2.2272038,0.6848872,0.24650861,1.6546427,1.660732,1.5183532,1.7352499,0.52308476,0.7351532,0.9409939,1.0339886,0.4767084,1.4472847,0.7919089,0.024859738,1.7148561,0.635363,0.36293578,0.8923396,1.4307917,0.9471354,0.11222598,1.0161456,1.7437842,0.42950404,1.225147,0.126334,0.5170636,0.05741248,0.12715708,2.6133242,1.9585004,0.0,0.24939588,0.2965466,0.57357025,1.6562886,0.85948765,0.35568333,1.6757975,2.1065202,0.27984783,0.0,0.29804704,0.33522835,0.5418832,0.16748162,0.25280914,0.65505576,2.4201388,0.021068305,0.07394136,0.002956172,0.25966504,1.0370082,3.4197505,1.6608974,0.4563182,0.2307118,0.66891664,0.29657337,0.7448316,0.26004517,3.0916712,1.6659973,1.1942018,0.10540126,0.6145766,0.35192046,0.30885473,0.56128347,0.3222008,0.96446615,0.92623323,0.26266313,1.7124333,3.7470632,0.4593266,1.025675,1.29557,0.47735614,0.82126665,1.4103924,0.44953847,0.16432005,0.17584832,0.89296955,0.8711156,2.07246,1.0708643,0.19207989,0.23510796,0.16238494,0.2564362,3.8066819,1.0230987,1.1992922,1.1923193,2.4810736,0.2542802,1.4782506,0.8985062,0.29058048,0.843993,0.0,0.26076725,0.7133589,0.5158269,0.8362285,0.76316535,0.018740477,0.05180844,1.3141321,0.3644289,3.158669,0.0,0.6108136,0.52608746,0.41474697,0.6320639,0.8257427,0.52925617,1.1997128,1.918899,0.29527318,0.02133721,0.387994,1.2660271,1.6293119,2.6037762,1.1717476,1.7849336,0.04179363,1.3220598,1.1415244,1.0839728,0.9643896,0.0,0.2453588,2.4139524,0.6737467,1.3520417,0.7570675,0.36994666,0.04857981,0.20798793,0.1844536,0.21855055,1.7656089,0.09485085,0.109470755,0.07425404,0.065864004,0.65111154,1.8354925,0.790191,0.9785145,0.15180196,1.4172013,0.8481552,1.2667649,1.5213633,0.6980932,2.0547585,0.5424125,0.9847252,1.0533668,2.0478363,2.0885196,0.57643676,0.40953854,0.18519168,0.11552484,0.88420117,0.06927159,0.104584955,0.5565128,0.0,0.2958686,3.8625817,1.4217534,0.17274876,2.4273767,0.0,1.9504842,1.0252726,0.81884867,0.014615218,1.162413,1.6180614,1.3087364,0.5441913,1.2533393,2.7687056,1.5275371,2.8844182,0.13062382,1.2718556,2.054311,0.2986437,2.6858556,0.20560414,1.6021545,1.5634364,0.50676227,1.4304373,1.5239884,0.89176154,0.6126698,0.2127389,0.13423215,0.14628097,0.29156378,0.96681243,0.29522786,0.4742286,0.6325814,0.9706946,1.5290252,0.002100701,0.6693543,0.12879074,0.71419865,1.8728936,0.34638625,3.1157207,1.6178377,0.3187386,0.57332087,0.46772507,0.72448224,0.58993196,0.733828,0.47566,0.7594119,0.1286438,0.15196419,0.6875596,0.043975946,0.7496885,2.5255241,0.3457562,2.7897937,0.531967,0.24158609,0.50195223,0.37477714,1.1921169,1.4247304,1.7093548,0.2837296,1.1894678,0.75875497,0.26737687,0.7671387,1.3473688,0.045020964,0.47032267,1.2168244,0.8485886,1.2669497,2.385789,0.43756273,0.06898987,0.9671151,0.84586847,1.5779161,0.7909471,0.43367794,1.5910071,0.6089839,1.2756685,0.8525462,1.1986516,0.018153157,1.008305,0.9849187,0.41389406,1.451842,0.71978337,0.51373047,0.40964445,0.1279172,0.13107891,0.50006217,0.51655936,2.8482258,0.029684354,0.30139926,0.1968414,1.7916514,0.19527139,0.73186314,0.7191447,0.0940904,0.14299724,0.28323928,2.0412536,0.39132845,0.46549085,1.685985,0.9757652,0.1584637,1.8994296,2.028415,0.700232,1.452726,1.0676774,1.7320217,1.2407196,0.7395122,0.47327107,0.34463423,1.4263413,0.68459064,1.100341,1.842386,1.8239369,0.2543863,0.02444814,0.93984336,0.0060589123,0.037267905,1.7679857,0.71448034,0.00017334886,2.0253038,0.4205311,0.7834514,0.84050494,1.7628922,0.36161172,0.72075933,0.37932205,0.3120244,0.42362648,0.25756606,0.02930697,0.116139114,2.2182493,3.4224117,1.0014745,3.577793,0.74434227,0.49526525,0.07802765,0.30807155,0.24136208,1.8120023,1.6173543,1.869508,0.70211387,0.2903775,0.67423886,1.5312612,0.00011566688,0.6882732,1.7739905,2.2226596,0.3524351,1.8940539,0.74381125,1.4884621,1.2883761,0.11495563,1.3295594,0.29711545,0.035966795,1.25478,0.13257238,0.046479933,1.3267872,0.1772663,0.83185,0.73998475,0.17149234,0.105181165,0.4262708,0.3051907,1.452448,1.2656341,3.2985976,0.18467268,0.52779067,1.6079164,1.0995133,2.2274668,0.28305513,0.0315699,0.6392361,0.073383115,0.003818509,all_pothole_images\pothole_images_new_image_558.jpg
0.6176998,1.1865916,0.8429322,0.56600475,0.22788666,0.0098410575,0.8261611,0.46875972,1.0589609,1.9446934,0.14849755,1.5853716,1.6707016,0.15481248,0.47423273,1.1561267,0.8828588,0.6091433,0.4445908,2.7514153,0.24347684,0.19626805,0.24232866,2.3073237,0.6216656,3.174736,0.69106126,1.3904637,0.04834138,0.28194097,1.4038347,0.8580778,0.8755071,3.350987,1.4996002,0.76677376,0.1958568,0.76435524,1.1686947,0.4079529,1.1390276,1.4058621,1.4887842,0.44104427,2.63521,2.7861593,0.68198305,0.79400486,0.93123376,0.41608354,0.423574,0.314802,0.66018736,0.692138,0.1853772,1.6237272,0.09040398,0.48645976,1.3865087,1.3452476,0.07981116,0.24061394,1.3491678,1.3906963,1.807334,0.37716374,0.66296494,0.9809485,1.8718034,0.33523074,1.3912822,1.9386684,0.57450026,1.1057916,0.78275466,1.0085918,0.40356344,0.34958765,0.7520444,0.30566958,1.4970281,0.38992274,1.5877489,0.31309533,0.9330699,0.82491934,0.121194854,1.0827537,1.5549985,0.9805848,0.1966292,0.817181,0.39879408,0.8987653,2.8348095,0.6031024,1.1628191,0.66555536,0.7276601,0.7549857,0.9624515,0.13282925,1.5434403,0.3501482,1.1733832,0.7401406,3.2904942,1.5320935,1.3757824,0.38336617,0.51415557,0.808432,1.3121083,0.8654196,1.1652573,2.0095584,0.008015263,0.18688011,0.5140717,0.6208642,1.6210781,0.31756634,1.5388145,1.3654726,0.89612,0.0,0.25861356,0.045559492,1.179968,0.4308773,2.782131,1.6357372,1.0501732,0.31672686,0.90171486,0.22094171,0.10539026,0.13562591,1.1803384,0.032213416,1.5169262,2.6115413,0.8394727,0.75840366,0.82522666,0.7439684,0.15992795,1.0854998,0.7544713,0.9880014,0.15030415,0.24919626,0.8926187,0.0018271427,0.21697187,0.9767133,0.21395203,0.3629402,0.7892006,0.25775126,0.563702,1.4480684,0.33669877,0.029914564,0.3597163,0.43597108,0.11444946,0.33800066,0.42972237,0.33144417,0.33060193,0.8465971,0.26740783,0.16188417,0.8520433,2.8478718,0.7285805,1.581409,1.2857779,2.4738443,1.5876057,0.38507602,0.53874874,3.373523,1.3804933,0.7642321,1.3122683,1.3139137,0.5824028,1.1374165,0.72749686,2.1775892,0.11175274,0.25040105,1.5321947,1.5476528,1.771656,0.40699807,0.33858725,0.197776,2.7947347,0.42858258,0.2903213,0.44636652,0.31448388,0.6692277,1.5608099,0.740781,1.9613619,2.4527302,0.0165627,0.07551306,0.014877643,1.3239486,1.6009012,0.70267385,0.4922367,1.2987713,1.9952801,0.08953957,1.7495755,1.5531502,0.56783897,0.15507682,0.08374746,0.65408885,0.37762874,0.91595364,2.166547,1.3325223,1.7770503,0.00022289195,1.4657085,0.55169827,0.82949555,1.1843271,1.4070917,0.9222211,0.6438777,1.6000478,0.21259849,1.0632163,0.3745233,2.1327915,0.38925996,1.1966001,2.7980528,0.5391286,1.1328067,2.213722,1.1551797,2.7960045,0.26525277,0.0,2.0583847,0.82042754,1.7909081,0.5873891,0.1012067,3.470139,0.4094858,0.35037822,0.8638616,0.90192443,0.58945906,0.3962997,0.5740721,0.43344846,1.459983,1.0478809,0.82113045,0.20134954,0.56415427,2.611418,1.5788094,0.5613036,0.04224929,1.5824002,0.26331797,0.30646998,0.2946101,0.37067124,0.45773786,0.068867184,0.006870952,0.062679365,0.32536748,0.9991979,1.157182,0.53518265,0.69964683,1.9172236,0.37280592,0.2473781,1.3044243,0.23644769,0.86302745,0.43097523,1.7603447,1.0193533,0.48006478,0.34180862,0.4206786,0.07588282,2.9009137,1.7855673,0.2697451,0.41352895,0.6116881,1.0387214,0.53943443,0.35351437,1.91982,1.85585,1.093383,1.6997699,0.2968022,0.627283,1.9632148,0.99427277,1.7720063,0.27176112,0.38237208,0.14022915,1.2750684,0.63352746,0.91572803,1.5386724,1.3003669,0.18870659,1.5872782,0.01275394,0.13229586,0.3423896,1.0923904,1.9851189,1.0872836,0.011883863,0.10891101,0.17356105,1.4612784,0.18617956,1.1031456,2.1876698,0.90703845,0.5357634,1.0737909,0.9185186,0.34070808,2.7215219,1.0103911,0.02727911,0.19801244,0.21139307,0.97827053,0.67822975,0.43605846,0.16881545,0.051592104,0.5699442,2.8789656,0.05928562,0.01159137,0.38766122,0.2354113,0.34867933,0.24346904,2.0816345,0.96936524,2.5183187,0.21038762,0.71766335,0.43961054,0.062060505,0.27499896,1.2080287,1.2281631,1.888557,0.47575924,1.7082174,1.4401166,0.99454904,0.67464036,0.8019018,1.6238686,0.0,0.8713791,0.8122439,0.92107,0.7251305,0.036448464,0.3834968,0.33333313,2.1100814,0.0,0.93680716,2.1183877,1.0286317,2.5478592,0.34631884,0.22592999,4.21977,0.54556334,0.31761545,0.029426267,0.78304416,2.2448332,1.4851189,0.47866735,0.8972309,0.22593638,1.6018598,0.44998464,3.054039,1.1552049,4.0937076,0.09980005,1.9453799,0.38974938,0.7156732,0.63979405,0.5289953,0.14456475,0.69738925,1.1444508,0.08560241,1.154908,0.8182771,0.616975,2.1284182,0.15898041,0.9918155,0.034176975,0.83928514,0.13830417,0.1162261,1.7954439,0.790893,1.574494,0.5556075,2.1935356,0.0023173427,1.8927528,0.10402851,0.81060857,0.43704247,0.1347411,1.8803767,0.66670114,0.22642069,0.4350572,0.40111202,1.3690864,0.22635143,0.29555243,0.4954411,1.1776463,1.7840627,0.43897468,0.50403124,3.1763284,2.5058599,1.6588202,0.41206998,1.011314,1.1703012,0.59676856,0.24778293,1.1601056,0.053605087,0.22842547,0.33291918,0.711066,0.22518235,1.9203349,0.7016965,0.76279885,0.5058517,1.0140504,0.42760888,1.0582997,0.32512626,0.5950424,1.6042193,1.461555,0.97672886,0.22020172,0.5388843,0.20631969,0.0,0.122171186,1.0399624,1.9163052,0.96737355,1.5751126,0.37787464,1.5938956,2.2745862,2.139815,1.5338445,2.0157561,0.32251295,0.611515,0.18223515,1.5416124,2.851558,0.1472015,0.2421086,0.41219425,0.49990284,0.20511736,1.7575878,all_pothole_images\pothole_images_new_image_559.jpg
1.0373057,1.6599662,0.13450046,0.40775636,0.92992,1.134313,0.23353456,0.1191078,0.4093168,0.2285855,1.5881461,0.42453468,0.017876867,1.8078407,1.3568991,0.80651027,0.4784048,0.023514844,1.3242182,2.0637887,0.29426923,1.8882393,1.716122,1.2267956,1.161,1.7054892,0.15302232,1.5397781,0.43112797,0.35545948,0.7859662,0.43956107,0.0,0.63751054,0.052310836,0.32512185,0.30211258,1.1312768,1.2706139,0.56284684,0.029313298,0.26826113,0.51167405,1.3922532,1.6495667,0.8106482,0.25380915,0.295998,1.5076278,0.13346595,1.3889965,0.74367297,0.6524733,2.4919832,1.1522506,0.504062,1.5351579,0.15418361,1.0693188,0.17653236,0.11843401,0.4790849,2.6586852,0.16065241,1.066118,0.98274463,1.7803631,2.6276045,1.6070743,0.8671751,0.2928901,0.13296111,1.5188468,0.051812116,2.3161213,2.2802944,0.02207321,0.34485948,0.53865385,0.7778168,0.28927752,1.4403372,0.22042595,1.0778743,2.571574,0.045372233,0.8623185,1.2540143,4.9865484,1.7818422,0.67982763,0.8853034,1.658812,3.615557,1.0618899,0.58097214,0.29915923,0.5813748,0.9056429,0.61553746,0.10943613,1.2921184,0.72832334,0.651527,1.1303864,2.1542785,1.8829199,0.76613903,0.26162997,1.4026871,1.491839,1.6556667,0.24814847,0.9019621,2.2761185,1.564501,0.91875106,0.9058167,0.75478727,0.93855894,0.5767414,2.8654897,0.31006962,0.26965216,1.570389,1.2797068,0.8813206,0.34323794,0.41533348,0.23134443,0.5996551,0.6286003,1.7678617,0.4688333,0.39677522,1.3509563,0.1966341,0.4219968,0.8436284,0.05928207,0.47847116,1.7317187,0.43417144,0.468842,0.45362675,1.0025952,1.0255194,0.77178675,3.0405054,1.7173322,0.53143245,2.1998131,1.0136985,0.15849392,1.1334641,0.3234148,0.60661244,2.2552652,0.31885624,0.153433,1.075314,0.009818098,0.035249427,3.5103953,0.51938325,0.954207,1.2008033,0.19961134,1.6969016,0.13725153,1.1092767,0.6167549,1.4654329,0.3420924,4.042614,1.2397877,0.23591368,1.1571304,0.079867736,0.4577673,1.4902748,0.8571145,0.7319707,0.19699277,1.4643704,1.3255066,0.7830196,0.6537275,0.31449693,1.185028,1.6757421,1.9491558,0.10684376,1.5916951,0.2716178,0.08473053,0.2427224,0.50143796,0.26544386,2.6118932,0.7685233,0.7691476,0.79517066,0.7538552,0.2160503,1.1739022,0.873504,0.0,0.69720644,0.0,0.6210508,1.5267524,1.875468,0.32957068,0.30485094,1.464965,1.1060731,0.59493744,1.0647674,0.13126935,0.29298747,0.0963362,0.78730744,0.45152158,1.1269523,0.747655,2.8644288,0.7362249,1.3227887,0.65989125,1.4949094,0.59779924,1.0872693,0.60933477,0.9545232,0.08196091,0.377646,0.11014835,0.3162506,0.7484551,0.15519586,0.166952,0.80328345,0.40279198,0.928104,0.37847754,0.38581482,0.34906647,0.54117024,1.5633827,1.4307274,0.06812582,0.72067755,0.23838301,0.96708816,0.038136933,0.36746347,1.5026008,0.5674058,0.3516917,1.7275078,1.8377309,0.34138173,0.17259555,0.46271166,0.91620445,0.24169983,1.2036265,0.3633909,0.14201014,0.303808,0.041348774,0.7051097,0.7816886,0.32984257,0.8399141,0.45519942,0.43633193,0.74563354,0.10750243,0.030834898,1.6192362,0.6622351,1.4672884,2.215876,0.056412198,0.91583186,0.8609636,1.4498333,1.0798792,0.37060258,0.14222673,0.17269395,1.594916,0.5456161,1.2225447,2.69725,0.66346914,0.57496715,1.8094926,0.040192805,0.16658683,0.9950446,0.80254596,3.9414349,1.4025642,0.16144647,0.92904794,1.1940993,0.6688886,0.1346301,1.4448329,4.2725434,1.221277,0.61968887,0.1289886,1.2969599,0.3086273,1.8431343,0.3830043,1.1870233,0.7419079,0.36584565,0.094353914,0.6225986,1.7528709,0.28390306,2.071222,0.95070505,0.71783775,2.0376382,0.8495433,1.0930322,0.42579693,1.9136212,1.0865632,0.34026465,0.7605968,1.2525619,0.3675358,1.2316293,1.0752105,1.1317742,0.65630955,2.1202502,0.16542427,0.7921191,0.49804005,0.09980569,0.81468105,0.10317215,0.4529605,0.5340379,0.738849,0.9496743,0.08345963,0.74034786,1.6927468,1.5178484,0.07500162,0.91729504,0.12126454,0.29627675,1.8042982,0.66225255,1.2263951,1.4321886,0.15930724,0.46788132,0.22239673,1.1143765,1.7457168,1.9447775,1.8063041,1.3280818,1.3044609,0.31582862,0.5575867,0.7379467,2.2934391,0.7640275,0.42375076,0.6547385,2.0766747,2.3860106,0.41492566,3.7810998,3.0150473,2.0835016,2.3353915,1.4079643,0.09361243,0.27745798,0.2275364,1.3271831,0.3427187,1.8302925,0.9815728,1.1341141,0.22633167,1.5664241,1.4174272,0.009987395,0.99512494,0.72533447,0.46256512,0.46002883,0.57654774,0.078283355,2.2056706,0.46168765,0.85027957,0.26935804,0.61200845,0.23612057,0.48526615,2.2363987,1.1195858,0.5227351,0.3035903,0.3206677,0.7883474,1.4010991,0.8324057,0.75201976,1.123101,0.0,1.5054789,0.12868467,0.6468455,1.9451742,0.9287677,0.73547816,0.8333052,0.42506975,0.89694774,0.58768034,0.07346538,1.1842277,1.5117621,1.9236188,0.6965072,0.8123272,0.5599477,0.5751663,1.0618739,2.4901059,1.3209897,0.77460366,0.7328795,0.51709956,0.26435673,1.1822764,0.05176494,0.42828172,0.95232886,2.3687022,0.033920992,0.32312107,0.30076098,1.7024034,0.0076767174,0.58954746,0.39663017,1.599045,1.5726498,1.0010589,0.09191211,1.4645637,0.60829616,0.7250547,0.13115339,1.0227064,0.2700283,0.5915927,0.9880271,0.37842903,1.0514854,0.17531744,0.75940794,0.48924923,2.3476307,1.763288,1.1837044,0.98819184,0.78770304,0.64760214,0.83922833,0.0016511406,0.14061993,1.3742754,0.95530206,0.18893732,0.069993146,0.038247343,0.0026783575,0.6184125,0.19049194,0.8121481,0.22292095,0.67421466,1.479985,0.45022792,0.48581338,0.7707116,1.194099,0.19808923,1.6252345,1.1730176,0.18580166,1.0974159,0.6530232,all_pothole_images\pothole_images_new_image_56.jpg
0.44784343,1.2921683,0.31907094,2.9478912,1.5295749,0.12345956,0.3335133,0.054924015,0.25764862,0.5776949,2.090378,0.50989336,1.8347,2.476941,0.37925836,1.605304,0.098461606,2.991022,0.6696359,1.0363832,0.102362044,0.41064188,0.23361097,0.22465067,1.2946571,0.80518705,0.32231125,1.6623095,1.2939194,0.54412913,0.34321156,1.5170122,0.34646153,0.37458196,0.023211924,0.8587252,0.2088988,0.9026751,0.4252523,0.5351313,0.0070305746,0.15571009,1.0058193,1.9016777,0.4933847,0.39348647,1.2635099,0.09981703,1.1506282,0.13452435,0.6079605,0.38343194,0.64305556,0.7186938,0.3361463,2.1591709,1.5466169,0.5606417,2.0429459,0.6467464,1.0749493,1.0708842,2.0720525,0.7593352,0.8979889,0.80454904,0.70502883,2.5751235,0.01832033,2.4642222,0.6910405,0.01584964,0.5251508,1.1498415,0.23604503,0.5706028,0.59528977,0.41877508,0.087549694,0.9409397,0.33070016,0.07025586,0.3709047,1.6426469,0.107177734,0.9042419,1.2185035,0.002430345,2.8786085,0.46182677,0.071892366,0.6243043,0.34775242,1.3738556,0.4057382,0.29816622,0.55271024,1.7013525,0.72965604,1.4318539,1.2863303,1.7028008,1.6223384,0.45274433,1.3786415,0.017546672,1.045168,0.28614494,0.78852856,1.0098258,2.7124677,1.4526935,0.09830078,0.5687947,1.0158063,1.3075342,0.46029413,1.4353541,1.27385,1.1873133,1.4131393,0.1227878,0.3065324,1.3218534,1.8873832,2.187454,0.9730017,0.55555856,0.85623354,0.43854156,0.7012345,0.20828553,1.1353053,0.34590837,0.32632133,0.64535576,1.1019589,0.79050165,0.21168804,0.3956054,1.537521,0.43527567,1.0346721,0.43969706,0.5095741,1.303905,0.051021304,0.98897254,0.08906007,1.2011935,1.9188051,1.5092831,1.9164813,0.7351728,0.69494957,0.3222038,0.26731744,1.6592728,1.0599998,0.3384428,1.6174598,1.9888146,0.025654245,2.0342457,0.5346826,0.11966601,0.7334244,2.0065453,0.7205752,1.2781593,1.1305085,0.46876416,0.4676295,1.797252,0.95561737,0.28980514,0.31924313,0.7251766,0.77828085,0.21882282,0.5976352,2.2575583,2.99192,1.0646658,0.72011065,0.68620753,0.43029073,0.31452245,1.253841,2.621936,0.41328534,0.10257366,0.1541829,0.7994711,0.09624599,0.1855243,2.1976492,0.31395504,0.13035092,0.2957513,1.3356105,2.416496,0.90746725,0.26423493,0.4481765,0.23935209,0.9145735,1.6004426,1.5025198,1.2058513,0.14601865,0.44563115,0.79774916,0.23372978,4.0635223,1.9664773,2.0074635,2.4816432,1.9853042,0.46344218,1.4073812,0.38126302,0.25763607,0.25447956,0.40417448,0.93183166,0.9242622,3.4675734,0.9466439,0.75593644,0.39269564,0.77152085,1.2711058,0.22210354,0.18534234,0.09791477,1.0860773,1.2354939,0.10181724,0.7467355,1.3586804,0.00842628,0.6760026,0.3125147,0.08733245,0.04868806,0.33500487,0.3328775,2.4078867,4.879841,1.9475765,0.1825405,0.5126388,0.11566882,0.4636261,1.3632945,0.7503266,0.7758299,0.6594705,1.9787517,1.0920873,0.4731626,0.9436995,0.5342636,0.47956583,1.3763835,1.9217926,0.55937755,1.1928774,0.02843123,0.09775229,0.5134633,1.4855244,0.6292179,2.1876264,1.2870367,0.10304084,0.64177626,1.2632933,1.9098594,2.0002167,0.43591842,0.79619116,1.0629228,1.3668041,0.46113944,0.30123386,1.0036231,1.8611419,1.7558721,0.30397972,0.9064439,1.9691389,0.621826,1.2874509,1.120685,0.50409216,1.1118017,0.2859406,1.509368,1.0185213,0.3741599,1.3587631,0.69032973,4.3837914,0.2866101,0.45646247,0.63760215,0.59869754,0.8668574,2.7668908,2.559332,3.5706546,0.58532894,1.8557024,0.6879062,1.1339325,1.1099863,4.7657213,0.36750206,0.55373335,1.2126634,0.92737716,0.8579755,1.3757491,0.6619579,1.0488334,0.027018502,0.24210326,0.28909746,1.467217,0.2772802,2.2048037,1.4936223,0.42249158,0.1272308,1.7761966,0.9037558,0.99540436,0.87550765,0.34572056,0.48018268,0.40483627,0.7779621,0.16532078,0.0121771395,0.779625,0.68280447,0.2903434,1.1983329,2.6771588,1.030887,1.7265104,0.1939794,0.2027823,0.5825852,0.27066654,2.1158633,0.2470392,1.4162114,0.939564,1.0152699,0.98271364,0.56229675,0.06207165,0.065631606,2.2912984,0.8649237,2.3592482,0.9587718,1.6556885,0.58435315,1.1854563,2.2951078,0.7697144,1.7243289,0.11947877,1.1401017,0.556682,0.6996044,1.3967967,0.13488123,0.99101293,0.14357243,2.360638,0.5513214,1.9847946,0.23970175,0.44272658,1.8576834,0.25019968,0.775335,0.90268874,0.17386591,0.28640568,0.86613566,0.8079413,0.42313018,1.5802553,0.7834401,0.44422734,0.7258651,1.7021537,1.0400761,1.0493274,0.4019375,0.4984777,0.9917688,0.051922295,0.54410803,2.9784229,1.5348681,0.40315577,0.23095773,0.72122985,1.2857543,1.113235,0.38086662,0.5856077,0.0010679135,0.44959787,1.0567818,0.57229733,2.3676944,1.4574203,0.64667416,1.0738927,0.041615866,1.107172,0.61679876,0.66753435,0.8578307,0.9392434,0.41395754,0.09488042,2.255906,0.35182598,0.23583685,0.18551922,0.11478847,1.6229606,1.6801745,0.0691078,0.7583403,0.08117968,0.36762166,0.70762974,1.663193,0.24498306,0.24810416,2.4182682,1.340745,0.50020295,0.8881615,1.2043645,1.6177104,1.2307024,0.17699394,0.16952975,1.770445,2.1176827,0.0,1.5565066,0.22163329,1.8600141,0.6354115,0.20255992,0.095842116,1.7393478,2.1425142,1.2360394,0.79369307,0.29911098,0.63669354,0.24660406,2.0900095,0.4543908,0.9950634,0.66472626,0.18170512,0.89507097,2.0276096,0.7369816,1.8597658,0.0063699028,1.1270003,1.0659151,0.65828484,1.4036349,1.1945932,0.664308,1.2391279,0.12685485,1.426143,1.3226415,0.7813624,0.039156076,0.08809249,1.0335952,0.04702309,0.94165003,3.8878226,0.061683245,0.89828277,1.5411783,0.082797825,0.52439815,1.0071992,0.39777482,0.7082044,0.2351507,1.0890385,all_pothole_images\pothole_images_new_image_560.jpg
0.3576238,0.89904034,0.90767354,1.5746456,0.31245008,0.5866499,0.99762094,0.90340203,0.3668563,0.1278174,0.6635968,0.4402996,0.17693979,0.87709886,0.15416427,0.31888697,0.61849886,1.0009403,0.25457487,1.9331316,0.51775116,1.0584507,1.4333761,1.3968979,0.846976,0.19101082,0.27873752,0.7241074,0.09145241,0.35682327,0.8703219,0.015989875,0.051739432,1.1899482,1.0991023,0.76681066,1.2934386,1.4580365,0.45211083,0.5254994,0.09341562,0.010852986,0.852488,0.14021584,1.7356203,0.95060915,0.33373985,0.05164554,0.15475915,0.29187623,0.5698528,1.0171633,0.3222796,0.6601688,0.021804571,1.561984,0.24526961,0.12415517,0.44039044,0.82831013,0.26162502,0.46056557,1.6654627,1.6471224,0.42469,0.50678957,0.61734045,0.30216163,1.2673938,0.5443057,0.7847518,0.21250066,0.0624681,0.4846418,0.28152707,0.75518775,0.5133889,1.1733335,0.25425795,0.9808958,0.3665182,0.8702816,0.10193752,1.4930756,0.7555728,0.5725007,0.8539248,0.61550456,1.0810475,0.8370374,0.24862503,0.5031233,1.3606368,4.507099,0.41599607,0.40016392,0.102370374,0.15051408,1.263226,0.93521285,0.44304448,1.4287534,0.1344118,0.8819553,0.85589933,0.7201653,1.2434821,0.45227545,1.0195924,0.22216488,0.94870913,0.79609007,1.0553377,1.1820282,0.47685567,0.4550437,0.2898876,1.0923505,0.379613,1.7362484,2.5829425,0.97389287,0.3935276,0.3298452,0.54525477,0.41700733,0.835933,0.7304897,0.45840582,0.88996655,2.0735245,0.025550146,3.0129354,0.58365613,0.62112415,1.7371984,0.7400908,0.4817523,0.64985734,0.4889576,0.6790123,0.18514319,0.89103025,1.3319881,1.0275028,0.3754335,0.6327109,0.13823508,0.7369209,0.6880193,0.06674941,1.8821268,0.8789712,0.48015016,0.8167427,0.14652203,0.5884484,0.1835983,0.07995284,1.9110602,0.5840776,0.0039400985,0.76444125,2.7796674,0.23211607,0.53474534,0.90583354,0.042600285,1.3897356,1.7687052,0.6388627,0.33014748,1.4719138,0.6082353,1.1097711,0.5843979,0.60624045,0.4274758,0.026972137,0.493688,0.9512975,0.59537643,1.1071454,0.25326806,2.0248072,1.5161129,0.29364523,0.5924575,0.2854887,1.0331601,0.39378563,2.0841746,0.7392622,0.8617004,0.67113197,1.3846878,0.35909182,0.47186878,0.26241404,0.5128662,0.8484157,1.1981502,0.24121223,1.0560615,0.23285332,0.57648456,0.6046135,0.113842495,1.549605,1.3781825,0.32253993,0.5234052,0.4521824,1.281047,0.3942228,0.108563654,0.13314427,0.28669846,0.7019666,0.39210168,0.31962878,1.2466761,0.016994014,0.12279147,0.5344557,0.8184329,0.67064995,0.11222744,2.4800882,0.74441195,1.159551,0.193448,0.33020452,0.19899286,0.47588977,0.4725239,1.6577102,0.7171067,0.60842955,1.650258,1.4253489,1.122612,1.0658492,0.7032778,0.47103024,0.0,0.8013827,0.5896474,0.4552365,2.2387474,1.0167655,0.08550946,0.3024782,1.6332058,0.16688468,0.39597985,0.70053875,0.25220457,0.055451285,1.8382249,1.9342638,1.3669466,0.75073606,0.47619694,0.48512653,0.30953416,0.6570079,0.38794225,0.34224382,0.25465786,0.7386297,0.686922,0.5807226,0.19690293,0.3970457,1.3584079,0.8925095,0.97987163,0.011110458,0.65640247,0.15702382,1.1312248,0.3501742,0.26611057,2.5389867,0.028862178,1.0936136,1.0243357,0.48281646,0.80952203,0.043309465,0.018635835,0.03192171,1.0419629,1.6660255,1.8202063,0.23772216,0.9422746,0.1984688,1.3161554,1.5711926,0.1877541,0.047113564,0.3055852,3.338968,0.33367094,0.06139432,0.53044355,0.15882319,1.2598587,0.061075054,0.7862061,2.2273254,3.5990906,0.2600018,0.42757976,0.06074483,0.35847798,1.5763372,0.33100325,0.78585726,0.069195695,1.588316,0.14120597,0.21523851,1.7928641,0.73867476,1.497366,0.7112229,1.085632,2.6668808,0.43773898,0.36249673,0.38007277,0.9707599,0.3226769,0.48717576,0.06391561,0.95413566,0.031036116,1.5279877,1.4143021,2.0379603,1.2778927,0.15030386,0.9258867,0.88150036,1.0429341,0.4203573,1.3824764,0.1904018,0.63105094,0.01013856,0.4664575,0.58053553,0.31316507,0.5955014,0.902896,0.7075796,0.20467952,1.9118165,2.091012,0.33451363,0.021919403,0.047411673,0.94256526,1.1433398,0.90409726,0.5524438,0.52992886,0.54074436,0.28120902,2.2325675,0.7140895,0.20224157,0.5328004,0.2569001,0.26074803,2.9600275,2.714904,1.362208,0.56220055,0.013429963,0.3829058,0.7184344,0.6791813,2.6962585,3.5770564,0.9551111,0.17623216,0.27138633,0.007880519,0.1281706,0.6734634,0.45525172,0.27322358,0.08192631,1.1052536,1.5572861,1.32529,0.8990604,0.6154739,0.2875271,0.109649,0.3378203,1.7203372,0.66690797,0.3565387,0.9475918,0.33509928,0.45999554,0.15159816,0.11413164,0.38991222,0.4859499,2.006172,0.78422457,0.89855623,0.47352466,0.3405978,0.12560073,0.34764,2.461293,0.3352647,1.599355,1.9006084,0.78085685,1.0111096,0.83443046,0.07868723,1.0330827,0.4803477,0.38273534,0.60622215,0.05185119,0.5526304,1.5284615,0.9114617,1.2066174,0.79752284,1.206261,0.01737404,0.4546504,0.15798543,0.4165018,1.669559,0.76108617,0.8149935,0.47041732,0.87991637,0.7852636,0.5848012,1.2823974,1.3836123,1.2677345,0.6809504,0.5771452,1.0559089,1.3676504,0.04919269,1.6212698,0.9384847,0.23544896,0.17766064,1.2944617,0.17006017,0.9538119,0.053161036,0.5910022,0.5893814,1.9419469,0.28721553,0.3586556,0.39925298,1.6217196,0.14171892,1.1078268,0.47425133,1.6387342,0.23665027,0.49999237,0.5933497,1.6516536,0.21514799,1.2583132,0.26218382,0.52222216,1.3306484,0.9478035,0.24286927,0.22397438,0.08519552,0.11154827,0.28769168,0.04769985,0.057474904,0.05751844,1.5279611,0.55762625,0.977093,1.0680737,1.7459981,0.98213536,0.1102549,1.8678634,1.0429122,0.15239015,0.35752392,0.6560717,0.31428447,0.860185,0.0,all_pothole_images\pothole_images_new_image_561.jpg
0.37176436,0.15063626,0.39726904,0.3846741,0.2537437,1.2648757,0.21206571,0.0,1.37455,0.2159925,1.1849507,0.3577388,0.08800595,1.7931186,0.5871392,0.3121611,0.055283427,0.045044024,0.80552113,0.049160037,0.20694049,3.2019806,0.46070892,0.49882188,0.44821554,1.3401022,1.2904311,3.8764267,1.5785483,0.28831604,1.2916218,1.5500094,1.2878158,0.06943011,0.03619572,0.51711935,0.4834192,0.69884986,0.22687742,0.20070067,0.38685244,0.2774267,0.6238157,3.9730623,0.53090894,0.7061623,0.80732775,0.5089749,0.8898796,0.91812783,1.0871252,1.108343,0.7026048,0.2597634,0.094471626,0.7692175,2.4002442,0.22639097,0.014918093,0.07820014,0.39448932,1.1983024,1.7350124,0.24105743,0.9185176,1.7648435,0.3796357,0.22456895,0.1956437,0.4240021,0.23394693,1.912209,0.35848266,1.0869114,0.019541973,0.13437766,0.26700616,1.6453453,0.15842898,0.45916304,0.40727156,0.65137666,0.1354048,2.398398,0.25073358,0.6774532,0.82191885,0.054269318,2.029573,0.7523988,0.41296452,0.09496168,0.021621652,0.52407515,0.33537456,0.38880235,1.2511342,0.2634818,1.2675282,0.22358806,0.36477065,2.0489278,0.24746892,0.0,0.14621645,0.936666,0.047890663,1.3396883,0.3884397,0.6964133,0.4605899,1.0259,0.3622664,0.64175004,0.0940532,0.4040333,2.7246573,0.90548205,0.46419528,0.49612212,3.1293185,0.024350766,0.12426944,0.004995855,0.09680123,0.042522084,0.5910317,0.25722072,2.895669,0.16982342,0.84399223,0.017531196,0.6238856,0.060203943,0.083413355,0.39671668,0.8423806,2.5357344,0.4106762,1.4730219,0.59020805,0.16640949,0.7118464,0.25051603,0.2469454,1.0783621,0.8391717,0.5834626,0.604535,0.40774435,0.16563296,0.50116915,0.011083815,1.9126557,1.5340862,0.53996444,0.35756192,0.12461276,1.0649445,0.9183838,1.7240369,0.3135259,0.110487364,0.57263565,0.0008429438,0.2968244,2.055735,0.39660427,1.0663182,0.47076088,0.03410854,1.4667985,0.04744335,0.6515833,0.14555794,0.14299305,0.59025246,0.08569692,0.6686417,0.71947736,0.46936563,1.4082887,1.1359202,0.17234986,0.6826483,1.3773091,0.18073632,1.7257307,0.06826071,0.10267981,0.13216856,0.042761143,0.77114284,4.321436,1.0164164,0.48964605,0.30311856,0.78341734,0.4192281,0.5573042,1.1792108,0.31264386,0.9731011,1.2621818,0.5062022,0.019288741,0.8555957,0.5538595,0.23041359,0.42963257,0.45714653,0.36825943,0.96772546,0.26147413,0.121128656,0.99777097,0.93515104,0.5163046,0.42690882,1.8212155,1.6927446,0.11161923,0.4634713,0.19571249,2.7925465,0.5718151,5.848761,0.32087237,0.5391342,1.1900384,1.8684789,0.9177317,0.4144923,0.83978915,0.8279729,0.7611442,1.5323311,0.35783437,0.14914256,0.7095079,0.079521075,0.1985239,0.44142067,0.9218451,0.35952032,0.17086302,0.3304142,0.6914089,0.46301404,0.7338761,4.237516,0.037676215,0.7010077,0.38482976,0.7380232,0.006105699,1.5885324,1.2752469,0.6059187,0.32752904,0.55524415,0.56663364,0.14370333,0.69090956,0.63593,1.3978072,0.14281161,3.2410657,0.8791276,0.1776359,0.18536486,0.3125974,0.06846744,0.30741015,1.4580334,0.26599434,0.5346288,0.5170512,0.5632695,0.2097236,0.96026593,0.6925113,0.064080164,1.4310497,0.39389318,1.8478154,1.2332797,1.7271891,1.1031145,0.53482133,1.0256065,0.73320955,0.010119867,1.9860674,0.14375725,1.4252905,0.8758729,0.36415663,2.1043797,0.1580002,0.07259405,0.9284766,0.4053301,0.33054706,5.192912,1.4263,0.030843554,0.0688089,0.042547133,0.76884085,0.60907733,2.446171,0.662309,0.35145265,1.3980654,0.035883065,0.48426843,1.7979304,0.5419596,0.22131985,0.10077462,0.27514005,0.05678241,0.52039963,0.96869844,0.2093762,1.4291958,0.03594294,1.1251128,0.43406633,2.52281,0.52097785,0.10414318,1.1256044,1.1144512,0.16837521,0.7500644,0.36870122,0.19211738,0.23263626,0.28432631,0.78552914,2.4616818,0.20599312,0.92660195,0.26383042,0.25873226,1.499904,1.3952892,0.2685228,1.5817827,0.20975292,1.3865356,1.498204,0.12985624,1.0903716,0.0038855209,0.95094234,1.0577785,0.16680877,0.0482325,0.25135288,0.55651927,0.87955296,1.0911,0.06906358,0.7913717,0.959667,0.21555875,0.009078223,2.567453,0.21360373,1.6977509,0.63104177,1.4283922,0.0180943,0.99668336,0.57562065,1.0221969,0.34591776,0.18517382,0.09405802,1.0797597,1.1415861,2.6790953,1.9375666,1.1502017,0.17174672,0.064965256,0.82507455,0.96554774,0.6558418,0.056372683,0.28071898,1.1262461,0.12182602,0.8607572,0.06395694,0.31609917,0.38596615,3.4255812,0.8404768,0.51877904,0.8015842,0.9379833,0.50331926,0.5046377,0.46844319,0.13301216,0.039435893,0.30763167,0.16399401,1.057658,1.1786737,0.87012446,0.5065421,0.7353676,1.6415039,0.7997838,0.061106175,1.7558783,0.040703803,0.70128024,2.9987829,0.9411031,1.017847,0.76647437,1.0331626,2.8162115,0.4616518,0.566498,1.3974696,0.07305689,0.7439508,0.7003512,4.82107,2.0046182,1.5666316,0.17885071,0.94073135,0.8652152,0.7319314,0.2705274,0.4239357,1.8554825,0.530056,1.9144852,0.44722047,0.039252233,0.35235295,1.542045,0.31183103,0.3699288,1.0849913,0.9839865,0.64554,1.0502374,1.4531542,1.1927428,2.289012,0.55582285,2.019206,0.96010995,0.024104206,0.08490945,1.4503183,0.3231599,0.29009646,1.626674,0.66555333,0.24001916,0.3874963,1.0184048,0.009930491,0.18902698,0.042954132,0.5942294,2.679655,1.1312306,0.15960199,0.11594862,4.837629,0.7120267,0.29565868,0.37787646,0.3075619,1.5376238,0.41914713,1.2912579,0.7058867,0.1845766,0.4695498,0.20423485,0.7664597,0.23762457,0.8195169,0.086303435,0.7218961,0.13838297,0.4121444,0.1546193,2.7397158,0.79562324,1.0904379,0.63991654,1.4341142,0.6164142,0.094954714,0.50677,1.4740915,0.7963062,1.013446,all_pothole_images\pothole_images_new_image_562.jpg
0.3985763,0.1790458,0.006741178,0.6204206,0.013666587,0.13740711,0.00084068516,0.6104123,1.7626007,0.13596608,0.650635,0.1947656,0.0004989533,0.9835256,0.5615646,0.03839856,0.0,0.1287245,0.3981633,0.0,0.41301018,1.8416407,0.7511165,0.1698985,0.33179328,0.39602664,0.15428294,3.6715174,0.35561144,0.024199504,0.83291453,0.14709081,0.79111993,0.69278234,0.29382205,0.0006691904,0.08036987,0.5587777,0.25231695,1.2238309,1.3515226,0.467401,0.15075423,0.06933906,0.1654439,0.7249021,0.48066068,0.22956252,0.4004495,0.48588276,0.29059225,0.018805543,0.035579257,0.0,0.9396665,0.19344255,0.0,0.29961297,0.6295918,0.08951162,0.6462197,0.0636394,0.24939887,0.65976846,1.4733955,1.0357009,0.041616973,0.0,0.022823727,0.08760879,0.35921508,0.10132748,0.5870557,0.12605847,0.19257352,0.15430743,0.5780336,0.30877182,0.0,0.0060769496,0.1925675,0.2871211,0.49622148,1.1548966,0.6018554,0.43347695,0.0,0.0,0.10005787,0.7192145,0.07723975,0.09848841,0.66693205,0.046896305,0.28185764,0.014241066,2.4006217,0.0,0.30196387,0.4463538,0.22677888,1.2885281,0.27531087,0.6939228,1.7644706,0.0013913637,0.9100338,0.5880366,0.42811596,0.56314576,0.23017535,0.10368552,0.7040899,0.09721483,0.021585423,0.376272,0.7442859,0.14277528,0.39505336,0.117426336,0.6237277,0.038207833,0.41264248,0.5657493,0.810714,0.5495549,0.9387611,0.85629916,0.79316586,0.3149854,0.3167788,0.0022029905,0.16925126,0.9241133,0.4020839,0.15506025,0.36321843,0.85448784,0.12817132,0.18508327,0.39026326,0.034626767,0.8703959,0.3577035,0.3292849,1.2101212,0.118575856,0.98837256,0.2976675,1.4660777,0.027943067,0.23786817,0.0,1.3801788,0.63347274,0.035336155,0.3218698,0.31743187,0.09461614,1.8570775,0.8522742,5.6003666,0.20374574,0.15431836,0.044219423,0.28186804,1.7596942,0.2906607,0.72370124,1.5521736,0.36823988,0.00055639603,0.15380871,0.1542409,0.0,0.6058666,0.5882764,0.64906526,0.5914043,0.4425923,0.12582348,0.21286723,0.42690682,0.0,2.581649,0.87215865,0.07375059,0.7697026,0.5670342,0.14026791,0.122545026,0.40370324,1.4828128,1.4738395,0.45717138,0.73517513,0.6132292,0.9160229,0.4555446,0.0,0.24227187,0.3882233,2.2718332,0.8645625,0.9566386,0.23867711,0.0,0.038690977,0.44591895,1.3556501,0.3139483,0.0066967276,0.47525406,0.00047232118,0.8519765,0.0125952605,0.8141206,0.29664144,0.0075659123,0.5911589,0.8805494,0.72472614,0.33777383,0.17209572,0.020922434,0.39397398,1.0732704,0.10804406,1.2876183,0.05225168,0.057491627,0.07486467,0.013029206,0.06880911,0.58924466,0.022133956,1.2527268,0.1598216,0.755524,1.3256923,1.0841682,0.28253704,0.23772356,1.3898482,0.40486336,0.0,0.020181373,0.70045626,0.0702592,1.7986218,0.94256514,0.04588026,0.0008531822,0.45355108,0.032405343,0.15005805,1.0429684,0.113893256,0.015745563,0.87476313,0.09182346,0.2982929,0.5220027,0.041429304,0.019765243,0.2155828,0.2912352,0.273371,1.7334025,0.04367268,1.0127401,0.0,0.0075074625,2.5811553,0.003263275,0.89804524,0.2980885,0.52076113,0.0,0.6167107,0.94086206,0.8288849,0.3423011,1.6045871,0.31476694,0.56115144,0.30998823,0.07535936,0.46435407,0.12665153,0.09725461,0.6633362,0.075036846,0.92920685,0.07232578,0.011326019,0.0051568924,0.86641246,0.016846048,0.9351296,0.049903695,0.59059626,0.1392968,0.008505826,0.26873282,0.7105919,0.035097428,1.0017152,0.06948113,0.4122486,0.36870563,0.40038776,2.0404544,1.7159377,0.080780745,0.103238665,0.0498991,1.1493073,0.65632635,0.41434693,0.4973962,0.0,0.66123784,0.3912162,0.7067826,1.8768626,0.99628687,0.09795672,0.11060423,0.116650164,2.3648717,0.25772998,0.00084823894,0.7312874,0.790901,0.2785739,0.67685604,0.010347607,1.6224495,0.44210967,0.26236534,0.20004408,1.8504853,0.9001564,1.0141732,0.28568694,0.15980862,0.44259936,0.75206363,0.67408836,0.0,0.16420975,0.0,0.64257485,1.1467581,0.0,0.13044022,0.093888804,0.31429848,0.113584235,0.3254437,0.15373221,1.0616335,0.0,0.03018447,0.020609375,1.8603786,1.2955519,0.0,0.06680443,1.3902445,0.23771574,0.5012811,0.1761952,0.26605988,0.25908038,0.03656181,0.25027153,0.90748215,0.8070511,0.56443477,0.4359426,3.1950085,0.3728703,1.3356451,0.2678514,0.71661085,0.14083645,0.045264162,4.3839564,1.154414,0.80715513,0.03651633,0.8759702,0.2576297,0.920401,0.005445242,0.052367385,1.0134381,0.019800104,2.369772,0.48686576,0.5613801,0.0,0.20124272,1.1524122,0.06651613,0.002814936,0.8611272,0.00078968005,0.41617456,0.05085564,0.69929874,0.14614867,0.014258291,0.82959795,0.27021965,0.6449553,1.3408675,0.27137658,0.85518444,0.057440378,0.34073815,0.14918046,0.9533562,0.06923685,1.7278391,0.13857082,1.3841769,0.60868627,0.16065091,1.0140208,0.3849481,0.48044196,0.021595292,0.50122815,1.0522221,0.7877296,0.2319782,0.0129143195,0.24725485,0.8041622,0.13548829,1.2213916,0.0026161522,0.09468216,0.26244366,0.05524726,0.40368932,1.3377285,0.51589113,0.030924045,0.00964026,0.8251851,0.62083775,0.3625,0.56200445,0.112420894,0.54058844,0.65651834,0.6015667,0.08600507,0.13296422,0.00043303322,0.11234037,1.0713063,0.01848843,0.0027653934,1.4570129,0.049306206,0.7057783,0.82702154,0.07183904,0.7580796,0.74592096,0.017306285,0.16734166,0.006959618,0.5996456,0.0,0.28824112,1.99334,0.6705751,0.0,0.035048537,0.0,0.37025043,0.06692884,0.121857405,0.54163843,0.8389703,1.5256246,0.051792342,0.0,0.07175399,0.08815902,0.16254981,0.91403663,0.53920496,0.17624772,0.0335505,0.26263028,0.06570955,0.15163058,0.06109874,0.54930204,3.1543791,0.012169518,0.19347098,1.6133894,1.5605463,0.4355566,all_pothole_images\pothole_images_new_image_563.jpg
0.81484604,0.12223557,0.042401176,0.6582229,0.704537,1.532402,2.352567,0.6258583,0.9305043,0.4894286,0.22104463,1.924421,0.06876842,0.16420466,0.7997826,2.3930404,0.72299165,0.05183648,0.6204359,0.013121447,0.06613983,1.558978,0.50274813,0.35974148,1.0189738,0.51259935,0.0,3.9522908,0.26211166,0.7029254,0.69886655,1.1780903,2.0287697,0.35168067,0.0,0.7847084,0.0,0.17231053,0.9578714,1.8605745,0.1267482,0.64910406,0.14508152,0.2380409,0.1701113,0.80839926,0.8765514,0.37695202,0.8284211,0.2423866,0.7052677,0.010589838,0.9037608,0.37102374,0.37359923,0.94519883,0.62015295,0.012885428,0.29135016,0.5365131,0.0,0.06075289,1.8828115,1.2995887,0.14690109,0.7802924,0.099821806,1.0487133,0.28130987,0.039548844,0.17846823,1.1948413,1.2605511,0.20428766,0.5122612,1.7400657,0.039637104,0.8678933,0.7923674,0.7821066,0.39044043,0.20795448,1.4188101,0.20502876,0.14074193,1.3432423,0.4072299,0.003582467,2.5502114,0.9951198,0.0055420753,1.0708244,0.4055167,0.09671357,1.3952423,0.1838365,0.6117115,0.45349035,0.19899096,0.3764179,0.10191263,1.1334643,0.44275126,0.04341068,1.636459,0.13086493,0.4177431,1.3068278,1.5217556,1.3326072,0.42700702,1.7380964,0.800026,0.124571405,0.12507333,0.9441615,0.89179665,0.834723,0.3643983,1.5370964,1.784252,0.41311723,0.578584,1.0162117,0.243923,0.16531365,0.45861226,2.4184597,0.79213744,0.6690194,0.014224091,2.9738123,0.3277116,0.6140838,0.94675297,0.019307574,0.47788292,1.6543431,0.0069132755,1.097659,0.965375,0.79535276,0.040084846,1.3259243,1.2264997,2.4069304,1.2421016,3.057111,1.1433926,0.43958944,0.15389535,0.31931934,0.035367783,0.92426187,0.68552506,0.31281477,0.087289244,0.13399892,0.7955076,0.46645206,0.0,1.4114598,0.23465827,0.35455728,1.3721782,0.042955358,0.37259066,0.13164596,1.7162908,0.71647334,0.09629542,0.31814525,0.05975337,0.25480044,0.41214868,0.018035835,1.6747419,0.22506943,0.71151996,0.6019938,0.05161073,1.5120373,2.0515497,0.15828621,0.9058716,0.1050899,0.23745798,1.9758388,0.38915423,1.0668988,0.2005616,0.030172078,0.0242582,1.661508,1.3332397,0.012522011,1.9035093,0.12144847,1.3440185,0.54037684,0.17195603,2.0813036,2.0410895,0.46625003,0.28027612,0.99593836,1.1895324,1.7197399,0.9631732,0.034905907,0.066248074,0.64414966,1.2833691,1.047929,0.767641,2.35209,0.4990864,0.023257107,0.30521828,1.3555908,0.8255392,0.1781428,1.1518295,0.4333519,0.2501438,0.32830495,2.0140116,1.5828522,0.58576566,0.2891588,0.28729334,2.971913,0.17256162,0.1337234,0.030849358,1.7265701,2.402924,1.2042266,0.21677732,0.271611,0.56512344,1.3173243,0.29921594,0.8901551,0.0,1.3692874,1.2669944,0.48661867,0.21563426,0.762157,8.093352,0.23703225,2.4720836,0.7720645,1.1403772,1.0059172,0.40559846,0.44428104,3.001841,0.95424396,0.45658544,0.18345171,0.5149447,0.23208956,0.11891013,1.4306748,0.23274794,0.5169318,2.001358,2.3869262,0.40847346,0.9425953,0.09638426,2.7926013,0.97067416,0.92727053,1.4968842,1.9762878,0.6148843,0.18208908,0.48441842,1.2665206,0.2094914,1.2320143,0.38984212,0.16439444,1.1854268,0.6107616,1.2409998,0.29471427,0.16611063,1.8811775,2.465588,1.0344466,0.028136896,0.958521,0.8849078,1.3801877,0.24357562,0.028440325,0.011285456,0.5052668,0.4481308,1.9409609,0.38043344,0.008601157,2.5145123,0.3345112,1.6428441,0.015286766,0.54163444,1.4674652,0.45027772,0.8623582,0.10635926,0.4158055,0.0,0.14413999,0.84119976,0.40436256,2.0977511,0.16406332,0.23030119,0.6705546,0.24367294,0.35186198,0.033525575,0.24822658,0.40637237,2.308075,1.7336792,0.24088946,0.7179204,0.898812,0.44421378,0.04970025,1.3772305,0.016454095,0.58126485,1.4231666,0.9763523,1.1564658,0.9061771,0.33356744,1.3428273,0.21850675,0.081452034,0.4260337,0.70669895,0.28183568,1.086767,1.2551764,0.97722155,0.42826164,1.0662216,0.56924856,1.7505362,0.0,0.26124147,0.8613477,0.17868876,0.83152395,0.8337774,0.0,1.0642335,1.0317425,1.09002,0.40390357,0.8893786,0.0,2.1828463,1.2134132,0.28139445,0.068720095,1.4613267,0.18959652,0.021342091,1.773229,0.39322668,0.8302836,0.08517713,0.2713956,0.8681372,2.283978,1.911045,0.36639798,0.013929971,0.0,1.2741363,2.2339454,1.5280185,0.7345444,0.0,1.219016,0.0,0.9825567,0.73221254,0.9371535,0.7723815,0.021332892,3.0933483,1.1060959,1.3965477,0.17312106,0.29089558,0.6352349,0.5384135,0.26339242,0.44956875,0.5048867,0.16013996,0.50355273,1.2227856,0.5883172,0.3517707,2.0978057,1.645516,0.15854986,1.1218808,0.40518257,1.0329441,0.5041983,0.17896481,0.6253746,2.5234125,0.08494164,0.6830571,1.2797939,0.8983153,1.6819193,0.966679,1.556024,0.017857738,0.006270135,0.15697664,2.5205293,1.015025,0.07541358,0.55299807,0.21996863,0.7667069,0.86732256,0.022423673,0.0039513293,0.6351805,0.031112358,3.253475,0.32508084,0.36188674,0.35128865,0.8791187,0.55154413,0.5597239,1.4212013,0.48468164,1.5622617,1.8323061,1.5496522,0.50255656,1.3274817,0.93326896,3.1396134,0.2315197,0.0014955803,1.14734,0.88757354,2.9517152,0.6416328,0.7813227,1.1153568,1.5762153,0.45177272,0.6581909,0.2568556,2.4573505,2.1463876,0.5645125,0.26022738,0.3934618,0.21509762,1.7652354,1.6742696,0.07915389,0.22023165,0.026071703,0.6769501,4.003597,0.41925976,0.62040514,0.22703578,1.382658,2.4599593,0.5227151,0.22548634,0.75523543,0.42179787,0.44724008,0.19281362,0.1947065,1.2118464,0.0,2.4320614,0.90397066,1.1053184,1.275802,0.36044884,0.24935582,1.3745,0.60820097,1.8334898,0.3701233,0.65456223,all_pothole_images\pothole_images_new_image_564.jpg
4.4441423,1.5435984,0.5563765,1.509942,0.0028920763,0.7753141,0.5048146,0.18678717,1.1154642,0.118352,0.15267004,0.14726135,0.878537,0.09216655,1.2645752,0.03618626,0.81969464,0.2971496,1.3980283,1.1046063,0.9025098,2.2056746,0.662562,0.96152633,0.06981804,0.36169147,0.6873194,1.8414557,0.1376791,0.8592161,1.140821,1.0612661,0.43656158,0.84528565,1.5583292,0.5788882,0.19913143,0.34652263,0.9105498,2.0375416,1.5597641,0.10845312,0.08554114,0.10587607,0.65939206,0.21656941,0.68031526,0.35584456,0.08828872,1.3546892,0.8282517,0.47218525,0.71643966,0.0721715,0.12287126,1.081194,0.1925497,0.21788836,0.8020933,0.24149999,0.30309543,0.5509251,0.5286443,0.031237794,0.101943724,1.0017905,0.26741162,0.94390666,1.8739681,0.65198463,0.004602012,0.1340131,1.8795813,1.1212626,0.58760625,1.4675,1.3485138,2.124671,0.9110568,0.14483956,0.11884204,0.24017003,0.26551437,0.75522846,0.027596176,0.91716665,0.1349348,0.52529293,4.1695004,0.4054714,0.39236367,0.0,0.015542724,1.028516,0.5333244,0.13156234,1.5548955,0.21785434,0.082519315,0.6862255,0.317231,0.01874888,0.42045903,0.9575575,1.580483,0.72629935,0.13988835,0.57389694,0.7051043,2.4501107,0.16396423,4.6471515,1.6780523,0.8235861,0.0,0.10683289,2.5766306,1.2856401,0.81084627,0.4513818,1.2053311,1.2083081,0.074440606,0.03923687,0.3256617,0.34192914,0.57374686,1.2765967,0.7800121,0.5202011,0.2588804,0.019276623,0.7748079,0.016374499,0.890561,1.1683062,0.13084166,1.0981994,0.107648864,0.25150225,0.43346536,1.4606665,0.22910927,0.45617238,0.03211389,0.17277724,0.33423606,1.2749091,0.5938896,0.297283,1.6621529,0.00040679786,0.07551909,0.6247463,0.9556456,0.2886959,1.263941,2.2135918,0.081303164,0.97418684,1.4420649,1.5622133,0.44532418,0.6390227,0.3446818,0.2385279,0.535935,0.07273858,1.7168884,0.33194324,0.06803729,0.0,0.27136427,0.16206062,1.6521431,0.07084388,1.4606537,0.03634689,0.57190615,0.15666884,0.54574335,1.5176291,1.3062161,1.2052478,4.0046673,1.1201006,0.20564616,0.32010964,0.86003965,1.3689668,0.039593503,3.045455,0.22949284,4.08546,0.5275683,0.0037292934,0.073507845,3.5849202,0.8823207,1.570687,0.102007166,0.662836,2.7772608,1.9364479,3.0262992,2.2985682,0.18008617,1.4511939,0.020939428,0.49067852,0.14170556,0.87477344,1.6563594,0.4341704,0.037829064,0.9137449,0.5184787,0.59972936,0.4106153,0.8683386,0.23617905,0.7434761,0.39827576,1.4454585,0.104392216,0.2653827,2.1466901,0.25184885,0.54542613,0.2643183,0.53973156,0.089602225,0.8033462,1.1401889,2.3358564,1.1295753,1.2655574,0.0531011,1.193946,0.15670174,1.2597376,1.3236884,0.13004947,0.14371191,0.046148106,0.0,2.2015889,0.05655001,0.14113782,1.5843142,0.027262565,0.09395521,3.2501674,1.5767442,0.99698013,0.0050323713,0.34084848,1.6865001,0.65373737,0.073225886,0.12086415,0.15708522,0.7367292,1.2603623,0.5887747,3.7041514,0.19991095,0.9441195,1.868098,0.40565777,1.1209258,0.0,0.013465587,2.1300495,1.65824,1.4219519,0.96551853,1.0696609,0.2386046,0.84957534,0.2556011,0.3910935,0.25947708,1.1361457,0.795735,0.5611463,0.10476848,0.280963,0.25572312,1.7248645,1.0669326,0.28960055,0.92968875,0.64248544,0.17411378,0.053833134,0.3948754,0.11336737,0.07495295,0.08562687,0.14223269,1.7556117,0.9148684,1.6078424,0.24719214,0.25695434,0.00071596674,3.0577466,0.26969767,0.5679167,0.74124306,0.44733372,3.3262858,0.48022833,0.019280177,0.16248132,0.5142815,0.7054669,0.20565888,1.0923077,0.6164566,0.39203262,0.009732485,0.2914527,0.3727319,0.47577107,0.45492363,0.2481401,0.75028306,1.2146583,5.1654477,0.6849904,0.15820922,0.08168049,0.56973094,0.9201456,0.17361857,0.8563886,0.10316092,0.00947022,0.42505333,1.2522415,1.8540128,0.05755765,0.43715402,0.46194032,0.050739605,0.48910615,0.57235575,0.6734487,0.69361174,1.3034965,0.08443842,1.6913218,0.15156849,0.35064182,0.2942652,0.2648572,0.016882049,2.5111103,0.1602875,0.36149392,0.919214,0.5373756,0.28328985,2.3981323,1.9205958,0.63126117,0.14868207,0.0014432835,2.4712334,1.9754303,1.6707997,0.08208211,3.3108034,0.13443671,0.48615226,1.545771,0.6052127,0.69547004,0.40929925,0.102284715,1.5836524,2.0287967,3.7545104,0.43157887,0.03629845,0.086957835,0.0,5.2244854,2.5530794,4.334287,0.68410414,1.0231328,0.851728,0.42728773,0.5311405,1.494988,0.61443377,0.0004402106,3.5367699,0.894966,1.8905846,0.8603944,0.09054012,0.548063,0.34377939,0.37047988,0.039051935,0.06715427,0.85447824,0.30145293,1.9544108,0.37201455,0.014752047,0.6205712,2.4250264,0.047033902,0.6945067,0.10159147,0.6507281,0.092402205,0.97300017,0.119197026,0.62605387,0.40229675,2.5121493,1.2819947,0.24992482,1.1151422,0.005279291,1.723308,0.62471485,0.302442,0.15386078,7.4323697,1.2055485,0.51635724,1.4907267,0.6248946,0.39880428,0.7983427,0.5830218,0.23608285,0.84027535,0.15136592,0.44753194,0.47071865,0.007937134,1.413792,1.2331672,0.6036608,0.96906126,1.3841257,0.66217804,2.6086762,0.44507003,0.487235,1.2675548,2.071325,0.039118998,2.6254406,1.3233587,0.05616409,0.83669686,0.5051689,0.9300647,0.30064923,1.4397615,0.5738936,1.9488248,0.6768743,0.9082747,0.11479264,1.1694916,1.0356512,0.5803523,1.0615311,0.84877276,0.041387517,0.68766207,4.7354846,0.19199575,0.40345007,0.022098955,0.14181937,0.74107724,1.0457807,1.3191789,0.0,1.4145441,1.1850301,0.12594916,0.6724847,0.8017601,0.5067752,1.5792186,0.7077152,0.24641174,0.4607238,0.18196748,4.230566,0.89016026,0.09378739,0.5177879,1.0965534,0.9236461,0.62903047,0.0010364896,1.8963405,0.92349786,1.6299019,all_pothole_images\pothole_images_new_image_565.jpg
0.5283193,0.43024227,0.1045066,1.7189648,0.46078688,0.3715948,1.034511,0.26941642,0.19901717,1.1665511,0.301226,0.40440983,0.11448019,1.9823488,0.1304055,0.13162327,0.023187665,0.31860065,0.42597446,0.0396489,0.8084689,2.972113,0.5932617,1.173336,1.1787615,0.97430766,1.1015433,3.8248785,0.62292933,0.50765586,0.8501395,0.18100613,1.2090917,0.52444303,0.5108308,1.7259806,0.18637589,0.88919485,0.26621836,0.121939376,0.015306426,0.0,0.18773253,1.5626258,0.49671406,0.09616472,0.30984575,0.0,0.08504844,1.4711113,0.8954311,0.7363303,0.2607802,0.20767978,0.10636705,1.7571149,2.361563,0.25454527,0.30515054,0.054799158,0.8240276,0.883437,1.3303773,0.36658952,1.5258067,2.5351405,0.074057624,0.002905837,0.20744787,0.51108944,0.053105347,1.0772165,0.25716367,0.1457565,0.06768322,0.20747048,0.03358404,0.48551232,0.030373996,0.11174705,0.110580854,0.1653719,0.0025952458,2.688137,0.5576286,0.54883873,0.3372822,0.28176153,1.3429745,0.3494494,0.43891507,0.20553929,0.0016864754,0.18533939,0.3881726,0.09218617,0.47902086,0.83326375,0.6142688,0.025203943,0.01472766,4.449455,0.1579399,0.5141157,0.43477535,0.5513389,0.17058069,0.069212794,0.016254418,0.19943467,0.31818125,1.2245831,0.59749675,0.5023394,0.46251658,0.16250238,2.2133365,0.26680523,0.45444208,0.74827385,2.488022,0.9718707,0.30356547,0.41088897,0.64599174,0.14169766,0.55964893,1.0134954,3.2442334,0.16621839,0.8561986,0.00019825721,0.41350028,0.10988251,0.084082745,0.5762665,0.17854762,1.3183827,0.30964,0.33370045,1.5862887,0.20827122,0.32970777,0.58566177,0.4323381,0.61255294,0.83063483,0.80490345,0.2906604,0.0,0.7016825,0.9442478,0.16467488,0.061351053,2.8479986,0.31681758,1.6360909,0.24069045,0.42464805,0.9696979,3.841912,0.84902126,0.014048422,3.4577556,0.0024066598,0.045794602,2.1030593,0.64859235,1.372623,0.96221936,0.03270888,0.04876884,0.0067390385,1.0490985,0.52144223,0.6642263,0.41383216,0.02254103,0.05119594,0.3901496,0.18166079,2.9616826,2.8635502,0.19293061,1.3204473,1.2803856,0.055302724,1.0300437,0.37917763,1.0430844,0.22101402,0.33449966,0.4854574,3.552342,0.0,0.5574508,0.101370044,1.0104164,0.17210293,0.39269996,0.5151661,0.65938896,2.285419,1.2640922,0.7288697,0.08032449,0.7746352,0.8125023,0.6477704,0.7652327,0.0,0.05345645,0.8350314,0.27351576,1.1162603,1.6363391,1.5286417,0.07209909,0.7363999,0.5715761,0.52770615,0.025876557,0.72186184,0.14550126,0.009938461,0.50361466,1.4345052,0.23068129,0.18275264,0.03652319,0.21738857,0.2785352,0.22272071,0.6214348,1.0325114,0.20617396,1.1666876,0.15533017,0.0011555748,0.40490216,0.05671642,0.016079664,0.05104458,0.36867732,0.33681533,0.0015950297,0.7787175,0.7290662,0.3855615,3.635965,2.9846196,0.0018621783,0.6940001,0.050214697,0.16945326,0.6475187,0.6223732,0.0,0.09666526,1.0213239,0.48708382,0.67204595,0.5281391,0.10775319,0.31270173,0.781626,0.30460635,1.1234784,1.01907,0.04522176,0.11838643,0.19056882,0.09236467,0.35402846,0.31158572,0.15686859,0.65458053,0.3044846,1.1371557,1.0071958,1.5859488,0.26720846,0.28215674,2.2195363,0.9765525,1.4847646,0.9243046,0.99242145,0.6956849,0.08009254,0.48605642,0.015393083,0.35875693,0.9394198,0.067200825,0.00049613265,0.7957649,0.13423675,0.4855883,0.7216349,0.46785432,0.38497555,0.009360114,0.18955062,3.4387832,0.14026645,0.038525026,0.147923,0.0,0.4175031,1.4110619,1.7875081,1.0962244,0.7860031,0.97762513,0.043617252,0.02439004,1.631343,0.49552894,0.2021615,0.46502736,0.0,0.06754083,1.0005678,1.113429,0.8331048,0.95699257,0.14543912,0.5230258,0.044786025,1.5021093,0.33539587,0.27659822,0.35568267,0.3989623,0.40579572,0.019252522,0.07734923,0.687909,0.023814896,0.27858958,1.0030038,0.5813536,0.12487183,0.5590185,0.6047764,0.14295408,0.061013848,0.37309518,0.84955484,1.9948221,0.47836012,0.18379986,1.1923726,0.031750366,0.5707907,0.9186099,1.8767864,0.76847786,0.47859868,0.59991443,0.049041335,0.8619828,0.20147842,0.07799407,0.2874087,2.482133,0.48634028,0.7320831,0.74599385,1.6872574,0.22109506,1.0776224,0.14599206,1.4542404,0.6239098,0.39172187,0.0,0.5427937,0.9091952,0.11089125,0.0,0.7799797,0.2384609,2.4839878,1.1440953,1.5150383,0.02283582,0.015094985,1.0766656,0.77721214,0.83746475,0.40270683,0.42489636,0.043670334,0.13302124,1.0972064,0.24545564,0.32083416,0.56315,1.3643514,1.1535217,0.46305266,0.8837649,0.5527365,0.5407735,1.1381538,0.081596866,0.14037536,0.28086272,1.0130358,0.20775454,0.16348098,0.3052894,0.0973788,0.021341426,0.52156067,0.771663,0.41198325,0.0,2.3735428,0.11237367,0.531097,4.0536647,3.1925573,0.33510923,2.6819859,0.965517,0.43801206,0.62738144,0.28901094,1.0735189,0.042357925,0.43382707,0.2546748,4.295956,0.76018125,0.9158613,0.04436752,0.87413543,0.17654948,0.0028673434,0.07634275,0.2560257,0.2236497,0.3032712,1.0269965,0.22290753,0.96006346,1.4878323,0.967005,0.052567374,0.0102029145,0.66061616,1.2549125,1.976444,0.37249747,0.3934297,0.028478045,1.2998039,1.7352198,1.0121827,0.76556253,0.4054464,0.8407724,0.3423347,0.009470726,0.016193043,0.9262527,0.76673484,0.40237516,0.55943793,0.66234696,0.65622884,0.27863187,0.10701034,0.09748666,1.7986516,0.917844,0.038956087,0.42814335,4.1074805,0.98390174,0.46706074,0.0,0.1547993,0.35516268,0.20992784,1.1192589,0.360523,0.0,0.4096315,0.15954885,0.02664949,0.059551716,0.0,0.017702557,0.76731515,0.10675666,0.23611155,0.19590159,4.903622,0.6879112,0.03806336,0.22227456,0.33802795,0.10109466,0.08740737,0.12761036,0.94850934,0.2971284,0.12958674,all_pothole_images\pothole_images_new_image_566.jpg
0.47277272,1.0217352,0.62122554,1.7807004,0.6563337,0.18729089,0.56852293,0.4387692,0.29383174,1.2452973,0.088684686,0.41208765,0.20317061,2.8608165,0.057430603,0.4649596,0.42762062,0.025299104,0.52176625,0.75068295,0.86690307,1.9312114,0.38871133,0.97342426,1.8194549,1.111084,0.44722652,2.5709476,0.22607805,0.19475469,1.0923061,0.2772338,0.316043,0.22961721,0.1513372,0.8523717,0.14768696,0.80476725,0.13315552,1.0486572,0.24157867,0.0007842305,0.5021716,1.7058402,1.0532438,1.1687657,0.026959317,0.24866867,0.9842243,0.68889105,1.1061585,0.53257847,1.6361918,0.35942364,0.46065816,1.2787218,2.6506886,0.08774582,0.4843708,0.61789674,0.15895328,0.4258023,0.5178731,0.20889342,0.59990054,2.0890229,0.10204624,0.4426496,0.2637898,0.1990378,0.41414556,0.24577275,0.49521255,0.0821444,0.6193785,1.5815694,0.09700773,0.66459507,0.17933667,0.2683556,0.19432248,0.70748127,0.6359314,2.0677912,0.16992502,1.0138452,0.12078855,0.6576859,3.1803248,0.35303688,0.047683463,0.26703578,0.036622975,0.9488677,0.8146482,0.7053595,0.94282866,0.84702104,1.2441291,0.3360653,0.008407284,1.9709351,0.46064547,0.35194525,1.0829012,0.28627166,0.40128422,0.69643635,0.0059604426,0.15856297,0.0013246895,2.6734836,0.26264322,0.57123905,0.7468292,0.13703938,1.5043454,0.23847976,1.3188844,1.1107917,3.520265,0.6200503,0.2770251,0.96121025,0.8278342,1.0353161,1.0435358,0.55453265,1.2202499,0.12855946,0.817048,0.098617345,0.014221155,0.15042101,0.42026216,1.2274591,0.65956,0.38321793,0.4590153,0.3427441,0.06971144,1.378512,1.4674352,0.54167885,0.11199362,0.38766938,0.6298566,0.9022388,0.9224333,0.28452536,1.2149734,0.4691628,0.265601,0.07555368,1.70875,0.6176547,0.16779011,0.06843571,0.6088804,0.4552482,1.1513711,0.7357415,0.1447649,1.5112404,0.041448195,1.2846664,1.6733247,0.25480258,1.4617473,0.14551298,0.009845195,0.014956299,0.15912855,0.028798223,0.85986966,0.060261272,1.1381718,0.35884258,0.076941565,0.14994201,0.2052484,3.3758965,2.8680525,1.5741771,1.202882,1.254675,0.006554235,1.2360178,0.6594038,0.53672904,0.9456124,0.5897297,0.28793612,0.6471553,0.23987493,0.2640321,0.68864375,0.8252837,0.41693902,1.0374143,0.9422086,0.5500511,1.0568877,0.5045651,0.59147763,0.22336504,0.5114135,0.4332319,0.6780404,0.2620016,0.09047762,0.17601377,1.0061996,0.9402014,0.6131434,2.5324636,0.51191366,0.0056570913,1.2814735,0.5251194,1.3406744,0.30385,0.7974865,1.3433753,0.17242992,0.2924463,1.1658808,0.3576377,0.18665864,0.35229266,0.4434737,0.27500853,0.7026854,0.24568273,0.569214,0.09045071,1.772701,0.03634823,0.0044142175,0.17317747,0.70504683,0.5695547,0.20489363,1.2478034,0.1685564,0.009098395,0.54444975,0.35669547,0.280673,4.434664,1.9312152,0.10910438,0.44840303,0.31941625,0.167787,0.010216889,0.75806594,0.16862318,0.59817064,2.8228846,0.083527565,0.24342799,0.7263693,0.010087788,1.0127598,0.84981793,0.10991701,0.67220765,1.884007,0.30331615,0.42001677,0.03288905,0.4879777,0.11610187,0.9763711,0.42065644,0.16291434,0.6650612,0.050073303,1.2833874,0.93610495,0.56514,0.6560852,0.76686984,1.8669161,1.2451164,1.2084417,0.806287,1.0021135,0.39096534,0.14280039,0.2722951,0.30687973,0.58190507,0.16982746,0.24192838,0.4772067,0.89668226,0.5233943,1.4508095,0.41694543,0.8697519,0.16630486,0.07804719,4.4379444,0.41169932,0.031444635,0.1719337,0.18142332,0.25618407,0.4250429,0.8124583,3.2545402,1.1571324,0.0407726,1.171722,0.09316528,0.7545826,1.2210667,0.62465525,0.058279015,0.470664,0.19573028,1.3105682,1.1198858,0.79700166,0.5957514,0.028243506,1.3804897,0.14061858,2.3081257,0.25179628,0.78715086,0.60264295,0.17761035,0.27856064,1.5142715,0.64950967,0.018952906,0.9874403,0.46593073,1.5472077,2.2688427,0.14489384,0.7910747,0.15870468,0.29032972,0.111380145,0.21064042,0.73335165,0.33850002,0.8011338,1.8346264,0.5069528,0.58827287,0.53181314,0.15722226,1.3612213,0.45023555,1.9718986,0.14628895,0.118725106,0.8405905,1.1189089,0.097705,0.021534745,1.9945065,0.29037055,0.19312988,1.0080597,1.3585736,0.8138987,0.34902114,0.15605637,0.9029913,0.43843716,0.050799012,0.21693802,0.17979057,0.33824056,0.36002654,0.09774378,0.5944466,1.336273,3.6439612,1.4179522,0.77206904,0.0,0.030359546,2.3428314,0.45143345,2.369336,0.44957453,0.6799145,0.010082088,0.38229555,1.6664838,0.82083637,0.32962167,0.2978997,1.8069053,1.0075985,1.1161072,1.365561,0.38263094,0.6507879,0.20994517,0.8327853,0.21890603,0.062863946,0.34508646,0.8946962,0.26000035,1.0797018,0.0,0.12464502,0.7642068,0.2908355,0.3140218,0.3801019,2.0419497,0.78391135,1.3061794,1.9990246,1.9693917,0.082613595,0.8529459,0.4199051,0.58619994,1.0623846,0.5940775,0.19865055,0.82188135,1.8950131,0.89557195,4.347219,0.99481153,1.445006,0.037123244,1.4120094,1.2183762,0.013208174,0.11699718,0.17680576,0.14003734,0.018660698,0.8593877,1.4725933,0.1707058,0.78166354,1.0000244,0.57100236,0.9858331,0.80471534,1.2987821,1.0776517,0.16231747,0.5415746,0.44223073,1.4577906,1.4976529,0.40390414,1.0624369,0.17080389,0.8689021,0.5866567,0.8567882,0.2850872,0.9834054,2.0392327,0.8095589,0.28276107,0.12592827,0.34211516,0.50596195,1.3355408,0.05501064,1.0279006,1.0465642,0.111832246,1.1444318,3.2478201,1.8152716,0.46745187,0.08261776,0.91116875,0.93198,0.11519127,0.9842001,0.3908455,0.16146046,1.6698172,0.051223986,0.0,0.32176182,0.10269246,0.028801732,0.13500106,0.9131129,0.36749172,0.19425274,4.7694607,1.3421184,0.14403658,0.09995811,0.43966043,0.1262335,0.4353951,0.5208066,0.35156676,0.51703274,0.12609369,all_pothole_images\pothole_images_new_image_567.jpg
0.31841913,2.685369,0.81843936,0.9584206,0.6446518,1.8810003,0.7844839,1.2967652,0.34429836,0.35936984,1.0188805,0.3759321,0.20161718,1.2725642,0.24168256,0.5469719,0.2044652,0.086428605,1.105789,0.21661018,0.20298748,2.8069227,1.1814942,1.6641684,0.18073179,0.651069,0.17680545,1.6234243,0.5144303,0.80732065,0.38648885,0.0028213016,0.43120307,0.1308471,0.9149559,1.544339,1.396986,0.89882004,0.8833283,0.51884055,1.6505775,0.6012715,0.38829002,1.4355222,0.3987918,0.08835265,0.4928268,0.3474219,0.50368625,0.12003388,2.1201243,1.2625792,1.1832364,1.5389458,0.22865595,1.8050008,1.1252981,0.0,0.35097784,1.7394238,1.1845919,1.5457286,2.1585429,0.7219411,0.49188745,1.9405416,2.6428874,0.4088297,0.26782063,1.1075889,0.17637642,0.5764448,0.16697976,0.06593584,1.2455499,0.93653613,0.920987,0.64984435,0.040946767,1.1624724,0.9724448,0.46277088,0.21740408,2.2752726,1.0599321,1.1252911,0.3253564,1.1003672,3.2338696,0.5649386,0.6154468,1.6564804,0.041440535,0.07201841,0.29341316,0.0698801,0.5584213,0.930334,1.3277466,1.2369361,0.3999203,1.5881116,0.51165324,1.2102659,0.37902263,0.46108785,0.20795265,0.5652952,0.16950212,0.70786875,0.8120433,3.0938883,0.11645603,0.028399257,1.4795243,1.3173463,1.9482915,0.31355608,1.4454261,2.3181467,1.4543041,1.2036352,1.2174051,0.3489147,0.5276815,0.4423156,0.90879416,0.58690566,1.0760779,0.8363556,0.7623117,2.1899698,1.2447329,0.89535177,0.13869259,1.3653516,0.011084871,0.24715446,0.38584703,0.71079844,0.7623761,1.594813,0.5592371,0.943437,0.568178,1.5797054,0.38385773,0.19655167,2.4321175,1.7456098,0.25403154,2.224536,0.5301807,0.11903437,1.7058407,0.19091849,0.13330822,0.40943748,0.20723692,0.50770926,1.0881913,0.065901436,0.33952612,2.3668568,0.85570616,1.5444386,0.5043612,0.5944768,0.39057648,0.1668626,0.38390014,0.3821847,0.90573245,0.7552099,0.36755893,0.0,0.41614315,0.25174624,0.09264591,1.0017815,0.32387498,3.2739935,1.9056175,0.73829913,1.8276113,1.6256905,0.7188979,2.5103076,0.74251646,1.0811712,0.4998168,0.798387,0.16253586,1.4805628,0.79938024,0.010927307,0.70313984,1.7884166,1.1041797,0.46991137,0.034994792,1.8365368,1.0520626,0.37239373,1.0449872,0.21818514,0.30506197,0.22799581,0.48214924,0.11135891,0.05886235,0.028771639,2.8380172,1.83655,1.489772,0.44165343,0.23069233,0.61134416,1.123149,0.5772502,1.456835,0.97306395,1.045242,0.8655179,0.9800086,0.5759961,2.5202117,0.0050548497,0.9180126,0.18738307,0.47558022,1.7429744,0.25025165,0.7466942,1.0189236,0.708942,0.16777703,0.69154817,0.015180517,0.08598854,1.1018294,0.92467576,0.14903949,0.24990603,0.28079,0.032778222,0.8343009,0.21782705,1.5628871,3.8361013,3.5228374,0.23165543,1.1523101,0.12401362,0.1454218,0.6052038,2.1819105,0.7178085,1.0590565,1.7776552,0.7048989,0.31899533,0.749766,1.3478907,0.6735885,2.45791,0.13473423,0.09388828,0.4230321,0.7741732,1.3414749,0.76943815,0.041100405,0.5067946,1.3076322,1.1402353,1.3449526,0.83164114,0.02699221,0.32609814,0.20156182,0.81827426,0.32946652,0.53363246,0.68897045,1.0471913,0.55566645,1.4299643,1.4365689,0.07223567,0.64023,0.21821372,0.57638776,1.4273429,0.5015494,0.4033959,1.7411958,2.283846,0.15629314,0.4278973,0.055008754,0.94509155,0.5570174,0.3684639,3.0082512,0.39922068,0.30987117,1.4558637,0.036523625,0.32953593,0.62966776,2.25016,2.1233714,1.4205409,1.3485303,0.88610446,0.012833466,1.0249002,1.5706921,0.3984773,0.8734165,0.41462356,0.24672414,0.23369212,1.8753777,0.29398465,0.7551486,0.016111711,1.4414988,0.51351863,2.6223621,0.75497746,0.36916274,0.4732968,0.71866685,0.8528901,0.13192832,0.5041567,0.25298986,0.91481024,0.40268618,1.8491534,0.83051765,0.21115719,1.0613097,0.3285857,0.03802571,0.055272557,0.061286584,1.4761393,1.5325155,0.878265,1.9383445,0.13531539,0.73169655,0.91582197,1.3620586,0.80409247,0.34356233,0.40146706,0.13297741,0.25485626,1.6345004,0.32258505,0.037823398,0.8699793,3.1887202,1.8788404,0.26545992,0.83906615,3.1584756,0.6473188,1.1773199,2.2432995,0.90623057,0.3621055,0.036481556,1.3606224,0.43059695,1.6841516,0.41861856,0.99145085,0.57688147,2.6539836,3.2594757,1.2195263,3.6665905,0.047500502,2.4496183,1.5138677,0.9785279,0.59122,0.10425501,0.5418226,0.38484737,0.5125471,0.71873933,1.0436705,1.0018154,0.054605216,4.8936796,0.43738085,0.1397886,0.97305924,0.49916714,0.16910298,0.91811293,1.281087,0.0,0.39342618,0.5525852,1.246681,1.2937102,2.1497014,0.21330677,0.3338655,0.3871854,0.5990556,0.29365253,1.0121177,0.49818575,1.0065296,1.011441,3.4156804,1.0655909,1.6086512,0.17955469,1.7878102,1.8161643,0.19221473,0.6479582,1.6075156,0.021766609,2.410792,0.8302972,1.7944897,2.0823338,2.2629669,0.67043734,0.90378225,0.54710746,0.39726198,0.66891056,0.23750387,1.3736994,0.1713159,1.4619908,0.07307991,0.26562935,0.98335713,0.5197257,1.3437123,0.5833899,2.2157524,1.6664342,0.5464547,2.4423165,1.0889248,0.23934838,1.5712113,0.46322072,1.0484339,0.6986741,0.66757876,0.40364903,2.098208,0.4583213,0.37950927,0.017093593,2.1605377,1.3285229,1.1406143,1.1313026,0.37923515,0.55858594,0.3379859,1.5135661,1.1711379,3.1266983,0.8406319,0.97878695,2.6437142,1.1527809,0.33956012,0.8039348,1.2403401,2.6233773,0.32492802,0.7774616,0.52283484,0.81154287,1.6651629,0.15004583,0.12527646,0.5579265,0.18783875,0.3477092,1.2228644,0.18784602,0.4976864,0.48411706,3.3675156,1.6968346,0.75896704,0.96004003,0.59581095,0.20071325,1.519126,1.4375684,0.17242345,0.9549062,0.46408516,all_pothole_images\pothole_images_new_image_568.jpg
1.3783904,1.0119151,0.88779336,1.2087798,0.9684134,1.5971583,1.3050916,1.4886293,1.0405079,1.1904012,0.77455914,1.7825526,0.3907588,1.7582576,0.10610261,0.32174107,0.10100616,1.102248,0.60160595,0.32861033,0.5674876,0.2975418,1.229412,1.0049417,1.3225262,0.79673654,1.4397141,1.3084333,0.8902018,0.3721623,0.099290304,0.50908643,1.8119267,0.31508276,0.29381186,0.7540348,0.74856514,0.8357798,0.0300917,0.21901107,0.23840289,0.9454075,0.7327209,0.8987088,0.7020661,0.73636955,0.3947791,0.08464162,0.915638,0.22327718,0.23622103,0.05693501,0.37410983,0.3759125,0.14624467,0.24692982,2.4748964,0.13234463,0.08306145,0.55794764,0.7392574,0.18049552,2.6503708,1.2125251,1.4530113,0.9537678,0.10017322,0.07332905,0.10496435,0.062431037,0.28529066,0.67116296,0.19173895,0.52466387,0.20976539,0.32335106,0.3805547,0.6771688,0.086665444,0.27499127,0.5637094,0.43138155,0.7606805,1.1570551,0.97294426,0.81587946,0.383763,0.08390107,0.86791956,0.50036335,1.0425664,0.2822182,0.69499105,0.4663113,0.49719024,0.15685095,0.5923456,0.2509951,0.8787742,0.6524731,0.4806099,1.6473746,0.19777644,0.11174295,0.15712932,0.20389903,0.6321753,0.96537906,0.6945793,0.710917,0.64004326,1.0671118,1.3767954,0.7931204,0.66265035,1.2006702,2.0097966,0.31582242,1.5213461,1.4776349,0.5873168,0.07572352,3.1115255,0.80802286,0.3105771,0.014875588,1.011025,0.124208964,3.1806023,0.7398923,0.9832513,1.0520995,0.6462354,1.4519293,0.13046145,2.1509073,0.9472321,0.8005221,3.7562327,0.2579049,1.3579708,0.25516647,0.009151674,1.2228436,0.5041707,0.48039404,0.17162825,0.038346086,0.36028504,0.8180369,0.2616275,0.14578441,0.16041912,0.40661868,0.706807,0.94659144,0.1906154,0.4885844,0.32993945,1.8328631,1.4335902,0.8942846,0.594471,0.7374914,0.8529832,0.23862207,1.6172999,3.6820245,1.566481,1.0528154,1.7398233,0.13534543,0.6736626,0.79126614,0.61375564,0.12107202,3.3117034,0.84921914,0.3535846,2.3540626,0.07851783,0.56769395,2.0746257,0.0688975,3.103691,0.60012865,1.8367282,0.49426886,0.045730405,0.7721825,1.3433502,0.019231705,0.014228,2.647702,0.75256515,0.8169358,0.22918892,0.8765689,1.0240868,0.10060858,0.22762267,0.6780075,1.0718048,0.7711088,0.06303954,1.5054885,0.41980237,0.5920991,1.340486,0.5908189,0.18416016,1.0581847,1.4134262,1.171658,0.32861164,0.9397527,0.51246995,0.24679223,1.0097221,0.3338377,0.27729744,0.26661667,1.2914562,0.4612102,0.0017502393,0.6117892,0.47923324,0.92870647,1.9639801,0.98097813,0.90152967,1.4764339,0.019520937,0.72084504,0.380238,0.5518412,0.87915087,2.3687713,0.27693325,0.8764868,0.9029435,0.047995634,0.64735585,0.49513504,0.32351395,0.314459,0.98139966,0.66987085,1.1085356,2.8446198,1.2656668,0.0,0.20315313,0.5403524,0.036175646,0.8728681,0.7575423,0.37839934,0.1777237,1.3905982,0.9646435,2.1278043,0.17587766,0.3877363,0.30514744,1.2388234,0.08814447,0.6860364,0.38427696,2.7738469,0.026129734,1.0618774,0.14139862,0.38912153,0.2032951,1.5371144,0.82354623,0.36385968,2.1088896,1.6710865,0.21913715,0.28112644,0.16301276,0.43110496,0.64430606,0.017138645,1.3059458,0.73805845,1.4597582,0.23748069,0.34005818,0.2104721,0.50007737,1.755029,0.31432053,1.2070032,1.3004966,0.58870536,1.114399,1.3669007,0.043496393,0.4967315,0.0711222,0.70201623,3.315847,0.89203703,1.9634982,1.149421,0.35606843,0.13216905,0.057360668,0.621094,2.1025648,1.6017677,0.24698195,0.36509308,0.34954825,0.42209962,1.4351084,1.3691144,0.08460875,0.7143159,0.36303735,0.9768837,1.024928,0.67582065,2.2073512,2.9123042,1.0811266,1.3437003,3.124755,0.5472535,0.01819916,0.73069996,0.5079668,0.27001268,2.045058,0.5041894,0.5077182,0.19956163,0.047986936,0.20057751,1.9965035,0.96580714,1.2078203,0.16769806,0.017310003,0.8841098,1.0372508,1.9546168,0.7138556,0.09719127,0.052646086,0.56584626,0.7385869,0.37617275,1.4823966,0.2699329,0.50106806,0.23338541,1.3847964,0.12218145,1.0820154,0.62658143,0.29511738,0.23466457,1.0941249,0.6073565,0.378906,0.93471974,1.3000776,0.11428115,0.12032456,0.29259783,0.33751926,0.37596244,0.2234237,1.1741532,1.2096435,1.660544,0.18368505,0.08868174,0.5681178,0.9794059,2.91037,1.3300389,3.067465,0.5839536,0.026817525,1.5842254,1.2727805,0.69916874,0.6800177,0.5112691,0.35197723,0.015343655,0.14835791,0.5928719,0.30810818,0.13717425,2.1301115,0.5937314,0.3991083,1.2773523,0.4510695,0.0,1.4375846,1.1277404,1.296472,0.2037227,0.1009643,1.2961509,0.5824891,0.7321641,0.6713143,2.0722294,1.3180559,1.3572226,0.81890744,0.4369477,0.57194847,0.049514513,0.58752894,0.30201647,1.4355987,1.4560524,0.51569456,3.2603927,1.6672734,0.27350867,0.24669094,1.8543209,0.089163125,0.61363626,0.6153537,0.89840084,1.2588344,0.6244595,0.35704806,0.1634345,0.9735688,0.400055,0.29130402,0.3294346,1.228522,2.2460978,1.3664737,1.3566693,0.7647068,0.24717811,0.9444784,0.28776073,0.03677919,0.42663658,0.76098055,0.17695497,1.1777447,1.5828513,0.26073813,0.6148016,1.0992799,1.8155259,0.47804695,1.3476619,0.29446405,1.4512306,0.068499245,0.23278002,0.61790985,1.0964847,0.40025795,0.26257443,0.32715023,0.38338053,0.40075773,0.050063014,1.6150248,0.82427603,0.6808114,0.1658244,1.0502776,2.0392256,0.039972775,0.11498264,0.016305143,0.5566898,1.0821952,0.14700015,0.36093235,0.20747924,0.26032916,0.8251503,0.481546,0.5336708,0.042774532,0.46553,0.25722605,0.3686698,0.049527086,1.0526807,0.6511088,1.3191637,0.3679474,1.075928,0.78250104,0.8539715,0.516112,0.5082481,0.55135757,1.0062985,1.1224825,1.1383609,all_pothole_images\pothole_images_new_image_569.jpg
0.0,0.5778595,0.3632827,1.0335306,0.659706,0.39032125,1.2301539,0.11786553,0.24228309,0.43067506,0.5265948,0.1343746,0.6144058,0.7116239,0.5535474,0.46949783,0.36024448,0.031195525,3.1640544,0.43271795,0.6620486,0.27374133,0.91181654,0.00422708,0.35671762,0.03281403,0.03728492,0.19247623,0.9920106,1.129239,0.37738052,0.14101394,0.62092024,0.52497786,0.43692708,0.09443637,1.0211076,0.5388228,0.45918444,0.23414989,0.08299334,1.5412161,0.12739822,0.7440236,0.7509267,0.07034446,0.06975029,0.0,0.42168137,0.15234631,1.6669786,0.51416653,0.036396377,0.6854826,1.3610322,0.6376284,0.5717819,0.09550213,1.9850998,2.0747247,0.3787092,1.4805818,0.63674843,0.14646882,0.29080883,0.32481325,0.044223115,0.009146733,0.19694965,0.12595367,0.28680646,0.1615091,0.946078,0.7829608,0.013230557,0.5797564,0.032170366,0.25306383,0.31592268,0.033355664,0.27451342,0.564806,0.09756308,0.16791007,0.15946324,0.5616465,1.1280607,0.25018972,1.7804403,0.074273124,0.7252297,0.5507516,0.49078563,0.20411398,0.28934318,0.067513146,1.2625318,0.84783745,0.40551803,0.6854727,0.0005942133,2.7303267,0.42915046,0.34559333,2.5045288,0.19122177,0.5969981,0.10514396,0.41195798,0.04230573,0.2508904,1.4403716,0.5934214,0.34765193,1.4458022,0.87963414,1.4605168,2.8158865,1.6166921,0.25155166,1.5303726,0.31764492,0.067321345,0.3284723,0.34715006,0.40619403,0.20052269,1.8707349,1.7653475,0.23497997,0.37451175,0.6055617,0.4113817,1.2756567,0.0,0.7389848,0.0,0.771724,0.06950282,1.490755,0.739149,0.03572413,0.49167842,0.18069842,0.038710933,0.13290705,0.123555705,1.7367284,0.72180355,0.55836457,0.10719096,0.19647725,0.645986,0.11120009,0.039114103,0.64079607,0.5620821,0.0,0.045986507,0.30267063,2.0587304,0.5638757,0.14019053,5.6776595,2.5016296,0.9714091,0.003724186,0.10863107,0.52716905,0.2276373,0.7523357,0.63176525,0.03315182,0.0,0.4309632,0.091314934,0.40174127,0.19535068,0.13664646,0.678435,0.046155598,0.96175367,1.4329915,0.67035955,2.25137,0.20873123,0.19533159,1.2096138,0.5920677,0.11908494,0.54445267,0.14268482,0.19846663,2.6062858,0.098354794,0.19091915,1.198874,0.43814406,0.742129,0.19600894,0.16202949,0.4338262,0.8814288,0.25892422,0.079549946,0.40016797,0.34888235,0.24909396,0.9410405,0.13923629,0.47942048,0.28824162,0.06163287,1.0240636,1.6849443,0.86164016,1.2355632,0.4883046,1.1003994,0.20745182,0.82718605,0.07501837,0.4605549,0.3578945,1.2680444,1.1782197,0.78327006,0.79136664,0.0007466102,0.21909472,0.5824994,0.6095825,1.5553991,0.89616376,0.49697432,0.46495083,0.50715804,0.21341315,0.07416031,0.39468077,1.8718407,0.06426806,0.5663146,0.035128515,0.3007634,0.36753267,0.26586697,0.56837463,1.4805079,2.2002604,1.7887284,0.04769847,0.2690335,0.15550825,0.29867923,3.3670807,0.038643416,0.12514925,0.27772152,1.7859812,0.37400088,0.06772797,0.72541606,1.4673227,0.066949494,0.48627222,0.007514805,0.5471087,1.8688686,0.13537982,0.40690985,0.05059546,0.6158716,1.1477587,0.5072539,1.106275,1.1887941,1.80987,0.4477391,0.087294966,0.13902965,2.699686,1.1239402,0.038302537,0.463244,0.019545173,0.78273124,0.4126021,0.15636685,0.16084595,0.7389844,0.14474162,0.32962874,2.4253585,0.16496247,0.014987002,0.87855697,0.7369783,0.28270113,0.10455286,2.3644807,0.31904495,1.2487042,0.0,1.2771083,1.136591,0.0014391325,0.37553635,0.104595244,0.5383339,2.5731835,1.7896273,1.6433687,1.3884008,0.20140107,0.44883707,0.20571043,0.7722281,1.6363543,0.05312485,2.526096,0.87566936,0.006700232,0.11852636,0.25666374,0.30557603,0.003888913,0.3673641,0.3881574,0.04402151,1.0006284,0.44371697,0.2752928,0.6456833,0.029766247,0.5910354,0.26316056,2.2086387,1.1956321,0.73089176,0.07579658,0.5847647,0.0017875946,1.1072719,1.9743062,0.0049849786,0.24188347,0.030278264,0.09284094,1.2647427,1.2101225,0.68088466,0.840736,0.2834536,0.28471702,0.26788184,0.4357942,0.7753212,0.17066771,0.5472914,0.085923426,0.47143587,0.9206312,0.626622,0.0020271942,0.606783,0.99021655,1.2791941,0.31648898,0.3128164,0.17685613,0.2567604,0.068824306,1.5188117,0.5866648,0.09025143,0.88678825,1.3127666,0.03778014,0.97237384,0.8849989,0.6827803,0.049852103,0.23727965,0.24956197,0.0,1.9856031,0.8968146,0.67998844,0.7700615,0.11526426,0.1448033,0.012075404,0.5843068,0.09054236,0.20359752,1.4433702,0.73718905,0.609207,0.0,0.93355805,1.3745672,0.47711226,0.45177066,0.29504701,0.28890032,0.20961598,0.15104839,0.16887937,0.0,0.42980373,1.1783088,0.25312135,0.08040897,0.053164076,1.1967828,1.3572297,0.14954425,0.012870634,0.15765513,0.06982085,0.6502014,2.984839,1.7933675,4.407908,0.1491695,1.22527,0.57620615,1.6793851,0.28833967,0.27370563,0.6970063,0.41827026,0.5449924,0.3081851,0.7449463,0.11383754,0.82699007,0.98761064,0.57933396,0.22916304,0.0134679405,0.06864014,0.0057183527,0.088627666,0.050473314,0.42503855,0.8058685,0.68978244,1.3183188,0.56867576,0.022654286,0.26620063,0.028328566,0.2754625,0.3154527,0.72840863,0.0045288354,1.4220648,2.321502,0.51465964,1.0781707,0.7397431,0.14343405,0.916052,0.21306294,0.46868545,0.0,0.2909214,1.3099576,0.95890695,0.5502236,0.36916205,0.3605718,1.6793947,0.0,1.6105623,0.895784,0.90524495,0.4139717,0.79019624,1.9015006,2.0274947,0.13563861,0.12246552,0.20858113,3.5538116,0.030985842,0.29757783,0.33100066,0.25806025,3.0384014,0.0,0.11146107,0.11371482,0.088489026,1.2210177,0.00082755816,1.2892202,0.26621625,0.19103473,2.6032422,0.26367924,0.8932195,1.3112763,0.021666931,0.19270988,1.4237803,0.45397747,0.2438358,0.48051676,0.95159084,all_pothole_images\pothole_images_new_image_57.jpg
0.38375932,1.2704226,0.7236344,0.83599687,0.0648482,0.2969371,0.5028522,1.7214077,0.59368104,0.15609999,0.46974823,0.47122636,0.1926889,1.3888512,0.052599017,0.35912514,0.37041768,0.09306591,0.5063213,0.918847,0.12240483,2.334943,0.6025877,1.1024832,0.07481861,0.7636322,0.34372213,1.2737923,0.3485334,0.27449945,0.5690381,0.47402915,1.0531135,1.0742347,1.4298441,0.44132397,0.98696905,0.024706548,0.13018553,1.4981084,0.18436617,0.33925596,0.314468,0.7328797,0.2559887,0.32828832,0.110424705,0.3008798,1.0182782,1.4867704,1.7466693,2.1109931,0.22190958,0.69199204,0.34998804,1.6476238,0.50446343,0.33603314,0.61386704,1.1416091,0.3097325,0.9016571,0.36516163,0.7818792,1.852772,2.471289,0.93264544,0.5717658,2.0065088,0.6830209,0.28133762,0.83294547,0.32505855,0.16934766,0.884175,1.4561393,0.30755764,1.1288388,0.23184872,0.42842537,0.23802136,1.818144,0.10304661,1.444394,0.93058866,1.210648,1.0987229,0.27611026,1.4452809,0.64957654,0.79007626,0.9247694,0.7485637,1.7873256,0.4860006,0.25944754,0.57154983,0.4866085,0.87894654,0.62594986,0.52377635,0.8029533,0.76469904,0.9933505,0.7115977,0.89751697,1.2524873,0.11850538,0.20532341,1.057718,0.60764885,1.1928781,1.0368943,0.70766777,0.41978288,0.19547023,2.558503,0.07704512,0.8315301,0.75765866,0.41529682,1.2499707,0.6307921,0.04036552,1.3254083,0.8842032,0.9765429,0.545427,2.3608265,0.25865063,3.0698888,0.17586815,0.8487642,1.1008353,0.2947542,0.21238564,0.36137,0.5718483,0.9284266,0.46321207,0.89223075,2.9969127,0.50697976,0.6907415,0.07494739,1.6865697,1.6840531,0.96495426,0.45717284,1.2275428,0.06993028,1.5768367,0.6025898,0.09885318,1.2610193,1.1156865,1.1275822,0.78449637,0.19791587,1.5199547,0.55868995,0.06429608,1.369769,2.9732893,0.33445382,0.4366855,0.74806184,0.36516115,0.9041725,0.06988655,0.48955035,0.33338547,0.29297608,0.4349194,1.2879142,0.48008257,0.9960102,0.04319109,0.22428347,0.2554746,0.6960326,2.6275253,2.6834161,1.889597,1.4757612,0.63440675,0.60088664,0.7424531,0.4090285,0.23707995,1.4091815,2.3658009,0.70099807,2.5882251,0.14691071,0.6455222,0.10170995,1.473478,0.1811013,0.5923431,0.6677104,0.5204567,1.6162465,0.10331695,3.1954541,0.5695492,0.5567932,0.1831742,1.1835907,0.6266252,0.28644824,0.4743241,1.3995572,0.9694543,0.760389,0.49907848,1.123668,0.49672902,1.01551,0.68146884,2.2719247,1.0083191,2.1475918,0.66353685,2.690334,0.72984326,0.99515724,0.05100444,1.9106245,0.13486993,0.5655466,1.715904,0.7036518,0.25206137,0.67604727,0.43878734,1.0324894,0.597975,0.1219773,0.34902397,0.7209321,0.6377502,0.57796293,0.19199705,0.25916597,0.508789,0.7490319,0.47553322,0.68393177,2.0775542,1.389127,1.3786948,0.9959793,0.3645364,1.2376764,0.33908188,0.6251021,0.07780036,1.87777,0.363104,1.1118281,0.6147536,0.8488071,0.10988785,0.47952816,0.6577217,0.37835628,1.814781,1.2656957,0.67237455,1.5259736,0.009154578,0.15151653,0.8310044,0.005785716,1.0174727,1.8118416,1.4969934,0.48050034,0.081223585,0.07870534,0.31048805,1.0360947,0.13725422,1.7296529,0.42933583,0.17735595,2.1805487,1.7921958,0.32595867,0.43109587,0.9457281,0.14309263,1.3823107,0.6621139,0.07858359,2.7087507,0.5154625,0.31494305,0.6604241,0.030097645,0.43417504,0.45827,0.32589194,2.5084267,0.5022057,0.051882017,0.15055688,0.41658494,0.1582511,1.4024459,0.4778322,1.8235685,0.8648108,0.5202512,0.52691835,0.013827489,0.17239974,0.60459805,1.3002517,0.47125384,1.7693789,0.24282926,1.420865,1.7884526,1.1433334,0.59510475,1.7327582,1.1585838,1.2033497,1.2513815,0.58283454,0.37074697,1.0899825,1.0372243,0.6105468,0.8990339,0.2432245,0.29390678,0.37310714,1.4073802,0.967404,1.5794326,0.101761125,0.67672867,0.5254306,0.37841737,0.21052249,0.2762713,0.5398498,0.46049908,0.19766554,1.3546398,1.043747,1.161395,0.2874416,1.2171378,1.906026,0.81002325,1.6846143,0.23254827,0.50004244,0.27345225,0.45993367,0.48640457,0.2588272,4.832606,0.4025851,0.33556354,1.2501965,1.2662904,0.50039995,0.7504967,0.32565877,1.0233421,0.0021737772,0.05301705,0.68652815,0.9569591,0.9183833,1.1835469,0.22736444,1.257108,1.4266986,2.8424826,1.654896,1.7201067,1.7702256,1.4815519,3.3203168,1.8121277,1.3937175,0.29641134,0.3569819,0.043866638,1.4410747,0.7681053,1.032159,1.0312691,0.10312189,5.1919203,0.32746974,0.20527668,2.0813437,0.7459774,0.59792376,1.0453016,0.9846915,0.11945257,0.9555801,0.7757188,0.48538,1.4250832,1.8650941,0.14159214,0.18595454,0.44275627,1.2685399,0.23181786,0.8419396,1.0766256,0.09995089,2.495728,2.0027223,0.26978707,1.370233,0.3741786,0.683071,1.2920362,0.58320004,0.93440413,1.8087896,2.0167363,2.031515,0.6463203,4.1989784,1.5532146,0.71576846,0.17857757,0.9662214,0.22375447,0.09789725,0.33863735,0.39209047,0.51357144,0.24354805,0.31367496,0.013195483,0.7173689,0.31725472,0.2861085,0.35836333,0.7298491,0.36401525,0.22216386,0.40450025,1.0997463,0.6795232,0.3618344,0.35459307,0.6454375,1.5313518,0.880158,0.5507876,1.1029794,0.40567416,1.1360863,0.20416167,0.7075603,1.0640813,1.0488001,0.6738146,1.3915125,0.15684658,0.32896033,0.28545022,0.89409137,0.5567693,0.6079806,0.90377,0.6723427,3.3305626,0.17029865,0.3609155,0.20561346,0.8885161,0.54658926,0.048416458,0.8514913,0.18257052,1.2777375,0.9718581,0.13447051,0.21771672,0.49709544,0.3803807,0.7303646,0.55461293,0.69438475,0.4119627,0.11432382,2.232636,0.22839878,0.36589232,0.49079487,0.1280391,0.094886445,2.0825684,0.7720874,1.335147,2.4030647,0.37228578,all_pothole_images\pothole_images_new_image_570.jpg
0.18265133,1.1875058,0.6462935,0.90066177,0.34082645,0.018479707,0.822038,0.48657018,1.428245,1.0503396,1.5740745,0.52114064,1.0139753,0.56063545,0.3031155,0.3212005,0.4110902,0.31477204,1.8183655,0.002563125,0.70559067,2.6225991,0.14111045,0.24022557,0.3612695,1.167163,0.14631054,0.21626866,0.8822452,0.6000497,0.24822281,0.7481865,0.7793237,0.38427383,0.14883721,1.0304325,0.52636176,0.36660516,0.58384347,2.1221917,0.32035372,0.40943208,0.24200067,0.6964122,1.8378881,0.6454089,0.13834019,0.07893748,1.053422,0.5118933,0.73264605,0.31347874,0.15499455,0.7994249,0.0063036433,0.8263087,0.33765846,0.0031038756,2.1248057,0.8795313,0.1987825,0.71554846,0.4593561,0.9071672,0.65164095,1.1329492,1.161875,0.4880649,0.840534,0.496696,0.6473175,0.58557993,0.6741295,0.95401573,0.1845359,1.072142,0.055313513,0.43231854,0.23000793,1.0903395,0.33850592,0.1806676,0.765958,0.3917513,0.091600895,1.3812323,0.1826773,0.16870677,2.214277,1.1969961,0.7870304,1.0223082,0.11634661,0.09454163,0.04285316,0.30981418,1.1050503,1.3505993,0.78944224,0.84147346,0.14278118,1.2594123,0.18716368,2.4795516,0.6521557,0.14720456,0.12005495,0.3039054,2.038033,0.19371071,0.40263397,2.2994184,0.6318043,0.03949669,0.2541167,0.24890883,2.5622141,0.39205438,1.6315569,0.4639501,0.20397404,0.32122508,0.23501575,0.8995911,0.15489179,1.3996673,0.61480075,0.18353647,3.48967,0.18625744,0.057168514,0.3971405,0.9086347,0.11423535,0.2736672,1.1229159,0.008025133,1.3993764,0.92825216,0.36063644,0.8930876,0.8180322,0.0,0.4243534,1.4810078,1.2298335,0.61113966,0.46359423,0.50307876,1.5508678,0.49511835,0.302783,0.067746855,0.0821591,0.78912693,0.0,0.09351844,0.8682841,0.6389697,1.2542466,0.27007988,0.6073596,0.13658272,0.10099829,1.0433036,0.0,0.37034124,0.0680713,0.23494168,0.6392752,0.167813,0.884692,0.0087965755,0.01271099,0.8082784,0.0608353,0.18783043,0.0,1.7411866,0.55712914,0.16781336,0.5176255,3.1802206,0.1879617,4.6310954,0.63323796,1.4221629,0.35697523,0.93817455,0.9988139,0.39191732,0.31041196,0.24592192,4.003512,0.97563463,0.09106841,0.29177094,1.5278648,0.12203425,0.50805455,0.32944438,1.0744781,0.038155235,0.99094343,4.911121,0.81487644,0.708314,0.5097794,2.4802585,0.28501946,0.017834447,0.6250519,1.7444822,0.6219847,0.46411246,0.10002254,1.4068097,0.19232734,0.741178,0.6270103,1.1162065,1.3502983,0.37476406,0.71947914,0.78633267,1.0453639,1.081446,1.2307898,0.0373615,0.6724325,0.033485852,1.4640633,0.84554195,1.4940294,1.0124016,1.4600451,0.7263781,0.14045557,0.097077176,0.54739875,0.8499558,0.105153434,0.2789384,0.10140715,0.14379524,0.10888904,0.40858373,0.14641063,0.93630666,3.9310315,0.3133646,0.14888127,1.7180194,0.6475515,0.4293645,1.1080369,1.145085,0.7106758,0.7219077,0.32133338,0.21253009,0.369392,1.1023073,1.2336689,0.54412395,1.2500025,0.16025889,2.5126143,0.54431045,0.82916003,1.3489071,0.43999586,0.24538851,1.7985877,1.8833101,0.0830658,0.4184397,1.7788765,0.010138179,0.019773725,1.1298722,0.22629721,0.091795385,0.9064678,0.10679531,1.0532109,0.2553452,0.11683608,0.9174261,1.1613015,0.7461343,0.4318389,0.186513,2.7494216,0.9222172,0.09406024,0.47366792,2.6415467,0.09627283,0.49825948,0.08074941,1.3968334,0.22373664,0.33964837,2.9035242,1.7216829,0.095355615,0.8930463,0.33126757,0.6443334,0.17622872,0.53682464,5.3900476,1.0148742,0.5101675,0.35551056,1.6698449,0.74229586,1.4587198,0.24769366,1.7889887,0.21632542,0.5929683,0.15670586,0.75641406,1.3774297,1.2063475,0.24790066,1.52175,0.0011497146,5.6170325,0.7342616,0.35986608,0.20380116,0.015475627,0.6010363,0.7279283,0.36550808,0.84583133,0.14925578,1.1139262,0.45494005,0.46900916,0.52792364,1.8250629,0.6744009,0.07752941,0.22468011,1.0919654,1.1285747,0.17213134,1.4686518,0.86695844,2.7215114,0.08478031,0.8057007,0.86712724,0.53636545,0.4521061,3.196081,0.44696558,0.0,0.7429881,0.09482702,1.5204244,0.8361627,2.0441284,0.08583629,0.13753386,0.6871947,0.6620683,0.6137182,0.41065308,0.14039172,1.7195593,0.5332748,1.1549602,1.5013345,0.4067831,1.0029997,0.9200474,0.038490444,3.2747004,1.2381922,4.1418037,0.43381602,0.99761105,0.3081,0.5352096,5.176224,2.6516879,0.05905133,0.86812544,0.33932993,1.859431,0.35912347,1.3592583,0.7122528,0.40432116,0.0267399,4.5959105,0.9846573,0.037098765,0.06462587,0.17854954,0.015156854,0.020620016,0.6962497,0.011260185,0.035169028,0.62543297,1.78258,1.6231401,1.2675647,0.18061627,0.18846576,2.636712,0.48850724,0.14907885,1.5061396,0.84394884,0.06857246,2.3151314,0.73699355,0.69421107,0.024886506,2.0689812,0.5804858,0.17764165,0.16670853,0.6767126,0.3724705,0.99270314,1.7557466,0.38409212,3.992671,1.2580993,1.6472218,1.0612726,0.94755894,0.42797753,0.8041865,0.66194713,0.4431816,2.6809554,0.004797534,1.3284948,0.35711738,0.562265,1.9908967,0.7324706,0.026920352,1.1942871,0.2839048,1.166644,1.9023409,0.43310395,0.3012981,1.0959803,1.8100665,0.03290462,1.4514959,2.2646172,0.08069155,0.6600803,0.13020997,0.31245834,0.0065270136,0.4262838,1.0482588,2.0349262,0.6784593,3.1652937,0.010615095,0.04968459,0.69818014,0.61146444,0.93166274,1.3636212,0.07749817,0.10464335,2.391983,0.30429,0.3179137,0.0067309397,0.0057887156,0.9529844,0.672065,0.3847349,0.054974522,4.8552556,2.044413,0.4937127,0.8027426,0.2398531,0.38120118,1.0518229,0.12389228,0.9957241,0.41135862,0.16244331,4.2004457,0.1542492,0.3470666,1.8128635,0.7176853,0.87243897,1.1253439,1.3501529,1.1533318,1.3562762,2.8525684,all_pothole_images\pothole_images_new_image_571.jpg
0.7591755,1.1323867,0.36745492,0.5889888,0.6659943,0.43782157,0.6132346,0.17034467,0.8460856,1.6471133,0.19163185,0.65238506,0.64660454,2.1031284,0.49969363,0.14221814,0.021362258,0.10096814,0.3406379,0.013317609,0.38185796,1.7759477,1.1603805,1.0088239,0.92735136,0.8503035,0.57723284,1.580472,0.22030744,1.8046227,0.63791597,0.7766486,1.4244146,0.645866,0.09682926,0.7485101,0.49263513,0.30090857,1.6230649,0.44718313,0.7363332,1.363025,0.32236505,1.7729946,0.5912355,0.39120528,1.1745336,0.25710332,0.7914651,0.9047331,1.3154622,0.14053608,0.6426309,0.43406206,0.04613389,1.6429605,0.88590753,0.28116933,1.9716027,1.3832357,2.0680783,0.650967,0.47807655,1.1801274,1.169514,0.7306405,0.53970194,0.6297041,0.7930548,0.35174716,0.38073474,0.56710786,0.24494217,0.73490703,1.2421209,0.6040589,0.16285588,0.38815072,2.4170878,0.35706723,1.9134619,0.398763,0.3385371,2.5408592,1.1791623,0.64742076,0.3714381,0.37922454,2.3090608,0.24115814,0.9866847,2.5155187,0.24121667,0.7829231,0.35907707,0.023562849,1.4607428,0.49932766,0.5652337,0.39370197,0.86515516,0.7749159,0.11973862,1.4122043,1.5478313,0.5768444,0.3813919,1.1933026,0.34088635,0.9979122,0.56254053,1.2703081,0.74581385,0.23047061,1.5264219,1.1597455,2.677061,0.7365016,0.7689085,0.5358183,2.940099,0.7781027,0.5029445,1.2384572,2.1900353,1.1651362,0.4673195,0.96838313,0.35446692,0.16251206,0.81886554,0.45042902,0.08746565,0.407934,1.1387123,0.78666216,0.42755654,0.8534771,1.0788294,0.80956936,1.5476043,0.14413372,0.131933,0.3921763,0.53260714,0.41662297,2.3008351,0.87024623,0.02902689,0.1351698,0.49242052,0.25554046,1.0254862,1.273192,1.1543348,1.6390108,1.2109143,0.7073222,1.1122912,0.5958315,1.1602398,0.4696432,0.30956712,2.1272476,1.939123,1.5880765,0.27221316,0.78069746,1.5601239,0.21244091,1.0519116,0.7819519,0.059546027,0.4450685,0.27584946,0.015613195,0.40695655,0.025841532,1.5946848,1.2899028,0.4861401,3.7473118,1.4075578,1.2622213,3.0696807,0.90605783,0.87284505,4.2619777,0.9572159,1.458424,0.21359381,0.8720927,0.47201568,2.4197006,0.30779403,0.08210257,0.8326313,1.8204234,0.5576187,0.26698682,0.054759886,1.3740321,1.7692438,0.47858593,0.9144283,1.2709347,0.18828513,1.8809232,1.665209,1.5516887,0.025235446,0.9997748,0.76967525,1.0376648,2.570627,1.3759018,0.12064893,0.60820425,0.50539166,0.023653977,0.8196508,1.1314682,1.2968731,0.77484924,0.85701096,1.1744587,2.7644105,0.53690946,1.6490937,0.17930813,0.383174,2.63638,0.327845,1.7451626,0.48294666,0.3413567,0.9534264,0.03740153,0.4485535,1.6037949,0.4248308,0.25617856,0.07370056,0.09367838,0.77132905,0.27046257,1.3418838,0.053312816,1.0520642,2.1697555,2.3147423,1.2553397,0.9153706,0.43642348,0.44826952,0.6300082,0.67412555,1.0163621,0.20778932,1.3572613,1.253192,0.33671823,0.24961682,1.9654378,1.3048991,1.4449168,0.7789647,0.4404736,1.0982622,0.09006872,1.2124203,0.70969605,0.14980684,1.0503196,1.1800491,1.379714,2.0431035,0.9376741,0.42545867,1.1721939,0.77943504,0.5795653,0.14039129,1.1184529,2.2882247,1.985989,1.7975622,0.70504355,1.6535152,1.1847755,0.21290591,1.2008476,1.7118304,0.05220374,0.096338406,0.34231707,1.2239788,1.9565775,0.30722097,0.09998498,0.00094773574,1.2869642,0.9768265,1.2346488,2.1666238,1.452107,0.9400784,0.7880146,0.07756225,1.2166997,0.25541642,1.6184962,1.7897629,0.74714893,0.5633519,1.4525627,0.19779958,0.9368305,1.6346245,0.6844277,1.3344194,1.7294846,0.08430511,1.1814216,0.1520527,0.12539345,1.131326,0.11012028,0.1754848,0.39116952,2.9270213,0.53104484,0.15665044,0.21277073,0.33407658,0.15828478,0.37820178,1.2806602,1.0924947,0.6245792,0.9810157,1.79484,0.46122962,0.26105052,0.09983124,0.13621657,1.4852666,0.4413952,0.046596956,0.8429782,2.3563588,0.6097383,3.858825,0.42608294,1.4280243,2.2738519,0.28423986,1.8505962,1.3095585,0.47725615,0.44251055,0.08177271,1.3572774,0.9427438,0.02996467,0.56313324,2.213479,0.34893784,1.0410905,0.02986843,3.888736,2.7598214,0.9291415,0.5580168,1.5512743,0.3186052,0.10802523,1.2867104,0.9961017,0.9016099,2.1322372,0.2826892,1.7640941,0.5585882,2.9174664,1.8664547,1.5967005,1.3198256,1.7359757,0.75339615,0.42605165,0.9624634,0.23634277,1.2971773,1.8829445,0.65655845,1.6876912,0.77054423,1.6441168,1.3458463,5.430138,0.56385773,0.23353209,0.34978065,0.26636007,0.78884155,0.22783807,0.8957271,0.0,0.68592936,2.9975169,0.21381241,1.5488726,0.25996488,0.24436653,0.8511898,1.2413889,0.56881696,1.675503,0.03899122,1.3352358,0.26108104,2.1412451,0.3612857,1.3971857,0.65252954,0.90964836,1.8409204,1.729624,0.4395679,0.2856925,1.0448135,0.6630768,1.2518408,0.31453794,2.4147048,0.6555784,0.5666022,0.4301623,1.081542,0.6604585,2.3251824,0.28458214,1.1956333,1.0123148,0.5865961,0.83338785,0.51743996,0.015031856,0.60995305,0.75161755,2.712665,0.4070178,1.3746674,0.8258134,1.082269,0.99487644,0.653654,0.45447937,0.18796642,0.62304735,0.44555092,0.7521802,0.21875694,1.1971626,0.28234383,0.75069046,0.13279119,1.8245547,1.1881045,1.5395497,0.7031877,0.14331786,0.69545925,1.1781373,1.8532344,1.0208831,0.6080913,0.23327833,0.13029127,0.05042838,2.3001814,2.04224,0.41618472,0.21726876,1.4656633,2.0471013,0.017192066,1.9121069,0.22104146,1.005686,0.31625637,0.1699459,0.91002584,0.7436481,1.5570993,0.3751623,0.33692205,0.92526484,0.29395843,0.05661138,3.2871573,0.45187956,1.340874,0.8381401,1.5743414,0.31394342,1.5975759,1.094312,0.5952577,0.6491554,1.0524949,all_pothole_images\pothole_images_new_image_572.jpg
0.93965894,2.1153343,0.45999348,0.91410327,0.7424523,0.5151469,0.7124665,0.45408338,0.049432635,1.5335706,0.600794,0.73947763,0.90843713,0.68789744,0.52433604,0.50470376,0.23831719,0.2639688,0.10602542,0.08969338,0.07160518,2.0632932,1.040332,1.5243689,0.073607385,0.42228144,0.4209762,1.3569576,0.13113154,0.67763084,1.0887579,0.05099789,0.33739477,0.88208336,0.8759426,0.8068187,0.048731018,0.7403905,0.39287633,1.1230844,0.030326065,0.034499317,0.06985161,1.4756415,1.7484591,0.1566931,0.50864625,0.0008999038,0.2804352,0.84235036,0.63184726,0.30452,0.33016688,0.18523027,0.0,1.5592788,0.7049324,0.2599732,1.9255469,0.16124447,0.44449678,0.32712364,1.0185221,0.7075405,0.26754582,2.4134765,0.48555824,0.10256262,0.023933467,1.0734379,0.4587656,0.35787186,0.3521475,0.58203757,0.3050789,0.6295566,0.08305271,0.19410452,0.0,0.12536718,0.44017577,0.008984208,1.0845522,1.6187612,1.2727149,0.55772835,0.41606864,0.1902667,2.2616582,0.6998635,0.16976407,0.5870562,0.63280326,0.18237498,0.13364103,1.2577327,0.32154837,1.0379014,0.13654493,0.18859395,0.21374944,0.90811294,0.043574013,0.38592672,0.08594506,0.60104114,0.53855836,0.26785848,0.9554078,0.043507773,0.8655381,1.0439059,0.19054505,1.0819813,0.5000773,0.63215405,1.6040454,0.935858,1.0853975,0.23386514,1.6597043,1.167748,0.70309854,1.3963506,0.54595196,1.9967741,0.11065378,0.6629384,0.58335036,0.9235282,1.1469936,0.0,0.17554285,0.24251959,0.05886196,0.34307903,0.67529935,0.47078174,1.0528152,0.09847327,0.8676092,0.49675554,0.26996532,1.7684963,0.3251527,1.3670548,0.7201907,0.09388022,0.21965866,1.6463069,0.7046944,0.33290836,0.33394802,0.00224476,0.8641266,0.7236733,1.9729056,0.5884853,0.33130938,1.3643528,2.7741566,1.5394458,0.83157706,3.3873682,0.13797972,0.28974584,1.4797643,0.6332148,1.8571414,0.33287397,0.11203639,0.08283052,0.052827954,0.6330125,0.24822254,0.92725337,0.5156931,0.5560103,0.29092953,0.5472965,0.041892834,1.9533607,1.5074615,1.0233755,0.8327834,0.57829624,0.10362671,0.4899384,0.61717933,0.6644709,0.102728,0.503237,0.4351769,1.5471631,0.112130925,0.24324897,0.3838238,0.8550223,0.024163099,1.5771557,0.035391066,0.57523,0.94040245,0.8786566,2.2973776,0.3528228,0.7740957,0.12919596,1.0581496,0.24681339,0.1021028,0.81221884,0.6749545,0.49515495,0.4600534,0.48786357,0.7160172,0.15395047,1.4273844,0.5966826,0.3230437,0.54710245,0.8427234,0.5556081,0.3237391,1.292948,0.66502595,1.2303288,0.26812595,0.28049913,0.3099072,0.34704795,0.008998786,0.19231541,0.42064035,0.012198532,0.72646517,0.22533168,0.08203313,0.30951273,0.81684345,0.006575716,0.5887134,0.04610335,0.37880057,0.2615508,0.97878575,0.6137842,0.44692615,2.8261595,0.78106517,0.03224875,0.52044475,0.47618422,0.2171977,0.56994236,1.7734815,0.27599806,0.6875503,1.5734133,0.44226015,1.098132,0.1804284,0.32406926,0.70523524,0.54829204,0.24172595,1.4188234,0.36649868,0.09063376,0.3564366,0.5980533,0.7754781,0.6498653,1.518206,1.2802788,0.88231814,0.3081059,1.0848093,0.41566047,2.453507,0.19964162,0.71642315,0.59548616,1.7572398,0.91463935,1.1371218,0.03940833,1.0861747,0.5935253,0.24996974,0.8041695,0.15030216,1.9574205,0.08467281,0.19919835,0.8569705,2.798562,0.8437115,0.82880074,0.34237254,0.55102366,0.024074435,0.04678729,4.109717,0.08054228,0.25740647,0.584691,0.07008772,0.72477424,0.62965894,1.4886374,4.0509806,1.4815924,0.88794947,0.07295858,0.20782104,1.0688369,0.734455,0.1264784,0.8485016,0.10880895,0.10937389,1.4918554,0.13174641,0.5275354,1.1480495,0.039636668,1.3045752,0.47808862,3.3517191,0.47217637,0.085489504,0.080780104,0.0,0.25895867,0.03764403,0.16632754,1.0463252,0.122118756,0.42378658,1.244855,0.6494968,0.11201195,0.46606043,0.21012275,0.14004093,0.08527883,0.19358693,0.43865898,0.27690178,1.2087017,0.4856209,0.5293347,0.07521289,0.43103448,0.1718516,0.28681767,0.9793262,0.40460372,0.59749365,0.3447493,1.6111484,0.1799655,0.005131206,0.228733,1.37425,0.74404967,0.7957772,0.38665715,0.6192431,0.30240002,1.0780829,0.5679344,0.4606083,1.0378476,0.3127013,0.008794711,1.5095118,0.87390065,0.17993288,0.2371846,0.6951472,0.10040875,1.4670275,3.5689678,1.772693,0.096084386,0.06827833,1.3305256,1.1573255,1.0869826,0.26695785,0.2561443,0.1399823,0.12820569,0.3819195,0.46902937,0.4156062,1.6974468,3.276589,0.8163384,0.09084489,0.6139021,0.3295702,0.0017797934,0.8813905,1.1360918,0.29190713,0.41371438,2.2655718,0.7959763,0.3490369,0.19459648,0.23920125,0.2885674,0.17636356,0.30758512,0.12231932,0.3491251,1.833287,0.17373265,1.804652,1.826375,2.3835711,1.1237217,2.1091292,0.82055336,0.16114482,0.34426242,1.6869494,0.32240027,0.5834224,0.77777165,0.14706723,2.0258493,0.74789006,0.67293125,0.054896686,0.5130093,0.59238464,0.18465407,0.36212733,0.20057985,0.19010666,0.6564368,2.1227918,1.486813,1.0660796,1.3821666,0.7060299,0.17874438,1.0476527,1.6583992,1.14107,0.33826968,0.38093743,1.4609032,0.1381977,0.77039087,1.140058,0.6740633,0.49382633,0.39230964,0.05780785,0.07310238,0.02780162,0.0017390966,0.983653,0.33311868,0.47263366,0.61855334,0.32474393,0.86018944,0.61709505,0.05595241,0.043463483,0.08676171,0.4499718,0.03548622,0.33976582,1.4053749,0.493784,0.29704136,0.0,0.9542171,0.4573182,0.139989,0.998379,0.039626133,0.7111354,0.99257535,0.09750634,0.012802019,0.2022123,0.5338952,0.009629801,0.03146838,0.09717663,1.0161928,0.16293858,2.5491862,0.5544418,0.68375224,1.1918526,0.6198824,0.015928995,0.51776534,0.2034644,1.139765,0.2689903,0.754127,all_pothole_images\pothole_images_new_image_573.jpg
0.013015637,1.8645073,0.25955516,1.7506872,0.5151914,0.54656965,0.0732628,0.572151,0.23881692,0.100305334,0.8620884,1.2453669,0.045660738,1.7292726,0.8487349,0.57885724,1.3363899,0.28721562,1.2032329,0.057341177,0.6018247,0.35808632,0.20524408,0.89016753,1.2051437,0.5341408,0.7801367,1.038919,0.06463233,0.12614118,0.62741256,0.99948305,0.5808704,0.2707517,0.07806116,0.35191363,0.5662817,0.29511145,0.037289552,2.4576795,0.43612716,0.57490265,0.43533975,0.99570775,0.21937995,1.0849127,0.10509618,1.0337967,0.090781085,0.26807445,0.2783539,1.0922884,0.60323423,0.41315746,0.04332411,1.3141395,0.535817,0.7647769,0.8476457,0.0,0.64873284,0.12523638,0.33152482,0.6443561,0.6880028,1.2770915,0.3640051,0.14674708,0.1093832,0.62892187,0.10720062,0.19903901,0.31243008,0.19824135,0.3089229,0.27184764,0.8801781,0.46360692,0.004252858,0.0,0.5954784,0.77330333,0.10274286,1.234489,0.8237539,0.21539913,0.050320487,0.26585814,2.6213808,0.4752434,0.10225134,0.0,0.3354126,0.40719494,1.3230315,0.28265172,0.941045,0.07990883,0.13932948,0.4664677,0.0754683,3.0815482,0.0,1.594848,0.26615223,0.004325989,0.6511529,0.62255865,0.8976339,0.52852714,0.75152916,1.5326332,0.5283247,0.33589348,1.2912354,1.0789701,0.14985487,0.21346645,0.09511992,0.23562682,0.10022275,0.7386241,0.15344685,2.6462762,1.5323616,0.24917373,0.9769133,0.4098758,0.92719203,0.7698998,0.44844428,0.00055779086,0.012655843,1.1339805,0.39010918,0.9491404,0.4191516,0.14527985,1.1309528,0.27943584,0.36374626,0.34493628,0.3886453,0.8140585,0.5366327,0.5889665,0.020585854,0.6638251,0.2788703,0.33226413,0.5577436,0.14304157,0.012269621,0.21772867,0.6235174,0.29372776,0.12494889,1.0687082,0.7131879,1.2443086,1.0685834,7.2466145,0.21042395,0.3080462,0.16481262,0.37054786,2.0689626,0.5476097,1.7905475,2.4921503,0.15948015,0.19563659,0.20919028,0.4238121,0.39574847,0.26245564,0.7640636,0.28040364,0.0,0.38105094,0.0,0.54285717,1.8579485,1.8589747,1.0584942,1.7329214,0.415467,0.77472,1.3046918,1.02539,0.40077597,0.0047376086,0.6356582,0.36391658,1.2815552,0.3775784,1.0501976,1.8354274,0.3956805,0.907264,0.90843415,0.50857776,0.56578267,0.32870808,0.8047391,0.29668248,1.8882029,0.10418029,1.1990788,1.0332519,0.2156257,0.19668867,0.81568897,0.541978,1.6406069,1.3321916,1.3505696,0.6656311,0.28401437,0.011050796,1.3640764,0.06350282,0.73362666,0.22446598,0.061950047,0.29001036,0.64794123,0.5742303,0.85582864,0.84981346,0.31149736,0.5612101,0.023112494,0.17908892,1.1575696,0.43217984,0.9843421,0.47574195,1.2352308,0.17766757,1.0695715,0.20871824,0.5340491,0.00014466666,0.8869006,0.22645639,0.49659124,0.92693025,1.8785851,4.6693144,0.6629423,0.28362226,0.13569765,0.4966154,0.78808784,0.3896593,0.92772704,0.7864154,0.1520008,1.732076,0.2482314,1.3020786,0.34731966,0.13842413,0.043486834,0.781157,0.81607956,1.9951763,2.9525902,0.35556567,1.5111252,0.0,0.14586426,0.65337545,1.4485031,1.8834963,0.2036817,0.12985599,0.44904086,0.3597477,1.955375,0.17657273,1.4434512,0.85410476,0.65659034,1.1423223,0.43332216,0.7627649,0.748108,0.07993529,0.122315295,0.9692777,0.06217138,1.4210582,0.33996215,0.54609334,0.45251456,0.39000577,0.5096434,4.973599,0.5038419,1.1991141,0.032455396,0.70814526,1.8040538,0.76558,0.0,0.13019392,0.024655076,0.19473618,0.15931934,0.11055764,2.5058033,2.27069,0.28271312,0.5360838,0.5226007,1.7679867,1.8362174,0.44942287,0.7481305,0.0,1.0212166,0.46151084,0.7846284,0.49882293,1.4277301,0.34429437,0.60176396,0.20219208,2.44178,1.5142839,0.06820244,0.32397148,0.01776586,0.63752776,2.34744,0.025978172,0.20570357,0.46969822,0.33076298,0.4229515,1.179669,3.499521,0.4133239,0.35020953,0.38777912,1.9687752,1.3950568,0.042418256,0.46600917,0.81025213,0.2304053,0.44643465,0.0040764906,1.007119,0.062542595,0.8188665,0.5103127,0.020363322,1.4618957,0.0,1.5383844,0.6910489,0.0,0.46348548,0.4209572,0.61152667,0.32507208,0.7698831,0.27960876,0.4242755,1.086674,1.2436932,0.3652448,0.5924711,1.6154047,0.6411508,1.4950075,1.2832961,1.0395169,0.50465953,1.5642594,0.41079336,0.43102688,1.852187,1.8213743,0.42766652,0.18730491,0.66962594,2.591026,0.7160711,0.07833032,0.91275954,0.26714376,0.29004532,1.4958701,0.9389276,0.24535696,0.065064065,0.34792024,0.23581216,0.01516553,0.29841194,0.4729236,0.13036074,0.17179868,0.6135514,1.3332993,0.66100085,0.3967173,0.62626374,0.1668222,0.085468486,0.22293183,0.23581934,2.3317363,0.38754913,0.4477713,0.09929713,1.3233125,0.0683857,2.5209692,1.1162618,1.8505561,0.7132886,2.7865493,0.6485836,0.883014,0.2125774,1.5260589,0.021241095,0.30447975,0.16727614,0.06520813,0.42018232,0.2984999,0.83249027,0.84361345,0.8783677,0.6115108,0.24266507,0.5014972,0.018182786,0.052364323,0.6171181,2.2065892,0.71205807,0.941405,0.5018193,2.125879,0.39551824,0.14523406,0.05346151,1.990797,0.17288539,0.94254,0.49434996,0.5815587,0.22902305,0.21165556,0.04945662,0.5581001,0.35771775,0.2661663,1.5749611,0.07418389,0.25148255,0.3081562,0.17671522,0.3615499,0.98652345,0.4898668,0.035355527,0.09529195,0.043991398,0.3847964,0.26588482,1.8687215,0.48411974,2.146044,0.63044417,1.2926477,1.7929018,0.15897945,0.68343514,0.62116694,0.23363642,0.8225622,0.07907007,0.61763465,4.80314,0.53099203,9.182413e-05,0.2664188,0.50297624,0.4554858,0.07576232,0.06373788,0.9229571,1.4291468,0.9366189,0.5420809,0.31945622,0.28370342,2.06456,3.6170413,0.4201714,0.33827442,0.83010334,2.1977422,0.05725662,all_pothole_images\pothole_images_new_image_574.jpg
0.7997928,1.2426758,0.55293983,2.6989064,0.33198905,0.2934859,1.0633239,0.93557864,0.6230671,0.044093616,0.07070501,0.28179124,0.9314395,1.3836905,0.2218319,0.24431796,0.716841,0.076457635,0.68249536,0.3117189,0.0,0.33340842,0.19853525,1.6211476,0.09186498,0.07106564,0.24833772,0.0,0.0,0.41780388,1.6404996,0.34432554,1.7340221,1.3091041,0.98278946,0.18995297,1.1161995,0.27096966,0.400006,0.0218762,0.7048078,1.3209122,0.56045073,0.09335316,0.36353752,0.10857994,0.24084912,0.7408366,0.8974111,1.1718539,0.7829921,0.231633,0.3844315,0.14385279,0.5378271,0.6413864,0.6701914,0.33094004,1.7148346,1.2903613,0.044564255,0.5087618,0.12211636,0.35113963,1.3093181,0.014090711,1.6334732,0.37753016,0.47324067,0.019346585,0.37422422,0.014207288,0.1738003,1.3720165,0.834413,0.22919154,1.1437418,0.19714522,1.6705195,0.09587375,0.05748488,0.11861871,0.5141615,0.6127968,0.8997257,0.31835344,0.22279778,0.38440245,1.3874063,0.3629699,1.2693446,1.3788943,0.17742214,1.4053644,0.49233502,0.08729474,1.027342,0.01193559,0.8944568,0.021171458,0.0051490725,0.029829806,1.2324406,3.3584514,2.1062489,0.31594867,0.12784076,0.71352804,1.24079,0.4409904,0.116624266,0.7312043,1.3408012,0.19679186,0.19129133,1.0777736,2.4271743,0.13522337,0.30152518,0.0,2.2916455,0.03823088,0.3422571,0.6127609,0.20152241,0.0017307189,0.23943135,2.3008573,0.19985946,0.1320979,1.3707886,0.17512165,0.042716026,0.015866365,1.5112292,0.0018548535,0.40467027,0.3321981,0.04302996,0.587331,0.57609665,0.8054797,2.6428404,0.30912113,0.0,0.0,0.46965408,0.7637979,0.56431496,0.06463992,0.16361424,0.2886612,0.468463,0.33057815,0.35737002,0.021068335,2.3488903,0.5734409,0.25621057,1.8058443,0.6753188,0.0685728,0.12538832,0.06344915,0.78703636,0.585876,0.70689327,0.5081516,0.06294092,0.32756525,0.0,0.73773307,0.53741527,0.014433931,0.41032794,0.40943125,0.25433996,0.0,0.020842046,0.37918636,0.07692102,0.4113223,0.097658545,1.8386698,1.8865917,2.1010883,0.31882873,0.65872884,0.026562884,0.42595536,0.0,1.8791242,1.785017,1.4499009,0.5290432,0.39257714,2.0018141,1.3299934,0.44021344,0.103481814,0.00022122689,0.9684873,0.075835206,0.03134707,0.4964651,1.3054318,1.4498652,0.01155082,2.304305,0.5161163,0.039887466,0.37717912,0.03422252,0.5927644,0.58126485,0.141374,0.09295572,0.18083887,1.1821644,0.3514489,0.17307374,0.16290154,2.0078387,0.5905073,0.90563464,0.12073349,1.2168494,0.066170946,0.99048364,0.034367695,0.4841694,0.5146546,0.4329159,1.0100437,0.68800205,1.0565104,0.8610645,0.58570516,0.26455998,2.7722285,0.0017350912,0.007953399,0.1956423,0.3367029,0.6646091,0.1746781,1.8635758,0.847798,1.0731566,1.1600705,0.01730477,0.593892,0.19113585,0.7233956,0.9690918,0.021364767,0.21023357,0.5764519,0.29851532,1.2338856,0.6376043,0.37119344,1.0599117,1.2595266,0.28496206,1.4858488,0.076895915,0.43348062,0.5654047,0.4280228,1.3634653,0.023032803,0.04121755,0.3711206,0.29804954,1.1009912,2.3077524,1.3639045,0.92343783,0.1316114,0.4040999,0.10201779,0.73947406,0.096667305,0.010271466,0.21497022,0.8358811,0.023569651,0.73711115,0.69165534,0.13062072,0.001742354,0.33812648,2.3220098,0.3264245,0.30836657,2.0255399,0.29050204,0.0,0.33615157,0.13768524,0.16281489,0.34509626,0.78534347,0.18746059,1.0168527,0.12477263,0.22075412,0.25468713,0.45443615,0.22066353,0.2853413,2.2937264,1.2617011,0.10088666,1.60206,0.0,0.32536587,0.6776413,1.1512294,3.2247493,0.38810262,0.4154642,0.2974793,0.0206584,0.18584648,1.2510854,0.036286008,0.36777744,0.6215099,2.4393437,0.01058011,0.0,0.32200235,0.0023934713,0.06028864,0.94683385,0.2130183,2.4786177,0.2516794,0.4734411,0.46648094,1.0821744,2.0790393,0.09552653,0.69259614,1.0567327,0.6790649,0.56557435,1.1053723,0.17200527,0.90018994,0.29897124,1.1862731,2.0434997,0.3302136,0.13344583,0.0,0.39773655,0.6599081,1.17749,0.38137302,0.5423886,0.22648819,0.06309423,0.60416335,0.7911668,0.82261264,0.8440065,1.4373838,1.2603405,1.1630375,0.34019437,0.642497,1.4719377,0.66025794,0.57040656,0.35090744,0.4028869,0.281873,2.0598466,1.0071404,0.36427814,0.021637853,0.7604549,0.38719788,0.19657868,0.22340032,0.0673373,0.049865965,0.38614258,1.8205138,1.1268791,0.49329364,0.10685187,7.0473146,1.4083132,0.80228984,1.7427365,0.20854962,0.039104506,1.102378,1.5881759,0.004903042,0.21246225,0.105514735,0.7574573,1.55359,0.02118562,1.3811126,0.349856,1.3670202,1.017309,0.5340162,0.2913912,0.8592957,0.6973987,0.8106778,0.5393496,1.0207697,0.010990695,0.1737938,0.6441985,0.5134193,0.005231468,0.18925445,5.103106,0.06150716,1.6677179,1.0046338,0.46069583,0.73975605,0.70195264,0.022062568,0.005841734,1.9410478,0.94886017,1.1013969,0.5249642,0.03935425,0.5398905,0.7121311,0.28628448,0.12898651,0.18636769,0.08131531,0.1108624,0.044411395,1.7429876,1.4659182,1.1618212,0.22715443,1.8756889,1.5328238,0.18028468,1.1094006,1.0027674,0.1887115,0.050307326,0.37137455,1.9202565,0.42489898,0.1716496,0.7308548,0.57966536,0.029505765,0.02292308,0.2621856,0.13817121,0.83818316,3.0718067,0.15650263,0.16389875,0.30125538,1.4301327,0.15399058,0.4593248,0.6263729,1.7612513,0.6256373,0.77702034,1.2432042,3.4912364,1.5772156,0.80856377,0.3884555,0.29264677,1.2365127,3.68147,0.29408598,0.067598924,0.22363277,0.8898009,0.0,0.7308702,0.56839585,0.16509314,0.49829957,0.09042607,0.32659215,0.34423804,1.4195633,0.48327592,0.80530405,0.46569878,1.9838873,1.1156164,0.179868,1.809513,0.09340232,0.19446306,0.56654507,all_pothole_images\pothole_images_new_image_575.jpg
0.41285306,0.87061167,0.10005164,2.175687,0.14764823,0.17171128,0.3671912,0.026754888,0.02998117,0.44741368,0.32274082,1.0664406,1.3700442,1.2360644,0.24071904,0.006774553,0.43282533,0.7800358,0.20863466,0.080938846,1.1942307,0.28925937,0.9181652,1.1559107,1.2077736,0.108073086,0.5277966,1.292736,0.10653888,0.36675823,0.18617834,0.0,0.010588641,1.172491,0.5338098,1.2477494,0.3598839,0.72510564,1.1719933,0.026921466,0.0,0.16574751,0.42479604,1.0947409,0.27207187,0.046375178,1.161226,0.8501897,0.0048069395,0.4136319,0.16261299,0.4749208,0.28865358,0.6053308,0.0723585,0.457031,0.27359948,0.06899771,0.88323367,0.6412184,0.16625081,0.17263713,0.46693528,0.9067554,1.5515177,0.83704734,1.1971725,0.6448441,0.006748372,0.040793695,0.6325305,0.1296513,0.6858849,0.0,0.2416772,0.027289053,0.51103884,1.1021237,0.0,0.03055215,0.7272365,0.64344704,0.2778794,0.28346848,0.96857977,0.015155201,0.05264252,0.13392596,0.44697368,0.5050407,0.58459675,0.10373967,0.5407429,0.06667311,0.40756327,0.13744387,0.9279641,0.85009545,0.7251562,0.44049576,0.4116519,0.6086423,0.55269414,0.16134039,0.71273965,0.7313367,0.013260617,0.8611559,0.13516113,1.2427703,0.6377938,0.2622147,2.8013735,1.1075983,1.2388164,0.20167728,0.010589369,0.0,0.5553724,0.9272965,0.8099482,0.37907702,0.25794777,1.2585716,0.27421498,0.30294424,1.0835738,1.4060777,0.6103609,0.39770317,0.23830159,0.23819578,0.4318114,0.12138873,0.85924613,1.2635202,1.0505446,0.3832492,1.1198349,0.0,1.0785006,0.604561,0.8748463,0.53178865,0.4491158,1.9852647,0.7954671,0.75692344,0.0073400955,0.105659425,0.7348913,1.7375666,0.0033232484,0.008117492,0.697339,1.3964744,0.5503251,0.3289174,1.6012934,0.3889257,1.7431571,0.21740979,0.009931214,1.1415232,0.37869167,0.603104,0.8024344,0.09138703,0.18577683,2.450886,0.08667866,1.1417177,0.6853776,0.66392624,0.008898458,1.7550356,0.13349098,0.0,0.2647789,0.10390394,0.22634152,1.0176811,0.05609414,1.3600227,1.9472737,0.43880495,0.25850302,0.20080678,0.47567266,0.26490024,0.052798364,0.7881406,0.4038282,1.2910228,0.39854163,0.20676015,2.1202395,0.87935394,0.6162283,0.8895395,0.2566003,0.9908184,0.27465525,0.10484372,0.36765823,0.20508334,1.8670214,0.020248478,2.705595,2.3828604,0.0,0.53211284,0.07036404,0.31481606,2.1796136,0.9149414,1.2042701,0.32285053,1.3965508,0.0,2.003589,0.05436599,0.5360063,0.100305066,0.10406228,0.3910257,0.9721826,2.0751998,2.9645865,1.1941991,0.5292742,0.010691874,0.7239014,0.3153525,0.112847306,0.11464858,0.812535,0.635175,0.6810916,0.63369995,0.019079462,0.0,0.65753525,0.6159435,0.3686847,0.026177445,1.4708588,0.2009086,1.315973,4.757845,0.1094692,0.80388796,0.19461754,0.016135551,0.58860004,0.46491843,0.71451837,0.28759822,0.0029193722,4.296966,0.6705218,0.6653484,0.48079187,0.41179916,0.45052913,0.5486947,0.5392556,1.0078282,5.512447,0.0,0.3167104,0.237767,0.18961476,1.2725868,0.08508976,0.7285816,0.14570853,0.67754674,0.051259317,0.8091246,0.029301945,0.16949756,0.30504668,0.029635392,0.7300611,0.64044815,0.96768475,0.005089498,2.5214956,0.03582228,0.033857223,0.10492418,0.62016404,0.24191132,0.073811814,1.759198,0.78318226,0.19432312,0.53065187,2.6764581,0.6294465,0.118660845,0.014221974,0.0,5.064054,0.001625927,0.33690238,0.0,0.050976515,0.07228075,0.88268846,0.20942217,2.137327,1.3295003,1.0185593,2.6513116,0.12433542,1.0207864,1.7210222,0.6908628,0.734678,0.0,1.1334088,0.29632297,0.22188206,0.13738012,0.64217657,0.007549904,1.1548574,0.0144422185,1.735464,0.26152942,0.052878834,0.19883484,0.0009951877,0.0022760327,2.439011,0.14151382,1.0989707,0.0092090955,0.42797345,0.45482108,1.5837169,0.78371197,1.0533798,1.4384625,0.34375155,0.36185682,0.54570246,0.045027018,0.8425837,0.1459621,0.27426964,0.4820772,0.39341077,0.38371155,0.053662747,0.4875132,0.29543942,0.36022225,0.87688434,1.5774635,0.34620526,0.78385425,0.00018198024,0.059430256,0.40738428,0.04129699,0.8135575,0.5709332,0.013293177,1.0976611,0.2250889,0.029975586,0.27713555,0.19201076,0.20519711,0.012955355,1.4054885,1.132035,2.5160265,0.27801847,0.4108874,0.4731805,1.5358471,1.1612209,1.4066957,0.08590398,0.5357382,0.045290504,1.5863578,1.1325572,0.27283907,0.39343646,0.0,0.8199304,0.554327,0.46761227,0.28473055,0.064174004,0.058253735,3.1675048,0.19892947,0.058699198,0.66288525,0.12287049,1.6404412,0.75822103,0.3819303,0.6613529,1.8440417,0.21168405,0.021830643,1.805707,0.8469788,1.945219,0.19067879,1.1245792,1.3888236,0.009067833,1.8329887,1.3552059,0.1705457,1.4750458,1.8405106,0.21198949,1.9408997,0.92646307,1.1090926,0.20936966,0.07826168,0.076802045,0.22074078,0.36209893,0.4221502,0.5283724,0.038509544,0.20347838,0.012704561,1.6511856,0.65498525,1.3987442,0.10384701,0.09512298,0.6519748,0.07588127,0.30169743,0.8927073,0.9204079,0.80256486,1.7967446,1.2886555,1.3295945,0.132339,0.0,0.44677436,1.6404197,0.019788139,0.19954275,0.041209336,3.8865156,0.3180622,0.437073,0.66435367,0.32329953,0.5608279,0.0,0.0,0.25685593,0.7520816,0.42669335,0.058344286,0.0044053504,0.4956739,0.61381704,0.0035689643,1.886689,0.5247974,0.15798928,0.54592246,0.3809648,0.3122733,0.30313128,1.8121152,0.049558084,0.06838464,0.0,0.083713695,1.1139897,0.015348208,0.10427475,1.4564797,0.38266307,0.17576541,0.19386715,0.6792624,0.2174857,0.17604503,0.083074026,0.3136362,0.9421894,2.2869093,0.13260001,1.6449256,1.3330754,1.8624065,0.479692,0.035177913,0.25478867,0.5005271,0.046730857,0.22014579,all_pothole_images\pothole_images_new_image_576.jpg
2.0906558,4.361705,1.87382,1.2802666,0.10354768,0.18566698,0.30648997,0.0,0.384868,1.348119,1.0853171,0.5457675,0.09269384,0.020429797,0.4615139,0.69480383,0.6569413,0.49590456,0.24559593,1.1446693,0.1455498,2.8045084,0.51389843,3.3628829,0.08670142,1.0610206,0.5073379,0.7734851,0.033834822,0.14314845,0.89885837,0.7331437,0.55402166,0.55028546,1.4428164,0.37103784,0.62111187,1.5348841,0.9018262,1.028227,0.010781516,0.24400717,0.83998156,0.615704,1.4863802,0.7780089,0.23254566,0.18221292,0.94634306,0.6072418,0.2128409,1.3171116,0.4004884,0.5400519,0.5100514,0.6355979,1.5324392,0.5105586,0.022648504,0.5380041,0.34753823,0.28424215,0.91848844,0.38438162,0.06917344,1.7977785,1.8831662,0.6181133,1.8825991,0.6953733,0.8927021,2.0817573,0.5881211,0.8092594,0.6380031,1.3198758,0.7803952,0.12929754,0.5885219,0.9051709,0.3513027,0.27974555,0.32926333,0.9184276,1.1509274,0.39441445,0.065355435,0.11937779,2.819988,0.47939485,0.02573533,0.31696242,0.45695496,0.4122165,0.34583306,0.287045,2.1152883,3.0116684,1.3810742,0.66383135,0.13910286,0.13315757,0.58142203,1.1227864,0.6363612,0.7090564,0.31611472,0.29997376,0.35026917,1.2502908,0.4765208,2.8574853,0.4938706,0.9930599,0.05258483,0.46195185,0.9215737,0.17881802,0.46504694,0.5343102,0.9949867,0.51335025,0.28091,0.5949447,0.49049675,0.7986716,1.957043,0.10966896,0.39257857,0.44894376,3.646043,0.51184183,0.77374274,0.26814994,0.38488558,1.2127228,0.22618404,0.071543455,0.9832634,0.1709629,0.06319447,1.8184443,0.40842366,0.44078445,0.5593924,0.14974351,0.2759068,0.58441323,0.5218959,2.242727,0.07151574,0.42961657,0.29121163,0.60230505,1.1665732,0.020788776,0.5045236,0.46119133,0.67589873,0.3196083,2.032246,1.1434697,0.65084183,1.356153,1.6388748,0.74883986,1.3142757,0.3421782,0.32746932,0.58292526,1.3563619,0.48945594,0.40716416,0.35166413,0.9643421,0.19728547,0.45401904,0.0017868903,1.5503381,1.3816996,0.47836664,0.004846424,1.9199742,1.9647665,3.3375304,0.95205617,0.8039682,1.3107462,1.7588964,1.3150195,0.1484344,1.5110956,1.318729,3.0831711,2.0077035,0.2685182,0.80188334,1.286735,0.6178637,0.660117,0.16088921,0.9090917,0.2610104,0.60343015,0.882531,1.1596116,0.8074773,0.17334168,0.20412384,0.7233241,0.13313988,0.84089744,0.96525294,0.4214407,0.04529783,0.17013805,0.03711905,0.0560305,0.52139336,0.1920812,0.5025181,0.1254754,0.88501394,0.38008973,0.30710477,0.4316104,2.1199691,0.18600923,0.251307,0.603694,0.097761065,0.13640298,0.8758308,1.2399818,0.62106043,0.7704865,0.20995435,0.06388844,0.120327346,0.23985268,0.1752941,0.5981576,0.9820735,0.51269394,0.6597163,0.089006186,2.6420805,0.0016013746,1.4072733,2.208771,0.6324996,0.33044535,0.13091826,0.35563418,0.42418483,0.39782855,1.0098042,1.0080312,0.34915087,0.5836606,0.2599651,0.30307323,2.6856532,0.43533036,0.54555804,1.3899304,1.0421551,1.7178214,1.1784209,0.49806315,0.8593613,0.14527231,0.42307407,2.935061,1.2350082,3.2839406,0.68739676,0.43205175,0.6379603,1.0220459,0.080788076,0.14933543,1.1023782,1.1427301,0.19353099,0.30202228,0.1356409,2.100216,0.28805006,0.54763067,1.3151332,0.99328905,0.04609883,1.2680869,0.83240056,0.8042417,1.7472088,0.09298106,2.6950371,0.085704416,0.0016267254,0.746981,0.29767573,0.32340425,3.5323114,0.48305714,0.82209307,1.1659589,0.2034201,0.37696916,0.74762815,1.4330771,6.189945,0.10745862,0.2059608,0.69580156,0.1365092,1.0147203,0.7915378,2.428631,0.94209456,0.8454484,0.9714602,0.057046305,0.007811435,0.6598422,0.95517045,0.31431457,2.1654155,0.3706331,6.1404886,0.25657478,0.43921232,0.2798008,1.132829,1.1121765,1.8395693,0.1266792,0.14931093,0.40121588,1.0151199,0.11041389,0.57853603,0.30720848,1.6029049,1.1438006,0.8873697,0.78193796,0.1048668,1.7797257,0.09795362,1.0302589,0.35136878,0.16014601,0.26062799,0.68478066,0.26771024,0.3007401,0.6137331,0.5321071,0.41556263,2.1305678,1.2249389,0.48704422,0.24957886,0.30578116,1.4513693,0.94476444,0.23595761,1.2624241,1.4992698,1.7727835,0.62494093,0.51320577,0.3130409,0.67147434,0.36850202,0.8462293,0.13582556,0.41579452,0.18893254,0.86420476,0.5312313,1.9980587,3.7496505,1.3057734,1.495121,0.07645535,0.23068535,3.919084,2.145759,2.5546827,0.5393482,0.13355444,1.1889256,1.0433552,0.57695216,1.3936429,0.9902493,0.35822806,2.5338717,1.1937197,0.76362336,1.0201275,0.5943475,0.6369072,2.430249,2.096354,0.083116725,0.61202043,0.16264394,2.314659,1.0036424,3.316213,0.021862984,0.44060624,0.2236484,0.0,0.56532514,0.6117085,0.70289314,0.0039537014,1.9868494,1.4705868,0.47001755,0.23706628,0.960643,1.0581357,0.14483654,0.62967896,0.10233442,0.8154191,1.0466102,1.4097686,1.1330107,3.9213219,0.64485586,0.8498046,0.16435823,0.118458465,0.6012858,0.8289697,0.016251897,0.33386856,0.07700638,0.046573628,1.7549239,0.8982758,1.0606529,1.06492,2.5863762,0.5374485,3.0057366,0.9303849,0.92700934,1.8851191,2.4700084,1.419542,0.49921155,1.2273535,0.6733595,0.39228198,0.8245501,0.0551198,0.21650177,0.7276431,0.5803764,0.4005993,1.1774821,1.2719446,1.4369308,0.062342986,0.21174014,0.84239244,0.86422026,0.09036844,0.5152598,0.3973215,1.1439203,0.5652511,0.8051357,4.118903,0.95667994,0.2481038,0.019595081,0.73120016,0.69870335,0.8090205,0.056392223,0.008842742,0.36482713,2.5992517,0.25100878,0.4737547,0.0,0.5951612,0.8196173,1.1666981,0.25127968,0.35538867,0.11265268,1.7647043,0.2803894,1.138518,0.1432773,0.43499136,0.047935065,2.2279012,0.8751486,0.26296058,0.2833596,0.6671529,all_pothole_images\pothole_images_new_image_577.jpg
0.7987677,1.638802,0.7301452,3.7480729,0.5539158,0.35422555,0.9820427,0.2586969,0.28788513,1.0214505,1.3132701,0.7651426,0.08235011,2.5262165,0.95074755,0.66071165,0.27189633,0.27144557,1.8085096,1.0918616,0.76910067,1.4906282,1.532128,0.25467184,0.9694713,0.83722645,0.25191617,1.5169104,0.3660983,0.032780107,1.5353247,0.21009067,0.50085944,0.5992923,0.08449876,0.5931709,0.75681484,0.017815735,0.98594046,1.1619853,0.40302292,0.28311625,0.23995689,0.14061566,0.12763663,1.7599007,0.049274053,0.2504658,0.10283693,0.061172977,0.44943804,0.1927126,0.43374166,0.13800487,0.14903751,0.59347653,0.7262265,0.012520873,0.681278,0.017927784,0.45853934,0.6485963,0.017720103,0.71810436,1.9809349,0.11687067,2.1692965,0.18095304,0.6982084,0.6434031,0.31838596,0.1287582,0.58525366,0.0018799513,0.32834372,1.527056,1.0851288,1.4168421,1.3881253,0.34753945,0.51998174,0.04525624,0.5958187,0.14245461,0.1824351,0.21331182,0.03159471,0.018269273,3.6164684,0.56596065,0.029472506,0.24629818,0.0,0.558673,0.61915106,0.06449477,2.7121499,0.41105095,0.39550272,2.978307,0.019200992,3.6934683,0.24900496,0.5448704,1.8887367,0.12928393,0.032000627,0.89641804,0.83714914,0.59340686,0.32736486,1.6036577,2.8626697,0.24914542,0.47423723,0.11755026,1.5593238,0.8201379,0.48233083,0.24035035,0.6911238,0.16275877,0.613333,0.61446697,0.39307472,0.38447812,1.6899006,0.13331044,0.06704922,0.36575392,0.17450596,0.1615993,0.061888646,0.7766445,1.1849886,2.4030085,0.19547234,1.1679543,0.2337077,0.09538255,0.5139304,1.5589108,0.7496801,0.32254812,0.3607268,1.6804895,0.09633168,2.5420005,1.7157257,0.34054124,1.4078773,0.45772645,0.27914217,0.6523062,0.9506562,1.0233514,1.1541587,0.08489819,1.1320572,1.0680081,1.013246,1.4458858,0.0,0.4982455,0.25677845,1.1523128,0.22870618,0.009369355,3.3763494,0.78274816,1.3208598,0.0024293202,0.827242,0.40934497,2.18659,0.5183998,1.3511695,0.4338018,0.13962719,0.06921559,1.179346,0.026748914,0.40310305,2.8905964,2.201166,0.67553097,0.10737056,0.28223032,0.37434348,1.3438748,0.6372401,0.28491557,0.036829956,1.8000684,1.2768035,0.08976904,1.3338776,0.25438058,2.5726259,3.1440647,0.45187333,2.6141386,1.6031824,0.33999002,0.19914144,0.22373118,0.14731035,0.73269665,1.8893613,0.7583197,0.14179906,0.31363946,1.05062,2.943254,0.73488975,1.4717224,1.7734317,0.4703897,1.1427553,0.656646,1.4421337,0.15010725,1.2187233,1.30659,0.40732846,1.0177178,1.5945576,0.7560977,0.052732486,0.78128994,0.093318954,2.6134195,0.32626602,0.9128848,0.5015953,0.014033852,2.2167122,0.72722226,0.38422576,0.3299997,1.4936626,0.32622588,0.6201862,0.06255501,0.62707657,0.42593196,0.47395635,0.011907092,1.7830073,3.253882,1.0805048,0.2694697,0.033869814,0.31517574,0.29452708,0.14235766,0.87789387,0.23017058,0.7775275,5.3122783,0.036108937,0.13213247,1.1094066,0.36300853,0.052555744,1.2344443,0.826016,0.27830136,3.3371775,0.4299862,0.51466984,0.13577235,0.7425525,0.45746565,0.35698673,1.395817,3.3814764,1.4914024,0.2286858,2.085065,0.005117904,0.9337892,0.66458434,2.2518983,0.07293747,1.9938223,0.3553065,0.74121165,0.27471262,0.6875296,0.6786616,0.80632067,0.24962394,0.3035024,0.28615427,0.39155462,0.5695811,0.11276859,0.33294943,1.9378176,0.79355145,1.1046487,0.56729645,0.6536438,0.44816667,0.65865284,0.05865215,0.8860746,0.65969443,0.6557422,0.15767448,2.0789113,3.2232454,0.6096636,0.42023823,1.3027765,0.34332165,2.569755,0.29117116,0.85983866,1.8168632,0.113736734,0.7581208,0.16148278,0.28050473,1.8709625,0.001076186,0.105710715,0.59948015,0.7841906,1.0163258,1.2735486,0.59560096,0.50892603,0.7375837,1.1560367,2.771536,0.4351991,1.1323186,1.284674,1.4828476,0.81897205,1.6562204,1.47361,0.8235282,0.36502278,0.9148259,0.21561463,0.4294637,0.24536222,0.116434306,0.49574095,0.23919919,0.07368186,0.025316041,0.10425221,1.1228149,0.6915034,0.7502135,0.61711293,1.2471792,0.2083313,1.8099014,1.6020411,0.3249694,0.29790172,1.8919617,0.3092987,0.35300526,0.6415976,1.4297969,0.71873444,0.9604151,0.47955337,0.0585063,0.13058761,0.103569865,0.43465295,0.26997998,1.0160414,1.6252525,0.66268545,2.09098,1.5361857,1.3377295,0.69813424,1.718007,0.44830227,1.2620363,3.4714422,1.2398666,2.467725,0.061456207,0.47909293,0.006663818,0.31263185,1.1645991,0.50496626,0.9721421,0.18825297,0.36575603,0.72280884,0.8253688,0.8722268,1.3931404,0.09749658,0.5879167,0.1419582,1.0636693,0.28515157,0.36934572,0.59549624,0.5470563,0.39936194,0.050729323,0.5049017,2.4488742,1.8540748,1.2420671,0.2688898,2.0214481,0.72731423,2.2045164,0.37855995,1.9628943,0.3202775,1.6936109,1.5812376,2.1645303,0.89830935,0.07422526,0.08741704,0.092007235,0.8544685,1.4559041,3.5790684,0.4397869,0.53271556,0.38214964,0.8483608,1.4065145,1.4816241,0.20983627,0.007864249,0.1592383,0.0,2.4574966,0.6415965,1.0238163,0.9711742,0.7226106,0.67752784,0.5161937,0.49938956,0.65613234,0.5105554,2.1593392,0.023760013,0.6487621,0.5788784,0.89268583,0.73512596,0.79452527,0.30382288,1.9102455,1.2992283,0.29837495,0.14743857,0.84688735,0.71837413,1.0952752,0.0,0.17931136,0.7443289,0.8867199,0.5257129,0.881169,0.012799204,1.4592073,0.87257314,1.7727695,1.5912242,0.89516056,0.23240003,0.070138566,0.3503993,1.8163676,0.46435928,0.5248866,0.121831015,0.75002956,4.0416694,0.06637688,0.30974394,0.010892491,0.22049631,0.21262994,0.7408249,0.07274579,0.44887167,0.18388617,3.2559135,0.36754727,1.5422354,0.2559485,0.800081,1.4329518,0.19822821,0.12371719,3.7535706,0.094553106,0.9924534,all_pothole_images\pothole_images_new_image_578.jpg
0.90958846,0.8947394,0.7732036,1.4489383,0.24545673,0.09097166,0.017509677,0.0,0.3463877,1.5921072,0.5619465,0.24147461,0.0,0.7842239,0.063254945,1.093445,0.13612187,0.052867223,0.10957635,0.069131166,0.082162745,0.5577604,0.4769146,2.4707289,1.0842465,0.068531334,0.008688844,0.7480393,0.055196565,0.109081306,0.5294645,0.0,0.6023482,0.7674539,0.39570734,0.57240206,0.31882995,0.8178421,0.55350304,0.042053517,0.307338,0.16722585,0.22588676,0.99162334,0.4929243,0.080920346,0.23892377,0.70208085,0.250016,0.3184332,0.18131684,1.348222,0.51889676,0.358665,0.101591185,0.49367344,0.30315188,0.19131462,0.3779492,0.9027319,0.0026570722,0.8626374,0.6922897,0.1724189,0.18148519,1.0281521,0.71445537,0.114599034,0.1529727,0.10131073,0.889001,0.26043102,0.20233552,0.051968616,0.0,0.9348407,0.1956658,0.22801164,0.0038180465,0.11111324,0.14542808,0.26258737,0.564042,2.0833812,0.35837618,0.39831427,0.0035330865,0.016454535,1.6056849,0.76543605,0.37089124,0.70315003,0.28189555,0.070730716,0.9041103,0.36821905,0.8630183,1.3268933,0.2354256,0.2749225,0.10617895,0.1865396,0.6919126,0.8460513,0.6923071,0.014029801,0.09863864,0.18716167,0.20823923,1.13932,0.006528147,1.5793597,0.0485924,0.6886177,0.43576667,0.79144806,0.16393954,0.13619593,0.12346468,0.8596235,3.3155112,0.57320577,0.008570874,1.9018573,0.26375255,0.56686896,0.0,0.58178097,0.21837482,0.047137577,0.48883653,0.18354836,0.09482166,0.15376055,0.13709116,0.23537947,0.36511496,0.0406368,0.1964383,0.18375194,0.06624638,0.12573677,0.5489692,0.70044035,0.05366437,0.016953893,0.55991477,0.61213416,0.0,0.58744377,0.814762,0.07099374,0.49570012,0.5640215,0.59817874,0.1036891,0.3183416,0.8839686,0.99591887,0.19472943,0.71750844,0.9540914,0.011755027,1.2279934,0.3180756,0.2834726,0.23944584,0.16410576,1.3114188,0.8704811,0.5008019,0.15285568,0.2774752,0.48982602,1.3096125,0.4825647,0.7297086,0.0,0.021854797,0.2315933,0.080957495,2.2400734,0.24007589,3.7074547,1.1745083,1.3342363,0.23959306,0.39779866,0.73338217,0.7914567,0.30466002,0.1242406,0.8277935,0.02723682,1.6720378,0.061776344,0.85581523,1.460816,0.66736656,0.07301821,0.33470756,0.89996845,0.0,0.066346,1.5686159,0.90588456,0.46650866,0.23627478,2.5959966,0.8186039,0.029716205,0.43830183,0.96084356,0.58296305,0.75793344,0.49124658,0.5101332,0.022068048,1.3423957,0.025378484,0.8314935,0.32653674,0.30155176,1.1203406,0.1485203,0.08518017,0.7331818,0.0049440013,2.7375917,0.028394455,0.09001616,0.9264731,0.4162023,0.2524905,0.6667128,0.06286889,0.951406,0.028927192,0.013051416,0.22600558,0.17619342,0.78696275,0.56587803,0.0907113,0.07388443,0.017664043,0.78678036,0.44265085,0.4678055,3.6325383,1.0360222,0.6723569,0.26134953,0.56341994,0.9087851,0.0023322958,0.80817753,0.37115407,0.28751493,1.6507345,0.34873644,0.12046503,0.68243027,0.7616583,0.09091753,0.80571043,0.64388895,0.13942482,3.8974228,0.11193359,0.67629015,0.08156067,1.1343507,0.20290795,1.1699401,0.9214491,0.0038489716,0.5006254,0.081419446,0.53651935,0.23819518,0.6359601,1.8690628,0.0,0.19029027,0.53075665,0.29552573,1.3953935,0.041741956,0.22928093,0.082971886,0.35995457,0.4012729,0.97051126,1.1872388,0.6599037,0.8247531,1.3823473,0.19294544,1.9584821,0.6491756,0.9892798,0.2037751,1.0221214,4.49902,0.0,0.67276967,0.3260317,0.04569466,0.0,0.33376318,0.62667483,4.754383,2.013571,0.059097886,0.73966146,0.019342719,1.259662,2.37033,1.8023037,1.7438016,0.40284252,1.1880127,0.23304188,0.008685234,0.114121825,1.0493066,0.060993116,0.19346659,0.49458066,2.8150444,0.021532506,0.02478527,1.2937021,0.377344,0.106455326,1.0917274,0.15500383,0.44902673,0.0,0.56994575,1.5389701,3.7110417,0.53774303,0.46698576,0.07557008,0.18848012,0.21884403,0.1131005,0.2552579,0.28009936,0.30443686,0.4238115,0.18432991,1.658728,0.24072443,0.09508312,1.2994696,0.5348756,0.58793116,0.36584845,0.9259188,0.02093811,0.47882226,0.04991769,0.7046285,0.77310485,0.17585486,0.8941353,0.600235,0.354851,0.8902753,0.22176617,0.064417355,0.5249892,0.37508917,0.6842371,0.113511026,0.08164429,1.0447413,0.6432703,0.07055352,1.0107355,0.19313386,1.8392383,0.2704745,0.81880045,0.58820736,0.21267912,0.2022465,0.12018986,0.32601678,0.25418776,0.8596013,0.0,0.60085315,0.43078312,2.4512546,0.61861616,0.15539049,1.9974499,0.59627825,0.8225597,0.2886592,1.4347459,0.13640915,0.49701276,0.14940083,0.16106313,0.5370389,0.008543117,0.36531332,1.1565897,0.88043404,0.062264346,0.025123084,0.39026436,0.84723777,0.34335178,0.23163524,0.07055472,1.6857598,0.33908364,0.78168076,0.61838406,0.0047131884,1.3652736,0.27698657,0.13279127,1.2022188,0.46133846,0.5794107,0.42466953,0.81023633,0.05610489,2.1415775,1.1428885,2.0431483,0.537382,0.6515515,0.2410809,0.5008475,0.44258693,0.59711754,0.57616705,0.08329312,0.7736239,0.3268631,0.01974854,0.75219756,1.773164,0.647767,1.757416,0.6577854,0.4217447,1.4310076,0.10898646,0.6482035,0.040235106,1.1159409,0.1842315,0.45984533,0.2925501,0.109237395,0.5895376,0.21287629,0.4113171,0.022480242,0.19642448,0.0685873,0.76743567,0.2089877,0.06729354,0.07872761,0.14178464,0.28888026,0.2965817,0.073880486,0.5051623,0.13232967,0.29481116,0.34355742,0.40045732,0.40355596,0.17496492,1.9095359,0.39565778,0.24278027,0.972288,0.2340877,0.40973186,1.4693625,0.043660115,0.005967185,0.18137418,0.06881545,0.2592148,0.004155672,0.0,0.1359579,0.3687667,3.5872989,0.98246694,0.35917312,0.6721076,2.3367097,0.47002885,1.1722354,0.81924427,0.8910875,0.079915315,0.06174565,all_pothole_images\pothole_images_new_image_579.jpg
3.003966,2.2130072,1.4531326,1.4004285,1.0176771,0.28687206,0.31670716,0.8615136,0.28834826,0.97046345,1.0953796,0.53698474,0.60869277,1.1556925,0.9268917,1.0664898,0.658577,0.27493405,0.8738279,0.1755406,0.43686205,1.9245504,1.1597681,3.5470328,0.7943532,0.16393451,0.08141421,0.70336974,0.45141944,1.003271,0.049118765,0.04489228,0.64725703,1.3421545,0.5309841,0.5304809,0.47168434,1.2108263,0.62530214,0.9330204,0.34486458,0.042796634,0.934636,0.41579667,1.6273499,0.49786764,0.2630056,0.1414894,1.211763,0.6947691,0.92027265,1.0428876,1.596092,0.48031086,0.0,0.7991937,2.9770985,0.028140403,1.6710978,0.5405637,0.10411702,0.36305434,0.7029682,0.44752342,0.817539,2.0224614,0.041130587,0.82208836,1.516512,0.17780884,0.3082915,0.19300063,0.84825855,0.16535696,1.7065526,1.7903743,0.9931614,1.4302945,0.056560222,0.63061774,0.45940655,0.037732232,0.65867585,0.6157182,0.8366252,0.77375776,0.140009,0.71758145,3.2512705,0.91129845,0.46407223,0.29383832,0.26650575,0.22336619,0.76814,1.3459575,0.683617,1.1987717,0.2086957,1.1131536,0.014622384,0.30939502,0.5684818,0.07741803,1.12524,0.16108073,0.6332844,1.028999,0.017962705,1.1670744,0.16785559,3.45966,1.0265422,0.21745284,0.13820826,0.79803777,1.1589751,0.56879073,0.5000755,1.1836838,1.1685157,0.57616776,1.2069557,1.4254106,0.9867862,1.8996059,0.35800144,0.43880042,0.5170398,0.8889481,0.6128944,0.0,0.25810856,0.92079496,0.075304545,0.4343637,0.4666255,0.7301468,1.0113175,0.48059797,1.3472897,1.6510677,0.5591917,1.2591313,0.19899255,0.44845545,0.016147312,0.04129163,0.6590254,1.270381,0.99729234,0.5729154,0.5971774,0.5435126,2.0855815,0.3439644,1.2464238,0.48400575,0.64422613,0.5182933,1.3664806,0.9167568,0.47531453,2.691251,1.4327143,0.44823867,0.8894411,0.2394993,1.516917,0.01735378,0.72568345,0.18026468,0.20664182,0.4543794,1.2141733,0.03985185,1.8087224,0.0,0.21895781,0.45464477,0.009967146,1.3500198,2.8435214,2.0274673,4.6489677,0.20717278,0.37459448,0.7270175,1.4215732,0.8639087,0.5643163,1.0855671,0.016201666,1.8745176,0.542131,0.338381,0.52772224,1.392366,0.69265914,1.1105582,0.5919156,1.8066535,0.23880218,0.11377227,0.48400587,1.7679164,0.9036966,0.37956288,0.6655785,0.62044185,0.0076101176,0.7188571,0.8126417,1.3909477,0.8444705,0.7508243,0.2533909,0.33246845,1.1202257,0.30870456,0.32250658,0.11750902,0.122332126,3.4860544,0.0,0.4446667,1.2645249,0.36782074,0.57787615,0.06264652,0.0,0.16161585,0.20032719,0.16551253,1.209976,0.060106784,1.9584541,0.0,0.62369627,0.23470834,0.88353497,0.3633544,0.7320254,0.30508593,0.038140472,0.0,0.8331327,0.21375322,2.2016437,3.236378,0.24327941,0.016292125,0.5600411,0.46776444,0.21175653,0.029060803,2.6148243,0.8666026,0.250929,3.0869234,0.060243256,0.099189095,0.5010119,1.225044,0.24159227,3.5434566,0.39425853,1.7811654,1.9825336,0.9295706,0.23391479,0.11198633,0.31298402,0.7376997,0.7538158,1.929302,0.5311743,0.9894173,0.33116376,1.3847508,0.21356559,0.5104591,0.44761828,0.2988549,0.41048795,0.46570742,0.3256144,0.31154084,0.14571354,0.34510055,0.32357058,0.48213214,1.2655979,1.0820479,1.028971,0.27799344,0.625904,1.0623647,0.53431684,1.3448268,0.41715965,1.222585,0.04717461,0.39469466,5.051914,1.1085,0.0,1.3634965,0.9855655,0.6863031,0.06013597,1.1219254,6.294969,2.2046854,0.12228779,1.1950704,5.0342143e-05,0.9529397,1.9200355,0.72561604,0.124617815,0.6371275,0.27152026,0.066907436,0.85770273,0.8029009,1.3838102,0.06455231,1.9557829,0.7992199,4.9642706,0.46810472,0.4067462,0.17646185,0.035014108,0.6029715,1.2075552,0.7929608,0.3599338,1.1098999,0.41638166,1.1565815,1.8631608,0.07314554,0.90845877,0.31131688,0.28829026,0.1095814,0.064119376,0.4803961,0.26764,0.6592301,0.4876084,0.14822702,0.623486,0.25495705,0.5464305,0.5908923,0.62507474,0.91011834,0.67113775,0.1365796,1.9941988,0.44726607,0.026579706,1.1908184,1.5936067,1.2907927,0.1425042,1.0294873,1.5728557,0.791649,0.8935797,0.22375134,2.3538227,0.91718394,0.68579465,0.18114585,0.3303932,0.8568378,0.14916304,0.07861088,0.8787827,2.0679321,4.154243,1.4710999,1.7337531,0.07072237,0.15983273,1.0503213,0.6893136,3.696378,1.429998,0.6696833,0.2438288,0.15943319,0.5732598,1.3611273,1.0366193,0.46932298,3.511785,0.7808609,0.32782546,1.5537828,0.12878741,0.0044042384,0.44339246,0.2078567,0.22386436,0.4085198,0.4831005,1.4627731,0.5384685,0.60249084,0.19719298,0.26725364,0.7514756,0.13027465,1.2326967,0.8886406,1.3211998,0.838588,0.7237875,0.42137775,1.4271582,0.24446373,1.25376,1.2541921,1.3674799,0.6750224,0.26060572,0.9146155,0.844526,1.202347,0.28397584,3.7492352,0.86924225,1.3534484,1.1498653,0.9754238,0.7956155,0.9510352,0.46598175,0.7446625,0.0751121,0.22300844,0.82557327,0.35550612,0.35950258,1.6297166,1.276403,0.37022784,0.7540635,1.448925,1.40987,1.1299398,0.65688735,1.3236498,0.110665396,2.7877526,1.0234929,0.4638038,2.2212288,0.5030739,0.6057662,1.8106284,1.0629858,0.9033772,1.3293662,1.6420528,0.9843779,0.3645883,0.11329574,0.022021929,0.6196308,0.36450452,0.14533545,0.6849567,0.11859752,0.014283049,2.002565,4.558799,1.3372818,0.6095604,0.0,0.5620332,1.0052798,1.1223866,0.8964596,0.054763146,0.73642814,1.0418354,0.2535332,0.20839673,0.118896134,0.189427,0.35750845,0.5208751,0.6349538,0.44599602,0.7848547,4.2492805,1.7485112,0.4298057,0.5996199,0.88504356,0.018790279,1.7479289,0.38694766,0.67549723,3.041017,0.3472387,all_pothole_images\pothole_images_new_image_58.jpg
0.06571948,0.025281599,0.19403969,1.6665474,0.5845362,0.054918144,0.672445,0.056204084,0.14353509,0.5953875,1.0637887,0.076177314,0.056820624,2.6568613,0.47878098,0.55724114,0.81478447,2.5051932,3.2539485,0.44728476,2.9366937,0.69776607,0.0029877368,0.27674726,2.248888,2.0520456,1.392883,0.747228,0.05448246,0.17319088,0.90081614,0.08380915,0.26334235,0.6677134,0.30091608,1.155556,0.12897116,1.037474,0.5789589,0.41863596,0.883062,0.76364666,0.24579287,1.2740701,0.7192233,0.39050445,0.3445764,0.36273947,0.6211531,0.13677447,0.46559972,0.3506694,1.1532032,0.32139286,0.20483635,1.128878,1.769723,1.181778,0.08833955,1.4986324,0.5366597,0.38107482,0.06419445,0.36636868,1.6656487,2.0949085,0.2693342,0.43382496,1.0225967,1.8754244,0.5329606,0.16611005,0.17051925,0.078499034,0.85549676,0.024234386,0.17430514,0.54066783,0.011423143,0.20717426,0.09710481,0.3326159,0.640409,2.186704,0.21135065,0.46191686,0.25581318,0.032556284,0.3833551,1.7241883,0.5446678,0.86706275,1.0217046,0.029622007,0.19391036,0.03441505,0.85140675,0.52629036,0.09578975,0.1812122,0.34984633,1.9874566,1.036756,0.05744936,0.9055136,0.3880236,0.2567865,0.6029115,0.7916407,0.5547347,0.29527286,1.3165712,0.3392724,0.16436379,0.7778221,0.9157769,0.32097715,0.5873343,2.4849179,0.48346004,0.28234518,0.0863615,0.10362607,1.0751588,3.2093923,1.0480771,0.29806107,0.13321956,0.18516108,0.66083133,0.027037226,0.26362368,0.04599096,1.2235761,0.6297893,0.46644568,0.12604405,0.245218,0.20300983,0.0,0.0,0.22680524,2.5693383,0.81618917,0.021354938,0.2901727,0.62256736,0.0327289,0.642947,0.019605977,0.35921472,0.011011136,0.0,0.18059953,2.2683506,0.08526306,0.39018467,0.5108186,1.025051,1.0923471,0.9049452,7.699246,1.2868289,0.5718389,0.8545392,0.48347032,2.0425842,0.31803226,1.4450527,2.9610333,0.07350772,0.13576654,0.16938,0.31261006,0.0023551716,0.27058932,0.08784613,0.31776646,0.11685747,0.31585097,0.0019096431,2.4306588,1.2390581,1.3328493,1.6445141,0.74617773,1.5782193,0.2980656,0.32626995,0.8780491,0.07802939,0.0325958,0.16679049,0.007190826,0.032352224,0.39522013,1.3570093,1.459548,0.21861368,1.6773046,0.7407365,0.5859593,0.28282148,0.63178545,1.5631953,0.084467664,1.3869811,0.0,0.47954643,2.4428933,0.012732496,0.04493491,1.4577265,0.110855356,2.965271,0.79283917,0.77781713,0.063241534,0.7589235,0.400699,0.31668928,0.9781557,0.6252208,1.107052,0.027139101,0.047421448,0.11602995,0.061240245,1.4881314,1.5237658,0.14620975,0.099527806,0.9879223,0.21907695,0.09080556,0.3531304,0.48093858,0.021333162,0.24915875,0.7641445,1.4051371,2.1213076,0.4967012,0.33142602,1.0163499,0.39744216,0.21238941,0.84937066,1.3890421,6.3532977,1.5828437,0.47057483,0.0077046226,0.33736116,0.11111584,0.22036295,1.195338,0.8842762,0.108926885,1.7689455,0.059166577,0.24489945,0.004795411,0.12958808,0.1943373,0.6318059,1.6964723,0.42353654,1.0244613,0.008762211,1.1750115,0.0053025233,1.4597006,1.0051469,0.17747065,0.9676526,0.03853963,1.1458734,0.06056219,0.12066216,1.8256239,0.19080581,0.98817116,0.08101306,0.17965567,2.3846939,0.08548996,0.31510082,0.065478325,0.17297938,0.039263938,0.60166484,0.20360768,1.5324203,0.5429296,0.37623066,0.3038225,1.0655825,0.10436926,5.8700686,0.86308855,0.5989952,0.26290736,0.009482442,1.4765338,0.02253965,0.11959834,0.0,0.41220555,0.26028642,1.0855025,0.12014165,0.6238375,1.7915345,0.031348832,0.18714938,1.4014883,1.1266865,5.2497706,0.90039855,0.1784654,0.0,0.8634153,1.9054133,0.32405296,0.116922,0.5746335,0.0,0.45979092,0.0035518531,1.0794166,0.18037854,0.6009142,0.008371999,0.24438356,0.14222412,3.0885265,0.45433274,0.7928772,0.59984356,0.27606833,0.35434157,1.3683352,4.4651904,0.26366562,0.21452585,0.015254654,1.602961,0.96462435,0.43436083,0.25682324,0.8898211,0.5834765,1.1983186,0.038491186,0.3454792,0.092815,1.6754346,2.821372,1.1848894,0.30621552,0.10962879,1.6436627,2.0441105,0.0119368415,0.17609687,1.0203425,0.5258412,0.13131362,0.18149076,0.8637874,0.1876736,1.0051066,0.12664492,0.066665076,1.1874048,1.0928581,0.03577009,0.25930116,0.058163308,2.2651372,0.1308243,1.1614335,1.0182401,0.20950332,1.0785067,0.85833025,0.0,0.0015864329,1.9379511,0.12861905,0.9130141,0.046287287,0.86296004,0.14437182,0.41519102,0.6874695,0.044140298,0.64373654,0.10963624,0.46433467,1.3920097,0.020813389,0.10273577,0.10836573,0.036784634,0.050171096,1.7122225,0.91087043,0.3751328,0.18792967,1.0522271,0.5517229,0.19498043,0.18874982,0.16043733,1.9598039,0.08142056,0.5331277,0.23728245,2.9631455,0.4652834,1.0057913,1.1448946,0.9940721,0.40940806,1.1066154,0.14170574,1.210576,0.048931472,1.2950618,0.10938535,0.863471,0.9891575,1.8849577,0.18880795,0.32595396,0.74949956,1.3514695,0.4719245,0.232776,0.2967186,0.13309608,0.31079867,0.006557795,0.008328065,0.25412065,0.03956351,0.43100983,1.3244889,4.3837605,0.19959453,0.123728596,0.051718336,0.86728346,1.0674623,0.11021608,0.08643812,0.27152252,0.8751687,1.0433499,0.011884606,2.4270866,0.26352766,0.2600163,1.933536,0.14210354,0.07729176,0.015219197,0.217875,0.20682728,1.5984352,0.011917429,0.3684674,0.7834941,1.5238785,0.86053646,0.28795895,0.27707383,0.13769384,1.9574924,1.6598258,0.8361718,0.8828273,0.15347242,1.9092761,0.0,0.34718406,2.1347425,0.1663198,0.6517181,1.783728,0.55936164,0.030746281,0.251911,0.13588044,0.56141406,0.605703,0.4212518,0.41196254,2.0867085,0.9129742,0.62908924,0.2367609,0.51423943,0.7695776,3.255745,0.19390419,0.46580952,0.26843047,1.367788,0.42575112,all_pothole_images\pothole_images_new_image_580.jpg
0.028479123,1.5772562,0.2142704,1.840206,0.7564726,0.64931893,0.034875385,0.0,0.47434476,0.34768054,0.009548775,0.059576582,0.51605755,0.359021,0.6602679,0.3829457,0.17967485,0.05788581,0.33709374,0.27413583,1.059337,1.7346039,0.4837527,0.17665583,0.62462986,0.071610466,0.25338662,0.74455565,0.109036505,0.12581831,1.4577963,1.1260172,0.08707911,0.7174304,0.08358745,0.7494457,1.2857428,1.1116507,0.10503,0.059442475,0.21670067,0.058231354,0.570961,1.046012,0.3696307,0.11673975,0.8841278,0.29098916,0.32873452,0.87832546,0.06703628,0.1657643,0.2118233,0.0061808783,0.47994682,0.8124011,0.50748676,0.83013713,0.15864766,0.12983319,0.03644638,0.11848543,0.27652818,0.4000838,0.12212593,1.4916137,0.4925559,0.26257187,2.4847288,0.15550143,1.4799004,0.048572924,0.3069981,1.136056,1.1076976,0.5356614,0.21320178,0.82805055,0.4769108,0.14753851,0.3822982,0.3001984,0.4851658,0.73197204,1.167336,0.12207494,0.15583046,0.119677775,1.982872,0.49272668,0.3475824,0.10653534,0.17080042,1.3069041,0.776017,0.11485738,0.8076056,0.46036592,0.68568325,1.0319706,0.33923355,0.08224316,0.24077657,0.11561318,0.2146968,0.37882695,1.1012815,0.04851985,0.06336996,0.50314593,0.0,0.784396,0.3011444,0.1618048,0.44604763,0.033285063,1.415844,0.38460565,1.526906,0.64890337,2.2388544,0.6195974,0.6462921,0.6751121,0.44038942,2.1635406,0.13220662,1.5507965,1.1000557,0.48790914,0.33926275,0.0,0.25116777,0.002899741,0.4692161,0.43085316,0.448552,1.5834152,0.04520222,0.013522764,0.053177927,0.26280904,0.12040755,0.14648694,0.3549674,0.22805446,0.09126534,0.34777698,0.4737203,0.50166637,0.23112561,0.022726038,0.35657224,1.065198,0.66684955,1.1390877,0.62771034,0.47448096,1.1252298,1.6624633,1.3494275,1.1859885,0.26455936,0.9884489,0.10979099,1.064799,0.25079572,0.032662626,2.5465364,1.2881349,0.0,0.17108664,0.078873694,0.01519948,0.803803,0.16289064,0.6834564,0.0,0.4277293,0.16218124,0.26214936,2.3601372,1.3087631,1.3698479,2.0147045,2.8749673,0.032587968,0.1339605,0.51465946,0.27730596,0.050604317,0.48345837,0.27954406,0.7541298,0.33501905,0.7974552,0.9654625,0.1483613,0.3703636,0.32902986,1.3803817,0.31548825,1.291606,0.9819208,3.2177777,0.20145369,0.4435453,0.15003926,0.74794674,1.396639,0.19548902,0.09750124,0.0015818812,0.12618989,1.8493832,1.2232736,0.067437254,0.23396721,0.6477176,1.2026312,0.67501885,2.4633117,0.25433186,0.24687125,0.06504631,0.11264609,0.6873316,0.32295537,2.5465248,0.32253504,0.087445006,0.0,0.24490388,0.5669012,0.09906134,0.73452383,1.769176,0.18879758,0.52242863,0.0741473,0.97001046,0.47382572,1.931974,1.158169,0.47440624,0.16112995,1.023897,0.098549955,0.5370232,3.6267333,0.26590836,0.7142854,1.1242539,0.0,1.2320035,0.008306433,0.84620214,0.6193589,0.41548374,1.2507995,0.020589607,0.739217,0.038305536,0.6179282,0.57966155,0.2626675,0.43359506,0.49865302,0.8552714,1.0778409,0.04081847,0.014447363,1.199997,0.68148375,0.5816746,1.5041718,0.3812947,0.92080873,0.48359197,0.5143781,0.30397838,0.17166913,0.475204,0.019566135,0.2788515,0.77574605,0.86494213,0.043024372,0.018881205,0.5001873,0.61881113,0.08933687,0.0,1.2261401,0.4762823,0.0073062656,0.041969106,1.8905345,0.45726255,2.3093855,1.2045916,0.76525724,0.4448348,0.21251087,4.190816,0.44602156,0.8423921,0.43341944,0.20500769,0.33036637,0.735748,0.89453846,3.3547175,2.3524163,0.04718751,0.9953682,0.19286208,0.77858484,1.8604468,0.523299,0.33321807,0.12010798,0.5451694,0.9462527,0.057202492,0.06094308,1.7326128,0.0,0.022771314,0.28109962,3.5341375,0.9007258,0.023105983,0.34732628,0.0,0.53767586,0.6077447,0.58572984,0.82582015,0.23932293,0.21765356,0.90385854,3.9058228,0.23426446,0.779311,0.99989754,0.7183986,0.21818264,0.6447774,0.52764547,0.06417324,1.3359512,0.14501873,0.35009134,0.051886763,0.017109698,0.13342604,1.7448816,0.70492613,1.3214977,0.076688096,1.3450978,1.6395189,0.014600617,0.44253033,0.39045855,1.0724777,0.22246273,0.1675773,0.07252809,0.37765396,0.42271605,0.053611677,0.07936905,0.8709926,0.7690548,0.6382646,0.7901439,1.9404691,0.13050136,0.4647198,0.3375808,0.26761806,0.34589046,1.8744284,1.9556371,0.07508926,0.090280116,0.18940337,1.1638674,0.19628474,1.2597005,0.03462283,0.32992274,0.059222825,0.21504144,2.1550515,0.64247215,0.97679836,0.88029206,4.0452995,0.3019363,0.49757054,0.00073347177,0.2502285,0.12490564,0.56502086,0.16637346,0.31879812,0.01260277,1.39368,0.09293143,0.7960355,0.0011141709,0.0101035815,0.2683908,0.28665674,0.07389927,0.18974276,0.7605158,0.65607816,0.07849051,0.20839939,0.85587776,0.8204891,0.11706191,0.46469638,0.13259065,0.22955088,1.3565879,1.0142313,0.32148546,2.5575516,0.4181656,0.26598132,3.2824974,0.9209051,1.1256323,0.13751076,0.8514665,0.5120271,0.11658466,0.23504646,0.19928437,0.21394305,0.08722443,0.06390395,0.0860432,0.33820412,0.7761709,1.2889726,1.0798364,0.34762037,0.32308704,1.0282491,0.91026413,0.5667817,0.35850337,0.831596,2.2197173,0.34080136,0.030796576,2.912179,0.0050406745,0.36849037,0.10268202,1.2592062,0.1400387,3.5786104,0.19951092,1.1555244,0.6241381,0.5017557,0.008840742,0.74630183,0.26826847,0.1577374,2.1074803,0.4023754,0.09363246,0.045147408,2.2959735,0.4069382,0.32236436,0.22158751,0.20239942,0.4379929,0.0536493,2.9295068,0.371034,0.7631412,1.0909442,0.61479133,0.51538676,0.01525395,0.003681198,0.0,0.07048418,0.4673803,0.29254943,0.41591594,4.104616,2.001858,0.27749673,0.9484829,2.2514741,0.7610706,0.39500675,0.46533826,0.44662672,0.10214508,0.13844815,all_pothole_images\pothole_images_new_image_581.jpg
1.9094921,0.5350495,2.0878198,2.602825,0.65659356,0.14570269,1.3012518,0.0061740773,0.7559966,2.5214908,0.66939974,0.18133096,0.0,0.7075062,0.0070629227,0.6864049,0.302731,0.5473166,0.47024488,2.0471694,1.2350163,0.24944566,0.31030646,0.9392171,0.042020116,0.05207698,0.117734246,2.7305977,0.101674244,0.85651225,0.32500875,0.56584156,0.21652502,2.0901878,0.1032858,2.559039,0.5062819,0.6245304,0.8990926,0.16242963,0.53950477,0.79830784,0.12491065,0.91337365,0.63192797,0.53060085,0.47732538,0.004633816,0.0,2.2834272,1.074558,0.2626324,0.5222601,0.9539882,0.60018474,1.3502666,0.63247794,0.7551047,0.4197365,0.83957124,1.159403,1.0465959,0.09993761,0.25182468,0.24870764,0.55689895,1.2068553,2.2649274,0.045366947,1.0096331,0.5279016,1.2272053,0.9237218,0.8833794,1.2791992,0.3845534,1.761131,2.5209858,1.346379,0.21143115,0.0750894,0.4175506,0.0,1.2690305,0.3507179,0.7980906,0.022606991,0.09529347,1.3503352,0.11607578,0.06999187,0.49602717,0.028318075,0.21465807,1.8475862,0.055854462,0.15476145,3.1728954,0.84354526,0.9453907,0.7275093,1.5065824,0.19894853,0.5411252,0.2000811,0.17127375,0.57386297,1.3882525,0.0827298,0.32300597,0.1141159,1.5458094,0.65001976,0.26297522,0.24238808,0.02400981,0.22518237,0.42091617,3.3515325,1.4528809,2.0348072,0.4415818,0.050830718,1.9246094,1.2867032,1.1335764,1.0469925,0.9111655,0.0,0.091556996,0.7302738,0.054399114,0.61657315,1.3329631,2.992441,1.6002653,1.2987224,0.558253,0.043950263,0.10332282,0.09296675,0.012623959,1.5475614,0.17592262,0.46971795,0.6911073,0.59426785,0.049525023,0.8079932,1.235797,0.8628209,2.377218,0.4262449,0.2621021,0.5823766,0.6053091,1.2844932,0.27452555,0.240278,1.707309,0.26489234,0.21628208,0.011835577,3.0765462,0.11503691,0.5531417,0.62582767,0.52195793,1.3862371,3.8482883,0.004739929,0.37836117,0.044872187,0.9324067,0.020175895,0.1572563,0.5733449,0.19771531,0.55129755,0.31754425,0.24125889,2.0205488,1.551211,5.3914676,0.4364952,1.189866,0.79942155,0.6243843,1.7839175,0.10522693,0.00077958097,0.3795923,0.0,0.85366243,1.1107239,1.2476414,2.0653565,0.33522138,1.7832639,0.3045165,1.0719062,2.8677423,1.0701369,0.3720833,1.4524431,0.14624561,0.7448309,0.093512036,2.8808444,2.5459397,0.19638373,0.1769329,1.4075487,0.38523692,3.0570056,2.761596,0.8045807,0.037690286,1.4911695,0.3916663,0.19876449,1.264033,1.0292716,0.79339814,0.050052714,0.61244416,0.07912698,1.3130918,3.020651,0.8196566,0.99805504,0.31069538,0.7299638,1.0193903,1.2078418,0.061050024,0.2050654,0.3867525,0.015189867,2.0920463,0.48075765,0.022240141,0.3698297,1.6161966,0.32510465,0.15126447,1.9051094,0.11009652,0.6523998,1.8705173,2.6351972,2.439395,0.026015861,1.9154862,0.85683286,0.42160976,0.57763904,0.37567636,0.69362044,1.7006482,0.20940924,0.8838124,1.5329949,0.42440066,0.09334915,0.62829375,0.17980191,0.031446066,2.054081,0.1834184,0.1434576,0.43618265,0.08435053,0.43856803,1.4297584,1.5754595,1.0143799,1.2057896,0.37581387,1.0363787,1.3074352,0.4109897,1.4179292,0.20379661,0.15125763,0.8500255,1.0598152,0.9249357,0.9119358,0.55812055,0.03145579,0.89508337,0.0,0.112727806,1.4885546,0.29479313,0.31511733,0.20909001,0.84748316,2.6080744,0.8661286,0.49136448,1.6768351,0.17369327,3.2755444,0.12228696,0.94270945,1.0271968,0.5162589,1.8417364,0.6631435,0.018701516,4.3182864,4.353782,0.54800785,1.3968524,0.0,1.5889734,2.2653973,0.2630539,1.4136996,0.24585965,0.8477938,0.69006175,0.13938028,2.0005872,1.0271387,0.0,1.2197309,1.0703671,0.79041475,0.48329207,0.30885544,0.22612359,1.6059806,0.23013008,1.0524458,0.5672032,0.7179335,0.54556704,1.2325538,0.15738675,2.2390964,1.098882,0.39882115,0.80829495,0.89811033,0.054892175,0.15335351,1.2073752,0.087146856,0.17514636,0.125334,0.4398056,0.15163267,0.9762118,0.5709559,0.22539371,0.8433737,1.3684384,0.34536657,1.3377246,1.2697171,1.0939785,0.42732704,0.19181056,1.5226992,0.0,0.49705353,0.7983421,0.76362383,0.9350197,1.6146642,0.9768349,0.15576093,0.5527724,0.6922883,0.14692776,1.3608192,0.6887719,0.27056104,0.99121994,0.6970987,0.20820007,1.6588559,0.7584886,3.0771027,0.041353498,0.6930716,2.6905012,2.3794591,0.19594747,0.70182264,0.40389544,0.074911326,0.76930606,0.88636327,0.06968879,1.1328051,0.40937665,1.418694,2.1387906,0.7595286,0.70927685,0.591244,0.5394995,1.064259,0.104312204,0.36539704,0.8313178,1.2377148,0.04142936,1.2370574,1.9866043,0.3290451,0.38225523,0.211813,0.10187079,1.8476192,1.5410676,0.1272888,0.527812,0.44952118,0.07903552,1.5317935,0.044564605,1.6687711,0.0038929742,0.17886473,0.65467304,1.3194277,1.0188721,0.61686707,0.6692843,0.98704314,1.2469159,1.89548,0.3334545,0.27248558,0.17175885,1.7514801,0.052270316,0.09808254,0.275473,0.40691337,0.0,0.295252,0.61270636,0.0,1.1443068,2.4389708,0.8751996,0.80684507,0.9783389,1.0008986,0.6283767,0.042392936,0.87297416,0.0,2.1820953,1.5574244,0.13530548,0.6954235,0.17820095,2.3937504,0.39124164,0.0,0.0,2.3970485,2.0580757,0.1430243,0.45714927,0.008810647,0.41225287,0.81369555,0.018563958,1.8639612,1.2733237,0.9317116,0.34634277,0.98438084,0.6582925,0.58817756,0.8184036,0.0,0.10787744,0.02279251,0.797424,0.66441035,0.07451287,0.43578175,0.9147619,0.234532,0.20599608,0.0022662943,0.040889442,0.5524279,0.7848834,0.068234794,0.2108648,0.39044794,2.618608,0.22978903,1.3667574,1.1813015,2.1155531,0.1439091,0.23506725,1.3808584,0.63671654,0.01900384,0.0078664925,all_pothole_images\pothole_images_new_image_582.jpg
1.6714605,0.5012032,0.2151638,2.1948824,0.11332774,0.04271071,0.07190755,0.40580335,1.0409328,0.23866528,1.5683639,0.77987546,0.60957384,0.8857156,0.78597265,1.032894,0.0024734838,0.27719423,0.61943,0.0028111362,0.97313577,0.1692936,0.14412597,0.18170038,0.75578135,0.20929813,0.44100663,2.355211,0.6726627,0.08524723,0.7833087,0.4160323,0.70400923,1.7703695,0.3807718,0.7838236,0.16169888,0.901913,1.4313613,1.2057762,0.6103808,0.5127242,0.9434179,1.2537514,0.15428859,0.8519061,0.4752058,0.12967607,0.050984725,1.3871887,0.5904805,0.29304573,0.4123096,0.0,0.10010999,0.9044393,1.6811495,0.2872863,0.12985466,0.09140941,0.8115494,0.0,0.68001485,0.6333112,1.2106079,1.223465,0.077299885,0.0060727526,0.2571462,0.2292927,0.47269568,0.050435834,0.91947836,0.98704123,1.2219903,0.005842829,0.5366954,0.8871573,0.032455716,0.36123177,0.8966728,0.7012479,9.021075e-06,0.3800143,0.21772976,0.74616593,0.07928865,0.05035471,1.7227199,0.081075266,0.62931365,0.00615562,0.65535,0.32725766,0.0,0.016180443,2.4055502,0.5899691,0.59001136,0.8253169,0.08140238,2.1446686,0.008979387,0.07660294,1.4112642,0.15940629,0.9251175,1.1192058,0.6263189,0.3268142,0.0,0.76036614,1.121983,0.11753726,0.28764552,0.5814003,1.9843187,0.17005523,1.439912,0.6550852,2.1162302,0.013287228,0.13115008,0.51105833,0.44535947,0.8616446,1.4985479,1.1446372,0.888841,0.19426842,0.039994173,0.007051554,0.0,0.41492134,0.6132729,1.5823259,1.2406815,2.2042005,0.37459487,0.05668367,0.8081976,0.025871666,0.15339917,1.250802,1.4258744,1.7627772,0.41946834,0.59550667,0.226098,0.33549803,0.9248179,0.3184758,0.005247393,0.49688664,0.34030068,0.21409641,0.77478385,0.0,1.1893252,1.59141,2.1867273,1.6845037,0.018534336,2.9395802,0.7636923,0.19576575,0.033360828,0.08847183,0.6191658,2.832481,0.5222123,0.6307149,0.5452818,0.0,0.10955579,0.40596086,1.3652974,0.0,0.5303077,0.5446096,0.21967082,1.5352546,2.1149366,0.9347014,2.772035,0.7014567,0.27623162,2.3441343,0.7373788,0.55611,0.028431704,0.18076287,0.49661222,2.459609,1.2063919,0.12502377,0.787072,0.32886925,0.49367222,0.47971678,0.2649804,0.8439064,1.5985985,0.94043577,1.1647952,0.16486306,0.7426324,1.6502706,0.5372144,0.09801605,0.0,0.0098675545,0.5944934,0.09249166,2.0025182,2.1699529,0.07848971,0.09297733,1.0364262,0.12651579,1.3971089,0.60659695,0.5263439,0.6516601,0.054177064,2.216561,0.70251006,1.6691157,0.9826353,1.9058626,0.25852767,1.3454887,0.1283752,0.61194634,0.66251945,0.18978392,3.94192,0.036524005,0.48084328,0.5644462,0.14229277,0.16933951,0.7468081,0.5732808,0.61086565,0.0,0.968409,0.3626535,0.40885383,2.661373,0.53741217,0.64313835,0.1382594,1.3603935,0.14089957,0.017560486,0.6619685,0.14160481,0.25985485,2.1384518,0.109752536,0.13402575,0.6289894,0.84637964,0.59830475,0.58716786,0.51970625,0.8690025,0.4333835,0.27650762,0.25366217,0.46909556,0.3108273,0.21746588,1.2696779,1.0592343,1.6710045,1.6398677,0.008190993,0.803991,0.18175843,0.53367627,0.6446475,0.51632375,0.35119718,0.9148349,1.050495,0.43622774,0.9579853,0.30093855,0.6787628,0.44257486,0.3110606,0.2871671,0.570049,0.038126975,0.27033123,0.7139766,0.30492407,1.070904,0.59596986,0.605205,0.7292661,0.13134722,3.961199,0.18952067,0.19866411,0.07633386,0.008782891,1.4199096,0.18595041,2.1675801,2.3467083,2.0536084,0.7584451,2.1726336,0.0038926771,0.7304976,2.037999,0.45159876,0.436255,0.68284386,0.98030293,0.02440707,0.79318213,0.66145045,0.27622685,0.0,0.19820982,0.19302164,3.6684098,0.99985313,0.36939207,0.21692766,0.11630566,0.31450918,1.7731565,1.2217646,1.9891754,1.7099946,0.29850134,0.21270473,1.8222758,0.7951841,0.30870163,0.6240627,0.26436514,0.5446553,0.6128116,0.05140958,0.71495193,0.4452632,0.039629426,0.2912899,0.51982915,0.24506608,0.11298763,0.7770725,0.02908127,1.3227754,0.05990784,2.1035023,2.5459092,1.860541,0.07214448,0.0,2.370086,0.5218766,0.03941778,0.39561906,2.7760398,1.5212259,0.17805232,0.085796624,0.3522969,0.08499671,0.007438265,0.4485646,0.3152366,0.5379594,0.796999,0.21383527,0.04201138,3.0456192,2.1331809,2.267914,0.99610424,0.019747233,0.007172386,0.9452226,2.7260666,0.9375454,0.1453254,0.0,0.58306783,0.009976137,0.82917666,0.24596012,1.4249681,0.022096543,4.08519,1.3282228,1.0415446,0.027084177,0.37633592,0.37698045,0.8686629,0.32295448,0.3035303,0.0046002865,1.8072581,1.3931111,0.18043755,0.73024255,0.13188732,0.61158943,0.97842777,0.8488931,0.88794553,0.19300428,2.285116,0.9312165,0.89053375,0.4297403,1.8525792,0.015952598,0.5836178,0.46256566,0.96959394,0.73538107,0.32061097,0.9053452,0.94822085,2.1186087,0.27425414,3.0722916,0.5803362,1.268547,0.13449942,1.7835864,1.3128297,1.7395091,1.1274183,0.19584675,0.013914757,0.0,0.99734807,1.4644488,0.07363202,0.7473222,2.163812,0.14983344,0.0009324583,1.3285367,0.12767489,0.3517441,0.020024069,0.11484757,1.0357254,0.60236377,0.7282228,0.49835184,1.994661,0.06137887,1.0501566,0.17599392,0.62186277,0.003053452,0.93177223,1.8808173,1.3147916,0.26463455,0.4238536,0.29461727,1.0735766,0.27891508,1.6418866,0.88118273,0.4114561,0.14943215,0.059040025,3.9572952,1.1183318,0.01716283,0.036303904,0.050616693,0.26622847,0.01727092,0.27845934,0.14944701,0.7289829,0.2841361,0.0011212607,0.24958296,0.22086427,0.04985633,0.12920187,0.0128031885,0.24114151,0.2878104,0.27029312,3.9929972,0.9073334,0.48370478,1.3958002,0.9755728,0.04982733,0.45331898,0.016787892,1.0749404,1.0147961,0.46017057,all_pothole_images\pothole_images_new_image_583.jpg
0.92549086,1.9363296,0.19550171,1.8556346,1.0843412,0.115848385,0.94951254,2.6674087,0.56623775,1.5798377,0.5922725,1.6372727,0.38085952,1.6124735,0.08643047,0.034738667,0.34000015,1.6997381,0.34436586,0.58339053,0.16356476,0.20329288,0.009943807,0.60695654,0.015727587,1.884445,0.96394664,2.1234472,0.31705442,0.03965912,0.5872561,0.43081385,1.5788748,0.0016682788,0.96847117,2.0647514,0.27744526,0.739172,0.014170352,1.637465,0.25476202,0.38082585,1.3638732,3.5816805,0.406549,0.9722865,0.46980888,0.0,1.5798848,0.6739287,0.91839665,0.018120475,0.09100381,0.006012088,0.084087916,2.5734248,2.091784,0.61705863,2.3168359,0.028419329,0.39763513,0.16322048,0.16656317,0.9440588,1.0794804,1.8831625,0.98585206,0.56205136,0.05330254,0.6874827,0.25280693,0.8590992,0.12110399,0.35978463,0.24032247,0.00046397015,0.44573715,1.7275916,0.048886936,0.6835309,0.78855103,0.31439757,0.54465294,0.7623683,0.567172,0.03771542,0.1689703,0.0,1.4059137,0.0,0.35456216,0.6615303,0.4260182,0.652124,0.24336335,0.1886081,0.13874485,1.1612498,1.2124562,1.4832394,0.31964773,2.7634954,1.2930285,1.6742687,0.94896525,0.34786955,0.65991753,0.705582,0.37413627,0.06195844,0.020557001,0.3426106,0.13440351,0.08745816,1.4263697,0.4427708,0.44748026,0.20631778,1.7866364,1.3155727,0.40950894,0.008104771,0.071395256,2.1809423,1.2946354,0.22547032,2.4986591,0.9013063,3.3572533,0.011943194,0.22508217,0.6127907,0.1993735,0.109425426,0.31135762,0.3143699,0.55642384,0.33345768,1.003632,0.86449915,1.0716593,0.15997532,0.9597719,0.88359004,0.34033024,1.7480531,0.04029965,0.12775744,0.30801186,0.42453855,1.1278027,0.22164041,0.0,0.03841283,1.0610193,0.3980596,1.5290707,0.030641677,0.597062,0.22331278,1.1918197,2.554168,0.16267557,1.5689819,0.67079955,0.11431301,2.2009974,0.37276623,0.44917718,1.1581823,0.44287875,0.1641964,0.3987998,0.5758187,1.0879447,0.8112892,0.13800734,0.12514085,0.13973601,0.009333765,0.09493695,0.8722394,1.4783487,0.6201581,0.07104699,0.97474235,0.23997389,0.72757846,0.52707785,0.65537804,0.8916948,0.166877,0.1350637,2.2129436,0.94471896,0.35049203,1.7751908,0.074908316,0.4727888,0.011016734,0.67739487,0.71446264,0.45429006,0.25105375,0.25183252,0.2833266,1.3670062,1.1255022,0.8591198,0.75463915,0.0,0.16337712,0.8000437,0.11362387,2.1680171,1.8707942,0.80485827,0.6907179,0.16266055,0.6013833,2.0275493,1.2203152,0.5483842,0.0109780785,0.0,0.09636104,0.68413067,0.712305,0.11136866,1.5513682,0.31995595,0.2060776,0.7755181,0.1536213,0.80364114,0.12772132,3.4021063,1.5210965,0.015319868,0.34640425,0.1617313,0.23275235,0.30235437,0.8745425,0.40697837,0.16241837,0.84828466,0.18713073,2.730053,4.4627194,2.700239,0.17856048,0.21076757,0.83107907,0.29258996,1.7217493,0.21170428,0.06537321,0.97258735,3.0011303,0.8460726,0.027792273,0.76622164,0.21920745,0.65921897,0.0056245537,0.61276215,1.5684743,1.5714347,0.26940215,0.17121856,0.022959655,0.1858598,0.0,1.1630216,0.04681475,0.0044882996,0.16289121,1.5963442,0.4320369,3.2131615,0.28376114,0.21521743,0.95969033,0.12286883,0.43278593,0.46453848,0.46262935,3.1062155,0.35085118,0.35877666,1.0131993,0.19571336,1.3679439,0.076082684,0.2046682,0.13034832,1.42447,0.14023526,2.7526941,0.5688858,0.9005774,1.4716629,0.4683884,4.9702916,0.5962843,0.062241845,0.014252418,0.21564536,0.81092924,1.0246233,1.4278855,1.0180905,0.28173783,1.3648473,1.9281594,0.017293783,1.3838158,3.5924737,0.4437058,0.072340675,0.46121457,0.13622138,0.13737802,0.28897542,0.6582617,0.79723614,0.1726196,1.9283428,0.8869999,0.9092813,0.07245329,0.1916159,0.77324533,0.06328932,0.16599451,2.1700058,1.7241671,0.3938324,1.2420062,0.6376317,0.26287022,0.47942868,1.6557442,0.6521843,0.046481792,0.23450823,0.5008227,0.65169,0.22780123,1.4099289,0.036388353,1.2332616,0.30284664,0.53799677,0.012135411,0.79200345,0.64078456,0.0077059534,0.40656054,0.87300855,0.9885707,0.673964,0.0045163734,0.010794319,0.04301067,1.9924617,0.32526925,0.8989426,1.6368368,0.4794325,0.12053377,0.21216786,0.0743943,0.086734176,0.075516015,0.5128097,0.016844185,0.072859615,3.6045232,1.0852157,1.1095185,0.71095043,0.035243306,0.42658588,0.23750086,0.7637269,0.0011788614,0.0,0.2498795,1.8477442,0.075422324,0.23250131,0.073833324,0.18576998,0.057277843,3.3132966,0.010532953,0.063414454,0.28773218,0.4905304,0.30266193,0.31001154,1.1385086,0.13674247,0.5556346,0.76463497,1.2106582,0.41197133,0.1134821,0.7945667,0.8599298,0.09127377,2.221087,0.56361294,0.66127384,0.8109424,0.52128375,2.3426514,0.00079274824,2.6734257,0.6146071,0.22077662,2.9486988,2.0081658,0.20085688,1.6869843,0.58399355,0.25660992,0.38679212,0.16948165,0.47643286,0.005682855,0.5015985,0.39266637,0.5981248,0.02548628,0.5463762,0.02798949,0.60585696,0.29564804,0.3818993,0.15692033,0.008306112,0.3499213,0.047982868,0.87173647,0.36613414,1.4735135,1.0110167,3.0893526,0.38229546,0.005210323,0.22693828,0.63370717,0.62442183,0.36916173,0.26807803,0.20941533,0.17087893,1.1541582,0.79015684,1.1734675,0.35900742,0.18440828,0.013229644,0.09709425,0.33618233,0.40119597,0.8228267,0.3444859,1.9357342,0.35151204,0.42282668,0.28739637,0.005212918,0.12713867,1.5675223,0.7898494,0.018809091,1.4503459,0.7178307,0.42332375,0.37487367,0.0018489748,0.0014509892,1.6713145,0.18871167,0.47180775,0.022911899,1.1008849,1.1475822,1.4580815,0.64916,0.120603725,0.0506409,0.123892725,1.3162025,0.064287335,0.90441614,1.364238,3.3056123,0.065776624,0.05702722,1.1135552,1.7058504,0.94785196,0.0007622019,0.15312782,0.4706757,0.08762907,0.11959785,all_pothole_images\pothole_images_new_image_584.jpg
0.06719731,0.103968054,1.58448,2.1152139,0.41518125,0.19999811,1.1732357,0.18920386,0.87067753,0.52133733,0.10030321,1.2262931,0.51924896,0.45226848,0.042257324,0.085933894,1.1232265,0.010350565,0.59555167,0.21609202,0.8524498,0.67401946,0.7600114,1.0845066,0.6032286,0.021793121,0.3947791,1.1505648,0.020045863,0.6670591,2.1621737,0.44075704,0.08461596,1.5662533,0.7894442,0.19319715,0.20704362,1.7316993,0.56381834,1.1814692,0.29034683,2.347563,1.0258666,0.01950087,0.5945036,0.20082827,1.0200337,0.8242459,1.4745673,1.1896349,0.4666811,0.55438393,0.3951294,0.31105408,1.1322421,0.18850428,0.38042647,1.0749449,0.48714235,0.4187229,0.32496452,1.5319659,0.16472507,0.87720925,2.4831307,0.0170071,2.517122,0.36334497,1.0623113,0.16179432,0.99525374,0.063918434,0.21861535,0.036774863,1.0518465,0.48019862,0.81884646,1.2180306,0.8949108,0.005810809,0.010351846,1.2328658,0.36228028,1.1343032,0.06346284,2.6462657,0.6315377,0.07413932,0.8025519,1.1036043,0.77463275,3.7523768,0.5589283,2.3518755,2.4308288,0.120350465,1.4357241,0.9602941,0.7196809,0.031946573,0.6102441,0.028168157,0.007254809,0.6312922,1.3596298,0.13790047,0.013278584,0.035419002,0.19149391,0.04158257,0.261884,1.8261874,1.8757126,0.52118385,0.13878293,0.04704466,1.7538825,0.7964639,0.45935008,0.79972035,3.9088955,1.898804,1.1191752,2.5761383,1.1761072,2.2029803,0.2230049,0.66762954,0.80980176,0.8609886,1.6901636,0.0,0.033297855,2.0164554,3.9894638,0.9301066,1.3045745,0.3437981,0.098148756,0.07261063,1.6274881,3.9040318,3.0377536,2.371589,0.25518638,0.20860258,0.005869204,0.8826376,0.053261373,0.13389951,1.0312225,0.017406436,0.2019605,0.8035899,0.43023363,0.11581696,0.40961182,1.3605337,0.5266757,0.30010876,0.41559634,2.15599,0.5191087,0.038297623,0.6389446,1.4390672,0.7248225,0.03396565,1.2594208,2.1751804,0.32252645,0.0,0.05027961,0.16868766,1.0560727,0.8653071,0.1549541,0.0011206887,0.40315112,0.36772844,0.11734287,0.16470332,0.5069747,4.2167153,0.39558488,3.162998,0.32181692,0.007933321,0.3251115,2.3800466,0.32190374,2.5173006,0.9308671,0.07218577,1.0959693,1.0972043,1.7308848,3.3730214,0.813369,2.4417481,1.9493469,0.0,1.1412075,0.23687837,2.2278395,0.10074714,0.04761419,0.4346371,6.3771696,0.68295133,0.94823843,0.11807095,0.70758235,0.44150665,0.8523131,0.10287473,1.1255958,0.14621544,1.1663388,0.25582218,0.6872754,1.9012834,0.64415264,1.4112666,0.24626558,0.096036695,0.113145486,0.030862885,1.5050508,0.25409064,0.38478503,0.09006311,1.2509073,2.4343162,0.4214241,1.6611172,0.058154028,1.7311316,0.20079383,2.4370027,1.3556569,0.5990361,0.35840714,1.128089,0.44945616,0.45699745,0.7978978,0.12898222,0.0049656765,4.1524878,0.9745209,1.4647844,0.25563335,1.2533302,0.5552528,0.055671368,0.0048368056,0.023795305,0.03786571,1.4354489,0.18741268,2.081493,0.6192335,0.031890124,0.30700928,0.30524457,0.004637021,0.0021950947,2.2013533,1.3217582,0.96127987,0.4323939,0.29368156,0.30305257,0.007699667,1.391311,0.250294,0.9675237,0.5182567,0.4285951,0.15029861,0.34036934,1.4315195,0.31517485,2.207003,1.4167712,1.1217703,1.1238275,1.6454672,0.3440651,0.09404317,1.5887971,0.2348931,0.5815641,2.0854602,0.22238988,0.3625338,1.9151267,1.5143607,3.5943527,0.8260846,2.2457778,0.033732135,0.26734975,0.5941191,0.021068966,1.431118,0.05240357,0.284084,0.0939528,0.6361093,0.47294837,3.926283,1.8561143,0.10398312,0.5202308,0.13641985,0.3083624,0.7824053,1.0760325,2.4731731,0.13206217,1.1650863,2.3252368,0.069229744,1.1508341,0.31905726,0.47713205,0.7241474,0.0,1.2022345,0.4493668,0.02346628,0.3305364,1.2991787,1.1781956,1.5340298,0.020616788,1.4075086,0.1386937,1.2980909,1.0242727,5.4337068,2.8534195,1.5780611,1.5037837,0.12604804,0.71018755,1.010427,3.0343897,0.002606529,0.8349944,0.0,1.0692632,0.52904654,0.52864873,0.026900534,0.27670497,1.0066291,1.6635876,1.4007939,1.1622409,0.72033435,1.6574262,1.3176444,0.40872043,1.4369743,1.1905446,0.31760994,1.6257439,0.66208196,1.062857,0.6168985,0.06118614,2.577636,0.6045476,0.33106548,0.46859297,0.04750704,2.0954244,0.63565534,0.0928764,3.0541098,1.3277758,1.3634416,0.19637191,0.33426246,1.8487123,0.21024793,1.988904,0.62055975,3.4241743,0.64948726,1.8976761,0.22137563,2.7730148,1.1250621,3.4254642,0.5362682,0.8207126,0.8618302,0.074192755,0.5165401,0.01830361,0.8527092,0.5425101,0.57737905,0.014443151,1.6238871,0.4768411,0.0023309875,0.124420166,3.5665843,2.3825228,2.3169885,0.0919922,2.2603493,0.17881726,0.64040536,2.6915395,0.02898334,0.1964704,0.88920456,0.40826342,0.22019154,0.0,1.8626268,0.09590431,0.02658379,0.71694636,0.63964766,1.3758134,0.5532532,1.2527752,0.15351683,0.14044078,0.6664841,1.1423434,1.0508556,0.14682232,0.80466586,0.0034222796,0.14901984,0.10643047,0.41032332,0.22653891,0.8904382,0.12019393,2.4476523,1.8881131,3.2828543,1.2537631,0.41776302,0.55896145,0.96005535,0.2620558,0.032515213,0.012545447,0.9731126,0.61858535,0.0020102432,0.3193387,0.2428447,0.10949553,1.992976,1.1023461,0.9241392,1.747288,0.730262,0.8085216,0.124576524,0.14444481,0.06122819,0.86149037,1.783388,0.57855886,0.12772109,0.46616432,1.7337012,0.0,1.4712425,0.33593476,1.4286524,0.3878957,0.97858334,1.2840858,0.25329024,0.0,0.6963438,0.056872323,1.3352058,3.1820753,0.9706986,0.005773733,0.38159084,0.0,0.96755576,0.7226377,0.09438993,1.2686448,0.4216989,1.312109,3.7643049,0.009443574,0.041223653,1.3632203,0.4520617,0.044446398,1.5769,0.4638062,0.15770374,0.19234854,all_pothole_images\pothole_images_new_image_585.jpg
0.5539046,1.2757753,1.8024094,0.15933287,0.087099664,0.13094336,0.53452235,1.9420686,1.660932,1.5546234,0.960902,0.8435342,1.1289699,0.492333,1.0539356,1.0083793,1.5201036,0.3951567,1.0425239,0.6157263,0.76725286,0.35973194,1.6624616,1.2317501,2.370011,0.0013038799,0.35033974,0.0,0.8877071,3.02941,1.9356048,0.7333903,0.580235,0.57773805,2.0678303,0.99946034,4.0904517,1.3229446,0.92448896,1.5072678,0.80803335,1.1447419,0.5113325,0.40570265,0.17591494,3.40256,2.7633815,4.615661,0.14695983,0.5209196,0.32545495,0.76781946,1.5916327,0.047204867,0.45722634,0.1316051,1.1953052,2.0230808,0.55265534,2.0427952,0.7897212,0.4841147,0.78350204,1.572956,0.017379344,0.5358341,0.21821596,0.39883217,1.5231522,1.8604515,1.7901022,0.4014574,0.9299535,2.0556538,0.10246736,0.066129416,0.8070476,0.31492883,0.98813057,1.1577512,2.0525577,2.251808,0.26510325,1.392722,0.6199055,0.9876883,0.15578552,0.82068974,0.10655111,1.1931508,0.7134033,1.2249753,0.7439418,0.6955333,0.95153356,1.9462245,3.3459628,0.22028662,0.23240066,0.64701,0.9801239,1.5133169,0.9809517,2.4474397,1.0055506,0.18717512,0.15424794,0.5241813,0.9675639,2.4639065,2.5455966,0.045754988,2.990628,1.8518765,4.1555862,1.5972371,1.526172,0.46595103,0.25371486,0.049942214,0.1237409,0.2932934,1.2744757,0.7672162,0.076311216,1.1993024,0.2898974,0.13308047,1.6831416,1.512367,0.6739981,0.036395017,0.4302895,0.055576816,0.6279105,1.1067227,0.047401607,1.2658299,1.0386093,0.67461866,1.1676898,0.35769626,0.07758689,0.79263127,0.20645781,1.0215962,0.7507101,1.4200004,0.3941073,0.31868362,0.57834864,0.62378293,0.8858321,0.573475,0.14804503,4.098067,0.32417375,0.0992667,0.29978314,1.2557404,0.41017696,0.4305078,0.6027116,0.26547125,0.30604312,0.53894055,0.004754894,0.37250423,0.7373352,0.5823607,2.3730037,3.4288752,0.04795494,1.9898343,0.09288416,0.9662858,4.3377824,2.328336,1.3688996,0.31196907,0.97133964,0.08112374,0.75692517,1.8334521,2.8248403,0.41337234,1.9649261,0.54192597,0.35515797,1.6976448,1.7049514,0.8704326,2.71768,0.79445976,2.551897,3.3239737,0.13728435,0.15767933,0.75416005,2.9856489,0.9415822,0.08014903,0.9914099,1.648842,0.024189577,1.1743252,2.0940597,1.2436553,0.080985785,0.8335807,1.0760696,1.4356017,0.24414854,0.29519498,0.9273896,0.06075512,1.3655993,0.43158773,0.31446475,0.34176946,2.3326178,0.9399959,0.9868525,0.13943036,2.2564056,1.7364345,1.6943974,5.911104,0.36371866,1.5831732,0.124278225,0.75695294,1.8037163,1.7743095,0.2216423,0.94676113,0.32983723,0.6514781,2.4464746,0.33518156,1.7375754,0.14786236,1.481033,0.77402467,1.477479,0.7229487,0.116327606,0.6680102,0.94914156,0.0,0.6087951,0.70587367,0.39753658,0.17903559,0.73306084,1.2177389,0.22451533,1.0591598,1.5373167,1.053141,2.1261306,0.79401016,0.95763475,1.2393023,0.79600304,0.9320446,2.3152783,1.6241426,0.8395692,1.6291807,0.70125157,0.68615735,2.0277889,0.88129556,0.997936,0.36446524,0.5903491,2.3646097,1.3709702,1.6369631,0.89775085,0.852136,3.3412416,0.7340559,0.58902186,0.3454936,0.27909565,0.9146543,1.2645202,0.5067876,2.498186,0.21885017,1.1314046,0.4259551,0.22435912,0.9441679,0.3405972,0.57743114,1.3279469,1.0739546,0.027192347,0.25264803,0.11224559,1.353793,0.72333074,0.7830585,1.7636566,0.8355877,0.19124705,0.4031966,0.24112098,2.207084,0.008096718,0.35222003,0.81926715,2.6902385,1.1737869,0.98319995,1.1785196,1.1993663,1.6567581,1.132225,3.2480094,1.0221773,0.80993676,0.04110023,2.0084894,1.0336021,0.33444372,0.94961023,0.13720743,2.2543335,0.3943266,0.045950267,0.214894,0.42013696,0.62971455,0.50769955,2.479174,0.26124263,0.6796511,1.5260748,0.2786086,2.082118,0.12465849,0.18988043,0.8451683,0.053113736,0.8211108,0.7861473,0.17639491,0.03834241,0.35773623,0.44998488,0.91912,0.4024459,0.85009384,2.6887057,1.4400204,0.19375817,0.4852467,2.1338427,2.5059977,2.6218483,0.8067985,0.47945347,0.102868594,1.362957,0.6384037,0.7256501,0.9403448,0.34115937,0.2316543,3.0861292,0.0070669972,0.94485027,1.0087676,2.5452158,4.733233,1.3313372,3.6031933,0.5708074,1.8537338,0.5867563,2.0870092,0.76841927,0.6110002,1.864254,1.3534055,0.62431675,0.022260994,1.1643504,0.2667869,0.034407184,2.2603316,1.1057563,2.2635818,0.07726843,0.8064751,1.4561015,0.28468627,1.3719629,1.0909691,2.4582655,0.7770149,1.1852335,0.41487813,1.0946667,0.38918638,0.28558868,2.7228823,0.28963968,0.80572075,0.36966336,1.5102708,3.0733433,0.40201786,3.0180779,1.5058659,0.46113792,0.6147275,1.7801547,0.3949157,1.216581,0.19544788,2.5317602,0.016114363,1.496885,0.96326673,2.178929,1.7270855,0.16174917,0.31115404,0.60044813,0.5619286,0.34280333,0.32377234,0.6147265,0.29781243,4.6929917,1.2639788,1.5803537,1.1140051,1.3264668,1.4468995,1.1397883,1.4745798,0.47855517,2.9940484,0.30769393,1.2080312,0.63962746,1.5811412,0.090322524,1.1653862,0.0016965178,0.7248549,0.16233793,1.0356624,0.0026074587,0.9988717,0.38885716,1.7577103,1.0023082,0.42060488,0.24910522,1.4282168,1.094279,1.012815,0.89931744,0.47999096,1.2395536,0.8149432,1.3647797,0.42086542,1.4578248,2.8037043,0.5539882,0.57470673,2.917457,1.6134412,1.6547786,1.4813917,3.3105006,1.5958068,0.46230915,0.6331474,0.94210595,0.9599829,1.3441234,0.6473366,0.057126798,0.8869601,0.94906265,2.2406251,3.6031637,0.26906735,0.20211297,4.0637536,1.1906925,1.8819032,0.25564864,0.47802615,1.0402356,0.81209815,0.6097245,3.2323053,0.35263708,1.0288869,0.41237092,0.8158282,0.45839044,all_pothole_images\pothole_images_new_image_586.jpg
1.1280233,1.5648495,0.89992857,0.7050696,1.0309278,0.44026402,2.1578937,0.24279578,1.9203901,1.0754396,0.055374514,0.8249479,1.2002919,0.64675635,0.07780224,1.0601239,4.5344286,2.1218033,0.7350068,0.7874385,0.6993656,1.5241363,0.19032471,1.2878227,0.48819083,1.0048777,3.2522304,3.520757,1.5763639,0.81251395,0.35592028,0.77117485,0.18549019,0.634302,1.1662477,0.131897,0.1471384,0.8671451,0.5590338,2.429059,0.2646584,0.28009224,0.2872038,0.0152503215,0.07574466,1.1602051,1.6942515,0.3825728,1.499322,0.005803794,0.15517253,0.87316716,0.19980726,0.30877635,0.63656473,1.3603785,2.8478274,1.6024404,2.9433331,0.840305,0.5841461,0.6105154,0.4011952,1.0552816,0.03689609,3.657996,3.6873286,1.0337527,1.2196295,1.1096145,0.0005327138,2.652347,1.5095688,0.14923409,2.2059371,1.5265492,0.9187475,2.1298938,0.49761233,1.5729477,0.7166196,0.22121456,1.4082913,0.41418687,2.6060975,0.7572362,1.7681173,2.3870983,0.63225144,2.2517881,0.44256082,0.667881,1.8915396,0.9807473,2.0234516,1.1715785,0.17392771,1.4735161,1.8356624,0.7401178,0.388228,0.061185844,0.44418442,0.25295413,1.0587876,1.2755277,0.4353644,0.4762752,0.38449484,0.66267407,0.20476075,2.5651488,1.4937015,0.23097366,0.017481953,0.18470633,0.27743098,0.43369654,0.2472539,0.606617,0.2400957,1.7584103,0.48063692,1.1375892,0.89448655,0.085019745,0.112301156,1.3165867,1.1963881,0.3202465,0.87063915,1.1339918,1.3401383,0.36483195,1.2909425,1.7415168,0.60785115,2.0753124,0.404909,0.7793635,0.74022365,2.0455866,0.61744,0.25990486,1.0416079,1.1361753,1.843143,0.71771693,2.32262,1.3996831,0.9086119,0.88437045,0.004880659,0.58107346,0.5694266,0.0,0.39789253,0.7524156,0.1928476,0.20790459,1.2637364,0.6113422,1.5059128,1.0632453,1.3222939,0.85471684,1.2526829,1.2511245,2.2838216,0.21264368,0.567482,0.95018494,0.4333725,0.15029544,1.8807266,0.012191833,1.108281,0.75588256,2.6715443,1.4942535,2.4602928,0.91997516,1.3630834,0.5344419,1.6690079,0.9069642,0.2012758,1.8360184,1.6007379,0.52703863,3.309724,1.9797106,0.22450677,3.4250085,0.8374139,0.4209856,0.9372898,2.0865002,0.63791806,3.8633487,0.6457263,0.50117135,0.24902973,1.693639,1.5489864,1.6859903,2.1813552,0.08791873,0.043243337,1.1828512,1.9205177,0.76004106,0.8081389,0.3783005,0.16156626,0.6928862,2.9707727,0.17785679,0.9835829,0.85015994,1.048606,0.09407365,1.2626121,2.1693523,1.5991375,0.41338465,1.7029593,0.9336263,0.6929535,2.342281,1.4642558,0.09141012,0.5909271,0.31687194,0.46007416,1.4707881,0.93902636,0.07111073,1.3324696,0.24330765,0.19301327,2.4151077,2.3541176,0.2551852,0.18628885,1.2253071,0.08403295,0.29332095,1.469581,0.6542558,0.030342534,0.93981606,3.1416924,0.47595316,0.6245998,0.024833199,1.8245707,1.3779603,3.211656,0.19837427,1.265386,1.0960195,2.5593345,0.00932331,0.124609,0.5369877,0.8126792,1.9881105,0.46353334,2.0012128,1.3281394,1.3692476,0.2734831,1.5038418,2.1005838,0.2872945,1.2966595,1.4259099,1.9854789,0.74283123,0.63516647,0.065116316,0.3440981,0.5235891,2.3824387,1.0090965,0.043054737,0.41961366,0.66934013,0.24140435,1.6591616,0.25126144,1.73746,1.4953504,1.0382855,0.76683056,2.4767125,0.5611065,0.9625437,1.8705935,0.13529217,0.35596558,0.05743893,1.279665,1.1364726,0.25045952,0.7880647,0.8895762,2.2207532,0.40746602,1.8186383,0.41161337,0.95048577,0.19973744,0.23485556,0.08310579,0.95806843,1.1463436,1.0624628,1.2146026,0.5338722,0.8892266,0.51958656,1.5966662,2.1384149,2.6298025,0.10047894,0.8544691,1.6355989,0.5814593,1.5249414,0.15688497,0.9289613,0.4202545,1.4705795,1.2226377,0.6784035,0.2612386,0.040841974,2.0756555,1.4539312,2.0041611,2.3567343,0.49124745,2.0091846,0.17198819,0.63579637,1.6309241,1.3541234,0.3483176,0.092907436,1.6878014,1.2624178,1.4146043,0.45989588,1.1842738,2.0635984,0.32139498,1.3921198,0.39314055,0.013685435,0.2748097,0.8723053,0.91780454,0.121460095,1.6208608,0.8520489,0.27644134,0.69117844,0.013686399,0.6867496,1.2782791,0.9904859,0.10857761,3.4344878,0.5398259,0.7733633,2.5386086,0.48288947,2.0857909,0.06481265,1.2970263,1.6177125,0.700482,1.3477938,1.7390627,0.0,0.2572246,1.4054983,1.3311356,0.6618884,0.5352014,0.1754202,0.42912316,1.8720921,0.6476058,1.7425839,0.4011503,0.4050169,0.46416405,1.6444219,3.0151665,0.7095641,2.1511497,0.36355418,0.3791696,0.4005338,2.0420668,0.10757467,0.55093217,0.291938,0.83058155,2.048356,0.13093977,0.80886424,0.50972587,2.2607825,0.48580074,0.98250157,0.9506551,0.58118385,1.7267926,0.7516143,1.8978586,0.3268784,1.5317359,0.5570722,2.3975258,0.2202926,0.39040783,0.8266699,1.0487238,1.5018845,1.1413244,0.22712901,4.498769,0.6205964,0.2589794,1.6092362,0.89359516,0.55058354,0.36686522,0.39733568,0.87891275,0.058219887,0.48808405,0.034272324,0.1412166,1.6342835,1.6292874,0.007040498,0.43662417,0.31733268,0.9595467,1.3431962,0.6695969,1.0816981,1.694359,0.30059537,1.3325776,1.4040707,1.0691136,0.21633638,0.5150762,0.77342314,0.56387055,2.094127,0.99576163,1.5217104,1.671459,2.4141285,0.7140435,1.0492696,0.5020538,0.5430333,1.142224,0.2077701,1.0151016,0.690929,0.48583227,5.353412,2.2132857,0.23078941,0.56382525,0.12041792,1.7245171,1.3481121,0.80929375,0.6314887,0.05685802,0.74375415,1.0591353,0.90867954,0.009288264,1.393373,1.0305117,1.2372787,0.8800283,0.31053668,2.3342826,1.3177513,0.47976398,1.3281109,1.873551,0.81511843,0.93811214,0.029751677,2.889057,1.0984057,2.9255943,1.6382173,2.009179,all_pothole_images\pothole_images_new_image_587.jpg
0.18269001,1.98152,0.85374403,1.2988261,0.96231997,0.12697838,0.64899254,0.16921827,0.024825377,1.2400489,0.8355299,0.2655731,0.40913135,1.9026003,0.22574271,0.76100373,0.4000915,1.1721551,0.9718131,0.41922385,0.40925333,1.0442429,0.73673916,2.9255352,0.5642686,0.978729,1.5964259,1.3585622,0.7670093,0.337302,0.7859265,0.8166655,1.1777374,0.19463037,1.2834897,0.71178293,0.5802205,1.0574282,0.31602,0.36093065,0.34313238,0.17969286,0.56427974,0.55935365,0.59259903,1.6051728,0.061463643,0.08495792,0.90435195,1.37571,0.8590345,0.18204607,1.6783898,0.55977166,0.16984068,0.28498113,2.0529702,0.15574522,0.3869568,0.19050258,0.20476523,0.9078271,1.0469736,0.22866473,1.0421543,0.5532443,0.3451228,0.18823402,0.15926342,0.5792847,0.40580705,0.14555727,0.2531188,0.105070725,0.81276554,0.25756207,0.18515626,1.1695777,0.16537985,0.4734173,0.028291095,0.17619325,0.42293003,0.6504978,0.96099246,0.38919148,0.35337904,0.04040772,3.1060872,0.17350991,0.11279393,1.8684546,0.5500062,0.29799715,0.23314281,0.14703794,0.7016037,1.0092447,0.48714516,1.3076448,0.20079574,2.0891054,0.05381481,0.27646607,0.41779444,0.8326003,0.012478746,0.5234062,0.029725075,0.5464513,0.30131096,0.96264446,0.087461025,0.8562421,0.70674384,0.8459702,1.309074,0.08575956,2.3286664,0.7170761,1.0999757,0.973002,0.58625823,1.0053306,0.24453494,0.31539714,0.85990804,1.5178446,0.13148212,2.1736286,0.7005788,0.1090195,0.5879029,0.84357125,0.0039705723,1.310557,0.46923423,0.43729064,1.0451878,0.17878813,1.0400538,0.72024846,1.264335,1.0029637,0.9775409,0.25209653,0.26757187,0.78714275,0.57061416,1.5368694,0.7467768,0.5618849,0.0015667023,0.682439,1.809446,0.2662455,0.8662664,0.39727706,0.99091417,0.62559927,2.285851,1.4741397,0.083194226,0.61367697,0.7693872,0.17592947,2.00561,0.48647556,1.4508187,0.78550315,0.4717217,0.12542549,0.5147855,0.049983326,0.3108826,0.25885034,1.7304039,0.15852745,0.58245367,0.4562981,0.6416314,0.71161723,1.8197435,0.57417244,1.537226,0.653044,1.1305803,0.09159659,0.33245113,1.4413515,0.22209755,1.3715892,0.4775634,1.4457891,0.12623611,0.19729331,0.18655252,0.84321874,1.1279848,0.97639877,0.36949146,0.42970827,0.6523218,0.5426793,0.105519935,1.1464772,0.10613686,0.51756525,1.223244,1.3063669,0.4483873,0.8483101,1.8287765,1.5995998,0.71178925,1.6507492,1.7166059,0.061047796,0.8709952,0.4951724,1.3146116,0.24354903,0.5607502,0.5647733,0.12699327,0.28914997,0.83023643,0.69804776,0.6964483,0.8257071,1.5447247,0.6405394,0.5520014,0.6064136,0.15356092,0.1703397,0.7156579,0.6417704,0.10079375,0.28210464,0.4939255,0.04284382,0.33445042,0.34735507,0.051433902,0.13040242,1.1070209,0.5049566,0.78245246,1.9922544,1.8036644,0.0071642874,0.22710453,0.5340875,0.08576142,0.7746188,1.1620216,0.62744474,1.4748095,2.0675368,0.9118719,0.011044558,0.19778271,1.107339,0.53829426,1.1834573,0.08310258,1.0384829,0.5833914,1.6015183,0.4714028,0.07223777,0.041964687,0.7525796,0.0032186203,1.099249,0.6148747,0.55886644,1.824347,0.6466492,0.2166906,0.13588665,0.30267692,1.6380641,1.9181833,0.34641856,0.41882148,0.90673524,1.3367172,0.60899866,0.39339694,0.7091782,0.12387661,0.45589945,0.6881855,0.93671596,1.7140187,0.38864797,0.14164384,0.91079617,0.0047725984,0.059529256,0.17751586,0.7398501,2.076393,0.80605185,0.0017098851,1.0130048,0.5678119,0.25677204,0.78505605,1.6981506,3.7959569,0.5961424,0.35789835,0.09150493,0.18758824,0.079170585,1.2616329,0.4008559,0.26193786,0.78196716,0.111536324,0.67451614,1.1951813,1.6070737,0.49999726,0.24814707,1.0288444,1.6807009,1.9022951,0.25923938,0.4283951,0.2940052,0.19268014,0.12586765,1.33805,0.2897077,0.17968777,0.04281413,1.3511121,0.54217845,2.436987,0.13510787,0.7535146,0.28279305,0.4862418,0.081913635,1.5353266,0.6924689,0.06741701,0.54786384,0.32213366,0.3142554,0.30237412,0.19380762,0.75210345,0.6825785,0.30219114,0.26570806,1.0981171,1.1355778,0.47769412,1.2378011,0.28316244,0.47467983,1.1444881,0.82329047,0.4818533,1.1367998,1.2187314,1.1296537,0.7215548,0.4172172,0.7752693,1.2271554,0.22902896,0.3980599,0.095118985,1.4603639,0.10489555,0.19470161,1.0211263,1.354702,2.9699726,1.2530129,1.8225645,1.0240577,0.61604536,1.7531236,1.7409312,1.3268495,0.4054385,0.93039525,0.2899911,0.22119907,0.8104504,1.0144908,1.4290255,0.090205655,0.36394984,1.3458899,0.21092266,0.5876486,1.17318,0.122509256,0.43194762,0.59217036,0.7623216,0.16600208,0.090775624,0.39537063,0.8658119,0.55511636,0.2626581,0.20608,1.343074,2.122317,0.36774588,0.71572304,1.0345843,0.7759931,0.65483385,1.7111944,1.5541745,0.55332106,1.0380108,2.1834202,0.6492912,0.9903136,0.30448738,0.4795733,0.17574129,0.9464567,0.4919632,1.9454056,1.1728271,1.4812868,0.16983332,0.22501792,1.4169972,0.86700237,0.036981456,0.56169635,0.67020696,0.5383339,2.010235,0.6809082,1.8423061,0.1271087,1.2281303,1.4101318,1.0640459,0.42941797,0.8558997,0.89724714,1.7399002,1.3021536,0.914732,0.6630115,1.3537508,1.3725505,0.8222271,1.2477281,0.22629516,0.8741911,0.43551552,0.46057642,1.9318757,1.3523403,0.66278327,1.6015859,0.12079574,0.17202379,0.31901193,0.14026915,0.909549,0.64783555,1.1012684,0.15277983,1.7044617,1.6506858,0.53917325,1.1857177,0.033838823,0.5221992,1.8151736,0.12812509,0.91022134,0.035139233,0.6342222,1.3570461,0.3244591,0.44743782,0.27948746,0.13267626,0.11345322,0.3284518,0.045597177,1.1206845,0.654605,2.6230834,0.07700318,1.0387834,0.24663061,0.28426027,0.16591264,0.6058971,0.26998276,0.27567476,0.15435492,0.64579654,all_pothole_images\pothole_images_new_image_588.jpg
0.083220445,1.069194,0.4610675,1.1627392,0.022312975,0.32290706,0.16053343,0.6347295,1.0098002,0.18568817,0.35829267,1.1838787,1.0609219,0.0,0.14724429,0.01841214,0.11809516,0.15435816,0.42569163,0.0037517285,0.62466234,3.8437755,0.046978656,1.1647879,0.9356963,0.6308263,0.10817003,1.5176479,0.004601034,0.8675368,0.9404541,0.59971994,0.35370106,0.6382407,0.80053926,0.8130614,0.6958061,0.33306518,0.31603488,2.413573,0.45062703,0.016230522,1.1833422,0.6714551,0.27681533,0.61729205,0.87769324,0.007472941,0.36928418,0.17800601,0.98024875,0.58303744,0.31689084,0.4920983,0.047705382,0.41263813,0.43891287,0.22823247,0.032196198,0.14655818,0.20860718,0.13400693,1.1630279,0.38649702,0.99986976,2.3702047,1.2231317,0.68991727,1.6295595,0.16185541,0.55193007,0.48980427,0.3026982,0.8171785,0.012985456,0.5203364,0.4343056,1.0248308,0.1968766,0.7221385,0.092781894,0.3034925,0.55794084,1.8624952,0.61717266,1.0969197,0.7397009,0.10878413,3.0611622,0.54133195,0.23890433,0.19810267,0.11711894,1.2183342,0.0713216,0.18990189,1.625023,0.22268508,0.29055053,0.32376507,0.3014186,0.62610066,0.8167142,0.34996134,0.36555907,0.51985556,0.33274144,1.0326982,0.36666763,0.80669767,0.042369034,3.0752087,1.1160426,0.040381085,0.075747125,0.59629583,3.5187638,0.8432641,1.1687192,0.04739154,1.7720536,0.26395097,0.6098841,0.8652858,0.1593841,0.99525744,0.028349627,0.34821802,1.1057819,0.44743943,0.329105,0.00088994333,0.31948873,0.40167147,0.06119203,1.1034362,0.73364675,0.9980939,0.6392821,0.13550463,0.61227024,0.75923496,0.04391297,0.40777668,0.2371637,0.20387731,0.18450838,1.6885809,0.7388557,0.0963576,0.15226276,0.10165195,0.91719574,0.37268662,1.2051989,0.45110148,0.52357954,0.19530815,0.20982914,0.3455499,1.3743777,1.4207419,0.043292426,0.0042902483,5.95569e-05,0.029622927,0.40553167,0.21059433,0.32002228,0.9397765,0.07297462,0.0076883733,0.44891053,0.095962636,1.3053133,0.38160667,0.38385814,0.020954223,0.43032384,1.3022354,0.9112974,1.0629984,1.31544,0.0526715,2.6657326,0.90596986,0.2662642,0.73822874,0.31364527,1.2564104,0.10796535,0.621529,0.13499784,3.863841,0.92273927,0.033533253,0.25838184,0.790388,0.55602133,0.25076962,0.7328584,1.8305817,2.439061,0.91771173,1.5760797,0.87016845,0.2650647,0.32544276,1.1381958,0.5736805,0.62629926,0.08136215,1.1289371,1.4030952,0.26462567,0.49428996,0.3539151,0.3374611,1.0425644,0.044548757,1.1171416,1.4255997,0.54546213,0.6833389,0.15999232,1.0603368,3.4650288,0.61116314,0.41968298,0.93454194,0.5093123,0.74825525,0.27392986,1.4207175,0.9820737,0.016472192,1.8391966,0.2197422,0.37098697,0.38080934,1.1891247,0.5367519,0.06628392,0.5576071,0.42930552,0.17021646,0.7439972,0.47691208,0.23950128,2.529649,3.3492799,0.1155368,0.7430975,0.2986135,0.40727788,0.04529723,0.29572174,0.82916987,0.8893627,1.1745936,0.17252311,0.14822285,0.12968378,0.08224279,0.06460482,0.3439757,0.3965204,0.5020175,1.0861346,1.1314613,0.5586643,0.07764014,0.03736816,0.23990592,0.8055021,0.6472525,1.4064484,0.6324252,0.034545027,0.94376576,0.500809,0.51083463,0.063586816,0.48971882,0.19286324,0.6408711,1.4993831,0.4719411,1.6658305,1.1674684,0.8536218,0.32512596,0.17607227,1.311662,0.25624114,0.25312224,0.39238933,1.8494817,0.792511,0.43550897,0.048081066,1.7205806,0.54607403,0.31174493,2.5146694,1.2630755,0.11127564,0.531037,0.0,0.30803907,1.2341923,0.7615551,3.0144684,1.1531374,0.16597614,0.6756257,0.3224267,0.43713728,1.6015867,0.27532086,0.012051504,0.45974225,0.13966879,0.105918825,0.7990173,1.0198255,0.47347468,0.009416146,0.90509796,0.040287986,4.1372995,0.43536904,0.2645376,0.46719524,0.17374648,0.5055094,1.7284334,0.90576094,0.41094023,0.4118502,0.39667234,0.38348058,2.1488264,0.070664845,0.777531,0.407283,0.7100426,0.59619737,1.2977262,0.057953842,0.32589123,0.66257584,0.18825136,2.5383902,0.3695374,0.942437,0.86303395,0.42081097,1.4823151,1.2260818,0.15633498,0.24399918,0.8037382,0.085609406,0.23747039,0.07239288,2.6208677,0.6720117,0.07363608,0.0256425,3.272326,0.9273342,0.48175701,0.13933012,1.5205971,0.3358886,0.41684178,0.41512465,0.8641739,1.4545764,0.7008774,0.031253226,1.9798104,1.2587134,4.4504766,0.3903641,0.57956946,0.011216868,0.070380256,3.0174417,2.1813302,1.4589448,0.22665879,0.7790436,0.9256251,0.10252135,2.8670714,0.042207785,0.7620969,0.030965123,7.357133,0.3741804,0.30523688,0.4529492,0.2994295,0.55243814,0.12813653,0.6004221,0.0,0.010141202,0.0048362333,0.40175843,1.6655133,0.82832587,0.3922225,0.34301886,1.1146924,0.55528027,1.0342525,0.7353081,0.9451993,0.29741088,1.0422266,0.8136565,0.43913567,0.50747603,0.07415664,0.6275114,0.63197476,0.27633506,0.13206547,1.2314847,1.0003221,1.9930909,1.5153399,4.7695413,0.1897741,1.0816629,1.0099826,0.47030017,0.26866162,0.534731,0.6023398,0.57800716,1.2142069,0.04293464,1.992198,0.5952444,0.40501115,0.826453,0.43366405,1.0085883,1.4915067,0.44838223,0.40392527,1.9994171,0.40459,0.34210765,0.13018818,1.2502773,0.03685157,1.0101596,1.3058307,0.11595988,0.40458503,1.6271104,0.49288914,0.29565334,1.9114825,0.43164998,1.3701587,1.1145173,0.14355376,0.21220796,0.6528985,0.109126024,0.43116945,1.2164345,1.3230705,0.28326896,0.3717391,4.430747,1.3538516,0.39498296,0.033444267,0.8295341,1.7186021,0.20545946,1.6859437,0.120745674,2.7921176,2.3346403,0.07408827,0.037639607,0.14230885,0.2786296,0.10936449,0.41044426,0.10078313,0.63644975,0.15750465,4.040039,1.5968096,0.52990925,0.57456356,0.9200305,0.5147586,0.55330026,0.7877627,0.7266538,0.28755173,0.14074671,all_pothole_images\pothole_images_new_image_589.jpg
0.6994638,1.6800932,0.2923804,2.0647774,0.06759184,0.646406,2.3315592,0.19383284,0.39912772,0.27914795,0.22129348,2.0841553,1.1677381,3.1985958,0.2482405,0.49861807,0.22125323,2.123234,1.3840615,0.38066947,1.5710918,1.1029469,1.522757,0.011239096,2.4689732,0.7704726,1.5811571,2.2104023,0.13791376,0.29477435,1.1136171,0.11705796,1.1144348,0.044077244,0.5931287,1.3483114,0.082743585,0.7398466,0.47438842,0.14948103,0.11548516,1.5034796,0.07541048,0.5591118,0.07796397,0.16121806,1.4597691,0.33132455,0.043196063,0.07657873,0.02105337,0.12604506,1.5553799,0.22362177,0.07479084,2.2260814,0.50749,0.08687071,1.1383811,0.23113069,0.4629523,0.12650698,0.7031958,0.2605799,1.3980032,1.7315854,0.29794163,0.29314983,0.104261525,1.5877168,0.39924955,0.25159362,0.10560557,0.18913738,0.08500778,0.0073276074,0.45932582,0.265722,0.00915799,0.06677807,0.8254087,0.36000225,0.9705778,0.56188023,0.045882,0.1027654,0.037316293,0.02948118,0.16740017,0.085776865,0.04744879,0.7665212,0.13916785,0.31657043,0.7025341,0.08600133,0.8936445,0.42901555,0.23970915,0.75529945,0.2654776,3.5199478,1.2723675,0.08024164,0.71041137,1.4965874,0.12651362,0.464128,0.041538365,0.19763689,1.3978386,0.5793576,3.032003,0.5468218,0.7745458,0.012772651,0.06358287,0.28659683,0.10342417,0.40391925,1.4992167,0.009386402,1.0602468,1.5695617,0.21616085,0.34169412,4.5532637,0.19244528,1.738499,0.08373106,1.2688007,0.16247731,0.0,0.406917,0.73187953,2.182934,1.6657045,0.01730275,0.38021687,0.30359343,3.327527,0.18821646,1.6881866,1.1449515,0.6969086,2.0812488,0.61926043,0.6685374,0.32156065,0.055950314,0.5462753,0.6996687,0.008622213,0.112821035,0.0912796,0.3344743,0.6878774,0.0864616,0.49614745,1.1513005,0.87234885,0.80232006,0.04045008,4.809575,1.0063066,2.0161197,2.3573008,1.8746089,0.8557579,1.4931335,1.0122045,0.5836493,0.16436316,2.6647637,0.14591858,0.13098198,1.0601494,0.5627054,0.095802575,0.71269715,0.30611843,0.9965045,1.2590767,0.042360466,1.9408398,0.028658906,0.9630264,1.8667957,0.08237734,1.3152171,1.677766,0.3069567,0.29644617,2.5289333,0.5275864,0.007505567,0.55126065,1.7660781,0.44960302,1.1013085,0.360567,1.0064183,0.762943,0.64851266,0.02522595,0.32764828,1.5769904,0.2655693,1.00769,1.2133079,0.0,0.8624821,0.32250896,0.047568377,1.8535601,2.2567801,1.2915416,1.2247132,0.46364236,0.40412837,4.019877,0.19276749,0.46027297,0.38593915,0.039508007,0.34513226,1.5842451,1.5319129,0.6550275,1.3607439,0.67535883,1.7358544,0.3491114,0.10359176,0.22190516,0.056877375,0.5812964,0.2951347,1.1849537,0.5234413,0.013819702,0.019918758,0.6412795,0.0555625,0.27224073,1.2168545,0.64024734,0.5877961,1.3201646,5.2130647,1.2242751,0.74710107,0.14892817,1.0419466,0.08662772,1.547263,1.4767789,0.5506608,0.9368467,1.8703158,0.2936157,0.29786184,0.5726479,0.09155955,0.15203634,0.7097102,0.6683815,1.7565911,5.1192102,0.48798594,0.38872427,0.8614221,0.041580506,0.0667242,0.35063848,0.5878803,0.2805783,1.3253537,0.5164233,0.41019833,0.9919693,0.042067207,0.69774806,0.8010737,0.3444312,0.07268307,0.49072444,0.38976854,4.012865,0.2453368,0.0816269,0.32904166,0.31484547,0.27395558,0.16639973,0.78953195,0.5816871,0.3086633,0.21398073,2.031088,0.61766124,0.2263747,0.5086065,0.04705607,3.0593581,0.0,1.7958367,0.2183185,0.33303228,0.900822,0.6572981,0.2972858,1.2580101,1.0507653,2.6382892,2.7938075,0.36761746,1.8646501,1.4001472,1.4121578,0.17478195,0.0,0.62125194,1.5309771,1.4549769,0.0325752,0.038249787,0.12539992,1.2753276,0.34782428,1.5341598,0.13168383,0.4817382,0.7044801,0.2516,0.0,1.1713762,0.1992077,1.4812587,0.35430044,0.0438571,0.71271724,0.8898398,1.4432039,0.42661902,1.1053171,0.77413535,1.3646523,0.47003874,0.61954296,3.5049207,0.019156197,0.75450593,1.3137641,0.253354,0.15881789,0.39630586,1.1892524,0.0,0.1266401,1.8182737,0.6448214,1.5422086,1.4728583,0.08551518,0.0,1.3507161,0.026353275,0.4504063,0.7182016,0.15746637,0.08047304,0.3841411,0.52253515,0.075441465,0.08552334,0.02008706,0.9162739,1.6381627,0.51437974,1.20232,0.20077534,0.57248855,1.5476202,0.8679289,0.57778084,3.834789,0.17950153,0.03490747,0.45551828,1.310172,0.14860053,0.008562128,0.16069901,0.22821029,0.4494174,0.3508721,0.42514986,0.032001242,0.6440049,0.14170773,1.5079396,0.63942856,0.94685274,2.42957,0.032407098,1.1367157,1.1988757,0.19586675,1.0796216,2.3727665,1.1453074,0.25119945,2.7861693,0.7779396,0.82118326,1.5185114,1.560961,2.2421763,0.77677697,3.067984,0.2711184,1.5406954,1.391046,2.7695973,0.09011154,0.8099681,1.1997414,1.7242911,0.06992319,0.7695252,0.5863012,0.02525117,0.17696053,0.32895023,0.6551093,0.36353192,0.6876634,0.24044967,2.1349354,0.32967824,1.547883,0.17817473,0.01321259,0.13613042,0.00731738,0.13741928,2.2042704,0.15915027,1.8006511,1.7041699,0.57823193,0.81662834,0.31695387,0.1459474,0.4560244,1.0876594,0.07553339,0.5769445,0.32545978,3.8083267,0.08073303,0.07428322,0.54795873,0.09279029,0.48271295,0.0,0.0,0.14246178,1.3728836,1.557132,0.5225718,0.16235544,0.7174502,0.16094469,0.057210367,1.9162506,1.1839558,1.3265889,0.007232112,0.083093196,0.18629086,0.84122646,2.344386,0.15711047,0.19134746,0.43910503,0.093261056,0.55961126,0.28233466,0.42656264,0.60859394,0.16683908,0.9485937,0.0007478203,0.2793127,0.786617,0.017455382,0.3649014,0.36148638,1.0647194,1.4536912,0.13884254,1.7129254,1.2600011,0.55227417,0.57754827,0.0021414745,0.31270033,0.25983688,0.016757911,0.32568192,all_pothole_images\pothole_images_new_image_59.jpg
0.8067019,0.0,0.46308175,2.714774,1.6424698,0.38103327,1.6585317,0.04594732,0.40158617,0.41213334,0.38481486,0.78467447,0.08409389,0.46079293,0.17802386,1.8598629,0.30291837,1.904285,3.333363,1.6830436,0.7028148,0.050168473,1.5315374,1.6366202,1.7362953,1.9709917,0.9733477,1.7657685,0.8242836,0.37744856,0.101759195,0.041001055,1.2863429,1.6369141,0.40050447,2.904889,1.255312,0.980182,2.4291182,0.6573492,1.6048179,1.9677365,0.6891406,1.8857371,1.5704046,0.26489377,1.8609675,1.2178855,0.90955156,0.06500372,1.3313212,0.39563885,0.7139777,0.34848118,0.27725148,0.5583539,0.7245435,0.024428077,3.4206066,2.2479477,0.24751282,0.26773375,0.9782184,0.5238703,1.1661676,1.4780934,1.1468136,1.1339394,0.3410369,2.6072757,0.46754676,0.41850314,0.52420574,0.015713487,0.11401477,0.14866734,2.2018955,0.23813988,0.21473682,3.3957307,0.16466434,1.8556381,0.91080296,0.7271322,0.6575641,0.9107926,0.37588578,0.044778403,0.19901705,2.2008193,0.38461703,2.3409185,1.0867324,0.0,2.559925,1.2778488,1.0400428,0.16257213,0.9942781,2.9598475,0.86217296,1.5836517,1.7255027,1.5115068,1.6223878,0.11520463,1.9356804,2.1250782,1.34799,2.2823303,0.67873645,0.38100445,0.7511842,0.60219675,0.7545756,2.8448186,1.2154578,1.8079177,3.2131572,0.29517752,0.1256822,1.5355155,0.7306611,0.13884644,1.1921835,1.1064667,1.4793814,0.12871979,1.3641151,0.09043084,0.09599604,0.8395191,2.4996989,0.84624493,0.0443869,4.448112,0.24206056,1.9430039,0.89709574,1.3380072,0.0,0.2243762,0.07590631,0.86891186,0.058345135,0.89416087,1.2699468,2.409113,2.1559803,0.68398726,0.7500599,0.30649585,0.8603918,0.4155567,0.36001042,2.1109993,0.23957542,0.4393999,0.0,2.0340867,1.0565101,1.7220215,0.0402524,9.958537e-05,1.8235604,0.7648466,0.066402525,0.51034427,2.1111867,1.4218068,1.3966895,1.4908148,0.026632676,1.1288499,0.9465377,0.36317176,0.7441439,0.93555325,1.2309713,1.8016307,0.854783,3.1964324,0.28033814,2.4033277,0.6244587,0.66314495,1.9772656,1.7340474,0.42968488,1.816612,0.4182507,0.24666747,1.2320807,0.6431581,1.1177251,1.3426669,3.2111413,1.5977036,0.85855335,1.2470281,1.1119006,2.44358,0.9897691,0.32300934,0.41606528,0.7694173,1.0385118,0.047019877,0.9704759,0.8622275,1.4488387,0.73604834,2.2978215,0.09149848,3.981637,1.5441805,2.0362892,2.4557607,0.6013817,1.0866271,2.3153126,0.36583215,0.7065415,2.638433,0.72051734,0.613969,0.897791,0.6332607,4.397514,1.2160522,2.5832539,0.8287107,1.4668727,0.074912064,3.7210107,0.4547605,1.9835656,0.6764724,0.09815267,1.2128192,0.15225156,0.6165515,1.7472222,0.17837304,0.34423703,0.93127066,0.89020705,2.1834884,1.8550044,2.5435936,1.6760685,0.41814655,0.105162024,0.28214103,0.63012403,0.1148769,1.7062551,1.2868772,2.0878427,1.9282552,0.2690909,0.25807297,0.7307204,0.8885687,1.0492054,2.3523848,0.38592142,0.106134206,2.7118928,0.6056093,1.1066322,1.5944537,0.7225632,1.1114354,1.7573115,0.57188386,0.2886238,3.4735007,0.0,1.0844923,0.68413347,1.7395213,0.8921258,0.06332876,0.53974247,2.3892872,1.6789516,0.22456464,0.8512025,0.16783024,1.4802349,0.06261647,0.7605751,2.6065114,2.943015,0.38138407,0.1636469,0.47592816,0.020074295,0.8979076,0.3646771,0.5664809,2.9601727,0.28348744,5.2023597,1.3923299,1.3012339,0.28847542,1.2070856,0.93806976,1.5505587,1.807638,1.0157505,3.1116235,2.0222232,1.0927937,0.30225995,0.6824202,5.4794416,1.3926913,1.2005148,1.3348854,1.3987143,0.9961038,1.1416255,2.9960034,1.3529624,0.15841916,0.03476847,1.0614399,1.692852,0.016850177,1.5393091,3.5288794,0.8177084,0.7698647,2.0056481,1.9324689,0.1474325,1.2224075,0.018931797,1.4819435,3.309919,2.0261326,0.8724763,0.535303,0.9766742,0.12800111,0.15567715,3.1524067,1.120119,1.0263408,1.1555223,2.1706154,0.652202,0.43111235,0.42071965,2.7298913,2.6674447,0.72766167,1.3775609,2.7999482,0.9539997,0.74452657,1.486867,1.9853475,0.05580116,0.35451934,1.9189132,3.1490085,1.2071807,3.1052818,0.056578577,1.4237546,0.0014028322,1.9198865,0.2945966,1.0784576,0.31299213,1.7859586,1.4936031,1.3872169,1.4459167,1.2434632,1.2815884,0.41281447,2.2396553,1.2036033,0.88400894,1.2046015,0.11116839,0.047717005,0.9440209,0.08904729,0.27622297,1.0035107,0.35739788,0.02249938,4.186246,0.2394961,0.63040566,2.8145208,1.0251024,0.28046072,1.8816855,0.2971852,1.2139716,0.4502691,0.7187808,0.24296963,0.2848862,0.6596375,0.5016802,2.0586023,1.6909117,1.4047654,2.58218,2.7353916,3.908905,3.1705348,0.48687813,1.3857431,0.28881973,1.1864167,0.6752745,1.5942817,0.033313703,0.81933653,1.6316108,0.38069168,1.1762793,0.28030413,0.8116875,1.676493,1.2319639,0.33630678,1.1748282,0.98700905,1.7360907,0.67140704,1.4308915,0.5333292,0.2748606,1.5190308,0.29476336,0.33832005,0.24643825,1.9533267,0.6293739,1.3886477,2.8679495,1.2767701,0.20201835,0.87190634,1.137711,1.56161,0.6368813,0.9337677,0.19739172,2.8777165,4.332384,1.579943,0.59844005,0.42292485,0.6977235,1.8620758,3.5123327,0.8924723,0.47141126,3.2803764,0.08437596,1.263134,0.6132015,0.9706422,0.30398268,0.9846306,1.1072663,0.9855505,2.4462197,0.4856287,0.032976907,1.1533643,0.39876732,0.15511777,1.0837425,2.3863258,0.23571882,2.1199362,2.0277627,0.3390192,1.462005,2.1933277,0.13523005,0.23431765,2.8314502,0.050880536,0.28902835,2.0886772,0.5879732,1.133795,0.19437964,0.93265814,0.047964834,0.98161507,1.768075,1.9578798,3.1674984,0.38543567,0.43514892,0.32650802,0.2890631,3.0374744,all_pothole_images\pothole_images_new_image_590.jpg
0.10111177,0.9656179,0.56131166,3.15163,0.17769492,0.13975285,0.56381315,0.020386042,0.8171838,1.3597372,0.27435002,0.585386,0.07083643,0.87819904,0.0869613,0.45498562,0.76721245,0.49443206,0.31101945,0.19999227,0.7777225,0.96968794,0.21014246,0.34542045,0.57803833,0.3622261,1.0387335,2.2443607,0.115475185,0.60097045,0.10841192,0.054693602,0.1782037,0.6464095,0.01619475,1.531838,0.22059657,0.3032956,0.75566393,0.096794106,0.15046458,0.7842004,0.07153868,1.7003697,0.8103671,0.1730315,0.027223613,0.1325066,0.76394373,0.48433536,0.8685664,0.13738562,0.07459069,0.04770425,0.37428144,0.49455166,1.3844835,0.10238972,0.20674562,0.026134955,0.39127886,0.57482487,0.48069218,0.28907531,0.29276165,0.48466033,1.4552767,0.4700383,0.19288884,0.1773786,0.1179623,0.5683656,0.353133,0.022819983,0.22998545,0.053550262,0.36057547,1.1750304,0.04711809,0.092514046,0.009665916,0.263346,0.40198696,1.8826468,0.3188053,0.2145243,0.0023799716,0.095306754,2.0798986,0.29080063,0.1538726,0.3612225,0.0,0.28269312,0.6828509,0.0,1.4333689,1.1147742,0.44563612,0.12084819,0.004163404,1.1501752,0.21150132,0.083996564,0.46072125,0.05140574,0.094940946,0.016598176,0.51173556,0.992735,0.2262326,3.0179942,0.28807032,0.08200092,0.06923659,0.106225654,1.4799663,0.6898186,1.9162046,0.25569963,1.4489703,0.30415842,0.14845145,0.93241143,0.7178571,0.49068528,0.2820015,0.46370128,1.5926968,0.010340498,0.17944854,0.49334452,0.11517436,0.0892119,0.4261731,0.89571744,0.0040117498,0.14202489,0.014152644,0.0,0.11624883,0.0049174903,0.386629,0.08202466,0.024403343,0.27992392,0.24951226,1.0442199,0.6273346,0.0038720132,0.042352054,0.3577704,0.007175144,0.07551276,1.2326851,0.14411847,0.13528197,0.055584006,1.0163782,0.44346064,1.4676958,2.231636,0.023794446,0.3414539,0.5698683,0.31773162,1.6761984,0.13380279,0.69699466,1.912171,0.30385265,0.10769504,0.007971279,0.04954848,0.14833012,0.0,0.38291222,0.06962525,1.3279736,0.5085205,0.040866725,0.73249334,2.0083055,1.1972437,2.4215906,0.47612217,0.9700718,2.9684715,0.6680834,2.4886215,0.5921993,0.01500659,0.13614947,2.4344552,0.31537622,0.005123848,1.5780907,1.6619445,0.9596985,0.16364735,0.0,1.5648403,0.509668,0.7978855,0.19216007,0.1613368,0.099344835,0.08842653,2.0399296,0.47127795,0.064537995,0.0018309451,1.4046463,0.026143355,0.64476395,1.8973227,0.12669702,0.12124594,0.55190367,0.12570909,0.37776747,0.4291959,0.9620604,0.03262072,0.07413769,0.012083608,1.362945,0.024284547,1.6456004,0.17657632,0.07263867,0.16868593,0.5043178,0.25611687,0.36438283,0.0012836988,1.7511344,0.5213936,0.04065746,0.011282989,0.011640093,0.28878844,0.027242566,0.31779873,0.02082495,0.007208417,1.690029,0.18216082,0.6985571,6.078369,0.83311975,0.38562617,0.56027395,0.79690397,0.0,0.06077689,1.0915318,1.0249112,0.21221323,1.0662017,0.01349805,0.13276978,1.0523796,1.2097291,0.03397019,0.90836847,0.1083487,0.9140936,0.96759605,0.0,0.32379058,0.0,0.17596272,0.48123083,0.60963696,1.5675092,0.11889411,0.0035185118,0.020118937,0.23350832,0.16435711,0.40945083,0.13435735,0.6156227,0.17022705,0.82981277,1.0442064,0.07136994,0.5742226,0.08670273,0.2167133,0.3019439,0.160186,0.96476096,0.0020674225,0.43164548,0.065896444,0.7454852,0.52033067,1.8640383,0.0,0.55117035,0.0,0.05281867,5.5613937,0.58463496,0.7404841,0.41209462,0.17543961,0.11907667,0.08290074,1.2240922,5.5929666,1.9227428,0.48329753,0.44292232,0.021906566,0.44838244,3.477459,0.26762733,0.13170388,0.54731447,0.011087505,0.20217285,0.2098127,0.080637455,0.17524166,0.013906279,0.3160326,0.13511905,3.9335911,0.20274398,0.8944923,0.12674952,0.09154308,0.10749449,2.8270001,0.4282611,0.048969366,1.230689,1.0705924,0.9869148,2.8480406,0.7812028,1.4347392,0.004666115,0.12845315,0.47443435,0.29310367,0.19805497,0.5133237,0.6630893,0.4548111,0.29835242,0.015568547,0.92814016,0.011813509,0.48667958,0.40083086,0.65030223,0.2842139,1.1892974,0.6540391,0.6866315,0.0,0.29307264,1.1811601,0.3720106,0.33705163,0.34249178,0.9812799,0.22958979,1.0335201,0.054368734,0.12681668,0.22205846,0.66396564,0.18811895,0.5350722,1.1223617,0.20663369,0.036283683,1.3710093,1.7853619,2.3789124,0.057706155,2.0283248,0.0636204,0.15287946,0.8798239,1.4500265,0.02203101,0.031491738,0.77764314,0.04235921,0.08953941,0.47236305,0.041339133,0.9994744,0.0026104283,1.2875508,0.0563905,0.17669058,0.5300544,0.52841455,0.21323289,0.8912014,0.9167432,0.051509432,0.0709262,0.27602327,0.80673474,0.22422278,0.66804045,0.0,0.09687377,1.3516326,0.32573685,0.17925742,0.011734574,1.6960903,0.75070703,0.8100579,1.6585398,0.65762633,0.15390702,0.069242485,0.24382904,0.11683641,0.22486097,0.06658631,0.4054558,0.34424216,0.18543226,0.14128464,2.029688,1.395068,0.676732,0.27086052,1.0028418,0.13533333,0.55072874,0.02222795,0.14463802,0.31791234,0.083445564,0.24731286,0.010385845,0.022953192,0.8292118,2.3655398,1.4591905,0.52173424,0.063668385,0.8796632,1.8662252,0.2360566,0.08478283,0.060506824,1.2705791,0.17625837,0.14119561,0.4457213,0.024031172,0.7684391,0.4662793,0.019370353,0.0,0.111317314,0.84090817,0.34966016,0.6105771,0.2830607,0.7171099,0.94947565,0.5425436,0.28126234,0.7148476,1.172352,0.16226973,0.07630394,3.6998894,1.675834,0.21050818,0.00067695684,0.17865936,1.2904562,0.18404487,0.41657904,0.0,0.03566715,3.6898086,0.0,0.10615403,0.0,0.0035621456,0.044742476,0.72519183,0.0,0.068086,0.09461899,4.108392,0.7060511,1.1471713,1.0362666,1.013621,0.3803445,0.39833182,0.50062174,0.82213235,0.16751851,0.14353245,all_pothole_images\pothole_images_new_image_591.jpg
1.1961215,2.1344812,0.62973225,2.0111017,0.6975886,0.35631055,0.11183275,0.23299284,0.13280748,0.21786238,0.9534009,1.1001266,0.024360195,2.1553056,0.14433785,0.32277095,0.9787975,0.15146582,0.21525456,1.5897924,1.1573557,0.8487262,0.51876813,0.6443704,0.5283155,0.29050282,0.39040568,0.6244788,0.18590465,0.30493015,0.62642103,0.1039555,1.0564669,0.6207074,0.80218583,0.050998542,0.8361341,1.7865415,0.41806096,0.095899016,0.54589766,1.1955369,0.9459526,1.0885401,0.6743849,1.7436031,0.101935364,0.42292815,0.49873155,0.44060168,0.35628152,0.78033274,0.8554984,0.122730836,0.5327424,0.5631847,1.0397662,0.098664604,0.0032848255,0.008138491,0.21076101,0.2533246,2.6158614,1.0874437,0.31724122,0.15439682,0.36131287,0.05796749,0.0040604863,0.15272929,1.0905833,0.052254055,0.23878022,0.5032061,0.9954779,0.495006,0.060455848,1.3728756,0.065122806,0.20206729,1.0875751,1.713908,0.9348736,1.4384096,0.058831252,1.3825033,0.21786137,0.21440235,1.281616,0.0,0.6649542,0.4504154,0.6197712,2.0203404,0.03358637,0.17476343,0.35103932,0.84204024,0.40153113,1.4939986,0.19513845,0.8030722,0.6056224,0.7629094,0.275702,0.22977994,0.14772272,0.8151403,0.209479,0.70626,0.014661619,0.9708161,1.3428143,0.30299845,0.31293905,1.517186,1.4443313,0.46997216,1.2165056,1.1385388,0.75354475,0.32481828,2.5647748,1.6128094,0.11770533,0.2296404,0.6345076,0.067302994,1.453183,0.74426025,1.8646182,0.34136885,0.086214334,0.5195497,2.539479,1.0329525,1.0282209,0.12181122,2.5268772,0.055848647,1.6324534,0.38304803,0.5491901,2.05874,1.6951164,0.27566546,0.6104509,0.6473878,0.066569045,0.6379778,0.20765127,1.1654054,0.320684,0.5243643,0.8714724,0.2998691,0.34086984,0.85971195,0.59801024,1.0023781,0.78394455,0.8217454,0.26466265,0.039731506,0.9371881,0.8607026,1.083903,2.2259984,1.1136233,1.4715241,0.5839901,0.9749284,0.34042117,0.85723865,0.6404458,0.5033572,3.114955,0.5762965,0.054797526,0.63221097,0.4780178,1.3401383,1.6234939,0.6037574,0.8561305,0.047934253,0.6621114,0.030911025,0.5574947,0.3621493,0.66123384,0.0764493,0.84724253,0.41217116,1.54639,1.2072134,0.273189,1.3018664,0.20211248,1.068799,1.4582454,0.8475624,0.19943164,1.012903,0.96545196,1.4210874,0.35382015,1.1349254,1.0599548,0.0,0.7049085,0.9797781,1.3076916,1.0356673,0.2331056,0.5545494,0.2738711,0.17029135,1.3045634,0.0,0.62584597,0.0,0.9028989,0.19919036,0.5322394,0.067442425,1.5277094,0.43953654,1.6343851,1.1841077,1.278465,1.0064718,0.6561079,1.1086289,0.17565641,0.9895297,1.8731651,2.6148722,0.7033909,0.38022745,0.3340243,0.84688985,1.3149467,0.9170577,1.0134623,0.0025233869,0.6341093,0.36482987,0.42202237,3.2084484,0.93173945,0.17693819,0.0033776911,1.980625,0.18192466,0.23228048,0.7358585,0.5192741,0.26967275,1.5112625,1.6875775,2.7896748,1.1589789,0.38133052,0.04882083,0.8487236,0.07693074,0.52108914,1.1337072,2.9858105,0.26787567,0.2413535,0.30141816,0.24152803,0.07147847,0.6528709,0.1237581,1.2685794,1.4824679,0.20320183,0.82653534,0.23780444,0.73610467,0.018418975,0.7537638,0.5125158,0.21284643,1.0981163,1.2578564,0.08153833,0.014676012,0.7164323,0.09818602,0.6962828,1.1686354,0.8399944,1.4696288,0.7896373,0.09545256,0.7431799,0.096263,0.08926439,0.0,0.45892575,5.128259,0.45950565,0.7480598,0.06463733,0.43356875,0.13360435,0.40684667,0.6127238,3.292958,1.2391593,0.010965139,0.62612087,0.103430904,1.4402634,1.9706703,1.1020055,0.6199681,0.25843292,0.33406892,0.52071273,0.321614,0.42783138,1.1403434,2.216723,0.84329355,1.1091733,4.004791,0.632952,0.24351753,0.47778374,0.55465007,2.4193063,1.5994914,0.55405915,0.5100807,0.048785895,0.84616,0.7217639,0.96025634,0.29254368,0.83408123,0.06631162,0.070108905,0.18633142,2.2864108,1.162007,0.35185486,1.0477011,0.47674632,0.04953688,0.96331286,0.12834175,1.5158896,0.13138199,0.24215025,0.5885289,0.13256934,0.20777893,0.40973553,0.23327138,0.81986195,0.008491541,0.5998246,1.2234751,0.1941554,1.0917032,0.8214387,0.3513325,1.005663,0.6914838,0.39896354,0.08918464,1.313727,0.87681806,0.8173065,0.89658356,0.4640058,0.048628606,0.19762443,0.33191997,3.265783,0.46075243,1.8417599,0.7386548,0.1663764,1.798934,0.42250824,0.5467201,0.7742821,0.28080225,0.27963382,0.81155175,0.09094028,1.4696083,0.43483526,0.066965275,1.1373296,0.5469627,0.61108345,1.3947631,0.31217438,0.5918345,1.7929541,0.5751426,1.2937665,0.59866464,0.017543418,0.34127674,0.46948242,1.9268161,0.40305355,0.44856516,0.044283174,0.4514525,0.13962449,1.4170569,0.34069005,0.73995364,1.4902371,1.4410061,0.19350661,1.6400168,1.2714717,3.6937654,1.3414441,0.30236763,0.4173132,1.2445902,0.017020848,0.6871453,0.98614323,1.0138739,0.8341509,0.9748574,0.20234168,0.18067157,1.1067265,0.2713543,0.26255172,0.21305816,0.28755063,0.29127356,2.2505817,0.821524,0.25913912,1.0031526,2.0627437,0.184375,0.17897823,0.25467965,0.23791113,0.08184198,0.9422765,0.6460367,0.58795685,0.18169145,0.87879723,1.5940539,0.27694374,0.97324306,1.6254506,0.25246987,0.015070621,0.14506443,0.35976285,1.0397762,0.27172065,0.105517894,1.6705126,0.16332486,0.48897767,0.09515893,0.86156756,0.19773947,2.112653,0.47535935,0.52136785,1.3736911,0.5951732,0.3085746,0.14922728,0.10678563,0.2259361,0.6115551,0.5712721,0.6887509,0.13852006,1.2136217,0.18460196,0.6615759,0.6935231,0.1065515,1.1382171,0.6397979,0.31809846,0.1298787,2.3067243,2.3850355,0.10402782,0.6082489,0.22721487,0.3002787,1.0657305,0.16275313,0.14973952,0.2858832,0.4115007,0.9631597,all_pothole_images\pothole_images_new_image_592.jpg
0.94624054,1.1568829,0.49538296,1.1676805,0.29394415,0.14898747,0.2967313,0.6459699,0.97844553,0.25738633,0.3286662,0.85891396,0.2769149,0.061896693,0.46149522,0.15320002,0.09122432,0.4377882,0.6729414,0.31841037,0.02022073,2.0444763,0.23574479,0.24432324,0.2992654,0.1643516,0.091324046,1.8560458,0.08640245,0.036975287,0.7243112,0.74625266,0.12607668,0.6573891,0.17426886,0.5560395,0.17405796,0.91195637,1.5068319,1.6365768,0.096862026,0.40214634,0.30803165,1.0248963,1.0202122,0.16987851,1.0420762,0.021568667,0.14064385,0.38548014,0.25487348,0.40446943,0.42414236,1.1451201,0.3461037,0.6343913,0.5145733,0.37004104,0.2955259,0.57307976,0.045187496,0.33093926,1.4218735,0.19724078,0.679157,3.0287654,0.67473197,0.536734,1.3394737,0.15188955,0.34318817,0.39687058,0.112483986,0.21130304,0.0064017577,0.63105863,0.56806356,0.49494871,0.065902345,0.27575484,0.036010474,0.8394207,0.878616,0.41522014,0.3077645,0.89791656,0.25992003,0.03706277,1.8668098,0.74869806,0.12167709,0.08434268,0.29455042,0.06186522,0.2994553,0.21552101,1.5730999,0.71229404,0.31069168,0.40355596,0.16314039,0.11073447,0.42123586,0.27219632,0.9946119,0.98084223,0.4419918,0.83832234,0.8514584,0.4108153,0.27684066,2.5778158,0.6928686,0.7771859,0.075843245,0.11740296,1.5618334,0.9706973,0.31352705,0.91950876,2.8185427,0.5412011,0.67109406,1.1004113,1.1388618,0.73906535,0.64178675,0.29733363,0.77287924,0.39613357,0.6159673,0.0,0.55062354,0.5903014,0.5276563,0.5164005,0.68511695,0.7196806,1.0603138,0.35824347,0.08308363,1.3452638,0.10252291,0.25544375,0.089276075,0.84027386,0.37988436,1.5804538,0.19780707,0.6830391,0.74150074,0.14294204,0.12140769,0.46821156,1.3345745,0.3834276,0.8435443,0.17416994,0.31929272,0.3239502,2.1932335,2.6893442,0.07292065,0.73775774,0.14769986,0.13703988,0.8278767,0.034815364,0.25113994,0.9305749,0.21998852,0.0053088483,0.14825457,0.17208762,0.72113365,0.59088093,0.30203238,0.10931619,0.0924752,0.58564144,0.037600044,0.57007724,1.6363925,1.1597109,0.29714048,0.6949125,0.64272565,0.90340793,0.34928778,1.6580304,0.0,0.3805669,0.21852513,3.72509,0.72184104,0.41454983,0.99814934,1.4214841,0.23765917,0.82887685,0.95637995,1.0508859,3.0016353,0.39510375,1.129587,0.47038746,0.4195436,0.4021368,0.46170962,0.5649126,0.3007793,0.56033486,1.0411127,0.09681495,0.5851489,0.61675507,0.2873794,0.26905406,0.21166988,0.28742653,0.4971591,1.7029958,0.2969918,1.1618853,0.28574303,0.14091957,0.9519247,0.8159405,0.0871477,0.6013396,0.24065104,0.27618563,0.7144554,0.43059528,0.6189939,0.4519222,0.9780544,0.23176678,0.34614968,0.926092,0.5267456,0.58243567,0.4133753,0.5825646,0.30907166,0.008972748,0.5444409,0.21337566,0.48025838,1.7082715,2.2877333,0.18464045,0.44388175,0.32036,0.43289706,0.16593283,0.39104605,0.9514677,0.5051194,0.028616304,0.2468635,0.16215809,0.5932044,1.3277509,0.58414596,0.7881104,0.1643657,1.0532867,2.1138115,0.03986548,0.4636945,0.03080265,0.32177606,0.31334302,1.3773297,2.1277964,1.1679804,0.586383,0.19568796,0.35472652,0.117423795,0.21903232,0.26543593,0.11270604,0.3533542,0.7523696,0.6913401,0.26047105,0.34180972,0.7352966,0.08799982,0.16799839,0.13430083,1.1058533,0.21595526,0.1563661,0.15266778,1.5761503,0.44161317,0.483657,0.17784621,0.17885794,0.35686037,0.5746595,2.6272826,0.54231197,0.30760098,1.8427231,0.107645795,0.33625224,0.49363473,1.0505,2.0931776,0.60077316,0.2508478,0.15897423,0.40943745,0.6274189,0.48760438,0.8067909,1.0336113,0.03463483,0.28027013,0.038488574,0.37685144,0.73280025,0.32812288,0.1116216,1.5270563,0.36769843,2.2672648,0.45439866,0.34706384,0.596252,0.9257948,0.16073403,0.8267978,0.46881145,0.531915,0.14697544,0.3730634,1.0842379,1.0710167,0.46471074,1.8234235,0.64264256,0.06934269,0.15460756,0.008266211,0.5780323,0.36584002,1.1317931,0.0010737231,0.55547893,0.06908095,0.2881264,0.40397346,0.8077682,0.7261218,0.62158185,0.52939475,1.2192926,1.0694116,0.062967025,0.04827721,0.6928225,0.90261966,0.18304236,0.10272304,0.107658796,2.3748448,0.45583466,0.8144853,0.36462325,0.85641557,1.1186506,0.41081238,0.5341063,0.048710033,0.3501714,0.18357152,0.44185233,0.90707284,0.31096444,2.3474925,0.9533624,0.18196255,0.009679464,0.0,3.0922565,1.2904469,1.0646834,0.8580926,1.3664069,0.42851046,0.26685098,0.9611222,0.96935797,0.14430478,0.019404728,4.645921,0.481043,0.10865949,0.5656591,0.60595816,0.62859076,0.70031327,0.13960335,0.13205478,0.21237947,0.33503467,0.6290595,1.2192668,0.37557238,0.24076366,0.60183483,0.18291365,0.36996096,0.26986426,0.39383665,0.39965865,0.27600324,1.2944182,2.3603342,0.8619835,0.029961955,1.2026525,0.39003986,0.45739877,1.0165193,0.27390566,0.5880785,0.008831864,0.75418246,0.18543784,4.569514,1.0262108,0.042529885,0.56741786,0.26513758,0.25901812,0.5399352,0.23972279,1.1088223,0.82897216,0.18106672,1.4799482,1.25196,0.8529982,1.3311241,1.2230089,0.5242304,0.59842986,0.8276278,0.25959563,2.354175,0.27632028,1.1352004,0.25586668,0.2942528,0.6807951,0.15429826,0.47395444,0.5098662,0.11178227,2.5995014,0.36935696,0.4179636,0.99515575,0.1497865,1.2011454,0.24001719,0.13469915,0.20705767,0.18365942,0.40414086,0.3362831,0.8698256,0.5941656,0.011705349,1.025653,4.3282847,0.52344626,0.45071676,0.06735998,0.93203664,0.265709,0.30742174,1.3172177,0.5189273,0.36682537,3.639925,0.08683654,0.42135027,0.054362997,0.2880961,0.27613425,0.15258153,0.058323752,0.30537352,0.1494459,0.86589456,0.3815661,0.24533106,0.18953478,0.7752975,1.0533241,1.4426637,0.22065844,0.965736,1.1446497,0.66219366,all_pothole_images\pothole_images_new_image_593.jpg
0.53955257,1.006994,0.15061288,1.7758464,0.4922003,0.011868783,0.8121263,0.04527666,0.0,0.680826,0.40081787,0.76864016,0.15749605,2.0045676,0.5920677,0.050920073,0.46188483,0.46441552,0.66746086,0.21435784,1.5732368,0.9619393,0.58358026,1.321196,4.118288,2.2050512,0.33773604,2.3818216,0.029663777,0.27754846,0.4046379,0.035666097,0.27764517,0.5116039,0.22063866,0.37571654,0.10393998,1.3807924,0.14740817,0.5675675,0.45094967,1.451111,1.4615898,0.5585383,0.38593382,1.2590026,0.11989463,0.8788029,1.5237489,0.9235825,0.47445476,0.8457003,1.4986745,0.36121967,0.41765326,1.1726369,0.2762719,0.68625206,0.2052179,0.2476517,1.3933018,0.1489539,0.23745158,1.6888036,1.0935744,2.5179439,0.2806769,0.07634781,0.0024256357,0.31047645,1.0075784,0.040989466,0.5341035,0.32116547,0.30845585,0.43787172,0.0044856966,0.8857971,0.091328494,0.17981632,0.3149917,1.532209,0.3441377,0.44798604,0.03677074,0.33090454,0.64553434,0.11406276,1.6628608,0.24591897,0.3136664,0.888865,1.595751,0.13829285,0.07106451,0.7837291,0.68996286,0.06930386,0.15271613,0.7355057,0.022334874,3.0808208,1.0762916,0.51669586,0.5156654,0.44120002,1.0640098,0.6804825,0.30484936,0.7946206,0.43243968,1.5527697,0.5630708,0.29549494,2.573291,1.7771049,1.0125607,0.09219041,1.4079399,2.2188792,1.8275993,0.029985098,1.2131841,1.2705916,1.0732001,0.5285008,1.624038,0.23427245,0.26620233,0.43533987,0.22918625,0.09781364,0.041624166,0.00068037905,0.55696714,0.746705,2.0273201,0.09872329,2.5570598,0.60675204,0.10639966,0.50266904,0.67202693,1.2910072,0.444956,1.422954,0.2767274,0.48354647,0.10345148,0.041259144,0.120052345,1.5603318,0.0,0.35600471,1.349823,1.355401,0.7174558,0.67123693,0.2391453,0.66280496,1.3188895,1.1669384,1.180739,1.1778773,0.78476447,1.5711278,0.22720177,0.59033316,0.32589212,3.3289428,0.55334705,0.0069150804,0.71005577,1.373627,0.058485143,1.6920166,1.4074972,0.2879318,0.19600762,0.1790743,0.014613241,2.1234262,0.31777838,0.53974295,1.0376035,0.12406178,0.33054304,0.6476623,1.0258471,0.45454246,0.75488305,0.1790287,0.30359384,1.1242003,0.9396307,1.6298894,1.2636659,0.18244828,0.68748766,0.85528016,0.7484848,0.42360955,0.008013587,1.2946501,0.062101148,1.3086137,0.79333633,0.2532488,0.50628686,0.42969215,0.38693342,0.0,0.5486974,0.9585704,1.1924056,1.2306463,0.20217705,0.5138583,0.95443535,0.0055633564,1.7369584,0.13601469,0.4572331,1.3206604,0.20738563,0.5159363,1.4720123,2.3448913,1.4804255,2.7251565,0.10204452,0.272501,1.5627544,0.68510014,1.1057202,0.15629306,1.4731859,1.24667,1.2920009,0.1198118,0.9511361,0.12196862,0.55130374,0.10483642,0.03902317,0.0,0.9746143,1.7637154,0.39225683,3.4435105,0.7731515,0.1720329,0.13725774,0.4231114,0.09019799,0.22663385,0.31451127,0.910389,0.12838553,3.287617,1.7844317,1.1168348,0.49189648,0.63202924,0.24369888,0.48101476,1.0052688,0.026862899,3.3621383,1.7737548,0.6877679,0.06234847,0.29902515,0.32252252,0.13530341,0.51470524,0.00095728127,1.4489818,0.42791328,0.69165814,0.4892856,0.88125855,1.6705729,0.36847872,1.2390966,0.36009613,1.9928844,1.6751686,3.8322525,0.24381499,0.0040818807,0.40605932,0.5607851,1.0629556,0.23871543,0.32067293,0.60078233,0.20730045,0.39166045,2.9149425,1.3427557,0.69971627,0.073540375,0.03818937,4.073127,0.6634232,0.06458871,0.016060276,0.59791434,0.25240234,1.3398287,1.2692567,0.9457053,2.4856083,0.35099983,0.24895243,0.015482312,0.59114033,2.8839273,1.2560307,0.2791645,0.00085107994,1.2821966,0.98508024,1.5435172,0.47814542,0.55882335,0.8453947,0.37997654,0.51045895,2.1276548,0.5797153,0.06847102,1.3316637,0.07101127,1.4919622,1.834188,2.6144445,1.4256124,0.5278839,0.008584055,0.3972538,1.7480878,2.1221292,0.41459444,0.0,0.2546854,0.68656677,1.015512,0.25158978,0.18672736,0.2611131,0.84147805,1.0434526,0.073703445,0.3327753,0.42183685,1.571358,2.097142,0.048721906,0.6167632,0.14215419,0.116695374,0.50479364,0.003957356,0.037064377,0.12960418,1.1798286,0.1706398,0.17807911,0.46519908,0.6811369,0.7930646,0.127984,0.013892942,0.5621279,0.50353503,0.36700094,0.9246975,1.0333587,2.408245,0.021222005,0.12725782,0.9937292,1.9892677,0.5011318,2.9657981,0.26857477,0.123512425,1.554065,2.2308598,1.3608247,0.016277641,0.41550508,0.40197542,1.0718986,1.7469,1.0468068,0.038762223,0.27833164,1.1176482,1.9712842,0.35452396,0.43795627,0.30524188,0.6383631,0.13656734,0.55181307,3.2156005,0.8591924,0.23585959,0.018742934,0.052710295,2.0465066,0.2715194,0.2639508,0.33596894,0.6938797,0.7818075,0.3846476,3.5393262,1.7682737,1.6762019,0.5702663,2.8879073,1.0497009,0.22316304,2.273075,1.0876358,0.068643294,0.054082703,0.37889677,0.6642263,0.96905595,2.8148675,0.558904,0.299903,2.9337463,0.08665801,0.8338559,0.83291376,0.49324295,0.067162864,0.34083116,0.10904538,0.61263514,1.2969314,1.4655651,0.19077629,1.64316,1.4170415,0.6288908,0.27604586,0.018934205,1.255394,0.012360301,1.0038996,0.018165015,0.38086578,1.1297294,4.3921933,0.47199178,0.3496294,0.1144633,0.053097185,1.1436555,0.1632285,0.048596956,0.17058617,1.0090281,0.0,0.95799357,0.24418154,0.019183379,0.8473023,0.03856793,1.6160995,1.2469596,1.6481533,0.17398608,0.33166176,1.6630439,1.0923744,0.76544344,0.69346905,0.040602304,0.80565083,0.29382947,0.5555573,0.035815634,0.17526112,0.97993267,0.069906496,0.79467773,0.3986375,0.16906796,0.57616806,0.32154098,1.8966005,1.1894028,2.077982,3.5285015,0.7014844,0.12913114,0.268321,0.8925695,1.8640323,0.7312407,0.3262653,0.21923156,0.5755264,0.027413834,all_pothole_images\pothole_images_new_image_594.jpg
0.19546649,0.8799127,0.16990785,0.80567014,0.09851802,0.5168296,0.34382933,0.31330243,0.38521004,0.54305977,0.90201455,0.49424392,0.07053685,0.0030550584,0.41213882,0.8882772,0.34053254,0.07454177,0.51983577,0.20604248,0.8459941,2.4479246,0.48521757,0.84569705,1.156816,0.48699513,0.29237053,1.6043357,0.32721016,0.28616378,0.076848865,1.1327405,0.34023327,1.8783519,0.038748708,0.7795246,0.032931484,0.5452851,1.6019231,1.3727821,0.48783043,0.21420448,0.14958522,0.011619786,0.87069345,0.08332108,0.016411504,1.0560685,1.4427073,0.22998641,0.33254158,0.27489012,0.9640224,0.27983072,0.16278107,0.5734442,0.13431099,0.032831397,1.012439,1.7032533,0.064881265,0.29631376,0.19565584,1.7880272,0.4252611,1.4917042,1.5669749,0.74804765,0.77610934,0.15053807,0.19653688,0.8279907,0.19575877,0.46156922,0.42620683,1.2393597,0.12914498,0.0,0.11151841,0.52030236,0.021302747,0.1931728,0.011601625,2.3443565,0.056479998,0.34994912,0.16654372,0.4585133,1.7349902,1.1125281,0.20755649,0.3720344,0.13442373,0.9652261,0.96510035,0.10979148,2.163056,0.59253985,1.3494807,1.1745539,0.20372646,0.52903575,0.39468384,0.053398576,0.9444288,0.004538866,0.41863835,0.99448735,0.38963374,1.4383224,0.4365383,2.3900044,1.1419479,0.49538168,0.02253361,0.74293625,1.4476585,0.62233037,1.24337,0.6775846,2.668787,0.45256266,0.39685383,1.0057508,1.1174493,0.30831432,0.051027413,0.0043091695,0.36374938,0.024308428,0.4512886,0.5529925,0.2556983,0.08082447,0.56677645,0.29233384,0.36426944,0.34155366,0.7291085,0.01364216,0.50993305,0.5064188,0.32516164,0.31744492,0.19764087,1.2954388,0.34349355,1.4552344,0.7100419,0.31068915,0.067238435,0.45878145,0.01699115,0.26122436,0.7953324,0.85362196,0.02841183,0.3906471,0.71060944,0.5821267,1.0899981,0.30317438,0.0,0.0033873464,0.14525902,0.93347293,0.40526763,0.49357286,1.4855607,0.42426425,0.2485538,0.2732708,0.428507,0.032857515,0.7011802,0.19648896,0.8144117,0.061055522,0.4506087,0.5491592,1.2100656,1.568691,0.6223097,1.9192052,3.0352004,0.7523971,0.0,2.03806,0.2697115,0.956985,0.0,1.8553752,0.017081888,2.198799,0.9986446,0.04266297,0.21045637,1.8121948,0.5529433,0.82230663,0.13219327,1.731577,0.7816701,0.6868501,0.3242875,0.40092856,0.01471961,0.118626155,2.6675303,0.70956963,0.06445266,0.18402019,1.2666342,0.26166606,0.5639232,0.32675678,0.47322306,0.09644295,0.5966723,0.16554701,0.41852754,0.6995632,0.7986015,0.43529153,0.3861818,0.1002235,2.4066257,0.074477114,2.3504114,0.3015094,0.39788532,0.48138505,0.9921743,0.33853745,0.5618671,0.029800888,0.20401102,0.010708995,0.10562803,0.19567338,0.79638547,0.56996465,0.3072755,0.13683604,0.28369215,0.02624472,0.59619147,0.6559311,0.742399,4.126212,3.3952427,0.24016286,0.59100866,0.32139415,0.068720505,0.2730041,1.9271735,0.7308678,0.34407234,1.787973,0.38247496,0.03968511,1.1745437,1.2882444,0.6612185,0.83166146,0.4542249,1.2179077,1.1292853,0.28969535,0.8052417,0.25833896,0.3876459,3.5946813,2.50227,2.1007538,1.2491095,0.1415334,8.52687e-05,0.054252815,0.45726067,0.585918,0.027568849,0.36690697,0.50300425,0.64797693,0.09322943,0.049989466,0.4576518,0.71237975,0.49674448,0.4630878,0.379318,0.47155717,0.08623323,0.8078237,0.13601205,0.75688756,0.48781237,0.63488436,0.3914892,1.2957349,0.17219864,0.4116396,0.89862525,0.27778715,1.0586698,0.32243004,0.9911608,0.2631035,0.5811327,1.2186508,2.8441896,3.074811,0.06113779,0.11701597,0.032726165,2.4214528,1.9215101,1.0816312,1.0997982,0.0,0.21541296,0.051182237,0.43807453,0.98561203,0.2657747,0.022853151,0.26272497,0.72770154,3.1879358,1.2408928,0.09670183,1.0946515,0.6289594,0.73631907,1.2137107,0.4591689,0.0,0.103960015,0.438089,0.5212733,2.5720496,0.71977705,2.3062549,0.033068202,0.22711483,0.6093176,1.189796,0.40205452,0.59781086,0.29496014,0.76921815,1.3991013,0.42081615,3.1805973,0.023974352,0.1597308,0.7248357,1.3635637,0.10940324,0.1656652,0.8793446,0.25774622,0.040165894,0.5061419,0.8292243,0.041602854,0.28553027,0.019689176,1.8865181,0.40671,1.0262804,0.055143125,0.1971585,0.21737458,0.6546066,0.5686516,1.0352865,0.710679,1.3147659,0.0,0.5638472,0.9645842,3.8249922,0.14393803,0.6708268,0.165547,1.9378835,3.4070609,0.3794197,2.7544212,0.2122429,0.9851736,0.03512205,0.6571979,0.26287612,0.24895765,1.4745204,0.08186506,2.669992,0.8183147,1.5167669,0.048690595,0.0141277695,0.3909464,0.0,0.23930308,0.16901013,0.1585789,0.33454147,0.7912825,0.5723499,0.6342393,0.461768,0.93506604,2.5626256,0.38464883,0.86950994,0.009189074,1.6659542,0.3597326,1.0685618,0.48606384,1.1320201,0.20549886,2.0423672,0.5716484,0.5789041,1.2819208,0.33294544,0.7604387,0.118208766,0.27766755,0.13741978,3.2972045,3.0860968,0.019123867,1.0555928,0.51363474,0.6704508,1.2657664,0.047847714,0.6662311,0.6405352,0.12459146,1.4119941,0.7514618,0.0,0.3713826,0.17984416,1.1603317,0.7626048,0.5205284,0.28264096,2.3341022,0.71375436,0.6645276,0.4156066,1.6688585,0.69105357,0.5284486,0.56610894,0.0015389409,0.7826393,0.5588179,0.79419434,0.13394997,0.12359681,1.1111722,1.1077309,0.09788514,0.5130075,0.26023158,0.74550176,0.13540407,0.07716172,0.28322798,0.92104214,0.7243528,0.6765125,1.7184272,0.80340964,0.1276953,0.26189587,0.4402479,0.17662747,0.3072595,1.5865119,0.012588283,0.36566505,2.7213235,0.0,0.019870965,0.1087052,0.05770577,0.65369904,0.6770196,0.0,0.18751568,0.0,1.8796617,0.8239986,0.27979383,1.3115504,0.8253968,0.42446658,0.47161296,1.4698493,1.9196368,2.3097417,0.2836407,all_pothole_images\pothole_images_new_image_595.jpg
1.767184,2.6135395,1.2903224,1.6909063,0.12964721,0.6571747,0.13755514,1.542778,2.3496113,0.057936754,0.47609413,0.2576382,0.18433803,0.45071214,0.57743955,0.80465984,0.22311771,0.09383774,2.5023894,0.30693907,0.12721463,1.6307756,0.880052,1.5895202,0.20379837,0.1372946,0.018269982,0.6645756,0.6451992,0.2589296,0.7664414,0.5396513,0.6824631,1.0325526,0.028597834,0.8439108,0.18912075,0.7004295,0.4803888,2.2689514,0.852356,1.1028317,0.24684496,0.16693261,0.8299747,0.13447456,1.4810364,0.042950887,0.97162485,0.81203485,0.1432564,0.2570702,1.2478772,0.0,0.29950187,0.4044008,0.51579744,0.2790545,0.1722234,1.4543086,0.42035854,0.09985879,0.28885219,0.57325834,0.03171826,2.0300426,0.17536685,0.22457714,1.4892347,0.057243656,0.3229405,1.1918123,0.54216594,0.28019485,0.50794566,0.93950415,0.7638615,1.0550317,0.4612788,0.43832847,0.14108926,0.49347344,0.5559906,1.0435404,0.31131452,1.6820977,0.47283015,0.19061059,2.712206,1.0138267,0.024788821,0.33765435,0.0,1.0768697,0.92603254,0.29729053,3.7831483,0.7195232,0.57851684,0.10020766,0.7143533,1.0890347,0.32053253,0.29761875,1.7938181,0.24753483,0.80380327,1.0280575,0.95493394,1.7467718,0.0026137833,3.8400269,1.0515525,0.94736356,0.0,0.92762613,2.4092066,0.5857179,0.18307514,0.96964264,1.9894334,0.83241105,0.5006841,0.37396896,0.98544824,1.0276349,0.16925272,1.1215845,2.3276608,0.25221917,0.5233086,0.47211945,0.5156588,0.3543985,0.7918265,0.949497,0.06716609,1.5418376,0.7756648,0.69412667,0.82015413,1.9029466,0.51891524,0.2890749,0.21006677,0.5611787,0.70265895,4.18492,0.7967221,0.37060928,0.47173333,0.19004977,0.08953466,0.92540693,1.3093888,0.30899167,0.64663243,0.79252094,0.24315363,0.8473351,2.3002484,1.6649568,0.6394881,0.3557822,0.8589345,0.23842686,0.18352722,0.031831603,0.12676117,1.8538015,0.70018727,0.016018031,0.73576057,0.18184601,0.9434285,0.008172468,2.6104405,0.015593859,0.5827108,0.85790586,0.85014343,1.641202,3.0661306,1.7920625,3.4463098,0.6812496,0.9270391,1.6291647,0.574265,1.4587194,0.0012185981,3.1992688,0.19957383,4.3456163,0.50153714,0.13807486,0.29805464,2.8312147,0.9508578,0.49873897,0.60618895,0.7955845,3.782018,1.0001208,2.5105016,1.2576932,0.879194,0.20084536,0.667394,0.47872102,0.352483,1.100845,1.9893861,0.15077701,0.33038166,0.9163608,0.56865615,0.9391171,0.7074272,0.7412554,0.4159738,2.0637958,1.4899833,1.7005092,0.21561114,0.14866994,1.5696663,0.2487879,0.7394451,0.15396845,1.0266447,0.16250774,0.70027447,0.5955003,1.5621755,1.4659659,1.0087916,0.38074014,0.7397869,0.047652613,0.5548384,0.8251992,1.488558,0.2943457,0.21294536,0.1072844,1.3594049,0.5869161,0.1388191,1.409624,0.7107579,0.09413806,1.1756761,0.74125236,0.17334609,0.012014126,1.726939,0.5559968,0.5747553,0.5970135,0.13518429,0.46349543,0.9424304,1.2312434,0.41165015,3.902467,0.08943457,0.6223589,3.092905,1.4931369,0.95674616,0.87772554,0.006361882,1.79491,1.1953851,1.3279691,1.3589005,1.7176083,0.30272025,1.8037416,0.047007132,0.7475446,0.539111,0.004519551,0.32973987,0.53783476,0.279865,0.46570307,0.8286676,0.46965566,1.2268274,0.022976244,0.81813896,0.88031644,0.6591816,0.08332916,0.60790676,0.68620306,1.1398275,0.020849993,0.29483292,0.7698182,1.3551562,0.49726135,1.4256338,0.17265473,0.7780215,2.1178877,0.63041687,0.16263507,1.3566611,1.2395228,2.4948099,1.271256,0.06723051,0.34436306,0.0038702355,0.0580677,0.3040897,0.6175621,0.70418125,0.14903083,0.2823797,0.096652776,1.4070653,0.2160906,0.25328597,0.06910969,0.3309783,2.2842185,4.742322,1.1193712,0.18047303,0.5634953,0.24245067,1.049781,0.86254,0.40495723,0.03016566,0.51955897,0.14871627,3.0799727,1.8449236,0.008954578,3.2070282,0.5191364,0.26019,0.32348278,0.014979172,1.4661856,0.4948396,0.5280085,0.38320655,1.3036214,1.3572972,1.0351664,0.34520942,0.30309847,0.81524533,1.207655,0.1705395,2.0051498,1.4770398,0.29206306,0.21338527,1.6495107,0.9804561,0.7434718,0.1427843,0.9991923,4.201909,0.9622854,1.162859,0.31837016,3.844926,0.60108525,0.37276664,1.9074352,0.47785407,0.82899535,0.4074622,0.43654093,0.5574015,4.677365,3.0642726,0.39605027,0.2534198,0.313404,0.26570985,2.1561759,0.53238606,3.8236866,0.77648735,0.7255811,0.21542008,1.2222422,1.2240237,0.61584365,1.8978374,0.17308187,5.3171654,1.1563052,1.0698062,0.85059786,0.16035162,0.74270785,0.36427128,0.7534839,0.522939,0.05200676,0.042707477,0.65187895,0.93630946,0.30182928,0.06657201,1.5496129,1.7131531,0.108838014,0.80556345,0.85398495,1.01152,0.49186197,1.1493347,1.0698175,0.6931977,0.061867002,1.5047296,0.7245679,0.72015953,2.0154133,0.032552257,1.1865501,0.65597236,0.41031927,0.07651143,8.792425,2.1164606,0.061799914,1.904026,0.83882916,1.0200055,0.8240861,0.4158189,0.07588865,0.5159642,0.029415723,0.26750132,1.0285376,0.15148646,2.4128482,0.44519782,0.9844231,0.5113096,1.6317962,0.5027637,2.5249934,0.59368867,0.92215973,0.12600821,2.5922735,0.36748448,2.7320802,0.2475947,0.21582524,0.8176122,1.3712958,1.4550703,0.5589149,0.9833365,3.7222285,1.5169761,0.4443118,0.95334655,0.080925055,0.5276355,0.5664635,0.21013778,0.78833437,0.73840207,0.124107234,1.4964275,4.8348536,1.0044746,0.5756543,0.14662676,0.34072042,0.6708306,0.63242143,1.8724785,0.051796325,1.3625566,4.7477946,0.013906771,0.302011,0.33156717,0.076346554,1.0625396,0.81566846,0.15665832,1.0233731,0.056694176,1.3556724,1.9787635,0.8142083,0.3020118,0.7419906,1.2747034,2.0977838,0.7793465,0.5221902,1.637453,0.24854636,all_pothole_images\pothole_images_new_image_596.jpg
0.39959437,0.38344967,0.13754757,3.0386295,0.98645175,0.60710776,0.8636602,0.4321244,0.5903127,0.61871284,1.053736,1.0702021,0.19592355,1.4654858,0.0025893946,0.39207116,0.36465532,3.196202,0.40072522,0.69391537,0.7468619,0.9002816,0.1855336,0.09293751,1.1774535,0.009079975,0.31974486,1.3340796,1.3374304,0.7730995,0.11878011,0.2715139,0.6427047,0.62967753,0.02199134,0.7637849,0.110492356,0.5002596,1.556327,0.5384072,0.3084144,1.2025998,0.08674612,2.067978,0.21226408,1.5272539,0.35918248,0.7265439,0.16405202,0.49227363,0.43111694,1.1576273,0.22161312,0.24414852,0.9262762,1.3744216,0.43775076,1.6519805,0.3516723,0.39589766,0.5432393,0.71941644,0.34800664,0.51170295,0.46401128,0.9839161,0.80912125,2.265012,1.18652,0.79149795,0.7900406,0.028323311,0.013767899,1.0593648,1.0794736,0.0,0.5955715,1.3852866,0.21413626,0.8320241,0.0,0.16613753,1.9920285,0.51889735,1.1626973,0.010992929,0.07401722,0.23968546,0.19632088,0.611589,0.40397274,0.9438066,0.028441027,0.37260258,0.75901854,0.71511126,0.55891263,0.5785021,0.067861184,0.49125838,0.67628324,1.0552478,1.5011497,2.067317,2.0585837,0.52059245,0.010105898,0.62830144,0.8378132,0.9521045,1.3600297,0.4945879,0.03889188,0.0064252773,1.5420859,0.03287357,0.13656165,1.9704783,1.004092,1.2523081,1.7274302,0.013331266,0.63784134,1.0163032,1.1813455,1.0546414,1.9481417,0.74057627,0.6425265,0.64057297,0.86242306,1.3284887,0.07839284,0.1434147,0.351913,1.7731466,0.020203883,1.347316,0.0026363337,0.9000906,0.120589465,1.9149055,2.032781,0.073276974,0.38138434,1.0838752,0.024190444,0.6170935,0.4311583,0.43474928,0.85343146,0.55304617,1.6698508,0.78037107,0.9881092,0.2797127,0.0,0.026741687,0.7063304,0.58633304,0.77602744,1.2671549,0.0765031,1.8160768,2.3317976,0.520785,2.741216,0.1710028,0.5354805,3.4061136,0.5133885,0.21405986,1.2119502,1.9412969,0.32223833,1.1864357,0.0,0.0,2.760491,1.4967277,0.30272955,0.9989929,1.4548792,1.3998485,0.34251186,0.90678644,0.78206027,1.0431494,1.4495647,0.51173717,0.18695782,0.19246861,1.042565,0.50679636,0.6395875,0.0008649213,2.1137683,0.45839563,0.39375535,0.5649934,0.09770531,1.4523841,0.28313562,1.6844001,0.0152385095,0.48732087,0.5649628,0.087586686,0.8497524,1.9309785,0.004710178,1.2428894,0.5856918,0.10300878,2.976388,3.5423625,0.14129521,2.386292,0.45531923,0.22509895,0.67129165,1.9511694,0.41226718,0.034565322,0.026190246,0.108830035,1.2039967,0.34544984,3.4950452,0.027888704,0.7713816,1.7921376,0.08434563,0.016802669,0.006358236,0.0,2.6377606,0.9839091,0.17779015,0.0059695737,0.3966095,0.3750936,1.1069418,1.6086494,0.0003909346,2.1815207,0.5491705,0.487692,2.4615192,2.7621267,0.8631456,0.081995435,0.08839682,0.79411906,0.27053094,0.9867366,1.1979052,1.4036433,0.52971244,1.1553499,0.072233185,0.72953624,1.5129976,1.3037442,0.1081473,0.5491483,1.0149348,0.86611485,2.9419081,0.83531296,0.47347072,0.2999209,1.003204,0.013375121,0.1398997,1.2581996,0.008653833,1.5822631,0.2500891,0.17405245,3.0517163,0.073098384,1.1025202,1.6575278,0.12868,0.30796576,0.91588604,0.0,1.0399718,0.96190846,0.061390553,0.3128532,0.011221275,0.0067734807,0.77772534,0.57828444,0.034826364,0.54072094,0.023536917,2.912419,1.3477744,0.1414331,1.4101319,0.33751068,4.9209113,0.096716866,1.0767038,2.7471173,0.644382,0.28486794,0.16645476,1.5132909,1.3479818,0.9559986,1.3692874,0.05780605,0.9960379,0.78254646,3.6115243,0.13495655,1.6061245,1.2348406,0.52980936,0.68031543,0.8418442,3.077524,0.4359552,0.036436994,1.1695534,0.030516203,2.53759,0.107843086,3.4016337,0.77437603,0.061320107,0.0013055545,3.0369267,1.4509461,0.57794756,2.3613179,1.0048565,0.082109906,1.2248417,1.7477498,1.1264851,0.18132067,2.4362576,1.6098068,0.08578024,0.63684803,0.53185207,0.74046814,0.17728528,2.4271834,0.003841885,0.20433289,0.41172606,1.6007824,0.12736137,0.6750728,1.4130628,4.182172,1.8415502,0.68812484,0.7805179,0.13812436,1.5145475,0.04912056,0.09528864,0.9445207,0.93054944,1.4353958,1.8929617,1.6484753,0.28987947,1.0718383,0.3138524,0.8530123,1.2239594,0.28111598,0.21859767,1.4436105,0.06936589,1.7784011,0.41785684,0.30766273,1.3434166,0.14045486,0.13409561,0.27108026,0.088635385,0.0063333176,0.28571796,1.6192268,0.1500588,0.61540204,2.7914298,0.26903862,1.3247548,0.13434964,0.2042482,0.31809303,1.9459107,0.28551704,1.3916025,0.36459965,1.1658516,1.5868007,0.14499587,0.22686423,2.50579,2.9652433,0.022750277,0.3017755,0.010642397,0.3481552,0.115423344,0.8712606,0.8547928,0.4837329,0.5834355,2.5306046,2.7496455,1.7957374,0.42235518,1.5363754,0.35794073,0.013252693,0.4786883,0.20752552,0.22703953,0.3236117,1.7731862,0.27385703,0.4704318,0.39305362,0.18250263,0.09853582,0.42774925,0.24815656,0.1049505,1.4678378,0.035534643,0.69561255,0.5611004,0.017582804,0.34703884,2.1416442,0.44592962,0.08404052,4.523101,0.3233194,1.1355876,0.3563251,2.1986206,3.0657704,0.10476187,1.4049708,1.5813402,1.2099875,3.5246985,1.3298732,0.5537723,1.3389273,0.3369159,0.1090655,0.64738005,0.0,0.3750682,2.9469745,2.680534,2.1945016,0.0,0.75156,0.0062843026,1.4064865,0.061152913,2.101874,1.0500841,0.23116884,0.12526226,0.73521507,1.6174836,0.68353736,0.024779217,0.45395628,1.9356519,0.013353405,0.94461584,0.45163727,1.2139444,1.0122467,0.07118403,0.09695104,0.0,0.55838066,0.2842545,0.16223721,0.046908632,1.2295804,0.40386105,2.4161367,0.58299387,2.161125,0.41457918,3.7945104,0.9495818,0.44772574,0.18142265,0.28769943,0.028270286,0.068473324,all_pothole_images\pothole_images_new_image_597.jpg
0.37955818,1.429645,0.012579852,0.5044231,0.3766948,1.5823624,0.5832191,0.5369322,0.5574262,0.027108803,0.16364035,0.384508,0.341678,1.64428,1.1863759,0.12998024,0.19834805,0.1466162,0.79200375,0.07570706,0.53282666,3.9338565,0.5782375,0.0,0.49819902,0.9013734,0.29726332,4.0671563,0.029719051,0.30693832,0.9651831,0.042475417,0.81116664,0.2384779,0.14003983,0.06448159,0.040852252,0.032953054,0.69712675,0.1797067,0.21565223,0.015356207,0.1697211,0.0,0.048401043,0.34739622,0.45853737,0.30583456,0.9592179,0.4697818,1.0533981,0.15853728,0.14896293,0.8227861,1.4873759,1.978119,1.7869045,0.6835059,0.0,0.047500376,0.2041124,2.0806816,2.628074,0.041004915,0.64956355,0.89481235,0.99888813,0.004805624,0.6065585,0.2039418,0.53913987,0.12426117,0.2942222,0.8422349,0.14826934,0.020629251,0.016197791,2.287588,1.6372926,0.07655385,0.18363585,0.15737085,0.76413345,0.8009825,0.92995155,0.072964296,0.10383985,0.06393542,1.425828,0.30441883,0.61117905,0.03455154,0.0478882,0.82768106,0.52553993,0.0,0.62333447,0.6310805,1.5498232,1.0522614,0.45302838,2.8355408,1.0115265,0.4957235,0.861592,0.8324596,0.23017326,0.37451592,0.0039094035,0.55461437,0.05829888,1.0217898,1.3710169,0.6569355,0.38475025,0.11722288,1.40491,0.7315792,0.44911912,0.303052,2.1583514,0.1373077,0.037772615,0.2768838,0.20272538,0.39695123,1.2079374,0.37929118,0.4429452,0.781428,0.16566148,0.122860245,0.39990872,0.5915449,0.8614015,0.107739754,0.42417538,0.7935283,0.33372605,0.44664195,0.8664544,0.386881,0.8421796,0.57202333,0.27840528,0.376303,0.5342123,2.0799365,0.24726054,1.4654889,0.2760049,0.12016853,0.37207162,1.3103958,1.2330737,0.84914815,1.0366759,0.09718889,1.0030625,1.059408,0.57095206,1.0085784,0.48659688,0.4855248,0.14914389,0.42707455,3.6473777,0.3200654,5.6737547,0.5117037,0.19648676,0.23453325,0.001983949,0.4746198,1.1681991,0.01544315,0.6823117,0.24480852,0.42795032,0.4530882,0.32908797,0.8833003,2.1544344,0.3540901,1.2954637,1.5991108,0.20459794,0.88226765,0.23284018,0.4331373,0.02047902,0.54716265,0.018825796,2.5004067,0.50989556,0.0,0.42717987,0.4306253,0.64497644,1.2792252,0.555793,0.74557227,2.9312606,0.5974544,0.7049507,1.4418627,0.0,0.38758907,1.5234035,0.5964415,0.080146566,0.66108966,0.6148076,1.5450429,0.41635466,1.645434,1.5896531,0.1757006,0.4175328,1.1928033,0.91474664,0.33065897,0.36799684,0.59282494,0.17286609,0.115836985,4.108964,0.43595913,0.30533826,0.020128628,0.90094453,0.4085709,0.099466234,1.0110846,0.18985933,0.045411143,2.0172422,0.14793685,0.56411064,0.4846235,0.14736289,0.17838696,0.18583581,0.32664493,1.4907976,0.38490835,0.31042746,0.004801133,0.7635135,1.8654778,5.1906514,0.12678407,0.78295654,0.62988096,0.90301436,0.15699746,0.03289143,0.6559036,2.2310221,1.490769,0.14894077,0.4314473,0.5768529,0.5963698,0.06920751,0.9441575,0.72725725,0.6439474,4.631147,0.13617612,0.011401268,0.057676673,0.20179494,0.03197332,0.85509574,1.3537477,0.81301904,3.2248251,0.76478374,0.0254957,0.75461704,0.25735143,0.2042129,3.6279607,0.27586788,1.9399729,1.42139,0.71972096,0.756309,0.13296156,0.3350519,0.86708015,0.37839666,1.8799255,0.11140864,0.12562478,0.82721585,0.18376522,0.715239,1.1304891,0.004898975,0.62231517,0.018163038,1.0346136,1.4295931,0.9345284,0.581671,0.41290745,0.1910721,0.9309604,0.024556542,1.6870847,2.1124961,1.4338024,0.21047273,0.7117927,0.74713016,1.5056177,0.6399714,0.27365062,0.28775463,0.07478401,0.774333,0.49296585,0.42395124,0.9692661,0.10330961,0.00047161992,0.668177,1.4480251,0.61869705,0.5729809,0.28816915,0.21969044,0.036694735,0.51023173,0.08668768,0.53538543,0.08301533,0.7278316,0.30516985,0.09339062,3.7566662,0.0030712627,1.4590943,0.25842118,0.81190056,0.29877627,1.5022421,0.35271358,2.1796815,1.5634313,0.8911052,1.5532619,0.4208223,0.14878476,1.1268362,0.3876303,1.0262104,0.36615473,0.08780837,0.38512224,0.5215656,0.7502783,0.78085357,0.833192,2.5949295,0.80548733,0.35632148,0.07220183,2.053936,0.0,0.6124627,0.042965762,0.81635207,0.024169968,0.0030586487,0.26795927,1.5913866,0.0839723,0.17754303,0.12345448,0.9303811,0.6048814,4.9188294,0.43827897,1.1778587,0.19871323,0.051263396,4.046822,0.5067446,0.98917973,0.025720108,0.8165787,0.15099248,0.318579,1.8327556,0.63398564,0.39050144,1.6980724,2.3230398,0.094400086,1.4981219,0.8349167,0.18356726,0.16932729,0.15590367,0.9194921,0.34188646,0.07035478,0.37801948,0.69079036,1.3278083,0.11299595,0.65383536,0.8877608,0.65902597,0.65550774,1.4244827,0.39046422,1.6174215,0.0,1.0656099,3.3221753,1.344067,0.17605466,0.2504804,0.7644616,1.3352276,1.2313089,0.9241669,0.79490215,0.122004576,0.12130464,2.0772238,4.6999373,0.5460599,0.5051591,1.9199896,0.628937,0.6587701,0.49656507,0.36422476,0.22889917,1.1837718,0.004177877,1.2443162,0.15441772,0.36127424,0.3389616,0.38363117,0.8735854,1.3172417,0.72899324,1.033286,0.4579623,1.1449165,0.13789135,0.40960354,1.8079596,0.4402432,0.32645378,1.0801303,0.16950235,1.3874927,1.1287676,0.19540069,0.3147042,1.4920247,0.7613257,3.5046072,0.5937366,0.37399012,0.40635747,1.7569298,0.16196425,0.6383795,1.6680939,1.2381078,0.08171969,0.6905737,6.0209436,1.7513901,0.4802302,0.29137114,0.1522816,1.1738143,0.42472166,0.5122144,0.98322254,0.66176,2.4965363,0.38262475,0.26193038,0.21422663,0.17909805,0.6443338,0.65348625,0.009911464,0.13529612,0.084290065,1.7840054,2.0479183,0.5033283,0.082025886,0.91989887,0.64521015,0.05046602,1.0635889,1.0540171,0.079276845,0.0099237915,all_pothole_images\pothole_images_new_image_598.jpg
1.1174508,1.8525499,1.0425812,2.067792,1.1407448,0.09211016,0.30400252,0.0,0.22178723,0.3919178,0.22277632,0.6951343,0.05670532,1.118535,0.24837017,1.5884283,0.14900334,0.024982547,0.10222147,0.038098317,0.12879825,1.8195573,1.43886,1.4142355,0.18001407,0.3535544,0.028843217,2.0098495,0.11739019,0.6703477,1.7078456,0.07872917,0.74451214,0.59347457,0.71128297,0.19378886,0.52165926,0.23413925,0.18457387,0.7577938,0.004910002,0.47434548,0.6456079,0.6455833,0.82057524,0.0,0.3558504,0.176474,0.11002118,0.13143088,0.31933585,0.65474164,0.19595072,0.14006396,0.0,0.3149213,1.484559,0.06980098,0.15419492,0.040990055,0.0,0.16739999,0.66405237,0.40236273,0.29933426,0.2430678,0.25063723,0.10856003,0.10844768,0.09527501,0.08375673,0.0,0.3187275,0.21941528,0.012935261,1.4028676,0.25498024,0.4500107,0.0,0.52531934,0.46462825,0.12359064,0.13006088,1.2939087,0.20758905,0.69209653,0.03258255,0.15664735,3.896156,0.48336035,0.036077686,0.010509726,0.084405564,0.054830104,0.13313676,0.046232894,0.3040276,0.7666082,0.059679244,0.26211908,0.17320314,1.2546906,0.38126045,0.6083613,1.0323637,0.042805817,0.09344629,0.26809412,0.42707202,1.575741,0.029974299,2.7139425,0.559412,1.0101705,0.32160974,0.85674155,1.8511252,0.18781132,0.9400856,0.6964961,1.1438828,0.33342138,0.16603781,0.4003589,0.7355195,1.0648382,0.45995525,0.40751064,0.08735899,0.23280747,0.20330487,0.017292202,0.2842039,0.0,0.27762234,0.25420365,0.09264946,0.34276605,0.0565454,0.0,0.1981479,0.48295906,0.09766248,2.1027408,0.24972598,0.8796033,0.17767219,1.0993627,0.18074387,0.6724048,1.0823138,0.2493931,0.24483176,0.59614563,0.6024867,0.3310996,0.19720064,0.058032934,0.9264929,0.67945796,1.1527761,0.3104718,0.10222325,1.9697477,0.2579562,0.7571685,1.2013409,0.0,1.4775095,0.2113261,0.030573547,0.32177052,0.46288553,0.035133384,1.0564855,0.17781588,0.79765254,0.0,0.0,0.03156394,0.026701584,1.2267618,0.7346569,1.3955538,1.0549961,0.041269735,0.086770505,0.0023864105,0.77764034,0.47445008,0.6744841,0.3809566,0.09805735,1.9746042,0.62256444,0.2888992,0.14410743,1.8401674,0.31554934,0.38672486,0.5037808,0.36394265,0.0,0.016020775,0.22877884,0.29791406,1.1047872,0.017621523,1.4691066,0.11853865,0.21356767,0.4799365,0.48819664,1.2740728,0.54605716,1.1234514,0.49550825,0.0,1.9565445,0.04003569,1.9779053,0.0,0.4512689,1.4022138,0.1872887,0.1297298,1.4086369,0.45290864,0.48811263,0.17738825,0.24583621,0.36160362,0.14458252,0.0013749013,0.17165378,0.07660486,1.7470485,0.0106211025,0.40168837,0.10170075,0.30932972,0.0025355234,0.36442226,0.1901397,0.034879565,0.0,0.3935592,0.018227428,0.6193415,2.877239,0.62212044,0.084160976,0.10234025,0.015136443,0.48423594,0.0,1.5655545,0.067483775,0.6912861,2.7776034,0.5787866,0.37192285,0.66531867,0.01308403,0.40568137,1.5726964,0.19105993,0.12166465,3.8409784,0.05237099,0.33217373,0.0,0.08021278,0.345679,0.05380473,1.5951837,0.0,0.6720167,0.80239797,0.6181569,0.020249391,0.13211901,1.091389,0.83682406,0.46931082,0.44165304,0.19463997,0.5553332,0.18286121,0.0032771633,0.27562928,0.4617891,0.3826702,1.2429922,0.20635556,0.28166312,1.4231081,0.26036358,0.014862093,0.49762297,0.25192595,0.24698286,0.0,1.5507845,4.0089846,0.07173889,0.106440194,0.6734594,0.47464132,0.12011407,0.20143466,1.7064564,6.577523,1.3575808,0.18587656,1.1658509,0.0,1.3501517,0.8729831,0.2862627,0.73111033,0.34741357,0.37584242,0.43146044,0.13729458,0.22110711,0.44215515,0.78470033,1.0408864,0.43736342,4.0869393,0.17225154,0.0,0.08597981,0.009451327,0.21693382,0.9564255,0.5434215,0.6897644,0.0,0.78233427,0.70400167,1.8266027,0.036679287,0.19521809,0.023423998,0.3252944,0.001813689,0.12515604,0.3569335,0.036434736,0.85144275,0.49091652,0.3099847,0.05126602,0.016058484,0.23506367,0.17808159,0.23343322,0.82000667,0.30029592,0.4729216,0.97783583,0.30861834,0.0,0.5113047,0.63812315,0.018481325,0.43298906,0.446336,0.17531598,0.3161863,0.13002792,0.03176352,0.85313165,0.2642841,0.25957316,1.2099271,0.091669954,0.17258188,0.40796286,0.07063059,0.95510817,1.2816665,3.152105,0.7999161,2.2674153,0.044312652,0.045027815,1.5559138,0.24402672,2.0466466,0.015452655,0.01584386,0.055605337,0.59827125,0.73326325,0.29076713,0.013016836,0.0,1.3124588,0.6210184,1.1887889,1.4024054,0.7093708,0.23199469,0.37071627,0.4065453,0.074591406,0.07233287,0.59986264,0.16027062,0.6212146,0.3319049,0.010516447,0.20393702,0.3414312,0.7615433,0.52041477,0.13749324,0.9213199,0.17952539,1.5640405,1.6563381,1.1224988,0.16378297,0.39079708,1.0090009,0.41604188,0.58479416,0.33206835,0.35363466,0.13710003,0.4159385,0.062252812,4.4759846,0.46788904,0.21759042,0.09280619,1.0213559,0.46948496,0.114646435,0.19178925,0.060876437,0.09057247,0.0025841594,2.1878848,1.0269761,0.26017743,0.503814,2.154088,0.11103809,1.9937538,0.6921008,0.43293324,0.4220282,3.3487349,0.80827796,0.14482354,0.9901925,0.41575164,0.15207838,0.12907237,0.0,0.43125916,0.34631437,0.049817696,0.072078735,0.22324698,1.6093472,1.6688625,0.04050409,0.0690652,0.48896953,0.31187305,0.009195214,0.24673389,1.0041606,0.38782296,0.8765171,0.9759952,2.4336705,1.832483,0.81468505,0.0013895216,0.6463245,1.1855372,0.6574011,0.5290316,0.10455426,0.26254508,2.0280156,0.027755484,0.0,0.0,0.03510145,0.48947328,0.14182925,0.0,0.0840512,0.017342705,4.907592,0.42720774,0.9775137,0.2224871,0.2815045,0.0,0.6274653,0.2620794,1.1686761,0.09415199,0.16151395,all_pothole_images\pothole_images_new_image_599.jpg
0.023941208,1.1211438,0.10731498,0.7943429,0.8952607,0.040180195,0.13237226,0.0,0.605439,1.2978785,0.24061407,0.88761866,0.7985575,0.6090298,0.048385326,0.5593644,0.032574058,1.5330836,0.6108037,0.24261145,0.12872489,1.503689,0.7605197,2.4373045,0.10114753,0.15549669,0.109341696,1.4910859,0.0,0.98967695,0.49852383,0.2543635,0.7186652,1.3191848,0.051705573,0.1799892,0.22885033,0.5817485,1.071571,0.00061782065,0.0,1.3856475,0.4619133,1.5045357,0.96912396,0.19047432,0.7496058,0.007368718,0.12664486,0.6124077,0.5378162,0.56303304,0.2452543,0.07532635,0.21692443,1.2169762,0.084755465,0.25187096,1.1155776,0.78136736,0.2747275,0.36867225,1.5303173,0.6087893,0.9768338,0.26604554,0.09968913,0.17932664,0.112222835,0.54090714,0.5486872,0.60455614,0.19340388,0.69751143,0.48468736,0.1055037,0.37985805,0.24440706,0.3419018,0.3938339,0.20270687,0.17657524,0.89651614,2.549815,0.3130214,1.1242611,0.18104559,0.11357162,1.0582193,0.41755956,0.4246977,2.1478865,0.4448539,0.15227084,0.39297682,0.23321375,0.31091744,0.599331,0.7533857,0.1592626,0.78608996,0.49459806,0.0,0.06907049,1.0774801,0.26373827,0.15981854,0.18951242,0.74760604,0.5890117,0.43374893,1.3098032,0.54694235,0.034880605,0.44022432,0.81917703,0.3523658,0.36605027,0.19733521,0.38168475,2.3034978,0.04644641,0.14219552,1.3539901,2.0183458,0.30666968,0.3188551,0.16790606,0.13231036,0.6813383,1.607942,1.1888316,0.19932735,0.03560906,0.42159396,0.14694099,0.34059605,0.4522153,0.44524282,0.83762103,0.57377595,1.6399927,0.34010676,0.593809,0.1454,0.5205512,0.67085904,0.06386944,0.1675881,0.16170222,0.13691941,0.3291073,0.2774483,0.13788638,0.80102,0.17131992,0.5288795,1.2919103,0.35771817,0.72831345,0.52850956,0.48002282,0.9728496,2.9366124,1.5741075,0.37802267,1.2188193,0.19933587,0.8225109,0.80449295,1.268975,0.81362206,0.23167808,0.2774755,0.93089867,0.0063870084,1.4351246,0.26809075,1.0525147,0.10211987,0.12022319,2.663378,1.4727907,0.56339383,3.7883432,0.08530806,0.67424184,0.6102497,0.15212417,1.6276379,1.3295798,4.266696,0.1797612,1.0033937,0.13422145,0.0,0.63458234,1.3057592,0.49915245,0.031229384,0.1317523,0.39112526,0.7022654,0.41610807,1.0310081,0.98849577,0.53459257,0.5989006,1.9630865,0.3300298,0.035167895,1.2246099,0.75671804,0.6058887,0.38519177,0.58789515,0.019423801,0.42292506,0.36883724,0.24845469,0.5641961,0.5431605,0.31060642,0.22128107,0.26540548,0.06412047,0.63928616,0.28227,3.087205,0.5118942,0.49511972,0.9420949,1.0494362,0.6415861,0.4464544,0.09029177,0.4484819,0.6679408,0.19670406,1.0951235,0.14690012,0.14624156,0.3699247,0.44940785,0.28701717,0.16209182,1.4236867,0.88583404,0.69102335,3.8479254,2.115614,0.00050783093,0.4538876,0.28206837,0.45082664,2.6086764,0.15193956,0.17570357,0.017634613,0.55959463,0.9414559,0.0,0.22960262,0.8294829,0.009667295,1.5039202,0.57723784,1.1826322,1.1586318,0.04896849,0.44185272,0.21973139,1.7601136,0.18676679,0.3539403,1.4750499,0.011457993,0.69872797,0.6864876,0.23197271,1.0959276,0.9910307,0.5813254,0.027444303,0.4797984,1.0030468,0.9954403,1.1131927,1.0146636,0.044401888,0.0,0.12891161,0.2893485,1.375833,0.9988275,0.58226454,0.44982877,2.2160745,0.030569866,0.34925124,0.74692357,0.34520274,0.010021842,0.16711643,3.4589145,0.37436146,0.5025377,0.8412944,0.5284749,0.6588616,0.6817109,0.5654821,3.1068654,1.9297909,0.096833736,0.35827145,0.1806605,0.19447097,3.990469,0.26209402,1.0847094,0.7068026,0.6227644,1.0550508,0.7658831,0.40215296,0.61867905,0.24769442,0.037806988,0.3547367,3.2030833,0.007911564,0.14519449,0.5494733,0.0762382,0.15801765,0.2485572,0.5704181,0.343633,0.104180686,0.2876052,0.51268166,0.7807178,0.37240246,0.3144799,0.005248547,0.28848535,0.32372096,0.05390557,1.8455582,0.39450905,0.2816272,1.3836926,0.32319367,1.5561565,0.30538905,0.09702057,1.3284883,0.66702986,0.1943876,0.9545917,1.2186223,0.8715576,0.07249168,0.1293383,0.26846513,0.36097246,1.6295786,0.27899474,1.3927706,1.1593665,0.45304975,0.2723865,0.1433881,0.70723253,1.3616691,0.05921846,0.86782074,0.7740425,0.19209972,0.8837299,0.28361428,0.062092282,0.52997166,2.7730606,0.082726106,1.3853064,1.3074678,0.28864148,0.66598386,0.9439466,1.4458532,0.37691864,1.6368121,0.5679914,2.2444656,0.2481202,1.7909813,1.1029978,0.48446515,1.3118725,0.942718,0.41256753,0.3628835,0.26926872,0.4067294,0.10841257,1.15793,0.36952278,0.07674798,0.57193154,0.3756245,0.620647,0.83216465,0.9321496,0.6093755,0.9099607,1.2486714,1.0038266,0.20482925,0.4908266,0.34666392,2.0019186,1.281826,0.9920859,0.44721827,1.5562135,0.2672325,0.4507939,1.0949237,0.8588473,0.73288196,0.10281207,0.30778992,0.063127056,1.3599997,0.08762805,0.18881258,1.532179,0.39732513,0.815021,1.1979674,0.3054221,0.083797775,0.723191,0.40560415,0.40660086,0.2260753,0.22198363,1.9651225,1.0389022,0.22089137,0.8999395,0.14051694,1.1083137,1.5736426,0.24895245,0.64423436,0.22856252,0.3378889,0.57313126,0.82190704,0.8472967,0.09305337,0.04578486,0.2282914,0.26428506,0.094020985,0.010539028,1.245774,0.9981312,1.5832161,0.011772239,0.6516957,1.0828502,0.6795293,1.9244574,0.7937905,0.8470624,0.024801325,0.5188305,1.2240406,1.4591287,0.76727635,0.04232451,0.51651055,1.6756959,0.39722517,1.0907719,0.059300724,0.002549276,0.4035293,0.10957796,0.25815696,0.015524285,0.07335241,0.43440488,0.31201732,0.18238264,0.73620874,0.16814017,1.8306249,1.0065556,0.7058401,0.6581219,1.8633357,0.1947614,1.5972099,1.1787692,0.24638355,0.48074746,0.19260707,all_pothole_images\pothole_images_new_image_6.jpg
1.1485646,1.2272097,0.8219,2.0801442,0.44083145,0.86870056,0.8480637,0.57668257,0.25023443,0.63156277,0.47998914,1.4194616,0.15628417,1.2840319,0.46529332,0.12683913,0.0072737043,0.010774732,0.1039787,0.47862563,0.4558641,0.67866606,0.26992163,2.7409575,0.6716269,1.5323356,2.176216,1.1029733,0.69174534,0.40162906,1.1137321,0.11634783,4.6447587,1.5272347,0.06976684,0.0018421423,0.7702879,0.9666102,0.26768002,0.55311215,0.65454155,2.1274846,2.8525658,0.82295156,0.2859969,0.9068599,1.0011749,0.43478337,1.0739788,0.41164172,0.030727712,2.0446243,0.71464425,0.71357864,1.0716096,0.26538658,0.52427405,0.08198541,0.48171428,0.9675073,0.3716414,1.8155276,1.0179067,1.6272095,1.3077265,0.6630819,0.30987176,0.6012699,1.6638367,0.111145906,1.5863006,0.041144885,0.16744226,0.77612466,0.33968943,0.2667094,0.6264097,0.42103657,0.44500965,0.05344327,1.2619427,1.0303774,1.2465878,0.8977834,0.80115074,0.6330851,0.3026513,0.16344279,1.7100873,0.6370628,0.47122222,1.0655136,0.67324424,0.15192974,0.15770632,0.16464315,2.2704191,0.24589618,1.5343325,0.38319668,0.13464653,0.74831694,0.13582282,2.609224,1.9554532,1.312284,1.576998,2.4473722,0.5365174,0.5037216,0.5716222,1.2520784,2.3501072,0.054771163,0.18766734,1.8492631,1.0251681,0.046424292,0.082422234,0.8709745,1.3511572,0.21366961,0.3991281,1.0884581,0.41196352,0.04923914,0.27864274,0.68030393,1.0411338,0.6970571,1.1042578,0.18372434,0.15029247,0.3869836,0.5418487,0.4302298,0.1859835,2.447287,0.24709976,0.38712928,0.1516252,0.8206172,0.8066677,1.0818785,2.3208404,0.9045248,0.6703565,1.7609973,0.61496246,0.21778418,0.18557952,0.5395172,0.48590934,2.0272148,0.7618055,0.21296167,1.2623823,0.1066632,2.3155987,2.5365257,0.7872903,0.6655239,0.9462355,0.0027498328,1.4289892,0.26308522,0.97313094,0.31287065,0.08679372,0.5318556,0.6676185,1.4828835,0.81777954,0.49894145,0.6580131,0.48769817,2.9982762,0.5197193,0.2884346,0.5756691,1.6294669,2.2327578,0.93691313,0.36721864,1.1142893,0.0,0.36473227,1.0118692,0.23866625,0.5961651,0.54384726,1.233035,0.5194562,2.0047848,0.6402899,0.20203313,0.5550416,0.74304134,2.7076814,0.20236729,0.55438364,1.9134076,0.9408306,0.7276686,0.5613885,1.004402,0.69852316,0.25063396,0.8755455,0.15091464,0.22701918,0.5085748,1.2354411,1.4821011,0.675635,1.0219078,0.90417767,0.0,0.5785118,0.84344214,1.912781,0.49372184,1.724867,1.5694325,0.7038077,0.58917874,1.8458984,1.2839987,0.12522376,1.589668,1.9344927,1.4068463,0.8846256,1.4895487,0.6946697,0.118261024,2.1430674,1.6168602,0.9277682,0.8711314,0.6217847,0.023947222,0.16334784,0.96717274,0.34851366,0.3311772,1.3843716,0.96880865,0.7705229,1.4991038,0.9886364,0.016586712,0.578793,0.54337204,0.9208914,0.19626413,1.2056887,0.47202364,0.8745047,3.5704317,1.789022,0.75648963,0.07334304,0.5781094,0.19749014,2.0946825,1.5917816,0.54924846,1.9113476,3.0247164,1.0087017,0.05947479,0.07114643,0.013483425,0.13591817,1.0313445,0.33547226,1.7216198,0.43844837,0.9409522,0.27292725,0.6362084,0.069554724,0.3871491,0.25075445,0.6089274,1.8424237,1.0719199,1.5286325,0.4465457,0.5972377,0.11597539,1.8182474,1.5934134,0.6933394,0.43007952,0.925411,0.87742954,0.625963,0.7700755,0.12456809,0.949551,0.68028194,0.88578415,0.8565476,1.7849431,0.6541712,0.8255727,0.38616452,0.15984698,0.72556967,2.263078,1.3157802,0.65375376,0.012583429,0.6413406,0.5341233,1.193633,0.013740065,1.6371754,0.78974885,0.22241747,0.36490327,0.2101742,1.2882799,0.08205334,0.2190821,0.7647294,0.6568745,1.1715381,2.2923331,0.4494035,0.10898298,1.7996333,0.8319431,0.15199706,1.9957913,2.4248834,1.1227653,1.4222732,0.41385067,0.3149404,1.3558468,0.70163524,1.5604575,0.07041812,0.5293483,0.22171964,1.264884,0.23413083,0.47873002,1.5109097,1.2699943,0.6430771,1.0748911,0.67431265,1.8119155,0.23247403,0.26347646,0.04805804,1.2488121,1.090376,0.08845364,0.05303693,0.561269,0.1476275,0.73539805,1.983043,0.6289119,0.6979589,1.7457266,0.32062522,0.31409866,1.0885291,1.7740003,1.1718092,1.0958664,1.5852677,1.3132173,0.9575441,0.73882455,0.4225691,1.0974377,0.23342387,2.1501884,0.9711294,1.0627902,0.25036383,0.0627383,2.0480657,0.67101693,1.3486696,0.0,0.5604259,1.2865695,1.1610231,1.6185312,0.33709148,0.96103513,0.103856824,1.8787496,0.5000083,2.062944,0.6045958,0.5744355,0.3058167,0.43580067,0.112777784,1.1193979,0.50960004,0.19181977,0.77474195,1.0916466,0.40549487,0.13369073,2.042075,0.67218703,0.6961335,1.011932,1.061612,1.0589697,1.7642548,2.2837665,2.2714736,1.0450718,0.4811512,0.60630405,0.53564185,2.9503152,0.6075867,0.022762755,2.0275717,1.5985415,1.0650221,0.57602066,1.9081109,1.284494,3.2091293,1.3265278,0.016857712,1.2254392,1.6015874,0.36547336,0.3125368,1.0713025,0.09545754,1.0868827,0.17170076,0.47092405,0.5235251,0.58133656,1.349027,0.07461248,0.9302971,0.60256207,0.28485864,2.4744928,1.0871985,0.035338067,1.0580795,0.31006575,3.2248862,0.09445525,0.32403418,0.059417754,0.8483119,0.43853685,0.10584575,1.6731036,1.8815964,0.09424311,0.26798105,1.0578487,0.0046392363,1.8173584,0.09850955,1.2054895,0.5346091,0.64652973,1.11987,1.4462297,3.4451344,0.8436242,0.050101966,1.0806415,0.65463626,3.8954437,1.1330597,0.4404095,0.17608671,0.69825774,1.6737299,1.4736216,0.52875364,0.7538462,0.41754702,1.2474726,0.58275527,0.30561137,1.1190985,0.26939818,2.1230712,1.1682596,2.0235403,0.21957763,0.30039302,2.0428936,0.9088885,0.36112228,0.5505519,0.4951555,0.43416154,all_pothole_images\pothole_images_new_image_60.jpg
1.7687343,0.72214025,0.21434374,2.5741246,0.694031,0.08490273,2.0815184,0.0,0.06952225,0.2566133,1.1948946,0.98222816,1.0709485,3.602263,0.005207277,1.994678,0.013361749,1.4810762,1.3961736,1.2444814,0.07519027,0.2184349,3.3404496,1.13998,1.2431849,0.013785681,2.118168,1.5938742,0.06960177,0.59126663,0.13260156,0.7944937,0.44640505,0.9778399,0.031782247,0.014683769,0.075107455,2.1404066,1.0868338,0.21849659,0.029558925,0.29624996,0.59715307,2.4020073,0.025878692,0.4390087,1.772925,0.013579603,0.0224522,0.7342735,0.84107065,1.4055767,0.05262296,1.4943779,0.7357243,0.70480233,0.1891191,0.19063953,0.5672378,0.30443218,0.17977315,0.7482041,1.3411846,0.36641198,2.4992828,0.7356098,0.6083256,1.7675298,0.24205121,0.95381576,1.6266648,0.08673954,0.15472868,0.01169065,0.3646134,0.024750514,2.20708,0.9213117,0.13884196,0.011685651,0.20131119,1.0476549,0.52638054,0.70149696,0.32906,1.9792794,0.041458055,0.17255415,0.51716614,0.55943006,0.6465271,0.5204825,0.60523665,0.6564837,0.10572842,0.4169173,0.15687715,0.8143131,0.069486715,0.8778352,0.812173,0.8492858,0.49171945,0.22440968,0.78003794,1.9551915,1.103989,0.4267974,0.13806167,0.9103674,0.48007587,0.77226,0.936891,1.0661167,0.17976259,0.2980559,0.3409851,0.95744795,0.8609057,0.85879666,1.6808991,2.4551172,0.26130056,1.7320858,0.7767146,0.37518254,0.0650383,0.68130857,0.3056968,1.0082203,1.4216794,1.6495042,3.611373,0.43730572,0.06997645,1.0119928,0.3464455,0.61044693,0.14407267,1.7727857,0.14534637,0.45380762,0.9342825,1.2258939,0.87518084,0.050075904,0.38094845,0.12852137,0.52151585,0.18457043,0.49268395,1.14284,1.5519445,0.36549252,0.6075824,0.064870074,0.3445453,1.1894462,0.474703,1.2260336,1.0434601,0.9358503,0.017672315,3.7021434,1.8850026,0.3121748,1.0114172,1.07772,1.5284878,1.10656,1.3053788,0.024222154,0.3582136,1.1940643,1.4581406,0.7622231,0.397697,0.015989648,1.3882267,0.08347633,0.12422569,0.5440979,0.20806916,2.9312282,0.45027706,0.004595078,0.11987846,1.2581087,0.4574103,1.4980751,2.5227528,0.23742302,0.8521655,1.3469508,1.5498512,0.3200263,0.95893794,3.4895422,0.8178804,0.05551308,0.97349143,6.1396394,1.5738766,0.10924581,0.12094644,2.346927,1.0271937,0.8788326,2.7995126,0.67483854,0.11860201,0.39685377,0.9236137,0.07468128,0.29817316,0.23890989,1.6738042,0.114788406,1.3361897,0.62667775,0.8012892,0.45487905,1.1816472,0.18514374,0.024381904,1.3659581,1.2715645,0.0157728,3.2112024,0.15298505,1.1679109,2.782847,0.3733217,0.7014621,0.0,0.018773561,0.7724649,1.7977942,0.05059095,0.6239568,0.895539,1.3671491,0.009186954,0.45089176,0.17489028,0.12491825,0.9040788,0.19096999,1.2850044,3.5575275,1.9266261,0.09989551,0.579596,1.0013973,0.5781143,1.305615,0.08535472,0.3759037,0.24918486,1.5840067,3.2129192,2.1841857,0.43307424,1.0130192,0.017938526,0.42294934,0.40720055,2.0154676,1.8386716,0.4264269,0.23312424,0.6934535,0.33377448,0.5290303,0.02961465,0.49799633,0.23963651,0.89890254,0.7774755,0.017420523,0.40414906,0.69451225,1.584479,0.43625924,0.12872484,0.54941905,0.29232615,0.60732037,0.5222021,0.51623046,0.44808406,0.03414839,0.8137568,0.77381146,0.34778887,1.1699612,1.8370667,1.4794995,0.17879263,1.0516053,1.724188,0.46451738,0.12238965,0.71530235,5.025206,0.0016917175,0.9832003,0.13960986,0.43715832,0.17243265,0.30208823,1.0785438,2.1203878,0.9757452,0.33863893,0.06480514,0.3564179,0.6768109,4.4785037,1.057573,1.6338333,0.77422166,0.30897024,0.25206324,0.43662637,0.34458405,0.24561535,0.828314,1.8535334,0.6862085,0.8525893,0.0,1.3930842,1.4492502,1.2139796,0.015798375,2.7548466,0.57305676,0.8932486,0.6155009,0.8837892,1.5775685,0.24469776,0.7536233,1.1564488,0.25948262,0.013067929,0.63096577,0.09825485,0.6868544,0.3462395,0.47563976,0.81086916,0.29213837,0.12798817,0.4256999,0.5976988,1.6127999,0.56906015,0.5672374,1.4981359,3.318841,0.23621967,0.55756605,0.36819693,0.0015799009,0.5204889,0.12992968,2.0180948,0.29934216,0.89391047,1.7180896,0.4273408,1.3580782,1.415557,1.8497533,0.55517864,0.80642986,1.0259249,2.9384608,0.25194165,0.02926424,0.18581839,0.8853621,0.5949504,0.6007048,3.2474184,0.05276748,0.17956151,1.4643084,0.03729918,0.34531492,1.2660657,1.3028066,0.036435027,0.24129914,0.2772722,1.303302,2.6309369,0.08660315,0.39254645,0.14648542,1.1911023,1.7371409,1.8272771,0.35053125,1.009982,1.0570915,0.64370346,0.740268,0.010726982,1.2098882,1.1997427,0.5747744,0.840607,0.30720642,2.0267344,2.1132495,0.1391509,2.7848465,0.0,2.2274008,1.8181033,0.8748661,0.5258824,0.7655797,3.0511873,1.9764737,0.6285917,0.7994518,0.24485825,3.9164596,0.051998112,1.1099452,0.28733513,0.11643808,1.0043432,0.61555994,0.8004726,0.45458487,0.11548425,0.526006,0.17794243,0.01818951,0.6464797,0.35486844,2.008172,0.23216593,1.0729061,1.2372721,1.759077,0.98525965,1.8336121,0.86837286,0.10234939,0.8785348,0.4910516,1.2480241,0.18685922,0.4899232,0.9597982,1.333929,0.18870369,0.4349864,0.44201586,0.8569415,0.62665135,2.0781934,0.4466482,0.5069568,2.5563831,1.4852995,0.37310258,0.8163034,0.5105626,1.4381515,0.25446767,0.30146617,0.4550592,0.37023014,1.0287219,0.33820915,2.7671776,2.3415115,0.38044733,0.6107609,1.0293685,0.39638302,2.809564,0.75363415,0.45718867,0.36794853,0.5426662,0.9803805,0.14032985,0.0,0.52901715,0.0099554,0.10854785,0.29678702,1.5964402,1.2660855,1.2544779,0.7932074,0.17615616,0.4597219,0.76753646,1.3818294,0.24369387,0.23793103,0.07241685,0.29831532,all_pothole_images\pothole_images_new_image_600.jpg
0.3989116,0.819744,0.42390317,0.07614933,0.801544,0.5717016,1.6656568,0.7270144,1.0915247,0.025684526,0.47582105,0.037022248,1.1813923,1.2986767,0.13959587,0.048473183,0.21427123,0.12793413,0.42090955,1.3729889,0.27479464,0.8435087,0.7502475,4.4131317,0.31193036,1.0974007,1.9160362,0.24499203,0.90332425,0.51813054,0.64999276,0.49902385,1.2204864,1.1222073,0.8040675,1.0147609,0.950971,1.282606,1.1897913,0.07527223,0.77273786,0.37129238,0.43617216,1.2202994,0.66810614,0.096300356,2.8522215,0.11931898,1.4352317,0.35374302,1.8278311,1.5948132,0.57315516,0.9768189,0.09504254,0.4150482,1.3003697,0.44011208,0.6982788,0.5426986,0.29317474,1.7538874,0.35505897,0.07915504,0.27750596,1.7380205,5.3857656,1.8733675,0.1578392,0.76445067,0.061370727,0.26169255,0.6215061,0.27948174,0.550218,1.4999013,0.39146167,0.70265615,0.8175368,1.2311027,0.123658255,2.2015085,0.24067876,1.1999061,1.4511267,1.1415079,0.5835894,0.48524183,3.998334,0.88990784,0.41628456,0.8134319,1.2947208,0.11992064,1.2802691,0.035988886,0.08447927,0.07179317,0.39819488,0.50676316,0.0921388,0.38495243,0.2871819,0.1718278,0.51004344,0.07717043,0.67702407,0.41679484,0.025370512,2.0575826,1.5107422,3.4890106,1.7553097,0.40921116,1.6853125,0.36643112,0.7936444,0.6148454,1.351096,0.0837453,0.5186008,1.9013077,0.97322875,0.8457411,1.7375399,0.514865,0.06426051,0.41321322,0.852797,0.7758762,2.1078296,2.107404,0.5610731,0.9629402,0.14402927,0.27394453,0.32585707,0.20173334,1.2430468,0.496424,3.380889,3.2500966,0.5240342,0.09034707,0.20390086,0.6084687,0.05504458,0.13926116,1.9982461,0.28463498,0.38013178,0.32924846,1.9432896,0.0060670595,0.7894521,0.72426075,0.5057673,3.3286798,0.5339451,0.27632958,0.7962927,1.0995032,0.0,0.7048454,2.377857,0.72079295,0.30110323,0.118514545,0.265017,0.038359296,0.16448371,0.009781364,1.2364324,0.49052903,2.064276,0.052492846,1.0873535,0.8042095,0.5350545,0.1551636,0.28269157,2.7284873,4.1333313,3.8909202,0.89129525,1.0763526,0.6675136,0.34403142,0.04358932,0.39449978,1.9428351,1.7545637,0.20596364,2.7201307,0.0790995,0.5565162,1.101656,2.020374,0.40868533,1.9160017,0.04655983,0.7132214,0.026358636,1.2912269,2.237975,0.67275345,1.4770607,0.061889563,1.2691741,0.824366,0.7980253,0.48928824,0.6610629,0.78924686,0.41380534,0.64021134,0.34847406,0.76231533,0.46744806,0.77918196,0.36329916,0.057686433,0.8890491,0.6201438,1.8985016,1.115083,2.4447439,0.0,0.9756808,0.09874514,0.7928017,1.1580273,0.8673626,0.008883555,3.221745,0.41660556,0.12996393,0.0014413242,0.5168865,1.6790841,0.13547064,0.25660846,0.30339202,0.27282763,0.0,0.15851824,3.0445,0.36238876,0.7123039,1.9891049,0.8048935,3.16564,0.61242,0.6365878,2.2053316,0.5198213,0.45915926,0.06393653,1.2264804,1.7584113,0.44439098,1.6228242,0.729403,0.13826358,0.31672317,1.5418696,1.1727614,0.3810964,0.05764431,0.25348452,1.4129772,0.0,0.50342274,0.58413875,0.25668162,0.6315859,0.48794976,0.17854929,2.0583606,1.0080492,0.5607943,0.68455386,0.30026993,2.0354328,2.0819697,0.32860914,0.31331962,0.4648465,3.5228426,0.09452305,0.9289939,1.3151416,0.83970803,1.7269979,0.03882918,0.67149913,2.5971465,0.16695493,1.8931037,0.07946918,0.0,0.03893069,0.14000484,1.2233634,0.9227693,1.5011797,0.11113542,3.5937307,0.6746541,1.3516278,1.4510577,0.45291993,3.6089807,0.88003623,0.22411264,0.4445145,0.0,0.7098788,1.7436877,1.0036178,0.625716,1.8870229,0.66675556,0.24501216,2.187318,0.23198403,0.94462645,1.1505107,0.6983549,0.36638826,1.3069648,0.67477226,0.2807751,0.23650032,0.2582507,0.18965232,1.0725341,0.1744231,0.4066676,0.8914307,2.9483037,3.4350717,0.15618467,0.079701394,0.29292306,0.21002091,2.2433958,0.8009642,0.01898679,0.03646806,0.01242162,0.95647156,2.2480335,1.2316251,1.6614856,0.1349058,0.29613042,1.3077856,1.1178873,0.06743027,0.5271264,0.8381841,0.40043926,2.788855,0.011171998,0.2624745,0.7989181,0.18265495,1.3476816,1.3755543,0.9973442,0.75361073,1.1078763,0.16679378,1.6210716,2.1550443,1.7038234,0.5188192,0.0048350026,1.0795046,1.197706,0.089483455,0.16328426,4.080914,0.7626425,0.96821225,2.1338563,0.779986,0.71501654,0.33847815,2.4763474,2.5608296,0.018617883,4.0351143,1.2958548,1.4203228,0.11881931,0.6898908,1.3432195,0.4721572,0.025398018,0.29705617,0.5422768,2.5701833,2.334991,1.0620173,0.7528685,3.3930256,0.0,3.4971573,0.20735592,0.42945415,3.2609756,0.7087944,0.15047772,0.0,0.69100964,1.1010581,1.750502,0.0,0.25141397,2.280057,0.82198876,1.8046725,0.29848662,2.3044848,1.8741328,1.2080109,1.089507,0.4309338,0.59886956,1.0793078,0.7458272,1.7869456,0.07505733,2.687659,1.3214142,2.0594695,0.77852863,0.49061242,0.26948956,0.18016712,0.049071312,0.0,0.020704662,0.44854245,0.09263653,1.5398735,0.9780658,0.2420139,0.25705153,2.2213974,1.6320641,0.030828977,0.117454335,0.48125017,3.1375926,1.1470438,0.22966334,0.9991819,0.59529257,0.022056093,1.5263921,0.11089313,0.5290681,0.53548694,0.7849101,0.015833393,1.8461288,0.9020943,0.27942556,1.4906999,0.70308435,0.32196414,0.041408498,1.0285908,0.9089092,0.27361214,0.40325704,0.986984,1.1498108,0.46936888,2.0863154,1.0731295,0.11293577,3.6966095,3.789139,1.2552435,0.07213888,0.16531248,0.1509798,3.1410758,1.7894417,0.072816856,0.38717905,0.010019555,1.5212988,2.2634234,0.17756197,0.7791355,0.4166429,1.6667829,0.48157126,1.6688951,0.19091898,0.3770989,0.0004820789,2.595964,0.6972904,0.26589122,1.8100499,2.1713047,all_pothole_images\pothole_images_new_image_601.jpg
0.21102022,0.9504446,0.7923994,1.281742,0.059226613,1.050434,0.9055115,0.08587805,0.51096964,0.71020967,0.13660641,0.6546961,0.6918061,1.4506749,0.603118,0.8670805,0.14359775,0.48690966,1.8171647,0.39765117,0.5959473,1.7287873,1.0026511,0.36611086,0.427461,0.6083501,0.0,0.3985005,0.007918596,0.09691807,0.12094062,0.3241058,0.28932884,0.28401226,0.39488935,0.6078702,0.13634734,0.5003607,0.7718763,0.5747019,1.0643376,0.39477658,0.8953918,1.6525005,0.1811298,0.46332532,0.09660785,0.41012046,0.8011477,0.33860186,0.41153824,0.74935585,0.7658872,0.3308945,0.73843026,0.15298794,2.2082424,0.38463533,2.0904443,1.6086539,0.39914715,0.5087749,0.31927878,0.22533125,0.34516144,2.4775703,0.31375432,0.9757651,0.73476976,0.48941287,0.14266956,0.29955778,0.19426093,0.06621456,1.7779505,1.00574,0.21171165,0.20937406,0.32563037,1.5796443,0.30131572,0.06312654,0.07571595,1.2239276,2.0355492,0.5851476,0.049087573,0.36817697,1.7407336,1.0082282,1.0226095,1.7852285,0.014913894,0.16659547,0.3851418,0.18135989,0.98178893,0.12658718,1.0265987,0.98512936,0.0006457531,1.7180254,0.5754967,0.3241498,0.98521763,0.44447777,0.29570302,0.27948987,1.0459449,1.0540527,0.0044180057,4.489975,0.042450037,0.34175724,0.5547096,0.3264907,2.4710093,0.7667535,1.6416302,0.26230925,1.8773532,0.7406803,1.102317,1.2839576,0.19946377,0.30274305,0.050885744,0.9347072,0.4011759,0.107475236,0.50461507,0.06281022,0.20121418,0.20134245,0.0035233567,0.0542701,0.017328126,0.6628445,0.18772277,1.1106114,0.1698237,0.40564454,1.6590971,0.8963511,0.12739035,0.63869286,0.49331933,0.30414963,0.958255,0.376011,0.46809223,0.21579294,0.000103786966,0.11900613,2.4223638,0.72742844,0.070957676,1.0433443,0.46081114,0.46616864,1.9151744,0.39801666,0.10366243,4.8620586,0.8590717,1.5703889,0.2512084,0.032203734,1.1440517,0.19377607,0.21149814,0.002491482,0.30188447,0.6254102,1.4209957,0.13405778,0.12399198,0.11812461,0.7330386,0.26763692,0.77875584,2.7865183,1.5315866,2.0770466,1.3498199,0.8949482,0.86131984,1.9365697,0.4378564,1.8689104,0.6792362,0.55919325,0.07088782,1.7507249,0.05328783,0.026774663,1.256335,1.5938847,0.55277926,1.0439811,0.11326941,0.6558126,0.94139254,0.26781872,1.4442763,0.3102476,0.5753181,0.65398157,0.6014054,0.07840615,0.02007997,0.16352287,1.130705,0.77075833,0.9796726,0.2883872,0.020065637,0.24723177,0.10306462,0.24330014,0.13114521,0.60481054,0.27710557,1.9286007,0.34427974,0.9973641,3.0051758,0.31805015,0.45886675,0.0003256702,0.3520994,0.09928158,0.20104948,0.0,1.955018,0.26990005,1.6933082,0.36022636,0.011006355,0.010277133,0.4000244,0.4966608,0.0028534513,0.34999216,0.11874986,0.040984392,0.5440006,0.12756215,2.0148015,0.6452003,1.4463515,0.35423908,1.2321825,0.12460362,0.46380123,0.64479506,1.8954774,0.7380573,0.58232546,0.2768502,0.054337487,0.018121563,0.11214098,2.6016653,0.5625705,1.6081688,0.02324605,0.06648443,0.0008338042,0.07003451,0.27636585,0.02562399,0.0,0.44372508,2.2590406,1.2706712,0.5773593,0.44262686,0.003704826,1.3488663,0.0013955574,1.6276234,0.006540975,0.5552586,0.67680997,0.10806788,0.3631349,0.619318,0.44534194,0.0419529,0.36209467,0.3491692,0.86864215,0.26457596,0.30185983,0.30800998,0.7185786,1.6060898,0.6165341,0.15626265,0.15765056,0.6172613,0.53575236,0.5121859,1.8686862,0.7008459,0.10824707,0.62659454,0.26921684,0.24973956,1.9616908,2.0361369,0.68029785,1.4039948,0.4284815,1.2892687,0.59031457,0.6971348,3.151053,0.041799583,1.5134994,0.9526707,0.13616402,0.4157073,1.5193752,0.82680905,0.27156433,0.0073719514,0.11614776,0.35115528,0.34483796,0.6622729,0.48364198,0.06411854,0.037505697,0.6675426,0.21061163,0.67896205,0.020435924,0.88428307,0.44031045,0.9015846,0.622823,1.2877961,0.13503334,0.48410052,0.23153055,0.20739703,0.006555826,0.69797236,0.13137321,0.1120172,2.7354991,0.124201246,0.25650415,0.09710726,0.14121382,1.7242526,0.57806355,0.064023994,0.24701622,0.5048612,0.53054196,0.7263696,0.20226347,0.44862008,0.663519,0.58128804,0.5563153,0.077887736,1.3573432,1.5300701,0.7919358,0.2339289,1.6584374,0.23363769,0.79173666,1.6117504,0.7448301,0.35014126,0.91229105,0.43211025,0.7147587,0.9322684,1.2386336,1.0305905,0.851026,0.0020373652,0.25201076,0.69814175,0.89186996,1.8884314,0.4096249,0.8488643,0.23270254,0.21150133,1.4793315,0.89667183,0.75757277,0.021622803,3.5845845,0.3411544,0.04701681,0.4129348,0.9586508,0.01263114,0.036578264,1.0729249,0.0,0.43914,0.5911891,0.90964496,1.9610313,0.26595458,0.06410168,0.07425704,1.5872009,0.26215166,0.25832793,0.010199484,1.2498703,1.3029792,1.6611527,1.7805554,1.556772,0.37325394,0.8774681,0.12436938,1.1823522,1.1571019,0.2538305,1.2892486,0.3007118,3.3516262,0.64793843,3.682107,1.0388824,1.1953902,1.1570973,0.1993107,0.059862886,0.26604447,0.0166567,0.7781836,0.16841729,0.012461175,0.61415553,0.19147074,0.0034057582,0.77669656,0.07280266,1.2113123,0.14482209,1.1552023,1.3354341,3.1788237,0.88084286,0.20577332,0.13307457,0.50617635,0.11405755,0.35092202,0.77751267,0.29501286,0.851216,3.041916,0.25264648,0.18107973,0.029499048,1.323292,2.1629179,1.7867825,0.08544111,0.5336799,0.50322807,1.329062,0.5473569,0.5906471,0.69771844,0.43451685,1.125359,4.726262,0.7986788,0.04790214,0.044301976,1.0700258,2.186447,0.020415822,0.7249622,0.17592756,1.1359395,0.17071214,0.22466381,0.21842022,0.74904794,0.61646324,1.1499796,0.08039873,0.1722613,2.2736454,0.99211806,2.7762196,1.1908083,1.0886147,0.9974372,1.6557992,0.0154005075,0.90729725,0.43249708,0.6484765,0.638779,0.60977244,all_pothole_images\pothole_images_new_image_602.jpg
1.286236,1.3740185,0.4330545,1.8088493,0.3514777,0.6845857,1.2110621,0.4233459,1.4014882,0.75283897,0.13320605,2.3502324,0.16793813,2.334609,1.4662226,1.1360393,0.58102846,0.32347402,0.974023,1.3508744,2.3173552,1.5224469,0.7895707,0.16726118,2.0961099,1.2218285,0.754168,3.377537,0.12194793,0.50176114,0.14230819,0.39309436,1.7691967,1.0561658,0.44447395,0.7341607,0.00882822,1.2308153,0.40817183,0.6781293,0.65817064,1.2122371,0.024213737,0.5727015,0.34844732,2.6697717,0.07371543,0.22259317,1.5212412,1.1775131,0.6702752,0.61189085,0.63875693,1.2861663,0.5347481,1.5699211,0.2532991,0.2485163,1.1975744,0.033265427,0.23864426,0.5768528,0.5110432,0.39501756,0.09356607,2.4343235,1.4991791,0.72726935,0.31643483,0.41847742,0.4263819,0.85804826,0.43798703,0.26885182,0.3664552,0.12002964,1.1420809,1.8509854,0.13036484,0.1778512,0.6332303,0.12528495,0.47626066,0.25064987,0.98127073,0.92449886,0.31299216,1.0829166,2.2348974,0.44852778,1.1598159,0.21847627,0.529243,0.5005062,1.4999303,0.10615441,1.6140255,1.3831573,0.39604685,2.4429116,0.01966813,2.2403708,1.1335503,0.5296351,0.6852003,1.3836188,0.82619226,1.1793776,0.09701422,0.39983475,0.72256047,3.6471512,1.2397066,0.042872135,0.6334822,0.07432868,1.1660609,0.12912863,0.7615906,0.8258961,2.8205826,0.003273363,0.18950775,1.7602215,1.6823816,0.868141,6.2321177,0.39328626,0.5885605,0.7011739,0.43045923,0.1495738,0.025093645,0.7929208,0.6405483,2.1283512,0.8963493,0.115156054,1.6388886,0.25023535,1.2372309,0.3568237,0.004158103,0.004728192,2.1610746,1.2749827,0.7530412,1.1491839,1.4039553,0.35518882,1.2906352,1.2750652,0.039338574,0.049211554,0.80238736,0.8856302,2.0927103,0.026505375,1.1012801,0.9199044,0.9379836,1.3178173,0.06770777,1.154624,0.20156342,1.6568036,0.5841936,0.089307375,0.9694659,0.960212,0.6245905,0.2363958,0.297503,0.19212788,0.16151051,0.6471901,0.43434423,0.0697081,0.9800373,0.92194796,0.1546301,1.5189166,0.861577,0.7590157,0.9406327,0.45764518,0.5739971,3.225153,1.3532166,0.8154095,0.9742964,0.49901104,0.0059537133,0.9809107,0.0884169,0.26891524,1.2846178,0.6686934,0.67871255,0.5328931,0.5935066,1.6697297,0.49519902,1.0988979,1.0345764,0.88100016,0.93324697,0.3112963,0.5219594,1.0828766,0.51233274,0.020420194,1.7742327,0.74154717,1.2277629,2.145931,1.1687776,0.08110105,0.758004,0.5463549,1.4265035,0.6665246,1.5536512,0.6863632,0.060229056,0.46861058,3.3909028,0.056702115,0.11230965,1.5262983,0.085436694,0.7875097,0.39724737,0.74640465,0.46429387,0.31318685,1.1182759,0.14268489,0.37752432,0.05907453,0.86148405,0.8241614,0.010404388,0.24747686,0.045790866,0.047758285,0.97561544,0.29611868,1.5636823,1.8107179,3.9468844,0.85059696,1.8174211,0.7502623,1.0513972,1.126947,0.3648017,1.5899518,0.10885345,2.8945317,0.5301715,0.33763066,0.37914166,0.8535512,0.60935,2.0709362,0.28971437,1.2318001,5.7701006,0.57335854,0.56215054,0.31933448,0.0030829818,0.8061879,0.41760933,0.545381,0.1533485,1.0167062,0.29016933,0.4241998,0.12293465,0.52936435,0.41003805,0.35633412,0.574213,0.21357708,2.2368402,0.21730524,1.0360572,0.18286136,0.9657642,0.8115413,0.43631762,0.886347,0.25365916,1.2371635,0.25428104,1.4071916,0.8102993,1.3498731,0.45419428,0.887014,0.65827864,0.6491633,1.8661145,0.64385813,0.086957835,0.5257655,1.3792546,1.0374218,0.32382253,1.6191311,2.0687208,2.0678682,0.35005036,1.3533046,1.0553727,0.5369244,2.3206637,0.263919,0.40845376,0.097975135,0.54260457,1.0037233,2.2652915,0.47104385,0.08982118,0.008525683,1.7708211,0.41740125,1.7808701,0.63565487,0.2550208,0.23027536,0.18222396,0.6290254,3.0606976,2.4334576,0.085611224,2.269188,1.1991982,0.60738486,2.8525136,1.5658295,2.039392,0.7666542,0.88086295,0.34091955,0.2962609,1.0115273,1.4634132,0.988773,1.1239132,1.3885678,1.8303798,0.22743353,0.63241565,0.51795155,0.26549733,0.72489524,1.026799,0.10962304,0.281213,0.99489725,0.018534545,1.0256802,0.5990087,0.9240042,0.13268216,1.2436645,1.0704014,0.92522264,1.5657877,0.64393175,1.0890019,0.67837065,0.80028546,0.3041614,0.7264448,0.38862133,1.5203642,0.21493362,1.8463761,1.0804183,2.8437185,0.457235,1.0322278,0.0,0.29238102,1.1169176,1.0565586,0.26417914,0.28848842,0.79344,0.10269728,0.7656432,0.7315205,0.64914405,1.5192009,0.40408757,0.7448311,1.0937419,0.27488282,2.4863403,0.36842307,1.4572318,1.2797272,0.6081006,0.70609653,1.5087866,0.32488668,0.738777,0.16961212,4.0455055,0.08323283,0.54110885,1.6646658,1.0473093,3.3750467,0.721108,2.8819647,0.71933514,0.08855136,1.5115474,3.286906,0.0076445425,0.64877,0.52682227,0.47359574,0.6974244,1.034826,0.3872302,0.27949816,1.6074651,1.583918,1.8886976,1.3302876,1.5641912,0.85667545,2.3370638,0.50063175,1.0956628,0.102558434,0.041752208,0.78702694,0.040031567,0.89360607,1.4088935,0.12126854,1.6050608,0.43257985,1.4008346,1.6816322,0.11478209,1.2967683,1.5095803,0.6420478,0.44988173,0.8935675,1.4922462,0.89877176,0.5855538,0.82529056,1.8824601,0.4144562,1.3941178,0.72930396,0.24484123,1.0267651,1.0080627,0.6110913,1.4764228,0.38353333,0.12210083,1.4442577,0.89860106,0.7181072,1.4958792,1.8239756,0.6432475,1.9883077,1.7205231,0.5049716,1.3036505,0.76018023,0.00075223966,2.0994573,0.3262618,1.0742161,0.23157549,0.11577168,2.1423726,0.4458017,1.001658,0.62075,0.01987405,0.4648354,0.28412277,0.32448146,0.8355144,0.70119834,3.0530365,1.6590204,1.9542569,1.9883759,1.5440689,0.7672503,0.18604451,0.059730757,0.48488224,0.2277047,1.1338905,all_pothole_images\pothole_images_new_image_603.jpg
0.12862694,1.5578853,0.35538,0.122281246,0.17860325,0.38480735,0.09662575,0.2664256,1.3827058,0.12264663,0.10123015,0.99010605,2.7756982,0.0058503784,1.0729074,0.42853165,0.13900101,0.22418188,0.24199407,1.5334603,0.1713529,0.33165783,0.023285875,1.9605318,0.7029593,1.0279434,1.1635585,1.6421735,0.18360566,0.28229773,0.34236366,0.0,0.44301116,1.1602582,0.3642171,0.045394883,0.22969593,1.1403494,0.7645852,0.4215724,0.6518852,0.30702716,0.3535287,0.845913,0.6048567,0.9361657,0.7126275,0.060761344,1.3831488,1.2923064,0.8704423,0.69672644,0.029088207,0.75812757,0.17747182,1.0786173,0.302518,0.8138912,0.4371801,0.59031063,0.02101636,0.9689678,2.7020726,0.41558304,0.7320535,1.7172538,1.0513875,0.16884887,0.17938274,0.2749533,2.5718744,0.7183947,0.7368658,0.30221862,1.2803509,0.042749044,0.18200627,0.442209,0.09946084,1.479543,0.08438289,2.425956,0.6856929,1.68115,1.1206657,0.3632677,0.32937184,0.2063907,2.3755167,1.0731393,0.2561196,0.81367034,1.9724233,0.3410847,1.3466961,0.7955336,0.6897794,0.4832091,1.0520245,1.0273677,0.7813115,1.3633364,0.81370014,0.8428309,0.11668906,0.30346808,1.7155398,0.057534046,0.3667664,0.4639561,0.17389482,0.44252378,1.3019719,0.41678423,0.17450336,2.5324435,1.3629539,0.4736534,1.3705568,0.01575335,1.7956474,0.0967222,0.9831414,0.6235362,0.453153,1.2298176,0.7285888,1.5828353,2.8112543,0.07680707,1.2493271,0.05517733,0.29750645,0.09677483,0.3478966,0.37580606,1.0019693,0.1465216,1.356655,2.1753268,1.8604159,0.8180906,1.3989971,0.55416816,0.012958699,0.2100698,0.4859944,1.3329338,0.5956108,0.46906957,0.107582584,1.0305984,0.74789584,0.708653,0.2600055,0.2722709,1.1608647,0.1954096,0.0,0.0,1.026906,0.37106338,0.0,0.8424989,0.09047966,0.119251676,2.4923959,0.3031889,0.5549388,0.9413231,0.14238507,0.11646072,0.5779279,1.1003494,0.8055568,0.23190063,0.22218025,2.4855938,0.31542638,1.8449332,1.1334327,0.0025913806,2.7214015,1.1170481,4.5770497,1.9390584,0.77949375,0.58884454,0.22221933,2.3285918,0.12681834,1.5874522,0.13876447,0.5960408,0.27578294,0.96927875,0.31015167,0.2656974,1.6323463,0.30903342,0.96399546,0.21997535,1.1124557,1.3908681,0.8917867,1.3416783,0.0025968868,0.05407656,1.9921479,0.5666281,2.2087946,1.1272726,0.40743625,0.41891262,0.019735418,0.09176195,1.4861264,0.9773515,0.48118708,0.66350085,0.2203504,0.12242814,0.0027508158,0.5446758,0.094725445,1.4218507,1.6015114,0.38240167,1.2577237,1.2851936,2.4919538,0.0301384,3.8045902,0.55801404,0.6098338,0.057914265,1.4225852,0.06650348,0.018219976,0.349913,0.3072214,0.85041964,0.13970056,0.64604616,0.0017175466,0.03683232,1.6083343,0.52588165,0.19778341,2.9970622,0.98582894,0.3770303,0.17929582,1.0381237,0.28145137,0.5952437,0.2598099,0.019567857,0.9594382,0.78404504,0.5332266,0.6276995,0.6947161,0.73959196,0.04721677,1.7052493,0.96594936,0.70459235,1.3396715,0.19151205,0.65279937,0.35603806,0.4197405,0.73389506,0.06484373,0.810123,0.5070675,0.24283195,0.029988687,0.14131007,1.3648534,2.3203073,0.9763871,1.7393646,0.68661225,2.5729148,1.6268822,0.43657774,1.8783438,1.3768576,0.708047,1.0035344,1.920814,1.2324846,0.50930685,0.12008796,0.2927567,1.7842739,1.1010371,1.0546808,0.027173145,1.6907257,0.5600289,0.13258125,3.8218837,1.9407504,0.12874496,0.02088038,1.9582049,1.6551532,0.021834614,1.4914075,3.9103153,0.47458485,0.55864197,0.6465146,1.7454067,0.0029448261,2.5616062,0.03352286,0.6094764,0.4073333,0.5161757,0.23561725,0.1898903,0.85879844,1.429869,0.4523953,0.41081852,0.34053499,3.562916,0.68100584,0.1891758,0.60365766,0.11213987,0.8728857,0.09603363,0.008008977,0.37077487,1.0579151,0.0716407,0.9209285,0.9218567,0.6725602,0.60516,0.17598657,0.015867732,0.0099613005,1.3186427,1.2642268,0.12598746,0.92748827,0.6107225,0.0,0.27691185,0.9847669,0.19602577,2.2285829,0.14598556,0.04183954,0.0022173305,0.051666457,0.0047089234,0.8045273,0.70505726,0.8781816,0.9153878,2.7472954,1.2272489,1.1372662,0.8428265,0.30502078,0.24537916,0.72550714,0.7130949,0.8258678,0.7669913,0.22439906,0.26649693,2.1741877,0.23231806,1.6271912,2.4407108,0.14797404,2.1160085,0.06702477,1.477681,0.97320634,0.07680099,0.4862758,0.48191014,0.9184246,0.07373737,0.31917134,0.069353245,0.3865171,0.5622544,0.6387362,0.08099883,0.08189806,0.34829882,0.94948626,0.62418324,0.11633563,1.5974363,0.5507599,0.293471,0.19001137,0.5892454,0.112351425,0.008198332,0.59180963,0.08238748,1.2240181,0.39215094,0.5110068,1.9657586,0.2248471,0.11722978,1.7233634,1.6119856,1.0020286,0.5514283,0.91295123,0.84570163,0.09050399,0.32090363,0.53295434,0.17934062,1.852213,0.75847214,0.98544246,2.2589447,0.19417982,0.3972421,1.0798436,0.07574776,1.4198636,0.64922273,1.9495494,0.1972994,0.21789686,1.7894421,0.05078803,1.249937,0.6331734,1.9356939,0.22060841,0.46457934,1.1962496,0.4992705,0.09079736,0.19245014,0.3000745,0.8855457,0.4807651,0.098594524,0.04932647,1.4364401,0.2940778,0.355341,1.6085496,0.88094455,1.558476,0.37610707,0.52042514,0.50325316,0.0050610304,1.3844342,0.086781405,0.013755112,0.3060005,0.35251454,0.1702302,0.5669319,0.53170216,0.31262589,0.9786028,1.1389823,0.025127275,0.892415,1.6969672,1.1281117,0.10414902,0.24875571,0.29619026,0.78228074,1.1549622,0.004510104,0.4760008,0.10147552,2.4302049,0.42927393,1.068413,2.3241231,0.001315809,0.093465105,0.88799655,1.1681155,0.4487606,0.07865865,1.6938361,0.6370756,0.010518953,0.19742635,1.1618173,1.013815,0.7438801,2.2292576,1.385583,0.6129978,1.8104275,all_pothole_images\pothole_images_new_image_604.jpg
0.021870589,0.15319009,0.11617157,0.363459,0.059618782,0.55688804,1.6785626,0.8605415,0.017309487,0.25004208,0.033965025,0.40949288,0.2956004,0.6250867,0.15509003,0.58584934,0.07227098,1.5493853,1.7254953,0.23920767,0.020748887,1.3493892,0.08180971,0.0,0.11514947,0.71464396,0.4382162,0.9650806,0.001450616,0.28728244,0.10965065,0.45242745,0.3126995,0.31661078,0.0058581317,1.3866231,0.34991825,0.6833413,0.16230628,0.64083946,0.21930473,0.039584927,0.064377375,0.9539315,0.68160754,0.0,0.0736513,0.0,0.62166584,1.0932901,0.25010732,0.3296827,0.009738739,0.632092,0.0777815,1.6651692,1.8054866,0.40662488,0.7839425,0.6907718,0.4468169,0.5206775,1.4454635,0.2553591,1.2908887,2.4702442,0.0,0.34918585,0.19673173,0.173025,0.046250332,0.032550637,0.10935879,0.18936712,0.6156565,0.5566944,0.17581075,0.19092779,0.931933,0.25778076,0.23466194,0.3817939,0.2007105,1.5383459,0.16741168,0.37080625,0.31548968,0.40497938,0.7223598,0.6032475,0.36851195,0.24913453,0.45343512,0.0,0.23142302,0.27417627,0.08669616,0.28674105,0.25899762,0.5020592,0.3378426,2.1432683,0.6071641,0.027636696,1.5462989,0.13461308,0.1959814,0.3933958,0.040272355,0.054366987,0.0,0.9219994,0.41527584,0.020751147,0.89825517,0.005756254,0.7997966,1.9144323,2.3788328,0.24668105,1.0735928,0.36780572,0.70896375,1.0452176,0.47858676,0.33944115,0.5534864,0.010718278,0.14795873,0.015158989,0.15038782,0.372381,0.18646139,1.0359693,0.074477114,0.19028227,0.4254869,0.70396495,0.541653,0.87213117,1.0768241,0.21742572,0.52454937,0.4147989,0.4543497,1.1049263,0.6620856,0.028491596,1.0253032,0.2103932,0.61381745,0.5966354,0.48039937,0.0030117764,0.5974428,0.51248777,1.0410038,0.7050421,0.8875499,0.4027475,0.18330728,0.57821673,0.11360624,4.9643373,0.1890847,0.024747705,2.4560404,0.35552648,2.1601198,0.026450818,0.030000623,0.19428281,0.0029576623,0.27042946,0.76006913,0.2997125,0.061173096,0.047768615,0.15478227,0.19145295,0.14018326,1.7555741,1.4242946,0.12552764,0.4616716,0.1556651,0.079318054,0.023410719,0.029602023,0.4704178,0.4455507,0.6473795,0.0,0.6307813,0.02171,0.17282534,0.22480154,0.73640287,0.073349,0.4085667,0.53084093,0.462965,0.8177568,0.24523966,0.2814772,0.6245876,0.39650527,0.43364182,0.5122661,0.6872831,0.16995408,0.08130002,0.07412324,0.5097408,0.06998486,0.43993092,0.6719612,0.0,0.98084784,0.7051754,0.24055621,0.90256053,0.30834973,0.55091566,0.16259104,0.5781113,1.1056901,0.0,0.76381814,0.58089393,0.33371675,0.21742305,0.42425463,0.0,0.2557592,0.0,1.3630124,0.30014127,0.12011824,0.4820524,0.5198736,0.15167135,0.058447074,0.54518676,0.08113119,0.0,0.8427444,0.5185337,0.41392675,2.2255404,2.7209141,0.0056994683,1.2197797,0.0,0.059257597,2.4867353,0.2655445,0.35091144,0.009372473,1.1752602,0.11093963,0.04772368,0.1353947,1.1685292,1.4598888,0.5487097,0.32259843,0.5916641,2.4645243,0.22902527,0.3769613,0.2968589,0.19019932,0.113815956,0.4452249,0.28314465,0.43430787,0.29674327,1.3952708,0.10749647,1.8375064,0.68489075,0.029800424,0.8310639,0.25260398,0.31037778,0.52426565,0.102344595,1.2600812,0.7608045,0.15049556,0.14184327,0.370989,0.11040812,0.089593045,0.12586524,0.047279824,1.8831346,0.6167009,0.07113126,1.1428554,0.6710216,0.83863676,0.044302054,2.3961937,0.031398173,0.24453087,0.07491468,0.45691603,0.5353734,0.9366353,1.0683267,1.1885536,0.5236643,0.26561072,0.15751891,0.270993,0.84819645,2.967979,0.13775028,0.35270035,0.05156661,0.15014681,0.45199096,0.6906424,0.6469603,0.88513666,0.13172077,0.30227965,0.022371938,0.84396034,0.48957548,0.0,0.4570846,0.1294061,0.08586144,0.7024539,0.21131282,0.30875182,0.005921611,0.22823328,0.4304755,0.0,0.7791041,0.8735152,0.40388173,0.19789983,0.123357974,0.20689762,0.8785176,0.7293378,0.18318129,1.5707858,0.39607558,0.065374844,0.41413707,0.34537786,1.0827729,1.003291,0.12699743,0.11730787,0.90023637,0.12653968,0.0,0.23636621,0.027168045,1.410166,0.082850695,0.021622492,0.02559821,1.0588387,0.07362056,1.164785,0.004067769,0.35479152,0.2188491,0.1154923,0.46524405,0.2443771,0.017989662,0.85541713,0.014906185,0.5746842,0.25599968,1.2105312,0.089846276,1.5945145,0.0,0.25543013,0.38749918,1.2292104,0.45874825,0.4533018,0.4041554,0.5416059,0.31865543,0.045315616,0.3536865,0.0,0.20562378,1.2515467,0.19080816,0.0910171,0.063690536,0.23058873,0.15430975,0.015292057,0.5362094,0.2294447,0.23634517,1.0162812,0.39266843,0.05667519,0.0058384733,0.7798551,0.1747345,0.8327261,0.53274876,0.25876528,0.0,0.6546581,0.29751894,1.2514827,0.31371516,2.3271966,0.55080575,0.11685245,0.31930456,0.24085875,0.057980586,0.6440699,0.935524,0.24790284,0.153678,0.2885962,0.5710571,0.16945006,0.21786202,0.37122682,1.5538056,0.007159233,0.0048444406,0.36669913,0.39926934,0.73986715,0.1343031,0.358439,0.97128683,0.028136255,0.22623517,1.3591875,0.0491488,0.56902766,0.73887646,0.18441729,0.20272313,0.5650357,0.5568881,0.7016709,0.3992372,0.83624727,0.48038584,0.49533492,0.61984026,0.4944638,0.13101424,0.51081747,0.3225987,0.08248596,0.37421352,1.0638391,1.72544,0.23975483,0.058999974,0.15231864,0.22560045,0.48645875,1.1936734,0.24506941,0.015972277,0.0068451273,0.8648879,0.7402085,0.074157186,0.0,0.5847179,0.464621,0.056449387,1.4975013,0.4093968,0.7237888,0.2550341,0.34726402,0.6538265,0.35902664,0.28948894,0.11951215,0.013358098,0.53126943,0.95930606,0.6785267,2.4320402,0.7676042,0.013484685,0.20979789,0.6382204,0.0,0.009330763,0.1207166,0.037451986,0.4999062,0.6831084,all_pothole_images\pothole_images_new_image_605.jpg
1.6814382,0.874363,0.8316924,0.84142613,0.08192387,0.019155193,0.10109922,1.7173991,0.09697482,0.057714827,0.26368037,2.1659856,0.93063307,0.78603894,0.092633575,0.72350943,2.289064,1.4342006,0.7646028,0.010329727,0.43119705,0.17433575,0.26669803,0.9544403,2.2538335,0.027316196,0.87206143,1.8896633,0.26015878,0.22290602,0.014213244,0.5750966,0.54829735,0.18022473,1.6618111,0.8226934,0.29082975,0.8736577,0.29346493,2.3051472,0.4135709,0.7647911,0.29617602,0.06547882,0.14919093,0.8690744,0.84551966,0.20562135,0.99758154,0.22177957,0.10271668,1.02014,0.10252366,0.3008837,0.73967016,0.52380776,3.7373774,0.43104255,1.3825574,0.6954433,1.0809375,0.038621433,0.6014929,0.13507302,0.72201145,3.0558379,0.5431044,0.18058342,2.0328217,0.61702365,0.4930279,0.84948015,1.0862747,0.5009409,0.7704766,0.221498,0.41997883,1.3799632,0.4841675,0.52798784,0.09895544,0.0,1.1011162,1.5944947,1.0551054,0.73102057,0.1750568,0.8150955,0.30701813,1.2096224,0.73620456,0.3914936,0.9380898,0.13474989,1.0262733,0.6323102,0.24633403,1.940208,0.39686677,0.15535504,0.8240762,0.37084872,0.5687807,1.0467429,1.3486203,0.4276575,1.5635473,1.3058845,0.66298,1.7805611,0.43092492,3.1579514,0.9825181,0.6062817,0.31306762,0.7611644,1.7013236,0.46985602,0.4739139,0.30811056,0.52250147,0.15754667,0.13807715,0.9888017,0.46019948,0.5103544,0.07235813,1.8697573,0.8032013,0.3870254,0.6101403,0.6296815,1.9899871,0.553267,1.0630978,2.4054859,0.33729738,0.3230506,0.05914216,0.3478797,0.098133065,0.57746536,0.47855574,0.0035187383,0.027173331,0.3348057,0.30814862,1.2565644,0.30115932,0.786497,1.4509375,0.0674957,0.3569223,0.5948894,0.993054,0.2600255,0.100949325,1.7007993,0.028401459,0.8033311,2.207131,0.184386,1.4600632,0.30163166,0.7732522,0.081440255,0.655145,0.57522964,0.40304455,0.34313652,0.5511989,0.4595494,0.24208204,1.0880132,1.1727169,0.031266354,1.9354594,1.1925231,1.1530952,0.8006031,0.17721139,0.8368388,2.2329211,0.83014846,3.25908,0.28176424,0.13667475,0.88603747,1.3405098,0.1565361,2.333285,0.91049343,1.1061444,4.3065176,0.25614515,0.38769343,0.53851265,1.3472906,1.2719015,1.1685892,0.20263919,0.1586978,0.13959466,1.8313036,1.1026679,2.6757357,0.105374195,0.40815926,0.02428844,1.0923431,1.9174807,1.1190852,0.40530834,1.3907934,0.4218198,0.18830854,1.3331639,0.8034618,0.12840238,0.5895045,0.20045197,0.54649323,0.32864434,2.2920637,0.093209594,0.043152913,1.0777941,2.3513951,0.5501393,3.0824065,0.061601978,0.107872725,0.30644855,0.2524062,1.8604851,1.36399,1.068783,0.0926598,1.0281069,0.80388206,1.07543,1.8639919,2.2314773,0.7570922,0.0931763,0.06298733,0.6929706,0.1663938,0.39157248,0.11373064,0.16798311,0.68652654,2.0362136,0.14821833,0.94851077,0.06928895,2.1144936,0.15601844,0.97668964,0.07801393,0.33043694,1.2652061,1.0906079,0.33235282,0.3943638,3.6373518,0.025207743,0.4024146,0.05900031,0.947033,0.94692916,0.70314455,0.077697724,2.0675526,1.6067013,0.9442787,1.1076956,0.41933465,0.4608822,0.9719465,0.42928275,1.0097473,0.1604208,0.60183537,1.0078697,0.73829883,1.888439,0.5287609,0.30357018,0.062378317,0.84665096,0.11296301,3.0089471,1.2119868,0.16463445,1.3305318,1.3745149,0.20124303,0.54686487,0.4099318,0.09353256,0.17426963,0.025555212,0.8986046,0.24046008,0.30443192,0.00848159,0.966551,1.3786864,0.25558296,1.1671066,0.6227425,2.1873708,0.9020535,0.070682324,0.08891703,0.0066564544,0.6006004,0.6629023,1.1702079,0.96502006,0.84866846,1.4163392,0.04908263,2.2901163,1.4178685,0.07315765,0.42083234,0.04007669,0.7707681,0.757014,2.2436278,0.6968183,0.48681933,0.3954399,0.4432925,0.49881917,0.45699108,1.1095115,0.29643628,0.23165998,0.834018,1.065651,0.85294354,0.1653546,0.71857834,0.1798836,0.64346015,0.9605677,0.64005154,0.061589494,2.9555972,1.0083404,0.9126704,0.22854471,0.06784442,0.48889962,0.0055546067,0.5925693,0.4241296,0.7531932,0.4466261,2.2001092,1.1982142,0.057703022,2.154186,0.07407903,2.5949233,0.8944037,0.6475246,1.4913398,0.98480004,0.36469626,0.75170237,1.5342755,0.21457787,0.65684384,3.672291,0.10364507,1.3803036,0.36061743,0.80151,0.4951821,0.15943761,3.3235285,0.3300036,0.5097802,0.50802594,0.56817985,0.55960613,0.32703322,3.4574091,1.0443447,0.18815415,0.50718176,0.65944463,0.104885966,0.23419502,0.3910778,0.45659757,1.3438559,1.4160112,0.5588792,1.361983,0.2132419,0.31536022,0.039134413,1.9825047,0.30638313,0.09801596,0.14252518,0.3753446,1.986792,0.11692347,0.34787726,0.83509654,2.1800368,0.3793545,1.8917831,0.18456243,1.3127536,1.8757651,0.47359046,0.9868439,0.58523035,0.44727924,1.248867,0.3310589,1.3056779,0.710889,0.6771707,1.0602539,0.345457,0.47652373,0.93612826,3.439851,0.21905175,0.24098079,1.3321455,0.19888847,0.1839088,0.30043748,0.44334376,1.937511,0.13919125,0.52197057,0.21166503,0.103253596,2.3048186,0.78791183,0.46502864,0.3517698,0.007910468,0.7856093,1.1648916,0.8459953,0.5388979,1.4010363,0.24010468,0.86423117,0.7889141,0.92470396,0.27861944,0.30852976,0.12739055,2.0668998,2.0726469,0.9351397,0.68335164,0.9459957,0.43098643,1.1975067,0.38178954,0.5190822,1.1273959,0.2116791,1.1387,0.23246123,0.85184026,0.6426133,4.5787487,3.558533,0.81742156,0.1998572,0.3075522,1.2936628,0.28421164,0.9759078,1.0301008,0.23372403,0.59592766,0.3130678,0.40584025,0.0,1.0429282,1.724059,2.3509865,1.3961904,1.0201751,2.897812,0.04854312,1.5446612,0.47965074,1.4356854,0.49912173,0.42996702,0.07217799,1.9095387,1.0303802,0.958838,3.9044793,0.9014954,all_pothole_images\pothole_images_new_image_606.jpg
0.32330337,1.7349995,0.091265425,2.4510336,0.15044072,0.17813113,0.5946084,0.026851825,0.144378,0.18847749,0.40231237,0.04005631,0.29842794,1.4879956,0.0041749924,0.32001173,0.16260254,0.054294493,0.1479786,0.13886006,0.8530099,1.1166754,0.6572879,1.1776631,0.64266837,0.14008273,0.38570076,1.2685444,0.2509148,0.70713055,0.80049646,0.10968429,0.4569269,0.3653357,0.827768,0.18114124,2.1445494,0.42431736,1.6626309,0.10828419,0.055960424,0.5025678,0.6072489,0.877461,0.8939493,0.28916556,0.47309366,0.27390307,0.13216987,0.0,1.273149,1.0472564,0.6947468,0.07320257,0.08670217,1.0390863,0.65571743,0.2571182,0.095573686,0.097495794,0.02144347,0.10462023,0.822084,0.8694924,2.1260505,0.4184681,1.0202216,0.0,0.64475936,0.33104697,0.24949646,1.1214769,0.5427395,0.3604349,0.011283208,0.65238726,0.567475,0.1381821,0.022473427,0.28137258,0.30299544,1.638105,0.6317627,1.8504791,0.23402287,0.4561774,0.11730553,0.08394591,1.6977404,0.08312979,0.28343335,0.19761705,0.3619088,0.91997486,0.19204521,0.0,1.1900039,0.7929297,0.42898357,0.6377317,0.30074695,0.21012148,1.1389225,0.47016272,1.1903198,0.49234843,0.3321596,0.7740601,0.7507663,0.23927131,0.10443525,0.82176816,2.0230238,0.6150551,0.3111839,0.78446174,1.3343368,0.0,0.3732615,0.6851007,0.81197435,0.3695642,0.80076087,0.68313354,1.6053498,0.5222873,1.2202288,0.018605232,2.1502802,0.327566,0.27271497,0.20411183,0.0033388955,0.09194931,1.4694086,0.78475225,0.2578663,0.80202496,1.0224022,0.263276,0.5235124,0.36406395,0.049038567,0.40425345,0.5014239,0.7278005,0.07210816,1.094487,0.508294,0.20742652,0.03388041,0.7480291,0.12571824,0.08158467,0.5603058,0.20230232,0.36550757,0.055707566,0.2491877,1.1767774,0.5361325,0.48052096,0.086971454,0.50889343,0.28033102,0.25851756,2.3990443,0.16973224,0.9614217,0.68885064,0.107548505,0.15287924,0.02337424,0.0,0.26559845,0.17536458,2.1064916,0.06311798,0.5890883,0.16456586,0.25702488,0.88117284,0.964136,0.106684215,2.8806422,0.67827755,0.09847344,0.87241876,0.12158168,0.46670952,0.27598754,0.47123772,0.73040056,1.1966468,0.24767074,0.3777398,0.4514099,0.8305412,1.6174383,0.96400535,1.4798889,1.1028804,0.73472327,0.8942816,0.5575734,0.5010365,0.0001200623,0.19890667,2.8372853,0.2742306,0.11967295,0.5279081,0.7257679,1.2300546,1.9270132,1.5662782,1.3134414,0.6291007,0.19658022,0.140979,1.6425961,0.021021994,0.9361324,0.1928737,0.12176361,0.70775324,1.6037192,0.0,2.342573,0.7923503,0.68015325,0.82399905,0.54773474,0.08486409,0.81968856,0.24580461,1.5020397,0.23457673,0.28209725,0.38070628,0.98391205,0.7034509,0.38863805,0.25542384,0.16022064,0.042714927,1.0352855,0.9545444,0.5063157,5.8469753,0.9422375,0.1029623,0.32049745,0.24646445,0.13523106,0.37656975,0.46169972,0.14337316,0.42426524,1.9922751,0.60492367,0.5492397,0.45416474,0.04686065,0.10132034,0.66628736,0.021910664,0.6160058,3.9889987,0.2452426,0.07264884,0.23861137,0.3138374,0.119425364,0.14694312,0.94119745,0.28645906,0.4314511,0.014469175,0.8604801,1.5121456,0.5200801,0.4457553,0.007559689,0.41200155,0.65098965,0.48711842,0.93741643,0.88028234,0.44735342,0.38619754,0.07438141,0.061152786,1.0321242,0.14023302,0.4397827,0.4470218,0.86474377,0.32305452,2.4216073,0.4501573,0.51254946,0.018975576,0.013303555,8.085725,0.73867965,0.01849638,0.025073357,0.033935595,0.1165683,0.10206538,0.39072588,2.9490554,0.6083346,0.3178642,1.8145713,0.2838881,1.6276414,1.2028793,0.78109825,0.4327182,0.13976596,0.21830276,0.2434629,0.8679058,0.2235981,1.5590909,0.5090022,1.1120417,0.28094104,4.595813,0.011739524,0.18583968,0.2223188,1.2160454,0.34481838,2.193005,0.94149154,0.2625098,0.54331243,0.19879322,0.9226916,1.3087173,0.38563174,0.6625863,0.7122859,0.3317191,0.3486673,1.4410623,0.70808893,0.91302085,0.044852413,0.35874844,0.58621347,0.07381061,0.069230996,0.55433583,1.6758312,0.01049621,0.019376904,0.5818792,0.28379625,1.2082541,0.46291393,0.27145848,0.17902184,1.5621488,0.64165586,0.17945941,0.7113304,0.25995803,0.5803013,0.364075,0.1663784,1.6536809,0.1140532,0.2723775,0.31627208,0.85366136,1.4720219,0.044241592,0.59915555,0.70822686,1.1357993,2.7340274,0.8020396,1.3349701,0.5731557,0.36403915,0.58418715,0.3314642,0.12113521,0.6503756,1.2165259,0.0,0.33894542,0.06991243,0.84275055,1.0039487,0.036434058,1.152497,0.5281893,0.19660646,1.3472643,1.097041,0.52491534,0.45215848,0.62143475,0.61074555,0.5460937,0.21224569,0.3006651,0.10906033,0.20439342,0.47186077,1.3726962,1.0351442,0.8580974,0.1263085,0.14703628,0.43774733,0.46418914,2.0077567,1.4793041,0.46377742,0.9876541,0.9070778,1.4480104,0.4097705,0.06843688,0.7011915,1.0048543,0.009800078,0.62771934,0.05575497,2.3857112,0.59423846,0.7018139,0.12389392,0.2424269,0.18119211,0.62608135,0.34242475,0.36153403,0.75099653,0.41972506,2.1572692,0.12900051,0.3541125,0.49368235,2.6083522,0.4391874,0.23944373,0.38092157,0.49693888,0.70843554,0.87619454,0.163594,0.3684436,1.1347138,1.2527289,1.2829727,1.1992459,0.070437364,1.1809765,0.1304573,0.1984505,0.032279667,0.47425494,0.6078963,0.369405,0.06964044,1.4043264,0.0004247354,0.6930678,0.10213416,0.42364204,0.3502275,0.32487532,0.7111173,0.4992605,1.4769454,0.456469,0.095173545,0.48917976,0.3179422,0.60678494,0.23116477,0.24561432,0.78559864,0.07347264,1.594211,0.3255507,0.0022805657,0.09099981,0.004066302,0.46641317,0.675692,0.06060455,0.207359,0.33989564,3.648864,0.3930148,0.09979099,0.11398161,0.2869752,0.4768658,0.7072142,1.7311294,1.4774147,0.45652404,0.49565125,all_pothole_images\pothole_images_new_image_607.jpg
0.19983752,0.8539575,0.7552045,0.6047175,0.45092997,0.0,0.5726312,0.052666742,0.63870186,0.33241367,0.25615236,0.20380674,0.54004115,0.35322636,0.23389612,0.30500436,0.007501505,0.0,0.7223274,0.0037364722,0.17838295,1.0714879,0.5618661,0.51072,1.3608208,0.09586676,0.056704927,0.11244387,0.11735177,0.21510081,0.5014651,0.07014739,0.0044558547,1.3034024,0.213947,0.2724289,0.16344567,0.7683027,0.8002068,0.38240242,0.110424116,0.13258724,0.18717672,0.89287066,0.23115969,0.0,0.18488158,0.0,0.268962,0.053040035,0.62199736,0.91875225,0.39541793,0.18963477,0.23007435,0.08341052,1.2275678,0.06584681,0.28926194,0.07013555,0.03503966,0.023179175,0.05564984,0.39243087,1.3485109,0.772981,0.038948663,0.03199105,0.8794512,0.0034062953,0.20248716,0.06192868,0.0,0.3154869,0.5521546,0.15213908,0.28279147,1.6338046,0.030280653,0.8562231,0.026511721,0.013788164,0.0197201,0.5297629,0.40450543,1.0022137,0.0,0.28530878,1.748156,0.3615909,0.3786409,0.24988374,0.14179617,0.16358376,0.26589713,0.042289265,2.2273207,1.0403062,0.3034472,0.01711215,0.32702014,1.2075747,0.0521744,0.098855056,1.5024217,1.283748,0.2174631,0.16613571,0.037602264,0.964102,0.0,1.5148776,0.4707967,0.53845006,0.24892485,0.6440126,2.3772948,2.3363523,0.6328483,0.4009443,1.5235331,0.4893808,0.56244355,0.030903462,0.7619861,0.34945342,0.42812097,1.6065893,0.98879445,0.050544534,0.15746224,0.13444127,0.0,0.19893338,0.04095492,0.32650667,0.007423169,0.13728976,0.1548915,0.0,0.33991,0.004445077,0.08882429,1.5091854,0.041498203,0.04923212,0.056919526,0.68313205,0.0060634734,0.8099003,0.08114919,0.24693687,0.007391324,0.1562949,0.93596214,0.4564654,0.43767017,0.3070813,0.67011845,0.9581445,0.58769137,0.05485166,0.4845721,6.6405764,0.15416051,0.078232385,0.0038986662,0.0008304624,0.40914142,0.20300391,0.036790136,0.06500328,0.32222608,0.0,0.44817194,0.15614368,0.106212586,0.0,0.0,0.47815108,0.0,1.968487,2.1930764,1.6698626,4.2851825,0.13219625,0.4279726,0.5604447,0.99346095,0.29289526,0.72589123,0.015882516,0.13541278,1.9816892,0.022626467,0.014439234,0.24725656,0.5723738,0.10619572,0.670976,0.11923672,0.30538952,0.56909126,0.4827539,1.1947935,1.4883585,0.6655121,0.25977808,0.6696349,0.6250349,0.0,0.18310472,0.054355644,0.37644988,0.6459915,1.6214702,0.3930092,0.052257586,0.0051831845,0.081975505,0.95134467,1.136111,0.087576,0.43026757,0.0771211,0.63272804,2.1876554,0.11990583,0.15228239,0.04791206,0.1322444,0.18403901,0.08828984,0.3008452,0.327598,0.0,2.7333598,0.0,0.0470366,0.20601186,0.47107437,0.017740127,0.26466933,0.22264114,0.14897826,0.0,1.1473775,0.19879343,1.1610729,2.4447005,0.8995993,0.07664956,0.61457527,0.22776371,0.3076809,0.0,0.4273325,0.15406433,0.36521837,1.5572877,0.04833351,0.09588544,0.14647046,0.57818776,0.24051574,0.25555632,0.13135321,0.46280715,1.7109236,0.2910172,0.18613917,0.010088406,0.08750242,0.5823138,0.3067264,2.7545178,0.54214066,0.10652648,0.61403704,0.17686173,0.00433043,0.2441908,0.17374964,0.30487394,0.6871283,0.6926385,0.27677107,0.2474839,0.24261953,0.22356325,0.13787691,0.0,0.17560138,0.7356753,0.06630384,0.06800903,1.1700763,0.2257503,0.43822217,0.25266275,1.2244562,0.4721536,0.2419172,0.1285102,3.4610534,0.16614993,0.043347348,0.46898463,0.104127,0.34737155,0.034375057,1.6165864,4.312203,2.197742,0.07048814,0.4193811,0.09651738,0.6120802,1.7862556,0.12182389,0.71407443,0.1872453,0.1651151,0.63921684,0.22328182,0.62118167,0.77134,0.003570298,0.067231394,0.10791366,3.5177984,0.36826402,0.039075423,0.0024275982,0.16281451,0.10714541,1.1435459,0.28350198,0.32271346,0.565175,0.073122695,0.3210068,0.21641548,0.44844937,0.24716046,0.17500415,0.49778715,0.306884,0.029381635,0.30041102,0.10148844,0.04999535,0.5251064,0.13320303,0.45081612,0.0,1.148738,1.1494087,0.16837516,0.5686456,0.055992257,0.029403258,0.9031943,0.49450588,0.11245833,0.023819624,1.6314877,0.46140102,0.3073376,0.0546986,2.6224725,0.62114686,0.30666193,0.0802097,0.8418584,0.1935081,0.09001128,0.19136786,0.003989007,0.23218006,0.3839452,0.0,0.41033453,0.42540354,2.4816523,0.89649075,0.91357404,0.009758657,0.0,1.2187383,0.33588904,1.1310339,0.075592846,0.031896375,0.47475097,0.12619297,0.7026197,0.3377248,0.12021425,0.03186102,5.47931,0.22851504,0.043946255,0.2149922,0.08566381,0.05112904,1.1761638,0.009233494,0.3341372,0.23428398,0.59324634,0.09363512,0.76916206,0.18376169,0.014306626,0.26362255,0.0926812,0.9668188,0.085262276,0.00804993,0.2722792,0.3322662,0.58536094,1.1982708,2.3583276,0.0,0.15119886,1.1012863,0.54918,0.33640638,0.7141625,0.6897812,0.84057623,0.60428834,0.0,3.3886845,0.9045724,0.7234396,0.3033559,0.94876456,0.40614694,0.084741555,0.07784485,0.9932025,0.0,0.004201049,0.16019788,0.12599152,0.44286424,0.49518576,1.4122108,0.2755763,0.08012221,0.62125486,0.8375221,1.0327882,0.38286278,0.01205765,0.7555218,1.3951906,0.8054204,0.30512664,1.0945193,0.0050609317,0.14307201,0.8272443,0.10137583,0.00022889943,1.0261507,0.01250444,1.4522512,0.81577045,0.09267077,0.387102,0.85074013,0.16771819,0.13178459,1.2643274,0.2723521,0.010886562,0.50599825,4.8643875,2.456348,0.4812597,0.013028298,0.39157385,1.1180477,0.10573363,0.6549357,0.45009214,0.47871044,1.1078122,0.0,0.081555806,0.06509119,0.033423223,0.30179748,0.014293067,0.24549355,0.056658126,0.12640399,2.5641165,0.86704385,0.39251402,0.29238698,1.2774822,0.0,0.094059855,0.2555045,0.10409312,0.625364,0.01742187,all_pothole_images\pothole_images_new_image_608.jpg
0.5217247,1.1475499,0.89292073,1.0072658,1.1989014,0.80938417,0.5642912,0.31017178,0.95488614,2.4010975,0.08949858,0.39879075,0.26111194,0.4157176,0.002998526,0.85331863,0.23986615,0.69954455,1.3014514,0.0,0.15589637,2.6563714,0.62425953,1.3020709,0.51191056,0.6274239,0.070005864,1.8576026,0.24064955,0.35171553,0.23994675,0.3195681,1.5562962,0.5304405,0.09235201,2.793901,0.7353111,0.36875305,0.14083661,0.9420868,0.7988935,0.18995382,0.012670641,0.37692884,0.800029,0.1897041,0.7176234,0.013630256,2.0854309,1.6981877,1.0827637,0.33081856,0.34123307,0.93325067,0.48694387,1.7667335,0.7479203,0.03373347,1.0014948,0.4430147,0.8153366,0.72083485,0.18489966,0.041979633,1.2729396,1.6692446,0.7298768,0.25909975,2.3701093,0.39141876,0.46110147,0.16382799,0.3432071,0.06592757,0.6814902,0.9503763,0.1541014,1.4176897,0.60396093,0.3860799,0.094959356,0.28146476,0.83803743,2.5638316,2.91791,1.4279289,0.26564068,0.60572916,2.6042635,1.7472728,0.29927322,0.70075333,0.01645979,0.29962188,0.3416628,0.8067965,0.73143613,0.68055123,1.2191452,0.2892266,0.08639464,2.3402474,0.5572088,0.3817653,0.053845063,0.4711352,0.12426357,0.10871188,0.22117688,1.3061458,0.22641633,1.853641,0.1511444,0.0974902,0.6570401,0.6477053,3.020623,0.6461968,2.5918584,0.935055,0.7866639,1.1531888,0.8219541,1.6954781,0.003658327,1.7090281,0.75872153,1.6637955,0.17682365,0.32564476,0.17905737,0.53449804,1.7779821,0.5647441,0.19323923,0.8617912,0.021880062,0.8665021,0.16388562,0.7458726,0.45495117,0.048266098,0.3039894,1.1510193,0.19655085,0.2755742,0.4901724,0.26098073,0.3209304,1.4584571,0.7068882,0.5624014,0.72423476,0.371877,2.5405655,1.0193951,1.4220586,0.24035245,1.6508799,0.13532239,0.3772179,0.314607,0.052329812,3.9429793,0.0642383,0.42988428,0.49858257,0.3413385,2.2617373,0.16750821,0.6396255,0.12699573,0.123403616,0.24340118,2.3044493,0.08215546,0.6076348,0.0,0.4579879,0.48110884,0.21577014,1.6871848,0.49457258,2.000164,2.0280318,1.1690879,1.1915288,0.6777363,0.6726584,0.9416347,0.92369235,0.10271139,0.83429974,0.7682758,0.324042,0.18062724,1.1671811,0.5290085,0.51030374,0.14139263,0.43184522,1.1362484,0.26770592,0.48621216,3.4359214,1.4053665,1.6216006,1.0954068,1.1200515,2.1327903,0.0,1.1507679,1.5036054,0.90817195,1.5263147,0.82425237,1.5560623,0.258617,1.0623666,0.6360194,1.0173752,2.0286682,0.78635204,0.36934945,0.2396957,0.47952056,0.57410383,0.6035607,1.7390119,0.0,0.0,0.7262026,0.9085459,0.1357721,0.25035393,0.9314474,0.557322,0.9837205,0.0094873905,0.0,0.77009517,0.034218103,0.049568642,0.4561505,0.015206777,0.17550698,0.16847512,0.44746023,0.63865626,1.3864837,0.73074675,0.10743707,0.42440635,0.4848393,0.010828572,0.31241024,0.44547048,1.0012354,1.1705993,0.38121188,0.27310956,0.26013696,0.35080445,1.5386678,0.3301411,0.19233316,0.11397245,1.116158,0.60165644,1.4704272,0.30585003,0.034239374,0.00070144795,1.0280266,0.38077575,0.42153943,0.939909,0.7079502,0.3594293,0.38347796,0.0027442123,1.0072938,0.006601807,0.5733897,0.7014611,0.115893245,0.49145344,0.6051247,0.5681997,0.23512602,0.069743164,0.727724,0.1445043,0.6734599,0.23207265,0.4278018,2.0707138,1.2954183,0.5700823,1.1497515,0.23405257,0.27471554,0.3086622,1.3994197,1.0297042,0.69474137,0.8643112,0.17695853,1.1423035,0.06253069,0.6778376,0.73622537,4.588001,1.040493,0.5211222,1.2111994,0.07792303,0.30850625,2.2635348,0.40288278,1.5995499,0.66030157,0.17567301,0.05493743,0.742137,2.6526074,0.79761314,0.31610087,0.49125856,0.11658152,1.4217829,0.10446387,0.31258002,0.09485944,0.33030668,0.7438745,0.30556864,0.10040857,0.28086945,0.22197735,0.5322694,0.49901962,1.5872967,0.0,0.0,0.4318892,0.7319034,0.21169867,0.36743343,0.7633164,0.83005404,2.290584,0.7321266,0.0883171,0.40284678,0.4336199,2.3439853,2.321573,1.5037104,1.1371561,0.43215093,0.33635607,1.7643049,0.10313357,0.9846528,1.8334584,0.5840908,0.18185408,0.64329034,0.6667387,1.4095533,1.0357776,0.83509994,0.6386179,0.3699247,0.0995436,0.63175815,1.0748837,0.12663028,1.231032,1.046484,0.035864078,2.4340484,0.5054647,2.5013444,0.88217115,1.4120991,0.24161264,1.2243165,3.192447,1.310573,0.8973232,0.07257488,0.38641244,1.1237755,0.10406066,1.6262472,0.5424639,0.56282556,0.13886498,5.5567017,0.051573634,0.31507713,0.5292996,0.8822282,0.0,0.64814246,1.1224134,0.05321361,0.06506373,1.2169061,0.5569496,2.3254302,0.5116295,0.013121216,0.5107473,2.070896,0.43258432,0.23599964,0.7384853,0.53932697,0.006588333,0.6825635,0.47140384,1.101354,0.48608914,0.20669505,1.2869225,0.40715712,1.765354,0.6400986,1.1695455,0.38540906,1.7105445,1.5906042,4.0677867,1.1107416,1.0075985,0.11755894,0.8731622,0.20771188,0.09483865,0.025625058,0.9562851,0.7379005,0.14060079,2.4909854,0.6021834,0.15629183,3.4835572,1.0787053,0.7651381,1.5956184,1.4224526,1.0632695,2.132898,0.89773303,0.22215378,0.37785524,1.0159228,0.28498247,0.267612,2.206067,0.20355368,0.925884,0.53203845,0.63033855,0.7599093,1.26039,0.3760189,1.932542,1.2983798,0.21161552,0.6571186,1.153773,0.03224354,0.7048841,1.2248174,0.9982043,0.06253627,0.66424394,2.9448404,0.9843253,0.3959786,0.024584992,0.01913881,1.7921723,0.54320335,1.147731,0.057289455,2.4477792,0.319035,0.54609334,0.14726415,0.4692976,0.63423204,0.0019938985,0.49451512,0.21341433,0.24498853,0.9183445,6.7257085,0.16732718,1.700269,0.9226442,0.5333683,0.004684737,0.57220733,2.2587762,0.25120175,0.30480197,0.12681161,all_pothole_images\pothole_images_new_image_609.jpg
1.8139528,1.769129,0.29298198,0.2861686,1.213508,0.33281383,1.8923411,0.26502627,1.7371595,0.09318842,0.18873166,0.36229807,1.4574529,0.025454441,1.4462804,0.7956737,0.06666584,0.03684636,0.41458815,0.73149186,0.035242464,1.8595409,0.5038963,2.4826307,0.010984981,0.60614085,0.105844244,0.12173752,0.1767865,0.24392176,1.2639374,0.76338637,0.6685989,2.1636922,0.09266718,0.089746915,0.17392533,0.96979064,0.67037356,1.605927,0.7874031,0.4589325,0.020657554,0.03408215,1.5446622,0.0,0.60561657,0.38009417,1.2124127,0.18664013,0.0,0.5547591,0.60697734,0.013352724,0.012219772,0.22821105,0.37361416,0.105617434,0.4372283,0.93100893,0.09170534,0.15588291,0.047610063,0.6182008,0.28083575,1.1772535,0.03269045,0.5664992,0.7195408,0.14720695,0.18379816,0.0,0.4579749,0.37795377,0.099756286,2.0106728,0.7837227,0.42492956,0.07384508,0.04663792,0.41709834,0.45272088,1.2901605,0.26862377,0.1439206,1.079052,0.20404212,0.85087115,4.7440996,0.0,0.0029765815,0.47690558,0.05692688,0.30864963,2.5895824,0.15700175,2.1247113,0.33338842,0.033579044,0.027764276,0.011513134,0.001339129,0.034396973,1.4166751,0.4237976,0.052468445,0.14010572,0.808012,0.06923975,2.142845,0.049775273,3.891777,2.2644563,1.307153,0.0,0.8111178,1.1610008,0.38935587,0.042504255,1.8742651,2.5288675,2.3209374,0.07819951,1.677046,0.6447848,0.5609562,0.10177346,0.073959365,0.4333303,0.04499731,0.2511444,0.018575493,0.11819113,0.021388762,0.35893294,1.1457351,0.019385334,0.76968163,0.00044373944,0.09560643,0.2001793,1.31445,0.012514007,0.8954865,0.06260059,0.045166638,0.31708413,1.563342,0.91100436,0.2695531,1.6240358,0.15113038,0.41172734,0.008645857,2.0379548,0.23529595,0.13174592,1.606265,0.14234908,0.35653532,1.1988367,0.10213081,0.26410955,0.38381338,1.3509216,1.9819105,0.13460936,0.07270754,1.9025424,0.0,0.12703848,0.0137546705,0.31342572,0.0026188367,2.611647,0.016768428,1.5160029,0.0021870537,0.117866054,0.46563524,3.7286227e-05,2.3792,2.7567556,1.9391949,3.419333,0.63184303,0.20607144,0.26411316,0.23926271,1.9176428,0.27950594,2.00575,0.19228289,2.9210565,0.5739443,0.0016807561,0.4490301,6.4171863,0.59629476,0.9338815,1.2119412,1.0451007,0.4162706,0.28517002,1.5575798,1.0904516,1.884216,0.16971394,1.4115138,1.3998806,0.0025842304,0.96966815,0.4083331,0.4230137,0.40158594,0.51619375,0.19291937,0.81715316,0.8051104,0.2508432,0.23449695,0.5346245,0.313244,2.8588505,0.015122847,0.07759877,2.3015068,0.1797864,0.7830054,0.0,0.099456295,0.13684367,1.5080115,0.2704989,0.6965469,2.1404662,0.37423122,0.12370923,1.5596207,0.41236028,1.7301297,0.9104908,0.83244574,0.1297642,0.0,0.047776006,1.5649111,0.23742682,0.45657152,3.983288,1.0466994,0.01637196,0.81161547,0.0,1.1573982,0.0,0.43104124,0.26436993,0.7632712,0.13595472,0.08165217,0.36438024,0.08470004,0.32386762,0.028676353,5.814861,0.90225685,0.6079035,1.5058423,0.5831981,0.7251879,0.3659493,0.0,2.6000361,1.5190363,2.1195493,1.3290163,0.8855189,0.81181115,0.9639296,0.0,0.6713559,0.48480943,0.05434556,0.32653034,1.0311457,0.014274253,0.5846569,0.14123492,0.52621543,0.14333503,0.4797736,2.7283878,0.80960006,0.11121941,0.5886568,0.18161923,1.7713463,0.30743083,0.6298659,0.025627034,0.5024925,0.0614951,1.6120083,1.2868952,0.155527,0.086918466,1.1264074,0.15755174,0.25479558,0.3648363,0.6130587,5.401982,1.5606213,0.0,1.2648917,0.0045627775,0.36479765,1.2103562,0.7482128,2.6253731,0.322866,0.12994923,0.07476792,0.7662788,0.42972058,0.37605393,0.5703446,0.26011962,1.0681272,6.83839,0.036757745,0.22445266,0.0,0.0016556964,0.5003339,0.69575095,0.0,0.22113666,0.0,0.81956506,1.3542178,2.1271005,0.121631496,0.0,0.32691833,1.5585614,0.020818753,0.011692711,0.17192452,0.8774391,1.6039505,0.5863798,0.35929546,0.30540356,0.7869413,0.046654515,0.3027345,0.1724359,0.51250136,1.1185297,0.0,1.967295,0.045232367,0.0,1.4091337,0.4229256,0.4827771,0.62818056,0.24327195,2.42235,2.4054403,0.23124059,0.048427638,1.692678,0.056274995,0.5606159,5.1077313,0.047171768,0.38852975,0.0043981313,0.07802799,0.34719327,1.8159893,3.733169,0.772462,0.027417488,0.26463804,0.14916556,1.1550816,0.036907353,6.023051,1.0563586,0.16204853,0.006166475,0.6135943,0.18560341,1.7912802,0.18758258,0.92708725,3.21303,0.7885221,1.9397224,0.10597723,0.12974034,0.039962526,0.31961587,0.6199559,0.21089403,0.60637134,1.0866318,0.98179716,1.5253634,0.92121416,0.11839635,0.034206286,2.7420938,0.12291075,0.45575696,1.4209709,0.0,0.31341618,1.0187644,1.6180221,0.65608495,0.63337374,1.7897815,1.8717897,0.5851375,0.49689466,0.6157568,1.3344932,0.0682328,0.19278805,0.16154672,5.2783384,1.2427397,0.24626237,0.29887557,1.7316701,0.022696806,0.19504578,0.13313167,0.90422064,0.6030427,0.09871963,0.2753336,0.26461115,0.0,1.2665938,1.6196347,0.16365837,0.6496486,1.9291191,3.0450482,0.81438226,4.6799498,1.7685578,0.2277758,2.6638799,0.30848688,1.3224436,0.75961566,0.1603708,1.1150331,0.0,0.7583245,0.17116597,0.02087195,0.77098215,1.0002863,0.021589242,0.0928178,0.12934169,0.941413,0.8616995,0.24287075,2.1560907,0.079496644,0.32774115,1.4354888,2.268279,0.49935398,1.4206041,0.19832498,2.5717683,0.9679302,1.9758013,1.7389925,0.009436034,0.7565519,0.5400612,0.7933646,0.0067587025,0.3515006,0.27839354,0.00015012488,0.05122248,0.10479687,1.6212865,0.6028328,5.655246,0.79010755,0.3151734,0.07243796,2.8220544,0.0018683742,2.7816396,0.20169026,0.48519123,1.2620326,0.13917474,all_pothole_images\pothole_images_new_image_61.jpg
2.092374,1.870097,0.87051314,1.9429241,0.2264848,0.8289091,0.0032997571,0.25288168,0.1913356,0.05238241,0.03482846,0.018635364,0.06831562,0.9781754,0.56472635,0.6781115,0.0036844155,0.31724694,0.04318795,0.45913863,0.20257124,0.24399664,0.9331366,1.1523657,0.51968205,0.009442005,0.034070734,0.59404474,0.14925192,0.09770913,0.36731672,0.39663965,0.0030860105,1.3914901,0.03506671,0.16867194,0.9004365,0.7029386,0.96703005,0.08278733,0.16459773,0.2529314,0.71022385,1.1143095,0.45725885,0.5974396,0.37973034,0.2441349,0.15803255,1.4313952,0.6130756,0.31476417,0.53092736,0.55176604,0.42167005,1.3427632,0.33450952,0.2197431,0.7131073,0.3541747,0.25822386,0.48698604,0.0983065,0.9463381,0.96678656,0.084348135,0.45867884,0.027260209,0.06478439,0.4230768,1.3826785,0.076323554,0.44001138,1.1775656,0.17642143,0.57747304,0.05141023,1.1245288,0.0,0.23426807,0.2366773,1.6547813,0.30601105,1.4460436,0.11775081,0.46838945,0.188075,0.59513915,0.86506784,0.31809813,0.040008534,0.0809525,1.1042777,0.04680832,0.2738134,0.16331173,1.0656244,0.9417084,0.044521593,0.69937676,0.7573074,0.5083639,0.5658444,0.004003563,0.76987517,0.016274732,0.22504105,2.673732,0.026216507,1.172185,0.2646046,0.692461,1.7353541,1.7916216,0.13905734,1.715578,0.014497583,0.07638001,2.144294,1.1593232,1.0223199,0.32453066,0.0,0.76168364,1.071839,0.70198697,0.89158183,2.4178028,0.010699158,0.28107595,0.0,0.0,0.93983614,0.049482457,0.046936803,0.7454497,0.29428673,1.2457697,0.11613665,0.5165853,0.5686782,0.34482995,0.056578208,1.2524831,0.025203105,1.0104412,0.0,0.19141111,0.0,0.15519342,0.0373682,0.2263277,0.5560349,0.16847707,0.553117,0.38390717,0.87032986,0.040069703,1.3356575,1.1673985,1.0322795,0.14868456,0.02781281,0.5525402,0.4349998,1.7696978,0.51041263,0.052989967,1.1682786,1.008448,0.47523093,0.19345559,0.30654776,0.3447767,0.6146529,0.19509165,0.5239904,0.0074144965,0.17877169,0.013046437,0.0,0.1752306,0.47361997,1.7475162,1.606125,0.38576272,0.00483749,0.07306485,1.7004232,0.37376574,0.16392279,0.4190155,0.43675214,1.4347653,1.6363349,0.38318878,2.2839305,1.056637,0.8877971,0.39539686,1.5138429,0.38153,0.0,0.24464022,0.07573722,0.6155217,2.4169142,0.42773965,2.8982267,1.6927456,0.0,0.14675413,0.3765944,1.2005422,2.5694833,2.3935359,0.0056944233,0.4462738,0.59851134,0.39643162,0.938664,0.021525545,0.5132876,0.40936843,0.056043204,1.9925334,2.0100665,0.09682185,2.6685379,0.43810305,1.1493607,0.0886992,0.8568917,0.06894078,0.7203103,0.054083463,1.1482576,0.54931796,0.7909791,1.8980739,1.9190272,0.63131845,0.59342563,0.08682862,0.2736495,0.052574508,0.4474396,1.0348846,0.1527076,3.647269,0.35859835,0.5734073,0.08110874,0.23639129,0.30234507,0.042661432,1.2651135,0.010552512,1.5767553,3.5500035,1.3311793,0.25840074,0.852648,0.2865701,0.016458126,0.31035644,0.2508516,0.22492398,1.4699974,0.38480127,0.48771694,0.038333803,0.05649613,0.0044959877,0.40882164,1.3056195,0.64848536,1.2527232,0.29630595,1.0449693,0.004587206,0.6623841,0.5363381,0.10072658,0.07077179,0.057709772,0.2452216,1.5907699,0.03100183,0.8782911,0.9439288,0.4598496,1.0270844,0.6297762,0.2832117,0.88613397,0.033734884,0.35777324,0.054882944,0.7194888,1.3266882,0.15025815,0.07601616,0.061582994,6.1820416,0.9282412,0.2438955,0.095074885,0.041281212,0.07047403,0.017769957,1.3322651,4.0132785,2.670326,0.47770426,0.49056885,0.022818675,1.3710827,3.698726,0.7504866,1.1805463,0.0056692227,0.6756529,0.39689562,0.6011486,1.1433029,0.19086991,1.0352527,0.15389474,0.2801982,3.90926,0.053550214,0.94321966,0.059358336,0.081774645,0.08672607,1.802769,0.06639497,1.552185,0.43961847,0.37803966,0.43457925,2.6104107,0.49541068,0.76988435,0.10621129,0.51586765,0.41036466,0.43011227,0.017344939,0.0,0.7021558,0.3753973,0.40970954,0.16555762,0.03932489,0.110251404,1.3754959,0.4005266,1.5257193,0.5929647,0.60747826,1.6816543,0.5293196,0.010339121,0.12387915,0.010278869,0.29930207,1.9245278,0.13263161,0.06508689,0.3637619,0.29401472,0.7284533,0.18053173,0.07524984,1.8776023,1.0370854,1.2955085,2.636268,1.1280832,0.1151756,0.30017057,0.93740577,1.6501566,1.668147,2.365549,0.3554257,0.15258148,0.1467952,0.020978529,0.74957967,0.12697794,0.09191273,0.0,0.17238829,0.55698186,0.20517021,0.03995027,1.0752813,0.38340864,0.65547746,1.4062665,0.028859314,0.67727816,0.5009364,1.7668504,0.0014484706,0.67889434,0.26247624,1.0668762,0.38474128,0.15481636,0.6265168,0.0010355457,0.6928706,0.45715144,2.3318903,0.52688885,0.4300516,0.25038022,1.5151927,0.7004929,0.24171782,0.7214603,1.0810689,0.26483247,0.757505,3.4705944,0.6028041,0.50651306,0.50200266,0.4260728,0.22529356,0.058704782,1.4615391,2.3335133,0.6588745,0.41029948,1.3126643,0.3961524,0.74626654,0.2509967,0.45136315,0.1441621,0.16958366,0.82505924,0.44746748,0.096156836,0.23622367,1.2007083,0.78669536,1.4083425,0.70170575,0.8725355,0.02930243,2.2790492,0.23543048,1.0382893,2.077149,2.956807,0.069371365,1.139413,0.17655228,1.0968292,0.097611174,0.12253187,0.7003731,0.011461311,1.5875474,1.2200843,0.049035538,0.15702637,0.4981874,2.0775964,0.013245793,0.81850696,1.5765678,0.0,0.52876765,0.028114842,1.0265276,3.4144642,0.06198575,0.13824774,0.34823784,0.038082898,0.21090554,0.58877724,0.007278602,0.04739975,1.0717312,0.05689071,0.00069307996,0.0509425,0.034490094,0.08351279,0.09335923,0.0857138,0.037042208,1.0480161,5.963206,0.5176707,0.8278103,0.6421416,2.2219405,0.012346176,0.057528835,0.28457564,1.3154655,0.07328491,0.058705825,all_pothole_images\pothole_images_new_image_610.jpg
1.0967517,2.0520396,0.7748372,1.7405798,0.6657875,0.85401434,0.11750158,0.0,0.46238443,0.3777408,0.36255902,0.15742846,0.0,0.47225642,0.5605615,0.72604823,0.15833806,0.0,0.06112274,0.17216514,0.5253599,1.346172,0.74198353,1.6148398,0.95207137,0.27524817,0.104138926,1.4499537,0.06867848,0.7932483,1.4593387,0.016475301,1.4660786,0.46802333,0.22778958,0.406556,1.3114355,0.29278427,0.48999792,0.3364131,0.40719402,0.17251264,0.434405,1.1731936,1.4296952,0.019643333,0.17338254,0.478093,0.24067244,0.08556742,0.42715785,0.41014224,0.14833406,0.21433578,0.120436706,0.7073574,1.1037706,0.0064389524,0.093194515,0.32256317,0.0,0.115202844,0.64398694,0.49374452,0.17915519,0.27628872,0.16289148,0.20995834,0.045667693,0.0070146406,0.640265,0.40446693,0.44083437,0.22114336,0.0070064506,1.344226,0.40905687,0.7445198,0.034260347,0.5838834,0.3540155,1.1260947,0.4008297,1.3735067,0.56686145,0.5974921,0.20595472,0.007127522,3.8541303,1.0085601,0.13622093,0.017337246,0.015855854,0.17249033,0.46443164,0.07096532,0.45411813,0.62445736,0.19712634,0.45620883,0.072348945,1.441867,0.72644866,0.18466456,0.79466814,0.0,0.17615663,0.88115233,0.57015985,0.5110668,0.010541391,2.4317973,0.98354346,0.2950672,0.29576296,0.80266255,2.1147947,0.24373798,0.9574834,0.8962894,1.460187,0.31004414,0.2852255,0.69854707,0.4456379,0.77411664,1.183584,0.75604135,1.0632031,0.22022267,0.4839689,0.015834427,0.32077265,0.02807215,0.68682337,0.40825316,0.3427838,0.64930034,0.1542673,0.05115378,0.16988121,0.3939209,0.0070797503,1.0309669,0.036999725,0.20711493,0.1271016,0.810768,0.15081303,0.3097585,1.2698133,0.72933984,0.4856357,0.4703014,1.0836066,0.6598898,0.5070794,0.30005664,0.7371717,0.32174903,1.1507705,0.22573833,0.057439182,0.26103514,0.64124024,0.696312,0.91244763,0.0004182622,2.070018,0.55028695,0.055184994,0.37599403,0.10679525,0.5030415,0.88930523,0.21316828,1.0707294,0.029222103,0.23461808,0.280484,0.065367885,1.3296489,1.076422,1.3197017,2.8407211,0.39419025,0.049627848,0.5566893,0.56739753,0.16205041,0.19707261,0.35892272,0.28937826,1.7799022,1.5474777,0.009894021,0.8382963,0.9526154,1.2079623,0.43682173,0.6087454,0.47754943,0.06989661,0.6731041,0.04695557,0.85176504,0.7542151,0.029689958,1.8737986,0.0,0.34485438,0.12782452,0.40239957,1.734392,1.5637524,1.6516172,0.13593419,0.108555585,1.2761133,0.33635274,2.1016102,0.0,0.108893394,1.4325665,0.068267226,0.52348554,2.101567,0.46958518,1.7580658,0.53217226,0.24838844,0.00045928123,0.77508265,0.016212862,0.48329163,0.0924869,2.6668239,0.020855032,0.66511536,0.40010184,1.4080012,0.33133864,0.7438564,0.42329866,0.16982974,0.0,0.44859853,0.007709375,0.51983565,3.7475438,0.89168376,0.34042054,0.4028666,0.14768492,0.2473519,0.054690488,0.50220793,0.35464865,0.12747265,1.9853989,0.43517038,0.4640822,0.7880194,0.31870976,0.34911537,1.0614878,0.99146813,0.89106625,4.6995378,0.37895578,0.8094927,0.014286646,0.030251611,0.2151911,0.61922073,1.282962,0.5997035,0.35931566,0.59343547,0.6312272,0.049724452,0.21479739,0.4572911,0.5652983,0.15926743,1.0062606,0.4093568,1.0491568,0.4383054,0.073370785,0.19176811,0.6090354,0.11106595,1.3418434,0.057351783,0.84195894,0.447284,0.26885268,0.7711424,1.108072,0.33011892,0.24625301,0.2054612,1.0306233,6.7923846,0.61554754,0.43522915,0.39188448,0.09708288,0.07063312,0.08452871,0.814399,5.5537343,1.4118633,0.30408737,1.2980646,0.005058913,1.2617561,1.222878,0.14588645,0.93421024,0.50361884,0.39503497,0.14098169,0.0,0.3932668,1.3373771,0.64593273,0.5742717,0.48770282,5.136863,0.11326365,0.12141465,0.09449371,0.08538164,0.26700827,1.0611895,0.1878617,0.47893944,0.106960595,0.74362195,0.7243177,2.8343477,0.102362946,0.5682255,0.13592356,0.54355645,0.04144788,0.6090611,0.048398327,0.40883192,1.0151621,0.07684235,0.57453555,0.5410466,0.05878716,0.26084003,0.5369135,0.18961048,0.5383835,0.0,0.46897814,0.42906648,1.0708776,0.08487645,0.7998914,0.5298022,0.5145861,1.1234868,0.051470034,0.4622199,0.2254206,0.1618009,0.04051086,0.21164273,0.08109312,0.43864813,0.38690796,0.40928954,0.41632402,0.2458575,0.42600366,0.6252471,1.1892502,3.583945,0.7720493,2.137913,0.013133341,0.041710082,1.0092481,0.52244616,1.3076762,0.24149528,0.16941395,0.0041970494,0.17849508,0.6675004,0.3294103,0.035387427,0.25946048,0.61931205,0.78137136,1.2061592,0.54539275,0.58376116,0.28937414,1.0046959,0.23655808,0.03720992,0.34335116,0.37926337,0.0019274297,0.070700124,0.8720991,0.07691555,0.2582051,0.79728293,1.4081773,0.6577282,0.0,1.7568182,0.10658485,1.7913566,1.4783673,1.2284744,0.5723635,0.7511746,2.3237526,0.5527356,0.92275363,0.23112802,0.34902942,0.034361426,0.19784649,0.2671857,4.0168114,0.59804803,0.15666017,0.13783512,1.4565744,0.20104685,0.6932969,0.07699788,0.02868807,1.1202499,0.150979,1.869623,1.0418789,0.103811815,0.73719114,2.2798736,0.7334987,1.5756873,1.0563384,0.49423924,0.43200752,1.9538945,0.44599184,0.62405115,2.0218613,0.89916474,0.36447036,0.62268966,0.012708558,1.1589739,0.18727309,0.13967635,0.00043450692,0.25547644,1.7522745,1.5435504,0.0,0.39752966,0.621981,0.23351212,0.0,0.3558514,1.403117,0.04885904,0.44177276,0.19409677,2.5172148,1.9230176,0.13410139,0.13526744,0.31545398,1.9334382,0.24470946,0.5983049,0.04907301,0.22684179,2.4263217,0.031186668,0.18855052,0.0051487326,0.11527421,0.23300393,0.29667458,0.0,0.08384362,0.09510358,5.5326567,0.7508794,0.6337396,0.27276033,1.9055431,0.0,0.11311675,0.7114281,1.0610951,0.031933513,0.5235478,all_pothole_images\pothole_images_new_image_611.jpg
0.5212553,0.96149707,0.1320812,0.6860281,0.2105156,0.20049302,0.44797027,0.056173753,0.41774508,1.305089,0.22143963,0.140411,0.2845,0.57553875,0.12738523,0.31845102,0.92806333,1.4293015,1.1262423,0.06459166,0.33360615,0.72721833,0.6240538,1.5051942,0.6470034,0.034784652,0.040810067,0.46553,0.15181011,0.0063952906,0.34965515,0.16041136,0.27635807,0.6701024,0.2712036,1.4549545,0.0310423,0.32608062,0.115817145,0.04373528,0.21314637,0.08110062,0.08424328,0.06273507,0.3720122,0.6685039,0.06639291,0.002522304,0.133871,1.4298326,0.99897045,0.30322683,0.21304223,0.11884588,0.570259,0.40236896,0.06295526,0.35835573,0.7662718,0.0,0.20057604,0.05381615,0.12434375,0.07583826,0.48697343,0.9136519,1.258101,0.13881032,0.4408396,0.05069642,0.2525871,0.1313018,0.8502724,0.09823021,0.5932862,0.11802429,0.019385988,1.3320466,0.066135496,0.033303674,0.01522655,0.1416419,1.1366239,1.5395968,1.2049534,0.121702485,0.06996973,0.14154348,1.09986,1.0869186,0.051611774,0.14337386,0.13478173,0.48467728,0.47255433,0.052616633,1.6238662,1.3500621,0.020525338,0.13560599,0.0,1.0396051,0.15987325,0.34857562,0.53097814,0.7139207,0.34341848,0.06278902,0.023056606,1.0220785,0.17207992,1.5360245,0.10713013,1.1173713,0.039261155,0.43109515,1.0424314,0.23983459,2.504667,1.2064427,1.316698,0.540273,0.009011131,2.8217735,0.6183019,2.2475555,0.11420365,0.8471813,0.41139686,0.22779883,0.2400734,0.032237027,0.06337288,0.28948343,0.12039301,0.36004218,0.14951368,0.32596093,0.1707137,0.09188121,0.40685797,0.08227953,0.54160446,0.43165985,0.026481345,0.021047067,0.086067356,1.9412751,0.0032964884,0.19045362,0.5666043,0.17061116,0.26618958,0.17927097,0.82524186,0.3681022,0.4456107,0.12691987,0.24139084,0.31718507,1.6694348,1.7663704,0.08097231,0.35828632,0.40322742,0.101498485,0.44681618,0.00046720888,0.82972,1.987385,0.43708846,0.009741534,0.006979766,0.079165466,0.89226204,0.5121852,0.5011744,0.0,0.2092892,0.20651418,0.015574449,1.0789584,0.62472534,2.2491906,1.6817892,0.9597588,0.2537212,0.46866992,0.80183893,0.25954315,0.13852635,0.08894744,0.69433045,0.73798156,0.059470445,0.21056977,1.8713349,0.53930384,1.9476238,0.19645433,0.10371067,0.6000163,0.33508137,0.17085847,2.1205516,0.40520903,0.60357106,0.15448076,2.7174234,1.6128334,0.0,0.367547,0.13552597,0.04753447,0.42001462,0.49408734,0.9624115,0.34357128,0.71591747,0.09474004,0.27802604,1.0197676,0.7168068,0.56146365,0.0,0.008620091,0.49151936,0.41059145,1.7963185,0.11293295,0.0040454995,0.0,0.45416275,0.15018895,0.050270833,0.07076117,0.8194801,0.28669634,0.10086016,0.0,0.519583,0.2003956,0.1653339,2.042247,0.0042685545,0.09307626,0.5573919,0.11319377,0.4259105,3.8049648,1.0131412,0.24700136,0.3346459,0.0010179849,0.15690199,0.56234545,0.5166598,0.6638227,0.3649391,1.6201463,0.14315182,0.34395382,0.4051534,0.84327215,0.12320193,0.18308853,0.59766126,0.440508,1.9208486,0.6401666,0.111811765,0.016153017,0.56294465,0.8582484,0.48965204,0.9269168,0.20672806,0.650404,0.5290266,0.24799603,0.123078965,0.31796536,0.46359283,0.026737787,0.48373076,0.22655067,0.22640769,0.0,0.01564162,0.009728137,0.6608493,0.88926727,0.5223635,0.50407207,0.24062808,0.464223,0.86719775,1.0688453,0.07249503,2.0971546,0.66309977,0.8901645,0.0,0.1647236,2.5910378,0.034328885,0.44333297,0.4022338,0.098212525,0.045208808,0.5084526,0.38606948,5.359492,1.1046121,0.18945417,0.65782875,0.012255709,0.589745,1.9150556,0.01856859,1.2853787,0.40249035,0.41735348,0.58883494,0.004104321,0.1699543,0.42839393,0.0,0.1739219,0.11185745,3.2163188,0.37936592,0.18839808,0.0,0.15119472,0.07891818,1.1742243,0.032045435,0.09895449,0.1828788,0.95748186,0.22816406,2.9116254,0.07894828,0.7065166,0.05444816,0.14178523,0.020578792,0.006220039,0.4568465,0.08319098,1.4794937,0.18966764,0.15077831,0.13791321,0.85165507,0.13216898,0.8324301,0.40357563,1.569679,0.57373387,0.6616033,1.2140726,0.015007219,0.009649863,1.2314956,1.8398557,0.067537665,0.32246304,0.48026225,0.2671853,0.7140815,0.92303216,0.2988204,0.61684084,0.32851425,0.69068116,0.65293574,0.94719857,0.2267311,0.32401004,0.0072437595,1.2843056,1.1967767,1.9277427,0.4139618,0.17911471,0.64188474,0.4444454,0.647255,0.09567035,0.55281454,0.11057584,0.18786947,0.03798553,0.09154696,0.83048123,0.11342507,2.4194772,0.064952195,1.759478,1.0533073,0.9020551,0.0643066,1.3664538,0.005750371,0.30459252,0.4453585,0.089697964,0.1159616,0.5861657,0.52860117,1.2853923,0.14925188,0.0008076332,0.13014592,0.24417134,0.043944795,0.26152265,0.112022415,0.087336704,0.69024783,0.17214616,1.2914147,0.636918,0.0,0.25880045,0.5520644,0.061729766,0.7345417,1.0912765,0.61523044,1.0933528,0.31366482,0.2578828,2.5332596,0.43405932,0.732638,0.1103222,0.4487689,0.9932742,0.1870064,0.23843345,0.1891573,0.21891774,0.0473396,0.5590216,0.44614512,0.008627159,0.58091664,3.1810842,0.71642613,0.42092428,0.2411129,0.872444,1.2969915,0.14056611,0.40264168,0.18476368,1.5868222,0.36360303,0.21253517,1.9224508,0.15118462,0.9015837,0.34873766,1.1288128,0.07874795,0.92075485,0.35890484,0.30585834,0.3649009,0.02955089,0.0864214,0.23659758,0.06398888,0.10175098,0.9709123,0.17823498,0.24888358,0.8927115,1.1514965,0.58550847,0.5106074,0.11808335,0.46829748,0.6450883,0.0067377547,0.6123962,0.051890932,1.8446184,2.0935018,0.0,0.009758041,0.040876213,0.2701002,0.06772305,0.13242012,0.12297301,0.09129017,0.41596767,5.014833,0.53070617,0.7295719,0.48087513,1.0043173,0.25681087,0.5650084,0.82262254,0.48478985,0.01950419,0.23800828,all_pothole_images\pothole_images_new_image_612.jpg
0.38502163,2.5464644,1.3847659,0.5659972,1.358423,0.0770754,0.8672435,0.95925635,2.4073253,1.2148813,1.217838,1.4952772,0.7028552,1.0042449,0.63169634,2.2156467,2.402816,0.3694126,0.2667846,0.29822278,0.09505927,0.65916646,0.16622154,2.285461,0.010119906,1.6138629,0.9777899,0.76064086,0.2837729,0.78622407,1.497779,0.14242063,0.17644799,0.21513236,1.9168735,1.1732749,2.905331,0.28033578,1.2379919,0.0042049186,0.37577954,0.062211357,0.023110274,0.48154518,3.735189,1.0666866,0.5427266,0.28753388,0.76935023,2.4497633,2.4695637,1.0205113,0.023501191,1.1200716,0.44135016,3.3342328,1.1897701,1.46544,2.6524856,0.14556779,0.033328567,0.21673763,0.58409667,1.5879028,1.3252853,1.5389574,4.0630074,0.046386693,1.7270472,3.1528563,0.6075218,1.9209504,0.05810684,0.39566043,1.0364834,0.70611876,0.6732834,0.5202914,0.096991636,0.15074497,0.37197438,1.8349861,0.25272083,1.974956,0.68269604,0.40161756,1.777561,0.019410843,1.6948843,1.438313,1.7584462,2.6273448,1.7299222,0.5841795,3.3571491,2.1243036,0.90862465,0.88833135,0.2610283,1.9964994,1.4552186,0.18525237,0.46497288,2.382104,1.8748947,0.5073835,2.4726014,0.0,0.63646734,0.10076694,1.3486363,0.3650884,0.64090765,0.65164447,1.2284497,0.8887751,1.41734,1.6803017,0.453052,0.10997632,1.2695975,1.5064551,0.19844528,0.017496238,2.1340926,1.0960456,1.2623702,1.0860229,1.1571263,0.0,0.9059716,0.5542746,1.5389284,1.16285,0.7106807,1.1308573,1.1500307,0.16910385,0.8820712,0.5379162,0.73238856,0.8279151,1.1014808,0.17579995,1.0241678,0.034248184,3.6310308,0.074809596,1.3421851,0.76046574,0.9636265,0.4014046,1.1977152,0.75747967,0.15543222,0.017641108,2.8597722,0.15788424,0.4244927,1.9258379,0.7760694,0.011501475,3.1214776,0.4346625,1.6194059,0.0010088803,1.5681138,1.1036873,0.5742034,0.046071645,0.11681644,0.41678283,0.17717387,0.22893025,0.6044127,2.0029016,0.30274376,1.5594093,1.2015347,0.24337752,0.049594183,0.0016942116,0.4428938,3.141571,0.05023128,1.2059871,1.5896093,0.7892086,0.6391255,1.4302983,0.53961927,0.36848557,1.1130948,1.9116961,0.46697795,0.42933762,0.98676825,1.4569001,0.89316875,0.6995977,0.0,0.5088325,0.17435215,0.029398309,2.049504,0.81189704,0.09448358,0.24390687,1.4164449,0.6102267,0.526792,0.20155585,1.4545751,0.03709388,0.93386126,0.3614697,1.0208259,0.10944592,0.27728453,1.5800967,0.78811544,0.7092293,0.671619,0.2673453,0.25653502,0.704878,0.6565802,0.30253816,0.55630934,1.1707803,1.0296215,0.5650243,1.7705605,0.69047785,0.11950407,0.77516437,0.52197933,0.1625138,0.4207246,1.719956,0.05776702,1.6524295,0.30926996,0.27639383,1.4534127,0.8606516,0.8773712,0.003547639,0.89342934,0.79900515,0.11590829,0.9990128,2.4414942,0.07199256,3.0203044,0.33535454,0.7628049,0.025820434,0.2689367,0.21996169,0.28115582,0.047349636,1.7460128,0.49982575,0.8988943,0.3275159,0.29837483,1.503914,1.5566518,0.6765479,2.486148,0.30303192,0.23042275,0.57954574,0.10736676,0.27908188,2.9924479,0.9730777,1.4073987,0.28924057,2.8794851,0.3930963,1.2304502,2.5767062,0.5373701,2.2776918,0.043211687,1.2174898,1.354565,2.008316,3.2468567,0.5292153,0.048005905,4.9619594,0.77221096,0.1968221,1.810662,0.5659042,2.435977,2.2240014,0.032255158,0.218886,0.08969191,1.0999732,1.0053111,0.008571501,0.16103041,0.44293717,1.3061285,1.9821357,0.7507754,0.70537424,2.0080948,1.4834236,2.0584714,0.026869953,0.8532827,0.6099455,0.053940535,0.7163605,3.475146,1.0980191,0.14880238,0.84134376,0.24412902,2.3556263,0.6279333,0.46008992,0.054252755,1.2764595,0.8929007,1.1573496,0.80362266,0.4738504,1.9070046,0.27753618,0.25763685,0.0,1.3266398,0.3369606,1.0479448,0.70546645,0.28170744,1.0248436,2.105161,1.2739503,0.80218756,0.020429209,0.4828377,1.2981285,1.3973197,0.3731211,2.0530488,2.8551168,0.06516579,4.0690866,0.5836101,0.66005945,2.240924,1.0260894,0.40151486,0.536207,0.52482134,1.6007614,1.9888202,2.2592392,1.744951,0.08116867,3.7193654,0.4235223,0.018248113,0.31737334,0.42898318,0.9377125,0.83970654,3.8070965,0.22843273,0.17301963,0.22829935,1.6591626,0.31373614,4.814111,3.2049932,0.36955008,0.56983626,0.9426496,0.8468522,1.2060043,3.5332105,2.899025,0.69245255,0.25583196,0.43619943,0.5648738,0.5070691,1.0085421,0.9814588,1.6069008,0.898577,2.1768107,0.2404239,0.41984823,0.1219398,0.051889513,1.4714174,0.45469588,1.9556226,1.2886835,0.046753965,2.820511,0.19756104,0.25527248,0.88853586,0.6119313,1.4842997,0.0309591,3.0421572,0.1346311,0.87539256,0.0078095817,0.21533248,2.4774773,0.082813114,2.1732862,1.0666194,0.13583848,2.5291977,0.24239391,8.314469e-05,0.71232855,2.6134877,1.9748721,0.9883877,1.2716569,0.76660246,0.27770182,0.6578082,0.63482165,0.65201443,1.1292007,0.5852638,0.42462632,1.8614072,1.5133039,1.4011862,0.8386688,2.1459353,0.0,2.771552,0.7460076,0.8068726,0.17275703,2.7021008,0.91650605,0.35489896,0.2644946,0.31953394,1.0437747,0.022500103,1.7079103,1.3980426,0.0,1.0839139,1.3767086,0.34423578,0.5188507,0.44427592,0.68260986,1.099405,0.0,0.2216803,1.7172073,0.37363335,0.9176226,1.9742011,0.68343365,0.25771478,0.06172255,0.7700277,0.23906267,1.9404532,0.14474294,0.50435334,0.7928376,2.6959786,1.2569611,0.011335289,1.1279593,0.4622794,0.88482386,0.48014805,3.8356264,2.2658217,0.44427967,0.5464982,0.27708402,2.2862682,2.6974573,0.84585303,1.0456332,0.0046977876,0.39540955,0.021029308,0.3210473,0.48664162,0.45597318,0.7090788,0.5882526,0.98715615,2.537613,0.4685659,0.73150104,all_pothole_images\pothole_images_new_image_613.jpg
1.4691046,1.7145401,3.989781,3.0495417,0.67431146,0.0,1.969516,0.62592906,1.1469377,2.6240206,0.49741235,0.63787395,0.7946908,0.61967784,1.3222343,0.9165082,1.7100775,0.115638815,0.18216263,0.95372534,0.059561625,0.5240924,0.1244813,0.73147815,0.8846275,0.22666442,0.3299168,0.3284537,0.19920184,0.0035259896,2.1774926,0.81491786,0.0,1.8209835,2.0608158,1.6710837,1.4482882,2.0227745,0.5520027,0.77930355,0.2547748,0.43846434,1.0145963,0.574081,0.6219377,1.777175,1.4614453,0.17702454,0.5238604,1.5997429,1.0951855,1.345623,0.2377647,0.81872326,0.7765781,0.45854154,0.09430708,0.18657641,0.8208591,0.48562217,0.49236265,0.32796395,0.04747246,0.22766002,1.1413118,0.49816418,3.0588677,0.81760716,1.5173602,0.09360177,0.3034949,1.3273413,0.5339213,0.58075416,0.045613986,0.6425567,0.097462475,1.7202281,1.6923208,0.0078010047,0.49429092,1.0421582,0.51188797,0.0,1.5819252,1.4157593,0.25628003,0.5786725,1.2728381,0.17880291,0.31474748,0.4581393,1.4797904,1.7726883,3.3023748,0.70011884,0.9850876,1.4192097,0.67037106,0.7409229,0.21306072,0.71695477,0.45995533,1.9780312,0.97919947,0.33172598,0.0069081634,1.3242651,0.45844752,0.30556,0.0053780223,1.8572876,0.04462029,1.5267906,0.19378118,0.6750667,0.18391812,0.17622375,1.0823877,0.6161941,0.52354264,0.9970557,1.5373546,0.46246377,0.12033574,0.09758445,0.7093328,0.16705252,1.6431196,0.77403396,2.1635237,1.1685567,0.8487115,0.21605523,3.5223079,1.7933545,0.27060273,0.007888584,0.7074334,0.112828,0.8843072,0.41220453,0.482982,0.43230546,0.25825614,0.30532154,0.16212787,0.45261133,0.17319967,1.5071414,0.857595,0.87611836,0.06608963,0.15190183,1.1287957,0.7204912,0.89919436,0.0947138,1.091321,0.5732763,0.30277517,1.1247241,0.6207444,0.27892563,0.64948887,1.1751467,0.3150438,1.8132735,0.075041845,0.5648864,0.61833924,0.503655,0.35538432,0.9901086,1.8843049,1.3566877,0.30834654,1.6211703,0.34412867,1.9100255,0.43471974,0.11192549,0.19550295,2.2932215,0.099414416,0.6371859,0.6149283,1.3934021,1.4599416,1.8906038,0.014066745,0.117447,0.37860376,1.3401265,1.139578,0.9003736,0.51737,0.80085564,0.23069023,1.8072164,1.3702217,1.2503067,0.6008492,1.9743067,0.36208025,0.5094393,0.5137797,0.37983298,4.309874,0.7418064,0.75035405,0.008182294,0.82097805,0.6718743,1.4942174,1.4686409,0.9213763,0.13641953,0.55347335,0.011532141,3.511568,0.18532127,0.22513264,0.27214324,0.391647,0.81534994,1.4039148,0.7758573,0.057689622,0.7059424,0.2572982,0.17728786,0.55836874,0.70192856,0.8173472,0.35207513,0.50774574,0.91989213,0.60529,0.69457024,0.4028588,0.12536247,0.59896725,0.6923122,0.03813002,0.8988676,1.7201055,1.4042573,1.0146998,1.0698462,0.048484392,2.1386101,0.6648352,4.321253,0.8090899,0.18503319,0.37867424,1.9206846,0.9101121,1.2084386,1.3327663,1.3588741,2.9325387,0.42787403,0.013002198,0.33377042,0.8495663,0.64319843,1.5390562,0.29326054,0.40238473,0.056531638,0.29369286,0.4701166,0.4494248,0.550077,0.6977602,0.6075898,0.15349025,0.27665094,0.21855319,0.5111892,1.4476352,0.58778715,0.2650033,1.3416643,1.3800899,0.62667257,1.3957444,0.5976989,2.422905,1.447809,0.06450018,0.5347445,0.6790415,0.42168128,1.5758573,0.06596769,1.5582478,1.3844495,0.055187006,0.16310407,0.09067848,0.14349253,0.2524494,0.14844571,1.7641054,0.6243225,1.2398767,0.123206936,1.1405491,0.07105315,5.335038,0.6205191,2.1237593,1.2470838,0.0035068244,0.8782967,0.7427016,1.028706,1.605112,2.004398,0.35715103,0.5728328,0.096351214,1.0359885,0.13385308,1.2814604,1.4428647,0.24636504,0.6492241,1.3629069,1.6727827,0.22287627,2.4840913,2.024007,0.3610867,0.031745333,1.0756116,1.0276985,1.6733902,0.39983538,0.99770117,2.0955663,1.8449728,0.3308253,0.7106155,2.0981624,0.024873156,0.66059655,0.46259603,1.6130193,0.6749746,0.38183177,1.2718084,0.2627906,0.39597028,1.2280415,0.5404416,2.0885766,1.8093661,1.9931917,2.5954654,1.1952496,1.192675,0.390354,1.6614362,0.36497384,0.9827983,0.89664257,0.71738714,1.3257842,1.194679,0.5755457,0.0,0.13620628,0.5189351,0.40162012,0.13394116,1.2276069,1.5252696,1.4049339,2.4397693,1.0082299,0.7544185,0.51507974,1.627703,0.349846,0.27891678,3.184443,0.61322325,1.4127356,0.18990466,0.7268098,1.4525766,0.7697417,1.3765541,0.8456963,2.6541853,0.5003023,1.097527,0.061835133,0.35674724,0.76629466,1.3829564,1.5027899,4.636867,0.33948782,0.53469855,1.9773926,0.081105895,1.2253739,1.7585007,3.66192,0.12249315,1.2687851,0.042344574,0.9069019,0.70036083,0.7908613,0.4792907,0.957141,0.51591045,0.98935956,0.032287326,0.2962977,0.73417664,1.6213344,0.09289348,1.9174243,0.09853118,0.45614335,1.3626363,0.56801075,0.9099913,0.042628225,0.8372574,0.024045717,0.2817324,0.02357817,0.23194651,0.07466383,0.11133003,0.2029844,0.16897458,0.65621746,0.69973403,0.099123865,0.6560492,1.3250352,1.8167961,1.0961838,2.7097924,1.27788,1.490405,0.32849643,0.8443899,0.4410991,0.518614,0.6358928,0.9492531,0.7536319,0.35750905,0.31964415,2.0737538,1.3111494,0.2756175,0.38591886,0.47196242,0.16333967,0.46735305,0.38498485,0.39619994,2.2905977,1.8278111,0.028956965,0.32750085,0.84157103,1.7301842,1.4965624,0.14225411,1.7408042,1.333214,0.40056843,0.7838413,1.3981975,0.11505356,1.0272353,1.6615709,0.1721314,1.737168,1.6686189,0.7079065,0.0026528854,0.18785961,0.21753852,0.8028023,3.2517111,0.5320159,1.604826,1.802593,0.42125592,0.46512064,2.2056222,0.45158792,0.7727244,0.37313437,0.08268348,1.2526911,0.42510402,0.011130422,0.3885276,all_pothole_images\pothole_images_new_image_614.jpg
0.5615334,1.5705398,0.7104676,0.52002513,0.7994654,2.4025888,0.5637471,1.5598618,1.114822,1.115072,0.09799856,1.2121502,0.084785655,0.318934,0.81904286,0.30765817,0.30848712,0.006756733,1.6645131,0.21271981,0.7746733,2.3584352,1.8104632,2.5647473,0.028544175,0.66217244,0.8522231,3.1522858,0.11907136,1.301097,0.24517317,0.06411746,2.488263,0.070799656,1.1369299,0.4981256,1.9639223,0.06519441,0.14808859,0.9053998,1.2132618,1.4369594,0.25909612,0.29888862,0.7213163,0.2919913,1.2689602,0.09332406,0.59801054,0.2571943,3.4557283,1.2312607,0.85955536,0.88228434,0.6610507,1.6204659,2.6438456,0.82330537,1.4156512,0.83398765,0.7273136,1.4784164,1.8872385,0.92382216,0.4583799,1.236577,3.1126535,0.08347989,0.499465,1.4576851,0.6465735,0.5827227,0.5114271,0.92502135,0.25274354,1.3477983,0.6523848,2.3115053,0.113604546,0.40161437,0.9354047,0.9181481,0.11889993,2.1016674,0.71212065,1.4237487,0.28408393,0.08731002,3.4986796,0.8299085,0.29794037,0.93820125,0.8383567,0.25535423,0.97333515,0.09484476,0.67239314,0.87183225,0.7008556,0.63518393,0.29477775,2.7418063,1.7075691,1.0524161,1.0757421,0.185287,0.16991284,0.58265144,0.8289013,1.9114798,2.2660851,2.3578885,1.0671767,0.2251236,0.9867825,2.1000326,3.0681267,1.0742408,1.5954076,1.0586166,0.43176985,0.69633055,0.54870313,0.74866486,1.0810549,0.32187042,0.812259,0.9096599,2.6636214,0.15395218,0.5363571,0.9396663,0.3014652,1.5599483,0.6234085,2.1104176,0.19764087,0.6664758,0.32095522,0.74790937,0.521645,0.28941905,0.15793478,1.0596141,0.061961573,0.435626,0.23028848,0.8583054,1.1798174,0.97332186,1.1554346,0.5228321,0.1685591,1.0137199,1.6216025,0.6563242,0.16144721,1.2886328,0.17676371,1.0477769,0.3139122,0.12360352,0.4653771,1.7944385,1.1931709,0.4754278,3.7744877,0.39359167,1.3408169,0.0,1.1048596,0.67161775,0.24643797,0.6967813,1.3147087,0.7514237,0.7221321,0.47230166,0.26304272,0.45861208,0.20813835,0.6358855,2.6533875,0.95263046,2.2330377,0.09842371,0.62309647,1.3784444,0.18074328,0.5813503,1.9275824,0.026702229,0.055228982,2.6748302,1.2548255,0.4522879,0.085736476,1.2956462,0.87361956,1.6173304,0.0153470235,0.21898067,1.6699818,0.018812057,0.477039,0.508366,0.05051361,0.6286907,1.4150833,0.66835886,0.40929693,0.6075676,0.5126691,2.4818637,1.0389196,0.15678583,1.1770843,0.98075724,1.2741017,1.1890378,1.0701658,0.28343517,0.5550594,1.7880499,1.1369436,0.5532807,3.5896406,0.27469137,0.46133187,0.0,0.79001695,2.467764,0.47594953,0.034840934,2.3612192,0.67528266,0.5628787,0.01328137,0.016936587,0.04471161,0.9668918,1.090309,1.2017696,0.7497633,0.66422635,0.4061904,0.22526677,0.08422532,0.34591088,1.3825749,4.8503575,0.20596126,1.485403,0.15867235,1.3122197,0.6036879,0.393827,0.7539333,2.7372854,1.2971244,0.54011923,1.6145936,1.1168708,1.1763494,0.12109305,0.5773814,0.117443696,0.044622947,1.8043045,0.26281014,2.310074,0.09292412,0.26696077,0.031112833,0.28940803,0.5507315,0.90093434,2.6797657,0.22898045,0.3854641,0.62179935,0.35535353,0.49726078,3.834955,2.46437,0.7435969,1.4661145,0.5300713,0.60617507,0.039556056,1.3938761,2.1332722,0.260874,4.8181906,0.34671837,0.8177923,1.6844363,0.19523324,0.29868674,0.13965207,0.0017548851,0.5814778,0.46765837,0.40454927,1.3966652,2.0298197,0.56211764,0.5557992,0.3725011,0.80902445,1.0318966,2.2169626,3.4024138,1.0861105,0.8638433,1.8425803,0.596204,1.8607535,1.1255943,0.36579666,0.3910328,2.7481782,0.39340833,0.27141285,1.5175812,0.34303626,0.63418055,0.62674445,1.3163116,1.2806123,1.4643062,0.5830073,0.38309085,0.798941,0.2541569,0.7644119,0.21529509,1.1025584,0.061071604,0.8665144,0.83135605,1.2646767,2.045176,0.121503204,0.81219226,0.027188003,0.25827459,0.07402665,0.16212732,0.9180445,1.3558372,0.24233875,2.5328581,0.44534644,0.95131445,0.19015846,2.3727314,0.8619211,0.50827736,0.098788746,0.29675516,0.14418356,2.3144374,2.0507743,0.29818138,1.1573135,2.8232136,1.7368685,0.7996183,0.16027929,0.8998226,0.5887443,0.80140513,1.5833024,2.5224988,0.15289967,0.041944113,0.28255126,0.4796615,1.3350583,0.37673178,0.4559296,1.4083463,0.7552668,2.985851,0.5852163,2.8785787,1.405771,0.4396979,0.6694555,0.27507475,0.14681853,0.0065522124,0.7684878,2.6545117,0.19798954,0.6415235,1.2676449,1.1878517,0.35541242,1.0834081,0.66453284,0.21258745,1.2710719,0.50288415,0.4296618,0.26011646,0.19489677,0.4396985,0.61129284,0.066731036,0.23850861,2.0221999,0.53180134,0.28932664,1.2849691,1.2954555,1.4647506,1.6329653,0.24458818,0.84052837,1.0145993,3.8965933,2.428036,0.7094473,1.8980901,0.12145488,3.1418798,1.8813401,0.62789696,1.0530411,1.185899,0.4503584,3.1748128,0.66058195,2.5703447,0.6170488,1.5493449,2.0280144,1.1339386,0.44329885,0.19609213,0.29328597,0.025067808,1.105936,1.7071066,2.490101,0.20369145,0.30514723,0.43989986,1.1558723,0.257736,0.8668379,1.4087127,1.8391024,0.8912316,2.180932,0.46257058,0.46697527,0.61328965,0.0369238,0.6062849,2.8783145,0.36312577,0.065109774,3.431648,0.28726694,0.83218956,0.6993626,1.5032173,1.5331162,1.5413172,0.69975716,0.23545909,1.7228583,0.34993812,0.11298205,0.695439,0.85093033,0.59648967,1.1968424,3.2399883,0.4104115,0.44860044,0.09584055,1.1041299,5.4477983,0.3312803,0.70226437,0.82862914,0.0,1.4382598,0.14705218,0.80598325,1.761445,0.22399497,1.6631899,0.63179296,0.96083003,0.17330751,1.0717677,3.0670862,0.9375031,2.1287909,0.4526197,2.240616,0.09305393,0.81373984,1.2899417,1.6434674,1.099458,0.5525857,all_pothole_images\pothole_images_new_image_615.jpg
0.26989388,0.38522804,0.2793928,1.8079282,0.27045125,0.5630133,1.3048362,0.1661117,0.13840096,1.7436925,0.38018534,3.1279032,0.3688053,1.7729477,1.676732,0.5256425,0.7432818,0.0017372485,0.89666516,1.1626991,1.0452634,2.091241,0.879696,0.90840113,2.303944,2.2214723,0.6899084,1.285645,1.2506685,0.13307153,0.12986428,0.7147573,1.4158373,1.4197459,0.34834856,0.48105317,0.21552198,0.82113856,0.79398763,0.2621952,0.0,0.2565749,1.814966,0.25850976,0.6115724,1.1502802,0.6078625,0.9888756,1.4310745,0.6333458,0.16287583,1.7018971,2.0233712,0.89161366,0.73985803,1.3167294,3.1366677,0.4824777,0.68089783,1.107507,1.3063874,0.7838492,1.7547302,0.027494306,0.5837594,1.1574922,0.11097413,0.4459891,1.5929997,0.074083194,0.6957776,0.34851938,0.5763577,0.54774886,0.5909079,2.2780194,0.2544202,0.9094466,2.1261165,0.35224167,1.3539528,0.4108745,0.086014755,1.7533886,0.59904325,0.05660528,0.09324918,0.1219489,1.345709,1.403827,1.6403577,0.7204135,0.8012611,0.81807816,0.272436,0.16421719,1.4758708,0.5301329,0.6445321,2.5097616,0.7228025,2.6008215,0.98326904,0.24524863,1.3869946,0.4569383,0.89035213,0.67208654,0.79987293,0.6698887,0.46725082,2.2750714,0.9184508,0.23229344,1.2506758,0.27934113,0.5231248,0.03645454,0.7643718,0.34444833,4.056272,0.24687222,0.87434286,0.5432985,0.96955264,0.73576814,0.99300003,0.97433305,0.8269418,0.74187475,0.1559761,0.23066859,0.8360589,0.32098022,0.69704777,0.050509658,0.3994929,1.2125013,0.3607057,1.7430105,0.73597705,0.5897936,1.5403317,0.9677013,1.1439605,0.3856472,1.6573697,3.85299,0.29750586,0.026404329,0.11399101,0.5676364,0.12679672,0.84566903,0.8143145,1.8777628,1.084106,0.12858896,0.78484833,0.6454552,3.144582,0.11575525,0.94949603,0.79327077,0.38995695,0.61164117,0.64374185,0.19040959,1.2295761,0.4638506,0.08503793,1.2861106,0.01574796,0.7090342,0.40017515,0.8936763,2.6466246,0.13083173,0.019709384,1.2346293,3.284265,0.57314646,0.2556079,0.4391456,1.1809859,0.17921945,0.46310705,0.61803925,0.39457157,1.9897171,0.006087596,0.68709993,0.16947944,3.3456147,0.11880723,0.88653994,0.2608046,0.1352499,0.37426975,0.8395577,0.65858334,0.8592197,1.7497193,0.14392787,0.14048018,0.15871532,0.45415503,0.8113253,0.20951433,0.4545512,1.0879617,0.15463829,0.34199986,0.57430273,1.4026835,0.59975636,1.3635403,0.033326127,0.9020135,0.2757434,0.59580976,0.017758818,0.7501836,1.2414639,0.30719677,0.7728732,4.9358344,1.2325923,0.33497223,1.0125421,0.59705573,0.4153269,0.4297262,0.5589134,0.828836,0.20916787,2.4921315,0.1764721,0.48263192,0.4838856,0.0030662655,0.114536285,0.10202446,0.37952912,0.4963405,0.15092035,0.68266666,1.3953625,1.1933107,2.0567932,1.9601843,0.39093503,1.3185141,0.7236034,1.1651702,0.4308364,1.1579204,0.5022415,3.170492,1.8717725,0.5594575,0.06489416,0.54870886,1.0483228,0.57314694,0.09087753,0.12615913,0.50107425,1.6343956,0.53213173,0.09319241,0.17250684,1.3350998,1.7587787,2.6242287,0.5821566,1.4487062,1.3318325,0.0,1.7147945,0.23831205,1.3642976,0.41927522,1.2506329,1.149111,0.19206226,0.71619374,0.54844856,1.8051325,0.29414234,0.20800121,0.8086851,0.58354,0.2534552,2.0683777,1.3480225,0.19853899,0.20872599,0.90184593,1.1188656,0.049975622,1.6619794,0.8176437,0.0737438,2.6288302,1.420102,0.12680873,0.019499492,1.2704498,1.2375101,0.48831218,0.4770876,0.85696375,0.8661663,0.7186326,1.9814512,0.07499193,0.47464883,0.26943174,0.6923584,0.1695267,0.18142995,0.23412529,1.3749456,0.93522984,0.27681646,1.1253095,1.0519968,0.6440126,0.2862653,0.67330176,1.2312589,0.8411137,0.5228369,0.7755699,1.3591967,1.3727298,3.0319428,0.4562757,0.9289132,0.87318605,1.1258689,1.2967519,0.87349343,1.3753066,0.2085465,0.4174079,0.32819417,2.665502,0.29739597,0.51232654,0.642997,1.0518587,1.2724881,0.5265671,1.8502134,0.12961374,1.7573339,0.5688433,0.35740545,0.11369388,1.2250142,1.5147337,1.4247799,0.65060234,0.5320062,1.2607263,1.5349655,0.68641007,0.64270616,3.0587509,0.009329122,0.52861303,0.15232557,1.7418371,0.1972591,0.05228326,0.29170725,2.1132026,0.53494996,1.1645399,0.11446175,0.9650791,0.26387513,3.9795756,2.0363917,0.41583422,0.14016385,0.17497267,2.0262392,0.61523414,1.8366731,0.38533914,0.31239992,0.10449931,0.13263397,1.0708711,0.63321155,1.0904561,0.20134875,2.7499943,3.8991718,1.0420753,0.72542584,0.0,1.642386,0.56898326,0.28595465,0.748381,0.266126,0.5670226,0.9031721,0.1497775,0.5820656,1.3329864,2.2576435,0.20902003,0.34741637,1.3323526,0.002288429,1.6114291,0.17933738,0.25561088,0.75527626,1.0274267,0.44955117,0.35335568,0.5290112,0.813238,2.047717,0.6527266,1.1128322,0.37298608,1.7056651,1.052819,3.9821522,0.36666915,0.6062233,0.7750135,0.35876068,1.9781481,1.6768539,0.037406415,0.45771632,0.6155736,0.33598304,2.2367034,0.080902085,0.78586227,2.5295644,0.17745313,1.578644,0.158559,1.483845,0.17769733,0.6202403,0.68461996,0.71069574,0.17348342,1.0615379,0.9593759,0.22373596,0.48554072,1.2457734,0.6156538,1.62204,0.4391305,0.3203981,0.8521629,0.53949267,1.2186996,0.026844246,0.24876691,0.6097038,1.3671626,0.5467932,1.7586102,0.83743536,0.9532436,0.11728211,0.7787975,5.4940367,0.18733095,0.31623572,0.0822391,0.4588106,1.2792008,0.9972366,0.49502528,0.092620306,0.58227473,1.8715104,0.66555494,0.16284461,1.0177797,0.772603,1.1354406,0.044708308,1.7091146,2.943814,1.8668331,2.7030115,1.3217213,1.1425447,0.5877358,0.0798847,1.104327,0.60451025,0.6143369,0.8322964,0.86056954,1.7380022,all_pothole_images\pothole_images_new_image_616.jpg
0.37955818,1.429645,0.012579852,0.5044231,0.3766948,1.5823624,0.5832191,0.5369322,0.5574262,0.027108803,0.16364035,0.384508,0.341678,1.64428,1.1863759,0.12998024,0.19834805,0.1466162,0.79200375,0.07570706,0.53282666,3.9338565,0.5782375,0.0,0.49819902,0.9013734,0.29726332,4.0671563,0.029719051,0.30693832,0.9651831,0.042475417,0.81116664,0.2384779,0.14003983,0.06448159,0.040852252,0.032953054,0.69712675,0.1797067,0.21565223,0.015356207,0.1697211,0.0,0.048401043,0.34739622,0.45853737,0.30583456,0.9592179,0.4697818,1.0533981,0.15853728,0.14896293,0.8227861,1.4873759,1.978119,1.7869045,0.6835059,0.0,0.047500376,0.2041124,2.0806816,2.628074,0.041004915,0.64956355,0.89481235,0.99888813,0.004805624,0.6065585,0.2039418,0.53913987,0.12426117,0.2942222,0.8422349,0.14826934,0.020629251,0.016197791,2.287588,1.6372926,0.07655385,0.18363585,0.15737085,0.76413345,0.8009825,0.92995155,0.072964296,0.10383985,0.06393542,1.425828,0.30441883,0.61117905,0.03455154,0.0478882,0.82768106,0.52553993,0.0,0.62333447,0.6310805,1.5498232,1.0522614,0.45302838,2.8355408,1.0115265,0.4957235,0.861592,0.8324596,0.23017326,0.37451592,0.0039094035,0.55461437,0.05829888,1.0217898,1.3710169,0.6569355,0.38475025,0.11722288,1.40491,0.7315792,0.44911912,0.303052,2.1583514,0.1373077,0.037772615,0.2768838,0.20272538,0.39695123,1.2079374,0.37929118,0.4429452,0.781428,0.16566148,0.122860245,0.39990872,0.5915449,0.8614015,0.107739754,0.42417538,0.7935283,0.33372605,0.44664195,0.8664544,0.386881,0.8421796,0.57202333,0.27840528,0.376303,0.5342123,2.0799365,0.24726054,1.4654889,0.2760049,0.12016853,0.37207162,1.3103958,1.2330737,0.84914815,1.0366759,0.09718889,1.0030625,1.059408,0.57095206,1.0085784,0.48659688,0.4855248,0.14914389,0.42707455,3.6473777,0.3200654,5.6737547,0.5117037,0.19648676,0.23453325,0.001983949,0.4746198,1.1681991,0.01544315,0.6823117,0.24480852,0.42795032,0.4530882,0.32908797,0.8833003,2.1544344,0.3540901,1.2954637,1.5991108,0.20459794,0.88226765,0.23284018,0.4331373,0.02047902,0.54716265,0.018825796,2.5004067,0.50989556,0.0,0.42717987,0.4306253,0.64497644,1.2792252,0.555793,0.74557227,2.9312606,0.5974544,0.7049507,1.4418627,0.0,0.38758907,1.5234035,0.5964415,0.080146566,0.66108966,0.6148076,1.5450429,0.41635466,1.645434,1.5896531,0.1757006,0.4175328,1.1928033,0.91474664,0.33065897,0.36799684,0.59282494,0.17286609,0.115836985,4.108964,0.43595913,0.30533826,0.020128628,0.90094453,0.4085709,0.099466234,1.0110846,0.18985933,0.045411143,2.0172422,0.14793685,0.56411064,0.4846235,0.14736289,0.17838696,0.18583581,0.32664493,1.4907976,0.38490835,0.31042746,0.004801133,0.7635135,1.8654778,5.1906514,0.12678407,0.78295654,0.62988096,0.90301436,0.15699746,0.03289143,0.6559036,2.2310221,1.490769,0.14894077,0.4314473,0.5768529,0.5963698,0.06920751,0.9441575,0.72725725,0.6439474,4.631147,0.13617612,0.011401268,0.057676673,0.20179494,0.03197332,0.85509574,1.3537477,0.81301904,3.2248251,0.76478374,0.0254957,0.75461704,0.25735143,0.2042129,3.6279607,0.27586788,1.9399729,1.42139,0.71972096,0.756309,0.13296156,0.3350519,0.86708015,0.37839666,1.8799255,0.11140864,0.12562478,0.82721585,0.18376522,0.715239,1.1304891,0.004898975,0.62231517,0.018163038,1.0346136,1.4295931,0.9345284,0.581671,0.41290745,0.1910721,0.9309604,0.024556542,1.6870847,2.1124961,1.4338024,0.21047273,0.7117927,0.74713016,1.5056177,0.6399714,0.27365062,0.28775463,0.07478401,0.774333,0.49296585,0.42395124,0.9692661,0.10330961,0.00047161992,0.668177,1.4480251,0.61869705,0.5729809,0.28816915,0.21969044,0.036694735,0.51023173,0.08668768,0.53538543,0.08301533,0.7278316,0.30516985,0.09339062,3.7566662,0.0030712627,1.4590943,0.25842118,0.81190056,0.29877627,1.5022421,0.35271358,2.1796815,1.5634313,0.8911052,1.5532619,0.4208223,0.14878476,1.1268362,0.3876303,1.0262104,0.36615473,0.08780837,0.38512224,0.5215656,0.7502783,0.78085357,0.833192,2.5949295,0.80548733,0.35632148,0.07220183,2.053936,0.0,0.6124627,0.042965762,0.81635207,0.024169968,0.0030586487,0.26795927,1.5913866,0.0839723,0.17754303,0.12345448,0.9303811,0.6048814,4.9188294,0.43827897,1.1778587,0.19871323,0.051263396,4.046822,0.5067446,0.98917973,0.025720108,0.8165787,0.15099248,0.318579,1.8327556,0.63398564,0.39050144,1.6980724,2.3230398,0.094400086,1.4981219,0.8349167,0.18356726,0.16932729,0.15590367,0.9194921,0.34188646,0.07035478,0.37801948,0.69079036,1.3278083,0.11299595,0.65383536,0.8877608,0.65902597,0.65550774,1.4244827,0.39046422,1.6174215,0.0,1.0656099,3.3221753,1.344067,0.17605466,0.2504804,0.7644616,1.3352276,1.2313089,0.9241669,0.79490215,0.122004576,0.12130464,2.0772238,4.6999373,0.5460599,0.5051591,1.9199896,0.628937,0.6587701,0.49656507,0.36422476,0.22889917,1.1837718,0.004177877,1.2443162,0.15441772,0.36127424,0.3389616,0.38363117,0.8735854,1.3172417,0.72899324,1.033286,0.4579623,1.1449165,0.13789135,0.40960354,1.8079596,0.4402432,0.32645378,1.0801303,0.16950235,1.3874927,1.1287676,0.19540069,0.3147042,1.4920247,0.7613257,3.5046072,0.5937366,0.37399012,0.40635747,1.7569298,0.16196425,0.6383795,1.6680939,1.2381078,0.08171969,0.6905737,6.0209436,1.7513901,0.4802302,0.29137114,0.1522816,1.1738143,0.42472166,0.5122144,0.98322254,0.66176,2.4965363,0.38262475,0.26193038,0.21422663,0.17909805,0.6443338,0.65348625,0.009911464,0.13529612,0.084290065,1.7840054,2.0479183,0.5033283,0.082025886,0.91989887,0.64521015,0.05046602,1.0635889,1.0540171,0.079276845,0.0099237915,all_pothole_images\pothole_images_new_image_617.jpg
0.043680865,0.5807265,0.6851237,1.6937808,0.9371199,0.08424495,1.8413428,0.3073708,0.19332157,0.9742707,0.15402463,1.1014802,0.054527815,0.8493884,0.19331545,0.018622426,0.20890029,0.3814884,3.6037784,0.7524849,0.35381317,3.9591064,0.95521814,0.62119627,0.8402564,1.1217571,0.39766458,0.9313088,0.024506778,0.4661237,0.25280774,0.21848215,1.0666474,0.051663693,1.5576309,1.7341084,0.561954,0.7720498,0.41107863,1.4806798,0.02009524,1.3304731,0.39525187,1.0022866,0.022280782,0.60460085,0.16441734,0.061381046,0.5557313,0.38083997,1.0496492,0.6244227,0.54425126,1.3210933,1.0063471,1.1066383,1.6280484,0.15334831,1.1374629,0.9950732,1.6139928,0.98596126,0.66275924,0.20954165,1.5633348,4.239213,1.5368879,0.0013141617,1.8872424,1.3271908,0.00022512881,0.18056871,0.020324552,0.22574447,0.62932307,1.9966387,0.72516644,0.17076887,0.5351214,0.92787707,0.123355545,0.04541186,0.06495213,1.3195025,0.6562074,0.13271852,0.52278423,1.0422803,1.7045432,1.1557558,0.27078703,1.4239784,0.016123118,0.14866312,0.03632026,0.14904772,0.76623267,1.4349209,1.0273857,0.6245177,0.014254197,2.3265605,1.3717737,1.0617983,0.2697548,0.90775275,0.15578806,0.075701155,0.0,1.9638782,0.03127106,2.1604958,1.0435809,0.2081295,1.106269,0.049367,3.6543021,0.16347149,1.6903521,0.22321136,1.335752,1.4994444,1.4705521,1.1843176,0.42837423,0.52239984,0.43198815,0.039716054,0.5898856,0.28172058,1.0557075,0.8323702,1.1040548,0.6191489,0.4376805,0.8722685,0.16652624,0.39550453,0.11992501,0.26383656,0.81049305,0.48797163,0.696773,1.106102,0.15149482,0.38976938,0.8342448,0.6953171,1.8933624,0.854255,0.83052635,0.18539359,0.00015263217,0.025887152,1.8365575,0.17201671,0.6851749,0.3032927,0.36518255,0.44558457,0.9630913,0.15231876,0.026167864,3.6999035,0.36621478,0.9942296,0.5862917,1.159136,1.8253955,0.4017094,0.79488325,0.15291032,0.0559266,0.008681173,0.9761775,0.025058614,0.55889064,0.13749474,0.8536193,0.7251385,0.06312488,2.584389,1.6982789,1.5102321,1.3952888,0.6878089,0.16781756,1.2896352,0.8860128,1.3680816,1.9359163,0.4823784,0.20056152,2.326321,0.13719256,0.102096096,0.18204463,1.6339647,0.25744775,1.306,0.21825086,0.6671907,1.0976151,0.51647466,1.8074881,0.39709046,0.14852606,1.308514,1.5183032,0.12245725,0.036810715,0.39689285,1.8526903,1.5568349,0.6006169,0.8134628,0.75550956,0.18411388,0.6715005,0.1096749,0.14030933,1.3110881,0.76178724,0.34680384,0.32340088,1.20799,2.368721,0.20217736,0.28496274,0.18397287,0.042398054,2.0795212,0.4373381,0.22040063,0.6066963,0.13177794,0.15059298,0.22366017,0.0624978,0.2686246,0.5302076,0.10566032,0.18414748,0.25360057,0.5874076,0.32783934,0.2632419,0.31309313,1.139865,2.3747802,3.8350804,0.06825208,0.95483613,0.36850813,0.14669958,0.889078,1.3401607,0.52071935,0.66017866,1.8251166,0.59685296,0.0135069275,0.9406285,1.106521,0.378619,1.1073061,0.005039491,0.22349556,0.5203927,0.62203455,0.47602925,0.6710409,0.0,1.2408297,0.94260466,0.62677443,0.21952136,0.31162503,1.0325698,0.731025,0.106330186,0.0066327676,0.03783886,0.37068892,1.4099925,0.08635312,1.6966686,0.5590005,1.276617,0.23666087,0.37567022,0.035262663,0.37320957,0.49120814,0.109050214,0.17856,1.3440602,1.8674713,0.36713618,0.43842825,0.010356986,1.3023684,0.5241521,0.8120623,2.1673448,0.5439879,0.4084933,0.49814802,0.20462805,1.291563,2.6436932,1.0252297,2.3039699,0.45424002,0.21463588,1.9091718,0.030772371,1.2069694,1.2713604,0.23024651,1.1892183,1.1970395,0.039139275,0.79955214,1.287843,1.4220369,0.23407145,0.011897943,0.6612017,0.01952976,0.58913136,0.45651835,1.2799624,0.056268405,1.8642484,0.5589042,0.99165404,0.55517393,0.22733684,0.3020844,0.9305291,1.9588569,0.7269702,0.17747925,0.39698938,0.65830624,0.3168837,0.4069058,0.29940888,1.2309608,0.7730291,0.012701424,2.9799051,1.1922053,0.0670503,1.2846005,0.44566604,1.6278358,0.57121027,1.3679789,0.5116562,0.5309288,0.15832317,1.1705177,1.0507815,0.07806774,3.2415965,0.07153934,0.039621327,0.31980896,2.1318312,1.2826289,0.16538222,0.5509532,1.3101552,0.08793019,0.15184364,0.25446972,0.73927736,0.5648024,0.56379026,0.0,0.6581574,0.80359143,3.7479627,1.5465913,1.8377185,0.40678048,1.8289943,1.3358092,1.2424126,0.008148356,0.088691585,1.0846756,0.6835561,0.5058777,2.095459,0.5610712,0.42468888,0.06736461,4.981936,0.5112545,0.0,2.011681,0.93505543,0.033968072,0.19870281,1.3088797,0.30971953,0.16874617,0.8349088,0.2699266,1.2951176,0.87411857,0.0,0.37468275,0.105103225,0.51380444,0.03364105,0.07562052,3.4196932,0.029610636,3.1732712,1.148361,1.1675463,0.45217746,0.603514,0.96718526,1.3398496,0.009870745,0.08374686,1.1974291,0.5530084,2.8988526,0.26558074,4.5004845,0.69838387,1.5949987,0.5083666,0.4682648,0.39517587,0.2659524,0.25544426,0.6936989,1.1764923,0.011657729,2.1669023,0.34022152,0.1250978,0.5757337,0.18884887,0.48044777,0.112851426,1.5990266,0.6454641,3.1432662,1.3084867,0.017100068,0.5468669,0.41878146,0.08351097,0.59999037,0.15007553,0.16716743,0.094390966,0.76000935,0.07965369,0.42630008,0.1188858,0.42349243,2.0747294,1.2307782,0.7591671,0.094890304,0.45958826,1.5415773,0.33472037,0.25652388,0.24317233,0.9224865,1.2362342,4.2890015,1.3234742,0.19371305,0.0,1.522015,2.7510002,0.022334952,1.0031998,0.7100282,1.3371289,0.5755084,0.012558514,0.199359,0.32296106,0.5390908,0.6772736,0.035341673,0.3578556,0.19286977,0.2716624,4.702091,0.33545434,0.649559,0.6763092,0.24260618,0.113723226,1.4404142,1.112252,0.8305045,0.24455175,0.8889929,all_pothole_images\pothole_images_new_image_618.jpg
1.1635897,0.69234926,0.9828652,1.1522242,1.0423145,1.0489463,0.8563769,0.9371836,1.3571295,0.3312067,0.32598063,1.8682487,0.22520538,1.8451422,0.18708992,2.6855888,0.14317164,3.319816,1.6108236,0.06413227,0.38789698,0.62166494,0.51376134,0.81549263,0.0754398,1.1182269,0.98808175,1.3212646,0.24097182,0.030406207,0.0,0.953442,1.1583219,1.0816692,0.2524609,1.8944148,0.010842046,0.012127936,0.36573157,0.06297366,0.8403291,0.31492108,0.9090074,1.6524849,0.9675049,3.5040588,0.12446608,0.3916223,4.5285287,1.3541951,1.2561678,1.7827659,1.3894908,0.24379013,0.39249143,0.7137348,2.4297698,0.42591354,3.073204,0.21683875,1.2775494,0.10173221,1.5174285,1.1408187,2.7928662,0.5631977,0.045641314,1.3925127,0.74184597,0.17251728,0.012677143,0.11627796,0.17137408,0.22327462,0.039688233,0.13203265,0.02111564,0.36585227,0.4931861,1.2466685,1.3953196,0.041937515,0.0127982,0.50899214,0.6154797,0.0801148,0.3767533,0.031941283,0.80843645,0.023915736,2.1349285,3.834647,2.8043954,1.097098,1.1527675,0.9903557,2.7723837,0.27885664,0.053110603,1.1527909,0.025193142,1.5822352,0.21059395,0.114393555,1.2892992,0.0018919603,0.13523005,0.7894231,0.16604894,0.20679489,0.0,0.37839088,0.26662278,0.07192933,0.64726895,0.1585213,1.2392187,0.34360752,1.3230596,0.063107274,2.3509502,0.6978691,1.6968869,1.4644974,0.14620776,0.11023274,0.023377817,0.58708817,0.3721639,0.9953571,0.004746605,0.14475414,0.019294688,0.3917504,0.11494028,0.0,0.9978317,1.0225639,3.1092198,0.35621595,2.0699973,0.5636341,2.442596,0.22111756,0.8340371,0.17138237,1.7714666,0.21833867,0.5192908,0.26880667,0.9215783,0.33864263,0.016688246,0.658669,1.066906,3.3777568,2.5446246,0.93597925,2.0539947,0.49872512,1.1260912,1.2533513,1.9243429,0.12030192,0.41493076,0.73996174,0.5686514,0.66175264,1.1673563,0.34839272,0.46395755,1.8021657,0.67482686,3.0312138,0.6648754,0.94056267,0.94233024,0.85753757,1.2904551,0.041889288,1.15112,3.0484588,0.3057526,0.50158036,0.6303632,1.5454223,1.4295533,0.48051858,0.2178083,2.7030044,0.44895196,0.996768,0.30406073,2.4334543,0.66300046,0.55720925,1.3258858,1.1459197e-05,0.06692581,0.46650752,0.47919938,0.39057568,2.6878102,0.09648351,0.0,2.363216,0.391694,1.6285241,0.2887076,1.6899912,0.48776275,0.4560097,0.8636285,0.6516527,0.21933486,2.1922054,0.12590289,0.0058191027,0.08264313,0.38940078,0.05810943,0.81280065,1.7934012,0.35858712,0.0383107,1.0431235,2.9142487,2.443488,0.8928599,3.2135477,0.3019263,1.1130462,0.11227681,1.0038422,0.07540364,0.39553592,4.697463,3.0748072,1.4423565,0.42073938,0.001931575,0.027156385,0.0773657,0.44124755,0.43429083,0.41494656,3.43431,0.8126673,1.4410859,1.2586143,2.8475037,0.50016856,0.04614123,0.06977153,0.28800434,0.9071717,1.0945889,1.1435639,0.34158176,1.0377281,1.5881318,0.26765808,0.8162787,4.855261,0.14561078,0.5811584,1.7440768,0.6376891,1.6467122,0.64908814,0.8158692,0.050492495,0.16468748,0.08681994,0.17000403,2.707367,1.7692382,0.26179668,0.3345827,0.683045,0.7287174,1.2348772,0.08849401,1.394345,0.31332174,0.22272243,0.6699665,0.050135262,5.05872,0.6484249,1.0748216,1.9854655,1.261945,1.2722101,1.3704323,0.060547754,0.944607,0.0043718866,0.48632222,0.80748504,0.0,0.55982614,0.9431077,0.73648536,0.122685134,2.0186186,0.03497231,0.69791925,0.52113825,0.51546276,1.2711698,0.75769407,0.42116538,2.2313976,0.48306242,0.6040079,0.0,1.5438432,3.8251154,1.0016677,0.02198549,0.5489492,0.0683475,1.2542547,1.9136909,2.382376,0.3487554,1.6266587,1.1013204,0.2639881,0.40435168,0.41994017,0.5367379,0.10121289,0.3690158,2.7009673,2.8659158,0.6426839,0.36627707,0.80318075,0.26835078,0.22157128,1.0753028,0.8223893,2.092967,0.3463586,0.027677435,0.056480568,0.12175478,0.7633336,0.9125609,0.06839868,2.093992,0.43381375,0.6457366,1.4878812,0.6178704,3.20791,0.83457017,0.50750846,1.1581019,1.5687643,1.8188823,0.60169065,0.35638434,0.11193342,0.4551597,0.03226714,0.5544088,0.8063675,3.3444767,0.027280174,0.41337934,0.076190844,0.33330768,0.20269535,0.03736575,0.10607854,0.7068746,1.304735,1.721841,1.0150889,1.7322434,0.093605295,2.3637383,0.44848555,2.2243707,0.9026927,0.287118,1.4053936,3.1749291,2.2467358,1.7809951,0.7190297,1.1906718,0.18609163,1.5283256,2.8621147,0.79045844,0.21973158,1.4348218,2.251879,0.1279634,0.099455036,0.59796304,0.049191833,0.6104515,2.2988582,0.9204234,0.1557009,0.7601108,0.9375084,0.703367,0.28329054,1.4645966,0.40596023,3.486062,1.2790368,1.4692084,0.021024564,1.3044583,0.42536357,0.20326687,0.2569293,2.236965,0.8862951,0.54089564,1.0417876,0.54319054,0.67177325,0.0,2.0002613,0.9991034,0.4598146,0.35313904,0.1878417,0.24376102,0.13024686,0.196248,0.4519995,1.2521917,3.429002,0.0,0.8352583,0.68169415,0.89358205,0.74378437,0.08899016,0.8334344,0.8449006,0.27913803,0.20170933,0.30058947,0.63149655,0.658603,0.05452506,0.5979487,0.4642308,1.4854136,1.4901767,3.8192754,0.042832404,0.40444824,0.90956444,1.3806871,0.4033697,0.23039272,0.087618575,0.65835744,0.8317419,0.13216528,0.43774483,0.0007497401,0.017132007,0.45043185,0.49161962,1.1567054,0.81966746,2.1348155,0.024965381,0.49706793,1.5293292,0.0909463,0.030997628,0.58586186,1.689095,2.9765391,0.42295697,1.9316462,0.06556603,0.7455315,0.017078394,0.08069792,0.055386357,0.32233158,0.25672582,0.3017309,0.24174821,0.6219061,8.454346,1.2277256,1.8014383,0.18700448,0.7989642,0.08644754,1.8198469,0.054549813,0.09803419,0.10492119,1.1893495,0.7455147,2.3987527,all_pothole_images\pothole_images_new_image_619.jpg
1.6074401,1.0890279,0.00567078,2.4082203,0.94364494,1.2421892,0.44921562,0.99567854,0.060811188,0.6371832,0.3420681,1.681427,0.645077,0.6691221,0.6847975,0.23755774,0.114925556,0.036305703,0.062016528,0.0073130457,1.001357,0.94188815,1.6827134,3.6865196,0.1688344,0.06410836,0.27981624,0.53907484,0.33509585,0.33097354,0.51584905,0.0,2.2446582,1.491929,0.052179035,0.47461352,0.92804134,0.7641445,0.113575995,0.36405125,0.031732053,0.21487112,0.46035427,0.44244748,0.10766774,0.0064221267,0.47915483,0.17922643,0.02555504,0.6672082,0.86423475,0.9993487,0.19041589,0.06829738,0.0807701,0.9072642,3.1760247,0.0318775,0.861332,0.24410467,0.087729394,0.5150225,1.3059816,0.52800035,2.0225413,0.8302344,0.24432501,0.0,0.13778104,0.18478225,0.54470396,0.0,0.26501325,0.33074343,0.3752667,0.41660753,0.17315292,0.48568675,0.18973175,0.10453594,0.48220178,0.3813177,0.018385457,1.1960181,1.0341533,0.7020615,0.1990215,0.525805,2.0348604,0.4985223,0.36962757,0.09972933,0.36295605,0.061151173,0.5115837,0.42712727,0.96160156,0.1747013,0.698393,0.11549212,0.009793839,4.1072063,0.510828,0.52116257,1.7684256,0.41912478,0.4601176,0.7685851,0.21442035,0.30090272,0.03955736,1.0181797,2.9115868,1.7421526,0.881099,0.7701804,1.1894401,0.07434967,1.3567034,2.1067564,1.3915957,0.7333429,0.09988991,0.6545582,0.066568576,0.56168514,0.287445,1.0349503,2.198096,0.48587385,0.6595512,0.10500278,0.06414599,0.22693758,0.0,0.6396415,0.037511166,1.3840541,0.058642436,0.17204571,1.253951,0.66507775,0.030370915,1.3167256,0.1760705,1.3588287,0.04762175,0.9450859,0.033320714,0.07681181,0.88300866,1.1973566,0.6305726,0.006064716,1.3032461,0.8319589,1.0457451,0.43559474,1.5211444,0.670206,3.2114425,0.14655352,0.085198574,1.9315845,0.29720935,0.44700816,0.2672947,0.41703135,2.828365,0.01242457,0.044764727,0.099089004,0.0,0.042402346,0.67455775,1.2948711,0.6518539,0.026289782,0.0,0.00939133,0.52588886,0.8757932,0.8674414,1.4064661,2.9470482,0.048139624,0.057855986,0.46904093,0.546289,0.18480526,0.3206165,0.11474385,0.41006735,2.8629038,0.013559823,0.6973007,0.6044545,0.7906106,0.96110773,0.2311609,0.20266454,2.6544263,0.21107043,0.19922195,0.5505021,0.75227916,0.75465554,0.28879464,1.2642168,1.1378472,0.09415455,0.62387115,0.09266933,1.6454977,0.83134973,1.0705775,2.11625,0.1615208,1.1738131,0.18665154,0.2210211,0.0,1.943023,0.2115689,0.008782976,0.5648911,2.2467697,0.15237893,0.88810694,0.015071583,0.3312315,0.4138757,0.107618436,0.45877233,0.03356444,0.0,2.4106536,0.81786424,0.0027230761,0.29134816,0.3074034,0.018878674,0.4478122,0.05481137,0.019795187,0.07015584,0.8458773,0.41465306,1.548611,3.2706013,1.5817502,0.39092183,0.6833511,0.042656634,0.1972263,0.05659782,0.69358957,0.039869074,0.28702483,3.1893787,0.79514146,0.1647512,0.54210204,0.46830535,0.052757535,0.34395504,0.04787232,0.40216967,1.5290316,0.42999795,0.37156022,0.2794206,0.16736306,0.07154261,0.15120737,0.6655066,1.4694095,0.5820976,1.1541209,0.259791,0.07147543,0.8240288,0.33622932,1.6029115,0.5504903,0.2513892,0.63132054,0.12813799,0.54017705,0.087801464,1.070463,0.009525906,0.7149798,1.9376918,0.0892808,0.10776353,1.2265291,0.19707009,0.20453188,0.59000206,0.7492072,0.3278801,0.0015726922,0.11331633,2.666416,0.4485555,0.07368221,0.260359,0.0,0.008366094,0.59308124,3.1607454,2.1530354,0.6319879,0.06789875,0.27616403,0.17748979,1.173591,0.5041047,0.3170468,2.080497,0.19292489,0.12530743,0.70620835,0.25072536,0.5229862,0.85719156,0.32628864,1.0773312,0.11230915,0.7943962,0.10198345,0.0,0.0,0.0,0.36884767,0.75446546,0.10575805,0.526938,0.39738923,0.702298,0.71326697,0.9013141,0.15147994,0.048895534,0.6022358,0.6966517,0.015262246,0.18204142,0.5392516,0.7761531,1.0648798,0.2758258,0.585933,0.018975217,0.33117285,1.0666013,0.99643534,0.35663432,0.9381822,0.77864313,0.6138322,0.60077,0.45753542,0.0,0.33822063,1.7611082,0.23919545,1.8331348,0.364637,0.3047208,0.20551577,0.10150607,0.35947165,1.4991777,1.0025309,0.36967602,0.47484884,0.44823816,0.7769936,0.27913395,0.010774315,0.35098597,0.15516745,3.6679595,2.115824,1.9301312,0.08489127,0.13164635,0.35145622,0.0,0.98452234,0.18729791,0.8548682,0.044424996,0.68070257,1.1815296,0.744264,0.4088202,1.3127472,0.107260525,0.8472785,1.0843327,1.2674805,0.36249074,0.44907737,1.467291,0.03657739,0.047072683,0.542512,0.5944939,0.5953439,0.062407184,0.015753642,0.25302127,0.49053517,1.9060532,1.0388936,0.11414142,0.049228285,0.57085264,1.4424611,1.1905961,2.0691717,3.176914,0.027055994,4.0761514,1.3382924,1.5966581,0.6382315,0.2910314,0.5461451,0.29159018,0.07283159,0.16353972,2.2165613,0.09083034,0.9449069,0.20144999,0.76466864,0.9167494,0.11357899,0.040708818,0.6169842,0.5382577,0.025085414,0.89199984,0.6813798,1.6136367,0.7061751,0.491029,0.27894834,0.42739716,0.33286884,0.4916972,0.6798818,1.7919465,0.02209062,0.8532939,2.6031406,1.0625616,1.7736512,0.91905546,0.43980858,1.6390345,0.1331899,0.0115244035,0.15440203,0.055055737,1.6600239,0.62837565,0.118766814,0.19768025,0.27962765,1.3819155,0.057522926,0.06698779,1.611614,0.09796026,0.17333998,1.3010368,2.160887,1.1538093,0.64206207,0.123793505,0.32075122,1.7465848,0.028364897,1.8706914,0.031175276,0.1583477,0.12839827,0.07064372,0.2224069,0.79888135,0.06672611,0.32464054,0.017407468,0.07026036,0.1525255,0.42814142,5.4827166,1.0885823,0.31450155,0.47347075,0.7661944,0.0,0.63669324,0.4295343,1.7563555,1.4209845,0.14766508,all_pothole_images\pothole_images_new_image_62.jpg
0.55205244,3.747581,2.738744,0.25462562,0.07160788,1.8049608,0.40945348,1.1473587,0.6350562,1.1078317,0.48987362,0.15215804,0.65528804,0.23934042,1.6175381,1.6385432,0.78772175,0.14270057,0.4728239,1.9041775,0.3338547,1.3811592,1.2044698,1.7509091,0.09154665,0.8738623,0.59958446,0.9291527,0.8879405,1.2290428,0.5636915,0.3896471,0.042659447,1.0158683,0.42438737,0.6569333,0.1596413,0.56383324,0.76060534,1.54856,0.9785088,0.33136296,0.49074784,0.031797606,1.7046602,0.19569913,0.12440947,1.2196876,0.51654077,0.035969034,0.26422608,0.90471435,0.5586582,1.7298316,1.0521201,1.0365684,2.2734122,0.6261203,1.8841261,0.19564058,0.1449107,1.3923914,1.0122182,0.2803971,0.0027341528,1.2582159,0.7651853,0.39857286,1.8546288,0.1744983,0.064432934,1.6536239,1.9047378,0.35805032,1.5745915,2.6971922,0.8920461,0.36166647,0.26747474,0.71735597,0.5580249,0.27050063,1.0268021,0.20989342,1.6219612,0.2471138,0.27123654,0.35366607,4.7797675,1.0406247,0.41970015,0.50383794,1.2427876,0.91834986,1.5283341,0.47229123,0.8469026,4.707212,0.87463784,0.1138687,1.3061687,0.042216126,0.17965375,0.39909533,0.85927564,0.895943,1.0799901,0.02132436,0.14546084,1.9092438,1.5074232,3.316076,0.0637582,1.1454699,0.2865523,1.5898473,0.6580274,0.4960088,0.32161114,0.25754285,0.098530844,0.7950902,1.2462404,0.6758053,0.99877554,1.7335167,0.024083132,0.6051098,0.56944424,1.0756208,0.9154119,0.32839373,0.75111145,0.28136787,0.122885354,0.40864715,0.29634026,0.4627211,1.6378577,0.21587527,0.35114318,1.4957323,0.52692664,0.25759643,0.80124116,0.31878567,0.53043795,1.4445134,0.567459,5.1575646,0.88680226,0.45650294,0.20335487,0.3191778,1.564092,0.5995994,0.4164973,1.4402232,0.98746985,0.13512373,1.2162544,1.1729884,0.56516224,0.17817469,0.10499501,0.62923044,0.67305726,0.037180718,0.8452394,1.0009186,0.9827594,0.23611858,0.3371894,0.9930057,1.6829276,0.79130363,1.4597908,0.48710695,0.7809909,0.9986228,0.1367063,0.34205475,1.968442,1.1154749,2.4027505,1.6108217,1.0538424,0.8606354,1.6386414,1.2847548,0.26554158,1.5595858,0.07809874,0.7110036,1.1025507,0.30028722,0.2017463,1.6795483,1.0815527,1.6827805,0.5823154,0.5598875,0.003732588,0.5785146,0.19455951,2.6698945,0.15526557,0.36278814,0.10265751,0.029248422,0.63870084,1.2757881,1.4451916,1.6695276,0.34586364,0.7223397,0.17768167,0.33589515,0.9692554,0.84400845,0.69459563,0.6070281,0.46110508,1.4995204,0.605474,0.08717074,2.1669548,0.43898475,0.039878517,0.007881758,0.74157166,0.14013954,0.22361591,1.1733849,0.45091355,0.6655787,0.29292446,0.3947655,1.6124086,0.009993983,0.49113813,1.065555,1.0361584,0.85167086,0.22319692,0.29359576,1.4750834,0.2527531,1.1281487,1.1700665,0.013502037,0.33804587,2.922676,0.60224617,1.2830185,0.8275343,1.3718959,1.3598007,1.4416232,0.73184127,0.06783362,0.5365022,2.8277593,0.33942795,0.3824431,0.7444083,0.869733,0.9880273,1.0789655,0.8749416,0.365542,0.6918259,0.38507262,1.9440675,1.4796195,2.2212515,0.9229683,0.25160027,1.2732102,0.55228025,0.0107984785,0.15324077,1.2875654,0.8184481,2.220997,0.21308339,0.24832428,1.8267549,0.2792083,0.9676186,0.0795169,3.3890007,0.22216806,1.03835,0.32815054,0.9016141,1.1584467,0.52681845,1.8280787,0.014502486,0.23411447,0.82883745,0.91427064,1.7150767,2.0699139,1.1830001,0.57960683,1.6405182,2.3036482,0.07758046,0.6245132,0.30644616,4.4424477,0.21347201,0.011353239,0.5839738,1.5182737,0.37831855,0.47441837,0.9048427,0.43955413,0.4588753,0.12595323,0.6715117,0.78612965,0.9458651,1.2032206,0.6006691,1.2385169,1.3203359,4.2009826,0.27408016,0.9934823,0.23586975,0.9878317,0.3002561,1.1980423,1.2767938,0.26161563,1.003797,1.2671653,0.7522222,0.8879285,0.09051212,3.6455142,0.53005195,0.71144366,0.07099316,0.10035322,0.99555534,0.25848174,0.9744999,0.9481187,0.06225724,0.48005477,0.70684516,0.36334544,0.6366234,0.33580568,0.6530074,0.1820743,0.064863734,0.64667237,0.59949887,0.2223355,1.1815003,0.36340725,0.36286977,0.3880957,0.1908003,0.9809846,1.1893708,0.8826388,0.17511235,1.7709818,1.0827974,0.5148103,0.40864018,1.094456,0.5184354,0.37719026,0.71282077,0.20404173,1.1337653,2.5477803,0.45690766,0.2736563,0.14412172,0.6675135,2.106114,1.2325609,2.7741013,0.44761088,0.036829744,1.1865392,0.025606133,0.9167153,1.4220749,0.39171022,0.6533292,0.47090343,0.8655719,0.3367358,1.4644608,0.47261038,0.10046746,0.85521275,1.1442331,0.6521077,0.6316949,0.6875967,0.30909815,0.024421254,0.7240641,0.025903178,0.3944383,0.9544874,0.011280263,0.17659968,0.37878597,0.2961211,0.9296032,0.72380733,1.4580146,1.6585085,0.6976133,0.90342385,2.4252846,0.045868706,0.6609881,0.5064242,0.04449087,0.30969778,0.6321981,0.888982,3.8604138,1.5879599,0.017550396,1.7171723,0.28464523,0.21722904,1.0067647,0.109132744,0.39708608,0.3691474,0.13061713,0.90489084,0.84019685,1.3671474,0.6176758,0.007216554,1.5096738,2.5319428,0.7435883,0.39894885,1.3144323,1.7762463,1.6747277,0.6414755,1.4450188,0.55502284,0.0,0.8583023,0.748681,0.13156404,1.84832,0.16022988,0.2068764,1.433316,1.6644127,2.1197205,0.4376686,1.2808257,1.38069,1.542475,0.4424454,0.088712804,0.87260103,0.57622105,2.70281,1.7016526,1.292807,0.4895118,0.6842593,0.33364105,0.11558288,2.2248914,1.2662731,0.7659524,0.30547842,0.14083895,3.3240411,0.18317273,0.43798128,0.078071006,0.12163214,0.15434001,1.026475,0.798126,0.3039198,0.7723959,0.9353579,0.73196816,1.0953063,0.08945258,0.34346288,1.3277285,2.5378678,0.41557887,0.83797234,0.5347259,1.332296,all_pothole_images\pothole_images_new_image_620.jpg
1.5091131,2.1478698,2.235744,0.55459017,0.76014006,0.41362718,1.1423215,1.6380926,0.2848092,2.6949077,0.8070178,0.18539813,0.1203621,0.04679942,0.23304331,2.7394612,0.20926781,1.0203818,0.57974714,0.9034276,0.1260724,0.12638347,0.90796995,3.9683166,0.52221954,0.57531583,2.1795652,1.3222524,0.3332969,0.22801256,2.0000193,0.6832507,0.0,0.30616954,0.5317408,0.6259923,0.92976624,1.8342034,0.9230029,1.6483405,0.1492721,0.6496765,0.5327226,0.042747155,0.8581829,1.2004008,0.07822098,0.7372852,0.80397296,0.061554197,1.1504564,1.466899,0.59447837,0.55148906,0.39169312,0.92797446,1.211112,0.9358819,2.7611616,0.21684827,0.36173856,0.50190383,0.49399674,0.8142172,1.3482386,0.1469127,1.6245338,0.2743293,0.40158772,0.747283,0.009193442,1.8610282,0.8492682,0.040252462,1.4988897,4.7006536,0.9097942,0.71540534,0.5386955,0.69610244,0.4087199,0.20602362,0.32983264,0.08705544,1.40917,0.9095725,0.588382,1.9041038,2.8241215,0.8958995,1.4642004,0.55309075,1.1366386,0.326773,2.8883622,0.09821946,0.9280767,3.1270907,0.3985269,0.4360086,0.31350365,0.27272937,0.07642467,0.480258,0.91449434,1.2928983,0.24339549,0.0023455191,1.2205956,0.37205163,0.87014776,0.03631052,1.2313378,0.7668733,0.3978844,0.050233904,0.2508674,0.08174531,0.08856204,1.6388723,1.0810133,1.7843148,0.22335269,1.2294383,0.7667702,0.22527014,0.30553487,0.6024123,0.054168876,0.018519009,0.23961031,0.10528171,0.4721025,0.21220553,1.0265362,0.93812156,0.2658739,0.38789296,0.1529561,0.1434367,0.4451074,1.9170842,0.6285096,0.6256636,0.65154374,1.2276618,0.58332694,0.3623315,0.5534373,2.8417387,1.3260498,0.26973113,0.0578278,0.1405049,0.941045,0.27845654,0.42972684,0.4598777,0.3846669,0.23852046,0.40263397,0.15809536,0.3483167,0.6688117,0.027617138,0.28702742,0.33298898,0.13357727,0.36729214,0.22534236,0.9717479,0.30645588,0.2927768,0.021092609,1.0179381,1.3596333,0.037507456,0.5698069,1.2295169,0.1449788,1.9134346,0.097648315,1.5289048,3.408642,0.73584515,0.13450101,0.0,0.6173186,0.57550305,0.8188474,1.2193925,0.34518012,0.0,0.6682182,0.7145584,1.7090709,0.4066254,1.2306691,0.9569702,2.9421024,0.6420812,0.17437585,0.01235615,1.4075507,0.1937074,0.6521071,2.5155847,0.9806244,1.9278399,1.2291422,0.57699126,0.7188513,0.16670801,1.8648185,0.1616849,0.7021772,3.116516,0.5152669,1.3851583,0.8982564,0.723362,0.7593578,0.12993246,0.3940738,0.8578649,0.089472115,0.6791959,0.088266835,0.018509129,1.453415,0.7620202,1.1171398,0.5118452,0.6248639,1.0654473,0.26377591,0.16934866,0.23393047,0.54866403,0.8125192,0.0,0.1502452,2.540011,0.7930743,0.18688299,0.34298095,1.4561304,0.15629183,0.7913377,0.8600896,0.7149029,1.2192463,1.251502,0.14328545,1.0111314,1.3600796,0.8951145,0.5465318,0.37106237,1.6020757,0.7712325,0.6916591,1.6796908,0.31968907,0.32580742,0.29561532,0.97415453,0.11883632,0.15784968,0.014841698,1.6494783,0.49478385,0.47687382,1.6713746,0.6942709,0.40217277,1.7632164,0.0,1.6648784,1.0149674,0.27237436,0.0044010915,0.940115,1.016762,1.3519217,0.2888529,0.13213845,2.2033238,0.28437418,0.076901555,2.8770418,2.1006093,0.21668996,1.1539577,0.18517631,1.366013,1.062089,0.7389221,3.5807924,2.9973676,0.13818686,0.14357391,0.51157033,0.057852384,0.14650983,0.3519619,0.29390436,0.28882408,0.8537674,0.4695669,1.2794816,1.0100719,1.9058479,1.4502971,0.46211958,0.9143228,0.2379169,1.485397,0.4968504,1.1412884,1.7404325,0.8853,1.1494923,0.08862592,2.5307777,1.8257492,0.28449294,0.39591992,1.3336998,0.51212996,0.20184505,0.12647808,0.718616,0.50607115,2.813148,0.24741289,1.2552192,0.17197034,0.66857433,0.50263155,2.316831,0.17434159,0.68942547,2.0186346,1.6286438,0.2312649,0.19612837,0.71865034,0.044608567,0.41082838,0.2645271,0.7320493,2.2439854,0.2360461,0.87469405,0.24516654,0.26435488,0.8807655,0.05459829,0.58460295,1.7181866,0.84745973,0.3825403,1.232433,0.21611464,0.1867663,1.2255576,0.5711878,1.1021067,0.28741688,0.1444284,1.5498962,0.8877413,0.049635973,1.2813003,0.011252223,0.11559732,0.22000141,1.428507,0.64476955,2.1256537,0.9514524,0.8874426,0.5618705,1.2481542,1.5655253,1.2831885,0.041850097,3.0465188,1.4295282,0.6387171,1.8222158,0.77077293,0.21150061,0.33344758,0.48928216,0.88484395,0.72645926,1.184104,0.41229212,0.1116789,1.2170763,0.7497937,1.4000672,0.06168956,2.6777313,2.2362034,0.9688632,0.12154757,1.905507,0.41650328,0.14553136,0.008205737,0.6934349,0.060179044,0.38403222,0.78433615,1.4086066,0.088243105,0.08349504,0.12630917,1.8659935,0.64541024,0.5963038,1.0607356,0.59743303,1.0089933,0.31526652,0.75010353,1.3806759,0.16710918,0.33672425,0.2290917,0.36815807,0.31694323,1.9596407,2.9664493,0.03650937,1.2980337,0.019603927,1.0232233,0.030828075,0.22460082,0.8073164,0.3699593,1.3351132,0.30423382,1.6635671,1.0513201,2.2922568,0.05851077,0.7223263,1.5628543,0.31782767,0.21088475,0.76209366,0.7157023,1.8985268,0.6085182,0.88491136,0.7153193,0.0031504435,0.7329237,0.82313406,0.62799287,1.7355115,0.1280553,0.6797416,0.48963827,0.33903518,0.7781845,0.5830214,0.4065299,1.545686,1.5773338,0.052395158,0.0,0.4808893,0.6751467,1.1022263,4.969747,1.0136636,0.7866756,1.4962771,2.170323,1.6212459,2.1375427,1.6908605,0.821108,0.08469671,0.17752233,1.951233,0.45069784,0.5318119,0.098394506,0.06737672,0.48982483,0.1776808,1.1240733,0.0,0.04476883,0.08489142,0.5117375,1.7532402,0.9704652,0.08888537,0.620049,1.0546168,0.5409645,3.8677237,0.2694378,0.535976,all_pothole_images\pothole_images_new_image_621.jpg
0.09326065,0.63830715,0.4708509,1.2834334,0.17817801,0.08464603,0.455892,0.8786131,0.17381364,0.26213887,1.0274698,0.14874566,0.16176185,1.3712522,0.0,0.6714478,0.1419148,0.04253649,0.32685515,0.00057207776,0.38134307,1.6694049,0.82929003,1.2500252,0.75949067,0.07221835,0.23922591,1.187054,0.27385068,0.21194677,0.7549147,0.10302096,0.10549582,0.56726706,0.17929773,0.39733294,0.095652424,0.13995695,0.03456845,1.609564,0.34280878,0.07106191,0.3356398,0.20775725,0.72321105,0.13353133,0.14633934,0.019930147,0.17451394,0.33181202,0.29711893,0.18229906,0.10840409,0.15004532,0.012185391,0.66462696,0.35916066,0.0,0.53545225,0.039028216,0.023573836,0.1149017,0.81792843,0.35226217,1.730472,1.5000637,0.118134595,0.05337092,0.46748266,0.02071476,0.0072092484,0.08899051,0.009273715,0.01652924,0.21540454,0.62373096,0.15405904,0.20963734,0.0012724004,0.0,0.011052521,0.00012243954,0.13385665,1.1656277,0.26557344,0.84990823,0.035369866,0.16491155,1.9008995,0.47772387,0.18566808,0.210315,0.0,0.0676769,0.062575154,0.14066286,0.40767783,0.20571654,0.24339841,0.058261134,0.06514621,0.9841652,0.026369179,0.40669414,0.7351566,0.20849642,0.15964536,0.58936936,0.18545532,0.28102854,0.11541834,2.1542892,0.06868356,0.08519556,0.036924828,0.17374629,1.6124593,0.46707794,0.38540065,0.9740253,1.1917517,0.7208364,0.41310564,0.77102894,0.0021660482,1.5536512,0.25925764,0.314851,0.5803584,0.021079428,0.37630096,0.048272125,0.13449883,0.8560749,0.20347068,0.17841256,0.068494216,0.37213594,0.05072387,0.0396756,0.48352173,0.22423334,0.0,0.773138,0.42964914,0.34817022,0.0,0.08693714,0.24837948,0.7435781,0.23961347,0.41341013,0.10007379,0.012172768,0.80112034,0.041967686,0.5528194,0.49085802,0.17284837,0.35279188,0.8518612,1.5548865,0.0357189,2.8286295,0.32059586,0.56228447,0.7969714,0.13026384,0.9388899,0.4651008,0.22371337,0.0,0.0,0.24412553,0.5249444,0.1040577,0.33715442,0.05103048,0.0045593907,0.23155734,0.0015162553,2.0840473,1.272529,0.3879406,3.6404042,0.45237306,0.068753645,0.44387123,0.50589836,0.54413295,0.042291593,0.20810086,0.043775965,2.0474021,0.064018205,0.013534296,0.56385136,1.8192312,0.34333596,0.40604144,0.51373863,0.10564985,0.22794689,0.3824398,2.3893514,0.5401052,0.106436335,0.15918504,1.812708,0.59482634,0.044485953,0.36771291,0.24053551,0.14930066,0.45140895,0.5594032,0.6989275,0.16700275,1.4116589,0.10865308,0.341289,0.65873986,0.52041256,0.7005534,0.0099156825,0.32738778,1.0916271,0.006296395,2.0588536,0.0028857314,0.0056221304,0.33771387,0.2717786,0.26860192,0.22708862,0.12312443,0.36569443,0.5728592,0.23027511,0.013143217,0.60396147,0.07276021,0.09085007,0.20091154,0.24537362,0.0967185,0.4720272,0.78320086,0.31095454,4.2444844,1.1486062,0.17685579,0.2350263,0.06885741,0.07692866,0.102605134,0.5210705,0.046796955,0.27892,1.4096007,0.63954705,0.101829715,0.40191805,0.14758863,0.3622192,0.24660778,0.29133472,0.8185621,0.37311456,0.9633375,0.2870742,0.047318973,0.1530306,0.60105217,0.46963048,0.8885611,0.55506283,0.14924523,0.29357722,0.55324864,0.35321152,0.8352421,0.22078584,0.41869438,0.103418306,1.1970603,0.22225438,0.17051958,0.18009007,0.31650478,0.109690525,0.108463235,0.08030877,0.86189115,0.08573755,0.14518006,0.4387706,1.8186657,0.20294447,1.0213525,0.67113674,0.85966367,0.0,0.38314417,2.8351176,0.031835552,0.0038966706,0.2271441,0.06994114,0.10640958,0.09928878,0.15286684,6.4407835,1.6569669,0.14580949,0.13809997,0.0,0.22588158,1.1763892,0.041039776,1.2461058,0.13802782,0.017890157,0.7262044,0.13975342,0.83204424,0.48031306,0.0,0.5945485,0.14073111,3.7542708,0.42846593,0.0,0.002638325,0.16883513,0.13158605,0.02733407,0.34227175,0.62775356,0.20649582,0.22996,0.05589808,0.5628041,0.40698725,0.23166557,0.26074338,0.11929016,0.056038667,0.39681208,0.7949762,0.04868171,0.42585123,0.24206463,0.24102227,0.20525317,0.26213887,0.12036947,0.63364387,0.33756873,0.51043105,0.06316658,0.23575377,1.483072,0.000988413,0.0070053204,0.049530108,1.517259,0.53687346,0.13867538,0.28016502,1.8679502,0.26870096,0.2792018,0.31594482,0.1527871,0.4162372,0.05825096,0.24289083,0.06964023,1.0229837,0.15268314,0.0,0.4924771,0.77324545,2.630637,0.3198069,1.2583085,0.048844103,0.08919677,1.9481609,0.6406015,1.3361797,0.0018844014,0.49678338,0.21705998,0.8950798,0.37268576,0.11042408,0.06606319,0.24678738,4.026897,0.50475216,0.088725425,0.21470033,0.14648262,0.012197849,0.72841066,0.33030576,0.13023236,0.3711769,0.11799852,0.075672805,0.18328774,0.3461282,0.14361578,0.21018443,0.6934863,0.036795866,0.2819237,0.10152953,0.15451789,0.10759206,0.29036593,0.5742378,1.4859949,0.11989153,2.6692598,1.5070271,0.7040627,0.032258898,0.72316754,0.5094218,0.2838125,0.06913615,0.10692047,1.9595785,0.29950678,0.28359553,0.0053858706,0.09300283,0.2849948,0.18235613,0.0020334893,0.29845536,0.077550516,0.0,0.6844789,0.16535702,1.1307642,1.988344,1.4596118,0.2193449,0.5540096,0.92804384,0.9231818,0.25878334,0.9248516,0.49834082,0.06594589,0.7928839,0.31715938,0.7714817,0.43046835,0.10705898,0.47143522,0.39796108,0.43587407,0.10660052,0.13502546,0.271188,1.0888525,0.45456487,0.11231516,0.099965684,0.27898684,0.0,0.09535009,0.909987,0.034078714,0.047367685,0.47955656,2.6109016,1.4603359,0.3021238,0.024816573,0.5230234,0.4647342,0.10716156,1.1095355,0.38902664,1.2311563,1.5471605,0.0,0.0012725755,0.31209314,0.20279332,0.060494266,0.08246167,0.005428513,0.05317034,0.21636046,2.8543348,0.6862878,0.060736623,0.025821107,0.5753966,0.15958786,0.3838669,0.7508635,0.15427738,0.9276411,0.029230623,all_pothole_images\pothole_images_new_image_622.jpg
0.31927082,0.976751,0.43080655,1.220689,0.59935313,0.13294035,0.8576196,0.16338369,0.05971864,0.46401903,0.2776147,0.32242495,0.26848504,0.6885173,0.110524,0.23630857,0.017763542,2.0712802,0.5839046,0.2085172,0.028389463,1.4924425,0.7536172,0.8597155,0.37249476,0.55160975,0.93878615,0.94646823,0.029199507,0.16116932,0.2913584,0.12244994,0.5869343,0.49610877,0.5944979,1.0940096,0.1798319,1.6152618,0.017155021,0.95301867,0.050384764,0.0,0.09664762,1.992187,0.03959197,0.26926702,0.26373246,0.020817533,0.92800653,0.5995697,0.6279615,0.23915513,0.29971427,0.54248047,0.038566906,1.414831,1.2582438,0.17374156,1.0228466,0.17837629,0.020861438,0.34536666,0.38780618,0.049283545,0.48347214,2.0469677,0.6174544,0.09938633,0.22813615,0.39329213,0.021673996,0.4191534,0.30339378,0.22633725,0.13751468,0.3853562,0.42469248,0.20410757,0.031006511,0.44559318,0.17395465,0.032695245,0.9113488,0.8045876,0.6647022,0.26864132,0.097920746,0.26935813,1.7887167,0.714961,0.105047606,0.13939139,0.048042886,0.028013328,0.037234187,0.038978536,1.0976473,0.7465615,0.26118577,0.13651206,0.0,1.8852398,1.073312,0.057924453,0.44726875,0.8573581,0.35916615,0.46306795,0.60746133,0.7881097,0.008263725,1.4730937,0.18254574,0.7884988,0.5361014,0.22383183,1.2801273,0.13424212,2.3313024,1.0580078,0.6975711,0.35680592,0.12401697,1.4710149,0.1660593,1.2965869,0.017818421,0.19969763,0.043133948,0.0013090166,0.38007298,0.070821844,0.22030999,0.12602437,0.015376982,0.42949644,0.10498166,0.88990915,0.016453205,0.17986786,0.34365183,0.028038315,0.21980889,0.79058164,0.0052316138,1.4095801,0.0731903,1.3790662,0.574427,0.30737624,1.2097436,0.36915118,0.06860767,0.006513967,1.3956375,0.44434917,0.85292214,0.15075009,0.84328943,0.08287015,1.7548829,1.2440323,0.0,1.8434485,0.58739567,0.10845411,0.675484,0.31106848,0.9066883,0.34586653,0.290033,0.2155805,0.03415725,0.32296476,1.2382839,0.13397212,0.16368185,0.02682532,0.16817172,0.16192684,0.0076081413,3.1504154,1.425521,1.4527028,0.38130444,0.46895656,0.15534848,0.53418916,0.21484934,0.37208664,0.20309952,0.3622139,0.094143584,0.9828164,0.15031353,0.119424164,1.0667832,0.3541214,0.3690364,0.4880605,0.09999522,1.0051991,0.22735924,0.60991627,1.4775189,0.4358033,0.2834183,1.6042603,1.0723679,0.15415002,0.07784987,0.43622008,0.40621057,0.6700387,0.42415148,0.42601046,0.9534201,0.121321686,0.2863079,0.0,0.28998327,0.1933343,0.5589907,0.6469552,0.15689741,0.44966614,0.6584391,0.25468254,0.66982204,1.0204576,0.055614438,0.3053443,0.2642083,0.032178782,0.6308874,0.012118341,2.0482187,0.065506674,0.12416281,0.3878985,0.48055273,0.2557613,0.020769982,0.13183044,0.1800599,0.05363212,0.4823388,0.04773172,0.3408905,3.2930918,1.7509959,0.12989059,0.105631955,0.029907282,0.24581218,1.1191802,0.24792573,0.12143135,0.42431593,1.4864247,0.006057986,0.00052609126,0.32846063,0.8375141,0.6952498,0.2924451,0.18276866,0.5109639,1.0384079,0.032738753,0.06967068,0.019163975,0.035336796,0.9927328,1.2367274,0.5963098,0.1850271,0.04414607,0.3500533,0.7649939,0.13802035,0.086307,0.21838832,0.0003596317,0.1463979,0.2545231,0.68192446,0.13944094,1.1368253,0.38977513,0.37383816,0.008542521,0.39385572,0.57938975,0.14277022,0.10514613,0.49951947,1.4613359,0.11213145,0.72766787,0.2768728,0.4168548,0.0,0.69376945,5.3923097,0.37269777,0.020631624,0.21083291,0.0033898435,0.23200011,0.500736,1.3079814,1.6008089,0.7883301,0.15869704,0.1333518,0.47328478,0.40334404,2.6656625,0.027483035,0.8504542,0.01330671,0.20280373,0.007907182,0.29918376,1.0833664,0.5001068,0.10378695,0.45086777,0.124539696,0.58238894,0.02355725,0.0418492,0.0025289874,0.027793309,0.3998933,1.7518328,0.11994815,0.20080118,0.47668839,0.58047724,0.6064996,1.142832,0.033546314,0.013673084,0.11418576,0.14305143,0.0071869614,0.3309228,0.26082748,0.7841269,0.9296543,0.96007365,0.1232408,0.012615761,0.19295558,0.5044292,1.1143781,0.27709475,0.17533614,0.24713315,0.53625804,0.21142198,0.06269489,0.36414877,0.22694786,0.7313729,0.052452143,0.35184088,0.08790745,0.5331777,0.53922653,0.47996965,0.007201487,0.87137586,0.33168498,0.0736063,0.07129184,0.2248477,0.47297114,0.8472591,0.02128659,0.2490747,0.13553889,2.012742,0.8454867,1.2960365,0.0,0.93871945,0.4286316,1.109867,0.34760743,0.29648805,0.20994455,0.2925092,0.00416668,0.19980061,0.059907153,0.087168306,0.050276265,1.7475044,1.2185234,0.28713748,0.6101563,0.487287,0.0,0.0733046,1.204103,0.012410073,0.4629832,0.39928958,0.7299736,0.0774338,0.5039285,0.0,0.08805813,0.5491763,0.5344512,0.42486408,0.024013141,1.704158,0.43448517,1.7660024,2.9667892,1.6513517,0.26131496,0.31635153,0.6854416,0.06939661,0.20786704,0.5112549,0.10060569,0.20147954,0.120110355,0.67179644,3.4616182,0.27518478,0.0,0.1133568,0.5128441,0.17021257,0.44063804,0.17171128,0.31320843,1.2511932,0.09231462,1.4953573,0.19364646,0.0,0.35149208,1.4002589,0.12370094,0.24235722,0.7121862,0.4142027,1.2054204,0.5255879,0.58799636,0.10508773,0.96664256,0.94698566,0.1138754,1.5169675,0.0,0.25863227,0.33109313,0.1803713,0.13115859,0.19824561,0.4634983,0.29595804,0.68379337,0.2102868,0.2557867,0.03681352,0.44034934,0.24813122,0.5011275,0.05934108,0.8808533,0.29915223,2.3009784,0.11671404,0.117391564,0.024372779,0.6053231,0.63376224,0.5656255,0.7657072,0.03604039,0.22395445,0.8039814,0.26348856,0.54010963,0.19162178,0.17551182,0.02215426,0.0046136123,0.0001861418,0.14562044,0.12533104,3.3917649,0.23202358,0.32077757,0.14777498,0.85777193,0.19214693,0.004460212,0.49978474,0.39770827,0.07904872,1.0122881,all_pothole_images\pothole_images_new_image_623.jpg
2.945751,0.16909418,0.30320373,0.5060869,0.070324875,1.5401201,1.2796311,0.3463573,1.6248547,0.0,0.123092204,0.12625135,0.2703008,0.41145623,2.0840046,0.8119214,0.040598392,0.37563494,0.3497185,0.20494394,0.16790387,3.1919641,0.29501015,0.765503,0.76983345,1.7494804,0.012682684,4.771903,0.30496728,0.8377529,1.0174133,1.4263066,1.4399335,0.9571495,0.0018601187,0.08846372,0.15494007,1.1285906,1.0209607,1.4626482,0.947814,0.3754031,0.01611423,0.2980021,0.60286784,0.86616284,0.69906867,0.29303315,0.9755138,1.1469375,1.92744,0.110371605,0.7535014,0.40661803,0.54763544,0.23054676,0.8099935,0.40211207,0.31541052,0.27014613,0.0003846343,1.2671496,2.711841,0.23744497,0.52735907,1.264239,0.11558221,0.50494206,1.3937836,0.075574555,0.53440905,0.23573762,0.36586607,0.501978,0.4427661,0.47414732,0.017139163,2.979004,0.8037076,0.029012112,0.07708499,0.15579434,1.8299174,0.9944441,0.51821923,0.8965833,0.18048136,0.016371077,3.4302952,0.98182225,1.2138903,0.0,0.091768555,0.79619646,2.1465473,0.00091549306,2.1319604,0.3501712,0.20441666,0.7958664,0.015212326,0.22864273,0.12652387,0.9906398,1.9774832,0.3166184,0.074454226,0.8291217,0.9910996,1.2404803,0.17954114,2.2745988,1.212564,0.21992292,0.13238277,0.37646207,2.5273538,1.036376,0.20513445,0.6721775,2.9213607,0.5237092,0.45067725,0.075631745,0.7132492,0.35096258,0.7854591,1.3738191,0.46773624,0.14549692,0.39065552,0.19328868,0.005648701,0.38646182,0.2611045,0.84641904,1.0172362,1.8847692,0.0041564205,0.88646305,0.2832197,0.45582634,1.1422691,0.8036228,0.064983256,0.113582894,0.16353245,2.3370361,1.1352984,0.28542748,0.40952292,0.10413387,0.30189887,1.0429496,1.8432282,0.3189785,0.92959726,0.28997502,0.1486631,0.42249298,0.33417794,0.3857453,0.034822695,0.9997527,1.354392,0.26214182,0.38977864,1.0533168,2.1492944,0.022662695,0.0681563,0.3486075,0.10485783,0.26753733,1.1116834,0.44085377,1.6075971,0.42975163,0.24090903,1.9274186,0.5149745,0.7177112,2.6225271,0.6905721,0.76708996,0.46984714,0.17706789,1.7075287,0.10407549,0.9044577,0.0023510915,1.5877732,0.10491224,2.8084278,0.14218107,0.04201434,0.33686805,1.8381913,0.88673073,0.8963389,0.3032304,0.59153235,4.2961955,1.2707633,0.51550347,0.30153757,0.6992569,0.48191917,0.72663146,0.5504867,0.35044685,0.43159688,0.4982724,0.2687488,0.30647966,1.1226231,0.6170616,0.6424634,0.9896444,2.9826005,0.23804162,0.32561916,0.82192105,1.914292,0.7583109,0.60207725,4.0344996,0.24710585,0.02175723,0.0010844142,1.1479126,1.7960236,0.19133514,0.5250196,1.2631212,0.49366346,3.5921052,0.0,0.41631892,0.101015136,1.0632787,1.6848387,0.9252332,1.717746,0.033241596,0.25277796,0.7471501,0.80754024,0.49075297,1.92192,7.620777,0.19128239,0.91318536,1.1091533,1.1841608,0.24178295,0.23003975,0.38224298,1.6170819,0.88598657,0.28397503,0.8308139,1.0774894,0.4042184,0.11279063,2.6545124,0.06547125,1.0739362,1.013111,1.1236833,1.130716,0.040565975,0.036375634,0.43676102,0.5758832,0.5157918,0.8991496,1.7721744,1.0541089,0.00048673394,0.7671032,1.9236207,0.0,1.8846803,0.4074883,0.8036279,0.3172975,0.13997951,0.5462935,0.48145553,0.32726586,3.5884175,0.6141887,1.036613,0.05444513,0.4763689,1.7000653,0.86932814,0.71846175,0.91580665,0.014430031,0.48618412,0.30178493,0.9546512,0.9475675,0.8796461,0.02113274,0.9888995,0.79626065,0.8507974,0.90088856,1.068286,0.97280484,0.38208887,0.49058577,0.83821195,0.394608,0.38744724,1.7531844,0.2912327,0.76147676,1.5692695,0.6559814,0.21192858,0.27533063,0.97018844,0.63951516,0.05120042,1.4709244,1.6202103,3.1837893,0.13879998,0.31084338,0.42364183,0.66715264,0.33356932,0.44357458,0.18062651,0.46533307,0.45647335,0.6601847,0.19211014,2.8051383,0.06819863,0.029647646,0.4496659,0.71445835,1.2267538,0.512675,0.96084094,0.55022687,2.6504672,0.41050872,0.3901701,1.4293026,0.20925733,1.4506508,0.06006478,0.32852527,0.034632616,0.3502775,0.07157274,2.183955,1.6450261,0.14628686,1.7383053,3.9684386,1.243624,1.8284618,0.1892058,1.496608,0.9815806,0.9911912,0.29175416,1.9019732,0.055441786,0.17971677,0.8221848,0.09083284,0.8958034,0.3130174,0.19381066,2.0151157,1.6948586,3.6902018,0.1916101,0.49679998,0.016590826,0.05940025,1.9095116,1.2851712,2.4963305,0.14040272,1.0375654,0.10182942,0.6097398,0.119736865,0.6697721,1.0713264,0.47640702,2.2609427,0.16846164,1.169493,0.46878153,0.83926904,0.18023823,1.3646822,0.011447588,0.099972665,0.6431665,0.08410377,0.10133721,1.2212892,1.0349662,0.54971355,0.4271086,0.644023,0.43666902,2.7449884,0.2275569,1.0178728,0.021398619,0.41509402,2.0300007,0.3823114,0.010346703,0.96910846,1.231777,1.9687881,2.228033,0.27947274,2.776455,0.16872305,1.0610524,0.07867921,5.1687326,1.3744913,1.5280643,1.2327917,0.9298214,0.19310029,0.30075657,0.7490762,0.01794825,0.75315255,0.0,0.6849611,0.44203982,0.2565775,0.4962859,0.29864037,1.2144488,0.7538971,1.1100099,1.9027792,1.0711219,1.5875931,0.57316864,1.3788129,2.4499772,0.29824424,3.0950418,1.100027,0.031181935,0.9615082,2.5678704,1.4661598,0.39593253,0.636577,0.0,1.9068395,0.18595767,0.5939062,0.6219523,0.078124106,0.5932467,0.44263574,0.96858805,0.3650662,0.09225098,1.1943578,4.844179,0.9089167,1.0079833,0.111924104,1.588367,1.4246308,0.41172156,0.8759796,0.3427761,0.1026702,1.5068845,0.69076616,0.23592548,1.9117688,0.0879941,0.263611,0.47993025,0.83903986,0.6086721,0.21047121,3.9085007,1.5883753,0.17410564,0.32760713,1.257392,0.12393116,2.1453934,0.6505612,4.032936,0.32298937,0.5128505,all_pothole_images\pothole_images_new_image_624.jpg
0.5260893,0.708282,0.16516939,1.2320098,0.29461393,0.28545564,0.13783528,0.016061476,0.025759565,0.38161647,0.14651522,0.09861472,0.2931529,0.922545,0.013549937,0.024850348,0.07085906,0.1583227,0.41833478,0.015999872,0.38111347,3.5915012,0.05020957,0.19620472,0.55727285,0.7218845,0.86695236,3.078217,0.32564184,0.45003384,1.0755997,0.050136972,0.23307846,0.036245648,0.23511907,0.9251282,0.15134284,0.78645515,0.4319563,0.1825106,9.722379e-05,0.0049579865,0.048839398,2.018973,0.72224486,0.013716077,0.5000105,0.13908565,0.0047637452,0.63879275,0.6295866,0.24164382,0.2587153,0.38064298,0.041497726,0.8603119,2.5132644,0.0,0.03776021,0.14475177,0.3876788,0.6668128,1.3462758,0.39696962,0.40307584,1.6668442,0.041815456,0.0041365386,0.94659966,0.5118942,0.057397977,1.1962494,0.04425849,0.025454437,0.23875384,0.2677085,0.18057737,0.10597573,0.017859237,0.2635159,0.04543589,0.29051223,0.087530054,4.3757796,0.37791836,0.5072358,0.36968064,0.008232631,1.729494,0.16731778,0.06699207,0.02988147,0.026859166,0.15425652,0.041945066,0.010101594,0.48376918,0.13707867,0.51095,0.04802391,0.14784981,2.8091261,0.09165309,0.007869228,0.13603024,0.030232802,0.033250768,0.054285817,0.0,0.10709605,0.05608546,2.149392,0.73624307,0.0,0.038310867,0.18593657,2.6938064,0.25271517,1.2969296,0.38607055,2.1944482,0.56858546,0.18266696,0.2818545,0.825229,0.32876554,0.055121902,0.037055627,2.6311707,0.045643028,1.2394297,0.0,0.03748748,0.00025585678,0.3322841,0.68345517,0.36086646,0.6722473,0.8414491,0.13214691,1.1994512,0.085723765,0.24125591,0.40771377,0.041318025,0.33819038,0.7626311,0.6653852,0.8594007,0.0,0.29459187,0.39052135,0.12259582,0.0,1.2006688,0.088765465,0.29339042,0.2020041,0.5691795,0.33529928,2.3021164,0.81619453,0.0,2.9047153,0.0,0.11888355,1.7181168,0.33093488,0.78142434,0.38390446,0.0,0.013956471,0.0,0.4224816,0.43470156,0.026498402,0.48168862,0.025001423,0.0021512716,0.0104656145,0.13544784,2.7806995,3.3415003,0.56139654,2.087444,0.24653813,0.11911816,1.0385514,0.15120135,0.20968173,0.20747462,0.30846864,0.0,2.466627,0.06179912,0.048750374,0.04379621,0.56306326,0.07087343,0.46423206,0.3008478,0.79281855,2.5430071,1.087121,0.6020653,0.013509719,0.44055647,0.49431205,0.27574793,0.44895607,0.0,0.082238846,0.9187121,0.2949609,0.318183,0.946415,0.8730062,0.3000696,0.6654856,0.030298568,0.28417307,0.02119774,0.09026461,0.51481247,0.19766714,0.3785782,1.5247865,0.010564718,0.3864368,0.036462903,0.09623033,0.025942046,0.25112832,0.103323,0.60440075,0.097834714,0.9494611,0.010957249,0.0013656637,0.45918173,0.0040338184,0.16056366,0.23813586,0.030351706,0.0042469855,0.0,0.749304,0.2011872,0.12657323,3.8571749,3.2852652,0.013719016,0.46673405,0.0,0.10439559,0.00762774,1.3288119,0.0,0.33978844,1.0294342,0.08368153,0.4290998,0.19836769,0.29923368,0.25932562,0.5969112,0.05836467,0.3550204,1.2796777,0.11308518,0.0,0.5213861,0.046052456,0.003959762,0.85293543,0.33833057,0.39806572,0.633667,0.24862774,0.64204276,2.6804228,0.15444855,0.0,1.1292458,1.3040191,0.6354681,0.8008404,0.91479295,0.56719077,0.5728716,0.20172851,0.008208453,0.15346038,0.07676184,0.056787986,0.016338956,0.041417528,0.053584553,0.30255857,0.22404069,0.17407586,0.52874404,0.016834231,0.11413584,6.0428085,0.21573712,0.007818128,0.13530573,0.01910004,0.4634193,0.26385328,0.81228924,2.164025,0.24719973,0.3081521,0.086588934,0.0,1.3739915,1.5107768,0.038485996,0.0,0.0062699704,0.027075382,0.57978594,0.4902339,0.5262922,1.4129604,0.010368532,0.19869551,0.22234501,3.1092274,0.48804277,0.08377367,0.19032018,0.054117158,0.5828187,0.8495894,0.07373995,0.03443726,0.08392281,0.13275069,1.1862026,0.9856505,0.23665863,0.56693095,0.19906075,0.26776192,0.027149037,0.33573398,0.8643886,1.362648,0.08901736,0.24350736,0.9319003,0.0397018,0.35502705,0.4566178,1.5691884,0.49921018,0.56767446,0.0,0.008853108,0.3503473,0.6123268,0.0,0.002708673,2.5642047,0.5341446,0.2721298,0.07543218,1.510036,0.015856396,0.68581325,0.05590857,1.2825558,0.27257064,0.054732893,0.0,1.0019782,0.16978517,0.0224332,0.0051205447,1.0776293,0.30166712,4.043215,0.1786197,1.3864849,0.010848054,0.0077788197,1.2772076,0.73227036,0.7250474,0.1017917,0.49902204,0.0,0.04838672,0.1715778,0.0,0.03964481,0.5147815,2.4390788,0.15575144,0.6183151,1.2571262,0.19542657,0.22537674,0.47399846,0.10084471,0.017093921,0.058006532,0.52776843,0.0,0.15027723,0.1319319,0.13109107,0.06208008,0.4751516,0.1836243,0.24513581,0.0,2.852667,0.0,0.6438406,2.399499,1.4384594,0.23389794,0.27711946,0.53071326,0.025980188,0.43190166,0.4626534,0.43103212,0.021913044,0.090353616,0.015539338,4.301732,0.6826342,0.32370153,0.6118513,0.5448806,0.11663497,0.04073943,0.16400374,0.8203322,0.083016045,0.60050905,0.99928236,0.044435803,0.096440665,0.37097052,0.9264992,0.33619472,0.026392175,0.39193967,0.89974856,1.1852031,0.31009686,0.46830818,0.0037193035,0.25555727,0.65073866,0.4061936,0.29886118,0.012938235,0.7011538,0.7012916,0.06902548,0.15494804,0.37891734,0.5350764,0.042864576,0.68320674,1.0603187,0.19778216,0.09156948,0.0762038,0.11880549,0.7933243,0.45378724,0.009401306,0.0,4.333278,1.1467211,0.074846916,0.0,0.3820655,0.33676854,0.05707982,0.49265072,0.30462173,0.008142906,0.7731146,0.0076440196,0.16877049,0.050764482,0.0,0.017783705,0.53926903,2.479312e-05,0.024055531,0.06418954,4.6679096,0.8704722,0.059069924,0.25513586,0.23289563,0.014538329,0.052881103,0.4234464,0.47213495,0.8280623,0.08376673,all_pothole_images\pothole_images_new_image_625.jpg
0.09585957,2.2561126,0.94629234,2.0707402,0.10585472,0.0068475604,0.054042246,0.20440397,0.37155566,0.8635229,0.7384441,0.40344474,0.06337998,0.8368084,0.6043513,0.17928042,0.30007088,0.48449892,0.72868454,0.0019365832,0.11157433,1.4429486,0.2811823,0.79044396,0.41429183,0.18972844,0.18478133,1.2082838,0.046839368,1.1542672,0.94060564,0.2729283,0.06966331,0.44878152,0.029807694,1.2994442,0.29818696,0.37536865,0.4000557,0.77868867,0.44722778,0.6235459,0.48100957,0.60163957,1.9648592,0.07481033,0.03635365,0.08416958,2.0148919,1.0427047,0.6851921,0.627575,0.23010236,0.905287,0.09885108,1.1346557,1.2006825,0.31093147,0.7935799,0.45884618,0.35642308,0.4411515,0.6907896,1.0853623,0.4110178,0.9852431,0.7320385,0.030554026,0.7233768,0.06672037,1.1667689,0.66564685,1.0264215,0.5226215,0.3268437,0.9895666,0.039517295,0.54277647,0.0,0.42610872,0.30987924,0.2948425,0.49778524,1.0756842,1.0911168,0.59405863,0.2954914,0.04626403,3.0858738,1.6133338,0.0034047784,1.6509907,0.640439,0.38145778,0.5918603,0.1754041,1.0487244,1.1192507,0.5086482,0.24304272,0.3383344,0.893558,0.8533127,1.1834835,0.8554095,0.08995782,0.6942592,0.24989806,1.2024313,0.97892034,0.30939335,3.1956244,0.21791404,0.07299573,0.81400484,0.12900561,0.9642007,0.38484207,1.3777385,0.011862219,0.7857499,0.24829146,0.0,1.483772,1.0162926,1.133906,1.5288322,0.1311937,0.4049874,0.5553173,0.4217597,0.0,0.40975893,0.16360697,0.8082695,0.19070081,0.41990146,0.8654231,0.38050067,0.034187496,0.12387703,0.121914566,0.1585398,0.5790735,0.05014119,0.89998424,0.27487952,0.4158195,0.1577268,0.4437083,0.5175675,0.21829352,0.6958346,0.64702874,1.3824129,0.30565193,0.26278043,0.29322624,0.15491882,0.9164234,1.1699728,1.5992213,0.17078908,2.6954417,1.1380122,0.31759316,2.7070885,0.29038027,0.6420045,0.7748984,0.49777234,0.4983942,0.10177543,0.054371204,2.180516,0.0,0.9330184,0.012383924,0.4588579,0.495231,0.028687548,1.0241045,0.90980387,0.44094902,2.6469939,0.71672374,0.044671267,0.5244995,0.9214051,3.1755054,0.21808352,0.54609257,0.33722895,1.2552841,0.70060503,0.25949183,1.3676944,1.0041379,0.2860873,0.4107932,0.060447667,0.26443285,0.33158916,0.10690344,0.28782505,0.77002877,0.30747274,1.007746,1.6434064,1.6002264,0.15739185,0.41622478,1.7162818,0.39568892,0.21788281,1.0052047,0.0028349508,0.025717037,0.63624024,0.30935517,0.71173334,0.3747886,0.3751756,0.6240158,0.035533585,0.5693135,0.3057403,0.85369194,0.3426384,0.66589403,0.01782569,0.06085658,0.49155504,0.1733298,0.3518621,0.7673478,0.61488366,0.5190862,0.06952731,0.15368308,0.83527464,0.5008257,0.1680308,0.49920294,0.081775546,0.083193496,0.29086915,0.4468604,0.4573178,3.617818,1.0207852,0.44966355,0.56754774,0.058228243,0.4989638,0.16416343,0.78005445,0.67592454,0.91067463,2.076976,0.10127533,0.09805437,1.2551501,0.6622806,1.2387472,0.7870966,0.24180098,1.210575,0.72773993,0.15050304,0.52245677,0.08400949,1.0193217,0.8265944,1.0603805,1.9254405,0.3767465,0.34201902,0.26394513,0.22510016,0.085808516,0.37264875,0.325361,1.0181444,0.5470035,0.5484882,1.1070017,0.56997097,0.090026066,0.5430244,0.25410944,0.9514194,0.0105541395,2.2464118,0.8092766,0.41210574,0.6589183,1.7895948,0.37339357,0.69836044,0.17226727,0.8490497,0.008139757,1.2717383,2.0535715,0.7067005,0.16324793,0.2057789,0.6939584,0.75222284,0.049207192,1.1067654,5.2062078,1.675249,0.26188982,0.8635687,0.35255134,0.19468269,2.4422722,0.44099218,0.90514636,0.66453993,1.2252264,0.06761984,0.28781435,1.7880865,0.37881228,0.45138657,1.2709113,0.2932094,4.437736,0.7313961,0.5302827,0.010208052,0.42825648,0.045720957,1.1899451,0.20144881,0.736155,0.40600258,0.5807348,0.33852986,1.1713163,0.92030513,0.66127384,0.5832835,0.22001916,0.40229708,0.021496115,1.9536146,0.36380276,0.72855276,0.10881902,0.58228034,0.37720427,0.2519325,0.21770702,0.7362325,0.3827643,0.39547276,0.34196165,1.9858345,0.951341,0.5969218,0.048899304,0.874703,0.8221118,0.53765225,0.028578699,0.6644804,0.5491694,0.8003995,0.11160508,0.77850825,0.384489,1.4277711,0.46526262,0.7510091,0.36306864,0.4099381,0.41899356,0.14293072,0.74991685,1.1855145,1.8444319,0.9837436,1.4244037,1.9620041,0.065776,2.8675416,1.5844835,0.8347459,0.22472319,0.55235326,0.18495436,0.5530263,0.90354675,1.1742234,0.9244517,0.33502042,1.2009839,0.10643457,0.018228268,0.28169045,0.63216966,0.029018497,0.24170476,0.88777244,0.33325842,0.07476439,0.23546445,0.8649524,0.45099333,0.12357667,0.0,0.30696765,2.2993026,0.082745455,0.39050815,1.1631281,0.86631495,0.09876948,1.4503033,1.295643,1.9707577,0.34449533,1.1106316,0.19620553,0.89900285,0.96537423,0.6237966,0.72454864,0.22320543,0.95661473,0.629595,3.2984874,1.0534899,0.8247475,0.32608068,0.698816,0.27672923,0.76723087,0.25328833,0.09535984,0.08145814,0.17172529,2.3514953,0.42670915,0.29345676,1.4203446,2.5661,0.105146326,0.5865588,1.6707548,1.0907073,2.4526327,0.39735845,1.4249887,0.42748484,0.22818835,0.14913814,0.0,0.5866349,0.16669235,1.338532,1.7492373,0.52707523,0.054103818,0.1651155,0.42711422,1.7301356,0.41353187,0.5742753,0.09519835,0.23077402,0.6929146,0.24218069,0.42551434,0.15376039,0.36148992,0.32402015,2.131995,0.6256305,0.23695184,0.045978896,0.4933576,1.3363423,0.045183316,0.6717095,0.103412755,1.0970956,2.3392124,0.20639353,0.049030326,0.0198397,0.48086098,0.0,0.25933045,0.61992925,0.3927599,0.11405986,3.9305599,0.9624893,0.45060682,0.79802173,0.96161604,0.032170165,2.0115318,1.0500921,0.4459202,0.5498305,1.3372976,all_pothole_images\pothole_images_new_image_626.jpg
1.8536038,1.4669049,1.2681698,3.8255322,2.3118849,0.018376688,0.56366545,0.35056293,0.15736838,2.2293477,0.21782258,1.3229525,0.28591618,3.470898,0.21968246,1.5458593,1.735194,1.2703354,1.876755,0.843584,3.1125715,0.4383288,1.2746013,0.03767376,0.86067075,0.19890964,0.19688976,0.06393354,0.4155902,1.3789363,1.4333582,0.0071949908,0.5912379,0.43355668,2.527816,0.42993444,1.288458,3.4139946,0.074058086,0.09711883,0.08390054,0.83381397,0.19848564,0.4732149,0.27256534,0.2612062,0.8202846,0.009586836,0.99228275,1.4075532,2.6194348,2.0968971,2.1076093,1.0984793,2.1486638,1.9488716,0.8839402,0.23741356,1.5817679,0.101663604,1.2167577,3.4736202,0.057453115,0.9025371,0.44038913,0.6432338,1.6067126,0.46492872,0.20265657,1.6274834,0.33079684,0.08383889,0.6184384,0.17781225,0.11041791,0.16392815,0.07148991,0.67523324,0.02953502,0.0,0.61467355,1.4714322,0.66912824,0.77697754,2.1937106,0.95657796,0.020934884,0.54472554,1.4730349,0.1429695,0.028089542,0.01626711,0.080728255,5.5667405,0.24647015,2.2263236,0.6866498,0.65611064,0.06856909,2.407605,1.0138664,1.4230281,1.3623261,0.34218752,0.12380584,4.2233934,1.1470715,0.23039661,0.53959465,0.29165217,0.39958355,2.5888588,0.4085451,0.71309865,0.9457645,0.059146363,0.23779356,0.40312937,2.057493,1.782048,0.44574904,1.9757771,0.41768104,0.35742596,2.345209,0.4307709,0.78533405,1.3256565,1.0035634,3.2811923,2.3898997,0.4637608,0.19577792,0.080672145,0.74355924,0.12558883,0.24690388,0.28624418,2.529049,0.08717523,2.299935,0.55092055,0.27404207,0.522133,0.44494262,0.0,1.6109611,0.18731613,0.03060303,2.5935223,0.08814042,2.8839557,0.27937385,0.6855202,1.3423712,0.0034287707,0.14621578,1.2318143,0.21181694,0.0,0.6447187,0.42569762,1.3824809,5.1037884,1.4692547,1.885897,0.6856356,0.31838492,0.06162039,0.8091116,0.95944524,0.41701865,0.18720031,0.4710526,2.1367202,0.027032478,0.35285038,0.55859995,0.0056455075,0.22585662,3.0918553,2.272573,0.053787824,0.42139807,0.01568311,0.05149683,0.04016986,2.5707052,0.0,0.27763292,1.3771552,1.2899132,1.0445671,0.8844537,0.09562439,2.2033577,1.1199517,1.0382568,2.1591027,0.44768104,0.8857176,0.2723365,0.28013757,1.8095282,1.6482933,0.20691667,1.0559435,0.1224213,2.3881764,0.19772835,0.90768963,0.63629276,1.4949033,0.77342665,0.65222913,0.36082044,1.2732457,0.29508227,0.0017694107,0.37124762,0.3736088,0.25735486,0.23885983,2.2254322,3.5799146,1.7938553,0.21553011,0.1574377,0.3339733,0.57995933,0.7988057,0.38273704,0.17389166,0.41845477,1.089882,1.151161,0.3379708,1.8116196,0.16594335,1.2655418,0.14926943,0.26033038,0.6841299,1.0560863,1.620859,0.47403768,0.6103513,0.6935664,0.5636506,2.4946506,0.4523686,1.4320673,0.9070901,0.34584752,0.7134337,2.044277,0.5259438,1.6220002,2.3438115,0.14640544,3.6152754,1.0939412,0.00801974,1.6211115,0.29665586,1.1923187,0.96300507,2.464193,1.8534539,0.02848837,0.6103701,0.68916374,0.041955933,0.11408253,0.042075355,1.6866466,0.37700045,0.41144124,0.28260142,1.2827783,1.7406123,1.7558916,1.2848172,0.30433178,2.8235137,0.0037238363,0.120769985,1.0364308,0.25484014,1.1655641,0.54916596,0.009402642,0.7766684,0.18463132,1.9061704,0.84371185,6.775322,0.17617957,0.9769515,0.5310168,1.3907684,1.021774,1.9999523,1.3661219,0.88491386,0.13996436,0.9818139,0.533617,0.71251535,0.18321528,1.0957822,1.2338725,0.6201286,0.66086185,0.79187363,1.3193173,0.80885136,0.29374644,0.97311366,0.6600182,0.5928611,0.557166,1.6316757,0.048972417,0.19730882,0.27664143,0.8551751,1.7891341,3.2535374,0.039103966,0.05513591,0.77737284,0.7639803,1.800315,2.2480838,1.3523667,0.2677518,0.599911,0.5422908,0.9176433,1.4427686,2.4243076,0.2733266,1.3845251,0.0,0.22674993,0.21677008,0.3117808,1.1860466,1.630534,0.8021215,0.27993202,0.23854963,0.0,0.93146247,0.3124574,2.6662254,2.2163131,0.2633731,1.4114395,1.3296765,2.3818922,0.17666443,1.1278528,2.5455985,0.39033493,3.369254,0.06295157,0.8584027,0.38344136,0.53195876,1.5960494,2.9653513,0.26567024,1.1899925,0.3488415,1.3074535,0.47805,0.13577664,5.8394732,3.2140858,0.1767407,0.085405506,0.4911499,0.7517231,1.0890003,3.843758,3.235049,0.12793885,0.452069,0.6686719,0.1260881,0.5801098,2.0126336,0.5543729,0.08642109,0.31732994,1.4515375,1.6311122,1.9480324,0.7415444,0.17600003,0.0,0.4053045,0.74378693,1.1131333,1.3556826,0.18054771,0.037795,0.15563966,0.82341975,1.023856,1.6624684,1.0380417,0.008268395,0.17416559,1.3997525,0.19703394,0.527425,1.2477348,0.13222688,1.8438601,1.127546,0.43672636,0.6251287,1.8968508,0.3866894,0.08938371,0.22140294,2.060834,0.0,1.6883904,1.5127147,0.0493046,0.89675915,0.67227364,0.8656233,0.116381235,1.2500128,1.7460612,1.6554189,0.16510093,0.7963641,0.1639018,0.28780723,3.1896412,0.66993946,0.97891974,1.5586092,0.6043362,0.005338701,1.3552012,0.711318,0.17392243,1.0402366,0.50245297,2.220776,0.88388264,2.5765417,1.7465842,1.5231762,0.81087923,0.40594965,0.2715149,2.804113,0.49701238,1.1905992,0.768307,0.8815723,0.93380445,0.13196716,1.8664039,0.8630157,1.2295952,2.4084232,0.18078634,1.1060516,0.16731164,0.07042751,0.100307636,0.6052609,0.3288121,0.24177504,0.32424954,1.3843299,1.2948384,0.7871559,0.7222932,1.5076284,0.10439975,0.9764337,0.003356444,0.9558497,1.1232512,0.8031125,0.002161441,1.5626681,1.5155275,0.6636569,0.60256755,2.7937877,2.231836,0.26051146,0.8460343,1.2465614,0.27904966,0.49890575,0.057416476,2.7908661,0.0,0.068386056,0.01455118,all_pothole_images\pothole_images_new_image_627.jpg
0.5089154,1.4299506,0.7705181,0.4017192,1.711839,1.3604289,0.4622874,1.0031173,1.2846527,0.31781855,0.65527296,1.1072236,0.1946869,2.108133,0.8632119,0.797152,0.14913088,0.5622768,1.1878008,1.2893108,1.8039465,3.1934721,1.3932525,2.0125997,0.9855066,0.8774104,0.022791483,0.3159201,0.007490641,0.54247797,0.8141829,0.21496718,0.44250056,0.14735739,1.053363,0.62235457,0.40032008,0.30714023,0.56324726,0.118885554,0.37684092,0.056522816,0.19762884,1.6025732,0.4537809,0.26783648,0.5028256,0.06516337,0.86535126,0.77378297,3.667628,2.186468,1.0513813,1.3766938,0.98269147,0.9736983,2.5488803,0.17768805,0.5098684,0.8662484,0.45181847,0.013342635,1.0299071,1.0379943,0.412081,0.9382224,1.1196709,0.16853014,1.2237192,0.041747976,0.4444092,2.40558,0.16118628,0.911215,0.12884651,3.0893455,0.032960135,0.82210505,1.0880488,0.37138507,0.19973968,1.2643927,0.031198753,0.35998616,4.7661233,0.7675677,0.11727832,0.62316287,3.4804974,0.89330417,0.88258237,0.20653962,0.29526702,4.452692,1.3068773,0.37141553,0.15578423,0.121040426,0.13089263,1.0412732,0.6028934,1.2342923,0.6112143,0.01732289,1.3710339,1.1193413,0.13351491,0.33435687,0.12011679,0.95250326,0.22069371,2.9628453,0.4805171,1.3904226,0.27710286,1.7223881,1.7936965,2.748453,1.278639,0.74694955,1.2149205,3.6758983,0.9395808,0.010203398,0.4518657,0.048712865,0.83010316,0.27454287,0.36500517,0.45274335,1.4262087,0.03684475,1.9694114,1.0775001,0.39750165,1.3175074,1.2130792,0.15919322,1.8847438,0.14708693,0.44952336,2.0474746,0.414421,2.0844338,0.36156443,0.14661421,1.4114172,0.030397244,0.94582975,2.0982609,0.0,0.22879909,1.1458329,0.23190227,3.8120303,0.71251386,0.8912486,3.125034,0.24550343,0.94884986,1.8097163,0.4518519,0.2865844,3.6970363,0.9974353,1.7838674,1.6420534,0.060756847,1.8712436,0.0548398,2.5538695,0.6501691,3.4393342,0.9665498,3.141199,0.7689617,0.01579725,0.111849695,0.69923526,0.3107821,0.9121966,1.9434671,2.6364846,0.20142531,0.2853522,0.43025175,1.3074974,1.2524623,0.33880997,0.14135626,0.5435682,1.807592,0.43204194,2.3787189,0.19718307,0.73555475,0.2927779,0.5288641,0.05194273,1.1321647,0.60647124,1.2350912,1.067092,0.4300839,1.1220777,0.2638347,0.277387,0.1196259,0.31864718,0.6216758,0.15718272,0.11158308,0.93402827,2.586739,0.59826237,0.4276882,0.11580463,0.66319513,1.4029174,0.40467578,0.12079075,0.6717014,0.8080056,1.2873278,0.87723446,0.83543205,1.6042573,0.020739548,0.23406017,0.33979973,0.66812265,2.4727895,0.539754,0.06382583,2.0014572,0.310975,0.4663547,1.0945938,0.14068155,0.29266375,0.0,0.0942076,1.282234,0.006230271,0.50118524,0.3587408,0.9022781,0.053110138,1.0912099,0.24178848,1.9398947,1.1625229,0.54657006,0.079273954,2.0837078,0.77524036,0.25323096,1.1157768,0.27052093,0.8739957,0.52630067,3.1033425,0.15069805,0.5598045,1.0892088,0.9486133,0.020999001,0.6877402,1.05786,0.9610931,0.3235581,0.36136392,0.47773367,0.6426467,0.1677381,1.116378,2.662351,0.3894406,0.57124496,0.5809191,0.15976053,0.7429576,0.52163845,0.92817014,2.1127994,0.84821457,0.94347817,1.419989,1.5011455,0.22337347,0.26311666,0.19952758,0.10792341,1.1885082,0.6852119,1.9045975,2.4259653,0.5509662,1.9759141,0.071571566,0.05798295,0.021431234,0.17302817,1.9299386,3.3669147,0.580976,1.0082994,0.9146152,2.539009,0.77837294,1.562505,0.7130124,2.8628352,0.9945625,0.31720436,0.12847826,0.04806093,0.43153986,0.45727322,0.64773595,1.1090667,2.4381108,0.6146649,0.49513754,0.7214092,2.3958406,0.23215684,0.9328238,0.2603732,1.3641837,2.4383192,0.6457439,0.4894837,0.11496409,1.9748927,1.1361455,0.83609754,0.40486315,1.1653659,0.1838287,1.5964726,2.434124,0.724591,0.41630924,0.5580543,0.57972085,1.0739688,0.057448424,0.10191251,0.6873314,0.11056752,0.44543198,0.34946153,2.5496433,1.7148683,0.03583911,0.9874114,0.6189246,4.1651483,0.5902166,0.037921716,1.4694474,0.9399206,2.7081623,0.5621217,0.270458,1.2452122,0.1210311,0.5833131,1.0058116,3.1692274,5.1530027,1.1038373,0.6370863,1.4469066,1.2889239,0.35795948,0.049367007,0.2993856,1.7965028,0.36520806,1.2511665,0.00834371,3.9911206,0.92598164,1.4328624,1.7403994,1.7494298,1.9653074,0.5175332,0.30547515,1.5305593,0.1426318,0.8788746,0.67663246,0.48027357,1.5492768,2.270619,2.681729,0.33765715,3.766307,0.29738927,0.20045954,0.4998271,0.037047137,0.25819573,0.35553375,1.5731145,0.35892335,3.3747716,0.2745219,0.49335852,1.9987798,0.2665913,0.039781496,0.34488106,0.7808065,0.8235072,0.2154794,0.0,0.8857298,1.9020752,1.7421936,0.8121048,0.4410635,0.52760667,0.28976318,5.466001,1.0929148,1.9126409,0.42157298,1.1808854,0.3974275,0.94072706,0.32120168,2.0472333,2.6867669,1.419049,0.75734484,1.7215067,3.1536748,0.52264255,0.0057296897,0.34142926,0.46651727,3.611238,3.9659872,1.4081919,0.4963777,0.82244265,1.3221705,0.31784204,0.7018476,1.3507727,0.22059393,2.281372,2.5169091,0.06797173,0.071822435,0.15102421,2.6228707,0.48351204,1.2214608,0.5182974,1.1442674,0.08182984,0.8702148,0.098544545,1.0070218,0.6639292,1.800494,2.1833675,0.35577258,0.13628066,0.5668818,1.3095906,1.4386059,0.18615064,0.703517,0.10176671,0.5637359,4.1332417,0.16417879,0.7000062,0.018546911,0.74236465,1.5793295,0.01669709,0.60364157,0.18922305,0.9548277,0.6805623,0.0977565,0.3470991,0.0005319599,0.3466299,0.69786566,0.98881227,0.51168567,0.09218146,2.1013234,1.3254242,0.024724055,0.49033448,0.5299457,0.57137233,0.09147387,1.5275915,0.14129746,0.24902938,1.4623265,0.5352558,all_pothole_images\pothole_images_new_image_628.jpg
0.13573022,1.9295813,1.067736,1.4061681,0.80549145,0.31016055,0.2916025,0.0015299451,0.06956979,0.6960725,0.7702994,0.100326635,0.15903752,2.088684,0.13867578,0.6537723,0.36796728,0.26644987,0.4816203,0.054704394,0.77381366,1.4948925,0.30483112,0.63340116,0.84678024,0.47250918,0.30167243,2.2656088,0.23576236,0.18519211,0.2734407,0.09672818,0.013516912,0.10057736,0.14079162,0.70525676,0.32830334,0.45595592,0.49550733,1.1316969,0.24438065,0.23526344,0.3903485,0.45915377,1.1845317,0.66145486,0.05169088,0.0,0.934212,0.5196407,0.44975245,0.17186292,0.3750244,0.13594343,0.026396446,1.2011533,2.0855908,0.39337426,0.6237325,0.059048876,0.7915126,0.02846073,0.48943296,0.0056320718,0.35396808,1.5982655,0.47330645,0.23252448,0.10622904,0.4152385,0.1088139,0.62167466,0.4820272,0.0920161,0.46317282,0.85035354,0.046158653,0.4814207,0.001927061,0.42818186,0.06326034,0.15669826,0.107963726,2.2319057,0.58101743,0.42720637,0.0907281,0.0865002,2.0563657,0.6196288,0.23576343,0.41152966,0.029297587,0.1998178,0.05054541,0.15064256,0.36121142,1.2444615,0.369832,0.7979103,0.2897178,2.1746764,0.12339348,0.06350407,0.24485545,0.25594112,0.32881957,0.036698166,0.122558326,0.2854342,0.18860346,1.935243,0.023322208,0.5442616,0.660945,0.1492414,0.5316378,0.27304012,1.4086477,0.62327814,1.0941238,0.49905246,0.09439119,0.4141038,1.1140649,1.8730196,1.7509608,0.3126665,0.4492666,0.33420944,0.004536568,0.0,0.12824833,0.5767439,0.31994852,0.18080181,0.7380005,0.3952838,0.65852076,0.0,0.34987816,0.30660883,0.07829944,0.13195375,0.017666359,0.034180574,0.26582804,0.11349796,0.23002039,0.7551812,0.345983,0.6439701,0.15685171,0.49889123,1.7982389,0.33007112,0.31441346,0.22559318,0.32410806,0.7240474,0.9851208,0.95690584,1.0578253,2.0872097,0.5173913,0.31236234,1.2329544,0.052182313,2.178186,0.8770392,0.019385882,0.060244113,0.110456124,0.13347596,0.59677196,0.19762382,0.29744604,0.108592734,0.025814932,0.26507428,0.0041135917,1.841738,2.1140847,0.74367535,1.1433737,0.25860593,0.110933125,0.38477966,0.77382916,0.34900188,0.067546405,0.3004411,0.22476278,0.87571037,0.29600215,0.054830607,0.46255508,0.4519393,0.2881746,0.99426144,0.2962872,1.0699636,0.29310417,0.56216425,0.95858747,0.30356708,0.08894635,0.11137958,0.42289275,0.72034186,0.16040358,0.16703126,1.5689547,0.6261577,0.59108984,0.8913376,1.009846,0.0058885776,0.6348423,0.542184,0.5259918,0.124919794,0.7536983,0.6398283,0.14985214,0.035656285,0.9346399,0.15824135,0.073514394,0.6351392,0.1835514,0.047887053,0.14646606,0.015265541,0.16477787,0.31251454,0.87969524,0.055824522,0.12428631,0.32217804,0.66747767,0.07145617,0.19129169,0.5546746,0.068720244,0.0,0.63175505,0.08869279,0.030024393,3.9032598,0.69621,0.21064766,0.44217315,0.08561535,0.11576004,0.14582722,1.0393755,0.47582334,0.78252006,1.841535,0.10569646,0.17667897,0.42786056,0.31697664,0.31842422,0.6977769,0.081580415,0.42367724,0.94228065,0.0003361018,0.36245772,0.03422073,0.40272996,0.23533513,0.6794396,0.77495664,0.12100602,0.1576573,0.07429151,0.13356347,0.46468365,0.2159741,0.10583659,0.30708274,0.6363383,1.1577641,0.7278949,0.2606999,0.7430379,0.13543269,0.62681186,0.43474084,0.0683933,0.7171799,0.269242,0.7535513,0.7015958,0.32268262,0.6821526,1.2229173,0.2803571,0.31762764,0.040821426,0.7310021,2.7557015,0.06936152,0.019071808,0.45500782,0.1928251,0.59903973,0.24457227,0.37927717,3.905723,0.69698745,0.15108362,0.5014079,0.33099562,0.8740646,1.5320597,0.24842836,7.708735e-05,0.0,0.20141916,1.0158905,0.7070637,1.4566927,0.2759476,0.29140618,1.0529879,0.3327857,1.97497,0.36111557,0.008234401,0.0,0.1016624,0.1692364,1.564658,0.29118106,0.2776746,0.39763984,0.07844551,0.30795163,1.2347854,0.52196103,0.3993394,0.16826689,0.06552468,0.18386698,0.21228155,0.47325912,0.54603124,1.0583181,0.19010483,0.5209193,0.12796701,0.2943506,0.7122735,0.2506976,1.4616688,0.845726,0.0,0.002134974,0.688132,0.3060073,0.052468464,0.6078523,0.8351013,0.8052142,0.21208738,0.21721321,1.1507791,0.5448703,0.843475,0.5569444,1.0810004,0.1706988,0.06301726,0.06959915,0.14328912,0.0094192065,0.1145436,0.3667585,1.2655511,1.1214676,2.024831,0.74327534,0.8995441,0.0,0.21885115,2.3665628,0.92207885,0.7745148,0.043618947,0.423142,0.0042898357,0.034074295,0.122074455,0.6607669,0.22309268,0.014055377,1.0506296,1.0615984,0.042283233,0.8317271,0.2144853,0.47472546,0.33515757,0.35482165,0.7211866,0.12857912,0.32078114,0.1775698,0.2302257,0.5582804,0.0077959322,0.09684313,0.4199185,0.0027477145,0.6160824,0.04597854,1.4425242,0.109863415,0.16114132,0.48323128,2.2908664,0.0964148,0.79349667,0.74194396,0.078640945,0.37645334,0.87766397,0.07178545,0.28135544,0.6460848,1.0328523,2.967047,0.8075297,0.17444739,0.07520025,0.37655833,0.7476186,0.09827674,0.09164576,0.3766261,0.17127508,0.10084487,0.55522746,0.87406886,0.35997453,0.73399943,1.4242548,0.13742495,1.3193634,0.33113837,1.100233,0.77983886,0.50255775,0.5485171,0.08685871,0.47202417,0.44991988,0.08283915,0.5076864,0.4644539,0.14560339,0.5927175,0.62750506,0.005647078,0.9542525,0.22666822,0.4817917,0.34286374,0.019498581,0.12039361,0.6382172,0.055210434,0.21942663,0.2903223,0.4755669,0.035204306,1.1185151,1.9520413,0.73864245,0.24827705,0.1765161,0.104181,0.4216553,0.008589652,0.11421727,0.06184359,0.5164427,1.7045381,0.0,0.046439093,0.0031759902,0.35621223,0.26246673,0.20959625,0.64665765,0.03612977,0.0073414654,2.727353,0.4236594,0.6871226,0.015180557,0.20027252,0.16805492,0.32012996,0.06775589,0.59164464,0.41692325,0.23523909,all_pothole_images\pothole_images_new_image_629.jpg
0.39184967,0.9362333,0.21333446,0.2222002,2.3174968,0.25886467,1.9798907,0.447563,0.7915808,1.9073457,1.8637284,0.0969738,0.7582039,3.488018,0.51387113,0.5489199,0.056524966,1.8163444,1.8844188,2.0004687,0.10645327,1.2628682,1.0894147,2.6918802,0.89156085,2.8419843,0.8865535,1.4735917,1.0015106,0.28763708,1.3673724,2.21887,0.89166766,0.5700604,0.64344585,0.09208877,0.21707366,1.6117795,0.24020271,0.75826365,0.04002194,0.12597062,0.85634,1.9852008,1.617052,0.49205112,0.57546264,0.029407993,1.1542345,0.4197977,1.5334249,0.06458843,1.7254763,2.9988244,0.9942063,0.4057734,2.2864568,0.020508248,0.5412515,0.6628105,0.45617238,0.4612098,2.3982246,0.8376945,0.81265694,1.6466248,0.649255,0.8342319,1.6502752,0.3782371,0.1790437,1.3233452,1.3366755,0.13292845,0.37091827,2.860377,0.7722824,0.24154635,0.32275912,0.21230333,0.18471774,0.4007471,0.50004244,0.22447889,0.9185736,1.1171701,0.7491514,0.084208906,2.636002,0.10349803,1.2738957,0.15965982,0.5750064,1.4515632,1.1679924,0.09134837,0.9234182,0.33415076,0.8852089,1.367083,0.05494427,2.7516634,0.12795435,0.07849934,0.4198005,1.7457088,0.81552047,0.08654505,0.4712381,0.9713191,0.6671842,1.2331834,0.44135606,0.8485403,0.45157745,0.47767645,1.6122668,0.727391,1.266803,1.8905377,1.6951166,3.541014,1.6181254,0.8412684,0.25992495,0.57981426,0.2886309,0.02428863,1.9091977,0.4182119,1.8904384,0.26935142,0.8259015,0.36594716,0.11113307,1.7427247,0.4358282,0.11021846,1.6402981,0.7157429,0.47251225,3.922096,0.7604132,0.55465794,1.0266023,0.9163692,1.9410369,1.1976391,1.2000201,2.4423711,0.5977524,0.7931207,0.05186703,0.05649038,0.82063025,1.375079,0.33217403,0.8692292,0.3910064,0.2904654,1.496801,1.8603157,0.8519891,0.41764566,0.9288738,0.6890261,2.2938454,0.10113838,0.6884188,0.076805726,1.6784983,0.58873415,1.3760597,1.2197672,1.6124977,1.0351592,1.7742214,0.80083835,1.5169786,0.74063,0.7869301,2.244977,5.064633,0.359875,1.1645668,1.6709442,0.60019255,1.448236,0.26419523,2.1172032,3.8557458,5.085339,0.0,3.0112817,0.8989636,0.98235905,0.14219582,0.9946172,0.2233751,1.5570476,0.85437447,0.9455967,2.3974233,0.54349095,1.8175229,1.0312161,0.55117846,0.51483786,0.6982814,0.87774897,0.21757011,2.6609552,2.9165888,0.40768293,0.17072882,0.80444926,1.56296,0.58400524,1.2826108,0.5119212,0.5108778,0.2662204,0.27968216,0.30706003,1.7896535,0.3899614,0.6626846,1.0062914,0.19222604,0.48700082,1.1266161,0.6123734,0.9111509,0.6902723,2.1305628,0.00042344572,1.1899991,0.4752715,0.70963293,0.13678169,0.48058975,0.79774785,0.71200156,1.7494041,0.37352642,0.49741238,0.90714246,0.17892712,0.2909863,2.1448987,2.2201517,0.22238241,1.9839463,0.044652876,1.132932,0.30686957,0.33812588,0.8141325,1.9291688,0.70511955,0.7604128,3.1909347,1.1321188,0.3007609,0.24229458,0.8339881,0.5790216,1.5918045,2.1905396,0.18021618,0.19487281,0.8304916,0.31360602,1.2533542,0.7228288,0.9592693,0.17924863,1.0774871,1.7210891,0.43723834,0.10330309,0.23607807,0.13859954,1.8272549,3.5451422,0.6219955,0.93089586,3.3115258,1.7438653,0.7382778,0.33226234,0.038967453,0.83681875,1.1927824,1.0593565,0.11775857,1.1477681,0.22113733,1.2017748,0.40090716,0.0,0.64722884,1.1541928,0.121832676,4.162879,1.1992865,0.020341584,0.36322024,1.1447097,0.15432675,2.2156975,2.8609953,1.4048637,1.2359748,0.62211305,0.040748708,1.2599068,0.3186976,1.1747153,0.19699118,0.31648844,2.274561,0.6274885,1.4548798,1.347194,0.25574797,0.24106543,3.1442327,1.6743286,2.3209589,2.1044698,0.14245619,1.2067431,1.8711998,0.61908615,0.798271,1.5745043,1.6023484,0.40923616,1.3308301,1.1570668,1.3364112,1.6713278,0.20092474,1.5682287,0.67025095,0.8788673,0.6094035,0.15961674,0.43747354,0.5447883,0.03675676,1.9302375,0.23836127,0.33438072,0.08225206,0.688253,0.9919068,0.6448296,0.0,0.8457053,0.65309316,0.5217455,1.8926276,0.120047234,0.36401787,0.62588817,0.6883728,0.49800417,0.78656393,2.0919216,2.6010468,1.5703635,0.22636764,1.4545647,0.9670505,0.08105241,0.777062,0.0207553,0.42873186,0.33756906,0.120528854,0.38376585,2.2281234,3.0542638,0.93266296,0.9648652,0.5327224,0.8004334,1.0584744,1.1686407,1.4761689,0.09938336,0.73708165,0.020571196,0.18424596,0.57077813,0.70500803,2.0086186,0.17031848,1.0555869,1.1812152,0.119019486,1.7382905,0.34309822,0.32327437,0.8364708,0.5247867,0.22799885,1.3676021,0.3770863,0.79005367,0.6815871,2.7261252,0.46452573,0.9205691,0.30775997,2.0659392,0.57717854,0.21170308,0.7960515,2.0105898,3.2717514,2.3824017,0.70893794,1.4602367,0.21642587,3.498093,0.19747214,1.4073334,0.27511716,0.5966446,0.018939024,1.8614411,0.618732,2.5575967,0.85110223,0.56425565,0.081198946,0.8471166,1.4082403,0.034474995,0.14357996,0.9993116,0.8470062,2.0621023,1.3064046,1.0778178,0.06741664,0.690567,0.28866953,0.49262682,0.15296072,0.29802817,0.22730576,0.6487274,2.6806517,0.84622985,0.57834953,1.2839891,1.1230873,0.982026,0.66921,1.5194224,0.054753397,1.9724668,3.4205163,0.51593596,1.3464805,0.5874015,0.5951425,1.5379477,1.2440221,0.35153002,0.19774695,0.34082833,1.6126924,1.3490664,1.9102577,0.38498726,0.42154548,4.4943194,0.4191128,1.6901802,0.68130237,0.39159328,1.429584,1.2307866,0.0812147,0.14557475,0.43128857,1.7435696,0.18685901,0.52925366,0.75405097,0.6890067,0.012484857,0.14121014,0.4637015,1.0913129,1.9979621,0.48793933,1.3691901,0.4270414,0.13489118,0.9184232,0.7114085,2.5451622,1.39215,1.8729976,0.78813744,0.6541452,all_pothole_images\pothole_images_new_image_63.jpg
1.7373345,1.5319223,0.38910234,1.8371542,0.48642164,0.8240372,1.1753087,0.5368482,1.0982684,0.86875945,0.036400434,2.5745234,0.070726186,2.3635714,1.3346198,1.0984461,0.5189693,0.20694312,0.93131566,1.3715085,2.1643443,1.5252004,1.0914994,0.42688435,1.9581769,0.9194485,0.6178071,3.6976454,0.097671255,0.40395662,0.16999538,0.23199376,1.6337097,1.2134669,0.25526214,0.45692185,0.0059474134,1.3537003,0.34301904,0.7629324,0.7340631,1.0541059,0.09398585,0.5750647,0.3691733,2.59796,0.14206953,0.18738616,1.4801259,1.2434597,0.6776264,0.7403534,0.54399055,1.0167806,0.63460237,1.307195,0.34493867,0.40887615,0.81064236,0.019783316,0.2960046,0.27613837,0.49261296,0.4648875,0.054578494,2.3329325,1.4991373,0.40401334,0.27233976,0.49387518,0.31786886,0.71184695,0.27116004,0.22535658,0.2907508,0.2685091,0.96501416,2.0765285,0.18095952,0.21827619,0.64193565,0.15043351,0.34941006,0.22726943,1.148898,0.86183554,0.7183002,1.0022695,2.3070529,0.5708557,0.8415433,0.16295855,0.38878676,0.4535897,1.1285423,0.2620061,1.409195,1.3340912,0.5049545,2.6721191,0.05132495,2.045696,1.3872589,0.31876025,0.6435312,1.1706575,0.84586394,0.9567096,0.25690782,0.4964245,0.58894217,3.7293117,0.96483374,0.039865915,0.5376217,0.11068145,1.2344499,0.20514005,0.49919993,1.0349053,2.9581544,0.0017462743,0.3217195,1.5853645,1.691404,0.84873134,5.7484665,0.5983971,0.68375605,0.543694,0.33973634,0.12710297,0.12382056,0.699128,0.9298477,1.8970505,0.8006378,0.17234537,1.3958972,0.16967827,0.88542455,0.44182095,0.0038763536,0.019774018,2.1844149,1.6857083,0.75271404,1.2641486,1.4378043,0.34227315,1.5779493,1.4840636,0.15059997,0.17938404,0.8670195,1.1323018,1.8091555,0.064156756,0.74139285,0.4751716,0.9100301,1.060525,0.015272829,1.4972454,0.10055061,1.8827729,0.65223694,0.12070033,0.9713532,0.6869289,0.628433,0.015692798,0.49685973,0.23783252,0.23268119,0.71815336,0.44270116,0.064285845,0.9381638,0.8341762,0.19753347,1.4242777,0.73323107,0.9463649,0.9285024,0.5386388,0.38210124,3.2889028,1.4205253,0.6131991,1.0547664,0.35562888,0.0072872797,1.0046982,0.10883439,0.37982535,1.0889797,0.7700096,0.58424073,0.56826085,0.5831465,1.5387554,0.45147634,1.1437995,1.1114199,0.6129992,0.81286466,0.3069687,0.49134067,0.77026147,0.9079445,0.02611823,1.5728432,0.773628,0.9594963,1.8324759,1.0102706,0.09606523,0.63899446,0.7084714,0.9579453,0.50306624,1.633184,0.29397836,0.023689648,0.40776584,3.5092,0.047635246,0.22020584,1.3417563,0.024712056,0.7463516,0.66255575,0.49824283,0.7192999,0.3756748,1.8076463,0.096674405,0.3994487,0.08542158,0.9986449,0.80387783,0.067169905,0.13504724,0.2163539,0.008122641,0.6229585,0.35867906,1.8891848,1.2864386,3.4047062,0.8610425,1.7022976,0.78452694,1.3709464,0.86651075,0.43992057,1.3372289,0.11254772,2.5261602,0.4854847,0.3892636,0.34804487,0.67646366,0.4532579,1.6458727,0.4586158,1.082256,5.3262277,0.479852,0.8100779,0.31831247,0.033526964,0.7850472,0.33648124,0.59090513,0.12722406,0.9174459,0.23241343,0.7585247,0.19088931,0.54321164,0.5819676,0.4701705,0.61726415,0.20519085,2.281976,0.22790019,0.6385573,0.09699055,0.88314855,0.7496671,0.40366387,0.78708833,0.102584474,1.5363355,0.2481467,1.0643582,0.93517065,1.1700554,0.64638746,0.61619145,0.6276411,0.5994632,2.0124083,0.69648874,0.15383205,0.38529313,1.1861312,1.2460469,0.31389937,2.044026,1.9810706,1.7157359,0.15460774,1.0550973,0.944493,0.7323762,2.0428045,0.06695412,0.54481447,0.18770677,0.48651886,0.82948536,1.5644283,0.5274124,0.05292559,0.020017786,1.8871951,0.5173748,1.7451477,0.62577224,0.12754355,0.37031174,0.1089236,0.68588847,2.5370526,2.403492,0.042959817,2.2738411,0.82114387,0.59905005,2.8047836,0.9615693,1.5596309,0.620369,1.0438817,0.39866054,0.21952637,0.9985162,1.1516379,0.8790677,0.97985417,1.0745723,1.888072,0.121541515,0.43438435,0.9199194,0.121745944,0.95171696,0.8434794,0.092866994,0.15027346,0.65691966,0.052386634,1.5227423,0.44455686,1.0562292,0.15510045,1.2031822,1.1326057,1.4321986,1.3623635,0.41707,1.098646,0.60027856,0.42892283,0.50090003,0.5767743,0.21221301,1.4095782,0.15121312,1.5425276,0.97022617,2.7572467,0.7532601,0.9860477,0.0,0.3080937,0.90681267,0.68765694,0.3592541,0.35688636,0.5842888,0.12998071,0.5979375,0.7010758,0.7298332,1.4628502,0.4869586,1.081587,1.41731,0.22008789,2.2506576,0.11520642,1.6309547,1.3989589,0.6611552,0.9965581,1.4612663,0.643219,0.296492,0.15859838,3.8596919,0.06909222,0.34733123,1.4357327,1.0082293,3.3814273,0.39750645,2.5994964,0.97625124,0.12369831,1.526439,3.5458155,0.04886888,0.81774026,0.643423,0.32487833,0.90334725,0.7196167,0.35123613,0.39528686,1.6561391,1.846094,1.8729767,0.7744617,0.75123566,0.6014016,2.1494968,0.6426854,0.9179307,0.103997745,0.041269816,0.6221849,0.06494657,1.1657233,1.0519742,0.22810861,1.4725525,0.41447994,1.2471222,1.5003173,0.1928873,1.0314628,1.4073648,0.7453235,0.5107897,0.78499305,1.2954613,0.93745065,0.7444234,0.7853152,1.789288,0.35999614,1.2081132,0.83421475,0.2526051,1.6769085,1.1922157,0.70571697,1.2721294,0.46159673,0.43611258,1.7549033,0.70361584,0.24984643,1.7727337,1.5024594,0.68653667,1.8505442,2.162327,0.6201907,1.3308488,1.0821953,0.011617891,1.9359529,0.41633278,1.2073402,0.23011298,0.07864624,1.8291143,0.6676051,0.92892206,1.0567089,0.2595644,0.5340353,0.22851571,0.34241447,0.8751249,0.87573093,2.6045837,1.5171527,1.7484753,2.0943408,1.4435099,0.7075424,0.3301403,0.11878988,0.38485932,0.06377646,0.57123524,all_pothole_images\pothole_images_new_image_630.jpg
0.6773822,1.0046066,0.37541735,1.7038157,0.0037126367,0.14963356,1.3796321,0.38078284,1.040117,0.49927402,1.1798705,1.2310629,0.07239685,0.4911714,0.55805737,0.11985822,0.10445586,0.9270852,0.2034426,0.5203356,0.07891887,4.9478083,0.152389,2.7950983,0.9252682,1.7533218,0.8711023,2.8805647,0.14156537,1.2005001,1.1970751,0.6679295,1.1837795,0.089501314,0.7510687,0.33836204,0.38529235,0.46307045,0.021451253,1.753376,0.23754972,0.16987495,0.41791418,0.7688477,0.7936308,1.7593653,0.028569544,0.27544665,0.53668064,0.8297013,0.9698072,1.3071448,0.57904637,0.0073134485,0.32294723,0.40563357,1.1989635,0.11380874,0.22680369,0.2898706,0.28281295,1.0460964,1.9928645,0.8235633,1.9571296,4.7271276,0.23248236,2.1921568,0.61665916,0.31478083,0.24853823,0.1022161,0.13834454,0.12043057,0.24820901,0.23178037,0.06618893,0.35039845,0.5926376,0.28825402,0.6077891,0.22585438,1.0494069,1.4307497,0.22904158,0.05904554,0.34293887,0.006449333,2.608211,0.09463463,0.38511395,0.88412625,0.14532766,0.5321872,0.18151239,0.40406013,1.8597047,0.15287551,1.6513466,1.0256046,0.36337724,1.5997152,0.10913254,0.89582014,1.3721284,0.6480868,0.27070156,1.3794138,0.4714076,0.34468523,0.05215507,1.4725709,1.2972826,0.0,0.7309123,0.32408938,3.1375127,0.48803017,0.048957434,0.057539355,2.4892976,0.30020547,2.0045836,0.6490172,0.03076405,0.008490014,0.62418735,0.86181515,1.3206693,0.53100073,1.1633217,0.12526807,0.64197224,0.008618345,0.14588861,0.62895525,0.41682994,0.89784735,1.2323351,0.2663006,1.0876852,1.7314067,1.3527018,0.55765057,1.3451074,1.3708788,0.5667872,0.21269399,0.9530417,0.13666598,0.12518865,0.26531175,0.46766022,0.30170023,1.6573156,0.029049624,1.620389,0.27717927,0.643445,0.49675655,1.6218253,0.3886672,0.18713808,0.6747127,0.05343368,0.012325978,1.8933057,1.6976044,0.12714995,0.14934456,0.0,0.4468766,0.11181079,0.5946366,0.627181,1.3383311,1.145655,0.16271873,1.5229619,0.28802636,1.1739963,1.5946411,1.867852,0.04519978,3.147591,0.67954546,0.5363314,0.37731946,0.52399164,1.3996284,0.24263884,0.7600817,0.57599145,3.3897386,1.7431315,0.04103284,0.1599251,0.6232873,0.4465556,0.83792317,1.5241773,1.1636403,3.2283955,0.50539905,0.42663437,1.0199037,0.22267489,0.5278605,0.0673664,1.344812,0.59638774,0.2765011,1.3092536,1.21518,0.75434685,1.3677393,0.33126387,0.004512306,1.0628133,1.0954689,0.76466125,0.4788732,0.8231023,0.40768063,0.1665659,1.552503,5.445235,0.31273577,0.5503946,0.88301915,0.6399847,1.2440162,0.5429028,0.49555492,0.7414005,0.0,2.4887733,0.4740448,1.118316,0.2843893,0.53355545,0.11430344,0.1125611,0.7458713,0.55653036,0.18945144,0.25845918,0.29384854,1.2012074,3.2381723,5.6541085,0.5040157,0.865278,0.74680686,0.22023569,0.23528038,0.78537405,0.9159715,1.0820315,1.1418995,0.26854748,0.0488528,0.63730323,0.8639084,0.94080114,0.9126696,0.94035476,0.72922647,1.1072359,2.0899475,0.8426431,0.0952397,0.1048608,0.13419054,1.1731428,0.118313506,0.1404515,0.7089369,0.5835403,0.5134342,1.9536431,0.32687762,0.46643034,3.3086782,0.055301156,1.8455625,0.47657368,0.5220288,1.9337714,1.3952814,0.08723995,0.7959272,0.13375765,1.523489,0.29230875,0.48375273,0.39065614,0.56347424,1.8968172,1.1242937,0.096807644,1.7876381,0.60711783,0.9186104,1.8007388,1.2750498,0.15979227,1.0009506,0.30447826,2.5360408,0.86169183,1.2054064,1.3464627,0.49265927,0.24877441,0.39180425,0.49324837,1.3120142,1.1487731,1.4003563,0.14755337,0.1376875,0.06431386,0.44074684,0.38702667,1.0317352,0.6151263,0.01758023,2.0819917,0.43215606,3.5052037,0.04575056,0.5880979,0.46477348,0.37473008,0.08866502,0.6324704,0.77257144,1.3115704,0.06142591,0.8231995,0.019794432,0.5320474,0.23589799,1.5910987,1.2432216,0.46460304,0.40498716,1.6268111,0.089541435,0.37323543,0.21683232,0.5867382,0.6945657,0.003677318,0.8249665,0.47265017,0.5054808,0.38593638,0.1827031,0.7556613,0.06831817,0.5763836,0.26033467,0.48299408,0.0003953651,2.9604547,1.0080138,0.92740935,0.0062496793,1.9890567,0.30239522,0.7135135,0.4214806,0.25975683,0.23641531,0.0,0.0,0.4233551,0.116714746,0.021454815,0.403438,0.9187068,0.35837173,3.7502036,0.53272384,0.43293574,0.04520753,0.08073692,3.1968358,1.1707423,1.6769888,0.5751407,1.0918489,0.13944423,0.030416127,2.7966223,0.2730837,0.0,0.81143075,3.8892486,0.21483123,0.33781424,1.2323098,0.79930204,0.17843916,0.56086904,1.4773966,0.22901513,0.27840295,0.032319084,0.7757998,0.19597627,0.20184968,0.99776435,0.7738348,0.6147617,1.5698332,0.6843267,0.15446857,1.8279349,1.0603262,0.45708013,2.121475,1.24572,0.6545799,0.83107,1.3136632,1.7528045,0.16197567,0.22590618,0.8422561,0.8010114,2.3504024,1.151465,2.6681156,1.1803607,3.7994938,0.2553269,0.20580256,0.736036,1.724997,0.2357214,0.23762424,0.54785407,0.023952939,2.525823,0.22928521,0.16055475,0.20620728,0.1751093,0.28049442,0.7679205,0.6284865,0.46597165,1.2186372,1.5174072,0.53207535,0.6825778,2.1778512,1.0739082,1.4831471,0.8837911,0.44036528,0.31167978,0.12576477,0.14314598,0.22453591,3.2995677,0.16455247,1.5444382,0.5396376,0.19132252,0.527566,0.06905961,0.039714392,0.11724388,1.0289685,0.62651384,0.0,0.9591159,3.7666588,0.66583335,0.4424162,0.16876999,0.74372536,2.3431866,0.050195362,1.1597989,0.17493421,0.6873846,1.1418753,0.3305448,0.68015957,0.60909575,0.81164455,0.70571744,0.5962794,0.3625378,2.024351,1.5109863,2.0546184,1.7134848,0.44430503,0.12415598,0.91814905,0.19900133,0.34342238,0.62377924,1.0042597,0.45967343,0.28259224,all_pothole_images\pothole_images_new_image_631.jpg
0.0,0.121466205,0.026869895,2.4529998,0.31341758,0.0,0.030201683,0.0,0.52017915,0.26073644,0.13044636,0.0031572436,0.0,0.99073637,0.6842841,0.18703067,0.34361807,1.734331,1.1737101,0.75704026,0.6317402,0.06877741,0.31576106,0.65722233,1.3070594,0.13004233,0.34777552,1.6431326,0.029392947,0.170147,0.3420792,0.052082002,0.032397404,0.9191175,0.002548404,0.36834374,0.03110374,0.67600685,0.328685,0.23147552,0.088386245,0.77684456,0.30973193,0.5040525,0.44247887,0.044128057,0.039386857,0.43122813,0.91058594,0.31134877,0.0,1.094597,0.13653211,0.50660557,0.9263924,0.034892578,0.33996263,0.10657779,0.02632608,0.44604516,0.02913624,0.1608614,0.13831872,0.42546633,0.35805845,0.7134267,0.07526184,0.0,0.7563078,0.18858477,0.48617795,0.6334049,0.33254957,0.0071387575,0.060576096,0.0,0.00054217264,0.67534006,0.0,0.17712526,0.0,0.176032,1.1095586,0.78097594,0.08627114,0.021384433,0.013542264,0.043472696,1.0791018,0.11083711,0.23750103,0.7774437,0.22865054,0.4714986,1.1693372,0.14557444,0.64012325,0.90106606,0.16345993,0.53594893,0.060976207,0.11541408,0.14978327,0.43995252,1.7747407,0.272939,0.6973611,0.002374034,0.5549038,1.0417658,0.19775453,0.27218327,0.011800426,0.3414049,0.23348822,0.07402003,0.0303286,0.053065013,1.107927,0.73810947,1.3137571,0.043418854,0.2562913,0.40608254,0.34784845,0.4878112,0.03834145,0.1426918,0.023401113,0.7695105,0.0019834884,0.1429989,0.004892378,0.040180225,0.0912627,0.30525526,0.34947693,0.12945713,0.0,0.0,0.03581553,0.08399305,0.70437425,0.37427858,0.0,0.17175663,0.0,0.46086735,0.2209122,0.1396316,0.2950656,0.24465919,0.0,0.70139086,1.3415711,0.10080855,0.0,0.080864884,0.36134604,1.0360354,0.9752895,2.1442401,1.7502886,0.012349613,1.05292,0.44480833,1.0046917,0.021856463,1.4991727,3.0954702,0.017859595,0.23420271,0.0231594,0.008866174,0.04417353,0.07886012,0.0,0.0,0.52745336,0.21376897,0.0025135195,1.3179939,0.021331787,0.057743214,1.5240357,0.6272883,0.031646788,0.06488499,0.05008052,2.4664235,0.060443964,0.06585321,1.3681774,0.005022107,0.41783893,0.18243583,1.7133709,0.012767108,0.8513082,0.011486844,0.3748959,0.0033192367,0.14726822,0.12291918,0.024119133,0.12545998,0.028215254,0.035463866,0.75286585,0.5650614,0.0024396759,0.5465246,0.31407765,0.0,0.7256809,1.4200383,0.013903864,0.20228463,0.13620436,0.32552865,0.51343626,0.3225464,0.6224719,0.0057780305,0.069340445,0.09057069,0.38646004,0.89674425,3.0002944,0.2632144,0.007845069,0.007196049,1.0024562,0.0029206318,0.48039207,0.06456443,0.8025,0.0015487134,0.07199705,0.113195516,0.5172693,0.31530112,0.6445956,2.0399015,0.042666268,0.0012620712,0.92924017,0.6300231,0.78750217,4.5920796,0.69303155,0.2802392,0.0,0.005594119,0.080143526,0.2049958,0.5701765,0.6445486,0.13325441,0.49800953,0.16304296,0.755866,1.0391502,0.3185661,0.012069613,0.6714328,0.20058794,0.16537383,1.1121445,0.13550587,0.2926899,0.20744571,2.0606968,0.08705009,0.4412859,1.4576224,0.0,0.5602588,0.029788673,0.0,0.032656778,0.18413381,0.28992066,0.0,0.1253991,0.2735668,0.69965565,0.15925153,0.038908526,0.07959607,0.0,0.164905,0.0758446,0.23624296,0.7837096,0.9260629,0.04692962,0.7044562,0.0654158,2.7609146,0.35217285,0.28450054,0.11689486,0.0,2.8293376,0.059929915,1.0765895,0.0042553674,0.49689856,0.261645,0.26432925,0.39278278,1.4890804,2.4338758,0.095240384,0.16979657,0.24318498,0.41607973,6.039805,1.02089,0.27121055,0.40707466,0.056502398,0.08366785,0.7126409,1.5569155,0.8013158,0.0,0.057530016,0.003804085,1.7008046,0.052722383,0.76403636,0.49127403,0.09533107,0.0,3.5952933,0.7893819,0.19868428,0.94742894,0.0,0.0,3.4802563,3.8428717,0.25915384,0.0,0.14038922,0.5795766,0.10890052,0.1755225,0.019408546,0.39117196,0.07190866,0.18058231,0.10864061,0.34688333,0.0,1.1276532,0.33165163,0.7501384,0.98044443,1.8936986,0.4134035,0.0761729,0.072097026,0.0,0.06270726,0.0910246,0.013249278,0.101099595,0.081976555,0.07238093,0.06277434,0.3695856,0.015559281,1.8139944,0.6360096,0.118214965,0.06220788,0.3763067,0.79253745,0.11618332,0.17186955,0.23348494,0.22962116,0.0024243433,0.59817594,0.33194217,0.003150566,0.41800898,0.07378371,0.26941416,0.06591543,1.3548304,0.0,0.3700282,1.1153864,0.44366765,1.0041401,0.20891668,0.26452535,0.57751626,0.08026537,0.00010846046,0.7051474,0.5331395,0.44171283,0.08405909,0.7519475,0.3873642,0.0,0.57953286,0.024084244,0.06996645,0.0339507,0.17192835,0.71311414,0.078195155,0.318298,0.09717586,1.2976925,0.14067306,0.18586312,0.8311415,0.32872728,0.0,0.05845935,0.017397216,0.0075857975,0.51787615,0.06330809,0.20754382,0.38466167,0.011388838,0.36942938,0.27938792,0.012188508,0.010141196,0.6281759,0.02723225,0.51887274,0.029622238,0.039481502,0.24566117,0.00086485187,0.068623096,0.22495118,0.75114626,0.047193296,0.43829423,2.6379633,0.56779945,0.057315033,0.0,2.7141213,2.026231,0.0,0.008427669,0.020377375,0.45566744,1.3048823,0.0,1.0930086,0.0,0.05391199,0.114161,0.300098,0.0,0.059725158,0.3080264,2.0020533,0.84586793,0.0029773049,0.034303214,0.8922038,2.490104,0.0,0.19354872,0.3140625,0.65782136,0.25006065,0.5701853,0.4624349,0.017499335,0.46088132,0.11940425,0.1631455,0.028230136,1.7081778,0.0,0.010674017,1.3776286,0.11872997,0.074129485,0.0,0.15911935,0.0,0.046857744,0.092023954,0.05596477,0.12898888,0.8986802,0.7538104,0.61079365,0.5421366,3.0768366,1.9068675,1.0063448,0.47030544,1.2922548,0.0,0.13042249,all_pothole_images\pothole_images_new_image_632.jpg
0.41427836,0.78795266,0.49491063,1.257128,1.4308177,0.37539917,0.38978308,0.4227607,0.8157339,0.5534419,0.3150486,1.526592,0.0067143687,1.3840352,0.0,0.5751669,0.117347926,0.12357748,1.4377342,0.736326,0.12744483,2.4990354,1.2632555,2.1442535,0.5571901,0.1632705,0.109913416,2.5396693,0.12424529,0.81106657,0.35417023,0.13427494,2.1555328,0.27324143,0.8511457,1.4947379,0.050830923,0.61166143,1.3581225,0.23163256,0.08409446,0.045509193,0.08955432,0.570678,0.93191457,0.029776815,0.46618363,0.0,0.5299196,0.2932296,2.2964246,0.74025124,0.67486835,0.16998968,0.4999333,1.1984432,3.4975464,0.3432105,0.6727066,0.23300388,0.12023295,0.9674444,1.7519412,0.058438543,0.6608284,1.7891123,0.57401705,0.21140674,1.2530047,0.46606445,0.29914123,0.24661726,0.04901346,0.1738941,0.5869612,0.029675104,0.14267045,0.5873021,0.3859428,0.54231095,0.052107465,0.13046852,0.03561387,3.394913,1.8200758,0.8720806,0.60238075,0.11279263,2.0455942,0.599175,0.39494038,0.10827011,0.26748416,0.85690564,0.019302841,0.7029391,0.9618449,0.5654626,1.2464826,0.6368017,0.10242943,2.91961,1.2823216,0.27673545,0.39976516,0.61831605,0.2594549,0.55206156,0.17995818,0.19514103,0.37028223,3.939942,0.22996628,0.22796017,0.082813844,0.38809294,2.8007195,1.1067463,0.4579115,0.89072,2.0917387,0.52827436,0.30414245,1.7745105,1.4165559,0.9079113,0.59624964,3.1156092,1.9637111,1.591022,1.7042345,0.47509804,1.7645843,0.72878534,1.5900116,2.0021665,0.049576018,1.4249772,0.34006834,2.0943255,0.45320058,2.984378,0.76820946,0.41596317,0.12527168,0.84452665,0.4147203,0.6691023,1.0099715,0.23198524,0.3183232,0.46743426,0.052157782,0.32310277,1.534983,0.44874182,0.39557827,0.38938996,0.23230614,0.0,1.2878222,0.42274162,0.052358374,6.8116913,2.230403,0.56285655,2.16285,1.1022832,0.91960275,0.63931537,0.840697,0.15899798,0.02363619,0.76847637,1.6223334,0.1901604,0.6597304,0.49036387,0.022001706,1.1427019,0.13627751,1.8930359,1.2382467,1.8769083,3.3177357,0.004675827,0.34020323,1.3849716,0.6413352,1.027302,1.1333135,2.6730611,0.0067005684,3.5296428,0.8310777,0.37579587,1.4796643,1.5224819,0.12425965,2.281761,0.045851357,0.5425502,0.54864514,0.32282096,0.15902959,0.8923569,1.3206298,0.2277531,1.561643,0.3441799,0.13044007,0.01721766,1.4188939,1.4254165,1.1794741,0.62753856,0.3109838,0.22196159,0.26643628,0.18649584,0.010080855,0.04992483,0.039639868,0.17703384,0.014848427,0.13263182,2.4376073,0.005840335,1.2729719,0.056224894,0.09003164,0.35182768,1.0616533,0.20359163,1.3381497,0.06934283,2.009088,0.0,0.14950238,0.58639425,0.4582808,0.79198796,0.09223274,0.40875587,0.019958759,0.0,1.1788961,0.32590505,1.2159749,3.5910919,2.5164776,0.42878535,0.8168668,0.38208646,0.17022178,0.09507033,0.71368486,0.24771947,0.25419983,1.49598,1.3555534,0.018233674,0.52649057,0.99040145,0.42915413,0.6526558,1.4225911,0.49605536,0.8821213,0.071248345,0.037641026,0.13380304,0.16855226,0.696326,0.18827051,0.51978236,0.14532982,1.6956886,0.63739604,1.181857,0.17637186,1.8093313,0.42790553,2.4500303,4.1357956,0.97762007,0.9427916,1.0259522,0.5532418,0.0029503566,0.04497201,0.28215456,0.24029122,2.9269931,0.17275308,0.6068991,0.6443694,0.14394297,0.56021,0.1687539,0.08004974,0.21793805,0.36308593,0.23069957,4.000234,0.6689049,0.028154397,0.31663105,1.707212,0.5608869,0.17186396,0.76180434,3.64722,1.0321743,0.43540186,0.07132661,0.3471126,0.18189357,2.3943522,0.0241006,1.0525863,0.17726105,0.04608805,0.1511548,0.72658163,0.84593123,0.23799044,0.50308883,0.44817814,0.06617117,2.6215394,0.43487844,0.1368724,0.027878309,0.25310415,0.69366735,0.55563986,0.3912283,0.69240457,1.1264657,1.8720692,0.58006454,0.15716062,0.7343666,0.4470102,0.4079301,0.84096414,0.90926045,0.31638554,1.5984657,0.09778555,0.3171815,0.5993733,0.7112936,1.6582958,0.58334714,0.50701624,1.6932329,0.7961192,0.572748,0.7893426,1.2914304,1.4719864,0.64249444,0.020269338,0.3611645,1.9256457,1.0095723,0.94716096,1.5379745,2.270671,0.2356856,0.64342815,0.13680416,1.645342,1.5000602,0.015763246,0.019575223,0.0018960751,1.1935984,0.3945327,1.6404111,1.8692018,0.7601314,4.320204,0.31309816,2.3027034,3.9404938,0.040964477,1.7717415,0.56552607,0.7310671,0.0,1.6675287,0.19895102,2.133703,0.4395709,0.99229103,1.1412445,0.012738123,1.3873019,0.73479164,0.004038425,1.0375893,0.4155559,0.17473248,0.23782721,0.20940864,0.12346777,0.013068038,0.1331116,0.038783826,0.1090158,1.1175671,0.016144207,0.019789552,0.6482997,1.4878306,2.0455637,0.27735832,0.8364871,1.9072984,2.846621,3.134882,0.68213445,0.8962807,0.823302,2.6998973,2.6284633,2.227706,0.34095323,0.4839437,0.1284914,0.974861,0.17585154,3.2659276,0.22259516,1.4520869,2.0201287,0.62470347,0.012209731,0.11145558,0.2804907,0.07462099,0.014949538,1.0431299,1.7530617,0.07842827,0.21237867,1.4556887,0.63265365,0.51497227,1.3010136,0.49209836,1.692593,2.5459406,0.21645756,0.22358552,0.65992785,0.49719927,0.344436,0.9876785,0.6810625,0.76601243,0.74956,2.2780807,0.9342542,0.0075731636,0.020910347,1.889851,1.4487523,1.2819006,0.0022465559,1.4772259,1.7987393,0.3011069,2.42751,2.6611106,1.5168653,0.016163936,0.77501243,6.137405,1.5864325,0.50654507,0.20567095,0.97463214,1.4209162,0.018871633,0.9855937,0.058738027,0.24274865,1.4452256,0.0,0.010381998,0.622325,0.014445243,0.3972373,0.78956354,0.261095,0.18541966,1.1783623,3.602886,0.5548091,0.12533456,0.66166973,0.05575732,0.18148613,1.5632439,0.5702868,0.8947114,2.5114095,0.110088475,all_pothole_images\pothole_images_new_image_633.jpg
0.19485202,1.6767715,0.45178837,2.0027251,2.4053757,0.7817356,1.222224,0.10346954,0.08829138,1.7717669,0.09999188,0.7556058,0.27050582,0.68407696,0.0026922298,0.24541683,0.16770044,0.64482456,0.8238473,0.26148313,0.68796825,3.288429,0.24226803,0.788515,0.70806664,1.011249,0.9771599,3.7162242,0.17299177,0.22767295,0.3250972,0.027386736,1.980301,0.0058275284,1.2475488,1.6362696,0.86901855,2.1025643,0.087187834,0.93747294,0.020387001,0.09761057,0.15259299,0.81606984,0.30822545,0.009527117,0.8689362,0.02069251,0.21828511,0.0721054,0.29135022,0.40550515,0.07546903,0.34383225,0.022389572,2.2371871,1.758121,0.05057326,0.5580832,0.6653861,0.7766968,1.0109428,1.017192,0.04212498,0.29460874,2.8132486,0.71741545,0.86376506,0.4521777,1.1469234,0.38473758,0.05557132,0.5337931,0.8345622,0.35894614,1.3540113,0.15299328,0.32761115,0.06089586,0.378295,0.6006137,0.08612913,0.22910507,2.751897,1.505029,0.33720282,0.6631079,0.014902954,3.149712,0.44302252,0.3723543,0.40384883,0.089655764,0.14516371,0.20981047,0.049572963,0.09433298,0.6073621,1.2836174,0.5659135,0.060897388,4.7279925,0.843885,0.34078094,0.023188181,0.11317827,0.12033584,0.06537942,0.06368941,0.4937611,0.03899297,1.6937113,0.5818939,0.01929888,1.2032732,0.7934292,2.2944582,0.14839715,0.96327615,1.7035357,1.4363691,0.53549093,0.7469094,1.7610964,0.40016532,2.3227668,0.08630007,2.8167806,1.5348929,0.8516411,1.59304,0.0027469445,0.24513374,0.15094735,0.20379227,1.3585731,0.050282143,1.6296928,0.5001881,0.38406056,0.69586307,0.12926495,0.14188413,0.8972749,0.27742785,1.0196428,0.7171524,0.12645604,0.040835187,0.6947478,0.59576094,0.20240861,0.010757352,0.020933947,0.9973929,0.5142421,1.1949714,0.3369665,0.94007885,0.568929,0.91020715,1.3892298,0.18515144,1.9339987,0.30925316,0.07602126,2.316615,1.0273966,1.5126405,0.7628376,0.27101585,0.031319886,0.2207586,3.3944693,0.60427165,0.20265625,0.4344076,0.34166887,0.33440965,0.040645234,0.35836962,2.3442397,1.7766293,0.71698076,2.0429027,0.13560827,0.28856614,0.1934753,0.04194939,0.57772315,0.62506557,0.88182414,0.0,1.5039395,0.13143064,0.1346948,0.5091382,0.5650661,0.32293066,0.92506945,0.09451823,0.7562084,0.10874166,1.3587142,1.3239548,0.79420763,0.18147928,0.7240164,1.0285828,0.2142877,0.49726728,0.30017596,0.9464102,1.0066172,1.7640816,1.0486063,0.86607796,0.16601348,1.7568166,0.36688322,1.150766,0.103234835,0.05887089,0.39321727,0.23838374,0.8419091,0.397007,0.9564459,1.6845487,0.001156827,0.012257622,0.49138564,0.7309262,0.061070856,0.92351174,0.13090563,0.8270081,0.3336178,0.026907349,0.3297342,0.29160956,0.0,0.8493459,0.38946602,0.17837757,0.0,0.3812855,0.23237275,0.85365754,4.359535,1.8397186,0.32989883,0.680747,1.3790885,0.045352492,0.3225365,0.97969806,0.03782942,1.1804247,3.2751396,0.37318066,1.1148962,0.4975278,0.19741386,0.01898868,0.38362318,1.5917884,0.17129919,1.2610155,0.46075726,0.6620623,0.4776549,0.039269116,0.08500996,0.7808239,0.5565498,0.2292311,0.14698766,0.76411515,0.76749253,2.1177258,0.08311418,0.43844885,0.70607305,1.6353791,1.1284136,1.4521126,0.20131841,2.6869245,1.0286994,0.19036262,0.5198472,0.0019909563,1.5941048,0.4915848,0.049682695,0.61130124,0.5760462,0.15326908,1.4480853,0.0018691306,0.6428585,0.26466215,0.67609215,4.3277984,0.30039436,0.31379613,0.087393075,1.0737927,0.5875737,1.6954651,0.4552497,4.479068,0.9564995,1.3435681,0.5281559,0.26202536,1.6439227,2.5502987,0.035196256,0.060280226,0.08933073,0.10272007,0.6508068,1.3103008,2.321409,0.46480942,0.11116006,0.7857217,0.24567464,2.5236356,0.37059137,0.061806813,0.14476936,0.0,0.7825251,0.74567825,0.055037346,0.59231704,0.26793268,0.25383112,0.4337576,1.9053073,0.036033772,0.29616806,0.037756156,0.82036567,0.05771623,0.074096106,0.53597474,1.2381372,0.63809824,0.0568117,0.851416,0.06793145,0.025436748,0.71958953,1.3551183,1.8347138,1.5252546,0.4555728,0.012362056,0.24053866,0.78165406,0.05895561,0.24298167,0.54887515,0.4877184,0.40615615,0.27352527,0.99500287,0.035151336,0.9215645,0.5297293,0.8552667,0.16643769,0.03450392,0.120928064,0.475023,0.4444003,0.34255117,0.0052313325,2.9688468,0.39924043,3.6111562,1.2145128,2.096507,0.0059540533,0.19622363,2.2974927,1.8665452,0.37205142,0.10434122,0.34133178,0.10411889,0.04989432,1.1057472,0.111707665,0.1935545,0.36301002,1.8888236,0.14489529,0.17203383,0.4649007,0.6912136,0.0,0.22249384,0.32801354,0.37438568,0.12412845,1.3314382,0.16972436,0.054018125,0.16072026,0.16029081,0.16927505,0.34555376,0.6724534,0.6281247,0.13697168,3.362083,0.79013634,2.4962132,1.3887801,2.2831404,1.9005575,0.81301266,1.2627652,1.052144,1.0474466,0.745887,0.012492384,0.30170387,0.16373459,1.2117927,2.9667969,0.6992578,0.23350571,0.5983087,0.0615896,0.54253364,0.15910651,0.37071878,0.49839446,0.50912184,0.35391453,2.4854422,0.65219504,0.16542798,1.5155975,0.3398171,0.246052,1.3572307,0.982458,1.1142122,1.3760144,1.2776644,0.5667609,0.10011142,0.37955755,1.1066154,0.1798132,0.07624842,0.58045906,0.5563459,0.68557215,0.23295955,0.492957,1.4534657,1.0000429,0.58831525,1.0808196,0.106437266,2.5664485,1.3514379,0.016109189,0.21049067,0.7439102,1.100413,0.08372404,0.80764085,2.408858,0.63257366,0.26472166,0.0,0.09428966,1.8885765,0.060409047,0.41552287,0.028056692,0.72406614,1.5597414,0.14415327,0.18288073,0.00850437,0.7073457,0.05041901,0.4481294,0.044512436,0.30109638,0.97884226,5.255929,0.07382012,0.64717025,1.7229524,0.31705353,0.4460195,0.5795815,0.2129495,0.23285289,0.5528208,0.14357628,all_pothole_images\pothole_images_new_image_634.jpg
0.23892857,1.9606161,1.5625775,2.179185,0.4855648,0.19886227,0.7084588,0.3790837,0.55166155,2.4195375,1.9451132,0.2720815,1.6122838,1.0176165,0.047006898,0.6895045,1.3891003,0.12851703,0.02890565,0.0131250005,0.20748903,1.1598598,0.39707538,0.738983,0.6808724,0.35835165,0.2938759,1.5556843,0.19270499,2.3331509,1.6053351,1.3300071,0.3213017,0.37747782,1.2108561,1.0834354,1.4266919,0.5276801,0.46829912,1.0823333,0.4313896,1.2328578,0.48091623,0.71493,1.522527,0.14363651,0.49799564,0.33048186,2.2562997,0.06994401,0.07609831,0.59967,1.5767071,1.5234039,0.73218393,1.8428296,1.5484722,0.13165472,1.3229625,1.774909,0.14496557,0.84740806,0.37881446,1.3937461,1.2479396,0.2734388,0.61507106,1.2094336,2.7193303,1.1332347,2.317932,1.1778119,1.5030787,0.90592396,1.438286,1.61364,0.7435784,0.06514875,0.38272023,0.7762266,1.1021334,0.38117364,0.7686982,2.3981438,0.8398378,1.4396051,0.46464896,0.2747742,3.450989,1.3905122,0.41163188,1.4233881,0.59419906,2.0774674,0.07206704,0.062175214,0.94127005,0.8220869,0.54268336,0.65891045,0.86162543,1.1961133,0.47399917,0.545217,2.200294,1.2339056,1.2363132,1.1065387,0.99032557,0.2997584,0.13804317,0.76528054,2.2743998,0.655729,0.17731243,0.32066712,1.250646,0.28624883,1.1239445,1.3356245,0.92735124,0.39287186,0.92527896,0.60651135,0.91756105,1.7997289,0.36316243,1.0005355,0.87886685,2.2798393,1.5917562,0.21744026,1.1503334,1.1205217,4.97826,0.27457726,1.1671194,1.8641045,0.7030072,0.028782029,0.019501226,1.0525461,1.5675038,0.43030313,0.1982425,2.4922626,0.051796716,0.24291429,0.7397172,1.2714256,1.3514968,0.9948369,0.63530076,0.75757986,1.3871685,0.13002613,0.83298624,0.34120935,0.08724317,0.5684748,0.88403,2.4301472,0.42763183,1.9081411,0.27455932,0.25714108,0.3490883,0.16247082,0.6177767,0.7715409,0.27642223,1.1976887,0.6842243,0.17516053,0.96139604,0.6668294,1.0592138,0.15978885,0.5333598,0.72591585,0.7264488,0.8182028,0.99439585,0.8395411,4.5312595,2.7517424,0.73603773,1.3180938,1.0136981,0.970104,0.076636605,1.4528942,0.49727154,1.1709803,0.24157897,0.47606233,0.8842654,0.45496613,0.18117256,2.9466903,1.7981646,1.4520279,0.17700434,0.1783597,2.629471,0.9549179,0.028076457,0.32720262,2.8353212,0.79221874,0.5909325,1.2026203,2.675866,0.9404038,1.519892,1.6232967,1.5429434,1.209313,1.6298146,0.08406645,1.5722063,0.9897892,0.49687296,0.05967138,0.26224187,1.0016907,1.0752214,0.19511288,1.7836794,1.0639936,0.061406024,0.50884324,0.9490286,2.3247185,0.32195726,2.8542564,0.44847798,0.11008438,0.20974128,2.0322464,1.195564,1.3121369,1.4712855,1.7464092,0.4581368,0.15029037,0.29948094,1.6231288,1.3765541,3.222642,0.0570997,0.36437497,1.597981,1.0226512,0.59413725,0.13073651,1.4579839,0.7424826,0.5048235,1.2954911,0.068730734,0.55724216,0.85979193,0.40798,0.93788487,0.9498068,0.03839968,2.0026677,1.9068422,0.5199569,0.9947097,0.54110646,1.127049,0.77109855,0.7806582,0.8355027,0.632438,0.87226003,0.19546197,1.0432006,0.010061884,0.36158666,0.08828543,1.1645447,1.7438377,0.73975074,2.3381438,1.2912302,1.388253,1.5797337,0.78339106,0.17092712,0.07898595,2.1376114,1.9243157,0.95759135,0.4705637,1.1515923,0.34904745,0.44729617,0.6422234,1.286589,0.1983986,1.1471239,4.536887,2.4326286,0.9207706,0.94759583,0.943509,0.19441561,0.2963593,0.78419065,5.850232,1.3034278,0.13233665,1.9407731,0.96072954,1.1937292,0.9328446,0.8668233,2.4114103,0.48509344,0.32399565,0.76391506,1.082582,1.1593658,1.3929275,0.29183832,1.2896286,0.40509403,4.0545864,0.082340755,0.31807828,0.07656755,0.76720476,0.3342132,0.6204429,0.059513796,3.0153072,0.07633915,5.050831,0.8837777,2.0588226,1.2139653,1.1869745,1.0990015,0.91214067,0.54376704,0.78176254,1.9557182,0.08104496,1.9327828,0.43388078,2.0001907,1.7885271,0.033432614,0.15618429,0.23355305,1.725354,2.5449498,0.78257245,0.09473855,0.6897125,1.2344697,0.8800632,0.45211646,0.7227928,0.30354646,0.08338292,1.713279,0.6476911,1.0489408,0.36945254,0.35892522,0.61784875,1.1727899,0.30004907,0.065129824,1.4889319,0.96281624,0.086362,0.42729217,1.2845199,0.68406016,3.0978189,0.45868325,1.346484,5.73719,0.40579623,3.9890711,0.89043933,0.35346296,0.6963013,0.4864042,0.94709945,4.312266,1.2109822,1.5073136,0.68556166,0.26087248,3.6991315,1.9165189,1.1353241,0.34947628,0.030124046,0.77770966,0.40968454,1.1552835,0.12460807,0.34578627,0.7686928,0.38717565,1.5092785,0.6100832,1.0489825,1.0646155,2.1043324,0.40299404,0.44739917,1.1947409,0.6805899,0.17605482,1.3094153,0.47299185,0.61019003,0.09482684,1.8012217,0.50144,0.66224474,0.6966148,1.3026186,0.66643786,1.5147885,0.25779328,0.29873762,3.0955722,2.1088533,0.58260566,1.0522777,0.21544395,0.8287458,2.6599286,1.0824137,0.43636733,0.19804013,0.27365503,1.3989269,0.49056476,1.473251,1.4099352,1.2161834,0.9861808,2.43784,1.2029774,0.28006554,1.1658512,0.73434573,1.1454796,1.4614768,0.07925387,0.7878316,0.006791335,1.7880881,1.5232285,1.4058477,1.180271,0.3573677,0.23055123,0.8862972,2.2591758,2.4444447,0.3600544,1.5972154,0.2802033,1.2571952,0.5103349,1.455067,0.26389378,0.75550115,0.41504365,0.40628198,2.2709277,4.147957,0.393978,0.060423456,0.15017825,0.43360296,0.7978538,0.43765774,0.8612101,3.4412313,1.3945988,0.6842077,0.30756372,0.22044143,1.1239853,0.1501374,1.2017064,0.9933755,1.8752627,0.00088645756,2.1487584,1.0695875,1.444449,2.3053756,0.6479286,0.88357496,1.8040614,3.281429,0.35407504,1.5324236,0.99897957,all_pothole_images\pothole_images_new_image_635.jpg
0.6950239,1.2510847,0.29050806,1.3481944,1.4514303,0.3325201,0.28150815,0.0880032,0.12558575,0.91284263,0.07053025,0.077738345,0.0890578,1.8102386,0.20575465,0.97055644,0.0,0.23785985,0.23485485,0.540982,0.5289304,1.2127517,1.2165804,2.0530262,1.5921103,0.9723662,0.3762636,2.2736216,0.90555155,0.48517329,1.0294336,0.5742568,0.82629704,0.7475538,1.1880399,0.16173972,1.5661799,1.1656363,0.06742981,0.15859263,0.6311805,0.30377907,0.38553265,1.9170498,0.39988574,0.33194527,0.03863023,0.0,0.10712741,0.11444127,0.66494447,0.17558455,0.8489878,0.5128431,0.23773858,0.7257083,3.3413925,0.0,0.5313319,0.1746675,0.687658,0.46526623,1.9112495,0.82440174,0.8244515,0.7788039,0.26857483,0.008734949,0.18765527,0.57508296,0.54382306,0.59136623,0.23399779,0.855882,0.61029136,2.01828,0.16137952,0.2980917,0.0032779027,0.22946946,0.08765257,1.5399857,0.02303738,1.7019936,0.17967708,1.6308749,0.26607093,0.023631742,3.2401478,0.12619686,0.29551187,0.25022903,0.042974208,0.6292545,0.17873879,0.04400783,0.3978657,0.36953107,0.038223334,1.460834,0.070216954,2.48356,0.15180841,0.0044445693,0.6584262,0.5814078,0.2149994,1.1060842,0.034792155,0.477293,0.46966505,0.85394704,1.3315814,0.44062337,0.852234,0.8790389,2.3320181,1.2728101,1.789282,1.33158,2.6745524,0.59733963,1.2331173,1.0511847,0.2808198,0.6655109,0.127145,1.8254908,1.4683346,0.46850133,1.3480812,0.024470497,0.8839446,0.27086046,0.08772686,2.3951907,0.7433934,0.82728463,1.611877,0.45617536,0.2870186,1.1894873,0.061094765,1.0355021,0.57487786,1.0761358,0.1620243,0.73492086,1.0749643,0.5570029,0.52798235,0.53644675,0.43885344,0.40734655,1.237677,0.9052169,0.93271303,0.5910361,0.42216757,0.40524563,3.3027017,0.4774475,0.1927303,3.657315,0.13235386,1.0463825,0.18743312,0.79048425,1.9919902,0.35767022,0.25532416,0.42194647,0.0017590261,1.0417534,0.16837412,0.110034496,1.7186064,0.18468432,0.046869073,0.0026442036,0.061123423,1.7860478,1.6958702,1.8878187,2.3115826,0.37890357,0.27952498,0.23928899,0.13186297,0.33349875,0.22515309,0.7540429,0.03171647,3.8371155,0.25339434,1.5709631,0.8942713,0.58275616,0.34354848,1.2217633,0.70822704,1.4362581,1.0659338,0.9027582,1.3860368,0.229421,0.60271573,0.22381887,0.8076371,0.11385203,0.5993041,0.2282594,0.5233682,0.7391214,1.9212322,1.4846948,0.84739965,0.3994371,2.5891712,0.1657354,0.40678713,0.029490853,0.025132544,0.24630362,0.13302776,0.69348145,2.4977574,1.0218446,1.5800415,0.20377673,0.203696,0.6070249,1.4555564,0.05876234,1.2959248,0.08643117,2.5637023,0.33358127,0.10892644,0.55773294,0.6071669,0.019229475,1.7016461,0.7521112,0.12623444,0.006330299,0.89564806,1.1771029,0.34414583,3.1714818,1.2669303,0.031072438,0.5251305,0.20496161,0.021178449,0.2809789,0.44690496,0.28467113,1.580207,2.5837603,0.10422905,1.0370574,0.5895338,0.9033959,0.69748384,1.2969536,0.2891122,0.08831569,1.24281,0.8283469,0.1654954,0.007908948,0.5111168,0.003168426,0.64186877,1.2501937,1.4958723,1.7020591,1.1122568,1.709424,0.042404056,0.68098575,0.537535,1.0991215,1.1383032,0.32168773,0.5262721,2.0521836,1.8528087,0.20802389,1.020699,0.3895219,0.08778129,0.82772934,0.13024034,0.2772366,0.039344613,0.37828833,0.33894145,0.45351118,0.9637451,0.5663246,0.24494031,0.0029137924,6.6424136,0.24630943,0.7891899,0.2745137,0.53410697,0.33481723,0.3188867,1.8264374,3.6196332,2.0376418,0.2655132,0.6532759,0.0036124762,0.87690926,1.4143174,0.6242582,0.4425033,0.28895745,0.015611844,0.55174804,0.9673356,0.28888068,1.4476761,0.8656568,0.00017308946,1.1229349,2.7270477,0.13597146,0.0038976823,0.5654907,0.31709287,0.66175264,1.0797094,0.8381315,0.1514656,0.00891057,0.1804958,1.2235104,2.5434508,0.0439718,0.22320871,0.0,0.67464936,0.32799163,0.6117805,0.7442141,0.015281814,0.6503146,0.30733144,0.23429407,0.14249612,0.26127604,0.09985667,2.582578,0.25744292,0.6609085,0.04371206,0.045753278,0.6115298,0.7605523,0.032846417,0.37075385,0.6411593,2.0388472,0.07488657,0.8737048,1.7222402,0.4936033,0.15954177,0.20746318,1.2705058,0.33994064,0.03457789,0.088295795,0.5770397,0.99340904,0.20037107,0.09198098,0.032854915,0.80494314,4.037207,2.128047,1.979676,0.25793734,0.011688322,0.76756084,0.5454499,1.2061878,0.37639365,0.2118198,0.2311731,0.06982271,1.3010037,0.75866866,0.6780609,0.19896233,3.130661,1.5470531,0.718367,1.0752614,0.066172406,0.358045,0.9322587,0.032467175,0.30211052,0.071066335,0.26010686,0.065933585,0.42617467,0.093482606,0.05027809,0.92792636,0.43909943,0.89489657,0.36538914,0.01987429,0.98847073,0.7070552,0.87711626,1.3979701,1.9173437,2.1242747,0.84528744,1.8519315,1.0780833,1.4715617,0.35076165,0.6231898,0.060445376,0.40191633,0.24128132,3.917495,1.7114164,0.83738256,0.15410987,0.950474,1.0283457,0.7989106,0.32296854,0.14680423,0.12380227,1.220421,1.0707964,0.7408544,0.31994987,0.1304767,0.43146303,0.67411155,0.43258667,0.3161965,0.4526448,0.27972952,0.77002394,0.49340075,0.25972492,1.3131499,1.3284588,0.102956615,1.0995942,0.12079262,0.4069374,0.12854664,0.2201689,0.17823131,1.8342693,1.9244181,0.58914346,0.56108856,0.68994075,0.9902741,0.7386022,0.12536286,0.82794803,1.6610581,1.125902,0.0,0.33646852,4.2057514,1.2381767,0.7946672,0.0,0.68586767,1.0482024,0.46065712,1.0059596,0.1318615,0.0933892,0.75727296,0.0,0.20779482,0.20726554,0.042977147,0.38454518,0.00579396,0.26758054,0.2273247,0.96712583,5.134028,1.8856771,0.9487015,0.6174366,0.2668794,0.105241634,0.6976458,0.24294537,0.74533015,0.3722841,0.25030002,all_pothole_images\pothole_images_new_image_636.jpg
0.34419912,1.7064395,0.30737332,2.896098,0.58481634,0.716331,1.2690748,0.30558994,0.22679152,0.21820296,0.8938421,0.65527356,0.34041205,2.8852785,0.012033221,1.7296354,0.2867447,0.2277099,0.70702004,0.76398396,0.015320788,1.1141442,2.1102388,1.881866,0.75995785,0.6622173,0.95141333,1.9392865,0.30936027,0.12397076,1.2501562,0.16056877,0.1707887,0.8108496,1.1309341,0.12941788,0.24700849,0.09789671,0.2707344,1.6564726,0.0,0.2649254,0.6722001,1.6436516,1.8987592,0.26575086,0.027538596,0.0028092316,1.2675323,0.51049715,0.084880956,0.5377243,0.08197007,0.5975971,0.06380713,1.6129575,2.3998137,0.6400234,0.083486475,0.6083047,0.068729885,0.9507602,3.0771632,1.3570696,1.9387127,0.830465,1.456988,0.6356244,0.52038914,0.40978333,2.5734298,0.7949072,1.0286171,0.031225834,0.556191,1.7797213,0.48450488,0.18166754,0.047775548,1.1844388,0.0020654756,2.1874843,0.15431556,2.0222964,0.5931525,0.365588,1.6494166,0.46443805,1.5555295,2.1641705,0.058256473,2.7841983,0.40585124,1.5033482,0.2649098,0.62421435,0.13050403,1.0659972,1.6568148,0.782377,0.2750019,1.3744391,0.69031304,0.35557798,1.1843034,0.20449762,3.1902654,0.4950155,0.71923834,0.47222587,0.45794958,1.4967694,0.93473154,1.064896,0.79031014,0.24351403,0.1098985,0.8094557,0.7831918,0.36688986,2.9475794,1.2763112,0.1251823,0.47918466,2.605871,2.9024265,0.10186978,0.14792149,0.33900633,0.08531778,0.48113996,0.3569246,0.97754604,2.5824647,0.445819,0.20152031,0.89094293,2.4270406,0.871485,0.23521668,0.55125475,1.1637324,0.037002817,0.7127101,0.5447379,0.99374217,0.5020127,0.16065985,1.0281664,0.16175614,0.09120243,0.60486525,0.71657866,0.15089123,1.4315823,0.25601703,1.918475,0.776609,0.28881964,0.30523908,1.4488118,0.6333371,0.9441793,5.499685,4.1573834,0.14353268,3.130419,0.13319659,1.6915666,0.47309002,0.6532904,0.107851855,0.6734675,0.25397056,2.0754936,0.28057274,1.0548967,2.0311441,0.020232772,0.49430758,1.0258743,1.7350109,0.81474257,0.16608483,0.6901441,0.613304,1.9651195,0.43020412,0.16842355,1.7501882,0.32892603,2.3601208,0.0438845,1.3524017,0.18255146,0.6243194,0.38969272,0.5032895,0.0842182,1.0249732,1.0427765,1.1461762,1.1981043,0.15735732,0.58759266,0.3932764,0.22216117,0.006120313,2.0782022,0.8138937,0.506345,1.2870882,0.41761312,0.55879706,0.91789436,0.28605962,0.7714242,0.09063024,0.8132162,0.22212143,1.3946033,0.32253355,1.3135241,0.2638943,0.5504871,2.1612954,0.5246485,1.2926948,3.064925,1.8027025,0.8486502,0.17682032,0.60191107,0.30038148,0.0,2.3393893,0.9368302,0.5919746,0.013081888,1.2791276,0.53112584,0.77077925,0.5133691,0.36685577,0.007603139,0.5578039,0.34536174,0.020386271,0.6322715,3.5127263,0.91616803,0.17340523,0.40065402,0.18141024,0.4178111,0.058666132,0.99955577,0.6657339,0.4972639,1.6652646,0.41902494,0.122776255,0.358916,0.49541283,0.34669557,0.3235677,0.17029504,1.6710445,2.0036228,0.063081786,0.30119509,0.020178841,0.8955481,0.17376108,0.8522304,1.3460279,2.2933419,2.8423736,0.12630849,0.6308448,0.35884276,2.2722645,0.6504664,1.761033,1.9355998,1.4036554,2.0920746,0.9728432,0.89263535,0.7002701,0.60613334,0.7820947,0.32408652,2.294993,0.7358072,0.27040768,0.44670537,1.3822856,0.9600674,0.9264405,0.5564309,0.79118854,0.022075113,0.06592853,5.6532793,0.44120812,0.9981703,0.06092638,0.3431411,1.745886,0.011191135,0.5965368,3.0881238,0.54263985,0.26883706,0.94068784,0.18599588,0.17634895,0.7440423,0.24149927,0.6004408,0.29719725,0.7841644,0.467906,0.575225,0.6272582,1.0244051,0.87255377,1.5698974,0.6036174,1.5889894,0.29670805,0.2959126,0.16839315,0.19362624,0.09644956,0.40102363,0.122810826,2.112447,0.122451626,0.4240614,2.7988212,0.4415856,0.5617036,0.2532529,0.040785857,0.37715346,0.12977326,0.017925145,0.3147922,0.39960065,0.478187,0.15257616,1.4137596,0.5429355,0.006657481,1.3718898,0.5199772,0.9577088,0.063741885,0.11241891,5.633299,0.08931986,0.02624319,0.04346644,0.113376595,2.0001383,0.85526127,0.3442449,2.309227,0.54411745,0.8982211,0.1886018,1.6867304,0.0777301,0.5471971,0.11831854,0.22923823,1.0545019,1.5438925,0.8646332,0.40372962,0.6587602,0.52509767,0.9268012,0.6592585,2.521875,0.90228105,1.2045059,1.5619107,0.74096227,0.4046994,0.7669984,0.27196813,0.008626739,0.8299204,0.70822555,0.6554657,0.041884743,0.055445347,1.0068679,2.5134265,0.12097039,1.4125602,0.03878784,0.34296805,0.17689008,1.5645789,0.28699842,1.4150169,0.30622008,0.958868,0.21456702,0.18584692,0.97913754,0.56335884,1.0070063,0.52200073,0.5428339,1.5278543,1.0100732,0.31305248,2.571647,1.4568114,3.5509007,0.40707424,1.2102046,0.18609272,0.6706928,0.85093516,4.2085876,0.4482,0.7887928,0.89656,0.0033055854,1.9934326,1.0860256,0.34894454,0.14164212,1.3027925,0.6791423,0.49177542,0.020343022,0.16094773,0.057917427,0.35439375,0.6719191,1.374903,0.9564016,1.9114047,1.2889054,0.025719607,0.80582964,0.12481701,1.3368713,0.87684196,2.451993,0.10801557,0.87997866,0.3591299,0.26039422,0.21332607,0.075832225,0.64738387,1.0241373,0.28761247,0.85307926,0.42943096,0.4642315,1.5297307,1.992918,0.18687451,3.1947188,0.083495975,0.31249052,0.5944505,0.92130184,0.45461622,0.01922049,0.056724645,0.18636051,2.6412272,0.42993686,0.0059252013,0.0429413,2.048146,0.34413052,1.325479,0.60704803,0.17444839,1.0786742,0.9460846,0.10105174,0.100106925,0.0536391,0.02703887,0.044085298,0.14852646,1.0661733,2.0630794,0.2467269,1.856883,0.8400615,0.03263464,1.8559583,0.77251923,0.095230736,2.0767863,0.15096045,0.093639724,1.9808222,0.14860782,all_pothole_images\pothole_images_new_image_637.jpg
1.2728009,1.8953168,2.3011656,0.6140244,0.84131575,0.55174977,0.052374847,3.2108402,0.19883984,3.378518,0.20411688,0.047446363,0.3615598,0.41195875,0.9772457,2.2039063,0.35855845,0.5896536,0.6476474,1.071954,0.68968207,0.8266543,1.1723114,1.158582,0.6384264,0.836107,0.4168846,0.6719331,0.35802147,0.9982265,0.032254957,0.5159016,0.1296338,1.2783467,1.2288072,0.17545283,0.35051727,0.09442104,0.20158254,2.3654816,0.70900446,0.78165245,0.57059216,0.15254468,0.5501608,1.6372453,0.36400992,0.7941125,0.40757063,0.22251025,0.0011386117,0.41265044,0.29919848,0.75675154,1.2764864,1.3529018,1.4238151,0.052212752,1.680385,0.27941632,0.41999117,1.0997139,0.34687346,0.5919513,0.1936703,1.7000653,0.06280031,0.25977787,0.90779656,1.1240977,0.6962207,1.5400411,0.8983242,0.6655323,1.6142174,1.8193463,1.566709,0.19155586,0.43369782,0.019839529,0.41641,0.6759301,1.8279186,1.1515765,1.5332922,0.7495512,0.6342867,0.43945828,1.7576225,1.0754119,0.14398733,0.14556669,0.24389966,0.86137295,0.81823325,0.051980767,0.7726443,3.0840423,1.8712659,1.1075692,0.5322872,0.46167043,0.15659715,1.2965606,0.17003441,0.86345315,1.7105802,0.12973972,0.3056168,1.5808586,0.24731095,2.1590116,1.5441989,0.29902738,0.16179234,0.101278886,0.14180954,0.6881949,0.38618523,0.59466994,0.030567797,0.70929044,0.13536881,0.91106045,1.3685368,0.4782088,0.5339227,1.048939,0.1445755,0.1441503,1.0814084,0.17831491,0.7486468,0.85116106,0.9931624,1.0348233,0.82168937,0.22720261,0.7306758,0.1638182,0.1464233,0.28650886,0.935155,0.69292104,0.9238697,0.2333466,1.2750086,1.1359336,0.3859008,2.7969716,0.85441893,0.108667254,0.50477844,0.96988094,1.48181,0.2772214,0.22267672,0.18626118,0.36909616,0.3456557,1.3785603,2.306691,0.5391155,0.4439834,0.41842246,0.92145926,0.61203665,0.9886348,1.101151,0.6469243,0.8010204,0.01836066,0.47557783,1.0635157,1.023842,0.3942077,0.55103576,0.7291557,1.0614123,0.39049825,0.6509294,0.32769588,1.9541378,1.3994004,1.6065364,0.752014,0.18806025,0.66264087,0.27273566,0.23578624,0.76581275,0.4521436,0.15236256,0.7748439,0.47130653,0.3715289,1.1516806,0.69609916,0.72146934,1.7573656,0.6814067,1.5249823,0.4963979,0.7040665,0.45377186,1.8043879,0.2087384,0.4798653,0.20798717,0.7819077,0.03150804,0.786381,1.7793314,2.0993063,0.17357826,1.1625639,1.2650685,0.65470695,0.6167746,0.6662094,0.19080062,0.8165149,0.25342825,0.5449652,0.24636014,0.55122876,0.70472807,1.1336421,0.040349912,1.3249761,1.2961692,0.44235235,0.5442269,1.0457284,0.6215504,0.31521544,0.5022042,0.3676447,0.37519702,0.35107997,0.45608106,1.2128114,1.7483963,0.41691124,0.64898336,0.3583448,1.0280447,0.38473836,0.8060613,1.2804359,0.39389107,0.26226315,0.4547799,0.17108765,0.0,1.9181519,0.6918411,1.0780187,1.2676903,0.4779494,0.058819562,0.49211833,0.79883945,0.3831583,0.22381906,0.81179035,1.2071216,1.1726813,0.7902753,0.602634,0.6718306,1.0181692,0.73180324,1.2464919,1.4807047,0.6254504,0.73497427,0.16800977,2.8710952,0.8952683,1.0252897,0.07403434,1.199288,0.14606507,1.2967678,0.16785209,0.53374106,0.7701352,0.15679972,0.7046535,0.5472712,1.9785134,0.8185631,0.51394033,0.28123778,0.71494573,1.476328,0.68371487,2.1249084,1.3823671,0.0,0.41800696,0.09956916,0.66998583,0.67404157,0.67150295,0.7125222,1.363862,2.4299915,0.32616222,0.93786854,0.30293483,2.2031915,0.7163242,0.44977126,0.45536792,0.5880257,0.805971,0.84533525,0.50491685,0.63610446,0.5121111,0.32702222,0.3446301,0.586499,0.23089105,0.63975734,0.14411935,0.48449713,0.7071511,0.9816668,0.84779745,0.8068058,0.8116028,1.3090413,0.35852036,2.5426552,1.9548297,0.5560749,0.55612373,0.8150721,0.5203243,0.593472,0.8952244,1.3380772,0.62287474,0.51037824,0.3941929,0.624374,0.115764506,0.8717647,0.5626979,2.0355341,0.6575323,0.1796949,1.5512842,0.5586517,0.1489139,0.41242,0.5510878,1.2101655,0.029880079,0.21969382,0.48695877,1.5198737,0.15332781,1.1095128,0.27072483,0.06993902,0.57398576,1.3074965,0.7546028,0.33954433,0.21427765,0.45565712,0.4048201,0.3766564,0.48895678,0.50688624,0.17634274,0.38352534,1.149178,0.5263899,0.25244865,1.010751,0.16995901,0.32332292,0.6823347,1.2644627,1.3982183,2.5511103,1.7758764,1.0615041,0.4145865,0.40352288,0.54981375,0.6354237,0.14112282,0.19591738,0.752059,0.35996327,0.22223812,0.14766127,0.40482706,0.2969212,0.105001196,1.1108861,0.8189787,0.3311558,0.10166931,0.23978166,0.7220266,0.7207849,0.50541204,0.10621015,0.29620302,1.5296892,0.074964926,0.7130814,0.44642538,0.50275445,0.2887818,0.72627795,1.3526055,0.44217277,0.25157622,0.9797099,0.5656971,1.2538571,1.7461172,0.29998413,0.6801325,0.7288649,0.4216922,0.49516162,3.1886318,0.42079753,0.11710919,0.12915319,0.1977592,0.7045335,0.39120767,0.4114024,0.6207461,0.5576452,0.07431205,1.4639076,0.41951802,0.8471602,0.8775605,0.72465867,0.17514127,1.3367043,0.39844427,1.053967,1.6514282,0.10639411,0.8376326,0.2680337,1.1545043,0.71335095,0.001990299,0.72261316,0.1576051,0.36259305,1.7456248,0.54585123,0.2155137,0.803604,0.9149041,1.4417813,0.7311862,0.9548117,0.98108155,0.64107597,0.23417082,0.40007937,0.26065236,0.63743436,1.0024726,5.341834,1.4231601,0.46638942,1.0274655,0.14586887,0.46262354,0.827683,1.597492,0.27886772,0.3470097,0.44310585,3.93562,0.44373524,0.85344756,0.39121717,0.22494927,0.21579634,0.59628785,0.2786834,0.13508219,0.6308029,0.76641595,0.25604144,0.5639567,1.1531198,0.13927148,0.8388608,0.6053456,0.14040238,1.1475788,1.7613846,0.44152135,all_pothole_images\pothole_images_new_image_638.jpg
1.1330287,0.5485463,0.830823,0.5179207,0.061602797,0.5982054,0.35911387,2.3671675,0.6762937,0.16280676,1.2003906,2.0593204,0.26047662,1.6348628,0.39616355,3.1397007,0.28672713,0.89467084,0.29450524,0.1973062,0.6481936,0.7607953,0.0,0.061743777,2.1999063,0.48304498,0.4148295,0.6010961,0.85567707,0.047329053,0.31133568,0.97195387,1.6313844,0.922785,0.11366985,1.4130335,0.040815942,1.4381479,0.29173434,2.9443827,2.5274222,0.07283985,1.408919,0.3928724,0.022573411,0.69191283,0.61785156,0.8939509,2.9347718,0.87253255,0.023325244,1.2016529,0.44036457,0.41193974,0.12904136,0.15715125,1.6141434,0.3564054,1.370219,0.35488003,0.7633832,0.15090542,1.8291851,0.837733,0.8258279,3.5398579,0.7560904,2.2882564,2.558452,0.20664413,0.56412834,0.22423306,0.06677702,1.0823228,1.1923261,0.37411836,0.2772461,0.357817,0.5896511,1.016424,1.8538964,0.16057558,0.8752931,1.1818192,0.70904094,0.3133933,0.5773371,0.3419833,0.67282593,1.1281873,0.8971966,1.1677287,1.2003942,1.5446581,0.92673975,1.5939928,0.66625136,0.8777204,0.5948313,0.23161428,1.2449054,2.136692,0.73460263,1.2168424,0.29724708,0.53205055,1.4031641,1.6110911,0.37383154,0.42514858,0.025501778,1.8391491,0.025311748,0.39899012,1.4924282,0.1830528,1.5916939,0.9088304,2.370172,1.261197,1.8033425,0.46131074,0.017047945,0.8482412,0.12054378,0.46632874,0.73619014,0.21587951,0.13982159,1.7174355,0.47964454,0.06554657,1.2370608,0.4302168,0.4686157,0.49583527,1.0770195,1.2965454,1.0613716,0.23643152,0.073183276,0.74385464,0.6203736,0.22749892,0.71780485,0.6451867,1.2594197,0.4870766,0.8993685,0.82090336,0.7037467,0.69429344,0.52894336,0.52804524,0.812568,1.9091413,0.5679062,1.7604793,1.894855,1.6057929,0.38230723,0.6028043,2.4178202,0.0014182642,0.28748894,0.24033841,0.049698673,0.28658354,0.34582278,2.3979497,0.13442104,2.4432898,0.1883865,2.3879206,0.54167104,1.068114,2.086711,0.39906582,0.26983595,0.42898178,0.18624644,2.7779908,0.68054056,1.1297141,1.5611391,1.8933148,2.3974388,0.6673694,1.6182735,1.2357099,0.15894929,0.31845552,2.1766703,3.613851,0.75693774,0.62813836,0.27894476,0.92027867,0.98477507,0.03958856,1.0347064,2.3140385,0.51302385,0.9057595,0.44491604,1.2640485,1.2762055,0.6134099,0.25517318,0.34142205,0.5955641,0.2341678,0.32228333,1.4383725,0.20721604,1.5512558,0.08507016,0.06176666,0.99185413,0.7558228,0.91642606,2.3310413,2.2499962,2.4806716,0.47994414,0.13800316,2.536671,4.442534,1.1428748,3.3891613,0.085021764,0.78657484,0.07262555,0.7811027,0.6663262,1.5602392,3.2577558,1.7768317,1.0994792,0.011995344,0.4832423,0.5015886,0.0014497108,0.97467023,0.23263939,1.5697172,0.8366664,0.53266233,1.8427466,2.4355698,3.1827657,0.49180707,1.4839027,0.10271743,0.86253864,0.25349432,1.9235455,1.5925623,0.23596293,2.3248756,0.8612949,0.09511196,0.30599445,3.3663466,1.6405977,1.7089423,0.5960598,0.1673317,0.08214311,2.2197437,1.2879345,0.38398945,0.38726068,1.1183918,1.7388339,1.4255167,3.1789618,0.35599852,0.48899004,0.15030189,0.39701897,0.77019405,0.13325913,1.3884112,1.0832037,0.34932774,1.0057487,0.39020392,2.293987,0.09437426,0.5669569,0.15942363,0.71844226,0.7436669,2.4787688,0.366126,0.9588059,0.45258102,1.603474,2.3969297,0.46430397,0.11900594,0.68033195,0.46829027,0.9811669,1.7675102,0.033655055,0.7394306,0.53162694,0.021451626,1.1512641,0.2517774,1.532841,1.6180831,0.30325857,1.0141444,0.68985,0.6620731,0.67242944,1.7844646,0.8149809,0.06979657,1.0130005,0.68919945,2.7250547,0.32820347,0.28753757,0.7963174,0.9063586,1.2537485,1.5825104,4.3606286,0.7212621,0.0015753788,0.39398667,1.970539,0.47715214,1.2659576,0.0769635,0.3903255,0.73757356,0.43302256,2.1407235,0.6688888,1.1380239,1.2639741,0.08524523,0.22870883,0.67054516,0.10507113,0.9905704,2.265612,0.30610636,1.1686825,1.2347759,1.3211889,0.9512866,1.385161,4.3912654,1.9881384,0.91240996,1.6416194,1.7920697,0.44043836,0.0,1.17642,1.1516068,0.073508084,1.3887949,0.1550244,6.5220423,0.09975228,1.1461605,0.64345807,0.21877031,0.27504376,0.25964832,2.0998878,0.7033604,0.4794799,1.284935,1.751235,1.0071775,1.3923548,2.5744393,1.594081,1.0669664,0.370082,0.45517656,3.6096807,2.67841,2.6977298,0.8890722,0.4667773,0.9006682,0.11819852,1.876075,0.81917375,1.334259,0.10032725,7.2064214,2.0970335,0.39942285,0.89065796,0.6990341,0.2906336,0.5826735,2.5246806,0.82910687,0.037421368,0.33450985,0.7735606,1.9752692,1.1206967,1.2720581,0.41937703,1.4802604,0.45168883,0.21320547,1.3449363,1.0482506,1.3844634,0.36955416,0.7666349,0.4669052,0.27583972,0.26762354,0.8014515,1.7877198,0.80216044,0.05623903,1.0252706,0.28672907,1.0466079,2.2636654,2.9235935,0.3719414,2.470283,1.6089655,0.6423153,0.09758885,2.6212041,0.57067394,0.14072134,1.2050295,0.58746403,0.16104244,0.013765817,0.37375745,0.82541174,0.8528499,0.19143692,1.7950482,1.300782,1.5091268,0.35436636,0.106512226,2.5093722,0.8088838,1.7844375,2.9410126,0.4878334,0.6465623,0.06414598,0.5359481,2.0493758,0.6436798,0.49480087,0.2262412,0.06598548,0.5990211,0.25877276,0.38223433,0.060015798,0.09472119,0.6151525,2.725262,1.2881862,1.3986679,0.26085547,1.4623052,1.1171956,0.5775024,0.7229117,2.4760857,1.2351788,0.48620215,0.92342705,1.2242285,0.08934316,4.1332393,0.962646,0.8321294,0.35269374,0.1724186,2.4976387,0.25967667,0.71698695,0.98267853,6.083945,2.1365337,3.2159026,1.4896897,0.44621634,0.43565756,0.53206706,0.45147347,0.36422792,0.2271482,0.16034365,1.0551345,2.22138,all_pothole_images\pothole_images_new_image_639.jpg
0.7803922,0.8235148,0.10600362,1.985666,0.94787407,0.65465087,0.5213298,0.07674185,0.44874743,0.4885717,0.60927093,0.9260031,0.15118861,0.6541594,0.1479923,0.712032,0.08475953,0.77788794,0.4978594,0.053923957,0.21866451,2.530227,0.62484026,0.60734683,0.97979265,0.6823009,0.4241973,2.908411,0.027135832,0.0005677899,1.2768586,0.39119324,0.008421786,0.91447407,0.30668297,1.027953,0.0047168285,0.7888766,1.1668123,0.36593112,0.11493638,0.0,0.26570234,0.8061255,0.25291568,1.4639056,0.07566792,0.14344357,0.0,0.5809658,0.5458693,0.98077124,0.34234604,0.026917983,0.10763895,1.4429797,1.2810173,0.3335294,0.028423065,0.06282358,0.613906,0.18489069,0.89219147,0.08101001,2.0390248,2.2085772,0.46108288,0.12202674,0.396573,0.12925027,0.099183895,0.05465524,1.0713863,0.11215268,0.08851269,0.058094278,0.023006117,0.85817975,0.4961589,0.19626524,0.39259872,0.02950459,0.031871233,2.0455294,0.58509976,0.1972522,0.018137407,0.032160565,2.0403087,0.13819142,0.2915391,0.082150966,0.25204924,0.12353215,0.013885468,0.021632783,2.1787894,0.96080285,0.6126566,1.2576276,0.019635173,2.616028,0.17974812,0.5651884,0.8438398,0.19622555,0.8530567,1.390108,0.26463687,0.0089459075,0.07347332,0.2523121,0.6867132,0.82321155,0.23203805,0.2886465,1.6329364,0.57425416,0.53544563,1.0789909,3.979775,0.28738448,0.28414443,1.261395,0.51349115,0.11017299,0.24436048,0.6455204,0.756265,0.7135441,0.2046863,0.05985925,0.48345098,0.3293349,0.10170979,0.72351646,0.69955504,1.2761685,0.80547357,0.12510228,0.21335395,0.16819635,0.4114904,1.1132337,0.46584055,0.76260483,0.14991604,1.7220398,0.24959596,0.11746553,0.9302761,0.903448,0.0,1.1288855,0.42566568,0.03046587,0.457898,0.0,0.10551028,1.0534978,3.119975,1.2692298,0.00016074332,2.2364125,0.076035365,0.65125906,0.38188228,0.52927935,1.0819405,1.4269334,0.03671842,0.22365806,0.09753857,0.012228743,0.6152426,0.03708304,0.25560662,0.057486087,0.06363581,0.012441195,0.23089965,1.9582443,0.6419559,1.3340688,1.9464091,0.8236079,0.46545514,1.6072245,0.91689175,0.07152629,0.0,0.5673335,0.006270755,1.129706,0.8096589,0.09724996,0.53655124,0.12737994,0.19293037,1.1478401,0.2710198,2.165686,2.193254,0.50645,1.6410639,0.45395303,0.1462667,0.67959756,0.47637793,0.2925497,0.017633656,0.0,0.96867096,0.12288091,2.0495086,1.879437,0.31244498,0.23417641,0.64107394,0.004744146,0.9443835,0.56523615,1.3466479,0.20219499,0.14387766,0.6140143,3.7993422,0.0679416,0.76048774,0.2390294,0.3265111,0.8707817,0.14639013,0.05753341,0.6581849,0.13793911,3.543852,0.07809443,0.45664063,1.0979499,0.23423591,0.055453315,0.89269084,0.16934314,0.9024898,0.0,0.06722191,0.5829212,0.042943798,3.4056797,2.8071089,0.2274846,0.23070742,0.8041468,0.08190085,0.005659318,0.2925911,0.6454898,0.48197842,0.6911958,0.27145645,0.03878664,0.42606345,0.4511293,0.21353322,0.26045728,1.9765469,0.41387805,1.1986383,0.051410176,0.04112556,0.39301115,0.09674557,0.38953608,2.0485473,1.336132,0.6470482,1.1089615,0.859399,1.1064361,1.9958519,0.051171485,1.8732047,0.9929821,0.22168314,0.88553244,0.5557226,0.7221823,1.6165525,0.6249973,0.11151066,0.043722924,0.12949206,0.44278997,0.29906526,0.077126645,0.26255614,0.6442761,0.12527388,1.6231611,0.6340719,1.0808808,0.058424443,0.7202777,3.5775707,0.54724705,0.29004607,0.37549004,0.08836115,1.207458,0.28222224,1.3075944,1.5666217,1.5513287,0.9410696,0.59700936,0.0055962447,1.9125957,1.6358095,0.117596805,1.0149965,0.14345106,0.8838018,0.0,0.75965226,0.24118859,0.502122,0.052960902,0.23852742,0.6462308,2.2269034,0.4230409,0.44390607,0.3253644,0.07087796,0.45269015,1.0670094,1.3709524,1.3182048,0.82129997,0.16361281,0.03658976,1.1197695,1.3734177,0.63880813,0.17785835,0.22930142,0.35001427,0.45117548,0.08147461,0.3663709,0.24406299,0.5999041,0.47821248,0.13553059,0.29614267,0.24030747,1.4465431,0.52359724,0.10367166,0.5546009,0.26413134,2.243293,0.6429603,0.08990298,0.0,3.2397416,0.17197375,0.25242704,0.13716547,1.8786179,0.29605806,0.44558156,0.19290042,0.018902719,0.013669328,0.017916495,0.20713712,1.9116155,0.068654194,0.22941272,0.09882259,0.08824019,0.073611066,3.0980082,0.24135536,0.8156063,0.022909224,0.0,1.2215208,1.21277,0.5295269,0.21324433,0.116812944,0.17310679,0.1695497,0.5390938,0.03140041,0.12854636,0.094043165,2.9415987,0.6636981,1.2699215,0.7354215,0.3847514,0.42412096,0.39214495,0.95593655,0.41147196,0.0,0.66649425,0.21175979,0.07557398,0.19649914,0.48234612,0.2889656,0.10128463,0.8397235,0.35828826,0.0,2.429713,0.1075266,0.77140856,1.605721,1.1313573,0.306535,1.0076692,0.8713532,0.09511833,1.3129948,1.1312592,0.11067796,0.9004077,0.7456666,0.28862292,3.2651503,0.75409913,0.5109662,0.060402527,0.6036731,0.6195811,0.9759619,0.15696391,1.5003511,0.42269662,0.003634723,1.6201085,0.3168753,0.02213906,0.27885324,2.5337791,0.13647489,0.4249349,1.0250548,0.43977115,0.8898189,0.05516728,0.24186142,0.3134187,0.73346496,1.251029,0.22399084,0.25222197,0.15517794,0.6599636,0.510588,0.25366315,0.030148143,0.4989472,0.1479596,0.93607676,0.16935064,0.52371377,0.35067463,0.41656002,0.0035206247,0.717838,0.75436896,1.6406199,0.103862666,0.20556822,4.755378,1.4995759,0.13835849,0.0,1.0536926,0.006215404,0.0101543665,0.80085665,0.3826746,0.0071629942,1.2510908,0.06535909,0.13856141,1.2746271,0.31899753,0.3920237,0.06259004,0.035436604,0.5565176,0.77815115,2.5098352,1.3045187,0.09041335,0.6717413,0.8515807,0.7498619,0.0,0.3561792,0.65741867,0.26521814,0.7439941,all_pothole_images\pothole_images_new_image_64.jpg
0.5496864,4.06875,1.7926196,0.9860886,1.1876523,1.1283002,0.24339387,1.5192927,1.4063141,2.2340062,0.16482951,0.25663,0.96398145,1.1400421,1.7011769,1.1007153,0.40977788,0.24578151,1.0022972,1.5150361,0.6270935,2.2734642,0.21196234,1.7713401,0.718506,0.95077974,0.6557445,0.63296103,0.8503238,1.112005,0.4928825,0.31328544,1.0920938,0.25511757,0.5371441,0.23870915,0.06857215,0.35290858,0.104497924,0.714317,1.1540014,0.279657,0.7522508,0.5436554,0.8243498,0.24394044,0.9937203,0.20197976,0.9572159,0.108986996,0.40003437,0.28735515,2.4428453,1.2590333,0.098966405,1.3441503,1.6851486,0.46452886,1.4333304,0.6165453,0.9863922,1.8698543,0.95498466,0.122445494,0.0,0.5864876,1.3519715,1.2245816,0.6422882,1.5233848,0.07803409,0.8829173,1.0208337,0.60820246,0.4548333,1.4639766,1.0943016,0.9618186,1.0157284,0.34189534,1.0856588,0.5497926,0.8405515,1.3418131,0.60884815,0.050209925,0.7333675,0.1572796,4.5915246,0.38165605,0.7335557,0.37428072,0.7010194,0.5821674,0.8964806,0.7545605,1.763653,4.306306,0.4358912,2.3327823,0.46778566,2.5194933,0.5955322,0.15585111,0.2567284,0.60609615,0.4829958,0.3155028,0.028930714,1.0645636,1.8181119,3.7572072,0.20174058,0.007889388,0.16383216,1.533356,1.2686177,0.36683813,1.6229721,1.2668403,1.2642938,0.99173564,1.3761435,3.0153477,0.8306258,0.91739714,0.20902173,0.41089723,0.012818922,1.0556142,0.22423986,0.12186439,0.7367379,1.4200277,0.28406987,0.48529497,0.057712574,0.92620575,3.1015813,1.76683,0.4510684,0.8360334,0.31696498,0.8261938,1.3535011,0.13447705,1.5688019,0.54846567,0.18344602,2.864437,0.67716295,0.35905904,0.8549958,0.49795273,1.2895405,0.51343966,0.4830471,1.0100185,0.45255092,1.525002,0.11870875,0.46319672,0.32877377,0.4545323,0.7431798,0.48071647,0.5286909,0.6783433,0.6055372,0.4420598,0.30369648,0.25684965,1.0988057,0.8963956,0.6117292,0.27051073,1.5233049,0.08373516,0.91682523,0.6958338,1.3318753,0.7551455,1.2783002,2.0029461,3.621557,1.3775086,2.297534,1.3226433,1.9711304,1.7018313,0.36808762,0.4686871,0.0,1.888376,1.7444342,0.93620366,0.47512373,0.6107472,0.8798158,1.245218,0.22322032,2.0038319,0.5659296,0.020000571,0.28258455,0.42762315,0.11707078,0.7133222,0.22801457,0.56235194,0.45265722,1.2889588,2.9173625,3.6073437,0.841902,1.2983136,0.6607426,0.09036904,2.0280845,0.005614635,0.81767285,0.16480537,0.43757007,0.54484963,0.7777101,0.34065136,1.1494049,1.2002349,0.50317824,1.3565089,1.1505342,0.71992135,0.79801506,0.57693875,1.1003329,0.1375053,0.8540638,0.06189164,0.6583296,0.0,0.17260668,0.17912565,0.15626775,0.337854,0.13535576,0.020246508,1.0005842,0.02820578,1.3639919,1.4305743,0.5452319,0.0835291,1.144394,0.67525125,0.34757373,0.8830699,2.018773,0.17411391,1.7053044,1.6564457,0.63462687,1.786603,1.3457718,0.78015375,0.31090817,0.6025427,0.37302148,0.79737806,0.8230208,0.5379135,0.3240289,0.13820209,0.2021671,0.94512516,0.7817098,0.5533343,1.8393862,1.4619666,0.43683487,0.58749795,0.08416497,0.6184561,0.77157116,0.48401198,0.886156,0.7324703,1.3460093,2.3109043,1.2229378,0.070725694,2.0163379,1.7444146,1.4662356,0.28795138,0.028315166,0.57326245,1.3986598,0.042539056,1.2994051,0.40442872,0.20967638,0.60533494,0.7115146,0.99757004,4.024667,1.4512544,0.21778339,1.3792486,2.3026662,0.16285454,0.25202182,1.3508861,4.449857,0.11742369,0.032569632,0.8697178,1.2012825,1.4497524,0.54655224,0.39228532,0.4660419,1.1622813,0.13592078,0.62589335,1.8437685,1.185239,0.6388996,1.8412733,1.2838664,1.097044,2.8830602,0.40372723,1.0020458,1.076108,0.69610316,1.6520952,1.8628535,1.83557,0.6622514,1.7089849,1.3939794,1.0932077,1.0274298,0.0028382463,0.8865435,0.10913221,0.15260091,0.0021145558,1.2402502,0.5980114,1.3105454,0.4690593,2.960302,0.48824635,0.386606,1.6362382,0.4769677,0.30073282,1.3224713,0.8607651,0.55661225,0.00030213714,0.8427767,0.08492312,0.20833747,1.2681193,0.1957861,0.9032463,0.42690447,0.23290788,0.80631983,0.58179796,1.2896271,0.7681542,1.1305397,1.2392845,0.42487848,0.13741526,1.4811442,1.2407428,0.6956431,2.147218,1.3104901,0.42041755,4.274628,0.305451,2.2331786,0.31912503,1.3228406,3.021101,2.2589211,1.0826453,0.031336606,0.62707895,0.1664317,0.0025050982,0.71926665,0.6837713,0.8827734,0.121395186,0.9777922,0.5741819,0.53425825,1.2452123,0.099109374,1.1039022,1.1359152,0.4251694,0.7670123,0.110262476,0.9935444,0.9384616,0.3028469,0.12869392,0.94160944,0.3539337,2.6857464,0.26885265,0.43771294,0.83158314,0.8061732,0.17871557,3.1592956,1.131895,1.5207317,2.1464431,3.3494232,1.3616171,2.2280111,0.1624095,0.338307,0.7161896,0.7460875,0.24544208,0.89398605,3.9569085,1.4032265,0.15338802,1.232357,0.87951267,0.906276,0.910066,0.23719308,0.24862903,1.3076793,1.9109894,2.7423139,1.8762428,1.0041788,1.2594767,0.02188063,1.6293606,2.2098408,0.34283784,0.89469534,1.3377957,0.8997557,1.0360745,0.13074172,1.7125406,1.5439478,0.33936843,1.0059083,1.8058356,1.235403,2.0911999,0.5495398,0.6594747,2.0298724,2.3356552,1.0426149,0.526349,1.2619442,0.22490555,0.3278136,0.38280463,0.39946738,0.551061,0.8704759,0.77803457,2.1848779,2.4521334,0.7423852,0.9507806,0.1357882,0.5420575,2.032646,0.28625172,1.0450647,0.01398947,0.66845226,3.4212503,0.3508554,0.36631027,0.24535617,0.57952267,1.1544511,0.26804924,0.60538304,0.027959373,0.9433524,1.7183329,2.2732055,1.6632522,1.8026842,0.51757735,0.8314517,1.4795369,0.9470274,1.723519,1.4443371,0.5348588,all_pothole_images\pothole_images_new_image_640.jpg
0.55109054,0.84076756,0.759222,1.9860283,0.16727565,0.016987244,0.32162997,0.0,0.6170932,0.014054725,0.17650421,0.24939379,0.0,0.79903924,0.017299918,0.13924226,0.0010869679,0.23169291,0.4646411,0.6138736,0.7545555,0.3762562,0.5972839,1.2115623,0.42747885,0.08240293,0.48241252,2.2372262,0.08014495,0.11317451,0.39689067,0.19926818,0.094618484,2.358992,0.8707996,0.3988264,0.932498,0.8561868,0.54823726,0.037704535,0.028167957,0.19452702,0.48154518,0.27632508,0.34936547,0.25388217,0.42430413,0.68932635,0.024845436,0.05512712,0.20815986,0.081017874,0.053963058,0.009337545,0.39514875,0.30542424,0.7071246,0.112526976,0.029838664,0.432059,0.0067387186,0.12083912,0.6835195,0.39517477,0.3334302,0.5083513,0.28726378,0.013026446,0.2346805,0.15500541,0.5914517,0.46221775,0.17694151,0.032841656,0.1308787,0.00030125212,0.24459414,0.41808802,0.09113834,1.108197,0.1012661,0.2598323,0.27278134,2.487321,0.30303824,0.0471103,0.20206256,0.1105,1.1430303,0.13582923,0.48369712,0.036032133,0.0044557317,0.8364157,0.6691984,0.0,0.7369513,0.5788546,0.59044254,0.25146395,0.40808994,0.50938106,0.15181597,0.24893254,0.717482,0.060200144,0.51962656,0.07528631,0.6020892,0.7949331,0.024804266,0.4288708,0.058458302,0.63362586,0.29125234,0.01402989,0.0005691302,0.11439527,0.9767772,0.34153715,0.5515138,0.07497725,0.70749843,0.006691309,0.29132646,0.062496554,0.0125956675,0.00707862,0.02117154,0.066703685,1.8125682,0.23809421,0.11790655,0.043671694,0.15790133,0.10916867,0.07328651,0.23489286,0.05739092,0.07690105,0.86087865,0.84558743,0.04266617,0.5106879,0.069136664,0.6477003,0.015517283,0.06399893,0.4730075,0.5357584,0.07507599,0.9837193,0.28248838,0.06289313,0.32915345,0.5045381,0.45078966,0.36215407,1.1711956,0.40135154,0.72528666,0.74175644,0.30526006,0.29965162,0.03151761,0.16894546,0.5551783,0.0052902526,1.1492747,1.5502194,0.12085654,0.09081196,0.03996934,0.039477736,0.06383092,0.38940725,0.48716077,0.036818232,0.22076482,0.5195817,0.19949573,0.5319315,0.068172745,1.7362906,1.6381776,0.31658617,0.029762609,0.13847993,0.46976522,0.5666125,0.10528701,0.19629571,0.20883803,0.5071004,0.62583876,0.40815696,0.1353541,0.13944735,1.2290179,0.08638723,1.2615726,0.06411103,0.17411889,0.21705452,0.3025186,0.4541376,0.64352673,0.012532675,0.8178411,0.77689546,0.0,0.38402328,0.55221343,0.2257269,0.74437714,0.390232,0.057662074,0.0075886515,0.16357219,0.0922825,0.8106638,0.09906226,0.73962283,0.08656631,0.11505163,0.05797483,0.6289531,0.0,3.3585675,0.31506205,0.3727448,0.049391825,0.8383645,0.2174068,0.07639368,0.061892398,1.08,0.094824284,0.3985137,1.8290792,0.17867509,0.22866783,0.004210695,0.015475512,0.07255002,0.0,0.2572986,0.014911234,0.36180183,4.836099,0.47855595,0.16521247,0.0,0.046153888,0.07824416,0.029373657,0.49260363,0.5227269,0.044154793,1.1169726,0.8560707,0.53405255,0.19126016,0.16972122,0.013323095,0.020600796,0.6097351,0.117260724,0.94700354,0.3105956,0.22537372,0.0,0.096973106,0.0463279,0.24805187,0.6789943,0.21519537,0.0012387837,0.44829667,0.20819665,0.35693035,0.15138222,0.45317727,0.10975417,0.18065639,0.055432472,0.1945667,0.665905,0.033795048,0.047278315,0.03763609,0.032874044,0.0,0.076493084,0.375698,0.47020316,0.47133452,0.12176521,0.445885,2.7156136,0.81401217,0.28153902,0.2927208,0.06923546,2.5897167,0.21363692,0.1491505,0.2055008,0.08428926,0.09149278,0.101342045,0.37408274,1.8102363,1.5795726,0.7329357,0.22027428,0.09452878,1.1167035,4.1006446,0.3071015,0.27792522,0.098973654,0.50409454,0.37817985,0.121351145,0.3202636,0.8800575,0.5109614,0.30916947,0.11075075,1.0856274,0.10063754,0.25932527,0.121129446,0.32431737,0.0,2.1026757,0.358992,0.38954723,0.7487654,0.5343172,0.0773946,1.9729906,1.1207714,0.34010422,0.22357549,0.62070376,0.5341434,0.012122997,1.2325443,0.0049328147,0.0,0.0,0.079663955,0.04224552,0.08126388,0.50083834,1.1633127,0.005304872,0.40837404,0.7318569,0.27504042,0.14091603,0.2310861,0.050768256,0.0,0.77979887,0.8703378,0.3196351,0.16171607,0.48422247,0.063842624,0.9881869,0.2397397,0.009414303,0.34705353,0.01105232,0.11471914,0.67839175,0.10852582,0.7633564,0.033946157,0.058177028,0.65123236,2.1557262,0.0,1.5224818,0.0509281,0.22968923,1.0020312,0.03299864,0.0029174052,0.06855969,0.9224828,0.16837025,0.23791094,0.11985335,0.089098714,0.50947624,0.7882704,0.46020982,0.61030424,0.17527321,0.10111622,0.36959577,0.2098448,1.6582028,0.28798035,0.32585055,0.15216917,0.004454822,0.0,0.044932935,0.31484786,0.22078618,0.22914279,0.26071,0.99232525,0.5050749,0.0,0.45439422,0.0017816573,0.104428604,0.8153966,0.4097416,0.60076296,0.013816414,0.0077382424,0.29392618,0.30460733,0.14545202,0.47963944,0.23975718,0.44129008,0.11496894,0.25337347,0.76631194,0.08148706,0.24144161,0.027238948,0.68442434,0.014988364,0.002446836,0.2110902,0.051880553,0.0,0.30238795,0.07921664,0.43995088,0.44122228,1.8932302,0.85440016,0.69144005,0.4198708,0.04305082,0.38904655,0.4829743,0.0,0.045627866,0.23454577,1.104999,0.3336857,0.3230813,0.13702986,0.41033173,0.28228313,0.0,0.069180846,0.2832888,0.18515779,0.7454479,0.20944718,0.17865303,0.307531,0.7765513,0.22631611,0.21459052,1.0115036,0.6131476,0.45382965,0.025906859,0.52265483,0.66622424,0.030834202,0.3005083,0.7369876,0.21348459,0.015653633,0.6136264,0.13071011,0.118867695,1.2313684,0.10921101,0.27613783,0.006059615,0.031029671,0.18943164,0.53827953,0.0013218444,0.0051671406,0.45708153,1.6354482,0.40556914,0.12285193,0.0,1.0999618,0.7787331,0.32939458,0.24342467,0.8037142,0.0,0.05675989,all_pothole_images\pothole_images_new_image_641.jpg
1.3774658,0.79182357,0.6895064,0.93090725,0.6307411,0.66257155,0.022627093,0.631172,0.9562999,0.106844634,2.57529,0.89412594,0.040210176,3.4436707,0.33583748,0.6454324,0.0035024479,0.12938355,0.3615935,1.5294211,0.50668865,0.2605838,0.7117901,0.84073526,0.46781278,0.09842547,1.2412314,1.153828,1.6560167,0.23061666,0.07259424,1.3026884,0.0022571194,0.5991955,0.6047339,0.6337681,1.0207158,1.9473248,2.7928073,0.057846785,1.1807727,0.7592398,0.66716874,1.9979165,1.7871332,0.08670074,0.962821,0.55444366,0.18142799,0.09568266,0.34362552,1.5856696,1.0352159,2.7498536,2.7019107,0.3991562,2.7836397,0.0,0.16690479,0.9327929,0.034548607,2.4280674,0.83469325,1.3430598,0.28785187,0.32379156,0.5085555,1.3269798,0.6431213,1.359816,2.1712282,1.3710498,1.3812958,0.6200064,0.7620535,0.0068161786,1.8259562,0.44554386,0.03533613,5.4250813,0.005389442,0.7545147,1.9544154,3.992604,1.0382564,3.4121835,0.84979373,0.05429307,0.04548985,1.3943229,0.5835724,0.69044787,0.0,0.9892944,0.22386579,0.4892341,0.23987706,0.40749592,0.58358586,0.39689228,3.0655878,0.8050566,0.37008882,0.1659006,0.9626557,1.9284071,0.015113867,0.8331531,2.6099858,1.9702494,0.011219665,1.998991,0.03724779,0.38367295,0.066103,0.0059005152,1.1684744,1.247575,0.73625493,0.001664725,1.8790934,1.6592245,0.2587434,0.059985675,2.2719808,0.6407058,0.581737,2.6690292,3.4159205,0.13093995,0.9155892,1.121259,5.6825385,0.9187742,0.19506994,0.036390647,0.3157673,0.53557646,0.054439966,1.4488416,0.1078481,0.01839377,1.3259861,0.0,0.6241471,1.7729269,1.2640632,0.64474654,0.8843226,0.63889676,0.21126354,0.54168403,0.3158964,0.10177716,0.08824702,0.093612105,0.017764622,1.0668132,0.31304675,0.09689041,0.650915,0.3586791,1.360043,0.16862942,1.0685396,0.05010456,1.9471903,0.4688693,0.06165653,1.9845964,2.2661586,1.993923,0.9795208,1.5572903,1.1094432,0.27774817,0.03885444,0.10209523,1.8562862,0.9573766,1.2242663,3.7545812,2.4938698,0.89414984,1.4483477,0.14336616,1.0052295,1.1412091,0.9312781,2.2161992,0.6332374,2.2729402,0.15576817,2.0091019,1.593892,1.1327796,0.58907086,1.0521427,0.8922527,0.08809465,2.0772774,1.8659484,2.6334038,0.42742974,1.2640542,0.06275255,1.2139271,0.000689844,1.3042547,1.0676363,0.7395086,1.1309143,0.7330348,0.10808601,1.9186124,0.26387793,1.1967841,0.62964046,0.31972834,1.2394152,0.3043758,0.57535464,0.0487173,0.063628875,1.838472,0.010304829,1.8323982,0.15875737,3.9455142,0.6078366,1.8662584,0.07272073,1.6095402,1.8267095,0.5683742,0.9137671,1.68222,0.5007955,0.064443655,1.5284908,0.13492574,2.3122838,0.39470163,0.16295336,2.6924899,0.0,0.63793415,0.04174464,1.6437552,2.0045018,0.03125592,0.71978414,1.7417724,0.2477728,0.8900065,0.81231713,1.0304527,0.30564725,0.20220885,0.61943,0.05342041,0.8965203,0.7344505,2.297387,0.35680273,2.0942001,1.8142667,2.3831034,0.3892825,0.020338139,0.46855468,3.3994305,1.1517924,0.999515,0.5074555,0.30088902,0.16801652,0.4420169,0.050406884,0.0029159102,0.5195066,0.9758452,0.12666559,0.12767927,1.1789719,0.09374879,0.8475973,1.1181834,0.0059864144,0.32124564,0.45350328,0.5664068,0.65816754,0.24503262,4.317209,0.1504751,0.6442563,0.42639828,0.6229512,0.16179357,0.83628416,0.8134991,0.8141711,0.51036555,7.69486,2.7552557,0.27255654,0.13189192,1.0839049,0.13103385,0.21413372,1.3070145,0.10414777,0.9553935,1.0512575,0.6522058,0.35906768,0.7361539,1.1877764,0.07161524,0.42648214,1.3764261,0.28773755,0.017757608,1.5876988,1.8808012,1.4777778,0.05491591,0.9807314,2.512559,0.11443504,0.46743056,1.7692873,0.36055085,0.2100296,0.4875412,1.5510266,0.22613122,0.8603657,1.0475125,0.0734402,1.4288452,0.7809734,0.75097907,2.4912152,0.7541027,1.1326749,0.89558923,0.12723342,1.1143525,0.0,0.2009895,0.6907249,0.42618102,3.0952346,1.7477312,1.1891011,0.7585312,0.6131369,0.24221696,0.7380717,2.433175,0.4099153,0.55627453,1.1430894,0.85667986,0.7351423,0.17748122,0.46485534,1.1837733,2.494113,0.81869084,0.12279051,0.8089472,1.5211437,0.4734725,0.7258713,0.1427541,0.13810691,5.646542,0.10115573,0.012856537,1.2182335,1.451397,1.2214051,1.0254005,0.11497095,0.18225428,1.414234,0.50672275,0.48742938,0.20947254,0.04573473,1.5069935,0.7016979,1.90749,0.0056755627,2.248884,3.381687,0.3488683,1.0708872,1.4919932,1.3615806,0.4270594,0.025160793,0.5115993,0.28102505,0.30465895,0.07601701,0.081181,0.20081462,0.12644497,0.74651396,2.7609203,0.4325198,0.027093459,2.0993924,3.3067434,1.3549229,3.7960463,0.36937293,0.2866019,0.7686303,1.7816315,0.14160919,0.0020849032,1.543613,0.48682177,1.3516365,0.14499412,0.032750245,3.207068,0.120938666,0.29411784,0.40899697,2.3161187,0.12398253,0.013824563,3.4200017,0.5030216,1.9902066,0.10899026,0.17498909,0.104859166,1.2957608,0.62002194,0.36155853,0.0,4.077432,1.5572541,1.3307498,1.5128454,0.17271984,0.64070064,0.70474803,3.9284256,0.77990097,0.32912692,0.0070929597,0.16327056,0.96851057,2.8927062,0.24504311,0.035729088,0.72079265,2.105074,4.0565968,0.10371453,0.30823836,1.9700924,0.81084836,1.1424626,1.2893443,0.99707544,0.009870057,0.1745367,4.35278,1.062498,1.7701173,0.016347097,0.21606885,4.186349,1.6826475,0.1313699,1.0617574,0.13057105,0.75848424,1.564224,0.7266063,0.1014227,1.6597472,1.9765866,0.21141179,0.4682206,1.0702784,0.9552039,0.14498027,2.4703674,0.7463136,1.0292747,0.05277106,0.9614239,0.6331768,0.2589673,0.5703981,1.2805349,1.1326418,0.18660717,0.18836558,0.2230174,3.2631125,0.8298773,all_pothole_images\pothole_images_new_image_642.jpg
0.52913564,1.8051583,0.42498532,1.6637462,1.0284942,0.12209985,1.1187354,0.653997,0.37224507,1.3468666,0.74784017,0.7730611,0.34041163,0.88301903,0.43506867,0.32779565,0.70471096,0.59585327,1.758109,0.576961,1.0616256,1.2652048,0.14978006,0.6667468,0.5769229,0.64362425,0.20445524,4.727192,0.7837767,0.18066978,0.4296105,0.18631108,0.95027834,3.2612863,0.12118498,2.1492484,0.3756806,0.36555335,0.060869463,1.6114726,0.041302364,0.0018273355,0.25490814,4.0832276,0.16071267,0.33974302,0.3142266,0.19582585,0.71315235,0.8560448,0.2540881,1.5006716,0.5276433,0.3832154,0.05331245,1.8913698,0.2730755,0.42347378,0.8622803,0.07036215,1.0558326,0.3710718,0.394602,0.69531,1.1412644,0.41272166,0.40081468,0.5855191,0.10873509,0.7934868,0.30128616,0.3368173,0.1358191,0.682827,0.31014618,0.38758302,1.2794843,1.357989,0.23796014,0.18021782,1.4395808,0.17121877,0.074716076,0.8540863,0.26107106,0.8738735,0.14757425,0.08302514,1.4057477,0.45524192,0.15072565,0.013606194,0.3547576,0.1910983,0.21453944,0.3666362,0.9351514,0.823405,0.6119624,0.14902878,0.012856124,2.7973533,0.3162449,0.79226637,0.4317159,0.30039176,0.86234033,0.46825555,0.572029,0.751912,0.33948663,1.5463564,0.57208353,0.5796358,1.1266934,1.1884686,0.8922893,1.612162,0.06349505,1.0094159,1.68259,0.34482726,0.59513307,0.39977366,1.0570945,0.810272,1.4634773,0.5041767,0.73301476,0.1308584,0.66641396,0.25949815,0.121313274,0.6591001,1.2496195,2.1965363,0.6437056,0.89150083,0.6212797,0.18277782,0.14130798,0.0,0.34254524,1.2728989,1.6575764,1.2456856,0.2243262,0.47055224,0.22442642,0.22992809,2.4816856,0.39872575,0.14180385,0.23567632,0.61765337,0.67959887,2.0277946,0.15540574,0.55102724,1.7173295,0.5484635,1.9258697,0.62345624,3.0283682,0.23354852,1.0356816,1.1175867,0.88231456,0.6920624,1.504293,1.0143421,0.83883756,1.0569187,0.7516429,0.37407097,0.74313,0.73949975,0.46577787,0.08794677,1.3724713,0.17113145,1.8162128,2.7972322,0.98445934,0.8763602,0.9055739,0.043871783,0.7104314,1.1161859,1.7903516,1.3089775,0.055576522,0.4492199,1.090745,0.91287667,0.29394013,1.2222862,0.16135506,0.060124543,0.31450844,0.6569548,0.46858642,1.6499605,0.4426715,0.50436866,0.33275136,1.0790125,0.20687465,0.52191865,0.09588776,0.34998554,0.37200966,1.193436,0.7333999,1.2018514,2.5759869,0.9691765,0.020120373,1.6422045,0.24172467,1.7742637,0.18247007,0.59232676,0.65406656,0.11339141,0.6472271,0.25295258,0.9123338,0.9353036,0.7996907,0.0806305,0.74980676,1.1045668,0.60202175,1.0485073,0.21720842,1.7250526,0.65839905,0.14934832,0.4492077,0.70409656,0.2777952,0.5580167,0.060534798,1.0468782,0.049811468,0.82897824,0.17539431,0.8210206,3.2192059,0.7527246,0.74082315,0.15427954,0.5149775,0.99789315,0.97823715,0.35875276,0.1193408,0.2383025,3.2193131,0.12604521,0.8005829,0.5329077,0.0011230476,0.12945467,0.5147318,0.8040147,0.45254827,1.7437049,0.49031195,0.27261937,0.045500975,0.42219606,0.63090575,0.3139544,0.5391157,0.032192264,1.1499794,0.926719,1.003239,1.6498053,0.770882,1.3717555,0.20228793,0.6497805,0.26939723,1.5684851,0.48177832,1.7605535,0.21401294,1.2567016,0.9946416,0.55972964,0.223012,0.18835965,0.7252564,0.2761587,0.45513257,0.87340885,2.058771,0.87668455,2.827556,0.73278373,0.9891851,3.6155884,0.030316442,0.9000112,0.13614197,0.29064697,1.2954856,0.7091133,0.8578599,1.0544741,1.718035,0.45484442,0.3700211,0.6055501,1.4134109,2.6874352,0.65264165,1.349874,0.49944168,0.8999711,1.4288551,0.29563084,1.8829453,0.4496406,0.38196614,1.1792325,0.27605915,1.5348562,0.0846096,0.17012163,0.18917067,0.37376288,0.82574445,0.6676003,0.82562923,0.38349408,2.0360577,0.8684508,0.55159044,0.4177616,1.5302455,0.6790362,0.33928838,0.75669634,0.91987956,0.25253943,0.0021992517,0.8572798,0.17143728,0.9888897,0.87519866,0.18676251,0.13879783,0.065803595,0.14534308,0.3878468,0.43083876,0.09568942,0.86469036,1.2127159,0.98100024,0.13079667,0.037210926,1.4617994,1.6055588,0.26672655,1.0806121,0.9434138,0.055211734,0.8652222,0.3085976,0.6966877,0.22748826,0.37341988,0.10701829,0.2722578,0.54559046,1.1334177,0.48458087,0.14520256,0.8965305,0.8060913,1.4848132,2.551222,0.33411998,0.3108199,0.6579793,1.4310656,0.9558376,1.3565638,0.22021766,0.48824862,0.28426337,1.7173244,0.2173425,0.8611495,0.07332562,1.8437628,1.2389847,0.9280516,0.68556416,0.009299598,0.86142075,1.2742453,0.52676666,0.43036678,1.1180487,1.250805,1.4290925,0.37676975,1.3483145,0.15007338,0.77379686,0.80675924,0.3463877,1.729679,0.019124962,2.1799033,0.49486485,1.0256743,1.8358567,4.6701126,0.2503302,1.2383496,0.84680706,0.25916016,0.22735728,0.96608657,0.18793635,0.84075713,1.2208661,1.0948403,1.6481223,0.90077895,0.5238693,0.26465333,0.85324305,1.489417,0.47611454,0.20513944,0.5630115,0.71645,0.2715224,1.4034607,0.89597815,0.3398017,0.8724773,1.9258227,0.31790102,0.17914379,0.11691985,0.64782506,0.83591104,0.9012863,0.9835812,0.5945967,0.7517291,2.6160426,0.14968911,0.91968876,0.2704588,0.30368608,0.8588585,0.50157934,0.39503917,1.1968018,1.318886,1.2566553,0.82173264,0.15167366,0.38210604,0.81000787,0.9213527,0.7142132,1.115685,0.7532417,0.55584484,0.4846864,1.6154732,0.51080227,0.91025573,0.21726048,0.19576113,0.16152132,0.7200223,0.02632941,0.44200185,1.1882803,1.2762192,0.53738916,0.49072048,0.12676425,0.51019984,0.13476628,0.9039859,0.45979783,1.0097462,1.3144151,2.1474884,0.3761095,1.776533,1.3615221,1.1479161,0.6534482,0.120132096,0.28517747,0.39888486,0.019940512,0.41436723,all_pothole_images\pothole_images_new_image_643.jpg
0.0012270893,0.26304343,0.0,1.2179061,0.17568584,0.0,1.1056192,0.3964221,0.024264777,0.8899906,0.082689874,0.41420075,0.031526636,0.73941547,0.20217739,0.09968417,0.0059177717,1.3279332,1.2191799,0.5141834,0.39953917,0.79979426,0.13487443,0.23554704,0.60456043,0.64633244,0.03982171,1.2071289,0.19039841,0.0047650356,0.0,0.0,0.13313493,0.09499649,0.11456704,0.17704189,0.1292017,0.47541833,0.35282353,0.38401034,0.010206214,0.007961674,0.20733516,1.0909884,0.34239882,0.25996262,0.068832405,0.0,0.3799964,0.31465614,0.39853987,0.0038427277,0.031886116,0.031285588,0.48210812,0.9308539,3.0425289,0.35095844,0.016708218,0.0046888865,0.16419198,0.07215544,1.5137508,0.15948664,0.012837078,1.9323443,0.27062878,0.0,0.0044056484,0.56647485,0.114013396,0.17372033,0.07338913,0.06557128,0.07927357,0.16562322,0.0,0.029161008,0.024825485,1.167768,0.021417145,0.017618248,0.10829888,1.3577591,0.019388221,0.0028963382,0.0073231044,0.07740906,1.3072985,0.031724084,0.15289499,0.33700716,0.02663476,0.0,0.029529937,0.0,0.16455537,0.5728663,0.31758067,0.60978866,0.035431147,6.127848,0.056745373,0.0,0.7932539,0.19976841,0.25041667,0.12869827,0.09430103,0.05533522,0.0,0.124752276,0.14234774,0.25715357,0.43597177,0.06368203,0.25156206,0.13025014,4.070617,0.121752486,2.0159886,0.040425446,0.00095421233,0.5917003,0.7260211,0.3598969,1.2281932,0.022415603,0.27007127,0.10959162,0.03181113,0.0,0.12425865,0.37934685,0.21516185,0.00057348225,0.51823956,0.27450636,0.53297764,0.079948165,0.33865845,0.0137456115,0.3954535,0.9361702,0.17273752,0.46223223,0.005345269,0.561634,0.54116166,0.02147739,0.25995678,0.18853842,0.0,0.011831407,1.3307625,0.10190052,0.87838924,0.07871216,0.23846756,0.25214255,2.535282,1.7936478,0.3558029,0.9465943,0.38631833,0.10104265,1.53502,0.37171036,1.0639229,1.2789658,0.005877726,0.00979394,0.10604399,0.0943506,0.14306214,0.00046769867,0.106834605,0.108318366,0.00636109,0.17136955,0.19640478,0.5733598,1.9701877,0.272014,1.2980473,0.0,0.036864802,0.13851021,0.04277552,0.5254135,0.034838747,0.0036046724,0.015332094,2.3339372,0.022407033,0.46550283,0.23174414,0.0040215496,0.007883944,0.84213984,0.107534386,0.22841403,0.5541585,0.80621415,0.01872222,0.06161661,0.09386692,0.019902809,0.44809812,0.56387264,0.0,0.12480626,1.3098282,0.92435217,0.29854405,0.7607657,1.0885646,0.08695164,0.1827769,0.1609648,0.13877805,0.27349868,0.32000148,0.028991008,0.0,0.0106643755,1.5814908,0.029003529,0.382493,0.64723384,0.0025682147,0.00684731,0.4642632,0.0,0.12822238,0.068810485,1.9844114,0.0,0.0037950824,0.20679261,0.56398135,0.11308228,0.07179849,0.15093748,0.015190439,0.0009415484,0.40425962,0.2101668,0.021114616,3.3062892,4.5423484,0.0,0.20250449,0.18890129,0.0,1.390905,0.41550475,0.09611335,0.74996924,1.9534589,0.16064773,0.0018494002,0.27251995,0.20575885,5.2563104e-05,0.0022895578,0.3943647,0.0049267337,0.41138864,0.035572875,0.15152949,0.0944231,0.2350918,0.0,0.47056568,0.10449449,0.18407136,0.2753258,0.497839,0.5044121,1.2706988,0.16351312,0.29677498,0.18285154,0.09104179,0.04514055,0.27622288,0.091629155,1.3940816,0.03530002,0.016941922,0.0007908839,0.11041504,0.8446722,0.001809927,0.41768086,0.035592973,1.1559379,0.0,1.1195619,0.49682796,0.02818673,0.39535287,2.696407e-05,3.720459,0.03942582,0.055738576,0.0,0.1271376,0.543294,0.22422346,1.3003083,0.567634,0.7324293,0.45800915,0.6613231,0.020426737,1.5677241,4.6189947,0.0043828404,0.24007127,0.0,0.0702842,0.21852838,0.22757839,0.09550147,0.040783096,0.040939916,0.18948808,0.10801822,0.46624517,0.22384194,0.004004016,0.022581477,0.3248663,0.044336095,2.1598804,0.42600778,0.0025006148,0.97838885,0.37251678,0.06430925,1.1012172,1.4498553,0.955773,0.046263922,0.5853353,0.54203933,0.73678744,0.044726342,0.12359093,0.04612761,0.1419006,0.25154033,0.0025292498,0.08758397,0.010535238,1.9306602,0.20902412,0.0422246,0.25167015,0.3673407,0.22839789,0.032298017,0.035267998,0.009557351,1.6004318,0.15189914,0.1272038,0.025401363,1.4089928,0.0,0.44093224,0.005283626,0.014254898,0.1876571,0.19892731,0.0,0.22835602,0.07166363,0.08090675,0.0038514,0.0,0.16212825,2.467497,0.36516953,1.1606947,0.007456063,0.1566117,0.21716303,0.22008102,0.0074883904,0.012683006,0.15425964,0.0,0.0,0.56090117,0.09800049,0.3699775,0.2195784,0.26022622,1.1974627,0.025129814,0.689011,0.00075215846,0.111634955,7.66934e-05,0.5775047,0.2597189,0.009538461,0.0,0.07519756,0.0,0.665714,0.043817725,0.20212974,0.98977876,0.13775271,0.1201066,0.0,2.1623123,0.021246316,0.78584963,1.5538987,2.3086123,0.25556105,0.6999673,0.20402935,0.018092824,0.04058853,0.6439802,0.14700371,0.0,0.46967423,1.2219894,1.3819977,0.39849338,0.029100442,0.0,0.0045637125,0.3013951,0.0745162,0.06305193,0.036368176,0.65347505,0.013478931,0.6245467,0.38417718,0.03752187,0.7278558,0.9641009,0.07689432,0.036401954,0.027008442,0.3431085,0.67188805,0.0608422,0.13439816,0.14282088,0.70665103,1.0321317,0.004578921,0.7791219,0.10409079,0.43951207,0.055928476,0.02653793,0.07368109,0.10086608,0.2300496,0.41670063,0.9971134,0.5510766,0.28408286,0.66752326,0.055974837,0.035024937,1.0131042,0.15365672,0.02684297,0.51300645,1.3187891,0.26826409,0.026016222,0.0,0.0013910885,0.6688207,0.107368805,0.36572468,0.0,0.11725373,1.0140728,0.23186335,0.0,0.0,0.063643724,0.29410532,0.2781195,0.05061182,0.20167632,0.33311984,2.160545,0.15475301,0.0,0.0055835224,0.72796583,0.13617264,0.1047949,0.00786118,0.33254236,0.5997862,0.46474636,all_pothole_images\pothole_images_new_image_644.jpg
0.17365071,0.627625,0.38362026,2.1234918,0.8264624,0.28748986,0.32564366,0.79148316,0.4014185,0.525229,0.2741209,0.6903863,0.0019044317,1.5535635,0.529802,0.19006398,0.023893146,0.053936783,0.2905949,0.86008763,0.96936643,1.2846522,0.6388385,1.2086844,1.3273478,0.93189645,0.0040969276,2.43916,0.34322333,0.16046819,0.9869828,0.165747,1.4519618,0.25392327,0.25425053,1.0574946,0.24012803,1.3162768,0.68365663,1.4042735,0.01876209,0.020111023,0.58786947,1.7252945,0.35516053,0.084034756,0.45006916,0.07301033,0.2124369,0.37822202,0.04699873,0.2596358,0.01579666,0.0039876956,0.18906905,0.5818564,2.536878,0.022738378,0.09844926,0.02901374,0.025281757,0.08319405,1.3020332,0.6919482,0.12838309,1.9522222,0.25772727,0.43350887,0.51969624,0.16200176,0.4621814,0.29821256,0.10669311,0.35927245,0.083235905,0.2520504,0.12864923,0.961422,0.35927597,0.5101674,0.10647587,0.65872204,0.15530355,1.7001852,0.45127353,0.13178293,0.010389063,0.010538649,2.4402237,0.30665532,0.2763834,0.30642897,0.3885889,0.06836789,0.18199526,0.0076119006,0.41283166,0.620926,1.0909106,0.037094943,0.29788333,3.3563216,1.1261232,0.04947626,1.354058,0.10360848,0.93052065,0.026237186,0.5251687,0.6578769,0.08222577,1.4002744,0.3321283,0.2685252,1.0633893,0.7143522,1.0527161,0.35740218,2.1299672,1.0826204,1.7208999,0.25857309,0.15817451,0.7348089,1.5679014,0.20755605,0.04618999,0.30888793,1.2355446,0.22045875,0.30302808,0.20746778,0.06364916,0.17503929,0.42832315,0.37191474,0.024287017,0.14238894,0.6777736,0.18546799,0.56915194,0.13716452,0.09250082,0.52790576,0.023652125,0.93383396,0.15555401,1.4257693,0.4583297,0.32496795,0.20163105,0.37832355,0.18859008,0.0011346529,2.1854634,0.47206324,0.30336124,0.1026044,0.44109064,0.68473446,1.187641,0.9960739,0.14088841,2.0432327,0.59408003,0.0004884573,1.0203073,0.25992498,1.6477001,1.0660137,0.053403746,0.00090908643,0.0,0.009384662,0.66488063,0.044429604,0.42399564,0.28667086,0.0,0.28937206,0.06566153,2.460526,1.5232803,1.4905661,0.20700301,0.6745168,0.082023285,0.096117765,0.48336473,0.34911028,0.5293529,0.12183851,0.009035435,1.6007737,0.30895564,0.3726363,0.8621104,0.20114246,0.2981959,0.075452305,0.76460975,0.3930001,0.33828792,0.8975614,0.38196492,0.5454865,0.5255335,0.47697252,0.47544754,0.18126787,0.01648525,0.17653595,1.1176301,1.3779131,1.0497978,1.2726542,0.8626081,0.19863768,0.29660553,0.27673948,0.43719995,0.17756194,0.0,0.26328522,0.0,0.012637028,1.5832189,0.6953013,0.6499889,0.8528872,0.12948442,0.02836533,0.6755213,0.31748676,1.20218,0.115938745,1.9839277,0.13780378,0.3045641,0.75054604,0.82871306,0.19229974,0.44121933,0.12944107,0.07355233,0.01829795,1.3113898,0.15426213,0.98110074,4.0092983,2.7229104,0.16042407,0.4191096,0.9155943,0.22585113,1.058712,0.9198443,0.09734905,0.5316925,2.6713593,0.06137831,0.3057475,0.4515086,0.2757024,0.40278998,0.11978592,1.2491487,0.10043037,3.0092368,0.3709589,0.048370063,0.16223302,0.40258205,0.40531057,0.7501686,0.4498762,0.020316929,0.23600149,0.6739428,0.7803678,1.1047872,0.16262333,0.670547,0.3097516,0.21577866,0.9761396,0.5970804,1.2351872,1.6731528,0.05465498,0.03841619,0.14010136,0.1385723,1.5329814,0.17125438,0.0703923,0.0034252077,1.6094955,0.23661625,0.9598082,0.47654232,0.23521362,0.50768197,0.30926037,6.4683776,0.19524588,0.068691745,0.02916139,0.09490305,0.47536764,0.5466439,2.2029986,1.325935,0.7400218,0.06970406,0.23533244,0.0017673334,1.2921038,3.5566623,0.35292566,0.42186385,0.023565026,0.14252456,0.2809731,0.15284653,0.34782588,1.1065681,0.35345116,0.011404157,0.2640916,1.2910305,0.17784922,0.9392014,0.15782504,0.040358312,0.2707407,1.2369237,0.6210964,0.9108688,0.03244184,0.8915777,0.48298255,1.3513218,0.26477462,1.0390437,0.0,0.26477203,0.14529632,0.56129336,0.61630017,0.39242357,0.2367655,0.23658334,0.27701846,0.05866067,0.060110204,0.70403326,0.85984707,0.8960755,0.117746055,0.30677718,0.041499846,0.21390294,0.86485696,0.0,0.34677395,1.7463468,0.23696268,0.27245197,0.85358256,1.0282907,0.025902748,0.19032423,0.058897637,0.14200991,0.6723257,0.38812003,0.3081461,0.60516566,0.35272998,1.1426814,0.097108275,0.3093865,0.091772586,3.4485753,0.4775896,0.8930913,0.047132384,0.097626984,0.53920525,0.40524146,0.27837148,0.87731856,0.28205004,0.046752013,0.09709165,1.4379773,0.054582614,0.004312216,0.40279654,1.0428406,0.5234474,0.56704754,0.45947343,0.13639693,0.041822627,0.38529631,0.27323484,0.10542569,0.34174937,0.04370369,0.05560206,0.019758055,0.08683996,0.10000097,0.6420082,0.4309484,1.0250857,0.5722188,0.0024926425,1.6459752,1.057639,1.4332795,3.5212324,1.9260327,0.33631706,0.6799011,0.33194682,0.2379234,0.9862395,0.16414581,0.15849751,0.19216843,0.095337264,0.70904446,2.132653,0.16154693,0.12942472,0.32384747,0.20976175,0.8485627,0.13745162,0.31342012,0.45116898,0.4366866,0.26225814,1.1279197,0.18580337,0.3393119,0.05140952,1.8294959,0.74401766,0.11534949,0.81353617,0.80884784,1.032583,0.6976868,0.5941499,0.2638889,0.60093534,1.439412,0.46776292,0.41748524,0.031167163,0.74992985,0.25476515,0.014017718,0.17213702,0.2187055,0.47996777,0.77839875,0.68829113,0.33087263,0.77549493,1.2394421,0.21596426,0.548466,1.3600703,0.91787004,0.47244522,0.5331161,2.341254,1.2059846,0.16817537,0.025752991,0.5997325,1.10298,0.4755391,0.7923953,0.08965391,0.42072007,1.9683467,0.56098044,0.09347954,0.0972806,0.04358183,0.42834932,0.22634153,0.43652534,0.021218907,0.20310722,3.8316848,0.21768059,0.027692834,0.5840881,0.7371353,0.45915145,0.46225005,0.36813203,1.0230774,0.36612514,0.029752482,all_pothole_images\pothole_images_new_image_645.jpg
0.9147816,1.5567175,0.99109024,2.3503919,1.1815529,0.114694946,0.16550775,0.0,0.69115216,0.3333795,0.23157705,0.56139666,0.021907713,0.9033511,0.47444096,1.4354944,0.13466276,0.0,0.041756526,0.034361627,0.2249141,1.4213456,1.1149515,1.1316026,0.4559908,0.4472569,0.06122682,1.9035268,0.084594734,0.97091657,1.9586955,0.0406455,0.7247516,0.5674579,0.6001089,0.18695228,0.99581707,0.39505386,0.4667666,0.7087589,0.071525976,0.5862893,0.56386054,0.8491934,0.812905,0.035178628,0.23229003,0.47589958,0.15191568,0.20706235,0.44065183,0.9029414,0.24041362,0.12973359,0.005218748,0.4991575,1.0859234,0.06846344,0.09942212,0.103958465,0.0,0.29820982,0.31524774,0.41349775,0.6584803,0.30709273,0.45084968,0.023054035,0.10197763,0.01015242,0.22553831,0.03192863,0.27337945,0.298621,0.010144903,1.52228,0.3289962,0.3724677,0.0010411666,0.69511706,0.6229984,0.39914554,0.07108442,1.6918244,0.3224448,0.7749622,0.08914334,0.25063986,3.8286026,0.48735684,0.1361931,0.0,0.05001714,0.08998223,0.34352636,0.0938713,0.2879994,0.9424126,0.0426848,0.466333,0.4508603,0.9414162,0.61433446,0.84655344,1.2292264,0.0,0.05750407,0.20573075,0.34623048,1.7564775,0.020420635,2.344483,0.6954763,0.76185375,0.5636079,1.0268008,1.8432521,0.044018667,1.2153292,0.8564314,1.1541378,0.5841096,0.17488335,0.53998184,0.82799095,0.91807365,0.7050437,0.6545171,0.41339916,0.37078297,0.23074453,0.020259874,0.14305946,0.0,0.29278648,0.3093476,0.06345271,0.3519177,0.014183697,0.0021994386,0.16276176,0.7178984,0.1436299,1.448925,0.3345018,0.78106743,0.19649944,1.3024473,0.12437604,0.4817679,1.2320113,0.46594784,0.56666374,0.47633412,0.9968467,0.5927035,0.31205028,0.09923189,1.0263338,0.59705865,1.0696721,0.37581983,0.0599505,0.5900627,0.3909728,0.5700221,1.1803341,0.0,1.2823778,0.6371433,0.0,0.51752394,0.24002038,0.022031438,0.70643747,0.3725051,0.8441967,0.0,0.00726922,0.07814065,0.056188382,1.5629019,0.44562978,1.388138,1.0682102,0.1432934,0.16145547,0.28655997,0.70324033,0.4460038,0.38833764,0.5247819,0.32044822,1.7814901,0.96986353,0.15014385,0.24198131,1.8434753,0.72494274,0.4421986,0.8604775,0.17908913,0.0,0.10276423,0.09618038,0.24967547,0.89286506,0.058354933,1.8243908,0.14665347,0.33218566,0.32114878,0.54806703,1.1260256,0.90446657,1.9340886,0.3191897,0.0,1.5901495,0.043299343,2.4237657,0.0,0.18665111,1.4080415,0.4855065,0.32867664,1.4309903,1.0945672,0.91336876,0.47850633,0.2729071,0.36574686,0.38543108,0.12187236,0.42668572,0.12457588,1.8281765,0.0,0.8643067,0.21917148,0.52437574,0.015879123,0.5600907,0.5373012,0.13538125,0.018361518,0.5739569,0.033887304,0.6972562,3.2174156,0.47906074,0.20722854,0.13180625,0.030267088,0.4901339,0.0,1.2540181,0.07817493,0.56934226,2.8312087,0.6383492,0.57690823,0.8925246,0.0065022446,0.4895165,2.0873494,0.48172817,0.16344135,3.6850958,0.12211356,0.76495117,0.0,0.14852159,0.51433206,0.13004774,1.6736997,0.00579891,0.68183666,1.0233316,0.6699974,0.14074893,0.27696905,0.7758321,0.6295033,0.29170966,0.75171256,0.48108023,1.0054027,0.44980505,0.018520107,0.11054859,0.6598741,0.28694442,1.2593813,0.12360721,0.3752478,1.2369187,0.33298787,0.040570505,0.802365,0.13778222,0.25090462,0.06409491,1.516747,3.7561126,0.221158,0.3062442,0.5632886,0.4314479,0.18551117,0.41368565,1.2122087,5.828689,1.6551725,0.24794514,1.4768989,0.01197476,1.1658164,0.89022624,0.16274285,1.0038716,0.49315697,0.39940104,0.3687877,0.21119805,0.19206235,0.91460854,0.7410244,0.96346426,0.40405387,4.379161,0.12464644,0.0,0.111533776,0.105711274,0.17851883,1.4563626,0.40969405,0.80603546,0.047947444,0.6142729,0.72677183,2.1207669,0.073171526,0.38049066,0.15350991,0.23444763,0.04786217,0.25431395,0.23157279,0.044806346,0.9664959,0.3279916,0.39461643,0.14650443,0.023553995,0.3372602,0.048807025,0.283258,1.1908987,0.26911902,0.39193973,1.1854639,0.41785002,0.09163062,0.6020651,0.5572671,0.06835407,0.5606607,0.47848707,0.23323025,0.5892502,0.14162537,0.051801432,0.80240184,0.1892068,0.55382764,1.0753962,0.13614775,0.2832575,0.4725033,0.0806206,1.4230781,1.2336367,2.6065056,0.8295419,1.9523598,0.082501,0.05821801,1.5818796,0.64938504,2.0062904,0.14337973,0.025071021,0.013729104,0.7914618,1.0958613,0.24461117,0.0,0.011143902,0.9271348,0.7301619,1.1887964,1.4035823,1.0288192,0.46730453,0.53600264,0.13599402,0.07101092,0.15979439,0.71914214,0.20261224,0.71902937,0.26765636,0.03417967,0.27015218,0.40184206,0.66244197,0.71691984,0.095532686,1.2740656,0.16925147,0.8441142,1.9998131,0.75011504,0.55336607,0.9675952,0.75832736,0.5053306,0.8899514,0.48062885,0.24993962,0.38402963,0.29843518,0.12097443,3.8539464,0.6073858,0.21130608,0.3158732,1.0326583,0.8461802,0.23558226,0.11671511,0.20107117,0.120022975,0.0066702506,2.4059682,1.3461238,0.14378616,0.4274471,3.0233705,0.3273661,1.8879437,0.5624091,0.5341774,0.6438283,2.7758431,0.525364,0.14124107,1.2686247,0.8057195,0.123740435,0.29417297,0.009225773,0.6958677,0.44660708,0.11380587,0.05565145,0.35180733,1.3407918,1.2678761,0.014358552,0.061199,0.73581564,0.25603122,0.09450961,0.38287905,1.2085769,0.24377607,0.96889454,0.77063906,2.0919063,1.8490107,0.873479,0.025283942,0.65094334,1.2753036,0.6206521,0.9023759,0.2859803,0.17367335,2.3109007,0.074778795,0.0,0.0029641232,0.013818244,0.22502385,0.1720526,0.0029574865,0.16667639,0.008632145,5.3855042,0.49545786,0.7286055,0.37140557,0.98271257,0.07101103,0.49035004,0.50857264,1.1512804,0.12734021,0.2895904,all_pothole_images\pothole_images_new_image_646.jpg
0.7753415,1.8235124,0.28074175,2.615102,1.0135088,0.19080807,0.584398,0.011785293,0.07922656,0.22211216,0.3579304,0.06372916,0.922679,2.0357869,0.2396016,0.112844884,0.4399717,0.39486954,0.10478278,0.3457066,0.2500608,1.0299629,1.771007,2.5320275,0.25892866,0.19196008,0.43391442,1.0329832,0.0077998172,1.1526655,1.5326688,0.39644092,1.1732193,0.30907598,0.55054253,0.19846328,1.7411695,1.0202724,0.24806404,0.006989817,0.16835138,0.50957847,0.9808299,0.5160471,0.81016666,0.4166793,0.04219987,0.5105428,0.3316516,0.018463053,1.0229468,0.72062135,0.4898738,0.11156545,0.0,1.0788993,0.94899446,0.09446952,0.3195039,0.15799528,0.16059855,0.14630774,1.7250535,0.5068118,1.6192524,0.24919894,0.14247094,0.040996384,0.15768762,0.56794864,0.34174222,0.5758526,0.1367257,0.41113588,0.09267743,0.9164379,0.21715471,0.11636825,0.002683031,0.26267058,0.45503762,0.7085144,0.5758283,1.4481335,0.84741616,0.88180125,0.2115573,0.1576033,1.9969006,0.04461691,0.35152146,0.4367148,0.60617816,1.5660102,0.07358357,0.0063162483,1.4027172,0.19020253,0.546074,0.6451656,0.10517241,0.71010137,0.506946,0.39435437,1.2477733,0.0,0.51943904,0.3540758,0.29255965,0.81067103,0.10921734,0.4564076,1.943155,0.20884056,0.19740048,1.3873628,2.1621227,0.19792755,0.41970927,0.36453533,0.07015645,0.35072216,2.0067868,0.45313329,0.29263458,0.34340847,0.5753513,0.18815562,1.1262528,1.075712,1.8678936,0.8858644,0.5299835,0.5697741,0.8705114,1.5875708,0.4678178,0.37255082,1.7580444,0.32662275,1.5066147,0.10538607,0.023619937,2.825181,1.2282374,0.6044211,0.0076604313,0.18632749,0.40844288,0.6597369,0.120945945,0.1740123,0.21124327,0.43194497,0.62554216,0.7008997,0.16510533,0.28341433,0.027569469,0.83064497,1.7687578,0.72604495,0.22700688,0.33558705,1.5439006,0.10904123,1.5590851,1.5192672,0.86887765,0.53769964,0.8243226,0.34491342,0.030009208,0.49123082,0.7480985,0.5118694,2.4771516,0.24761096,0.3907444,0.5052516,0.013069566,0.8180707,0.9432493,0.07652758,2.8950078,0.3717807,1.1945494,0.196223,0.08179277,0.231923,0.90493727,0.6423018,0.2236768,0.79677147,0.22683221,0.13869388,0.58747053,0.7808556,0.60023344,0.99571186,0.20331404,0.7566007,0.38973406,0.7269038,0.14256573,1.3529708,0.110224485,0.69624764,0.6915482,0.1657561,0.44413432,0.4490895,0.66826737,0.975735,1.3029107,0.28240055,0.84215397,0.5562714,0.595139,0.20427395,1.3550763,0.1229168,0.5371704,0.0627315,0.0037800015,0.41209394,0.8704939,0.008448813,2.6553562,0.016843213,0.27129853,1.1273001,0.32896194,0.35160732,1.031486,0.044142794,1.9713608,1.0567017,0.7870466,0.53201824,0.24372396,0.22853746,0.5035005,0.16856326,0.29594266,0.19502065,0.7990929,0.62132037,1.2459376,4.6809416,0.3619201,0.08245795,0.5228993,0.645806,0.0025418862,0.47850934,0.85031724,0.8747342,0.045921627,2.504732,1.245258,1.881785,0.32197878,0.21366847,0.21283221,0.36496738,0.055211145,0.22757138,1.5882275,1.5980027,0.02282816,0.21690823,0.87818813,0.37057316,0.29559898,0.46248844,0.166694,0.6992128,0.89251876,0.86752176,1.1467155,0.5526367,0.43847865,0.0744814,0.32768857,0.68516564,0.11177295,1.3144101,2.1187854,0.71942115,0.22857343,0.52590406,0.06875908,0.6475939,1.0769558,0.29404587,0.47020492,0.98862004,0.17954426,0.9345403,0.08776069,0.55627507,0.0074098986,0.028611112,6.954389,0.5521296,0.14966331,0.12233897,0.2439653,0.09638022,0.23372939,0.85469985,3.220792,0.5582164,0.22690158,1.240884,0.009395651,1.1464452,2.6065187,1.0221289,0.20928688,0.55913997,0.29772082,0.6924144,0.4522999,0.35645935,2.3937483,0.57994765,0.2813624,1.073127,5.574512,0.2315585,0.37478542,0.65369725,0.6659808,0.6217862,2.383741,1.5226406,0.19443566,0.00551947,0.359475,1.1275754,0.7152817,0.18304557,0.13556905,0.06074279,0.73287284,0.19078459,0.9627883,0.6446401,0.21457495,0.43609148,0.006208766,0.16775489,0.5271801,0.00091969967,0.53027225,0.7600116,0.19273682,0.015201895,0.4026271,0.58141226,0.86817807,0.54630744,0.03149862,0.050967302,0.42331898,1.3021325,0.43655846,1.4314648,0.89744425,0.5198547,1.0974219,0.0871583,0.9092525,1.1365839,0.49593624,0.95342267,0.7941488,1.3717998,0.6649959,0.2576399,0.20434777,0.42461127,3.4806876,0.3888691,1.7635438,0.9982762,0.1946262,0.44205132,0.40706316,0.1678128,0.68886894,0.038084306,0.18052751,0.306816,0.004246995,0.89738464,0.7633566,0.29678607,1.3010193,0.66074485,0.02449527,1.4290013,0.34616235,0.13825895,0.80494636,0.24330387,1.4958851,0.35251153,0.064121485,0.56594175,0.0,0.2200856,0.24763897,1.0484574,0.080303654,1.2491622,0.03817317,0.004685963,0.6566285,0.2416949,1.0026097,0.8171914,0.09019519,2.0557952,0.081588425,3.1403472,0.9110241,0.13134673,0.1832081,0.8802667,0.047217406,0.27545288,0.027927028,1.1267047,0.33133256,0.94264466,0.5326966,0.143382,1.0910411,0.9174488,0.8403015,0.22960997,0.17762339,0.43261552,2.0593693,0.13883285,1.1395397,0.5224379,2.0923257,0.6095358,0.06101242,0.9051697,0.69722176,0.25206834,0.6248759,0.26035938,0.15570231,0.19820528,1.9424502,0.9475681,1.8668938,0.15217549,1.1559227,0.10148611,0.05516201,0.047780454,0.29900298,1.1554137,0.6774809,0.5157491,1.1600318,0.7443177,0.16887175,0.16741806,0.87803227,0.16449395,1.1914886,0.7677107,0.3120447,1.5146922,1.0546689,0.7284647,0.14481623,0.62763536,0.8615662,0.2666745,0.72369725,0.3852994,0.13035427,0.6820285,0.4108945,0.04345711,0.071592025,0.0,0.09094521,0.18424183,0.2117938,0.4171248,1.4318285,2.6249862,0.3643831,0.66798526,0.02190071,0.46988553,0.911641,0.7722415,0.048946958,1.267088,0.17265035,0.2758078,all_pothole_images\pothole_images_new_image_647.jpg
1.0738939,1.8503138,0.26150793,0.9275279,0.37693548,0.49979517,1.0378989,0.0049724816,0.028473912,0.65334344,0.2836018,0.7253976,0.30965593,1.8206896,0.6033525,0.097758956,0.01776994,0.20560169,0.6832548,0.05610913,0.75454366,1.7848289,1.2238942,0.8188722,0.28934053,0.16767336,0.65649,1.2812642,0.17500281,0.45315507,0.67016757,0.15701707,1.1208571,0.112744756,0.41105643,0.22628869,0.45324886,0.67976665,0.034236904,0.16177633,0.010540712,0.36615297,0.19283362,3.1577823,0.36987373,0.07453712,0.29340482,0.051162012,0.21093637,0.032265104,0.3370997,0.007413207,0.35286316,0.024093235,0.0,0.5580836,1.6040314,0.22395517,0.040677443,0.5321382,0.032126125,0.21369484,2.3981833,1.1233584,0.6082147,0.08535641,0.07322535,0.21654418,0.049254663,0.8784432,0.27431068,0.21515378,0.025091682,1.0270456,0.033058323,0.2133388,1.0505929,0.7553628,0.013639796,0.26493624,0.91724217,0.3622376,0.15041277,0.658988,0.77679455,0.38927814,0.051006164,0.006410997,1.2278435,0.02829676,0.13806874,0.44282383,0.20454924,0.49192953,0.32565135,0.04383602,0.43272284,0.3804094,0.29252374,0.02611089,0.066201426,1.490041,0.5198545,0.00391116,0.1711527,0.09737717,0.28513062,0.032172672,0.31392127,1.0791564,0.117818534,0.19909294,1.693628,0.14043267,0.58075976,1.4655142,2.4234715,0.7885478,0.47816053,0.2018747,1.3490415,0.14886223,2.0428932,0.17301753,0.097575165,0.5198862,0.31482154,0.3511012,1.7575612,0.93350106,1.1279994,1.1391522,0.9375049,0.55915785,0.051807858,1.7086622,0.21035731,0.059151467,0.69987243,0.36206856,1.3609304,0.0,0.6363172,2.3635569,0.54543096,0.8224354,0.09815187,0.18127158,0.9174436,0.39474422,0.86144036,0.2985437,0.13436909,0.09879791,1.0988705,0.57138836,0.23202917,0.72787434,0.73089164,0.34662032,0.9498956,0.18910697,0.9281515,4.0721,0.25648466,0.42410395,0.8913025,3.0699499,0.3897123,0.42357787,1.1255103,0.5170534,0.18668436,1.6730016,0.5600392,0.41210353,2.9652455,1.2858757,0.34630483,1.2104107,0.11775738,0.31762454,3.3866446,0.10550219,3.149175,0.3046608,0.87973005,0.0,0.024268398,0.1817328,2.466277,0.040471833,0.00194332,1.8567642,0.58463085,0.4823293,0.013998338,0.21500282,0.1668212,1.7661628,0.052634478,0.024444532,2.176394,0.7856762,0.21829467,1.463152,0.05515419,0.69024336,0.9554637,0.0002853031,0.27768826,1.2521435,0.42045927,0.7653777,0.7214525,0.08402357,0.27847707,0.22354554,0.92150867,0.1556155,0.75607985,0.08151874,0.021293132,0.036873393,0.004537855,1.2077961,1.0385439,0.27416983,0.91660243,0.004820987,0.14448,0.48914102,0.25425726,0.137259,0.24898708,0.77687544,0.79037344,0.8611896,0.21449813,0.0773238,0.47647616,0.07632683,1.4239563,0.20052248,0.22609371,0.034155995,0.5140961,0.27835432,0.7547959,2.4890912,1.2127453,0.11766992,0.0952641,0.3403643,0.12156179,0.90536916,1.6029238,0.17918104,1.462432,0.92491865,0.5207414,2.4950352,0.17931996,0.11466548,0.03600876,0.15148105,0.03839867,0.65298015,0.987937,2.330664,0.012314045,0.5823392,0.39025065,0.29818767,0.32573053,0.47741488,0.14092937,1.1098642,2.2393851,0.18309596,1.2814074,0.2232804,2.2670128,0.47234046,0.19060151,0.15471232,0.24928407,0.57074,1.1887984,0.34196818,0.20924841,0.6261228,0.24083668,0.27645567,0.011662619,1.6483222,0.21298023,0.15009129,0.76422155,0.5618189,0.46104407,0.84995854,0.0,0.0015003905,7.857774,0.2933372,0.7082723,0.2426098,0.9465501,0.08663279,0.023600373,0.78900003,3.1373272,0.45447242,0.9400904,0.48966363,0.052864775,0.29282978,1.8782593,0.4107657,0.4370083,0.4405083,0.34421086,0.7466161,0.22306547,0.23213647,1.6823899,1.386403,0.33996308,1.2100879,3.992738,0.77646995,0.51296014,0.9490698,0.67406815,0.35867554,0.27767444,0.4342712,0.37282148,0.4471185,0.09894741,1.0142279,0.5635439,0.7450277,0.18519595,0.19226965,0.12457381,0.12605761,0.9438734,0.51097816,0.5912578,0.20121467,0.0068595055,0.0,0.38110444,0.2133088,1.2881464,0.24435818,0.16862144,0.1759498,0.10569544,0.33787572,0.46411276,0.30721372,0.0,0.14974724,1.7672065,1.5536851,0.04980513,0.33824864,0.65109646,0.026976213,0.22523144,0.47864455,0.20396641,0.3502092,0.35887712,1.0013162,0.42488524,1.0802484,0.068492234,0.22881368,0.6200235,0.73799795,3.4692183,0.11074639,3.0164227,1.1394919,0.0,0.5735494,0.68938065,0.105551116,0.20523758,0.04128242,0.63800263,0.032134943,0.6200022,0.13725995,0.31469178,0.01716071,2.222677,0.30188692,0.27420172,1.4654647,0.21634491,0.12244181,0.9443929,0.14423257,1.0378954,0.8429791,0.40385512,0.3778984,0.24527195,0.1703261,0.1726141,0.54569834,0.0,0.82716346,0.12292466,0.1865457,1.4798317,0.08895601,1.5638399,1.4786587,0.92162585,1.8919033,0.8933613,3.4286194,0.62019426,1.1009729,0.68070835,0.7462486,0.0027694618,0.6107254,0.20560983,1.5355495,0.6395197,0.17063212,0.23395203,0.46860772,0.6996873,0.00012902287,0.0088655725,0.21215826,0.073877975,0.5561485,2.5267317,0.0023437967,1.8028586,0.30403292,1.5622528,0.57076144,0.058424514,0.532562,0.6648533,0.049312457,1.9219469,0.0,0.18702903,0.10043858,2.3604107,0.7222519,0.8002899,0.0041074427,1.1658981,0.16272147,0.003689,0.6761173,0.0,1.0188314,0.73288774,0.595478,0.4937639,2.3799164,0.40233237,0.0599808,0.48367202,0.81066704,0.02998322,0.45813733,0.25626856,3.2549849,0.52877164,1.1394137,0.0,0.17098258,0.8427317,0.096583694,0.067401774,0.73170215,0.05841199,0.41967967,0.19640219,0.48571658,0.0067874333,0.03413847,0.09115637,0.14469315,0.13689369,0.29179552,0.9584943,1.1272628,0.25674695,0.82163924,0.61206245,0.91196847,0.43263352,0.21065877,0.1628054,0.81353056,0.22834882,0.06843916,all_pothole_images\pothole_images_new_image_648.jpg
0.15998504,0.43391958,0.20346828,1.8674923,0.829814,0.3784911,0.7935339,0.06955165,0.105279684,0.33962902,1.1953379,1.5964737,0.7151558,0.8893959,0.44042873,0.45596635,0.6945163,0.26304632,3.3192255,0.79449934,1.4172597,0.80401105,0.4998125,0.9064963,0.91522837,0.52900195,1.246908,1.0292804,1.6910741,0.07214694,0.4768419,0.24753262,0.73888016,0.8026861,0.13628758,1.6421723,0.3048423,1.0623246,1.0755128,1.3863791,0.1399222,0.63570464,0.16616605,1.7260154,0.58778584,1.2920376,1.0744077,0.20814382,0.6940354,0.1714801,2.2526011,3.1131656,0.2689109,1.9711854,0.3154027,1.3827919,0.4581876,0.14455108,1.0216503,0.7018273,0.058514662,2.3098106,1.280751,0.8864159,0.9781273,1.0201217,0.8853003,0.2592919,0.20327689,0.011082654,1.2161605,0.1019221,0.49290943,1.1818161,0.18870242,1.2477596,1.5421693,1.1767919,0.37132344,0.32774264,0.5083228,0.08895725,0.025610384,0.83548087,0.40699172,0.8160132,0.25303134,0.12817626,2.5968094,0.13278319,0.089606255,0.43681085,0.2919848,0.098652996,0.73752624,0.24598394,1.7131765,1.5692189,1.3034377,1.4142773,0.011652233,2.3735049,0.7187325,0.31033266,1.1372426,0.02866805,0.3684957,0.28028494,0.41017017,0.001642631,0.018531386,2.1571705,2.027012,0.09408287,1.1847734,0.8798597,1.0993323,0.6324502,1.7279295,0.67570657,1.6214565,0.7171918,0.063820556,1.9027828,0.904068,0.2758824,0.5781627,0.2774324,0.75178796,0.66670275,0.1883824,0.36013582,0.30377343,0.052852154,0.37008616,1.2720901,0.34402278,1.5362071,0.3925204,0.16795969,1.2512743,0.529251,0.8053089,0.70784366,1.2091482,0.47968373,0.28744546,2.7584872,0.3966965,0.32318014,1.2772074,0.60591495,0.31997487,0.1661547,0.6634388,1.5433705,0.61860466,0.10068844,1.8480545,1.5455192,1.1942697,2.3393686,0.006250116,0.14912666,0.58030206,1.3393196,0.64719415,0.009679206,1.1369456,1.1046157,1.1621618,0.7403082,0.6681385,0.019514343,0.16606,0.022411706,0.5218872,0.17434692,0.39240152,0.17584541,0.39646325,0.8868302,2.5436285,2.0735264,1.2713554,1.3334324,0.8226652,0.40498707,0.8781742,0.58547544,0.74793226,0.4920918,0.27449152,0.48159564,0.50761104,0.039665714,0.81615853,0.07361536,1.749674,1.0860912,0.69120115,0.8745313,0.98268545,0.5206422,0.5570387,0.76956224,0.08761512,0.20076407,2.2334847,0.5006307,0.14972948,0.32767275,1.004203,2.9414482,1.2845036,1.0959616,2.7037826,0.084078446,1.1548316,0.3474217,1.3459282,0.006423491,1.4840413,0.17113228,0.008699135,0.5908579,1.4984026,1.1189444,0.5917529,1.5647392,1.0983955,0.20829964,1.583577,0.6291794,0.31030172,0.24797639,1.2487252,0.30733368,1.0378183,0.26762328,1.2260901,0.12589519,0.4047556,0.08597116,0.58465004,0.11689513,0.7013092,0.33051136,0.75134885,3.78944,2.3565543,0.077532195,0.6774639,0.93989056,0.7088746,3.675385,0.14669675,0.21352695,0.36572763,3.5619807,0.17949419,0.4488853,1.2245793,0.5008715,0.3600048,0.33976254,0.02037491,0.54760915,0.8199044,0.18775505,0.38444313,0.085065566,1.4095446,0.94162345,0.82805085,0.8316773,1.2443653,0.98839396,0.42352137,0.5832213,0.8764562,0.8398006,0.9623119,0.33008918,0.828078,0.7305636,1.1903391,0.23319238,1.5662073,0.18579072,0.50713825,1.2165717,0.5480525,1.0937214,0.6608856,1.7470818,0.18281615,1.1084799,0.28913715,2.09161,0.38142425,0.9194078,0.024659256,0.14793606,2.0302691,1.1256065,0.33584574,0.42102638,0.35821557,1.0082326,2.6164734,1.932313,2.0755563,2.2134035,0.42516837,1.3065634,0.23525678,1.1332909,1.7560279,0.48046455,0.79086024,0.20397007,0.70037776,0.1683286,0.6623275,0.20481625,0.5184846,0.20701525,0.46258903,0.28680727,0.8568558,0.2065793,1.3938916,0.21255673,0.83673793,1.5468756,2.6473906,3.1959822,0.5663101,0.6935571,0.9430509,0.7395511,1.051873,1.0470754,2.6547377,0.31286308,0.49899495,0.29177833,1.1773254,0.113604136,1.0287721,0.8268009,2.5788891,0.3143851,0.15043299,0.40617028,0.7530225,0.97866803,0.49706283,0.6839601,0.29935265,0.74857485,0.6809222,2.4036288,0.018002862,0.34045783,1.0682334,0.89480627,0.21428078,0.06883254,0.59641784,0.14888023,0.68234134,1.2452374,0.7362302,0.13576955,0.49771196,0.46307492,1.0541219,0.8166982,1.1525189,0.054399405,0.37235606,0.9219766,1.3699169,0.4041322,1.3145747,0.10978712,1.7188979,0.81104773,3.060649,0.0033491205,0.14095938,1.0965682,1.0494391,0.228184,1.3285698,0.12968078,0.76201034,0.079390615,0.31278983,0.6686339,0.14169167,0.6710477,0.93763286,0.4534778,0.06011016,1.8919598,0.8148581,0.53550804,0.6278771,0.24492818,0.99689573,0.742156,0.0,0.9976471,2.74939,1.3764871,0.58899635,0.071811125,1.8506261,0.9717332,3.5289836,1.06525,3.2201865,0.4833462,1.0732569,0.7551229,0.34588155,0.24919784,0.8756723,0.28087202,0.035973612,1.0015403,0.75878537,1.9064066,0.36860058,0.5757113,2.5240524,1.0401348,2.1196625,0.5661105,0.030815072,0.07938347,0.63976485,0.20306472,2.4996226,0.7334254,0.04604306,1.7188243,1.4133292,0.5821147,0.1974355,0.17366867,0.20713268,0.75221765,2.16743,0.15534556,0.018440958,1.6889329,0.8250575,0.42209193,1.6105185,0.25472313,0.6982282,0.89330554,0.342935,0.19636977,0.4542786,0.9719722,0.5465449,0.09800133,1.8570669,0.13461858,0.9550336,0.68336093,1.5647919,0.21203437,0.9886948,1.2919093,1.3159912,0.56034034,0.87264735,0.077644184,0.041041344,0.31876078,1.1075386,0.24370562,0.52002054,0.46775526,0.18381278,3.1993482,0.49804705,0.12893035,0.6761445,0.02367857,0.38828552,0.057352837,0.10180302,0.2045373,0.4628535,4.2370415,1.376467,0.745114,1.8710874,0.7541614,0.316936,0.45836028,0.16028416,1.7967358,0.12572663,0.2255626,all_pothole_images\pothole_images_new_image_649.jpg
1.7863053,0.6112198,0.09802189,2.2248282,0.59809554,0.68571687,0.47713196,0.04107552,0.16026159,0.62160146,0.26344407,1.1742603,1.587464,0.98041016,0.29701754,0.0,0.41207045,1.6269429,0.48925197,0.017197568,2.1584754,0.1517897,1.2363081,1.561489,1.614142,0.13416106,0.5979394,1.4940368,0.12580273,0.51828283,0.107591815,0.057071056,0.06456665,2.2128677,0.20426859,1.4083542,0.5488209,0.52131814,1.6025808,0.008518484,0.0,0.2734698,0.38566107,1.2477895,0.25825056,0.08903371,1.1896906,1.3318151,0.048158266,1.0432041,0.7440086,0.6055794,0.62916386,0.12845503,0.5411143,0.5533943,0.229817,0.27975792,1.2107403,0.25747618,0.3281516,0.105617784,0.20422658,1.2822791,1.7625748,1.0388905,1.2800671,0.4613256,0.051693615,0.16214432,1.4112698,0.13921438,1.0293934,0.20264238,0.29272598,0.017281968,0.7312841,1.0108322,0.014572275,0.010095581,1.0550046,1.0759356,0.6024437,0.17244321,0.83373195,0.042244423,0.05344452,0.225916,0.36725864,0.5822604,0.9016065,0.12400983,0.8639755,0.14848137,0.7376755,0.3039409,0.98148733,1.0947924,0.35358682,0.54636514,0.14934592,0.40742633,0.78404653,0.4577069,0.82448053,0.68208414,0.033132605,1.3079895,0.2105953,1.3995681,0.39009032,0.07351366,3.4225721,1.5896873,1.2913051,0.37835404,0.011589887,0.19352578,0.5220137,1.3599828,0.6994716,0.22593081,0.49790022,1.065796,0.1743623,0.31035167,1.2113464,1.8004589,0.34051245,0.4158446,0.30634007,0.58740497,0.16389802,0.032294326,0.9785347,1.5386438,1.4564261,0.6837167,0.86413276,0.07231153,0.9838795,0.52944577,1.5611748,0.8548302,0.25517538,1.974232,0.887663,1.890511,0.011422449,0.095171146,1.3663987,2.3994129,0.0048609176,0.0,0.45048344,2.6756697,0.31342965,0.52647865,2.2050822,0.50865924,1.5304643,0.22853574,0.10787263,0.32626435,0.561561,1.1041855,0.47950625,0.075988136,0.2012541,2.569533,0.42842972,0.9705962,0.7029397,0.9225492,0.015296771,2.166091,0.09696862,0.013291387,0.4944844,0.3022272,0.22138335,1.0983429,0.028682785,2.3189905,1.6877469,0.7611567,0.08770752,0.51360846,0.9606225,0.32728526,0.09028744,0.9102923,0.91551703,1.0283076,0.8915274,0.6262002,2.7239003,0.6776785,0.82260776,1.378498,0.3410483,1.1749061,0.022487221,0.03873317,0.06920885,0.49700361,2.7390943,0.001809069,1.84929,2.1027398,0.0008606023,0.722804,0.14434566,0.2738572,2.7211123,0.77781826,1.4612292,0.59766287,1.4200975,0.0,1.9019151,0.1192928,0.3809883,0.38079342,0.04302433,0.0658081,1.2686036,1.999009,3.2910304,0.8030928,0.29469186,0.071003,0.9211407,0.4330097,0.17864579,0.17676336,0.48618028,0.997685,0.9791979,0.36936352,0.0,0.0040928125,1.4558456,0.51717186,0.40010247,0.029166883,0.84328103,0.2586937,2.6785913,4.793936,0.07355497,1.7299993,0.06498583,0.042665005,0.6009505,0.7704726,0.602368,1.4122733,0.041989107,4.052862,0.4431752,1.7209022,0.8608536,0.30876935,0.22151458,0.3392946,1.2840953,0.5865555,5.478191,0.1659556,0.79170114,0.23810902,0.22614384,1.1206845,0.065720454,0.9712135,0.32903567,0.41828692,0.08542205,1.8396292,0.029872255,0.0030717447,0.44757995,0.13581854,0.78064114,0.7805416,0.9357123,0.019270284,2.4866939,0.0026010626,0.07401241,0.44101962,0.3561861,1.1006043,0.18564758,1.3673843,1.1561599,0.017190658,1.4666928,3.656064,0.88353103,0.4441695,0.00029254862,0.0,4.2434793,0.017920787,0.6390904,0.00054706505,0.26699603,0.0,1.4946988,0.55048203,1.3585324,1.2417744,1.2555285,1.501029,0.21350354,1.6206163,2.9737704,0.4233434,0.6690213,0.0,1.5426668,0.5686141,0.09158685,0.22022632,0.5471771,0.0491218,1.2208077,0.045559313,1.2180555,0.91968995,0.2885379,0.49499893,0.0,0.0,3.0386043,0.32027632,0.69613975,0.25661084,0.5751415,0.5520369,1.848086,0.9895969,1.5981171,1.4663743,0.64083153,1.0063977,0.27899057,0.008526804,0.74264944,1.0234487,0.43688482,0.37380424,0.87291116,0.95947903,0.17802843,1.6967723,0.72014576,1.6196011,0.8314187,1.525386,0.8828601,1.4456367,0.0,0.02708885,0.014794894,0.008613352,0.8875748,0.8846248,0.060998574,1.1332711,0.21944836,0.10004406,0.3464669,0.2268412,0.21516126,0.4634985,1.9729902,0.9671237,2.6200736,0.24438052,0.40048352,0.4582043,1.6263461,1.4174241,1.1217248,0.0711058,0.6780485,0.067225434,1.5627578,0.996428,0.64814967,0.2763212,0.017706085,0.80504006,0.27638966,0.4690215,0.37420616,0.3413894,0.029677633,2.9565995,0.12895392,0.008733958,1.0154729,0.032381024,2.1030064,0.3478861,0.5739187,0.40179297,2.1854038,0.42868975,0.21615413,1.3975807,0.6266618,1.9683434,0.2456315,1.4788128,1.4890096,0.005472466,1.6364774,2.467478,0.20954666,1.5175582,1.29211,0.45382705,1.1828351,1.4039378,1.5629071,0.964175,0.036129586,0.19483346,0.49458212,0.35684508,1.2661564,0.58297247,0.10810773,0.3683389,0.0342012,0.9174795,1.0389904,1.600991,0.17671305,0.5380705,0.22483458,0.090431325,0.2934971,0.9317801,0.9039358,1.2547381,2.7211373,1.6015351,1.467264,0.1511411,0.0,0.3732388,1.424312,0.0,0.00080597156,0.5824001,5.1155066,0.30381945,1.4556061,0.51635104,0.545651,0.6213002,0.0,0.011025902,1.3417872,1.5897003,1.1143938,0.17150536,0.007348013,0.030639052,0.9685818,0.07954144,1.6217219,0.71342605,0.005094708,0.41099906,0.3320205,0.5634766,0.4410043,1.5915879,0.31270343,0.14548185,0.0194198,0.044654164,1.3176597,0.005739378,0.12860784,1.1389654,0.25042972,0.42410472,0.053091485,0.60227096,0.2930011,0.23160124,0.1966879,0.38471004,1.6613073,2.5963268,0.105141744,1.8887813,1.8113726,2.3042235,1.5905986,0.06751549,0.124170445,1.7232097,0.077469744,0.085439414,all_pothole_images\pothole_images_new_image_65.jpg
0.45036077,1.3025553,0.27130246,1.3033742,0.28486335,0.8435412,0.4755476,0.24754576,0.2627547,1.5962113,0.91330564,0.51470536,0.20474619,0.723282,0.086594075,1.1881596,0.00089986384,0.31114197,0.60235035,1.089454,0.30534476,2.1951928,0.78563464,1.0510588,0.26069844,0.6952002,0.16220179,3.6797273,0.4538131,0.87432134,1.04957,0.25674945,2.0801086,0.24109454,1.6427406,0.6783011,1.107284,0.28926992,0.31233644,0.6144643,1.0527666,1.0039333,1.4369868,0.959344,1.2832631,0.4435922,1.264008,0.13519078,0.8688276,1.0055679,0.30034325,0.25633636,1.700605,0.4242232,0.006778266,0.39845338,1.1365193,0.061551247,0.4781364,0.2274036,0.4205535,0.08590411,1.9894661,0.66460806,2.3346286,1.1997372,2.3117669,0.854532,1.272598,1.929126,2.0033479,0.2840711,1.9487242,0.43040544,0.5624046,0.8049408,0.65914124,1.338503,1.0126197,3.210646,0.35307297,2.1867428,0.71500176,2.260377,0.32653382,0.6518177,0.97412354,0.9665569,2.852605,4.54788,1.6769294,1.3537563,0.29126763,0.06646759,0.8830311,0.021103486,0.39402086,1.4463611,0.33826968,0.5784472,0.07215294,1.1166003,0.8916802,0.23978198,0.44993058,0.07563664,2.2115388,0.13896373,0.91392463,1.0907698,1.1431043,1.7928401,1.5420874,0.670637,0.89088875,0.97183,1.5815583,1.2617944,1.5282272,0.17899342,1.6931163,1.3953094,1.1728072,1.0824353,0.020533994,1.8994727,0.35188448,1.1387237,1.0303863,0.85175806,0.08149703,1.2132485,0.116522044,1.3394648,0.85251766,1.5809876,0.3513673,0.6490828,0.5946329,0.042062044,1.9390016,0.70761496,0.6000303,0.1999138,0.34637806,0.3168083,0.12676191,0.96000344,1.01532,1.293121,0.26629275,0.330458,2.6184032,0.6371174,0.5649903,0.17780674,0.861188,1.2687348,0.9021726,0.0057235444,1.0131456,0.25659627,0.103235446,0.8134924,0.6811846,0.149698,1.1285548,0.14860192,1.0219889,0.5743337,1.0858462,0.2522324,0.364216,0.780261,2.7436416,0.62218076,0.06437885,2.155225,1.8318723,2.947344,0.72203195,0.5548625,1.5373222,1.2853144,3.5233738,0.24508289,2.5656064,1.3615291,0.13650931,2.6342022,0.9257244,0.08568795,0.8820448,0.9867583,1.225553,0.17088501,0.604481,0.38814768,0.69570744,1.9136542,0.48742643,1.5783252,0.7243482,1.2085466,1.4455974,1.0670252,0.21217719,1.1517848,1.738267,1.5054327,0.09317999,0.7473007,0.8279542,2.1255233,0.49913827,0.35325095,0.8329634,1.1219715,0.15858617,1.6324917,1.3404217,1.7614908,0.18754216,0.66563004,0.29492453,0.33235136,3.2414033,1.951297,1.4465472,1.03824,0.018774759,1.0314475,1.8205724,0.16818196,1.7162186,1.0568806,1.5693085,0.32069707,0.060692348,1.3617076,0.28024182,0.27805734,0.9053673,0.7908275,0.24819088,0.31969216,0.737719,0.34848687,0.525886,1.3063843,1.9673175,0.80124927,1.2565037,1.0030421,1.3510627,0.14073345,0.7592708,0.64604676,1.5665829,0.7208984,0.18933575,0.9780258,0.7430616,1.0566448,0.04399888,2.9188023,0.68972677,1.2402205,1.9674201,0.2095505,1.096018,0.40894878,0.8356026,3.2722106,1.0391097,1.3911529,1.5210475,1.1285019,0.04188187,0.29438928,0.6772506,0.40620095,0.2203554,1.0645881,0.9978208,1.4433298,0.8513533,1.3570656,0.16364525,0.50802743,0.16369115,1.6795331,0.33629653,1.9856771,0.393756,0.40908334,1.7628347,1.2375884,2.5552514,0.4232158,0.698579,0.523581,0.82173485,0.77911985,3.7876062,1.7422924,0.3832863,0.9213023,0.30764556,1.1565369,0.16578501,0.981657,5.254839,0.4819349,0.9361665,3.6287024,0.7926349,1.1638536,0.95882463,0.15286347,2.0888178,2.3789897,0.6059007,0.42048854,0.9906353,1.7124823,0.32573724,0.2585746,0.22654505,1.4315497,4.0248623,1.0256664,0.7432997,0.613749,0.111463815,0.020399641,0.6389476,0.071236044,0.5463089,0.13609023,0.613683,1.6957008,1.5923879,0.48286965,0.14569008,0.07279134,2.00274,0.37357423,0.643211,0.7820861,0.38393354,0.6748497,0.82419336,0.8437734,1.0839286,0.85987276,0.8245191,0.66926664,1.1892753,0.84321845,0.309519,1.0007704,1.319524,0.01646198,1.0902637,0.83212316,1.8704591,0.8062287,0.53751755,0.59804505,1.2640617,1.5797216,1.4402105,0.8529846,0.3865586,0.20040484,0.6410157,1.5104074,0.9477894,0.9683961,0.4725163,0.63381076,4.7741647,1.135194,2.9258273,1.534611,1.9940681,0.026408775,1.7693076,0.8995302,1.0516913,1.0734819,0.14727068,0.22270718,0.29625413,0.15143178,0.6676287,0.4509632,0.68832886,0.06284919,1.9830257,1.575081,0.7964094,0.7074384,0.7558198,0.08168754,0.40403152,0.7975274,0.38447812,0.8040165,0.07006039,0.33794224,3.805753,0.3949912,0.047274582,0.741457,0.55087054,1.0729779,1.2034862,0.85594034,0.24331361,0.39891157,0.4741548,0.40769452,1.0410311,0.214507,0.14982466,0.7439233,2.2819645,0.5314222,2.9434745,0.8357918,0.65541226,0.5369531,1.2063575,1.5595133,2.1958654,1.5856234,1.3548397,2.1680813,1.131538,0.7039485,1.6616112,0.60259616,2.1141555,1.6855409,2.1894424,0.37206492,0.25664356,1.2352415,1.8452958,0.3912092,1.114935,0.46988234,1.8007619,2.5512502,0.5154897,0.48226413,0.46744886,1.1929052,0.7559016,1.9892201,1.3203697,0.8808622,0.38390693,0.38764614,0.53353757,0.11350079,1.5861639,0.2540822,1.0178157,0.28056747,0.28048703,1.4497708,2.3436003,1.4756207,1.6163678,1.3451476,1.9570004,1.6886386,0.8053378,0.46055058,1.2900363,0.8154733,0.039629616,1.8238527,2.1661706,0.6670754,0.18113866,0.334438,2.0363183,0.6181758,0.32790172,0.738687,1.7991292,1.8911135,0.02302091,0.21492127,0.29588366,2.2837925,0.0904307,5.661876,0.22153696,2.7858632,0.085309505,1.2917706,0.2641934,2.056597,0.37640193,1.1204373,0.50394976,1.1214236,all_pothole_images\pothole_images_new_image_650.jpg
0.74258393,3.011997,1.5338602,1.8098468,0.81568635,0.4092516,1.422607,0.5696097,0.3307536,2.3735635,0.8955733,1.3914766,0.3231952,0.49683067,1.1052195,0.90409535,3.413908,0.27920595,0.09654468,1.7448165,0.04502279,0.5338319,1.6236278,2.369054,0.26344815,0.8521365,0.13652664,0.37561277,0.50239104,0.00039092117,1.6780392,0.34612456,0.1642462,0.1308936,2.2878108,2.380168,0.027649172,0.11265565,0.62876374,0.27058426,0.35340017,0.4423434,0.646551,0.42315525,1.0148121,3.0081828,0.0,0.3219466,0.54941857,0.85844654,0.37848732,0.35667813,8.004986e-05,2.5863464,1.6315587,1.2589462,2.091575,0.3830792,2.6237893,1.0129409,0.96013707,0.3836907,0.35166743,0.64262503,0.58666474,1.3195608,0.90086514,0.17676999,1.6365862,0.7156182,0.153104,2.7407026,0.70821536,0.29687366,1.9340975,1.0563847,0.15842475,0.7336738,0.76560503,0.24813809,0.24772644,0.18596153,0.36058134,0.0174011,0.4552807,0.053514242,0.48596522,0.079244204,0.79851186,0.9521849,0.96256614,0.5498516,1.1325787,0.42948276,1.6394958,0.09555734,0.41511357,1.8113552,0.39447683,1.6596076,0.023279745,0.68403476,0.4001831,2.0850017,1.8857676,1.6666893,1.647668,0.17633916,0.065201156,0.49660265,1.3014786,0.276701,0.11890235,1.5042049,0.07793326,0.49639854,0.56345516,0.3586243,0.10468017,0.3796793,0.038017828,0.7010596,0.12653553,0.30045706,1.4331803,0.8191231,1.0107268,0.12948202,0.21154602,0.036443032,3.347052,0.966622,1.2438171,1.398192,1.0005323,3.2974782,0.12523454,0.001293175,0.6008753,0.39924434,0.48174292,1.9318612,0.66511863,0.20468943,0.78406876,0.025645323,0.5320877,0.11913225,0.604371,1.4892168,0.20815861,0.033135798,0.57163566,0.43249133,0.38133192,0.019158978,0.6517671,0.20723636,1.2645322,0.2555912,2.5899875,1.1712385,0.487749,0.33153385,2.0475657,0.22843088,0.012773351,1.0463064,0.4277055,0.06650469,3.335466,0.6383979,0.045343593,0.045670427,1.2792236,0.5947601,0.1331993,0.23937038,0.38400063,0.49718413,0.06401014,0.022312444,0.0608569,1.193925,1.7313603,0.04404335,0.20807505,1.160506,0.64782053,0.36968657,0.91707003,0.15152441,0.48833096,1.4457449,0.3576041,0.39783502,2.1074095,0.48713982,0.026472427,1.2948583,0.0266386,0.18439767,0.055789858,1.8124397,1.1031541,2.1229281,0.32953757,0.8141317,0.42275876,0.84228265,0.002498031,0.05943432,1.002704,0.7839822,0.57195705,0.085460275,0.022484656,0.027841642,0.21404077,0.35595465,0.09932367,0.13535856,0.015149605,0.39159513,0.0,0.01966092,1.9784597,0.42208266,0.017490346,1.6461388,0.22616252,0.148917,2.542251,0.525406,0.85903305,2.1427212,0.52760327,0.14114442,0.33641204,1.0474713,0.4141869,1.2609906,1.471315,0.0,0.23382314,1.0378944,1.8485092,0.19691451,0.34229887,0.25036645,0.41476554,1.950489,0.4508315,0.4744618,0.6983961,0.138951,0.03826413,0.6507943,1.0931443,0.43916872,0.008594159,0.32834995,1.0456555,0.7654677,0.91654515,0.1660325,0.68678874,1.5066102,0.6157004,1.6922421,0.3940426,0.13187185,0.7209423,3.704802,1.4496871,1.3888124,1.9622096,0.07032135,3.7642817,0.12770216,0.5047881,0.3571376,0.12433868,1.2548422,0.31217477,0.96236587,1.099197,1.8093358,0.41003218,0.8706478,1.755841,2.4229934,0.0,1.8576039,0.8630712,0.5206347,1.2957612,0.004675849,3.18815,1.5943311,0.33221728,0.1738228,0.30131838,0.47921675,0.10603247,0.15529744,0.19390401,0.5259807,1.2809225,1.8393022,0.27748275,0.12104973,2.2495756,0.7471949,0.8890801,0.6724315,0.010386956,1.0172856,0.25613084,2.8393993,0.6872242,0.8165768,0.89428836,0.03637236,1.267317,1.3359878,0.015531685,0.3093562,0.55541086,1.1214035,0.3198359,0.4214779,1.4308543,0.37984976,1.6576647,0.18571834,1.5459691,0.28617418,0.10560958,1.3888038,1.3842044,0.039216243,0.006382701,2.1382365,3.604392,0.47706482,1.2566503,0.29191336,0.17203307,1.2961942,0.14655411,0.6216164,0.07188881,0.6085937,0.76436186,1.8519502,0.035984375,0.6020629,0.1667101,0.23700494,2.2648585,0.9533127,1.0645279,2.0099115,0.26769304,0.20763692,0.12025366,0.6119819,0.22733898,2.482707,0.09173498,1.4912709,0.12400366,0.29396698,0.75465804,0.120797195,0.49776512,0.3080316,0.018195624,0.058216143,0.080263264,2.1317382,0.09646636,0.0,1.1345468,0.6227356,0.19143614,2.7843242,2.0919127,0.8447792,0.23984465,1.1086031,0.20969875,0.26373696,0.16015995,2.4191792,1.2624801,0.72675836,0.32744637,0.5626949,0.14151719,1.7937171,0.017796695,0.6442943,0.5072989,0.3056308,0.8737855,0.60637003,0.64889425,0.73234487,0.2877047,1.180832,0.044368982,1.8993645,0.020256432,0.018628094,1.801143,0.0,0.67482764,0.0021206562,0.35962677,0.29548115,0.0,1.3018875,2.0648227,0.36118242,1.4376949,0.48170716,0.34702495,2.0612257,2.119078,0.07644858,0.08801524,0.20746766,0.29576328,0.85063356,0.32590806,0.5254609,0.7270984,0.7120987,0.032390885,0.071381964,0.41730946,1.9371151,0.14739671,0.3777601,0.8890585,0.08179052,1.8619527,2.3830361,0.5750493,0.0,1.0505457,0.3602724,0.24776182,0.74055845,0.39178973,0.6137011,0.3900688,0.59315205,0.44110808,0.69685936,1.2649602,0.33785933,0.6892521,1.1380464,1.0917817,0.5206047,0.053171437,0.015521969,2.470039,0.10404263,0.39281517,0.36633766,2.168572,0.378915,0.26725456,0.6033582,0.8120814,0.6493513,4.960557,0.8688693,1.5128307,0.46200782,1.4011791,0.57836413,0.104288615,1.3019838,1.1166966,0.10778634,0.0,4.4968157,0.39919552,0.4027448,0.08263281,0.8657265,1.2030296,0.91980565,0.38881955,0.7640373,0.0,0.11387432,0.078312024,0.057038188,0.7656258,0.19925486,0.04778632,2.3450723,0.02555842,0.021266326,0.045645483,1.1289426,all_pothole_images\pothole_images_new_image_651.jpg
0.5144497,0.69543254,0.0,2.2924337,1.1332083,0.1345861,0.63375586,0.039669137,0.5281277,0.6909025,0.45007643,0.029819047,0.27772996,2.8147688,1.2398221,0.23473932,0.29501793,0.89317805,3.3566284,0.13735951,1.377393,0.15623327,0.40346012,0.50482345,2.8996313,0.050896324,0.8157157,0.86730057,0.22200504,0.36291224,0.4914362,0.14722238,0.91533595,0.22705933,0.21993333,0.8899504,0.2426585,1.5298733,1.3425549,0.37874618,0.07810912,0.20301363,0.33048543,2.42017,0.73105776,0.30936947,0.03359523,0.33838806,0.37386233,1.7410645,1.19968,0.20141503,0.09731708,0.015021871,0.122792765,1.8507046,0.44924787,0.69204915,0.3517925,1.1915594,0.5711054,0.98296684,0.038094033,0.46900788,0.4315401,1.0891464,0.27517188,0.07646797,0.15097344,0.028547242,0.26995388,0.119581394,0.56092715,0.6212797,1.4175738,1.334549,0.28575507,1.8406565,0.15385315,0.7545772,0.116136976,0.020939505,0.103231,1.418819,0.7192686,0.0,0.07204091,0.17595802,2.939326,0.06915809,0.6896909,0.53119,0.19184153,0.08027621,0.25711292,0.0,1.1934636,0.008276158,0.22475441,1.665134,0.0022208723,2.7913773,1.452552,0.10141277,2.333186,0.04148214,0.4237393,0.10931416,0.15314746,0.3532068,0.0,2.4740827,0.7619241,0.038585518,0.094422944,0.770932,0.37932882,0.041130614,3.0410557,0.44326642,1.7390777,0.059528653,0.05921924,1.2850039,1.0036378,0.020545542,0.723602,1.0835395,0.711333,0.39665288,0.51189756,0.3055849,0.0,0.79023904,0.7311051,0.90650564,0.49415618,0.23048604,0.22609602,0.4564664,0.3394362,0.32077032,0.9347578,0.045424636,0.5247492,0.9270379,0.0018675905,1.3106339,0.48516887,0.057019588,0.33128715,1.2303764,0.0015816115,0.87847185,1.0200698,1.3711599,0.0852853,0.0,0.5763031,0.47592333,1.2038054,2.5588171,0.07225901,1.6040621,1.3657542,0.7644156,0.21507634,0.44224465,1.117454,1.6917348,0.13146828,0.48329186,0.34316498,0.15618365,0.2721721,0.049744353,0.7772683,0.05156306,0.1841179,0.41365954,0.0064558913,2.5861034,0.17768496,1.5802513,2.0590315,0.45906118,0.19462071,0.9878124,0.071950614,1.1231976,0.14936852,0.1618611,0.10176176,0.9387815,0.5310698,0.575539,2.1013663,0.5084532,0.95756435,0.25165626,0.22307797,0.37321845,0.37292796,0.3299083,0.0,0.14043237,0.43021676,0.5702624,1.1679761,0.39974338,0.18436517,0.0101292245,0.34243494,0.14029092,2.1370022,2.3721213,0.21747711,0.25129578,0.6608738,0.30886292,0.7498768,0.094209574,0.9153745,0.7886477,0.13861607,1.0252264,0.9272505,0.30968893,0.7167833,0.74659014,0.32948267,0.31994382,0.73568964,0.97451884,0.25601625,0.5315577,2.9930058,0.2187732,0.104548454,0.15092729,0.29061055,0.99028176,0.2293046,1.0043474,0.9490278,0.01085533,0.64255875,1.0947634,0.97067386,4.2521205,1.4542792,0.5842285,0.079879954,0.008986056,0.46826553,0.8693812,0.34088522,1.623732,0.42043424,4.087319,0.6558762,0.1557758,1.2443615,1.1232293,0.4656035,0.34704766,0.9656848,0.5560588,0.121515796,1.1473007,0.54458565,0.0,1.1178706,0.842183,1.0718106,1.5254142,0.061675046,0.32346788,0.5090702,0.007373958,0.0,1.2249894,0.72290754,0.1691801,0.08397926,1.2414975,0.566689,0.4335472,0.6967168,0.14251658,0.062089544,0.07735845,0.71813256,0.4393948,0.0071606794,0.89903975,0.36382192,0.73501074,0.0,1.4158332,1.3260131,0.3439662,0.26130873,0.32924536,1.9484113,0.60371,0.868304,0.0524897,1.0429012,0.830713,1.3105395,0.38387325,1.3388649,2.853216,0.46568176,2.5010557,0.08053646,1.2329838,4.452719,0.3213078,0.19502749,0.7515483,1.0528792,0.06868193,0.440589,0.04237769,0.26728165,0.014217186,0.111112654,0.5110662,1.4445444,0.9049072,0.36306626,0.6635795,0.43693355,0.048654236,2.0937982,0.53824943,0.5085979,1.3819622,0.2622087,0.14224532,0.52252,3.4607291,1.9269605,0.083899245,0.16541475,0.9630425,0.6830522,0.9501956,0.45294103,0.20288429,0.28642073,0.3941821,0.027404543,0.0946174,0.0141896885,0.14225644,0.9741886,1.7425412,0.38335893,1.3625394,0.6791518,0.79045385,0.2197449,0.3126138,0.97721505,0.042839512,0.15575959,0.6103121,0.2959104,0.67560613,0.71665174,0.13376135,0.011844941,0.1926975,0.9786229,0.12573794,0.3425827,0.8109698,2.667499,0.7104208,0.15394431,0.5605029,0.98745894,0.6390995,0.5661769,0.1003461,0.2856893,2.4323964,0.978831,0.24906357,0.12128172,0.18301524,0.07903333,0.0,1.5200608,0.47651514,1.3386832,0.0,0.627041,1.4400698,0.36567554,0.12281813,0.6203719,0.12379644,0.13844554,0.40296847,0.45333168,0.0,0.7461174,0.63074136,0.015796376,0.42035156,0.037613634,0.8435453,2.3661423,0.047209222,0.623008,0.20234956,3.772634,1.3419566,0.935167,1.0351132,1.8774879,0.29647613,0.49096984,0.5021029,0.39755338,1.4006156,0.22266178,0.6266661,0.70614254,0.55639195,1.0868069,2.264215,0.7856898,0.34080788,0.010988933,0.054061666,2.123613,0.27014065,0.83411723,0.056007415,0.001961716,0.046125293,0.9283924,1.318015,0.02389847,1.1076939,2.5152192,0.15549831,0.64015716,1.5386049,1.2537216,1.1247346,1.0345846,0.007776428,0.3397142,2.797374,1.049882,0.26961458,1.2565267,0.11571546,0.75070375,0.6815169,1.9270414,0.004979442,0.009362253,0.8965701,0.6324333,0.47834957,0.09124916,0.61754507,2.577575,0.50471723,0.54067874,0.77638346,0.81140864,0.5252061,1.138254,1.3197535,0.85480803,0.15914834,0.7190206,0.32971597,1.1511512,0.3796017,1.1552094,0.047878806,0.5564473,2.4372287,0.22450708,0.3021376,0.0072527975,0.075647265,0.42762464,0.20988713,0.49141324,0.025255786,1.2074873,3.3663304,0.55461186,0.58716416,1.524614,0.8579313,0.9768751,1.6338946,0.08589538,0.059716955,0.2532449,0.984624,all_pothole_images\pothole_images_new_image_652.jpg
0.14261605,0.7156794,2.667374,1.4898164,0.06304033,0.6002695,0.8697684,1.4262116,0.0006052041,1.5220695,0.5500107,0.14869857,0.05225323,0.68603563,0.31272787,0.4420028,0.24860719,0.102001384,0.34738222,1.3208104,0.67389816,1.5020101,1.364295,0.52541274,0.27398944,0.60786295,0.011383798,2.1171591,0.40398636,1.5015264,0.61989695,0.6429841,0.5800652,1.2850678,0.6140655,0.9414391,0.7943804,0.65414184,3.328824,2.3488524,0.500523,0.07601468,1.2145851,1.3590236,2.2426686,0.31328526,0.29052198,0.21745123,1.1974298,0.25612846,0.5298674,1.3542151,0.12215058,1.0085962,0.5373287,1.3067777,1.6922848,0.7414247,1.0357705,0.35978228,0.34707466,2.113963,0.54701334,0.32643434,0.39859205,0.17457853,0.2508712,0.5933977,0.91845703,0.07568525,0.8584898,1.3553485,0.59270835,0.007947631,4.3973,1.7454506,0.39123628,2.875464,0.72441304,0.77379155,1.3825954,1.7346804,0.854949,1.6043807,3.146754,1.0262808,0.5357492,0.8221622,1.3382428,2.1409705,0.82180125,0.74723536,0.19103555,0.08592345,0.32354036,0.1545314,1.5730215,1.5627334,1.2357992,0.6011681,0.8697657,0.6645352,0.32445326,0.91762197,1.4989706,0.94249535,0.64171404,0.7391543,0.85940665,2.291332,1.2413397,0.55354524,0.6756534,1.6544809,0.24369787,0.5810932,0.31028187,0.9825408,0.29338077,0.77276814,0.28813556,3.0517702,0.32569847,0.38695645,2.9384398,1.9307811,1.7648739,0.112639144,0.14757726,0.051061697,1.9429389,0.40581214,0.9860723,1.9983536,2.6121018,1.1658493,0.10186299,1.1725382,0.011343995,0.7139206,1.5453404,1.0395137,1.8677725,0.56641877,0.31534684,0.31847775,0.83346945,3.598822,0.24784388,2.2220793,1.3910034,0.78067267,0.41103718,0.07092327,1.6270845,0.2560693,0.5855102,0.31102034,1.0403004,0.09405398,1.4892774,0.61706305,0.61649305,1.3882029,1.3992655,1.5334892,0.98014784,0.35708222,1.4049354,1.6938243,1.9866415,0.4593368,0.2152151,1.1635783,3.2640848,0.42053822,0.09891304,0.15174778,0.68961024,0.21403164,0.090193085,1.0253918,2.0649073,3.9562953,0.86678016,0.37838846,1.0789478,1.2636105,0.45403317,0.4778777,0.020295607,2.8902693,1.0662351,2.5536966,0.081700295,0.52767485,0.41295108,4.0414104,0.6618318,0.22423154,0.41458708,0.20264205,0.09745166,0.6060532,0.8052424,0.5787515,1.3117331,0.28282818,0.5321129,0.27311406,1.4120028,1.4052131,0.63159126,2.98177,0.89817464,0.58294344,0.74890167,0.15387529,0.5454288,0.3836103,0.5044594,0.7636894,0.050754707,3.8092763,0.74403393,0.0,0.47160763,0.64728516,0.5828137,0.606445,1.6852274,1.1423807,0.8457731,0.99949193,0.83439744,1.462141,0.048105773,0.38985723,0.29940414,0.3475838,0.5571199,0.77773273,1.5739819,0.35273784,1.4739084,0.2222759,1.5633868,0.68815285,1.288137,0.9040605,0.5585379,1.5186272,0.40315124,1.1883647,1.0376793,2.0872273,2.7089045,0.046549495,0.38105908,1.363446,0.17965528,0.52308047,0.54420114,0.06731413,0.71115977,0.32722563,0.42549327,1.6368306,1.1787388,0.0888298,2.3447933,0.7977692,2.8928049,4.579454,0.30484685,1.2542843,0.8069598,0.18424888,0.14329119,0.5674262,0.18703882,0.01777534,1.0436198,0.9145884,1.2096784,0.18912399,0.4952407,2.4862416,0.9059764,0.8635539,0.6122209,3.127299,0.0,0.078384876,2.6016383,1.8118007,1.2204664,1.2163538,1.1026919,1.009673,0.7241921,0.19274822,1.4554424,1.9263327,3.017184,1.0536275,0.7914017,0.2929751,1.0889345,1.5777698,0.38279498,0.25161454,1.7291423,0.9456658,0.9630876,1.7417594,0.00077627745,0.44209257,0.11582017,0.24869615,0.9476041,1.0870456,0.4650353,0.37497026,0.42237025,1.3320456,1.257522,0.24895924,1.3974234,0.29052898,0.804415,0.10492459,0.46897548,0.3057541,2.9558473,0.3233122,2.15572,0.9078836,0.14213212,0.3663302,2.8888147,1.6019766,1.1361672,0.9356772,2.9261088,0.24142602,2.5574253,0.6874693,0.28395468,2.0668292,1.297267,0.5647911,1.1597451,0.03386992,1.0881699,1.7738055,0.048358925,0.062308382,2.449477,0.5721921,0.6359885,1.3188899,1.1692197,3.0504649,0.5289655,1.0762177,0.30361813,0.50381565,0.583532,1.2123536,0.5072606,0.47891068,1.2052249,0.4407361,2.669079,0.19589458,2.5713372,0.1182576,1.6017493,1.0076877,1.0471804,0.3865305,1.1285615,1.1089456,1.865999,1.2627867,0.07249582,1.1694453,1.7133963,1.8696502,1.5478023,2.4718704,2.9567833,1.8628739,0.07849173,0.412897,0.14174871,1.7024436,0.4092357,1.8827212,0.93441653,3.2954907,1.687488,2.0831492,0.15007597,0.63328874,0.45388475,0.1526268,1.095835,1.954834,0.9586513,0.082421616,0.94909996,1.0842875,0.5874506,1.394449,0.4338569,0.36337236,0.20787531,2.561613,0.5213384,0.5604724,0.86608696,2.075218,1.4142952,0.23848179,1.2236328,0.23013021,1.5624537,1.1551505,2.753546,0.082348935,0.47223687,0.40019038,1.046617,3.675359,2.118981,0.11911893,4.3621607,0.9762629,0.5275776,1.4953519,0.49092487,1.7208853,1.058099,0.47344354,2.2847207,0.25139478,2.296777,1.1125259,1.1946093,0.083498485,2.0700037,1.7020855,0.91419834,2.3398356,2.0190442,2.0755424,0.105549015,0.27951816,0.7105492,0.0604061,0.37671864,0.64147645,0.9190215,2.027717,0.2998567,1.360184,0.7680215,0.74084026,1.5332407,0.13106081,0.9532428,2.8236673,2.5895467,0.22081408,1.1880045,0.10455915,1.4589199,1.5090036,2.118542,0.8230848,1.6993418,0.05913756,1.3546432,1.091643,0.73275703,2.1948395,1.6492753,0.05651924,0.5837964,3.1608126,0.07479661,0.20059519,0.09448141,0.1791744,0.065748215,2.2327042,0.5015975,0.9642873,0.080469154,1.3877597,0.44163197,1.4631766,0.44119588,0.57902026,0.2555082,0.7229202,0.27260062,0.9429872,1.1427281,1.6180626,all_pothole_images\pothole_images_new_image_653.jpg
2.321349,0.58751094,1.0042889,1.9801053,0.1631445,1.1391853,0.2591315,0.070556425,2.5742695,0.951957,0.09005563,0.013512836,0.016174046,0.14147918,1.4226356,0.71780854,0.010159426,0.0,0.7349729,0.81112313,0.65574723,2.1160429,1.2554606,0.85278636,0.45949966,0.63497263,0.2134664,3.6683047,0.49092686,0.56914127,0.6955322,0.27085838,1.0427139,0.93315125,0.05272071,0.43939328,0.3323583,0.4822416,1.9968686,1.5443432,1.1001855,0.2721862,0.03760379,0.022700068,0.19741835,0.22455649,1.5797796,0.5025014,1.0991225,0.98387456,0.84311295,0.18486203,0.93971413,0.012975197,0.10343623,0.619395,2.553158,0.11683051,0.8132068,0.49689046,0.05128176,1.2992386,0.92881215,0.12634496,0.09666278,1.7180107,0.00444751,0.24397314,0.55232584,0.3922323,0.057268634,0.13008276,0.65300626,1.0913785,0.74394286,1.7632576,0.2573898,2.5056682,0.22088191,0.40258992,0.00751162,0.28897667,1.2071251,1.5464576,0.23861659,1.0658041,0.42236534,0.49973607,2.6654663,1.6208723,0.6096085,0.17546688,0.07922192,0.20735553,1.5375745,0.10043977,1.5698248,0.26567635,1.4317383,2.0378122,0.047217328,1.2435452,0.22544786,0.7485169,2.8849704,0.07972205,0.1972629,0.17580347,0.524513,1.6734484,0.56466883,2.6591797,1.9568306,0.09124271,0.04604718,0.1276054,2.9369543,1.035064,0.030993138,0.5254968,2.0813975,0.5692867,0.0412845,0.21179628,0.8025215,0.15167174,1.0978378,1.080062,0.85893,0.59814286,0.40601605,0.15052548,0.19520171,0.22886798,0.31250337,0.5868684,0.364553,3.3049765,0.13753892,0.9284872,1.1895616,0.5702708,0.9669178,0.030631794,0.33779883,0.090243764,1.1676627,2.1823015,0.50758064,0.08343784,0.8301856,0.13071015,0.58995885,0.49274242,1.0873392,1.0698916,0.6421525,0.49339846,0.39207622,0.8177097,0.5357655,0.2478538,0.09553461,0.98461586,0.9359411,1.2531445,1.0700583,0.21148936,3.130315,0.03214494,0.35587046,0.073150784,0.12890643,0.3677284,1.3942398,0.31250647,1.0910667,0.04690256,0.3765409,0.84116423,0.722024,1.1171144,1.0515705,1.8586484,3.564605,0.99794906,0.815183,2.9852276,0.07162596,0.4981812,0.091433756,1.871613,0.29897484,5.2819133,0.7225122,0.332721,0.6707868,2.560462,1.5558609,1.9805883,0.36836866,0.74266356,1.280306,1.1403592,0.49276608,0.5437886,0.27720043,0.084708154,0.02262185,1.1099167,0.4052007,0.34168702,1.5940604,0.3168409,0.4843842,0.66318774,0.5651466,0.6288264,0.45010534,0.32581696,0.84561044,0.0,0.66806436,0.6260354,0.06076589,0.1473847,3.9752586,0.75099915,0.56789106,0.14418232,0.55270195,0.55953896,0.3131232,0.90845096,0.84785897,0.26372585,3.8267937,0.055339407,0.035381697,0.42785597,1.3326434,0.38662803,0.08167267,1.6091071,0.13925825,0.05258163,0.7843473,0.302516,1.2651497,2.311736,3.2650852,0.2583996,1.1564686,0.67233086,1.2457175,0.0196895,0.31625745,0.052853815,0.60158247,0.64849955,0.0027582834,0.025204273,0.36725718,1.3231,0.39354184,1.7522781,0.08485012,1.5226929,0.56016845,1.4485967,2.2620802,0.19791706,0.28685766,2.412625,1.5721503,0.93749857,1.5906664,3.0971205,0.1881953,0.27313143,0.1925308,0.55377537,0.10517054,3.402824,0.6524344,1.565331,0.48407668,0.29267487,1.2370274,0.41729328,0.96960354,0.43684223,0.21986546,1.2209452,0.96282053,0.16148967,0.3054653,0.3780266,1.3177141,0.021541683,0.2254901,0.36654085,0.03052965,0.9566354,1.6334459,0.59419113,0.5865969,1.3172834,1.0717456,0.5965666,0.8286675,1.1971046,2.7445214,1.3869908,0.12442004,1.5257605,0.0,0.6737756,0.45975336,0.17278664,1.1541727,0.0019479898,0.13168463,0.39302057,0.33114395,0.21799402,1.6634961,0.0,0.25524148,1.5601895,3.4296021,0.15812209,0.0045562335,0.17146887,1.595102,0.17183949,0.6226158,0.057975773,0.2738031,0.096346915,0.84291744,1.5021986,2.489681,0.3960465,1.3930779,0.09690913,0.14667267,0.3937437,1.311548,1.6558107,1.0679375,1.3104789,0.33646703,0.44053796,0.6348752,1.0939271,0.15407375,0.2332312,0.791564,0.70195115,0.25890815,0.41363844,1.2017208,2.50426,0.41387978,2.1773114,2.3824973,1.224456,0.0367816,0.22768666,2.8755426,1.4749519,1.0463642,0.009773973,3.3474603,0.0030302366,0.11297135,0.30097407,0.41166413,1.0462145,0.43185756,0.27637437,2.0724084,1.1607597,4.788878,0.8912375,1.0909648,0.109487884,0.11238265,1.9201218,2.0268476,3.4882817,0.020425705,1.4114591,0.07839893,0.22283262,0.32707828,0.98717403,1.1998464,0.46034724,1.3458865,1.4898921,1.179128,0.79335004,0.00540486,0.055015408,0.38391384,0.03931397,0.2595022,0.2570643,0.5109552,0.26256987,0.35804763,0.58100784,0.16532516,0.6790716,2.9903116,1.1610972,1.1505896,0.39694524,0.99058825,0.40202752,0.22286107,1.288235,1.8536643,0.37481374,3.5580487,0.6336184,1.9056748,2.0753055,0.25716087,0.9908489,0.06774387,0.5655573,0.07091287,6.737549,1.6458746,0.09936842,1.677921,1.1718873,0.5610248,1.3960019,1.7204154,0.049794998,0.28535578,0.08793581,0.49712658,0.9522012,0.5815153,0.50860125,0.52365226,0.38021436,0.18750614,1.6635945,2.4127858,2.27954,0.23549554,1.4872564,0.8682657,4.089328,0.85102695,0.9618198,0.9488714,0.0,1.3417009,1.2842851,1.989878,0.41983837,1.4590513,1.1459838,1.1986071,0.048552744,0.634344,0.07228289,1.4671687,1.1745905,1.0251149,1.6770875,0.47850636,0.054650646,1.1368687,4.8988514,1.332342,0.4824225,0.58169746,0.28143936,1.9184332,1.4210516,0.7666067,0.8601731,0.05038864,0.40322408,0.0,0.23869076,0.29125896,0.9706201,0.16679956,0.7537179,0.70149523,0.8896277,0.05945926,3.411565,1.478609,0.4979592,0.7500759,1.9175471,0.8742166,0.9581801,0.44414347,2.046205,1.8761705,0.7915765,all_pothole_images\pothole_images_new_image_654.jpg
0.6907873,0.81655604,1.0614983,2.2067242,0.19170189,1.919119,0.24783872,0.25979224,0.053855326,0.0075879917,0.06846417,0.47952566,0.9773062,0.22052364,1.0273496,0.339886,0.028082872,0.72640336,0.41236272,0.29425636,0.5095656,2.3311844,0.17828,0.2046905,0.27150065,0.3924949,0.14479342,1.449754,0.4092474,0.089949526,1.1542671,0.3334763,0.44439992,0.3996057,0.2867517,2.1880574,0.44327423,1.1736273,0.49043694,0.36289978,0.1446247,0.09108468,1.031659,2.050724,0.3700098,0.04508475,0.33360267,0.14022323,0.97642493,0.96877253,0.55733955,0.75409025,0.37925953,1.0744509,0.26125568,1.5050696,2.346027,0.34713316,0.5725749,0.08095134,0.08575847,1.0548491,0.4513544,0.23036544,0.63215774,3.9225662,0.4984035,0.0916727,1.656188,0.043366972,0.27662396,0.69060856,0.8675372,0.31929106,1.3572708,0.9682246,0.08581135,0.96855855,0.28625137,0.72749484,0.22533073,0.0038708097,0.26295602,0.214046,0.8966467,0.18365282,0.12816854,0.6932833,2.1226788,0.16770071,0.5464131,0.06283725,0.019436931,0.17040618,0.5804766,0.0,1.2724495,0.6639677,1.3359737,0.41286653,0.036233425,1.7630774,0.454514,0.021871593,0.3809974,0.32180685,0.21605161,0.34626165,0.2713134,0.08836,0.0017909342,3.2625623,1.0641321,0.6442919,0.84060186,0.12053178,2.119397,0.4471463,2.9773083,1.6955856,1.7242175,0.853326,1.1993649,0.004557485,0.19200137,0.620313,0.33008233,1.2508185,1.3948643,0.28817388,0.27086872,0.1466895,0.18762426,0.0045319176,0.040875785,0.83126,0.74824727,1.379586,0.4668816,0.11765822,0.62608093,0.7114592,0.086413875,0.44009468,0.53646433,2.2315729,0.0,0.13815384,0.13901551,0.828892,0.80407494,0.44077587,0.043272387,0.062732086,1.1391517,0.99217314,1.4281614,0.17322855,1.9267102,0.08522944,1.2213867,0.16490255,0.010184471,3.2278779,0.13070346,0.48247036,0.067356445,0.15661536,2.3544974,0.18763137,0.0,0.2078892,0.04672084,0.036121663,0.7916685,0.5686391,0.099104576,0.03014036,0.4996914,0.21104705,0.00856876,3.816375,2.6309497,0.834034,1.6420759,0.5306854,0.16135368,1.2634816,0.65779465,0.7029877,0.97130334,0.38827056,0.0,2.3455405,0.07698569,0.12037719,0.22182244,0.36777717,0.4695713,1.2643393,0.70612544,1.1954179,0.7067642,1.2632459,1.4687176,0.99715847,0.04911832,1.7590164,0.5537484,1.2506465,0.011202034,0.06827624,0.99126697,2.087276,1.1901128,2.5441751,0.68347764,0.28730282,1.1908793,0.45195186,0.645365,1.4802047,1.2823162,1.0834941,0.28793323,0.94648474,3.2651665,0.062681176,0.0757187,0.10271712,0.16251777,0.6340845,0.05680559,0.16243492,0.2599082,0.1548705,1.6519619,0.027696405,0.2673428,0.32372415,0.5616725,0.55665743,0.4696607,0.020403221,0.046654176,0.02098375,1.4913789,0.052893084,0.20922376,2.901682,3.4447868,0.47142237,1.1881804,0.5899948,0.05429208,0.51297337,1.0795971,0.36705163,0.6292063,3.1635692,0.0,0.31608135,1.4004292,1.4174509,0.7976841,1.3170779,0.8351906,0.70515674,0.59800303,0.629271,0.042238098,0.0,0.017637987,0.26936945,1.8090334,1.1828483,1.6311932,0.32794353,0.61232424,0.72835726,0.016078472,0.02653317,0.0954899,0.037213422,0.3460153,0.3067138,0.41079018,0.46084657,1.2045722,0.37241977,1.0643485,0.27360293,0.41760573,0.3343586,0.055534527,0.16110022,0.36215606,1.6633247,0.8920002,0.1963973,0.45205426,0.36200473,0.66273725,1.9022329,4.9161973,0.77447873,0.15544936,1.7664009,0.7268496,0.73305774,1.3499715,1.451619,2.3541217,0.5343773,0.30308646,1.2199439,0.05128665,1.5561926,1.0473967,0.5171597,0.20458211,0.0,0.0480359,0.13835403,1.0244619,0.3288417,0.87305576,0.013155572,0.8273183,0.65765816,1.6484568,0.2677148,0.13309193,0.1577711,0.27877736,0.18766661,1.6169171,0.3846195,0.30187827,0.2957324,0.26753253,1.6323845,2.844526,0.10744548,1.8564316,1.596424,1.0108318,0.0015557423,0.13189133,0.38941574,1.1064622,0.4985826,1.0699838,0.058793377,0.10818943,0.28568745,0.513664,1.270726,0.39735496,0.5140884,0.0,0.11701531,0.30227453,0.52882195,0.10001708,0.11043854,1.1095049,0.013374891,0.56556344,0.06734088,1.5363429,0.3529723,0.7030549,0.0019138382,1.1893057,0.35313904,0.44762892,0.2014243,0.82497305,0.06400116,0.06420506,0.036097106,0.27351928,1.2212952,3.3415165,2.5069826,0.56771064,0.0024594401,1.0637283,0.3310936,0.49452433,2.2652466,0.31128824,1.2114313,0.06559881,0.055722497,0.76550525,0.77972347,0.10173125,0.26643035,4.237169,0.2385755,0.33028188,0.8344552,0.48954374,0.12213018,0.19196892,1.5790168,0.07754696,0.121627174,1.6482615,0.8370341,1.1541955,0.7548951,0.05873716,0.010756673,0.8780595,0.39970595,0.15009129,0.0,2.9331708,0.17696184,0.06499206,1.1924291,3.0839028,0.04609804,0.24485679,1.9747443,0.0,1.4009811,0.13546918,0.76395524,0.16421816,0.9331015,0.33064994,4.387924,2.1180182,2.1115792,0.14405344,1.4201778,0.7738272,1.0196761,0.49325186,1.1851127,0.7100643,0.0,0.06832435,0.16981398,0.016798226,0.43504828,0.35090822,0.87776494,1.313789,0.7843936,0.6250677,1.2584342,0.7342663,0.20339319,1.3374594,1.720571,0.40392527,0.44918224,1.4417559,0.38255754,0.73694843,0.68449897,0.116856575,0.42626458,0.751387,0.27176487,0.6761384,0.47031024,1.2754862,0.20482269,0.2842503,0.0,0.51362705,1.5663275,0.35162014,0.15867805,0.26814055,3.9200838,1.0086585,0.25436825,0.0,0.16739553,0.28797102,0.21954669,2.6981592,0.20196529,0.096941955,0.57235485,0.37685362,0.45824674,0.1784367,0.38096327,0.08943062,0.17156895,0.008074968,0.3955409,0.77995175,5.095629,1.3057083,0.2629728,0.784019,0.4292228,0.0068890583,0.8971763,0.20759648,1.3808824,0.35605696,0.68742627,all_pothole_images\pothole_images_new_image_655.jpg
1.4134706,2.2076886,0.43241143,2.249106,1.3410738,0.4401188,0.19682072,0.075909495,0.25547332,1.2355727,0.20959476,0.16389892,0.18885048,1.8860816,0.03856286,0.39039394,0.14642143,0.02259946,0.9272836,0.04113691,0.7819167,2.4901183,0.631395,1.5578498,2.1518352,0.12265932,0.0,2.2317123,0.02134897,0.4301975,1.0953712,0.6476082,0.6839302,0.7873993,0.5310418,1.4282049,0.92163724,1.1074594,0.16407682,0.815794,0.59857666,0.15653987,0.58345157,0.32988542,0.6066773,0.94912374,0.5681077,0.0,1.0904088,1.3032645,0.61394334,0.21641922,0.253868,0.11370958,0.01824885,1.9507432,1.0153269,0.32752165,0.4606647,0.0021145227,0.10991692,0.2530492,0.45159155,0.12387725,1.1863519,2.0823314,0.48758158,0.134571,2.743844,0.26334053,0.5413999,0.1270225,0.41982332,0.80695295,0.94547147,0.7583876,0.22096293,0.0878997,0.5424175,0.3089885,0.015059974,0.24763517,0.44491196,0.75831175,1.6097215,0.84303564,0.060390793,0.33264554,2.5550542,0.72147244,0.5986389,0.40527016,0.0,1.8605775,0.121931136,0.12854509,0.9983397,0.5076736,0.02424027,0.09955352,0.59585756,1.5660299,0.06470849,0.19911972,1.576403,0.56874526,0.13826957,1.1429422,0.038617425,0.5401101,0.0013568386,2.8709314,0.57254773,1.3553398,0.8472754,0.06613277,1.3584112,0.3352384,2.2872055,1.4502264,2.9629133,0.88490427,0.4208911,1.3792903,0.26617444,1.1861925,0.14831723,3.5297694,0.5177513,0.411299,0.5095783,0.0,0.08107117,0.20164344,0.34514242,1.44067,0.5174321,1.5612257,0.46219268,0.05036496,0.17489293,0.47552925,0.18477683,1.0418591,0.0049769003,0.83702594,0.0,0.017170748,0.4458562,0.34371683,0.44291776,1.1234459,0.22379394,0.28312814,2.6962962,0.8071239,1.1930529,0.7687911,1.4047048,0.5215302,2.9681947,0.81883395,0.8214951,2.3614454,0.39076206,1.4749994,1.4853477,0.030790713,2.9904423,0.7498256,0.11384342,0.12554348,0.0050412,0.38309172,1.3668096,0.6876934,0.28613248,0.21610433,0.03482736,0.017055856,0.013267275,1.6098305,1.0393534,2.3514903,1.1604038,1.8649149,0.29189563,0.0012817717,0.5423782,0.8455653,0.15351571,0.6987765,0.35423437,2.7010746,0.33183333,1.2664616,0.91030353,1.9277214,0.16870943,0.8447262,1.318179,1.3776047,0.7536415,1.112247,2.4070394,0.28260556,1.013561,0.10451265,1.2495064,0.88870734,0.051998656,0.07052126,0.8025947,1.2173828,1.2714574,1.5809766,0.83751583,0.07987325,0.97272235,0.24068512,0.2577379,1.8078666,1.4541547,1.0655398,0.112974554,0.019798275,1.6234373,0.53333414,1.0207934,0.04827177,0.11345047,0.27650902,1.2122235,0.35724583,0.4891838,0.06965461,2.3231118,0.32057583,0.099142745,0.30361563,0.579027,0.30550963,0.32982394,0.6723892,0.8532609,0.11554467,1.3740764,0.89458823,0.47251192,3.9009929,0.8874741,0.46269107,1.3392301,0.13736187,0.30896658,0.260048,0.8373161,0.4354065,0.6419735,2.2634647,0.5866409,0.13393539,0.40452197,0.8086717,0.03969661,0.617035,0.8593566,0.49304163,0.39949432,1.252302,0.123446986,0.03881628,0.507816,0.07977662,1.2072027,1.1035242,1.3008057,0.3797704,0.8087854,1.3118049,0.00013694735,0.8909434,0.99969465,1.1567683,1.0228198,1.0692592,1.3551738,0.19607346,0.35521924,0.67949003,0.24090026,0.4738313,0.047935456,1.9731206,0.49671516,0.03395392,1.1088158,2.361269,0.1482502,1.67285,0.5991848,0.90918154,0.096012,0.7946923,2.5341008,0.22053446,0.34523582,1.6290451,0.19603725,0.014421229,1.6849937,1.1630607,4.6012363,1.1994058,0.10968495,0.3273162,0.025132967,1.9145763,1.7578635,0.18505065,1.3299938,0.06529337,0.09468744,0.7661523,0.4287767,0.37968063,0.22958155,0.06298537,0.1903732,0.8095907,2.2010834,0.20227922,0.16134845,0.0,0.009642452,0.9857807,0.007909317,0.17590734,0.66046435,0.32932702,1.076948,0.38580072,1.6679877,0.016900973,0.31491935,0.4712114,0.9283115,0.10301409,1.0431541,0.2132981,0.17517199,1.3912141,0.22635451,0.23354203,0.38686606,0.29507944,0.22497103,3.3951573,1.632122,1.9404974,0.5380308,0.5809204,1.8077906,0.10770535,0.034559887,1.2240782,1.8805579,0.11957962,1.0738028,1.2195895,2.3036695,0.68031484,1.1920934,0.22070454,0.6864563,0.8481141,0.258828,0.9076254,0.0020011954,1.0751574,1.1387951,0.6620203,0.17515631,0.647651,2.2815034,1.1090062,0.489995,0.09414457,0.46724263,1.265651,0.5204284,2.6158273,0.658853,0.96899223,0.0,0.75218505,2.3070698,1.857803,0.4223154,0.011823235,4.2650347,1.0069261,0.64575636,0.30057466,0.49481264,0.17817916,0.3713023,0.651109,0.004441137,0.1997284,1.261913,0.08777544,0.7762213,0.14631726,0.026050474,0.28201276,0.58490443,0.18536425,0.58402836,0.08087683,0.5512323,1.55999,0.27151075,3.6129136,1.7498332,0.19412863,2.1343527,1.1304256,0.5152313,2.4132447,0.56452584,0.72922623,0.6010744,0.66192394,1.3289741,3.587322,1.434575,0.80852205,0.22915474,0.69339013,1.2843238,0.41370073,0.29420036,0.46276414,0.59594846,0.0,0.25818446,0.06932935,1.4387842,0.8464058,0.95732987,0.88187855,2.1391976,1.367629,1.2581116,1.2434914,1.3709908,0.22164647,1.0488452,2.7256758,0.97161114,0.9759622,2.8075933,0.34530604,0.9973928,0.6117529,1.250908,0.049317025,2.133445,0.15311682,0.9542556,1.3733876,0.031049825,0.9541513,2.634238,0.33201134,0.29367545,2.998086,0.58325696,0.25020495,0.8625281,3.2168858,1.4919826,1.1456479,0.12405492,0.29415074,1.5292501,0.57877314,2.5633843,0.12941048,1.9209104,0.7978257,0.34637213,0.0058540003,0.61452556,0.01863158,0.14726783,0.35436428,0.987116,0.72983813,0.2619972,5.32301,1.7088217,0.47075233,0.35177076,0.041903798,0.16350804,1.0335114,0.23648493,0.57487243,0.49423984,0.2504747,all_pothole_images\pothole_images_new_image_656.jpg
0.9279573,1.3831426,1.0031834,2.123863,0.60215306,0.23155162,0.20932464,0.14659293,0.12532282,0.4170381,0.027744066,0.58231026,0.5225131,1.1657208,0.042842958,0.122731686,0.06313742,1.4306545,0.15373538,0.36622885,0.18998508,1.5393229,0.20975834,0.15562426,0.98456347,0.2724218,1.2052633,1.2226366,0.07628806,0.017510414,0.74030674,0.2537486,1.7557628,0.735334,1.0564297,1.535958,0.51527274,1.4087583,0.2487636,0.16874702,0.16692393,0.6634654,0.1807817,2.6189911,0.44677815,0.3962343,0.43268955,0.077389315,0.39330718,1.7238891,0.08268208,0.7569689,0.6791207,0.5698807,0.09669957,2.328534,1.5753187,0.4537008,0.25616708,0.49734238,0.18876463,0.1419833,0.70407623,0.2585893,1.2119354,2.0506053,0.23129505,0.74683005,1.3142245,0.9803901,0.50466895,0.37510332,0.05414618,0.47617394,0.28856036,0.19679801,0.12626222,0.96791387,0.031683356,0.04654131,0.64457196,0.016266821,0.35494116,0.5044519,0.8146907,0.3170055,0.3691218,0.1432671,1.7408805,0.5705573,0.5525019,0.58031946,0.0680381,0.59146166,0.03299713,0.045545116,0.996353,0.87717605,0.092139766,0.4950787,0.25696054,2.4487572,1.5047468,0.1296673,0.10381343,1.2647809,0.14948606,1.1086073,0.06840456,0.40682757,0.055653017,1.6152072,0.71425736,0.69296235,0.55038303,0.05140438,2.6036701,0.70383203,0.8395869,1.7327383,2.4593577,0.4077872,0.45881486,1.5208868,0.03903999,0.71568376,0.89229566,1.2105855,1.1754256,0.078306295,1.2247232,0.01514726,0.39918268,0.1962445,0.17237349,1.9233389,0.21020772,0.39061198,0.5999342,0.3632448,1.124781,0.058646806,0.53830004,0.88894755,0.800187,1.69455,0.51660436,0.8345956,0.20100969,0.19952634,0.39602992,0.66254634,0.0629871,0.01304077,1.3355387,0.41099986,0.95494,0.2245203,1.2235122,0.5954939,1.2083218,0.6009639,0.09402599,3.868222,0.016126417,0.11548243,0.6650464,0.38248092,0.9186685,0.55269647,0.254633,0.3689684,0.20354089,1.0442051,0.8412176,0.27282155,0.0767449,0.0,0.037861586,0.041121013,0.08715366,3.096864,1.7488009,1.4770232,1.2326852,0.14686492,0.42084047,0.5790016,1.0173804,0.34762236,0.057134394,0.7147741,0.33110112,1.4635068,0.18282852,0.84956545,0.41200575,0.5066311,0.28768706,0.17325598,0.5676084,1.2703846,0.8106705,0.57788205,1.708893,1.9645295,0.30294442,0.6678909,0.9208062,0.23135865,0.017064404,0.15959811,0.40119952,0.29344577,1.0090736,1.2698874,0.29277,0.26461458,0.45744082,0.3020177,1.0134543,1.0470957,0.22940817,0.56216556,0.43374708,0.6110162,1.1750164,0.9067898,0.86396307,0.9336078,0.16737352,0.3219024,0.6606956,0.2906491,0.5320198,0.076074615,1.3414845,0.19722417,0.10913693,0.2158685,0.015985299,0.3874647,0.4081997,0.18078329,0.4426229,0.15379527,1.1324692,0.29945102,1.0707059,3.470558,1.8480017,0.2101914,1.0726999,0.66282964,0.35215518,1.4468142,0.89978087,0.5519931,0.583175,1.478931,0.13120444,0.05837029,0.15127343,1.325904,1.0300715,0.45445967,0.19145018,1.2551475,1.4788452,0.19831322,0.19694357,0.1965803,0.0076793167,1.0198492,0.8094325,0.82568645,0.9949763,1.2562227,0.24368396,0.27893177,0.64401096,0.013296385,0.34882486,0.3923719,0.17698838,0.08405186,0.96365243,0.078853466,2.0751755,0.5443784,0.14052273,0.3837365,0.12691775,0.90853083,0.15570754,0.13068436,0.8284935,1.4933037,0.5795805,0.473301,0.42519596,0.3974113,0.037485957,1.0045224,4.683148,0.2646997,0.005412847,0.4486705,0.16260745,1.0251712,0.5786874,0.4362717,2.559221,1.6726956,0.6732171,1.8043473,0.008643673,0.5030811,2.1649184,0.44933397,0.8591849,0.16889976,0.28513578,0.11248773,1.5458424,0.081301354,0.4783107,0.16862646,0.93085665,0.34593505,1.7635455,0.2952985,0.45224738,0.2482038,0.3520443,0.123989515,0.5510745,0.1353856,0.42273307,0.5459353,0.49310765,0.17471741,1.3750857,0.2353988,0.285726,0.5735303,0.17484938,0.06984875,0.21785407,0.7468274,1.4927104,0.5078692,0.52543336,0.057340704,0.48101214,0.31456918,0.09682601,1.1632612,0.4247427,0.6695011,0.54156154,0.52663076,0.7849969,0.19727115,0.0,0.0048854738,1.9973807,0.20315534,0.020101571,0.5405343,1.6999575,0.605481,0.5751995,0.3702315,0.60621226,0.31755784,0.13633563,0.1574554,0.4733052,0.60784477,0.48244584,0.21872967,0.04337586,0.6477108,2.665665,0.7837212,1.5568132,0.02905275,0.3433225,0.2674113,1.2562677,0.90297496,0.29448172,0.17035608,0.03931232,0.30953836,0.969975,1.0864738,0.13959032,0.15129693,4.1220512,1.1359705,0.069260836,0.40132803,0.28018758,0.09043129,0.73475635,0.7331467,0.100781076,0.41422787,0.21345644,0.8377307,0.660533,1.3086283,0.0,0.36437505,0.81858855,0.6096968,0.76376253,0.09398417,1.9766867,0.93208116,0.4947488,2.599294,2.243667,0.096810415,0.6798376,1.4154242,0.60497093,1.9658445,0.2900485,0.45730826,0.42102274,0.39476433,0.940475,2.370991,1.2608237,0.6137211,0.39441967,0.5339894,0.16422042,1.1490207,0.17530143,0.73204166,0.8725287,0.16349286,0.997082,0.8609818,0.04399689,0.9613186,1.1458051,0.595249,0.9251849,0.77253443,0.34096465,1.1685421,0.45691738,0.7012114,0.8048999,0.29799312,1.8603231,0.09592019,0.83173025,0.1606689,0.60557806,0.31854528,0.2965128,0.10943527,0.37754253,0.29206967,1.5010844,1.3314517,0.056254197,0.50206524,1.1044604,0.0022485082,0.20196988,2.105661,1.2584305,0.13941628,0.3352158,2.5746412,0.49139667,0.9667152,0.18010816,0.24090444,0.50610065,0.14826363,1.4771034,0.061623137,0.83290964,0.7352241,0.0,1.2824869,0.018565176,0.24359131,0.090442725,0.07801718,0.6559453,0.01811669,0.13214476,3.104715,0.634367,0.66238743,1.4588202,0.8151452,0.09362708,0.23320854,0.6118618,0.0010935919,0.3310547,0.7749992,all_pothole_images\pothole_images_new_image_657.jpg
1.1057631,1.798758,0.08888098,0.8904554,0.39087486,0.42720705,0.924159,0.22243176,0.3157457,0.6918906,0.14868948,0.2617361,0.88431585,1.7562953,0.12908296,0.45080277,0.7195281,0.09858088,0.5845351,0.7712313,0.5949521,0.6892438,1.308096,1.7598507,0.1482061,0.3678002,0.18135668,0.6027402,0.372519,0.3258928,1.7814384,0.2311319,0.6932647,0.8958102,1.6211381,1.3134594,0.7085063,0.1138569,1.1883479,0.63209826,0.014060932,0.36642277,0.5661765,0.3701613,0.25220755,0.88799924,0.16084944,0.02255396,0.46614164,0.23782389,2.2276762,0.40562543,1.2312286,0.0828752,0.35772207,0.35143083,1.7920314,1.3820317,1.8532181,0.16979854,0.1658425,0.46797514,0.88851374,0.19328746,1.3306324,0.42050335,2.4964168,0.34167033,2.3860967,0.03099297,0.44220662,0.41346645,0.041597337,0.024754703,0.2794406,0.34731522,0.64058673,0.7940143,0.07348735,0.19003277,0.08595196,0.9078576,0.08580977,2.208428,1.196238,0.7532149,0.37519982,0.19879349,1.3381078,0.25429004,0.77114195,0.6034069,0.49646813,1.4093033,0.13234177,0.13089766,1.0336949,1.0359845,0.68673223,0.84544337,0.83710766,1.1878186,0.12754312,0.80539733,1.1107026,4.5135508,0.34437355,0.37029958,0.5414506,0.6575061,0.1955332,1.0188974,0.82352525,2.8587859,0.16356674,0.098152876,1.8193052,0.6237819,2.5953388,1.4552827,1.1262829,0.8081802,0.26436362,0.44672742,1.7867814,0.31360212,0.79468644,0.48249933,1.1465662,0.0795268,1.119333,0.251192,0.0,0.33972734,1.0383786,1.7661455,0.31580168,0.626516,0.020846255,0.48031738,0.0,2.247626,0.5850953,0.7317027,0.02171948,0.51900864,0.32967734,1.9742681,0.3601809,0.4536109,0.7630841,0.16265343,0.40689054,0.011046429,1.5715727,0.86948544,2.088958,0.54582924,0.40279302,0.12755804,0.90021044,0.67092764,0.4018557,2.8381834,1.8619723,0.41506156,1.184796,0.0181882,0.83318484,0.54673594,0.45455673,0.0073995516,0.39007887,0.00933927,1.4088013,0.75781965,0.35126534,0.027652962,0.0,0.01806962,0.71909,0.56255907,0.5529121,2.6094627,0.106868505,0.1904638,0.26873848,0.8250767,0.43919137,0.5156647,0.24126065,1.2110876,1.0243906,1.1801782,1.293222,0.04853874,0.85381454,0.980378,0.36827934,0.20948322,0.06391697,1.0390077,0.53395593,0.1933979,0.65091664,0.36699614,0.52847886,0.059031367,0.9487289,1.0116966,0.031142445,0.46314117,1.2775575,1.112476,0.6407339,0.4258133,2.5213177,0.116448514,0.9033616,0.11771665,0.533187,1.0198162,1.6429906,1.3801101,0.24542618,0.0,1.561633,0.015016403,0.42594543,0.1556755,0.014216424,0.30365086,1.0120419,0.49385917,0.91255647,0.5218267,1.8373582,0.14757302,0.61319554,1.8169749,0.65292877,0.72931796,0.40902817,0.42393157,0.13757403,0.08075356,1.444917,0.26590943,0.5960574,2.6242077,1.0321579,1.0103008,0.16968723,0.09051559,0.016325599,0.0026991288,1.1890881,0.3178561,0.2730924,2.106421,0.028041897,0.3151849,0.80663335,0.80403197,0.6616661,0.9628618,0.2939416,0.04386645,4.2288117,0.17879021,0.84140867,0.23556463,0.037261683,0.10579444,0.4306196,1.0047431,1.6573125,0.3731654,1.3259331,0.90574443,0.30734393,0.53548044,0.15767755,0.90041846,0.38520688,0.059664965,0.44018498,0.9638167,0.3681943,0.22490372,1.0978872,0.042643294,0.33791116,0.8038763,1.2637695,1.5015718,0.6419502,0.11966842,0.27616575,0.6781507,1.4353005,0.20760265,0.79709023,0.18099247,2.096674,0.013041949,0.76497316,0.14270473,0.03446537,0.16529524,0.29772127,0.76828897,1.9401739,0.033089716,0.18088432,0.66865283,0.09813191,0.50628734,0.546062,0.397567,2.8907685,0.09540536,0.3781229,0.2914092,0.69143707,0.5112058,0.061025083,0.48420227,1.0281773,1.2518625,1.4097214,0.13962345,0.3120216,0.004262453,0.030032843,1.0305488,0.82442176,0.0062429667,0.32517228,0.87505627,0.25263348,1.052063,1.3472544,0.5512954,0.404809,0.3049017,0.57445097,0.15146585,0.29509518,0.8563581,0.14791583,0.900421,0.37062392,0.6650292,0.51891476,0.05135686,0.36838317,1.4551358,0.13171595,0.4951399,1.3610939,0.9409119,0.4703741,0.5260442,0.0048066275,0.60300905,1.6852049,0.21749176,0.558515,0.84629506,0.77167517,1.638331,0.87113804,0.26898935,1.2586756,0.112658225,0.47433594,0.2968624,0.10334527,0.92914844,0.88109475,0.6580353,0.22923674,0.7501183,0.30689597,0.14797753,1.43631,0.21093091,0.32896414,1.4375604,0.18103021,1.9183508,0.3602843,0.14379928,0.007196492,0.90294164,0.38492295,1.874961,1.9376824,0.94381213,0.99626315,0.63431937,0.8240721,0.97478914,0.805841,0.017105844,2.2206051,1.783713,0.032740194,0.4831272,0.12027293,0.5390438,0.3949288,1.1444937,0.0,0.020671586,1.1774371,0.35651857,0.3817523,0.7313559,0.6136276,1.0183492,0.8101392,2.9461002,1.6917887,0.551144,0.99380374,0.7371239,0.27546155,1.6660192,0.21153773,0.93829966,0.008724038,0.45874345,0.31404316,3.596945,1.5460943,0.55656934,0.60988873,1.5775087,0.5797305,0.8239237,0.28902727,0.26596212,0.02022778,0.15944293,0.90941525,0.022786014,0.030078232,0.2753975,0.48650578,2.192609,0.90518624,0.016953364,0.21480118,1.7247218,0.43614984,0.16009884,1.3987261,1.0580405,0.46584105,0.3637214,0.616876,0.86832505,0.6989086,0.62820715,0.0036196513,0.48769277,0.16531204,0.036272008,0.9437708,0.4770517,1.1401687,0.18308836,0.3149407,0.10996606,0.16651346,0.5344796,0.09288607,1.1604075,0.39610785,1.2487258,1.10474,0.09441973,0.7603761,1.8592588,0.54240704,0.0,0.25230694,0.11024063,0.32236278,1.1356944,0.2738437,0.18424551,0.046544902,0.0017067529,0.32081148,0.8419429,0.10091178,0.3208406,0.02909617,4.098905,0.3942447,0.34002295,0.22097194,1.20924,0.25571147,0.6315594,0.42642304,2.04599,0.18354645,0.43974054,all_pothole_images\pothole_images_new_image_658.jpg
1.0294781,2.3437004,2.3634572,1.1954416,2.5881505,0.6385796,0.90951425,0.16772588,0.3214543,0.5605397,0.7757805,1.4969075,0.110655196,2.666011,1.2560358,0.1036107,0.49907264,0.16232999,0.70247686,1.8493898,0.3650891,0.3868834,2.564918,1.330601,0.029179946,0.62247163,0.13719621,0.38343614,0.6335025,2.1186712,2.4415176,0.1292452,2.1797025,1.3249929,1.1480129,0.5644837,0.08193769,2.8052738,0.20516135,0.20940441,0.021293493,1.1757351,0.69229186,1.1326365,0.7742121,1.1366549,1.0029215,0.00089596567,0.45620072,0.0035563859,1.784772,2.7881618,1.2289813,1.3338629,0.06257023,0.52590215,2.6526847,0.4147647,0.41753808,0.28348368,0.53399056,1.3395929,1.1921982,0.39291957,0.70555127,0.35550067,0.09673678,1.0666643,0.016690833,0.082420714,0.29027683,0.21606962,2.322201,0.00414905,0.07749624,1.5893496,0.65823066,1.3934569,0.053030267,0.85146844,1.3605007,3.001241,0.07269962,0.33652866,1.0494863,1.9174283,0.07506829,1.5320996,1.080601,0.18455704,0.0,0.3057908,0.16542406,3.27556,0.14553277,1.008875,0.78990304,0.30537787,0.8975355,0.81041014,0.1404381,0.7318288,0.1638052,0.19782214,0.98261505,1.7368373,1.8244116,1.6550003,0.49891078,0.28821558,1.1249328,0.67500514,1.9036242,1.5116736,1.2237085,1.2616566,0.20705071,0.64016557,0.456811,2.860782,0.2410744,1.4145887,0.73867285,0.44970506,0.051721208,0.6190608,1.7198396,0.096901834,1.4634128,2.5430446,2.0142233,0.7396109,2.3735106,0.7607772,1.8728445,3.332339,0.5370382,1.4017278,2.6695008,0.17038582,0.030092431,6.1938586,0.8588193,2.6762853,0.48128042,0.1827874,0.5356398,0.8607483,2.2307134,1.1511822,0.005419264,1.29262,2.1279945,0.4291606,0.6456495,0.35335457,0.020855693,1.5377977,0.17924036,0.79356396,1.110964,1.2749692,0.33471665,3.3292913,3.2650332,0.34590873,0.18551528,0.6461093,1.9813586,0.06746739,0.7801479,1.159434,1.1902152,0.41105625,0.24802355,0.039033804,1.4179353,0.5266494,0.40389907,0.54560447,0.0735246,1.160927,1.6101124,1.1993009,1.5854887,0.06325319,2.065193,0.31913114,0.13027619,0.41064262,0.93452376,1.487063,0.031148039,1.2533929,1.596438,0.04477592,0.63269585,0.73473203,0.059070572,3.2673552,0.13259394,1.5376726,0.35973513,0.6233275,0.811077,0.426419,0.07029748,0.09107399,2.5783968,0.2759798,0.056131143,0.20044307,0.65543365,1.807917,0.5771797,0.056558393,0.0496893,0.21408023,0.9784706,0.11712872,2.0700412,0.18220617,1.1376644,0.1516015,3.8484197,0.54152626,1.0305676,0.35036764,1.2263973,0.7281642,1.6096306,1.5353531,0.30332157,0.108361065,0.6417591,0.56716216,0.73330826,1.6653779,0.061201245,2.251694,0.25255844,0.5208416,1.2817143,1.5739288,0.3000926,0.10886301,0.59314424,0.5989087,1.1072657,2.7643943,2.7895384,0.7010953,0.42795697,0.5616602,0.11625674,0.65763634,0.09490739,0.6273397,2.9221919,1.9720894,2.5228477,2.4972465,0.31265277,0.0047074137,0.81837934,0.15064272,0.59792876,1.2762352,2.0314763,0.8513846,0.034064867,0.012134347,0.3171449,0.022602988,1.0651793,0.37238455,0.22603922,3.52128,1.2098577,0.3596242,0.119681396,1.160599,1.7780528,0.73176074,2.8802977,1.4157095,2.0872543,3.4631977,0.8996848,0.04412483,0.0056958483,0.45434967,0.84854484,0.6380156,0.7929836,2.5511546,3.4025247,0.7151629,0.48813128,0.539472,0.5713794,0.09101012,0.019985346,0.13117641,4.486688,0.36018395,0.3077989,0.13203706,0.027990242,0.102534436,0.59374386,0.7026409,2.24988,1.4907039,0.7988518,0.839425,0.3178576,0.29688612,0.8326618,0.5252094,1.7362169,0.69754153,1.0152857,0.12200408,0.052536782,0.002836588,0.6135548,3.3328135,1.213236,1.5411611,2.810936,0.6307676,0.31750932,0.0305151,2.0214646,1.4429184,3.0983188,0.6402372,1.4192466,0.4292394,1.5059088,4.0459094,1.5823448,2.3556979,0.85570955,0.49339208,0.74700165,0.3028034,0.44772786,1.7121993,0.10287368,0.19438305,1.1614947,0.17658252,1.4162674,0.446622,1.825583,0.15503034,0.08811468,0.59077865,0.9448782,1.5255345,0.37231234,0.666656,0.0054237284,0.0,1.2098658,0.29465717,0.64858836,1.9011121,0.4921273,0.40361047,1.6623069,0.90316904,0.3338435,0.24240622,0.6195533,0.53080267,0.27359587,0.69325346,1.0346341,0.058089275,0.065501,1.1349529,1.9129299,0.6503461,2.3203602,3.520205,0.093764715,1.7764906,0.14278005,0.44398618,0.51915365,1.2269986,0.39864635,0.89101005,0.5605221,0.12290495,1.3403871,0.7132228,1.1681839,0.7271792,0.35085526,0.74204504,0.5256439,0.6973402,0.6240469,0.6981138,0.7273014,0.09347474,0.5396973,0.0,0.17789137,3.2861533,0.4541064,0.4508808,0.0051470725,2.1750085,0.31982636,0.45697573,0.7623602,0.29944596,3.0754318,0.862187,0.67595744,2.105616,0.44465554,2.267024,1.8864493,0.7882424,0.25715682,1.3734188,0.23914932,1.224428,0.19472048,1.4252048,0.7622162,1.1730924,1.3817985,2.2007477,1.4459683,0.6790759,0.037257828,0.02382711,0.06687452,1.6615525,0.7219115,2.3243656,0.44299787,0.23714054,0.45968604,0.0061651915,0.68988544,0.30495146,1.0272578,0.13322948,1.0285988,0.25263023,0.29946557,0.12885025,0.52287537,0.85549533,0.9418874,0.73557544,1.5079669,0.25383604,0.22627138,0.51150006,0.10941538,2.0483775,0.5174389,0.019505873,2.0280058,1.0846531,0.12975043,0.46084487,3.650045,0.1899834,1.561401,0.20216662,1.9001424,0.7604317,1.9671794,0.5115708,0.04953959,1.1798403,0.6864671,0.26161408,1.3043439,0.34344512,0.1500671,1.9927897,0.076129265,0.14851521,0.9669477,0.015082254,1.3103849,0.017656876,1.2605335,0.5660893,2.9666815,1.7668506,0.28937477,0.31459793,1.0075656,1.000826,0.37271938,1.1763898,0.13245367,0.2684116,1.3285391,0.5422141,all_pothole_images\pothole_images_new_image_659.jpg
0.38760507,2.1125515,0.1190522,1.6452683,0.21132983,0.24986403,0.6780843,0.1358344,0.2013192,0.057584397,0.26192713,0.050665937,0.19275068,1.3092663,0.0,0.34556097,0.105252475,0.059421863,0.16952342,0.23851728,0.68672997,1.3770045,0.7693338,1.227002,0.46140885,0.24032842,0.42016006,1.3526504,0.21466199,0.6712236,0.94355243,0.14469458,0.6322831,0.41537556,0.788312,0.14689007,2.0001519,0.44255704,1.3872067,0.073681116,0.06438074,0.4697726,0.52670693,0.87003,0.7589874,0.28004378,0.3825498,0.15628599,0.13433205,0.0,1.0362736,0.8221418,0.5048118,0.055540346,0.1307478,0.9083104,0.5467878,0.12857746,0.0874013,0.052468035,0.0012437581,0.05000165,0.9148431,0.7330074,2.0363312,0.37408856,0.83447325,0.0,0.22214885,0.26149955,0.12077632,0.9202854,0.53516626,0.35262263,0.023323456,0.621081,0.5610269,0.16435808,0.039228607,0.27407536,0.45894217,1.4978842,0.67550427,1.820309,0.28234518,0.6983358,0.10807622,0.071841,1.8136556,0.12460393,0.26909682,0.2731139,0.3970589,0.9177114,0.12721726,0.0,0.83027756,0.80559975,0.507116,0.3828977,0.27003434,0.095074736,1.1855371,0.28349084,0.7018453,0.5321693,0.41879275,0.64556515,0.6134567,0.29434446,0.10450942,0.8120187,2.0033216,0.44661808,0.21977176,0.92924577,1.3857788,0.0,0.21999907,0.54338115,0.71976686,0.28544998,0.93655986,0.63572204,1.5216296,0.7286563,1.491756,0.081054464,1.842602,0.2617149,0.351223,0.22176698,0.0,0.17895247,1.6998023,0.8693808,0.22118303,0.731218,1.1088929,0.2618878,0.58987564,0.21929722,0.06879169,0.368558,0.65046895,0.5577642,0.07379916,0.63839763,0.4635374,0.18039395,0.054076515,0.43748888,0.17241958,0.06933109,0.6125964,0.19413918,0.2962768,0.05001468,0.13820915,0.7483402,0.5442022,0.52972347,0.04871162,0.81749505,0.19933768,0.076056525,2.2280796,0.2094676,1.0790718,0.3856067,0.12780596,0.11123201,0.014879356,0.0,0.35622928,0.24281384,2.2255118,0.15442047,0.53034186,0.18829437,0.2189056,0.7200624,1.1148676,0.0733393,2.7546105,0.4618664,0.073946185,0.7000287,0.034119748,0.3471531,0.35034505,0.37964037,0.55598116,0.8737896,0.2580819,0.37928072,0.48522785,0.7771723,1.0642458,1.0562725,1.311282,0.72619754,0.71059126,0.9817443,0.9176463,0.48204958,0.011026411,0.23551701,2.852293,0.33164755,0.104054466,0.6276138,0.7539576,1.2376871,1.953181,1.2490718,1.1780461,0.62297744,0.17227276,0.24862184,1.2512394,0.040262546,0.5792053,0.15009892,0.0915961,0.7246463,1.8837265,0.0054391976,2.2747684,0.70332867,0.69424266,0.6990733,0.3189859,0.07702717,0.7076449,0.26502085,1.2678328,0.3401904,0.07874364,0.26105013,0.8255924,0.858721,0.30604136,0.25421154,0.23163316,0.07994441,1.0838453,0.6146446,0.5661021,5.437247,0.928508,0.17934713,0.3420206,0.19996448,0.09342152,0.26345345,0.36263445,0.10399612,0.35828087,1.7634645,0.54342204,0.5427379,0.33834383,0.05802916,0.08118133,0.6121503,0.023609225,0.4246497,3.8406487,0.3207255,0.15647373,0.24066003,0.17967176,0.0673192,0.078470364,0.85588545,0.18955092,0.40666658,0.019148227,0.69602674,1.5439093,0.5797844,0.2193874,0.0,0.52970046,0.6677046,0.36817023,0.9321491,0.7734551,0.48160505,0.3372397,0.09510081,0.056705903,0.9806189,0.20968546,0.43437746,0.35808408,1.1236894,0.30883232,2.1253483,0.5032019,0.51092577,0.041567434,0.037667844,8.106349,0.6052604,0.040096123,0.028613193,0.04704379,0.13317977,0.098957986,0.35009187,3.7876897,0.6074043,0.1651021,1.8524207,0.3607089,1.3935084,0.7265633,0.68982464,0.3925364,0.17032139,0.2190795,0.1804532,0.8556707,0.23038132,1.2423837,0.48681238,1.1286658,0.20649436,5.218072,0.010784198,0.09902516,0.2640626,1.168798,0.25162175,1.8167135,0.6108135,0.18078901,0.25491536,0.19792482,1.2189612,1.1529933,0.13857171,0.7561554,0.6368475,0.3361622,0.28456846,1.0914911,0.9181201,0.7360578,0.046323765,0.28348774,0.6312562,0.11654951,0.032469336,0.4701996,1.5894486,0.0052198595,0.0015357818,0.6075662,0.3688689,0.8690717,0.5650305,0.1914586,0.26500484,1.3845185,0.7004209,0.06911283,0.7057221,0.15343234,0.6110341,0.38420603,0.21457052,1.787674,0.24606033,0.21266924,0.33327425,0.51621914,1.6697572,0.054328207,0.5423761,0.54907644,1.3018246,2.6666152,0.7932839,1.1979263,0.65387195,0.23192263,0.56867176,0.28819418,0.18611018,0.6230258,1.1350253,0.0,0.39610764,0.12115237,0.82246536,1.0777977,0.12550408,1.3988901,0.33941853,0.17595112,1.4746861,1.1622722,0.28968683,0.2790658,0.72824943,0.5779214,0.7676039,0.17838427,0.26571518,0.13648185,0.25120392,0.41368908,1.1603091,0.6960338,0.8197052,0.13431683,0.15594696,0.44296518,0.42997867,1.9291469,1.0235988,0.5321566,1.0846114,0.77258366,1.5956856,0.36642396,0.062402558,0.8589567,0.9402423,0.0,0.6965045,0.055467963,2.5144987,0.5498039,0.6574572,0.19496699,0.31466284,0.21510713,0.37213317,0.22128482,0.36624163,0.51280886,0.30663452,1.9257413,0.19615366,0.33363304,0.44532743,2.157183,0.5222076,0.19140036,0.36633188,0.59907484,0.6855566,0.9066889,0.22737789,0.41666314,0.9342837,0.6754347,1.2991757,1.0255423,0.07782146,1.1559054,0.14101925,0.26349643,0.07422695,0.4106036,0.5096438,0.45630977,0.07065865,1.5070469,0.0,0.66579664,0.047761522,0.27530685,0.19569004,0.24336831,0.7187132,0.35520408,1.4127345,0.3921705,0.1112099,0.47953084,0.3144326,0.8676377,0.28450108,0.30865657,0.8383036,0.11025186,1.5037323,0.38438317,0.0058954367,0.06484136,0.0,0.30707604,0.5188924,0.047080837,0.22329988,0.48017967,3.5696461,0.31486645,0.19728689,0.08639361,0.2711063,0.19616473,0.5818229,1.3966503,1.5015963,0.40590858,0.519261,all_pothole_images\pothole_images_new_image_66.jpg
0.8424724,2.3515983,3.1970515,0.9627846,0.2717319,0.8642808,1.7013408,0.057533782,0.15072174,3.0643015,0.3932434,0.22606713,0.2539287,0.2447043,0.9113577,3.4490778,0.23190965,0.9607129,2.151865,2.7798169,0.75641936,1.5420691,1.3665081,1.3890398,0.16314931,2.235077,0.37856382,1.3311231,0.86090213,0.73175967,0.31788668,0.63204753,0.046748273,0.63467073,0.66690546,0.021185914,0.67813474,1.7287127,1.2924143,1.069413,0.160662,0.61522263,1.1404426,1.1173036,0.3522475,1.0517515,0.4974197,1.3767889,0.16521393,0.35820878,0.36292484,0.9265476,1.1051122,0.3607474,2.610066,1.280903,0.91533226,0.48108602,0.56707233,0.7749945,0.4798092,1.4707012,1.0793054,0.22898646,0.14537817,0.6707508,1.3173889,0.34297103,0.3580942,1.9856977,0.4928826,1.5498277,0.8415858,0.4929436,0.96403843,1.911934,0.44960156,0.399734,1.6823565,0.6439483,0.8952708,0.15258202,0.75407165,0.21951586,0.8567187,0.4620358,0.9326007,1.0776224,4.6024675,0.864987,0.14966656,1.1327189,0.69305813,0.15303135,2.053408,0.21796544,1.1790953,6.156312,1.7838258,0.7858556,0.48027706,0.31818587,0.2915862,0.9087698,1.03273,0.539005,0.60821646,0.20482807,0.14938977,2.3418195,0.25047278,1.3585628,1.223398,1.0372143,0.11872706,1.4248348,0.6801646,0.6367677,2.8986418,0.13849291,0.1764545,0.34747535,0.2994759,0.27666858,1.2825885,0.7819481,0.905742,0.62688696,0.0047142603,0.24188088,1.0023918,0.73844284,0.29446518,0.010492458,0.6267566,2.0155323,0.21449065,0.27246812,0.088248,0.084888585,1.1452845,0.29799446,0.68704796,0.88028646,0.09390079,0.17995732,0.53868,0.83871186,1.9235857,4.6941276,1.9461832,0.47691327,0.0943375,0.44523785,0.8850276,0.93078744,0.5877847,0.6725338,1.7871872,0.080444254,1.6075526,0.2633368,1.3209622,0.66546285,0.8248918,0.71292144,0.88610065,0.77902514,1.7864132,0.42150512,0.5051197,0.545058,1.2589899,1.1607689,1.6268811,0.5751959,0.82825506,1.666175,0.56287026,1.4730719,1.4279543,0.51868063,0.15664198,2.5239537,0.76344043,0.84806263,1.215036,1.9977926,0.22966152,0.9463474,0.03936741,1.0927699,0.17881355,1.794772,0.09648206,0.06875702,0.45183322,2.0295615,0.18845248,1.5446863,0.20195694,1.9499182,0.12006098,0.19149974,0.45403078,2.4498384,0.3837869,1.1052003,0.43610945,1.3457009,0.8069057,0.6136425,1.5100471,1.5161822,0.38095278,1.0993555,1.9017738,1.2061875,1.0677408,0.9165381,0.51986235,0.85623634,0.46072796,0.26870915,1.9438105,1.6454661,2.64774,0.5361628,0.12768804,0.43072462,1.2077247,0.94414884,0.9629177,1.5447185,0.96503025,0.4170897,0.43298334,0.39419734,0.0514675,0.40516415,0.330915,1.1905879,1.8495165,0.29327747,0.28752187,0.16807069,1.1463476,0.265121,1.7809348,0.36760175,1.3723695,0.17863496,0.37618744,0.80579907,0.8202014,0.34321865,0.5408231,2.2324393,2.6948135,0.64165705,0.5075729,0.3317985,1.1006753,0.8550223,0.48663062,1.5945232,0.19836034,0.6958557,1.307038,0.4985448,0.16103671,0.63223493,0.12235692,1.0421137,1.9035828,3.220682,0.7290614,0.102519244,1.1151801,1.515158,0.03899388,0.113621965,0.7031903,0.51251334,0.7775005,0.9571994,0.19330676,0.19526277,0.489335,0.3390465,1.701022,3.0531883,0.7692927,1.2026281,0.48837817,1.1721222,1.117273,0.06473617,1.9501756,0.51997507,0.30525178,0.47414112,0.37875327,0.28619993,2.5993657,0.36053813,0.88010055,0.5534792,3.1957889,0.5372973,0.5810977,1.7908547,3.6905878,0.22493574,0.24419565,1.0569621,0.2312341,1.7797564,0.88165766,0.40659013,0.736904,1.2142388,0.13930142,0.51197743,1.2728689,1.6267115,0.14548562,0.00886236,0.9578719,0.05337461,2.2015476,0.16758394,0.3608297,1.0811851,1.9492285,1.3388175,2.7558196,1.5676092,0.85485363,0.053591218,1.0907419,0.3088826,0.6729325,0.18263532,2.4733653,0.40293494,0.6417942,0.99206555,0.13891567,0.9507225,1.0500084,2.149037,1.6985503,0.11069823,0.113657676,1.3024716,0.18208474,0.34445736,0.20911181,0.40878668,0.40006575,0.46391055,0.83040524,1.2931682,2.0215874,0.46371183,0.79172134,0.29396915,0.6379338,0.8654093,1.3318605,1.2858621,0.41160318,0.2824596,0.8186478,0.33853358,0.5046378,0.321844,1.0452756,0.08348777,0.49985448,0.62051463,2.812791,1.8036268,2.979275,0.17192702,0.32363725,0.15876694,0.4740764,3.9035943,2.3240285,0.8193661,1.2819425,0.44531563,0.59737325,0.0,0.7252307,0.70436466,0.98332244,0.86612344,1.949811,2.2161305,0.5583004,1.4570804,0.5345548,0.12632784,1.7761729,0.5357525,1.2866048,0.6297861,1.0817403,0.99339074,0.89370507,0.50923157,0.20227864,1.303373,1.2587469,0.18963309,0.919364,0.6068717,1.1869789,0.3651071,0.6758276,0.5420301,0.9314157,0.49017856,0.89486367,0.8614983,0.58683175,0.6098023,0.9277596,0.034092307,0.9821892,0.27805814,1.2378225,3.3356261,1.8012356,0.014457534,0.4891658,0.03951593,1.2296824,0.6311341,0.0903211,0.09577523,0.84532803,0.0,3.374883,2.3867598,0.6750938,0.6844223,1.3003899,0.8594485,4.1289344,1.2310165,0.4187742,1.3631638,1.1372682,0.41048333,0.611002,1.3598063,0.94076496,0.38383585,0.43223998,0.18665667,0.37060773,1.7624112,0.4586581,0.7790873,1.9599651,1.4770788,2.7750692,0.33614013,1.286364,1.3500057,1.6208707,1.2697034,0.1261665,0.4869175,1.35221,1.4660972,1.8391063,1.4497378,0.9074617,0.6123078,0.42597646,0.62699926,1.5733639,0.8095096,0.15962167,0.32915246,1.2475648,2.4220824,0.12567092,1.3449744,0.5526376,0.7120214,0.14851095,0.9719851,0.27624324,0.10787339,0.51519275,2.1392016,0.08181865,3.308887,0.4649692,0.18590097,0.05515905,0.94209075,0.47803503,1.6830117,0.14797856,0.6116948,all_pothole_images\pothole_images_new_image_660.jpg
0.06932864,0.8535955,0.10500407,2.2793696,1.6611799,0.021397999,0.18800586,0.18188502,0.0014450599,1.3136805,0.44442126,0.47840965,0.022789042,2.0668821,0.08312528,0.078591175,0.5713268,0.5395936,0.4814601,0.060000006,1.3570727,0.7866046,0.06431066,0.56563437,2.4124675,0.36188665,0.7533756,2.8552139,0.45081913,0.20383091,0.5449653,0.08198997,0.57586575,0.13121356,0.4137847,0.9387714,0.22158135,1.8433746,0.5741741,0.30355528,0.02338455,0.1851964,0.53757304,0.91835874,1.2555737,0.26595178,0.057764567,0.0,1.7440101,0.67897314,0.7279531,0.0753723,0.64834857,0.21887028,0.050222386,1.5528827,2.661475,0.33041984,0.0098183965,0.41829377,0.87972164,0.053748846,0.8418142,0.1544163,0.7137081,1.4048713,0.4208814,0.002976519,0.05272802,0.30013204,0.31986687,0.42298108,0.12099859,0.090508476,1.1234572,0.12078976,0.0,1.1820686,0.01587472,0.74636877,0.0059165144,0.11027212,0.18264651,2.8031492,0.525402,0.039452344,0.28293318,0.06814491,2.13163,0.12693611,0.35016116,1.0140584,0.058172654,0.033508,0.12359995,0.10241518,0.41835567,0.446955,0.3833545,0.75173515,0.27608812,3.9719718,0.076801576,0.40456733,0.42722145,0.062877364,1.3741089,0.23560098,0.009823089,0.071617365,0.3435187,0.8824585,0.32405186,0.36806938,0.9332012,0.21206951,0.50377685,0.14904672,2.1983013,1.3252227,2.4326377,0.42687395,0.00055634975,1.4179765,2.2083037,1.1445856,1.4477,0.04421271,1.6449846,0.30537236,0.14307599,0.01038363,0.0059788227,0.1729931,0.52692986,0.18887441,1.1777623,0.29365703,0.7712997,0.016040698,0.5033804,0.79216003,0.099134125,0.14063434,0.175081,0.67868,0.0075016976,0.41494372,0.45516098,0.05255963,0.024348475,1.0421437,0.08808057,0.5349483,0.8746799,0.539299,0.31398574,0.07406095,0.8286864,1.1292462,1.3309292,1.1595939,1.9760715,2.3912456,1.2151623,0.76493686,1.3835776,0.107363485,1.4410205,1.4313072,0.05774247,0.030997606,0.35762015,0.09089173,0.09066982,0.28701642,0.6267161,0.28893778,0.098291,0.18099765,0.044168796,2.105107,1.4534872,0.57317746,1.6507988,0.10369318,0.34030905,0.8020569,0.20793046,0.32729012,0.0,0.28488463,0.26147166,1.204643,0.34988573,0.3494197,0.52604294,0.14087214,0.4794963,0.31018957,0.4884331,0.6676278,0.44208595,0.56391305,0.45066887,0.0,0.094664715,0.07295454,0.75141853,1.0069658,0.0,0.014936953,1.7720411,0.14688429,1.1998868,1.8621153,0.7855968,0.03892354,0.040718507,0.86820173,0.92145866,0.41994947,0.5792011,0.16837323,0.0,0.04448268,1.1818128,0.5805523,0.22433993,0.9308604,1.6332237e-05,0.074925534,0.4140546,0.09462943,0.02220115,0.013794455,1.9024326,0.10083032,0.004600186,0.53867275,0.53876966,0.01458231,0.31719434,0.5443743,0.60039085,0.0,0.4924841,0.19456547,0.011828311,5.1219306,1.220351,0.22257653,0.16132902,0.0029937893,0.0,0.2752122,0.45035866,1.0352,0.1768759,3.229346,0.7947897,0.47180828,0.17936282,0.13069662,0.55311877,0.25522196,0.3645284,0.13735293,0.91812015,0.10503379,0.76055473,0.089233145,0.88916993,0.18385969,0.5347329,0.6354071,0.05989428,0.1655396,0.12329117,0.22518566,1.5745463,0.21907642,0.13963346,0.38746044,0.8579152,0.6895915,0.9688938,0.23632286,1.7431643,0.1681646,0.13340017,0.0,0.073330745,1.3513702,0.48806354,0.66382253,0.41936454,0.886523,0.10805786,1.767131,0.8491936,0.2162789,0.021088313,0.0015575588,3.9383037,0.27043277,0.09089028,0.029429093,0.10765533,0.90614504,0.2891345,1.5014853,1.5419364,1.2738996,0.46334395,0.49086162,0.01057087,1.005223,2.5573719,0.11855799,0.040534258,0.14971039,0.17083737,1.3089392,1.4955645,0.511283,0.34749305,0.19625132,0.532398,0.09234369,1.39919,0.48809174,0.017861377,0.01862473,0.332901,0.021868221,1.446103,1.0064933,0.60719514,0.7017413,0.03759693,0.10378794,1.772309,0.89699644,0.53572285,0.0010482231,0.13747387,0.67948765,0.49352357,0.18669474,0.78415734,1.0039049,0.24790053,0.38034472,0.109668925,0.08366462,0.22971942,0.72866756,2.0637197,0.26283914,0.0049660094,0.0033288253,0.9896391,0.18439555,0.020563811,0.0891987,1.7365885,0.8283023,0.2334905,0.19927834,0.9512612,0.36387548,0.34325337,1.0727233,0.09185212,0.9683498,0.2521147,0.18663777,0.30757478,0.25261202,0.732221,0.009333057,0.6016683,0.48391652,1.9688118,0.53812903,1.0864515,7.116397e-05,0.0,1.5421935,0.70858115,0.21747334,0.0,0.66709465,0.40754956,0.056872055,0.43595567,0.050772246,0.26405662,0.08505561,0.49522656,1.3700129,0.27300343,0.1738463,0.063533716,0.7613223,0.04271762,0.23757096,0.8421411,0.11496157,0.084899314,0.0,0.0,0.53419894,0.13305439,0.59158915,0.48152474,0.1286675,0.611719,0.21660267,3.1493948,0.07449066,0.4468418,0.8775894,2.7942371,0.27618825,0.8368804,0.24292435,0.16156217,0.3279364,0.78284746,0.7049146,0.87699455,0.20076253,1.3899792,1.2622391,0.39344063,0.19948253,0.04143199,0.23309346,1.813676,0.45274016,0.4789678,0.10179486,0.05231878,0.23971283,0.7593863,0.25461897,0.107364535,0.83186185,2.0158145,0.38893285,0.12589267,0.10206303,1.3582596,0.6761129,0.26981154,0.16423339,0.58250487,0.23818393,0.94839185,0.23155126,0.6703617,0.0052590575,0.3928019,0.8899476,0.24754556,0.0,0.11680099,0.48832765,0.0843977,0.6455186,0.35906848,0.040674146,1.2305472,0.004535139,0.50493735,0.68553555,0.91574085,0.022094624,0.14091118,1.440888,0.6463705,0.08294431,0.5442525,0.24498978,0.82015586,0.0,0.19889125,0.07992695,0.23771556,1.5494531,0.07656493,0.11701853,0.0,0.31244633,0.44405192,0.6560443,1.1101662,0.24934247,0.03881638,3.06832,0.49959198,0.20722206,0.31012082,0.21171099,0.10607303,0.59371006,0.24760386,0.10784681,1.1543378,0.09385116,all_pothole_images\pothole_images_new_image_661.jpg
1.3131505,1.2656453,0.90012604,1.4994797,0.9295556,0.33776793,0.115164265,1.3864757,0.6183527,0.4709699,0.17891727,0.36653218,0.6774509,0.021013256,0.33231613,0.3275917,0.004360713,0.2369317,0.14678748,1.946905,0.012583226,2.2722821,0.22981587,1.7820191,0.3998775,0.36582997,2.0458744,0.72438437,0.00072311756,0.5826393,0.98967516,0.8548701,1.7006007,2.2218256,0.27802372,0.41615248,0.8218525,0.8730943,0.27948746,1.4587281,0.15672782,0.0,0.09125828,0.64486694,1.4471635,0.0,1.4015148,0.0,0.70453924,0.96302265,0.19135055,0.25663182,0.620807,0.11136083,0.9951154,0.15996064,0.8920789,0.06337546,0.77325654,1.1595756,0.03918123,0.64700735,0.19086838,1.7048259,1.1173341,1.3595822,0.07367416,0.26567197,0.5636044,0.391516,0.01059711,1.3052034,0.119688645,0.055268463,0.0763593,0.48312065,1.2069145,0.16006058,0.07139986,0.24900782,0.27236295,0.72669065,0.053365357,2.8923016,0.10587588,1.9245943,1.2119913,0.28549632,2.8649702,0.7056119,0.0,0.04866074,0.64056224,0.8942595,0.58698744,0.36624488,1.6944281,0.02866392,0.69690984,0.17116266,0.05446404,2.2605093,0.43609557,0.0,0.17382258,0.16409041,0.062718146,0.4694382,0.5777248,0.11342361,0.42911163,3.8341236,1.3904582,0.062759794,0.020380175,0.13895321,1.5964698,0.1556743,0.1631863,0.8379876,1.6743077,1.3085304,0.98652226,0.78019667,1.0413504,0.12852122,0.16023365,1.749839,3.6696706,0.03104473,1.5386571,0.095767,0.32147017,0.031765208,0.41875142,1.219224,0.24901678,1.0237383,1.2039016,0.236584,0.85467285,2.4533203,0.22236939,0.96126455,0.6810621,0.9674653,0.30990922,1.1931927,0.13974251,0.20491587,1.086438,0.79432523,0.084837504,0.1496534,1.0712775,0.11401791,1.5138568,0.24515636,1.6533483,0.28850427,0.70596015,1.1406211,0.44871083,1.450085,0.23997676,0.28466937,0.5566262,0.26943004,0.8796675,0.84502715,0.16890427,0.24082446,0.18044233,0.003125886,1.3306209,0.0030640205,1.0422996,0.000944589,0.0012326613,0.58102006,0.6562981,2.5330884,3.694497,4.511005,4.403014,0.6513131,0.00090012705,0.5109136,0.6068147,1.6386055,0.63869137,3.8363652,0.00095935195,3.510245,1.1199093,0.3380673,0.07290204,2.8503573,0.50506276,0.39134914,0.47373432,0.71969664,1.5919281,0.41643727,1.4970568,0.9556714,2.2405994,0.7376357,2.9467938,0.12441948,0.0,0.40690386,0.30506235,0.2287301,0.6806781,1.160988,0.65916926,0.22218847,0.86267453,0.83177745,0.6776011,0.54300433,1.6219114,1.338821,0.33587956,0.4199713,0.5211807,0.0025879384,1.7745423,0.14699331,0.52831954,0.4534311,1.5149761,0.4816641,1.2202903,0.07665772,1.1939412,0.026228135,0.33700815,0.5766456,0.22444636,0.016035281,0.8909636,0.0,0.7677284,0.0,1.511395,0.17902008,0.086691566,3.434985,0.17451929,0.03303515,1.2930428,0.048085045,0.39364117,0.022473797,0.61816233,0.17739388,0.028512884,0.8036286,1.261574,0.2544221,0.86806315,0.7689102,0.08148336,2.929981,0.9472238,1.0279005,2.359283,1.2375722,0.5292628,0.1798392,0.197066,0.41897887,0.16048186,0.5814134,0.720194,1.485234,1.0812851,1.2574219,0.5766591,0.3489379,0.1480793,0.015666237,1.4798845,0.6452013,0.32847267,1.3424021,0.68436354,1.172042,0.13173707,0.0,1.7180669,0.58684635,0.5021755,0.3397662,0.6022704,0.5172013,0.301177,0.67464215,0.7968577,0.58330506,0.14804102,0.4944479,2.47457,0.5091589,0.31641248,0.3175626,0.58340716,0.05186689,0.44919834,0.36679584,3.452037,1.821031,0.46815735,0.016215662,0.083539784,0.15726222,0.8385308,0.7657857,1.4412234,0.020117981,0.29345363,0.48293653,1.0592204,0.37803778,0.7489657,0.4493063,0.40677688,0.7439869,4.654379,0.6334381,0.0037225205,0.6192426,0.7160609,0.61858284,0.7404251,0.04538002,0.12858969,0.10691449,0.5705282,1.7114986,1.5632019,0.15610284,1.0712242,0.6099589,0.2335846,0.71193767,0.53635746,0.5594154,0.2757468,0.119805254,1.0345334,0.7349758,0.55766374,2.7627318,0.2503451,1.26812,0.14646217,1.055621,0.17348382,0.37669557,0.24403268,0.07491968,0.012598587,0.66481376,0.5577652,0.52514315,1.6957344,0.72762537,1.9699962,0.30062276,0.9590758,0.074233815,2.0457563,0.50724673,0.6381737,0.22816473,1.0203979,1.1460662,0.39216506,0.041074455,1.2131505,2.0104992,1.6328303,0.87222046,1.1286105,0.104014315,0.08143922,1.175169,1.3900366,2.2494586,1.009358,0.24593875,0.009213997,1.7135899,1.3922815,0.5178519,0.7433673,0.3034296,2.1935394,0.7259268,0.6843036,1.038248,0.034443576,0.7023191,0.6210027,0.105867386,0.049883205,0.13050638,0.90446115,0.16928248,1.0185059,1.7241497,0.006875325,0.14248382,0.9932152,1.5144997,1.146646,0.29729328,1.6851615,0.32485405,2.236892,1.7175708,1.3133343,0.36275128,2.1469166,1.8594089,1.1659681,1.1289725,0.096760556,0.74371415,0.20759636,0.0,0.0014994105,5.0557566,1.7379197,0.8865719,2.236765,1.4265244,0.05383428,0.10970779,0.13154416,0.05860408,0.6654356,0.3287693,0.8463244,0.11983892,0.016707642,1.2127018,0.20492163,2.1038647,0.20176241,1.2045028,0.9170141,1.3328462,0.8530913,0.504732,0.009017968,0.6790706,0.30559602,1.3319373,0.054131422,0.13089707,0.31141922,0.034896836,0.87712944,0.14048555,0.25550884,2.3129857,0.56431216,0.22116452,0.73686963,0.08092119,0.34789842,0.15133046,0.970323,1.8617282,0.9072965,0.2726655,0.3739508,5.037136,1.0079023,0.65230685,0.21061744,0.08024289,1.524529,0.5212354,0.698278,0.009354984,0.020370996,2.0780234,0.3690607,0.097127885,0.07056281,0.012326002,0.8545747,0.52674544,0.0,0.15741937,0.12769383,3.409842,0.9504568,0.15605663,0.17025197,1.8457373,0.42310008,0.059073564,0.75956786,0.34604847,0.95954955,0.34925288,all_pothole_images\pothole_images_new_image_662.jpg
0.80361533,0.95347,0.31542066,1.0189065,0.23159786,0.0892962,0.41765267,0.60570604,0.20586233,0.458953,0.7306942,1.493548,1.5047513,0.3245364,0.46610284,0.48650658,0.53389615,1.3959036,0.8752319,0.16373615,0.029951537,0.40034437,0.9631455,2.7441134,0.01815518,0.09402853,0.07888124,0.118507065,0.0013675819,0.23180494,0.2430855,0.0,0.94287014,1.9194549,0.06080537,0.027990341,0.5247086,1.3831662,0.5613202,0.026810097,0.24093764,0.74503887,0.041482978,0.3808255,0.2936595,0.46095338,0.8901322,0.2725779,0.14006126,0.22547455,0.52005446,0.9249494,0.0147022605,0.0,0.33823752,0.6025275,1.3005188,0.29972363,1.1157587,0.007556783,0.039348092,0.30940107,0.7223713,0.9221853,0.32501978,0.41026935,0.42109683,0.4120474,0.06622495,0.16105175,0.16942942,0.05359203,0.018968705,0.025513573,0.30448493,0.71369016,0.04506698,0.52557963,0.0792237,0.6977722,0.11426269,0.3175968,0.7630344,1.0069644,0.47131032,0.7721414,0.029630752,0.27114454,0.36243865,0.04347776,0.3010599,0.10180782,0.47116247,0.099911526,0.22732998,1.7557787,1.5346926,0.8697083,0.91753066,0.12255255,0.12824023,0.85782737,0.29014468,1.0306978,2.2033205,0.56578535,0.052589774,0.031777054,0.23547485,1.8503934,0.23272985,0.71872306,0.49663925,1.3379982,0.05543984,0.6199058,0.73354506,0.019067537,0.68712777,0.54789287,0.19548433,0.14978406,0.41836575,1.4201499,1.1416316,0.28081268,0.111665584,0.49369192,1.7243409,1.1340032,1.005755,0.041152243,0.05279623,0.23918413,0.00063753536,0.19184342,0.024763416,0.15688002,0.04778695,0.27895698,2.595452,0.9298803,1.4653877,1.4916008,0.025919365,0.8193063,0.094168834,2.1035993,0.009292012,0.1657831,0.5717412,0.13317613,0.7234612,0.0,1.0595373,0.25944385,1.1559188,0.094389066,0.2867967,0.09934737,2.2684357,0.68535846,0.07495054,1.1922803,3.2459292,0.0,0.46702352,0.35125756,0.510241,0.37413514,0.2608059,0.041403804,0.0,0.07957042,2.5746758,1.047892,0.35314375,0.0,0.006616072,1.0015707,0.120183244,0.08137313,0.9204025,1.5776585,1.2627424,0.20029694,0.061896197,0.5840666,0.22069855,0.33357,0.19167101,0.07542599,1.1530672,2.3047118,0.0827838,0.036486592,1.4809732,0.7656126,0.29617587,0.106909625,0.3248099,0.21662925,0.99101585,0.050434694,0.11499924,0.9952193,3.3293207,0.40435058,0.96657765,3.2843366,0.0,0.6370295,0.07680966,0.27649,0.6618546,0.020980097,0.28248015,0.34133416,0.70336443,0.002629875,0.8145791,0.47774458,0.6332922,0.08174518,1.3814781,0.0,0.8598448,1.3842489,0.5510541,0.0027379156,0.001526952,0.059767246,0.22827475,0.4116899,0.6204199,0.020956319,0.07107825,0.50244987,1.0262039,1.597053,0.577061,0.13982052,0.18884945,0.39558348,0.07516636,0.023269847,0.8866281,0.0713789,5.1920304,0.9997686,0.9696521,0.54249984,0.43837613,0.014421113,1.3676727,0.7796705,0.40768954,0.02802799,0.057658374,2.2809134,0.15529385,0.014436487,0.049067084,0.40163016,0.2977297,0.271614,0.7979018,0.21642996,2.3466516,0.72379315,0.54791003,0.10675838,0.44533134,0.9193049,0.966827,0.61088365,0.86834794,0.20595443,1.0699271,0.18478905,0.087242186,0.2392863,0.442574,0.7294973,1.1822289,0.046533447,0.0035020376,0.0,0.0035269142,0.04304597,0.9443263,0.59406906,1.3973882,1.2965155,0.34947678,0.007143962,1.0791905,0.31369635,0.81332856,0.18525009,0.23762865,0.17649542,0.97827035,0.026901357,0.3889893,0.13353914,0.12808843,0.2557001,0.21973848,0.078709066,0.60067976,1.4277039,1.9309913,0.47473508,0.70438546,0.12779741,0.52079874,0.7987659,2.8998637,0.24803102,1.3977178,0.41032213,0.64753187,0.2912144,0.5040764,1.107548,0.79217094,0.054570507,2.7067382,0.0,2.2394407,0.46723786,0.49066123,0.16201219,0.03624431,0.0,1.0856925,0.49488902,0.4600218,0.016367426,0.60475874,0.16545299,0.13890174,0.67970645,0.0025515137,0.031196589,0.26886845,0.24580106,0.0009040204,0.20597383,0.07765229,1.9778261,0.22314449,0.0018211891,0.10828969,0.40250638,0.8133411,0.43318474,0.05540228,0.6129754,1.5449346,1.7647513,2.0199115,1.1305066,0.0,0.074031256,1.7629143,0.38764516,1.475286,0.5491817,0.7406663,0.34007645,0.25264302,0.8078225,1.8491899,0.21502654,1.2987397,2.0464156,0.09803336,0.8283079,1.8400184,0.7072618,0.46054208,2.8378427,2.2614074,0.032531634,0.25307056,1.2767155,0.090580225,0.1893758,0.02776458,2.1410828,0.12961076,0.023131087,0.29167855,0.0,0.7511534,0.38452294,2.9563553,0.61188686,1.2732671,1.7743162,1.4937726,0.5876552,0.38983232,0.0,0.7884876,1.3273727,0.08776132,0.1246559,0.6846957,2.1535094,0.29228702,0.16700912,2.1568391,0.72679406,0.7591467,0.6229338,1.1979626,0.08817326,0.0,1.4306403,0.6655874,1.4731263,1.0298048,0.05778018,0.57776845,0.39053032,0.79039913,0.75449216,0.1366792,0.89142734,0.08174567,0.10300732,0.06433054,1.2943674,0.14024,0.13424899,0.38148004,0.6758851,2.013038,0.020046074,0.27397248,0.107800774,0.042538594,0.0059105894,0.68438673,0.6049526,0.0020582909,1.3700832,2.1670706,0.27260682,0.0,0.37588212,0.18956593,1.2260578,1.1521276,0.019441102,1.1692553,0.84019524,0.82693493,1.414408,1.3070111,2.3451836,1.0524266,0.47295082,0.062987655,0.12466133,1.0642883,0.7990733,2.2445636,0.23873125,0.0677841,0.35966095,0.6721213,0.45345446,0.25335008,1.1088231,0.12001912,0.20076793,0.5175677,0.77602154,1.2362425,0.7858994,0.007556974,1.2830504,1.827883,0.01342834,0.33728114,0.25162402,0.6073362,0.5447966,0.39168435,0.027751362,0.6570028,0.34361562,0.038817704,0.13928069,1.5047492,0.19357345,0.9281194,3.6156042,0.06916138,2.5181868,0.106098056,1.2055858,0.45012963,3.2948794,0.0007263733,2.313254,0.14573105,0.044617534,all_pothole_images\pothole_images_new_image_663.jpg
0.36445656,2.034644,0.6561892,0.6975772,0.5899123,0.15737331,0.08042173,0.2951726,0.0,0.1162852,0.07373304,0.51244086,1.5198116,0.34456944,0.049186587,0.039844543,1.2529885,1.6782568,0.3465702,0.11613387,0.055229697,0.42846602,0.7351528,3.6924713,0.3489586,0.06894912,0.0198733,0.45104358,0.0059671053,0.77786255,0.31114843,0.030260276,0.5012268,1.2777565,0.3886363,0.24670756,0.46334732,0.6329575,0.58757275,0.161295,0.04248629,0.11833261,0.060564127,0.10033132,0.2725902,0.32118058,0.80989355,0.4531811,0.1744331,0.51644796,1.7649328,1.7262228,0.09606269,0.0436321,0.30576548,0.23929611,0.5532888,0.45802423,1.660044,0.0020762875,0.23040214,0.3377398,0.42789412,0.68823266,0.06845806,0.53901404,0.74747527,0.1592018,0.7320654,0.37191898,0.20788823,0.8194846,0.44516706,0.06426253,0.12858032,0.72730815,0.5395463,1.1412686,0.0056050937,0.14211008,0.094927,0.467629,0.713742,0.34921953,1.3032664,1.6031054,0.0,0.33749035,1.2184783,0.22270028,0.20115249,0.77293456,0.89938277,0.70313597,0.2474626,0.5308456,0.7954046,1.3545079,0.30210796,0.0,0.3410882,1.0039868,0.015672924,1.0118943,1.3057985,0.33704573,0.31637496,0.1760829,0.36880416,1.6855123,0.65407616,0.6151306,0.60498965,0.6057533,0.03919397,0.6306133,1.4620036,0.0017049506,0.43739676,0.4237765,0.5589684,0.91502404,0.5662609,1.0468887,1.2704017,1.485188,0.28632474,0.8771941,2.6280546,0.95945424,0.6635067,0.5326287,0.095810235,0.12933266,0.032929443,0.88797605,0.07845712,0.19773783,0.16179077,0.13495998,2.1997907,0.16337313,1.2218825,1.9249339,0.2634362,0.008872577,0.17043819,1.4092104,0.0100432085,0.6884394,0.9290312,0.4996511,1.2950662,0.013545712,1.1961497,0.46932012,0.92680997,0.33257705,0.0,0.2853946,3.1296523,1.4148225,0.24987148,0.47656912,1.1123459,0.019311639,1.8731207,0.13721788,0.25460902,0.682333,0.6682249,0.030281307,0.0,0.07135778,1.2318317,1.0285493,0.6060787,0.0,1.1723932,1.0118593,0.0,0.75150174,2.7914326,0.12424711,3.201986,0.25920942,0.11468068,0.9091947,0.52815336,0.14702001,1.0517112,0.2694335,1.0137265,1.9790381,0.0038936376,0.002967977,0.6913661,2.312654,0.15092252,0.20526524,0.57275975,0.61063427,0.7542346,0.4175246,1.7740058,1.8796128,1.8017457,0.38587233,0.8771291,1.9261913,0.08760123,0.40836933,0.25891015,0.057742663,0.34664357,0.2829669,1.7274115,0.63883734,0.733678,0.17163405,0.299549,1.1070441,1.5267512,0.5619672,0.29628003,0.0,0.6978861,0.38211837,0.27956146,0.0038843653,0.0,0.18300278,0.81366247,0.19669801,1.4150325,0.1609485,0.3071725,0.62243706,0.6560069,0.36131668,0.4512942,0.088402435,0.11605931,0.3725997,0.17974283,0.7532727,2.0602276,0.50683933,2.7262332,2.397517,0.6837748,0.4099441,0.534645,0.005733991,0.7396935,0.7088327,0.39541742,0.14877,0.51886594,0.5145846,0.42351416,0.74794674,0.08583355,0.37070987,0.37207255,0.8653332,0.120865524,1.0236539,1.6808153,1.1443514,0.6346586,0.6993028,0.91643167,1.8645205,0.5800279,0.7850558,0.41018263,0.14654733,0.79230547,0.5020417,0.61501575,0.20624137,0.24072106,0.63563424,1.0618759,0.76346755,0.0092277685,0.3655368,0.25323802,0.18338344,1.6974565,1.5634737,0.6282452,1.1293344,0.4714727,0.37489337,1.1201051,1.9617758,0.37467933,0.38369536,0.0016826898,0.29968226,0.043262392,0.007016601,1.6351639,0.3792468,0.02327625,0.34639004,0.24400803,0.27822044,0.21945222,0.98783624,4.830603,0.40774822,0.8866132,0.032995254,0.29549637,0.02172019,3.3151972,0.54569685,0.354381,0.51881367,0.0777291,1.2882528,0.40033945,0.85997784,1.0414245,0.007971073,2.6442711,0.039493337,5.5983477,0.4340931,0.78681386,0.0,0.015447354,0.251593,0.5654159,0.0,0.12074293,0.27093822,0.5052007,1.0324286,0.37177104,0.46379182,0.35010853,0.32569394,0.2018345,0.017674109,0.038232714,0.8376183,0.00969104,1.7900442,0.2614662,0.02673274,0.23892933,0.53263116,0.25581944,1.1370536,0.0,0.92581236,0.6969478,1.3351552,1.5681242,0.7675264,0.0,0.6457686,1.2098182,1.4392169,0.850826,1.0571159,0.602257,0.7270757,0.32643735,1.0276229,3.136614,0.4777573,1.249753,1.4972415,0.5463988,0.9465716,0.4284526,0.5713213,0.94430494,2.9545598,3.223512,0.19363742,0.06706832,1.0972472,0.028634423,0.16952345,0.03000688,2.7269073,0.44135022,0.2980697,0.34634924,0.31910595,0.50050974,1.6721605,1.8669866,0.53256077,2.0932314,0.8473984,0.47816727,1.7623181,0.0024963517,0.14884698,1.4211123,0.71302056,0.09350993,0.57382095,0.3736846,1.8909264,0.49618694,0.14073654,1.1621053,0.50382775,0.51520145,0.32022747,0.06027785,0.18834569,0.093026474,0.23006295,0.35025856,1.4585398,0.3041115,0.20096022,1.0043108,1.1498097,0.15044089,0.17445388,0.22075081,1.3936518,0.046437312,0.15294027,0.017013127,1.4015698,0.31035092,0.15038383,0.6562388,1.250891,0.6965477,0.30795905,0.084859654,0.6870233,0.5447553,0.26352504,0.12564178,0.4866204,0.15628299,0.871516,1.4194062,0.18612035,0.10771171,0.8889191,0.8660348,1.2530199,0.6281472,0.24281886,0.50579536,0.11734308,0.7892017,0.60302585,1.6030976,0.4334304,0.45939776,0.35819274,0.16191953,0.42011756,1.5030844,0.4018975,1.3550125,0.48183382,0.5499029,0.32385734,0.45503366,0.8192609,0.016605826,0.8445267,0.6087417,0.115129106,0.19192915,1.2978,1.4918584,0.78067666,0.0,0.14496838,2.424259,0.024738904,2.4029665,0.019589318,0.67225254,0.6341771,0.070011154,0.036746256,0.50120425,0.18368304,0.1364386,0.103992745,0.5590277,0.34748203,0.39172897,2.962264,0.96407217,1.3527147,0.13179453,1.1030662,0.50709087,1.377082,0.53625196,0.6401043,0.22434497,0.27727532,all_pothole_images\pothole_images_new_image_664.jpg
0.9433248,1.0606669,1.082297,2.144035,0.43380103,0.28595358,0.16772358,0.17104472,0.16503425,0.33014786,0.040076956,0.45123586,0.785835,1.0837488,0.09243193,0.10752767,0.074071966,1.4317172,0.22925341,0.41991735,0.15265402,1.8095248,0.13890527,0.23976564,0.8512665,0.16241728,1.0750055,0.8924154,0.024094116,0.015259725,0.816142,0.4386532,1.6433347,0.9409658,1.1356617,1.8778749,0.58041453,1.1853745,0.35207736,0.30888143,0.1418562,0.5109002,0.14383572,2.9762044,0.35434,0.47446537,0.39119864,0.1923578,0.4082362,2.2234254,0.24983725,0.9356701,0.72433,0.69251657,0.25948262,2.4590373,1.3759056,0.3839239,0.22740638,0.52996826,0.19447309,0.2871205,0.48147106,0.46172377,0.9734686,2.29155,0.61627084,0.4896652,1.5838175,0.94771713,0.59501594,0.50534755,0.039886292,0.6138857,0.08365298,0.09313914,0.18454202,0.80229676,0.05835489,0.07883053,0.45004317,0.03055304,0.5168962,0.3829579,0.7389227,0.2919567,0.1659976,0.167814,2.1088815,0.35889745,0.82244176,0.44359773,0.096795194,0.39828947,0.15512107,0.056619532,1.1722183,0.94858396,0.0639525,0.21729904,0.36169866,2.3310866,1.2440721,0.32764944,0.06625389,1.3404945,0.074081324,1.3571804,0.022596644,0.46135882,0.10266878,1.9706044,0.7115648,0.760643,0.37607208,0.031403914,2.7570906,0.8481646,1.641301,1.6236943,2.4290287,0.23221959,0.43245867,1.4217305,0.026475081,0.517094,0.83143365,0.889984,1.2331315,0.06099002,1.3212779,0.12754233,0.3386594,0.07687937,0.17105371,1.9275007,0.078337304,0.23627892,0.83259225,0.41681203,0.885404,0.18444337,0.56867844,0.99551356,0.6024935,1.4322273,0.47874743,0.93951213,0.29570052,0.33742413,0.350947,0.8102428,0.07907286,0.020428069,1.2899348,0.6003087,1.0127851,0.23282327,1.377214,1.0331173,1.0118341,0.88616335,0.08898716,1.9970256,0.0007773907,0.14505194,0.5074275,0.09957857,0.49851716,0.64377856,0.3509026,0.56012607,0.15149945,0.6451082,0.8623184,0.17508754,0.056137007,0.0,0.0531969,0.1710549,0.045150504,3.169575,1.7004558,1.632986,1.2248858,0.508572,0.67425257,0.5283191,1.3739835,0.5875631,0.16935986,0.77550846,0.40467235,1.5567716,0.22418404,0.9442206,0.408941,0.62424815,0.21582343,0.15289338,0.57717377,1.323166,0.6162189,0.9657337,1.3288876,1.6176572,0.4560828,0.5145482,0.7767864,0.119295835,0.0011602481,0.1098735,0.51880777,0.45926648,0.62651205,1.0002317,0.37768134,0.28272521,0.7456671,0.15391813,1.1963462,1.1492985,0.30902156,0.7132897,0.51664716,0.49836838,1.1801394,0.9230347,0.7616845,1.062757,0.16094832,0.30458334,0.98905385,0.4039391,0.6397575,0.10453531,1.2328556,0.22650053,0.1002822,0.18615106,0.012283147,0.38951033,0.2584884,0.21947826,0.29514748,0.061615612,1.4210675,0.5067222,0.91300446,3.7097926,2.3141692,0.34389043,0.8725129,0.65283775,0.55016184,1.0838104,0.8843062,0.55978805,0.74417204,1.7175087,0.031048087,0.1281482,0.31151798,1.5935892,1.3656628,0.61429226,0.17189693,1.3190986,1.2446214,0.13450651,0.28292888,0.16058603,0.0,0.8989111,0.81802577,0.897406,1.114554,1.330799,0.2718071,0.18802623,0.2880547,0.03277558,0.44037965,0.4515582,0.14758128,0.23190467,1.2476491,0.14505349,1.9684678,0.568072,0.29626012,0.4048106,0.009459569,1.258691,0.14075968,0.21264921,0.53736746,1.4763076,0.6989911,0.8750057,0.15912332,0.7210359,0.014351301,1.248908,4.624497,0.32832453,0.0002769474,0.6430336,0.17943975,0.99485433,0.546801,0.64090395,2.1588495,1.8145926,0.68790036,1.9368719,0.014996789,0.46970958,2.9124687,0.4663816,0.78132385,0.02663153,0.29333025,0.05345863,1.6117804,0.059813853,0.6637394,0.080136105,1.1345599,0.49961916,1.85165,0.42567906,0.5804521,0.2945504,0.376096,0.09866066,1.3196502,0.2059412,0.27449378,0.60609776,0.5614467,0.13662894,1.9590532,0.33280858,0.47692317,0.7909538,0.064717285,0.09025683,0.32514665,0.6718489,1.1896899,0.38218212,0.4634208,0.14231066,0.36687014,0.37402436,0.09146182,1.0004025,0.5113577,0.9356202,0.2681715,0.7535945,0.81587607,0.25878847,0.0,0.006881001,1.9911928,0.18022089,0.00084319076,0.6099019,1.9094087,0.5386987,0.7896419,0.43835118,0.61555004,0.27576247,0.57158107,0.20461747,0.80027294,0.7789277,0.36377805,0.24881636,0.044977266,1.1369523,3.0585358,0.5005614,1.3111752,0.001180449,0.27799076,0.17934214,1.1380501,1.0551065,0.31896785,0.15460357,0.028816799,0.20432374,1.0140134,1.0062786,0.18601198,0.061685603,3.8261516,0.9786686,0.06976605,0.47897416,0.17147148,0.1346868,0.7571448,0.58543,0.08856853,0.2651664,0.14437804,1.0537668,0.9019028,1.6148999,0.0,0.32242534,0.8442047,0.76781946,0.6109273,0.065764055,2.2078063,0.9124246,0.34492835,3.1158266,1.6021857,0.06283166,0.80775017,1.4828211,0.48173067,2.3364978,0.23453642,0.43039322,0.32118294,0.4852778,0.51116717,2.6716964,1.7728106,0.90373,0.33006757,0.4609627,0.06514414,0.8543959,0.14394142,0.8947873,1.1318296,0.25533637,0.6460474,0.885033,0.12608163,0.881049,1.6089363,0.6646025,0.9196756,1.0820261,0.32991284,1.3614511,0.29116878,0.5808137,0.70262134,0.36135444,1.8581098,0.08799067,1.4673635,0.071904816,0.49472842,0.38509133,0.19329977,0.13279743,0.26783237,0.22853616,1.7322024,1.7609004,0.10884521,0.40387842,1.0147711,0.21539359,0.2288488,2.1537344,1.4014981,0.15554345,0.38443163,2.47152,0.79370224,0.8924777,0.27078387,0.1534442,0.48441958,0.2700891,1.47157,0.06310371,0.6004641,1.0335493,0.008743472,1.3250816,0.00136366,0.16247244,0.019099211,0.12648761,0.43430156,0.018313717,0.11635276,3.35325,0.85413516,0.6793185,1.6252902,1.5762514,0.41152507,0.25054753,0.6404733,0.0013328379,0.2749965,0.83864325,all_pothole_images\pothole_images_new_image_665.jpg
0.7210544,1.5979787,0.6337654,1.5261766,0.4516068,0.82378167,1.2565018,0.02483008,0.13775998,1.9325091,0.38659993,0.71282613,0.013614018,0.31014106,0.027079431,1.2068399,0.1397608,0.13866863,3.2334116,0.19751395,0.160455,2.2109475,1.6519841,2.0487516,0.36695993,0.9677524,0.018479109,2.5601556,0.07165748,1.678079,0.67028886,0.27062055,1.4176991,0.6038254,0.20767775,1.611158,0.4053101,1.00728,1.0765548,0.6327141,0.11806032,1.0415199,0.39522246,1.44655,0.28083518,0.882623,0.4312831,0.06567208,0.60230625,0.12617575,0.87826616,1.0182017,0.20928751,0.5306388,0.3219735,0.719026,1.5277071,0.091878876,1.2901219,0.6166917,1.0181731,0.5706998,0.7032178,0.0012933359,1.6208823,1.4357704,0.9375473,0.5588676,0.5713362,0.18399988,0.27776787,0.06920072,0.0,0.4159292,0.53929657,1.467008,0.23769169,0.04152118,0.08951175,1.5349993,0.2731516,0.16447937,0.62200123,1.4895798,1.4979731,0.85935336,0.021226866,0.49940595,1.8963741,1.0415787,0.41503963,2.4398885,0.0,0.112044066,0.22196792,0.3754531,2.0841763,1.2950641,1.4230248,0.28753558,0.0,0.62942976,0.3145067,0.29953355,1.6867865,0.6108488,0.11330037,1.0156797,1.7988232,1.4477478,0.07939683,3.1130695,0.12948813,0.2289864,1.09299,0.52041805,1.3275625,0.5360067,0.09518234,0.6068508,3.0532188,0.70701206,0.79841715,1.1543423,0.7429543,0.050880358,0.4673434,0.65213805,0.15716109,0.19274132,0.15202136,0.29721683,1.1406509,0.33081707,0.15248908,0.11655026,0.19059476,1.7454672,0.18980229,0.7483361,0.007283796,0.38226452,0.5098602,1.2514677,0.11258341,0.402328,0.44477272,0.30899903,0.3408118,0.8602631,0.8442188,0.0011056158,0.041151714,0.48936883,2.7358623,0.722271,0.288281,0.19742249,0.053388674,0.46285278,0.92735416,0.064702086,0.032216635,4.6036973,1.9656236,0.1461619,0.10237911,0.08436011,0.9671257,0.68384814,0.1445858,0.40650088,0.013533992,0.0034209772,1.3527869,0.1632474,0.026807413,0.0,0.84522015,0.41954896,0.083766095,2.3657498,2.2350707,1.2469136,1.5903951,1.1059232,1.2839816,0.81504554,0.7659504,2.1011372,0.51584876,0.00051600137,0.17153193,2.076653,1.0989443,0.039573114,0.7356115,2.1904173,0.32595763,0.7529285,0.5216419,1.5203089,0.81608975,0.21167138,0.3264811,0.41918617,0.7404196,0.71651566,0.90797865,0.15267959,0.0,1.4238522,1.8959048,1.1867907,0.9007897,0.5468353,0.20977993,0.07375026,0.70950365,0.18812627,0.4372208,0.30740342,0.18885063,1.3100698,0.15949197,0.6261931,2.8013935,0.100934565,0.14188264,0.088717714,0.80319476,1.064681,0.26212555,0.4007983,1.2930769,0.08277292,1.162282,0.025128437,0.06953694,1.2515656,0.51281524,0.12970403,0.0,0.090682074,0.44075242,0.021052482,0.91664124,0.026737764,1.9327247,2.452888,2.3418472,0.08785861,0.06865649,0.133274,0.15115029,0.4441399,1.5630294,0.96562177,0.9804876,0.85362816,0.110716075,0.0012758281,0.51129687,1.5078552,0.1200896,0.8521657,0.21511155,1.000555,0.42149436,0.114762224,0.027684676,0.41991875,0.17982332,0.46166924,1.7190127,0.8955167,0.3854395,0.859131,0.26752692,0.47762853,0.009982758,0.9715529,0.46526468,0.26159933,0.34722066,0.064819306,1.4488003,0.6809677,0.52659327,0.028795673,0.43234646,0.24294847,0.08773687,1.0847328,0.49895546,1.0643935,0.45942563,0.49568602,0.1885186,0.13511032,0.079030216,0.9587818,0.60747355,0.7107669,3.3797781,0.5537648,0.030666528,0.9495138,0.06372028,0.58047193,0.49658105,1.1201323,2.3569837,0.4973209,0.37313756,0.22005545,0.5289686,0.42902756,2.0907938,0.17861882,2.0888267,0.20670657,0.23043334,0.041331515,1.2796705,1.093512,0.8709425,0.10496979,0.94120836,0.12992892,2.4285262,0.20202056,0.60415965,0.12867582,0.5267675,0.44726998,1.0758712,0.40712947,0.03289011,0.67959684,1.2545204,0.855778,0.87587005,0.49814236,0.5313419,0.75981027,0.162682,0.5317089,0.07128351,1.2617303,0.74830663,0.30671322,2.0585024,0.64968854,0.0035422111,0.28410426,0.6366569,2.079318,0.16283756,0.15113528,1.4167063,0.20048754,0.83299994,0.3764103,0.31648967,0.2636299,1.7041332,0.082391426,0.34600502,0.12962843,3.0715861,1.1389424,0.37008747,0.15362164,2.0707593,0.2951531,0.015288477,1.8643882,0.40317807,0.8564222,1.032212,0.12169893,0.5406179,0.46069404,2.4679077,1.3516415,2.023595,0.030233482,0.3354421,1.9743754,1.7684267,0.68708575,0.16635185,0.6603302,0.2083195,0.4060499,1.6734504,0.7997233,1.3810763,0.0,5.5250154,1.1269017,0.42031968,0.48150876,0.5333979,0.012321234,1.2182891,1.3382257,0.047347248,0.3692191,0.055636134,0.6781513,0.9770799,0.456257,0.10381798,0.045753002,0.30635762,0.33248013,0.3476521,0.4400333,0.6011446,0.42589024,3.4486256,1.2076904,1.378057,0.32918453,0.50681746,0.3894462,1.2849057,0.2566506,0.19860205,2.3424037,0.25620383,3.2523026,0.58841455,4.1753273,1.3548927,1.3342315,1.0320343,0.41674787,0.61885434,0.08592921,0.048815314,0.4299004,1.1132966,0.0025871336,1.1144241,0.3864216,0.10778297,0.4633829,0.8974027,0.602761,0.7523925,1.4408294,1.2740912,3.8694003,0.91739947,0.5869007,0.3873593,0.79570097,0.19094574,0.92958486,1.2873476,0.27923107,0.562154,1.3279701,0.01307062,0.18963282,0.041465364,1.4058106,2.0534167,0.41968885,0.03753373,0.33836922,0.3371448,0.3639542,1.0829747,2.0972836,0.65666866,0.7595062,1.0354327,4.254234,1.5058316,0.4905717,0.0,0.5667054,2.6222844,0.4451039,0.4493583,0.0,0.91907865,0.5955654,0.38242418,0.2662914,0.018254625,0.18334731,1.0188617,0.09230664,0.26912647,0.45476562,1.2123611,3.159286,0.7504495,1.0949595,0.53755295,1.2012651,0.16932388,1.1336143,0.7318537,1.0872744,0.51418513,0.0,all_pothole_images\pothole_images_new_image_666.jpg
1.1547846,0.48653123,0.7838778,0.6586624,0.0,0.0,0.035900608,0.6025381,3.5535047,0.78198725,0.0918539,0.039498094,0.008902578,2.5810437,0.61801356,1.2390287,1.3106151,0.07016134,1.0939659,0.18636216,0.5670362,0.72864264,0.06598416,0.0,0.08961847,0.0025940195,0.0021836553,0.80886585,0.24670659,0.2527301,0.0,0.10512134,0.35877392,0.20735171,0.0,0.04437463,0.0013184772,0.11753452,1.0976018,0.002099197,0.031570416,0.0,0.83824366,0.7655956,0.8579269,0.29527158,0.025339287,0.048029773,0.32668445,0.4008679,1.0058835,0.0,0.13479675,0.3156777,0.054976866,0.35343614,0.0076186666,0.2623666,1.3903239,0.27022448,0.035392493,0.04229551,0.0,0.027887888,0.26098073,0.24093068,2.364857,0.020403774,0.11139679,0.033315208,0.0,0.03858219,0.79640275,0.0,0.86239064,0.06700842,0.5245338,0.11774157,0.746693,0.010506983,1.3185165,1.1986724,0.07008551,0.3791215,0.08467925,0.03893658,0.61213464,0.7481871,0.6755763,0.11680926,0.20960689,0.21096669,0.04401355,0.98227566,0.73285395,0.0,0.27844274,0.8540439,0.14185011,0.24566627,0.0,0.56248325,0.35291314,0.009281654,0.60202557,0.38548353,0.13419968,0.0,0.013360096,0.20192821,0.13673301,0.0,0.086044736,0.0,0.10698033,0.0,0.08074776,0.15339632,0.32959634,1.5792542,1.1792535,0.07936329,0.047240783,1.5824343,1.4914995,0.59471864,0.7524859,0.016529234,0.049365666,0.0,0.0,0.3625569,0.0047389604,0.16048288,0.9029524,0.029118594,0.0,0.98150617,0.049637675,0.21623994,0.011391645,0.0019387619,0.71472305,0.0,0.5781307,0.024776349,0.22241272,2.173618,0.56765085,0.46645674,0.16622746,0.6806058,0.0008679586,0.6293219,0.29623044,0.07885939,0.16028778,0.018393666,0.18456155,0.0,0.35616177,1.2068145,0.0,0.0,0.02962893,0.42728758,0.22457953,0.0075704614,0.33343494,1.5530427,0.051589474,0.0018602988,0.329877,0.0,0.15177926,0.87430143,0.12088659,0.0,0.08812439,0.0055468464,0.0,1.0671859,0.3443445,0.7690242,0.0,0.48483166,0.0020858708,0.77085066,0.12104632,0.5203659,0.44380856,0.38005206,0.34091935,0.567697,0.13707161,0.30002815,0.5635614,0.12544939,1.4754391,0.0716884,0.034727965,0.07949038,0.007603266,0.0227944,0.19721533,0.030084303,0.08253887,0.12352138,1.6111244,1.0148435,0.021744728,0.0,0.0014688805,0.15461095,1.0128003,1.1636775,0.017364906,0.72689426,0.0,0.08109294,0.0,0.56210303,0.5995268,0.91779095,0.01506955,0.0,0.31476378,0.029793534,1.5555446,0.0,0.0,9.4553965e-05,0.02440102,0.9037524,0.31612206,0.47620034,0.5764008,0.118536055,0.0001133776,0.431256,0.09163933,0.14886877,0.0,2.236801,0.27954704,0.0,0.28562012,0.0,0.92857146,1.4119656,1.3782533,0.14334626,0.0,0.10636345,0.06530213,0.0022332738,0.16612472,0.530116,0.03144759,0.7815924,0.2614299,0.017585482,0.21240184,0.20474474,0.0,0.33595502,0.0,1.2188712,0.5947641,0.0672683,0.09142451,0.21980102,0.08722974,0.38694584,0.00557382,0.18498822,0.0,0.016734114,0.0006196408,0.0011787221,0.003141332,0.14787726,0.025151236,0.20860305,0.0,0.0012348694,0.09920665,0.014739662,0.00061393075,0.0,0.0,0.44658038,0.08062313,0.112937264,0.10590742,0.32490474,0.23105362,0.31145605,0.41120803,4.2028966,0.21894637,0.0012889976,0.019283263,0.0017019477,1.634033,0.015604997,0.09258439,0.0,0.0748663,0.028146483,0.1500563,0.09870728,2.0030134,0.70589346,0.025628028,0.033625476,0.07869422,0.18544248,0.99890465,0.0,1.3769783,0.0,0.07636842,0.0,0.10848584,0.5142395,0.4872804,0.003961727,0.010127564,0.0,0.09470706,0.1964984,0.51293266,0.014090594,0.30956712,0.087383084,3.212251,1.4744726,0.04412712,0.31815508,0.9985989,0.8235864,1.4430274,1.7309082,0.74492264,0.30440742,0.07244413,0.13273282,0.0,0.83166516,0.30947724,0.031883605,0.03226644,0.61605483,0.17127699,3.9565983,0.0047753775,0.3136032,0.51312107,1.1853952,1.2975342,0.25691137,0.0,0.12439745,0.52263486,4.0770426,0.016298968,0.08923519,0.019158758,0.009499675,0.43978348,0.0024141127,0.5932729,0.024167428,0.5927083,0.07839913,0.19460005,0.0786425,0.24654473,0.7320798,0.3702177,0.32892612,1.4783375,0.14054711,0.34934622,0.0,0.252811,0.9171413,0.64023346,1.1256508,0.48194504,0.0,0.09993697,2.0885406,0.004304103,0.052306756,0.863708,0.43300948,2.0648143,0.0,0.56870204,0.3552309,0.33401945,0.18220247,0.026167601,0.0051393732,0.0780208,0.28138202,0.096515864,0.3856022,0.042325594,0.5665457,0.20263639,0.44143695,0.0,0.077151015,0.11788131,0.029166503,0.22196993,0.025826871,0.094914764,0.0,0.0,0.08082575,0.6107425,0.4854136,1.2801781,0.05882921,0.0,0.081536055,0.23424682,0.088531315,0.0,0.17308117,0.008326972,0.8704504,0.14064023,0.0,0.035543542,0.3179562,0.28590482,0.35435656,0.44343367,0.0,1.1511608,0.09580032,0.6407581,0.22039002,0.0050908825,1.3812869,1.4448994,0.82225907,0.6125776,0.1863954,0.16964048,0.10584526,0.0,0.1627774,0.0,0.5953679,0.87156147,0.008069692,0.0,0.0,1.8413991,0.13529405,0.15052375,0.0,0.001972594,1.1007869,0.11753131,0.053501066,0.0,0.032567754,0.23194557,0.09804332,0.14747,0.13451406,0.061172247,0.009311366,1.4019111,0.07059552,1.118593,0.0019523489,1.1209394,0.0,0.0,0.123476855,0.055499446,0.08922305,0.4414278,2.2051008,0.0,0.03704033,0.074192956,0.0,0.041526563,0.063407935,0.0,0.04308573,0.081602074,2.46902,0.12005985,0.18618469,0.13388652,0.60942566,0.11201519,0.04855018,0.89310724,0.77002627,0.1521977,0.7698102,all_pothole_images\pothole_images_new_image_667.jpg
0.187938,0.13213967,0.0082302345,1.1715852,0.2326767,0.41730163,0.24485178,0.0,0.16158397,0.42786655,0.3562262,0.3744182,0.23214985,4.5072455,0.49368566,0.0005063696,0.28788516,0.21030875,0.97407734,0.1953989,0.4893744,3.0882642,0.22211304,0.0,0.7384792,0.52829516,0.9179025,1.5816507,0.62343544,0.23437509,1.6430557,0.15797226,0.2570265,0.1332165,0.18834028,0.43365967,0.16052157,2.2836785,0.046379853,0.37637734,0.027208392,0.05994713,1.3063236,4.744106,0.014658775,0.064008206,0.43788567,0.5005384,0.23966245,0.81432784,0.3702923,0.21236815,1.176943,0.5565633,0.1102392,0.678508,1.736126,0.1018943,0.20154975,0.33312625,0.6206662,1.2090331,0.26723236,0.039256234,0.72118175,0.546787,0.46506312,1.1300086,0.63951266,0.6357194,0.099308304,0.06254735,0.3820306,0.042363603,1.1949136,0.41409144,0.015883448,0.5552667,0.10894236,0.40629873,1.534347,0.23844214,0.3609451,1.892646,0.087113366,0.0,0.009567236,0.4820315,1.7969611,0.4261139,0.7272069,0.64105135,0.18207951,0.42478544,0.24278529,0.30524254,1.095074,1.4041312,1.8171613,0.3223792,0.55162513,1.2495955,0.15522854,0.1103523,0.14492583,2.4393208,0.24639542,0.21242344,0.0023317595,0.52499413,0.12694858,1.7101196,0.14128411,0.22376622,0.51747006,0.04245904,1.072699,0.21892282,2.0244422,1.2427768,2.9629307,0.23186734,0.051923487,0.3785752,0.37319914,0.35307825,0.00554756,0.14217862,0.05270359,0.23980157,0.246131,0.08191642,0.48842627,0.01862053,0.07969461,0.41356784,0.50888765,0.46005082,0.24126212,0.4668497,0.6348662,0.10920713,0.7238875,0.014128502,0.3117695,0.0956542,0.8884045,1.3773638,0.050385658,0.16847692,0.09854375,0.06264073,0.010984477,1.6599504,1.5814954,1.4158144,0.7453753,0.2623549,1.7717108,0.18099391,0.93529356,0.32392174,0.040642977,0.2539517,0.25338018,0.6011717,0.014681157,0.77430785,0.33275318,0.10347745,0.16029245,0.5076005,0.7202711,0.40502828,0.080504,0.029214999,0.6410441,0.13730086,0.0,0.13088103,0.9789867,3.9428442,0.4058214,0.45444992,0.010850141,2.2099895,1.2052726,0.24256791,0.32127678,1.6926132,0.0,0.43178043,0.11602472,0.67201674,0.13000926,0.013072638,0.15732212,0.03731302,0.39149785,0.6183039,0.023579847,0.5142016,2.9438326,0.21421699,0.3513465,0.041271467,0.14544733,1.4061747,0.0,0.49576735,0.23327,0.54960847,0.6675003,1.0370336,0.84392774,0.64733577,0.0030520232,0.44273198,0.67821425,0.35543966,0.76492065,0.16719805,0.26738635,0.36086124,1.0471977,0.02833783,4.507973,0.48418838,0.4864181,0.9460273,1.052578,0.9509355,0.18704504,1.2604314,0.008404535,0.4417055,0.34999162,0.017806707,0.12511843,0.34943116,0.13988748,0.42526275,0.06232939,0.30518556,0.60128784,0.17027381,0.33202976,0.4484254,0.7125993,2.4603791,5.7618046,0.0060381517,0.4000275,1.1294618,0.6990143,0.86687636,0.46603656,0.4799364,0.39383346,1.6376054,0.3721653,0.13548355,0.25227696,0.6257741,0.86774576,0.19222218,0.48276526,0.06866189,0.596088,0.09037691,0.2967031,0.38008142,0.70934904,0.4184066,0.39520118,0.9474956,0.774074,0.0031591028,0.11831256,0.42667305,0.11519261,0.07084592,0.0510579,0.72091854,1.3317388,1.1921602,0.79355115,0.886877,0.55739594,1.1114699,0.0,0.21752805,1.1096231,0.0,0.06898156,0.7344313,0.07368653,0.88346344,0.014275543,0.118741386,0.538749,0.2342152,0.27907032,0.5908198,3.1012454,0.8165272,0.19591805,0.4577454,0.008136112,0.7930696,2.1317368,0.85322523,0.21516028,0.06261362,0.46489838,1.4876024,0.041609958,0.48357162,1.0606865,0.54104024,0.077600345,0.0005061357,0.2129581,0.45604026,0.24954456,0.16667482,0.6441758,0.0,0.17865056,0.0,0.0,0.9727449,0.04174789,0.29772663,0.033866234,0.39608547,1.6156301,1.3949459,0.50914633,0.099903785,0.47151533,0.89557225,2.2801666,0.6364825,0.50624377,0.0,0.36650333,1.1639079,0.2985549,0.47909063,0.75038505,0.30583608,1.2868131,0.39464504,0.439244,1.594247,0.49120635,0.6701284,0.95402586,0.1874522,0.0032493423,0.5250466,0.098401785,0.49940687,0.11846429,0.012667037,2.0401647,0.32164535,0.05598128,0.05188393,3.5841675,0.2805449,0.41266364,0.61509097,0.8516095,0.25038394,0.4170642,0.0,0.95576507,0.72691,2.2917273,0.0006671676,0.091021046,0.9132091,3.2631176,0.19895566,0.10450735,0.0018142399,0.8036101,1.6245201,1.0441296,0.728678,0.01555909,0.52039903,0.5690377,0.01187255,2.9827015,0.09351276,0.27479762,0.5465593,5.7933316,0.35494217,0.8136839,0.4976404,0.45941687,1.0314119,0.31818438,0.3128553,0.2960736,0.025164682,1.7424799,0.00044652013,0.7723808,1.0719097,0.5986657,0.23163217,0.10547679,0.5387766,0.77720326,0.09852814,2.276646,0.0,0.010771264,0.5257653,1.15627,0.2544284,0.24686484,0.33964542,1.2420466,0.89110094,0.30158982,0.36316007,1.1036664,0.28741598,0.5362386,3.0594487,0.4276766,0.2248679,0.3295441,0.19269037,1.1329204,1.1908144,0.34870273,1.2251989,1.5945203,0.0,0.59745336,0.00030188824,0.11216946,0.12669452,0.5813337,2.5557888,0.004530332,0.044426527,0.19848998,1.4098086,1.2948898,0.2838317,0.1982924,0.11238386,0.7356472,0.2566068,0.22992066,0.006598948,1.1097463,0.7078818,0.26630482,0.050740913,1.2001637,0.0,0.98105836,0.0014599155,0.10197211,0.03010704,1.3170284,0.53890693,1.0911328,0.7517116,0.6923374,0.010397709,0.7793872,3.5312848,1.6255503,0.20822774,0.11827439,0.16953063,0.15846528,0.21794829,1.5258648,0.083417155,1.3550696,0.7091739,0.0,0.4433775,0.03760816,0.4258267,0.0,0.6791979,1.5547719,0.053645387,0.0,3.7941682,0.70390016,0.25720823,1.0683876,1.0131241,0.6357684,1.6560888,0.21463168,0.49293137,0.029809017,0.35236505,all_pothole_images\pothole_images_new_image_668.jpg
0.56193036,0.59418315,0.44593,0.96882147,0.036925115,0.8102204,1.3990953,0.088032,0.191711,1.1904012,0.6300308,0.34144795,1.4369534,2.221828,0.25226244,0.64730763,0.25729233,0.6910321,1.423849,0.43796578,0.58469146,1.1196862,0.88683254,1.4753466,0.008161867,0.6588994,0.36880788,0.92214054,0.018703174,0.42774805,0.37049928,0.23727824,0.33241248,1.0627207,0.465813,0.8663669,0.16950916,0.6010743,0.6135559,0.060082182,0.26821917,0.045960814,0.6871326,1.3496563,0.26558435,0.2612946,0.2322944,0.02372931,0.5526007,1.0769767,1.8741953,0.104215115,1.276733,0.42587122,0.48871675,1.8264138,1.4534261,0.20411026,2.692346,0.06969377,0.35015336,0.21319045,1.3282067,0.40527335,1.569382,1.8724462,0.43045986,0.14349097,0.73022723,0.36612904,0.18901542,0.072596185,0.6702429,0.5627033,1.6430806,0.24022105,0.0043095616,1.1263442,1.3238034,0.362762,0.07924296,0.08228381,0.66451603,0.62689674,0.6813802,0.49183217,0.31564328,1.2253152,1.0636009,0.09897236,2.2937677,0.3277582,0.08742844,0.4795297,0.09807279,0.6153932,0.6625665,1.0556617,0.31365404,0.18576922,0.06311,2.4017222,0.42510948,0.53914684,1.1923072,0.7825772,0.36644223,0.054485723,0.6145572,0.31483614,0.0697091,1.5426931,0.17786491,1.119563,0.05525559,0.0,3.3599663,0.93114394,3.2092857,1.4694597,1.9805163,1.6199967,0.6811433,1.992414,0.5394798,0.44717154,0.15993172,0.8847278,1.3389285,0.22243768,0.6285479,0.0,0.12044667,0.5087962,0.11956191,0.3921266,0.43330693,1.0659639,0.5146692,0.88292825,0.41051766,0.90474397,0.47483715,0.6889735,0.18043372,0.6744697,0.17693128,0.30357593,1.0361,0.5668816,0.41352224,0.5846636,0.054560173,0.013969382,1.7783388,0.6398192,0.7099879,0.6411752,0.17584723,0.17956397,3.834545,0.5841071,0.1613464,4.8391995,0.59125686,0.9195312,0.682033,0.37281355,1.3459829,1.2879249,0.14751577,0.17866969,0.045268286,0.71262723,1.3422724,1.0552307,0.40709004,0.049479485,0.21764325,0.3915256,1.1052027,2.9162753,0.7445204,0.39689422,1.061661,0.38755864,0.2583918,1.4267397,1.2967951,1.1338984,0.06566295,2.005072,0.7594344,2.2216444,0.036505435,0.46682745,1.8638804,1.691499,0.16378148,1.2479296,0.35134393,1.4139653,1.3908246,0.3534331,1.5785393,0.028778955,1.3836604,0.63417244,0.8381035,0.3341744,0.16476719,0.05264224,0.37804213,0.15046248,0.72857445,0.7985449,0.6578097,0.28200802,1.0441679,0.08981849,0.04731997,0.54295003,0.49896508,1.0049373,0.18104428,0.26354358,3.5782146,0.21466246,0.64035875,0.03276896,0.32433355,0.0027228047,1.5191612,0.5636564,0.45425153,0.35016096,1.4668767,0.20526722,0.1256146,0.53694475,0.012241478,0.8150097,0.24759117,1.5541321,0.40656257,0.016384766,1.8439255,0.75227875,1.1166437,1.6039559,3.0645192,0.74085575,0.70480627,0.44483712,0.45465413,0.6270428,0.30027726,0.48945752,0.73767805,0.45994607,0.56512105,0.5923142,0.008859959,2.4518414,0.49141607,0.42502367,0.27489132,1.0822582,0.024674948,0.33903402,0.2922216,0.46167508,0.18450807,1.0456351,1.0281788,0.4631447,1.0967727,0.5737534,0.80863446,0.4215562,0.12388424,0.44001558,0.4547537,0.24576366,0.62808365,1.6450512,0.59052426,0.41302523,1.7209351,0.27265716,0.3008904,0.3238834,0.31312674,0.74684733,0.09748397,0.12255447,0.51657814,1.869037,0.6042014,0.118457235,0.3432316,0.73312545,0.67132556,0.15478598,3.6018434,0.0007991793,0.27992362,0.44212246,0.36209974,0.48069072,1.428218,2.4751663,1.8624622,1.0225643,0.06943475,1.3843213,0.33166087,0.29921395,2.8901472,0.32747942,0.6588074,0.049381536,0.16647,0.38926357,0.731392,0.97901344,0.75640893,0.027195614,0.19565271,0.09109028,0.756522,0.2669075,0.2000686,0.048635993,0.10106698,0.30115268,0.06273684,0.09019095,0.38559216,0.03271957,0.28194222,0.1887265,0.93164206,0.53772515,0.2832993,0.2904031,0.06895377,0.21427588,0.59924686,1.3013234,0.13274404,0.89280856,1.1945598,0.21837465,0.10063344,0.26519418,0.09430857,0.6757705,0.63124883,0.13326956,0.56714195,0.3104545,0.39054635,0.22824906,0.07952005,0.52181447,2.2076516,0.86961216,0.09177055,0.9116759,1.2383553,1.3561479,1.3133891,0.08668514,1.3325477,0.29380673,0.075084366,0.026798414,0.74459666,1.5973163,0.54435843,0.8485937,0.15427572,0.26577696,1.5157512,2.5302327,0.024219342,0.06784763,0.07626795,0.20287642,0.52310807,1.5901825,0.43338603,0.11775761,0.41929594,0.6270271,0.9952132,1.6693661,1.0613562,0.088598296,3.1923018,1.1027325,0.25353822,0.6781271,0.15191053,0.36373946,1.007074,0.3608784,0.0,0.47963682,0.11825546,1.1195369,1.0197967,0.3053663,0.32458365,0.13238741,0.55497736,0.052329462,0.07667613,0.35411048,0.6897343,0.4390119,0.09572932,2.4333625,1.7445676,0.058530144,2.485046,1.44733,0.3587587,2.2698643,0.08082097,1.3671982,1.1936803,0.23454082,0.36529866,2.7756646,0.390876,1.1351328,0.033908024,0.32590625,0.47520694,0.47161236,0.57645255,1.0240008,0.5524292,0.10825164,0.7942567,0.90085906,1.0299667,0.90402323,1.251622,0.33997765,0.07480272,0.8080898,0.8756086,1.2057164,0.18423462,0.2023178,1.0691525,0.9359251,1.0381192,0.88573927,1.4779379,0.69358075,0.8206203,0.32997224,0.99533653,0.102669045,1.0570043,0.53639555,1.4495236,1.8488281,0.6510054,0.43855488,1.0358204,1.1689963,0.33204135,2.487394,0.17524299,0.051929697,0.39645627,5.1769633,0.77330565,0.3608274,0.14264192,0.5752151,0.5261461,0.024555255,2.9183137,0.28536755,0.25182414,0.29207584,0.0046878383,0.59503627,0.6739555,0.161169,0.2056005,0.05064973,0.78913003,0.9325249,0.3763789,3.1385794,0.6652322,0.855065,1.5127113,0.61684877,0.21003735,0.52513236,0.5710056,0.52204865,0.51678705,0.04565263,all_pothole_images\pothole_images_new_image_669.jpg
0.8645397,1.5081491,0.73547876,1.6150376,0.12064102,0.49807158,0.36854595,0.33125663,2.1635582,0.19220226,1.4422177,0.5408828,0.48692906,0.09336119,0.72903776,0.9031462,0.22084236,0.037202634,0.15335993,0.6076372,0.027554419,0.3608059,0.69700295,3.4214907,0.5866531,0.8786116,0.01878298,1.0893942,0.055444326,0.10313477,0.40380695,0.07829844,0.49151564,2.8574946,0.42517906,0.06633874,0.38181755,1.2847637,1.7370073,0.03535567,0.6160655,1.1704421,1.1314036,0.035393596,1.118133,0.106144264,0.41450316,0.8292001,1.1849179,0.7564263,0.11322893,0.42236564,0.15420374,0.1366792,0.09461483,0.3025935,0.3870954,0.0073361974,0.21064329,1.1785192,0.09039517,0.08090639,0.39778823,0.7548671,0.52191156,0.04034476,1.5912561,0.063648015,0.21423092,0.60173464,0.22668059,0.093854494,0.038068973,0.1077153,0.629355,1.2499942,0.92077446,0.046036676,0.3896042,0.37006575,0.0007286337,0.23857379,0.7507332,0.88837,0.32401317,1.0026773,0.19474424,0.47045037,0.8184724,0.88992184,0.021828782,0.36873835,0.078672945,0.6718942,1.3952851,0.0,2.242858,1.6579895,0.20477076,0.3961254,0.09631889,0.011871724,0.5728026,1.5198426,0.79762495,0.026969064,0.5728539,0.19447245,0.1578214,2.972231,0.04655611,0.708476,0.7585043,0.9179037,0.2929304,0.77008724,0.38027906,0.1818149,0.24685207,0.62975603,2.1477435,0.7813548,0.026843656,0.80908114,0.112140514,0.035581253,0.038961355,0.011825261,0.014705286,0.024733838,1.0953641,0.34808305,0.42078823,0.23854208,0.5637562,0.16294253,0.5136589,0.009316148,0.165719,0.022035154,0.48187256,0.5664458,0.9296706,1.329038,0.08743808,0.060345307,0.1880785,0.9646762,0.2131944,0.0095039215,0.62034756,0.8181316,0.21162644,0.34509295,0.5493646,0.6607425,0.35359693,0.56365186,0.3128901,1.4788451,0.8032452,0.07425136,0.06297674,0.007064919,0.07509918,0.7014484,0.06626569,0.0714098,0.16899106,3.4045968,0.022031903,0.19725311,0.37111983,0.13992688,0.249917,1.1714718,1.2446154,0.00071983936,0.6713132,2.2957656,0.0,0.2587151,0.16944596,1.6160325,2.7576609,0.48100412,0.1943648,0.1418147,2.335092,1.5826911,0.3615022,0.017729444,1.2454154,0.07390675,1.5105108,0.2908352,1.594894,1.2752764,1.4142534,0.18802755,0.43834445,1.857546,0.14094336,0.009548577,0.47772262,1.0931182,1.4916776,0.026784137,2.2054412,1.5879298,0.036911294,0.53126156,0.4718776,0.55162764,0.7643095,0.5301459,0.44568762,0.6283792,1.1097151,0.014464555,0.29923546,0.11811865,1.213404,0.29758194,0.012207228,0.084941246,2.8748922,0.074344024,2.8531291,0.7937843,0.24754146,0.018183757,1.5642039,0.16244611,1.5660174,0.15090363,1.2925526,0.2782065,0.45148766,0.55062634,0.6170034,0.29120883,0.85303926,0.5263116,0.00033704552,0.034406252,1.1053497,0.4080755,1.4814749,4.0111074,0.0011793231,0.13250856,0.21229917,0.0975255,0.14710552,0.049460497,0.19592333,1.1287456,0.024310676,2.1989415,1.8072155,1.6099706,1.1039655,0.9375031,0.03313747,1.4115301,0.12314858,0.057131328,3.0598662,0.18693994,0.883264,0.043832272,0.03360755,1.0359094,0.14427277,3.1383376,0.36394125,0.79740524,0.81703514,0.13055375,0.08707674,0.24482092,2.1458204,0.0,0.018752307,0.03648169,1.1644213,0.41902536,0.89937574,0.010376064,0.2938018,0.08792068,0.2705287,0.9640813,0.7265626,0.29505706,1.2944177,0.05759302,0.48531458,1.363175,0.08615374,0.7142832,0.016606046,0.4144579,2.8873968,1.098125,0.70290846,0.59826034,0.12633061,0.24279544,0.57899976,0.5759624,5.975019,2.9444928,0.0,1.8989344,0.19013293,0.57140315,2.0122523,0.9564855,2.3183227,0.098043405,1.2217433,0.0,0.4357884,0.36458594,0.61665773,1.2983644,0.090922035,0.44410852,3.4767914,0.010024492,0.48706082,0.35321137,0.22729193,0.4189798,0.8070994,0.6362914,1.2570657,0.11929914,0.24361104,0.29703856,2.8573873,0.6976754,0.42168596,0.035304885,1.9461625,0.6942333,0.16652629,0.1821734,0.025626399,1.1437991,0.2198997,0.47100085,0.73473436,0.5900191,0.26266637,0.23699908,0.24217695,0.026753722,1.9151866,0.21655172,0.47745797,0.29525223,0.010429845,0.286807,0.24437939,1.8445288,1.6846411,0.7594989,0.90076244,1.9990542,0.118289,1.3779043,0.8575941,0.4847435,0.023508063,0.8295943,0.24386092,0.29194653,0.51728374,0.28367278,0.43855542,0.6593764,2.0513623,0.2860847,1.3164856,0.24563532,0.34019914,0.590405,0.38775635,0.62934715,0.5500575,0.41849345,0.004989988,1.2922772,0.730397,0.86350745,2.2962418,0.38475722,0.72473675,0.9384778,1.5332754,0.011555159,0.57285863,0.5234046,1.823645,0.7807264,0.11690437,0.5286807,9.8036864e-05,0.81950843,1.4878699,0.5995081,0.03440463,0.7637787,0.591428,0.2379504,0.21702628,0.61884457,0.0064158584,0.5442594,1.0916574,0.41784683,0.5255545,0.5455069,0.4053752,0.15724823,0.8619983,0.2824047,0.10123895,0.96424663,0.16559385,1.3583869,0.14028348,1.5560529,0.782672,1.3395543,0.54909235,0.14881563,0.6325376,0.16029125,0.12638281,0.4934803,0.45340246,0.3066981,1.2825564,0.3018639,0.124264345,0.72040355,2.5852835,0.30639642,3.1932049,1.5635518,0.25987267,0.6669322,1.6797167,0.35937977,0.30133525,1.1094403,3.2170596,0.18059658,0.86834043,0.48638028,0.7804827,0.62171835,0.1178205,0.0022627537,0.023663346,1.024099,0.3376914,0.056724157,0.018376589,0.4181306,1.6192307,0.040414453,0.81817174,0.4810512,2.1109836,0.4041287,0.61962336,0.8001524,2.463427,2.1988025,0.9177062,0.4719577,0.19429392,1.5160656,0.05952726,0.25187197,1.2301235,2.142671,0.09951052,0.09472761,0.027822733,0.4372128,1.6349772,2.0947838,0.17161681,0.31647652,0.06446965,3.1232038,0.42938638,1.1155396,0.030379537,3.0184596,0.45988518,0.22321023,1.0695819,0.5388252,0.24001049,0.0827397,all_pothole_images\pothole_images_new_image_67.jpg
0.69049025,1.022009,0.580052,0.84532535,0.5647758,0.31106657,0.38930473,0.17864917,0.0,0.37679988,0.6256434,0.35781905,0.23260829,0.54387516,0.06631306,0.026271947,0.05341732,1.7648163,0.1392784,0.48357964,0.2626146,1.3395703,2.111003,1.9597442,0.38900098,0.59159213,0.008588928,1.2704618,0.13629076,0.28716007,0.4742789,0.0,0.5754474,0.38104585,0.68040216,0.2828377,0.55536884,1.0976346,0.167982,0.04679877,0.0,0.015473261,0.34696484,0.6587484,0.53110945,0.0106202,0.69691354,0.14001101,0.0032850544,0.24365126,0.30637997,0.691021,0.36967546,0.18864723,0.22421736,0.3235553,3.0182376,0.33557943,0.08814257,0.6457027,0.10555901,0.95696956,1.2233967,0.43007684,0.50143945,0.62489384,0.0,0.071162865,0.031324085,0.39102724,0.08014248,0.3638562,0.10241687,0.14298196,0.18182084,0.059685186,0.024033586,1.1295279,0.0021709872,0.40034935,0.04261477,0.009815413,0.041721284,1.3653826,0.36999652,0.4051448,0.07128037,0.11192737,0.8949567,0.336934,0.10955983,0.5340247,0.12895085,0.04850235,0.017413428,0.054214947,2.3196301,0.5765139,0.30852762,0.0990846,0.13451093,5.0101557,0.8039182,0.004369668,1.4024899,0.39368275,0.034798622,0.5906636,0.17522858,0.4772433,0.046843782,0.980372,0.78518146,1.4429488,0.051038295,0.4873641,0.53663504,0.009443029,0.3214531,0.7794848,0.69224805,0.4457468,0.6020797,1.2345346,1.8379242,0.77688384,0.43963513,0.16352502,2.379597,0.24079071,0.5281799,0.11146075,0.2694017,0.43388698,0.12247758,0.5481893,0.006986384,0.36108714,0.433074,0.08753726,3.0439305,0.6892508,0.43264598,1.5587748,0.17532402,1.2561848,0.07891414,2.0350785,0.0063045155,0.0010446161,0.7571193,0.64781076,0.4781235,0.041359063,1.1615053,0.14060725,0.37412444,0.06404349,0.9088863,0.39887822,2.3389385,1.5496486,0.09344474,1.7519982,0.3014803,0.0011123026,1.855857,0.22844903,0.39486438,0.56922084,0.61512554,0.1473692,0.0030235818,0.057857912,0.62116647,0.08602925,0.5286916,0.018071111,0.10298885,0.3525167,0.72676426,0.38007945,2.0636818,0.9105438,2.4397264,0.0,0.02369776,0.005109782,1.1019311,0.09684118,0.33969527,0.5659143,0.094918706,1.6942486,0.0007797063,0.20323896,0.20834307,0.45488662,0.31795347,0.4821235,0.33333594,0.16353525,0.9804427,0.09303332,0.48839322,1.3184556,0.810045,0.4809655,0.9631555,1.9960607,0.0,0.21186599,0.1988402,0.5246397,0.7593276,0.11028746,0.92082477,0.30892333,0.36600152,0.02002733,0.026568184,0.28489536,0.47187096,0.00985283,0.118338,0.026690813,2.5007112,0.10041308,0.28897372,0.0,0.14452727,0.0016730658,0.20586835,0.693612,1.0270603,0.0,0.59621173,0.019020736,0.12027,1.2357347,0.41031092,0.057047114,0.7285005,0.20779002,0.2442734,0.0015425195,0.4590388,0.34085965,0.73687935,2.9906707,2.0026162,0.0073244264,0.2271326,0.027727129,0.21486036,0.25761896,0.47554278,0.04307884,0.03393129,2.3703618,0.43234158,0.011741211,0.006217051,0.099339694,0.56987655,0.2381621,0.7106082,0.6648079,2.095911,0.05465119,0.09615974,0.123486616,0.20212857,0.72948545,0.25004777,0.16665104,0.054991663,0.99707526,0.8213616,0.53696394,1.3296905,0.028672464,0.28500262,0.9239617,0.2356029,0.05242405,0.21547467,0.046768654,0.31050342,0.5490209,0.96205544,0.18839999,0.12996209,1.0855899,0.049016163,0.5291252,0.7998316,0.14578962,0.18660784,0.34762132,0.588437,0.2849303,0.016297173,0.06136197,2.8727622,0.040689617,0.012195507,0.09428472,0.0,0.10353366,0.2940191,1.5969713,1.4133216,0.59356874,0.4967469,0.27080986,0.16051145,1.1657504,1.6712768,0.3474449,0.4161478,0.0285629,0.25898743,0.49617502,1.3760852,0.06330123,1.0703257,0.13621466,2.3349402,0.03282707,2.257521,0.06286659,0.5855742,0.025161708,0.012456058,0.033782616,0.95042205,0.20703173,0.19220537,0.17907512,0.46253318,0.16055171,0.50948524,0.09778388,0.23442231,0.08588849,0.38165322,0.042243734,0.0,0.49685225,0.018067606,0.6163845,0.42238212,0.13322441,0.53662705,0.49773234,0.22002742,0.3397862,0.018336799,0.51585156,0.15651317,0.7310621,0.40008244,0.44061145,0.0,0.05592855,1.3455333,0.86999905,0.61348903,0.20754236,0.4063912,0.012433645,0.49323946,0.17882259,1.8443613,0.49106014,0.59404385,0.457584,0.48000196,0.5678289,0.12829478,0.01746061,0.24700776,1.3917207,2.76435,0.16029415,1.5387031,0.1762965,0.0,0.1399105,0.09129407,0.532292,0.056370754,0.53638315,0.23413354,0.026823038,0.16948077,0.095776714,0.20938724,0.9231181,0.3455708,2.019642,0.4732608,1.2967814,0.08611002,0.26354998,0.32432187,0.2968127,0.36853045,0.5676337,0.07260297,0.25198865,0.01304151,0.1811348,0.40570316,0.7159562,0.76976025,1.2126586,1.0788119,0.0433933,0.30653948,0.6627085,1.2521068,1.8747214,1.6501037,0.38320968,0.7295262,1.0308636,1.2946762,0.34708455,0.6257137,0.48225784,0.0,0.050099,0.124089845,2.0501316,0.31652263,0.113172285,1.3639199,0.23180883,0.51649714,0.52855915,0.5309574,0.049870603,0.021675065,0.07076816,1.0983937,0.8835533,0.11462151,0.8233162,1.548043,0.032658454,0.18905576,0.07841402,0.032168362,1.0165033,0.6048178,0.0034809208,0.04619862,0.16763887,0.63837755,0.6290499,0.74883676,0.20266494,0.5371326,0.048791654,0.0057558366,0.0,0.48972553,2.1464996,1.3967366,0.29129782,0.1719669,0.8365648,0.68245804,0.18360455,0.4541259,1.5183157,1.2863928,0.23472062,0.3180596,1.0807868,0.66704404,1.306086,0.0,0.5733086,1.3548787,0.012673783,0.89204675,0.015654627,0.26570585,0.9090538,0.033681747,0.38187432,0.03857638,0.06503309,0.53957194,0.09973619,0.3387376,0.0032424878,0.23750968,3.2015686,0.3207489,0.6114348,0.010726926,0.40332848,0.24668534,0.5975557,0.0052785394,0.5666492,0.42687652,0.056014277,all_pothole_images\pothole_images_new_image_670.jpg
1.9418974,1.8612037,0.74861234,0.3228867,0.9820756,1.0490855,0.70311743,0.06754587,0.33169118,1.0176606,0.5873812,0.0947027,1.7183754,0.75805926,0.1666382,0.48317885,0.32916462,0.008372125,1.7765877,0.4288165,0.93857336,2.5728555,0.5209018,2.2434053,0.44881603,0.42245436,0.03871955,1.2023338,0.24962293,1.6047373,0.104615755,0.12321544,1.149831,0.20565702,0.84842044,1.3019799,0.7518443,1.227503,0.35905665,0.92110705,0.0,0.03216665,0.2543221,0.24658251,0.8827592,0.40558413,0.58766305,0.4292212,1.393534,0.99053985,2.7439132,0.685351,1.3773384,0.38842735,0.38146102,0.7776219,2.502002,0.12564856,1.4945793,0.16598646,0.12028092,0.14892371,1.1932248,0.11545596,1.0095919,1.1115913,0.5906466,0.0723656,0.9797916,0.31158814,0.59170073,0.50761425,0.6286963,0.9064555,0.35360503,0.4912994,0.17471743,1.1289637,0.35443673,0.74326104,0.4111758,0.38423553,0.107157014,2.181164,1.5371476,0.7920596,0.1504045,0.5656466,4.086995,0.6121029,0.49765363,0.72453445,0.10902097,0.06001333,0.38956013,0.28720796,0.16160005,1.3774993,2.0442739,0.71625096,0.28825057,1.2532192,0.36786717,0.32536742,0.21283926,0.0846241,0.096736185,0.33274394,0.27475855,0.07266094,0.6771581,2.5112786,0.80771965,0.08769853,0.6497473,1.9441235,1.7093098,0.6467904,1.2869062,0.44342694,1.2216187,0.62887645,1.3593049,0.726085,0.6571044,1.0994352,0.55831665,1.0984269,0.12565678,1.7217458,0.2898995,0.504484,0.02475245,0.60010093,0.16023453,0.38704368,0.52300084,1.3579577,2.2574623,0.4867271,0.84959054,0.67770666,0.11101524,1.9813771,0.18430291,0.19481261,0.11091738,0.0,0.06294993,2.713961,0.7571917,0.6304464,0.54040194,0.26690003,2.3839533,1.4268618,1.5827413,1.1003486,0.9800787,1.0671165,0.37881473,0.029321782,0.34361792,2.5737703,0.37310416,0.20276229,0.23320246,0.51962465,2.6256583,0.33127975,0.78105456,0.02469772,0.35504702,0.4576715,0.6634857,0.100249134,0.5844403,0.044558506,0.035607737,1.0932415,0.7490941,0.3751499,1.0191209,1.308285,2.8672538,1.7183529,0.76364666,0.34037226,0.22286056,1.4494694,1.7980738,0.07834878,0.09929069,1.5621122,0.20513943,0.17018642,0.08887908,0.34830388,0.14519511,1.1333293,1.3908724,0.17667378,0.17283598,0.24175961,0.8613457,1.9918065,0.945674,0.31787184,0.06719956,0.49597898,0.3254809,1.144385,2.5246408,3.5434573,1.1756251,0.951194,0.71488506,0.21831723,0.49844185,0.3392095,0.715884,0.16479436,0.35661256,1.0413141,0.08404535,0.7012793,0.51517,0.7877478,1.5963873,0.051526055,0.100450225,0.83290863,1.3598633,1.3195101,2.2631774,0.20380601,2.2865162,0.0025811929,0.002607549,0.02583704,0.39405316,0.08878714,0.04541725,0.07505043,0.22246628,0.07963516,0.5395282,0.26816744,0.7793439,2.2967,0.63416857,0.03497115,0.22932847,1.6488825,0.5586748,0.113162875,1.3727952,0.3035317,0.3497858,2.1869051,0.12429321,1.2806478,1.2320147,0.77650183,0.53424186,0.8721214,1.0754617,0.5089473,0.95333236,1.4194622,0.6347752,0.45418298,0.14031762,0.27392575,0.35153496,1.0598472,1.4524716,0.02017484,1.0029418,0.4728526,0.31472927,0.27247378,0.15897009,0.11438346,0.5051307,0.7564693,0.18523149,0.7987901,0.16987139,0.07139359,0.17775598,0.11249307,0.0858067,1.5768217,0.48004013,0.42162794,1.5250254,1.278873,0.5740289,2.1633618,0.13895395,0.2807224,0.11852192,0.11365944,3.2776234,0.65332395,0.0044398145,0.96334493,1.254831,0.3126698,0.82511836,0.61472756,3.5813842,1.0295994,0.3128746,0.462071,0.83052176,0.9652682,1.9000129,0.35769546,0.28603032,0.58363193,0.121644184,1.5849488,0.8209915,3.142324,1.2348669,0.18276548,1.9191123,0.19343059,3.9246566,0.9025918,0.0,0.0,0.15768708,0.67586327,1.2277732,0.21776146,0.30712605,0.047684055,0.5211726,0.06570828,0.7304789,0.0,0.29664618,0.6052424,0.5209132,0.5069236,0.15356678,1.2785559,0.19942895,0.48187026,0.027304634,0.94466096,0.22371407,0.042408034,1.4579147,2.76756,1.1988894,2.060533,0.10622722,0.06057636,1.1839665,0.867271,0.032104667,0.6700958,0.29257825,0.4348179,0.32070768,0.42779154,3.0155628,1.1966879,1.1112638,0.015176304,1.5556843,1.2295216,0.5769141,0.27668443,0.67928123,0.26247513,0.23138729,0.047830302,0.71058047,1.4153595,4.0973773,2.7406335,2.1266918,0.029443407,0.5738456,1.8823252,0.46770516,1.9734519,0.3639918,0.67081624,0.57880205,0.02384688,1.6670395,1.1712234,0.4902455,0.44906342,4.6703634,0.44752425,0.4993241,0.91151357,0.91712904,0.005774944,0.38095427,1.0881408,0.5812693,0.114733405,0.8315524,0.8134034,1.1806625,0.34578112,0.22288197,0.21493055,1.6036373,0.4709538,1.0897578,0.072227634,1.5662088,0.33501196,0.17478853,0.020989578,2.2010198,1.2236314,1.834459,1.8602818,0.6100843,0.9229932,0.403322,1.0141443,0.09978374,1.4411125,0.6696809,4.248416,0.9396122,2.3068838,1.2144899,1.2375925,0.7057933,0.20026852,0.35603335,0.6598738,0.35268378,0.5463786,2.286919,1.0922775,0.3946608,1.7661769,0.9576745,0.3417038,1.2300336,0.22891372,1.0870417,2.0782573,0.08146797,0.4756763,0.027908491,0.8736443,1.345811,0.009349855,2.3518834,0.7612107,0.7091212,1.179923,0.29932302,0.29493257,1.9666649,0.5140831,1.6042386,0.8627678,0.18170866,0.84929514,0.86622465,0.40928385,0.0031565917,1.0008677,0.27174693,0.039762177,1.668324,3.4202201,0.22343355,0.23177567,0.058019504,0.094668515,0.95433563,0.02113519,0.26294065,0.53859085,0.92099154,0.43861103,1.3889282,0.0,0.51217264,0.36516622,0.21194173,0.4398587,0.8300153,0.029602489,0.25307631,6.5492654,0.79082394,0.37796667,0.70176965,0.5013056,0.005114699,1.666539,0.72064614,0.26768932,0.30173582,0.3492436,all_pothole_images\pothole_images_new_image_671.jpg
1.1484053,0.4190532,1.8263826,1.7358367,0.5453977,0.31739056,1.7218572,0.59263086,0.0605743,0.3345213,0.81456476,0.23546207,0.623371,1.4743853,0.9285879,0.01646593,0.04981605,0.9542315,1.4724382,0.7069528,0.7756621,0.282323,1.5341911,0.5804497,2.1468427,0.4872746,0.42540893,1.0968388,0.1467802,1.3137596,1.6264317,0.014779844,0.020159114,0.071623035,1.077073,1.0439368,0.3483497,1.0014523,3.3349478,0.44122007,0.76212645,0.827543,0.6924876,0.80227256,1.0575225,1.8963528,0.20287152,0.3981022,1.7990339,0.027410153,0.3392206,0.8372267,0.76649845,1.5374961,0.2583165,1.5259658,0.749482,0.720899,0.85301113,0.43681374,1.3833761,2.2800481,2.0131676,0.5244152,0.30229357,0.6617254,0.1470086,1.5539653,0.42290255,0.0399125,3.6269705,1.1512333,1.8002431,0.703061,0.5353182,1.7028584,0.70050555,0.15381758,0.8202367,1.7549689,0.3203193,2.5041037,1.3383312,1.7557217,0.21543212,1.2795466,0.58546495,0.4535563,1.4076899,1.3299006,0.3943442,2.1142638,0.6420245,1.1959833,0.36625078,0.072386436,0.7802363,0.69071937,1.375168,0.96220285,0.8853677,0.9328479,0.23914407,1.3797073,3.4873755,0.35248393,1.234189,0.8776997,1.4788541,0.57248735,0.5085718,0.68639946,1.7073853,0.52407926,1.3691255,0.03436298,0.018190464,0.7085893,1.4301403,0.07395436,0.7146818,0.75068164,0.73329014,1.1113795,2.8058105,0.56969374,2.5826893,0.027307067,0.9993323,1.0533156,0.29588413,0.76065654,0.44656837,2.9389958,1.105833,0.16677728,1.2133542,1.4032931,1.8937764,1.0710771,0.018684896,0.44985774,0.67285186,2.0587847,0.4145503,1.6200994,1.0372044,1.4745474,0.9080636,0.2025865,0.095604755,1.1907084,1.6567068,0.7887474,0.9455345,0.6205056,0.013576568,0.5244981,0.093446106,0.5121519,1.2638094,1.7391161,0.027562344,1.6103954,7.3409224,0.0060338117,2.058792,0.6026263,2.327569,1.3352922,0.34114742,0.4739437,1.71297,1.1249286,3.8776848,0.1395133,0.42146394,0.06068161,0.8378822,0.80405587,1.7623357,1.2274241,0.8918315,0.61113065,1.8131915,0.9652664,2.3364146,0.7847656,0.20899056,0.2882356,0.2048921,3.4934258,0.002903149,1.0448028,0.1743091,0.8160462,0.21044372,2.128409,1.5017921,0.5949594,0.6303995,0.991276,0.056868806,1.6003062,0.91445625,0.7557677,0.2880987,0.08422143,3.8098278,1.459396,1.4523236,1.3514761,0.3717663,0.5764579,1.1570417,0.41156572,0.4759958,1.0091275,1.1899933,0.5538939,1.2250662,0.42987683,2.2699594,0.3546598,0.37705308,0.8924134,0.34815216,0.12728189,1.978136,1.4016602,1.3268803,1.4304087,0.6641836,0.88925946,0.1589343,0.5336139,0.15343566,0.6369017,0.67002475,2.693812,0.36964688,0.21991624,0.4834272,0.7849587,0.96855426,0.5562727,0.38337874,0.8446371,1.2335205,2.8766165,1.5764877,0.2440333,0.20675628,0.5001961,0.39874431,0.47976017,1.5446936,1.7195578,0.22501555,1.3386338,1.4549856,0.1569805,1.8948585,0.5863604,0.90219015,0.50263435,1.6390584,1.8335468,0.9640152,0.7229361,0.73060215,0.39437732,0.3818539,1.1571361,0.22160791,0.007977968,0.28687662,0.974803,0.6883917,0.8911119,0.37025335,0.1864539,0.41204667,0.65349275,1.6909548,1.3702016,0.50935465,0.75545007,1.8888102,0.8869004,0.3591754,1.0451099,0.23026565,0.004266165,0.97829765,1.7831987,1.712572,1.338609,0.012753036,1.5353965,0.16270785,1.2488451,1.4471507,0.8669787,3.9689965,0.28855932,0.51449364,0.018413523,1.2831103,0.9290404,0.104006924,0.7991784,2.746375,1.4616792,0.6282085,0.5041288,1.4195735,0.17087011,1.748403,0.6080906,0.9399702,0.6035262,1.372831,0.12469907,0.3089848,0.3798317,1.5123658,1.1162889,1.663443,0.16040954,3.0586958,0.058537345,0.021858858,0.8835541,0.44279912,1.1782504,2.4759235,1.1178584,0.9731238,0.3063077,2.3098109,0.6613749,1.5421021,2.4366531,1.3626475,0.18259557,0.4325034,0.5204512,1.1935,5.106087,0.27137682,0.17387304,0.32913122,1.396579,0.20388466,1.4009445,0.87479424,0.57125777,0.79570466,0.0452811,1.5607754,1.8964345,0.036047585,1.2957729,0.76607543,0.33743045,0.4795705,0.14381418,0.50365543,2.0955913,0.021671854,0.93271494,0.30859375,1.060109,0.47120488,0.08944487,0.44914564,0.5209665,2.2986157,1.416677,1.6791189,0.03499457,1.4903991,0.6317118,0.97874767,0.2599344,1.7437532,2.7400074,0.7595086,2.6100407,1.556841,0.047453832,1.2108248,0.46421337,0.10546756,0.35751006,1.061388,0.336769,0.30308062,0.14743853,0.32086694,1.5216476,0.53692603,0.8125196,1.3374548,0.06325884,0.06785525,1.1215328,0.3311867,0.04782612,1.2903236,0.75296223,0.0,2.3631542,1.3982087,0.6381319,0.8040377,1.6576083,0.5648381,0.47935033,1.8880179,0.3536354,2.1037996,2.0724263,1.5560224,0.8769771,1.7488526,0.6501077,2.2836492,0.8395448,2.3025339,1.5371177,1.6426535,0.7748873,0.53230894,1.6704469,0.13503814,0.7995901,0.4723984,0.23578243,0.5122259,1.4725251,0.39626858,0.0029197426,0.6468929,0.04840706,0.061406367,0.8090122,0.32364124,1.2555704,2.234436,0.22006918,0.61238974,2.1827598,0.60489464,1.1147379,1.151198,0.88881385,0.14368854,0.049187653,0.24962813,1.4565065,0.62041044,0.18183303,0.6617981,0.78966475,1.1200043,0.0031050993,0.9286822,1.084311,1.2925501,0.8977907,3.1664248,0.10329949,0.49038678,1.930715,2.0069516,0.47867373,0.38537574,0.5765175,1.0611565,0.97086465,0.8901154,0.0628531,0.074816465,1.311852,0.8014937,0.22972025,0.874007,0.060506456,0.79498553,1.5976363,0.86846113,0.44910222,0.48310867,0.30507377,0.3522784,0.0,0.7077821,0.39281076,0.42712408,0.64263535,0.7475371,0.40490866,1.7213415,1.2063651,2.3053625,0.81812656,0.37344894,0.9710514,1.4866818,2.6743488,all_pothole_images\pothole_images_new_image_672.jpg
0.9157169,1.3373652,0.47398368,1.2767539,1.470413,1.2501699,0.95634985,0.014767747,0.41758505,0.49099076,0.51449263,2.2868166,0.23117244,0.1545373,0.22273219,0.15982367,0.36372977,0.0,1.8773606,0.04164074,1.1295328,3.0033503,0.7573562,3.575947,0.23693517,1.0856088,0.034339365,1.0253592,0.15042183,1.3288711,0.73560023,0.21984757,1.246653,0.64630175,1.0499631,1.437787,1.0314164,1.2865152,1.2125105,1.2580304,0.0,0.49142337,0.08678687,1.3153107,1.126849,0.46092305,0.09036453,0.22225523,0.46931297,1.012225,1.7079091,0.8071681,0.6855747,0.6960678,0.36753547,1.4194778,1.3697027,0.080357455,1.1125889,0.6039474,0.7497908,0.05286521,0.45123476,1.7205716,0.97733647,0.8955981,1.9021614,0.9039993,1.7216417,1.0195109,0.49444774,2.0011072,0.06847163,0.44280854,0.22176535,2.584764,0.23309995,0.29166257,0.29797104,1.3352292,0.17273732,0.64498085,0.14513852,2.0255134,1.3181373,0.7163672,0.54594636,0.7564258,2.4521291,0.5931897,1.3266273,0.8753772,0.0083175255,0.14610271,0.24495763,0.19586234,1.0268412,0.4513348,0.22735673,0.32876334,0.040017996,0.34438914,0.9173928,0.44436562,0.40577456,0.21399298,0.008154815,0.30422154,1.6444262,1.267387,0.0,3.5444,1.7644284,0.10671032,0.7964073,1.0297607,3.538854,1.0976076,2.014273,1.2135824,1.6881815,2.04164,0.242156,0.40519696,0.05822905,0.6698954,0.3470689,0.30806196,1.4364651,0.24255116,2.185364,0.26192912,0.6802572,0.00030972558,0.13935593,0.6150561,0.4748724,0.45202088,0.46264896,0.10681258,0.7628428,0.68188787,0.032550313,2.2923903,0.18404983,1.4750152,0.082857266,0.42923036,2.186383,0.56845665,0.36461282,0.81558675,0.20691092,0.0073019187,2.8465598,1.8046037,1.6935533,0.15486963,0.29561424,0.4572176,1.819295,0.13002115,0.0153220035,2.376534,0.18502544,0.25438485,0.074139684,0.43097356,2.0825868,0.23313028,0.26999986,0.2826945,0.0,1.0380342,0.6760061,0.038825076,0.32066134,0.00011855014,1.6072632,0.48501995,0.16981514,1.5555948,1.3522443,2.178638,2.6070833,0.29287103,0.35429284,1.8175539,0.7084628,1.3630606,0.28526103,0.095424846,0.16623046,1.9882789,0.22960052,0.030384855,0.57497394,0.23670147,0.5598724,0.9686908,0.33295992,2.002472,0.92026746,1.3710635,1.7268558,0.4207704,1.5173976,0.20177637,0.8927857,0.0047361692,0.40060127,0.21690033,1.2764485,1.8203661,1.231317,1.3789501,0.60651755,0.21952969,1.0139929,0.044945676,0.46257553,0.47834218,0.89459157,1.4336874,0.6793744,1.0079585,0.6164734,0.2006128,0.6289412,0.6834792,0.03191117,1.7423896,0.8826768,0.7977992,2.1563451,0.18079779,2.376211,0.18047862,0.08170068,0.21683289,0.15019912,0.7783287,0.16507666,0.0,0.41035303,0.3090658,1.5693792,0.014448186,2.1581128,3.299185,1.1615891,0.14365306,1.0945369,0.7074946,0.66757774,0.77049464,2.411986,0.56574005,0.1851286,1.4962112,0.20572363,0.3376107,0.37185264,1.3668102,1.2221593,1.5767807,0.11665485,0.16480562,1.0186538,0.3705895,0.346933,0.34911245,0.021743376,1.4687952,2.1196861,1.0549974,0.33232042,0.40387204,0.168184,0.19632779,0.37755218,0.4161285,0.19089764,0.055646632,0.8732206,0.5980878,1.4169984,1.0029929,2.031159,0.036810953,0.67024213,0.08361361,0.28010646,1.804359,0.46906656,0.072669946,1.4455787,2.7134323,1.0947045,0.15076919,0.3514787,1.1846428,0.24941978,0.37900022,6.7957525,0.49733534,1.0020505,0.3880303,0.009241022,0.40022013,0.5867924,1.7409446,1.9101183,1.4365633,0.6236356,1.6145792,0.0070420257,1.3879389,1.2127973,0.67539775,1.1045449,0.5287024,0.2916142,0.64549804,0.693656,1.3832893,1.8405839,0.033823702,1.8951167,0.060015332,3.9487998,1.3607143,0.32779115,0.0191746,0.79772365,1.1771272,0.97045213,0.25799194,0.10601058,0.12707093,0.54945576,1.6874152,1.1328692,0.45513508,0.07826743,0.9069894,0.013955225,0.58708245,0.8173974,0.6852606,0.13753693,1.3512766,0.005935568,0.3907689,0.2888317,0.15390536,0.7013438,1.5255448,1.9393892,1.3653642,0.05807987,0.0650416,2.4320314,0.4052419,0.3238893,0.36163273,1.5382565,0.5612335,0.20574532,0.08817057,1.1025084,1.5351307,0.97605443,0.0024368507,2.5636623,0.9010333,0.9111924,0.095982134,0.9183602,0.43990213,0.7114619,0.033392634,0.607373,2.0842204,4.152551,2.4349003,2.2609184,0.0,0.58938354,1.8194829,1.2241037,0.8233036,0.3355248,0.3606045,0.65470886,0.38584128,2.0723922,1.0265383,1.7253337,0.6284724,6.3548384,0.91409993,0.26891187,0.89563966,0.33510277,0.059051767,0.11977755,1.060922,0.074431576,0.3632172,0.2527395,1.2499317,1.5863751,0.8322883,0.024424167,0.16113746,1.1486496,0.60975903,0.37624398,0.49853337,2.8992412,0.6264989,3.310558,1.956277,1.690738,2.002398,1.3744413,1.04201,0.21473554,0.59852546,0.09085998,1.319492,0.15312622,1.7140895,1.0719764,4.17485,0.5250989,0.18497525,0.45703295,1.8104482,1.1096421,0.32543504,0.14643635,1.2366948,1.3392371,0.57585627,3.4493911,0.035822686,0.40111515,1.4600276,0.93095917,0.88074267,0.22949581,1.488903,1.2582057,2.2140481,1.1035621,0.43277362,0.2252441,1.1487856,1.6993176,0.19893281,2.6790366,0.29197007,1.5807749,1.0706716,0.1730605,0.027161686,0.15518624,2.125988,0.27834797,1.1349723,1.0124595,0.95632136,1.3948737,0.11973698,0.48408765,1.4564825,1.6608222,0.18094642,0.4265068,5.7835956,0.4146614,0.082793176,0.055700485,1.3862047,1.5948771,1.0531857,2.1050296,0.06469536,0.5174736,0.20767052,1.3950835,0.009834787,0.03043818,0.0051161572,0.25830343,1.1054852,0.09738745,1.1575907,0.11865185,5.9091334,0.8631956,0.1540698,0.69364554,1.4246345,0.114017524,1.2858093,1.1996009,0.44323695,0.05551053,0.32901433,all_pothole_images\pothole_images_new_image_673.jpg
0.06361685,2.7941656,0.76531017,0.5004755,2.4157968,2.180837,0.9279643,0.43194267,0.38017258,0.32450363,1.392286,0.17304502,1.2610548,2.6194582,0.5380826,1.3233894,1.2640378,0.85066336,0.33394524,2.0146353,0.9794984,1.6811007,1.4565233,2.1244736,0.45827538,0.24684328,0.695903,1.9650495,0.046984736,1.4998968,1.1506482,0.2366557,0.6524103,0.41700548,0.24296926,0.04798022,0.8724771,0.14092194,0.26806864,0.9240586,1.6257396,0.19858913,0.06615093,0.812067,2.726999,0.5934997,0.64445317,0.001493651,0.49331656,0.156081,1.8744799,0.8974241,1.499497,1.8022125,0.9092807,0.08946317,2.23715,0.6295727,2.853068,0.071150415,0.07710391,1.5031998,2.2935112,0.10608373,0.88950855,0.6857947,1.8416841,0.9915438,3.4552598,0.36899891,0.12268467,0.35547552,0.2624408,0.43725118,0.29655278,2.1519215,0.9874095,0.3516243,0.40744865,0.2169276,0.4686924,1.118794,0.0373289,0.58155847,0.73563194,0.32236958,0.4226266,1.4565822,2.0337493,0.41733888,1.4678495,0.021623813,0.3209105,1.7429272,0.1332434,1.2526375,0.7339122,1.9926186,2.4138968,0.06074963,0.53384984,0.9846227,1.2643846,0.36833704,0.09239896,2.0934315,0.51938045,0.029539458,0.01039806,1.3894802,1.4872736,0.7207604,1.7317148,0.7328276,0.4904613,0.6217509,2.1540515,1.2381296,0.8368656,1.1960827,0.50322604,2.0088625,0.7841149,0.8106457,0.020357562,0.777044,0.22957964,0.5363634,0.20446879,0.24229267,0.43185925,1.4705426,0.38829216,0.6509072,0.5144528,1.2080534,0.6273659,1.0557272,3.3578942,0.0836819,0.33954847,2.0097196,0.044451997,0.7529373,0.80081266,0.21306296,2.1808555,0.032020584,0.7263512,1.8641527,0.0049066814,1.047017,0.80221266,0.29067433,1.1195583,1.200063,0.584849,1.1668361,0.25376385,0.47720158,0.41419172,0.4461103,0.026968647,4.690543,0.15383957,1.4374969,2.8281815,0.9420939,0.83099115,0.16779149,1.822998,0.40021262,1.159363,0.26606983,0.87020236,0.0015005624,1.0119649,1.1856767,1.7476244,0.66448414,0.75844634,0.026285904,1.6252611,0.45591065,1.0951014,0.2167734,2.3503137,0.50039476,0.14395195,1.2339815,2.9919455,1.9866977,0.5131327,2.217331,0.6727473,0.18799222,0.105722405,0.38850087,0.1725466,0.19241107,0.019776415,0.29385006,0.90970343,0.11201663,1.3049811,0.9039905,0.33194494,0.22985682,1.0276222,0.54353505,0.37085196,0.33026746,1.5755036,1.4827176,0.3811929,0.0360613,0.3487351,0.05565831,0.63271624,0.35588944,0.45171148,1.2695273,1.4378515,0.30139646,0.21404842,1.1395268,1.4620931,0.1028987,1.0909714,0.055995353,0.23692027,0.8670203,0.79944897,0.26162133,0.12260425,0.091148786,0.48316768,0.8502854,0.7243224,0.018834872,1.0248128,0.13321288,0.04920094,2.7208068,0.06239969,0.33037084,0.24894343,0.2832478,0.42840418,0.5792185,0.9724557,0.002973317,1.2998749,0.12752147,1.1819049,1.112676,0.17937681,0.8832659,0.5782753,0.11857946,1.651663,2.7116058,1.5850434,0.35682476,0.9783367,0.14676763,0.0136062475,1.067309,0.7665427,0.27621618,0.968936,0.7638332,0.07360922,0.11536341,0.05414173,0.9819553,0.77446574,1.0205786,1.5106223,0.16188997,0.0075301616,1.091604,0.19135173,0.66684324,2.915356,0.064612865,1.4414932,1.7138681,0.78710765,0.036320668,0.42833862,0.22587474,1.3050426,0.45741907,0.0,0.75572926,1.8439738,1.0948269,1.2035779,0.68952674,0.14816563,1.9668031,0.0175346,1.4289227,3.7754009,0.39528102,0.5346234,1.0754676,0.97738963,1.6282104,0.76268923,0.4863656,6.1631765,0.526918,0.16662276,0.35086054,2.1696007,0.76690686,0.19642729,0.85050035,1.0952542,1.7234209,0.26769942,0.5987646,1.3745701,0.082076564,0.9862674,1.4982611,0.18897651,0.06386399,3.3604105,0.014398402,0.22477736,0.7048393,0.30502826,1.1274482,0.20080115,0.33900592,1.1181419,0.47995672,0.5018116,1.4889201,0.8875992,0.0031035773,1.1611496,0.3698535,1.2344484,0.09763295,2.204507,0.5341386,0.26044694,0.34531596,1.394944,0.11138387,0.53709626,0.028030867,0.6151536,1.0373144,0.1732551,0.0,0.17138207,0.6880197,0.4789246,0.18652064,0.91380715,0.118527226,0.832929,1.9363774,0.36881652,1.2718449,1.1218443,1.5717851,1.9599773,0.82058245,1.2269533,1.5027145,0.8525627,0.269431,0.00472693,1.3266714,0.37202057,0.2334122,0.9174182,0.2805439,1.7084862,0.11802262,4.2659125,0.5003514,4.1590414,1.0446833,1.0877343,1.4424042,0.6448781,0.07081307,0.7176819,0.30530018,0.0006150405,0.70227534,1.4146948,0.23002899,2.6207695,0.58947074,1.7502244,0.76449716,0.2799156,0.01841238,0.3455909,2.292081,0.17722669,0.4994225,0.7831285,0.43796736,0.2553783,2.3582757,0.10391349,0.40638942,0.29890496,1.7704881,0.2772218,0.2892947,0.041158307,2.577248,0.83909583,0.85024273,0.4267712,1.1081933,0.36132774,1.9406931,0.26781264,2.0366406,1.1058186,0.7297415,0.017364351,0.4426328,0.93864095,1.5982035,1.1588604,0.7933421,0.16286165,3.9955344,0.8926332,0.49554762,0.35272437,0.69712347,0.20578025,2.0723886,3.3490443,0.27876425,0.31635663,1.6218063,1.4473106,0.89192504,1.3118465,0.55906993,0.004747219,0.0151782455,1.7324169,0.6795726,1.7544067,0.25605038,1.8001857,1.5446687,2.2192001,1.8405737,0.1054465,1.0320548,0.75979567,0.49555537,1.7660279,0.48861763,1.897256,0.91746247,2.7329361,0.50376344,0.9319492,0.73627824,0.63774943,0.053269736,0.5594078,0.7705609,0.2527545,2.0674186,0.94910234,0.5137373,0.17127135,0.20528665,0.7915176,0.061741892,0.7342641,0.4613733,0.5462068,0.43270367,0.5899115,0.47448468,2.127889,1.1013312,0.78359944,0.03992672,0.4384575,0.02173245,2.0298126,2.1972954,0.9003996,1.3524617,0.31935915,0.22722213,0.06789722,2.1873884,0.8826473,0.6220849,0.44308767,0.061873753,all_pothole_images\pothole_images_new_image_674.jpg
0.038058702,2.1019971,1.3854581,1.3717908,0.68023074,0.60910296,0.57101935,0.16902727,0.133728,1.297234,0.29057196,0.121551424,0.16217221,0.23254737,0.0,1.0939455,0.13316707,0.018742334,0.44581535,0.19968116,0.0,1.8445873,0.4183076,0.13880691,1.0878161,0.25749332,0.40673885,1.0540084,0.6558812,0.49450713,0.29553992,0.04150914,0.2709691,0.06504482,0.90693897,0.07492026,0.8566941,0.8256483,0.25699893,0.7904274,0.02449983,0.0038301153,0.97686344,1.2542112,0.6445297,0.66938555,0.32910198,0.06664149,0.048750244,0.58596903,0.034834627,1.0693542,0.46577144,0.4243926,0.19637594,1.3508525,1.9216738,0.43334827,0.30542225,0.0,0.2255453,0.3984173,0.8111787,0.03136333,0.47959673,1.2594008,0.47497362,0.27597085,0.4701578,0.369781,0.9386628,0.0,0.9609701,0.43472928,1.1394035,1.1725038,0.12931867,0.53813016,0.0,0.6500898,0.2592898,0.2460197,0.069580235,2.0911093,0.9278706,0.9609291,0.15634198,0.20851474,3.97646,0.8569557,0.16889235,0.5334948,0.039128285,0.09562823,0.13067912,0.027798861,0.75944376,2.4191954,0.7808158,0.25539872,0.45320883,2.1047668,0.26558012,0.17106622,0.08940602,0.24126737,1.0852598,0.1134189,0.13947922,0.34294897,0.048560623,0.34722143,0.2405627,0.17596532,0.3818906,0.38502228,1.0236076,0.78352,1.2184553,0.28686124,1.37454,0.051415198,0.3799291,0.61113936,0.41921073,2.036804,0.70758283,0.7647359,0.51423407,0.9775476,0.5485878,0.05959459,0.09191038,0.17632538,0.17862506,0.9344615,0.40505475,0.8709436,0.64060676,0.14810395,0.83272004,0.83259135,0.26174575,0.44627443,0.296564,0.4487261,0.23135714,0.018036311,0.0064813737,2.4856946,1.0243243,0.27104625,0.88865924,0.26615527,0.60249263,0.4546477,0.7189326,0.05400746,0.28503424,1.2846081,1.4067588,0.85219026,0.72454613,3.047394,0.112556376,0.0,1.9504423,0.13400294,0.81952745,0.99925166,0.25780407,0.01595449,0.41363424,0.13227597,1.5635206,0.09090011,0.4612791,0.48340586,0.05798213,0.73645186,0.591845,1.0911764,0.8301863,1.6768326,2.753596,0.61524826,0.5168835,0.23054346,0.06796475,1.3325801,0.07464979,0.5249489,0.5591397,2.0627074,0.24992952,0.2898656,0.31039616,0.6162338,0.15636048,0.5516133,0.6830909,0.04473732,0.037870772,0.4506808,0.40171447,1.2965537,0.15452336,0.4829472,0.9836854,0.30285028,0.092304796,1.165498,1.0382746,0.8372096,1.4066975,0.7270008,1.004146,0.06288168,0.6980465,0.91061467,0.5618828,0.40136877,0.034560673,0.60060614,0.4195614,0.87169343,0.15329802,1.3660883,2.6879628,0.32304204,0.058583293,0.6034854,0.13340952,0.20541656,0.11549571,0.16240409,2.268905,0.0,0.15939948,0.023389462,0.6513401,0.15060216,0.41588518,0.5406568,0.38969794,0.0,0.18324012,0.50006884,0.11324978,3.0830185,0.22129919,0.028871378,0.5079015,0.30728942,0.48727486,0.0,1.1211075,0.053527087,1.106223,1.6332388,0.21602376,0.46765214,1.232563,0.0,0.8513657,0.39860615,0.4654017,0.3264806,0.56895447,0.13581218,0.384567,0.62380314,0.13718943,0.5175879,0.29156166,2.17432,1.2385167,0.1683951,0.115834646,0.9373278,0.25083733,0.14480087,0.1891598,0.65219194,1.232038,0.5397416,0.66787344,0.018995265,0.2034618,0.34233886,0.45179012,0.33931032,0.3608961,0.75144285,1.4166226,0.7082994,0.12435008,0.106382795,0.5860853,1.4827644,0.8279453,0.5530655,0.44122136,0.66906464,4.209079,0.14029428,0.045407247,0.48394895,0.9254972,0.71708804,0.041815598,0.21001925,5.7203083,1.2785244,0.5150962,0.38829884,0.035993647,0.8436372,1.2515235,0.047863204,0.6430205,0.2246338,0.11393315,0.1866803,0.82261515,1.1254731,1.2185117,0.09301869,0.9094046,0.00841413,5.0110044,0.13967936,0.2985962,0.12645088,0.5523734,0.08755299,0.19270885,0.2327877,0.7408131,0.27014467,0.11808739,0.25323436,1.5387707,0.16378568,0.55827755,0.13750528,0.1263678,0.17496827,0.3669819,0.6841668,0.24873887,0.8262908,0.1771603,0.20171012,0.0017340797,0.0,0.17897066,1.8018314,0.42733708,1.0260408,0.11194552,0.14552087,1.4025885,0.44118136,0.0390318,0.2337279,0.6452686,0.21656978,0.4007201,0.30727696,2.1135426,0.50832975,0.06181524,0.5053599,1.1882848,1.3839706,0.040042914,0.8339756,0.2716154,0.13429928,0.13437183,0.0,1.9843634,0.7003647,1.8665044,2.5842273,1.6704743,0.03114448,0.046844006,3.018442,1.3623058,1.0699102,0.34958825,0.023845421,0.0050421897,0.0,0.7954755,0.2988061,0.21913135,0.25139084,3.8086696,0.8434632,0.0028167716,1.041317,1.1835897,0.008392403,0.581728,0.653693,0.45674446,0.072239205,1.8501172,0.117209435,0.9753175,0.0043058163,0.07287288,0.46887863,1.2495089,0.02921196,0.30111143,0.03286081,0.6140773,0.027931798,0.92317075,0.29983142,1.50524,0.29506814,1.1529065,0.74169993,1.0270494,0.10489874,2.5618644,0.0,1.0920435,1.1678681,0.42599937,3.9637904,0.8158161,0.41621366,0.5058823,0.23951614,0.5372598,0.20027417,0.21577631,1.0167751,0.1375061,0.014525161,2.7187755,1.6958488,0.27371472,1.3394569,2.7658534,0.42401826,1.6989281,0.47500524,0.6509611,1.603655,0.018658683,1.1814302,0.1787729,1.3952872,1.4408463,0.096174665,0.23036858,0.22339506,0.33606505,1.2560872,0.2506921,0.12467717,0.7847156,0.37334865,1.3020579,0.04668067,0.21599987,0.20679827,0.111767195,0.11317344,0.040375616,0.2734781,0.31993514,0.38076174,1.3185488,2.4744055,0.4758058,0.001623776,0.0,2.5859646e-05,0.44841245,0.07351932,0.30965352,0.3002329,1.7396184,1.1968837,0.22489761,0.01913402,0.15406227,0.8190936,0.010245818,0.055419818,0.6578672,0.049910452,0.17441897,5.585934,0.30480728,0.56364185,0.691461,1.0987892,0.007607927,0.9735431,1.0051874,0.28197482,0.40370122,0.7010381,all_pothole_images\pothole_images_new_image_675.jpg
0.0,0.2587938,0.07025386,2.1577916,0.19596697,0.0,0.031521678,0.0,0.38755316,0.032588754,0.18667202,0.037574235,0.0,0.31282163,0.6395724,0.21473674,0.16456877,1.339291,0.6560468,0.7728819,0.35942054,0.1120637,0.46131265,0.62261856,0.7942403,0.03706966,0.078131944,1.8287228,0.04467411,0.08249648,0.29546785,0.0,0.040326368,0.51960725,0.026482947,0.35270235,0.12328445,0.5696567,0.23608725,0.11593883,0.029501691,0.49952838,0.43958607,0.3829862,0.35722405,0.01950002,0.08580543,0.48253623,0.36021614,0.408916,0.028473817,0.75584424,0.10061891,0.30603874,1.1237662,0.07258333,0.2896352,0.064705186,0.020525662,0.43077895,0.04209237,0.04538549,0.3378072,0.4130378,0.311875,0.44328514,0.023269229,0.0,0.52590704,0.25255698,0.21705905,0.62218785,0.11106457,0.0,0.0264917,0.00040253488,0.0,0.33314195,0.0,0.1071058,0.0,0.21728732,0.59914154,0.8425696,0.16029733,0.013696651,0.010721907,0.053114295,0.5682004,0.27329895,0.06842666,0.36579302,0.20175768,0.45520902,1.0617001,0.15883833,0.27390873,0.5479069,0.18243039,0.64333516,0.14051843,0.118015826,0.14652207,0.35417983,1.9833894,0.21839805,0.48101196,0.0035630476,0.4251675,0.719571,0.13876107,0.23550746,0.043317657,0.22580777,0.30017552,0.028637763,0.0047661494,0.055587094,0.632487,0.59540606,0.8620787,0.032784253,0.13688245,0.35075673,0.5561517,0.5555447,0.041376084,0.02011376,0.051379472,0.6409017,0.0065901466,0.06670645,0.07248745,0.15141246,0.103591196,0.5090694,0.29816347,0.23765935,0.0,0.0,0.07292623,0.059063695,0.7291286,0.49056008,0.0,0.19295353,0.0,0.6297396,0.28782648,0.16448414,0.39415842,0.074457385,0.0,0.5270979,0.83983713,0.042695384,0.0,0.039743543,0.15243132,0.7122171,0.75037307,1.5898814,1.6522415,0.2838758,1.0760233,0.27340168,1.1819254,0.014632923,1.8162595,2.5409338,0.015164713,0.13179278,0.0066537578,0.0044628,0.11550608,0.09914192,0.030021867,0.0,0.29550153,0.34452966,0.037479028,0.9189351,0.02623555,0.028253866,1.1629331,0.3677495,0.014584963,0.060503874,0.014267636,1.9985547,0.037422743,0.053820077,1.0183316,0.06631668,0.20437568,0.10323973,0.9842377,0.0416232,0.7311834,0.03615829,0.47140738,0.008784283,0.39249158,0.20062834,0.05922081,0.0575206,0.034655195,0.00842196,0.80573475,0.7770155,0.0,0.6843951,0.21107204,0.0,0.8395867,1.1457078,0.02708029,0.22528446,0.18554395,0.38667843,0.49284485,0.26672593,0.75886565,0.0018928037,0.09070945,0.12789415,0.34541002,0.62310016,3.3633509,0.16601746,0.004665002,0.007227816,0.7548972,0.0,0.5191643,0.016062146,0.67094195,0.025298785,0.050270088,0.019506877,0.7859378,0.60841495,0.6294489,1.5567756,0.017491948,0.037976157,0.75421256,0.55674213,0.8485739,4.024638,0.58557045,0.09760152,0.0,0.0048464253,0.109085575,0.40043473,0.658697,0.40401652,0.070028156,0.4986874,0.09949919,0.40146902,0.8232976,0.14375693,0.011387314,0.52796364,0.19038388,0.072104275,1.8238317,0.057629555,0.19433777,0.2847606,1.3034859,0.0067598172,0.49478036,1.3958356,0.0,0.81104153,0.026752608,0.007511364,0.051875632,0.09708093,0.29237062,0.0009812049,0.26864967,0.19442318,0.38078377,0.110612206,0.07044684,0.06756737,0.03756275,0.13107696,0.0792447,0.06594975,0.53449285,0.58920234,0.0,0.92279536,0.12145818,2.3141408,0.7863867,0.23373093,0.048701063,0.005910627,3.0134542,0.00096093403,0.7722009,0.015997302,0.44173762,0.017751485,0.12645915,0.27163938,1.4489092,2.380133,0.06685977,0.17074896,0.076914,0.4000626,5.1011863,0.38689315,0.09691738,0.30952868,0.022114197,0.14266968,0.66681904,1.366888,0.9224444,0.0,0.0,0.0047402573,2.0450928,0.041375544,0.23640399,0.54121894,0.104490995,0.0,3.338789,0.9706558,0.21234386,0.67152256,0.0032816394,0.0022095381,2.9143271,2.9340696,0.4238879,0.0,0.054075353,0.40307823,0.046439473,0.50974137,0.061903846,0.3954355,0.04404973,0.12073378,0.09881319,0.15057175,0.0,0.9379949,0.121589765,0.3096979,1.0313971,2.342913,0.16324985,0.12045768,0.10773914,0.0,0.17280045,0.027137965,0.0,0.18012443,0.049318224,0.0042134672,0.036627285,0.20379563,0.19232394,1.3586335,0.24567904,0.1323766,0.06848759,0.24786843,0.61577004,0.035650466,0.09517781,0.29042423,0.43065026,0.0023251784,0.5795067,0.41038123,0.0,0.26663873,0.12797005,0.29325655,0.10349458,1.4198518,0.0,0.28170604,0.9693619,0.23739596,0.645374,0.2938609,0.43584713,0.40972075,0.02757953,0.0,0.6640092,0.23870058,0.31313822,0.058068343,0.818066,0.35503292,0.012796109,0.45302704,0.001397041,0.08883478,0.05651654,0.1741535,0.52700025,0.39207903,0.5145252,0.022743512,1.011737,0.12192157,0.27981412,0.79063755,0.37014443,0.0,0.016698701,0.0040338305,0.005514183,0.4426181,0.04703668,0.3331238,0.22709188,0.0024041985,0.40654695,0.36363867,0.022426972,0.020209009,0.69788116,0.05194239,0.21822329,0.0005677102,0.07662192,0.1895606,0.007505204,0.0747673,0.30966258,0.7675191,0.1218667,0.03318564,2.4721844,0.3923565,0.084481634,0.010634896,2.1618493,1.4380465,0.0,0.033147912,0.012270759,0.35533604,0.96912545,0.0,0.6141742,0.009789093,0.08527953,0.055796545,0.13623501,0.0,0.04852692,0.79401565,2.9265392,0.6838448,0.016783675,0.0015726136,0.42685723,2.2985103,0.0,0.23374297,0.15383431,0.93595743,0.16257298,0.36827904,0.49008882,0.014050903,0.19937913,0.16307887,0.14992416,0.08228798,1.5156689,0.0,0.0,1.2937567,0.14982635,0.04142626,0.0,0.06942355,0.013030662,0.015769834,0.05875268,0.13591802,0.17885195,1.0621783,0.46024236,0.5403066,0.31890705,2.6649122,1.5906999,0.62900287,0.3608447,1.1196454,0.020719683,0.18195838,all_pothole_images\pothole_images_new_image_676.jpg
0.33525598,1.5222507,0.31785807,1.9011065,0.26745838,0.9896099,0.6314886,0.796563,0.2842858,0.45860556,0.059290443,0.5515552,0.08982587,1.4721197,0.0,2.3633187,0.51774377,0.5513259,0.034401175,0.9969493,0.9179728,1.1442221,1.345994,1.3663896,0.2661277,0.9807888,0.042595804,0.6554266,0.8217232,2.8529475,1.3803177,0.7275079,1.3856695,0.39764878,1.5842245,0.7874673,0.994719,0.6250219,0.28023538,0.119578905,0.6424158,0.1820904,0.20004144,0.41435832,1.8639212,0.07927742,0.110955715,0.053459853,1.5099348,0.017641906,0.6984385,1.3619282,2.1704552,0.6819851,0.0371336,1.6549286,1.5029994,0.35732886,0.5154055,0.85785955,0.082283184,1.8333827,1.6580775,0.5047264,0.28139985,0.6557554,0.12148391,0.77404225,0.69130415,0.9586048,2.0257797,1.016348,0.09783071,0.7796382,0.28231013,0.5733276,0.19241098,0.7370011,0.11656381,1.1921676,0.64600587,3.215086,0.07977664,3.7507815,0.6447507,1.5034945,0.45072067,0.8536436,2.8176513,1.8953794,1.0939063,2.3397343,0.83511025,1.7559413,1.0432429,0.7720238,0.30628043,1.1751745,0.12627834,0.25785744,0.30002105,0.082369275,0.498221,0.08847644,0.8133607,0.14671856,1.760468,0.04473701,0.39109275,0.36526775,2.0401063,0.97420627,1.691524,0.33836994,1.6430238,1.9267218,0.1394159,0.5067112,0.23806058,1.6645622,0.27693436,0.8032995,1.1214418,0.532103,0.6197414,0.24504362,1.1956431,0.9974804,0.06583905,0.6738909,0.8433014,1.0450599,2.15272,1.2350911,1.1498463,1.324079,0.478928,1.350344,2.5288901,0.23217872,0.67532617,0.17355354,0.4093004,1.7297752,0.7103746,0.1452446,0.62270784,0.0753908,0.3127189,0.230111,0.04925369,1.4586371,2.9510198,0.035984326,0.18104954,0.41369712,0.89973664,1.3005439,0.004369889,0.9658969,1.3815173,0.27569458,0.37699577,2.210766,2.9463239,0.2983862,0.73854023,0.19607395,2.8726137,0.09180073,1.7948135,0.6044797,0.8833685,0.014360143,2.3297842,0.23324643,0.926408,0.48052984,0.40176,0.6227958,0.7039852,0.6246669,1.6856976,0.7779859,2.4569595,0.57047206,3.0605617,0.27878004,0.03472201,0.7910522,1.3678302,1.5702425,0.6167292,1.8944963,0.35435933,1.2788337,0.25352037,2.7603354,0.00875121,0.37519804,0.37414154,0.20683463,0.18454872,1.8786256,1.4250469,0.6891292,0.55769664,0.26629955,0.80674666,0.7473413,0.12755801,0.3966613,1.0326952,1.3423139,0.5473298,0.0143069085,0.9364744,0.28508943,0.09878779,0.94152933,1.9109462,1.277681,1.357356,0.28981006,0.5825117,0.1113324,1.9963387,0.14588985,2.556514,0.5075711,1.8008326,1.2887672,0.35921514,0.62695926,0.17928314,0.5854863,1.0519382,0.42542157,0.14395052,1.6658126,0.49401185,0.86484206,0.560434,0.29650643,0.6670269,0.19921303,1.1257279,0.25201845,2.3361242,3.776557,2.2274513,0.62291753,1.010635,0.94561183,0.13804632,0.34371376,2.9056544,0.98447275,1.3047426,1.9297447,1.0419346,0.9259351,0.5207751,0.59970254,0.31079817,0.043068804,0.7233734,0.6185173,0.7715129,0.039756622,0.3016306,0.06474284,1.8809787,1.2175863,0.7226026,1.7771279,0.04335822,0.4231371,0.1929793,0.13542017,0.16972634,1.0682244,0.29439467,0.059003457,3.1903107,0.6636754,0.15994225,2.4918184,1.1488484,0.25768462,0.044053417,0.270083,0.042996723,1.258361,2.2725086,1.2600516,1.5043919,0.20996517,0.8733405,2.0172875,0.0796853,0.1811618,0.29551917,0.4899056,4.9231515,1.1609033,0.14408417,0.33959508,0.36846557,0.30542064,0.054200713,0.06747576,2.6102686,1.213733,0.6089076,0.50717294,0.5370044,0.39780658,1.2660992,0.20555528,0.397582,0.17999509,0.67383945,0.22040446,0.7213356,0.25288028,1.3174912,2.249209,0.6684391,0.8633066,2.952758,0.038993936,0.28673172,0.50664955,2.1073415,0.2244868,1.7617147,0.46007934,1.0788909,0.1539264,1.461697,3.2656486,0.38029698,0.7996779,0.5511026,0.11936814,0.62839466,0.15048325,0.05627595,1.1104752,0.86531353,0.30782646,0.35454825,1.0260093,1.4956123,0.7106337,1.0810272,1.1166971,0.4091177,0.748816,0.28489113,1.1241422,0.049122497,2.0360534,0.029628817,0.32022533,1.0832478,1.0902163,0.2189066,2.5234313,0.8735136,0.15913908,0.7277941,0.64492273,1.7214541,0.75546837,0.08545877,0.26151705,2.3934517,2.7775037,1.3658963,0.7079441,0.1610384,0.21710892,3.7932186,1.2577593,4.207436,3.155097,1.5129877,1.213532,0.5910244,0.00675024,1.7168747,0.46598577,0.07434953,0.34407312,0.039502904,1.3564411,0.5737865,0.23924148,0.722684,0.49590877,0.6281246,0.47026062,0.6173933,0.94668126,0.38355038,0.9070774,0.18404658,0.43628427,0.30062598,0.3632338,0.45901445,0.93705815,0.8698654,0.25499585,0.81644374,2.0533288,0.23867159,0.5271081,0.015886605,0.3583912,1.2256447,0.9036848,0.40010768,2.2434192,0.4037046,2.7061524,1.3060491,0.9832738,3.934669,1.6628811,0.0109076705,0.38108763,0.0027764323,1.1332353,2.389367,1.2689856,1.9481931,2.1876566,0.3800731,1.8896948,2.692021,0.011523068,0.60799915,2.0914485,1.4993464,1.1948776,1.27315,1.2910637,0.9254007,0.1001458,1.32562,0.84603655,3.141785,0.9593293,0.7511445,0.9442435,0.64188343,0.2091318,0.6805401,2.1430516,0.53432167,0.24316064,0.08458924,0.44695944,0.577459,0.0062808446,0.28020296,0.44961497,0.55230767,0.38685763,1.1346115,0.38701233,0.8274046,0.08882932,4.2927356,0.14202012,0.535047,0.45897517,1.0951875,1.1698564,0.36742628,1.502914,0.49845088,0.8098738,1.4166303,1.423807,0.9791029,0.0,0.22313817,0.70063704,0.3448551,0.25950018,0.8370713,0.07110287,0.39790383,0.34716892,0.23696712,0.24203444,1.4798948,4.0033875,0.18433428,0.846159,0.9122391,1.1276976,0.00354761,0.7363369,0.23777626,0.18339646,0.894088,0.4842168,all_pothole_images\pothole_images_new_image_677.jpg
0.11807955,0.93324673,0.13387291,1.6969907,0.2950721,0.90231454,0.8122144,0.031970482,0.24375829,0.2487193,0.22991063,0.0661122,0.27145538,0.43849486,0.040307608,0.39845327,0.109770186,0.15121032,0.4781842,0.0034156765,0.7459936,2.0202746,1.0181147,0.14489257,0.5564009,0.035493355,0.0010540892,1.6171112,0.00901884,0.055885825,0.4517595,0.7704306,0.60261816,0.19136165,0.5389446,1.2491971,0.34004912,0.585069,0.14353621,1.2537647,0.2573254,0.012668551,0.2800638,0.180499,0.89076763,0.14910617,0.30982164,0.019431174,0.43235463,0.8997398,0.5581976,0.0,0.011445816,0.92311376,0.20215945,1.102425,1.0649514,0.022166057,0.6828959,0.40843737,0.37582156,0.247748,0.7515289,0.04758729,0.23500064,1.6906918,1.105719,0.20901483,2.033889,0.014344388,0.043372747,0.08216588,0.38900393,0.014285056,0.7191295,0.5646734,0.33435443,0.42021614,0.05974933,0.17736119,0.0,0.3832084,0.55169606,1.9763715,0.4303479,0.32790604,0.07744526,0.39288744,1.3447636,0.40924352,0.009946721,0.37150377,0.02607485,0.70976436,0.89320916,0.046918724,0.029762534,0.03848372,0.66252005,0.21263683,0.5186865,2.31675,0.4175116,0.022823902,0.12296814,0.075827226,0.47406882,0.30035958,0.08782413,0.20308517,0.023583995,2.0378935,0.041515183,0.23050493,0.5754305,0.03128603,1.3886905,0.17233768,4.255128,1.3099713,0.9911492,0.38603958,0.12948464,0.81188893,0.6517592,1.8472215,0.040771037,0.5030906,0.29155952,0.085841745,0.8156297,0.0,0.25470343,0.18013263,0.11217246,0.5864987,0.14289589,1.0258235,0.5140424,0.017692838,0.16541643,0.6535915,0.1804531,0.6716639,0.0060918042,0.44029608,0.17715067,0.0,0.8898748,0.64451295,0.2790225,0.0416068,0.5225619,0.15139735,1.1677159,0.50840664,0.69585466,0.15618524,0.016359283,0.8609572,0.18131478,0.1624267,0.21278404,1.8304789,0.0064202794,0.83910525,1.7489191,0.012952035,3.048239,0.8206155,0.0,0.0,0.010250544,0.0,0.8520162,0.04136312,0.0,0.031007115,0.34743765,0.102283634,0.01556585,3.1032546,1.4313161,0.2970373,0.70228726,1.6003087,0.12616809,0.5403826,0.58372456,0.33187804,0.28434137,0.20860147,0.0,0.45822895,0.35877335,0.06422314,0.9690178,0.6286392,0.4091315,0.15054922,0.47479483,0.31041977,0.056196213,1.2321408,2.308811,0.20448889,0.2010008,0.7112557,1.3966359,0.29618186,0.0,0.036224872,0.57328254,1.479465,1.1010025,1.406116,0.16929714,0.1099777,0.3793339,0.7306752,0.12679003,1.2369925,0.844871,0.77623093,0.038776908,0.20219232,0.9944067,0.01076231,2.2246857,0.31019956,0.0065072477,0.00419938,0.27431563,0.029981486,0.5975822,0.33216372,1.1868777,0.029770464,0.06658538,0.4796049,1.2997087,0.33419254,0.022391852,0.041328102,0.3759264,0.28294477,0.637949,0.06362388,0.004109553,4.0501523,1.9794049,0.1593916,0.52551407,0.078532256,0.023328042,0.80313075,0.6053197,0.5013433,0.22901535,2.2622302,0.12308395,0.47499877,0.4265216,1.3137014,0.18213758,0.27573308,0.09320206,0.020269169,0.68123835,0.12914148,0.08342178,0.07838677,0.4381686,0.0035844946,1.4544673,0.4244089,0.628414,0.056228064,0.82838035,0.19014724,0.3728643,0.23538743,0.23952094,0.38763115,0.4426338,0.41762072,0.634332,0.24845286,0.50040007,0.93356615,0.10400258,0.18641138,0.0,0.8217272,0.44188946,0.23828748,0.26043394,2.4313426,0.46982452,1.5311908,0.39238295,0.7410159,0.6284525,0.2629203,4.3735704,0.51339895,0.68580705,0.509413,0.21537974,0.37087294,0.40036166,0.28936312,3.3347497,2.102294,0.43304905,0.15414232,0.19559188,0.8313025,2.0210702,0.8248316,0.3560823,0.0,0.2437239,0.5898949,0.83044803,0.6739382,0.22622481,0.07356818,0.4316456,0.25452834,2.1839306,0.37955642,0.063152626,0.0,0.24546109,0.14288063,0.21169937,0.011747788,0.20201525,0.7260277,0.52184725,0.16819023,3.4692056,0.08739761,0.71402025,0.58732516,0.3981691,0.29724008,0.42534477,0.7143466,0.6130522,0.5581062,0.6023883,0.46777767,0.019387541,0.07690585,0.0007649759,2.5272639,0.8202284,0.5567689,0.009119305,0.062673405,0.40515828,0.005684972,0.053478234,0.11672974,0.95935476,0.15594961,0.095422365,0.036117904,0.41572282,0.011842054,0.9437861,0.1671659,0.42739105,0.18452574,0.005317922,0.47026652,0.7811533,0.0,0.3606338,0.035461105,0.24412589,0.26708388,2.26304,1.2659883,0.9856125,0.00069092587,1.5842992,0.92998517,0.5237866,0.59970707,0.102796316,0.7759749,0.008434317,0.36603144,0.081076145,0.10311364,0.07868882,0.5407989,2.7324498,0.0,0.21500728,0.15259604,0.7372078,0.10112511,0.5109049,1.5025929,0.54872006,0.026406217,0.7850642,0.15146233,0.065893054,0.0041930517,0.12772146,0.013754545,0.3968941,0.06908331,0.07564664,0.17436917,1.0712935,0.036613647,0.8004331,0.6499938,1.17194,0.010361691,0.09260049,0.50243795,0.4200676,0.2585887,1.3811356,0.30463707,0.3907517,0.05575136,0.9947238,2.506907,1.6989934,0.6076811,0.62875414,0.6638476,0.14827521,0.7337695,0.20232394,0.20203814,0.8045302,0.015788233,1.104426,0.22135946,0.050540637,0.5970436,0.17032059,0.23559348,0.7697675,0.5674111,1.6523445,0.58018243,0.97640735,0.8972427,1.5356878,1.8483043,0.07978888,0.31649533,0.96134937,0.105942644,0.21009086,0.7356787,0.0647863,0.21721968,0.06078037,0.14133555,0.29311413,0.84435755,0.60886925,0.2646724,0.32742113,0.011312381,0.51758355,0.6578668,0.24207455,0.2390613,0.23244953,2.216836,0.365469,0.008033149,0.1274521,0.1954794,0.830331,0.37855038,1.9417745,0.13138957,1.5427551,1.224812,0.5375975,0.30459216,0.3789196,0.13304596,0.146573,0.19376688,0.0,0.4619019,0.16947006,5.0292253,0.55578065,0.19731553,0.073593445,0.93437904,0.01581043,0.0,1.8011311,0.2959996,0.08967734,0.20107912,all_pothole_images\pothole_images_new_image_678.jpg
2.8036063,2.5337434,1.3657573,0.6875065,0.80296654,1.2768399,0.93495905,0.014959683,0.56040543,0.80140543,0.4908072,0.032979947,0.19901475,0.1199168,2.556605,1.3311104,0.17340623,0.040643636,0.14150688,0.5097506,0.20220636,1.6808655,1.0064641,2.718258,0.20088437,0.34647113,0.05313993,1.2494799,0.040321775,1.3634273,1.8594198,0.089034796,0.88702404,1.2988534,0.15616097,0.40571713,0.5942024,0.92910475,1.6311884,1.6746536,1.8485811,1.0225701,0.13742344,0.10524972,1.5019068,0.38251826,1.8906461,0.269945,0.4105891,1.1153637,0.23137337,0.09238785,0.9686367,0.21894906,0.14912467,1.169123,0.100486964,0.02417481,0.19942819,0.91059136,0.09673619,0.18508878,1.6276761,0.117613345,0.033782545,0.3408657,1.3521541,0.09177896,0.4857387,0.451592,0.09768954,0.098728955,0.8532844,0.26684102,0.25775513,2.089403,2.988189,2.2114646,0.6845451,0.23159473,0.5328609,0.06698306,1.9866467,0.8126356,0.23124395,0.16847344,0.010971441,0.5869789,6.3291116,0.3875008,0.8993067,0.37360016,0.5285778,1.5516311,0.73865944,0.008485596,1.3017524,0.12697576,0.38271746,0.8384868,0.15383555,0.07786196,0.025418397,0.98550135,0.20639338,0.7404631,0.12545922,0.4311556,3.0832102,1.9473821,1.1292626,5.133602,0.9199281,0.49076632,0.100789554,2.1437037,0.7794909,1.264723,0.17955348,1.3093517,1.2263173,0.10925908,0.5531589,0.7584765,0.31385294,0.7009173,0.23986481,0.7385323,0.27087605,0.31164452,0.19122085,0.54014415,0.31256744,0.42722744,0.57234395,0.38710696,0.35136923,0.9702307,0.014639674,0.36278003,0.64285403,0.853946,0.18443584,0.35866892,0.37568897,0.94090843,0.8677064,1.8443846,1.0544417,0.5495123,0.29619318,0.14213893,1.8469687,0.9398354,1.730153,1.0265602,0.15175651,1.3002458,0.4517501,0.42716953,1.062074,0.88035846,0.24834815,0.33639735,0.6051429,1.7108738,0.35529724,0.4875724,2.036453,0.18880373,0.3997752,0.0,0.2798577,0.6725948,3.293286,0.10691493,1.8118018,0.12651138,0.2087845,1.4435481,0.6822881,1.4952115,1.0347751,2.3333375,2.2921128,0.9468128,2.1026652,0.116275124,0.42009175,1.1464883,0.28268957,0.6031199,0.72121966,0.39636946,0.4079023,0.04359568,1.6232542,3.5835347,0.96972126,0.73212725,0.30566216,3.8686335,0.7606898,1.7456748,0.01118544,0.30228105,0.22509336,0.13225415,0.60294604,0.50404775,0.080517545,0.7302529,0.89358,0.6363944,0.5946932,0.46386236,0.14736328,0.21835977,0.9571411,0.036592394,0.1981158,0.091057815,0.31029266,0.22576691,0.7895626,0.5686987,3.467028,0.1462223,0.42547697,0.090117335,1.142098,0.47106406,0.40751344,1.0634391,0.70849645,2.296351,2.3746889,0.4146098,1.059709,0.28099638,0.9692817,0.829675,0.2658849,0.017192518,0.0,0.7050655,1.0322129,1.0554408,0.71472025,1.1505163,0.715209,0.62709546,1.7324519,0.094923384,3.6013012,0.0,1.5450393,0.8032378,1.9809171,1.0245109,0.011550498,0.43808624,0.40864632,0.13813776,0.84156686,4.283049,0.6027412,0.23718248,0.93610394,0.94767684,0.4180788,0.0693437,0.25195286,2.244967,2.435329,2.5908446,0.62652856,0.018923478,0.07883008,0.7578377,0.22157793,0.6104718,0.05487614,0.028279841,0.59896517,0.08422718,0.0869024,0.25635362,0.006923418,0.24839021,0.025340535,1.4929581,1.722527,1.3576185,0.14351596,0.613543,0.48085877,0.006200385,0.72991586,0.36950612,0.57792443,1.0843207,0.16639572,3.4754705,0.7819877,0.75007796,0.91016805,3.490487,0.5228322,0.02088029,0.15967381,2.4004683,2.7202296,1.5843668,0.31596208,1.0756329,0.41904262,1.0698878,0.79045063,0.88489926,0.8972603,1.2833233,0.23664895,0.67469037,0.22599928,0.912498,0.1644186,0.77044064,0.87441254,1.7590227,5.2504845,0.41885275,0.39148283,1.7721558,0.2943688,0.4463475,1.6674001,0.17638691,0.14988643,1.1525484,1.6601355,0.7683824,2.3332772,1.0097078,0.073960245,0.06225405,1.1478959,0.18703051,0.21055688,0.24015835,0.76382977,2.7323027,0.022105046,0.21479884,0.13140494,0.34391674,0.13797152,0.023055324,0.1472885,0.4771201,0.17342465,0.26048473,0.9321265,0.20078,0.002330497,1.4368429,0.10895154,1.3155311,0.037327833,0.79479575,2.4072177,1.4001061,1.1830803,0.93087983,0.96357167,0.52734077,0.42030257,2.9041736,0.82069284,0.48315164,0.037817396,0.29896668,1.188387,1.4166088,1.2594616,0.6303562,0.08247286,0.62205786,0.015169912,1.1904398,0.9076443,4.41061,0.00402212,0.23715252,0.13104251,0.78270316,0.28046426,1.6273806,1.1532549,0.21857172,0.036446046,0.6624972,4.134158,0.08021864,0.96207416,0.31151354,0.75475365,0.25298733,0.69486445,3.1818843,0.49920657,0.7666766,0.6610609,0.30681705,0.91565067,0.9310651,1.9585439,0.7981514,0.5659136,0.5217083,0.09775883,1.624739,0.25968486,0.59339887,1.9603386,0.19502242,1.320155,2.0449147,0.17882322,1.7383641,0.34721723,0.6848508,0.10803381,0.2943033,0.18747221,5.5295005,2.0536203,0.0,0.12799226,0.2910052,0.33522734,0.13850644,0.13995586,0.8606837,0.0050566224,1.143667,1.4686223,1.3019168,0.060424376,1.2037338,0.97294545,0.8767703,1.5240155,2.3963902,0.35018703,3.9641197,3.950221,1.0269456,1.0233428,2.020156,0.080152944,2.5271938,2.5323048,0.4161094,1.99804,0.11709151,0.112396754,0.40493026,0.2459937,2.1288495,4.161562,0.18162218,0.2496223,0.61721814,2.5147057,0.47734657,0.04851907,0.5002165,1.4653788,4.2951894,0.31625232,2.097973,0.1227677,0.13799272,0.0010655449,1.7498759,2.145638,1.3093841,0.00068754255,0.0,0.11412297,3.039319,0.7205343,0.17518055,0.5626765,0.04684768,0.39392793,0.10402942,0.104682766,0.50900203,0.08939715,2.4379904,2.6501732,3.5116305,0.8735398,1.6048132,0.16493462,4.4394803,0.19703884,1.5062925,0.59355634,0.28994253,all_pothole_images\pothole_images_new_image_679.jpg
0.036356892,2.1828928,3.9399624,0.43850186,0.26831236,0.48209476,0.5163019,0.57558775,0.388127,1.402904,0.28485543,0.28190413,0.1684378,0.13530421,0.90861917,2.6015785,0.018149337,0.23246099,1.0970237,1.6800804,0.31476873,1.6981798,1.2281046,0.3026871,0.20675865,1.0176723,0.06313833,1.0739083,0.1923103,0.9786792,0.38570815,0.0012341955,0.033216093,0.03300492,0.20209332,0.27781287,1.5386137,1.0492097,1.959222,1.502759,0.26614377,0.346106,0.91719997,1.1064129,1.5080343,0.2549558,0.06209218,0.9040745,0.1444642,0.1455707,0.607448,1.4969566,0.23172283,1.1020666,0.35216698,1.1873913,0.69531095,0.26101193,0.92676467,0.6837367,1.0395156,2.181107,0.7959741,0.1175772,0.06427584,1.1583583,0.7381373,0.1135276,1.0495303,0.49487895,0.029641137,1.1026596,0.5047691,0.603953,1.0943972,1.5406144,0.36148515,0.25948995,0.49196512,0.3827742,1.6925379,0.041412566,0.96215016,0.82164216,1.9949229,1.030816,0.28124815,0.55785733,2.8077192,1.6014144,0.4761582,0.57251126,1.0175221,0.31218904,1.8810278,0.10257351,1.3632172,4.1798525,1.1492423,0.6004444,1.1001079,0.31005675,0.08270687,1.482826,0.34968942,0.19972898,0.40150875,0.02059404,0.18287891,1.7598176,0.63682467,1.0087553,0.049289044,0.2657278,0.3590804,0.35982528,0.74345523,0.2846452,1.6443808,0.120276354,0.0,0.5497166,0.06985322,0.5561157,1.9216433,1.7379863,1.2898448,0.07653458,0.3186915,0.52893305,0.032533508,0.29749876,0.23186855,0.114956774,0.6207909,0.34540188,0.03322346,0.63100743,0.14785238,0.114367075,0.13359524,0.08483141,0.2278585,0.03787913,0.22029473,0.10817949,0.4460415,1.2440557,0.35485205,4.459813,0.995967,0.40861893,0.3060667,0.51223075,0.20684686,0.39159086,0.21681482,0.54360527,0.50153786,0.66522455,0.18478109,1.3405833,0.22316122,0.27544248,0.15698162,0.07559092,1.8824342,0.36597633,0.90855235,0.59914905,0.4066901,1.0701402,0.40827584,0.2562187,1.3087753,0.26210782,0.68076664,0.32998827,1.2175411,0.3920822,0.104262814,0.7047793,0.8355004,0.7142995,0.6339058,0.55061185,0.80765516,0.71813136,0.105109,0.57788074,0.0,0.45503455,0.45262578,0.7765355,0.10856912,0.013267785,0.087722726,2.0926263,0.80446434,0.21660279,0.26648152,0.015950397,0.37980294,0.5097729,0.2843675,0.9401567,0.15903144,0.18091603,0.9405835,0.47054565,0.49891645,0.35150605,0.80907017,1.2318192,0.40391776,0.51282513,0.27549738,0.7296256,0.16521996,0.6523672,1.2016101,1.353727,0.16180858,1.5419825,0.97107506,0.65364265,0.65445274,0.25737298,0.016473634,0.18103525,0.8056127,0.68275124,0.06492354,0.25738683,0.3035922,0.91192174,0.30477795,1.1104666,0.13121817,0.12064654,0.25577942,0.5847266,0.6514254,0.9693678,0.62581533,0.37407258,0.19447221,0.6471941,1.0037918,0.43607777,1.4342378,0.03218304,0.5964367,0.25639102,0.294664,1.2656882,0.4937715,1.3109492,3.2883341,0.09656299,0.41167182,0.17544329,1.0866437,0.23395748,0.5447249,1.1367407,0.0618372,0.6782079,1.2115766,0.042484853,0.31366134,0.86140907,0.28544673,0.5344685,0.5931691,1.9318838,0.08141813,0.06792023,0.8421522,0.15965183,0.5598447,0.007373143,0.21606694,0.7215872,1.0412508,0.098229155,0.13961929,0.9844429,0.11156907,0.23477326,0.5045787,3.5557897,0.17563415,0.3034303,0.12925678,1.0623566,1.130052,2.4845977,1.4062294,0.49241412,0.33290988,0.4362522,0.6390935,1.0243857,0.9845176,0.33365765,0.32451704,0.57382095,1.5886339,1.291877,0.17206757,0.15272014,5.8924713,0.17843853,0.25223166,2.0284147,0.81131935,0.3856277,0.18265755,0.24463329,0.35159293,1.6926895,0.022649093,0.2952497,0.85521585,0.2385285,0.7402003,0.19902727,0.52444696,0.3171067,1.8615934,0.16100183,0.24480228,0.34089077,1.7397355,0.24377882,1.8872241,0.40399247,0.21152227,0.04731582,0.9596693,0.5258064,0.48947188,0.26520556,3.578124,0.6816654,0.37559333,0.06701278,0.1876954,1.5173728,1.144808,0.934018,2.3612885,0.09477983,0.5682242,0.73877406,0.16400605,0.60957,0.17154261,0.46076465,0.674069,0.46467084,0.16141757,0.6803017,0.83273345,1.0647973,0.06854006,0.38949335,0.7964127,0.34393147,0.35623473,0.14154786,0.11584483,0.17074268,0.5760432,0.034271535,0.96474314,0.45186478,1.2937266,0.15689942,0.10819388,1.0669606,3.3847835,0.47260004,1.277595,0.14432599,0.71750474,0.02173448,0.7126331,2.3874788,1.3974174,0.46303177,0.7225312,1.0837595,0.856776,0.10384051,0.1853673,0.58489907,0.7156149,0.74151874,1.7769432,0.097717516,0.27535632,0.8155519,0.29345232,0.17304938,0.43827695,0.81011426,0.88868976,0.7907136,0.821356,0.22530209,0.12118966,0.106401905,0.06150325,0.99919134,0.3852787,0.2090528,0.15106747,1.0860648,0.21916842,0.086736344,0.10596922,0.7146217,0.2287061,0.116814695,0.30400595,0.13531607,0.41321403,0.16669853,1.9134197,0.11172215,0.6716725,0.6025621,0.67566335,2.004466,1.7283714,0.0,0.9500849,0.07200008,0.29164493,0.69486403,0.42674372,0.9836871,0.86287534,0.1437156,2.703488,1.5529559,0.8009206,0.42714083,1.1617379,1.001942,3.866389,1.1991665,0.47595394,1.1954657,0.19859563,0.85771614,0.030424206,0.49073303,5.45695e-05,0.01814072,0.58442396,0.05466469,0.117828794,2.348225,0.7437612,0.47417298,0.57204485,0.16679646,2.9567373,0.659403,0.8167882,0.7929782,0.52638894,0.29829013,0.19803779,0.28279233,0.34351933,1.07213,0.98990893,0.4110663,0.4399559,0.02849544,0.71257836,0.37640527,1.4954201,0.6968031,1.5418701,0.6219231,2.0532038,3.4037383,0.0069902954,1.4655787,0.38397822,0.23930477,0.037125323,0.8474599,0.7997358,0.037232358,0.15313448,1.069243,0.16532663,1.2660947,0.3058805,0.1103921,0.3916597,0.5544326,0.62165785,0.44386157,0.40417182,0.8007476,all_pothole_images\pothole_images_new_image_68.jpg
0.72533387,0.8966184,0.91087604,0.9490142,0.6326627,0.4472471,0.53657323,0.44122595,0.44787973,0.66878515,0.4823944,1.3850317,1.5126109,0.63926923,0.48819116,0.5536858,0.13777488,0.69132984,0.45449466,1.8225877,0.32990116,0.16395101,0.4505407,1.1684357,0.75912476,3.0600235,1.3905898,0.4521434,0.078219414,0.26514852,1.0201735,0.55782294,1.2437677,1.9169598,0.9842428,0.9058673,0.039488886,0.18739255,0.84926105,0.3230749,0.6448497,0.49484825,0.7780352,0.57281065,2.5216668,3.036296,0.95775896,0.83223903,0.5383122,0.9833501,1.0426975,1.6078087,0.8801054,1.3453391,0.1529298,0.6668304,1.0544208,0.8258226,0.58306533,0.97185624,0.3105539,0.53522843,1.5718378,1.5328306,1.0808055,0.100856535,0.23744427,0.90723205,0.5130213,0.08797205,0.76397383,0.06881202,0.8746632,0.18398286,1.0469902,0.10551182,1.0491365,0.88244534,0.30668202,0.94849724,1.5381663,0.6871412,2.7862802,0.2594335,0.87630475,0.5775039,0.2283096,0.016870093,0.86197126,1.6899669,0.20212272,1.9533674,1.5028045,1.6317501,2.636183,2.046763,1.5088117,0.3647176,0.9954328,0.8297339,0.0072190017,0.29890123,1.2820278,0.6006884,2.5974715,0.21344942,1.5270132,2.668625,2.6068933,0.08502086,0.5453792,1.6197537,0.7979689,0.6723391,0.63004833,4.4307585,0.4388868,0.690676,0.3000303,0.74974805,1.1501765,0.30055714,0.886399,1.0527153,0.4983869,0.33500636,1.0669006,0.042366333,2.0490181,0.07642097,2.1952453,0.1394245,2.7382083,1.4000801,0.3338811,1.4329423,0.081440754,0.42238608,1.4404466,0.0,2.1039097,4.4687095,0.6566048,0.2454012,1.4854901,0.7227479,1.1485175,1.140367,1.1574552,0.9848849,0.44968343,0.8486602,0.3095502,0.5799993,0.08278221,0.3835258,0.55452245,1.2133156,0.78637046,0.6207949,0.0,1.864212,1.5571784,0.05103441,0.4202868,1.7992973,0.60365343,0.18237089,0.2735864,0.7429353,1.822928,1.9317914,0.7369835,0.22599082,0.36871904,1.2307276,0.68257934,0.9433053,1.3192828,0.26190978,1.0293275,0.5262686,2.1845508,2.6387465,2.3269572,1.0908307,2.1400824,0.8068523,0.35338122,1.3253553,0.04750232,3.8440585,0.2801513,0.45308477,3.125272,1.3203818,2.3882363,1.3175024,1.5549998,1.0312628,1.4017184,0.53994334,0.3882036,0.12414161,0.4727229,0.7952929,1.1554374,0.8397499,2.4393234,1.1748855,0.14640167,1.4200501,0.028522309,0.6827782,1.9278084,0.25554714,0.03732402,0.9081279,2.9453673,1.1399496,1.7237576,0.7684642,0.34884214,0.0,1.4053103,1.3483369,0.88167053,0.8496254,3.7306986,1.0476686,3.6424422,0.5443228,0.4101548,0.81408316,0.3734173,0.17694822,1.5401187,1.6489729,0.37015423,2.572909,0.0,1.3797553,0.61411285,0.91399926,1.2834994,1.5992422,0.22344771,1.1455358,1.4173305,2.1969924,1.4282485,3.2482505,0.063690335,0.031026741,2.171687,0.18046637,1.4492885,2.4282815,0.3119898,2.8066742,0.19337781,0.5567244,1.9764849,0.5039719,0.08380462,1.0395825,0.34458888,0.3606371,0.74324876,0.03464031,1.5189729,0.053146917,1.3728696,2.315273,0.917359,0.65614355,0.22881676,2.0944023,0.12982298,0.08783882,0.31552714,0.26390958,0.88806397,1.0536788,0.9416398,0.666566,0.90519726,0.40175512,0.038750414,0.571317,0.027982784,1.9517395,0.059473444,1.392488,1.847882,1.1893677,1.198746,0.19692561,0.60442615,1.1702567,0.06923338,0.5401735,0.19770505,1.2544547,2.6161766,1.641918,0.45848775,0.021240989,0.022812868,0.32983133,0.47397363,0.4285482,1.5067668,2.3589385,1.2241005,0.5539055,0.5667525,0.1953949,1.752566,2.8845682,2.342127,0.66814893,1.1537253,0.4888853,0.13787028,1.1620114,1.4396583,2.3976104,2.0364995,0.00805967,1.1381491,0.13494903,0.06642358,0.09081169,1.0058832,1.0716369,1.4315975,0.044261824,0.15487127,0.49423066,0.39768374,0.19387518,1.2277204,3.8580713,1.3726766,1.11402,0.78176177,0.48482677,0.101127855,1.6773174,1.1036661,0.2856906,0.86358005,0.15690307,0.44935724,1.2123761,0.023028381,0.5349575,0.43853956,2.138392,0.48910016,0.208259,0.81917506,0.7509115,0.1508002,1.090461,1.074961,1.7742432,0.41691938,2.2756584,0.40591604,0.367049,0.3701131,0.52181727,0.9022354,0.65704,0.56364834,0.8836162,0.36989427,1.0510532,1.9157131,0.061216038,0.84081537,1.4070715,1.4166229,0.08709836,1.4868675,0.9140459,1.4075885,0.4222543,0.015457744,2.3096933,0.88877434,1.3443308,0.0,1.4968996,1.7877215,2.5191083,2.0955334,1.0294753,0.10023175,3.0574157,0.13427278,0.0856131,0.09116682,1.1267283,0.8134825,1.51084,0.68601054,0.33664328,1.3688426,0.7961147,0.09378763,1.7937653,3.0050771,2.3520167,0.51188505,3.6412964,1.446761,0.57600284,0.6598565,0.09310111,1.0116376,0.40538585,0.9122467,0.01394228,1.4187373,0.9720239,1.0862854,1.8968468,1.1744639,0.004164038,0.36313266,0.61774606,1.9152842,0.67563957,1.262654,0.37152615,1.6761603,0.51232266,1.5870351,1.9361547,1.4140335,0.019075226,0.074552216,0.16325875,0.28062558,2.8561888,0.068418756,0.35104617,2.2479212,0.11847278,0.76416016,0.8636697,0.93152875,0.5254719,2.827641,2.069199,1.2323263,0.7489218,1.2787493,1.8416494,0.87741786,0.3424235,1.2879808,1.3143846,0.21924879,0.47814915,3.3590877,1.6646228,0.32235387,0.3414929,0.8004167,1.0693502,1.5136371,0.8771294,3.6108112,1.9448082,2.1947763,0.09851804,1.2079041,1.2286388,0.52518266,2.0700126,1.6813217,0.19579533,0.71872723,0.8938284,1.9678401,0.13811421,0.00034507614,0.6067339,0.4538226,0.4631595,2.0634246,0.41106796,0.55390614,0.41527012,1.6398181,0.25310284,2.107406,0.20044549,1.58144,0.027343743,1.3729995,1.937105,0.34597147,2.1932545,0.96669424,0.42719704,1.3189118,2.0249019,all_pothole_images\pothole_images_new_image_680.jpg
0.51194674,0.5806728,0.045440298,0.78818005,0.00965878,0.49025255,1.0274129,1.0889618,1.2653439,0.8138103,0.13506402,0.68779486,0.020601464,0.65762234,0.14621325,1.5472052,0.6921454,0.68680346,2.733661,0.522931,0.4017316,1.212524,0.77780086,0.33041406,0.36075833,0.208641,0.064199835,0.4093814,0.009885003,0.5826281,0.0021424934,0.08895194,0.957958,0.6977565,0.4737553,1.089293,0.52215016,1.3151807,0.39598712,1.0579885,0.4670721,1.0685133,0.34174564,0.6786158,0.15253203,0.93620425,0.25134313,0.0,0.4572261,0.18820605,2.774925,1.9712764,0.33750293,0.50253296,0.22484569,1.6794227,0.72899795,0.29462942,3.3786895,0.7893339,1.3306468,0.28043333,0.748108,0.275436,1.3949728,1.5964458,1.129185,0.38071993,0.6798427,0.37879592,0.15252692,0.06300195,0.42963466,1.1114026,0.46803227,1.7521673,0.060434658,0.023895575,0.37835962,0.3795475,0.31643587,0.08277808,0.2916111,0.14181672,0.8859239,0.44881845,0.60202307,0.63219756,1.3089714,0.524044,0.14989449,0.81569034,0.037269756,0.6784981,0.24475068,0.2151316,0.97890717,0.9971448,0.53292376,0.9254517,0.01575188,1.4367728,1.5306795,0.51533633,1.6283448,0.21475512,0.3601643,1.2903649,0.5953084,0.45185283,0.010576451,3.7409012,0.08069135,0.06407672,2.0119498,0.01223369,1.5586737,3.5231714,1.7657791,0.67817235,1.2609255,0.21302925,0.34867632,3.1394765,0.45064303,0.25222185,0.1549502,0.69837934,0.5602437,0.053942777,0.33891332,0.32951158,0.019891735,0.5638445,0.10678425,0.8429763,0.09176392,1.1928288,0.14967944,0.9611104,0.45282736,0.23159657,0.25714839,0.7479826,0.035092946,1.1477754,0.5762061,0.28034964,0.045446064,0.51188403,0.6797775,0.2591967,0.18324281,0.11562057,0.9138786,0.5599581,0.8275341,0.602623,0.04944608,0.06010816,0.32393625,0.116774224,0.0,7.323987,1.5837566,0.8312286,0.10203829,0.18438195,0.88403803,0.31326672,0.07520525,0.34554756,0.34492242,0.26899603,1.8703046,0.14439796,0.14704014,0.12597066,0.59144336,0.012182889,0.35780767,3.125307,1.0993893,0.36712113,2.06466,0.688746,0.5051661,0.60301363,0.30224133,1.3471751,1.4580919,0.02660502,0.18450694,2.5769053,0.91299844,0.35683674,1.9195132,0.9416594,0.61166626,0.35110098,0.62958777,0.9740467,1.0938617,0.15732951,0.65438485,0.27999863,0.60880804,0.465455,0.49478102,0.19305855,0.01847395,0.5558286,0.22610755,1.2953995,1.1907297,1.3601323,1.3265564,0.15887594,1.0642797,0.082334526,1.0922123,0.1169278,0.5825569,0.6215723,0.2544325,1.7515762,1.9708767,0.52513885,0.1375644,0.77346987,0.2295963,0.9777441,0.58285135,0.016170692,0.44320258,0.0,0.5296122,0.065173976,0.24202703,0.09781477,0.9115758,0.6991951,0.10418539,0.09255056,0.122447945,0.045192312,0.372005,0.2223835,1.4057695,1.1957654,2.54331,0.23442942,0.67330253,0.08272829,0.28126907,2.0586948,0.2812694,0.055009253,1.0428326,0.9600394,0.70728844,0.1611442,0.9978924,1.12382,0.302907,0.59324986,0.14969374,0.14324719,0.28048483,0.38360012,0.020697184,0.03556478,0.23482172,0.5257739,0.7837369,0.43753052,2.5431542,1.0868981,0.17761008,0.81755453,0.0399745,1.8940085,0.6855867,0.32389945,0.6060446,0.06954095,0.4689068,0.29968876,0.19058119,0.020203987,1.0320729,0.018370047,1.905056,0.38816977,0.027902,0.34678486,0.39456293,1.3101336,0.0,0.054828867,0.38630766,0.8519489,0.51562095,0.84504527,1.403551,0.68373805,0.41695112,0.7409693,0.65108997,1.6528974,2.5323658,1.4268708,1.3795025,0.1684827,0.013400958,0.2815165,0.07839512,0.64185685,2.5247781,0.082112074,1.8536348,1.243796,0.5416873,0.015017086,1.2018814,1.5433168,0.11905616,0.350298,0.3394941,0.54883766,0.3052328,0.5563363,0.31407425,0.27329752,0.45395854,1.4859967,0.38641158,0.64001775,0.32422414,0.72876954,0.8671028,1.1716832,0.12222471,0.69127655,0.00026801755,0.2154276,0.2212756,0.011745358,0.31702274,0.78986216,1.9122763,0.08542935,2.6658244,0.13590275,0.0689612,0.07159736,0.500752,3.083344,0.64155793,0.28256744,0.9236006,0.5386076,1.2197776,0.73047686,0.32354137,0.7339544,1.180112,0.008057396,0.41691175,0.109587625,1.4604676,0.5665177,0.459146,1.2269001,1.2148218,0.071817786,0.0,2.867718,0.012064223,0.74477154,1.3085622,0.6912558,0.06412039,0.33954164,0.9914599,0.22730045,2.5314453,0.53312516,0.93686724,0.6549483,0.53831095,1.6496644,0.07078115,0.40697008,0.49633414,0.12226554,0.90945804,0.7796037,1.0696056,0.05622627,3.1481068,0.20855655,0.3725487,1.5514712,1.2252866,0.0,0.5861397,1.0484354,0.14081004,0.39858055,1.4790452,0.38553035,0.13435192,0.05296113,0.20598415,0.0026371027,1.2690712,0.28297263,0.47626138,1.0676416,0.868765,1.0709423,3.657353,1.0059959,3.4988356,0.25558627,0.16156486,1.4358222,1.1468741,0.589446,0.08715013,1.5909395,0.43691245,1.1264169,0.1562008,2.1337955,0.96945935,0.33638716,0.45258018,1.3609926,0.18217334,0.44598305,0.3447004,0.47984555,0.053384837,0.09338964,0.42522293,0.023617283,0.004027403,0.09410833,0.33341512,0.080475986,0.15767094,1.3311982,0.6585172,0.75599235,0.88341653,0.027449459,1.1364179,0.75592905,0.8530847,1.4713168,0.61973834,0.18190926,0.6413746,1.8777609,0.13407941,0.4666709,0.19899872,0.8403476,0.66903746,1.1995015,0.7462008,0.50728065,0.49568272,0.28984213,0.46536714,1.0026143,0.036317237,0.2850206,0.7615481,2.5307486,1.2576617,0.1502187,0.0,1.1974189,3.1041203,0.06533741,0.103144534,0.34064308,1.0117078,0.29508942,0.06340653,0.44332436,0.8187409,0.07948938,1.393042,0.046764188,0.8432119,0.33243972,1.531309,2.9675162,0.67683804,0.98847604,0.6237954,1.1278348,0.0,0.9525638,1.0021526,1.0588317,0.77076983,0.17920719,all_pothole_images\pothole_images_new_image_681.jpg
1.5246487,2.462977,0.21130304,1.2358639,0.21224181,0.60482514,0.96275276,0.20618102,0.6295174,0.46427077,0.21231538,0.2531774,0.7327728,1.2433574,0.17051686,0.88948387,0.29188147,0.06484377,1.0266441,0.6977209,0.5994145,0.15997916,1.0577592,2.2978768,0.0,0.29686064,0.06200904,0.15677655,0.3602974,0.45699784,1.9138906,0.2055239,1.03767,1.0708649,1.8803475,0.7510624,1.137773,0.26315522,1.5224823,0.526105,0.037822697,0.18342853,0.7866587,0.6627497,0.30772784,0.34665546,0.2717295,0.09423567,0.6305963,0.27389133,1.964478,0.4771054,0.69289446,0.15763909,0.62514174,0.3167179,2.1397932,0.80143106,2.2784815,0.32254618,0.387698,0.1498478,0.76811993,0.2873748,1.4619676,0.21979094,2.4569848,0.24618572,2.7072172,0.0,0.7359259,0.46383658,0.12484542,0.028052116,0.5090291,0.32797444,0.45788664,0.70533067,0.1823225,0.23038387,0.07776599,1.2939178,0.11166129,2.2961287,1.5351288,1.0445548,0.5007493,0.20624176,1.736254,0.40348983,1.2971652,0.45204163,0.38530418,1.6311829,0.38233185,0.33606377,0.98137903,1.0358312,0.6832543,1.0453664,0.78113973,1.1614791,0.5893907,0.7460874,1.2823713,4.0968614,0.32923004,0.47838053,0.6655975,0.92770946,0.29529107,0.9489576,1.0013106,2.7340698,0.3430144,0.15163542,1.6791644,0.54260296,3.032956,2.1967804,1.0008022,1.0763987,0.34160513,0.70515805,1.6905302,0.18467996,0.6104596,1.4245723,1.9083706,0.0864826,0.9475754,0.1888469,0.05264449,0.07965076,0.46550012,2.4689302,0.134171,0.6929358,0.016481725,0.21389522,0.0,2.213598,0.7247506,0.44341075,0.0,0.6060145,0.0941984,1.9042629,0.08220273,0.55102307,0.95986986,0.43529874,0.5119082,0.0051389993,1.6201661,0.9850577,2.4056294,0.9084535,0.93374395,0.05519926,0.5726868,0.76590836,0.1879457,1.9646176,0.9781871,0.21256728,1.1489136,0.0005438717,0.62684846,0.3973704,0.8425327,0.011321571,0.5863689,0.0,1.7432444,0.408893,0.31405568,0.0048740543,0.0035491863,0.07402011,0.64113545,0.78818625,0.5774153,2.926874,0.5005997,0.3833446,0.16385312,0.5659046,0.80086595,0.9253007,0.27957144,1.596248,0.8340781,0.98741597,1.3025258,0.3485546,0.86156386,1.0059831,0.20788383,0.09948512,0.25327188,0.9392197,0.27948305,0.16085401,0.51970315,0.40831265,1.3452587,0.004843078,1.7823844,0.9422965,0.0055028754,1.0193383,1.0739127,1.7507131,1.3242695,0.28883073,2.7013824,0.0,1.7778617,0.4339417,0.34183213,0.89048237,2.0370133,1.2278497,0.23981304,0.034595706,1.722967,0.25659382,0.2752458,0.13178994,0.03440392,0.16498624,1.9315553,0.5158068,1.180598,0.38461813,1.81881,0.11636919,0.39924636,1.8547239,0.8168646,0.32599518,0.5121095,0.36320007,0.12966353,0.0,1.3538222,0.31995174,1.403453,2.5667188,1.1206315,1.2221824,0.04329283,0.11412603,0.008547578,0.005425368,1.0595429,0.22199753,0.12143494,2.3907022,0.057650328,0.119749084,0.5181432,0.85401154,1.1519679,1.7782849,0.23297441,0.036429502,3.23996,0.30116054,0.7925617,0.29191932,0.17147022,0.09545629,0.39335245,1.2573588,2.44891,0.23017143,1.7601111,1.0176941,0.12923506,0.20050107,0.12602036,0.94593555,0.5910811,0.06593761,0.5336904,1.1010637,0.13476944,0.20147121,1.4720469,0.011144366,0.28192422,1.0821581,0.74811757,1.4806422,0.62949955,0.051126547,0.61896276,0.43948567,1.068426,0.30225846,0.5235983,0.037436567,2.1004603,0.028229615,0.9982204,0.14282706,0.0482757,0.029314218,0.446213,1.341267,1.9114494,0.13889907,0.003957912,0.65980184,0.03798944,1.1346507,0.7142138,0.5003491,3.1094043,0.3776645,0.37042248,0.33332798,0.7278224,0.6011155,0.031240638,0.5040078,1.6339709,0.86513925,1.2091534,0.0,0.19314569,0.0,0.0009591658,0.6963788,0.92847204,0.016438551,0.30371183,0.31404746,0.23743919,1.0048926,1.6476827,0.3747624,0.45571455,0.41892216,1.033597,0.13605882,0.06667623,1.5283036,0.074390024,0.82752675,0.22208007,0.652308,0.70687467,0.056444187,0.8035669,1.6519978,0.40839532,0.67795634,1.2738247,1.0408758,1.1828564,0.47699153,0.00039820586,0.6831462,1.2893076,0.17605577,0.4734154,1.2610061,0.71016395,1.7743981,0.84130543,0.36571813,1.1986979,0.18306977,0.32435575,0.44056654,0.057543553,0.8252318,0.5816197,0.80525917,0.18637405,0.8747411,0.42100948,0.1678717,1.3993032,0.29451752,0.20085336,1.2747133,0.017462699,3.0919561,0.50605494,0.039476972,0.026513636,0.53068763,1.2088163,1.8150789,1.7936076,0.5545169,0.7181295,0.5288607,1.2370142,1.0646255,0.86017233,0.0,2.7746675,1.453012,0.007651443,0.43638712,0.30038768,0.3997213,0.19839725,0.8197294,0.0,0.059918933,2.001459,0.42646712,0.60327667,0.64566606,0.416038,1.2249979,0.44785112,3.0334494,1.2789154,0.62225467,1.1858398,0.8707322,0.39121112,1.9893715,0.10963476,1.0900633,0.032869473,0.570784,0.025014289,3.7983565,2.1594007,0.4143786,0.4523514,2.1706574,0.31746644,0.47410014,0.18499063,0.22432786,0.051531736,0.1178232,0.686154,0.06482335,0.029406447,0.120519035,1.0632651,2.3430505,0.85278577,0.3656187,0.26970786,2.3898275,0.9821623,0.03920013,1.1644526,1.0411364,0.6443079,0.5001862,0.86617047,1.0237982,0.723867,0.5682112,0.0030079246,0.5322871,0.4860595,0.3080919,0.9795434,0.17273699,0.9719936,0.77492803,0.6057524,0.5185365,0.1732822,0.9608079,0.057843216,0.9159925,0.6625269,1.9812485,1.3563626,0.052959733,0.9550134,1.5647091,1.1134449,0.0,0.33419317,0.15117069,0.3692316,1.0155947,0.53170544,0.14154121,0.061233956,0.004603691,0.15130593,0.97417134,0.03733182,0.015430546,0.0,5.322732,0.44421953,0.19033642,0.28012943,1.4881302,0.23321591,0.4057569,0.47726607,1.6064438,0.15559112,0.3193286,all_pothole_images\pothole_images_new_image_682.jpg
0.67300767,4.950476,1.5338867,0.13180234,1.3537236,0.029814873,2.1755023,0.06864635,0.035819817,2.1170557,0.874411,0.025235705,0.91913307,0.12404493,0.045916915,3.1563613,1.1640388,0.3706026,0.30698097,1.5068827,0.64496493,0.5764084,0.76473063,4.405288,0.036446456,0.64433044,1.2813418,0.6889385,0.40654796,0.29216185,1.8768344,0.9976787,0.029995132,0.1187687,1.3723384,1.4238069,0.14184678,1.6777843,0.34372547,0.8050673,0.6143139,0.24135761,0.6758115,0.073000066,0.828536,0.76640016,0.7687602,0.231268,0.6565408,0.036277127,0.33605796,1.9721757,0.04905288,2.6060135,1.0284245,0.31875193,2.0718174,0.009930592,1.6314213,1.2932599,0.3543782,1.3244855,0.6539599,0.15041271,0.6780071,1.6556052,1.3405178,0.18099824,1.7009853,0.15051043,0.27115288,1.2495209,0.7058324,0.044309936,2.0124226,4.171808,2.4955714,0.043954585,0.54511327,1.1878568,0.7788847,0.21325508,0.6868319,0.43393606,0.16594428,0.2827053,0.6649905,2.0101638,2.140785,1.4337,0.64666754,0.36878905,1.3755219,1.3329042,2.5613654,0.22784509,0.41556183,3.9342673,2.1081657,0.42491513,1.0757552,1.19217,0.16749892,0.59191626,1.194776,1.5817466,1.6513002,0.21322504,0.11537537,0.9923347,1.5723664,0.43321067,0.24834801,1.6268702,0.19083215,0.042299658,0.2485673,1.1149538,0.36813587,1.2035904,1.0752604,2.974326,0.031251974,1.8537046,0.76769257,0.19695391,0.12513925,0.7844528,0.06558772,0.0,0.79142916,0.15968306,1.1069765,0.50217074,0.0058437744,1.4684415,0.08361388,0.0,0.9364968,0.3755866,0.04107126,1.9281749,3.0691996,0.26121342,0.6541645,0.3954375,2.011654,0.0,0.5053222,3.2611842,0.5136638,0.66912067,0.09545736,0.2715046,0.4395363,0.018485447,0.12965764,0.5669438,0.72962576,0.71748805,0.5976507,0.26936734,0.5296641,0.36415628,0.3037887,0.50164926,0.99619776,0.7980745,0.23262475,0.19122817,0.9983928,0.066147104,0.1522629,0.058524385,1.0967909,0.6284436,0.6310588,0.17020074,1.1792977,0.071492374,0.5109821,0.70182306,1.6133862,1.8314315,1.9680014,0.032959048,0.5662428,1.4124578,0.41209683,0.52560127,2.0239265,1.7836711,0.12799643,1.8404949,1.039629,0.0067372946,1.0473137,2.416197,0.38828766,0.9052549,0.10520914,1.4190607,0.00323301,0.21344301,0.7232677,2.4368355,1.133192,0.23148394,0.50994045,0.6864693,0.03550856,0.49778265,0.53331906,1.250905,0.19905937,0.046933204,0.9451911,0.018733269,0.31524256,0.4435365,0.18027192,0.09930369,0.11744143,0.83894676,0.6657763,0.20423146,0.97993577,0.029060021,0.13733958,0.80387783,0.01370149,0.059800472,0.38577285,0.09991382,0.49636832,0.780877,0.04708015,0.0,0.33378464,0.1436175,0.22124363,0.6035574,0.7914737,0.43383095,0.42031142,0.13756925,1.847614,0.020919874,0.1829431,0.50421375,0.70087135,0.04429668,0.9030196,0.5808137,0.29235077,0.34545636,0.92084783,0.45067993,0.4740353,0.21433546,0.330703,0.6166454,1.0973817,0.43196186,0.83979064,0.33340886,0.9622887,0.999862,0.119980186,0.5941447,1.2195945,0.059156515,0.5863077,0.9144058,1.6286546,2.0465713,0.79930675,0.0033762965,4.7014074,0.945705,0.37199605,0.07667874,1.7120367,0.7998397,1.3023162,0.45226645,0.07592949,3.3636653,0.0048315274,1.0869904,0.8492027,0.6414179,0.64118195,1.1163627,0.3370348,1.1000428,1.9132606,0.45235687,3.1934667,2.9448948,0.020031458,0.819576,0.21940714,0.6415928,0.31715912,0.2266661,0.13242386,0.2861201,1.0526153,0.64451325,0.7273532,0.62759066,4.787167,0.6301933,1.2264764,0.040606838,1.1981349,0.6569474,0.3098885,2.0279899,1.6458366,0.51916677,1.0086596,0.06574001,1.7176251,0.95001704,0.5834354,0.5678662,1.2950709,1.6125255,0.4595786,0.16596927,1.1400484,0.27249146,1.743013,0.016217384,1.313909,0.055239152,0.19441868,0.84030646,1.9744003,0.73868406,0.6082772,0.61693317,2.731776,0.4197238,0.83139193,0.123500645,0.74822235,0.7948935,0.23714405,0.22051279,1.3575078,0.051624585,0.31293285,2.490156,0.25844336,0.1543159,0.10026312,0.40340602,3.3984601,0.23797837,0.008765931,0.32617873,0.2905538,0.17187542,0.83432984,0.8392437,0.44227034,0.97488326,0.7301847,0.3796503,1.3960578,0.6467345,0.37977153,0.22627413,0.020310992,0.4508466,0.05569738,0.521061,0.0677226,1.4544607,0.3145828,0.00073518086,1.1441913,0.2335317,0.3932559,1.4286798,3.6018875,0.9669772,1.0699471,1.9294791,1.2171963,0.36511764,0.4028322,0.7778822,0.07654653,0.053423088,0.35148385,0.2556305,0.7659661,0.18642041,0.2947669,0.64831233,0.0057176393,1.1869066,0.9119469,0.5790888,0.4004483,0.1369665,0.0103947045,0.29364362,0.9973048,0.23933749,0.49491903,0.06418934,1.4010413,0.41601384,0.10385961,0.1642994,0.019453792,1.0591166,0.035460465,1.4174268,1.0887799,0.81610274,0.60663503,0.24798603,0.39866412,0.36491805,0.5508759,0.13454665,0.075788915,0.15782318,0.5301069,1.3770164,1.2193453,0.5893226,1.5692047,0.081122056,0.38661805,0.09715943,0.05212549,2.0549185,0.8059641,0.30606198,0.230008,0.9563456,2.52764,1.3186885,0.55300254,0.34441102,3.2979162,0.018201541,0.032537952,0.7589044,0.6770041,1.2822964,0.2358264,1.4097251,0.18649451,0.24131644,0.35471258,0.4336534,0.60332316,1.6280062,0.67673224,1.3787742,0.8708189,0.19981271,2.5977604,0.23562033,0.07135615,0.55765915,1.0567257,0.12912725,0.0062660184,0.22647549,0.5433369,0.7112689,7.3760343,0.7946461,0.9937412,0.41673166,0.55968404,1.7655412,1.5497792,2.8376067,0.26152706,0.082519345,0.6825116,4.677959,0.09425602,1.4207402,0.09951199,0.114618376,1.7123423,0.06748462,0.20760283,0.100170374,0.449876,0.13377863,0.4888792,0.59106946,0.43423617,0.21799119,0.81008863,1.7497817,0.3448353,0.29832786,0.6361121,0.46852496,all_pothole_images\pothole_images_new_image_683.jpg
0.25752905,0.10054271,0.31251693,1.1520649,0.18939413,0.2967152,1.3270208,0.2447519,0.5365018,0.91600066,0.42594725,0.6216204,0.0041867727,1.1134374,0.005008311,0.22264338,0.5340042,0.9798646,3.8484595,0.15755637,0.6591505,2.7115686,0.32752192,0.43481934,0.7139768,1.2329996,0.0910858,1.3409573,0.1567074,0.042911783,0.021999208,0.5904247,0.14806591,0.121052936,0.22631812,1.4289416,0.56172734,0.46644202,0.7015653,0.8982517,0.0027217232,0.20277819,0.09538292,2.2522752,0.3393742,0.5986797,0.2753305,0.031913538,1.1115593,0.9076177,0.62373805,0.5241901,0.19462737,0.85575664,1.1027155,0.8571445,0.40475357,0.020726481,1.35263,0.25830537,0.49966726,0.22601676,1.1785876,0.14847812,0.46104133,2.975998,1.1971679,0.020678569,0.6860596,0.1524373,0.05147017,0.15947287,0.06255092,0.4421421,0.53698105,0.20142283,0.08617179,0.12502563,0.02143624,0.29242173,0.0,0.15138908,0.92327285,1.6548032,0.007696284,0.05776232,0.10359717,0.10972671,0.67727304,0.10173833,0.3006064,0.9870362,0.10976888,0.020033207,0.4135676,0.061516214,0.49391544,1.555451,0.29539964,0.0,0.18896453,1.2793036,0.44838208,0.42377132,0.8300495,0.6159071,0.115609616,0.40772215,0.5512256,0.45162433,0.123723045,2.2946668,0.0034253323,0.13244772,0.26915416,0.16989835,0.7267961,0.7627119,4.0328674,0.7975668,1.477218,0.05641685,0.120751284,0.67153054,0.6930626,0.5401542,1.0108619,0.3457927,1.4482814,0.07844962,0.28317207,0.16923834,0.30641544,0.03239678,0.002832695,0.15673263,0.17347337,0.005170147,0.06560715,0.35911727,0.2682536,0.004029362,0.63794214,0.20564562,0.02144674,0.47483587,0.115954034,0.26472187,1.109849,1.2114748,0.1986156,0.7150567,0.00952549,0.056180127,1.6027879,0.3992438,0.14879985,0.11221984,0.019783122,0.6076576,0.6777317,1.1902611,0.00010332161,0.8333921,0.39710888,0.03120769,0.97243357,0.04270957,0.22673202,2.3346934,0.075662054,0.39296842,0.06323495,0.1823932,0.57702416,0.0,0.013252431,0.0,0.6968031,0.2783556,0.0,2.1945386,1.3613755,0.1809256,0.8672526,1.7872108,0.24796183,0.34756547,0.8595068,0.7971325,0.08478266,0.10406762,0.18881248,1.1055411,0.10654473,0.108831786,1.4110281,0.9323212,0.21021703,0.75726986,0.23320054,0.45711592,0.41108844,0.4990152,0.9398478,0.14760537,0.3146268,0.038946763,0.3115793,0.19269969,0.29534912,0.0628749,0.48197547,0.65397596,0.50460815,0.85242087,0.07575005,0.48528472,1.1105361,0.09345977,0.035578158,1.0736312,0.3204832,0.92868555,0.21392576,0.0032839223,0.48643392,0.38832486,0.37881678,1.2917752,0.40943292,0.50162405,0.8377594,0.084786475,0.4374353,0.2425196,1.0721955,0.11864271,0.0,0.11684948,0.05324593,0.49083537,0.012518951,0.40160307,0.42810085,0.0,0.49428132,0.43302122,0.6832087,3.105818,3.3152654,0.13566911,0.15787716,0.12997143,0.39049003,1.4897249,0.92103356,1.3899117,0.27554327,0.3967129,0.0032776792,0.0029282155,1.5097905,1.2832216,0.6481678,0.4660125,0.24901155,0.09870609,0.15385191,0.11536193,0.106491186,0.11063445,0.11718614,0.37210006,0.307142,0.5659951,0.116653025,0.26490498,0.36793885,0.04395851,0.13494158,0.39241892,0.05322835,0.028295433,0.30980125,0.38378283,1.429334,0.24385074,1.4553503,0.10543106,0.10117846,0.006498775,0.13101698,1.0539011,0.7083633,0.5751887,0.04066447,2.3669713,0.24641365,1.3814377,0.058069106,1.0581044,0.36501607,0.9350863,4.741562,0.19437389,0.7893725,0.5110854,0.18370236,0.5993917,0.9461047,1.3367149,2.3279095,0.40225485,0.1190155,0.20295747,0.22521326,0.6645041,3.4266064,0.22404082,0.2815247,0.07123196,0.0,0.09536461,0.92130667,1.429191,0.05559046,0.0,0.79578567,0.2533582,0.6064298,1.0717479,0.31355694,0.108167976,0.0077238856,0.7886058,1.894066,1.0363588,0.0,0.44854954,0.43020394,0.10625012,1.2995849,0.41722286,1.2933868,0.27599698,0.05559437,0.3701953,0.5388209,0.9133391,0.018342793,0.07723446,0.08464467,0.25318146,0.034720395,0.37528002,0.06477522,2.3173106,0.44708383,0.63498694,0.053424556,0.4468876,1.0988296,0.22557427,0.6819059,0.0054752897,0.8882745,0.04860899,0.00061702525,0.5817633,1.8456805,0.25667477,0.74121296,0.16091676,0.17556275,0.1701823,0.16305555,0.042611327,0.24842545,0.0071398886,0.39189604,0.0,0.8364596,0.75508225,2.4937496,0.669097,0.6615951,0.09541543,0.69220203,1.5442212,1.4662933,0.13859794,0.29158357,0.63039285,0.36467063,0.43444416,0.9032894,0.56668395,0.6511562,0.005344741,3.5807009,0.55829424,0.030209137,0.20700906,0.6523065,0.12080096,0.16409883,0.7341683,0.11018894,0.0626328,0.1309488,0.39076528,0.17308779,0.71027,0.09155891,0.03564665,0.40390462,0.33652523,0.24564038,0.22181787,1.846103,0.071192205,1.4548655,2.5006626,0.51842797,0.020561798,0.29252827,0.54212195,0.04235828,0.2778937,0.4463402,0.30303088,0.118877664,1.772904,0.29709396,2.7260265,0.23943602,0.39164937,0.02443959,0.05953199,0.037098043,0.075587325,0.40814018,0.9141164,1.1568744,0.0,0.95236087,0.07980856,0.028039226,1.0436075,2.6162295,0.0036246395,0.51998985,1.355386,0.9586959,1.7708178,0.6423022,0.26856828,0.1595173,1.1330879,0.44369888,0.025960136,2.1270013,0.04610676,0.1166701,1.5732794,0.27365732,0.0035406414,0.15931799,0.23191035,1.0335855,2.1539073,0.30698037,0.015742607,0.02744569,0.46528077,0.20561431,1.2450672,0.7938452,0.12021375,0.021161748,3.6259942,0.19365719,0.07150835,0.0072849495,0.24606127,0.5560839,0.05098434,1.6900299,0.010959304,1.2278458,1.2607952,0.3612587,0.044533927,0.0,0.1015907,0.3370095,0.22649208,0.24242353,0.3076537,0.12649788,3.3893943,0.55911815,0.06294579,0.7270595,1.1591505,0.20605746,1.17032,0.8863543,0.20740016,1.0446477,0.6169482,all_pothole_images\pothole_images_new_image_684.jpg
0.00942293,2.6483216,2.1919718,0.70527697,0.6485627,0.75976,0.27355057,0.94247884,1.1220565,1.1554741,0.36831683,0.036018044,0.22813912,0.63383925,1.0407104,0.11274287,0.007345395,0.37265286,0.638656,0.089626886,0.2884514,1.7858273,0.43444145,0.6433431,0.43130854,0.4904328,0.450204,0.43976825,1.4610128,0.7216238,0.07316011,0.81790626,0.14551248,0.034586675,0.17848913,0.5031328,1.4933935,0.053415045,1.8350565,1.4416997,0.20013484,0.35496446,2.2855754,1.795804,1.100105,0.16382973,0.3688571,1.1147232,0.052930154,0.2254361,0.38700563,1.6192284,0.017485885,2.0759246,0.086146705,0.2357208,2.5457256,0.4458906,0.19462778,0.3267512,0.90969276,1.9031646,0.20106171,0.16764212,0.019023612,0.8911286,1.9113944,0.72724086,0.8813096,0.42662373,0.24557257,0.0,1.2422522,0.21579008,0.6405999,0.81043506,0.6390477,1.5394648,0.69764435,0.7138724,0.1822498,0.03848404,0.5962514,1.3411068,1.9984728,0.53302205,0.06561619,0.4568529,3.7876468,1.6501085,1.2746187,0.18601881,0.31661227,0.270468,0.24946786,0.19852015,3.2119193,2.632826,2.3723876,0.05174253,0.27981052,0.9757678,0.1988546,0.7096363,0.05268848,0.18698253,0.34906614,0.14367023,0.23114468,2.487502,0.6080129,3.570785,1.187367,0.5339138,0.30886665,0.27439904,1.6700965,0.8318502,0.76880014,0.49140072,0.5513355,0.30206716,0.28501993,0.32215267,1.5648078,1.0566545,1.3393646,0.48275807,0.5963183,0.090603046,0.0050302236,0.57262695,0.7179945,1.5181005,0.10045921,0.5136994,0.52678365,0.46349582,0.39269707,0.1717412,0.48038992,0.8071758,0.44680804,0.0,0.14686911,0.083068974,0.87132573,1.5677019,0.4514466,1.5888913,0.3918659,0.25455898,2.0540438,0.24678513,1.1167653,0.30770785,0.5909069,1.1575013,1.5406313,0.8516704,0.27937442,1.0218973,0.8535502,0.51598895,0.100389875,0.33321267,1.8131342,0.12541051,0.06958417,0.29776827,1.0561912,0.17411686,1.1030989,0.20905256,3.3647141,0.28175747,1.0005662,0.59979033,0.24266309,1.0901794,1.2390192,0.83860636,1.5121053,1.0778805,2.6865857,0.45511463,1.4796108,0.032196347,0.33741128,2.0126722,0.060497038,0.4627114,0.48129585,0.8007731,1.9527814,0.36423898,0.63582844,1.3918976,0.639034,0.56653774,0.35945567,0.06510793,0.35673743,0.2242102,0.0080747325,0.12772079,0.114216685,1.439521,0.570257,0.31310934,0.08202308,0.8964025,1.6181179,2.4662771,0.42979023,0.5010606,0.55372804,0.8024357,1.1565969,0.4070918,0.09084702,0.10575648,0.47571856,0.6607025,0.6320725,0.48056963,1.9733008,0.26608092,0.32207656,0.365998,0.51910937,0.13486388,0.52255076,0.11909724,0.0,0.9954015,0.8931255,0.40752783,0.13538228,0.0,0.26168945,0.81547326,0.26045352,0.52310014,0.38911733,0.26790166,0.22597678,0.04426783,0.124330595,0.44815618,1.1988685,0.9503849,0.24951504,0.06411676,2.574291,0.54355115,0.11013967,0.22116956,0.88331354,0.15298109,0.031181592,0.39154637,2.3750553,0.10372795,1.0554001,1.7300079,0.9899971,0.8233089,0.01069147,0.02387166,0.7724449,0.3356395,0.004559934,2.1309125,0.35795453,2.477797,0.47611147,0.023940183,0.4748495,0.61290586,0.38214207,1.1239507,0.18341589,0.20786813,1.0820068,0.12661299,0.08262465,0.89876664,0.5680524,0.6954053,0.6557496,1.4547203,1.0750185,0.7097278,0.15694287,0.5594421,0.7001911,0.2601663,2.1631224,0.08171225,0.5584626,1.2338077,0.07968955,4.611379,2.0585525,1.6943564,0.08813848,1.4038408,1.7588485,0.41822702,0.5455859,0.7200555,3.0772648,0.034455553,0.04693747,2.3910344,0.615932,0.42507195,0.8513187,0.050077222,0.11999013,1.6473348,0.27973348,0.24002908,0.1938009,0.46726474,1.2916328,0.004414948,0.8280663,0.4460214,2.272327,0.28872386,0.05578502,0.5312372,0.14200911,0.049353093,1.9558198,0.15706185,0.011038848,0.75311446,0.47568652,0.28780288,0.58242774,0.10691644,2.1826622,1.0795684,1.3190719,0.10780001,0.46678114,0.68030405,0.48910156,0.49190336,2.409374,0.37145936,1.2482414,0.11379514,0.6256064,0.20072971,0.42981127,0.40370604,0.05434122,1.6533831,0.82826823,1.0718238,0.44497213,0.36432958,0.14788297,0.1388579,0.71461576,0.47502407,0.7309942,0.607989,1.0954906,0.27354822,2.0641377,1.1048063,1.1594356,1.6164335,0.018879581,0.64932114,0.42793941,0.2881158,1.788752,1.9476025,1.7146211,0.6733783,0.38740212,0.12441499,1.5077475,1.3848431,2.3181996,2.3732955,0.25761497,0.4336605,0.16122355,0.15837283,0.23874621,0.5726026,0.08843858,1.3532565,0.5970259,0.30602428,0.3478597,1.58667,0.80502015,0.009661869,0.40066022,1.3544444,0.2647396,0.52360636,0.91514754,0.004736656,1.4214821,0.39663008,0.07318023,1.1342305,2.3182602,0.091301724,0.44155043,0.3023239,0.5013987,0.5441081,0.04052039,1.6695088,1.8446763,0.3298157,2.421344,0.37423936,0.9853273,0.62305707,1.5390661,0.15087147,0.096777074,1.1951307,2.1277776,5.1793356,0.7726003,0.032610893,0.18943024,0.18064187,0.44800243,0.27366993,0.0121544935,1.8068111,0.6029113,0.048510764,2.6842167,0.33806577,1.3077474,0.57865125,1.1262069,1.1698136,1.0918689,0.5583732,0.26725855,2.797811,2.2072124,1.2575076,0.043461565,0.61060435,0.0,0.21001688,2.020012,0.15888178,0.66379756,1.9924653,0.76013273,0.78856844,0.6872827,1.034602,1.5725665,0.09254294,0.31413472,0.16433166,1.7758509,0.76648456,0.49460322,0.43748423,0.2237258,3.598021,3.0083213,1.8461032,0.32582942,0.5381565,0.5048328,0.22654948,0.93312824,0.3400879,0.5934664,0.18808238,1.3498633,2.8220053,0.35850886,0.50806904,0.61323166,0.69726336,0.08046834,0.6793134,0.28613058,0.49534687,0.015945934,2.428921,0.27787185,0.6668643,0.31755638,0.7344772,0.055318326,3.685418,0.07458049,0.47942856,1.8615352,1.5377616,all_pothole_images\pothole_images_new_image_685.jpg
1.1199062,1.4810603,0.37949562,2.090074,0.59782416,0.19987176,0.27567273,0.003018863,0.16529383,0.48253444,0.22532955,0.05709587,0.14609131,0.5001157,0.2886304,0.39458963,0.07167352,0.0,0.33386046,0.9011791,0.43245077,1.7587478,0.84966916,1.2794772,0.6621145,0.7353995,0.057138085,2.508325,0.010881155,1.3648448,0.8853558,0.16704802,0.20999257,0.38525918,0.21855296,0.6908893,1.6918631,0.20935217,0.5920105,0.06702334,0.0010628218,0.44750112,1.3155922,1.1804258,0.71557415,0.50643814,0.37971577,0.4756721,0.31987438,0.1409719,0.6016061,0.83258986,0.42435685,0.41445684,0.030529581,1.1058706,2.6677625,0.003789465,0.24302371,0.082749724,0.02159574,0.42888507,1.0324032,0.7916959,1.0715506,0.3206874,0.14349672,0.0,0.0,0.5248531,0.5796997,0.34598213,0.10566411,1.0285753,0.47401738,0.59300536,0.13149725,0.19555838,0.0,0.31345403,0.35817912,0.8273886,0.5248504,1.368208,0.56179637,0.7081623,0.3275991,0.08635991,2.3227346,0.24568908,0.1522438,0.017835582,0.2964957,0.1150322,0.02416312,0.0,0.6768312,0.2571399,0.623931,0.6034224,0.00783389,2.3490021,0.9277586,0.052819572,0.33092612,0.0,0.6151101,1.0171856,0.107131466,0.7227176,0.39298812,0.34064627,3.9852183,0.17399819,0.5423543,1.6192968,0.7954372,0.0,0.20327675,0.36564565,0.14223114,0.65842545,0.44550076,0.2021319,1.3447953,0.51216537,0.8393903,0.15956964,1.0981718,0.15520874,0.5001537,0.4717311,0.37126368,0.01644796,0.5144793,1.4018275,0.20306692,0.76490784,0.62073004,0.000522879,0.3166827,0.22926065,0.04818861,0.25081962,0.75253665,2.4526727,0.016503474,0.21157782,0.37306628,0.44169036,0.41481,1.0045444,0.44655067,0.32244307,0.84625196,0.20565192,0.19808325,0.072469674,0.98225003,1.1095761,0.45697784,0.15196554,0.07668201,1.3332933,0.23510964,0.6990548,1.3500971,0.18251458,2.054361,0.17552051,0.46523616,0.42761922,0.2972116,0.12330316,0.26209056,0.63341075,1.7914556,0.035495747,0.7902011,0.03182321,0.017782144,0.43302777,0.9516966,0.6880824,2.5889735,0.0,0.18772237,0.8074987,0.5138081,0.32942867,0.74322003,0.40573037,0.26052976,1.9594178,0.6903069,0.00075527857,0.9357094,0.33381125,1.11026,0.636867,0.62619025,1.5249435,0.2574529,0.36338222,0.1123601,0.33963057,0.632009,0.47878373,1.3524879,0.14217494,0.0,0.31916824,0.3294886,0.3268648,1.2521825,1.4173692,0.22910032,0.13039228,0.23424016,0.24543779,3.7006006,0.0,0.3655454,0.037230603,0.01041544,0.8714226,1.6584494,0.0019636578,1.3316083,0.19301869,0.13527983,0.33757222,1.0531539,0.21666378,0.4293151,0.27584785,2.526366,0.2556745,0.3034824,0.5394827,0.28580016,0.006396864,0.081465274,0.29569995,0.13664556,0.0,1.1964577,0.62754613,0.805423,4.0730824,0.19751495,0.13253571,0.4731163,0.0,0.09638402,0.080552615,0.91486,0.115497224,0.21757272,3.5849683,0.4691925,0.16646634,1.0508802,0.14999098,0.078357354,0.29144695,0.5958589,0.80291396,3.338593,0.26518288,0.009730091,0.023355138,0.94173104,0.0230773,0.5144823,1.0527977,0.043350514,0.3299233,0.5798855,1.4082265,0.41292286,0.45307356,0.47680426,0.009896903,0.09835231,0.035812408,0.47638616,0.62166256,0.879702,0.23981032,0.42096165,0.24645635,0.3294101,0.7171975,0.0,0.58356017,0.6120105,0.5831848,0.07175536,0.5154247,0.21553874,0.27824044,0.038334165,0.15525268,8.709202,1.1337601,0.4242482,0.32967517,0.0,1.4620637,0.31354013,1.2261599,2.8009326,0.62580043,0.052057732,1.5639088,0.023628008,2.1568453,1.8613642,0.123784,0.48578012,0.42259488,0.09745987,0.4718315,0.23006189,0.28402105,0.84702414,0.047999468,0.4362464,0.31973967,3.5268753,0.023745028,0.13581868,0.19439946,0.1018204,0.23833959,2.142104,0.20429963,0.22380021,0.19233595,0.81969714,1.4026941,1.2554972,0.11835714,0.028895888,0.19323772,0.6319557,0.028348498,0.3177547,0.30624846,0.513012,0.010755309,0.32131505,0.17447875,0.56930375,0.0,0.6833098,1.7083044,0.2819274,0.54252934,0.10553224,0.663604,0.18171322,0.5027445,0.32751492,0.031082137,0.395763,0.6870911,0.37810904,0.083487704,0.56506914,0.20054214,0.19712415,0.276202,0.48792866,0.6994199,0.07195083,0.24253725,1.050482,0.2234428,0.4736551,0.069138445,0.25598434,0.3293898,3.9941456,1.8088175,2.2495325,0.05228725,0.12490039,0.45873967,0.37895676,0.18244885,0.12445374,0.08705849,0.33837354,0.37575507,0.18112953,0.0031980132,0.16023998,0.58744824,1.2210371,1.1404815,0.41245472,1.2501308,0.7861265,0.5005989,0.44946983,0.30321947,0.9344635,1.2267059,0.19919156,0.09537185,0.0,0.13065928,0.033696227,1.0905253,0.20573367,1.4607414,1.3082751,0.0,0.7735452,0.12133496,1.1794605,0.8930351,1.813046,0.8510582,1.759114,1.4085914,1.3687373,0.051649973,0.9731707,0.35945192,0.18257624,0.9621647,0.0,2.491705,0.08113304,0.5554303,0.0056289393,1.3074595,0.9782845,0.46300602,0.10917852,0.7117336,0.19709608,0.1433866,1.2256936,0.2772257,1.0384543,0.06229313,1.2229117,0.2371224,0.78253865,0.32669175,0.6755675,0.67402965,0.54190034,0.7852107,0.021041991,0.046361785,2.3074372,0.26202548,1.0050305,0.023478478,1.3056529,0.11103933,0.039366324,0.008901563,0.59324574,0.9518406,0.54340065,0.106862865,0.5461306,0.30853647,0.7303506,0.41116664,0.5407784,0.3883375,0.07787369,0.83497137,0.0,2.5691597,2.0102355,0.7926997,0.3523888,0.11114834,0.78533536,0.107210115,0.0745557,0.34753633,0.5987087,1.042074,0.005057427,0.45986098,0.03507908,0.24305008,0.48866042,0.013289978,0.029996533,0.08673557,1.407613,3.9205067,0.4616754,0.74972284,0.6850807,1.5281614,0.18113075,0.47596148,0.46512252,0.15187596,0.37056324,0.22921585,all_pothole_images\pothole_images_new_image_686.jpg
0.41105083,2.0259347,0.7576442,2.0780563,0.59377694,0.12897374,0.25560024,0.15040284,0.0077373446,0.7241461,1.2393347,0.732575,0.52512485,2.2399676,0.12561056,0.69734985,1.1677179,0.16629086,0.9959682,0.17087327,0.880965,1.2856119,1.9419898,2.7257798,0.76398,0.33762327,0.654821,0.7544698,0.3068202,0.19786939,0.8236618,0.12550454,0.25640702,0.2734642,1.0341272,1.3177136,0.40425897,0.64969206,0.06383333,0.3617212,0.020772226,1.0281706,0.3256877,0.7869162,1.1336849,0.68258816,0.004206874,0.21804945,0.20142977,0.63686544,2.6271486,1.4743431,2.8542862,0.770829,0.029636296,1.0575807,1.6086751,1.0564613,0.70613563,0.1747215,0.42676175,0.54241264,1.5878679,0.22436072,2.5517182,0.16953014,0.45778134,1.6034178,0.7067852,0.24987349,1.2770404,0.4248758,0.8007596,0.022883892,0.27051926,2.7536724,0.30929667,0.38623428,0.063942604,0.6744612,0.0,1.3979065,0.15856735,2.3791952,0.13783133,1.2064946,0.31898576,0.021899512,0.9127479,0.3771734,0.239227,1.7667735,0.84040254,1.835189,0.007559107,0.4737698,0.7072251,0.8094898,0.884687,0.57072437,0.3954071,1.6563401,0.25702703,0.16161777,1.6233548,0.5808451,0.5331025,0.8968583,1.2089376,0.30540088,0.49107748,1.1245964,0.15901195,0.90300596,1.1501386,0.35471228,0.9739864,3.2576175,0.42205936,1.1275859,1.8703158,2.2308903,0.5597392,1.171624,1.8401519,0.48928568,0.11594102,0.004951229,0.07109495,0.31648386,0.6517313,0.31271598,0.517607,2.2134373,0.24290943,1.4001976,0.22720899,1.4342676,0.46901911,0.39359933,0.7498526,1.7833513,1.6104443,1.8265402,0.045400906,0.03224182,1.0734929,0.06781241,0.25088033,0.6164767,0.6039622,0.2103033,0.6060457,0.057884984,0.99798673,0.0060871956,2.3315544,0.21084636,0.049557008,0.84546417,0.74347746,0.51657647,0.6143422,6.292398,3.9469323,0.5426459,0.8319321,0.41103637,1.8963935,2.2583096,0.24643742,0.033490673,1.7190058,0.23913021,0.9360192,0.14912929,0.5913782,0.01906898,0.0024675317,0.11326844,2.7119653,0.70674956,1.7462153,1.8922303,0.79283065,1.0538942,1.6567246,0.07154406,0.7128085,0.64420277,0.57873327,3.133494,0.5983351,0.28076208,2.1693983,1.519482,0.27501228,0.5602376,0.14819252,1.0664651,0.60256326,0.854791,0.4099205,0.08473168,1.2266357,0.30044046,0.15992233,0.027431682,0.5867208,0.3995182,0.12810747,0.4315797,0.04544703,0.92409796,1.2525321,0.23759055,0.5233822,0.05318641,0.9751837,0.040567454,1.452563,0.009992432,0.8521934,0.65668875,1.2345995,0.3119296,0.6067521,0.06415295,3.0203364,0.9729333,1.3034207,0.6629547,0.11020499,1.4139282,0.08869242,0.5303742,0.5258732,0.21506296,0.086847596,0.13089228,0.20846342,1.3749508,0.5285216,0.17598803,0.9940443,0.7183546,0.9212577,0.13394888,0.1335312,2.8570867,1.0129484,1.1466763,0.03620829,0.26523963,0.48671877,0.11228464,1.0162663,0.1327923,0.68506014,1.9184209,1.105685,0.8019443,0.15816978,0.24442574,0.46026108,0.0,0.42306784,1.0072176,2.1076157,0.19345629,0.8010587,0.005804618,0.40196413,0.55744344,0.036507156,0.1273022,1.6279776,2.7060852,0.50191826,0.118326314,1.4339942,1.3512768,3.0030224,0.539119,1.7879996,0.30802438,0.025291296,1.0968359,0.41190976,0.009063853,0.05960508,0.130175,0.019208102,1.1193125,1.4566836,0.37627578,1.3422618,0.032334216,0.36289266,1.4907568,0.9907866,1.0345364,1.179744,0.18372232,2.750415,0.11991238,0.0,0.26823243,0.66803795,0.6202236,0.3989814,0.18882087,2.2687361,1.1815424,0.19714569,1.272719,0.17668094,0.19070575,0.43419525,0.36686826,0.7794434,1.2505882,1.9241753,1.1984222,0.20762399,1.388608,0.35335532,0.5469727,1.727375,1.5838906,2.119927,0.5892629,0.21110246,0.13676766,1.4887942,0.25215366,0.79010177,0.55358577,0.78700083,0.17270164,1.8103167,2.172148,0.22498173,0.37052536,0.3445212,0.16637391,0.68602353,0.052753262,0.5475126,0.026743615,0.6242758,0.12968895,0.3834507,1.8612611,0.52777714,0.23478496,1.0182401,0.22625403,0.7732876,0.37078062,0.82754016,3.027705,0.3734229,1.1891364,0.002725058,0.8577444,2.4494705,0.49452505,0.25246978,2.3569558,1.3754077,0.17378624,0.60924387,2.275484,1.0639678,0.22437231,0.19750178,0.46070698,0.3661429,1.3572346,1.7442262,0.96869355,0.008731039,2.5843244,0.60872763,1.0125033,3.0406723,1.9803793,0.44051406,1.0762589,0.7288066,0.109008454,1.293405,0.22884993,0.33192435,1.0200456,1.1539708,1.383421,1.9936484,0.45205033,1.5418897,1.6901945,0.08032634,0.6158416,0.40484622,1.008747,0.6876274,1.4011657,0.31852335,0.6289664,0.001452591,0.49511006,0.111749016,0.8930832,0.72992504,0.2825675,0.04936784,0.34872848,0.32115853,2.0779345,0.7972605,0.7896287,3.4481611,0.77587295,4.541996,0.05931127,1.2633082,1.6950197,0.5293237,0.9387121,2.1788092,0.76133275,1.3446844,1.6763959,0.08595439,1.699784,1.4510326,0.7111555,0.35352165,1.0800148,1.0484886,0.7994995,0.15517509,0.27533194,0.2296545,0.6253731,1.0746047,0.60963184,1.6486753,0.85169667,1.9387578,0.70160866,0.35031307,0.02455817,0.83834076,0.4797201,0.6915968,0.27245724,1.6049328,0.62638086,1.2269287,0.71676415,0.0,0.9217657,1.7976702,0.43505758,0.43950412,0.9242269,0.74695057,0.4650938,2.276659,0.33428928,2.3390536,0.020365681,0.63723016,0.0,0.47104293,0.05684746,1.3328916,0.12561014,1.4672831,0.9816598,0.83963585,0.2837307,0.053689636,1.8443731,0.7926138,0.08422476,0.47652194,0.14860341,1.2236519,1.2929919,0.24330886,0.6376603,0.15451379,0.21413368,0.4137346,0.065263286,2.2782948,1.5525982,1.0497644,2.061755,0.45528817,0.110414155,0.213945,0.44886923,0.010248976,2.5632236,0.32832024,0.031873908,1.8198491,0.3459154,all_pothole_images\pothole_images_new_image_687.jpg
0.3309188,1.3968675,1.1386284,1.1331785,0.3257993,0.8655805,0.99928236,0.80236584,0.4981933,1.3133463,0.7974722,0.54449445,0.4785715,1.5850422,0.04732491,0.49613842,0.07801283,0.113979645,1.0087717,0.49988812,0.13273787,2.932132,1.1930934,0.8602374,0.1626474,0.15827271,0.05090301,1.4373782,0.0123676155,0.715292,0.7208817,0.074198,0.6752699,0.031539086,0.42190683,1.0337344,0.7930581,1.2208302,0.66723275,1.2404699,1.7845057,1.4668256,0.14361693,1.6682104,0.3013874,0.122412436,1.055056,0.16378245,0.08937924,0.23067896,0.9372406,0.65645725,0.36913967,0.6714443,0.51529795,0.724984,1.6743149,0.020193575,0.6789055,0.50170857,0.119155586,0.20998064,0.67397195,0.85425055,1.2058386,2.9509068,0.21524082,0.07928921,0.83852947,0.3168486,0.64984035,1.4773829,0.033067893,0.003932787,0.7490116,1.5240341,0.32869846,0.021265117,0.025879506,1.0600991,0.534073,0.27763468,0.10776084,2.219228,0.6169995,1.3548957,0.10262468,0.1954601,2.9894211,0.057468306,0.12259077,1.2527049,0.15302826,0.43535402,0.35624745,0.52086174,0.8220253,1.5962073,1.8613508,0.49951908,0.24349053,1.0827048,0.1045619,0.5998849,0.4075342,1.5955617,0.07000064,0.10895195,0.20724452,0.77940816,0.19715935,4.376774,0.11464903,0.06885099,0.39592788,0.36982095,2.3747807,1.3700647,0.8910996,0.8554925,2.4066439,1.7144003,0.6089737,1.0505958,0.30292237,0.14463389,0.2324276,0.38276103,0.70455533,0.46881732,0.5564674,1.1394976,0.13157383,1.9247025,0.35503724,0.05666503,0.3928285,0.51879776,0.24590729,1.7097074,0.049898416,1.3443528,0.52382666,1.832681,0.18543917,0.372698,0.92423356,0.07128836,0.73690826,1.0858898,0.40747926,0.0832353,0.04550967,0.14719166,2.5886624,0.17598641,0.15416618,0.43215072,0.1605522,0.64599365,1.8075237,0.0,0.0010600537,4.5385704,1.7108674,1.5000694,0.42453244,0.20382188,0.5256606,0.37125257,0.13440618,0.0,0.27434576,0.86413556,1.1558331,0.27732065,0.28668165,0.28228965,0.0033606861,0.6747116,0.0,2.8820305,1.5643897,1.0709363,0.22574921,1.6011461,0.64981586,1.8880702,0.14294253,1.4340831,1.236352,0.2723824,0.03192122,2.2219517,0.37322122,0.06530469,1.4267573,1.9301459,1.4063299,1.0659479,0.79241616,2.0506256,1.2195184,0.062131636,0.69043326,0.5658455,1.1844718,0.6104864,0.38782004,0.19140951,0.02863824,0.677044,1.7312065,1.4113103,0.55493796,0.5012674,0.40072507,0.26836762,0.9561763,0.4020232,0.73733455,2.2302618,1.1598963,2.6936579,0.4238233,0.6461935,2.0740976,0.30264902,0.72776085,0.010476346,0.01610654,2.8248534,0.60141206,0.24011284,1.4907339,0.84803516,0.46974722,0.0055970866,0.04725763,0.009786462,1.5683858,1.2203234,0.046711452,1.0112911,0.08614642,0.11360201,0.5505736,0.2829729,0.54376763,1.9237065,3.8996005,0.25435445,0.19461949,0.30281493,0.57933587,0.16593783,1.7165706,0.21097726,0.30764204,1.2680442,0.2815368,0.27072048,0.8619856,0.44089562,0.03471292,1.1081637,0.59823644,0.4744651,0.8905617,0.27703673,1.9263465,0.24695003,0.06345246,0.3360591,1.1874502,0.18007453,1.3121141,0.01754469,0.18880847,0.5760368,0.09543761,2.0364542,0.22959293,0.53574973,1.5980871,0.6223583,0.8656761,1.2625222,0.8853873,0.2854258,0.7525579,0.4448445,0.163902,1.0095406,0.09971876,0.17088765,1.9201564,1.4132329,1.1017164,0.69420886,0.045182895,0.5916377,0.27115175,1.2555459,2.403339,0.013229713,0.63692474,0.91451216,1.3121693,0.2579277,0.53308696,0.24728537,2.9305358,0.59186095,0.7659728,1.1244442,0.11987001,1.6735612,1.4853328,0.42631957,1.0970422,0.5917418,0.04044007,0.72927,0.16063175,0.56375015,0.4388663,0.013796766,0.90335137,0.29958388,1.9823498,0.8583395,0.031990323,0.30239448,0.76457787,0.37199634,0.56199443,1.2334905,0.21284215,0.4698558,1.2887532,1.4899507,0.19389896,0.0,0.2947991,1.6311028,0.9167077,0.28695482,0.0,1.061495,0.55201733,0.71467197,3.0717585,0.6159711,0.31547642,0.08698284,2.0651565,1.9920509,0.55456924,0.4241777,0.24060474,0.47961992,1.6142344,0.2973775,0.07549246,0.4237698,2.1462762,0.03462463,1.162298,0.16648822,2.9201477,1.5343287,0.17180826,0.011793657,1.3896112,0.850101,0.15226221,1.1048601,0.039830454,0.5265944,0.46300533,0.43697703,1.2389798,1.6138005,1.438876,0.491447,2.7296743,0.18609793,1.0284718,2.081774,1.2146748,2.6555252,0.051244903,0.9923722,0.11099988,0.0952034,0.89061505,1.244193,0.57821184,0.07170112,6.0660996,0.025624255,0.10247138,1.2859392,1.0508778,0.06187436,1.1096951,0.57986104,0.055479582,0.18464638,0.21207249,0.26870486,2.576899,1.6690313,0.1855996,0.24606763,0.4997092,1.0276513,0.6847871,0.5089928,0.31529146,0.026118424,0.86890703,0.6491865,1.2405591,0.054947015,0.13854915,0.99178326,1.8563515,0.20775433,0.5336576,1.4123131,0.27306873,0.7639135,0.84220695,3.8460958,0.58573234,2.4411268,1.005031,0.36763164,0.48548234,0.013078932,0.27369496,0.29341015,0.49252614,0.14669876,1.4025034,0.4431107,0.5520255,0.395105,0.90745836,0.24564311,1.2178042,1.8344841,1.8295965,2.4495428,1.4983828,1.4526852,1.0215175,1.0154954,0.14989716,1.5309848,0.7316008,0.049141105,0.4875396,2.0196893,0.19108811,0.26746887,0.11253892,0.61572605,1.3663917,0.7877542,0.49035168,0.070103645,0.39230695,0.9966602,0.04048809,1.2137053,0.37496835,0.77972114,2.124716,1.6656295,2.8053002,0.12355056,0.02041259,1.2085912,2.2604103,0.011394075,1.583432,0.25162724,1.3795815,1.2194203,0.40295994,0.012019344,0.3561047,0.2004947,0.15443353,0.8930524,0.173121,0.5844568,0.6975691,4.2886906,0.8434291,0.6217755,0.06488895,0.31203827,0.009798758,2.0305765,0.8643112,1.2897171,0.14562367,0.06540543,all_pothole_images\pothole_images_new_image_688.jpg
1.5552049,4.0708113,1.3909013,0.28405184,0.5609323,0.4174093,0.7099442,0.22349344,0.58100134,0.8096527,0.4941045,0.14006703,1.0066311,0.0,0.82577324,1.172049,0.92306685,0.29054746,0.13387041,2.0789092,0.37160656,1.0578943,1.8280284,2.6087506,0.06798799,0.7556585,0.63481456,0.6100188,0.48032132,1.7340685,0.69405836,0.83743924,0.055195514,0.26473945,0.6708993,0.6805046,0.5210127,0.16707788,2.398033,1.5711311,0.70761615,0.047048133,0.12069604,0.06779633,1.5818636,0.34921715,0.15033562,0.41789892,0.52987224,0.6079611,0.3016347,0.8100984,1.4644022,0.39047852,0.3639963,0.039162885,0.9404187,0.3231551,1.6353152,1.3733362,0.21609569,0.27218434,0.25203085,0.19433372,0.023340706,0.3816082,0.6305504,0.373328,1.2580236,0.46102828,0.48949814,0.43345952,1.9329013,0.2654843,1.1745842,2.3454041,1.1876196,0.26046073,1.1718711,0.18928504,0.6413104,0.23079295,0.44579965,0.3598432,1.100855,0.87602645,0.38113877,0.15418491,3.711256,0.24023718,0.2876394,0.4466244,1.9449974,0.79473686,1.5352718,0.292327,1.1197789,3.2800622,0.37062308,0.20050056,0.9823069,0.09952111,0.17783122,0.6954624,1.4209183,0.33681223,0.8392355,0.2363556,0.5147195,2.7497845,1.1768682,3.2698538,0.5052093,1.418328,0.00058195926,0.33934537,0.7340223,0.7511162,0.6172836,0.9998913,0.008711764,0.67911947,1.3785313,0.33475432,0.63886297,1.5956668,0.06456127,0.7321398,0.22284083,0.7386157,0.51457846,0.17506595,0.42003536,0.35034344,0.8411952,0.54979485,0.07865787,0.5411126,1.04786,0.23217933,0.69527906,0.3713056,0.94134206,0.16315919,0.1510078,0.30053964,0.2595175,0.87995744,0.70089376,2.7197464,0.63046736,1.3197188,0.13892907,0.22821712,1.0934148,0.7032327,0.66576576,2.0186229,0.80559194,0.036354177,0.5325411,1.3830295,1.1717839,0.16641839,0.39847082,0.07591974,0.49633104,0.03327456,0.45267096,0.17620622,1.0206183,0.11565299,0.14834085,0.030726692,1.7817947,0.030076124,0.7143411,0.078006,0.8784688,0.6229098,0.28056726,0.14845818,3.7373457,1.6848165,4.092251,0.24494669,1.1970807,0.21830523,1.3050885,0.7618843,0.36696655,0.99676156,0.4223952,1.798422,0.25201407,0.05823334,0.062770456,1.7293925,1.2460464,1.2918563,0.046880122,1.2557706,0.24930608,0.9250306,0.32721958,1.914043,0.32593095,0.16058178,0.17385045,0.39037767,1.1520777,0.5226903,1.6804501,1.2618133,0.24713746,0.29554823,0.97351164,0.18354714,1.1717496,0.09270691,0.37444943,0.09658171,0.09972118,1.1148531,0.10554117,0.1599417,1.5668665,0.48006555,0.21850643,0.41186044,0.7711084,0.05707743,0.5246205,0.39605126,0.22867809,0.8448086,0.18688858,0.614601,0.4027564,0.29547042,0.72644335,0.4904792,1.3882991,0.37894192,0.4859006,0.14817403,2.2218308,0.405528,0.84242475,1.7056496,0.009388528,0.62375396,1.2851532,0.34031174,0.4784036,0.4624682,1.8539658,1.0653864,0.55245566,0.29944724,0.034964204,1.0091631,1.3725216,0.36467746,1.0162884,1.4668144,0.2915642,0.9943787,0.9652111,0.16365027,0.34372532,0.28850356,0.27023855,2.5384011,0.050140936,3.3117614,0.48708063,0.019332804,0.7568723,1.4140129,0.09024742,0.055522013,0.32734323,0.915415,2.339898,0.2583136,0.24523103,1.1884427,0.36821136,0.4570281,0.8141724,3.1084452,0.111604325,2.094772,0.29346883,0.48283127,1.0158843,0.19419798,2.3879905,0.37719104,0.1888182,0.8001156,0.0070546297,0.33643976,1.9908396,0.42517805,0.15039234,1.024677,1.049555,0.5776552,1.2444214,0.5788579,7.3314023,0.2685981,0.14578046,0.39856762,0.3489369,0.054134462,0.3018018,1.3471231,0.14926754,0.49153563,0.1584136,0.1865815,0.32267836,0.38634294,0.50739115,0.8980962,1.0920435,0.75419647,4.123661,0.010413501,0.5457582,0.13620007,0.927427,0.6754253,1.3787564,0.016143046,0.07789092,0.059286598,2.7615645,0.60758036,0.4540017,0.17332226,1.9600695,0.4643129,0.12523293,0.20158184,0.391141,0.28759205,0.013825692,0.46901965,0.77503544,0.0,0.2707223,1.1442192,0.23645417,0.30963355,0.7321338,0.38993263,0.07217191,0.0059605073,0.016285634,0.27394238,0.0054400186,0.68114907,0.11799511,0.64067954,0.06226116,0.8142319,1.2539274,0.15866606,0.69634604,0.18554439,1.021118,0.5233234,0.7111166,0.08393394,1.0843648,0.77566177,0.20577501,0.8357008,1.0079032,1.0134157,2.725297,0.30827287,0.9007758,1.8553469,0.61539227,3.088259,1.9512737,2.555437,1.3558532,0.24955438,0.97745717,0.24457395,0.12119063,1.3098015,0.3121763,0.5601901,0.42432314,1.58228,0.495445,0.8737407,0.17967577,0.19044471,0.8084245,1.1047606,0.36805528,0.3406034,0.6752747,0.23339146,0.40493828,0.2860834,0.05501921,0.46345574,0.74366325,0.30566305,0.048690476,0.8417766,0.014543553,1.7508156,0.11124138,0.57027644,0.73028857,0.50302184,0.6658018,1.2694502,0.54335386,0.35995215,1.1340169,0.13195981,1.0235765,0.48576802,0.42901897,3.8381133,1.2808288,0.0,1.6872991,0.2823762,0.38014653,0.7008997,0.08797428,0.27130842,0.12030683,0.325842,1.3579192,1.0375063,1.1579238,0.35706088,0.32203415,1.2738701,2.1910164,0.54390746,0.73279494,1.8356365,0.27868816,0.3664729,0.8007797,1.5844244,0.20765355,0.15349543,1.8306826,0.33326402,0.3952001,0.33994204,0.47705832,0.8778265,1.6766324,2.069462,1.9139595,0.22168294,0.0756429,0.87500596,1.6074138,0.5024066,0.589843,0.48709947,0.8097197,0.9071943,1.7334149,0.8224646,0.21894632,0.5729817,0.29788086,0.27894393,1.6556141,0.47114196,0.31168157,0.022366343,0.34540433,2.9848266,0.12918438,0.3610568,0.05301913,0.35265154,0.18659177,0.66355586,0.7082428,0.40363917,0.0077375197,0.8882174,0.21771187,1.2591565,0.2808207,0.39618987,0.4453572,1.848274,0.59756607,0.8574082,0.93381965,0.8685944,all_pothole_images\pothole_images_new_image_689.jpg
0.96602213,0.5229131,0.28987175,1.5017356,0.16390403,0.08716675,0.32716182,0.00831538,0.14305371,2.096625,0.5841521,0.8433989,0.58167315,0.23437299,0.0,0.7748884,0.19261838,0.68816024,0.47488737,0.030084979,0.81518286,1.1768792,0.17965642,0.21448824,0.29168668,0.942585,1.0002911,1.9876252,0.04375635,0.7361085,0.5415589,0.41499957,0.6087085,0.2050937,0.3562234,1.4609015,0.42423862,1.0873718,1.9645407,0.2257063,0.0,0.5912,0.1487331,1.7111222,0.6345162,0.0030669982,0.56340355,0.0109436335,0.68116885,0.7649462,0.3843139,0.48140487,0.09188188,0.003577377,0.007089799,2.2958865,0.43450662,0.4122728,0.8543765,0.9670546,0.12379523,0.46492812,0.18174694,0.13050589,1.2274023,1.7303007,0.38005644,0.0,0.35171533,0.22902198,0.24034965,1.3854834,0.00068313186,0.76265806,0.16097255,0.57469076,0.30871716,0.21759215,0.00018267756,0.010599765,1.0701078,0.030650029,0.035528667,1.3606063,1.0306642,0.1727657,0.2724736,0.48800525,1.4497108,1.0095724,0.24963729,1.1241072,0.41916037,0.40030673,0.3490275,0.44800046,2.3361533,1.3062192,1.1048727,0.32047844,0.49285406,0.018286595,0.8067787,1.1385669,0.9672138,0.22434047,0.13661686,0.1084898,0.34545752,0.13027394,0.0,1.6482556,1.254086,0.25867555,0.18735914,0.28383106,0.82778484,0.6862732,0.6835529,1.4272937,0.9603011,0.014871498,0.11648809,0.37581006,0.72208977,0.16035675,0.9711274,0.8730017,1.2611367,0.13737717,0.6963367,0.16196924,0.5022453,0.04061505,0.00479146,0.6586462,0.08664549,0.60954624,0.84019315,0.0,0.06572762,0.2985928,0.33111036,0.7184654,0.2415584,1.7670919,0.8647076,0.001523084,0.7009191,0.7428542,0.31745183,0.77358705,0.0,0.3275383,1.2511324,0.56522864,0.22930224,0.07571596,0.91321266,0.90878654,0.8683624,1.9679098,0.106136054,3.948742,0.2804475,0.99591917,0.9250504,0.074008755,0.52991354,0.4805818,0.14666249,0.30022874,0.03908577,0.28274408,0.055681586,0.008066963,0.15211172,0.034694593,1.5856594,0.27135122,0.048103135,1.6889662,0.7123309,0.26080078,3.0316396,0.4418521,0.024954893,2.8204005,0.7340248,0.35873407,0.5370136,0.6409619,0.08884171,1.6371101,0.020353476,0.14159742,1.1367508,1.6539373,0.9321722,0.18133655,0.02032741,1.6929555,0.4622225,0.65651375,1.5296925,0.61229336,0.09252425,0.8748077,0.7316824,1.0216354,0.003036864,0.10756316,1.3862823,0.114794575,1.8576896,1.7998859,0.25654742,0.023344468,0.041877236,0.5829083,2.055901,1.4215914,1.041701,0.89607203,0.08502853,1.1952515,0.56279904,0.11827957,0.7899353,0.65548515,0.0,0.5469177,0.20275669,0.22741461,0.085803166,0.22654383,1.9356196,0.0,0.10847785,0.4067036,0.37896678,0.48825112,0.04575205,0.05713924,0.18843296,0.21976537,0.4316737,0.03441536,1.1216415,4.7057734,1.0639099,0.23204695,0.39833722,0.8042455,0.009056056,0.47839704,1.2461979,1.9506247,0.16475832,2.070346,0.13968782,0.0018939555,0.33153307,0.4733054,0.8716949,0.43632498,0.7750149,1.6461673,1.1092966,0.04044229,1.1079447,0.33742753,0.028646866,0.5467267,2.9638147,1.2555285,0.48018754,0.14874925,0.0956902,0.91052675,1.0867426,0.45606947,0.9181764,0.097520836,0.026478484,0.71702,1.582565,0.118633635,1.7101207,0.9068487,0.24241619,0.008971446,0.12995785,1.0523155,0.966473,0.07651043,0.8867927,2.045395,0.39795196,1.1866103,0.9974944,1.4952652,0.1641713,0.8566298,4.1679077,0.48245612,0.68704814,0.6276929,0.13457794,0.28857923,1.2970326,0.75406194,2.8014712,0.8607453,0.44447684,1.0428731,0.3545121,1.3051555,2.7203984,0.577612,1.651329,0.06521865,0.5992945,0.09577529,0.5414348,0.29590026,0.24787937,0.0,1.3503058,0.02294477,3.016663,0.15003969,0.17538734,0.46014038,0.4671387,0.012792796,1.102916,1.129234,0.11832482,0.3489623,0.15501605,0.106148556,0.7542601,1.0014609,0.16596952,1.1146764,0.0030803352,0.076030925,0.23512398,1.0504597,0.84616405,0.8968277,0.58134484,0.0011569338,0.09720981,0.0,0.07082797,1.0595568,0.056466296,0.68364054,0.06172955,0.10457014,1.467685,0.8845548,0.15624507,0.058419887,1.3619941,0.0751094,0.28216267,0.0,1.7464241,0.8140129,0.4702838,0.0020741203,0.36371946,0.42747855,0.048672315,0.060276713,0.52528036,0.30249715,0.5633441,0.0,0.5802573,0.57229495,1.7347057,1.120309,1.2248044,0.0,0.12732165,1.8905808,1.1761118,1.1714599,0.8166116,0.32356045,0.3574861,0.2397744,0.3649376,0.43426934,0.67397916,0.029408615,3.4351451,1.559605,0.21180308,0.1845911,0.72678345,0.13756584,0.21394381,1.7455623,0.15750356,0.123303264,1.2695256,0.9792926,0.7349256,0.28036708,0.0,0.1614991,0.28255615,0.46794438,0.37950966,0.2559157,2.3371682,1.2331095,1.2630746,1.4169048,1.9312146,0.13776635,0.7094925,0.7374812,0.08377474,0.74917024,0.117503576,0.23509683,0.44981357,1.3990877,0.09589966,1.8933797,2.0370507,1.7401189,0.85454637,0.40376052,0.55073,1.3442922,0.1788832,0.4821546,0.03213248,0.036428895,0.31226265,0.11649867,0.27397874,0.54416734,2.0247662,0.372007,0.7209007,2.015403,0.5486145,2.3307374,0.12375479,0.9178414,0.9026194,0.8467052,1.1328181,0.030163161,1.8479424,0.0,0.13645059,0.31534797,0.034509886,0.068791606,0.12703876,0.77731615,0.50587106,1.2210207,0.19605047,0.35626727,0.1748588,0.13124315,0.57748514,0.9391607,0.3752501,0.26709676,0.6669586,2.083059,0.3465147,0.29536432,0.0,0.66302717,0.74487865,0.035978794,1.0850203,0.00086776115,0.11408874,0.0831078,1.2510684,0.9854102,0.0,0.12345099,0.06480323,0.062566966,0.012023677,0.28261083,1.0592928,3.4097507,0.26337937,0.46704698,0.62405574,1.1795,0.41501158,0.53444666,1.2841649,0.8734922,0.52283746,0.9430589,all_pothole_images\pothole_images_new_image_69.jpg
0.45414492,1.8358217,1.3286476,0.357812,0.10342024,0.43383446,0.8636399,0.76505786,0.24840857,0.7538048,0.17093869,0.61494493,0.044358842,0.2133144,0.0133473845,0.35279605,0.63394606,0.5033685,0.73836297,0.151056,0.5106493,1.2604811,0.14457935,1.2706194,0.4367558,0.29964268,0.16512282,0.99116063,0.0,0.44421455,0.7257885,0.07156793,0.15554367,0.06307311,0.31021255,0.5050154,1.4641119,1.2021073,0.015062642,0.68254167,0.24754769,0.28383553,0.33668402,0.8821973,0.12403476,0.15536873,0.07603774,0.18291181,0.09082252,0.06325262,1.7103215,2.106076,0.18582013,0.73398954,0.40590298,0.9486758,0.786025,0.19182163,0.5658279,1.6681135,1.6620405,2.059242,0.2442231,0.049403813,0.8240389,0.43623397,0.87171435,0.4841057,0.79079086,0.17409511,0.09716581,0.16577974,0.61150086,0.18211843,0.79109347,1.1198331,0.71637213,2.4539828,0.22469723,0.5714285,2.104414,0.07074849,0.17226425,0.36118284,1.8610715,0.70208645,0.2967381,0.26226413,3.3158033,0.043404914,1.5604436,0.42293462,0.3582124,0.1861399,0.7966833,0.15624975,0.7919764,1.3975576,1.1196296,0.51703215,0.22537819,1.8008648,0.0,1.8724895,0.05650852,0.3865315,0.0,0.0044297753,0.10560917,0.94501585,0.124825515,2.0409243,1.2947649,0.8501612,0.8519512,0.469566,1.9445436,0.19736215,1.4781489,1.23956,0.33014834,1.2762961,0.89385796,1.4411832,0.39776877,0.74663913,1.272062,0.39943236,0.3308138,0.0142006045,0.91545904,1.4808031,1.104859,0.5804405,0.30062702,0.4324337,0.16268815,0.04793024,0.10024131,0.6961105,0.7598785,0.5736154,0.9711124,0.2950161,0.37701893,0.84794927,1.4014581,0.71856076,0.6559462,1.2322924,0.25609758,2.2540526,0.009452392,0.16002683,0.63018316,0.28379154,0.28159675,0.04653265,0.4605575,0.533269,0.7494784,0.011917712,0.16542883,0.49730763,0.04932814,1.263401,1.4161054,0.43010628,0.076605305,0.15844595,0.13709627,0.894774,0.9249482,0.054228853,0.3354472,0.2975782,0.13567747,0.0,0.36616242,0.5704364,0.70479566,1.0539064,1.873167,1.6566119,0.7207581,0.30857217,0.01963974,0.765183,1.0280284,0.13476111,0.82664174,0.121149585,0.019190604,1.805996,0.06944765,0.3522338,0.27304018,2.6795068,0.35689157,0.6746446,0.5934265,0.73120856,0.41487634,0.2897066,1.2379403,0.163185,0.6538092,0.12872797,2.005237,0.58712333,0.9239324,0.785099,0.21775883,1.9097692,0.06405097,0.29208913,1.7781023,0.02385368,0.336645,0.45851266,2.3740118,0.41131026,1.2523152,0.16949157,2.4147358,0.75443447,1.0266938,0.045399047,0.21274002,0.296514,1.093673,2.6017234,0.015186184,0.41599405,0.20217858,0.31482092,0.37763265,2.1087067,0.0,0.12356022,0.42135844,0.29096448,0.86758405,0.57364166,0.0,0.6630499,0.357807,0.07957495,2.1472855,1.7135657,1.1638373,0.19983275,0.8533719,0.49899617,1.384182,0.822627,0.4362941,0.49311742,1.6016546,0.94746786,1.1602001,0.24122591,0.97394127,0.0,0.54625356,0.35095036,0.0020224808,0.24077724,1.6328859,0.43694574,1.9645983,0.25973892,0.0061712367,2.0629525,0.17158738,0.23148572,0.38701966,0.02960948,0.08354582,0.27854005,0.008479496,0.009135625,1.1112456,0.38045758,0.16536072,0.25956577,0.3212611,2.852545,1.2402533,0.49488464,0.9838029,1.3702779,0.05125429,0.9009662,0.060025822,0.55501926,2.7790532,0.79590094,0.20090815,0.67821026,0.027582912,0.274696,0.15064037,0.81194746,0.8423009,0.56350255,0.041853514,0.17968327,0.36592242,0.33250415,1.3532171,0.48812148,3.101091,0.24006675,0.49030373,1.7300209,0.29043403,0.5511577,0.74298555,0.6181694,0.52106726,1.7186989,0.19741805,0.020817464,0.7179922,1.4998726,0.06975232,0.09982055,2.9551933,0.17497148,0.48223624,0.3069608,0.37016207,0.9143533,2.2384777,0.33328873,1.2007588,0.39926457,0.06851243,0.2640005,0.77620506,0.2650127,0.12369652,0.25007832,0.62413096,0.43483913,0.115497954,0.3349026,0.14538564,0.37501168,0.33723798,0.4399614,2.7765095,0.4676019,0.024254067,1.6820339,0.50638455,0.047501493,0.07194852,1.1653398,0.382677,0.69481254,0.8575277,1.8230326,0.04620664,0.21465886,1.5573611,0.25390318,0.6327747,0.12986034,0.3157485,1.2543782,0.4748792,0.23418586,2.0551085,0.032611806,0.028145675,0.8741237,0.023893325,0.40408993,1.336867,0.13340628,0.85830545,2.42448,2.2341125,1.6571469,1.7544798,0.0,3.535418,2.6750412,2.128124,1.1006222,0.46200618,1.6238096,0.017846819,0.04893691,0.54068166,0.50353277,0.25189194,0.10942568,1.8774544,0.6143354,0.17823452,2.8771117,0.13870884,0.27619022,0.8723947,0.16353795,0.1266477,0.0,0.295404,0.9858018,0.5558464,1.1386771,0.4284584,0.7125115,0.19549577,0.87614405,0.0,0.22325507,0.6899638,0.1469062,2.073785,1.9257926,0.38268003,0.6866297,0.17990431,0.015402911,0.7472008,0.011743729,0.30142277,0.38836607,0.59143436,0.5773268,1.1564837,2.9679792,0.6084618,0.8612615,0.33015913,0.008006308,1.8681786,0.050322127,0.0,0.14165697,1.4035411,0.0,1.3518784,1.1873207,0.20375213,0.23715886,0.26869738,1.0524039,1.3403908,0.89997786,0.3812192,0.30546755,3.6361015,0.8550385,0.026247064,0.27675775,0.07379942,0.73498064,0.08643822,0.23597056,1.9325751,1.133199,0.8228394,0.40983447,0.23306493,1.1270499,0.7122454,1.6899573,0.5211133,0.5421731,1.3195477,0.42334715,0.16285235,0.30294365,1.2547277,1.6962984,2.700878,3.5282118,0.18866004,0.21971495,0.14106308,0.70647365,1.0330114,0.83851963,0.78325003,0.0962847,0.37884605,2.6622608,0.116157115,0.003017294,0.0075966655,0.2798891,0.6099793,0.7483644,0.28283218,0.04821886,0.04055847,1.3841294,0.1844452,1.4114009,0.6843964,0.08017613,0.0038994474,0.6347245,1.72933,0.24426042,0.82129693,0.096463025,all_pothole_images\pothole_images_new_image_690.jpg
0.16591227,0.5475106,0.18858778,0.69803745,0.6741909,1.4717407,1.201507,0.053985946,0.1379219,0.010494396,0.44176129,0.684339,1.1156613,2.1548307,0.33413178,0.11964252,0.56895655,1.0643162,1.281573,0.5445246,0.14443222,1.8255272,0.29734945,0.8345858,0.3549369,0.06496779,1.3309613,0.14767045,0.4236551,1.0779843,0.72614217,0.103644006,0.086187534,1.1606836,0.40551937,0.77695453,1.2720077,0.95769405,1.0504928,0.31939435,0.42320663,0.11813912,0.07904577,2.5047927,0.6592312,0.12697037,1.1607319,1.3834487,0.0,0.44595602,0.8472387,1.8941514,0.16026376,1.045629,0.14086583,0.85920763,0.89335376,0.41363847,0.53528494,0.15032597,0.36635488,0.0015091064,1.8809687,0.4568674,0.43210927,0.33071128,0.20154457,0.37301597,0.008529293,2.259617,1.1281744,0.4103187,0.14416856,0.07451378,0.5170241,0.859948,0.75360036,1.3674189,0.00401411,0.00853771,0.4742407,0.89244974,0.14107272,1.9848409,0.24117522,0.571721,0.095289715,0.11352379,0.5448837,1.4337829,0.35078344,0.15911524,2.7265532,0.40689638,1.5373857,0.1891142,0.38964006,0.33070746,1.2384661,1.4652017,1.5683345,0.6513479,1.2205628,0.41274783,1.3827751,1.5594875,0.28182718,0.36142957,0.8420491,0.31038576,3.2964346,0.3904136,0.30151385,1.0537397,0.8901043,2.1730604,0.5767662,0.4847573,1.0611048,0.5176563,1.4865106,0.6916818,0.117294066,0.600109,1.8490064,0.5665589,1.0321914,0.9963497,1.9789296,2.3326948,0.7539174,0.07094237,0.9378184,1.4563253,0.542807,1.6514906,1.9141232,1.4812374,1.0651947,0.5130422,0.47430947,0.16507429,0.36915532,0.8677374,1.7759598,0.65396094,1.2730669,1.5690196,0.8644693,0.83388346,0.16632359,0.25672042,0.16869119,2.3165843,1.3294536,0.41504163,0.90537775,2.0022078,0.0985622,2.5668304,1.2592005,0.98794717,0.14531642,1.2041701,2.5554156,0.0063921693,1.3441391,0.6148529,1.1704962,0.020107517,0.48868078,0.22537667,0.014887146,0.38993356,0.5073289,0.88682556,0.84466857,0.7665047,0.190037,0.365883,0.028350187,1.276438,0.75661343,1.4099402,1.5409006,1.0450011,0.27809003,1.4147513,0.112237945,0.10609426,0.1963796,1.1304092,1.0796865,0.77310777,0.28618482,0.45440495,0.1699726,0.754811,0.31868437,0.44399136,0.8252207,0.10630503,1.3471105,0.20711672,0.8214712,0.8650534,0.49381542,0.048041962,1.4159571,0.3803444,0.091328174,1.7921301,0.048558157,0.13455378,4.473712,0.3200515,1.3976284,1.7289826,0.15319817,0.7280899,0.6085041,0.6908462,0.35218227,0.1580859,0.3514883,0.45059973,0.32248497,0.044086922,5.770773,0.57548475,0.44513145,0.0,0.6024522,0.33502594,0.1755104,1.6517593,0.44360325,0.21454036,0.82039136,0.3115213,0.48942393,1.6289436,1.8453087,0.20540315,0.31013462,1.9070197,0.37091967,0.016562672,1.5294324,1.4682683,0.3886387,0.032263014,0.9277144,0.2112245,1.1535212,1.4109069,0.80156595,0.31462637,1.8290081,0.40865427,0.73329455,1.407841,2.6837547,0.73067164,0.13651296,0.19653697,0.015139911,0.9987191,1.4692657,0.49065146,0.21811664,1.2765478,0.5574054,0.4193423,1.598884,0.053962756,0.58709824,2.5538142,0.40459806,0.8415251,1.9067909,0.45923707,0.70387477,0.32175678,0.5298983,0.7646744,0.091508165,0.643173,0.17107423,0.32447717,0.35481825,1.5930655,0.055732444,3.8043742,1.2864926,0.44310367,0.18649425,0.7125489,0.06809532,2.4285839,0.7352516,0.31416795,0.8474776,0.29423866,6.016001,0.84980375,0.4773061,0.02779282,0.15833327,0.06998391,0.073918164,0.8539173,0.66284686,1.338054,2.2866478,0.46490383,0.91443837,0.8177547,1.1559601,0.13319169,1.5057272,0.65757173,0.28827983,1.9503858,0.41052246,0.75961107,2.1953163,0.41647288,0.17648424,1.0297399,2.2140436,0.95665187,0.3559878,0.050931152,0.99249095,0.52742976,0.8066486,1.7328945,0.80163527,0.6392409,0.7889751,1.1807122,0.813557,1.7784079,0.86682236,0.840148,0.1062445,0.11709388,0.1202167,1.1841677,1.005863,0.28133076,0.25036132,1.8233374,0.47096696,0.054927383,0.24035695,0.6157548,1.0275049,0.09360346,0.77639014,0.23885348,0.7264946,1.1055897,0.75631255,0.28664774,0.60217655,1.1480126,1.3508927,0.6875372,0.03391059,0.41755006,0.74066085,1.1254138,0.97610176,1.4945945,0.7321567,1.453267,3.0280786,1.716733,0.035334278,0.9571855,0.8385821,0.5272029,2.065276,0.5686241,0.44940892,1.4221209,0.50000507,0.6945066,0.7089509,0.18002814,0.1633158,0.091309994,0.017708814,1.44631,0.3516243,0.79107654,1.0964571,0.99121124,0.23128015,1.4705306,0.71573293,0.16672006,1.4466814,0.007288437,0.2612102,0.43165773,0.40590417,0.45898616,0.37007067,1.0756588,0.08899279,0.2798363,2.1329663,2.3462396,0.45517212,1.169941,0.26831865,0.45469847,0.13093454,1.3859329,2.2184086,2.681711,2.6421425,2.1933522,1.8493459,1.6118029,0.43779528,0.07691013,1.4417422,0.47376662,0.0069072545,1.5077789,0.1770463,0.5012467,0.5718077,0.51893497,1.3486781,0.30349082,0.18589023,0.06510979,0.07437477,0.16715774,0.016425729,0.74497235,0.41406152,0.10231903,0.17864819,1.1288911,1.9899584,0.6881721,1.2740613,0.9481511,0.7549515,0.064883806,0.7402594,0.0,0.2951778,1.4844168,1.1802714,0.8515865,0.06098848,0.37979922,0.3265234,1.6032344,0.06945091,0.457286,0.22638132,0.66604906,1.851404,1.883813,2.146056,0.20764334,1.6601841,0.15633601,0.9362765,1.1244341,0.67758566,0.46976012,0.53743845,1.1475618,0.0293726,1.596464,0.31542516,2.0315576,1.5093797,0.44726422,0.95319474,0.31898835,0.16222517,1.0171165,1.6468098,0.42183012,1.5766195,0.578769,0.16796221,0.16093145,0.967578,0.14901116,2.3412383,0.12069147,0.73747265,0.0031825255,1.5330954,2.4820704,0.76423556,1.3289206,0.2079348,1.018763,0.42488635,1.012516,all_pothole_images\pothole_images_new_image_691.jpg
1.4442073,5.3458614,6.0799522,1.0447367,0.11671766,0.8219849,1.0327263,0.59091544,1.8003092,2.24291,0.13368614,0.26622707,0.08287431,0.8304649,1.4621314,1.4366173,0.16647117,0.043272007,0.6025708,1.8146698,0.33030623,0.73637795,1.3188823,1.2688912,0.0015691421,0.3242122,0.6278202,0.30589554,0.6648983,0.37853473,0.42146382,0.519854,0.028757147,1.2702602,0.24127765,0.16226433,0.56108457,1.3120399,0.99380225,2.004656,0.81323224,0.18625852,1.5041939,0.28252792,0.7687212,1.190547,0.2714862,0.7298643,0.88185716,0.16620772,0.050821275,0.5831615,0.391796,1.2227961,0.8775768,0.4026739,0.30075237,0.5958703,1.0410789,0.9035755,0.42118827,0.386607,0.37776476,0.36047187,0.0243941,0.68747085,1.4563128,0.9408272,1.0908555,1.196622,1.0110562,1.0804735,2.3546002,1.4038109,0.66711295,2.853244,3.2614405,0.73997885,1.5015732,0.4970882,0.3239012,0.005533274,0.5206371,0.5512616,3.1895707,0.35916352,0.53176886,0.14090712,5.0657,1.6472129,0.075363666,0.98291576,0.40172514,0.804657,1.7894043,0.56060404,2.7643235,3.3523664,1.4432396,0.82128674,0.47097465,0.14119162,0.38325477,0.8703823,0.9911635,0.52207726,0.84491575,0.32715395,2.384792,1.7401624,0.52762,4.132317,1.2387929,1.0664862,0.5706769,0.47109082,0.8685894,0.4058525,1.0481658,0.37496835,0.105269276,0.39071319,0.81714296,0.87931126,0.95964205,1.2696329,0.5745164,0.8584048,0.2649047,0.73350686,2.0876374,0.04224905,0.43177807,0.39027712,0.35649395,0.8187588,0.13624993,0.49528548,1.2453443,0.3133796,0.83123076,1.3038963,0.15848792,0.013073194,0.032505218,0.2143738,0.019694798,1.8790182,0.5141852,1.8526201,1.661223,0.053815022,0.32852712,0.6533697,1.071566,0.32550722,0.73054713,0.4892725,0.47006014,1.0694366,1.628063,2.5172954,3.1206334,3.5852878e-05,0.26775414,1.1709774,0.40956345,0.102145426,1.1699088,0.24165396,1.575275,0.05434115,0.80108446,1.248965,2.1671426,0.2911353,1.1182884,1.330978,0.36162928,0.74386394,1.097325,0.22139837,0.95674056,3.2713706,1.6127325,1.0151777,2.1567934,0.23921084,2.1485734,1.9902406,0.07108234,1.5540285,0.23764744,2.8213196,1.9825969,0.09839319,0.76191086,2.1498652,0.52610624,1.1847154,0.5884175,0.69945055,0.23258606,1.2951138,0.5282936,1.8853681,0.06634642,0.04101739,0.38545966,0.40329617,0.45804417,0.4258359,2.3870215,1.9280828,0.28777325,0.1251363,0.24550721,0.5901873,1.5795583,0.6142961,0.38487652,0.2617334,0.691965,0.85021365,0.17982978,0.911893,1.0045997,1.4280082,0.2688542,0.6772793,1.9735445,0.024277536,0.44252768,3.0137625,0.18928757,0.6819117,1.13059,1.3445843,1.1182861,0.520976,0.87312,0.6588166,1.8800628,0.77244455,0.79569346,0.16303778,2.3221283,0.3146953,0.65986603,2.1534173,0.22108945,0.3599781,1.6356002,0.29897323,0.83801454,0.44158584,0.7271523,1.197897,2.6706338,0.97707915,0.4191434,0.03316969,2.347136,0.070004284,0.003360633,1.750397,0.28569052,1.2151266,1.086407,0.54392195,1.092935,0.0029082443,0.074601494,1.5957797,1.4457483,3.283056,0.822018,0.17414902,1.1050855,0.6487647,0.047292184,0.09773758,1.0440098,0.43072993,1.8421094,0.51511645,0.42972946,1.7096046,0.6676994,0.86395186,0.6008134,3.1584737,0.49616364,0.612173,0.32055396,1.0779766,1.5489213,0.262497,2.4119153,0.23200692,0.261026,0.6043007,0.24426572,0.9825942,0.8027485,0.98903453,0.31585312,2.5219035,2.2871635,0.23376887,1.044095,0.623033,4.6710415,1.8821864,0.111017324,1.1920303,1.1312675,0.3864861,0.2565576,0.5211058,1.2665664,0.5617964,0.21994261,0.9871714,1.2720515,0.3744319,2.0405042,0.5357286,0.9790132,0.8089501,3.8838115,0.56619525,0.046939157,1.0252253,0.39783707,1.5959277,2.722444,1.4303576,0.44254383,0.12624598,1.6853373,0.3817597,0.71591425,0.33243242,4.7404823,0.53639525,0.3008349,0.0025774143,0.11128865,0.510937,0.50189817,0.51498944,0.96953213,0.5025183,0.042248454,2.505387,0.31861013,0.1192778,1.498724,1.301208,0.43772507,0.019021189,0.32410657,0.6520841,0.082922146,1.3789062,1.4812503,0.52801436,0.17366228,1.2520108,0.59379476,1.3154129,1.1425864,0.17234658,0.28975847,0.95190233,0.21983384,0.9071,0.3585168,0.6337566,0.7618992,1.8403037,1.4903051,1.775375,1.5132071,1.062075,0.75793105,0.04999585,0.10904848,3.4978118,2.5808203,2.3496895,0.13144155,0.5243454,1.1538054,0.14374769,1.6071805,0.7062079,0.35125852,0.20826966,0.24152908,1.2473105,0.41430447,0.8511234,0.19514613,0.21047573,1.5535232,0.96705407,0.5460321,0.4987871,1.0446526,0.29791847,0.3703868,0.46216738,0.06756166,0.13946763,1.476405,0.49344635,0.8283156,0.32281384,0.3869343,1.2008325,0.7175298,2.127418,0.9331427,0.019635959,1.9489517,1.3639455,0.6140544,4.279389,0.22041237,0.21402569,1.1115102,0.5822017,0.8904446,5.4091473,1.5288326,0.15136544,0.47836015,0.008518475,0.7973016,1.1063861,0.7817257,0.15335877,0.42031446,0.0282089,3.149559,1.2942898,1.3061697,0.31755465,0.7049696,1.3176403,0.97468066,1.0228913,0.745798,2.284778,2.349381,1.2919536,0.6179006,1.5551513,0.17529334,0.22487284,0.81685704,0.104322895,0.023743114,2.717511,0.7330449,0.25088692,2.9666326,1.2778826,1.7886828,0.38245258,0.7503494,1.3155702,1.6407087,1.1991564,0.47990346,0.9724553,0.7468738,3.5612466,2.8038125,1.719369,0.31022304,0.85236526,0.30066612,0.50657016,2.6142428,1.1675898,0.8460605,0.89335895,0.8910664,7.9293346,0.031708255,0.6704791,0.08011055,0.820211,0.949057,1.5182288,0.7682325,0.21154085,0.02524895,1.4700073,0.54348177,2.415914,0.54573596,0.39927176,1.4125193,1.0750679,0.31171313,0.4404524,0.17709509,1.3744718,all_pothole_images\pothole_images_new_image_692.jpg
0.6721718,0.6654166,0.44232222,1.2485257,0.20276931,0.64243543,0.53453785,1.1342961,1.483846,0.6861326,0.34532583,1.3448828,0.28566554,0.095770344,1.2291902,0.8105326,0.29009414,0.028843956,0.5730505,0.0406865,0.97105825,0.5599207,0.23380485,1.6665642,1.0045847,0.7053572,0.26411188,1.5428249,0.060344163,0.053515688,0.22789077,0.22740021,1.3531684,1.6138732,0.019066062,1.483103,0.1670355,0.4349327,0.9281588,1.6948899,1.4108447,0.68708456,0.33455658,0.316743,0.82962626,1.0046716,0.8513858,0.4175497,1.2923368,0.9358565,0.6882103,0.1337547,0.24515177,0.15015286,0.15621877,0.73160255,1.8901588,0.21706517,0.7400042,0.43133965,0.15837847,0.14138988,0.4986759,0.6226682,0.41845846,2.224691,0.14147334,0.23153022,0.88655674,0.1968052,0.35045028,0.38565317,0.54029506,0.8141136,0.22923425,0.9204184,0.6704709,0.9265163,0.22635028,0.6194538,0.03998555,0.0,0.56968033,2.6566727,0.4252954,1.2159116,0.22944431,0.08533837,2.229338,1.8812271,0.56518763,0.053260826,0.22386748,0.5913509,1.1481723,0.16352586,2.344338,0.31619057,0.53371716,0.94074947,0.22599947,2.7575302,0.31550026,0.1297093,1.6333979,0.07167679,0.9680517,1.0000575,1.5535952,1.7052765,0.0,3.2595625,1.436412,0.08855293,0.008786903,0.68453574,3.4072225,0.73107946,1.0032586,0.84215415,1.828947,0.30543378,0.41379794,0.45485702,0.26708856,0.524619,0.22972147,2.0480886,1.8429496,0.04233125,0.46380177,0.023578178,0.27290526,0.074082874,0.5050255,0.2334548,0.17534634,1.2941271,0.058949295,0.21427357,0.110539004,0.10635323,1.05977,0.1287372,0.42782584,1.2844834,0.19743505,3.2181993,0.7109386,0.015050055,0.1730216,0.7748139,0.17774661,0.095198564,0.75504434,0.7078179,0.4539322,0.3347692,0.2831828,1.2809764,1.4135113,2.0777247,0.054527048,0.12228481,0.30821016,0.7571337,0.26646093,0.35817617,0.6794933,0.5551436,0.011846795,0.06633734,0.036231134,0.4987127,1.2451464,0.09225508,0.9404612,0.020086464,0.41844115,0.7601298,0.108159766,2.038783,2.7897165,1.4942241,3.6697066,1.2382067,0.3462849,3.1114416,1.1652949,1.4857894,0.11522497,0.3387592,0.20932429,3.929642,0.6573807,0.09966709,1.1416457,1.1188962,1.6478841,0.39117882,0.24472933,1.6765122,2.31342,1.3591548,1.8422431,0.27716666,0.26181135,0.24245633,1.8316239,0.123254,0.46074682,0.053881295,0.6626986,0.13779461,0.55683714,0.7330323,0.3233434,0.036502082,0.9006414,0.2708732,1.1453301,0.876024,1.4434775,0.11697458,0.16432135,0.4295293,2.4466283,0.81778747,0.87233454,0.6556546,0.12044856,0.25204545,0.8666489,0.35713124,1.3905406,0.3176502,3.0019684,0.09752996,0.07031615,0.27738446,1.3852203,0.20942129,0.55469775,0.8440605,0.23805621,0.0,0.5353144,0.6868028,1.4081987,3.0103018,2.1189034,0.93598795,1.6905131,0.44635507,0.49254754,0.4475412,0.2522178,0.056442317,0.035099555,1.510065,0.07363485,0.055428475,0.26836714,1.7619517,0.6836255,0.91512644,0.36691856,1.1042321,0.62964535,0.77184826,1.2659793,0.3568179,0.18299793,1.6968999,2.3679905,1.2630581,0.76542795,1.3794982,0.2252226,0.30734602,0.7264823,0.9794061,0.296978,0.49419567,0.09531787,1.1394787,0.9925638,0.3333017,1.263034,0.26375988,0.8762851,0.026170632,0.9129861,1.6260036,0.22188027,0.31307444,0.87383604,0.60247964,1.2489934,0.3644455,0.15013853,1.1411169,0.13097352,0.4750173,2.3584945,1.288914,0.79563886,0.63036734,0.38505566,0.5959914,1.2646253,1.3024195,3.1787221,2.928057,0.032730054,1.2844914,0.09772728,1.0263323,1.6835192,1.2214112,1.1233495,0.23278454,0.20677601,0.08990031,0.83380127,0.092642374,0.6703983,0.025535416,0.47244936,0.41623995,3.4108744,0.98651415,0.0065383324,0.5019451,0.12669232,0.6848216,0.64020866,0.3784116,0.30223992,0.86490506,0.12924178,0.7179257,2.5733764,1.0586727,0.84307706,0.354913,0.58968264,0.08997893,1.4585607,0.52816194,0.16348873,1.076413,0.26029393,1.1010672,0.43499577,1.2025875,0.108902775,0.23246463,0.8400927,1.3336132,0.427408,0.1707701,1.7758952,0.94295335,0.11883731,0.89553505,1.7125201,1.5011162,0.3846867,0.019757444,3.0863612,0.49035826,0.8604561,0.2798072,1.6122161,0.0763295,0.43017963,0.48864263,0.67920005,1.6669296,0.22537665,0.19742301,0.7523161,0.91897976,2.8930228,0.10122322,0.5288701,0.0019172749,0.068431,0.856646,0.56203765,2.2846663,0.04876779,0.6345745,0.03537388,0.28958955,0.86304355,0.2295119,1.5375658,0.097752824,2.627827,1.0538113,1.4454788,0.19925956,0.0,0.44641495,0.077571645,0.29931697,0.0019401932,0.00630171,0.06869314,0.9997122,0.13662782,0.84002024,0.036552384,0.3926635,2.184326,1.1413943,1.257596,0.12548108,1.4763949,1.36262,0.709134,1.6725857,1.5277883,0.004180183,1.4745164,0.09347965,0.68997043,1.9106939,0.2911665,0.9332535,0.2310336,1.2304134,0.049025856,5.840034,1.5885477,0.10914533,0.7054574,0.89989424,1.6417096,0.6498733,0.7273147,0.053081185,0.7264565,0.16862881,0.5231928,0.8494993,0.030916134,0.8186695,0.6957105,1.5405467,0.08177136,1.2531073,0.25212926,3.0973186,0.4252685,0.39654693,0.5665105,2.3158016,0.13123877,1.1434886,2.248474,0.23802562,0.7202736,1.2893018,1.6492615,0.027400006,1.5619315,0.5388187,0.96940196,0.45325398,0.94299227,0.11231589,1.5642432,0.7234056,0.6713792,1.203854,1.2672442,0.05546066,0.7780309,5.754385,1.2843201,0.73740065,0.083850846,0.5349365,1.4383273,0.49084643,0.91276497,0.052222718,0.49565628,3.336407,0.47967905,0.22786303,0.4892434,0.64521486,0.4202006,0.46299306,0.12136096,0.3524521,0.06515711,3.7026582,1.2850124,0.5699105,1.1748874,1.1024852,0.89150834,0.37865677,1.0123107,1.1928642,1.3991014,0.5045837,all_pothole_images\pothole_images_new_image_693.jpg
0.077198446,0.61612976,0.51036125,2.538387,0.18576497,0.17337789,1.8746767,0.052582618,1.2295256,0.41600883,0.85155773,0.29131988,0.68286437,2.4858434,0.0030912284,0.9651422,0.3540378,0.8417954,2.3632202,0.0035812159,0.095164746,1.6452303,0.20408693,0.7792474,0.56338984,0.05058581,0.56455004,1.773289,0.47542572,0.18006092,0.10092154,0.24270943,1.4795187,0.74586254,0.116265625,0.7123864,0.037710663,0.13026148,0.04742035,0.0,0.692515,0.027159102,0.5144694,0.7021473,0.34269458,0.05128724,0.9244877,0.0,0.19487451,1.3171678,0.1702526,0.019472864,0.53715587,1.0668882,0.17380053,1.6431651,0.31808314,0.5441337,1.5924187,0.37300324,1.6081861,0.36995447,0.53494185,0.65961075,1.7249601,1.6864418,1.630243,0.029266223,0.13720194,0.21061337,0.18168584,0.0,0.14656004,0.085913055,1.176701,0.36989635,0.029529288,0.41709396,1.2929845,0.0,0.095511146,0.008970694,0.29974484,1.0130991,0.4865928,0.8304972,0.48392493,0.13595428,0.30906662,0.5667555,1.1200154,0.16878681,0.095745444,0.7826244,0.53029305,0.3409718,0.1510976,1.6628321,0.03127135,0.29235944,0.021125436,0.8881135,0.014285422,0.25338542,1.3867816,0.4039365,0.24570484,0.4023228,0.057433795,0.25967738,0.33518106,1.7417406,0.02375857,0.41143677,0.28039613,0.0031419606,1.3428392,0.5682364,2.265208,2.1510737,1.6218736,0.33647567,0.32156938,1.6328341,0.41078517,1.2453763,0.08899683,0.30863678,0.4376978,0.2404574,0.70106643,0.08473521,0.1723584,1.2425258,0.2602493,0.26504517,0.5968803,0.17372824,0.16313587,0.7079781,0.2222913,0.9513807,0.39799273,0.08935543,0.28469342,0.4085015,0.1901947,0.061776917,0.35316104,0.3459468,0.07101103,0.4329623,0.06795749,0.21291372,1.3124751,0.5691125,1.1902251,0.18454465,0.03622368,0.5156388,1.161474,1.3742007,0.00043512727,1.4049873,0.7000716,0.056334827,0.5406604,0.20910025,0.4546243,3.7338402,0.18768352,0.06787098,0.003359199,0.41387126,0.50494444,0.785221,0.7384192,0.018680679,0.19903119,0.31064153,0.022800647,1.6438673,0.9155557,0.21706042,1.1731877,1.8278247,0.69189894,0.6967018,0.7105658,0.8493591,0.026382994,1.4021353,0.40341303,1.0678148,0.120719016,0.18661496,1.9847234,2.5095346,0.5261587,0.3937447,0.077611156,0.83598965,0.576249,0.2559213,1.616456,0.48791453,0.67889947,0.16308516,2.6391857,0.9174745,0.27668646,0.13647626,0.015527574,0.72254723,3.3564994,1.7956555,0.18591766,0.9327728,2.6691165,0.17906779,0.24805598,0.71330804,0.69858104,1.4493217,0.0,0.0041505503,0.8722448,0.15004754,1.5936071,0.3459995,0.19965366,0.26901942,0.232712,1.0568758,0.34904876,0.40824422,0.26033875,0.11635005,0.6702676,0.7775365,0.1513977,0.6871082,0.26968744,1.411725,0.40357092,0.16472061,1.0353667,0.5333698,0.3162542,3.489007,1.8854595,0.0,0.2208366,0.25909606,0.17896959,0.5903141,0.432415,0.7856102,0.32110918,0.9747776,0.87634665,0.9460719,1.0302713,0.54931396,0.37368318,1.3325329,0.3126931,0.44128665,0.7225927,0.4870821,0.10957488,0.40517363,0.23236142,0.061657194,0.03540326,0.70750314,0.6537083,0.10816161,0.45153153,0.07226389,0.5500687,1.3522674,0.20900437,0.37295863,0.52909726,0.8754449,0.6248723,0.2775149,1.1258677,0.005343199,0.16266559,0.3071019,0.57188153,0.57440287,0.52805763,0.0262152,0.2823534,1.6371803,0.011070702,0.9557686,0.5947726,0.69720495,0.09876538,0.16450286,2.419628,0.014112057,0.5739603,0.33782735,0.62707376,0.06691424,1.4109427,0.59252775,5.685869,1.8978795,0.7429204,0.804305,0.0,0.3098908,1.499157,0.5459127,2.2934937,0.32520717,0.2983903,0.4159798,0.97299284,0.080116056,0.47560686,0.010615935,0.03713279,0.21537808,2.264083,0.18646383,0.12433003,0.0751653,0.30675894,0.10614157,0.61387354,1.9073783,1.4497446,0.07042262,0.1721472,0.68158364,2.117832,0.15644619,0.529652,0.30447945,0.05504059,0.109717414,0.21770605,0.9047572,0.93655765,0.9667792,0.9585863,1.0282481,0.52875364,0.37318715,0.02582934,1.149755,1.4738996,0.50356084,1.0137588,0.14010902,1.0554389,0.05298338,0.032623466,1.2471321,0.5350266,0.10389244,0.15323801,1.1369148,1.0096507,0.38440695,1.9938214,0.21285,1.1121031,0.5980352,0.0028860876,0.03773867,0.27218282,0.959601,0.56817394,0.8437353,0.20681398,1.0478439,1.4017873,0.8913531,0.47192293,0.86339897,0.6343403,0.5815699,1.0900713,1.0746899,1.0786932,2.2684636,0.39228114,0.98175824,1.0102391,1.5678747,3.6606967,0.025126657,2.2596831,0.29820076,0.12605375,0.07548405,0.38842446,0.25521588,0.38046283,0.118478276,0.10925547,0.022312919,1.5963236,0.7046792,2.146156,0.002166662,0.07676768,0.056892656,0.8355999,0.028607896,0.24846433,0.044898685,0.0029114205,0.115105,0.14461815,1.179559,1.0911994,0.6433127,1.4893467,0.19726358,0.05088584,0.27194738,1.1737823,1.1765372,0.7078263,0.0,0.24420224,0.90951616,0.38826472,0.89311886,0.014132601,0.17391028,0.5544263,0.8151533,1.0718868,0.14932458,1.2466987,0.17877746,0.79403776,0.31520656,0.8167166,1.4992052,3.109477,0.12101965,0.60640246,1.2846751,1.0595057,0.21051224,0.35229477,0.08298578,0.20216396,1.9586487,0.54437685,0.27991885,0.45974082,0.7006846,0.967033,0.83274436,0.51990885,0.11225877,0.6893698,1.471613,0.22980621,1.3604606,0.03815582,0.15294138,0.36409074,0.10256578,0.69801843,2.895441,0.8595516,0.20581578,0.76135904,1.3026925,2.2479022,0.09304969,0.009276654,0.8311567,0.552315,0.0,2.619678,0.7960946,0.8484736,1.4219639,0.17724456,0.0,0.3252678,0.0047336146,0.035464473,0.35170057,0.15409149,0.40607342,0.89474654,4.4179826,1.2877005,0.17462803,0.99799204,1.0482728,0.4882113,1.199439,0.98096085,0.073632814,0.58936536,0.045541752,all_pothole_images\pothole_images_new_image_694.jpg
0.21389855,0.57896054,0.18925191,0.82725835,0.45886752,0.19865902,0.66808116,0.17487094,0.14958756,0.25471207,0.15967835,0.45333323,0.1809309,0.7072955,0.040137462,0.07640747,0.25647143,0.86512274,0.50630784,0.109541744,0.022745792,2.4525506,0.2907945,0.6673709,0.6950264,0.21902189,0.22260414,1.0411949,0.0,0.4042267,0.38990146,0.44012645,0.31671885,0.49902776,0.2466457,0.4013189,0.39197293,0.5971413,0.2636139,0.8666181,0.21295458,0.1745159,0.25024328,1.9078289,0.20683199,0.2985287,0.009846566,0.033561904,0.25491706,0.18584509,0.5562689,0.16720024,0.35904402,0.03828894,0.09295779,0.14683266,1.2528132,0.04117815,0.18468808,0.015494895,0.0,0.017311279,0.7113406,0.060154106,0.55381227,1.9322784,0.24797474,0.45706227,0.54787326,0.16262604,0.09716846,0.6090719,0.06669578,0.0034418278,0.31303483,0.08531177,0.1334152,0.1833983,0.0,0.0866203,0.07837281,0.51123697,0.082182296,1.1361178,0.2580958,0.33598927,0.3324478,0.5768505,1.9793012,0.0072164414,0.3303035,0.16128297,0.015349663,0.47046676,0.05517079,0.0,0.7774723,0.43984392,0.50534195,0.016762795,0.18122706,1.7955531,0.16787195,0.14790246,0.23507889,0.9019987,0.1892779,0.75923747,0.09358435,0.39146772,0.0062522073,1.3199345,0.1569464,0.8169534,0.14171578,0.13616759,1.6949842,0.19585241,1.9306287,0.80628747,2.0980613,0.56083757,0.3856528,0.056001853,0.2112951,0.17827749,0.07918319,0.33675805,0.2509017,0.2039837,0.3116605,0.0,0.22897495,0.094889745,0.05756254,0.306568,0.21275276,0.5466475,0.8381782,0.23746233,0.28517148,0.26402014,0.058388114,1.5846494,0.0,0.27421886,0.12832685,0.4482579,0.9745801,0.41502866,0.45003015,0.5257147,0.0066269496,0.07961345,1.3891728,0.6825785,0.63905734,0.04713374,0.5870219,0.09530811,2.3837101,0.47805014,0.20546399,4.0169024,0.1411351,0.37706608,0.746611,0.35789496,0.7858843,0.62011147,0.13743499,0.025160799,0.0034378234,0.06071388,0.19425756,0.120936155,0.22084127,0.0,0.0,0.06632812,0.0,1.4711776,1.4675624,0.33873245,0.86062914,0.69476825,0.25691828,0.64191663,0.24791613,0.39024723,0.1953246,0.19051549,0.31231102,1.8174456,0.33705992,0.29476574,0.36502907,0.61360157,0.24175733,0.17121844,0.6178655,0.63154286,0.9830569,0.7244118,0.7584219,0.28130713,0.66695994,0.33200213,0.371741,0.07172127,0.0021060843,0.19998309,0.40102893,0.682929,0.057491142,0.34117594,0.4959418,0.00082027697,0.42577553,0.024442421,0.19726005,0.45720837,0.3834412,0.27005956,0.51736885,0.39558816,1.5145,0.0,0.09478153,0.16848914,0.21888009,0.29591718,0.39742312,0.041386627,0.029254416,0.06277866,1.2404909,0.00050776,0.024313198,0.13784724,0.1598788,0.4291186,0.1483355,0.08488884,0.33818212,0.03605894,0.7102779,0.5009749,0.113982774,2.301834,2.5805602,0.11163023,0.5989276,0.003946036,0.052892115,0.55481946,0.6954361,0.24265923,0.053710796,0.2584092,0.15322573,0.10582576,0.38175815,1.1284083,0.5677121,0.26710436,0.13339569,0.23024142,0.5013794,0.0013717209,0.23527625,0.06684207,0.09860237,0.368733,0.75441843,1.0655671,1.0095834,0.13203686,0.10036987,0.833199,0.5122365,0.08638097,0.1510755,0.039221533,0.6370595,0.17954922,0.049653422,0.45650676,0.96506345,0.22353615,0.2532192,0.123083875,0.10442173,0.689147,0.0048885946,0.024530442,0.49068692,2.2140243,0.21276757,0.04484055,0.57973653,0.4743477,0.0,0.37605178,4.2082443,0.26204163,0.18915743,0.9376382,0.118821666,0.1659607,0.8153598,0.9875071,2.3117583,0.43479666,0.020849446,0.24701907,0.0,0.3914003,1.7710475,0.41251275,0.4031824,0.022683313,0.0005131353,0.14053446,0.3012852,0.0016240095,0.11834768,0.1312759,0.4538754,0.13262221,2.4368727,0.9163885,0.018634733,0.008499767,0.013552082,0.12850621,0.4524268,0.059332196,0.0,0.07078319,0.039310183,0.278239,0.22456868,0.2798876,0.05789895,0.5563705,0.024257477,0.60345495,0.23658162,0.58793515,0.4758192,0.41898757,0.6696935,0.012243463,0.0203165,0.0017267251,0.011584227,1.6082022,0.1836275,0.7159321,0.16459379,0.11497089,0.1633458,0.0,0.008290673,0.056264002,1.4802248,0.33900204,0.35189983,0.0,2.24083,0.061066695,0.50092506,0.15847632,0.5637917,0.118905686,0.0,0.2778026,0.22234042,0.04694952,0.57300925,0.015127605,0.03382093,0.5510069,1.8289526,1.2091445,0.92952275,0.0,0.3320081,0.40184605,0.60990226,0.9497461,0.0032887477,0.19656257,0.17395031,0.017397847,0.5628078,0.3502239,0.100712016,0.34121946,5.351306,0.72143304,0.27980328,0.78913957,0.27565408,0.1973621,0.73387486,0.7260619,0.0,0.28462332,0.29315394,0.12763579,0.59449583,0.22532946,0.084416114,0.202912,0.40037313,0.057155322,0.06060769,0.073737144,0.91713494,0.10167394,0.947809,2.1763222,1.7768909,0.41886526,0.42493987,1.2436526,0.17808093,0.2629311,0.5575791,0.022326771,0.25541452,0.044483192,0.49513245,2.4174433,0.6289912,0.09962848,0.3711842,0.20189281,0.12753408,0.14269821,0.029402941,0.6250869,0.24044928,0.052537315,0.19081046,0.14308934,0.0,0.40349126,0.2745446,0.56285316,0.41881716,0.4225112,0.7985072,0.5395666,0.41286272,0.69020593,1.223296,0.59098047,0.68584085,0.3252998,0.58265615,0.032542463,0.25828567,0.15012528,0.0,0.034328897,0.18456505,0.4758964,0.73896354,0.48550212,0.07242646,0.14930981,0.31008422,0.042817894,0.0310288,1.0756642,0.23152834,0.06936793,0.085086316,2.6350508,0.90822023,0.17452618,0.31726927,0.15821084,0.20330743,0.1850492,0.58878005,0.0,0.7605823,0.20863892,0.0,0.12836084,0.0,0.096459575,0.00054751325,0.26787576,0.16672127,0.49521872,0.16001292,2.2792063,0.6303425,0.070054255,0.032076348,0.43007565,0.026807157,0.49597284,0.40239766,0.7322721,0.61257005,0.2746105,all_pothole_images\pothole_images_new_image_695.jpg
0.5425453,1.275187,0.43767196,1.4550875,3.0647738,1.0102915,1.1826863,0.19614929,0.48298302,0.008653207,0.61396354,1.556626,0.24762492,1.0115672,0.09316899,0.27129483,0.45208555,0.17026868,0.8142728,0.4387068,0.5242526,1.4229103,1.5786672,1.7794716,0.48864293,0.8003177,0.5677946,1.0683116,0.39474034,0.65345234,1.4088502,0.3197305,0.4331387,0.5296094,0.80759126,1.0941696,1.3491292,1.3936092,0.37127104,0.44999707,0.019145353,0.0,0.44540128,2.3822122,0.6423943,0.5810915,0.6712724,0.03978917,0.38161102,0.563675,1.1217064,1.1352762,0.70729715,0.03080426,0.38690415,1.5357089,3.5279448,0.10908187,0.32218477,0.08395444,0.5295068,0.05138778,0.8146243,0.32157415,1.227421,1.2370832,0.5890333,0.11181122,1.806799,1.1289815,0.01810398,0.7833451,0.1892893,0.32396927,0.42658633,0.8727311,0.86843246,1.0675603,0.1221791,1.0543253,0.1545316,0.0,0.071565084,2.0517793,1.0784112,1.1305026,0.36292273,0.42350888,2.5429535,0.20874338,0.91055197,0.6600087,0.88259417,1.1343436,0.44689116,0.58591044,0.90470034,0.22152917,0.38072065,0.08982409,0.3032354,2.5404103,0.67734134,0.066106185,0.050979536,0.030584738,1.1561899,0.18192288,0.069665186,0.8302354,0.2061137,1.9940878,0.66398835,0.28065932,0.39741454,1.9071997,3.5382185,0.54435915,1.1943521,0.82868785,0.76209515,1.2025414,1.0594517,0.109495975,0.17887306,0.89793754,0.75038177,0.38336065,2.9095967,0.39369902,1.7356412,0.84059507,1.188503,0.118659064,0.21769297,2.1092193,0.60807776,0.99256414,1.4533643,0.5191239,1.6575066,0.5907666,0.0640948,2.7989657,0.38217354,0.8689113,0.3551382,0.6949827,0.2229497,0.47110724,0.13973998,0.58732325,0.058892652,0.059216883,0.6527794,1.443222,0.6536893,0.10027696,0.3969207,1.0831864,3.3723495,0.801562,0.20877631,2.2780612,0.16391785,0.658305,0.29908416,1.6305295,1.3084651,0.18930149,0.49595574,0.558104,0.037895195,0.06753035,0.52716964,0.18813059,1.5352468,0.065272234,0.28455696,1.0355223,0.021884302,2.0758743,1.6057365,1.2621769,3.6871238,0.98336715,0.91220385,1.2980962,0.5408984,0.51570797,1.285493,0.06363841,0.07973688,3.715733,0.12858413,0.096649244,0.022278883,0.54477435,0.28700033,0.68198395,0.106664166,0.99321264,0.5531766,0.97698647,0.59228575,0.58684754,0.2730529,0.2668299,1.2868283,0.13048077,0.23099731,0.13783138,1.109009,0.29137263,1.0747652,0.4234641,1.0487208,0.104200594,1.0426183,0.21480563,0.72072834,0.25264645,1.155209,0.52948844,0.23128955,1.3638917,1.6438817,1.0285969,0.78281033,0.5470073,0.14343382,1.5099651,0.2370997,0.509981,0.6014138,0.112595536,2.9561443,1.5495383,0.063869566,0.6403597,0.24301776,0.03866275,0.45807305,0.00999217,0.54198694,0.58920974,1.0023241,0.20691957,1.1507753,3.6907558,1.1790173,0.16388308,1.5541083,0.7616564,0.11994117,0.16612552,0.25452262,0.42580885,1.1454647,2.172563,1.6289573,0.47765714,0.18122484,0.3133736,0.77685654,0.50066483,0.08539447,0.4310038,0.93636006,1.0814037,0.05633547,0.99603224,0.0,0.25873664,0.9438758,1.553242,0.62871325,0.62909305,0.71795887,0.99108744,0.34991258,0.4985922,0.12695919,0.05366544,1.1449254,0.65234584,0.47638583,1.5846984,1.8456398,0.044978276,0.44776574,0.4328752,0.58635443,3.0762348,0.24287125,0.29263973,1.6043452,1.4924366,0.6532817,0.27824214,0.1850336,0.9860543,0.28018647,0.46529898,6.332923,0.23792313,0.7855602,0.20762096,0.0,0.54537696,0.8559353,1.1834098,3.5977836,2.4864132,0.29874256,0.59404474,0.3452684,0.23862801,2.4014933,0.22075354,0.06610999,0.39771682,0.0013601629,1.600651,0.6170888,0.38250977,0.7683616,1.261561,0.8129558,0.06678109,3.8715084,0.76299435,0.10304502,0.164552,0.15792885,1.1049173,1.5441294,0.5884734,0.3183011,0.43991053,0.12251591,1.4775184,1.6578226,0.24506095,0.49750164,1.2662859,0.025709433,0.42645302,0.8266608,0.98517954,0.66973555,0.27702254,0.6304906,0.7895633,0.101382494,0.69853395,0.7615129,1.3596842,0.4714807,1.0955493,0.09880857,0.0014917682,0.6139501,0.5725957,0.09349478,0.06273543,1.8936056,1.2487102,0.73128164,0.42585957,2.5634327,0.4525275,0.29076132,0.24805756,1.1227497,0.5662932,0.16402136,0.13671729,1.2623619,1.6838157,0.39397687,0.0871225,0.6624008,1.4021105,3.895385,2.018671,2.8327568,0.039253984,0.095621265,0.39053333,1.4616238,0.3970992,0.01357904,0.37978086,1.39068,0.005223179,2.0520499,0.04063224,0.3775296,0.64662015,4.9900103,0.7050795,0.11075086,1.7242142,0.2929891,0.009762362,1.1449919,0.78557926,0.071538806,0.06588935,0.314659,0.29203436,0.76105386,0.84969634,0.018636918,0.3018376,0.7847355,1.3048924,0.6331707,0.5509213,2.1406102,0.5423086,0.70157015,1.1248106,1.1442997,2.2137115,0.45447057,2.0111418,0.35033652,0.28269708,0.46312702,0.5503036,1.066871,1.5857457,0.41355228,2.8627229,0.08193513,0.18364517,0.12575005,0.53479147,1.1762141,0.18245368,0.12391437,0.780548,0.65043616,0.9130705,2.9276469,0.4064226,0.5217208,0.56890696,0.47084028,0.5504932,0.46558613,0.6337716,0.7316256,0.2819044,0.75297886,0.66542995,0.1842233,0.70991844,1.4321805,0.5274203,1.7609458,0.0025282041,0.60331106,0.57604444,0.5484938,0.5546045,0.0958348,1.5538523,1.0126742,1.2083175,0.28082967,1.3820862,2.049213,0.21667722,1.0931495,1.259968,1.6184851,0.15660769,0.21403842,5.2899194,0.46081698,0.2263776,0.0,1.6419674,1.8235667,0.8021091,2.3258274,0.027802534,1.0509814,0.51799136,0.3795712,0.05770716,0.6657285,0.21334626,0.3906656,0.7054631,0.41173235,0.49279797,0.8411331,5.149148,1.1675267,0.6505145,0.9518485,0.7132325,0.023242498,0.0011835304,1.2031333,0.46642232,0.76854897,0.8526829,all_pothole_images\pothole_images_new_image_696.jpg
0.023868196,1.9971039,2.0208092,2.1389568,0.83864266,0.16368233,1.4541755,1.0818105,1.506678,0.3803748,0.1567432,0.8813106,0.71318805,0.07939001,0.12475975,0.08256671,0.51016206,0.09759035,1.0255209,0.86422247,0.558934,0.38523343,0.45110464,2.9889662,0.26488587,0.82131624,0.4556308,1.6914653,0.115998276,0.27490187,0.17849414,0.30497468,0.14422122,1.91184,0.16981547,0.6815089,0.25397012,0.96733487,2.0228014,1.0025034,0.21377458,1.729414,0.75210196,0.03061967,0.4767621,0.10813894,2.1487224,0.0033122203,0.61295277,0.9843904,0.7465016,0.7710143,0.13117106,0.8364253,0.6556518,0.8740367,1.9364166,0.057807874,0.084936425,0.5718712,0.0,0.84819776,0.40309387,0.16883443,0.40869063,1.2304196,1.6591272,0.26080975,0.08059553,0.06447018,0.4689799,0.23532112,0.028847815,0.5084785,1.1890799,0.36578044,0.17774843,0.39657483,1.2065488,3.9193742,0.14712425,0.6253705,0.8145007,2.4026768,0.6095027,1.4606171,0.805441,0.36202404,0.96220475,1.2954184,0.14837664,0.40110576,0.20681447,1.4711295,1.7095729,0.04216694,0.75230867,0.8960224,0.6726252,1.2462735,1.618682,1.3666861,0.8816376,0.26470146,1.955743,0.09251499,0.09668239,0.44054264,0.4092696,1.5159472,0.4831641,1.461001,2.4916885,1.0525568,0.002747635,0.7954509,0.19128935,1.4844434,1.9662054,1.0187082,0.78721905,1.2413257,0.31597644,0.2562815,3.3378081,0.21146305,0.66263896,0.22802044,0.26033092,0.13874117,1.4796188,0.33749416,2.2056801,0.16910872,0.38105816,1.0703946,0.005974083,0.38631368,0.47648627,0.17879507,0.6969277,3.529421,1.9858048,0.019718321,0.27341968,0.16916668,0.4209385,1.043753,0.38589904,0.5593513,0.23354566,0.8618768,0.16692354,0.13187729,1.4780817,0.39909628,0.3422399,0.79757357,1.3084773,0.297418,1.1148114,0.5045444,0.64956397,0.078285865,1.0703722,0.07975878,0.4365269,0.004618716,1.683487,0.23178057,0.91128796,0.03082813,0.049879882,0.0022881771,0.3459409,0.097958446,1.1705004,0.47369328,1.9440165,0.37923196,1.3402507,0.5557101,1.9240394,3.3303394,2.3475041,0.8211661,0.7388714,1.3686173,1.6621227,1.7444885,1.8067154,4.7769194,0.0,2.394316,0.38378143,0.009008431,0.70004785,1.5423731,1.4672679,0.83385295,0.73560673,2.261452,0.9109614,0.15290299,0.07571174,0.792668,0.1042156,0.18273823,4.094888,3.2433646,0.12241756,1.0876946,1.5121521,2.8496673,1.3263575,1.4455343,0.312756,0.0,0.39381027,0.5442742,0.8154593,0.01487444,1.1255381,1.7808944,1.4411736,0.16763163,1.4135246,0.24629562,1.4914328,0.041423786,0.3650915,0.36709574,1.1932163,2.0540767,1.1366788,0.5325239,0.076269254,0.0,0.41779217,2.6003602,1.6688418,1.0182602,0.17813939,0.28316516,0.8770997,0.11752638,1.7891079,0.18951887,2.6970675,3.0619628,3.4285583,0.28886577,1.7979424,0.57725704,0.46052793,0.50851595,0.31735027,0.25660005,0.12260046,3.402522,1.4966513,0.60559654,0.6668927,0.07062653,0.2305878,2.125759,0.8697683,0.11637322,2.5985787,0.02895236,0.81594133,0.0,0.26637125,0.107888415,0.40230834,2.6728008,0.18637596,0.8511061,0.3804886,0.3194807,0.69884926,0.6901699,1.16616,0.11574585,0.8354408,0.5768584,1.6896917,1.689067,1.2012622,0.06623489,0.16722897,1.2451179,0.31263986,2.977309,0.5074531,0.6430931,1.2421913,0.6164475,0.22473961,0.7279982,0.07381771,0.0275494,0.38439107,1.2697285,0.86012346,2.694085,0.8432385,1.0403043,1.4549527,0.18023892,2.4930575,0.7194692,3.9281864,3.8434777,0.19372962,1.6771113,0.013971985,0.80673903,2.2723346,0.4315742,1.7272189,0.945291,0.26208624,0.64485943,0.97067237,3.0407696,0.07922998,0.9398039,2.2872775,0.43858254,2.0013916,0.41906333,1.436428,0.43839815,1.313478,0.11543329,3.2768788,1.9743177,0.1831913,0.6136304,1.5427314,0.32321087,3.5394523,1.145039,1.9319984,1.0927769,2.1116824,0.03160134,0.062337305,1.0509443,0.00724358,0.41534057,0.8343385,1.3133848,0.973961,1.3393439,0.115910485,0.08273849,1.2956799,0.7076864,2.1014388,1.149382,1.161722,1.3665183,0.1921095,1.9241838,0.3964202,0.9761875,0.5429438,2.0549717,1.1922596,1.6381315,0.27491087,0.012059404,2.053093,1.5698569,0.45345792,0.30095378,0.2957146,1.9713819,0.8375968,0.68395364,0.5484038,1.1257554,4.5004973,0.31810352,1.0079848,0.794042,0.8741249,1.6363649,0.33804792,2.003734,1.227039,6.242485,0.009961362,0.84578,1.4577565,0.7578926,1.0943393,0.2844902,0.5444035,1.3247073,1.247893,0.14283103,0.4108746,0.05480007,0.090655655,0.37681192,0.6466726,0.0056289425,0.054837868,0.9971891,2.9006808,0.47393498,0.24978228,0.58374804,2.4133468,2.709224,1.7520823,1.0512899,0.36600545,2.3110018,0.6052428,1.0788782,1.972808,0.8576308,1.2263651,0.17656575,1.139166,1.7926986,0.6901942,1.1937748,0.054618638,0.10957904,0.022894071,1.7493862,0.65206283,0.1033288,3.7369838,0.22201061,2.1195056,0.45358533,0.0410618,0.41616464,1.781836,0.12403625,0.7616106,0.4848355,0.17886169,0.26882648,1.1602619,1.6673392,2.3740427,0.014500364,0.67216974,2.6704762,1.086084,0.088432774,0.1352623,1.360429,0.9647218,0.7925331,0.26323625,0.2456638,0.4113563,0.38316026,0.8426211,0.41139406,0.102833256,3.6085105,0.46439958,0.26971313,0.20320831,1.844663,2.463145,1.0676287,0.9073989,1.9116092,0.4201479,0.3260983,4.526503,0.6418813,5.3263836,0.5277375,0.53394914,2.0027695,0.9509349,0.035150006,1.588112,0.08519951,0.5104084,5.5580716,0.34993336,0.0016156753,0.033339042,0.30575103,1.2787855,1.0719278,0.26440516,1.1408378,0.107708745,3.613245,2.292423,0.024670562,0.11187545,1.648871,0.0,4.774838,0.77398044,0.8509593,0.9870705,0.027514253,all_pothole_images\pothole_images_new_image_697.jpg
0.656832,1.675738,0.01921461,1.4538103,0.051625658,0.9505861,4.097168e-05,0.0,0.47201404,0.1491978,0.17181766,0.0,0.010749292,0.04390915,0.27314574,0.010093939,0.0,0.5614788,0.010955854,0.21359998,0.04827013,1.2928984,0.43703517,0.0,0.66158634,0.5581883,0.42305106,1.2606356,0.4633376,0.43696076,0.9423816,0.20110908,0.21977441,0.0,0.024650257,0.11134616,0.31253546,0.033606738,0.15858717,0.0,0.07122235,0.31880444,0.03055959,0.7777664,1.3944476,0.0,0.041066304,0.13233477,0.0129942745,0.00652271,0.07483865,0.06779772,0.31707603,0.014130521,0.092473805,0.110553816,1.2482653,0.8891698,0.0,0.0,0.12838267,0.072068386,1.3558944,0.6212395,0.44414258,1.5357767,0.11904222,0.0,0.0,0.10153056,0.31267348,0.93542534,0.36870536,0.21474254,0.048340123,0.15746751,0.0,1.0449234,0.0,0.18194486,0.0,0.7461518,0.28839314,1.4218688,0.017414248,0.0,0.3047885,0.0,1.4321404,0.49620086,0.0,0.17958222,0.32873854,0.4614849,0.100396775,0.0,1.1343896,0.26739118,0.26745477,0.015468427,0.0,0.53823125,0.52267146,0.0,1.676849,0.0,0.3563219,0.10100909,0.2248187,0.1731115,0.051941477,0.8273935,1.7957078,0.0,0.07305613,0.7297666,0.7589078,0.12876607,0.25212064,0.106129155,0.40475112,0.19016694,0.34233218,0.023937097,0.8025458,0.11100006,0.09361874,0.03561943,3.081242,0.115391195,0.17630072,0.08222395,0.0018422928,0.0,0.029927293,0.55468273,0.01348005,0.23098856,1.3808289,0.09015373,0.6897142,0.40101397,0.31272012,0.32468274,0.012211495,0.8659794,0.0,1.2052639,0.5070676,0.011352418,0.1409369,0.46132806,0.52245826,0.1690553,1.1507115,0.030896246,0.0050103334,0.0,0.7698439,0.024307827,0.6261487,0.9524478,0.062129617,0.3070559,0.031332176,0.0,1.5229015,0.7193208,2.0606,0.3247101,0.0,0.045971837,0.0041463613,0.0,0.7894437,0.16315794,0.6510227,0.055463646,0.16059537,0.3202201,0.022435525,0.15886971,2.4567456,0.07102187,2.8192027,0.19120893,0.0010461947,0.1680132,0.3494321,0.11163031,0.06944288,0.1497391,0.022831043,1.8765396,0.015904404,0.0,0.041193563,0.2737292,0.24337839,1.7329266,0.39280808,0.6411402,0.5522278,1.2167579,0.02810127,0.2969452,0.02640789,0.023810523,1.1085278,0.17084007,0.0012530091,0.0,0.98551244,0.046092015,0.59576154,2.3432262,0.20133318,0.8141373,0.04841102,0.4232366,0.83808666,0.1556904,0.50622565,0.16496716,0.0,0.024620084,3.0539129,0.0,1.3367119,0.20446329,0.73538494,0.014515203,0.01851443,0.023171535,0.18852793,0.008762003,1.9736813,0.0,0.0133929225,0.9672826,0.3796509,0.80667484,1.2497424,0.04972237,0.0014586664,0.059002835,0.5430485,0.1280105,0.0,4.2940984,1.8777992,0.0,0.3005853,0.13176201,0.0010779619,0.0,1.1695707,0.21077438,0.001259127,0.99007493,0.005316852,0.40548006,0.40096515,0.029106554,0.6740578,0.49387553,0.0545619,0.508814,1.9166038,0.102600604,0.120263234,0.114227675,0.0,0.009837975,0.25502247,0.50508285,0.27890453,1.6370271,0.21276014,0.54054904,1.1339419,0.07178726,0.098243274,0.7085981,0.4901569,0.54298776,0.05894523,0.39998296,1.5161638,0.06070463,0.0,0.0032321275,0.34743756,0.41475704,0.0,0.00076808414,0.0015307071,0.4345371,0.51671326,0.71325994,0.48173562,0.5234217,0.12411773,0.013583485,5.9436526,0.3675125,0.0073505566,0.65166676,0.0077694203,0.11601617,0.0,1.468014,2.340722,0.45557076,0.12960441,0.053999458,0.08253896,1.2303363,2.1438243,0.6432983,0.0038392427,0.0,0.0,0.4420015,0.2486584,0.12796345,1.7095449,0.11166518,0.3824785,0.08745884,5.9845195,0.4744001,0.022577327,0.2577779,0.03989231,0.0,3.0651624,0.000387291,0.030371923,0.049994946,0.27045032,1.2020698,0.842603,1.5256858,1.2369668,0.11555755,0.26741466,0.39882424,0.29569453,0.34982765,0.52519697,0.42694792,0.0023190149,0.9048288,0.014087458,0.01480448,0.47085476,0.9684123,0.08592749,0.4582662,0.071492635,0.027755005,0.240116,0.76249605,0.015127845,0.31906497,1.1390598,0.25178024,0.023638744,0.12441104,0.24540316,0.0019207728,0.031626444,0.0043395106,0.5762548,0.06270887,0.2667523,0.014046387,0.7042831,0.13699305,0.01436587,0.012782537,0.0005471033,0.5148024,3.743956,0.25514856,0.84874684,0.24469939,0.0,0.2962901,0.010873206,0.7311691,0.54184073,0.0022514276,0.0,0.0,0.14009003,0.33042213,0.0,0.23670095,0.15243064,0.6824906,0.33693543,0.52692014,0.60003144,0.7534782,0.5007114,0.15851188,0.31645373,0.11235928,0.029438328,0.3666128,0.0,0.03504329,0.042391352,0.0043371217,0.76557845,0.7921395,0.3864637,0.013483828,1.521994,0.0,0.35992151,1.7795179,0.73293036,0.34467268,0.33570698,0.9386926,0.04940418,0.07967537,0.24972206,0.20655273,0.005836901,0.0103021655,0.0,3.0915713,0.4003655,0.061357442,0.124475196,1.5112971,0.227703,0.0,0.39584827,0.52290016,0.14939085,0.009474311,0.016127246,0.5030514,0.53117603,0.009010719,2.2053561,0.0026562572,0.039884098,0.14864323,1.008855,0.60176474,0.0,0.22130434,0.22619523,0.6756331,1.4278849,0.14944279,0.69153684,0.03236578,1.3099782,0.0,0.0,0.0,0.667179,2.6914513,0.09889027,0.020643003,1.0157872,0.032535344,0.0,0.21446107,0.039063793,1.5357679,0.59249747,0.4974523,0.0,1.398189,1.6660087,0.04211669,0.11351218,0.4337924,0.06893719,0.018602623,0.860622,0.02810649,0.009033941,1.1607175,0.0,0.044679184,0.13735467,0.0,0.836068,0.0,0.0007259891,0.24457902,0.031959273,3.7535574,0.54962623,0.22027458,0.0012227936,3.8238032,0.78834635,0.04796764,0.15991531,1.0903302,0.035452712,0.24053535,all_pothole_images\pothole_images_new_image_698.jpg
1.1625787,1.6028854,0.9476022,0.4399248,1.1044616,2.6799512,0.52668405,0.29214233,0.83105403,0.58689636,0.3923635,0.02683786,1.4123565,0.0,0.4399473,0.38435987,0.13927275,0.03148958,0.39759305,0.18443279,0.20107183,1.6113974,2.805289,1.43656,0.09028321,0.60040736,0.23064223,1.7529314,0.12338181,1.5268221,1.054895,0.049125865,0.3614427,1.1986208,0.80067366,0.23698922,0.22096042,1.6498578,1.9017147,1.4180466,0.044807464,0.6713885,0.006028686,2.2040663,0.25239265,0.0,0.6722942,0.3713021,0.018740041,0.2875865,0.5474839,0.6753181,1.3773015,0.098601095,0.6255801,0.14908843,1.7268331,0.3943985,0.43384755,0.029164188,0.09902029,0.08404601,0.6994093,1.3029678,0.74203163,1.0649612,1.4201198,0.025356812,0.32136935,1.5553534,0.57021165,0.9639324,1.1299602,0.17013022,0.14161506,0.41600865,0.90386385,1.3457848,0.21443895,1.1196294,0.08097628,0.69670415,0.7820573,1.2833873,0.32192728,2.0113313,0.12909561,0.02955625,1.8904971,0.10486119,1.7944787,0.53777033,1.5337422,0.7447309,0.37986347,0.08837347,1.0732125,0.110308334,0.058167953,1.1558673,0.23469448,0.23131974,0.0,0.335393,1.4934273,0.9817226,0.0002616437,0.49591628,1.0471913,1.7947751,1.8210256,1.9780158,0.31929314,0.12823445,0.017253572,1.5610225,2.1404657,1.7045463,0.1780243,0.20930165,1.6229672,0.51660657,1.5260998,0.49690175,1.8596809,0.106134035,0.551633,0.6840132,1.6197041,0.9564767,0.7709453,0.044693913,0.015437252,0.351592,0.107870996,1.1533438,0.6749607,0.79213136,1.3556372,0.5895292,1.642799,1.3448873,1.8866919,0.63870835,0.17054348,0.89389706,0.5530659,1.5169166,0.14253521,1.2136215,0.61303633,0.35979107,0.43712234,1.0876085,0.6118942,2.1026843,0.9540134,1.2033774,0.105153605,0.80971986,1.612163,0.09335833,0.074497245,1.562782,4.5599976,0.0,0.09615892,0.6634899,0.55059385,0.46301603,0.9739805,0.012192078,0.0901282,0.028494231,1.1298891,0.024528507,0.6273303,0.011599121,0.21236645,1.7364227,0.51203114,0.437343,3.701486,2.1152759,3.3716688,0.7196977,0.6974457,0.72941333,0.39303678,0.9382895,0.027287034,1.0498956,0.12575075,3.5874038,1.1283756,0.022755539,0.037167896,1.0130098,0.07226761,1.5394646,0.02250655,0.7277769,2.8295338,0.4728371,0.376007,0.5017644,1.6823539,0.27170077,1.1429425,0.39645353,0.06540654,1.4961739,0.97647,0.12066538,0.9773067,0.5895405,0.08269241,0.03992491,0.24986574,0.4075894,0.07707342,1.3475806,0.3180326,0.62484515,0.3029545,0.6336754,5.45673,1.299898,0.1804511,0.2149024,0.5005984,2.2362542,0.23809719,1.8401756,2.8883274,0.25132772,0.5888232,0.0,0.35033104,0.25365365,0.02592485,1.9937389,0.29307485,0.66636,0.7068113,0.28100026,1.189135,0.28496683,0.39452806,0.6525978,1.215188,0.40301678,1.0875437,0.49976724,0.37859896,0.18032286,0.038451184,0.69024456,0.8059686,0.31051445,0.0034095957,1.5593388,0.120920114,0.9038939,0.5989879,2.1093225,0.40617687,0.12729084,0.6928505,0.328557,0.14654587,0.3612627,0.37629768,1.0508199,1.4237218,0.3743092,1.3162322,0.7924642,0.6803534,1.0280668,0.4345065,0.15550792,0.22587398,0.8593417,0.62228924,1.0857905,0.35781863,0.26454586,0.7429655,0.3335312,2.2034779,1.2122486,0.18110144,3.6715765,0.32991588,1.5958427,0.35181466,0.82104194,1.9310267,0.015638053,0.066889696,0.11782235,0.31538936,0.0244416,1.6418569,0.030166825,1.0394039,1.1023221,0.05568401,0.10531559,0.2951594,1.8407184,1.5112852,1.0217813,0.44618022,0.07150604,0.7562543,0.6496291,0.8386579,0.13688555,0.24816023,1.8729266,0.4166844,0.7078457,0.8427841,1.264074,0.41918525,0.005991378,0.17383054,1.3331239,6.2317653,0.47663504,0.82836944,0.05878457,0.53979576,0.18153267,1.7899295,1.0766034,0.67266995,0.0027004743,0.10192538,2.2127893,1.2545431,0.09435156,0.43383524,0.49093038,0.0166892,0.91855204,0.18217227,0.81895703,0.18360838,3.0244374,1.6253251,0.7345615,0.22626296,1.1149065,0.22981873,1.464546,0.77046293,1.870016,0.33508292,0.50313526,1.4394217,0.45430708,0.25270352,1.2819147,1.0613621,1.1986843,0.01721858,0.18907966,2.2044945,3.5711558,1.1869133,0.031711467,4.174128,0.16991697,0.07044929,0.22621413,1.8930268,0.28658596,0.9397022,0.7268322,1.1024673,1.2393008,2.243524,0.40303123,0.46379712,0.40679955,0.3917684,0.4226809,1.1077574,3.5591118,0.025390849,0.37994155,1.2188342,0.16839081,1.1449337,1.3171942,0.34541968,0.28769168,3.6033127,0.35485056,1.0276678,0.16872236,0.048115402,1.3589388,1.2881373,0.048636056,0.0015907056,0.42161322,0.14006709,1.109588,0.76070076,0.14439608,0.10056369,1.5426589,0.46533763,1.4710631,2.873454,0.23032402,0.028934402,0.04444803,0.061741203,0.088999905,1.2348301,3.3570957,2.1311088,0.43655512,1.072933,0.5352034,0.28358835,0.8161199,0.13377109,0.41029438,0.13305011,3.8590262,0.9435895,0.47231117,1.5793841,0.82238144,0.82141936,0.18172854,0.033278845,0.54391694,1.3814591,0.13523556,0.23715071,1.471183,0.8467868,0.9741131,0.66056937,0.47230598,1.512181,0.07425316,0.4905275,2.898682,0.26900887,0.047931235,0.44317695,0.6707466,0.1684503,0.29433548,0.9172008,0.8134234,0.49642265,0.5476482,0.7052028,0.009345365,1.4559153,2.8896334,1.6868924,0.44987932,0.8900982,0.29290274,1.5835085,0.56536937,0.53027636,1.0645369,0.6672432,0.59120226,0.30452964,4.0584908,0.7749209,0.11183787,0.060681775,2.1742325,2.1958494,0.7071605,1.7404025,0.15214671,0.04548536,0.76088136,0.33307722,0.076931074,1.4872707,0.06621866,1.0634098,0.14777002,2.3957665,0.3328498,0.38420868,3.2603083,1.8558592,1.0574236,0.40195876,1.3266013,1.2526367,0.23996738,0.10954434,1.4791638,1.0583264,0.7768744,all_pothole_images\pothole_images_new_image_699.jpg
1.0482149,0.8205241,0.07907119,1.0704018,0.5970329,0.5571572,0.097989164,0.27946618,0.44236222,0.19995888,0.18348661,1.5178422,0.72951037,0.4676972,0.21675129,0.8520165,0.42898077,0.9101105,0.5713695,0.20917869,0.8873754,1.888532,0.06724737,0.47642595,0.44122377,0.6884586,0.34326228,2.6645083,0.13278191,0.26574802,0.29458565,1.6373085,0.49992815,1.8032035,0.29748878,1.7732453,0.9860334,0.16143887,1.4434637,0.6744276,0.19971289,0.14071468,0.0,2.3093057,1.2429538,0.34135097,0.5473079,0.48478717,1.7861269,1.3871856,1.2785288,1.0378063,1.3328351,0.20557207,0.5287166,1.6479121,1.7673753,0.036129605,1.8441993,0.14846663,0.092118375,1.3428813,0.15895803,0.32984582,0.12267784,1.7661422,1.9827771,1.1878816,0.83362156,1.043459,0.6575605,0.792085,0.19851178,1.4891299,0.0498878,0.23409103,0.5619406,1.2335654,0.06314116,0.5389337,0.06041728,0.4117506,1.0468553,3.9218774,0.8371269,0.27908775,1.1804303,0.2597596,2.8856454,0.6201667,0.8008802,1.768042,0.21172714,0.023480132,0.14293489,0.90195286,0.5309067,0.9035308,0.31083238,0.12318142,0.40260535,0.8735037,0.8786139,0.16680641,0.14918505,0.27174866,0.24642716,0.33948916,0.70764893,1.5343766,1.0143692,1.352903,0.76529974,0.33476755,1.3254995,1.3308625,1.239731,0.4675221,1.0793469,0.096297555,2.040076,0.6653224,0.032776576,0.7485082,1.7769868,2.3619332,2.1961339,0.49067274,0.6987575,0.21854886,0.45022127,0.042668648,1.4910101,0.2971157,0.35271636,0.79383415,0.017628219,1.6283218,2.0369313,0.4642959,1.6516268,0.14620565,0.33193,0.15992373,0.13316129,0.39295372,0.79443824,0.50108784,1.476734,0.82326084,0.8563793,1.640332,0.17995125,0.1957246,0.20289302,0.44339663,1.5716618,0.3425831,0.48933405,1.8992846,0.6254202,1.257018,0.35630944,1.0031999,0.38206112,0.13092224,1.5512743,0.06008401,1.1701131,0.68967545,0.28479505,0.8249284,0.13177738,0.041154087,0.61594933,0.082593106,0.18216276,0.31061232,0.80702144,0.61718094,0.11289091,1.3844433,2.7007964,0.75115913,0.5168976,0.92730695,2.1013067,1.4260154,0.7580005,1.8117236,0.29613823,1.0227046,0.21044269,3.0506947,0.41529465,0.07270117,1.5473442,0.32841265,0.25859675,0.1584419,0.40781632,1.8094809,2.3198977,0.7724788,2.4364395,0.3127423,2.3154485,0.20588095,1.1825302,0.35826308,0.32078344,0.22847591,1.0369517,0.7516234,2.2629373,1.4328097,0.26999047,0.42971423,0.27339497,0.37698847,0.9239472,1.116292,1.0640469,0.30272856,0.9741627,0.2760989,0.29554662,1.2148336,1.5064175,1.0120623,0.15057996,0.6124965,0.22534671,0.32107157,0.07599656,0.5233316,0.8474623,0.83975637,0.0026772637,1.3551244,0.22690076,0.067980684,9.8960445e-05,0.059281275,0.03390713,0.9315397,1.5875216,0.17400438,2.8123274,4.6028347,1.5407468,0.22667511,1.158757,0.5390853,0.8282961,1.47611,1.7184108,0.7025047,1.2278559,1.3851857,0.017444089,0.4453553,0.37824738,0.73859185,0.99309516,0.33018175,0.26555237,1.8380475,1.6758862,0.0,0.6821808,0.032382645,0.43882072,0.72214556,1.736954,1.2590877,0.17756824,0.6083206,0.2118283,0.20122854,3.5254245,0.461723,0.7953163,0.82539696,0.46817017,0.22548465,1.4015925,0.30863252,2.425821,1.056027,1.1850406,1.2419637,0.18234733,2.240515,0.70489424,0.5240318,0.3440019,1.8350852,1.1890581,1.4616781,0.04282278,0.93231565,0.16372864,1.2747041,5.268518,1.1017709,0.0770384,0.50170666,0.5239805,0.6255901,0.7595612,0.2757829,1.9559582,1.4076761,1.3129076,0.98809797,0.014008614,0.9189576,2.5792115,0.14014769,0.12893906,1.1186872,0.14199547,0.6341259,0.75285274,1.5275545,1.7487963,0.0052796737,1.987996,0.4908882,1.261641,0.18837208,1.362109,0.27214202,0.073173665,0.050572984,1.560596,0.4516206,0.057040818,0.33833674,0.42981696,1.0508581,0.8408804,0.1723336,0.55955696,0.37539116,0.32645637,0.015647674,0.034193657,1.1090486,0.8528086,0.8795614,0.07218729,1.234393,1.4431988,0.3571171,0.5815256,0.7305106,0.33826908,1.6625593,0.60781527,0.30091816,1.6367468,1.4267197,0.058961958,0.46094796,2.8640165,0.64980316,0.63016105,0.6907874,1.0370394,0.009594036,1.7527679,1.1860946,0.5778158,1.6409123,1.1956058,0.12205547,0.88302267,1.1253153,1.0021907,0.0071056606,2.424576,0.23444316,3.4993174,1.2541269,1.2360561,0.007033492,0.73104167,1.1487075,1.9979991,0.3370458,1.7060902,1.8309356,0.15478368,0.12591885,0.14521086,0.49078104,0.55903125,0.12856293,1.643632,0.9243727,0.21655697,0.7069398,0.0047365148,0.2436382,1.4352585,1.0471371,0.1563714,0.95042104,1.7298932,2.444974,1.9881431,0.5301081,1.5419892,1.0551234,0.5778295,2.1775546,0.6514469,0.21341261,1.9904664,0.08895926,0.8630844,0.9665929,1.2206773,0.841317,1.0637088,0.043623257,0.21556716,1.08808,2.0776963,0.64771783,0.27446583,1.011736,0.18203074,2.454738,1.036938,0.32064542,0.11779199,0.83317274,0.62770385,2.358902,0.35732797,0.30681354,0.9852966,0.5237685,1.8610312,0.940374,0.11415171,1.9589902,1.6275467,0.47327086,1.2067515,0.30163404,2.2466424,0.75919145,0.559,0.5188167,0.218931,1.441922,2.7220073,0.35820815,0.86093014,0.2586577,0.39021507,0.84930265,0.4551049,0.8064303,0.8430075,1.2210504,1.4540997,1.7022041,0.11969214,0.40939093,0.8220665,0.85696995,1.3533521,0.4695612,1.6214014,2.7919532e-05,0.30591533,1.265604,0.41920224,0.35680917,0.023547085,0.26395637,1.1950719,0.28219268,0.90207344,0.11335672,0.8679386,1.4820824,0.37542918,0.8210438,0.012540158,0.4080826,0.2182468,0.50081104,0.45938614,1.6135637,0.9196841,5.711595,0.28479898,1.573873,2.7513173,1.3277348,0.25443375,0.26559672,0.91676635,0.526671,0.5463835,1.446393,all_pothole_images\pothole_images_new_image_7.jpg
0.002178012,1.0579082,0.16115938,1.8603276,0.5618226,0.62797076,0.031180862,0.1371993,0.5046903,0.38631657,0.06318865,0.1762717,1.0188991,0.39619076,0.26183903,0.18730615,0.09395158,0.33443144,0.4669006,0.14319035,0.7742646,1.4747925,0.0,0.22649555,0.59789866,0.21054175,0.30640647,0.3199041,0.17670958,0.017030302,1.3885071,1.4056164,0.09183059,0.49350947,0.0790658,0.80066746,1.372244,1.6963111,0.10321306,0.0740431,0.31145748,0.10117108,0.3151336,1.6903254,0.26556343,0.13442828,1.2541931,0.24367851,0.24696733,0.70570683,0.14156227,0.10195717,0.1800401,0.044723246,0.21128783,0.90258443,0.44176373,0.59839404,0.07502155,0.0008065135,0.10362746,0.01497152,0.48071334,0.69033617,0.27705973,1.3034321,0.60209566,0.0,1.8742027,0.27095556,1.6628215,0.0,0.28666294,1.3227987,0.59775543,0.17517179,0.04301827,0.7110573,0.4202722,0.050525896,0.26494098,0.11910049,0.50295794,1.172892,0.5981081,0.26285335,0.11948243,0.053179175,1.957568,0.34417105,0.24627705,0.10285445,0.09188542,0.9851991,0.52709055,0.04786943,0.90045255,0.6275762,0.23706096,0.7220653,0.22292575,0.09005742,0.08642689,0.19607832,0.6978191,0.11858521,0.6380106,0.062296208,0.11060594,0.6055285,0.0,0.45879847,0.23366344,0.030545274,0.4204743,0.07318029,1.5306867,0.41736442,1.2529337,0.37429833,2.2520754,0.2988632,0.7968048,0.7621896,0.11199064,1.8725251,0.031443506,1.3868575,1.4632579,0.09488724,0.0022186448,0.0,0.08021264,0.0554522,0.4752877,0.25005275,0.085923046,1.2133217,0.047497917,0.00394322,0.3929599,0.14401624,0.2587841,0.062946826,0.19004677,0.2502063,0.03604843,0.2764087,0.21593955,0.02908802,0.073658355,0.047768977,0.035931386,0.87476814,0.31640053,1.2600638,0.5261493,0.24230115,1.9383713,1.895391,0.7938634,1.6512517,0.09443666,0.3956631,0.12211126,0.68028754,0.5170182,0.0060236068,0.60904473,1.6415784,0.005404319,0.23905535,0.0047789738,0.0,0.76079714,0.113954626,0.69494057,0.0045161713,0.6367607,0.2198378,0.009522481,1.2468104,1.3578258,1.187522,2.0781198,3.4309032,0.01686923,0.005248652,0.5018275,0.26531905,0.07751487,0.38124925,0.4264075,0.66656554,0.5177449,1.0461782,0.87872964,0.008588258,0.22977023,0.16780548,0.7675141,0.32997614,0.96563977,0.6573085,2.955293,0.264549,0.68919814,0.19435847,0.9820904,1.4371747,0.12080515,0.22002025,0.037022464,0.08923159,1.676593,0.6711019,0.13090919,0.37581012,0.3940426,0.38477966,1.0595726,2.7705429,0.13224852,0.16585006,0.08209616,0.14624497,0.5931203,0.4599821,3.186344,0.39417958,0.14498748,0.0,0.5390422,0.7102443,0.030469013,0.34229767,2.318989,0.18093377,0.396405,0.029204719,0.52872884,0.5503798,1.6237295,0.8742312,0.29630792,0.10109892,1.1220514,0.22112346,0.47546807,4.061626,0.43039733,0.79299974,0.90672183,0.014302132,1.0073117,0.073857315,0.43800867,0.63528913,0.30155307,1.6760328,0.102954224,0.52526385,0.047928113,0.84523964,0.57954395,0.33099952,0.14489482,0.6209069,0.802384,1.002009,0.0,0.028905237,1.6055061,0.53737104,0.48632753,1.6100192,0.5503471,1.2588984,0.32354945,0.44493917,0.66005987,0.12095964,0.5452035,0.04728724,0.16031148,0.8886826,0.85873014,0.0013633596,0.0,0.4881774,0.3281543,0.00712111,0.0047516213,0.8759308,0.5574163,0.011107747,0.019003646,2.2055545,0.2611974,2.56571,0.56548,0.7114484,0.27062544,0.10944974,4.909243,0.40121683,0.75923157,0.45502004,0.087151274,0.5396423,0.81620735,0.90339065,2.882309,2.4170842,0.15714799,0.6647598,0.19699237,0.6595515,2.6917796,0.43992224,0.12006312,0.09673027,0.46738014,0.28080782,0.24528837,0.020466194,2.3307734,0.071668215,0.10403509,0.006129019,3.822442,0.82037866,0.030183403,0.22742723,0.0,0.23191448,1.0655103,0.39756367,1.0868711,0.27010345,0.055691805,0.9233992,3.493712,0.4752398,1.0770584,0.6993285,0.46338916,0.5381635,0.56122625,0.3822861,0.08448416,1.2398715,0.10752082,0.21748576,0.06978657,0.0,0.18185109,1.3834393,0.63822544,1.3778976,0.18883985,1.6481131,1.4427701,0.018598566,0.08580936,0.28373265,0.82740146,0.1298018,0.11557316,0.012206609,0.5601678,0.17104086,0.16851854,0.20879994,0.6558665,0.9494121,0.6132468,0.8209486,1.1336015,0.16715267,0.9632945,0.16171704,0.48249984,0.71996313,2.3750625,1.5391045,0.052435253,0.032063346,0.3838402,0.7409161,0.11236412,0.9590806,0.03691608,0.4578245,0.10033415,0.17528044,2.0798573,0.47533572,0.5807953,0.497993,3.8144147,0.41086844,0.39238334,0.0032978826,0.38472918,0.35127163,0.4443796,0.37746596,0.54977536,0.0127566075,1.4591283,0.31823802,0.76709855,0.0050710924,0.0068602315,0.2673167,0.031901203,0.40848807,0.2644399,0.57365245,0.5358556,0.107392184,0.09560834,0.783853,0.27350974,0.21910593,0.54782134,0.12130413,0.22811204,0.9061128,0.54789054,0.13733219,1.9789304,0.3878497,0.1431858,2.4333851,0.626797,0.7644834,0.18843806,1.0413024,0.66444474,0.1839192,0.43288764,0.32203978,0.36649197,0.12799402,0.0605471,0.20182578,0.2025602,0.8199412,2.0693965,0.74476457,0.20888087,0.32448998,0.5276372,1.4701366,0.26485023,0.15620491,0.010034517,1.7332525,0.6142004,0.05516113,3.1932328,0.007954995,0.08471327,0.2531005,1.3434002,0.24469575,3.2427557,0.121541925,1.3757695,0.8463735,0.03131053,0.02369865,0.7667539,0.41580302,0.39949724,1.684586,0.30531567,0.1093099,0.0,2.4560294,0.3883695,0.13234678,0.20687923,0.124551885,0.37153834,0.19319397,3.0094461,0.3671042,0.6691139,1.1019263,0.40510184,0.48289827,0.049503535,0.04127543,0.004267097,0.24040331,0.39416394,0.32425308,0.115096636,3.8797598,1.1988683,0.34228355,1.0706879,3.5846062,1.1989228,0.13309333,0.22772649,0.022264944,0.0089618955,0.18303306,all_pothole_images\pothole_images_new_image_70.jpg
1.4473704,1.0450647,0.058275353,2.9911025,1.4746572,0.004476118,0.22472039,0.964719,0.8138318,1.706337,0.18714958,0.524786,0.21010666,2.6356,0.32355112,0.12618382,0.35608977,0.43711486,2.187098,2.7370024,0.42260867,1.293222,0.9334966,1.2399566,0.35254496,0.5456299,1.2622204,1.2753545,0.7372366,0.57829344,1.0274055,0.9470926,2.3175988,0.6149228,0.3306173,2.189406,1.160691,0.30919608,0.76483494,1.5295588,0.5306451,0.07493734,1.3844405,2.191307,0.011213521,0.9286858,1.4387891,0.104876675,0.5149033,0.19807042,2.0376322,0.89481103,0.17228758,0.21531223,0.22030444,0.017520128,1.308639,0.12771676,1.7136135,0.76997274,1.3083944,0.63279706,0.56873024,0.53571445,1.983213,0.15593296,0.049049783,0.53754765,0.3790192,0.15992863,0.9151482,0.76343876,0.25763375,0.8598681,0.50092506,1.3734548,0.51196945,1.685815,3.8348114,0.62145704,0.41560176,1.1767148,0.006707605,0.07669738,1.3810132,0.46438712,1.57582,0.22512773,3.3379223,0.5143719,0.026590126,0.30919826,1.2451559,0.49192917,0.1832257,0.2625972,1.6311322,0.076715834,2.1430693,2.4617915,0.15750568,3.8731153,0.97503066,0.38421062,1.7368298,0.08131376,0.2450982,1.4897076,0.040940877,0.5001477,0.8392614,1.6489066,1.561819,0.6373033,3.4514954,0.3053453,1.9016845,0.97235745,0.873003,0.7372636,0.6578182,0.7391839,0.1973575,2.969559,0.8374335,0.021295033,1.1470629,0.6420004,1.215339,1.0418434,0.5186748,0.5872236,0.86909467,0.8980842,0.12636034,2.4631755,0.11812173,1.7144452,0.15889749,1.7076017,1.0924407,0.20346765,0.9592441,2.66507,0.18390538,1.1234064,1.3469582,2.9183187,1.2445247,0.0041217105,1.406532,0.69961715,1.0877901,1.1068991,1.2388717,0.38980955,1.7879884,0.17542404,0.4854218,0.697162,1.642721,2.4196646,0.050870158,2.527828,0.33232892,2.0545766,0.88995767,0.25732714,2.6625721,1.2583476,0.70020527,0.22860527,1.0134112,0.47150373,0.7280453,0.34546146,0.5992528,0.23213598,0.2324921,0.014777324,3.6144018,0.25349784,1.38768,1.1759944,1.4856256,0.35804412,0.44991806,0.7030187,1.1613119,0.37411186,0.8702045,0.7223577,0.3287847,4.8888807,0.46059126,0.7124731,0.47806492,0.5713581,1.1560384,0.47664547,0.3099582,2.365175,2.0397828,0.5767231,0.09726655,0.25865394,0.23227757,0.012164036,0.33118019,0.42589924,0.20712364,1.4588232,0.8526784,1.2672483,1.1944076,1.4433876,1.9751639,0.11428712,2.6768465,1.7187132,0.6731374,0.10762316,0.8044633,0.8168844,0.0029408268,0.25324044,1.6325375,0.30537713,0.8236263,0.29597598,0.72885317,1.1462371,2.020048,0.22925279,0.037737925,0.008931183,1.9077812,0.85521215,0.6338109,0.45351392,1.8330337,0.18992583,0.20138417,0.63845325,0.80271226,0.33091182,0.7000109,0.13202775,2.3833213,1.4977437,2.7981522,0.49280947,0.070326775,0.54320705,0.096148245,1.9489381,0.0,0.24147502,0.33623543,1.8386055,1.2022535,0.100475766,0.6984955,0.7202924,0.0566075,0.96522117,2.2252464,0.7439438,1.2068528,0.104710646,0.14461619,0.077698626,0.45011082,1.5598487,0.07206522,0.00036079454,3.0740337,1.9870692,0.036158513,2.1946046,0.3382077,1.2176902,1.1908472,1.3040268,0.5156492,0.9804904,1.0035964,0.12651311,2.791223,1.0414313,0.91747344,0.769871,0.77090913,0.46642664,0.040274356,0.26786104,0.7027319,0.08127561,0.23946919,2.230285,0.3685845,0.5403023,0.73308414,0.6182786,2.5766494,1.7425712,0.038928643,0.27403677,0.24467725,1.1904273,2.2732768,1.274944,1.5874202,1.774513,0.7301425,2.6508465,0.22497784,0.10817016,0.75643486,0.17594089,1.9371058,1.4330566,0.039700285,0.49393907,0.6759003,0.29414836,0.53472614,0.13430165,0.27036208,0.9985335,0.55115896,0.31740174,0.08464586,1.3808461,1.0668976,0.92633617,0.5755705,3.40661,0.4098541,0.6785907,1.7779357,1.2501074,0.22726989,1.0564332,2.4396172,0.019762162,1.6057363,0.115100294,0.5775959,0.49412096,1.528797,0.37992036,2.5465443,0.49592182,0.6261847,2.776537,0.8396951,1.6824993,1.8906158,1.2148254,1.2553303,1.6325973,0.96735054,2.0582423,0.021388356,0.072875686,2.136134,1.2927217,0.86783475,0.51401836,1.9027072,0.26557347,0.19893628,1.3882962,0.4303995,0.28299788,0.33675554,0.9715898,0.0089786565,2.6328301,2.1423485,1.7126554,1.2536166,0.76467484,1.6904768,1.044101,3.648163,0.74602276,0.64810145,2.0896478,0.7858326,1.4559124,0.26105502,0.5676554,0.48696214,0.18466821,2.8287895,0.016111817,0.65108424,0.0046122354,0.7416282,2.2032795,1.544439,2.758236,0.34171745,0.26412266,0.45709935,1.3614103,0.066569455,0.22469859,1.4064382,0.70620066,1.1250266,0.876157,0.0,1.1199583,2.4568968,0.835077,2.1626627,0.067656465,2.5593088,1.3050945,5.303748,2.4914417,2.263427,0.32705268,2.8001866,1.4355109,2.5257788,1.108303,0.39369482,1.3274909,1.9356602,2.1173158,2.3230915,3.4913545,0.3779886,0.8077817,1.1801722,1.11465,1.5486516,1.984076,0.8378892,0.14345363,0.011973505,0.058353685,1.8350924,0.017873537,2.2334878,2.4928002,2.711001,1.1985068,0.039811075,0.69584143,0.103194505,0.45448446,2.0309854,0.4786671,0.54962647,0.28686243,1.8410152,1.0572324,0.4121797,0.0051866136,0.6670981,1.1887231,0.10533391,0.0019188535,0.98190594,0.48104686,1.5075613,0.14181544,0.38048935,0.7341704,1.2488117,1.6952851,1.428165,1.1726232,0.008162834,0.5605119,2.246021,2.5316288,2.4324715,0.48610374,0.04110751,0.28492746,1.6861706,0.06673336,0.7379309,0.095913395,0.11295822,2.1928318,0.7491492,0.33119038,0.42195764,0.21502873,0.58833873,0.6434141,0.032449096,0.011596967,1.6323385,2.340272,0.49212635,0.59547555,1.193707,0.04350621,1.2901092,1.1715786,0.0011950339,1.3292074,0.8107486,0.5787617,all_pothole_images\pothole_images_new_image_700.jpg
0.22133,0.93932605,0.78720814,1.6111171,0.7021948,0.3316934,0.432712,0.5768746,0.38423803,0.7386669,0.27966818,0.448435,0.039556257,2.4868438,0.15994777,0.54650015,0.19654347,0.04476138,0.41004726,0.82550997,0.95086634,2.0265074,0.26315743,0.30761972,0.9116812,0.61518604,0.41349947,2.0634382,0.03601338,0.28723717,0.7838438,0.18682978,0.2442966,0.3151177,0.018928979,0.21787122,0.58625317,0.6358208,0.08240638,0.8690285,0.21771064,0.002861406,0.6572119,2.046907,0.56292176,1.0674926,0.054815657,0.24535957,0.31669316,0.21315485,0.76507187,1.0359447,0.8143682,0.7690491,0.34971556,1.0434474,2.0308442,0.08767147,0.4595693,0.3063884,0.45720544,1.2474202,0.46860775,0.033445552,0.34148833,2.155261,0.039741535,0.71501666,0.25455812,0.1965189,0.34361282,0.049603023,0.03520683,0.08802089,0.5464706,0.78557646,0.173464,0.8605884,0.00085157243,0.16655783,0.57140017,0.6182343,0.7110179,1.8161929,0.17493245,0.90068996,0.05900271,0.49040097,2.7692652,0.43193397,0.02017846,0.033265132,0.0024713497,0.540181,0.7406599,0.80962425,0.8515055,0.63365406,1.4085528,0.49810633,0.0,2.187943,0.21736178,0.206685,0.8592136,0.6406667,0.10565758,0.60127807,0.0032172725,0.4029507,0.0019401473,2.357073,0.2874773,0.14604095,0.3973768,0.10767896,0.9597309,0.22467169,0.6129582,0.73947734,2.8672643,0.46853554,0.020191178,0.97085404,0.94297373,0.5578556,1.0528469,0.3119138,0.677093,0.039846715,0.513144,0.10698147,0.2002375,0.35032055,0.27431157,0.5016472,0.66729236,0.45853657,0.28874263,0.23350494,0.034595918,0.6368045,1.0685592,0.45536554,0.5861105,0.17443894,0.74836665,0.489487,0.59078467,0.22189574,1.0280975,0.2861676,0.11425983,0.2650627,1.4817038,0.14700808,0.41915473,0.09832233,0.56560326,0.3353515,1.1609771,0.35485846,0.030366732,2.949588,0.2601097,1.1714783,1.4139068,0.37169087,0.74561155,0.060862597,0.0012259985,0.06210914,0.11118677,0.21169062,1.082099,0.12546586,0.42671382,0.5237773,0.037148446,0.3003847,0.12649958,3.4547775,2.7990472,1.2513783,0.8385231,1.2281749,0.05409874,1.1655408,0.2682133,0.83645755,0.6322853,0.2480633,0.3925909,1.0182407,0.3211641,0.14448147,0.53700036,1.1052912,0.19816795,0.51404804,0.7027745,0.40479445,0.49886668,0.30109492,0.28966713,0.10183447,0.30326086,0.38416937,0.57460946,0.120266825,0.024995098,0.26162648,0.5120382,1.3657421,0.21279529,1.443425,0.49768287,0.0057837665,1.4230329,0.89412093,1.3072649,0.19286583,0.0991936,1.1052696,0.6200237,0.47059077,1.4064966,0.039871033,0.24165519,0.5180978,0.5585468,0.37653625,0.27741435,0.08224687,0.3845607,0.013918372,1.3816143,0.10821958,0.13123603,0.07229571,0.6155646,0.49809435,0.20453748,1.1870798,0.055081964,0.011780719,0.10278061,0.18293859,0.48492494,2.7499993,2.1411626,0.39846498,0.3570305,0.25049272,0.41168207,0.33099458,0.28976095,0.2978578,0.39493322,0.8398026,0.29523757,0.63545257,0.94446594,0.0014295876,0.53905964,1.1517844,0.10158803,1.30012,1.3490885,0.16056588,0.33693752,0.05374039,0.5863854,0.22349776,0.37382597,0.3609127,0.06107663,0.25009844,0.117878,0.41055414,0.36081058,0.1571166,0.4114141,0.55470306,0.96518284,0.9578078,0.67764056,1.0204715,0.68775207,0.30878237,0.2544848,0.6443137,0.2902941,0.14258358,0.054391433,0.28431186,0.6292458,0.74090064,0.17323366,0.92181456,0.7498467,0.66731066,0.5861769,0.36590973,4.039702,0.03963363,0.15608081,0.14139082,0.28566867,0.74322957,0.68494785,0.73185563,3.0276055,1.3855863,0.1488459,0.8830842,0.042463895,1.2381507,0.6591142,0.74729806,0.064199544,0.6475474,0.26650944,0.74015766,0.6904935,0.43192413,0.5524567,0.024879312,1.0255309,0.14633818,1.3357979,0.3332616,0.56363726,0.63691866,0.40993896,0.5434582,0.80088836,1.069803,0.16850562,0.5141354,0.18349795,1.1329696,1.1534652,0.37126952,0.94928384,0.22035258,0.24584404,0.05280738,0.482427,0.55475503,0.5950509,0.45466003,2.428931,0.35080338,0.36084738,0.65239024,0.10680353,0.40899608,0.024536451,1.0889604,0.29205704,0.09208031,0.31485087,0.93367577,0.31002003,0.0,0.9810448,0.34271875,0.25372416,0.6150062,0.7856252,0.55051607,0.20413792,0.15612331,0.457643,0.19141476,0.01642093,0.2888343,0.010284999,0.55792695,0.3636727,0.17865686,0.41560522,0.8073937,1.9245125,0.7907708,1.085204,0.0,0.30722052,1.7856971,0.8451808,1.3227966,0.4458105,0.36047047,0.008063093,0.1834041,1.5886394,0.3088319,0.19638418,0.464141,1.987186,0.93626165,0.81307805,1.5105932,0.3734216,0.3184102,0.5743891,0.7355494,0.09509361,0.11941444,0.23719034,0.6984978,0.23303008,0.392995,0.0,0.064079426,0.34523958,0.3433225,0.098226935,0.4567412,1.5091755,0.5946465,1.4584943,2.181115,2.1170437,0.010972993,0.756367,0.18934621,0.9711783,0.87481767,0.791658,0.05135277,0.42084798,0.83713543,0.9727476,3.6336904,0.72820264,0.6805703,0.11783676,0.7177584,1.152513,0.29105204,0.13053025,0.0276258,0.22466521,0.038898684,1.3917165,0.6045958,0.16039342,0.38843855,0.2055088,0.42642134,1.1037914,0.47701713,0.58855724,0.80683476,0.3393549,0.2731883,0.06911103,1.218651,0.70735836,0.30742258,0.4903186,0.11563117,0.40249088,0.35506085,0.9734953,0.17286614,0.3683171,2.1596806,1.135198,0.22734861,0.046182096,0.185895,0.15308064,0.60024446,0.31257245,0.99233603,0.8306715,0.22474055,1.8599457,2.7471125,1.9705766,0.54733133,0.12905803,0.7559242,0.5693273,0.19970815,0.9598661,0.22588909,0.09751793,1.6880205,0.036572713,0.046809565,0.15267323,0.0,0.19618481,0.12068143,0.43547255,0.3402572,0.225563,2.691409,1.5063915,0.40001023,0.26231956,0.46083394,0.02424571,0.5303872,0.15013118,0.28152484,0.91504717,4.7489088e-05,all_pothole_images\pothole_images_new_image_701.jpg
0.28489244,1.6516913,0.41537833,0.6464035,0.25486952,0.40376452,0.08259672,0.20124899,0.38953897,0.57691485,0.42719573,0.0,0.41985348,1.0052541,0.5272888,0.31786817,0.0,1.1572703,0.105054036,1.6865829,0.0,0.70641917,1.4386724,0.9045927,0.7331706,0.015442119,0.7389503,1.2895914,1.0679036,1.3609742,0.66315186,1.0319941,0.15319721,0.35485956,0.14476638,0.5616049,0.59059453,0.54878294,0.69819975,0.04442104,0.23642212,0.9021905,0.86737823,1.5490435,0.20184126,0.09026973,0.17666692,0.30260625,0.23832548,0.0027405594,0.543403,2.2336872,0.5931354,0.68533,0.42042202,0.3056611,1.4763947,1.6468263,0.7327714,0.84631234,1.2800226,1.1360449,2.2383852,0.4153788,1.1495105,0.7118014,0.04604703,2.5428238,0.007592504,1.4592361,0.27292123,0.4202191,0.31780413,0.46595576,0.14836648,0.24916124,0.0323715,0.625415,0.22304817,1.037234,0.040159628,2.4415414,1.1503286,2.838274,0.6942854,1.5854334,1.0144851,0.28467247,0.86782557,0.3310892,0.05986492,1.692624,0.7310811,0.24184637,0.14615335,0.63122135,0.2615765,0.05670669,1.9163177,0.07197994,1.294132,0.81561136,0.3992515,0.31592527,2.079852,0.49757457,1.5312592,0.66263974,0.26873022,0.9781371,1.7686844,1.4140372,0.19923267,0.23476632,1.4940263,1.0037477,0.3363835,2.2907214,1.2673837,0.2656658,0.32540035,0.6297291,1.1906732,0.823277,2.4098647,0.4601381,1.279789,0.21697924,0.95342565,0.6663643,0.4791786,2.8478305,1.0539823,1.2179766,0.23891076,2.0269625,0.124994315,0.18852307,1.2496558,0.7025296,0.4995625,0.48828608,0.5633985,1.3359091,0.55107075,0.22361225,0.3627106,0.20475732,0.7449267,0.04750096,0.36134675,0.10848929,1.818151,1.0316447,0.42022973,0.12219184,0.15584192,0.6342838,0.31250724,0.077224456,0.39393225,0.49044767,0.7769333,6.7494164,2.7937431,0.019978162,3.6443675,1.6203221,0.17513561,0.5744246,0.8361528,0.36885038,0.8858056,0.60553837,1.3621485,0.44258803,0.34854025,1.1388196,0.28337732,0.33431906,1.3070084,0.4882144,0.96520525,0.49258175,1.4391989,0.025292963,1.560927,1.0111755,0.021710772,0.80571014,1.2389137,0.9366381,0.6729442,0.6975386,0.022192083,0.37936565,1.122843,1.1375653,0.036498874,0.09304435,0.17294508,0.8420452,0.31738943,0.36571014,0.32806963,0.3666333,1.7070234,0.22328842,0.45665932,1.0840406,0.34121913,0.3285618,0.71006316,0.13632685,0.5254852,0.23581874,0.49492562,1.4478511,0.17388111,0.92784864,1.7162786,0.24129257,0.4940196,0.34021378,0.559634,0.33152866,0.77930194,0.19225769,4.030597,0.040815096,1.9526331,0.36873442,0.85102063,0.0,0.46884513,0.045133114,0.8695085,0.9406526,0.19583823,0.8895086,0.58913004,0.6607018,0.86575294,0.20819119,0.3440034,0.22552969,1.2822273,0.5692012,1.5860013,1.1347947,1.3212618,0.16025648,0.020324357,0.06170731,1.020908,0.18165906,1.0533749,0.014876569,1.287439,0.026515571,0.42270473,0.72100115,0.39206317,1.1095043,0.52742314,0.1833324,1.322494,0.9545361,0.45459002,1.2490392,0.36284208,0.5263787,2.1385324,0.33974192,1.3003583,1.0468487,0.49635276,0.6925921,0.56048924,0.6150295,1.904191,1.1200951,0.93899536,1.3644829,1.5312176,0.124582395,0.1943099,0.6132915,0.37826476,0.47978905,0.016479917,0.48979282,0.49344864,0.30383253,1.3623964,0.09133302,1.4572779,0.8324135,0.27467275,0.2984839,1.5280752,0.057781417,0.4235338,0.080736585,4.5306277,0.045117296,0.24678622,0.7784489,1.4721493,0.9159536,0.42366654,0.62083185,0.8096824,0.6281956,0.6707255,0.6636351,0.6309866,0.02646908,3.3242784,0.6299731,0.5074722,1.6375567,0.28910688,0.30313048,0.7003876,0.48870054,1.3636614,0.474482,0.7251475,1.1618453,3.0368984,0.118570305,0.6576434,1.9029106,0.22838187,0.16268505,1.4275264,0.99525684,0.59879,0.2527313,0.5339396,1.3280871,0.019846553,1.9122056,0.5333978,0.28835487,1.1457096,0.56471276,0.10248869,0.55952096,0.7518196,0.10990318,0.38507214,0.059114695,0.7689092,0.2601944,0.6032765,0.88850075,0.0059061553,0.14578137,1.4607611,3.7030976,0.5562005,0.90788686,0.167739,0.1672774,0.7813822,0.10382787,1.2551587,1.6704272,0.21155606,0.24195904,0.5884656,2.2862408,0.86259806,2.2329316,0.6505378,1.1393065,0.0,0.317833,0.77003896,0.49144852,0.022698883,1.6244371,0.30537236,0.35533765,2.08149,1.397724,0.78725666,0.42364997,1.0126032,0.7930289,0.85197294,1.1551986,0.097186804,0.84412235,0.1539744,0.3560386,1.2881405,0.33729723,1.2761075,0.06941757,1.3300517,1.1428578,1.7691897,0.09615666,1.3413849,1.6011438,0.0004704832,0.9667031,1.1809083,0.7667799,0.64446884,0.04002868,1.2006902,0.3036071,0.06845817,1.8740593,0.7347342,0.33306298,0.03981616,0.035974145,2.5324097,1.7716925,1.8884828,1.516271,0.290353,0.3148971,0.5126656,0.24743897,1.4712119,1.4275606,0.6827277,0.6598058,0.0025258136,0.5394123,0.82437366,0.15977801,0.25060552,0.8520808,0.007862408,0.38582414,0.19329913,0.24058704,0.0,0.9872828,1.3847958,0.2511438,0.841025,0.09812441,2.5526676,1.2546586,0.059548974,0.26215437,1.0719733,1.7871047,0.68497175,0.33357364,0.028043987,0.0,1.9098432,0.38829002,0.1387088,0.280859,1.4365534,0.59633666,1.3880409,0.188251,0.33757323,0.66354376,1.188379,2.5211923,0.69718045,0.74570197,0.31035694,1.8564394,1.0104891,0.278906,0.6616157,0.22670959,0.5692918,0.30893752,1.143561,0.26745194,0.0031444342,1.994713,1.2397997,0.075931184,0.43460196,0.81653845,0.44803798,0.4194221,0.18121283,0.51300985,0.4277029,0.5748177,0.020027025,0.0022523876,0.12469222,0.41224495,1.4099569,0.8343064,0.07014095,1.8791825,0.9900349,2.3577273,0.35249498,1.9119172,0.19187593,0.0,0.783776,0.16433455,all_pothole_images\pothole_images_new_image_702.jpg
0.39617923,3.5720663,1.3491567,0.95975834,0.87807566,1.7901552,1.0517206,0.3944851,0.960592,0.46663985,1.4469223,0.27747586,0.17513393,0.30450547,2.030644,2.5609157,0.557974,0.15088424,0.46280468,1.1413876,0.1357255,1.0351367,1.9289632,2.565452,0.58415455,0.09546958,0.25350285,0.7686526,0.46184352,0.67999536,1.1201888,1.678275,0.21660216,1.0737472,2.5480175,0.29590034,0.11164377,1.1771301,1.5724368,0.9284722,0.26894227,0.6655485,0.37585247,0.41529408,2.6513283,0.5355286,0.06707422,0.5878046,0.9279671,0.1039461,0.2888823,0.7456223,1.3639467,3.007652,0.90790826,1.6967425,1.3719722,0.43409058,1.1933821,1.6136639,0.83229655,1.1965162,1.3164113,0.64184934,0.308901,0.6775302,1.2898705,0.76152915,3.1098926,1.290289,0.6904536,2.0946329,2.382381,0.12528008,2.03815,1.6488429,0.15013316,0.013108337,0.6506317,0.2814096,1.5854626,1.446332,0.7105592,0.6478628,1.8539205,0.6571439,1.26247,0.46408975,3.7278783,0.97000694,1.2086779,1.5442088,1.9508082,0.42688093,2.5870728,0.466954,1.0163385,1.9968249,0.05017043,0.680667,0.02102519,1.1008105,0.65574217,1.0997713,1.1307142,1.5148429,2.2485042,0.58830804,0.04717029,1.0941614,2.7560966,0.9280546,1.0479429,0.4932025,1.9761043,0.3573915,0.59467566,0.18345179,0.26901677,0.019902078,0.80584013,0.42370808,0.026556486,2.097844,1.8799464,2.2918239,0.27457228,1.2201345,0.5796718,0.7258129,1.3740242,0.01531805,1.4030935,0.3016822,0.22787528,0.23223889,0.90860885,0.05687355,1.1708858,0.16222379,0.31484237,0.107752495,0.63183385,1.6503974,1.284681,0.75721306,0.4422236,0.66084373,1.0399952,2.6446545,0.6762166,1.2418249,1.4371437,0.05222577,0.26028672,1.8898822,0.5831381,1.1086242,2.9969218,0.21541801,0.04180679,1.5022091,1.4709177,0.9309194,0.82718825,0.14204937,2.7569087,0.046477795,1.1434705,0.4212915,0.6913429,1.5589836,0.28896105,0.6875824,2.4954615,0.26593843,1.9358658,0.26700845,0.25578043,0.418551,0.11468904,0.29885647,0.93667305,1.0189916,1.127966,0.798404,1.4768049,0.9011331,0.7460626,0.20161478,1.0685555,0.43692085,1.056162,0.2575962,0.976395,0.052393552,0.20723486,0.61850363,0.008484941,2.1108968,0.41543686,0.5357479,0.2434796,0.10529574,0.10274646,1.3106687,1.2740698,0.15338527,1.1936903,0.26077098,0.41956717,0.47657216,0.50477016,1.4247935,1.1142559,0.5321799,0.105338484,0.1004131,1.3918298,0.103117436,0.049729414,0.93642074,0.5607898,0.08357669,0.3903291,0.7770103,1.9834235,0.16495638,0.22113243,0.84906876,0.029043406,1.348431,0.9510755,0.51368016,0.52446645,0.5676943,0.07099827,0.07794327,1.0427729,1.0327601,1.4448285,0.4370033,0.61128867,0.122518905,0.7033514,1.6494715,0.5443561,0.011602463,0.23164693,0.75757784,0.049004495,1.3326322,0.42037815,0.0,0.23423061,0.18250301,0.07755601,1.1945913,1.3658425,1.2590815,0.88168955,0.33485743,0.5699107,0.24766372,1.4449689,0.46381244,0.60257226,0.8085579,3.8788483,1.8986543,1.08548,0.04104802,0.65512073,1.4854281,0.6199575,3.9892802,1.9477062,0.32947546,1.8299507,0.37779883,0.11031834,0.58924276,0.59866077,1.4328161,1.8349321,0.0139301745,0.0058341646,2.8623793,0.78592277,0.8868491,0.4419297,3.1019094,0.6149878,0.78030986,0.8626719,1.879596,0.15472926,0.76662785,1.8584342,0.54418904,0.051983036,1.2131106,0.087802835,1.459573,2.7211409,1.6772944,0.11486073,0.22794005,1.295003,1.0447904,0.05066202,1.0639477,3.9388688,1.1785522,0.16205326,0.879649,1.6894516,0.38921323,0.88441265,0.26208165,0.4472801,2.2561433,0.47702917,0.41671163,1.8575455,0.68112916,0.10215945,0.75550777,0.5876613,3.4982479,3.5825615,0.43607274,0.6319262,0.21406195,0.08971152,0.18677361,1.4804678,0.08997017,1.082003,0.6292994,0.5206727,1.5868179,0.35598856,0.16421215,2.3684905,0.15885144,0.6454192,0.11392627,0.19871834,0.6455787,0.1462475,2.1958888,0.9113202,0.5049155,2.8598428,1.0571965,1.1080632,1.2210567,0.626986,0.009227342,2.1172788,0.38620046,0.13483116,0.58262914,0.26376235,0.98756903,0.04131682,0.39079297,0.8054945,0.009313646,0.58403987,0.42371675,0.103767775,0.88614094,0.47350442,1.2398542,1.1348655,0.87482375,0.2507348,0.09763784,0.2990987,0.9710008,1.3431214,0.26781902,1.127603,1.3183187,0.5216143,0.23244673,1.1925269,1.570032,0.1979056,0.91217405,0.092344634,0.011249924,1.687533,1.9158801,0.123360954,2.3298323,0.27009293,1.6163058,0.31695384,0.83474946,0.3188207,2.0020146,0.32319355,0.16365094,0.79886806,0.5443066,0.7673173,3.8800082,0.6306241,0.31795502,0.04173511,0.15755163,0.0035945007,0.3317832,1.0402353,0.27469513,0.34215558,0.92710555,0.015728744,1.3651359,1.1103303,0.49341372,0.43421912,0.3155433,1.3149949,1.3579704,0.9141691,0.812833,2.991741,0.112882555,0.8085391,0.57350695,0.630171,1.6013161,4.0321035,0.38538367,1.6161695,0.81521136,0.24814755,2.2968068,0.162301,0.7637795,0.06437182,0.2787312,2.0923991,0.5157006,1.4517647,1.3872637,1.4783559,0.45730615,3.7496736,0.34981883,0.32586035,0.12236624,1.367833,0.41328835,0.08768579,0.029822154,0.5190104,0.033752907,1.2143376,0.55084085,0.9094734,2.7307312,0.07090912,0.5719544,1.7040993,0.32203093,2.1439834,0.34510043,0.92954737,0.5600485,0.76812017,0.9901968,0.44915116,0.24017489,0.14200929,2.02108,0.2524523,0.7256071,0.78689104,1.5329393,0.39030865,0.6768952,1.5980587,1.0385525,0.61133856,0.946489,0.27250847,3.8291557,0.23226398,1.6340716,0.042524982,0.25576326,0.44593775,0.007352878,0.5562974,0.103367865,0.41785717,0.507223,0.10767178,1.290022,1.4241526,0.8202038,0.7274387,0.780595,0.95500106,0.105790265,0.88017553,0.8643535,all_pothole_images\pothole_images_new_image_703.jpg
2.530886,1.1032004,0.26770613,2.035267,0.64896995,0.15639247,0.07005704,0.0342527,0.71796834,0.59832674,0.24327402,0.83589536,0.18545972,0.9574326,0.5271245,0.17781222,0.30846238,0.14660421,1.1463773,0.25511602,1.7798032,0.70347124,0.29318455,0.95169795,2.6320539,0.97704077,0.20863354,3.8852766,0.12569194,0.007959647,0.7839687,0.0,0.18445797,0.71378213,0.78439593,0.8231041,0.07503086,2.0422993,0.3599917,0.21242307,0.01927745,0.03711747,0.83432955,1.2167618,0.55373824,0.6237681,0.010104729,0.30071098,0.51505655,0.32631135,0.0044926372,0.5144802,0.088492535,0.17841835,0.04742314,1.9879161,0.8856617,0.009853729,0.54267156,0.058644142,0.20278291,0.22571948,0.6518583,0.10807944,1.4318955,1.5132004,0.15280256,0.0,1.0047172,0.08886538,0.81302005,0.07160622,0.6083786,2.0023136,0.24134892,1.0566317,0.0005162767,0.590512,0.011275488,0.15595865,0.5258408,0.5123526,0.29475722,0.42811725,0.32919416,0.57258695,0.3337439,0.35258788,2.7582219,0.513247,0.39480707,0.07778355,0.08992061,0.7368698,0.17171729,0.07855838,0.9211388,0.65397745,0.77989566,0.80166256,0.074313566,2.5591545,0.29929706,1.1182643,0.13288637,0.2002275,1.3476071,0.95422065,0.031075545,0.503644,0.11046417,0.7338005,1.2818911,0.6528387,1.1962041,0.67418903,1.0113924,0.2281279,0.24315946,1.1200541,3.1734848,0.011563359,0.08163147,1.1118578,1.3305068,0.38219216,1.3142767,1.3876747,1.7584004,0.5700583,0.05703278,0.0,0.034683496,0.23624803,0.48949516,1.1486872,0.57771385,1.995636,0.73745733,0.0,0.17207757,0.72717017,0.08334222,0.58876926,0.42992696,0.85419995,0.33036855,0.12945552,0.23339945,0.32122782,1.243456,0.1791885,0.0085090455,0.41445184,1.1418033,1.2162081,0.4188983,0.01470503,1.0455855,1.8658352,1.3377025,2.3135033,0.018517843,2.508418,0.20681733,1.60217,1.4606137,0.18614185,1.4660813,1.8911161,0.453077,0.08260132,0.2533236,0.6157253,0.36278015,0.39458877,1.3380195,0.2507445,0.16772819,0.9938774,0.07014665,1.7616496,1.1987885,1.9230741,1.9633244,0.8807969,0.04658143,0.43637207,0.97160274,0.19726638,0.52476406,0.59710824,0.11463161,0.7927641,0.24997917,1.1922692,0.8175614,0.7382709,0.7106309,1.2374474,0.1924838,0.27938178,0.134556,0.6862507,1.6188653,0.4858481,1.1706169,0.31845963,0.8807941,0.5247287,0.032089278,0.035131775,0.1039883,0.0025761747,1.875171,1.7038915,0.50864816,0.16747311,0.03787654,0.11759615,0.85760456,0.23362713,0.9081337,0.068362266,0.0047179176,0.8327998,0.64844954,0.7086043,0.92096585,0.89167464,0.27943653,0.029541895,0.29312882,0.7042753,0.69524723,0.5739995,3.0692708,0.14394903,0.21817932,0.26389825,0.114000455,0.061502688,0.3784921,0.17379087,0.22583294,0.0,0.21305443,0.8585149,0.8654397,4.067942,0.22785537,0.06456355,0.43415603,0.71924263,0.22222522,0.0007299817,0.15937677,0.80033684,0.542907,2.9500422,1.4430262,0.26906255,0.43803528,0.002765888,0.38544047,0.2589227,0.8963997,0.5322623,0.24721967,0.25770465,0.51147956,0.0,0.12276307,0.1387047,0.024570128,0.5589479,0.1799611,0.3410755,0.45735994,1.335793,0.33569926,0.10765579,2.1651652,0.06732287,1.1409881,0.9068055,2.0808656,0.17911825,0.08712553,0.019873045,0.23194982,0.7195921,0.22369166,1.2796954,0.3060134,0.34633094,0.97918826,0.30785215,0.22508363,4.031227,1.0767,1.5790441,0.0010739765,0.35749912,2.7907846,0.62729895,0.15924095,0.25795698,0.2069727,0.21126013,1.0945134,0.9833528,2.553478,2.371645,0.060211785,0.5887375,0.23144317,1.1047132,1.4211035,0.08758286,0.8827326,0.40687886,1.1936021,0.07034621,1.1735789,0.79215634,0.12739564,0.059842736,0.5772379,0.3320595,2.076501,0.27717987,0.04582786,0.024531292,0.09292307,0.04424791,0.65613043,0.9643075,0.7321148,0.5872886,0.30560368,0.27880064,2.6917033,0.5180795,0.4406015,0.3112451,0.68299407,0.8333941,0.26829976,0.29476297,0.1818674,0.61834645,0.103314824,0.48034304,0.36637488,0.15543216,0.30314586,1.9703786,0.24540284,0.98033607,0.4433072,0.61130524,1.3638933,1.4264381,0.33502468,0.7610468,2.1074748,0.44430202,0.18365073,1.0424256,1.4472724,0.31736937,0.03143657,0.53716606,0.534579,0.23494712,0.30314362,0.3762913,0.11606736,0.47251981,1.229376,0.0,1.3130848,1.0776603,1.6811378,3.3601937,0.98124504,0.58198583,0.068086036,1.7215116,2.330073,0.6796773,0.11203899,0.07880346,0.47807413,0.30387577,2.8426788,0.11226034,0.16415186,0.06108324,2.6223724,0.4963793,0.4258379,0.46376917,1.289447,0.056731068,0.50000274,0.36895245,0.73588336,0.32150546,0.8164278,0.10475852,0.034027077,1.4166372,0.0,0.45365244,0.36106813,0.15387079,0.99408084,0.4676898,3.0071373,0.27310598,1.4504086,0.85252446,2.3342745,0.26691684,1.061496,0.09486847,0.97063,0.7965653,0.519113,0.2126914,1.1294262,2.0368164,0.59669614,2.8760905,0.5757573,2.146231,0.20267108,0.5436541,0.7234981,0.018325077,0.15480952,0.18060221,0.0,0.008525558,1.0152934,1.1012629,0.41906068,2.1092765,3.2896554,0.25512594,0.7246555,0.5255896,0.8926832,0.22426115,0.29518068,0.17527859,0.365101,0.4563642,1.3090774,0.3504112,1.0567613,0.12152206,0.75194764,0.6565984,0.9816013,0.13029566,0.69410866,0.27058372,0.36971182,0.46332237,0.03363587,0.47885084,1.5033473,0.058767367,1.3436224,1.4634247,0.8880774,0.0,0.8630119,3.2637627,0.27838928,1.0770905,0.2675854,0.16396293,0.06712985,0.047106646,0.3646384,0.09690808,0.8141014,0.9219992,0.0041135596,0.06694804,0.6044116,0.036781467,0.0731516,0.015068631,0.20191517,0.2683565,0.8985759,5.48065,0.4085418,0.45747787,0.8317442,0.9251469,0.7696548,0.68055624,0.08672289,0.15441132,1.6885042,0.42072603,all_pothole_images\pothole_images_new_image_704.jpg
0.011014553,1.1145324,0.09167527,2.7066662,0.7676539,0.06543531,1.0434712,0.06332238,0.14746882,0.7412173,1.1660423,0.86305326,0.19057262,1.9498156,0.0,0.570272,0.39952996,3.3192005,1.2077721,0.2827137,0.3435262,0.65475947,0.65695876,0.644614,0.19543396,0.6309634,0.14492705,0.49724624,0.04946626,0.12604046,0.078992546,0.26406795,0.022593819,0.21263365,0.3858877,1.2896085,1.1675552,0.6020104,1.2989223,0.04922436,0.049317855,0.7733308,0.20425123,0.85791075,0.8084601,0.12457428,0.40759614,0.18090287,0.600043,0.18644813,0.26246855,0.40845668,0.13468973,0.0004397334,0.2903568,1.706393,1.0722408,1.2132113,0.782355,0.3783907,0.83947843,0.7354063,0.3331519,0.37713423,0.8955987,2.9271781,1.3756752,0.9495426,2.4651735,1.18567,0.23521407,0.43321252,0.241878,0.001854371,0.23202346,0.01301551,0.95444006,0.016372358,0.019116847,0.058807604,0.01436689,0.6953894,1.5364751,0.52338916,0.62794924,0.0,0.39531136,0.025311645,0.72999805,0.6217813,0.09538206,1.9618899,0.5785446,0.48145562,0.14328359,0.008333905,1.1526865,1.5071187,0.20031872,0.31643322,0.36750504,1.9882386,1.1899598,0.43317828,1.9513216,1.1932065,0.33124146,0.0,0.26798722,0.98047054,0.45534852,0.16213189,0.22868204,1.1136569,0.6464921,0.15908693,0.0,0.5362529,2.1003726,0.1483835,0.09490852,0.07906091,0.26407635,0.30286995,1.5722281,0.7415179,0.008877132,0.13734047,1.3134513,0.28849944,0.70965946,0.34370944,0.729466,0.18632756,0.1768315,0.4878225,0.0,0.10867888,0.24457604,0.039535213,0.2774348,0.15509984,0.46603355,0.2002409,0.017923297,0.88282555,0.070435725,1.1691688,0.08456412,0.06937332,0.0067404904,1.0770906,0.35532823,0.521258,1.4011439,0.16632979,0.19317159,0.2332222,0.5413585,0.28204566,1.3531125,2.81938,0.11158201,0.52550715,1.883601,0.00590185,1.3437263,0.20695618,0.7620144,2.9225307,1.1402737,0.0039967117,0.0010662123,0.7794291,0.39287955,0.19938585,0.101778105,0.0,0.73729247,0.08912764,0.03966399,2.1523824,0.5813697,0.37116078,0.4420056,1.1359543,1.2984017,0.094729386,0.32576084,1.0196495,0.70531666,0.080151364,1.0678657,0.17445523,0.29512572,0.05828983,0.97962683,0.6513749,0.69863814,0.13651784,0.031527475,0.8854525,0.121757336,0.045409348,0.624839,0.07139129,0.23879574,0.06595333,0.52995884,1.277542,0.066713646,0.266326,1.0452197,0.1969075,0.9797944,0.44161877,1.0513433,0.101769075,0.19484158,0.63247234,1.8224615,1.4098352,0.5407105,0.49659744,0.0,0.0,1.2810742,0.011696572,1.168622,0.15230039,0.10469063,0.4818493,1.44843,0.17268905,0.0764676,0.022073502,1.2404602,0.46773115,0.25630233,0.05367603,0.27452916,0.30062845,0.26824984,0.3180018,0.18375245,0.04132658,0.97133106,0.54029405,0.74460506,6.0332403,1.5700257,0.052523214,0.2576824,0.036884952,0.040143806,1.95332,0.17019121,1.1324773,0.20935212,1.9899213,0.17901766,0.0067425733,0.25561076,0.6558073,0.29213026,0.23835067,2.3002617,0.19895382,3.0401187,0.048201215,0.5008354,0.18888,0.9014024,0.51225936,0.3033411,1.236253,0.022466015,0.6686195,0.62468606,0.28990752,1.0571842,0.12031676,0.6767204,0.0,0.056479786,0.09119152,0.18682241,0.0,0.5620594,0.8007697,0.24768049,0.32292965,0.09931343,1.103256,0.7340374,0.3353256,0.08088484,1.6170713,0.10007882,3.1093283,1.2253993,0.18875414,0.06262564,0.0035462135,4.8339734,0.0071998206,0.14474289,0.100997075,0.29643512,0.48977077,1.1968988,0.97122395,0.53253263,0.10990608,1.2211192,0.33505312,0.15875387,1.3897238,4.982145,0.3663479,0.5156706,0.008134509,0.13451913,0.17658234,0.57727593,0.18418512,0.020795641,0.0033625856,0.71944314,0.07629671,0.33393455,0.10391162,0.8782085,0.3621397,0.038045824,0.09740437,3.663005,0.6876404,0.34795,0.23362066,0.34174135,0.0,1.1350771,1.6124258,1.2247485,0.9739551,0.10107889,0.1426314,0.14818174,0.8800186,0.25025448,0.31852803,0.053647675,0.23046261,0.067882955,0.29708797,0.37423185,3.3519645,0.95363516,0.7637716,0.6986347,2.0884228,0.6607082,0.0,0.040073067,0.009212242,1.4606417,0.0,0.13856456,0.71483266,1.4162551,0.41266218,0.21647047,0.35096556,0.20598465,0.8274758,0.08753621,0.3674828,0.66082186,0.20816647,1.1890582,0.0007162102,0.85477537,0.81435597,0.1958126,0.030070957,0.3247746,0.019918498,0.09831792,0.46097568,0.23648511,0.11799973,0.24583657,0.430783,0.0039638467,0.0,0.8600894,0.16873445,0.9381407,0.24009104,0.7103282,1.9676099,0.77630067,0.49467614,1.5489854,0.29945287,0.29024634,0.948105,0.16896032,0.14150412,0.103353105,1.1728556,0.09688521,0.10332839,0.12916367,0.7060571,0.12942909,0.24417968,1.1415879,0.2925771,0.4531283,0.73929596,0.2162498,2.489455,0.8547442,0.12615895,0.3261572,0.0048938245,0.0594376,0.2763179,0.6274639,0.47387317,0.45878282,0.13771737,0.593564,0.66702706,0.329082,0.10288898,0.33209968,0.036597274,0.6755732,0.3361327,0.023460738,0.0,0.43491504,0.14943269,0.32758003,0.06528331,1.3199483,0.5734339,3.9278848,0.15403035,1.0621312,0.15220892,0.44241893,2.383678,0.028937487,0.03606811,0.0017252457,0.90416783,1.5244446,0.08409154,1.5136292,0.012633564,0.49834263,0.0,0.76909345,0.020943947,0.87051857,0.8831688,0.94617134,2.2086835,0.041041166,0.017671214,0.80796355,0.4171128,0.7266788,1.3711966,0.55397314,0.14292547,0.6461869,0.12915333,0.59894925,0.096556105,0.11272235,0.34616813,1.186953,0.18175608,1.4682477,0.087062925,2.8681326,1.4496346,0.25369403,0.12703423,0.0,0.056926016,0.12685728,0.06366716,0.5452134,0.20807928,0.8110812,2.3444772,0.06228875,0.021819277,0.18132025,1.1759703,1.2660108,0.76359355,0.28679356,0.9515933,0.09493041,0.49524415,all_pothole_images\pothole_images_new_image_705.jpg
1.2328264,2.07271,0.3992465,1.9331512,0.8745873,0.6189249,0.70184195,0.43392935,0.7786527,0.59206235,0.048128508,1.2272507,0.19483045,3.4402416,1.3908739,0.16898184,0.1432071,0.6201189,3.7554214,1.1046882,2.2296972,4.961364,0.06081821,0.9757534,0.6992679,1.5334419,3.579272,1.5645823,0.69443536,0.90942025,1.3337926,0.74340296,0.6598163,0.59186983,1.7915092,1.7602835,1.1085235,3.390262,0.33540538,1.6380886,0.58074844,0.5058591,1.0114933,4.025416,0.06972832,1.1980536,0.44025725,0.23675896,1.3109461,1.121267,0.48764992,1.5462797,0.15890397,0.60272086,0.8377274,0.45512855,3.7934551,0.054926276,0.35287553,0.5885257,1.1286513,1.6589748,0.42088208,0.21943012,0.239243,1.0931997,1.6248395,0.159804,1.6392571,1.2159474,0.703467,1.2374529,0.28553265,0.78064245,1.4031827,2.1027374,0.6990947,0.022511858,0.65778685,1.1142249,0.5144006,0.07400163,0.14077453,1.0373825,1.6654255,1.0311211,0.04097604,0.13852213,3.3364654,0.16515276,0.43245736,0.60305995,0.021473614,1.3600917,0.8764387,0.08422986,0.48643485,2.824484,0.86967885,0.72659594,0.4107744,0.6475912,0.7687477,0.8898072,0.28723723,0.85392267,0.09386807,0.24217519,0.372678,1.1836987,0.2565865,5.3021913,0.64735556,0.5371657,0.67259914,0.59679395,1.528025,0.15314202,2.6776674,1.060577,1.3758928,2.0691733,0.9494523,2.7176178,0.99896175,0.044278976,1.0171664,0.6439244,0.41233388,0.937543,1.2722653,0.5822704,1.4620059,0.5538622,0.8477509,0.11954241,0.04745848,1.3120979,0.630442,0.40401193,0.5581412,0.7089537,0.1666013,1.3926874,1.0111064,0.34948406,1.061245,0.0015620784,0.09621761,0.82776564,0.2508573,0.2499887,0.011044743,0.19964185,2.5552936,0.43256342,0.47283837,1.4640718,0.84299445,0.63621974,2.1259215,0.48714194,1.0615122,0.57934624,0.13273248,2.3976912,0.9341921,0.26990122,1.8535082,0.08675277,0.74246013,0.57937574,0.68505365,1.3412379,1.9117737,0.08888844,0.20985836,0.023886047,0.28582868,0.018404432,0.9987356,1.2713999,1.7213945,0.9325348,0.97493416,2.040107,0.7440183,0.16201006,0.44321626,1.6595892,0.91589713,0.9527904,0.11838595,2.8738852,0.17580682,1.4675888,0.2327212,0.9625204,1.3179972,0.70877784,0.5593152,1.5140325,0.5476429,1.7114661,1.2175853,0.5506394,0.9902027,0.7888915,0.18829156,0.26320615,0.50533724,0.2467968,1.4655879,2.2314525,0.9670098,0.66563386,0.55575055,0.87357,1.6478008,0.89012873,0.289997,0.121499695,1.9612275,0.42665786,1.6391354,0.6993754,1.3533524,0.15498348,0.3912082,0.66501755,0.5433333,1.3574442,0.86003494,0.6464639,0.45536256,0.13604851,0.15082099,1.0665138,0.0,0.07374898,0.017183766,0.44716433,0.49169517,0.590749,0.90886915,1.0643839,1.0462412,0.0214194,1.1218132,3.048207,2.4784017,1.2679654,1.4241136,0.23282705,1.2219589,0.25655076,2.1413648,0.7177597,0.92318225,1.1740638,0.52468973,0.0,1.9260371,0.92834306,0.3754358,1.2260752,0.055519473,0.6699899,0.24939667,0.43750605,0.6269462,0.71347713,0.15421629,0.27201363,0.2135538,0.29204866,0.6559588,0.037190013,0.64058363,0.28149223,0.0,0.36832738,0.116797484,0.15816091,1.907594,0.8489793,1.7077639,0.99064,0.08731471,0.04199116,0.4307722,1.0795211,1.2297891,0.094167374,1.3522584,0.5651462,2.4347484,1.131517,0.4493782,1.0761642,0.044325385,2.7150648,0.26662076,2.3124232,2.7010136,1.5024312,0.67951137,0.7102672,0.26484913,0.037610546,1.4804479,0.7286478,3.0419335,0.110589445,0.1960197,1.5623385,1.3462148,0.64937943,1.863562,0.38319352,0.26451856,1.2855104,0.4472695,0.6081385,0.37224552,1.1435357,0.624359,1.1588806,1.4938387,1.1129855,0.19800416,1.4845343,0.053036284,0.0,0.82372856,1.3085659,2.1044815,1.6981331,0.09540324,1.0316638,1.4611018,0.97371596,1.5140928,0.00059386966,0.18521176,0.21150184,0.1345645,0.70502704,0.118314624,1.2143326,1.0169003,0.6197287,2.4631605,0.9174532,1.259123,0.5095597,0.6734541,1.0500728,0.6797764,0.8410958,0.47986546,0.25524348,0.17878205,1.4988886,0.8032977,0.21286698,0.9509314,0.42495182,0.16800468,0.7369828,4.805359,1.1483915,0.81193835,0.33749497,0.5737058,0.3306811,0.39773333,0.7258458,0.11592418,2.1139677,0.9127975,0.11801689,1.0077165,2.7708862,3.1109145,2.8431613,1.4651175,0.56219894,1.9245652,1.9485043,3.644232,1.012504,0.011341951,0.52668655,0.4361541,1.2134262,1.9979248,0.69424343,1.8665909,0.13298145,4.065436,0.5781533,0.025268555,1.2417282,0.16721192,0.022543157,0.37222728,2.3590236,0.45816687,0.21102144,1.7339374,0.64368683,2.8839765,2.3801243,0.036761403,0.24529257,0.34976763,0.52952087,0.2955326,0.5989499,2.6627557,0.1841614,2.644448,1.426793,0.5833927,0.53330714,1.0055218,1.495137,1.0541496,1.0660675,0.087650746,1.194318,0.46170557,0.94550973,1.7182746,3.6671267,0.3389454,0.54497,0.5598257,0.15028732,0.45900488,0.2561634,0.18794486,0.5765358,1.141969,0.018381884,1.92576,0.044872127,2.437158,1.9683474,1.367122,2.4571395,0.35363734,2.50234,0.99401563,1.9047725,3.2540185,1.0285882,1.02412,0.3089642,0.7242883,0.52103484,1.2834973,0.2937449,0.4151416,1.0687237,0.34323788,0.055155296,0.24076341,0.83186775,1.536203,0.71326315,0.030940186,0.39358777,1.12337,0.6263359,0.54703754,1.5667151,0.3655218,0.044005487,1.3204292,3.8870676,1.0226535,1.1112998,0.0144918095,0.66390496,2.9106512,0.46183872,0.56757426,0.10459245,0.9089938,0.7381629,0.33515865,0.3981827,0.54469377,0.65209836,0.66990036,0.7449759,0.19293469,0.025450684,0.14128731,4.843112,0.7490639,0.82181066,0.90277255,0.18595648,0.20493789,0.514577,0.5496253,0.55526984,0.24942915,0.8348328,all_pothole_images\pothole_images_new_image_706.jpg
1.5702158,0.9524428,2.102983,1.2494725,0.29686192,3.1957316,1.1619244,1.6275548,0.13226417,1.7223258,0.59376156,0.880745,0.26684728,0.35201257,0.8223072,1.0337718,0.10235068,0.26799035,0.52089053,1.539314,0.73371136,1.3419129,1.9466411,2.7445204,0.08009371,0.27609575,0.060424972,0.14263198,0.89865524,0.5057702,0.33880576,0.09659041,0.94797397,0.89866793,0.3144169,0.809091,0.14379863,1.0441,0.74893063,1.892796,0.9926373,0.0973827,0.93970895,0.48591036,0.38539264,0.1459001,0.37353298,1.2389145,0.8063442,0.095539376,0.21449324,1.070487,2.1876268,0.3031483,0.82293403,0.5356199,3.61998,0.082052305,0.6850187,1.5311279,0.3385145,0.3314996,0.77700657,0.6346791,0.0,0.37320817,0.214035,1.6783788,0.78465,0.3708134,0.00027300508,0.4526047,1.6796572,0.13697208,0.5511751,1.7147114,0.4322656,1.8764203,0.16790666,1.4662012,0.14466876,1.1532987,2.1182945,0.82155514,0.18477453,0.7725876,0.33757338,0.1493789,1.8258598,0.65525925,0.714617,0.3554155,0.26668435,0.11303336,0.573288,0.32797903,2.8216789,2.0970216,1.2508621,0.5445548,0.0106316665,1.3312131,0.16879848,0.49636513,1.7042567,0.7447811,0.1650062,0.9572377,1.0165739,2.981614,0.7135111,2.8615346,1.3882697,0.7279877,0.0018352367,1.1276656,1.009122,0.61647373,0.37928724,2.4568658,1.3318499,0.5580093,0.80975956,1.352378,1.2449552,0.2384684,0.1853424,1.0050645,1.0575132,0.47714862,0.10179584,0.262795,0.2878152,0.6040749,0.110759065,0.65256774,0.24874286,0.7256974,0.46335563,0.7363766,1.574769,1.0179942,2.4129605,0.59079295,0.5130605,0.44989103,1.088451,1.9870206,0.29245013,1.3738823,0.2303833,0.15045156,0.70160496,0.5898661,2.2215283,0.82678884,0.37449035,0.7119421,0.36787903,0.59927726,1.049265,0.2229023,0.10664293,1.2171842,0.08201491,0.47468567,0.56496096,0.15001354,0.14162488,0.9843468,1.5584408,0.09692655,0.75040954,0.94864607,0.9137111,0.7756304,1.72752,0.057320584,0.3947083,0.94608563,1.020877,0.36081874,1.3444732,1.6462804,3.2930064,1.2795907,0.4720927,1.1720916,0.81262857,1.4519333,0.0028460214,0.30123433,0.22797835,2.7228537,1.8667833,0.4916906,0.57236737,1.0280635,0.34657586,2.4041514,0.47581866,2.68556,0.41987675,0.10070192,0.24606495,0.9364724,1.5102509,0.7737793,0.15344247,0.758004,0.38453877,1.6293992,2.146764,2.1630664,0.5948822,1.357723,0.53195953,0.20526206,0.2574774,0.70044273,0.23842227,0.24271224,0.3107334,1.2197288,0.40662417,0.47862843,3.3921545,0.59889954,0.33600733,0.9116797,0.5901024,0.059258386,0.28334564,1.0028617,1.2248496,0.5469749,1.103763,0.01858383,0.271289,0.11847021,0.6517701,1.0915309,1.7925967,0.31765732,0.005989369,0.13574116,1.225551,0.45611292,1.5534762,0.9344292,1.163867,0.077003516,0.648581,1.4142205,0.72507817,0.25065875,0.6021392,0.43537357,2.476944,0.69990134,0.005036452,0.30291867,0.3630318,0.042012215,0.34967065,1.3365358,0.2588271,0.44924077,0.5654043,1.0231445,0.72266215,0.10008669,0.36772004,2.023714,1.3245633,1.3457451,1.4619343,0.91603607,1.4464021,0.97842366,0.09049468,0.07495973,0.6570661,0.27104837,0.6519353,0.13251796,0.049373712,0.8300714,0.51968193,0.61415213,1.3773464,0.7549482,0.8127952,0.8971744,0.6558332,1.7825495,0.11716011,0.19223252,1.9929913,0.43980896,0.15259331,0.9159831,0.23420952,1.1009022,0.30281815,0.67638665,0.31928027,0.78530604,1.1823729,0.30956897,0.67180324,1.1368173,0.61689675,0.6215546,0.095676176,0.04204127,0.41761792,0.68493533,0.5670563,1.626979,0.25252774,0.78933686,0.9515234,0.46677437,0.9994516,0.9145867,0.24232689,0.29215863,0.4948774,1.7281506,2.6122527,0.41428095,1.017952,1.1627972,0.5053517,0.33232015,0.66694206,1.4600214,1.157934,0.27926344,1.1622698,0.8415148,1.0042305,0.6122216,2.3601491,0.7730062,0.071573004,0.21128695,0.86780626,0.6505137,0.28636906,1.2698485,0.9303959,1.1729025,0.8982214,1.5577451,0.30097643,0.14085832,0.34226635,0.6000306,0.38128692,0.06462205,1.9328718,0.627745,1.2572036,1.4990271,1.0530428,0.09885016,0.35401428,0.25037447,3.0528078,2.2116556,0.6897222,0.2734233,2.437906,0.12988761,1.8461004,0.90316063,1.0085131,0.6632805,1.1142198,0.3663511,0.7972407,1.7886673,2.438422,1.0149537,0.023976441,0.01607757,0.111054994,1.3431367,1.1360102,4.1521187,1.180284,0.09038627,0.3296023,0.46160468,0.4097135,0.38401106,0.60310996,0.050325744,0.45329908,2.3990588,1.3001943,0.3919115,0.09737597,1.3040093,0.3235754,0.07204998,0.38631082,0.5463126,0.2818749,0.44275874,0.5899745,0.51803803,0.9950072,1.0337934,1.5106516,0.08815463,2.212923,0.23690301,0.11126379,1.4720685,0.59921503,1.1073639,1.7616366,0.815676,3.456981,0.80695915,2.314486,0.51954544,0.7298344,0.48287064,0.7673505,0.6289145,1.0274869,5.5770493,2.1098216,0.48660332,0.89188725,0.5070374,0.64022434,0.0754164,0.038991094,0.3154076,0.29652965,0.078351,1.7015736,0.8083921,0.44134063,2.3835402,0.9656003,1.5138165,0.12238774,0.29148844,0.42888287,2.6615517,0.77212656,1.5734031,0.9227214,3.1633027,0.5337083,1.2806886,0.6872282,0.60785055,0.641075,2.636471,0.2607886,0.8161638,0.234282,3.9853265,1.2009418,0.31923476,0.59200054,0.024589151,1.3871186,0.79375076,0.13511552,0.7510108,0.2961952,1.2804184,4.7075377,3.6523511,0.34525657,0.17459452,0.019842116,1.0307449,1.599174,2.5427647,1.0884416,0.36335883,0.60028327,1.9227701,0.49588016,0.3019367,1.5441619,0.1288771,0.3534455,1.0189178,0.82058513,1.5487615,0.5806869,2.068701,1.3758265,0.38213468,1.4161775,0.3581457,1.5127387,1.9479574,0.7365061,1.0691153,3.3189883,0.31612432,all_pothole_images\pothole_images_new_image_707.jpg
2.058004,1.1682782,0.123739675,2.520666,0.22670181,1.1516588,0.31960517,0.9194328,0.62678945,0.12249217,0.148141,0.4482076,0.27319026,0.2906593,0.74023896,0.16350676,0.09379241,0.117910385,0.4447209,0.26772347,0.82759297,2.2450504,0.5404931,1.352034,0.7618433,0.4074578,0.024228934,0.856348,0.0016901428,0.6755044,1.4889493,0.3234024,0.9588254,0.83515614,0.3576627,0.09749965,0.7459975,0.06827342,0.31681865,0.34184816,0.081425644,1.1516242,0.27999547,0.016332313,0.7342014,0.08315637,0.5940311,0.17700426,0.5908808,0.34720725,0.009498065,0.9305419,1.2349696,0.20651914,1.2662755,1.7833202,2.2934983,0.36722377,0.12636028,1.2558414,0.28651947,0.34128258,1.5987498,0.7209331,0.621309,1.5264316,0.34100354,0.34928957,0.6284872,0.9000367,1.0276465,0.380733,1.1474639,0.24670331,1.3653269,1.0845855,0.20508988,0.77886665,0.58059955,0.40307063,0.31699345,0.08357909,0.31021902,1.175449,0.3931201,0.13846684,0.3239121,0.393919,3.0454874,0.06904095,0.8864401,0.3566518,0.75519615,0.10314873,0.16561025,0.012783782,2.367651,0.22947153,0.70755947,0.6286323,0.29446894,1.5527804,0.16256459,0.25800762,2.7865763,0.3967742,0.02723743,0.4432526,1.0085706,0.67397344,0.09757606,1.1903663,2.3023126,0.45068645,0.0237922,1.6967577,2.2293043,0.5334332,0.73842144,0.4096449,1.8650212,0.7247934,0.75192946,0.28110638,0.27237785,0.48324165,0.2575938,0.8344641,0.7634072,0.0804626,0.6942774,0.37039223,0.0859873,0.09348073,0.9423804,0.6229525,0.299694,0.7900493,0.3124874,0.1647268,2.333616,1.0651802,0.111546814,0.7168893,0.4173938,0.8207396,0.2687916,0.9815046,0.93185174,1.5891348,0.21826006,0.32687914,1.7086215,1.1702452,1.0858511,0.36133525,0.9699847,0.95834756,1.1887574,0.7524371,2.919511,0.35651046,0.65201104,0.0044760453,2.0914345,0.26026934,0.13814451,0.5779134,2.1080291,0.7264155,0.21680018,0.1391357,0.10072509,0.05195692,0.75139374,0.28814754,0.5318983,0.031656723,0.7768375,0.88063973,0.37816116,1.2040293,0.92822,0.41119602,4.658127,0.9812002,0.8333708,0.78708816,0.36082,0.89659804,0.099902965,0.21665677,0.8158854,4.315943,0.16955729,0.26913175,0.5375133,0.8103498,0.84922165,2.569384,0.5191055,1.348336,1.3509543,0.857666,1.2939074,1.2166036,0.983369,0.8567902,0.21176863,2.9730437,0.30799678,0.23978421,0.69380546,2.8521154,0.41650605,1.9134091,0.4927227,0.51872355,0.26429102,0.1247592,0.39916214,1.0426729,1.5143987,0.6991824,0.097428635,0.52768636,1.9196571,0.62466276,0.82672226,0.062424287,1.2154245,2.135874,0.87265295,0.31456274,1.472544,1.7529671,1.1664523,0.31248307,0.8881121,0.17901625,0.45903268,0.53484124,0.5395668,0.4882955,0.0,0.03855748,1.9167036,0.26417986,0.47983214,1.1151475,1.3623444,0.7782858,1.927773,0.7542529,0.68013185,0.4307167,0.54784995,1.4352027,1.0123647,0.84866977,0.24611963,1.18745,0.85143644,1.2713841,0.50074714,2.5029447,0.05926737,0.08428881,1.8011917,1.2919278,0.13540232,1.0141512,0.43401504,1.6167471,1.1748253,0.83867675,5.276917,1.5767293,0.32644767,1.0894152,0.21908642,0.20757982,0.19587007,0.37531123,0.18148963,1.0309254,0.31582758,0.54600126,0.3689227,0.31100217,0.814508,0.25931472,0.63597697,2.3247583,0.66548514,0.5090732,1.0242884,0.6414901,0.36034253,0.4051832,0.15416713,0.030582866,0.16970307,0.19244929,0.06394335,0.23568434,0.7324318,2.1063318,0.074215114,0.43701914,0.95231706,3.1369905,0.6459476,0.3984424,0.5910988,0.33267495,0.13031691,2.0221708,1.3378186,0.33966827,0.50811005,0.4172575,0.024770701,0.42293805,0.4297849,0.80906427,0.52593815,0.11812998,0.021543356,1.1262481,3.739543,0.22920837,0.35781497,0.70772284,0.45419985,0.30333972,1.4689592,0.75433236,1.1346872,0.045277547,0.605526,1.4512693,2.4368813,0.0059035043,1.4596919,0.11733055,1.4433413,0.32910958,0.17101552,0.08623292,1.000326,0.9085421,0.42872262,0.8242139,0.3483456,0.1160302,1.5739568,1.2407557,1.5665916,0.9416434,0.420099,0.70146674,1.9090457,0.9767593,0.016480556,0.087536216,2.2234159,0.18169498,0.43889624,0.0051184185,3.9347103,1.6552091,0.122807,0.14359002,1.1592592,1.1055244,0.9640221,1.8146801,0.67845356,0.2963667,0.8147469,0.07335206,0.64104694,1.974069,5.4683213,1.0495404,0.8830241,0.25125062,0.7401357,1.9455745,0.4611684,2.0093112,0.616694,0.1729597,0.6908608,0.7763812,0.7898013,1.2894746,1.2289828,0.6231313,2.3847551,1.8466986,1.3629472,0.5749209,0.05140327,0.4154128,0.7016754,0.4950379,0.35859314,0.67712945,0.31929713,1.6836563,0.79622734,0.423584,0.21670471,1.7661983,3.3040044,0.11055368,2.0201304,0.17044623,0.039703276,0.08998639,0.015210094,0.19202971,0.50763476,0.13784847,1.7365371,1.0236207,1.3685166,0.26341107,0.010051363,2.0541692,0.2528787,0.030052798,0.94088954,4.8825145,0.46444094,0.34484497,0.37957373,0.44040164,1.1050844,1.0068381,0.54747283,0.54130256,1.5044446,0.4877752,0.94813424,1.0254303,0.1284355,1.8643781,0.7906899,0.15579258,1.4748937,1.0009896,1.1900767,1.1002909,0.49274337,0.08881166,0.016010668,1.8099524,2.9225702,2.2279263,2.307758,0.5986058,2.2516363,0.16718441,1.0443854,0.05128284,0.46627122,1.830831,2.8647287,0.23682804,0.2732598,0.30418158,2.6631277,0.5050609,0.34383193,0.30677244,1.1464629,0.294371,1.1185645,3.57547,0.9381558,0.27691916,0.04261912,1.1812977,1.4907209,0.21132958,2.6941135,0.008303424,0.4854964,0.7965256,0.11833236,0.10680708,1.7317053,1.0206788,0.39129522,0.5063204,0.3727785,0.5842467,0.00884335,3.8098617,1.3423507,0.17649429,0.9401178,1.299533,0.24148765,1.4374428,0.38828468,1.4363445,1.1364921,0.13989599,all_pothole_images\pothole_images_new_image_708.jpg
1.0864701,0.6591597,0.19581617,3.8875725,0.69961345,1.3382115,0.7982784,0.0530115,0.40491048,0.604836,0.6552488,0.9760692,0.012356766,1.1647273,0.6285377,0.005616052,0.30559966,0.5991682,1.3392564,0.21484993,0.694126,1.0416031,0.6105532,1.1404111,1.0288017,0.37257665,0.33839116,2.121792,0.8490496,0.37336734,1.4843017,0.21752441,1.4324149,1.9337435,0.25350022,1.8320161,0.47882313,1.6153094,0.413138,0.96949035,0.26229635,0.011451317,0.54337794,0.6429901,1.0619127,0.11449564,0.5088505,0.10234919,0.14757752,1.6208568,0.5177373,1.1644607,0.22156653,0.06751773,0.23984373,1.5662854,1.5336105,0.79247797,0.46228057,0.20624341,1.0312656,0.44817576,0.0051079034,0.55232227,1.1924378,1.8950431,1.0133024,0.07603372,0.9009974,0.21682341,1.570494,0.44182518,0.76333654,0.16363527,1.7065607,0.8813544,0.10216116,2.0618749,1.1920757,0.12437873,0.8281396,0.48900604,0.013589929,0.46705273,1.553805,0.20819566,0.53226274,0.08221289,2.3905663,1.4298828,0.457374,0.1923629,0.397183,0.45868334,0.5681646,0.047098067,1.8664227,0.32619438,1.2558292,1.5205933,0.1314377,4.279226,0.3781817,2.4488404,2.199891,0.054270346,0.22400285,1.2989713,0.96365494,0.13504928,0.19948064,0.8930892,0.40978947,0.87149,1.1390027,0.20428784,1.6787717,0.34799615,1.0767082,1.1841439,1.6208365,0.40125275,0.07237816,1.702347,0.144003,0.12993516,0.9690006,2.5016277,3.0153346,0.8099521,0.9908881,0.0077378373,0.3219266,0.38424397,0.046331853,3.3755476,0.116394885,3.2615786,0.50449073,0.8960777,0.015164759,1.5704107,0.036344107,0.993013,0.8113523,1.5777828,0.7366199,2.0140116,0.692318,0.17236537,0.76864785,0.65682906,0.3660472,0.8413335,0.44422334,0.67232996,0.51683855,0.022868613,0.4040914,1.7517325,3.2222981,3.083356,0.2532899,1.8478527,0.56333005,0.87982625,0.3681633,0.3654225,2.2035282,0.48991984,1.6247823,0.2708934,0.15554687,0.0031742854,0.26256713,0.29836443,0.39332446,0.07926171,0.53927505,0.12970491,0.45736897,2.6819382,0.31806034,2.54908,2.1845124,0.6467431,0.10874803,0.98403805,0.62451816,1.2069358,0.0010465656,0.69441056,0.1357416,3.7585492,0.33602345,0.5750803,1.5080802,1.5060557,0.8896795,0.1616663,0.40238792,1.7756375,1.1394035,1.5545199,0.36486527,0.37893957,1.6462439,0.68087274,0.66872156,0.2602201,0.27834606,0.06862234,0.75041837,0.5270221,2.2460678,2.3071392,2.1564922,0.074586906,1.1730752,2.0587249,0.22963092,0.7582749,1.1705219,0.4053623,0.3520377,0.33040383,1.8335971,0.226882,0.62358487,0.11579515,0.6186823,0.7444621,0.7185189,0.23934767,0.44784218,0.119295634,4.914189,0.1811446,0.38047895,0.26005107,1.2388288,0.08122182,0.74184555,0.55066204,0.14109951,0.08653495,0.51464987,0.68855566,2.7809806,2.7916975,2.3281984,0.17479089,0.47966042,0.6035885,0.0071340255,0.646442,1.0893021,0.05965009,0.30804813,3.425892,0.6875138,0.12905261,1.3726277,0.2720668,1.5232407,0.24625991,1.2505172,1.1463653,0.34225234,0.9342349,0.117312975,0.096708104,0.20660922,0.780298,2.361314,0.19323009,2.8742971,0.5315506,1.3456564,1.096276,0.53796303,0.07162615,1.0089763,1.4789306,0.80889213,1.3531789,0.80080974,0.87498814,1.5737628,0.59109545,0.44897097,1.0860254,0.18290247,1.5666755,0.15828758,0.49652958,0.43650162,0.54799485,0.44018483,0.6688948,0.23264569,1.0549729,0.5304326,0.21014181,1.7589478,0.59529567,0.91591495,0.5893108,0.14544314,0.48400247,1.4879835,2.3784819,0.6980886,2.1349936,0.41368687,0.28174558,0.113967195,1.3319082,1.0152496,0.39355814,3.3194182,0.6001905,0.4939401,0.28304338,0.7168852,0.85006076,0.7773112,0.31962815,0.6086497,0.74354553,2.069397,0.79701614,1.342831,0.28942916,0.059741806,0.71245825,0.91360843,2.2137768,1.0313827,1.234141,0.8023697,0.30826464,0.42878422,0.78957343,1.9588909,0.06871854,1.6427014,0.5524573,0.6183591,0.5939157,0.5388424,1.5913631,2.0209217,1.3203666,0.59893185,1.1438527,0.49660218,1.8435878,2.2152135,1.2783028,0.49903977,0.87077874,1.6127197,0.84052545,0.012945743,0.20080557,2.5441344,0.90920895,0.7344739,1.6075847,2.7742746,0.59430474,0.2565387,0.4891049,0.29382998,0.33656353,0.29584685,0.103850365,0.71399254,2.5404048,0.74232686,0.35661405,0.75999576,0.49056676,1.2358556,3.74926,0.5648397,0.004788842,0.26711234,3.0984774,2.1958516,1.4595889,0.0,0.065138005,0.78207856,0.17499697,4.255394,0.032877855,0.53179234,0.13338786,2.147121,0.3581182,1.4155849,0.26484883,0.73428416,0.75895804,0.8037544,0.18602742,0.19185328,0.0033526635,0.94420886,1.3572545,1.0540808,0.58887583,0.060248654,0.5823815,2.6947,1.0627319,2.0755625,0.2635427,3.069339,0.951525,3.3128572,3.8142276,2.3993309,0.12809952,3.991263,1.0703928,1.4318583,1.9240968,0.16981095,0.546379,0.28936478,0.29460645,0.85856754,3.2192569,0.9436358,0.9400898,0.85287476,0.5929303,0.03871091,0.75152874,0.4576691,0.1702317,0.15461774,0.0,0.6672343,0.5213933,2.4441462,1.4706072,2.4913855,0.19430177,0.12220437,2.25054,1.6652596,0.75808483,0.4406095,1.3826936,0.9348775,1.3916261,2.0772889,1.3743165,0.3326363,0.68630296,0.5928619,0.24853195,0.26915345,0.31260842,0.60780054,2.2404637,1.7740697,0.04625699,0.8395846,1.6896851,1.081799,0.13078193,0.6729843,3.2408278,0.9705722,0.8382188,1.085558,3.6944423,1.6111709,0.62494475,0.0,0.32424873,2.0072637,0.31772387,2.577452,0.30350912,0.62161994,2.276111,0.10296732,0.21553232,0.9587686,0.77480423,0.3451307,0.19992726,0.818969,0.4208358,0.36374745,4.8572273,1.2914058,0.31147167,1.9294907,0.6980561,1.5313642,0.19726373,0.23879085,1.759627,0.9563195,1.5924667,all_pothole_images\pothole_images_new_image_709.jpg
1.1282699,3.6494899,1.3530543,2.206315,0.34222856,1.8997055,1.3998723,2.0974958,0.14896384,1.0061662,1.4188157,1.4341441,0.17021035,0.11687069,0.2296772,2.108776,0.23260035,0.73566246,3.124358,0.042545434,0.3471848,3.9409943,1.3798127,1.9333326,0.23704219,0.45137215,0.16815338,2.4367056,1.7541488,0.67255133,0.43793425,0.021739166,1.229867,0.08602691,0.43400654,1.4078021,1.9567754,0.8930372,1.5535301,1.2916527,0.9147211,1.9051222,1.3091639,0.29709464,0.69383085,1.5086771,1.1532142,0.25061172,0.24961653,0.500828,0.8317884,0.5909602,0.041925877,0.1870453,1.4747607,2.5966015,0.35382375,0.23309879,2.6447728,1.240385,2.8743267,1.4726847,1.7118882,0.22593144,0.9096472,0.68552005,1.23278,1.5905762,1.7270966,3.4588597,0.29557073,0.8335772,0.56148815,0.28547564,0.6398848,0.97833407,0.7857343,1.0047433,0.033183564,0.6603874,0.82324487,0.60020256,0.7910717,2.5973897,1.1629133,0.53732246,0.07888637,0.8717037,2.8848186,2.0533388,0.07261966,2.9133272,0.20995465,0.36878973,0.43552947,0.70853376,0.7806574,2.1264129,0.8183493,1.275614,0.07965423,1.2344482,0.7569108,2.4624004,1.324653,0.20679404,0.29873466,1.0622585,1.1690432,0.9721516,0.9396313,2.565067,0.7518407,0.12971264,0.23250595,1.128028,0.4888822,0.2774779,0.112481795,1.0702764,0.2729082,0.9451671,0.12607284,2.9671447,0.9071315,1.3619903,1.2597903,0.59347385,1.1647617,1.8775223,1.2185708,0.700519,0.303272,2.5503542,0.6953995,1.7193003,0.47242752,1.5638597,0.2362481,0.82462806,1.9637209,0.7482527,1.1408128,0.28352794,0.58964473,0.5281168,0.059370797,0.3041234,1.4422657,1.9212923,1.6807587,0.17073472,1.0223418,0.8323861,0.80631864,0.5332003,0.46341085,0.27379203,0.24139151,1.1475198,0.4501056,1.0541272,0.76234233,0.9392672,5.420234,1.7581218,2.8076844,1.5694277,0.854821,0.31906018,1.2987322,0.2891205,1.2656461,2.52554,1.4629812,0.16507505,0.24889146,0.7778054,1.2007086,0.98077637,1.527466,2.3477294,1.2440847,0.56830496,4.0184984,0.09715313,2.058875,3.5577743,1.0295323,2.8622608,0.36906767,0.5762027,1.6593595,2.5736403,1.0265316,0.015840251,0.78609115,1.61019,0.8687943,1.2900339,0.3096238,2.1021547,0.67184526,0.18410294,0.6074397,0.86562866,1.4816065,0.20342511,0.4424211,0.2573286,0.025798293,0.5439349,1.2561748,0.74438286,1.8504872,1.4969631,0.112975895,1.451546,0.29109,0.9561423,1.623361,0.2613278,0.24362707,0.9163288,0.10522783,1.8101059,0.21062897,0.9290787,0.90504813,0.7004516,2.0120895,2.1647475,0.334346,0.42544216,1.795624,0.1897651,0.2164022,0.35561377,0.54964393,0.11136187,0.8498099,0.89768726,1.9052393,0.1540427,0.43141913,1.0966039,0.61516446,0.10158142,1.9709435,3.2263973,0.7724734,0.0007638671,1.0793407,0.29984593,0.20086645,0.59502625,2.1836424,1.0501963,1.8560214,1.52189,0.6714888,0.06472337,1.7004542,0.7775178,0.6912659,1.5302899,1.5518839,0.30548674,0.5914521,0.36184922,1.0800676,2.4189606,0.18931185,0.24567181,1.2872375,0.60844886,0.17522532,0.73943996,0.52064466,1.099263,0.9356208,0.75660306,0.09830294,1.5399711,1.5391201,1.1630228,1.196443,0.2820488,2.4735355,0.022618622,1.247259,0.40692836,1.6323229,0.84413767,0.9432068,0.20757367,1.2193254,0.64503545,0.5420026,0.79919875,0.029132871,1.9065747,1.5695059,0.63613707,0.2639398,0.66233194,0.026158867,0.65549237,0.43577513,0.84789884,1.4979305,0.754855,2.4320881,0.6422208,1.5915682,0.9163209,0.30792356,2.5424976,1.8928077,0.2303614,0.65804774,1.4873943,0.18845841,0.43085206,1.8580736,3.0380654,0.11984906,0.005428368,0.15847822,0.39089993,3.410738,0.9905778,0.46436086,0.07939084,0.4855665,0.07667114,1.1956437,1.124901,0.17174469,1.2348775,0.47892636,0.7285192,0.6730382,0.2145578,0.17917615,1.1220188,1.4529247,0.11011386,0.08326918,1.0857623,3.1744204,0.9113956,1.1500536,2.0863314,0.943212,0.0254301,1.0286489,1.7648457,0.42862996,0.18470585,1.6862272,1.1469758,2.1065545,1.334904,0.553932,0.52900124,2.057305,0.8323609,0.9578486,1.2812848,1.0614153,1.7223991,1.7161663,1.5787269,1.7616259,1.9773067,0.11763148,3.096518,0.22520135,0.39966506,0.34813955,2.138719,2.3961618,1.0726178,2.359831,0.20170702,2.179174,0.4156758,0.8229447,2.117241,2.3206666,0.36519125,0.3054297,0.64828223,0.42120165,0.73723423,1.4390672,1.187233,1.3074819,0.4032308,1.1786759,1.1261433,0.9380468,0.59617794,1.8223798,0.081264846,0.493141,0.98438925,0.109286755,0.9147171,2.890901,1.4178675,0.2932733,1.3148572,0.9162483,1.2365632,0.4256531,1.0314218,2.2477317,2.235036,1.308739,1.3273892,2.830578,1.8237733,0.66806495,0.7373716,0.52180845,1.5832585,2.7673862,0.4043002,0.21787383,1.0653925,0.62876594,0.92348325,0.58374685,2.2977955,1.0922095,0.703922,1.0324712,1.2496625,0.34533772,1.5103756,1.26247,0.62859815,0.19867939,0.42364082,0.74185866,0.84716624,0.8548478,1.6259289,0.28175884,0.8040684,0.6790764,1.4821388,2.5905938,2.2620869,0.6679126,0.9611711,1.6064072,1.524957,0.47801265,2.5156474,0.47121552,0.4280279,0.44423908,4.148744,0.05583787,1.2967536,1.94073,2.2376025,2.830227,0.70814854,0.3896753,0.67498076,0.3266726,1.4277214,1.4391476,0.43679294,0.59050316,0.7553035,0.3498514,1.9348776,0.36538216,0.31916896,0.5978139,2.5885155,3.2963188,0.29373866,1.3247116,1.2314454,1.592452,1.4462012,1.1030692,0.44912937,1.8091812,2.3258946,0.66266686,1.1803128,0.4288541,0.7935697,0.8863256,2.9213097,0.92924124,1.0448996,1.2515546,0.65562844,0.38995323,1.868169,1.5333613,0.722786,1.0130306,1.0049782,all_pothole_images\pothole_images_new_image_71.jpg
0.7839437,2.2896037,1.6907094,1.6867974,0.3813999,0.2374614,0.7385361,0.30415672,0.52757984,1.0032657,1.4171354,0.876903,0.59222895,3.5430648,1.1773647,0.200751,0.13737966,0.036847826,1.3083847,0.47576594,0.63919765,1.6718823,0.11342028,2.1264882,1.1117303,0.04750524,0.89953345,3.0933614,1.0402195,0.0,3.3826778,1.116499,0.21253344,0.8854965,0.80841357,1.4946973,1.2949849,1.6486027,1.6487875,1.2141412,0.20675647,0.10754947,0.103888616,3.0919418,0.8023781,0.57813185,0.9647723,0.35951644,1.0263141,1.1207305,0.47941786,0.39554137,0.35965464,0.7245927,0.5125681,0.4140035,1.2893628,0.38831842,0.26040155,1.5356867,1.7110656,0.67532814,2.1887684,0.51263136,1.5465314,0.29756206,2.0314178,0.17986973,0.7104869,0.22097576,1.1778603,1.1349645,0.24592626,0.10885055,1.8105515,1.2780548,0.496717,0.28983703,0.0834012,0.14847152,0.7423742,0.8023745,0.07224054,2.1170118,0.89651936,0.44512457,0.5688746,0.40139052,2.2109134,0.4524566,0.47820878,0.23266762,0.37571147,0.6015974,0.013211124,0.15234491,0.8076304,0.5475876,0.38476124,0.09678461,0.09229,0.48213437,0.038886562,2.2799492,0.9092707,0.70737684,0.049062204,0.25114605,1.0019166,0.90966606,0.17708246,1.4220873,0.36153972,0.94461197,1.378505,0.12271174,1.511235,0.23072064,1.1603726,1.2212392,3.03246,0.773008,0.48016626,2.1248143,0.5774276,1.6266065,0.7921847,0.16811986,1.5400584,0.95821387,1.5756744,0.3518486,0.86733127,0.8032997,1.0844809,0.3698817,0.33467993,0.21272127,0.116378084,0.29461637,0.120768614,1.403442,0.26175264,0.26400587,0.58688307,1.6513048,1.7529573,0.385856,0.6481208,0.54059017,0.20053382,0.44438666,0.3770816,0.094196096,0.2894181,0.3734827,0.3150027,0.60765076,0.14834331,1.0993322,1.9535036,1.2786237,0.34508556,2.175496,0.07527974,1.192501,0.9038741,0.1381942,0.92623407,2.3606966,0.17977455,0.6539811,0.35270667,0.7136694,1.3770503,0.017569415,0.52461755,0.0,0.0749241,0.15986054,0.020757725,2.9847126,1.0082842,1.7380986,0.62202334,2.117217,0.8190433,0.4415969,0.74849635,0.4828512,0.003687563,1.4389395,0.69376004,2.553562,0.40428853,1.3609095,0.26652578,1.6543696,0.32195732,0.13557881,0.5753452,1.7256688,0.86562103,0.61111844,2.0834486,0.07012675,1.3560985,0.14408323,0.73171484,0.38472113,0.8746611,0.26908827,0.1988627,0.54700345,1.4320121,0.81858957,0.171211,0.45505065,1.6957023,0.13915466,0.742548,0.3946609,1.5253222,0.77953446,0.40225384,0.5024458,0.22081064,0.24767743,1.7770516,2.6241684,0.3562522,0.40722266,0.7681115,0.97283,0.17148465,1.4429077,0.6945316,0.56764555,0.09476364,0.06607346,0.040374666,0.5002736,0.95473045,0.20730151,0.3239745,0.07381256,0.6491522,0.55653656,0.654823,3.2573547,0.38233408,0.904489,0.0,0.24202238,0.58463734,0.67708516,1.0347787,0.21236636,0.25804988,1.0398637,0.43682888,0.0032886812,2.6058524,0.047142267,1.2831585,0.8215546,0.22752166,0.3728612,0.64322364,0.07257993,0.17353266,0.55873924,1.0320284,0.7715214,0.9546161,0.60786,1.1631228,1.1674678,0.1260875,0.10633012,0.11334808,0.69626135,0.9939284,0.47413868,0.41331303,1.084577,1.0182897,2.1564655,1.7536602,0.045590002,0.039679658,0.2135566,0.0155429,0.51734364,2.0032988,0.6086576,1.0903498,1.0760914,0.7188712,2.6254153,0.1828452,0.46269372,0.25491044,1.8698462,4.728318,0.056185167,2.2018218,0.27677265,0.044775788,0.35314503,0.43265828,0.25626168,3.138587,0.9291184,0.5432066,1.5925364,0.0,0.29528064,0.45270455,1.4544923,1.171637,0.54819417,0.2866333,0.15066114,0.8020463,0.48673624,0.07499252,0.019793056,0.39377418,2.1315851,0.7590943,0.92714894,0.35171902,0.017059317,0.55079347,0.25002456,0.4798928,0.74514705,2.4898763,1.0031484,1.6072112,1.5879092,1.1690866,1.2280824,0.6556168,0.602559,0.5550184,1.1530207,1.5397382,0.92603505,0.28154424,0.62382364,0.17917655,0.17712703,1.0417544,0.15177378,0.0038399126,0.22478405,1.908686,0.24549939,0.2607608,0.35765284,0.26295146,0.47598872,0.22070421,0.81152,0.31238785,0.072249524,0.34980544,1.5175074,0.29605028,0.8508639,0.9301843,0.9206183,0.021976162,0.64052063,1.0627728,0.5196846,0.77526444,1.043012,0.56935614,0.44116896,1.3935236,0.45032457,1.256122,2.1059613,0.97890663,0.24269073,0.86957437,3.1323447,1.5043036,1.2632554,0.9250097,0.65296847,0.5814314,2.2009833,0.8832334,1.3547167,0.8171268,0.07465599,1.7987223,1.8983798,0.9271642,0.37100887,0.26338708,0.94926107,0.4519613,1.0723941,0.4158365,1.1888902,0.69630206,0.8827674,0.82985437,1.7449509,0.405933,0.38648388,1.583862,0.14528024,0.006637027,0.7334696,1.0224435,1.6341549,1.0945872,2.8567772,2.0049696,0.50735486,1.5673616,0.31968802,0.5153272,0.36956513,0.23826027,0.2122741,0.37455532,1.2212523,3.1770656,2.3521864,0.6540843,0.76030326,0.53177714,0.20729862,0.18404526,0.8948823,0.277587,0.7430799,0.52882457,0.023797972,0.7525544,0.0,0.89288205,1.846215,0.86622393,0.40539247,3.0957355,2.1563172,0.1050878,1.0251406,2.5501544,0.32408214,0.1653749,0.24480304,0.7704179,0.31593198,0.71482754,0.708961,1.3312901,0.8566516,0.0,0.28977188,0.24000111,1.2865587,1.3036418,0.24369259,0.023242438,0.4547099,0.21303292,0.78756726,1.289435,0.34286848,0.9995319,0.34547985,0.7447572,1.1424515,0.7229164,0.65061593,0.91731316,1.0201021,0.24779467,1.0846041,0.13022636,0.0751371,0.8592229,1.3316714,0.7672577,0.023466535,0.08740969,0.9861026,0.065835096,0.10578074,0.4774126,0.79451936,0.26534092,1.6899105,2.001507,0.6673783,0.91782826,0.73900634,0.25367036,2.2300584,0.8513436,0.23694004,1.130576,0.6964518,all_pothole_images\pothole_images_new_image_710.jpg
0.09199686,0.638938,0.37079564,1.3489162,0.23971036,0.07111147,0.9767945,1.012516,1.3890495,0.15100905,0.4485791,0.15234086,0.12211419,1.1500317,0.24277347,0.10929929,0.23663343,0.23927012,3.1616864,0.51533955,0.0,0.9184567,1.3260249,0.8160913,0.4113559,0.03380517,0.107552476,2.201121,0.45032755,0.02933018,0.32998663,0.20554806,1.5098965,0.2979223,0.06275158,1.0842766,0.12825398,1.0396907,1.4617366,0.08922327,0.12203064,0.7409971,0.17524084,0.62365896,0.0996853,0.7429991,0.3409691,0.25074765,0.03525997,0.45880452,0.0979023,0.5755909,0.08672757,0.081460394,0.61550784,0.1694738,1.2040554,0.16441919,0.4977468,0.2920272,0.15182804,0.20883149,1.0176231,0.030460592,0.90407485,1.0797457,0.9988585,0.0051525678,0.6769202,0.29518342,0.27729532,0.19810781,0.0,0.00014358971,0.13175291,0.0,0.36970985,0.49687785,0.591351,0.11598493,0.04038333,0.60023296,0.006037546,0.5660027,0.23873521,0.06427038,0.07620418,0.10378528,0.55477726,0.0672246,0.38021168,0.82647353,0.0,0.011054294,0.091069266,0.017043795,0.5586429,2.019937,0.31185365,0.07312809,0.3746706,1.6891103,0.45084208,0.3706021,2.3427465,0.96380347,0.67078,0.0114276325,0.0061191325,0.4992072,0.0017718297,0.13899276,0.42704296,1.289327,0.65920204,0.0013098575,0.6588572,0.27811277,0.86354584,0.3622144,2.8590906,0.12697788,0.3690061,0.7278657,0.31777382,0.49428952,0.21092866,0.33424288,0.4538471,0.17782164,0.23253667,0.9545554,0.36612085,0.70772326,0.25282115,0.2591641,0.24088258,0.4690508,0.031093184,0.12723172,0.7841937,0.002728942,0.026318409,0.24719591,0.2973371,0.7946778,0.18285932,1.5628921,0.11547057,0.44490063,0.50567317,0.83213043,0.016281167,0.33523613,1.5342535,0.10943298,0.31198242,0.10761262,0.44618893,0.31435183,0.85218203,1.2483146,0.06779403,0.9711718,0.16450348,0.003593174,2.6188815,0.088224985,0.56418496,1.3438715,0.1604421,0.0022055875,0.06052603,0.13440317,0.6280728,1.1450148,0.10416498,0.12105352,0.037200216,0.027235974,0.14795406,0.11612683,0.8082673,1.1716014,0.16505828,1.2184023,0.0037127673,0.5118523,0.10012135,0.23893441,0.31044164,0.11810133,0.28749686,1.982605,0.0,0.34817168,0.26516768,0.2932944,0.42692763,0.21211523,1.1271049,0.8291789,1.5676597,0.010872727,0.0035678665,0.4160954,0.5794789,0.0,0.6460134,1.2993315,0.080269575,0.5744462,1.7359245,0.056351412,1.8481367,1.7006408,0.9090048,0.30235416,0.8815583,0.046579383,1.4546882,0.39081028,0.0051847044,0.32613778,0.019329825,0.0,1.0091656,0.041636873,1.1228813,0.07942986,0.009891049,0.2642337,0.97699064,0.18967795,0.8865026,0.6587943,1.2001401,0.44685987,0.17961535,0.57203275,0.3151291,0.45430398,0.24064176,0.7804444,0.14532813,0.011319042,0.27942356,0.2904401,0.77453643,1.8274492,3.0986483,0.11888096,0.03398331,0.13170382,0.94642526,0.3570732,0.22788137,0.15196043,0.14908284,0.8174652,0.24226153,0.11429331,0.712965,0.53618556,0.0012103689,0.40699035,1.6242747,0.056201126,4.787562,0.08782489,0.7715422,0.67775524,0.83046806,0.1726651,0.067339465,0.5503139,0.7806667,0.64759016,0.23447539,0.32412204,0.61787885,0.2715051,1.0455749,1.9806038,0.0061847605,0.17858298,1.0992569,0.001013546,0.50769323,0.0,0.21560921,0.08734294,0.0,0.6744579,0.42240018,0.11532202,0.26403478,0.12800606,0.1131632,1.8886037,0.9471326,0.3935728,0.57800025,0.29749417,2.534358,0.0,1.1190763,0.70138437,0.25647384,0.054833815,1.5038816,0.8692066,1.5964721,1.0573678,0.355321,0.7994032,0.008442661,0.88197684,1.7718921,0.016617091,2.2314892,0.03948808,0.25519988,0.08410693,0.58362263,1.5436846,0.2049655,0.0018578356,0.5758877,0.25761434,0.26681918,0.4714573,0.79078424,0.27857503,0.60567665,0.12866406,1.131478,0.15827811,0.48165426,0.07830718,0.15140596,0.22718029,1.0899327,0.88311934,0.48774454,0.615689,0.3070919,0.39726683,0.15718246,0.3985029,0.36564308,0.020232273,0.0018802949,0.27753797,0.23305573,0.0962432,0.01333333,1.060259,0.20058317,0.7632404,0.9536911,1.1443202,0.22247747,0.10984642,4.282e-05,0.9194252,1.3819809,0.1314113,0.4145246,0.066806026,2.2701914,0.3843785,0.26954505,0.105123214,0.8594111,0.21871497,0.15877402,0.10003849,0.19373958,0.06525732,0.76646674,0.31247243,0.21957073,0.77735215,1.3717439,0.0,0.8678008,0.16646391,0.1411962,1.0640168,0.07032256,0.7271575,0.26184008,0.99447006,0.0,0.40297222,1.8228548,0.22009325,1.3237152,0.32064247,1.6473335,0.612666,1.402531,0.5121228,0.11680029,0.027168483,1.18622,0.12431125,0.07431786,0.17568463,0.079098545,0.5405025,0.7302778,0.4353671,0.2765143,0.37596816,0.3294073,0.62056047,0.92155683,0.0592331,0.37145206,0.6068326,0.27597478,3.0485458,1.601502,0.09517833,0.8012846,0.23967949,0.022833724,0.31436276,0.27305505,0.28263187,0.05964907,0.28591874,0.048724834,1.4823366,0.26109618,0.15169694,0.05770719,0.19651529,0.8641538,0.20877996,0.06312572,0.22240633,0.6340747,0.0008302079,0.7183366,0.14543001,0.6062929,0.62796026,2.8859832,0.24210761,0.9856649,0.11914841,0.4342053,1.2735372,0.13058127,0.12911727,0.1554518,1.4733862,1.2922927,0.23440318,0.363234,0.048988584,0.42096734,0.4836469,0.14071529,0.038946606,1.1835985,0.6681003,2.7751608,0.6258552,0.012438651,1.0309708,1.2411333,0.097467884,0.07617188,2.4113498,0.26507375,0.08206996,1.0550743,0.7779204,1.3302811,0.3055199,0.41397747,0.058898263,0.355275,0.007828746,0.2990776,1.3134447,0.7957892,0.7706299,0.009333233,0.009734686,0.098996334,0.05581115,0.20262165,0.8956687,0.35652116,0.06489273,0.2291336,1.8916068,0.18006788,0.5542471,0.14922987,2.1895225,1.5047008,0.8498608,0.08650139,0.50264895,0.07801918,0.060216065,all_pothole_images\pothole_images_new_image_711.jpg
0.50722736,0.44824892,0.19098131,1.042634,0.2004377,0.36010376,0.44826743,0.11511874,0.2482324,0.24270532,0.34446022,0.21190538,0.004978112,1.6401594,0.06400037,0.14462918,0.17452952,0.06746589,1.445521,0.100013226,0.49759585,2.1709726,0.29035634,0.29131722,1.3758633,0.79821193,0.113436714,1.3685241,0.17791761,0.02417516,0.5765494,0.45401725,0.2198899,0.082385905,0.21481311,0.96005076,0.24039759,0.9422632,0.5928175,0.9853241,0.003136272,0.0,0.04503727,0.9955268,0.23478381,0.057242543,0.0,0.73004335,0.54637945,0.36044133,0.67801094,0.1901232,0.17953455,0.17144883,0.14604162,0.59358275,1.4154601,0.22008847,0.6082504,0.29929,0.06768398,0.39284074,0.022100179,0.043493718,0.07659815,2.7639022,0.62001365,0.12625341,1.5744156,0.03015103,0.16268441,0.3524126,0.14550093,0.058434214,0.1961241,0.27195057,0.1689247,0.45552608,0.025386091,0.3854007,0.008000095,0.1337447,0.40490437,3.0538535,0.19726476,0.12353733,0.54568815,0.07599252,1.9361262,0.045762498,0.23764771,0.23712511,0.0,0.03999132,0.08727964,0.0034697528,0.5220732,0.53016216,0.71512884,0.07661542,0.012927819,1.4993296,0.4633287,0.14299151,0.19753475,0.35761794,0.52277803,0.38708013,0.0011496595,0.73573416,0.0,1.0091928,0.018770829,0.21982352,0.16713463,0.22045071,1.448912,0.007445615,1.6298367,0.7123239,1.3349987,0.047108475,0.17368078,0.030256577,0.68146867,0.893254,0.049335018,0.07004626,0.26555842,0.5464659,0.18635024,0.05915321,0.10573452,0.04011852,0.15366045,0.34365177,0.02701629,0.6329743,0.68557304,0.4125503,0.027793057,0.12903751,0.24696219,0.6096625,0.0030453834,0.21839254,0.2994751,0.70697844,0.48254028,0.075357415,0.36026376,0.3254868,0.06064586,0.0,1.2754346,0.15142761,0.26377591,0.24856111,0.058371488,0.01310602,0.509311,0.96726555,0.13735056,0.4920316,0.1898732,0.15294945,0.06360899,0.24162881,0.54595256,0.88499135,0.075777575,0.0042630252,0.0,0.0791122,0.5385358,0.036037985,0.06378348,0.045700368,0.0028700922,0.08215545,0.0,3.0530198,0.9478422,0.6012488,1.0170667,0.15740252,0.49282676,0.20064127,0.6510987,0.31130877,0.10117389,0.2084228,0.078660436,0.13116287,0.13910025,0.080404304,0.51959085,0.58166474,0.8362191,0.25631902,0.34591,0.19091287,0.10244704,1.190597,0.54047734,0.019818354,0.108897395,0.081229046,0.25145447,0.0,0.25785598,0.0,1.0587931,0.11943883,0.45815945,0.13017681,0.5376907,0.26357827,0.35464963,0.11986472,0.6146671,0.3007111,0.5852047,0.5704745,0.16344677,0.06319273,1.3459823,0.03145887,0.47367647,0.21168672,0.0,0.21178389,0.6908209,0.051957846,0.249156,0.12342425,1.2657534,0.14783731,0.06968836,0.6978638,0.37904322,0.1603821,0.0,0.10038916,0.28860444,0.0,0.5254434,0.6706411,0.15403435,5.236191,3.6267781,0.052234918,0.3218039,0.009214151,0.035580926,0.34071654,0.43555653,0.27446026,0.30108672,1.340152,0.13089378,0.124348745,0.48647323,0.6826813,0.2708817,0.44438088,1.5605037,0.09372881,0.3647184,0.11923171,0.117883466,0.10642929,0.17988862,0.6701495,1.0728718,0.513263,0.024186118,0.20126936,0.3771413,0.19160782,1.2294579,0.44124895,0.45324066,0.008340694,0.26899654,0.20041564,0.6076793,0.7871305,0.6721686,0.097066194,0.006680244,0.20851514,0.14610052,0.13634737,0.12400618,0.49471423,0.0768365,2.0636964,0.066638954,0.73825,0.22705498,0.7086975,0.0,0.6077356,5.049411,0.2796898,0.002346,0.2883597,0.2192587,0.30685195,1.1875274,0.012339596,1.9132107,0.83184075,0.0049739825,0.4138695,0.16983627,1.0297054,2.8394737,0.19608217,0.039770927,0.0,0.16806544,0.12272129,0.4103109,0.18521708,1.3175701,0.2904062,0.49412847,0.36965343,1.8630606,0.8712709,0.08956298,0.08560652,0.2739515,0.61623853,1.8914703,0.24180453,0.019349365,0.23729502,0.012801378,0.19278483,1.4828626,0.37829095,0.33928075,0.36067593,0.008362776,0.27479997,0.25158614,0.45628554,0.37509313,0.13732854,0.58489025,0.86407423,0.0,0.45271134,0.5168981,1.3645874,0.4180105,1.2734507,0.024635084,0.0,0.0074612545,0.25478446,0.0,0.0051959837,1.9562172,0.39832193,0.124045976,0.019730961,2.2867343,0.0,0.29681885,0.015376723,0.0,0.035886627,0.004547789,0.014915083,0.2668146,0.3323776,0.4226784,0.0,0.2925649,0.1567714,3.690237,0.7406026,1.172487,0.0,0.16173916,1.1601292,0.70631194,0.7250527,0.0,0.08403715,0.015436496,0.0,0.47412917,0.13925923,0.032353226,0.18385744,3.964308,0.5721728,0.52454203,0.25363165,0.66673356,0.031024849,0.25584403,1.1090636,0.1532264,0.038257122,0.33059505,0.041165974,0.073308274,0.78916585,0.0,0.013911597,0.013092726,0.13890703,0.2179385,0.008007913,2.0060844,0.060107112,0.60474813,2.23616,0.4640697,0.20833524,0.25115407,0.3764345,0.0,0.5976216,0.46489936,0.03646154,0.00772134,0.081424706,0.21840969,3.3601964,0.9249152,0.11851724,0.035557747,0.08244098,0.55810285,0.2130019,0.034277417,0.44269434,1.1417688,0.0056529334,1.3448249,0.588142,0.290736,0.21214974,0.9961529,0.33162627,0.82698655,0.83824515,0.8512623,1.043164,0.59716576,0.5077948,0.2937981,1.060029,0.40561095,0.11516283,0.988362,0.0,0.3641464,0.068672016,0.22303075,0.30902326,0.086652055,0.09535322,0.42879236,0.40844208,0.5088211,0.23495747,0.40480566,0.1988917,0.2841421,0.747266,0.2523584,0.3235522,0.12659372,2.0560026,0.88475114,0.10160585,0.1382979,0.46590135,0.14366524,0.16285709,0.8902026,0.21295352,1.142739,1.6311594,0.03675226,0.16360095,0.0,0.2038457,0.09947446,0.24019499,0.19597735,0.0027429168,0.37934053,4.7708645,0.12786159,0.046233147,0.056136042,0.2074332,0.70669484,0.027541861,0.74977326,0.18237796,0.5403329,0.491587,all_pothole_images\pothole_images_new_image_712.jpg
0.5969631,0.603092,0.7977164,2.160065,0.18396692,0.8009311,1.324078,1.2706982,0.82855713,0.2997532,0.483407,0.747885,0.33776334,1.5166864,0.5132298,0.83509356,0.14148387,0.6440606,1.3327796,0.0,1.3534029,1.5925752,0.33933988,0.30109003,0.88761836,0.60812676,2.020012,2.1788993,1.8090287,0.22871871,0.43278244,0.6654861,0.044712037,0.13698925,0.26043865,0.4060021,0.40563607,0.0,0.31489995,2.0533602,0.2709316,0.33139196,0.7776302,0.25664842,0.67702615,0.8517811,0.10013372,0.2759421,0.39424518,0.24390501,0.38552862,0.47862703,0.41374993,0.3426789,0.043538507,1.6329386,1.769862,1.0327734,0.38428602,0.3589025,0.18761091,1.1892487,0.2817969,1.0815771,2.1430094,1.0709276,1.4944097,0.14124821,1.7481761,0.3296244,0.072346,1.282976,0.71757257,0.16346966,0.12895876,2.5020459,0.4614435,0.4211382,0.10666652,0.06489154,0.28606623,0.047329824,0.19616541,1.0656852,0.9629044,0.52680737,0.43576777,0.14830996,2.1264358,0.07610373,0.55235034,0.030663231,0.43050045,0.42328486,0.44825253,0.19957577,1.4432472,1.1143894,0.24094582,0.7648253,0.16309707,0.17961228,0.33338833,1.2191741,0.8532787,0.3491917,0.0030925595,0.061762776,0.38354865,0.30951506,0.15213422,2.623851,1.5442196,0.24866085,0.0032282376,0.0,2.4679606,0.36607456,0.61386263,0.71040446,0.4612931,1.1343023,0.35068923,0.6503875,0.015816178,0.4198741,0.08818856,0.10160298,2.8993063,0.4437761,0.037109524,0.3483546,1.0910289,0.11713666,0.6457873,0.3129528,0.84450734,1.0271093,0.71510094,0.075531624,1.181744,0.90156823,0.18316796,0.37366626,1.7575558,0.08996793,2.1547992,0.4826007,0.2555611,1.0434963,0.32331538,0.09557814,0.15279964,0.014342639,0.78996897,0.1450456,0.80477893,0.36433086,0.46237352,1.6584675,1.0821161,0.19230334,0.34899116,0.24241787,0.30513006,0.12350201,0.8553314,0.46208858,1.3741758,0.47836918,0.16793984,0.024247894,0.5665888,0.55287963,1.4914781,0.37466586,3.2545006,0.49425635,1.5878893,0.7271793,1.6824013,2.1150572,0.7218687,0.39927688,5.031905,0.23108785,0.30327052,0.5006929,0.043788876,0.4359176,0.08115796,0.63317776,0.18730198,1.6283249,0.35763338,0.5211235,0.104321145,1.5615938,1.2541007,1.448482,0.19831812,1.2555287,0.9896253,0.87306195,0.68238217,0.19672623,0.28557548,0.9857993,1.9297419,0.90186954,0.8980134,0.9311428,1.307305,1.759096,0.17202838,2.973714,3.0546868,0.0524251,2.3150172,0.63034695,0.64579874,0.1800487,1.1231056,1.2245207,0.4993959,0.9669966,0.8743012,0.83752465,0.11038744,2.8867736,0.83608246,1.9457278,0.17085399,0.102176644,0.73146486,0.96029305,0.2658829,0.5827712,0.55936646,0.10110401,0.09277933,0.37605375,0.2560881,0.74658746,0.004206647,0.15620989,1.0657035,0.6199683,0.9848184,1.548891,1.3882303,0.049931496,1.8750516,0.38216478,0.66884387,0.021011584,2.34652,0.22428761,2.098103,0.95776784,0.1090342,0.21559797,1.0845704,0.073066965,0.7032554,1.4082885,0.12691729,0.87133855,0.29059523,1.0871762,0.90915895,1.0016735,0.058167987,1.0086291,0.8704992,0.73582244,2.293859,0.13402084,0.011978507,1.4989341,0.49316534,1.0631912,0.02124217,0.6380207,0.41613466,1.0730151,1.2242227,1.4664333,1.7256893,0.18004078,1.545749,0.99559045,1.2072738,0.5369188,0.09707417,0.68661344,0.8008868,0.3137173,1.6440655,1.1088076,0.17237812,1.5154408,0.18738559,1.3740835,1.2619275,0.7478283,0.14439355,0.56051505,0.73698676,0.3087781,0.55230594,0.8376521,3.3924937,0.9764392,0.0049437326,2.6879501,0.4586015,1.1734157,0.982804,0.024269136,0.21954171,0.56560844,0.37827015,1.0380045,0.750186,2.3986666,0.6732872,0.27773926,1.2599638,0.2645735,3.8196769,0.41255704,0.6052337,0.40978375,0.76350135,0.5570041,1.4771703,0.60218483,0.6610125,0.119852304,0.21768188,1.0412985,2.0906403,0.48523688,0.43494496,0.5716116,0.035369493,0.7099702,2.0628347,0.7356717,0.28577006,0.7894128,1.0677755,0.91179407,0.29476413,0.32959932,0.56355923,0.08358418,0.27937692,1.0184729,0.089105815,0.055185318,1.0012654,0.79333544,0.9611318,0.69351465,0.91525483,0.49659982,0.3265419,0.25874054,0.7376718,1.6333609,0.13179347,0.11919253,2.2672725,0.17959037,0.085582994,0.8202531,1.2903914,0.61943716,0.33775252,0.22877991,3.3812628,1.7114009,2.8836527,1.1450037,0.2330197,0.3563809,0.31770477,4.9659004,1.8564409,1.164132,0.0011059338,0.28181553,0.042829134,0.21153578,0.91060483,0.3279658,0.16309936,0.21366692,1.4699167,0.5068658,0.28990218,2.874034,0.21727991,0.39007828,0.060078677,0.34818056,0.06952824,0.056497313,0.1284355,0.26367787,1.4472061,0.33150348,0.109504715,1.113089,3.0690482,0.31105968,0.45900688,0.28341153,1.9563773,1.4301206,0.3738013,0.9015864,1.7140391,0.6139874,2.7062452,2.054291,0.84665555,0.3825007,0.049861576,1.5786983,0.8384756,0.59196657,0.6191153,3.2132385,0.8769145,0.4482193,0.4945554,0.15158059,1.5298193,0.16841725,0.31579304,0.8767297,0.8478018,0.16039117,0.9819576,0.39228198,0.79277426,0.4494992,0.5263891,0.7596111,1.1130354,0.7096691,0.68103033,0.35557175,1.0130122,0.22433433,0.2666624,0.25123698,1.0418026,1.5520667,0.2985937,0.6301637,0.8919785,0.29129797,0.5150635,0.14667699,0.33869654,0.7809987,1.9577562,0.14688423,1.178659,0.2144049,0.7274712,0.45128226,0.025486987,0.6908348,0.2625305,0.074483536,2.3659198,3.0142248,0.46753863,1.0323296,0.0,0.59251016,1.0089635,0.39482945,1.8372269,0.00619999,0.5827034,0.41198683,0.006980648,0.10636662,0.5348286,0.5491076,0.33374634,0.30270112,0.2791447,0.43618506,0.0001736106,2.7676885,2.0656943,0.2917801,0.6824087,0.92970055,0.24825792,0.64230615,0.47575596,3.6547344,0.8605546,1.8216751,all_pothole_images\pothole_images_new_image_713.jpg
0.03873593,1.7727506,0.61931837,0.19466081,0.3189547,1.0657434,0.19618435,0.13955301,0.8292619,0.5026789,0.92798144,0.08084012,0.7169391,0.36561257,0.005237665,1.3666501,1.0451181,0.115182936,0.24719703,0.13753985,0.43619078,0.061760172,1.4214927,0.5809462,0.35845986,0.5070993,0.7805224,0.38922772,0.14151429,0.06738117,0.5374113,0.07421144,0.0006372948,0.19090785,0.35107335,0.25862977,1.3153218,0.25073457,1.0325513,0.15056612,0.21117483,0.69750786,0.23912737,0.7930057,2.5124881,0.43730152,0.14850895,0.103594966,1.8977525,0.09264658,0.1134645,3.352518e-05,0.3088927,0.14239262,0.25597045,1.4493687,0.25098348,1.7502812,0.5211536,0.013347818,0.013896654,0.07806267,0.87276465,0.39971814,0.9662739,0.0,1.7197007,0.14345214,0.2291157,0.2976811,1.5101095,0.4728546,0.7431816,0.25784665,1.5773648,0.06482876,0.81799954,0.12800817,0.11162666,0.5583436,0.38772354,0.6228933,1.8722994,1.4927934,1.0284617,0.169058,1.1845573,0.02669117,1.7168921,2.0132968,0.5291924,2.6431599,0.6285935,1.3349892,1.0114634,0.4312527,0.9590351,0.6641099,0.2963925,1.866853,0.43827763,0.21049508,0.52774817,1.8765128,0.028699392,0.0,4.2863197,0.1801236,0.7696294,0.63889325,0.5400992,0.23367299,0.07170261,0.79509825,0.22074312,2.001811,0.14529319,0.55590045,0.02406903,1.0207967,0.2544281,0.51703334,0.14254023,1.5154011,0.5126213,3.4256709,0.19710568,0.29871294,0.8955508,0.14427127,0.19429989,0.52049863,0.020278636,1.3994061,1.033577,1.0260056,0.08598133,0.12882152,0.058286,0.05134849,0.1800346,0.084915616,0.36522767,0.65245247,0.24790251,0.2991618,0.15421622,0.7972609,0.0009930235,1.0614356,0.24610056,0.28079957,0.9489925,0.21329488,0.3557878,1.1700531,0.14357612,0.82557863,0.37767336,0.055387944,0.023637015,2.4120858,0.15876569,0.4401496,0.16683859,0.6913445,1.0535508,0.07192892,0.2872232,1.1847582,0.5701701,0.15218626,1.362111,0.03407123,0.4124849,0.3140611,0.32678682,1.265012,0.6651456,0.09230011,0.12883708,0.015441155,0.5625469,0.015156793,2.745154,1.3830289,0.027265362,0.5481448,0.36813983,0.9075223,0.3382091,0.247995,0.9068029,0.23150994,1.4966761,0.6473617,0.28708363,1.5022813,1.2922372,0.56935483,0.949519,0.3741319,0.5165609,0.11606898,0.25762054,1.2562941,0.0035360954,0.11715983,1.8145767,0.46952075,0.8706833,1.5156443,0.71865106,0.18958257,0.046136767,1.1303866,0.645306,0.23378266,0.083981276,1.4280417,0.63185155,0.0043105627,0.07614959,0.0970103,0.41695246,0.36408642,0.011617865,0.16530256,0.49605566,1.2150168,0.37038136,0.044150565,0.30149305,0.48108152,0.26449138,2.6879358,1.1901255,0.41960922,0.34050474,0.35541058,1.0434641,0.2993132,0.18843904,0.28011784,0.6651999,0.122645125,0.051252168,0.83143336,0.24879445,1.829506,0.041409507,1.4099762,0.23322082,1.3491743,0.42989624,0.018692115,0.101419955,0.15950416,0.39653498,0.8199215,0.41346246,0.10118203,0.60178065,0.121140294,0.06015209,0.5502609,0.30974278,0.34464025,1.0117239,0.36686683,0.40483844,0.7815428,0.77505493,0.19307078,0.0057210564,1.2247126,0.86170006,0.002927676,0.1705725,0.2025312,0.46076298,0.2578962,0.14768818,0.55417883,0.3108295,0.5907328,0.14935626,0.5828294,1.2346655,0.23757944,0.94783896,1.8185513,0.32420835,2.0348613,0.2800813,0.99657315,0.06696819,0.5254617,1.2922254,0.9440338,0.21776347,0.48318952,0.0,0.45746097,1.7581849,1.7433066,0.09698175,0.18306664,0.30410963,0.98711956,0.146197,0.4117672,4.038262,0.6762232,0.8118653,0.0,0.43137303,0.007540876,1.2244533,0.06820596,0.31766516,0.4936853,0.31180134,0.32138565,0.43305603,0.7716134,0.047605507,0.43598664,0.14383948,0.023827067,2.0794964,0.30429038,0.0112970555,0.4875605,0.021661961,0.0,0.3013912,0.014144211,1.1816537,1.1618949,0.6123719,0.76522994,0.7850444,1.6615939,0.11244098,0.50675684,0.5486624,0.3337316,0.07044168,1.6515768,0.6374466,0.9784707,0.11493985,0.22031163,0.5795354,1.4569632,0.5372951,0.031397704,0.4840723,0.049006503,0.010842328,0.35218048,0.044148795,0.033372317,1.0836431,0.59992266,0.08172078,1.7753047,0.8145459,0.010758326,0.15074606,0.13305062,0.069383904,0.7105804,0.7345423,0.114682995,0.18859755,0.21675985,1.206692,2.3636892,0.5226329,0.5991003,3.0333607,0.038378082,0.6720058,0.14225402,1.0180477,0.94423026,1.7699144,0.41606992,0.68964994,0.6950126,0.55489534,0.41975722,0.09279531,0.2939428,0.41824508,1.1474087,0.0074875876,0.31594497,0.69557595,0.08697281,0.1627556,1.1167132,0.3499953,0.05498966,0.21655515,0.47105515,1.3711544,2.7406864,0.020022804,0.0021305217,0.03658216,0.28619957,0.3016257,0.09756388,2.270605,0.10861066,0.39727315,3.332475,0.42949682,0.47029984,0.0500328,0.09961015,0.82310975,0.13164486,1.1744382,1.3131558,0.035850167,0.09985022,3.3334181,0.5684665,0.88588846,0.57625484,0.7837011,0.0,1.1348326,0.96893394,0.09625502,0.56150645,0.1836924,0.07624573,1.765539,0.3721859,0.6742686,0.26776153,0.5270828,0.17584947,0.5606975,1.6733655,0.41400412,0.23488027,0.42918536,0.0,0.6789432,0.42429316,0.136413,1.0033951,0.21044487,0.12742831,0.0,0.0877775,1.1320233,0.7877943,0.5407909,0.6385772,0.20246983,0.23211867,0.2609897,0.15909608,0.12468799,0.08414533,0.0675196,1.3888719,0.854092,0.7044365,0.054010432,0.111806124,0.64776045,0.5534797,1.0374628,0.9463736,0.3702717,0.16057107,1.1173004,0.96519524,0.08292862,1.0136197,0.02657709,0.22894913,0.3724522,2.448494,0.046324495,0.017853744,0.2560099,0.9208926,0.39300132,0.42498755,2.1817112,0.0627862,0.13796197,0.9698502,0.5739597,0.03524927,1.2132233,0.27937043,0.51448363,1.4487182,1.2389266,0.8673579,1.8060817,0.7201503,all_pothole_images\pothole_images_new_image_714.jpg
0.9131376,1.6200516,1.1950796,2.4197073,0.96625125,0.10576445,0.69307256,0.0,0.33947462,0.43536556,0.21071205,0.71258545,0.014294108,1.3396134,0.29789388,1.8692923,0.1677339,0.005855442,0.16674533,0.032104257,0.21002644,1.5708491,1.640609,1.4938829,0.58003527,0.5491854,0.054235943,2.3502243,0.110653184,0.8026684,1.7564795,0.08423815,0.9556415,0.6241526,0.47162694,0.15144247,0.62318265,0.4606697,0.27197257,0.522729,0.016999854,0.49284485,0.8096409,0.48723143,0.8041995,0.012951729,0.3191493,0.3002494,0.15674528,0.2276527,0.39185783,0.739079,0.4311774,0.17938766,0.0042292937,0.14540434,1.3677791,0.06604125,0.12895091,0.15247181,0.0,0.24346156,0.59110093,0.5388491,0.59469306,0.3025742,0.3030369,0.16441332,0.052599408,0.08777192,0.13201515,0.004710115,0.2928901,0.26905644,0.005452387,1.4074801,0.32446846,0.4159998,0.0,0.48108336,0.48881802,0.30149162,0.15327325,1.5291674,0.19951561,0.6465915,0.06301951,0.068348385,3.7083511,0.4508318,0.08198226,0.0448311,0.03636356,0.06992604,0.25900084,0.018593963,0.3913328,0.8125028,0.002468174,0.46166196,0.20997748,1.0625621,0.47405988,0.5806679,1.4566957,0.0,0.08543424,0.054657847,0.48333207,1.8682985,0.010981804,2.43377,0.54698896,0.8595373,0.7654172,0.91278726,1.7631905,0.17989372,0.7653978,0.7855348,1.4727564,0.4695327,0.2309593,0.35976198,0.94458365,0.9703196,0.44559,0.6987631,0.19002947,0.292015,0.38929802,0.09405749,0.3157353,0.0,0.23151508,0.1739246,0.06684796,0.25172973,0.07900146,0.0,0.23357216,0.67686945,0.17597695,2.104057,0.47825107,0.8429293,0.22783905,0.9712527,0.21942846,0.58786297,0.9424552,0.441742,0.49553713,0.6045513,0.83004105,0.29232138,0.26118478,0.120071545,0.8532128,0.5539558,1.4635876,0.34820563,0.085805655,1.8155533,0.2747973,0.60121554,1.3577188,0.02452518,1.2636547,0.5648435,0.015344223,0.50160366,0.3875195,0.055235364,0.72372305,0.28451765,1.132659,0.00407613,0.013638705,0.038154773,0.04389795,1.3838613,0.59610236,1.4009206,0.80907774,0.07569017,0.116998106,0.03133254,0.5761805,0.48833668,0.72314334,0.5157647,0.122210085,1.8300211,0.73036605,0.3069043,0.23078915,1.9070218,0.33462802,0.3474771,0.6404278,0.27915528,0.0,0.033944882,0.16271956,0.47138524,1.3368723,0.17472859,2.033667,0.30177158,0.2902411,0.42981365,0.53870904,1.0949994,0.6740403,1.813119,0.58567125,0.0,1.8790448,0.030979209,2.262913,0.0,0.4389801,1.2679794,0.21487477,0.22500642,1.4121857,0.58361167,0.79285,0.218281,0.25210327,0.40602252,0.26500797,0.14210223,0.514764,0.11652057,1.9570019,0.16283652,0.7257394,0.34560668,0.32372397,0.009727357,0.623255,0.5781741,0.0022107854,0.0,0.6498159,0.038399145,0.6503195,2.9424057,0.5730263,0.11335295,0.18879937,0.0036272933,0.7420199,0.0,1.503365,0.13125312,0.3636016,3.0305817,0.8707129,0.67056644,0.5336688,0.035358977,0.44445664,1.9461331,0.31791082,0.19271183,3.766768,0.08156444,0.27973062,0.0,0.24440469,0.44724077,0.083648816,1.6365377,0.009545538,0.7495288,1.1761988,0.46835506,0.07456905,0.23348409,0.8836305,0.79998726,0.41772148,0.3565991,0.3973141,0.6743605,0.33315152,0.088116616,0.15665714,0.68844503,0.3419781,1.0685244,0.16920522,0.46914044,1.5191652,0.19083038,0.041854125,0.66192114,0.3728048,0.2522242,0.008167149,1.2823364,4.0099187,0.065464914,0.19116016,0.49408597,0.46624196,0.110406406,0.4403406,1.8483546,6.0937357,1.6013392,0.35877335,1.5796224,0.0,1.5874956,0.7840716,0.3252608,0.805678,0.49058533,0.4865872,0.43449837,0.36977974,0.13103841,0.75875866,0.77125424,1.0057038,0.51015335,4.0095615,0.103679664,0.0,0.24802713,0.08295108,0.23104295,1.1594414,0.592268,0.86309004,0.012560471,0.48269963,0.8071851,1.9640119,0.058047302,0.17579411,0.07632743,0.50409067,0.0029541273,0.20063587,0.2024753,0.0236511,0.99503434,0.25942487,0.3534359,0.106570974,0.014531247,0.33695617,0.13185622,0.14377648,1.0043012,0.54189694,0.4938184,1.1496551,0.33965376,0.036059894,0.5510211,0.55466366,0.042170797,0.68273675,0.6458414,0.2554956,0.66939825,0.24397847,0.02342051,0.9283448,0.2834576,0.37866482,1.159082,0.16259454,0.19629939,0.6288226,0.0347165,0.9729819,1.5404769,2.705273,0.8026594,2.0887673,0.08922769,0.059090108,1.1785792,0.39179525,2.1651487,0.07376205,0.07327374,0.0,0.7825618,0.94426817,0.32544366,0.020267712,0.0,0.86776966,0.73224574,1.2543355,1.4369469,1.0254922,0.40600246,0.62201595,0.28445643,0.12370483,0.07435253,0.6160426,0.24493468,0.72504663,0.14805847,0.031011133,0.2204676,0.29782525,0.9067917,0.59602433,0.12473966,0.8069459,0.108226635,0.9034737,1.683892,0.84769666,0.36454558,0.82673085,0.5856176,0.38479933,1.0611072,0.39226142,0.3811751,0.07017509,0.50132823,0.10855196,4.0122595,0.5662464,0.44604558,0.16622342,1.2466604,0.6816282,0.13754243,0.21856059,0.048945144,0.050850376,0.009184035,2.2183583,1.2243388,0.37902534,0.71539086,2.4038782,0.1685871,2.1549962,0.87444735,0.40969747,0.46086034,3.1075242,0.6442811,0.110635564,0.92281204,0.700699,0.3811136,0.16926014,0.011115793,0.5966237,0.3198453,0.061715446,0.11834567,0.4397436,1.6545448,1.576003,0.068148665,0.081194334,0.6845574,0.2567901,0.06574453,0.5286724,1.0502069,0.3675564,0.9416458,0.7906355,2.1182375,1.8978144,1.2806859,0.006144122,0.5997518,1.1911601,0.5862171,0.8532511,0.16885817,0.18142459,1.8570646,0.09351806,0.0,0.0022146746,0.0046942113,0.64066726,0.14157952,0.0,0.37476432,0.024460485,5.043456,0.50016457,0.68847376,0.2738465,0.371665,0.012864149,0.50710905,0.25078896,0.8958738,0.06711276,0.11550325,all_pothole_images\pothole_images_new_image_715.jpg
1.8365114,0.4849036,0.14936316,0.83267176,0.18790734,0.20782623,0.7816206,0.3810836,0.27423424,0.28914332,0.6911085,1.5578194,0.046307985,2.232527,0.90556496,0.5708955,0.23544514,0.36014342,0.45578337,0.702756,2.4717727,1.817183,0.19755621,1.5279483,2.3419566,1.586968,0.033504475,3.1118636,0.09331747,0.036602456,0.10299817,0.21938315,1.3306035,0.52372766,0.13269015,0.37164924,0.0,1.61303,0.86960655,0.62909985,0.005473689,0.17148617,0.41681817,1.2046216,1.2053661,2.60591,0.00783651,0.6216102,1.4142395,0.8054177,1.2471453,0.03831305,1.1921178,0.24295098,0.749461,2.431561,0.98098016,0.9181791,0.23854455,0.43341523,0.112123094,0.44381285,0.65250707,0.18722273,0.01899386,2.5812674,0.48752695,0.49371138,0.008795379,0.50909907,0.39322546,0.22043581,0.34397486,1.3991187,0.99215275,0.7506256,0.102308355,1.6417385,0.036002617,0.82019794,0.30100307,0.15026379,1.0273745,0.5323568,1.0769541,0.0,0.49491534,0.6280159,1.5827293,0.08199889,0.11276765,0.63327134,0.45078412,0.5690952,1.1066939,1.3754668,0.15201429,0.62142557,0.8967062,1.6975809,0.022448592,2.8118,0.50399536,0.8841038,0.92146087,0.22177081,0.4298807,0.8441465,0.013126172,0.65448385,0.0036511642,1.1586381,1.5416183,0.32905966,1.7537643,0.19458888,0.2703925,0.07212068,1.2235363,0.8523426,3.5880437,0.08440679,0.0,1.3319216,1.1284589,1.3359457,4.577111,0.38540432,0.2527503,0.03312153,0.47686628,0.09231596,0.002086537,0.14902419,0.80957747,0.69392264,1.6322699,1.745362,0.63778836,0.25378057,0.33338523,0.32432243,0.1561552,0.24516812,0.22265899,0.32613558,0.42216992,0.90795755,1.9662621,0.2941613,1.3822207,0.6374237,0.22723144,0.11459611,1.4180882,0.4348506,0.9481517,0.9331306,0.30431393,1.1445479,1.9563556,0.7217643,0.4975514,1.2836769,0.12360129,1.1810168,0.23277457,0.3228883,2.279621,0.98019755,0.24546649,0.04011716,0.1432332,0.16177046,0.14549947,0.83967286,0.34496382,0.046694044,0.080820315,0.850104,0.00039900892,2.4726262,1.1239779,1.1627525,0.090933904,0.41270527,0.803108,0.68898547,0.48887408,0.23130709,0.38581607,0.0094340285,0.40458336,1.4221126,0.2314803,0.29426283,0.5703647,0.25806764,0.37939733,0.5137896,0.91110307,1.7291235,0.5895289,2.1703472,1.3542432,0.56030625,1.5721525,0.23827398,0.19444709,0.43656644,0.019912364,0.30571803,1.6728334,1.2543246,0.3761381,1.5857795,0.6838581,0.030083857,0.10295817,0.22533569,1.0314169,0.0856489,2.18387,0.2579885,0.46020076,0.49811998,1.9633453,0.64860284,0.4953684,1.2523603,0.38040346,0.65487593,0.036126398,0.6076416,1.0046536,0.46080273,2.62766,0.7922122,0.0071271025,0.12609051,0.4885692,1.0441756,0.07773135,0.7734689,0.0548683,0.13456282,0.10573127,0.44820216,1.6624273,2.0496347,4.1317286,0.087753154,0.6525304,0.32276115,0.47994322,0.33169624,0.485879,0.2901216,0.9078134,2.3168879,0.24804462,0.033605155,0.53583753,0.12516822,0.4167345,0.20811555,0.023020403,0.8215989,1.3386533,1.2871732,0.9589868,0.04117911,0.8265638,0.72125506,0.7338034,0.35450605,0.44698653,0.7284238,0.7151213,0.31655055,0.7676939,0.21022545,1.0838888,0.54828334,0.93077195,0.12880719,0.84699076,0.012139865,0.30778584,0.15641333,0.51946867,0.10080554,0.010153099,2.1819127,0.49850634,0.8450104,0.73815215,0.4723301,0.17877874,4.074751,1.1096448,0.5320147,0.7015903,0.38629976,1.0209132,0.11847375,0.051312674,0.28674674,0.55821544,0.26393035,1.0360814,1.556638,0.075311884,1.5947261,0.13666417,0.8898217,0.21710984,0.90452075,1.2060918,0.27269864,0.82590127,0.34532204,0.9914892,0.8504232,0.4026572,1.2734578,0.27095607,0.0015725337,1.2055285,0.60416675,0.1704267,0.057095956,0.9922244,0.07349214,0.28350192,1.4019464,1.7091357,2.4209301,0.06998674,2.413774,0.47481194,0.10656231,1.9441668,1.1691484,0.7612043,0.011164073,0.32914868,0.34020895,1.2529639,0.032618053,1.2922263,0.4657554,0.04190943,0.60946083,0.15556313,0.3518866,0.4730487,0.109471455,0.46931985,0.35806227,0.91031325,0.4375164,0.3045361,0.62298274,0.1596755,0.72993076,1.7867643,0.22426875,0.6820476,0.036113773,1.1289176,0.47029424,1.7617702,1.4008764,0.043646432,0.119129725,0.17131217,0.0401832,0.6344321,0.14463349,0.80218595,0.12741324,0.68774927,1.0751978,2.135692,0.5554779,0.22696747,0.0,0.034396794,2.6901724,1.3455175,0.18539202,0.0019829732,1.2735596,0.03020619,0.16649991,2.2814064,0.10360893,0.50016004,0.32965562,2.1944199,1.8554718,0.39322016,1.2984661,0.21761477,0.29643252,0.7359927,0.09128777,2.2748854,0.62241244,0.4196386,0.7415238,0.37217844,3.2463644,0.085350975,0.28610158,1.312177,0.15960984,1.132928,1.5064867,2.6328604,1.3442321,0.46857607,1.6590993,2.3604364,0.8330102,0.9852379,0.028197346,1.679121,0.8141524,0.45248437,0.45873275,0.15411408,1.6008005,3.0607264,3.1485677,0.6084222,1.4335343,0.21656966,0.66739863,0.64715487,0.09160901,0.04776748,0.11705505,0.40129966,0.10859415,0.3107253,1.93489,0.014373976,0.87518114,0.45342872,0.01984173,2.4874372,0.41877174,2.4397502,0.72744775,0.6149422,0.17300823,0.6520664,2.0240452,1.4386842,0.6244043,0.8178124,0.61470085,0.30541632,0.31327146,1.8588299,0.5215331,0.5956525,0.73140335,0.34500387,0.91429526,0.15169944,0.1431005,1.4227057,0.18521334,0.3113856,1.4595537,1.4125023,0.566268,1.1686974,0.358186,0.3147553,0.24907318,0.68743783,0.23809896,1.0782819,0.13005392,0.30357376,0.14396764,0.06647809,0.53326416,0.087863706,0.3701828,0.33028272,0.32432148,0.053961143,0.28532916,1.214858,0.4642634,0.6632539,3.9856012,1.0498607,1.0694168,0.449621,1.4098568,0.699558,0.16418333,0.22753038,0.0831489,0.42764106,0.24523696,all_pothole_images\pothole_images_new_image_716.jpg
1.1728332,0.16205148,0.22096525,1.549173,0.0036316975,0.07249711,0.038902447,0.27816573,0.78209543,0.5985375,1.3265554,0.14952916,0.6283766,0.4966935,0.6671885,0.47757822,0.31416032,0.07433918,1.6651977,0.51589227,1.3602104,0.5434982,0.37662682,0.5235025,1.3612038,0.7357054,0.618676,2.2186143,0.16193485,0.08864505,0.11644414,1.433153,0.012337244,1.0903275,0.15388888,1.4544755,0.16953857,0.92619616,1.4375591,1.912612,0.27823135,0.24417269,0.60844636,0.00017881271,0.4885494,0.99335635,0.3114435,0.69673437,1.3130511,1.4225336,0.31729615,1.4919235,1.3364505,0.17375132,0.33133635,0.6898028,0.3298827,0.7735681,0.01562516,0.085972145,0.257022,0.0,0.7346179,0.61866987,0.8565604,1.4885488,0.19892067,0.015967388,1.4284164,0.05633396,0.28837454,0.8996398,0.1379514,0.8944783,0.2578409,0.8196203,0.5721835,0.6462794,0.7547423,0.6120489,0.16905747,0.44947538,0.09495465,1.161681,0.410159,0.32158387,1.1832333,0.116310224,1.1117724,2.4098828,0.16140108,0.04222975,0.299949,0.89490134,0.23302634,0.12750353,2.444054,1.2686712,1.0590657,2.9331465,0.1980292,0.39864248,0.02026099,0.02437106,1.8751674,0.26927093,1.0470554,0.65255314,1.2742631,1.6317533,0.03363437,3.4528108,0.63228774,0.80260634,0.013285495,0.011848391,2.955224,0.7930654,1.4224062,0.4854646,1.2169284,0.116654046,0.28014785,0.33265597,0.19986969,0.7879565,0.95831203,0.117999084,0.26356378,0.50517243,0.5285329,0.19101213,0.07358676,0.6929823,0.49526304,0.6785513,0.7647291,2.619684,0.12408385,0.0,0.51952165,0.4543087,0.33259904,1.1621537,0.17708708,0.26523995,0.80104154,0.8778873,0.9019403,0.14708279,0.26316532,0.035865266,0.14706194,0.7021361,0.9601627,0.6842223,0.10937552,0.07473648,0.19749616,2.233951,1.6337628,1.766419,0.026510043,0.37682372,0.0027001956,0.88380134,0.19790173,0.035005998,0.7943176,2.4431863,0.80675465,0.13955873,0.24078932,0.33170956,0.38279298,0.77442074,0.34382412,0.012992501,0.5134746,1.6300821,0.68424284,0.9819823,1.4513624,1.3891393,3.2803605,1.2759017,0.61033136,2.5293028,0.9500891,0.16901304,0.0,0.39127687,0.655434,3.100931,0.98182505,0.6666786,0.08550279,2.2168176,0.8012709,0.59597355,1.4109366,1.6268369,1.4158989,0.61288476,2.3062658,0.7672372,0.17538776,1.3326122,0.5656236,0.5222609,0.30998644,0.017555736,1.0646653,0.007671606,0.26538733,0.14694478,0.2573174,0.5546994,1.2492784,0.08714627,1.0736755,2.3554983,1.6568879,0.3944734,0.029165082,0.7547614,2.0301778,0.42364454,2.3830774,0.69945306,0.7793428,0.38376966,0.29273236,1.4413551,0.43343532,1.3003869,1.8408666,0.2789655,0.51428956,0.05527713,0.62242436,0.63642997,0.06878734,0.12146607,0.016161695,0.00026915027,0.076928355,0.8100835,0.7423603,3.284951,0.8103435,0.15424445,0.6614748,0.8495215,0.64265764,0.0,0.90536714,1.0372487,0.6273745,0.591255,0.56790996,0.27154818,1.4449755,1.0774618,0.35617447,0.6941606,0.0,1.6935035,1.0829458,0.8610508,0.24498378,0.0019162267,0.23339508,2.1866565,1.60291,1.2308323,0.9149123,0.7080371,0.030845383,0.5155502,0.043273408,0.84906214,0.5376039,0.43272796,0.12308864,0.7770267,0.7901337,0.48672003,0.16103391,1.5045462,0.38368306,0.76551133,0.059900314,0.86265993,0.190235,0.94935817,0.50735015,0.024694351,1.2361482,1.5305028,0.26979667,1.5177429,0.112296514,0.30714136,1.6297336,0.72349036,0.17670672,0.037021782,0.026224043,0.43224695,0.9001316,0.26749757,2.0991669,3.1835434,0.21173012,0.57002974,0.265837,0.8048877,1.7492414,1.1887614,0.7232517,0.38227576,0.56863874,0.26710242,0.58075243,0.53073156,0.50211895,0.0026378196,0.77000856,0.25934473,3.259754,0.6908624,0.22256777,0.34971657,2.0198734,1.1859277,0.8049724,1.4247881,0.07000857,0.54490405,0.08207774,0.4228072,2.4914272,0.6890583,1.0492284,0.6786449,0.061423875,0.8250404,2.0396304,0.08001956,0.40428153,0.15299451,0.16439915,1.5057008,0.026023896,0.58407915,0.11269229,0.55397266,0.40719822,1.9959188,0.07575114,0.80653465,2.334817,0.34460264,0.6312775,0.0049261022,2.3679478,0.7838336,0.14257342,0.04634988,3.3614852,0.87850404,1.0261779,0.19314711,1.2393733,0.18413822,0.1806118,0.22374219,0.7064092,0.4612208,1.0159314,0.051636863,0.8834697,2.093601,2.335938,0.88490784,0.7608485,0.15713407,0.06326196,2.8213186,1.9275442,1.743712,0.41667497,0.17684618,1.1470221,0.19855583,0.44614717,0.004505637,1.6192459,0.0,4.8463736,1.4118047,0.2195632,0.46570718,0.5263222,0.3421943,1.6134799,0.123391084,1.2058684,0.105170265,0.26123273,0.16786088,1.2349204,1.3917531,0.050294988,0.76912206,0.75990885,0.366758,0.49582672,0.22430229,1.6050895,0.101486504,0.84031755,0.10117054,0.24967068,0.083393835,1.1593198,0.23431702,0.9423166,1.5127828,0.44360194,0.91667694,0.5504513,1.7617569,1.0976834,6.2257385,1.9132061,1.0618695,2.000936,0.7285189,0.09392942,0.9037776,0.5245131,0.02026933,0.40431067,0.16649036,0.70086783,0.7459875,0.06613011,2.1124606,0.73537123,0.2607565,0.77512497,0.5282264,0.25764716,1.852491,0.14158292,0.9924578,1.2421662,1.0241674,0.89609194,0.21370196,1.9856817,0.12182144,0.29042554,1.2026391,0.8947212,0.50626564,0.97976035,0.2274973,0.5200727,0.72955763,0.7411654,0.26406902,0.28291208,0.027047636,0.8275992,1.4285141,1.2110233,0.24579942,0.43108383,4.237018,0.41791922,0.24202164,0.1374001,0.7425372,0.042540453,0.036968283,2.190313,0.013524809,1.346606,1.4194175,0.0,0.75431216,0.22458096,0.4978236,0.26131827,0.11575534,0.89868164,0.8599477,1.0403692,1.508121,0.9995131,0.6696503,1.131824,0.7563378,1.953184,0.838491,0.8989256,1.0394694,1.3376242,0.47856528,all_pothole_images\pothole_images_new_image_717.jpg
0.21561466,1.6852121,0.21950495,1.5445992,0.23231131,0.17754999,0.31444937,0.045465264,0.89521664,0.09016062,0.7666998,1.0096687,0.53729194,0.061728366,0.05237915,0.011008524,0.17607875,0.22199306,0.38698927,0.4961277,0.017231122,1.8895495,0.179024,0.10793907,0.005658376,0.3867305,0.29759443,0.37226886,0.0,0.7290333,1.2187369,0.8038182,1.7970703,0.00729659,0.28744134,0.111687884,0.17086229,0.16687436,0.25007907,0.041843984,0.3742671,0.47991708,0.005411773,1.3424811,1.5455282,0.023363693,1.4964508,0.0073038647,0.29836112,0.17716752,0.47780243,0.74004596,0.2775815,0.023696324,0.0,0.12693664,0.6217983,1.1666198,0.06242613,0.19396402,0.0077639525,0.18111798,0.76823634,0.3367639,0.3282585,1.5407004,0.10496912,0.34836102,0.01755739,0.69134754,0.24375223,0.7686278,0.10988443,0.06866092,0.0041781184,0.66478103,0.20694664,0.5365983,0.0,0.4783533,0.23777358,0.84649634,0.0,0.38506663,0.20849924,1.4397247,0.58994204,0.0,1.8876259,0.7611969,0.0,1.7603596,0.43775705,0.76223785,0.13926162,0.088010214,0.9698523,0.17745936,0.3426003,0.0,0.03779707,0.14948456,0.6506666,0.006094617,1.2662345,0.22808392,0.6659038,0.08660622,1.5171254,0.12637886,0.04895902,2.4338214,2.1124575,0.009452726,0.48925042,0.4166484,2.0153341,0.22822282,0.038098436,0.7394079,1.6621859,0.15373603,0.50853026,0.5387538,0.2758331,0.18409449,0.317391,0.23219712,2.2409203,0.339116,0.19991557,0.14565656,0.026334558,0.22108556,0.16618863,0.46781605,0.1226068,0.07322699,0.528981,0.12946263,1.0987536,0.06349554,0.010341559,0.7643646,0.6949832,1.2327663,0.2059246,0.18338275,0.3350074,0.025479272,0.18918651,0.39573893,0.2034455,0.08274644,2.473592,0.18449417,0.19029146,0.24427333,0.8776788,0.09155042,0.60115534,0.32717246,0.058669664,3.2716668,0.50919133,0.00057794363,0.8101241,0.5354549,1.1510419,0.16640647,0.00030420272,0.0,0.35787025,0.03373115,0.85167897,0.14519157,0.14251925,0.0,0.34126768,0.4350641,0.0,1.5794522,3.9398308,0.01253174,2.937553,0.18449007,0.2214348,0.20934223,0.14643808,0.19985957,1.5770658,0.0,0.025088709,2.0456638,0.052802548,0.0,0.0006012134,1.570809,0.124407135,0.93307304,0.65509325,1.522263,2.021287,0.98590446,1.0132949,1.5304934,1.2690437,0.464909,1.1252449,0.6979608,0.0,0.5964699,0.4564778,0.09526006,0.29902068,2.498997,0.10498838,0.11875414,0.43481037,0.29365677,0.4769848,1.4780866,0.65155643,0.44113252,0.20233306,0.12159939,0.6546795,0.0,1.0170863,0.09216425,0.6243736,0.3802832,0.06711095,0.18951409,1.0914565,0.12652649,1.2624269,0.021217624,0.6114502,0.7416782,0.4597653,0.14674872,0.0661608,0.036034007,0.005774958,0.1889236,1.5553162,0.0093813175,0.94619316,2.547387,1.1806778,0.1334258,0.48579386,0.49159053,0.08998223,0.2979018,1.2409515,0.002779312,0.15620176,0.14997047,0.1993252,0.2650555,0.28167748,0.32424292,0.3502688,1.8633852,0.08956856,1.5899969,2.596414,0.40189967,0.054192875,0.16628374,0.0,0.036411706,0.15575843,0.787015,1.2407311,0.44055277,3.490988e-05,0.36960754,0.2211705,0.15265508,0.49398664,0.5704668,0.5763137,0.27130088,0.09279609,0.4970008,2.012116,0.39695567,0.57646644,0.008638515,0.016564395,1.1747386,0.008848881,0.58065975,0.09184989,0.48565757,0.33827913,0.091956966,0.5931835,0.0067523727,0.47794604,0.6634681,4.7431116,0.25750327,0.0,1.6793545,0.008706688,0.6578268,0.064655825,0.84003705,3.5640838,1.1787119,0.0854266,0.12471687,0.072955236,0.24957407,1.5739843,1.1935852,0.8508292,0.04780596,0.0063590826,0.6702071,1.141822,0.5868039,1.0425028,0.16069622,0.6036546,0.037454534,7.7033052,0.12810522,1.493537,0.050062742,0.17466395,0.20268956,0.86708206,0.0,0.159164,0.313065,0.7432866,1.0533828,0.7839162,0.7927592,0.05490768,0.65039486,0.28950116,0.26906535,0.24508394,0.5699187,1.1576804,0.12826194,0.26387265,0.2336389,0.0052752323,0.35675156,0.23398031,1.0104225,0.018588878,0.11515773,0.050256785,0.01448205,0.44984302,0.7871269,0.0,0.1898545,0.67301613,0.64283687,0.38583887,0.51305246,0.861505,0.45996323,0.27866757,0.09910609,1.925643,0.08393043,0.00027054365,0.999631,1.181546,0.9191284,0.09726738,0.2679072,0.21837872,3.1667037,2.4701254,0.44997612,0.9686886,0.0060471282,0.0093788225,0.81357276,1.7862256,1.0450556,0.46342626,0.5475846,0.065640025,0.0027679945,0.010124922,1.0090247,0.13902323,0.028225448,1.9290677,0.71878713,0.046113968,1.3377174,0.50696826,0.39009964,0.8752491,0.4302063,0.044896748,0.52217,0.15952486,1.0599279,0.44258383,0.55363274,0.008253933,0.0045732213,1.3167864,0.08353562,0.40864015,0.0055200104,0.7642211,0.32620043,2.0280292,1.5857892,1.7819923,0.51332074,0.6937781,1.8205625,0.29135227,0.0,0.10573777,0.38604578,0.0,0.2055856,0.035979357,2.249593,0.9454792,0.67047805,1.6141313,1.4391294,0.0,0.21012302,0.071711004,0.0678876,0.5316401,0.15149096,0.048312895,0.21235251,0.1080284,0.9629144,1.6533598,0.37842104,0.16730697,0.75627553,1.370229,0.6201047,0.48231423,0.5793664,0.4797982,0.410323,1.1917535,0.88766724,0.43213138,0.09378191,1.4185807,0.10718509,0.0,0.0,0.19714202,2.7456899,0.4184342,0.08752801,0.14341395,0.3791106,0.2584164,0.32188377,0.052197807,0.5700102,0.6405714,0.20312782,0.49282077,1.5909582,2.0979578,0.4370817,0.0036917403,0.055660572,1.7960099,0.20434868,0.18973252,0.0,0.0,0.89775515,0.2006829,0.14605185,0.33251825,0.019209055,0.29890373,0.06998002,0.07137583,0.1193739,0.09000089,1.954994,1.4084373,0.53800005,0.3848428,4.5634074,0.25217623,0.8344012,0.6452094,1.378955,0.02126612,0.3268086,all_pothole_images\pothole_images_new_image_718.jpg
0.40695944,3.0401368,0.6352553,1.3655641,0.8705121,1.254811,0.87645984,0.5362476,0.32741025,0.7794356,0.040366482,0.6271448,0.055330124,2.3892093,0.10017715,0.4690798,0.0,0.5001515,0.24204516,0.08356813,0.0074662287,0.1436016,1.5696601,2.722905,0.14873962,0.021699328,0.18549553,1.0003902,0.2797642,0.80214316,1.0213488,0.0,0.06925005,0.22849678,0.72694105,1.0892098,0.72569096,0.15395342,1.1038355,0.0024027524,0.60654706,0.20245002,0.7037949,0.4921594,2.013601,0.06632248,0.01376842,0.071797974,1.421428,0.043151006,0.9177738,0.9571977,0.31064317,0.11240377,0.3903508,0.93441516,2.5513444,0.07017746,0.5926263,0.8334168,0.0043538753,1.7162277,4.4850016,0.56291336,0.12694201,1.0829561,1.3417615,0.044667084,0.14988266,0.29606676,2.5957797,0.78721875,0.11243208,0.22289553,0.42617318,0.13226847,0.042137064,0.04306109,0.06775133,3.6058679,0.041618638,2.0338702,0.84959084,4.416907,0.78129184,0.33320212,2.1125767,0.039125912,2.406818,1.5478995,0.36728925,2.735765,0.029689295,0.6508134,0.5287082,0.9677161,0.12353496,1.724463,1.3978603,1.2910634,0.23766342,0.1497516,0.24956183,0.84616524,1.9167125,0.30928376,3.3269453,0.23201844,1.421949,0.9779139,0.8439977,0.6793897,0.20865181,0.51657945,0.08492279,0.7699071,0.10789877,0.9453528,0.5183132,0.118794024,1.9488232,1.9291229,0.03457505,0.5259023,2.060974,1.8347967,0.45292434,0.050672647,0.5411593,0.67260337,0.30008784,1.0081692,0.36014715,2.2536092,0.26452315,0.0,0.061240975,0.5625781,2.134319,1.2328395,0.032152276,0.6640283,0.20049338,0.42841446,0.7317245,0.14490499,0.6584287,0.06662133,0.9089763,0.17614353,0.054728974,0.24798085,0.3911303,0.02745832,0.40760463,0.15890607,0.36036694,0.09556857,0.35649946,0.3650997,1.8107615,0.47584423,0.6082253,1.4352046,4.249735,0.44261363,1.8489879,0.0,1.0673383,0.8189942,3.4428978,0.16837268,0.75860083,1.2020258,2.3612826,0.19932444,1.1241187,1.2365934,0.044955835,0.043104522,0.18834013,2.386353,1.1842155,0.24506086,1.6529965,1.213212,2.5678906,0.35139823,0.015721083,3.781721,0.94742054,1.5826917,0.33550826,2.9037395,1.5074956,0.21237783,1.2333691,0.9515602,1.5962117,0.0121255,0.81761503,0.30297506,0.6601805,0.66123307,0.47463748,0.32135695,0.0,0.005008171,0.6105075,0.26496625,0.4527294,1.6091174,1.9072272,0.48606497,0.35041973,0.032676592,0.17136475,0.101595655,0.7697184,0.0874818,0.76635545,0.25897902,0.5144484,1.178965,0.022170918,0.20123686,1.1241058,0.077809714,2.5779238,0.06027106,0.30036047,0.9109739,1.2845038,0.9419101,1.4795152,1.2001984,1.328468,0.041831873,0.20782883,0.13094673,0.320439,0.39860666,0.014849314,0.47116274,0.564905,0.0514438,1.900622,0.6035213,0.13847,5.1266317,1.8209987,0.042483125,0.11306405,0.088902205,0.3175099,0.0,1.7552215,0.034885507,0.28038138,1.1724848,0.83814937,0.19710423,0.5992265,2.1010482,0.0024174436,0.6496888,1.7526617,1.3974681,2.4165254,0.0,0.4216868,0.7723354,1.3677917,0.055319507,0.47982436,2.9029644,0.38067734,0.059174616,0.01781206,0.061323896,0.35016024,2.5456913,0.35871637,1.2021154,1.256838,0.5477235,0.67566794,2.0909972,0.8615042,0.073653616,0.17307138,0.5886164,0.111109555,1.9191622,1.7732176,0.4813074,0.7334794,0.46823815,0.3693123,0.42305747,0.0,0.7352858,0.8458049,0.8058358,5.37195,1.5777651,0.5822141,0.09717026,0.5783518,2.459877,0.0,0.3072944,2.7663496,1.4577861,0.10989438,0.13951726,0.65553236,0.6044258,2.9598145,0.23453078,0.17333788,0.08654678,0.0,0.0,0.0,0.4971115,1.8317343,0.49902076,0.8593751,0.8232551,2.292584,0.093025796,0.20315552,0.011350634,0.14766264,0.32909548,2.4906774,0.44293237,0.11995646,0.373996,0.0,1.1205069,1.3334926,0.52410364,1.8284156,0.015972193,0.38933223,0.0048940326,0.013266658,2.0408955,0.32596847,0.004040372,0.20817097,0.30548418,1.4052052,0.30624694,1.4673431,0.5876494,1.1873106,0.21297622,0.25655234,2.6805623,0.73705685,0.0,0.0,0.5073084,0.6626918,0.32974377,0.0024155045,2.9836812,1.3030373,1.1409513,0.15606546,0.67682,1.1231513,2.4903889,0.14236507,7.6704644e-05,0.075653024,4.8894215,0.26513994,0.675484,1.3193499,0.31743604,3.0327594,0.07653147,3.503245,1.1403533,0.9174854,1.0626886,0.3193752,0.30121598,0.36775786,0.3443483,0.011199019,0.65420824,0.02231486,1.6147827,0.16503797,0.21443234,1.6217083,0.35922003,0.23848304,0.88479626,0.31831142,0.029096281,0.74538887,1.2495755,0.15666595,0.23619743,0.09908348,0.9548453,0.20791623,1.9849032,0.24964677,2.668482e-05,1.0810475,0.8932931,0.36251122,0.1594492,0.44574764,0.06429503,0.0,1.5718434,0.88092256,0.47242293,0.4340617,0.72682035,0.86664647,0.17734979,1.1825706,0.7649485,0.0027220875,0.16301689,0.0,1.4295641,0.41171607,0.29743135,1.9250603,1.221233,0.74565035,0.7375409,1.4154679,0.32628274,0.21897571,0.3705806,0.76269925,0.054962453,1.1596376,0.4594525,1.0970998,0.40428326,0.036915768,0.0,1.2651935,2.759992,0.4786544,0.92749023,0.1862793,0.28862658,0.7621301,0.42731234,0.832617,0.33945224,0.42829147,0.07786042,0.8763482,0.0060049337,0.58426976,1.0760556,0.1642591,0.07652042,0.20476869,0.13412109,0.159053,1.618747,0.7980347,0.075066194,0.44795918,0.13434269,0.07193763,0.6061433,0.8279142,0.0035012236,0.081212066,1.9472077,0.6760788,0.98299,0.09162303,0.07467339,0.008796587,2.1635692,0.0,0.0,0.27206886,0.27593794,0.5024875,0.21187483,0.012097299,1.1156512,0.0025107458,2.065989,0.06574295,0.031473245,1.5068822,1.5874832,0.16548169,2.0635884,0.26777294,0.42255202,1.0913793,1.142204,all_pothole_images\pothole_images_new_image_719.jpg
0.028950565,1.5329154,0.35425648,0.40639585,0.9517917,1.3880875,0.92213327,1.9541194,1.6283318,1.7297343,0.10265714,0.6723458,0.1260909,0.2935392,0.35421777,0.19412613,0.055752795,0.14719293,1.4444387,0.61777276,0.26461485,2.7556477,1.4210557,1.8925809,0.17978738,1.1159887,0.4495152,1.2715371,0.29147103,1.2731943,0.5015706,0.0,3.1985161,0.1534965,0.9922054,0.5207035,0.8585342,0.053483758,0.017859895,0.6453363,0.9303046,0.4534301,0.18076515,0.70021623,0.68564975,0.1957246,1.064704,0.0,0.63514787,0.38608414,1.5023769,1.4906616,0.68316853,1.1695633,0.23794816,1.3071419,2.8037457,0.38125297,1.0528915,0.8705026,0.038082253,0.4636273,3.1524718,0.20551017,1.3508801,1.8256798,1.8558182,0.047711704,0.110280305,0.60306,0.026269933,0.1802372,0.13119633,0.16245882,0.48820245,0.75443166,0.84692675,2.924377,0.12086736,0.32053882,0.37827268,0.4263184,0.06290151,1.2243954,0.96439236,0.9474188,0.35043553,0.20657142,2.6046612,0.4448874,0.19536956,0.57934,0.6450891,0.013870844,0.06371197,0.070448466,0.31229678,1.1564933,1.3460653,0.17393011,0.58401954,2.9264112,0.71749085,0.6370159,0.642556,0.5146684,0.30180928,0.8071495,0.58246,1.2064687,1.5751847,1.7647163,0.8408646,0.30792746,0.8769971,1.0846648,3.2730083,0.30026463,2.2408917,1.5404536,0.6081093,0.16102323,0.8856344,1.8240637,0.8915685,0.09711191,0.31805313,0.54159963,2.42389,0.7901187,0.37190008,1.938646,0.06449965,1.9391966,0.062308367,2.0669475,0.14256072,1.0652608,0.63041866,0.54395896,0.37748694,0.18865274,0.4737124,1.05967,0.78114164,0.15467407,0.63972515,0.51608527,0.95820475,0.98834693,1.3004501,0.04111598,0.53100663,1.1460685,2.2939997,0.24644695,0.30713668,0.41221625,0.54066086,1.8953971,0.010706675,0.0032673448,0.106754854,4.007984,0.053638384,0.6041817,3.0035315,1.0731424,0.6679983,0.0,0.84711087,0.06315483,0.14953136,0.8571111,1.4676628,0.4652994,1.2411267,1.3106929,0.2888234,0.8359272,0.34154424,1.3646319,4.1320434,0.7044706,2.780681,0.25008553,0.44939265,1.0781094,0.32594725,0.61232656,2.2173426,0.02341315,0.0,2.2538147,1.2969149,0.12589832,0.038920484,0.6007718,0.14198011,1.6314703,0.0051859296,0.0829087,0.48155853,0.37069172,0.5867515,0.16895014,0.08421257,0.18710078,0.5298423,1.1512381,0.32405388,1.0448779,1.2262399,2.3600457,0.1373402,0.6749484,0.37032935,0.35315377,0.6722557,0.76178163,0.38920668,0.942778,0.5050714,0.70287776,0.3481528,1.2853186,3.243088,0.14791344,0.1365264,0.0,1.237108,1.0884532,0.27009887,0.010427038,2.8042626,0.15979603,1.1804011,0.028086623,0.54324484,0.08296367,0.859145,0.32548052,0.3934109,0.21429056,0.29609302,0.44642922,0.09712971,0.19621502,0.84164006,0.76977164,3.2931437,0.053005606,1.3787656,0.06485636,1.4424394,0.8416079,1.8965166,0.24346063,1.1265787,1.3314602,0.87232083,0.572158,1.0854585,0.8719392,0.5616956,0.25959,0.12949629,0.23903383,1.8609799,0.49128383,1.4414337,0.13879642,0.5688492,0.0807823,0.13727076,0.5416746,1.0672119,2.2774305,0.10074016,0.47398978,1.4449593,0.47278014,0.65025604,2.7101097,1.2460443,0.7573826,1.362527,0.7972702,0.6212675,0.55013835,1.3832375,0.7648774,0.34061113,3.2170353,0.15201086,0.67669713,0.4672428,0.30772826,0.23363414,0.46915475,0.0007091155,0.41784427,0.58484393,1.1132432,2.9230301,2.0266569,0.042593557,2.258361,0.23408349,1.0473727,0.50755495,1.847835,3.0977232,1.8545367,0.3272417,1.8322723,0.42660514,1.6999396,0.89466906,0.30569157,0.67934006,1.9132423,0.23315768,0.2818694,2.834404,0.6955907,1.4624836,0.15259543,0.5087723,1.3324993,3.636078,0.06896627,0.6362982,1.2611592,0.66407543,0.9420058,0.13978377,0.9082948,0.42968586,1.7660441,0.32781067,1.4154525,1.4444002,0.06687013,1.1898355,0.064245574,1.2775162,0.07765032,0.08763075,0.637653,1.8560687,0.20959012,2.0654886,0.290474,1.0132079,0.021446573,0.600128,0.22766674,0.24111748,0.09981413,0.45720664,0.5526518,2.0049787,0.85838765,0.039299596,0.6372347,1.8708293,1.6131101,0.01902951,0.37174326,0.84200776,0.91517603,0.5150296,1.5586411,1.4921155,0.9256829,0.07895347,0.5467224,0.23041981,0.17353597,0.020120056,0.46140328,0.08902734,0.09158527,2.3200076,0.72166073,4.177169,0.33576444,0.217258,0.8951805,0.19323644,0.40141273,0.0712688,0.62649703,1.8624728,0.21337356,0.25241455,0.31381962,0.561799,0.10279577,1.4620427,0.08105173,0.5117381,1.3722285,0.21952015,0.1591751,0.6512112,0.061973944,0.6878928,1.6059794,1.0028036,1.0877125,0.7305145,0.0990279,0.21071327,1.1209707,0.99198025,1.6447324,0.660556,0.1638988,1.3848618,0.659958,4.6453094,1.9419026,1.363502,2.5094352,0.8414237,2.4559813,0.8288354,0.21384375,0.18420467,1.1986688,0.5960303,2.8442068,0.16075175,2.9089959,1.7311438,0.9428029,1.354189,1.5008787,0.48669413,0.074166805,0.11142063,0.21968839,0.49732208,1.1859196,2.385143,0.41132373,0.08837878,0.65984297,1.4282833,0.2763554,0.80008745,1.444622,0.6738581,1.4911494,1.2206647,0.47859856,0.1906528,0.9041281,0.3116059,0.8646055,1.235206,0.33377984,0.00968611,2.1793923,0.36166608,0.22649616,0.5340516,1.0632385,1.5962728,1.2850759,0.62591624,0.17022885,1.2860266,0.5636082,0.2006542,0.5721086,1.4552394,1.2087517,1.8024192,2.6682346,1.1613156,0.92295384,0.004281208,0.8905339,5.197728,0.24803889,0.3600313,1.8048251,0.14374606,1.0185481,0.44587684,0.13672692,1.2048295,0.21664537,1.0954462,0.33617657,0.6090427,0.19653976,0.48303655,2.102455,0.8241482,3.2310092,0.90528923,2.0839365,0.0,1.1707224,0.8109169,1.2314328,1.3593426,1.2546811,all_pothole_images\pothole_images_new_image_72.jpg
1.5014071,2.5265472,2.379192,0.8402715,0.5220783,0.22922668,0.0861924,0.98652077,0.28409857,1.5106848,0.9592861,0.535805,0.4498917,0.09762942,0.71006423,0.21388686,0.4172651,0.54354006,0.3221656,3.3248887,0.44167823,1.402813,1.1458144,0.87251526,0.05339531,0.5556516,0.34746546,0.43065724,0.47937298,1.2965311,0.7455949,0.86092794,0.2991192,0.15170313,0.09996395,0.81425786,1.6594799,1.0183359,1.3569801,1.0119216,0.9004845,0.6714237,0.6349171,1.0835332,0.43550155,1.5522681,1.391048,0.1114413,0.7355549,0.4639724,0.018812388,0.61042875,0.3320384,0.6890472,1.6629859,0.23723608,1.6414751,0.1872244,2.041639,0.08721418,0.39730048,0.56858975,0.20603372,0.024569044,0.20678014,0.44484827,0.20101948,0.75423926,1.715676,1.0281705,1.1372894,0.05015374,1.1022037,0.5980036,1.0353255,1.6709454,1.65304,0.5450818,2.174942,1.1748769,0.9854928,0.53844655,1.1914032,0.27189478,0.33535174,0.4629371,0.00037478344,0.100157864,1.7855561,0.70030844,0.47574937,1.432838,0.104037166,0.31601942,0.7362984,0.33798566,0.8981164,2.414186,2.2414997,0.82472396,1.3508204,0.563925,0.09129954,1.6636536,0.5247521,0.6240595,0.94818544,0.30868968,1.3099961,2.3086202,0.7639759,1.6574279,0.51063085,1.0828995,0.7427091,0.09669294,0.7737986,0.9110691,0.9430822,0.7252506,0.46135765,0.97980905,0.40702072,2.1572833,0.5247748,0.88474107,1.4460775,0.5438967,0.23697415,0.19221553,1.2765815,0.52509004,0.31513524,1.4482167,1.2293762,0.3959287,0.32455117,0.26830846,0.44699275,0.36475855,0.14309956,0.51340544,1.4338473,0.05421531,0.07128073,0.24429029,0.11626251,0.18292606,0.8467313,2.1102483,0.83293,0.2579435,1.2785642,0.7094094,0.80237466,0.7434248,0.94636446,1.1614423,0.26388764,0.500792,0.9846078,2.3188298,1.5053941,0.09406665,1.6674455,1.3965877,0.5342896,0.71961886,0.33326575,0.1307857,1.2229047,1.0370169,0.7185759,0.65114033,4.1049333,0.1655865,0.5047231,1.3428105,0.7859194,0.20703112,0.18996902,0.05661343,3.63988,3.3596683,2.1997802,0.459708,0.32811436,0.077299364,0.20948462,2.6033866,0.16262427,0.7508756,0.038745735,2.7224054,0.8020035,1.0279737,0.95893526,1.2873477,0.46661684,0.863177,0.34910688,0.5368451,0.43364376,0.38071066,1.0800226,0.77831036,0.5650284,0.804493,0.2046294,1.0460001,0.7230965,1.6699402,1.4753723,1.6447884,0.14869955,0.5421311,0.4209786,1.3910913,1.4834377,0.23941202,0.44735405,0.9173641,0.14140233,0.56641746,0.24839805,0.06233715,2.9703841,0.6971615,0.21700531,1.2514052,0.40875146,0.073918976,0.9413062,0.5926109,0.5812043,0.029560072,0.4163893,0.78406894,0.5043605,0.856872,0.07185498,1.066563,1.5784652,0.93068373,0.80792385,0.11626728,1.4834311,0.9057679,1.1624848,0.53392535,0.917526,1.8630878,0.3612827,0.8417626,2.4588327,1.547581,0.583545,0.4838421,0.07385003,0.0,0.12168913,0.58258235,2.05658,0.36706355,0.020106625,1.6240826,0.13192098,0.6626034,0.43847406,0.26357552,0.70378757,0.38574567,0.3041262,1.7679603,0.40368676,1.8360496,0.903521,0.009503344,1.6344926,1.1276087,0.15001203,0.0,0.3732963,0.9381899,0.7873022,0.23170166,1.6776669,0.6111529,0.4573393,1.0706606,0.8603345,0.4685103,0.009987754,2.2102654,0.86883545,0.2328389,1.8208419,0.3115612,2.1795611,0.5436821,0.020309133,1.033552,1.0219588,1.9070903,0.8018352,0.48587042,0.35476622,3.7653987,0.96612954,0.9526048,0.9902537,0.70603687,4.322086,0.99567187,0.06682678,0.22063744,0.71554387,0.28074688,0.8016305,0.33702812,0.5687182,0.7820102,0.8560771,0.16775334,0.071611494,0.41618642,1.3705313,0.55236465,0.21981776,0.13446827,1.1613349,0.35310185,0.9395541,0.13041908,0.24452326,0.6769646,0.17187063,0.26534137,0.20546952,0.08394101,1.9273847,0.04423455,0.94341683,0.8989605,2.2069976,0.10800104,0.019347925,0.12656732,1.0036579,3.1500747,0.83021575,0.822135,0.49138632,0.37033376,0.30330423,1.2982136,0.017184932,0.10458375,0.1692618,0.51923966,1.0772961,2.2624934,1.0867207,1.1093879,0.22913827,0.49591985,0.53867364,0.40161988,0.0959377,1.2345268,0.9235491,0.8736431,0.95721924,0.3011561,0.5746192,0.32273778,1.1761186,0.4539616,0.5068803,0.27305454,0.1198418,0.5085842,0.34191632,2.0191932,1.8400651,0.120371155,1.0413271,1.2233754,1.2045242,3.4264264,2.8941052,1.9336243,0.31309447,0.38073644,0.2462459,0.69466025,0.28191748,0.48984483,0.46846604,1.1974295,1.291945,1.1262023,0.21639232,0.94297457,0.28373164,0.0003897562,1.2099301,2.5549152,0.49922398,1.1193097,0.744224,0.004758321,0.7153413,0.696329,0.0021840578,0.6907616,0.5184026,0.54744035,0.38854107,0.27221137,0.5671721,0.6821643,0.5512103,0.7546219,1.4434068,0.100845054,3.252771,0.12655608,1.466991,2.4740329,0.23263398,0.012296446,0.22751714,0.51696384,0.4026837,3.1980789,0.31512347,0.22835827,0.30260962,0.037847664,1.3935213,0.9961203,0.69195235,0.17254302,0.203198,0.45063084,1.1347034,0.19807473,1.2019048,0.9344606,0.6564665,0.73690796,0.11895035,0.7162109,0.29706568,1.3806379,0.16106777,2.5510578,0.16471313,0.17466618,0.138752,0.41736937,1.724751,0.12352837,0.5574468,2.9783776,2.1164248,0.51206946,0.91961986,1.4667859,2.5592463,0.7946116,0.7389059,0.05227024,0.8531802,0.5740502,0.12689249,0.65379393,0.80962247,0.76765877,3.5981567,2.5924687,0.7981843,0.06285518,0.4094792,0.89068866,0.44116205,0.46668726,0.26155785,0.3906983,0.23197831,3.0200942,0.036790375,0.6365161,0.68866754,0.60579705,0.30796176,0.378677,0.36351138,0.54240525,0.01237966,1.2703425,0.13762096,1.2030704,0.60318583,0.32012242,0.8838784,1.6639241,0.05055163,0.26966226,2.0716152,1.6455135,all_pothole_images\pothole_images_new_image_720.jpg
0.14199136,0.2410297,1.3594605,0.94396985,0.2488419,1.9116538,0.46211806,0.967932,0.6627157,1.2274606,0.5296878,0.986519,0.076973744,1.529602,0.034404594,1.0105824,0.15819027,0.6889154,2.778694,0.3006935,1.2273935,3.0191305,2.589041,1.0988292,0.47537524,0.7640112,0.008960132,1.3062638,0.36105472,0.151067,0.046610847,0.22232953,0.9712292,0.4354382,0.5690834,0.824523,0.79170585,1.073091,1.2144755,1.4252839,0.22932857,1.1994109,0.784332,0.8105835,0.42989337,0.7332012,0.2960071,0.07190079,0.3230085,0.2867526,1.5100094,0.21097755,0.14051047,0.24437082,0.96748734,0.5953697,3.566988,0.15576926,1.22621,1.7887378,0.8132673,0.850469,1.7610592,0.17206058,0.37661898,1.3091352,1.1673121,0.6978119,0.7570768,1.3010182,0.47674358,0.29283136,0.7188895,0.27549517,0.30056092,0.17984018,0.20684715,1.1961883,0.025443008,0.49883783,0.02073361,0.22114216,0.62680835,1.7706016,1.0679231,1.1373118,0.40121287,0.06444589,1.5002198,0.42513663,0.45502877,2.1616302,0.54473156,0.76508385,0.23397999,0.17553481,1.4063026,1.3019221,1.4279337,1.0620953,0.46371847,4.4092574,0.9652922,1.1482785,1.6967295,0.56372523,0.13397855,0.19385049,0.3957492,2.3455215,0.24599212,2.3038077,0.15563273,0.47196892,0.87120676,0.07431281,2.1124449,0.7962863,2.6647513,0.89741147,1.7210844,0.22321059,0.7073032,1.0435866,0.9073135,0.7393631,0.34055054,0.8020779,1.2890441,0.8423091,0.81279,0.6053401,0.1710055,1.4890637,0.33301342,1.2557297,0.28096598,0.7075114,0.14477363,1.3945563,0.7735986,0.23767138,0.725201,1.6564826,0.041006356,0.38774,0.84968346,1.1985623,0.25311327,0.70596296,0.19635871,0.61346954,0.15676856,0.89762634,2.6158,0.44165894,0.10695309,1.0600225,0.12936044,1.8924398,1.974142,0.7240031,0.15704046,1.8499919,1.519959,1.2241607,0.96716255,0.5610014,1.6164105,1.260577,1.9246345,0.43526983,0.09754893,0.8089399,0.61395437,0.53293043,0.51041543,0.0786256,0.12252671,0.52120584,0.9683637,2.267981,2.0542235,0.65843916,2.763087,0.592668,1.055477,0.6597067,0.8134077,0.56878966,1.13652,0.0055549275,0.15115282,2.3988917,1.0500617,0.34707597,0.26027676,1.18568,0.39115974,1.2380137,0.3966628,1.0860367,1.8510231,0.46193865,0.7554136,0.35448283,0.039009117,0.36521238,1.3146573,1.0155079,0.0,0.5350794,2.312834,1.7794591,0.56243527,0.42530712,0.8170556,0.71001524,0.6235474,0.35655966,0.39164338,0.7897116,0.53698254,1.0928686,0.26690012,0.32300723,2.971983,0.6985093,0.9459511,0.24386176,0.08332157,1.8236285,0.43025666,0.20682262,2.5258925,0.6370075,1.288995,0.40393892,0.0064339624,0.23888507,0.79700357,0.163342,0.6956547,0.94362044,0.13884723,0.021315295,0.27303192,0.06439368,0.10267262,3.5616145,4.4751225,0.17194946,0.6486342,0.28552347,0.11809646,0.4073593,1.0406276,0.93720996,0.8133317,1.8056537,0.661509,0.2535389,0.49798653,1.5197828,0.88075393,1.8655831,0.0027914995,0.27396384,2.313299,0.07843704,0.96936417,1.3101482,0.009048383,0.0,0.09985369,0.05363148,1.0313972,1.29103,0.32200515,0.47014394,1.3753408,1.386544,0.09427393,1.312736,1.4941874,0.91556114,1.3971987,0.57874465,1.060618,0.44559482,0.2439704,0.39369634,0.013956021,3.5352218,1.331236,1.6418401,1.2441819,1.0045352,0.18779817,0.8377192,0.118557684,0.42055967,0.84708893,0.12534447,3.2246013,1.5425701,0.51185024,0.28754875,0.2600667,1.1283458,1.7261943,1.9804201,2.41495,0.8795602,0.5843001,1.3789166,0.12794137,1.3865092,3.2446017,0.24154386,0.29425701,1.5159457,0.7752101,0.34544334,2.3652263,1.2044665,0.378289,0.093437254,0.4251746,0.59319264,1.1687785,0.9709449,0.7940657,0.35857344,0.23663159,1.0059183,0.7059866,0.7386401,0.12529236,0.5178784,0.3783665,0.5072159,2.5364416,0.24753523,0.77285284,0.10085458,0.4195026,0.110820204,0.069415405,0.861671,1.1413699,0.27126095,1.128383,1.662995,2.4559107,0.26171175,0.65737545,1.7356583,1.1779162,0.19993061,0.3008358,0.040422905,1.3919002,0.98278743,0.20664783,0.54581237,1.769209,0.9938868,0.5101656,0.33932984,1.8698431,0.7042625,0.23020872,1.0144981,2.1961398,0.13171096,0.0,1.6585684,1.9982923,0.8947019,0.57588243,0.09606439,1.0345454,0.8546398,3.0251343,0.026247948,2.3457515,0.62105787,0.58250046,1.7191775,0.1554911,0.34323454,0.11549509,0.69889987,1.1449198,1.0968995,1.269071,0.78521127,0.74017286,0.2396096,2.6872003,1.6342618,0.50908947,2.1702213,0.1941232,0.089322545,0.53794235,0.7941157,0.5101153,0.07328453,0.039487883,0.123640224,0.54926884,0.42222238,0.017446686,1.07152,0.9707484,0.38423148,1.7406404,0.38016883,0.819098,0.47986457,2.2176223,1.7391487,1.4736277,1.012591,0.4401577,1.0123926,2.8727684,0.52014434,0.42607975,1.3436921,0.118614264,3.8915856,1.0312113,3.5828881,0.5966149,1.3215458,1.9087555,0.7057705,0.6870227,0.16816062,0.32438296,0.56870687,0.455034,0.51800215,0.64310604,0.35574597,0.084278695,2.2787333,1.0202519,0.22409606,0.795556,0.5591994,0.9172587,2.2742581,0.6003114,0.27164292,0.85096794,0.9785475,0.024312679,1.5817589,1.2662376,0.0225138,0.2369572,2.5780616,0.10029526,0.9998193,0.09932229,1.9889705,1.8658948,1.2597233,0.16114803,0.7523734,0.4932413,0.19713649,0.7468771,0.2382496,1.9045824,0.18090557,1.8805109,3.7673092,1.3505894,0.320648,0.05283855,0.9010287,3.2769938,0.06742028,0.63346106,0.6881795,0.71502686,1.0622712,0.070289746,0.2989177,0.90257317,1.3855681,1.8098378,0.40868992,1.8335466,0.25616542,0.14053392,3.8874962,1.4916761,0.61243194,0.68609625,1.518163,0.24965258,0.22317018,0.6206683,1.5247778,0.9140687,0.25812536,all_pothole_images\pothole_images_new_image_721.jpg
0.07224469,0.073994674,0.1459471,2.487497,1.0705994,0.31238753,0.0,0.007944574,0.9233119,0.0393138,0.8334813,0.0,0.18983667,2.4404647,0.00078939355,0.17571431,0.22797242,1.4571204,2.995391,0.014458651,0.5344281,0.47437248,2.0122428,0.4467314,1.2094558,0.029253565,0.40238068,2.7237034,0.0076021557,0.01985884,0.30368313,0.01827111,0.040344745,1.0113894,0.016430499,1.0625795,1.1951789,0.9903941,1.0380313,0.21053877,0.07970821,0.0006350142,0.38567644,0.36955914,0.13499774,0.49643013,0.16853628,0.9559016,0.058389314,1.7948858,0.7220485,0.053195573,0.56177056,0.13141182,0.096721396,2.349158,0.023604156,0.7782749,0.00043490497,1.0245316,0.44194442,0.0,0.13008066,0.13461347,2.8979638,0.30992785,0.4379098,0.003991717,0.11299839,0.030025668,1.3966379,0.018826937,0.13690677,0.013491802,0.32886973,0.0,0.16168833,2.104845,0.04668524,0.5714008,0.0,0.40067095,0.016460227,1.2568643,6.372389e-05,0.0036824073,0.06751054,0.002978294,0.21678023,0.47776094,1.2288213,0.005037652,0.18517682,0.49513325,0.43777224,0.055994723,0.35003304,0.98434305,0.22313598,0.6046163,0.52625585,2.1118839,0.059980858,0.007504657,1.8090618,0.017905207,0.0825716,1.4076341,0.3208339,1.5216974,0.5725404,0.0855988,0.0,1.9742469,0.16294558,0.0067980397,0.011642497,0.9662151,1.6277717,2.9664962,2.430502,0.097069174,0.027993172,1.3006868,0.08261767,0.5181732,0.24168342,1.0827398,0.09872542,0.15464988,0.18671057,0.364483,0.07746154,0.36236456,0.539582,0.6233106,1.6209439,0.75062186,0.034198314,0.27672374,1.5313352,0.063748576,0.008866689,1.5382771,0.0,0.7241303,0.049272828,0.10695779,0.032455742,0.21720006,0.05377032,0.79129875,0.56550807,0.6946272,0.61708754,1.2472786,0.7937051,1.0495173,1.0327332,1.7944576,1.8239864,1.7377778,0.07224358,0.89358574,0.00080262386,1.2861594,0.8385398,0.052692015,0.016089432,5.6735034,0.18664952,0.015081665,0.0,0.008952496,0.10099965,0.0456921,0.16954736,0.18682925,0.017543007,0.065819256,0.037294563,1.7583599,0.0010309295,1.9916486,2.3971574,2.9545236,0.46474737,0.1117152,0.30541176,0.055232804,0.1297699,0.39363223,1.9057542,0.0017707455,1.7473243,0.81971335,2.562584,0.016251663,1.2217994,0.037910394,1.7355661,0.3145129,0.0,0.0013933954,0.48167777,0.21474923,3.9663677,0.46109614,1.4753245,0.18697119,0.020746464,0.01157217,0.12598197,0.03568303,4.0344424,1.8658537,0.016381107,0.117155775,0.88363826,0.039422102,0.07715289,0.09776578,0.0,0.15711637,0.0,0.17705096,0.07652594,0.6122175,4.917381,0.88260496,0.095827006,0.0,0.6058134,0.80201423,0.47398517,0.0900712,2.0739279,0.41854212,1.6657232,0.25722426,0.02084744,0.030410936,0.6494046,0.33394718,1.2141104,0.08594522,0.0,0.48808643,0.0014528012,5.527413,0.5451333,0.06532444,0.0,1.043606,1.0288922,0.0,0.044835526,0.86250585,0.0,1.428059,0.88445854,0.6298294,0.50618947,0.009558558,0.01534682,0.29374322,1.0941073,0.19358478,0.9124593,0.14248545,0.057243045,0.0,0.49504873,0.54502386,0.7256651,0.23540579,0.35255837,1.2024393,0.34556887,0.44144663,0.2728093,0.9646941,0.6791545,0.10168139,0.12820755,0.04528155,0.06293512,0.7971733,0.09958203,0.30365098,0.0,0.098387375,0.0,1.1829304,0.11223234,0.829284,0.0221994,0.016523106,0.3345537,4.808874,2.730054,0.24622138,0.034069207,0.32889682,2.6100934,0.0144096175,0.48703945,0.059140015,0.15684432,0.008392486,0.67797786,0.34443066,2.4625654,6.1181264,1.7701814,0.5342881,0.0003684309,1.1510831,5.862468,1.1037757,0.24393971,0.06168159,2.7012198,1.4223421,1.9133288,0.84493256,0.21727182,0.0,0.042881697,0.0,3.2817416,0.3622708,1.2231972,0.31427294,0.058247283,0.0,0.533013,1.3667605,0.26783398,0.70366526,0.006726995,0.0,3.808987,0.9288531,0.52083725,1.390416,0.14511468,1.7686588,1.7364025,0.18706891,0.31701627,0.15504764,0.1256318,1.3028699,0.30967808,0.019592196,0.0,2.5792525,0.017839352,2.3225462,0.51004285,1.44291,2.217078,0.0,0.3528425,0.101822376,0.10334664,1.2198409,0.34204116,0.26656193,1.6727746,0.0,0.06885951,0.07762491,0.004209041,0.0062321583,0.15228073,0.637709,1.3155215,0.107886724,1.6056753,0.0040400084,0.038556006,2.1904025,0.171417,0.55880976,0.47484207,0.05210699,0.2716601,0.7810952,0.79035896,0.0063523278,0.0068056257,0.55057526,0.34391028,1.4186153,0.83925474,0.24166356,0.11651755,0.399713,1.1999348,1.9718211,1.6937797,0.019225532,0.8294792,0.13660513,2.132763,0.25326565,1.7617402,0.022704912,0.8335171,0.010165654,0.33200517,0.15753864,0.0,3.0518637,0.08189276,1.5195513,0.3469438,0.021688439,0.6562561,1.7677537,0.0,0.15495811,0.9300599,0.53952074,0.00033517854,0.085164,2.774632,0.7711452,1.1813607,0.016663233,0.4547207,0.32097986,2.2163427,0.7310282,1.0352789,1.1659787,0.5502716,0.6589396,1.3827143,0.0,0.0,0.4408215,0.0036625776,0.010617651,0.12359763,1.162286,0.056775473,2.5806792,5.009633,0.0024307482,1.2991966,0.069712825,0.00029727176,0.60557735,0.015736083,0.033026144,0.007832803,2.365332,3.0424764,0.1322758,1.7021192,0.10703176,0.0053780256,0.14819595,0.08899747,0.23466834,0.5172683,0.88106436,3.160224,1.288494,0.0,0.4031781,1.8674713,0.0,0.43448067,2.0208306,0.41458705,0.23417008,0.0071302573,1.797244,0.6793912,0.10783132,0.1568855,0.019941537,0.01239703,0.0,2.1418574,0.6509125,1.3283564,1.0480213,0.085455365,0.48382062,0.16385867,0.096088596,0.0,0.37056768,0.089025624,0.12559247,1.1866108,4.1483192,2.4767518,1.1099336,0.6398908,1.4575058,1.9318303,0.12957034,0.30479437,0.015639454,0.0,0.0030332191,all_pothole_images\pothole_images_new_image_722.jpg
0.44091064,1.9527159,0.49606085,2.2252703,0.32705072,0.4116365,0.19470517,0.022824416,0.81382376,0.1803755,0.39392883,0.28342167,0.14906232,1.321838,0.05336336,0.5372445,0.08842262,0.67322665,0.032055873,0.0,0.99500614,0.27554536,0.33395272,1.6300728,0.5527938,0.5840501,0.13375369,0.56298786,0.0221227,0.2216605,1.0768821,0.81738865,0.1903347,0.69143,0.5641144,0.14042854,0.8654953,0.3174406,0.53504664,0.07655795,0.49219173,1.2601154,0.72693616,0.09289231,1.3004923,0.2337824,0.24321283,0.56365293,0.84839284,0.06090355,0.21029022,0.17186852,1.8459942,0.24462445,0.12337146,0.70447385,0.48726878,1.3161119,0.50334954,0.4871976,0.3528825,0.36614978,0.0039284257,0.6343402,0.47047317,0.20486934,0.35258996,1.1193217,1.0075777,0.6740403,1.8028626,1.1188835,0.020684972,0.07186198,0.05437431,0.321725,0.6327596,1.3437067,0.0,0.105993696,0.0,1.5020291,0.65807295,0.78914374,1.024404,0.5849328,0.7451279,0.112321615,3.0769174,0.8372088,0.12741335,0.9245454,0.32916507,0.3129882,0.8973567,0.09082916,0.9527927,0.58516467,0.020105377,0.7129734,0.27713534,0.90159035,0.48480582,1.3278131,0.6087311,0.048917953,0.7916428,1.0868841,0.16730379,0.823814,0.61026114,1.1559757,0.7532937,0.86081946,0.5416959,1.0239819,0.27348217,0.09247136,0.39136696,0.38943216,0.13438925,0.2886903,0.32794785,2.0600731,0.7567307,2.1772323,0.62983835,0.5707108,0.33487567,0.27959147,0.14387336,0.098283924,0.47243476,0.22489251,0.15329769,0.1632382,0.42602187,0.07202989,0.47546393,0.22850113,0.3207223,0.3927343,0.24543864,0.82875276,0.21159133,0.99141985,0.0030784488,0.23644711,0.47810674,0.45518127,0.36455578,0.30913627,0.11074112,0.439151,0.43450406,0.45570844,0.10241668,0.61269045,1.1306773,0.39680982,0.5197118,5.921678,0.09208143,0.11060627,0.1654753,0.1586882,2.3968515,0.027167635,0.45786113,2.4961696,1.3661708,0.13310654,0.9704115,0.0041569094,0.26726723,0.34313455,0.53111225,0.20787433,0.70544887,0.028440932,0.15990037,1.2069968,1.5853939,1.4702263,1.2890816,0.5400133,1.1553619,1.1683395,1.9724395,1.3539591,0.1279759,0.38097465,0.72963953,0.52942044,0.45846334,0.5748072,1.8632637,0.95472854,0.42119923,0.67563736,0.7009321,0.24840777,0.17463621,0.040899824,4.0711565,0.6863052,1.0494013,0.11788341,1.9565679,1.4755794,0.23419756,0.013251071,1.2275672,0.1385213,1.5833673,0.9335961,0.46013898,0.34585476,0.56380516,0.16683394,1.435971,0.76615757,1.3387622,0.8069082,0.000105812636,0.16406505,0.03666228,0.21990243,2.1079204,0.71580285,0.71398264,0.39179,0.73154074,0.9505097,0.5244113,0.19600026,0.63676614,0.16350543,0.5189122,0.8352586,0.13486458,0.37024882,0.1341875,0.04451904,0.43051574,0.4085138,0.9883698,0.31774846,1.504559,5.702658,0.08420785,0.30530027,0.04950673,0.040652122,0.38334924,0.9014916,0.5293612,0.5703949,0.48325628,1.3705297,0.48722953,0.7949834,0.13051961,0.47249633,0.36416703,0.13231677,0.18850844,1.2439405,3.101481,0.31928214,1.8622735,0.0,0.38456586,1.1154276,0.4913858,1.6096137,0.7217886,0.32452118,0.43547612,0.66610265,0.9135428,0.066312075,0.6389269,0.37295,0.42335194,0.021803213,0.52023804,1.1241068,1.1278144,0.065506645,0.076026425,0.89097327,0.0012848257,0.9896912,0.5634516,0.73909974,0.5549597,0.45784178,0.23090519,4.0665784,0.66131085,0.71161425,0.009042563,0.14544354,3.1456575,1.7965302,0.031145042,0.57092315,0.51224065,0.07675144,0.063560545,0.037040964,1.9666476,2.1692607,0.15683639,0.08022556,0.2666119,0.8369843,3.590435,0.76542395,0.6975787,0.4429769,0.37972957,0.018939983,0.76258045,0.53512174,1.4906149,0.41309044,0.7192322,1.2659067,2.378265,0.010119121,0.4786864,0.100853235,0.016365731,0.04253205,3.4685783,0.64123714,0.64381325,0.6328525,1.0787021,0.55007267,1.6587608,2.8673131,0.6459924,0.76954955,0.12508856,0.46892932,0.4866618,0.55334854,0.006517975,0.8028754,0.10130507,0.5078859,1.0118865,0.15867324,0.33963627,0.79203844,0.10735512,0.88465106,0.39564818,0.07833497,0.03616363,0.96359205,0.0277888,0.38321596,0.22631241,0.6913737,0.36809865,1.1827428,0.105235815,0.94674414,0.22697985,0.38326842,1.2093107,0.61120397,1.416118,0.55601,0.53589916,0.9060751,1.0466701,0.28452325,0.9302415,1.4682846,0.5502572,0.8286418,0.89416486,0.43855178,0.42400157,1.9754721,0.82754093,0.25426406,0.07356696,0.6810488,0.13591218,0.97255504,0.16997041,1.1453588,0.53598326,0.061440215,0.20893091,0.34326452,0.03194406,0.48474735,0.6550953,1.2385707,0.8293078,0.40588585,0.73196036,0.9665347,0.1585068,0.3095756,0.6686872,0.16856362,0.17534392,0.18560457,1.1074151,1.0496607,0.4962883,0.14319476,0.32900816,0.23678972,0.99748087,0.9532464,0.30276337,0.3492948,0.7294105,0.4607195,0.60967124,0.08669004,0.97084934,0.31727785,0.08153097,0.027955366,0.10656629,0.99727976,1.8051827,0.6435155,1.3539921,0.015737254,0.39273536,1.0843027,0.20559673,0.018953392,0.021227026,0.15286553,0.75189495,0.861465,1.6562246,1.4808401,2.1356006,1.1999332,0.67586136,0.0005974378,0.64887863,0.17066397,1.2153176,0.48965266,0.112217106,0.3273669,0.61057496,0.06186322,0.6365162,0.4771959,0.038391072,1.5545721,0.12869903,0.4190496,0.59738654,0.73162407,0.21676466,1.4661968,0.07369722,0.16351575,0.33310494,0.035923805,0.5628797,0.053239714,0.81806237,0.32619697,0.38737938,1.0310106,0.7543905,1.1496909,0.5743703,0.25751022,1.2142991,0.31385323,0.72065836,0.010415693,1.1633719,3.6551569,0.24885693,0.39022622,0.021949649,0.00069655606,0.14976074,0.11428255,0.14489636,0.039466765,1.0760326,1.1790411,0.13099812,0.8172402,0.9320581,1.8433601,3.5798903,0.80141044,0.6890528,0.6246937,0.23536295,0.27741298,all_pothole_images\pothole_images_new_image_723.jpg
0.69816697,1.0054377,0.26486373,1.10919,0.8612129,0.3074715,0.30085513,0.1302208,0.022241183,0.5050703,1.0526083,0.5486069,0.22123656,0.95868057,0.031591296,0.032825664,0.3244638,2.4049716,0.21033715,0.25534213,0.33499596,1.4724637,2.2804582,2.409824,0.35764274,0.58569646,0.06836319,2.0085082,0.13539259,0.22637375,0.20983875,0.0,0.4637897,0.55314547,1.1589811,0.86201733,0.66569424,1.3996456,0.061259717,0.053227555,0.0,0.070327014,0.27903345,1.1676764,0.578744,0.19159263,0.38670427,0.23495261,0.0086577935,0.7801336,0.7026207,0.4675475,0.45536363,0.16493715,0.30025515,1.0367688,2.7071352,0.54596984,0.22056653,0.98120785,0.08973256,0.937628,0.82355326,0.26346996,1.2563715,0.59290195,0.2517587,0.38044313,0.10652614,0.33379355,0.22109595,0.25321984,0.4575203,0.20886977,0.31484714,0.027513249,0.38617036,1.9733918,0.0,0.33570942,0.024928998,0.10187894,0.14558055,1.0127746,0.4480033,0.5702352,0.0,0.20240209,0.53941023,0.26251817,0.5233211,0.90844554,0.12536784,0.219704,0.020916935,0.03526314,2.083396,0.9212121,0.71312165,0.35970142,0.27748683,4.7541847,0.76703846,0.005852156,1.0662711,0.46519017,0.106218055,1.366807,0.32035807,0.47394904,0.13357939,1.1314433,0.9780928,1.8866819,0.03325156,0.4610934,0.57186925,0.13321313,0.6212193,1.1388179,1.8255419,0.46333188,0.32703462,1.6601408,1.6290791,0.741858,0.5362556,0.7094353,2.2946482,0.43658236,0.87999094,0.16118182,0.4054943,0.7105586,0.12158153,1.2666806,0.0036467337,0.5081011,0.8714606,0.046877258,2.991683,0.7577371,1.2859564,1.3281664,0.2579933,1.3954544,0.13787352,1.824911,0.022972394,0.0,0.4361637,1.0722759,0.59038377,0.100961655,1.697103,0.45996922,0.7527375,0.029067982,1.1005281,0.47586206,2.4226127,1.4300686,0.15631327,0.4883858,0.24998328,0.0,1.8259715,0.19106656,0.37346578,0.8960538,0.5784567,0.3217386,0.012379544,0.10615798,0.71283656,0.098204546,0.4251663,0.0053386646,0.24425428,0.1742297,0.67452085,0.61606663,2.442044,1.2513996,2.1504383,0.13204262,0.118167534,0.149745,1.0264397,0.11758965,0.5260901,0.71872336,0.3658778,1.6025794,0.18123178,0.64027345,0.23948976,0.34681144,0.37761337,0.449951,0.69963056,0.9614137,1.1852444,0.42013696,0.41301104,1.2636495,1.3972597,0.21906708,0.6124497,1.5694027,0.0,0.4298128,0.41093692,0.5562496,1.6192429,0.0037350678,1.0717534,0.1302058,0.08777412,0.009823896,0.0046268804,0.41675216,0.78190017,0.10182113,0.072701514,0.0039637983,2.6689253,0.25804162,0.5099192,0.746389,0.15607506,0.0,0.51934206,0.9852103,1.7317907,0.00015336793,0.76042426,0.29530448,0.07867797,1.3195623,1.060113,0.054023206,0.5491036,0.62004673,0.46534964,0.04643211,0.75095254,0.27128848,0.18353812,3.325511,2.1456354,0.031442814,0.100028075,0.104870446,0.14690222,0.83678705,0.29221395,0.15392533,0.12460728,2.0533674,0.5076709,0.21345057,0.07688796,0.11549508,0.44834447,0.040037267,0.44538605,0.9096541,2.436945,0.025427777,0.26329458,0.08433638,0.087938085,0.7906279,0.22902504,0.39652237,0.13698696,1.1923497,0.47252974,0.7832217,1.2299898,0.23967406,0.24415791,0.89697987,0.25802064,0.18954057,0.15494467,0.2369316,0.45913726,1.1534512,0.8999219,0.23367628,0.033298396,1.2764325,0.12820697,0.8785607,0.5112112,0.23338147,0.49761596,1.2578452,0.6282448,0.386932,0.05025524,0.063372515,2.8946576,0.08839782,0.02746978,0.29455516,0.0,0.07651844,0.2884346,1.0470068,1.583601,1.2523849,0.87727004,0.445493,0.16558763,1.2002535,1.6931438,0.2077507,0.39541486,0.0031292557,0.97633827,0.6566188,1.40081,0.107119784,1.1467164,0.10005614,2.573185,0.04150464,2.052281,0.07182224,1.3825549,0.003632338,0.011465279,0.04575566,1.2135121,0.36037338,0.15532976,0.24482125,0.67486763,0.06856993,0.6861365,0.05404832,0.5228167,0.6810547,0.28279534,0.3319358,0.019130507,0.69136226,0.03516042,0.46281314,0.3819659,0.13458274,0.73310024,0.42986923,0.13257983,0.4856177,0.015525724,1.039858,0.26462492,0.8724645,0.1500362,0.60499775,0.0,0.027298959,1.4532125,1.2689556,0.8517105,0.13387708,0.63341475,0.044242956,0.6550369,0.08853667,1.8077978,0.26569092,0.74459255,0.47153413,0.7224035,1.519488,0.26686364,0.01293031,0.42705297,1.3469052,2.7254333,0.23417655,1.4480267,0.13441724,0.0,0.2314256,1.1130877,0.4595355,0.035613623,0.42130068,0.15139562,0.0,0.44440383,0.071369186,0.11050928,0.43594956,0.39744407,2.3451447,0.9469994,1.0131443,0.046322566,0.4721955,0.6462725,0.32099077,0.5028289,0.39371786,0.024817033,0.5579517,0.052933667,0.34166655,0.23537154,1.9090437,1.146192,1.7065175,1.120553,0.16976827,0.2285305,1.6078079,1.122817,1.7530218,1.561287,0.61894226,0.81331646,1.0233145,1.4710195,0.41872892,1.011063,0.39888537,0.0009795816,0.19981095,0.74282455,1.760894,0.76310146,0.4476172,1.8795835,0.20925537,0.5953786,0.6605105,0.4584946,0.039327487,0.21719182,0.15111342,1.4381816,0.8212175,0.31109485,0.8416469,1.2396098,0.12748376,0.5866352,0.24546775,0.10764408,0.87947994,0.3814062,0.0,0.2721807,1.0355942,0.9419403,0.37642673,1.4140874,0.09612392,0.62442553,0.021692669,0.003992871,0.0,0.71530205,2.1182904,1.6765189,0.27148712,0.056494016,0.96434206,1.3827587,0.07196596,0.8429466,1.5456594,2.027693,0.47101516,0.4997807,0.72079706,0.98003465,1.2237316,0.0,0.24471654,1.0333068,0.11606439,0.47147673,0.01144708,0.47402012,0.8732882,0.030963607,0.4683349,0.006417157,0.01896527,0.52245706,0.12513863,1.0460451,0.014948985,0.25302595,4.230757,1.2575988,1.422581,0.0019044094,0.56012785,0.5206177,0.23401283,0.10479568,0.69098693,0.4419209,0.048254594,all_pothole_images\pothole_images_new_image_724.jpg
0.07093552,0.96872437,0.51687276,1.9870169,0.7426972,0.040589415,0.29366842,0.3260433,0.5521354,0.128507,0.28215334,0.20863089,0.030024698,1.3562893,0.010372495,0.12652577,0.039976984,1.677176,0.70796555,0.20322856,0.032026645,0.29348692,0.16306041,0.3626259,0.38432455,1.1355891,0.5206041,1.4611888,0.0,0.14412664,0.0630668,0.5982015,0.171694,0.23481528,0.010954261,1.4092017,0.25576225,0.12593982,0.28600633,0.41336447,0.096385606,0.13389096,0.061522152,2.0817275,0.71136326,0.21970794,0.23919354,0.0900745,1.7366127,1.1382408,0.31278273,0.14652993,0.23828211,0.11140481,0.1017189,0.54397315,2.2116232,0.26285264,2.2675548,0.21665668,0.15929596,0.14607179,0.45832965,0.12194252,0.3500704,0.83179224,0.1532496,0.9980518,0.034821745,0.584828,0.049267214,0.20872831,0.18460102,0.08743066,0.354494,0.26737905,0.24711037,0.13829759,0.008265384,0.32146543,0.0950581,0.20414896,1.9843508,1.0752761,0.08438625,0.31630948,0.71915084,0.006385518,0.69535357,0.105103575,0.15232575,0.80369264,0.28589314,0.0068285647,0.08295518,0.58356565,0.4239759,1.1593695,0.19772206,0.037274856,0.13066582,1.0856322,1.3306586,0.05002412,1.0134614,0.09328134,0.014251662,0.48515022,0.103155404,0.5985119,0.024413,1.3740524,0.25766543,0.11041257,1.3813052,0.01402439,0.747314,0.08099044,0.99603844,0.22792615,1.0186144,0.22484705,0.07961181,1.1740389,0.302631,1.0143927,0.4363234,0.09455872,1.6607401,0.0,0.06835984,0.09743601,0.17160773,0.22103456,0.10109917,0.24130712,0.019290294,0.13243791,0.19909494,0.58334625,0.2869902,0.021366468,1.0717968,0.32529354,0.19482735,0.123127796,0.011330105,0.4890646,0.8769491,0.13096702,0.92872244,0.05851139,0.056038506,0.1253472,2.1903481,0.10424304,0.37631786,0.07079023,0.124050096,0.32545283,0.53436434,1.566709,0.013866235,1.3964673,0.29506662,0.0028213148,2.111822,0.16696595,0.54603064,1.5254934,0.0864724,0.31915942,0.1440761,0.22361922,0.339844,0.16743217,0.20198621,0.01315368,1.6714841,0.003971789,0.0,1.684507,2.5219343,0.20116903,0.6965923,1.031424,0.7960994,0.12957455,0.2072574,1.590169,0.0216016,0.047394294,0.16253822,0.8077701,0.4980552,0.00694656,2.0603895,0.51327777,0.08558491,0.046372164,0.034709755,1.5427316,0.072275095,0.08356892,0.460974,0.19279093,0.31432974,0.5051869,1.1117417,0.0,0.078022316,0.104120776,0.5388229,0.18110123,1.242177,1.7952678,0.78969926,0.16231766,0.34061578,0.7204543,0.52438074,0.2794253,0.18800172,1.339047,0.04481995,0.18748604,0.44264627,0.99176306,1.5751914,0.92299205,0.038629685,0.043215357,0.3957886,0.0,0.89188755,0.025547499,2.3247144,0.18211994,0.099280566,0.07843475,0.027110834,0.43269444,0.16668315,0.16492917,0.14305896,0.13777179,2.0251596,0.24048597,0.9135029,5.0756927,0.5969692,0.10613259,0.12124756,0.023138674,0.31087276,2.1277637,0.7310507,0.13378562,0.09242369,0.63784534,0.0,0.057010826,0.14650628,1.26926,0.22591472,0.5781381,0.6193218,0.5768582,2.0437167,0.0024847004,0.18877171,0.0,0.34949255,0.5389751,1.0002553,1.188976,0.0039303997,0.47468045,0.17813106,0.12714979,2.2696247,0.9000917,0.71810836,0.06731393,0.13548896,0.1107489,0.4204469,0.0029638617,2.1723855,0.21912721,0.2979893,0.44491667,0.2875815,0.46276543,0.0382364,0.027121237,0.021158392,0.93292195,0.49249426,1.2971424,0.09506777,0.3991838,0.23758958,0.29299578,7.790961,0.68679434,0.043839883,0.20765355,0.3199882,0.7818372,0.07763735,1.0881027,2.046036,1.2507026,0.46141556,0.9637564,0.2528997,0.37443608,4.4022326,0.30573672,0.080234304,0.14461698,0.030212343,0.11018736,0.50992095,0.6112671,1.5938858,0.0,0.0947953,0.03729009,2.6816204,0.07627179,0.31649253,0.08583762,0.0034727945,0.15639807,1.633178,0.06900628,0.056770887,0.47494867,0.33838537,0.69320613,0.27487484,0.6549508,1.0947262,0.3196667,0.034217443,0.008970262,0.37808976,0.23848638,0.7578077,0.25022772,0.44903493,0.23253931,0.04971856,0.17731152,0.19846764,0.85600084,0.6111612,0.19563322,0.26849884,0.78521794,1.4082748,0.12141232,0.27528605,0.2846304,1.0983304,0.061556727,0.120701775,0.20632705,0.3202755,0.10968723,0.68191886,0.29036513,0.77172965,0.6644939,0.69485664,0.13790053,0.028794792,0.010622141,1.0900853,0.028389068,0.39282793,0.46746054,1.9664298,0.17231096,1.0032327,0.0,0.0067320988,0.028346715,0.91522527,0.9802565,1.7647122,0.30547982,0.041891214,0.07506766,0.45098993,0.7280935,0.18367255,0.36952978,0.39676553,0.46043923,0.14042798,0.96074325,0.274735,0.038064502,0.27824655,2.1921947,0.06373629,0.08004857,0.31494266,1.7047135,0.2657983,0.016485132,0.40544415,0.08877788,1.0049055,0.09946247,0.78516245,0.0026118576,1.4948599,0.29010773,1.4472351,2.915567,1.4790924,0.1708315,1.476109,0.07125398,0.029175738,0.20794259,0.28430367,0.5249512,0.06264324,0.27495685,0.6620119,2.5064828,0.18346125,0.016330063,0.26468435,0.77133054,0.0,0.6564827,0.29458812,0.03851386,0.21110748,0.032851905,0.2868149,0.12217801,0.2865078,0.86135584,4.0785713,0.084820144,0.0810574,0.11185352,0.26289886,0.9126244,0.43078625,0.54532087,0.106700875,1.1505911,2.4374657,0.0,1.3121574,0.07602106,0.11046316,0.4542997,0.03051116,0.2820936,0.27655423,0.74851096,0.69336957,1.6859454,0.28137106,0.08000471,0.18757495,1.2206883,0.36726907,0.5418375,0.21785331,0.0064635472,0.24179396,1.1407505,0.6424978,0.21122935,0.033144604,0.12312907,1.2386211,0.54130685,0.8354684,0.32545197,0.27153844,1.5686309,0.7843307,0.24653527,0.017978398,0.0,0.06443791,0.088436544,0.19263321,0.89132845,0.4205356,3.2491448,0.57895416,0.7033531,0.41433313,1.168013,0.4806187,0.4845649,0.08909091,0.001193434,0.7306114,0.30296978,all_pothole_images\pothole_images_new_image_725.jpg
1.0045105,1.0856441,1.8094896,1.7080383,1.6296068,0.13835797,0.66726214,2.8848944,0.447794,0.72739017,0.5177802,0.49375317,0.32651633,0.7356287,0.5047475,0.76279324,0.24209635,0.5723865,0.447413,0.734965,0.6576996,0.67127025,1.2014234,2.7730744,0.20791635,1.0807321,0.23354009,0.3070692,0.124384865,1.1041216,0.43484208,0.24358515,0.35500595,0.41933,0.42120835,0.34533098,1.637999,0.09076789,0.74465114,0.23190677,0.63132155,0.22810632,0.43612817,0.5035676,0.7832459,0.63078153,0.70454156,0.7844834,1.3038186,0.3088287,0.89555,0.8410126,0.24898136,0.70358026,1.3621355,0.82584405,2.2828526,0.014244407,1.5668569,0.78893435,0.31578755,0.014817434,0.67319673,0.6075361,0.3696795,1.4329538,0.4799781,0.006941967,0.2150086,0.22595547,0.23221926,0.6062643,0.39011165,0.037465252,1.2757952,1.9706767,0.14678907,0.7561924,0.2891058,0.6351331,0.68216383,1.0682429,1.9440743,0.050662313,0.42632338,1.579466,0.11095677,0.01095387,0.83109486,0.8641575,1.5973482,0.16944334,0.697083,0.95703715,1.2219039,0.0027119278,2.592564,1.9855293,0.9539593,1.1104858,0.25233373,0.25243923,1.2285572,0.92858946,1.733506,0.27127704,0.1720496,0.39443538,1.4150023,2.3153698,0.6916155,0.9573892,1.0198014,0.49144822,0.24842304,0.05525667,0.75726646,0.9126117,0.24188878,1.4458493,0.50234294,1.3466622,0.7718821,0.4477829,0.73831326,0.17640111,0.47163165,0.56453913,1.1761003,0.42010805,0.7801998,0.33132106,0.5493724,1.6528556,0.6385679,1.5827092,0.08651203,0.060709972,0.77668613,0.008497409,0.82995135,0.5811116,1.2519027,0.44404906,0.68960476,0.20892508,0.8872631,1.244226,0.1261259,2.967069,0.043096434,0.2010066,0.37556183,0.61574644,1.8946495,0.36160818,1.1824673,2.1616445,0.5870329,0.83958286,0.62090695,1.7443346,0.71393555,0.11130852,0.1239864,0.92495054,0.1989221,0.04768206,1.6443188,0.18043372,0.6851848,0.08116094,1.2261468,0.15508074,1.5259964,0.59928167,1.1643053,0.45478186,1.6950042,0.37558243,0.39475593,0.31666303,3.0748682,1.6655821,3.50705,0.13669236,0.16848166,0.6819345,0.29376101,1.2430935,0.7801414,0.0,1.1790974,1.7983937,0.6095792,0.87658256,0.80072564,1.6437542,1.5078659,2.5352812,0.52412605,0.4606788,0.21013777,1.1037884,1.0010482,1.4975079,0.78888047,0.07572056,0.004009312,1.6588218,0.33087033,1.3176084,2.0447025,1.7797539,0.33899102,0.6348884,0.9180427,1.010377,1.3109143,0.035657104,0.28548408,0.5903616,0.086296566,2.1712441,0.36174378,0.066855155,1.9265949,1.3303833,0.0040125456,1.9806857,0.13557652,1.0338773,0.8685456,0.61870086,0.59875387,0.17702757,0.09256526,0.96994644,0.6912053,0.31687972,0.49555796,0.47348118,1.5405545,1.216612,0.26631916,0.48644722,1.3685298,0.75004023,0.7090411,0.19664176,0.96713156,0.71072745,0.22701263,0.930642,0.6555672,1.5283172,1.3733515,0.9531576,0.2104521,0.05441008,0.091836244,0.70363694,0.47150093,0.108675666,0.2692557,1.6299156,0.3984393,0.3281429,0.6631966,0.09018131,0.94461477,0.25764787,0.01415175,2.806159,0.17696202,1.9105835,0.9860265,0.60136706,0.38094702,1.7795503,0.003009875,0.38853118,0.7293012,0.12736025,0.56601244,0.21286151,1.4923315,1.2368925,1.4648925,0.58313733,0.85444236,0.9739778,0.25085205,1.7471217,0.4567227,0.32128695,2.030476,0.25138918,1.5997037,1.073015,0.06862506,0.21396041,1.3264309,1.2067784,0.3014018,0.1418579,1.0318294,1.3128841,1.1362904,0.7084013,1.8412628,0.24235524,3.9411576,0.13824764,0.2464199,1.1447579,0.21978413,0.29945973,0.35725826,0.14941593,0.01494994,0.8660684,0.57751757,0.10433547,0.34298813,0.0076831896,0.6914338,1.1245116,0.8208168,0.083942644,0.38692704,0.1125475,0.5603004,0.28073797,2.8878636,0.1294953,1.5847222,0.24986197,1.3238515,0.100343965,2.889771,1.290302,1.8081143,0.7626885,1.5148041,1.1077458,0.8950256,0.39036584,0.00979306,1.6824597,0.047516804,0.2613392,0.14364392,0.1857679,0.20743766,0.0033071244,0.12929513,0.83992195,0.6796368,0.61422914,1.0985451,1.1777219,0.54170346,2.4999528,0.41427153,0.29087737,0.6614721,0.837277,0.22064391,0.8251412,0.90219176,0.41128403,0.25128618,0.052651357,1.5809261,0.0552381,0.13806257,0.08626516,1.7902411,1.2135843,0.42048675,0.0029777458,0.82312626,2.7670026,2.57293,0.96302605,0.6031396,1.7237219,0.12570482,0.8663735,2.5789652,2.006303,3.163201,1.0756431,1.3592073,0.7577721,0.12787673,0.46349597,0.18017778,0.66654277,0.8821467,2.0030181,0.062033884,1.0433013,0.8283031,0.07741801,0.36825657,0.7276596,1.1177721,0.59463835,0.105564095,0.41618755,1.7727087,0.2865444,0.18956465,1.5150288,0.8082705,0.12982035,0.28726715,0.2943123,0.583579,0.99625653,0.56208193,0.16396052,2.1583107,0.4123825,1.2392949,0.45374623,2.4010167,0.48048905,0.14318243,0.52926207,0.37856412,0.7306821,0.43041217,2.2344208,1.2671806,0.63334787,0.72184485,0.43044707,0.94266003,0.30619848,0.3413196,1.1570143,0.6304077,0.35649076,0.44578388,1.0104879,1.3926455,1.2784033,0.21909021,0.32612842,0.6756363,3.4937725,0.4965898,1.6841199,1.0528841,1.3527411,0.0015553848,1.3253189,0.7174457,0.09619633,1.5249137,0.68256456,0.52975655,2.061015,0.25296202,0.16627884,0.123591475,0.66725755,1.7778864,0.78700066,0.23540819,0.46240312,2.1026123,0.9194015,0.01352791,0.045645416,0.08376638,0.04465436,5.343927,2.7783995,0.9211086,0.33015147,0.5736235,0.6018717,2.3719532,1.293636,1.4057701,1.0313232,0.8885984,0.9133699,0.3486766,0.39773232,0.12406166,0.01929002,1.0596673,0.21312009,1.1635739,1.0335944,0.011372698,1.2030858,0.1053519,0.39084017,0.18966106,0.682712,0.66923636,1.9896065,0.75111556,1.4667814,1.3843548,0.70298314,all_pothole_images\pothole_images_new_image_726.jpg
0.7443365,1.5370113,0.7002336,1.8916539,1.1028336,0.49979162,0.647936,0.6659302,0.5967842,0.39409792,0.25663581,0.24893522,0.9028552,0.13509013,0.5682769,0.23798834,0.15977211,0.42723975,0.961046,0.03883737,0.21748349,2.3426912,0.84686595,1.6413404,1.4947145,1.7010531,0.0054118177,1.453621,0.3093057,0.51380354,0.56252956,0.31078023,1.6893215,3.5341501,0.25711486,1.13905,0.6451899,0.30785644,0.47317547,0.6569858,0.13041416,0.01383191,0.001053371,0.9380812,1.8463416,0.30307877,0.08630332,0.075896956,1.812589,1.6628448,1.8004869,0.3946596,1.1739635,0.06276105,0.11024097,1.5128423,0.9292789,0.12536672,0.9647988,0.06452933,0.0,0.067086264,0.5470671,1.5931871,0.7465773,2.1404595,0.8691269,0.23808922,1.1336808,0.052577417,0.07071017,0.42837486,0.0,0.038020514,0.32517064,0.3951672,0.0013982686,0.85309243,0.38144305,0.5146442,0.009449694,0.48800814,1.0241733,0.14501382,0.80487245,1.5470415,0.17078407,0.37216926,2.7268505,1.3069133,0.20474091,0.14748125,0.48527762,0.9214839,0.8797684,0.19291161,1.1918986,0.15798947,0.46206096,0.9178615,0.042778585,0.8189642,1.1301342,1.5260388,1.7293807,0.026453407,0.12708499,0.15980104,1.5513103,0.20797165,0.13589929,2.6230345,1.6800176,0.70170826,0.11601132,0.83861756,3.5701935,1.2807689,0.6443613,1.049982,2.226594,0.9057798,0.054378364,0.12080324,0.041062865,0.50644857,0.13812377,0.59776413,1.9262677,0.08583787,0.90664935,0.120735824,0.20066419,0.045048848,0.08416631,1.1355771,0.022463983,0.5502629,0.5679753,0.005863316,0.30686572,0.6823446,0.96821797,1.9519995,0.032702,0.75200766,0.13958962,1.5577149,2.2005177,0.49041155,0.94039845,0.4584413,1.5741674,0.091067255,2.4651163,1.0620297,1.9195606,0.26346296,1.2657808,0.2738494,1.2174352,0.9521847,0.10081182,1.4313525,0.46632499,0.046956442,0.3270699,0.036408555,1.6352749,0.46014106,0.06923758,0.033283096,0.06311731,0.0047240346,3.0578344,0.19384995,1.5292617,0.0,0.3100074,0.7950966,0.44588107,2.095429,3.5476644,1.847465,3.442802,2.2677438,0.40629756,1.4223913,0.9188393,1.2896973,0.84849405,1.3957317,0.20881215,3.2203302,0.41398078,0.016643038,1.7441051,1.0887853,0.3345419,1.051214,1.0631154,1.173235,0.98002326,1.7674361,1.6500938,1.1143916,0.7820344,1.0336148,2.9692836,0.060096517,0.005971636,0.3638026,0.4928009,0.4237414,0.5773394,1.6578346,0.23121001,0.184303,1.1475345,0.69835114,1.2089872,1.295414,0.72575456,1.3817108,0.081728674,0.08975226,1.124517,0.19287752,0.45975298,0.09091525,0.046165198,0.045015637,1.26234,0.31110367,2.089282,0.19479977,5.2260866,0.12956633,0.102812335,0.08289597,1.9056698,1.5651977,0.3796072,0.07252176,0.20715193,0.1702453,1.5449947,0.2392664,1.610363,3.8553927,1.1694185,0.21492833,1.1103762,0.8762686,0.078207605,0.42034814,1.0779696,0.49973187,0.1505566,1.4256927,0.027403334,0.11697219,0.6558945,2.2523785,0.8112857,1.0064089,0.9008451,0.6797582,1.6492331,0.37810102,0.34106436,0.05486516,0.45403805,0.37109786,1.2935181,0.57500863,1.1605239,1.0142009,0.21458244,0.7051847,0.22694804,0.64094573,0.43913555,0.53266805,1.3706347,1.1585698,0.0016837716,0.3564292,2.7354558,0.6710682,0.6354718,0.4303292,0.4665203,2.0349834,0.18905312,0.0,0.64356136,2.5273697,1.1456463,0.4600469,0.082625434,0.9097716,0.07997233,0.22179615,4.6208253,1.0224125,0.009528944,0.64180386,0.3070018,0.02253963,0.08286729,2.647329,4.200726,3.4960506,1.0117701,0.7114949,0.24370617,0.32543814,3.2058628,0.21530645,1.8093395,0.2911873,0.2202253,0.49372038,0.5450009,0.7059379,1.3063074,0.17509073,0.94657624,0.34853432,6.1634994,0.1943779,0.23827635,0.3202361,0.17620043,0.5118643,0.43670148,1.0815666,0.44299418,1.5986979,0.9279203,1.3343406,1.1421945,0.30781394,0.7260145,0.91020715,0.5992265,0.39395654,0.3612496,0.48133066,0.45098782,1.7502121,0.5176773,1.1049613,1.1391923,0.41642925,0.5857688,2.2524555,0.077207685,1.7987475,0.34491658,0.17665322,1.6436596,0.67483026,0.14978342,1.3232743,1.8853745,0.6076264,0.50932485,1.3224066,1.59162,0.44694027,1.3814414,0.0,1.9853508,0.24974793,0.43984735,0.6558587,0.688385,0.29334527,0.49577084,0.13081835,0.062501624,1.7275833,3.7869194,0.62820023,1.0591457,1.9473325,0.011015876,1.0582042,0.66736615,2.255956,0.89289665,0.1614908,0.78483635,0.1550378,1.9565625,1.1063159,1.379567,0.38530886,3.4111972,0.23192428,0.6767841,0.33081564,0.21407554,0.29078972,0.94917005,0.36545518,0.017675089,0.6446926,0.46189997,2.062393,0.8723119,0.6116385,0.024315385,0.04928337,1.45494,2.302641,1.2994868,0.07984428,0.83100843,0.6320575,2.2497945,5.5128856,1.8496791,0.5499031,2.1001403,0.8765376,1.0848141,2.3305812,0.60538733,1.4687889,0.22556989,1.6312093,0.28843516,3.6635137,1.2525588,1.0771976,0.60958576,2.038087,0.11126845,0.41322967,0.9744254,1.3618857,0.58331263,0.15898578,0.38657856,0.24411835,0.14997196,1.4383698,1.6786592,0.41959298,0.6752242,1.0092789,0.9562149,0.7167227,0.27451405,0.41200116,1.0403842,1.7347555,1.3536124,0.83190244,2.700015,0.11375351,0.908588,0.5061037,1.295491,0.0,0.31887403,1.6745683,2.721852,0.8152232,0.44778013,0.30356473,0.53003764,1.4079622,0.3732455,2.663391,0.9355855,1.2869986,0.05474333,2.9830103,2.9872277,0.00034967528,0.00046337987,0.51852924,1.7594398,0.98620886,2.4137254,0.1759985,0.6976942,0.37261763,0.36458617,0.17677532,0.65675557,0.03051479,0.050652128,0.35554466,0.6253559,1.5913261,0.25763205,5.579201,1.3399574,0.1638711,1.4051775,2.8763936,0.6495032,0.81772166,0.7119728,1.6005433,0.311041,1.1668497,all_pothole_images\pothole_images_new_image_727.jpg
0.6448322,1.2425051,0.87857664,0.86881346,1.2744248,0.6522971,0.5310734,0.16560009,0.96209663,1.880788,0.22789986,0.6234135,0.35958233,0.4195792,0.07711709,0.79508907,0.3458677,0.64164734,1.1703793,0.0,0.21488956,2.3409142,0.62630767,1.3557009,0.49473643,1.0184143,0.01391325,1.8483835,0.36273578,0.24596305,0.26303563,0.47971907,1.6429051,0.6287733,0.1813371,2.4163277,0.5740883,0.40797427,0.23520425,0.92823595,0.81310886,0.6377516,0.023857674,0.33407557,1.070331,0.38505924,0.79915756,0.062300604,2.101677,1.5268323,1.1263795,0.34623903,0.27296758,0.98378944,0.4820155,1.766303,0.92314863,0.013559939,1.1045651,0.52219063,0.7659405,0.7068548,0.37580642,0.0219714,1.2762145,1.6126976,0.86651015,0.29272833,2.7776227,0.27379066,0.7005886,0.08838521,0.56616247,0.1092395,0.57297575,1.1348821,0.22059281,1.0771637,0.65628743,0.31768554,0.006260803,0.44409654,1.0147107,2.6996634,2.5437067,1.5116756,0.20482813,0.723967,2.4620435,1.9073359,0.44654387,0.98126185,0.030403575,0.33861732,0.36399353,0.9290301,0.77332944,0.5332311,1.3409109,0.22183158,0.057392407,2.1829643,0.6714211,0.62646174,0.15667772,0.32047522,0.22278564,0.10324364,0.32989198,1.6472301,0.3892391,1.4289652,0.2503793,0.040340297,0.6221444,0.7940667,3.2210078,0.78336495,2.7424552,0.8542955,0.79477894,0.745782,0.9643782,1.2099569,0.010058669,1.7403951,0.7641083,1.7327582,0.31125793,0.36282343,0.14790818,0.65804046,1.5009781,0.5835458,0.10419458,0.96802473,0.030913323,0.8439985,0.31001714,0.7725601,0.68906915,0.027675282,0.36542156,1.2349484,0.15112822,0.2509723,0.28142232,0.53484076,0.13864088,1.7251563,0.8524674,0.49037233,0.6610706,0.4836458,2.048835,1.0465915,1.7633194,0.32488748,1.8725125,0.20782553,0.30786172,0.75118494,0.03908926,2.24865,0.079218306,0.14852384,0.4135332,0.29476964,2.5209856,0.21096382,0.61053556,0.26311594,0.049533684,0.16674305,1.9023036,0.11382475,0.84228784,0.002439498,1.0040365,0.49619332,0.29084566,1.3787152,0.56500596,2.2670236,1.9344709,1.6746287,1.1522026,0.5235917,0.56741726,1.0752263,1.0628535,0.102415,0.8679274,0.6624333,0.37414202,0.12618683,1.1809024,0.39366686,0.6287116,0.1766639,0.39107165,1.1019943,0.37753552,0.47080874,3.252293,1.3044776,1.537196,0.9290429,1.411236,1.8895553,0.04452481,1.3540828,1.2010136,1.0441084,1.4905093,0.53015363,1.7233039,0.22775519,0.7087486,0.8292082,0.963907,1.9739876,0.6355057,0.32719946,0.25526944,0.43704122,0.2639052,0.9640967,1.9285296,0.012810521,0.017237276,0.6485481,0.7600549,0.31531823,0.55371386,0.9674516,0.875679,0.6265192,0.0032440238,0.00096936064,0.95612776,0.032590546,0.14241463,0.47503695,0.017895821,0.15386297,0.515898,0.60057986,0.78973216,1.5494053,0.57166284,0.108266674,0.8283097,0.72071415,0.0036707781,0.29407087,0.63859206,0.9365186,1.0428035,0.75061566,0.25373122,0.4587234,0.23874144,1.6818382,0.3146424,0.29776537,0.08862111,1.1279719,0.5515228,1.1784493,0.42502952,0.08678974,0.11516552,1.0535021,0.6223067,0.61953217,1.0034319,0.75795263,0.438745,0.2879859,0.034282666,1.3667095,0.0066378457,0.60356426,0.73056716,0.27603167,0.7288628,0.3089814,1.070707,0.34966218,0.08416043,0.63059384,0.12762152,0.9662344,0.3659158,0.40850174,1.9989265,1.3379664,0.2778847,1.2030151,0.20156053,0.41448304,0.3980227,1.4533306,1.3531439,0.979681,1.071747,0.37675795,1.1594596,0.033385895,0.7240504,0.99718225,4.216342,1.1424308,0.62827426,1.1493603,0.030306945,0.4172627,2.2372644,0.4215677,1.9289302,0.71098614,0.29251194,0.04515653,0.65032566,2.345626,1.7291123,0.24048474,0.3036148,0.10015123,1.5467981,0.14785932,0.24244191,0.11352387,0.32348582,1.0439572,0.43612704,0.0699091,0.40705392,0.30340356,0.43088654,0.6406984,2.1332214,0.0025728345,0.021128085,0.3338922,0.9203111,0.29602277,0.7472595,0.49251252,0.49910545,2.7360728,0.54692113,0.1275423,0.77418363,0.46333817,2.4446504,2.1787243,1.4110204,1.1641538,0.63067096,0.35420358,2.4308906,0.12921502,1.0133545,1.8550628,0.5288176,0.28199348,0.975055,1.068891,1.7072797,0.8430791,0.75688744,0.49497277,0.39522114,0.33690938,1.2901161,0.9919028,0.20272744,1.1275443,1.3289411,0.032653093,2.6905837,0.24224533,2.722299,1.0375764,1.4304333,0.19675854,1.0336615,3.2985048,1.8130325,0.7028989,0.080319695,0.23657353,1.2394084,0.31914458,1.4182495,0.7003258,0.6923833,0.4203522,5.4165263,0.06591858,0.3264266,0.41631615,0.9641182,0.0,0.70842993,1.3636817,0.1178678,0.023528658,1.4392667,0.8086367,2.6086278,0.55699116,0.018281814,0.7935288,1.5660692,0.64989907,0.57232445,0.73428446,0.5210004,0.0,0.85875654,0.31054324,0.71912366,0.5171413,0.48856315,0.78078485,0.6927616,1.7490699,0.76754975,1.2550249,0.27259573,1.8613653,1.5279057,3.8468244,0.8319898,1.1815488,0.16207507,0.8392443,0.2068774,0.09986231,0.115868874,1.2372141,0.7955094,0.10769909,2.7420676,0.6373632,0.1446277,3.1121852,1.5136538,0.7980523,1.3848276,1.5216446,1.1470318,1.958772,0.6173355,0.28321752,0.14062847,1.1629664,0.44850686,0.31634325,2.6269581,0.2696535,1.0617225,0.34255806,0.74296904,0.535918,1.442614,0.19139451,1.6343583,1.1053177,0.29221717,1.0000775,1.412681,0.033339635,1.0678416,1.0153788,1.554861,0.039450884,0.27401292,2.676741,0.9090152,0.5686886,0.09641851,0.05883278,1.694746,0.81140757,1.5431255,0.104405165,2.6822808,0.29345885,0.6163457,0.18348886,0.65914863,0.5444682,0.012201668,0.5651825,0.40360934,0.4791427,0.67111206,6.9549384,0.07060337,1.3559341,1.290136,0.94073534,0.08185871,0.81865776,2.2714064,0.25193357,0.5882138,0.44471663,all_pothole_images\pothole_images_new_image_728.jpg
0.16107447,0.61493206,0.5011877,1.3192226,0.018771648,2.8450906,0.98363096,0.3749653,2.0213616,0.8141769,0.023690164,0.44314778,0.6040396,0.4486042,1.4164933,0.80387866,0.12832583,0.9302237,1.163784,1.2703915,0.22774342,2.7907493,2.1997602,1.9978415,0.08386375,0.42845243,0.5204804,1.7573504,0.55353415,0.91330063,1.4074087,0.11880401,1.1866701,1.176194,0.015497679,0.2743773,0.19153197,0.7295706,0.85371256,1.2854848,1.1075382,0.12703341,0.35473305,0.60710573,0.7233127,0.26264992,0.29856294,0.06479139,0.25753194,0.096507706,1.3608708,0.8885354,0.9123285,0.17139332,0.21152648,0.37730703,0.23266077,0.20929205,0.93770206,0.41078982,0.65492684,2.7800882,1.8099225,0.26320434,0.081596054,1.7152647,1.0996965,0.55511135,0.33422756,0.48742187,0.14537951,0.84991074,0.51653427,0.010488246,0.27766812,0.7671469,0.50097626,2.9018729,0.5083165,0.5763144,0.418639,0.27006617,0.5445408,1.4003989,0.7415345,1.0318704,0.7322551,0.08960185,3.91667,0.87971944,1.3808463,0.6946022,0.1962276,0.56189066,1.37438,0.23227918,2.2954085,0.2373896,0.6200185,1.3133255,0.047163412,1.5186911,0.025068754,0.39200392,1.0368431,0.40099567,0.1432724,0.6189504,0.8111558,1.6130404,0.100429505,4.08331,1.4144995,0.26551783,0.27489716,0.054892085,2.4708967,0.25130403,0.025419576,0.8041384,1.9277971,0.4681528,0.7131325,0.15045637,0.89400166,0.30820143,0.26725703,0.32642683,0.60045075,0.38059226,0.2693334,0.21363893,0.69804114,0.067982055,0.28396076,0.7907448,0.05918794,1.7333461,0.21458101,2.3857267,1.188788,0.4908039,0.40701184,0.16025151,0.3008843,0.41898882,0.702647,3.254655,0.98321176,0.23496184,0.29815036,0.8103546,0.434093,0.97819364,1.5832591,0.8226024,0.036411192,0.06892427,0.18758595,0.054207373,2.427833,0.81429064,0.0030759694,0.16284499,0.115501985,0.93819416,0.72036546,0.27459365,1.0589931,0.2088442,0.32266152,0.25283194,0.12133635,0.010087431,1.0035632,0.3213745,0.90552044,0.35218012,0.18728022,2.2530658,0.50887084,1.5333457,1.4643775,1.0630332,1.434921,1.3665564,0.48768055,2.2266524,0.3742077,0.4391493,0.08979727,1.6789068,0.00164203,3.0916646,0.3920253,0.018432697,0.5277642,2.1075854,0.5659904,1.7595803,0.44701007,1.2091644,3.4454134,0.5406454,0.8205142,0.11068325,0.50619715,0.6973084,0.3839986,0.1875896,1.4606183,0.20503795,1.3042504,0.13012587,0.17764391,1.3332264,0.17911658,0.84288543,1.4149147,2.1067448,0.68865436,0.7552626,0.47937182,0.34986922,1.3375113,0.15018924,6.0957503,0.16944574,0.5307618,0.049269833,1.2203796,0.5483943,0.33074227,0.62317973,1.0179796,1.141887,1.931862,0.017720446,0.6406986,0.065130435,0.38068986,0.5835796,0.99508524,0.48951098,0.19008492,0.00024130667,0.25221914,0.48305336,1.6510729,1.3411002,2.8630552,0.07173335,1.5208756,0.18278874,1.1000768,0.071021944,0.26095256,1.3384455,0.44480178,0.978233,0.37214434,0.5178773,0.5180624,0.63583755,0.34038696,1.683921,0.34285474,0.2768955,1.5610445,0.11975974,1.114028,0.1639659,0.05308374,0.89368296,1.401413,0.30136102,0.7175428,1.1427587,0.5227962,1.0960486,0.039615337,1.3757452,0.044842977,1.6373959,1.3247911,0.8146747,0.25625214,0.585098,1.1705211,0.7311519,0.48555827,0.43822306,0.58575743,0.562875,0.11818005,0.558626,0.17007418,1.5047874,2.2366722,0.32722017,0.010608833,0.57423574,0.266461,0.14195992,1.8603253,1.7792965,0.18227546,0.5128896,0.33061573,0.60317767,0.2716118,2.6051638,1.4936116,1.2844571,0.059032813,0.34176323,0.43725967,0.15319942,1.2071441,1.184725,0.56597465,0.70444524,0.040948838,0.5018352,2.149915,0.5900257,0.42302778,0.014655746,0.78826046,0.90478337,3.501704,0.7684461,0.32374367,0.24123755,0.05278341,0.4037189,0.5048757,1.4635799,0.01707832,0.38021383,0.15702605,1.2275934,1.586288,0.12385331,0.90798515,0.18620236,0.7204191,0.3442542,0.029234298,1.3336328,0.6006575,1.9774865,1.6167908,1.5191432,0.8982404,1.566803,0.27936175,0.16795683,0.6593701,0.38597858,0.17865704,0.100951955,0.55103403,0.45512015,0.09761014,0.96112806,1.0799646,0.9459219,1.1800252,0.116496846,3.2770896,1.2455287,1.3951612,0.3285889,2.0927017,0.06993152,0.24625473,0.739915,1.4950658,2.14873,0.70335555,0.84026605,0.5702413,0.92648655,3.3128407,0.35704115,0.18102124,0.0,0.18794145,1.0454489,0.23456529,1.9837393,0.0011504383,0.1780875,0.2568749,0.26055875,1.2290319,0.34195012,0.8835117,0.18378302,2.6552286,0.9005527,1.1468691,0.9440671,0.17976503,0.70305103,0.27296028,0.0030599476,0.23198333,0.1747243,0.007456301,0.20812947,0.13558172,0.41383204,0.53011346,0.64059377,1.4719914,1.3345797,1.5993395,0.17174768,0.45416602,0.5131968,0.6927134,2.152627,1.2363589,0.2423237,1.0920875,1.6870127,1.7146741,0.71096116,0.32336316,0.56529117,0.20182352,0.64328015,0.61924857,6.5027814,1.3327017,0.690138,1.6915205,1.1345398,0.53604996,0.9237719,0.45859963,0.007877736,0.82320637,0.29215628,0.7451598,0.67860067,1.9748118,1.8032662,0.19263016,1.335225,0.12268985,1.0853556,0.52133614,2.4726133,1.4327028,0.5516775,1.6769683,2.1279502,0.07896366,1.2894695,0.3504486,0.13941291,0.2620428,1.3318853,0.029699916,0.4371011,0.98320705,3.0045166,2.1993947,0.56125623,0.8539808,0.20155427,0.9161587,1.6829114,1.3325175,1.296125,0.69101,0.49556515,1.3797522,4.583764,0.7499698,0.21901685,0.011557187,0.76683426,2.8024323,0.7082376,1.8060272,0.0,0.17527631,3.7796755,0.08500908,0.6813301,0.97394466,0.02364236,0.6627999,0.40598118,0.118263826,0.42877215,0.3721267,1.4864321,2.2010355,1.912336,0.75952005,1.6559043,1.232853,1.3759005,0.24857928,1.543291,0.2286573,1.1273568,all_pothole_images\pothole_images_new_image_729.jpg
0.5124425,1.7636566,0.58789796,2.093169,1.8711504,1.1747217,0.04413589,0.05525381,0.5172842,0.87960446,0.17464058,0.3760509,0.4926164,0.18178508,1.1810663,0.30550486,0.06508226,0.084032096,0.14910625,0.6499974,1.4838849,1.5847973,0.5297077,0.5596869,1.8452535,0.38958234,0.9791007,2.3277464,0.49150953,0.20407766,0.606996,0.2949791,0.77971816,0.22179642,0.4180461,1.4622709,0.97011566,1.9148469,0.08093296,0.7142196,0.094778694,0.11421089,0.17729896,3.4500096,0.68363976,0.060451336,0.0,0.5034579,0.31318197,0.62032336,0.75250655,1.410013,0.47112638,0.9264219,0.21628866,1.2882911,3.1536696,0.08573455,0.21402761,0.39888135,0.009315347,0.64145386,1.1908535,0.39210898,0.0807212,1.0092378,0.5180451,1.0160086,0.46611205,0.7256625,1.060405,0.5734573,0.46047747,0.35573006,0.58144414,1.3765199,0.23121834,1.0235316,0.0825752,1.05206,1.1168088,0.0061300974,0.12069953,0.80145615,1.1435326,0.55396736,0.3222092,0.17064102,5.102952,0.24084851,0.49477482,0.19459927,0.34419814,0.6016683,0.5273424,0.14748766,0.18289337,2.2138596,1.4677467,0.6888459,0.004602545,3.4047627,0.082800224,0.43874544,0.3375316,0.06262368,0.30694675,0.2402364,0.04902462,0.7806503,0.20316322,1.2107617,0.263717,1.195322,0.33765936,1.2017796,1.8617821,0.15542951,1.6087685,0.8970795,2.9834158,1.1513555,0.07290242,1.7480052,0.9152353,0.9057856,0.19324572,0.7853155,0.6351851,0.39384645,0.87515545,0.09269124,1.227908,0.6265619,0.79231185,1.0084723,0.47183892,0.55092657,1.2748631,0.2580827,0.5976121,0.16659212,0.050272267,0.6819034,1.0226548,1.0621835,0.9228335,0.497143,0.00067873177,1.1977172,0.89486015,0.6461754,0.16384654,0.0026249755,0.9120751,0.3811438,0.9457868,0.23134665,1.4890443,1.0548143,1.256413,0.7927112,0.14577468,2.0562246,0.0,0.05741344,0.7686375,0.16923122,0.89445305,0.30735525,1.1210675,0.6496091,0.3276107,0.63158554,0.8624794,0.17313452,1.2538911,0.16127038,0.1020772,0.2514206,0.13835564,1.1269569,3.5191298,2.408016,1.632782,0.7299465,1.1419114,0.23650831,1.4845263,0.12866203,0.784155,0.2463171,0.19434695,1.3542141,0.47505698,0.470656,0.30041903,0.0,0.236763,0.4918609,0.6201948,0.0890442,0.30509645,0.92272925,1.299106,1.1356701,0.080560006,0.27423963,0.8165549,0.018545484,0.396131,0.71968347,1.6684941,1.5616946,1.2579737,0.48309967,0.3356475,0.06719552,1.2258502,0.024498727,2.2219384,0.097029716,0.13036823,0.12280359,0.19286717,0.46927541,0.2883454,0.18740666,0.42617702,0.6697645,0.18114358,0.78123754,0.71606505,0.031862147,0.22808966,0.25944924,1.5828855,0.08941339,0.025096066,0.21584168,0.33805457,0.0,0.078339666,0.0062862844,0.1289234,0.12646186,0.17909072,0.007429132,0.18944098,2.5530617,0.6854514,0.41942143,0.5755787,0.39835885,1.1273388,0.18804467,0.973225,0.0,0.4786492,1.5775037,0.28148502,1.2065643,0.7765496,0.1936469,0.6834969,0.29248133,0.008181114,0.37237376,2.007454,0.1369326,0.602814,0.32635343,0.34453943,0.15914825,0.3396829,0.8381322,0.59824,0.3021224,0.2879123,0.73388886,0.32909203,0.02065131,0.4898111,0.13317965,1.14679,0.4321789,2.0722384,1.3065878,0.4056567,0.027864842,0.5892377,0.927879,0.07649242,1.2518127,0.95455855,0.4843066,0.58444005,0.04422353,0.054592725,0.9566474,0.23596494,0.8239289,0.16943884,0.86355174,6.10156,0.9780471,0.0,0.6504813,0.7590781,0.7172176,0.015048779,0.3219009,3.2980087,0.97288465,0.09872167,0.9523513,0.63494515,1.1315252,0.49481368,0.04535132,0.46772105,0.8310168,0.5588726,0.36126456,0.8164543,0.60633326,1.2920539,1.2478002,0.9068027,1.0943773,1.7665737,0.5275815,0.3126945,0.10062844,0.5965923,0.7512577,1.0857673,0.75977796,0.6269083,0.46093613,0.97986734,0.8936669,2.6525636,0.06259902,1.2360556,0.0033120336,0.20153534,0.09670914,0.5298754,0.2066704,0.31899938,1.0296589,0.40481582,0.49348804,0.5931727,0.10966155,0.47322237,0.54632086,0.46228707,0.4070352,0.027427217,0.0061206827,0.26819754,1.6707075,0.078764156,0.19453083,0.4132678,0.06568766,0.11216287,0.31069708,0.74085754,0.49766198,0.4545794,0.26827,1.4612035,1.0719086,0.35830823,0.06938594,0.24900568,0.3189352,0.008277131,0.1384081,0.14210561,1.0713968,2.584308,2.1581502,2.144816,0.73422277,0.64164984,1.0892173,1.1251347,0.0050016562,0.028212128,0.10597506,0.19231361,0.026664322,0.68658453,0.2208282,0.25639498,0.38509986,0.8531474,1.2868766,0.032794945,0.82938117,0.23825541,0.18982622,0.01595803,1.0362083,0.38160026,0.94858885,0.95886993,0.4716664,0.5546093,0.6582598,0.0,0.38494155,0.765487,1.3351531,0.140705,0.03105651,2.54019,0.21126413,1.5888824,2.8001823,2.4899812,0.057457034,1.1066476,1.8749224,0.06292146,0.3961172,2.1855469,0.32825345,0.72055113,0.89190966,0.2429614,3.8089104,1.927408,0.51303357,0.0076967645,0.8168495,0.8493099,0.2550615,0.03971149,0.56132275,0.40524283,1.1241766,3.6701996,0.31439313,0.51390934,1.8873116,1.3640819,0.5801811,0.2901439,0.04580462,0.21498369,1.1926333,0.6244379,0.5848063,0.3820734,0.99120235,1.3196281,0.17041269,1.2064066,0.10766952,0.9908128,0.26062942,0.13235877,0.19372472,0.26346964,0.792638,1.457271,0.22939658,0.8763029,0.178489,0.33717996,0.2341623,0.42704013,0.7166558,1.0690892,0.5104792,0.6251911,3.2113078,0.31916752,0.22471085,0.03535954,0.0075596296,0.47656217,0.22248855,0.03896848,0.24060346,0.15500164,2.6311827,0.14210553,0.041859202,0.033380564,0.08450985,0.09183464,0.004159016,0.19913705,0.0026006396,0.20737681,2.7192483,0.47719333,0.5760844,1.5537568,0.29203734,0.07855971,0.71205497,0.9010044,0.39168373,0.89828783,0.5340647,all_pothole_images\pothole_images_new_image_73.jpg
0.24373196,1.593129,0.41010374,1.4612366,1.7453438,1.0526842,1.8697292,0.29194108,0.4504542,0.855662,0.84342843,1.5146298,1.2401245,2.2855654,0.10140206,0.78644365,1.461881,1.4185405,0.17478234,0.986233,0.80487037,0.8952218,0.1051541,0.34805623,0.34057376,0.5138127,2.0146956,3.3289063,0.84268224,1.5352799,0.5400932,0.31726018,2.1849163,0.05987959,0.37063342,1.0156415,0.012229756,1.1476468,0.007654979,0.29079396,1.1746658,0.38367015,0.15526119,2.3916101,1.0588882,1.5390586,1.9090263,0.6507614,1.2052345,1.0980586,0.95877236,0.06712891,0.3872798,1.0364414,0.67031,1.2456932,1.12701,0.50325793,0.91942316,0.34155607,0.16333091,0.52385914,2.7866688,1.2149972,1.2459455,0.5603997,0.91251606,1.6272296,0.22464518,0.21433581,0.068926245,1.2123014,0.31407082,0.030704867,1.4339752,1.6483964,0.009016693,0.34353065,0.018021349,1.1671915,0.45619848,0.16307986,0.09710908,0.6136832,1.2817461,1.6547588,0.94392145,0.6965213,1.52537,0.45725796,0.44669205,0.0024551754,1.2722609,0.40502867,0.51156425,1.9208668,0.050383177,1.4912329,1.7584648,3.1959863,0.19245689,2.3462422,0.014242712,0.079449296,0.03263493,0.50280666,0.9933348,0.21006618,0.9894071,0.10022546,0.3512708,1.0833915,0.2617799,0.32048714,0.06720331,1.6806712,1.735395,1.0676819,0.87549776,1.4480703,0.5407271,0.2728934,2.2314382,2.298804,0.14043081,0.87380487,0.3369821,1.5490891,1.3109936,1.1566427,1.4548447,0.24331094,1.6138492,0.93277025,0.08900719,0.5006096,0.87489563,1.0548929,2.5520701,0.47173035,1.1212785,0.34643045,0.35177362,0.39762604,0.6588254,1.1789317,1.2452638,0.014767381,0.49424657,0.38919786,1.2624079,0.079468235,0.014736383,0.023382178,0.36206666,0.8901961,0.009196659,0.4881303,1.5908992,0.4480346,0.39327785,2.092578,0.070566535,0.66617584,0.73594475,0.0,1.9889859,1.751858,1.2496884,0.30505407,0.12564424,0.36833304,0.48805773,3.1072319,0.35009626,0.5810067,1.1532006,0.39247423,1.2299585,1.2301259,0.20828459,2.4529052,2.9445028,0.37922278,0.9469786,0.04732468,1.2520154,2.956815,0.06459284,1.2032512,0.51001585,1.0098495,0.0037195624,0.41892293,0.4590011,0.9623257,1.0588714,0.20979811,0.073901534,0.41673636,0.33394584,0.055103116,1.8409567,0.07134902,0.18050066,1.3863842,0.35581252,1.1893549,0.5670819,0.77854306,0.25857916,0.7159176,0.5667864,0.3016162,1.1346812,1.1739066,0.20570865,0.24071223,3.256467,0.77140224,0.61474466,0.2644263,0.5485906,0.685786,0.404753,0.23657832,0.5206824,2.0722177,0.5196287,0.075680815,0.17726713,0.28592294,1.3041412,1.4287447,0.16616468,1.3924586,0.1910632,1.0236496,0.11815243,0.14480563,0.06741242,0.31384048,0.022235919,1.2133301,0.17202905,0.19636433,0.24164896,0.05822448,0.82610023,2.7281244,3.4934244,0.48155817,0.13425197,0.8349854,0.21393372,1.5312278,0.10479205,0.66340464,2.269283,0.9848188,1.5747197,2.5969553,0.9633431,0.56959,0.017805219,0.83973056,0.17251784,0.79731697,2.0173583,2.887473,0.3047811,0.7524392,0.036376245,0.030546319,0.9863141,0.75766706,0.24403931,2.2767062,3.3082786,0.16598281,0.48174787,0.030612273,0.061019965,1.4507941,0.57583696,0.10521085,2.1141443,2.9334126,1.533156,0.6388443,0.8694085,0.25010338,1.8945807,0.54680884,2.1061404,0.2619255,0.9449398,0.34089795,0.47819215,1.3145229,0.09022612,1.4063097,0.17673895,1.1098269,4.2650743,0.52247846,0.13975097,0.110725924,1.0562091,0.14121847,0.1428564,0.19598027,0.32252055,1.0328376,0.8865457,0.12828827,0.4928447,0.85151225,2.3261852,0.6298647,0.39746678,0.4458231,0.029909652,1.806396,1.6956482,0.672155,0.2095716,1.4473512,0.7636976,4.518053,1.4634379,0.015823634,0.35427582,1.3089188,0.6723682,0.45992064,1.7820166,0.7190101,1.19501,0.32153696,1.9721125,0.18473129,2.2853365,0.63588214,2.7717104,1.2632393,0.16000202,0.34459323,0.7922763,1.0067354,1.3474458,0.5180607,0.6561999,0.06041991,0.18048158,0.48189226,1.0952947,0.10802254,0.1590531,0.020754974,1.0953285,0.013341396,0.015820976,0.47519824,0.05555015,0.45004222,0.22421585,2.6222203,0.0028639773,0.56980157,0.90418357,0.8777261,1.1907136,0.18826507,0.50230694,0.31048906,1.0381693,0.058126673,0.7516974,1.3697128,0.015622276,0.49602765,1.1830403,0.564948,1.3840187,0.40454113,1.1378683,1.1257799,0.53834915,1.661466,1.0579718,0.12507534,0.021878056,0.3180611,0.30456567,0.50685966,0.3934114,1.6700633,0.85141116,0.5407299,0.5897405,1.560951,1.0331272,2.756992,0.27230057,0.23111007,0.53091353,0.8410246,0.35135436,0.9082831,0.22853744,2.1656015,0.18363987,1.5893784,0.072214365,0.29916593,1.1980994,0.83063257,0.026667472,0.5821813,0.44219214,0.23369485,0.088712096,1.971948,0.78255796,1.0842845,0.72019184,4.080476,0.047905818,0.5950364,0.43542483,0.31897512,0.012178037,0.38359436,0.37707254,0.48209268,1.5773282,0.584378,0.222365,0.3571621,1.5448636,0.030542076,0.0,0.22568353,0.9986968,1.0284104,2.1092687,0.2127992,0.068324305,0.63863015,1.3405005,0.5984879,0.16264726,0.26880696,0.38333765,0.014194644,1.1591786,1.068854,1.0811881,0.04399686,1.6400678,2.0712388,1.0326228,1.7104093,0.47135141,0.8384172,1.3376629,0.25554973,2.17532,0.31631124,0.51394206,0.32032064,1.6812797,0.14188854,0.5106659,0.32214865,0.42321917,2.2192926,0.4091926,0.49872997,1.4014614,1.9480454,0.14830662,1.209623,0.0030404974,0.085509315,1.3577629,0.33396128,0.29541153,0.2736941,0.01173475,1.3429961,1.1972823,0.4352308,1.9259565,1.0465003,0.0056063794,0.051830824,0.0059190355,0.41710275,2.8703933,0.31324342,0.17634194,1.4458073,1.4030467,0.42366856,0.5999538,0.7063091,0.11997617,1.9365519,0.6352932,1.0308896,all_pothole_images\pothole_images_new_image_730.jpg
1.8512753,0.34696555,0.033034075,1.7252742,1.7080998,1.2680482,0.30261698,0.41502964,0.56915253,0.45257968,0.27769127,0.26370308,0.13808654,0.3721318,1.2630309,0.0072869915,0.3845119,0.4123922,1.1603028,0.3786769,0.12272677,1.3845968,0.76683706,0.28792226,0.43902138,0.14647678,0.48333544,0.0786577,0.13723543,0.47022367,0.3152712,0.24354006,1.6959076,0.052463695,0.043605983,0.011034983,0.6220929,0.8053365,2.2299063,1.2980363,0.00013298648,0.11082405,0.3132595,1.066003,0.1811678,0.09088588,0.92944145,0.728138,0.26432213,0.6512377,1.5858233,0.00094512873,0.093624726,0.0019186668,1.560553,1.7699313,3.1136286,0.5069782,0.01871163,0.70988834,0.5984358,1.2178147,0.83921593,0.0,0.24917941,2.051766,0.10659149,0.66005313,0.5302982,1.133854,0.15033066,0.0,1.2356739,0.048568062,0.29126337,0.31091136,0.35156134,2.8592813,0.8003487,1.2341524,0.19283958,0.034963038,1.1570734,1.3870724,1.1937754,0.26573893,0.05529881,0.16709995,1.0910988,0.37953702,0.51185584,0.32536793,1.3687124,0.013563793,0.118718505,0.028927915,2.027374,0.0,1.3314091,1.7991385,0.1153268,5.290613,1.0643581,0.88121516,2.8682966,0.36508027,0.056738187,0.0152152255,0.15348625,0.5992288,0.10645667,1.8761197,0.8985197,0.41548425,0.23268941,0.73199856,2.5828428,0.3006749,0.7716347,0.84182465,1.7613299,0.13512735,0.16763854,0.5178997,0.22248016,0.9015788,0.48191047,1.9045061,2.1839705,0.52229077,0.09498785,0.4273255,0.22478002,0.11044364,0.044724848,1.6809384,0.22278322,3.2608685,0.07855373,1.4342576,1.8252457,0.04710353,2.1398776,0.2735408,0.35438415,2.2804835,0.25598893,4.546367,0.13244532,0.0028029715,0.13784695,0.51936424,0.28932378,0.6012958,1.068415,1.3163408,0.67326415,0.05434115,1.0652419,0.05916508,0.10984905,0.79554623,0.07211502,0.22548535,0.4465025,0.029050129,0.4777019,0.60849875,0.11013871,0.031491518,0.622204,0.08333465,0.047750853,0.00089152594,1.2084208,0.74915516,0.111719556,0.040876713,0.0,0.17849681,1.0712982,1.860452,1.2784672,0.43782744,2.8002884,0.0,0.20998894,1.5687914,1.2060794,0.17696516,0.0033079747,0.11711585,0.62194973,1.3090855,0.33696887,0.541575,0.89525354,0.199384,0.6845777,1.507781,0.06715664,1.7103736,1.2632862,0.7457034,0.03476555,1.4197098,1.0653707,1.7780895,0.9203723,0.688481,0.07996653,0.17630808,0.4541067,1.3153006,1.4731214,2.0871289,1.8421987,1.2788022,0.007604749,0.38702488,0.81132466,0.27756646,1.3480968,0.2916994,0.0156471,0.10757922,5.2306294,0.97487843,0.29811126,0.07062143,0.0,0.14429587,0.4226055,0.2870009,0.8911581,0.17849949,4.3660216,1.4218322,0.114191785,0.8539704,0.13596897,0.4658787,0.79643995,1.5732833,0.09446921,0.31400946,0.107669115,0.48250684,0.26180065,1.5052923,2.510648,0.35561627,1.8707944,0.48248675,0.19072285,0.9524292,0.0,1.0045466,0.03794337,1.9230237,0.23014052,0.22968453,0.74617904,1.5735651,0.27857584,0.095792405,0.50496167,0.8258198,1.1193458,0.27699488,1.4402356,0.62687564,0.5059516,1.2168245,1.0848522,0.0010856561,0.39880922,1.6893332,0.9939212,0.3236146,0.06124166,0.39103442,0.13332292,1.877851,0.20044996,1.3817114,2.2431486,0.22733691,1.7923706,0.41502255,0.06677586,0.26820275,2.1463165,1.656296,0.59661716,0.35275158,0.5664243,0.11108482,0.03878511,0.01628169,0.04572111,0.14567238,0.108892515,0.37150425,1.9846545,1.1897525,0.11897589,0.13505474,0.08985751,0.13823713,1.6489998,2.4090974,0.28845918,0.1056393,0.5858665,0.77168846,0.063807055,0.78898084,1.6896507,0.09285485,0.19140944,0.6179413,0.5406922,0.0053825895,1.303681,0.7079886,1.1891937,0.0,0.5823078,0.30340868,0.7457576,0.06444637,1.3820735,0.05361373,0.06662106,0.041931707,1.6255138,0.67915875,0.521884,0.9479737,0.26758364,0.11605827,0.51147765,0.37409744,1.2997617,0.0045166016,0.5897907,0.113075286,0.29873505,0.09241789,1.9338706,0.48626536,2.543178,0.7854927,0.70460975,0.34770918,0.31680977,2.0498073,0.36186528,0.49071592,0.0059790756,1.5487885,0.001965917,1.5316968,0.42576426,0.8624663,1.511217,0.18872066,2.5818164,0.0,1.9325207,0.48336238,0.07837929,0.099201426,2.0933144,0.0,0.119324185,0.47250506,0.81531894,1.3566103,1.1692997,0.0,0.38493544,0.12043002,2.5108216,0.009630206,0.28455874,0.40967897,0.10369964,0.4326619,0.23565021,0.07958324,0.12839934,0.43499717,0.23635478,0.023302952,1.4503089,0.94815344,0.12408553,0.46088108,0.7779869,0.45755112,1.3552192,1.1831565,0.47458228,0.4756553,0.36120427,0.047198575,0.32006353,0.15466602,0.16066284,0.2776413,0.010578458,0.1317974,0.006425016,1.3460232,0.787631,1.8225653,1.3380104,0.0,0.66354495,0.9147003,0.24731433,0.7663055,1.2074549,0.4474737,0.12598604,0.9164716,1.6460019,0.89255893,0.051401947,0.9293683,0.3720823,0.12644807,0.47559726,4.255616,0.035160158,0.331615,0.30757195,1.4312874,0.9465524,0.78478706,0.017290557,0.79401565,0.6182711,0.34538883,0.5964635,0.97406745,0.19294038,0.5497053,1.2453425,0.42110723,0.15525962,0.23621275,0.0035104156,1.9620463,0.0577048,0.0,3.0366664,3.7965155,1.5822062,0.9757005,0.2495371,0.004857343,1.2388064,0.91905975,2.0121055,1.0379076,0.38103193,0.42921233,1.0386772,0.16017088,0.66546756,0.54150236,1.3078717,0.8984322,0.1874746,1.7815738,0.3971199,0.52310556,0.1892378,4.722219,1.4598207,0.36560103,0.43862957,0.019516865,3.941034,0.45057312,0.27288935,0.2644112,0.3906759,0.5324741,0.030033741,1.367421,1.4635788,0.8859502,0.76373094,0.07311925,2.0742095,0.28798702,0.044114802,5.878069,0.44082376,0.7590234,0.64088464,0.62757516,1.5777963,0.3159411,0.6662537,2.82328,0.62092066,0.79464114,all_pothole_images\pothole_images_new_image_731.jpg
0.7357717,0.22306742,0.1787644,1.270546,0.78292894,0.47276834,0.6188093,0.028517012,0.47895268,1.4364331,0.73431736,0.4865266,0.13377199,1.8130255,0.041384075,0.71437526,0.019725155,0.41592947,2.1874099,0.008790846,0.63427824,2.9165885,0.35833335,1.0015942,0.9043087,1.2228652,0.5272236,1.8108653,1.0051959,0.09572218,0.11780889,1.3367716,1.2474296,0.15077952,0.082958125,1.6522652,0.720172,0.62040323,0.3155687,1.2903124,0.3575287,0.14835013,0.49930534,2.314192,0.0038694835,0.2838646,0.70065737,0.046449214,1.9879086,0.5913613,1.830581,0.2605698,0.7969706,0.12373174,0.6466934,0.07385222,3.2461283,0.0,0.38604856,1.2850512,0.01928337,1.0205365,1.5900614,0.6867204,0.51465565,2.1010811,2.3471339,0.73957825,2.036441,0.05645421,0.047561437,1.1645203,0.19765574,0.5844201,0.06383378,1.7397158,0.4031642,0.1725545,0.32949117,0.6005126,0.008890003,0.16728143,1.3957669,1.3397669,0.19361885,0.20867048,0.5158709,0.5121251,2.159721,0.85962987,0.45473403,0.013440251,0.020297792,0.36415645,0.10413748,0.0,1.2256855,1.0640715,0.9262404,0.46599343,0.07264024,3.686605,1.5362089,0.57461053,1.0646768,0.06372592,0.050592855,0.7002386,1.5588872,1.1845933,0.0964571,4.9166646,0.3734238,0.30523592,0.35722584,0.66166073,2.4668796,0.8149577,4.8594275,2.9089682,1.3318534,1.5098559,0.049747963,1.8438162,0.0,0.15256992,0.30409056,0.7807516,0.027612114,0.011944941,0.13004038,0.3790133,0.4440848,0.11700301,3.358035e-05,0.67033845,0.013243494,0.15555455,0.08987654,0.64774114,0.11314584,0.30110466,0.3209545,1.2521513,0.113135844,1.4899609,0.05935815,0.255135,2.0416775,1.013045,0.56108046,0.60537803,0.1532026,0.07176998,2.1124725,0.93502307,0.10534164,0.6725091,1.050452,0.13296136,0.23881868,0.19543594,0.05733505,0.5443765,0.031420212,0.44954184,0.45393243,0.445916,0.4789634,0.46168327,0.7117971,0.11797222,0.42690012,0.1022304,1.2499645,0.03107392,0.6450536,0.0,0.48554155,0.0,0.055238627,1.9601568,2.0466187,0.56978655,1.0569825,1.1190654,0.97029936,1.1219049,1.6086614,1.3050773,0.5320859,0.051351525,0.24588425,2.9119763,0.44638532,0.15660338,0.3586594,1.0566735,1.8024014,0.07248698,0.014144911,0.8826946,0.69488853,0.65554965,2.2496479,0.0008427025,0.27190378,0.2454712,0.595498,0.16365288,0.63794786,0.046173286,1.346658,1.6769162,0.4307694,0.21924353,1.422141,0.41737747,2.0517359,0.041110262,0.9252775,0.09871531,0.80171543,1.0854168,0.44295907,0.7125253,2.199765,0.14985569,0.8744217,0.35211605,0.07240685,0.39241102,1.2654349,0.01868631,0.49364105,0.026553722,0.4141191,0.13617729,0.0,0.009119411,0.8193872,0.7745327,0.009424233,0.3398454,0.24092671,0.14986798,0.80650747,0.31021944,0.6677411,4.2531333,4.329839,0.16959782,0.52139664,0.47802663,0.017383838,1.7901163,1.3514161,0.7618553,2.679405,1.9600749,0.35521334,0.039780848,0.3959634,2.3670728,0.72387725,1.122226,0.013619025,0.32237512,0.019970993,0.17159863,0.6770666,0.7619822,0.0,0.66989285,3.0252879,1.1938521,1.3792727,0.27465966,0.50433236,0.26884416,0.19025326,0.9172315,0.010425476,0.18069465,0.3805059,0.10678714,0.92883503,1.5693907,0.21079537,0.053704873,0.7235129,0.36613578,0.14015692,2.0721357,0.030394193,1.3086501,1.5517861,2.8666143,0.060964085,1.0092195,0.14534116,1.6112728,0.17519672,1.2365257,3.1350358,1.5051239,0.25148648,1.1535853,0.0043189144,0.6376461,1.1603359,0.4574521,2.4233837,1.427792,0.11144704,0.44934225,0.29149434,1.8054353,4.483185,0.44874153,0.7708267,0.5274354,0.33596507,0.0052126087,0.5140323,0.31900248,0.24920677,0.49111438,1.413379,0.40606984,0.20551778,0.4283763,0.2774467,0.3363398,0.014240087,0.90737766,1.248927,0.27257276,0.008113579,0.3404148,0.4848123,1.2105532,2.5537586,0.14615145,0.31287014,0.12383897,0.09557054,0.31711322,0.86457497,0.24465919,0.48900533,0.36010134,0.38240728,0.1958855,0.7375222,0.20167261,0.26637363,0.8968912,0.8210435,0.46477818,0.030313525,0.04839034,1.7601974,0.12681344,0.020687973,0.5893282,1.1627588,1.1878461,0.010728731,0.24242498,2.7554905,0.11154764,2.2581148,0.17833592,1.5035642,0.2113719,0.6468303,0.26665622,0.0,0.81069756,0.7146113,0.0,0.5292996,2.3901348,3.2433393,0.5593706,3.2071178,0.0029267366,1.4918909,1.4154154,1.5318846,1.1804758,0.14251263,0.5775621,1.5196543,0.042546667,0.23747326,0.15789394,1.2807459,0.032113206,4.7124457,0.8581363,0.38320407,0.59148747,0.3204469,0.39114752,0.1442249,1.4491756,0.18579763,0.09196941,0.36828858,0.48997742,1.4657216,0.75786287,0.28612816,0.015227457,1.8419665,0.7560286,0.2829755,0.6437413,0.8381145,1.1035607,2.0668502,2.3255541,0.76957,0.2680063,0.4261344,1.1020087,0.023104394,0.803623,0.046116892,0.43931934,0.0008811896,1.3598653,0.41276774,4.136896,1.6894425,0.7450826,0.37754744,0.4362451,0.12825364,1.4169409,0.3614351,0.589911,1.2594235,0.13576232,1.4819435,0.035154626,0.22429442,0.55444676,0.56902003,1.3994132,0.19106974,1.8062613,0.54336435,1.9568176,2.1550822,1.2446932,0.5380555,0.8375667,0.91392,0.16017601,4.298824,0.0,0.77670705,1.777517,0.24403474,0.12772895,0.08802204,0.12631774,2.54103,0.9267892,0.20368864,0.5444537,0.920715,0.17320712,0.048041265,0.44786763,1.6582028,0.63660485,1.0312701,3.8469472,1.1917167,0.16103326,0.049095396,1.282839,2.6315248,0.44128042,1.4345632,0.008193333,1.0956589,0.56831187,0.18685998,0.013019271,0.2480287,0.25021735,0.5685082,0.054282244,0.18044639,0.2760632,0.20440951,4.1426253,0.792449,0.18758526,1.4553963,1.0791132,0.19860707,0.89827615,1.6462692,1.4734471,0.19179587,1.1004303,all_pothole_images\pothole_images_new_image_732.jpg
0.0,0.8295123,0.13236679,2.6103656,0.22133292,0.009504841,0.0024478156,0.0,0.074732825,0.009052068,0.45414856,0.2751217,0.0,1.1714797,0.041023724,0.017440017,0.063056804,1.4289821,0.96820664,0.41905993,0.32393646,0.33598277,0.14536563,0.5194915,1.0462455,0.079778865,0.42505646,0.98501724,0.0,0.44327724,0.12372479,0.09212932,0.08249068,0.54221034,0.04573055,0.22896941,0.18991543,0.27641565,0.86968917,0.27077183,0.0034923917,0.68569213,0.17245525,0.6665039,0.6499177,0.0,0.42401347,0.44817048,0.35726142,0.5928727,0.10059242,0.3990226,0.004868744,0.0,0.71939164,0.8491047,1.6089747,0.5459737,0.19572242,0.18953013,0.28681493,0.2734725,0.6515743,0.2115846,0.2246707,0.7778677,0.015864877,0.084752366,0.13020079,0.7017752,0.31546497,0.11856549,0.23105197,0.0037992839,0.07410162,0.0,0.24977545,0.008389359,0.0,0.01941426,0.012311396,0.1358123,0.7243909,0.92377883,0.13447717,0.0012396835,0.5817322,0.2659065,0.43131512,0.07457368,0.011312239,0.74512404,0.5551774,0.14408006,0.4051309,0.026775114,0.24697284,0.46097478,0.64633834,0.4415635,0.61446714,1.7714965,0.44188502,0.21670745,2.1580334,0.19515803,0.34162718,0.0367855,0.13054723,0.63320136,0.1115759,0.007586851,0.029522168,0.052772935,0.4165029,0.10103294,0.011730694,0.06916325,1.527613,0.00088002026,1.1295797,0.0006902034,0.005090768,0.38986233,0.012537496,0.78303134,0.23829901,0.00090756576,0.5322031,0.40029043,0.35414314,0.26293886,0.20772599,0.20514087,0.50115097,0.08995727,0.32815364,0.3614684,0.45908868,0.29315886,0.5872546,0.31824505,0.47141328,0.34556085,0.0,0.36164427,0.13537042,0.48459196,0.06656127,0.047436617,0.27387866,0.54706454,0.010224124,0.52733386,0.36020625,0.48425576,0.20001723,0.20299892,0.12101479,0.24265526,1.0063587,2.2431731,0.77608365,0.569381,0.94090986,0.010030436,1.2642913,0.03473627,0.6300664,2.439793,0.09016863,0.124665044,0.06651473,0.06562801,0.040947966,0.2910832,0.014849468,0.012647792,0.31716925,0.14190462,0.002708598,0.77885586,0.78037167,0.0,2.0164783,0.4812776,0.34451905,0.67813784,0.0,1.1735544,0.009672424,0.1665047,1.208014,0.46686313,0.26739535,0.014796775,1.390623,0.014894419,0.06887054,0.0021035997,0.13348049,0.4076058,0.2800274,0.123356424,0.023730692,0.84288156,0.05868045,0.046455353,0.4098507,0.19505528,0.030056028,0.07763621,0.09094241,0.00022859892,1.9024913,0.23557097,0.10052129,0.41435412,0.4798205,0.2582007,1.6710238,0.24939533,0.2562957,0.24233325,0.0046124463,0.00084404554,0.3263973,0.005795966,4.1707163,0.037484277,0.036023725,0.31955484,0.57069933,0.004572078,0.15344259,0.15542695,2.0908177,0.05785539,0.11997418,0.00016420106,0.28796348,0.78299385,0.887251,0.7331656,0.0088083865,0.23192705,0.7372884,0.658886,0.753563,4.72202,0.58324414,0.1795129,0.0,0.19045234,0.0,0.8251768,0.5507225,0.63185704,0.35333437,0.3148676,0.0820036,0.083434455,0.5907278,1.2406124,0.018977208,0.0053722253,0.75488013,0.41110867,2.4496095,6.601265e-05,0.38156104,0.016600274,0.997094,0.0019320708,0.5643912,0.5846948,0.157923,0.9697737,0.03773261,0.10028245,1.4804306,0.091342285,1.1257313,0.07136009,0.008827201,0.6858833,0.34528527,0.078409865,0.36624604,0.33622947,0.00024400529,0.032451183,0.006634921,0.8418864,0.6374294,0.20115161,0.003425637,0.16410035,0.03437432,1.786438,0.3464325,0.5702194,0.0073307604,0.025167746,6.050859,0.045674577,0.41447932,0.05295189,0.3144347,0.6878584,0.029759664,0.48703742,0.7877162,0.65614265,0.75564903,0.30980572,0.036728594,0.57659626,5.2154875,0.119502746,0.015300375,0.31301644,0.054312784,0.58342373,0.4103035,0.042561647,1.6978006,0.02515534,0.041181788,0.1582059,2.3836226,0.1620352,0.34136906,0.5816107,0.0,0.0,2.8100262,0.9195974,0.34132695,0.38502577,0.04735558,0.0,1.3148838,1.6677629,1.0967538,0.019132813,0.0016498779,0.2955146,0.26018676,0.14599113,0.6204017,0.009577511,0.0,1.3855225,0.20672728,0.002778169,0.0,2.4158201,0.20679395,0.510505,0.5402171,3.1892824,0.027564805,0.119749114,0.050216854,0.0,1.0366384,0.045871615,0.1386261,0.48837224,1.4662293,0.0,0.00790405,0.040821597,0.0,0.7554575,0.09858007,0.018911775,0.43985894,0.0998991,0.102980554,0.102585234,0.002050409,0.63943213,0.98808825,0.0,0.62043625,0.089763805,0.015612913,0.0103818,0.6975037,0.019283123,0.3226743,0.1008927,0.0,0.07266143,0.5172537,0.03942368,0.70488876,0.089732565,0.41064584,1.1893526,0.5103075,0.3213078,0.31809846,0.2405121,0.34968442,0.53411937,0.13490139,0.19434744,0.013456889,0.7897415,0.006672128,0.06740439,0.47849828,0.20310509,0.09650476,0.97908103,0.23089536,0.036978625,1.1001501,0.14128791,0.1367074,1.5845978,0.92842025,0.08169824,0.22966732,0.0,0.015458685,0.3624853,0.23823154,0.17196028,0.021779068,0.09314992,0.35466975,0.44467676,0.0734816,0.013962662,0.046578318,0.20871201,0.0,0.816713,0.0356932,0.11590224,0.04577384,0.04643057,0.03147467,0.71930397,0.77405113,1.5232774,3.8794763,0.18421142,0.24967681,0.009063097,0.1478443,0.47636917,0.024325365,0.05634343,0.60897595,0.3989273,3.1948903,0.0,0.10641013,0.015762666,0.086865135,0.0,0.060086187,0.0,0.020193016,0.99722177,2.1325097,1.6255772,0.11504152,0.012180039,0.14935018,1.14283,0.026421893,0.60915387,0.23943856,0.049540408,0.0,0.48577386,0.7059102,0.003565892,0.058144093,0.014899087,0.8224641,0.0,0.9917568,0.15362407,0.68686765,1.2939073,0.0,0.24851692,0.0,0.0063592494,0.10996733,0.05462748,0.060559563,0.726957,0.19837971,1.1213642,0.07316808,0.080912955,0.80651903,3.108779,1.658257,0.30575356,0.10956683,0.22164956,0.17467104,0.011647663,all_pothole_images\pothole_images_new_image_733.jpg
0.20083523,0.086554214,0.021894392,0.51409245,0.4009411,0.25823116,0.40677342,0.07712437,0.30202642,0.109220035,0.0679618,0.55380464,0.12091953,3.6183324,0.7854655,0.3051616,0.5195305,0.09386384,3.3832834,0.04781066,1.7212225,3.3300316,0.80440503,0.02962307,0.6014574,0.22385763,0.56095815,1.6769058,0.0,0.055335615,0.50525093,0.01796917,0.83235896,0.22372095,0.76833683,0.284151,0.79648757,2.1283274,0.53792125,0.30438632,0.03331851,0.41983822,0.30100948,2.014482,0.08010936,0.73272127,0.18141374,0.03465071,0.19535738,0.3857092,0.39640287,0.35897648,0.3120939,0.17467755,0.0012741009,1.4674546,0.82586753,0.0,0.19722712,0.06953415,0.08351227,0.09244551,0.79150015,0.20671842,2.0864453,0.78667504,0.29908833,0.31572214,0.57459915,0.52983046,0.43937862,0.3645383,0.27849874,0.7163082,0.36377326,0.09446039,0.591746,0.9453067,0.68297076,0.055955887,1.3445565,0.094896875,0.43375778,1.1322687,0.5040429,0.29228547,0.1457072,0.6189543,1.2648702,0.03915255,0.6204247,0.107222244,0.12724014,0.46860045,0.0029068687,0.0,1.4563377,0.45682973,0.541842,0.06491314,0.1304005,2.246573,0.16300404,0.0,0.14057921,1.3424388,0.4844305,1.124041,0.4425164,0.66076666,0.037806485,0.7442699,2.9284382,0.28816113,0.39799514,0.579497,3.3843434,0.06396997,0.7235719,1.4353659,2.6255567,0.30552742,0.14142065,0.66535115,0.056430966,0.027454682,0.2609673,1.6450024,0.21883509,0.020288669,0.2913547,0.0,0.988953,0.55403376,0.22505586,0.49543014,0.20169003,0.9228143,0.47258836,0.33436653,0.7482338,0.29807818,0.0,0.7769717,0.28754976,0.62828124,0.27281347,0.19461253,0.41149247,0.08150157,0.15755534,0.81486523,0.19953896,0.5670413,0.8816997,0.19654135,0.8260554,0.31384924,0.2978895,0.22263797,1.6280131,0.12734835,0.111774966,3.3384044,0.48989168,0.630773,0.69734937,0.7050837,1.4227927,0.090310745,0.0943744,0.05934413,0.04183504,0.42985332,0.48995098,0.050178584,0.19417524,0.19026288,0.9022304,0.9331589,0.65777344,2.6563041,0.65741307,0.0,1.1491009,0.36101758,0.06543747,0.6103944,0.0,1.1601783,0.0012674415,0.035015732,0.49439102,1.5376322,0.04214896,0.0,0.13769938,0.32188427,0.74344003,0.6984785,0.3581275,0.44729707,1.6631348,1.1656353,1.2330742,0.11549798,0.26633358,1.1338129,0.58570665,0.02537125,0.025176354,0.024664886,0.7109019,1.4418428,0.9414986,0.94184625,0.46669853,0.21554938,0.80767107,0.6567805,0.081661396,0.2971534,0.4290312,0.08292479,0.49009827,1.4290793,3.4876688,0.5495692,0.4392357,0.10013292,0.098872595,2.544589,0.11613567,0.9247516,0.26375812,0.018305695,0.5383252,0.23535927,0.38131702,0.9807679,0.0,0.016154125,0.055226937,0.49974594,3.3434582,0.0040312028,1.3084418,0.053746328,0.0010734736,2.3563166,5.297881,0.15336373,0.6406573,0.4241272,0.15235244,1.2364695,0.27905825,1.2377343,0.6555913,1.1143512,0.2997695,0.18821405,0.29416764,0.69889146,0.46529162,0.6446012,0.69815993,0.7722931,0.24056481,0.14399402,0.21939583,0.14781392,0.23240697,0.47804877,0.33014122,0.34162995,0.45667613,0.38104215,1.0695457,0.612493,1.3845165,0.13768503,0.8426314,0.2754964,0.24382162,0.54357886,0.46852812,0.08070528,2.0543633,0.045659985,0.0888121,0.40468892,1.4662883,0.5489099,0.0992554,0.7387737,1.6226165,3.1057537,0.017315164,0.032052096,0.015342146,2.2060974,0.5949846,1.3167548,4.13592,0.7793267,0.39613828,0.43111995,0.004345146,1.0895045,0.43569684,2.1642022,1.8156058,0.958231,0.05009047,2.008649,0.38180685,3.2126153,0.9737677,0.29483464,0.67068696,0.07472315,0.0036568213,0.0050483337,1.1604321,0.20635782,0.09210724,0.014956572,0.3026128,0.12029667,0.789756,2.092205,0.0,0.17407382,0.61520815,0.48039657,0.42873755,0.5795839,1.0429497,0.0,0.6217169,0.808652,0.3036905,0.0028548362,0.08745325,0.32769388,0.94822454,0.2510288,0.25149018,0.65417814,1.4592551,0.2984628,1.8649999,0.29441676,1.308064,0.722008,0.09792317,2.1283019,0.5734988,0.035373557,0.81257886,0.6988702,0.78350174,0.10129402,0.004943721,0.016556762,1.6760724,0.5744053,0.055086534,0.069432035,2.1884675,0.3255915,0.23951623,0.1522294,0.64430046,0.0031860278,0.19794047,0.30703232,0.0,0.798181,1.8396109,0.0020980227,0.2765007,0.34912744,3.0462098,1.4642268,1.4188379,0.0,1.7692779,0.38596052,1.0617539,0.16973056,0.07439221,0.35247144,0.6635331,0.5004966,1.3429481,0.4188487,0.24526985,0.053745516,3.7654037,0.24874917,0.88660675,0.2545271,0.4163595,0.085399896,0.15052445,0.91002196,0.5309485,0.39951465,0.2930018,0.10474192,0.49933183,0.7419507,0.3242123,1.8640169,0.40831515,1.2582096,0.1865555,0.0,1.3622072,0.071584836,1.2771144,0.76628685,2.0553663,0.25507358,0.24774192,0.71416754,2.1422784,0.60647607,0.033001516,1.7448466,0.0,0.51399565,0.10867527,3.1151154,0.81545645,0.005832186,0.025235552,0.90631896,2.1798038,1.4468706,0.5647606,0.71369576,2.136073,0.0783809,1.1757946,0.33125654,0.5938831,0.18072662,0.020296393,0.14492327,0.07180099,1.5235418,0.12529755,0.72117954,3.2434957,0.5947892,0.90737736,0.4228255,0.6105985,0.9885231,0.6544236,0.3686067,0.12580985,0.7112788,0.21272646,0.00053005415,0.7209622,0.0,2.115089,0.1956335,0.12089651,0.3226562,3.7870035,0.13980098,0.3458379,0.7428815,0.13888782,0.16416368,0.4407991,3.2914388,0.5470523,1.3919958,0.2674383,0.71635014,1.181312,0.079423055,1.18431,1.721073,0.37612614,0.12258325,0.41531536,0.5821411,0.66406965,0.035460725,0.6980556,0.19879213,0.09354019,0.09553245,0.26577428,3.3228316,0.16936219,0.7199829,0.6148379,0.63342726,0.080647215,0.41770187,0.020704191,0.6904332,0.12372875,1.0693016,all_pothole_images\pothole_images_new_image_734.jpg
0.38138428,0.988082,0.0,1.6054074,0.19645628,0.16324493,0.035873394,0.0,1.0230424,0.2542206,0.19230095,0.0,0.0,0.56488067,0.12568668,0.49420345,0.06687411,0.29746956,0.020576842,0.058304854,1.3398327,0.1867723,0.265768,0.5984534,0.7767734,0.14313565,0.010121134,1.8272954,0.008591824,0.49407756,0.016359419,0.15793437,0.13074541,0.29598433,0.021953657,0.7395933,0.13001764,0.007894607,0.2521291,0.003788001,0.74945843,0.022146273,0.03353186,0.1478869,0.8591081,0.18317273,0.1422636,0.44311702,0.5559419,0.4201364,0.1454942,0.05163007,0.24339683,0.40467072,1.1506474,1.6588253,0.54364747,0.43852738,0.027954476,0.20372367,0.00557354,0.19940604,0.6998968,0.36004332,0.27290437,0.71653914,0.11017469,0.0,0.12917142,0.10754776,0.6072227,0.06748718,0.20818093,0.26499906,0.75563467,0.4216577,0.117627345,1.0825899,0.0099485805,0.8121836,0.024208857,0.27376732,0.372962,0.43956152,0.09158808,0.0041128364,0.0,0.07888231,1.8600538,0.309173,0.28447518,0.037034612,0.20334111,0.32337454,0.7426964,0.031193519,0.09490102,1.1360219,0.06684524,1.2277925,0.00025747487,1.5954627,0.03039271,0.22517034,2.1923118,0.0,1.2751418,0.35589185,0.1583558,0.49517062,0.030156473,0.31849638,0.6201677,0.20520864,0.046786968,0.35393602,0.20022255,0.45355266,3.2845044,0.35467672,0.56776273,0.012721161,0.028710281,1.2034681,0.88800377,0.24463803,0.60462046,0.1441138,0.102885194,0.005538748,0.012101305,0.0014684367,0.0,0.24685417,0.015874794,0.3933274,0.239799,0.009854396,0.25584126,0.0,0.027338017,0.056317903,0.24105316,0.1173251,0.13374276,0.6312011,0.0,0.02576086,0.55882907,0.1699845,0.051149298,0.14688765,0.23416817,0.41954046,0.47622547,0.3692971,0.21018234,0.12621975,0.8602248,1.9219387,1.0378673,0.7519476,0.0020724463,0.18110268,0.16981553,0.64044863,0.292601,0.00027215085,3.6559184,1.7260203,0.0,0.040593464,0.0,0.0053423177,0.40047383,0.047808297,0.39840153,0.0030724674,0.03350279,0.2543983,0.011189447,1.7583537,0.7003337,0.83912736,2.3852034,0.5869368,0.06815111,0.6708229,0.37689453,0.088633165,0.009155465,0.057364203,0.34995157,0.68567514,0.5276166,0.12269061,2.206694,0.1686355,1.0093523,0.46044442,0.02703544,1.1114249,0.00963804,0.4065663,0.37309748,0.4019555,0.100625195,0.23317966,0.9798666,0.52950877,0.0,0.0060223825,0.33371916,0.25249296,1.2260756,0.9117982,0.19803119,0.0,0.8141193,0.44988996,0.83653724,0.0,0.37978584,0.43861845,0.0,0.16662377,0.7276183,0.15885738,2.0089343,0.058726285,0.027437039,0.04460287,0.12711512,0.0,0.6037989,0.61004305,2.0675616,0.0,0.028708272,0.33984414,0.34426057,0.357067,0.035812087,0.0300042,0.18566452,0.0,0.27292347,0.0,0.24963461,3.6574657,1.498717,0.11994118,0.045573983,0.09022748,0.62195116,0.0,0.98558456,0.6106219,1.204939,1.8383026,0.002599878,0.13140467,0.40737966,0.36278167,0.27399102,0.29054818,0.09973996,0.047661137,0.86082613,0.3694343,0.03931912,0.0,0.41498542,0.00064104033,1.0373461,1.3124664,0.57757545,0.54987663,0.09968466,0.1322385,0.00023136364,0.84661853,0.037018195,0.24691276,0.006923139,1.2394989,0.29231167,0.021577738,0.003258109,0.10346664,0.027512116,0.17076892,0.0,1.0124766,0.04359432,0.10423485,0.0068106563,0.27062243,0.035765335,2.4308703,0.84060264,0.4094824,0.45514226,0.1065526,2.8888574,0.0050400943,0.93597084,0.05391317,0.31280875,0.51924336,0.079509035,1.1321223,1.2879566,3.5440588,0.04971856,1.3727759,0.011562463,2.1846502,4.2428226,1.2861786,0.11325198,0.105436556,0.19313374,0.12615095,0.19869962,0.30416343,0.6895252,0.0,0.0,0.5837233,1.4581594,0.060662284,0.10383692,0.430295,0.057844415,0.010452124,2.2391257,0.7107466,0.059012778,1.5239574,0.5560582,0.0,4.1635447,1.6742653,0.8020902,0.0,0.5261389,0.21072955,1.1043514,0.038261198,0.01252161,0.42635804,0.002359056,0.010738402,0.06556192,0.026115915,0.07322193,0.8240685,0.52750623,0.66920453,0.077284984,0.003487417,1.3159032,0.50577277,0.117646255,0.07550809,0.103890605,0.3010512,0.009336917,0.16403478,0.17415628,0.28667402,0.11641505,0.1880555,0.10112973,0.1968038,0.12730592,0.051974036,0.19207199,0.08279373,0.121296816,0.0034684082,0.0,0.19076185,1.5146555,0.7649793,0.7935812,0.006051708,0.16025755,1.1379168,0.27627668,0.089365624,0.08094254,0.0065497104,0.0,0.21838416,0.18376467,0.36217883,0.10575722,0.11304029,0.49645987,0.80253965,0.0809512,0.0,0.74395126,0.0,0.11918375,0.047809143,0.4559651,0.05561478,0.13772292,0.23468383,0.11892838,0.0011516891,0.0,0.4191167,1.5883571,0.4558065,0.2091925,0.22681901,1.3424315,0.2533834,0.12201853,0.39655104,1.0974253,0.0012718901,0.25696835,0.028651603,0.27179062,0.7670811,0.55724317,0.021377794,0.23907104,0.13818933,0.15059401,1.8399934,1.3899497,0.78195035,0.052861307,0.32628557,0.40805855,0.20742813,0.11637438,0.049850717,0.15491638,0.013733085,0.18137254,0.4411537,0.009712086,0.42826504,1.6157609,0.021411404,0.31545746,0.014734257,0.49724764,1.2342148,0.23672235,0.099131316,0.0,1.400669,0.32810047,0.117396764,2.6633906,0.039745945,0.6116275,0.0,0.07481921,0.0,0.9780647,0.19171913,0.4199837,0.2554093,0.39135084,0.0,0.9761613,0.3854588,0.035115812,0.5451066,0.5151909,0.21802384,0.0046499795,0.90819484,0.03493267,0.19423796,0.19739485,0.12721717,0.17555039,0.015320751,0.40861923,0.2103573,0.024902971,1.1049734,0.10234754,0.0,0.007523921,0.0,0.10328182,0.0,0.0,0.0,0.060607173,2.8139083,0.35915783,0.7505669,0.30197695,3.6258423,0.3529658,0.60093814,0.40706205,0.57864904,0.0,0.08086999,all_pothole_images\pothole_images_new_image_735.jpg
0.60229003,0.8578245,0.090718694,2.0664318,0.11047154,0.5091614,0.013077952,0.09471185,0.66556144,1.6658641,0.097013764,0.46824685,0.2780847,1.4781551,0.055500817,0.5257573,0.45465735,0.25502947,0.02364881,0.35347408,0.4203804,1.5778322,0.085031174,0.47029892,0.21105851,1.4531617,0.5930837,1.5635277,0.01446383,0.0,0.17262,0.16434698,0.69079703,1.1871328,0.049178805,2.4749117,0.7527431,0.7285464,0.051039953,0.17515248,0.48897263,0.0,0.67936033,0.67183775,0.25386387,1.0035148,0.21765938,0.23010416,1.9162666,0.17348036,0.72066766,1.442014,0.11740319,0.026206711,0.5913325,2.6700664,0.9304923,0.9251463,0.22612649,0.06903794,0.14623159,0.06532401,0.12233551,0.48340613,1.5667241,1.4680701,0.2201307,0.4089778,1.0311164,0.7493736,0.49128613,0.0138964625,0.73056626,1.0042892,2.0894635,0.8143525,0.32844812,0.22296563,0.42792052,0.75969774,0.031592973,0.14916663,0.32042903,2.5573266,0.7266993,0.109741256,0.22382441,0.23661506,2.0507505,1.6028178,0.11663175,0.9071672,0.5466988,1.193755,0.43487385,0.036426146,0.012674262,0.315002,0.9187031,0.52562326,0.32095486,0.8552025,1.2882913,0.37759545,1.4354553,0.11319323,2.211384,0.84079856,0.7351845,0.6247399,0.10078683,0.71145207,0.31201622,0.44245434,0.7025284,0.13121036,0.4110214,0.32736483,1.3757515,0.54916376,1.8338773,0.2690898,0.21773314,0.4207762,1.0503705,0.84173965,0.7963553,1.0052286,0.988752,0.45885405,0.057079665,0.0,0.2338341,0.31362137,2.5446868,0.88023007,0.12211774,1.5567578,0.354667,0.26134014,0.39691955,0.2868087,0.43679968,0.18413727,0.39989084,0.46862248,0.15827729,0.09934562,0.16541204,0.15835564,1.2879323,0.044503815,1.382038,1.0227938,1.1725771,0.85720015,0.76955,0.22886226,0.35293,0.40898788,0.2562122,0.40523773,0.45238164,2.691669,0.076538704,0.11378463,0.34031296,0.28120688,2.729011,0.90077347,0.8532844,0.21334699,0.006229944,0.05324141,2.3761501,0.790013,0.15105212,0.18505594,0.06821229,0.39989385,0.2814933,2.878119,0.23473667,0.8105347,2.2927063,1.8064481,0.21510904,0.7420578,0.7341362,1.0980781,0.73556906,0.0036848248,0.6156198,0.18322851,0.87549144,0.37926763,1.858182,0.036327414,0.83395106,0.591225,1.6903443,0.44904736,0.96680236,0.31308833,0.9271945,0.36974975,0.3346151,0.9485863,0.52570367,0.2652826,0.0,0.095116824,1.3183376,0.53535074,1.9341244,2.2887397,0.11806508,0.082224116,0.31198817,0.76587623,0.6108304,0.88396615,0.5734544,0.16176169,0.0,0.28529355,1.3418283,0.21654493,3.01713,0.05951817,0.10261908,0.14862585,0.0295532,0.40374544,0.029483058,0.06719819,2.5218232,0.11118441,0.139879,0.6137296,1.4759765,1.1737999,0.24294035,0.53044003,1.1027833,0.024846578,0.8074767,0.108022325,1.5739127,5.0750103,0.86278033,0.6786063,0.8495211,0.42601845,0.14245982,0.036820155,0.5962988,0.24957652,0.030766428,2.1201212,0.00157798,0.1502299,0.5204708,0.25993782,0.7449278,0.019626945,1.0322955,0.4436141,0.496721,0.92043495,0.10138743,0.0,0.68445337,0.22408131,1.1055709,0.9762722,0.43466136,0.8041916,0.027807793,0.79221916,1.3955477,0.088029705,0.23386073,0.46878424,0.44015998,1.4672009,1.0872794,0.3310782,0.71681833,1.2560679,0.16240929,0.38672408,0.095458515,0.6027361,0.9380904,0.24757089,4.3131575e-05,1.4743702,0.58521366,1.3769003,0.7945128,1.550815,0.4431066,0.32276824,3.9508173,0.9116834,0.18184485,0.0025805593,0.15517066,0.44874677,0.24702272,0.22084865,3.435736,2.1461267,0.4597219,0.27301392,0.03012832,0.5209073,4.3780484,0.3787609,0.99099743,0.007243292,0.1454477,0.25362402,0.55636895,1.5508927,1.6423193,0.029915186,0.10739884,0.023114402,2.7229981,0.055823494,0.10642452,0.35755882,0.29553717,0.17246553,1.1042581,0.33044982,0.58023757,0.38818562,0.6566892,0.19836168,1.9973501,1.0619752,0.8210173,0.6142544,0.45743197,0.02619028,0.66524976,1.0886215,1.4275337,0.44660035,0.2252577,0.49109548,0.65010464,0.658754,0.0075121485,2.232659,2.120679,0.8835884,0.97525114,0.9799096,0.35770229,0.28646278,0.28323922,0.33849812,2.394298,0.07863252,0.44083387,1.3798805,1.4447074,0.15492973,0.051236395,0.21299152,0.0,0.16292736,0.065717965,0.26539844,0.4828967,4.569124,0.47092667,0.4783881,0.29738367,0.16165711,2.5560114,0.8360779,1.0700355,2.6806803,0.5757815,0.6073056,0.7319254,0.48252898,0.31949347,0.13745084,0.024221754,0.85352504,1.4865929,1.5717916,0.21362744,0.17601448,3.1775331,0.42282283,0.43609035,0.0,0.12973411,0.036124513,0.47936606,0.538799,0.24678701,0.27111533,1.0529991,0.33387095,0.11623628,0.27347988,0.1503561,0.06338717,1.24737,1.0404717,0.96152586,0.32517168,0.95863116,0.7798178,0.33785215,0.66004056,0.9542708,0.072075464,0.15883614,0.4821301,0.36426207,1.4021307,0.7887002,0.49072027,1.299046,1.1497527,0.4212532,1.2726039,1.0739274,1.0564687,0.4356775,0.74493843,0.3702395,0.83294046,0.70240486,0.5711221,0.5236137,0.1667942,0.55573195,0.113028236,2.6876266,0.5696822,3.0923965,0.261376,0.43510488,0.26462787,1.6138831,1.0894736,0.36590505,0.5459515,1.7509142,1.4212358,1.8890053,0.2579989,1.6249349,0.21515873,1.0384284,0.0015530039,0.5585618,0.002227099,1.0755682,0.34404328,1.5198282,0.27685335,0.04432911,0.37933096,0.9533588,0.44575414,1.2329187,1.6112727,0.13357398,0.037014026,0.0044331932,1.9621081,1.4344342,0.089354835,0.3731842,0.9255685,0.6738673,0.187069,0.91634405,0.49749553,1.2347201,0.4847789,1.0546271,0.3182481,0.33790714,0.21325672,0.0028198967,0.8268281,0.85068196,0.8809401,0.78115284,4.6528773,1.1836216,0.29220966,0.80366564,2.6504824,0.09786609,0.19622666,0.35572335,0.30147076,0.177532,0.072872855,all_pothole_images\pothole_images_new_image_736.jpg
0.24959272,0.29472366,0.32177207,3.5409403,0.46135253,0.03027024,0.9385672,0.0,0.2953991,1.1242174,0.3194401,0.37846887,0.059517287,1.4631354,0.024052678,0.40796623,0.0041311863,1.954202,0.7035644,0.100142255,0.99235624,0.39452556,1.2454325,0.68514735,2.2145386,0.096380375,0.2168259,1.1788818,0.008896158,0.0,0.047345564,0.36285657,0.0,0.8657858,0.3620138,0.40683377,0.36067328,0.4792116,0.9679912,0.105269246,0.029245993,0.45282567,0.40216666,0.3245703,0.69658566,0.094903626,0.7531105,0.0,0.21820943,0.11495409,0.014799851,0.3707092,0.021556353,0.07836005,0.9310804,0.6468146,1.3120642,0.6649777,0.16053325,0.6635032,0.004537602,0.5338049,0.82953805,0.043210395,1.135535,0.9822523,0.23099057,0.33422258,0.3473586,0.18153904,0.9020056,0.1029151,0.4123509,0.0034239644,0.69625497,0.007737524,0.66689277,1.0850741,0.070742674,0.057119466,0.011581814,0.25973985,0.92938447,1.6739097,0.1781015,0.0042357254,0.1841889,0.03406254,1.3462173,0.49936768,0.0084913485,0.6809613,0.6494201,0.28443405,0.40749052,0.0022448297,0.64019954,0.62214994,0.4469436,0.6575985,0.16794442,4.0045033,0.1914565,0.0023211143,1.1193067,0.60278535,1.1801711,0.15181395,0.33636022,1.1659231,0.009235204,0.4672332,0.12826133,1.4987075,0.46094996,0.147275,0.012996261,0.13484824,3.5046332,1.265012,1.2230054,0.35598296,0.13117383,1.5187765,1.1660973,0.6072981,0.054319195,0.047532264,0.08898937,0.47883192,0.36241543,0.4274352,0.8796468,0.16055991,0.0075031994,0.35676855,0.051653974,0.010211751,0.07641756,0.0,0.55186635,0.32377404,0.66783696,0.23481706,0.029773295,0.435072,0.4999824,1.2089797,0.0448315,0.09054623,0.017038131,0.44015604,0.04113921,0.013344868,1.6887188,0.36584052,0.14323752,0.4263124,0.4399294,0.36459458,1.5879279,3.340077,0.6211334,0.39300704,1.0495147,0.19192813,1.4961945,0.10614645,1.3095342,2.7788982,0.15985143,0.0,0.009741733,0.014357163,0.28293255,0.061244726,0.060087014,0.014948472,0.43542358,0.0069013955,0.022171974,2.3504329,1.2549881,1.701449,2.6832752,0.14672294,0.482359,1.2249552,1.0871403,1.5092044,0.22361732,0.21715502,0.29976436,0.48343968,0.36656353,0.15115681,2.3804479,0.6850381,1.3381938,0.19813931,0.1568791,0.22808644,0.16413027,0.10664578,0.3266559,0.13769178,0.10511916,0.26438463,3.5027387,0.9691933,0.0,0.033703472,0.61877114,0.41977435,1.4725734,0.6740978,0.36293486,0.16962694,0.60808384,0.33247477,0.7931967,0.34870553,0.0597816,0.008117411,0.0,0.07361725,0.62384266,0.0,2.9945855,0.39772293,0.44058266,0.021940878,0.7308536,0.0037335516,0.33272126,0.37018692,1.3525329,0.061360456,0.3501742,0.8031729,0.44517407,0.1461157,0.57754856,0.33230215,0.0,0.035604164,0.95778465,0.40588596,0.031739295,8.190337,0.45290497,0.04071495,0.004162652,0.42052817,0.0,0.6978906,0.30229038,0.8728439,1.0191802,1.9676944,0.63721037,0.9231141,0.38305196,0.3519926,0.09075995,0.30484903,0.8554429,0.43656394,2.6220145,0.08200365,0.10621789,0.0023047978,1.0537589,0.42039442,0.2734111,1.2520276,0.028470645,0.060420126,0.19010603,0.6091753,0.4881815,0.016726147,0.5836289,0.020613184,0.008656164,0.20778719,0.37742177,0.49415603,0.5248854,0.5245288,0.10175088,0.17392763,0.002213323,1.4682612,0.14113176,1.465531,0.19538365,0.48078018,0.010081296,3.25722,1.4365497,0.094058715,0.0,0.0,5.394206,0.13167909,0.25731874,0.024760827,0.028864568,0.09839824,0.24968688,0.5335444,2.1059132,1.9026651,1.8254828,0.25711757,0.0,1.4418316,5.529122,1.09574,0.2411319,0.021081304,0.23561062,0.9490095,0.8336558,0.010031155,0.020619877,0.15256345,0.012939656,0.0104358755,1.4414536,0.0,0.44525355,0.08451082,0.11168822,0.0037396075,3.6542919,0.40166557,0.18640043,0.6630028,0.48386645,0.022651784,4.27818,0.9608387,0.7558478,0.34237218,0.27394962,0.23594044,0.13345206,0.06375366,0.0,0.15604126,0.30538678,0.0061624725,0.0122390315,0.63992935,0.0,1.6990556,0.3375763,1.3329697,0.92058927,0.55204576,0.17635307,0.21393877,0.0034682187,0.019920386,0.42234224,0.0,0.26628074,0.029582534,0.43270555,0.06956022,0.21496521,0.0054263026,0.34521765,0.14667816,0.026022136,0.06250626,1.5108898,0.08593124,0.2483403,0.0,0.2775267,0.5625739,1.2370452,0.09723572,1.870763,0.3756692,0.07944431,1.1486712,0.6960809,0.0619871,0.039970994,0.4604743,0.0,0.05823792,0.044674493,0.060835775,0.65910345,0.05590561,0.19357054,2.0004783,0.33650652,0.107178025,0.8205753,0.52324665,0.2694092,1.0171617,0.48154873,0.026585681,0.081745245,0.41099387,0.041337635,0.019762453,0.0011442337,0.4385536,0.8292549,0.93502617,0.2057646,0.09054281,0.3349367,0.28711933,0.44759342,1.0925782,0.7576889,0.57710224,0.24336365,0.14653894,0.069784224,0.23903215,0.6050901,0.44056728,0.39695844,0.067738816,0.88885397,0.7162909,0.80532867,0.15487394,0.055653732,0.043118414,0.1166357,0.6736188,0.03496532,0.0,0.0,0.04760132,0.0981833,0.07729381,0.0,1.1692523,2.5034337,0.6882681,1.1994778,0.01236645,0.4132608,1.0035543,0.11616577,0.033783052,0.07137187,1.3698705,1.1905359,0.07772851,0.97786206,0.008090373,0.64922667,0.011264027,0.0,0.10752913,0.1915217,1.2599344,0.6013359,0.807647,0.0,0.298475,1.4487174,0.088172525,0.72245026,0.42972326,0.34228718,0.034624312,0.1068147,0.99246854,1.6279427,0.15962788,0.2482317,0.6185282,0.16346425,0.0040135486,1.3036835,0.074077174,0.49785396,3.0079794,0.0,0.07678608,0.0,0.11301799,0.46576005,0.060624268,0.0,0.048403136,1.0925415,2.867631,1.2275208,0.07216601,0.1326524,1.2171056,0.735747,0.44978777,0.60225475,0.72228473,0.11983624,0.011924295,all_pothole_images\pothole_images_new_image_737.jpg
1.7364411,1.6485575,0.3510726,2.0072098,0.80125356,0.20530403,0.47040048,0.0,0.14284897,0.4423387,0.17313823,0.037635252,0.18276031,0.51122814,0.24642944,0.47329727,0.09069656,0.036351606,0.4849892,0.66636485,0.4198918,1.9310654,0.8160236,1.1082551,0.64359295,0.8670703,0.061014906,2.6151545,0.0056702634,1.3782542,0.8278039,0.16571566,0.20028727,0.29365453,0.16588204,0.6362442,1.2622243,0.22189021,0.6764732,0.19794795,0.0,0.5011662,1.2250165,1.2124263,0.54137,0.43381137,0.24726832,0.26771858,0.32606372,0.28040627,0.5636351,0.7435278,0.48744512,0.3292608,0.00078442355,1.3405796,2.337491,0.0072360756,0.2586733,0.12051131,0.046134748,0.40960965,0.9699791,1.0114553,0.9715604,0.2604733,0.18938816,0.0027983724,0.025230272,0.5205479,0.42242998,0.43160442,0.1218047,1.093348,0.5333534,0.5841844,0.15654476,0.08542175,0.0,0.26139468,0.2768089,0.7138922,0.5800152,1.2825696,0.5333146,0.6502596,0.58458847,0.2551959,2.4272728,0.2772288,0.22416581,0.010922776,0.28578568,0.09441554,0.0030162397,0.0,0.6915252,0.1747696,0.3451988,0.403677,0.1056626,1.876138,1.1389067,0.0,0.25950322,0.0,0.4505846,1.032081,0.012450599,0.8519432,0.3442578,0.2144942,3.920486,0.07804681,0.49871325,1.7966992,0.81249386,0.002734772,0.15748411,0.4088874,0.19530831,0.5060397,0.5326869,0.17545046,1.3990272,0.7889898,0.88364613,0.25159696,0.95252633,0.14682697,0.39999607,0.4667228,0.26913935,0.032356117,0.6477375,1.7543286,0.09529184,0.76169497,0.759942,0.012382209,0.40627995,0.21274398,0.014331226,0.35140595,0.5654112,2.2883341,0.0130356075,0.20053478,0.3841189,0.5182956,0.3688472,0.96745604,0.42711282,0.25106075,0.89125836,0.19822508,0.5175697,0.028564876,0.5944786,1.3213532,0.5346598,0.09920193,0.04442093,1.4047533,0.3550367,0.56608737,1.1874778,0.24883693,2.2047102,0.15002717,0.8499653,0.35201773,0.47274712,0.11774159,0.2698265,0.45333806,1.5743974,0.018601561,0.9813976,0.05923943,0.018838318,0.62111276,1.168403,0.51124203,2.6221874,0.008765743,0.32433903,0.58967364,0.4133465,0.28048876,0.6423571,0.3230913,0.19347614,1.5483942,0.7241646,0.0,0.99261683,0.35029617,0.7340777,0.97621155,0.13610387,1.5464101,0.20569766,0.32738596,0.1708346,0.35394672,0.9203954,0.59090436,1.3990612,0.13351476,0.0,0.18704046,0.37256703,0.5012591,1.4502934,1.5471014,0.206307,0.058825243,0.20689148,0.3399667,3.067565,0.0,0.53918266,0.032378487,0.012012872,0.8442464,1.2519984,0.0,1.342187,0.117653415,0.066591255,0.6888823,0.6862915,0.24749514,0.3227187,0.20347904,2.3082256,0.1939892,0.14810999,0.793053,0.17433625,0.018464692,0.11290591,0.26874882,0.24095787,0.0,1.6389216,0.48246133,1.0658184,3.787055,0.0340531,0.068059795,0.5344212,0.0024021033,0.10110631,0.1564367,0.79425377,0.15537897,0.20152603,3.4109757,0.6810416,0.31025922,1.1388723,0.21039763,0.02300496,0.3740503,0.46105057,0.6866462,3.3205419,0.29272345,0.012602899,0.0021056456,0.97655034,0.11733965,0.3234405,1.4366271,0.033495974,0.33412588,0.4862431,1.6240901,0.6960142,0.45357856,0.64134544,0.0,0.0619617,0.11807712,0.6492852,0.6472965,1.0976926,0.1602894,0.36911574,0.1416583,0.5293567,0.8624034,0.0030845592,0.55695695,0.72451615,0.6531446,0.051151846,0.4960208,0.42598486,0.46250588,0.009893044,0.15074567,9.124582,1.2947729,0.33943856,0.3675798,0.003210446,1.3894986,0.23128049,1.2330911,3.1813848,0.51574373,0.04888168,1.0052445,0.06857299,2.072896,1.8556448,0.16515906,0.4683665,0.4057804,0.023958914,0.42616877,0.12589198,0.4686795,0.73756534,0.045987416,0.63718086,0.3726266,3.9028087,0.008116567,0.20075312,0.29653183,0.18477897,0.27419052,2.1705914,0.13458069,0.27429655,0.1700292,0.554801,1.5719107,1.221527,0.06517488,0.020126326,0.045604423,0.54796904,0.036265094,0.252185,0.2718943,0.5168054,0.05599741,0.2536691,0.43558872,0.6574537,0.0,0.70202106,1.8257306,0.27291343,0.8880397,0.1611826,0.7248535,0.16884723,0.5755726,0.1437046,0.023247607,0.37366423,0.47580647,0.378169,0.110322796,0.29862523,0.24769592,0.3342853,0.16051447,0.50852287,0.9010497,0.112525284,0.24735196,0.9240512,0.37390384,0.6024309,0.024387797,0.35149014,0.24889138,4.0969296,2.190907,2.1796045,0.041464094,0.36664143,0.15452406,0.35614973,0.2510905,0.09489705,0.10339688,0.27900288,0.3416825,0.06862406,0.0036066733,0.113551915,0.5625786,1.3581252,1.1673529,0.5283182,1.4572349,0.6078928,0.45926508,0.5798596,0.6803871,0.82534087,1.465235,0.377267,0.13501261,0.0,0.03614417,0.10709725,0.71886325,0.0791407,1.4505135,1.7109329,0.0,0.8350544,0.26103705,1.2676518,0.4369929,2.1766264,0.79304945,1.8426605,1.6266252,1.2761523,0.021803943,1.2817581,0.20695604,0.12973559,0.65741676,0.0,2.7509675,0.1878692,0.4363785,0.030433053,1.490394,0.77236515,0.66441935,0.08271558,0.6861531,0.13105312,0.20445572,1.3111763,0.21754622,0.8104121,0.069014534,1.3254508,0.3057994,1.0065336,0.28319892,0.74377644,0.65818834,0.765016,0.8743241,0.004085417,0.14411126,3.0316422,0.33551502,0.9853059,0.033664938,1.2569656,0.11072322,0.10469107,0.042944986,0.4849775,0.79130584,0.44092312,0.078810334,0.43343422,0.8092662,0.82290965,0.28807694,0.56168234,0.18095511,0.016178988,0.7255314,0.0,2.2645295,1.8075863,0.9001143,0.21906194,0.087345995,0.71242803,0.17142293,0.1305897,0.2817295,0.44359043,1.2986258,0.03351385,0.37814295,0.021022875,0.1731155,0.48487225,0.07418652,0.039541,0.03489427,1.1764882,4.045466,0.41803616,0.77763575,0.60194373,1.8168447,0.14548613,0.4448626,0.41578275,0.38962275,0.3478147,0.17725267,all_pothole_images\pothole_images_new_image_738.jpg
1.022036,1.1829423,1.2082939,1.758182,0.59257275,1.592897,0.81149256,0.50143504,1.5473841,0.6162474,0.7193809,1.1081995,0.6556552,1.3371024,0.17428215,0.3360334,0.14575203,0.60471797,0.58321655,0.14105262,0.40733904,1.6971674,2.1535234,3.1611056,0.16120768,0.4561474,0.16213615,2.3705611,0.38734657,1.2292331,0.15577433,0.0031124167,1.6825281,2.4603305,0.15640685,1.170573,0.37913367,0.7261815,0.519739,0.99945,0.36385092,1.0071447,0.5697936,1.1920626,0.5776529,0.1477576,0.7090856,0.22562805,0.87145853,0.42779756,0.98628956,1.0473918,1.5062115,0.181776,0.5456299,0.55177534,1.9519541,0.0031675473,1.9023542,1.1309315,0.34284934,0.8595931,2.4603825,1.6589693,2.3338225,1.668679,0.6657744,0.08954929,1.1302127,0.90653294,0.27394146,0.52414066,0.3875526,0.058839597,0.39600822,0.20468447,0.33657843,0.6766394,0.18590753,0.22356136,0.059120595,0.07239457,0.18648836,1.2541717,0.8876956,1.5747194,0.123414345,0.47356606,2.5994258,0.05725718,1.1758475,1.3596585,0.044706304,0.30982485,0.2438414,0.5218994,0.9384258,0.9936323,0.27145627,0.18346755,0.0,1.8425977,0.025092943,1.7350736,1.5172676,0.30517226,0.17422527,0.11365386,0.93556786,1.397554,0.54273754,2.8183644,0.110607505,0.92718506,0.14670612,0.38707912,1.3492248,0.66762805,0.46797395,0.7182872,1.4521333,0.87026143,1.2555722,2.207495,0.2875117,0.65789545,0.040560197,0.26258817,2.0473337,0.7223929,0.6248853,0.922379,0.20784415,0.6919173,0.09270824,0.06612427,0.022500444,1.0057938,0.09186756,0.8426191,1.0881712,0.69145685,0.61628634,1.6664248,0.5451352,1.4673116,0.2268677,0.9304867,0.45732552,1.3572469,1.8488221,1.2358329,0.6276077,0.28274593,1.8165174,0.28259024,0.39577273,0.72911656,0.30229047,0.9262887,2.066664,1.1189805,0.61908954,2.2970815,2.9306703,0.38770247,0.4485812,0.18636341,0.4588338,0.59445024,0.69293505,0.4671591,0.021388827,0.52448833,1.313086,1.120211,0.8529094,0.015993126,1.0800656,1.6707222,0.19993193,3.1333673,1.9673808,1.0440371,2.1628828,0.9797366,0.19247471,0.9911776,0.6007362,1.0288306,0.5420588,0.32746077,0.3468336,2.5294197,0.18415318,0.065768704,0.81874424,2.0284693,0.07586698,0.7491435,0.24421848,1.0831212,0.40427157,0.44031185,0.5371746,0.6739477,1.3561437,0.17874269,1.3276285,0.6173396,0.11559496,0.38448054,0.8703118,0.47032526,0.4946265,0.22619219,1.791944,0.089538425,1.7643012,0.2855725,1.0002893,0.44013417,0.9768258,1.346376,0.04442319,0.15251566,2.22429,1.2123888,1.1430981,0.0027318858,0.30134958,1.7319803,0.24520835,1.0723014,1.91716,0.054000583,0.981957,0.4381629,0.30893204,0.13244575,0.13741349,0.3435288,0.65666807,0.9690191,0.023551134,0.0,0.8366703,1.0100145,2.7121625,3.53111,0.9871937,0.21835513,0.4254248,0.025907306,0.3384044,0.6463795,2.0147083,0.6594098,0.44845033,1.7417028,1.0256268,0.4873588,0.67018765,1.6518184,0.18978642,2.477499,0.24776384,1.3155166,0.8189286,0.42549273,1.1437752,0.6557987,0.67102784,0.7832553,1.023068,0.32021046,0.44923466,1.6175631,1.1962397,0.203009,0.0442938,0.4613482,0.1589027,0.45260644,0.05216032,1.7868998,0.6459012,0.59536856,1.3869126,0.0036433104,0.3689012,0.16209912,0.77403283,1.4476706,0.82048935,0.12554063,1.0525517,1.5849715,0.95372534,1.1764026,0.10095619,0.13903974,0.052775726,0.56044257,3.230531,0.12657943,0.31245077,0.9965068,0.10116757,0.084440365,0.7223871,2.2055373,2.979814,1.7704669,0.5722839,0.5620613,0.34059268,0.46527165,2.8434436,0.72572887,1.6658363,0.28657156,0.091513455,0.9038943,1.6427999,1.3187709,1.351667,0.008213731,1.5865139,1.162617,2.3810863,0.10217682,0.11296203,0.068919174,0.14424181,0.35520834,0.82204103,0.3829088,1.088643,0.120951444,0.0367681,0.20116371,0.56059515,0.48313206,0.9228643,0.59292525,0.45144653,0.5390638,0.29794824,0.61205673,0.3833919,1.6154339,0.5154917,0.54001004,0.5980161,0.35393834,0.64319056,0.9280214,0.16160534,0.75118774,0.56336784,0.22479767,1.1860166,0.0796309,0.03314204,0.36987793,0.6828672,0.8452469,1.0231272,0.7017123,1.1491517,2.1137056,0.7817768,0.29352134,1.8808088,1.7572759,0.46681085,0.3840218,0.50454533,0.7649138,0.30720404,0.14457329,0.66743326,1.158842,1.7109733,0.72391075,1.5319184,0.033693075,0.005540819,0.8790742,0.29359022,2.152699,0.21517698,0.39224997,0.28165957,1.2313656,1.9004762,1.8941832,0.5284107,0.6125942,1.7611859,0.98399353,0.54208255,1.2669713,0.58720165,0.121264875,1.7431353,0.41564444,0.004643625,1.4797009,0.004033283,1.8593582,0.6229512,0.33724,0.18973587,0.17919905,0.729934,1.8696295,1.1652483,0.15201733,0.55014694,1.2672387,0.39158234,4.181402,1.6903737,0.12757392,3.2854953,1.3200291,0.72706056,0.6951516,0.118636265,1.2726663,0.2058066,0.8412787,0.04475761,2.39495,0.8330559,1.4033539,0.8428338,0.3502032,0.5065086,0.17082796,0.1380017,0.16839555,0.4614141,0.0,0.73663205,0.35770562,1.5125172,2.001172,1.1123087,0.11385495,0.27349472,0.7743211,1.0199034,2.531035,0.42590794,0.2612847,0.036609016,1.2920395,1.2189925,0.87497073,1.5841974,0.34041774,0.41704062,0.31486577,0.32000056,0.16686805,0.8476384,2.6572185,2.5549085,1.7350909,0.5331248,0.6842305,0.38559663,1.5185025,0.8784402,1.4045067,0.9875224,0.33352154,0.5901514,2.7648764,0.494073,1.3845215,0.06383893,0.81190705,2.3888862,0.11299223,3.1400738,0.33591747,0.9361581,1.1916324,0.10710323,0.19278012,0.24679075,0.16691756,0.67736137,0.33506685,0.43858707,0.67120063,0.09252641,2.1711957,1.2906173,1.8630693,0.40126452,1.7363328,0.5762942,1.207448,0.3511509,0.6489113,0.8510158,0.19603132,all_pothole_images\pothole_images_new_image_739.jpg
1.4741676,0.7941231,0.45051593,1.7017993,0.0016328674,0.16817494,0.86943185,0.8546117,0.76407146,0.50463337,0.22265862,0.10800134,0.014485852,0.568493,0.25527713,0.1174739,0.17261025,2.5279117,0.72223634,0.5316832,0.21283227,4.5769124,1.6972898,1.1131077,0.53440166,0.5706295,0.3311791,3.8646672,0.1853636,0.07138867,0.86532545,0.0411763,0.31957194,0.7143905,0.57563627,0.0,0.018700851,0.6506554,0.6438047,1.0758524,0.030297665,0.106949784,0.1622207,7.514968e-05,0.13334197,0.32334962,0.40056744,0.16160291,0.018766003,0.18344003,0.17282778,0.6186947,0.45795012,0.058572426,0.7444978,0.8350409,0.33562258,0.3316329,0.016195279,0.0589501,0.46419704,0.36586684,2.5404506,0.1559832,1.1026938,2.0658152,0.96765214,0.10774671,0.8498716,0.18784736,0.33408996,0.42240772,0.35121128,0.04933553,0.1298415,0.45561302,0.23465055,0.39088076,0.34711674,0.014981783,0.14595288,0.11553714,0.9380843,1.1439849,0.3074937,0.32728747,0.018846458,0.0,1.1511123,0.6167976,0.002115954,0.0041717635,0.5980015,0.27525365,0.12172182,0.041584894,2.1247358,0.58194953,0.035802223,0.14737543,0.62767625,1.2860316,1.3737082,0.519048,1.5851638,0.35034856,0.01080625,0.08120983,0.10288822,1.2747536,0.023175567,1.7787232,1.5111523,0.53702825,0.00090083265,0.07280376,1.2448413,0.6120593,0.3830878,0.19644639,1.5456215,0.057471815,0.15657444,0.10855314,0.8152686,0.07187339,0.4433033,0.033598643,0.38900355,0.3741103,0.65059304,0.3264748,0.061776806,0.06294047,0.5071296,0.42989,0.0,1.0014272,0.003328465,0.07377957,0.40741354,0.119328216,0.11500271,0.8023029,0.42664188,0.8299488,0.32116348,1.7277538,0.1356851,1.0957189,0.13119808,0.29662922,0.001380786,1.1449895,1.3600339,0.078007326,0.35952413,0.061037607,0.03959217,0.9006184,2.5859523,2.710201,0.55136013,0.8004907,0.11521594,0.0,2.921442,0.41553643,2.6638749,0.28853333,0.7756019,0.0075429087,0.0,0.1583186,0.67140806,1.0063097,0.81695884,0.46797118,1.7449054,0.73947626,0.48612562,0.06766953,1.181086,0.45225284,0.91338235,0.742308,0.3099884,0.38589948,0.2079994,0.3253472,0.0027765268,0.3105979,0.22716607,2.9558609,0.0,0.22558776,0.040512886,0.96636456,0.23257504,1.9600633,0.30546668,0.67783624,3.7025437,1.612339,0.5585219,0.47074375,0.36420667,0.35888946,0.57987875,2.2368286,0.5504749,0.10277598,0.25093064,0.40906933,0.06729107,0.6225343,1.3228856,0.2464961,0.36724752,0.8724508,0.23259552,2.2441635,0.87595177,0.3266125,0.012208293,0.14604443,2.1680846,0.2909426,0.09335359,0.35896304,0.10177197,0.676627,0.15504731,0.075846866,0.6085131,0.13406412,0.24461557,0.703192,0.10900962,0.08266274,0.030738056,0.088054985,0.36746964,0.22169432,0.02843238,0.0045048185,0.25420186,0.21762088,0.50305873,0.69545704,4.04601,0.053452935,0.5141372,0.18348885,0.38971624,1.1514919,0.68361086,0.50771624,0.73232293,0.6985873,0.13872439,0.77042985,1.0478011,0.29092813,0.015696662,0.34010646,0.5178045,0.6048154,1.4065268,0.16843256,0.045454208,0.33277607,0.11066161,3.8111928,0.2808189,0.51787704,1.0808649,0.53558403,0.21872056,1.0079474,0.55058974,0.66839653,0.025515847,2.9767563,0.7350815,0.6162571,0.25965002,0.27858418,0.71841383,0.273457,0.7309103,0.596424,0.0,1.9760723,0.051619228,0.2577592,0.7896157,2.0762744,0.24892358,1.1945218,0.07137902,0.03381539,0.0010352816,0.14201382,0.2109042,0.008097979,0.26726067,0.3233344,0.067350455,0.1385701,0.7847075,1.9537181,2.3710337,0.40360135,0.33229855,0.41997457,0.2712111,0.618225,0.0436639,0.16697724,0.10693235,0.19898239,0.14953002,0.6370482,0.30729535,0.2578008,0.23641,0.0,0.41568947,0.5332782,1.5928158,0.15604864,0.45968494,0.35766655,0.4732676,0.48002857,0.8338605,0.6929444,0.15170455,0.38779566,0.35650253,1.6294614,1.8380903,0.00036088028,1.2913777,0.08548996,0.6822223,0.67133176,0.27751333,0.9140524,0.06422414,0.33619484,0.0062509067,1.4817523,0.4401787,0.046201754,0.3182479,1.3137283,1.0437241,0.15881322,0.14681637,0.9877503,1.092958,0.68988657,0.33773336,0.0005124315,2.1100469,0.03311264,0.4473267,0.34436736,1.4800402,0.08730644,0.2502367,0.023654066,0.6814691,0.35656402,0.026660934,1.239381,1.0269598,0.33530363,0.4359354,0.0050941277,1.8400072,0.40839735,3.381662,0.25981113,0.5382707,0.13838595,0.09207887,5.599652,0.33998474,0.9890498,0.031605687,0.8796638,1.3751634,0.041123223,0.78677756,0.04767361,1.5564774,0.21252756,2.110826,1.6866771,0.61485225,0.81442225,0.2765236,0.5578544,0.235991,0.1382692,0.13175224,0.050446257,0.06347971,0.77430993,1.5430299,0.36240506,0.23959255,0.84299016,1.0222768,0.9626272,1.4180955,0.07271251,0.6449775,0.043228187,0.64124835,0.7341635,1.0389205,0.173861,0.22457196,1.0322709,0.9530833,0.15060514,0.40508223,1.714816,0.031200131,0.5659002,1.0562229,4.127572,0.6685349,0.43922806,0.79084027,0.31038445,0.87629217,0.49170882,0.0,0.4877626,0.12798925,0.04628729,1.104766,0.0942015,0.699109,0.5807658,0.075223245,0.07260216,0.9619532,0.55935246,0.6759586,1.1732898,0.50598764,0.35624242,0.054421306,0.4715555,0.8211347,0.73985344,0.06974436,0.0018239869,0.38374358,1.6457006,0.007004082,0.4698105,0.4088847,0.7978115,1.6246842,0.7962426,0.03844128,1.1860129,0.7839673,0.35625586,0.08112565,0.3036017,0.51419103,0.16945714,0.81327695,2.52022,0.13131888,0.3092779,0.01158883,0.08598277,0.55020416,0.20229106,2.232972,0.029442696,0.68265355,1.553619,0.05626847,0.038885042,0.11000977,0.06791925,0.0,0.20504312,0.18597889,0.5183681,0.052498627,1.1605495,0.6656052,0.6430452,0.146472,0.2166766,0.62368363,0.34378168,0.3224515,1.9625943,0.0,0.16374145,all_pothole_images\pothole_images_new_image_74.jpg
0.85138535,1.6067115,0.71839076,1.8812964,0.19066136,0.8050279,0.27500114,0.35680655,0.6958975,0.47294146,0.57722807,1.4099121,0.018407099,1.3643417,0.9319018,0.9897311,1.0769676,0.26107022,0.42746982,1.1513537,1.7282909,1.4944638,0.21954995,0.8594424,1.2103808,0.6720899,0.45685807,3.9073894,0.7914155,0.10324352,0.37501347,0.34542227,1.0860814,2.355335,0.07216863,0.860993,0.31210813,0.9943846,0.013348954,1.2142768,0.4089123,0.18314154,1.1293113,2.7982888,0.7067488,2.176313,0.38374734,0.086829476,0.29977962,0.9740304,1.1761478,0.61854225,1.0465388,0.49494967,0.66365904,0.9017269,0.10272998,0.34437835,0.51086295,0.3427915,0.907972,0.64972013,1.1911572,0.43430737,0.25818774,1.3258663,0.23046713,0.9189856,0.50957876,0.33171594,0.8912347,0.31672013,0.70854574,0.65357715,0.77729315,0.71436006,0.69912654,1.410604,0.017096419,0.43794516,0.5554019,0.307947,0.3076035,1.0948819,0.9977795,1.0208108,1.2378304,0.57430655,3.1730204,0.039055973,0.4238401,0.07366425,0.55460215,0.6161131,0.074928455,0.81617224,0.6836629,0.8417532,0.7189318,1.7596855,0.105813056,2.9600656,0.60320085,0.33212787,0.03344577,0.29506248,0.7591841,0.7273997,0.49425563,0.17438172,0.022427734,2.3330097,0.27559644,0.066411145,0.56306976,1.65136,1.2836583,0.41284168,0.50949025,1.4921763,1.4354874,0.75058293,1.0291789,1.5144249,0.31596148,0.33370045,2.509071,2.4804835,0.61095196,0.30788216,0.5599374,0.0163995,0.09014326,0.54888177,1.3850998,1.4317169,1.3734044,1.5075661,1.0672439,0.85745096,0.12981595,0.6061337,0.056262746,0.24824551,1.0894473,2.2285657,0.6357418,0.06269003,0.3326548,0.95814294,1.7038689,1.5448467,0.16328445,0.15570895,0.45938215,0.79877406,0.42947558,0.29298684,0.55358887,0.55663884,0.41342112,3.7280304,0.008420036,2.633529,0.003384592,2.42489,1.4646986,0.38447863,0.23575418,1.081332,0.6931722,1.3549933,1.8880717,0.41256008,0.22136614,1.0182104,0.5740697,0.0063728574,0.4058062,0.29503772,0.1305784,1.4018112,2.1091883,1.968455,0.98169255,0.24698392,0.20565335,1.3021746,0.88588953,0.2847604,0.7499695,0.7800008,0.23754323,0.555366,1.3417946,0.94436187,0.5749333,0.009108755,0.08205418,0.46479508,0.7457039,0.40835774,1.417886,0.8731285,0.82470524,0.2524943,1.3400259,0.17764664,0.058538843,0.041096456,0.99000657,0.11913692,0.4688999,0.09767865,0.7184827,2.2252283,0.36178005,0.069900796,1.6276673,0.70690763,1.3440434,0.0190611,0.6880346,0.039957196,0.09479788,0.8977272,0.60587835,1.3535306,1.389614,1.543026,0.5028326,0.26172397,1.5059469,0.14033778,0.7815343,0.10486804,2.82904,0.16226086,0.03748513,0.4645416,0.834655,0.2427323,1.0034355,0.085685395,0.42906532,0.00696447,0.1632582,0.8586595,0.17341934,2.6853745,1.4477978,1.524997,0.43207642,0.97264516,0.17283264,0.38928416,0.13694528,0.07914274,0.3580568,2.5897553,0.44162437,0.5701399,1.7302318,0.1584161,0.078258894,0.23900919,0.15188254,1.7393727,1.2260839,0.7043557,0.49993315,0.07701177,0.27235445,0.5842227,0.060314912,0.9954438,0.24365364,1.2501945,0.47486752,0.93526906,0.61322355,0.4977375,0.4313539,1.2292587,2.378692,0.0072938055,1.1206025,0.8989317,0.89251053,0.09480744,0.3092909,0.18649115,0.09869493,0.6337413,0.88054484,0.31919402,1.0825655,0.5720821,0.65185773,2.572223,0.83263403,0.49167857,0.79131144,1.3082373,3.922103,0.40895298,0.31458795,0.6725011,0.63996595,1.3686255,0.26409343,0.58150405,2.2593226,1.2572296,0.2918436,0.5503798,0.015442352,1.0787209,3.244875,0.9975651,1.1932396,0.26043698,0.97311634,0.7479201,0.6593685,2.0249307,0.34539452,0.4674184,0.9450789,1.4226964,1.8463384,0.36106226,0.074978426,0.058385223,0.14296852,0.42977607,1.217072,0.70127475,0.39690775,2.1416078,0.66594195,0.26402858,0.72924525,1.4694855,0.96616644,0.42793635,0.34886676,0.6863641,1.2708501,0.50442874,0.32720897,0.2891377,0.08809954,0.45658574,0.7155552,0.119276226,0.31269017,0.38568386,0.5487367,0.62277824,0.015295948,0.36932757,0.7255766,0.9014392,0.49133685,1.1071928,0.5178149,1.4542288,0.33556905,0.7333088,0.48062408,0.55703866,0.5049595,0.29337475,0.047749683,0.23690903,0.5465518,0.08214493,0.244649,0.60616195,0.45029846,0.5867931,1.0904267,1.5432942,1.2278035,1.6495433,1.8895729,0.8846324,0.029756434,1.5110333,1.5421332,0.35507718,0.6367549,0.29261702,0.11960307,0.5313766,0.9706628,0.44575566,0.47082117,0.0005042306,1.9142113,1.4190364,0.53755087,0.5706361,0.2908422,1.0210294,1.2348356,0.09273155,0.6277554,1.2161984,1.3548505,0.30200297,0.7777881,2.6384573,0.0,0.123069875,0.72550046,0.3792337,1.3540133,0.42412072,2.3508108,0.57258797,1.0191932,1.4957353,2.4884276,0.18723063,0.2796705,2.3282127,0.47357652,1.2701832,0.7860215,0.0,1.1137666,0.45775697,1.2532405,1.1970537,0.765799,0.46560135,0.019516787,0.6712815,0.84894055,0.31084242,0.43714857,0.25014743,0.04148965,0.83459044,2.996857,1.1959789,0.7407784,0.6820053,1.5944148,0.5415236,0.21124019,0.05144539,1.3142323,0.49884033,0.62804145,0.95205134,0.5412672,0.21601729,1.9040624,0.15340447,1.1099268,2.274442,0.1992882,0.9223705,2.7499301,0.07072785,2.0888176,1.2243423,0.7444148,0.5643641,0.33558998,0.07830167,0.32945633,0.18880665,1.0366957,1.380689,1.2142601,0.25516686,1.2005085,2.797007,0.43660086,0.9725726,0.4626758,0.014321804,0.5477553,0.6707192,0.11396473,0.11168573,0.5981406,1.9325414,0.15551192,0.701189,1.0931689,0.85420054,0.013644897,0.15037398,0.15091807,0.19820121,0.87500674,1.9141984,0.44861585,1.2941343,1.9064795,0.8303422,0.6633573,0.19917129,0.3441563,0.427517,0.42908356,0.30531815,all_pothole_images\pothole_images_new_image_740.jpg
1.6931108,1.2061733,0.8604052,1.9471874,0.8576825,0.5665949,0.530376,0.065667555,0.6921659,1.9971169,0.27570748,0.036608554,0.0028045918,0.17027375,0.3565369,0.24993491,0.26848087,1.2159036,0.68655986,1.4822783,0.36924607,5.1900225,0.5438413,1.1972439,1.5761214,0.85322505,0.85077345,2.7157555,0.99734867,1.2939222,0.153029,0.2406233,0.28693002,0.17192496,0.0,0.15160286,0.6226266,0.8522148,0.40568155,2.7851746,0.0,0.16819078,1.9808564,2.532078,0.68942297,1.0150179,0.92352915,0.0,0.4337518,0.8067119,0.3392971,0.46709278,0.3077308,0.038525935,0.5684443,0.41806108,0.8037694,0.2805821,0.16106449,1.0228533,1.0430039,1.9251083,0.93691343,0.05510413,1.1945565,0.51511085,0.15544502,2.2567554,0.5349407,1.3662772,0.22226895,0.057286408,0.8331749,1.1630113,0.3549102,1.7376293,0.7793835,0.3882927,0.13348043,0.4901186,0.91722476,0.40689233,0.3872526,0.22559477,0.30530056,0.46230692,0.16152865,0.004171786,3.3276563,1.8500636,0.0,0.36437714,0.516647,0.29248497,0.5208267,0.1563961,2.7400768,1.4748812,1.6694021,1.1080277,0.57527107,1.0981717,0.5585775,0.93875587,0.685935,0.11185151,0.039325308,1.0658269,0.8807099,0.4656979,0.19047302,2.6492789,0.86581475,0.07113018,0.069554195,0.58052737,1.7061301,1.2956601,2.2650878,0.28049335,0.40478328,0.54883206,0.40608305,1.5169128,0.7744869,0.5162041,1.3363928,0.23138347,1.4531486,0.6462223,1.4316287,0.13218318,0.38326746,0.053968627,0.1651153,0.29454577,0.22743785,1.1616732,0.9896486,0.31873223,0.16250193,0.574663,1.1998594,0.27571785,0.69842196,0.8687605,0.38691995,0.35129482,0.98006564,1.3568646,0.5336309,0.22258279,0.73782146,0.4746314,2.4343376,0.012041494,0.313774,0.86800957,0.127228,0.42132077,0.78360146,2.2413034,0.235192,0.5584107,0.24743041,0.013288514,2.0593672,0.21744193,2.361829,0.28357807,0.09788173,0.05543959,1.246738,0.74470454,1.7181153,0.2611727,1.517744,0.067425124,1.423277,0.19242333,3.6170497,0.29936573,3.057715,2.0923493,2.1135676,1.0072188,0.5550423,0.351426,0.027505297,1.7226331,0.0069870297,0.5682015,0.466093,4.183599,1.1718166,0.10287234,0.61182857,1.5026392,0.4372251,2.2364757,0.41046095,1.9601489,3.4503493,0.9659476,0.86634,0.5727002,0.2794113,0.34477982,1.4568808,1.0907317,0.08716286,1.8748901,3.0927205,1.6719466,0.15983309,1.4862989,1.5283269,0.10623015,0.746064,1.2957119,0.48261794,0.31366608,0.08188763,0.26237845,0.22913516,0.5906494,0.15576851,0.5250413,0.17089194,1.3887824,1.9346585,0.81017405,0.5811081,0.07599338,0.95353305,0.061287053,2.8539875,0.55542356,0.0094232205,0.1885711,0.36853725,0.13137244,0.33987558,0.93621194,0.3268968,0.022357943,0.64544797,0.12620024,0.45151404,1.3382945,2.0589347,0.0,0.74200326,0.08134147,0.053724114,0.43477416,1.3031477,0.020417143,1.7142128,0.7739441,0.2255855,0.46548215,2.1700847,0.017604854,0.13718663,0.78978026,0.7408079,0.991473,1.4713699,0.1365313,0.52719426,0.5747056,0.07584648,1.7385801,0.6472542,1.5360796,0.12296863,0.8325369,0.1052409,0.9357298,0.9704978,0.24697599,0.15989502,1.8211794,0.3322781,0.58952916,0.7983841,0.11934155,0.5119891,0.96369654,0.5754494,0.0013629481,1.2882152,0.41550055,0.49279404,0.293276,0.9879367,0.38793597,0.2991938,1.0458846,0.87320954,1.7307867,0.4281554,1.4205536,3.746667,0.36333543,0.34811425,1.8955048,0.26579157,0.41964424,0.78833395,2.0598311,5.7878847,0.21892643,0.07610275,0.35946444,0.20841861,0.6972491,0.51801234,0.012122114,1.0026209,0.68248874,1.1552678,0.6334459,0.3847667,1.2717733,0.8552199,0.1119191,2.1338084,0.9367931,4.0407295,0.07979345,0.41280735,2.7698002,0.23808682,0.7745324,2.1370802,0.47027695,0.046192605,0.80505353,1.2770442,0.16629542,1.3409293,0.14366579,2.5376272,0.0,0.043560877,0.6237163,2.279806,0.56263524,0.29955634,0.5069026,0.40257815,0.51097184,0.102948695,0.8658293,0.10567828,1.3422704,0.12420106,1.6848471,0.011364192,0.034747608,0.15454416,0.7336497,0.8785335,0.0036951988,1.1393977,0.016710188,1.284006,0.42438015,1.6274706,1.0199965,0.40020758,0.12950034,1.1052188,0.8060048,0.30607504,1.2876109,0.88453454,1.1108321,0.11509597,0.17364593,2.3953764,1.0626978,4.8072386,0.7943754,1.1072474,0.022663029,0.05224395,7.268651,3.2811158,0.19885248,0.5609999,0.39768586,0.0,0.0019514695,1.9845215,0.19955891,1.0653139,0.010804027,3.9968364,1.0029434,0.8020655,0.98557127,0.30900496,0.08882039,0.6000667,0.45404994,0.12618104,0.04699414,0.8772319,1.2285271,0.80077213,0.8591651,0.033700902,0.97719246,2.8746877,0.04809898,0.37326333,0.47711056,2.3476436,2.6154292,3.9300082,1.0323617,1.7804817,0.060157288,0.87684566,0.75347066,1.1537777,1.0157664,0.21642075,0.8346404,1.7428535,1.028206,0.6711093,5.462675,1.2503458,0.7981546,0.1098262,0.0397089,0.69357145,0.6276467,0.7964129,0.18342835,0.5712991,0.17832091,1.9125723,0.50543547,0.48470935,0.01708701,1.3681409,2.1692305,0.6150989,1.0082926,0.41035742,2.0570328,0.16215579,0.8033234,0.44667512,1.6684532,0.6669671,1.9671342,0.84340215,0.11580421,3.1314142,1.4860725,1.1167628,0.59252167,1.7705812,1.2834847,1.4163563,0.52974683,0.5243696,0.054368816,0.18649329,0.9961314,0.291219,1.5016974,0.33673787,0.022077007,1.1499593,5.1690145,0.39083079,0.43350607,0.0008103235,0.023348812,1.841544,0.08347724,0.06716904,0.047316354,1.7608194,2.898679,0.5226427,0.49666023,0.2540558,0.36136886,0.5414362,0.6335959,0.008382584,0.05210427,0.00019869296,2.4512742,1.0678641,0.7189758,1.0561428,0.81148833,0.21354367,0.7710305,1.4283341,1.7781283,0.44926873,0.41983852,all_pothole_images\pothole_images_new_image_741.jpg
0.0,0.17034736,0.0,1.8490977,0.080798164,0.20139526,0.0,0.0,0.4576421,0.13715304,0.057609383,0.0,0.0,0.48595154,0.0,0.0135215,0.0,0.82112604,0.16599013,0.0043675313,0.30660248,0.014804346,0.41680035,0.1441315,0.26306194,0.0343125,0.3682291,1.8606944,0.0054596225,0.0,0.0,0.0027291207,0.0,0.54283285,0.0128969345,0.0946317,0.2890731,0.002250411,0.25155008,0.047462624,0.0,0.18924065,0.07253064,0.39256433,0.06155392,0.06726994,0.008483277,0.70601046,0.0,0.13211454,0.012690796,0.0046288837,0.06963792,0.0,0.105124354,0.23910195,0.20185766,0.35113284,0.0,0.047955617,0.0015175337,0.014181964,0.23237154,0.21654205,1.1586046,0.1750521,0.5320489,0.011035043,0.0114653595,0.096826755,0.43015382,0.07421372,0.29508394,0.0,0.336664,0.0,0.060169373,0.07201008,0.00790096,0.017552083,0.0,0.10888498,0.76897633,1.3171178,0.10277727,0.0,0.3675298,0.0,0.21833147,0.14434919,0.0017994789,0.3722289,0.15475011,0.08935804,0.17630719,0.051249553,0.3165609,0.32758412,0.019495526,0.020406839,0.27447605,0.48881075,0.059225287,0.009893181,0.89801955,0.0,0.40487647,0.039929252,0.010723249,1.1080756,0.07241968,0.0102079315,0.08009913,0.08499054,0.022008108,0.013572846,0.10605568,0.0058841547,1.6152321,0.17234041,0.2805004,0.0,0.017552326,0.45579863,0.03061023,0.105169296,0.0,0.014391281,0.0,0.069025464,0.0030959786,0.14477977,0.00013273771,0.1979008,0.0087954,0.001298056,0.014966135,0.0,0.03225732,0.03844382,0.10418506,0.010972091,0.06270971,0.09681236,0.015316594,0.2914837,0.06130553,0.032750852,0.27433535,0.07560365,0.0,0.02992506,0.0011197607,0.007188762,0.23639412,0.1163181,0.011922392,0.022392102,0.054656558,0.25316456,0.57194185,1.5746902,0.070125654,0.0,0.13725144,0.25284442,2.2141757,0.074514374,0.50820535,2.2652764,0.0036806038,0.06279254,0.021940043,0.0,0.031896025,0.026403267,0.0011520257,0.023795426,0.8001336,0.13894191,0.0,0.9636003,0.46962103,0.020174,2.755201,1.0593717,0.057277434,0.047067754,0.046579413,0.30154514,0.027681855,0.075605854,0.38655776,0.030016612,0.27240482,0.0,0.69624794,0.050318815,0.5660699,0.0,0.00013114512,0.027910171,0.0,0.023986159,0.5754529,0.062588826,0.04152766,0.05367326,1.5784558,0.33197924,0.0,0.003517285,0.14932762,0.025849907,0.14150079,0.90244836,0.07646736,0.010594508,0.22907174,0.0,0.314586,0.04738754,0.20936446,0.0,0.0,0.0037397912,0.14824787,0.0,6.019619,0.19095914,0.08336615,0.0,0.06799356,0.009466745,0.017977595,0.07318995,0.98792684,0.013720975,0.16613801,0.03418471,0.00023030628,0.02525404,0.11761634,0.012537311,0.084827885,0.058212988,0.08047344,0.2594944,0.0065345154,6.3554482,0.036675666,0.35549447,0.0,0.042336136,0.0,0.14707507,0.27384922,0.012278531,0.01327377,0.5281919,0.0034978918,0.51891226,0.057975374,0.1930911,0.0,0.06935396,0.013860144,0.14168233,0.3349496,0.07502228,0.064909644,0.0047238157,0.28446248,0.169045,0.268145,0.43734685,0.0045194114,0.13850887,0.0007379724,0.11914128,1.1698219,0.14228678,0.17668788,0.0,0.013567527,0.0,0.09676687,0.026850978,0.036853895,0.15977047,0.0,0.026045743,0.017146032,0.10126652,0.050843786,0.059251804,0.005328341,0.23518793,0.0,2.5055585,0.10620305,0.27884337,0.0,0.0,5.2833514,0.24505444,0.40410924,0.0,0.23356624,0.3371075,0.0,0.09528583,2.5048852,1.676362,0.03547934,0.0,0.13434432,0.5753163,5.785277,0.119987875,0.13212137,0.0,0.06676048,0.37625223,0.00851115,0.0009220583,0.8956079,0.0,0.0,0.0,3.1336262,0.0,0.10452265,0.056049608,0.009067619,0.0,2.2625136,0.1497214,0.028181056,0.60006183,0.0054063993,0.0,2.4039803,1.8393084,0.33435735,0.06615578,0.00052639993,0.1598551,0.47297546,0.06098406,0.0036999718,0.022083059,0.0,0.17273377,0.0005754207,0.025441205,0.0,0.3824216,0.1363462,0.054523107,0.29420412,0.28328574,0.055227496,0.0,0.047771618,0.0,0.0,0.025028612,0.14599888,0.00089497457,0.08604778,0.001192053,0.0044405125,0.0,0.0017732916,0.5599057,0.19425471,0.20187749,0.025847245,0.20842797,0.47491524,0.0,0.1539666,0.31238282,0.43373895,0.009436787,0.65492743,0.0548042,0.053315297,0.0,0.014107212,0.0075768144,0.012905012,0.25658512,0.0,0.19474344,0.03675886,0.006310178,0.35023946,0.4627274,0.10345587,0.6927339,0.029754922,0.0,0.308991,0.001707986,0.0653591,0.5416533,0.23075975,0.0,0.0028605065,0.1361363,0.0,0.049408853,0.18681078,0.28058848,0.8730912,0.086964995,0.005911675,0.15729609,0.2776282,0.054227877,0.0,0.4760482,0.17179823,0.007601467,0.08316388,0.0063178944,0.05350533,0.09049636,0.15357457,0.03874344,0.1916289,0.050826404,0.2393035,0.0054203696,0.020360671,0.2237277,0.082385674,0.0,0.30340296,0.006705967,0.0013679554,0.002331001,0.0,0.009678768,0.0065175523,0.0,0.19326584,0.7361455,2.4540231,0.08725485,0.20459381,0.0,0.0052486914,0.22121581,0.06572705,0.03026851,0.0020596096,0.68463093,2.585921,0.0,0.37570718,0.0,0.008541214,0.0,0.0020767746,0.02776441,0.0,0.29560181,0.24230213,0.6462496,0.017434685,0.0,0.12919067,0.04467314,0.0004994131,0.026303507,0.0017840087,0.004769173,0.013119568,0.12986723,0.5164917,0.021766966,0.2722567,0.0050534355,0.0,0.04593346,0.1299056,0.0,0.13545662,0.9923153,0.0012909876,0.15219127,0.0,0.0,0.008656828,0.0,0.0,0.0,0.2047821,0.9760674,0.9899798,0.09644677,0.11510318,3.0555665,0.91714454,0.019199887,0.36100325,0.41628242,0.0,0.0,all_pothole_images\pothole_images_new_image_742.jpg
0.13233317,0.55402666,0.20118327,0.40456465,0.10944859,0.33494318,1.3680772,0.852559,0.67973596,0.5184663,0.16700582,0.16317475,1.0765854,2.2807953,0.020684617,0.103459015,0.12531315,0.23555054,1.9308269,0.059825838,0.16839232,2.644286,0.10544944,0.25269192,0.078413926,0.13596465,0.50695366,0.5269595,0.2485823,0.18254377,0.23188333,1.9882371,0.5977381,0.5974629,0.34370553,1.4422296,0.37666565,0.9252119,0.007307601,1.5008725,0.34942952,0.08214143,0.24747296,1.3978256,0.5254958,0.2978694,0.5017128,0.0,0.7180596,0.7415792,0.72285515,0.08543514,0.00731711,0.7615206,0.67321014,0.4272868,0.96924925,0.6030477,0.76052433,0.0,0.56382215,0.11729482,0.5289536,0.21265465,1.1509142,3.121314,0.50301325,0.007823791,2.3215568,0.24018416,0.48253655,0.034245394,0.018618822,0.818168,0.39256948,0.4916518,0.089921325,0.2066824,1.8422258,0.16587487,0.025812509,0.26267743,0.31145343,1.6908462,0.5768518,0.114324726,0.56256515,0.6646442,1.1436275,0.65303856,1.1716428,0.4446078,0.0034308375,1.6739706,0.17807887,0.14347261,0.6381588,0.8146876,0.89762396,0.17197901,0.88606447,0.8090271,0.5550572,0.05045491,1.00721,0.89409184,0.11880157,0.19183618,0.11922221,0.37217158,0.020973954,0.8839577,0.29477194,0.1955538,0.40501863,0.0,4.39998,0.3905013,3.937484,1.6917765,1.6331724,0.4758974,0.6543579,1.184295,0.02628442,0.72080463,0.21640638,1.4993118,0.5762841,0.0007310545,0.7747031,0.0,0.0013808449,0.60144556,0.13039778,0.27795056,0.4504399,1.1080012,0.64042675,1.4189942,0.06964945,1.1654125,0.21827498,0.5961513,0.08486599,0.59032863,0.20422074,0.706545,0.86680603,0.5560754,0.11066061,0.25015327,0.9255303,0.0685525,0.80354667,0.7039057,1.3991724,0.3934525,0.20086443,0.5040551,1.6549169,0.5892725,0.049198348,3.4424236,0.052168295,0.62721217,1.7363592,0.33950323,1.5143799,0.93364626,0.028260183,0.2166418,0.0,0.3168217,0.9392735,0.47888094,0.117404915,0.268726,0.63569653,0.31282973,0.0,2.02285,0.5430889,0.6551185,0.35840708,2.2322755,0.30523607,0.9106825,1.1237139,0.17896202,0.19196105,0.8472145,0.3388349,2.6624236,1.1275512,0.33849847,0.35231826,1.5750059,0.41554466,0.0,0.31975153,0.686875,0.52264917,0.24747926,1.8375081,0.20833369,1.0602999,0.057340335,1.1047269,0.12127701,0.0,0.078841165,0.54489386,1.4252924,0.8068522,0.54953915,1.2881914,0.12608548,0.38302132,0.74480796,0.0,2.7693129,0.92659307,0.29563332,0.057018828,0.6282747,0.81124586,0.119241595,1.6099925,0.034163833,0.08432736,0.44945768,0.7612001,0.40494707,0.15139404,0.6751452,1.1243653,0.26519665,0.13499354,0.32565644,0.9947083,0.55695295,0.21437877,1.2538645,0.26392013,0.21474007,0.8607538,0.10859229,0.31351346,1.1042889,3.5559542,0.18852176,1.2545476,0.43085128,0.2876766,0.47423428,0.45376873,0.13739106,0.195073,1.0453509,0.39976716,0.5272987,0.61998576,1.0443519,0.7714453,0.29805285,0.34724197,1.1690717,0.45244333,1.4413611,0.20194228,0.36201558,0.35283157,0.30527446,0.43168905,0.8317623,2.2396066,0.6859478,1.2620097,0.60334814,0.62818545,0.5435003,0.8850432,0.0978428,0.55543566,0.22054401,0.5102491,0.3720044,1.1868715,0.638587,0.27379543,0.10891045,0.0457339,0.9677468,0.053852864,0.0031587596,0.62938577,2.436707,0.9973219,0.6169169,0.44591224,0.9547664,0.3527659,0.3292232,2.8577445,0.067633145,0.49176437,0.8703504,0.10559293,0.04228589,1.5599147,0.8905501,1.6039964,0.6724454,0.27708393,0.7775913,0.0,0.82930464,1.4228135,0.11764526,2.0172672,0.0,0.08154427,0.18955462,0.3999773,0.19178951,0.95161486,0.025036465,0.086803004,0.47072804,1.910786,0.43835965,0.03813217,0.003780731,0.20551467,0.66691536,0.53000945,0.35506988,0.74114835,0.622008,0.053839926,0.6270164,1.7385341,0.243089,0.714729,0.96186453,0.12617454,0.22470951,1.2798241,1.4636762,1.0959971,1.2391136,0.46284282,1.1910849,0.41605458,0.7033224,0.108043514,1.577973,0.9611849,1.4023976,1.0868467,0.34291843,1.2750369,0.0,0.07637964,0.75398785,2.2592661,0.20119199,0.14007945,0.37713584,2.4862883,0.106714025,1.6100789,0.1316967,1.1099306,0.123119675,0.20498759,0.14648162,0.22518694,1.1329216,0.3928317,0.11589315,0.23395534,0.5531649,1.7550957,1.7847239,0.27831998,0.09126473,0.7071622,0.22127415,1.0531802,1.4545412,0.40696976,0.48932385,0.18151031,0.8909056,0.9785714,0.5118593,1.0157613,0.08344533,4.7992063,0.50508416,0.7563431,0.6223331,0.18845026,0.21839513,0.22135723,0.78847426,0.034371555,0.34970257,1.0731037,0.6652888,1.1739631,0.07502309,0.17007512,0.07587801,0.5613518,0.27702972,0.1512526,0.020501949,0.20097162,0.037069637,0.53422636,2.0724428,1.0814865,0.49547365,2.3246052,0.72355986,0.13944906,0.8187963,0.6077394,0.762042,0.9543166,0.47348303,0.39351186,3.7408392,0.5448256,0.9050542,0.13746236,0.63818926,0.3337193,0.2842331,0.42731565,1.4994214,1.8308662,0.11852343,1.5107652,0.30139312,1.1622427,1.3040613,2.469202,0.28708547,1.0292573,0.98198867,0.41985494,1.0340157,0.0,0.9228321,1.3301027,2.66396,0.70432925,0.74624133,1.0006944,0.3206045,0.69545543,0.69464225,1.0621307,0.5220586,2.1138332,0.48406592,1.2612594,1.4671425,0.33812934,0.22902907,0.19506894,0.0,0.07835222,3.1450188,0.119332075,0.7417677,0.5272266,2.3343134,0.40813324,0.48849812,0.12883425,0.59195465,0.648499,0.44821337,3.134347,1.0647343,0.76605797,0.8108358,0.73132694,0.008509325,0.5450046,0.041739646,0.03839355,0.6676796,0.19826083,0.8872332,0.7159732,4.0230265,1.341615,0.4219967,1.1714672,0.93732303,0.49641457,0.45889395,1.4032907,0.34864935,0.4310121,0.6788217,all_pothole_images\pothole_images_new_image_743.jpg
1.4777565,0.639682,0.4111735,0.14640366,0.08711663,0.819775,0.19414362,0.7695175,0.71193683,0.7573049,0.62475234,0.64113724,0.7012788,0.38452363,0.47547927,0.17309056,0.6877927,0.21373811,0.24605903,0.27433068,1.0012974,0.47670949,0.18427041,0.7416443,1.4304012,0.81129825,0.08451045,0.6998137,1.0912472,0.4214033,0.08125864,0.9653106,0.12341179,0.76102865,0.29378685,1.0782183,0.2558899,0.057492923,0.04130602,0.61643773,0.504026,0.029409666,0.5903152,0.0012758152,0.31873652,0.09802918,0.65945184,0.87681234,1.6611406,0.2809003,0.5394026,1.5310795,1.9748762,0.2273652,1.8394084,1.3931859,3.9073048,0.280268,2.096372,1.3605903,0.3023966,0.113802336,0.3579866,0.4573368,1.2027843,3.408827,0.028714072,0.6428271,1.3862587,0.37750638,0.04812149,1.3646451,1.9936109,0.36181235,0.60251594,0.34142444,0.035005163,0.2856664,0.24141861,0.7141764,0.19107367,0.26178467,0.1595679,3.736297,0.8767974,2.820158,0.6604641,0.038841642,0.2892294,0.23833306,0.70702946,1.1990708,0.95172054,0.71126515,0.23690175,0.40526417,1.3082561,0.86199087,0.9606762,0.08280419,0.6961081,4.168006,0.21953468,0.02094185,1.584407,1.1261665,0.56293184,0.40742648,0.78414774,0.2623805,0.24382843,0.41859272,0.5950486,0.72639185,0.4591906,1.1408836,0.9509182,0.6666395,0.26739603,0.28285083,0.21481706,0.29858872,1.5078503,0.0,1.0158651,0.5566837,0.28297204,1.6330547,5.530512,0.22308642,0.25818878,0.025651751,0.90437925,0.05464793,0.12218374,0.0,0.5377749,1.1675613,0.9042545,1.4721442,0.45819694,1.2408935,1.1469256,0.12564805,0.22304948,0.7673232,0.8172517,0.53500015,0.4248832,0.61076736,0.50530636,0.8386318,0.13845131,0.40215364,1.4546864,0.5535851,0.6055936,0.9892307,0.0,0.19660372,1.5029664,0.93796337,0.51330966,0.89995855,0.0031726463,0.031184558,0.7085375,0.21806186,0.014423859,0.51574594,0.041627023,1.0978566,0.16484208,0.70104295,0.5234375,0.5435147,1.0743169,0.0765415,0.1797446,0.6035798,0.20374861,3.11555,2.2647033,1.0768424,4.195486,0.6072507,1.293072,0.5842779,1.1488136,0.38439763,0.8748432,0.052419428,0.2098727,2.328361,0.035208877,0.9712347,0.42762592,0.46186322,0.06894113,0.24099888,0.22879907,0.86585605,0.2232998,0.16443706,1.2311956,0.38423985,0.1610797,0.33877882,0.7495662,0.7699924,0.08490951,0.3664763,0.18026653,0.779863,0.080713935,0.6089326,2.2030628,0.39403588,0.49826905,0.868919,0.73839295,0.7026235,0.6100436,1.5359992,0.08220482,0.35482383,2.8876152,0.34659287,0.6808079,1.605829,0.3795391,0.08925861,1.1700009,0.31746343,0.023234665,0.58196026,3.1936097,0.10300482,0.116272554,0.2546588,0.96363175,0.054576263,1.1064262,0.41706598,0.1579682,0.03296458,0.47075388,1.1002667,0.25623003,1.8127444,1.557046,0.50807744,1.1273549,0.3746159,0.60735095,0.3570055,1.0180041,0.63147664,0.26991466,0.1458729,0.68399185,0.22305712,0.5836614,1.32332,0.87047327,0.25283274,0.27472022,0.9695212,0.44120324,0.21120086,0.4751426,0.016537916,0.975704,0.5786523,1.6346072,1.0912462,1.7666837,0.6299524,0.94272596,1.3112497,1.0051951,0.19368915,0.3909771,0.2096837,0.4088854,1.0416408,0.5889124,1.2261925,0.5757914,0.7065695,1.4954185,0.6884131,0.40916628,1.5658523,1.2409462,0.0153384935,0.20793803,0.0027070374,0.29119784,0.7254622,0.32567963,1.3972152,0.08519735,0.0923756,2.531714,0.5152301,0.031919092,1.2339803,0.16657794,0.22083057,1.865325,0.7287222,0.21172285,0.11455994,0.25585788,0.8543412,0.3066798,1.0353782,0.57017726,0.9555217,0.0080315145,0.08864532,0.21670528,0.16377895,0.15464677,0.8135157,1.186494,0.81526166,0.20106187,0.3745124,1.0910275,1.1022025,1.3754371,1.5691906,1.5583353,0.9247374,0.24605176,0.86431944,0.50501436,0.13508917,0.62304103,1.0132158,0.1620308,0.2548275,2.9365132,0.717864,0.24588442,0.038583633,0.8553112,0.7717919,0.23787417,0.0,2.0001698,1.3195813,0.082425945,0.18370083,0.16764094,2.9450316,0.84070486,0.7996278,0.06562323,0.0,0.30018073,0.53254646,0.0,0.21791852,2.1797724,1.1528327,0.57276446,0.3164201,4.997121,0.0026587385,1.0221318,1.0297325,0.064554796,0.057578746,0.5804355,0.17022967,0.38969222,0.06494056,0.6165307,0.43240649,0.87233454,0.97822297,1.7058926,2.902744,0.4413569,0.0,0.15984307,0.95367557,0.6864483,1.5889541,0.22492684,0.0060499357,0.36633956,0.34037793,0.38742474,0.36862352,0.012679522,0.5445797,2.0332894,0.9588665,0.5984789,0.8581893,0.26241893,0.7977552,0.90159714,0.8106481,0.09688422,0.2104508,0.17030856,1.1399308,0.31019026,0.09018536,0.65569156,0.2836104,0.16160601,0.6997053,0.42728907,0.31017628,0.6578982,0.6169042,0.34840676,1.5204107,0.4559283,0.33884838,3.3453565,0.42525527,0.9636328,0.25760663,0.287976,0.42502472,0.04553746,1.5974132,0.26503506,3.7627537,1.3430725,1.3867433,0.12614182,0.040009473,0.1286098,0.51271194,0.8413575,0.2665916,0.37201735,0.20426263,0.8234019,0.14768828,1.5016922,0.7026016,0.35278523,0.02538237,0.04209633,1.4899964,0.9372551,1.4640137,0.044872478,0.32404128,0.20914622,1.8536175,0.43299383,0.43195802,0.8188848,0.11528726,0.1779103,0.29944813,1.732546,0.6122402,0.4887398,0.85923624,0.26351768,0.35628274,1.4944744,0.5918242,0.35773182,0.0010891797,0.6382287,1.2384247,1.0105493,0.2230939,1.1515281,4.946617,0.82135427,0.11454611,0.22978345,0.756558,0.77072114,0.4948716,3.2849195,0.1174147,2.097554,1.4590333,0.22541669,1.0668646,0.21322775,1.0001535,0.2349926,1.1441454,1.3352871,1.3892881,0.17546318,1.2977585,0.96563065,0.1537638,0.21740972,0.16651772,0.19128312,0.017454647,0.15489349,0.079599574,7.797696,0.9686515,all_pothole_images\pothole_images_new_image_744.jpg
1.1518092,1.4053408,0.5268315,1.8919755,0.12486428,0.35676268,0.022462025,0.52007526,0.23827362,0.9464991,0.7129479,0.8038783,0.24504492,2.8939474,0.07714721,0.14930503,0.22100942,0.0061096433,1.5217433,1.3038133,0.82156867,2.372503,0.44332096,0.83966863,0.12012377,0.9902924,0.039759234,0.49372792,0.19846745,0.10807414,0.72847974,0.02872031,0.18075526,0.58678967,0.45100307,0.046994038,1.2279919,0.4707044,2.686993,0.06115535,0.0,0.016025668,0.89726675,3.3530571,1.0178452,0.03933239,0.011247867,0.2561884,0.56487244,1.1507225,1.5862566,1.3041891,0.2852766,0.09982284,1.662317,1.8381385,3.9624355,0.06140959,0.2768432,0.5226227,0.09880547,0.93657774,1.6335313,0.051345132,0.20480877,0.70933986,1.2692735,0.16926563,1.3497255,0.91743314,0.1343052,1.0557879,0.027371459,0.0045846463,0.24629632,0.1482607,0.36601692,0.5153838,0.019036978,0.060054317,0.09940511,0.32335123,0.2946772,2.0044854,0.55329853,0.14358547,0.60106355,0.736889,1.5257579,0.0542662,1.4091649,0.47892573,0.07748033,1.187088,0.5874318,0.26313004,1.8782533,0.96421254,0.568637,0.25878465,0.036034487,2.4398763,0.090770155,1.1096336,0.06119368,1.7060274,0.12851264,0.13122709,0.2624273,0.6659591,0.10453883,1.329506,0.021687374,1.6645528,0.4801515,0.002168694,0.9371323,0.16200896,0.47133666,1.0231936,2.1978147,2.4256423,0.5146357,0.91227007,0.9900027,0.18906118,0.88591135,0.35901964,1.8811219,1.0746909,1.356076,0.05797598,0.77710146,0.3869637,0.36977133,0.8875645,0.1734499,0.28038165,0.5376355,0.6196383,0.7718531,0.5836662,0.16416806,0.9944651,0.18488592,0.51416504,1.3598695,0.3309658,0.36492664,1.4721425,0.116224326,0.9773344,0.07994473,0.14381701,1.4024355,0.7866771,0.70032763,0.47330463,0.08544027,0.21944462,3.3973143,0.2384898,0.104521975,3.5948617,0.42160264,0.42904118,0.9669514,0.051982656,0.1949455,0.56373596,0.89441943,0.62744546,0.1833633,0.82814723,1.7319707,0.15407243,0.59925795,0.29069754,0.16059837,0.43351808,0.28215986,2.7991328,1.4129235,0.25322047,0.53457946,0.31444156,0.06269526,1.1584027,0.4741397,1.0295986,0.108677775,0.9389377,0.84666735,1.3353055,0.1298617,0.50854415,0.014989259,1.3914907,0.38736147,0.2561092,0.32397428,1.5371925,0.56744254,0.0653604,1.0540926,0.27622482,1.2627871,1.1859797,0.19975093,0.08547379,0.014804901,0.10329147,0.6211302,1.5954397,0.63552296,0.65193284,0.15122408,0.26519445,1.514331,0.026312815,0.28229332,0.39656022,1.6224284,0.7238843,0.7989315,0.862939,2.670346,0.071201876,0.16429101,0.13935985,0.35234603,1.1989794,0.457238,0.9563501,0.019470228,0.09990455,0.7894034,0.9788687,0.02801971,0.8859371,0.07869679,0.0009670136,0.51318896,0.04624583,0.6358401,0.10724256,0.33895278,0.20590256,1.4698162,2.6693656,1.372396,0.87043774,0.0051188637,0.34011248,0.5660914,1.6583614,0.77367383,0.61215353,0.11008512,0.06664236,0.1608988,0.15139543,2.3426538,0.26613548,0.17935558,1.152539,0.35386556,0.6874631,0.30639315,0.024604544,0.08822619,0.29550916,0.39497718,0.05581836,0.4540946,0.73563063,1.5552162,0.054373622,0.5450096,0.33765996,0.78867227,0.2153205,0.5954823,0.047746673,1.0018888,0.48227012,0.24090211,1.5607661,1.8772793,0.26149207,0.677443,0.38476765,0.3842006,0.105127946,0.76848453,0.26992968,1.3213345,0.93968385,1.9391053,0.2346638,0.26735905,1.0182822,0.6631036,2.254812,5.357039,0.38456503,0.9060055,0.5360369,0.10363726,0.96045494,0.82082427,0.62481827,2.1254494,0.10315593,0.96931595,0.45135093,0.16782331,0.63163054,0.86569095,1.2836055,0.63490194,0.4778134,0.58692336,0.16023831,1.7030079,0.77480197,0.37371203,0.24006635,1.314932,0.025930258,0.16670023,0.9844844,0.58306694,0.13687019,1.0063304,0.5001739,0.26546532,0.64659905,0.03484378,0.18374608,0.21141371,0.29460946,0.36195678,0.20801917,0.5073719,0.48002014,0.037769962,0.4524667,0.009909837,3.0979166,0.36533666,0.25079072,0.7636686,0.084690586,0.72517425,0.3024918,0.16244096,2.5228608,0.06054685,0.17790428,0.64802736,0.4718059,0.2948061,0.28959516,0.050612904,0.09421674,1.3353415,0.6076181,2.3199468,1.0743077,2.129839,1.6428006,0.55312586,0.7567065,0.48829767,0.23375836,0.08342684,0.15482937,0.19846384,0.598482,0.020630473,0.35412738,0.48158723,2.380461,2.3220677,1.2387155,1.7413752,0.17186962,1.4510407,0.62472993,1.7410632,0.7152738,1.3264213,0.78788185,0.25485668,0.17708577,0.14939186,2.497584,1.3736218,0.4203096,2.9147954,1.066648,0.49377736,0.8268333,0.051246278,0.13609676,1.5132798,0.72356755,0.038907792,0.77406013,0.5120021,0.4234308,0.8035961,0.42867813,0.21722704,0.072224155,0.32371342,0.38459107,0.22302191,0.44677594,1.4305629,0.30376425,1.3413957,3.1007965,1.3085994,0.47108436,1.6968541,0.47301987,0.18128699,1.0903262,0.17777805,0.5835536,0.55828965,0.4129184,0.33770606,2.122831,0.29944962,0.3223448,0.21216033,0.21727772,0.17110138,1.4857,0.32618535,0.84075785,0.7071979,0.16217269,1.271624,0.0058476594,1.1462989,0.84342116,0.45421895,0.18203361,1.0424492,3.7155578,0.09553554,1.144187,1.0195011,1.0056669,0.3926715,0.33230025,0.8317181,0.4579202,0.98603475,0.09090147,0.006412519,1.24376,0.0,0.10792148,0.032335177,0.6005287,0.8443258,0.46183878,0.32717308,0.88323116,0.20494354,0.88110334,0.41111428,0.14984752,0.55635244,0.25022793,0.3032496,4.1523705,0.32631072,0.07814202,0.40838078,0.6174181,0.63912576,0.22437118,1.7065356,0.09650992,0.6369988,0.15835717,0.142571,0.2480023,0.064553685,0.2607297,1.2420079,1.2333714,0.38070482,0.052072134,0.082257524,3.006466,0.20224062,0.8945213,0.58832324,0.46312433,0.018984854,0.59937197,0.15369926,0.5684874,0.90927404,0.72866726,all_pothole_images\pothole_images_new_image_745.jpg
1.0411332,2.0951772,0.5067103,1.155161,0.50719315,0.22208293,0.67511934,0.5523376,0.34173307,1.556011,0.5697322,0.902742,0.2858709,0.9397499,0.495331,0.36716363,0.7052048,0.8374966,1.2739464,0.70937157,1.1546854,1.6279674,0.04451442,0.6782342,0.5458069,0.58094126,0.28556636,4.899192,0.81323993,0.35087973,0.39180118,0.26406083,0.59165305,3.1396856,0.13773602,2.4896975,0.38355714,0.3747872,0.04805309,1.3849946,0.24189264,0.012197198,0.30121267,4.744808,0.28833744,1.021035,0.27882707,0.18088016,1.0226451,1.0382309,0.6762728,1.150184,0.91095567,0.36788723,0.0,2.090839,0.01632195,0.65832937,0.8167252,0.10033954,1.0616732,0.44708702,0.21523349,0.71605325,1.271453,0.5385601,0.33378008,0.3985447,0.11493928,0.8272838,0.3638197,0.26043388,0.28723103,0.8817308,0.8866622,0.344487,1.1904861,1.9528953,0.11660574,0.43123424,1.4093437,0.08618775,0.16271834,0.95523477,0.28156915,1.0667447,0.4112728,0.18438466,1.8060155,0.33497864,0.21125269,0.048903085,0.5215208,0.2295517,0.2643121,0.9389882,0.9982029,1.4260994,0.8370328,0.28180015,0.008109897,2.4310265,0.33990765,0.8537664,0.31166077,0.40194985,1.2716165,0.59369135,0.41965064,0.4819167,0.27757618,1.6689713,0.7988861,0.5351471,1.0465928,1.0930425,0.9506213,1.3650804,0.14845614,0.84703964,2.0395262,0.44510493,0.4511045,0.75700426,1.731515,0.7560325,2.2471647,0.5550245,0.6904644,0.23987389,0.58545476,0.18682143,0.09258447,0.62859756,1.6003262,1.2311256,0.7279218,0.97831786,0.6750057,0.6236013,0.13588142,0.028667994,0.6588666,0.8631902,1.26127,1.2851743,0.41803524,0.47307625,0.3464409,0.35614878,2.8404331,0.5379951,0.11947645,0.62052155,1.1935027,0.7602375,2.179627,0.16572542,0.76008135,1.5929848,0.6970327,2.6728525,0.58012784,2.9198384,0.14613561,2.0174854,1.1907252,0.39434698,0.39511153,1.7616457,0.47009638,0.80185723,1.5310292,0.43921638,0.33472025,1.0777923,0.8550545,0.4851236,0.45772582,1.350615,0.043031525,2.0471969,2.9259605,1.2571311,0.6283461,1.446625,0.028261622,1.1800218,1.1591092,1.0073994,1.5221243,0.14125253,0.858411,0.85306937,0.7803787,0.25254375,1.5688233,0.38692465,0.068099245,0.091911025,0.68394697,0.21439072,1.5853058,0.7670737,0.35917643,0.43565857,1.102338,0.54108554,0.677646,0.26258498,0.19348253,0.40900886,1.4674256,0.72202075,1.0714968,3.2903686,0.63642067,0.0018040573,0.8301695,0.7690286,1.9212581,0.119389795,0.82294285,1.0689473,0.09251147,0.5119466,0.42114237,0.97229844,0.6614606,0.9294264,0.11698324,0.4976904,1.0835755,0.7969217,1.0899618,0.2741043,2.2837749,0.841063,0.37062466,0.4812577,0.82751757,0.3380112,0.65462136,0.18573089,0.9406512,0.08930944,0.7249965,0.2867424,0.42859212,2.4741251,1.0486132,0.40987155,0.14162928,0.86466116,1.0773674,1.2438427,0.32472408,0.23106329,0.4307901,3.0260675,0.3342742,0.6517393,0.99236625,0.0,0.07424323,0.9257483,0.85598195,0.81071395,1.8960311,0.2271667,0.6960938,0.057759993,0.34694952,0.45411167,0.04619205,0.6068987,0.058441672,1.3487687,0.9118808,1.415528,1.5769925,1.0118464,1.4765868,0.19492373,0.54088783,0.24520311,2.1680214,0.52026093,1.8045932,0.11951528,1.0674075,1.6620404,0.38619244,0.32944742,0.27405754,0.5886264,0.28591332,0.8386313,1.0540203,2.6522808,1.204942,2.5499084,1.1719521,1.2971581,3.456816,0.06945623,0.63939714,0.37404436,0.2500422,1.8955015,1.2459673,1.1164204,1.1615422,2.053546,0.5881213,0.42550614,0.2815571,1.5780138,2.774127,0.5267614,1.3939728,0.30260816,1.3132955,1.488398,0.39861327,2.2312472,0.2718815,0.23587707,1.269543,0.3954323,1.4837351,0.17709474,0.1959239,0.14077865,0.44383666,0.6799563,0.6265763,1.2462425,0.35688722,2.3100343,0.77036375,0.72358984,0.28002584,1.3338724,0.8674004,0.5259435,0.30801016,1.0462059,0.15643358,0.0030111773,0.789726,0.31250322,1.7856916,0.92151845,0.37550837,0.15757617,0.16900189,0.29190025,0.39084733,0.680629,0.06763683,0.48418018,0.9349058,1.0789566,0.38987127,0.27741215,0.7636037,2.1670334,0.305848,0.9340671,0.7492209,0.3432275,0.6145504,0.1849234,0.6324931,0.21233344,0.67592496,0.07868013,0.44939715,0.61322033,1.1297657,0.59069294,0.3457399,1.0553507,0.84222096,1.6944944,2.03136,0.148681,0.27963755,1.0142896,1.6240517,0.9261514,1.4430583,0.16788971,0.50776535,0.19847621,2.2306604,0.27942574,0.52621096,0.21764667,2.1103382,1.9418585,1.4152837,0.7538488,0.03245752,1.3181595,1.2504461,0.94786304,0.5691608,1.06835,1.2028729,1.485046,0.70794755,1.7507293,0.048475508,0.37012216,0.7154074,0.151322,1.7885164,0.15409699,2.5507808,0.40149722,1.2165135,1.5254588,4.56093,0.20030786,1.5097744,0.84719896,0.36074424,0.15030819,0.89424956,0.20257947,0.9832851,1.4765896,1.6047605,1.5308986,1.0421768,0.6118319,0.49546322,0.769229,1.7917778,0.37925288,0.30087888,0.6022172,0.80838317,0.24520697,1.4624226,1.2633206,0.27168903,1.0561947,1.9863427,0.31445977,0.1925278,0.29882625,0.68765163,0.7675527,0.7599793,1.0858332,0.6089605,0.49518225,2.3451939,0.19090578,1.1867541,0.26453298,0.42260566,0.88260394,0.8172112,0.5566331,1.536144,1.4327081,0.9630875,0.8512772,0.318525,0.21378268,0.50816375,0.5438124,0.85566103,1.5414963,0.567891,0.7261582,0.7153086,1.8592184,0.74750626,0.7570624,0.4173514,0.3316108,0.16261259,0.5539918,0.21763048,0.30585548,0.94669914,1.2685298,0.83254987,0.90733385,0.26807708,0.40912324,0.3134589,1.1504091,0.8309273,1.0226034,1.1123296,2.3715682,0.51639384,2.0507262,1.1262358,1.9882509,0.70359814,0.06800077,0.21574034,0.24555591,0.113264024,0.6219549,all_pothole_images\pothole_images_new_image_746.jpg
0.18341315,1.0787022,0.6388819,0.7322306,0.6121071,0.52189004,0.46274242,0.80901974,0.7285956,1.8900133,0.08592956,0.2607426,0.42542732,0.19753407,0.007461853,0.053021565,0.5406551,0.7037937,0.4349657,0.29916117,0.03945944,0.7579659,0.30198646,3.920082,0.14023432,0.25124282,0.09984286,0.40170887,0.0377619,1.3961695,1.4191226,0.57509685,1.127244,3.1652389,0.17755988,0.013886674,0.19082445,1.0332797,1.4892654,0.4007325,0.016721085,0.57740986,0.3107848,0.0,0.6629428,0.35760123,0.17999497,0.0787271,0.5837929,0.093919516,0.0,0.18742137,0.36739856,0.0,0.20945488,0.07118343,0.31138438,0.5175341,0.84641653,0.5445525,0.023597427,0.71777993,0.83086246,0.33325097,0.6922596,0.67726165,0.7136531,0.17639732,0.37803802,0.040596716,1.4151464,0.35475507,0.21799548,0.9520678,0.29476616,0.58832026,0.2808998,0.24957037,0.9742405,0.08167532,0.1511862,0.388406,0.636387,1.2001927,0.17687838,1.0731972,0.34551048,0.07598365,2.835582,0.17430262,0.10316037,2.199589,0.31042048,0.8306347,1.1843054,0.13879973,1.3291703,0.10879008,0.21688573,0.18068825,0.004958891,0.8531935,0.34881046,0.66912824,2.1710174,0.6288087,0.29583743,1.0669144,0.39360166,0.775406,0.09299119,0.90507674,1.3841085,0.18079987,0.035190262,0.8380084,0.509788,0.52333456,0.21977946,0.054149374,2.9643323,0.23715161,0.16701457,1.1414634,1.4431581,0.10688271,0.23152524,0.180287,0.6608141,0.7781409,1.6688814,0.2961601,0.0047457437,0.10831887,0.38255197,0.45199233,0.60217196,0.34729353,0.48606026,0.72252727,0.73388296,1.7913836,0.525098,1.3657806,0.36885005,0.2900669,0.5996524,0.6368421,0.38917765,0.565327,0.5050316,0.5701258,0.48915014,0.8939383,1.4102267,0.15954044,0.08896631,0.43540978,0.53701663,0.27725568,1.6231178,1.3745338,0.10563034,0.5805404,3.5943475,0.093098514,0.8589539,0.2850314,0.71127445,1.1348869,1.2585638,0.5421768,0.115894385,0.10134554,1.7620479,0.41539693,1.4448143,0.035563435,0.6139954,0.8428564,0.0903843,0.4743091,1.2437469,1.4471221,3.0783184,1.1182741,0.15535234,0.65359634,0.13890152,1.1582069,0.65038794,4.897177,0.26146778,0.7783768,0.7571112,0.0056939167,1.2866852,1.4856197,0.4808272,0.14529166,0.13439228,0.48210847,0.023751222,0.3856387,0.45542005,1.8284295,1.1158291,0.24002877,2.819676,0.8213052,0.04493838,0.41073358,0.29244834,0.730159,0.080696434,0.4439456,0.1365625,0.12380479,0.79537946,0.07492688,0.3852934,0.60814154,0.309367,0.0,0.0380448,0.1752711,0.6583575,0.0010244768,2.1191306,0.0,0.047078807,0.050158795,0.7596887,1.2470717,0.6158719,0.5205841,1.4354551,0.6622656,1.8571951,0.8193258,0.010216523,0.22235961,0.36802152,1.521136,0.23399252,0.020369874,1.288053,0.8396145,1.4852809,3.2772708,0.19758329,0.11840676,0.65392053,0.021755658,0.5740281,0.07490358,0.1098679,1.3367819,0.07373874,3.2408814,0.2221243,0.8304401,0.3990924,1.0094057,0.0926658,2.5807128,0.43996766,0.4310053,1.6746979,0.44471133,0.22078235,0.15687831,1.8106028,1.4449452,0.0080794785,1.3860698,0.45290023,1.3876376,0.80016667,0.68689555,0.06367717,0.0,0.15547177,0.15693703,0.32555887,0.6648914,0.035197668,0.26547787,0.1955962,0.39808902,0.0077346447,0.40480307,0.32637852,1.3798915,1.1263096,0.7609105,0.4545484,0.33073008,0.18275611,0.4339773,0.66567945,0.26624492,0.3966234,0.36562276,1.3240997,0.4340438,0.25212547,0.4047118,0.45429814,0.5314304,0.16075292,2.5801377,2.7233016,1.0118548,0.17824487,0.02027721,0.3071788,0.21951042,1.7326983,0.16811626,1.5396914,0.7037646,1.452106,1.0534321,0.71543485,0.5544492,0.37497005,0.08104473,0.28754935,0.33832073,5.583177,0.0,0.61845165,0.17113057,0.2520867,0.042535752,1.568271,0.1480639,0.28062642,0.2912476,1.078659,0.059435032,2.4636743,0.67972565,0.7639501,0.0,0.9682206,1.0346029,0.8573557,0.005107411,0.029626032,1.2970237,0.0492079,0.6075409,1.6623607,0.011591349,0.006583181,0.12377546,0.26596224,0.1761547,0.4187073,0.9523991,2.0347707,0.3621139,0.04652394,0.056019817,0.57884014,0.80371743,0.6921242,0.8187506,1.8522334,0.66231924,0.09115526,0.1517856,0.1182833,1.3818085,0.8048401,0.9276073,1.4380608,0.3994276,0.3208196,0.43720213,0.20418033,1.1674454,2.7754405,0.09106926,0.25084865,1.626237,0.0,1.016183,0.014076447,2.3110766,0.059714016,0.023095043,0.038501445,3.2989516,0.83838046,2.2013779,2.1268127,0.41377765,0.19040088,1.4295201,0.5110035,0.05603204,0.32486948,0.06960494,0.21424156,1.0672812,0.2900242,0.27571294,0.062765665,1.5295229,0.30071378,0.6207947,0.0007487799,2.2151194,0.9265433,0.47933874,1.0877429,0.37014535,0.19088697,0.4645865,1.2009199,1.1640477,0.68224293,0.31100383,1.9930364,0.2944079,1.2344697,2.0299423,0.07381153,1.1672239,0.25877848,0.31408566,0.0,2.0629427,0.317919,1.2515838,1.1941395,0.18766133,1.2395804,1.3998553,0.2467338,0.0,0.0033733686,0.11652872,0.22512522,0.3218919,0.02555558,1.6199666,1.3720781,0.06641788,2.0126657,0.36216688,0.38016182,1.4534818,0.8626519,0.96312803,0.036419753,0.4382389,1.2715443,0.21393983,0.13729674,0.04630842,0.19298522,0.06480336,2.2258272,0.1235975,0.8725256,1.2968221,1.1922083,1.0848738,0.22790962,0.052832548,2.036125,0.084837295,0.94213665,0.41120395,0.6001091,0.027664125,0.5273615,0.97440183,1.8796638,0.19158751,0.675,0.62324697,1.6395851,0.08708251,0.03513341,0.08375357,0.03391883,0.99308324,0.2289231,0.26227713,0.011426151,0.081941545,0.43579915,0.5814755,0.016357174,0.3573626,0.29857755,1.8835063,1.7918139,0.41205674,0.27008545,2.738473,0.18600763,0.33573347,0.48060602,0.027103564,0.20114914,0.14433452,all_pothole_images\pothole_images_new_image_747.jpg
0.24464273,2.2803566,0.6606855,0.39691257,0.6071676,0.24240622,0.67165005,0.29480204,0.5749935,1.2976542,0.16080336,0.57032764,1.3248527,0.51202095,0.44787753,0.8971332,1.8711025,0.0,0.7245692,0.5805772,0.04048067,1.5432944,1.621403,1.743661,0.2666447,1.311138,0.18378922,0.9091121,0.52768314,0.8609421,0.5553866,0.5572668,0.5557131,0.15671676,0.9091515,1.4983588,1.5822403,0.5907013,0.10194888,0.64565164,0.26118442,0.6889656,0.07465385,1.0799601,0.973815,0.5289643,0.34300217,0.07687653,0.7195147,0.5247216,2.2505884,1.0839553,1.4441663,1.9056972,1.1068504,1.399348,2.0915825,0.07885427,3.1945987,0.8416438,0.3187525,0.5243354,2.413244,0.04286282,0.2615367,0.5599664,1.9084442,0.47064707,1.1415997,0.5013686,0.7007854,0.6635834,0.623599,0.41200194,1.4289937,1.4857974,0.53393835,0.5094903,0.30621317,1.5178721,1.3017977,1.4116145,0.094795585,1.375099,1.8632071,0.22058055,0.14800732,0.7167318,5.1421165,0.3286675,1.3667568,0.09214376,0.99916786,1.5639096,1.364472,0.5612947,0.48889002,1.9863548,0.42331448,0.042345,0.676394,2.1237514,0.17066695,0.8348089,1.9194527,0.83710384,0.8415071,0.1793957,0.40954947,0.06785676,1.2131402,1.3155361,1.1832056,0.5642615,0.7668094,0.83780223,1.6102933,1.1912278,0.54169136,0.5150775,0.2847974,0.2468508,0.8072874,1.0200984,0.4340304,0.90738755,0.34069723,1.9488894,0.9773036,0.67698187,0.6721349,1.2712965,0.12511352,0.82013106,1.5220263,0.6322872,0.1453093,0.9451904,1.237507,1.8312488,0.29378742,1.1302869,0.2595046,0.41504714,0.47610107,0.058206066,0.4072073,0.29927716,0.84585863,2.6466787,0.25950158,0.372278,0.06891071,0.32077172,0.22032002,1.0880702,0.9629853,1.0620277,0.090917885,0.8978068,0.60965204,0.5904879,0.2050355,0.2072518,0.12967758,0.23003034,1.5928644,1.2110159,1.0034302,0.06309665,0.112288006,1.719388,0.57136875,0.0039366223,1.5823057,0.026895292,1.1466504,1.1226559,0.12496731,1.8894827,0.76284903,0.14156611,1.7567278,1.4964799,1.4517486,0.86306137,0.36207002,0.41916034,0.28806016,1.0543327,1.8300838,0.4164002,1.6340759,1.4700093,1.0056376,1.240093,0.5219183,0.46785128,0.13611938,2.476211,0.59160054,0.36577976,0.35227498,0.6611317,0.22121702,1.3243169,0.075883836,0.5477196,0.59411395,0.3584161,0.4021524,0.807793,0.8229597,1.3951025,0.4016578,0.23215945,0.51928025,1.2099543,0.5653821,0.70038885,1.1185186,0.29925984,0.31093562,0.44934973,0.71204,0.45674658,2.1995065,0.34519324,0.3308588,0.93615204,0.42382273,0.5296343,1.834135,0.41416627,1.0718905,0.6256585,0.44034326,0.16501541,0.0,0.07390135,0.33627224,0.7302556,0.457908,0.56236047,0.36089733,0.1826274,1.2827303,0.78043616,1.7197362,1.9754229,2.14797,1.4194608,0.39217687,0.950936,0.8838177,0.51078224,1.8039176,0.31266016,0.9106126,0.79084814,0.45358345,1.0444524,1.3416293,0.5066369,0.24923551,1.1971761,0.68041,1.295447,2.2448976,0.6029677,1.9174674,0.0,0.3391091,0.48616663,0.23523954,1.4110001,1.739331,0.71626633,0.8757747,0.1028258,0.41624656,0.9107952,0.49148145,0.9912024,2.3542542,0.3491186,1.2428492,2.035242,1.7264329,0.6342682,0.58604455,0.67637354,0.30151352,2.5177002,1.301177,0.59650505,0.71421736,0.502797,2.2250843,1.4372996,0.0,0.43074572,1.8057253,0.44354624,3.6936665,1.8284822,0.09891707,0.9229493,0.44262657,0.52888066,0.3730108,0.18261105,4.6242247,0.32823998,0.8550273,1.2345839,1.6610328,0.7881946,1.6735846,0.34734547,1.0577123,2.5534358,0.02681167,0.1461043,1.8938401,1.3228253,0.2690136,0.68512976,0.3641285,1.4470731,2.7621937,0.75042146,0.14423902,0.38088256,1.4967959,0.93914825,1.550255,0.020400217,0.36447707,0.26739532,1.829451,1.7485856,0.39121884,0.18327074,1.7982918,0.49134475,0.38431653,0.2858709,0.1434439,2.3939183,0.44846845,0.9424012,0.754169,2.3203144,1.3692282,0.30787027,0.44999313,0.26504153,0.8293429,0.071612574,1.0817404,0.040118795,0.3975275,0.668332,0.16512224,0.6413547,0.06019852,0.6140949,0.23490442,1.4842483,0.53060955,0.06590514,0.39753327,0.7080658,0.75613,2.0524662,1.7735008,0.5622127,0.4072007,0.5317561,0.36357602,0.8845797,0.83857805,0.5312144,1.6873925,1.4404314,2.4903636,2.8446836,2.674801,2.0109072,0.89785534,0.2543477,0.9838174,0.19983985,0.14305775,2.6665268,0.29496816,0.39383736,0.32405263,0.0005724065,1.3824701,1.3966076,0.043758042,0.25648117,0.082623295,0.1641594,0.9318095,0.6771195,0.058920324,1.5880569,0.22906485,0.27096066,0.34576228,1.3741473,0.011143915,0.07938645,1.3022792,0.99837023,0.12442572,0.11563311,0.5925263,0.2965692,1.8802792,1.2425903,0.32711887,0.5505931,0.94289196,1.2444061,0.35795063,0.82914174,1.4063725,1.1963154,0.57052964,0.5026718,0.28184268,1.9803824,0.99484617,0.615973,0.6842558,0.47412357,0.9438746,0.0021550301,1.5198376,0.034755196,0.24086711,0.9033048,2.5511754,1.396133,1.2391113,1.1902882,0.30687296,0.52837837,1.3228118,0.53258437,0.7083884,0.6541023,0.58102334,0.45938075,0.29584813,0.14467302,0.5667083,0.18201669,1.6698792,1.2181306,0.27786747,1.0462948,0.5664048,0.076630555,0.29813483,0.3421236,4.3692675,0.7898415,1.1388432,0.016187767,0.5057752,1.2889465,0.37149072,0.28077996,1.0159968,1.5108432,1.9277143,1.2604733,1.4165559,0.4843894,0.23312315,0.46449694,1.2287078,0.46784472,0.20366484,0.013741712,0.37187335,4.178672,0.46683124,0.26925382,0.048044626,0.14779425,1.0301569,0.13692182,0.36986908,0.71296346,0.7486193,1.3637625,0.02605537,0.75087535,2.0418837,0.875054,0.35164678,2.0689964,0.44418263,1.4533373,1.6762258,1.1737272,all_pothole_images\pothole_images_new_image_748.jpg
1.1955466,2.1106365,0.6360396,0.9578477,0.44311577,0.37165004,0.16393968,0.22438972,0.18155533,0.17836612,0.23737453,1.3054024,1.2482564,1.8844228,0.19587961,0.040481854,0.88942313,0.107768126,0.15726757,0.34062287,1.0894183,2.0396667,0.25545883,1.480907,0.28992084,0.10003939,0.5853128,0.95846665,0.7369878,1.3632092,2.0045733,0.10196516,0.8332658,0.9671806,0.3351568,0.44194275,0.77925247,3.1856296,1.0192822,0.3360503,0.4117724,0.0,0.8159295,2.1392512,0.5438652,0.0823713,0.48638216,0.28253368,0.08302615,0.24218585,1.0720047,0.0,1.1772118,0.09510419,0.020628572,0.26040933,0.58560205,0.16465762,0.96751916,0.0035294606,0.04400398,0.004924093,1.2903757,0.32455125,0.22340581,0.55350393,0.2994296,0.86567867,0.7411861,0.30982998,0.48994362,1.2728133,0.1234931,0.20702654,0.5010966,0.0067851054,0.20767364,1.3789024,0.013873239,0.13719103,0.66095,0.3929192,0.47651967,1.4895835,1.0001955,0.005380269,0.08209953,0.5502738,3.2387722,0.019385112,0.33761242,0.48914596,0.038952067,0.84882253,0.35460335,0.7841935,0.9733991,0.16049579,0.77733177,0.8506443,0.35083407,2.0738666,0.09775261,0.565398,0.24645326,0.58804506,0.7543394,0.04993488,0.07421613,1.2985346,0.7147326,0.27580214,0.088841215,0.8546964,0.3994961,1.4932474,1.5599264,0.17457424,0.4766901,0.1250491,0.96707815,0.621744,0.4410187,0.3695786,0.12671864,0.4323275,0.39376035,0.014235312,1.3463895,2.022683,1.0213886,0.4361214,0.38460848,0.053410053,0.3115403,1.0208247,0.7110525,0.5224554,2.5300133,0.7499761,0.80645,0.6588056,0.11484675,4.480682,1.594271,1.0737051,0.67676264,0.5840376,0.26054606,0.80453134,0.24493264,0.68522346,0.50338656,0.16040424,0.11954042,1.117277,0.4018709,0.0032464238,0.6696519,0.50540364,1.8092694,1.3339568,0.06706125,1.28603,0.501902,0.0,0.22373079,1.6220219,0.58636117,0.420097,0.0,0.1804891,0.7103487,0.3586087,0.38705373,0.04339289,2.1077185,0.06891478,0.02788091,0.6959747,0.9725602,0.7742979,0.8021933,0.5098349,1.0775992,0.16095142,0.030436233,0.29932323,0.06041553,0.05890774,0.6175391,0.39899817,0.8590524,0.546227,0.105364874,0.23332389,0.12521076,0.07004277,0.5365002,0.4655508,0.36545882,0.057999346,1.2883701,0.5353216,0.9656699,1.5426841,0.88651043,0.4692022,0.47779644,0.0,0.078566454,0.018211141,1.0422548,0.38520837,1.0110837,0.07733051,0.86743677,0.66311437,0.43689907,0.0,2.1916604,0.30819947,1.2556393,0.25819248,0.0154030025,1.0029868,0.8679966,0.8116066,0.2331263,0.18812253,0.20469356,0.24897945,0.4169026,0.8674245,0.13605657,0.28845495,1.7122117,1.8924233,0.04876177,0.14892614,0.15102969,0.049218457,0.6823161,0.6454678,0.42194396,0.36139703,1.4925107,0.2620906,0.4840678,3.4403474,2.1602364,0.45465764,0.403282,0.66468483,0.0,0.71702886,1.5777497,0.52849066,0.5533007,2.0892668,2.708195,1.9305491,0.23395987,0.059941206,0.6626027,0.1251642,0.051956546,0.58043647,0.7824204,3.8355606,0.0,0.037750132,0.069309644,0.06955634,0.410464,0.45200515,1.3743261,1.3863531,1.6004375,1.0615284,0.9774896,0.064746805,0.9990829,0.057017732,1.1913337,0.11113238,0.2632579,3.0134923,1.9255629,0.14238767,0.04825599,0.15662079,0.9798235,0.14848654,0.9142273,0.8236684,0.6022417,0.8915209,0.55908483,1.1062496,0.52774924,1.1060598,0.27346376,0.065644965,5.5138617,0.011611236,0.61414146,0.7555379,0.70118237,0.06811787,0.2575724,1.5844158,1.9312472,0.06764508,0.17962857,0.25616726,0.773918,0.5648456,1.0367522,0.4093814,0.046104893,0.034959286,0.045412,0.75624514,0.185831,0.4376515,1.5154942,0.85788876,1.6800437,1.3022288,2.7045586,0.677557,0.23052081,0.49123678,0.99104637,0.36069456,1.9004469,1.2675217,0.4157921,0.1743626,0.4210922,0.3757685,1.0706408,0.70104766,0.19576015,0.37385884,0.15043087,0.48476425,2.1250806,1.1996714,0.3538629,1.5321381,0.0052328175,0.43564078,0.33682188,0.13167508,1.0128846,0.18480657,0.1910121,0.15306734,0.15366141,0.5948317,0.17550756,0.17058864,0.15173206,0.011964552,1.6422365,1.3274195,0.5073519,0.32241455,1.0922978,1.3244936,0.41303077,0.52754414,0.6439293,1.8306196,0.09719579,1.601327,0.54631156,1.4762973,0.26187298,0.06821602,0.13039207,1.1042664,3.4354453,0.86233425,1.5023252,0.019553965,0.048321716,1.6065742,0.57337254,0.65565723,0.028182728,0.1525068,0.2864909,0.50959086,0.79597557,0.0,0.13961318,0.1479537,3.680755,0.28486982,0.70952994,1.5286093,0.6561661,0.016236655,0.83666396,0.74510765,0.626023,0.08493567,0.1517341,0.012007657,0.36493647,1.8720256,0.19066553,0.2752161,0.017373627,2.235563,0.116724774,0.5962922,1.6691381,0.033446196,0.14308427,0.93843484,0.5006674,1.0438765,0.47356796,1.8268673,0.0,1.3814127,0.21028791,0.26936722,0.6294324,0.1539675,0.8794439,1.6393657,0.055887014,0.44899997,0.15335242,0.64338815,2.154555,0.8067623,0.36859345,1.0073462,0.4112474,0.59156847,3.400729,0.24069089,0.66609365,1.0502952,1.0638094,0.82128733,0.8056891,0.7852544,0.39661756,0.03180464,0.22914393,0.14573571,0.098750085,0.11289032,0.6622797,1.615202,0.33037877,0.0,0.88125235,0.6286055,0.12053081,0.674054,0.20932041,1.0668861,0.041371502,1.2054461,2.3485336,0.23457943,0.16814086,0.031540997,0.021527354,0.0857477,0.52139544,0.40179276,0.08138147,1.6138611,0.26731256,0.6185539,0.10469451,0.33712673,0.86764246,0.037323933,0.9591718,0.0,0.42518923,0.9291714,0.1499614,0.6054563,0.19756529,0.7954565,1.0277206,0.053076446,0.035627164,0.13507985,1.1723759,2.5249321,0.10510979,0.62900996,0.21916403,0.19558634,0.6597423,0.3339338,0.6344928,0.19596446,0.024800573,0.14467597,all_pothole_images\pothole_images_new_image_749.jpg
0.32246998,2.1596375,0.11231658,0.44591606,0.58339363,0.03919129,0.39243665,2.1712244,0.04727723,1.1729943,1.2747098,0.6357267,0.48160043,0.37351087,0.18609327,0.7112035,1.3171686,0.0,0.08479796,0.056324784,0.02790355,1.2052375,0.012121147,1.6499885,0.016110487,0.6863721,0.05534236,1.4173906,0.19297864,1.1418749,0.401514,0.12898073,0.0198114,0.07874221,0.16036561,1.3289633,0.028683823,0.023680916,0.35998675,4.3165026,0.17466642,0.10901308,0.31557283,0.0,0.6400683,0.30824056,0.010373584,0.6146353,0.0582481,0.027236711,0.7093427,1.3523195,0.7417867,0.9505026,0.6379269,1.0000535,1.931592,0.1727857,0.3309476,0.3695305,0.054945868,0.04906081,0.6403448,0.6794985,0.23868962,1.1229228,0.26972637,0.48343587,2.242246,0.00035327033,0.40580693,1.4385259,1.1002027,0.05292975,1.0873147,2.9026918,0.10215508,0.4665244,0.7728572,0.22062945,0.022680378,1.1333699,0.0029492516,2.7160351,0.8291911,0.52252835,0.19928874,0.017228428,3.2124817,1.8705597,0.044079956,0.11018718,0.5319637,0.9645021,1.0359235,0.10058107,2.7818658,0.65601885,1.0569146,0.07693888,0.18804823,0.17065647,0.29200396,0.5028649,1.7386603,1.2179059,0.8367394,0.23018673,1.0992393,0.8129756,0.4461214,2.1572578,1.8239408,1.1837845,0.0,1.8085601,0.07842299,0.33398944,0.014799457,0.24647132,0.5401896,0.7625285,0.011223306,0.39395663,1.6072536,0.6708215,0.048499297,0.048518423,0.15897718,0.0042860904,1.735534,0.42338663,1.3019714,0.4601748,0.5595877,0.6948267,0.15872456,0.488473,1.1564149,0.0057348358,0.58067775,1.522582,0.74609655,0.062526464,1.4972622,1.2099341,0.10466487,4.9960246,0.68551075,1.0546077,0.4203146,1.009416,0.0169484,0.19907673,0.50611323,0.07494162,0.33354884,0.19035207,0.49289173,0.5358342,0.65107876,0.13527596,0.37935883,0.12136755,0.21371378,0.21557395,1.0933591,0.6875716,0.47662577,0.61019427,1.4525759,0.011850604,0.5454287,0.038398735,2.5372787,0.4562404,0.6425274,0.7380141,0.0,0.84953725,1.339879,0.02957385,1.2810972,2.0556064,2.528518,0.00015910195,0.48951963,0.23926458,0.097783476,1.6727931,0.6384003,1.5233533,0.4091234,2.0969696,1.0440165,0.0,0.085786976,0.90096086,0.64820796,1.8729122,1.163971,0.5587835,0.86728776,0.6233075,0.11838883,0.6438279,0.19545746,0.009734415,0.46550244,0.84285265,0.4272499,0.9707068,2.0337112,2.3234568,0.12720232,0.5865789,2.0854428,0.029965555,1.0461786,0.16346857,0.43485597,0.21806969,0.20908453,1.2138141,0.01351644,0.027888639,0.995645,0.01875004,0.98278326,1.164973,0.99784255,0.100082025,0.3979569,0.3409318,0.40337002,0.37264258,0.13613777,0.18006136,0.043059748,0.14558043,0.51889443,1.6009916,0.2520489,0.06847093,0.25134644,0.002099162,0.77999306,0.19887811,0.4862948,1.2388767,0.9495426,0.32464534,1.6575975,0.05112678,0.41094825,0.03161586,1.9643327,0.059302494,1.1072873,0.8066379,0.01036692,0.60776675,2.3447025,0.25074378,0.07637031,0.25103164,0.98001176,1.3039945,1.2079867,0.22701901,1.611337,0.41263828,0.030673577,5.6648183,1.1461524,2.7405019,1.0185015,0.15166326,0.3872992,0.93642324,0.008159299,0.47037208,0.0,0.43659154,0.71502304,0.024930151,0.32868582,2.2543232,0.079388626,0.47997734,0.5195002,0.46883303,0.10685079,1.4390699,0.44541055,1.2592566,0.70996106,0.084236175,1.3219792,0.52203757,0.0,0.7663639,0.184412,0.5551215,0.05344172,0.0063239955,0.39394483,0.74632907,1.1249915,0.46701524,0.85086244,0.11988876,2.4880297,0.054954402,0.28888187,0.5272373,0.29655215,0.49820715,0.0,0.2645449,0.4143711,0.1586216,0.5354849,0.07308036,0.26451516,1.3602687,0.4005601,0.55622363,1.1891927,1.0785832,1.8402579,0.9595989,0.6360741,0.6111411,1.7122136,1.3423785,4.0762033,0.017841319,0.00038405423,0.300653,1.8249295,1.8973283,0.8442243,1.962661,1.9466823,0.73143977,0.17375189,0.61434686,1.0662394,0.9997107,0.0,0.51196474,0.030973125,0.14464843,0.17182389,0.4565349,0.0048880023,0.66805375,0.46594825,1.6873584,0.06796289,0.0,0.63115734,2.0779107,0.13201064,0.036682427,0.54462606,0.625703,0.36399478,0.7279442,1.5882955,0.58594924,0.33054116,0.0005594425,0.83842653,0.36610323,0.99392307,0.16897151,1.260796,1.6816107,0.06003206,0.016928619,1.5698478,1.5478475,4.0314655,0.5618347,0.10752779,1.1427164,1.0244434,3.5376637,1.224885,0.51179624,0.004523874,0.6925349,0.0,0.09407035,0.21207932,2.0247395,0.75697386,0.0,1.1587646,3.5323946,0.27333155,0.55462456,0.011868578,0.32342854,0.2227589,0.67589617,0.34110564,0.020643512,0.023421686,0.15721774,0.54065734,0.93750894,0.0,1.069208,2.7314932,0.3919833,0.6802153,0.020352164,0.4033053,1.6637787,0.38008463,0.074119195,1.5511047,0.11545177,1.6104468,0.50062954,0.8032496,0.37445506,0.122331366,0.050040137,0.074406125,0.14016968,0.05950051,6.102009,1.6058962,0.015834149,1.7454438,0.74758834,3.0370245,0.19369213,0.32676762,0.5992788,0.49563855,1.2253027,3.2354972,1.495664,1.5535074,0.050262123,0.07747469,0.45076966,1.8742386,0.035284128,0.09725376,2.736208,0.49252903,1.0000225,0.014595319,0.96997106,0.1203444,0.020704912,0.075285435,0.49088788,1.8644034,2.0244226,1.4567573,1.408339,0.20422153,1.5709279,1.5137603,0.12723245,1.8151062,0.5346589,1.7555268,0.3058265,0.15369579,0.090488166,0.44462574,1.5843185,3.93732,1.6125481,0.8935355,0.55584335,0.051778063,1.1473407,0.40859362,0.762928,0.015363492,0.0015024082,1.529172,5.3433924,0.16006285,0.06671211,0.06659725,0.017577298,0.64353824,0.9427641,0.30630332,0.10360034,0.2266393,1.9351009,0.17948306,0.17521377,0.088358566,0.31899777,0.008480891,1.0334088,1.7641617,2.0488005,2.3117127,0.72646284,all_pothole_images\pothole_images_new_image_75.jpg
0.79236615,1.6935694,1.0130047,2.4870887,1.2792203,0.16526489,0.17732036,0.0,0.71552867,0.35908434,0.22639136,0.6029137,0.045622878,0.9681225,0.46747825,1.4342654,0.1350576,9.525306e-05,0.0439641,0.032337807,0.13740085,1.4204367,1.0909241,1.1975023,0.40293103,0.46152028,0.029607179,1.9023795,0.11169432,1.0381842,1.9797267,0.041567307,0.98500836,0.52247286,0.7099533,0.16551884,0.94178694,0.27556756,0.31013694,0.7212141,0.06323932,0.60576135,0.57625055,0.7236535,0.87966526,0.038079612,0.25087762,0.45188898,0.21698095,0.11520043,0.4290407,0.8386294,0.23632704,0.1634785,0.004535541,0.49401525,1.1140156,0.08764203,0.08047185,0.14052607,0.0,0.2967884,0.37034816,0.45366862,0.54648715,0.29391676,0.43702945,0.04679046,0.10365046,0.011295324,0.20008507,0.016573949,0.36599928,0.2628657,0.0064327265,1.7605304,0.34107172,0.37610707,0.0017985951,0.6733467,0.62471956,0.41952863,0.09229197,1.5449358,0.2904809,0.80415636,0.089802876,0.19641006,3.932929,0.5391221,0.12008548,6.004727e-05,0.046853993,0.07831069,0.3084145,0.14212629,0.23916115,0.8929403,0.060555205,0.44459978,0.4436208,0.908247,0.674278,0.78276277,1.3205315,0.0,0.09643424,0.12388348,0.35047993,1.713881,0.027888838,2.4739127,0.7120172,0.7380578,0.61468405,0.9937574,1.9034249,0.05083269,1.2161763,0.72914875,1.1443377,0.52446413,0.1950016,0.5058319,0.81428427,1.1061536,0.68851095,0.55397284,0.42442885,0.40058073,0.24249879,0.045875907,0.15862769,0.0,0.24805091,0.2734677,0.08967903,0.28071734,0.017688707,0.0011974892,0.14288522,0.74217504,0.15891594,1.5702221,0.39927956,0.7870997,0.25607654,1.2767379,0.21938092,0.5284337,1.2143306,0.4197441,0.5987155,0.45743626,0.8992386,0.57972217,0.34904036,0.08577402,0.89767313,0.5309145,1.0689764,0.47314012,0.06727339,0.45554453,0.3928414,0.5758039,1.2924843,0.004064201,1.294332,0.632327,0.0,0.4694504,0.2660218,0.066307776,0.7879683,0.42616984,1.0012851,0.0,0.00923368,0.097527355,0.027693344,1.50383,0.4690856,1.2847352,1.0048585,0.14867522,0.23855531,0.21155913,0.68192476,0.61958325,0.5240004,0.43018508,0.34694296,1.8110673,0.8834686,0.16279553,0.17996368,1.913937,0.6223618,0.4182333,0.85276157,0.21669756,0.0015704388,0.07508498,0.10843089,0.21593577,0.784743,0.050515354,1.8491292,0.051453657,0.39410883,0.37034747,0.55736756,1.274019,0.7477288,1.7609087,0.33204547,0.0,1.7922292,0.0531048,2.3488283,0.0,0.14766674,1.4910444,0.4444105,0.27091083,1.3406104,1.0407761,0.88032824,0.3746838,0.2226147,0.450647,0.37611693,0.0750369,0.43697184,0.10083656,1.8670915,0.0,0.8727476,0.18878633,0.5334012,0.017940035,0.5203848,0.49827325,0.116089605,0.038721215,0.5189384,0.061429907,0.6685594,3.303092,0.52122945,0.19054985,0.16898252,0.029850114,0.45921522,0.0,1.3467056,0.042726975,0.6324796,2.9219594,0.5030841,0.529642,0.89153725,0.008333112,0.5162733,2.0942814,0.33045647,0.16289473,3.8135667,0.14267193,0.74814457,0.0,0.12536171,0.47343194,0.14075102,1.6689733,0.0014952141,0.6561379,0.8772976,0.61821735,0.14732033,0.26319772,0.772919,0.74263966,0.3246756,0.6331648,0.39949217,0.9519063,0.45250958,0.028138194,0.13584669,0.7617239,0.34290788,1.2312607,0.12712315,0.35955587,1.14244,0.3463016,0.055773538,0.67029136,0.13241783,0.27740228,0.06909963,1.5753787,3.7235985,0.23296702,0.2471577,0.59011567,0.46265316,0.18567388,0.4156639,1.1816721,5.886816,1.5505806,0.15686932,1.6819615,0.012578702,1.1623865,0.8677061,0.20969458,0.9103447,0.5182427,0.27973774,0.48464164,0.27828863,0.108310685,0.99147034,0.77852386,1.0052024,0.42012638,4.5283484,0.09720291,0.0,0.10156495,0.07729449,0.17671561,1.4820409,0.41167352,0.6898675,0.057139747,0.6312817,0.8190694,2.2447379,0.08896432,0.4423757,0.1196408,0.28032053,0.048225068,0.29364565,0.21308604,0.039496213,1.0080973,0.43565565,0.30252594,0.15408766,0.029499944,0.3364526,0.0342527,0.27318776,1.1100245,0.21453352,0.2995596,1.1748345,0.34984615,0.076109156,0.65558934,0.6405162,0.053762775,0.48477647,0.5088287,0.23863186,0.5287359,0.11421599,0.058685105,0.80229366,0.2409253,0.5007114,1.149283,0.08842363,0.25942224,0.34971222,0.08035593,1.5535586,1.3300691,2.7461185,0.9225373,2.0332365,0.07694597,0.04163506,1.6747707,0.5114089,2.101142,0.086829275,0.034374338,0.002504994,0.7944813,1.0513076,0.28138924,0.004214487,0.0006437891,0.9378014,0.7192051,1.0267358,1.421141,1.0558289,0.50261635,0.44505882,0.15814921,0.08667391,0.10217696,0.6752584,0.21879223,0.7701488,0.29865083,0.039828945,0.23352534,0.44962528,0.5297695,0.67136157,0.12050524,1.2821851,0.13686186,0.932321,1.9397334,0.7329893,0.4364586,0.90935475,0.6601547,0.4493553,0.8334796,0.49331874,0.36858577,0.35443243,0.35783416,0.10742133,3.8377984,0.6334386,0.22114325,0.3344151,1.0029192,0.9003087,0.21034504,0.13899481,0.15555216,0.112523064,0.0049502333,2.4652903,1.3798869,0.19888654,0.42838964,3.009887,0.30927452,1.8630596,0.5783826,0.50199586,0.56405497,2.8727484,0.587715,0.12408893,1.2553871,0.7628016,0.108164355,0.3239731,0.01826212,0.72984964,0.5085349,0.091927335,0.0687352,0.43061617,1.584507,1.2845994,0.010742001,0.060736403,0.6711266,0.29115304,0.10970606,0.3424717,1.1527957,0.27246657,1.0136923,0.84473825,2.078167,1.9170232,0.8919048,0.024792865,0.7423851,1.3751904,0.649651,0.8420471,0.29368395,0.24791858,2.481669,0.07838048,0.0,0.0075016823,0.035856165,0.27848893,0.16892935,0.0044589615,0.18303156,0.004684786,5.3545227,0.5667035,0.6818114,0.32522365,0.84714895,0.047734704,0.54724854,0.48983857,1.2322729,0.11555152,0.28573442,all_pothole_images\pothole_images_new_image_750.jpg
3.0578728,3.0889294,0.7356016,0.7057803,0.84834516,0.5029085,2.0856826,0.73353726,0.71725416,2.5471842,0.78088456,0.43783635,0.10288706,0.17188476,0.2125051,0.68855286,0.37287092,0.18993786,0.3180008,0.12744498,0.24771065,1.0100787,0.7457914,1.5874382,1.1401899,1.2456381,0.17229313,1.3659232,0.25407788,1.6316531,1.1375281,1.9037899,2.47053,0.108291686,1.5009142,0.3886124,0.64803696,0.05988589,0.25427613,1.2505305,1.9061819,0.8804014,1.4326383,0.07404357,0.5342005,1.8910347,2.7990012,1.0428339,0.8890186,0.84129566,0.19166723,1.0266054,1.7827799,1.3528961,1.5397036,0.5259606,2.707821,0.11973496,1.0777009,1.2159362,0.03319706,0.30234328,1.0210462,1.2463332,0.43624628,1.0263734,0.82973427,0.8954806,0.88875985,1.5135508,1.7546412,1.009471,0.27011284,0.5341454,0.99878335,1.9816124,2.152308,0.3525832,0.21215248,0.64442885,0.086751215,0.8927859,1.3693575,1.0361798,0.9770733,1.2496345,0.028906805,0.0,2.7505858,0.48227122,0.0,0.45079765,0.40511873,0.38008943,1.1100326,0.36578915,1.3626628,1.7013005,0.36678013,2.1212656,2.6483307,0.17458294,1.6943848,1.7708967,2.7066042,0.7977853,1.2795483,2.6435776,1.4373138,2.2773027,1.4450908,2.3734975,0.8953171,1.338946,0.03399293,1.216719,1.0645874,0.0027039556,0.75122833,1.3724617,0.4977485,1.6851423,1.5140045,2.2597313,0.40777078,0.16046779,0.39789712,1.7053188,1.6635808,0.39771754,0.8887669,2.20974,0.9714634,1.3810153,1.4631703,1.1609235,0.63393223,0.43040562,0.5164829,1.1143275,0.35358492,0.59529465,0.66753155,0.63628536,0.42318308,0.61277086,0.08166323,1.3407097,0.9243035,3.1371303,3.0564754,0.42555198,0.6033817,0.50378364,0.23109545,0.9821961,0.36863035,1.3884407,0.16998835,1.2680922,0.6578884,0.2737598,2.016948,0.901734,1.9719229,0.76388884,1.1849158,0.71738034,1.1425023,0.5168733,1.4042925,0.46378887,0.043581534,0.055724476,2.634179,0.9618686,1.1179659,2.6626916,2.4234612,0.39833543,0.86973965,0.5725194,1.9534037,4.3703294,2.2468922,0.53948283,0.39208952,2.005355,0.9895055,1.3814082,0.70684314,1.2098124,0.9449054,5.6185036,0.44433245,1.3248632,1.1066515,2.8232017,0.9673152,2.8217325,0.58785677,1.8323257,0.6533447,0.6884736,1.5031619,3.0997899,2.1567333,0.45165154,1.2543479,0.7258391,1.8071716,2.4079149,2.9033358,0.45900244,0.30734977,0.9121475,4.5431137,0.25200924,2.1541624,0.24026152,0.21823218,0.3021361,0.035224352,0.7131715,0.94160676,0.5652639,2.112311,2.2346847,0.29525864,1.5071445,0.9348498,0.21777739,1.7807648,0.20901097,1.4531063,0.95384836,0.4653799,0.11342094,0.64689165,0.38059658,0.52092093,2.6954856,2.2215202,1.2824974,1.8572029,0.94874907,2.1837316,0.7973477,1.1171781,1.194555,0.75901824,0.16747622,1.2450715,0.065458804,2.9527814,0.008638863,0.96051687,0.29686087,2.6504297,0.5631454,0.7416998,1.3210211,1.506537,1.0095093,0.47292882,1.6542444,0.8547185,0.79599,0.34460744,1.8341774,1.0222892,1.4137394,0.97048247,1.3075141,1.6923828,0.2628567,0.6347429,1.7524065,2.157166,4.5220933,0.59153074,0.295065,1.3052951,3.1708343,0.85451114,0.9837827,1.8022,0.7215594,0.38285065,0.4425933,2.8674529,1.5869615,0.054377872,2.5122478,1.2405161,2.192878,2.4994771,0.058536705,2.5076628,0.723748,0.0,1.2191819,1.3309911,2.3368702,1.8213499,0.5652813,1.267732,0.9456104,0.29327023,0.5865636,0.20966968,0.5377395,1.1595942,1.3040624,0.5768631,0.84873897,1.221808,0.9439435,1.1763003,1.6719755,2.0043309,0.26495558,0.74363965,0.18078138,0.6507601,1.6803813,1.8974438,0.94113344,0.4136343,1.1498436,3.7799346,0.2578339,0.4619881,1.0680509,1.4710135,0.96876156,0.65821606,0.29629797,0.68990076,1.5738599,1.2537953,1.516098,0.2714503,0.32912424,0.8601899,0.13094088,0.6232869,0.9760949,0.38976264,2.678162,0.7954682,2.351704,2.1284997,0.7111775,0.09590178,2.2621815,0.3522296,0.727042,0.83975065,1.5569956,1.3821826,0.51915103,1.2215059,0.3753297,1.1795564,0.9845609,0.82526994,1.3412557,0.39571032,3.2640748,1.8338087,3.1486301,1.106984,0.555298,1.254183,1.120128,0.98979855,0.66173244,0.79949325,3.2414575,0.15226673,3.1510608,0.53521836,0.7273315,2.7738729,0.5088858,1.5391268,1.6900198,0.9240352,2.6557672,0.44291928,1.535978,1.6426662,0.46805042,0.27084285,1.4389633,1.1106964,1.1219276,1.5124842,0.20099159,0.17351504,1.7410331,0.73916715,0.5931486,0.19860534,0.7972814,1.0307221,0.69060385,0.018575527,0.41959894,0.6032255,0.8519624,0.93897784,0.22344293,0.913761,1.222326,3.3878381,0.22097404,1.0372016,1.3919607,0.037070908,2.574298,1.340914,2.9182806,0.31425774,0.68059397,1.8240817,1.0628474,0.122048475,1.5056018,0.36440754,2.299336,0.5531205,1.786762,0.680907,4.843825,0.36611384,0.5682794,1.0172609,0.05131542,0.19425026,0.55849725,0.39551747,1.4164008,0.3211216,0.24168596,0.18539934,2.7043254,5.0043073,0.8016268,1.6558355,0.49975958,1.4499787,0.9055187,1.6468908,1.5717342,0.53088564,0.7603089,0.32576674,1.3021418,0.024353635,0.7556906,0.6232849,1.7059402,1.4092125,1.5499442,1.6286241,1.4057775,0.8321589,1.7704606,1.875849,0.3441747,1.3257225,1.121723,1.3014369,2.814605,0.1409904,1.4350467,0.98830754,0.1588227,3.1270456,2.8627095,1.9668015,1.2659284,0.590301,2.0722044,2.2173486,2.1827314,1.0677202,0.15817416,1.6073753,2.301578,0.26041123,0.77258635,1.4610974,1.0706657,1.0892867,0.8662822,1.1303271,1.7146969,0.007444484,1.3886871,0.32629514,2.2475586,0.6272456,0.41589367,1.4946076,3.0832052,1.1853634,0.5565202,0.2305399,1.1061714,all_pothole_images\pothole_images_new_image_751.jpg
1.5432608,3.909563,4.1802197,0.7892607,0.32274863,0.32779616,0.5975416,1.3722063,0.49224818,0.47757238,0.86953944,0.4607604,1.4909908,0.54069656,1.1213061,1.680566,0.29212496,1.9889293,0.17414038,2.860954,0.0033075544,0.5403682,1.0319724,0.5782417,0.7114532,0.0033209822,0.58601946,0.5363168,0.1797452,0.0051443647,0.27217308,0.8069118,0.012254901,0.22223368,1.4368545,0.0,0.28072464,1.8790681,0.9179172,1.4218066,0.5311513,0.007290202,0.20805386,3.1995387,0.8773971,0.18035106,0.776715,0.46586272,0.0,1.1281607,0.022377826,0.90728545,0.413241,0.62796247,0.8628736,0.07148937,1.327684,0.2917978,0.59121484,1.8324133,0.31442827,0.4811052,1.1425107,0.47618476,0.024388546,1.1631845,1.8557755,0.29871112,2.53221,0.049450703,0.31896707,0.4384368,0.6443177,1.343862,0.6768768,0.79870975,1.1618955,0.2317998,2.113201,0.022022368,0.34002876,0.026716957,0.038402673,0.015282205,2.5823789,1.261993,0.0,1.0375923,1.5374404,0.15899232,0.30426845,0.21663412,1.6977026,0.35248122,0.6491459,0.39516935,0.48541898,3.752174,1.678439,0.72996753,0.62628496,0.31527442,0.35421476,1.8274,0.071721055,0.19850096,0.028541164,0.39906514,0.039726995,0.37478906,0.15765335,2.8008394,0.42604953,1.3763031,0.0,0.04012705,0.53334767,0.34611613,1.8881929,0.0483532,1.9603,0.15265083,0.0,2.4040291,0.20269336,1.2230501,0.27482012,0.06627289,0.0059925904,0.2758543,0.70182985,0.40578413,0.41847524,0.7169222,1.6394762,0.94906497,1.1034123,0.04621949,0.8388,0.05942412,0.27947152,1.0674108,2.0050414,0.07108602,0.021497691,0.3441109,0.08449472,0.10426038,0.24500562,2.0373406,0.39843756,0.47715598,0.2799284,0.108812444,0.3047826,0.1574607,0.4324897,0.0,0.56587803,1.7704903,0.11689725,0.4196553,2.221551,1.0852067,0.29214323,0.9200941,2.750617,0.2880178,0.2373888,0.39083666,1.3662934,0.42257932,0.66602045,0.42891553,1.332479,0.040282473,0.8486632,0.0014551709,0.58835983,0.18198122,0.070669875,0.029623134,3.3594027,3.2498646,0.27423874,0.60187614,0.2964091,0.025434026,1.3518205,0.19972824,0.15040287,1.0227288,0.27087715,1.1067678,0.2536605,1.1946096,0.3850491,2.138875,0.25840774,0.20772593,0.019522568,1.8026114,0.40402302,0.23470573,0.7642327,1.6358354,0.31327593,0.47552776,0.90897435,0.16765933,0.840268,0.86343056,0.18346179,2.2814782,0.107496515,0.5674255,0.8682608,0.009693747,1.2640426,0.10060898,0.11158989,1.0963619,1.0610619,1.415791,0.3129556,0.070968784,1.5423634,0.1203491,0.43353403,0.5248983,0.006308892,0.36343563,0.5610058,0.016985534,0.11683615,0.17069447,0.6587448,2.365489,0.0002947449,0.0016906809,0.41989702,0.059051692,0.6242983,0.7507886,0.101796955,0.030668521,2.2615123,0.98380804,0.65388334,0.52063036,0.5198597,0.1675944,0.7620169,0.5102471,0.36129487,1.0901301,1.0319346,1.0011997,2.845333,1.0926666,0.11617526,0.0,2.967518,0.7248183,0.24582376,0.8050055,0.66219217,1.4137858,1.8460709,0.0,0.7341584,0.3558849,1.3409563,1.431244,0.2856226,5.275118,2.960481,0.3135737,0.3299777,0.12891534,0.056773763,1.0854329,0.7321116,0.11402998,1.2849963,0.27372366,0.038214207,0.26301172,0.004661959,0.6667221,1.5104097,1.9506263,0.0,0.0032613054,0.5471024,0.4808289,0.6199722,1.0298004,1.2576394,0.77910894,0.035682723,0.0,0.0,0.5468974,4.382485,0.0048457203,0.06847706,0.2581211,2.0260391,0.84155566,0.0008690977,0.53079396,5.3293314,0.12645727,0.0,1.6631749,0.14617656,0.3030769,0.7988875,1.6860482,0.7569451,0.23338181,0.17169681,0.0,0.34545743,0.48239914,0.06598355,0.83881897,0.41049963,1.0363609,0.9118361,0.085917406,0.0847506,0.061409853,0.28038463,1.5369799,1.0258073,0.062617086,0.7383119,0.51510084,1.1529253,1.0106826,0.9059172,0.23914982,1.7638023,0.06643847,0.7696508,0.108450875,0.011718858,0.0,0.15973456,0.4051478,1.3369184,0.033851963,0.5987624,0.67484796,0.18593991,0.8557822,0.0,1.157183,0.10377611,1.893356,0.5643764,0.11428732,0.0646923,0.602073,0.47609368,0.13548903,0.5944859,0.7165255,0.20841621,1.1693629,0.50097156,0.90841204,0.5469932,0.32620454,1.2267679,0.00030088233,0.08757176,0.018245932,0.8489864,1.1668087,0.6933698,0.5644415,0.6088952,1.6391841,2.0774353,0.11817704,1.4235649,3.0333545,1.6881714,2.5797448,0.7283944,0.5019391,0.95582145,0.78385377,0.08112883,1.0772929,0.00027846865,0.33580866,0.72090006,0.0,0.6308274,3.4620035,0.078164905,0.8198701,1.6927328,2.0680377,1.668595,1.5167264,1.1312658,1.2567253,0.95475096,1.5423285,0.05560017,0.22569314,0.30311647,0.12784128,0.5658001,0.09810355,0.01895633,0.3363688,1.6336876,1.2574865,0.27745947,0.0,1.5903002,0.16025352,0.5241111,0.5618964,1.7052944,0.1710152,2.249244,0.8310602,1.3366295,2.6801527,1.5553248,0.07212806,0.15226017,0.046473444,0.08804213,0.78856826,0.0,0.059389494,0.52097785,0.03451094,2.6792839,0.16879533,0.2313222,0.26834962,1.3173213,0.67523783,3.6565738,1.1631886,0.49809423,0.6310441,1.6010927,1.4826831,0.030546753,0.03934215,0.49891624,0.09448892,0.55496037,0.11252033,0.059549827,0.76760507,0.40319535,0.1580754,1.2513666,0.33743924,2.4868886,0.50891644,0.55123985,0.6061612,1.6004252,0.29030904,0.5329159,0.25106987,0.78313553,1.5417246,0.42108116,1.5378975,0.12148676,0.02096889,0.013767135,0.26879436,0.5074026,1.1012748,2.0942407,0.07641401,0.2645255,1.9729944,0.10347954,0.06713329,0.11119249,1.1453336,0.09146087,1.3906975,0.046004668,0.44664994,0.5918272,1.0884665,0.16939934,2.3137982,0.45501462,0.3108036,0.26496372,0.5035752,0.5650443,0.20414582,0.38802114,0.73034143,all_pothole_images\pothole_images_new_image_752.jpg
1.0851617,0.16882686,0.0,0.067486525,0.20861214,0.25427574,0.27845627,0.41944596,0.34281352,0.24773045,1.6292161,0.056618515,0.008773207,1.1720049,0.75019747,1.4418316,0.049348194,1.2327988,2.2043204,0.80366904,0.8880058,0.63752466,0.367696,0.1320154,0.58833015,1.9840503,0.54678106,1.3463073,1.4113561,0.18632558,0.29057884,1.0663571,0.16823682,0.4116872,0.057636168,0.2909849,0.0,0.8671489,1.0223545,0.11728574,1.0870758,0.088122495,0.495077,3.4729433,0.12583283,0.3679755,0.14141198,1.144075,1.0806183,0.89163214,0.48105738,0.4746202,1.0634474,1.2621338,1.4430445,0.31019205,0.6599063,0.26029503,1.0954525,0.90036935,0.21394506,0.72895664,1.7748389,0.12564257,0.26805702,0.7358419,0.56698734,0.7041967,0.6466833,0.079382166,0.1413816,0.2671045,0.017905833,0.20311816,0.9234801,0.56739885,0.3880893,0.5296819,0.5620627,0.6221654,0.47290993,0.30308226,0.05671843,0.88308394,0.51119065,0.3778129,0.0314889,0.106831044,0.9372205,0.6241001,1.0575035,0.20035292,0.001222427,0.41785243,0.17323186,0.057705794,0.24470197,0.8347895,0.63711816,2.2473352,0.1161492,0.9198633,0.45138517,0.33220103,1.9919469,0.8995567,0.15150444,0.44948936,0.6716338,0.047959708,0.06203428,0.9702422,0.060872145,0.37866497,0.05617037,0.4468036,0.33936134,0.4871004,0.8390986,0.62069196,1.9069494,0.524145,0.0726581,0.76679367,0.19532974,0.22640444,0.27870318,1.4011835,0.1842075,0.84405196,0.06504572,0.59402657,0.044546522,0.11217405,0.18957119,0.0,0.46214336,1.7858673,0.17981778,1.8440503,0.13550997,1.0416547,2.387409,0.013839536,0.0,0.48332602,0.44366965,1.2293099,0.23287249,1.5134559,0.21545868,0.8276127,0.38442916,1.5242879,1.2790476,0.887593,0.4014117,0.39985746,0.773067,0.17837311,0.55366075,0.60492134,0.41846558,0.2965806,0.7782901,1.3191016,0.21915856,0.15700555,0.57907116,0.9489698,0.56705725,0.5205233,0.15577026,0.07972987,0.29846448,0.0020306911,0.051047694,0.19508846,1.4163421,0.56484205,1.4063636,1.0377034,3.0322483,1.5660787,0.0855772,1.6056356,0.2045304,1.6420976,1.4101821,0.3970548,0.0,0.335354,0.16333008,0.8640559,0.4827877,0.7681539,0.9324311,0.5847354,0.68406683,0.050570127,0.42352527,0.4060765,3.2019596,0.10182079,1.8417099,0.019138148,0.13547881,0.5528611,0.29136994,0.0070486357,0.45633957,0.36177698,0.4151025,0.0036646726,1.1289016,0.4670491,0.03191515,0.29375714,0.56849414,0.45180464,0.29782647,0.5308087,1.173314,0.8018428,0.88218564,0.52632815,4.2316556,0.08194788,0.37848285,0.31645012,0.19928749,0.5895293,0.6834185,0.45246157,0.6537128,1.0521792,1.8195121,0.14654277,0.0017449673,0.27902317,0.069380626,0.97220075,0.005064397,0.6607682,1.0423783,0.013651845,0.23871854,0.2508259,1.4275056,1.4320498,1.8210202,1.333574,1.8322476,0.56391764,1.6046749,1.4206449,1.0327846,1.39344,0.66998863,0.9339116,0.40280613,0.0,0.7947861,2.801824,0.59296054,0.24832128,0.5633776,0.466156,0.09980517,0.022612678,0.21439268,0.14842479,1.0111605,0.5179641,2.3189538,0.3369398,0.18379053,0.70906997,0.0,0.1422414,0.76780903,0.9724544,0.4846422,0.93015116,0.14181249,0.18241476,0.4310801,0.4080649,0.12027713,0.2191178,0.5472383,0.6494039,0.030859075,0.8063868,1.3609467,0.48520127,0.10529343,0.38249263,0.9089541,1.0631024,0.5518165,1.4317175,0.25116882,0.030000255,1.3167416,1.3168427,0.09530648,0.6186233,0.30008596,0.42717856,0.40846333,1.2380619,0.09928774,0.30395156,0.59486085,0.28567782,0.5453629,0.7037192,0.36443633,1.1352075,1.1785911,1.0339218,0.9916266,0.07409189,1.1848836,0.23574348,0.05809114,0.10401721,0.6072919,0.63823795,0.06803889,0.9327188,0.99161714,0.3025569,0.7583438,2.079255,0.3424066,1.348544,0.62491024,2.5136123,0.4309281,0.16358237,1.2505956,0.97124743,1.5648229,0.0008817428,0.2909969,0.6862275,0.10288645,1.2565247,0.5903677,0.63301116,1.1353385,0.30427688,0.086526215,0.7303769,0.044821028,2.992676,0.17966677,0.44967595,0.23668325,0.0691193,0.5411581,1.773529,1.1133269,0.7722613,2.4349935,0.8885753,0.5451569,0.08048898,2.3152287,0.7119759,0.49271405,0.6401367,1.3532375,0.052935094,0.37217066,0.0055288994,0.8483834,0.0,0.44027925,0.059690762,0.34137538,0.23114854,0.75877357,0.3602397,0.38887697,0.004681574,0.22059192,0.61494726,0.30542997,0.7160537,1.0717349,0.53544676,1.2935084,0.034845646,0.8821129,0.298341,1.0741705,0.01138037,2.5729983,0.6603672,1.0297441,0.32895106,0.36458015,0.72302955,0.2164841,0.6082343,0.11598545,0.47085956,0.9056222,1.5872743,0.24877875,0.061479997,0.35083064,0.33549783,0.28668022,0.33194274,0.32400182,0.41808638,0.9679615,0.099350534,0.38478968,1.1980071,0.8459896,0.08432627,0.9641979,0.0048250305,1.3131162,0.9924867,0.42653355,0.3345245,0.70427907,1.8834134,0.39705914,2.519357,0.4870446,0.5022468,1.6873637,0.024189437,0.8046187,0.7950939,0.44535717,0.0,1.6650375,0.054920867,0.48816302,0.7594727,0.0,1.0433556,0.5825951,0.65747285,0.17063716,2.2845829,0.11846026,1.371428,0.26833612,0.8811834,0.49198928,1.1356027,0.1463065,0.06506397,1.1615282,0.15671496,0.3276755,1.6986679,0.5853073,0.1258344,0.36453643,0.14964713,0.98986673,0.48727646,0.71019936,0.005018131,0.45024967,0.9680949,0.7530667,0.9319763,1.1502256,0.39455324,0.70643103,3.4428418,0.13006492,0.13025881,0.11927084,0.38868958,0.76424026,0.17252162,0.41268328,0.090617515,1.657854,1.1917174,0.27347907,0.7393491,0.72877574,0.15367208,0.99337894,0.079871126,1.3345487,0.6733804,0.78502667,1.2939967,0.8759448,0.9644934,0.44468853,0.5782338,0.70488775,1.0559211,1.8113446,1.1346304,0.18927734,1.9824874,all_pothole_images\pothole_images_new_image_753.jpg
0.041335113,0.93690854,0.3546364,1.7337164,0.60554135,0.52789456,1.8091667,0.97034276,0.81889427,1.197919,0.06929949,0.55559856,0.6909305,0.391369,0.41302192,0.82743603,0.37256807,0.28251663,2.181876,0.07862536,1.5109417,1.482921,0.009323772,0.8191452,2.5469565,1.1596012,0.669732,2.0820196,0.9703647,0.2430181,1.2750815,0.10231909,1.091124,1.0422683,0.57228076,1.8992434,0.59369105,1.6464584,0.3727617,1.8034649,0.04819188,0.014457992,0.48410088,1.8275986,0.92538685,0.07781469,0.6393713,0.07507224,1.199973,1.6064041,0.2269891,0.6451178,0.16833809,0.07862534,0.13505515,2.1091912,1.5993811,0.90503395,0.90619534,0.14922854,0.4490965,0.065548286,0.19068836,0.5383459,0.02019294,4.2225466,1.9808832,0.15864484,1.1534718,0.0017111922,0.14166354,0.106471546,0.056085553,0.05427251,1.5438238,0.5449522,0.0042873216,1.1180551,0.14208025,0.7846894,0.1291334,0.8411172,0.08433672,0.7443684,1.0798624,0.49459094,0.6044235,0.85123533,2.9502308,0.61016273,0.55540335,0.98353523,0.20708291,0.2373634,0.40847123,0.02134954,1.6201015,1.0010873,0.6576409,0.36674818,0.057357226,2.131972,0.29192474,1.3340372,2.005047,0.67514837,0.080077246,0.22014624,0.03494806,1.0512508,0.0,3.47924,0.09207556,0.4669227,1.0413251,0.35902852,2.5097306,0.8018986,2.9103365,1.0528377,2.2667212,0.5429926,0.12077462,1.0320187,1.2204993,1.0065227,0.2573345,1.251006,3.6960292,0.10105446,0.49589184,0.061862495,0.0053395866,0.15728964,0.040907227,1.406512,0.28096065,1.3538264,0.35212356,0.073407635,0.6484389,1.161911,0.18794419,0.23340797,0.03563158,1.2533331,0.4333711,2.4659636,0.80314106,0.09773713,0.6302278,0.46712485,0.09955061,0.15038188,3.1176808,0.75801116,0.324474,0.27009106,0.7056501,0.6144565,2.7310522,1.2780684,0.24246305,0.6199318,0.0,0.32755724,0.24716894,0.064639,1.5358943,1.4501196,0.15914357,0.060922023,0.0057960195,0.13798276,1.1511772,0.6066079,0.070977874,0.017444119,0.06337385,0.24049251,0.09533446,2.7779722,3.1839874,1.9841791,1.7064166,1.0643965,0.59364253,1.0416969,1.7564672,1.5308301,1.182177,1.1962018,0.26388782,3.0098577,0.3268943,0.6306055,0.9622884,0.8409633,0.3640326,0.6751688,0.76826763,0.79080135,0.84465367,0.4103135,0.8610251,0.1737671,0.43040875,0.6025717,0.7192094,0.2493598,0.14889534,0.014548112,0.79206836,1.1760596,1.4598907,2.8972967,0.5102537,0.17996222,1.0451268,0.22470373,1.0645134,0.51554334,1.0204712,2.055279,0.21906804,0.024674717,1.4183192,0.86213744,0.07140996,0.34670708,0.0,0.21683618,2.0193083,0.69653434,1.3893168,0.5867653,2.6961577,0.19941548,0.07255484,0.12873623,1.0678118,0.5668097,0.54844946,0.9322884,0.052044723,0.014612729,1.1754588,0.2166305,1.279069,3.2263017,2.1026945,0.04804189,2.02239,0.07059011,0.6470421,0.5667709,0.4841395,0.07751124,0.3525823,2.3162673,0.1556556,0.1794624,0.33609414,0.47687674,0.82780796,0.47813344,0.55037963,0.20988575,1.7197032,1.2851992,0.6824948,0.57262677,0.40902773,0.5458408,0.69099844,0.7513156,0.2676619,0.7512032,0.6056895,0.6010101,0.64533985,0.055359166,0.38031822,0.41040388,1.5209656,1.2546216,1.9479192,0.42225248,0.9323775,0.006655093,0.12536572,0.74895734,1.0026284,1.8230709,0.48261464,0.097860955,0.52872586,0.72449607,0.33254427,1.246637,0.2386162,0.38595805,0.46448618,0.11510812,3.7419672,0.347197,0.32059357,0.18983221,0.8063027,0.17183891,1.9402335,2.108815,0.83065796,0.38436055,0.5905921,0.6104078,0.0,0.36744726,2.390276,0.066759154,1.3252575,0.22380053,0.31478968,0.15799975,1.0939802,0.48248383,0.9131454,0.29561475,0.41496354,0.07593148,2.2262893,0.31402263,1.0106518,0.048336383,0.006969677,0.80740774,1.6375268,1.5660928,0.5036754,1.371365,0.40061754,0.8950224,3.5980678,0.7081619,2.467704,0.14382191,0.35304782,0.22074929,0.7158987,0.047714096,1.0870526,0.9687495,0.8231623,0.35578,0.010244389,0.18184619,0.3940954,1.1924309,1.4745331,1.2245767,0.4441867,0.0,1.048122,0.2666986,0.13470247,0.27667126,2.664978,0.4873331,0.4160255,0.4364095,2.5358334,1.4372462,0.5192266,0.055354334,1.8299706,0.71734244,0.150773,0.33171836,0.50664634,0.44178313,1.089263,0.1240239,0.6554286,1.852529,2.1639063,1.1949567,0.33000696,0.0,0.009023054,1.4534572,1.7574036,1.1291094,0.35214302,0.033067834,0.18856426,0.09660557,2.778723,0.102922276,1.501236,0.14257748,3.8794444,0.83789784,0.23732205,0.5192603,0.1525335,0.079852805,0.39983776,0.12786178,0.10728458,0.013133523,0.7702059,1.7097218,1.2348398,0.39182147,0.03380059,0.013996059,0.7542882,0.17034264,1.2596138,0.38858637,1.9775134,0.5287672,0.5722814,5.7873287,2.3426352,0.47101632,0.28303,0.1841656,0.25109276,1.391601,0.3068365,0.39714864,0.9333337,0.85896134,1.0459846,5.141866,0.24190007,0.6520682,0.6368208,0.6149941,0.06439079,0.03334807,0.27309003,0.46392173,0.83980143,0.19374555,0.97447854,0.2774702,0.15561284,0.9356034,1.4925672,0.67262477,0.11512567,0.78021264,1.4557528,2.3183787,0.46847042,0.07161074,0.5729825,2.5152466,2.0579693,0.08281242,1.0263864,0.0042741257,0.43417272,0.86485684,2.0460997,0.11258609,1.2909755,0.96902835,0.06820267,1.1735247,0.3365659,0.35529163,1.4763464,0.26631588,0.051986426,2.6247194,1.3950948,0.34307522,0.7437073,3.8972747,1.3679398,0.047692258,0.025456559,0.15426753,2.4566038,0.082843915,0.6913513,0.054641694,0.92621106,1.4517232,0.0,0.026465427,0.00084824354,0.0,0.060188875,0.748347,0.45761076,1.0376186,0.0008430844,5.472789,1.7818807,0.051753983,0.7741732,2.139034,0.6927162,1.1570693,0.6517195,0.51919425,0.48662892,0.25568825,all_pothole_images\pothole_images_new_image_754.jpg
1.1452954,1.0471017,0.59964216,0.64104533,0.439636,0.2544309,0.1786698,0.120792076,0.4637095,1.05974,0.6157146,0.9814436,1.7783196,0.37648803,0.10770634,0.5757676,0.030378146,0.052016307,0.054570407,0.2985327,0.25102237,2.1435616,0.87918246,1.7899996,0.49509913,0.04168663,0.0012547736,1.8163165,0.25575772,0.19127834,1.196253,0.5977276,0.8573596,0.9179413,0.6161183,0.7668045,0.28641427,1.264909,0.30116755,0.19561884,0.31246522,0.01567746,0.45277527,2.15972,0.3913389,0.22274405,0.64124423,0.010346242,0.2782662,0.6771498,1.4192054,0.3425391,0.63521475,0.2632126,0.14030622,1.0762588,1.560701,0.39907193,0.6486625,0.17876151,0.053497974,0.017403996,1.7043294,0.65232164,0.37604097,1.9607434,0.7297118,0.033312637,1.2337905,0.26870015,0.081200086,0.77245104,0.08237249,0.3445075,0.25867033,0.25960883,0.3558706,1.030722,0.030866943,0.3183949,0.179047,0.12942277,0.05949506,1.5749696,1.1963619,1.33263,0.3143872,0.31827104,1.946551,0.35843503,0.5154014,0.1865541,0.12908684,0.2891986,0.0,0.18645853,1.7465242,0.9318703,0.2312389,0.10668861,0.3521272,1.16517,0.17768167,0.4018952,0.40416062,1.2022694,0.22554591,0.24070244,0.34577253,0.52765083,0.0069477204,2.6079733,1.173337,0.9963117,0.059513506,0.045361202,4.357605,1.1767641,1.3666443,0.8077398,2.674894,0.9727253,0.33562082,0.7113336,0.3887065,0.34997946,0.2291782,1.5209241,1.6401211,0.48905823,0.9639323,0.005871527,0.07817322,0.3113143,0.1717002,1.4958602,0.53037333,1.0783195,0.5033943,0.4825557,0.74947846,0.031404924,0.34587345,1.3510188,0.050367925,0.6060819,0.51931083,0.85037565,0.78768593,0.893786,0.74583066,0.09861054,0.44931838,0.18809184,1.5249838,0.46307856,1.336599,0.36323532,0.2719505,0.8205758,3.272368,0.59861106,0.171988,5.905556,0.24793652,0.1323155,0.78661966,0.16446775,1.0592648,0.6273897,0.21013299,0.15015136,0.0030569367,0.1430079,0.35423434,0.7556844,0.53659016,0.27890837,0.15716706,0.43994334,0.0,2.049808,2.280719,1.3559227,1.6466082,0.96535194,0.76182073,3.0010264,1.0528884,0.14238681,1.04428,0.374386,0.27975583,4.5759897,0.52340275,0.45366278,0.58317506,1.8390368,0.16667622,1.0228752,0.40887225,0.6459262,2.4729404,0.6567188,2.4150171,0.505016,0.8064271,0.8599841,0.4333816,0.3112086,0.24323349,0.127244,0.27704495,0.03220012,0.6266255,0.7407488,0.80145556,0.16644403,0.58125174,0.10761946,0.14701179,0.8509285,1.1374868,0.1571967,0.12945366,0.7969002,1.7609732,0.083282955,0.5506266,0.06522063,0.19924596,0.01983868,0.56264085,0.6969183,1.0983759,0.29861474,1.2427431,0.12631784,0.2524393,0.917968,0.6378479,0.48309162,0.7253291,0.49230742,0.14096883,0.037890527,1.072718,0.69120306,0.6458377,1.381803,1.5380168,0.046473745,0.9830855,0.33003464,0.86293435,0.076475516,0.75868845,0.02856618,0.35448486,0.9153844,0.6195422,0.2637075,0.53579444,0.4646107,0.47404525,0.6694037,0.0,0.95340043,0.73704964,0.43133754,0.26599875,0.21684895,0.052542705,0.5413907,1.3355043,0.95895547,1.6457921,1.2749761,0.5159505,1.0896926,0.44821694,0.6910899,0.3491182,1.3173252,0.8511953,1.2616744,1.1422212,0.72640204,0.8350903,0.9892406,0.58405507,0.0676786,0.0021884658,1.4352,0.17273217,0.28662467,0.52835613,0.74320376,0.9736085,0.24504167,0.47994474,0.34618443,0.35446066,0.77799684,4.4717007,0.031563193,0.19764024,0.43292493,0.12935075,0.56283265,0.2940615,1.4144664,3.1705225,1.3134314,0.56825775,0.34445384,0.06569459,0.2082523,1.212669,0.485802,1.7886028,0.07945961,0.46175364,0.21490754,0.6545243,0.2396056,0.81848294,0.025235116,0.27124277,0.38843256,3.2118592,0.5146027,0.30117875,0.0063209278,0.32856515,0.27232385,0.0366947,0.016067069,0.86948985,0.41299278,0.6456372,1.1312226,0.8569309,0.0588194,0.011880093,0.8584254,0.31466433,0.26902235,0.65033567,0.70498425,0.47371587,1.0824591,0.2009505,0.34767443,0.2953629,0.14562921,0.3233528,0.52827615,0.049002487,0.3182003,0.381298,0.6683174,1.7767705,0.35752067,0.02137351,0.27435187,2.3734763,0.8075005,0.65578496,0.06765346,1.8305826,0.88205594,1.4534769,0.09985617,1.6553874,0.4830554,0.28672242,0.029874247,0.8635353,1.6949372,0.21166357,0.515593,0.3601692,1.3041905,2.2373648,1.1785289,1.7922939,0.14149354,0.012390948,0.93863195,1.0792098,2.1525455,0.2271307,0.45660043,0.42140555,0.48983273,0.71757615,0.7748727,1.0141373,0.11000779,4.6961045,1.3488687,0.20841111,0.75873005,0.04731304,0.7265224,1.3396332,0.07653527,0.17988999,0.33534646,0.57854515,0.36665896,1.2907597,0.5832833,0.24774265,0.066819265,0.7735962,0.39620697,0.17442226,0.22313818,0.89267397,0.48287615,1.2168447,2.4790711,1.2236055,0.23145516,0.91230774,1.3254191,0.3737848,1.2000552,0.3203978,1.6630244,0.36974669,0.6484465,0.19685943,4.3546553,1.7943548,1.4012258,1.0350972,1.3278011,0.21362899,0.33936143,0.3544121,0.4666751,0.060122415,0.33829808,1.0627797,0.36054486,1.1179323,0.8750003,0.42960078,0.522932,0.42646274,2.0863278,0.91491884,0.99464196,0.598877,0.7691353,0.995722,1.6989757,0.5366901,0.7450745,1.3424718,0.074661344,0.08995442,1.1128677,0.18171084,0.023056755,0.87484854,0.27922532,0.6952026,0.9658681,0.55873215,0.36726424,0.4933162,0.27590194,0.350329,1.7157012,0.5168126,0.121756814,0.6176673,4.9758935,1.8327019,0.51970005,0.17486916,0.59668976,1.0903986,0.31935817,1.0968325,0.3721573,0.25392982,0.45549893,0.02641368,0.8941683,0.29312158,0.018845348,0.06642,0.2959699,0.25190714,0.43803078,0.20706795,3.365625,1.6426183,0.6344381,0.67273104,0.9243448,0.056363806,1.3663281,0.63447523,0.8559676,0.07131346,0.3908646,all_pothole_images\pothole_images_new_image_755.jpg
0.26678866,2.1646326,0.6040772,1.5687002,1.7570751,0.6788837,0.12206966,0.23978812,0.32849538,0.5158906,0.12938665,0.22602259,0.44417918,0.43959457,1.3193716,0.195488,0.021414073,0.11420308,0.25347394,0.7962746,1.0264426,1.8798932,0.50787646,0.54231954,1.6350818,0.4577589,0.6158664,2.3190672,0.5662149,0.221981,0.8364349,0.45811737,0.6890438,0.40939042,0.77870643,0.9650322,1.0152984,1.9022555,0.07078654,0.61208344,0.16928114,0.1498047,0.17554502,3.3119497,0.42994565,0.07471295,0.0005413865,0.32460424,0.0907109,0.13160196,1.1511072,1.104403,0.7128136,0.8061399,0.061922,0.5227155,2.872389,0.030337498,0.35001072,0.67780155,0.01820334,0.35211158,1.223172,0.352107,0.15976787,0.6804635,0.29827943,1.0500636,0.5755354,0.5482916,0.86003375,0.61269605,0.47962344,0.027145807,0.8086395,2.0699975,0.58479726,0.6077169,0.24188966,0.87746257,1.1592538,0.16167967,0.020939007,0.7862831,1.2780683,0.9098451,0.10027371,0.06242622,4.4322267,0.12153223,0.5979287,0.34931436,0.27222785,0.6348664,0.40752557,0.045197956,0.16267382,1.2494272,1.4325368,0.75160426,0.0,2.9650135,0.10816062,0.33349267,0.19535287,0.19322453,0.22464614,0.06893479,0.22882546,1.0400937,0.1838651,1.0917052,0.31363207,1.340288,0.67747253,0.8292075,1.763839,0.2702862,1.1027412,0.69605076,3.0695906,1.7558441,0.4056598,1.7006998,0.84252524,1.1980708,0.09936382,0.39386913,0.8867015,0.36165726,1.2691673,0.37957236,1.033907,0.4911614,0.699559,0.7589138,0.43654308,0.6722229,1.4631381,0.40221053,0.5074394,0.21940911,0.2643035,1.1069988,0.96967494,0.77193534,0.896272,0.42761168,0.04579867,1.0635167,0.5319462,0.47964624,0.26107675,0.0,0.91348624,0.2386227,1.1244481,0.3932589,0.9799628,0.5000531,1.310274,0.7272345,0.24309275,2.8451102,0.0,0.3697914,0.74137783,0.10951511,1.1201385,0.44513753,1.2766457,0.15918507,0.35551587,0.75136703,1.3119335,0.37376067,1.8215339,0.26540378,0.051494382,0.21839069,0.30240265,0.877609,4.8018155,1.8682312,1.4191082,0.6332126,0.7044796,0.11084821,0.7582901,0.38994637,1.2132878,0.17010492,0.2336557,1.8895793,0.37481287,0.34452784,0.0964089,0.083032824,0.018594878,0.6355856,0.66309065,0.20113008,0.6608508,1.0646634,1.1668478,1.190387,0.006384111,0.48884225,1.1343852,0.0011047187,0.21861932,1.0590696,1.6542538,1.5944557,1.0509574,0.25476384,0.43641028,0.06876175,1.441248,0.00033331855,2.0998535,0.11039203,0.10910193,0.091477245,0.16805325,0.36722067,0.40584812,0.08594972,0.41516298,0.34925374,0.11017279,1.2875113,0.44723517,0.15532622,0.31960815,0.16183315,1.3027664,0.5968528,0.04991198,0.075149044,0.40597942,0.13812944,0.35934043,0.09111504,0.049871113,0.08503687,0.2858763,0.0,0.18364301,2.41341,0.46119696,0.5111549,0.3059754,0.35061547,0.9617082,0.009318278,1.1182451,0.0,0.08926056,0.92366993,0.5380635,1.8231508,0.9633039,0.2710337,0.24147303,0.3610607,0.028054038,0.17168586,2.008164,0.31623715,0.6185468,0.22524366,0.19190776,0.16210572,0.21913016,0.6599602,0.65609497,0.38327718,0.18722664,0.73886436,0.12887435,0.057122555,0.59250396,0.18104699,1.7875786,0.14223601,1.5550661,2.096939,0.9990913,0.14805697,0.70483816,0.79542196,0.07169876,0.3228747,0.6683431,0.3464843,0.81860226,0.025887331,0.04615132,0.5936994,0.04198484,0.97712314,0.18879633,1.1717575,6.178658,0.60622597,0.0,0.7999243,0.7401571,0.23096834,0.019984528,0.20794487,3.6109438,0.7506635,0.08682811,0.9783369,0.37345433,0.726518,0.32724345,0.21135661,0.23867902,0.88678926,0.2836374,0.51981544,0.7983743,0.6376736,1.181777,1.7614352,0.87811285,1.1783648,1.9703547,0.38718197,0.12120336,0.2522083,1.2972157,0.9699997,0.98360956,0.6044531,0.8519771,0.40177056,0.9432784,1.7872689,2.2069478,0.07691419,1.0909712,0.0,0.27024865,0.16418293,0.39816582,0.3979867,0.22899859,0.76398295,0.64027566,0.5482825,0.38439065,0.13657872,0.5699362,0.6576365,0.36991063,0.17691845,0.006329219,0.03929136,0.06824319,1.6984969,0.13447134,0.0152210165,0.720149,0.2348107,0.1715753,0.19851132,0.9961498,1.0259422,0.4403841,0.21241635,1.8044716,0.7356003,0.13640751,0.062364966,0.21640539,0.5368914,0.043670718,0.26656777,0.49527377,1.4438105,2.0728443,1.7073932,2.1503956,1.036807,0.74606323,1.132093,0.97686005,0.16330051,0.017320275,0.16027075,0.26766092,0.02072279,0.64067507,0.5218282,0.48325184,0.25355333,1.1961007,0.9497676,0.017893624,1.2542065,0.12812513,0.30632967,0.027390126,1.221437,0.28160056,0.9327734,1.068246,0.40944543,0.7827543,0.9985978,0.0030731077,0.1950806,0.6463703,1.1745344,0.03214847,0.092009865,2.6337037,0.24199295,1.7960808,2.0413978,2.342335,0.33828622,1.4023188,1.954972,0.07187905,0.31106704,1.6840419,0.44406664,0.621803,0.90082353,0.26755008,4.1212263,1.9292114,0.1821296,0.008575826,0.7620513,1.1769351,0.5057866,0.05911013,0.47608972,0.19573607,1.0936601,2.9399836,0.09115236,0.33615613,1.3971924,1.0981345,0.60662735,0.19914238,0.38833737,0.08977769,0.30502215,0.9399791,0.36877853,0.20348004,0.38234672,0.84328574,0.22260396,0.7032406,0.1060187,1.2093768,0.286109,0.59637463,0.36943832,0.30257517,1.7498256,1.0837481,0.17296152,1.5232189,0.14095703,0.37550852,0.24048376,0.18874566,0.41117737,1.0417751,0.42400926,0.48909447,3.203989,0.3145668,0.26770684,0.013597989,0.105206974,0.7009266,0.25370964,0.08342232,0.2193098,0.071996376,2.3634825,0.0021365741,0.029663702,0.06270144,0.13005696,0.053589575,0.030798718,0.15662238,0.054645818,0.71758556,2.3989275,0.17484589,0.62180734,0.82967764,0.1631893,0.0051148157,0.81175846,0.5702461,0.81861025,0.6695503,0.43309128,all_pothole_images\pothole_images_new_image_756.jpg
0.002070275,0.82610124,0.5862831,1.0752574,0.23786113,0.13205566,0.0,0.3770626,0.112655275,1.3936427,0.29409835,0.56115794,0.47312933,1.1641288,0.047561333,0.6728033,0.20907989,0.3696624,1.9683894,0.16990258,0.57655907,2.1232746,0.40077528,0.35578653,0.06768566,0.37556016,0.06531554,0.03288983,0.097935334,0.7160744,0.12860681,0.24898599,1.9829344,0.34105814,0.45902455,0.47607273,0.82611287,0.04825536,0.4833852,0.97306883,0.43885413,2.4701564,0.4742539,0.38982698,0.13057281,0.41392702,0.24307428,0.01070916,0.25170502,0.4585439,4.0990863,0.24400921,0.4313383,0.67625177,0.45630178,2.9237926,0.48792452,0.467103,2.077865,1.6106436,1.6380721,1.1621902,0.22399096,0.107948236,0.79498124,0.39354962,0.31363952,0.024184024,1.2673047,0.95262426,0.17420435,0.33827284,0.22264472,0.6301972,0.105309814,0.97856665,0.30089268,0.42203894,0.029672189,0.03439423,0.12806772,0.29376405,0.0,0.8699515,0.4968008,0.6833863,0.28370675,0.056792438,1.6972952,0.21633533,0.047989454,1.5252017,0.18606248,0.5522672,0.06601742,0.33907095,1.5390071,0.7638552,0.23503733,1.7321788,0.049271766,0.6647614,1.1893443,1.540326,1.0969899,1.9264756,0.082514584,0.47795504,0.29941273,0.3058617,0.51674837,2.3723993,0.3679554,0.33178017,1.3805268,0.09357125,2.9188368,4.711804,0.6578013,1.0057131,0.67916465,0.4587506,0.22357601,2.0397804,0.34715682,0.7315092,0.90417975,0.796976,1.1730742,0.5796785,0.32995608,0.95276034,0.042730525,1.2010224,0.028199755,1.6004579,0.25807303,0.44571164,0.01187409,1.9663864,0.3431566,0.123048656,1.2133852,1.698008,0.21009824,0.14039454,1.9556236,0.61947364,0.12211542,1.5321158,0.70932347,0.064411476,0.46441874,0.81149477,1.6810371,0.2094237,1.5955446,0.29047927,0.010957647,0.65809816,0.2132769,0.18798956,0.17493434,6.83195,0.8903745,1.5553049,0.77810514,1.0692725,0.6151328,0.08623967,0.6493417,0.12063258,0.4973913,0.2890659,0.88523924,0.9446783,0.27911523,0.028121734,1.1449708,0.09211752,0.88798225,2.2223303,0.26129052,0.27359822,1.7356915,0.03551531,0.25791538,1.643034,0.3810393,1.1846573,0.32380491,0.0,2.0739994,1.9138588,1.0421875,0.36026195,0.9860869,0.69914556,0.5690473,1.2602282,0.2791695,2.2794025,0.7241352,0.16620687,0.887595,0.41801673,0.26304668,0.99526215,0.15721591,0.8631243,0.0,0.37215015,1.7202023,1.9902211,1.5852321,0.77952677,0.818881,0.73013943,1.0376409,0.13449253,0.611574,0.28395364,0.28430507,0.44698396,1.0581787,1.0809832,0.89469504,0.3550355,0.29890022,0.21791229,0.46672353,1.6849518,0.2649823,0.019400055,0.13669792,0.0956929,0.64137423,0.5993417,0.019133924,0.0,0.122410856,0.27099746,0.06784169,0.54464155,0.2412446,0.07529066,0.41313973,0.49947053,0.8933546,1.4254012,2.2330017,0.067993715,0.91306543,0.0007631243,0.33742306,3.0563529,0.3053747,0.34707463,0.2663948,0.33259735,0.76549363,0.42261568,0.95077056,2.026532,1.1356944,0.40066558,0.36342958,0.54649,1.2820246,0.01468038,1.049207,0.7492178,0.29101714,0.6662514,0.007534115,0.36686707,1.1820022,1.887505,0.103176095,0.018029224,0.50525284,1.3656816,1.3047926,0.46178684,1.1030076,0.18965697,0.87468964,0.41794178,1.0839101,0.22079311,0.5878128,0.6501666,0.4807531,0.46782735,0.32935497,0.1865584,0.9222168,1.4798534,0.80462414,0.077257045,1.5753697,0.2502358,0.83037657,1.2197913,0.11151583,1.1032528,0.0,0.8623645,0.5679458,0.406314,3.4856243,0.7986043,1.6246026,0.8776391,0.45877782,1.6255201,0.23137245,0.4414102,1.8672124,0.1577841,1.0327158,0.68298745,0.000768819,0.47029728,0.95272654,1.9966767,0.25533655,0.007616505,0.8200135,0.92456865,1.1414921,0.43621343,0.21525118,0.6615346,1.2039201,0.20983115,0.17439449,1.9154694,0.15903421,0.09773305,0.49095514,0.47371215,0.30264905,0.22568543,0.27642766,0.48864466,0.38121045,0.68502307,0.5895287,0.37510967,1.7106732,0.4141732,2.7400084,0.23423132,0.6936373,0.4933837,0.4551481,2.4712605,0.78491163,0.55388796,0.31148574,0.9188052,0.9664175,1.0080136,0.46375123,0.32727075,0.93013144,0.61481404,0.40392855,0.12251807,1.3122345,1.7869517,0.41304684,1.2897489,1.0167961,0.31697872,0.14954573,1.3289338,0.20529939,1.2216777,0.7950199,0.17713712,0.8863913,0.23337239,0.5786822,0.2653361,0.7948967,0.07188314,0.8722963,1.0855083,0.46105707,0.15071227,0.13765259,0.90608305,0.9074266,0.23678063,0.5651065,1.5134267,1.9875923,0.0983297,2.7424977,0.50117004,0.15493663,0.28426248,0.35287634,0.4886676,0.15378472,0.36593443,0.58812225,0.21589915,0.617278,0.22705796,0.90836036,0.00017966804,0.08925417,0.3937547,1.0092736,0.3719781,0.28151906,0.42439625,0.6755204,0.55524313,3.4582744,0.79579395,3.3269534,0.038224112,1.1114212,2.854576,2.9284568,0.18493615,0.34968013,1.2782326,0.94049,0.9342962,0.68805575,1.5562314,0.8026759,1.3666227,1.5594722,1.048412,0.534073,1.2092967,0.48838502,0.9612311,0.13731961,0.22433537,3.283134,1.0038153,0.31057718,1.131978,0.7690224,0.023152472,1.2142979,0.37681797,0.04442738,1.5742258,0.43148553,0.84845895,2.0829828,0.6031823,0.4154979,0.58196056,0.42506453,0.010443297,0.057654046,1.2009039,1.1685941,0.98312134,0.83892506,0.3539072,1.2239069,2.2008984,0.2294287,0.10598704,0.035586957,0.08205986,0.8561631,0.48754567,0.8150001,0.47408277,2.0417988,1.6946663,1.271543,1.2085474,0.26488888,0.13132994,2.802835,0.008939815,2.0038657,1.7839677,2.001385,0.97523546,0.016394556,0.6540761,0.4482481,0.24177866,1.3388681,0.45348442,0.64066076,0.4408015,0.8179337,1.5373377,0.67969793,1.6909609,0.4202046,0.018506613,0.08562383,0.98069483,0.6864121,0.49471873,0.7227591,0.047398828,all_pothole_images\pothole_images_new_image_757.jpg
1.2298707,1.0449448,0.84783715,1.4884619,0.2293533,0.10700124,0.73987794,0.27854708,0.3312788,0.7058009,0.14439823,0.19870345,0.51373285,1.2928925,0.19772336,0.54350317,0.0,0.8211208,0.19847171,0.017113538,0.36863154,1.1941401,0.69672847,1.2281927,0.5289713,0.3035582,0.4830934,1.3401624,0.14656956,0.2393251,0.019849762,0.23916773,0.63617784,1.550415,0.48749575,1.2673085,0.07505929,1.5953466,0.0,0.74975157,0.058449704,0.0,0.25875452,2.4787834,0.092478946,0.32054293,0.5101092,0.031824857,1.0335878,0.5600739,1.049157,0.42587566,0.47060287,0.27917,0.037171643,1.2812268,1.3178065,0.019817352,0.8912705,0.21856837,0.032981712,0.2855171,1.0287348,0.49634293,0.60412467,2.0729327,1.3913447,0.11527437,0.5328077,0.5891861,0.20125568,0.4326012,0.5882938,0.36218277,0.39392295,0.32674637,0.205405,0.37021783,0.384895,0.87742096,0.13481383,0.0040948177,1.6636353,0.29115963,1.1381408,0.19442861,0.08350656,0.25826213,1.878508,0.9274312,0.9555693,0.15311603,0.06285486,0.3398726,0.02458761,0.8444847,0.22781979,1.2643905,0.5321384,0.12878458,0.0032883238,1.11472,0.5574692,0.38178283,0.7452349,0.4413955,0.19995841,0.16772422,1.1624956,0.97061825,0.064835966,1.6799326,0.3484645,0.71802396,0.83046925,0.46000302,1.4976772,0.15979418,2.8267279,1.0014929,0.787679,0.6066343,0.55821973,0.5175555,0.008126458,0.68146694,0.028461704,0.7237134,0.12603508,0.3035353,0.57605904,0.10179139,0.6663116,0.043403294,0.010183581,0.22205591,0.45375127,1.151474,0.25525433,0.4189432,0.14254528,0.015911954,0.73331183,0.6089476,0.09443234,1.6136501,0.18405801,0.31044838,0.3712016,1.0301266,0.8554053,0.82094014,0.11608534,1.7464094e-05,1.9220989,0.64630014,1.5177767,0.37598684,1.9197325,0.5036043,1.8135073,0.6414144,0.03504662,0.6599396,0.41261905,0.2923074,0.47622433,0.5865151,1.1802853,0.6235154,0.10892638,0.8442807,0.013679922,0.7565804,1.5177232,0.7362456,0.8315092,0.037081774,0.46792364,0.17789842,0.039352696,3.1264985,1.4764229,1.3182994,1.0053421,0.81007904,0.22849815,0.51971513,1.0286345,0.55916107,0.3587097,0.35168862,0.8720521,2.15407,0.5139488,0.18790333,0.6037717,0.56990504,0.14728855,0.66204005,0.28338328,0.75371057,0.18789962,1.0603949,1.2153318,0.68297637,0.85996306,0.68989116,0.9819253,0.0723577,0.28599045,0.9561262,0.74504197,0.83642435,0.31579453,0.8849008,0.6525625,0.10327847,0.8276884,0.0,0.50081474,0.051749546,1.1558183,0.8578804,0.16179518,0.73422265,1.0752957,0.92863566,1.4582522,0.78396684,0.0,0.2692395,0.43907967,0.4442643,0.47227708,5.1627758e-05,3.025953,0.17518403,0.0710099,0.36716336,0.523773,0.34107456,0.0,0.38412678,0.3378647,0.045855384,0.97345585,0.15620857,0.4123946,3.235763,1.3411329,0.2824602,0.3761546,0.29797488,0.6543015,1.2789693,0.84057873,0.0611122,0.7483511,1.8160461,0.3605146,0.35301745,0.8384926,1.0367564,0.6957675,1.0601115,0.10635272,1.1906029,0.2498934,0.3933132,0.17247927,0.22938018,0.06205184,0.446986,1.1474426,0.54407036,0.9064988,0.1452961,0.44629064,0.3700693,0.056466207,0.12688561,0.2680882,0.08546218,0.30794618,0.67282265,1.0694389,0.2798591,1.0137117,0.26919878,0.293469,0.031530917,0.5666752,0.95933294,0.2613799,0.060175963,0.67915577,1.2919487,0.1588519,1.3635095,0.18693581,0.4630668,0.06785812,0.82077646,5.6926193,0.58235294,0.16078249,0.45118505,0.104615316,0.28552845,0.6700025,1.4014258,1.9181697,1.543594,0.4205142,0.33522764,0.40279058,0.9897333,2.957956,0.17846,1.2418667,0.0658396,0.5110377,0.080349065,0.1931381,1.2196751,0.7402797,0.12827589,0.5053651,0.019851409,0.8519435,0.0,0.00030220405,0.015586521,0.02842623,0.49903056,1.132197,0.12166142,0.92961806,0.46667114,0.3312395,0.9307905,1.4484453,0.19165842,0.098696806,0.36909044,0.125456,0.20409435,0.552259,0.118063495,0.8802443,1.4214419,0.57194275,0.29368547,0.12884106,0.45672938,0.2548389,1.0101657,0.7591665,0.38581562,0.8517348,0.35879815,0.4908064,0.08632372,0.3020634,0.31885317,0.24514914,0.116679326,0.6572208,0.33111417,0.7290413,0.53875345,1.2680504,0.017886044,1.0512279,0.58803856,0.12319357,0.10288083,0.23856896,1.3807267,0.84434193,0.009187094,0.072307855,0.41685313,2.4687197,2.5298042,1.9804568,0.00028957587,0.67367095,0.3010488,0.22944574,0.9463906,0.46879202,0.4344197,0.5330488,0.3114993,0.9397436,0.74301004,0.5065914,0.27931955,1.7375742,0.44434574,0.3835424,0.33583906,0.3721867,0.0070412834,0.34616953,0.57098466,0.0029169663,0.5311774,0.4635829,0.6996653,0.27805054,0.21004559,0.06292346,0.008327791,0.6782354,1.1357263,0.28031182,0.002722245,1.296362,0.500315,1.1767136,3.333498,1.5554217,0.507544,1.8876505,0.93674123,0.11189416,0.77648365,0.083185986,0.39706692,0.5332275,0.67942995,0.17622985,3.0281184,0.2992812,0.4085007,0.007433222,1.0480672,0.89229363,0.51592875,0.35021627,0.39880154,1.450485,0.01771959,0.94925237,0.23284532,1.3765655,0.7665513,1.1138868,0.09675855,0.1629329,1.106652,0.3057363,0.69589597,0.50758344,0.98993087,0.052875217,1.1093607,2.361088,0.5415765,1.6754992,0.28050604,0.4086862,0.45425606,0.36073467,0.05663845,0.26551268,0.29052404,0.45574373,0.1239845,0.22586365,0.5131096,0.11757736,0.43389776,0.3548901,0.7854905,0.23085295,0.58306855,0.35458273,2.8318872,0.3019327,0.40125927,0.10155047,0.19526973,0.43350163,1.0390029,1.4237119,0.05489071,0.27322838,0.057933845,0.02472368,0.37023342,0.36729398,0.33216196,0.0,0.036019053,0.09570824,0.14534515,0.28447908,3.5744154,0.36668745,0.6978641,0.6106266,1.478055,0.30735433,0.25541455,0.51083535,0.7958113,0.14933728,0.9288842,all_pothole_images\pothole_images_new_image_758.jpg
1.3127027,0.5147642,0.15888539,1.8022528,1.5995098,1.5996424,0.18202256,1.563442,0.16531518,1.6177249,0.3183038,0.2833423,0.19162343,1.1253814,0.9628445,0.26265684,0.1459938,0.011712075,0.15782413,0.25184938,0.53499633,2.8003047,0.55677205,0.5001081,0.5704322,0.48023176,0.06908598,2.1562808,1.0703887,1.6618023,1.465299,0.12342963,2.6229627,0.72263014,0.33207005,0.717817,1.0296024,1.2167594,0.057173256,4.188578,0.037829682,0.036323387,0.14962444,4.216402,0.22388013,0.16090882,1.2266908,0.032157127,0.12698688,1.5375646,0.9222443,0.34698096,1.1441962,0.0,0.0,0.3846691,4.1841884,0.16334485,0.4052403,0.07377217,0.04236352,0.768258,0.3199893,0.4384588,0.29325765,1.0680481,0.43233186,1.3219534,0.6423811,0.828391,0.7953874,0.10880225,0.6789286,1.1866875,0.18275426,1.5942167,0.027268982,0.42884418,0.12957229,0.84397507,0.91811657,0.9896584,0.2618379,1.2567588,1.3493618,1.7965893,0.5090356,0.5915303,2.4888701,0.40930304,0.19684254,0.4296318,0.35429916,0.8158243,0.077183105,0.16589057,0.779164,0.0894572,1.6096412,0.0549458,0.08848462,0.66492397,0.4901738,0.1456776,0.485611,0.009625118,0.031839058,0.9752842,0.62846935,0.4218651,0.04525206,2.094193,0.36335698,0.04322498,1.2035662,1.3456366,2.8290257,0.6818167,1.5444852,2.0776615,2.534715,0.38637385,0.084023066,0.8596423,0.0018494532,0.7112359,0.40774402,1.9053235,1.6367742,0.28169802,2.0787039,0.0006510414,0.22393191,0.75085896,1.2157856,2.1400285,0.35472375,2.8560667,0.46408948,0.21118738,0.34049714,0.4433234,0.37619188,1.3136374,0.19938278,0.72487855,0.47710893,0.31566092,0.8056646,0.24556491,1.0122334,0.0038627218,0.65130174,0.31723455,1.8069086,1.7277539,1.5527767,0.052113853,0.9700223,0.5338845,0.6667049,0.31840515,0.0005133813,2.5413084,0.005377844,0.63058937,0.603509,0.062969804,3.2884789,0.0,0.21438135,1.5216451,0.48979592,0.19566777,0.8283232,0.026621293,0.6924141,0.05061729,0.74664444,0.0,0.3802086,1.791333,3.3018825,1.3852025,1.5786968,0.31115383,0.24609238,0.45617417,0.5828691,1.2949038,0.44229764,0.17528382,0.42054254,3.3504038,1.1129955,0.4202609,0.0036683897,0.29714912,0.009612991,0.541669,0.54159415,1.6878052,1.8619422,2.1458976,0.3154648,0.25110906,2.2811146,0.25517976,0.07550151,0.49393618,0.0,1.3761153,2.017631,2.2610614,1.8111472,1.5166851,1.2323606,0.05923046,1.3291829,0.31544575,0.28827426,0.47276098,0.08142632,2.2381897,0.11100306,0.4522389,1.0076119,0.8861203,0.2979889,0.4203121,0.3089279,0.14260533,0.58750904,0.04525466,0.28273717,0.050779045,3.8308797,0.17966172,0.025239237,0.5511617,0.38225684,0.4240021,0.24787739,0.09295753,0.63057244,0.31911284,1.3397855,0.12661192,0.1380535,3.3755393,2.0641634,0.7276524,0.8819195,0.29998568,0.39781263,1.1654811,1.6520681,0.0021813123,1.4561195,2.6951106,0.0,0.33541554,0.9568996,1.2372528,1.1035101,1.3892069,0.9756618,0.5601904,0.78125167,0.6845429,0.0037781443,0.786987,0.4526216,0.3719269,1.3809098,0.9342565,2.8813672,1.2105285,1.2190301,1.3850156,2.1992354,0.011277324,0.061406802,0.67556864,0.52045906,0.11701025,0.741981,0.09421352,0.19632608,0.11509254,1.6334879,0.49872553,0.928182,1.0897366,0.8397133,0.31998456,0.014886672,1.0360916,0.17489561,0.046001565,0.016926993,1.0951384,0.16569705,1.4299765,6.9323964,0.09534242,0.050173685,1.1697062,0.009358718,1.354014,0.44966638,0.61308384,2.3386548,0.4129658,0.3821013,2.2654366,0.024566708,0.40300015,0.3204017,0.26394263,1.5121597,0.56826514,0.33125952,0.5592599,0.046573862,0.050275356,1.916288,0.40557227,0.20145315,0.15618351,3.973913,0.13815555,0.3803875,0.0363188,0.08401144,0.7466256,0.6140112,0.05949506,0.3066339,0.47356978,2.1622362,1.4332094,2.1966164,0.115458585,0.60084426,0.013503452,0.45656484,0.11208429,0.48801768,0.39608407,1.0470495,0.6710879,0.95380086,0.40752384,0.17069797,0.14569072,0.28748915,2.0146701,0.814095,1.0341673,0.0,0.12362331,0.3586596,0.6085771,5.207101e-05,0.50069076,3.44771,0.27736685,0.038831096,0.018084524,2.8330812,0.27575442,0.76670104,0.0022191731,1.0933833,0.19899775,0.18280007,0.4411624,0.4026736,0.19385867,0.31760234,0.10764155,0.59667957,0.7165106,3.7003083,5.823373,1.4186062,0.11209227,0.4505647,1.2677685,1.1373025,1.481398,0.5101746,0.4453428,0.13481931,0.14001189,1.7646649,0.7823444,0.6617231,0.2593333,3.7745442,0.4099557,1.2616664,0.96750605,0.15433455,0.028224278,0.5241996,0.6857108,0.010462951,0.32125592,1.9420606,1.007526,2.4276896,0.15492469,0.1275513,0.30356357,2.005133,0.12401986,0.5990818,0.05504011,1.9305722,0.34623554,3.176633,1.9943342,2.5761037,0.23680162,1.371421,1.2004967,0.73038286,0.8665698,0.09091784,0.91513044,0.6081268,2.260999,0.48392156,5.058193,0.5880387,0.54654866,0.24002339,1.8612459,0.5691219,0.80604786,1.0424651,0.6030795,0.8060774,0.52718645,2.351466,0.09991436,0.22071005,0.06380445,2.1555104,1.1275707,0.22526461,1.0998837,1.2562937,1.2594203,0.45116952,1.5419074,0.9270064,2.0696487,1.1336081,0.46318868,1.6919037,0.012263663,1.0989016,0.36858484,0.8215514,0.16478,0.6602222,1.1100258,0.7662374,0.3858715,0.061079886,1.0248759,1.0821762,0.27713794,0.3831826,1.8774195,0.18289427,0.14233354,0.53279364,3.674658,0.4313797,0.07077903,0.00678305,0.37057334,2.331202,0.4491047,0.38585994,0.23869282,1.1283066,0.072731584,0.014488987,0.06089568,0.80996794,0.46062374,0.0014651841,0.5236914,0.3350309,0.44012344,0.02432936,8.754242,0.9736575,0.5699561,1.1562752,1.510825,0.0073817163,0.27007768,0.09433871,3.1721833,0.9181827,0.12803002,all_pothole_images\pothole_images_new_image_759.jpg
1.2925507,1.1884842,0.21381798,2.4616342,0.6075543,1.8242855,0.4866013,1.1157905,2.3030975,0.0740115,0.63762957,0.43727994,0.82146174,0.2869201,3.1193826,0.010238874,0.0421072,0.0,0.24772422,0.41704702,1.5439938,1.0412196,0.43443826,2.0459223,0.4840864,0.0730385,0.045972366,0.35078365,0.09161562,0.7143735,0.9977135,0.4153995,2.742845,0.26438743,0.77264214,0.2943358,1.3014213,0.6366884,0.022994878,1.1692525,0.05129354,0.70363206,0.25675568,0.18884598,1.1250693,0.16122186,1.0760123,1.2832575,0.14394712,0.779981,0.076235875,0.41635317,0.26310813,0.15347664,0.32631305,0.79989195,3.2029245,0.4791547,0.0,0.70882887,0.26701105,0.1444848,1.4415019,1.3632047,0.29890046,0.22329743,0.01041712,0.53445846,0.5087413,0.9663715,0.6952037,0.003013053,1.7569544,1.2048026,0.318998,1.7927926,0.4053913,0.8573251,0.28306025,0.023951579,0.7693393,0.7708845,0.06341287,0.65779346,0.45724735,0.6886864,0.17738399,0.22882383,3.0950384,0.093155116,0.5198978,0.040097546,0.5208372,0.22376391,0.8596879,0.039856788,2.6568134,0.38915372,0.14695401,0.29858196,0.034909043,2.119887,0.33341536,0.28244418,1.9067432,0.012484107,0.17673288,0.70126855,0.74536365,0.3353445,0.04769005,1.2442623,3.5455272,0.10810475,0.20251706,1.6366343,3.8755004,0.14160277,0.6739645,0.0,3.1273391,0.03223268,0.1818359,0.66836405,0.0,0.5358676,0.5757043,2.1826556,0.87225324,0.12296337,0.29675794,0.19322748,0.0,0.8987135,0.013381143,1.0026382,0.6610281,2.644994,0.123367466,0.050094478,2.999067,0.0,0.70800436,0.26960537,1.0485061,0.60972744,0.13866961,1.6815045,1.3420666,0.19798812,0.013321938,0.071302645,1.3530372,0.41996655,0.41624135,0.22239743,1.647644,0.08749586,3.0852416,0.9775043,2.3499727,0.061539274,0.55902964,0.0,0.2002765,0.013934299,0.6021637,0.00990851,0.6642016,0.0,0.04914889,0.26645,0.093045026,0.21363509,0.3305326,0.6293331,2.0772703,0.0011833777,0.5253296,0.628901,0.5037732,0.36235,1.0110244,0.6622383,4.621766,0.24314697,0.30575863,0.08576006,0.80320626,0.7411359,0.2137708,0.32682616,0.65330034,4.675304,0.25924498,0.9220618,0.45420915,0.0,1.4941976,1.5132096,1.2268788,0.5995901,1.7748759,0.89090025,0.39095974,1.0133473,0.9673631,0.28036013,0.10478452,1.3278425,0.30884293,1.5024623,0.029432632,2.4787047,0.5168668,0.80472547,0.86141413,0.9460551,0.46261728,0.16574198,0.4213861,0.16484143,1.6066841,0.40519413,0.44113445,1.557504,2.9021842,2.1251178,0.27550778,0.5762863,1.0265546,0.9589054,0.76322335,0.39179415,1.3130194,0.5773604,1.5606573,0.56383204,0.05613604,0.46728885,0.9237049,0.18134777,0.7324242,1.3282493,0.051382467,0.123018466,1.2460436,0.36547524,0.20533492,0.6106171,1.6756811,0.49959493,1.852643,0.44356868,1.0880711,0.4799715,0.01631682,0.0,0.4891571,1.0568517,0.0,0.4184599,0.13193001,1.005035,0.02925936,1.4759817,0.0,0.9232127,0.48054028,1.5389247,0.5891902,0.68930715,0.104165435,1.7379574,0.06500721,1.320712,4.3984523,2.5742395,0.45480236,0.523692,0.563815,1.5336981,0.20610231,0.9516172,0.2726919,0.5421962,0.29822287,0.15328242,0.080024816,0.06861712,1.0254439,0.53753763,2.0170972,2.3019023,0.21832559,0.1620231,0.33139202,0.0019274469,0.34491363,0.14914404,0.0100098215,1.0509931,0.037451904,0.24493867,0.18012112,1.2756394,0.008578657,0.8922212,0.09220047,0.5981039,0.2637168,2.0085561,1.1443443,0.5041162,0.130946,2.3094046,0.24917077,1.7934161,0.80235255,0.07558751,0.5618281,0.6770129,0.45224082,0.43140462,0.31387666,0.2775166,1.7978272,0.42121673,0.49256304,0.6240041,3.3604808,0.11335238,0.0042435667,0.05298194,0.24274619,0.5054655,1.381867,0.038680296,1.3106636,0.107587874,0.82893395,0.19058727,0.78309107,0.022776667,2.539116,0.043920875,3.352663,0.12090153,0.47900844,0.07912095,0.8798974,1.684872,0.30149624,0.41877455,0.96391076,0.21169217,0.9734606,0.21337968,0.5287926,0.8916761,0.4428988,0.16753927,2.9783785,1.3873616,0.003538318,0.8377659,2.5544825,0.17475097,0.6144048,0.11113114,2.393432,1.7553744,0.16459897,0.37913707,3.1013112,0.14409024,0.9646452,1.8938692,0.004921915,1.6198965,0.40111467,0.26499525,1.2692009,2.3834689,3.9852986,2.5975137,0.99302346,0.16480076,0.63168323,0.32792705,0.41648063,0.40624803,0.0025474255,0.0,0.26266927,0.09686474,1.3396468,1.1918523,0.30926487,0.7387563,0.92638844,2.2505965,1.2512187,0.5473723,0.0,0.3715371,0.12154153,0.08679971,0.33575094,0.0,0.5389318,1.2702037,1.4961507,0.92973363,0.6995443,2.062912,4.3157673,0.027189216,1.4670291,0.022522664,0.01375039,0.5349441,0.63140726,0.8297491,0.8599921,0.17176954,0.8417262,0.5531254,0.63934207,0.06549404,0.024434252,1.3080236,0.39886475,0.7712388,0.8213913,5.696081,0.11309986,0.2773858,0.11969329,1.0391833,1.4269725,0.23928492,0.0063687116,0.24486105,0.86783844,0.39331287,1.5275586,0.7042051,0.7686718,1.6248741,1.2188562,0.50429827,0.6270548,1.0930672,0.73358077,0.07402911,1.7142141,0.13575569,0.3669552,3.0995426,4.1450734,2.3573608,4.646138,0.26026404,0.8510512,0.0,1.9468222,0.072425425,1.4360368,1.3180692,1.7134497,0.016338596,0.24940975,0.13602772,3.9027112,1.2260687,0.020170266,1.1639066,0.88798815,1.1624767,1.6382947,4.140456,0.20734724,1.4363923,0.12573834,0.028953547,3.1130807,1.1125406,0.18011326,1.549811,0.03410288,0.7887596,0.19790505,0.62991965,1.0865687,0.4373903,0.16607831,0.037567854,0.9000946,0.73521,0.08922765,5.0985594,1.2311304,0.51299405,0.9024954,0.586838,0.31614295,0.30012855,0.4593313,1.444893,0.31174016,0.14234625,all_pothole_images\pothole_images_new_image_76.jpg
0.90213215,0.7756979,0.14866701,1.1252656,0.4350895,0.3891832,0.4001048,0.2276194,0.5977627,0.0716406,0.45069364,1.0832099,1.0148338,0.020638708,0.05808436,0.115978464,0.009702509,0.6900559,0.15107991,0.35172933,0.095494635,1.1847801,1.4387898,0.67101705,0.17708285,0.2005108,0.61469525,1.0370362,0.003988235,0.7530384,0.44294763,0.42657635,1.0975878,0.5732734,0.06648971,0.15552364,0.009344965,0.12421434,0.34145203,0.039107915,0.10212628,0.8178462,0.05966962,0.3097452,0.72263587,0.0,1.0020466,0.05333177,0.019426405,0.45934957,0.7578751,0.85838395,0.8784575,0.1514984,0.16417715,0.038077205,0.73457587,0.6742709,0.64950025,0.24890888,0.021823557,0.42337942,0.7085466,1.783817,0.98720115,1.0761098,0.023213219,0.76321995,0.0,1.2007611,0.008717055,0.873187,0.46025208,0.028354764,0.22778472,0.9184349,0.13230918,0.48434258,0.0034668664,0.23582548,0.3434315,0.5982297,0.15580052,0.6897863,0.32939744,1.2064866,0.8452767,0.25523722,1.5386891,0.34676823,0.018795889,0.98308975,0.729983,0.2332922,0.21630277,0.11208716,0.5595938,0.17456554,0.04304749,0.0,0.0097277835,0.8078344,0.1290566,0.007774239,0.5057546,0.06848082,0.7248256,0.418093,0.85345995,0.26651412,0.2959782,0.9493559,2.4536798,0.43331552,0.23261061,0.79921806,1.1700034,0.017513826,0.24324156,0.9145412,0.06533967,0.19116248,0.9160363,0.3686112,0.9880234,0.77112985,0.03907941,0.023603346,1.3920587,0.04952868,0.19499986,0.16172537,0.062318362,0.25164706,0.26261145,0.10441751,0.1569017,0.21642858,0.49500588,0.52207065,2.4822295,0.5075835,0.06576347,0.7746012,0.19800392,1.8114456,0.0,0.038217254,0.4069181,0.093596205,1.2302817,1.2054049,0.30810714,0.042477358,1.1015418,0.28891742,0.32346958,0.12581389,1.6343421,0.06779551,0.6518813,0.7861895,0.005362305,1.8589969,0.675258,0.036348,0.6610038,0.21598296,1.149103,0.4949014,0.056242026,0.0,0.047300734,0.0057148943,0.64548224,0.4035256,0.19702332,0.0009941697,0.20399557,0.4621451,0.010406402,1.2609019,2.337766,0.23102838,3.0781782,0.0015646152,0.051348846,0.22549705,0.1982686,0.19609085,0.917658,0.027874846,0.0089981295,1.5489727,0.003101805,0.045011617,0.102180846,0.44892484,0.08926218,0.9676431,0.6660114,1.3471727,1.3159637,0.26872745,0.99660045,1.5745821,0.7557896,0.6404025,2.601659,0.5965398,0.0,0.28909072,0.0972771,0.09167256,0.12978783,1.5198091,0.43984798,0.18908018,0.8113061,0.619921,0.69575965,0.67575926,0.572997,0.09724859,0.10327633,0.23917443,0.56230444,0.0,1.7141845,0.022025172,0.7705011,0.4179535,0.024516616,0.6772401,0.86028254,0.027973652,0.6700065,0.08779377,0.66213304,1.1124198,0.30855766,0.0,0.25600305,0.051044494,0.0,0.21908817,0.8588329,0.06210359,2.0265913,3.9653971,0.6263778,0.11925653,0.42918548,0.21668613,0.047808014,0.15773457,0.5732455,0.10051402,0.08382946,1.265351,0.28505713,0.5903565,0.09884641,0.114272624,0.324834,0.87762713,0.29476273,1.6844118,1.7027193,0.014335525,0.13886671,0.24112292,0.05793839,0.10277082,0.07463762,0.4858186,0.74275625,0.1158693,0.2845021,0.23032095,0.18244475,0.3140595,0.19155495,0.5189354,0.38677487,0.1289836,0.21813494,0.06584869,1.6153779,0.39893177,0.5341982,0.11098799,0.1930427,0.9326374,0.004182523,0.09019239,0.5598399,0.6205854,0.25437972,0.6853854,0.55860335,0.037949823,0.16553637,0.23096329,2.8208394,0.65510947,0.0,0.45012748,0.006480196,0.3422044,0.0043794876,1.0683306,2.955491,2.6012597,0.15511937,0.03293394,0.036947034,0.97541076,2.6545658,1.4292297,0.78743446,0.24939092,0.0,1.1089904,1.3510426,0.71015835,0.77725345,0.12355367,2.410857,0.0,5.2299104,0.2040619,0.6730846,0.3042302,0.024270289,0.075854994,0.73534673,0.005531119,0.13796706,0.32645783,0.48139945,0.5137788,0.7438113,0.066449575,0.18251312,0.8972556,0.72699064,0.011571493,0.025088921,0.30864373,0.7279696,1.2781954,0.29904068,0.26373827,0.17110203,0.4424935,0.14840959,1.7265753,0.028402345,0.9296716,0.09750511,0.00206926,0.45319596,0.8193934,0.0,0.024563331,0.18981318,0.3251625,0.49489775,0.14484884,0.5516657,0.17940174,0.124627404,0.24407564,2.0124958,0.70194054,0.0013581566,0.37804863,0.9101806,0.27308103,0.032328866,0.20566414,0.06078401,1.8655996,2.7956088,0.93765676,1.9936006,0.06300948,0.11604954,0.9962815,0.23773989,1.4041215,0.91249317,0.75163907,0.0460769,0.123610675,0.027999986,0.5632091,0.07122994,0.76978934,1.0704564,0.91363674,0.14232528,0.76501054,0.30165133,0.51575845,1.2442929,0.18938555,0.15076032,0.39573103,0.25701484,0.7498748,0.32533592,0.3661898,0.41704515,0.109974004,1.2398016,0.23719908,0.52869445,0.060280878,0.53851163,0.21379949,1.3015238,0.93287885,1.5488822,0.15806559,0.22206944,1.139167,0.13187638,0.011017809,0.39130515,0.3244688,0.011754357,0.092398606,0.104124084,1.373613,0.68982667,0.20647004,0.57368225,1.185797,0.1644623,0.22938615,0.33509484,0.47381738,0.47856814,0.066575184,0.15759435,0.7466186,0.09526012,1.3179517,1.7680147,0.24518271,0.25736967,0.441691,0.8964484,0.0844356,0.76003146,0.14969495,0.28718188,0.2766677,1.7966896,0.7171715,0.4806753,0.023515446,1.2351135,0.06274761,0.0,0.0,0.14225747,3.3262434,0.32494187,0.14286606,0.4530715,0.18423706,0.3654098,0.127264,0.03901195,0.38658056,0.1882178,0.28172472,0.17386049,1.5327847,2.1483307,0.49604622,0.047758788,0.17073806,0.6198879,0.1728767,1.0622481,0.0,0.0,1.2746607,0.14793055,0.24980514,0.43485036,0.0,0.36602122,0.0,0.032101743,0.18058567,0.3667763,2.1116397,0.5855347,0.327334,0.24015856,3.2085145,0.13669306,0.5000929,0.3555746,1.4802421,0.21982868,0.15107374,all_pothole_images\pothole_images_new_image_760.jpg
0.7271127,3.0589578,1.1351453,0.82320076,0.40838206,1.0216646,0.14168866,0.45974544,0.65468687,0.37308344,0.38523066,0.3768077,0.3084889,0.25680795,0.023931857,0.71134835,0.15831292,0.15448567,0.09957429,0.23982897,0.24660209,1.8680723,0.2613911,1.6284508,0.2282606,0.8814688,0.2682309,1.9506075,0.2859228,0.87524956,0.7093157,0.29875398,0.7742704,0.17164719,0.3726016,0.87657696,0.35698864,0.72577316,0.60886073,0.2524548,0.21405397,0.43370694,0.27800533,0.41659686,1.6993444,0.44469127,0.35609975,0.14702478,0.65688306,1.0194995,0.059697364,0.21484748,0.2277663,0.09027894,0.14841716,0.83683556,3.3368983,0.03780873,1.6959066,0.8585481,0.33904025,0.015873177,1.2514304,1.0956298,0.0804533,0.6063054,0.22341323,0.12444893,1.1803129,0.6454403,0.35771528,1.1277204,0.41737074,0.11956062,1.3308748,0.45018572,0.5415689,0.3953128,0.52259976,0.7508085,0.90442914,0.1114927,0.016108174,2.2660778,0.69823587,0.08331271,0.80974185,0.2610419,4.4891706,0.44331837,0.22527176,0.47588846,0.26476273,0.5883762,0.2093101,0.041633923,0.15696304,1.009023,0.4674465,0.6532149,0.023936938,1.9679936,0.17260972,0.7404864,0.20600322,0.30106348,0.22882646,0.81844896,0.27624553,0.6199763,1.0713658,0.49252522,0.29794648,0.48893917,0.56718177,1.3784279,1.3149009,0.41363004,0.8346855,0.5131742,1.1354196,0.52334666,0.9542971,0.83785284,0.048746496,1.0679835,0.11388687,0.5087034,1.1518012,0.16631354,0.41593808,0.23810701,0.45608342,0.10694877,0.23277226,0.007950998,0.11191954,0.5721169,1.8995689,0.32165146,0.47151187,0.61110634,0.09722278,0.74134904,0.24162082,0.9254153,0.26049083,0.11861235,0.33025882,1.5954584,0.22544685,0.790386,0.07746097,0.07795071,1.0692105,0.6156814,0.2307309,0.76366436,1.1897657,0.5004527,0.5723102,0.405517,0.22953983,2.8494592,0.09959304,0.18614332,1.0654796,0.22039211,0.9625262,0.00818505,1.0401992,0.33481222,0.688409,0.32272586,1.3729014,0.017832952,1.3361318,0.08064281,0.116945535,0.3570998,0.03138085,1.7100481,3.5232732,0.83930004,2.358496,0.2082519,0.8672414,0.14121073,0.8224509,0.88811404,0.6832243,0.8520358,0.32221338,2.3108168,0.15467687,0.1439762,0.09798178,0.095687404,0.0029069523,0.50261605,0.12377593,0.5346701,0.29957035,0.5454293,1.6031902,1.3019885,0.14119801,0.39815268,0.6905201,0.022553403,0.6418107,0.5457972,0.92202795,0.63604593,0.9132279,0.61128473,0.46245658,0.12355557,1.7210213,0.15465805,1.1659521,0.22736298,0.03472236,1.3613735,0.0,0.31099662,1.2231146,0.11198767,1.1918737,0.1320377,0.6193183,0.54935074,0.14592324,0.044855043,0.6051041,0.20744129,2.4207535,0.18332075,0.058737326,0.036008276,0.52906805,0.015630739,0.5089169,0.011853656,0.06679354,0.12294294,0.90118927,0.039351527,0.4857055,2.8179395,0.36843592,0.0,0.29025927,0.35003483,0.11172439,0.08226156,1.2067332,0.39846134,1.2349963,1.0967345,0.035473075,0.5712641,0.3780045,0.14725694,0.51758575,0.7597886,0.0,0.29989624,0.076753564,1.1311958,0.9940374,0.016246501,0.0743862,0.6790568,0.44120625,1.3623487,0.38411462,0.6565624,0.104907714,0.6122633,0.1415075,0.028053643,0.017621111,0.68413925,0.5095243,0.13545829,0.29191786,0.70424837,0.8525008,0.4651783,0.13847628,0.3626976,0.0,1.5876812,0.932601,0.3500962,0.36688882,0.4783188,0.6901793,1.0277877,0.049650308,0.5320771,0.0111059155,0.61754704,6.2549,0.64199454,0.0,1.6043352,0.33472317,0.41201666,0.16714004,0.63218635,3.7640874,0.7139194,0.039507132,0.32218963,0.761602,0.6957641,0.9482821,0.48270547,0.069692515,1.188671,0.020459676,0.2213779,0.83387274,1.3219504,1.7706255,0.5783743,0.941156,1.4208564,2.5636964,0.52794325,0.19671194,0.67038757,0.167077,0.020498315,0.39487812,0.2608268,0.33917508,0.5089503,0.50320596,0.24620368,0.7681224,0.06548115,1.4003887,0.14923446,0.07346431,0.0,0.7449193,0.58244675,0.009782353,0.3807165,0.12205375,0.4974736,0.3484415,0.16892588,1.2086412,0.5495356,0.6329163,0.3812708,0.19296607,0.06781464,0.25769785,0.6659986,0.029617086,0.39622644,0.9133952,1.1665939,0.19370443,0.19521941,0.8805497,0.7694082,0.5733836,0.28384253,1.3245616,1.2371699,0.07381581,0.04752711,0.22986497,0.27696055,0.008745781,0.1950763,0.2938191,0.8834012,3.8598533,0.5714337,1.7871946,0.14067166,0.35744902,1.1276318,1.0530665,1.0082763,0.16619278,0.1018665,0.15774263,0.8058667,0.6105316,0.8072866,0.07434696,0.20301238,1.5853986,1.4738514,0.500583,0.94929785,0.022366082,0.0026136679,0.27967387,0.95851225,0.12617181,1.0800692,0.2655533,1.074359,0.6675757,0.17458361,0.00069874903,0.62115467,0.19935861,0.5838091,0.020796046,0.04563592,0.56892145,0.6356041,0.8459736,2.0875125,1.146247,0.72334117,0.7757491,0.9185682,0.19791979,0.18002303,1.2805773,0.10999134,0.27369398,0.4263049,0.52678716,4.384668,1.0218679,0.5405045,0.10487573,0.44365248,0.3755444,0.3297286,0.04466017,0.34360904,0.061646607,0.43936732,1.1520662,0.8124326,0.7184263,0.30313045,0.8337052,0.8965544,0.88814324,0.40808195,0.2862338,0.5426376,1.7697009,0.18895778,0.0,0.89509064,1.7940085,0.007483442,0.7272599,1.0984128,1.0845896,1.3702124,0.26524583,0.040247552,0.6079394,1.0933341,1.7703059,0.51284266,0.55707175,0.3198188,0.25651765,0.482739,0.069982775,0.487393,0.4627926,0.36624336,1.2369343,3.6861634,0.35704556,0.23218066,0.0009680646,0.082770735,1.1918558,0.29110554,0.058498297,0.07257736,0.43629614,1.2501569,0.23305814,0.1675902,0.16520786,0.09054102,0.20757155,0.14940399,0.031296194,0.015135023,0.01840189,3.1681356,0.038853172,0.75325304,0.21930447,0.2796088,0.1015737,0.7046003,0.53613484,0.11609745,1.2659701,0.50172085,all_pothole_images\pothole_images_new_image_761.jpg
0.34107515,0.9126919,0.5249056,1.2406046,0.5355087,0.061313566,0.8829614,0.26265973,0.3465344,0.44259852,0.40622577,0.52904093,0.24755941,0.84731627,0.16183853,0.81745046,0.04519293,2.2755847,0.60771143,0.15581886,0.004661288,1.4267168,0.83750176,0.88400036,0.3508891,0.706508,0.96172875,1.0010607,0.019415485,0.1684983,0.20365413,0.19669707,0.6386012,0.5733798,0.6554215,1.1043313,0.123582184,1.2789388,0.14679217,0.9166622,0.0872097,0.031414464,0.12577125,1.6537545,0.16835777,0.73885417,0.2264063,0.13184865,1.3945354,0.88099575,0.52260596,0.102675475,0.40876192,0.5975072,0.1471766,1.6411135,0.9188483,0.113774024,1.1110959,0.10363348,0.011590607,0.25812578,0.20223442,0.33816364,0.5156802,1.8540372,0.8897495,0.11733756,0.42079428,0.54037565,0.015933068,0.66538924,0.7790544,0.28862467,0.1666991,0.4016506,0.4974654,0.27615172,0.089876845,0.5389694,0.061669305,0.100635625,1.32457,0.23280303,0.6797916,0.26411846,0.043298,0.33945838,1.7349327,0.5588982,0.19809331,0.14091265,0.060731094,0.07554745,0.058537833,0.029141713,1.3488822,0.8245502,0.018293865,0.080447085,0.0,1.9499606,1.3232805,0.00011374384,0.6985922,0.66937774,0.33486772,0.8534244,0.6826208,1.1807505,0.0051971665,1.3373598,0.37395534,1.1093423,0.50187993,0.22538678,1.0068775,0.19041555,3.2923446,1.1330727,0.6198275,0.2953212,0.13724796,1.0371413,0.17509829,1.221663,0.042047597,0.22326991,0.013649484,0.005501292,0.46674564,0.055081025,0.21386509,0.04311503,0.0,0.4449481,0.059025723,0.70967555,0.0022666205,0.09686624,0.5393023,0.049964383,0.27955157,0.97006875,0.0,1.7620999,0.041010603,1.4545406,1.0104561,0.37350756,1.1565648,0.5684817,0.023103349,0.0015440435,1.3562142,0.39613947,0.89411545,0.19494821,1.0026438,0.040229756,2.0321572,1.5561184,0.0012023945,0.62927514,0.9264783,0.37174127,0.72974145,0.22542275,0.7309393,0.86503094,0.27453536,0.26980308,0.14375037,0.24082237,1.3216082,0.06051453,0.07121315,0.0054088226,0.6145622,0.09069163,0.0,2.8779228,1.3209203,1.1835229,0.33056235,0.631191,0.215778,0.75354207,0.26485187,0.5902707,0.31697646,0.50725454,0.07995805,0.8916725,0.09355192,0.19333464,1.0670043,0.37898508,0.47705713,0.43558642,0.13372348,0.93055606,0.13142225,0.70233214,0.8748282,0.3596361,0.30096626,1.500469,1.267884,0.13761424,0.04194109,0.43043104,0.48123252,0.45147705,0.40937427,0.86149865,0.899914,0.16978005,0.15235952,0.00020480217,0.20608269,0.22160588,0.79269266,0.764751,0.2177234,0.61290485,0.8299714,0.40408227,0.4432152,1.3648208,0.066951856,0.22608331,0.47577915,0.06902866,0.8135948,0.021972833,1.9120138,0.1538509,0.32684544,0.4497461,0.68190193,0.59037083,0.11453107,0.30235448,0.213999,0.10170986,0.6376829,0.014156588,0.25891,4.147147,1.3056802,0.07403285,0.13673218,0.18195052,0.26679045,1.4875429,0.29290727,0.6119975,0.75541157,1.392153,0.044323657,0.001524874,0.49202287,1.197988,0.7838744,0.56451565,0.27361783,0.90550286,0.7470021,0.0021478115,0.21143357,0.03593926,0.016873697,1.2242519,1.0215658,0.8439255,0.30699602,0.24283934,0.37675974,0.93956286,0.0378988,0.08628824,0.19028339,0.0,0.11671413,0.33768767,0.49194056,0.14267732,1.4736524,0.48614964,0.37565348,0.00818481,0.6814949,0.7329825,0.07066404,0.20435718,0.5349118,1.5842023,0.14598459,1.0159252,0.10690017,0.27308118,0.009337298,0.9027181,5.068407,0.6507094,0.085069306,0.43287984,0.048209675,0.22335139,0.3768171,1.6129192,1.6053983,1.0333934,0.1831089,0.03290244,0.26405463,0.57233524,3.4918704,0.058476117,0.7968085,0.0,0.23073298,0.004500827,0.80588824,0.8882315,0.09973877,0.32534498,0.4933442,0.05203502,0.587894,0.008455664,0.20148443,0.0023646057,0.17697965,0.24814652,2.1540256,0.09863252,0.22941342,0.67925185,0.8415376,0.5541998,1.3397954,0.30239373,0.028079066,0.2277708,0.18753117,0.024855075,0.3251728,0.19176896,0.87879217,1.0457913,0.8968473,0.08526608,0.0628908,0.2318327,0.25918934,1.0069414,0.7020348,0.17109191,0.50145465,0.8291258,0.26082757,0.024890965,0.47385037,0.36788246,0.4083152,0.07068193,0.41249007,0.08581424,0.41453737,0.5133388,0.6530035,0.0014734543,1.0236304,0.4314896,0.19487947,0.21432444,0.15348583,0.6837364,1.0398127,0.009818293,0.16592032,0.17068894,1.912234,0.6509192,1.5009896,0.0,1.1386062,0.37517184,1.0784355,0.66935915,0.49160886,0.17755868,0.45529482,0.0017401874,0.27904576,0.04413336,0.07454348,0.021260621,1.4551228,1.3921415,0.55069345,0.5329173,0.35764205,0.0,0.07742891,1.276271,0.008592267,0.3616958,0.14956304,1.1016253,0.17588577,0.4798306,0.0,0.21779193,0.6858653,0.6769966,0.532393,0.06019338,1.473217,0.60976505,1.838528,2.903244,1.200521,0.35801268,0.20315103,0.7387867,0.030944047,0.38321713,0.21746501,0.23432283,0.2557187,0.165135,0.87979126,2.975401,0.39889,0.006238187,0.09885868,0.7713822,0.2056276,0.6214537,0.11163086,0.35648918,1.4756104,0.1086864,1.2396204,0.2816729,0.0,0.26142678,1.4298385,0.120320484,0.27400848,0.94362646,0.51080644,1.1085485,0.9818202,0.51389134,0.20416185,1.5455002,1.4102755,0.3084762,1.9468757,0.0,0.295627,0.52450943,0.1874084,0.09215168,0.18526015,0.5416478,0.26082972,0.8553241,0.16345268,0.34205046,0.19002558,0.40060797,0.23810098,0.44512627,0.08047149,1.090259,0.31581095,2.1329863,0.10083405,0.14974418,0.036506142,0.48324296,0.74243253,1.1573532,0.785787,0.0,0.2403564,0.9640839,0.6629162,0.53730893,0.15274002,0.13677388,0.063273825,0.0567737,0.025671817,0.32462785,0.24607654,3.1848392,0.1715664,0.41132933,0.1590113,1.1027755,0.29795444,0.037946977,0.60927635,0.8416078,0.15633096,1.2689565,all_pothole_images\pothole_images_new_image_762.jpg
0.03473985,0.59073347,0.6587108,0.68312126,1.8111992,0.2316227,0.20833921,0.0688863,0.050235175,0.57320553,0.06782467,0.18454081,1.0762372,2.1400924,0.7086246,0.1997523,0.0017017632,0.09388892,0.2819315,0.73606294,0.25579897,1.1720796,0.37649044,0.899436,0.693249,0.0,0.30405557,2.8195353,0.0,1.218332,0.8019713,0.099319756,1.2129414,0.5930139,0.4721664,0.3197458,0.5189814,0.26794103,0.05504566,0.8820002,0.15010354,0.6264717,0.47724786,2.9342625,0.7764552,0.20298025,0.14856003,0.0,0.60796446,0.77780163,2.76062,0.12738909,0.21350552,0.37178797,0.43328348,0.37363178,1.4654827,0.63423353,0.5140947,1.2371441,0.4969129,1.1566827,2.2091646,0.16732539,0.29870623,1.6260574,0.6388964,0.1357816,0.56648284,0.15241496,1.9614596,0.25707886,0.0634136,0.6594444,0.038865108,0.3221646,0.009178806,0.6626209,0.6543023,0.9298603,0.0665556,0.69603866,0.48484236,2.748344,0.054528054,0.7130176,0.5232532,0.07934326,1.2734091,0.3777148,0.20197512,0.48137844,0.3117691,0.62669116,0.093940966,1.0245285,0.957073,0.5640849,0.87018615,0.18261598,0.31544572,0.67549247,0.7068981,0.64379096,0.73915136,2.390795,0.9075066,0.06259267,0.45522818,0.14417987,0.13488197,2.3572145,0.5815104,0.6659572,3.792738,1.0597299,1.547692,4.8624253,1.1834722,0.9912427,3.4846277,2.3956425,0.4691873,1.6727806,2.576211,0.13265133,0.036911745,0.83220655,0.22993287,0.1008979,0.37784705,0.48290065,1.1661718,0.74848926,0.073411725,0.66287744,0.08841496,0.0,0.35851356,0.756764,0.91526747,0.038271267,0.12632045,0.7700198,0.07113315,0.48889643,1.30821,0.071277216,0.97314316,0.44661614,0.17731453,0.0996318,1.0486616,0.0032233938,0.8256618,0.11776885,1.4885489,0.32424754,0.10141392,0.006184132,1.5902996,0.44022012,0.1255314,9.134658,0.5239671,0.122231044,1.6400052,0.04433457,0.20481965,0.19630846,0.40134695,0.12679349,0.86262316,0.49170858,1.0721834,0.13479808,0.09164798,0.09965501,0.4120566,0.093582235,0.0772181,2.3325179,0.86074257,0.5393545,0.1586064,0.15425666,1.303979,0.12392353,0.2505687,0.5596924,1.0265638,0.13802306,0.42903218,0.91551095,0.5339265,1.8133556,0.66635334,1.7974452,0.06365269,0.36187172,0.019630432,0.52859634,2.382087,0.66505075,2.0890324,0.1034222,0.1888076,0.09917307,0.32431945,0.274552,0.35389155,0.212861,0.093685985,2.0297751,0.96595293,0.037280288,0.5658502,0.061765026,0.80562514,0.24363168,0.01415533,1.553733,0.26851264,0.18935286,1.1958467,1.9994469,0.761656,0.0,0.21156499,0.08117661,0.6844438,0.15904929,1.7828655,0.089231126,0.06889885,0.16833387,0.13157637,0.04341215,0.008332346,1.5181127,0.002432272,0.036899723,0.003986097,0.09472905,0.20652471,0.004236239,0.76933277,0.02557064,0.09253381,0.3901619,3.0813015,0.042470574,0.20542647,0.20209372,0.035700902,1.7182024,0.05202342,0.37079543,0.54642814,0.08072328,0.27275527,0.45626488,0.4308167,1.772918,0.93119127,0.34487978,0.57454425,0.9106674,0.39882442,0.067703895,0.45703647,0.016150491,0.8196946,0.51831,0.32368755,1.6248308,1.9118516,0.41335467,0.19978704,0.2754325,1.1901807,1.2729402,1.7227824,0.2612147,0.65911895,0.43453854,0.16589662,0.44449297,0.5533623,2.410538,0.030097846,0.0,0.49747646,0.20200132,0.23121604,0.24572527,1.2858897,2.9315248,0.29637888,0.1692743,1.058715,0.70155925,0.6581531,0.57230717,4.523003,0.54927146,0.14023873,0.8604693,0.09289441,0.24618207,0.0015861252,0.88045526,1.6044747,0.20561218,0.03796509,0.30630434,0.3921126,0.18870156,2.0144567,0.38800308,1.0053335,0.13038939,0.5044483,0.0,0.031355307,0.23055318,0.2439019,0.7451844,0.08984312,0.8075692,0.5689041,0.29965276,0.39552912,0.5737828,0.020260135,0.1555278,0.09959089,0.41146064,2.3854003,0.1419765,0.666285,2.6175928,0.061114058,0.019984627,0.27678084,0.062048327,0.0038516538,0.15427612,0.5868941,0.22414312,0.4135483,0.040297277,0.55036944,0.04435404,0.01497593,0.68214226,0.18944989,1.8064998,1.0330919,0.32861447,0.120779425,0.81538606,0.52286166,0.65093464,0.021698829,0.33277377,0.56133807,0.29032135,1.2795384,0.45355028,2.0563025,0.33508837,0.1548412,1.3848542,0.25788212,0.43698508,0.7157295,0.23770434,0.10761512,1.8663121,1.9571751,0.003669251,0.6419843,0.23850943,0.75542355,1.0001223,2.6816335,0.67968076,2.4000227,0.857067,0.37920216,0.44341782,0.50710744,0.4966262,0.96483094,0.5487298,0.08016641,1.0779334,0.06899773,0.59403485,2.6156058,0.19050777,0.19009621,0.2716939,0.026491694,0.17899744,0.8876524,0.49794045,0.053036455,0.47181207,0.30126205,0.4296537,0.4943365,0.038879257,0.19316688,0.0074888454,1.8425459,0.733462,0.048257656,0.020212304,0.004345596,0.58344996,3.2010996,2.9650726,3.1750052,0.46828592,0.47703746,0.28168115,0.09262677,1.2292727,0.7419882,1.2453748,0.5969711,0.37335628,0.7432172,0.5577932,1.0921243,0.90349185,0.31214616,3.3258343,0.13660508,1.3038466,2.4071732,1.6948994,1.2164471,0.35361943,2.4109182,0.099513866,0.016251212,0.059097894,0.88642895,0.2851401,0.80696416,0.6617234,0.03881346,0.6109707,0.5459366,0.8597275,0.40580195,0.0038896997,1.3655393,0.16850734,2.3176162,0.1313569,0.3863045,0.26359695,0.16925684,0.0052079265,0.659773,0.07887092,0.20775817,1.6276672,0.009931226,0.25336945,0.4535282,0.907985,0.41664597,0.060688727,0.21267726,0.08489224,0.4199906,2.963965,1.0084884,0.52101344,0.081743225,0.9205861,1.0639548,0.23061633,0.48408884,0.10200742,0.18591337,0.5423573,0.55800456,1.2447423,0.034537572,0.0,0.8369108,0.012153558,0.6843577,0.09500063,0.008778777,0.23522618,0.41233116,0.9827018,0.15928312,0.032252204,0.0,0.31245556,0.2905027,0.0,0.7180173,0.006123385,all_pothole_images\pothole_images_new_image_763.jpg
0.7325692,0.043141697,0.1258328,1.4528351,1.9367357,0.34828702,2.3181248,0.9346836,1.1101649,0.5533985,0.6542784,0.08762151,0.39818805,1.4924406,1.2924377,0.40742457,0.7130926,0.5206562,1.1648781,0.10123025,3.2919204,1.5199404,0.77247274,0.919261,2.911558,1.1505244,1.4795233,1.3489697,0.31219268,1.131775,0.38352916,0.13633195,0.3363137,0.86617976,0.014819644,1.2948036,0.69638264,1.94805,1.2301672,0.07013284,0.3299753,0.5788504,0.024495453,1.0354394,1.2282385,0.6365037,0.02996965,0.29194748,0.1570909,0.41389325,1.8312913,0.43277186,3.4736154,0.7053096,2.6054957,2.463084,0.22608246,0.23735733,0.89393294,0.06749393,0.02415767,1.7727913,0.43876943,1.4127524,0.47376928,0.9380988,0.59147334,0.21943481,0.5825489,0.63301265,0.56574637,0.07674157,0.4152606,1.3808157,0.3386326,0.46753532,0.10565305,0.24470489,0.44564942,0.2350474,0.2750356,1.5130017,0.9819725,0.6457475,0.512313,0.032394744,0.09416333,1.2470787,1.2260202,0.0016285072,0.6135676,0.034814186,0.12389504,1.191032,1.8084806,0.554739,0.39918813,0.29020426,0.0,0.45606324,0.008812644,0.007699068,0.50505966,2.552976,0.925595,2.871846,0.13157289,0.212082,0.9075152,0.14382894,0.3414035,1.1477536,2.5413203,0.12530895,0.20917284,0.3087919,0.23456977,1.9155905,0.0,1.3114712,0.947524,1.4078609,0.3046239,1.0632691,1.4353563,0.542248,0.64927304,1.2071648,1.0163152,0.4278444,0.18364318,0.18841915,0.36286423,0.039124817,0.7467181,1.5161586,2.5209763,1.2385299,0.21242921,0.460781,0.25717023,1.365026,1.5535909,0.016816067,0.16381505,1.1057019,0.70492107,1.3024863,0.7059701,1.0661879,1.2706366,1.9744997,0.021090683,0.338863,1.5842338,2.9622917,0.21953824,0.96857095,1.9020163,0.42804858,1.7302532,0.38976192,0.600763,0.34916562,0.1903819,1.7867011,0.838424,0.070984855,1.7208791,1.0394691,0.2360709,1.4043087,0.04487795,0.28442138,0.36025512,1.9579155,0.52072483,1.0259391,0.1976902,0.3557434,0.7135437,0.22011739,0.8422616,0.90541977,0.36865118,0.29652408,0.04508604,0.36252198,0.029874733,1.399559,0.43730703,0.4461974,0.9910625,0.8481771,0.2750242,0.18439692,2.073534,0.1648993,0.28940842,3.9328055,1.7099919,0.44311997,2.3284993,1.2849671,0.20957658,0.03162737,1.6121502,0.45679384,0.92718256,2.7279654,0.0549826,1.3074081,0.8771291,0.4689465,1.6406353,2.6085017,0.20352829,0.07057665,0.99676526,0.56764084,1.8040452,0.4001105,0.18845631,0.31946447,0.87255716,1.5835924,0.9702841,1.705116,0.016781896,0.49501088,0.25280023,1.3441697,1.023027,1.3938812,2.3278816,0.5012213,1.1141983,0.39147833,0.025420213,0.8540243,0.65512174,0.75293094,0.9635657,1.0487032,0.8360479,0.70236766,0.11998919,0.042704295,4.0151978,1.5278407,0.57644385,0.16905886,0.19197115,2.2628837,1.7460167,0.16787353,0.2076459,3.324272,0.42097047,1.3273643,0.16571465,3.0099418,0.555945,0.27371678,1.2284678,0.021497115,2.143782,0.31951895,2.756999,0.005647034,1.3162402,0.18008353,2.062834,0.02576955,0.14002824,1.2542915,0.11160744,0.40791976,0.37015045,0.06510656,0.037735444,1.6017627,0.14318062,0.3563767,3.1337783,0.5575144,0.4059101,0.0698869,0.2675098,0.038267422,0.04535588,0.113234,0.48185506,3.0283191,0.1002148,0.38008365,0.891708,0.105589874,0.23635012,5.8803024,0.9196023,0.6410591,0.32689106,0.0007746329,0.028093807,0.27986017,0.028816609,0.3958074,0.93667346,0.021604378,1.5496161,0.85197777,0.112795085,2.0695088,0.52563626,0.17039034,2.1043706,1.6526825,0.15897803,0.21696514,0.12516508,0.2092799,0.79091096,1.7211652,0.103969045,2.1127806,0.37157175,0.95630187,0.74528795,0.70907575,0.41626096,0.4460633,0.5998938,0.6848229,0.21149966,0.18116239,3.1874022,4.176889,0.777844,1.6147614,0.99631405,0.48692974,0.43431568,2.003867,0.79720134,0.34930062,0.14742899,1.4142723,0.3683861,0.27243897,0.0011825248,1.4477022,0.2794961,1.8542649,0.32928553,0.45997503,0.023459721,2.281185,0.13613327,1.4097292,1.187638,0.3257303,2.008177,2.508009,1.4282457,0.13875544,0.7370535,0.8772472,0.7362244,0.4764029,1.4725183,1.491835,0.8304926,0.34534836,0.87238556,1.0240967,0.80256325,0.07929209,0.41439825,0.9023783,0.77453667,0.2900055,0.72058594,0.47088984,0.60622543,1.3651415,0.08913415,0.33749354,0.2921575,1.7932885,0.22296087,0.47957852,0.09844475,0.9071298,0.07997527,0.21027777,2.420051,0.005903686,0.44463238,0.02055758,0.7600532,1.7242124,0.0006542455,0.021878114,0.7464176,0.56880575,0.06447802,0.07913598,0.9819515,0.14648959,2.755201,1.1954641,1.8550519,0.66882426,0.30123976,0.026431361,0.56427765,2.703747,0.78179616,0.45592943,0.3123075,1.953767,0.08632189,2.6236672,0.20989971,0.95042104,0.76812834,2.3577135,0.86982965,1.6302551,1.6813687,0.4703886,0.34955573,0.04192086,1.235893,1.8826166,0.0,0.9134647,0.0648283,0.56021905,1.4124908,0.005024885,0.21743304,0.8265778,0.36634967,0.8066794,0.75133395,2.4888747,0.21767126,1.0373303,0.33578622,0.6718606,1.0485244,0.08980354,1.4699363,1.2769347,0.36794993,0.05891928,0.9543353,0.30183083,1.2958783,0.02607177,3.7974916,0.33632222,0.38472405,0.32373175,0.46362585,0.09055453,1.4448501,0.694259,2.23974,0.746681,0.0,0.31526816,2.104136,2.1358824,0.062549785,2.671061,0.86259264,0.9156643,0.8308781,1.5302726,1.0318822,1.5256027,0.78970945,0.0,0.787724,0.47644493,2.0644653,0.21379864,1.0021278,1.6192939,0.09327248,0.012487094,0.004993044,0.14114581,0.16218348,0.104266204,0.45422497,0.2591529,2.1247098,2.0526783,0.13456689,0.4634092,2.1623664,0.73871815,2.4004805,4.3073673,0.13173705,1.6074866,0.345355,0.008107414,all_pothole_images\pothole_images_new_image_764.jpg
0.36996123,0.90349793,0.17461313,2.7610567,1.3830018,0.24941117,0.7258799,0.566917,0.80901116,0.91450703,0.28118595,0.64120674,0.0,1.4814913,0.117419094,0.58800757,0.054976393,0.07703762,0.083025776,0.9651017,0.7897479,1.5655439,0.45010972,0.99505925,1.148962,1.0211301,0.0022409817,1.6353426,0.124759,0.26968852,0.87164676,0.23537622,1.465786,0.4761685,0.15581162,1.7041408,0.10386569,0.9072502,0.42385614,0.9745728,0.02534264,0.008899754,0.63561296,1.7028211,0.3886107,0.20725349,0.26345393,0.003509228,0.7711863,1.0093507,0.015828088,0.08734338,0.027033068,0.010282729,0.28117248,0.776973,2.4368148,0.0003462902,0.64417374,0.05910948,0.0,0.07184437,0.6740835,0.61708647,0.07849208,1.5730768,1.082772,0.49897984,0.56934786,0.28714266,0.60851216,0.046478692,0.35245362,0.14192455,0.18190812,0.077125385,0.04847088,1.187915,0.3271383,0.65278715,0.106259026,0.61872935,1.034858,1.3826963,0.79324216,0.032406315,0.0028379671,0.047176916,2.6333954,0.51191986,0.36019835,0.14809766,0.18307012,0.049417615,0.46147314,0.023878176,0.3801577,0.80807394,0.4620022,0.10578456,0.1670283,3.0238347,1.2478036,0.079445265,1.0936105,0.21844876,1.0784814,0.3087385,0.49602422,0.8340686,0.034486752,1.0509872,0.23946682,0.28302416,0.86687976,0.5496595,0.71294874,0.603299,3.7911575,1.1390575,0.857432,0.16801094,0.21697654,0.91247743,1.3840419,0.4650024,0.091421485,0.3738246,0.68076587,0.31127924,0.37177315,0.063932665,0.005335109,0.13919416,0.5330444,0.77973515,0.02631275,0.10427492,0.67810744,0.14518231,0.2368878,0.22313812,0.17969583,0.86895025,0.0002405607,1.0640017,0.012264884,1.5393751,0.75337243,0.58752453,0.24986263,0.51174635,0.53171915,0.26731855,2.4363446,0.8304311,0.50004697,0.041729733,1.1823622,0.5701941,0.3089607,1.5001488,0.045553364,1.0142026,0.48894018,0.021532262,0.6327386,0.089345545,1.4810735,1.0805899,0.05074579,0.007259626,0.0,0.039352722,0.7159232,0.049556963,0.13357545,0.19021209,0.030773873,0.28088975,0.08095093,2.7245119,1.1205308,1.9558467,0.532113,1.034743,0.4633227,0.6199147,0.8912514,0.8614703,0.29896003,0.088391,0.005715471,0.8783919,0.6342788,0.6064792,1.3418782,0.4228952,0.40557912,0.20820606,0.40461382,0.6434298,0.25538343,0.7848705,0.7753894,0.57103986,0.5451483,0.50083053,1.0494466,0.13088258,0.0029267578,0.13266438,1.001979,1.5568309,1.4627464,1.0864133,0.75180817,0.117869645,0.1643644,0.34675604,0.34570873,0.14714709,0.041164152,0.71119016,0.0,0.010986129,1.7067903,0.2092268,0.85774463,0.4039597,0.032102976,0.0044227587,1.0371612,0.08834286,1.3159485,0.074995436,2.6212852,0.051417988,0.1910674,0.48725486,0.9808958,0.46704382,0.48616862,0.15402836,0.04140961,0.047460802,1.6147054,0.2424749,1.383415,5.657756,2.9134037,0.15009797,0.15931645,0.9219947,0.046980888,1.1499648,1.2314093,0.33927906,0.56802833,3.3919291,0.00961558,0.26690304,0.59122264,0.48860246,0.40706074,0.09855278,1.2845165,0.07096059,2.678806,0.2728947,0.038179647,0.025101792,0.65655106,0.5326271,0.9413348,1.4966949,0.02069181,0.037439816,0.44650885,0.96485776,0.6665124,0.59890133,0.47000924,0.41798857,0.053054474,1.7412902,0.5100182,0.7141202,1.4913536,0.1349371,0.04164291,0.045882277,0.032104507,2.0644703,0.2406297,0.17548601,0.0,2.2731464,0.28521368,2.0303283,0.25790435,0.3630912,0.27156916,0.17563625,7.390505,0.23951443,0.36254576,0.19861901,0.019347364,0.73699516,0.56861556,2.513623,2.0362248,1.0749301,0.4288142,0.5692155,0.005512898,1.3302271,4.7228026,0.40588573,0.653258,0.053039644,0.3609393,0.19053768,0.075691156,0.2429439,1.1073055,0.08926598,0.03520518,0.4422942,1.714416,0.052574623,0.58466566,0.08716272,0.0,0.12921143,1.7738843,0.36702424,0.41521296,0.38069993,1.6004668,0.1489784,2.4874482,0.24242112,0.9095205,0.15475097,0.41410702,0.13573006,0.33036414,0.42148757,0.20707823,0.49700323,0.09389035,0.21923783,0.09729157,0.11543488,0.60604614,0.8989533,0.98660946,0.6064179,0.39858276,0.22409569,0.5125909,1.0042238,0.0,0.44240975,1.7368764,0.2582674,0.077367395,0.95379966,0.91717577,0.22265936,0.83836955,0.078597985,0.0181882,0.96758854,0.42757264,0.23687366,0.7687073,0.73009646,0.7434761,0.028607337,0.18771905,0.087053426,3.5574183,0.4786351,1.1380183,0.018969512,0.13954382,0.5162827,0.19753908,0.4700469,0.63084805,0.33955345,0.003906561,0.09567043,1.0801798,0.042812776,0.0,0.20754932,1.3166684,0.25045085,0.45470536,0.44028917,0.33049607,0.033607055,0.84729004,0.40110296,0.3772671,0.3643777,0.01890221,0.08234388,0.106540635,0.093895815,0.06440476,0.46729782,0.5595493,0.6738214,0.7759599,0.023290494,1.4974167,1.600693,0.9929897,3.561203,1.1183224,0.5444009,0.56159717,0.27809435,0.13759595,1.5839676,0.3846585,0.12844978,0.49563,0.44877833,0.43722203,2.2217896,0.35250604,0.63475907,0.0537726,0.29354274,0.20844984,0.31840986,0.2894267,0.1314692,0.7636549,0.1632173,0.89888257,0.049231865,0.19411705,0.05035409,2.5059478,0.7611102,0.37733033,1.1600378,1.1731415,1.2820417,0.8332087,0.7643662,0.076666094,1.0878905,1.5300838,0.45967552,0.95775694,0.0279197,1.1635553,0.2558561,0.041010253,0.0902883,0.041752994,0.21142235,0.5143022,1.2763014,0.22257824,1.0748603,1.4849766,0.32699972,0.6167489,1.2813001,1.0081033,0.4265557,0.33959493,2.076691,1.4237633,0.2183423,0.091723904,1.1659838,1.6370049,0.8528451,0.570259,0.055888787,0.73803335,2.3596807,0.85928434,0.23830834,0.098492935,0.1306982,0.06611706,0.20316723,0.11130449,0.12988785,0.18253523,5.3713703,0.3990376,0.08734312,0.4257606,1.2969035,0.6546676,0.49076888,1.0700846,0.610266,0.32402322,0.27923933,all_pothole_images\pothole_images_new_image_765.jpg
1.0866139,1.1848475,1.1867182,2.3508024,0.51968104,2.7177086,0.71300566,0.0072310446,1.9697564,0.6057813,0.7189046,0.86880237,0.39533195,1.1220379,0.98512346,0.8665782,0.04967083,0.17009068,0.62447685,0.48461458,0.7817696,1.4667048,2.6068115,3.200177,0.37244624,0.08252743,0.17199072,1.5047405,0.39248028,0.56784594,0.8162309,0.04229999,1.2689239,1.1422566,0.1957721,1.2079731,0.1308916,0.8807952,0.063150406,0.018842362,1.8925807,0.5916201,0.5400707,0.19797961,0.5904218,0.60816526,0.16057831,0.20117423,1.0459785,0.7931062,0.9716325,1.1633352,1.25768,0.59105164,0.5298844,0.7272429,0.60406935,0.26002935,1.5007818,0.16578376,0.008697667,0.56510806,1.1696029,0.9456276,1.1147404,1.0462371,0.21541558,0.6014854,0.4483052,0.11673791,0.42489648,0.23613052,0.5923284,0.2672702,1.0396175,0.69022775,0.013094926,1.4176525,0.4278116,0.56550306,0.25693676,0.17042032,0.474069,0.24710841,0.44893602,1.4824953,0.58253074,0.36139655,2.4869504,0.12476101,1.1433538,0.5872959,0.094174646,0.6804305,1.0617931,0.43641686,1.5524868,1.005462,0.12952909,0.010082865,0.0,1.105113,0.11287864,1.057125,1.6389313,0.50681746,0.44996384,1.4286271,1.2957684,0.48733014,0.07116715,3.4356613,1.6668762,1.5871187,0.2831255,0.17818177,1.9373088,0.61415666,0.4919309,3.208771,1.3514766,0.84038603,0.3932133,1.7020957,0.814103,0.36635643,0.8379672,1.1568842,0.44438037,0.8134722,0.108934574,0.0489926,0.17644279,0.056664824,0.4528982,1.2074836,0.38832277,1.7372168,0.14495227,0.5676845,0.11541164,0.20514593,0.099744424,1.5516027,0.6407133,1.172876,0.14712197,1.4399887,0.8973239,0.5062065,0.714106,1.3373041,0.43733436,0.3764323,1.7586237,0.62373924,0.54792535,0.27996767,0.87646765,0.9608872,1.5286993,0.5519372,0.07012648,2.5129824,1.0375267,1.4089102,0.18966722,0.16998103,1.6828513,0.93978554,0.13323355,0.0837996,0.22031473,0.1929214,1.3408443,0.9898652,1.2570004,0.007997404,0.23095092,1.2184867,0.020905236,2.5165143,0.9673593,0.8445478,1.9730611,1.0245774,0.07956123,2.5162704,1.0984225,0.9705659,0.77176243,0.4218224,0.53439045,1.9008937,0.16783567,0.6162786,1.7071265,2.5116606,0.9807634,1.5461884,0.94702095,1.9434474,1.0760181,1.5597581,1.0376256,0.08545165,0.8334053,0.047376398,1.0414054,0.48959416,0.19130452,0.013873561,0.76554066,0.30032575,0.7795312,1.8579072,0.6870493,0.42861366,1.4743725,1.3162295,0.9691396,0.9877422,1.3546969,1.463962,0.012447448,0.3921878,3.7382638,0.7361173,0.20935073,0.028228462,0.6282452,0.5805098,0.31220773,1.1544418,1.6688986,0.47042814,1.5321063,0.60703,1.2484169,1.0730423,0.6234802,1.0661291,0.29359967,0.2532229,0.32433,0.4458879,0.8356896,0.5457856,1.3121628,3.135147,2.975804,0.3240085,0.44681525,0.65129775,0.6694506,0.19192286,0.6763389,2.0601022,0.7120875,2.491702,0.709643,0.9937272,0.49676552,0.62530184,0.5934737,1.8339574,0.14491597,1.2482325,1.7922226,0.8982435,0.9124988,0.1855762,0.1905838,0.28380546,0.29824436,0.7244121,0.9528603,0.55141824,0.56028086,0.17517172,0.09466363,0.6666337,0.78069556,0.62487113,0.28571078,1.798695,0.7422387,0.40532967,0.91614586,0.018806547,0.21556036,0.7964518,0.20960127,3.0221562,0.6904043,0.18266527,1.1151994,2.9296854,1.5681454,1.6907959,0.7945091,0.42100728,0.15120368,0.98357356,1.3142219,0.94389445,0.0052502914,1.1916847,0.14480819,0.24103737,0.7773161,1.8522913,4.2092967,3.0123713,0.34356275,1.5352948,0.009485763,0.94950086,0.8993932,0.8896454,1.7929862,0.04828979,0.5570765,0.36578587,0.9634952,0.9749372,0.2773025,0.2614355,1.1247728,0.80636746,2.8132954,1.0566916,0.34639934,0.15065783,0.08812619,0.18074518,0.11865887,0.99427783,1.0658485,0.26241702,0.67786384,0.99120176,2.1657064,0.40481937,0.77027005,0.71508384,1.0084332,0.15147005,0.32028773,0.39837143,0.6754021,1.2501922,0.092523545,1.1679279,0.70755595,0.35241142,0.19391787,0.44865876,0.7543599,0.29586944,1.2410388,0.21457858,2.1801562,0.36069047,0.0005125332,1.1597748,0.96676314,0.8009176,0.4039545,1.144866,1.758744,1.59241,0.58160776,0.36500585,1.5453132,0.68057716,0.2623121,1.4156824,0.6418519,1.1533016,0.2885753,0.3828181,0.26710412,1.7657508,2.3577805,1.0834551,1.7797842,0.08667441,0.2927847,1.9148488,0.32469934,3.0771403,0.85544914,0.69091344,0.031152816,0.84315366,1.2601376,1.6433161,0.6768636,0.113582976,2.3885226,1.5740256,0.7198204,0.17300719,0.15975636,0.10772131,0.72667414,0.3022239,0.1677496,0.41121584,0.24169931,0.98131484,0.8893694,0.4797037,0.155604,0.00012914852,1.1468024,0.7250919,0.15885025,0.7741291,0.5276312,0.89884096,0.3352894,2.2815194,2.1439354,0.13735862,1.9374411,1.7574817,1.2262733,1.5393027,0.73429596,2.230183,0.41500372,0.9956351,0.17676857,2.6650426,0.99306923,2.1649969,0.4762415,1.1330844,1.6996511,0.462917,1.0802383,0.18468027,0.32846048,0.0046868636,1.0979499,0.30955267,1.0515312,2.6714275,1.6816552,0.3190525,0.80472344,1.61751,1.5260412,1.122425,1.4494283,0.25189257,1.902586,2.1552658,0.28073582,1.6790156,2.4482481,0.48302147,0.86195374,0.90139174,0.5802514,0.07419011,0.20096381,3.0172405,1.6015241,0.23516269,0.71839887,0.27039334,1.0564203,0.6029502,1.3015633,2.814766,2.0076294,0.16224606,1.5208964,2.744145,1.5884745,1.2350373,0.2493332,1.5895749,1.1902109,0.24093935,2.445501,0.06830292,0.6105465,1.234953,0.30599698,0.010049021,0.37021974,0.24801277,0.23674536,0.10221036,0.2713525,1.273268,0.37403923,4.0557013,1.5490806,0.55108726,0.75534886,0.90796304,0.035088435,1.1686442,0.11431343,0.7734551,0.32149547,0.47595075,all_pothole_images\pothole_images_new_image_766.jpg
1.201432,0.682251,1.0626506,1.8307897,1.8858395,0.51986414,2.2492795,1.4709682,0.069692545,0.9217658,0.14741582,0.69365644,0.06269715,1.8607442,0.60640234,1.5232142,0.082013674,1.0084975,0.78981405,0.22543564,0.5600933,0.3170047,0.43382967,1.0538633,0.830595,1.3996722,0.6738378,0.91618377,0.3613838,2.484026,0.90882444,0.13802975,4.6259823,0.5938583,0.17957446,1.1785845,0.16884838,1.0164589,0.39723834,2.2534473,0.0,1.1709118,2.185683,3.5239263,0.019766351,1.8500512,0.28430453,0.47906196,0.6804439,0.69944155,0.9081245,2.386948,0.5695996,0.270545,0.20479229,0.17286085,3.9613428,0.029111292,0.28163475,0.053112943,0.0084127635,1.4560313,2.21769,1.4293113,0.12526174,1.3495119,0.12953135,1.3626384,0.30564663,0.3217824,0.8820369,0.29253596,0.54866487,0.21298933,0.68138045,0.7784959,0.66777533,0.98344827,1.5289396,2.8021843,0.41951796,0.18102267,1.6454239,0.2760951,1.9484493,1.0796381,0.037983842,0.13077538,2.1994913,1.2749704,0.9703006,2.2314956,0.02734105,0.031031031,0.23250206,0.54620725,0.81875896,1.371607,1.1080482,0.630741,0.12986654,2.98123,1.1994437,0.18213418,0.41887072,0.2022407,0.7025226,1.7671078,1.676967,0.5996174,1.4908698,1.5942174,1.1828519,0.33956602,1.0657241,1.0583732,1.9191825,0.0320229,0.8934597,0.46495074,0.5906527,0.14711605,0.77265334,1.1080995,0.44436607,0.081962615,0.15811689,1.6458945,0.039411295,0.75321007,0.59816986,0.28175902,1.5166734,0.0021775884,0.5022478,0.41723764,0.22986796,2.362624,0.39735317,0.70150614,0.45491657,0.74082994,0.951084,0.73496705,0.77799755,1.4334022,0.5991283,0.65983534,0.28305873,0.60013396,2.0285327,0.31796736,0.059884567,0.8610631,1.6285478,0.21136811,1.2485338,0.20668148,2.685073,0.07344668,1.0260643,0.21532027,0.33759013,0.030291924,1.0132064,0.24008618,0.8838962,0.0063825394,1.2255319,0.16687414,0.37037075,1.5438615,0.101621345,2.1049228,0.17574827,0.14563225,0.8733084,1.1118914,1.93935,0.10675391,0.14738746,2.0526338,1.5553031,1.9828805,1.3366681,0.11633162,0.7925835,0.11321158,0.72002494,1.7200221,2.7661982,0.0142673375,0.09489808,3.0534968,0.35632172,0.66004413,0.71807307,0.6455564,0.4113148,1.3548864,0.35194105,0.39757568,1.2093408,1.9613787,0.21106376,1.8269893,2.097733,1.6613855,0.48984107,0.1434166,0.037920274,1.2438153,1.6361208,3.9570327,0.36475036,0.17475061,0.85567755,0.058686614,2.77218,0.013955933,0.5715128,0.50251824,0.1708055,0.9803063,0.31178677,1.1931849,1.8915126,3.4300485,0.30486888,1.1048169,1.8717637,1.846237,0.68220145,0.75296694,0.029365627,0.47877252,2.7155805,0.8637956,0.27010682,0.66710466,0.44808608,0.02374414,0.73359126,2.7022805,0.70118463,0.7514855,1.3779141,0.7548249,1.1092576,0.81034374,1.3471345,0.09576949,3.116361,0.96615255,1.384513,1.7838451,2.8035583,0.5648459,1.9428082,2.2923372,0.28014228,1.097551,0.18131183,2.3514307,0.16925628,1.6730247,0.52920276,1.8298064,2.0722954,1.0265073,0.054105144,0.6483995,0.79255176,0.34635207,0.6463877,1.9881059,3.0879679,0.33418253,1.2090867,1.7606508,0.034488183,0.48120582,0.40426463,0.56696874,0.15366061,0.6335419,1.8690177,0.30543774,1.0825233,0.054639563,2.135134,0.3718853,1.4246297,2.1147277,0.14856215,1.245785,0.68382037,0.36164758,0.26202783,0.23393738,0.16210318,1.2265129,0.4828967,0.13897961,1.9274727,1.6716218,0.2586918,1.1915097,0.6097904,0.9636498,0.3958517,2.0571618,0.33757362,0.72598636,0.08080724,0.6239573,0.43959457,1.0857683,0.8654924,0.29536486,1.5684808,0.40754825,0.92050093,0.57194746,0.7112461,0.08396858,0.5127925,0.6541153,1.6732299,0.28383082,1.0598825,0.20759086,0.5409396,0.44953397,0.34132835,2.33291,1.2540921,1.3048464,0.60280985,0.075800456,1.5830542,0.89838797,1.291869,0.13916706,1.741839,0.23540764,0.18450333,0.0,0.16771808,0.06616723,0.649639,1.3291713,3.114651,0.38448158,0.18838905,0.868558,0.6772402,1.8151352,0.6893482,0.42878565,0.7327681,0.4690478,0.4993632,0.6671418,0.07312219,0.046475187,0.7986985,0.3377617,0.2751949,1.2063196,3.9649887,0.053282697,0.7701033,0.10147297,1.2968367,0.7362869,0.029757718,0.46362427,0.86109024,0.04407724,1.3308402,0.107054904,0.109731264,1.3667521,3.5347269,3.852053,3.6383152,0.081933595,0.9762911,0.9175075,1.0316197,0.75686616,0.5656007,0.20005786,0.9267273,0.14689298,2.4903126,0.65094185,0.9456749,0.21159731,0.91374254,1.8729225,0.58253944,1.4004676,0.45034912,0.20269242,1.6610774,2.9817894,0.0761483,0.443157,0.69465345,0.26945361,0.5229277,0.99834126,0.14487442,0.24929619,0.68587464,0.9827542,0.24660352,0.119406156,2.2992165,1.6568986,3.2758648,1.334669,1.0486125,0.35183123,1.4737757,0.7143306,0.40880522,0.32878995,0.0,1.5967946,0.1443643,1.2346665,0.4828863,4.0554013,0.6826364,0.45201206,0.34833455,1.5173556,0.39221463,1.9119047,0.33368528,0.10734841,2.7853234,0.0,1.2950398,1.2369282,1.0004504,1.0642427,0.39542782,0.6420713,0.8272766,1.0878822,0.30708033,1.226455,0.51450765,1.1740237,0.6940475,0.7640756,2.505707,1.5344346,0.83068883,0.2693946,0.11908309,0.75973,0.1048373,0.09607022,0.21850328,1.6713914,0.23732078,0.51913947,0.5977557,1.0494235,1.236246,0.35497463,0.6160972,1.2825003,1.3496399,0.48924002,2.485252,2.7637289,0.56621754,1.0704391,0.09754365,0.18867062,5.7305284,1.9794903,1.3710318,0.07684544,1.2292361,0.749141,0.50082684,1.5024546,0.33640736,1.5170733,0.4936582,0.23183106,0.37719676,0.45152196,0.23452486,3.1414814,0.21068868,1.7750443,1.5225308,0.83213806,0.11352278,1.2191781,0.31774718,2.7590818,0.64362663,0.7218826,all_pothole_images\pothole_images_new_image_767.jpg
1.141417,4.424933,2.1446874,1.978211,1.1836212,0.728649,1.0219756,0.47852582,0.480749,0.94209415,0.742768,1.1543934,0.056960147,0.51064515,0.0472963,0.0647023,1.3137116,0.005225404,0.8185841,0.19680767,0.90108395,0.8260358,0.45280382,3.1614566,0.739181,1.1082534,0.08710718,1.4137253,0.24633004,0.44308603,0.70231736,0.7569873,2.6130757,0.6952195,1.1970956,1.7279907,1.4950247,1.5759339,0.45895734,0.97306836,0.45271283,0.21583138,0.6829242,0.5071585,0.7318248,1.4579124,0.7753277,1.0275637,0.8487853,1.1136177,0.7175983,0.21179791,0.979286,0.15337852,0.29821375,1.4701741,1.048339,0.34188125,1.4360127,0.35757357,0.5939134,0.016560374,0.7077427,0.614918,0.38573557,0.8690638,1.3584516,0.8649536,0.59763855,0.10756361,1.0674269,0.4704954,0.5415478,0.327262,0.18802087,1.4893836,0.72851634,0.9728292,0.026696132,0.15035686,0.8242634,1.9831982,0.594251,0.6837374,1.1754344,0.45558384,0.038728356,0.2566634,3.2471771,0.33338398,0.021177547,0.17408383,0.0063389223,0.42983067,0.12710062,0.40366203,1.2137172,1.4474449,0.24846265,0.5454749,0.29032567,1.2753357,1.6611454,0.46452433,0.7743088,0.043022577,0.18852133,1.2069352,1.1659629,0.21961342,0.46817526,2.970216,1.6622086,0.6550634,1.4545501,1.8742651,1.1837045,0.0,0.43150166,1.7544079,1.5997118,0.62975085,0.53603756,0.8302552,0.014312049,1.2800415,0.92052954,1.7175146,1.1150634,0.6264369,1.3961548,0.37557322,0.23798594,0.047455,1.4606315,1.2036799,0.10743324,0.85140234,1.5963223,0.112765215,1.0316687,0.18082798,0.40731677,0.8676887,0.26302388,1.4627868,0.13396475,1.0631576,0.51057154,1.1317601,1.2681499,2.042239,0.051838104,0.034117952,1.1525819,1.4130684,1.0162722,0.033660937,1.4857095,0.39169544,0.76851374,0.23962256,0.1695456,0.15633354,0.17102607,0.2116118,0.018584171,0.20894969,0.8225323,0.54312646,0.56761205,0.28289047,0.22011656,0.65003395,0.4463417,1.1812282,1.2531672,0.09241281,0.32948855,0.13006678,0.39009,0.99953616,2.0945382,2.5928104,2.0574126,0.8074763,0.19089586,0.33062354,1.5894266,0.43510884,1.4908042,0.42241096,0.833177,0.16926925,2.4046476,0.9495689,0.2847029,0.022385519,1.2467737,1.8396683,1.0030946,0.6558913,0.33844975,0.4350266,1.3712674,0.7921547,0.92328405,0.24111451,0.13155052,0.022206465,0.16112873,0.4971285,1.65745,2.6087916,1.321171,1.297287,0.29608038,0.21331117,1.3083782,0.16918291,2.5154448,0.08704314,0.40524417,1.0157669,0.0,0.3256787,0.7123802,1.8341563,0.9397052,0.8560501,0.5421592,0.13385524,1.8520757,0.03777441,2.0751343,0.021475421,2.1705122,0.015374015,0.017109454,0.019096328,0.19072026,0.3971054,0.18715511,0.7107611,1.060024,0.0439329,2.0782042,0.28355622,1.1855776,3.527941,0.45274657,1.2727864,0.30677962,1.1971508,0.0,0.12044951,2.0774739,0.28301302,1.0802828,3.680284,0.19960561,1.2448004,0.9020387,0.6701372,0.13893212,0.59640044,0.09668644,0.8927233,2.5136638,0.42372262,0.50927424,0.14956918,0.14553548,0.87783265,0.8788499,0.90049034,0.720552,0.659022,0.4287235,1.4858338,0.04237748,0.7633622,0.550347,0.47341287,1.0442101,0.06340285,1.7138753,1.3794181,1.782927,0.022690471,1.3489532,0.22618714,0.050747477,1.1546878,0.41616553,0.43960583,0.43790054,0.005158405,0.9987476,1.6228894,0.12790115,0.34632465,0.64109087,0.19257553,4.8429146,0.5305773,0.0026385728,1.1406242,0.055520806,0.6598373,0.3253666,0.90186197,2.5098917,0.62007445,0.17157835,1.3159231,0.036179822,1.1440045,1.5021273,0.6043089,0.05909706,0.116445206,0.7501727,0.17706464,0.91881967,1.1376104,1.801612,1.0379561,2.6733983,0.30812135,3.3126433,0.7988066,0.73701346,0.09526177,0.0034201962,1.1244166,3.1884453,0.04483528,0.006191907,0.88779116,1.6488594,0.8247749,1.096071,0.6707553,0.87376595,0.7341436,0.4580661,0.14661355,0.8132496,0.33517602,0.3863161,0.72449553,0.0,0.6233952,0.5344219,0.031386327,0.479748,1.2555839,0.4854462,0.5436535,0.87478423,1.2067363,1.0608894,1.1415805,0.04822076,0.7509807,0.3184166,1.8407257,0.11908228,1.5639873,0.61781543,1.6219423,0.9535834,0.09364237,1.7983246,0.39229384,0.20484644,0.10749831,1.2671474,0.5045626,0.9434425,0.481459,0.3030633,2.082487,3.6125457,1.2943628,2.166729,1.6604505,0.89739203,1.0667974,1.4620703,0.21311907,0.20245929,0.3669909,0.012606958,0.5101947,1.5418004,0.5471524,0.27649388,0.27263603,1.1986986,1.4921672,0.16886021,1.4675006,0.16416627,1.162519,1.5850312,0.7276701,0.34736368,0.22630407,0.58512646,0.77581507,0.33609506,1.3529364,0.0,0.9824406,0.6589832,0.48786208,0.87540716,0.51278687,1.9479549,1.8233012,0.7051811,1.8060774,2.0202208,0.8700755,0.5152633,3.4553583,0.47294545,0.9796655,0.5603466,0.08533017,0.3125433,1.0354378,0.2541328,3.9141798,0.68457395,0.60769856,0.92985076,1.6269243,0.9962983,0.5187931,0.7444483,0.3916175,1.26228,0.56587815,2.4000964,2.1127355,1.003289,0.9387887,0.6075541,1.2989713,1.1725286,0.4335887,1.3072734,0.85013515,0.57955945,0.8026741,0.13715686,1.2243314,2.1093845,0.38183886,1.9556847,1.649734,0.86383545,0.7817818,0.660084,0.125535,1.2327422,1.6329906,1.5321708,0.49531236,0.741681,0.48546514,1.2728677,0.004253701,0.19147308,1.024953,0.8431269,1.2836509,2.5045059,2.5916233,0.8457654,0.7002765,0.20355377,0.026543219,2.0904036,0.27840868,0.16588995,0.012834992,1.3179059,2.9295726,0.20890982,0.31563082,0.13297285,0.2729025,0.16552678,0.10884933,0.5884297,0.6305399,1.107079,3.0078287,1.1239566,0.73236144,0.67903274,1.4887416,0.45564556,1.4064796,1.251735,0.6466062,0.059178658,0.0,all_pothole_images\pothole_images_new_image_768.jpg
0.64338094,2.9311798,0.32487127,1.6596609,0.83926594,0.9740688,0.43593448,0.25380775,0.32640576,0.570055,0.047056943,0.5969682,0.433534,1.6386449,0.34896827,1.5323455,1.0774986,0.05188376,1.2458638,0.189532,0.008623348,4.4694138,0.53810865,1.9728236,0.23297983,0.23395328,0.04687701,2.1942487,0.2827408,0.5526446,0.27847448,0.21048498,0.34053946,0.17149279,0.5519831,0.30742115,0.60352117,0.037860915,1.1890322,1.0663278,0.13979723,0.07021624,0.19863726,0.22931373,3.1700556,0.058921166,0.38249466,0.0005389999,0.8190481,0.7302005,0.86108226,0.65169394,1.2312324,1.5006174,0.6327013,1.0089875,2.3518507,0.017868813,0.7369387,0.8859442,0.1918188,0.019792693,3.034042,0.19025335,0.40462208,0.61639935,2.7176895,0.2993687,1.8029777,0.27828285,0.5491086,0.8405945,0.033165414,0.08169176,0.67820466,1.2662096,0.3660215,0.6960261,0.38433945,0.25569546,0.08457424,0.5478178,0.10490813,2.416018,1.2965434,0.4820155,0.680804,0.71293217,3.7444754,0.19096437,0.27148476,0.68669814,0.39510018,3.4846735,0.77147037,0.19488992,0.5649289,1.5829684,0.36428237,0.21735747,0.8933635,0.7066348,0.6163583,0.18781173,0.026517974,0.069656715,0.5409201,0.05636576,0.08024992,0.035087552,1.4507594,3.4673295,1.1927655,0.2966704,0.35613942,0.9015087,0.46062493,1.0606194,0.52566713,0.44298482,2.2037213,1.3385154,0.19991115,0.16657491,0.31179655,1.5840311,0.02943108,0.96684676,0.15128842,1.0785524,0.45103267,0.078684345,0.8035285,1.7668092,0.73925513,0.47714475,0.44412184,0.32383114,1.1162615,0.12954359,0.79138595,1.7543626,0.06768665,1.066171,1.6016744,0.6248093,0.5606212,0.14417635,0.73838025,0.697289,0.1410108,0.6399748,0.9400172,0.078336224,0.77899563,0.08677125,0.95797414,0.81065166,0.4433623,0.4691281,1.1648688,0.44070378,0.23982055,3.0766726,0.4403743,0.07380334,2.7027252,0.37093478,3.6915221,0.13872188,0.38539758,0.039134875,1.2456787,0.49227577,2.0553532,0.2703959,0.5617443,0.09014445,0.99685633,0.48723122,1.7059643,0.44549078,1.9286748,0.0100235315,2.2017257,0.19213407,0.2641074,0.06950004,0.35690975,0.956986,1.4983827,2.676498,0.3199955,1.3979396,0.35094386,0.46960595,0.04302743,0.48685688,0.09716833,1.9768982,1.3591626,0.8190046,1.1653051,0.7772243,1.256791,1.3775922,0.1335935,0.08861054,2.1283786,1.4344007,1.0424695,0.3255676,1.9817318,3.6543205,0.23236708,0.8168527,0.4945765,0.12325328,0.25834784,0.30078152,0.46619305,0.30025277,0.40761596,0.5649528,0.028357286,0.27110055,2.0239007,0.0061577884,1.0369759,0.15641907,0.6126948,0.5507877,0.48202023,0.09842435,0.631767,0.20478688,0.53255993,0.09867516,0.069642395,0.09846313,0.33141378,0.6971152,0.7322794,0.04087381,0.29539222,0.025667287,0.60998887,0.034760267,0.28082684,2.6081753,2.1366084,0.02350247,0.6312877,9.0386406e-05,0.14106978,0.0197575,4.306617,1.0192488,0.86291486,1.5118725,0.7034938,1.2074119,2.2522023,0.09891387,0.4815796,0.47627512,0.51646954,0.41757628,1.6225622,0.18045567,1.2300855,1.9483535,0.25756544,0.108010165,0.8484587,0.7209056,1.3634589,0.9687191,0.33417284,0.49294358,0.2506867,0.5365559,0.27582934,2.191547,2.390798,0.595152,1.2807136,1.061942,1.9144826,0.40295503,0.005284856,0.44641674,0.3405501,0.43528676,0.69785064,0.72505885,1.1928767,0.5013787,0.2505292,0.110645816,0.00051054533,1.2681061,0.26933452,1.6759715,5.685149,0.23138916,0.63472635,1.0352613,1.2250112,0.070778,0.28636968,0.5096187,7.1625934,0.1631419,0.44472674,0.6783314,0.54009485,1.4856038,0.16564532,0.091057695,0.18288004,0.20451674,0.041036926,0.36113578,1.3335749,0.963981,0.19436003,0.69731075,1.2055802,0.8599315,4.292764,0.6958713,0.2808704,0.83964825,0.58619875,0.37480742,2.2245994,0.40245888,0.76933396,0.52229667,1.4662377,1.9363999,2.0666397,0.16978857,0.81754154,0.5758322,0.9338277,0.174967,0.3608279,1.0496317,0.38843372,0.35187483,1.7539825,2.7904377,0.96192294,0.2588,0.50635356,0.77582884,0.7149123,0.03753486,0.0,0.8330618,0.94104767,0.44717094,0.18340299,0.24118204,1.5242449,0.40967602,0.22277324,1.2295235,0.27916268,1.6395526,0.719423,0.04830405,1.6049685,0.872077,0.04629458,0.28023937,0.13532455,1.0812863,0.18561429,0.662125,0.66033584,0.82116705,2.4483361,1.0686256,2.5654373,2.1216419,2.8956568,1.07155,2.2062223,0.06712,0.77352256,0.9236328,0.38974044,0.668384,0.890138,1.670006,0.3694612,0.0775595,1.3916006,0.57862353,0.33407274,0.6882313,0.3736826,0.008672643,0.5292684,1.0716732,0.07227139,1.3538796,0.4503773,0.4509583,1.0561658,0.41836333,0.072180316,0.06678229,0.9728623,1.277396,0.39654914,0.043539975,1.1986747,1.4184316,2.1576166,0.13900279,1.8513746,0.3187721,0.03702042,1.848454,0.83569765,0.1591845,1.7214785,1.2643622,0.15858975,0.89785516,0.09023391,2.6721907,0.8957998,0.46729138,0.14099158,2.2953906,0.8452852,0.15506667,0.76944155,0.051409077,0.45993477,1.126125,3.5577393,0.5842271,0.81006366,1.7828941,0.19318485,0.55933285,2.5994372,0.68785536,1.2312311,1.552589,0.74000245,0.26311207,1.3355916,0.7898058,0.43351302,0.50200254,0.15906654,0.5529686,1.1351233,0.61710507,1.2212728,0.17362088,0.8120852,0.94724256,1.5089307,0.627866,1.065307,0.3063934,0.53466403,0.29334876,0.4132842,0.3056081,0.89498687,0.8436288,1.188861,2.8033073,1.0999507,0.52851343,0.0044895126,0.5953884,0.8558731,0.17761448,0.4132279,0.0068598655,0.82008797,1.9624751,0.20720278,0.014683001,0.34247786,0.683705,0.947602,0.4619414,0.26207927,0.41596338,0.09014071,4.0240545,1.1550522,0.58320516,0.19645305,0.4329668,0.0,2.8748589,0.12959422,3.265983,0.84705645,0.13179158,all_pothole_images\pothole_images_new_image_769.jpg
0.6887172,0.6944451,0.10174262,1.1318934,0.76357126,1.8374001,1.3155639,0.56080216,0.99768436,1.0160264,1.004791,0.6430604,0.6788671,0.13400443,0.6296554,0.07304464,0.0,0.49615556,0.12489629,0.08419623,0.041623272,1.9206865,0.2576064,1.163926,0.14411853,1.2293174,0.6190316,2.1322896,0.61299574,0.41315866,0.56736773,0.0,1.5568925,0.315396,0.30023617,0.27576202,0.20880991,0.7892584,0.8300373,0.7546268,0.9010235,0.016871098,0.39424732,1.9117012,0.6324795,0.0,1.6382792,0.352605,0.69767797,0.4139377,0.12642218,2.0255146,0.1987404,0.006170068,1.0779333,2.0492904,2.2226083,0.6919432,0.19251053,0.016576476,0.014390191,1.0671353,0.84889203,0.7901111,0.6941572,2.9842796,0.66833955,1.1172513,0.11558102,0.9852187,0.2563414,0.0058688447,0.32924536,0.13854478,0.21997836,0.10474987,0.33206964,2.831237,0.10069323,1.0324383,0.3311894,1.1399492,1.5400423,2.9836469,0.62301606,1.8786212,1.2183212,0.15029712,3.750746,1.0444348,0.8045146,2.0924675,0.8911519,0.2872709,0.17689922,0.68492216,0.7118185,0.15987192,2.2626376,0.0,0.4189457,4.3415947,0.00795346,0.5355628,1.3556521,0.5124954,1.6975831,0.24709679,0.69985557,0.84018964,2.9395008,0.3444434,0.7884632,0.062566355,0.0,2.712486,3.0041113,1.0776687,0.55346733,0.84107655,1.220924,0.076213896,0.7330666,0.27836627,1.3999935,0.35895187,1.0058656,0.8176732,2.4581344,0.7934045,0.15078071,0.81317025,0.15357815,0.43223283,0.97716606,0.6252404,0.015519682,0.8230874,2.283731,2.1890094,2.0540874,1.1172915,0.89950687,0.054917175,1.2896672,0.02767235,1.1982828,1.6773952,0.060225155,0.13407719,0.29730555,0.9017607,1.9820285,2.0611193,0.58933306,0.08862356,0.2192295,0.43573362,0.18076089,0.6983129,0.8946058,0.7893141,0.54566723,0.14787222,1.1571602,0.008819071,1.151321,1.0439311,0.4842662,0.053728968,0.90351725,0.003098939,0.3125133,0.8952244,2.6789083,0.03986943,0.73485935,1.709154,0.033485785,1.3201269,0.2691031,2.2080998,4.4356694,0.60697573,4.198946,0.13559455,1.1154137,0.64416236,0.4542093,0.92040545,0.0,0.20801303,0.013946364,1.4513471,0.10007872,0.032793403,0.30223402,2.0971653,0.6631826,0.4834428,0.032066703,0.6249261,0.24478889,1.3284848,0.97015345,0.7449693,0.45214966,0.5868346,0.5005616,0.8060433,0.17223969,0.30507562,0.800406,0.2447073,0.7989985,0.11603737,0.21080166,1.1571486,0.09815831,0.8608552,0.42016163,0.92910236,0.21556035,0.5658912,0.05298941,0.49217853,5.897868,0.79496956,0.38759536,0.0706108,1.2259513,0.6103644,1.5298773,0.5978096,0.7332134,0.68829113,2.0412548,0.24960002,0.07013018,0.22557865,0.691173,0.17622715,0.011804204,0.043343022,0.45810243,0.23177913,0.7856687,1.0512066,0.41556785,1.5156476,4.860012,0.21773861,1.1333816,1.6507086,1.8363525,0.6581628,0.16237752,0.796328,1.6827321,0.066867955,0.49478754,1.0695577,0.072800666,0.2023835,0.3785036,0.69142723,3.2058485,0.45082912,0.28669629,0.092191584,0.41781393,0.7837621,0.8308607,0.5623153,1.97475,1.3876628,0.16329205,0.58263487,0.70479393,1.3606044,1.8274604,0.36059022,0.5443214,1.7819664,0.76807183,2.1235564,0.9734389,0.560731,2.2336602,1.0783461,0.39343035,0.8750834,1.172782,3.1049645,0.7741229,1.5067312,0.122258365,1.0016644,0.45770454,0.23065649,0.13473828,0.6406389,0.0903639,0.49136114,2.666305,1.1069579,0.5752081,0.7924901,0.09415245,0.68238676,0.009296991,2.0844028,1.0763056,0.8140193,0.5678671,0.7393621,0.84425664,1.390474,2.3902018,0.07443603,0.58284044,0.2605597,0.11939139,0.3182567,0.019138409,0.10521636,1.8817801,0.009562316,0.5227281,0.72232586,3.6261892,0.79182637,0.35820225,0.5055039,0.42002046,0.24169385,1.3690498,0.65959704,0.7222793,1.369121,0.1940957,0.2775492,0.55631065,0.5330131,0.7176982,0.0664667,0.7935552,0.50791854,0.04133134,2.4859793,1.1497605,0.6988572,3.1304183,0.75166905,0.7384936,0.48801702,0.563358,1.5330518,0.065986596,0.51152635,0.07001112,0.0,0.98874426,0.30411226,0.80920416,1.0706415,2.0506744,1.9311062,2.198884,0.17261676,2.3811884,0.09164819,1.2677321,0.1798024,2.598222,0.81897986,0.21423088,0.30656075,1.1710093,1.1946131,0.1858284,0.49728465,1.0764961,0.859467,2.9637425,1.0248387,0.7860317,0.0,0.0042664106,0.37830648,1.367868,0.7670326,0.13388367,0.15393901,1.1438832,0.13323209,0.25685248,0.25084952,0.112945184,2.3173323,0.6602544,0.1618698,2.156056,0.1426784,0.39213905,0.6502756,0.98107284,0.12868007,0.12572575,1.438312,0.2535107,0.14160289,0.49242833,0.761022,1.1436611,1.3255042,1.6347762,1.9866598,2.1255147,0.0593603,0.24056652,0.72787786,1.040095,1.5623276,1.2787036,2.7545664,1.6066947,1.2924384,1.0157175,0.030171394,0.70667547,0.22798692,0.75794786,0.009026023,0.32334453,1.4240593,0.31449538,0.4665366,0.95565903,0.024502885,0.24821804,0.59562147,0.4769709,0.07406634,1.4361478,0.33749574,2.0784078,0.20701793,0.11068104,1.6335611,0.4904346,0.28323865,0.0752414,2.0737753,2.0831635,2.3985155,0.54882306,1.7004066,0.035308644,1.2789154,0.04893547,0.83100235,0.90422696,0.009253653,0.53535396,0.24811542,0.37131506,0.61012906,0.77953553,1.4611844,0.5563838,0.35298342,1.0312364,0.86001897,2.8168452,1.3301412,0.67884237,1.4962388,1.379877,0.46915218,0.7791949,2.9865782,0.6465183,0.20658123,0.5670737,1.5675067,4.0667686,1.2267367,1.6977981,0.70526683,0.23141727,0.6263124,0.24914517,1.1638702,1.2483971,0.6857868,0.1530523,0.624323,0.30522776,0.21651179,0.25689232,4.4892297,1.3316046,0.82925165,1.3354915,2.17775,2.1443012,0.29334033,2.0480838,1.0201825,0.43749493,1.4493384,all_pothole_images\pothole_images_new_image_77.jpg
0.7727504,0.120650075,0.5203942,2.051782,0.7683309,0.050461885,1.09109,0.47035435,0.7010977,0.63896394,1.1278566,0.6371085,0.13478628,1.6454475,0.2870289,0.47818264,0.450682,0.43359643,2.3964314,0.06725047,0.32881713,0.13947876,0.6707133,0.8696409,0.09583846,0.6123794,0.87502927,2.1390445,0.55215794,0.04529494,0.22653846,0.07342194,0.10683109,0.07996008,0.16289777,1.8945968,0.13055737,1.6452181,0.86012477,0.067117706,0.3493649,0.6298926,0.52566236,1.1678754,1.1591401,0.6058281,0.7270654,0.14815892,0.34841767,1.2252314,0.019791003,0.93037426,0.3680847,0.5460356,0.27378678,0.5411638,1.2622406,0.12058419,0.006391992,0.28300864,0.30800423,0.34485048,0.090910725,0.4395539,0.95270157,1.4433917,1.3861806,0.047106728,0.6524064,0.09043592,0.19604863,0.864828,0.2131059,0.07372047,0.8732611,0.036906864,0.015173449,0.5116086,0.7537584,0.22551417,0.05566078,0.24428098,0.25454333,0.7097176,0.26841915,0.19881669,0.30784535,0.31499285,0.3070424,0.21703114,0.1247435,0.8312717,0.01578278,0.11462593,0.76706845,0.0,0.9038742,2.6981223,0.09436046,0.2681908,0.08187531,0.8460964,1.0253814,0.0773463,1.0001665,0.011328192,0.96794695,0.7288689,0.17555723,0.33796316,0.14105424,0.46130347,0.41362292,0.9541568,0.6701628,0.05425938,0.12683447,0.0,1.7791642,1.982826,1.7116818,0.3230237,0.045222607,0.5742622,0.20776424,0.31121647,0.30847982,0.12839435,0.5684968,0.07347075,0.021195062,0.42020658,0.8576914,0.5908023,0.2149376,0.3521931,0.2514472,0.9401866,0.2520654,0.13767071,0.44943595,0.079472885,1.1126076,0.120294854,0.16338113,1.3244376,0.0033501242,0.9074578,0.07193184,0.33851528,0.51839197,1.705587,0.029409437,0.025894232,1.527875,0.4689343,0.1256037,0.03956636,0.21563113,0.9020981,0.28912035,0.58680886,0.6850261,0.46667013,0.08134636,0.0,0.8190347,0.06958591,0.50307435,4.9421644,0.025067285,0.023875382,0.09112883,0.0119165825,0.008829352,0.47199702,0.07464412,0.099064484,0.88127667,0.14513005,0.057485685,0.17230734,0.6201145,0.89853895,0.6796395,0.9283545,0.27567446,1.0133778,2.6491704,0.65882576,0.26018614,0.4698122,0.13518779,0.39908034,0.20967455,0.27980664,1.5606135,0.08753707,1.3517789,0.37299392,0.1940882,2.381225,0.2752015,0.14824632,0.002268875,0.24414477,1.3973775,0.10162277,1.41975,0.96572095,0.0,0.5839956,0.7885685,0.554789,2.1184456,2.7136765,0.04558029,0.25639275,0.32258174,0.025374904,0.4695214,0.30896342,0.36381897,0.013093756,0.008272864,0.0076737725,0.7762693,0.8127582,0.82988405,1.5038887,0.35004276,0.0041531622,0.8111248,1.4235907,1.0303518,0.5519954,2.1496356,0.061225276,0.037520718,0.3495861,0.8209677,0.6741921,0.023495264,1.3863903,0.23034415,0.071358696,1.2804232,0.07725085,0.5983403,4.4447875,0.6310849,0.017095027,0.08971985,0.8137271,0.14014283,0.34667298,0.37895474,0.5794337,0.049850512,3.1149466,0.2637859,0.8711163,0.33898404,0.7192779,0.35814112,0.3379814,0.13546495,0.07136588,1.8727491,0.009040507,0.02528496,0.7937083,0.8631918,0.029861169,0.95319784,1.2636696,0.0,1.0692446,0.11442404,0.36485624,0.75128406,0.7583166,1.8072551,0.6368929,0.05355356,0.1716122,1.641089,0.17153047,0.41599846,0.04156565,0.46505448,0.2688039,0.004183656,0.43258107,0.06768387,0.45256346,0.3603311,0.094032526,0.28794506,1.9672253,0.89359856,1.1180974,0.105800696,0.0,5.2589583,0.43893254,0.30739594,0.012599305,0.10724451,0.27460954,1.2471378,0.14292215,1.4712073,1.5371493,1.2381706,0.720341,0.02290562,1.9910667,1.9452739,0.15701707,0.5285716,0.287407,0.22474234,0.0024074917,0.16194344,0.4697545,0.64893204,0.017188393,1.0239346,0.019873548,1.7421808,0.260227,0.520615,0.0027071221,0.4432102,0.4535688,2.9396849,0.777025,0.61885834,0.4146955,0.12177745,0.21385768,1.2474583,1.1264964,0.5465841,0.7362394,0.5296754,0.14689162,0.043631934,0.07657993,0.8658549,0.31195477,0.32650363,0.24941498,0.48516974,0.17611453,0.05944739,0.55566996,0.42993078,1.5786786,1.1524676,0.83898014,0.5564576,0.0144990105,0.09151003,0.30040023,0.32680675,0.018471284,0.32176965,0.22868463,0.9691143,0.06716651,0.8219623,0.43537742,0.0010504198,0.31386122,0.07911769,0.13787262,0.3554216,0.17704216,0.27998528,0.7882206,0.20080881,0.3378158,0.8076705,0.55199444,0.42634806,0.5686456,0.2474446,0.015913352,0.83048415,0.01311296,0.32551426,0.4494336,0.02503175,0.08444492,0.8261205,0.43567523,0.79599303,0.060982186,0.6665947,2.3690836,0.95070535,0.043020185,0.5316958,0.36140597,0.5532962,0.5902696,1.3326768,0.031775944,0.74424857,0.70629007,0.08603123,0.5095642,0.002126727,0.60282934,0.23796844,0.28322518,0.3401702,0.19898918,0.31620467,0.2823874,0.6110082,0.6320607,1.046462,0.047433734,0.1627972,0.24276927,0.08822674,0.10748887,0.22759354,0.037699368,0.370162,1.3877236,0.41600963,1.3443133,0.026550619,0.5359139,0.14310852,0.39834535,0.6141709,0.28276762,0.24387372,0.0033447528,0.42340955,0.057994977,1.1306015,0.49734688,0.4700656,0.859826,4.4273944,0.1821878,1.1692524,0.20555122,1.193626,0.6785145,0.11123686,0.18250872,0.13544235,1.2106173,2.9753957,1.0190185,1.2095832,0.75818634,0.5000945,0.09798722,0.0,0.017989246,0.508927,1.2341238,0.07421558,0.015079014,0.011997046,0.73921514,0.6776456,0.1267605,0.17488588,2.7539585,1.4257398,0.19821475,0.017383285,1.085586,1.1838402,0.35891578,0.16382287,0.21344808,0.058888983,0.032066878,0.39411607,0.0,1.0377859,1.3780564,0.2633359,0.62530285,0.0,0.075689994,0.78934556,1.1394218,1.0146071,0.2379492,1.317567,4.38307,0.40419847,0.7246849,0.32073966,1.8741511,0.94353485,0.9577807,0.17557362,0.81823313,0.0,1.7800357e-05,all_pothole_images\pothole_images_new_image_770.jpg
2.5497754,1.8551087,0.8851152,1.302218,0.78448594,0.12120596,1.1149929,1.3133788,0.42362675,0.04810349,0.07684862,0.08868243,0.14120574,0.39161035,0.115047455,0.07595167,0.70648754,0.17850013,0.5865316,0.8329923,0.2070902,1.3065832,0.6569843,0.27007115,0.54184085,0.4451653,0.44309032,0.29437816,0.25188005,0.15808178,1.0757451,0.6519104,0.0,0.031591523,0.0006580912,0.7559056,0.011793103,0.07601365,1.7571524,0.1387623,0.1487633,1.2133213,0.0,0.042512767,0.286312,0.47311658,0.8372198,0.49593943,0.5167708,0.026591912,0.09206919,0.65516645,2.095159,0.5201579,2.1872668,0.0008754915,2.9628468,0.026375372,0.72325414,0.86268055,0.0013914958,0.23050633,0.9766501,0.31312495,0.40114242,0.85566086,0.04652173,0.7880908,0.118850455,0.49296343,0.0056051183,0.0408093,2.846698,0.02188684,1.1510682,1.3071849,0.4059232,0.5579227,0.97461885,0.16953494,0.04132235,0.0017868683,1.0536356,0.841108,0.123598866,0.5441653,0.19002154,0.12351729,0.994955,0.17332664,0.018582096,0.8923082,0.4044712,0.007947731,1.1761607,0.233692,1.0134413,0.43081436,0.43074724,0.0037583967,0.2757726,0.21350023,0.18202384,0.9764998,1.544041,0.572296,0.3976171,0.32462296,0.25880373,1.5073164,0.089997604,0.26780474,0.5299148,0.41333568,0.0,2.7884665,1.0478765,0.0,0.361079,0.5538815,0.7199042,1.4478853,0.6751608,0.65662557,0.38897443,0.9184288,0.5167087,0.18194576,0.7747808,0.0007363268,0.2475225,1.8659042,0.15928225,0.2299871,0.28426743,1.3250394,0.018139735,0.39904723,0.20911968,0.01994222,4.5133777,0.5149625,1.5726908,1.059583,0.46706653,1.6618246,0.5811007,5.451514,1.0524086,2.7102134,1.0502067,1.1882493,0.0071197003,0.38380992,0.8462163,0.39027968,0.022077346,1.2263856,1.7858725,0.035998583,0.1156671,0.059094176,0.8087292,0.35970205,1.9621731,0.0013911858,0.094836235,0.5014862,0.1959622,1.2328631,1.6238861,0.17233442,0.0,0.23130894,0.7476436,0.4711959,1.4852055,0.046214726,0.04240435,0.2665797,0.26058263,0.173172,0.47656912,0.16650285,2.6310978,0.3049548,0.54777294,0.66126794,0.65420914,1.1712409,1.7390355,0.64923626,0.2704242,2.8053737,0.0,0.03694273,0.092854634,1.3852854,0.7666662,2.5347533,0.20361353,0.0015568716,0.77192676,0.00604354,0.122444,3.023,0.14859304,0.45396146,0.21548998,2.5585604,0.88838226,0.78135335,0.70659184,1.2217999,0.062867746,0.17773852,2.037211,0.043533977,0.3816031,0.6745272,0.04843744,0.0776662,0.17658997,0.28756955,0.38161156,0.0,1.5860204,0.6500495,0.2818117,0.0,0.782129,0.024103053,0.059004538,0.0043290816,0.84461933,0.9368062,0.015267968,0.18443878,1.3604853,0.5787253,0.13188674,0.6063079,0.5085691,0.4298265,0.0,0.33506715,1.6445595,0.05652829,0.51804197,0.45175022,0.79610175,0.7620017,0.06982348,1.6182973,0.31615692,0.1639648,1.4315814,0.05702509,2.2111108,1.446753,0.1525065,0.45503098,1.1980188,0.018244464,0.66706926,1.8933173,0.018403133,0.5953312,1.6932155,0.96854347,0.16251013,1.769155,0.006866398,6.5224047,0.5228948,0.64395064,1.2814296,0.36937654,0.21345012,0.46679446,0.06337013,0.0029592447,0.0,0.45936456,0.50047845,0.57546514,0.018509354,0.07726934,1.0762426,0.0035111308,0.36464718,0.45756114,0.3679239,1.6578524,0.07094475,0.6637562,1.2331358,0.39357764,0.1514137,0.39378962,0.016297264,0.048106387,0.0,0.011848978,0.12596443,0.24075429,0.5940075,0.486642,0.6427179,0.2518699,1.1398526,0.8299464,0.5601724,0.001670034,0.32623333,0.0023383808,0.0,0.02282939,0.46464723,0.72138864,0.004466774,0.21487398,0.0031257053,0.9537003,0.095445134,1.7055131,0.057581156,0.55256855,0.7636224,1.0087348,0.7728174,0.15650994,2.527424,1.5192298,0.07801025,0.020756884,1.0950291,0.06525995,0.0057480484,0.08389144,1.5569122,2.7552545,0.09832074,0.051832277,2.6996572,0.0029052028,0.0,0.38284096,0.044369034,0.48542988,0.65942574,1.3316224,0.9494342,0.0,0.05904045,0.85506505,0.6405419,0.0,0.088175185,0.18211411,0.05850972,0.31290272,0.52312565,2.6709065,0.022631327,0.11763357,1.1500487,0.24018776,0.11921349,1.0683233,2.923392,0.13589448,0.14112017,0.18217601,1.6403815,0.0,0.51135445,3.7414312,0.047198124,0.80418843,0.5800324,0.28808758,1.7432327,1.2269558,5.2414837,0.16213976,0.3686447,1.6273091,1.4006927,1.8588238,0.024245704,2.4628122,0.9403311,0.22911271,0.17199825,0.03261288,0.053068787,0.7281344,0.006362155,0.019163579,0.40194905,4.0769114,0.10266788,1.9673253,0.07677512,0.6421817,0.062220678,0.6767062,0.085699,0.11047056,0.118813895,0.9214246,0.4637401,0.5594744,0.28680032,1.6709579,1.7839564,0.008575957,0.7515227,0.69339156,0.15193644,1.3125656,0.062407747,0.9534214,0.61946803,0.012981726,0.6074093,0.49256328,0.19985056,0.02023622,1.0922852,0.13328114,0.024748767,0.44261393,0.054058418,3.0440145,0.24431396,0.0,0.32129928,0.3176602,0.9764565,0.0019672175,0.046791147,2.131487,0.23522703,0.0021740317,0.26780495,0.009288513,1.1651486,1.2852892,0.46417645,0.07853543,0.19552474,0.076946005,0.014904003,0.01496346,1.9759818,0.5349454,0.23591635,0.7952438,3.152477,2.1569514,0.21898219,0.08383983,3.5618048,0.015695093,0.047196306,1.0464269,0.16066678,3.5169792,1.1220537,0.26082858,0.0005008666,0.56471515,0.883967,2.2584095,0.19527341,0.50417143,0.25081936,1.4588202,1.112596,2.3099396,1.6856767,0.6001646,0.28975976,1.1596363,0.9516585,0.5480853,0.13805468,0.0392689,7.432047e-05,2.7455184,0.13722222,0.0025544537,0.9829794,0.3546428,0.8834979,0.39322332,0.2899356,3.2090118,0.04777673,0.6891277,0.332227,0.4763818,0.0,0.0,0.007242791,4.951218,0.37960497,1.5352001,1.9439392,0.21483289,all_pothole_images\pothole_images_new_image_771.jpg
0.9805218,0.27970558,0.6487035,0.51059806,0.3910904,0.20792046,1.2814336,0.80639017,0.17058162,0.43552902,0.13145024,1.0143567,0.08080817,0.11388718,0.037853405,0.21038999,0.8867898,0.72414017,0.5375298,0.5153422,0.77121234,1.7541875,0.038092285,0.0,1.6956301,0.3096602,0.9118751,1.0045532,0.10254489,0.1954377,0.032741062,0.09343773,1.6716495,1.4419334,0.0,1.5489756,0.0013064763,1.6739498,0.26329258,2.829713,0.015491388,0.43527445,0.010569576,0.55355614,0.39574334,0.48046765,0.012977556,0.05912506,0.13685182,2.157429,0.047738496,1.5928625,0.17676812,1.3923953,0.8147141,2.3235195,1.4717786,0.88629967,1.3283973,0.21676722,0.2637956,0.30213767,0.24200365,0.28863308,0.79213744,2.0714312,0.4698948,0.038997687,1.8565269,0.27613726,0.17532192,0.41540107,0.23072709,0.50084126,0.9253647,0.77954334,0.14514242,0.24718992,0.1745303,0.17069952,0.45603615,0.11950942,0.5580869,0.44978386,0.13985303,0.5413841,0.0046708635,0.6502772,0.38865015,0.6639517,0.06023201,0.21376841,0.032152794,0.506658,0.4795777,0.4727211,0.00059837534,2.2094665,0.4476287,1.2583101,0.70913494,2.1573648,0.5035286,0.017634638,0.08157477,0.68354386,0.1823312,0.53968984,0.042915393,0.07188593,0.030795736,2.7467222,0.40120864,0.3008552,0.52007324,0.13494748,1.3600839,2.7670496,2.4057407,0.84154177,2.17426,0.3511899,0.023945108,4.1024475,0.6320377,1.1668197,0.97974426,1.3051574,0.36652023,0.0,1.2536168,0.29680306,0.08982386,2.4192703,0.04617917,0.7011063,0.14628418,0.1619809,0.44282156,0.6879029,1.0477067,0.25123736,0.37972385,0.21568282,0.28875828,0.79461724,0.58992416,0.06926738,0.2447934,0.9441619,0.29146403,0.07385725,0.14477663,0.017481176,0.3686183,0.14221841,0.61255014,0.36651114,0.3868096,0.17071778,0.5584134,0.79498225,0.12957394,4.554963,0.13649763,0.28020826,0.67421395,0.21522062,0.881056,0.72571623,0.051388234,0.22949168,0.37952104,0.0010462716,0.56642276,0.060555488,0.037503857,0.101614825,1.0899919,0.11412549,0.65744096,2.6579964,1.1343201,2.3605528,0.13330498,0.33166963,0.0988424,0.33201668,1.1434206,0.6436594,0.19419253,0.46712813,0.0,0.7785859,0.029888498,0.27185133,0.5136706,0.06040688,0.081930175,0.06594236,0.066457115,0.3947539,0.15774217,0.11416906,0.83944917,0.2671105,0.862739,0.1839259,1.0307946,0.4048936,0.07938773,0.19449301,0.50114954,0.9645059,0.7792413,0.9745692,0.7310494,0.00057305,0.42544216,0.04865086,0.113788396,1.2590631,0.33305523,1.2073982,0.2547465,0.8653242,0.42411816,0.22070783,0.69268596,0.9145689,0.3206663,0.29850838,0.6632633,0.0,0.039137483,0.13136148,0.3598779,0.045616824,0.1798479,0.23741299,0.07049749,0.35427326,0.05564203,0.00010740354,0.55300254,0.004130562,0.668808,0.06727425,0.99385613,1.2678365,3.1346202,0.7180054,0.6208673,0.19740385,0.5006958,1.5893124,0.55292785,0.46172196,0.31736144,0.62185925,0.015460975,0.16829637,0.73311895,0.9925146,1.2725574,0.23648071,0.18016332,0.15087579,0.5070544,1.3047078,0.02493782,0.002396891,0.44097593,0.7626713,0.47220716,0.7016782,1.164623,0.024966447,0.09933224,0.12137385,1.1919582,0.34599715,0.31783122,0.034859188,1.2263353,0.054669183,0.83755964,0.16080013,0.4837651,0.91765606,0.04852618,0.48227477,1.1418712,0.15102535,0.33507225,0.9411045,0.60855186,1.9043918,0.41854656,0.57589364,0.984086,0.9857392,0.6843537,0.47122714,0.412091,0.1906027,0.27319938,0.19076604,0.40201816,0.54395384,1.0948257,0.560185,0.46047515,0.88115096,0.08942245,0.1985381,0.321311,1.1807516,0.92332363,0.29863656,0.30716375,0.3423185,0.46806455,0.25835547,0.020949086,1.563818,0.16317922,0.3718931,0.35606778,0.0593588,0.028233888,1.2782094,0.33215132,0.64855,0.3450737,1.6957517,0.99633354,1.2055905,0.17739213,0.9841763,0.2393014,0.13444169,0.40874943,0.39358145,0.8475449,0.02092345,0.07761943,0.03731973,0.5559261,0.54685813,0.38632932,0.32670864,0.55689853,0.30862483,0.25096002,1.0461975,0.093346305,0.7552742,2.2519948,0.87941164,0.47945812,0.17806551,0.16996886,0.6135179,0.17329712,0.026040468,1.2843355,0.09650549,0.026162254,1.3209429,2.510491,0.30896032,1.18155,0.30364347,0.11689324,0.022926452,0.23112254,0.13649866,0.039568726,0.1762928,0.6745616,0.13304266,0.29154074,0.008623744,0.69842744,0.96717817,0.790676,0.11549538,0.7263677,0.34550133,1.2938001,0.228371,0.03506971,0.66044986,0.18389219,0.027637828,0.4020044,0.0136736315,0.0,0.097924076,3.0279496,0.29661062,0.118101925,0.27474758,0.19692113,0.2039649,0.38529956,0.3639596,0.9553561,0.19272527,1.079614,0.59844327,0.31623513,1.0077466,0.4121327,0.3568702,0.6785244,0.38521424,0.5909405,0.55499643,2.5184264,0.28653803,0.8497431,0.24116467,3.398096,0.081567764,0.5576754,0.427621,0.08672642,0.61978984,0.60994726,0.019152673,1.0723318,0.4577128,0.49645996,1.5286291,0.48680004,0.077651165,0.03611937,0.9370908,0.02027575,0.17959048,0.3000688,2.2951741,0.28919557,0.13401514,0.96421957,0.68306184,0.00048469592,0.27138957,0.66265494,0.26691878,0.22155952,0.30917233,0.13260952,0.96231216,0.109904096,0.24386743,0.41954884,0.49786058,0.3436646,1.5323822,0.34475482,0.9573722,0.8083669,1.0459056,0.2536204,0.14175463,0.6838357,0.04041016,0.7501834,2.3646605,0.06503763,0.06177129,1.0047821,0.5234405,0.036265425,0.33643776,0.18656847,0.16010371,0.70176303,1.5919342,0.23955087,0.004985675,0.0,0.8001336,0.2640657,0.17053199,0.97782695,0.09611649,1.923394,0.63934696,0.32321212,0.09728654,1.0306128,0.16304815,1.068463,0.098675825,0.65122586,0.1901447,1.0510671,1.73251,0.589695,0.050520204,0.9751387,0.11025707,0.089981444,0.17622887,0.17233926,0.39991024,1.2260785,0.68340516,all_pothole_images\pothole_images_new_image_772.jpg
0.07849034,0.45789096,0.4661911,1.5645617,0.07680262,0.0032247507,0.8732387,0.0,0.24534786,0.73732287,0.6171998,0.14510304,0.088601924,0.88367087,0.0,0.4632804,0.035418842,0.2766165,0.0,0.3756077,0.114170425,0.75639784,0.07711666,0.4504811,0.360384,0.9632536,0.029572576,1.7095581,0.012165107,0.0,0.4441465,0.05138691,0.18821111,0.53335273,0.537116,0.28120282,0.21385144,0.0,0.9249898,0.0028774252,0.069229186,0.3628405,0.31678903,0.17833494,1.0530103,0.017276771,0.29583174,0.0032797607,0.24644865,0.1310486,0.10173077,0.10967027,0.054054264,0.150994,0.0054778005,0.13074039,1.5502453,0.18105197,0.037615646,0.0783399,0.0,0.09634878,1.0036483,0.5479004,0.68115133,0.48921743,0.37752855,0.3933934,0.07986118,0.059743587,0.17093049,0.015786389,0.07715146,0.124498524,0.0,0.13662294,0.0,0.47531924,0.01855974,0.31249434,0.009314753,0.17182802,0.8091784,2.6154077,0.14310735,0.08593631,0.006637293,0.0,1.3965135,0.34351516,0.0,0.0,0.03276891,0.57326406,0.12406605,0.042835888,0.18305983,0.9139186,0.5142873,0.24201024,0.11903191,1.4560736,0.07843138,0.538012,0.1653592,0.0057525197,0.055641897,0.0128041115,0.21278338,0.49422318,0.012927977,0.49671137,0.30152398,0.0939919,0.02443598,0.5650322,0.38832524,0.14027493,2.0252545,0.1600275,0.26516405,0.12146433,0.4122133,0.08667455,0.24439733,0.88207763,0.20705375,0.019502394,0.40131128,0.02119186,0.6188833,0.018012013,0.2562384,0.01712957,0.30097362,0.35353383,0.01325556,0.00047876418,0.5922745,0.111020885,0.3905119,0.92691123,0.5991834,0.23552148,0.07652552,0.028701408,0.07940981,0.23253231,0.12355529,0.013955022,0.3433515,0.15780346,0.0,0.113983855,0.8589242,0.07417626,0.5823452,0.023439577,0.56968343,0.16110948,0.48781693,0.8715882,0.0,0.16481574,0.6845431,0.004458299,1.0935851,0.13929604,1.7450116,0.87323123,0.0,0.06349189,0.0077204,0.27713296,0.535936,0.09802162,0.23670314,0.1311721,0.08540632,0.4954313,0.040030643,0.67321163,1.8564469,0.6261599,2.4467437,0.21351343,0.13276249,0.08084282,0.348891,1.3942993,0.10465121,0.66527885,0.0059739137,1.2222393,0.017416835,0.012202562,0.16915888,0.6085939,0.71674615,0.6524042,0.32396528,0.4856775,0.03632407,0.622936,0.3394975,0.59925663,0.07592785,0.1896808,3.2103639,0.7658661,0.0,0.33681044,0.68285537,0.49763083,0.48548624,0.6492776,0.10106228,0.021663014,0.5598483,0.023487505,1.1737473,0.0,0.29655555,0.13402306,0.0,0.03130396,1.2756693,0.039074555,1.5907414,0.11203459,0.23423989,0.06462882,0.6805275,0.0,0.81609654,0.0033632242,0.94545954,0.0,0.465643,0.3998117,0.54125065,0.09968688,0.16647092,0.09842851,0.0,0.005890119,1.0529416,0.02727158,0.24558751,6.2114034,0.6269151,0.02910994,0.09289144,1.1578304,0.027929436,0.031357083,0.92938524,0.0,0.07312668,1.7700593,0.112554304,0.54077023,0.63589865,0.123064615,0.1113066,0.52019435,0.57474387,0.27704433,2.5521357,0.0,0.1210203,0.0,0.16183966,0.0,0.17378289,0.6869647,0.018239826,0.20656098,0.22029224,0.468069,0.9089561,0.30857155,0.2564244,0.7806839,0.1225708,0.7906876,0.31199458,0.05343743,0.88725054,0.011880801,0.053846523,0.0,0.024558634,1.1977645,0.02051835,0.70240796,0.454715,0.21419483,0.15457179,1.6013734,0.02174089,0.50774324,0.010054438,0.22077224,6.3924375,0.15265575,0.26535597,0.110055774,0.5186544,0.10637567,0.080940016,0.2961393,5.546424,1.8792099,0.23595576,0.6419272,0.0013886237,1.8225867,2.799988,0.112043545,0.58199847,0.032622796,0.042423252,0.2857647,0.269566,0.4395574,1.1370846,0.261716,0.20334455,0.18770944,4.314992,0.0030847085,0.028508322,0.13322084,0.0,0.01882853,2.1849387,0.35314628,0.2843646,0.2301184,0.29302788,0.14303504,2.423099,0.19070514,0.0042905463,0.36466435,0.27324745,0.24176668,0.12206038,0.16883923,0.2151799,0.30910432,0.16165358,0.14182094,0.28292048,0.038076095,0.07696613,0.45667893,0.14082107,0.416157,0.0601108,0.026007773,0.28782403,0.500423,0.013733678,0.055280752,0.5393379,0.2934757,0.35831964,0.6525083,0.13356078,0.2679787,0.17568342,0.0,0.06125137,0.09776854,0.03482353,0.11325283,0.13240701,0.42957437,0.1402026,0.10087185,0.15221128,0.83593786,3.1815686,0.0,1.4837204,0.34968328,0.011838808,0.72908986,0.26379383,0.9177734,0.22000761,0.7211009,0.0003496031,0.33330727,0.025018128,0.22844061,0.06849274,0.26764625,0.18071194,0.24854314,0.20432284,0.103181206,1.4037324,0.020816028,0.5578372,0.56891114,0.0342777,0.095588855,0.032359615,0.088687986,0.10728395,0.42496973,0.027344171,0.08951999,0.7563268,0.9646878,0.4729491,0.0,0.21149059,0.41346556,0.20418894,1.2147758,0.24801737,0.39820728,0.39011192,0.22386335,0.20263627,0.8012674,0.2517279,0.023634579,0.13418098,0.036251646,0.4658846,1.6775932,0.18005294,0.67204285,0.016877985,0.27788648,0.052604984,0.16449344,0.022405,0.046898067,0.06025508,0.045547184,0.30454475,0.4471176,0.0,0.43653667,2.2664003,0.30571675,1.9808446,0.049141925,0.47207478,0.21043049,0.19177635,0.007706828,0.09204685,0.23439758,0.8046914,0.35524353,0.35557917,0.0324395,1.319577,0.00069019076,0.015852816,0.0,0.03370768,0.6976451,0.8557392,0.23076516,0.017475372,0.19290414,0.07215284,0.3819636,0.19589497,0.20839942,0.5081759,0.1125804,0.058208752,0.6713126,2.393934,0.2862933,0.0,0.6951552,0.18105344,0.21117252,0.2292504,0.0054493346,0.21950266,2.5183365,0.07071484,0.0,0.0,0.018470393,0.16849218,0.20292997,0.0,0.0,0.103624925,4.614767,0.20407622,0.303606,0.04712945,1.611023,0.7840079,0.45052174,0.24138476,1.8892462,0.12273023,0.10509234,all_pothole_images\pothole_images_new_image_773.jpg
0.132057,0.026868332,0.07696466,2.5858438,1.1555287,0.54711634,0.0,0.0,1.4337013,0.028869106,0.79055035,0.0,0.23570114,2.4357395,0.06188773,0.296935,0.28310138,1.7131454,3.078458,0.08242858,0.8364315,0.47429517,1.9034816,0.2794356,1.2087911,0.0014027384,0.9912034,2.81637,0.0017851077,0.0,0.14403462,0.019698564,0.041428264,1.3459693,0.040926185,1.3502936,0.9212726,1.1174111,1.4666277,0.099869385,0.0162205,0.008199139,0.31721184,0.6911116,0.04863649,0.88441044,0.1211857,1.1872876,0.32062358,2.1144836,1.0145617,0.31447315,0.7292128,0.18977076,0.32474467,2.771148,0.01045185,1.0113701,0.01437589,1.134169,0.343609,0.0,0.048740324,0.22480771,3.0453084,0.39403945,0.46797514,0.0,0.06471428,0.0015041919,1.7366364,0.056156673,0.15041406,0.0089882,0.58844674,0.0011767772,0.31303337,2.1626587,0.059362475,0.5974699,0.0,0.24153745,0.023844626,1.189301,0.056998,0.0,0.08773846,0.007261625,0.34178478,0.47395098,1.9382246,0.036915675,0.14052953,0.46095797,0.8166342,0.23597871,0.27009156,1.4599192,0.35232162,0.7366775,0.14716494,1.9248401,0.012141605,0.005363807,1.3448745,0.00025276156,0.07570654,1.3617805,0.5315276,1.6996793,0.32647264,0.09948045,0.000681598,2.217398,0.05398106,0.042181704,0.08531768,1.1106646,2.4271066,3.9887564,2.5584424,0.15352392,0.020113124,1.3323959,0.05637483,0.66811526,0.28767675,1.6104763,0.044454202,0.16234395,0.23912118,0.35651022,0.036265593,0.36364174,0.35026893,0.38794154,1.5986727,0.69366366,0.039582886,0.2144757,1.5387481,0.061498202,0.03400106,1.38581,0.120229445,0.6865776,0.022380551,0.12631026,0.01103385,0.2752927,0.08479009,1.58373,0.42546186,0.4713573,0.8619945,1.5972418,0.757983,1.1171479,1.8765103,1.6828504,1.7241752,1.8106552,0.114763945,0.18855631,0.007006677,1.7414609,1.0046442,0.08838512,0.024354715,6.072884,0.030663995,0.0,0.00034176747,0.0,0.31952143,0.15904486,0.049073037,0.14800328,0.012096346,0.014992269,0.051461812,1.8909715,0.008335457,2.2726905,2.2431874,2.6110458,0.5046252,0.31920397,0.3146176,0.027721493,0.08984875,0.25917706,1.8765246,0.0,1.3771847,1.1969329,2.7409294,0.003600121,1.530961,0.0010448387,1.7962842,0.33331403,0.0,0.0071925567,0.35772324,0.17325847,4.246257,0.27942783,1.7323397,0.30242804,0.03662222,0.0091058975,0.14788762,0.10882954,4.5175343,2.7624226,0.0002911363,0.11523228,0.8829864,0.19862011,0.06742548,0.13946764,0.04996062,0.18258725,0.0,0.108539835,0.021771751,0.5449553,5.082576,1.0330241,0.039172903,0.0,0.55109894,1.1966687,0.17309687,0.26893976,2.1016667,0.7340798,1.4105387,0.03423915,4.945149e-05,0.14786641,0.43043396,0.2915085,1.4906161,0.4670329,0.0,0.3797215,0.0,5.653253,0.74545884,0.072121315,0.0,1.2139224,1.10148,0.0,0.045946557,1.166887,0.0,1.6135864,0.87821645,0.62509435,0.41894507,0.08941607,0.026739191,0.21424416,0.86069536,0.5444516,0.67602956,0.20762949,0.16412616,0.0068472154,0.24136908,0.55981773,0.49372482,0.48653036,0.32462135,1.1788228,0.17227255,0.4344058,0.18635827,0.9759801,0.43991932,0.12609078,0.11457484,0.016103819,0.0277238,0.5195308,0.29378632,0.2326346,0.0,0.18177797,0.0,1.450115,0.096944936,1.0649995,0.085268885,0.0019066108,0.71462035,5.7630377,2.218984,0.29207754,0.05656793,0.44340265,2.6124222,0.02540657,0.3747555,0.06954501,0.22441019,0.056834012,0.8596581,0.4264763,2.1763926,6.7796316,1.8402811,0.61719674,0.0026363626,0.9439944,6.711298,0.94091547,0.31151542,0.007719751,3.0306318,1.3712008,1.8421086,0.9189324,0.08868406,0.0,0.17409989,0.0,2.728936,0.39397976,1.0004544,0.28618202,0.072851494,0.0,0.7681885,1.6172544,0.27086255,1.4426676,0.0,0.0,4.223206,1.2445332,0.6568194,2.0375302,0.06712251,1.7926371,1.8712778,0.29942322,0.3004844,0.3646627,0.1293943,1.1035023,0.27297604,0.04716648,0.015747804,2.445197,0.0009023273,2.6442244,0.39280397,1.2707703,2.2778955,0.016351053,0.4277596,0.31788424,0.0262159,1.0469925,0.7619009,0.08745347,2.0447981,0.0,0.16947699,0.037698515,0.0074337865,0.0064455415,0.07265887,0.4343991,1.2572093,0.19228305,1.6158377,0.0075708954,0.041088197,2.510995,0.14888409,1.0154803,0.42075354,0.03210744,0.57752997,0.9490438,0.6639692,0.001045252,0.13796355,0.64777386,0.28280208,1.2223247,0.913797,0.53160524,0.41652903,0.28581214,0.8119535,2.3228061,1.5115435,0.008643299,0.6714183,0.12900293,1.7425157,0.35061556,2.194856,0.0,1.093845,0.21985649,0.5304354,0.23861869,0.0,3.2241185,0.17774686,0.83883554,0.1833034,0.048043635,0.788983,2.176293,0.0,0.39163375,1.465507,0.6992809,0.02561735,0.042319957,2.9460318,0.70168495,1.4199895,0.0,0.71124536,0.51029074,3.011596,0.73769283,1.4405427,1.4656515,0.15737407,0.5062504,1.9624377,0.009057487,0.0019451223,0.83718497,0.026701586,0.0,0.15076098,1.0689522,0.0783185,2.9391773,5.5094724,0.011357902,1.5772651,0.2231301,0.0016320822,0.65603226,0.12583499,0.0065689664,0.025494238,3.4802737,3.6509242,0.10891862,2.115858,0.3194709,0.007668348,0.21486244,0.035864584,0.3480132,0.88381934,1.4170582,3.1256278,1.1844187,0.0,0.27524832,2.4310443,0.0052812877,0.34239328,2.1839795,0.12612422,0.23751947,0.0043585286,2.2382367,0.47346932,0.09073038,0.39877826,0.016921092,0.0,0.0,2.3221934,0.828733,0.87645525,1.2798172,0.12605134,0.68633026,0.34351975,0.34543145,0.0,0.20909509,0.17001389,0.29530594,1.2457482,4.128794,2.9533522,1.4235057,0.94503814,2.0363886,2.3075037,0.07015295,0.6238762,0.034056086,0.0,0.008203451,all_pothole_images\pothole_images_new_image_774.jpg
0.17439051,1.2954353,0.3603295,0.40901822,0.9140561,0.40378994,0.28888273,0.4807281,0.1934067,0.5485146,1.8205099,1.3177549,0.19614442,0.3521739,0.28806674,1.7390615,0.6732214,0.27856836,0.20352224,1.6509508,0.21570809,0.0030734192,0.7656217,1.2672838,0.1672942,1.3326936,0.023152517,1.0494326,0.004494043,0.57533914,0.24701749,0.0,0.13245085,1.0767013,0.0,2.039981,0.38498172,1.0289799,0.20001279,0.09854418,0.2607259,0.79247284,0.32784155,1.2631384,1.0033729,0.66814816,0.240104,0.5796546,2.519884,0.26228604,1.0129865,1.1549776,0.18654366,1.727919,0.40710354,0.41684514,0.7489902,0.22262958,2.403465,0.060440034,8.5279265e-05,0.105580844,2.051394,0.073798,1.5194713,0.4055353,0.69103724,0.4754901,0.38059106,0.0063218917,0.34757715,0.1201611,1.4644758,0.3902574,0.27832365,0.42756596,0.059774414,0.35516882,0.043610238,0.1510489,0.014889233,0.07765147,1.1640089,1.2274859,0.57798415,0.20630828,0.0050423783,0.018238466,1.131602,0.96789944,0.003099282,1.3945116,0.87478137,0.24344857,0.7729112,0.20969632,0.60090584,0.9028098,1.1125408,1.0737758,0.048964854,0.26458701,0.032774027,0.6998805,1.6189601,0.39183795,0.62108815,0.027477998,1.1845415,1.270198,0.01917258,0.5841453,0.03474756,0.24180527,1.1209712,0.19570255,0.31805104,0.45541504,0.8490049,0.7585253,2.1234953,0.65141684,0.12776902,2.2269228,1.9437813,0.8826788,0.5781186,0.4138568,0.23167154,1.499973,0.30554813,0.97594863,0.6650211,0.51999396,0.62125105,0.021943748,0.56534165,0.41504723,0.70184225,0.11396424,0.32128167,0.6767469,1.548454,0.94497913,0.120640054,0.56882066,1.2206489,0.7841166,0.4287257,1.0010782,1.3730958,0.08186558,0.4782757,0.046224553,0.44582802,0.24737158,0.3843149,0.47696266,0.3269267,0.6737043,1.3197756,0.7724146,1.8415011,2.5790339,2.5713112,0.29060414,0.48610893,0.19649573,1.0552797,1.3699175,0.041509073,0.5955167,0.41896352,0.18473886,1.7995602,0.83250564,0.0,0.07582779,0.17266442,0.37978688,0.024125723,1.5741636,1.063949,0.67197824,1.7757722,1.7682588,0.5931927,0.4636451,0.16014628,2.5156577,0.32992598,0.93485445,0.7890393,2.0720377,0.8127182,0.07439893,2.621808,0.35058892,0.7165484,0.8563858,1.086006,0.4326048,0.30966845,0.30616358,0.28579116,0.25684163,0.23505943,0.28424564,0.8734516,1.6155417,0.4308331,0.6154185,0.82798564,0.04215991,0.5173339,1.6162897,0.7587573,0.080822416,0.5083027,0.49986663,0.20381097,0.78530866,0.21212089,0.5751934,0.4525456,0.27196452,1.5503521,0.58771104,1.8621913,1.7584406,0.0136311455,0.035260826,0.28983122,0.074007444,0.6148064,0.23103726,0.7602465,0.58494973,0.30864498,0.4039386,1.3841136,0.3456616,0.17960334,2.5374367,0.113748506,0.29781657,1.3362865,0.41373387,1.5949881,2.2873917,0.2599396,0.5724867,0.049731225,0.06104432,0.41497007,0.590962,0.066863365,0.64735967,0.7312589,1.1250224,0.47491953,0.47951895,0.7498106,1.4812593,1.0709629,0.7045978,0.43095633,0.9894122,1.8181155,0.10555776,0.0360934,0.0,2.0120542,0.32952675,0.4458668,0.99873734,0.07244326,1.1912742,0.20816122,0.066887654,0.052640233,0.514816,0.7384893,0.14043108,0.51133454,0.699897,0.64765465,0.31747335,1.7857305,1.4805069,0.23316476,0.18465169,0.33626193,2.7693052,1.8278245,0.5185474,0.9283175,0.3802648,0.5288694,1.1764106,0.5036522,0.7698568,0.6597365,0.030065099,3.3717065,0.909144,0.07003307,1.2789145,1.0319886,0.5012825,0.18420646,0.45417747,3.508606,2.3872256,1.0861379,0.16398402,1.0925965,0.352172,1.6377453,0.9210732,1.4842261,0.5361588,0.7328994,0.8087189,0.66615504,0.63332045,0.4081405,0.99013126,0.8686878,0.7407245,1.2807153,0.046525992,0.33820626,0.052025735,0.535888,0.84967434,0.34485137,0.49281272,1.5094028,0.3636611,1.2036986,0.23650694,1.4635824,0.84020185,1.3046995,0.49655017,0.012058633,0.33123946,0.5191442,0.3694342,0.0,1.9553106,1.0146573,0.085940585,0.2624926,0.22932087,0.32290828,1.7090647,0.8115469,0.8963964,2.1152139,2.562925,1.2693087,1.702533,0.8227774,0.7242665,1.4541974,0.11467172,0.6214409,0.53610647,0.025443876,0.19364063,0.033391267,0.5504385,0.39870098,0.7944466,1.3759133,0.36615518,0.03236451,0.7751433,0.48302907,0.482391,1.0342,0.69306344,0.98748994,0.358025,1.4118521,1.7737708,0.45874107,1.0232112,1.8489591,0.8963037,0.47441027,0.57861876,0.46674964,0.23541717,1.0792017,0.6804764,0.73299974,0.07873991,0.4759392,0.78849363,0.0014296483,0.4074426,1.8384242,0.074110776,0.40780863,2.143365,0.5042784,1.2551877,0.026166407,0.89132065,0.7962355,0.3596705,0.938399,0.5733136,1.1873993,0.7487096,0.07954234,0.23866437,0.60532385,0.43690848,1.3731475,0.6601009,0.65471786,0.00828351,0.9273151,0.28439844,0.90394604,0.3879797,1.3213236,1.6029295,0.412408,1.2125359,0.70659137,0.7736103,0.3605103,0.59371036,0.44798443,0.16494213,0.7160973,1.6157655,0.4911236,0.22045758,0.2879473,0.19145155,0.82332796,0.28789696,0.116870664,1.063637,2.2481003,0.090858616,1.0256869,0.4102027,0.66520905,0.21369159,0.1129483,1.5530187,1.1172312,0.88363427,0.8875857,0.13661912,1.3453232,0.3365995,0.4500416,1.0575863,1.0633324,0.028025515,0.07883633,0.9292473,1.4459085,0.16916144,0.969202,0.0071705007,7.0469716e-05,0.9928056,1.569662,0.5426064,0.15830296,0.70025074,0.5281027,0.6319488,1.196104,0.48642543,0.2020161,0.51766884,1.3621416,0.37982482,0.66468096,0.7063647,0.6382923,1.0560778,0.73799664,0.076467246,0.13359809,0.33564126,0.49889424,0.09465631,0.18066654,3.8633459,1.5413051,3.5328708,0.6845162,1.1578659,0.71424663,1.1073563,0.48248494,0.70248646,1.8645595,0.36514574,0.30577886,1.697171,all_pothole_images\pothole_images_new_image_775.jpg
0.072855584,0.15487298,0.019589674,1.5341423,0.36454633,0.3735474,0.12098277,2.5815556,1.5749029,0.4736645,0.27784044,0.5164726,0.002951031,0.84410125,0.8372824,0.0,1.2818941,0.11151015,0.11879051,0.0,0.45607325,2.7436628,0.0063368846,0.6749435,0.002216188,0.57059723,0.20542146,1.7257737,1.1585779,0.25524333,1.0769963,0.12855707,1.7443777,0.25964406,0.10977743,1.8238248,0.007158385,0.3552646,0.45689106,0.8613638,0.6806646,1.202083,1.6956998,0.2633174,1.6875414,0.0033119284,0.80755424,0.07430095,2.315371,0.5031219,0.074995495,0.21844237,0.006451383,0.32543418,1.7992021,0.6147088,3.64174,0.8829042,0.944279,0.365824,0.45730558,0.6402214,0.85788506,1.031342,0.2763437,1.3119379,1.8483319,0.016787035,0.6812521,0.85870034,0.9531994,0.08659478,0.010763915,0.26291585,0.21138172,0.04291171,0.06334428,1.9958874,0.14990194,0.27131307,0.67346215,0.56895775,0.0,0.32456118,0.060620792,0.039992563,1.2172508,0.0,1.3258512,0.25894195,0.085128374,2.634921,0.2525174,1.0781267,0.45413768,0.8151597,1.2727422,0.48261634,1.3698897,0.7099603,0.5413789,5.6808085,0.85756266,2.3318276,1.8296876,0.1608349,0.88758457,0.39762792,1.1685888,0.032067463,0.6949888,0.41302395,0.018209016,0.018193524,0.7890239,0.059548408,1.8117844,1.2581171,2.6479828,0.8235321,0.11582411,0.2610428,0.23693989,1.8103667,0.47331727,0.0140462015,0.4508185,0.10881081,2.9216614,0.543797,0.0,0.00080440025,0.2675993,0.1757705,0.39196345,0.71163255,0.23933761,1.3929417,0.58373344,1.5105033,0.5907558,1.537677,0.15371545,0.0,0.25245985,2.4306922,0.02407876,0.1515528,0.008206651,0.6204655,0.10077103,0.05941123,0.33192,2.6293073,1.3860841,0.76487654,0.697024,0.16296822,1.289161,0.4304238,0.45415223,1.8769999,0.91726774,0.008292706,1.1751838,0.023228474,4.154885,0.3402057,2.6296792,0.49488997,0.6631038,0.54205614,0.068249896,0.005153208,0.45510268,2.2340293,0.17339519,0.27352172,1.4437363,0.24684861,0.86895025,0.29272237,0.16259104,0.5908569,0.23533961,1.639147,0.101091295,0.13457952,1.226389,0.35958064,0.22683935,0.2593563,1.1348125,2.4572215,0.24217111,0.39796904,0.51314825,0.28307906,0.71035194,0.95315814,0.4011948,0.44005743,0.079154916,0.11350543,0.406401,0.87801623,0.032324724,0.09856715,1.3276484,2.0906727,0.49834487,0.12641174,1.0418607,1.494033,0.17796119,3.0136957,0.8511913,0.21710065,0.00075364613,0.6341098,0.38187703,0.72123665,0.0010933586,0.16731134,0.11531907,0.16197321,1.7090526,0.9049762,0.11492031,1.2393986,0.02525442,0.5073043,0.15496752,2.2172847,0.85458803,0.7730537,3.730758,0.35951567,0.81488764,0.6871026,0.84376246,0.0,0.80754197,0.42136523,0.64514047,0.17642881,0.5975021,0.12642287,1.1659386,0.28492105,5.2643943,0.12955719,0.40906477,1.5122824,0.82531404,0.06805172,1.9405866,1.15542,0.27619267,3.7971451,0.18826824,0.22353677,1.2244451,0.8362021,1.4029701,0.19730327,0.818509,0.32497332,1.1155914,0.49969354,0.78949904,0.27513158,1.5608718,0.0,0.46986115,0.36173123,1.1802012,0.4567139,1.3414596,0.0025256732,2.9367003,0.0,0.08679803,7.102053,0.023044197,1.9106274,1.4379982,0.0072648744,3.1016636,0.0049455613,0.47794217,0.36100468,0.045289963,2.3774629,1.900582,0.024714814,0.0,0.20086199,0.29338333,0.7590329,0.9390885,0.033846848,0.45634112,0.5899928,0.2874174,0.67245644,0.021955684,0.4049493,0.10537696,0.032775328,0.07983825,2.9405217,0.019908886,0.42692468,0.3665113,0.46795094,0.17494774,1.7089866,0.12070796,0.10530349,1.305179,0.015490561,0.150282,0.57906985,0.56927156,3.2909617,0.74642915,0.0,0.12686704,0.0,0.10601604,0.70296144,0.57149065,0.30708575,0.22470096,1.3358152,2.028765,1.7070905,0.82495105,1.0830207,0.8217815,0.51790804,2.7825265,0.39207482,3.2789454,0.18645148,0.56120133,0.5882774,1.2111648,0.26159284,0.3724611,0.24243794,0.011190356,3.0991418,0.48828584,0.004117759,0.66779417,0.57721865,0.5161105,0.0744538,0.22036396,0.16712557,0.5767273,0.3408043,1.3823521,0.46473432,1.203086,0.64392763,0.027718898,1.7875913,2.5708053,0.17435578,0.31283414,0.017277109,0.025445232,0.7129243,0.42850035,0.001943822,0.12424737,0.71938527,0.09656917,1.3815002,1.2474312,0.7411848,3.7441304,0.8331887,0.56528527,3.02599,0.06231386,1.325957,1.9050981,0.065081336,0.09391222,0.39703032,0.02965626,1.6977882,5.317344,0.24223168,0.20080487,0.28472945,0.022872306,0.4262813,0.046330888,0.031981327,0.72300464,0.22063738,0.21467972,0.0,1.5245448,0.024482513,0.17372565,0.4302698,0.48626965,0.49756193,0.05163441,0.72014654,0.42769024,1.6360545,2.0316925,0.9642885,1.330174,0.9574685,0.17017491,2.944816,1.3671386,0.5410881,1.8960066,0.4415596,0.58464277,1.2573634,0.0,0.026600866,0.02412039,0.13152312,0.0644704,0.38287568,0.08251887,1.6863722,1.087678,0.93301064,0.06332133,1.1274065,0.60695744,0.14653482,0.60257924,0.2094296,0.68293774,0.3826545,1.9819307,1.1130223,2.4384093,1.5541817,0.30203542,0.41698995,1.0191174,0.05910812,0.523297,0.24509177,1.6146278,1.2789947,2.275672,0.43701857,0.0038712488,0.38165957,0.57486075,0.058325123,0.17233334,1.7220412,1.5828071,0.38272303,0.5587796,1.2862301,0.3323827,0.47791484,0.6829491,0.0016981388,0.18438005,2.1157057,0.8469331,0.06471694,0.15573768,0.65931934,1.3066982,0.27047378,0.659594,0.06392763,3.2375462,0.5231053,1.4856844,0.436001,1.764854,1.2709574,0.40350118,0.0013819408,0.009931699,0.11901676,0.7341746,2.0195117,0.010090356,1.7747444,0.0,1.9066312,0.21753003,0.66606164,0.41197997,2.5221095,0.3053435,0.19911844,0.39297116,0.42443442,0.3278523,0.45679006,all_pothole_images\pothole_images_new_image_776.jpg
1.1858124,0.78420407,0.07917169,3.0768864,0.9641803,0.06402562,0.29978874,0.05832118,0.0065394817,0.6457836,0.71963173,0.39353323,0.28631607,4.0084968,0.37522507,0.021170186,0.41744006,0.56350565,0.20824379,0.35153523,1.9798319,0.15513887,1.8091524,2.5691,1.027758,1.31027,0.9357933,1.1244289,0.11147008,0.63559455,1.0327994,0.15374771,0.09251588,1.3307292,0.46082968,0.18672061,0.7470116,1.2901276,0.67283887,0.013329888,0.01280722,0.8662521,1.6496491,2.412105,0.082720816,0.38412824,0.40248573,0.3958298,0.10267936,0.122401275,0.46681446,0.21064427,0.335517,0.0,0.08852206,2.0226748,1.3756841,0.12729284,0.14860234,0.0044749216,0.25766703,0.029308757,0.799544,0.8507586,2.047226,0.47441024,0.42389452,0.0024580448,0.10008728,0.31602687,0.91838104,0.0,0.42545885,0.42806107,0.8206821,1.5653087,0.281465,0.56957835,0.055694446,4.02605e-06,0.3170524,0.29176423,0.3824534,0.35150114,0.29498523,0.046574816,0.13870715,0.3265045,2.0655074,0.3305507,0.72594225,0.23004267,0.38865003,0.6836577,0.014546185,0.5569009,0.63931245,0.4464068,0.48041728,0.9021577,0.0,1.6302599,0.05795258,0.37489,1.9039319,1.174491,0.25928414,0.8398855,0.28411838,0.9167601,0.007306724,0.07406848,2.0280771,2.06458,0.5504533,0.4483212,0.36133632,0.01900295,0.7758318,1.3911391,1.1549001,0.39413503,0.4376,0.7773171,0.40573952,0.078035906,0.93316233,0.3303401,1.4282669,1.1995876,1.3125352,0.0068453234,0.08379777,0.10689263,0.5874493,0.7763784,0.7296027,0.60420936,0.5244185,0.0061779874,0.9159564,0.33947816,1.3369415,1.4171433,0.2485659,2.625047,0.20644872,0.5940524,0.0464077,0.07484359,0.58228934,0.98945045,0.14493789,0.13671595,2.3405645,2.0621998,1.1649841,0.8439036,0.8942391,0.580534,2.8408504,1.1021684,0.029702537,0.44389498,1.1171191,0.35181248,0.4544372,0.47412762,1.9078277,1.4018127,0.24391247,0.005424432,0.1424214,0.08761896,0.35241547,1.7934825,1.8640792,0.16256842,0.25127798,0.08069566,0.15776342,2.654037,0.086997986,0.34017605,1.8637468,0.31781787,0.0,0.9842319,0.42974463,0.34901884,0.13907151,0.6568924,1.0411888,2.3720763,0.15599148,0.3638339,2.0060742,0.6271467,1.1723721,1.2145497,1.0244498,1.4582306,0.4577589,0.5024816,0.5094452,0.27736735,1.1016936,0.31844532,1.2607121,1.138702,0.028203608,0.24110651,0.2506912,1.0004112,2.0304751,1.3221837,0.94102526,0.22245127,0.74450636,0.095435716,1.5663955,0.056397572,0.50228536,0.02474588,0.3574165,0.22656444,1.3620057,0.45985478,1.4981664,0.6184899,0.28760988,0.18433288,0.25594813,1.0124786,0.25923887,0.004041787,1.7421526,0.41340262,0.43351176,1.1676738,0.26878425,0.11623621,0.11605032,0.69971853,0.25704613,0.0,0.61239,0.65502775,1.8860344,4.649777,0.18222816,0.13275126,0.14888403,0.6522079,0.20335911,0.8802176,0.33902872,0.5122335,0.22374392,4.963158,0.99222475,0.84711504,0.5765042,0.021062624,0.25366032,0.57021034,0.53156674,0.46695969,0.9344616,0.33216795,0.032212716,0.08514841,0.9460633,0.20397009,0.12724729,0.4316974,0.22530508,0.18672189,0.52959347,0.6763327,0.5493574,0.6658231,0.31781104,0.28540772,0.56508785,0.45048323,0.9424049,0.45242286,1.0971998,0.01297714,0.33376935,0.09483858,0.44471556,1.9077332,0.1343567,0.45076993,0.842713,0.14740443,0.46138376,2.103144,0.70618933,0.1019746,0.23979838,0.019168088,4.559682,0.7385008,0.01092229,0.0,0.13374998,0.3600442,0.9731616,2.0765967,0.70449686,0.59645104,0.6896563,0.67066,0.2817787,2.1141043,2.5738792,0.3253849,0.76957434,0.03602472,0.4267898,1.1122718,0.2668317,0.31776386,0.20718187,0.29768312,1.2487562,0.13276179,0.5418651,0.1005112,0.12251012,0.18517233,0.032695975,0.15613098,1.5687003,1.280507,1.2785993,0.58672297,0.506264,0.46709862,1.5291047,0.25371447,0.024284784,0.2896716,0.5459841,0.5272758,0.24642263,0.22863843,0.21418911,0.3206991,0.3869538,0.19688544,0.21227762,0.2247532,0.31378993,1.9897289,0.38916934,0.5551978,0.60960877,0.2123764,0.810946,0.9887655,0.0,0.0145831555,0.5669039,0.07503489,0.5333023,0.29714265,0.27576432,1.2219235,0.49931458,0.17560527,1.325556,1.164475,0.54854226,0.55711246,0.64127976,0.8124184,1.203483,0.23068279,0.20959346,0.95253676,2.1824005,1.9972618,1.0865196,0.5704154,0.08007695,1.3027834,0.14828351,1.3337268,0.053478446,0.2892976,0.21446742,0.66364896,1.1322532,0.9364905,1.1174709,0.47911575,0.21863444,2.2122512,0.5068985,0.9534748,0.7735715,0.3180317,1.171321,0.27486858,0.73938704,0.69911575,0.27614236,0.094509475,0.0059001013,0.05784675,0.33531123,0.7399537,0.9349355,1.1525481,0.35740584,0.001940916,1.5931424,1.3107276,1.145308,2.2067704,2.2511997,0.38388357,1.903165,2.1063173,2.010192,0.37151873,0.002544614,0.66944057,0.69855106,0.46108824,0.7890449,1.6977187,0.05125434,0.8841233,0.001429963,0.034346048,2.7357793,0.17925465,0.046860877,0.06818693,0.27083093,0.009860134,0.6444264,0.45526776,0.9005642,1.6309923,2.0773048,0.32963076,0.029379966,0.3764084,0.053018477,0.9162748,1.990795,0.06465289,0.5906655,1.1695737,3.2388306,0.63802564,2.0980167,1.215801,1.0204933,0.065299116,0.0,0.005433367,0.535904,0.82452935,0.05141317,0.14963983,0.34782702,0.40464962,1.439331,0.19189784,0.7336963,1.8495713,0.16023266,0.53093576,0.77494717,2.1797671,1.5513138,1.0918641,0.25202596,0.07059392,0.4506709,0.15966888,1.024584,0.038193963,0.5095704,0.12304481,0.24673277,0.10587073,0.30603465,0.0056901895,0.115555875,0.011033652,0.35896668,0.094915934,1.3862438,4.647483,0.24338959,1.033419,0.12946732,0.4244438,1.2301192,2.279848,0.0059132953,2.7445242,0.0805364,0.4510081,all_pothole_images\pothole_images_new_image_777.jpg
0.33578476,0.55638075,0.12805529,1.6197741,0.8579891,1.7298144,1.1380234,0.8280742,0.9809368,0.6494614,0.16274981,0.61394304,0.6010405,1.6994723,0.59016955,1.4712814,1.2767756,0.9052177,0.3190551,1.9966356,0.11979154,0.30168533,0.827742,2.8037508,0.5619581,2.6338184,0.34520334,0.6786306,0.20807445,0.4644075,2.5624871,0.72577465,2.7486632,2.5708358,1.3922348,0.09815446,0.27705088,0.512891,0.43650207,2.4801257,0.8187757,0.6932938,1.4276189,0.06761826,1.4214789,1.1804862,0.4590649,0.68377566,1.6976857,0.61287296,1.1055083,1.1359844,2.2449894,0.42999554,0.17845649,1.0902969,1.5912768,0.5669488,0.88621473,0.5005847,0.0103414375,0.1919184,2.1213114,0.9672286,1.4234179,0.7005865,1.0522994,2.0621545,1.3862641,0.04667191,0.70581985,0.58790904,0.34882373,0.38020667,0.48355606,2.091777,0.43073493,0.5932695,0.67508274,1.6588633,0.2731856,1.3792397,1.7745043,0.22523956,0.77959454,0.5868967,1.5065597,0.4767814,2.0211926,1.3702507,0.8644269,1.3653926,1.3234589,3.3413727,0.54817176,0.13893351,1.3992082,0.77331513,0.75401026,0.048261315,2.1702864,0.32976428,2.0684645,0.82912636,0.5330201,0.50419325,0.74108356,0.7470987,0.9369904,0.14694883,2.1358387,1.9340955,1.0104854,1.2505677,0.9277318,3.8237653,2.1999087,0.34617668,1.0470876,1.5605781,1.8329421,1.4381654,0.990604,1.3155935,1.8007672,0.20859845,0.75136614,1.5899746,0.7099881,0.32640374,2.9429364,0.32013714,0.71641326,0.5756096,1.202069,2.3882701,0.13993068,0.29126796,1.2598264,0.24798712,1.0866022,3.5973399,0.3310473,1.486963,0.640268,0.62802535,0.8425459,1.2327257,1.4150957,0.8797456,0.89573187,0.8519222,1.3727145,0.60927534,0.89074516,0.1624178,0.83173394,1.8749218,0.20129748,0.6375938,0.41082457,0.8313668,0.066147625,0.15223694,0.26405132,1.2925369,1.0745906,0.19388331,1.2048836,0.49081716,0.50029725,0.5526461,0.44824857,0.45841873,1.8308661,2.3148656,0.9740191,1.5057044,1.1160638,1.1494195,1.1928365,0.83380693,1.2974048,1.9459333,3.2096703,0.67707855,1.978274,0.08259268,0.08607903,1.7630198,1.3397796,2.5801055,0.45518023,0.77432173,2.398119,0.9064502,0.36411774,0.60366654,0.47637576,3.4646902,1.7672268,1.1501979,0.19151296,2.2285314,0.32486746,2.3551497,1.9836677,0.6929675,1.8557929,2.05832,0.21134499,1.2857599,0.25000945,1.1381269,1.065865,0.20895465,0.6669953,0.8880877,1.4567734,0.44673285,0.03451499,0.878095,0.9934376,1.7750621,1.29454,0.16577533,1.6604645,0.6791712,3.1338918,1.409893,1.521778,0.5958047,1.1570821,0.45364323,1.3920798,0.16080512,2.3833017,0.14483269,1.1526725,0.9063968,0.35113353,0.47410727,0.69456404,0.29230478,0.066960365,2.2975807,1.0702019,1.4479144,1.7439914,2.327156,1.0175241,1.3522364,1.3380784,0.7483842,0.68984175,0.42252222,1.457068,1.000327,0.55485725,1.5592813,0.95026916,0.64709306,0.529725,0.35289103,0.44799322,0.65190667,0.8841075,0.6822777,2.0670776,0.9197859,1.0691388,0.12385531,0.8537764,1.3569504,1.7900251,1.5424733,1.7751206,1.9107525,1.1973474,0.2187712,0.5619985,0.8182004,0.77686435,0.56898713,2.3632572,1.4046718,0.08479329,1.9250903,1.1596125,1.1623052,0.09895012,0.64804876,0.44511366,2.3459136,0.3492998,2.0251353,1.9141887,0.0,1.0090014,1.5149314,0.20754872,0.35455745,1.1144085,0.15876767,3.510662,2.4041007,0.27506655,0.80486786,0.69003904,0.42190552,0.0,0.300501,2.6664479,1.2233226,0.55264413,1.1377895,1.9861304,0.09973181,1.42711,0.88150203,2.0568333,0.5289992,0.42054537,0.7401767,0.6713183,0.37851328,1.0881715,2.9920044,1.3078246,0.25172973,2.9143574,0.0056378543,1.6423194,0.2806327,0.88237244,2.0369194,0.8212762,0.56658083,0.41064668,0.6587675,1.8158743,1.6714172,2.3787,1.3902183,0.4704074,0.6506351,1.9214185,0.7453562,0.71664786,0.5013387,0.8864046,0.08170334,0.7176063,0.73234403,1.0470527,0.55389404,0.11521785,0.3344918,0.6283125,1.3199631,0.6295003,0.28326714,0.0932149,0.80248773,0.31331217,1.3309497,1.0476382,1.616479,1.1343595,1.7277446,0.53268594,0.2530985,1.2192907,0.7280507,0.43825865,2.0016115,0.76485145,0.8956131,0.6680315,1.0820172,0.7093999,1.2187433,0.4522593,1.5999532,1.827434,0.9296266,1.135846,1.3117656,0.8202676,0.24854656,0.50861686,0.87092793,1.689536,1.0993994,0.026164066,1.8844647,0.6018807,1.2554489,1.2866932,0.32511634,0.24518467,2.273517,0.728452,0.32089594,0.92666703,0.47777104,1.4736763,1.1589316,0.1161318,1.697455,0.40558133,0.48913956,1.2122408,0.51913923,1.5348493,1.6645297,1.416326,1.7302186,0.266407,0.753803,0.74947166,1.1442833,3.074885,0.20904759,0.30946517,0.24258293,1.4423336,2.2464945,1.703727,0.45821536,0.92829436,0.7039993,0.07341331,1.1242927,0.276692,0.51826286,1.3518679,0.6407234,1.5439281,1.879913,0.6205253,0.5436649,1.2227548,0.057155043,0.21721585,3.0374236,1.4253011,0.72468644,0.5787882,0.85930645,1.1708515,0.5169847,2.256139,0.3888555,0.6215304,0.6720889,1.4804939,0.42863828,0.5441359,0.83133876,0.9827151,2.1149101,1.5219907,0.933164,0.024029704,1.9626747,0.6559051,0.3691839,0.13222703,0.68035656,1.6157384,0.9001218,0.07853029,0.5329036,1.871905,1.5124751,1.7442698,0.32296607,1.9794389,0.25495934,1.5941299,0.1635396,1.2799191,1.6247904,1.2495894,1.4521121,1.9134138,0.44693965,0.6427624,0.64247656,1.088994,1.12186,0.29515955,1.0939105,2.8146272,0.18530627,0.632872,2.6148295,0.58785045,0.6481001,0.18550771,1.75227,0.87417537,0.5134547,1.9193602,1.6372988,0.43999293,0.47964516,0.36774528,2.9936864,0.31911308,1.0010153,all_pothole_images\pothole_images_new_image_778.jpg
1.2172632,1.1337796,0.39791363,1.7435695,0.45975778,0.4012383,0.21237217,0.84580666,0.88166195,0.36837232,0.25950742,1.0166055,0.05208509,2.5456524,0.56926596,0.82837635,0.27316335,0.9405053,3.163077,0.38325766,0.23628001,2.743628,1.1610373,0.48711032,0.4661464,0.99553806,0.49657065,1.4587958,0.5720111,0.551117,0.44469997,0.28014818,1.1954956,0.44693398,0.4151576,0.8197978,0.6791613,0.98336107,0.51887393,1.1836993,0.11050025,0.33557078,1.5112289,1.5564729,0.06992231,1.5373055,0.48350266,0.010060537,1.1268836,0.14344816,1.1748108,1.0648631,0.5108678,0.71503884,0.26999575,0.8003985,1.9794886,0.066733584,2.5765305,0.4872864,0.72281647,0.22159468,0.38430318,0.0,1.3998357,1.9599671,1.4305753,0.45627728,0.58694094,0.30795604,0.17578024,0.103954665,0.47773468,1.0624574,1.1048329,2.6688979,0.48370284,1.0369132,0.19468822,0.6706827,0.398555,0.15736179,1.2165326,0.34568456,1.3073583,0.42453033,0.7062093,0.21080767,2.9782052,1.6988038,0.21588862,0.4421003,0.0,0.3411932,0.062314324,0.11412126,1.393455,0.9572531,1.0531071,1.6746287,0.041687537,2.1706862,1.3018852,1.3467292,1.2318137,0.15421438,0.20013194,1.6885219,0.6787916,0.95748377,0.18041353,3.3005807,0.7607193,0.17947231,1.3068981,0.2459507,1.4897711,0.0,1.286327,1.5996139,0.93154955,0.39190462,0.3505899,2.6548424,0.6063376,0.28965345,0.26431462,0.5192764,0.24264796,0.075930975,0.33561707,0.38273272,0.6803458,0.2167587,0.19987793,2.0388238,0.19149783,2.0903769,0.24825022,0.39487472,0.14776784,0.9304132,0.38233998,1.3289444,0.024156842,0.9600657,0.36978647,1.1459169,0.9839361,0.4001116,2.1365802,0.031220447,0.1648078,0.6621958,2.3399942,0.93885803,0.32355422,0.61332554,0.2998235,0.40078557,0.7769318,0.3770298,0.0,3.2564101,1.0837848,1.3199718,0.571648,0.1753551,2.5701356,0.036971,0.18392454,0.27472246,0.27694678,0.2991185,2.3121228,0.07395206,0.12069175,0.008906604,0.11183362,0.0,0.6514395,2.9390523,1.4254651,1.388566,0.86878794,0.36232188,0.43274426,1.2180519,0.23607072,1.7446648,1.5405579,0.05764889,0.011959836,3.0218253,1.7347717,0.072861366,1.5732815,1.295316,0.835165,1.2049322,0.4078569,2.607097,0.9936565,0.10250379,1.5309374,0.32808188,0.6129637,1.4099319,1.2821286,0.43953642,0.22442596,0.48124626,1.1047724,1.5747657,1.4068332,1.176472,2.0082178,0.031396076,0.58763254,0.48059496,1.3141553,0.39250213,0.7241252,2.6470494,0.8788763,1.7143052,2.3163335,1.4544624,0.7260213,0.43932343,0.11592027,0.9865377,0.18608475,0.0,1.4406577,0.023836529,1.5802693,0.05804721,0.07718768,0.08708615,0.78693604,1.4213558,0.48296237,0.05839298,0.84760904,0.32619253,0.46453032,0.08562075,2.0582426,1.7144909,3.04255,0.7618735,0.028154409,0.3603053,0.16105324,0.19273901,1.5760448,0.1322683,3.273623,3.2003417,0.36501107,0.041311312,0.41392854,0.8371038,0.12568946,0.8204151,0.24338464,0.8670246,0.5857104,0.3292547,0.25706577,0.3629477,0.1474869,0.6327317,2.5440917,0.45474797,1.3555453,1.4422868,0.22940211,1.4812052,0.05321485,0.7720065,0.5480253,1.2398359,0.6255713,0.8682275,1.0203754,0.4040592,0.4970072,0.046186227,1.6104122,0.2620531,1.2136227,0.77589804,0.22869752,1.0501693,1.5483314,0.84915954,0.00087234896,0.21027736,0.019956961,0.4904943,0.04700394,1.2737393,1.6627027,1.030957,0.9972514,0.5935336,0.30871436,1.0883455,1.6146696,2.1710095,1.9973032,0.2261945,0.08382283,0.7538784,0.21636875,1.749881,1.6337771,0.2844368,1.7987872,1.4157273,1.1494552,0.025134249,0.9232053,1.2745155,0.11957338,0.60701275,1.5579662,0.4895589,0.73730606,0.49580514,0.29519767,0.48473972,0.49652332,0.8488559,0.95685995,1.4002264,0.036482528,1.0151738,0.7677084,1.3682553,0.9781385,0.11472928,0.1387316,0.05230737,0.15136768,0.28321686,0.24233508,0.69998854,0.6566805,0.024662785,2.7128794,0.19327623,0.3060667,0.854658,0.50556195,0.45005074,0.9974789,0.4867995,1.1974943,1.4528472,0.36541688,1.6269071,0.8150096,0.89651847,1.4202015,0.015061499,0.0863309,0.1880845,1.9994464,0.5701434,0.0,0.6641345,1.9731071,0.38712528,0.14925167,1.9952191,0.3234375,0.16525377,1.6285406,0.22715047,0.30069447,0.45908803,2.2419264,1.053028,1.182814,0.16021709,0.49044612,2.5944202,0.7430922,1.9250522,0.3101238,1.106002,0.33655444,0.11587427,2.1807218,0.295643,0.68000233,0.2669595,4.1027646,1.244583,0.89942944,1.6801789,0.96109706,0.015788686,1.0444463,1.1866778,0.09017039,0.5059902,0.7742237,0.7263031,0.8565956,0.20056237,0.060791574,0.17769317,0.82107186,0.46806,0.8630933,1.4424046,2.892948,0.8120078,4.889483,2.0293562,1.8976876,0.32706514,1.1181077,1.27019,2.7318318,1.1419628,0.0,2.282114,0.28523716,2.1812875,0.24400999,4.972499,0.87255585,0.29718292,0.81743497,1.2267381,0.47600684,1.0098183,0.23700857,0.19884461,0.21301854,0.08170913,2.1602113,0.5370445,0.0389895,0.34284866,0.60647875,0.2948383,0.3315627,1.9383607,0.9038658,2.659055,1.2957989,0.28560403,0.507393,1.1576642,0.46794108,0.3898311,0.59516275,0.012185007,1.5633787,2.3621328,0.22585107,0.49549156,0.19927523,1.1983805,2.5374303,0.1571425,0.50803286,0.26851767,0.44606212,1.217346,0.103481516,0.42907885,0.07845928,0.67142445,1.3094208,3.1863122,1.0127512,0.20306155,0.0,2.5089796,2.5561702,0.12371581,1.0673907,0.65057075,1.1399609,0.5778785,0.10994399,0.59464854,0.66543984,0.2601202,0.82769036,0.12952049,0.35145575,0.5650932,0.56102586,3.7526586,0.4111125,1.5815542,0.7417357,0.3632841,0.008836494,1.2794757,2.010933,2.1419697,0.28859282,1.2769121,all_pothole_images\pothole_images_new_image_779.jpg
1.0315076,0.11370427,0.31037146,0.19243047,0.3259176,1.3127779,1.5682634,1.5709424,3.2967463,2.2483964,0.74976987,0.28419682,0.22169445,0.66186583,1.5182059,0.65569586,0.8092919,0.021777822,0.0,0.5102639,3.5611591,1.7484174,1.4310234,0.0,3.8841748,2.2129993,1.2250419,2.398084,0.71441257,0.9096948,0.052325994,0.23673706,0.1942884,0.83752954,0.0,4.138193,0.72578824,2.8616052,1.0080985,1.0949806,1.7029027,0.2230738,0.025209697,0.77370864,0.019020922,0.25877374,2.8621588,0.339466,0.08169115,3.2514691,0.010576455,0.0,3.6273854,1.2762845,1.2577256,0.61249936,0.02139386,0.0,0.2625128,0.0,0.19992135,0.7992944,0.23431438,2.318091,0.007996458,0.098316446,0.10217333,1.0196868,0.28585267,0.26865262,0.4108832,1.2487957,0.002965386,2.4002922,1.8046851,0.07726461,0.46883127,0.26810783,0.0024930432,0.01758563,0.8866743,2.0607672,0.012424515,0.15736432,2.195528,0.200205,0.30490035,0.056283116,0.0079321675,1.8395371,0.16410504,0.008571005,0.08194088,0.59189105,1.1939145,0.20658946,0.04117931,0.20439819,0.0,0.3308054,0.0,0.22937027,0.2621485,1.1284952,0.07709469,2.6529098,0.48691526,0.020835295,0.15140676,0.5601984,0.8013321,0.6170603,2.146151,0.0014353268,0.33423567,1.0289193,0.37026992,1.0366864,0.00032184846,0.0032710785,0.7152189,1.2124641,0.047579244,1.845448,1.6604164,0.0,1.550836,3.0457175,1.8606997,0.0067243655,0.012957994,1.4574454,0.91364425,1.5268598,0.3491444,1.7398161,2.0726562,1.8876333,1.0266988,0.28045186,0.010884448,0.020978484,1.5656003,0.08122241,0.20051174,1.4326268,1.7230252,1.001696,1.9108765,1.308243,3.2818131,1.0387311,0.9813775,0.12582742,0.4851412,3.6309428,0.009262576,0.4109659,0.8814926,0.5836283,1.1669792,1.3173859,0.09294748,0.5322848,0.32951307,1.5264523,0.0020540997,0.10292655,0.115680225,0.8631669,2.402548,0.645677,0.12782535,0.2684842,0.04846817,1.8293194,1.0861334,0.30407283,0.7812192,1.7908206,0.031573493,0.04751768,0.23657252,0.9630687,1.2588762,0.14712435,0.24840808,1.3812857,0.14941902,0.9264151,0.03253834,0.103313796,1.4293162,0.34241942,0.21898589,1.1285989,3.2204664,0.8541216,0.021020206,0.85595727,0.80381525,0.24183124,3.2971628,0.21237332,1.6298999,0.04291702,2.9268394,0.34280986,0.30968487,5.286133,0.089654036,0.8490586,0.16553666,0.070121564,0.3110574,0.79648435,0.3244766,0.16923422,2.341414,0.3559633,0.62530214,1.1706507,0.07301707,0.11051711,1.6538647,1.4251822,1.5300432,1.3968953,1.3773414,0.28824246,0.38597286,1.2888601,0.2543883,1.6321123,1.6995937,3.064961,1.7051516,0.3806209,0.0,1.975423,0.825002,0.025404068,0.44682187,0.5490644,0.45373005,0.031719387,0.3700108,0.040857386,3.0881522,0.107029796,0.0,2.8842306,2.6512861,0.0019509884,1.0974879,0.05898204,0.6547049,0.14537276,0.26575598,0.5830943,0.055067245,3.1811047,1.0251178,1.1326606,2.7622147,0.0001382773,0.56268424,0.01774388,4.9230356,0.5270716,0.5020595,0.8439173,1.2214592,0.13885415,0.10693787,0.0,0.0022030282,0.94384444,1.4917917,0.092123225,0.0051440583,0.3258362,0.0,0.0076637925,2.1976697,0.0,3.4690974,0.43770573,0.004508646,0.0,1.3068995,0.033282787,0.48663244,0.6242655,0.0,2.778609,1.9399877,0.02243656,0.7513149,1.3899523,2.4774752,2.2520065,2.1647642,0.0151708815,0.7173968,0.0039373827,1.2736661,0.12545298,0.040212817,0.0,1.7684522,0.16835868,0.0,1.724365,0.0,0.055693645,0.6143824,1.2209657,0.18592943,1.1625338,0.63474804,1.2010168,0.9008477,3.1927927,0.035781093,2.0413506,2.3844018,0.33143482,0.31214502,0.8197632,0.28390053,0.38106832,0.32671586,0.07553653,0.16462097,0.0841646,3.1131718,8.077514,0.0,1.987425,0.4130123,1.5234026,0.07527311,2.310003,0.153639,0.28518626,0.9117025,2.351116,0.03249869,0.74781734,0.09577061,3.2047517,0.26702103,0.25103503,1.4776773,0.3282041,0.0,1.3166862,0.043882456,6.008273,0.77768254,1.6934373,0.28368965,3.2323384,2.4954681,1.8783973,0.0,0.033796676,0.74684155,0.049260683,0.34940952,2.6033487,0.3311003,1.2793701,1.2080805,1.0375532,1.3602257,0.61251396,0.0012012647,2.2667308,1.7887436,2.7437081,1.2608678,0.057567984,0.0,1.0268232,0.33244577,0.0,1.1541114,0.28706306,0.0,2.6682832,0.12615545,0.031237466,0.022538207,0.69690585,2.4528482,0.04145638,1.2562909,0.19868457,1.0951488,1.2703682,0.02162176,0.028283756,0.5783877,1.6713808,0.12721197,0.33792585,0.57626784,0.21748348,1.0215094,1.5556519,3.0649183,0.83640397,0.41286844,1.9071231,0.6012714,3.0958831,0.98900884,1.8242829,0.0795463,1.4210261,0.0,0.9368736,0.0,0.07148,0.08871762,2.2669106,0.049676757,1.1143463,0.1428907,0.2802864,0.06275604,0.038718272,0.38298395,1.9443507,0.392949,0.00021129724,0.0,0.8206108,0.44245422,0.040438563,0.2906239,0.10744782,0.39633286,2.9676576,1.5709101,1.5613185,0.0,0.4532793,1.3677195,0.1092624,2.3605244,0.0035908169,2.4777818,0.44761494,2.5813396,0.5175953,0.2124539,0.022313563,0.59789664,0.00373832,3.5874496,0.0,0.51067513,0.27620512,0.46988937,0.14240655,2.7085142,0.6664281,0.3756675,0.8825713,0.033588614,0.08027642,2.0463815,1.3576101,0.8644275,5.7129426,0.026927186,1.3944641,0.2914706,0.43366936,2.1976807,1.9588463,0.8739937,0.08239784,0.8548621,0.8265682,0.09880155,0.0,1.439672,0.5620774,0.27092046,0.0002721163,0.0,0.12882344,0.0,0.4477683,0.30243328,0.0,5.354766,0.20141146,0.21882752,1.4296674,0.6367053,0.82169014,2.6739008,0.032839,0.044490382,1.1571274,2.6328013,0.060656857,all_pothole_images\pothole_images_new_image_78.jpg
0.025149798,1.2181487,0.2836586,0.002372587,0.06503152,0.65380657,0.16581039,0.0,2.4565704,1.3708245,0.30977774,0.26147395,1.2177973,0.37475336,0.29286364,0.22625528,0.0961223,0.021250924,0.4817047,0.20101912,0.26564553,1.7904985,0.00020742379,2.0454106,0.2124354,0.61638266,0.028676724,1.2480153,1.6996216,0.5690881,0.6921122,0.30676794,1.0748684,0.19224891,0.7578433,0.5336672,0.3425964,0.31331253,0.21228485,0.844198,0.6581149,0.13799864,0.31132126,1.7116935,0.5224467,0.23956543,0.03035415,0.9664119,1.1908591,0.20080169,0.98315114,0.68402106,1.4738281,0.10332146,0.39343005,0.3782505,1.8065902,0.9036993,0.62237716,1.436037,0.6804429,0.7869964,0.9868168,0.36094183,0.15592875,0.41537634,0.3646305,0.852845,1.3588064,0.033438098,0.07356821,0.59225243,0.62372434,0.019384144,0.47449398,1.9514524,0.039583325,0.6652301,0.05188631,0.7211471,0.26190802,0.8421863,0.09428514,1.8927517,0.982701,0.9482344,0.39641905,0.7838838,2.4961476,0.75403965,0.4356039,0.44147345,0.05781778,0.14675835,0.97334325,0.2928684,3.0716994,1.1240474,0.45088238,0.030242404,0.97614956,0.348404,0.12617679,0.4920546,0.77893597,0.29990253,0.2504699,0.2918993,0.04291541,1.5444602,0.2997392,2.6784077,1.6297162,0.03747979,0.014534135,0.94771624,3.130831,0.4577917,0.5514106,0.35353258,1.7177193,0.881944,0.38614884,0.35362935,0.3330163,0.5609093,1.2646232,0.28322983,1.6296003,0.7245166,0.48513535,0.3062414,0.21253471,0.40283844,0.09225753,1.5747048,0.06371436,0.3823698,1.0242203,0.4120396,0.051922552,0.84046,0.76501906,1.6266118,0.3972192,0.07293497,0.41858798,1.8080945,0.1765439,1.2078452,0.64386916,0.054816317,0.59389305,0.29457277,0.48542562,0.12542368,0.0971449,0.24817812,0.22125874,1.9659277,1.3625127,0.6452439,0.0,1.6975415,0.009018587,0.31590512,0.2861618,0.17931037,0.7932786,0.4372263,0.19774565,0.94246787,0.49826318,0.23457111,0.7353735,0.69013524,0.66345674,0.0055856532,0.56926316,1.1588385,0.16790143,0.8596655,1.7026027,1.309645,4.650981,1.6048144,0.6770408,0.8648034,0.44621,0.2956162,0.57020783,0.52539444,0.8190649,3.1475651,1.3837143,0.1200087,0.06194862,1.8156825,0.22410335,1.089551,0.033506855,0.8496492,1.3474753,1.1394252,0.7439721,0.5666069,0.20041227,0.2940381,0.39221194,0.7424779,0.06694166,0.6589433,2.1833408,1.6395699,0.2052818,0.35377455,1.6021017,0.5897502,0.77174973,0.62782127,0.9624648,0.92538685,1.1771168,1.3745693,0.30391562,1.2775767,2.0163975,0.59205025,0.72565717,0.28758892,0.18813778,1.1869266,0.29628173,0.38581973,0.54834735,0.756256,0.71893805,0.4339512,0.07862647,0.041085448,1.2381271,0.40179804,0.24004453,0.29366824,0.08735497,0.15731433,0.37317443,0.17395486,1.5124878,2.155102,3.3953128,0.056548044,0.7700234,1.3440659,0.28048345,0.31811598,2.579998,0.15904605,1.6458333,0.21789913,0.0682347,0.7920738,0.8181252,0.01993225,0.5110228,1.1481733,0.023786753,1.1867057,1.5622294,1.1932436,0.41943386,0.25735348,0.0012757257,1.2069077,1.5496126,2.5884113,1.7966115,0.53606325,1.1894009,0.22193606,0.52986455,1.4442204,0.12604038,0.45501116,0.4505262,0.9934983,0.5097891,1.6480287,0.6671072,0.2034592,2.1189609,1.6098018,0.0032356898,0.6464996,0.09265872,0.7282191,0.60139745,0.6232263,1.2322332,1.1148607,0.77021295,1.8493512,0.68690985,0.4040821,2.4607034,0.008441134,0.14213371,0.36565354,0.7719887,0.21655907,0.22994547,0.5128392,2.1610985,1.8913951,0.06680542,1.7196281,0.07284331,0.49730945,0.3599124,0.24688415,1.3677765,0.33570987,0.30839106,0.44366583,0.6740098,2.0827768,2.2233422,0.7868668,0.85018826,0.56160355,4.2414527,0.09348237,0.37596717,0.07666167,1.5060757,1.0735648,1.3347021,0.03816201,0.14639673,0.0807999,0.36228174,1.4918215,1.7480606,0.9206482,1.8981534,0.14285085,0.1553373,0.18118466,2.7326856,1.0672163,0.2555409,1.3845161,0.43817323,0.29121342,0.5233063,0.87442297,0.20705254,0.10823308,0.4353685,1.5136696,0.04397319,0.0071899295,1.8064313,0.1603362,0.2818632,0.21231456,1.6699342,1.1509858,0.7106169,0.5282814,1.9244972,1.0470194,1.0896375,0.26655093,1.6043097,0.008610139,1.5554893,0.23640268,1.118153,1.3905456,0.19124934,0.31634876,2.2508507,2.3252385,3.39965,1.4125612,0.6407718,0.018600285,0.032438982,4.120828,1.2838557,2.7855349,0.37928262,0.9025666,0.040888704,0.43871772,0.9868581,0.5239241,1.0595909,0.030438965,5.1660037,0.63404447,0.19930862,0.51184225,0.09302502,0.07596651,0.3088958,0.13547099,0.09135102,0.0,0.53217185,0.64276385,1.4260372,0.74797803,0.37391168,0.6295405,1.9038191,0.4048321,0.1814927,0.4208855,0.35596612,0.56754434,0.19615784,0.9705264,0.7887294,0.7729454,2.5502415,1.2552991,1.5229192,0.4742138,0.2318057,1.5386003,0.11931573,1.314962,0.5919411,5.550497,2.3504226,1.6425728,1.2720411,1.0606246,0.77832806,0.8875075,0.029247891,1.1067138,0.81804377,0.21621062,3.249643,1.04266,0.7784525,1.4057151,0.7629544,0.761393,0.83270514,0.65444183,0.96218735,1.6139268,0.03610491,1.1328826,0.34467763,1.7947893,0.20217405,0.28923562,1.4796206,0.045369226,0.83517164,0.682115,1.3892504,0.23597822,0.50519633,1.313953,1.4761599,0.03241995,0.29162833,0.6496626,0.27591518,0.014623663,0.09599076,0.78639376,2.0644882,0.43260312,2.641777,1.7918357,0.5450982,0.41952276,0.05148766,0.9595515,2.3574631,0.32430995,1.1385162,0.17961897,0.7956195,1.0483516,0.06857597,0.019494966,0.033747844,0.083667755,0.006857847,1.1501999,0.5539869,0.37154567,0.027321415,2.8199034,1.252038,0.69407743,1.109943,1.8553169,0.8711796,0.3070892,1.266629,0.5087507,2.6922395,0.6348013,all_pothole_images\pothole_images_new_image_780.jpg
0.73021317,0.59464103,0.16101468,0.90721625,0.37122396,0.475748,0.00027797514,0.451013,0.7558345,1.1447062,0.90045506,0.92458206,0.22817366,0.9747999,0.45246932,0.7490737,0.19085845,0.9307537,0.3525908,1.3052839,0.24162218,3.92078,0.057419743,0.4337015,1.6281756,0.61478585,0.22150537,1.768924,0.036625575,0.0025638097,0.6734449,0.0,0.65593565,0.8966545,0.11873297,0.114859745,0.37507233,1.5520931,0.061963357,0.0040292963,0.292864,0.09079065,0.8261379,0.74390143,1.4139491,0.23687817,0.22684698,0.12847811,1.4169354,0.0020673443,0.43314922,0.57432544,0.14346078,2.236735,0.3551824,0.44112805,1.076118,0.0,1.8445126,0.33946088,0.6031662,0.6392766,2.1095932,0.3467244,0.40309218,1.6593897,0.36676815,1.6789966,0.1986217,1.1827267,0.6225998,0.38130355,0.23538584,0.10444849,0.30691597,0.072931744,0.29857573,0.07460272,0.0,0.070072584,0.4879915,0.82257265,0.19813198,1.0072877,0.033970147,0.0,1.1168386,0.6634832,1.3030366,0.4098067,0.58745927,0.60976696,0.8556425,0.54104143,1.6306286,0.093556985,0.9112614,0.20905778,0.7794727,0.7583645,0.5672545,0.39182884,1.2194928,0.07301853,0.011160537,1.0459027,0.17786159,0.33963048,0.549359,0.50146806,0.50695825,0.65013856,0.15337169,0.14613114,0.44678,0.23399876,0.016522499,0.0,0.39876735,1.0892543,5.861387,0.56909716,0.03745901,1.4794568,0.6658921,0.06970134,0.20657793,0.037918743,0.050903883,0.5040019,0.7353445,0.19842163,1.1131598,0.6529302,0.01934312,0.07178367,0.4228937,0.02176477,0.8091291,0.040841967,0.3602885,0.47043017,0.6187354,0.017053036,1.703035,1.7885659,0.73153657,0.0569184,0.60468745,0.77946144,0.009367866,0.17564735,1.5458845,0.4250771,0.79528147,0.5876508,0.45884788,0.7530206,1.1620901,1.178687,1.1201774,0.0,0.4335555,0.62962604,0.17393382,0.7880956,1.3873395,0.40869546,0.09241592,0.23542942,0.4287599,1.5531124,0.8218507,1.9929638,2.443998,0.79183817,0.19321406,0.34019795,0.8088382,0.45065612,1.1736323,2.6946385,0.071128175,1.0280614,0.10554115,1.6612732,0.028094519,0.3091047,0.17931654,3.2085078,0.2789109,0.0,0.019848052,1.1130558,0.39475965,0.27418515,1.1830596,0.12827605,0.7054434,0.5902678,0.2019626,0.5541714,1.3766389,0.5563862,1.2920065,0.31759986,0.19474001,0.3156536,0.8290732,1.421709,0.31033581,0.37463215,0.9301979,2.344154,0.24008885,0.35231635,0.012610035,0.10956076,1.0842376,1.1051435,0.34065232,1.696725,0.06512343,0.54753417,0.16102006,0.92133063,1.7284502,0.30868214,1.5512189,0.9817749,0.4392205,0.59984297,0.98472875,0.40512022,0.545351,0.13043152,0.8350106,0.18273906,0.38965178,0.17901155,0.017367238,0.07777331,0.16809326,0.52539366,0.2002781,0.02548339,0.7886598,0.004717875,0.3507155,1.917237,3.3725843,0.2483138,0.23811632,0.035288278,0.7663196,1.1463666,0.21839787,1.2007985,0.12456503,1.6116716,0.6187665,0.063603066,0.5113967,2.9187994,1.2480347,0.5640968,1.8839948,0.6920157,1.1426879,0.029728485,0.37177536,0.14360899,0.6111116,1.2692645,0.079629,0.875547,3.2515502,0.45788348,0.11472079,0.5925878,0.5933201,0.13069569,0.5785112,0.0,0.35984886,0.27885514,1.1390395,0.82190794,0.15734458,0.4708934,0.50962067,0.4766376,0.8159933,0.0019683875,1.1134477,0.09849753,0.8241264,2.460212,0.82656276,1.7166978,0.38456726,1.0310988,0.983048,2.1089811,0.8888855,0.9319631,0.30022636,1.4526241,0.07410329,0.5720551,0.82923466,1.1870143,0.586906,0.23444311,0.28066218,0.5121122,0.32575777,0.95681155,0.90064573,0.566924,0.1518181,0.02777176,0.24924955,0.3518065,1.2561601,1.6881757,0.0043810643,1.5217937,0.590014,0.83122444,0.07416032,0.48480982,1.6075585,0.74726444,0.40585026,0.49781016,0.4144716,0.9622088,0.24595794,0.12664753,0.55209535,0.25358003,2.8659036,0.062362522,1.0635355,0.0175807,0.54898274,0.35617185,0.89654696,0.11450141,0.2727259,1.0223904,0.06185622,0.58102316,0.81384534,0.76111895,0.06405222,3.7285986,0.65686345,1.4907702,0.0845471,2.2490168,0.30817553,1.0554965,0.15183403,0.03505965,1.5605206,0.07981628,0.22212373,0.5840808,4.5891185,0.16340898,0.5981146,0.3703185,0.23228471,0.17583859,0.24046335,0.14185534,0.088449195,0.57786185,0.40536806,0.19461265,1.4328587,0.4996768,4.0756564,0.44625697,0.57153356,0.019084621,2.070445,2.8170924,1.1361576,0.8163046,0.7192152,0.4420353,0.042423397,0.0,0.51525354,0.82401884,0.44879624,0.10108569,4.071717,1.3971695,1.3763437,0.23388335,0.0,0.48495194,0.052239243,0.5533812,0.6600444,0.2784583,0.13239561,0.44940928,0.2530101,0.0018108259,1.9249967,0.711529,0.88706017,0.2622111,0.15618464,0.58654624,0.44051322,1.244491,0.3581277,0.2855481,2.4274886,0.44700527,0.95516217,0.47397053,1.522686,1.4384792,0.031762548,0.024982955,0.112698205,0.5636368,0.22649701,1.3234249,2.4108958,0.20918445,2.098255,0.66140616,1.1889923,1.9096603,0.5406397,3.3494363,2.33332,2.211893,1.4273759,0.17479084,1.6295773,0.36487937,0.4532467,1.1043863,0.33125257,0.26826754,0.18774688,0.465453,0.2467022,1.3811736,0.57440305,0.61850053,2.2302196,0.013952239,0.34585574,0.3867685,1.2244804,1.9928874,0.73208755,0.0482045,0.17293125,0.3487534,0.44041395,0.021775488,0.69190484,0.23101683,0.29867846,0.59788996,0.91243494,0.030868826,0.67101747,0.029447852,0.47300237,2.3526673,0.16769609,0.0018174382,0.22273888,1.098748,0.23404725,0.1735831,0.2038022,0.09036391,1.3970922,1.1812139,0.050350256,0.066587046,0.15765214,0.84584916,0.14764047,1.4915822,0.022958957,3.3807764,0.4630126,1.3077286,0.81661457,0.4053154,0.41640854,1.7229763,0.033844184,0.13597637,0.16574213,0.3727813,0.7568772,0.32412148,all_pothole_images\pothole_images_new_image_781.jpg
0.37097257,1.7043238,1.0794423,2.5995893,0.33671024,0.76381534,0.44247922,0.04600191,0.6275232,1.5335933,0.25325304,0.39345905,0.106766075,0.26018322,0.39026952,0.30717605,0.93247384,0.08737374,0.7773125,0.2994967,0.6519686,2.2217116,0.8776262,2.1992857,0.5566203,0.1880227,0.25045553,0.43299475,0.09385739,0.73418885,0.2904742,0.0037751151,0.24666737,0.24948482,0.19650505,0.66601294,2.5167654,0.06907643,0.5670743,1.1856904,0.44782022,0.6796665,0.22861627,0.042631026,2.0306888,0.043514367,0.13117549,0.2605433,0.16527623,0.039327163,0.768176,0.116121784,0.23876251,0.7898756,0.0036253952,0.24892619,0.45121783,0.18923393,0.64077,0.9691667,0.27134028,0.9942925,0.28202695,0.08233476,0.2887672,0.30801195,1.7783458,1.0115883,0.568432,0.21304373,0.40186656,0.0028403236,0.3593478,0.8293715,0.49841982,2.5870047,1.0717468,0.20828077,0.3355515,0.9817694,0.2852964,0.323334,0.33755103,2.5047274,1.0689828,0.9476635,0.09334079,0.41112602,2.1228504,1.8773704,0.20014746,0.41452318,0.18248865,1.2064788,0.08252646,0.020382697,0.9229301,0.458926,0.54278195,0.14315747,0.5902598,0.49627283,0.97478014,1.1258969,0.9487345,0.06876773,0.08654135,0.28941712,0.23473257,0.80625355,0.36835906,3.286194,1.8213105,0.18871069,0.2195776,0.17168027,1.5441093,0.20762525,1.3670087,0.77952206,0.9660844,1.6715446,0.506895,0.6537365,0.79897445,1.2705083,0.6018885,0.22890876,0.70824134,0.04158637,0.44325626,0.44822782,0.35689506,0.43372348,1.0444403,1.4014293,0.0061921673,0.4859497,0.25538158,0.015098863,0.06904664,1.091417,0.26266542,0.28055412,0.5494617,0.120624274,0.7731204,0.3064423,0.46844053,0.18890388,0.61946094,0.64390165,0.9372157,0.08084286,1.4106079,0.007970465,0.4834072,0.7677142,0.35185024,0.2821874,1.3897682,0.08829766,0.043871902,1.3541723,0.1925902,1.0321485,0.7641441,0.08045558,1.5419171,0.36128312,0.12382079,0.0,0.72087705,0.34166944,1.135169,0.18478234,0.42420578,0.0,0.88926095,0.13830054,1.722687,0.025573445,0.46173492,0.9205282,3.189508,0.06404204,0.10169085,0.69881976,0.038617045,0.41839933,0.14786382,0.9553482,0.050967693,1.6596693,0.82086235,0.18154763,0.18257602,2.4429672,2.295061,0.88777417,0.29148412,1.3829453,0.15065955,0.2889401,1.5545439,0.29207954,0.054659326,0.19978414,1.8960015,0.89589274,0.18685648,0.25705317,1.1238601,1.7391597,0.58596313,0.42836505,0.82457376,0.031330224,0.7722891,0.9652224,0.82443285,0.13507795,1.1092958,2.1467433,1.1543995,0.833438,0.66804516,0.36787048,1.2290694,0.0052430676,0.06543915,0.4581259,0.41287395,0.07089754,0.29255357,0.02326889,0.26672277,0.462773,0.018272165,0.25116882,0.9903192,0.044097412,0.39100623,0.062425047,0.14619267,0.17612575,0.18995026,0.03907006,1.088019,3.887435,0.074976705,0.52952886,1.1530883,0.272211,0.1397458,0.08750672,1.1552655,0.8044352,0.9802709,2.1462533,0.2512021,0.10319322,0.60660684,0.32727906,0.44017804,1.2786132,0.4559774,0.3662416,0.6311142,0.21910636,2.0139942,0.20157537,0.20998827,0.051853582,0.6116462,0.4845054,0.28277376,0.23330933,0.14204976,0.8194026,0.11827721,0.8284526,0.7849266,0.11401084,0.71471363,0.49700105,0.4765189,0.7333161,0.51097167,0.63323134,0.17681938,0.8519835,0.907208,0.3801159,0.23223747,0.6355985,3.3497334,1.8020691,0.037396844,1.1057576,0.22247788,0.9735646,0.6577194,1.4247205,1.1066749,0.37643903,0.9559435,0.72777283,0.84281224,0.08524783,0.54823214,0.5175602,7.8615947,0.5494241,0.010926688,1.4327563,0.3066259,1.384406,0.47344926,0.5990978,1.145342,0.9840455,0.32269382,0.39097738,0.6142236,1.3124044,0.35970572,0.97961736,0.7791866,0.2280384,3.4000916,0.7535656,0.035208516,0.38287556,0.53628325,0.29329872,0.39323416,0.040068194,0.07360885,0.25328544,1.0031276,1.3956413,1.0396388,0.05063282,0.47644183,0.0066756033,1.3827343,0.18591195,0.18463977,0.42428145,0.5515523,0.44225287,0.4299445,0.74543184,0.84281445,0.63464975,0.5588653,1.039146,0.28719175,0.9053294,0.19178654,0.058024015,0.42066586,0.46630967,0.65008396,0.99182093,0.42308798,0.435543,1.3735873,0.032486558,0.23911549,0.4882476,0.619795,0.3044528,1.68855,0.2841973,1.1055863,1.6853541,0.0802763,1.5017189,0.55551237,0.6153852,2.3820722,0.99792993,2.17083,0.61265993,1.3737478,0.16546853,1.8719473,2.4207392,0.8331239,1.1658564,0.75361353,0.65803415,0.056137595,0.9074967,0.5945492,0.76728374,0.77351034,0.48641923,2.3491724,0.28394553,0.70294964,0.3670998,0.4798507,0.0,0.53691185,0.47141603,0.29754785,0.11669364,0.14160049,0.2258861,1.283363,0.07066406,0.02392121,0.7424622,2.274473,0.3296869,0.2593412,2.4542851,0.16139577,1.3076357,1.7051892,0.29755116,1.1623154,0.62756306,0.55204415,1.1809114,1.76668,0.36985803,0.7653951,1.3016683,0.5890566,0.923406,0.5745502,3.5909941,2.1507332,0.3817499,0.6568148,1.4549184,0.6173878,0.45547196,0.0010377674,0.43987313,1.187549,0.15065007,3.2200317,0.023793122,0.45454526,1.1222616,0.9503077,0.5318594,1.5731056,0.86047447,0.669631,0.5987775,1.7874023,0.15258728,0.5235659,1.6965301,0.0019223015,0.5371391,0.67498285,0.108359225,1.6809049,0.7567559,0.62316567,0.13819388,0.1889843,2.4488266,1.2905885,0.11274042,0.7149417,0.5427048,1.1787121,0.065241225,0.122226,0.28045362,0.8930807,1.384513,2.5254328,1.3677233,1.3129829,0.19939831,0.0,1.230709,1.169017,0.00585262,1.7290076,0.21739478,1.4702852,1.5626497,0.08750653,0.050860662,0.5585172,0.0043239025,0.82258135,0.5156217,0.114946075,0.4191323,0.15516175,5.407559,0.8638771,0.6248741,0.30123594,0.20502472,0.0,1.0801587,1.1402721,1.0252345,0.59490824,0.50194204,all_pothole_images\pothole_images_new_image_782.jpg
0.32153165,4.98323,4.3466287,0.76272106,1.3567694,0.544849,2.0353801,0.5734758,0.42905706,0.27242264,0.7248289,0.3737723,1.4719292,0.074377455,0.5902636,0.03796697,1.41604,0.09883027,0.283591,1.4247587,0.010929184,2.0863333,0.7090991,1.7625847,0.03563834,0.6336178,0.18133223,1.0897226,0.068697765,0.4782169,1.8475883,0.2636074,0.5631025,0.11726874,0.6450682,0.78334224,1.0571537,0.34035492,2.19003,0.65971375,0.949108,0.48760256,0.63853806,0.7795701,3.3388128,0.5270059,1.0536326,0.007422712,0.30356842,1.2932341,0.39226466,0.17823024,0.047998987,1.7408438,0.15815169,0.7107788,1.0593512,0.099121444,0.14168714,0.3568407,0.1459688,0.4317697,0.51318884,0.18756726,0.18248661,0.6199417,2.489187,0.7475197,0.7572263,1.2058238,0.40858015,0.5042503,1.6143705,0.14239495,1.0966976,1.0325614,0.7077297,0.7114866,0.3357758,0.12824118,0.52266824,0.6826526,1.9496918,0.599264,1.1697226,0.8115461,0.030652294,0.06792197,3.6751616,1.1352673,0.58616006,0.045792807,1.7472942,0.44514176,1.4945283,0.21168981,0.40387195,2.7920992,0.98598343,0.26039758,0.80125076,0.22455624,0.10050797,0.920866,0.29965606,0.105822064,0.90450907,1.126938,0.6530355,1.2866689,1.5193464,4.746022,0.5422756,0.15431066,0.19412495,0.8032563,0.7210844,1.5906646,1.2723519,0.58147454,0.32812074,0.20888436,1.679008,0.44879878,1.0603946,1.5372121,0.935724,0.6336216,0.5621163,1.0040537,0.81262296,0.5082946,0.05005449,1.4388542,1.1654046,1.8117422,0.7289741,0.10449645,0.97495437,0.7319853,1.5386957,0.5055216,0.83984905,0.101408236,0.15097038,0.5916806,0.013468411,0.03159403,0.55035657,2.1005838,0.41037497,0.29193544,0.56421375,0.028074322,0.2532325,0.6903937,0.6130899,1.4756207,0.6179494,0.5169906,0.6412249,2.0646565,0.9043707,0.15213872,1.3600473,0.043004535,1.351617,0.169351,0.4848868,0.18331815,0.25160253,0.020911051,0.19396937,0.048106994,2.1689873,0.15599364,0.9277677,0.52885336,0.69194853,0.27682984,0.07960313,0.38141227,2.29313,1.3328868,2.3222594,0.41615742,0.9546106,0.76428485,0.369023,1.3358334,0.2926597,0.8617351,0.05138749,1.4641312,0.8308367,0.056542624,0.8318553,2.5933933,0.10940941,1.4625051,0.017774886,0.18008672,0.14220057,0.3149152,1.1808769,1.6086738,0.44181576,0.90034413,1.3081789,1.5228128,0.31771985,0.4152882,0.9475423,3.4007907,0.20387898,0.60392505,0.021921739,0.5511286,0.56263065,0.49720234,0.5136693,0.15533967,0.0885568,1.7081794,0.0,0.321628,0.64578444,0.69595027,0.010087084,0.7505254,0.22099389,0.09706279,1.372512,0.31916288,0.2700366,1.333257,0.12462365,0.27817446,0.03108166,0.06978607,0.391628,1.5035117,0.76834637,0.09661907,0.5274165,0.44075096,2.469681,0.5091529,0.21366413,1.5156975,0.49322665,0.78122455,0.6300124,0.8069425,0.25292885,0.4058141,1.1840441,0.25139564,0.44672394,0.9937661,0.052185263,0.7843193,1.5443847,0.25581053,0.41199446,1.312174,0.79926205,0.38666114,1.3392402,0.53984815,0.4846251,0.06463662,0.47026438,0.5654241,1.2044995,2.720094,1.10413,0.03514487,0.66556877,0.47317177,0.451087,0.19767234,0.084469736,0.8434814,1.4207854,0.60175276,0.47395012,1.4372355,0.8997798,0.9990838,0.6822483,2.5970082,0.10795303,1.2155298,0.2938978,0.043819133,1.604369,1.4096164,1.5747622,0.34942323,0.1849842,0.015518452,0.0047478736,1.8748696,1.8742104,0.5186889,0.29120648,1.4200112,1.7484863,0.2570727,0.2127731,0.8972032,7.471566,0.10835373,0.2477756,1.6905347,0.0010621925,0.3385081,0.6705231,1.2725194,0.0,0.28473827,0.04257934,0.44654593,0.6248977,0.09447149,0.46703905,0.52174354,1.2082249,0.30681574,3.5565019,0.055382986,0.30681443,0.05904621,0.14366475,0.13460344,1.1335628,0.19793768,0.37281486,0.11347842,2.1945,0.8934803,0.8654396,0.25956103,1.4034383,1.7189963,0.7653011,0.031783916,0.28571892,0.8329092,0.0824996,0.51507485,0.45214796,0.7993104,0.061253313,1.6333054,0.052385874,0.1656324,0.43843886,0.032536954,0.60630506,0.20841575,0.15179263,1.3202629,0.05669259,1.0357996,0.0,0.082053795,0.2180548,0.97229236,0.6299631,0.11928346,1.6675707,0.0023386588,0.29270273,1.6358086,0.39770207,0.27165112,0.49990866,0.0,0.03933378,1.8920248,2.2135222,0.41290587,1.6608099,0.8482667,0.6531828,0.36344954,0.8604815,2.714128,1.9416496,2.3285995,0.19572316,3.4338877,0.33678055,0.6469148,0.11528782,0.97396195,0.24145673,1.4877728,0.58778495,0.007986066,0.4265225,0.3297628,0.5618441,0.2592246,0.46032107,1.9501386,0.05849874,0.51347613,0.5087688,0.9014735,1.47425,0.8355876,0.58110386,0.0049156486,0.74624836,0.16813035,0.4861311,0.07907775,0.57194036,0.29862767,0.04225035,1.0751945,1.1907096,1.0958598,2.9077728,1.4238796,1.1346973,0.21153809,1.5182012,0.06460322,0.54659575,0.7330354,0.9580369,1.757453,0.48139933,1.0806031,1.6544604,0.76887524,0.10361147,0.47905686,0.3343659,0.30486974,0.35495216,0.17956163,1.1111089,0.29629955,1.3994664,1.1611422,0.88106287,0.9909869,3.104358,0.11818761,1.0221275,1.0999944,0.63586515,1.6319625,0.074626185,0.22705771,0.20818026,0.4209004,1.3984926,0.32923692,0.587812,2.160025,0.31934908,0.38557574,1.7524694,0.037018325,1.9448029,1.095066,0.9469143,0.4489718,0.8167776,0.41543406,0.26916456,0.4268028,1.2551328,0.40241256,1.1828262,0.75174993,0.48277563,0.4897794,0.2937101,1.4204454,1.3906387,0.48908988,2.1423247,0.14340304,0.47107634,4.498006,0.7483523,0.38544363,0.8183729,0.6210371,0.3328362,1.2638068,0.5836215,1.2649235,0.077695616,1.3719077,0.20493883,0.6615342,0.18893856,0.7943213,0.0,1.8164386,0.18555948,0.43412602,1.0181217,1.6953397,all_pothole_images\pothole_images_new_image_783.jpg
1.4724091,0.13429615,0.09142483,2.4850268,1.0949248,0.33074093,0.4513354,0.44280759,0.058042515,0.0941631,0.0063846875,0.7961027,1.319888,0.9265313,0.18878403,0.0014257686,0.07757893,2.0006642,0.10064244,0.2275214,0.12021564,1.3697201,0.101325035,0.6686683,1.0360956,0.42774066,0.37987256,1.3756078,0.016800947,0.3689755,0.64929134,0.7409859,0.60936517,1.420957,0.9573406,1.7517415,0.4570339,1.2231395,0.45098782,0.5175703,0.3788358,0.19133237,0.4300192,1.2638603,0.27229327,0.26304525,0.6859444,0.0,0.46395212,2.7559521,0.11116477,1.1589738,0.4354908,0.44785795,0.23943959,2.4604037,0.8094616,0.6493859,0.8374032,0.13751917,0.33788964,0.07256424,0.18849725,0.015269782,1.3922371,2.318277,0.0,0.10063682,1.1549639,0.6834903,0.8333148,0.56783205,0.2695587,1.0206839,0.2103864,0.0,0.2538828,0.43025059,0.2192425,0.66602516,0.9033348,0.000919131,0.16728368,1.3262472,0.67375976,0.38059163,0.31330582,0.23376383,1.0793192,0.23205802,0.53488857,0.13136072,0.47176352,0.09159536,0.0,0.12227494,1.0145527,0.24483319,0.22582494,0.04749449,0.6380562,3.219265,0.83313906,0.112983,0.44187066,1.491326,0.35245308,0.24230354,0.138248,0.7266112,0.21526642,0.65870494,1.0963591,1.161928,0.46560982,0.5959642,3.1373854,0.7533262,1.8637675,0.81337136,1.0320895,0.8399761,0.25417545,2.0236673,0.614885,1.0886242,0.44800076,2.8332899,1.9293748,0.14912815,0.72273034,0.0,0.5455218,0.3578498,0.07686804,1.0459707,0.5165413,1.0353822,0.5525129,0.38980514,2.0972583,0.0,0.15912183,1.2451727,0.49069476,0.9111423,0.69100314,0.8981854,0.45376605,0.044570263,1.294612,0.398762,0.08472869,0.2957338,1.117133,1.4832393,1.1747911,0.36159027,1.5524389,1.1951834,2.4394636,0.93170583,0.056813534,3.5043755,0.02266896,0.21873878,0.5312721,0.9828929,1.7359487,0.6291127,0.31375018,0.2877313,0.006719234,0.5408382,0.82944256,0.22471741,0.006999911,0.15670931,0.53305846,0.22469065,0.116631486,4.7829466,3.339916,1.1389585,1.8162782,0.46451187,0.14873812,0.71817154,0.6232147,0.87350184,0.56738204,0.8470734,0.3279195,1.6986045,0.12191736,0.74522376,0.75668985,0.45534942,0.028179312,0.5438061,0.3326871,0.87467176,1.3517447,0.8401604,3.6976635,0.9426356,0.9803091,1.3174527,1.0110412,1.4079323,0.103154294,0.3042048,0.36340305,0.3634754,1.2044606,1.0328875,0.9486774,0.44662997,0.12533753,0.07422854,0.523731,1.5266583,0.40160257,0.1289564,0.0885694,1.616568,1.6459572,1.0735092,0.8609858,0.34081018,0.28545576,0.003736179,0.88741404,0.4306013,0.7916402,0.24790655,0.9046403,0.03947783,0.10017973,1.2644546,0.24711879,0.02020301,0.4362356,0.048976723,0.7038027,0.45457128,0.46064445,0.55959713,0.8193957,2.5979543,0.68375283,0.42453519,1.7867332,0.5419511,0.7442119,1.274793,0.95475376,0.2535951,0.36939242,0.76917905,0.3506912,0.41484997,0.041677494,0.48330733,0.7830781,0.4961544,0.23202747,0.24149269,0.6496368,0.11485879,1.2403181,0.34090835,0.18744488,1.8078052,0.7590865,0.7633675,0.20734553,1.3518776,0.8088552,1.5417603,2.2030888,0.018158108,0.37597972,0.005818858,0.5958693,0.8216869,1.4331005,0.18768698,1.7440953,0.85573226,0.4104345,0.0,0.7857504,1.4943458,0.29271358,0.051288564,0.9485514,1.4458592,0.3622633,0.85250735,0.47058743,1.1290059,0.7457325,0.56795174,2.870965,0.40043452,0.2820315,0.0639613,0.0037832183,0.554573,2.4969923,1.7686357,0.59737706,2.6134505,1.2348272,0.7849709,0.3097534,0.29706198,3.2556143,0.31232494,0.69525695,0.0,0.36393738,0.21419165,0.71316034,0.70871085,0.5215211,0.022299139,0.06979522,0.11615366,0.43902805,0.09579426,0.5820142,0.39409807,0.080546044,0.09543846,0.77760684,0.00977511,0.090320185,0.8292161,0.43406975,0.5585094,1.1314704,0.3143184,0.22445183,0.22791372,0.23831539,0.12770446,0.26700655,0.31031913,0.9070994,0.3508666,1.4359325,0.3678553,0.3360014,0.7859353,0.1149856,1.252746,0.57629466,1.7736725,0.33725986,0.21959947,0.25602075,0.7748741,0.046386484,0.10435422,2.2655108,0.16680625,0.459218,0.119073644,1.2260002,0.53341573,0.23827027,0.055090163,0.66843116,0.7327918,0.26146486,0.36558956,0.79146606,0.4972111,1.6079447,0.023462106,0.1260698,0.18160251,2.0232768,2.2720854,0.9081361,0.09256033,0.5061044,0.026602747,0.6010468,0.92582095,0.25736567,0.026443092,0.09553985,0.1375032,0.9900416,0.26519793,0.15129063,0.6858437,2.781835,1.9012438,0.42652103,0.06646359,0.78048134,0.26208767,0.062253088,0.35611218,0.0,0.07645878,2.2216952,1.3104708,0.9107725,0.836657,0.0023088627,0.22938779,0.6778725,0.9221911,0.76282793,0.029550705,2.4843693,1.1898143,1.1457583,2.999229,2.7158632,0.65937966,0.71366864,0.796103,0.30283183,1.6990049,0.16303396,0.5932796,0.6468484,0.2597385,1.2282747,3.1160533,0.4961177,0.4890176,0.6670054,0.8035056,0.30362576,0.38328537,1.0159099,0.76984,0.3857245,0.13519517,0.99973285,0.20997468,0.00082721334,0.91467935,0.6653281,0.35847208,0.54187083,1.2323155,0.53209597,1.1695975,0.951452,0.4222495,0.37409395,1.0873955,2.2595737,0.18005784,1.6105098,0.08694129,0.27581546,0.103140265,0.4079955,0.039773647,2.19073,1.0880121,1.298946,2.948126,0.20505913,0.7507553,1.7322232,0.04233984,0.99298745,2.2772636,0.5087428,0.0,0.09136886,4.026503,0.63993526,1.8394951,0.1583764,0.91543436,0.17009878,0.23342408,2.359074,0.45492676,0.30967385,0.15261021,0.9595615,0.31338832,0.17508058,0.1398406,0.07033599,0.17864205,0.049203087,0.5582807,0.14784524,4.3756,0.963538,0.57410157,1.146194,0.541994,0.16945912,0.24679619,0.22928031,0.5365585,0.057523098,0.9489495,all_pothole_images\pothole_images_new_image_784.jpg
1.0956101,0.16377082,0.07170188,1.4789099,0.15768273,1.4812611,0.9326566,0.0020838457,0.3553448,0.29993767,0.070542045,0.09993192,0.31347606,0.16702455,0.0,0.97016144,0.053153742,0.46379352,0.44490117,0.050386403,0.29096824,2.0521662,0.30590746,0.20425265,0.2744395,0.08487592,0.0031720723,1.8873991,0.0,0.014598449,0.19632125,0.12925805,0.7406985,0.79263955,0.13512531,1.1576929,0.5267424,0.040772215,0.4480203,0.09361152,0.30159348,0.07465496,0.21283069,1.0201057,0.8050611,0.9563016,0.43955475,0.018123046,0.9605072,1.3454026,1.2246244,0.0070699085,0.026972119,0.3106435,0.21576972,2.1547756,0.6473306,0.0478846,0.5568294,0.0,0.001661874,0.36243445,0.90640473,0.5505243,0.57109946,0.94248706,0.15459298,0.0727409,0.14420167,0.14278886,0.020139873,0.24828078,0.32174712,0.21977405,0.70363414,0.062025513,0.05232626,1.1111665,0.49997112,0.23241326,0.0,0.031039381,0.6085159,0.40646768,1.0380251,0.08148774,0.04352322,0.0,1.7981534,0.2403712,1.0277808,0.203424,0.042143695,0.01703501,0.14575706,0.0,0.35880926,0.033248883,0.27006868,0.84130055,0.06327327,3.2063792,0.28799316,0.0027868173,0.869598,0.105457015,0.5629133,0.58109677,0.43616757,0.20515467,0.0,1.2286178,0.28812972,0.03491472,0.008401477,0.19444962,1.3264536,0.95034474,2.9970422,1.7680589,1.1270329,0.25451648,0.041306134,1.5841187,0.05549927,1.0285432,0.5025492,1.7583135,0.16628478,0.0,0.0034596713,0.0027575337,0.014568229,0.061652426,0.08056057,0.313872,0.64190644,2.0526083,0.16430597,0.28928208,0.4187046,0.033381246,0.15698327,0.6024129,0.08932534,1.2992848,0.045099627,0.12430364,0.7133538,1.0421816,0.01220559,0.3311068,0.5238257,0.0091366805,0.6435669,0.43750677,1.1663624,0.19255482,1.3930664,0.25600344,0.060594197,0.2553195,0.0,1.5451442,0.17379469,1.2201998,0.8058071,0.040933833,1.4871811,0.45815775,0.04277944,0.058539066,0.0,0.11678314,0.7696267,0.04390776,0.19324636,0.04332834,0.24793188,0.16849276,0.21395196,3.0205834,1.1076448,0.07108861,1.8116223,0.14092813,0.28700864,1.0762122,0.08338077,0.6735343,0.010916441,0.6838147,0.08701574,0.33961618,0.1929003,0.04831106,1.9197292,0.2436971,0.4366148,0.17250615,0.13480182,0.28657988,0.61629826,1.4638073,0.9398928,0.5667202,0.78366905,0.285725,1.387591,0.13435633,0.02460829,0.0,0.22789747,1.1311185,0.32771224,0.84337395,0.05623012,0.16570161,0.12978683,0.42608285,0.5302581,0.17276846,0.14267793,0.008027085,0.0,0.93394303,1.7834809,0.013309172,0.8521241,0.011811944,0.32096717,0.19533846,0.80334866,0.0,0.17543496,0.101980396,3.5142288,0.07610327,0.029479861,0.5607245,0.10169892,0.049617596,0.032674905,0.031012675,0.03702579,0.0,0.17156067,0.23321027,0.034203272,3.186603,2.4843743,0.18831562,0.57514757,0.4259748,0.04897534,1.0455548,0.14502506,0.6908334,0.87057555,2.0104945,0.004657078,0.007691942,0.10853093,1.915788,0.13829663,0.14702196,0.37527892,0.700554,0.22589912,1.161504,0.20659529,0.0,0.063030586,0.30120617,1.1059353,0.27319494,1.1423107,0.29447886,0.5224408,0.24007209,0.24986842,0.27764398,0.0131220585,0.041159857,0.09516466,0.17162758,0.19806974,0.08010588,1.1308033,0.16543981,0.2112563,0.07837252,0.0885467,1.3456128,0.04762427,0.01027633,0.15966435,3.188998,0.8182025,0.6328729,0.24841319,0.62747097,0.038020402,1.1380593,4.551078,0.61154145,0.1891257,0.8199135,0.12588973,0.5954427,0.5559624,1.4122162,2.784392,1.9067088,0.12609656,0.59601396,0.0,1.240596,4.4743514,0.25871047,0.6808126,0.10003161,0.19348407,0.17452964,0.31470004,0.5906242,0.22171561,0.08387173,0.18396416,0.2174527,2.0479305,0.122266114,0.0022655558,0.08788554,0.014201281,0.030420702,0.87258875,0.3083269,0.120825194,0.90714467,0.6285881,0.013494294,2.511094,0.022200776,0.18392754,0.034861594,0.03498801,0.014780532,0.47773623,0.41764525,0.34347495,0.92151195,0.45210677,0.09373961,0.019474013,0.06848981,0.1869327,1.5235153,0.43294796,0.38858387,0.0,0.05329612,0.24846935,0.03901224,0.5057473,0.16815087,0.7897724,0.43939674,0.11048378,0.17533952,1.8210014,0.27103865,0.2834023,0.0,0.26784366,0.033610012,0.0938203,0.2589179,0.42276374,0.33009827,0.12280615,0.009433656,0.07360649,0.6081842,2.620155,0.6482352,0.99858385,0.0,0.91571325,0.11381394,0.43959045,0.65657985,0.0,0.04543534,0.07742541,0.02458102,0.37871596,0.0015874286,0.13878456,0.044905003,3.160847,0.39913425,0.8617977,0.0011838147,0.55046934,0.042300384,6.8546397e-06,0.65028584,0.006211733,0.31981924,0.0024152442,0.024218872,0.121680036,0.059717685,0.029074656,0.04937362,0.93983394,0.20401093,0.35297063,0.14927435,0.75892305,0.7076203,0.43020138,0.76164395,1.7312435,0.18335,0.1570013,0.84056306,0.08297774,1.4500972,0.22591956,0.31021193,0.3155749,0.17624359,0.5921379,2.0619688,1.6685252,0.48210654,0.047727402,0.32189035,0.45886844,0.9661275,0.39512715,0.20510422,0.47705513,0.057427134,0.654655,0.0960785,0.014823489,0.40417415,0.61854964,0.2808019,0.386754,1.2415649,0.3076055,0.12265684,0.55966336,0.5122308,0.9851512,0.7806166,0.5693988,0.2091428,1.8349179,0.077812485,0.712365,0.0751115,0.5614652,0.06258207,0.34227246,0.5568399,1.7885504,1.3179119,0.6881557,0.091356784,1.3061196,0.048854288,0.14685634,1.4647397,0.16085307,0.05199468,0.0,4.2752976,0.8252294,0.034585223,0.056891177,0.0040023476,1.7159319,0.011863146,0.4256785,0.0,0.962007,0.43345085,0.23882465,0.32042363,0.45961404,0.29749057,0.04863439,0.008696754,0.037703916,0.29068533,0.24424584,3.843512,0.45050216,0.06351907,0.9532715,1.0839276,0.010557314,0.018156022,0.9714394,0.24044892,0.09168212,0.59051585,all_pothole_images\pothole_images_new_image_785.jpg
0.3452151,0.08270651,0.03488493,0.2015688,0.41657802,0.19573504,0.43198377,2.634698,0.71413654,0.2759942,0.34206715,2.9976156,1.1448948,0.47992218,0.25645968,1.3691627,1.4563293,1.2148898,0.50053316,0.4897132,1.1258614,0.76191556,0.007783249,1.1405916,3.5072856,0.711863,0.035847545,2.6176066,0.23449886,0.42263392,1.2554883,1.1377118,1.1519518,1.0318412,0.7283641,0.88027275,0.0553886,2.6958144,0.07276355,0.5661421,0.12246295,0.43827826,0.28927332,0.32029638,2.1114788,0.1828672,0.05844716,0.049923427,3.759493,0.61701983,0.59544545,0.031015798,0.31235066,1.7754407,0.52290493,0.8749009,0.77630883,0.14368919,1.0216155,0.2170456,0.26138905,0.035765402,1.2190888,1.1909082,0.39621434,4.101461,0.4015071,0.7155147,1.3259994,0.40417653,2.3305864,0.51516646,0.039718945,0.12603343,0.35845974,0.13074903,0.12659088,0.050589968,0.15560056,0.434741,0.3500134,0.110788904,0.2089316,0.32625607,0.23616302,0.42280492,0.94769627,1.3464351,1.6102479,1.0815686,0.44116306,1.4846517,2.6140149,1.3945934,1.5952226,0.21358038,1.2389015,0.79128873,0.6074971,0.72341293,0.35847145,1.7294023,1.0463028,0.7645242,0.64937085,0.7268473,1.2535192,0.16971609,0.0525542,1.1001927,0.17969999,2.1127343,0.04052154,0.21067436,1.2749177,0.67666453,1.2072105,0.08955877,0.7727309,1.0107328,3.7999554,0.094822265,0.6009421,1.8622682,0.8662062,0.067275755,0.112183765,0.051177822,0.11014805,0.4728521,1.2086741,0.30864558,1.2694554,0.31836537,0.1937062,0.16079342,0.7065481,0.015124613,0.65927273,0.64662474,0.73368454,0.26048127,1.2856652,0.19145857,0.86691564,1.6924856,1.0495788,0.79487556,0.015053639,1.1678693,0.8077772,0.50050426,0.62511116,0.09098899,1.3395532,1.1588892,1.6874455,2.1263585,1.3356005,1.5127734,1.0721799,1.576055,2.5121255,0.6670663,0.019324986,0.5324641,0.11049993,0.055395316,1.4709641,2.1739628,0.34857547,0.9499988,0.109115265,1.1998166,0.910341,3.0545504,0.6306267,0.29192072,0.76433766,2.162294,0.02882374,2.5838063,1.2732123,1.115247,0.21406557,2.7806132,0.13203074,0.730747,1.2097867,1.7326645,1.8378756,0.22552186,0.58022034,1.9214941,1.1343467,0.07236787,1.9335744,0.2538914,0.06833461,0.6368646,0.8092825,0.0,0.44447264,1.1456445,1.1967638,4.819813,0.29495913,1.1908406,0.15830354,1.4604875,1.866052,0.5565925,1.4051394,2.3015127,0.03281599,0.7468585,0.6170133,0.0,0.61006546,0.6292534,0.90290993,3.9280412,0.30887693,2.2249532,0.03989407,0.6404962,2.6134665,1.4879994,0.37729937,0.44036934,0.0,0.17771271,0.44161862,1.782094,0.32719648,0.44139153,1.5550102,0.53431916,0.5041934,0.16771334,0.6545195,0.17217802,0.11179325,2.137271,0.0,0.1459026,3.1679363,0.32730088,0.40272275,0.60471874,5.1137094,0.76773095,0.41356763,0.021808235,0.10888406,1.4465297,0.3615443,0.34067068,0.15016186,3.4518127,1.1347289,0.9349847,0.7827139,2.5032048,1.5909476,1.6300936,0.14948158,0.42994004,2.2141685,0.3782257,0.36098796,0.19700794,0.5251488,0.8033768,0.43113932,2.4650836,1.6358854,0.55435926,1.1879671,0.17689708,0.18316124,0.8978531,0.41941738,0.7412529,1.1971097,0.31732413,2.4126425,0.61888087,1.4630516,0.0055270456,0.23830178,0.6080277,0.1498398,1.663016,1.93766,0.32913086,0.6824591,0.6407941,0.93026745,0.49127236,0.15231529,0.3416516,0.62275165,0.3172874,0.05970713,0.44113466,0.102325,1.1113424,0.38665155,0.95557266,0.95265716,1.8547282,0.78354096,1.0249445,0.35466105,0.19352585,0.30542415,0.46286225,0.9649298,0.825105,1.709886,0.10457692,0.7633293,0.5388848,0.994846,1.1367147,0.6279591,2.3651278,0.27834308,1.5893717,0.00809791,0.7604652,1.109449,0.0028089741,0.3207782,1.1070043,0.4419789,0.21908526,1.1024266,0.6698032,1.2490796,0.35662007,2.4449863,0.595137,1.7300522,0.12004655,0.08702695,0.35951835,0.9931025,0.13687772,0.015658036,3.1768444,0.38053215,0.5179611,0.395658,0.32590485,0.19415769,3.082007,1.028518,0.7173134,1.2414362,0.9900036,0.29422918,1.6127602,0.1529688,0.0,1.0075463,0.7678874,0.029715776,0.6424804,4.51497,0.15193883,1.66937,0.028777823,0.11009901,0.17366165,0.040087517,0.85094035,0.22119322,0.45916978,0.91782033,0.6023983,0.20148642,0.55831945,3.2755487,0.5657343,0.123297594,0.46958455,0.57297856,1.5007992,1.0968094,0.41854328,1.4988576,0.26685318,1.3291078,0.019629486,1.0164932,0.8647917,0.2326116,0.098919936,3.241573,0.99654716,0.06992502,0.70070094,0.93983185,2.7189069,1.047489,3.1367054,0.6124942,0.80798686,9.174394e-05,0.18191029,0.70719665,0.19801143,0.29377905,0.5094232,1.8549756,0.5373054,0.19767694,0.8572195,0.23128903,1.0351089,0.5071281,1.9953326,2.8156893,0.28820616,0.704275,0.4588895,0.9358595,0.2667279,0.09298608,1.248701,0.008564416,1.3381591,0.9528408,0.7894375,1.626845,1.0473677,1.6858726,0.19033632,0.9509197,0.3457824,0.051702324,0.1309124,1.3322685,1.1953143,0.3242109,0.6808371,1.0729007,1.3538421,0.27215266,0.937376,0.44757387,0.46715435,0.91834605,0.32425183,0.28270906,1.0785558,1.6266812,1.1657935,3.311194,0.20631625,1.5876633,0.64086425,1.0607141,2.2509105,1.1420608,0.80856425,0.42307624,0.16749941,0.19492593,0.43762285,0.52069205,0.060583003,0.9227232,0.08895316,0.2519306,0.10848981,0.6771635,0.4945238,0.85375303,0.4089924,0.54495806,0.16049291,1.077043,0.3837824,1.127295,0.49611866,0.49019334,0.0056732823,0.84568685,0.9102659,0.009713617,0.0,0.43849126,0.5776359,0.050484266,2.4122627,0.012878287,6.400767,0.27218294,1.0392445,0.30561587,0.51798195,0.4812813,1.5076456,0.41253802,0.07639716,0.5419665,0.3623797,0.54783016,0.20024636,all_pothole_images\pothole_images_new_image_786.jpg
1.1754684,0.5889979,0.11814399,2.3175569,0.92978793,0.10190201,0.3871726,1.0715032,0.30837387,0.20379463,0.6030333,0.8032122,0.1635972,2.4493365,0.4756946,0.51413935,0.80992657,0.17449246,0.9015867,0.08377116,0.7477131,0.7292885,0.8036112,1.3416418,1.6167064,0.40028507,0.09899719,2.6690958,0.4826273,0.6249748,0.7923009,0.013032775,0.59249216,0.094365984,0.016361428,0.5221157,1.0685452,1.457946,0.3563164,0.6339686,0.050043765,0.117597654,0.31906566,0.91165006,0.24370538,0.8591948,0.05466283,0.37127525,0.42748937,0.9295658,0.17269084,0.26656282,0.4289345,0.077850476,0.10998255,1.0203532,2.7896762,0.03357527,0.12575206,0.0020965934,0.082778715,0.07367922,0.8439734,0.4985774,0.9525199,0.10441073,0.5529959,0.111093536,0.4085514,0.36234945,0.8604793,0.06486538,0.52645534,0.118827514,1.0402923,0.6675889,0.13252224,0.13912407,0.21350174,0.2912012,0.3950246,0.49574706,0.22070971,1.3789994,0.047386378,0.35879943,0.007990179,0.40921775,1.2657415,0.40620205,0.31272015,0.0032988717,0.034431335,0.418223,0.14794323,0.025191301,0.9658995,0.7828573,0.4700526,0.62931675,0.10843448,2.6864686,0.14112131,0.056762032,1.7886533,0.0,0.052509047,0.46585596,0.16703093,0.52706337,0.014194778,0.45304048,1.963034,0.83159006,1.008902,0.20251359,0.3922952,0.00029503548,0.27514166,1.5030093,2.8111906,0.38123506,0.00729354,0.6791647,0.20616508,0.64949304,0.0023885688,0.45778382,2.0448093,0.027988484,0.10535045,0.0021663443,0.11655858,0.23974554,0.40303785,1.1568267,0.0,1.4649013,0.03385034,0.0,0.4557709,0.12135015,0.31850526,0.106971085,0.104182325,1.8616579,0.0,1.3252975,0.028207881,0.015294887,0.46643555,1.1717107,0.06729107,0.08683878,1.5262593,0.7632286,0.56461483,0.010825956,0.742372,0.3113257,1.9637454,0.40436864,0.34918204,0.7075129,0.28333604,0.22553937,1.7057261,0.008066272,3.702766,1.0286783,0.0,0.03229091,0.0,0.033136424,0.12101642,0.27480075,0.44777134,0.118315876,0.39494923,0.010067262,0.58192396,0.5784167,1.4405545,1.657355,0.84451383,0.8365351,0.12917107,0.14014818,0.16865237,0.38989303,0.10665463,0.009392605,0.1969639,2.494579,0.033638,0.087411545,0.29746062,0.30420202,0.47940445,0.56697214,1.4401212,2.0449228,1.2792186,1.1761484,0.07542547,0.07078129,1.4173007,0.18190913,1.0433412,0.72921777,0.023544082,0.12481183,0.43133345,0.19420238,2.16702,2.1205301,1.8903322,0.08234953,1.1552315,0.10798534,0.5338684,0.035023645,0.50839245,0.3825998,0.014297966,0.10910617,0.86217475,1.3189619,0.57528305,0.15787023,0.001034579,0.46850172,1.086858,0.66318417,0.27577212,0.04205506,2.4766767,0.07970238,0.13389876,0.0857865,0.87149394,0.00908321,0.3590539,0.10223548,0.38577855,0.05365712,0.5752814,0.014643562,0.8859567,4.3598266,0.081808925,0.23410168,0.52451545,0.10702403,0.010122207,0.0009251182,2.1701872,0.16962764,0.04758175,3.451588,0.043913633,0.04981796,1.9485272,0.061339743,0.031898547,0.4967919,1.8985165,0.02294118,3.050169,0.06506046,0.09317707,0.14825353,0.55472994,0.19411536,0.33028248,0.79110247,0.3826495,0.24610792,0.5335947,0.8945962,0.72114825,0.36170584,0.6046202,1.9820955,0.61224097,0.44974688,0.08939854,0.117929086,0.49000302,0.12898491,1.0556251,0.0,0.6531808,0.36453757,0.022448033,0.02154743,0.28733268,0.07754696,0.06934904,1.5668463,0.10950427,0.012493379,0.0021951448,0.5863579,3.5948343,0.016548378,0.19918203,0.38302797,0.20314859,0.017272158,0.59919286,1.1072725,3.3023403,1.2525256,0.12095893,0.685919,0.0019482877,2.95964,0.33325377,0.32714868,0.73829734,0.10885182,0.117320836,0.08584281,0.29976514,0.088001825,0.60307324,0.056835737,0.332612,0.20088872,1.2612734,0.76843387,0.04149115,0.00536598,0.0,0.7062223,1.2195581,0.18704788,0.4759955,0.13931073,1.4234228,0.6427331,1.2589036,0.056518953,0.37479225,0.16676353,1.1635759,0.22501941,0.0018246894,0.477612,0.14789891,0.48219633,0.19880874,0.41032675,0.03019526,0.00425046,0.4176079,1.3772507,0.3653404,0.9373005,0.39411893,0.5661309,0.4006573,0.42926398,0.0,0.11678046,1.427627,0.006899988,0.9014833,0.19706245,1.3552872,0.0,0.015372001,0.115408644,0.6113866,0.28621662,0.8401432,0.81543756,0.4385459,0.07217765,1.1552472,0.013966144,1.094183,0.29891908,2.889709,1.8055379,0.9507754,0.012664934,0.035216384,1.1343665,0.15040556,0.41900647,0.24359888,0.28155318,0.038338497,0.25960204,2.1776416,0.2839,0.11255799,0.3324226,0.36298206,0.48714706,2.0366745,1.3333737,0.44758317,0.6532632,0.43806309,0.09603041,0.049473878,0.16176143,1.6035589,0.38640237,0.19267853,0.18626544,0.17033027,0.24185856,1.2149227,0.863848,0.39164084,0.0,1.4749187,0.8030289,1.391199,1.6408097,1.380657,0.017668024,1.062354,0.11789313,1.0710684,0.5665855,0.43199444,0.72962683,0.8071047,0.099127926,0.23187494,3.8008049,0.14479785,0.31439194,0.009736108,0.7907336,1.9672668,0.23605429,0.25114378,0.13807376,0.17550877,0.0,0.40290707,0.43520063,0.19021322,0.16869178,1.2918569,0.28052926,0.39373574,0.35687196,0.8332619,0.74065834,0.9433411,0.35918832,0.21408205,3.0445151,0.62121946,0.58203745,0.8423509,0.10777052,1.7526627,0.07644638,0.0,0.0,0.19210446,1.3905718,1.4053545,0.039293304,0.014338815,0.86181414,1.16246,0.1958269,0.02169479,1.8907354,0.35574612,0.43286693,0.5857306,2.4823773,1.3830345,0.49367344,0.0,0.074371055,0.13183825,0.57666534,0.724648,0.10432857,1.0986037,1.0690638,0.08297208,0.0,0.22689727,0.008648116,0.21093436,0.22551876,0.9608759,0.22511017,0.14848353,6.591801,0.57900214,0.32362023,0.5514134,0.12554714,0.79215705,0.6641866,0.11242308,3.2688217,0.04854923,0.35522872,all_pothole_images\pothole_images_new_image_787.jpg
1.4456298,1.598275,0.6241732,1.5553856,0.56947565,1.2077217,2.0221772,0.08894143,2.3390522,0.1573878,0.88374436,0.042345777,0.8822189,1.0466678,0.3887032,1.5638913,0.28867063,0.9747221,0.500214,0.45694986,1.1222614,1.8440402,2.3905487,0.48957,0.24589331,0.7074052,0.23696913,0.57123363,0.6177663,1.1099827,0.3515445,0.49887523,0.5793226,0.38216645,0.17609203,1.1138452,1.1833386,0.72120655,2.6904716,0.16175292,1.7578695,1.3469537,0.1283881,1.4710574,0.54033047,0.043297898,1.3391587,0.028586796,1.5866023,0.6567798,0.89840394,2.3493433,2.0061648,1.1761484,1.366748,2.009584,0.58484775,0.39743048,1.1365318,2.1455128,0.27799127,2.2799487,0.27455372,0.004195239,0.58311677,2.9867127,3.0768805,0.6972471,0.8653264,0.24257039,0.0055988966,0.77190757,0.36891726,0.15712194,0.29173902,1.3789395,0.41785577,0.40723476,0.38164398,0.17771813,1.0338954,0.6383529,1.082152,0.5020976,0.8197818,0.7188234,0.08851008,0.7748477,1.0116287,1.5738379,2.0446668,2.5257173,0.19685134,0.1766778,2.8932304,0.01754988,1.2035848,1.756473,0.12618999,0.7194841,0.11408873,1.1697652,0.2916569,0.96233624,1.7764497,0.6870726,0.027758868,0.21647869,0.037025105,2.872168,0.4582001,2.5959952,1.0982935,0.2820433,0.19648132,0.24511696,2.0533545,0.41843337,2.8905482,1.2801967,0.07868212,0.7591556,0.62720394,1.4440731,0.70594734,1.6524925,1.7829543,0.62063366,0.91264886,0.1322974,0.15362465,1.8177096,0.026860636,0.6325871,1.2837179,0.3204743,0.37712198,0.38195503,0.5882959,1.4284854,2.9556293,0.46261597,0.7233325,0.030178666,0.89590174,0.13471644,1.8422201,0.4904454,0.13717973,1.6481186,0.3804024,2.3140812,0.39759576,0.3475577,0.9251065,0.07331004,2.04558,0.54041326,1.1251444,1.9554054,1.7061518,0.603734,0.3675334,0.84571433,2.368502,0.39101118,0.16807875,0.5933738,2.3946707,0.9349043,2.037195,0.24125838,0.75975734,0.4993739,0.5457312,0.5545682,0.43545395,0.08562989,2.0053551,1.1042888,0.3982313,4.069354,2.233785,1.1887039,1.7824636,0.87661135,3.3962314,4.001617,0.2078929,0.6985841,0.23393276,0.6757038,0.7799289,2.1249588,0.02635186,0.03881711,1.7987443,3.7522912,1.2044746,0.7269765,0.042683307,3.4200099,0.569751,0.09598833,2.564856,0.5693095,0.9831714,0.02325729,1.7415446,1.4206921,0.41448337,0.18389092,1.096037,1.5095093,2.321075,0.5575644,1.4979073,0.40025908,0.80645335,1.3033322,0.11348003,1.0778713,1.6780239,2.880825,0.28773966,0.5721634,1.0874417,0.43955338,0.17138699,0.03863933,0.06899852,4.1638165,0.02214989,0.90514374,1.5247438,0.67223823,0.5191887,0.4349097,0.069349185,1.0634378,0.16869335,0.28549868,0.26974073,0.616783,0.0,0.659428,1.2693104,0.31212282,4.5395103,0.9657133,1.0309892,0.5162249,1.6285661,0.38778234,2.6939232,0.42685995,1.2337266,0.78092253,0.69000196,1.0424,0.3827959,0.23977396,0.7840325,2.1553123,1.7552491,2.701807,0.6363865,1.1080841,2.2328892,0.009819626,1.6899843,0.23344834,1.2299684,0.95768905,0.7399557,1.8840724,1.4902687,1.2382816,0.12227383,0.0064671063,0.07814372,2.4802332,0.0018048368,0.71338886,0.13467966,1.3132604,0.6255653,1.6840755,2.564795,0.2863773,1.8222513,0.57721794,0.27683818,2.139978,0.2451946,0.8483272,3.034195,0.9308272,0.3578446,0.43773517,0.05104785,0.21889307,0.33591786,1.3391125,1.8097953,0.14073561,1.6736478,1.2482544,0.91571784,1.3368627,1.3035947,1.4857866,4.749771,1.9801941,0.034277935,1.1401111,0.006832576,1.0569034,1.0166188,0.5179432,3.172026,0.45563215,0.2828964,0.010393546,2.8493052,0.6375942,0.5102947,0.12385341,0.5156724,1.0866594,1.5825852,0.17607786,0.9527535,0.45373613,0.47549343,0.33568949,0.7990776,1.6413101,1.177362,0.7743497,0.27578044,2.8050396,2.4805586,0.3579381,0.9938971,0.8509461,0.52423084,0.4647932,0.48997924,0.51456445,1.5766698,1.5532211,1.7666591,1.3355722,2.5039885,0.24142535,1.2808425,1.229472,1.742951,1.7382859,0.33516163,0.3347138,2.447254,1.569022,0.7807227,1.268493,1.6021937,0.40035516,2.9997907,2.0821624,0.95543015,1.5981171,0.5374451,0.42666945,3.525122,0.6273682,1.1764661,0.49690682,0.8165324,1.3577578,0.8571518,1.2990917,1.3034256,1.4262779,0.8787982,1.2972032,1.5023959,0.12699117,1.6112767,1.1437777,1.3141141,3.2925017,0.50018513,0.56464696,0.58218443,0.40375844,0.22024131,1.375768,2.458204,0.7053933,2.0247505,0.4277297,1.082276,1.6011124,1.2248197,0.39928088,0.6269749,0.5675122,0.0,1.8354529,0.93536705,2.1045008,4.5322833,0.4179501,0.45414078,0.17954905,1.2567632,0.81583405,1.5507202,0.6030211,0.38492602,0.9416714,0.13484849,1.9584976,0.68829453,0.47585997,2.3641157,0.28911182,1.8116962,1.161563,1.7530603,0.6273132,0.71853286,0.6380814,0.74760795,3.058774,4.290485,1.1479257,1.667588,0.3739932,0.07592872,3.715474,1.0033978,0.5468695,1.6389269,0.1228576,0.70156634,0.4857637,0.8317141,1.9947572,1.4724289,0.73680836,1.9110994,2.2403631,1.6919491,2.3090727,0.51595736,0.07336677,0.050511982,2.3712115,1.2301418,0.4964478,1.640277,0.396025,1.2707279,1.0630167,0.25320154,0.13346376,2.1200562,0.9425937,0.31869283,0.8830613,0.35268128,1.1670998,1.1198236,0.7862021,3.0046248,0.72505856,1.9129769,0.44383115,1.3731191,1.5111585,1.8447113,0.56879485,0.3306792,0.2403443,2.1101801,0.6212549,2.6356,0.17941557,0.91366094,1.3470652,0.75331384,0.2128722,0.08466594,0.0,0.44078833,0.78593653,1.265453,0.21963242,0.243314,3.0190144,1.6959409,2.82191,1.6863838,2.7601104,0.29115376,2.3524063,3.8567,0.89770156,1.1171294,0.75216836,all_pothole_images\pothole_images_new_image_788.jpg
0.005542862,1.9858373,1.3367428,0.5031324,0.021629917,1.2280159,1.1551087,1.1975384,0.6184356,1.088129,0.18470865,0.6398772,0.0,0.16503985,0.16162734,1.6456227,1.0126541,0.14176613,1.1864198,0.70635766,0.1960649,1.157208,1.9112103,0.8563211,0.42740452,0.2489571,0.119982,1.843823,0.32884508,1.1765296,0.40538788,0.74738497,0.019847315,1.4744335,1.1553751,0.60100937,0.97513866,0.088099234,0.6959163,0.89752245,0.4416904,0.1644569,0.568728,0.21808861,0.27251,1.2737827,0.22064288,0.06693791,1.1631851,0.45775467,0.26144814,0.18178566,0.26669365,1.1274347,1.4990244,1.3076844,0.8552299,1.6409894,3.3834436,0.50151944,0.18942356,0.8793592,1.3787019,1.2333871,0.22904156,0.66589457,1.7859238,0.5008872,1.8301842,0.9817852,0.4397924,0.1203184,0.16250686,0.32532388,2.4699485,0.10491449,0.24582733,1.7003307,0.40208358,1.0427413,0.1652036,0.43610826,0.9878208,1.068563,2.037658,0.4994763,0.10465772,0.21375847,2.1137922,0.80167776,2.6888528,1.2558095,0.29290193,0.3502861,0.16118962,1.0512393,0.20543028,2.148146,1.4917504,1.21097,0.13354404,0.1411765,0.06792704,0.8639474,1.4636296,2.5450516,0.8367093,0.12421312,1.0725836,0.32288593,0.7394006,2.1709778,0.4927806,0.4737549,0.11038851,1.0032425,0.38585475,0.3701749,0.38044745,0.8624873,0.35043398,0.64068526,0.51597625,0.6771622,0.34223658,1.1040959,0.1348252,0.2826041,0.53149706,1.9097708,0.43196163,0.22754854,0.6751593,0.692868,2.1517134,0.2010208,0.38711652,1.110141,0.66782814,1.0189093,1.0282309,1.7075884,0.085309245,0.32936504,0.05094854,0.08848356,1.0525966,0.0,0.9012154,3.5707166,0.22027549,1.022734,0.88476235,0.4014453,2.3983738,0.7436789,0.03602038,0.33564353,0.27492002,1.228098,0.5787678,0.8182298,1.8675869,0.6063474,1.4412426,0.32325497,0.7836493,0.29806235,0.6461396,0.81951755,2.2320657,1.2256666,1.354098,0.22471482,1.830838,0.06314192,0.042279463,0.015387491,0.23226282,0.32482025,0.07431526,1.765638,2.8768578,0.4405175,2.4641314,2.0080585,0.60319775,0.18798588,1.5050395,0.9905244,0.36280712,0.049988776,1.4939176,0.8156072,3.1388168,1.3122057,0.5398455,0.6841426,0.015049215,1.0142235,0.5679236,0.5234511,0.4091687,0.26085177,2.4153743,2.4152894,0.5179706,0.8298475,0.1817612,0.17931342,0.61365384,0.80904794,1.1878843,0.4892673,0.16204251,0.6600793,0.03216864,0.54109764,0.77553785,0.38150793,1.2848299,1.0353386,0.9926211,1.5868313,0.16577491,0.006384393,1.8049258,0.13775934,1.0813781,0.08569766,0.23832805,1.7046471,3.147332,0.17976478,0.83532214,1.5636903,2.4259515,0.66184247,0.8361207,0.5686152,0.80942893,1.8066493,0.17724097,0.12457833,0.4722201,0.5864747,1.4276105,0.26850337,1.5523158,2.168673,0.18366954,2.631315,1.2962493,0.3531376,0.8471326,0.2569669,1.4405112,0.78530854,1.3020273,0.05123825,0.49761036,0.6649129,2.0795562,0.5937093,0.2972316,0.7514642,1.5295461,1.2356039,1.518793,1.0889323,2.2847452,0.15127084,1.8415289,2.0137286,0.8397835,2.4029303,0.909972,0.27617955,0.3649483,0.13246746,0.08364277,0.36543134,0.7002607,0.51440966,0.93994427,0.23043683,1.4720114,0.856353,0.08389229,1.0270493,0.31443828,0.49474403,0.025964959,2.2020388,1.9581747,0.3439018,0.82549745,0.59476745,0.8579519,1.9612865,0.5369135,0.1923355,0.08186747,1.2503972,1.2056444,1.6502498,0.38723284,1.9979473,0.71628356,0.18801269,0.05201079,0.9084834,2.433517,1.7106441,0.25892073,0.51147825,0.6709974,1.1466303,1.4728065,0.6108258,0.94260865,1.6554708,0.528963,0.58975816,0.7779073,1.2790828,0.32582846,0.9547226,0.7581563,1.3595327,2.5662982,0.03040427,0.706055,0.09829768,0.028310379,0.42156905,0.7572807,0.30192673,0.21376993,1.6362413,0.09566737,0.21313255,0.32427362,0.31577966,1.7430619,0.30895534,0.12091487,0.6525595,0.23942636,1.0222018,0.50793964,0.9535902,1.1832383,1.4510576,0.12507422,0.005680432,1.6295456,1.3758903,0.8259235,1.0773555,0.047184095,0.0,0.4781122,0.09194217,0.08659452,1.110004,0.76769257,0.059813634,0.93718845,0.010454976,1.4982316,1.6845955,0.2509896,0.532051,1.5704976,1.254178,0.3566553,0.88855195,1.4450569,0.5585239,0.2674607,1.0853964,0.90679634,0.02344181,1.5008177,1.2728744,0.19171633,0.18062267,2.9883487,3.2232544,0.3973161,0.86558217,0.9116212,0.06344031,0.6952579,1.3704888,1.1855509,1.5713704,0.3806375,1.5766929,5.7872114,0.02650114,0.5577112,1.7769183,0.0033410818,0.10741677,0.8976711,2.0312634,0.33500382,2.6206083,0.023555728,0.5614292,0.70957774,0.21747571,0.023687182,1.0004101,0.65604573,0.1822398,1.1010582,0.2269436,0.011419829,0.0,0.88289833,1.0207824,0.076155804,0.5640064,0.95714986,0.788332,0.40411013,1.0548934,3.5997508,0.35289702,0.39343217,0.0759799,1.0227162,3.0161452,1.2906448,1.2810059,1.9740577,1.0374341,0.08668264,0.3078725,1.7595228,0.15613003,0.0657136,0.9026827,1.544185,0.14318281,1.0237021,3.377482,0.024084246,0.040900204,2.0173683,0.8632485,1.7791071,1.4431516,0.79713666,1.6592479,0.7670574,0.32786512,0.094131835,0.004495838,1.2897521,0.9910482,0.7740014,1.4047039,0.40587577,0.48500103,1.5018245,0.9288446,5.7903094,0.29805964,0.87915754,0.016798774,2.4522443,0.4933815,0.6566067,1.2577178,0.52774084,2.464265,1.1401055,2.4353464,1.0673324,0.24159274,0.32937902,0.3108333,1.1887875,0.051976442,0.32099366,0.07022789,0.6309481,1.5751872,0.14966355,0.013220193,0.18495007,2.1700764,0.71885604,0.031948093,0.24080499,0.6719251,0.3186183,1.2246441,2.5358982,1.9531415,1.3552586,1.0398935,0.42732662,1.687779,1.513601,0.59332067,0.7343297,1.0251604,all_pothole_images\pothole_images_new_image_789.jpg
0.9639349,0.0,0.0,0.52171016,0.71138,0.25186545,0.0,0.0,2.1435275,0.87375295,0.046302572,0.0,0.0,1.7106329,0.0,0.34296626,0.011454445,0.53689367,1.9497194,0.24697731,0.99559784,0.30902806,0.9080547,0.5112292,1.7356794,0.0053687897,0.02335875,2.173936,0.30659994,0.0,0.0034472677,0.41392976,0.0033534376,1.4375328,0.0,0.40119696,0.023563143,0.91579527,0.6620435,0.13486372,0.0061661545,0.18430762,0.0024447998,0.10058245,0.11982973,0.00049659796,0.09225432,0.6607302,0.13770512,0.35534278,0.09776242,0.85195047,0.037897624,0.012563926,0.10332209,0.06003725,0.034909017,0.5029551,0.0035403215,0.010072295,0.021711878,0.7009401,0.08390691,0.1064583,1.1722033,0.6245775,1.1563935,0.7680692,0.66602975,0.12864843,1.130511,0.010338759,0.05283699,0.0,0.7034248,0.011599668,1.0439178,1.1481359,0.0,0.025130013,0.0,0.061798096,0.4889429,0.56155103,0.0022272503,0.01918642,0.40222374,0.31582403,1.1751716,0.040470045,0.1554711,0.66958666,0.0,0.65871865,0.3685948,0.1988211,1.5826911,1.5029517,0.0059305676,0.25206915,0.042342857,0.5080424,0.107860886,0.19447774,0.33600864,0.0,0.02454497,0.019940037,0.0,2.1533444,0.013144065,0.11131764,0.027368762,0.6999614,0.29443985,0.00061833573,0.14149767,0.1557388,0.9202284,0.0,2.347212,0.0,0.013599266,2.081448,0.017510153,0.49077675,0.0,0.8177146,0.0,0.016207837,0.0,0.19315557,0.0,0.021444146,0.23456456,0.3313509,1.3935307,0.1722714,0.28184915,0.004111803,0.26921582,0.003625284,0.83337617,0.46670634,0.0,0.0013836434,0.0085797645,0.37668112,0.9069866,0.0,0.12735748,0.0,0.27811417,0.61340076,1.0377187,0.04334473,0.11042736,0.044084065,0.0,0.661634,1.7903168,1.472181,0.0,0.20473845,0.017109513,0.035657365,0.14870119,0.16194414,0.27666637,4.6438994,0.01084122,0.019470079,0.0037816179,0.029565906,0.00084395905,0.011832683,0.030833237,0.0039622746,0.3954829,0.9447917,0.004239879,0.6663951,0.2304612,1.3583298,2.3036342,3.7045162,0.13071507,0.028720062,3.1197572,1.104334,0.019383831,0.0,0.5235189,0.039665096,2.1064863,0.25197518,3.824786,0.05408826,1.021288,0.0,0.014963146,0.34623846,0.02391956,0.055178825,0.9315608,0.45274243,0.07760712,0.0,1.857961,1.0649551,0.0,0.32229957,0.0771773,0.0,1.2999811,0.45648086,0.2909488,0.12438118,0.3151341,0.04224711,0.08413828,1.0078278,1.1373576,0.13482335,0.0,0.016402911,0.028062591,0.0027732793,5.322992,0.08137517,0.0,0.0021450166,0.061287537,0.09002466,0.0,0.084244326,0.40574488,0.053288363,0.021164302,0.027885111,0.01851756,0.040839244,0.10730498,1.1298095,0.0,0.056047965,0.2946939,0.042070102,0.027793013,5.8266077,0.19877827,0.7657405,0.0,0.27327713,0.006954334,0.13147077,0.01673988,1.55398,0.07921135,0.54140365,0.6438693,1.1111641,0.6810332,0.2741029,0.0,0.0925078,0.29591566,0.095858544,0.18706903,0.053172477,0.102012984,0.0073333574,1.0499462,0.64271253,0.056222428,0.5606595,0.12642154,0.15219791,0.6142708,0.062369205,0.10015168,0.00094412046,2.3918374,0.020333083,0.059829973,0.20586407,0.96905845,0.0,0.085016474,0.00019510466,0.0,0.9715814,0.024365684,0.13649568,0.50255835,0.41899392,1.0564376,0.0023885914,0.013696123,4.852474,0.4416433,1.9107956,0.0,0.18173702,3.1571212,0.0,1.548881,2.247551,0.37244648,0.6462207,0.047447786,0.0,2.7986572,1.8852336,0.2152428,0.0036146336,0.34276152,0.4360663,4.4683905,0.11312782,0.6041537,0.7912177,1.0477208,0.008669927,0.52483016,0.87478954,0.36905593,0.0,0.0,0.037773926,2.9914737,0.43262845,0.40468666,0.012011886,0.26141307,0.013733277,1.5877417,0.016432956,0.13070916,1.1787219,0.2407834,0.0007114751,4.287159,1.9785916,0.10807521,0.0,0.10475626,0.2684061,0.482464,0.0,0.020378677,0.3016269,0.00020312959,0.6927104,0.020316845,0.34533435,0.0228447,0.8630872,0.4659542,0.8437992,1.8681135,0.90489787,0.5673409,0.020861613,0.0,0.13471484,1.0315093,0.0,0.07688367,0.12585849,0.05951405,0.18129674,0.7330369,1.667013,0.2636558,0.48412165,0.16225132,1.8876318,0.0,0.13094403,0.7716584,0.0,0.10264479,0.09872113,0.4225792,0.0,1.5479207,0.0241322,0.7973296,0.648039,0.8790605,0.0001510838,0.189548,1.3936785,0.0,0.10085088,0.47778973,0.16396327,1.6353211,0.0,0.40406498,0.2518857,0.18532082,0.02601556,1.09103,0.0,0.46650547,0.74180573,0.475462,0.01731324,0.0,0.09706318,0.794541,0.015054267,0.0,0.33434168,0.24629556,0.011867697,0.018237287,1.0522631,0.17862904,0.31056154,0.06389263,0.2915904,0.1179698,0.0031875374,0.113994345,0.0,0.0019811257,0.0067109987,0.093351625,0.36660263,0.46414185,1.299201,0.20351401,2.1007822,0.8276999,1.4704274,0.0,0.0,0.9734651,0.0010896611,0.0,0.0014821371,0.0,0.009318417,0.08517133,0.0026368122,0.0,1.883251,3.1066303,0.2601127,1.5358607,0.0,0.037188504,1.3658159,0.1623544,0.0,0.28596362,0.9879762,1.7044146,0.0,0.014317509,0.0,0.047224127,1.0494562,1.3428067,0.32678813,0.0,0.0062220683,0.24455766,0.84109867,0.0,0.0032157332,0.014557968,0.8468039,0.0,0.36199903,0.7631475,0.015626298,1.0513023,0.419928,0.12793352,0.01974966,0.040874925,0.42064494,0.0,0.012004222,0.47526097,0.0,1.1253308,2.0751173,0.059096653,0.043677155,0.0,0.042599045,0.02712803,0.26118365,0.0,0.004290656,0.09485767,2.0402923,0.59675294,0.5136793,0.2097224,2.435825,0.63186264,0.0078962445,0.15480947,1.0778809,0.14002924,0.09773626,all_pothole_images\pothole_images_new_image_79.jpg
0.137919,1.520565,1.4412986,0.31783986,0.092664346,0.4340912,2.577819,0.26891187,0.7215693,3.3268223,1.0080968,1.5615273,1.6764675,1.2228866,0.10397013,0.12095926,1.3707888,0.09160013,0.4878174,1.991721,0.33770856,1.154951,1.6268766,1.1041234,0.7704874,2.6375997,0.7444492,0.88635105,1.0695642,0.635836,0.40468413,0.48222777,0.8020734,0.51975846,3.1998458,1.9873787,0.5236591,1.2699198,0.09342595,0.56162626,0.9434798,2.17124,1.0928825,0.2734223,0.94688684,1.7898855,0.50683826,0.10062705,1.0855564,0.68621093,2.7046335,0.6423175,1.1916605,1.8502253,1.1184163,0.16696465,1.781104,2.068712,1.103399,0.6907179,1.3658495,0.80547017,0.6155851,0.61654913,1.5720556,1.5942433,0.09046642,1.6280464,0.5867742,0.6347119,0.052222654,0.4468975,0.04711808,0.9219245,0.9200168,2.200068,0.008953227,0.8605169,0.8561793,0.37753755,0.27463776,0.70411915,0.27153915,2.1372283,1.3212783,0.8001887,0.1777199,1.0300004,0.75053877,0.27425477,0.3795836,2.4555979,0.18228678,2.8233075,0.033188906,2.4694571,0.33873048,0.7310774,0.55807877,0.88549614,0.6518815,1.9181817,0.56521094,0.33723614,0.9221025,3.8531368,0.19387296,1.8830432,0.6737811,0.005669672,1.3497943,2.0106378,0.3708568,0.82992655,2.0568542,0.09157636,5.1299663,5.2910147,0.40533134,0.9517398,1.7424465,1.4855659,3.6518428,2.726974,1.3956847,0.4369805,1.5833894,0.33331496,1.2096279,0.1251529,2.6758733,0.43616018,0.52308005,1.1090276,0.6891828,1.0068426,0.9097899,0.15704116,2.6237147,2.665678,1.4011469,1.688735,4.0520263,0.39807516,0.0,0.030550228,2.8123286,0.018932369,0.6428094,0.16433556,1.0797964,0.11634908,0.40885878,0.58715236,1.788861,0.35419875,1.0408442,0.80781084,0.9616182,0.019357389,2.3072102,0.0,0.9320269,8.365441,0.578791,0.06477292,0.959723,0.8410381,0.58068186,1.0407233,0.8437838,0.3975942,0.4882238,0.46577016,1.1962643,3.8910882,0.7300205,0.18755807,1.0824834,0.6153464,2.7634861,0.38753393,0.45842326,2.2608602,0.88558555,0.7759977,1.5311419,0.7014835,1.0391822,1.2628695,0.8305496,1.0973426,0.85344553,4.8900514,0.8681094,0.7208677,0.28518942,0.5965276,0.58885676,1.9542187,0.81607056,0.45511684,0.37413192,0.19947767,0.38086042,0.039970223,0.5525923,0.42065874,0.1721943,0.61840695,0.0020541865,0.51598966,1.0376195,0.8667181,0.7988421,0.8555321,0.4885675,0.037745465,1.3881973,0.42539448,0.18806219,0.6540148,0.06751253,1.6269075,0.52132845,0.97089183,2.02799,0.5778038,0.3514972,1.6245866,0.96363765,0.31902546,1.7654569,0.43870685,0.1876145,0.7823439,0.35067594,0.82789344,0.5220907,1.5880038,0.25803494,0.19390643,0.53169703,1.5831968,1.264423,1.0762258,2.3648195,0.78058434,1.1466548,0.015093923,1.0765426,0.7753358,2.829003,1.3843554,0.5566237,0.5714625,0.3058778,0.55844194,0.41670048,0.07825495,1.0349483,1.3671993,1.4717987,0.31823578,0.42360806,1.1443641,0.27919018,0.72968125,0.6866047,1.7336532,0.0,0.24301867,0.01055046,0.06470069,1.1129754,0.20318522,0.8479886,0.78785235,2.0655212,0.3184522,1.2858688,2.0208955,1.4721782,2.0772939,0.86008793,0.3544683,1.0204628,0.5995969,3.112118,1.3809178,0.36927965,1.3670545,0.41917408,0.104278885,0.44090512,0.33068848,2.653136,0.22550197,0.29006985,0.11181257,1.9442683,2.7044284,2.56754,0.06468561,0.00022570245,0.10468913,0.5034047,0.19438902,1.6113414,0.7183617,0.4985113,1.6029955,0.47772434,3.0706644,1.2481346,1.2431077,0.07280959,1.607961,0.14455557,0.87852335,1.3887987,0.77620167,0.03823974,2.146274,0.33107018,2.480403,1.6890118,2.8811169,0.9316758,1.3917915,0.5447242,0.958386,0.6472579,1.1955553,1.6922333,3.9689803,0.16085929,0.6510609,0.89235693,0.2979269,1.3453145,0.38660893,0.29045436,0.3672215,0.6427997,0.7954338,0.7662458,0.14658463,0.40385944,1.5027632,0.026255062,0.011553263,0.9742377,0.13696595,0.8099739,0.9480502,1.0388496,1.575172,0.29450542,0.120745674,1.5528489,0.06323365,0.4102316,1.5968984,1.9504249,0.6775686,0.7442984,0.44244117,0.49258402,0.9050115,0.35153645,2.1086226,1.1018254,0.29233646,1.2504597,0.03294327,0.908832,0.9417041,0.4259969,4.240046,0.4109249,3.4584086,1.0794436,1.1888573,0.40187016,0.032632478,1.6325798,0.8726736,0.5685309,0.3548721,2.8046799,1.1057024,0.6904031,1.1182063,0.64758754,1.4617895,3.5267844,2.675868,0.4734469,0.8837291,1.8808905,0.9355108,0.019490303,0.35397422,1.0270079,0.1796715,1.9605906,0.1565724,0.52088726,0.30513534,0.49807793,0.5391447,1.1050948,0.77918303,0.48245546,0.9717337,0.37526226,2.1899524,0.5622035,0.60311073,1.427858,0.41294542,1.8536651,0.67215323,1.7630216,0.97634923,1.9636034,2.470458,1.070476,1.2115023,0.0,2.8833587,0.045486707,2.365625,0.36245948,1.8505794,2.0659137,2.0824382,0.5122791,1.3073736,0.50345725,0.8343071,0.077286415,1.4254655,0.1656394,0.45143053,1.8961736,0.17614037,0.9895799,1.9123524,0.6541446,0.9071921,0.6141598,0.24908742,0.040595133,0.40554625,0.22458792,0.0,0.064033166,0.05792399,1.6028669,0.5050867,0.6288489,0.9028662,0.5856387,1.983723,0.84484303,1.4269282,2.6328948,0.9796896,0.23657286,0.6084279,1.4446108,1.5829107,0.0867358,0.0,0.8412489,1.4129994,1.195626,0.5162948,1.5522025,2.5472724,2.231181,1.8623413,0.1783918,0.24650913,1.1817675,0.23935072,1.4978874,0.76968086,0.16767234,0.1176348,0.2723721,0.41074613,0.36125267,0.0,1.0018098,0.44708955,2.489137,2.1714222,0.82473004,1.4521992,1.0188714,0.5675504,1.248468,0.17995955,0.025887465,0.9288626,0.26228565,1.33272,0.13102308,0.96241385,all_pothole_images\pothole_images_new_image_790.jpg
0.627034,0.49113292,0.66820556,2.4960737,1.0372665,0.52489877,0.53697497,0.66111344,0.4286756,1.4280934,0.092544496,0.3571367,0.0036252073,3.0119455,0.415906,0.07475097,0.42580336,0.47648293,2.366062,0.50441325,0.94905907,2.6600192,0.6614795,0.24580328,1.3558122,1.2945025,0.29894218,0.77555656,0.0,1.0705698,0.8070641,0.26082304,0.5744606,0.21693051,1.0505513,0.9169796,0.55771327,0.39236245,1.1247512,1.7860217,0.018857783,1.0362517,0.271293,1.8012019,0.11214056,0.50373954,0.12060237,0.025101274,1.0886024,1.0707943,0.8907632,0.25199753,1.9736285,0.15619178,0.17744327,0.5204119,1.61427,0.9304236,1.1623679,0.42469928,0.6690135,0.73682916,0.3251849,0.9320093,0.7489067,2.3351834,1.283537,1.7326443,2.1937253,0.6152407,0.23178567,0.15234706,1.3640834,0.4557829,0.83848375,0.90886533,0.20562078,0.05672816,0.005551009,0.5330737,0.005451914,0.29988167,1.9193326,1.1812385,0.55803853,0.7403254,0.11165379,0.91666234,1.239229,0.16200873,1.1004,0.97871226,0.39757735,1.1726418,0.6254576,0.30845717,1.9160101,0.16962957,1.2324859,0.48446617,0.20765164,0.87593305,0.6725863,0.028440978,0.68357337,0.7107835,0.1078053,0.5335945,0.112141915,0.56559163,0.5949944,3.81177,0.7434626,0.21288922,0.6522777,0.15153855,2.037834,0.4592733,2.7733896,0.2164504,3.0893455,1.9215969,1.2586466,0.5369804,0.8847633,0.76441824,0.45168778,0.68050057,0.10121906,0.20524912,0.611888,0.08925305,1.09575,0.3871276,0.16347905,0.29385176,0.5171418,0.21841608,0.32777345,0.10857431,0.7698792,1.5225161,0.6874649,1.5986378,0.041846424,1.0272188,0.533336,0.09904732,1.7087221,0.24288014,0.7706155,0.14958869,0.2937496,0.09847146,2.623337,1.336356,0.44384944,0.8849548,0.40469944,0.24881655,2.089319,0.4348384,0.2991289,0.6458277,1.546785,1.1575289,0.6674184,0.50331455,1.3928478,0.94094706,0.4071974,0.27026746,0.44783205,0.582578,0.9240565,0.25614154,0.24041286,0.16080418,1.3444542,0.18907127,0.06836144,3.648813,2.244731,0.4906923,2.503665,0.4646946,0.59232247,0.12379584,1.8301591,1.7903672,1.4443923,0.55653685,0.14889392,1.4454925,0.31676775,0.03439745,0.4384521,1.8105032,0.783608,1.0664288,0.49699187,0.9619009,0.98617387,0.7497638,0.24495782,0.25880226,0.2675647,1.8011668,1.0945166,1.2067225,0.32610032,0.12488529,1.5979992,2.3213906,0.063915536,0.923642,0.08940466,1.1005142,1.8253454,1.0073105,0.23395942,1.460708,0.9666157,1.7746483,0.518019,0.35658622,2.9272718,0.44564915,0.3591272,0.48272297,0.46418968,2.3433163,0.8282497,0.9369284,0.8752393,0.01844116,0.47013226,0.07067656,0.5959405,0.2705259,0.10196894,0.13192116,0.57031655,0.95485216,1.0176666,0.008295715,0.9934475,0.3157269,0.8124766,5.7467775,2.315445,0.58655953,0.58879626,0.43795598,0.05528697,1.0294952,2.5326543,1.1302919,0.36321685,1.6635122,0.24645999,0.3969082,0.7454697,2.658928,0.34373417,2.5584028,0.69226885,0.38989568,0.15638164,0.24681152,0.52255857,0.838614,0.08205118,0.7897284,0.74120766,1.5259463,0.60313123,0.07668518,0.28993434,1.3831931,0.38856,0.23656262,0.4299625,0.0,0.9209529,0.22720309,1.2248734,1.082903,1.3299754,0.2610397,0.3841744,0.5379282,1.6999857,0.60767925,0.4603524,0.74288636,1.2949,3.7730906,0.20365445,0.5980555,0.0,0.5256045,0.1215657,0.533271,3.369262,0.62006146,0.5882885,0.9097288,0.38332456,0.26662666,1.266375,0.43187657,2.42771,0.87304455,0.48765683,1.2648518,0.07379853,1.074979,3.6707783,0.4451704,0.12488026,0.046355188,0.1601217,0.14131255,0.5858967,0.41058704,0.092523605,0.25938025,0.5017837,0.15046959,2.3819227,0.33562204,0.6434968,0.3897698,0.39652354,1.0966954,2.6876175,0.1943844,0.3914246,0.18346077,0.8039699,1.2769297,2.3239644,1.3147153,1.2293416,0.57894135,0.031137176,0.48449364,0.33020934,0.68162465,0.5746605,0.25996125,3.1096857,0.2602307,0.026899252,0.59573567,0.5263284,2.3007343,1.9913602,1.3650041,0.0008644741,0.12902859,0.5269011,0.21184999,0.0,0.033437576,2.9217002,0.0074514356,0.025970342,0.8245612,3.2813396,1.2346342,0.5379117,0.0,0.5741779,0.3832329,0.2059421,0.38304916,0.7279961,0.9857229,2.052877,0.0096717635,0.6267169,1.8414037,3.6854517,3.0669608,1.9238741,0.20762485,2.0679789,1.7862204,2.0215507,1.9249672,0.36037242,1.1008322,0.24526374,0.1920027,2.0930972,1.7781478,0.9434911,1.0900389,5.6404138,0.35324612,0.049844205,1.6663698,0.52982205,0.32181707,0.16985449,2.9603245,0.0071071866,0.036106218,0.26986158,0.78423095,1.185628,1.4204113,0.058836684,0.25635827,1.5623232,0.0058059376,0.9061167,0.1529247,1.4824244,0.0,2.7175932,1.2767344,0.52832144,0.92623544,0.07172631,1.477492,1.0014343,1.2611246,0.2648424,1.4191567,0.5461599,1.5116531,0.8932036,2.5666487,0.33329976,0.9662039,0.2680823,0.5764816,0.39051723,0.76981366,0.22960284,1.5057396,3.0354736,0.2248745,0.7053381,0.41563392,0.087868504,0.34123215,0.4322005,1.868524,0.36659482,0.78289604,1.8430777,2.0159223,1.4354783,0.81175596,0.5137335,0.69691044,0.8906994,0.523868,1.4514004,0.08758466,1.4372171,0.5834666,0.7131539,0.024565121,0.34753433,0.835737,0.231158,1.3840002,0.0,1.0205688,1.3684381,0.5340054,0.8896699,0.61560315,0.061961036,0.59229696,0.494192,3.8809042,1.5388501,0.14870092,0.15753873,1.1880935,1.5356451,0.1145802,1.5264578,0.0,0.9188892,0.7850427,0.7289205,0.43502352,0.13544476,1.1868517,0.72395694,0.8356057,0.80008924,0.3118711,0.32188618,3.955478,0.6138323,1.1577786,0.5885066,0.47365543,0.33033478,0.30789167,0.23653369,1.1916718,0.3574959,0.2918788,all_pothole_images\pothole_images_new_image_791.jpg
0.9396312,0.9458021,0.6226776,2.0776827,0.016798617,0.070166595,1.6815385,0.73234683,0.3318786,0.51711565,1.0496069,1.0636779,0.0,0.8201091,0.04094881,0.99061686,0.049654942,0.42162734,1.470804,0.5472141,0.312228,0.48685378,0.4510083,0.3052496,0.65381163,0.1634481,0.12786518,1.8028132,0.39840633,0.27070472,0.01489768,0.007286869,0.24989857,0.2439298,0.04889021,1.5565042,0.061933253,0.47982788,1.5665469,0.098594576,0.11462712,0.16422816,0.35883397,1.2490883,0.68698066,0.33495027,0.0,0.0,0.19297603,0.98011297,0.02168018,1.0712682,0.1686117,0.2184092,0.33551654,0.53482676,1.3397768,0.11481409,0.6662056,0.40702632,0.37452385,0.0,0.09574268,0.06164108,0.58338755,2.4544704,0.39243862,0.08780832,0.2645142,0.0,0.0,0.2566939,0.09726638,0.007186437,1.0910513,0.084708974,0.25540787,0.5489147,0.12680213,0.24130988,0.34838548,0.15033829,0.7921191,1.9353391,0.150142,0.0035571738,0.0005474127,0.029169984,0.82144815,0.19333693,0.085841194,0.6641451,0.0,0.03339841,0.8954715,0.084955275,1.0192925,1.9164189,0.04456915,0.19086158,0.0012879332,0.47368795,0.46148613,0.15805839,2.6719508,0.17559992,0.23268224,0.06886766,0.18744285,0.46316692,0.0,1.6345862,0.018015595,0.07378103,1.3794683,0.15406507,0.0016207835,0.005499918,0.73065144,0.46327108,0.6112213,0.0021796657,0.21868293,0.34569898,1.0171447,0.36161765,0.2408518,0.069464974,0.7946314,0.19706866,0.2619468,0.3204089,0.504183,0.052409504,0.13093865,0.54526013,0.09862667,0.45190752,0.15397494,0.008996587,0.42636514,0.6043915,0.780702,0.025546575,0.07158268,0.45932898,0.00530628,0.3870585,1.4276973,0.030505612,0.16302405,0.44350427,0.037771974,0.1509207,1.4786128,0.17482238,0.29498506,0.10372513,0.673258,0.26584148,0.4960954,1.1873811,0.5085918,2.270729,0.9776566,0.092432134,0.36135054,0.08909375,0.66740674,0.97451067,0.122292474,0.026628364,0.02157892,0.0,0.07824195,0.4090227,0.019242384,0.07458526,0.1363447,0.60504556,0.034812797,2.3364985,1.2132125,1.0309373,1.7253369,1.3230709,0.28626755,0.37314382,0.21311179,1.4772671,0.020659909,0.0018471974,0.28470907,0.55519485,0.55151576,0.0,1.931397,0.72628325,0.85130495,1.1567823,0.449359,0.35639703,0.80721664,0.1958432,0.057958603,0.11580202,0.61173743,0.11149877,0.76020235,0.9216101,0.0,0.26769137,0.62551105,1.1873012,1.7530718,2.156566,0.17360009,0.12854357,0.16048533,0.6133432,0.74222696,0.18579365,0.1780339,0.4491683,0.0011637362,0.034025148,1.8789766,0.11615462,1.600178,0.3137229,0.27214664,0.24443907,0.28759027,0.01162539,0.1904538,0.037749194,1.5415585,0.061249435,0.0,0.5144862,0.6190845,1.2956532,0.1374663,0.5706561,0.075453356,0.18685125,0.5385939,0.50622565,2.0818434,5.5147667,2.033479,0.14296734,0.03606631,0.10415468,0.0,1.259762,0.582623,0.42795542,0.34238136,3.1936657,0.07771115,0.15398172,0.23380512,0.15351371,0.26443207,0.29601586,0.39930955,0.014836566,0.9377703,0.15928207,0.31026945,0.010977075,0.42188546,0.026727645,0.828046,1.545873,0.0075534056,0.38239673,0.3343874,0.35825658,0.6651423,0.59028417,0.20869835,0.13292448,0.12130451,0.92296994,0.942669,0.02491406,0.18853398,0.17137091,0.0025723118,0.10160265,0.021622706,0.7246455,0.43856612,0.3954003,0.0,0.35448042,0.73848784,2.3536916,1.4563725,1.3177755,0.22207591,0.15753567,4.1628647,0.0059119025,0.57792306,0.30455896,0.12702799,0.31243768,0.6020416,0.763194,1.9871091,0.7894,0.40120393,0.4544205,0.059725404,0.48974982,2.7773762,0.43864265,0.8355358,0.1105116,0.30375636,0.066654846,0.0020461422,0.44730952,0.8330405,0.05091817,0.7683066,0.72179157,1.8930895,0.120930254,0.9294741,0.048606712,0.07022287,0.021124015,3.055197,1.3112589,0.40940258,0.35815093,0.35823044,0.2021834,0.93007827,3.0409384,1.256974,0.2845984,0.18788727,0.49732137,0.02927846,0.23512942,0.004700937,0.33177164,0.0026764693,0.1286382,0.06819916,0.19570297,0.7608012,1.4614217,0.57164025,1.0874635,0.25439897,1.0194763,0.6990823,0.25289276,0.003497313,0.12986206,2.869345,0.17906888,0.10443514,1.0513483,0.31698668,0.026188023,0.41254595,0.8260479,0.10853828,0.020378312,0.22510602,0.197931,0.049541514,0.1853765,0.54144317,0.5395293,0.118448645,0.5184449,1.3269376,0.0040912903,0.3666087,0.21740116,0.0034034252,0.18863674,0.6072904,0.25902054,0.54278916,1.5072284,0.030700386,0.01048745,2.5887585,0.25392246,0.86310196,0.0152795,0.98624384,1.1336945,0.061341926,0.3481469,0.7642838,0.1312702,1.1007532,0.25392875,0.26413187,0.21378116,0.040133256,0.058296096,0.044471584,0.28584948,0.008346303,0.034137473,0.08931732,0.27619222,0.6147832,0.00065607135,0.70709664,0.47208723,0.5829161,1.2053548,1.1306256,0.016361548,0.08764989,0.024203956,0.010959307,0.123054884,0.32701522,0.5326852,0.25082847,1.1367594,1.3403326,1.8259447,0.39910752,0.15712544,0.61304176,0.2341039,0.2631748,0.2627474,0.040876564,0.0,0.14476387,0.18726858,0.1990955,0.4321583,0.18591571,0.2690806,3.5311234,0.13170987,1.15702,0.1870441,1.9489447,1.6548495,0.061258998,0.085583284,0.22460051,1.1945703,0.6916802,0.18547392,0.36156556,0.016612485,0.23179883,0.5295759,0.2643905,0.15072079,0.11725108,0.40416846,0.8463164,0.8681924,0.2498663,0.42018294,0.7110245,0.7794673,0.3330222,1.2133058,0.113845475,0.15593414,0.9245873,0.9829232,1.3449733,0.022477929,0.14864452,0.16077879,1.0113175,0.30307725,1.4391207,0.05441952,1.0287143,2.215951,0.36778057,0.42715734,0.0,0.05823289,0.0972993,0.03852181,0.44479713,0.45063484,0.7476522,3.9475303,0.5090048,0.35399148,0.050009683,0.8996792,0.16464686,0.34629214,0.3132947,0.31889132,0.21828303,0.00773533,all_pothole_images\pothole_images_new_image_792.jpg
1.191481,0.4017012,0.11352067,1.1560043,0.645888,0.4277803,0.74971443,0.28175387,0.09974092,0.3417254,0.59043133,0.8094571,0.69512486,0.6054115,0.20509268,0.09652094,0.11697187,0.73307914,0.51136446,0.19631915,0.05943593,2.460591,0.16702862,0.7457637,1.0826567,0.8075923,0.3007701,1.3110337,0.14676544,0.094370596,0.49929434,0.8804235,0.84103936,1.1452366,0.3289114,0.74803084,0.2811292,0.71740544,0.30966917,0.9528695,0.71316034,0.0951096,0.38489828,1.9022847,0.41206327,0.12804882,0.0033400278,0.10809935,0.50116736,0.71012074,0.28173825,0.18100335,0.52149564,0.2805726,0.062684454,0.5004515,2.0380974,0.3926817,0.11794707,0.047980905,0.0,0.008295789,0.7477309,0.38053745,0.6983524,1.9734329,0.5754453,0.8345028,1.3414316,0.12914652,0.102775656,0.5872179,0.24519414,0.42160726,0.7959049,0.40466884,0.54037684,0.19393273,0.035333797,0.47851014,0.36555696,0.48124406,0.42467883,0.2462835,0.43258604,0.078743525,0.345474,0.3716535,2.833614,0.20741326,0.4521084,0.11699589,0.0062089767,0.6178837,0.06025006,0.008372473,1.304744,0.50898623,0.67316675,0.09556777,0.15999757,1.9843116,0.07739115,0.06709682,0.15549284,0.5498855,0.14665434,1.2182965,0.06520693,0.48740268,0.022303853,1.9761574,0.8205529,0.87035507,0.106492214,0.22875105,2.0604837,0.15098585,3.6814327,1.5965323,2.2026706,0.63823295,0.47942296,0.18602383,0.14038496,0.30380863,0.125625,0.4490597,0.11266439,0.15439086,0.90360755,0.0022417887,0.2509556,0.281978,0.069097586,0.53478813,0.18274207,0.77831024,0.8709059,0.26573643,0.6917866,0.6997728,0.23396772,1.6966101,0.014938076,0.75482726,0.0713954,0.5481977,2.041482,0.4195432,0.3563022,0.10208311,0.24523322,0.06192758,1.90506,1.0158652,1.3742357,0.046384867,1.2458822,0.35032615,1.9494535,0.69514155,0.15641072,1.7945126,0.31885254,0.6992564,0.62595737,0.3739538,1.6245347,0.65603787,0.14895459,0.016161371,0.1700549,0.09727085,0.5753828,0.14727105,0.42489958,0.0055390773,0.005704857,0.09909828,0.21637954,1.423497,2.0971344,0.4937592,1.2917091,1.0159227,0.25314417,1.0283827,0.37334123,0.81602925,0.38479316,0.1780441,0.07917805,2.210414,0.5111856,0.2570564,0.37612185,0.5660187,0.8644382,0.39963648,0.5704179,1.2344294,1.242993,1.2359079,0.833102,0.42161575,0.85649747,0.49857613,0.1934226,0.12304199,0.035048112,0.28135088,1.0033665,1.641215,0.17859372,1.2464432,0.41745567,0.00015322628,0.60758066,0.05266614,0.42450175,0.43697995,0.5038972,1.1331372,0.36207494,0.3395976,2.1802254,0.06822959,0.13692972,0.6132001,0.25911647,0.27422374,0.80984,0.05109091,0.23253098,0.13656612,2.4337265,0.01257492,0.07578198,0.36101708,0.7858821,1.1157317,0.20274839,0.08970101,0.5019115,0.40564042,1.3465445,0.49296382,0.09460564,2.9935215,2.960603,0.26095587,0.629017,0.113399714,0.046814766,0.8110589,1.4734502,0.5059896,0.3869957,1.1970817,0.04575558,0.09616699,0.7485391,1.2328514,0.9030008,0.9872246,0.5878957,0.027162274,0.60045975,0.6278145,0.021276705,0.0953195,0.0049462095,0.50683105,0.99173874,1.3339596,2.4946072,0.40850714,0.14546178,1.0989838,0.3326588,0.024616435,0.27917358,0.25497323,0.49150813,0.24628524,0.43393403,0.49376997,1.6748115,0.95521075,0.7390066,0.12493257,0.5019451,0.9763235,0.010437028,0.027765159,0.5768771,2.0186172,0.26857102,0.035101693,0.3031295,0.83755726,0.16706422,0.8206487,3.9065914,0.6399462,0.17773266,1.2365259,0.060834955,0.43027687,0.86733913,1.14745,1.8634313,0.49002388,0.01857746,0.66221094,0.0038296364,0.5122373,1.8930813,0.6182397,0.43694603,0.034989573,0.0,0.063701704,0.19326603,0.0,0.056519367,0.2331165,0.91947097,0.2570248,2.636422,0.8096993,0.18277709,0.19228321,0.06408091,0.41487062,0.6605655,0.26561144,0.0945519,0.45970064,0.2838406,0.5087931,1.4597065,0.18766019,0.1854625,0.45325908,0.46889028,0.5898412,1.0361385,0.23599052,0.96349597,0.818037,0.69359636,0.015727282,0.0717107,0.18116431,0.057674408,1.3416598,0.68191177,0.8384735,0.03419586,0.08832835,0.5301587,0.025010983,0.0,0.11515701,2.0291793,0.5197652,0.29259178,0.061252873,3.669102,0.5869547,0.80316377,0.13477093,0.90884554,0.49874046,0.04659298,0.46069565,0.11411985,0.036098734,0.45310378,0.004190599,0.026782243,1.4886379,2.4006305,2.1180582,1.3798772,0.0,0.4087296,0.3951856,1.195154,1.894424,0.093296066,0.12290171,0.1906264,0.005610894,0.7360296,0.16995214,0.33222315,0.4310073,5.742445,1.0317558,0.6078189,0.7462475,0.32823142,0.06578552,0.4060571,1.2813289,0.010428403,0.1482136,0.5126818,1.0095474,0.5331633,0.62307155,0.12772822,0.0734472,0.6837761,0.0,0.28148133,0.15511343,1.7806872,0.38084874,1.4202292,2.653884,1.9249023,0.1516023,0.26219457,1.5297475,0.46966782,0.44707036,0.65563977,0.06043376,0.33922422,0.15903087,0.9458585,2.9346673,1.0590655,0.5432525,0.4104261,0.6157948,0.08515975,0.6931428,0.30648315,0.46296403,0.70306176,0.17559293,0.71839255,0.022530822,0.031278472,0.2145743,0.3768924,1.0057918,0.28543425,0.81963843,1.0125109,0.41229326,0.9443292,1.6115851,1.7010697,1.5896744,1.3553476,0.43421593,1.7290618,0.11851565,0.96182376,0.5636922,0.20462367,0.03709364,0.78301674,0.63852155,0.73617226,0.58051485,0.268597,0.121126406,0.7245916,0.06552746,0.0722684,1.4352343,0.393204,0.30022588,0.028835094,3.511761,0.91199374,0.16186137,0.08638109,0.58395404,0.2668529,0.87714976,0.64045894,0.047314182,0.94801927,0.422205,0.026168102,0.093617514,0.071750544,0.12376999,0.02095483,0.27916482,0.10223949,1.2623084,0.14736539,3.5511215,1.0432035,0.08298333,0.052852258,1.0223494,0.09887016,0.6999975,0.9684202,1.784449,0.66774315,1.0206598,all_pothole_images\pothole_images_new_image_793.jpg
1.0870169,3.0253808,3.8626285,1.5917478,0.33748093,0.40458316,0.74403256,0.4960784,0.6609516,2.9496505,0.3104913,0.47436985,0.31101635,0.3534243,0.5813566,0.51693606,0.65265936,0.009681788,0.41260302,1.3025731,0.33180547,1.4080676,1.687135,2.1534388,0.099571615,0.49228227,0.49610347,2.204982,0.24554224,0.8500769,1.9846213,0.6803566,0.06476411,1.3348476,0.0,0.754009,0.15474774,1.710808,0.25627458,5.6220927,0.75688934,0.5850512,0.5571073,0.115935184,0.9569084,0.38857982,1.1437618,0.51519144,1.3309392,0.6158985,0.0091345105,0.68514824,1.7893707,0.89805025,0.30429927,0.05409921,1.0156091,0.055427168,0.55853266,0.47248653,0.18095876,0.5226209,0.13296382,0.64145136,0.12092906,1.244461,0.48687607,0.61143684,1.2564979,0.22849576,1.7231704,0.26301995,3.5912511,0.5777565,0.68599886,1.927746,1.4026728,1.393509,0.28426003,0.057078242,0.20026267,0.48501307,1.4288021,0.13507688,1.4892873,0.5313238,0.42718136,0.84412104,6.353372,0.6831861,0.5646036,0.7697329,0.12105631,0.7413446,0.7972873,0.38008302,1.1259079,2.8034039,2.4053369,0.019955682,0.4738718,0.6309143,0.13463284,0.6055131,0.7243502,0.27488127,0.3871585,0.045922395,0.86518455,1.7190528,1.6573601,3.5404675,0.7548182,0.99649775,0.6653654,0.16445222,0.32986417,0.6314679,0.5376472,0.36930108,2.705453,1.9940422,0.62828624,1.2281318,0.13651007,1.0382609,0.49429905,1.5563868,1.1899283,1.3694167,2.1807091,0.06855689,0.095766924,0.9864178,0.07523394,0.7401264,0.0023476165,0.604298,0.024438234,0.62141263,0.58049333,2.5565526,0.055579957,0.41805843,1.058761,0.10094993,0.5126388,2.2589688,0.19107711,4.1521997,1.8552705,0.27775905,1.0952053,0.5426316,1.1507227,0.35571942,0.7398915,1.4643801,0.3966695,0.38525218,1.9745026,2.005263,1.2288435,0.15074109,0.11035745,1.5335706,1.1309394,0.0110462075,1.369168,0.73059803,0.35707524,0.005241035,1.4417409,0.93032086,2.5357115,0.4612449,1.1327053,0.21773288,0.8180095,0.07137392,1.0605181,0.0436766,1.4859766,2.1073117,2.9977396,2.5219946,0.139106,0.3082529,1.3361653,2.423795,0.2833565,4.444695,0.035394315,2.4094644,0.6472085,0.20058621,0.09618983,2.1957002,0.9531673,2.3339267,0.19067891,1.300045,0.0,0.3926513,0.44172773,3.5295706,0.54193705,0.083958134,0.6070061,0.27192658,0.9551119,1.4814107,2.8548434,2.268853,0.0,0.51329404,1.0422686,0.70731884,0.8016292,0.7426494,0.17122155,0.26593587,0.5203806,1.3035879,0.084705114,0.34293354,0.5825142,1.8075477,0.21055594,0.38783893,0.5788188,0.0791286,0.8897721,2.3842251,0.10249456,0.8558264,0.48304522,0.43113047,0.5254688,0.10273412,1.1219407,0.17387766,1.4636742,0.09635315,0.0059447614,0.24128725,1.4595032,0.41549584,0.02731161,2.738336,0.21297713,0.953898,0.23638174,0.90388674,1.5747871,0.4204252,1.9766543,0.08479579,0.49277002,0.6558246,0.15337951,0.35543573,1.2921845,0.4434393,0.15457174,3.4706364,0.03409998,1.1045039,0.34513295,1.0417492,1.6551555,0.5346436,0.32352254,3.8848557,1.1556138,0.88069016,1.1735717,0.6010809,1.715623,1.8415356,0.3753528,0.00011498187,0.4367475,0.6164644,1.791775,0.9921655,2.0040643,1.2698122,0.34087896,1.6493852,0.21348941,0.9335783,0.9213944,0.5131238,0.17172834,1.2775093,1.505199,0.37205675,1.676809,0.47967497,0.10256365,0.3354995,0.3322404,1.837581,0.47967356,0.33908167,0.08552678,1.5541601,2.1390572,0.3002481,0.21007401,1.1131572,5.348548,0.70417774,0.10390562,0.36061007,0.24592997,0.037559032,0.3457338,0.15960729,1.1885386,0.33521658,0.33166745,1.0063919,0.6542519,1.2056322,1.1002544,0.31848475,1.4917597,0.17758283,3.9260142,0.10837536,0.0,0.18396036,0.12376767,0.024853865,1.2629915,0.048336156,0.94761515,0.32184523,2.4611816,1.2033149,1.9515742,0.71124357,2.4875722,0.53250235,0.5000829,1.5313387,0.3889048,2.354884,0.37599578,2.8559558,0.34314448,0.5526745,0.14706366,0.33476746,0.21794893,0.13554011,0.22341591,1.5402209,0.1441559,0.8512029,1.1207258,0.38557255,0.2413008,1.8083341,0.40656215,0.7753615,0.09997416,0.188777,0.7285278,1.1090089,1.2327834,0.034269415,1.410993,1.4297864,1.8637942,2.0839267,0.853993,0.4288891,0.22709908,0.18101202,1.7582413,0.90430665,2.8025293,0.7605256,1.0577576,0.29973838,0.19201744,3.557786,1.291288,4.2399526,1.2728167,0.8929661,0.034243975,1.0776492,1.2143382,1.8847954,0.06671174,0.55351007,0.36662218,1.1163958,0.61453784,0.05048199,0.0,0.38437054,0.5082486,0.38131535,1.2564354,0.42631665,0.97865987,0.9250304,1.0124503,0.36280572,0.0971769,0.89342815,2.6767163,0.17693868,0.3126011,1.1563514,1.5123361,0.19308046,1.4139689,0.8669659,2.438291,0.13712148,3.9206274,1.3255042,0.7413109,2.2277389,0.39987773,0.30544147,2.0625014,0.27132368,0.06753278,3.4578857,0.9963575,1.051535,0.8040929,0.5262479,1.150578,0.24134919,0.011409046,0.30675557,0.54362845,0.0,1.7896769,0.85273695,3.1830904,2.0557218,1.3456721,0.49828798,0.8313967,1.5093293,1.3550742,2.5173838,1.0397313,3.834845,0.4108148,1.4758215,0.3962258,0.7932269,1.3566592,0.0053832163,0.2816305,1.3924034,0.9539369,0.17662622,1.1475455,2.384617,2.9443903,0.36099678,0.7155803,0.5012885,0.4810566,1.1640747,0.102304205,0.7080142,1.7822589,2.0357883,3.388721,1.5623435,0.5903461,0.59899646,0.23001711,0.85601556,0.8408712,1.0423334,0.3786459,0.673638,0.35130578,3.4459035,0.5812618,0.49088708,0.0063971877,0.14764239,0.6868276,0.189511,0.4232352,0.62989813,0.038747277,3.5715892,0.41397607,0.75004643,0.5596629,0.5401669,0.7468896,0.95813054,0.55026495,1.0108415,0.6186167,0.7262767,all_pothole_images\pothole_images_new_image_794.jpg
0.04971555,0.8591882,0.0,2.0669417,0.30887914,0.01029408,0.031885054,0.0,0.40150794,0.045833115,0.38107052,0.0,0.0,1.8036433,0.2239291,0.026397835,0.048604097,0.6573095,0.14174302,0.20605329,0.18673322,0.10563438,0.05394481,0.26185304,0.036696974,0.0683721,0.33705908,1.1173762,0.019661147,0.10527531,0.024933716,0.11845567,0.0,0.11707236,0.02612271,0.6433877,0.3653279,0.20957425,0.1694324,0.08896324,0.20651565,0.28440833,0.518869,1.1065999,0.38435176,0.06475149,0.08438043,0.88751817,0.3493471,0.77480745,0.5016895,0.2650139,0.16091877,0.082787305,0.21125168,0.97163403,0.83597577,0.40995842,0.16849467,0.15716402,0.63237023,0.034995828,0.18466556,0.9592525,0.06390085,0.5848771,0.06851767,0.21352182,0.08281763,0.48563525,0.0933647,0.30039474,0.8430263,0.012100639,0.71482706,0.0,0.5245751,0.7266481,0.0,0.036197435,0.015823018,0.38345462,0.43220767,1.2342937,0.04903115,0.0,0.08927846,0.097449265,1.2688231,0.050839916,0.1690834,0.12973003,0.16989715,0.24265362,0.16717777,0.102824956,0.053721406,0.54224104,0.372598,0.027116276,0.020979157,0.6298815,1.0702165,0.0,1.1008697,0.0,0.65515184,0.06424269,0.30691987,0.7920568,0.093160376,0.6907847,0.07704929,0.010130951,0.4574876,0.65731615,0.36112788,0.005663074,0.9352891,0.23616602,0.19572912,0.03655723,0.0,0.34162787,0.3206254,0.32960373,0.0,0.06322208,0.034011178,0.14900559,0.034612913,0.2516289,0.081708945,0.057288863,0.32394692,0.01593799,0.015945824,0.22875938,0.03705412,0.2727402,0.06481847,0.26091376,0.18986997,0.08844515,0.01904025,0.92563844,0.0,0.0049422714,0.42845652,0.024646388,0.077823736,0.37378514,0.0,0.24815835,0.17131394,0.13278882,0.011598834,0.041733604,0.057231575,1.0459138,0.9930054,1.1079507,0.09063541,0.644046,0.86322874,0.16556765,0.93845505,0.3136915,0.3646272,2.0078638,0.03217182,0.030476062,0.0,0.16444531,0.0,0.05650204,0.0,0.0,0.23256578,0.037079666,0.0,2.354066,0.1301867,0.015214949,2.1967123,0.6136866,0.15586786,0.023469457,0.038091302,1.0840499,0.026313232,0.022210216,0.78324366,0.13220333,0.18833289,0.06398169,2.0944562,0.019949635,0.75839144,0.016289392,0.00058990007,0.7762446,0.04700737,0.16184041,0.09465567,0.05023092,0.22103733,0.69460005,0.29858088,0.1023091,0.0,0.05092989,0.20820738,0.017213743,0.8246972,1.212794,0.010912228,0.006946668,0.010812523,0.036839154,0.2675938,0.0,0.19167666,0.014525956,0.0,0.44625068,0.5491428,0.66502005,4.295844,0.50937283,0.054959003,0.0,0.22902718,0.056324672,0.06317752,0.0006869328,1.6187233,0.0,0.09157388,0.060097683,0.31046477,0.04967194,0.0,0.28923452,0.31300712,0.0,0.3641542,0.9738786,0.10112149,5.754495,0.19543469,0.22244225,0.054706883,0.0042382064,0.014732974,0.16033891,0.7248139,0.06455479,0.09402908,2.336373,0.122071676,0.029197212,0.65090483,0.3174382,0.059057985,0.03689394,0.0019931947,0.8909543,0.8965039,0.0019271483,0.047078714,0.012100718,0.2068711,0.34514597,1.1840668,1.7489462,0.0,0.6651733,0.057833727,0.12829252,0.18707244,1.1116519,0.0070837555,0.108928315,0.0,0.23426528,0.46641344,0.17161983,0.12219779,0.06398667,0.0,0.07494754,0.13281125,0.016350016,0.010680181,0.039399214,0.0,0.1243448,0.00388295,1.5503446,0.583319,0.7154419,0.0,0.1912163,6.3816957,0.07147673,0.010576657,0.005710716,0.17188111,1.1109779,0.12901029,0.45448068,0.8368309,2.3480778,0.057694785,0.4657743,0.2827793,0.36215755,6.3070006,0.27453882,0.00033037996,0.0,0.0,0.0107424185,0.0047388948,0.4248398,1.56507,0.0,0.17010488,0.0022030596,2.4175873,0.07713765,0.015474801,0.15508091,0.00177473,0.0,3.095452,0.020838853,0.02758573,1.1327398,0.0,0.0025911643,1.758926,2.5091333,0.32780913,0.055952057,0.0350616,0.10259185,0.41810802,0.071349554,0.13345794,0.0,0.21858211,0.21507747,0.0,0.022667043,0.0,0.36459288,0.3076583,0.21570583,0.11295184,1.1918049,0.37804657,0.0,0.11746086,0.0,0.10233677,0.18643571,0.007169412,0.0,0.100673646,0.011648073,0.34875467,0.10484538,0.050635472,1.0343674,0.0059874654,0.0014938295,0.045670908,0.24775264,0.9460463,0.03851735,0.06496109,0.42314622,1.6823105,0.20859878,1.0493653,0.004708872,0.020881623,0.24141017,0.65356696,0.20794673,0.08754747,0.51908594,0.0,0.04390641,0.14527941,0.5073341,0.08139609,0.05757725,0.34274966,0.5858106,0.012910992,0.008021501,0.19992563,0.012990991,0.067522205,0.1797967,0.8049084,0.1227836,0.47367218,0.2560115,0.009124824,0.195486,0.11971819,0.11708721,0.8521975,0.16787274,0.20559801,0.005882838,1.5584321,0.38367766,0.1315751,0.40313223,0.81932706,0.0,0.38274395,0.06447426,0.15564641,0.0313345,0.12613654,0.0,0.36477163,0.19218728,0.4068189,0.5278023,0.0,0.037066463,0.01998605,0.079109676,0.42070836,0.21567348,0.025912527,0.008543278,0.094321385,0.00041924955,0.9231719,0.5022141,0.8277274,0.11084427,2.816842,0.054322846,0.0338235,0.0,1.081457,1.0831829,0.069942966,0.09028422,0.024523515,0.8485632,3.0362704,0.0,1.0891116,0.0020787078,0.17725584,0.0,0.0,0.0,0.047977563,0.6858834,0.64104587,0.5225675,0.054934397,0.044323336,0.1863504,0.8866046,0.0,0.018867431,0.025556915,0.109153494,0.0,0.81696385,0.76203924,0.09790216,0.104309216,0.0,0.19842163,0.13722786,0.6525449,0.0,0.132611,1.298402,0.28235117,0.055444248,0.0,0.19128807,0.008524137,0.0055928407,0.014831696,0.023249883,0.6805027,2.5280728,0.5112368,0.39438087,0.21998282,3.51508,0.61161125,0.11967885,0.2759284,0.15026832,0.0067609255,0.14710654,all_pothole_images\pothole_images_new_image_795.jpg
0.32361963,3.197433,0.79639435,2.3490329,2.6484559,0.0025672668,0.08635497,1.4645914,1.011302,1.2429725,0.77020013,0.95332646,1.8428302,0.79280424,0.51867205,0.0469557,5.4831195,0.016284978,0.23052841,1.8266659,0.75566596,0.3145483,1.1669126,1.6776556,0.24046373,0.2876379,0.92626405,0.15318944,0.99036956,0.96382993,3.1334865,0.9369521,1.5130131,0.16495943,2.7004337,2.3619785,0.25933373,1.3847771,1.7364215,1.416034,0.6070887,0.044920385,0.21573736,0.28084108,2.7505794,0.5380876,1.1125209,1.3230877,0.308831,1.3071805,1.6764768,0.04088371,1.1172872,1.6322392,1.4335899,1.633283,1.5250938,1.0633067,3.5284903,0.33682135,0.48427844,0.5581622,0.19630705,0.1511111,0.02620457,0.65919304,4.1250796,0.28571194,2.2617095,0.5703435,0.08524872,1.7697642,0.71101254,0.027523648,0.3025416,1.364311,0.36208883,0.9797265,1.5365809,0.75420314,1.5353261,1.0839248,0.71282244,0.011142792,1.0849106,1.2362264,0.23137937,0.22541077,2.4727097,0.59910303,0.950656,0.6070318,1.3498689,3.7021608,1.8461341,0.33298644,0.38725007,1.8528963,1.4516975,0.5982625,0.051029537,1.023412,0.36522678,1.4831904,0.52297395,0.6648709,0.58973324,0.3033448,0.044721276,0.58076155,2.2556522,1.3515722,2.0759995,1.553981,0.7853829,0.6695488,2.1335795,0.6491076,0.9152069,1.2455782,0.34482598,1.1988622,0.47347102,0.5732058,0.31673247,0.45219854,0.54776007,1.9351255,0.3198339,0.07973525,4.086481,1.3265213,0.54032594,0.7569772,1.6604958,4.1402607,0.0,0.9128594,1.1621284,0.9105502,1.3867092,0.6845121,0.4808172,0.28737485,1.0098964,0.5826936,1.7747911,0.5532693,1.6209565,0.7434917,0.5142838,2.6202264,0.2843005,0.30925247,0.44356328,0.17691079,1.2687751,1.7528318,1.1243155,0.059832603,0.67383677,1.2993158,0.42010272,0.0,0.1299049,2.1714485,0.22862543,0.055779647,0.35031447,0.024481203,0.52490807,0.88768613,0.5029767,0.32369918,1.4736471,0.7860205,0.6294704,0.9212047,0.70307595,0.57141453,0.5824675,0.04816267,0.8441225,1.1169592,0.65960383,0.33076012,0.11254719,0.6710931,0.704429,1.7005169,2.8775322,0.029309751,1.4376262,2.5278702,1.4231074,2.7127628,0.28044486,0.12578474,0.87157226,1.4072125,0.2855491,0.14358947,0.0017986335,1.4375198,0.36005417,0.34266904,0.2880756,0.34940457,1.3155581,1.0247707,0.23429586,0.34160385,1.2264872,1.8763577,0.36030406,0.47458446,0.3177437,0.09845136,0.25589323,0.81082153,0.258565,0.36688793,0.35329592,0.5028,1.1669436,0.11192744,1.3733429,0.6608951,0.22959359,1.4259107,0.05537627,0.75584215,3.2119339,1.0758306,0.18922274,1.9043615,1.2175161,0.5341118,0.70172757,0.995676,1.0698043,0.064143546,0.103989884,0.5796796,0.75150096,1.9082458,0.28252402,0.51841694,0.26414043,0.19297524,0.3144089,2.96571,0.7002501,1.7495036,1.5874448,0.271167,0.4112664,2.3902893,0.66062933,0.51961243,1.463415,0.45758238,1.398962,0.66028017,0.059746288,0.29729688,0.12563692,1.6263208,0.5717846,0.59992075,0.62556905,0.47511715,0.79712504,0.863042,0.9717972,0.37672678,3.2654195,0.67258424,0.9065349,0.9712372,0.7637024,0.28535554,0.74261075,1.3133743,0.70368373,0.8419577,0.76970595,1.1456542,1.3215662,0.58993024,2.3270037,1.205856,0.035126437,0.95479125,1.5567411,1.2940885,1.1564287,0.014752342,1.0357985,0.7343382,0.0067028166,0.79753125,0.7229749,1.0914588,0.3906052,0.8028918,0.3697006,2.7760396,0.34619373,0.4233136,2.4736297,0.043732658,1.6288717,0.37470603,0.90630174,0.28974137,0.41657263,0.9009102,0.19595827,0.5848095,0.8573531,1.3791381,0.09966051,0.84472936,2.1730428,0.854937,0.0068885987,1.6093695,0.30980536,0.43280885,0.57461494,1.7916708,1.670346,0.2787418,1.0493275,0.7949135,0.05404619,0.060136534,0.9405944,1.1871221,1.1100183,0.64810854,1.1025761,1.2301829,2.212391,0.78638774,0.9683053,0.007275577,0.4472718,2.531568,0.32721347,0.5856417,1.088049,1.92806,1.4137106,1.2244924,0.20197996,0.35466018,0.8326736,0.34663802,0.4222347,1.0235888,0.21726981,1.2831392,0.9122439,1.994891,0.3975767,1.0771841,0.45423347,0.046793785,1.3957995,0.21174589,1.6015406,0.3484377,2.0580747,1.3368804,0.3730419,0.55110294,0.0706565,1.0175539,0.65742755,2.118151,0.5259582,0.13195947,1.4550995,0.18692556,1.9689267,1.6609017,2.5330188,1.5229903,0.26166552,0.6548389,0.42248002,0.9095634,0.33277878,1.5546348,1.4642303,0.9953711,1.2982662,0.82465804,0.021229977,0.6500601,0.76789653,0.2321687,0.22234365,0.2110384,1.5669658,0.25350997,0.4093661,1.6658052,0.65402675,0.99800324,1.2173588,2.5691078,0.29247403,0.50371855,1.6044481,0.042702887,1.6563901,0.57439905,0.7908807,2.1137505,0.016489632,0.5586576,0.8849751,0.049449697,2.566993,1.2455243,0.10846275,1.0104868,1.3096278,0.4301162,0.9055207,0.3844314,0.88480306,0.21018113,0.6033559,0.457899,0.07514056,1.1739393,0.41742307,0.6123891,0.677796,1.0137718,0.22736657,1.1903341,0.96511894,0.0087803025,3.3850296,2.7631342,0.20314053,1.0829941,1.7405732,1.3459086,0.07602903,0.75132763,0.55487055,0.6330804,1.375525,0.12178553,2.8147554,0.69541866,0.74763536,0.71327704,0.7823566,0.5735985,0.3794688,0.41201743,1.077402,0.4264911,1.1750596,0.09500554,0.4690037,1.6637075,2.2654252,1.2952019,0.18015116,0.50192004,1.3770336,1.9784912,1.3866549,0.48929927,2.274776,1.938468,1.6343117,0.05877224,0.9437226,0.4128365,1.606885,0.53845006,0.7423834,2.3108866,0.2868984,0.09257966,0.4735714,0.382139,1.9632922,3.1402028,0.861687,1.0109553,0.15754439,0.3673219,1.1467016,1.2180384,0.2166516,0.7920678,0.4711809,2.132639,1.6352413,3.2499146,0.60678047,0.8762053,all_pothole_images\pothole_images_new_image_796.jpg
1.2259524,0.0,0.02157562,1.6580938,1.4333222,0.1772328,0.0,0.037150383,0.2667582,0.23230079,0.0025185219,0.76680946,0.9563256,1.558252,1.5828874,0.052996814,0.099616624,0.021375138,0.2524639,0.8480231,0.9023591,1.4615444,0.1914111,0.0,2.5321207,0.22335196,0.20555654,1.577268,0.3134832,0.13070345,0.35794893,0.03874703,0.738372,1.5515747,0.5816804,1.712897,0.4385366,1.8049048,0.69512975,0.6453642,0.0008577389,0.013881954,0.44573942,3.255246,0.08802577,1.7451377,0.195021,0.033457384,0.8618119,2.7567902,0.7145697,0.32183728,0.2785858,0.2973746,0.07294975,1.7956777,2.6183736,0.0,0.32550126,0.04737352,0.08732646,0.11363253,0.04794971,0.3123179,1.192004,0.34317893,0.05197011,0.39690822,0.29327124,0.4674078,0.19835447,0.0022622931,0.46915933,1.2159024,1.6145455,0.8574804,0.024099687,0.06481599,0.5995403,0.31833404,0.034863114,0.18464217,0.27230185,0.27618188,0.65167767,0.34534213,0.35680383,0.7156895,1.585769,0.45384014,0.8877568,0.0904812,0.10181589,0.44970372,0.17234538,0.09034129,0.5525634,0.25086117,2.014954,0.9747576,0.37518668,2.0295913,0.57302284,0.09689363,0.21605532,0.3835879,0.4052595,0.91199344,0.06631639,0.094959274,0.0,0.69137573,1.1015499,0.8377198,1.3298793,0.8625109,2.2714026,0.42461458,3.393388,0.97150373,3.9407573,0.63540065,0.04823892,2.3130293,0.9999171,0.9694417,0.061426472,1.6331869,0.8436539,0.09000909,0.14668073,0.0,0.6501598,0.006168207,0.5896273,0.33567786,0.6559355,2.595388,0.7233501,0.005933185,0.49245116,0.024829289,0.84336585,1.215162,0.13762383,0.28420103,0.49045858,0.64548236,0.0,0.28355443,1.3648067,0.11246565,0.0,0.11859191,1.7031856,0.8929595,1.3355883,0.2324534,1.663057,0.19930212,0.3867924,0.5870713,0.05649397,0.8559134,0.0,1.2262545,0.44103393,0.16066395,2.275688,0.6458939,0.0,0.1387452,0.059720982,0.4535862,0.82616943,0.0219884,0.08811952,0.13426827,0.31803292,0.21711196,0.29176676,1.8295189,1.2458292,2.4893079,1.1920519,1.2617266,0.34262764,0.048570983,0.66716033,1.3556752,0.023540068,0.033754118,0.18076928,1.985191,0.15579371,1.256038,0.5980948,0.032714874,0.36548996,0.17146951,0.7312515,1.6210542,0.90578806,1.6018689,1.4130484,0.8105151,0.54920727,0.78658104,1.4045548,0.0422953,0.033358775,0.032598224,0.67815375,1.0355891,2.1788046,1.1640509,1.0620959,0.018780114,0.6957202,0.33404875,0.12948948,0.11280869,0.47778007,0.22425833,0.14034492,0.59697616,0.9822304,0.7726212,1.4274111,0.07094478,0.37933278,0.095460705,0.9476316,0.5191089,0.16320044,0.24757658,2.4987996,0.010570905,0.03968911,0.0053632725,0.7627037,0.01815823,0.057803683,0.85515803,0.45036024,0.17929181,0.30478024,0.45332605,0.5782707,3.703295,0.069673665,1.4720273,0.8839605,0.62521917,0.14576922,0.36355036,1.0099715,0.5512874,0.088568754,1.5220294,0.046793066,0.006321296,0.99708277,1.2978038,0.2821057,0.25507277,0.16715501,1.2481192,0.19229235,0.19323382,0.0,0.27590674,0.31506577,0.9978544,0.9859389,1.0561416,0.66965574,0.07910861,0.025651138,0.9479653,0.12170577,0.009859024,1.07499,0.008546099,0.7276868,0.47713313,0.16510691,0.051567893,1.2518709,0.59695977,0.51657766,0.322115,1.81141,0.60504746,0.13818705,0.00048767193,0.8654578,0.879626,0.17875144,1.504288,0.13596842,1.9512916,0.09485974,0.8439655,5.2572694,1.6015453,0.12716602,0.2837377,0.3447591,0.62305963,0.56236136,0.095719695,2.6461582,2.5711267,0.050643746,1.3264914,0.0,1.1456361,2.2613869,0.010902256,1.000211,0.010553686,0.13029525,0.30543044,0.25125942,0.08482437,0.297532,0.1531923,0.17029645,0.10402068,1.0440753,0.48677444,0.0067224987,0.00028437618,0.0,0.73422253,0.2658294,0.10307818,0.91279787,0.26597485,1.2829642,0.3491277,2.1308632,0.1603081,1.7425284,0.29336914,0.0782327,0.23361672,0.55722344,0.11172411,0.8965977,0.97697484,2.1781275,0.1432558,0.042634733,1.1642331,0.08747025,1.751159,1.4464047,2.1852021,0.26870874,0.06706913,0.12919222,0.6418252,0.4364786,0.82931083,1.2343259,0.023382977,0.9075297,0.0,2.3355713,0.043307636,0.0042612064,0.008301837,0.18445568,0.32423458,0.90301335,0.40619892,0.6174227,0.29220614,1.1657084,0.035882235,0.4217247,0.1480502,2.9957592,3.3113668,0.8012932,0.042717915,0.7936799,0.7529237,0.6585704,1.1313854,0.4392399,0.06626013,0.3587676,0.02196994,2.223928,0.3077716,0.087215595,1.2363739,5.112971,0.35598817,0.8935517,0.2782188,0.61683756,0.014154094,0.28397638,0.9752348,0.31881905,0.3012015,1.6511718,0.30229706,0.37881398,0.77844065,0.076461375,0.2541275,2.2251709,0.0037308726,0.7310308,0.17972548,2.1588297,0.58325,0.61244243,1.5312985,2.531293,0.116035335,1.1525726,0.47936282,0.34146085,1.6928718,0.5882893,0.18130139,1.8190124,0.93854505,0.7370685,3.3081677,1.2308326,0.09815687,0.11257344,1.1317946,0.14022447,0.63611025,0.45708466,1.1832821,0.70731896,0.054231614,0.64675397,0.07093404,0.012671933,0.2671032,0.9675404,1.0488163,0.6943012,0.29479274,0.08701926,0.468835,0.5088193,0.8436697,0.7817542,3.1588552,2.591885,0.06290229,2.0343773,0.009122954,1.4054784,0.6116274,0.11229474,0.0039432542,0.5247788,0.5580101,1.5639887,0.15222667,0.13772532,0.21581696,2.382968,0.10772585,0.3859112,1.1061429,0.0,0.3021792,0.25196874,4.8536325,0.5240006,0.7919142,0.24896267,0.27187613,0.026114058,0.17216314,0.85051113,0.28866488,1.6046839,0.6246138,0.52203596,0.40245944,1.090839,0.35557103,0.0,0.3997083,0.7777223,0.28944921,1.0157107,5.7100677,0.80015016,0.0035957042,1.1066159,0.29155362,0.72525674,0.010535425,0.33010888,0.53761435,0.93335867,1.4310272,all_pothole_images\pothole_images_new_image_797.jpg
0.08150521,1.2742522,0.33433434,2.9465287,0.15140888,1.4715604,1.2455182,0.12876482,0.22641782,0.14921008,1.7151725,1.10033,0.06841672,2.0209725,0.10154464,1.0877782,0.1584099,0.7638683,1.0291709,1.0907989,0.037546992,1.0946537,2.2992992,1.3561473,0.7420825,0.6336707,1.2915486,1.0574226,0.15566126,0.2176021,0.92379624,0.0,0.13744614,0.32754543,1.4028435,0.37450847,0.4500663,0.15286313,1.2300649,0.88082844,0.1369839,0.6966432,0.20637406,0.56139266,1.7327464,0.2945744,0.0,0.06687247,1.5498918,0.36329776,0.07355575,1.5175818,0.53453404,0.109470285,0.33398834,1.8027155,2.2544656,0.622842,0.30836135,0.6883638,0.0353009,2.4968743,3.5739002,1.2313539,0.5212583,1.3872064,1.8920835,1.1335696,0.61021256,0.4933733,3.2256858,0.3357406,0.845584,0.037354216,0.9264201,0.62099147,0.2937611,0.20791222,0.098013,2.569988,0.0055690417,2.13314,0.301127,4.002042,1.0155804,0.11686964,1.6204509,1.0393738,3.6028075,1.696286,0.15553267,2.4167056,0.19979687,1.8446783,0.039534483,0.4706913,0.2128493,0.68121845,3.6403008,0.9724605,0.003053988,1.5047419,0.8578832,0.8524939,1.2695135,0.5295851,3.1389887,0.18416856,1.6398329,0.4575685,0.297527,0.27298397,0.69307816,0.9867952,0.7940777,0.2921678,0.058907952,1.5405382,0.25532797,0.10972536,0.82552326,0.8352151,0.09092741,0.35377425,2.9237235,3.180745,0.15941158,0.16544351,0.5244613,0.6385301,0.65402406,0.10179837,1.136504,1.4982976,0.13365623,0.014720245,0.65606576,1.8528196,1.8290203,0.8070301,0.7314203,1.4664695,0.29519525,0.58544004,0.4349311,0.74128467,0.73548746,0.27628654,1.0810419,0.06057125,0.014921987,1.1004974,0.28194565,0.09387015,0.38169035,0.48423177,0.56326735,0.23797221,0.1777061,0.06339872,0.87414414,1.231232,0.18540223,2.239326,5.4297833,0.23842564,3.607933,0.38398758,0.98310953,0.49640116,1.1920413,0.450653,1.4964272,0.70979106,2.625702,0.0009341194,0.6177927,0.56050795,0.10260017,0.13288948,1.2185493,0.57407683,0.72182196,0.8272654,0.22141579,1.7318498,2.3389368,0.5906424,0.11156702,1.9510546,0.060756534,4.7300596,0.16615902,1.4904892,0.024106478,0.45830187,0.21379693,0.9219176,0.24118567,1.3727716,0.61597234,0.68061775,0.16888785,0.34717372,0.82275134,0.16122477,0.13588971,0.0046371017,1.2698414,0.221051,0.54842955,1.2431214,1.4393673,0.7395434,1.1944488,0.3972037,0.24549615,0.27118987,0.847908,0.22595935,1.6821226,0.13150516,0.32711613,0.09776524,0.07572055,0.44393864,1.015337,0.26331648,1.7191209,1.5554866,1.2598991,0.3028822,0.7065123,0.6779083,0.17937306,2.2315133,0.7777967,0.0,0.09038402,0.23774873,0.37118396,0.26452395,0.03361107,0.062337913,0.13642803,0.33762094,0.21632475,0.5359718,0.78178936,5.1923847,0.6478028,0.0022308005,0.12600163,1.5107169,0.15009479,0.08915275,1.139055,0.96368855,0.27511007,1.4185187,0.09414969,0.09280565,0.8028422,0.20793626,0.4803579,0.3906653,0.39452505,1.7883021,1.1240221,0.0,1.378053,0.0,1.0672343,0.41832685,0.6894209,2.104303,2.034554,0.9226636,0.00061698555,0.15133971,0.92471606,2.1585536,0.39896113,2.4235618,1.2963234,1.3913492,0.8575434,0.15711752,1.1439983,0.4015268,0.014427101,0.31584203,0.07530875,2.3089883,1.694809,1.3992047,0.54381746,0.3194965,0.18420629,1.5615891,0.050822005,0.9991853,0.31660843,0.3731512,4.6675177,1.323315,0.41225472,0.14642659,1.371837,2.8015995,0.13347062,0.37246236,2.0852432,0.56883746,0.62141496,0.3336731,0.87311256,1.135085,0.8657217,0.10010474,0.28368753,0.42920774,0.10007408,0.027111556,0.250361,0.17860971,0.94487923,0.44754028,1.3939866,2.2375853,1.6409739,0.40787494,0.27387738,0.38589814,0.26899192,0.017347243,1.4695525,0.45837465,1.0440832,0.182829,0.7673729,1.8172129,0.52471197,0.23718637,0.71490973,0.008270242,0.79856324,0.06334946,0.08797501,0.24236387,0.49124673,0.48833215,0.08693882,1.4574174,1.1415596,0.050776597,1.8312583,0.35590416,1.1701162,0.060818028,0.30533567,3.6389983,0.4052588,0.064935476,0.034331262,1.0952209,1.6757909,0.6150028,0.20326948,2.26607,0.90491766,1.3632762,0.08449611,1.2539797,0.11654403,1.7602485,0.30814543,0.054103795,1.1083905,1.5554688,1.2913063,0.23513435,0.69380313,0.5527425,1.6115093,0.5163121,3.0573225,0.82632864,1.7045052,1.3622106,2.1841238,0.00055890257,0.9630194,0.3055188,0.0011409896,1.3981109,0.030563222,0.17301406,0.020184409,0.027028168,0.015714845,2.7240295,0.14692147,1.7652117,0.29192886,0.03089699,0.015712848,1.6203822,0.021266144,1.5476838,0.18629509,0.69159824,0.21625115,0.9782631,0.4032809,0.30060714,1.0393649,1.3966832,0.34810147,0.3340143,1.3517752,0.23763543,2.3844879,2.035023,1.3404976,1.0250351,1.0920254,0.43388385,0.26768646,1.0512593,4.6553106,0.021209871,0.044946104,0.16435333,0.07188146,2.6924698,1.0204223,0.05522425,0.9717323,1.0665131,0.5893089,0.9914298,0.07373972,0.0024701848,0.3517671,0.15318075,0.94358635,0.22416033,0.14985467,1.9610984,1.6684299,0.05541258,0.96133554,0.014679947,1.6927315,1.486403,1.4758961,0.0699206,0.15149762,0.37793413,1.2657691,0.38928083,0.012352249,0.58980674,0.7866824,0.23090428,0.21555719,0.037929315,1.0835685,0.881732,1.5012634,0.03212597,2.2125762,0.16924573,0.0021150028,0.34199312,0.4668649,0.0488384,0.48008347,0.69290924,0.09116696,1.727231,0.28906578,0.024167616,0.42492625,1.8061641,0.04110942,1.2093917,1.0502734,0.06325269,0.3366041,2.4101934,0.482664,0.07734399,0.015029349,0.16966584,0.30995336,0.0,0.052230947,1.5982338,0.09764775,1.81571,0.13284148,0.0,3.0197184,0.66594744,1.0224172,2.348243,0.030738508,0.51135886,2.4933531,0.5511652,all_pothole_images\pothole_images_new_image_798.jpg
1.7058518,0.496961,2.1965237,0.59093857,0.32189792,0.3276769,0.4872494,0.6089423,1.7362936,1.0350502,0.3313538,1.4849495,0.19946781,1.1760157,0.28191528,3.0064168,0.7779162,0.59358686,1.4301565,1.2892345,2.108224,0.050224468,0.37747988,1.1094729,0.0104329465,0.7120095,0.7217247,1.3672096,0.29429,0.8619489,0.026383653,0.8769649,1.397597,0.32996184,0.1728405,1.3327184,0.12621494,0.66581,0.90472776,1.0395532,1.9892889,0.47423,0.88294655,0.51942927,0.81647474,1.055073,0.5625286,1.95693,0.9971556,1.9749646,0.5020347,0.0,0.5619072,0.7385528,0.60005635,0.0206749,0.779127,0.88497394,1.9151258,0.21010236,0.2956233,0.06732576,0.73558617,1.7887948,0.19104439,3.3010502,0.06113086,1.6389302,1.0870512,1.1643556,0.27278313,0.35285985,0.20826413,1.6598889,0.3334289,1.16936,0.1406948,0.67973435,0.209555,1.1129656,0.071305536,0.06849352,0.15454495,1.2296646,1.4757264,0.08646651,0.19078803,0.40377337,0.8097874,1.4015976,0.25665715,1.6926041,0.2342987,0.331043,1.0520738,2.786681,0.69430876,0.7767782,0.7120006,0.94379455,0.69291586,0.63049495,0.97428644,0.07832784,0.46548018,0.046254236,1.9474866,1.9277091,0.7260964,1.1807076,0.24295598,1.4037572,0.27305055,0.110249676,1.0705161,0.28890368,1.0754689,0.9247505,1.0527502,0.26337972,0.18729727,0.5561992,0.61723393,0.3693004,0.24561037,0.03318656,0.05606328,1.1535219,0.4125711,0.73884207,0.67036647,0.17043279,2.6478465,0.676408,0.45891574,1.0794041,0.58597463,0.27230528,0.744189,1.4067104,0.4077319,1.1806957,1.1790929,0.1592606,0.11530495,0.7081859,0.113044724,0.592585,1.4190751,0.32935524,4.9672318,0.4253149,0.39893955,0.7913283,0.20965932,0.38727218,0.032556634,0.7856352,0.722539,0.09306881,1.3236933,1.1686617,0.6207179,0.044535432,0.088401005,0.0,0.014003448,0.08898989,0.22305495,1.23044,0.47356707,0.30018723,0.075417995,0.9997236,0.03427333,0.5370764,0.26361054,0.9971771,1.5297266,0.15011555,0.0138755515,0.30103207,0.20067243,3.5332458,0.71238375,0.40461636,0.12343532,0.0005581909,0.93137467,0.3686015,1.5648115,0.5802356,0.20130885,3.0455465,0.7384901,1.2924883,1.2640126,0.64227074,0.884398,0.24503215,0.72538346,1.0463217,0.99227065,0.54768676,0.0710421,1.5722673,0.6954875,0.3430435,0.715477,0.14790043,0.21435612,0.022767596,2.4207716,1.4211509,0.24213415,1.1812207,0.27765095,0.0,1.5863012,0.8231665,0.17716417,0.47419465,0.07916344,0.80711645,0.19168702,0.09699056,0.5589597,3.1766868,0.32419845,1.7158076,0.3340531,0.5395992,2.5728006,1.2356272,0.5329157,1.1715667,1.7066619,0.3189454,0.7569529,0.546335,0.48130456,0.7606008,1.300563,1.9722813,1.2009155,0.3968965,2.355515,0.9861107,1.7656034,1.1420224,1.2291447,1.0253102,2.3297021,0.89848137,0.4243693,0.9416757,2.1755612,1.3122686,1.2827823,1.6031535,0.20133613,1.0783312,0.28469777,1.5396924,0.14429645,1.6749715,0.0,0.580375,0.43903166,0.8896875,1.3258698,0.17263281,0.3374153,0.23474744,1.2542539,0.2925992,0.9604942,0.5023604,1.456396,0.7570769,1.2549175,0.020733992,0.8669856,1.4631287,1.5449672,0.29812774,0.26707745,0.5822894,0.8205897,0.010162381,0.50983137,1.0598186,1.5216637,0.46337742,0.39023858,0.040880315,0.95675105,0.23769425,1.6715685,1.0991511,0.2258994,0.09319998,0.41767672,0.21855488,0.26014835,1.1847501,0.047198806,0.6932739,2.774253,0.7152967,1.7404369,0.67343915,0.5814405,3.0364075,0.0033883783,0.30270284,0.17784865,1.654124,0.5998284,1.352787,1.6442912,0.16937405,0.3576952,0.6103927,1.5878296,0.9269043,1.9266332,0.72923076,1.5152436,1.8796993,0.28886247,0.6399633,0.741135,1.037647,0.89133155,0.48575574,0.47225833,0.037505977,1.123854,0.0,1.6895223,0.6749141,0.12546071,0.21228316,3.2884321,0.75642645,0.24614325,0.07315845,0.10799851,0.05757181,0.6944972,1.3116953,2.785212,1.2053704,0.09201991,3.837152,0.41683877,0.69938993,1.0817978,0.7795185,1.3047503,0.00041481518,0.72545373,0.19305459,0.3501991,3.2968247,0.43080503,0.85588866,0.96078724,1.4143494,0.9777675,0.37842834,0.4808823,0.13930658,1.167733,0.99937063,0.43976,0.30891657,0.5504385,0.89028555,0.49120623,3.7846649,0.22566596,0.120668545,1.3319618,0.36721802,0.7412679,2.06497,0.058939464,1.1123619,0.7408966,0.9232688,1.0313466,0.84502333,0.508637,0.30828044,3.4137015,2.2753916,0.16352104,0.22366305,0.62125784,1.3439047,0.03935586,0.61913615,0.17661662,0.42901936,0.45582595,0.5316965,0.2840536,0.07647632,0.0,0.060885787,1.1421363,0.46959043,0.08456466,0.025655756,3.1071203,0.7404727,1.1510981,0.577845,0.8920682,1.4822582,0.34776205,1.73685,0.12161962,0.09186539,0.5912751,0.7676694,0.32965514,2.5959966,0.0,2.030988,1.0225247,1.3528728,0.04983057,2.078608,0.38905263,0.3668631,2.1053183,0.14514057,0.52300537,0.39700893,0.010801216,0.36595738,2.281021,0.09865794,2.1660419,0.8560555,0.04768765,0.54362285,0.56923336,0.14407587,2.4027815,0.5914025,0.67839456,0.85954845,0.0867378,1.621137,0.50546026,0.58341944,2.4883657,1.4183879,2.4136825,0.044588078,0.5514473,0.40745226,0.22519769,0.09806298,1.03715,0.4086008,0.1597936,0.5230941,0.3567937,0.6928437,0.8714425,0.24794713,0.045822512,0.59045637,1.3042526,0.19422297,2.3636987,0.5143378,1.3168288,0.32443017,1.9970105,0.9344945,1.19104,2.0660923,1.8568649,0.056521308,0.31180182,3.499528,0.3427995,0.20999297,0.35908142,0.25684738,3.7107818,0.9454486,0.17807999,1.9746991,0.24119991,3.2600083,0.59636796,2.289366,0.101394065,0.036121868,0.17179514,0.9004146,0.010406568,0.41250002,0.018130185,0.68323827,all_pothole_images\pothole_images_new_image_799.jpg
2.0360355,1.4701641,0.7059592,1.5516597,0.65042865,3.0627503,0.7375519,0.020863988,0.27419457,0.6600548,0.25580022,0.055462155,0.5183984,0.09361226,0.91539776,0.4137197,0.14801715,0.8308045,0.7216031,0.28591764,0.9670459,2.266425,0.9691696,1.0374342,0.068223946,0.027380794,0.028980985,1.5852714,0.01631035,0.34362748,2.0882661,0.5430326,1.3007522,1.2049534,0.35688788,1.4262056,0.20676123,0.42556056,0.11100446,1.0307405,1.0836716,0.0829995,0.16768527,0.9452878,0.790906,0.0,0.30462384,0.0016848323,0.5870136,1.5450252,0.5494121,0.31404436,0.77476627,0.35580954,0.20960777,1.5754889,0.802095,0.07125044,0.6962674,0.0,0.035453063,0.05844775,0.38317758,0.28818977,0.5417562,0.5590763,0.0,0.0026332322,1.9069697,0.16904421,0.011677981,0.19194692,0.6720735,0.65445644,0.07738686,0.44919515,0.013083726,1.233793,0.81867075,0.19497362,0.17585762,0.3220143,0.10714518,0.041968442,0.52538604,0.69612616,0.14906394,0.34318122,3.6688685,0.15230985,1.042354,0.115600884,0.031334285,0.71249324,0.038716227,0.041967344,1.8067648,0.62018085,0.049407188,0.039221797,0.121474825,0.6788859,0.072762065,0.15474072,0.23673555,0.8527546,0.032239866,0.027479468,1.3620945,0.7818985,0.0107715335,4.037354,0.36641198,1.4520326,0.050225202,0.7573413,2.4925532,1.2333354,0.8142805,2.1331086,2.1985216,1.7080191,1.299908,1.6200786,0.2244221,0.729104,0.5272445,2.6520715,1.0668465,0.054413415,0.18181734,0.05949844,0.13792168,0.03541065,1.0747993,0.8008031,0.1584179,2.0765517,0.05443313,1.1387498,0.5054101,0.019037783,0.22587791,1.5436468,0.1974597,0.67345196,0.29783636,2.0856917,0.4370405,0.16274753,1.0230056,0.45261034,0.2304649,0.30417117,2.3788207,0.6988796,0.46932596,0.17001387,1.1932012,0.7928999,2.1862054,0.62909186,0.021768263,4.137822,0.010729571,1.4863147,0.14474033,0.024442399,2.5748549,0.06744006,0.33836076,0.03126097,0.0032692663,0.27123994,1.6725967,0.14916281,0.260836,0.040849138,0.030794423,0.75656444,0.022810768,1.989319,1.9789606,0.24452361,2.6764283,1.2350832,0.06304194,0.5541355,1.3738786,1.3965607,0.11923177,0.37401253,0.064257935,2.443814,0.4156611,0.22882554,0.9021401,2.143925,0.10622914,1.922977,0.86292094,0.80557835,0.96494,1.7249123,1.46503,0.21454099,0.8924288,0.31308377,0.06831395,0.4524875,0.0,0.029305685,0.88169426,0.5148111,0.109222956,1.3870033,0.40539905,0.099919476,0.61324954,0.8892925,0.011109318,0.39086255,0.30125546,0.47024107,0.0015040315,0.25992844,2.8809066,0.12884621,0.009969859,0.0007812998,0.3982478,0.071605794,0.14983831,1.3520133,0.50570256,0.30586243,1.9743826,0.16788502,1.0642583,0.09150136,0.9739501,0.58347887,0.2018322,0.0,0.027245006,0.07980251,0.38678265,0.2595695,0.59654284,3.0862045,1.0894806,0.21958748,2.0859537,0.19517758,0.50028354,0.41119218,0.24300359,1.6175203,0.039197113,1.1572944,0.017856304,0.26444638,0.14283526,0.34935123,0.1936284,1.5009547,0.14262073,0.4564228,1.2798917,0.7910391,0.56284475,0.17362194,0.014965197,1.3996335,0.8741375,0.3139871,0.3568154,0.68796647,0.3755469,0.3959778,0.056034155,0.0056593744,0.111630745,0.07020158,0.50164217,0.6845371,0.3495713,0.52084905,0.17317186,0.56098896,0.9110647,0.14765023,0.33357587,2.10268,0.13716432,0.033201247,0.38274974,1.5827476,1.0937909,0.0928382,0.29218686,0.59077764,0.002130768,1.0965956,2.6007416,0.5796877,0.0008481119,1.219898,0.0051333136,0.07756206,0.72139317,1.7497362,3.73101,1.5133797,0.04938367,0.07563002,0.374638,0.18699183,1.4502676,0.7399288,0.6505999,0.013266527,0.0071689556,0.46955672,0.47596937,1.0286592,0.0724053,0.60037506,0.5743341,0.7002876,4.5111237,0.13090536,0.15451775,0.0,0.03710218,0.23896039,0.15786636,0.07303523,0.3395027,0.101341605,0.8857091,0.21668243,1.8909335,0.021299303,0.47429213,1.0116922,0.15512972,0.23833507,0.2223221,0.07885241,0.8302259,2.4492261,0.68944955,0.81097263,0.16361621,0.42491534,0.45845312,0.27735904,0.3615683,1.4442027,0.004075573,0.27000317,2.333405,0.2149724,0.2981329,1.7180923,1.9855766,0.208696,0.06142204,0.09273343,1.3754447,1.4914289,0.5670008,0.01600145,1.9657975,0.14877906,0.17129251,1.212812,0.4770699,0.13465321,0.054390054,0.007771817,0.09225187,1.0575728,2.344232,0.99993676,1.1224808,0.00012946101,0.049385227,1.5119137,0.43856332,2.9214602,0.039328657,0.0055428743,0.42731538,0.25499234,0.90333414,1.0915549,0.23201777,0.011734725,3.680587,1.2331942,1.6129507,0.09020912,0.046216566,0.25429457,0.30837446,0.11859558,0.01794138,0.068216234,0.5924818,0.6471872,0.9039716,0.3541683,0.023911301,0.026605928,1.1685978,0.15781294,0.056022167,0.018887764,0.61793214,0.5434419,1.0494142,1.5937623,1.9537406,0.1510504,0.1819373,2.3658648,0.38800767,0.71171165,0.07784633,1.3862073,1.0257431,0.20172209,0.3728429,5.1184845,0.6819275,1.132977,0.27040106,1.8114461,1.0058212,0.16348553,1.1821967,0.6214279,0.23167074,0.013297682,0.86657286,0.14410847,0.028947117,2.4078128,1.5546215,0.92130506,0.28990516,0.805568,1.3683184,2.2548087,2.1715972,1.1905975,2.643024,2.0559516,0.3790664,1.7950386,2.4940283,0.2478786,0.5859701,0.26073897,0.5629197,0.0,0.59455544,2.6303878,1.4074605,0.8465391,0.3267493,0.07608292,1.128572,0.21814616,1.1304919,2.8685837,0.82862115,0.040598728,0.163335,5.6843934,0.4186098,0.18870026,0.02471664,0.24986222,1.4899337,0.6349543,1.4289497,0.18689634,0.89205134,1.0544157,0.15530993,0.025493965,0.07001085,0.38269457,0.07285633,0.028746823,0.26016405,0.66812587,0.1646616,5.460724,1.3441445,0.28242522,0.7967783,0.09767394,0.18249483,0.106796935,0.0040991604,1.866462,0.031665854,0.041314673,all_pothole_images\pothole_images_new_image_8.jpg
0.6669634,2.2351575,3.249688,0.41358528,0.114891924,0.08632832,0.45941123,0.53819907,0.74099463,1.1307619,0.80787516,0.10150275,0.7665433,2.9039392,1.2737815,0.43831193,0.48070735,0.038093984,1.1047009,0.95636255,0.6009459,0.8990869,1.2344038,0.73791766,0.73484194,0.46209908,0.26850387,0.12980665,0.11530398,0.056039892,2.2650378,0.032484047,0.017918248,0.2756879,0.16415732,0.4289887,0.9841666,1.2983154,1.1024886,0.24319975,1.3803726,0.2555657,0.23428622,1.0957123,0.01208926,0.510999,0.23064215,0.2718727,0.25278956,0.21993034,0.007518615,0.13121003,1.6022127,0.09138229,0.88357174,0.34521908,1.8951681,0.43752843,0.27218336,0.05114368,0.3465756,0.25618294,0.04386747,0.052780896,0.4789931,0.8210228,1.3572341,0.051799763,0.519308,0.07217867,0.13236816,0.18768522,1.2391874,0.048678413,0.5326566,0.7214523,0.5599324,1.0053153,0.56851995,0.05155289,0.4574705,0.7802974,1.719749,0.6824397,1.4826286,0.4988466,0.43204778,0.008382499,1.1427802,0.12655196,0.77645624,0.13217828,1.3484839,0.297641,1.2989625,0.004133829,1.6364448,0.7886618,0.6659941,0.1920727,0.94158196,1.4131968,0.032203343,1.5498034,0.6908733,1.1512891,0.56475115,0.82804924,0.31667203,2.5987847,0.21592963,1.8284497,0.08258552,1.1673399,0.09156941,1.1624228,1.2907155,0.49678257,2.2283802,0.5399148,0.09516951,1.0133997,0.43275467,0.51024324,0.60370463,1.5999914,1.093412,0.20944023,0.6320859,0.36896008,0.6041323,0.19974887,0.004085655,1.9927673,0.51390135,0.3451653,0.5699377,0.003664274,0.405366,0.009524931,0.65003675,0.2142382,1.138589,0.17539299,0.044454947,0.1570663,1.9662406,1.1012403,0.6044773,1.1154784,0.13481312,0.21300685,0.012183986,0.8416139,0.5841311,1.0687627,0.5785093,1.9971372,0.77793247,1.3934665,1.1653724,4.6557403,1.098633,0.064378835,0.54856426,0.9443083,0.6799355,1.7666327,0.9259534,2.8268294,0.68290186,0.0,0.63339436,0.50374395,2.3399806,0.0028285931,0.5025956,0.72241366,0.66604906,0.092465505,0.009860375,1.0672948,2.6043425,3.4816527,1.8526047,1.013461,1.4333655,0.807321,0.9497361,0.5485291,0.024147948,0.37545362,0.12249941,2.3490055,0.6161846,0.40462118,0.2677905,2.3554177,0.6600395,0.31729984,0.0,1.0576402,0.7144939,0.915433,1.0069501,0.5851033,0.30373287,0.07646115,0.31657198,0.83593655,0.83952725,0.35630962,1.6657699,0.3989165,0.14764138,0.16863863,0.06353578,0.6737227,1.4165202,0.033134647,0.5929074,0.30969897,0.14971086,0.1530187,0.004905194,0.44918403,1.7183946,0.20445456,0.5645444,0.86782664,0.27057764,0.32939503,0.084931694,1.3236432,0.005425092,0.23316398,0.676144,1.549199,0.4423645,0.011464671,0.056105524,0.67692894,0.5324298,0.5022638,0.79525304,0.9965716,1.1766158,1.4779497,0.6456991,2.0232677,0.938575,0.5544657,0.0,1.080041,0.9830809,0.1970867,0.8262526,0.13418323,1.2123828,0.42852405,0.34378564,0.094117306,0.72223514,0.31933567,0.31124806,2.1508584,0.3215758,0.14359795,1.1879045,0.042061336,0.043086488,0.41803294,0.37324616,0.8999143,0.14987023,1.8232574,1.9279015,0.30802318,0.71583164,0.21438706,0.34403688,0.0037594244,0.87806076,0.34227264,0.188339,0.39630443,0.33339453,0.5480157,0.40425926,0.060064606,0.652905,1.3215786,0.07813769,1.9251227,0.22937599,0.5159351,2.4303453,0.2833893,0.8433882,2.1853468,0.08050078,0.26189464,0.21301374,0.61005986,1.3666129,0.27943644,0.16597627,1.5719423,0.4698097,0.17704163,0.78555375,0.14228891,5.040936,2.314527,0.15641792,0.15621138,0.12937532,0.22078803,0.83375025,0.3561221,0.30326566,0.99129295,0.8363897,0.64249885,0.053328756,0.52556354,0.021319758,0.20134534,0.013588993,0.48327115,0.9765302,0.5739325,0.43657506,0.05724062,0.81928056,0.7894657,1.4582428,0.24206951,0.6819257,0.7896765,1.1387812,0.8274001,2.4036126,1.3925396,2.0841398,0.07877856,0.02687052,0.18299274,0.65401405,0.6217067,0.2510173,0.23778786,0.447507,0.4494792,0.46510684,0.6304031,0.0031317356,0.3460826,1.7541023,0.7509722,0.1400142,0.35706297,0.8708214,1.0228461,0.1263537,0.11417688,1.5382271,0.35475418,0.31580043,0.6875552,2.7329054,0.110264726,1.034662,0.1862549,0.34321102,0.08607105,0.65774673,0.0881198,0.48828787,0.9444729,0.3549385,0.8320826,2.2157247,2.8679645,1.2405674,0.035572052,0.682322,0.41450074,0.72870415,2.9296951,1.3285135,2.5920632,0.0,0.15179913,0.371666,0.17588866,0.33900073,0.41466635,0.56472856,0.38838223,1.4037594,0.545894,0.45499155,0.6928544,0.31135508,0.33334917,0.20506921,1.8995165,0.576859,1.1438509,0.054072194,1.0084859,0.32788798,0.90445596,0.065564886,1.4129138,0.48662964,0.54154265,0.27275708,0.48347756,0.29174018,0.42799762,0.06647467,1.3460659,1.0462505,0.0,1.7762288,1.3433671,0.40268815,0.8434754,0.9622539,0.13019927,0.35978433,0.31841782,0.9993592,1.4748217,1.5620346,0.0,0.6603102,0.0064281425,0.6234424,0.34942716,0.24505562,0.26007536,0.07964409,0.0013202927,0.4594487,0.48650298,1.5555811,1.9617152,0.96707594,0.15098329,0.77167004,0.4513376,0.03461162,1.6236117,1.1853572,1.0121495,0.07199017,0.56520677,0.5778582,0.08900226,1.2421335,0.31180486,0.67762053,1.6063783,0.17284031,0.040414818,0.44885316,0.49929205,1.5645194,0.7298671,0.13853778,1.4836957,1.7101659,0.1878369,0.65726775,0.44078025,1.3826901,0.59814644,2.0219853,1.8213172,0.8412746,0.28835255,0.17850345,1.1427525,0.91618913,0.10072379,0.032026295,0.73207587,1.0989753,3.4925282,0.023783866,0.114247926,0.0052282996,0.24461901,0.5064995,1.5939178,0.7732452,0.69012225,0.2696579,0.098301455,0.6366703,1.5195537,0.01673062,0.7286558,1.7380555,2.3099551,0.33880132,0.077702664,1.6056942,1.0878835,all_pothole_images\pothole_images_new_image_80.jpg
0.06669607,2.6884038,0.719311,1.9218168,0.50372934,1.2771878,0.4536824,0.5247898,1.0078331,0.87371373,0.16201974,0.89997363,0.6131627,1.7929027,0.35218212,0.39094338,0.98042125,0.10056098,0.6249581,0.7843295,0.020192822,1.6539284,1.4044507,2.7305236,0.6381987,1.3333217,0.39433864,1.5045137,0.34794864,0.64958316,0.69157624,0.42970812,1.1549741,0.13868493,0.97128046,0.2039738,1.2941384,0.6683632,1.2746629,0.69809985,0.12499278,0.52107614,0.24966921,0.5183936,1.4114476,0.083332725,0.12664962,0.0,1.2219526,0.47188067,1.3385879,0.9091507,0.22483556,0.8659623,0.2834483,0.39791763,1.6146928,0.27117938,1.110725,0.24699786,0.65212923,1.1115435,2.6809845,0.2095728,0.98859686,1.2827095,1.4980927,1.2931671,0.80771506,1.2270153,1.2232952,1.1872208,1.317444,0.19027802,0.553093,0.8156245,0.024620334,1.7125052,0.040817294,0.8463692,0.061936587,2.8010092,0.30821317,2.7665267,1.9023905,0.17096587,0.80991346,0.41164914,4.53705,0.7341287,0.29321608,2.2919416,1.3139646,2.7399495,0.078054994,0.13889264,1.0749017,0.40670037,2.037424,0.34206554,0.0185736,1.1088713,0.6913265,0.37169334,1.1998982,1.2822672,0.6348055,0.1731254,0.39274448,0.22240004,1.4245936,1.8792076,0.35954744,1.0916747,1.8801154,1.3831167,1.32149,1.2872962,0.5539732,0.86257255,2.139631,2.112259,0.69066733,0.9780193,2.2797158,0.44142303,0.09719861,0.12347463,0.5169018,0.4006722,0.9925859,1.3668845,1.0414293,1.5923477,0.15284535,0.19662692,0.1347966,0.3706525,1.7231479,1.6347003,0.6036698,0.2545778,0.21497689,1.0157908,0.92758405,0.6007877,0.96244764,0.0936886,1.1410596,0.2655599,0.16716589,0.8409314,0.9452913,0.04877946,0.5362385,0.33629608,0.2624607,0.121152654,0.037029553,0.035794567,1.0913738,0.16177127,0.14364809,4.925983,3.1398072,0.30059505,2.3718092,0.70712614,0.12935516,0.2918886,1.2497512,0.37330937,1.358911,0.4036376,1.7570466,0.003481849,0.5828581,0.09168685,0.19029957,0.12194987,1.3878301,1.716619,0.88745487,0.90108824,1.8934531,1.6852636,1.2238231,0.59692615,0.07530616,1.202195,1.0752525,2.4373279,0.5430998,2.5311878,0.49324372,1.1036901,0.3145151,0.74859107,0.10899773,1.8172697,0.7257497,1.2667212,0.16017361,0.023160584,0.263215,0.28565305,0.24860728,0.08723217,0.9481095,0.44566602,0.8457907,0.73375803,1.1684644,1.5458807,0.051466513,0.31231585,0.3352032,0.32205436,0.69861865,0.20999032,0.4671623,0.22728007,0.21719539,0.31224796,0.9865205,0.21518844,1.5013089,0.11193156,2.515752,1.4529927,2.2905798,0.43048725,1.6561309,1.0656667,0.24707155,0.54864544,0.49792472,0.50110376,0.0,0.08764911,0.41513434,0.35260507,0.48217374,0.11639957,0.654187,0.080733694,1.3370483,0.09767187,0.3971925,2.58546,2.0142672,0.4852392,0.13368437,0.4171411,0.35080305,0.41671476,0.8783586,0.60499114,0.28174618,0.63852286,1.4758933,2.167217,0.3863439,0.79051536,0.5392913,0.22454564,0.5154372,0.91725886,0.21995184,0.16202226,0.66966075,0.005344114,1.7716995,0.9669509,0.29691544,0.366071,0.6444101,1.6191723,0.060594663,0.022934327,0.24677774,1.9773151,0.7258805,0.56763685,0.90187365,1.00751,0.6816814,1.6915193,3.7501938,0.7340305,0.65608776,0.10230482,0.11047956,1.6112895,1.9892783,0.6830063,2.398273,0.45419732,0.27433696,0.23496228,0.025849128,0.08141815,0.044546355,0.5077394,5.875343,1.0365902,0.2565153,0.21236956,0.7821114,0.7113758,0.59854406,1.7104377,1.9894834,0.25556782,0.50305337,0.52885,0.06050816,0.56420505,1.6201667,1.2057713,0.04982381,0.80162376,0.035585057,0.12354699,0.31849656,0.8391429,0.83365566,1.3234996,0.24407274,1.6967069,2.7809672,0.338875,0.9189172,0.6907997,1.2271763,1.556928,1.1453216,0.5449974,0.6373609,0.1274753,0.96664774,1.6011065,0.44310087,0.05386224,1.5732826,0.0,0.32708678,9.665422e-05,0.24250925,1.2800545,0.16762708,0.47466254,1.813677,0.56953144,1.5807747,0.5725673,0.6352186,1.0825953,1.3097932,0.02269975,0.55839336,1.9829277,0.0,1.4129328,0.057537444,0.5980219,0.46261093,1.0924838,0.08272823,1.3966813,0.5200878,1.4072158,0.3448413,1.2306706,0.38197798,2.1965852,0.8861629,0.21268155,0.25623125,3.1349132,1.5350052,1.3790121,0.40814984,0.26475936,1.9575608,0.5429404,2.7013083,2.5603008,1.7261162,0.991827,1.972067,0.042202994,0.12099698,0.1276644,0.015875325,1.2953882,0.45907435,1.7592459,0.61886513,0.30004963,0.83555186,1.7824144,0.027593456,0.94845873,0.24318188,0.22000822,0.2928279,0.9365054,0.09847485,1.5164461,0.0,0.99624556,0.5035783,0.6923255,0.9489955,0.29207087,1.1099002,0.6770567,0.06771778,0.20045842,0.9924777,0.3336206,2.7750542,2.2156749,2.3517241,1.6633108,0.47843978,1.7928058,0.52443945,0.87807167,2.2372246,2.3553798,0.29531515,0.1979662,0.7804012,1.5458257,0.6086963,0.27825937,0.4245266,1.2796483,0.5495927,1.1007518,0.66629636,0.28363153,0.09628944,1.0823433,1.8182968,0.21691735,0.61327827,1.7226106,1.4366119,0.20315468,1.1314139,0.02764219,0.47593096,0.9831824,1.6901906,0.12718475,0.3395061,0.073716655,0.9712426,0.788939,0.5109331,0.09235584,0.9203444,0.44207624,1.6148432,0.30015406,0.84771556,1.2797505,0.14935668,0.82449216,1.8181074,0.036667045,0.14942494,0.11048149,1.95054,0.08487746,0.8513144,0.35665944,0.3866515,2.2744954,1.5923065,0.52575064,0.68924385,1.3211212,1.2812932,1.0648302,0.45545062,0.1574838,0.22691621,1.8891505,0.7392053,0.01055024,0.05386708,0.09185544,0.9541456,0.2579036,0.16833451,0.47446126,0.6071539,1.5569916,0.21956809,0.051278695,1.2234585,0.20084062,0.07913589,2.8500478,0.5709071,0.8347122,0.90427727,0.2417339,all_pothole_images\pothole_images_new_image_800.jpg
1.9613215,0.7461235,0.40411264,1.8322716,0.4466094,1.0368336,0.33218217,0.0372054,0.13338454,0.8581652,0.21441905,0.7327818,0.78677076,0.024822323,0.34443516,0.3949597,0.09809724,0.5534113,0.18206403,0.030562663,0.42337665,1.768379,0.76483697,0.9885473,1.6321626,0.25955403,0.25304535,1.4852504,0.4088374,0.44994718,1.2659339,0.7376499,1.1638565,2.0071619,0.3548948,1.4417223,0.39750257,1.0997082,0.054320384,0.0005014072,0.414634,0.01200808,0.28157496,1.8543637,0.29044494,0.1622761,0.25407484,0.0,0.8328434,1.6798724,1.1916658,0.63311774,0.4383512,0.25126928,0.16427612,0.51045305,1.438195,0.178059,0.40951568,0.0,0.0,0.1331232,0.24488126,0.7169101,1.3204546,0.89998144,0.3191192,0.0,1.5247774,0.06336363,0.26563483,0.62243503,0.875794,0.6906921,1.08047,0.44711193,0.18706672,0.27025768,0.45935753,0.22530976,0.17091936,0.25283206,0.2127108,0.19106811,2.3533611,0.36516127,0.26289168,0.59802395,1.861164,1.0367509,1.3561535,0.10257392,0.1233682,0.5297797,0.13474417,0.52252716,1.2595973,0.7588601,0.114813864,0.15172286,0.024451625,0.93188334,0.20747149,0.36133492,0.3433697,0.62885237,0.23613042,0.5274509,0.30688444,1.0367349,0.074498415,1.5740494,0.50607765,1.2758545,0.4562599,0.91503197,2.7032526,0.76494586,2.6560369,1.3325064,1.3515831,1.3518839,1.0641464,0.29447344,0.22937854,0.44940785,0.1177579,2.1731756,2.067375,0.105604716,0.41990006,0.0,0.37234423,0.00306885,0.0,1.3782741,0.22197935,1.5402684,0.48315054,0.041935015,0.93936986,0.18119095,0.2666179,1.1861017,0.0009165479,1.7131284,0.030210182,0.50922024,0.47317886,0.6328647,0.87225837,0.90737665,0.32140455,0.038488686,1.8495601,0.8207777,1.6559079,0.15908438,2.1842163,0.42100778,2.2991679,0.4476179,0.16720901,1.6993678,0.12510277,0.7656543,0.4581721,0.14210983,2.666379,0.37521884,0.0042470424,0.09144011,0.008561325,0.11513437,0.9884861,0.4847236,0.5300064,0.0,0.81244004,0.47278085,0.0,1.4759346,1.91996,1.026593,3.692128,1.2370516,0.46262783,1.445591,1.7646469,0.4596841,0.44565734,0.3443606,0.15959126,2.5813446,0.13557176,0.5535139,0.36091548,0.41638106,0.84123456,0.95982975,0.6177338,1.1941587,1.2814677,1.0972973,1.2348429,0.9031748,0.9889555,0.29013297,1.446549,0.60332114,0.0,0.019575743,0.079527624,0.28305912,0.5341308,1.0783526,0.784698,0.010940981,0.20208392,0.11651072,0.41796145,0.17747475,0.4719976,0.08341713,0.0,0.9122697,1.521601,0.24580012,0.13833947,0.013816458,0.03869044,0.0,0.20928316,1.1326436,0.3005123,0.032308836,1.5005926,0.08878224,0.16114701,0.6551793,1.2887421,0.42968062,0.20409076,0.08409475,0.14369811,0.036721084,0.5199245,0.56084555,1.0175968,3.4516673,0.5155511,0.20079951,1.4469782,0.1035786,0.09920779,0.3155693,0.8076392,0.12899707,0.26633242,1.8461883,0.022769652,0.48733896,0.12260721,0.9709041,0.25701144,0.6408039,0.31699732,0.7576927,0.3103729,1.0960358,0.18716723,0.25021046,0.022156104,0.39067292,0.38430357,0.5604369,1.1482042,0.45936692,0.5924418,1.186974,0.12178981,0.18509433,0.10956974,0.4424944,0.9829666,0.58755404,0.82836163,0.1442096,0.5632109,0.43204156,0.70238304,0.08320056,0.48784885,1.6498042,0.08886296,0.033780735,0.6530847,1.4614698,1.1222174,0.57473594,0.21411034,0.92666906,0.032244544,0.27289918,3.807365,1.1153581,0.023022523,0.30584416,0.013174676,0.12640573,0.7570918,2.109776,4.041634,1.3997538,0.3824702,0.07592295,0.008475726,0.04996917,2.382457,0.12609239,1.1220856,0.003823066,0.05292175,0.63808906,0.22757825,0.5089834,0.61225814,0.34290344,0.5990487,0.1626801,3.7135105,0.36686784,0.05639561,0.0,0.027610362,0.10901163,0.4450745,0.008549686,0.29123342,0.5067269,0.78403485,0.7695868,2.514697,0.14444798,0.07675967,0.9933973,1.0714388,0.13630241,0.2780812,0.1596328,0.97964084,2.3381898,0.10751229,0.20763788,0.32989487,0.17898256,0.92655706,1.6036012,0.5727703,2.283918,0.50206107,0.13470674,1.0450604,0.3460818,0.15959445,0.3763213,2.1561396,0.16899836,0.3770118,0.1401148,2.0976675,0.57828087,0.3711608,0.11339963,0.74874955,0.8197971,0.11182734,0.4064349,0.70850456,0.56891197,0.4594615,0.028359544,0.38647422,0.5066859,3.5555937,2.2888281,1.6580832,0.024879448,0.02690909,0.69523984,0.26282808,2.121382,0.31765726,0.19736041,0.1919891,0.19902763,1.309082,0.3450923,0.5201144,0.58363074,4.8743467,0.9826294,0.79187304,0.34018934,0.42537248,0.16465084,0.46032512,0.27955198,0.018452628,0.15100624,1.113825,0.45052558,0.49126658,0.66295403,0.0034734274,0.06920328,0.60138977,0.39368793,0.6852755,0.034737643,1.2276558,0.53095454,0.22950001,2.4338706,1.5218506,0.1746971,0.93339264,2.1042187,0.44014847,1.7619212,0.20717071,1.3190819,1.8990335,0.86043155,0.32148105,2.6131692,0.73406583,2.0272815,0.06071456,1.5088152,0.6492183,0.12479075,0.5237456,1.5320864,0.8973135,0.16032489,0.4236352,0.0,0.88743645,0.6944225,1.8667439,0.8317238,0.07988364,1.1208476,1.220389,1.0540854,0.7480286,0.27203766,1.1798815,2.0960143,1.4946706,1.0593952,2.3004694,0.28507194,0.5867529,0.36704043,0.15702726,0.034976523,1.1960886,0.8235016,0.3119853,0.5767163,0.39897934,0.5712008,1.1019014,0.051107522,0.39894158,2.9148614,0.02845939,0.008063375,0.12045668,5.208498,1.1643006,0.3106194,0.017547624,0.075768165,0.26351824,0.15097363,1.4554633,0.04547127,1.1871691,0.1342562,0.022919908,0.3349804,0.20529826,0.053285208,0.0,0.31830928,0.27292982,0.42748025,0.81335235,5.0808153,1.0997059,0.1855752,0.6167202,0.8468102,0.11810707,0.07425629,0.44818956,1.5259088,0.39157858,0.2971253,all_pothole_images\pothole_images_new_image_801.jpg
1.2253287,0.49204236,0.0,3.8915448,1.9060045,0.003367312,0.59162456,0.40411758,0.5391744,2.612347,0.5889552,1.789501,0.012326751,2.0255923,0.73964894,0.14310521,0.14674085,0.5815868,2.5506084,1.2475694,1.5642365,0.0805798,0.8614434,1.1816086,2.6656885,1.51176,1.4715947,1.9118344,0.007102729,0.58596826,0.117167056,0.0073449165,0.57543665,1.2978588,0.35736814,1.1879102,0.791847,1.1848711,0.48367986,0.115552634,0.24755178,1.0113405,1.333985,0.29647872,0.47144666,0.14903264,0.0075007477,0.26194367,0.08346497,0.0009816295,0.32177126,0.41117305,0.021869723,0.019980509,0.11456487,2.3545127,1.4283942,0.8017124,1.3150077,0.012864665,0.48549774,1.0621829,0.0,0.37643018,2.2196252,1.6503246,0.035022035,0.027893236,1.3867393,0.5621043,1.2051572,0.42340472,0.17351313,0.24537168,0.96835124,0.42697328,1.2464455,1.3144813,0.50990087,0.10472441,0.3872167,0.46113548,0.50525653,1.0537755,0.37452802,0.3524243,0.28005984,0.20616826,2.885469,0.6455822,0.13206433,0.5482297,0.38657802,0.7792861,1.0546117,0.255933,2.1118681,0.0042231637,0.89615536,2.4630485,0.0,3.4104826,1.2740984,0.7393919,1.9358414,0.029418265,1.3614757,1.276005,0.12326893,0.024387201,0.040334046,1.8542016,1.1741564,1.04167,1.1832752,0.0010281501,0.02219187,0.5875628,0.15413153,0.047123257,0.44155416,0.09169455,0.4487746,1.7611722,1.2006738,0.0,0.82381946,0.547848,1.0101951,0.21515709,0.878054,0.029434025,0.5755404,0.44955087,0.5960752,1.3059734,0.39030322,1.1205142,0.21884543,0.5769695,0.11412701,2.1101701,0.6884349,0.52416676,0.025924532,1.1617856,0.095347404,0.807442,0.644134,0.011623591,1.4985197,0.025474176,0.00034689027,0.6009778,1.6727645,1.42048,0.42226774,0.008153055,0.6956798,0.62704927,2.4141316,3.92052,0.42337543,2.8159842,3.664481,2.650466,1.2747914,0.8627244,2.5963018,2.105288,0.68129385,0.2808953,0.0,0.020382127,0.13803826,0.40626898,0.73644286,0.005434577,0.027031478,0.14441706,0.015382309,2.308836,0.00613306,3.5232656,2.8736029,1.4552978,0.20229565,1.6553092,0.3722313,1.1235657,0.66005737,0.18417993,0.3109008,1.2691702,0.70051575,0.12738974,3.5222926,1.4788693,1.4110217,0.66259533,1.2625163,0.55249,0.0,0.091916844,0.0,0.023510456,0.7790764,1.3595877,0.8554892,0.9900637,0.019935274,0.10111126,0.6315606,0.27664194,2.3097658,3.7434492,0.30329826,0.18192229,0.2653599,0.8588727,3.4321752,0.1278214,0.38272628,0.67931724,0.08975164,0.40115267,1.109336,0.73523647,0.97778255,0.9662573,1.0625753,0.47523567,1.0554646,0.24474391,0.34564617,0.023514327,3.6032653,0.22975439,0.6039973,0.1528523,0.34715372,0.7470527,1.4790356,0.16759314,0.96570337,0.008494822,0.28704622,0.34378114,2.4595773,6.432023,0.28034034,0.4575063,0.056554273,0.7848368,0.21978515,0.85792196,0.64308876,2.4852872,0.25150478,3.987491,0.5244083,0.3007784,0.22561096,0.31374186,0.0,0.54242915,2.736447,0.06758187,1.6083919,0.070874944,0.52303696,0.017713772,1.230242,0.041898124,1.3110939,0.4953937,0.81001955,1.2917477,1.4826407,1.6819224,0.0036951306,0.23457168,2.5233967,0.3662676,0.24174978,1.6348861,0.9478929,0.02403857,1.1438019,0.4473282,0.012125672,0.2287816,0.5436326,1.2378923,0.9270712,0.8301889,0.45278385,0.17502367,0.0134976925,4.10614,1.6299717,0.2379945,0.2842702,0.016142908,0.18307814,0.46882224,1.2202959,0.02280443,0.5515376,0.1792824,2.4673893,1.4410603,0.32260135,1.218445,1.2423218,1.23156,0.11879113,2.2720196,3.743931,0.6352252,1.2419186,0.30765036,0.6968715,0.7700935,0.793738,0.25373676,0.020132318,0.019724488,0.009538209,0.72031784,0.54283434,0.18109928,0.0025439572,1.1619521,0.643434,0.27467784,3.0752676,2.6808348,0.5794852,1.3898615,0.9742341,0.29382178,0.5667136,4.1381583,1.0744157,0.46158287,0.96863997,1.4724987,0.123931706,1.1826867,1.4170867,0.77413315,2.1751666,0.4776275,0.008447601,0.95477307,0.033147104,4.437401,1.2611036,1.5098525,1.4543433,1.0738763,1.1509802,1.4916773,0.05397942,0.35494322,0.983439,0.0,0.36042708,0.55202305,1.323579,0.25223783,0.013554694,0.2670529,0.1443049,0.7689055,0.5339056,0.18576734,0.66038054,1.169453,2.8339095,0.25339818,0.3940546,0.23191339,0.12541582,0.94187474,1.1210151,0.09619201,0.13904846,2.3842263,1.814596,0.32106683,0.7583098,0.4656762,0.11916497,0.040259536,4.99687,0.77718323,0.7394033,0.3107194,0.21762641,2.6774876,0.18942331,0.24458916,1.2039284,0.04728812,0.9179304,1.3757533,0.5045639,0.0028746203,0.19780225,0.22919585,0.0108877495,1.0185943,0.0,0.8330168,3.3823478,0.16608277,1.9663683,0.5968544,2.400117,0.79901665,3.0398045,1.739482,3.1238213,0.08177622,1.4511223,0.21484734,1.1272657,1.2474436,0.14227137,0.11074568,0.80102754,0.9137618,2.244215,0.6606794,0.01883228,0.522282,0.91840446,0.052635357,1.4060746,0.2363472,0.09894204,0.073293045,0.0,0.0,0.58958346,0.27138218,2.438224,1.8117274,2.8043811,0.42859295,0.20739943,0.39581394,0.9646419,1.0308406,0.115116075,0.02272563,0.5870062,1.4262131,1.5820222,0.1318479,0.92169076,0.20349076,0.348228,0.5107762,0.27361766,0.57120955,0.28441957,1.7926358,0.18660553,0.6600228,0.097553484,1.0363221,1.6320473,0.38722536,1.5182624,1.6720736,0.80582887,0.13005099,3.6250918,1.4788936,0.912131,0.75019807,0.1769431,0.2891031,0.6506732,0.86706275,2.2558472,0.05003616,0.8289691,2.643726,0.97844166,0.23424517,0.12509671,0.45644152,1.0029852,0.31143877,0.3864993,0.6787544,3.16826,3.1267562,0.8156442,0.56711245,0.7091575,1.2367994,1.3335618,1.2029889,0.087938145,1.0171026,0.119373836,0.33277193,all_pothole_images\pothole_images_new_image_802.jpg
0.3402857,2.592553,0.19108663,1.1206192,1.396106,1.6480398,0.49377036,0.2352199,0.011755257,0.32198083,0.11655792,0.8304718,0.1373878,1.8357332,0.044283632,0.3120819,0.040901978,0.52326214,0.21744922,0.018875869,0.27268216,0.11744049,1.937909,2.8462498,0.15550968,0.021774672,0.35779163,1.3417288,0.12358533,0.6785311,1.2182053,0.0035389378,0.17228596,0.075811334,0.93995714,1.3377763,1.0628357,0.20973264,1.220672,0.22919613,0.33309788,0.29745814,0.37180644,0.34661317,1.5624293,0.12131196,0.02684042,0.19465344,1.4008796,0.1465306,1.1069465,0.79051006,0.7615646,0.1251449,0.4652644,1.706122,1.2696929,0.16721182,0.28474155,0.81580883,0.28569365,1.5896324,4.740814,0.5139819,0.066537656,1.2298856,1.7928146,0.16707385,0.0911132,0.1305089,3.2064412,0.6277658,0.064280346,0.6356275,0.34455454,0.18674898,0.043928064,0.05039429,0.0,3.622335,0.0122112585,2.026284,0.7406456,4.802071,0.82141,0.16536658,1.8160831,0.05680603,2.4440565,1.106705,0.42813072,2.7909932,0.026151076,0.90085226,0.7299352,0.95554847,0.13397741,1.3344688,0.6465092,1.1928324,0.37778515,0.2678508,0.6974974,0.42505878,1.5683973,0.10811419,2.7798014,0.536736,1.3064849,0.390999,0.6990931,1.3521171,0.27250516,0.3382987,0.55404156,0.54006594,0.30121672,0.8313838,0.578386,0.14332758,1.4679005,1.6684992,0.16395773,0.47935367,1.351063,1.6354965,0.5418318,0.13280159,0.2786121,0.7433106,0.50686455,1.0086794,0.09897853,2.547444,0.14002039,0.0,0.019046731,0.21125314,1.4571648,1.3230348,0.64618456,1.4089414,0.05263055,0.25365323,0.06096888,0.3001557,0.6450059,0.0023935717,0.637737,0.11733784,0.0121140005,0.3472477,0.9310014,0.0,1.01641,0.12152153,0.21096507,0.027730718,0.36159503,0.22765218,1.6877351,0.495562,0.31009007,2.7309544,3.6950774,0.073277436,2.2708423,0.016512403,0.6749083,0.8450563,3.5203154,0.042324707,0.38105455,1.9850978,2.4473119,0.2752098,0.54187036,1.6091481,0.047425445,0.071833044,0.05131933,2.5374765,1.0238935,0.11202515,1.8497945,0.7934746,2.5793276,0.28170425,0.34706286,3.3395605,0.9215292,1.7901347,0.32783985,2.8435853,1.6977167,0.1482677,1.2472261,0.6032715,1.2698777,0.045480773,0.19534235,0.83285165,0.3249993,0.9475747,1.0951483,0.5997884,0.036333434,0.00780565,0.97785634,0.4563372,0.68887174,0.8825758,1.0737015,0.29427484,1.0460975,0.12883678,0.30732912,0.1646843,0.72468036,0.0,1.2709905,0.2756792,0.34002012,1.4085141,0.0,0.47808102,0.7915517,0.016609713,2.5839212,0.047042314,0.4956209,1.4393353,1.2705617,0.81237566,1.6700375,1.5722328,0.6405149,0.13098198,0.16098166,0.022825584,0.06903531,0.44673082,0.05799281,0.2539712,0.34549698,0.48468736,1.587474,0.42220947,0.25307292,4.149192,1.1013895,0.16847168,0.040705457,0.018153165,0.5324985,0.02517959,1.5439693,0.29994994,0.5281498,1.1310521,0.39770144,0.26142883,0.7244247,2.0699267,0.088779286,0.4416179,1.4114997,1.7542526,1.5370526,0.028662689,0.38915396,0.63893586,1.1506904,0.28712755,0.30969518,2.3814092,0.5054727,0.11727239,0.017542226,0.016327469,0.34463516,2.5852094,0.58918846,1.663993,0.7061565,0.48065126,0.9430176,1.4372528,0.8092118,0.15694071,0.5873264,0.81682646,0.06309137,1.6399168,1.9568336,0.7023591,0.98491275,0.16454579,0.5480486,0.62100613,0.03179872,0.7970061,0.71909547,0.77739114,3.253457,1.3240025,0.69838446,0.19389345,0.6535741,2.6478453,0.008064551,0.22850691,3.6047068,2.7250135,0.39530832,0.07500494,0.20220873,0.5143039,2.559092,0.23870347,0.20762621,0.21066268,0.029716423,0.10647642,0.0058884528,0.24215923,2.0424678,0.12573405,1.3299431,0.48444763,3.0160959,0.34161994,0.28231663,0.01716524,0.0,0.45418498,1.3131994,0.3988373,0.333329,0.59544283,0.08551481,0.927323,0.99896955,0.55252594,2.1562276,0.042474464,0.327203,0.02388317,0.038893122,1.5493612,0.48765486,0.021437582,0.0075569153,0.556125,1.1468942,0.09358151,1.6041565,0.59095985,0.58120394,0.2676832,0.24044842,3.4032216,1.5368121,0.0,0.008153311,0.639541,1.4011974,0.31321642,0.1554563,2.8902917,0.5877193,0.9716241,0.107463844,1.355985,0.7202797,1.9871818,0.16005133,0.04679995,0.036972456,5.711347,0.4136429,0.27440342,0.7208759,0.6711282,2.3250325,0.08715141,3.3245687,1.0192063,1.3285055,1.1692487,1.0618402,0.08560931,0.5456297,0.86594903,0.12121173,0.6693007,0.061537236,1.4977236,0.01891051,0.10683775,1.1369852,0.6298524,0.09088557,0.41380772,0.56696576,0.009291184,1.0654861,0.8096251,0.07007541,0.58276,0.21294068,0.93576777,0.38915658,1.0629965,0.22856563,0.051528025,0.7401194,1.2711931,0.2828463,0.29183692,0.2582407,0.09858434,0.021820966,0.93191576,0.6650769,0.6684065,0.13372694,0.46318576,0.29386204,0.33186838,1.440219,1.0285326,0.014454253,0.18363377,0.038710665,0.8584361,0.39025784,0.5687136,2.0548465,1.5225751,0.32022488,0.560233,0.67638737,0.014335225,0.17809953,0.3143417,1.0522524,0.060052402,1.2481835,0.7033404,1.3352702,0.45983076,0.23276247,0.02012957,0.93114096,2.4626029,0.4869362,0.6942685,0.06658144,0.30962822,0.88822967,0.056778576,0.5534267,0.24797207,0.33145982,0.08450298,0.9506936,0.041839655,0.3756534,0.5518332,0.15886633,0.008339515,0.06357966,0.13618739,0.1908046,0.76201034,0.64680064,0.05477009,0.46557418,0.0349689,0.25045043,0.71166074,0.45128334,0.022430914,0.20557922,1.8964931,0.83963484,1.1886382,0.054225452,0.036548,0.26412925,2.6464887,0.00060785393,0.037410997,0.042684283,0.13736324,0.45450404,0.044945404,0.0,1.0891116,0.042334594,1.7882357,0.5302263,0.046874013,1.7867005,1.0200626,0.35103917,1.4681648,0.2573422,0.27296254,0.7826892,0.95708394,all_pothole_images\pothole_images_new_image_803.jpg
0.7431676,0.6778944,0.004097222,2.093476,0.32975563,0.2085396,0.24079567,0.0,1.3257412,0.2479976,0.20438547,0.07172502,0.0,0.1627983,0.26755026,0.14117141,0.54326075,0.32885104,0.01217086,0.11448975,1.3691453,0.074224964,0.2724076,0.52558005,0.80903393,0.23469359,0.015118163,1.7092817,0.051897567,0.5222474,0.067285605,0.73625433,0.13721065,0.75615066,0.011696804,1.5841447,0.06914761,0.0,0.22937405,0.014178238,0.9213768,0.039548874,0.0022688971,0.1394154,0.87582177,0.36701915,0.15899913,0.7855016,0.7094608,1.097584,1.0556494,0.3642925,0.50512046,0.6268014,1.7532604,1.3803716,0.20659201,0.6789018,0.03346429,0.50369644,0.0789224,0.1999362,0.22215539,0.5355871,0.5403492,0.6611193,0.1539242,0.0,0.17019816,0.10718442,0.53017235,0.12099798,0.630926,0.7922545,0.9264064,0.22849077,0.21651676,1.9197848,0.07253234,1.1311166,0.10089876,0.13478787,0.34957963,0.4407294,0.08326232,0.0,0.0,0.0036164746,1.5367332,0.36293793,0.5663955,0.10439803,0.14244308,0.19864486,1.8592519,0.116285294,0.16221364,1.7257936,0.03938961,0.41201645,0.0,1.2467991,0.031177212,0.33281317,2.1854913,0.0,1.5418757,0.7913941,0.25529402,0.8321297,0.09954195,0.7182066,0.6896422,0.20524114,0.028564604,0.20561163,0.38303822,0.608241,5.248104,0.51330286,0.41676158,0.0,0.0007503257,1.4591208,1.201416,0.29543507,1.2512153,0.0986205,0.1531811,0.0,0.020468751,0.0109867295,0.0,0.037164282,0.0,0.60775924,0.028099064,0.006482601,0.22590955,0.0,0.052470036,0.087291576,0.56719077,0.210479,0.13861337,0.6353548,0.018041125,0.0054671625,0.45691136,0.15699187,0.2978348,0.52751,0.19398154,0.4352575,0.3770799,0.65146124,0.34769332,0.05251681,1.0106645,2.4868731,0.8375909,1.2577567,0.018983193,0.027308274,0.32555962,0.23751973,0.42817807,0.0049491404,3.0347912,2.55696,0.0,0.024149025,0.10381705,0.00010571568,0.2202661,0.13206676,0.49111438,0.0,0.59775925,0.13287048,0.0,2.1407955,0.62044215,1.0478648,2.3428288,0.73797405,0.30527347,1.1518471,0.8860466,0.2011637,0.022736955,0.10852245,0.30795047,0.54206574,0.6289198,0.0061903712,2.6718705,0.72520024,1.3981606,0.6301317,0.0,1.2970654,0.0012140142,0.38448146,0.27650362,0.59761506,0.34376708,0.28577948,1.4316261,1.2323155,0.0,0.023009023,0.32957006,0.20039953,1.0437548,1.4833953,0.47963777,0.0,0.88759243,0.7234279,0.61543685,0.05766357,0.6457054,0.86368865,0.0,0.13753244,0.6024251,0.47952846,2.1233408,0.31600565,0.0,0.013288502,0.14614145,0.0,0.9595424,0.25058323,1.879738,0.0,0.038977887,0.58391595,0.4538587,0.39851582,0.015090638,0.0,0.14120986,0.048612516,0.75909775,0.03249621,0.4678992,4.104083,1.9580424,0.051282726,0.04430867,0.20615572,0.84301615,0.0,1.1570973,1.0194963,1.0908766,2.3677351,0.0,0.14956412,0.4411375,0.6936144,0.5242074,0.38477635,0.0011765532,0.037106074,0.316491,0.5711127,0.2004783,0.0,0.41785967,0.020912055,0.92701375,2.3159595,0.64272344,0.9247025,0.047860995,0.18327582,0.0,1.0779268,0.074959956,0.3616512,0.0,1.1555043,0.5374453,0.0066504865,0.22318229,0.4650309,0.04544184,0.69292295,0.0,1.2477014,0.018683912,0.7679146,0.0,0.49548924,0.061706755,2.9314113,0.44449073,0.4201868,1.0729117,0.08641727,2.8442202,0.08785306,0.6122686,0.07445353,0.5744223,1.0372529,0.12844722,1.1239364,1.5396324,4.550265,0.18872854,1.4501059,0.052889563,1.4562222,5.7816334,1.6139857,0.038401186,0.05111253,0.43012643,0.45944056,0.23846242,0.661175,0.7214971,0.0,0.0,0.8082039,1.8522097,0.12077804,0.6882757,0.5971093,0.0,0.01737386,3.0012558,0.54158574,0.10110159,1.9902514,1.1656629,0.0,4.3719687,2.301205,1.6333425,0.00655698,0.45371634,0.6042912,1.0522612,0.021325916,0.0,0.26995632,0.0,0.08777564,0.1423661,0.40111294,0.08138067,0.3120144,0.20823665,1.2212443,0.31372467,0.36757982,1.8039703,0.65069973,0.07705404,0.13374554,0.28844061,0.29597357,0.0065856613,0.3242581,0.05575517,0.6277851,0.25811502,0.043561175,0.15024361,0.21474122,0.2350813,0.052480437,0.55934036,0.39548624,0.05589745,0.023499334,0.016083524,0.52363175,1.5961967,0.7423642,1.0196705,0.0372086,0.21673132,0.74613655,0.69156724,0.15694036,0.26334426,0.051931195,0.0,0.3126452,0.3023939,0.5100767,0.15466231,0.22873259,0.34525833,0.8618851,0.029844975,0.03677305,0.5304302,0.002458987,0.48045212,0.04326072,0.59064776,0.048301097,0.14413008,0.63739204,0.2876386,0.0358328,0.014596563,0.199459,2.471209,0.5512507,0.47666246,0.27548736,1.9143896,0.26204133,0.001765549,0.35951194,1.0828087,0.0012540162,0.36452094,0.0,0.23300396,0.85678303,0.7796858,0.13806863,0.715582,0.47910753,0.23983678,1.2245574,2.278519,1.1932248,0.0702145,0.6863213,0.36054394,0.17842887,0.112290666,0.13015796,0.123307906,0.0014876018,0.17427394,0.668936,0.0031970993,0.46510383,3.2810855,0.004395766,0.38012874,0.044597663,0.5489645,1.243252,0.08863793,0.31500807,0.0004267849,2.032479,0.5911205,0.30907923,3.2925348,0.106684275,0.9197836,0.0,0.06794643,0.0,1.0368755,0.18872169,0.43807545,0.7830756,0.54177386,0.055616032,0.87197244,0.7176132,0.050541908,1.0614529,0.57788527,0.08526808,0.015165134,1.1193222,0.08979303,0.26998717,0.33946195,0.18840215,0.26937807,0.11046953,0.74061006,0.24187072,0.019755017,1.5710368,0.11243343,0.035349555,0.0,0.0,0.090817384,0.0,0.0,0.003461696,0.050719064,3.3092756,0.44924295,0.83725137,0.40305296,4.0741606,0.6432547,0.3348338,0.3424284,0.71777046,0.0,0.3043462,all_pothole_images\pothole_images_new_image_804.jpg
0.6735874,5.1626997,0.43390408,0.22900188,0.23856291,0.5403291,0.5204517,1.0761933,0.04950859,0.7556789,0.60384077,0.95767605,0.28313026,0.063152514,0.34943128,0.49468893,1.6494695,0.29890397,0.23999391,0.32391465,0.19676323,0.9553956,1.1278236,4.183628,0.06824686,0.953172,0.5764598,0.8033342,0.0064432593,0.8192132,0.52572286,0.19791676,0.08359115,0.9845545,2.2346373,0.16252759,0.06744675,0.5222273,0.19766568,1.4034252,0.11296096,0.29429397,0.0025988696,0.19755621,0.941368,0.10919784,0.63098055,0.15773614,0.029759305,0.26734835,1.5978389,0.94021815,0.94563216,1.0081267,1.2443919,0.8917293,0.32389897,0.516037,1.9268148,0.21418947,0.1879591,0.2983107,0.9340764,0.33010945,0.2654837,2.1951435,2.9892519,0.3436983,3.867442,0.68009233,1.5714269,2.2866576,0.833072,0.19021955,0.6466676,1.0137889,0.8262869,1.2508377,0.5893134,1.1473045,0.10537451,1.7504832,0.674111,0.5869487,2.7811718,0.36019236,0.4685008,0.97809386,5.1649594,0.2522625,0.28590214,0.64577335,1.7845863,1.5424933,0.6253438,0.7773954,0.33837914,2.347058,1.2175363,0.0050699497,0.3013405,0.11298279,0.6590984,0.33046243,0.6328658,1.3569928,1.079189,0.063016,0.26704565,0.2119991,2.611032,1.1305643,1.098735,2.5502636,0.11345582,1.4226792,0.56672394,0.22467978,0.60326844,1.0317199,0.10577775,2.8544211,1.0529696,0.27226934,1.2745041,1.9764496,0.034708053,0.7775872,0.079767756,0.13432962,2.4457827,0.72260803,2.3849092,0.2613424,1.9046664,0.30358395,0.1424372,0.01858923,1.4343141,0.36046258,0.9817042,1.0146554,0.085007645,0.74979913,0.45529664,0.42498207,0.60050887,0.22528712,0.17147537,3.7874303,0.19163062,1.7839652,0.17849855,0.13636367,1.1853864,0.6282728,1.127817,0.3067857,0.31894815,0.2568586,3.026451,0.41342387,1.376623,0.46922302,0.98298645,0.094014525,0.4362937,0.8265574,0.0292921,0.4419716,2.884549,0.050546948,0.45409244,0.024174325,2.6922204,0.21980508,0.09425107,0.27511272,0.4644646,0.6836805,0.43542698,0.39999744,3.3861668,1.9658264,3.0370717,0.5591353,0.088217735,0.18961436,1.6845938,0.4013521,1.9013476,1.4765327,0.39898595,0.98037666,1.2518033,0.3847424,0.05523812,0.088365845,0.022261493,1.6744024,0.8313146,1.1457578,0.09020192,2.8622878,1.7872803,1.6462002,0.5627755,0.52466005,0.20252377,0.2666441,1.0213157,0.5571846,1.3951026,3.0507889,0.12157699,0.09776421,0.84890985,0.05053306,0.25569752,1.3109326,0.58288485,0.34348923,0.7199193,0.57378143,0.059556313,0.2559811,1.2536654,0.088250235,0.03235014,0.4840195,0.5382666,0.6766112,2.0384488,0.6205867,0.8232265,0.07037897,0.29638517,0.59867376,0.4350623,0.72169966,1.0760342,1.2300445,0.33774674,0.17644808,0.72893333,0.45061567,2.4810495,0.24489136,0.52431154,1.9061413,0.5697034,1.4792023,1.8313707,0.9811664,1.6296922,1.5075624,0.46963188,0.28041324,0.63767064,0.7348669,0.3496369,0.81988144,1.5484778,0.39595044,0.09765719,0.26484206,1.7331418,1.4731487,1.20834,0.21953058,0.44664705,0.14855126,0.9699349,4.836033,0.086164474,1.6033978,2.754576,0.018615268,1.0397623,0.23537466,0.24895853,0.963115,0.6381206,0.093046546,2.2848747,0.76938385,0.13535357,1.6796734,0.92368543,0.06836201,2.2140532,0.86052,0.02310401,1.7142301,1.2849873,0.105423845,0.50282896,0.6403442,1.0591348,1.2835776,0.111102566,0.14954256,0.6087922,0.6673326,2.7142744,0.9008601,0.035905484,0.9393126,0.9262235,0.68925434,1.058424,0.7113714,5.400128,0.48917603,0.29325235,1.471745,0.6836777,0.74363935,0.22650594,0.30004334,0.031238072,1.3587744,0.33640736,0.009287409,1.0018764,2.5851042,0.1513446,0.7947683,0.96868414,0.3722954,3.7342603,0.79006,0.58151215,0.50453573,2.0821738,0.7371031,1.2575597,0.05176989,0.96588725,1.2596956,0.8708519,1.657281,0.35730606,0.17165305,1.9742256,0.36019242,0.14454684,0.047307864,0.1628497,2.7546346,0.06170211,0.9278703,1.6240075,1.5635248,0.022165172,0.36834374,0.19191504,1.4583364,0.28552848,0.9253866,0.3133487,0.67659307,0.49512,0.9521752,0.28969014,0.34611714,0.722343,0.59836054,0.27846852,0.60319185,0.77755237,1.4446839,0.7266404,0.17784813,1.357887,1.1647034,0.08504513,0.40734652,0.16290216,1.6886716,0.20412269,0.822672,0.5686484,1.3002295,2.5383143,0.93526524,1.5432583,1.7756828,3.4897752,4.3413615,0.8380316,1.5180455,0.6456318,0.15597992,0.48923188,0.236895,0.34047693,2.3516986,1.2228428,0.48159134,1.016867,0.827455,0.07458952,0.7662403,0.22286715,0.111650914,1.1981839,0.6397704,0.2789755,1.3527279,0.10228365,0.86806625,3.2055533,1.4666791,0.14744052,0.2353,1.6373403,0.36362958,0.46134782,0.1655885,0.086455986,0.50959605,1.4688601,0.23886386,1.3625447,0.2821576,0.18997844,1.0069504,0.09524979,0.6576216,1.2269691,0.87822837,1.5178261,0.024247903,1.3217262,1.900698,1.3520869,0.012361113,0.6606583,0.96562177,1.4092343,0.0037150127,0.41207477,0.80609494,0.93397087,0.22613627,2.915536,0.7493636,4.9769325,2.6775434,0.0,0.23883143,0.6475853,0.7939836,0.556925,1.0743625,0.7668902,0.67489904,0.15040514,0.9371591,0.8975273,0.6718686,1.7504784,1.2397766,0.09268186,0.16639666,1.6350672,0.38311288,1.3271154,1.116436,1.4749655,0.88024247,0.67203546,0.72612685,1.913425,0.7834815,0.3562074,0.01414968,0.98766077,3.1835146,2.7602382,0.8647333,0.97980344,0.3024803,0.031256545,0.34740832,1.5212785,1.8276672,0.58497447,0.18223244,0.40130886,3.066326,0.7235498,0.4047291,0.013460176,0.3294761,0.85451645,0.7294427,0.5011576,0.51407295,0.27874458,2.4344146,0.7264348,0.4835648,0.10475895,0.054809775,0.0138128055,1.7218059,2.4191244,0.9762777,0.71247834,0.38206282,all_pothole_images\pothole_images_new_image_805.jpg
0.81519,2.1414752,0.6722675,2.3495288,0.21087751,1.0973512,0.32951355,0.2657578,0.6078259,0.4490667,0.7044735,1.3144547,0.023082785,1.6530564,0.57498556,1.0512136,1.1563444,0.2705015,0.7259074,0.96032244,1.6310827,1.668363,0.24103622,0.98708093,1.006288,0.5836315,0.2670447,3.9548936,0.67376894,0.3135706,0.32280374,0.34485206,1.4543972,2.1859128,0.22725976,1.7988135,0.4408015,1.1196022,0.07029486,0.92466354,0.35295385,0.05953857,0.87962246,2.8839436,0.63728637,1.5058675,0.33186978,0.06114635,0.19307429,1.2653775,1.0375373,0.8056694,0.920748,0.5084075,0.49883044,1.4007659,0.06861279,0.068924725,0.78748006,0.20942287,0.96085614,0.40666926,1.3744003,0.26980174,0.5934494,1.049748,0.41196376,1.0686419,0.51760834,0.37020585,0.78501207,0.19676554,0.34799656,0.6533429,0.6890893,0.8067564,0.74498546,1.3023181,0.026228717,0.41079703,0.72011334,0.11459697,0.06208442,1.1203142,0.89404047,0.8283097,1.1208386,0.42465597,2.868344,0.040295105,0.5110641,0.046489898,0.40662065,0.70732737,0.016655438,0.60241306,0.95163476,0.84277266,0.7790727,1.1859493,0.087634884,3.4321446,0.805248,0.16518486,0.17736404,0.255905,0.42005035,0.45276573,0.32050833,0.24266756,0.0,2.2079659,0.6556163,0.2271278,0.8177875,1.4294022,1.4987216,0.67129594,0.4643437,1.6105474,1.801206,0.93580127,0.8433333,1.9686443,0.4401459,0.22306895,1.6577774,2.1613195,0.6550723,0.40676123,0.47635803,0.0,0.13212782,0.72174287,1.1821942,1.4748105,1.5194565,1.121158,1.2535093,0.6070583,0.18277572,0.21780111,0.046823017,0.27898166,1.233856,1.8602762,0.5443304,0.048900295,0.27238107,0.6458094,1.8511579,1.4286838,0.06120083,0.053601727,0.20415123,0.8427737,0.62698156,0.2318544,0.57255965,0.6689528,0.46042913,2.8829818,0.0021145076,3.2604403,0.009469118,2.016721,1.0999745,0.67275065,0.5298813,0.87397623,0.66166776,1.1955607,1.8484474,0.54076725,0.23948027,1.212625,0.44471326,0.0075319214,0.33723754,0.35351706,0.10575205,1.6286275,2.0630007,1.9842968,1.138012,0.14003983,0.068783514,1.2717392,0.7421233,0.30216768,0.6397887,0.59097445,0.20312344,0.70787996,1.292811,0.93447834,0.65595275,0.040564124,0.13701612,0.7825873,0.7500972,0.5170892,1.3066947,0.49444923,0.8225718,0.2837925,1.1326674,0.25947672,0.04568825,0.14763243,1.1466875,0.033387676,0.49803632,0.21152338,1.1619791,2.803676,0.5516652,0.20249017,1.7027634,0.33145648,0.96111995,0.01703469,0.6234876,0.1721117,0.096677445,0.75186044,0.53250194,1.3035285,1.2076324,1.2740399,0.13864009,0.46869683,1.4639348,0.04937659,0.8212373,0.041911125,1.923295,0.10937676,0.062975325,0.56494325,0.5128374,0.3021363,1.1670873,0.011324066,0.89484483,0.050800104,0.27499104,0.6442632,0.33335423,2.8701692,1.7222427,1.6707937,0.49593115,0.7606981,0.1088866,0.29219228,0.14744163,0.11706025,0.26182434,2.7868524,0.38182503,0.8975246,2.1059992,0.103741355,0.107472576,0.13643484,0.1624108,1.7739868,1.3298317,0.7505414,0.29015708,0.040618584,0.18255807,0.702952,0.12680405,0.73071086,0.42896503,0.90041,0.52073056,0.9419596,0.5517318,0.39222607,0.14143506,1.1907898,2.3073034,0.0054786997,1.1205025,1.0302569,1.0459142,0.011906826,0.31025124,0.15128459,0.28954288,0.7562841,0.7433621,0.32279986,0.9227416,0.4838709,0.9498456,2.1575973,0.77261376,1.0329672,0.8098386,1.4527061,4.2685103,0.44727328,0.30023968,0.88465226,0.31623918,1.7631766,0.3168174,0.47066972,2.1321204,1.078316,0.2349184,1.0942534,0.02124526,1.370816,2.874925,1.2083508,0.92190886,0.26564768,0.954739,0.90595967,0.9552359,2.0717833,0.42789105,0.7658956,0.7416214,1.3805994,1.5864633,0.5215379,0.12607361,0.10244311,0.20905577,0.54101187,1.307453,0.603224,0.45889688,1.5400482,0.9808591,0.38177174,0.7544902,1.1798977,1.0867411,0.35063043,0.33403438,0.5095104,1.1414057,0.4871409,0.52609223,0.2178371,0.0455947,0.22017634,0.5767458,0.1755154,0.2423191,0.25672948,0.6495538,0.54684323,0.021399833,0.32309812,1.1914326,1.005883,0.44491768,0.6053303,0.6865502,1.3890508,0.36439747,0.60664487,0.51229304,0.794795,0.3771964,0.4892665,0.04127603,0.18634322,0.8466174,0.034608457,0.18412006,0.37229988,0.39206585,0.6526173,0.8809486,1.4704866,1.4919801,1.3113048,2.2103484,0.9068108,0.04398623,1.2371198,1.4319595,0.3881246,0.4617217,0.27510235,0.08020953,0.5094224,0.96235937,0.38399148,0.47855836,0.005776908,1.7416139,1.575766,0.5435922,0.71358895,0.27450806,0.7508255,1.007136,0.20735572,0.3278725,1.5288855,1.2289685,0.38672578,0.729902,2.2033277,0.0,0.26713502,0.51829296,0.31816524,1.0034949,0.2326172,2.936172,0.7744844,1.1869102,1.4206995,3.1414857,0.12807375,0.48849922,2.672215,0.34290507,0.8525571,0.36772904,0.013872941,1.1803491,0.5437628,0.8319535,1.3933591,0.89092,0.29451936,0.014505451,0.9228826,0.9647531,0.545311,0.20407353,0.22639358,0.056535084,0.7859628,3.2909057,1.060338,0.33296368,0.9414172,1.1632105,0.7154767,0.5268787,0.27845484,0.9510904,0.4741474,0.750368,0.76366305,0.7621405,0.18543622,2.326308,0.24457435,0.8274856,1.7015924,0.26226825,0.8071781,2.4604685,0.045173388,1.6267111,0.7006933,0.7980602,0.4188881,0.31311068,0.077354655,0.6347848,0.105028,0.9548485,0.85366285,1.068029,0.18045753,1.0378039,2.2956345,0.37166917,0.9364126,0.2998858,0.043446414,0.5347812,0.73996615,0.24518357,0.17188479,0.6190742,1.4619294,0.16523527,0.6062506,0.82599765,0.76539063,0.03791002,0.1976896,0.19444357,0.17957172,0.87576663,2.5311935,0.024587553,1.6798213,1.8342495,0.7745089,0.5758355,0.33738893,0.28942525,0.6029757,0.43609866,0.3948734,all_pothole_images\pothole_images_new_image_806.jpg
0.38817868,1.8471446,0.5548144,2.524254,0.17797108,0.53791696,0.32060227,0.3816434,0.67681855,0.560195,0.754667,1.1900954,0.03194502,1.3652745,0.71305376,1.1675283,0.8565412,0.26949885,1.0957265,1.00941,1.3409554,1.5681489,0.3321107,1.252587,1.0457112,0.66236925,0.53818357,4.185337,1.0657107,0.31877065,0.28930208,0.48365623,1.0756856,2.2771006,0.24562632,1.5261812,0.29384652,1.0012966,0.25467497,0.8860964,0.46750998,0.08146379,0.8224755,2.598947,0.87506586,0.90886056,0.5058798,0.0950725,0.17029025,0.69792944,1.0178604,0.716983,1.0839036,0.6412853,0.59399414,1.1894875,0.0380345,0.031051496,0.93286085,0.6253338,1.4383973,0.4564064,1.6492174,0.4734225,0.8784171,0.96955824,0.3626756,1.1953257,0.9648815,0.5524091,1.1398128,0.5115426,0.44337848,0.35006967,0.5925954,0.84971064,1.0760143,1.4347693,0.0177187,0.7008097,0.63583744,0.16303885,0.014702777,1.5686724,0.90755206,1.1983746,0.88362783,0.32813898,3.1410484,0.012762877,0.30234703,0.1046108,0.354251,0.6414605,0.020929458,0.8088061,1.2164135,0.8061171,0.6398878,1.1146469,0.036085762,3.0733368,0.5536791,0.2521775,0.16189437,0.13198128,0.75195086,0.26458046,0.5950938,0.50573814,0.0,2.5229726,0.5012411,0.09925111,0.65525085,1.0926566,1.5168623,0.6799366,0.4323911,1.300991,1.2768028,0.9455402,0.9325776,2.0943482,0.36413562,0.19209252,1.2650353,1.7208338,0.8357941,0.34661016,0.546376,0.027063966,0.22987708,0.55239964,0.9667125,1.6936564,1.5895343,0.7467052,1.1328924,0.78563535,0.13110517,0.28784943,0.11685521,0.32302883,1.0020927,2.1878407,0.6028863,0.12327992,0.32702586,0.69185,1.4654835,1.2492245,0.31638733,0.019902961,0.2856788,1.1987209,0.23019826,0.22290026,0.49447417,0.696799,0.7428963,3.0317364,0.0018420309,3.003231,0.05543537,1.6197716,1.0115445,0.74923354,0.45123982,1.0821729,0.83389413,1.8649868,1.9793535,0.4436421,0.26578254,0.9696416,0.39178568,0.0032206476,0.42979246,1.1608917,0.09500149,1.5748541,2.2222276,2.1008687,1.3036915,0.21434009,0.3084944,1.5656339,0.8247,0.33805224,0.80888647,0.48719853,0.1297687,0.6406411,1.4771781,1.0632188,1.0402392,0.031549636,0.0754963,0.40354124,0.7029973,0.61303335,1.17697,0.5742257,0.82964426,0.11272025,1.5860183,0.2543223,0.24370642,0.244128,1.0021657,0.24029712,0.52726954,0.09935309,1.1401361,2.8775666,0.5337283,0.1419337,1.9966662,0.5177024,0.9833535,0.13732515,0.7230097,0.13063084,0.08699743,0.6615485,0.49731663,1.775464,1.4175467,1.3547385,0.30519363,0.4014152,1.7322718,0.020788662,1.1298714,0.009108115,2.2480547,0.34590995,0.04234221,0.90784514,0.66875315,0.49607968,1.343155,0.033123832,0.9187052,0.10766851,0.37195525,0.58539706,0.24648057,3.1622338,1.6172824,1.1847259,0.44578475,0.64387083,0.15659276,0.24365899,0.19988663,0.38227022,0.23227012,2.5726388,0.41538087,1.0568486,2.1192985,0.07785102,0.12815507,0.14756319,0.37067786,1.7392166,1.2208416,1.0490334,0.31444916,0.10115608,0.4469994,0.8578275,0.14475895,0.5986268,0.4510098,1.39775,0.6258354,0.5334809,0.56244934,0.33170933,0.14710085,1.1122919,2.1727502,0.0,1.201139,0.99611115,1.4153544,0.10418262,0.3045228,0.063020885,0.6134821,0.53755295,0.7654933,0.72319144,1.0123552,0.3957492,1.0647819,2.2491336,0.9139982,1.0105773,0.8945624,1.165623,4.344552,0.3474546,0.57049036,0.84182125,0.31129837,1.0748607,0.3135793,0.98310775,2.2249348,1.327353,0.3566536,0.849775,0.02525611,1.0854855,2.8593965,1.4854505,0.8660703,0.49007848,1.5238538,0.9742175,1.7869382,2.7246392,0.3420287,0.8179418,0.23718378,1.690541,1.9121048,0.3469981,0.32952058,0.13107112,0.21848623,0.4119665,1.4253497,0.77773386,0.4556743,1.6398485,0.79432434,0.2716316,0.86813724,1.5810269,0.8082828,0.50100946,0.4350785,1.2232202,1.2707791,0.5871872,0.93544465,0.18515506,0.16709466,0.16078034,0.4848202,0.4186107,0.24772799,0.1453108,0.5089653,0.2563012,0.020334119,0.8614696,1.255326,0.7246788,0.4616096,0.58122927,0.89697087,1.144151,0.5922687,0.4717882,0.42660904,1.0536708,0.26903084,0.3695393,0.06504758,0.23584138,0.7946794,0.054282017,0.1705162,0.36833337,0.5123721,0.7427788,0.8434237,1.5591136,1.2330729,1.0912591,2.360624,0.70573753,0.025629628,1.3550466,1.3714427,0.3718345,0.095714614,0.24772908,0.030898627,0.44303417,1.0856547,0.29273415,0.77090657,0.010898962,2.3634343,1.400964,0.4568127,0.5583506,0.543729,0.5239611,1.2158831,0.11216545,0.17889382,1.3871238,1.254423,0.3303856,0.85435253,1.9328759,0.0,0.6498566,0.39467838,0.3880779,0.9063951,0.3021983,2.472067,1.0053471,1.4370846,1.7144022,2.7955582,0.15582696,0.21489069,2.541946,0.42615375,1.1314706,0.21156275,0.28286785,1.0157564,0.8907838,1.5130951,1.6386752,0.8899599,0.28234884,0.029356228,0.53765696,0.97252095,0.28377882,0.27642587,0.19371681,0.047602225,0.79374564,3.1604471,0.932366,0.5924448,1.1268473,0.98224217,0.8381167,0.3519745,0.3373211,1.0045636,0.9399827,0.5825299,0.7116824,0.7198507,0.18869992,2.039243,0.13832095,0.7429474,1.3063862,0.15776715,0.6836011,2.8009982,0.08541251,1.4273565,0.8077689,0.7517745,0.5637091,0.4420717,0.13891701,0.2365791,0.36813384,1.5323198,1.2312815,1.0644771,0.5689468,1.0272121,2.3756046,0.4576265,0.7361257,0.31511915,0.049821157,0.52439934,1.0738469,0.2591973,0.1971346,0.7461254,1.9561048,0.25458843,0.5289853,0.5017859,0.67348385,0.13239606,0.23518488,0.17515904,0.07893674,0.56709415,1.9920753,0.08709779,2.4866483,1.4941988,0.80634165,0.6641347,0.31850705,0.40165827,0.8111755,0.6434909,0.36862037,all_pothole_images\pothole_images_new_image_807.jpg
0.9566219,1.8727074,0.5237746,2.0862145,0.053679895,0.80035084,1.4714701,0.06281145,0.32649896,0.8449171,0.38612035,1.6830236,0.4361349,2.4923146,0.19698577,0.47704428,0.31963146,1.5168473,1.0380517,0.10078336,1.7031069,1.5138123,0.84223163,0.5858533,2.0277932,0.9902348,1.4545643,2.9077148,0.14293703,0.08277121,0.79054445,0.032264628,0.41933608,0.3823323,0.367303,0.96919453,0.056531683,1.40884,0.21989651,0.2222352,0.0,1.4691012,0.28669035,0.885434,0.2575058,0.28483102,1.1615031,0.37177727,0.0,0.21415363,0.18726294,0.6245574,1.458534,0.16396464,0.060123,2.2850173,0.92206293,0.112055786,0.28955293,0.11695039,0.6033752,0.20310424,1.6600106,0.13299915,1.5909274,2.1613972,0.30463275,0.0016259578,0.03695064,0.5566338,0.73844457,0.10520765,0.04448039,0.059551246,0.03351969,0.08989571,0.24929926,0.4109543,0.0,0.031297587,0.24024026,0.0,0.7741735,0.31957752,0.27188566,0.051873483,0.18450502,0.042512234,0.86920834,0.06302361,0.289078,0.55330855,0.050459404,0.24682988,0.30824175,0.20730574,0.91734654,0.83232576,0.31196517,0.86427075,0.3289182,3.8089955,0.48746428,0.32523715,0.7158972,0.4089216,0.076946996,0.21307153,0.13651153,0.29715988,0.6950082,0.5706152,2.0775924,0.5613802,1.2894177,0.101331405,0.08301058,0.033227053,0.12481337,1.1962404,3.160796,0.30570492,0.3099005,1.5419816,0.37139058,0.26079845,3.6437705,0.64515656,1.4537425,0.21081784,0.39763927,0.20408371,0.0,0.36684597,0.4218388,0.6922509,1.1215129,0.40762258,0.676603,0.31146955,2.0128899,0.26933572,1.081122,1.4283203,0.6579142,1.3708524,0.5251016,0.2439729,0.13543594,0.08048905,0.57489294,0.5203631,0.012418399,0.0386954,0.61889046,0.15543775,0.6860989,0.47490495,0.5838087,1.1639915,2.889743,0.97940296,0.040414978,2.9163883,0.96520746,1.1934835,2.9272466,0.95887804,0.95894706,1.5656081,0.29389477,0.31211457,0.11910051,1.4905349,0.27506495,0.6324413,0.59626144,0.9122884,0.7010026,0.44764343,0.3382261,0.84135437,1.5665462,0.04936842,2.072976,0.007819843,0.75822586,1.1665744,0.31976974,1.0543456,0.8521889,0.5949155,0.84382313,2.8256931,0.20573778,0.19974273,0.16794023,1.8615758,0.011473176,0.6036588,0.31072202,1.2273661,0.7114865,0.6285137,0.09891982,0.10863411,1.5930647,0.06495435,1.3432652,1.0351592,0.0,0.27833316,0.41754436,0.12967113,1.3494279,1.743903,1.7130712,0.41378573,0.11000172,0.15834884,2.3498034,0.07246451,0.989163,0.08305082,0.009018204,0.28773543,1.3905061,1.4683387,0.6698209,1.0287819,0.41647255,0.9851779,0.09561138,0.29261348,0.2145365,0.09858705,1.3166871,0.51345223,0.506427,0.2845169,0.02314765,0.0,0.619051,0.19791529,0.34967616,0.59305745,0.39591897,0.5140946,1.4052411,5.5530868,2.681004,0.21357898,0.27958703,0.28816965,0.053699803,1.229034,1.4934796,0.16106616,0.44202608,1.9498774,0.568579,0.23692705,0.15932457,0.13267204,0.10289104,0.81007135,0.20986266,1.3088049,2.6513066,0.24814278,0.2971325,0.71877134,0.18773304,0.41943046,0.29346293,0.5919091,0.4511191,1.4942589,0.36994734,0.34719482,1.4948692,0.14171627,0.8386732,1.0351055,0.7213969,0.25294915,1.1440383,0.09224492,2.6197681,0.08936399,0.09910925,0.27944762,0.17858215,0.7306994,0.118636325,0.664018,0.6886078,0.6232701,0.26962987,2.8562124,0.23132762,0.048540298,0.08025679,0.0009244704,3.3104324,0.01174222,0.6506437,0.14530762,0.04868711,0.2602973,0.88582486,0.9632928,1.4927698,0.8913244,1.5091335,2.197662,0.3658987,1.8840817,1.0580373,0.6041398,0.3503335,0.0,0.4184434,0.60934836,0.86718696,0.054497037,0.33860242,0.02415661,1.5758526,0.35349527,2.2095373,0.10628972,0.5526701,0.13976702,0.12150908,0.033506718,0.65291023,0.57383096,1.0160309,0.5734808,0.040255856,0.66712576,1.3762919,0.62917787,0.6050835,0.8949026,0.14287397,0.6810403,0.48328632,0.78157735,2.2648106,0.15032859,0.3378554,1.0676312,0.07806,0.1327562,0.0,0.59586895,0.011210125,0.07948778,1.905889,1.120281,1.9199626,1.1160252,0.00075020303,0.0,1.6956161,0.03335688,0.81783074,0.730012,0.35517526,0.3269018,0.2243769,0.33306876,0.45099953,0.2230867,0.26832464,0.62992495,1.1066967,0.6563886,0.7399012,0.19230749,0.110609,1.5023097,1.607121,1.3300816,3.202508,0.11020159,0.0,0.48980197,0.70410246,0.47404218,0.063050024,0.68803036,0.025291331,0.2789835,0.9305601,0.7213143,0.2188848,0.37866345,0.35907948,1.697486,0.01948089,0.9434084,1.4188832,0.1327896,1.3232169,0.67598146,0.1615647,1.0077186,1.5821075,0.9147566,0.017029867,2.072241,0.46923912,0.77452445,1.4942536,0.93906283,0.41442618,0.33107084,3.140745,0.17570204,1.0963317,1.6946218,2.9193802,0.08188512,2.6116383,1.0399092,1.0416104,0.23023538,0.27245376,0.4117718,5.0006333e-06,0.48488033,0.288803,0.6734634,0.19866964,0.8739085,0.19899084,0.9231182,0.6851514,0.69590896,0.1827211,0.023673344,0.33376256,0.03351515,0.4443435,2.3756876,0.94323105,2.1088748,1.4304912,0.42707434,0.53396696,0.39260298,0.04236539,0.47249213,0.52102643,0.1461934,0.21889225,0.23774333,2.679022,0.48400205,0.11399814,1.2224596,0.4059751,0.43401507,0.0,0.0,0.13677472,1.0901889,0.8688054,0.3082613,0.35235488,0.34102738,0.29076466,0.038293034,0.84863245,1.3268632,1.1929095,0.0,0.5214189,0.5827116,0.41249815,1.934771,0.0,0.19451328,0.14578731,0.044020843,1.5183105,0.15691373,0.038734045,0.5338269,0.036345117,0.8811414,0.063242905,0.096606635,0.3916329,0.0,0.5401859,0.088178165,0.8299124,1.7081311,0.16535334,1.304362,1.6675746,0.8527213,0.33815905,0.027635068,0.18487504,0.20834187,0.44218498,0.57621944,all_pothole_images\pothole_images_new_image_808.jpg
0.041128356,1.2345648,1.5830576,0.15356523,1.1838567,1.4501193,0.7691029,0.1664114,0.3129363,0.15132713,0.7979234,0.91321045,0.19015405,0.58541435,0.24584766,0.4125258,0.70396,0.04726124,1.5567592,1.2304858,2.6937635,1.364585,2.1632004,2.9119093,0.26251644,0.43898696,0.055082038,0.53323644,0.026144052,0.8856092,1.5877097,0.033873256,1.166446,0.9007836,0.47966897,0.07296812,0.012009696,0.6446051,0.2571335,0.078745365,0.20205666,1.5060339,0.16248235,0.45554763,0.58025765,0.92345315,0.19694048,0.0,0.5950493,0.23240124,2.0382082,0.9158314,0.8675367,1.5273728,0.10604779,0.0021752445,0.5690412,0.05110871,0.17004737,0.27705425,0.35354057,0.9704004,3.1932058,0.91952467,0.14152631,0.4083833,0.16800791,0.38675284,0.0,0.6826617,0.9298129,0.08293356,0.19543533,1.4469703,0.9103068,1.7272401,0.09069173,0.2401338,0.0026627362,0.23222815,0.42913526,0.16958033,0.18490303,0.20927666,2.7492027,2.2801967,0.105332695,0.85742855,1.5975069,0.660621,0.0,0.02426192,0.56519854,2.5783997,0.67349607,0.5957991,0.014987747,0.5074958,0.5171244,1.0003793,0.23300104,0.06456983,0.29653332,0.114961125,0.74437696,0.9047684,0.14816412,0.34556198,0.033226885,0.12891568,0.026014118,2.2234933,2.401289,0.117113315,0.22769059,0.6651506,1.0241976,0.39219567,0.1443612,0.6726331,1.511963,0.9147765,0.76912516,1.2957999,0.03149297,1.3616552,0.3273587,0.8580834,1.3580076,1.6927155,0.9887251,0.094553344,1.4969424,1.1494366,0.032041628,1.908278,1.6533788,0.030024221,0.4065307,0.014472994,0.15957652,3.4741247,0.30245063,1.3188381,1.4021974,0.3597239,0.18833834,0.04493323,3.185266,1.6691589,0.16308978,0.76620495,0.88509494,0.07119795,0.68040824,0.042957384,0.008620357,2.9289033,0.062658116,0.040803783,1.5180315,1.3218096,0.0,1.3008946,0.3369958,1.8301896,2.1704986,1.3393445,2.9977934,0.22821629,1.079461,0.71206355,1.3482085,0.64723384,0.16410574,0.23789662,0.6149919,0.87391245,0.854552,0.17290586,0.3345234,0.029749619,2.7687593,0.13351403,1.9660915,0.016314024,2.067699,0.6379652,0.78869605,0.4645708,0.43407837,2.27251,0.0734365,1.517424,0.12775166,0.096388415,1.5568997,0.7315581,0.30546734,1.6423137,0.62183565,0.124659345,2.077605,0.24297294,1.8079047,0.55530864,0.0,0.0,3.3500304,0.6651289,0.54066133,1.4179908,0.2093002,0.73580116,0.91844565,0.09978805,0.59594774,0.2733552,2.880546,0.19994166,0.0,0.11851041,0.021639971,0.5110418,0.8059986,0.62895685,0.26371157,0.668203,0.971593,0.58576405,0.8897657,1.8666725,2.093782,0.27108407,0.14975709,1.5076596,0.011760888,1.722981,0.46115774,0.43649057,0.14057577,1.1806228,0.44244722,1.4922941,0.0,0.4611135,0.4406647,0.39982986,0.30757567,2.414856,0.74900895,0.002830118,0.3394809,0.3981591,0.93962175,1.523293,0.0029944247,0.3672465,0.70107776,0.60116374,0.03135951,1.2554334,0.08456802,0.0,0.5441713,0.33941203,0.0,0.8496593,0.80153555,1.9440176,0.01932393,0.61210555,0.08038966,0.53308773,0.07604689,0.26111704,0.98653257,2.0769057,1.0733665,0.8284098,0.33324572,0.37284335,0.7653462,0.9084931,2.7551494,0.23087794,0.57692134,0.20522068,0.7595218,0.041545026,0.5019185,0.8973035,1.793273,0.30833733,0.42416692,1.3084316,0.4957525,2.1091423,0.57378435,0.10178956,0.33361083,0.30855286,0.015752727,0.77164394,2.3160653,1.2099583,0.4748428,0.16427787,2.7062016,0.95928687,0.7342598,0.2883339,4.296463,0.92634183,0.035227593,0.07137898,0.8745491,0.19112645,0.78287596,0.58237076,1.104012,2.551849,0.05389699,0.71208674,0.14700378,0.9370445,0.19928266,0.76246923,0.14695637,0.35424682,3.9915354,0.1848942,0.21988457,0.15871629,0.16824788,2.019758,0.38775328,1.035954,0.031773575,0.023637524,1.0971639,0.66319084,1.3114752,0.23666744,0.2870565,1.3718017,0.87010986,0.027580986,1.6634197,2.1956549,0.06457125,0.87338865,0.89049846,0.052593905,0.112810485,0.0008061778,0.8455958,0.35375205,0.06598992,0.053817987,0.0078458665,0.040545,0.43632412,1.8886507,0.17103502,0.22059226,0.7655074,0.5801366,0.15767685,0.7004543,0.41306564,1.2650169,0.21229184,1.4220914,0.89261913,1.0980583,0.40135276,0.59601325,0.011933635,0.96048135,0.0,0.42154032,0.4993626,0.12731275,3.8187199,0.80484957,0.9147106,1.0723757,0.6166227,0.5134674,0.16997516,1.8492686,0.23372017,1.7590243,0.21281865,0.87923354,0.35045156,1.7822454,0.64868855,0.229448,1.8584952,0.39108136,0.03199766,0.041056614,0.16430202,0.068170175,0.757275,0.08859553,0.11843222,0.47805277,0.47915974,0.29356948,0.90807027,0.4200535,0.082651846,0.37374628,1.1546043,0.33876017,0.004215648,1.3624234,0.037352405,0.741102,2.7373047,0.97617584,0.27255496,0.4234707,1.2607718,3.9067538,1.0361651,0.4651628,0.23162791,0.4698111,0.12321576,0.41846842,0.3807207,1.1889015,0.008510592,0.5987232,0.19937299,0.6971513,1.6739832,0.5531476,0.0,0.09562955,0.0015502509,0.058158427,0.66361624,1.8483276,0.0040855417,0.7260521,0.67338616,0.0,1.4344532,0.27386266,0.9923145,0.5538389,2.7058198,0.067865364,0.18805628,0.084127486,0.041085448,0.13717617,2.029191,0.35488954,0.061806098,0.15319264,0.082802296,0.05114678,1.0565643,0.6562923,0.90421295,0.358783,0.07545557,0.22565538,0.1198296,1.3787756,1.1894165,0.11516865,0.14622329,0.008116956,0.833167,1.3817843,0.07962909,0.47837728,0.11050794,0.070751995,0.7814192,0.3537223,0.14034875,0.23711371,0.017852852,2.0906215,0.15500765,0.029189965,0.023505814,0.1518782,1.06017,0.0038497273,0.11320506,0.07268257,1.874332,0.14618523,0.2500492,0.7450694,1.5187781,0.7266467,0.090459354,0.86333597,0.090230905,0.1606007,0.95801145,0.3067351,all_pothole_images\pothole_images_new_image_809.jpg
3.635539,3.9367926,1.4269884,1.4368094,0.25624567,2.7530136,0.3220137,1.4302695,0.9194273,2.0946014,0.7060051,0.23129743,0.3215053,0.30817717,1.7904791,0.8621287,0.96820486,0.2113307,0.44957924,0.15871796,0.45962626,1.4288819,0.9398967,2.5340326,0.16269724,0.58905005,0.23339534,0.8914017,0.50965226,0.35682437,1.6972529,0.9710369,1.492203,0.55555516,1.490312,1.111118,1.4564953,0.8880928,0.044658493,2.1479945,3.0956292,0.38218728,0.84014285,0.30878899,1.1073747,0.36413917,0.39595366,0.47044605,0.22074425,0.2553075,0.25818184,0.1278128,0.2838021,0.7367186,0.090136506,1.0827539,1.6562523,0.011109743,0.6751974,0.67289823,0.09515791,0.18843266,0.88581526,0.17280169,0.23022442,1.73269,2.3327777,0.33630314,2.127923,0.33534828,0.96438354,0.21430299,1.2571803,0.550203,0.33672288,1.3815343,1.0897577,2.4334645,1.5546716,0.7706236,0.4673895,0.39347908,1.7233976,0.7950312,0.3739591,1.0595418,0.36515325,0.49599665,1.9522624,1.2383915,0.60404533,0.12486214,0.30197436,1.7755678,1.3178576,0.08743792,1.0801768,0.2839675,0.7504436,0.5671913,0.09538039,0.14081995,0.034015987,1.0851251,0.7438787,0.9739585,0.004735509,1.7886724,2.3666306,1.3401551,0.18973488,5.213874,0.74228364,1.1882241,0.25164622,0.28084376,1.6672267,1.2904334,0.20179375,1.9206611,0.59706736,1.1071334,0.6710434,1.2022568,0.24733502,0.0606517,1.1241683,0.55175036,1.687774,0.5656078,0.83129305,0.40362,0.40430737,1.2580194,2.244127,0.9048672,0.10586838,1.8834302,0.9206535,2.0572765,0.15877678,0.46974334,0.5402412,0.38481283,0.04922869,0.7524962,0.055408716,0.5641121,0.9989703,0.60915565,0.79171157,0.37803718,0.2643542,0.4668679,1.4879793,0.29873484,0.3865859,1.4388541,0.3038393,0.24513875,1.8404317,0.5306634,1.0105867,0.94262797,0.4419056,1.6970284,0.81913406,0.64160395,3.1201825,0.3569013,0.48934236,0.27670044,0.23872416,1.5645713,3.3076022,0.3087896,1.5018822,0.18971942,0.4456003,0.59844303,0.04312638,1.6242422,2.3309846,2.4641156,2.8271785,0.2515729,2.5004795,0.0707252,0.7827264,1.6476299,0.23192897,0.65793234,0.87843704,3.1424549,1.1866128,0.29263642,0.029864423,2.7397456,1.5005134,2.8208241,0.434919,0.90326595,0.29815078,2.1532059,1.4700176,1.5823152,0.508695,0.7680936,0.2417678,0.4160458,0.33975536,2.154299,1.6260605,0.9478074,0.14746878,0.27445775,0.37520614,1.0451416,1.0428581,0.13040897,0.33597404,0.3466145,0.9083515,1.7380844,0.3558148,0.052568883,4.9958143,0.44730854,0.15559728,0.13110472,0.9974477,0.0,0.11116821,1.0379424,0.84389955,1.1536466,0.48669815,0.15136833,1.9605033,0.19301233,0.68515587,2.095024,0.8170287,0.30056074,0.44072166,0.5326927,0.86647147,0.4410646,0.47812068,1.8765872,0.47940668,1.0466905,1.0872717,0.062427226,1.6958771,0.14730576,2.426692,2.955418,0.84725916,0.67979646,0.048715208,0.028138077,1.3132527,0.40243262,0.2382083,3.2504897,0.8637843,1.0561707,0.71784604,1.1979859,0.6216439,0.3036944,0.040452547,0.5323452,1.683102,0.3825755,1.4143465,1.208014,0.94115525,0.80994743,0.33893713,0.39229,0.08625229,0.4984393,0.95252365,0.2715333,0.34814346,0.43678507,0.007159919,0.75231946,0.6229988,1.8991004,0.0,0.88990235,0.5983179,0.27309102,1.8048868,0.4607857,2.2758183,1.2878,0.025245681,1.8477907,0.39866257,2.2100427,0.38780263,1.4992764,0.7772106,2.2278578,0.01999893,0.015568997,0.90386873,0.114013925,4.33147,0.9538221,0.46453834,1.5808371,1.4904531,1.1917149,0.24099681,1.0746672,0.2153864,0.7505588,0.37922916,0.0051916325,0.8243132,1.178126,0.25324577,0.38334608,1.1702727,2.2772903,2.2741804,0.801102,0.25891268,0.74843544,0.30763748,1.1037002,0.83465433,0.1352694,0.3755924,0.18618844,2.4886804,0.37763914,2.3158436,0.027207633,2.6120763,1.2097924,1.104632,0.5320794,0.32040542,1.0440946,1.8527659,1.1931456,0.47907233,1.0333308,0.3739427,1.6090779,0.1356889,0.5283431,0.86817807,0.86175,0.10936601,0.4576816,2.620738,0.3161351,0.34314957,2.2308092,1.4963242,0.05386547,0.03183093,0.61018485,1.565286,1.228451,1.5276494,1.1827189,0.5328569,0.1567151,0.17619316,2.075609,0.2688254,2.0552826,0.1106913,0.9172372,1.2981776,0.47179073,2.8840337,0.6989378,0.59500915,0.565669,1.6608124,3.0607772,1.2725824,3.452179,0.92970663,0.12975062,2.1884894,1.0974422,0.54777807,1.567445,0.6408678,0.005245195,1.1112717,0.43580845,2.0564964,0.29637545,0.14917731,0.32132635,0.6391651,1.0317873,0.21629131,0.94593185,0.15369634,0.32945606,1.2596794,1.8664974,0.25941685,0.234657,1.9754908,1.1550852,0.38080862,0.6877989,0.31574908,1.0557976,1.4166198,1.1010352,0.4861172,0.009496398,0.3419645,2.523254,0.5996535,2.1367679,0.1479899,1.4703817,0.87194246,0.87036437,0.41027045,5.610218,0.5626845,0.905883,1.6947011,0.43222302,0.27401116,0.28556517,0.67539215,1.0350723,1.004991,0.27014425,1.474872,0.70421225,3.0839663,2.6993916,0.72106075,0.76877564,1.4652232,1.7487139,0.9922445,3.26368,1.910321,1.7986318,2.7604918,1.427386,0.27920455,2.9479887,1.3730413,0.054132957,0.7452406,0.6533878,1.0495626,1.0369645,0.39296076,2.2254908,2.4957244,0.36584565,0.74963075,0.39091194,0.48068213,0.2846522,0.74906486,1.1877024,1.5235186,2.8069744,1.7478013,2.2085166,0.029171374,0.34224528,0.0,3.0392222,1.4718091,0.7227305,0.5924186,0.018730646,1.6041551,2.047318,0.07147777,0.5832818,1.334397,1.1538475,2.0386317,0.5237719,0.32474753,1.9490993,1.125914,1.9196972,2.6117601,2.9531589,0.02908183,0.45921007,0.35138747,1.2646799,0.20358658,1.1732312,0.96308464,0.34038237,all_pothole_images\pothole_images_new_image_81.jpg
1.8598065,1.1904358,0.43847257,1.2162821,0.3519221,1.1434933,1.0585425,0.338565,1.1675013,0.68050396,0.30852008,1.7073,0.4071431,1.9797554,1.3514572,0.62949604,0.23958153,0.15083022,0.46483237,0.9928509,1.9319642,1.3124944,0.26127547,0.91591644,2.8341756,0.8776479,0.357397,3.8475404,0.28065985,0.44201636,0.16053635,0.41563052,1.4030917,1.4269664,0.31345975,0.5621664,0.03329206,0.9711718,0.37284955,1.631599,0.30219984,0.7555262,0.16658744,0.798517,0.88559306,1.8041056,0.001765429,0.28550673,1.5528984,1.7492733,1.8562212,0.16496952,0.74812174,0.7628994,0.32463628,2.1742659,1.0477021,0.38870454,1.3219228,0.07201464,0.026270581,0.3353104,0.57589084,0.48856142,0.05233124,2.594343,1.0782195,0.15304905,0.037875876,0.15175268,0.18934444,1.0256759,0.4770484,1.0110067,0.7390621,0.36882022,0.2662198,2.401028,0.0,0.3449668,0.20892443,0.21927278,0.7193442,0.4440298,0.81439275,0.83455384,0.6953064,0.9438836,2.90767,0.15104182,0.8616476,0.06384686,0.33619866,0.5760752,0.96147346,0.0,1.2884327,0.5191828,0.40540072,0.88929296,0.01641235,1.6905396,0.63602346,1.0683962,0.1461019,0.7957447,0.55680573,1.1291004,0.25857657,0.53637654,0.4221023,3.1727507,1.9390916,0.1317346,0.65303195,0.3666517,0.8319749,0.07534682,0.8280567,0.7131956,2.457657,0.15615806,0.09859505,0.6323194,2.0247211,0.99544287,5.4869475,0.18557024,0.54550546,0.17741203,0.035660587,0.026238855,0.020427141,0.27917916,0.8524176,1.6505462,1.1910242,0.6326361,1.4552276,0.33658,0.22226839,1.7748609,0.0,0.12562098,0.368656,1.5037007,0.22079805,1.3100377,0.9055428,0.63033587,0.8421735,1.0175741,0.011869613,0.21998578,1.1974545,0.6639194,1.3086442,0.01606469,0.763675,1.564566,1.2369537,0.73505914,0.2705679,0.7012406,0.16449356,2.4056847,0.5703486,0.076325975,1.7003272,0.63777095,0.1878332,0.10380427,0.21155158,0.2834348,0.24295762,0.49494776,0.59363,0.0054322947,0.13070516,0.6332835,0.0303266,1.6911618,1.6696116,0.6515016,1.4937552,0.03654731,0.5198718,1.8443859,1.2801113,0.5553102,1.4067171,1.3543411,0.001174226,1.4824489,0.17913331,0.17364603,0.97306824,0.8590965,0.71823156,0.4148604,0.6008124,1.6627505,0.2711568,1.3945944,0.3291794,0.5825733,0.6516391,0.3344097,0.42612126,0.18229836,0.1355852,0.03962105,0.71499926,0.278534,0.65834606,2.7694783,0.58426267,0.17400844,0.27049673,1.2165382,2.3720627,0.15932101,1.9108242,1.3284706,0.19630404,0.6172434,3.291946,0.07109878,0.34956017,1.6257912,0.3880839,0.865566,0.48042342,0.7705589,1.1300594,0.42039582,1.8859469,0.13236593,0.03137231,0.0050005107,0.39255095,0.39587852,0.71483815,0.23130584,0.05479247,0.0044963444,1.0262339,0.20118238,1.4209734,3.2212834,2.7938693,0.62527084,1.6237981,0.5735557,0.69339687,0.6150809,1.1094891,1.3675727,0.17199579,2.4497442,0.10867567,0.068865865,0.4763671,0.42334637,0.748126,1.9053189,0.4379264,0.8360944,2.3928645,0.045027878,0.91192764,0.012663083,0.2462142,0.6927193,0.80849636,0.17174791,0.07934878,1.072675,0.77365655,0.16569042,0.037119884,0.8265821,0.65711725,0.50740856,0.33017394,0.48389542,1.6593883,0.16619258,1.7962521,0.25259006,0.38374117,0.48301876,0.48192436,1.2153939,0.21148168,0.5947253,0.42630062,1.1806294,0.44594938,1.8817459,0.24837777,0.6014787,0.31064785,0.2790665,3.337955,0.7947089,0.054408994,0.22944316,1.52332,0.56183434,0.38268927,0.9959028,1.838428,2.3941605,0.28584424,2.035426,0.19886355,1.071233,2.6938882,0.15141486,0.29791468,0.43280736,0.33980113,0.6893212,1.6619483,1.0471829,0.41678813,0.15977068,1.0007514,0.5769476,2.1529958,0.3273605,0.1715985,0.081550054,0.17815943,0.40558153,3.1586733,1.9928253,0.027624737,1.9873039,0.6256125,0.48217663,3.2300196,0.986071,1.06387,0.30934498,1.1778692,0.346132,0.080876075,0.53116363,0.7314625,1.11216,1.1245971,0.89098996,1.034522,0.047249284,0.5121209,0.6981352,0.41476318,0.7707173,0.3886362,0.06260154,0.6346752,1.2668571,0.18444756,0.81257427,0.57190996,1.0731589,0.5012734,0.43278435,0.5293627,0.641281,0.6821462,0.29243934,0.6858799,0.50690776,0.0,0.34364063,0.8766543,0.18379803,0.56588805,0.037346967,1.33033,0.9802579,3.5475738,0.94318277,0.92701215,0.0,0.12532121,1.765244,1.2928792,0.15026988,0.23276873,0.39999327,0.0,0.38455823,0.8309734,0.57479364,0.49256685,0.47303963,1.2495499,1.4080452,0.4896861,1.3189788,0.14884983,0.73718137,0.9656129,0.32154155,0.5371699,1.5113044,0.022254447,0.7152888,0.13952455,4.305592,0.1938026,0.68960035,1.5813568,1.5316886,2.9622018,0.57795507,2.4312391,0.5255588,0.20814854,1.6821454,2.6003969,0.086809196,0.50220877,0.78557444,0.64726615,0.48551622,1.043948,0.397159,0.087474294,0.62810284,1.3773694,3.0438542,0.9943165,0.80774355,0.53673464,2.288456,0.6493287,0.39731452,0.011800791,0.35941547,0.81166846,0.029010706,0.538053,1.6929436,0.012261535,0.995488,0.27506128,0.42582706,1.4959134,0.6186138,2.132638,0.93942004,1.0832267,0.47135386,0.43740505,1.9897487,1.5096425,0.93441397,0.9715798,0.9680682,0.62340105,0.83140314,0.6692462,0.13452859,0.0039623883,1.9308902,0.28391507,0.85568315,0.4037874,0.03253026,1.8753877,0.37686756,0.9138998,2.3486264,0.7844813,0.6684392,1.4246842,1.6699871,0.75155973,1.0776047,0.92646724,0.049074557,1.0540184,0.3750367,0.24063097,0.031398702,0.0,1.5796449,0.45244285,0.93774223,0.12234424,0.0,0.039585963,0.20111912,0.34963027,0.32788187,0.29443008,4.173347,1.2981824,0.899903,1.2392918,1.3083512,0.7267337,0.2895781,0.4672383,0.64150417,0.37610167,0.456276,all_pothole_images\pothole_images_new_image_810.jpg
0.39280516,1.3672903,0.26271716,2.3521926,0.35062677,0.24221474,0.2036213,0.14305702,0.3079722,2.814782,0.72153544,1.7774085,0.5786941,2.979164,0.033464156,0.50313985,0.36883765,0.16667278,0.57008827,1.1021601,0.34811148,1.7609785,1.5287935,2.5407958,0.21681789,0.53667116,0.37507796,0.3459016,0.60309327,1.026023,0.25265634,0.2604436,0.71070266,0.6788677,1.7082323,1.8096235,2.439764,0.65148747,1.1478012,0.129844,0.039050963,0.15932813,0.34789014,2.0451086,0.6274412,0.4186562,0.5042151,0.16903579,0.26160577,0.25150728,0.64803195,0.83194077,1.153067,1.1381522,0.026001954,1.098071,2.9293303,0.35433063,0.58425426,0.2577246,0.1597099,0.16377538,1.5027682,0.6048188,0.122044034,1.0302981,1.6184541,0.52221096,1.1984928,0.8534521,0.89820266,1.2428827,0.39715505,0.02177999,1.0584034,0.6318599,0.7777802,0.40025806,0.019499188,3.767479,0.10886368,1.0258743,0.17877872,1.9970416,0.8992188,1.0998107,0.5990549,0.5198798,1.4079758,0.99403256,0.18038955,0.28859365,0.08942814,1.3147593,0.04822413,0.66978663,0.3810155,0.7111301,1.1246299,0.04932304,2.0019298,0.28403535,0.11349952,1.0143932,0.48138863,0.7421766,0.7966733,0.13092294,1.4533752,0.51189834,1.0892224,1.8437028,0.30219516,0.47740367,0.57429993,0.041097853,1.3541323,0.27101362,1.072422,0.3190936,1.1885139,1.7792025,0.9400155,0.09194371,0.7319937,0.24609509,0.3429514,0.3896967,0.36985672,0.07655945,1.5010872,0.067595385,1.2425156,0.22048824,0.17555295,0.47405577,0.10400573,0.27080482,0.4270376,0.110760435,0.30019042,0.7558614,0.10244135,0.87111056,0.0076841274,0.18197595,0.53922915,0.43571603,1.7181108,0.39560515,0.34816098,0.19022669,0.49348387,0.06253899,0.56708133,1.0390892,0.25924325,2.3757696,0.6164956,0.43208534,1.3206061,0.12297141,0.0114684,1.710234,0.5051965,0.9075279,0.37473634,0.10835969,0.72663575,0.2724288,0.41829547,0.17434376,0.21930663,1.8338746,1.8957704,0.58608574,0.1570741,0.05364104,0.13672487,0.2510387,0.8189912,2.750975,1.4164088,1.9385208,1.1583549,0.7250792,0.12975147,0.3100678,0.91637295,1.1464584,1.1154171,0.36731446,0.29713854,2.1759725,1.1612896,0.15764047,0.250786,2.1801276,1.4518386,0.70163834,0.85566837,1.6352748,0.3496739,0.53440374,1.753024,0.22815992,0.39706692,0.053470228,0.9291559,0.424934,0.11358385,0.36388823,1.579066,2.4789524,0.29815915,0.22100405,0.5849892,1.3496156,1.1448183,0.28901315,0.9303198,1.0866113,0.41497403,1.529497,0.43501067,0.1731615,0.6189478,0.061377484,1.7277346,0.20442908,0.38553086,0.17344525,0.7175624,2.014599,1.6608913,0.79910773,0.9700817,0.72139436,0.1812616,0.96834797,0.057297725,0.22035778,0.27836066,0.21502101,1.9194448,0.20873916,1.4623431,0.16416341,2.242034,4.375519,0.5578203,1.9609269,0.4837821,0.5386676,0.13769852,0.6419456,3.923141,0.49875945,0.048702482,1.6770991,0.6211435,0.93614286,0.2598264,1.3412516,0.1943482,0.7187336,0.45992774,0.681356,1.3440377,0.051512115,1.8191407,0.20610319,0.69450086,0.85056394,0.5974458,0.41570848,0.48877016,0.53544706,0.25067425,0.5485532,0.6148377,0.54115856,0.45964324,0.34883335,0.58958954,0.27796936,1.3436329,0.5959441,0.6997612,0.178065,0.74937904,0.05599515,0.7984197,0.88568765,4.9873676,1.2459462,0.94980574,1.5358856,0.532899,0.32967496,0.2851358,0.03863821,0.78026104,0.819781,5.962785,1.1424845,0.4848245,0.12090537,0.086887196,0.13081022,1.1190886,0.2582343,3.863581,0.66008663,0.5515893,1.2653515,0.07460597,0.16510718,0.81874096,0.35343096,1.3126954,0.409718,0.122644015,0.169285,0.48816255,0.18371756,1.486429,0.67616445,0.7351898,1.3464614,1.6415875,1.0546331,0.7220353,0.041192517,0.0,1.1594658,0.783399,0.7651592,0.19455083,0.012887059,1.0357757,2.896341,0.4724874,0.054774117,1.347021,0.95628667,0.04125818,0.004906866,0.058283012,1.0892879,0.5142705,0.31511918,1.3840566,0.603064,1.0341102,0.6528997,0.9554345,1.7474182,1.6238556,0.40225592,0.8695773,0.13958263,0.0,0.545349,0.19084527,0.88020563,0.058452677,0.4688163,0.81958324,0.7140458,1.1102798,0.4423006,0.6853918,0.2991241,1.7128134,0.67011374,0.42753142,0.08071928,0.65832645,0.5000791,1.5237439,0.12251684,0.19716513,0.93142176,1.8607528,1.6502956,2.9379356,1.8787243,1.1360285,1.7945141,0.41731918,0.3568119,1.104893,1.1395682,0.18801934,1.817383,0.478401,2.6220653,1.5077994,0.8480165,2.7726898,2.6420095,0.39879844,1.3715216,0.094546095,0.31278706,2.134244,0.7612194,0.0,0.66729444,0.13168338,0.6365107,0.7714965,2.6681588,0.06891218,0.27732491,0.3264802,1.5649762,0.12783149,0.1920245,0.20568408,0.2825204,2.7858481,2.8768294,0.50197065,1.0133212,1.2376473,0.7391966,0.25370347,0.5909551,0.18956518,2.278411,0.53552765,0.6908873,0.086524114,1.6569661,0.3845429,0.5913753,4.76379,1.1085752,1.4657135,0.12319083,0.4206106,0.20260055,0.71520895,0.2649122,1.1016537,0.324897,0.7692356,0.4466647,0.56918436,1.8136157,0.75554365,0.40240484,0.52258444,2.5809596,1.0867717,0.82387006,0.29871976,0.5908956,1.2054136,0.31637537,0.43395308,0.25396752,1.008677,0.59116364,0.0,0.0,0.6851345,1.249313,0.25921106,0.13369457,0.75386333,0.15173836,0.0076118927,0.05054126,0.89975923,0.24021883,2.0086386,0.2351918,0.28030095,0.95305824,1.5241603,0.9099844,0.21685334,1.1977534,0.8641284,0.35831043,1.48769,0.0,0.27160573,0.5257882,0.11826943,0.050274175,0.059173003,0.2509257,0.9726141,1.0683929,0.2655844,1.0253053,1.8916532,3.2235568,0.34933287,0.5313721,0.20885098,0.08634685,0.0415915,1.4800916,0.07171281,1.5724746,0.96362764,0.8498817,all_pothole_images\pothole_images_new_image_811.jpg
0.973597,1.0155452,0.0,2.894761,2.032106,0.49625283,0.09570927,0.0,0.4428981,0.8173949,0.80251825,0.40585244,0.14647816,2.4226577,0.5307613,0.027267031,0.6783231,0.09148046,1.1656643,0.00724311,2.2138135,1.4577426,0.50876266,1.1400154,2.1540146,0.15800558,1.0199895,3.189696,1.5863432,0.12962164,0.75588554,0.85466254,0.27560365,0.71442854,0.05667663,1.3225999,0.68338215,0.826345,0.5555103,0.4489681,0.0,0.0,0.11212972,3.0222566,0.78370714,0.7025163,0.17900246,1.0430675,0.15359245,0.6530073,0.8633487,0.76733834,0.0058633434,0.0051295585,0.61304927,2.1317549,2.1615875,0.9067305,0.06667015,0.0080732955,0.0,0.4263469,0.1631661,0.008763061,0.5689563,0.939234,0.50958437,0.010253024,0.09954481,0.0,0.22029911,0.21976821,0.6829343,0.5312862,0.2646981,0.26624548,0.30425325,1.4076041,0.015519149,0.19166335,0.027497858,0.10776228,0.13611007,2.1208007,0.42964342,0.21459754,0.072572656,0.1334173,3.7369742,0.13539377,0.6133528,0.0,0.07354619,0.46178275,0.24348152,0.013457951,0.6434191,0.18900788,0.49099743,1.2184764,0.09755167,3.7288234,0.08021894,0.34908816,0.40389997,0.0,0.4121413,0.37666735,0.36328366,0.93545103,0.026918618,2.064804,0.98296636,0.3379036,0.14001715,0.48581535,0.9345248,0.5308094,0.76209867,0.6640763,3.3780918,0.5902873,0.029715566,1.8443198,0.47963983,1.3517247,1.2308812,1.4389247,2.1895258,0.66088116,0.6222688,0.026815688,0.0,0.18101446,0.897329,0.49035046,0.55820274,1.0779389,0.24313533,0.023011463,0.8623129,0.12780677,0.59792304,0.9478232,0.06511508,0.31947535,0.003482934,0.8201219,0.31136167,0.0019649654,1.2770284,0.8272861,0.4183009,0.09671248,1.0713353,1.8119559,0.3308504,0.52920854,1.2455385,1.5113844,3.1060967,1.7639728,0.022774346,0.15878479,0.09212915,1.1980221,0.688421,0.42362356,2.6060038,1.2472512,0.014081711,0.0,0.2998672,0.43902263,0.19357231,0.0151342405,0.69446564,0.0031001463,0.16311581,0.2505835,0.0531402,3.1612875,1.0399592,1.6441889,2.0177603,1.0442393,0.30434126,1.0228182,0.42445832,0.5810267,0.24208948,0.32502553,0.316326,0.8024626,0.9810223,0.2628722,0.56534123,0.6008183,0.69401556,0.427138,0.9500901,1.324825,0.1189727,1.2209995,0.07728103,0.37583938,0.7002073,0.43680194,0.857907,0.30510235,0.04023002,0.0144146485,0.816034,0.80964607,2.181651,2.2795606,1.3186846,0.08517014,0.45155227,0.10321828,0.72253406,0.0,0.9540818,0.2137448,0.1198748,0.14497836,1.6158373,0.40306878,1.3873601,0.2703767,0.322507,0.17527804,0.11155486,0.9447154,0.18115929,0.0114368955,3.4161656,0.41626793,0.042865727,0.05875,0.036786437,0.068619095,0.31216642,0.0463535,0.80813956,0.021971887,0.51604635,0.055468917,0.62829053,6.041032,1.4075963,0.34875506,0.38570306,0.6432762,0.23069845,0.014541862,0.13748273,1.1492795,0.49289033,3.2632296,0.7818294,0.15485194,1.1594598,0.11211745,0.5260033,0.54740953,0.75850075,0.2979175,1.8436264,0.72258306,0.30041265,0.0,0.65016073,0.19348386,0.70184654,0.7784754,0.27229086,0.15704356,0.46982998,0.6795128,1.8707434,0.4185446,0.24888824,0.5921456,0.48930606,0.99709195,0.5736413,0.31972298,0.5342037,0.5641079,0.13142993,0.12737162,0.3085647,2.0587962,0.08405531,1.4223965,0.48426387,0.32448003,0.08404662,4.80169,0.2376155,0.41464618,0.027557526,0.60089976,4.0199976,0.038504332,0.3190822,0.11304108,0.23919274,0.13513958,0.9508564,1.5972968,2.2653072,2.2245655,1.0604421,0.57533854,0.0,1.8505298,3.8259664,0.22755326,0.15908293,0.0,0.97898674,0.8067113,0.16744825,0.98661613,0.70822656,0.0125618735,0.6223577,0.055667162,2.1005752,0.80685455,0.8785112,0.03473997,0.029912068,0.27976447,1.6172578,0.42152,0.053304754,2.6715424,0.39279613,0.6036271,2.7524264,0.70124084,1.4623302,0.18922532,0.28486022,1.1431919,0.48391697,0.0058868,0.5987502,0.35078382,0.11992824,0.9154056,0.016474692,0.072227016,0.41338682,0.83750945,0.52342707,0.89955014,0.06700697,0.5080875,1.7962536,0.9592607,0.03786685,0.019827746,1.3759035,0.118539095,1.4832932,0.104868345,1.1204264,0.41561437,0.7262846,0.03203834,0.25371367,0.7519556,1.0306603,0.26017365,1.2220443,0.28700644,0.36366987,0.0,0.9754604,1.2523258,2.1676493,1.2626306,0.43928018,0.16925254,0.0712946,1.5849442,0.6934042,0.21011469,0.0028467528,0.049060907,0.30142966,0.04292,2.1098769,0.17403291,0.18215837,0.24437234,0.6766379,0.70650107,0.49353093,0.8775749,0.6098373,0.1982469,0.41080132,0.08062753,0.65140766,0.0,0.6491524,0.34960118,0.299876,0.4872409,0.0,0.4560945,1.9525366,0.43972328,0.36869112,0.0,2.983867,0.008445447,0.66026366,2.0501158,2.037472,0.87365454,1.2472327,0.5718132,0.6111843,1.7508825,0.63173735,0.25803286,1.1798316,0.51500213,1.6603441,4.050498,0.6680682,0.36525244,0.21071681,0.08435454,1.5319332,0.07753266,0.03191862,0.01675726,0.106443994,0.03153628,1.3769803,1.1702974,0.010912689,1.6597658,1.4224585,0.26050732,1.0493034,0.47935638,1.1629289,1.8774134,0.89247847,0.02586953,0.33210936,2.8097458,1.9564272,0.13410857,2.301105,0.0053741005,1.6955411,0.19263436,0.38092306,0.084220745,0.6471909,0.9781253,0.81401014,0.27153873,0.23430209,0.45066863,1.4604869,0.20700946,0.004744951,1.7456144,1.2490262,0.30702555,0.67493004,2.741779,0.14979737,0.46798036,0.409618,0.30192214,0.85274816,0.0012293239,0.6983915,0.056632128,0.30988348,2.531811,0.0,0.0021539195,0.19222006,0.08668612,0.07588931,0.041475777,0.13921797,0.399121,0.14636606,4.9788704,1.6703639,0.5523849,0.12798527,1.4760331,0.56263214,0.5315545,0.050195687,0.6149455,0.25599325,0.32001722,all_pothole_images\pothole_images_new_image_812.jpg
0.69137925,0.69182837,0.0,1.630189,0.63333493,0.07691952,0.44261932,0.0,0.25432166,0.16175534,0.38993126,0.052166257,0.029967057,1.4614267,0.005756079,0.0073144897,0.12811387,1.218654,0.779939,0.2538718,0.103090234,1.011883,0.18394442,0.18949357,0.33737358,0.9116589,0.6943398,2.3725457,0.2595772,0.1931858,0.2625844,0.7375547,0.20069952,0.27309734,0.09108318,1.2672104,0.1662117,0.27355194,0.12155167,0.0,0.0,0.09732259,0.33370152,2.1252487,0.3541349,0.0,0.16626492,0.1510283,0.078939565,0.94082415,0.4724402,0.044946246,0.3437233,0.09524518,0.38037524,0.5649391,1.7836344,0.00043794562,0.0,0.28522968,0.9481678,0.18650058,0.7383601,0.24777466,0.881087,0.9112682,0.31036416,0.028825978,0.035474952,0.023694988,0.121637106,0.17242776,0.12463681,0.039038662,1.312715,0.0,0.005877061,0.5434197,0.34489807,0.4301612,0.0,0.2666262,0.12497686,0.68751013,0.01034051,0.0015904513,0.06659969,0.03375877,1.2020553,0.08591289,0.42034596,0.04679481,0.0,0.008655903,0.00499867,0.008885737,0.13260072,1.3712958,0.3294813,0.032075614,0.009568242,1.9293159,0.41605905,0.0,0.652537,0.14417318,0.61868817,0.431402,0.08441236,0.100051895,0.010778438,0.3634332,0.9850276,0.6826,0.21987039,0.5796983,0.15437996,0.049195208,1.1506139,0.40633723,1.8691254,0.10041877,0.1658111,0.8771138,0.22058786,0.26916057,0.24512301,0.14254615,0.12922947,0.0028909426,0.001358766,0.46345636,0.095960215,0.2938894,0.37958533,0.014759803,0.18132877,0.056436863,0.33293152,0.027137313,0.6835823,0.16050059,0.38571852,0.23790398,0.13463236,1.3265477,0.0024556005,0.36358407,0.33257818,0.047593135,0.36058515,0.771471,0.005072995,0.032482877,1.1111634,0.8726434,0.26585257,0.024721013,0.5490478,0.42961895,0.37245792,0.21644022,0.042117897,1.0647292,0.19385761,0.0005481067,0.17264722,0.21060072,1.1106577,1.8479047,0.24926046,0.14087431,0.07725086,0.10513774,0.017751506,0.13636488,0.32634044,0.11905136,0.26437178,0.021894338,0.04766113,2.0538018,1.2677505,0.35428047,0.42242527,1.4622096,0.15458858,0.1843401,0.58978814,0.20762736,0.026052421,0.07480775,0.14356488,0.62883717,0.33400398,0.29981902,1.5276033,0.0,0.10328782,0.3140833,0.035121463,1.1341227,1.2096857,0.10162686,0.6188631,0.053047154,0.46951643,0.38777268,0.5277433,0.2920563,0.0,0.008948329,0.20561075,0.92007995,1.1352648,1.3370631,0.1968251,0.019031014,0.6799693,0.11873005,0.5813808,0.08792052,0.02677735,0.3493542,0.0,0.04400424,0.95775485,0.20052491,2.1868668,0.6325516,0.032180075,0.20827983,0.17215666,0.30124858,0.29031143,0.105369076,2.2652948,0.45632178,0.15166491,0.27398548,0.10823632,0.3982207,0.03669033,0.025087032,0.18458246,0.004914052,0.42003545,0.0047697565,0.019486153,3.7939072,1.8051094,0.032635797,0.076660566,0.36977938,0.0,0.55044895,0.26456258,0.4095365,0.011044177,2.2189214,0.4458086,0.19117974,1.0041199,0.02573581,0.0037602682,0.19331121,1.12633,0.08014232,2.0746713,0.0,0.09634139,0.0,0.29702917,0.036127444,0.43655306,1.1580184,0.2642998,0.5683347,0.23309024,0.44323215,0.79291904,0.2459837,0.5854884,0.0005490935,0.0,0.33981198,0.23943768,0.12830323,0.6577606,0.009003472,0.003272592,0.083411165,0.033686694,0.24685268,0.032861795,0.3794249,0.03742102,0.029522667,0.6040932,1.3462316,0.9915217,0.19737881,0.110184364,0.16741247,4.950483,0.034492813,0.15550159,0.094367996,0.18674128,0.361726,0.5647827,0.48204398,0.4845542,0.88267726,0.17578162,0.37450066,0.0,1.2271336,2.099924,0.29282394,0.27674857,0.0,0.68223834,0.4478941,0.30248082,0.13610628,0.74425304,0.069704026,0.29395807,0.009162022,0.5140818,0.0509593,0.10720208,0.01918319,0.048971996,0.0015929491,2.1847777,0.567878,0.4144589,0.28387034,0.0193526,0.25600976,1.1472697,0.96830595,1.0176281,0.5031031,0.015691252,0.19742736,0.09695483,0.016040016,0.72848994,0.45736697,0.0011992824,0.45707956,0.21183792,0.45881924,0.12065792,0.6843404,0.7233843,0.38175952,0.073779754,0.8632422,0.6210187,0.3839746,0.02303024,0.028551793,0.91213644,0.12446901,0.3110539,0.041939765,1.8021286,0.0,0.7460897,0.001868418,0.041647892,0.3087178,0.10943462,0.121762924,0.08151696,0.16197282,0.4296991,0.039488554,0.004782193,0.35368106,1.9974691,0.22554745,1.3731387,0.0,0.08062833,0.39829728,0.23230708,0.21313979,0.78237313,0.116041645,0.068525925,0.107874,0.32115608,0.18887186,0.36975256,0.0,0.9155121,1.7059883,0.5528597,0.3442505,0.0723786,0.16978927,0.54842705,0.53485864,0.36840376,0.11598966,0.6013987,0.6336645,0.65381986,0.14582427,0.420044,0.41801864,0.5640354,0.8252282,0.068457,0.025218323,1.5638357,0.3607678,0.2839293,0.51558965,1.7556806,0.0,1.2758206,0.59237695,0.21576001,0.05832962,0.107259,0.1714062,0.15899016,0.38584703,1.4735886,1.9466759,0.008901763,0.24192894,0.0017270974,0.087539405,0.6987834,0.06643756,0.1092345,0.007768807,0.65769637,0.0,0.16883077,0.89061964,0.38827008,1.398657,3.1139205,0.12780046,0.29313207,0.029861454,0.10497699,0.40886882,0.17210159,0.08503453,0.0,0.82509893,2.9879186,0.050211243,1.1237795,0.022444744,0.7432818,0.019777408,0.1633673,0.0,0.10762413,0.70106053,0.3727504,0.33055776,0.2798231,0.6744627,0.42299643,0.11190089,0.55886453,1.3584557,8.028941e-06,0.056101892,0.19434416,1.5314807,0.74702257,0.0067915292,0.4261487,0.0,0.022734985,0.38169238,0.76750165,0.0,0.11387345,0.9206737,0.13064545,0.030346131,0.0,0.0,0.46329516,0.06290623,0.0012739644,0.015492503,0.44117782,3.3356462,0.4497794,0.14490977,0.15475282,1.9709963,0.100613624,0.15060331,0.007567543,0.49915722,0.0820818,0.1653387,all_pothole_images\pothole_images_new_image_813.jpg
0.35651383,3.202337,0.84795743,3.3960733,1.6202166,0.26991233,0.012851047,0.120050825,0.4098278,1.1331978,0.52802753,1.1960907,0.23401473,4.3912597,0.038335897,0.6281429,0.49054253,0.5519854,1.0670557,0.34271505,1.3792276,0.4377028,1.0418079,1.1081572,2.096182,1.6333462,1.3827013,1.7557496,0.37482598,1.1424725,0.60445225,0.0,1.0012202,1.410734,0.8351875,1.0312324,1.2346196,0.9002212,0.67523503,0.34717068,0.23790665,0.73556376,1.1684667,1.925636,1.4778721,0.11863798,0.76454544,0.09345763,0.79943067,0.5696734,0.34676933,0.6414577,0.20246965,1.0165154,0.23701543,0.336998,1.3284731,0.1637577,0.47801176,0.67708766,1.514141,1.1491456,1.9526192,0.57371074,0.9756518,1.1311975,0.49071166,0.41703725,1.062972,0.60061777,1.2444875,1.2015377,0.8062819,0.41312042,1.0988175,0.5020991,0.43350276,1.1359082,0.30142844,0.29257298,0.5845215,1.7504587,0.6497734,1.4780229,0.124324754,1.0173937,0.49208152,0.10154838,1.7321957,0.8577205,0.580063,0.6395259,0.5468406,1.7795072,0.2671952,0.71626204,0.6942951,0.83179206,1.4789855,1.9523947,0.8029939,2.136948,1.2245744,2.4265075,0.7199647,0.45165616,0.32919452,0.27542815,0.5197164,1.1860383,0.84049135,1.5017784,0.3021416,0.24147676,0.9141195,0.20907086,1.0931951,0.08504279,1.5307318,2.0719247,1.0026418,0.48084646,0.3084147,0.8922773,1.141384,0.3603691,0.2582742,0.6012931,0.26955822,0.35127425,1.245461,0.42668432,0.82509,0.08137707,0.5771936,1.2460221,1.7533691,0.61384714,0.6507702,0.02659941,0.19477731,1.4087957,0.44376618,0.71792954,0.6846841,0.533863,2.5897868,0.24971215,1.1519455,0.69073766,0.24789533,1.3751434,0.26826763,0.30570838,1.1938282,0.57262075,0.40640554,1.402183,1.0385029,0.1215929,0.36813137,0.10953889,0.6649271,4.027152,1.4946305,0.2229069,2.79617,0.45248055,0.064666815,1.7129203,1.2266107,1.2836972,0.972796,0.18125296,0.47697532,0.07232022,0.7086805,0.27758485,0.41452134,0.25709185,0.86519676,2.6486137,1.6956936,1.3934759,2.005651,0.5441402,0.61117613,1.3017589,0.7283526,0.6709145,0.3465739,3.8174326,0.58576834,2.2830732,0.8054904,0.89169115,0.7372424,1.7747922,0.3506981,0.24057283,0.33643585,0.6800112,0.26356438,0.3783401,0.2603052,0.19199298,0.7027991,0.018027341,1.5684211,0.42554975,0.39596027,0.9690054,0.7816362,0.16665803,0.6819967,0.39066136,0.4512699,0.34315243,1.0563293,0.9480522,1.6687282,0.22221859,0.45585385,1.0304394,1.7050815,0.5381159,0.58012694,0.3100521,2.594003,1.8629292,0.83436733,0.82042056,0.8861921,0.8067742,0.58150744,1.073205,0.42153576,0.82575256,0.18416677,0.73388857,0.07285882,1.6939209,1.4758438,0.3561912,0.47864255,0.14292242,1.2868929,0.0805062,1.153496,2.1346943,0.61608607,0.91601795,1.7268982,0.14738126,0.42076802,0.19445412,0.5171356,0.4949276,0.61264545,1.8792259,3.291038,2.110031,1.2044506,0.5755048,1.3676116,0.93577373,0.82648826,0.93069303,1.3901205,0.29329497,1.2367264,1.5536461,2.5902612,0.25531125,0.1852243,0.23749925,0.43235415,0.8259133,0.018979039,0.19785209,0.104399174,0.29101574,1.4805889,1.1722916,2.133524,0.4317709,1.1044506,1.4579779,0.9382533,0.09025926,0.014088754,0.38180867,0.7326741,1.4190218,2.8658175,0.56452584,3.1026611,0.35991877,0.6637626,1.2763417,0.29324627,0.453041,0.118219696,0.8796621,3.12344,0.582579,0.81014174,0.1462779,0.40794793,1.6414318,0.449366,0.5129132,3.075124,1.0605358,0.3951215,1.4587963,0.17864147,0.16703758,1.163261,1.0910829,0.97615343,1.952323,0.668674,0.007818649,1.2528292,0.60968107,0.4667848,0.5797267,0.7782604,2.692934,1.2134261,1.3048013,0.55596715,0.7994917,0.7803726,0.30505154,0.36100563,1.3888351,1.0740769,0.13234563,0.20458142,2.2588866,1.0634583,1.4158498,0.2406931,0.2620398,0.74429005,0.41542116,0.76605886,0.11723822,0.86822075,0.09517054,1.7049547,0.5606406,2.095714,0.35849303,0.83029705,0.37239704,0.06992175,0.47208115,0.61732876,0.7944382,0.025885873,1.3533258,0.7141177,0.8978069,0.42091084,1.5681752,1.201561,2.053489,0.1629861,0.61332494,1.5136174,1.4054292,0.7867928,1.3897029,0.18765076,0.5775263,0.47309345,0.8240982,1.5555317,1.6048478,0.06253069,2.025154,1.420053,0.86307836,3.3365085,2.7023401,0.70989084,2.2357395,2.196102,0.45463255,0.8145643,0.28651115,0.060447987,3.298067,1.358138,2.84974,1.9645214,0.28605887,0.4181895,0.87563556,0.168447,0.9260603,0.8564994,1.220032,0.7397637,1.7505068,0.3736609,0.25578928,0.51269794,0.027618635,1.2735403,1.2613375,0.13918294,1.02985,0.3691883,0.6706032,0.100689285,1.1785245,2.385209,1.0693893,2.1551812,2.5922036,1.5055226,0.5941261,1.1611676,0.27614692,0.99058187,1.1908331,0.345922,1.3135422,0.34133998,1.2671351,0.80079633,2.4101403,0.8871525,1.3556994,0.7236997,0.6716781,2.1101596,0.59854037,0.23331665,0.17201084,0.12870191,0.7124908,0.8016599,0.0027630262,0.5945185,1.4415208,0.9772774,1.5504405,1.6657497,0.71495134,0.32635054,1.2589667,0.8535422,0.055727042,0.36870232,0.058759555,1.2715745,0.6183622,0.09338473,0.5292265,0.9105401,0.8141793,1.2408389,0.034873713,0.05010615,2.1257694,0.45253846,0.8529226,0.47063625,0.50025344,0.9159356,0.27008837,3.1496353,0.40941283,0.94544184,0.1549818,0.45690745,0.74700016,0.72825986,0.80463547,1.0479474,0.5165598,0.6604007,1.3353322,0.7905487,0.06917975,0.24642868,0.113051005,0.18711458,0.66937226,0.17387322,0.15739542,1.0999767,0.01697586,1.1647004,0.083200485,0.28378662,2.146469,0.4923358,0.27814433,2.199874,0.80156255,0.45677835,2.937062,0.6899727,0.24608845,1.8444998,0.5623046,all_pothole_images\pothole_images_new_image_814.jpg
0.61832285,2.5064716,0.39141938,1.3210409,0.016078409,0.25191304,0.21366532,0.0,2.037044,0.26027617,0.4108654,0.35224983,0.07660943,0.16540278,0.49312553,0.16601203,0.7324074,0.05763733,0.27246317,0.42577392,0.56551915,0.56143326,0.3412129,0.71361995,0.32257777,0.0015985644,0.09747122,0.7863292,0.00050111994,0.6351663,0.08102797,0.01835227,0.19342372,2.2581654,0.6314269,0.16334021,0.3582039,0.3637673,0.81516147,0.29184276,0.47724354,0.5624419,0.20820035,0.0,0.6119509,0.19074595,0.018244678,1.760909,0.29354998,0.059582844,0.45463002,0.9976939,0.68365985,0.7644852,0.56861705,1.4032685,0.0,0.82724106,0.7084251,0.6947605,0.032421347,0.2739531,0.49369907,0.20538232,0.2072436,0.16538161,1.1770962,0.17869969,0.11410996,0.022259755,0.36157688,0.09289323,0.023342982,0.0,0.047457926,0.54476106,1.2930973,2.0085125,0.037962943,0.06547893,0.44858652,0.5242312,0.3247552,0.31866354,1.6005777,0.6581605,0.17695913,0.30279917,1.8150291,0.16702667,0.6130209,0.018919718,0.006089513,0.7993898,1.9289608,0.33459136,2.1848228,0.95593274,0.9409404,0.7805604,0.101728395,0.50729984,0.04613462,1.5041883,0.7198642,0.23479147,1.365054,0.22170836,0.11042128,1.2944254,0.007092006,1.475764,1.5234026,0.674229,0.18250206,0.15432958,0.22045657,0.33720708,0.19962536,0.7526492,1.4978609,0.0,0.19561704,1.4723152,0.9896712,0.8502417,0.81822497,0.61553645,0.01737242,0.19339243,0.20091073,0.25195917,0.0077872556,0.0124277705,0.77030474,0.004303162,0.48935002,0.11980359,0.025978211,0.057802998,0.1488886,0.3772072,0.21085697,0.032285027,0.004332835,0.081226654,0.14079322,2.5299494,0.048908286,0.48920143,0.03317612,0.8579031,0.2727178,0.05820631,0.017496161,0.20618029,0.646202,0.018788941,0.25526816,0.585804,0.49437213,1.1244208,0.24612129,0.0,0.37436458,0.9116743,0.24734984,0.09773426,0.92557734,1.5390497,0.056461606,0.0022760148,0.12689887,0.0,1.2008331,0.9803211,0.34765324,0.098955005,0.05668714,0.511918,0.1356236,1.8586279,0.08398846,3.349205,0.28098992,0.12683223,0.3083666,2.2107713,0.5616913,0.14270034,0.31712624,0.18650739,0.33038613,0.78068835,0.33860934,0.0,2.0965257,0.6882412,0.38992956,0.00444722,0.5579414,0.8680566,0.6059607,0.3359624,1.1704402,0.18581098,0.4143049,0.0,2.5190744,0.18185644,0.0,0.06024628,0.18576483,0.7059624,0.8671131,0.036214784,0.54885375,0.06812862,0.07775396,0.5968905,1.17024,0.4380696,1.3067334,0.2753853,0.7638321,0.31324735,0.5283247,0.13677466,2.3054469,0.13488886,0.21999931,0.036965724,0.153414,0.6516221,0.24144664,0.34158388,1.6637156,0.70681894,0.41604146,0.14568028,0.5499116,0.5281776,0.16565688,0.20501098,0.047001958,0.0033384098,0.25756523,0.8171164,0.7990027,1.7443788,0.6734807,0.56903356,0.19650218,0.041881423,1.4459118,0.0,0.16703673,0.7725925,1.0746698,1.0820587,0.5208414,0.41460884,1.3277153,0.67396075,0.0,0.90012497,0.033592667,1.4810712,6.5905,0.29155803,1.2382102,0.0,0.51756376,0.5685994,0.09327288,1.5056714,0.49975345,0.13485138,0.1445807,0.0,0.0,0.33391196,0.23901978,0.024618119,0.0,0.15626319,0.37074602,0.16149333,0.06506748,0.0020877142,0.6455074,1.7556697,0.0022371563,0.51251334,1.1447992,0.59084404,1.3211752,0.1393288,0.35055336,2.6574671,0.17789863,0.21956642,0.36027953,0.84173816,0.6419587,0.25940263,0.49406907,1.1730431,0.4436929,0.49874076,0.6051793,0.1189676,3.0811045,3.2345958,0.0,2.5385432,0.027525108,1.0645827,0.97135985,0.28889143,2.2693546,0.7300974,1.3720721,0.15583178,1.7053443,0.3088542,0.41533723,0.0,0.03417796,0.29648614,1.1356361,0.13187802,0.015161818,0.51333463,0.4592488,0.603738,1.8669225,0.014358803,0.111298166,1.0572164,0.5583949,0.30062208,3.3319042,0.6968178,0.9138764,0.0043263766,0.7531795,0.19198017,0.47089478,1.3691804,0.15792161,0.08597857,0.47166404,1.2457325,0.5435072,0.41697666,0.4762964,0.10391231,0.0046778177,0.45840964,0.460149,0.44234318,0.32663283,0.29018313,0.025088731,0.073785156,1.1263489,0.7708121,1.2537463,0.4344575,1.4098462,0.36211738,0.16443813,0.37608582,0.43193093,0.1796497,0.7317147,0.6422603,0.31324214,0.03701124,0.45742038,0.14373383,1.1256232,0.51313704,1.0125206,0.11704103,0.031667892,0.09364678,0.4005393,1.7019242,0.49360725,0.006923599,0.05551718,0.46966934,0.0,0.30069312,0.251526,0.49096444,1.1919622,0.0377382,1.8098342,0.6117654,0.6364275,0.06993882,0.46065116,0.33379152,1.9092722,0.09040068,0.6496802,0.59203017,0.0,0.004711435,0.453971,0.6127045,0.018207591,0.36299038,0.9170003,0.109263,0.17819373,0.06748622,0.2639136,0.55228573,0.45743734,0.26228613,0.20186424,0.16095936,1.5484866,0.0,0.7345482,0.67870235,0.38965482,0.60651684,0.24623664,0.15409537,0.13913664,3.055535,2.9601436,0.153058,0.47255212,0.0,0.86523044,0.10953717,0.40854707,0.0,0.3405187,0.021237897,0.18056189,1.9580917,0.0015906489,1.7614733,0.35599393,0.48657027,0.70621794,0.33931163,0.046173196,2.2824407,0.09940612,0.0009845629,0.19688015,0.92162246,0.09846187,0.15037516,0.4614313,0.3589464,0.6495783,0.8614075,0.09672444,0.43416888,0.2646486,0.3640501,2.1667767,0.10514747,0.036500085,0.19102983,1.2955695,0.33759543,0.0715356,0.058627926,0.6965671,1.144147,1.4858623,1.0106758,1.1990141,0.088314466,1.2538526,0.23834983,0.1208783,0.032541376,0.19861892,0.08435381,1.0855129,6.518525,0.0,0.09380612,0.08747089,0.028353354,0.4938612,0.22118203,0.0030833676,0.022324875,0.19917504,0.9309152,0.60474586,3.0552588,0.4527047,3.7848656,2.077652,0.12080603,1.6128705,0.09977021,0.30586457,0.0,all_pothole_images\pothole_images_new_image_815.jpg
0.054994654,0.22571363,0.06828109,0.402012,0.7121139,0.040706042,0.18645649,1.4028664,0.659187,0.5867413,0.2109522,0.42270535,0.019340308,0.380735,0.1556482,0.16278762,0.022066215,1.1021152,0.70763147,0.11746697,0.5422844,1.7788798,0.80022895,0.33529967,1.335879,0.05475749,0.59340894,1.099699,0.50880295,0.2800939,0.18213224,0.17076021,0.66738737,0.36486134,0.10125251,1.4605758,0.22482778,2.8142157,0.22237544,0.7289826,0.053911608,0.21663356,0.8192656,2.5568876,0.23423693,0.110970005,0.57346594,0.028316285,0.049764827,0.5629868,0.96430206,1.6034353,0.0029494052,0.00562523,0.5825264,1.2868087,2.3977227,0.17720878,0.58538395,0.5300861,0.46269035,0.24561438,0.404127,0.09166356,0.9782256,3.3015177,0.0,0.552119,0.43537876,0.030456878,0.13582961,0.6759576,0.016231138,0.0,1.2850531,0.0084960945,0.7591886,0.71135664,0.017552871,0.18452278,0.3620684,0.07964513,0.15344307,2.5254405,0.17937846,0.3382068,0.021598484,0.25636372,1.6014055,0.21668018,0.091118634,0.34097177,0.011306473,0.011294148,0.23886007,0.25737217,0.89994454,0.010282622,0.8490818,0.13643585,0.084221974,4.8688087,0.042824842,0.026884815,2.2452774,0.6587146,0.4092849,0.23773816,0.21389078,0.38790736,0.17130452,0.6008003,0.0399227,0.25461036,0.545311,0.0034816754,1.8865529,2.182441,0.42681405,0.59746957,2.3610997,0.20639572,0.84198946,1.5430251,0.45340836,0.025554191,0.029146187,1.9859213,3.8640702,0.051767558,0.45931768,0.3420684,0.389974,0.20009893,0.10786564,0.32262823,0.028031325,1.5083476,0.28361365,0.4532421,1.404769,0.030917639,0.89453954,0.7124588,0.18294871,0.7549192,0.042243358,0.70590615,0.21822245,0.5292684,0.38598436,0.58429307,0.0,0.7085198,0.29102758,0.15123864,0.1413934,0.17402197,0.26379943,0.0480485,0.5414871,0.2662225,0.40358117,6.4628286,0.57384956,0.00962408,1.5175426,0.31657168,0.005856063,0.48700887,0.07631433,0.2509437,0.00089403696,0.073118195,0.44095847,0.07528313,0.39580935,0.028366303,0.031215979,0.08678434,0.17690901,4.151548,3.470301,1.1929353,2.275934,0.15739651,0.2552763,0.5644563,0.0020127275,0.6050863,0.27774462,0.022118213,0.020619774,2.2641046,0.0021907375,1.0239282,0.39615828,0.25846523,0.23472217,0.01464313,0.020884668,0.14207801,2.596406,0.5044401,0.6971672,0.09834926,0.5295774,0.7816567,0.25073496,0.32874092,0.0,0.3327291,0.044210155,0.049548898,0.9760696,0.4985877,1.02368,0.0,1.0017763,0.45101258,0.33800754,0.5255928,0.06683912,0.26875827,0.08332072,0.81613123,2.5568192,0.028143922,0.98211545,0.012970342,0.655129,0.058742527,0.60038084,0.018781938,0.11057679,0.0,1.3195256,0.1352304,0.0,0.29111594,0.23075396,0.023122534,0.92551684,2.1435857,0.42896798,0.0,0.50012565,1.1917813,0.11828618,1.7144139,3.4830587,0.18198042,0.7430896,0.1403786,0.43666863,1.3239416,0.25760102,0.051508397,1.22198,0.6630588,0.70787793,0.13105138,0.7411903,0.2758718,0.2664407,0.16274056,0.4736511,0.59941536,0.06336534,0.8634461,0.01424888,0.051810566,0.3999839,0.27055976,0.3499815,0.8974917,0.25523323,0.7724503,1.2365878,0.08721377,1.7956711,0.5689607,0.06139317,0.30315602,0.41388524,1.1700732,0.8538524,0.7696721,1.8889122,0.026541086,0.13064425,0.11368913,0.6143932,0.13709258,0.16474195,0.13743842,0.01814093,0.34322602,0.071941465,1.2675422,2.0634773,0.5791507,0.20327638,0.022084167,2.1519535,0.0,0.10708287,0.23152609,0.21505937,0.74315387,0.5050612,1.3037136,0.25162995,2.1177366,0.77860314,0.45690197,0.09219568,0.27765673,1.9872019,0.04150287,0.13639504,0.0050779306,0.24728416,0.2912048,0.28554335,0.474248,0.7495494,0.0,0.13702132,0.034669135,0.61437446,1.0582279,0.02671218,0.078480795,0.92918146,0.2210352,0.42870268,0.3166807,0.44384557,0.23248312,0.11970009,0.19984229,0.09300013,0.6784486,2.0865293,0.079623446,0.2133425,0.20027557,0.7097695,0.53484076,0.74656576,0.024480581,0.8104919,0.082362965,0.018609114,1.2680833,0.16907603,2.3780568,0.20275012,0.5943264,0.20139869,0.43533316,0.55254716,0.033316914,0.17162701,0.016243732,2.8666682,0.914801,0.5213506,0.60753834,2.2568085,0.30548733,1.2134075,0.20167996,1.4341577,0.1978637,0.1571981,0.7521821,0.32801247,0.3513692,1.0093237,0.185092,0.061608046,0.8081256,1.163041,0.39992562,0.33366075,0.050701033,0.45567605,0.49689847,1.2621491,0.2513312,0.12623572,0.3149616,0.5339214,0.18814331,1.423611,0.018131642,0.0,0.098771796,3.0095124,0.4502622,0.13787772,0.86881703,0.14693698,0.23927715,0.74223995,0.02096906,0.21370436,0.057798773,0.6054369,0.10677934,0.06902538,0.093700595,0.5072271,0.24199316,0.10139965,0.40879354,0.52742165,0.13259475,1.5750239,1.317802,0.7637525,3.5125813,2.6421616,0.30848083,0.00571297,1.4233118,0.3471262,0.5144616,0.8392709,0.25807673,0.23036988,0.30192783,0.4565351,2.6681736,0.5066352,0.19093356,0.36866012,0.06158832,0.39760122,0.0214625,0.017286045,0.48241198,0.30558056,0.05411336,0.400981,0.11279011,0.6099338,0.022040213,0.6409835,0.04334769,0.14727579,0.51096016,0.8012745,0.93082774,0.5379373,0.032325186,0.03990177,2.0188801,0.75519186,0.18153988,0.15198043,0.0016424195,0.18667631,0.65247375,1.0411191,0.12705977,0.37264764,0.10144671,0.9378422,2.0164301,0.9716606,1.1776068,1.1225362,0.059937436,0.11009703,1.6000696,0.11812562,0.004608627,0.6671509,4.0843725,0.08660731,0.7381384,0.04448787,0.1343654,1.4244329,0.22252324,1.0022736,0.091289885,1.4539335,0.27492142,0.057495743,0.8686946,0.20874514,0.07885044,0.06732293,0.2887234,0.504776,0.08256001,0.7370705,1.596244,1.0594815,0.038145017,0.9841679,0.2821133,0.25423187,0.0020229542,0.30845445,0.34313568,1.3098915,0.016443077,all_pothole_images\pothole_images_new_image_816.jpg
0.29956505,2.7628434,0.61733145,0.95322883,0.90105593,1.1834701,0.97996736,0.64264786,0.18144253,0.55697304,0.05877811,0.7113618,0.089256644,1.9176489,0.14146894,0.99852,0.0090393955,0.48538685,0.15827987,0.14658695,0.05197602,0.16838552,1.7012609,2.5873697,0.031952556,0.026749494,0.46597877,0.96720713,0.1816402,0.74651724,0.8223616,0.0,0.2377682,0.10877485,1.1820129,1.1234955,0.8808687,0.17890249,0.6532789,0.012400763,0.6972815,0.08968299,0.63950664,0.25246087,1.6255099,0.1288804,0.009519097,0.09974912,1.1682152,0.027383465,1.1768274,0.74527586,0.34515887,0.1817966,0.53999555,1.1692877,2.3130894,0.30484644,0.48448837,0.745209,0.049626,2.2598174,4.281912,0.48216572,0.14217138,1.5306351,1.3631601,0.059159517,0.055278562,0.083064854,2.579541,0.6196673,0.11138839,0.25602478,0.6674099,0.2972092,0.06422261,0.06719253,0.02647083,3.808463,0.0,2.1855793,0.38177598,4.683527,0.90544623,0.25145376,1.916952,0.0064518894,2.4332876,1.6226937,0.41081306,2.9757686,0.09488812,0.67280054,0.7184185,1.0286597,0.11870754,1.6407776,0.6613233,1.4315902,0.45823377,0.18160099,0.5201294,0.38633424,1.8101218,0.35611397,3.3977392,0.32619095,1.2343138,0.6189169,0.7747355,0.79098356,0.2419547,0.55937904,0.17482264,0.5807261,0.21727784,0.8371153,0.87555957,0.26140726,1.8390948,1.7093331,0.040792633,0.3835143,1.8441199,1.7280395,0.5676374,0.060578752,0.33742428,0.4762963,0.5453199,1.0460672,0.47104302,2.1939003,0.20548302,0.022357129,0.003377815,0.28050604,1.4477454,1.210082,0.046568885,0.6390325,0.19734344,0.38388306,0.25378442,0.1795706,0.539374,0.058485962,0.27267873,0.11154113,0.025564719,0.27474046,0.7895388,0.010491059,0.7578385,0.0036810318,0.33887684,0.027076835,0.35286132,0.115372,1.518559,0.32008997,0.3235985,2.402099,3.9246097,0.15794799,1.4542221,0.0012395527,1.2897366,1.1314585,3.419964,0.13330844,0.7702652,0.9778962,2.4286315,0.18448214,0.79993105,0.68886095,0.01614629,0.029983563,0.2770405,2.7026858,0.91957575,0.64746153,1.7592221,0.90410393,2.3927016,0.31125188,0.37719935,3.1660793,0.9755367,1.4454927,0.27779424,3.372639,1.6034297,0.16625379,1.080814,1.0455838,1.6815583,0.018562563,0.5896124,0.7224646,0.68528235,0.72127557,0.25343657,0.32201365,0.00012971004,0.038699977,0.62451345,0.3692255,0.30439943,1.432198,1.0829866,0.47841573,0.38823473,0.1165071,0.07625937,0.1331333,1.013451,0.12921062,0.80683196,0.07568386,0.4517629,1.5161366,0.07673453,0.36050048,1.3209625,1.0191413e-05,2.8886986,0.2089639,0.32057273,0.7042863,1.3371058,0.58506453,1.2987627,1.1740026,0.8036944,0.0,0.1459574,0.03037521,0.18771918,0.3776497,0.044748686,0.33043483,0.43874624,0.10222553,2.16787,0.4396589,0.15768299,4.5350018,1.5846647,0.06556992,0.15198484,0.15464358,0.3266079,0.0,0.98548675,0.0113555435,0.35335863,1.2633069,1.0347656,0.023233084,0.7057777,2.4571376,0.006621788,0.5041107,1.9151918,1.2710495,2.216917,0.0,0.38890824,0.59705746,0.6856003,0.0344969,0.0025432948,2.7413695,0.9187341,0.30610618,0.062017728,0.04573771,0.06258478,2.7152011,0.5039359,1.1275432,1.2108922,0.21370782,0.5531655,2.207691,0.6449488,0.020656403,0.6086022,0.65679306,0.1462193,1.1760746,1.7567596,0.39280257,1.0470014,0.10728739,0.4271392,0.47399053,0.0,0.31901923,0.8851589,0.76273096,4.2353044,1.2205623,0.43610132,0.09498723,0.6578023,2.3336298,0.0,0.31422225,3.0448265,1.7632744,0.17137206,0.34918484,0.30863953,0.13201779,2.9656048,0.33845878,0.43480885,0.11198015,0.0,0.001781195,0.012101889,0.5365141,1.150106,0.7719142,1.0640956,0.82033825,2.0020814,0.16423354,0.19384733,0.0040333327,0.1287582,0.4304531,2.062475,0.4480563,0.123902954,0.85851395,0.014774338,1.2934546,1.1487436,0.8061598,2.1646738,0.0045477506,0.36015263,0.011678373,0.008874691,1.4214696,0.42228994,0.0,0.30495623,0.49208236,0.6602632,0.51979846,1.761379,0.67064565,1.0971031,0.116257384,0.2577817,2.6722975,0.70145977,0.0,0.011011657,0.3267815,0.9664714,0.11899331,0.084151685,2.4807997,0.9580855,0.8593229,0.120857954,0.9103981,0.8764184,1.7910576,0.13991337,0.0006915488,0.107342444,5.5865016,0.4391639,0.5698265,1.3939654,0.52841944,2.5501244,0.13293867,3.4021478,1.1691891,1.2353063,1.2284545,0.41052577,0.29347098,0.27416292,0.24298929,0.048483625,0.3309175,0.0810704,1.1404597,0.50400585,0.2114476,1.435459,0.25642425,0.25986946,0.9598583,0.46498403,0.05449488,0.69670755,1.3821622,0.021723732,0.20554702,0.19895355,1.2538475,0.25524473,1.7772338,0.26085836,0.019095669,1.3521034,0.6461365,0.17230427,0.40171573,0.3606364,0.12739338,0.00056467846,0.9126026,0.8542931,0.49524847,0.40388635,0.5078899,1.3194916,0.13448252,1.0652307,1.2405987,0.054470908,0.32961705,0.027512915,1.9659227,0.36191764,0.55229175,2.3220568,1.2647768,0.5523096,0.6920765,1.2343563,0.42419693,0.13093016,0.4786078,1.2087079,0.038105905,0.8543093,0.40110347,1.2681043,0.52874327,0.06680521,0.0,1.0971119,2.2832766,0.65442616,0.76261574,0.18769357,0.30274794,0.7176825,0.55164385,0.34844142,0.409669,0.4352928,0.09477691,1.2317045,0.010634684,0.35665092,0.7980393,0.23739861,0.11526293,0.09823868,0.09724237,0.32414004,1.0876487,1.1706493,0.09543362,0.40634987,0.120835304,0.21782914,0.9836559,0.7575735,0.0015052829,0.08043025,1.9811504,0.7113482,1.2958031,0.20563935,0.0033303332,0.1441913,2.1176264,0.01145082,0.0,0.059053756,0.20049575,0.5301921,0.20000756,0.0060436516,0.9947164,0.016956078,2.388089,0.23994403,0.050549828,1.3471321,1.3619304,0.16213079,1.716554,0.115761735,0.3670161,1.0362712,1.0443026,all_pothole_images\pothole_images_new_image_817.jpg
0.5135559,3.0148308,0.69299376,1.6598048,0.9436413,1.7888967,0.10547909,0.7821471,1.4009231,2.0029488,0.46951675,0.5589396,0.40608475,1.4118772,1.3906647,0.8978039,0.58724785,0.002928489,0.9285182,1.3716686,0.26504257,2.0421016,1.2065879,2.5074954,0.33513385,0.30336976,0.062889576,0.6726345,1.0838068,1.9282131,0.98321253,0.20289402,2.819612,0.2846069,1.4797357,0.82314026,0.0,0.20536937,0.23064095,0.8413796,1.6177278,0.18580005,0.9540467,1.0184773,0.17053694,1.1972148,0.7768593,0.9814677,1.0631942,0.39766437,2.1030114,0.7732459,1.2956285,0.33249897,1.7483213,1.6331301,0.66969585,0.21598762,1.1292111,0.894989,2.3191986,1.3581032,2.1615226,0.45931935,0.6842168,0.32807198,2.2382805,0.8683179,0.26158246,0.9262395,0.058920752,0.62848014,0.31956202,0.28412986,1.5055894,3.2793493,0.95050436,0.3701762,1.0026927,0.32490492,0.70208335,0.28849316,0.5677329,0.9191868,0.66277313,0.27878386,0.79544216,0.28605345,4.7283463,0.04732182,0.21547803,1.2553961,0.6085544,1.4862561,1.0173142,1.1618227,0.9473559,4.002201,0.89423335,2.477955,0.6781282,3.3657267,0.6663773,0.21758679,1.2492808,0.70673305,0.148755,0.40286893,0.8292769,0.16360289,2.8483672,3.4881716,0.5522736,0.65709734,0.019582683,0.550084,3.052392,0.14163554,2.0198128,2.1010187,1.7102113,1.9821917,0.6931353,3.6135004,0.057952326,0.5917433,0.80350757,1.7833817,0.3656737,1.2505025,1.441121,0.03420874,0.18155025,2.314478,0.11630521,1.0713562,0.24475746,0.5019407,1.0366602,2.7468002,1.9432846,0.19276607,0.12082698,0.82890576,1.0798093,0.21597935,0.30130228,0.042177882,0.080447964,3.204837,1.6260935,1.5550057,0.03144849,1.3393542,0.81748486,0.07985476,1.556739,0.8576587,0.10860052,1.1223905,0.67711484,0.087996766,0.25549233,1.1071825,0.22063398,0.34544525,0.9521517,0.63659704,1.3839036,0.71161294,1.2118742,0.053844675,1.0696243,0.8456107,1.323467,2.097293,1.1711568,0.19106363,0.9577517,0.080218315,1.0302962,0.2986475,1.6623906,1.7572317,3.1358817,0.73260635,0.49997202,1.7233887,2.2461765,1.4302073,0.31176084,0.074162394,1.459609,2.759101,0.39095446,1.106766,0.15998116,0.6048316,1.5223755,1.2330283,0.5177003,1.3123007,1.0800697,0.525037,1.023218,0.6269134,0.02461296,0.4077228,0.11961582,0.20536341,1.8686566,0.4972983,1.3163347,3.355236,0.5845922,1.121331,0.9904069,0.82655066,3.6324627,0.25778785,0.4874273,0.46239293,0.32157162,2.019473,0.5639365,0.7302244,1.6901629,1.0525408,0.080472626,0.58375496,0.8234909,0.98123574,1.5786949,0.14452212,1.1650211,0.13135168,0.5497183,0.230829,0.5343468,0.023746103,0.0552922,0.25655216,0.2626009,0.43428218,0.8399398,0.8090814,0.79713607,0.061275613,1.521056,0.5912877,1.9169917,0.43335286,1.4892801,1.2729369,0.63806164,1.7276497,1.2659782,0.210844,1.4424376,1.2216811,1.6147339,1.6497504,2.7724175,1.3417492,0.005057178,0.76445174,0.046434183,0.8576597,0.8606522,0.8916889,0.100001335,1.0287848,0.20681968,1.1775976,1.11554,1.2484145,4.036934,1.011756,0.3342265,1.2462659,0.6561753,0.486782,0.24436277,3.7703795,2.4165087,0.47579625,0.25097516,1.2025692,1.0589337,0.06512641,1.6444567,1.3053219,0.39435288,1.022864,0.09694708,0.09717261,0.5457228,0.05781446,1.2079871,0.03885686,0.2495932,1.2734364,0.72012126,1.0141238,0.90572023,0.8527237,0.05198819,1.5314949,0.56429225,1.9637288,0.17722493,2.0838697,3.832971,0.35934123,0.54524356,1.9252858,0.09776398,1.1886743,0.098044366,0.37580886,1.6076243,0.57656884,0.09258077,0.3883023,2.4161854,0.031039914,0.85757077,0.5355615,0.4022623,0.70133036,1.1179937,0.68272936,0.3650086,0.379855,0.8055703,2.18526,0.2333223,0.7054299,0.64880663,1.0541372,2.464299,1.1377476,1.2657541,0.14996366,1.6470383,0.6571496,0.28949857,0.0,1.2230476,0.9871063,2.321511,0.6438894,1.5315934,0.36421978,1.0668211,0.27398035,0.119114086,0.88444847,1.4628438,0.14611056,0.78687364,0.09711028,3.188464,0.7878438,0.27999473,0.29729393,1.6659201,1.4862087,1.2127924,0.27560297,0.48157907,0.74507296,2.0477102,0.6773672,1.4065579,0.42778778,0.17986457,0.52610815,0.3473048,1.0707856,0.108663194,2.3980267,0.80252993,1.1351566,2.390335,0.8984457,3.7452214,1.7838736,1.5434847,2.0483475,1.4814272,0.7192192,0.18653171,0.662881,0.26979038,0.26262307,0.8164407,1.3698568,1.3531102,0.36731184,0.8470328,0.20162442,0.09263421,0.5378664,0.4137125,1.3689424,2.3803184,0.20539214,0.39853597,0.6592542,1.7324315,0.6493974,1.69401,0.7299488,1.0381749,0.7743577,2.8778996,0.3584982,0.108738676,0.60565245,1.6111792,0.96015346,1.8308629,0.5975012,1.9079036,1.0740271,3.4065394,2.1518686,2.073188,0.7769901,0.4915446,0.83058614,0.7597682,0.5148847,0.34052828,2.6755009,1.0374916,1.2242167,0.47547823,0.29980332,1.040961,0.44744852,0.05847418,0.86642367,0.1092883,0.8682036,3.0907423,1.7099972,0.8863508,1.8216546,0.19956917,1.7020352,0.86587304,2.0747597,0.50020987,1.568341,1.2266484,1.6228068,0.93841124,1.5152141,1.3826957,0.875523,1.852326,0.5884016,0.8019809,2.5258806,0.65377635,0.6974912,3.3611817,1.2656622,2.1593316,0.14146154,0.5133018,0.23726751,1.5900159,0.3175785,0.08407036,0.5062667,1.0923905,0.50728273,2.8111923,1.1200664,0.32855558,0.8399912,0.12742662,0.008592632,3.9098167,0.43311614,1.3884783,0.41667822,0.3498749,1.7385412,0.16227265,0.06054642,1.2470944,0.548453,1.4531555,1.4933739,1.5393225,0.06392599,0.23445901,2.081206,1.3049942,1.6363227,3.6162007,0.66325516,0.15467232,1.0725495,0.925619,3.357114,0.60533756,1.3346596,all_pothole_images\pothole_images_new_image_818.jpg
0.7109958,1.6778542,1.0955801,2.5626845,1.6800227,0.12137443,0.29900843,0.05293103,0.46948296,0.502343,0.19944979,0.45974115,0.018147694,0.8844363,0.16976066,1.6949865,0.21287568,0.0,0.06152998,0.0,0.32574186,1.384248,1.4243581,1.1743438,0.4050507,0.35955033,0.008618808,1.8990755,0.09481891,1.0746028,1.5838608,0.06936263,1.2755402,0.3100877,0.5808384,0.2355282,0.8627422,0.2464503,0.209809,0.697127,0.02277509,0.9318304,0.7094341,0.44388357,0.7761364,0.0065504555,0.29116005,0.39982355,0.22755942,0.018003488,0.28137016,0.63204867,0.38832527,0.1920741,0.0,0.12065946,1.4170341,0.096052885,0.15171178,0.13501552,0.0,0.11036682,0.49670595,0.4295213,0.39283183,0.35574847,0.4130722,0.0693421,0.101901606,0.053914633,0.2641205,0.0021153793,0.26715446,0.19566335,0.034945197,1.5638345,0.29165167,0.32777682,0.0,0.6372472,0.5880945,0.38202775,0.05755671,1.7075222,0.20178479,0.7050209,0.036086585,0.011214198,3.9031906,0.37739283,0.051405672,0.020378161,0.041150987,0.10893663,0.29075623,0.08459417,0.46529597,0.6840144,0.0063195713,0.45548362,0.2754114,1.221953,0.7358193,0.27938914,1.1264563,0.0,0.08373839,0.025993396,0.29683143,1.856341,0.013374438,2.3535957,0.5162328,0.2981086,0.8996452,0.7850161,1.7505902,0.077451214,0.76773137,0.69330126,0.8561667,0.33188254,0.18005644,0.4129663,0.68799984,1.3881013,0.32832325,0.9033461,0.37074155,0.23544751,0.275497,0.115347385,0.4186318,0.008642559,0.16764146,0.18155432,0.041339245,0.116553925,0.05803627,0.0,0.17452598,0.8799169,0.2396038,1.9616226,0.45862964,0.8515118,0.1619954,0.9029246,0.13352643,0.65766937,0.8769036,0.3714699,0.67735785,0.7570069,0.76734394,0.35926372,0.27745393,0.10426534,0.90198773,0.59990674,1.5468663,0.3282919,0.025784701,1.4639232,0.46116772,0.32383704,1.0234362,0.22965965,1.3538905,0.361077,0.0,0.34068325,0.11833723,0.4985024,0.61791223,0.50867254,1.1651008,0.00043133483,0.01756761,0.06451606,0.006375101,1.4101605,0.4500028,1.067961,1.1761853,0.047250893,0.12802844,0.018869903,0.49042442,0.650338,0.36071563,0.2070416,0.21809746,1.711611,0.8138996,0.27835572,0.26160312,1.5985444,0.32445174,0.29214844,0.6743823,0.21142994,0.0,0.10401093,0.18479934,0.5063194,0.76025903,0.12979063,1.7379913,0.094513,0.24012204,0.4113902,0.6219366,1.2833029,0.80459845,1.6098999,0.20739631,0.0,2.399663,0.06387448,2.260947,0.0,0.07596793,1.4417964,0.14228204,0.26076075,1.552621,0.7680107,0.9968039,0.117337845,0.11214182,0.31805915,0.29375148,0.0281285,0.42774335,0.11413286,1.7598124,0.059345756,0.7024719,0.17017618,0.30573782,0.0035275677,0.5282051,0.6002414,0.05751708,0.0016390688,0.52056503,0.14911403,0.6382418,3.2558432,0.35160077,0.3216781,0.1531737,0.021929044,0.6131303,0.0,1.6404201,0.0018216106,0.45838907,3.1463196,0.3975479,0.65213543,0.65078264,0.044563077,0.46735865,1.6838614,0.23091222,0.03617999,3.3722346,0.1503159,0.22403418,0.0,0.14763394,0.5037993,0.028120298,1.4654521,0.005683132,0.6802667,1.1942875,0.4906566,0.019382158,0.40554926,0.46389496,0.7957572,0.28221574,0.31995067,0.5648181,0.7656815,0.47453168,0.008703507,0.1436984,0.71868414,0.2887236,1.0535673,0.2513388,0.16918342,1.218874,0.24138221,0.063855946,0.53261924,0.19438428,0.26024863,0.09488238,1.3813926,4.073615,0.09958674,0.10659329,0.5859794,0.5653358,0.11861811,0.44855574,1.3063126,6.3551006,1.7641695,0.14505956,1.7199277,0.007714304,1.150497,0.8551797,0.04067867,0.67591727,0.46451086,0.21925735,0.31505713,0.49871927,0.08323477,1.1866714,0.6517256,0.6824816,0.44276902,4.4686174,0.050475184,0.0,0.11848726,0.0031187446,0.18650508,1.0088072,0.50994366,0.8453918,0.05189719,0.45618415,0.6628427,2.069188,0.019683948,0.18542787,0.053055197,0.13429545,0.11582802,0.18132803,0.34348226,0.033820447,1.1211686,0.35802668,0.20659766,0.09412304,0.0018559811,0.46505618,0.14666156,0.22042303,0.9708261,0.12708898,0.26835832,1.0877357,0.08063659,0.020866461,0.45800367,0.6658579,0.024171988,0.529369,0.3838887,0.12363606,0.5451145,0.13140516,0.07578668,0.80634254,0.27546734,0.29451472,1.1953248,0.06431961,0.17638129,0.36468962,0.05101726,1.0814927,1.278997,3.1270938,0.8821839,2.2739062,0.092252664,0.06242139,1.4982287,0.36916974,1.8255498,0.02128083,0.08461412,0.013880978,0.652954,1.2470443,0.3631676,0.0134818135,0.0,1.3068955,0.7256153,0.6941656,0.94931084,1.0244186,0.3157962,0.39432135,0.16669121,0.07165115,0.026599236,0.53974456,0.097320974,0.61672753,0.0714987,0.034998644,0.13664454,0.5211919,0.64919674,0.38517526,0.06687555,0.72320586,0.13941544,0.7408708,1.724485,0.9026193,0.4522745,0.97241116,0.54040635,0.5980365,0.80371016,0.45788056,0.58044565,0.24800238,0.44940695,0.15302017,3.699823,0.5826455,0.3502465,0.2305988,1.016125,0.9549221,0.14894629,0.14632265,0.062447716,0.107905045,0.004378707,2.4140174,1.0714606,0.2834339,0.50401,2.1306167,0.1595254,1.7333825,0.7124761,0.40309346,0.64109343,2.79295,0.41456607,0.15804781,1.0415499,0.7401887,0.079479136,0.15533632,0.0051929234,0.59522194,0.38303185,0.10981297,0.049535662,0.27447847,1.4879471,1.161493,0.04554398,0.032134883,0.4668695,0.21709493,0.07301322,0.5365595,0.9770601,0.29147288,1.0434133,0.8597411,2.0451498,1.92054,1.0633026,0.0048151575,0.5168579,1.3243155,0.622137,0.56697166,0.20742595,0.49845052,2.2084186,0.044776972,0.0,0.0020511786,0.01788944,0.5881978,0.11077992,0.0036025639,0.17923675,0.028439905,5.54793,0.43113333,0.7147588,0.3705698,0.3830118,0.02118417,0.48743337,0.33154684,0.78204715,0.045956485,0.12118888,all_pothole_images\pothole_images_new_image_819.jpg
0.00057140517,0.06454642,0.0790686,3.9450781,0.35162297,1.2585102,0.13779286,0.05294046,1.8809537,0.19689363,1.1132001,1.0506626,0.7524554,0.79503554,0.02468199,0.4141019,0.29949516,4.9180803,2.1829288,0.12725106,1.9573885,1.1991262,1.0903909,0.8295962,1.442798,0.39010876,0.11728345,1.1267244,0.61269957,0.33446157,0.049126983,0.114481635,0.9742969,2.4448967,0.08279696,1.1541713,0.1761481,0.12002298,1.3863308,0.2368727,0.29874167,0.4635824,0.98107046,0.1916384,1.8199861,0.13745534,0.08343743,0.520133,0.31308928,1.211584,1.2239054,0.42960763,1.4776328,0.41180375,0.7615166,1.2808398,0.00019720438,0.2756536,2.5246286,1.6073906,0.38047767,0.17479485,0.09723599,1.830512,2.8755517,0.4365939,1.2924817,0.10581554,5.0886245,0.31271785,1.2378372,0.7061532,1.1554415,0.12760349,0.9102678,0.016998531,0.15968178,0.3702524,0.25340363,0.22740297,0.0026262384,0.49923074,1.6144524,0.3469054,1.108861,0.89166033,0.35084945,0.31245732,0.1671696,0.0027495574,1.0619133,0.20872186,1.2203867,1.212175,1.2612437,0.06593647,0.85862696,0.96979254,0.20771676,3.618814,0.6681676,3.757722,2.055596,0.16175854,0.80910146,0.40250438,0.47349322,0.37172303,0.38133115,1.0340725,1.6796099,0.28743038,0.7933423,0.79223937,0.19412504,0.13594334,0.62447286,1.5535727,4.1899962,0.15133603,0.20691344,0.12527451,1.6129705,0.81328505,0.07414513,1.2391502,0.291066,0.12950085,0.19432262,0.58013564,0.015232597,0.13866036,0.51327556,1.3275869,0.622684,1.9379085,0.30682442,1.149255,1.180746,1.12193,0.9253851,3.402186,0.06232817,0.5859426,0.50652874,0.16080591,0.13147527,0.34797466,0.05122562,0.5844424,0.09828119,0.07509666,0.0,0.37783992,0.9330021,2.2504778,0.32573983,0.59502435,0.19066553,1.4130348,0.48014313,2.9415848,0.010157799,0.51554704,1.623102,0.8002966,0.16400072,0.39788172,0.5876204,3.8999035,0.7068644,1.073967,0.19569342,0.3191207,0.04819362,1.1563492,0.4356676,0.014017965,2.0438366,3.4266026,0.8277701,2.1320982,0.63496804,0.6167053,2.127782,0.5587573,0.38889986,0.9185311,1.2605321,0.6769311,0.08460711,1.9692388,1.2052273,0.115321964,0.26972535,1.3953477,1.6152929,0.09747077,0.8057391,0.7941205,0.5851861,0.4935325,0.42175967,0.036802385,0.1816008,0.5706086,0.013932547,1.207516,2.376389,2.4952881,0.23859835,0.3670138,0.25032392,0.0033425381,2.9277298,1.7994721,0.9609139,2.0855963,0.34330475,1.6508468,0.2636733,1.3095064,0.47361767,0.99390113,0.1179214,1.1983681,1.0284743,2.3558266,2.0347426,0.58052737,0.17621087,0.95639753,0.38137147,0.6646708,2.6575928,0.4032577,0.96086437,0.9796757,1.1742545,0.1503544,0.14356129,0.16399302,3.073209,0.38191125,0.4575928,0.34346935,0.17511335,0.40491328,0.8981883,4.486567,1.1750277,0.24429815,0.047908995,0.029591098,0.77417916,1.162536,0.56615394,2.3472254,0.23698077,1.3491659,1.0415916,0.16635121,0.49114156,1.5832049,0.5473324,1.1433507,0.8850496,0.4434437,0.114190236,0.3273368,1.2504436,0.03817918,0.42660272,1.3790469,0.30722067,0.8089458,0.034775022,2.7401295,0.025690556,0.54144937,0.0925792,0.16168359,0.56494063,0.014821943,1.4662678,0.2663017,0.7063894,0.066345334,1.7916898,0.41568565,0.12932904,0.96367085,0.009044315,2.197444,1.3017914,0.45432115,0.04898889,0.6549968,0.3906502,3.502977,1.0526505,0.47027358,0.12700985,0.010963921,1.3957937,1.535786,0.045707613,0.44305727,1.3677329,0.16185592,1.1895128,0.57685775,3.0524313,3.6614852,1.5121895,1.2995338,1.3581995,0.33841088,4.9003143,0.6740848,0.2357456,0.433628,0.8339929,0.07497127,3.4423165,2.1583822,0.02417397,1.1760597,0.004224984,0.5707237,1.9445368,0.43519548,0.8868164,0.80112714,0.16638266,0.017942412,0.9403938,3.2877414,1.5843492,0.77972287,0.26362544,0.0034521648,2.9634485,2.0337427,0.5759471,2.158104,2.6329327,0.9839048,0.16173416,1.1937462,0.76780605,0.62842035,0.0026555294,3.8468416,1.0628108,0.37732685,0.7295054,0.9258085,1.3807924,0.0,0.69924235,1.6087871,2.4364514,0.18591915,0.61975515,0.016184209,0.4321823,0.681262,0.8033778,2.2409122,0.4206005,0.6918645,0.032483943,0.34631768,0.029691428,0.6050378,0.29644108,1.0591718,1.1077865,0.19499482,1.3657198,0.6837991,0.050539814,1.0950392,0.2255449,0.012299378,2.4768374,0.47007868,0.2422956,1.2914653,0.17600447,0.39853746,0.41977996,0.6984539,0.53900766,1.5791,2.2423384,0.050079856,0.33887196,0.8280149,0.21609855,1.2975068,0.20320898,0.47385138,1.3111248,0.644763,0.49711126,0.360167,0.4588454,0.05414774,0.07346006,0.6457653,1.1635306,1.058264,0.00035674855,2.4552069,0.7443192,1.5105598,2.8060644,1.6939933,1.1910102,0.15353137,0.44849327,0.26725027,1.0142545,0.3232605,0.07806528,1.6293555,2.265053,1.2389802,1.2575116,0.001754716,0.5825318,0.3306861,0.9486772,0.06448676,0.84021086,0.24902283,1.2158438,0.23873502,1.0066274,0.002812553,0.21567105,0.22022264,0.0,0.44770315,0.2085827,2.7363284,0.048054036,1.5035619,2.0942833,0.8116094,0.21083313,0.043592695,0.97285295,0.8274575,0.104949884,0.46496195,0.7421285,2.1611602,1.3428715,0.7281748,0.44780225,0.6036008,0.06948948,0.5281793,0.3938248,0.5677715,1.0780019,2.2201798,1.5408372,2.5303211,0.036118213,0.79285485,1.6987699,0.3877203,2.088956,1.2127792,1.748934,0.064729325,0.39792275,1.227127,0.45234087,1.4532866,0.79867,0.017647808,0.2615868,0.09624968,1.8144381,0.02619045,1.3577161,1.4633175,1.1168141,0.23051569,0.025429288,0.11619826,1.104416,0.09376307,1.1899376,0.610659,1.3898654,0.96871996,0.9171458,0.089165,1.4098231,1.1937754,0.9169833,0.5552873,0.49018762,0.74512947,0.7375052,2.3004954,all_pothole_images\pothole_images_new_image_82.jpg
1.6814382,0.874363,0.8316924,0.84142613,0.08192387,0.019155193,0.10109922,1.7173991,0.09697482,0.057714827,0.26368037,2.1659856,0.93063307,0.78603894,0.092633575,0.72350943,2.289064,1.4342006,0.7646028,0.010329727,0.43119705,0.17433575,0.26669803,0.9544403,2.2538335,0.027316196,0.87206143,1.8896633,0.26015878,0.22290602,0.014213244,0.5750966,0.54829735,0.18022473,1.6618111,0.8226934,0.29082975,0.8736577,0.29346493,2.3051472,0.4135709,0.7647911,0.29617602,0.06547882,0.14919093,0.8690744,0.84551966,0.20562135,0.99758154,0.22177957,0.10271668,1.02014,0.10252366,0.3008837,0.73967016,0.52380776,3.7373774,0.43104255,1.3825574,0.6954433,1.0809375,0.038621433,0.6014929,0.13507302,0.72201145,3.0558379,0.5431044,0.18058342,2.0328217,0.61702365,0.4930279,0.84948015,1.0862747,0.5009409,0.7704766,0.221498,0.41997883,1.3799632,0.4841675,0.52798784,0.09895544,0.0,1.1011162,1.5944947,1.0551054,0.73102057,0.1750568,0.8150955,0.30701813,1.2096224,0.73620456,0.3914936,0.9380898,0.13474989,1.0262733,0.6323102,0.24633403,1.940208,0.39686677,0.15535504,0.8240762,0.37084872,0.5687807,1.0467429,1.3486203,0.4276575,1.5635473,1.3058845,0.66298,1.7805611,0.43092492,3.1579514,0.9825181,0.6062817,0.31306762,0.7611644,1.7013236,0.46985602,0.4739139,0.30811056,0.52250147,0.15754667,0.13807715,0.9888017,0.46019948,0.5103544,0.07235813,1.8697573,0.8032013,0.3870254,0.6101403,0.6296815,1.9899871,0.553267,1.0630978,2.4054859,0.33729738,0.3230506,0.05914216,0.3478797,0.098133065,0.57746536,0.47855574,0.0035187383,0.027173331,0.3348057,0.30814862,1.2565644,0.30115932,0.786497,1.4509375,0.0674957,0.3569223,0.5948894,0.993054,0.2600255,0.100949325,1.7007993,0.028401459,0.8033311,2.207131,0.184386,1.4600632,0.30163166,0.7732522,0.081440255,0.655145,0.57522964,0.40304455,0.34313652,0.5511989,0.4595494,0.24208204,1.0880132,1.1727169,0.031266354,1.9354594,1.1925231,1.1530952,0.8006031,0.17721139,0.8368388,2.2329211,0.83014846,3.25908,0.28176424,0.13667475,0.88603747,1.3405098,0.1565361,2.333285,0.91049343,1.1061444,4.3065176,0.25614515,0.38769343,0.53851265,1.3472906,1.2719015,1.1685892,0.20263919,0.1586978,0.13959466,1.8313036,1.1026679,2.6757357,0.105374195,0.40815926,0.02428844,1.0923431,1.9174807,1.1190852,0.40530834,1.3907934,0.4218198,0.18830854,1.3331639,0.8034618,0.12840238,0.5895045,0.20045197,0.54649323,0.32864434,2.2920637,0.093209594,0.043152913,1.0777941,2.3513951,0.5501393,3.0824065,0.061601978,0.107872725,0.30644855,0.2524062,1.8604851,1.36399,1.068783,0.0926598,1.0281069,0.80388206,1.07543,1.8639919,2.2314773,0.7570922,0.0931763,0.06298733,0.6929706,0.1663938,0.39157248,0.11373064,0.16798311,0.68652654,2.0362136,0.14821833,0.94851077,0.06928895,2.1144936,0.15601844,0.97668964,0.07801393,0.33043694,1.2652061,1.0906079,0.33235282,0.3943638,3.6373518,0.025207743,0.4024146,0.05900031,0.947033,0.94692916,0.70314455,0.077697724,2.0675526,1.6067013,0.9442787,1.1076956,0.41933465,0.4608822,0.9719465,0.42928275,1.0097473,0.1604208,0.60183537,1.0078697,0.73829883,1.888439,0.5287609,0.30357018,0.062378317,0.84665096,0.11296301,3.0089471,1.2119868,0.16463445,1.3305318,1.3745149,0.20124303,0.54686487,0.4099318,0.09353256,0.17426963,0.025555212,0.8986046,0.24046008,0.30443192,0.00848159,0.966551,1.3786864,0.25558296,1.1671066,0.6227425,2.1873708,0.9020535,0.070682324,0.08891703,0.0066564544,0.6006004,0.6629023,1.1702079,0.96502006,0.84866846,1.4163392,0.04908263,2.2901163,1.4178685,0.07315765,0.42083234,0.04007669,0.7707681,0.757014,2.2436278,0.6968183,0.48681933,0.3954399,0.4432925,0.49881917,0.45699108,1.1095115,0.29643628,0.23165998,0.834018,1.065651,0.85294354,0.1653546,0.71857834,0.1798836,0.64346015,0.9605677,0.64005154,0.061589494,2.9555972,1.0083404,0.9126704,0.22854471,0.06784442,0.48889962,0.0055546067,0.5925693,0.4241296,0.7531932,0.4466261,2.2001092,1.1982142,0.057703022,2.154186,0.07407903,2.5949233,0.8944037,0.6475246,1.4913398,0.98480004,0.36469626,0.75170237,1.5342755,0.21457787,0.65684384,3.672291,0.10364507,1.3803036,0.36061743,0.80151,0.4951821,0.15943761,3.3235285,0.3300036,0.5097802,0.50802594,0.56817985,0.55960613,0.32703322,3.4574091,1.0443447,0.18815415,0.50718176,0.65944463,0.104885966,0.23419502,0.3910778,0.45659757,1.3438559,1.4160112,0.5588792,1.361983,0.2132419,0.31536022,0.039134413,1.9825047,0.30638313,0.09801596,0.14252518,0.3753446,1.986792,0.11692347,0.34787726,0.83509654,2.1800368,0.3793545,1.8917831,0.18456243,1.3127536,1.8757651,0.47359046,0.9868439,0.58523035,0.44727924,1.248867,0.3310589,1.3056779,0.710889,0.6771707,1.0602539,0.345457,0.47652373,0.93612826,3.439851,0.21905175,0.24098079,1.3321455,0.19888847,0.1839088,0.30043748,0.44334376,1.937511,0.13919125,0.52197057,0.21166503,0.103253596,2.3048186,0.78791183,0.46502864,0.3517698,0.007910468,0.7856093,1.1648916,0.8459953,0.5388979,1.4010363,0.24010468,0.86423117,0.7889141,0.92470396,0.27861944,0.30852976,0.12739055,2.0668998,2.0726469,0.9351397,0.68335164,0.9459957,0.43098643,1.1975067,0.38178954,0.5190822,1.1273959,0.2116791,1.1387,0.23246123,0.85184026,0.6426133,4.5787487,3.558533,0.81742156,0.1998572,0.3075522,1.2936628,0.28421164,0.9759078,1.0301008,0.23372403,0.59592766,0.3130678,0.40584025,0.0,1.0429282,1.724059,2.3509865,1.3961904,1.0201751,2.897812,0.04854312,1.5446612,0.47965074,1.4356854,0.49912173,0.42996702,0.07217799,1.9095387,1.0303802,0.958838,3.9044793,0.9014954,all_pothole_images\pothole_images_new_image_820.jpg
0.6878108,0.58677423,0.037913978,3.323332,3.289042,0.19824876,0.38643435,0.13361615,0.055997204,1.0916939,0.96267754,0.76216966,0.1462867,3.0720918,0.005522683,0.09046897,0.124400556,0.8043498,1.9013301,0.29404467,1.1180677,0.78311217,0.27827254,0.4305799,1.8912334,0.123916276,0.46066323,1.9185456,0.09598237,0.19278699,0.2684117,0.34711945,0.0080895275,0.31950253,0.4768208,2.6617045,0.96889025,0.41998318,0.75395185,0.112193696,0.09127973,0.13306203,0.26671955,1.4642085,0.23832582,0.22493775,0.53222615,0.04982281,0.29106274,0.45850718,0.6671125,0.40046653,0.29356453,0.11249266,0.40599737,1.1777378,3.1102605,0.81007284,0.106138274,0.24632399,0.52929014,0.13395903,0.7538698,0.46316594,1.937103,0.8378399,0.8449937,0.029730996,0.64758754,0.64628917,0.6520152,0.028906237,0.6288192,0.64853376,0.607139,0.16180027,0.5073585,0.70366466,0.77133673,0.8488676,0.0019076348,0.4079134,0.15413795,2.674342,0.049470868,0.3210004,0.36326763,0.23942256,0.6147662,0.3881427,0.35760677,0.013029397,0.84317464,0.13183062,0.027489418,0.00329476,0.122017145,0.6180871,0.2542715,1.6365724,1.5575919,2.7665792,0.13625972,0.0,0.60258204,0.19188245,0.3927001,0.27178115,0.13720869,0.19307378,0.06468881,0.48856735,0.79873186,0.21853273,1.2484069,0.5751556,0.072455205,0.15920824,1.401563,0.52967423,2.326364,0.11144099,0.61118186,0.5510526,1.3693379,1.7955527,0.6903,1.056828,0.40512633,1.8589809,0.36228108,0.062685475,0.32200477,0.30402622,1.3207232,1.3529063,1.1370103,0.71555936,0.2615366,0.1402947,0.83239186,0.15735976,0.31177095,0.5170912,0.030729892,1.2840998,0.22344957,0.58259237,0.2068593,0.06938196,0.4943829,1.3017573,0.73116875,0.3160195,1.6152858,1.6538793,0.92357486,1.0201641,0.53088087,1.0042157,0.61608756,0.8356795,0.539113,2.0252922,1.4631195,1.2610261,0.8857076,0.3671073,1.2718585,3.2731965,0.19632326,0.10939342,0.6885893,1.3947489,0.08815808,0.115744196,0.57917786,0.035172462,0.055970024,0.04024205,0.033643767,2.1613636,0.44524035,0.7484413,0.9716474,0.3292815,0.16880195,0.5087096,0.44304854,0.34382012,0.57283497,0.26685688,0.27408656,0.2443092,1.5778779,0.7037789,1.3461545,0.16376847,0.5996026,1.5941775,0.8075351,0.3346525,1.2443011,0.16247526,0.14358613,0.050257627,0.17729981,0.7154521,0.65377915,1.0869431,0.056962587,0.22498576,1.3299996,0.6733712,3.3409386,1.3342552,0.40967005,0.6527439,1.2990503,0.6001667,1.1944617,0.3907557,0.49454364,0.52435315,0.02086912,0.23212206,0.8398304,0.3436753,2.8058567,0.19662447,0.012480435,0.3021733,1.6402141,0.08879133,1.0516632,0.15589727,1.9068123,0.010837845,0.36269978,0.48064858,0.19120708,0.34268475,1.5871817,0.84273714,0.6445858,0.0034544661,0.956174,0.24784654,0.37134176,6.515812,0.10269623,0.5208756,0.14082202,0.24079019,0.023768999,0.032471266,0.9439406,1.8636262,0.95101786,3.911322,1.4275916,0.6631742,1.3490776,0.114067584,0.13078488,0.19492944,2.2415833,0.15681766,5.2475533,0.062480964,0.63667303,0.49681973,1.8286821,0.01951948,0.12600937,1.80657,0.32566878,0.32529604,0.37676767,2.107955,2.3608031,0.3743091,1.6458964,0.086555526,0.11094448,1.7828789,0.53466696,0.5105192,1.1195301,1.1267086,0.0008074581,0.028922884,0.047031406,1.0857276,0.6723144,1.6013632,0.36386833,0.6171914,0.19516443,2.4274108,1.9036188,0.023035789,0.2976856,0.026233133,5.644297,0.06413948,1.6743329,0.72470945,0.69595706,0.63090116,1.0930765,0.21738975,1.670637,0.17889817,1.9657054,0.42775294,0.02904033,1.8674047,3.5630202,0.49554485,0.14374128,0.032089144,0.38244635,1.7159835,0.39730227,1.0224307,0.19040866,0.22238922,0.46674883,0.09262929,0.9764338,1.1006006,0.9697198,0.94952345,0.025195519,0.14345619,2.4405653,0.06836867,0.57934946,0.67304,0.67570835,0.033333704,1.8801719,0.8396502,0.3161799,0.85082483,0.0488936,0.5311254,1.4781332,0.07487451,0.3515117,0.005190605,0.008417488,1.9117357,0.22391689,0.014982877,0.67731583,1.7389078,2.2474003,1.4247497,0.00089604536,2.736093,1.5483569,0.89204454,0.00025110383,0.0,1.9024222,0.43766817,0.0017479691,0.33505324,2.6280456,0.02939705,0.43310177,0.26442462,0.0,0.5488491,1.0530245,0.018925983,2.0380094,0.15932131,1.0787557,0.37362498,0.3957975,0.820512,2.0178058,1.6930596,1.7503257,0.10979112,0.31149742,0.88885766,1.0678123,0.47967052,0.23648652,0.3743164,0.43114182,0.3731157,0.87496597,0.04772854,0.9311834,0.65514547,1.0365993,0.95239955,0.569062,1.2338836,0.9449254,0.3242368,1.7490321,0.53382987,0.40983033,0.0118710315,1.499181,0.13313676,0.1902328,0.2672423,0.227051,0.34852752,0.016048029,0.3846662,1.4190526,0.00053490954,2.51958,0.96862215,0.13658385,0.13775459,0.9751808,1.4430995,1.1002351,0.25330228,0.27229705,1.7107577,0.7342812,0.3986997,1.4119213,0.60133904,1.0894033,1.5101349,0.10915595,0.49082252,0.07633383,0.08896978,0.7691249,1.1534631,0.115463965,0.30864513,0.091951214,0.6817762,0.97638106,0.72038126,0.38300145,1.1218616,3.1298025,0.6994635,0.7252229,0.0,0.8134465,0.9797201,0.470213,0.19827016,0.4358745,0.5624916,3.0759983,0.02151827,1.3999203,0.0619186,0.87876767,0.073246464,0.6004484,0.10442554,0.8939402,1.2550321,1.5093801,1.5872108,0.00019405686,1.2061703,1.6918621,0.32512364,0.38798618,0.7783908,0.7593657,0.19009657,0.104312874,1.9020189,0.91412437,0.62704426,0.3151933,0.7548633,0.16697198,0.005941775,1.589346,0.16794403,0.47807354,1.418366,0.34113958,0.0076741157,0.16247931,0.7933993,0.38749266,1.0242,0.3962501,0.3634628,1.2580495,4.022189,0.4835916,0.45633438,0.6153568,0.9046746,0.9407888,1.3100713,0.024488106,0.4550005,0.15156946,0.1657474,all_pothole_images\pothole_images_new_image_821.jpg
0.9012553,0.7233355,0.3951833,2.989723,2.25289,0.09285162,0.55040854,0.22131322,0.21605581,0.7345454,1.2537622,1.0026063,1.1403971,2.284611,0.007050783,0.3545111,0.07088318,2.9823837,1.9021138,0.24232116,1.1035758,0.3433935,0.79590887,1.4785446,0.90498585,0.043847464,0.17102315,0.94154435,0.10307948,0.4087985,0.09701326,0.0,1.2891042,0.31287956,0.406999,3.7470703,0.27267608,0.06611093,0.27898827,0.2544896,0.0054492173,0.95922786,0.031405143,1.5055645,0.1455991,0.7879936,0.6428497,0.044493422,0.9690151,1.1809605,0.9456561,0.43833572,0.01703234,0.14011712,0.7473835,2.2834666,2.1663284,0.64018655,1.0684539,0.20398359,2.0177736,1.2960409,0.5298488,0.23529597,1.5196807,1.1431977,0.09958229,0.78526103,0.5211476,0.85642457,0.9506831,0.09263396,0.15958789,0.2971865,0.26126102,0.30095673,1.0193824,0.54224193,0.85359657,0.44863027,0.042632632,0.19737925,0.22169368,1.7666016,0.6493516,0.2025825,0.16676088,0.011975737,1.330879,0.84440726,0.8583354,0.74111205,0.14295447,1.101554,0.0386871,0.07812414,0.72950745,1.0619477,0.3833721,0.782058,0.69567037,4.9738855,0.40943947,0.14257774,3.1049337,0.61788535,0.31558058,0.14899816,0.6608702,1.0058824,0.6469404,0.24456313,0.16833283,0.61043775,0.9176438,0.59540856,1.1487286,0.7211688,3.665249,0.62105095,0.24556156,0.21559119,0.17979184,1.0475588,0.75573933,0.5567068,0.08173664,1.0125259,1.1544024,0.8425616,1.7107372,0.27968487,1.57732,0.5762868,0.5600713,1.5339835,0.9612704,0.80869603,1.1999207,0.29716262,0.8649586,1.5500633,0.41337013,0.18064362,0.59828067,0.52382916,1.5416881,1.4852753,1.1462553,1.0174103,0.15466087,0.7266543,0.7897214,0.11430074,0.7564113,0.4796813,1.3910533,0.8152752,0.65194446,0.3146327,1.794745,1.2760645,0.026219815,2.8630672,3.4043205,0.22693673,0.85467964,0.4607221,1.8691721,1.5783006,2.3015082,0.75282997,0.08308792,3.461231,1.0909802,0.11863487,0.4562925,0.0,0.123310246,0.16633026,0.29889974,1.6236874,1.1361989,1.0418743,2.374647,0.10278107,2.1795423,1.5390016,0.037772134,0.46932173,0.57311606,2.709541,0.60742605,1.2253804,1.0581856,0.7236626,2.0774188,0.89968264,1.0065328,0.07713796,0.45213357,0.8540334,0.09046977,0.25545046,1.2418382,0.49314365,0.8653535,0.4260814,1.9030066,0.95159554,0.27607358,0.6087457,0.8666075,0.81073594,2.8697503,0.61021334,0.6306551,0.63807356,0.696575,0.16058393,0.3912922,0.05983935,0.5002084,0.03019931,0.0,0.13090804,0.35421985,0.60623074,2.8427553,0.28136012,0.38677782,0.6626162,1.7846413,0.46429893,0.10165501,0.094394185,0.9927654,0.19584844,1.1765472,1.6920184,0.048594587,0.19560346,0.47996333,0.56902444,0.85634863,0.5628003,0.084402815,0.6044463,1.5710953,3.910901,0.9254934,0.035409715,0.27066532,0.33933097,0.17572044,1.1245259,0.4031928,1.2800778,0.36769804,1.989988,0.5434828,0.57068634,0.24634859,1.7081199,0.46392328,0.2417452,0.97484493,0.64175355,2.164187,0.52590317,0.09857106,0.002889267,1.4525782,0.8167416,0.6516061,0.04550548,0.38887444,0.35265037,2.2618022,1.174265,0.82323515,0.43873945,0.33777407,0.19032933,0.24563043,1.5108558,0.3925975,0.9183114,1.9117378,1.2785804,0.2852633,0.47427663,0.17022102,1.5110531,1.8315065,0.30281815,0.60201824,0.33698946,0.76012725,0.5834858,1.3623189,0.6701235,0.49120206,0.19599256,3.4766197,0.06538035,0.3423131,0.031587306,0.94351053,0.91800314,0.9366684,0.54396844,2.4123118,1.2743341,1.2954023,0.43076783,0.18287681,0.46084365,4.543513,0.18542671,0.98480105,0.65005314,1.4431633,0.21104684,0.0,0.7216494,0.028050892,0.1696785,0.10923918,0.1221318,1.0238225,0.35436675,0.91682136,0.9077156,0.2264906,0.12098141,1.3209568,0.52593124,1.0154451,0.28319046,0.50770426,1.0438294,1.3540636,1.0267638,0.31354704,0.09927228,0.092004724,0.104879,0.840975,1.367008,1.1575726,0.2918363,0.040568337,0.76523477,0.68284124,0.34632257,0.5815519,1.6121447,1.1598752,0.28861016,0.8498154,1.6593887,0.8253504,0.8554391,0.005600622,0.07875528,0.47989577,0.370818,0.28215408,1.7659725,0.7577421,0.19902681,1.4635348,0.6331057,0.6778714,1.3810467,0.05490586,0.013574895,0.56105596,0.18849222,1.330264,0.0073421886,0.22027978,0.4156249,0.90517795,0.062387567,2.281191,1.3307165,0.35393792,0.674067,1.2063352,0.064937405,0.056804497,0.25607732,0.0,0.029961873,0.54960936,0.29086268,0.31889644,0.15274133,0.05211161,1.3707026,0.25932357,0.038685128,1.6599724,0.0,0.26252916,0.33941263,0.23632336,0.07235949,0.45136052,0.29013503,0.12033442,0.562134,1.0266701,0.997903,1.0453272,1.395606,0.73828495,0.096083805,1.0964187,2.3946216,0.500052,2.7022493,2.7970605,1.6394725,0.64213073,0.54920626,1.3521504,2.711194,0.65314466,0.28817844,0.049528755,0.042108983,0.7527363,1.4769354,0.16604018,0.19734453,0.87651354,0.98533875,1.0676739,3.2883224,1.3224425,0.0004197055,0.021495804,0.28301206,0.655053,0.42283002,0.15373108,0.91019833,1.544154,0.014259613,0.19650893,0.9898278,0.633475,0.48006305,0.6784735,0.44603372,1.158869,1.5377041,1.9003296,0.5476696,0.60378593,0.2044313,0.77050346,0.105809286,0.50481236,0.25238857,0.6557697,0.6796764,0.91761523,2.1503942,0.08415785,1.2810099,0.35805523,0.0968149,2.9260015,1.1014841,0.14653385,0.027907882,0.14065091,0.9664775,1.1792191,0.63555473,0.16621958,0.42107993,0.9422374,0.03629276,1.9377116,0.5611572,0.1686978,0.5357358,0.010795846,0.3277985,0.2183325,0.14100018,0.09403323,0.0035405916,0.03589794,0.43378252,2.5862606,3.4559917,0.45752615,0.07722765,0.1546995,1.3569213,0.5104678,0.26880556,0.6556077,0.08240431,0.32053608,0.64613074,all_pothole_images\pothole_images_new_image_822.jpg
0.7074082,1.8145428,0.3106683,2.5899346,0.9255966,0.4574672,0.66856694,0.1533289,0.42541772,0.36621577,0.5422043,0.0986931,0.15373671,2.5250819,0.69785345,0.7708385,0.3218539,0.6771594,1.3417147,2.1673603,0.66635716,1.3385178,1.0255213,1.0207839,1.5075966,0.1575909,0.48766753,2.247759,0.41124538,0.58090615,0.51391673,0.4319915,1.1278107,2.1307871,0.15981433,0.190507,0.3287991,0.40672904,0.26050812,1.4762825,0.15599751,0.17595173,0.6230462,0.16027285,0.27883786,1.4946834,0.30766052,0.03346545,0.44656315,0.59313315,0.20365106,0.1569038,0.65591586,0.48856965,0.21544208,0.2504561,1.7382896,0.019175677,1.2089528,0.55025685,0.18988165,0.48161882,0.37439767,0.89068276,1.1166663,0.6715348,0.5596733,0.6100027,0.3604463,0.9690866,0.8341172,0.27609226,0.7453411,0.15502346,0.61877716,0.6324133,0.4122308,0.52679396,0.71225566,0.22927876,0.0933766,0.845378,0.37872097,0.21378882,1.1362243,0.5171,0.37944734,0.024562286,3.073753,0.41459858,0.3700616,0.8598614,1.0003312,0.8389416,1.0835899,0.01862186,2.1443052,0.7458586,0.8610435,2.2444134,0.02093737,3.0390904,0.5291354,0.4074117,1.5288173,0.30070212,0.99257207,1.2321328,0.026007049,1.2612327,0.8424376,1.9537,0.39958742,0.12402658,0.2133015,0.889934,0.7880084,0.10124815,0.5604962,0.6500157,1.3220273,0.05726953,0.27695772,1.383733,0.6895694,0.21171354,1.8724891,0.77038455,0.16854472,0.35395736,0.6013637,0.04817109,0.7277805,1.3368278,0.19800237,2.951184,0.22141352,1.3146393,0.1588035,0.98852164,0.55254334,0.63023967,0.55353373,0.49740604,0.88947374,0.28055456,0.5894188,1.164199,0.4634938,0.66320026,0.23286383,0.15545812,0.66690874,1.2864807,0.35431468,0.35729778,0.41628486,0.044281155,0.43554586,1.6868681,1.3554343,2.3827205,0.027738264,1.0325376,0.5427216,0.3822884,1.5333666,0.06147453,1.263722,0.77518755,0.7974872,0.57799846,0.18074028,0.0,0.7732913,0.049367037,1.0688547,0.039993938,0.3475834,0.1840106,0.7751575,0.8746687,0.44967544,2.0782628,1.7885172,0.9837097,0.05708115,0.37123775,0.5820363,0.7888423,0.7075642,0.6248593,0.23217453,1.962957,0.21727762,0.22977409,0.73715615,1.2265972,0.19550765,0.8299843,0.89896935,1.6055984,0.8904799,0.6036799,0.1386453,1.0458009,0.8832568,0.2540866,0.040134136,1.290775,0.25537458,0.8007244,1.8871243,0.79562616,1.1443671,0.5254766,2.4987772,0.13029371,1.3074442,1.2485065,0.6475404,0.30067602,0.45338228,0.7531777,0.028649475,0.45325157,2.0682554,1.5763774,1.5021499,0.3664767,0.8987732,0.7746015,1.5019273,0.28166723,0.38247064,0.20643853,1.3918355,0.20989609,0.76356083,0.4065673,1.6650138,0.035794303,0.39667043,0.46452275,0.09453206,0.036486384,0.6816933,1.1432803,1.44395,1.4450003,1.9480032,0.051849596,0.047891933,0.77023274,0.21475834,0.32269758,0.81412953,0.13120829,0.2817885,3.3178217,0.5329194,0.2676656,1.0981972,0.28219104,0.66707563,2.2735054,0.7959735,0.9544746,1.1901894,0.5069293,0.6030221,0.01837431,0.74725145,2.1718755,0.749154,0.6960455,4.098006,1.2917142,0.0063419044,2.3260844,0.013196777,0.68225044,0.46995577,0.7523618,0.895469,0.7119827,0.14927094,0.56556803,0.09554633,0.17557876,0.78431267,0.34472215,0.4674347,1.3283997,0.26169628,0.30448437,0.5340628,0.45501962,0.19927393,0.6761976,0.116525955,0.32201886,0.46424985,0.460451,0.3725446,0.20274016,0.04574851,0.9308486,1.4913622,0.9154842,1.5048865,1.4138271,1.7893902,1.7305855,0.10824166,0.9281588,0.22120331,0.50817907,0.9444385,0.19206378,1.4645398,0.34440035,0.05135483,0.51446784,1.9822325,1.1268989,0.22435893,0.020818958,0.20057347,1.4090385,1.3231356,0.14207071,0.6775048,0.71009636,0.73812085,0.025790691,1.6817613,2.0146995,0.19539058,0.5056405,0.39792776,0.80429125,1.0167514,0.74330187,0.88772744,0.029693484,0.5557984,0.6036392,0.50541264,1.6524756,0.22904734,1.5009843,1.1332476,0.78701794,0.28243852,1.3333547,0.12511909,0.27528894,1.4444388,1.1240894,1.154938,0.09730611,0.7907942,0.6406376,0.060547102,0.23439874,0.53656876,0.187417,0.018464854,0.8672637,2.8504124,0.36922333,0.59839094,0.8727397,0.79693687,1.0463511,0.3757904,0.98679215,0.3752692,0.5877025,1.5019714,0.27207416,0.3383373,0.51820815,2.2857535,1.5706005,0.7728972,0.4529099,0.48046827,4.2391863,0.5212029,1.0567124,0.083259836,0.21109402,0.106739536,0.069004364,1.3219442,0.23778887,1.747953,0.10236302,0.6818893,1.9731562,0.41571775,1.5089077,0.18501866,0.09366549,0.43097883,0.1708319,0.078445196,0.00052934955,0.08659189,1.0537618,0.48218364,1.154162,0.059422337,1.617507,3.6891928,0.9587871,2.930664,0.6888166,1.22653,0.071006395,2.265166,0.8781577,2.0708456,0.057999976,3.8547816,0.1279358,0.91489923,1.0131533,0.6529106,1.4974988,0.95484644,0.9027261,0.6800769,3.762694,1.2557596,0.10734129,0.6418657,0.30551407,1.0332891,1.199872,0.3864917,0.44227478,0.0,0.012099978,1.0163422,0.8797049,3.0115767,0.9220183,1.1736528,0.3188032,0.10516972,0.85765326,1.1092758,1.1345081,0.4521229,1.0277671,0.26257768,1.2021112,1.1964985,1.3864647,0.22062418,0.5190147,0.38234022,0.9023147,1.3852984,0.11977809,1.9432172,1.4802269,1.9854742,0.09202808,0.4059693,0.12363914,0.56099576,1.11883,0.06765252,0.7706912,1.2592765,1.3699973,2.769923,2.0004153,0.9073611,0.7530988,0.0052326308,0.24132992,1.5716835,0.60651296,1.8709452,0.38783932,0.2879963,1.6703564,0.60419804,0.0,0.46102566,0.21485029,0.4326813,0.392459,0.3452322,0.48030603,0.23917434,2.179694,1.108948,0.6888296,1.936025,0.39879373,0.67009085,0.50812703,0.30651695,1.2566615,1.2232043,1.680971,all_pothole_images\pothole_images_new_image_823.jpg
2.235916,0.12995254,0.9505064,0.78457034,2.125934,0.29003823,1.3440727,0.61869586,0.47480416,2.652211,1.022544,0.7227459,0.45536792,0.6839844,0.87066674,0.349967,1.135366,1.3119228,1.0568846,0.31754485,0.5347554,0.38950387,2.571317,3.5291412,0.5829334,1.6730145,0.2132066,0.05434909,0.78893054,0.11853444,2.130248,1.0695076,0.8889213,2.4849632,1.3557405,2.0859942,1.3731207,1.0341824,1.1892661,0.69281626,0.21456508,0.28586423,1.0142534,1.5043136,1.1452421,1.5118245,1.4783111,0.5040891,1.8653514,0.83639026,1.9824383,2.0640008,2.7228785,0.16709958,0.94207346,0.2908174,0.8534737,0.57275194,0.8059045,0.29673567,0.55163383,0.4861941,0.73354447,0.07623663,1.1334889,0.8084673,0.4754957,0.41150767,3.032931,0.031689294,2.746864,0.52951014,0.056455765,1.3716792,0.27535388,0.36118227,2.1837645,1.5891713,0.07652785,0.5665209,0.44884086,1.3506347,0.7440695,1.0764985,0.9705439,1.3406188,1.4553126,0.6216994,0.5721426,0.74908257,0.80653435,1.2430391,0.36505437,0.23464942,0.14024875,2.2924216,1.7139354,1.1715907,0.4039803,0.8552282,0.1555028,1.2981715,1.6866386,2.0101585,0.726269,1.1498594,0.65572685,3.002067,0.21777731,1.8988246,0.24039888,1.125918,1.0753545,2.3779988,1.230688,0.5345402,0.747347,0.076629855,1.4289328,1.8792485,2.317237,0.5208018,0.7782555,1.2356877,0.31041855,0.38069037,0.7300604,1.769123,1.0723393,0.66828686,1.8565854,0.054638162,0.079685576,1.5923951,0.32463822,1.9750733,0.58088046,1.4042187,0.53291905,0.39523572,0.9706065,0.36494878,0.9568586,3.228069,0.5392723,1.2696642,0.4085197,0.570106,0.97031987,0.9350141,1.788559,1.3162812,0.86865246,2.1355813,1.6723745,3.4645905,3.0692108,1.1918414,1.305365,0.6640913,0.5227915,0.63388115,0.1367087,4.743262,1.2897007,0.110877305,0.5285894,0.5351196,0.19060129,0.6769258,3.026982,1.8206266,0.068916745,0.0036822183,2.2484772,2.499164,1.8720222,1.6354963,0.64170706,0.6817945,0.3848765,0.50301296,0.67101794,3.7701173,2.6418228,0.6977105,0.18735583,1.018281,1.9634527,0.62244415,0.7986281,0.2543305,1.9215612,0.91609156,3.4292104,0.15742889,0.6881349,0.14098595,0.64617383,0.1999742,1.0416894,1.6321747,0.41944116,0.16365466,1.2732052,1.3687364,3.889898,0.2298939,1.6230924,1.2418234,0.07602441,1.4520917,0.46867803,1.1343889,1.5702804,1.7765775,1.8991547,0.074302845,1.0752158,0.18592465,1.5657634,1.596418,2.3595169,0.62171274,0.61873996,3.3428202,0.067150876,2.0953197,1.0183357,1.8193784,0.24093378,0.13081653,1.2078595,1.074516,0.23524593,0.26854262,3.6974883,0.6221401,0.80045485,1.4722983,0.8339463,0.5580376,0.28990465,0.50751823,0.51648736,0.3680082,0.8572492,2.2473612,0.85212076,1.1494721,0.24216352,0.2962188,1.3490916,2.5445995,0.68591005,0.48629814,0.91607004,0.39081997,0.39082304,2.239366,0.960533,0.96287537,0.8728297,1.4334692,0.61448944,1.01193,1.4151524,0.2726708,1.5294032,0.569923,0.42054608,0.34289545,1.8173037,0.1797434,0.39363584,1.9493968,0.6326587,1.5839179,1.458183,1.7880361,1.2776401,0.59042215,0.96916264,1.0037419,0.9328967,0.13195936,2.3015761,1.0924535,0.6955561,0.80689883,4.102678,0.6236289,0.70986056,0.5011876,0.6742864,1.5926166,1.9533458,0.32624912,0.7649476,1.0860692,2.9836864,1.2055833,1.6952822,0.7015465,0.74105275,0.55004555,1.5289614,0.6019446,0.25542402,1.0525336,1.0732728,0.65222996,1.524542,1.3981788,3.0729482,0.74831223,0.4762183,1.1963853,1.4727918,0.99592465,2.584819,1.0160009,2.5683908,1.4731735,0.5710413,0.15066777,2.323335,0.8851899,0.8762121,0.15171528,1.9995697,1.3278983,1.8524917,0.12909004,0.4186302,1.8420289,0.10032673,1.5545763,2.5431116,2.0731642,0.30530536,1.3624481,0.2225919,2.3015249,0.14380638,0.36153647,0.83943534,0.59447384,0.09166655,0.6766875,0.03545416,0.6062311,0.076746754,0.10009594,1.4286896,0.27064842,0.30328166,1.0842295,0.088394515,3.0510976,2.3139694,1.8640119,2.5174363,0.5582692,0.60315,0.32785422,0.79330254,1.5364789,1.169994,2.5258567,0.7704314,0.97717047,2.0903385,0.8221364,0.80577874,0.035697777,1.006803,0.7589873,1.6830521,0.7720536,3.0907779,0.80206627,0.1259736,1.6620191,0.35404217,0.99159986,3.0307946,4.3081255,0.28300416,0.411635,1.0353649,0.4017421,1.4658694,0.6084283,1.5993395,2.1640232,2.2639735,1.3690811,0.8277734,1.3900961,2.3324883,1.8221397,1.5685712,0.37599397,1.143323,0.11696982,2.8589115,0.96852756,1.234685,0.12963991,2.0185132,0.7044963,1.1265237,0.56878763,0.012901491,0.62951434,0.22197966,3.3297887,0.66724163,0.5945732,1.1694026,2.847294,3.4161015,1.5590574,1.6059829,2.260025,1.6751117,0.99582905,1.9511049,1.6001717,0.06631125,1.0089626,1.2767993,3.3728836,0.86023384,0.9831681,1.6782938,3.7372348,0.4582146,2.0371425,0.9164646,1.118371,0.44086248,0.844258,0.06368219,1.124135,0.6108238,0.36282623,0.61576855,0.80917865,1.2037673,0.82081693,1.7039309,0.33644852,0.41023704,0.32846615,0.038456414,0.0182084,0.8065718,1.0578358,1.6880963,0.3174638,2.5748494,1.1358477,0.07949176,1.3154279,1.1687231,0.79268265,1.4234209,0.40427488,0.294873,0.48942146,0.47521794,2.4811456,0.76244354,0.23890005,1.6514319,0.896896,1.6457603,0.48791385,0.36291853,0.3595701,0.9732249,0.37519112,1.1749852,2.1408446,0.81503195,1.3083588,0.53284425,0.48981145,2.665206,0.0058187363,0.8454962,0.47102943,0.91313374,0.5457787,0.58053076,0.78689504,1.9411689,1.4357475,2.0003705,3.4556906,0.8038265,1.5231401,1.4578975,2.333078,0.16056694,0.2576334,0.764016,1.9772527,0.42885855,1.0528569,all_pothole_images\pothole_images_new_image_824.jpg
1.5632722,0.116689414,0.088525675,0.6623395,0.8914935,0.09184793,0.10483094,0.07431688,3.3919392,0.84814084,0.7768922,0.8570242,1.3374338,2.5441327,1.4099746,0.4253534,0.428096,0.5929456,0.28492376,1.0130118,3.079602,0.0,0.0,0.22845386,1.6852317,0.9365134,0.9635059,0.846654,0.08627332,0.9942808,0.8751811,0.2455238,0.41370752,1.3985039,0.08276366,0.15075086,0.0,0.061777726,1.2837179,0.48560247,1.4801449,0.15125318,0.4736482,2.2739604,0.37495306,0.76902854,0.23273283,1.9363817,0.5727448,0.5123946,0.33336538,0.12645037,1.3339431,0.10554179,0.6502511,0.4828898,0.27175277,1.8075991,0.017231945,0.06572291,0.95306677,0.6363197,0.0045796204,0.81878036,0.39547572,0.112275355,0.0,0.0,0.5195437,0.06232512,0.70258266,0.18253246,0.60582715,0.71727127,0.17013972,0.17469326,3.468208,1.2738354,0.381693,0.27333188,1.423793,1.2773428,0.7194529,0.30861434,0.07207053,0.12119733,0.5908981,0.7303426,0.36201265,0.0028382402,1.1367226,0.062772505,0.84990054,1.7223648,0.6095128,0.40706268,3.3724573,0.16889419,1.2595613,0.9041738,0.00049534335,0.35576898,0.056033142,2.815853,1.8138399,0.68753594,1.2848094,0.7837953,0.2230546,0.26040918,0.0024970102,0.85626936,1.7567413,0.68477505,0.33074316,0.5870578,0.39758915,0.06900629,0.089292824,0.23011363,0.10565648,0.0,0.045237973,0.9446216,1.2183654,0.044572514,0.94624996,0.45325306,1.3192608,0.17020182,0.035105713,0.74208677,0.0,1.1666037,1.3030368,0.05040257,0.34827676,0.27176726,0.5742214,0.33944046,0.029301293,0.11936981,1.97257,0.0896409,1.918511,0.39459842,0.5011956,4.339979,0.85367465,0.019944564,0.22797279,0.99864864,0.054873116,1.2395436,0.7741514,0.5860127,0.15312162,0.12910922,0.5634122,0.5998268,0.33445373,4.315166,0.0019346987,0.0,0.67128605,0.8034938,0.2776828,0.76965714,0.5606133,4.718688,0.9793814,0.08705156,0.37740618,0.38712373,0.0,0.07307871,1.2714261,0.36371928,0.0,0.34539834,0.16342503,1.2250475,0.2636284,1.0772115,0.48154783,2.6354842,0.61621267,0.8089814,0.84541225,0.06812588,0.19187833,0.013111644,1.2287178,0.5086314,1.2636375,0.17793106,2.3292594,1.4223248,1.0693502,0.16844647,0.5948939,1.4605379,0.011655366,1.2837197,1.174108,0.3470032,1.8805057,0.174373,0.0,2.0162816,0.33122241,0.16195834,0.78177613,0.17276631,1.3833892,0.89872545,0.15654208,0.3588033,0.66269314,0.040857434,2.2333465,0.27493277,0.22271308,0.35901883,0.21129194,0.22906464,0.590982,0.2735003,1.3315696,0.50452745,0.73360264,0.40410516,0.1510074,4.0779314,0.07255574,1.7506647,0.6096131,0.18777974,1.404057,0.95840913,0.19097075,1.1083103,0.0,0.4225626,0.6677503,0.010166768,1.6798264,1.3025434,0.45450476,1.2626299,0.108573325,1.2031324,0.0,0.22551076,0.09351172,0.49832585,0.0021874083,1.4855057,0.19094953,1.8958315,1.0295422,1.1493955,1.4692729,0.02159481,0.24265738,1.1970507,2.1548538,0.63532215,2.510012,0.10013575,1.6114757,0.07130451,1.1841857,0.92113656,0.047566216,2.0211203,0.1038923,0.28980607,0.3737121,0.5621878,0.15407732,0.49377534,0.7776469,0.08286286,0.0,0.35854694,0.38053754,0.24541695,0.22032365,0.40606135,0.0083238995,0.6915042,0.20112555,1.2461375,0.7206254,0.017872833,0.5309339,0.0,0.20453721,3.7333517,0.8436563,0.8748647,0.021259636,0.35379168,0.5066394,0.041992776,0.012280473,0.3477369,0.85304874,0.1948376,0.29196337,0.0,0.06310771,2.6639254,0.0034781909,1.1766311,0.29069716,1.6615398,0.7728587,1.3919375,0.75818366,0.039116517,1.893596,0.11710941,0.6620543,0.1272638,0.87857765,0.061604153,0.121178456,1.221656,1.0846231,1.6639701,0.6453084,0.76256084,1.4773623,0.3408848,5.4860044,0.67976785,0.38585427,2.3980627,0.6051227,0.35058025,2.5165613,7.0511384,1.9007292,0.17311051,0.18725471,3.8070018,1.9619759,0.0029205948,0.3669243,0.43355957,1.5985994,0.7455178,0.67472434,1.7834343,0.15362222,0.69599587,0.045427438,2.3337665,0.90756285,0.0,0.0026110103,0.37430778,0.075974345,0.27205622,0.0,0.19231232,0.0,0.038110882,0.39375266,0.13809013,0.039191775,0.080339916,0.083876066,0.029739326,1.8462511,1.1394355,1.1468381,1.8622773,1.8163376,0.19495948,0.37911215,0.4129587,0.45563552,1.4060651,0.47887006,0.06750186,0.23249659,1.296744,3.665567,0.10543103,0.2373347,0.0881966,0.06593472,0.10933136,0.36374804,0.15458116,0.38808757,0.0,0.8205373,1.6122814,0.52506363,0.021463277,0.008316565,0.5716968,0.83053625,0.040511418,3.4085743,0.039346665,0.0,0.93231565,0.07968417,1.1000865,0.05125984,0.58984625,5.1138425,0.19028294,1.795685,1.2846882,0.61712974,0.54928905,1.1398125,0.26493037,3.0500362,0.0,3.2162387,0.19470389,1.5536377,0.054512348,0.2120757,0.35981515,0.33523193,0.0,0.5668033,1.6201025,2.3468611,2.2567804,1.9631907,0.08681011,1.473847,0.4566634,0.56090903,0.27695933,0.026854772,0.0639364,0.1858731,0.1971496,0.12640424,1.4732113,2.9304733,0.57326114,0.3396941,0.09180484,0.17975885,1.7048773,0.18259177,0.010477401,0.79956746,2.6673512,1.240515,0.049183067,1.6398358,0.0031775315,1.8317333,0.47090366,0.7742679,0.0,0.62732774,1.228164,0.09666012,0.07766876,0.10074393,0.0001744047,0.5644169,1.5340663,2.3119593,0.43368173,1.7862439,2.076296,3.309242,1.0400473,0.9368588,0.15216017,0.06593741,0.0,0.54045767,2.4936883,0.53966683,0.0,1.0859252,2.440632,0.25991058,0.0,0.03671293,0.008155235,0.40634614,0.36330608,0.075118445,0.0,0.6315379,1.0482138,0.15564848,1.5727199,0.6304742,3.2867086,7.6626506,0.18866704,0.043478947,1.2455281,2.2495584,0.63138086,all_pothole_images\pothole_images_new_image_825.jpg
0.020155855,1.1244408,0.11905277,1.7922404,0.5848116,0.0011203197,0.39362872,0.025035715,0.17863105,0.12877308,0.5081045,0.5214453,0.063959956,2.1780894,0.0,0.24780892,0.15756495,0.7166436,1.3155118,0.059466507,0.23924297,2.2168646,0.017176744,0.8484477,0.38381794,0.23373449,0.23338448,1.2246741,0.049266472,0.21905226,0.56128514,0.04339908,0.09938768,0.0,0.21733712,0.75396436,0.14622416,0.499135,0.20385554,0.5231188,0.012543516,0.0220167,0.22560824,0.90594083,0.9206622,0.020755148,0.12841697,0.06022142,0.2867778,0.3730085,0.47370186,0.05074362,0.135649,0.024067393,0.1953052,0.87614685,1.4056053,0.6177878,0.42224032,0.043842003,0.26564485,0.067249075,0.9109436,0.009471478,0.3541663,2.160347,0.68037486,0.026213069,0.5799062,0.71521914,0.08975998,0.22962023,0.15379721,0.0,0.19639304,0.2602662,0.0733985,0.3335217,0.011569651,0.27379665,0.020201938,0.015349118,0.14965524,2.243278,0.04458077,0.13937914,0.17115122,0.04050591,2.0006845,0.38904303,0.1567674,0.3871028,0.07218945,0.13274331,0.0,0.025248142,0.48067924,0.75946,0.29004395,0.06910287,0.36011976,2.4681156,0.70655626,0.022365404,0.1858327,0.7057323,0.1945399,0.034091335,0.0162934,0.19248985,0.020193962,1.3266387,0.007055522,0.03755311,0.2667001,0.1317151,1.8108187,0.2727659,1.7556956,0.3215228,1.3272214,0.20181869,0.27356353,0.025032427,0.16756563,1.1093242,0.13435052,0.06097656,0.6384829,0.3245122,0.34470418,0.03150664,0.21371228,0.13009281,0.042768635,0.42735633,0.11068741,0.06157241,0.6310538,0.009566324,0.41339406,0.49883226,0.0058304095,0.6887962,0.2861845,0.7562541,0.13156022,0.01863301,0.4027466,0.36456153,0.10538526,0.19390605,0.0043785837,0.06195071,0.92779934,0.016542867,0.17809118,0.047952846,0.017631983,0.08074107,1.376771,0.81193805,0.080031075,3.858467,0.655213,0.0,0.60125905,0.2946792,0.0661207,1.4157087,0.0,0.0,0.08329236,0.022218285,0.046424758,0.073249035,0.07699242,0.0,0.063877165,0.030920764,0.011598533,2.8711314,1.1275909,0.08687731,2.1177144,0.34564063,0.2985409,0.087979645,0.2209942,0.3975074,0.37912783,0.07344196,0.03325309,1.1639968,0.25955525,0.0019894333,0.46688125,0.1802118,0.054112863,0.47039196,0.3517046,0.73110527,0.6136298,0.25757292,2.2201247,0.49340472,0.05668499,0.34848282,0.27685237,0.21468179,0.029743617,0.07442525,0.8121385,0.4698498,0.681087,0.8531774,0.51555073,0.078380786,0.5429281,0.26342142,0.26068956,0.9537229,0.25549135,0.21019548,0.2530464,0.21974407,0.52407616,0.10595211,0.7942875,0.28235424,0.051671255,0.12352261,0.43548998,0.01947749,0.04936053,0.14543507,0.7319202,0.016284036,0.011791268,0.03834951,0.06309762,0.040206205,0.21321338,0.093667395,0.03313839,0.0,0.5262181,0.1644056,0.10264712,4.2247834,2.4782043,0.004157517,0.45555308,0.1008492,0.0061228876,0.21970451,0.59129786,0.30702716,0.78562176,0.87921065,0.3661164,0.07594508,0.047917366,0.5955344,0.15713139,0.22058277,0.5914615,0.18020296,1.0268545,0.31917897,0.05376873,0.015461362,0.079272404,0.10313638,0.57160336,0.7156838,0.31041148,0.5741628,0.2771485,0.4063962,0.95186394,0.085768804,0.17569475,0.15935916,0.5644137,0.5811295,0.22052044,0.43758026,1.5244632,0.25691742,0.008973974,0.0021601955,0.075217985,0.489885,0.5934785,0.07565364,0.31134152,1.1538292,0.3774506,1.107088,0.5823962,0.3990703,0.12046205,0.5573209,4.486735,0.0,0.12005364,0.7438146,0.18182102,0.5151272,0.6427457,0.3404096,3.172235,0.41597155,0.016944218,0.8116821,0.07954177,0.3452404,3.1956952,0.20654264,0.0,0.0,0.0584769,0.3892061,0.6137415,0.45663053,0.5558864,0.051465917,0.46852753,0.24652497,2.8242993,0.07395326,0.462813,0.00096177385,0.17007746,0.15503323,0.69527364,0.47673243,0.11264904,0.30412513,0.06268761,0.631703,0.5342315,0.3505481,0.18838808,0.26870522,0.0,0.12347408,0.56883746,0.6654112,0.14345737,0.022213494,0.013712471,0.58662957,0.00027204497,0.0571055,0.2043759,1.3175567,0.1821282,0.5099636,0.0,0.30764705,0.36955357,0.0,0.10749392,0.016346425,2.3842118,0.6265572,0.02271821,0.13013478,1.8907995,0.015261183,0.22547741,0.33588934,0.17092046,0.25640342,0.0,0.0,0.116181664,0.30371386,0.35822594,0.057637423,0.07832878,0.88998294,3.5782247,0.25001156,0.47895256,0.0,0.008944178,1.7103907,1.2825012,0.2901341,0.0027877453,0.1776118,0.08057855,0.0,0.5051566,0.04050771,0.21791492,0.08699468,4.422026,0.3723978,0.11838689,0.88564306,0.19026425,0.006621928,0.34100568,0.75794727,0.0137346145,0.009187134,0.0,0.21770747,0.56337315,0.22505985,0.13659249,0.018212287,0.2887605,0.007656049,0.078593366,0.014947069,1.2602363,0.34159553,0.15419218,1.6893183,1.0856243,0.41109067,0.127365,0.7921359,0.030814817,0.38037977,0.35125303,0.040568765,0.10052342,0.23579368,0.68462306,2.651151,0.10917404,0.4767113,0.19828075,0.3114839,0.13466033,0.116904706,0.018977696,0.34467384,0.7130043,0.079747945,0.53699374,0.502927,0.02316158,0.76865005,1.197682,0.2257929,0.7244255,0.088892914,0.49436343,0.7889407,0.11826907,0.29768276,0.6787763,0.5560178,0.77943605,0.1794454,0.5027324,0.025197398,0.62270707,0.2506424,0.2664055,0.12010576,0.45855778,0.4343725,0.55410993,1.421842,0.16180928,0.17516126,0.09351969,0.05708219,0.015948366,0.5903432,0.22566701,0.00025412627,0.2613069,2.216316,0.2731582,0.14477585,0.025328957,0.08388723,0.57390285,0.0060724653,0.9790319,0.13065007,0.85352606,1.582562,0.045970462,0.03468384,0.0024942472,0.24763253,0.07212674,0.16368434,0.009448932,0.08346829,0.32902208,2.4435937,0.26199442,0.09666174,0.020829782,0.5634581,0.08908524,0.15386786,0.753708,0.09100813,0.0312211,0.26607394,all_pothole_images\pothole_images_new_image_826.jpg
0.3446049,2.15677,0.26837045,0.7600841,0.8856331,0.42593172,0.67200875,0.24008894,0.24046987,1.1334314,0.39680395,0.5751511,0.026519898,0.42395496,0.037822794,2.0465488,0.5198165,0.0664971,0.5252236,0.50210136,0.022029322,0.7070771,1.3906692,1.3098396,0.9744834,0.335909,0.2194554,2.3549619,0.100085944,0.24305119,0.95160025,0.130278,0.13801408,1.0845377,0.7854826,0.08825697,0.88705367,0.1183989,0.7153954,0.2004332,0.44526738,0.5927896,0.25449535,0.56375784,2.4002416,0.43113774,0.097895585,0.23135923,0.64790624,0.28255868,0.42060477,0.384766,0.26006225,1.4027338,0.038169734,0.5062223,0.37778884,0.36794126,0.16914126,1.3225573,0.11732751,1.2275634,1.2892549,0.66291416,0.8252841,0.1661777,0.7528235,0.71674436,2.104395,0.8211012,0.80670273,0.64979583,1.1746397,0.950562,0.86331636,0.59285724,0.46678206,1.4368477,0.07230678,1.2419677,0.032707937,1.0180134,1.1945355,2.84151,0.88033754,0.30472878,0.4129427,0.8815502,4.2265153,1.582214,0.66332585,2.3084772,1.4321494,0.6180285,0.0130437,0.6889072,0.30817932,2.074646,1.2437462,0.35185164,0.03889767,0.56326085,0.19888608,0.46565044,0.55555236,0.17227903,1.6291119,0.7409697,0.26675653,1.1990999,0.5045136,0.56771475,0.18008098,0.62798184,0.23358306,0.21783024,1.2662969,1.4291209,0.18319646,0.78825384,0.93454057,0.11565617,0.28199646,0.25305918,1.8428347,2.39956,0.7994634,0.26877424,0.300683,0.7571721,0.4596576,1.1968954,0.9722433,0.4705742,0.2559223,0.18395093,0.19287513,0.45787576,1.1435661,0.09167728,0.42675555,1.2853851,0.19665338,0.5426373,0.5954148,0.30089143,0.60874546,0.10401211,0.893944,1.3293926,0.18136914,0.6570155,0.7328929,0.22362387,0.54905826,0.7908794,0.56684685,0.00521579,0.077096716,0.70799124,0.47760966,0.8482323,1.1514913,4.7355022,1.1761535,0.30940273,3.0271072,0.28065717,0.2387129,0.43813133,0.12829289,1.069778,0.31354493,0.14064051,1.300872,0.09223268,1.0233057,0.16146003,0.02186196,0.4959422,0.528005,0.082421616,0.87398255,0.72047174,2.5819142,0.69406694,1.4068865,0.9495569,0.1587737,0.1136359,0.29876727,3.1102877,0.69860613,1.5296727,0.19523858,0.13158989,0.2193415,1.1891599,0.7208361,0.25691897,0.593088,0.63027686,0.10134663,0.07939104,1.0257452,1.2482547,0.21035832,0.36499676,1.186997,0.07139099,1.3138094,1.5072818,1.4857103,0.021983838,0.18006232,0.52581465,0.9516052,0.08625858,0.392431,0.3129266,1.1174922,0.21188447,0.4686782,0.1541789,0.4967751,0.8587535,0.51314807,0.21365784,2.2106903,0.21651822,0.118525155,0.23845914,0.5898838,0.023256417,0.45148787,1.021835,0.2818431,0.33857745,0.048056003,0.497774,0.5194061,0.16514574,0.16992188,0.43819097,0.27249494,0.034403075,0.14460646,0.29182574,0.61066216,1.3168617,0.077056065,0.0,0.3377332,0.30219802,0.7415426,0.003934607,0.5271499,0.36765885,0.90888494,0.07804806,0.8102032,0.3893388,0.65874815,0.05230038,0.32868466,0.031653207,0.27905118,1.2633169,0.8445863,0.088687055,1.1318,0.0,0.6403635,1.0898246,0.0,2.4414172,0.28210104,0.91140807,0.09652562,0.38420448,0.30845737,1.5364583,0.32515728,1.746833,0.6102764,0.15758266,0.25509378,0.34375992,0.336275,0.98259926,0.1779196,0.5780582,0.12487809,1.9049115,1.4627825,0.28321132,1.3848075,0.7687007,0.22139089,0.31795934,0.47564664,0.5882717,0.10256917,0.79958016,3.308737,1.5661179,0.035111163,0.28853127,1.7002066,1.096225,0.0,1.0367706,8.019683,0.70062727,0.42700797,0.5542919,0.19908313,0.19247112,0.5691894,0.9071899,1.278561,1.3233577,0.38748074,0.7447912,0.24332288,0.42404327,0.45151976,0.684949,1.3710576,1.4903466,5.7754107,0.12507623,0.11305502,0.20396318,0.50723416,0.25583118,0.006427106,0.11770976,1.0402656,0.62321675,0.76429075,0.17974564,0.3154994,0.26710942,0.0,0.022758313,1.4731078,0.5853543,0.3523499,0.1404999,0.0,1.3879063,0.19482055,0.25820422,0.92437166,0.019088728,1.3934168,0.6436849,0.08128959,0.48660153,0.1647229,1.0976791,0.9034327,0.5489129,0.59668964,0.737359,0.49555436,1.2065872,0.77628493,1.07623,0.56481576,0.9636478,0.80519545,2.221182,0.14946005,2.6844094,1.3012702,1.4887056,0.0020813162,1.0423487,0.37470034,0.40710703,1.2848485,0.6819477,1.9507356,0.06611785,3.037544,0.4797764,0.3122402,2.9048579,1.4550438,0.20964473,0.17911743,0.15979324,0.3013423,0.5943932,0.068037294,0.38739145,0.34329584,0.19451399,4.1274714,0.95375574,0.06286152,0.81863415,0.39235523,0.30271545,0.67999655,1.4288139,0.34153202,1.5817527,0.2582346,0.18284914,0.6326752,0.93170726,0.08767845,0.13312145,0.23707864,0.7441912,0.02863361,0.34813285,0.3902345,0.7395104,2.520576,0.28400064,0.17047723,1.4199089,0.6907314,0.680479,0.5987549,0.81843644,4.522149,0.36882976,0.66330284,0.8328675,1.0946989,2.1736748,2.0909183,0.30435655,0.12319814,0.3445594,0.72293675,0.5335716,0.4115103,0.34662473,0.0,0.54247606,2.7203422,0.63730365,0.4533454,1.8075925,1.6369889,0.69737595,1.3657277,0.47760728,1.5734512,1.3475378,0.6144961,0.9423448,0.34853876,0.20025732,0.0,0.28559542,1.0041089,1.0412946,1.2796779,0.37640545,0.47882265,0.13538375,0.7776442,0.32355982,2.0213575,0.3310005,2.1917663,0.11016513,0.658291,0.23568213,1.1539378,0.18574136,0.07541774,0.9017863,0.10968239,3.19616,0.6741023,0.28273708,0.3543329,0.40887636,0.022859564,0.3382253,0.109562255,0.16532256,1.5297798,0.61157984,0.64506173,0.10237752,0.3128733,0.92986304,0.22086056,0.045512293,0.26966763,0.28848928,0.28216532,1.341347,0.026040334,0.87554574,1.5457232,0.37202966,0.46720034,2.7689497,1.237391,0.44772738,1.1549535,0.7684609,all_pothole_images\pothole_images_new_image_827.jpg
1.590796,1.073613,0.67988026,1.7949952,0.40088737,1.8510895,0.6349291,0.19552854,1.2900383,0.81278944,0.42975095,0.6283608,0.2334031,0.13189256,1.2746361,1.8340633,0.081578106,0.48021588,1.016175,0.443979,0.42382604,1.7043587,1.0314403,0.3722681,0.4226817,0.79349566,0.07708974,1.5727468,0.14458312,0.16826357,0.46639627,0.38451642,0.82051927,0.8285752,0.25753814,0.71326554,0.03276384,0.13322587,1.3567795,0.7228855,2.127792,0.9267708,0.27670327,0.5789384,1.0035535,0.06725571,0.037641652,0.24667385,1.7103521,1.2745051,0.0011213545,0.11148307,1.7712989,0.22888225,0.05306419,0.9426665,1.442322,0.029283019,0.3303528,2.4259477,0.055186357,0.012910526,0.937361,0.61472,0.03352342,1.9482256,1.1366608,0.7812083,0.5034056,0.68096644,0.0025261894,0.2666796,0.2117545,0.49644345,0.52413553,1.2523212,0.5265629,0.15585913,0.08934851,0.60704195,0.010450057,0.085899115,1.8283442,0.1219281,0.043897152,0.5383079,0.18445107,0.8745194,3.3719568,0.64178425,1.0228027,0.5857938,0.047075815,0.29127458,1.1024646,0.015589438,1.4541988,0.34046438,0.46793488,1.0916071,0.13196808,2.0990756,0.6873625,0.79600024,1.2669871,0.51137,0.457001,0.68303084,0.7767421,1.1877182,0.1967314,4.3491473,0.9216064,0.25825912,0.0,0.23152779,1.6877469,1.1650474,1.0313746,1.681952,3.8533406,0.22282733,0.44158095,0.015394101,0.12813087,0.15201789,0.7588498,0.38618013,0.123683006,0.17971668,0.07003975,0.337354,0.4651782,0.49433315,0.4987426,0.3113651,0.71458745,0.5044608,0.20273878,0.15922792,1.3293586,1.1090721,0.85264874,0.26051667,0.724767,0.54308647,1.0044516,1.5963528,0.28487128,0.09821486,0.2284691,0.15755439,0.26817867,1.478236,1.4886724,1.6910238,0.17385264,0.58491296,0.44592443,1.2804028,1.2777344,1.2179089,0.12254659,0.017926056,0.005316484,1.3297077,0.46399423,0.37716526,0.3718167,0.15681814,0.14845051,0.25266552,0.38539022,0.574754,0.9544841,0.20905012,1.894691,0.0,0.122613885,1.674199,1.9500659,1.229826,2.6164124,1.5833422,2.509092,1.5988196,0.49945098,2.2825005,0.30679172,1.3241018,0.0,0.86108047,0.24836135,3.0019991,0.86152864,0.054391164,0.7990265,2.5428474,0.859273,1.3552456,0.33857945,1.7199531,3.5500152,0.38693377,0.46477813,1.0063331,0.0035930546,0.86309004,0.3997527,0.30892792,0.17613414,0.45473266,2.4134686,0.26503295,1.2470636,0.9370802,0.030423833,0.2389564,1.9136053,0.3977911,0.41655356,1.0331632,0.682747,1.8003169,0.013978374,0.65772206,7.7810955,0.35315755,0.3619713,0.18242334,0.16086219,0.76778746,0.21847318,0.51210546,1.6893061,1.1569995,1.8426214,0.114911154,0.10847442,0.06427317,0.46986276,1.5163264,0.35555005,0.16369656,0.25725365,0.3872718,0.9483967,0.44484,0.5351209,1.854356,3.647046,0.09854777,0.97387415,0.82736826,0.43778867,0.14824876,1.4982069,1.4059669,0.5977937,1.1873907,0.0057581146,0.009270828,0.59648573,2.40314,1.2921636,2.5472498,0.27178752,0.12698603,1.0649889,0.21306823,1.9235892,0.18130417,0.0,1.2624707,1.9054667,2.4753163,3.066986,0.08464001,0.036855843,1.1915039,0.005822108,1.5383211,0.0,0.68506145,0.11182801,0.79128635,0.80540276,0.012310057,0.6984041,0.9592614,0.9258164,0.5560993,1.0090543,1.3412038,0.2922334,0.63402444,0.013718101,0.62165874,0.7029015,0.2585734,0.0024183115,0.48088622,0.47307283,1.1975493,1.996183,0.901781,0.9189444,0.92681557,1.0579362,0.47291034,0.3255378,2.2628994,3.1060297,1.543175,0.20773506,1.5187755,0.34068504,0.51373863,1.516423,0.9535365,0.90479326,0.6470442,0.062402856,0.05950559,1.4695593,0.086662136,0.10252429,0.04733091,0.82980937,1.603732,2.3944125,0.88881993,0.093585625,0.13211532,0.025891338,1.2142746,0.44335765,0.080190204,0.06272219,0.5481473,0.111027196,0.957132,2.7177932,0.0,0.055725407,0.67311066,0.13935539,0.75564945,0.80185014,0.14344661,0.3892654,1.7425528,0.4479848,1.1471242,1.2968178,1.0424669,0.16479339,0.8861393,0.37113863,0.860021,0.07278632,0.017744794,1.7448367,0.5208367,0.52520233,1.9732072,0.9955083,0.38279432,0.074458905,0.015448616,5.615213,2.002459,1.3190918,0.05298195,2.0043666,0.05529692,0.085468516,0.48950705,0.1454274,0.50645727,0.13602091,0.09444383,0.3836039,2.39788,2.7681704,0.7085861,0.8017724,0.010361124,0.4709183,1.0520192,1.6849056,3.401159,0.28756616,0.21773377,0.35376623,0.5064648,0.8291299,0.6567273,1.1265554,0.08723953,4.834876,0.90181667,0.6958411,0.21271184,0.0,0.3314655,1.0291562,0.07386001,0.15838726,0.11485838,0.12229378,0.638506,1.1817625,0.58922285,0.043004822,0.44034326,1.7234447,1.3185002,1.77438,0.55345863,0.37596768,0.30217034,0.3976539,0.3618294,1.4839319,0.57039106,2.3267877,0.49806425,1.4973269,1.6071093,0.3837408,0.9968092,0.5185577,0.95517576,0.14006981,5.8555546,2.8074682,0.07729424,1.1462656,0.6359851,0.41299057,1.2777104,0.44857502,0.11814528,0.8874429,0.14201036,0.7067986,0.93524945,0.0026783128,1.0979023,0.20350331,0.9521244,0.20707944,1.4603281,0.8525414,2.3023195,1.0844431,1.9764849,0.9107511,2.3877678,1.3957952,0.785658,1.3503265,0.026147882,0.87804216,1.3573054,0.21856187,0.06569366,0.64169794,1.1442815,1.6199722,0.00961205,0.3415864,0.11361498,0.9311713,0.2120682,0.5498546,0.8195603,1.3700622,0.23873046,0.58497775,2.9456663,0.49816838,0.5658813,0.022303568,1.118391,1.257842,0.59878004,0.4360507,0.7990024,0.4167144,2.0579283,0.33419484,0.22056678,0.39644742,0.0,0.8166268,0.6046432,0.8346859,1.9467015,0.020018905,3.1550925,0.49693328,0.5236595,1.7457006,1.6455146,0.3974097,1.1281056,1.3934147,1.1745028,1.519943,1.3736665,all_pothole_images\pothole_images_new_image_828.jpg
2.3361852,2.290374,0.94918936,0.52108026,0.037202314,0.06818794,0.066843785,0.0170579,0.16553801,1.0126736,0.86855745,0.07959505,0.33514076,0.0,1.1931581,0.098650075,0.06797214,0.07227064,0.72795594,0.04964395,0.061104845,0.64773005,0.20557134,2.0373526,0.141357,0.17408203,0.37540638,1.3152933,0.5108933,0.04768135,1.091594,0.29668176,0.7973774,0.8079281,0.14233325,0.84948426,0.0,1.7956054,0.021399548,2.3521252,0.4760665,1.6763629,0.4261434,0.0,1.4474955,0.3965802,0.13620332,0.1746633,1.9451541,0.0074962806,0.025672853,1.4969301,1.6626471,0.34683812,0.88201886,0.4586174,0.37077725,0.24973647,0.27371904,0.6556718,0.43119106,0.017978203,0.57743657,0.34401065,0.13834628,0.20180383,0.10044737,0.19722661,1.0287144,0.83611965,1.3358415,0.0047529046,1.4585991,0.0,0.0,0.6064689,0.5681912,0.31670883,0.40630993,0.3953125,0.078144565,0.048180714,1.0551109,0.26447344,0.2437828,0.64594716,0.013028381,0.15393107,3.0640929,2.055883,0.0,0.14226913,0.64153576,0.0,0.66839534,1.0894673,1.8361157,3.2605655,0.17561784,0.015707733,0.11835054,0.24022986,0.021133192,1.2231305,0.6103276,0.2983429,0.005056678,0.047181167,1.6955793,0.1619955,1.135497,1.7796183,0.77839345,0.24298194,0.09134032,1.2517167,1.2186496,0.39292568,0.10890324,0.7514745,1.2665132,0.1744959,1.5254308,2.4378545,0.7208694,1.0892227,0.63929725,1.4101161,0.09817899,2.078388,0.49848485,0.03523284,0.52211,0.25355834,1.8041965,1.1090267,0.031512775,0.33803588,0.078334555,0.17732836,0.5285235,0.34475774,0.278447,0.69967777,0.80986005,0.38978964,0.16774045,2.9918182,0.349186,2.1195402,1.1736664,0.56036305,0.119178556,1.8545886,0.36999643,0.0,0.38027322,0.86637485,0.05396197,0.5257516,2.8195531,3.2949753,0.24897522,0.038155586,0.07668507,0.00091395853,0.2869259,0.0,1.2293653,1.578759,0.5659022,0.08740165,0.082328126,0.16908614,0.31255278,0.20410207,1.1216745,0.28742567,0.04791894,1.1999035,0.18912424,0.062841855,1.5729609,2.0864868,3.9651027,2.0421245,0.29204953,0.1512023,1.3562226,0.79829216,0.0050981143,0.05567637,0.9481881,0.6744418,1.5382875,0.4988414,1.0279082,0.8560196,0.06283745,4.263015,0.019720959,1.0556287,0.0045303153,0.9930166,2.514606,2.6288302,0.697992,0.069677986,1.0227145,0.42217192,0.35377064,1.8771138,1.281669,0.123924494,0.2894329,0.20474227,1.3809001,0.09232188,0.11820091,0.08631127,0.23532718,0.5852137,0.12783067,0.24236555,0.0072737634,0.056326143,0.054257486,1.9545934,0.46902937,0.28827456,0.50277233,0.29885334,0.39867052,0.08779415,0.49886444,0.60625476,0.80123967,0.0,0.8708111,0.084482305,0.19985346,0.06084371,0.5877748,0.41906217,0.003647884,0.49306175,0.0,0.3251934,0.5291417,3.28118,0.32747945,0.048219647,0.029399024,0.1751311,1.13077,0.015568988,0.7725928,0.13329694,1.6119915,1.128706,0.0041236496,1.1872904,0.92478055,0.29866377,0.06127453,2.7417321,0.05396306,0.8026319,2.804129,0.4637093,0.3239736,0.4006634,0.03959318,4.5978837,1.6462737,1.707013,0.31862268,0.6473853,0.75283265,1.9160715,0.5053955,0.047647826,0.65463567,0.84579295,1.2387103,0.41662323,0.34483978,0.54057586,0.047189955,0.045097847,0.3530655,0.25471166,0.0024559763,2.1813257,0.12858163,0.49989948,0.78255415,0.15187532,0.31810942,2.2125285,0.35219982,0.79596263,0.05819641,0.17976172,1.0493898,1.562846,0.24128878,1.0593213,0.06886325,0.013546162,0.072359,0.79786414,5.4848495,2.333341,0.019600898,0.47096118,0.16881233,0.70311034,0.29063228,0.82688266,3.0235896,0.081069574,1.0395316,0.28319716,0.19545881,1.3267585,1.4186667,0.6020618,0.51559395,0.56015766,7.0073714,0.22236446,0.019307358,0.0796109,0.077101424,0.92549294,1.3975898,0.9248371,0.8817274,0.05994599,0.58630574,0.79306465,1.2744336,1.0474225,0.15099597,0.0,0.008628135,0.6299156,0.39888653,0.26804605,0.14194402,3.2586792,0.0,0.75384784,0.71311426,0.41511694,0.30338284,0.36540347,0.25592896,0.4936404,0.04009142,0.14878224,2.9371128,0.38068053,0.020548064,0.73602045,0.12318815,0.9105022,0.006094888,0.602779,0.49298236,0.9150658,0.045934316,1.1598612,0.7590187,1.0442654,0.9279519,1.9996636,0.1495192,1.1668265,0.10647298,0.17612746,0.29366073,0.9115024,4.426714,0.2585345,0.788617,1.0475577,0.0,3.4855819,0.62500674,1.1132985,0.17910086,0.2764661,0.15119092,0.8594038,0.21941109,1.4289358,0.88379467,0.08289607,0.53161365,1.4740707,0.97664165,0.061946683,0.109024405,0.28513953,0.0662668,0.4346171,0.4213558,0.01720877,0.9284951,0.5972324,1.5412985,0.16300078,0.042242456,1.012277,1.5967224,0.12295758,0.6275952,0.6982644,0.38396508,0.018021727,2.3390098,0.036303595,0.7990688,0.10110814,1.9302222,0.8211927,0.3566838,0.5133261,0.7008531,0.44456273,0.12329417,0.54981244,0.296647,5.270681,2.2762525,1.6385043,0.47232774,0.43827096,0.036210235,0.7841143,0.2554495,0.10341944,0.0,0.11400687,0.9848318,1.7197319,1.2459342,5.335549,2.0974674,0.17643307,0.16684233,0.4262664,0.85403883,0.52028465,0.16712297,1.8476275,0.55938953,0.88678575,0.3113379,0.4994253,0.8669318,0.0059688804,0.198943,1.8901103,0.00918078,0.3319791,0.70568424,0.92285764,1.8840301,0.01200367,0.2835156,0.20628841,0.52206224,0.006423891,0.100731246,0.3503576,2.0021317,1.0318263,0.9891641,2.956035,1.066965,0.3653017,0.04454456,0.15862212,1.2585027,0.69687915,0.19330095,0.00081292685,0.25404218,3.64619,0.6274361,0.118105546,0.18912934,0.6584273,0.015683165,0.54575884,1.0496392,0.045155525,0.025060402,2.109266,0.74057055,0.2517699,0.9391015,1.1194865,2.11211,0.67890584,1.5452017,0.8469026,0.34832832,0.13204095,all_pothole_images\pothole_images_new_image_829.jpg
0.88389874,1.7972722,1.1410782,0.84951615,0.9430003,0.35006788,0.53452796,0.5794263,0.9463562,0.27179977,0.13108109,0.052261945,0.91410345,3.7310648,0.04125142,1.2832029,0.26801044,0.43922922,0.96049726,0.09180229,0.23875265,1.1998867,0.159372,0.6324243,0.7486502,1.8900266,0.5318779,1.9710188,0.516127,0.33814088,0.03045834,1.0706831,1.2190028,0.49198928,0.008824189,0.6114594,1.15194,1.2058278,0.48372158,0.030771112,0.83725005,0.44179115,0.51501524,1.8152173,0.07194357,1.2468035,0.43873027,0.10326021,1.081329,0.5797614,0.1460237,0.12722804,0.58664215,0.8620232,0.08965122,0.55514616,1.3357621,0.0,0.5370932,0.5079376,0.8599066,0.14235753,1.3918372,0.32324618,0.56023484,0.46733987,0.25475195,0.21991946,0.41501963,0.9270516,0.1960068,0.039548874,0.012429595,1.2251289,0.60082704,0.5740367,1.0339177,0.7696645,0.84012276,0.5040981,0.090206064,0.25242442,0.2077961,1.4123983,0.028726937,0.60038495,0.44357154,0.20641439,1.6017396,0.07798163,0.89547414,1.006604,0.22590448,0.6600785,0.52327013,0.5677447,0.7980197,1.2024622,0.628046,0.8549321,0.20086622,3.0534506,0.36148214,0.03665656,0.500592,0.8996626,0.586759,0.55038345,0.0029394205,1.2755066,1.3873531,1.2689298,0.3532352,0.16262813,1.4510839,1.2704619,1.0311195,0.98311096,0.7440347,1.2011572,1.9401511,0.0538604,1.22618,0.5784838,0.49594083,0.6982252,1.084967,1.1028625,1.063485,1.0548686,0.6500275,0.6954603,0.32698122,0.5689107,0.35351226,0.2758668,0.43781593,1.2340648,0.4863757,0.6886899,1.2963665,0.02085893,0.07685254,1.1111004,1.6956067,0.5827358,0.50394666,0.90447605,0.6239167,0.48082432,0.4270423,1.2296312,0.5130761,0.92340153,1.6347342,1.0930383,0.8105744,1.1505305,0.6146137,0.48658332,1.3972424,0.640694,0.17932238,2.583103,0.25095457,0.23885575,0.5220053,0.7342837,1.0116849,1.5057203,1.4273295,0.7438307,0.26801604,1.4750432,1.2452515,0.028469874,2.6906962,0.5817095,0.15937261,0.38539484,0.24151933,0.98361576,1.748986,1.0518898,0.7217701,0.46524367,0.71344525,0.53722703,0.2403253,0.6584217,1.8218659,0.474843,1.3145463,0.82238257,0.14739138,0.070510924,0.27705204,0.21116114,0.5619003,0.18435952,0.54032004,0.7456563,1.2868574,0.62351555,0.5294663,1.7488294,1.5727493,0.34628785,0.18396097,0.5090752,0.44083676,1.0984799,1.8084035,0.38847592,1.2076101,0.40207392,1.2629093,0.3375585,0.72325385,0.34447572,1.3301897,0.66150135,1.0797563,0.46956038,0.18985264,0.019086925,3.0864425,1.2171826,1.0218905,0.68897915,0.8081556,1.0643196,0.46117905,1.4724591,0.6332396,0.24976102,0.5609336,0.5591444,0.121975936,0.6111061,0.8419655,0.27581608,0.2087443,1.2097671,0.17139399,0.06861001,1.5181048,0.06816877,1.3504654,1.2707099,1.8536713,0.017285978,0.22756341,0.6221052,0.07519776,0.59581685,1.7920549,0.2865166,0.11640362,1.0404319,1.2645103,2.0692797,0.6315346,0.7551995,0.16150239,1.7883792,0.017138032,0.658121,0.50174683,1.636127,0.4849864,0.5839347,0.33116657,0.5800738,0.07337057,1.0480214,0.84126407,1.2093397,1.9510393,1.1482695,0.012642754,0.2863,0.31648704,0.5934032,0.7013422,0.05689469,1.0279431,1.4227955,1.7873902,0.46917647,0.8269192,0.12446468,1.3510163,0.09546702,0.34804577,0.44411492,0.46598095,0.16079994,0.6621237,1.0975091,0.36054033,0.7832092,0.20059252,0.23858994,2.7114632,0.20029508,0.27698165,0.78364754,0.20871569,0.10275097,0.8444837,1.9420961,2.1316156,0.2333697,0.037981417,0.11286074,0.4915071,0.19047141,1.0550331,0.84981954,0.41487378,0.34946498,0.50091755,0.39029533,0.6954853,0.08493108,2.0800097,0.91699845,0.8635629,0.5876006,0.6386299,0.25263664,0.22671205,1.288269,0.67617387,0.70536816,1.7564011,1.1751,0.13121647,0.55464077,0.6659298,0.5282005,0.8161158,0.25562945,0.31524983,0.11840676,0.10097575,1.1765844,0.93272847,0.948698,0.16964324,0.63688016,1.0396105,0.28104958,0.22753945,0.15020305,1.1463758,0.67559487,0.38590014,0.3063762,1.020458,0.131319,1.2116791,0.51881236,0.22058354,0.3404347,0.7880425,2.4283285,0.0504736,0.42741254,1.4231437,0.5161065,0.81555223,0.8794251,1.1943811,0.91980416,0.040853936,2.1656568,0.7456778,0.8859592,0.7694176,0.16731791,1.220517,0.8256803,1.8138437,1.6199046,2.697241,0.3337968,0.6447016,1.1450899,2.111534,0.84549004,0.5503244,0.6987313,0.17858025,0.09338476,0.8062054,1.025482,0.2747924,0.6874067,2.6029735,0.5252243,0.6383183,2.862027,0.9822389,0.18292032,0.4157078,1.3708415,0.8836058,0.0672587,0.8080656,0.32591036,1.0780982,0.95671046,0.6202477,0.057419397,0.41419655,1.9834585,0.7557063,0.69017214,0.86676663,0.7364638,0.78504086,0.2788548,1.6859193,1.1217968,0.63751,0.3782634,0.2685924,0.2966761,1.1330291,0.6241692,0.33615047,1.3273636,0.46432844,2.9320815,0.63806987,1.6790634,0.094275825,0.5922919,1.0017853,0.70487565,0.7140228,0.4237368,0.16788147,0.09381933,1.8611313,0.3680672,0.661416,0.4481433,1.8194593,1.1978321,0.28607875,0.3052,0.72085303,0.9282983,1.4186062,0.430989,0.40383872,1.1083106,0.3796098,1.4868913,0.60310763,0.70130265,0.116194315,0.6530707,1.3998775,0.60894024,2.1200106,1.5653065,0.097991474,1.1779528,0.4949865,0.31137738,0.27455118,0.2861712,1.2871782,1.0861422,1.326923,0.5386407,0.6442373,1.7028152,0.05399873,1.8639936,0.042979654,0.46008244,1.0780562,1.6067512,0.56221205,0.39428332,0.34455192,0.2605042,0.4043723,0.2513808,0.045956425,0.1254382,0.5304671,0.10875077,0.47638872,0.49234444,0.8333846,2.9058383,0.3543794,1.8529502,0.017702946,0.11439414,0.6805543,0.808002,0.6543639,0.2471696,0.94500256,0.5418271,all_pothole_images\pothole_images_new_image_83.jpg
0.4714043,0.77844197,0.09634879,1.9231336,0.76612204,0.42507532,0.36143532,0.87338406,0.42189032,1.1401082,0.51588964,0.1011326,0.06989816,1.4998724,0.03204808,0.30388412,0.005432066,1.8255194,1.3112731,0.15841983,0.7964567,0.7025793,1.0062761,2.190103,1.0364186,0.027806535,1.0765564,1.8420331,0.03952481,0.12639888,0.18546271,0.026525946,0.02782146,0.6395733,0.20669977,2.2149994,0.7664878,0.9312543,0.8717136,0.46322912,0.0,0.049229704,0.07622453,0.7516219,0.27582017,0.66965264,0.26635897,0.22714637,0.7631411,0.70248085,0.7864647,0.9959693,0.030280497,0.21242855,0.49587905,1.2736864,1.6812581,0.1445692,0.3256687,0.14505973,0.72839904,0.025008678,0.65562004,0.17757082,1.8874583,0.9600607,0.67400134,0.2696494,0.04387184,0.73605484,0.038088247,0.15169737,0.10072179,0.04310224,0.47316527,0.10289276,0.4522825,1.320044,0.09034808,0.21810894,0.0,0.017600179,1.2886378,0.37535226,0.7865678,0.13748907,0.124345124,0.0,1.6054842,0.28394997,0.06840446,0.5139546,0.09013857,0.09589002,0.069589235,0.0007437343,1.3842664,0.59957963,0.88508236,0.58668095,0.49572042,4.4558268,0.48916882,0.0783426,1.3761271,0.5456462,0.1720787,0.08939992,0.14818013,1.1034895,0.068731785,0.09083047,0.4041036,1.1601863,0.4834864,0.7295045,0.9289688,0.12133185,3.1516764,0.8627922,1.5029119,0.7170597,0.38215688,1.3223345,0.22490147,0.8201955,0.06968626,1.2109586,0.7543005,0.054577287,0.21960935,0.037578646,0.58695877,0.27251223,0.18518068,1.103002,0.16340166,0.064270176,0.4230855,0.0139900865,0.8531539,0.11273262,1.5474299,1.2490251,0.10529862,0.5804792,1.2049104,1.2121556,0.37745178,0.3910853,0.42357257,0.08117086,0.08937442,0.1170447,2.1162322,0.5709957,0.54454803,0.33776808,0.6506953,0.9989124,1.1128008,1.4857962,0.5822202,0.45840427,0.52423835,0.091220364,1.872479,0.14217204,0.76986724,1.9464684,0.7889465,0.0016156994,0.109553285,0.33637223,0.4185327,0.44862977,0.00013688001,0.031109955,0.2893102,0.07599693,0.40454337,1.996901,1.8326594,1.4278356,2.0926576,0.5963817,1.1592692,0.5208577,0.3417651,0.809839,0.34625128,0.560492,0.20032059,0.42345974,0.9782423,0.02837232,1.4007248,0.30696312,0.9038675,0.12029967,0.44628847,0.282065,0.6640242,0.2928292,0.5543941,0.2331426,0.30604845,0.7174655,1.6407548,0.6831029,0.002700025,0.20610066,0.72208774,0.9529227,0.85074085,1.4781761,1.1629677,0.30736965,0.3526858,1.2803423,0.2678599,0.514875,0.37209404,0.0027173667,0.0,0.122904174,0.5413053,0.0,1.7156057,0.5829154,0.35365564,0.043940637,0.68282163,0.02529335,0.5815408,0.04552879,1.6039095,0.7512693,0.13936275,0.14448516,0.030263297,0.10958687,0.63121146,0.08449591,0.20245439,0.26555586,0.5921375,0.67008036,0.7934077,5.2415833,0.09539962,0.09354939,0.11432276,0.83870184,0.0,1.6391279,0.44611856,0.33533344,0.795304,2.5030491,0.32245418,0.5445771,0.63840693,0.5204173,0.1336302,0.09931981,0.63440126,0.21943274,2.0223844,0.49831498,0.2238856,0.13771272,0.4916589,1.5342681,0.23532699,0.58696395,0.2140449,0.055008303,1.081611,0.47353625,1.1289587,0.1745043,0.39889073,0.13064726,0.09104328,0.7538971,0.1193478,0.66414034,0.8415861,0.7095157,0.33165193,0.17699715,0.015620546,1.9251053,0.06375279,0.5477913,0.25198692,0.2197951,0.40550214,2.0939171,0.63434917,0.08926001,0.07443497,0.04437772,4.6472926,0.46143496,0.14529753,0.08948458,0.09105112,0.9630705,0.35638708,1.1922451,1.7512276,1.8402202,1.156418,0.100697495,0.112183556,0.46800566,3.5657969,0.12093491,0.5375621,0.43722713,1.149182,0.8034811,0.8577225,1.0440851,0.027694594,0.04277181,0.4304543,0.41798186,1.227333,0.00366263,1.2807288,0.0,0.1914279,0.003609417,1.3612326,0.03255445,0.21293846,0.174738,0.23178513,0.14349322,2.2107766,0.45730317,0.6339826,0.39822787,0.23958723,0.011042293,0.7896414,0.37544525,0.3909027,0.17757514,0.3160621,0.5631298,0.19528231,0.19050515,0.3162586,0.9486888,1.0813112,0.8995204,0.39761397,1.000106,0.43033403,0.4833691,0.45154908,0.019757358,0.70510256,0.30759996,0.6777571,0.30527937,0.3376349,0.08823484,0.45726615,0.679221,0.6908656,0.75989056,0.10916154,0.056949265,0.27665117,0.20585403,0.46802792,0.051073413,0.2622237,1.1420707,1.2078669,0.11263787,1.5280988,0.22098452,0.29580703,0.9102253,1.2236631,0.79676,0.14517689,0.057944052,0.030226469,0.10187135,0.9432668,0.11812491,0.39819747,0.3961963,0.07709835,1.8551399,1.0551103,0.09488719,1.2052776,0.014397514,1.0891175,0.66131186,0.5173204,0.33103153,0.21419947,0.84720844,0.07294534,0.08267564,0.014268581,0.4779508,0.77151954,0.91157734,0.08295462,0.018811468,1.1003188,1.36105,0.8366863,2.0925813,2.4995365,0.51974064,0.82447535,0.44650152,0.47602656,0.7858842,0.31811586,0.52034235,0.2207512,0.32688063,1.9846915,1.3328141,1.0500808,0.21195598,0.6475076,0.18052492,0.5099867,0.9161426,0.026994826,0.1933636,0.008178756,0.17759757,1.123278,0.26354033,0.11171367,0.70398057,1.4649181,0.31896895,0.70872813,0.04831983,0.3274132,1.3502635,0.7063555,0.06803932,0.25094253,0.65880895,2.7998025,0.53546166,1.1818446,0.13304661,0.36908433,0.12589264,0.09697686,0.41634482,0.49684086,0.64234006,0.6579362,1.2107773,0.026869195,0.7298083,1.2621664,0.037329573,0.538838,0.23765509,0.43102968,0.0046317005,0.2632576,1.7238374,2.0090404,0.15690571,0.32927266,0.068703644,0.8064924,0.016560448,0.89850956,0.29238108,0.5986012,2.4179273,0.0,0.29410765,0.09012636,0.04594275,0.061730765,0.37437272,0.23279543,0.6243816,0.37822753,2.53315,0.5850214,0.48432446,0.67800015,0.59572566,0.48456502,0.02529014,0.51558965,0.76103896,0.2836495,0.08184796,all_pothole_images\pothole_images_new_image_830.jpg
1.3733053,2.4584768,3.0839326,1.1200309,0.019005883,0.25288823,0.2412739,0.26727268,0.666992,1.8125404,0.72862625,0.166214,1.4045222,0.13977899,0.67493623,0.53146344,0.13504891,0.10578904,0.04454455,0.21445282,0.90583163,0.5885301,0.66682357,3.3209515,0.015303832,0.6528793,0.2452403,0.18637495,0.8114569,0.8875273,0.537368,0.54945105,0.026345944,1.2435465,0.24618521,0.68511254,2.1003897,1.701339,0.68703383,1.3600429,1.1018791,0.0,1.7301793,0.2877623,0.7863251,0.72011286,0.0058784694,2.6949732,0.63637924,0.07651217,0.8747284,1.8365982,0.75092214,0.92890894,1.5784147,0.74531007,2.1129205,0.0719346,0.11608312,1.44412,0.15106034,1.2365862,0.30732146,1.7599874,0.24276392,0.57139635,0.32917508,0.49768633,0.32501817,0.3286124,1.6931767,2.208126,0.56916374,1.6845399,0.786054,2.9080327,1.0997393,0.4584515,0.9448822,1.8962759,1.7220109,0.3306091,0.85424066,0.8829808,0.7422669,1.5002158,0.6507984,0.73660046,4.292713,0.53278965,0.2078387,0.006133821,0.964959,0.34265238,1.5958315,0.23942752,2.6435556,3.2613854,1.4829973,0.8213861,0.7720044,0.9551291,1.1393945,1.3807867,0.758236,0.39426374,0.5286358,0.28481743,0.417179,2.480804,0.015340513,3.8787796,2.201407,0.41873512,0.59253216,0.6905687,1.4338171,0.86024207,2.2246025,2.7436361,0.0,0.39975822,0.36867046,0.45877525,1.4690869,0.5620121,0.05912516,0.6110605,0.49763685,1.7826467,0.7226657,0.8365986,0.2763453,0.104403704,0.5972266,2.1935682,0.08791244,0.77336687,0.17845987,0.6834765,0.7571404,0.42685896,0.7893171,0.83425,0.2748296,0.31134886,0.08791001,3.0323312,0.8582187,1.2249658,1.0144843,0.9795909,0.706902,0.14477566,1.596273,0.76548845,0.5018085,1.5544657,1.1212053,0.90217537,1.1204203,0.17061025,0.51509535,0.5065775,0.16242479,1.8415345,0.10590709,0.2545648,0.07481532,0.4175189,1.017303,0.92299336,2.0599914,0.6596105,1.2243086,2.9133737,1.6284063,0.29276267,0.42677987,0.43288904,0.70475936,1.3049105,1.0443376,1.7278165,1.6862055,0.3163986,1.0545936,1.4595766,1.0906783,0.4040946,0.33364257,0.7459211,0.035496354,1.4891217,1.1185622,0.46802282,0.4137936,0.92796916,1.6848028,1.7226967,0.36963257,1.6948762,0.0,0.5345414,0.52265865,1.5292536,0.53922033,0.9287916,0.50662965,0.07809443,0.11426714,0.658831,1.1189153,2.8193066,0.66337186,0.90046626,1.946301,0.106839195,1.8281252,0.3544541,1.6311159,0.18398395,0.8831043,1.7434136,1.4841087,1.2475317,3.6111424,1.0688028,0.6171158,0.43007457,0.8732178,0.50913525,1.1357356,1.309113,0.1761752,0.79566425,1.0216982,1.1086686,0.19718115,0.07821881,1.2122962,1.347707,2.2112238,0.7038578,0.3323835,0.21967004,1.0878792,0.17724666,1.535432,1.0652596,1.7991822,0.4811959,0.720666,0.96560645,1.1314017,0.2001725,0.3642328,0.062053766,3.227212,1.7121497,0.5660572,0.5293841,0.9047957,0.16587771,0.11168717,1.0086507,0.11886255,1.1354066,1.6241131,1.4951125,0.617537,0.06460363,0.112186655,1.0850389,1.6042863,2.507558,1.054706,0.7737255,0.97587067,0.65441877,0.058623854,0.74817985,0.82939494,0.071777984,0.7412989,0.8067371,0.4171508,1.1404502,0.35154665,1.1933404,0.34529004,3.1978154,0.18146174,0.71650696,0.12703705,1.949427,2.0798008,0.004013906,1.1028935,0.007612946,0.07741515,0.1404131,0.2975032,0.9794604,1.4522338,0.8115837,0.0344387,1.276391,1.0661018,0.6465169,0.84554636,0.5109458,2.5448892,0.40119758,0.031229949,2.7610292,0.17846009,1.0445831,0.5289542,0.5050443,1.2084086,0.43987128,0.28757247,0.5500798,0.23825786,0.48435268,1.8851402,0.4548902,0.91622835,1.1892028,2.1761103,0.3604658,0.057239864,0.31765562,1.0234575,0.54168695,2.9309318,1.5784657,0.3476889,0.25951388,0.72814304,0.5377309,0.9285666,0.08539912,1.6201652,0.5286924,0.4907795,0.14992853,1.2290772,0.006247372,0.3303665,0.7364825,1.232683,0.17693083,0.22318877,0.74647367,0.8356862,0.1827867,0.28963292,1.7657156,0.020718895,0.31295547,0.4894584,0.8373126,0.60910374,0.57595426,1.3226187,1.2388098,0.9726726,0.4469479,1.8288617,1.9780693,1.3121893,0.044418503,0.8829143,0.10629986,0.007636693,0.5749031,0.45393932,1.41494,0.25367716,0.98118067,0.7418237,2.6654441,3.7682407,0.9191092,0.48790303,0.018287351,0.070529185,0.4703827,0.30645567,2.0934594,0.8118578,0.4660695,0.31379518,0.09142837,0.23695466,0.65203905,0.3652027,0.020254845,0.5208296,1.9010391,0.3469186,1.342866,0.6086183,0.99582654,1.5637583,0.24665557,0.5275196,0.9127043,0.21832296,0.035954848,0.12491008,0.30472553,0.09438421,0.36555442,0.55217195,0.37892276,0.30980545,0.36337197,0.04365268,2.5046988,1.279538,1.305485,0.8629072,0.67145336,2.6370158,2.6568887,0.45511234,2.4754465,0.3685776,0.100573696,0.43088648,0.17353573,0.46416536,4.7599125,1.5948234,0.53610563,1.0288568,0.11892405,2.0256658,0.95854825,0.0053044898,0.3144606,0.6504901,0.08846527,2.4915953,0.7180412,2.43865,0.7326177,0.41218948,2.0268667,2.2644248,0.3498703,0.9848371,1.3881261,2.179174,0.6295194,0.3751931,1.2644888,0.6236878,0.48815247,2.1125872,0.67548275,0.6480981,1.2960243,0.58205044,0.3448671,1.4255819,1.0195425,1.1575733,0.58753467,2.6461582,1.7788068,1.0263307,0.60487,0.0,0.53440946,0.06219844,2.0363352,2.7981424,2.328472,0.6949992,0.82428616,0.9871628,1.2266794,2.365714,1.3562438,1.2215704,0.12039096,1.19819,3.6660392,0.013952778,0.43482414,0.10064693,0.5921616,0.17097577,1.7511817,0.225177,0.6740675,0.23539226,1.9633565,0.64109117,1.4847386,0.57776564,1.1951871,1.2617488,1.4185472,0.4914838,0.24839817,0.9668456,0.012697081,all_pothole_images\pothole_images_new_image_831.jpg
0.32752,0.1690457,0.01630874,2.5686793,0.7311758,0.0,0.09838661,1.5800568,0.15357685,0.76010954,0.3808969,0.030395882,0.0,1.9531281,0.0,0.36116967,0.03868707,0.360728,1.3442004,0.016667632,0.45130584,0.23300712,0.14988539,0.304875,1.233776,0.0,0.19027548,0.76047856,0.6328232,0.1721495,0.18138331,0.06251237,0.48531038,0.085418195,0.004087989,0.68954724,0.022043105,0.874608,0.2861784,1.1571541,0.0,0.11568874,0.22274084,1.2651163,0.5463143,0.16383098,0.0040262346,0.0024081576,0.08165789,1.0680791,0.0035273016,0.1871985,0.1192218,0.11151493,0.0035282713,0.38622984,2.9407642,0.10541908,0.14655156,0.027433423,0.22887436,0.10272582,0.23653653,0.09362772,0.0,1.2286034,0.71982574,0.0,0.33759502,0.0010487017,0.00847883,0.029496633,0.008531965,0.0,0.6202598,0.0,0.10612149,0.20788395,0.0,0.07401451,0.00058289565,0.54595333,0.035084397,1.6812147,0.39608195,0.0,0.16870068,0.039716978,0.87150013,0.09023647,0.0007954886,0.056072272,0.007257202,0.0,0.18734,0.15574859,0.24903695,1.6195837,0.31764576,0.4060383,0.06820848,2.241873,0.887513,0.019220926,0.76559216,0.28898042,0.12106015,0.07145215,0.0,0.785998,0.03087095,0.98132384,0.015051357,0.17450485,0.94978344,0.09268587,0.052722134,0.0,1.6598295,0.1481757,1.9184184,0.06384625,0.0,2.1035907,0.37393904,1.0971104,0.02032196,0.0012448969,1.0969316,0.020549206,0.14220664,0.25559723,0.4864139,1.044231,0.2029205,0.25077608,0.032602504,0.3829795,0.1812006,0.0049124006,0.09857375,0.026342778,0.1389786,0.00022275004,0.0,0.20757471,0.06690449,0.5291207,0.4220282,0.0010146344,0.29352772,0.41230175,0.18278702,0.586838,1.4001898,0.0069956905,0.13628502,0.00087140827,0.102458104,0.04328603,1.3120813,1.7421774,0.02172417,1.8462105,0.19908932,0.006138599,0.3404741,0.11138672,0.7588318,1.844568,0.18570012,0.0,0.0,0.019120911,0.0027702688,0.0020486766,0.060854327,0.015442631,0.028176893,0.01105864,0.0,2.4186168,1.318974,1.106023,0.72772866,1.0793049,0.20405607,0.048841953,1.1281092,0.27370912,0.0,0.0,0.02904621,0.7855513,0.9377069,0.41235062,1.6107976,0.0,0.050176725,0.007106172,0.03749531,1.4889625,0.04384815,0.14004439,0.8701313,0.111828044,0.62419564,0.09303854,0.44384226,0.041224882,0.0,0.010070721,0.7806282,0.30135044,1.9385167,0.5981599,0.13016668,0.001340419,0.77508575,0.012491428,0.21935007,0.1134854,0.20151392,0.47317696,0.0,0.07481845,0.054627117,0.012277973,2.4196382,0.2423975,0.0303552,0.01415023,0.26904267,0.02083013,0.05251325,0.03602414,2.0793371,0.005862384,0.14434308,0.02062556,0.2303378,0.06045178,0.15672708,0.123036675,0.15581813,0.0,0.23262055,0.057470582,0.117402844,4.9545493,1.6365969,0.059065826,0.060265835,0.04170318,0.0,0.043364383,0.44199628,0.16236638,0.03347717,1.6475875,0.032994945,0.013295379,0.47656256,0.689045,0.007322634,0.27638382,0.78786176,0.09253207,2.4995956,0.006753306,0.17169698,0.0,1.0600545,0.13793387,0.49550706,0.21674077,0.036263343,0.29666814,0.14009619,0.05982763,1.1616812,0.39568296,0.843269,0.0065974197,0.07426413,0.11684297,0.752213,0.1690671,0.004227242,0.03490192,0.0,0.0058633406,0.017634872,0.3445754,0.036090657,0.21974368,0.0,0.117494054,0.00014022405,1.5265894,1.0080166,0.37904212,0.004353278,0.36722913,5.224974,0.03022988,0.52253884,0.014090216,0.24245383,0.051229525,0.20390022,0.44174454,0.74261254,0.64284897,0.08107083,0.47404113,0.0,0.59268403,3.2518039,0.09866078,0.1685381,0.2653642,0.19209322,0.02933891,0.2090254,0.013248429,1.1572182,0.0009351723,0.01949276,0.00283236,1.0906411,0.2914771,0.04419357,0.0,0.0076621505,0.2700449,2.600174,0.9230147,0.35250664,0.5781052,0.0026717836,0.43373457,1.6956594,1.6027732,0.8141619,0.017841326,0.061151426,0.0,0.0,0.011834916,0.8472158,0.29135862,0.030021233,0.8422216,0.39462712,0.18296218,0.26507714,0.8697704,0.95661175,0.6868303,0.17857656,0.38097838,0.29771948,0.0,0.0015796474,0.08941261,1.5780041,0.0,0.02341466,0.23353803,0.64323866,0.045376956,0.08273828,0.32085508,0.2381967,0.14138485,0.53869337,0.08698985,0.0,0.03748825,0.74786824,0.0,0.4197979,0.1635512,1.4459617,0.0016084727,0.8465086,0.0,0.005004627,0.38398275,0.2423914,0.0,0.26814213,0.12550756,0.021757387,0.2932307,0.85701734,0.17777197,0.83010256,0.15171832,0.34722304,0.24854787,0.4524364,0.25960648,0.04909688,0.014299395,0.29238784,0.32065332,0.35861856,0.02849807,0.41122654,0.059899095,0.0,0.110617206,0.030339738,0.0063930633,0.76955116,0.21733558,0.1823572,0.15436557,1.1649451,0.14670278,0.71049386,1.4544922,0.79922473,0.038566604,1.831722,0.02128845,0.2926297,0.08465697,0.14317368,0.74421436,0.19903529,0.08655645,0.24422221,3.124418,0.11109082,0.15738918,0.063229494,0.7075852,0.05119466,0.09629189,0.14086898,0.00018735488,0.052007228,0.004181209,0.72399086,0.51255924,0.11315414,1.3585846,2.6253135,0.04519034,0.17426358,0.014999662,0.33952743,1.2215937,0.01028381,0.010010855,0.10256808,1.2780137,1.114767,0.010414207,0.071443416,0.0,0.23411389,0.6928739,0.2883471,0.0,0.0,1.5024742,0.265813,0.041148476,0.09143257,0.025833068,0.088730365,0.061696634,0.034343462,1.3424308,0.117331766,0.34761032,0.80718744,1.4420269,0.39971504,0.009689431,0.0041784486,0.111830994,0.5156711,0.01638052,1.4240571,0.0,0.28211668,1.3104588,0.04234766,0.0,0.010198919,0.0,0.017080998,0.0004030551,0.16739362,0.0,0.25669703,3.8437948,0.89065576,1.0378792e-05,0.2790161,1.421761,0.26286033,0.39497402,0.010026801,0.014697482,1.8459488,0.0,all_pothole_images\pothole_images_new_image_832.jpg
0.0750171,0.12754296,1.7265477,2.3022687,1.5644966,0.977198,2.1348803,0.84977883,0.112133026,2.6221225,1.440482,1.315922,0.24187459,0.59521496,0.057315882,2.1517918,0.6362682,0.94850445,1.4172035,2.0411959,1.8531977,0.6073328,0.704684,1.5745018,0.4370249,1.180115,1.4889865,2.6750283,0.674955,0.7237911,0.56375587,0.70752436,0.4112899,1.9740834,0.38730013,0.2818159,0.121402584,0.6758967,0.92955256,0.3829509,0.07672633,0.24661745,1.1469061,0.020928644,0.31082746,0.51201886,1.4952307,0.23035456,0.3122909,0.2584042,0.010128852,0.07333458,0.5246785,1.6420811,1.955202,0.055194896,4.077164,0.33696714,0.9083845,0.7209974,0.27593893,2.797374,1.4648801,0.34313667,0.2436748,2.8183792,0.759415,2.129939,0.35682297,1.246949,0.25694606,1.1201862,2.3432434,0.34524155,0.5470132,2.1443326,0.35206845,0.34997952,0.4161614,1.205138,0.00076746754,1.2341996,0.24627356,0.4036501,0.3578573,0.8900668,1.9382881,0.9847874,1.2130353,2.2899907,0.9917942,1.0099459,0.5079194,0.92629915,1.5685328,0.3340503,0.9529417,1.8509599,1.1644922,0.68847483,0.10366192,2.5744548,1.0503168,0.28279844,2.5061753,0.9993747,0.6727473,0.6941524,1.5179735,0.2517344,0.49064603,2.3564017,2.380423,0.16048294,0.48318893,0.0,0.6625801,0.18121038,0.78776664,0.15163246,0.53184736,1.179653,0.9522015,0.9878183,0.5980322,0.049186487,0.18628071,0.53228015,0.46747392,0.4334337,1.2145213,0.2200116,3.5262487,0.1668992,0.67701316,1.4635935,0.15929008,0.7347883,0.49466708,0.55096376,2.7154367,2.1230326,1.0351537,0.07545638,0.5595564,1.7749578,0.4331025,0.6980059,2.145854,0.693155,0.45869237,0.9941105,0.5833243,0.011375347,0.761916,0.3945693,0.13345037,0.67151165,0.64186126,0.02171783,2.957312,0.5419238,0.21901321,0.43660977,0.09059857,0.08566494,0.8856721,1.1335989,0.08047199,0.83672535,0.9269494,0.018454598,0.14135617,0.07638865,1.2079829,0.048503798,0.8435415,0.90534174,0.70580626,1.6276989,1.2752225,0.27053478,2.2532012,1.6495012,2.6193323,0.5908375,0.691666,0.25148076,2.10252,1.0057018,2.3354833,2.528976,0.074776486,6.0120583,0.45355263,1.1627507,0.2561928,0.7372337,1.0478357,1.4815485,1.1106731,1.2796946,1.293975,1.019871,0.21843968,1.1628358,1.2743813,0.0551239,0.15655407,1.5440259,0.512058,0.5351067,1.3244326,1.4886593,1.4868348,1.4420981,0.9686113,0.24309671,1.4001002,0.8614696,0.19482976,0.2895173,0.4082401,0.775164,0.43113217,0.22014609,1.5323392,1.1190574,1.0675515,0.9993177,2.2125533,0.0,0.8401662,0.98535013,1.3547004,0.6682931,0.5262173,0.07598783,1.1430666,0.71063155,0.1278715,1.8427513,1.698925,0.5318635,0.6250575,0.66229236,0.32580748,0.25601664,1.0151064,2.6858702,1.2891511,0.42972928,3.8876479,0.84264,1.1010305,1.350824,0.077648744,1.9404991,0.9336524,0.8745805,0.40454,0.7808643,2.5486064,0.25213218,0.4371766,0.8677773,0.32257393,0.73854727,0.67563576,0.30408633,0.5004361,1.3653154,0.6364573,0.5582671,1.1233679,0.034957085,2.5218074,0.1811944,1.574749,1.3485347,0.099411994,0.08371814,0.34212485,1.5781782,3.4715393,0.03887396,1.4242035,1.7173594,0.11797042,0.05311952,0.1009834,0.22696331,1.7859766,2.3906322,2.254624,1.1468472,1.9979426,0.22342934,1.9155082,3.4573019,0.22246754,0.66988766,0.34370294,0.60857785,0.23339158,1.5363868,1.5929627,1.7881756,3.1187377,0.40266028,2.306899,1.5318804,1.189978,1.2726513,0.32954484,0.05837056,0.055532396,1.1114482,1.4041169,1.83544,0.63260573,1.5263861,1.0481226,0.47309914,2.8084135,0.96816415,0.44428337,0.46563837,1.4171255,0.14798628,1.2439554,0.52698565,3.1928132,1.5860505,0.990735,0.09466239,1.9013301,1.4268274,1.2739954,1.7619172,2.976595,1.074537,0.67103255,1.3694162,3.608728,0.5533588,0.47990066,0.40192887,0.09807651,0.1783371,0.8816874,0.42545933,1.3835223,0.31170654,0.088269815,1.1154927,0.026921017,0.55884814,0.3027603,0.9155249,1.7290988,0.06911502,0.270001,2.6032796,0.3144973,1.920798,0.88470304,0.7868685,0.80145186,0.4789358,1.5363542,1.0901486,0.9720236,0.17092234,1.6477358,1.08006,0.3031485,1.8335127,1.1204383,1.4856468,0.22276399,0.76540506,0.028711775,1.1069298,2.7096446,0.56246734,0.49648505,0.54067075,2.1040418,0.90894085,0.72506356,0.22259724,0.63263327,1.111728,0.17530745,0.0857235,1.3657955,0.0,2.3290374,0.10924285,0.1695955,2.788495,0.992746,0.24578173,0.040167633,0.43055052,0.75956243,1.024957,0.21344477,0.0,0.25356138,0.07632602,0.28592265,0.21173759,0.35162282,0.52192533,3.6857996,0.4520311,0.6920609,0.47656786,0.09199842,2.847846,0.4095869,1.7655762,1.4815772,0.92735076,0.90985084,0.41472834,0.31041384,2.3527057,0.028576441,1.3804139,0.38780916,0.1303248,0.7283481,2.5642035,0.3751342,0.17234467,3.8827832,0.49507162,1.3524917,0.28472725,0.38121977,0.5155116,0.49795154,0.84082294,1.3320929,0.33825067,0.12553164,1.5538077,0.3103911,2.3121316,0.13774352,2.209518,0.13205348,2.1097212,0.67707074,0.6609744,1.2180318,0.61491644,2.4635584,1.1970707,0.1592145,0.10231019,0.20354685,2.2445517,0.96200264,0.18850315,0.6881,2.3213959,2.0161436,0.68068135,0.44596902,0.16279487,1.1539129,0.23873764,0.98169583,1.4476709,0.030929623,0.54016936,5.813508,2.2438407,1.4701799,1.4997784,0.75681645,1.53647,2.323197,1.2267612,0.05698766,0.0,0.799249,2.9171188,1.1122541,0.100914806,1.1203396,0.7519275,1.7877305,0.57398564,0.8379624,0.811076,0.1685694,1.985553,2.3569248,1.8814209,0.26989248,0.7022224,0.53232056,2.0007715,0.4376712,2.081146,0.88686585,0.93333155,all_pothole_images\pothole_images_new_image_833.jpg
0.1793857,1.5616676,0.32493326,2.8920188,1.386213,1.1360648,0.92247695,0.0,0.25932828,0.7368447,0.045452878,0.30118063,0.11165193,0.7483035,0.20886363,0.47463456,0.047970027,0.8704706,0.51518047,0.028109457,0.8968002,1.7938232,0.27273536,0.32075086,1.6870102,0.30901632,0.36776316,0.97598684,0.8409079,0.2307633,0.3532137,0.5851473,0.43181103,0.34572172,0.10782185,1.27667,0.10027235,0.31257915,0.3298115,0.037089124,1.9013581,0.71767837,0.48534948,0.69029063,1.279896,0.0,0.017407516,0.0008803509,0.5179337,0.29584286,0.28819624,0.083888516,0.005557923,0.4747937,0.70817286,0.40947998,0.9749016,0.6191879,1.5726218,1.7580292,0.32625547,0.40985602,0.056615498,0.19932985,0.5560144,2.2771392,0.34744346,0.008305301,0.07428621,0.17795403,0.64574164,0.35887438,0.5348455,0.20376498,0.53772706,0.42325234,0.38321725,1.0199203,0.24044326,0.09193364,0.0,0.17475899,1.3741446,1.127049,0.25384808,0.15752798,0.2201909,0.051127277,1.6085383,0.41651255,0.1417288,1.7846168,0.046087887,0.19449943,1.423248,0.06272475,0.3959973,0.7048528,0.12945156,0.1378308,0.051998958,1.2009981,1.7479722,0.36935487,0.38525555,0.21180846,0.31463835,0.34478417,0.536069,0.52669984,0.11610494,1.8762476,0.40132272,0.07956719,0.8157871,0.1902529,0.95359474,0.4427586,3.1682613,2.17681,0.41555685,0.0026469508,0.103347406,0.62702835,0.9777179,1.3654826,0.062680244,0.116528176,0.37134895,0.09840792,0.019902177,0.7898186,0.14409441,0.0360646,0.3234427,0.943925,0.07359499,0.3044638,0.23747054,0.9552989,0.047913894,0.5002948,0.8519705,0.17170042,0.14722203,0.27071735,0.15739281,0.16298614,0.14038546,1.1718057,0.42527482,0.064514585,0.3630336,0.772415,1.4071898,0.004002807,0.097369656,0.0039279913,0.3363873,0.89036465,0.24038042,1.6855654,0.5315575,2.2740283,1.1025103,0.4988888,0.66907054,0.11925578,2.165442,1.6746222,0.088882536,0.045446202,0.0,0.03134535,0.43920803,0.19918124,1.0007123,0.038916193,1.1241509,0.071821,0.095702015,2.6013348,1.2030009,0.7785769,2.0092294,0.5531736,0.46172893,1.1902492,0.37091312,1.1467905,0.0041998886,0.1118393,0.06695652,1.175998,0.47905418,0.086799756,3.4492025,0.8055916,1.3827372,0.36195302,0.12060529,1.6892598,0.5250465,0.5586033,1.4500477,0.40027648,0.05360025,0.60931444,1.436269,0.79940724,0.0128057515,0.009921379,0.4879475,0.5856565,1.5740712,2.2981298,0.12895326,0.5438337,0.79535455,0.9537796,0.6122517,0.5130961,0.03803035,1.884416,0.07975907,0.09495132,1.877532,0.40444592,0.6753108,0.042388376,0.08309189,0.17500038,0.13978207,0.14018112,0.81584096,0.13926195,0.87987345,0.20073995,0.17017332,0.21454693,0.47133058,1.7224402,0.80253553,0.54388183,0.0,0.7386937,1.457546,0.3075035,1.4871981,2.9111176,3.6367984,0.1727936,0.7449147,0.19045855,0.71409494,0.5246001,0.9099975,2.13436,1.1984906,2.6512182,0.006258633,0.05310502,0.15876879,1.3914577,0.8698936,0.47740927,0.7503022,0.12712286,1.7243602,0.49414623,0.81611997,0.008081775,0.45664167,0.27532578,0.7588372,1.5267601,0.1445492,0.9555904,0.30265853,0.08827661,0.1192757,0.7736568,0.13048612,0.8742153,0.28822553,0.3679942,0.8527965,0.056477197,0.53972447,0.52292866,0.15509574,1.0441897,0.29300976,1.3618126,0.49675637,0.048535377,0.023922434,1.6243262,0.87431675,0.9091256,0.5674269,0.5099758,0.1811957,0.22305197,3.2981877,0.1916061,1.4138596,0.34326598,0.37884265,0.48463568,1.0410873,1.9781933,3.0979323,1.8723475,0.72182137,2.1079028,0.055035472,0.5699868,3.1618178,0.51990396,0.17296253,0.39668128,0.16497974,0.42839953,0.8953205,0.88655347,0.25391737,0.0,0.007774036,0.82840323,2.421493,0.053576667,0.7297035,0.1687801,0.004889219,0.023838619,2.1498945,0.4324567,0.14659795,0.4906054,0.22191897,0.6971585,2.295898,0.44343987,0.9561275,0.018521447,0.59858775,0.0993041,0.22381759,0.35233414,1.6128987,0.6840389,1.4791926,0.61399215,1.5993633,0.64562523,0.07840277,0.6829574,0.77264774,0.80389,0.105020285,0.89254147,0.60216796,0.28847522,0.25058177,0.7424066,1.4844002,0.462798,0.041580025,0.77398914,0.43146327,0.5978922,0.07759784,0.62691706,0.14461519,0.92560947,0.046480082,0.15625936,0.19636132,0.5327076,0.21388601,0.26314253,0.03276151,0.7565084,2.072492,0.35851085,0.7805364,0.04642791,0.50852513,0.5245651,0.45343125,0.493454,0.36064738,0.65692323,0.057066567,0.367829,1.4336187,0.18893865,0.94005793,0.0,1.8547935,0.01927131,0.09646044,0.02623357,0.22164614,0.11926185,0.14389583,0.8206424,0.20272227,0.16634762,0.23328611,1.1920825,0.5533888,0.2665548,0.0,0.057617728,0.83799547,0.48821744,0.20183675,0.1113338,1.6580492,0.6370382,0.090793684,1.7568827,2.0922158,0.0385093,0.5383055,0.2977438,0.6447072,0.5316035,1.3539149,0.6296351,0.45282197,0.25268987,1.0904279,2.9596388,0.5432119,1.0864087,0.012514803,0.68580407,0.101957805,1.3644468,0.5118632,0.10544225,0.2329771,0.0,0.41391772,0.36062926,0.01383289,0.47195446,3.3018894,0.13414502,0.41593194,0.40020055,3.0928793,1.6480017,0.32065138,0.6818134,1.4035281,1.7753828,0.41763598,1.0917925,0.5671453,0.0035555332,0.27445897,0.27201816,1.0629659,0.070234686,1.2143742,1.5129325,1.013626,1.2973595,0.9019188,0.020089097,0.9747773,0.93108374,1.0151963,1.4661212,0.6530343,0.29383302,0.512942,1.5999181,0.7209684,0.021184089,0.0,1.2917223,3.3340616,0.6729946,1.978671,0.006057502,0.42207864,1.6372212,0.13087685,0.34224927,0.173348,0.39242962,0.09420984,0.028443873,0.6896724,0.3727186,0.07209259,5.1973195,1.1707548,0.38531497,1.2176764,1.4140868,0.18000412,0.9083761,0.8924093,0.33791184,0.031857938,0.866496,all_pothole_images\pothole_images_new_image_834.jpg
0.22887236,1.9838138,1.1434221,1.6729784,0.85640156,0.29946715,0.43430963,0.0180016,0.07884744,0.5601135,0.82782894,0.2717711,0.1359072,1.5431297,0.16657697,0.86975455,0.6482717,0.041937545,0.40410176,0.037608184,0.8062636,1.090409,0.30872253,1.0493329,1.0830591,0.71884465,0.7661273,1.9523854,0.5169754,0.09379523,0.40238255,0.11904746,0.07074435,0.34959283,0.30442315,0.54967237,0.24584907,1.076127,0.96780014,1.1001699,0.24037291,0.108714014,0.43933532,0.58972865,1.5869187,0.5690018,0.009346416,0.06845881,0.9890082,0.49725565,0.18214871,0.067868866,0.4574309,0.20206326,0.01873026,1.1602851,1.350906,0.27778316,0.38069066,0.118528366,0.35021552,0.24464992,0.046873655,0.10760959,0.33111858,0.609546,0.6735251,0.50132567,0.20230281,0.41788372,0.29038388,0.6492248,0.7631962,0.15362556,0.37747234,0.87430054,0.21056843,0.8119708,0.016146982,0.49358723,0.118445314,0.01044337,0.34085768,2.3945985,1.0893883,0.5512533,0.05826976,0.14202635,2.4478593,0.7837908,0.18686213,0.4742518,0.0100202,0.25712755,0.15412518,0.07171396,0.8572775,1.1550424,0.32689032,0.6858931,0.15267654,1.4726645,0.0012274103,0.6795627,0.023789007,0.1321769,0.7249257,0.18219273,0.15097545,0.38360518,0.15570033,1.3595507,0.041628633,0.8438577,0.49653286,0.29129598,0.50983304,0.064624816,1.7843055,0.72951376,0.9171084,0.6811038,0.08112304,0.73108983,0.46105412,1.8486753,0.83726734,0.19950543,0.1873265,0.42912346,0.0,0.05681869,0.27202377,0.096063875,0.17226171,0.2132681,0.37185085,0.109160215,0.32590637,0.00465528,0.28530487,0.35207665,0.04202598,0.19327728,0.15046689,0.49796072,0.023539258,0.24335143,0.2946846,0.86549383,0.517733,1.2944291,0.0054321554,0.18500827,1.1587259,0.2890268,0.31417748,0.17213118,0.7698619,0.26918682,1.3190787,1.1251192,0.7506514,0.16546449,0.4021323,0.22154638,0.6733509,0.08031118,1.123136,0.89721847,0.024812812,0.16440044,0.10056876,0.1478058,0.63691336,0.20669837,0.8867674,0.20545854,0.24459025,0.38264415,0.10737174,1.2254531,1.1953526,0.43107286,1.3933655,0.45638213,0.099345304,0.44970727,0.8271728,0.85369515,0.061949395,0.39170837,0.13143633,0.628973,0.27310655,0.01403057,0.11369651,0.93060005,0.5449268,0.6883693,0.31496802,0.7085777,0.15240017,0.5764207,1.0026714,0.23904891,0.06026946,0.06290427,0.98677075,0.22961505,0.27262974,0.36057606,1.5275524,0.6415586,0.8853238,0.80408335,0.9799408,0.040627133,0.52680755,0.4808851,0.7541644,0.017144904,0.8223102,0.64630544,0.1641695,0.12445508,0.60280377,0.31259486,0.52418244,0.97423124,0.20507526,0.38339123,0.12059194,0.3074202,0.23726575,0.44170156,0.896228,0.2108062,0.12949936,0.14250833,0.6536396,0.0607702,0.21102613,0.3931132,0.014878955,0.0003029491,0.5152959,0.07106302,0.053324733,4.5472193,0.24502723,0.10467746,0.5937013,0.14152032,0.08586885,0.02723926,1.2481409,0.5667623,1.1796188,2.0716212,0.9491318,0.21259056,0.69969255,0.3489512,0.69642,0.68962985,0.24673185,0.5497331,0.60880667,0.019908646,0.71231574,0.056667045,0.26713958,0.48520356,0.7084504,1.1450009,0.11381204,0.06655528,0.007093008,0.30569714,0.4257551,0.16474119,0.24189539,0.17965235,0.7967181,0.57741547,0.25504646,0.43218884,0.6340128,0.23142867,0.62476623,0.5978747,0.14433178,0.7836943,0.13916066,1.093637,0.8109441,0.85490465,0.66536593,1.7850589,0.046902638,0.22529033,0.034939356,0.9799259,3.8668015,0.6842585,0.024719032,0.98410267,0.26568896,0.69502383,0.13549998,0.482462,4.367886,0.50671285,0.13884185,0.69868964,0.14901675,0.8618375,1.5535481,0.38500533,0.32302263,0.06049958,0.13315304,0.37306824,1.0114686,0.98006845,0.5912895,0.606629,1.239536,0.61413574,2.4453645,0.16569386,0.061857503,0.0,0.59718496,0.10172764,2.2186959,0.4879387,0.2698321,0.22237512,0.41195175,0.025748204,1.9605658,0.50803757,0.65521455,0.558286,0.05002627,0.20181157,0.44736487,0.17601219,0.15691632,1.298716,0.22129188,0.44513226,0.30511492,0.13488632,0.7716584,0.22345804,0.61764586,0.7669103,0.028677544,0.0,0.64055234,0.29909074,0.15885834,0.5827648,0.70056087,0.6753023,0.69002503,0.018089812,1.0953337,0.4097142,0.36230433,0.3392794,0.95516205,0.5607559,0.25716487,0.32162187,0.13284956,0.49058315,0.20285678,0.35485753,1.1510923,1.0519356,2.9577107,0.42353743,0.94285923,0.077917606,0.69958025,2.585734,0.8229423,0.71382993,0.27340046,0.44458085,0.048604205,0.05441226,0.33395913,0.46421248,0.29384053,0.03187248,1.2282572,0.9814811,0.12399945,1.1102337,0.57623553,0.6273319,0.16582642,0.43594164,0.6428417,0.0,0.25344583,0.1822833,0.21048181,0.7554882,0.0,0.19306718,0.6058643,0.07263785,0.3700306,0.11561149,1.591974,0.18466996,0.17700343,0.6123763,1.081518,0.16488984,0.6095261,0.57672286,0.12073412,0.47712287,0.95342076,0.42646953,0.5508211,0.6270464,0.6557005,2.9803936,1.4495686,0.1536681,0.16337737,0.32672304,0.8813872,0.34894842,0.23285252,0.8967242,1.0116076,0.13480477,1.2285291,0.95652914,0.313006,1.4558034,1.2976478,0.5063808,1.7644731,0.2194629,1.0205954,0.820409,0.98094827,0.6478096,0.45291424,0.8806324,0.5000582,0.2857991,0.71241415,0.14680506,0.20951107,0.63589364,0.64180905,0.06406766,0.6771103,0.1989653,0.39743555,0.14575979,0.2927288,0.05671042,0.881589,0.17160882,0.36168614,0.100769274,0.7542656,0.09606053,0.8642681,1.6194415,0.9493106,0.23990567,0.36419746,0.11868313,0.60500103,0.21482539,0.06451282,0.029947206,0.7721642,2.2716897,0.011208451,0.02261958,0.0047416007,0.3442063,0.03406762,0.2835758,0.6426123,0.044375185,0.024369178,3.4078836,0.13728793,0.6549037,0.3715044,0.4710507,0.35471508,0.60033226,0.5317468,0.91664934,0.22079939,0.4119124,all_pothole_images\pothole_images_new_image_835.jpg
2.7389183,0.10900603,0.10590045,1.2654388,1.0632101,1.2909368,0.68356603,0.12422682,1.4771991,0.21573228,0.03923614,2.1957357,0.0047379755,1.1176391,0.638645,1.3300323,0.8174373,0.21423958,0.8125908,1.0744096,0.44422895,1.3140869,0.49697727,0.79042536,1.9627316,0.4511471,0.008196777,3.9104197,0.23312221,0.0002568631,0.09669547,0.08661372,0.90421844,0.68782234,0.21024655,1.9956777,0.010739045,0.96186864,0.79833066,0.78335637,0.23064445,0.16864376,0.25718448,0.8186799,0.3555285,1.336164,0.09974443,0.12900278,0.5497334,2.6803603,1.4700412,0.010785652,0.12358814,0.18486972,0.026854817,1.9815137,0.8360851,0.043511517,0.9000832,0.27230954,0.26418158,0.12577534,0.19656795,0.2257166,0.29881704,1.0453594,0.46641675,0.43891415,0.27962574,0.15849279,0.04640529,0.017537711,1.42257,1.1719314,0.7450144,0.93667704,0.028278807,0.7382261,0.9354586,0.23553146,0.017368598,0.04488785,0.67713577,0.6413957,1.2384394,0.017988026,0.032243453,0.45443732,1.4019777,1.3161961,0.38070923,0.19650453,0.026664987,0.16259168,0.16128005,0.004303464,0.45158044,0.79744124,0.32587478,1.5331947,0.027133945,1.2059941,1.5515112,0.5332068,1.0455395,0.030060306,0.14278126,0.38573244,0.2386172,0.6450055,0.0,1.7868733,0.37191445,0.20233586,0.9786106,0.7516006,0.15152083,0.78874743,2.1362808,2.4484353,3.433473,0.3977535,0.07531403,1.6743379,0.9704699,0.626562,2.2837355,2.4234881,0.27465323,0.06730281,0.026356881,0.0,0.5009013,0.44570222,0.36750135,1.1479192,1.1408743,1.6399137,0.3572633,0.19687544,0.039171875,0.7866797,0.3244715,0.5567283,0.43491146,1.291833,0.0,0.43013364,0.72195214,0.5783574,2.1801376,0.599375,0.53148586,0.045662347,1.1115596,0.9470075,0.63083404,0.18296853,1.1401719,0.19061364,0.103229634,0.070242174,0.005810954,2.9838662,0.30427355,0.6794539,0.20324688,0.078030854,2.3925526,0.2675137,0.14229085,0.27619424,0.17374563,0.31157473,0.86014444,0.26051882,0.39070275,0.0005133433,0.5196658,0.059282042,0.08902902,1.917859,0.877651,2.2507634,0.27462745,1.0079263,0.17246005,0.80469,0.6817983,1.4157715,0.34399748,0.08730162,0.084347375,0.4823159,0.42437705,1.1295093,1.2012677,0.8385265,0.69769186,0.39816883,0.28858817,0.4922245,1.2766465,0.7802317,0.98339003,0.24068762,1.1557205,0.5936018,2.0846422,0.2777335,0.22537571,0.18410555,0.40604913,0.99389255,2.256722,2.446996,0.33094716,0.12163717,1.3259028,0.64566916,0.26860717,0.03505705,0.46285212,0.9946275,0.033569388,0.87964183,1.6189367,1.123219,1.7266225,0.41466886,0.0,0.05151527,1.2095993,0.02598871,0.24609712,0.41421828,3.2065034,0.32419702,0.08217344,0.43386438,1.0392855,0.25414082,0.8118001,0.6550273,0.010192447,0.23386103,0.29144037,0.7977496,0.5710923,3.2846622,1.7382429,0.69207156,0.7388703,1.3417368,0.73934686,0.6159814,0.683844,0.22747009,0.4576077,3.05977,0.18752022,0.05568946,0.32216737,0.8838371,0.777721,0.5169334,1.1664851,0.119730175,0.34956214,0.18345034,0.5017147,0.002075277,0.3398087,0.6326346,2.3106642,0.5627908,0.25453675,1.2277366,0.8916908,0.7167913,0.13767178,0.30436864,1.0455811,0.26030704,0.19478145,0.48195153,0.6624522,0.083520375,0.93603545,0.14333409,0.9382775,0.48622617,0.770942,0.30072078,0.01378607,0.53840804,0.837653,2.1720164,0.16741966,0.9486568,1.7157035,0.63992536,0.24428827,1.635963,3.0050023,0.12686236,0.6923459,0.22841056,1.6675147,0.05751382,1.9889838,0.8689074,2.9538524,3.257722,0.2034578,2.2869833,8.17873e-05,1.5281079,1.7521857,0.8669261,1.6372927,0.7293806,2.2082596,0.10866764,0.3431675,1.3556219,0.06999758,0.3012777,0.3935192,0.7158614,1.246544,0.21152247,0.0005925445,0.6987901,0.13177687,0.64331067,0.09939433,0.5525288,0.7539859,0.05858139,0.40010566,0.18950567,2.6185281,0.42586097,1.5077347,0.3993373,0.27909678,0.08240902,0.12748492,1.5981791,0.29892635,2.2526143,0.69789183,0.9048521,1.3086367,1.264955,0.18210673,0.95650125,1.5115229,1.9922681,0.960291,1.3196331,0.25356725,0.5582865,0.40827474,3.263016,1.0882735,0.19152929,0.18662854,0.90557736,1.4660019,0.33754608,0.68899256,0.013218695,0.0035367412,0.056057394,0.48964584,0.44528812,0.85766196,0.21413717,1.7009425,0.04156181,0.23961687,0.16400862,1.9009056,2.5748656,1.2267479,0.0008084815,0.6088682,0.87602067,0.7238472,1.1284866,0.6757297,0.3199712,0.07421447,0.29283518,2.2580101,0.1969701,0.116315916,0.19093336,2.9557223,0.33265677,2.0965183,0.39059377,1.6463267,0.46901298,0.42200842,0.522758,0.05437234,0.0689565,2.126058,0.402959,0.5574925,0.90941566,0.081280164,0.38840362,1.1743176,0.6963702,1.7180651,0.44827345,1.6731542,0.9218015,0.37539488,0.9354889,3.0859885,0.8262871,0.6199379,0.109067,0.83257383,3.5576954,0.81956977,0.6410429,1.0437349,0.8275079,0.473571,3.3358927,0.7080565,0.6994397,0.04582459,2.1322,0.5135257,0.56180125,0.7058907,0.8827622,0.485134,0.0,1.0318738,1.0983615,0.13043803,1.0948437,2.239224,0.45231315,0.90634865,2.7932546,0.13970017,0.68415046,0.43045852,1.1845063,0.33401215,2.7944224,1.1430337,0.47394466,2.2111187,0.3898515,1.6766317,0.0587987,1.2984139,0.0,1.0622661,1.5336269,2.1216788,0.09763171,0.08007599,1.0748696,1.093154,0.0061833584,0.98200285,3.1328156,0.6477016,0.9186193,0.9516582,2.864564,1.6405818,0.7566206,0.23359044,0.6044114,0.31723154,0.7810421,0.9407424,0.38155892,0.59515774,0.27704084,1.386583,0.0163455,0.733076,0.073625356,0.18466473,0.18015324,0.50431144,0.38753623,0.6870146,6.723505,0.57277286,0.3522985,2.317458,0.22625734,0.0040201717,0.23178653,0.6500336,0.25706849,0.33789864,1.3815694,all_pothole_images\pothole_images_new_image_836.jpg
0.095949285,0.26787108,0.009430323,2.611198,0.7341124,0.008273529,0.001057553,0.21994331,0.1452218,0.22387886,0.5606453,0.048036464,0.0,0.77434653,0.01127135,0.17975976,0.07483642,0.726498,0.41476765,0.48090416,0.5994057,0.17446701,0.6615289,1.3046744,1.803767,0.29804397,0.14782771,2.56102,0.0,0.09568459,0.17110205,0.06925414,0.45251128,1.3130869,0.19260833,1.1623526,0.11531191,0.81515,1.003804,0.33155772,0.16663338,0.2172421,0.14305808,0.04459412,1.1547182,0.31663448,0.02629426,0.034349173,1.0258671,0.24898593,0.23321559,0.32399273,0.53095907,0.16036831,0.15819138,0.89819247,0.68575996,0.09329476,0.0,0.082997866,0.46395677,0.06841392,0.021052228,0.86714965,1.0204774,1.7142056,0.80157524,0.3400598,2.9411905,0.026516605,0.46979365,0.4218434,0.44603655,0.010192004,0.30067676,0.014595204,0.0,0.017781083,0.010738831,0.23649934,0.0,0.41840875,0.65617853,1.8332962,0.12412278,0.0,0.19005013,0.07523659,0.35812062,0.35822272,0.11333545,0.6458113,0.011756364,1.0565895,1.3519436,0.0135584455,0.38121057,0.24703993,0.0,0.13809012,0.032330144,0.7957126,0.17608066,0.1731033,1.4696854,0.11499473,0.55242383,0.20678066,0.32494032,1.265165,0.0,0.5782687,0.43328974,0.3119735,0.94833815,0.09429822,0.03846406,0.17403544,2.2174106,0.32301748,1.9256505,0.0034351056,0.012912323,1.2323492,1.1280535,0.10651374,0.2913283,0.019783564,0.020620696,0.27405837,0.8523388,0.00088778534,0.0,0.006472353,0.63424736,0.28106114,0.47570333,0.34031323,0.26836854,0.13135344,0.12775587,0.43698552,0.20880228,0.054294985,0.0,0.17607656,0.27473944,0.008621938,0.8108662,0.0041295197,0.003580671,0.25240943,0.0003559775,0.14692599,1.650441,0.8621217,0.18540013,1.1028322,0.20748565,1.0163976,1.1627624,0.82858133,0.7119354,0.6063933,0.2560443,0.13147171,1.1205521,0.0,1.4678746,3.9668062,0.031458687,0.10944878,0.0,0.002102808,0.076454476,0.22708596,0.038443696,0.0,0.082520194,0.34107035,0.0,1.9911921,0.3949466,0.6079774,2.0369914,3.1997824,0.17342962,0.0,0.123135835,1.2106407,0.10238762,0.23082101,0.16405804,1.3309593,0.94120395,0.41591892,1.5435803,0.02077257,0.5753907,0.15343775,0.6034101,0.3588318,0.06508625,0.9855961,0.19675589,0.16404873,1.149323,0.016069975,1.9083456,0.76842886,0.0,0.24072573,0.3120341,0.14829701,1.407035,1.5611094,0.04136283,0.054525822,0.44670781,0.48681757,0.6788386,0.5736737,0.4013967,0.57100374,0.0,0.015525077,0.23351128,0.046911042,3.8136477,0.14789434,0.030744506,0.0,0.43604153,0.37134644,1.1259475,0.024113739,0.88850963,0.0,0.23075387,0.5325557,0.25578904,0.15015821,0.02062707,0.29894197,0.055565987,0.14410834,1.0502701,0.10242575,0.04293178,6.6310453,0.38872558,0.008323324,0.16717142,0.08868808,0.0,0.0,0.2178186,0.68158907,0.4338997,2.1466022,0.009003041,0.4386209,0.3182948,0.2370258,0.12106089,0.5790011,0.67438537,0.0,1.2269243,0.10820494,0.09059324,0.0,0.48713192,0.02614623,0.47328892,0.67084,0.52233917,0.03974206,0.0,0.14367893,0.35193354,0.09226822,0.51604533,0.24017559,0.10386807,0.12634082,0.37808266,0.0030041062,0.34893432,0.00061877974,0.0,0.05353009,0.004782839,1.5839177,0.645897,0.33828804,0.01432579,0.14276735,0.4035415,4.9364734,1.0889719,0.89385426,0.020408489,0.02772066,3.1873407,0.13000487,0.1973552,0.0,0.22106092,0.15541857,0.28966776,0.028153704,1.916411,2.9916687,0.21884266,0.07633473,0.0,0.9562523,4.8748856,1.8653687,0.8222438,0.39709806,0.90372074,0.17400753,1.0897336,1.2297815,0.69984776,0.025951246,0.013956823,0.1029646,2.743075,0.02055878,0.86934596,0.023013817,0.008103778,0.32091957,1.6481568,0.8061656,0.44860917,0.34986126,0.13307191,0.0,4.4758024,1.6953386,0.6164295,0.41638315,0.15347172,0.31759527,0.8266213,0.073857956,0.017786682,0.3220203,0.0062026028,1.3706986,0.030111011,0.47332382,0.0,3.7593338,1.1391065,0.208702,1.7333255,0.30038655,1.7977593,0.3520731,0.06229511,0.33473396,0.9454059,0.0017061736,0.09405957,0.97277564,1.7536124,0.10183036,0.029704949,0.19881442,0.013006568,0.184346,0.46509427,0.3665905,0.14896965,0.25305974,1.1872976,0.06725735,0.03451071,0.8144812,0.90936905,0.02209863,0.5726632,0.2527439,0.0048547583,0.44269818,0.09274665,1.0739383,0.8667735,0.42065063,0.0,0.17513035,1.5913142,1.6011863,1.8564506,0.1138459,0.93822044,1.5264934,0.008682896,0.0,0.5689203,0.031193893,0.7286818,1.1879823,0.89856607,0.0,0.0034205725,0.30958733,0.18658517,0.15432093,0.0,0.093310304,0.59612,0.16436653,0.7348264,0.23948349,0.45091704,0.15531293,0.24953958,0.5256574,0.2592107,0.024231642,0.105061315,0.0,0.28308582,0.50544536,0.52304465,0.6562961,0.29409838,0.22618367,1.8264935,1.2496918,0.7997393,0.6553234,0.22795272,0.026722321,0.2616801,0.12322074,0.012529232,0.05169411,0.07204268,0.018359337,0.16710614,0.03725761,0.061933998,2.93889,3.5626042,0.5042404,1.0232183,0.106321976,0.89730436,1.0511616,0.0,0.007941345,0.0,0.6361823,3.7157338,0.0,0.83264005,0.029208003,0.28875813,0.48178786,0.08523674,0.0,0.0,0.13979536,0.09005701,1.0071341,0.0,0.009872814,0.5485431,0.47044832,0.51458216,1.0139213,0.64633256,0.015607522,0.1885634,0.5376083,0.9566359,0.0038981582,0.409199,0.062902436,0.028540036,0.028451437,0.42920473,0.0,2.149608,0.976432,0.29821402,0.0,0.0,0.0,0.009473697,0.85337454,0.3956651,0.60339516,0.30876178,4.8043203,1.4435145,0.027087338,0.0,3.2760317,0.31200048,0.18097098,0.7429556,1.048657,0.0057047675,0.0,all_pothole_images\pothole_images_new_image_837.jpg
0.28364614,0.6843377,0.12869613,2.038989,0.21672338,0.021904817,0.7821107,0.6445444,0.8273126,0.15617192,0.3388465,0.4518129,0.0972615,1.2386618,0.6016985,0.29429978,0.26691368,0.84528464,1.3901181,0.032051153,1.2039298,0.4730886,0.11716431,0.3149528,0.8686132,0.7657911,1.1593686,1.602503,0.0,0.05329603,0.036578424,0.06610092,0.7579442,0.18323936,0.11588393,1.6001465,0.58258265,0.0714532,0.3572467,1.0626026,0.24116594,0.8333812,0.0,0.14449248,0.6365328,1.2151419,0.40505296,0.19101855,0.5750554,1.8437413,0.13828044,0.15693738,0.50169164,0.093573704,0.0053120297,2.5879586,1.0996308,0.6459749,0.85288674,0.074877515,0.280015,0.02935948,0.13384691,1.8629924,1.3628473,1.7336382,0.15183853,0.085438885,0.016173515,1.2171998,0.039458804,0.86641973,0.2533653,0.38935867,0.35824025,0.44549635,0.040749867,0.22630364,0.0,0.19246107,0.2151505,0.11217385,1.2773153,1.7118443,0.03456347,0.024013823,0.04142025,0.11472335,1.5254964,0.13277307,0.24108113,0.7903183,0.660185,0.19471532,0.008482704,0.0,0.5498331,0.5280045,0.123409666,0.0075302483,0.083656564,3.8719075,1.0330073,0.008867068,0.90454507,0.012424514,0.5394021,0.9461653,0.20143464,0.29172945,0.17507476,1.190666,0.9355484,0.10877609,0.47784927,1.1805131,0.7143668,0.4993082,1.9796989,0.08433295,0.7265773,0.0,0.017845908,0.92927605,0.38947338,0.5592573,0.3846385,0.3216506,0.9719412,0.012923153,0.009980097,0.025472086,0.0328315,0.29258442,0.39725536,0.9136407,0.017128192,0.29532486,0.30424488,0.0,0.64897907,0.021938257,0.21996328,0.03547383,0.6203204,1.0502489,0.013130995,0.12614855,0.87682015,0.0,0.32541203,0.16518193,0.0,0.0031842443,1.5340642,0.7617505,0.79105264,0.29640082,0.4995911,1.0485575,1.1681423,1.9398022,0.52353317,0.56623137,0.32632646,0.28225484,2.3220015,0.21939011,1.3603437,2.1306968,0.5627871,0.021812724,0.0331703,0.03000327,0.3793666,0.18083328,0.15182465,0.06539947,0.14548473,0.1492093,0.013156569,1.789093,1.2851402,0.08748783,1.8039302,0.3667881,0.8868724,0.0528015,0.15203823,1.6126434,0.46199882,0.050353505,0.022003539,0.2753601,0.024318751,0.12695989,0.60093176,0.1103282,0.7871862,0.49127057,0.028394183,0.9153431,0.008397527,0.73368084,0.043531895,0.011282528,0.08330425,0.6850623,1.2693883,0.84385765,0.0,0.0,0.7159684,0.34927356,0.70464075,2.0928252,1.1514423,0.30550563,0.043266807,0.8532879,0.8051694,0.6488528,0.4601703,0.20114689,0.04160443,0.5874021,0.8599109,0.02733968,0.95572364,0.9655654,1.0959432,0.58483124,0.6577324,0.3440245,0.40060285,0.0,1.5798113,0.24581581,0.023353547,0.04624735,0.49233603,0.19185346,0.12271837,0.0,0.6919677,0.09407444,0.37210774,0.77492774,1.0005114,6.504175,0.5699268,0.058060616,0.103423655,0.17046534,0.10831849,0.91219264,1.443685,0.5265312,0.32017356,3.2064493,0.0037474784,0.03388123,0.42529565,0.71107745,0.17743956,0.68542796,0.74157035,0.33251852,0.84415746,0.26278374,0.11673592,0.02687026,0.104791716,0.37075084,0.684237,1.3478266,0.0144829415,0.15216388,0.32796204,0.30343527,1.9174426,0.86170334,0.38696715,0.005033112,0.021198316,0.2379213,0.23363954,0.0015816373,0.9193915,0.33299324,0.18600102,0.031504944,0.24694318,1.4900147,0.0,0.25812402,0.0,0.60715115,0.0017880601,2.7940397,0.40824667,0.5082514,0.048956398,0.20421381,4.090569,0.7554649,0.012068991,0.009995476,0.11493338,0.71337306,0.43463865,0.9026502,1.5382951,2.9248264,0.350952,0.80225605,0.4794085,2.2572174,4.6797485,0.1339941,0.0068557863,0.039001033,0.0931724,0.06174284,0.15660033,0.11056113,0.48352346,0.06673343,0.21991974,0.09875871,1.948491,0.2478423,0.08034529,0.17804615,0.023591973,0.22796096,2.4544697,0.080873236,0.07657307,1.255417,0.38403404,0.17514801,1.2158763,1.1396648,0.3483439,0.055858515,0.38092056,0.2231184,0.4137833,0.17911701,0.14514802,0.020259347,0.32465273,0.46477675,0.007949472,0.12360538,0.08543421,1.1891451,0.907782,0.3331611,0.22988245,0.4019537,0.44414926,0.014120295,0.011584649,0.002158347,0.42881006,0.28265435,0.024449509,0.21497567,0.6786116,0.0,0.5693353,0.3245134,0.15195948,1.2116375,0.33824384,0.038773105,0.5775677,1.302551,1.3424339,0.016250422,0.46320647,0.34664384,1.0093917,0.85377485,1.5523219,0.012748522,0.287373,0.3233015,1.2109032,0.093644954,0.0044233142,0.77101505,0.0,0.0,0.514079,0.06965781,0.34202212,0.5876239,0.08338525,1.0571669,0.40232545,0.2047596,0.60700285,0.1827623,0.06642014,0.5599027,0.1590411,0.03367468,0.1569837,0.997668,0.1416553,0.04627889,0.5535955,0.48321795,2.3434956,0.3960072,0.5517513,0.1334961,2.5623407,0.976047,1.7324591,0.88424,3.153778,0.5460538,0.4866341,0.18810225,0.2276333,0.28205055,1.1365173,0.037873216,0.27223012,0.2658549,0.4447361,1.20086,0.6190321,0.28127056,0.10081419,0.17386016,0.8452126,0.895443,0.29868186,0.108930066,0.6592605,0.5286398,0.88904136,0.49636397,0.20066693,0.79200566,1.7569734,0.22274622,0.35206938,0.15090272,1.7180295,1.470489,0.9108389,0.48538315,0.03617935,1.609241,2.2858157,0.17914861,1.3683807,0.4944423,0.5961843,0.066299595,0.036577806,0.08868669,0.10333363,0.2728532,0.74423486,1.8612487,0.21224813,0.1014069,2.3290782,0.0864858,0.048076764,0.18062373,0.32815683,0.20357965,0.17685714,1.0292192,0.9200203,0.41053635,0.26925218,0.098981105,0.49064907,0.28440946,0.30111724,0.37043998,0.64034826,2.7694464,0.5014553,0.16946189,0.0,0.0,0.2643369,0.67084277,0.29006863,0.7684504,0.8467912,2.8826008,0.20948814,0.09843655,0.16523047,1.4925939,0.7351425,0.0039062933,0.2762363,1.5886476,0.470421,0.36441538,all_pothole_images\pothole_images_new_image_838.jpg
0.8876952,0.46697748,0.33132288,1.3115933,0.87607634,0.15743434,0.37253228,0.14503704,1.4822043,0.17317767,1.6960266,0.1815017,0.7709573,0.9962191,0.37809125,1.1664786,0.088700294,0.033271965,0.56109494,0.01988555,0.70387,1.0148048,0.49273372,0.5336134,0.53971076,0.84285694,0.45667934,1.8677839,0.36920306,0.13039742,0.7599337,1.1796596,0.0,0.6264547,0.2708226,0.02777335,1.4324374,1.0990248,1.2884614,0.26862594,0.2470409,0.7683825,0.043363474,0.20645645,2.6797118,0.17566967,0.6845459,0.3390619,1.3004905,0.596835,1.8841734,0.46038482,0.50366324,1.2796394,0.7682818,1.8189647,1.0287076,0.09226971,0.73778564,1.3224051,0.53566533,0.6648082,0.5383146,0.22091933,0.712555,1.1013428,1.0746568,0.6320242,4.9552684,0.5642437,1.4946684,0.650368,0.8690028,1.018677,0.74868727,0.12604669,0.87756354,0.6232534,0.11208788,0.09424208,1.1086237,0.76396394,2.7862074,2.7936854,0.6461042,0.14170493,0.46594837,0.020887228,0.92739314,0.7858319,0.9762546,1.7144471,0.71572566,1.314358,1.1991025,1.2716542,1.5297278,1.2729287,0.4674644,0.3844602,0.91506374,0.058431014,0.44246393,0.49799603,1.4937395,0.8071644,1.3261262,1.0704587,0.7364814,0.37700504,0.32489264,1.1059715,0.71239066,0.83063555,1.2308568,1.7622327,1.0661387,0.25177675,0.52821505,0.48759067,0.698953,0.25107858,1.2304926,0.30903873,0.76431274,2.0766072,0.01430655,1.9143835,0.32961947,0.08767482,0.7090203,0.27923343,1.164234,1.8201817,2.0312395,0.0041916138,0.7937298,1.3242636,0.954254,0.66385853,0.6434528,0.8692828,0.025256354,0.10986314,0.29528734,1.406901,0.7656482,0.25612822,0.3097369,1.0630322,0.3636031,1.9235942,1.134189,1.1207857,0.22792186,1.1844505,1.5459043,0.7927079,0.46530944,0.16667378,0.9096695,0.6186316,0.50342405,1.6305226,0.35578373,0.08454707,0.29906994,0.15167636,0.6920492,0.39356962,0.92351085,2.8153634,0.115145124,0.16904768,0.018787738,0.5827288,0.62527525,1.3690592,1.2522396,0.43792608,0.13595164,1.2360657,0.29082248,0.60915464,1.6575221,1.2360542,1.9734505,0.7114108,0.14219604,0.13887353,0.20778939,0.6434323,0.8200785,0.5946435,0.39401424,1.0253631,0.35373592,0.37947977,1.6942174,0.49536833,1.32332,1.2903603,0.122450955,0.39201075,2.2098768,0.4490317,1.0514224,0.24399656,0.20216797,1.6657791,2.2552266,0.9517075,1.7153639,0.04520639,1.5252097,0.47865593,0.37768558,0.38985038,0.16039558,0.47649238,0.7370259,1.8264004,0.5118708,0.12267901,0.5379293,0.22593454,0.8051821,0.9454808,1.4838176,1.5297244,0.6399195,1.9845241,0.9938662,0.90501785,0.42730105,1.1882036,1.4637687,0.0886346,0.57481,2.8875782,0.92089653,0.32327807,0.35456318,0.48941272,0.60950965,0.45259023,0.44996077,0.5643955,0.83169585,1.5943588,0.58714694,1.6240072,0.4327281,0.30650398,0.9747107,0.0,1.5707133,1.4953904,0.1703714,0.41293105,0.33027473,0.5272301,0.12599935,1.8864627,0.62041354,0.2942587,1.7240481,1.184012,0.68292904,0.023805222,0.84079146,0.14422758,0.65854615,1.2757527,0.647247,2.7780592,1.0392939,1.1814172,0.008281461,0.16615893,0.36187148,1.3047122,0.48863897,0.13371143,1.1458529,0.45088023,1.062524,0.9413712,1.9071134,2.9948425,0.26045915,0.27435344,0.0,1.8914576,0.97757727,0.01757267,1.3848447,0.50152355,0.16967627,1.9496961,0.032498654,0.052846294,0.7336418,1.4373889,3.2007582,2.5452657,0.27988502,0.5868028,0.15157093,1.2694336,0.016906925,0.29477182,3.1536794,0.77866906,0.77264744,0.057708934,1.1375031,0.95079947,0.62063235,0.4974228,0.5199789,0.40331182,1.0781722,0.07314266,0.8821165,0.9692553,0.40113798,1.5267798,0.5905619,1.5558871,2.9005814,0.31740302,0.64358896,0.18953872,0.010477187,0.19147404,1.0808961,0.2528493,3.7760532,0.18963665,1.748778,0.53746843,1.7152202,0.35871702,0.82684886,0.62014663,0.9587526,0.7268431,0.0060783145,0.24704832,0.88841337,1.5103949,0.09429573,1.2032478,2.683122,0.055305168,0.85559183,0.9416624,1.3214841,0.33525532,0.46704847,0.4715681,1.049598,1.2526118,0.4820685,0.7703144,0.64261866,0.78083813,0.18329717,1.030798,0.9723864,0.20920621,0.023082502,1.1693914,0.5227389,0.8175335,0.50672185,0.21081671,0.16344696,1.9874656,0.677264,0.33349773,1.0825479,0.17458957,3.1662328,0.268905,1.6631944,0.561453,1.7331539,2.2894983,2.0174105,0.1720065,0.6978167,0.2350222,1.999957,0.8989586,0.19478634,1.1870831,0.6355952,0.14647909,3.978246,2.162967,1.0292556,0.0141169345,0.29004604,0.5245772,0.2152414,0.44148153,0.79224527,2.3043694,0.53658354,0.33910093,1.6810045,0.6878578,0.16243331,0.21925902,0.32771316,0.7230157,0.7801161,0.98516524,0.68691313,0.084141895,1.5211527,0.4862187,0.40655547,0.05365188,0.38899603,0.8088008,0.78077525,1.7826799,2.0782318,1.905232,0.19915637,0.39662254,0.561155,0.9926825,2.4077601,0.1077188,0.895193,1.3016039,0.27255526,2.3922641,2.3312829,1.4997922,0.2771055,1.754,1.4455332,0.2425992,1.4788153,1.7789373,0.4683162,0.12501998,1.5951359,0.35332862,1.4917502,0.15686162,0.26740786,0.9449556,0.6672432,0.35255045,0.36588395,0.14190355,1.4983821,0.97157097,0.48367894,0.9365987,0.942628,0.047126677,2.3644257,0.5491854,0.3573975,0.26604652,1.1500757,0.008947063,0.8313455,0.18643169,2.4797962,0.15363404,0.17356427,0.020673905,0.076637484,3.7650526,0.91255236,0.13571987,0.31915045,0.5815319,0.20201431,0.8428256,0.61325854,0.40798253,0.377867,0.5125643,0.32045627,0.31359172,0.6247909,0.65399736,1.1897027,0.020435153,1.2793106,1.3489766,0.15590477,0.5749059,0.51495826,0.16008097,0.87286735,0.1419708,0.45580795,2.3884258,0.68942195,0.85075986,1.515284,0.99525183,all_pothole_images\pothole_images_new_image_839.jpg
0.34470293,1.4078925,1.1039975,1.1812136,1.0225815,0.020455735,0.90461946,1.5921321,0.67322147,0.9080834,0.050722376,0.7463023,0.009403842,1.0833119,0.04938803,0.57339597,0.4646916,0.359485,0.60052377,0.73835063,1.2611723,2.336052,2.2382147,2.862497,2.3057396,1.7462561,1.1117247,1.5329745,0.047861226,0.4593902,0.96833783,1.2738949,0.14571092,0.9207083,0.28804293,0.49430728,0.54914284,1.0862614,1.0500743,2.320414,0.040693875,1.0095818,0.86066866,0.4421194,0.37168834,1.0103688,0.5919567,0.28425223,0.63348955,0.041095916,1.773884,1.1299059,0.86861104,0.43625328,1.1756414,0.012882933,1.4288625,0.12141212,0.42398757,0.10639274,0.4564536,1.312682,0.44954547,0.2813678,0.33799735,2.0522337,2.9271607,0.71648,0.4879026,0.05197033,0.14294481,0.72194755,0.78931195,0.008884538,1.1774246,0.81185836,0.9177776,1.4388373,1.0152162,1.1917593,0.08068552,0.0,0.37412986,0.3616557,1.9378326,1.4609654,0.25605485,0.9072968,2.905469,0.36060286,0.8034073,0.13321571,0.0220721,1.2689598,0.99458265,0.09424507,0.017455947,0.63664323,1.4968568,0.8535167,0.5465038,1.6387539,0.2579434,1.3749194,0.6535533,0.68347865,0.103766754,0.59287435,0.0689045,3.110491,0.55631435,2.307218,0.3407363,1.0328237,0.8850568,1.1472827,1.1894141,0.8744592,0.92965776,0.19389772,0.33792424,3.3963068,0.98460823,1.8016467,0.6909829,0.21687345,1.6413963,0.8049633,0.38825086,0.2514641,1.0962307,2.557084,1.1123261,0.8233526,0.6766594,1.2032229,0.027525771,0.21247412,0.13745336,0.14560331,2.426632,1.4024085,1.5517011,1.4167819,0.36856833,0.5734499,0.6433454,1.1105238,1.6471266,2.4177792,0.3313312,3.0175378,0.07088305,0.34204584,1.2610835,0.158433,0.12490111,2.334535,0.94922847,0.0,0.6082164,0.19624081,0.18506967,0.27062201,1.5472394,2.2330518,0.6980952,0.68619716,1.6629629,0.29581475,1.2908441,0.09879052,0.92335767,0.20011497,3.8205223,0.3238203,0.052023236,0.22879717,0.71829987,0.33743286,0.9270711,0.5837573,2.5718277,1.2339823,1.1427847,0.27791843,0.14118963,2.7703047,0.10290386,0.8862024,2.1385343,0.75982565,0.022311166,4.1124167,0.14424537,0.5217246,0.25133687,1.1431538,1.273487,1.087997,0.698061,0.93961567,2.57417,0.23170659,1.3419362,0.931822,1.2268419,0.015526684,1.9660252,1.5414815,1.011869,0.7046621,0.9758855,2.5708332,0.010474034,0.17203121,0.975334,0.102949664,1.4874026,0.14883229,1.6447213,0.1417587,0.5587551,1.4707804,2.6462271,0.25549376,2.3433747,0.38312927,0.40911648,0.020551037,0.802116,3.7805634,0.20419031,0.84040457,1.2047639,0.13060133,0.7159038,0.64034474,0.48939177,0.78004694,0.0672756,0.2936077,1.2929658,0.94741726,0.54576325,0.75753695,0.75335777,0.08692387,1.2985694,1.0810289,3.0881073,1.2794113,0.80375373,0.65350795,1.676758,0.6400605,0.67778,0.6171758,1.5034659,0.8984319,2.155508,1.5687913,0.4927486,0.09173798,0.13887127,0.9164005,0.12612298,0.79535,1.4028871,0.38282412,0.6253118,0.22481564,0.16540393,1.6631471,1.2304122,0.5426749,0.5985898,0.19879107,0.20083442,0.47338828,0.3390995,0.40053052,0.13180049,1.7255247,1.3612784,0.6709748,0.9073156,1.5989834,0.5393229,0.076641776,0.13329296,0.42498997,0.70233065,1.5853922,0.17047678,2.7001438,5.6553884,0.38586393,0.5702559,0.9094073,0.0,0.4983044,0.42037442,0.8880648,0.2594661,0.94586676,1.5772097,0.83725506,1.0202397,0.028651623,1.7369329,1.1867629,2.9353023,0.66496557,0.78041464,0.6699262,0.13377549,1.1724923,0.6557682,0.7097188,0.29322103,2.2207983,0.55583054,0.100668825,0.28278062,1.3881106,0.17815916,0.6950719,3.4503677,0.2938693,0.22062036,0.047654297,1.1249636,0.570072,1.3873637,0.6310756,0.93059385,1.8591095,0.057213277,1.1857988,1.6688614,1.3181071,1.412617,0.3117094,0.17837855,0.5441885,0.97873765,0.9839605,0.24194421,0.73348236,0.5030719,0.4570665,2.5497842,0.30052686,0.30241057,1.5469368,1.1371201,0.082339376,0.8270742,0.25279227,0.434991,0.4003365,0.71812594,2.8295176,0.13771865,0.17456152,3.4042401,0.5472211,2.1270795,0.21727373,2.990286,1.8931592,2.1630354,0.11070792,2.3945055,0.111944236,1.480638,0.54400504,0.012357682,1.5445968,1.4360803,0.8016637,1.2877333,1.9193403,3.6970205,0.16304976,2.3557265,0.09206073,3.167927,1.3463607,0.21018888,1.030633,0.41379064,2.4719412,1.4507514,0.3462256,0.6787539,0.6751908,1.4893378,0.0009860975,2.2582467,0.7701758,0.06399727,1.8485078,0.028959204,0.30490217,0.6193555,0.4929169,0.015020618,0.99955904,0.25558233,0.9768527,2.152707,1.1040026,0.77107984,1.348923,0.172585,2.3777835,0.6395672,1.9114006,0.76523066,1.5347476,1.1701822,1.8986517,0.3285127,0.89044136,0.85488206,1.9964551,1.7873083,0.78358316,0.08990739,0.2979094,0.39207044,0.7863883,0.5689086,1.6592087,1.0069857,0.15791269,0.43059745,0.15597877,2.3302524,0.43066144,0.31473628,0.0,0.8143829,0.49534646,0.17198722,0.6829267,1.4146644,0.27229008,0.0033103772,0.90147525,1.5927773,0.49993807,0.48551,1.7930564,3.6142013,0.16253828,0.074202046,0.21192317,1.0099167,0.2534259,0.52638596,0.060999878,1.0446417,2.9161797,0.66058767,0.085112005,1.026826,1.1046834,1.6736816,1.5605667,0.27610096,1.6434205,0.4955821,0.93594,0.1462709,1.1214389,2.3126755,0.4883689,2.876003,2.3072662,2.3278573,0.9129833,0.56923425,1.7477906,2.8053875,0.074803226,1.0254941,0.11573379,0.28715926,2.1667213,0.06360999,0.032825954,0.3456627,0.0076027913,1.2600405,1.5293813,0.18253888,0.027852735,0.18508643,0.84049815,1.4065987,1.4926991,0.060052194,0.32480317,0.0,2.6617162,0.9986146,1.4114647,1.4044515,0.46115762,all_pothole_images\pothole_images_new_image_84.jpg
0.13278125,0.6684547,0.5338891,1.0391209,0.89033663,1.3281465,0.35547504,3.3389509,0.6910524,0.31180003,0.028912913,1.2012289,0.7260928,0.97228444,1.3474737,0.8381645,0.103494264,1.6971875,0.5592548,1.5201008,0.054410573,1.4487884,0.18863805,0.23981532,0.55633646,1.1783888,0.30551735,0.46974143,0.21890005,0.18411687,0.42731583,0.036835313,1.5292844,1.8540972,0.27052253,1.0322986,0.2659063,0.7772107,0.17018715,1.7357081,0.097137086,0.21375586,1.061304,3.1907187,0.23440133,0.33790815,0.65751916,0.66335684,1.8468778,1.3823595,0.5011851,2.212019,0.3231613,0.61105156,1.9912822,0.31932986,1.7392973,0.362579,1.8906769,1.1141477,0.58435464,0.55072147,1.244385,1.6880437,1.0240449,3.3044662,0.6311591,0.9137352,1.6904418,0.78161025,0.22675882,0.034427267,0.035943203,0.6365233,0.5964939,0.9758162,0.1289869,0.109106876,1.6298437,1.4839234,1.2478179,0.69344115,0.35819408,0.96268064,0.6946613,0.6791224,2.6134493,0.42009422,1.07006,0.48222888,0.3484388,1.9847832,1.527158,1.2261443,0.8669731,0.76663846,1.3066103,1.0598582,1.5309669,0.93099326,0.6764133,2.703943,1.0422424,0.82613915,0.4481595,0.38847718,0.08308678,1.8072047,0.42933795,0.77888644,0.5761367,0.70595986,0.18614496,0.047110546,1.6703933,0.53403455,2.4605823,0.16807085,0.848533,0.41143113,3.709431,0.28806207,1.1223968,1.7608925,1.4257784,0.5209363,0.6452012,0.93278223,2.7568297,0.33835322,0.2277134,1.1056025,0.9611126,0.07600719,0.12990545,1.5550425,0.11019079,1.9250351,1.068473,0.9470701,2.4463038,1.5883135,1.1242224,0.46841526,2.3061512,0.21903136,2.879363,1.8755342,0.17804098,0.04009894,0.86978406,0.14890479,1.0159659,1.0274103,0.1751578,1.403739,2.2152677,0.60970616,2.8918786,0.4911467,0.3113516,0.33323756,0.43644473,0.43331578,0.6405411,0.14326362,0.85423213,0.3066498,0.5604173,0.6946701,1.1226448,1.044303,0.11507341,0.7971626,0.37044704,0.6418471,0.6075361,0.21136354,1.9922146,1.3339317,1.0121716,2.2597637,3.7312136,0.9216676,2.5725784,0.335994,1.4192346,0.5902696,0.80708545,3.103589,0.3252182,0.8891416,0.10500665,1.6704264,0.7047935,0.6960191,2.1777618,0.10099304,0.2644227,0.47747645,0.5320549,0.117003,2.6829371,0.6218118,0.07650611,2.5372918,1.5637381,0.93732667,0.48391107,0.6471173,0.084929466,0.35637513,0.24883576,0.24279635,1.6595746,0.88199985,0.46972504,0.74906003,2.6386476,0.290427,0.022914365,1.2470733,1.3589281,1.5658424,0.44555548,1.1974844,3.6347811,1.5846387,0.48675832,0.54661876,0.10546083,0.61515325,0.5915556,0.769214,0.07878998,0.28628245,0.9081694,1.0848881,0.93611425,1.9368616,0.50469106,0.0067560244,0.30339703,0.7754955,0.24564344,0.9364284,1.4194691,0.26060945,3.8915792,0.20890664,2.9550114,0.1255185,0.74940985,0.053260054,1.9411353,1.0448778,0.44566196,0.5970202,0.120445125,1.6063961,1.0481918,0.14145748,0.3926501,1.3466492,0.91473013,1.8587079,0.19724461,0.29712954,0.7288186,1.936083,0.3587959,0.14777946,0.7016922,0.9279219,0.6816843,0.77893716,1.0177019,1.4573132,0.15491064,0.5313425,0.6316382,0.47412804,0.039898757,0.9894863,1.8613765,0.24666089,1.1097381,1.0271456,1.6331924,0.30474102,0.93155074,0.47751966,2.3004231,0.568572,0.29276192,0.11443965,0.87755734,0.33812323,1.1881411,0.107011445,0.09636168,0.2664362,0.75343156,0.17006652,1.1621451,1.3565104,0.35256296,0.055576693,1.8549287,0.62921697,0.6494029,0.40034187,1.2630014,0.57289255,0.68378484,0.4958621,0.34700716,0.006202052,1.2251322,0.13454834,1.5724746,0.84238994,0.47821897,0.86359507,0.9327288,0.2478878,0.5192109,1.0021724,0.86316025,0.028158506,1.3706105,1.1779838,1.8109894,1.1885518,0.81987,0.78633505,0.28830594,0.7323861,0.91609603,1.1388626,0.9551502,0.5081795,1.7571458,0.24518827,2.4610693,0.8136519,1.6792051,0.28497013,0.009668904,1.052369,0.48048663,1.0214721,3.481601,1.480118,0.30460647,3.1666086,0.79063123,2.2730198,0.60471165,1.6580757,0.9414078,1.5806607,0.7483155,1.680772,1.1600611,1.1137493,2.3743951,0.4388447,1.0015874,0.83161986,1.831507,0.34544855,0.15963317,0.8845086,3.6163151,1.0280449,0.45874006,1.4945544,0.51215357,0.853354,0.95960015,0.7584143,2.2008617,1.8151896,2.473941,2.3516295,0.5076652,0.5543672,0.6682765,1.0446663,1.643384,2.3210127,1.4742594,0.19815332,0.46774983,0.7222927,3.016738,1.244518,0.9652575,0.5821184,2.8566926,0.46617013,0.43128806,1.6853838,0.6296202,0.24749114,0.48129633,1.0201614,0.19192116,0.70173174,1.3075094,1.5986614,1.3723054,0.4479985,0.42486572,1.2615483,1.2290534,1.4616432,1.3752921,0.0649958,2.4491801,0.23957534,0.99560326,0.91604674,0.67197526,1.1785984,0.24256188,0.62170476,1.6817349,0.6722636,0.2084596,0.42370737,0.7390443,1.7637123,0.041603316,1.8524106,0.5634712,1.2347976,0.68898785,1.5079839,0.28154677,2.3613117,0.085745156,0.06026343,1.2396985,0.16442394,0.67896605,0.020732844,0.024146993,1.1196023,0.94882715,1.058072,0.36934257,1.0581665,0.4567313,0.54018867,1.9861895,0.20521367,0.0,1.9405205,1.4758801,1.1106099,0.10047204,0.035145193,0.3127978,1.1234105,0.28716156,0.7885728,0.5794227,1.3378822,0.5138191,0.44780844,0.55430514,0.37764192,1.334417,0.91598666,1.0229051,0.8184284,0.76941735,0.5665676,0.7941788,3.4631944,0.21767896,0.54548264,0.580082,0.27191433,2.04281,0.23234744,1.3089843,1.1556542,1.1145235,0.6068376,0.30977967,0.18922928,0.89581805,0.0034597605,0.5195908,1.1636944,0.09391337,2.7412362,0.67803365,5.7176175,0.50321966,0.5015784,1.3391348,1.381246,0.10038624,0.3577107,1.1420113,0.77102596,0.66151196,1.0985119,all_pothole_images\pothole_images_new_image_840.jpg
0.71360046,1.5683908,0.021050485,2.1608489,0.3960746,0.92325073,1.0022849,0.49609637,0.52039087,0.37053907,0.4750485,1.0053256,0.24263738,3.1098738,1.7322718,2.6958597,0.050721984,0.2890157,0.65765303,1.8715472,1.451327,1.4417646,0.86565274,1.0534104,1.136606,0.5369887,0.8072975,1.2653167,0.58722806,0.7468865,0.3468093,0.60754526,0.10818392,0.18296854,0.5368216,0.5011787,1.3214973,0.86375636,0.7747791,0.18270409,0.6460562,0.83507156,2.0730839,2.3203511,0.5932338,1.2637969,0.55938905,0.0,0.52442735,0.010045182,1.1169,0.9081703,0.06818868,1.3805552,0.43282244,2.3354008,2.557631,0.46066487,1.4949998,0.76167685,0.119011864,1.4972873,2.9790988,0.8378175,1.3318491,0.34636757,0.7339892,0.167774,0.2191327,1.126643,1.5368004,0.74325216,0.063329145,1.1128411,0.48092797,1.5036312,1.4098576,0.70637816,0.087102145,2.100394,1.1235617,1.6131867,0.33161762,4.3362083,0.9035051,1.000472,1.0407308,0.37442055,1.8825574,1.6118298,0.06791853,2.1182775,0.8087622,2.3636897,0.44408497,0.80092263,0.8538611,1.1121446,0.4518662,2.3517082,1.3194124,1.7124147,0.11665204,0.008751703,1.2453077,0.45230597,2.786355,1.5163664,0.9968684,0.04932487,0.49756864,1.1544596,0.5219855,0.6531273,0.28647834,0.35675436,0.23040639,0.26472116,2.8818872,0.04115466,1.1361254,0.76096594,0.14691308,1.3326294,2.9707663,0.60238373,1.4179001,0.009986182,0.05852952,0.07513689,0.16083148,0.34759727,2.0002482,1.8909111,0.9149275,0.32676485,1.3350897,1.3112217,3.3480725,0.48360565,0.075849056,0.8111733,0.20153351,0.20826538,0.17238048,0.35565522,1.2101072,0.018955545,0.46380404,0.3596979,0.05315323,0.060728114,2.0317652,0.4200393,1.3714213,0.39110705,1.397596,0.18735072,0.83901584,1.1638367,0.30915174,0.95545197,1.7467259,2.5240622,4.278436,0.36809298,1.4426062,0.49899796,2.914768,1.1753174,0.5584175,0.2675167,0.64512825,0.16761582,0.8046082,0.0033222737,0.23462322,0.72998,0.39843735,0.0020890865,0.72662,1.2806007,0.28678426,0.48807275,1.2022524,0.5645319,4.50448,1.3138094,0.4544722,2.4030466,0.123798825,0.19276196,0.0,1.8846357,1.0457513,0.40223134,1.8882724,0.77064,1.7335167,0.12095808,0.73345053,1.4935579,0.99880433,0.72630334,1.262883,0.14855254,0.13981272,0.112246014,1.5707124,0.9180668,0.17407845,0.18559794,1.7466116,1.3705095,1.0988909,0.8554396,0.09601822,0.238186,1.0934561,0.85344905,1.7708356,0.06653288,1.7909359,0.0922084,0.37153694,2.0112224,0.5829204,0.3751246,3.4134948,1.4440802,1.667922,1.2074695,0.3742555,0.13476506,0.00028177092,1.1991788,1.5465608,0.36291164,0.54322636,1.6595414,0.8161652,1.233923,0.005528763,0.14554335,0.98046905,0.4147106,1.0782276,0.4804765,0.5399827,4.99657,1.3126411,0.23689292,0.70236087,0.021621618,0.37818438,0.5097356,0.6838178,0.83751076,1.5198411,2.7966328,1.343215,0.06501886,2.1568527,1.3533956,0.7040602,0.01577795,0.34051272,1.9046999,1.2464967,0.04020608,0.26062533,0.007324613,0.52125514,0.0034093389,0.29466972,1.4158378,1.5629685,1.8003825,1.6502907,0.25875106,1.8214183,3.0329826,0.49682164,0.082204476,0.09770831,0.8935545,1.9168987,0.74529886,0.45458856,0.25825706,1.0535363,0.5284416,0.79001087,1.5339829,1.7879077,0.97380877,0.7583277,0.6849021,0.011176795,1.5420762,0.6335171,1.2110895,1.2438675,0.836065,4.320845,0.740677,1.4110459,0.009989882,0.24938951,1.3749549,0.234246,0.22459999,2.320049,2.4461353,0.3844382,0.4955433,0.30338562,1.0363314,2.221493,0.20852242,1.535277,0.20587248,0.17931965,0.5144569,0.6914475,0.27163982,0.6227719,1.3667928,0.47765443,1.9989997,0.6986064,0.449505,0.0045098253,0.0071933037,0.80078465,0.59158796,2.333166,0.6653016,0.3128646,1.4852633,0.8565249,1.3528109,1.50478,0.25294518,1.1831145,0.009121101,0.737715,0.2171376,1.4638176,0.6790194,0.8586899,0.16263574,0.51750714,1.4680343,0.18522626,1.2623763,0.7045143,2.4621973,0.3936662,0.45636895,0.92817014,3.8401043,0.2401993,0.37891412,0.29879588,0.2829772,1.6352789,0.03170842,0.6787952,0.4266145,0.63788795,0.049756676,0.12192123,1.7008078,0.30781746,2.0360558,0.644841,0.14123473,1.77939,2.9233708,0.7333072,0.008968562,0.81920224,0.43676874,0.6697151,0.9434185,4.1975746,0.08150887,1.5970938,2.8401902,1.4728755,0.039934862,0.40642166,0.7687322,0.05913874,0.0022445694,0.9821544,0.14269465,0.35940108,0.61548764,1.8219078,0.88596475,0.3978377,0.2431398,1.0691642,0.21935003,0.82135314,1.824728,0.22407247,0.22726724,0.34153965,0.4593806,0.013497982,0.5421181,0.82204795,1.3087814,1.6138394,1.7123114,0.30892017,0.43366918,0.8100277,0.4992558,1.0840589,0.42771092,2.134565,0.66462564,1.1283761,0.0,1.0271018,0.093896925,2.8122065,1.0965705,0.63865995,0.29990378,0.053978134,1.9712379,1.9684108,0.15090255,0.55849946,2.1463408,0.3794445,2.6272779,0.5528565,0.013687422,0.60620403,1.4266522,2.098624,0.20709999,0.08739431,0.3619018,1.20772,0.876068,0.9257755,0.47446227,1.3155377,1.8514974,1.3333187,0.31074178,0.77853173,1.5183678,1.1870694,0.4639454,0.33288038,0.32268447,1.8122356,0.124631606,0.07349168,1.1359651,0.104358554,0.23766665,0.9702683,0.14521751,2.421202,0.0006515639,1.0323468,0.42114234,1.8074951,0.2352609,0.12655355,0.4074766,0.815212,0.83035105,0.722504,0.37547287,0.00068280584,1.915109,0.48083395,0.47167653,1.2223837,0.775118,1.1550512,2.4134314,0.7304782,0.064088635,0.5817017,0.011048297,0.3087897,0.286661,0.0021441125,1.7205137,1.0710169,2.9745557,1.3413835,0.1693723,1.1115222,0.57476544,0.008014264,0.7027128,0.3828311,0.37836155,0.544771,1.0087255,all_pothole_images\pothole_images_new_image_841.jpg
0.0,0.053575017,0.042507794,1.6787646,0.8923927,0.0,0.02144429,0.081896216,0.44909096,0.097401075,0.11685643,0.09570635,0.28016895,0.6651211,0.044648178,0.004057169,0.08598121,1.5580927,1.1198485,0.47034943,0.036741883,0.1559524,0.7433688,0.07971199,0.17346269,0.09589752,1.2432947,0.38924012,0.017145222,0.25961497,0.043776184,0.22055943,0.020058664,0.05035027,0.018432038,0.43953276,0.48463073,0.18174581,1.0826721,0.017761104,0.015352859,0.17364801,0.05566791,1.4472204,0.66557485,0.0,0.25477466,0.14482325,0.30574855,1.131036,1.0757079,0.8895345,0.0034912985,0.06852843,0.17410031,0.31006387,0.1483206,0.6960133,1.0534079,0.056029767,1.0870168,0.22042891,0.080974035,0.13000661,1.5254909,0.14256144,0.0,0.22815458,0.01096074,0.33579725,0.023059951,0.2435706,0.08656614,0.07182253,0.010827335,0.002852129,0.7127374,0.5692247,0.018073117,0.6400432,0.010741649,0.16719978,0.38081884,0.6113025,0.07663333,0.76538616,0.22791773,0.4306336,0.28329936,0.7291669,0.0007110539,1.0732846,0.3693357,0.0,0.17922376,0.09516463,0.15177727,0.13721955,0.5893143,0.10865518,0.06053151,0.16002262,0.5425868,0.0,2.7727213,0.007680981,0.21530104,0.401877,0.43036973,0.18819517,0.0038978688,0.29632598,0.07643719,0.0,0.4241789,0.012883306,0.18983456,3.2339761,0.71261346,0.0630227,2.0287418,0.31902042,0.09824395,0.46556956,0.21924205,0.3543086,0.13622592,0.10110083,0.94747853,0.46389753,0.12537092,0.7248274,0.0022642198,0.2803445,0.10053117,0.18055826,0.0046311105,0.2492742,0.04018553,0.10049805,1.0107747,0.26825538,0.21103181,0.94169647,0.027849218,0.3355046,0.008248016,0.05407699,0.5913429,0.004928967,0.79411924,0.30811328,0.063648604,0.017966967,0.65571827,0.26802784,1.672994,0.0,0.09678021,0.31473762,0.6453127,1.1837913,1.2097876,6.5433316,0.25088677,0.006832334,1.5505495,0.010312815,0.7970407,1.5753444,0.19588225,0.0035211383,0.0,0.003580817,0.46521983,0.21347715,0.0,0.34022656,0.12362517,0.08745314,0.0068163085,0.64264375,1.0380341,0.21064727,1.9977534,0.69753605,0.056131847,0.6036171,0.0,1.8416928,0.0048825373,0.7046979,0.46423393,0.75397164,0.8548143,0.039174132,2.3053806,0.077338524,0.287496,0.0,0.1495387,0.07059806,0.24104756,0.19319099,0.4459736,0.06197958,0.23271924,0.030171664,0.7468302,1.0139129,0.07200932,0.006101482,0.0,0.0932158,0.8151005,0.29881474,0.3905063,0.012188138,0.34051424,0.25176874,0.63030064,1.0722347,0.34175777,0.26440853,0.052177135,0.2892766,0.022706166,0.11548846,3.5757415,0.24928054,0.06007645,0.004835679,0.19366688,0.0,0.044720892,0.0,2.3072903,1.184164,0.06076829,0.053514663,0.61545765,0.5718346,0.28599504,1.002464,0.10212635,0.08296462,1.0094931,0.91963917,0.03294996,2.3933687,0.16283292,0.25937948,0.12969118,0.04442762,0.120967805,1.304101,0.01716897,0.35098255,0.008040377,0.007223286,0.068932846,0.10759882,0.21898538,0.6635456,0.0,0.17754002,0.25335234,0.43477392,1.3478512,0.0,0.016624069,0.0,1.0724093,0.29816037,1.6606308,1.1852597,0.12737702,0.9524237,0.1418492,0.05261725,2.3378656,0.21288829,1.5347984,0.032799326,0.15331748,0.14470719,0.4480791,0.014393682,0.26485163,1.1011631,0.036530063,0.15631494,0.17965272,0.029738069,0.028913336,0.22899516,0.011784655,0.6092417,0.023458421,0.36147675,3.3375614,0.45959282,0.14405963,0.0,3.4205282,0.0,0.210384,0.3110655,0.37050664,0.8956183,0.048176866,0.5601874,0.3026757,1.0435135,0.23162201,0.0446919,0.33401784,0.0772044,3.3031259,0.009032615,0.00015071369,0.8554136,0.08588207,0.90458083,0.17576863,0.16121854,1.6162508,0.0,0.5379591,0.0,2.5914545,0.06575569,0.54054296,0.16160996,0.04682126,0.0394071,0.9039452,0.0,0.0041141477,0.027480042,0.03931106,0.26852876,0.024290776,3.589076,0.8819983,0.04301598,0.0,0.13726532,0.70172864,0.27855107,0.7880969,0.008266747,0.525428,0.05274468,0.026879424,0.0,0.0,1.7842689,0.3206477,0.22929817,0.6487565,5.8204083,0.38745573,0.1772618,0.11515088,0.0643924,1.5722795,0.12021739,0.05029501,0.07268652,0.38665116,0.020398732,0.36072242,0.07556359,0.49637967,0.4886677,0.20300843,0.17678948,0.030159663,0.061256718,1.7154313,0.18552847,0.48381463,0.5747298,0.025479447,0.0,1.1596835,0.0075071594,0.0,0.034506593,1.2419758,0.8025918,0.6722384,0.441735,0.07067403,0.32318616,0.041747577,0.3025427,0.42429647,0.5296638,0.72311896,0.51408476,0.0,0.38554546,0.41304287,0.13710617,0.32247344,0.92638004,0.37162283,0.17490654,0.52697945,0.8127745,0.10057893,0.0,0.65080756,0.020476725,0.5327156,0.723845,0.0,0.0044222237,1.0023305,0.5237514,0.5425955,0.42355314,2.5353706,0.034625057,0.4783456,0.31303802,0.055052366,0.027642325,0.20030792,0.5366419,0.05008685,0.059438266,0.33038408,0.30527946,0.13506107,0.09087427,0.020632397,0.49666807,0.007293552,0.27140823,0.0,0.13458867,0.062277906,0.0122111,0.039114743,0.4391383,0.46538958,0.96928126,3.1368887,0.11045418,0.029251514,0.014037916,0.8189265,1.8406459,0.0010726621,0.24907656,0.15890546,0.109073795,2.219198,0.0,0.59218204,0.017953796,0.0,0.038959317,0.9639336,0.0,0.09810139,0.102534465,1.1184895,1.4610786,0.24578899,0.061480045,0.046450496,0.7705834,0.008550218,0.37264848,0.02696222,0.00615441,0.044639274,0.6932906,0.20740306,0.003491711,0.014473343,0.032771308,1.028494,0.010904966,1.3704641,0.0,0.6408302,0.026592778,0.0,0.22001971,0.0075183497,0.0,0.0056587025,0.3181904,0.011597305,1.7909975,0.11756567,1.0579021,0.76482373,0.08386615,0.12791467,2.9235303,0.4206163,0.0017329424,0.092800334,0.14613295,0.3157747,0.0055269524,all_pothole_images\pothole_images_new_image_842.jpg
0.7502651,1.197828,0.8886055,1.2311287,0.71851957,0.5474717,0.56310594,0.0007846234,0.4373845,1.5265243,0.69220155,0.36558813,0.16239326,0.24035093,0.9305964,0.36327603,0.09980959,0.498066,0.6864736,0.1629722,0.7965312,2.4198346,0.71389616,0.7398141,0.3980077,0.30097416,0.059406713,2.8691225,0.023504317,0.3279966,0.43276855,0.059864685,0.04243643,1.1683705,0.6034955,1.1192845,0.5817923,0.53397346,0.3989562,0.36681256,0.12790291,0.037701398,0.39460552,0.71555084,0.61256456,0.1287217,1.2259833,0.051678024,0.42532355,0.23244858,0.17128965,0.51287496,0.047847893,0.056885675,0.2377721,1.3409404,1.6912938,0.22108097,0.18632457,0.093663655,0.082399175,0.25655916,1.6126101,0.3209886,0.64357275,1.2217377,0.22610493,0.51602906,0.52801055,0.56231695,0.33104503,0.0034943407,0.31910133,0.30585623,0.07404368,0.83263624,0.08325698,0.91059977,0.0,0.3587404,0.5238908,0.5556392,0.118869215,1.8578111,0.5858943,0.6036191,0.5925594,0.97636276,1.3928856,1.1760588,0.41260812,0.18939903,0.2779305,0.16800943,0.0026929083,0.37012628,0.36410666,1.9895148,0.8715863,1.080616,1.4064159,1.6904932,0.2860387,0.56492615,0.13295195,0.582185,0.26827264,0.15631512,0.98786443,1.1350882,0.883492,0.87878835,0.31950545,0.50178796,1.0774173,0.33952978,0.819912,0.5629906,1.0997998,1.5572332,2.4362411,0.24388893,0.36230853,0.6967004,0.79302496,0.7173264,0.5715188,0.92214406,0.38366005,0.75588137,0.577855,0.07432133,0.76141346,0.33948663,0.27821347,0.19134091,0.60655844,0.7819975,0.118787825,0.089981586,0.48114142,0.48136827,0.0,1.189443,0.9724359,0.51112086,1.40401,0.12985249,0.21416995,1.3209203,1.2975336,0.5758508,0.6003082,0.28621078,1.211225,1.0682861,0.15495153,0.74706393,0.5290687,1.5140262,0.805598,0.03951915,0.2516924,3.7991621,0.20629154,0.09985832,1.2538412,0.23994347,2.2687054,0.7491064,0.18954265,0.04813376,0.4210753,1.2111435,0.48728836,0.8685914,0.3193119,0.06593095,0.8826409,0.35470784,0.010106071,1.994324,0.3090845,1.3798535,2.2446058,1.2659698,0.14226669,0.29172617,0.32585287,0.4898706,0.2744619,0.25008807,0.37209147,1.4592266,0.18373223,0.17733125,0.46538126,0.7083708,0.052591324,1.3107123,0.36653256,0.08500068,0.17708029,0.043895528,1.7460088,1.4321728,1.2907287,0.16938318,0.39054108,1.1027029,0.117995024,0.47412965,0.59749484,1.3426373,1.4556589,0.9962393,0.5759259,0.05212793,1.2207875,0.39652523,0.7615223,0.24158053,0.17935489,0.036793143,0.35943934,0.32150364,0.91508543,0.2683174,2.2540963,0.18367311,0.19157024,0.5520455,0.58168757,0.18386722,0.43800798,0.0,1.0036575,0.12632611,0.43844086,0.19022776,0.13631652,0.0,0.29112923,0.052769717,0.004808729,0.20675415,0.031431362,0.28052303,1.23281,3.3472092,0.8654175,0.210062,0.97357696,0.62267214,0.28458747,0.381449,0.8921385,0.21593152,0.4125618,0.9281922,0.88418543,0.6462662,0.50807774,0.18781893,0.47532335,0.3906516,0.4599692,0.5607514,1.9979286,0.057041295,0.78306764,0.21468563,0.12752812,0.36099446,0.49249345,0.5358318,0.48659188,0.30639875,1.6447843,0.35049024,0.5914419,0.15880743,0.51155734,0.1510267,0.34992954,0.38069373,1.2826692,0.20072012,0.5253489,0.3416041,0.22940756,0.08381148,0.09457172,0.76891124,0.21354797,1.1730381,2.153071,1.3837897,0.013641811,2.028683,0.9275732,0.34497386,0.15974323,0.9973509,2.789471,0.23717272,0.10775499,0.26928753,0.17693755,0.039862297,0.57703066,1.162711,3.1399019,2.1713912,0.75551945,0.33790833,0.33934644,1.1428663,2.612334,0.001786397,0.995762,0.037563216,0.328795,1.105985,0.28249022,0.6931512,0.6740463,0.77456295,0.97795975,0.15601882,1.733489,0.29543754,0.7156408,0.22740914,0.018771296,0.13580653,0.010933261,0.6122585,1.2506219,0.21601003,0.19856226,0.21845284,1.4574392,0.0,0.290917,0.20408638,0.100905746,0.063722506,0.63910353,0.46197906,0.45444453,0.39199883,0.4398574,1.0794761,0.17127107,0.0,0.55448437,1.4396205,0.84823436,0.90859616,0.48098195,0.27214056,0.9209507,0.12702926,0.112768404,0.6170807,0.34399405,0.2998833,0.2566597,0.37802407,0.6679924,0.15017079,1.3014874,0.26197717,0.34304798,0.1189603,0.044439983,0.23182882,2.0012002,0.49826562,0.38988316,0.087835565,0.9904872,0.74219775,2.0586674,2.2546163,1.4999181,0.18785477,0.6728481,2.114304,1.0203038,0.9641383,0.33960852,0.2777691,0.3218522,0.26151833,0.6798221,0.26598516,0.18714482,1.1527872,2.3042948,0.53905636,0.48517418,0.31536886,0.58803844,0.02917078,0.5004764,1.0513752,0.6682898,0.25916404,0.91869587,0.067383334,0.3680583,0.03584633,0.57246953,1.252142,1.1243514,0.49465972,0.22460349,0.04016283,0.27715778,0.15372369,1.3911887,1.121412,2.0126467,1.7893281,0.37517336,0.49176562,0.86256266,0.55745983,0.93749964,0.20266585,0.06504649,1.4120702,0.29569304,1.9120259,1.297716,1.433487,0.9444527,0.7803342,0.19694217,0.1702766,0.100348935,1.2378622,0.51425624,0.26782763,1.1077235,0.23479268,0.118391834,1.869774,0.80786973,0.06219041,1.6757015,0.28386778,0.98838615,0.17548674,1.3172415,0.7836692,0.17941815,0.53035074,1.7746512,0.00906252,0.8954008,0.10792593,0.1905704,0.6059682,0.022373699,0.34593943,0.6843461,0.89718956,1.8504138,0.306082,0.1004745,0.695637,0.3506142,0.049499065,0.07306393,0.7058122,1.1034392,0.2132576,0.9089902,2.5895133,0.62733,1.2981275,0.46380907,0.22675647,0.5673379,0.05337649,0.64407784,0.31398913,0.3534306,0.124410376,0.25311106,0.11018684,0.07508706,0.49389288,0.13897344,0.0998209,0.524668,0.24237302,1.1663967,3.644728,1.5016332,0.5627531,1.090782,1.3063667,0.015602459,0.30842632,0.08070569,1.0860883,0.6190466,0.32844344,all_pothole_images\pothole_images_new_image_843.jpg
0.35255495,0.55765986,1.0597569,2.1673973,0.037212383,0.0,0.124080285,0.009169183,1.2796866,0.3796869,0.96387,0.45780426,0.33422372,0.7837832,0.67803603,0.3963841,0.017678278,0.0061792047,0.27619648,1.1063895,0.6844773,0.22688474,0.8570477,0.036206014,0.51561457,0.016864903,0.48182833,0.18903694,0.041888833,0.21659987,0.19141263,0.0008562886,0.0,1.787521,0.016713634,0.22169876,0.22782646,0.22431985,1.4785386,0.19602196,0.0,0.9936742,1.0487312,0.046977017,0.8279676,0.06512284,0.015505153,0.72246665,0.2692979,0.20277052,0.70634013,1.2243608,0.26279718,1.6927171,0.47071686,0.270837,0.7178513,0.08646803,0.3750992,1.0971413,0.0,2.2569842,0.08506381,1.5250144,1.1487387,0.11678083,1.2609651,0.0,0.027195847,0.0,0.2669865,0.35124898,0.80523616,0.038137775,0.07164504,0.053280752,0.28860041,0.039608452,0.3902289,0.021577375,0.21963742,0.053622585,0.31468898,1.3626472,0.48395246,0.77099395,0.25765246,0.060438164,0.19405457,0.19361307,0.011314325,0.97303194,0.78707695,0.97959304,2.2045472,0.0,1.6871085,0.18673098,0.5449192,0.3909166,0.07155612,0.5946164,0.0,1.479774,0.79986554,0.02812575,0.21170387,0.56798816,0.43166032,0.19450337,0.15249339,1.6526484,0.80727243,0.20081829,0.015185838,0.10988658,0.01656577,0.20864318,1.2827085,0.7782148,0.22697125,1.3811499,0.41655084,0.828179,0.914086,0.75795746,1.0650036,0.0,0.67090046,0.0480491,1.2620063,0.10829134,0.5487687,0.023854164,0.65270925,0.7328214,0.050396685,0.0018958193,0.17652826,0.0,0.41130564,0.3126567,0.44364157,0.41375443,0.0,0.22223765,0.060562983,1.5692593,0.002386927,0.18610136,0.30657908,1.2435422,0.027099447,0.08698541,0.19973694,0.011536081,0.32165322,0.23228566,0.77237076,0.6170593,0.48822278,0.59392405,0.1685289,0.0,0.83822846,0.57893986,0.7739606,0.08242626,0.022417588,0.8796318,0.0008605409,1.2035558,0.014418007,0.0221769,0.114332534,0.4883552,0.079177916,0.0,1.4024776,0.2928929,0.0,0.6348478,0.13480914,0.5910199,1.0857768,0.017444523,0.040792216,1.4409128,0.28498998,0.3114202,0.2013428,1.3445661,0.094483025,0.33002016,0.3832407,0.02677697,0.37720427,1.8163275,1.5569452,0.07483913,0.275797,0.1918155,0.020941338,0.4513728,1.3349894,0.10777907,0.3415068,0.26644158,4.4457006,0.63653815,0.62179244,0.16615985,0.3697654,1.2748609,0.78288406,0.43154716,0.55780625,0.041738324,1.7683312,1.2724011,1.2277564,0.559684,2.1709056,0.19998382,1.4650294,1.1281456,0.632496,0.08430595,2.710366,0.051108107,0.399868,0.11792175,0.25453338,0.21797526,0.1833022,0.15334332,0.28663597,0.9801539,0.112418406,1.5466514,0.48913792,0.014189237,1.8578458,0.832047,0.30962306,0.09100772,0.2339502,0.28886226,0.8194797,4.689701,0.41057974,0.32318088,0.005075209,1.055427,0.0,0.012579234,0.0050571263,0.21656209,0.71690047,2.0158343,1.6247683,0.46066937,2.8631852,0.07720248,0.015316639,1.7134767,0.14977722,2.1443439,2.5415194,0.0,1.2973286,0.23603608,0.44536668,0.68539995,0.14830767,0.75468,0.98702365,0.07957303,0.40706858,0.030783506,0.8885958,1.3499011,0.097126596,0.06206392,0.14413223,0.988541,0.2336127,0.52677023,0.16049547,0.09493511,0.013500359,0.4140892,0.34855503,1.17533,0.11267141,0.31649724,3.1519363,1.4412452,0.06684835,1.7068416,0.19974716,0.107242614,0.083415546,0.26459873,1.699439,0.3499049,1.5845321,0.18812658,0.096251935,0.009452119,0.17268111,0.57359225,5.0839014,2.4582145,1.223506,1.100613,0.039318882,0.99451274,1.3308606,2.378636,2.9139822,0.119190276,0.87037003,0.8846543,0.05093487,0.24618483,0.729163,0.78896564,1.5961941,0.99612206,0.7965742,0.07384205,0.06847352,0.39257392,0.0142568555,0.002796209,3.0016005,1.2442087,0.64664286,0.19069509,0.9023998,0.24646622,1.4337882,1.9402645,0.086248696,0.48383638,0.5095471,0.4763054,0.19223076,0.3511385,0.0,0.41489562,0.8795174,0.68208605,0.24454218,0.27607423,0.53623974,0.16603924,0.07716701,1.5421457,0.5528055,0.22701348,0.97539663,0.84012866,0.1880533,0.34107858,0.33210757,0.37122765,3.5746145,0.81370294,0.07931089,0.23389828,0.24912791,0.10106392,0.56693274,0.1137115,1.5675254,0.047388125,0.23520377,0.30511123,0.99060774,0.07566985,0.9939074,0.82823414,0.86148983,0.003405302,1.6909475,0.24033219,1.3304664,2.0403988,0.028461687,2.6952221,1.3959149,0.606319,0.1847317,0.3134522,0.24329028,0.6323085,1.237975,0.039211746,0.1921407,0.6616216,0.4030201,0.51092523,0.9947164,0.45192,1.4571275,0.72414505,0.082447976,0.0,0.1529771,1.2735794,0.5164366,0.827589,0.21062094,0.9533005,0.43121237,1.0657628,0.44680908,0.20852493,0.010451437,0.5818798,0.11031464,0.7519387,0.23736934,0.004005414,1.2713913,0.03520915,0.6390821,0.09932014,0.42686695,1.105219,0.04065619,0.031107152,0.18492359,1.0296788,0.80481166,0.08472969,0.09672976,0.7597047,0.19426559,0.90364033,0.031605735,0.23334341,0.7893374,0.10783106,0.14643662,0.24057643,0.100453995,0.36856794,0.5141006,0.22421043,1.1194993,0.4335209,0.0056816395,0.5988409,1.3871557,0.0,0.1999443,0.14742479,0.6302587,0.06591401,0.5504176,0.07960318,2.9472113,0.024357313,0.06292383,0.040689036,0.019626029,2.0666218,0.377496,0.18633768,1.3160013,1.2910573,1.0372874,0.42312372,0.61533326,0.13676646,0.90407497,1.1113046,1.312174,0.17134382,2.292683,0.03941373,1.0086718,0.71655476,0.09909774,0.022405291,2.2506413,0.014291644,0.382255,3.7649262,0.04111322,0.0,0.08095892,0.04130496,0.470827,0.3729368,0.038847517,0.16648133,0.23526697,2.0263822,0.991869,1.020065,1.1539558,1.0735366,0.5105587,0.076446705,1.7561789,0.090493076,0.7803251,0.00073396,all_pothole_images\pothole_images_new_image_844.jpg
0.13965338,3.1446483,1.2865161,1.7941662,0.20350328,0.9093042,0.24397643,0.23283288,0.4780821,1.605234,0.18516287,0.6354104,0.51799875,0.87386525,0.0013103157,0.77734077,0.62186444,0.139413,1.3638109,0.9619255,0.72729653,1.2137138,1.4292922,4.3580284,0.56166244,0.29263824,0.25249842,1.4732282,0.026391823,1.4735864,1.3171952,0.0,0.6111951,1.847954,1.2463129,0.06305485,0.6433915,0.5317151,0.8569595,0.24618876,0.1519273,0.7400028,0.25326023,0.14251314,2.2488391,0.123193234,0.30706042,0.02740148,1.7040787,0.4705684,1.9856539,0.7723839,1.9878619,0.040945686,0.4641719,0.2627821,1.9780127,0.55770034,0.81788796,0.660684,0.7160795,0.6178599,2.3090937,0.5395959,0.8944445,1.1276278,0.09204748,0.7289698,2.8534904,0.68417484,3.089587,0.42919686,0.995605,0.0077209296,0.8272833,0.60289484,0.1890191,1.1581206,0.56351817,1.30911,0.034214772,1.8261721,1.2047559,4.961072,1.4542446,0.16174844,0.13818058,0.45921406,4.2081757,1.5811023,0.19647747,2.2047374,1.114772,2.4874706,0.36608037,1.094301,0.27168712,0.5712938,0.5339563,0.09901016,0.35275897,1.4134351,0.7430834,0.24241781,0.9327332,0.092498094,2.173037,0.0030661246,0.8107513,0.55785465,0.8344121,2.2268126,0.7976342,1.2592734,0.7822401,1.7509532,0.21605425,0.9352534,0.56620836,0.1749243,2.2016358,1.4849128,1.3823664,0.37214342,1.8552351,1.667917,0.3125433,0.23792286,0.1829065,0.7580297,0.42107952,0.492876,1.0700496,0.35371262,0.59781986,0.37390968,0.62496895,0.963532,1.2348043,0.58581054,0.889544,2.3525124,0.45463094,1.5930246,0.8043628,0.29081035,0.4301333,0.5457004,0.7468952,0.6738693,0.07404157,1.3577648,1.8466976,0.26760715,1.3696772,0.9502291,0.14059708,0.9313455,0.14780118,0.31488514,1.556394,0.31292596,0.12320865,2.1369956,2.8938012,0.42395416,1.9367452,0.060907498,0.61682266,0.68925786,1.0375651,0.080793545,0.8190493,0.13601781,2.1616893,0.19127378,0.41736466,0.5228424,0.069308154,0.61701304,2.2972946,0.86928684,0.95575565,0.83611786,4.622789,1.2384942,1.1664908,0.16031075,1.0827621,1.2384844,1.4037162,2.2038286,0.3648967,1.5363078,0.24427067,1.7364665,0.005439139,1.7951539,0.2371603,1.1792716,1.2079952,0.59482086,0.07993281,0.492966,0.5431043,0.4474371,0.22646265,0.021059388,0.8180858,0.49166793,0.7855639,0.903959,1.148637,0.8992124,0.22184512,0.16386451,0.7096698,0.19904572,0.30193973,0.62782043,0.5304671,0.045886524,0.6254293,0.59059405,0.467074,0.018858187,1.5562716,0.18182844,2.841446,0.20107551,1.6247823,0.18155798,1.2437401,0.8970894,0.582365,0.25897303,2.0404532,0.07686941,0.008964384,0.1794208,0.5380308,0.5793119,0.16715756,0.07270477,0.5850784,0.14682055,1.4641685,0.25984797,0.58302814,6.0570602,0.7136906,1.2943692,0.42829195,0.34767303,0.549158,0.036816165,1.7800244,1.9206456,0.64288384,2.0521502,0.41940662,0.6683577,0.17568302,1.1388949,0.38983515,0.49854857,0.006109172,0.9591279,0.5930725,0.59988326,0.5453433,0.0,1.4664453,2.1905875,0.33891505,1.8107545,0.5259137,0.61198384,0.095071584,0.86485416,0.018964041,1.8483889,0.7551286,0.52061737,2.3188639,1.0641563,0.11389535,1.0584522,0.9586939,0.7707073,0.16667412,0.52403826,0.1420393,1.3571167,2.1552246,0.44332317,0.93980414,0.8716179,0.6934616,1.2625641,0.2308225,0.7554972,0.0,0.12324312,5.0199866,1.5576006,0.35153416,0.55983603,1.3064865,0.29629722,0.0,0.68174416,7.1488996,1.0756414,0.23035128,0.11266036,0.87220716,0.076097205,2.5254064,0.8243683,0.21003108,0.15680377,0.25525054,1.5213665,0.479046,1.1050204,1.3789935,0.7296035,1.6376812,0.10534627,5.7765527,0.38240373,0.14874129,0.05813799,0.5814962,0.016288074,0.6289398,0.34460303,1.3248115,0.09162739,1.6402588,0.9662847,0.57185507,0.04070939,0.38600525,1.1803321,0.46889144,0.36307988,0.15941857,0.9180716,0.4636566,0.7266375,0.13786052,1.9927409,0.025922092,0.664722,0.35126102,3.1465101,0.091041215,0.25812522,0.026293311,1.6249824,0.7635976,1.221996,0.088511884,0.6670931,1.4631839,1.0269284,0.3857594,2.5261283,1.1394403,0.846575,0.22726382,0.2002999,1.3291413,1.5267315,0.14332034,0.35036469,0.6315409,1.2700559,1.1762824,0.47255713,0.5132654,1.9743155,5.4916716,0.5468731,2.7858777,2.9231339,1.4323789,2.1723452,1.1761419,1.9536715,0.8249921,0.64255613,0.0014385076,0.34963232,0.9510583,2.785784,0.36933982,0.08479772,0.66279143,1.6069896,0.09531015,0.9409701,0.108247325,0.54528856,1.4194448,0.2895591,0.02598426,0.12201061,0.22443879,0.3517582,0.32510102,0.37640145,0.091048226,0.74282366,1.208532,0.48023987,0.57319057,0.08462214,0.119304575,0.10774222,1.9401494,0.47334632,1.0548476,0.58047014,0.5153324,1.2738738,0.40709016,2.1219637,1.9168043,1.6619331,0.520278,0.33532256,0.23308693,1.583921,0.9232363,0.19335257,1.695315,2.02783,1.7525527,0.15491669,1.8564711,0.15894867,0.91828233,0.3314604,1.1824878,1.1329585,1.1072059,1.9351847,0.91085,0.45145968,0.6986794,0.18974069,1.6674465,1.283901,1.3345886,0.39143324,0.11588342,0.40749383,1.0394944,0.049782354,0.57825893,0.22307697,0.9532806,0.5594384,0.41888148,0.0018860913,0.93880117,1.6100034,1.1789721,0.22650115,0.2440017,0.08659288,0.88284594,0.82444024,1.26551,0.3503381,0.03241075,0.079776034,0.7203478,3.1868768,1.1103257,0.035268076,0.19489333,0.5243657,1.2076824,0.15266646,0.47412574,0.0,0.34854716,1.7740687,0.0093374625,0.62558365,0.21973526,0.37961403,1.1246401,0.000991484,1.4164214,0.6423128,0.5192349,3.9077902,0.5377655,0.31630647,0.6890069,0.30062217,0.025893826,3.0927544,0.19957355,0.08339147,1.0798682,0.04796446,all_pothole_images\pothole_images_new_image_845.jpg
0.5348374,0.4377453,0.1892666,1.2959534,1.1329997,0.5426414,0.6981947,1.0729443,0.4413491,0.39533913,0.051690403,0.40509912,1.1549504,1.5044525,0.0021857196,0.06547246,0.07726787,1.6637578,0.42652246,0.3649906,0.29433644,0.6554255,0.5948307,0.70565903,0.24401799,0.034400526,0.5437777,1.015093,0.08387214,0.6575628,0.5180036,0.39998907,0.5366155,0.3000679,0.61940944,1.8498155,0.25157332,0.25151545,0.20611778,0.6033867,1.1212319,1.5727109,0.390972,0.29300994,0.35800233,0.19196847,0.27089664,0.0,1.1493586,1.8314296,0.52178884,0.082394384,0.77730954,0.45304754,0.23491023,2.6148005,0.8125488,0.6343608,0.7938349,0.161393,2.4262903,0.6739933,0.36863518,0.33994728,1.4806658,2.4329793,0.04928578,0.093872234,0.66129,1.1164341,0.5371718,0.02604426,0.18154858,0.624626,0.07003856,0.14816828,0.17416286,0.64769876,0.08403266,0.096522756,0.047944024,0.210089,0.7203457,0.9094751,0.06950481,0.73524356,0.3195306,0.38002515,1.0734196,0.3275135,0.97310483,0.648468,0.6708138,1.5752891,0.2512562,0.013266703,0.8338474,0.111000866,0.052175242,0.0051997453,0.68807095,2.7043023,0.028427886,0.115379944,1.6114764,0.6478525,1.0756564,0.6182757,0.33487803,0.20617402,0.3235987,0.11120543,0.23153836,0.12065457,1.6838582,0.586225,1.8358947,4.3619127,2.0986352,0.1628985,0.6427963,0.06386388,0.94444036,0.9602174,0.74106014,0.9582853,0.6040868,0.59406406,0.8353406,0.25094062,1.7608156,0.19850993,1.0008227,0.88673365,0.24714997,1.4547023,0.32539475,0.033592638,0.9887432,0.34111983,2.0946467,1.4375408,1.2754598,1.247232,0.2071993,1.0163946,0.45892745,0.88642234,0.9172535,1.1445793,0.4701193,0.8330964,0.8783281,0.11249553,0.5461215,0.37319073,1.1184458,0.7784057,0.106098585,0.35264537,0.5407876,1.6432297,0.18973537,7.007583,2.1821675,0.0,1.5047429,0.8096794,0.39523634,1.2786623,0.41886622,0.16709131,0.06384441,1.8270935,0.9479294,0.014906029,0.9240917,0.447035,0.28826594,0.9055945,0.32843825,1.3924965,1.2155409,0.87230325,2.5168023,0.100709036,0.92874557,0.68089396,0.19648096,0.21590124,0.53003716,2.4357994,0.26816437,1.0702093,0.05445253,0.57574826,1.6868731,1.3115376,0.013118257,1.2441032,0.3780542,0.10644593,0.269474,0.40747768,1.7924899,0.46688765,0.94996405,0.41497427,1.2389374,2.7594817,0.10911223,1.1373034,1.6065091,0.6306725,1.2872225,0.03775862,0.32857466,1.0902537,0.73534983,0.37445453,0.2287117,2.7171073,0.1850038,0.0012511449,0.07910324,0.34088707,0.19884211,1.17628,0.9481036,0.061669905,0.48417187,0.9013724,1.5312152,0.05227259,0.49617228,0.37730664,0.6545098,0.12050853,0.8262278,0.26939434,0.40327033,0.14611854,0.41669667,0.6616718,0.03638016,0.14652696,1.3977236,0.59471935,0.48886332,1.8809643,0.7345259,0.07916231,0.73940647,0.88456887,0.2176098,1.1928889,0.08765685,1.0697448,0.24555622,1.9337668,0.44391957,1.6893412,0.15797798,1.229993,0.40569288,0.60847104,1.2775289,0.035297997,1.7977908,0.86860484,0.80089134,0.014836892,1.2541851,1.4879549,0.66318685,0.4947221,0.9662977,0.63180923,1.7746986,0.9598379,1.8472977,0.36290136,1.9023045,0.8105265,0.0,1.3100994,0.39161617,0.5658733,3.0530078,0.99536115,0.07933018,0.9300878,0.57837445,0.35000616,1.6156429,0.015049005,0.37485406,1.3664035,0.5721307,0.24682465,1.5490227,0.6007415,0.30465546,0.16147697,1.6970828,0.10855334,0.2519634,0.97168213,1.386373,0.7680476,0.55464864,0.4279858,2.1845279,1.1855205,0.8386962,0.05461216,0.13057068,0.2360758,2.7073925,0.13275413,0.81111336,1.0679636,0.5467526,0.84319663,0.956086,0.6891964,0.21666044,0.056566868,0.7403741,0.6591099,2.9867787,0.14945967,0.28000808,0.5181379,0.23430896,0.12872118,0.82199246,0.42661136,0.8009047,0.058418788,0.072187595,1.0952398,0.04566157,0.55279374,0.35702273,0.08457353,0.030500168,0.36521548,0.48629266,1.249378,0.5643491,1.0498929,0.07790472,0.020171935,1.7014593,0.09678237,0.3278928,1.9605423,0.35137472,0.21410276,0.80164707,1.8456402,1.8354095,0.043404236,0.017697567,0.07191642,1.1538061,1.0460893,0.11238683,1.969205,1.4743683,0.60730827,0.4068774,0.32907963,0.39673373,1.0905418,0.07745536,0.6905938,0.20276614,0.06831146,1.3666236,0.112849236,0.11566726,0.2659012,1.2664555,0.18373722,1.2289963,0.79604805,0.22808109,0.8206013,0.7928495,0.6012444,0.42414948,0.1929687,0.5827809,0.66638905,0.052852936,1.3756192,0.7985841,0.12570491,1.3656493,0.8447146,0.052405365,0.121281795,1.9772003,0.0,0.73743576,0.7182775,0.33826587,0.21539666,0.28742555,0.45305175,0.16416965,0.2761139,0.492002,0.1224494,0.9305292,1.7550509,0.29214472,0.27732453,0.8306287,0.89806396,0.6964913,0.5519697,2.413218,0.9324797,0.5885749,1.0104196,0.26593912,1.9272035,0.43924072,1.1377637,0.6886902,0.41259485,0.074337244,0.72984654,0.46663252,1.1568685,0.27688637,0.60049963,0.11730947,1.1273465,0.2120222,0.07091768,0.0039372314,0.18647036,0.5306508,0.5880763,0.014551549,1.6137961,1.9675944,0.0062497244,0.10190119,0.5631431,1.0071375,0.23242098,0.07816137,0.49433345,0.53445816,0.13117431,2.8763359,0.5156274,1.761542,0.33309126,0.34995857,0.07940103,0.5256697,0.057083447,0.9385417,0.04321641,0.8545154,3.7834506,0.0031600401,0.5006234,0.30596712,0.5421682,0.67132133,0.5478554,0.10336973,0.10608451,0.20066017,1.586019,1.0862417,1.0891271,0.016991658,1.2530047,1.372132,0.07440177,1.789759,0.10512145,0.36737496,0.45605636,0.62547743,0.46372673,0.39425993,0.020707106,0.30374253,0.042713862,0.3437802,1.0419054,0.9003498,2.1750598,0.37826124,0.22278468,0.00039733367,0.58628464,0.10232865,0.3256427,0.24610862,0.048032314,0.21119149,0.36011255,all_pothole_images\pothole_images_new_image_846.jpg
0.52125424,0.36245236,0.0,3.297688,1.1097404,0.2585364,0.081480294,0.015196905,0.054350637,0.99578154,0.3628378,0.839623,0.0,1.5302182,0.0,0.21117067,0.5136161,0.9224653,1.1195385,0.10482753,1.15718,0.094823755,0.21373463,0.61234534,2.6622548,0.31302336,0.327209,2.2065225,0.038617533,0.020109534,0.5045629,0.22084256,0.2550166,0.8852048,0.11534064,1.3382711,1.2867601,1.1217072,0.20682235,0.32567346,0.007044127,0.0,0.39778545,1.763553,0.7215521,0.10052878,0.09346165,0.41948676,0.2076968,1.6974418,0.24555492,0.01605972,0.03203373,0.0024091739,0.32583284,1.0824269,1.1608443,0.43272045,0.037703194,0.0004267595,0.18604527,0.25044543,0.1276418,0.22925201,1.3483227,1.0134513,0.9077715,0.0062405732,0.20355232,0.024185594,0.24119143,0.0560189,0.90281755,0.0005189685,0.87341726,0.1114908,0.02281218,1.6362948,0.03750034,0.06642094,0.0,0.66952467,0.1781495,1.806804,0.43746382,0.0392078,0.028952038,0.011752476,2.3913512,0.14211327,0.1899554,0.32943958,0.14774652,0.19274136,0.39566365,0.011985125,0.5525777,0.39535305,0.73155886,0.15309401,0.08489936,1.9486146,0.84777963,0.009019819,0.92552996,0.06876122,0.6369576,0.00036138203,0.058127753,0.47960213,0.0,1.2269857,0.2906268,0.4284299,1.6412908,0.34752607,0.16966687,0.06279901,2.7583346,0.68371004,1.9039197,0.14343135,0.011380849,1.2888527,0.4606413,0.51764697,0.013292305,1.6208211,1.1503817,0.054402098,0.17257749,0.0043802178,0.50409883,0.037303913,0.40016174,1.0451738,0.17561121,0.1577502,0.19117892,0.013340268,0.10520484,0.21311086,0.093543924,0.20684986,0.0030744593,0.17819649,0.061626162,0.40389532,0.19921406,0.029470516,0.62301457,0.6263823,0.1467471,0.302463,1.2496542,1.0783576,0.21328416,0.046752356,0.9489487,0.18867175,0.6638388,1.9635369,0.3277738,1.3461347,0.19855595,0.51926357,1.1498059,0.2006031,0.68806666,2.9974663,0.0,0.0053312485,0.0,0.38038674,0.07301578,0.05483092,0.40323955,0.3640952,0.0032030814,0.046480186,0.0,1.7213019,0.71874905,2.7381961,0.8313833,1.9394599,0.33652234,0.29185975,0.47967774,1.0772376,0.12599668,0.18059596,0.35498777,0.22215813,1.3262594,0.3048875,2.1901956,0.15140371,0.9062243,0.028465612,0.03822011,0.15412216,0.04118635,0.52309275,0.42236644,0.19692118,0.7385099,0.5325221,1.5190592,0.998239,0.0,0.0,0.42796636,0.32301533,1.9258573,0.9884658,0.061526686,0.39044812,1.4042639,0.52146226,1.3863198,0.8666101,0.30725384,0.10770433,0.06509895,0.22149393,0.016693309,1.4426777,3.2029424,0.9,0.20773436,0.15106435,1.8571478,0.23117569,0.010565683,0.41604075,2.6033165,0.33945018,0.4507458,0.23045155,0.29257444,0.11454936,0.2666757,0.38918996,0.021989593,0.008434096,1.4602141,0.1703008,0.045165833,5.9731855,0.2007353,1.2343876,0.020736624,0.81709415,0.003516258,0.11657065,0.3812813,0.98395705,0.08689767,3.0534375,0.26970482,0.20037596,1.0707121,0.24238995,0.3591642,0.0022990147,1.794669,0.16656119,2.419735,0.12553236,0.22424679,0.023024416,0.88698435,0.009427503,1.1727535,0.44792685,0.004404313,0.11764215,0.2377468,0.48650393,0.8982285,0.1245137,1.6678599,0.0009803382,0.57241344,1.1053994,1.0103549,0.23837407,0.6457374,0.16150522,0.0,0.61477464,0.121781655,0.771445,0.26966488,0.21581684,0.059876353,0.25602853,0.2891016,3.1438816,1.5420458,0.71964467,0.007040489,0.08379953,5.0772805,0.006804942,0.62122416,0.2557155,0.37896314,0.3006515,0.50230616,0.012349198,1.7676715,1.3951871,0.6165074,0.62245417,0.0036509791,0.7540988,4.0756536,0.31725347,0.30752182,0.5813138,0.56481296,0.9660408,0.28544557,0.021047855,0.42858347,0.06592118,0.19300608,0.48360574,1.9862814,0.5715107,0.21622291,0.0417405,0.004476773,0.0,2.6584873,0.23447718,0.27731174,0.07600503,0.46888542,0.7043425,2.0760984,1.7633321,1.0120637,0.0,2.440838e-05,0.54872245,0.0509027,0.19399618,0.051868744,0.7148834,0.26891103,0.5098214,0.13521074,0.22783619,0.11936647,0.985874,1.0261588,1.3258679,0.0024646774,1.6633291,0.5804758,0.68235546,0.047447894,0.02557181,1.6528901,0.021865841,0.107472844,0.7010816,0.4169728,0.0032356004,0.45820338,0.05470798,0.0043184627,0.12780452,0.34004948,0.28865892,0.27167624,0.11618881,1.4849937,0.0,0.88326925,0.9181375,1.145345,0.19770513,0.6867777,0.015555601,0.27736625,1.434307,2.1047666,0.70371324,0.75425565,0.23933277,0.00014104102,0.16895786,1.6024568,0.039548714,0.43905595,0.0,0.055010084,1.0735587,0.4528753,0.01047705,2.0799205,0.41515836,0.54449576,0.26384664,0.40380433,0.22448523,0.530503,0.17004853,0.004117446,0.22240537,0.031274207,0.16552345,0.13654257,0.9168239,0.43321654,0.0,2.4903197,0.77705216,0.526709,0.664448,0.62432224,0.09963886,1.1323309,0.062475625,0.011976761,1.5109284,0.16466212,0.06916804,0.5470495,0.17117949,0.37591514,0.89337593,0.47972098,0.6595982,0.0,0.17366596,0.71531475,0.35578194,0.15830731,0.009011397,0.0,0.14142996,0.63336354,0.45211875,0.03431035,1.0687009,3.7766125,0.30201405,0.4579847,0.481432,0.7750295,1.1015875,0.05097607,0.6377543,0.0,0.31462312,1.2455328,0.06957669,0.7678095,0.0,0.119527794,0.08187507,0.34151867,0.015425126,0.044676922,0.16443615,0.40559807,0.7337703,0.015615179,0.8215959,0.9728832,0.19344784,0.44580594,0.7043727,0.9723229,0.39607263,0.024064329,1.331334,0.32489786,0.198566,0.44502848,0.22956899,0.33596763,0.0,1.5951235,0.019060131,0.7460152,1.4595119,0.0,0.026174713,0.0021528942,0.10455581,0.0781369,0.5025062,0.0853189,0.31829914,1.0519185,4.9292417,0.75596803,0.0,0.6038583,1.6764731,0.40612465,0.038987525,0.21576712,0.23638315,0.15629165,0.27501887,all_pothole_images\pothole_images_new_image_847.jpg
1.6047806,0.6863869,0.5092718,1.1520911,0.032963082,0.37069616,0.24698412,0.081433624,1.6498276,0.24708152,0.53939843,0.5593538,0.5213383,0.08371547,1.1756924,0.65430385,0.27351084,0.24439156,1.6233774,0.22179161,0.9612654,1.3821275,0.59381884,2.7490737,0.44827643,0.43181565,0.010916392,2.082689,0.042295747,0.19469585,0.5863407,0.06395305,0.81578547,1.4541272,0.96282053,0.48000067,0.802382,0.7767775,0.6915258,1.3769119,0.12875633,0.47871578,0.43422052,0.5602649,0.4180039,0.08506646,0.13155234,0.50603265,0.47989413,1.1527051,0.4398921,0.52777475,0.8139196,0.0014117092,0.24726227,1.3977886,0.51179045,0.031749357,0.03601587,1.2761164,0.18693511,0.036557782,1.1589187,0.024650035,0.6933459,0.8636305,0.3380036,0.03420594,1.1303213,0.67006433,0.022688821,0.17624454,0.09736812,0.3357016,0.08940189,0.72349674,0.29113755,0.4381664,0.387416,0.36368093,0.2275389,0.65290165,0.3659605,0.88581645,0.740242,1.4619721,0.041387767,0.5593638,2.9607036,0.67005664,0.5625768,0.046402298,0.0032726577,0.42766538,0.6216871,0.05556778,2.7431428,0.6325798,1.0247917,1.1982763,0.31742126,0.34955814,0.607827,0.28280005,1.1750885,0.5856835,0.63118804,0.3391019,0.80350703,1.6846957,0.0748796,3.0272536,1.8225746,0.6874215,0.0,0.57227075,2.9816794,1.5235497,0.010512483,0.8109174,2.4120042,0.22093405,0.2788848,0.013345203,0.6262696,0.017491326,0.88134307,0.7195781,0.81004614,0.33496693,0.09449441,0.35232937,0.30216348,0.52371377,0.9807519,0.8793201,0.2106979,1.291588,0.32354128,0.043703705,1.1441823,1.092986,0.23022708,0.5017227,0.10428099,0.1491462,0.96645457,0.393498,0.4817529,0.44163796,0.06757404,0.009749323,0.6641887,1.0729867,1.2912625,0.08022723,0.2971933,0.2711304,0.102862485,1.4936676,2.145562,0.51756567,0.0,0.26838204,0.028425226,0.6991542,0.1660634,0.020903025,1.1710966,0.22170298,0.2700326,0.033954054,0.17157066,0.26141223,0.8575928,0.13575271,2.856707,0.06743245,0.23621972,1.989203,0.66632855,1.0856508,1.1671991,0.59574175,3.7806494,1.3702109,0.3246413,0.85952896,0.1394142,0.6466986,0.014457678,1.7402558,0.7737251,1.8130401,0.48135668,0.16568613,0.16788651,1.649381,0.5318077,0.89468205,0.08084974,1.2011975,1.9621538,1.0429778,0.9694176,0.64261615,0.2819782,1.1643687,0.2709263,0.24562295,0.014296322,0.24850644,1.1723166,0.48027438,0.10050964,0.24142206,0.26626343,0.95491165,0.8014282,0.022488657,0.16617793,0.9073919,0.7963709,0.8880931,0.019159064,0.9557976,3.1468396,0.4459515,0.6620046,0.5476842,0.5116185,0.821207,0.20857893,1.241646,1.6915873,1.415489,2.0524948,0.13575932,0.14233606,0.026192203,0.40829012,0.344501,0.8035813,0.5248933,0.047122583,0.12545672,0.5525788,0.6864944,0.29873148,0.98770934,1.7774396,0.00761155,0.5554957,0.9967166,0.85567766,0.0061057867,0.65816027,0.8900722,0.43864673,0.17771548,0.021076249,0.017015977,0.08408527,0.5255249,0.4153995,2.1696858,0.4467939,1.3314738,0.4097579,1.2499266,0.12646712,0.04958171,0.0,0.60193485,1.748854,1.8905859,1.5305004,0.57351184,0.24995424,0.7884764,0.3095461,1.6070073,0.11314364,0.4105362,0.09172436,1.2165209,0.07450706,0.4079993,0.21555686,0.48877373,0.5587738,0.19510606,0.61192185,1.2801002,0.13144055,0.047750346,0.92792076,1.0928403,0.81277835,0.070632294,0.028502077,0.83194697,0.29336867,1.6927202,0.5049671,0.3826084,0.24720284,1.0295731,0.6394267,0.44498926,0.34541857,2.1505606,2.7907312,1.5982391,0.028179688,1.929065,0.2642652,0.9991522,1.4420916,0.9462367,0.8462764,0.6168321,0.22059482,0.15602216,0.5658061,0.1762389,0.390071,0.076264985,0.7829794,0.89708275,4.294385,0.68701917,0.0,0.61171955,0.17147344,0.7160098,0.27569342,1.1958704,0.095156014,0.010125285,0.14945364,0.022475544,2.124795,0.05787029,0.011322145,0.37059215,0.9163039,0.6670138,0.09004971,0.8409752,0.62181807,1.2026393,0.084554054,0.76833576,1.9761752,0.067802094,1.2074026,0.15804112,0.04688761,0.45587826,0.23284632,0.22137345,2.3375585,0.2840838,0.21750958,1.3682456,1.664154,1.1707643,1.1509038,0.39736304,3.518796,2.0729864,0.579109,0.11170934,2.2772465,0.12162395,0.252307,1.3748093,0.0517671,0.8676258,0.50175446,0.0120882,1.0842867,2.5753798,3.7029207,0.7868375,0.18435334,0.015962914,0.027656814,1.8010255,1.7086166,2.559737,0.20930961,0.50767654,1.4204699,0.7917109,0.5952433,0.15045016,1.2323968,0.15027225,5.0527477,0.22469422,1.302784,0.037847087,0.095887944,0.32712734,0.75905234,0.031270444,0.48370695,0.049236063,0.20088933,0.16553599,1.6994382,0.92425144,0.25052112,2.1512372,2.2952056,0.42427608,0.85779095,0.29420602,0.38018098,0.92495584,0.24790443,0.049126297,0.578077,0.5664412,2.3392885,1.5797231,2.025703,2.150646,0.15497139,1.316712,0.21368307,1.154232,0.83730674,5.444641,1.0403595,0.14389096,1.245463,0.2942515,0.52333915,0.7972863,1.401077,0.54263073,0.6743852,0.0953126,0.8295104,0.9760977,0.023748036,1.4266601,0.46988952,0.6628742,0.47199926,2.0368865,0.49193045,1.2827281,1.0403302,1.0607455,0.022866154,1.6756587,0.3034291,2.1690116,1.6300488,0.0012331797,0.16009906,0.3885698,0.8225123,0.1934199,0.5831025,1.3413782,2.0393617,0.14839377,0.32233077,0.03268991,1.6662297,0.09029538,0.03768918,1.0654542,1.1593796,0.15761337,1.7981262,3.8584325,0.42186177,0.5332884,0.55549324,0.42874354,0.84976244,0.5728967,1.1734111,0.810444,1.1730963,0.65261334,0.064300105,0.6651255,0.494288,0.10634591,0.31286883,0.2875364,0.12576123,0.16336328,0.09808688,2.5095727,1.16185,0.3961268,1.1972684,1.6335614,0.31123894,0.57747144,0.59005636,1.1256758,1.0417196,0.08132769,all_pothole_images\pothole_images_new_image_848.jpg
0.76581246,0.4354367,0.16017993,1.1299357,1.2660329,0.061326053,0.0,0.054396756,0.6093009,0.39887002,0.041629784,0.45700344,0.63933766,0.24209629,0.072801694,0.1434136,0.1952529,0.026328294,0.5050313,0.019816073,0.914227,1.505825,0.08101861,0.19131212,1.5471084,0.6020123,0.45984513,2.1240554,0.0,0.37174875,0.6345794,0.26810822,0.14390661,0.3804867,0.5021815,0.6431112,0.48614907,0.53979594,0.74481666,0.43963987,0.0,0.0025374587,0.24237995,2.0173404,0.1855238,0.21210939,0.0,0.21927859,0.36155084,1.0691737,0.26566213,0.17825581,0.3419066,0.095860235,0.0042017926,2.5720901,0.7826971,0.1218223,0.1492099,0.049740493,0.03878766,0.19070168,0.38645682,0.2618492,0.99022,1.0069724,0.14518413,0.04403779,1.4457629,0.34360573,0.21924649,0.33608043,0.14980003,0.40845248,0.35726964,0.047913477,0.1897557,0.4322763,0.36295375,0.20423795,0.06673069,0.0,0.047839183,1.0055882,0.68097794,0.25163585,0.39592656,0.21575883,2.5406952,0.21853489,0.70971304,0.061654337,0.07856164,0.45921123,0.0,0.026360704,0.2765946,0.16973072,0.6520052,0.693251,0.14486949,2.3017337,0.2670056,0.011864047,0.10442341,0.35694206,0.90446764,0.26812738,0.08252535,0.23349936,0.023340216,1.5459777,0.61328834,0.51965207,0.23509885,0.9602421,3.2796738,0.5751689,1.35919,0.8737748,1.7115095,0.0271485,0.3797703,0.6194795,0.9102486,0.6442474,0.19562034,1.2047586,1.4816651,0.0014738693,0.16120653,0.0034500912,0.24991742,0.25226983,0.2632166,0.65240055,0.37634575,0.363046,0.7862391,0.011123007,0.60842437,0.061720055,0.023305865,0.66200954,0.12528972,0.9827108,0.59761983,0.0691679,0.7543332,0.32501668,0.54703,0.34571442,0.020541107,0.015366396,0.8116565,0.45924696,0.72579736,0.07227424,1.0065488,0.9541884,1.4866439,0.77066123,0.16856568,2.6508605,0.034495384,0.40358055,0.40493613,0.17997296,1.9406806,0.50862026,0.014889189,0.06074049,0.03886778,0.119950406,0.60694474,0.0,0.38428146,0.23605469,0.03398121,0.31761122,0.07389988,2.4795415,2.0485747,1.2934393,3.2596335,1.1928813,0.49990377,0.6582753,1.0651966,0.19965139,0.45563737,0.24622391,0.11613993,1.972143,0.13460086,0.37609333,0.7006783,0.12743562,0.03369563,0.2074437,0.6550365,0.8243764,1.2020447,0.97433686,2.3413386,0.91729826,0.55446136,1.0337495,0.65032524,0.09640936,0.0058519845,0.14938131,0.30727533,0.25709826,1.3541968,0.84230757,0.023825964,0.11184018,0.6046489,0.011867718,0.9400921,0.6457957,0.53041893,0.021956181,0.04805216,0.75576055,0.3888283,0.2604316,1.6632591,0.10904316,0.1505854,0.15884587,0.3492641,0.5098125,0.10833382,0.13728923,3.0108113,0.10919868,0.08924189,0.2367032,0.015181933,0.16549323,0.0958534,0.009169745,1.1458608,0.0,0.11541056,0.13897529,0.3675279,3.1631632,0.06774952,0.31274056,1.2813125,0.23302747,0.20416096,0.016157512,0.431351,0.68231237,0.09435855,0.85957867,0.12149847,0.051309012,0.20440377,0.7105273,0.59427005,0.5177895,0.36405134,0.4664752,0.6618764,0.28568938,0.0015561143,0.20951602,0.6229637,0.24242121,0.65734714,0.83823925,0.29791442,0.7250965,0.315152,0.64982015,0.19361538,0.09957781,0.9989736,0.0,0.22927758,1.0320891,1.3167313,0.029598137,0.765622,0.29905307,0.038586132,0.0022355258,0.32496732,0.91761905,0.07544467,0.10026973,0.2942658,1.4101319,0.7720458,0.9453375,0.68650925,0.98395246,0.0,0.38838768,4.950134,0.25167057,0.28505477,0.15481159,0.20660844,0.4947918,0.7036967,1.1763108,3.3751633,2.7150707,0.066108815,1.0988503,0.084200956,0.80376244,2.7361674,0.25973943,0.14378588,0.14406064,0.1664128,0.6089364,0.5753971,0.7292676,0.3253257,0.0,0.34001583,0.12133643,3.4775577,0.33130687,0.08135724,0.058159806,0.059098426,0.2561128,0.0763967,0.07761906,0.16681881,0.5485759,0.24031086,0.22203675,1.7842017,0.23070529,0.3864135,0.27558443,0.0035525186,0.33359987,0.9139362,0.4466789,0.46239448,0.20264721,0.47000444,0.09824531,0.13081022,0.01667519,0.050285403,1.0436536,0.4287187,2.444005,0.034096282,0.25412875,0.40034992,0.34445778,0.20953532,0.0050570057,2.015565,0.38118222,0.15089908,0.033399668,2.1643636,0.1608997,0.044154648,0.054017335,0.20037602,0.058518574,0.009171048,0.46916485,0.49250606,0.405015,0.8891643,0.05516,0.020832825,0.6200294,2.8127391,1.8278606,0.6549222,0.00016274553,0.013690183,0.6927186,0.38136557,0.3123932,0.2275326,0.052833147,0.3799787,0.09062465,1.1881227,0.23633172,0.045476757,0.462442,5.121293,0.8515617,2.97119e-05,0.21393715,0.68108314,0.03243967,0.3997001,0.6849397,0.23868889,0.28657448,0.69814324,0.026884118,0.5494975,0.28529516,0.09554011,1.1479425,0.6912319,0.11602357,0.14502996,0.0,2.1124136,0.11369045,0.44279316,1.1909872,1.4895962,0.15103975,0.6288765,1.3121893,0.31320247,1.0452785,0.43240246,0.12918139,1.1501303,0.893926,0.93496466,2.8885572,0.42895904,0.35815224,0.25762713,0.65225905,0.7025032,0.16707137,0.22365585,0.66930807,0.43752542,0.058424316,0.3038159,0.38610762,0.15896443,0.7660108,0.55497915,0.45862854,0.30312157,0.5885514,0.16171408,0.85435766,0.2070554,0.2526605,0.54881424,0.50044125,1.4335841,0.1202237,1.6979793,0.0,0.5058341,0.2532593,0.24193658,0.06853213,0.2882277,0.20645297,1.00143,1.3008817,0.15185101,0.22808437,1.4079727,0.1126573,0.580366,0.9360563,0.2705306,0.0,0.021105647,4.8054867,0.5781418,0.25045958,0.054612573,0.03951362,0.023944277,0.019729681,0.97481346,0.15960707,1.0256289,0.6638941,0.0035903812,0.45633635,0.04515948,0.04971134,0.0,0.2984844,0.022523938,0.03185982,0.39428896,3.063552,1.0390846,0.4958629,0.996497,1.1067363,0.21768259,0.10481877,1.228743,0.023096457,0.29301712,0.33327255,all_pothole_images\pothole_images_new_image_849.jpg
0.6353137,0.7258792,0.43745428,1.2367969,0.13550793,0.23817186,0.8638512,1.2824551,0.6185521,0.5855115,0.8667486,0.7118085,0.32267717,1.8029368,0.29717752,0.7941583,0.15687571,0.66841763,1.5786083,0.08434013,0.49371356,2.3625216,0.266055,0.15697128,0.26797074,0.44264606,0.068869956,1.5864747,0.21537293,0.37764382,0.64956665,0.35106322,0.5035062,0.09460954,0.1870317,1.3495672,0.42316988,1.1262608,0.5242462,1.7448198,0.0064735254,0.17556192,0.20410553,3.6131341,0.31592628,0.34157866,0.15681355,0.022204645,0.5469635,0.6381245,1.1939306,0.36703175,0.25431946,0.0,0.18329152,1.0182095,1.4762169,0.02403628,0.87537867,0.14075084,0.23729871,0.5886324,0.35936767,0.88400173,0.114241585,2.435433,0.8337276,0.16862266,0.3350333,0.14096782,0.05238818,0.79066116,0.16146262,0.15907031,1.1059043,0.6307579,0.48321736,0.22580664,0.020818593,0.24808548,0.2072114,0.0,0.46226263,1.0389766,0.35833806,0.18724842,0.0153622525,0.056270078,1.981185,0.16080694,0.8308188,0.27631062,0.23231566,0.29930535,0.20916954,0.00029410914,1.3193613,1.3877497,0.9022964,0.6276243,0.14857794,1.4056128,0.53813815,0.35368365,0.8888192,0.375426,0.36816624,0.31909677,0.5200479,0.6770018,0.0,4.1061177,0.29459372,0.008222721,0.14052798,0.38162917,1.9573742,0.30629578,2.8596988,0.77282727,1.6563102,0.05900447,0.11654552,0.8835111,0.07089754,0.36659807,0.030733593,0.36435068,1.0273502,0.06430655,0.13201824,0.44953123,0.0019743575,0.13693742,0.12467197,0.48467728,0.2192873,0.4689368,0.4744665,0.040215444,0.08176718,0.15316772,0.7182598,0.325704,0.05138646,1.1138611,0.17326246,0.41829467,1.6617346,0.12726101,0.14754947,0.4137706,0.10656985,0.009027756,1.6991253,0.42973036,0.1162846,0.19891793,0.6873816,0.25696817,0.48629576,0.49381474,0.014486369,1.2112198,0.5680373,0.62401927,0.17794831,0.5014924,0.5534095,1.3055782,0.0,0.078324035,0.08495877,0.090066254,0.52274954,0.0,0.5644915,0.0,0.12364739,0.051998354,0.0019190483,3.8975978,2.3406954,0.32705233,1.5070719,1.1597419,0.42942473,1.1861261,0.9128161,0.56891316,0.041113537,0.09982474,0.2454795,1.750445,0.30960163,0.13373104,1.535468,0.79746026,1.0850194,0.32084832,0.15362993,1.5110286,1.3682935,1.2141712,0.1918404,0.111916795,0.34940585,0.59616876,0.6154891,0.0032408962,0.024344504,0.0027273565,1.3209543,0.8113777,0.42126706,1.2017515,0.039541148,0.081440486,0.2099776,0.02044465,0.36946097,0.58852565,0.6893947,0.762802,0.47560072,0.59705657,1.4283696,0.3776495,0.47228095,0.74286216,0.18103266,0.19697046,0.43151656,0.046369836,0.04337553,0.20695056,1.6259618,0.1676408,0.018085944,0.09332272,0.14790104,1.0365512,0.017210644,0.6139313,0.15287489,0.0,0.71559596,0.5809238,0.58448625,3.9649897,4.1560817,0.24963234,0.6084634,0.12518126,0.16458893,0.69491816,0.62154627,0.7656536,1.0600113,1.5891985,0.021604849,0.0,0.4224063,2.0512288,0.47164193,1.1722543,0.10691447,0.893245,0.015240739,0.5100925,0.18790089,0.016431194,0.023556752,0.61617076,1.8051225,0.72580296,0.27860093,0.15136956,0.53531617,0.3758281,0.1635945,1.0954272,0.0017325198,0.10606357,0.18055467,0.32251436,0.28222343,0.3658812,0.45311457,0.29973727,0.1512583,0.08810168,0.28767863,1.0146713,0.13211404,0.05883378,0.31948394,2.883961,0.57463574,0.31575298,0.02623322,1.0232899,0.016499111,1.1125942,4.1945777,0.17613769,0.106102325,0.59615326,0.13242756,0.5344223,1.1327302,0.86400896,2.7023146,1.2531036,0.01663122,1.3491052,0.04009333,0.5026678,4.436281,0.27307105,0.36992738,0.0032035431,0.04586392,0.08606187,0.2678511,0.20465222,0.034057945,0.07905109,0.911117,0.34847113,2.3745956,0.83171827,0.029890547,0.13799673,0.3320832,0.20024729,1.3301687,0.6489886,0.0999112,0.41952482,0.06443177,0.3877209,1.514593,0.984835,0.51000404,0.49317348,0.09754327,0.051137786,0.10388646,1.0827764,0.12851828,0.375355,0.36007157,0.10166557,0.11547859,0.1916461,0.38827568,0.32300395,0.14002228,0.33156002,0.007932558,0.12884924,0.4382358,0.07551961,0.26351944,0.024443787,1.85288,0.18507548,0.03810935,0.017379137,1.9479586,0.018402178,0.93572783,0.028641107,0.9240317,0.07603507,0.13739961,0.44408113,0.80366266,0.42624608,0.36823788,0.07111737,0.14206253,1.9371881,2.705392,0.75147057,0.6149734,0.0430574,0.3822267,0.75282174,1.0283712,1.2070096,0.082921505,0.6303806,0.29075593,0.03248403,0.8201704,0.50140816,0.7608452,0.14555323,3.5576396,0.05141003,0.20141593,0.50157577,0.30826148,0.25812745,0.022633538,1.3890449,0.009431596,0.19257109,0.04348168,0.82251483,0.19345018,0.9565117,0.1056587,0.24922699,1.004894,0.06578981,0.35855868,0.18752468,1.9447037,0.23531935,0.7250067,2.2892501,1.2526448,0.11198085,0.3375702,1.3350611,0.075168006,0.38873968,0.0900461,1.0670788,0.446439,0.7986077,0.31746313,3.4055588,1.0988451,0.47692725,0.3471457,0.14734265,0.8305659,0.68646085,0.1005939,0.04760417,0.096680306,0.041043017,0.32776314,0.32906932,0.0,0.20165996,1.047085,0.5491021,0.32394207,0.86347604,0.93365306,1.2507252,0.94379234,0.7117744,0.29716012,1.091209,0.21729632,0.2785059,2.1478252,0.0,0.45978102,1.0123385,0.16791809,0.10580333,0.07870522,0.55373085,1.198862,1.5742967,0.3808472,0.091224335,0.21781668,0.29786152,0.038571324,1.0036664,0.19660038,0.28212228,0.47104725,3.728097,0.32321414,0.1665568,0.0031958064,0.03424308,1.445096,0.31673717,1.5009364,0.0,0.53195995,1.0104334,0.049301818,0.77473587,0.05205481,0.008892445,0.060859825,0.34227616,0.06270914,0.17935622,0.20807469,4.153925,0.9154079,0.133246,0.50343615,1.1347358,0.041169547,0.20087028,0.38829702,0.95149827,0.4053397,0.42935133,all_pothole_images\pothole_images_new_image_85.jpg
0.1018323,0.032389186,0.65600437,2.1327364,0.42403692,0.0,1.0456377,0.32106158,2.0089636,0.36633277,0.5305769,0.79705113,0.14672229,1.143778,0.021707833,0.55626863,0.34254417,1.5573872,3.371919,0.24324195,0.08827796,0.06803928,0.4282115,0.07342192,0.66115546,0.059415847,0.14017887,1.0500551,0.07333289,0.026201371,0.010196036,0.13146123,0.12273054,0.74219185,0.090955295,0.994852,0.029675607,1.3359687,1.9773003,0.00023921691,0.024441738,0.3437837,0.7406669,1.3030225,0.08609267,0.6321609,0.3489885,0.17452885,0.0,0.5689359,0.29763713,0.4196722,0.002055998,0.067744896,0.8343037,0.59652317,0.106819995,0.25945193,2.5842192,0.50164723,1.0060942,0.14775059,0.0,0.06122132,1.5015802,1.6965532,1.7686031,0.025375247,0.32490626,0.112262614,0.48986357,0.048495725,0.013759651,0.041855607,0.112206064,0.0,0.95405406,0.11797715,1.3257321,0.50694984,0.0012844317,0.34751078,0.56343514,0.50658196,0.041713703,0.61920255,0.1755439,0.16955733,0.005554023,0.05926064,0.40038204,0.19688454,0.0,0.14061244,1.6664404,0.04661017,1.561395,1.529835,0.018622069,0.8103414,0.54784465,0.51541346,0.016477894,0.8122251,1.1829203,0.25395268,0.26238436,0.04145713,0.0,0.13821185,0.0013091115,0.021281244,0.15565357,0.041419543,0.10671952,0.0074403198,0.0,0.3525082,1.5986848,1.5192472,0.24916229,0.0,1.0825233,0.68063253,0.40722802,0.657132,0.5440348,0.29630056,0.35084775,0.27064255,0.53395003,0.43619645,1.7759981,0.0,0.05968026,0.8501995,1.8867157,0.021625256,0.17234154,0.14734453,0.5103143,0.15046564,0.19643183,0.07233876,0.60843664,0.27795258,0.9353117,0.72840446,0.019589448,0.25031024,0.6896436,1.3337402,0.07062222,0.0060302615,0.35572737,0.6362255,0.42166343,0.00045685482,0.4169284,0.050154842,0.63190824,2.1134057,0.26073366,0.22185911,0.127829,0.0,0.06458165,0.057325557,0.007503635,2.7291524,0.2322231,0.24475747,0.0,0.61206293,0.7669195,1.0859482,0.04805196,0.04634792,0.46184742,0.27393734,0.4385894,1.3502539,0.040934008,2.8051128,0.3332565,0.8572528,0.177937,0.3376782,0.030455533,0.6786504,0.18735373,0.5946777,0.3748132,0.19815631,0.79712343,0.055724844,2.3802319,0.65068036,0.8338296,0.26858923,0.6401858,0.2637767,0.1677962,0.10276041,0.121282324,0.12419932,1.2348673,0.3678687,2.6372309,1.8096026,0.12069085,0.41324437,0.20200771,0.035419144,1.9066956,0.65320545,0.46970385,0.15950301,0.4990784,0.33878964,0.2807063,1.1840202,0.037501805,0.5158022,0.011062685,0.070309795,0.48010308,0.13439512,0.7937984,0.46810862,0.1430593,0.4378831,0.88958025,0.04731926,0.028541002,0.2762875,0.41514376,0.2029958,0.055381257,1.5236986,0.028692532,0.7141746,0.41529006,2.1844065,0.02539434,0.0,0.51202667,0.2507559,1.6773342,2.9686708,1.991057,0.19830264,0.0,0.34935355,0.0041200984,1.6637527,0.008799593,0.48308143,0.05047412,1.4118383,1.132239,0.30317497,0.29440814,0.11320647,0.69985384,0.4568352,1.1626863,0.032190815,1.983681,0.80466026,0.04440926,0.4730525,1.2250586,0.21579292,0.10931629,1.1350327,0.11087756,0.043169178,0.41169408,0.3192548,0.04628239,0.57086825,0.13919464,0.066256344,0.0,1.4668874,0.5384217,0.2192185,0.5672573,0.043897904,0.0,0.0808759,0.13565764,0.09328326,0.930234,0.10064713,0.0522046,0.39071062,0.11579245,3.6409774,2.056379,1.3901638,0.4156402,0.0,2.1394825,0.039516192,1.2500539,0.9523725,0.032338228,1.1447624,0.7903736,0.08940104,2.5590453,0.81282437,0.8940504,1.4782492,0.07242897,1.2758851,2.815485,0.022005884,1.9344662,0.02758191,0.9288358,0.12145058,0.62852484,0.38999102,0.2790596,0.0,0.09642394,0.0,0.5325166,0.18693225,0.8734912,0.9799456,0.5264521,0.594931,1.9781835,0.99804723,0.7498083,0.0483788,0.011449029,0.03354755,1.5545628,2.723264,1.3907958,1.1273973,0.15120968,1.2931864,0.58428115,0.6061181,0.015754953,0.07872025,0.024384502,0.008170989,0.004721313,0.9958972,0.34201595,1.8727756,0.0505982,0.8032385,1.5289243,1.6936057,1.0319198,0.11349113,0.31593516,0.022885285,1.1190825,0.820518,0.34103405,0.5025041,0.70519346,0.19347253,0.795235,0.09616688,0.0,0.0,0.04759948,0.2407445,0.72359884,0.16809705,1.5027406,0.80284894,0.78000766,0.58997923,0.07485679,0.0030533173,0.48596382,0.29144153,0.028799197,1.8112932,0.6036302,0.07762628,0.06861022,1.8881068,0.054179337,0.11644873,1.7044884,0.011560942,1.3585376,0.007052256,0.43756005,0.19456545,0.016989939,0.42723137,1.7657473,0.0,0.731045,0.6568589,0.39660925,0.0,0.6861531,0.00739336,0.2728643,0.8603911,0.01704641,0.24118598,0.13283323,0.21790768,0.47998524,0.0016090991,0.48955816,0.32337958,0.0,0.9737105,0.001336403,0.011215184,0.29512548,0.059843067,0.0,0.031615455,0.08885736,0.020010004,0.10280825,0.89910656,0.31843904,0.18657993,0.17846024,0.0017749699,0.0,0.17240843,0.8954543,0.041515816,0.19873507,0.48432365,0.5328073,0.0,0.12656549,0.12677383,0.24420205,1.1167908,3.2019422,0.16058798,1.5829966,0.24455974,0.06634957,0.6440234,0.0,0.0044128266,0.3104156,0.69782764,1.3969585,0.22677936,0.81281626,0.0,0.11187744,0.7652166,1.3933787,0.17616534,0.05618827,0.26669428,0.4210831,0.6005948,0.0,1.1328447,0.3874282,0.0027144381,0.97464454,0.14778359,0.49390647,0.14247254,0.4122706,0.0,0.8440086,0.054954775,0.87334085,0.082947075,0.071109734,0.30486906,0.6774329,0.30118427,1.2784877,1.9791597,0.059115212,0.47552687,0.21209773,0.008913755,0.01747605,0.2607336,0.10636957,0.26275158,0.5230261,1.5523638,0.057940587,0.13136774,0.67272264,1.0793484,1.7826355,0.18164848,0.21859273,0.29119605,0.0,0.019192558,all_pothole_images\pothole_images_new_image_850.jpg
0.17741114,1.5471705,0.47064456,4.1040945,1.5076822,0.4426064,1.0581603,0.0,0.755836,0.80385077,0.05474356,0.06223724,0.06758104,0.8674703,0.21035115,0.5548458,0.22286929,0.6691397,1.2990972,0.2177216,1.5794889,1.9300039,0.12383183,0.26791844,2.3674488,0.72112435,1.0347147,0.72567606,0.20775467,0.51415807,0.28483924,0.7421305,0.7665477,0.56591934,0.2300154,1.232483,0.12682329,0.13304539,0.3100708,0.32996827,1.4210057,1.2994955,0.2371483,1.0015222,1.4188498,0.049738653,0.19574504,0.035664875,0.5072254,1.1129175,0.27442262,0.11749534,0.10115692,0.7676732,0.8735759,0.85937566,0.73283434,0.35770702,1.4269519,1.732391,0.8318105,0.5630319,0.0,0.17111786,0.7115827,3.0360336,1.182568,0.023665544,0.04744835,0.45886704,0.31305915,0.17807995,0.5993788,0.16292666,0.24585415,0.4474393,0.51155144,0.9873866,0.06909836,0.03700841,0.0,0.22672844,1.5495732,0.9514895,0.1596707,0.07841292,0.0032856937,0.045988243,1.8635023,0.28650182,0.14147061,1.6193894,0.0061386316,0.09378289,2.2546263,0.16143855,0.4305623,0.9649196,0.0,0.15589094,0.021039369,1.429836,2.154581,0.7199754,0.31078207,0.059993066,0.325352,0.24281928,0.36993605,1.3769288,0.39491785,2.8997774,0.31192976,0.117208466,0.902909,0.6646068,0.9191578,0.25668085,5.0184164,1.1558087,0.2884213,0.0024651275,0.0698529,0.9423102,1.3762093,0.958464,0.15099919,0.014298353,0.4308927,0.11135767,0.0906839,0.37987345,0.16789088,0.023580857,0.21169338,0.6152656,0.06766717,0.16645901,0.5670381,0.39837214,0.26892215,0.27880764,1.0457088,0.11391498,0.004690262,0.0020261793,0.076856144,0.10891956,0.11396129,1.138494,0.37030727,0.04943885,0.10063732,0.36460665,1.8802409,0.043167893,0.23420283,0.08759206,0.5273792,1.2712768,0.49404907,1.8634254,0.15948507,0.10903763,1.6805297,0.48403722,0.7773107,0.34852487,1.8364102,2.3821287,0.0044926344,0.03865658,0.0,0.013709221,0.37251577,0.019468574,0.72998995,0.008951787,1.1040334,0.07134547,0.023151752,2.7574658,1.2387539,1.3399694,2.123179,0.5661819,1.5097041,1.0451373,0.6254146,1.2803794,0.012539126,0.14991821,0.34699857,0.86957395,0.33604616,0.15070413,4.0243773,1.4609636,1.7172807,0.4489678,0.048263904,1.3149263,0.4952783,0.693581,1.213876,0.554967,0.20736414,0.27236393,2.176895,0.77206683,0.03918224,0.022774609,0.42062026,0.7739495,1.4945731,2.5210154,0.14050448,0.59225273,0.73176277,0.66151553,1.0497276,0.7695957,0.13316293,2.3154576,0.04477355,0.07342564,1.2186277,1.4437687,0.6851678,0.16920413,0.14307892,0.60421646,0.21126558,0.13663557,1.9656174,0.19568859,0.4635785,0.11920594,0.15816578,0.49258146,0.30484205,1.5506803,0.8777837,1.1947963,0.0,0.35431656,1.6935595,0.45683187,1.5155854,3.7925367,3.2164302,0.7697502,0.5716434,0.05286565,0.7311948,0.40641066,1.3090225,2.7862585,1.344795,2.3120692,0.005469453,0.35278213,0.26854032,2.2466486,0.8983483,1.2181966,0.4324576,0.20028508,1.2157121,0.2695883,0.70121455,0.0039275233,0.5786031,0.17022587,1.061753,1.3052849,0.025059788,0.67518747,0.264177,0.09913305,0.13316894,1.0463009,0.041516386,0.39434597,0.31096387,0.19285375,0.90740675,0.08297947,0.7263462,0.1079027,0.19792108,1.3812683,0.41080633,1.7251961,0.25738567,0.15160102,0.017636515,1.6234102,0.6826604,1.8023057,0.03183212,0.30442846,0.08643975,0.09384925,3.7169938,0.18962353,1.4411755,0.24566276,0.14811595,0.32657218,1.5406351,1.4398317,3.5168905,2.7052977,0.64271355,3.144366,0.0046646623,0.30643967,4.2656918,0.61305845,0.098338515,0.53836644,0.23603524,0.16025822,2.1370723,1.1066674,0.6716704,0.0,0.0059762886,0.21189062,3.0918868,0.021122204,1.1977679,0.16665739,0.011541949,0.054054927,3.278182,0.84595495,0.0006993049,0.17362677,0.11583087,0.8880514,3.6204162,0.304103,1.1121633,0.002462217,0.591044,0.10560946,0.25321636,0.44017583,2.2989993,0.46639857,1.3336309,0.67713416,0.4996303,1.0359553,0.016228065,0.50776035,1.1189555,1.2759014,0.3355341,0.6961058,0.5657191,0.7594425,0.08656084,0.7170532,1.1211706,0.9700325,0.08885769,0.7857096,0.30809024,0.5059935,0.33263603,0.6962164,0.11319445,0.46123722,0.11194379,0.60670406,0.9087584,0.279672,0.7176031,0.36235443,0.26893535,0.97624516,2.3220246,0.20306149,1.7764865,0.051651534,0.21716826,0.4765704,0.92275167,0.4831613,0.35888126,1.2024276,0.014868925,0.18030097,1.7967209,0.21329354,0.82863164,0.0,1.292729,0.014845658,0.051938906,0.010171791,0.42096928,0.1307319,0.24048202,0.4838973,0.14625719,0.07140309,0.33858085,1.7798144,0.5112256,0.39348686,0.0,0.41011313,1.4658241,0.12836725,0.5431851,0.50599575,2.3874807,0.50680304,0.06425544,1.6227621,1.2378461,0.20238991,0.18585157,0.124984294,0.3689133,0.59024227,0.44855505,0.45759025,0.69458294,0.23973112,0.92298967,2.7235038,0.4970782,0.7542517,0.07310531,0.4942468,0.13617738,1.3999888,0.8917733,0.27841845,0.9296776,0.025000796,0.4027282,1.1348839,0.023757141,0.51843697,3.7867942,0.23342405,0.49714372,0.25343245,3.9390912,2.0467517,0.2611462,0.15213764,0.81664485,2.0179038,0.6278019,0.5281636,0.64661,0.0,0.42741376,0.34038568,0.4604251,0.15953651,0.3133868,1.7272332,0.56653905,1.6683599,0.6384498,0.003820019,0.8246992,1.0043317,0.5400853,1.5830699,1.0282677,0.2228947,0.73153293,1.4297059,1.2939038,0.004654271,0.0068546436,0.9374067,2.8255477,0.7653672,1.8303468,0.00051829655,0.18027028,2.434526,0.24425209,0.34553912,0.07640894,0.18585835,0.27490082,0.07727623,0.63570106,0.13443162,0.12642138,5.3400307,1.5954809,0.9167071,1.1243827,2.472122,0.18710105,0.9735864,1.3778026,0.26554605,0.14400196,0.30976033,all_pothole_images\pothole_images_new_image_851.jpg
0.4193917,0.33948898,0.11580808,1.6003023,0.45479348,0.039881587,0.6436451,0.08855331,0.14871152,0.6456079,0.3096279,0.19191876,0.07428293,1.8717308,0.03675946,0.015420372,0.0041087125,0.28044334,0.1887874,0.101304114,0.42653006,2.4235442,0.48679352,0.830878,1.2504549,0.5607913,0.9369123,3.1152587,0.43900266,0.75170946,0.549595,0.19564313,0.96264863,0.5352527,0.32760772,0.9451107,0.0044535133,0.7068695,0.15690461,0.068490975,0.0,0.00010994531,0.112567216,1.7422827,0.38683707,0.08082547,0.16754341,0.0,0.16392301,1.2503796,0.70310324,0.36887333,0.29043344,0.17802477,0.095021665,0.6053079,2.3121653,0.08890594,0.34278896,0.0061662197,0.3121231,1.1155982,1.0638801,0.32199344,1.2897105,1.8369349,0.058987256,0.013109855,0.015677415,0.17536487,0.0106630055,0.64945674,0.16909803,0.033437822,0.14526615,0.18165018,0.034105193,0.34753883,0.039246947,0.036158387,0.028497528,0.18084152,0.0022407928,2.3845744,0.28958777,0.54872805,0.3929394,0.38208732,1.087647,0.124443136,0.38783813,0.14732827,0.0,0.07424732,0.07462663,0.14833032,0.51908183,0.8177395,0.38453934,0.026932267,0.04678034,3.2322836,0.07812486,0.32490075,0.5645671,0.5794147,0.21607631,0.122513175,0.06576358,0.1319635,0.2891846,1.5029427,0.23458472,0.42304486,0.16185819,0.10070295,2.101271,0.044947974,0.7369443,0.70733136,2.2339299,0.6023046,0.112121776,0.7466584,0.27848476,0.31033266,0.19036944,0.82771933,2.2585585,0.09944069,0.7551116,0.0,0.3220488,0.12933849,0.06440118,0.27272314,0.05233094,1.1245238,0.27094254,0.37044594,1.2386924,0.060224153,0.49515936,0.504674,0.16967283,0.43663648,0.28934726,0.77506906,0.3044119,0.0,0.74139917,0.9773701,0.05377268,0.017445333,2.112332,0.3450276,0.878721,0.096652046,0.6309852,0.18062712,2.6392927,0.70416296,0.005264616,3.5479798,0.0,0.008797016,1.6263785,0.37025106,0.75853664,0.8830269,0.046527162,0.037582126,0.0,0.29094192,0.5091994,0.43470064,0.48172233,0.0047233654,0.07333529,0.14890826,0.025948314,2.499702,2.953415,0.6003507,1.1100312,0.5919057,0.012072374,0.9206937,0.51753116,0.5985463,0.12770584,0.500919,0.35272935,2.9874148,0.0025014854,0.3875852,0.23476842,1.1602794,0.22393143,0.2569473,0.31820005,0.76150155,2.4228122,0.7102405,0.67181706,0.0015576629,0.7297344,0.6484465,0.59502476,0.45659193,0.0,0.09386216,0.5621373,0.360735,0.5925563,0.8367958,1.2902557,0.007369958,0.6788219,0.3243849,0.22432272,0.0021762569,0.40193993,0.048956674,0.004576041,0.38774192,1.2536292,0.05607066,0.30911472,0.0013876245,0.20775948,0.021181505,0.14896956,0.58207446,0.37573114,0.09724846,1.071715,0.058681376,0.0030382732,0.33259085,0.109256156,0.06012834,0.10037335,0.6318728,0.11131298,0.0,0.60392964,0.9428899,0.21817017,3.542899,2.427878,0.00064756477,0.627669,0.02625394,0.04515964,0.60193634,0.60953915,0.0,0.1151147,1.0181534,0.4000469,0.27675876,0.54463255,0.12033914,0.32756415,0.76579875,0.0,0.9329084,0.8733295,0.031625077,0.11288368,0.2512029,0.1729016,0.3840205,0.18954788,0.17720366,0.49032226,0.33746362,0.4661886,0.6997912,1.2134869,0.38470674,0.094286695,1.6004146,0.7383782,1.0755848,0.78616995,0.84062564,0.29876342,0.04596638,0.19820286,0.0006681755,0.29970542,0.30946502,0.1801194,0.029038742,0.6454649,0.23565213,0.20840345,0.5514861,0.5179788,0.3745639,0.03941028,0.15605828,3.7543366,0.13536358,0.0013410434,0.074851744,0.007872299,0.39342302,0.87217724,0.811861,1.3951309,0.59262544,0.30985695,0.069182254,0.0,0.89749503,0.76688635,0.0020496966,0.5976262,0.01291146,0.014794172,0.54982483,0.8642642,0.55423486,1.008452,0.0,0.52526164,0.053939525,1.3183616,0.18179736,0.08322919,0.22555175,0.27894145,0.27791968,0.15481363,0.042628087,0.34328103,0.0532462,0.19249602,0.8870019,0.4894786,0.15540771,0.49431628,0.13190503,0.092666976,0.06813593,0.3127635,0.6661069,1.0501317,0.837566,0.056625765,0.40074342,0.15315051,0.39552772,0.59464115,1.446062,0.3258967,0.72505975,0.30794042,0.038211603,0.20294496,0.14362785,0.07751056,0.19032364,1.8176539,0.5535924,0.46435687,0.7177742,1.4233629,0.25260854,0.84074885,0.054398894,0.97518665,0.59024554,0.28626466,0.0,0.13029218,0.8204776,0.032073885,0.03321359,0.7124012,0.23256724,2.3816168,0.54316956,1.1630456,0.005148787,0.0,1.186704,0.8050344,0.64469975,0.21394566,0.71822125,0.0,0.17357002,0.5710988,0.47532833,0.25345713,0.42513013,1.4478248,1.1494821,0.47534522,0.9949159,0.28396228,0.4547119,0.75658286,0.035902355,0.100469545,0.11275155,0.6113661,0.16434373,0.10198634,0.14654323,0.095515534,0.00030085936,0.35029513,0.31076333,0.22257788,0.0,1.8987194,0.08342152,0.4953616,3.617958,2.2187681,0.04661859,1.9309211,0.66702,0.1287432,0.4811294,0.28344885,0.6267647,0.030184582,0.16246179,0.031828634,4.052497,0.4515524,0.64675075,0.21986027,0.46366835,0.17870197,0.016014028,0.08531072,0.320806,0.12960023,0.16394113,0.7453677,0.072374366,0.97839737,1.1177546,1.2562368,0.094106734,0.010796838,0.48793334,1.0250813,1.506147,0.3373979,0.15178218,0.0978349,0.87602013,1.6007832,0.74539006,0.5501099,0.29651463,0.9311435,0.28083444,0.13617696,0.02428532,0.29370004,0.8269516,0.23098665,0.5283503,0.4459697,0.42641714,0.07986434,0.026559202,0.15347403,1.1789398,0.57427347,0.0,0.38023978,4.2021832,1.0245229,0.31085587,0.02468367,0.18105976,0.1845719,0.09118844,0.8735761,0.11638756,0.0008954509,0.42477804,0.03739728,0.04699114,0.066024,0.0,0.0126745235,0.49548614,0.10360377,0.16160153,0.056340273,4.0740232,0.8027144,0.09539563,0.23260455,0.37898362,0.18664853,0.011867608,0.111459844,0.6045393,0.4913506,0.2037011,all_pothole_images\pothole_images_new_image_852.jpg
0.10539877,0.6700882,0.25836048,1.1600766,0.35487238,0.07585492,0.12166336,0.111325204,0.18325081,1.168456,0.28179452,0.09457143,0.032533493,1.9805568,0.1126983,0.3867516,0.042166837,0.091257416,2.469131,0.2981334,0.726726,4.7537065,0.30329683,0.4045871,0.50374985,0.6083181,0.0,1.393367,0.5018653,0.24277993,0.17375718,0.09064321,0.24792533,0.0034462828,0.43539977,0.8029308,0.28379166,0.86375195,0.16954449,0.26922864,0.25941512,0.04202463,0.28431076,1.3098085,0.30531543,0.027698588,0.18159886,0.0,0.2173363,0.10019738,0.971642,0.4453843,0.36544284,1.0738633,0.0100087775,0.38877603,2.7954955,0.3078892,0.69832265,0.44709605,0.35807565,0.7301989,1.6401043,0.12482133,0.0042333086,1.9828258,1.5275587,0.045728385,1.2132558,0.27994928,0.04900151,0.34243748,0.0,0.009356884,0.07235203,0.5059621,0.10671366,0.6638747,0.01707724,0.1181891,0.28767115,0.0629291,0.17548889,2.4556222,0.082725935,0.2552926,0.26411653,0.34583312,1.3233833,0.13741839,0.17944631,0.1383736,0.076468326,0.03373015,0.039229155,0.22786248,0.4498168,0.6298196,0.9455985,0.7369087,0.39432055,2.2539778,0.64703137,0.24114662,0.11490647,1.1695544,0.002006926,0.0012020397,0.029880192,0.42043588,0.19208615,3.6098764,0.0,0.06322665,1.0405607,0.13636005,0.95274085,0.032413613,0.55948037,0.82358116,3.6183283,1.0537676,0.09714547,0.7410605,0.53022087,0.61027294,0.398563,0.044282503,0.17726988,0.18211913,0.14430591,0.046950858,0.28634784,0.6369841,0.21223344,0.029583707,0.11478761,0.3950951,0.26721647,0.36945245,0.0694637,1.1310307,0.00063074485,0.7196259,0.0,0.013098085,0.6144175,0.055873163,0.22526893,0.113729075,0.27218154,0.40270838,0.12251248,0.81554544,2.1220968,0.12440325,0.078598194,0.36136514,0.3850984,0.04947757,1.1556801,0.49327445,0.25450045,3.2411318,0.96174216,1.0365065,0.31252578,0.07523196,0.26545852,0.21304667,1.0318137,0.20630004,0.3205396,0.83416677,0.8400078,0.08574532,0.05680899,0.0,0.14996529,0.029368842,0.21805868,2.1771019,0.897652,0.3513629,0.76385635,0.26618272,0.0915,0.04173982,0.3974413,0.82214785,0.0023152584,0.20406584,0.0,1.4108688,0.13809213,0.006103237,0.14392292,0.25288802,0.3473464,0.39784178,0.013507312,0.5866422,1.2178133,0.5651713,1.5062139,0.050483074,4.574626e-05,0.39360482,0.25699323,0.22225395,0.00397101,0.14248037,1.3254402,1.4194016,1.0067769,0.30698818,0.14751928,0.117158614,0.81945443,0.23264094,0.5379254,0.5996325,0.532456,0.83580655,0.13333873,0.09088856,3.1934545,0.10466094,0.17087452,0.06341824,0.011554835,0.7196638,0.49568346,0.009537069,0.7578435,0.013264638,0.42624325,0.001149671,0.0,0.0,0.018017428,0.10326237,0.13090242,0.16478671,0.46976113,0.0,0.30823737,0.22301899,0.59187734,4.4807715,5.9902954,0.34494197,0.28234556,0.0,0.35260049,0.599544,0.49072358,0.57100296,0.51078945,1.5523647,0.1272252,0.066580355,1.0986333,2.1339192,0.25174156,0.47706357,0.4890358,0.13362935,0.38915876,0.122487426,0.7046839,0.40123436,0.6458243,0.08706363,0.41094378,0.15595445,0.85482204,0.10169976,0.11897069,0.354044,0.70662284,0.89485615,0.23867139,0.030693745,0.24752524,0.78857833,0.8382478,0.2397431,0.3670215,0.21732129,0.047143303,0.07884134,0.011558356,0.35483262,0.54665506,0.37779617,0.62420374,2.9284565,0.295847,1.01452,0.02612924,0.17670383,0.08829976,1.2711855,3.5801249,0.21445367,0.4109634,0.6061138,0.36448485,0.24980846,1.3423549,0.59762514,2.11655,0.21602274,0.030417802,0.95057577,0.22949989,0.96559715,1.0726501,0.1608078,0.06395046,0.100681975,0.16232544,0.2025174,0.29701263,1.2134587,0.35789087,0.00013618384,0.80007815,0.09681717,0.19293,0.7930489,0.1690746,0.13624403,0.5168732,0.548453,0.36944705,1.440515,0.033933137,0.32557583,0.22829618,1.2572843,0.88020176,0.013181781,0.47242206,0.026122006,0.053545702,0.47874084,0.0,0.85830235,1.3280191,0.07148715,0.61464417,0.94297063,0.17179686,0.2590167,0.31184813,3.0472982,1.4926765,0.14028797,0.0,0.26269326,0.7011303,0.13192528,0.075738244,0.054571126,1.7421364,0.044569988,0.047365736,0.10320633,1.9422063,0.34234467,0.27531537,0.33812535,1.3877066,0.24409994,0.1583781,0.0023508016,0.0,0.36538118,0.29905117,0.014688649,0.54859453,0.41112664,4.396574,0.69485295,1.7637264,0.27225882,1.8404734,1.8323739,0.38935077,0.5715769,0.14397657,1.4866313,0.044751745,0.0,0.9521564,1.0041846,0.13347797,0.13435411,4.8311396,0.112683296,0.44549972,0.6412581,0.029867532,0.035765402,0.12263465,0.10727896,0.012963594,0.5412086,0.0,0.14450172,0.6405404,0.33828914,0.17298205,0.22061978,0.143248,0.13271624,0.15005864,0.00028798965,0.36714873,0.06790868,1.7552029,1.9565452,1.8119756,0.33558276,0.49542034,0.534414,0.32437325,0.8338202,0.21822287,0.5650007,0.0,1.851561,0.39302328,3.8474176,0.40044203,0.24727073,1.372165,0.37085792,0.01915478,0.7094124,0.24905887,0.45149243,1.7297441,0.04940397,2.26074,0.020214064,0.02134038,1.3297122,0.06380208,0.31313103,0.43717754,0.49168321,0.6638363,1.421036,1.5728118,0.10881751,0.2867152,0.47911206,0.026284132,0.008009521,0.14021961,0.0,0.87027675,1.8859134,0.45916826,0.011915168,0.0,0.10418498,1.0857135,0.20940901,0.10669182,0.3503551,0.21030547,0.5193925,0.91683793,0.27199647,0.8167694,0.015459172,1.2172488,2.6195464,0.4647203,0.565917,0.00523929,0.08419666,1.0579772,0.0045075594,0.7659519,0.008201724,0.29707843,1.0070437,0.0,0.05896965,0.15232277,0.19257739,1.0060692,0.44123903,0.7267011,0.0,0.5685851,4.1147914,0.40877104,0.4616572,0.016352195,0.21942037,0.0,0.44110835,0.33450204,0.27334276,0.67983335,0.1383945,all_pothole_images\pothole_images_new_image_853.jpg
0.7892485,1.1520317,0.35206878,1.000808,0.32059455,0.2169781,0.8627922,0.21856286,0.007313211,0.45992354,0.36906287,0.1536622,0.4823934,1.4640168,0.11675504,0.3955017,0.00048966357,0.70400083,0.2505266,0.0,0.114902124,1.5517575,0.1439764,0.566244,0.22001542,0.25440243,0.6639704,1.1955298,0.10033944,0.105683014,0.019911496,0.19266687,0.38966602,0.9170887,0.20774904,1.009553,0.20867106,1.1470652,0.0,0.8037122,0.021539921,0.0,0.3774023,2.418224,0.2507905,0.037101753,0.26838925,0.014052456,0.5512462,0.14107858,0.75411403,0.304401,0.2404043,0.24160898,0.0,1.2330067,1.5144905,0.11439442,1.0127064,0.02778873,0.02157244,0.09401511,1.0363545,0.25694853,0.9474455,2.2527108,0.66720706,0.18404642,0.08589984,0.40625507,0.024734672,0.4860722,0.23760732,0.2371892,0.15347429,0.44308072,0.1078463,0.30380782,0.2396742,0.5187536,0.13496678,0.0052645183,0.9187709,1.4325876,0.43329895,0.0856472,0.07054299,0.22841677,2.23055,0.6453294,0.78606224,0.05905158,0.0010637915,0.22195162,0.00043736972,0.50892663,0.12339927,0.54377174,0.7828957,0.07852476,0.009126608,1.0460349,0.31351,0.081741855,0.6661422,0.75883967,0.05079503,0.16067499,0.74477357,0.34794873,0.09244253,1.5601414,0.022730399,0.50049984,0.34155908,0.09528452,1.5223908,0.2288187,1.2539426,0.8116525,0.95499027,0.55518997,0.2529489,0.6252475,0.09265847,0.63693655,0.0019859066,0.460613,0.31451365,0.53662294,0.4970371,0.026044412,0.16393758,0.14747058,0.049384013,0.19590123,0.2451068,0.85690874,0.2863878,0.5185772,0.16865297,0.13159646,0.7051017,0.2890971,0.045408178,1.1539501,0.18459944,0.2655614,0.35492226,0.46284437,0.75103414,0.38574845,0.28802857,0.0,1.873497,0.39324772,0.9649163,0.45065475,1.2446779,0.16287223,1.8353361,0.44650906,0.0018015364,2.6790655,0.2846654,0.07502877,0.73299307,0.6804999,1.2355423,0.16792405,0.14237654,0.5980208,0.0011528987,0.3995331,1.2316271,0.65680337,0.49462742,0.03845425,0.06416516,0.058574777,0.025771486,3.1506453,2.0252185,0.6948675,1.0655266,0.4888596,0.006049008,0.25082815,0.4007862,0.43649918,0.037225768,0.31702486,0.69051373,2.2380106,0.20424871,0.007907827,0.09633221,0.5815998,0.008626234,0.6277659,0.13187622,0.5442479,0.5699953,0.6347501,1.27505,0.36282718,0.566049,0.47921377,1.1036631,0.07354115,0.07611041,0.898683,0.67429256,0.48036808,0.27624145,0.52937466,0.7120488,0.040925376,0.5368582,0.0,0.4007121,0.03767208,0.45792416,0.6246101,0.13403423,0.30823046,1.3337545,0.32415134,1.4082536,0.61329925,0.05820566,0.044843808,0.18147802,0.08319408,0.2737139,0.0,2.531379,0.1517481,0.0,0.30488044,0.22258838,0.094775215,0.005934141,0.12161296,0.35582486,0.001094154,0.7221225,0.20267096,0.13892888,3.8162653,1.8210142,0.13656911,0.34301713,0.082314774,0.70137507,0.9795998,0.65088874,0.059594143,0.5301085,1.3139446,0.24564782,0.22891827,0.30557695,0.82501376,0.76173306,1.0616109,0.14679062,1.146786,0.23499212,0.16265018,0.06294303,0.25389346,0.028903712,0.13228308,1.5811895,0.45218682,0.4770275,0.10130642,0.3080541,0.40258184,0.5252795,0.10326542,0.09666351,0.06443127,0.1718941,0.6611977,0.7607052,0.053583022,0.6956576,0.37951216,0.0694072,0.011328297,0.27801436,0.6392983,0.2425196,0.090461574,0.38854483,1.1181931,0.37176645,1.467334,0.5169653,0.46967128,0.0054669986,0.1944406,6.046332,0.031600367,0.07026145,0.1353132,0.017069854,0.23271015,0.49625733,1.0079051,2.2302456,0.9086635,0.28340167,0.1895031,0.43057382,1.0865895,1.9226233,0.06912825,0.97774124,0.02172532,0.14694023,0.0,0.24096687,1.224138,0.9861906,0.04695643,0.4407113,0.03799144,1.3183844,0.04009566,0.0,0.0,0.002892983,0.44068006,0.64560604,0.034327265,0.5425174,0.16290864,0.09358796,0.86091775,0.53257525,0.2618243,0.122261055,0.13319461,0.045910235,0.27953467,0.578143,0.2497951,0.8488435,0.87874436,0.46143597,0.21138607,0.0070807794,0.764416,0.31183657,0.58033526,0.5110687,0.23013636,0.583026,0.05933995,0.45720002,0.0,0.2646381,0.27910498,0.7015793,0.022866648,0.52489406,0.22512354,0.86656314,0.5107915,0.93019396,0.042304534,0.9001913,0.44754067,0.2224049,0.0076465844,0.34665412,1.2816544,0.35238215,0.049804054,0.08970732,0.16563182,2.259627,1.6651509,1.2244946,0.019894786,0.107687645,0.43290702,0.4029981,0.75792223,0.15856788,0.385589,0.22672139,0.32555223,0.6770396,0.7433386,0.29835767,0.13044743,2.273113,0.50804186,0.27756178,0.40596598,0.23615184,0.0,0.21735817,0.48028782,0.0,0.86610055,0.610557,0.46988758,0.16338085,0.3053605,0.04600661,0.020534625,0.5341413,0.533986,0.29776374,0.0,1.4698675,0.24806081,1.1436324,2.852981,2.1301665,0.5155311,2.0063894,0.83448523,0.08984105,0.3378985,0.29651126,0.1497492,0.32950592,0.4006596,0.23681471,3.2153535,0.21409991,0.14454539,0.04355866,0.6344761,0.6417124,0.14282836,0.113304205,0.18591668,0.79024047,0.014388025,1.0906904,0.19672054,1.0297276,0.7327464,1.0576603,0.10995989,0.14028963,0.95281506,0.35789025,0.82739574,0.2606477,0.7136228,0.06736112,0.7873291,1.2582635,0.39993596,0.8759123,0.38546136,0.39446846,0.13008116,0.22114564,0.14987868,0.08719257,0.19436587,0.58608836,0.21817452,0.39098027,0.070766814,0.065715104,0.5619673,0.1319916,0.84789103,0.047851667,0.23064066,0.37566912,2.8804505,0.19514644,0.40367934,0.2025277,0.42275906,0.19214597,0.5993206,0.9481545,0.039244387,0.039290063,0.13995579,0.11468885,0.14265695,0.308312,0.33236977,0.0,0.0,0.059050553,0.09541753,0.22666992,2.9242363,0.38779405,0.42280376,0.16681927,0.7185991,0.06765178,0.38686946,0.5198196,0.3494517,0.32359937,0.74366826,all_pothole_images\pothole_images_new_image_854.jpg
0.9425086,1.6021552,0.83053565,2.700093,0.12590016,1.2425376,0.17079657,0.061596666,0.01295535,0.5288955,0.059175383,0.1828006,0.77549416,0.8479725,0.020541381,0.07009244,0.459602,0.39316955,0.35303038,0.870592,0.81772614,2.487298,0.0816789,0.6976754,1.575059,0.3550801,0.41513652,2.2504985,0.27879083,2.1588237,2.1659834,0.18043855,0.1905816,0.26031652,0.36763826,0.16189496,0.5305136,0.90569836,0.22435178,0.30618304,0.0,0.0022925201,0.9186223,1.0139664,1.0678843,0.30793688,0.053189278,0.38105634,0.12333753,0.2631611,0.7139426,0.4937846,2.6765828,0.28580904,0.010920077,1.0760516,1.6099147,0.57575417,0.500888,0.026016597,0.11322935,0.5494019,1.5652624,0.80538267,0.25786263,0.9669664,0.071430564,0.02408216,1.8321376,0.082357734,1.2282841,1.0385137,1.7182478,0.3670347,1.7204511,0.5893834,0.016949248,1.6218368,0.1258954,0.037474908,0.0783063,1.0476265,0.0,1.6930269,0.9293262,0.6156779,0.1250463,0.13253504,3.7686772,0.81490856,0.53191274,0.0,0.228839,0.35415068,0.21000548,0.0,0.55348027,0.06300813,0.6099665,0.16652319,0.08590238,1.195932,0.5709424,0.0068463036,0.75336367,0.0072813034,0.62620807,0.25453675,0.39091635,0.21797176,1.1936111,0.75258005,3.4237838,0.15734844,0.526154,1.1238033,1.2115755,0.19883735,0.13671514,0.28667805,0.6659589,1.2979356,0.7738564,0.31047738,0.80222684,1.3172537,0.3327025,0.41632843,3.55836,0.65647274,0.1966801,0.0,0.15542102,0.0,0.5023686,1.2007546,0.4873937,1.5785805,1.0518941,0.09530798,0.52430683,3.1887767,0.0,0.4141903,0.35607722,1.4964489,0.0,0.7932247,0.28036544,1.0697491,0.6610987,0.42387784,0.16413918,0.046142995,0.7344081,0.25746942,0.36718172,0.11325649,0.11442381,0.42855623,1.4132303,0.55576384,0.07699134,1.9104071,0.38062885,0.2755872,1.6942449,0.052614823,3.2451277,0.73324317,0.029894598,0.025321718,0.34531617,0.34120306,0.54780084,0.6427685,1.1904703,0.024873078,0.18615478,0.21600662,0.42960504,0.5086391,2.1408248,1.1395538,2.9200613,0.18318345,0.039170705,0.4246144,0.2900508,0.089506656,0.2689653,2.5234556,0.02611867,2.8342295,0.064834945,0.25983384,0.17165896,0.14583635,0.48671645,1.0369873,0.61657643,0.71525323,0.2532392,1.1826588,0.51595443,0.61346596,0.29558843,1.077813,0.88248366,0.16312973,0.0,0.012458325,0.7976491,0.7015208,0.8181414,2.3867476,0.2947553,0.89991623,0.23072626,0.18614203,0.6600226,0.019050665,0.021640025,0.73327225,0.0012072384,0.12520011,1.2614099,0.42343077,0.86409664,0.39922377,0.00089131546,0.1317774,0.6651749,1.5397931,1.2578453,0.2017999,2.4826035,0.0,0.28316185,1.0072299,0.36896572,0.23394836,1.0925325,0.59902954,0.104282334,0.06938778,1.9212095,0.21380858,0.42385167,3.7363453,0.5294702,0.009100609,0.30043975,0.21850143,0.21144493,0.018838352,1.7244524,0.22109371,0.34355024,3.045818,0.04784046,1.4859911,0.9929975,0.0,0.050215848,0.88774073,0.3020799,0.8521554,2.9675276,0.6743954,0.54658395,0.0,1.4964839,1.0897629,1.1959913,0.292885,0.739902,0.7101103,0.7626779,0.93003553,0.7376874,0.02338606,0.05967683,0.98622334,0.64874977,0.2721327,0.28793696,0.9535745,1.4230181,0.37996718,0.2755264,0.20261449,0.1637734,0.8133424,0.5769252,0.47818622,0.10158845,0.24811688,0.45298302,0.7527621,0.51682407,0.11295933,0.07676087,0.02281545,6.924127,0.7661842,0.04029378,0.3964583,1.4251531,0.15903513,0.05392952,1.1940649,3.091159,0.42370367,0.041686,0.67068595,0.16431592,3.2758029,0.5900256,0.44337288,0.0,0.39433506,0.38288623,0.3093655,0.38485873,0.9973278,1.6434587,0.0,0.13526782,0.071152225,5.0681334,0.23009734,0.7329748,0.08740499,1.6160482,0.25408313,1.9184718,0.7570069,0.47298473,0.24859825,0.4415528,1.7845287,1.4503977,0.7323503,1.2789307,0.62605697,0.6803352,0.09080655,1.0982991,0.32045496,0.15903884,1.0766639,0.79065174,0.63548535,0.031795237,0.0,0.0106608225,1.0592046,0.105061784,1.1819078,0.0,0.16043372,0.20594871,1.0401905,0.051938023,0.22138554,1.1435695,0.95902485,0.016583383,1.1558645,0.3409616,0.3823015,0.2323269,0.0,0.94009554,0.44326204,0.85618174,0.008069597,2.6028416,0.27325016,0.80137444,0.3085813,0.26967523,0.1251201,4.6354055,2.0070071,0.7488938,0.34816658,0.09260362,1.6437073,0.068120115,1.890459,0.7100131,0.30315456,0.0036373658,0.7972717,0.1040713,0.0601465,0.07224566,0.06749834,0.21664499,1.4239763,0.5768711,0.6346246,0.24913573,1.1574211,0.4442356,0.28145313,0.99005157,0.63443935,0.62548274,0.39770558,0.5464931,0.28740737,0.4058473,0.95750314,0.48746154,0.7513454,0.3758187,0.000943064,2.222413,0.0046958015,0.9972293,0.34092355,1.8072329,1.0447006,2.0191977,1.6483655,0.9229442,1.0310045,0.49291524,0.15541747,0.13480629,0.019478166,0.07473122,4.3346434,0.28580707,1.5019528,0.9080054,1.3471508,0.6855372,0.08454113,0.13453728,0.324501,0.19883434,0.16432473,0.51527494,0.796769,0.20479561,0.049301215,0.81475794,0.031680904,1.0348823,0.24456036,1.8327782,0.881885,0.34880945,0.56416726,0.51796514,0.55657995,1.0395672,0.103182375,0.5821882,0.031028932,0.80412483,0.64757496,0.004077942,0.0,0.6911166,1.3180689,0.671024,0.074950956,1.0151143,0.36560184,0.3249258,0.0078089163,0.25833604,0.5975909,0.32826045,1.7555,0.08527692,2.2379313,1.6884066,0.21539026,0.22597086,0.037360083,0.609761,0.0010417866,0.7988886,0.0,0.18082917,0.7099943,0.0722378,0.23199171,0.004083606,0.14809105,0.73342466,0.09079898,0.14221284,0.08581032,0.081786215,5.112159,0.7678725,0.18457934,0.7309005,1.1461354,0.6189758,0.38837552,0.123005874,1.8749573,0.66890347,0.70330185,all_pothole_images\pothole_images_new_image_855.jpg
0.33844998,0.67876333,0.9426963,1.8151394,0.6968513,1.3167852,1.2201458,1.6493857,0.4533338,0.17964388,0.23938239,0.70300704,0.26666126,1.8048071,1.0713661,0.44897294,0.5026932,0.19852307,3.0203135,0.3685804,0.40721032,2.1515503,0.8852435,0.35966343,0.21842164,0.28462434,0.58107907,0.6421536,0.9434943,0.9581292,0.56031775,0.009321244,1.3308965,0.25596556,0.16834493,0.6233047,0.50069225,1.1279458,0.8764285,1.8486838,1.1327308,0.98098713,0.2374864,1.8536353,0.18485883,0.15797941,0.12755488,0.006567024,0.74756837,0.50525486,3.5551817,0.39361495,0.0049945554,0.68949455,0.67345613,1.2498661,1.0979671,0.23707125,1.2115093,0.50578463,0.49707305,3.5104208,0.58961123,0.30464202,0.18182239,2.2525084,0.5824359,0.32343176,0.68574786,0.079194285,0.8062216,0.33084455,0.92432404,0.41271725,0.21287303,0.24883348,0.1677655,4.8679695,0.5124467,0.24924932,0.046113458,1.0588608,0.57869107,1.3337277,1.858693,1.7864152,0.9261419,0.3351462,2.27704,0.80912703,1.2437105,1.3025533,0.00350665,0.4951238,0.91978097,0.30905512,0.022821682,0.22710559,1.2808331,1.1172552,0.024004588,3.0219934,1.4507315,1.8314258,1.4072149,0.46426183,0.36578313,0.8886233,0.09596108,0.60445875,0.865684,2.1005929,0.16499776,0.004208805,0.29882905,0.7184616,1.9570341,0.24199715,1.0152457,0.30131516,1.4148892,0.9637429,0.16004713,0.5375979,1.6094111,1.1242814,2.0726633,0.95041436,0.9761216,0.8503108,0.15782823,0.7480548,0.039871447,0.8635908,0.16375746,0.8748264,0.42095152,2.2520578,0.70462734,2.1977801,0.79981565,0.8541833,1.25831,0.54517627,0.32982254,0.26886624,0.3589263,0.4200592,0.4825634,0.119279206,0.41428733,0.48605365,0.8129701,1.2393961,1.5308847,0.19331044,1.0795617,0.591222,0.2892795,0.47447973,0.581819,0.4991402,0.05890168,1.5712245,4.270307,0.585743,0.74941283,0.00080129603,2.8056364,0.008114163,0.95866114,0.041903786,0.20747256,0.7645529,1.285223,0.25470996,0.030068966,0.06297841,0.3043633,0.038600348,0.4281001,1.1556635,2.5615723,0.84109354,1.23865,0.13895781,0.70703566,2.1155896,0.41757688,0.40009257,0.45005763,1.1146569,0.8211014,1.5038066,0.4332934,0.0045904177,2.3986354,0.8009158,1.5803667,0.23390226,0.38698417,0.92558146,2.3746512,1.4065088,1.8526049,0.7187755,1.0956148,0.102197565,1.2871182,0.2624871,0.068147786,0.043786842,0.34993115,2.4086134,1.2377757,0.23997514,0.06326011,0.5525506,0.20419519,0.494805,1.7390482,0.76540935,0.09208986,1.4466547,0.19308244,0.9484997,1.5993278,0.7133437,0.20999448,0.1740972,1.0088164,1.8340385,0.22592272,0.50025815,0.44232246,0.7203328,1.9799489,0.49387175,0.09898778,0.5947817,1.6653117,0.4831503,0.19222121,0.27397135,0.91916925,0.17794406,0.43891227,0.011720319,1.2845128,2.1563404,4.025991,0.22903833,1.3639538,0.14407371,0.59702384,1.486694,1.1075022,0.12846583,0.72273624,2.9671042,0.16666885,0.5949428,0.8044474,2.795445,0.5439551,0.46199876,0.9670523,0.7732994,1.5490997,0.32195312,3.2939365,0.017146057,1.4366908,0.16301346,1.0479931,0.23235482,0.90838605,1.4096842,0.79431176,0.33477488,0.31904924,0.82413787,0.042646524,2.2107663,1.1153793,0.81281626,1.0343256,1.1139898,0.6224417,0.14583506,1.1993067,1.8842555,0.10645148,1.0763059,0.30190897,0.66300756,1.5402573,2.191667,0.13847966,0.0040651695,0.097875975,0.14902066,0.3275217,0.06593065,2.772741,1.6468073,0.52932084,0.20846204,1.652916,0.048829973,1.8456414,0.49146682,1.4313896,0.7702465,0.6725362,1.1513621,0.0024033845,0.90932655,1.1524577,0.2300682,0.34204793,2.5588338,0.45831826,0.054232724,0.48566762,0.7455349,0.809254,0.69780207,0.5843339,0.06025736,1.0043677,0.7080114,0.73295933,0.15390904,0.5936488,0.7642724,0.6223824,1.902434,0.11641072,0.61529714,0.45544717,1.471909,1.968836,0.12657623,0.6613736,0.19684756,0.59253156,0.07901478,0.054369196,1.2822062,1.4119158,0.510981,1.3652521,1.5190262,1.5352182,0.035619624,1.3713536,2.4307618,0.661201,0.17636903,0.22032881,0.5637476,0.27230683,1.1165806,0.3732646,0.74533516,2.0577793,1.1121409,0.43293536,0.40452808,0.81807685,0.14819328,0.5166865,1.4598018,2.7302353,0.04082349,0.1312644,0.7910998,0.6352809,0.87040836,0.37655884,0.21066967,1.8213282,0.3025302,2.2017267,0.7240518,1.5493472,0.59986085,0.8483482,0.6499693,0.2581373,0.3188594,0.04964959,2.6458507,0.14369388,0.22414073,1.2434542,0.21972346,0.4600816,0.2208622,2.3221338,0.0,0.22612824,0.1504139,0.5561995,0.15959157,0.27011025,0.35377774,0.056167707,0.6873562,0.2133323,0.5849065,0.71457034,1.0182239,1.2281799,0.7448212,0.80121416,3.1847408,0.64200175,0.3083302,1.7621512,0.12802336,3.032473,1.4074918,1.0737102,0.8260844,0.8380497,1.019459,3.237652,0.51379746,1.2714424,1.4450929,0.24804626,1.0356079,0.0,3.0125754,0.34952018,1.0715752,2.3707569,0.6838127,0.38666317,0.33086482,0.17148307,0.023351498,1.3957815,0.726366,1.1673082,0.4778553,0.106793486,0.7028496,0.54378635,0.08750149,0.29229817,0.387113,2.4381783,1.3100158,0.9668027,0.2884046,1.1719494,2.3118382,0.14481547,0.20412391,0.065160684,0.015429219,0.980626,1.2374631,1.0962235,2.859535,0.28486353,0.4936599,1.9068217,0.7287046,1.5364044,0.98966527,0.25516057,0.42928836,0.60548484,1.2462677,1.1593889,0.3380753,0.35011482,2.018062,2.9550908,0.41599903,0.0043000826,0.5056541,3.427352,0.0,1.5420436,1.2963724,0.5156688,1.622688,0.42227873,0.74504805,0.19620273,0.6104934,0.89843094,0.42191836,0.4933506,0.49114677,0.93098235,4.6716175,1.5847775,0.65075934,1.2459066,0.625679,0.034967773,0.579755,0.9133418,1.5847794,0.9541618,1.0184404,all_pothole_images\pothole_images_new_image_856.jpg
0.8912171,3.4883504,0.83315307,1.5148038,1.1420836,0.7273452,0.8638838,1.001429,0.16933125,0.6154505,0.2926811,1.8075527,0.062149532,0.44049916,0.29543552,0.27332088,0.5534398,0.78060156,0.32891518,0.2294412,0.5803287,0.7144079,0.701609,4.218471,0.76466554,0.9519132,0.52811646,1.5494106,0.1263859,0.08493214,0.6259881,0.21405527,1.2109351,1.63552,0.2533379,0.9764304,1.22922,1.5744239,0.709484,1.3642818,0.13741654,0.10795641,0.7895345,0.267828,0.7928734,1.2022196,0.29715422,0.0072336276,0.7055506,0.85695094,0.42740586,0.2602363,0.69021773,0.07626162,0.095286466,0.636538,1.3293946,0.5429715,1.9578894,0.21879351,0.18013926,0.007715669,0.8593044,1.2512133,0.09313823,1.2231241,0.62776726,0.92686695,0.27763665,0.059977524,0.37403616,0.6469979,0.6692787,0.18035612,0.6747108,1.8082765,0.49695882,0.85066146,0.0,0.24792545,0.8475727,1.3931124,0.89121604,0.17812456,0.86711836,0.49578708,0.29772654,0.23859847,3.1359787,0.46237618,0.080748156,0.07708896,0.51241684,0.022443494,0.15279156,0.51723254,1.5247177,1.0965232,0.33334094,0.08763766,0.22929765,2.066404,1.9315951,0.120755434,1.5434312,0.47397918,0.0063416413,0.82733184,0.76173526,1.1025848,0.2933453,2.335827,1.596052,1.362455,2.2338574,2.0622222,0.9007907,0.07119344,0.08773006,1.9488715,1.2283462,0.79617596,0.39991534,1.0295228,0.19536057,0.55342585,0.09248696,1.0952805,0.706233,0.20250197,1.0199534,0.34835333,0.008178749,0.16548914,1.1674533,1.6344036,0.22925793,0.7901784,0.8946613,0.006314581,0.99500036,0.434748,0.16433369,1.0500667,1.5487866,1.8899432,0.09111122,1.7241207,0.13175395,0.41935393,1.4647563,0.6118764,0.30487257,0.0029863438,1.6251985,0.61831826,1.7127198,0.10476762,1.564421,0.19019102,2.065538,0.48202577,0.22386803,2.7481163,0.3988325,0.5596195,0.8470457,0.36709988,0.39811248,0.25570774,0.51492023,0.1574472,0.24504426,0.27079514,0.66070074,1.8365973,0.51416016,0.24840978,0.07061215,0.31379813,0.41218168,1.1601149,1.6465477,2.3844342,1.1378238,0.1248614,0.0,0.19852486,0.85190874,0.78682667,0.8249598,0.07917277,0.34290102,1.2609451,1.5826347,0.43483952,1.0643562,0.07113229,0.39529312,1.1387389,0.6276217,1.1988279,0.2490371,0.26677787,0.40530178,0.7078594,1.3777003,0.7674719,0.39660317,0.96185136,0.11002337,0.08801753,0.7661475,0.8293323,1.2599297,1.0757155,1.1674674,0.3231701,1.4330668,0.013736078,1.66838,0.030804805,0.13033298,0.74066556,0.0040418054,0.81044453,0.43807352,0.9583885,0.23054817,0.8007529,0.7070549,0.15587507,1.2332491,0.0073102894,0.45360035,0.002241598,1.7652538,0.59991837,0.3111969,0.5896024,0.3847871,0.1655362,1.0747966,0.21886253,0.5208377,0.10908553,1.8028708,0.036895026,1.3605723,2.159374,0.13433804,1.4505926,0.39956436,0.105127156,0.048348464,0.25793985,1.6256366,0.077586554,0.58201194,4.6319494,0.19895491,0.53265226,0.3572911,0.56917655,0.13916339,0.256798,0.8178233,0.59865695,3.7117698,0.1846034,0.20706718,0.08887164,0.32370228,1.2779039,0.6887015,1.3004739,0.47241554,0.43014652,0.89617234,1.4188684,0.0,0.52625006,0.1867807,0.3701958,1.015024,0.07220716,0.9329365,0.5064634,1.8503934,0.116627894,2.0083222,0.11743698,0.19337235,0.93909687,0.47824702,0.07150742,0.86644083,0.0,0.91177124,0.63614297,0.40782547,0.011467403,0.9719148,0.4769689,2.7266824,0.24581137,0.0015050647,0.2186984,0.2652901,0.83650285,0.29526314,1.4359286,2.363683,0.73046213,0.2941026,1.345554,0.28748035,1.0785459,1.6810908,0.6964971,0.37473032,0.035533205,0.5103031,0.002011363,0.2823725,1.8620893,0.4571342,1.0091614,1.484313,0.31840575,2.0894728,0.4639682,0.006395184,0.0,0.02008457,1.4940478,1.6520565,0.0,0.09408192,1.0095876,0.61501104,0.35230133,0.42797515,0.114238694,0.43184292,0.021879818,1.5389767,0.08206855,0.031956565,0.1426494,0.17617069,0.23412155,0.484417,0.46174413,0.3530286,0.018720752,0.763916,1.4158163,0.23761617,0.6550739,0.80234206,0.9609954,0.35003567,0.97360873,0.0,0.5021347,0.51266307,0.56815976,0.7054625,0.5071958,0.37337202,0.8393234,0.7111137,0.42031512,1.6475083,0.78434753,0.03613283,0.3943974,0.29103285,0.43955618,2.5238252,0.6401554,0.19460604,1.3801605,1.9321684,1.5469732,2.262897,0.2754161,0.5237149,0.9772899,1.58696,0.4946514,0.3935382,0.10347697,0.32900506,0.029847562,0.74998575,0.21481876,0.5240092,0.6944501,0.560008,2.2524378,0.32423887,0.3338458,0.006271598,0.62165153,2.1371858,1.1234932,0.26309165,0.706325,1.0629753,0.8639196,0.08540134,0.33033106,0.4320568,1.3377807,0.60982364,0.44279328,0.6023479,0.0,1.4362508,2.3541741,1.8479019,1.1335764,3.8334687,0.56050164,0.5644283,3.1004128,0.71026176,0.4043901,0.38900992,0.0594445,0.13234518,0.5010661,0.25779137,2.5212007,0.30918163,0.06628856,0.3054117,1.7736527,1.6135473,0.78943837,0.76772726,0.25384992,0.5393612,0.28070605,2.1780787,1.0220275,0.40610826,0.53729475,0.57945615,1.0359031,0.6291468,0.39154255,0.8193831,1.052115,1.8409882,1.3705497,0.1989493,0.98233175,2.1526575,0.62865055,1.3118603,1.3190058,0.08092951,1.3150544,0.049046677,0.0011608201,1.0179499,0.7375013,0.9745842,0.4145848,0.63163424,0.4408735,1.1199701,0.0020522766,0.13007216,0.18395014,0.11204796,1.0109891,1.6235011,1.8300513,0.18937698,0.2033788,0.029172668,0.36888152,1.7737134,0.21174493,0.12580597,0.023265084,0.80462456,1.9977494,0.3320206,0.4328484,0.084451966,0.09357211,0.39762294,0.29470736,0.12730893,0.7422666,1.7633349,2.201957,0.53592354,0.48583132,0.7619003,0.42803708,0.020020805,0.83137673,0.4191994,1.0939353,0.17227712,0.047526002,all_pothole_images\pothole_images_new_image_857.jpg
0.7792168,2.209406,0.8336203,0.62465346,0.2140976,0.199359,0.030064559,0.025045041,0.52533174,0.26371565,0.49366117,0.065489806,0.78752583,1.8456398,0.6183543,0.47861078,0.10623704,0.052945796,0.07960963,0.4620457,0.48361218,1.6471951,0.50024617,2.1872568,0.47664782,1.1701522,0.20040503,1.5898465,1.5867667,0.7651492,1.733864,1.2172021,0.4009959,0.054357626,1.2981157,1.0376657,0.47083887,1.1412505,0.1541651,0.03443693,0.7012479,0.2767583,0.021268696,2.4365544,0.6178984,0.5278738,0.03700345,0.2663754,0.8794557,0.9704552,0.773446,0.0815815,1.238495,1.6290418,0.72447675,0.78687423,3.376542,0.0,0.4470199,0.14520967,0.28420633,0.0038934385,2.1313791,0.3114803,0.027407466,0.36392343,0.07137895,0.49899757,0.35145745,0.43197396,1.2783723,1.1580764,0.31712943,0.10321233,0.70931554,2.6211212,0.13131048,0.41098106,0.049822554,0.3746999,0.16688849,1.0956922,0.05777765,2.6958892,0.17963372,0.22466534,0.37632325,0.12861009,3.1957574,0.30815482,0.24803837,0.18841486,0.008120097,1.0797718,0.7694248,0.013707326,0.40775812,0.8664683,0.45775464,0.0733579,0.046848267,0.45309237,0.10841879,0.63266325,1.6000972,0.9073748,0.8172878,0.0009270271,1.6587723,0.40411648,0.5908182,1.4182938,0.0036347911,0.038660947,0.20997849,1.095157,1.21024,0.32402024,0.8262085,0.1949934,2.1308239,1.2697242,0.77124864,0.87647045,0.1741857,1.9301287,0.7401991,0.5520154,1.8019832,0.6035938,0.81879854,0.06865021,1.0077384,0.03181927,0.15984675,0.10426344,0.55858827,0.2965847,0.8557443,0.46386763,1.3792152,0.9283247,0.49657682,1.1782244,0.2721998,0.23313779,0.11589543,0.7487252,0.60902524,2.4308643,0.8199293,0.87535936,0.22358002,0.38171762,0.6846603,0.13695735,0.4998513,1.7144912,0.7172953,0.33168924,0.93976736,0.11175936,0.048683934,0.9890031,0.54699105,0.0516507,0.023730973,0.0,0.19194634,0.23661305,0.62245846,0.12506485,0.054510977,0.8345961,2.2181578,0.0228716,2.0411623,0.0,0.14997795,0.34291434,0.0,1.3942766,4.4930553,0.8706646,2.5160687,0.5185878,0.64262164,0.1397972,0.074005924,1.8349204,0.31923327,0.93510574,0.2916223,2.3832169,0.060148638,0.66747695,0.12090242,0.5144699,0.03521448,0.9548254,0.078283064,0.29126555,1.496988,1.0885143,1.7667242,0.6378772,0.35958627,0.36080137,0.19207223,0.15823832,0.020459447,2.4195821,1.550344,0.016557638,0.29187348,0.15495723,0.24759938,0.38665357,2.0028226,0.0046929633,1.2099208,0.2985534,0.59310544,0.8668211,0.053810984,0.05593734,2.3396966,0.18822107,0.4483892,0.7440965,0.16672292,0.16149457,0.24974182,0.12131736,0.6868691,0.014613601,0.6674861,0.11023733,0.022553802,0.8521793,0.07019536,0.22806033,0.7097545,0.044258147,0.0136344,0.05538984,1.045431,0.0,1.2195989,2.6046894,0.55597895,0.6120197,0.26037547,0.15031883,0.029946899,0.10167886,2.8616078,0.03307683,0.073288135,0.3111047,0.12983216,1.5727122,2.661888,0.6912217,0.32605952,1.0943767,0.144726,0.2794471,1.192972,1.0027246,0.4700857,0.16230822,0.006161684,0.8551296,1.3377453,1.3042758,1.042713,0.07852587,1.249663,0.7570938,0.27503577,0.12922716,0.21266809,1.061847,2.1899884,0.26175818,0.08070091,2.1764917,1.8301419,0.012616159,0.07406842,0.4019106,0.059815157,0.36808816,1.5770297,0.60398275,0.91351557,0.012521661,1.40952,0.23717709,0.006630013,0.99298286,1.5974722,0.7332167,5.8919654,0.24540988,1.3453773,1.3079591,0.03382922,0.18075061,0.2626644,1.0578734,3.9844081,0.32915676,0.036836542,0.3263763,0.57467735,0.19432579,1.7914258,0.8301099,0.025466979,0.9667769,0.010269534,0.022829648,0.043790292,0.8375866,1.9484442,0.779768,1.6022182,0.9255452,2.2455995,0.109599255,0.23105371,0.02693384,0.5411229,0.4260773,1.1759969,0.04933108,0.113548666,0.31059775,1.5489686,2.6177454,0.66761094,0.25106838,0.92569387,0.10842134,0.054418422,0.09070658,0.08829757,2.2845676,0.22909416,0.7294744,0.2712985,0.10238652,0.15549675,0.022618378,0.33126006,0.5097324,0.32597598,0.6748076,0.3233362,0.017682893,1.1325136,0.88568443,0.06455971,0.56439894,1.3657641,1.4078326,0.026083883,0.9633806,1.9530449,1.1430012,0.192979,0.81380016,1.1140326,1.5502329,0.1495924,0.33923772,0.52575535,0.46733308,0.049077597,0.04469122,1.9844025,2.7380555,4.9573073,0.14235555,1.530217,0.37332857,0.11017223,2.4129179,0.46050963,1.0109067,0.78116405,0.100931205,0.14006808,0.082140476,0.050578963,0.47862396,0.28591022,0.15084904,2.7020152,0.7920398,0.3112188,0.6629768,0.3635965,0.0031386043,1.2280008,1.423986,0.012129499,0.111364596,0.023915507,0.45365748,0.9329061,1.2360758,0.69769275,0.22319135,0.0701414,0.82950974,0.13241373,0.07991892,0.9778428,0.86359763,0.2845983,1.5398628,0.19520384,0.37792003,0.3731109,0.84966403,0.4057795,1.0149318,0.07193128,0.054682437,0.107233845,0.9067175,0.0,4.4997454,0.22268209,0.02328859,0.113435656,0.23443466,1.0465416,0.67820126,0.61161995,1.411031,0.25967756,0.17724223,0.3963861,1.0652441,0.79345614,0.3139417,1.2754198,0.10224352,0.85306513,1.8752061,0.32127595,1.5407364,1.1681865,0.32071534,0.046981364,0.4553603,1.5386022,0.010722702,1.5520273,0.6473374,0.78612924,0.28806075,0.20704614,0.058429103,0.7674709,2.692546,1.7837698,0.36004543,0.3995742,0.043292686,0.40256616,0.93137753,0.53078675,0.62968975,0.7814762,0.06800452,0.3463289,2.5416214,1.1023831,1.1278266,0.007808115,0.40800616,0.7272153,0.9022378,0.23521976,0.21871354,0.5885396,0.5831193,0.0149360085,0.1620662,0.10635446,0.23036793,0.23452501,0.06073571,0.45358637,0.025523825,0.0767493,3.8134024,0.2979016,0.12156967,0.04178618,0.6255971,0.27487326,1.2925732,0.5400862,0.37627855,0.71369654,0.64195615,all_pothole_images\pothole_images_new_image_858.jpg
0.36313877,3.0324943,0.29904038,1.7021775,1.7082251,0.5639428,0.3097391,0.62795067,0.23536435,1.1773404,0.113661274,0.34070525,0.31715643,1.5598899,0.26790452,1.2474985,1.1762358,0.5576411,0.9277237,0.69289726,0.022524929,4.545477,0.4336014,2.2911413,0.3239029,0.39198965,0.0044892104,1.9296747,0.22021231,1.3170757,0.8434528,0.25865838,0.546555,0.096494086,1.0292431,0.24405572,0.93048865,0.1716568,0.8674073,0.7451823,0.18631752,0.07203058,0.5721733,0.39007995,3.345343,0.19176394,0.27022123,0.0,0.92388296,0.7559523,0.58806306,0.5151411,1.3994147,0.85208344,0.50367075,1.8472327,2.1079056,0.031175252,0.81077015,1.2075157,0.38321105,0.0020695638,3.230944,0.21647717,0.52237535,0.728783,2.0464609,0.84361166,2.6282349,0.84516066,0.47833088,0.7611403,0.021266874,0.014253467,0.82854146,1.7690202,0.60619044,0.50678456,0.030253705,0.18092602,0.3312002,0.4104613,0.4722799,2.1677818,0.58508337,0.3864788,0.74877757,0.33720475,3.658881,0.4032016,0.3545534,1.390741,0.49100196,3.256516,0.9498086,0.7709718,0.5752864,1.0412003,0.29870465,0.4486203,0.6527178,0.593853,0.1484903,0.09204464,0.3830287,0.010549829,0.40903607,0.02333205,0.25681382,0.45803833,0.69305885,3.6262434,2.0706396,0.21429408,0.36519948,0.86254567,0.54898185,1.4778184,0.2870812,0.73037046,2.3187099,2.1338196,0.40347397,0.10842121,0.4780145,1.3956631,0.03140375,1.1554159,0.692022,1.00523,1.2192285,0.057272244,1.0438313,2.2759001,0.717448,0.48822153,0.38269097,0.02390648,0.8068766,0.80077875,1.0214721,2.250939,0.19454238,1.2270421,1.0480272,0.43730602,0.6548864,0.0024127972,0.97853297,0.7436267,0.07156585,0.9330803,0.93217576,0.078940555,0.7643421,0.043827984,1.5783436,0.7690819,0.3110218,0.1271344,1.7895124,0.17453443,0.41313326,3.3236532,0.71284485,0.020129854,1.7250434,0.46708852,3.2978122,0.15180206,1.0159466,0.063832015,1.6540397,1.0685018,2.4154155,0.12073141,0.7231177,0.33842513,0.778105,1.1367261,1.6305588,0.8736497,2.7146459,0.075477004,2.7422745,0.2630146,0.1613113,0.12312506,0.16904607,1.3994468,2.2443154,2.877169,0.9095609,1.3661633,0.4122502,0.23148474,0.05246748,0.5584401,0.28417683,2.473653,0.9564257,1.5781536,1.0960882,1.1728587,0.91821957,0.74060416,0.16558312,0.13868314,2.1195867,1.7796959,1.0602206,0.5129357,1.9571726,3.557309,0.35135067,0.39729294,0.4791059,0.6186079,0.37277082,0.41368318,0.89067805,0.6170426,0.5733665,1.1573308,0.09974718,0.56529295,1.2685307,0.16924636,0.99629694,0.0026672494,1.332251,0.72746766,0.7561636,0.21298575,0.6699695,0.074266255,0.60973305,0.27782324,0.06089099,0.14462684,1.0511506,0.49512458,1.2260816,0.07046146,0.20046304,0.30054834,1.093493,0.02289466,0.35265046,2.9034107,1.1537299,0.06445165,1.1530879,0.013784087,0.5538254,0.16120163,4.801071,0.9899094,1.5331442,1.7756332,0.57680786,0.8146671,1.7635931,0.2208821,0.28448683,1.0352218,0.9160238,0.4470288,1.6989243,0.15051866,1.2363046,1.7229031,1.0603637,0.4066466,1.3119524,0.97472334,0.8556677,0.8169164,0.505273,1.0011295,0.3021887,1.0138726,0.04751093,1.1800904,2.7438114,0.71167254,1.1754241,0.7117785,1.4467107,0.31279856,0.09186008,0.40835345,0.652034,0.43522185,1.5734098,0.40900168,1.1399815,0.38985357,0.68913376,0.09374295,0.07362512,1.6405072,0.04784786,1.8030183,5.132469,0.22479339,0.32614928,1.2809433,1.8946197,0.24342075,0.16249253,1.0086863,6.3787017,0.56735814,0.4658262,1.3976773,0.41056535,1.5318644,0.22113776,0.18427248,0.35832965,0.947305,0.27214003,0.34199792,1.0034044,1.0446751,0.30963477,0.5717743,0.777541,0.6680326,4.7649026,0.19969165,0.08905457,1.8636206,0.7449191,0.8194533,2.0122662,0.11556448,0.5275893,0.912028,0.77104294,2.7059927,2.110617,0.15500176,0.87970364,0.45585316,0.5887543,0.10361548,0.18948309,0.9529163,0.49082145,0.6612311,1.2166995,2.6996484,0.9217149,0.12344409,1.2091913,1.3559326,0.9447798,0.0,0.15919775,0.23808132,1.2263445,0.45681807,0.17287166,0.0982997,2.113072,0.3725002,0.22707184,2.7228925,0.32765606,2.4144943,0.52112734,0.10763204,1.654937,1.0292441,0.1667902,0.75392944,0.12518269,1.7150022,0.10827249,0.805729,0.62093145,1.6669698,2.8278782,1.4103206,1.9906205,2.0237243,2.23541,1.4327507,1.2709891,0.19459224,0.78571755,0.7864643,0.38333628,0.29985255,0.59880257,1.9752635,1.033441,0.39205182,1.5256556,0.27429387,0.48210934,0.3012572,0.50663024,0.001297502,0.6691071,1.4388672,0.18702047,0.8263822,1.4998939,1.1640717,1.6181809,0.64047086,0.6018833,0.102066584,1.2874929,1.0432163,1.1927933,0.051745947,1.0049951,1.3972404,2.5367432,0.14710441,1.9317222,0.80536306,0.17168026,1.4494127,1.063972,0.41331536,1.2357521,0.7713084,0.43063584,0.89791954,0.10532812,3.4688683,1.5627785,0.66558975,0.31667963,1.7744464,1.3669562,0.21312416,1.261355,0.14964329,0.16853014,1.5489336,3.2446299,1.4480307,1.3509549,1.8020688,0.57784283,0.5479595,1.038812,0.9074672,1.0030403,1.3712139,0.8526966,0.67871255,1.2228861,1.0021359,0.548344,1.1734885,0.1803593,0.9255782,1.5918127,1.2756655,2.2048872,0.16904692,1.0857368,1.0968063,1.0255417,0.88881993,0.45675683,0.47441906,0.14714214,0.24334548,0.81212956,0.10410124,0.91385293,0.5257426,1.3111999,2.539868,0.939719,0.68504304,0.0006033389,0.77860415,1.4083076,0.2581702,0.56391025,0.031671688,0.95142645,2.0121737,0.05552179,0.034259483,0.3014176,0.62615585,0.8174077,0.70276797,0.2181873,0.41866496,0.027601523,4.697888,1.5861368,0.985787,0.4722191,0.6078689,0.0,3.1984377,1.3261143,2.6171346,1.1660056,0.18438618,all_pothole_images\pothole_images_new_image_859.jpg
0.056124978,1.353321,0.16470256,2.113972,0.40418246,0.1026724,0.6133025,0.19723697,0.66326886,0.91632926,0.094539136,0.008941418,0.0021885834,1.2904545,0.02555841,0.13077278,0.059437867,1.9994229,0.29323143,0.930911,0.05794952,0.13511766,0.93423617,1.7930145,0.44856104,0.26280695,1.4654568,0.41632438,0.10528442,0.22675927,0.000693601,0.02537711,0.19936424,1.95818,0.04802588,1.095344,0.35737836,0.23169151,0.6066078,0.1638093,0.11281223,0.7486476,0.25865823,0.2859271,0.28866702,1.0819058,0.28529945,0.4446261,0.5153878,0.19302337,0.14417624,0.41738173,0.16205117,0.0445215,0.18009536,1.5593847,2.0980926,1.601058,0.15052521,0.13895884,0.11692883,0.9943834,0.16221651,0.16212511,1.0985434,1.8865042,0.50671065,2.8486607,0.16384843,0.7709151,0.21217512,0.053582434,0.717157,0.023179546,0.34105456,0.017846255,1.4907969,0.6801871,0.16468391,0.6647452,0.032785494,0.28146648,1.2296246,1.6710373,0.5194967,0.021482557,0.83527124,0.18581176,2.5353706,0.34699786,0.07443931,1.3159226,0.25085297,0.7419767,0.3849645,0.06700891,1.0327494,0.8549119,1.4450226,0.19516411,0.16057123,2.6073446,0.43360317,0.094786994,2.1171355,0.7996873,1.2439041,0.26812494,0.01317783,1.2185569,0.004105966,0.07207546,0.19173689,1.3331133,0.27261072,0.6289393,0.39469552,0.6980187,1.3128576,0.19352183,1.6025198,0.60727316,0.025474092,0.22411644,0.5890154,0.37791708,0.0023886226,0.52762437,0.15917946,0.30780372,1.2693955,0.98262304,0.4013882,0.3453255,0.40881768,0.10650191,0.051296573,1.4656751,0.3768734,0.68773556,0.26558125,1.0145961,1.6469358,0.58205473,0.10150618,0.06660719,1.1035103,1.2615491,0.7212021,0.02871228,0.094973914,0.105702356,0.49757144,1.2053568,2.4304743,0.31125492,1.301646,0.3170939,1.1909189,0.1149905,1.8729993,1.3386317,0.09014911,0.77342284,3.1243417,0.13389114,1.1003035,0.17658234,1.4025754,0.9909473,1.3763084,0.28907105,0.27035522,0.30380866,1.0692999,0.1829506,0.033647876,0.0,0.50225663,0.026809383,0.18393071,2.159387,0.88964283,2.5466886,3.0094771,1.276881,1.0228584,0.22751987,0.19441274,2.002837,0.7771553,1.1055971,0.44953197,1.4866865,0.5907632,0.026965477,1.0342951,0.28830922,1.7401836,0.0,0.5963423,0.92996305,0.077199124,0.37806678,0.033559036,0.79684097,0.7115712,0.2217407,2.024331,1.5572525,0.005202494,0.93806344,1.2840694,0.18099104,0.632239,1.5062813,0.6668081,0.06086127,0.60005844,0.94504327,1.0340735,0.7128994,0.8554038,0.035854943,0.0,0.01684797,0.6409148,0.017834583,3.1591897,0.017329711,1.0118117,0.8632632,0.5098412,0.15189959,0.0031450652,0.019546168,1.2237781,0.076806955,0.46440327,1.2428281,0.46087983,0.0505707,0.3688092,0.800258,0.22793792,0.08373672,1.2685442,0.05903857,1.040373,5.602935,0.24243829,0.67545915,0.114888854,0.24957399,0.033614505,0.16746967,0.7929955,0.6297358,0.04470584,1.8755727,0.15085842,0.23447192,0.6583174,1.9553505,0.104022294,0.83399594,1.5875437,1.0702581,1.1392784,0.014062774,0.2848915,0.024317212,0.36868694,1.1828563,0.053237565,1.5216883,1.4642701,0.18565364,0.5237666,0.96542233,0.23626572,0.30567262,0.2489645,0.2189768,0.015666066,0.46681416,0.32699394,0.3776123,0.7582938,0.18387794,0.23488699,0.23237994,0.8205074,0.8123114,0.45145613,0.29256108,0.43192905,0.0029792178,0.005886207,1.6614784,0.42137933,1.0068587,0.30652222,0.23766844,3.0561373,0.145563,0.13667548,0.038854796,0.49279124,0.43329522,0.26699132,1.1522897,2.2830017,2.3222175,0.3827771,0.018606057,0.056469187,0.9453406,4.4921665,0.4808803,1.4741257,0.17089713,0.2594734,0.10622492,0.089868195,0.07946741,0.25673,0.0901375,0.23496573,0.1764374,1.2646623,0.013844706,0.87585014,1.3946495,0.044465896,0.040882826,3.0285904,0.18205404,0.8395669,1.1466217,0.882036,0.9270208,2.7661126,0.93676555,1.0118165,0.023544753,0.24175775,0.033917606,0.029197203,0.010790747,0.8078703,0.05784966,0.7945158,0.25997394,0.02023613,1.2962682,0.0,1.2383486,1.7283279,0.60458285,0.38108966,1.539059,0.4973689,0.10210075,0.054835133,0.1819015,1.7762352,0.03959462,0.5589103,1.2679491,0.89922774,0.12443247,0.2593976,0.50588924,0.727551,0.53797245,0.17049639,0.36052787,0.6380328,2.0835521,1.5210309,0.055300076,0.95017385,1.3915937,1.302591,0.04655193,2.8783762,1.3655977,0.5248098,0.45673302,0.9625708,0.88470787,0.22994076,0.08700547,0.0,0.044546083,1.4844612,0.8678902,1.036193,0.041353814,0.11446385,1.1653908,0.8654176,0.37823847,0.4684175,0.0,1.0193323,2.2032275,0.016066594,0.05572124,0.15556398,1.0561715,0.81123644,0.1612097,0.029397814,0.25517127,2.3327749,1.3885438,1.2148958,0.022869088,0.99455345,0.39918482,1.5422518,2.2945135,1.8879749,0.73880494,0.99618256,0.20230846,0.6390752,1.3395144,0.60005975,0.16247497,1.0883225,0.19438305,0.03769307,1.2936077,0.72106856,0.052104905,0.092438795,0.017334761,0.8288321,1.39913,0.28489003,0.17475827,0.008862712,0.21962178,0.51824576,0.21171494,0.0538236,0.14135675,2.0462089,1.4216268,0.0687525,0.0,0.5870801,0.84922445,0.49702856,0.040240202,0.30589074,1.5231808,1.773224,0.07809566,0.22947136,0.30623263,1.1763633,0.0005035145,0.91592896,0.035206158,0.29587686,1.7805481,1.4824835,0.84537053,0.18923664,0.11304854,0.4444541,1.2753066,0.5787227,1.2396029,0.24719082,0.12858938,2.2364252,0.66327065,3.069929,0.4153586,0.018290821,1.2777102,0.9073997,0.08014067,0.9486534,0.0,0.06637561,2.2135046,0.06410464,0.14314127,0.0,0.09946036,0.017484212,0.10060757,0.054195404,0.17161246,0.13624874,3.8122888,0.88175327,0.122716345,0.5899133,2.4896727,0.18897733,1.41624,0.28257838,1.4435203,0.20955798,0.22750218,all_pothole_images\pothole_images_new_image_86.jpg
1.2872115,2.0811243,4.774047,0.5638075,0.34476483,0.04639892,1.4476371,2.536648,0.55560046,0.6862994,0.030020304,0.49077487,0.31212172,0.5864777,0.019903312,1.6754228,0.71261376,0.4068932,0.06884442,2.4309552,0.42003253,0.2274737,0.0,0.2718337,0.3372032,0.19462541,0.03510703,0.73810506,0.11058261,0.6091337,0.5589375,0.22646293,2.2379243e-05,0.2611921,1.6193925,0.21269058,1.2671186,1.7149975,0.69605154,0.9189185,0.033330385,0.63135374,0.3657732,1.29649,0.5416932,0.44638404,0.13290577,0.0,0.49856102,0.5387264,0.21302167,2.29066,0.07842671,0.246154,1.1502192,0.25667447,3.646883,0.29084396,0.27440545,0.45996094,0.6885684,0.50613403,1.5166107,0.27959937,0.0059178164,0.8303475,0.17502718,0.05585817,0.4444882,0.092012115,0.37307435,0.82693034,0.28590423,0.5394164,1.0239785,0.020119518,0.72184783,2.4619288,0.17516193,0.014822569,2.0924342,0.20534925,0.443083,1.076642,2.070162,1.9451159,0.86030185,0.023795582,0.625327,0.2637322,1.1903048,0.15870915,0.81152123,1.76667,0.11248392,0.12303506,2.0212493,3.1825469,2.3771265,1.6026169,1.4629507,0.84690094,0.35578912,0.9830756,0.34424615,0.2334541,0.3924505,0.29739174,0.4130834,2.2537045,0.1403079,1.5413182,0.7538617,0.387765,0.0,0.24536623,1.600187,0.2971357,0.9973099,0.025204208,0.46549293,0.37088424,0.08849045,0.49289185,0.32215762,0.2882424,1.1975937,1.8109988,0.20937774,0.021116082,1.9063334,0.12831034,0.5721779,1.6915438,3.108361,0.89980173,0.47076917,0.14530106,0.13301225,0.059663814,0.07872819,0.04417372,2.4960134,0.11416524,1.0537761,0.0065306933,0.87172884,0.03604629,0.28076944,0.13176876,0.0030961647,0.14548868,0.40522423,0.1489927,1.0565261,0.04054029,0.3597232,0.154347,0.43112338,0.82054096,1.2955775,0.6894131,1.5967191,0.9089143,0.3774308,0.37379238,2.8341413,0.4973839,0.047675714,0.049029652,0.75523543,0.504299,2.1637175,0.36093304,1.0681201,0.01011188,0.13667536,0.06478618,0.81354886,0.20121866,0.012918294,0.05870303,3.5305786,1.8666357,1.8913013,0.10827873,0.051265657,0.3602028,1.498345,1.2117133,0.0546512,0.14735825,1.2224135,4.3642545,0.10558144,0.6962833,1.406487,1.4891802,0.13160275,0.5054851,0.19522725,0.3476829,1.8010459,0.40126634,1.261421,1.3850907,0.7271889,0.97176325,1.2244623,1.1925542,0.90941596,0.16816956,1.3717632,2.2955077,0.3171958,0.100476146,0.44620958,0.5823717,0.24915029,0.17784563,2.2743614,0.86094713,0.0,0.4557906,0.02472206,0.79889715,0.24188069,0.59761,0.0990846,0.19346881,0.10607364,0.5706197,0.34997487,1.1750189,0.06133997,0.7362954,1.7882509,1.2007185,0.0075777005,0.24916855,0.102020085,0.42905235,0.70486933,1.2942638,0.006617604,0.61294603,1.2735196,0.9596469,0.33560616,0.17337826,0.5176482,1.6599774,0.30576122,2.4167795,0.27103066,1.8169073,1.332842,0.9586058,2.3438692,0.07335111,0.945688,0.4790464,1.7991297,0.34762037,0.20628408,0.6161591,0.012220221,0.18521425,0.92860186,0.5565601,0.96474075,1.2281951,1.3280514,0.21595238,0.39734918,2.0317624,1.1236115,0.053068448,0.10015721,0.31512293,0.05415448,0.85478956,0.39566395,0.641568,0.14369133,0.8173669,1.2502941,1.0836973,0.048156865,0.26624614,1.7766098,0.09411843,0.19096562,0.6592689,1.1899787,2.5852854,2.002003,2.392308,0.4809187,0.34331134,0.007663628,0.2999001,0.046055395,0.27781385,2.2942343,0.022741366,0.5521677,0.14746511,1.2903656,0.65579945,0.58159715,1.2176796,3.8120058,0.18865381,0.10703505,1.8309824,0.27535444,0.5172309,1.2185028,0.5950672,0.16025513,1.1336786,0.25393727,0.015493283,0.0,0.36533168,0.09331263,0.20850544,1.1236935,0.23288809,0.20794147,0.7350648,0.61252946,0.31152108,1.32357,1.6270269,1.5932084,0.17898943,1.8364846,0.0077484893,0.30520052,0.3563999,1.6707916,0.2352465,2.085098,0.41744214,0.0595051,0.10919833,0.36327654,1.2168424,0.212089,0.49728674,1.1318542,0.18361625,0.015730089,0.09909105,1.202566,0.0,0.6260109,1.559989,0.05726357,1.4921443,0.25160056,0.45677534,0.17117211,0.4126347,1.4553483,0.5183745,0.0,0.3056967,2.0359867,0.38983157,0.41233957,0.17034629,0.17232776,0.050684933,0.27390295,0.04844807,0.3019977,0.76145357,0.18742026,0.8388907,0.47604924,0.9157422,1.9802879,0.92559844,1.7210736,0.95013005,0.09721131,1.5819129,1.6260285,1.1824903,0.6187663,0.056439005,0.006338404,0.37546885,0.17686534,0.16747475,0.34671727,1.4665077,3.3041892,0.23395418,0.48603684,2.1097443,0.007926184,0.43893182,0.42724386,2.6848648,0.20696722,0.64727247,0.20910707,0.64095634,0.4316863,1.0175594,0.3821492,0.20632249,0.12743329,0.10816078,0.043741565,0.16099028,0.0,0.18293875,0.2108525,0.9115471,0.122487955,0.029139845,0.70371103,0.018892324,0.83692026,0.26089647,0.14800595,0.057776753,0.19869839,0.24674265,1.5028976,1.8393061,1.6164771,0.006665909,0.5664488,0.56334984,0.67246324,0.3628263,0.19006331,0.0029372703,0.00417412,0.32953024,1.4064798,0.18484181,0.51430345,0.27374172,1.0365931,1.866995,2.5469902,0.34445107,0.27110738,2.6203594,0.5005053,0.04679639,0.82469714,0.09793879,0.06326685,0.008655948,0.29514533,0.5379252,3.0898917,0.7296695,1.1361338,0.048498392,0.09715999,1.7257332,1.1359783,1.0789803,0.20161955,1.2027338,0.32524696,0.31912732,0.4600819,0.04314652,0.56461006,0.19412735,2.166902,4.2509775,1.2356924,0.0032812234,0.18057922,0.8015862,0.49113286,0.9690698,0.51142967,0.6921939,0.47916335,0.94184124,0.6495002,0.26472422,0.47649625,0.034752138,0.18562454,1.3364466,0.07167379,0.22513701,0.25014508,0.8453383,0.03839502,2.0080779,1.0302871,0.48829564,0.01146396,0.200352,1.2240618,0.1835487,1.8831286,0.4258404,all_pothole_images\pothole_images_new_image_860.jpg
1.8934014,1.0193195,0.11664499,1.0856583,0.8801766,0.9750021,0.5827813,0.039579984,0.1238239,0.80879575,0.36124283,0.8120122,1.335686,0.74906415,0.6499601,0.20637673,0.0,2.5412135,0.013020893,0.15431544,0.6545019,0.84012854,2.1290674,0.90600413,0.27263275,0.2809157,1.0432217,1.374898,0.29740453,0.04369548,0.29884902,0.0,0.16493283,1.1462587,0.18683325,0.3140459,0.48959243,0.2730081,0.29086488,0.0,0.0,1.3151542,0.17538735,0.6334723,0.0039790054,0.017505169,0.13832574,0.54519904,0.048863664,0.059197202,0.19816229,0.63396937,2.0857038,0.010350382,0.27153563,0.1355935,0.46822807,1.0281463,1.1513667,0.19643503,0.21844599,1.1295779,0.40170482,1.5551555,2.2128184,0.7082703,0.36112428,0.11611335,0.0,0.7868836,0.31561157,0.1765385,1.0448183,0.36690673,1.0470716,0.8153044,0.13052955,0.383048,0.0,0.0067358124,0.29411754,0.002259516,0.6798173,0.16445932,0.34022576,0.15540956,0.46445015,0.5435008,0.51080674,0.21350107,0.5759107,0.57743466,0.50157493,0.202479,0.42419016,0.53392434,1.466838,0.7441794,0.26795834,0.0,0.07159645,0.5514504,0.00048367368,0.3665254,0.6407251,0.5131539,0.18888123,0.30347243,0.9409698,0.27138945,0.19564892,0.2778034,2.6312125,2.1874738,0.47840095,0.258061,0.06766795,0.00520145,0.36892295,0.20225935,0.21345511,0.49325335,0.3911595,0.12614669,1.0459905,1.0491928,0.14317341,0.17910953,3.2607844,0.8370645,0.36017016,0.018463137,0.0,0.12497146,0.019949913,0.06390513,0.0929349,0.49009126,0.6216773,0.04443891,2.7263417,1.6615145,0.4739825,1.5331968,0.2772289,2.980253,0.008847182,0.6582818,0.00037060207,0.16595288,2.0196157,0.73398197,0.009084813,0.1832456,0.8233147,0.71490353,0.24614868,0.18271197,2.2735875,0.33114004,1.9374303,0.796004,0.11912518,0.90664554,0.3179112,0.34173575,1.5870719,0.8370965,0.9269168,0.82094103,0.08447502,0.14598794,0.14485882,0.19139649,0.58416194,0.91966933,0.49892038,0.2655745,0.55567896,0.098490246,0.34947726,0.21940066,0.3131558,0.55518216,2.5412288,0.09953646,0.0,0.0020712242,0.9793399,0.037423942,1.0616246,0.14983618,0.31989792,1.7763416,0.0,0.6059842,1.0799758,0.8724205,0.36477092,1.438934,0.844508,1.6491705,0.5746737,0.08969865,0.20804186,1.1062695,0.9359719,0.3821369,2.0645227,2.4093385,0.0023315852,0.03183894,0.5759819,0.18425067,0.32762653,0.44960696,1.9862409,0.73670727,0.22490673,0.059578195,0.9059507,0.3126062,1.2107321,0.02901078,0.030257313,0.004541891,1.3960965,0.13751283,0.4152708,0.0021604924,0.3547465,0.0061749485,0.061174918,1.5684888,0.012350943,0.026007026,0.2080891,0.5134074,0.23078229,0.7466297,0.010809506,0.0060129454,0.58853227,0.09844811,0.100235686,0.06448509,0.3236087,0.55565894,1.4048873,4.7192955,0.16512801,0.052279886,0.058893826,0.019378982,0.75102514,0.3036494,0.78100157,0.9324332,0.043654446,2.9336576,0.4614697,0.54096836,0.1867547,0.36723304,0.46655375,0.51991755,0.5731248,1.1805322,1.1870261,0.058906082,1.5965152,0.5460341,0.20320156,0.32494146,0.0023098881,0.17482458,0.20333228,0.123793304,0.8700317,0.16073321,0.24129093,0.045850005,0.5436945,1.0578955,0.34291348,0.14918177,0.50011903,0.028069848,1.1798815,0.05680589,0.28569952,0.46121535,0.836675,1.0542902,0.07442334,0.13770448,0.69166714,0.13479713,0.5570111,2.2509716,0.83224833,0.12201624,0.030685214,0.005421792,1.203741,0.16745843,0.08404251,0.0071190097,0.15943488,0.081753455,0.39346862,0.9439023,1.4729193,1.0231594,0.15666845,0.024211654,0.5135516,1.230396,2.0838141,0.8831547,0.3348449,0.0,0.9138263,1.7359105,1.7079351,0.29886642,0.57932645,0.059761163,2.8329568,0.025775276,1.6623342,0.70790875,0.0,0.37181374,0.00043521816,0.011801015,1.8208528,0.0,0.4571652,0.17450231,0.24568838,0.40743014,0.48564148,0.97671413,1.0144185,0.83382463,0.28178424,0.7982316,0.036409322,0.2513998,0.48435965,1.8085364,0.93875134,0.124882385,0.25601336,0.044637445,0.31845364,1.2798994,0.039763886,0.94001096,0.64633656,0.17836352,0.23964527,1.0028625,0.0027102898,0.03820189,0.66478735,0.21164457,1.0204386,0.24099816,0.042506024,0.5629824,0.2692209,0.082537085,1.2257404,0.74359053,0.3687074,0.2901676,1.0479724,0.5988671,0.39731762,0.026634887,0.83483666,0.4432026,1.3774232,2.528577,1.4088237,0.13762514,0.029510746,0.941523,0.046006083,2.438132,0.31234297,0.5154311,0.09584125,0.5390302,0.34910995,1.438683,0.39982408,1.7810068,0.22563918,1.5338105,0.33715314,1.1284794,0.2270684,0.94338816,1.2596488,0.31439465,0.66786003,0.35382545,0.21370664,0.6877727,0.020771718,0.07872136,0.7842155,0.09909234,1.588832,0.7117981,0.2713912,0.28819937,0.7670072,0.353132,0.025043022,1.2138914,1.2728862,0.13973697,1.4627438,2.076859,0.48304445,0.5466087,0.051936902,0.20356512,0.29528987,0.018046768,0.050861795,1.0635244,0.22176485,1.4104326,0.44710484,0.27055606,0.9965208,0.051396374,0.010237034,0.6261672,0.2404135,0.01944818,0.07967379,1.7025632,1.3133575,0.93137515,1.6162838,0.107305385,0.17949651,0.2184361,0.039874,0.3097898,0.8457073,0.048893794,0.7698612,0.32146695,2.057997,0.6490438,1.5663701,0.6805752,0.64696234,0.059071034,0.0,0.0,0.3661612,0.8867488,0.280415,0.208051,0.10965649,0.05195785,0.059134483,0.15163548,0.01653473,0.6363956,0.00035855538,0.18705685,0.26268837,0.7808994,0.8925146,1.3380668,0.17327327,0.24666668,0.009653083,0.16843739,1.3625091,0.0,0.86010647,0.4756743,0.030735727,0.6626951,0.065255076,0.06147598,1.0248662,0.02819,0.39491653,0.30107778,0.2495652,2.2385821,0.45636955,1.591925,0.087493554,1.1458884,1.4580146,0.5716065,0.0,2.2104554,0.18537754,0.47521234,all_pothole_images\pothole_images_new_image_861.jpg
2.2553532,0.95372444,0.34625924,0.09987313,0.043526,0.73851556,0.5272556,0.7182506,0.44781002,0.11017352,0.29984593,0.09880641,0.13011134,0.0041847047,0.6478944,0.52683777,0.08789362,0.12614392,1.7860587,0.1973696,0.67603666,3.104004,0.67879003,1.1317425,0.4060904,1.2061515,0.0026965074,3.9003525,0.1928659,0.12193969,0.48394096,0.39476296,0.4423298,1.1842072,0.4886437,0.022614328,0.0,0.88067126,0.47130737,1.9810221,0.084316105,0.3592687,0.04703379,0.10414258,0.027545555,0.75308746,1.170769,0.0,0.3202903,0.5416359,0.23454714,0.65317005,1.8491646,0.5996654,0.29552093,0.061297733,0.3672136,0.058587376,0.076153815,0.59631073,0.2236927,0.37163067,2.8007755,0.21691634,0.8700022,2.502355,0.64944255,0.45471883,1.5391133,0.00073212397,0.16836162,0.2419953,0.14698644,0.46672034,0.1797967,0.8052885,0.21941337,0.85471857,0.09251366,0.07826053,0.03491061,0.15050599,0.329643,0.9678201,0.51395607,0.6827823,0.56326765,0.26729226,3.2735534,0.4679198,0.3111249,0.34548935,0.0,0.3687982,0.20622918,0.04381085,1.2142357,1.1543502,0.32064605,1.3995534,0.0081225075,0.008963606,0.67964405,0.45755836,0.8727996,0.6780256,0.07098717,1.3211201,0.7464989,1.1740783,0.86755615,2.2643993,0.902824,0.63928837,0.063762896,1.4385108,1.4450002,0.8583252,0.009477699,0.61241263,3.0542054,0.25833324,0.70565325,0.6411293,0.7128006,0.15885384,0.3940134,0.8454756,0.67259854,0.13705596,0.22224057,0.80760837,0.3566825,0.48298988,0.15253177,0.08375795,0.02751709,1.3860312,0.05717046,0.25865188,0.27069914,0.98442245,0.0025999704,0.3711852,0.36127535,0.07609557,0.25851116,0.7155568,0.35893086,1.5636938,0.24469286,0.08623274,0.45129207,1.3653765,1.946967,0.13822731,0.06648681,0.36062688,0.076595604,0.22737996,0.8890485,0.21439967,0.009064002,0.5909194,0.64627343,0.4722396,0.37081325,0.29950255,1.0756334,0.048717227,0.7966075,0.21319221,0.42891428,0.074741565,0.3181198,0.013356595,0.7961345,0.26356563,0.7408567,1.6157899,1.0100778,0.45779487,1.8385248,0.74042964,2.364456,0.749126,0.19307975,1.0383645,0.094191976,0.4581719,0.0,1.2350122,0.30933264,2.6952183,0.076760866,0.2507422,0.3516456,0.68926567,0.14609788,1.1277211,0.16962563,0.73742,2.2364006,0.8519639,1.0713089,1.8849636,0.60281414,0.08400362,0.122186355,1.7111536,0.23982999,0.91830987,1.3024393,0.6445047,0.14159793,0.49337402,0.39751208,0.79691136,0.89469516,0.37303978,0.041075595,0.76383895,0.15895337,0.6666861,0.24565221,0.14043939,2.8014414,0.5694585,0.17102234,0.0062413015,0.29806656,2.1558368,0.23929131,1.1866099,0.69246066,0.711023,1.3418702,0.13522072,0.12316453,0.26868072,0.24297479,0.26072264,0.39184213,0.073102795,0.42523834,0.030984284,1.3053827,0.61754584,0.6358935,0.32149863,6.1896896,0.014558832,0.32662493,0.15757681,0.5606001,0.13391307,0.15930499,0.9533836,1.0708017,0.34682617,0.0884204,0.20379506,0.5206375,0.56276435,0.3517479,3.1195633,0.29774868,0.627844,0.6966943,1.5763519,0.36416325,0.007203063,0.28230357,2.486501,1.6765523,0.3798705,1.6422828,1.1702279,0.5113638,0.48673862,0.06452931,0.9623658,0.0011155772,1.7171869,0.16153412,0.42131156,0.5748447,0.31278604,0.15077198,0.11504876,0.55285645,0.29239285,0.45483655,0.72882795,0.34607938,0.8196959,1.4693537,2.0943851,0.8117255,0.69076264,0.0025837491,0.3347027,0.075755894,0.9257602,0.19891223,0.06150887,0.8636267,1.6581273,0.64432585,0.20427077,0.5920887,2.0432465,1.6788709,0.6085674,0.16250362,0.22672103,0.28146684,1.2090037,0.83822435,0.47811723,1.0006899,1.3649192,0.26578045,0.07111896,0.028079854,1.823496,0.017659754,0.0013724188,1.0487721,1.8632722,3.061217,0.68768144,0.69982797,0.038537636,0.5093391,0.16792138,0.40094218,1.0370069,1.1955055,0.27312666,0.72181755,1.4953156,1.2737092,0.031584285,0.20392923,0.04455648,1.0779668,1.0359392,0.05620643,0.37286988,0.060714487,2.139439,0.2152626,0.43490848,1.1214834,0.029193817,0.3666635,0.14189526,0.24026133,0.20236279,0.18839511,0.3179753,1.9882247,0.18567184,0.1868521,1.2956547,1.3826103,0.97001785,0.013703391,0.5643407,2.6492732,0.94001555,1.2965654,0.12595859,0.91624516,0.6020884,0.8953205,1.391808,0.44633743,0.44956517,0.64099777,0.088654436,0.88626283,0.6898716,4.4368005,0.8513648,0.25166604,0.081837416,0.07349933,3.2174442,0.5206386,2.6339574,0.20539287,1.0057253,0.3589033,1.7259473,0.72854316,0.61435676,0.9574162,0.0042714225,4.525869,0.2292475,0.8031311,0.3763412,0.04087351,0.18787366,0.13282298,0.0015585825,0.09509358,0.91926223,0.0008020082,0.27926585,2.0048707,0.3922868,0.39947757,2.3089268,0.9578055,0.20927176,1.8706241,0.18272388,0.23503307,0.39756396,0.049572524,1.0037249,0.7096082,0.0498045,2.1422498,1.4650518,1.5286012,1.3806677,0.21971445,0.40368685,0.03460607,0.99785006,0.8659902,5.034219,1.0963818,0.25086853,0.7412379,0.12952143,0.950427,0.65974194,0.2045743,0.9894781,0.5121156,0.0032492024,1.1880707,0.88030964,0.6123874,0.8541731,0.38059697,0.9055599,1.5751408,0.7368908,1.5551621,2.1242862,1.9008673,0.699485,0.21649468,1.2937806,0.06345277,2.1276214,0.0037809373,0.049335938,0.37107673,1.719509,0.87551457,0.15240535,0.57517916,1.062725,3.0429933,0.30162206,0.07942317,0.2797282,0.8367279,0.46674937,0.83839595,0.5375878,1.1694175,0.020934392,3.1133883,3.6410117,0.18699312,0.49976608,0.0,1.5486182,1.8715241,0.47663465,1.77788,0.042734496,0.1461111,1.2523335,0.032888256,0.10128728,1.5019375,0.29044628,0.064770095,0.21297607,0.63468516,0.19879802,0.3421595,2.3887093,0.9638625,0.6801089,0.58069277,0.771315,0.011487238,1.5483719,0.4432685,1.8554649,1.3820624,0.23407485,all_pothole_images\pothole_images_new_image_862.jpg
0.19599427,0.44415295,0.19522397,2.4805784,0.70873135,0.26214364,0.80332476,0.36738166,0.18008977,0.8687828,0.0553035,0.34532577,0.135954,0.8796972,0.19396308,0.60469097,0.14501518,0.045394186,0.8763119,0.06027308,0.4073667,1.5375036,0.15336566,0.24482723,0.90724045,0.6778132,0.0041626464,1.9018826,0.14343436,0.069459975,0.46848398,0.15346174,0.011889982,0.031727266,0.3423461,0.027233222,0.35973957,0.9781343,0.5496096,1.0326657,0.0,0.024229918,1.6190755,2.2634225,1.1989832,0.0,0.000807062,0.06197181,0.67796975,0.41698852,0.034932535,0.20071271,0.3851302,0.78853613,0.0,0.56013316,2.3743513,0.0,0.5022065,0.24549834,0.2890034,0.18693595,0.32028317,0.10028086,1.8219016,1.855717,0.7805969,0.0,1.4679835,0.2569008,0.52791643,0.19017978,0.0042267344,0.015562962,0.85700697,0.3068846,0.023896333,0.3968413,0.04563672,0.5264252,0.0,0.3485796,0.18663956,1.4575709,0.22383717,0.3974664,0.33943665,0.17086905,1.5842222,0.3894584,0.32044423,0.78976643,0.06734921,0.1517388,0.74273795,0.0,1.3410194,0.37356114,0.6617526,0.6141838,0.13405775,1.8239939,0.3216095,0.23731716,1.1040183,0.3141874,0.21352401,0.15158895,0.2169567,0.58345467,0.28193015,1.5258667,0.24448562,0.046737496,0.60498375,0.024617203,1.7957866,0.23238221,2.3486388,1.43484,1.191976,0.51405627,0.4694547,0.5066593,0.8613884,0.43788612,0.012575436,0.6545879,2.2958097,0.13012703,0.20861651,0.11134054,0.024895167,0.36735418,0.05551996,0.7432256,0.05950458,0.8265102,0.8615523,0.002764464,0.36452428,0.9085536,0.003349856,0.31979865,0.09437724,0.7732621,0.042115044,0.39125785,0.30249837,0.16511805,0.30690408,0.024458813,0.092176095,0.019216118,1.0290337,0.134399,0.30450037,0.0,0.7476524,0.7744823,0.8362259,0.60583174,0.5988697,3.2262304,0.22245587,0.39595106,0.94957566,0.21248692,1.7012833,0.34000683,0.08193402,0.013634675,0.014791848,0.01111906,0.38983497,0.41290218,0.15098205,0.6207398,0.20043202,0.56072044,0.13729534,1.0616235,1.1465588,0.56396514,1.4283363,0.1731982,0.12117377,0.5709752,0.17456259,1.2968141,0.10198172,0.80379564,0.0,1.3972498,0.026981428,0.030329557,0.78983563,0.83340204,0.2611238,0.73978055,0.37285066,0.6383599,0.7631256,0.712057,0.62274635,0.14517304,0.11713388,0.66460097,1.1381698,0.22088541,0.029903477,0.0,0.9292936,0.9064983,1.1863889,1.956569,0.29283205,0.163213,0.45794195,0.38505659,0.46237785,0.15175256,0.18976137,0.41931778,0.030589018,0.63972485,1.5696819,0.7849478,0.18247125,0.07188448,0.34547767,0.1567221,0.21579692,0.20907633,1.3696275,0.16801526,1.776124,0.02783499,0.0,0.5376066,0.35548812,0.08497477,0.78589505,0.6820816,0.40750268,0.034325495,1.085493,0.7514131,1.0115823,3.1187868,1.7530086,0.0,0.29929852,0.11567313,0.07564662,0.030239942,1.4218136,0.09085776,0.39902508,2.9206598,0.04458181,0.009405136,0.32463428,0.090791956,0.49011338,0.38816038,0.13035908,0.19321793,0.670801,0.4870922,0.1382457,0.102265686,0.2903967,0.10324866,0.81629086,0.71884185,0.40542695,0.4398066,0.014256117,0.35702762,0.875377,0.06683102,0.02959142,0.3487985,0.8089243,1.0330886,1.1529347,0.30967787,1.8414469,0.41022354,0.16050567,0.0034606035,0.41834044,1.5054837,0.16482405,0.046123248,0.0025483565,2.024892,0.37860197,0.69840807,0.15178111,0.48300716,0.04805457,0.3262991,5.6484737,0.34882993,0.39867213,0.38446674,0.35473716,0.14861217,0.4396468,1.7601595,3.749075,0.69485396,0.23239116,1.4084457,0.038726863,0.46765393,1.5734239,0.84597677,0.45182982,0.14232656,0.0,0.3324354,1.0369201,1.0400729,0.4600908,0.0,0.35728034,0.3103128,2.4820142,0.16562264,0.6284098,0.01604713,0.0,0.1324176,1.1396799,0.78910017,0.29049572,0.22358353,0.3448944,0.08363557,1.1995233,0.2929758,0.38663062,0.030514687,0.64935225,0.20429662,0.3345267,0.31028393,0.4918258,0.039538193,0.6863566,0.760082,0.21759115,0.12291231,0.37798068,0.70894116,1.0497875,0.39081714,0.002447925,0.11698794,0.5851811,0.26347864,0.0689362,0.13981791,2.5159235,0.4256785,0.088254556,0.8745369,1.1541265,0.2929826,0.00045002508,0.18630098,0.15888278,1.2485231,0.023942212,0.04721857,0.086421974,0.35565412,0.080226384,0.0,0.8988853,0.14341205,2.3547528,1.8507764,1.0293467,0.0,0.13630629,0.670019,0.5190755,0.72459,0.025784226,0.10745012,0.034233,0.046729486,2.0982764,0.0057599456,0.11531297,0.022700205,4.9332504,0.04019081,0.07579064,0.5810127,0.60254234,0.05918572,0.0048978482,0.33581784,0.4520378,0.062297188,0.32951546,0.7299584,0.3127441,0.16555813,0.0070088464,0.021735782,0.5225727,0.303785,0.5574989,0.0075306953,1.7852515,0.5417831,0.6006721,2.9237845,1.8799456,0.06915526,0.51498765,0.7133859,0.37415937,0.9574216,0.59825516,0.27923957,0.77113163,0.462772,0.22855234,2.2255616,0.15843992,0.31067467,0.4819359,0.42521316,0.30095825,0.22595683,0.7012629,0.5956996,0.4152909,0.117708884,1.4625921,0.070188925,0.25739172,0.0070208847,0.9377714,0.5042171,0.009981472,0.29643208,1.7462825,1.855101,0.51247555,0.83415246,0.37006912,1.155982,0.59066033,0.4264111,0.36875418,0.0010580745,0.65309685,0.5954838,0.06723672,0.0,0.28396887,0.8679487,0.43326914,0.6427368,0.2729387,0.41185117,0.87311256,0.9862333,0.40974027,1.0516946,0.25350952,0.26679876,0.6166215,4.251086,0.70291704,0.26271924,0.0,0.6739459,1.1041348,0.19840644,0.08038133,0.15329976,1.7565597,1.2805578,0.4134564,0.0053616143,0.043652903,0.20532064,0.046783835,0.48732135,0.15927838,0.30500683,0.00051255536,4.706991,0.53753006,0.04961854,0.7011292,0.98803645,0.0,0.7770798,1.1013206,0.8033676,0.5111845,0.29593644,all_pothole_images\pothole_images_new_image_863.jpg
0.6277616,3.378231,0.31934723,1.0063986,0.47641706,1.2030679,0.0588247,1.1399289,0.93084615,1.0524017,0.43847787,0.066337764,0.30313814,1.5756236,0.85625154,0.36305547,0.27830496,0.13416894,0.10724954,1.3643998,0.39830634,2.1442997,0.7635399,2.964601,0.022584345,1.4710785,0.34786433,0.114666276,0.6259774,0.627169,0.38894618,0.7513144,1.8185039,0.670431,1.1248975,0.19668047,0.36735418,0.15462014,0.6507569,1.2665509,0.6118281,0.28282294,0.47804263,0.8978808,0.7935322,0.109892465,0.692999,0.007131408,0.21829844,0.49742815,1.7009054,1.5395826,0.6652543,1.5719208,0.17101568,0.1053419,1.9086865,0.5340378,2.6309578,0.10929115,0.96591175,0.24197562,0.13442004,0.51319164,0.36588535,1.1082271,0.7580638,1.0373119,1.0775627,0.25069824,0.20009321,0.19943047,1.01484,0.52551293,0.55581796,1.4521867,0.24609195,1.2977692,0.32322913,0.45408496,0.050115943,1.5479304,0.24953662,0.48638198,1.3941581,0.64072096,0.018577948,0.041424725,2.954374,0.8084936,0.83067197,0.018398827,0.33091855,2.6111376,0.20016682,0.48554152,1.4098029,0.63868695,2.0134563,0.7480011,0.123800136,1.3745407,0.30785495,0.67679787,0.64894867,1.0316436,0.13021944,1.2595764,0.017133012,0.42729327,1.8337198,2.1160984,1.9838599,0.3412791,0.0,0.21207333,2.0973504,0.0,1.169205,0.15439962,0.62623715,0.6652749,0.42850474,0.75479376,0.19539052,0.7940454,1.8959701,1.6336112,0.33212334,0.10999718,1.8685312,0.29625615,0.08019111,0.3287337,0.43405142,0.50499576,1.1524307,1.0486078,1.6950129,0.49574944,0.116162114,1.2900997,1.6723635,0.49549377,0.54810435,0.20108047,0.1971105,0.080982566,0.07226898,1.2894553,0.36570376,0.656202,0.26265758,1.6120712,1.7139226,0.3274627,1.0961518,0.86181,1.4685935,0.6377225,1.0371008,1.6729798,0.1558173,0.98915666,0.1311801,0.54974514,1.6057664,0.21895404,0.33570212,0.116039135,0.9252747,0.11773384,1.4320961,0.02247169,2.5145438,0.70484674,0.63324463,0.023197528,0.61724436,0.16425936,1.4927759,0.100987956,3.5050366,1.6160686,2.938477,0.49261457,0.19043106,0.7787575,0.6616379,0.3332143,0.5622801,2.0670059,1.293243,1.2848718,2.002718,0.52995694,0.14202315,0.7074249,0.10267186,1.4026811,0.36661226,1.3073316,0.3079541,0.12239943,0.8536125,1.1083994,0.754773,0.44480368,1.1593658,0.28496832,0.14893611,0.52792674,2.0199914,3.379188,0.8403315,0.51122665,0.05248253,0.28422397,0.9757376,0.64395875,1.0753459,0.39513505,1.0345778,0.9395455,0.08034875,1.4011045,4.6200204,0.1177602,0.2250342,0.22532643,1.1513315,0.37547752,0.14616781,0.22194964,0.20263483,0.038777687,1.1586225,0.30867803,0.30811387,0.21485138,0.31968805,0.08114932,0.83835757,0.79738843,0.8022186,0.15564209,1.0509405,0.677759,0.9523988,1.4985634,1.5069804,1.5686233,0.523215,1.0484456,0.75668687,0.746859,2.946587,0.27143514,0.546889,0.55966663,1.0789125,0.29390016,2.0908887,0.8782889,0.97944087,0.50952834,0.07203796,0.99650604,1.3319694,1.0137252,1.7909429,0.3099427,0.16487534,1.2164981,0.0436932,1.7539618,1.961978,1.8134837,0.6164053,0.7013968,0.13224596,0.71461993,0.35184383,1.3860648,1.6985617,0.061268583,0.24762873,2.8152857,0.06336283,0.203858,0.75099057,0.32685938,0.09230873,1.4362057,1.90846,1.9654348,2.3164036,0.47809935,0.7659409,0.44350946,0.10524391,0.3642272,1.0829345,0.64743,3.2830436,1.34822,0.026730258,1.0165687,0.8568597,0.6060503,0.6871264,0.7551707,4.207372,0.025916046,0.2821479,1.1484718,0.9373656,0.41047114,0.6135709,0.5175528,0.31499028,1.9201218,0.14524421,0.11073485,0.52118784,0.9468082,0.48495904,1.5626127,1.3934119,2.0826318,3.536887,0.084316134,0.43438327,0.42403683,1.150669,0.32239416,1.8868115,0.41518897,0.7303164,1.3348829,2.1909454,1.4449111,0.4831977,0.20960028,2.3889134,1.2202381,1.9608121,0.22925338,1.8140261,1.4038371,0.116818435,0.36437732,0.78514546,1.0048844,1.0376744,0.14606398,0.4021686,0.15800282,0.62844175,0.0319093,0.14040798,0.43483427,0.5392989,1.4459987,0.60861665,0.11166554,0.4987261,0.61214626,0.27114168,0.20154406,1.029395,1.2791007,1.7024801,0.1875171,1.8356457,0.8732146,1.7911582,0.2655228,0.17203407,0.056104094,0.35135219,1.3720896,0.0,2.543836,0.9902017,1.0552421,0.89294434,0.13136256,0.84852785,2.432178,2.0137615,2.3818073,0.8343596,0.21203119,0.30713007,2.4034214,0.284553,0.99845284,0.5757465,0.1613855,0.8417023,0.97746927,0.13796778,1.5271217,0.03524122,0.2525583,0.67765766,1.7603937,0.47349182,0.053211898,0.13864692,0.6697984,0.59792393,1.5961354,0.035916552,0.67140174,0.6223923,0.64692676,0.20020014,0.23497464,0.3114665,0.29856727,2.1086724,1.4550992,0.42119285,0.09212951,0.88625526,1.9991598,2.8548684,0.5079718,0.33711866,0.86587423,0.20081025,2.472625,1.326284,4.5095162,1.9982742,1.0550102,0.092902124,0.84566104,0.34979495,0.023933474,0.19443493,0.4072167,0.11934029,0.69643325,2.959028,0.6688273,1.9606233,0.24085663,0.4354269,1.4974729,1.2443063,1.1547772,0.26197922,1.9141734,2.4485822,0.242845,0.25659308,0.393795,0.84930027,0.082863234,1.1150632,0.5856929,2.2882454,0.9876763,0.9544953,0.34097433,2.0379426,3.032813,2.7033205,1.2195365,1.3991917,0.17855932,0.6780362,0.24139974,0.8483692,0.44323707,1.0344601,2.6483247,2.8927374,3.1453278,1.4653398,0.11591947,0.0,0.49289465,2.2915688,0.06242672,0.6007128,0.18502651,0.51863414,2.3220277,0.3613163,0.124158,0.65254,0.42727625,0.62012315,0.3151751,0.22617552,0.17805986,1.9097275,0.61892885,0.33649296,0.8075907,0.57876945,0.9537718,0.70101756,1.6118546,0.72150683,0.72941065,1.2546479,1.0267878,all_pothole_images\pothole_images_new_image_864.jpg
1.2757138,0.49368808,0.49310777,2.0542867,0.12961425,0.32760036,0.40105084,0.0,0.83901477,1.012303,0.55042416,0.42426595,0.11874483,1.1583687,0.085506886,0.036743145,0.34202448,1.0735605,2.7138593,0.104188554,0.5550871,3.9016001,0.035154983,0.7090057,0.35646695,1.2993345,0.17485459,1.9250128,0.18067266,0.4760638,0.9420387,0.15303262,0.2718202,0.04359462,0.5917,1.2808721,1.6833476,1.3414251,1.696074,0.15467991,0.03274404,0.0,0.3661699,1.26218,1.42177,0.14970407,0.057725575,0.090524584,0.56034654,1.148167,1.2334383,0.3455766,0.41434097,0.0059082676,0.10827394,1.3165815,0.8508243,0.87200356,0.4056496,0.7534739,0.5188054,0.74083406,0.5186325,0.27630678,0.4917753,1.6306435,2.5793684,0.082993105,0.9149696,0.8093409,0.52358377,0.47485048,0.6989965,0.037188612,0.051501073,0.5147397,0.20015447,0.7098519,0.59330165,0.341408,0.20052719,0.0316143,0.0,2.6911712,0.21879444,0.07655295,0.01854078,0.26513878,2.2185624,0.6877875,0.38348427,0.9659766,0.24430329,0.33114547,0.30257455,0.07763139,1.4071375,1.3332428,0.797067,0.22261532,0.43439376,1.8268265,0.70849794,0.51195604,0.13297507,0.52644897,0.791136,0.023979131,0.5531265,0.18889268,0.0,2.1125379,0.097806655,0.09608792,0.62579995,0.17340697,0.5691718,0.19847745,0.94064546,0.6251407,1.4380856,0.59632754,0.23335737,0.28539464,0.23145081,0.7403188,1.032713,0.38025084,0.47463357,3.08915,0.2854599,0.0043749795,0.21166182,0.18875659,0.6208534,0.78591436,0.15533437,0.7272105,1.1802126,0.09513701,0.5016508,0.9516454,0.14948773,0.7651629,0.39197922,0.41409117,0.4643627,0.070007555,0.096523635,0.55510235,0.029299915,0.5121626,0.015446607,0.058726367,1.646091,0.6859266,0.21572034,0.3213148,0.039981544,1.0532095,0.544747,0.94870824,0.658032,2.9146194,1.0406957,0.15927257,0.1035001,0.013289747,0.48106727,1.3065441,0.7684513,0.058005262,0.107747935,0.13297331,0.49869913,0.0,0.4118527,0.0,0.035127923,0.3629271,0.02278193,2.3540742,0.98767537,0.14412771,1.7367889,1.5939459,0.15870503,0.09668353,0.7060494,0.80610484,0.13867079,0.6345143,0.66468054,0.31262252,0.11048649,0.23240566,0.6897571,0.35471958,1.3912904,0.7961137,0.6011472,0.6956582,0.9928112,0.5315575,2.34273,0.68746275,0.23085053,0.87769204,0.17693602,0.06316693,0.10603636,0.263291,2.5352833,0.74810064,0.4721636,1.0471575,0.22383569,0.6185131,0.14048472,0.52587265,1.1636388,0.27863398,1.6267397,0.9078754,0.1598956,0.089044206,0.79802346,0.35732064,0.9359535,0.2261342,0.1997769,0.5054379,0.34532973,0.87850195,1.6064581,0.03280427,0.7099335,0.18362331,0.27517247,0.8239699,0.4539601,0.35798416,0.7596172,0.15233482,0.017475255,0.5456363,0.13369979,0.43615785,0.572693,6.1892414,3.3728876,0.03157849,0.097275965,1.1828673,0.071286105,0.29383555,1.2788815,0.8222671,0.2359691,1.9112513,0.29946473,0.26600268,1.3262975,0.19621049,0.14859408,0.9411851,0.2723382,0.19248652,0.6171854,0.048905186,0.6549166,0.5161597,0.23144723,0.46775845,1.3989055,1.0632826,0.2989336,0.24547096,0.0701962,0.2440312,1.3616152,0.115405604,0.18418713,0.56579715,0.6327092,0.70247406,2.2280993,0.6308894,1.7773817,0.47743344,0.0026231864,0.014696166,0.009214665,1.8697001,1.4498552,0.060751844,0.44422033,0.4219844,0.19572316,1.877243,1.1066082,1.0275213,0.1259029,0.74287444,2.599596,0.06466027,0.31118977,0.7363481,0.15629503,0.17412664,2.773311,0.008225863,2.9968104,0.7712368,0.109747425,0.22981143,0.049093816,1.2057662,2.4862618,0.6140595,0.13122338,0.0,0.94844115,0.03757091,1.355254,1.4463663,0.52674925,0.023374178,2.0088637,0.00023203428,1.7236401,0.5053596,1.9570979,0.6264873,0.29644206,1.0391349,1.0255575,1.0928966,0.34458718,0.84679955,0.18059596,0.18507864,2.1197534,0.56618047,0.3353326,0.83932143,0.0032700656,0.24651326,0.19750541,1.9959855,1.3595173,0.029027088,0.072496444,1.55975,0.008817458,0.179894,0.71221036,0.6914198,0.5484296,1.082936,0.038243648,0.1685234,0.634075,0.29524955,0.005607606,0.07534716,3.4550195,0.53904635,0.055279866,0.7152012,2.334934,1.036952,0.95177853,0.73072153,0.03779756,0.097098835,0.0018537099,0.029904574,0.49901518,1.0549242,0.6376142,0.16896905,0.81839424,1.6043433,3.2597792,0.33650067,1.7242975,0.22425607,0.29479635,3.5847354,3.1319342,0.80953646,0.12671791,1.2152617,0.29398274,0.26222318,1.193577,0.57848954,0.35896027,0.010384799,3.9719381,1.152452,0.27053627,0.4836229,0.30433503,0.040788434,0.6268609,0.35738084,0.5305384,0.45793396,0.521846,0.114384204,0.85236263,1.2085093,0.035956938,0.37567845,0.2738242,0.25052464,0.646109,0.65038556,2.2614653,0.093044296,0.48716104,0.5261792,0.822314,0.8918122,0.012042959,0.24501495,0.01100965,1.315741,0.3248148,0.009150381,0.46610898,2.1264548,0.55922645,2.9827394,0.79956853,2.2551255,2.1308587,0.0061875684,0.65992707,0.037596975,0.6543307,0.43156028,0.8593052,0.0,0.45223877,0.12916583,0.48873204,0.7826378,0.7575026,0.105653666,1.3780103,1.8445207,1.2524501,1.8678548,0.48437423,0.39706597,1.1606913,1.0182039,1.1329293,0.19188325,0.6029309,0.004328817,0.14237073,0.5431309,0.35125244,0.26034912,0.11851462,0.7512436,0.4794908,0.40443015,0.019281888,0.09581612,0.17435206,0.31969634,0.16367112,0.7392444,3.236235,0.079252176,0.15636294,2.5951765,0.87837857,0.9840594,0.5754571,0.14325815,0.4107111,0.13591404,0.39790145,0.03505943,0.8618891,0.45176548,0.019034665,0.25447196,0.06531853,0.22094558,0.88460386,0.51700765,1.0031245,0.09415675,0.3293751,4.8214703,0.6977058,0.022683464,0.1955909,0.16639782,0.33289063,0.6863208,1.5457181,1.1083539,0.13954991,0.16952795,all_pothole_images\pothole_images_new_image_865.jpg
0.07288615,1.2420096,0.05513854,1.9582251,0.10521304,0.6826365,1.9922572,0.18277639,0.50586325,1.4271502,0.58698326,0.22791815,0.45540884,2.8177097,0.53564084,1.5469849,0.085886486,0.3831435,0.95871204,0.019105045,0.37388358,0.8465529,1.4605047,1.5541632,1.0968275,1.0267794,0.38340917,0.9371808,0.09118727,1.366923,0.71173936,0.008011122,0.0,0.18177782,0.3039341,0.6536156,0.36574432,0.18973376,1.1531821,0.18965079,0.012210981,0.14387138,0.6865911,0.37490588,1.2299634,0.15190083,0.6820925,0.019402208,0.98066235,0.114485525,0.72841805,0.58448863,0.83353966,0.99640614,0.3269739,1.6193484,2.008297,0.68448156,0.710064,0.7122368,0.4749488,3.3638391,3.0689416,0.58735126,0.10934519,1.5139577,1.3785509,1.4374253,1.8256427,0.07737177,2.0475373,0.38185567,0.19815645,0.5246596,0.5812862,0.6922657,0.20904276,0.10631674,0.22098827,0.77268374,0.7250115,0.6946332,1.1427782,4.6690187,0.8420978,0.0,1.7908559,0.5740559,2.8330457,1.1767783,0.6957395,3.5243373,0.55186665,1.0486581,0.39487725,0.44111797,0.10009619,0.3795356,1.2645578,0.35099176,0.22516508,0.7207019,0.38678536,0.46779913,2.1768055,0.719906,1.6070783,0.016916914,0.0077508986,0.3649323,1.1577629,0.8123545,0.545637,0.14313777,1.4115949,0.21484779,0.13374236,0.69090754,0.8079096,0.04740226,2.2699208,0.73262393,0.1731629,0.47200298,2.6617963,1.215211,0.9327606,0.12253835,0.33886328,0.3629238,0.038471222,0.09841838,0.6610546,2.325474,0.5073964,0.0,0.008979261,1.711234,1.0065635,1.2383733,0.7657797,0.641713,0.26533782,0.4236287,0.89420533,0.7804064,1.5733445,0.49568844,1.5179003,0.14270458,0.08286013,1.2008241,2.466133,0.17257196,0.22442268,0.66029584,0.23424187,0.332143,0.010163749,0.77284116,0.5178309,0.29904935,0.3515356,2.1651022,5.041678,0.8612494,1.9039439,0.5497537,0.4094382,0.3022134,3.4561477,0.2764661,1.2877057,0.30511755,1.8797823,0.024530442,0.37150094,0.2885408,1.0458506,0.43415225,0.85968053,1.8794403,1.7054373,0.00022356755,0.94605,0.96596897,3.3324199,0.5650179,0.107649244,1.195409,0.840252,1.8594722,0.03947986,1.3383982,0.029371079,0.2308782,0.38128045,1.3465619,0.9297769,0.010588338,1.071079,0.67191094,1.8179001,0.33857617,0.42291826,0.09589183,0.00017289011,0.2944406,0.33940524,0.58061785,0.3644529,0.8918659,0.796462,1.2335339,1.6119035,0.16551432,0.07277397,0.51367867,0.3890569,0.3944902,0.14975348,0.48347807,0.7638879,0.008203152,0.19065396,0.4286909,0.76477545,0.16055246,1.320276,0.3636206,0.88138527,1.6438837,0.9509349,2.1930041,0.017445736,0.5685729,1.1096302,0.07580162,0.3378922,0.808296,0.03320732,0.17331168,0.009314672,0.11347577,0.7633227,0.05072095,0.37588418,0.29736295,0.45537433,5.1801205,1.6331432,0.023150833,0.9071817,0.06386978,0.12212717,1.2557185,1.0670999,1.7727646,0.13221505,2.1963668,0.6105528,0.65361774,0.08775979,1.8870376,1.4567332,0.17289692,1.6847275,0.50228614,0.95365965,0.0022338508,1.0531982,1.2939701,2.5958831,0.6415462,0.12413475,1.1916604,0.2782716,0.68219054,0.5069189,0.2891185,1.4600772,2.4504051,0.53542364,0.57470065,1.0955898,0.40152225,0.5747154,1.7575537,0.7420779,0.87695426,0.02009036,0.045968007,1.6764934,0.09278747,2.6892347,1.1259086,0.20450442,1.9179872,0.47311828,1.0289065,0.0,0.940062,0.31924736,0.05973122,5.173078,1.4272614,0.73634094,0.05861839,0.59160435,1.5449173,0.039469443,1.3899411,1.8072195,0.08075525,0.42526987,0.032792605,1.0414661,0.48866862,1.9021186,0.35929862,0.13548878,0.6551181,0.31197402,0.19099753,0.9588539,0.7110001,0.46411428,0.09423213,0.8156191,0.20389086,1.6505942,0.22208978,0.4201685,0.4755145,0.09238628,0.36891624,1.7661206,0.6056723,1.579943,1.2159297,0.47692776,1.8901199,0.19490871,0.6282941,1.4310606,0.00839924,0.94214004,0.036222532,0.11137913,1.8070314,1.3194524,0.0030207469,1.8002244,0.2686606,0.7363213,0.485567,1.2421523,1.9393052,1.2751476,0.3242988,0.013791045,0.8802089,0.73120767,0.5454381,0.010332254,0.40057302,1.2210655,0.3264141,0.20158082,1.2104342,0.85780114,0.4015324,0.5218579,0.86171526,0.76956534,2.4380934,0.050112564,0.28301388,0.6489633,2.9842324,1.0428238,0.12936148,1.2764282,0.14018068,1.7197078,0.24697988,1.8089607,1.5619458,3.0276809,0.5466358,0.78905463,0.045748994,0.004522661,0.42562765,0.46393192,0.40951288,0.011041059,1.3150209,0.43796578,0.73418504,0.38570014,1.1286769,1.2721176,0.4588618,0.36042506,0.6852235,0.10346344,1.4738837,0.07123127,1.5516068,0.6975765,0.25795943,0.025123943,0.15509471,0.6498375,0.0011504863,1.5684093,0.16801916,0.595228,0.41458386,0.13233632,0.06802946,1.6369393,1.3651856,1.4034274,0.36732778,0.3028813,0.84420544,0.7545793,1.0610987,2.127172,0.6694703,0.6960916,0.035090256,0.27736187,1.2413985,0.52978903,0.23475936,2.0108826,1.5775518,0.33208624,2.4568758,1.4611293,0.26611522,0.62477744,0.950405,2.1262383,0.21659978,0.15074722,0.61876327,1.2588816,0.52885205,0.751751,0.39200738,0.9295204,1.8211869,2.4552004,0.66892534,0.0444175,0.015139068,0.9220935,0.5123492,0.7170134,0.15625764,0.90424454,0.53281677,1.5730114,0.2250376,1.4345528,0.5621035,0.06085693,0.45811835,1.1192019,0.0,0.14939195,0.62103474,4.4632087,0.06210777,0.008967752,0.10670017,0.0041868472,1.1006182,0.33313724,0.5029136,0.034944892,1.407567,1.643235,0.10622048,0.19346003,0.00013186435,0.2107706,2.1926265,0.4855906,1.3922073,0.18626545,0.1155148,0.47302037,0.25757876,1.0607635,0.09155112,0.0023255213,2.176678,0.39920467,0.36776337,1.1217774,0.38698235,0.10924304,0.7759527,0.25463185,0.22074899,1.3064581,0.09072103,all_pothole_images\pothole_images_new_image_866.jpg
3.1501362,1.4209108,0.22440906,1.3465466,0.6708324,1.557809,0.38332304,0.0017283827,1.1340089,0.35921922,0.31648317,0.2806492,0.28871575,3.3146951,0.73538923,0.25978145,0.12994596,0.18991005,0.59751743,0.12170087,0.64993435,2.3429992,1.1707922,0.76265424,1.3607317,0.27785045,0.59725267,1.670514,0.3439526,0.68064755,0.2409188,0.50997424,0.7934589,0.021644376,0.3919947,0.11897669,1.6131654,1.01389,0.63650936,0.07247731,0.20510751,0.47238,0.5645714,1.342184,0.46332657,0.026635466,0.010349968,0.08936763,1.2030326,0.65462214,1.2975637,0.09847669,0.4225319,0.05341737,0.0542717,0.05681103,0.5832693,0.12487281,0.24991137,0.7019697,0.10149339,0.04528812,1.4937563,1.2354324,1.2838622,0.014973016,0.5780103,0.07583297,0.059872374,0.3108189,0.6497197,0.75175786,0.18900454,0.86238486,0.3233412,0.40067226,1.7574816,0.98503196,0.28893661,0.09807367,0.89875466,0.85413444,0.2648645,1.8077258,0.45075458,0.68001103,0.3676419,0.055205178,1.5256436,0.0,0.33689618,0.67085636,0.80931866,1.0402498,0.28895992,0.117391415,0.4716717,0.25664735,0.08685943,0.13083966,0.13813362,0.19881073,1.7007344,0.094324686,0.16784967,0.7316829,0.5099278,0.09388685,0.002082939,0.80840206,0.6240506,1.7924883,0.9457154,0.00031837373,0.6261853,1.3520811,2.2537565,0.32630894,0.18044002,0.8980429,0.9057905,0.032465663,2.8836937,0.06394319,0.1785288,0.07402621,0.0076662065,0.17804046,1.4848772,2.0759828,1.6119562,1.3051243,0.5051283,0.28770205,0.066685714,1.480216,0.7695522,0.14779611,3.089135,0.27617252,1.161871,0.56527364,0.26202202,2.316721,0.9740543,0.2965124,0.5020305,0.102950156,0.3436591,0.33729324,0.30943248,0.56571275,0.29471365,0.6744065,0.9152565,1.9633605,0.43476194,0.29997897,0.44577157,0.4167188,0.50893205,0.11279308,0.7462087,1.9021709,0.5307912,0.00042741396,0.93774426,3.6136832,0.52070755,0.45777646,1.1080798,0.018938828,0.009311205,1.6207505,0.013138843,0.49777833,3.7827446,0.3338693,0.22039385,1.6071076,0.042695332,0.86775434,1.3787353,0.32938096,2.8348851,0.5496144,1.2699287,0.2547847,0.036176305,0.04821272,2.1992645,0.05293846,0.2621876,0.03760218,0.2162161,0.1790903,0.4833342,0.4130731,1.6206361,0.8972619,0.11135835,0.16598366,1.2266034,0.91240114,0.3327079,2.729878,0.12987398,1.3839352,0.3851598,0.014311291,1.1400807,0.26648653,1.0465387,1.875846,0.67816824,0.32445997,0.6788402,0.030318845,0.3677284,0.51776373,0.91195434,0.09400193,0.2927412,0.46708313,0.0,0.7506265,1.3915985,0.37280375,2.0712526,0.7508906,0.24108952,0.76380485,0.087179035,0.36460775,0.3649558,0.50620836,0.710597,0.44430244,0.12256588,0.50262755,1.2440822,0.013596761,1.1627374,0.12888174,0.13640532,0.015413056,0.8750811,0.7133926,0.7736712,2.1199594,0.11618689,0.00945419,0.102216035,0.5929934,0.0,0.6204511,2.398062,1.2121885,0.10454965,1.9101447,1.5835414,3.3207753,0.6146329,0.18450993,0.28290772,0.7869954,0.009365829,0.49186292,1.0315305,3.0462885,0.030029336,0.20013525,0.34192201,0.0,0.13972043,0.4489345,0.38309905,0.38661462,2.9435465,0.21540219,0.3942972,0.8931428,1.0588689,0.08580189,0.79139847,0.36561024,1.2967782,1.3117931,1.6836381,0.6298721,0.27386525,1.1238122,0.43849164,0.25665563,0.14746839,1.2257228,0.6728714,0.48063597,0.74832004,1.0909024,1.1830848,0.8018973,0.0014143388,0.05289831,5.3203454,0.29672867,0.251859,0.7181743,0.83696455,0.007751966,0.24848738,0.18842757,3.9618897,0.84828466,0.037301537,0.17195816,0.104234256,0.23946223,1.1037726,0.86498797,0.05751982,0.23976539,0.7008012,1.1231071,0.5307923,0.0,2.5151799,1.9023565,0.20771816,1.5415202,4.128493,1.0624086,0.29068264,1.81051,0.16165863,1.4525133,1.4803426,1.4569992,0.15752651,0.052656703,0.31445962,1.0139261,1.3885993,0.41376215,0.07873172,0.031852394,0.14009409,0.45140588,1.4220796,1.0717123,0.04658671,0.42817587,0.24093834,0.62374735,1.3348192,0.25094798,1.4164883,1.1440696,0.2219738,0.7436611,0.7926243,0.44810617,0.20555465,0.2909959,0.84202284,0.015775107,0.89131016,2.6865377,0.404083,0.114899926,0.4559513,0.043864846,0.86116695,0.35999057,0.91644615,0.5665445,0.031242628,0.7450245,0.41500372,0.19405854,0.61651874,0.033272114,0.93163717,0.83163184,2.7456982,0.2320877,4.388696,0.5629026,0.29733747,2.1748774,1.5778469,0.050003994,0.45444566,0.45130768,0.8955802,0.056962334,0.38375217,0.35289395,0.3713675,0.07760358,2.2996361,0.56243265,0.088402785,1.657672,1.2598816,0.3920997,0.9800569,0.6666345,1.1719606,0.2454958,0.040561005,0.10941795,0.4180283,0.36507675,0.13438837,0.9545615,0.012820168,1.8394991,0.029472621,0.13811637,2.2602603,0.11922202,0.44227713,0.5291946,0.6234317,1.6962265,0.10788727,4.3698454,0.15429448,0.50067073,0.13307141,1.5347322,0.15596339,0.40587005,0.31139144,0.93895936,0.41454673,0.7903493,0.1569632,0.27100492,0.9338448,0.1663573,0.14315023,0.06153098,0.1490118,1.7910357,3.0946803,0.058535896,0.93638235,0.3419476,1.4206411,0.673719,0.46670663,1.162915,0.34489936,0.02162804,0.6906273,0.09374293,0.19898446,0.4385331,1.7230405,0.61413914,0.89830333,0.005337433,0.18565162,0.22246936,0.10581441,0.5066308,0.0,1.1249386,0.07640773,0.4493636,0.9044387,0.9592522,0.9045531,0.006419394,0.89399487,0.5595668,0.98965967,0.677326,0.13901776,2.366755,0.21714842,0.25680187,0.111496,0.32478842,0.536283,0.4078203,0.56428176,0.61525303,0.6612404,0.16265827,0.4706083,0.3409617,0.0,0.06784703,0.20046562,0.34344018,0.044585977,0.44969547,0.5320481,2.1611266,0.6002569,0.5554426,0.1604199,0.10146082,0.44207513,0.64696914,0.07388037,1.3713036,0.012859882,0.24655071,all_pothole_images\pothole_images_new_image_867.jpg
0.12909313,2.048059,1.3499879,1.5582231,0.4283683,0.47521147,0.66497093,0.024457883,0.41182008,0.96404636,0.4202965,0.33643308,0.22165574,0.1971105,0.0,1.13279,0.13540219,0.077436954,0.34313548,0.48719865,0.0,1.8701681,0.4527271,0.48171067,0.87919647,0.13019535,0.15483731,1.2548381,0.20932096,0.33056137,0.07021713,0.0,0.25432467,0.22386616,0.8970182,0.6081432,0.9024536,0.8492262,0.569023,0.7526307,0.15008986,0.043807987,0.79399467,0.88921416,0.9183454,1.0135438,0.83852917,0.5086834,0.11343585,1.0456144,0.1500052,1.3706111,0.54450685,0.60640854,0.35582024,1.5388501,1.7603736,0.65146965,0.45953992,0.078562714,0.039500777,0.34441522,0.50806457,0.012998104,1.248331,1.63248,0.36297575,0.03599246,0.7699801,0.44048473,1.214348,0.0759978,0.80849624,0.25178432,1.1201556,1.4695503,0.29874662,0.7541619,0.0075681875,1.2401412,0.3398482,0.2916545,0.0777998,2.763205,1.3458862,0.99059993,0.32161495,0.43937466,4.249548,0.907249,0.092053264,0.46999523,0.12820344,0.248371,0.23681466,0.45372155,0.840626,2.9472058,0.720857,0.33826807,0.63524294,1.9677277,0.46876213,0.17942707,0.10295625,0.28324068,1.146758,0.06718848,0.05212728,0.08294374,0.54077476,0.49316767,0.17719689,0.31468815,0.3866792,0.6068389,0.98517007,0.16505884,1.5307081,0.1585151,0.9201936,0.113717586,0.14411435,0.653744,0.3093118,2.2565677,1.2304362,0.82367563,0.18875265,1.2979228,1.071415,0.18831669,0.47874773,0.034805715,0.32022944,0.79799575,0.2273927,0.8357606,1.347321,0.4351881,0.76208913,1.4586164,0.23064563,0.37154707,0.31693676,0.43790936,0.24006088,0.06278249,0.0327116,2.8091216,1.0799209,1.0452596,0.56383944,0.30640352,0.8849803,0.3204575,0.77526146,0.013562538,0.49717635,1.2077322,1.2219104,1.0045996,0.5749658,1.2699032,0.1315881,0.033925604,2.6567402,0.0,0.83973444,1.3762457,0.48260447,0.01037091,0.04783474,0.4627592,1.0938406,0.035164814,0.5112709,0.49554405,0.1408172,0.89453125,0.28554744,0.60788596,0.40753117,1.4715149,2.3787189,0.8120354,0.45899442,0.684194,0.076098785,1.64061,0.019446667,1.142004,0.29408285,1.8286886,0.08910841,0.6820171,0.17415854,0.93222815,0.53919286,0.5465035,0.8146937,0.1064206,0.033541694,0.3468543,0.2813039,1.6417471,0.4273041,0.1476289,1.0110068,0.30455947,0.25473708,1.1324346,0.70094717,0.9255432,1.5457371,0.7850367,0.46290645,0.0,0.702889,1.1443335,0.8458336,0.35724893,0.11508352,0.6324756,0.5717266,0.96020406,0.12432577,1.2255992,3.5007005,0.7712959,0.082753316,0.681448,0.8845839,0.21873917,0.16137157,0.34797654,1.883127,0.048015594,0.07884798,0.098401986,0.82276803,0.16956,0.28498992,0.2924577,0.619234,0.0023760085,0.10269977,0.70842135,0.29436794,3.7265177,0.1740885,0.0032760694,0.4898002,0.5963246,0.38911685,0.05766812,1.3829571,0.09377264,1.125355,1.8798708,0.16139844,0.074118264,1.1517551,0.028443582,0.51142395,0.33299807,0.65140826,0.64319634,1.0955569,0.21500804,0.6586493,0.39134037,0.07848346,0.76310116,0.27853534,2.7294598,1.2358493,0.02683094,0.24704088,1.2527289,0.67237633,0.3968848,0.342046,0.5743159,1.1847384,0.70651394,0.7795178,0.3153202,0.5258803,0.42210758,0.2430953,0.57329834,0.10308894,1.1461947,1.0304682,0.48066443,0.3079278,0.47651997,0.7293622,2.54317,0.39786497,0.29743284,0.32674423,0.38753042,4.3471017,0.17981206,0.15656993,0.0909294,1.1089256,0.5272693,0.07513606,0.06911264,5.608685,0.8925355,0.8242216,0.391539,0.18811138,0.5859959,1.7691021,0.14104486,0.98891664,0.08637578,0.057180032,0.19889617,0.59557456,1.350328,1.0028855,0.104480974,0.833575,0.02279317,4.767007,0.23482059,0.695115,0.0,0.7047798,0.04980714,0.45035556,0.18274225,0.6113994,0.5624132,0.37062293,0.36610833,1.3346909,0.51616895,0.4571748,0.3029341,0.063518636,0.058959372,0.46752766,0.7179624,0.006534809,0.5632982,0.054517083,0.30635482,0.004251321,0.029047184,0.20998655,2.6109502,0.3929201,1.0645646,0.12767242,0.26140484,1.910523,0.40041173,0.22112356,0.45283347,0.5573856,0.24872966,0.3742545,0.28458014,2.0577383,0.39103705,0.4545063,0.2732514,0.99172115,1.85588,0.13025807,0.8901965,0.17308536,0.010989903,0.058519315,0.0005736406,2.3914816,0.9489932,2.4262507,2.5046244,2.1909661,0.01739141,0.108894505,3.526478,1.6284506,1.3146328,0.6803838,0.25550744,0.09733643,0.0,0.8937477,0.58801633,0.3196601,0.4862002,2.382843,0.59697354,0.004121186,0.7754744,1.5082234,0.110237375,0.8304699,0.2929293,0.5414762,0.054997303,1.2103862,0.22933777,0.53836894,0.26238224,0.008976509,0.30278873,1.8822757,0.2920461,0.30924073,0.08058839,1.0570806,0.25663438,0.9430159,0.3375659,1.0635691,0.7059508,0.5068894,0.67530495,0.8734213,0.4270413,2.3703034,0.0,0.74507433,0.8811066,1.0792079,3.0894585,0.9572619,0.24820264,0.27919894,0.0796682,0.5065526,0.2384875,0.1157365,0.85064834,0.37621477,0.021242125,3.6624222,1.8839935,0.29282963,1.9205501,2.7926524,0.5473313,2.1504707,0.57527006,1.1022512,1.3452698,0.024079902,1.371334,0.060851898,2.094513,2.4007356,0.062302127,0.42639345,0.22900449,0.28374314,1.3471665,0.23955117,0.19502296,1.1290786,0.9398014,1.1754678,0.22311181,0.22224025,0.34170538,0.5504542,0.56458855,0.31408706,0.74224156,0.88699496,0.74060166,1.2791115,1.8722092,0.3850865,0.0392441,0.0016225402,0.0025042135,0.1890946,0.39165008,0.15472452,0.14553267,1.4191507,1.1884512,0.75208235,0.02572329,0.1908132,0.507972,0.0022875112,0.11829216,0.5041486,0.03045554,0.2594671,6.7698145,0.4061826,0.55768013,0.74257416,0.90940714,0.068977036,0.630185,0.92004114,0.44204438,0.1488851,1.0014057,all_pothole_images\pothole_images_new_image_868.jpg
0.6128334,0.043145567,0.3759527,1.5393648,1.2189511,0.12418423,0.5995568,0.07924841,0.29624933,0.3054048,0.5568077,0.3581322,0.47989416,5.802985,0.5648718,1.3922322,0.01972106,0.48998618,1.6536524,0.69994545,0.36624953,1.2293587,1.1832792,0.5047192,0.40256616,0.97262836,3.166956,1.8780137,0.73187876,0.6843394,0.9010877,0.7447482,1.6406217,0.042089216,0.025043435,0.72592974,0.07110222,1.6906362,0.7784248,0.8488992,0.039681308,0.82377344,1.2528921,6.186538,0.08020364,0.63053155,1.6162143,0.34940243,0.98406196,0.26626053,0.17090195,1.8081932,0.3983205,0.23912494,0.36322027,0.5575632,3.1270876,0.24351263,0.3799942,0.25689104,0.2659747,1.2118816,0.37345317,0.6493379,0.6015672,0.35359076,0.19883946,1.2336214,0.26762202,0.55519265,0.008677373,0.36877987,0.31237385,0.21149047,0.015012011,0.14756332,0.7406663,0.95778453,0.20951253,0.46999252,1.1583965,0.4392961,0.9080546,0.40373814,0.49917406,0.82543147,0.0,0.037286345,1.3723152,0.4274301,0.19755547,0.0,0.22729118,0.14807948,0.018474968,0.015372969,0.9286409,1.5239922,0.31969917,0.34340557,0.117300965,1.1740627,0.04626093,1.4444374,1.0529678,1.1266006,0.0,0.07763166,0.49564165,1.4342158,1.0896057,0.81887615,0.13075903,0.3996924,0.010622827,1.2768334,1.0748093,1.5008825,0.40998673,0.745114,0.74342376,2.4267175,0.13580751,2.6595085,0.9139716,0.6737213,0.9127716,1.2562867,2.040868,0.18140595,0.0693256,0.06473042,0.90483177,0.16443254,0.1774725,0.44523486,0.016745392,2.0286245,0.16302833,0.6819844,0.23936951,0.06452847,1.1431086,1.0535291,0.17973746,0.06768109,1.3587338,0.7535779,1.3271897,0.48347485,0.4752716,0.024579637,0.05518772,0.83990407,0.6747341,0.011359117,0.31782314,0.57979935,0.9215656,1.5286686,0.77622634,0.8525431,0.2211674,0.9917372,0.66812706,0.038511313,2.6636555,0.040156834,1.0822706,1.5295478,0.19998166,0.0658505,0.051541302,0.3705219,0.7170952,0.14138156,0.11391228,0.0059627425,1.3711337,0.004210465,0.29526696,2.3263712,3.917513,0.7297628,0.26297802,0.13170512,1.1270529,0.40250248,0.15994358,2.2374296,0.18952441,0.24959688,0.31549567,2.9138277,0.9664651,0.4124797,0.47762403,3.6268241,0.6096827,0.19176707,0.38004848,1.421819,0.97086847,0.68950963,0.0942258,0.11123953,1.8206624,1.2000288,1.0186192,0.6737453,0.03376478,0.31819367,0.27995557,0.23923111,0.4433051,0.20197895,0.12826437,0.63796264,0.04080729,0.6694133,0.25104743,0.06317412,0.29010656,0.42314613,0.3618004,0.0016559254,0.66320145,1.0882248,0.0031252673,0.32693776,0.09255432,0.4608717,0.7756827,0.83513033,0.8908806,0.04186279,0.7952567,0.3547469,0.53767836,0.6974043,0.01522974,0.27867043,0.0,1.020364,0.68264115,0.23862518,0.28556415,0.2935521,1.465583,3.8856313,1.3999445,0.1743991,0.023254562,0.08506022,0.3244161,1.8344275,0.86243045,0.5446065,1.7333355,0.50045675,0.21894054,0.71093637,0.5090968,0.54135996,0.29041314,1.7337078,0.17286144,2.95947,0.314129,0.0,0.36675736,0.20635994,0.32160982,1.1455189,0.28530186,1.064696,0.0,0.13641745,1.0485387,0.02069797,1.0062389,0.11696148,0.47440764,0.4976797,0.10873008,0.74705404,0.080594204,1.5432256,0.6512864,0.18444003,0.11567381,0.0718895,1.5742437,0.95032436,0.25825897,0.95060563,0.80530316,0.620556,0.10436697,2.4806755,0.040581755,0.87799,0.07363836,1.7000606,5.698641,0.8862816,0.0,0.052835718,0.0327061,0.1069177,0.057611417,1.08394,2.3302329,1.0018677,0.33518323,0.3628046,1.2402732,0.49088776,1.3052231,0.26956728,1.0186377,0.57783836,0.04536294,0.026038775,0.60321325,0.00222062,0.7335511,0.30510324,1.2855077,0.24815618,0.93178123,0.31671262,0.055574004,0.4265431,0.48288384,0.18350756,1.8921729,0.22616288,0.59066224,0.69664747,0.9516968,0.81293154,0.77398354,0.47675356,0.55438864,0.13988644,0.04501228,0.64228487,0.019318048,0.005244407,0.83438075,0.042561274,2.3884869,0.29048973,0.4088712,1.4254379,0.23083746,0.15187886,0.015351985,0.32040685,0.6355479,0.0053227847,0.19797345,0.28486398,0.19032727,0.035213634,0.43216354,0.19013876,0.35945845,0.20209722,0.43119016,0.47143498,0.932147,0.4785366,1.9001421,0.79166716,2.0206246,0.43174458,0.84534335,0.9699932,0.685758,0.17867401,2.0524855,0.33734548,1.4454869,1.2735147,1.1135433,0.0,0.1297179,1.9425715,2.1340146,0.7641651,0.15483573,0.45603985,1.0660753,0.19072706,0.17566101,0.278451,0.4498698,0.121599585,0.355923,1.0026525,0.98954064,0.91284114,0.024358975,1.0198845,0.16900708,0.6253802,0.36954373,0.24793746,0.8574809,2.290795,1.8964292,0.30889887,0.1840312,0.021103978,1.2060364,1.0882758,0.037082314,0.06448401,0.7684494,0.0,1.871613,3.5211935,0.5050028,0.65687674,2.3089633,0.031197147,0.76960003,0.29661936,0.35699144,1.8872387,0.1326906,1.0858685,0.018270751,1.5658994,1.2296684,0.20402643,0.36971956,0.56663644,0.09072152,0.27985862,0.7294175,0.22051452,1.9888648,0.038820792,1.815151,0.20584197,0.12519686,1.1023883,2.67512,0.76251125,0.5213365,0.8381175,0.12699708,1.8306218,1.9958959,0.9762014,0.11985636,0.35345846,0.5249716,0.44792944,1.8391831,0.039075464,0.23641065,0.4144638,0.10319065,0.53233826,0.2754198,0.18735637,1.0299789,0.52611303,0.09698087,0.3420377,0.8067177,0.35533524,0.40751615,1.1356893,0.5657771,0.11101695,0.81123304,2.699966,2.7553122,2.5641115,0.22379713,0.42237866,2.0544689,0.38288498,1.8901591,0.098292395,0.68143153,1.0747591,0.5719427,1.5507548,0.1319684,0.015595448,0.26537937,0.04992945,0.073243305,0.10690829,0.7289951,1.4591992,0.1212074,0.76444876,1.2674001,0.009071608,2.648937,0.58464485,0.10356528,0.59716475,0.6979353,1.5507143,all_pothole_images\pothole_images_new_image_869.jpg
0.64653206,1.3811603,2.2830381,0.7399891,0.9247359,0.6030405,1.3659546,1.4818157,0.2567181,1.2624285,0.28293616,0.48916247,0.022018904,0.14162552,0.19029808,1.3971479,0.3475783,0.26236552,1.1305803,0.6189482,0.15087192,0.46311915,0.61472535,1.7404754,1.8600684,1.0812105,0.21825081,0.7723913,0.3307942,0.06593106,0.059437633,0.30664924,0.7010305,0.3452731,0.54280597,1.5773969,0.48486733,1.2924713,0.3636311,2.0526083,0.39767408,0.98175234,0.5861125,0.6642437,0.20980068,0.9240705,0.336664,0.31518775,0.3320881,0.1385226,0.38056308,1.4584808,1.0078399,1.3412787,1.0037124,0.007752031,1.6910986,0.02580028,1.3981462,0.36296797,0.20688315,0.013576164,1.0884498,1.0124788,0.36800566,4.23095,0.52504206,2.2262495,1.2779714,0.09588271,0.8826091,0.39113045,0.74671644,0.683751,0.32088003,2.4259572,0.083134934,0.18091755,0.1502422,1.7329037,0.023121536,0.6216863,1.2985117,1.3934786,0.8908263,1.1770686,0.65331066,0.046007387,0.64152235,0.5973252,1.381564,0.5645799,0.03120948,0.9132618,0.71544695,0.01716925,0.4054633,1.0099317,0.90158063,0.23319386,0.29941806,0.37912726,0.031807125,0.543668,1.1084019,1.3129414,0.81326294,2.4298055,0.8940364,1.8286774,0.21200657,1.7359428,0.01193188,0.044734914,1.8337418,0.34981632,1.4454596,0.7091324,0.4741992,0.8051573,0.35533866,1.6973956,1.1542076,1.7967426,0.3863194,0.20178744,0.023313463,1.1696458,1.1536832,0.5253451,0.8806095,1.0985888,0.7345193,0.046182927,0.039080426,0.06523286,0.5136805,0.674422,0.3361459,0.3067201,0.09382563,0.5538537,0.74140817,0.28808033,0.071360365,0.6244377,1.8686571,0.85285324,0.23682533,3.2333784,1.1619105,0.11803317,0.16297752,0.39295235,2.2740865,1.3529242,2.0505397,0.8811882,0.44038165,0.5542377,1.0530765,0.521813,2.0523782,0.5840832,0.88208115,0.32437253,0.9557092,1.0903716,0.43577567,0.3550559,0.91854745,1.6415062,0.12137629,2.114209,1.675801,1.3034632,0.7340431,1.3658347,1.1212524,0.11041592,0.01833214,2.5137968,2.0022552,1.3025495,1.9009136,0.13874291,1.2683057,1.7431178,0.37535095,1.921752,2.8296266,0.089063615,0.82933605,2.4073265,1.4355054,0.11596341,0.0012455732,0.5879853,0.6824497,1.193298,2.6541147,1.061902,1.5123751,0.44918454,0.9681292,3.270796,1.362115,0.5529528,0.32893413,0.41997617,0.54724014,1.0374013,1.5449399,1.6443206,0.4913914,0.8776863,1.1350597,0.020027744,2.0230289,0.13198654,0.25764555,1.5513932,0.15555015,2.029555,0.4297057,0.42916998,1.9989473,2.5578854,0.29829508,1.1983491,0.5656925,1.2073601,0.15857334,0.35761228,1.3312088,0.08287262,1.0904754,0.36968076,1.455281,0.73091835,0.37884134,0.59087634,0.3094055,1.4571358,0.15033938,0.7552771,1.1553316,1.1856344,0.49249643,0.6270294,0.7151245,0.195243,1.7343131,0.6850695,1.4369237,0.4682832,2.113071,0.45626715,1.3533108,0.17655633,0.18387261,0.79693276,0.031450495,1.4576565,0.7651427,1.2906743,0.817724,0.90691507,2.3153875,0.60346687,1.1609615,0.52257556,0.79221934,0.73515505,1.0770499,0.67846507,0.606807,0.7464358,0.09846438,0.13551071,0.041760325,0.14101036,0.24717054,0.70782065,1.2099005,0.15211965,0.70939523,1.6477882,0.70556873,0.01512598,0.9648321,0.6200017,0.1591257,1.954516,1.2508084,1.9641298,0.9830146,0.55529004,1.2986101,1.1652588,0.21004666,0.2497107,0.50454205,1.1377037,0.884995,0.34710568,0.09821718,1.6812017,1.3579897,0.5511432,0.7210927,0.439543,2.9306939,0.19314966,0.451301,0.2542423,0.5976265,0.6135558,0.1849743,1.6678274,0.21017666,1.552974,0.4155324,0.6600454,0.8169969,1.3582109,0.3391757,0.64089304,0.91029775,2.0741434,0.957481,0.77169836,2.6426473,0.14648351,0.52952826,1.2273587,0.58413696,1.1461807,0.49379542,0.18762404,1.321543,1.7327342,1.2735169,0.10491579,1.3773081,0.03748835,0.47077644,0.30472252,0.1043626,0.5107506,0.37180355,1.0269918,1.5097313,0.41538042,0.17824286,0.14536554,1.0216786,2.3100622,2.0612378,0.76393515,1.5138247,0.07707708,1.6872733,1.3007059,0.10401288,0.959399,1.2655449,0.94472796,0.1909734,0.25263214,3.7563295,0.78287834,1.1403,0.8787354,2.1910021,0.09345334,0.6706809,1.5560324,0.32680467,0.40268993,0.47185344,0.58851284,1.4792533,1.2871159,1.8425589,0.88048023,0.31346884,0.023713691,0.10877257,1.3477595,1.0631808,3.1932783,0.7153306,1.1798041,1.9852958,0.18468872,1.7216237,0.8845958,0.66246545,0.43158215,4.5594673,0.5879769,0.0071841464,2.1259942,0.5304294,0.32002392,1.1937089,2.7147815,0.48387775,0.868249,0.15570602,0.8909254,2.5481155,0.15392964,0.2410825,0.11643958,0.77329814,0.23676199,0.13237685,0.3319868,0.38980368,0.6962535,0.8601219,1.6585246,0.31361368,0.6131116,0.1259884,1.3564351,0.26065743,0.9245796,1.0601023,0.7254435,0.8576014,1.6740382,1.9980175,2.3629105,0.41311875,0.1747789,0.46218023,0.36581695,0.39697456,0.06667522,0.3792076,1.6341934,1.4894683,0.016616467,0.67523956,0.49797362,1.9457957,0.66693985,0.42969093,0.12512182,0.8667498,2.2237258,0.3266125,2.003231,0.30549723,1.7272391,0.0787824,0.39031312,0.7091034,0.3086762,0.60369164,0.41905677,0.5746678,2.6203918,0.81347615,0.43239224,1.0939835,0.37459213,1.082993,0.5089455,0.68868357,0.4897089,0.4234041,0.8387823,0.63243854,0.8381084,0.66802263,0.110650316,3.71801,2.6097636,0.90116364,0.027353872,0.72329026,1.0883473,1.6284329,0.48878777,0.7099534,1.5825111,2.3231647,2.5322583,0.0819295,0.0030775797,1.1432234,1.9781642,0.09359573,1.1294154,0.07935586,3.5951817,2.041592,0.9767007,1.2959703,0.6458424,0.050704435,0.97563124,0.71469676,1.4459987,2.1473458,0.28405038,1.4713371,0.50739956,all_pothole_images\pothole_images_new_image_87.jpg
1.78803,3.8446076,2.0982134,1.1739858,0.884374,1.7597007,1.6303446,0.01938285,0.46569264,0.61829984,0.13126493,0.07633682,0.046154857,0.9129098,0.94723654,0.19384877,0.6964888,0.37579173,1.1566713,0.12700246,0.45577255,1.8879578,0.9856212,2.0729213,0.1355706,0.03560945,1.1133473,0.86747384,0.56685126,0.4435406,1.306044,0.5614406,1.437708,1.000931,0.06002334,1.0602351,0.024201619,0.009599107,0.5050728,2.79228,0.13471936,1.8765192,0.72947,0.066892065,0.3708018,0.7263764,0.053319454,0.48258355,2.3743331,0.18703271,0.026025685,0.51787037,1.4939235,0.25644445,1.514466,0.05535636,1.2973472,0.14169338,0.5903505,2.6176329,0.018590234,0.6259306,0.06279448,1.2187067,0.41538864,0.48442692,0.33839262,0.5278606,0.8036067,1.4405756,0.49671364,0.3067443,1.9322435,0.011217523,0.40782872,3.6441314,0.256742,0.39952773,0.57237273,1.2530034,0.15560198,0.49136734,0.48341158,0.31722465,0.25495872,0.9230037,0.8204928,0.119348176,3.242432,1.8708506,0.19653355,3.0969954,0.6857423,0.3457587,0.09317669,0.2843241,1.9014024,0.4082815,0.81387913,0.16051333,0.0,0.25542557,0.6464888,1.2002774,2.3072646,0.6316998,0.6728712,0.19379292,2.3333318,1.4101226,1.071892,3.0810084,1.2274034,0.51448053,0.041061655,1.1183707,2.1017704,0.5012205,0.008096709,0.6967082,1.4055346,1.2250175,1.4065986,1.2155899,0.56777555,0.36292773,0.21005256,1.9799405,0.8395925,0.69777507,0.9825156,2.2985592,0.05510678,0.32115313,1.6525503,0.7235335,0.24075848,0.81690955,0.0,1.5145193,1.3313402,0.56535274,2.8677754,0.95714295,2.487293,1.9653513,2.2127974,2.8970072,0.75137734,1.9312375,0.82886595,0.12571448,0.088632524,1.8858556,2.586153,0.07966401,0.75756234,0.27365556,1.48772,0.13806695,1.0168942,0.86718756,0.4253239,0.41724256,2.4929678,0.12920815,1.9509711,0.0,0.9017317,0.0,2.4396915,0.017041082,0.5328912,0.47015303,2.5176594,2.713116,3.8579562,0.6936519,0.9554672,1.0005254,1.5950009,1.2393079,0.5448216,0.99680495,4.4536486,0.26567954,0.14004248,0.6946711,0.010030565,2.2854028,2.3720336,1.8193451,0.4221995,1.3062648,1.3964745,0.03709894,0.9154338,1.2304311,0.6581338,5.129798,0.038245197,0.9031439,0.23185687,0.018318156,0.07186096,2.8092713,2.014165,1.134116,0.9789135,0.35668582,0.7256646,1.4262245,3.0685587,1.237451,0.13330723,2.1129649,1.8369657,0.69452554,1.0501121,0.065739885,0.18279469,0.046478577,0.15217571,1.1445357,0.07371354,0.5593251,0.676625,0.63140637,0.57103664,0.2204786,0.24289967,0.95179576,0.7875517,1.1336992,0.56717,1.7595556,1.5466336,0.6567946,1.0917269,0.04912064,0.515181,0.28127575,1.0164347,0.2340299,0.0,0.6362894,1.8954829,0.27318704,0.35284656,0.94574684,0.18400969,0.21115406,0.7524948,0.14294162,0.5452465,0.05548958,1.1782299,0.3778677,2.6650074,1.6197563,0.48836663,0.020516116,0.956968,0.19943132,0.12510534,3.1558537,0.03693717,0.7190557,1.6016238,2.4156616,0.6832031,0.85902184,0.37954828,3.880825,0.42709154,1.048148,0.5658427,1.2924392,0.16917562,2.188205,0.0059098606,0.129378,0.93280715,0.9704412,1.1296717,0.17571014,0.17182128,1.3058369,0.22611405,0.089999646,1.2985556,0.3279291,1.862934,1.0295721,0.16706057,0.5326931,0.5119158,0.050268028,1.2248826,0.2256826,0.030188747,1.2477361,0.6517259,0.8128737,0.050874572,0.39006618,0.054248262,0.73386365,1.9061441,0.2783294,0.22181304,2.169617,2.0906937,0.26400426,0.051826604,0.85075843,0.02841004,0.76492757,0.5359371,0.5951955,1.148678,0.020255107,0.9547089,2.2696257,0.44181162,1.7296547,0.44001696,0.8516497,1.4966162,1.3516321,4.560931,0.13823092,0.7038188,2.339991,1.0534205,0.40317726,1.670357,0.1807484,0.78928924,0.19705588,1.0869497,1.6219046,1.0474406,1.3148311,2.0780132,0.05581043,0.45147648,0.86810887,0.36711547,0.47911927,0.0,1.5210257,0.080619395,0.43704668,1.3520377,0.61475676,1.5482663,0.34146136,0.04807929,0.8090688,0.27752137,0.83348364,1.2562317,1.9963458,0.70549655,1.0517776,0.24156125,0.43034732,0.1004041,0.32156143,2.1387622,2.986424,0.5231911,0.06844515,2.0140455,0.1054531,0.62620986,2.52367,0.86933786,1.2044749,0.12769742,0.5652071,1.3160439,3.8357863,4.2017283,0.990193,0.39247417,0.8638067,0.58200836,2.9896283,1.1775264,2.1090682,0.42807668,0.021785934,0.37433347,1.8234346,1.4469016,2.7855449,1.3315477,0.039091405,0.1569397,1.9472377,0.5908217,1.7829745,0.07619236,0.027017014,0.1117578,0.28403053,0.18456513,0.22279917,0.06440874,2.15088,1.3347142,0.28436974,0.0,1.7811571,2.5980165,0.0,0.45425037,0.5578618,1.3315613,0.7545357,0.66442335,0.81889653,2.1981027,0.757992,2.2513666,0.79458654,1.7235689,0.49664104,0.01749114,0.7904975,1.3065752,1.6806688,0.007579553,4.1040616,0.91835797,1.0559808,0.28237835,0.8757284,1.157665,1.1916199,0.0024774915,0.110455774,0.2626441,0.004175146,1.650512,0.08228938,2.7833545,2.8976684,1.5657218,0.53583086,0.0,1.4983963,0.38501817,0.5684401,1.3929588,1.2025138,0.5659625,1.2964704,2.659213,2.8181517,0.35549557,0.31828967,2.390476,1.9770111,2.180683,0.7520221,0.9603806,4.4331274,1.9305855,0.0,0.7396716,0.118948236,1.9189799,0.89367706,0.033916935,0.2886185,0.2808926,1.11884,3.9823172,3.7656026,0.6988704,0.45458806,0.6636345,0.6578084,4.7600484,0.99292564,0.0228948,0.4488734,0.11388865,1.7631416,0.30742288,0.053236365,0.5966387,0.6106835,0.19613218,0.9113327,0.4588285,1.9411664,0.2015368,2.0255392,1.1874979,0.9156218,0.95145136,1.73349,0.41179264,1.9231514,0.8010923,1.1318263,0.3299843,0.69301134,all_pothole_images\pothole_images_new_image_870.jpg
0.13639018,2.0028248,0.33553725,2.3792613,1.3099657,0.2407288,1.3084056,0.96000654,0.5776358,1.0269715,0.36064413,0.8538644,0.044504613,2.2983143,1.2079434,0.48490176,0.78356737,0.72560054,1.9034882,1.5781262,0.23636709,2.9461672,0.48086718,0.6595163,0.49673742,0.45757094,1.282766,1.7984644,1.3946667,1.3306838,0.54942703,0.14929537,3.1912286,0.13212751,0.58739454,2.192466,0.3632759,0.52222675,0.17577599,1.6310674,0.4693264,1.5401535,0.8033723,1.7843903,0.30166045,1.5316579,1.3141657,0.029294178,0.3305798,0.6019453,1.0723774,0.4470177,0.23196052,0.4065902,0.09300181,1.3419597,2.7841425,0.08322356,2.1285136,0.4897871,0.78736657,0.6346903,1.6275518,0.24963833,1.2052584,1.0615033,0.89144135,2.6585376,0.58503133,1.4479803,0.1128488,0.06487352,0.0065213167,0.46961156,1.0550178,1.2755908,0.3931352,0.3166917,0.121033415,0.59438175,0.4838138,0.48801577,0.83315367,0.42222047,0.62809217,1.0834031,0.60514385,1.193768,0.093967035,0.37162313,0.28120574,1.083412,0.1946248,0.8406889,0.08369199,0.64421064,1.006786,0.6326289,2.3069382,1.6745399,0.25869456,2.5457764,1.4062821,0.44229233,0.63174635,0.19547345,0.21110678,1.4792384,0.6083486,0.055557467,1.3759221,2.6412566,0.4626997,0.007784194,2.6495454,0.011590366,2.013164,0.42645618,0.96568006,2.210846,1.7916648,1.4245623,0.34642962,2.7001555,0.032171693,0.18335389,1.4590384,0.6153127,0.3058149,0.21072711,1.4449877,0.6138903,0.432121,1.3984076,0.4929315,1.9399118,0.7033168,2.0513275,0.23256226,0.92897576,0.68401754,0.39218497,1.1258475,0.48772407,0.074639454,1.7712003,0.8052069,0.15934527,1.3832964,0.4160149,1.620094,0.26770788,0.27431923,0.28105018,2.068012,0.12250497,1.0966647,0.55006003,0.626222,0.26182377,0.3810155,0.21102673,0.4051987,4.6605854,1.3812402,0.4701404,2.1981683,0.88958347,2.060065,0.14287697,0.24795924,0.603538,0.9134626,0.96619344,0.5791322,0.30431485,0.18019718,0.5796903,2.2281454,0.21443547,0.7697329,1.6403816,0.6395935,0.58881176,0.7745696,0.13524453,0.53517264,1.4562558,0.11632717,1.832338,1.2957495,0.9509754,0.22332677,2.7332342,0.51954645,0.32707867,0.25120804,0.6107858,0.14000827,0.7291609,0.2856817,0.8801982,0.5146848,1.3320038,0.22550917,0.3491941,1.4257045,0.45784193,0.43244568,1.1348553,0.004384611,0.3441394,0.8061999,1.0942296,0.8998106,1.119405,0.18819423,0.42784682,0.67098945,0.21573271,0.6669847,0.5219629,0.053681612,0.22340907,0.9765964,1.2373309,0.62875897,0.11415394,0.725292,0.15395299,1.5783025,1.8395475,0.5709325,0.046957795,0.447563,0.0027253334,0.6824115,0.028028674,0.24367975,0.82113534,0.59383327,0.13235897,0.55284405,0.84167516,1.1578091,0.92564493,0.07688574,0.013285578,2.2785425,2.0532892,2.3225193,0.37376338,0.1445554,0.2133252,0.017557316,1.5979342,2.5738668,0.03126529,0.8824781,2.2026756,0.5704946,0.44258925,2.0417175,1.4694366,0.44909227,0.21655904,0.023419082,1.9859605,0.53577965,0.590716,0.010958799,0.61837816,0.57284445,0.009386315,0.76167303,0.16361734,1.293085,0.6647719,0.45858547,0.6897868,1.4019034,0.279219,0.13891143,1.697638,2.0352523,0.4449909,1.2002687,0.36924946,0.89877677,0.006302246,0.40269944,0.012549163,0.09460466,0.1290822,0.29425427,0.6773639,2.0180867,2.640047,0.1879925,0.9181475,0.060473796,0.53444993,1.3269889,0.94356215,2.1284325,1.5625159,0.011028202,0.76860416,0.36092147,1.1294868,0.2564911,0.86972374,1.1720624,1.3369768,0.61394864,1.7728256,0.05250879,1.2673956,1.346575,0.029416982,0.96166414,0.73526263,0.2843595,0.22222054,0.42167407,1.7621721,0.7811537,1.4433986,0.2675933,0.68854403,0.20727018,0.5322218,0.3162008,0.5804475,0.39324635,1.1396918,0.881075,1.997125,0.36280647,1.0386924,2.387588,1.4140702,0.9103818,0.6476203,0.21387738,0.10049121,1.827467,0.6081207,0.099020876,1.3742697,2.7776601,0.1068188,1.137592,0.5283453,0.91468257,0.81858826,0.9075033,0.9932433,0.79711694,0.11826496,1.0168614,0.6822053,0.7577357,0.8499214,0.19978204,0.3380416,0.8051219,0.35770643,0.32753697,1.4639777,1.6510463,0.23287313,2.0616026,1.7726761,0.38273627,0.89803094,0.5702042,0.45933142,0.06748924,0.6209076,0.49122277,1.4242108,0.14387384,0.22480258,2.28305,2.6369336,4.1029143,0.9874399,2.6961164,0.68139094,1.2423594,0.10836481,0.94223833,2.060578,1.3058378,0.12707004,1.1167525,0.39150977,2.9007862,0.21579047,3.0344648,0.14321299,0.5846269,0.19099472,1.0089529,0.055231802,0.27746567,0.71674716,0.21029468,0.57203823,2.0965753,0.4724961,0.532872,0.5948199,0.27188095,0.7265617,0.5179875,0.5845601,0.32422537,0.44425213,1.4419974,0.80488086,5.6691346,1.5822704,2.0100477,1.7051096,0.56545585,1.4815909,2.0879765,0.364909,0.61003137,0.51635677,0.52581155,2.68311,0.08291365,1.1258204,1.2738291,0.55720234,0.072404064,1.8379874,0.3772409,1.5534842,0.24279208,1.4002168,0.8084412,1.1364092,2.655878,0.35554242,0.7210847,0.5449718,0.7632622,2.221516,0.93270034,0.52252847,1.2933228,0.90707606,1.3781018,1.0392019,1.4982595,0.2666956,1.8215313,1.4037516,0.013913522,1.3462998,1.4496279,1.2667722,0.15527655,1.1552491,0.25295162,1.1101887,1.476201,1.0423462,0.35844386,0.566259,0.071784146,0.4928718,0.5110693,0.8469903,1.018824,0.22285357,1.6956306,2.3168905,1.9267321,0.526033,0.061850984,0.6204597,1.2939129,0.0,1.0855674,0.61546373,1.465532,0.11703919,0.3196611,0.20184126,0.6753433,1.3945124,0.4263859,0.01125052,0.29711002,0.71613324,2.2085724,1.9086285,0.77509344,1.757128,1.4914038,0.8961396,0.20540285,1.8488498,0.041318297,0.5800567,1.1642206,0.85985315,all_pothole_images\pothole_images_new_image_871.jpg
0.09011927,0.45719433,0.34502333,2.863844,0.07968408,0.08181741,0.44006276,0.040590722,1.2752433,0.37545297,0.31748563,0.5084448,0.0011127,2.730644,0.02259431,0.9612509,0.03258557,1.8020549,1.1373916,0.2710312,1.2603348,0.0,1.451004,0.4867194,2.6339874,0.1932059,1.2154784,1.1505904,0.018551318,0.034221146,0.21758658,0.012925116,0.034179308,1.8584081,0.0025123293,0.56935936,0.30108806,2.647208,1.4892802,0.23472275,0.011622141,0.2716723,0.4221463,2.0988452,0.57098037,1.038842,0.047162484,0.4982959,1.5855666,0.4134812,0.72096986,1.6240443,0.19607471,0.38702476,1.1022735,0.51362187,1.1861434,0.19035226,0.3810514,0.23022233,0.0,0.7695143,0.575956,0.22281362,0.95250577,0.89194745,1.186457,0.09985064,0.1433495,0.36269605,0.7765008,0.21268167,0.5893268,0.0,0.21776803,0.06739706,1.4540839,0.7751565,0.008372913,0.6299362,0.36442813,0.32523263,1.5020056,0.2132316,0.16061482,0.0,0.0008258201,0.2801556,1.5782436,0.70608467,0.5436119,0.22608367,0.21140797,0.0032618493,1.5165547,0.009865903,0.98336536,1.0296413,1.0426542,1.1126215,0.0009960425,4.1661243,0.2960148,0.13091977,2.5493429,0.08399017,0.63697034,0.18888415,0.71913517,2.092352,0.20367107,0.61441153,0.0,0.90802824,0.48971215,0.15124632,0.08517274,0.2190173,2.680364,2.0274372,1.0445619,0.581267,0.043501917,2.015765,0.27270785,0.27964923,0.17748979,0.50123924,0.24381544,0.08415392,0.18390305,0.3777978,0.055850744,0.051736947,0.5110523,0.15640675,0.2173202,0.30560216,0.09471874,0.047089785,0.12825997,0.143319,1.2420676,0.9239045,0.09418749,0.5416161,0.5985195,0.2623741,0.8748489,0.6345156,0.0026873283,0.76779145,0.17988245,0.5512907,0.6736159,0.11025635,0.0,0.6169355,1.0563036,1.4300079,0.63611716,2.0705876,0.18104242,0.0,2.129716,0.7178701,1.0441676,0.28932545,0.48155072,2.887318,0.2584011,0.15646362,0.28925118,0.0052221552,0.15353422,0.00096777314,0.009301056,0.042298123,0.5944209,0.027890526,0.23697822,4.284405,1.9569017,0.83520037,1.44785,0.8701536,1.1603738,1.3477956,0.90079385,0.7126338,0.44978604,0.4073469,0.6814476,0.81278634,1.2378273,0.1823696,2.3169265,1.0238782,0.6860163,0.02322078,0.93754375,0.28287473,0.11254946,0.7844735,0.04000321,0.10055995,0.3832482,0.23491484,2.8938923,0.04527261,0.01070341,0.3443643,0.21526313,0.044513993,1.3181548,0.8193991,0.12622872,0.07759896,0.098627955,0.36337876,2.0971866,0.21053353,0.3563347,0.041272376,0.4738402,0.9220925,0.24467471,0.13312079,1.8754219,0.18419097,0.3664105,0.38955986,0.32377535,0.2218282,0.38195044,0.38079733,1.2189448,0.65648586,0.43011618,0.39269662,0.33958715,0.46818432,0.61304754,0.828356,0.14243059,0.023855308,0.039437972,0.24418382,1.3473006,5.6582937,1.0774816,0.43631673,0.057940148,0.5326083,0.11378934,0.96258307,0.4921875,0.82872236,1.9131366,1.587813,1.8562889,1.0956918,0.9709194,1.827575,0.17425069,0.94421834,0.074050255,1.4540226,1.660954,0.5275922,0.45971617,0.025702264,0.47303143,0.21527846,0.5334532,0.8773418,0.087425716,0.9974066,0.0040901923,0.06997122,0.31960773,0.37987664,0.04612839,0.08505384,0.040685296,1.1576165,0.18051879,1.5964137,0.52509356,0.065533966,0.0,0.2519739,0.171674,1.6046327,0.36020043,0.52469057,0.44856584,0.12050394,0.013953802,3.225196,0.058251444,0.47304323,0.013551584,0.010220225,5.3289733,0.18795785,0.13101195,0.0051424936,0.091128126,0.21018022,0.020752735,2.3443344,1.1805925,5.064151,1.1688617,0.25930837,0.14754753,1.1379058,5.677847,0.88942575,0.84280956,0.3411712,0.71946055,0.15073477,0.8792827,0.12574357,0.38827544,0.6408573,0.04966568,0.45741203,0.42738563,0.011924334,0.23538451,0.18519,1.1742374,0.0,2.7284834,0.47642377,0.69537336,1.2070923,0.3057856,0.2604046,4.078933,2.385956,1.1782478,0.18184423,0.06904634,0.16961911,0.8869556,0.5196058,0.69231755,0.042168226,0.2774933,0.6439165,0.08532531,0.22312689,0.1907932,0.7086304,0.321883,1.4194663,0.6879772,0.6377263,0.30448213,0.5182464,0.18657824,0.17466697,0.002425894,1.0387895,0.8936245,0.3411198,0.064623736,0.0,0.62711924,0.67293394,0.3055558,1.0136114,0.55424756,0.3336149,0.42642862,0.83602905,0.59728646,0.0,0.2182567,0.7551938,1.0151824,0.374931,1.3340986,0.05566989,0.008967077,0.9443507,0.051553108,0.20487672,0.036962338,1.1815484,0.14843225,0.42820933,0.21220246,0.7402828,0.27325213,0.018803043,0.015350449,0.33368167,0.6757667,0.16061811,0.4257239,0.5319601,0.88910705,0.3657745,0.34914818,0.13281024,0.01592189,1.1437111,0.22895168,0.46215317,0.053112622,0.51093334,0.90249205,2.0146554,0.01603887,0.027604043,0.5612959,0.75986505,0.5493678,3.7196262,0.7268253,0.50739676,0.86172265,0.5113669,0.6431241,1.075855,0.2243583,0.6746024,0.110452764,0.31950766,0.8823995,0.8736038,1.8459872,0.035096902,0.6972385,0.0,1.1945707,1.5478933,0.21777608,0.0049387184,0.10374616,0.016588112,0.22480038,0.5971339,0.09994071,0.94757044,1.7449586,0.24355851,0.16579631,0.101573534,0.6701744,1.0168291,0.27075213,0.01970482,0.09751756,1.6399206,0.9923719,0.051347546,0.67585707,0.0,0.20978104,1.2240988,0.087332435,0.3209819,0.12980135,0.82012695,1.2573465,1.8460617,0.5057123,1.0057425,0.66851294,0.5880331,0.27757663,0.90003765,0.14974073,0.07913113,0.9078458,1.8116814,1.1133074,0.0047410247,1.059322,0.19695346,0.974337,0.0277447,2.0806215,0.13106081,0.900497,2.736106,0.31734434,0.101741984,0.007340268,0.011893771,0.3117006,0.051175565,0.008521123,0.15891084,0.75733364,0.06324044,1.9605075,0.81214553,1.6773112,2.5522664,1.9638374,0.4005608,1.3012623,0.17902167,0.41521135,0.3760713,all_pothole_images\pothole_images_new_image_872.jpg
3.635539,3.9367926,1.4269884,1.4368094,0.25624567,2.7530136,0.3220137,1.4302695,0.9194273,2.0946014,0.7060051,0.23129743,0.3215053,0.30817717,1.7904791,0.8621287,0.96820486,0.2113307,0.44957924,0.15871796,0.45962626,1.4288819,0.9398967,2.5340326,0.16269724,0.58905005,0.23339534,0.8914017,0.50965226,0.35682437,1.6972529,0.9710369,1.492203,0.55555516,1.490312,1.111118,1.4564953,0.8880928,0.044658493,2.1479945,3.0956292,0.38218728,0.84014285,0.30878899,1.1073747,0.36413917,0.39595366,0.47044605,0.22074425,0.2553075,0.25818184,0.1278128,0.2838021,0.7367186,0.090136506,1.0827539,1.6562523,0.011109743,0.6751974,0.67289823,0.09515791,0.18843266,0.88581526,0.17280169,0.23022442,1.73269,2.3327777,0.33630314,2.127923,0.33534828,0.96438354,0.21430299,1.2571803,0.550203,0.33672288,1.3815343,1.0897577,2.4334645,1.5546716,0.7706236,0.4673895,0.39347908,1.7233976,0.7950312,0.3739591,1.0595418,0.36515325,0.49599665,1.9522624,1.2383915,0.60404533,0.12486214,0.30197436,1.7755678,1.3178576,0.08743792,1.0801768,0.2839675,0.7504436,0.5671913,0.09538039,0.14081995,0.034015987,1.0851251,0.7438787,0.9739585,0.004735509,1.7886724,2.3666306,1.3401551,0.18973488,5.213874,0.74228364,1.1882241,0.25164622,0.28084376,1.6672267,1.2904334,0.20179375,1.9206611,0.59706736,1.1071334,0.6710434,1.2022568,0.24733502,0.0606517,1.1241683,0.55175036,1.687774,0.5656078,0.83129305,0.40362,0.40430737,1.2580194,2.244127,0.9048672,0.10586838,1.8834302,0.9206535,2.0572765,0.15877678,0.46974334,0.5402412,0.38481283,0.04922869,0.7524962,0.055408716,0.5641121,0.9989703,0.60915565,0.79171157,0.37803718,0.2643542,0.4668679,1.4879793,0.29873484,0.3865859,1.4388541,0.3038393,0.24513875,1.8404317,0.5306634,1.0105867,0.94262797,0.4419056,1.6970284,0.81913406,0.64160395,3.1201825,0.3569013,0.48934236,0.27670044,0.23872416,1.5645713,3.3076022,0.3087896,1.5018822,0.18971942,0.4456003,0.59844303,0.04312638,1.6242422,2.3309846,2.4641156,2.8271785,0.2515729,2.5004795,0.0707252,0.7827264,1.6476299,0.23192897,0.65793234,0.87843704,3.1424549,1.1866128,0.29263642,0.029864423,2.7397456,1.5005134,2.8208241,0.434919,0.90326595,0.29815078,2.1532059,1.4700176,1.5823152,0.508695,0.7680936,0.2417678,0.4160458,0.33975536,2.154299,1.6260605,0.9478074,0.14746878,0.27445775,0.37520614,1.0451416,1.0428581,0.13040897,0.33597404,0.3466145,0.9083515,1.7380844,0.3558148,0.052568883,4.9958143,0.44730854,0.15559728,0.13110472,0.9974477,0.0,0.11116821,1.0379424,0.84389955,1.1536466,0.48669815,0.15136833,1.9605033,0.19301233,0.68515587,2.095024,0.8170287,0.30056074,0.44072166,0.5326927,0.86647147,0.4410646,0.47812068,1.8765872,0.47940668,1.0466905,1.0872717,0.062427226,1.6958771,0.14730576,2.426692,2.955418,0.84725916,0.67979646,0.048715208,0.028138077,1.3132527,0.40243262,0.2382083,3.2504897,0.8637843,1.0561707,0.71784604,1.1979859,0.6216439,0.3036944,0.040452547,0.5323452,1.683102,0.3825755,1.4143465,1.208014,0.94115525,0.80994743,0.33893713,0.39229,0.08625229,0.4984393,0.95252365,0.2715333,0.34814346,0.43678507,0.007159919,0.75231946,0.6229988,1.8991004,0.0,0.88990235,0.5983179,0.27309102,1.8048868,0.4607857,2.2758183,1.2878,0.025245681,1.8477907,0.39866257,2.2100427,0.38780263,1.4992764,0.7772106,2.2278578,0.01999893,0.015568997,0.90386873,0.114013925,4.33147,0.9538221,0.46453834,1.5808371,1.4904531,1.1917149,0.24099681,1.0746672,0.2153864,0.7505588,0.37922916,0.0051916325,0.8243132,1.178126,0.25324577,0.38334608,1.1702727,2.2772903,2.2741804,0.801102,0.25891268,0.74843544,0.30763748,1.1037002,0.83465433,0.1352694,0.3755924,0.18618844,2.4886804,0.37763914,2.3158436,0.027207633,2.6120763,1.2097924,1.104632,0.5320794,0.32040542,1.0440946,1.8527659,1.1931456,0.47907233,1.0333308,0.3739427,1.6090779,0.1356889,0.5283431,0.86817807,0.86175,0.10936601,0.4576816,2.620738,0.3161351,0.34314957,2.2308092,1.4963242,0.05386547,0.03183093,0.61018485,1.565286,1.228451,1.5276494,1.1827189,0.5328569,0.1567151,0.17619316,2.075609,0.2688254,2.0552826,0.1106913,0.9172372,1.2981776,0.47179073,2.8840337,0.6989378,0.59500915,0.565669,1.6608124,3.0607772,1.2725824,3.452179,0.92970663,0.12975062,2.1884894,1.0974422,0.54777807,1.567445,0.6408678,0.005245195,1.1112717,0.43580845,2.0564964,0.29637545,0.14917731,0.32132635,0.6391651,1.0317873,0.21629131,0.94593185,0.15369634,0.32945606,1.2596794,1.8664974,0.25941685,0.234657,1.9754908,1.1550852,0.38080862,0.6877989,0.31574908,1.0557976,1.4166198,1.1010352,0.4861172,0.009496398,0.3419645,2.523254,0.5996535,2.1367679,0.1479899,1.4703817,0.87194246,0.87036437,0.41027045,5.610218,0.5626845,0.905883,1.6947011,0.43222302,0.27401116,0.28556517,0.67539215,1.0350723,1.004991,0.27014425,1.474872,0.70421225,3.0839663,2.6993916,0.72106075,0.76877564,1.4652232,1.7487139,0.9922445,3.26368,1.910321,1.7986318,2.7604918,1.427386,0.27920455,2.9479887,1.3730413,0.054132957,0.7452406,0.6533878,1.0495626,1.0369645,0.39296076,2.2254908,2.4957244,0.36584565,0.74963075,0.39091194,0.48068213,0.2846522,0.74906486,1.1877024,1.5235186,2.8069744,1.7478013,2.2085166,0.029171374,0.34224528,0.0,3.0392222,1.4718091,0.7227305,0.5924186,0.018730646,1.6041551,2.047318,0.07147777,0.5832818,1.334397,1.1538475,2.0386317,0.5237719,0.32474753,1.9490993,1.125914,1.9196972,2.6117601,2.9531589,0.02908183,0.45921007,0.35138747,1.2646799,0.20358658,1.1732312,0.96308464,0.34038237,all_pothole_images\pothole_images_new_image_873.jpg
0.013037902,0.70471776,0.21188825,1.1015987,0.1016154,0.20680952,0.6211218,0.14265257,0.4411246,0.86636823,0.08139823,0.08273425,0.0,0.5476119,0.04881341,0.7212817,0.059941705,0.5067375,2.889,0.69239515,0.03973029,2.9695628,1.0162183,1.1025555,0.16886915,0.28923628,0.011698332,0.05577719,0.011264845,0.9139721,0.10475957,0.024372509,1.4226218,0.024479523,0.7930089,0.29508686,0.5624066,0.17738985,0.011264932,0.34081957,0.0,0.17551348,0.24374974,1.9242896,0.1633661,0.32388005,0.5966403,0.0,0.0,0.03241105,1.308401,0.24273849,0.16828455,0.2293758,0.14464438,0.50312406,2.2280765,0.17682241,1.7931861,0.22548525,0.080036104,0.7402655,1.1430284,0.0058391443,0.11085228,2.2501204,2.7808533,0.0,1.1047194,0.3332486,0.0,0.0,0.003040737,0.37833315,0.075139,0.50336975,0.153453,0.43984556,0.01898795,0.21102905,0.49577662,0.114908524,0.00693838,1.4522982,0.46438283,0.00037653712,0.30619162,0.0,1.3781314,0.29241824,0.0,0.49101973,0.0013420917,0.0,0.008216073,0.006474366,0.9903074,2.1620748,0.5994869,1.1854646,0.03491593,5.7635303,0.20764068,0.4003217,0.22777392,0.28643855,0.0037603313,0.0021618407,0.042341914,2.2798297,0.0,1.0796112,0.3315569,0.02612598,0.4758703,0.23190717,1.1313858,0.0,3.465018,0.9081478,1.46776,0.31823558,0.27652746,1.9155515,0.39711812,0.60919315,0.6064724,0.06607823,0.9628838,0.15803766,0.091140375,0.53877467,0.07080799,0.31518558,0.022447525,0.48372984,0.0037366173,0.8128117,0.47454163,0.31138584,0.28378925,0.16225173,0.502306,0.6421608,0.08544381,0.4324279,0.10727389,0.6159457,0.13619047,0.18624423,0.084366895,0.075248584,0.046933338,0.008777763,1.9523773,0.2741717,0.41002437,0.50024617,0.008662933,0.13878977,0.448216,0.1498929,0.0,2.7893474,0.28877258,0.032100674,1.1063173,0.6589496,0.47181654,0.57995576,0.29381776,0.0025214427,0.0,0.04714323,0.40621224,0.016256498,0.008111163,0.0,0.10629458,0.002249546,0.27009764,0.95710516,2.3175383,0.61797076,1.2672261,0.00032911933,0.30177122,0.171329,0.5777458,0.96926206,0.2459123,0.21121171,0.1306426,1.6786575,0.51482725,0.016145438,0.44835,0.0,0.04388954,0.62695676,0.09375223,0.73682994,0.80098367,0.096268825,1.1796445,0.4351547,0.019749867,0.6620794,0.7347749,0.1572918,0.030611252,0.4352585,0.15012439,2.298576,0.60350215,0.54420704,0.43088213,0.34597707,0.0,0.0,0.5855661,1.1370511,0.8491453,0.14875704,0.037807837,0.019470645,2.4806488,0.059489496,0.92593586,0.0,0.0022029865,1.152619,0.00023393829,0.021092903,1.765165,0.006310901,0.5320427,0.047727093,0.0,0.20135489,0.17231941,0.0060392953,0.07214106,0.6351194,0.31499386,0.01778638,0.20915082,0.053125765,1.0326278,1.9945507,4.6635413,0.032261327,0.008330659,0.0023199397,0.0,1.0582825,0.41131288,0.0,0.69775444,0.9916237,0.08411933,0.0049853935,0.42910072,1.5278305,0.20545433,0.17859036,0.081086434,0.040884368,0.14257386,0.41000533,0.91153777,0.004688642,0.15190648,0.38699105,0.3980189,0.00404214,0.3356999,0.3907022,0.040174566,0.06356697,0.43054113,0.25203323,0.0,0.2872292,0.18510947,0.0,0.22018932,0.47503483,0.30088818,0.0,0.20000963,0.07177364,0.061976023,0.5627912,0.01549538,0.42038873,0.15397839,1.6773611,0.004281877,0.6939772,0.010748134,0.124500066,0.0002331923,0.020469597,6.3099556,0.9262146,0.26973382,0.17719042,0.05165964,0.04629585,0.49221733,1.069106,3.183304,0.339003,0.16787136,1.2379816,0.051612083,1.652596,1.9298539,0.026221078,0.47334903,0.80623513,0.0,0.0,0.77529985,0.65400547,0.84459496,0.07538823,0.3802525,0.003412635,0.52841395,0.54394704,1.780146,0.043836407,0.11106016,0.7339532,0.62542343,0.6120614,0.027076073,0.9561334,0.056312554,0.53737843,0.95080876,0.002932669,0.28330866,0.0032331138,0.03265116,0.0,0.0,0.4134802,0.2389428,0.0,1.2868242,0.45585275,0.13202529,0.8554214,0.27391744,1.2175345,0.01773559,0.0052257916,0.6102675,0.09356951,0.35169905,0.02987341,0.19925228,0.1561359,0.89288765,0.27116868,0.28433132,0.31493223,0.70096713,0.08780937,0.44591346,0.2468684,2.2669647,0.0,0.0,0.15796681,0.63137937,0.95920867,0.05214501,0.15685643,0.06137547,0.07567554,2.6053884,0.05223252,2.2606375,0.10408904,1.472013,0.57826626,0.209272,0.0,0.0,1.0275174,0.009774746,0.010380691,0.6600091,0.027842823,0.4948581,0.065778404,2.1890063,0.3205009,0.07172244,2.0121386,0.001792986,0.12982978,0.027544217,0.15896255,0.1649654,0.46377698,0.1012647,0.21190739,0.0,0.5492479,0.0,0.57317,0.31914285,0.57958984,0.04690746,0.06617393,0.7958127,0.015174409,3.9939048,2.3653686,1.0374677,1.5254775,1.4966884,0.486892,1.0593104,0.00043417027,0.47456136,0.3014786,0.014363001,0.91643167,0.03519407,4.0698895,0.09782022,0.01147685,1.1942817,0.17443983,0.10957267,0.025449906,0.18628393,0.23918134,1.4026109,0.1961256,1.5831295,0.16539823,0.0,0.4040823,0.0075883153,0.05183178,0.4128062,0.31264985,0.0008138057,0.9460598,0.514046,0.017829115,0.35913062,1.2801757,0.6337744,0.14921941,0.095327154,0.03468585,0.055349566,0.8406981,0.0,0.30977657,0.0,1.1289456,0.5134034,0.15703335,0.51551217,0.09736711,0.06241573,0.49456888,0.05172638,1.1940325,0.570758,0.5718335,1.0761908,2.9673338,0.5490241,0.05589589,0.0,0.041321345,3.189743,0.043379575,0.11933993,0.10416439,0.25942987,0.62491274,0.08473075,0.072610386,0.0044801817,0.01271217,1.4245098,0.0022554416,0.047142386,0.035945255,0.4069822,3.6998932,0.34269553,0.15445676,0.3649342,0.41781962,0.02666426,0.66127175,1.3184689,0.47185656,0.7689161,0.41910404,all_pothole_images\pothole_images_new_image_874.jpg
0.9101921,2.21275,0.52091783,1.518089,0.10777535,0.54911315,0.53779954,0.0,0.47366047,0.4156947,0.67212945,0.28271276,0.3779802,1.8202775,0.3835638,0.30286407,0.44179258,0.104759775,0.5677431,0.6370791,0.31875893,1.4677277,0.2499026,1.4497905,1.0359119,0.29108346,0.7819783,1.7192928,0.37503195,0.9776686,0.8637554,0.1024868,0.7531044,0.06953544,1.2328401,0.0067109126,0.23981768,0.75464815,0.030548925,0.82280576,0.0,0.20689863,0.24121787,1.5398927,0.57905984,0.08242934,0.093473576,0.3341899,0.10988718,0.3055128,0.3666489,0.44463706,0.77244115,0.22833437,0.3898669,1.9313707,1.7299453,0.44524378,0.61569315,0.60881966,0.12138643,0.51150304,0.5753637,0.14738144,0.4837472,1.8990537,0.6130549,0.46269637,1.1337401,0.6176814,0.37545025,0.8435194,0.5229388,0.44396862,0.16230278,1.1051387,0.3133641,0.5180646,0.002005698,0.30081165,0.2773888,0.45767358,0.07619795,1.3976133,0.5609455,0.6815755,0.30302677,0.49781877,3.5203993,0.2986885,0.36257833,0.26208368,0.62689567,1.2277116,0.03840889,0.18469316,0.38311082,0.66162217,0.9823551,0.7903716,0.06763095,0.7909915,0.2084653,0.87778854,0.53615195,0.5671278,0.51806796,0.090465836,0.0134807965,0.7142723,0.12786788,2.1303973,0.4015006,0.40152246,0.5514355,1.0910201,1.8563039,0.13727254,0.35773027,0.28740588,1.2537427,0.35343722,0.4963016,0.84140855,1.0753651,0.6035842,0.40357503,0.4772812,0.1767315,0.43741623,1.0426327,0.58065224,0.3503266,0.17329569,0.24763629,0.7134127,0.40758857,0.52572733,0.91308236,0.48588213,0.08360641,1.5160916,0.15525858,0.5402819,0.13570932,0.98145914,0.4249322,0.02000313,0.6911702,1.0874918,0.2287975,0.65675455,0.010540339,0.3992274,1.0948906,0.27160484,0.3604746,0.17167495,0.5880447,0.7588895,1.7975953,0.49712402,0.16728127,2.2426798,0.26912832,0.58928883,1.321084,0.07269067,0.38376504,0.75196564,0.021935817,0.014639467,0.5645976,1.0526812,0.78045356,0.29851422,0.88513523,0.07813998,0.10129315,0.6212352,0.3582796,2.2760105,1.4255402,0.9711671,1.1333069,0.858005,0.062354963,0.03941426,0.7215859,1.0777638,0.75693077,1.1905313,0.14062344,1.3518515,0.050838314,0.07530792,0.35825378,0.5681106,0.19099388,0.8893637,0.1955178,0.5820964,0.013823874,0.3861759,1.0362322,0.63299316,0.5576769,0.15547448,0.34717816,0.0,0.26017028,0.3175859,1.0371082,0.13772658,1.1423157,0.9957439,0.4215672,0.3939489,0.39074993,0.19643503,1.1258569,0.09638482,1.0595053,0.87067646,0.7100637,0.9862362,0.5961007,0.7131617,1.4417694,0.024795525,0.0952503,0.38943914,0.7238682,0.33561072,1.4949216,0.6511234,1.4440653,0.057646483,0.015997477,0.0032185633,0.03835539,0.50016785,0.174733,0.1613436,0.483709,0.10692511,0.9379125,0.2569037,0.6676647,3.5152743,0.4888443,0.19980554,0.83459425,0.101708636,0.20286486,0.0056116777,0.71438307,0.84602225,0.5059527,1.1509073,0.35543698,0.10625278,0.84112626,0.039427795,0.36811212,0.3872903,1.4002117,0.43842798,0.8288064,0.45600605,0.6367405,0.0,0.052168388,0.052087057,0.67694825,0.69574434,0.47734788,0.3661615,0.9954437,1.0486162,0.7189202,0.31290066,1.0873849,0.1555189,1.1467484,0.64072186,0.32435837,1.132213,0.6342047,0.7169515,0.5508158,0.13701747,0.5270129,0.39892983,0.33051673,0.5628483,1.459939,0.82034457,0.4290248,1.9367021,0.3541634,1.2129608,0.10451307,0.7124451,3.922924,0.3103417,0.002545098,0.9622284,0.5588342,0.003810801,0.7093196,0.06253526,2.6566741,1.0181621,0.05981122,0.47418538,0.3486792,0.6416671,2.207429,0.5428961,0.30668867,0.26650295,0.044898942,0.16448525,0.83807075,0.5803966,0.32008052,0.46831653,0.8218202,0.4888592,2.9167373,0.34816003,0.37614468,0.46756566,0.83351034,0.24430333,0.9586694,0.6768988,0.3120693,0.38212234,0.86550385,0.62261945,0.97096264,0.39720815,0.1465189,0.72067064,0.3813668,0.3994343,0.0050419243,0.41137987,0.0,0.7723602,0.69268084,0.5863951,0.150705,0.12413593,0.48695537,1.0454472,0.10968461,1.0207515,0.25869128,0.084475264,0.10105824,0.2690906,0.0,0.47780582,0.8014722,0.1455982,0.42946896,0.2860457,1.3736573,0.88362056,0.69267625,0.03399021,0.75466305,0.5979361,0.0,0.49870494,0.40726095,0.24327227,0.35054573,0.73257476,0.20844463,1.3163321,2.2030091,2.2913766,1.1771449,0.7053129,0.13432167,2.5303514,0.87554836,0.9740278,0.16374134,0.18981814,0.023273459,0.18112577,1.2265271,0.13911302,0.41579223,0.01618238,3.0736582,0.40478,0.50004333,0.8026717,0.46809903,0.43290094,0.30818063,0.6089443,0.009687726,0.41676876,0.079078354,0.34188068,0.4239422,0.48995584,0.070633866,0.59630597,0.64820683,0.2678154,0.88952947,0.123279855,0.8305962,0.36474407,1.4798539,1.8201157,0.82994473,0.5093296,0.88821113,0.6072068,0.4785319,0.31662163,0.0134289265,0.5375244,1.6254232,0.7184831,0.04124244,3.2648878,0.5017549,1.0423741,0.12875827,0.31011865,0.9538555,0.09922339,0.3572004,0.38726184,0.26541564,0.08223836,1.0496728,0.90974766,0.34583476,0.23870043,1.4973197,0.3056412,0.99675715,0.64256525,0.17362455,0.46595263,0.23377955,0.42363268,0.08482743,1.010472,1.2809962,0.1751826,0.25518924,0.24079293,1.1593828,0.37612575,0.680889,0.28969556,0.2630001,1.6518809,1.1065902,0.6199234,0.1372134,0.3839736,0.6385528,0.44118482,0.25974,0.95357084,0.21498366,0.31397736,0.94609535,2.1392572,0.6611971,0.9186334,0.012815553,0.75887203,0.32626683,0.4563097,0.52262497,0.07478717,0.9744561,1.0722078,0.42948392,0.019607754,0.16412102,0.15263839,0.9477023,0.008380898,0.30238065,0.35562515,0.5463549,2.793793,0.7751939,0.9547771,0.24673387,0.3982716,0.30428386,0.58713084,0.74699664,0.2009275,0.17485067,0.17844066,all_pothole_images\pothole_images_new_image_875.jpg
1.3798513,0.54371256,1.6643764,0.6365552,0.14986572,0.67814106,0.86466277,1.799611,0.985088,0.79359436,0.4024843,1.5685633,0.16304183,1.4318757,0.76116544,0.98339653,0.13450445,0.81010646,0.3133214,0.28782976,0.8814035,0.9784429,0.10315426,0.9065311,1.4541943,0.5931075,0.58137435,0.16351809,0.47524035,0.43186924,0.081283614,0.9243813,1.5033933,0.31411076,0.007365644,0.40430605,0.035503477,1.7961794,0.004258814,0.93558097,0.8617177,0.38521644,1.7695147,1.3833328,0.8898159,0.23881736,0.56565917,0.67969525,0.3233573,0.5408691,0.017909493,0.21807113,1.1063623,0.52233225,1.2337091,0.50039864,2.7110426,0.29328865,1.687444,0.5449323,0.37841135,0.024758907,1.3449526,0.98543376,0.015466238,4.910675,0.0,0.8904596,3.1471817,0.07060369,1.047914,0.44872755,0.41155207,0.4798967,0.8531237,0.44714156,0.09808379,1.0289512,1.4777712,1.8270733,0.79562503,0.0,1.6789064,0.74361527,0.97921455,0.46486765,0.52929,0.047899157,2.7068665,0.48346117,0.22123232,1.331358,0.06898079,0.4761978,0.8348474,1.6460917,0.47350806,1.1784182,0.70598423,0.35901183,0.7693764,2.7994084,0.35749412,1.6204536,0.022110257,0.39156145,0.41906118,2.0837224,0.43502516,0.18089952,0.0,3.603113,0.11004292,0.115353055,0.66074663,0.03286819,1.4526124,0.31882718,1.5075428,0.6827563,1.9320879,0.020238323,0.52919704,1.8531728,0.14294581,0.05172308,0.039586868,0.7795396,0.9686635,1.5341613,0.41187808,0.11655048,0.5084957,0.03262998,0.03654621,0.052754708,0.21687901,1.7420601,0.39722916,1.4779146,0.08505469,0.5001826,0.12366316,0.02152357,0.4024044,1.1850094,0.91733795,0.6367279,0.08917612,1.7723613,0.9495446,0.3749002,0.4120929,0.31303996,2.114511,0.95007974,0.108858526,1.4901657,2.127576,0.07456332,0.9149766,0.93235075,1.7574428,0.19183321,0.9621305,0.50325507,0.21430635,0.9316074,1.2338737,0.5176899,0.50249213,0.4113434,0.049462873,1.1446953,0.23303029,0.70422083,0.47952285,0.100378275,1.5561383,0.4271833,1.2851863,4.4830513,2.1567736,1.7316281,1.990077,1.2690973,0.8269583,0.7590124,1.8021586,1.0180107,0.4339403,0.08419431,0.09209072,3.3670368,1.0795993,0.5485778,0.48620504,0.7290534,0.6922305,0.48397228,1.414382,0.37521458,0.57461065,0.72237283,1.383729,2.2818217,0.51668936,0.20093864,0.0,0.6741415,0.6374623,0.6991234,0.535476,2.5988288,0.7535945,1.6244081,0.20855841,0.0,1.4352037,0.42221037,0.14839604,1.2447876,0.29821673,1.4639363,0.31167424,0.06674796,4.592104,1.7621863,0.038025964,0.6083789,0.51270634,1.0143864,0.265289,1.4029479,0.10571261,0.58758354,2.4819176,1.2289468,0.77669555,0.0,0.22480458,0.60925835,0.0,1.8981482,0.13563667,0.43421203,1.4989508,0.47625574,1.6110793,1.4379531,5.677728,0.5342615,3.0765595,0.092072174,1.1076794,1.3194438,0.49146327,2.8568249,1.0886908,1.3161155,1.3142745,0.041124903,0.60884297,3.0831294,0.83881927,2.2173653,0.100465685,0.6156131,0.42501575,1.2150052,0.69282484,0.68038774,0.31427637,0.06799138,1.3264924,0.74559313,1.860305,0.18700743,1.0813913,0.47654203,0.031132678,0.6499058,0.08738136,1.2655462,1.6548797,0.19689536,1.5274268,0.47097856,1.4781612,0.01247155,0.29472476,1.1950946,0.9610451,0.7422778,1.6915451,0.34656098,0.5151526,0.98696506,0.33191326,0.6409111,0.09045084,0.14282654,0.42181143,0.39598897,0.22513677,2.1569943,0.14844535,1.4957277,1.6202699,0.11205855,1.4279538,0.7702868,0.9804437,0.7785993,0.0,0.5379813,0.3027475,0.7211078,0.98616725,0.24189444,0.152582,0.5669582,0.07455157,0.444934,0.70372707,0.3056127,0.3905255,0.118798845,0.2263695,1.6724432,0.65933204,1.5300156,0.05614424,0.1413198,0.13581663,0.64495873,1.3668907,2.197241,1.0831503,0.44485185,1.003931,0.74480796,1.3650981,0.0,3.4090314,0.011504526,0.633729,0.21946703,0.2401346,0.01756489,0.6630425,1.8869914,2.049629,1.3705792,0.61741555,2.6846905,0.32862028,2.6708128,0.41275048,0.4491602,0.59939384,0.23447727,0.5970703,0.21830453,0.15927048,0.20945717,0.5206882,0.16992322,0.6304772,0.405771,5.476345,0.313779,0.1408528,0.020516088,1.8834021,0.31342715,0.041859206,1.0154074,0.22222316,0.18684103,0.24583018,0.5303167,1.0308169,0.6987808,3.4581473,1.4754716,0.09893353,0.0011162793,0.15632989,1.8087118,0.92428696,0.89920527,0.37330553,0.67005235,1.6495231,0.52868086,4.508581,2.1025393,0.013590389,0.22585198,4.613626,1.0141735,0.1685334,0.84953195,0.12569799,0.0051453253,0.21451455,1.1349543,0.07086488,0.4162881,0.54799503,0.3735123,0.8595246,0.55267787,0.123895235,0.62236464,0.58014894,1.0206695,0.7310252,1.2910119,0.4515676,0.24215814,0.47792348,1.8625759,0.6613994,0.04167687,1.0337583,0.8274514,1.7118146,1.314739,0.0,0.63208157,0.5921154,0.8418378,0.9657954,4.4714136,0.37950617,2.217336,1.3187044,0.33329126,0.557972,0.8563245,0.0,0.11400357,1.7808622,0.06054742,0.863091,0.23291673,0.10592475,2.8409088,0.103318736,1.0752988,1.3402582,0.9536153,1.502387,0.6198156,0.7179475,1.7640449,0.123762615,2.533247,1.219726,1.2984855,0.7753963,0.03768545,0.20285638,1.7508545,1.2736259,0.38258374,0.97434515,0.44864336,0.7812198,1.0354737,0.38513452,0.070368424,0.73567617,0.28620806,0.23877743,2.019222,1.5556382,0.15459348,1.4770916,1.884859,0.028976517,0.6109293,0.36648387,0.33132076,2.537238,0.9133922,4.323753,0.0,2.0739954,1.142634,0.023803925,0.36477664,0.7360502,1.6147326,0.4138883,0.005366371,0.19227856,2.6321476,0.51428884,3.7470164,0.81371665,0.30984733,0.113634944,0.7290096,0.10616596,0.31302387,0.5520805,0.31814414,0.5283672,1.5835998,all_pothole_images\pothole_images_new_image_876.jpg
0.9765007,0.78838456,0.05090449,2.0734627,0.28718114,0.5953362,0.5632628,0.25981227,0.23968019,0.7809451,0.057793923,1.8795173,0.27589,1.8999708,0.14053518,0.5407435,0.17522521,0.09848337,0.74216086,0.17311962,1.1617517,2.6751254,0.10101573,0.86966,3.4479244,0.08146174,0.6497038,2.50248,0.4017927,0.6056382,0.50109553,0.07663431,2.0426292,0.14203404,0.46535978,0.7652672,0.3524837,2.3485577,0.70991766,1.5865784,0.0,0.09614364,0.36142722,0.8001081,0.7192539,0.6119245,0.008902098,0.69296324,1.5278989,1.2532055,0.41474712,0.3652102,0.26640555,0.025839245,0.0,1.6264421,1.5687696,0.040085413,0.29000816,0.08188631,0.04815081,0.014687882,0.5241371,0.1305406,0.4065684,2.0080426,0.1834673,0.07400279,1.71511,0.17488047,0.36389688,0.24985017,0.18850479,0.39253047,0.87791365,0.98636234,0.06301482,0.24000768,0.005836477,0.42537123,0.314872,0.08352772,0.039108332,1.718518,0.72468776,0.14146361,0.44680497,0.56842506,2.4940932,0.28761366,0.6303337,0.4553077,0.050158996,1.1918845,0.1407875,0.0017525833,0.62478775,0.2114974,0.3714971,0.8211615,0.6745202,1.5957408,0.6700254,0.07571454,1.1448898,0.095855914,0.16568884,0.184303,0.013285506,0.9405196,0.04060934,2.3570378,1.8657614,0.5735271,1.0265694,0.13721703,2.3081663,0.07025114,1.2767262,0.90854293,4.2676005,0.9700105,0.29635188,0.91744435,1.4034586,0.08526224,0.78922534,1.1306571,1.2998251,0.08179329,0.14195473,0.08577555,0.07938451,0.053496853,0.25958988,0.4127396,1.1970531,1.6937785,0.33361816,0.074464776,0.06413088,0.48108298,0.00032664227,0.43524054,0.8179917,1.1479172,0.21225734,0.1687529,0.6626206,0.19884211,0.589864,0.5775817,0.11113108,0.00019574305,0.8317267,0.11738814,0.84189713,0.5593785,0.4626779,0.85431296,3.1834595,0.7310713,0.79183173,2.650186,0.3589703,1.3747045,1.0725011,0.09438211,2.2871027,0.72063124,0.0029118648,0.0,0.18594489,0.5044689,0.78522825,0.17171723,0.6823914,0.029605508,0.117883794,0.32418543,0.07299187,2.2787344,0.47372198,0.42917633,1.4811271,0.55667585,0.40546867,0.12885974,0.099673815,1.1462892,1.1976038,0.61332875,0.450455,4.509632,0.114171326,0.8745619,0.15519726,0.88949645,0.23646127,0.40833467,0.9951494,0.58016354,0.35417697,1.526625,0.40620264,0.45598507,0.6553877,0.28680348,0.12192224,0.110950515,0.15059707,0.06368782,0.6993651,0.32399622,1.2107505,2.264682,0.8929769,0.039149467,0.0417679,0.00089554104,0.11670788,1.0607281,1.6570396,0.26895106,0.044203892,0.52516806,0.5975281,0.6057589,0.83263624,0.8235392,0.08693245,0.5747088,0.31668004,0.583743,0.13050894,0.33346328,1.5309016,0.12506223,0.0500415,0.0063792416,0.12266332,0.033119585,0.5893801,0.091914415,0.32289162,0.005240079,0.7946215,0.4947412,0.7118591,3.506765,1.0112914,0.30420378,1.6607635,0.0006504793,0.22977486,0.4876713,1.3100648,0.4564616,0.33771023,1.9807761,0.6054401,0.026552057,0.5177031,0.12698516,0.20091683,0.35980976,0.23482306,1.1295198,0.18339011,1.3693097,0.2606493,0.0069621396,0.24675143,0.6086813,0.8396558,0.7682221,0.38696074,0.41622162,0.089457825,1.8152585,0.44701695,0.050846886,0.82694227,0.26299915,0.97240895,0.18693489,0.94830465,0.5607633,1.3755121,0.09600836,0.047520857,0.08852731,0.58069074,0.84251153,0.25235555,0.05730737,0.5580013,2.6608896,0.04376165,1.4252005,0.38496578,1.7781987,0.3207237,1.494988,3.8744357,0.24255247,0.1293689,0.831215,0.09168741,0.143903,0.889443,0.8850126,2.0894022,1.3268071,0.10722709,1.1816963,0.0,1.286639,1.7610708,0.044433575,0.19695698,0.044098113,0.16469736,0.8122884,1.3989458,0.13632604,0.41534767,0.26413107,0.061726246,0.12483007,2.493722,0.7996333,0.15430304,0.06434778,0.7434476,0.38841987,0.40272233,0.8761523,0.13893403,0.19912134,0.078287445,0.45617807,1.7348984,0.46600038,0.9316366,0.031488363,0.0,0.18048108,0.85347086,1.0291317,0.8722283,0.575611,0.34721965,0.56684035,0.6341855,0.015628727,0.22535868,2.4930842,1.0830678,0.6988976,0.49145973,0.52915883,0.48753437,0.033661284,0.010796158,0.036834665,2.8243704,0.1504617,0.1288821,0.52495146,1.6465968,0.14112903,0.19123538,0.0045826877,0.30086502,0.19372435,0.029109458,1.1697423,0.06334747,1.30056,0.75280994,0.036949433,0.8676295,0.95215255,4.350937,1.3858026,0.44964918,0.049140938,0.29801947,2.3011825,0.9660996,0.8192389,0.03756801,0.12964143,0.61839306,0.18142569,1.6593553,0.50537723,0.092743345,0.074662186,3.7271821,0.7650056,0.29586294,0.7824956,0.25580427,0.052284803,0.088708594,1.1931375,0.64430743,0.18725955,0.1356461,0.4838255,0.2456287,0.8274013,0.17607296,0.39346075,1.1829387,0.01749618,0.45805147,0.17568533,2.6863778,0.29207382,0.60029614,1.9419862,1.6198194,0.12888384,1.2938199,1.3810666,0.38032433,0.84780604,0.15684128,2.1965134,0.3649477,1.0445926,0.6998091,3.0340457,0.74830955,0.3953972,0.38870308,0.11257236,1.0451384,0.40022594,0.21896702,0.959812,0.60578585,0.04012676,1.4015975,0.7488083,0.30159456,0.87844956,1.1041983,0.3125815,0.39542133,1.1305659,0.81968826,0.37526017,0.537465,0.3249855,0.8351817,1.6958331,1.1583445,1.1339836,0.26724046,0.0039701457,0.519834,0.60028064,0.24568889,0.016920738,0.28633696,0.36353877,0.49312586,0.9766396,0.0017928876,0.25325048,1.3482808,0.10253688,0.12914635,1.277165,0.02985818,0.075518705,0.17940688,2.3439841,0.05990226,0.5723556,0.024664266,0.2778662,0.704592,0.0126305455,0.50140625,0.0,1.1337934,0.27456295,0.65068436,0.036345903,0.07489755,0.4560244,0.200095,0.2691305,0.5509683,0.37186322,0.24580546,4.6218467,0.93545234,0.0029061867,0.5641986,0.13475163,0.07364669,0.59312296,0.15193719,0.22102597,0.7814736,0.9065835,all_pothole_images\pothole_images_new_image_877.jpg
1.9841127,5.048181,2.93089,0.50662434,0.2677806,0.35953224,0.2335521,1.3444855,0.42021948,1.2086824,0.63008296,0.26013562,0.49167234,0.72372484,1.1618218,1.1555963,0.6794017,1.6119474,0.03404288,2.5457067,0.535205,2.0165627,1.1735402,1.8851537,0.024253871,0.91196555,0.06254731,0.36572686,0.16542919,0.89107573,1.7866827,0.2577496,0.007709899,0.8916327,2.6423037,0.44053695,0.3972315,1.6636037,0.5587566,1.3535612,0.72341055,0.6595171,0.9205219,1.3147799,0.31093436,0.9700798,0.1408708,0.46195126,0.3942102,0.39398044,0.52710176,0.75406975,0.5007688,0.89412564,0.59168196,0.83498025,1.105877,0.070614666,0.89324725,0.74212927,1.0289499,1.2244499,0.33076563,0.68613464,0.13962494,0.9357513,0.67926824,0.46822488,1.9384884,0.34441698,0.06351625,2.4291599,0.8352455,0.0,0.50990015,1.7902676,1.2227063,0.073820144,1.3746731,0.86764663,0.8768149,0.18168896,0.6607774,0.27273002,1.0574864,0.70950735,0.43986395,0.35306197,2.3409991,0.5255317,0.6836627,0.43032613,1.7720673,2.6027892,0.46220466,0.1465675,0.95031774,3.2868664,1.8437686,1.3884017,1.2169923,0.017567867,0.3733708,0.11508912,0.54516965,1.0105834,0.5271904,0.0017131224,0.024378387,1.6906,0.2810803,3.0929255,0.14919384,1.5433725,0.0072505055,0.4592869,0.96643394,0.049720287,0.46919745,0.100752205,0.2744944,1.4506462,1.2860066,0.40539938,0.6650838,0.4371684,0.36521968,0.6928271,0.017984187,0.5155492,1.5057226,0.58096296,0.6475904,0.22852601,2.3019302,0.53604555,0.1642631,0.55767375,1.96287,0.3365718,0.50860196,0.33540395,2.258553,1.6069475,0.5470518,0.06395048,1.2694938,0.123873815,0.18566847,4.0686665,0.24081337,0.5138533,0.069891244,0.778472,1.2220808,0.31294286,1.1306006,0.5724778,1.2815138,0.07583813,0.8923021,0.99595344,0.5935031,0.7601042,0.13539357,1.0987118,1.07759,0.23258981,0.78245455,0.9303903,0.9065127,0.4808247,0.86257654,0.9682962,1.6233366,0.56858724,1.2121521,0.27862194,2.2991512,0.5071051,0.6799421,0.43683624,1.8727682,2.337017,1.5755305,1.3955978,1.0058227,0.63670063,0.8622424,0.8765687,0.38936043,1.1594087,0.15119666,1.503718,0.46432877,0.9218952,0.2528754,0.99810094,1.0801257,1.2132039,0.12992497,1.969472,0.62979543,0.53715473,0.3407814,2.7704918,0.24956158,1.2276872,0.036928684,0.6184607,0.7561797,0.9823324,1.6229876,1.1760322,0.052610688,0.4986312,0.36731464,0.34593976,0.9260006,0.018865325,0.49116087,0.79567844,0.9071714,1.1579063,1.240241,0.92590564,2.7255971,0.29024854,0.53481066,0.92094606,0.38463482,0.35632038,0.80884403,1.331236,0.36769947,0.521508,0.09843559,1.6281283,0.53174514,0.06849663,0.005116819,0.2042819,1.0480084,0.41745177,0.33293882,0.9543261,2.7016695,0.546196,1.5807796,0.6983773,0.19929746,0.70244586,0.43129337,1.1800647,0.78250855,0.67161435,0.74831885,1.2870805,0.82927454,0.5829269,1.174283,0.52456,2.315174,2.02695,0.115878016,1.2973533,0.69606376,1.2398617,1.4769815,1.2573284,0.08865475,0.8391066,0.065601625,0.5740689,0.2771172,1.8915696,1.301791,0.4509242,0.84608394,1.2949545,0.036564805,0.2981592,1.2349873,0.17002323,1.284964,0.20486711,0.06423617,2.4291728,0.15701193,0.0027522198,1.0434594,3.0769258,0.41446748,0.19692783,0.3558527,0.10088765,1.8907002,1.1517196,2.9775963,0.20173836,0.019397022,0.4141878,0.76171374,0.6693859,2.0354786,0.16598487,0.0,1.6659503,1.2818829,0.16058007,0.43795732,0.01583618,4.605107,0.37085295,0.2139829,1.0518904,0.83969456,0.0728381,1.5063548,1.6570809,0.78751665,0.2882694,0.0,0.6659376,0.37347198,1.4817426,0.06391458,1.3348454,1.0993109,1.1579561,1.6124445,0.39036044,0.46203503,0.53309333,1.7176437,2.304668,1.804228,0.35903502,0.6973687,0.029350778,1.9978888,0.95351714,0.9302166,0.91075146,1.5671443,1.1318594,0.7724965,0.013420317,0.64374864,1.7058086,0.09588127,0.2546567,0.79929847,0.16156593,0.5086325,1.5651765,0.6799884,0.69126004,0.31919605,0.14346758,0.5200509,0.88200265,0.33373454,0.66920704,0.53514,0.033085804,0.9637653,0.39632127,0.345775,0.4264122,1.9871751,1.4334623,1.0845459,0.073859565,0.3178434,0.9483186,0.7309126,0.24794784,0.60778415,0.68532103,0.95594364,1.847185,0.6673221,1.6280551,2.274917,0.42490596,1.077063,0.61274415,1.153946,1.314665,2.939202,2.3414378,0.7579034,0.37285817,0.9769779,0.5266211,0.6897881,1.3822949,1.2980318,0.24899828,2.3032317,0.5135203,0.6527136,1.1911217,0.4825494,0.6850411,0.7574662,2.9795923,0.4622839,0.5838431,0.5996793,1.3661481,0.9838532,1.9622701,0.07349211,0.015306091,0.17974173,0.17526782,0.21301773,0.6163783,0.40570033,0.37670788,0.34903187,0.63938755,0.1915575,0.18536694,0.23106788,2.4681425,0.88734347,0.083137274,0.00020580394,0.35529256,1.0176351,0.5359639,1.0852022,2.1318107,0.40479845,0.41627318,0.73720807,0.2033612,1.6072323,1.5541637,0.0,0.49836785,0.33737308,0.0243031,1.6987485,1.0236435,2.4924128,0.24913824,0.78481215,2.0271747,1.5391289,1.0820459,0.33735886,0.9619447,2.0182142,0.21887258,0.0045336178,0.72356546,0.63077676,0.019078262,0.71262896,0.57009584,1.259121,1.2581388,0.7369803,1.3523365,0.83737564,1.9614105,3.2694104,0.7596518,0.74852,0.78466094,1.1742027,0.10813127,1.3987887,0.048918407,0.8997233,0.37731513,3.2058735,1.8502276,0.21550563,0.33404985,0.06476617,0.16562305,0.9882719,0.6779578,1.614115,0.0,0.58748144,1.8511541,0.0,0.94630134,0.21420641,0.34716618,0.06275275,1.6143239,0.5623845,0.07311663,1.0707861,0.76480716,0.2502272,2.3701665,0.09315544,0.6745428,0.31890634,0.8872598,0.27530244,0.9018476,0.087666206,1.0403131,all_pothole_images\pothole_images_new_image_878.jpg
0.0050239926,0.87368673,0.048390117,2.0821507,0.40806583,0.22177668,0.0,0.004538455,0.27253607,0.19587749,0.2738456,0.04896547,0.47859314,0.4203943,0.37926754,0.16331986,0.012067769,0.46336627,0.12704846,0.13479353,0.05371129,0.73190665,0.05177687,0.46144423,0.6936458,0.0687536,0.12880147,0.44688797,0.127083,0.028005896,0.9384317,0.27630737,0.13579676,0.75550485,0.33307445,0.6376652,1.2088703,1.1474662,0.102524795,0.001171591,0.14143685,0.21733946,0.38128158,1.0125625,0.11800793,0.15508722,0.39420408,0.17369476,0.22279288,0.23633261,0.07095169,0.09611013,0.12798978,0.09732165,0.3355029,0.5597559,0.36417925,0.33125103,0.17071265,0.027551683,0.24712126,0.045221888,0.26919642,0.7461533,0.55556226,0.49437213,0.199632,0.062961794,1.1980542,0.31994006,0.88165146,0.04374727,0.13925272,0.2530625,0.5560355,0.16778116,0.0,0.29147547,0.24915841,0.124586746,0.023704171,0.4536794,0.35494798,1.1416602,0.29356804,0.31948853,0.01927001,0.05458753,1.5459616,0.39328068,0.36323357,0.027674207,0.17537639,0.7826737,0.3517525,0.0072157574,0.7909382,0.22952418,0.038295567,0.23052034,0.40710226,0.10758006,0.28981376,0.1840873,1.2149076,0.106165186,0.83795404,0.3526914,0.2071098,0.29758573,0.0,0.20866852,0.3240212,0.029713212,0.5845838,0.18739933,1.8086865,0.2140452,0.66871804,0.24407783,1.6100423,0.014985895,0.4730068,0.19933484,0.2723633,1.4813668,0.003183193,0.69753146,1.0372012,0.26423416,0.03212637,0.022123452,0.13358368,0.013369108,0.5826076,0.8163369,0.09265416,0.80748916,0.016401129,0.0,0.04425626,0.34637234,0.21956444,0.11832813,0.27119926,0.47499573,0.19440506,0.29400826,0.52148783,0.19734274,0.19384886,0.084364094,0.4971176,0.73573434,0.2146739,0.48932445,0.34242687,0.022488195,0.744938,0.6060042,0.48269576,1.35878,0.16037276,0.61653244,0.29837048,0.15483922,0.8627676,0.028698059,0.61737627,1.0477409,0.05412371,0.44031608,0.032223955,0.041677356,0.60315907,0.08339281,0.7394445,0.05951572,0.51789874,0.30221224,0.00035126766,0.66971725,0.90654814,1.1267346,1.8549867,1.6281599,0.04115803,0.20281486,0.3480347,0.28825122,0.061382435,0.31757638,0.31027222,0.4339007,0.38658154,0.44822636,0.6543233,0.025690516,0.32283363,0.26500154,0.9673829,0.53355795,0.7787515,0.993262,2.2291126,0.445627,0.1963589,0.09734389,1.7361914,0.8528214,0.025472362,0.15025912,0.09961024,0.0,1.4376874,0.62958145,0.25157115,0.2817636,0.52276474,0.10548169,1.2916349,2.2307224,0.26253363,0.026202306,0.0012065077,0.12523991,0.47073588,0.4301775,3.5556927,0.52450615,0.0,0.0,0.8833435,0.24057071,0.0045807497,0.22932053,2.1018946,0.077703364,0.53301376,0.25157893,0.76850015,0.5303539,0.96626294,0.5539024,0.3489284,0.24492429,0.47922212,0.36588174,0.4827603,3.3175192,0.22893693,0.33122304,0.4013553,0.04176407,0.5869482,0.042947397,0.34349385,0.4572238,0.008960906,1.2360872,0.10214173,0.5182486,0.16483167,0.52592313,0.44552428,0.38977876,0.16794528,0.2741322,2.276231,0.37770087,0.011449755,0.0,0.55793786,0.45609626,0.32331836,1.1296204,0.44130605,0.539415,0.1193945,0.6347166,0.7152397,0.20317824,0.7903465,0.02295457,0.06355782,0.73903733,0.41787454,0.107522696,0.04712094,0.40481916,0.18210036,0.008831474,0.17921875,0.5181334,0.28469416,0.049740877,0.056601163,1.6273468,0.12934028,1.3524711,0.8224322,0.9166533,0.038287684,0.14857279,4.68666,0.32605267,0.057328753,0.18101704,0.20582551,0.27587885,0.038362492,0.40286744,3.6803925,1.8099194,0.019109238,0.44607928,0.2281271,0.4805242,2.2620661,0.054528628,0.9646388,0.40285257,0.06258669,0.099540465,0.21324357,0.06859178,1.8523855,0.0061404384,0.05850395,0.0,3.9155948,0.10434011,0.025425112,0.116102956,0.023389665,0.07119048,0.966315,0.6671454,0.8268486,0.20687784,0.04152753,0.5306031,2.0513887,0.38902387,0.34520468,0.35511658,0.53879696,0.22495602,0.5520831,0.26377472,0.028550489,1.0408256,0.03730289,0.07209283,0.21723832,0.030583853,0.16158938,1.4568086,0.40293103,0.46427765,0.07709287,1.0056025,0.87522256,0.011513325,0.15613972,0.014716277,0.915376,0.187043,0.17322257,0.22932425,0.6969449,0.5458559,0.1837956,0.11027651,0.426275,0.9757813,0.32372248,0.8683411,0.37357894,0.17797726,0.70954245,0.25570822,0.47986075,0.41628087,2.3267276,0.72250986,0.18654722,0.05891718,0.05753009,0.46546274,0.16233738,0.7643935,0.03253172,0.28647208,0.10895288,0.53030753,1.5013921,0.5953783,0.36432967,0.058098245,3.2641206,0.37080267,0.268863,0.013774228,0.33038053,0.13862312,0.31005937,0.61002743,0.2824913,0.12048009,0.702286,0.16271207,0.19274661,0.028932448,0.11190284,0.3955409,0.066555165,0.49183533,0.3057586,0.29220778,0.3859115,0.19110598,0.31759337,0.9573722,0.19775951,0.10864598,0.66457593,0.4521851,0.11871536,0.25210392,0.6933849,0.20451687,1.0472164,0.24292153,0.24793313,1.7121491,0.6267858,0.3157079,0.27693042,0.94307655,0.25327215,0.579708,0.25775787,0.20886062,0.0,0.045275718,0.41956508,0.14089257,0.37893984,0.42674372,2.2603192,0.36826316,0.3982851,0.2653137,0.61627895,0.4487505,0.27580252,0.110826604,0.081055924,0.8184596,1.001024,0.15006562,1.6582603,0.066099666,0.08629834,0.020214994,0.46626306,0.041797996,1.4580125,0.15613854,1.3783755,0.6995876,0.042745344,0.13402183,0.47373956,0.31260252,0.5310544,1.0492352,0.23175406,0.20086695,0.0,2.0862176,0.72819823,0.394498,0.11474013,0.25069672,0.21831514,0.12050629,2.4927402,0.1796696,0.46015728,0.79101723,0.12509081,0.3713677,0.35988286,0.051376596,0.0,0.136894,0.2925389,0.50170493,0.12750436,2.9796467,0.78203183,0.37230328,0.3826064,2.5516493,1.2079386,0.092894904,0.28451517,0.022381432,0.073723756,0.056854885,all_pothole_images\pothole_images_new_image_879.jpg
1.4072558,1.2203318,0.24273437,1.0735534,0.41538596,0.17455178,0.48863736,0.6264768,0.036873106,0.74242616,0.7224636,1.7525865,1.2319012,0.26805678,0.17201939,0.21729313,0.53195757,1.59103,0.80070853,0.12550557,0.036414254,0.54124004,0.96735144,3.3736434,0.03752791,0.1331354,0.09054948,0.117964186,0.0035947845,0.12947658,0.3876085,0.0111576775,1.2216947,1.9826965,0.12622355,0.014691209,0.52068275,1.2343769,0.23145227,0.07985338,0.1461607,0.844175,0.013074318,0.253573,0.30950812,0.32596734,0.9518395,0.27671102,0.08973959,0.6380853,0.7051432,1.3400494,0.024973376,0.0,0.54220986,0.26311103,1.6092159,0.24215943,0.9461002,0.0006757628,0.009334626,0.08189198,0.5735641,1.0803293,0.4820594,0.19312124,0.3205617,0.29883644,0.1572793,0.027583241,0.13305418,0.3635398,0.03665397,0.0067922375,0.3651324,0.8733259,0.03804931,0.2999652,0.017738203,0.36572507,0.046422727,0.24966815,0.9453802,0.95017767,0.72864586,0.6197058,0.13224792,0.34119087,0.3617724,0.11840141,0.19417377,0.115151465,0.42387307,0.050555777,0.1947756,1.5995318,1.7054679,0.40772185,0.9331523,0.16606389,0.0,1.1573875,0.2708051,0.64513195,2.0286694,0.56529516,0.0,0.05278244,0.17738456,2.1045053,0.08210993,1.0210472,0.24751203,1.3660661,0.030377882,0.8291382,0.9703294,0.016669864,0.5302043,0.86721426,0.12313134,0.8100673,0.3936108,2.4727402,0.78264064,0.17637612,0.03380009,0.8112802,1.578966,0.7365044,0.84408325,0.09475363,0.10583593,0.3564085,0.0,0.22395894,0.0,0.098892,0.0012533887,0.28843093,3.1373677,1.0614618,1.1578977,1.7707348,0.0059767026,0.9654849,0.010344513,2.0629454,0.0115510905,0.16256131,0.48355293,0.067373104,0.7165624,0.0,0.42113042,0.2074089,0.8009427,0.19511986,0.34428957,0.21441768,3.3433077,0.5158166,0.05441401,1.511108,3.1442273,0.0,0.6125325,0.047694657,0.7034415,0.27068666,0.26963583,0.030302344,0.0,0.003178722,2.584507,0.7597899,0.35581073,0.0,0.05563593,0.9376344,0.09363998,0.19077103,0.8537225,1.3404628,1.6013283,0.11304446,0.11091471,0.5632343,0.56803656,0.18680656,0.29148412,0.13955732,0.5410785,2.7967849,0.030580496,0.041452985,1.3680109,1.1939687,0.69042736,0.007966856,0.14282018,0.71311176,0.96183395,0.009021906,0.08222667,1.0719932,3.7169113,0.6307165,1.0434458,3.7158875,0.0,0.48339325,0.0626813,0.25413612,0.4255669,0.04081554,0.69876516,0.34665945,0.9771446,0.0,0.68752784,0.31578165,0.99803567,0.09641824,0.93994915,0.07191149,0.7410624,0.8315237,0.6364055,0.0,0.0,0.16180624,0.0957545,0.5392802,0.29610953,0.028799769,0.078329414,0.4180821,1.1225641,1.3485895,0.759459,0.003126707,0.30123436,0.21384442,0.02037061,0.22521694,0.3308142,0.08473477,5.1695194,1.2369132,0.7220989,0.26661,0.4261731,0.0,0.98419905,0.41146234,0.5913913,0.0046076365,0.12128855,2.8079283,0.23300342,0.076621085,0.04961821,0.3512927,0.3363946,0.100232825,0.5000694,0.09095007,2.2685497,1.0359538,0.521958,0.06695781,0.36556676,1.0214958,1.1222602,0.36123922,0.9723716,0.2754615,1.2708554,0.1983892,0.054218996,0.29266465,0.2562225,0.7142598,1.1699598,0.0054283338,0.04381898,0.023255693,0.013232136,0.09983667,1.2885295,0.6863081,1.3198625,1.4111183,0.033224896,0.0017284527,1.6253922,0.2934978,0.7951266,0.121616274,0.14064483,0.08693127,0.7752892,0.20891306,0.37721863,0.07167497,0.02598236,0.23798978,0.051110156,0.03225095,0.657644,1.241373,1.6495454,0.5356033,0.65491253,0.022365442,0.36698523,1.0987902,2.88706,0.2866675,1.2030542,0.72044396,0.31888947,0.26254508,0.30753273,1.149125,0.5654696,0.197409,2.7271748,0.00404648,1.8664694,0.49249473,0.32147634,0.11843539,0.009075514,0.0034277127,1.2044848,0.3262869,0.6803377,0.1133107,0.6123713,0.22186145,0.23118034,0.488415,0.0,0.0058510923,0.34117246,0.0,0.0,0.08225415,0.015726414,1.9484599,0.38061136,0.0,0.059575465,0.61677307,1.3524755,0.41421065,0.0032044272,1.1465914,1.2304335,1.3503922,2.1076584,0.981904,0.0,0.15472466,2.0961306,0.21366282,1.3217816,0.812019,0.5706436,0.41366428,0.22112459,0.7845238,1.8518356,0.1828224,1.5124234,2.3047981,0.06523628,1.0140781,1.3849397,0.6376569,0.87499774,2.6496258,2.3021848,0.004969923,0.33989626,1.2045968,0.077263825,0.10933286,0.0,2.5002847,0.13027985,0.022567771,0.4133793,0.0,0.27411526,0.3074416,2.926262,0.44466376,1.144672,2.3463628,1.7747973,0.92044026,0.26249987,0.0,0.8244551,0.90203017,0.09680447,0.20849921,0.7235021,2.104689,0.23213364,0.45162156,2.1984527,0.26808575,0.7484096,0.7223493,1.1925343,0.026519286,0.0,1.4787492,0.9055316,0.79241234,0.73397815,0.036099337,0.62634104,0.63423467,0.78051305,1.2445451,0.08637056,0.88045704,0.00039123138,0.08130183,0.1254006,1.0835087,0.32936445,0.12568016,0.31766635,0.34894407,1.7249138,0.046524152,0.2562875,0.22696736,0.024513463,0.06864155,0.6090079,0.3365803,0.0,1.452391,2.2853932,0.19880405,0.0,0.37060943,0.30205807,1.1033521,1.8857378,0.07052793,1.1099824,0.77525437,0.8482957,1.9286392,1.2098706,2.4230878,1.124802,0.3705252,0.027677484,0.32118294,0.92587006,0.7271243,1.6745237,0.18852185,0.0643099,0.59295905,0.37799764,0.049550183,0.13664058,1.0390729,0.1610437,0.35052645,0.30441195,0.8944723,1.6795279,0.5276947,0.0053945105,1.3809363,2.2478774,0.018964974,0.6226921,0.03030678,0.4511696,0.5167146,0.31672114,0.049740244,0.7774885,0.6721451,0.115547895,0.26696205,1.2168224,0.35587162,1.473521,3.695023,0.07229509,2.8296134,0.12987347,0.71842146,0.20642525,2.6709065,0.0,2.568224,0.118342526,0.09239504,all_pothole_images\pothole_images_new_image_88.jpg
0.68244326,0.19040339,0.12403108,1.4087524,0.48253205,0.054436527,0.0046970565,0.1383462,0.39703223,1.2809994,0.02351773,0.13008234,0.0729327,0.24314125,0.0,0.09551021,0.2889369,0.19003026,0.95496786,0.0,0.85397756,2.1582472,0.4072511,0.08423964,1.64273,0.66850054,0.085334174,0.9236121,0.19017643,0.39491022,0.2382997,0.11741074,0.17821307,0.24263208,0.33355656,1.9344255,0.12313182,0.9202716,0.41247457,1.5803939,0.0,0.012588089,0.17909908,1.326162,0.14128447,0.014160471,0.64264023,0.012027431,0.4124748,1.3365818,0.053698946,1.574721,0.2655649,0.50648826,0.43947962,2.7048848,2.411838,0.0037643036,0.21506783,0.5934332,0.41035807,0.32358047,0.24316338,0.32174692,0.12714061,2.715684,0.4696415,0.016033296,2.240014,0.32852888,0.21825533,0.8449474,0.028446253,0.1632706,0.73193246,1.0889723,0.06934302,0.1677477,0.07172932,0.6811408,0.036263734,0.5510537,0.48018026,0.85425246,0.27455848,0.6303149,0.8459402,0.091817,1.8391055,0.21852414,0.48232174,0.31713575,0.0028906555,0.07470179,0.05406092,0.033752337,1.0934112,0.7925654,0.10777349,0.34855542,0.5436714,4.702338,0.1098491,0.008738141,1.2261235,0.21230564,0.0608629,0.15609206,0.1498391,0.8628113,0.07356522,1.8661832,0.5839953,0.5181581,0.21367763,0.060238462,1.8830004,0.59119904,2.694623,0.8908557,1.9125347,0.24876079,0.009782895,0.9937196,0.31846765,0.63934785,0.01806273,1.1849355,1.7360797,0.19461869,0.73268896,0.0067465436,0.077754,0.09607213,0.117159225,0.32136646,0.101595126,1.343371,0.28209323,0.49451426,1.2526331,0.14079173,0.16956934,0.56269646,0.0,0.9122086,0.08384369,0.92971283,0.2193364,0.57916963,0.78165364,0.9269189,0.040011812,0.13395543,2.7241092,0.75762224,0.24745579,0.72545785,0.7065051,0.38553432,2.4516954,0.943304,0.5638061,0.16799939,0.16497348,0.6124246,0.5128316,0.0080369,1.4489142,1.0872916,0.04449544,0.00032765704,0.0009070995,0.22209086,1.0347775,0.002332209,0.20435983,0.0111204125,0.35898966,0.045107912,0.15842113,1.6904716,2.912757,0.93082947,1.8590419,1.2521185,0.4082591,0.5016287,0.93971235,0.53385574,0.058268525,0.12349939,0.04841641,2.1258738,0.09381644,0.22652888,0.25221613,0.42927724,0.2225339,0.8495941,0.31983083,0.59113955,0.65864915,0.84317076,1.3271114,0.082008086,0.2319404,0.36957428,0.48909673,0.17129026,0.37455234,0.11872805,0.58496296,0.6334763,0.30277824,1.2024049,1.0524126,0.072622314,0.25117713,0.06695457,0.034942266,0.44088596,0.041082244,0.63659173,0.37079942,0.3637512,1.9192146,0.39494622,0.452527,0.28807804,0.21209234,0.5246687,0.49844152,0.65782243,1.231705,0.36009076,1.7292979,0.0012105007,0.0,0.000840774,0.10255998,0.14457381,0.23679483,0.17547871,0.41100833,0.02861744,0.12777255,1.0515285,0.84286267,3.9433472,1.0666851,0.09480979,1.4247632,0.2444452,0.030804938,0.84689003,1.5440094,0.037262984,0.650397,0.69018835,0.023346793,0.2734038,1.2721187,0.39106935,0.4158418,0.37897906,0.17481506,0.24877608,0.43071753,0.21897405,0.21700948,0.19254297,0.24583754,0.5051765,0.92910767,0.77395016,0.50729084,0.0,0.54131526,0.7768296,0.3540959,0.100959636,0.07857584,0.47655633,0.8442842,0.9343752,0.88719463,1.2626085,1.2483357,0.6223976,0.18017454,0.07698933,0.081743084,1.0680094,0.38684532,0.22011448,0.15624046,1.3252481,0.28789425,1.1698114,0.14971001,1.165009,0.06377829,0.20856148,4.1948533,1.0596422,0.01775351,0.5737925,0.0043070833,0.20509496,1.3559897,1.8047686,1.1855797,0.53449464,0.4101858,0.049730357,0.0021993937,0.6176132,2.282023,0.095919035,0.2947897,0.030401193,0.059544582,0.24104932,0.3827617,0.15960008,1.1472431,0.08959977,0.23410657,0.09489452,1.7762096,0.8263162,0.15690197,0.49739558,0.07181635,0.4634,0.7853868,0.67741424,0.0060886685,0.45760337,0.53500754,0.546536,1.1745796,0.18532296,0.6129173,0.29647988,0.050746385,0.21272957,0.41951114,0.021548726,0.2623394,0.71653885,0.06059927,0.038629152,0.12221122,0.43550313,0.46585608,3.0580487,2.2673767,1.3255506,0.0,0.07354046,1.6858281,0.09157745,0.16504815,0.20499404,1.7095517,0.23319322,0.33532196,0.41978118,3.4044406,0.08844932,1.1108868,0.0098239705,1.071849,0.39250985,0.15143272,0.2420819,0.1479842,0.18431327,0.45693836,0.0,0.0056589446,0.5580945,2.7794108,2.0618703,1.2695785,0.035436492,0.07009179,0.4840138,0.722697,0.5514219,0.063043825,0.123814836,0.44058532,0.0049106837,0.7780528,0.2209326,0.11707214,0.5452172,4.953307,0.23945849,0.13479018,0.37876776,0.70311844,0.513825,0.14169087,0.15547924,0.0020261202,0.05007463,0.6906169,0.18692526,0.13537972,0.3498961,0.01677794,0.02986351,1.1154802,0.03471765,0.2882368,0.013156885,1.824694,0.1849358,2.089414,2.266771,0.5168892,0.1290561,0.5071416,0.57965034,0.1073898,1.0085993,0.18149553,0.32919133,0.8637617,1.2611419,1.6117836,5.3178473,0.36118564,0.2475724,0.00388106,0.17140396,0.0028229605,0.2442681,0.20178159,0.6474445,0.88732356,0.055711895,0.92742246,0.28616077,0.43090516,0.52687496,0.99787354,0.5729108,0.2065314,1.2873623,1.2123822,1.8258475,1.0067153,0.4800099,0.45391217,1.1450065,1.2104428,0.1089914,1.8019259,0.19546472,0.6280526,0.53786415,0.16091235,0.21602573,0.5235095,0.5334578,0.55894965,0.8271718,0.12021516,0.8431867,1.1547674,0.33393097,0.0,1.4435595,0.13336582,0.19504564,0.5641226,3.933849,0.9808576,0.06356299,0.21670014,0.060230263,0.48110268,0.31542748,1.4493016,0.025545072,1.8756629,1.7535702,0.02031341,0.044136167,0.0009232871,0.06272633,0.21568498,0.5489555,0.5775406,0.10348752,0.0042731985,3.2268476,0.92590564,0.28152984,0.89316887,0.6332893,0.93920165,0.39861584,0.6757422,0.91473746,1.1300138,0.17614424,all_pothole_images\pothole_images_new_image_880.jpg
1.5627927,2.4147174,1.1944089,1.9080045,0.43206528,0.36939305,0.22603813,0.061502684,0.12647603,1.1079048,0.03991126,0.18168005,0.17088923,0.14558998,0.030437306,0.31966355,0.23967968,0.2897525,0.37445807,0.1929568,0.5036517,1.7873572,1.6944804,1.1775492,1.0728785,0.17353964,0.25783798,1.7039872,0.28966898,2.8489246,0.87049764,0.02768102,0.074650526,0.581883,0.22268856,0.30155614,0.9271908,1.2438298,1.1662588,0.09019385,0.0,0.6303529,0.68891585,0.41639674,0.97450566,0.28565034,0.5328089,0.16755913,0.30815542,0.0,0.9210809,1.7800778,0.9100566,0.31369063,0.0,1.8596205,2.7358885,1.1157308,0.19148302,0.0,0.02253399,1.0992938,2.101278,0.33258855,0.6757724,1.0302066,0.13856623,0.21854945,0.38694566,0.043980453,1.253123,0.9709674,0.16032597,0.6909576,0.5588727,0.8019699,1.1402025,1.215295,0.015354751,0.24029408,0.26934952,0.802256,0.54360455,3.8238938,0.051685605,1.5835612,0.6537099,0.3134119,3.0574265,0.8242083,0.061136264,1.2055368,0.46255615,1.2903233,0.1983051,0.09976547,0.4397515,0.09191882,0.43154082,0.35016555,0.40523955,1.503891,0.068027824,0.07033859,1.8721145,0.0,0.090970926,0.59322083,0.28860745,0.30677372,0.16930796,1.5723782,2.079217,0.075938426,0.2014734,0.3479288,1.2652162,0.23200443,0.2606742,0.06005003,0.9427752,0.2610147,0.10013775,0.30666244,1.784505,0.8596551,0.63804257,0.2556852,3.129222,0.59329194,0.47031796,0.080615014,0.015529861,0.675897,3.0985656,0.3113013,0.47936302,2.959121,0.83035326,0.86007655,0.8301143,1.21983,0.3845727,1.4911966,0.19167662,1.2616928,0.01024724,0.28025302,0.44039935,0.6161542,1.4517567,0.44399846,1.3584002,0.7513711,0.549124,0.48005638,0.17196149,0.06607631,0.13108958,0.18418078,1.2157528,0.3562903,0.26762652,4.71392,4.5796065,0.06388124,2.5175967,0.13611852,1.9238079,0.13394247,1.3156322,0.2949409,0.03487477,0.09134926,2.4061995,0.05079949,2.5641341,0.11970769,0.43645853,0.18825482,0.23063424,0.7863872,2.326036,0.79227424,4.626849,0.044312056,1.4912738,0.66778547,0.1660948,0.18513364,0.20380771,0.81625813,0.0,2.5348148,0.3184339,0.07786103,0.8537583,2.1571302,0.26269808,0.6379426,0.73720604,1.4970891,0.5234806,0.9543943,0.4563426,0.80676115,0.5274012,0.68490404,2.991456,0.96587104,0.0,0.5719344,0.67749506,0.24962242,0.3868189,0.97541416,0.6597464,0.18005964,0.54128796,0.42038095,1.6562023,0.21846537,1.0727818,0.1961326,0.12561005,0.40299776,1.1679232,0.17825791,0.9329694,0.16548923,0.28855318,1.6364892,0.4018695,1.3054507,0.73958904,0.107082956,1.8627309,0.0,0.4173736,1.9602331,0.0049337037,0.55344373,0.249023,0.25100055,0.6860518,0.10248051,1.1114973,0.11429804,1.0819362,4.2733073,1.1472925,0.59197295,1.0128889,0.043915883,0.64054704,0.13363652,1.4003959,0.8156042,0.63980657,2.8966768,0.2246172,0.4300452,0.58820343,0.58771825,0.73411405,0.8977295,0.5143727,0.85312194,1.5722457,0.47794738,0.16009602,0.25354233,2.1393583,0.44903073,0.2696976,0.12714288,0.60971737,0.5810604,0.20911777,1.1777369,0.66153616,0.26750663,0.20945266,1.6007222,0.9008886,2.0477386,0.4510322,0.587989,1.323395,0.60245305,0.58091164,0.2602218,0.25496992,1.0260607,1.7649859,1.2060044,0.5601431,0.8746834,0.24865699,0.4638664,0.122594394,0.4682633,0.002549092,0.22731821,6.147319,0.23610735,0.21742886,0.44084993,0.2504488,0.12304196,0.15559822,0.9597023,4.408662,0.5929903,0.56054395,1.1173142,0.43513316,1.3553286,0.59280866,0.526988,0.32851365,0.018455803,0.3513802,0.7665999,0.56248885,0.6280601,1.9006472,0.0,1.5395143,0.11645827,6.754155,0.29983824,0.22506955,0.13071533,1.1017194,0.018564848,1.6812581,0.8310134,0.9275715,0.09309492,1.1390342,2.5008044,0.23106761,0.48388666,0.605321,0.52979183,0.3312631,0.25019234,0.8378704,1.3059641,0.5926564,0.187027,0.33171874,0.87710863,0.06336749,0.05315077,0.20866561,2.1353018,0.7167058,0.9112495,0.02782222,0.7739177,1.3215864,1.4353005,0.09901007,0.051445387,1.2525232,0.7447254,0.09676647,1.2565823,1.0537262,0.19037789,0.36972123,0.0,2.2140121,0.19778484,0.0,0.07693322,1.405549,0.6947058,0.20751679,0.201833,0.49245605,0.4279588,3.2385879,2.2826943,2.2546413,3.3594577,0.33700287,0.8875404,0.115973406,1.203117,0.75903916,0.61346346,0.39302298,0.47060743,0.10583859,1.3568575,0.26350388,0.13332804,1.4169979,0.941637,0.5258785,1.1760712,0.38825732,0.9066664,0.22687177,0.39596418,0.28535265,0.63797414,1.0247366,0.46574304,0.018397635,0.5758095,0.4332842,0.1194974,0.9002862,0.83293664,0.466333,0.031417064,0.33635348,0.04806283,1.9929515,0.9623724,1.355564,0.8080431,0.5786298,1.36846,0.38947156,0.9804039,1.1526079,1.100148,0.00511177,0.29773706,0.0023810966,3.3082082,0.54712874,1.0721616,1.1981287,1.1295236,0.35496157,1.6055082,0.9426713,0.75662076,0.07343387,0.10765268,0.6414763,0.81432736,0.15196021,0.27094933,1.2947826,0.009658323,0.66677326,1.2549903,0.9915224,1.7944083,0.39597353,0.24979798,0.8002694,0.31412822,0.17388287,0.20880224,0.5532769,0.18499324,1.0603386,0.33985996,0.18747452,0.44625738,1.0378493,2.037804,0.6060038,0.26372316,0.9106769,0.07669759,0.10380465,0.37231702,1.3658092,1.1285015,0.061873674,0.28534305,0.061959345,2.0409212,1.7494748,0.88613534,0.0,0.4590077,1.413354,0.022873543,1.1267558,0.0035799071,0.07179283,0.4733989,0.25098094,0.028470254,0.01419816,0.0012156941,0.16925278,0.0,0.68317807,0.0,0.1455882,4.713299,0.97314733,0.9078129,0.24310751,1.2407461,0.020106398,0.3466983,0.17359233,0.51815677,0.49990186,0.19738843,all_pothole_images\pothole_images_new_image_881.jpg
0.029155657,0.72502404,0.0019407846,2.4802604,0.22249517,0.0,0.3623781,0.023487005,0.53822106,0.1485302,1.0187693,0.26696154,0.0,2.2436903,0.08690031,0.08335324,0.3967968,0.21417607,1.67666,0.044755403,0.6620662,0.20909236,0.27213526,0.36034954,1.478601,0.20466676,0.22559509,1.6434089,0.6145389,0.04694518,0.13595988,0.38441035,0.004335467,0.4982534,0.0022013576,1.0756826,0.0,0.5968828,0.37308517,0.00077979,0.014396773,0.015773172,0.047394328,0.44767144,0.06564725,0.19596453,0.040200442,0.47567955,0.14005575,0.27746084,0.08890905,1.030464,0.1552924,0.0,0.9809841,0.6482638,1.0108855,0.5222723,0.03299587,0.19010253,0.12923922,0.100641765,0.008226577,0.16809069,0.31846568,1.1054981,0.15312967,0.00083009456,0.24195683,0.0,0.0016054086,0.18870303,0.8210508,0.0035765164,0.7509355,0.011638909,0.17577806,0.4931487,0.0,0.1240094,0.00022272076,0.13938966,0.5655104,0.65152293,0.0325945,0.0,0.0,0.007677074,1.0127712,0.038753722,0.10076871,0.11173323,0.0074992217,0.03520313,1.090057,0.0,1.0374115,1.2082,0.003553059,0.1136302,0.0,1.6014944,0.29905418,0.26944226,2.5031793,0.31359467,0.35781065,0.18451722,0.0044749267,0.28707862,0.0,0.6749056,0.076109774,0.19130363,0.50515985,0.0023051444,0.0,0.35020414,0.98808175,0.25163963,1.8824842,0.0,0.05225795,0.7187973,0.9759343,0.36520058,0.24408655,0.08505608,0.00020845284,0.0,0.000648464,0.10900318,0.0,0.05773826,0.45846686,0.054839455,0.17482895,0.059016194,0.02985932,0.0,0.066396154,0.03355062,0.21650416,0.2558661,0.0040831934,0.025670815,0.0,0.2101338,1.544475e-05,0.17747518,0.025231674,0.42727295,0.0,0.944174,0.9438327,0.065082505,0.09964151,0.11180717,0.09641022,1.0009558,1.5113281,1.9557786,0.18483797,0.7685242,0.04949217,0.09720415,0.0,0.0077711474,0.8096896,3.7763424,0.0,0.071298346,0.029525766,0.0,0.0,0.08097364,0.046357162,0.0,0.046107434,0.29194653,0.0,3.0424213,0.79057515,0.62567055,1.5446804,1.5167569,0.123055495,0.13104315,0.59853894,0.07524025,0.01790798,0.0958335,0.23128681,0.43248597,0.91175485,0.104588315,1.1111559,0.062741145,0.674732,0.20781478,0.0803699,0.5127876,0.029566653,0.18560608,0.0020487434,0.07188771,0.0016822896,0.058465723,0.18085171,0.52163005,0.0,0.040731777,0.39826354,0.04202482,2.0092854,1.5588806,0.04612007,0.028894488,0.22490372,0.24960865,0.2826098,0.020004826,0.27054572,0.6318597,0.0,0.02094233,1.0026362,0.0748876,1.711248,0.36745402,0.0,0.06222668,0.056751806,0.36320356,0.08554965,0.014770454,1.527827,0.008212977,0.15901558,0.054071512,0.46457002,0.16830161,0.22081055,0.3731325,0.05355785,0.0,0.08305689,0.048595734,1.2088373,4.4032545,2.0986674,0.018714456,0.06440428,0.28815413,0.008138978,0.0,0.5070773,1.4846679,0.035976585,1.9627591,0.06476449,0.14761516,0.21277745,0.13953352,0.06772178,0.26526868,2.5332682,0.21495858,2.3919687,0.18886794,0.0012550986,0.0,0.79099894,0.40643555,0.17013362,1.750188,0.05025021,0.19656897,0.20857213,0.0,0.0,0.52118474,0.8769637,0.12543292,0.03372166,0.9896038,0.23281746,0.010473006,0.05232811,0.28105304,0.010107635,0.114460945,0.00015408358,0.34692097,0.31973493,0.1675112,0.008463525,0.0038038485,0.16447411,3.6810415,1.3395513,0.5981675,0.09595623,0.040590808,3.209234,0.02992003,0.07426149,0.09462013,0.44767067,0.07867023,0.010150162,0.9568238,1.5707296,3.1974156,0.36703736,0.45180434,0.0,1.48119,5.033065,0.44111586,0.02643641,0.023170179,0.7059916,0.7122341,0.15181452,0.7377469,0.6071757,0.0,0.0,0.21815513,2.199095,0.50209755,0.41386732,0.08112745,0.0050775995,0.0,3.4915466,1.0270551,0.67389536,0.5735808,0.21323767,0.001686511,2.5671244,3.3211775,1.4652984,0.31243262,0.31862125,0.68570787,0.06563769,0.055610586,0.0045567052,0.23093233,0.0,0.2763216,0.047663543,0.04188684,0.13320021,0.30240908,0.97087127,0.02503214,1.0129249,0.74956167,1.6377199,0.20487642,0.0,0.0,0.6656396,0.1159014,0.09681462,0.16416056,1.4832596,0.09607237,0.51926714,0.69233763,0.054097068,0.23889919,0.0,0.0,0.2784371,0.11003018,0.48336473,0.0029995143,0.03053776,0.7147133,0.7078485,0.060384344,0.3394824,0.055590764,0.0,0.90625256,0.289118,0.3654977,0.12339533,0.20283158,0.0467677,0.22887532,0.6401656,0.08959122,0.7291906,0.0,1.376928,1.02621,0.47130883,0.009615744,0.27541518,0.0,0.54452944,0.13701668,0.85293084,0.08482661,0.007218121,0.06634963,0.0669477,0.15280329,0.03978857,0.14536141,0.016519621,0.11399531,0.4846051,0.0,1.1195769,0.008866366,0.013409874,0.41058502,1.161389,0.0,0.4323882,0.010536369,0.26618633,0.022738928,0.37901562,0.98005146,0.53230554,0.7032133,0.54127806,1.1043872,0.12617536,0.286511,0.0,0.17930464,0.19065274,0.06737931,0.010225916,0.003369781,0.0,0.0,0.010856499,0.25212517,0.3177481,1.3474642,5.4092855,0.0,0.53187263,0.047816467,1.1673571,0.72164387,0.0065835663,0.0053181625,0.0016296197,0.38073924,1.6114985,0.010326349,0.48037127,0.0,0.05565552,0.03832015,0.46514073,0.0,0.007729682,0.063223325,0.85266596,0.36888075,0.026289757,0.048621837,0.8699654,0.20949078,0.7571303,0.92584014,0.37691784,0.00037893731,0.49193922,0.55403215,0.83256495,0.0003339955,0.053914245,0.05626908,0.04237722,0.0,1.1326795,0.1779651,0.68199015,2.370387,0.0,0.0,0.021119334,0.040584624,0.08257993,0.0,0.0,0.118065685,0.2657458,1.8225082,0.47929218,0.11807167,0.046948876,1.4393857,1.1019173,0.4400939,0.0,0.06946121,0.13559672,0.13132726,all_pothole_images\pothole_images_new_image_882.jpg
0.9075975,1.5655737,0.9540755,2.2741191,1.1430672,0.14145085,0.15164873,0.0,0.70948106,0.3645007,0.15726228,0.5895264,0.024017878,0.8512276,0.4250116,1.408132,0.15498567,0.00016288269,0.05015601,0.038981047,0.16531724,1.4074229,1.0414072,1.0912313,0.4919482,0.49346632,0.04421416,1.9078217,0.09619811,0.9599223,1.9186733,0.054403644,0.6998241,0.54515934,0.5622342,0.19306138,0.9932516,0.262719,0.38652307,0.7348109,0.06639977,0.5693039,0.536946,0.7083958,0.8152103,0.037987653,0.23530994,0.4314247,0.14820032,0.17620328,0.43888718,0.8278464,0.23926164,0.12230259,0.0039349357,0.5272215,1.1112689,0.07289684,0.09059421,0.112416044,0.0,0.32527724,0.3924699,0.43295634,0.6042597,0.32211548,0.4389477,0.02337711,0.07537155,0.015436286,0.2612886,0.03168659,0.28514907,0.34134188,0.0104994755,1.5252223,0.3130496,0.35675246,0.00064237387,0.622942,0.55985665,0.4446347,0.0818232,1.7065498,0.32495162,0.75804025,0.1206825,0.23127966,3.7996402,0.46499914,0.09237364,0.00052740995,0.033624053,0.094359115,0.3463853,0.114917465,0.2592561,0.9220903,0.04826823,0.43296906,0.41825104,0.90741074,0.586562,0.7633447,1.1346481,0.0,0.056114092,0.18899868,0.30377948,1.6243881,0.016160259,2.3194559,0.70908964,0.7900163,0.4928991,0.9555894,1.8188585,0.034782894,1.1389792,0.7366856,1.1451745,0.5563352,0.16961288,0.52170086,0.8468947,1.0034338,0.6736014,0.59138656,0.38423857,0.35088813,0.2574575,0.00689333,0.12851983,0.0,0.30570194,0.2791327,0.028175911,0.31922683,0.015286879,0.0,0.16270997,0.6328134,0.1268425,1.4561275,0.32319582,0.6967778,0.16583696,1.3010862,0.14922997,0.47308612,1.1872529,0.39140365,0.5502023,0.41454485,0.9096563,0.4825168,0.30515948,0.101066016,0.9281845,0.5142257,1.0326945,0.44629294,0.045586877,0.5324746,0.36209962,0.53520966,1.2589868,0.0,1.3525906,0.6694711,0.0,0.45808083,0.25637186,0.017049352,0.7177177,0.35266647,0.89055645,0.00027875908,0.014042545,0.086940706,0.03593898,1.4641217,0.51271665,1.3814881,1.0904882,0.16773897,0.15935063,0.24041913,0.71323735,0.4842238,0.3980849,0.4802917,0.28130776,1.8019252,0.8879584,0.15164289,0.15433724,1.7922893,0.7162207,0.43110698,0.7919974,0.16803311,0.0,0.09921173,0.12324874,0.25584197,0.7979647,0.042061113,1.9498645,0.13320678,0.36166102,0.2946662,0.53304213,1.2349433,0.8395837,1.9057298,0.34288788,0.0,1.595043,0.059961293,2.3742514,0.0,0.18597892,1.4156748,0.38037094,0.31478158,1.3581312,1.0153905,0.9407968,0.43269035,0.28625762,0.3856798,0.37367457,0.114439346,0.36965573,0.0920827,1.7981819,0.0,0.8707481,0.18746659,0.5586034,0.023386942,0.4737091,0.49187598,0.1152074,0.029500958,0.57603693,0.0360744,0.6067873,3.335431,0.6236989,0.1576471,0.12143462,0.038717397,0.3641662,0.0,1.2931826,0.06853541,0.544691,2.7856984,0.5679995,0.5298758,0.90592206,0.005777512,0.4644849,2.044246,0.4134313,0.15598382,3.7859297,0.13188052,0.6273769,0.0,0.10354711,0.43820736,0.13440481,1.6190231,0.012163067,0.706714,0.9534806,0.65186566,0.16707718,0.24216914,0.7945063,0.6727581,0.29881462,0.7259009,0.46980628,0.95932555,0.40270317,0.012069195,0.117428936,0.63970894,0.34063646,1.1927207,0.109246895,0.34862912,1.1919879,0.3227119,0.028602824,0.7924655,0.12709467,0.28965858,0.05003237,1.4085326,3.8200555,0.20008904,0.22578052,0.534398,0.3555873,0.17161587,0.33774188,1.1503184,5.980024,1.6386628,0.23838286,1.4665143,0.017077776,1.2000431,0.8776678,0.17708409,0.8737625,0.46823302,0.31748453,0.39514682,0.21718508,0.12983266,0.9550625,0.7491934,0.94333357,0.3892091,4.499502,0.1374753,0.0,0.08864295,0.08246453,0.1488884,1.4692034,0.36976278,0.7187186,0.03821894,0.6299911,0.7240907,2.139302,0.059733294,0.41726246,0.1506972,0.23284031,0.040373296,0.26187292,0.23506618,0.036715075,0.89554876,0.36872628,0.35608917,0.12947734,0.020321334,0.38866678,0.053172644,0.27210572,1.1559978,0.29890874,0.35140392,1.1680741,0.35349584,0.08175974,0.62519276,0.6134033,0.06600449,0.5500456,0.4476029,0.20624323,0.45103195,0.14749266,0.058029793,0.7459343,0.18342939,0.46134302,1.0806416,0.12045404,0.30851156,0.38303584,0.08366216,1.3989135,1.2246836,2.7230127,0.9105805,2.0024605,0.08042017,0.058420327,1.5703148,0.55269045,1.9292666,0.1153848,0.016631102,0.0058391937,0.76400286,0.92825377,0.22829966,0.0007953423,0.02754947,0.9243177,0.7169475,1.0470384,1.4156516,1.1518705,0.44258133,0.46600115,0.1745484,0.057579048,0.0793137,0.7313184,0.21336786,0.7280548,0.26353845,0.015908001,0.254626,0.4582275,0.6365949,0.6958405,0.11283024,1.2655237,0.12954266,0.8603673,1.9418979,0.76228875,0.4397906,0.7810984,0.6535559,0.469014,0.7843812,0.55916905,0.25437278,0.3313669,0.31026885,0.08747811,3.861231,0.6185515,0.21045075,0.27456352,1.0871758,0.69257534,0.19117126,0.15695152,0.17948087,0.11805937,0.014541693,2.3579087,1.3395507,0.1847749,0.39977837,3.0203066,0.34444085,1.841032,0.46834996,0.52528495,0.6055313,2.7473333,0.5286321,0.15115002,1.3031102,0.80622023,0.11158231,0.34514403,0.013054923,0.71717054,0.4068618,0.104411475,0.08667134,0.4344305,1.3753841,1.2261983,0.015341565,0.07096314,0.6893312,0.2794802,0.08567763,0.34925416,1.1627722,0.24917659,0.92025685,0.763753,2.0328646,1.8175634,0.80841875,0.020296678,0.69892615,1.2954651,0.5892909,0.8147628,0.23958431,0.13025068,2.4546256,0.067667015,0.0,0.0059859883,0.0049675684,0.2650201,0.15524523,0.0,0.13386343,0.0060727205,5.3935523,0.53690416,0.57628334,0.31392184,0.92590857,0.024042618,0.51177,0.4934321,1.173168,0.14158283,0.23311135,all_pothole_images\pothole_images_new_image_883.jpg
0.048231766,0.655335,1.1623954,0.8327216,1.0989875,2.2327151,1.0734563,2.4291468,0.16751543,1.5950146,0.5401615,0.43431363,0.8757053,0.58993965,0.071118526,0.19007538,0.004665753,1.4402034,1.3153332,0.16523285,0.0,2.6503077,1.9016532,3.9397006,0.47080246,1.1486897,0.3957154,0.86364853,0.41080558,0.7740598,0.8101966,0.35185927,2.319031,0.36506996,0.51322633,0.74063563,1.0981178,1.0039556,0.32016295,0.45346165,0.6132788,2.4379725,2.129112,2.824651,1.4482073,0.77826816,0.43383205,0.022820214,0.5273669,0.19667155,2.7545922,0.3931954,0.40836313,0.25978678,0.13793553,0.37136808,2.5197062,0.046498843,1.5647421,0.9832513,0.80939513,1.1001861,2.5525773,0.23603334,1.3674599,0.5160186,0.7783542,0.6438999,0.38840967,1.952471,0.33824977,0.12403463,0.3116454,0.4013562,0.20105755,0.23996858,0.838972,0.4554417,0.2751783,0.14230295,0.049396943,0.0045466265,0.34499872,1.3220993,2.6402414,1.4585938,0.6143736,0.09077543,2.2532043,0.53981036,0.6626025,1.8025718,0.29725355,0.21626015,0.083949275,0.02454546,0.25783226,0.4631628,1.4449135,0.3014618,0.0062748324,0.6959193,0.87995845,0.61738557,0.7686189,0.21363226,0.4706702,1.234401,1.263854,0.8199355,1.3709981,1.7055589,0.84959626,0.17080028,0.5929326,2.1757529,2.1861956,0.37214628,0.09044947,1.9491966,2.4909554,0.5814918,1.4961051,2.7864668,1.7778504,0.6534928,1.058696,1.0423582,1.6322479,1.7596092,0.87312824,0.8257796,0.9564682,1.5455093,0.00017249039,1.370166,0.09515848,1.7775117,0.062647164,0.95969516,1.0614374,0.59077936,0.9953667,0.7917988,0.0108416835,0.6500655,0.312409,0.110456795,0.69359475,1.5403876,0.24120513,0.14436439,0.32358262,0.7742084,1.5144589,0.22331165,0.44630498,1.2628887,0.05255792,0.5144658,0.92498636,0.61410296,0.21305169,3.899406,0.9710969,0.8279338,1.4043279,0.096384145,0.53112686,0.28828543,1.4228883,0.20986366,0.5274746,0.256522,2.3951023,0.5424915,1.6091408,1.4454811,0.9513189,0.6846271,0.5415037,1.9379892,3.9074526,0.7679043,3.0425022,0.37642825,0.9633851,0.31473976,0.06463193,0.64719504,0.9934447,1.0560492,0.038695402,3.4502614,1.9449341,0.0,1.1909899,1.3886632,0.35630453,0.63956165,0.23688304,0.37919807,2.9122112,0.39910585,0.28698385,1.3914546,1.0050277,1.2061722,0.7919971,0.9942553,0.07178983,1.0604881,1.5659606,1.9106654,1.8176175,0.22385563,0.28564325,1.2117476,1.3914818,0.19983956,0.3691483,1.3464376,0.022066308,1.1984206,0.057235043,0.4473559,0.98246515,1.5213969,0.9479259,0.011355912,0.71522725,2.458434,1.1652168,0.20218942,2.2653265,0.02036053,0.43079033,1.0014176,0.20060667,0.32195336,0.75096846,0.0,1.7190572,1.066809,0.23692678,0.9061881,0.36930573,0.61676335,1.0745583,1.8373699,1.4288653,0.009599891,0.3242486,0.34509876,0.5022392,0.62786454,0.6831942,0.4129643,0.98175716,1.5914067,0.03633075,0.19937557,0.5523209,0.65888625,0.020961212,2.4510934,0.30907398,0.16371462,0.6182309,0.51275384,1.0212625,0.52103513,0.27898043,0.28523624,0.63531727,0.9942737,0.50738513,1.342809,0.6902477,1.8627789,1.0458976,1.506095,0.42855495,1.349405,1.4439892,0.5524491,2.2513463,1.2606056,0.7368925,0.34298298,0.8268079,0.20177993,1.000288,3.3563652,0.46672893,0.11868634,0.80593693,0.41109455,0.19439922,0.65639555,0.3381323,2.5901082,1.8531438,0.5621705,3.664493,1.7727611,0.5016561,0.75566214,0.37455535,1.1281929,0.52341574,2.1970062,2.6255069,0.41480756,0.835258,0.21570148,0.64329064,1.4372878,1.0664109,0.48510048,1.130885,2.6301901,0.45869368,0.4462548,0.5315908,1.0364147,0.9656863,0.25862697,0.92641574,0.48765093,3.3020792,0.0,0.34886527,1.8130333,0.06745076,1.2175951,0.8306214,0.44739524,0.6507922,0.49529484,0.48716408,0.41492632,0.48545277,0.071008824,0.19624421,0.015216112,0.64145696,0.08432269,0.084642954,1.8362604,0.89731216,0.46887892,1.4931891,0.18804343,0.7589211,0.23448464,0.54503804,1.5012997,0.16169582,0.17566207,1.7331661,0.33170986,0.8023934,0.31906813,0.0,0.20103392,1.8498069,1.9960375,0.27309713,1.7304054,2.1104891,2.079813,0.18001193,0.19130385,1.8965812,1.7853705,0.7660203,1.4840667,0.7570891,1.3601333,0.14340238,0.5370017,0.7495632,0.9243206,1.4892726,0.24733959,2.16403,1.0627785,0.1826579,0.35625434,0.8082273,1.3421923,0.035099365,0.24798109,1.0299257,1.8009862,1.1391214,0.82300955,1.6791743,0.1440043,2.067941,0.8656406,0.87963134,1.7890986,0.19450286,0.20661268,0.446485,0.7597631,0.49668166,0.8599008,0.12691376,0.14063758,0.7333758,0.36576995,0.4007286,1.1735356,0.47798237,0.71269816,0.32878456,0.6984913,0.62760836,0.79745257,3.1967335,1.7121227,1.6736753,0.28944343,1.070995,3.0189223,2.5380223,0.024633551,0.10885329,2.33507,0.24631853,2.802582,0.3023923,2.7265494,0.89618,1.7684144,1.4966599,1.1547878,0.47630745,0.21782449,0.12717764,0.6180821,0.22089869,1.0670813,1.2451499,0.60873395,0.5060758,0.6248757,0.67293555,0.039652936,0.10243471,1.5815569,0.76182693,0.9414792,1.5011553,0.6857326,0.14828303,0.5122602,0.6228531,0.92059404,2.5032952,0.12131924,0.024166865,2.3252287,0.96333927,0.4679089,0.22589582,1.7661662,2.1514945,1.2111229,0.31616727,0.26730692,0.69196177,0.3486331,1.1106476,0.74822706,1.483172,0.5752872,1.9152097,5.2078724,0.8360953,0.90990984,0.0,1.1493354,6.7284045,0.056470793,0.27173862,0.45461488,0.276139,0.28837726,0.17566805,1.425974,1.25023,0.3256672,0.262495,0.63454837,1.0891695,0.31519964,1.1691242,2.6232426,0.97335577,0.8720983,2.1655943,0.8332627,0.0027114265,2.1877778,0.9223684,0.5387737,0.63561106,1.0134474,all_pothole_images\pothole_images_new_image_884.jpg
0.15909617,0.3514689,0.0003148167,2.2662463,2.07722,0.23404332,0.48716906,0.16870989,0.38474557,1.5091565,1.4609219,0.5077543,0.21678585,1.3777845,0.00093962427,1.109219,0.030497225,1.8190116,2.1339426,0.37639025,1.33051,0.1960113,1.0539867,1.4908457,0.99619806,0.25522566,0.20152271,1.2461876,0.37230173,0.12018205,0.043807235,0.12767972,1.0739198,0.11003609,0.027041707,3.2285125,0.10322069,0.6712922,0.9843169,0.00077972445,0.04698563,0.8106278,0.050474077,0.26278862,0.39046812,0.7980635,0.4942649,0.08263627,2.133841,0.6884641,1.056159,1.0025047,0.01806372,1.3050132,0.60454774,0.9827062,1.4641583,0.050387837,1.5255767,0.06970806,0.4434419,1.3685175,1.2009987,0.2150834,1.9998287,1.1674876,0.3040704,0.7927512,0.7946692,0.089579776,0.5577006,0.40321139,0.19037342,0.16527814,0.030485244,0.08698053,0.7678587,0.59475857,0.10660351,0.56566286,0.20052771,0.24156755,0.23326044,1.1654078,0.013793907,0.09031942,0.18733865,0.021001423,1.5477468,0.5374649,0.2673014,1.7813158,0.93421817,1.4451835,0.52423865,0.055909306,0.9917227,1.1013567,0.88455087,1.1385297,1.5230192,3.2371235,0.050844084,0.0,3.1472068,0.0050720167,1.0534861,0.88726044,0.46851215,0.6770859,0.20983547,0.003780281,0.06438039,0.13835701,0.688475,0.7610586,0.39317125,0.11578962,4.9584675,0.7889148,1.3339862,0.15300171,0.6319479,1.4877646,0.9484095,0.15944546,0.07012475,0.5883279,0.62284976,0.46294892,0.57819015,0.33155587,0.9146273,0.18818597,0.39049965,0.1414099,1.2400146,0.8755193,2.0295346,0.018414991,0.052475017,1.5388511,0.1511393,0.1655294,0.31872576,0.23563963,2.0305693,0.32349682,1.1915857,0.877767,0.0370891,0.36441416,0.6534587,0.4684455,1.1602968,1.468294,1.5305539,0.3284423,1.3426307,0.72152615,0.78044665,1.7498604,0.25561324,1.629827,2.058408,1.0289321,1.1057583,0.22371006,1.9733852,1.9389923,1.3547175,1.3529644,0.23880927,2.6414082,0.52602166,0.026343334,0.54725283,0.13450046,0.16950926,0.18772541,0.19008906,1.9463948,0.8267606,0.4437462,1.8513136,1.4331967,2.1764436,1.759513,0.224369,1.8908643,0.14806654,2.5551686,0.009523866,0.61600316,1.2651525,0.7044106,2.8398418,0.83053637,1.7577134,0.017103445,0.98201126,0.3531183,0.26455536,0.033605885,0.63932514,0.10064838,0.5668371,0.029253094,1.6261132,1.0377662,0.60524964,0.14661585,1.9702466,0.11199536,1.5990161,0.37808493,0.2813928,0.26059577,0.39010996,0.6337533,0.266088,0.43707785,1.1950766,0.1220447,0.042014763,0.40726385,0.18508996,0.1526967,3.439761,0.6991179,0.10747331,0.018885182,1.4793434,0.2006756,0.07029336,0.5653101,0.8934777,0.34638786,1.0563843,1.9355156,0.0074212393,0.0070693954,0.1321915,0.56616944,0.57489485,0.040931392,0.69372356,1.4424248,0.6587453,4.9581017,1.1413331,0.28754258,0.15480535,0.10516689,0.6439964,0.10018737,0.36676434,1.5082469,0.3900064,2.1177866,1.1382465,0.08303839,0.6795052,2.6832705,0.788083,0.027644143,2.802359,0.3858352,1.2807922,0.5637811,0.1311469,0.13287638,1.7385093,0.24175161,0.36391336,0.583808,0.60271806,0.15890124,1.8795213,0.7194085,0.23661524,0.79521817,0.986751,0.0702274,0.0075769788,1.3225403,0.78116155,2.0567377,2.343266,1.0356356,0.0,0.4039793,0.121401004,1.6080974,2.5123231,0.20671198,0.061670884,0.3816312,0.57822657,1.2334228,0.9283223,1.6907457,0.752939,0.05371,3.6008213,0.60130906,0.35031185,0.0951294,0.79695153,1.170451,0.57612294,0.06093239,1.8721403,2.7958536,0.12089519,0.105653666,0.19664161,0.4247991,5.37427,0.41705707,1.0041306,0.024099978,0.3396328,0.20139624,0.23702063,0.1463153,0.17318574,0.5515597,0.3784862,0.6147507,0.8223231,0.4480558,1.1472522,0.6007822,0.14003515,0.23870152,1.5917132,0.5426364,0.53953767,0.47952208,0.7396402,0.6009667,3.1687217,1.6473294,1.9017092,0.4878241,0.41153732,0.08580583,1.2057161,1.9852569,0.3761886,0.04726266,0.0010062319,0.5797171,0.5968751,0.29960263,0.41338265,2.8521209,1.6711091,0.19406706,1.3840765,2.404014,1.074993,0.44254827,0.13123906,0.28894734,0.37520626,0.21951948,0.00534934,1.5686231,1.5105022,0.17688058,0.6909547,0.41910577,0.4668273,1.0720236,0.30048725,0.0,0.3490641,0.2837869,1.8245302,0.0,0.37231296,0.3550935,0.17442322,0.025349664,2.6584697,0.9314673,0.15093657,1.001005,1.1568493,0.18309666,0.29459107,0.4537721,0.0,0.13832186,0.3047854,0.4919498,1.0466471,0.19552499,0.41362146,0.9094439,0.28641814,0.29339617,1.4382153,0.0012020932,0.6681941,0.9565679,1.5238619,0.21293406,0.032489687,0.057314172,0.027314186,0.6657824,1.0352815,0.36412704,0.5790072,2.6174667,0.39138004,0.16960058,1.6484613,1.2530857,0.5100687,1.3773638,2.4051466,0.8045302,0.32599184,0.6479699,0.40688643,1.1975361,0.4028391,0.020066638,0.23032857,0.1817444,0.32136336,0.57459056,1.4434282,0.35375443,0.9914678,1.1700108,1.3755714,3.4659374,1.1057419,0.061727766,0.0,0.4923568,0.24315758,0.10462058,0.13215946,0.77373415,1.611021,0.16403428,0.39618376,1.1680311,0.58022344,0.36482918,0.3742373,2.0913937,0.61538994,1.2163945,1.6246593,0.32457668,0.67525655,0.05394437,0.18391249,0.45344123,0.56298023,0.07647663,0.09992304,0.15488467,0.082707085,1.3313328,0.12295647,0.6769374,0.3440753,0.31139815,3.2347252,0.24736853,0.45372167,0.006771833,0.020171463,1.0390629,0.9960172,0.38739586,0.6125577,0.35363153,0.15837926,0.057104547,1.6082994,0.5204416,0.2525564,0.9522776,0.06525857,0.13813975,0.0,0.0,0.0,0.013301404,0.015986795,2.2035246,2.7976034,2.312559,0.67388994,0.004462389,0.18220438,1.9193183,0.647478,0.37404796,0.9884217,0.40536729,0.23358366,0.92953694,all_pothole_images\pothole_images_new_image_885.jpg
0.285518,1.4224257,0.90515137,0.6621078,0.91557497,2.5499434,0.6272213,1.1131222,1.0942608,1.3183113,0.18491678,1.1548015,0.067837216,0.6654401,0.6944494,0.3576425,0.3225258,0.034950722,1.5102464,0.049137693,1.0898895,1.769107,1.9057024,2.073664,0.041304756,0.6531129,0.44081503,2.1541355,0.09035788,1.2149098,0.34145018,0.007822225,2.137016,0.1147566,1.145462,0.6350506,1.6907887,0.08531202,0.153888,0.82338744,1.1498034,1.621331,0.30741337,0.27025858,0.5072462,0.15299088,1.0065429,0.097750604,0.25531816,0.09707762,2.6333718,1.4625849,0.5485784,1.3031768,0.7091986,2.4899287,2.98795,0.68545306,1.7791826,0.7560267,0.6605366,0.9204123,2.0158274,1.0030271,0.97268915,1.3339102,2.1944366,0.04983036,0.29125577,1.3397669,0.62614286,0.19633181,0.16942145,0.9128271,0.10662155,1.363554,0.21838722,2.5615857,0.09390818,0.24526526,0.96390116,0.41860503,0.088530295,1.3535274,0.80022216,1.3420758,0.2423209,0.060217373,3.3636897,1.0183724,0.518401,0.8957237,0.78396356,0.23796017,0.5887128,0.019172452,1.0350665,1.4518205,0.9136801,0.65699035,0.13709164,3.4500563,0.99030745,0.9260809,0.8968158,0.21365477,0.14617838,0.42354107,1.0460978,1.9009533,2.2860546,1.7970262,1.2793456,0.19603546,1.0930793,1.3850709,3.006782,0.71531683,2.3742676,1.427529,0.5047991,0.6418808,0.8765893,1.3385423,0.8408409,0.26331186,0.65106106,1.3020115,2.4587448,0.059887353,0.36630234,1.1497879,0.13554378,1.844161,0.40800044,1.6321629,0.65087265,0.7207032,0.47964108,0.7050457,0.57372004,0.17080688,0.24109551,0.79931647,0.1490674,0.6219604,0.28017852,0.7882014,0.5258116,0.946815,1.2631263,0.4463177,0.1786417,0.9439999,2.112935,0.6400528,0.15049835,1.6235714,0.4414959,1.4634808,0.7313034,0.10441418,0.45928448,3.081193,0.8642192,0.4894521,2.7307708,0.21818441,1.8949612,0.0,0.80767804,0.16627546,0.42144737,0.68045837,1.4312425,1.1200135,0.7130963,0.5127571,0.30524752,0.62901837,0.3611074,1.1078162,2.2307081,1.0467099,2.3851821,0.03007804,0.3081047,1.1389325,0.22715174,0.46289206,1.6628985,0.009685739,0.061469533,2.7008932,1.028771,0.37123495,0.1455706,0.87544155,0.75866276,2.125887,0.027447406,0.23544446,0.7107667,0.12176931,0.5918828,0.76547736,0.035649117,0.5976113,1.563896,1.0534606,0.4027157,1.0510415,0.87732404,3.115005,0.97180307,0.30719987,1.2851118,0.7243347,1.423844,0.82445323,0.28546834,0.6319672,0.32111067,1.6056641,1.0597813,0.9322972,4.3207088,0.4108321,0.31058466,0.022619342,0.52024776,2.3847947,0.29490924,0.049463358,2.2069457,0.7615195,0.6468376,0.03969848,0.11035232,0.13070971,0.55859935,0.8837253,1.1540636,0.6012911,0.68203694,0.24861032,0.21938235,0.09846687,0.18669549,0.7617983,4.982012,0.2705124,1.3029172,0.17799807,1.4103174,0.5148217,0.76916283,0.8333512,2.5991879,1.8591433,0.26854667,1.4175714,1.1993548,0.8862507,0.2566231,0.3174394,0.037026763,0.02214486,1.8509356,0.22128423,2.0265112,0.16746509,0.27776122,0.008584745,0.20606947,0.54424113,1.0850698,1.84823,0.087386556,0.36913177,0.2752187,0.14100489,0.4087835,3.4895346,1.8727592,0.5558273,1.2416378,0.46405643,0.6389011,0.021148384,1.6865232,1.7913357,0.06981676,4.6029587,0.2893484,0.97720337,1.8755013,0.17719632,0.16616058,0.091758296,0.027940514,0.4388559,0.64050215,0.47498912,1.0303452,1.8787811,0.6442378,1.0312016,0.35334322,0.5477241,0.87696683,2.6221766,3.13387,1.2034596,0.56923205,2.4676614,0.77490264,2.5553608,0.8036393,0.34209573,0.33534,2.3651009,0.48885947,0.30090815,1.7246252,0.4538989,0.3518938,0.45146918,1.1417655,1.0551292,1.0209095,0.70489603,0.34249592,0.92168033,0.35916105,0.37956026,0.31536597,1.3249009,0.20574203,0.40028396,0.7395279,0.8246155,1.6813794,0.0,0.6316836,0.026826011,0.55517566,0.15380947,0.24628417,0.4781727,0.8636074,0.16353944,2.471622,0.47933468,1.0274793,0.06319233,2.3594546,0.76044273,0.4849107,0.06650567,0.19017963,0.14731051,2.75341,1.9840965,0.2067728,1.021158,2.0849936,1.1985843,0.46816066,0.03645665,0.77776164,0.7713842,0.60991675,0.88361126,2.7010167,0.19213304,0.08238253,0.21371646,0.5682852,1.1293113,0.21515097,0.3059665,0.4171565,0.6837467,2.1572917,0.9158331,2.2242973,0.8246125,0.31156778,0.29355723,0.2139433,0.16450614,0.0,0.5033555,2.218539,0.28472373,0.90597063,1.228702,0.66165984,0.3104606,1.5819566,0.6451655,0.11289501,1.1553411,0.5679311,0.27873334,0.239251,0.13460708,0.3713803,0.8931081,0.4304625,0.21041994,1.8959384,0.42147383,0.25221333,1.7647238,1.461472,1.4564961,0.94392884,0.011505832,1.1121175,1.2189331,3.8711646,1.7159944,1.3957597,1.969393,0.23090962,2.7656558,2.4033508,0.43957162,0.8091187,0.96413475,0.19028722,3.725512,0.69696844,3.5964065,0.5921254,1.576217,1.2306031,1.0842315,0.52840894,0.32440168,0.082882546,0.031406704,0.68733734,1.4793594,2.2659729,0.3346268,0.031693656,0.5088253,0.7495944,0.14002286,0.88285017,1.3355826,1.5218463,1.397638,2.2075408,0.57452506,0.69881225,0.2345299,0.09261198,0.43304878,2.9409132,0.5076559,0.10145561,2.9318595,0.0012257871,0.798942,0.80736107,1.5001142,2.03796,1.4548419,0.705076,0.38750458,2.2364695,0.4624513,0.09502008,0.60229135,0.42503178,0.8215959,1.6999638,3.1595414,0.3378614,0.40993494,0.073530465,1.4051286,5.0106587,0.3421523,1.0272702,1.0669847,0.00041736942,1.2754896,0.26568526,0.48347145,1.3813126,0.4526221,1.6197917,0.29735175,0.6985833,0.26887804,0.89403254,3.245208,0.62811965,2.223342,0.45535815,2.3240542,0.028284434,0.63806325,1.0727158,1.5721601,0.775096,0.38334277,all_pothole_images\pothole_images_new_image_886.jpg
0.1898943,0.43172976,0.18870462,0.5487309,0.26974487,0.39314798,0.27213052,0.24316555,0.073962435,0.12789735,0.24660918,0.21735078,0.00994292,1.9931768,0.017460998,0.0941151,0.17027803,0.039130136,1.3204894,0.024405701,0.33121225,2.1203883,0.22943771,0.39223915,1.1960105,0.8032009,0.07871548,1.1139938,0.14251748,0.028834106,0.58535904,0.48857078,0.18752006,0.09437585,0.16650613,0.7041883,0.21345523,1.0087165,0.35817274,1.3274918,0.01753519,0.0064778524,0.14405183,1.1145484,0.22259429,0.0017504325,0.0,0.7005303,0.58087724,0.22758324,0.539351,0.28297752,0.05157053,0.12741737,0.09252361,0.56858313,1.625909,0.24394304,0.3761309,0.29804918,0.055086665,0.19911174,0.14988776,0.008970393,0.13815635,2.908898,0.4552992,0.0720143,1.2598159,0.023755379,0.17568311,0.3210327,0.08763852,0.057623357,0.13647947,0.29038638,0.08000374,0.40126476,0.04212607,0.32362294,0.015194059,0.12612629,0.1510029,3.1472204,0.07486211,0.14107817,0.7462703,0.044335205,2.1193526,0.110860445,0.18920378,0.19836524,0.0015252287,0.13745624,0.038694847,0.0014194464,0.48150793,0.40546626,0.86231256,0.075805485,0.00015033362,1.6764302,0.48809293,0.11096144,0.21870838,0.33467487,0.54759955,0.2905908,0.020164244,0.6566681,0.0,0.836806,0.023175132,0.21054092,0.13257729,0.22554368,1.5313067,0.0106170215,0.9191684,0.775854,1.2649664,0.024807312,0.20084,0.024602162,0.65542245,0.87387675,0.020738166,0.030922724,0.43978196,0.46246287,0.1861632,0.07380832,0.16254191,0.064850606,0.097451955,0.46259463,0.1417721,0.71288025,0.7983178,0.6694764,0.031241348,0.19043358,0.047679536,0.86108,0.09925636,0.16212067,0.5142755,0.6083713,0.24577077,0.12970196,0.20034663,0.23239507,0.08091777,0.0014598743,1.0448599,0.12922052,0.25765556,0.21328743,0.08002162,0.064354174,0.7928582,0.8072269,0.08439324,1.4079884,0.08698789,0.09089896,0.11228345,0.31004944,0.56145763,0.7448701,0.09879334,0.0,0.002730924,0.10058935,0.58654743,0.038514126,0.02836624,0.047903206,0.0,0.109189905,0.0,3.5070925,1.2318021,0.57481027,0.90246487,0.09409515,0.37698075,0.02002386,0.5103462,0.18193671,0.13602379,0.19729036,0.057044476,0.2533486,0.1567687,0.04439678,0.311091,0.46075746,0.51179326,0.26915014,0.18809085,0.11868112,0.021050524,1.0729928,0.6287836,0.021141397,0.123977736,0.116538,0.15243527,0.0,0.32924122,0.003326912,0.9132869,0.1875072,0.21212368,0.05708581,0.3614459,0.25799605,0.58103955,0.07094898,0.6310847,0.23734488,0.36701941,0.75000054,0.18240887,0.12799211,1.4084138,0.0043408927,0.40536466,0.13682294,0.0,0.11978027,0.38517126,0.08547656,0.1866135,0.090857014,1.3250662,0.08980285,0.19605175,0.499662,0.2243364,0.043610085,0.07116182,0.028762242,0.2542673,0.0,0.3081373,0.43634936,0.13697653,4.5072403,3.0525324,0.032587208,0.30250445,0.0274399,0.028484337,0.14246383,0.4608436,0.2569708,0.09132512,1.4699167,0.112709254,0.09683669,0.4133433,0.24598028,0.47365603,0.31466547,1.5700468,0.1184312,0.42071322,0.08075726,0.1310702,0.06864064,0.39775762,0.66038525,0.9229033,0.3460259,0.07873527,0.2296091,0.23853613,0.17025429,1.5486578,0.2715868,0.5590544,0.014585059,0.2780675,0.27534518,0.5307084,0.61239815,0.6687297,0.022844912,0.05706514,0.20562573,0.104127295,0.039899196,0.21934201,0.49775815,0.14667861,1.4679321,0.15251873,0.49012506,0.34870642,0.78046626,0.0009253867,0.65756214,5.06806,0.20606735,0.0,0.15233146,0.2109545,0.34826738,1.1400886,0.04314042,2.3129663,0.9068518,0.001090162,0.24816744,0.24127752,1.0699836,1.8527548,0.36518955,0.04974079,0.0,0.19308487,0.11898751,0.43435887,0.22328615,1.4223245,0.12842518,0.5185517,0.3582698,2.2148116,1.3097605,0.017426334,0.18854588,0.15610042,0.79643846,1.2148203,0.20122917,0.007984189,0.11604799,0.031189382,0.106983885,1.2588472,0.09386474,0.30954367,0.27208105,0.051858287,0.2496817,0.2898103,0.5230085,0.3617795,0.057722617,0.9183155,1.0638547,0.008814687,0.44689953,0.4581911,1.1259155,0.23196256,1.0341003,0.0781434,0.009180311,0.0,0.13068078,0.0,0.0,1.8866237,0.250676,0.13305482,0.0310635,2.584291,0.0,0.29284522,0.03513247,0.0,0.03408639,0.0,0.04936136,0.21874596,0.2770044,0.44807905,0.0,0.23696862,0.18872732,3.3390844,0.82184285,1.0402274,0.0027718407,0.08572204,1.1817405,0.5380983,0.89823484,0.0,0.021306977,0.060749806,0.007266758,0.33594275,0.06331242,0.0062934184,0.09979241,4.5902514,0.48678908,0.6319038,0.1099907,0.7221556,0.0,0.26781717,1.2693614,0.11071749,0.05201936,0.39667973,0.14482945,0.08843447,0.7150915,0.0048692864,0.036029853,0.002178977,0.16758269,0.041286122,0.0,1.9308112,0.02208275,0.87766397,2.076094,0.6505428,0.13927191,0.29736322,0.36203083,0.026195282,0.39238644,0.714533,0.016988687,0.06627823,0.06379354,0.19694883,3.3356714,0.6175636,0.19595154,0.017939921,0.07973837,0.4991224,0.089559406,0.006544564,0.36059156,0.9948454,0.021152666,1.4647843,0.60272217,0.25097525,0.40174758,1.0572938,0.22821993,0.88122773,0.78857714,0.33557892,0.9193889,0.5146377,0.38414568,0.36744514,0.9307595,0.2700556,0.15790494,0.66326356,0.0,0.32181594,0.05183199,0.113385834,0.3656468,0.080376096,0.16407962,0.73879176,0.29925403,0.51691824,0.113704056,0.3265841,0.038073458,0.21970959,0.764767,0.29350668,0.48966143,0.071585126,1.9256355,0.66555965,0.09454835,0.14401565,0.43451673,0.039717857,0.14020994,0.7172944,0.22827518,1.5525845,1.6350174,0.067299984,0.13603772,0.0,0.3539739,0.2273341,0.1680659,0.14314005,0.015418317,0.3350415,4.2395687,0.11895539,0.10087395,0.055029877,0.17164837,0.54396605,0.12319573,0.6552316,0.2727099,0.9100668,0.5613319,all_pothole_images\pothole_images_new_image_887.jpg
2.4221613,3.5938663,1.4374554,0.7288781,0.39269844,0.007950067,0.92391825,0.88592154,0.9816895,0.3354827,0.72263116,0.9015684,0.73083013,0.56210685,0.047899295,1.7587866,0.011661891,0.51884496,0.39773363,0.86186075,0.58760196,1.4729848,0.76730675,2.1708353,0.9753269,0.9080763,0.284681,0.3375078,0.104867406,0.07813304,1.2321138,0.47559917,1.0913581,0.43444788,0.008642926,0.06323955,1.2583282,1.8705883,1.6026652,0.9845375,0.2901842,1.9016942,0.08885922,0.09970048,0.72024876,1.5626625,0.7575504,0.08077992,0.14970239,0.31047082,0.6034298,0.60980093,2.0717335,1.6252838,1.0022497,0.13765724,1.5971859,0.3326337,0.01361011,0.9468216,0.09202237,0.31427866,0.4813684,0.0290166,0.6483651,0.6886315,0.086712435,0.59074503,1.2048454,0.12529938,0.6484661,0.94133645,1.1790725,0.0068365433,0.48909074,1.1061409,3.7548847,0.31051114,0.3550977,0.054056138,0.25792184,0.5146858,3.5508103,1.0212789,1.1505551,2.3941832,0.6626392,0.028265232,1.445064,0.52184117,0.36729646,0.4182218,0.17983048,0.23841493,0.13935998,0.037362564,2.069432,0.9541498,0.5049543,0.25869566,0.7692238,0.35886374,0.0949962,0.45422393,1.1866586,1.185749,0.5930048,2.1320446,0.36454383,2.6970305,0.0,1.8306383,0.21876293,1.1537311,0.008233002,2.8365827,1.3098599,0.8001149,0.6288079,0.24009585,0.20735514,1.7234325,0.24019699,0.8232375,0.13280629,0.7050761,0.5740741,0.79955924,0.5871942,0.5226585,0.9165294,1.7145187,0.109704636,3.969364,1.3351418,0.7179271,0.09650517,0.050215863,0.093009025,0.386762,1.6558686,2.2792943,0.5062875,1.3383473,0.029206874,0.43764845,0.7160178,2.0650992,0.5462117,0.46931037,1.2667975,0.32733133,0.25820124,0.91130483,0.53425163,0.008763331,0.35323453,0.92725354,0.29550204,0.24240471,0.6340307,0.7684912,0.5918154,0.4256334,2.7328317,0.27078024,0.7955981,0.15618485,0.16971849,1.9248738,1.8073279,0.22940798,1.1944664,0.06134172,0.6307167,0.6175598,1.4345064,0.13708284,1.8555818,0.1740873,0.7329934,0.5197083,3.5512981,0.16702728,2.329234,0.043279048,3.3284357,0.29401538,0.014593694,0.048296697,0.7771345,1.2518977,0.037007254,0.98801166,0.42016882,0.0,0.0,1.6639895,0.57025206,0.24931043,0.022648802,2.2032561,1.0214629,0.75573504,0.20315805,2.4601686,1.0268841,0.56788445,1.8853078,1.0305295,0.6568972,0.73004365,0.6705015,1.4791422,0.18031424,0.47582507,1.2085718,0.10462688,1.4367535,1.0922832,1.2412494,1.885426,0.27838862,1.0573331,0.3444533,0.6437087,0.35738352,0.8773908,0.11999007,0.42097294,0.52332634,1.4369606,0.0013455707,0.60196227,0.089366,0.3925494,0.15708,1.3312138,0.21201512,0.15886138,0.0012167796,0.1753663,0.87727976,0.19336823,0.44504026,1.6165354,1.6017247,1.4205649,0.58599496,0.40641454,1.588628,1.0077062,0.13218497,0.19351046,0.03714938,0.6270854,1.6850194,0.68487,3.6210282,0.49846208,0.092530504,0.14670482,1.1313245,0.9196031,1.0098664,4.542873,1.1413308,0.6366755,2.150905,0.7154825,1.1410692,0.30757108,0.8304017,0.9601264,0.3232053,0.7253253,1.5599829,3.52108,0.5492417,0.40344992,0.40017092,1.5030732,0.62288463,0.026436528,0.3016588,0.21659033,1.0414939,0.630995,0.8020038,0.8861481,0.98149437,0.24331391,0.4961769,0.14476483,0.82888615,0.62906784,3.4628503,0.539359,1.1008154,0.62558436,0.20145641,0.064885676,0.3377332,0.8814803,0.4645164,0.5859242,0.06386837,1.490615,1.2815678,0.0063285558,0.71368563,0.58421767,2.173363,0.20117125,0.12415002,0.652365,0.20794858,0.27617338,0.2480896,1.3748119,0.4130225,1.8557333,0.65713865,0.32568622,0.8314209,0.55959153,0.22064275,0.20043252,0.234547,6.685202,0.8898812,0.72322154,2.11882,0.82327986,1.734957,0.15912183,2.1406224,0.95264345,0.8884562,1.314921,0.19196154,2.616479,1.1948249,0.70199305,1.6629392,0.3082433,0.6265341,0.12436797,0.33318025,0.12490899,1.0838617,1.242222,1.470108,0.2898225,0.5881006,0.004896133,1.2029467,0.29613304,0.5235846,1.1509918,1.0332007,1.2491744,0.06956275,1.855478,1.5929092,0.8018873,0.78158736,1.2604436,1.114519,1.6030351,1.1136788,0.40763238,0.47088572,0.4374771,1.0292002,0.560018,0.9879274,2.2639103,0.39383367,0.38473997,0.15938886,1.1282188,1.4797959,2.043457,1.1230338,0.21174838,0.68330824,0.08276387,0.4035331,0.14910097,1.1356208,4.2412577,1.9257485,0.8607961,1.1821811,0.16529828,0.25849578,1.34297,2.112128,0.7255651,1.2137027,0.6446669,2.247065,1.3641133,0.20104049,2.2214966,0.60792935,0.9737402,0.8476251,1.7317001,0.0,2.0868056,1.2216051,0.11867651,1.1330647,1.8422443,0.08635894,1.1752659,0.1543326,0.24452013,0.31032068,0.19203411,0.7449682,1.2221371,0.20537308,0.09623973,0.4953298,1.5819668,0.96723586,0.89254975,0.32963562,0.7662,0.008412249,0.4205158,1.1263082,1.2290266,1.4850935,0.29378548,1.1060333,0.071630694,1.1308274,1.6149063,0.21897127,1.1798431,0.46883735,1.1065147,3.2024448,0.8832651,0.23406127,0.67282736,1.9447746,0.09484396,1.6786224,0.8937553,0.37823296,2.566712,2.3782537,0.34075332,0.12313695,1.2459402,0.35335034,4.639787,1.337914,1.0631641,2.11964,1.6794418,0.7854495,0.6016563,1.5811754,0.8074619,0.7298078,1.7273015,1.1751564,1.3446122,1.7600486,1.0235574,2.3753655,0.15704651,1.3184562,0.6593092,3.1249597,2.2159421,1.2988962,0.27584118,0.81085646,0.72871196,3.2327414,1.2368832,1.1471214,0.5876933,0.9697709,1.4599266,1.1300794,0.29113385,1.8744564,0.10555151,0.71677995,0.77111745,0.43325126,1.5214092,0.5800309,0.43344083,0.7754365,4.272844,0.6107761,0.056490775,1.9754626,1.6417384,0.07209841,0.5685934,2.0143116,0.8317402,all_pothole_images\pothole_images_new_image_888.jpg
0.6766986,1.4168519,0.9362526,0.5631969,0.17353211,0.9919495,0.42084974,0.13903624,1.3779669,0.5460429,0.56147903,1.2020795,0.5713484,0.46833435,0.76966,0.952015,0.0860177,0.020548703,0.64382297,0.41693255,0.21697326,0.7753075,0.056329917,2.1428297,0.29983327,0.8785979,0.07892012,0.52305037,0.00041978364,0.096692145,1.3334802,0.1929034,1.7028987,2.7812343,0.13436863,0.80227864,1.5069876,0.605133,0.3234286,0.73210675,0.6548912,1.7102998,0.8117987,1.3394452,0.49710694,1.4287363,0.13024239,1.1023209,1.6678021,0.64542675,0.40320745,0.9672095,0.21293542,0.1752479,0.18419987,0.29356387,1.1961246,0.23532456,0.65324277,0.46195826,0.0020679762,0.5269361,0.9370464,0.64928114,0.3166525,0.7462938,1.8921998,0.5779637,0.58525723,0.36600712,0.32516083,0.009176686,0.3464338,0.4090334,0.10913964,0.33023316,0.74719024,0.6743174,0.16768177,0.22847706,0.91753715,0.29123393,1.2710233,0.8190172,0.64933544,0.84053767,0.14950332,0.025497006,1.8196632,0.44753686,0.73943233,0.12782589,0.1849519,1.0366765,0.37611294,0.0127129005,1.9333025,1.4437405,0.45637843,0.13612655,0.116402976,0.5364437,0.14267235,1.9472712,0.33040306,0.2516697,0.99041116,0.44117215,0.5176155,1.972743,0.0,0.71394503,0.7643111,0.18203934,0.7129654,0.38066176,2.4976945,0.018306892,1.1783711,1.5016791,2.5096378,0.032846123,0.85808575,1.5238111,0.53449607,0.602449,0.88799626,0.7005374,0.054894827,0.42197907,0.26630878,0.10800961,0.019164296,0.12907428,0.35324836,0.95460624,0.3049619,1.4999287,0.085241295,0.058804948,0.19510332,0.0163395,0.3612971,0.40659195,1.1578315,0.019347837,0.15303795,1.2136858,0.71621233,0.31336102,1.4159443,0.37893403,0.66626406,0.5478348,0.2154656,0.20806417,2.0433517,1.019684,0.8707802,0.7420136,0.32127365,0.3273936,0.08302256,0.011912561,0.49639243,0.21950169,0.0929817,0.0,0.48007035,1.858825,0.007673039,0.51245755,0.0010781167,0.26513317,1.8547709,0.6043388,1.6193817,0.15424886,0.32491925,0.99012536,0.19801389,1.3614525,1.7715942,3.2024,2.4989352,1.3834428,1.8218492,0.4542589,0.50993055,1.9468997,0.257874,0.16043217,1.4972247,0.90882874,1.3202606,0.001972725,1.0286859,0.679891,2.1309528,0.39407152,0.5416402,0.33948472,0.7252538,1.1029272,1.0654535,0.9341744,1.3184896,0.77206403,1.4002824,0.018178474,0.011195565,0.367922,0.24376452,0.8922568,0.3934924,0.11699794,0.35222885,0.10064521,0.59827864,0.06065186,1.0086304,1.1479721,0.99613714,1.0968629,0.51939505,0.8325496,1.077157,2.5823164,2.0350845,1.1003206,0.0012915634,0.49973062,0.48699507,0.54076624,0.6172405,0.32877657,1.0135119,1.2981558,0.81326246,0.3992142,0.64778364,0.32590988,0.66276217,1.7325068,0.005756396,0.5380503,0.8535419,0.18501209,1.779559,2.3260188,0.36453763,0.4273087,0.07488325,0.47063804,1.6426052,0.2509227,0.850025,0.18110783,0.7370535,0.98562914,0.5132897,0.8963003,0.70929205,1.4587744,0.43447027,1.7405826,0.19124,0.3127116,1.8919225,1.8962382,1.1490397,0.030447673,0.5655611,0.2018286,0.0,1.4666338,0.36598358,1.5771638,0.8885274,0.45492166,0.24630687,0.37649542,0.84994406,0.16480117,0.014965027,0.06897705,0.64436066,0.6849298,0.6313195,0.07903,1.3752965,0.08106575,1.2525036,1.6678178,1.0458277,0.5796272,2.1154876,0.7394768,0.5720311,1.6153638,0.07724013,1.0335729,0.97467613,1.6922657,3.157752,1.7323359,0.11129469,0.46526718,0.3383798,0.25235608,0.07308535,0.41044578,5.1056104,1.3838664,0.19017416,2.4073205,0.14134325,0.33294836,1.3767766,0.62709844,3.1955168,0.7006185,1.3868746,0.080575615,0.76649106,0.4344371,1.5309985,1.1133901,0.22150677,1.1491278,3.63818,0.7281406,0.021512352,0.4619114,0.24250732,1.4451443,1.0139409,0.49353552,0.40073985,0.21506153,0.49820894,0.9968168,3.5632803,0.531974,0.6592159,0.33330372,0.46572152,0.1463799,0.14029828,0.3625071,0.2785712,1.553495,0.40862966,0.13062306,0.71204346,0.41516972,1.1829563,0.10243645,0.42745364,0.8986356,1.3127239,0.7543513,0.9729836,0.047374967,0.22980608,0.77440566,1.1520536,0.7722815,0.5302753,0.4836379,0.9822308,0.32435295,0.36044493,0.5779269,1.260359,0.85467404,2.0688105,2.7275503,0.10249486,1.1610446,0.5247354,0.3142612,1.3544972,1.079002,2.5423496,0.58374375,1.6054373,0.23015064,0.11644342,1.1703415,2.3006043,1.2062452,0.29600996,0.103670105,0.6323046,0.7346088,1.9562901,0.34539533,2.373577,0.35853562,2.6214123,0.28378963,1.7942233,0.0,0.73945946,0.14003015,0.60884005,0.9566015,0.19759406,0.46641415,0.019759567,1.0354066,1.7936479,0.08345522,0.018710699,0.4634162,0.80285907,0.3337937,0.026148772,1.247642,0.08717337,0.38101694,1.373658,1.0164446,0.24574058,0.5465282,0.96384597,0.10326834,0.69846547,0.8425842,0.19788307,2.0584674,0.23407291,1.3863614,0.1699844,3.2696807,1.8990043,1.1251558,0.5037531,1.2268078,0.43744004,1.6716981,0.38519582,0.6413269,1.4614036,0.029770894,2.1257567,0.61621577,0.4553818,0.31885985,1.80999,0.34022334,0.7541387,0.92810494,0.15446338,0.9555028,1.303932,0.021963345,0.6071764,1.1403332,0.55632526,0.6110223,1.6889931,0.48954087,0.14804602,0.592321,0.20724992,0.18332547,0.5032648,0.3876479,1.544696,0.077432096,0.20735255,0.019757416,0.20662794,0.16931708,1.182663,0.6344148,2.0399396,0.5586895,1.2323321,1.9033571,1.1193093,0.4486103,0.62385595,1.0290205,1.4896817,0.46405074,0.4273276,0.46522084,1.8112195,0.9919899,0.12538898,0.29599786,0.5923229,0.025107678,0.13109854,0.19211173,0.2771982,2.508632,0.48631063,5.5120325,0.7252099,1.3835471,1.120732,2.8597689,1.0687395,0.5290395,0.89165354,1.0455698,0.42300555,0.92474777,all_pothole_images\pothole_images_new_image_889.jpg
0.31922847,0.24522066,0.0,1.6101488,0.28218922,0.027492443,0.09786882,0.0,1.0109197,0.03328925,0.2588789,0.0067423424,0.0,0.37877402,0.004674165,0.0012855924,0.3494019,0.48961264,0.14230299,0.09226419,0.23033361,0.55840987,0.06556573,0.28874192,0.0,1.1985047,0.27639326,1.7165377,0.011354406,0.09977668,0.0,0.43844807,0.021324119,0.0,0.0887924,0.42674157,0.3830921,0.0,0.684064,0.0,0.12925752,0.34802744,0.22646205,0.8517123,0.71018636,0.0,0.0,0.8984339,0.007900728,0.9960061,0.0,0.024555571,0.17285942,0.10674116,0.47540456,0.7005587,1.2581387,0.0034433375,0.0,0.036156043,0.0,0.048137475,0.19071288,0.3902897,0.9116202,0.20791136,0.4701922,0.043929346,0.034876466,0.43686107,0.05339505,0.24724814,0.052471597,0.23950024,0.3021646,0.036607135,0.0,0.09666715,0.11037509,0.0,0.0,0.5734649,0.43336034,1.2847488,0.090997286,0.0,0.0769266,0.20132497,0.8097936,0.09675347,0.0066941325,0.26143053,0.047777146,0.25494987,0.10254155,0.0,0.14963429,0.48162442,0.033526428,0.08003551,0.11150451,0.02653317,0.7161704,0.0,1.76579,0.0,0.99150807,0.30569726,0.0,0.40824664,0.0,0.0,0.7859866,0.002636064,0.33198383,0.4891908,0.011190241,0.23183425,0.57196677,0.00087735936,0.12034143,0.0,0.003579299,0.13128726,0.15142825,0.13644956,0.09969308,0.0,0.28775448,0.060812537,0.0,0.047852144,0.071498476,0.46911332,0.09040771,0.10663059,0.0,0.0,0.082344435,0.0,0.009172454,0.07773618,0.5965993,0.0,0.00029901206,0.50294006,0.007820757,0.10301224,0.3108081,0.0111378245,0.14085956,0.24976593,0.0007511993,0.070884004,1.274901,0.8063718,0.0,0.040297788,0.88623106,1.1917835,0.2258543,0.09799863,0.19592488,0.17559455,0.42976373,0.14063093,0.91495055,0.011754467,3.106695,0.21646343,0.10118469,0.060255073,0.0,0.0,0.032352157,0.62519985,0.081734784,0.014960756,0.52679193,0.32598546,0.11142882,0.12187356,0.30685538,0.18910758,1.9206833,0.71233255,0.0048714364,0.09414912,0.0,0.4552482,0.001246084,0.14719805,0.27856883,0.07483869,0.007143637,0.0,0.89091337,0.0,0.85740185,0.33914146,0.0,0.19972232,0.004231684,0.013363648,0.20009394,0.17323916,0.23435925,0.0025309147,0.8516725,0.7143953,0.0,0.036349252,0.5209488,0.32832125,0.9796825,1.7772924,0.010455304,0.012493934,0.1898125,0.40795243,0.39243674,0.0,0.2906413,0.16589916,0.0,0.0054712165,0.34527478,0.045949448,4.7672033,0.3715935,0.010499656,0.023692062,0.3960128,0.0,0.57566756,0.05081551,1.5129722,0.0,0.0,0.16657333,0.085273236,0.078055896,0.0736942,0.0007071836,0.029722532,0.037418045,0.7393912,0.101358704,1.1709956,5.537046,0.0809829,0.06149982,0.0040156366,0.30070522,0.0742647,0.039785713,0.80955833,0.44273472,0.0,1.194933,0.0,0.010237885,0.30936533,0.0011510674,0.35765094,0.06832082,0.12157327,0.0042246166,2.3975523,0.0,0.2118275,0.0030313432,0.38401988,0.006534928,0.46410933,0.6309052,0.04515601,0.20775048,0.0047470867,0.13083085,1.3232648,0.38834727,0.022321228,0.0,0.0,0.9031032,0.35641673,0.018108446,0.48722667,0.05873413,0.0,0.0039834552,0.002049739,0.055570174,0.0,0.15325576,0.0015642926,0.22835182,0.04365865,1.7250851,1.2459056,0.51464194,0.033366,0.0,5.1719165,0.13749208,0.09894587,0.0,0.012371905,0.23982449,0.5002546,0.3539247,1.140239,0.71083015,0.015183748,0.03719297,0.09709754,0.88195646,3.0101724,0.061781097,0.08666633,0.0,0.0,0.02133656,0.030018095,0.3139258,1.4335988,0.0,0.010342625,0.0063947933,2.3514643,0.0030869285,0.36434415,0.104957186,0.0,0.0,2.675536,0.1376593,0.013217977,0.32067767,0.37501544,0.103816964,1.9609982,2.2417295,0.01076926,0.014104317,0.036435697,0.63531476,0.060896784,0.062612675,0.047707185,0.10376404,0.043757413,0.0,0.18672214,0.05918317,0.015594685,0.7081612,0.97840834,0.9534588,0.100021854,0.1640305,0.06999164,0.48594773,0.13171475,0.0,0.7583008,0.0093298545,0.10567685,0.06055664,0.23699628,0.34386495,0.0,0.0,0.01745547,0.49032047,0.25986072,0.0,0.0041811313,0.077606134,0.81077725,0.012182558,0.03882606,0.0,1.5373591,0.088343404,0.37127444,0.0,0.03311686,0.043715093,0.3079056,0.031748705,0.010580134,0.40548608,0.0,0.031131344,0.9111489,0.006400939,0.04848573,0.10436567,0.20313583,1.4461596,0.03510225,0.00019347799,0.4432549,0.010849875,0.28825977,0.2024882,0.09882574,0.37685195,0.04214004,0.0,0.03970715,0.000976739,0.003257402,0.1733349,0.48995045,0.79580575,0.62426513,0.09583582,0.5535855,0.5703851,0.6883003,0.0106493365,0.4570563,0.003804194,1.1892647,0.064401604,0.39937478,0.41104805,0.06383638,0.013657772,0.32597098,0.18580788,0.16536747,0.43002504,0.0,0.09251561,0.09372905,0.18031178,0.34925094,0.0017432141,0.063339055,0.0,0.22508131,0.0,0.0,0.2230166,0.18883686,0.020468134,2.0855265,0.3572459,0.11415266,0.0073951306,0.5969783,0.5784541,0.0,0.029081753,0.0,0.25568086,2.7644727,0.012096918,1.2250977,0.0,0.91022056,0.0,0.0001789891,0.0,0.13377026,0.4544658,0.15412356,0.0067295977,0.08379025,0.0,0.579552,0.7576262,0.03811422,0.0909414,0.004171925,0.042995293,0.0,0.5071642,0.5316875,0.37583908,0.23664331,0.0013042192,0.0,0.08328838,0.1917152,0.0,0.073112115,0.21864334,0.5435732,0.037506092,0.0,0.0,0.17737217,0.17996337,0.40441182,0.0026807243,0.023387862,2.958182,0.08520931,0.45733556,0.0,4.6415815,0.83061326,0.17144433,0.044008672,0.6864401,0.022366608,0.032859836,all_pothole_images\pothole_images_new_image_89.jpg
1.2435755,0.6981629,0.8587786,0.31153443,0.22362137,1.5790051,1.1816782,0.62221754,1.3042811,0.37763408,0.767716,0.6553703,0.7696447,0.06925429,1.560849,2.3608942,0.10998323,0.06597587,0.82914233,0.12077719,0.36532074,2.0661192,0.22162586,0.43752903,0.24950711,0.4761094,0.07639772,1.9737533,1.1940624,0.9408562,0.7697897,0.48164904,1.2245547,1.20623,0.18431777,0.5255649,0.0,0.856182,1.3564351,2.659939,2.0467591,0.13529024,0.025366057,0.672666,0.84480035,0.053152766,0.0406821,0.28475812,1.084839,0.38738433,0.41863698,0.16942067,1.2022686,0.03262913,0.154251,1.0532663,0.72757906,0.057806246,0.60549515,1.4192517,0.0083402665,0.448217,0.6492681,0.91412073,0.19455881,2.156173,0.70074594,0.44344774,0.9445593,0.45522732,0.0,0.31436527,0.5380552,0.6875506,0.3721586,1.7601464,0.39840037,1.1014994,0.055705424,0.49686104,0.32860056,0.56613207,2.098858,1.2788854,0.17671256,1.4061992,0.35963303,0.3377156,3.3252892,1.3886312,0.48408282,0.09236778,0.005672878,0.53180283,0.6989996,0.20211698,1.6822729,0.6971761,0.1268362,0.61968905,0.07583298,1.755028,0.33144525,0.7156035,0.6806102,0.9577133,0.6279381,1.0652138,1.4091382,0.9952919,0.21417084,3.8922496,0.976476,0.37733793,0.0018566385,0.106364995,3.1965852,1.6248472,0.07944995,0.6611765,2.6710463,0.48026866,0.27266178,0.21598628,0.34997788,0.2978946,0.13515057,0.26590985,0.99712634,0.33149585,0.26100546,0.97019535,0.28057453,0.017817711,0.63273174,0.6260836,0.36975053,1.772647,0.7941091,0.94121855,0.20866904,1.2397608,0.5649598,0.3014005,0.442127,0.63237715,0.7332841,1.8135042,0.2779757,0.27495846,0.7030915,0.028178142,0.07540106,1.5400503,1.7026873,0.7914978,0.3594616,0.09608826,0.09101869,0.44690877,1.0331559,0.3330375,0.25932604,0.30513272,0.55196,0.57307553,0.37453884,1.4342676,0.7082146,0.043423433,0.0079915365,0.10858002,0.05969352,0.3736132,0.635918,0.029062016,1.765088,0.07330592,0.6208174,1.6485837,0.6861226,2.22142,2.7223785,2.0676608,2.2768264,1.6509745,0.9472195,1.96437,0.13920352,0.85262907,0.014016551,1.4450704,7.0512484e-05,4.0039377,0.7901946,0.004626644,0.20212713,2.174915,0.8986345,1.0514944,0.08356512,0.8302882,2.0497367,1.5576578,1.4794607,1.1217083,0.45701185,1.078769,0.887378,0.047074,0.0075832633,0.9726581,1.2533582,0.0,0.70629406,0.7025856,0.049834713,0.7849631,1.4208025,0.28479177,0.32620135,0.79903036,0.1553777,1.59537,0.23836972,0.37815872,6.6918583,0.3226878,0.60836643,0.37253332,0.2265021,0.99407476,0.09500918,1.0943625,0.9330323,1.3641199,1.6273168,0.003165261,0.2386614,0.037391234,0.09721636,0.9462795,1.0653391,1.0525327,0.67259026,0.5323398,1.4819727,0.97698,0.42135128,2.0150297,3.1825418,0.022961728,2.0077515,0.6410152,0.19405572,0.0,1.4599787,1.0009708,1.2506996,0.80402845,0.033329707,0.16581844,0.63926107,2.312477,1.3763496,3.008198,0.25969687,0.78610104,1.4900315,0.9070646,0.54321045,0.5978463,0.003169491,1.1043279,1.1712916,1.5916495,1.7247437,0.7057173,0.7743979,0.37401798,0.16583921,1.0146266,0.057565596,1.045366,0.19757488,0.8808857,0.38243958,0.048453633,0.5007762,0.3561544,0.72773993,0.27643377,0.7175685,1.4013311,0.14919114,0.46502954,0.032460004,0.88737106,1.249731,0.35630813,0.004070643,1.1995744,0.40911064,0.47932845,1.565475,0.6174385,0.06899545,1.2826666,1.0423027,0.91799086,0.3035866,1.3191327,2.6536942,1.7666516,0.18754399,1.4323598,0.24920283,0.42656064,0.56425273,0.893749,1.1800836,0.56321114,0.079577185,0.21376714,1.582803,0.037810992,0.21465798,0.016623257,0.5180131,0.9903053,5.2437153,0.9544589,0.15616938,0.0,0.24693306,0.6904097,0.11248001,0.33136773,0.09860866,0.11615277,0.35674936,1.1261252,2.075092,0.03144474,0.06279457,1.4580668,0.42089197,0.91376275,0.5703374,0.4633366,0.732546,1.7077606,0.6323583,1.625702,0.6542483,1.8412981,0.14435865,0.1098138,0.58955365,0.7110064,0.097848125,0.0,2.1656148,0.20826805,0.34736812,2.2229931,1.1711216,0.48825267,0.18123107,0.08283318,4.474817,1.1016926,1.6628125,0.04617291,2.196865,0.03275603,0.07540114,0.91904867,0.96337,0.9084771,0.33934706,0.22951034,0.64722836,2.3630915,3.3124974,0.8944039,0.22647503,0.018334296,0.11064712,0.98438823,1.1181515,2.54246,0.12447552,0.3455056,0.26593366,0.64647955,1.7467668,0.30888277,1.9685024,0.06755257,7.5962853,0.40793577,1.228145,0.17022097,0.0011225248,0.15852095,0.6792992,0.010856153,0.066422425,0.0678703,0.67972714,1.2300934,1.6143831,0.5649622,0.009318967,0.2848119,0.9418702,0.75908285,1.3163666,0.40035552,0.48537233,0.1147339,0.25882086,0.4814874,0.69098943,0.73958594,2.327191,1.4742858,1.5628169,1.3436457,0.44793817,0.6907931,0.4017597,0.41426456,0.4489603,7.6085706,2.1411502,0.12811089,0.9013251,1.3574358,0.4205061,1.3439306,0.71930647,0.09399425,1.2035067,0.3043857,0.8855457,1.2871748,0.0,1.3149785,0.3239731,1.13001,0.8255585,1.3968288,1.164609,2.0804415,0.728029,2.1012578,1.0004046,2.5060155,0.101920456,2.2764256,0.82918996,0.0,0.15590258,1.1368219,1.2539508,0.74746984,0.63954365,1.0409573,2.5916255,0.037377898,0.4326794,0.12002806,0.76555365,0.09210424,0.38898072,1.0822573,0.6106646,0.07474427,1.0933781,2.8936026,0.8366871,0.29736987,0.020007463,0.30976582,1.8038702,0.5286496,1.0845048,0.55269396,1.6713481,2.5284815,0.23404542,0.52790064,0.26113,0.078360654,0.39139837,0.3311516,0.43073162,1.2016768,0.051612698,2.7412589,1.6048272,1.0462946,1.137492,2.5875263,0.31243768,0.66952324,0.8013575,1.1167501,0.33742726,1.5515548,all_pothole_images\pothole_images_new_image_890.jpg
0.7596274,2.9603796,0.6502177,0.22128117,0.61150575,0.8459893,0.43175355,0.6847253,0.21653883,0.6977903,1.9408704,0.5238981,0.6248703,0.38581657,0.12835798,0.3806206,1.9051275,1.1147174,0.17317504,0.85451055,1.5695094,2.0914657,0.93584454,0.80148476,0.31065747,1.263321,0.6936303,0.64715827,0.15343617,3.250697,0.40520823,0.21696542,0.78768945,0.42099345,1.3465563,0.25112566,0.7228679,0.7513806,0.34262607,0.032102063,0.8739722,0.014723609,0.24519281,0.48784217,1.7086427,0.19576755,0.36399984,0.0025844444,1.4470751,0.74534893,2.0111523,0.85728323,0.8905719,0.8335615,1.178445,1.2743068,1.6744715,0.6999281,1.742298,0.18993264,0.0,0.6599211,0.37079656,0.8316349,0.46640942,1.8288897,0.38586527,1.5247915,1.562589,0.33222604,0.21939608,0.9675014,0.4402223,1.7486585,0.5184421,1.0118396,0.43498057,1.4354758,0.5182022,0.5997149,0.61156356,2.244112,0.09246516,0.48394898,0.67085874,1.5961248,0.82136303,0.9266905,3.0453627,0.31394964,0.93851095,0.51925915,0.93470055,2.965279,0.19650973,1.3098001,0.38146693,0.2626716,0.31144193,2.3486702,0.08239676,1.559481,0.20756234,0.27219552,0.35391265,2.6215408,0.5362968,0.32356352,0.35925215,0.42123157,0.4682499,2.6509616,0.6420903,0.7090478,0.46175683,1.3434011,2.3941374,1.026424,0.38827989,0.3654076,0.7389789,2.8279724,0.9978877,0.040556163,0.50258785,0.48615623,0.17772566,0.42662784,0.9486713,0.36663792,1.9419471,0.4206036,2.2032127,0.8859126,0.94164306,0.7701396,1.4632553,0.65825963,3.0673535,0.1557353,0.27180386,0.46365142,0.29717514,1.5385677,0.9793296,0.8346531,1.7425054,0.0,2.3979938,1.168006,0.72269315,1.841591,1.1484113,0.24941012,1.5185155,2.0704386,0.32779706,1.966654,0.25825593,0.39017195,1.8147038,0.44893467,0.094665855,4.3278217,0.36184022,0.045574717,1.3987569,0.2663272,2.0392308,0.024005381,2.987314,1.9405354,0.36089185,1.6724286,1.1006973,1.3018689,1.1897424,0.6622898,0.106103934,1.0527349,1.4017265,0.75980824,1.973898,0.5027755,0.7470155,0.04317534,0.80795705,1.7188786,0.5881469,1.2115251,2.0916436,3.1274202,0.39975652,2.0766983,0.8129014,0.3857748,1.3166745,0.6074054,0.043162044,0.84528196,0.038439278,0.5406958,0.92817163,0.57697624,1.838913,1.4842788,0.6228249,0.33884695,0.4998473,0.5540086,0.10405099,1.5986122,1.8992864,0.54774624,0.047178254,0.24317196,0.27018455,0.30025813,1.512785,0.28206855,1.1277909,0.6380918,1.1843894,0.353081,1.5788323,1.3087119,0.80527425,0.58922297,1.2280545,0.0031872978,0.39642742,1.1474904,1.9997702,0.8043153,2.0078158,0.5925808,0.9246809,0.7362686,0.45336002,0.27620542,0.15805174,0.5777368,0.3881874,0.9394413,0.40916076,0.6673154,0.8544292,0.4659676,0.3364154,0.6467982,0.16931526,0.39410836,3.067225,0.19275646,0.43975934,0.12648782,0.10934191,1.438674,1.0118514,0.41904196,1.5428168,3.6772897,0.32115406,1.2953384,1.7870814,2.0575473,0.1957954,2.1858702,2.1625686,1.7684109,0.52457404,0.6949435,0.63314664,0.009199123,0.2734532,0.6888006,1.060102,0.72011894,1.4677134,0.1552736,0.434555,0.3832831,0.46903324,0.6189811,1.6161636,0.11273986,2.5257304,1.2757714,0.74608177,0.48827845,0.5588326,1.2147326,0.20127934,0.68325233,0.82267183,0.5985626,2.3978279,0.93367904,1.2046828,0.45452183,0.3686113,1.4279584,0.7126979,0.8514461,2.8195047,0.11244959,0.0,0.45689005,0.7721098,0.4179477,0.5033474,1.3506744,1.1198984,1.9950709,0.722113,0.12261744,1.5806302,0.4075435,0.86372507,0.53488994,0.8836643,1.9334662,0.8563591,1.6834116,0.41099307,1.943216,1.1211966,2.5305493,1.1456653,2.0710723,3.0775435,0.48841733,2.3573847,1.1672267,0.4326679,0.36495364,0.4166738,0.316367,0.7564822,0.32984123,0.39976963,1.1456553,1.2289965,0.65917593,0.05323495,0.6409699,0.09146862,0.09907415,1.141352,0.4948764,0.05114824,0.45515633,0.31964007,0.08953891,1.6547929,0.22003578,0.49864897,0.79160357,0.43285063,0.31972396,0.07937318,1.7897401,0.36465237,1.0673866,0.31362894,0.30783227,1.1550374,0.79033005,0.047003474,0.4021949,1.5761528,3.561054,2.1449263,0.13329495,1.766658,0.44875285,0.07270703,0.14972502,1.0851856,2.0176263,0.252696,2.057951,0.19723749,1.9646856,1.5941031,0.46973145,1.3461031,2.2598987,0.7945815,1.1568682,1.2567502,0.15275538,0.45729375,0.500662,0.06167546,0.42891505,0.7394342,3.1024597,2.1795907,0.91728175,2.6434202,1.2486643,0.47533467,1.2081815,0.17417274,0.16559206,0.033554792,0.71587664,0.68309796,1.3217468,0.27560017,1.2374359,0.42831522,0.707706,0.006514264,0.37173048,0.56676495,1.9147944,0.13477744,0.5563218,0.11750235,0.77630466,0.56058323,1.0966543,0.18130146,2.0259404,0.22576378,3.804363,0.028663907,1.4291662,0.29628417,2.2957625,0.25866744,0.28037852,0.13670889,1.6052345,1.2725313,0.19939415,0.84906346,2.8428075,1.6356608,0.81948304,0.049283937,0.30542007,0.53670347,3.836608,1.6305909,1.1758672,0.9283196,0.6305892,0.36925054,0.2353983,1.1053452,0.23089914,0.74950475,0.11424021,0.10303688,0.50866824,0.32458827,0.28772682,0.9293539,0.7718498,0.47261295,0.6733364,0.16202784,0.10031418,3.111785,0.16283661,0.8384192,0.2299139,0.7449269,1.2407421,0.9062892,0.29599977,0.5068258,1.013119,0.14498428,0.3557846,0.0,0.0149723925,0.2740925,3.6376374,0.7632149,0.7661559,0.40604338,0.076775804,0.4342477,0.053790145,0.4566661,0.09014334,1.0320055,0.13840465,0.0042730235,0.27404308,0.5255513,0.26322722,0.77286935,0.32943058,0.6113506,0.38403523,1.2057899,0.61979353,0.71716064,1.2390594,0.38876674,0.21031274,0.07005429,1.1748688,0.2481032,0.19006464,0.5197086,0.051069945,all_pothole_images\pothole_images_new_image_891.jpg
0.9646401,3.8193536,3.20645,1.0733526,0.9290609,0.5455296,1.4659841,0.023084858,0.3289067,1.1461513,0.20273477,0.49392134,0.9741774,0.2264176,0.9819055,1.380418,0.78947425,0.37289724,0.18159395,0.49717274,0.3573679,1.5640501,0.4476794,1.9950203,0.025379049,0.32021475,1.2013694,0.24440056,0.27821234,0.59814245,1.590983,0.76356083,0.0048988517,0.40051574,1.3892212,0.2372368,3.2593284,0.8808715,0.23255247,0.7807715,0.41189605,0.29260233,1.5395021,0.06630097,1.1882656,0.20906036,1.416413,0.68808633,0.06816365,0.33306336,0.08093708,0.2768754,0.8069972,1.7798909,0.3928171,0.9931128,0.6470576,0.17998092,1.9315705,0.5373442,1.0434479,0.75595355,1.6419841,0.14790303,0.32679412,0.90221596,4.0949907,0.6479293,2.3153534,0.19931509,0.6015477,1.7372183,0.5469818,0.7302582,0.46436605,0.45052102,1.1889808,1.0247655,2.4487681,0.3639656,0.5527169,0.7855642,0.052340664,1.1301165,2.7644846,0.36855546,0.117259264,0.44896305,1.0043957,0.17809254,2.273898,0.0031633317,0.66980207,0.4258811,2.6622314,0.7479792,0.40739033,1.2380587,1.6320441,0.5597504,0.42304572,0.3696241,0.52703696,2.2854192,0.23033622,1.3715011,0.17137098,0.033137552,0.50486195,0.54209745,0.48551965,1.6101938,1.4887605,0.5206839,0.9688868,0.29430088,1.9940696,0.16856544,0.6551332,0.34469375,0.21592678,0.47557184,1.0012438,0.56935817,0.668,0.5550294,0.4128211,0.26845518,0.38009828,0.23541668,1.2479521,0.47232082,0.27868655,0.39720038,1.4136138,0.40357557,0.19115299,0.02721511,1.5514925,0.6792248,0.39025158,0.4371731,0.006959635,0.25227183,0.5460883,0.6782038,0.26960152,0.75023013,0.21817121,1.7537467,0.28055182,0.5294831,0.651224,0.0515023,0.15408923,0.45851108,0.10189836,0.32764083,0.9535601,0.88710386,0.26861367,0.6612575,2.2975821,0.41206715,1.3928558,0.82912475,1.5174286,0.8586236,0.096086696,0.003489313,0.8937434,0.7066849,0.3429865,1.0050483,2.0486887,0.25845674,0.72014064,0.9541593,0.20168604,1.2115378,2.2092667,0.50937486,0.43330064,0.20983222,0.39313614,0.093837716,0.48669618,0.25032747,0.7974478,1.0212044,0.7335368,0.0005397377,0.06863437,0.96869415,1.5435574,1.028528,0.25227618,0.5426721,0.112686574,1.453939,0.43811563,0.39525348,0.6389374,1.3757666,2.2353108,0.18920034,0.8772273,0.12997317,1.3219926,0.43682048,0.63748807,0.51587224,1.0967921,0.80294544,0.13409291,0.26810905,0.8858485,0.3635601,0.839207,0.21107541,1.6016202,0.035819378,0.18774568,0.08955216,0.29590338,0.9467294,1.8000079,0.5862212,0.9569677,1.0080276,0.027590195,0.20767263,1.6102494,0.34753028,1.7807648,0.8169089,0.91035944,1.3303764,1.9907069,0.07363928,0.35577717,0.63964117,0.08422334,0.23935544,0.49257582,0.7517307,1.1034162,1.0048535,0.9944182,0.52976036,0.037007194,1.0135965,2.5924933,0.23398189,1.7422647,0.14921081,0.6111552,1.9678843,1.329376,0.58763254,1.0305778,1.6299099,3.9423447,0.3480985,0.33642164,0.64567095,1.1433802,0.4285993,9.038926,0.08624525,1.0106316,0.26850075,0.20855074,0.55558294,0.057546068,3.0303695,1.1804311,0.09717375,0.21047226,0.3010012,0.561159,0.64572144,0.49787313,0.0070212204,0.18754694,0.3576552,0.6279327,1.1573807,0.3223414,0.38166872,2.0806613,0.7240818,0.34099913,0.305999,0.5452356,0.024628555,0.8899855,0.8370777,1.9986833,0.532814,0.108481444,1.7670361,0.3099261,1.5420997,3.5569534,0.903181,0.0662265,0.5877518,1.0302277,0.28957805,1.3700988,0.38820156,3.3391795,0.2638321,0.09042136,2.4617362,1.0668982,1.1251153,0.39721277,0.1303307,0.016092137,1.2269921,0.16248684,0.73815507,0.6372775,1.6136328,0.76853305,1.3606633,0.38657072,1.1351734,1.6662976,0.63919485,0.26888835,0.41110533,0.85235393,1.3402188,1.2368475,0.11742462,0.6815766,0.8340471,0.44329014,0.7268449,0.33208582,0.035996273,1.5480837,0.45188764,0.13073063,0.01666257,0.026558887,0.16033614,0.37581939,0.64748687,1.2042531,1.1467891,0.71624506,0.9424735,0.20967293,0.027692955,0.505939,0.23605579,0.070494905,0.8154209,0.17906377,0.71677893,0.35379565,0.12577397,0.06345259,0.37659568,0.82057697,0.2589,0.58489263,0.39101425,0.37126878,0.64819205,0.84635955,1.5302155,0.5886233,0.13580087,0.118507735,0.05252803,0.54782015,1.8155569,2.8743427,0.14022171,0.8553331,1.3574264,0.50869626,0.09021511,2.4748077,2.880353,0.45825505,0.2470786,1.487683,0.4605154,1.1389805,1.0962168,0.046750356,0.90031236,0.79808295,0.6943171,1.4691947,0.27292103,0.36005026,1.5264071,0.14086884,0.0,3.6248236,0.87359416,0.7067073,1.7485563,1.1152482,0.61054546,1.8858119,1.0326563,0.4197075,0.06448775,0.17782032,0.15100452,0.4158863,0.08938713,0.21038547,1.445346,0.7284551,0.38649297,0.20764454,0.12103603,0.28319278,0.36069915,0.0652554,1.0030427,0.9409567,0.70282173,1.365295,0.03660992,1.7150215,1.3490058,0.97307396,0.023021359,1.1638373,0.43262535,0.5410014,0.21822836,1.486401,0.62541634,0.41709256,1.4187843,3.5243437,0.2868136,0.5889293,0.9246334,0.15036127,1.2115766,2.2636943,1.1884279,0.12472973,0.71420443,1.0240197,1.0172287,0.35949674,0.6746491,0.98082614,0.024623064,1.2860247,1.8501655,0.112648726,1.3817835,0.42472115,0.81436807,0.95893645,0.18333766,2.2150574,0.4826182,1.7187313,0.6187766,0.83887875,0.6740584,0.21139833,0.5113642,1.150179,3.2809165,0.07251826,0.8376284,0.9115191,0.66156495,0.28748953,1.0531336,0.18253621,0.6992614,0.25090116,0.9382244,0.82118076,4.2675557,0.42481175,0.17565086,0.76483184,1.7713995,1.7561121,0.8971497,0.23412521,1.6200374,0.7452498,0.19689322,0.28580257,2.527133,0.21259533,1.207221,0.4990939,0.3796744,0.41650507,1.8343966,0.014749305,0.402843,all_pothole_images\pothole_images_new_image_892.jpg
1.477153,0.08634097,0.20360339,1.3976309,0.2518671,1.1513066,1.1644176,0.0,0.1729205,0.7856914,0.0,0.06996469,0.35943633,0.036689956,0.09795403,0.90523404,0.052865967,1.3938593,0.21558386,0.21226002,0.30012453,2.1672463,0.731388,0.69983834,0.7164337,0.1669108,0.06182186,1.4678773,0.0,0.007858771,0.032617163,0.08641317,1.0762787,0.7353058,0.20060344,1.5558981,0.2678288,0.095895015,0.62003285,0.16224056,0.28284115,0.011419587,0.11052168,0.7743142,0.574963,1.1399552,0.40782726,0.01165426,1.5467303,1.649634,1.0828434,0.15190591,0.022315351,0.26621103,0.87040055,1.7397269,1.1357433,0.15976612,0.4472899,0.0091415495,0.0,0.7082588,0.52983904,0.6995089,0.37702706,1.398902,0.11783538,0.118007794,0.29325747,0.11918247,0.123966075,0.22152694,0.7158679,0.27117443,0.45150584,0.0013486232,0.028915973,1.0094042,0.6540858,0.1784887,0.029331978,0.07466713,0.9935682,0.0,1.5339309,0.07181291,0.1809109,0.06194968,1.8247138,0.1812729,0.8530035,0.16923255,0.0,0.015471512,0.2515099,0.0,0.8630919,0.34574312,0.4782302,0.69766575,0.032882236,5.1976438,0.14578357,0.0,0.87870175,0.7084573,0.2678184,0.33334368,0.30349267,1.1959714,0.0,0.8715033,0.39001775,0.7622408,0.112409785,0.5335845,1.3576152,0.8749982,5.124777,2.2874782,1.0409346,0.406351,0.1066975,1.0252888,0.10058629,1.1617696,0.25578174,2.2684104,0.2465285,0.012672426,0.3476994,0.014611199,0.023056619,0.07725536,0.011687048,0.20397481,0.2491265,1.6773074,0.06967639,0.5992075,0.517634,0.0,0.4633475,0.7671327,0.0,0.72712284,0.03721416,1.3840792,0.6710467,1.1697108,0.047859844,0.38416657,0.5521283,0.0,1.5084159,0.6754756,1.0443181,0.09710569,1.8664236,0.16100632,1.3094591,1.2365233,0.0043307766,0.17994036,0.0452962,0.7483791,0.37876767,0.037592053,1.7337453,0.62121356,0.070266195,0.11679756,0.06667293,0.29155043,1.3637321,0.15919033,0.109647304,0.0,0.09491545,0.034735285,0.208055,2.7015464,1.520548,0.4136569,1.6341127,0.116391785,0.25168833,1.2498429,0.45686227,0.99390924,0.1875462,0.56806487,0.32325387,0.53045857,0.18066412,0.22721344,1.64592,0.30600438,0.32970122,0.19503768,0.11397905,0.40489808,0.57981336,1.8090675,1.215466,0.72251564,0.46896338,0.39694142,1.9478054,0.32712454,0.0042431853,0.0,0.25077873,1.2372639,0.25534436,0.77913535,0.76874286,0.106573716,0.0041572014,0.70184296,0.37001166,0.14495437,0.6373281,0.009596268,0.0,0.528679,2.2578976,0.05044147,0.30361778,0.016522534,0.2428303,0.01624482,1.4024806,0.01140099,0.075123005,0.03427325,3.6099265,0.12709786,0.12541395,0.33649713,0.27676612,0.2586965,0.015350449,0.18421653,0.0,0.004397899,0.2702388,0.21604647,0.0027205043,3.262641,2.9574263,0.2021962,0.9440519,0.509507,0.027061721,1.4463099,0.3399233,0.2849635,1.6621274,1.0964956,0.0,0.014280369,0.29816914,2.5083184,0.008552054,0.26162338,0.5541412,0.80190045,0.58592,0.74718934,0.35131493,0.0,0.06636035,0.9897688,0.92939866,0.2783217,1.0014778,0.27332738,0.95488876,0.51666534,0.018829346,0.06960942,0.1192671,0.054375086,0.02522398,0.5319212,0.065673694,0.07101284,1.0396552,0.28969586,0.6687988,0.1546032,0.20030591,2.2286408,0.03344473,0.072305106,0.43719375,3.3759043,0.75269485,0.37362033,0.18187226,0.55093104,0.010076746,1.2361732,4.1688814,0.6242848,0.14362527,0.7541854,0.22211193,0.4510093,0.6963072,1.7070909,2.1675923,1.9269956,0.26364425,0.448781,0.0,1.0892202,4.5412674,0.20248249,1.0232892,0.06115532,0.24572614,0.14959045,0.43957967,0.27621007,0.013360157,0.16694719,0.027257783,0.33996004,1.4500759,0.0,0.13997895,0.001874531,0.011681335,0.007844867,0.78724825,0.0,0.010007329,0.98324406,0.7967601,0.026410485,3.3984303,0.021549184,0.48648086,0.01623777,0.046792906,0.0,0.48210454,0.57806885,0.38663322,1.1621827,0.41832414,0.13372576,0.1333209,0.07683724,0.18165214,1.6835958,0.72497725,0.65916926,0.19098711,0.03129906,0.21330816,0.00827166,0.7574676,0.56912345,0.9326219,0.260864,0.44487512,0.06860113,1.7380564,0.139538,0.76726073,0.0308619,0.6440297,0.06526284,0.047887538,0.31300756,0.37456018,0.36930108,0.059876606,0.016112741,0.061992813,0.620222,2.790453,0.61493915,0.6492653,0.0016343879,0.73700684,0.047886595,0.1101785,0.8461413,0.015697759,0.082677804,0.00088116375,0.029206261,0.24886885,0.06877576,0.11521613,0.3656005,1.9685783,1.6373875,1.1769115,0.00524018,0.6884333,0.017683191,0.031775903,0.7598484,0.0064762454,0.19970083,0.06323256,0.17275009,0.09233116,0.04825916,0.0,0.07648822,1.4001948,0.14739758,0.53045154,0.061134726,0.7168856,0.5311742,0.31266764,2.971573,1.5962546,0.0712726,0.21220073,1.0835493,0.12008332,2.0950947,0.27174768,0.3091175,0.5572424,0.11304351,0.5327387,2.9025626,1.670093,0.57611704,0.08394667,0.23209758,0.43137524,0.68732804,0.27320904,0.27631897,1.040308,0.13858397,0.33298633,0.061657105,0.001732629,0.33217067,0.40072435,0.51674336,0.1498803,1.221385,0.47662187,0.6651843,0.6897231,0.19178244,0.97605115,1.5103638,0.7260793,0.62744266,2.4899974,0.1382132,1.2194991,0.11394045,0.804211,0.06497585,0.3673372,0.08507307,1.473531,1.194651,0.5173307,0.21714407,1.2801294,0.15287612,0.06889051,1.8535768,0.19878381,0.09577295,0.1462666,4.4533815,1.1327745,0.046896636,0.24194005,0.04516513,1.8421559,0.13788818,0.32629165,0.08554382,0.5939382,1.2444534,0.1049018,0.2937069,0.45014006,0.19912182,0.014655857,0.00930468,0.051116742,0.32931763,0.5567136,4.297244,0.38373387,0.02010366,0.88589567,1.1929404,0.025661616,0.06658041,1.5009507,0.47602835,0.19001928,0.81459326,all_pothole_images\pothole_images_new_image_893.jpg
1.5293576,0.77133137,0.04338187,0.48485416,0.26194325,0.9891945,0.35922116,2.16401,0.3734683,0.88184536,0.2834194,0.71400744,0.1101466,1.3268852,0.07518987,0.724965,0.99639076,0.05068306,0.046658326,0.3929702,1.1655765,1.6211305,0.4639708,0.22474927,0.5879965,1.3287609,0.8853562,2.9548354,0.7976804,0.24577011,0.38812903,0.09344403,0.10816463,0.40502566,0.036896214,1.1423581,0.30587834,1.4134247,0.37188378,3.061841,0.039344635,0.17926337,0.015036988,1.3996785,0.25079742,0.90779704,0.12952326,0.9581523,0.08453973,0.47920904,0.9594223,0.3810551,0.98661727,0.4962904,0.028682886,2.3815668,2.0498047,0.736273,0.52532,0.008901053,0.068974726,1.0308583,0.116688184,0.3701158,0.6610855,1.5069872,0.5578163,1.4535584,0.5304657,0.5320534,0.41166374,0.8061371,0.47726008,0.12909414,0.42981327,0.07810761,0.3720134,1.5007428,0.0,0.07362577,0.8172292,0.29524198,0.29252014,2.6141758,1.5490135,1.6473452,0.40789318,0.9167175,1.643596,0.08599011,0.03791581,1.2499269,0.056915615,0.33999434,0.19851735,1.0492996,0.04067285,0.87755114,1.017133,0.1594209,0.10488797,2.163673,0.42145202,0.035518955,0.14417551,0.6492073,0.049203377,0.85632277,0.07052839,0.2335588,0.37137744,0.06540641,0.38588542,0.048018612,1.397049,0.39770165,0.46233523,0.27813312,0.13017565,0.9919408,2.4293053,0.58315915,0.23721568,0.53600425,1.3733128,1.351506,3.8279724,1.3086125,1.1069309,0.05787537,0.20179069,0.54770845,0.47524852,0.69458395,1.0850185,1.691768,0.13098483,1.9646124,1.7342495,0.88024026,0.50667095,0.31431258,0.36386424,0.4176344,0.29763773,1.1442204,0.7680273,0.39581773,0.07273954,0.22580251,1.3468035,1.3849634,1.0490581,0.1333161,0.46925816,0.26568264,1.5305848,0.08022096,0.3032767,0.49300882,0.8490208,0.1662772,0.04498083,1.8672503,0.043375224,0.3176287,2.1600006,0.19146305,1.2564224,0.14758137,0.13758533,0.09835419,0.22837837,0.0529869,0.022923684,0.15623063,0.20940438,0.022672566,0.4514251,0.050209213,0.40627357,1.1449144,2.5948212,0.22971734,0.7190827,0.2361499,0.102271184,0.31423295,0.4926443,1.0411353,0.38130525,0.116322726,0.0051832614,0.76844203,0.8874597,0.024576234,0.013174984,0.023582157,0.16635153,0.0665881,0.18026161,0.96616226,1.5096803,0.61196864,0.3528452,0.13209313,0.68471754,0.22710338,1.2344251,0.06845598,0.0025915802,0.95179415,1.3482052,0.77893937,0.75012946,0.30596125,1.3161522,0.2825114,0.65677696,0.938783,0.9555758,0.30407974,0.66386706,0.3785609,0.47249097,1.1475716,0.59036493,0.4578465,1.4192218,0.655338,0.5278283,1.2998657,0.023716627,0.6715776,0.0359299,0.16332538,1.0134753,1.3153142,0.0,0.446712,0.74678576,0.026787067,0.0,0.6177281,1.4418098,0.18599457,0.4127577,0.017112277,1.3090742,4.74139,2.81413,0.56923306,0.5560949,0.16866797,0.1862615,0.8000505,1.3847866,0.0,0.17265345,2.135187,0.029837612,0.049035825,0.42868373,0.2903106,1.2953334,0.076054476,0.13514175,1.1930854,2.41107,0.09878505,0.168482,0.1284943,0.047112744,0.17640355,0.35407388,0.36773658,0.48312065,0.17734636,0.4879762,0.73166454,3.5312052,0.14256765,0.2748149,0.050270483,0.98073125,0.11862422,1.1270126,0.8943428,0.9209585,0.23838949,0.47474772,1.4196845,0.2882958,0.24218045,0.10671781,1.5246183,1.3119364,0.10603819,0.06467613,0.9856318,0.5348442,0.8008555,1.9444546,0.116700366,5.2883697,0.23279999,0.032609075,0.0,0.035569657,0.06572307,0.65589684,0.5985695,1.059449,1.0597923,0.21171227,1.7291064,0.25134268,1.9550086,0.14313905,0.08463059,0.10379913,1.0483831,0.33689302,0.029201876,0.25513405,0.72948766,1.140564,0.26872563,2.131613,0.11675903,1.3812623,0.6464709,0.7693925,0.20168625,0.09736269,0.7241867,1.445304,0.76153463,0.0,0.96470547,0.08935577,0.5873007,1.1159455,0.09696976,1.0823298,0.2877061,0.044161323,0.039954454,0.0887109,0.44833678,1.3082491,0.42277414,2.0231729,0.7583403,0.88942266,0.7862832,0.85218185,0.8809395,0.01613444,1.1367918,1.1195012,0.59798294,0.21753483,0.4680213,0.06429176,0.039161943,2.4919398,0.003339296,0.11158238,0.050995257,1.4290874,0.45960617,0.90336657,0.8020228,0.5099032,0.57803327,0.021921221,0.13074134,0.10251476,0.34506008,0.39750838,0.02006702,1.1093997,0.43128526,2.1311176,2.4757612,2.307853,0.0,0.49502072,1.5409617,0.73333395,0.0,0.0015713978,0.8929118,0.0,0.052608583,0.46256652,0.01960787,0.011622179,0.8817436,3.2185793,1.1460139,0.77352375,0.60429406,0.51989144,0.013847908,1.4249245,1.8865505,0.091329105,0.04255179,2.9774406,1.2817398,0.45262504,1.4881349,0.24045789,0.4178832,0.58309036,1.6337341,0.3137994,0.7939875,2.646528,0.0,1.8759679,0.6198099,2.2750578,1.0494535,2.2674735,0.09103426,1.1867706,0.25874487,1.3886126,1.3742896,0.10780176,1.584017,0.37267038,2.3434331,1.288499,0.5419825,0.107354924,0.6211039,0.9465592,1.5549197,1.0435538,0.3405799,1.2392235,0.47945487,2.3517783,1.057747,0.1461841,1.2064021,0.5202993,0.34275195,0.14395104,0.164485,0.60618883,0.43278053,1.0724362,0.18207468,0.15298106,1.44057,1.386691,0.9599719,0.2982296,0.2958506,0.30255255,0.036383882,0.2346128,0.44371727,0.19978538,1.2891719,0.88036704,0.012354038,1.8927404,0.32387063,0.4452619,0.0022277122,0.11271439,0.9102816,0.66492856,0.642049,0.3174357,0.8102149,1.4861817,0.19613059,0.18473302,0.3537514,0.7087968,0.0,0.031645477,0.17644648,0.7548221,0.30641726,0.004426662,1.4932847,0.06642506,0.16245046,0.0,0.30498263,0.24388716,0.25448748,0.7574085,5.0387063,0.781905,0.04893074,1.720759,0.4639395,0.0,0.0005472761,0.094105534,0.7478243,1.8066568,0.11536338,all_pothole_images\pothole_images_new_image_894.jpg
0.51796615,0.31191692,0.23713025,1.405473,0.024865216,0.49362454,0.08534513,0.72113824,0.20583588,0.062388852,0.0044914605,0.06250559,0.0,0.17518961,0.83332956,0.1949269,0.0,0.048839338,0.21781719,0.006305961,0.6205921,3.5988338,0.22415613,0.008621178,0.8354248,0.3696924,0.097873375,0.4370026,0.073008075,0.10252853,1.36872,0.33911607,0.15185323,1.3909904,0.11810405,0.87777644,0.18075791,1.1804758,0.29518256,1.7172574,0.0016384221,0.049964942,0.018161738,0.54796916,0.24372415,0.0,0.0001640487,0.0016858361,0.07798561,1.9977399,0.4458495,0.6347244,0.23701864,0.8432554,0.042318456,0.5665119,0.73939,0.35446775,0.2849606,0.0,0.0,0.120829806,0.200868,0.38139477,0.13247599,3.085722,0.18228734,0.016794927,0.5765701,0.14220221,0.22389027,0.07251391,0.43706304,0.18809712,0.0008140078,1.0179474,0.03067724,0.057026263,0.052491855,0.16835412,0.07065815,1.2712293,0.032631762,2.2568395,0.14599396,0.4409799,0.045988504,0.24931417,1.2612329,0.45278955,0.2069728,0.007751636,0.10091372,0.8922792,0.27533573,0.0080286795,1.238103,0.08014443,0.15040779,0.058541473,0.01099884,0.287573,0.75060403,0.026478238,0.092409775,0.56736034,0.05843716,0.34254494,0.11540143,0.6325712,0.004592863,2.4134197,0.7881452,0.051823344,0.43199196,0.0063624345,2.673247,0.027954971,2.2447736,1.0827546,2.543145,0.40166324,0.0003609689,0.65423644,0.3916695,0.86359733,0.34503898,0.4602236,0.32344103,0.0060949204,0.9196336,0.0,0.023715336,0.0,0.03928127,0.7859302,0.17504254,1.2510357,0.48319006,0.0,0.1052375,0.10919612,0.00040467756,0.6905909,0.02073057,0.089635946,0.07766755,0.6214934,0.27172065,0.03666925,0.1144482,0.35660425,0.10013857,0.15678053,1.5145421,0.6610973,0.7065221,0.06369766,1.3564229,0.2037353,1.0510734,0.103235245,0.0,0.8315394,0.0041682757,1.2356097,0.23895732,0.07196767,1.5655483,0.36295864,0.027281841,0.109089784,0.05479474,0.0,1.3015025,0.00029846875,0.12788136,0.0007541454,0.5098381,0.09765257,0.16170421,3.063307,1.7628531,0.9321013,1.0263275,1.3675674,0.050769962,0.2069882,0.34075257,0.8365871,0.05840965,0.06612733,0.0,1.5402578,0.8618554,0.07858426,0.20908205,0.18988019,0.31032243,1.3974656,0.15755995,0.8149588,1.154653,1.7563266,1.8195981,0.038409255,0.68741316,0.69793785,2.0466065,0.0034378998,0.0,0.003712069,0.24284987,0.6189888,0.4013372,1.9268479,0.0,0.016100941,1.0781769,0.12592852,0.09555461,0.93795836,0.21654427,1.130637,0.09173466,0.8977748,2.8947117,0.4240823,1.5881945,0.22904287,0.20434728,0.16273291,0.038249437,0.39052558,1.0016065,0.0,0.25807425,0.07322582,0.5377542,0.7202922,0.9966467,0.078988045,0.7031105,0.34369814,0.20377655,0.009141962,0.29948965,0.20817631,0.49057722,4.932603,3.7756057,0.008537949,1.310492,0.14235808,0.20329246,0.279216,0.87959796,0.4123672,0.37090862,0.9501854,0.18692344,0.42008147,0.6533984,0.95981723,0.8400228,1.0903311,0.4921098,0.4773864,0.28411484,0.5397631,0.03229502,0.015099868,0.027314141,0.23877853,0.53690124,1.2928884,0.45078507,0.3152158,0.25640455,0.33331457,0.7911817,0.3487165,0.09630042,0.0083474945,1.2672683,0.031008422,0.86063874,0.84543234,0.42545688,0.5546843,0.10615269,0.25518525,0.40142766,0.37103146,0.0,0.12110736,0.19317944,2.6597812,0.49959132,0.7253035,0.008324655,0.4518448,0.16749074,0.34684536,3.6551635,0.47094032,0.08961932,0.26153225,0.0033444446,0.0006935912,1.7265503,0.75998724,3.101646,2.7868562,0.11240881,1.432525,0.05080328,0.38527468,2.1497076,0.48056936,0.087489925,0.0,0.23351768,0.0051321466,0.0022049728,0.24454011,1.1940044,0.39805186,0.115198895,0.08790534,4.3638067,0.49994305,0.01270893,0.11153848,0.19797511,0.24634789,0.9564376,0.36068687,0.092739314,0.19582056,0.11109239,0.92948866,3.4138012,0.3311955,0.7728748,0.6296004,0.2081439,0.17198244,0.7105286,0.5271015,0.38075632,1.3977427,0.31191614,0.4283844,0.12266926,1.7789705,0.069608375,1.8618404,1.1534927,1.4989768,0.009037566,0.14357235,0.8014328,0.020419441,0.36737242,0.0672585,3.6900208,0.05312338,0.0,0.020636464,2.3930223,0.6804347,0.9249088,0.0,0.45267048,0.13315058,0.052051455,0.90858585,0.5616901,0.20709719,0.43123403,0.006382611,0.08237846,0.20361039,4.6840973,2.5586355,1.5288647,0.07553649,0.6189523,1.0689931,0.4889073,2.0134616,0.20769803,0.2833603,0.019307049,0.16338688,0.53467953,0.17956415,0.30716652,0.037913237,5.808332,0.0,0.48615903,0.10237368,0.28518382,0.017684799,0.14179766,0.11960475,0.0016244297,0.05077046,1.1842761,0.33094698,0.3105415,0.28196412,0.025701167,0.035516642,0.28317565,0.14795627,0.7518941,0.0072725913,1.2293667,0.06204723,0.8153313,0.93229425,0.4177175,0.81850713,0.004574073,0.4332108,0.3079706,0.8550193,0.16026413,1.1984636,1.1106889,0.5050645,0.42035618,4.5750384,0.58834255,0.94106585,0.042486493,1.394485,0.23546651,0.42155424,0.65304583,0.73240894,2.020498,0.015114123,1.3222586,0.09894109,0.0014009397,0.0,1.8261452,0.5740564,0.69181496,0.8914438,0.95931256,0.43659928,0.725455,0.06916561,0.54431474,1.6818779,0.3777039,0.0,0.5654258,0.007571765,1.0092432,0.44888598,0.4492418,0.0,0.3271818,1.8702146,0.37358883,0.383005,0.48225316,0.059839744,0.8636668,0.0,0.19329983,2.0920494,0.0009181811,0.3123186,0.0035478726,3.2186446,1.0269864,0.03219893,0.09247609,0.8825974,0.027217709,0.24152526,1.9417694,0.00044132533,0.48797962,0.6168495,0.25136575,0.039504383,0.000643675,0.007324231,0.07598256,0.11045342,0.049099844,0.015536972,0.21222283,6.4492064,1.1893418,0.097645074,0.6799855,0.5754773,0.131951,0.030945154,0.08111001,0.7987226,0.28518727,0.05039757,all_pothole_images\pothole_images_new_image_895.jpg
0.17304423,1.8530061,1.4807179,0.16750844,0.50277734,1.03548,0.8469579,1.66733,0.8860229,0.6770323,0.5454567,0.08055828,0.5349605,0.35712266,1.1976676,1.2600029,1.0698879,0.029883876,1.4665167,2.7406566,0.5326828,0.27167213,2.430529,2.1909673,1.3657594,0.09231245,0.47160596,0.4444162,0.95656615,0.64007425,0.13415465,0.38936606,0.13684161,0.3607398,0.8819158,0.95324224,1.3245113,0.28431824,1.1806587,0.7411352,0.5576735,0.13519703,0.47791725,0.68923575,0.29685572,2.106197,0.39612725,2.787734,0.8810554,0.9913705,1.6614532,0.6307485,0.5188288,2.8050232,0.30119583,0.6086319,1.2949951,0.30602384,1.1872838,1.0363367,0.56016636,1.5778351,1.1312761,0.49583796,0.077892184,0.13526674,3.7323334,0.46263203,0.20910683,0.913707,0.34887218,0.41395834,0.7400551,0.30588055,2.060498,1.4852908,0.037931137,2.0200846,1.7516689,1.0898721,1.5390896,2.0984683,0.7497985,0.40040755,1.0103183,0.08651244,0.6648882,0.13522932,3.6993818,1.1876918,1.1948483,1.08811,0.82189333,0.43932396,0.27193713,0.34548736,0.2991363,1.9281491,0.5629092,0.29807395,0.23010096,1.9115921,0.9317527,0.13541587,1.0619284,0.38597363,0.7066261,0.6705561,0.23744349,3.0525892,1.6401922,1.1051698,1.9195522,0.97925884,1.7942554,0.785349,1.5254929,0.5679288,0.94780636,0.75616455,0.2607816,1.430115,0.10241166,0.49671873,1.668772,1.7860684,0.45829397,1.4759572,0.18573414,1.4878714,1.4957222,2.2858033,1.5360475,0.7911173,1.6697855,1.381215,0.07715549,0.22083646,0.38586292,0.6711373,1.1378086,0.052365936,0.71763104,0.06396964,0.8177935,0.21477932,1.4831864,1.1508998,0.9784183,1.8021575,0.7020559,1.5364252,0.48719692,0.43019038,0.19908336,0.6847262,1.4214494,0.74549615,0.7920853,0.18587281,0.3393488,0.7962861,0.7739527,0.08939752,1.1233947,0.9479178,0.3647064,0.19070765,0.25329798,0.24124768,1.5703151,0.058597427,1.2388825,0.31689152,2.7976625,0.0673147,0.26303443,0.28725806,0.26875973,0.17786902,0.9349557,1.227987,2.6460767,1.7314917,2.4524665,0.81211734,0.622026,0.53279775,0.88604784,1.6888376,1.2656751,0.6759573,0.30394804,0.9108762,1.0856028,0.6522313,0.43833023,0.18864429,0.44709995,1.0604962,0.2700996,0.15901975,1.0184898,0.47266933,0.48840982,1.2337081,0.03144009,0.7134954,0.33525014,0.0011939046,1.155708,0.34532946,1.0050385,2.650796,0.23921363,0.5232714,0.27466434,0.10337911,1.4041026,0.4781122,1.8354903,0.04714912,0.0874354,0.472763,0.3544185,0.81146604,1.7866911,0.4841277,0.17177017,0.6641048,0.17261976,0.40117785,2.4070163,0.43741855,0.62203115,0.13952991,0.5460201,0.29310498,1.1382533,1.7278652,1.3461651,1.2057314,0.80088913,0.04872261,0.39988396,0.5092673,2.0951314,0.075505994,0.4485661,0.40121415,0.33528796,2.4653516,0.96988106,1.5007871,2.632906,1.8391222,0.19338895,0.24721077,0.8145034,0.890395,0.843352,0.6792639,2.1672547,0.85645384,1.0242507,0.74755704,0.6354721,0.41629246,1.0366946,0.9052137,0.22723314,0.5481975,1.0761741,3.6266258,0.047933433,1.1884613,1.8209499,0.6599437,0.36641833,0.13853015,0.0,1.9105521,0.7713226,2.1300292,1.1008903,0.87464935,0.49900657,0.9028028,1.6705403,0.98709136,1.8784125,1.4355967,0.6268711,1.3569643,0.2973694,0.6987526,1.1214494,0.0,0.26960143,0.060068402,0.086466484,2.1640158,0.6489761,2.60428,2.2068956,1.5791962,0.04566279,1.5412369,1.3489026,3.1495872,0.64105535,0.7417641,2.2117548,0.48842177,0.232746,0.32801554,0.08167343,0.36418244,0.900673,0.41520187,0.3174203,1.9177903,0.11178102,0.043749474,0.65198207,0.25072065,0.6151458,0.4147124,0.42981634,0.9509875,0.57119095,1.1472017,1.2525935,0.02623928,0.7510697,0.20047131,0.3384199,0.16927658,0.054558285,0.5988373,0.7982018,1.8217537,0.63613814,0.34310952,1.1993283,0.03598247,0.028834917,0.04305376,0.63419807,0.5851314,0.26335943,0.9591164,2.0273745,0.04023219,0.7267273,1.0673174,0.5006366,1.1863217,0.534352,0.45925662,0.48946017,1.0434475,0.58798474,2.6662338,0.35407186,1.2709231,0.2173279,0.79638886,0.18990128,0.09300953,0.5468425,0.7598398,0.60722435,1.2081589,0.9653051,0.32044485,0.2874539,0.1131711,0.17663014,1.5279968,0.9311646,0.49982697,0.80531216,0.61856997,0.9868063,0.62705135,1.2960129,1.8715136,4.013811,0.994509,0.38102308,1.1488906,0.09847544,0.70881635,2.1416664,0.44901484,0.21091257,1.04235,0.3021734,0.29038587,0.14757448,0.88383853,0.22548342,0.6654129,0.076261215,0.14899997,0.29536542,1.5526767,0.07442362,1.9776583,0.5242323,0.65569556,0.4186831,0.06468109,0.032853924,0.8379916,1.1939251,0.39069238,1.037619,0.9849204,0.20198488,1.0994865,1.0228399,0.5765859,1.4374228,0.8075267,2.3426073,1.482982,0.8222219,1.0463781,1.9537241,0.9991357,0.16038421,1.2254765,0.31567845,1.8627212,1.4266225,0.04615045,0.37194914,2.3613997,0.96704894,1.6057018,1.4543134,0.3167441,0.43857467,0.40396723,1.590006,0.122289024,0.9100518,0.6856733,0.038791835,1.1363733,0.7072411,1.2196637,0.42312157,0.66439617,2.7216413,0.24300295,0.18729146,0.21588923,1.3045099,0.0108683165,2.9481537,0.6931471,1.0595311,2.063953,1.0846299,0.12174788,1.6158704,0.49435884,1.8682029,0.049706604,0.9765882,0.32166728,0.9985207,2.2807007,0.78640467,0.26229954,0.41123775,2.568236,0.8361866,0.47797793,1.1223996,0.8438317,0.442723,0.1280925,1.4972061,0.62297744,0.09217484,0.86029905,0.14581414,2.3092527,0.46316624,1.0261712,1.0388803,0.1801247,0.56000465,0.2531367,0.23860309,0.08633786,0.15177792,0.6766202,0.41477343,0.7199812,0.97010565,0.9694852,0.1312354,1.2788199,1.5320002,0.46689624,1.2839985,2.528475,all_pothole_images\pothole_images_new_image_896.jpg
0.7818869,1.2568302,0.38528457,2.8326821,0.641784,0.96519244,0.32245126,0.9342639,1.0609123,1.0440947,0.08853792,0.364739,1.1067008,0.1895084,0.48338833,0.91479427,0.29669946,1.3271182,0.3947361,0.5088563,0.15061444,2.166514,0.738221,1.195547,0.76793236,0.31126708,1.6551398,1.22434,0.7150307,0.60675436,0.41024703,1.0228543,1.0290666,1.5879822,0.55650723,0.19011062,0.18999103,0.44993886,1.1893727,2.1715264,0.7260981,0.4468899,0.88119507,0.00044449617,0.36134747,0.26299194,0.39482823,0.16554639,2.249506,0.2795564,0.49601433,0.3635576,1.1001257,0.0,0.91985554,0.038422223,1.2242901,1.0191805,1.018472,2.88527,0.7009474,0.8239484,0.8497775,0.56696576,1.8592149,3.7238743,1.0954684,1.8845446,1.9028983,0.26401937,0.33576474,1.7269334,0.59639853,0.06849834,1.6392075,0.8107302,0.43400082,0.8583299,0.28466508,0.68337536,0.12369354,0.56758916,0.90971357,1.5916094,0.6299067,1.05889,1.021151,1.3522373,1.0782224,0.64265937,0.99072856,0.6420453,0.44739142,0.24982554,0.5197063,0.8333801,0.92075455,0.26256046,1.0888957,0.540632,0.15068531,1.0891193,1.2382461,0.91173846,1.9978584,0.26933697,1.2619003,0.7225362,0.1635051,1.0296994,0.10366882,2.694293,1.0045835,0.58086234,0.32248148,0.1228263,1.6280386,0.89336,0.987288,0.7883327,0.7116704,1.1390113,1.3761922,0.20227852,1.6124096,0.20701523,0.0395842,0.08041021,1.2666342,0.5348785,1.0282383,0.73730826,0.45959154,0.43407238,0.07096673,0.28969362,0.03150608,0.751128,1.4324163,1.1638763,1.0449713,2.0073729,0.8980393,1.0408564,0.38318625,0.8353,0.17317048,1.0590441,0.84215164,0.20189418,0.4210966,0.42926306,0.10469308,0.18282333,0.90515524,0.595357,0.47224376,0.29526252,0.052126125,0.75150144,1.2491741,1.73398,0.5722787,0.8050087,1.0486966,0.35151657,0.8698551,0.829054,0.6813139,1.3509895,0.089629285,0.15595798,0.074495204,0.49824607,0.2094039,0.1728028,0.4545558,0.013892696,0.3885966,0.48753947,0.38687998,1.628421,3.1224008,0.8984749,2.589045,0.6260643,2.2236931,1.3924637,0.98995274,0.34853658,0.03913692,1.311084,0.031624965,2.869204,0.48714733,0.55874634,0.27120104,1.3091625,0.41994077,0.38195223,0.14744054,1.4288087,1.6421084,0.6215065,0.5353716,0.75769436,0.13922942,0.41049793,0.45178634,0.79009736,0.9214468,0.014311924,0.50170183,0.02913076,1.771001,0.7929921,0.5878199,2.2087016,0.83738035,0.00087236625,1.0637519,1.6383561,1.8429425,2.4767795,0.10420845,0.17297694,2.0841675,0.97110325,0.25145334,0.007489481,0.019962003,0.21283689,0.13280687,0.49884203,0.979597,0.5004331,1.1151295,0.23360707,0.5322465,0.49652195,0.2927282,0.97516966,1.3990926,0.13529281,0.46046385,0.22672641,0.3354087,0.4802563,0.580064,3.4289153,1.3911242,0.26031208,0.9465002,0.019646693,0.019101609,0.0017571124,1.8485372,0.9936206,0.0,0.822745,0.071518704,0.73885596,0.33276093,2.460403,0.3538934,1.9239911,1.1144001,1.0164183,1.6630993,0.3210999,1.9864935,0.34699503,0.21696664,0.8418086,1.6030709,0.48874703,1.3110251,1.7893608,0.14312859,0.28151128,0.19023132,0.87900275,0.025044188,0.90897626,0.5305736,0.1850055,0.822452,0.57598746,0.6621595,0.85523885,0.54925746,0.16649847,1.4910182,0.60139155,0.8068375,0.20143147,0.12142553,1.567858,1.9167013,1.124367,0.25841042,1.310692,0.16812028,0.24905103,2.2058086,0.5720444,0.011856493,0.3545377,0.15130958,0.9157708,0.5484533,0.9489127,1.0746447,1.497848,0.48564735,0.7438732,0.39359072,0.04888888,1.3669454,1.5832971,0.422369,1.0813024,0.21701889,0.93630964,4.4612293,0.104477465,0.9003884,0.012099434,0.9828807,0.11023128,3.65796,0.647503,0.45823163,0.19843253,0.12057454,0.32324293,1.8980398,0.16550817,0.050302956,0.9140985,0.03510004,0.9408771,1.9610251,1.1115643,1.2649266,1.3574157,0.2786787,1.1441128,0.6846113,0.7503327,1.8983507,0.8499276,1.9531571,0.8270546,0.4202706,2.282828,0.08836452,0.2304465,1.6231384,0.34270406,0.57592636,0.20179528,0.35912758,0.2748517,0.14388457,0.30568254,1.8768891,1.2617701,0.66442186,0.24416935,2.2547686,0.18353394,1.3062971,0.2594977,1.6230541,0.08633958,0.26675698,0.012565046,3.2077408,0.44949013,0.5297301,0.5932256,0.5389555,0.3598829,1.4545048,0.19945277,0.8871313,0.0046172827,0.14290482,0.95542717,0.062381197,1.6625649,1.2868862,1.0366291,0.6141517,0.74079114,0.75623405,1.0643258,1.3638387,0.5823729,3.299639,1.5650507,0.5304574,1.2394836,0.035837084,1.405477,0.39393136,1.3971308,0.16315025,0.39577267,0.7884636,2.615095,0.40709576,1.2004131,0.0318799,0.068786524,0.8991843,0.93853056,0.44956568,0.5874832,2.8195465,0.57380885,0.8531326,1.8417844,1.5039339,0.09484809,0.84570014,1.4274426,0.6499293,0.40178552,0.44755337,1.4111282,2.5167587,0.3658459,0.03293249,2.5476325,1.482713,1.5417466,1.0559298,1.5994899,0.3881045,1.8179557,1.1525255,0.049749583,0.22549944,0.7617167,0.16071424,0.5509221,0.7672558,1.2910758,0.7107834,1.7617233,0.022183705,0.9108326,1.6715041,2.2600842,0.047193542,0.048166268,0.2975908,2.1949766,0.10400629,0.12005803,0.99530154,0.607801,0.1927403,0.9150104,0.3260364,1.0448138,0.15509135,0.5986801,0.76942533,0.64524966,1.443059,0.32456303,0.17055978,0.9941339,0.4636002,0.42293245,0.15005623,0.00470947,0.19942653,3.7187319,0.71995467,0.068960354,0.18408075,0.48221287,1.8232518,0.047394656,0.41246858,0.02489134,0.24851097,2.1218016,0.9440561,0.940385,0.3869713,0.5606506,0.85533124,1.7505463,0.75123346,0.24551402,0.17569835,0.5484236,1.379875,0.925995,0.5377175,2.2420104,0.93627757,0.56271315,0.98598343,1.8901011,2.1320121,1.0789926,all_pothole_images\pothole_images_new_image_897.jpg
0.32270557,0.41464812,0.80244213,0.3721132,0.26343215,0.3559918,0.10849795,1.6728655,2.6346934,0.00945845,0.5775765,0.2642846,0.19115779,0.6388825,0.39310673,0.8921678,0.0021900798,0.0,0.0,0.85754067,0.054201238,0.52451885,0.5403775,0.15778394,0.0,1.1304939,0.43375704,0.5522174,0.11488163,0.037853766,1.7876889,0.3229311,0.31854564,0.058313146,0.11593436,0.16714528,0.7505131,0.16322485,5.239885,0.46347648,0.65985924,0.054593436,0.07816189,0.019623596,4.008797,0.0,0.027709503,1.01384,0.31137964,0.005670457,1.7184719,0.009504177,0.19620891,0.14643176,0.04326837,0.18865034,0.2443207,0.06543674,0.06246005,0.16438276,0.0,0.031126965,0.04725202,0.21459687,0.1973073,0.57465583,0.5536401,0.16784357,1.0299983,0.27169734,0.7100165,1.0254447,0.08833379,0.0,0.5656068,1.5894287,0.4946517,0.39810944,0.006919653,0.29949078,0.033934068,0.14053853,0.29059026,0.17750949,1.8122066,0.18567342,0.2602345,0.018232703,0.66315675,1.0448942,1.7277763,0.596426,0.24188241,0.22697285,0.7176109,0.07252915,1.3581045,0.0014110348,0.006648072,0.691592,1.0538679,0.15046933,1.0460683,0.022721644,2.2447498,0.06377493,0.027142901,0.017054604,0.7946012,3.2632644,0.25024465,0.59988445,0.39133954,0.14961067,0.24848464,0.4504171,0.86761993,1.3538909,0.2245034,0.010148568,0.8525719,0.31470966,0.33045337,0.22506702,0.9723927,0.09608244,1.3814602,0.6525041,0.12723815,0.439605,0.023153638,0.6308431,0.17021383,0.060203806,0.53705037,0.2729297,0.015031863,1.55451,0.082235605,0.33971053,0.84566015,0.06522817,0.051349513,0.11015248,0.9499202,1.4223019,0.9176768,2.2809637,0.8941076,0.34203058,0.22624113,1.0491617,0.13348179,0.14839098,0.3602198,0.19265546,0.49185112,1.1836579,0.2610678,0.037111815,1.0365809,0.5331639,0.0148226125,4.390693,0.06805345,1.0699152,0.0062601664,0.023832237,0.22186734,0.47429842,0.4675762,0.0054164845,0.6382963,0.0025961234,1.9028862,0.92629176,0.37654248,0.10701905,1.3354045,0.023738742,0.0051939236,0.02831968,0.29974532,1.0024672,1.5772955,0.23027766,0.6020845,0.4672376,0.18023162,0.0,0.3265279,0.04067055,1.3844365,1.4410808,0.40376446,0.10956594,0.5413723,1.4952323,2.0748146,0.007741957,0.0,0.25364423,0.08582543,0.5943986,0.12274262,0.3887132,1.1425858,0.14391854,0.27638996,0.095020175,0.41125056,0.0015978132,0.23145822,0.991376,0.4725098,0.050955344,0.17873566,0.17421162,0.7720067,0.15096115,0.022443242,0.28312078,0.07761085,1.795978,0.004242758,0.69103533,0.5181368,0.30404782,0.0,0.065272994,0.120513596,0.08171925,0.30171368,0.012258582,0.09985804,0.99863803,1.7119313,0.55322057,0.7076323,0.03287435,0.5183451,0.13802394,0.34268028,1.6727511,0.45795408,0.09020174,0.40440172,0.22067878,0.0,0.0,0.0,0.6393946,0.47110456,0.06783772,1.3224484,0.11324162,0.1920363,0.0,0.58724105,0.009673487,0.327296,0.022344979,0.48973668,0.51270187,0.55709565,0.54797065,0.016478656,1.2074238,0.0038126905,0.015124337,0.0659586,0.61619925,1.4738221,1.7615546,1.0406038,0.66841793,1.3533757,0.25914425,0.0022005143,0.08123457,0.0,0.053387992,0.4766644,0.043040216,0.062051147,0.15993348,0.121000014,1.973498,0.50083846,0.09295018,0.18789653,5.5998235,0.049331848,0.6464616,0.0,0.17506918,1.249702,0.95893985,0.8036143,0.055661477,3.109008,0.15791559,0.7447103,0.50709915,0.3452342,0.0,1.6784033,0.4021754,0.49060467,0.402288,0.65132934,0.031061333,0.03668615,0.0066033797,0.03164922,1.44017,0.0,0.22344355,0.0,0.004954388,0.01720872,0.3822287,0.014033546,0.06240216,0.85792696,0.46851075,0.03885552,0.09384385,0.0,0.11367262,0.066779,0.0,0.53522885,0.021808831,1.5806452,0.10572278,0.27444717,0.0,0.46912378,0.0,0.97286415,0.3297868,0.012039566,0.5658849,1.0829366,0.4776866,0.23894943,0.9393126,0.28130892,0.9193126,0.02978519,0.39310065,0.1907848,0.09595992,1.1344479,0.83821756,0.39099923,0.096378215,0.81263614,0.0,0.015494413,0.09608974,0.07121794,0.18988301,1.9202669,1.4350761,0.71393114,1.0681851,1.1811627,0.88690543,0.3998613,0.036642846,0.385546,0.00011372563,0.31397736,0.0024232937,0.04545099,1.4520783,0.13464062,0.5485847,0.0036143223,1.8342652,2.950835,1.2072659,0.032441787,0.4497254,0.14862308,0.18250734,0.34126368,0.0062014847,0.749482,0.37402424,0.5190382,0.047722504,0.2673783,0.32772204,0.96445245,0.5762979,0.0041257925,0.5926405,0.10223776,2.391898,1.0662938,0.20525035,2.1080449,0.90326107,0.014994662,0.32928365,0.322242,0.52496874,0.026242409,0.11405503,0.6708105,0.062411327,0.02931161,0.18316154,0.44698665,0.19304168,0.46407878,2.1027143,0.10968781,1.4940518,0.0,1.255837,2.334778,0.3426495,0.8025699,0.5491636,0.105811104,0.047852315,1.1198938,0.520749,0.050151125,1.0089551,0.623555,0.97926795,1.526795,0.023197336,1.8307581,0.675096,0.0,0.028313013,0.0,1.1687241,0.027314978,0.46957156,1.4477218,0.035461836,1.5630586,0.8101265,0.15182692,0.10384145,1.6328329,1.4823619,0.18097986,0.47190145,0.33832636,0.66322565,0.09130802,0.3603746,0.6307593,0.21152383,1.4103075,0.45286286,0.6444632,0.4232197,0.5398016,0.43948698,0.027044076,0.13456568,0.6230651,0.37001178,0.00072931056,3.6981516,1.8674709,0.0,1.0801241,0.08951592,0.79280597,1.0166847,0.016445456,0.61972255,0.15895839,0.44781917,1.0993534,0.5360642,1.7480515,0.39961424,0.89995176,0.10944134,0.35343733,0.13400356,0.0,0.18754044,0.34662488,0.0,0.31973284,1.6798464,1.1563028,1.5570856,0.109302655,0.52023244,0.116168,0.3290637,0.04257727,0.12796687,0.0,0.92423916,0.7012737,1.3483852,0.39285433,0.28914776,all_pothole_images\pothole_images_new_image_898.jpg
0.3491366,2.0445132,0.2222596,1.005722,1.158846,0.6579084,0.67444557,0.055198815,0.91592085,0.67679095,1.3459142,0.7315343,0.7227921,1.6119282,0.25474054,1.0047823,1.698855,0.005448614,0.88624054,0.33281153,0.09589267,1.4582934,1.7839701,3.327244,0.58705395,0.065028004,0.34517518,1.3613954,0.34074807,1.6994618,0.9055415,0.42963824,0.86954075,0.32330918,1.2188141,0.24138238,0.7014707,2.1023853,1.3321642,0.38061967,0.23766412,0.071752734,0.25446624,1.942277,1.4849164,0.036525276,0.7038806,0.12073785,0.65547943,0.32181907,0.9364081,0.5322865,0.6344367,1.7488967,1.2522737,1.7214361,3.8447096,0.13999721,0.30637926,0.36947393,0.50010014,0.6089411,3.8994713,0.672725,0.14746162,0.9715056,1.5095226,0.9250504,2.4908075,1.0232004,1.1094447,0.9755507,0.33758864,0.23540755,1.5121409,0.16638914,0.6358235,1.3351644,0.1849047,0.26547533,0.022024281,0.32855317,0.4215907,1.5981326,1.6723882,0.008838984,0.3279826,0.2512215,4.5346622,0.515043,0.23029089,0.9308045,1.0759076,1.2234569,0.86865526,0.83899486,0.60914314,0.69252455,0.9003236,0.3679515,0.055376645,2.5891554,1.0692909,0.08008502,1.4593543,1.4743563,0.76634425,0.13067017,0.41575825,0.3948637,1.1971066,1.8067676,1.8769004,0.70875573,1.5412989,1.3525153,1.8879491,0.21584825,0.83201724,0.79540825,1.8883492,1.5730385,0.27324107,1.0898658,1.3038249,1.8148881,0.4007754,1.156344,0.66621584,0.31506076,1.6841762,0.04733859,3.1359837,0.30095285,0.25077474,0.38943946,0.68756205,0.5321283,1.9734449,0.36354902,1.529954,0.09669699,0.2932342,0.7724175,0.28712782,2.591109,1.4649156,0.055785168,1.9926203,1.215864,0.14728211,2.5639412,0.20488009,0.032329973,0.18887106,0.46083,1.4263539,0.84413147,0.727252,0.98021835,2.6328483,0.3780655,0.8057318,5.0825925,1.8479179,0.05509089,1.6524591,0.53042656,0.0863047,0.44822934,0.73664916,0.29667148,0.57394767,1.070055,0.74915516,0.034941815,0.5507805,0.17922378,0.0035167555,0.043659493,0.55840415,2.1878805,1.3056076,0.31594524,2.0233238,1.1907431,0.5106372,0.5191384,0.5074037,1.0008018,0.39131552,1.9013697,0.98073816,4.0092254,0.003749051,0.6603554,0.56318605,0.13898157,0.14325055,1.7144463,0.4613498,0.7076164,0.5688538,0.41743407,1.1011398,1.5947282,0.7107072,0.06465556,0.22350267,0.47372475,0.89352596,1.3995728,0.41977817,0.2381717,1.2493399,0.55619645,0.14254467,0.15068792,1.0384581,0.0,0.3448859,0.022645043,0.1864797,0.342515,0.006812825,1.2701641,1.6109902,1.5298597,1.8814322,0.77416646,0.14247076,0.15291408,1.9102774,0.29124877,0.17274515,0.8288939,1.1844901,0.08917631,0.49664882,0.70736367,0.37889278,0.3242617,0.043391544,0.2993558,0.3866226,0.1394092,0.872003,0.009504876,0.5589726,1.7270188,1.1368456,0.21359365,0.5481165,0.2956474,0.539639,0.4613804,0.62281173,0.6829901,0.69717675,0.64212626,0.23047341,1.0930688,0.49318498,0.9706923,1.4589632,1.4115983,0.12697563,0.7264636,1.3746893,0.2655983,0.017646613,0.2099968,0.6512377,0.90012497,0.53651446,1.8634244,2.6771376,0.58158696,0.19902031,0.5745062,0.10789793,1.0849823,0.19691293,1.6563784,1.8905954,0.24131414,0.66461927,0.31893706,2.5406575,0.8541255,0.048900057,0.02105155,0.13709162,3.0801384,1.578846,0.47246012,1.0087326,0.22963855,0.32029638,0.4395416,0.08582625,0.63527244,0.16805571,0.9256755,5.9902444,0.96171373,0.09834849,0.8183258,0.63196695,1.4566488,0.45270988,1.326894,3.98117,1.1713771,0.5294573,0.352232,0.40920666,0.7892761,0.83723074,0.5665733,0.088181004,1.140374,0.07334798,0.09346584,0.7654127,1.1651641,0.6467922,0.5663508,0.83791643,1.3410048,1.7895286,0.42934713,0.30270335,0.12860674,0.6110949,0.49678499,0.030000959,0.3300954,1.614288,0.06930092,1.1025578,0.80799764,0.64785904,0.0,1.794972,0.03138198,0.18287821,0.028488223,0.07166188,0.48089248,0.15954652,1.1558032,0.060430385,0.54876363,0.34846863,0.049354,0.1841005,1.9005044,0.38491926,0.020829054,0.010284864,1.3409487,0.65715843,1.7873515,0.00064396585,0.5351341,0.68403256,0.73779327,0.217401,0.3887633,1.9235494,0.4433332,0.265529,1.023116,2.033115,2.7588408,0.16709654,0.26996675,0.014301852,2.017553,0.17043355,0.5694671,0.04138435,1.8822281,3.186192,0.2632901,2.5594637,1.6481938,1.8021911,1.3861573,2.378897,0.25847945,0.36161026,0.08708069,0.73981726,1.1053554,1.1377275,1.0580246,0.50794995,0.20386054,1.3562716,3.107138,0.041481916,0.49180374,0.1222764,0.0024899056,0.24968517,1.6078544,0.33383536,2.5797968,0.22179922,0.31067786,0.22492677,0.0872347,0.33874565,1.194156,1.9967822,0.63567984,0.6905188,0.21018511,0.35909098,1.1891851,1.7182231,1.115214,2.1060255,0.33068746,0.60048264,1.7232612,0.10388333,0.75772154,1.9830966,0.36973715,0.20039898,0.3073037,0.45614398,3.0635376,0.09073596,0.0048351036,0.17691574,1.0455645,1.1106253,1.1819791,0.15182945,0.26383185,0.1272969,0.46623433,2.9399102,0.6922194,1.5538831,2.072286,0.4080832,0.7850373,1.0018469,1.0408012,0.40461355,0.09445352,1.4916103,0.26979035,0.35047734,0.40908125,2.5088758,0.17196083,1.2687325,0.2839148,0.7421238,0.57991207,0.19864133,0.036437046,1.193306,1.6814576,1.6491696,0.39089957,0.50690496,0.10484633,0.5711998,1.4784873,0.7350264,0.32468325,0.35851303,0.5114856,0.045017544,4.552792,0.43028983,0.5990117,0.05415631,0.10226351,0.75757164,0.61592466,0.06237763,0.1934816,0.69255733,0.836548,0.4421634,0.12622708,0.08213925,0.43880746,1.1569343,0.006625955,0.287662,0.41564882,0.29986522,1.7348422,0.4861784,0.19125852,1.5735178,0.1895096,0.0,2.945693,1.1857431,0.09455881,0.6170232,0.18522137,all_pothole_images\pothole_images_new_image_899.jpg
1.0295933,1.1741846,1.7013423,0.29000658,1.449319,0.5465998,0.1874209,0.080435075,2.6635303,1.090784,0.16027454,0.40758887,0.7983836,0.06064286,0.55451465,0.1387614,0.7495455,0.0,0.01739213,0.6120227,0.057278663,0.25476727,0.590449,3.7172806,0.0416039,0.066866204,0.0014580955,0.003614101,0.020298589,0.1961295,0.1411655,0.04406247,2.8986225,3.0898519,0.22476028,0.18531261,0.31961414,0.7591385,0.7581049,0.29786065,1.0728415,0.2431207,0.11669945,0.29073834,0.32227907,0.06299441,0.50920683,1.7846168,0.05117408,1.2097089,0.81113917,1.4591681,0.07800985,0.39716643,0.23946375,0.22044317,1.9242226,0.33783114,0.35726374,0.25515595,0.0,0.36013424,0.14320798,0.2048947,0.33196986,0.026995746,1.1564591,0.6690428,0.1896636,0.062247228,0.15614681,0.0,0.61744,0.18888983,0.1666614,1.4519902,0.42450783,0.22098315,0.4540458,0.013386486,0.11743619,0.8301687,0.1379187,1.7216367,0.450764,1.2999964,0.18885906,0.19249684,1.3601925,0.3733317,0.1475753,0.15002191,0.0,0.012564355,0.5530175,0.58073527,0.68397504,1.9785358,0.21683998,0.045972873,0.047037542,0.0,0.94040304,1.8502998,0.45625713,0.0,0.3905281,0.07952336,0.0,2.3600175,0.59562945,1.3587183,1.579144,1.3872188,0.019592304,1.0772638,1.5301626,0.12509084,0.19039029,0.3364252,2.9646833,0.5650089,0.2427337,2.2928376,0.8345971,0.72137403,0.023688558,1.6025826,0.016293073,0.3177455,0.85361415,0.31704912,0.21559456,0.2413027,0.7922418,0.139795,0.12912017,0.0055112015,0.00089943834,0.27583304,1.0387267,0.32809615,1.3870908,1.109113,0.09067358,0.0,0.45911554,1.2025044,0.21922992,0.095245205,2.270178,0.6098418,0.6566058,0.92119604,0.13811976,0.1943683,1.5381002,0.43121263,0.6350972,0.8781258,0.45263368,0.11660868,0.0,0.10059114,0.24487944,0.0072558923,0.0,0.0,0.19877169,0.19984792,0.043945964,0.005636225,0.00276896,0.039310325,0.83686435,0.12448047,1.641985,0.0,0.0696088,0.10710793,0.0,0.047593027,1.3282048,4.346986,0.9910399,1.8687943,0.0,0.106625445,0.58294654,1.1126238,0.021324128,0.018040014,0.3915107,0.46601108,0.8221163,0.10603286,1.3119003,0.91236204,0.6120881,0.36156738,0.08911339,0.8961661,0.05148471,0.1524131,1.4630983,1.393571,1.3571699,0.011753004,1.4404579,0.4921733,0.0,1.7040875,0.087116666,1.0380889,0.5580789,0.0023737035,0.17968406,0.20708837,2.2895823,0.0066884486,0.24691819,0.038146686,0.027890429,0.6831879,0.043774493,0.21930386,1.5770493,1.2290154,1.302649,0.03846367,0.0,0.05182558,1.4736218,0.2148285,0.9580777,0.17233518,0.38164306,0.0,0.3738635,0.51807696,0.09457097,0.025948495,0.07195539,0.07044649,0.013636555,0.30436853,1.2600001,0.014734991,0.9014146,1.217532,0.11795382,1.288471,0.10494019,0.8160752,0.9468999,0.0,0.08406997,0.0726662,0.10692578,0.77088815,0.22834419,1.1828061,0.5623653,0.6968292,0.23528309,2.6265879,0.26435477,0.07761924,4.049922,0.131755,0.8276752,0.0052514523,0.014045298,0.38792396,0.0,1.8886205,0.4405831,0.11960434,1.1847132,0.77226144,0.3345534,0.5032702,1.7256953,0.021812147,0.9861179,0.16316229,0.26014644,0.015092192,0.00058345415,0.18403696,0.68618125,0.2608664,1.5988288,0.81170106,0.71139944,0.18667018,1.2748332,0.00018318265,0.78030246,0.66491777,0.24137795,0.77014273,0.17629178,1.7358314,1.2019489,0.88859403,0.25815007,0.7797732,0.71957266,0.10694231,0.27582064,0.12657624,4.9541135,2.1144292,0.0032473558,2.7865021,0.030613441,0.68832475,0.21842678,0.45394942,3.3425405,0.6733669,0.7480919,0.23129997,0.22611652,0.3900448,1.9306859,0.6682106,1.7288102,0.005069219,3.019632,0.050380707,0.25848356,0.10502227,0.36318338,0.10524493,0.6647818,0.12275147,0.3122078,0.03913648,0.91060317,0.41378725,1.11382,0.13176677,0.0,0.0,1.3289332,0.34804732,0.20220199,0.018445102,0.024581417,1.1689707,0.13105015,0.93876445,0.29487595,1.5869997,0.10969517,0.17979999,0.2710255,1.2759162,0.48191732,0.0,2.2626255,0.46321225,0.18979749,0.79708874,0.38927537,0.6342529,0.5184276,0.5809691,1.7355165,0.5427188,0.48555413,1.2657139,4.568695,1.7906597,2.2541835,1.7695055,0.07330161,0.76152724,0.12834066,0.25868806,1.199778,0.83570695,1.8329086,0.16341549,0.43216756,0.55447686,0.022194786,0.21170701,0.1658104,2.4107077,0.6061615,0.41264564,0.14665024,2.0468721,0.9450544,1.110575,0.8910573,0.2518234,0.49270973,0.78681725,1.2489477,0.2708018,0.3144977,0.07885674,0.36470646,0.12975456,0.0518519,0.7972694,0.3167943,0.6565203,2.9333577,0.32018602,0.3067507,0.87029094,0.61090934,0.03593165,0.4187973,0.9584204,0.0,0.7385094,1.4403179,0.24439593,0.08879239,0.06576188,2.302579,0.48814988,0.30159232,1.664963,0.7539464,1.1767435,0.45576188,0.94116217,0.0047895317,3.9036498,1.3246995,0.5417064,1.739489,0.5253381,0.75998574,0.063770965,0.02283138,1.0531687,0.25202194,0.04764908,1.8520936,0.09910683,0.031171676,1.5541836,2.5600312,0.6988656,2.064512,0.58944046,0.62959033,0.9341299,0.93398345,0.21737918,0.10547811,0.8401438,0.2278264,0.26066893,2.248441,0.44781366,0.9254719,0.050605774,0.045218803,0.10829349,0.06591507,0.38504237,1.1323519,0.0,0.18587942,0.6800898,0.90093625,1.3180969,0.022835834,0.7548434,1.4679198,0.63856536,2.5826194,0.8250739,2.7841573,1.4741465,0.25066796,0.70782197,1.4288912,0.86339444,0.013270338,0.5086093,0.6309907,1.1538563,0.31684977,0.04840717,0.45879862,0.023661112,0.054816037,0.4382814,0.0,0.0,0.2752438,5.854755,0.050397385,0.57873476,0.21249291,2.80463,0.74383247,1.9750515,1.0382593,0.2950468,0.42067128,0.12710951,all_pothole_images\pothole_images_new_image_9.jpg
0.36307234,2.8616164,0.029687086,1.171315,1.3276616,1.1274296,0.5177081,0.21527493,0.021822194,0.86729276,0.1425087,0.7782204,0.0,2.6970239,0.019914126,0.71528,0.0034569637,0.7567031,0.20817442,0.0953754,0.079633,0.08267202,1.3567643,2.5713596,0.08065289,0.1453422,0.23626646,1.6169696,0.20328362,0.4447148,1.0340707,0.0,0.031934887,0.044639505,0.82674676,1.1986537,1.0516,0.29773664,0.98845726,0.024184283,0.25853464,0.04853392,0.30796,0.44570252,1.4350764,0.07800186,0.01318818,0.18627256,1.395537,0.11610859,0.72650295,0.6020753,0.43582153,0.024901735,0.36887264,1.3159863,2.0283163,0.06739859,0.5469887,0.68215364,0.14299121,1.4700518,4.3395443,0.42502505,0.06147431,1.0119162,1.530574,0.308615,0.4069151,0.15790592,2.6558526,0.5233144,0.17628446,0.5110493,0.2897938,0.15594384,0.02773584,0.14662454,0.0,2.8651392,0.0,1.6135061,0.65574193,4.3100452,0.8567957,0.009065132,1.2949183,0.0018224311,2.4668078,1.1375296,0.38366362,2.3909717,0.036265336,0.73477,0.61295795,0.8442779,0.09362423,1.4066733,0.8264739,0.8999017,0.3822515,0.5090046,0.98851055,0.39591795,1.8078394,0.08520066,2.6464608,0.27863884,0.95637417,0.2639668,0.7302763,0.8373366,0.1855916,0.3946987,0.52014726,0.47078773,0.16994339,0.76969016,0.9879242,0.1991857,1.811567,1.7877452,0.071945615,0.47004014,1.4047965,1.1787302,0.35773593,0.15161769,0.59850764,0.60497075,0.26401228,0.9044142,0.22234054,2.1716278,0.26420736,0.0033941062,0.025807075,0.22166069,1.5805119,0.5485569,0.26179275,1.5143099,0.066989705,0.31177965,0.23531497,0.11848136,0.3160627,0.012656158,0.42076766,0.10778362,0.12246361,0.13461982,0.63373065,0.030092243,0.8613266,0.08567938,0.07998984,0.055582333,0.23530905,0.20294692,1.6342282,0.45247868,0.37090722,2.9002502,3.4377728,0.21293534,2.4243886,0.034259923,0.5615204,0.72621065,3.5992882,0.19969031,0.5656858,1.8163763,2.577884,0.17554937,0.71043015,1.4698857,0.033259857,0.008032845,0.05429389,2.5665944,1.2298448,0.15611312,2.0264785,0.6095272,1.9518937,0.06888987,0.20827028,2.6359832,1.5344559,1.8837398,0.19777313,3.2200522,1.6570472,0.12880401,0.71371245,0.46168283,1.2647629,0.03173433,0.19337596,0.8943925,0.36918455,0.43120155,0.4745344,0.79764944,0.053243127,0.0043525295,0.87500495,0.50237244,0.53003967,0.8850957,1.5576367,0.45824185,1.1002206,0.17911126,0.30863893,0.12343092,0.51172817,0.058690313,0.93527865,0.15410165,0.3448409,1.0465299,0.0,0.11766874,0.72018206,0.027338626,2.6208372,0.097221754,0.1694589,0.5838071,0.93198687,0.81787455,1.2383311,1.0002229,1.0396173,0.164068,0.19987935,0.09619164,0.213236,0.44996706,0.069925524,0.22671257,0.49949864,0.13809308,1.3945885,0.27199405,0.13535528,4.807767,1.4739488,0.01668063,0.04644653,0.03386194,0.5907581,0.12315715,1.3897258,0.1088285,0.5662686,1.2861494,0.51140064,0.04835174,0.66639006,2.2073648,0.054400157,0.20233282,1.90034,1.8599284,1.3881897,0.0015212015,0.27505225,0.6746771,1.5521234,0.2207681,0.51846796,2.7608697,0.21297507,0.17787252,0.0017301367,0.008007204,0.16902173,2.4817383,0.2829117,1.6007103,0.7694431,0.27155963,0.9805301,1.698131,0.49472922,0.15293433,0.36324656,0.73119605,0.02321803,1.972849,2.2066545,0.5325023,0.85565734,0.026062729,0.26819268,0.613716,0.014951922,0.4087072,0.555315,0.6361584,4.8639736,1.4304366,0.812022,0.123269096,1.0316391,2.3961914,0.0036405593,0.267712,3.3640199,2.265202,0.054405298,0.074860126,0.30157083,0.52451235,3.3991244,0.10337293,0.12758803,0.14197148,0.05077752,0.014438214,0.004159667,0.44613248,1.4895071,0.44723234,0.94399744,0.5588868,2.5601258,0.14653116,0.13178004,0.0068128724,0.0047788415,0.7121323,1.3514323,0.46202895,0.88889974,0.50347793,0.003955657,1.0075076,1.129254,0.7297592,1.8934219,0.0037885255,0.3308138,0.0021684289,0.009004609,1.328952,0.5616048,0.022559898,0.010148963,0.26899523,0.8971522,0.07624774,1.7125114,0.42734915,0.6487183,0.185291,0.17935745,2.241802,0.97937936,0.0,0.009938491,0.7101135,0.9948131,0.1332232,0.39187446,2.832875,0.5598382,1.0116162,0.08426693,1.0600514,0.44256926,1.9240781,0.058714718,0.0,0.0020099878,5.4239936,0.3157543,0.30705717,0.44924328,0.28841847,2.6831048,0.1739839,3.224769,1.3763915,1.1871215,1.112173,0.8217207,0.036776956,0.36653766,0.49741986,0.24010903,0.6982247,0.016813893,1.3270712,0.02725649,0.0539227,0.9720038,0.7961647,0.37645268,0.4716824,0.4109672,0.017295867,0.7229067,0.89629084,0.24321225,0.5031507,0.10789425,0.39634225,0.45350417,1.0322983,0.17885084,0.20243742,0.64292854,1.2855898,0.25143525,0.18854244,0.2161768,0.09026797,0.10548251,1.125991,1.1575925,0.8107232,0.3699867,0.6118942,0.37923634,0.377408,1.4122686,1.0328836,0.0,0.27547276,0.12509175,1.0776213,0.6468149,0.53390455,1.989737,1.4920056,0.36096182,0.4799645,0.9692478,0.10459326,0.114691705,0.5688268,1.0671477,0.01746948,1.5307871,0.5729246,1.2369008,0.39942184,0.31421614,0.004963085,0.5455335,2.072968,0.5866429,0.81734264,0.075906575,0.42500234,1.2795653,0.016224204,0.51613927,0.04854463,0.27337188,0.07939464,0.95244175,0.016409526,0.3193271,0.41312563,0.036211163,0.07142072,0.23844372,0.18469088,0.33077994,0.36325026,1.0284119,0.03513355,0.31710374,0.05760993,0.13646749,0.9599091,0.50707376,0.0,0.04456285,1.529925,0.70096344,1.1294543,0.043243155,0.014635671,0.07573267,1.9083366,0.0020051994,0.020575464,0.060187656,0.25014126,0.38076138,0.093089685,0.0,1.0700186,0.08197447,1.8750775,0.16515023,0.01542785,1.174433,1.1794368,0.2526922,1.4351374,0.33757046,0.3810943,0.87507915,0.46395695,all_pothole_images\pothole_images_new_image_90.jpg
1.4239,1.1418371,1.0550529,1.0482032,1.0930941,0.71875,0.3107536,1.5814947,0.33283436,1.1817394,0.83455455,1.6158612,0.19910279,0.4176441,0.12054702,0.30783385,0.6083539,2.0032508,0.25779766,0.113500245,0.42925185,0.9660713,0.54503536,3.9976687,0.025587227,0.9924806,0.050272632,0.6652385,0.21234795,0.2980891,0.7502177,0.16433048,1.9518677,0.98260885,0.5512979,1.4971381,0.7585602,0.123410866,0.115885705,0.5936654,0.6054981,0.5523071,0.28605968,0.24727827,1.3968935,0.051169083,0.24340287,0.23004602,1.2806442,0.50628,0.79837745,1.1301214,0.78424966,0.029635709,0.5680763,0.05055215,1.3202806,0.29279643,0.8730386,0.9703344,0.56858236,0.09121441,0.9596698,1.180378,0.90738606,1.3079702,0.32616755,0.42922547,1.6852366,0.10322756,0.08432752,1.2746279,0.04162776,0.050975613,0.9131303,1.592941,0.008163941,0.7393548,0.007328974,0.8385911,0.3987134,0.022656592,1.2360885,0.23567244,0.5808814,0.90348995,0.2627397,0.7008775,1.3076116,0.77319366,0.8839921,0.7322535,0.9834095,0.45256644,0.5897869,1.3708282,1.271811,1.1976584,1.0036063,0.25993288,0.009506933,0.47024402,1.0815401,1.075324,1.2417197,0.526754,0.27655855,0.8806016,1.3992283,2.0835197,0.41636473,2.0799341,0.503704,1.4451137,0.29885995,1.3370359,1.6973,0.165201,0.20679435,2.1832514,1.2728554,0.6823695,0.78027266,1.1751105,0.19850291,0.2246437,0.15281451,1.0643318,2.7740784,0.45912227,0.3376963,0.6920902,0.038372196,0.5757958,0.14911844,0.5091358,0.007897097,0.37739214,0.007240773,0.7968786,1.4279822,0.87000024,1.3733144,1.079063,0.37550914,1.6603149,0.32843423,1.5083416,0.23887685,0.74240315,0.71549416,0.009924134,0.80899024,0.0,1.2151133,0.88163173,1.098605,0.3985699,0.23943514,0.17258234,1.1630243,0.36714047,0.29224238,2.79244,0.8233921,0.0,0.22642253,0.29500058,1.1487887,0.2586674,0.2051452,0.21959819,0.07839241,0.085801,2.4499207,2.446475,1.169398,0.38584358,0.89779127,0.3574235,0.36393705,1.1364303,2.2233613,1.2462507,2.6847024,0.44706076,0.049807683,0.38123256,1.0227728,1.3208758,0.24207659,0.27973503,0.7107577,1.6695719,1.4667536,0.06480977,1.349955,0.77437156,1.9715446,0.25723895,0.2732657,0.8461535,0.073074095,0.5878632,0.2725904,1.1859927,2.4765277,1.0343857,0.66158277,3.5064266,0.11916207,1.0477917,1.3179016,1.0619016,0.058944374,0.60373974,0.6814944,0.034822054,0.6115695,0.6631679,0.28683904,1.2083884,0.76490515,1.2912598,0.10945871,0.015961567,1.6292833,0.6064484,0.0028747856,0.57055473,0.031404622,0.38602003,0.07655891,0.5090165,0.93093157,0.08790429,0.9306585,0.94814456,0.86425936,0.6383281,0.3826607,1.2863079,0.51286906,0.15484022,0.5018424,0.4590725,2.2625158,0.45377114,1.9900042,0.17883468,0.8999429,0.6569295,0.6479034,0.04322554,1.630556,0.3567945,0.5231,0.27159265,1.056726,2.69721,0.11519714,0.4184223,0.79793626,0.54354906,0.4532779,0.38167286,0.70728964,0.040551048,1.2711321,1.2024668,1.1916409,0.4220616,0.89049006,1.5557137,0.709851,1.1875467,0.588902,0.281374,0.35816687,0.5084516,0.007388015,0.07611998,0.07144812,0.46838906,0.24012281,0.04378747,0.025132168,0.24839206,0.92483735,0.28026244,1.7721535,0.54486346,1.7236689,1.6905228,0.7281354,0.055742502,1.4347911,1.4600827,1.3590795,0.0,0.8316551,0.114094734,0.3737229,1.8085333,0.14542432,0.0056789643,0.22996828,0.47406784,0.36577812,0.28891027,0.4631369,0.6164518,1.0945872,0.16593213,0.36745748,0.024223678,0.116176255,0.28935412,0.7287842,1.0317465,0.70978653,0.75180256,0.41840369,1.0062668,0.7111013,0.64545435,0.12517448,0.5800916,2.0778716,1.4330945,1.2280939,0.37725332,0.20256394,0.37685037,0.5540424,0.21615896,0.7318213,0.0701767,0.73990476,0.3387527,0.8171179,0.4407195,0.33148628,0.21122095,0.41954142,0.38719916,0.057892643,0.37991628,0.0,0.41609338,0.07417657,0.9441987,0.66370606,0.22780484,0.3022809,0.15810443,1.8730328,0.12569907,0.11076521,1.4163872,0.4599388,1.4327592,1.0158573,0.5039073,0.025196387,0.4081612,1.0091765,0.5730097,0.5021395,0.9842373,0.8045777,0.764841,0.60700047,0.34980536,1.9290676,0.09757275,1.2491162,0.9766013,0.30704573,1.7267997,1.1262848,0.2285141,0.8486346,2.5260782,1.2113228,0.92865944,0.33981058,0.7712105,0.4376986,0.45982164,1.0427381,2.922462,0.94039285,0.018506037,0.71982473,0.25981382,0.25505835,1.8199201,1.9756584,0.67721224,2.198911,1.8602992,1.0660807,0.3285493,1.1149772,0.04860238,0.50840974,1.306632,0.385553,1.3713019,0.25289536,2.030254,1.8012741,0.06256017,0.27131924,0.23780689,0.80825895,0.11516959,0.5319898,0.6246234,0.7147629,2.2020104,1.2207446,0.1995341,1.9751178,0.08785509,0.53124756,2.0968504,1.0595456,1.253331,0.6817507,1.6609651,0.12185501,1.5274308,0.10231752,2.0360484,2.82245,1.6215225,0.48289463,0.5552827,1.3866018,0.05192092,0.020385195,1.2949684,0.3680181,0.3102188,1.1884061,0.24488561,0.5768727,1.3550295,0.77311045,0.9202753,0.01843523,0.16988951,0.49465886,2.858945,1.7134577,1.426914,1.1946527,1.1013529,0.15139396,1.6523256,2.0543282,2.805695,0.62524873,0.087715216,0.8401401,0.48702854,0.13751942,0.11028692,0.8973585,1.0439333,0.29012462,0.15870263,1.0435946,0.6546682,0.24305846,0.21118923,0.53591305,0.2224732,1.3781009,0.9703912,0.13634859,0.22331953,0.040295035,1.314497,2.1226718,0.24487622,1.144157,0.0,1.9406724,0.34067088,0.00917276,0.0538882,1.2763408,0.026539648,0.16641274,0.069183,0.75615036,2.5821135,0.89852726,4.339607,0.00953594,1.3739802,0.36833167,0.53583616,0.11228928,3.2606642,0.16375548,4.521387,0.9889552,0.07360103,all_pothole_images\pothole_images_new_image_900.jpg
0.8416298,0.54940563,1.7012379,0.10170216,0.007732047,0.36999553,1.0702367,0.016173236,3.213601,2.0946195,0.0,0.026727768,0.27107164,0.04639951,0.72103095,0.5161788,0.021557285,0.0,0.13731112,1.7521975,0.93270636,0.32664394,0.70679176,2.0843437,0.009734052,0.17243807,0.0,0.52034473,0.066605695,1.190707,0.0,0.07454519,0.34723517,1.2873429,0.0056473343,0.091431245,0.45329037,0.10531706,1.1011343,0.4225205,0.77200365,0.21114872,0.043532178,0.3156291,0.26154965,0.752781,0.44908962,1.1175056,0.09915791,0.047327984,0.776874,0.7190804,1.7900146,0.5692172,0.39815855,0.59131646,0.853596,1.6351153,0.9014857,0.76363426,0.043890003,0.9909185,0.4263943,0.68322575,0.06342422,0.26215592,0.3243116,1.1755337,0.21460669,1.2207844,0.16875021,0.041650154,1.3660047,0.28843758,0.25190476,1.6093086,0.6490343,1.4339238,0.02675834,0.09321936,0.3948021,1.1108863,0.0,0.6533568,0.005066242,1.2888199,0.001695428,1.0884192,1.5242126,0.29293096,0.06879587,1.0384978,0.3934134,0.11291194,1.6846201,0.048270244,0.6420152,1.5449347,0.20636505,0.079890236,0.31990242,0.34063998,0.0473006,1.1786895,1.4722505,0.0010788505,0.98899,0.5186289,0.006483007,1.1449904,1.5769745,1.5753495,1.3344523,0.35050336,0.03515834,1.0485505,0.68001086,0.19851315,0.30255243,0.4400325,1.9434652,1.1463135,0.022185743,1.2903117,0.0,0.43491527,0.041951675,0.026756855,1.2405589,0.0049215183,0.36519203,0.3892921,0.0,0.4403168,0.26894185,0.1648266,0.0056343577,0.0,0.40610588,0.2737656,0.3036737,0.6384992,0.4781952,0.5464715,0.4222004,0.00015568493,0.5076184,1.6536491,0.15292089,0.35190395,1.142266,0.18234675,0.5653428,0.0032625946,0.24800844,0.45229316,0.07807919,0.90471816,0.42390615,2.846766,0.62233096,0.17608376,0.75731766,0.57000786,0.04810664,0.5664361,0.26452854,0.25921527,1.4942373,0.11887199,0.38288623,0.07704606,0.09125558,0.12115173,0.9120901,0.025765039,0.05988053,0.0,0.0,0.07071794,0.0,1.1733825,1.1961015,2.3630898,2.313868,1.5885149,0.12076723,0.53732306,0.10986752,0.84681094,0.037709337,0.02241209,0.19504313,1.2513036,0.2199083,0.010632149,1.9768456,0.86018217,0.12543976,0.054487277,0.08482679,1.8910118,0.35403356,0.062140543,0.72468424,0.79421437,1.3370906,0.023493825,1.0028617,0.06514516,0.09925266,0.46470287,1.4982787,0.78930974,0.320215,0.002038838,0.52250755,0.28679594,1.6019318,0.023559649,0.8813929,0.0636851,0.17230628,1.0284802,0.10631349,0.2087079,0.25521207,0.64895785,1.5189496,0.0031984558,0.03989824,0.54954916,0.10835954,0.010386385,1.0406445,0.8847968,0.13605464,0.0013767128,0.0,1.0853846,0.01832099,0.057979174,0.20721932,0.06442882,0.44559252,0.008399308,0.48380333,0.0,0.17557584,2.201902,0.61459875,1.3397408,0.28449357,0.8122469,1.3123568,0.013435032,0.56900364,0.9895877,0.43361166,0.17301454,0.042094745,1.1951346,1.4485236,0.3813945,0.63749045,2.4430554,0.0044038366,0.19218542,4.0713816,0.0018198679,1.229415,0.3213645,0.15420917,0.7076145,0.43764627,1.0966471,0.9153324,0.27494198,0.35267326,0.4657423,0.183473,0.9152181,0.48197415,0.03437313,0.077098556,0.3995177,0.41499814,0.41666228,1.0004797,4.1170922e-05,0.507129,0.035849337,0.5803937,1.215156,1.1103132,0.08107453,1.2152052,0.40443754,0.54487354,1.4820201,0.44779047,1.0669398,0.015976349,1.3927608,0.53084064,0.04660527,0.5017462,0.40223014,0.38345444,0.3791682,0.3333291,0.4515517,2.797619,3.5660841,0.0,1.7051257,0.08085881,0.79656965,0.6271583,2.464907,2.4488244,0.0,0.13496405,0.1333136,0.0,0.4089592,1.8401084,0.10234094,1.3116558,0.022567043,0.62581915,0.23425385,0.052340586,0.047382012,1.5132,0.28393978,0.6884662,0.0,0.0016920336,0.044922683,0.8628121,1.0204643,2.0139859,1.5065821,0.022847183,0.0,0.19050449,0.0047508767,1.1536933,0.6210129,0.0,0.27175426,0.07946602,0.96256334,0.02817456,0.6012418,0.19243217,0.05360505,1.3982309,0.47675106,0.11868447,0.0,1.198385,0.061117142,0.3203368,0.18136655,0.095243625,0.98580354,0.19251442,0.6704897,0.8061209,0.043405026,0.5521964,0.65193945,3.7140913,1.0051007,2.040185,0.8709371,1.4285543,0.1646796,0.102537215,0.0,1.165679,0.08320522,0.13009852,0.58945644,0.034089882,0.017411916,0.0,1.3512591,0.14782602,1.7791257,1.8109542,1.1046635,0.0,1.01981,0.38350755,2.0552423,0.2944512,0.59704953,0.49893972,2.4058695,0.020372843,0.2914846,0.1530322,0.0009450571,0.04577275,0.31667227,0.16104908,0.3636018,0.32313845,1.0611203,3.003281,0.2432319,0.7523253,1.269022,1.2314694,0.37434682,0.010497071,0.67677397,0.0034126923,0.1975115,0.01496567,0.4472573,1.4222455,0.0,2.2313857,0.39796832,0.15623033,0.33074737,1.3410096,0.0,0.36659932,0.28007215,0.008448143,4.3420258,1.8182628,0.8808919,1.8291485,0.44181722,1.1059685,0.25245556,0.2532117,0.16165207,0.7027057,0.15525964,0.40994847,0.88435143,0.2594573,1.0837393,0.38958842,0.12776005,0.0723492,0.030931665,1.4847605,3.6663594,0.010136428,0.3173288,0.0,1.2668184,0.08023549,0.0,2.9258192,0.04677495,1.4702342,0.20233901,0.007350553,0.26933774,0.5168241,0.7550898,1.8717631,0.0014993564,0.09098235,0.021183014,1.539606,3.7138023,0.0,0.05763467,1.3517526,0.31077302,3.622612,0.024216631,0.35341534,0.6560863,0.6120969,0.5385729,0.0058428803,0.334352,0.45809695,0.9850803,0.295071,1.3137131,0.56431794,0.0,0.0136264125,0.0,0.36881363,0.42946967,0.18575925,0.0,0.0,2.458953,0.22775151,0.7280828,0.07447803,5.751894,0.45875034,1.7177207,1.8038169,0.6222239,1.1328872,0.07681902,all_pothole_images\pothole_images_new_image_901.jpg
0.0,1.6021606,0.10817343,0.054852664,0.34401017,1.9827085,0.06297739,0.05534416,2.348355,0.053118214,0.10384812,0.24670015,0.45549613,0.06037083,0.14075686,0.74105805,0.38759556,0.0,0.95990986,0.0049378984,0.088014364,0.25132674,0.8238533,0.31317472,0.5496685,0.22655763,0.6687946,0.4832854,0.50933456,0.112315446,0.5907291,0.13554001,0.24486175,0.116821595,0.55137,0.55639416,0.15553376,0.49593735,1.5793027,0.052860063,2.3650055,0.019203003,0.44996634,2.3416448,0.7991315,0.10059193,0.019260291,0.37139034,1.4788088,0.13225095,0.041173555,0.42191517,0.5406915,0.8715318,1.5516059,0.9726545,1.0082817,0.20268853,0.50049853,0.57464415,0.0,0.39427343,0.4494604,0.115487404,0.48815054,0.3390404,0.3771778,0.09376834,0.34457296,1.0774024,1.5322756,0.560136,0.046351656,0.7300669,1.1869426,0.05660607,0.39368394,0.817174,0.16096199,1.3183335,0.004960398,1.0822959,1.5470216,0.972728,1.116062,1.5796847,0.45796552,0.24012662,2.1222386,1.2405413,1.4451092,2.520173,0.27897426,0.53327936,0.68996894,0.18927807,0.3606323,1.6665665,0.17392026,1.1426358,0.23196617,0.95601106,0.6562236,0.03578933,0.50323117,0.25876608,3.1202621,0.23488402,1.2483889,0.16962355,1.059389,1.5644838,0.04887775,0.705218,0.12860206,0.9463031,1.851692,0.54631704,0.60333705,1.4842974,2.7809725,0.2601902,0.96757114,0.08088732,0.4280346,1.2975186,0.0862294,2.3780932,1.4263573,0.052094255,0.10714922,0.26158878,0.31321812,0.63928646,0.34858185,0.29681864,0.30734977,0.11182777,0.4088349,0.3398703,0.32809743,0.021204624,1.0422846,0.16493127,0.073834784,0.24586552,0.7068037,0.5918341,0.023739751,0.44604787,0.3238715,0.3613844,1.3420804,0.1862716,0.4622752,0.80927616,0.09772936,0.38439628,0.04864118,0.21304527,0.64254916,0.558491,0.5603516,1.3529257,0.21295142,0.093708366,0.009729317,0.1412763,0.8932496,0.69539094,0.5754349,0.7166436,1.0549769,0.16062897,0.58272475,0.4204335,0.23840576,1.0390148,0.19348992,1.2668136,1.1927294,1.919592,2.55124,0.5603272,3.3058457,0.6407012,0.7398141,1.3217759,1.2608254,0.8807924,0.19049303,0.3193504,1.2001597,1.1940897,0.54232645,0.20026039,1.0119253,0.692308,0.42501518,0.64589524,0.13834625,0.118865475,1.2406362,2.0358431,1.1114684,0.49355993,0.12775609,0.12650019,0.44924286,0.2552132,0.06595406,0.19989818,0.78391623,0.08884381,0.5108529,0.22544827,0.084541,0.2130553,0.50214,0.8183085,0.30886307,0.15493323,0.01587665,0.18529475,0.1971463,0.28745347,3.0516021,0.09649644,0.9910493,0.88010675,0.97417045,0.101808965,1.1963762,0.6930776,0.1854231,1.9119904,1.8666542,0.050833028,0.18703125,0.28750125,0.7640692,0.90571904,0.083364576,0.14348698,0.5399876,0.087814905,1.2061319,0.13514696,0.106964715,1.4055935,0.21866147,1.0929521,0.5694071,0.192269,0.1524163,0.40996212,0.20186694,0.14864837,1.1876622,0.26437178,0.35882863,0.4437537,0.0869199,1.0101906,0.22738399,1.0237001,1.3974295,0.41294065,0.6868691,0.118751176,0.056123503,0.6075317,0.38655877,2.0781412,0.8758665,1.7054006,0.4930274,0.8272731,0.09004345,0.2713341,0.17307748,0.36640704,0.27709243,0.048927784,0.8529165,1.7132728,0.92341346,0.48201042,1.0914141,0.2622896,1.2426925,1.4108644,0.27112317,1.6409279,0.53717494,0.4609357,0.15450631,0.19657773,0.99449295,0.04822857,0.12455309,0.16011356,0.23486668,0.04456296,4.2020507,0.51175195,1.3971096,0.2570421,0.08178146,0.59012914,0.01315355,1.0740514,2.7501383,1.9252111,0.32477546,0.16245301,0.16577227,0.11169558,1.0477579,0.24753706,0.32116297,0.039622612,0.009307784,0.09056883,0.9293527,0.13317356,0.5224381,0.13204959,0.025040707,0.5102563,3.8190358,0.4642642,0.0043804618,0.035326768,0.014461195,0.41727388,0.39161608,0.00585833,0.22496885,0.44465882,0.009618069,1.7522016,1.2596382,1.1700925,0.45641932,0.35236427,0.07047828,0.105457306,0.10133171,0.6425984,0.46234876,1.247818,0.79336524,0.0914786,1.6737857,0.8389075,0.15620925,0.7185748,1.7120606,0.4813712,0.010377942,0.0023559916,0.014108081,0.24652383,0.50729144,0.9709947,0.66035235,1.0490266,0.7960409,0.22282934,1.9220796,0.6532188,0.2114659,0.5765599,2.365463,0.2867015,0.25924394,0.05597837,0.8596182,3.6811173,0.15220924,0.9563891,1.4345164,0.28124824,2.1912863,1.3479726,1.1349758,0.14457276,0.84234214,0.5558702,0.5605663,0.23389746,0.084421575,0.070457704,0.42181158,0.8201465,0.95141584,1.3011632,0.1643897,0.2576571,4.801124,0.32695216,0.57976514,0.017626906,0.21828511,0.26105818,0.82653046,0.0032386,0.015418833,0.3438341,0.23860343,0.27291277,1.095462,0.5831653,0.13558744,0.13251117,1.5845166,0.097237885,0.23296353,0.15681478,0.46896243,0.18108504,0.74909693,0.5290905,0.43606302,0.40037936,0.5348181,1.2040489,0.1844323,0.2574804,1.1271713,0.7768602,0.5460921,0.51212776,0.5247116,2.6944864,0.7679008,0.0278753,0.47246096,1.0630816,0.06306476,0.5671171,0.7729481,0.096811645,1.4600358,0.60078603,0.40189165,0.037953425,0.9138884,1.6408896,0.29411253,0.6076392,0.23781252,0.46350458,1.8310311,2.1254363,0.055838156,0.33993712,0.87077177,0.8636102,0.13565554,1.365705,0.91474074,0.1715049,0.72923744,0.2074024,0.7474562,0.19844827,0.95211136,0.12680662,0.490158,0.17896356,0.7736463,0.37505853,2.0380588,0.32538572,1.3072821,0.91590726,0.49936014,0.0034851423,0.1676794,5.422083,0.749011,0.2491559,0.8734238,0.04742915,0.983163,0.9093394,0.1819299,0.3167925,0.3954277,1.407816,0.0,0.41798505,0.5228097,0.82217735,0.36733806,0.22175427,0.77275074,0.2519069,0.0030571362,1.3316952,1.072769,0.14026518,1.3119868,1.2491776,0.80662817,0.6050799,0.73677933,0.16851707,0.6342363,0.54814523,all_pothole_images\pothole_images_new_image_902.jpg
0.1139983,0.009985937,0.8776315,0.7398793,0.006985158,0.8639866,0.6626452,0.39992827,1.2976501,1.0477134,1.1814152,0.48397166,0.044074662,0.66460806,0.5575222,0.86952114,0.6730725,0.3667376,0.22591789,0.12152356,0.21095212,0.6240139,1.9229144,0.8261068,0.32705742,0.39182422,1.0186396,2.7556233,0.9966568,0.083413,0.032658156,0.4941871,0.72026783,2.1579452,0.042132378,1.4427344,0.3198169,0.12783298,2.0167193,0.3228668,0.6937849,0.5566406,1.2051502,0.13918746,0.08849924,0.57668084,0.14426576,1.2553886,1.7015256,0.36479583,0.8538023,0.89316255,0.62024647,0.0,1.3584251,0.7590129,0.27723432,1.5776603,0.54485434,2.8026054,0.0071831406,1.4064226,0.34013942,1.4721323,2.2501612,0.17998326,0.92644435,0.45915747,0.13823913,0.13674653,0.14102301,0.20858495,0.6409381,0.6303834,0.8180809,0.6295724,0.7507052,0.109490916,1.9472742,0.25350416,0.13694927,0.35982862,0.056094393,1.0817878,0.22637229,1.0513735,1.384613,0.06999807,0.3399679,2.1856103,0.69626415,2.1105196,1.0343701,2.376246,0.7686479,0.025229318,0.8814219,0.35220972,0.38955298,0.47504914,0.039977998,1.6855409,0.104502425,1.3091981,1.5771157,0.008511423,1.7999918,1.2613472,0.30967426,0.46531007,0.37725556,0.35987484,0.21637844,1.1676393,0.0022629483,0.1343231,0.32491612,0.2742404,0.17462403,3.2670949,2.872404,0.18321452,0.32030874,1.1529729,2.8452578,0.07302831,0.12029583,0.16966456,0.67317975,1.331432,0.9509111,0.6937986,0.15425612,0.86619043,2.5926116,0.41102517,0.4964969,1.5662183,0.098521166,1.0777107,0.10564546,0.5735906,0.78191894,0.40109107,0.06757565,1.1650748,1.5197872,0.44850326,0.20818694,0.06980213,0.22853842,0.5476922,0.026593706,0.63268685,1.2231445,1.9476696,0.39435545,0.16842651,0.0,0.47527727,0.25666484,1.4619025,0.7514037,0.43108094,0.22229007,1.1726763,0.111624114,0.24378364,0.6293957,1.3523955,0.3318505,0.0007010689,0.21290316,0.04495212,0.8177138,0.12078713,0.61979914,0.0,0.10649069,0.65906477,0.18520619,1.5929552,0.3275762,3.0994828,2.8542275,2.6234283,0.26797438,1.5217088,0.9598999,0.57665616,0.1472291,1.9757743,0.9629089,0.0044554495,2.392056,0.23461394,1.1706606,0.7559863,1.1872859,0.043450553,0.68440473,0.8792684,0.049135577,0.9395531,0.50480276,0.38047028,0.32443282,0.52488434,3.0541282,0.23966971,0.29124495,0.015922127,0.3690964,0.14651984,2.821091,0.81570923,0.6881793,0.18058294,0.98515725,0.5190642,1.4614637,0.087153025,1.1867971,0.50742877,0.047012083,0.08080645,0.21173687,0.004800225,5.090595,0.13785884,0.44152147,0.6494583,0.40586445,1.772368,0.21383795,0.9546474,0.29815832,0.28034207,0.30973464,1.2275778,0.0,0.1591137,0.25393206,0.07100887,0.6467634,0.822949,0.41254073,2.0499637,0.099316694,5.021495,0.61089754,0.39117903,0.28251353,0.9859491,0.0369811,0.0,0.109731875,0.2695932,0.31795713,1.9074806,0.42022505,0.20867966,1.1313311,0.1410774,0.81283534,0.7900032,0.022804888,0.7565255,0.5877345,0.9724748,0.66838986,0.8429162,0.4387118,0.60901415,0.5062798,0.75511336,0.5244013,1.0187724,0.022003125,0.12935822,0.80840784,0.41660714,0.27153257,0.26375315,0.21518965,0.6717128,0.30865026,0.3062629,0.029455276,0.108737424,0.25945312,0.05888207,0.17454809,0.77475643,1.5982261,0.9509184,0.14043918,0.7972317,0.9500064,3.1382313,1.3822602,0.94870913,0.005199924,0.18079683,0.57650703,0.35642132,1.272289,0.0,0.23703691,0.36619848,0.44010407,0.22202379,2.7799559,3.2986405,0.23506635,0.4940932,0.055049997,0.6770048,3.2755597,2.4055586,4.2187943,0.41529822,1.2832677,1.6815242,0.7274425,0.113291875,0.7144872,0.01862275,0.21617068,1.0198061,1.9234616,0.4811859,0.6593977,1.6689825,0.30546555,0.1429101,0.8961661,0.48953846,0.6969884,1.0120367,1.4232773,0.18406194,4.813827,2.9958975,1.2593333,0.8134896,0.028193727,0.62008387,0.49948138,1.2646288,0.04930399,0.006505087,0.0017913175,1.6859115,0.19064985,1.4434596,0.0015003167,0.27121237,1.1176101,1.9065588,1.1702456,0.69153476,0.06670324,0.41702664,0.20839924,2.3614829,0.1503336,0.6126644,0.6417465,0.6455123,0.4348286,0.87436485,0.720133,0.41115156,0.3141197,0.9314965,0.113568366,0.8668966,2.3544421,0.46814424,0.6332583,0.277813,0.6054754,0.81613886,0.20597588,0.0,0.20800318,3.916275,0.0,1.8578198,0.26178843,0.59501755,0.56632864,0.38099888,0.0,2.482433,0.89759445,2.1701903,2.370666,0.09940352,0.518713,1.4114181,0.9946306,0.073158026,0.6364726,0.16712758,0.13179965,0.20540568,0.3503318,0.97691506,0.22709808,0.32647398,0.92874485,0.45908335,0.1085914,0.5439074,0.8987568,0.5177545,0.24907589,1.137987,0.12672281,0.39831114,0.36454752,0.45507178,0.5210053,0.24037765,1.6236534,0.59566015,0.36392266,1.4919307,1.0459696,0.6615519,0.25440735,0.7949147,0.32544002,0.9667555,3.4634404,1.2398518,0.47900966,0.38952923,0.59879535,1.0312375,0.0,0.48874804,0.010580744,0.15105152,0.22039549,0.43770763,0.14766364,0.7191968,1.4778554,1.7429947,1.1781574,0.2603583,0.29518119,2.148344,0.008010083,0.09379108,0.11613926,0.1724472,0.5147371,0.024560003,0.479847,0.7816536,0.45586246,0.171277,0.8357488,1.8498256,0.0,0.77656907,1.5227382,0.03488151,0.536169,0.42102617,1.4668778,0.7436082,0.34132275,0.63436085,0.6934823,0.17970926,0.29334477,0.23706952,1.2333107,0.07980372,2.006592,0.28927484,0.010615003,0.0,0.707014,0.33092314,0.92268836,1.7041417,0.47513467,0.08092572,0.064544566,0.067854896,0.05143363,0.44565374,0.012576186,0.11812178,0.581511,0.29765615,2.1560135,0.23882616,1.4944649,2.3000991,1.5010606,0.3076566,2.901774,0.19394006,0.51142114,0.062290054,all_pothole_images\pothole_images_new_image_903.jpg
1.5570374,1.6126188,2.4911754,1.490877,0.88615197,0.39842847,0.09232646,1.2522442,1.5223503,2.4916773,0.76974845,2.8301852,0.067012,1.1362993,0.009834337,2.695734,0.11761599,0.60994524,0.404303,0.96223754,0.26424342,0.94415516,0.6191971,0.8045939,0.8042458,2.4364789,0.38891786,0.8487537,0.5485715,0.5584176,0.34493434,2.322447,1.1567899,0.38145941,0.2823579,1.9406408,0.004736203,1.2244449,0.3315179,1.5051472,3.001474,0.3883828,1.2227436,0.3607348,2.249834,1.8118078,0.81047136,1.1058065,1.7802771,0.087136105,0.47791687,1.1690128,0.54613405,0.9489576,0.5465685,0.99663806,0.54420596,0.6329418,2.71118,0.17142288,0.07497362,0.52054733,2.2571592,0.89770335,0.74762803,4.008159,0.3768017,2.5951939,3.8978531,0.13994968,0.43251103,0.4317542,0.88001895,0.28787416,0.68930537,1.3426844,0.7134191,2.0566597,0.060599733,1.8393252,0.53850716,0.0691195,0.60402316,1.4764217,0.4155443,1.7717146,0.32717076,0.4867483,0.5262581,1.0928656,0.32216948,2.1534047,0.33053416,1.9461766,1.0025342,1.7066507,0.7195905,0.65886134,0.382634,1.4408549,1.4949173,0.17020568,0.64891064,1.2118896,1.1783234,0.058050703,1.7565126,1.6127294,0.053011358,0.4079847,0.20701058,1.2541821,0.08979327,0.39278215,1.1356837,0.2532044,0.8814216,0.025884036,0.86094165,0.9080578,1.2964319,0.8361583,0.59873086,2.763544,0.2807481,0.482769,0.61520976,0.15633723,0.54573745,2.2515202,1.0029358,0.35233408,0.3634518,0.1833481,0.4933255,0.7761151,0.5905836,0.088039584,1.7609015,1.9454713,0.5364237,0.3612937,1.2732421,0.25388286,1.015938,0.6156937,0.25584868,0.6394592,1.2726912,2.141804,3.5259516,1.2610612,0.5451857,0.41549534,0.6659195,0.34302118,0.15629472,1.2635595,0.26250303,0.050363213,0.97557026,0.55146974,0.82295877,0.063817434,0.26040712,0.7489516,0.027227491,1.5080395,0.7643034,0.6889372,0.54185104,0.6158663,0.13165222,2.3027875,2.1334293,1.4953467,0.94528973,0.738189,1.2263819,0.11415426,0.016870089,1.7427338,0.7480421,1.263246,1.2195544,0.9750568,0.5506181,0.73250985,1.213237,1.1412767,2.9944737,0.6443052,0.2649484,2.0564382,0.21078946,1.1536686,0.43065745,2.0433247,0.78739196,0.20825273,2.8730063,0.639946,0.78475773,1.1609398,0.7448742,0.9793645,1.6853696,0.86958927,0.5673898,2.9087832,0.42505574,0.29408047,1.0813096,1.943284,0.29533806,1.1798052,0.13478948,0.07151117,0.06593617,1.0492439,0.18128264,3.4088917,0.992718,1.3269005,0.13135557,0.041602604,2.246991,0.57103777,1.2492874,1.6552559,0.20730828,0.28685048,0.7918223,0.217757,1.1582104,0.47703215,2.6407652,1.1915137,3.3316252,0.52446854,0.3430671,1.9992296,0.31297866,1.5983266,1.2835654,1.3035506,2.284422,0.7364162,1.1088829,0.7942523,0.94375616,1.017797,2.5692325,0.138038,1.1001298,1.1860574,3.4224203,2.8168926,1.3745793,1.8484497,2.7902877,0.71145564,0.9063966,1.4935124,0.36593315,0.70194376,0.48238546,0.9180937,1.2166001,2.0234816,0.42516288,0.21634975,0.19882533,0.89547527,1.9069324,0.370007,1.5056108,0.13065827,0.6137851,0.6451297,0.033464074,0.80201346,0.7885241,1.7846682,1.2947918,0.04526294,0.974646,1.5488797,1.7355474,0.43462798,0.007829161,1.47234,0.057342656,0.79465944,2.7983732,0.97413415,1.6800984,1.0083776,0.7443503,1.7527609,0.29369837,0.18850766,1.3103228,2.1496637,0.5079466,3.6452277,0.42015827,2.5715299,1.5697416,0.01990234,0.709977,0.05493566,0.8609927,0.5374053,1.026937,0.4099485,0.6415111,1.6039662,0.95802265,2.6436841,0.24761012,1.2304513,0.31289774,0.06958816,3.3855808,1.5160996,0.8589007,1.5508295,2.121263,4.383551,0.414172,0.2844487,3.0184174,1.596817,0.11615671,4.3470597,0.81664133,1.3173336,0.033958945,0.6438203,0.26795566,1.0416511,1.9187263,0.5091987,1.5567857,1.076029,0.61502224,0.17686604,0.3526863,0.07917318,0.80518955,1.4537834,1.7728343,0.22667573,1.3380572,0.22894683,0.52392894,4.22173,0.6307629,0.87061167,2.049294,0.72643846,1.6579958,0.47559878,0.4181125,1.8688009,0.1892722,0.49769902,2.256957,3.18397,2.357672,0.57435817,0.13981941,0.22394386,0.2823115,0.49202672,1.3531078,0.7188261,0.6333627,1.8685265,0.2434243,3.5684092,1.2973925,0.23934233,3.1905835,0.48053282,0.44962692,0.3361675,0.97967815,1.6108847,1.7066127,2.566366,1.4635887,0.94074744,1.924818,0.08934102,1.5302856,3.6666133,3.0736878,0.027445782,2.8246622,2.017135,0.39823127,1.2947253,0.9234678,0.36548218,0.60965586,2.6098654,0.2731224,0.061147377,0.23888445,0.38151264,2.448392,0.35982567,1.0316525,0.35692194,1.1292856,0.4258833,0.5557032,1.3626533,0.9404285,0.27048454,0.36373353,0.14551891,0.19239931,0.4223646,0.29689604,1.0336562,1.1210451,2.3679874,0.0,0.4966426,0.018017797,0.6546189,0.24718677,2.2343116,1.1629428,1.4412996,2.105902,0.3317533,0.40535054,1.3343989,0.28994218,1.6904975,0.98585737,0.68128765,0.9889005,0.15000676,0.058831092,2.8498902,0.0,0.24241419,2.7794027,0.9658058,0.6389408,1.3998989,0.88413554,1.0001547,1.0591763,0.9567937,2.1694207,0.93924135,1.7522442,1.0805004,1.0288374,1.6026552,0.0083016055,1.1970465,0.17627963,0.13077268,0.36173174,1.0740883,0.7151813,0.32224214,0.014776125,0.3623651,1.2446258,0.6080935,1.9814856,0.58032453,1.748162,0.86410785,1.53433,0.6147669,1.4512712,1.0858945,0.914999,0.8504206,3.8337743,0.22102721,1.5567805,1.3770112,0.99313277,0.0077295364,1.665002,0.6810793,0.7524822,0.99652326,0.17736587,4.3861737,1.9302384,2.8355603,1.8620226,1.0495056,0.59211373,0.69818145,0.2576118,2.7134573,0.13265738,1.038103,0.52305984,0.77196604,all_pothole_images\pothole_images_new_image_904.jpg
1.1625787,1.6028854,0.9476022,0.4399248,1.1044616,2.6799512,0.52668405,0.29214233,0.83105403,0.58689636,0.3923635,0.02683786,1.4123565,0.0,0.4399473,0.38435987,0.13927275,0.03148958,0.39759305,0.18443279,0.20107183,1.6113974,2.805289,1.43656,0.09028321,0.60040736,0.23064223,1.7529314,0.12338181,1.5268221,1.054895,0.049125865,0.3614427,1.1986208,0.80067366,0.23698922,0.22096042,1.6498578,1.9017147,1.4180466,0.044807464,0.6713885,0.006028686,2.2040663,0.25239265,0.0,0.6722942,0.3713021,0.018740041,0.2875865,0.5474839,0.6753181,1.3773015,0.098601095,0.6255801,0.14908843,1.7268331,0.3943985,0.43384755,0.029164188,0.09902029,0.08404601,0.6994093,1.3029678,0.74203163,1.0649612,1.4201198,0.025356812,0.32136935,1.5553534,0.57021165,0.9639324,1.1299602,0.17013022,0.14161506,0.41600865,0.90386385,1.3457848,0.21443895,1.1196294,0.08097628,0.69670415,0.7820573,1.2833873,0.32192728,2.0113313,0.12909561,0.02955625,1.8904971,0.10486119,1.7944787,0.53777033,1.5337422,0.7447309,0.37986347,0.08837347,1.0732125,0.110308334,0.058167953,1.1558673,0.23469448,0.23131974,0.0,0.335393,1.4934273,0.9817226,0.0002616437,0.49591628,1.0471913,1.7947751,1.8210256,1.9780158,0.31929314,0.12823445,0.017253572,1.5610225,2.1404657,1.7045463,0.1780243,0.20930165,1.6229672,0.51660657,1.5260998,0.49690175,1.8596809,0.106134035,0.551633,0.6840132,1.6197041,0.9564767,0.7709453,0.044693913,0.015437252,0.351592,0.107870996,1.1533438,0.6749607,0.79213136,1.3556372,0.5895292,1.642799,1.3448873,1.8866919,0.63870835,0.17054348,0.89389706,0.5530659,1.5169166,0.14253521,1.2136215,0.61303633,0.35979107,0.43712234,1.0876085,0.6118942,2.1026843,0.9540134,1.2033774,0.105153605,0.80971986,1.612163,0.09335833,0.074497245,1.562782,4.5599976,0.0,0.09615892,0.6634899,0.55059385,0.46301603,0.9739805,0.012192078,0.0901282,0.028494231,1.1298891,0.024528507,0.6273303,0.011599121,0.21236645,1.7364227,0.51203114,0.437343,3.701486,2.1152759,3.3716688,0.7196977,0.6974457,0.72941333,0.39303678,0.9382895,0.027287034,1.0498956,0.12575075,3.5874038,1.1283756,0.022755539,0.037167896,1.0130098,0.07226761,1.5394646,0.02250655,0.7277769,2.8295338,0.4728371,0.376007,0.5017644,1.6823539,0.27170077,1.1429425,0.39645353,0.06540654,1.4961739,0.97647,0.12066538,0.9773067,0.5895405,0.08269241,0.03992491,0.24986574,0.4075894,0.07707342,1.3475806,0.3180326,0.62484515,0.3029545,0.6336754,5.45673,1.299898,0.1804511,0.2149024,0.5005984,2.2362542,0.23809719,1.8401756,2.8883274,0.25132772,0.5888232,0.0,0.35033104,0.25365365,0.02592485,1.9937389,0.29307485,0.66636,0.7068113,0.28100026,1.189135,0.28496683,0.39452806,0.6525978,1.215188,0.40301678,1.0875437,0.49976724,0.37859896,0.18032286,0.038451184,0.69024456,0.8059686,0.31051445,0.0034095957,1.5593388,0.120920114,0.9038939,0.5989879,2.1093225,0.40617687,0.12729084,0.6928505,0.328557,0.14654587,0.3612627,0.37629768,1.0508199,1.4237218,0.3743092,1.3162322,0.7924642,0.6803534,1.0280668,0.4345065,0.15550792,0.22587398,0.8593417,0.62228924,1.0857905,0.35781863,0.26454586,0.7429655,0.3335312,2.2034779,1.2122486,0.18110144,3.6715765,0.32991588,1.5958427,0.35181466,0.82104194,1.9310267,0.015638053,0.066889696,0.11782235,0.31538936,0.0244416,1.6418569,0.030166825,1.0394039,1.1023221,0.05568401,0.10531559,0.2951594,1.8407184,1.5112852,1.0217813,0.44618022,0.07150604,0.7562543,0.6496291,0.8386579,0.13688555,0.24816023,1.8729266,0.4166844,0.7078457,0.8427841,1.264074,0.41918525,0.005991378,0.17383054,1.3331239,6.2317653,0.47663504,0.82836944,0.05878457,0.53979576,0.18153267,1.7899295,1.0766034,0.67266995,0.0027004743,0.10192538,2.2127893,1.2545431,0.09435156,0.43383524,0.49093038,0.0166892,0.91855204,0.18217227,0.81895703,0.18360838,3.0244374,1.6253251,0.7345615,0.22626296,1.1149065,0.22981873,1.464546,0.77046293,1.870016,0.33508292,0.50313526,1.4394217,0.45430708,0.25270352,1.2819147,1.0613621,1.1986843,0.01721858,0.18907966,2.2044945,3.5711558,1.1869133,0.031711467,4.174128,0.16991697,0.07044929,0.22621413,1.8930268,0.28658596,0.9397022,0.7268322,1.1024673,1.2393008,2.243524,0.40303123,0.46379712,0.40679955,0.3917684,0.4226809,1.1077574,3.5591118,0.025390849,0.37994155,1.2188342,0.16839081,1.1449337,1.3171942,0.34541968,0.28769168,3.6033127,0.35485056,1.0276678,0.16872236,0.048115402,1.3589388,1.2881373,0.048636056,0.0015907056,0.42161322,0.14006709,1.109588,0.76070076,0.14439608,0.10056369,1.5426589,0.46533763,1.4710631,2.873454,0.23032402,0.028934402,0.04444803,0.061741203,0.088999905,1.2348301,3.3570957,2.1311088,0.43655512,1.072933,0.5352034,0.28358835,0.8161199,0.13377109,0.41029438,0.13305011,3.8590262,0.9435895,0.47231117,1.5793841,0.82238144,0.82141936,0.18172854,0.033278845,0.54391694,1.3814591,0.13523556,0.23715071,1.471183,0.8467868,0.9741131,0.66056937,0.47230598,1.512181,0.07425316,0.4905275,2.898682,0.26900887,0.047931235,0.44317695,0.6707466,0.1684503,0.29433548,0.9172008,0.8134234,0.49642265,0.5476482,0.7052028,0.009345365,1.4559153,2.8896334,1.6868924,0.44987932,0.8900982,0.29290274,1.5835085,0.56536937,0.53027636,1.0645369,0.6672432,0.59120226,0.30452964,4.0584908,0.7749209,0.11183787,0.060681775,2.1742325,2.1958494,0.7071605,1.7404025,0.15214671,0.04548536,0.76088136,0.33307722,0.076931074,1.4872707,0.06621866,1.0634098,0.14777002,2.3957665,0.3328498,0.38420868,3.2603083,1.8558592,1.0574236,0.40195876,1.3266013,1.2526367,0.23996738,0.10954434,1.4791638,1.0583264,0.7768744,all_pothole_images\pothole_images_new_image_905.jpg
1.3733053,2.4584768,3.0839326,1.1200309,0.019005883,0.25288823,0.2412739,0.26727268,0.666992,1.8125404,0.72862625,0.166214,1.4045222,0.13977899,0.67493623,0.53146344,0.13504891,0.10578904,0.04454455,0.21445282,0.90583163,0.5885301,0.66682357,3.3209515,0.015303832,0.6528793,0.2452403,0.18637495,0.8114569,0.8875273,0.537368,0.54945105,0.026345944,1.2435465,0.24618521,0.68511254,2.1003897,1.701339,0.68703383,1.3600429,1.1018791,0.0,1.7301793,0.2877623,0.7863251,0.72011286,0.0058784694,2.6949732,0.63637924,0.07651217,0.8747284,1.8365982,0.75092214,0.92890894,1.5784147,0.74531007,2.1129205,0.0719346,0.11608312,1.44412,0.15106034,1.2365862,0.30732146,1.7599874,0.24276392,0.57139635,0.32917508,0.49768633,0.32501817,0.3286124,1.6931767,2.208126,0.56916374,1.6845399,0.786054,2.9080327,1.0997393,0.4584515,0.9448822,1.8962759,1.7220109,0.3306091,0.85424066,0.8829808,0.7422669,1.5002158,0.6507984,0.73660046,4.292713,0.53278965,0.2078387,0.006133821,0.964959,0.34265238,1.5958315,0.23942752,2.6435556,3.2613854,1.4829973,0.8213861,0.7720044,0.9551291,1.1393945,1.3807867,0.758236,0.39426374,0.5286358,0.28481743,0.417179,2.480804,0.015340513,3.8787796,2.201407,0.41873512,0.59253216,0.6905687,1.4338171,0.86024207,2.2246025,2.7436361,0.0,0.39975822,0.36867046,0.45877525,1.4690869,0.5620121,0.05912516,0.6110605,0.49763685,1.7826467,0.7226657,0.8365986,0.2763453,0.104403704,0.5972266,2.1935682,0.08791244,0.77336687,0.17845987,0.6834765,0.7571404,0.42685896,0.7893171,0.83425,0.2748296,0.31134886,0.08791001,3.0323312,0.8582187,1.2249658,1.0144843,0.9795909,0.706902,0.14477566,1.596273,0.76548845,0.5018085,1.5544657,1.1212053,0.90217537,1.1204203,0.17061025,0.51509535,0.5065775,0.16242479,1.8415345,0.10590709,0.2545648,0.07481532,0.4175189,1.017303,0.92299336,2.0599914,0.6596105,1.2243086,2.9133737,1.6284063,0.29276267,0.42677987,0.43288904,0.70475936,1.3049105,1.0443376,1.7278165,1.6862055,0.3163986,1.0545936,1.4595766,1.0906783,0.4040946,0.33364257,0.7459211,0.035496354,1.4891217,1.1185622,0.46802282,0.4137936,0.92796916,1.6848028,1.7226967,0.36963257,1.6948762,0.0,0.5345414,0.52265865,1.5292536,0.53922033,0.9287916,0.50662965,0.07809443,0.11426714,0.658831,1.1189153,2.8193066,0.66337186,0.90046626,1.946301,0.106839195,1.8281252,0.3544541,1.6311159,0.18398395,0.8831043,1.7434136,1.4841087,1.2475317,3.6111424,1.0688028,0.6171158,0.43007457,0.8732178,0.50913525,1.1357356,1.309113,0.1761752,0.79566425,1.0216982,1.1086686,0.19718115,0.07821881,1.2122962,1.347707,2.2112238,0.7038578,0.3323835,0.21967004,1.0878792,0.17724666,1.535432,1.0652596,1.7991822,0.4811959,0.720666,0.96560645,1.1314017,0.2001725,0.3642328,0.062053766,3.227212,1.7121497,0.5660572,0.5293841,0.9047957,0.16587771,0.11168717,1.0086507,0.11886255,1.1354066,1.6241131,1.4951125,0.617537,0.06460363,0.112186655,1.0850389,1.6042863,2.507558,1.054706,0.7737255,0.97587067,0.65441877,0.058623854,0.74817985,0.82939494,0.071777984,0.7412989,0.8067371,0.4171508,1.1404502,0.35154665,1.1933404,0.34529004,3.1978154,0.18146174,0.71650696,0.12703705,1.949427,2.0798008,0.004013906,1.1028935,0.007612946,0.07741515,0.1404131,0.2975032,0.9794604,1.4522338,0.8115837,0.0344387,1.276391,1.0661018,0.6465169,0.84554636,0.5109458,2.5448892,0.40119758,0.031229949,2.7610292,0.17846009,1.0445831,0.5289542,0.5050443,1.2084086,0.43987128,0.28757247,0.5500798,0.23825786,0.48435268,1.8851402,0.4548902,0.91622835,1.1892028,2.1761103,0.3604658,0.057239864,0.31765562,1.0234575,0.54168695,2.9309318,1.5784657,0.3476889,0.25951388,0.72814304,0.5377309,0.9285666,0.08539912,1.6201652,0.5286924,0.4907795,0.14992853,1.2290772,0.006247372,0.3303665,0.7364825,1.232683,0.17693083,0.22318877,0.74647367,0.8356862,0.1827867,0.28963292,1.7657156,0.020718895,0.31295547,0.4894584,0.8373126,0.60910374,0.57595426,1.3226187,1.2388098,0.9726726,0.4469479,1.8288617,1.9780693,1.3121893,0.044418503,0.8829143,0.10629986,0.007636693,0.5749031,0.45393932,1.41494,0.25367716,0.98118067,0.7418237,2.6654441,3.7682407,0.9191092,0.48790303,0.018287351,0.070529185,0.4703827,0.30645567,2.0934594,0.8118578,0.4660695,0.31379518,0.09142837,0.23695466,0.65203905,0.3652027,0.020254845,0.5208296,1.9010391,0.3469186,1.342866,0.6086183,0.99582654,1.5637583,0.24665557,0.5275196,0.9127043,0.21832296,0.035954848,0.12491008,0.30472553,0.09438421,0.36555442,0.55217195,0.37892276,0.30980545,0.36337197,0.04365268,2.5046988,1.279538,1.305485,0.8629072,0.67145336,2.6370158,2.6568887,0.45511234,2.4754465,0.3685776,0.100573696,0.43088648,0.17353573,0.46416536,4.7599125,1.5948234,0.53610563,1.0288568,0.11892405,2.0256658,0.95854825,0.0053044898,0.3144606,0.6504901,0.08846527,2.4915953,0.7180412,2.43865,0.7326177,0.41218948,2.0268667,2.2644248,0.3498703,0.9848371,1.3881261,2.179174,0.6295194,0.3751931,1.2644888,0.6236878,0.48815247,2.1125872,0.67548275,0.6480981,1.2960243,0.58205044,0.3448671,1.4255819,1.0195425,1.1575733,0.58753467,2.6461582,1.7788068,1.0263307,0.60487,0.0,0.53440946,0.06219844,2.0363352,2.7981424,2.328472,0.6949992,0.82428616,0.9871628,1.2266794,2.365714,1.3562438,1.2215704,0.12039096,1.19819,3.6660392,0.013952778,0.43482414,0.10064693,0.5921616,0.17097577,1.7511817,0.225177,0.6740675,0.23539226,1.9633565,0.64109117,1.4847386,0.57776564,1.1951871,1.2617488,1.4185472,0.4914838,0.24839817,0.9668456,0.012697081,all_pothole_images\pothole_images_new_image_906.jpg
1.1694735,1.1634623,1.2053555,1.4413183,0.25484556,0.8278726,1.0360719,0.63131523,0.7380838,1.0973159,0.39765632,0.46072263,0.26643386,1.2418058,0.11965332,0.51535195,0.7833757,0.945663,0.29801032,1.7495914,0.49958816,1.859881,1.5279709,1.5272733,0.80123526,0.21653266,0.006840337,1.2574008,0.23723282,0.74789274,1.0277267,0.06399747,0.008437566,0.4324917,1.1054231,0.34609202,0.9610664,1.9713242,0.6038968,0.1474556,0.069845974,0.03213266,0.64887875,0.051099878,1.8360645,0.54572237,0.48260793,0.17984125,0.11232218,0.22572201,0.89376485,0.48648912,0.577638,1.1294441,0.005911319,1.7075787,0.29998273,0.0,0.82812816,0.5807679,0.713865,0.5079453,0.9374255,1.773453,0.2159907,0.37082395,0.8178024,0.39312238,1.5242453,0.5974802,0.55809057,0.25171882,0.087199,0.20301573,0.15745239,1.4280168,1.0254924,0.75824237,0.30737406,0.8973437,0.29024574,0.6118163,0.5676811,1.8446856,0.3059656,0.81501067,1.118663,1.0156103,0.6593171,0.9541579,0.85614836,0.52270764,1.259938,3.561106,0.53602123,0.03354144,0.16211407,0.26392847,1.7248342,0.8042173,1.0697881,1.0396365,0.07436616,0.5909644,0.5925016,0.69196826,0.6898687,0.39802644,0.65609366,0.4784522,0.55589914,1.1653439,0.5602868,1.8542832,0.7940947,0.4147148,0.13657302,0.84420675,0.11488525,1.8574551,2.8617313,2.1207838,0.41820553,0.7913625,1.8598157,0.37344956,1.2959839,0.83156615,0.2271667,0.38260254,1.3389953,0.17254482,2.921566,0.8744602,1.0437739,1.5129849,0.7778141,0.5315529,0.81848717,0.2594658,0.77263623,0.004815458,0.9265204,1.8271079,1.0152546,0.35347068,0.47025567,0.34330738,0.38266104,0.7402042,0.20272313,1.0495878,0.38604602,0.47348666,0.90383476,0.33714637,0.43109143,0.78769964,0.034280982,1.4734583,0.4558151,0.059900638,0.50479233,1.4598324,0.22637132,1.3925115,1.7330576,0.214949,0.9221997,2.5726109,0.6309172,0.6510386,1.616228,0.19705284,0.6257422,0.42503816,0.6304552,0.20265585,0.33653757,0.3482072,0.6365211,0.19840053,0.6706881,0.08474903,1.5389676,2.1305115,0.51538765,0.80956966,0.5591468,1.434083,1.0506938,2.8389256,0.4513179,0.39901507,0.852476,1.0880823,0.4618678,1.3869919,0.5888919,0.4176609,0.39071798,1.0786124,0.18607543,0.6421058,0.6025684,0.75813913,0.87182945,0.03396975,1.4162227,1.837558,0.25280556,0.17643331,0.8623696,1.548834,0.9184149,0.68529177,0.2001772,0.50639534,0.17101334,0.2517201,0.38686356,0.996187,0.05143515,0.19708073,0.37951702,0.3877004,0.6510609,0.16554034,2.5850942,0.22488075,0.72719383,0.008569895,0.34257382,0.7992063,1.1049701,0.050224293,1.2571142,0.49613363,0.67988336,2.7002342,1.1806175,1.1076877,0.6618127,1.0538923,0.83288145,0.10974804,0.69138414,0.57066905,0.88676834,2.6380532,0.98038065,0.00606037,0.034418058,0.9805036,0.29478422,0.20987491,0.7269264,0.47292423,0.025494417,1.8180923,1.4567136,1.3333024,0.5020111,0.5103769,0.11275,0.31817925,0.6829705,0.38280874,0.6449928,0.24183345,1.5385311,2.4656503,0.26702988,0.096277334,1.4938141,1.0333306,0.7433388,0.621663,0.63894457,0.7182337,0.50422025,0.910507,0.17860432,0.016301077,2.772271,0.0,1.343767,1.4233903,0.048202936,1.0715293,0.08432372,0.09905387,0.00035150032,0.42154098,1.5815715,2.1164687,0.6255951,1.4351825,0.3371712,1.9991049,1.4664805,0.24818128,0.14719236,0.14565156,3.1942127,0.5968785,0.15533887,0.5107392,0.16664785,0.7337805,0.09445648,0.3485998,2.247261,3.1857224,0.32210058,0.63678527,0.22483517,0.69678706,0.972333,0.45543212,0.5781265,0.049307227,2.3558755,0.07907925,0.37129447,1.7796896,1.3067636,1.0702809,0.39425266,1.1146501,2.2448301,0.096153975,0.655386,0.4008297,1.1457098,0.24280459,0.69665426,0.19191667,1.3313347,0.0055957977,1.9312507,1.280567,3.0299563,1.3462592,0.1805747,1.3152145,1.0854645,0.7360933,0.296724,1.335433,0.18741545,0.7030753,0.021154875,0.8050839,0.912929,0.4733054,0.8405742,1.245245,0.25952435,0.9279035,3.1552136,2.418485,0.29050735,0.25565273,0.29693744,2.00448,0.5639604,0.9770243,0.8024883,0.6772973,0.32186565,0.93808573,2.3418465,0.6356926,0.65481615,0.4315984,0.15431826,0.52343506,2.9275522,2.0875556,1.0122896,0.4082348,0.21069771,0.557936,0.9371019,0.7588354,2.5888016,3.0242534,0.99283993,0.09291795,0.19082008,0.09200606,0.08825162,0.67409265,0.37542254,0.093478665,0.054539774,1.0652181,1.706902,2.1563857,1.1583279,0.5560585,0.27161482,0.18722537,0.55190945,2.1738923,0.5263676,1.002741,0.77810806,0.35222423,0.36833748,0.015629064,0.0,0.35703748,0.9352504,0.79721564,0.79417014,0.80463165,0.58953685,1.1170022,0.0,0.42231584,1.7769109,0.48929673,1.2484199,2.8134928,0.2798167,1.742644,0.4531604,0.026244044,0.7377369,0.4185381,0.36234796,0.83309937,0.0,0.56142324,1.2809644,1.2571659,1.1069351,0.3748248,0.73454535,0.018781165,0.38564917,0.38999653,0.4252573,1.7750844,1.2992351,0.2897596,0.5060841,0.9942594,0.77721864,0.48007917,0.9738765,1.5298693,1.4415629,0.9220503,0.5286248,1.3020885,0.8157163,0.2399,2.1864872,0.9746615,0.28633037,0.082165904,1.7372316,0.40742764,1.0342389,0.35273236,0.27528268,0.7783911,2.061368,0.4461782,0.25351292,1.7319831,1.7539579,0.011539242,1.1989931,0.6160448,1.9416491,0.24668853,0.5173253,0.5888853,1.3700655,0.6619013,1.1555014,0.5754522,0.48612353,1.4658195,0.80652195,0.13314065,0.7219682,0.07839602,0.8452091,0.09953737,0.018329615,0.10449042,0.052570283,2.424376,0.35541385,0.7368659,1.1352842,2.330722,1.0572362,0.054532878,1.2806574,0.8715374,0.1370349,0.45562837,0.31813383,0.74287516,0.6145958,0.045420557,all_pothole_images\pothole_images_new_image_907.jpg
0.3645429,1.5627387,1.2483484,1.7290192,0.055598278,0.4789055,0.19538285,0.4993227,1.7778438,0.017880602,0.72328186,1.1652496,0.2922604,1.5917654,0.27815282,1.0851631,0.14138809,0.727277,0.6750293,0.58635557,0.41375795,1.803889,0.70410764,0.13168052,0.40942007,0.13981576,0.031652723,0.72338414,0.32794607,0.3085193,0.38701668,0.030039612,0.74763083,0.30827856,0.19725116,0.028633174,0.08812352,1.3365092,2.6051629,0.14411558,0.4732566,1.198943,1.0199567,2.878183,0.22132997,0.55653423,0.123026386,0.0,1.682896,0.023554536,0.58012676,0.6204774,0.11632183,1.9830264,0.17251252,0.45899025,1.7602865,0.38125,1.9640023,1.1970657,0.38235807,1.3074205,1.0093406,1.3077003,0.9908661,1.8641566,0.47604486,0.3869814,0.15549795,0.81420493,0.8573003,1.8443619,1.623489,0.22835569,0.18207875,0.395332,1.3951297,0.076420836,0.14012727,1.3564537,0.68938226,0.5389378,0.18100026,1.1803255,0.76677155,2.9139376,0.57190603,0.26359335,0.91149324,1.4018939,0.0072359005,0.8884008,0.2548933,0.16304111,0.12513153,0.12980531,2.9813862,0.5550033,1.1545557,0.8690156,0.4816287,0.4923504,0.53027064,0.0,0.5194358,0.8347881,0.54426855,0.19433044,0.13272159,0.9154503,0.01368458,2.334317,0.030920891,0.31016415,0.10553309,0.044023626,1.5687088,0.14714189,1.604143,1.1947336,1.2359543,0.09234436,0.559494,0.67442226,1.9966345,0.37883562,0.67814523,0.025500856,0.51153296,0.06911091,0.717002,1.8795304,0.37151247,0.39446202,0.007264098,0.9472261,0.124565504,0.19565779,1.162824,0.17214522,0.10122515,0.8368151,0.08715264,0.5604114,0.9019537,0.79723537,0.19890939,0.049201343,0.12429212,0.42822087,0.07874075,1.0591947,0.85504276,0.4548402,1.5369425,0.15646528,0.09527974,0.5350977,1.2394085,0.4036722,0.84373224,1.8401154,0.23575735,5.1174884,4.314108,0.12746674,1.2806513,0.48555818,0.5159426,1.4007593,1.660879,0.73524404,0.82272315,0.07210671,0.7499266,0.47759113,0.20431033,0.71475863,1.8843472,1.8308263,0.07703143,3.468568,1.0772046,0.13831688,0.79587644,0.029374838,1.781274,1.7752607,0.12539706,3.7708979,0.22149868,0.2634323,0.0005403769,2.0214145,1.02798,0.20084241,0.6713582,0.7264046,0.26489854,0.20189622,0.12783289,0.36254922,1.2534752,0.5695145,0.55829823,0.14338903,0.4686585,0.52080184,1.0544522,0.09695325,0.0,0.17893578,0.91435444,0.5885838,0.34489673,0.31733185,0.034524884,0.01865642,0.6273511,0.59340566,0.9115874,0.8108966,2.0012436,0.55220646,0.7503146,1.015584,1.4440485,2.699093,0.34754637,0.8276293,0.07481351,0.86806875,0.41179422,0.06620643,0.9943175,0.15073264,0.41736948,0.18753815,0.040737238,0.36287415,0.31935024,0.45551968,0.19424431,0.9219349,0.07276549,0.016965019,1.2347678,0.4902066,0.42467764,1.1648142,2.2828085,0.31823182,0.22305186,0.203143,0.1686595,1.4665462,0.6646906,0.13960811,0.024741119,0.63533753,0.8200796,0.09401253,2.4916961,0.45461547,1.0106599,1.6280327,0.7974355,0.7555421,0.5064113,1.527494,0.5565584,0.14030091,0.27766845,1.2386825,0.23518813,2.7928479,1.8002559,1.1581788,0.90727943,0.60248846,0.15321891,0.83214706,0.25072306,0.4604819,0.98578876,0.10225442,2.7139122,1.4784465,1.5452021,0.16900551,1.0736641,0.08725936,1.7644259,0.0117592625,0.0153469695,0.39941946,1.5957918,2.839673,1.3848785,0.019559016,0.1202528,0.10660915,0.013260851,1.1982712,4.7905893,0.19584729,0.4759874,0.95236844,0.08104334,0.9835159,1.0965714,2.8728354,1.6108673,0.36419046,0.017862312,0.19131677,0.5172505,0.20807876,1.6941575,0.9130845,0.60465974,0.74784577,0.044077083,0.014864759,1.9612128,0.5407219,0.48085803,0.88506454,0.0753398,1.7080847,2.6341813,0.45484966,1.845184,0.20110838,0.3934259,0.6662615,0.690818,0.05388054,0.030940175,0.014894343,0.0069601224,1.6997472,0.19144452,0.542074,0.4064579,1.3785932,0.087199286,0.15088767,0.6733526,1.6577865,0.5984625,0.14052562,3.2910542,0.10517966,1.742857,1.0699996,1.1269838,0.8219976,0.28135082,0.27998936,0.03367462,6.054894,0.36091602,0.5336293,0.14434975,0.3002045,1.2404865,0.46319452,0.13363534,0.25447693,1.6913041,1.9534756,0.14623639,0.19096874,0.21024318,0.37924537,0.09135225,1.3704345,0.36558953,0.78503704,0.43098405,1.0195677,0.39903736,1.2219459,1.8654581,1.6387589,1.077556,0.24693069,0.6325089,1.1765002,1.6009197,1.5856954,0.011836743,0.9491197,0.50159615,0.5014023,0.670999,1.1376787,2.0694907,0.58692396,6.163471,0.38882852,0.68995196,2.9606822,1.3418672,0.51307786,0.32175967,2.771222,0.0005459218,0.1859452,0.9538471,0.59239036,0.12728094,0.5218189,0.023139328,0.0134251695,0.35763294,0.019881392,0.49283677,0.1513533,1.8552107,0.2784305,1.0047882,1.4981626,1.6267339,0.25768676,0.9391153,0.38453883,1.1687144,0.41305226,0.5720511,1.8401892,0.09852878,0.5038761,0.25150272,2.078375,1.0349677,1.047386,0.64316034,1.5383372,0.94750977,2.545987,0.02478042,1.2107646,0.267066,1.1950487,0.53413945,0.43769673,0.009831509,0.0053604147,1.4298446,0.932458,0.0392798,1.6291486,1.3986614,2.2936249,0.45357683,0.42141786,0.819967,0.126298,0.06700401,1.980866,0.4704102,0.5993613,0.57375467,0.81500447,0.76495266,0.0,0.09174488,1.6074673,1.1868051,0.41302532,0.25720787,0.011189002,0.13620055,2.384162,1.6726806,0.13916364,0.0,0.0032288576,0.19361368,5.0307126,1.4581288,0.08577764,4.01492e-05,1.8549993,0.5360964,0.04363756,1.4633278,0.3484963,0.3476149,1.0688636,0.016738696,0.7608579,0.63916266,0.12321939,0.41990334,0.04400247,0.16880354,1.2779264,0.0015791508,2.087648,1.092422,0.98338383,1.3715227,0.10794551,0.004886689,1.732059,0.059085436,0.4570707,1.4176408,0.94918215,all_pothole_images\pothole_images_new_image_908.jpg
0.6362573,0.40636507,0.07592175,2.840849,0.70437783,1.076909,0.44217923,1.2464411,0.92033577,0.9956665,0.6801357,1.8490199,0.27797616,0.3778471,0.8352931,1.0202942,0.5002989,2.7428975,0.80362535,0.33783165,0.4064795,3.5916815,0.1270166,1.1904521,0.8673935,0.86876017,0.58800656,2.6120267,0.06914817,0.40477207,0.5146675,0.95626223,1.0670136,1.2046617,0.52206403,0.2922436,0.44766197,0.4219071,0.045741796,1.1821129,0.07396477,1.9073542,1.1398171,0.106425844,0.19488296,0.78160655,1.4308144,0.020210221,0.9116343,0.52171797,0.011065201,0.6977245,0.16067894,0.0011148785,2.255361,0.43600518,1.4654207,0.008444047,0.36295325,0.65230507,0.06331409,0.66604924,2.318461,0.5227647,2.2660503,1.4140921,0.2649084,1.4075688,2.1240692,0.27665085,1.0748124,0.069280125,1.3240123,0.4614533,1.0860692,0.5586087,0.028350543,0.41380996,0.68484837,0.31223467,0.3920894,0.84901685,0.62342286,1.2269715,0.075282775,0.9179149,0.6562979,0.21804883,1.9370697,0.3719288,0.04131391,1.0923461,0.38597316,1.1750951,0.6118033,0.07734612,1.0288867,0.22591212,0.48424911,0.7315924,0.06671258,0.7617851,1.974405,0.32357135,1.1978723,0.054328483,0.4328853,1.2138399,0.92242956,0.47921264,0.23998117,0.5563729,1.6225832,0.015179532,0.095980585,1.4970171,0.8530754,0.12136241,0.074788444,0.02392911,2.004899,1.0699761,1.1819583,1.3365058,0.45298195,0.3249439,0.0019001232,1.2453387,1.2476386,0.59633166,0.9526998,0.5746771,0.58492047,0.28605035,0.31167242,0.5907814,0.08586464,1.0110006,0.26441354,0.034886844,1.6239594,3.1212912,0.9327164,0.0,1.2526217,0.5196271,0.24313955,1.1990982,0.6473023,1.2217615,0.009328577,0.09019407,1.5767741,1.5566683,1.1334,0.53362423,1.8383583,0.42173073,0.6256907,0.44936657,1.5683422,2.0792391,0.8865255,0.1374376,0.9529348,0.31242117,1.502654,0.81811196,0.60570973,0.74361014,0.23066793,0.45304862,0.25761804,0.76991576,0.9535051,0.33110377,1.5470002,0.77117544,1.4841486,0.7940901,1.5122477,0.7173857,1.8694146,0.13714904,3.0127099,0.43368688,0.61071724,0.10819859,0.0064103524,2.8935206,0.0,2.4627178,0.18906818,3.300517,0.3806731,0.3280721,0.2152295,0.22271855,1.4122087,0.678974,2.0998335,0.9167477,3.5420544,0.19603649,0.73595226,1.6515543,0.05405991,1.9464453,0.09964032,3.5113275,0.2694119,0.45125914,0.73382056,0.7004975,1.1154985,1.9507139,0.2041509,1.270495,0.7329878,0.5942651,0.18902639,0.7723458,0.25918788,0.24869622,0.6335955,1.1129355,2.24629,0.8279873,0.5171115,1.2611417,1.1408631,0.9033049,0.56061465,0.9945283,0.97603136,0.7376748,1.5881501,1.1546849,1.2912519,0.10568401,0.19289494,0.28129867,0.5566289,0.90674233,0.40674216,0.088598765,2.1403584,0.9042319,0.37943435,0.5759784,2.079307,0.35371032,1.0163134,0.65963054,1.0877957,0.44764984,0.27861214,1.0522441,1.132387,0.6954517,0.0418713,0.0,0.51898646,1.286175,0.01772551,1.0674677,0.79485303,0.021688687,1.9586767,0.81103504,0.22169076,0.13703936,0.7573241,0.18709323,0.29732108,1.572136,1.9577444,0.91639894,0.6585307,1.9701397,0.5424556,1.4800706,0.4025195,2.7166097,0.29066926,0.011115904,0.27139807,0.102725156,1.4713833,0.76817816,0.6951848,0.15917994,0.53110796,1.4226874,2.4097536,0.42899024,0.48978552,0.089592025,0.0014885078,1.3514675,0.19222748,0.5092929,1.0577115,0.45761022,0.019416867,1.2770101,0.012886204,1.3164293,1.7136638,0.485486,0.85562956,0.55426055,0.99095774,0.12294227,0.64121336,0.056176268,0.215618,1.0645608,1.0365454,0.012689572,0.062290646,0.5032801,0.02990744,0.2060067,1.2871485,1.2732768,0.20648833,0.52811235,0.074045755,0.30500704,1.8766859,0.416818,1.2191144,0.2961591,0.24719132,1.2524216,1.8679682,1.3644699,2.503752,0.7298179,1.3034836,0.25962386,1.6437042,0.06617876,0.53612095,0.51688397,0.8847952,0.3750452,0.58951986,0.94191396,0.3546515,0.7437661,0.17609373,1.2814039,1.2718784,0.07722142,0.72213733,0.6402207,0.026894705,0.29194385,1.2112492,0.6438461,2.9734704,1.116936,0.43153387,0.07736783,1.880893,1.6943581,0.34266466,0.88549554,3.4718597,0.4516056,0.10048526,0.15517126,2.0481737,0.23896307,0.41284364,0.93320364,0.9831849,0.6039059,0.6092488,0.029510582,2.886194,1.6501396,3.7240787,0.080184944,0.3225133,0.33229613,0.0005929357,5.0974045,2.0964787,0.3128461,0.2961675,0.3262371,0.40465254,2.1784368,2.0237784,0.3117293,1.151374,1.0711781,2.9435332,2.2267966,0.056042656,0.19647305,0.19478865,0.4321022,0.43523726,0.38595468,1.4896654,0.85673445,0.4259354,0.8391325,2.421284,0.6093244,1.5863024,2.3165078,1.9556819,0.91480637,2.166239,0.58790326,0.4427269,0.35057947,0.23600803,0.301187,0.29952544,0.39515483,1.4708422,0.1268522,1.2876551,0.86840016,0.6436995,0.84866774,0.73628545,0.13164905,0.7507365,2.6409366,0.113549136,0.16701446,0.775792,0.1423258,1.3091179,2.2122023,0.39482158,0.049436796,0.3114071,1.0195208,1.1555916,0.21891311,0.6247588,1.9795426,0.46138373,0.03260377,1.1011645,0.09363188,2.0354106,0.8275221,1.3680707,1.9324038,0.0,1.6567602,2.1412306,2.8203597,0.41760698,0.29002804,0.84308904,0.9366888,1.0961692,0.47072342,0.08780649,0.64172834,1.6288124,0.4200131,0.007251326,0.23356873,2.3660123,0.30070114,0.9272449,0.011885133,1.4711035,0.02667571,0.9360567,2.7515295,0.19929294,0.26553157,0.16362523,0.29883748,1.6709877,0.38820472,1.7291028,1.4875615,1.7525035,0.9850291,0.6824886,0.98336905,1.1710821,1.2132185,0.3053097,1.0648562,0.14241129,3.435084,1.7556121,3.441601,1.111061,0.36960858,0.07226318,1.0824498,0.84509546,1.0461408,1.3755203,1.5821848,0.018964585,2.1379185,all_pothole_images\pothole_images_new_image_909.jpg
0.7693536,0.6160355,0.41890144,2.945606,0.7687121,0.03519255,0.92134273,1.1252555,1.2773962,0.99107045,0.2448326,0.80732447,0.04613246,1.2971321,0.22720248,0.17325954,0.0127328755,1.3314279,2.1672215,0.10921558,0.7823248,0.16650794,0.2438455,0.82485896,1.6320258,0.47583878,0.55967295,1.3150722,0.107805766,0.7320209,0.07373994,0.030693725,0.6361206,1.1249388,0.035247512,1.5934801,0.04250478,0.45046696,1.5480789,0.461503,0.15596017,0.5322847,0.50706893,2.4417148,0.3304613,0.34777653,0.17244887,0.09860928,0.41194844,1.1982889,0.043439016,0.9686816,0.4694311,0.0072533963,0.6892009,1.1433759,0.97123563,0.25860924,0.34334454,0.20020741,0.6251384,0.019868584,0.03518285,0.51649445,0.97112787,3.1908512,0.93205756,0.05195716,0.93684757,0.16184594,0.35036835,0.07559394,0.6191249,0.00171411,0.8880224,0.020273864,0.26295042,0.6148775,0.24268527,0.17374423,0.15779196,0.21992502,2.171832,0.62661624,0.6565136,0.008709288,0.02179498,0.052664384,1.6861945,0.052995656,0.4617456,1.466847,0.051029652,0.045671605,0.47685754,0.038365535,0.72686416,0.7915544,0.012357575,0.11254817,0.0077115833,1.0339767,0.49193463,0.4715505,2.5047572,0.46002695,0.25884467,0.027143775,0.6192759,1.2620219,0.14740795,1.0325115,0.040603153,0.09159285,0.6623356,0.65709233,0.08174891,0.63776547,0.6944248,0.35719395,0.97612417,0.04538334,0.6457004,0.35776094,1.102726,0.024043603,0.2259105,0.5150591,0.78233373,0.41776493,0.12577832,0.3236527,0.1727836,0.21241805,0.4495273,0.38654312,0.14558193,0.21443336,0.25361863,0.120675035,0.55457914,0.30738422,1.5628631,0.14445238,0.049372293,0.0518103,0.31503057,0.55902755,0.052240614,0.1347435,0.1116006,0.28878638,0.0,0.025974147,2.5161812,0.25548473,0.30886826,0.13723712,0.9861407,1.0450653,1.6989905,2.4399,0.9938798,0.022286149,1.451553,0.011501862,0.15545833,0.07843267,0.08115703,2.0649765,0.3183053,0.09936314,0.019035384,0.2187029,0.2183047,0.7955928,0.06351138,0.0015388108,0.26993367,0.47269803,0.005337411,2.4773982,1.1021632,1.9914131,2.1761496,2.9591045,1.0543555,0.0016327893,0.1749941,2.2960799,0.015719468,0.0041293586,0.92839515,1.2273551,0.81805557,0.53831697,2.1394055,1.0816424,0.3636505,1.3826452,0.5494129,0.3568778,0.8240311,0.15934725,0.0002405353,0.046967745,0.7940199,0.24967343,0.45086396,1.0176784,0.0,0.18839532,0.54578984,0.4124399,1.9993323,1.9746143,0.2320424,0.29978678,0.33449998,0.17043014,0.76553404,0.4438154,0.16575609,0.5199592,0.0,0.0,1.1382488,1.0810354,1.8970517,0.4278721,0.41306219,0.079394646,0.15500315,0.23818913,0.69265455,0.038534153,2.3487988,0.33928353,0.002656919,0.03933671,0.07448035,1.1046994,0.120765276,1.4507619,0.4939147,0.010280025,0.8574615,0.60638756,2.4511437,6.4102297,0.872068,0.75849533,0.05542369,0.022560656,0.5870156,1.1091133,0.35921788,0.30389005,0.68723714,3.1018178,0.31584752,0.4282819,0.1711669,0.21082057,0.30643708,0.57788503,0.68509,0.34629384,0.35699043,0.3222777,0.91356915,0.06155626,1.2384208,0.8214295,0.37002414,1.4644343,0.033386894,0.24762905,0.3548703,0.054307967,0.21687418,0.9726916,0.06050449,0.17280671,0.08565604,2.4468203,1.8097546,0.0015432844,0.71512,0.052795116,0.0036298055,0.11882494,0.033343837,2.0019343,0.3681267,0.28047225,0.054742906,0.021932865,0.5388509,3.9816258,0.5058628,1.2797205,0.006990014,0.01165948,4.1972346,0.14324394,0.5993386,0.051495012,0.06350996,0.46614572,0.75105995,1.6120836,1.8149118,1.8001319,0.8281846,0.22961223,0.92308384,0.24293965,4.4948363,0.18122126,0.8221594,0.05641437,0.15589711,0.16936706,0.10038049,0.30987138,0.96060145,0.0,0.62684965,0.31922078,2.0995193,0.6217551,0.84975415,0.0,0.029967047,0.060479507,3.1760736,0.69769216,0.27283642,0.56549245,0.23499931,0.0052183704,1.1774772,2.7459006,1.6572826,0.6800088,0.044823732,0.95791626,0.1407906,0.13097514,0.0963851,0.5914738,0.00042351897,0.29040846,0.018111264,0.39539662,0.69199777,2.0280786,2.1385949,1.8779063,0.8443443,0.8414297,2.0278933,0.3392173,0.0082693165,0.73893267,1.7649953,0.042601984,0.44291905,1.6345685,1.8219666,0.6609792,0.35347354,0.3500737,0.0349848,0.94445354,0.44331524,0.020630661,0.067648,0.7916245,1.4737729,0.65692276,0.14353958,1.2880405,0.9598671,0.31048143,0.2299688,0.44573635,0.0,0.20089792,0.70180434,0.56658775,0.22639954,0.7267082,0.018016689,0.16934477,3.0391698,0.71285355,0.9954473,0.08510003,0.27702945,1.7858665,0.036109958,0.18403497,0.45151013,0.08830849,1.6933743,0.18712679,0.40900576,0.05716339,0.0801152,0.40136662,0.04008134,0.42717516,0.13184708,0.49720055,0.8933311,0.122217156,1.3387619,0.0146988835,1.079569,0.46773136,0.14728364,2.6649265,1.1652142,0.0,1.2161907,0.2037982,0.10016096,0.39382857,0.3373652,0.1126903,0.49118835,1.4008225,1.4056343,2.007294,0.08621486,0.012699667,0.20462662,0.119800106,0.41826838,0.0,0.0005847524,0.039121807,0.1402254,0.013133899,0.06100059,0.26020232,2.1829357,1.1676229,5.09418,0.22551194,0.12216232,0.20073034,1.8082287,2.1557078,0.052244965,0.005120138,0.09798534,1.8919902,3.802277,0.3991373,1.9660661,0.19741745,0.36399898,0.30421188,0.68089104,0.2927569,0.048395984,0.45455378,0.49296004,1.0620239,0.0022026293,0.28616706,1.3473139,1.1768754,0.14103279,0.90222394,0.41088602,0.0,0.8787458,1.3568316,1.7829102,0.32515842,0.16033141,0.23492336,0.90050614,0.079615064,1.2723466,0.21296377,0.8827426,3.3282146,0.44815242,0.9230614,0.01224701,0.014369722,0.019688142,0.008050742,0.67345786,0.48770434,0.89475,2.688619,1.4240173,0.5016163,0.45447922,1.9700093,0.9606477,0.8246913,0.41315594,0.35824093,0.040865913,0.041898616,all_pothole_images\pothole_images_new_image_91.jpg
1.4194958,1.3825787,0.16329387,1.6226934,0.44011486,0.3733299,0.1032323,0.60145617,1.1667217,0.32304004,0.19047228,1.2148396,0.089064755,2.9990962,0.6453123,0.7001715,0.41815886,1.1290987,3.0469172,0.39841625,0.33298168,2.3419828,1.2597435,0.6261398,0.3942994,0.89041406,0.78311366,1.1235875,0.382065,0.28976604,0.37134093,0.272111,1.2440455,0.43190002,0.6155507,0.93754363,0.61668026,0.8542348,0.5388467,1.1323061,0.25437003,0.6015859,1.5469444,1.503501,0.14929545,1.8241355,0.693333,0.013895414,1.3560529,0.30649984,1.472305,1.0840477,0.72746354,0.8689278,0.18382247,0.9819426,2.0661035,0.056345068,2.9822094,0.3190981,0.58194983,0.29031265,0.1848931,0.0113786915,1.4778601,2.0533085,1.6781075,0.5523337,0.89571106,0.4111075,0.20226946,0.09241724,0.5736864,1.0956917,1.1306226,2.7586622,0.45466614,0.95496804,0.22419472,0.62099284,0.4625163,0.16389051,1.6009862,0.2469359,1.5728939,0.3473485,0.73418564,0.25639543,2.8513024,1.772573,0.17180704,0.5568156,0.010157736,0.56675035,0.08541134,0.20130032,1.5406216,0.9140427,1.0093352,1.4157401,0.089545794,2.0315611,1.486689,1.4425087,1.6980329,0.08737394,0.4166256,2.0339904,0.4748327,0.97172,0.08367249,3.7026947,0.72200227,0.2586817,1.1587877,0.24003814,1.7335927,0.0,1.4452987,1.6903491,0.8620652,0.34280333,0.24700694,3.1963856,0.72512025,0.44380966,0.30531865,0.75272477,0.34191602,0.2356595,0.29491538,0.47532833,1.0103756,0.22777344,0.21140449,1.8281013,0.17859569,1.8848711,0.23489164,0.36674592,0.23763062,0.72737616,0.35876548,1.0772125,0.016984561,0.5566935,0.3361524,1.4646027,1.3828071,0.3452269,2.3225234,0.030260878,0.061045334,0.64218724,2.1078138,1.0618677,0.2559362,0.80702704,0.3169171,0.28184202,0.6850698,0.63414943,0.02030849,1.8831695,1.1052679,1.5226923,0.80071694,0.15792015,2.3429432,0.12169461,0.25924173,0.3615297,0.34850368,0.26564628,2.454821,0.0994514,0.07749629,0.003791743,0.15777378,5.041628e-05,0.7127482,3.1500986,1.3369992,0.8351876,0.996753,0.46958736,0.29691905,2.022454,0.23510362,1.6845542,1.9448798,0.23819669,0.08318255,3.2352338,1.3224232,0.15729415,1.8973888,1.3951844,1.5026062,0.9875557,0.48246065,2.237372,0.7325406,0.16526052,1.3617158,0.48103666,0.8437014,0.9860981,1.014117,0.37771645,0.32602978,0.42267105,0.9847071,1.5927781,1.6585002,1.3831815,1.9728574,0.07380519,0.4460032,0.34724176,1.3012291,0.4487623,0.71124053,2.6810226,0.6731331,1.6073985,2.4073963,1.4479172,1.0190173,0.5675568,0.059652794,0.53784466,0.29745373,0.0,1.383671,0.027808929,1.4539632,0.04347418,0.23240238,0.15586539,0.96417874,1.6495057,0.45070437,0.13822065,0.88624054,0.29047894,0.36409587,0.09449219,2.160531,2.2159696,2.7986405,1.2637235,0.019798564,0.4298488,0.1515867,0.34701297,1.7185186,0.29207486,3.2477233,3.0280519,0.53972304,0.08562119,0.38818642,1.2693644,0.28221655,1.130185,0.41034687,1.1566966,0.5740794,0.19070904,0.4656726,0.4451933,0.09365808,0.96999854,2.7576153,0.4769378,1.5189312,1.1654836,0.3034007,1.630488,0.033548657,0.8739697,0.67723596,1.3672756,0.8125045,0.7893848,0.9165984,0.49098453,0.5647688,0.05657849,1.8006063,0.29554886,1.4168752,0.9381043,0.3315248,0.83708113,2.0100365,1.1290845,0.03298676,0.21755074,0.016572777,0.25737712,0.17178173,1.3317586,2.0374713,1.3405937,0.66480917,0.72342247,0.24438618,0.8857596,1.5496651,1.8824526,2.0503623,0.1713796,0.13482857,0.6273455,0.177934,1.6663201,1.845093,0.287705,1.7685798,1.1816331,1.1597376,0.04617517,0.9521716,1.1065073,0.23661013,0.60770017,1.3794807,0.3921978,1.0410659,0.33468285,0.4418303,0.32657883,0.72146463,0.66260463,1.1740925,1.3808509,0.11895749,0.98255295,0.8470384,1.6152055,1.2180028,0.1823339,0.13245976,0.19353834,0.29738024,0.2916687,0.34962913,0.947932,0.50325406,0.117261395,2.9312627,0.21328764,0.3599571,1.0388222,0.47537556,0.7688353,0.9992817,0.25095895,1.6894954,1.6721798,0.4614282,1.7263235,0.8053246,1.1333382,1.1658597,0.013887882,0.081565216,0.20186992,2.3967483,0.41182268,0.023049287,0.52535903,2.6358428,0.606108,0.13466246,2.3040466,0.2783276,0.341959,1.904732,0.5534319,0.21409419,0.58560777,2.3087246,0.99287826,1.1814203,0.18123284,1.0683321,2.268206,0.7662858,2.1332889,0.33264777,1.159633,0.42129952,0.0583025,1.9931755,0.44968802,0.9745672,0.28546676,3.8592877,1.2456439,0.80955386,1.9079221,0.7875159,0.0048432015,0.9808597,1.6318862,0.03166531,0.6833382,0.5778101,0.88791305,0.8157215,0.2542891,0.10583656,0.14183782,0.92942184,0.7858903,0.60351336,1.6745074,2.7433913,0.88132644,4.680413,2.1166506,1.5457712,0.5296947,0.706902,1.6128988,2.992553,1.0508312,0.0,2.723478,0.36111915,2.2747235,0.34540927,4.522362,0.6227923,0.32284194,1.1836171,1.2815273,0.5333792,1.0235189,0.33037758,0.19030447,0.25639254,0.03126838,2.1156802,0.48224422,0.055350207,0.23489237,0.6279705,0.52370924,0.2742478,2.2621367,1.1407931,2.6622162,1.4492779,0.23178087,0.31142348,1.524846,0.79110897,0.42075613,0.9086134,0.022114657,1.7975329,2.23307,0.23111604,0.5665897,0.4429161,1.5158724,2.7244742,0.29658902,0.31907678,0.37232783,0.75379467,1.1001313,0.12502442,0.86943626,0.09562891,0.59802127,1.3807294,3.1446383,1.3889378,0.28631508,0.0,2.4419816,2.386937,0.18094933,1.4276179,0.5860774,1.2191044,0.42635995,0.09833117,0.5407676,0.6102085,0.21191643,0.73567516,0.25966853,0.29937768,0.8707622,0.8067633,3.9758823,0.6007904,1.6578482,0.5844695,0.62325275,0.1559517,1.4361274,1.9302629,1.940734,0.522282,1.578494,all_pothole_images\pothole_images_new_image_910.jpg
0.82376736,0.8979104,0.5342159,1.5872737,0.25123677,0.012611572,0.3945376,0.07303677,0.9648585,0.23079339,0.7633293,1.307401,0.6021322,0.39371988,0.7376595,0.0252767,0.26842615,0.8129349,0.113945805,0.13508753,0.2512103,0.5254688,0.5366667,3.7161176,0.0012052124,0.1951636,0.140102,0.25292447,0.030033033,0.04704749,0.29544345,0.0,0.7778685,2.8428102,0.39863756,0.57424784,0.023155868,0.7697034,0.57286793,0.41053227,0.07101569,0.5428741,0.024961403,0.013722283,0.24538125,0.9026866,0.14298171,0.39337763,0.34359908,0.62113804,1.5683403,2.7646244,0.16677997,0.014458506,0.6345079,0.14980367,0.43839356,0.8118272,0.74528915,0.22921349,0.026303045,0.36962876,0.2051079,1.674379,1.431297,0.017441515,0.6261377,1.3155208,0.08012409,0.20834121,0.41627777,1.6944722,0.13701552,0.04598931,0.35678637,1.0101498,0.9595506,0.5453871,0.31966767,0.7840468,1.1176286,0.49227515,0.08602067,0.38522002,1.7526984,0.6637388,0.11097848,0.30085185,1.5279644,0.76095253,0.20437466,2.0689027,0.74350953,0.21421309,0.7111926,0.5998615,1.7458341,1.2422203,0.71623164,0.41396117,0.04314049,0.16581102,0.1987711,0.9891449,2.5167153,0.6516673,0.04129901,0.04659849,0.8730693,1.867654,0.18909448,1.3016638,0.78596544,1.5744324,0.0,1.5959052,0.9872045,0.025124332,0.24134582,0.41470072,0.7497106,0.3334641,0.1446881,0.53691834,0.58070034,0.05466977,0.05068008,1.3456461,1.0018525,0.09960821,1.6574012,0.52506757,0.0,0.0032136082,0.2026126,0.1012112,0.043686446,0.054674596,0.018272122,0.2853599,0.9217011,0.60516155,0.60460514,2.5299783,0.15363045,0.75605303,0.14999475,1.6927569,0.091392145,0.08126316,0.6564183,0.077611886,0.85996956,0.33624917,1.1076931,0.1999533,0.75605315,0.062918626,0.78557694,0.1490479,1.4916618,0.4458999,0.1003677,1.522873,1.6674099,0.031453274,0.047059886,0.07349873,0.67873335,0.23980829,0.7708932,0.18704195,0.35827395,0.14472872,2.3304763,2.4986281,0.23914123,0.0,0.46129143,0.30740613,0.05899705,0.26459694,1.6790115,3.1410358,1.2770283,0.08180449,0.46464443,1.2958229,1.0311656,0.09823788,0.6188347,0.13329212,0.936661,1.1113261,0.33593673,0.011859886,1.5738167,1.064827,0.6041448,0.017811932,0.11009957,0.36047667,0.043018915,0.72769505,0.7187147,0.58758104,2.011626,0.22767353,1.7465817,1.4898635,0.03746607,0.018929798,0.1318567,0.6328339,0.15694678,0.036046468,0.49753106,0.04735132,2.1481426,0.0049259793,0.70527166,0.1122972,0.4424384,0.3525721,0.04247551,0.11850097,0.16537428,0.060052257,0.90965843,0.021106906,0.0005717897,0.28773344,0.0665452,0.9229918,0.25894845,0.35544217,1.3469083,0.6443767,0.87717146,1.1939424,0.6214774,0.07504776,0.52324307,0.018837309,0.2647072,0.13786297,0.9548864,0.33894363,1.8421912,0.7182485,0.09997743,0.38361973,0.62428075,0.039770752,1.4583299,0.054260574,0.95809644,0.0002831747,0.43446732,1.0570956,0.11108838,1.0550432,0.8084122,0.1760378,0.11006302,0.10266835,0.6139441,0.25488082,2.726428,0.33704963,0.8538344,0.0,0.124389976,2.3901238,0.9504868,0.8442074,0.73316395,1.3215253,0.668732,0.29334787,0.39286357,0.1532221,0.6683284,0.41525742,0.15632938,0.3218086,0.008621864,0.14596194,0.14855386,0.025364816,1.3547114,1.7882497,0.56101376,1.4661924,0.7219822,0.032072857,1.2589675,0.7968793,0.8275958,0.23549925,2.098607,0.21952789,0.27432248,0.11726507,0.28643978,0.0063168723,0.0,0.15486439,0.030223377,0.046546713,0.9997772,0.3123835,2.2279088,0.62012136,0.7924599,0.26449648,0.012778619,0.151206,1.80818,0.34814888,3.0069582,0.43202895,0.66193265,1.2255272,0.010440267,0.8074623,0.3953261,0.041402996,1.1421957,0.42107403,1.7557474,0.28575972,1.0214711,0.058347993,0.70171285,0.17363653,1.4360958,0.32516342,0.18695371,0.22322059,0.7983377,0.44193515,0.16946995,1.789008,0.0,0.05499138,0.13315757,0.01365752,0.025964443,0.02370996,0.120488465,1.0649233,0.12820803,0.33000425,1.051261,0.18335794,0.43643662,0.5395726,0.15137066,0.98633915,1.2314582,0.2748022,1.5387921,1.4978422,0.0,0.19503504,2.2288318,0.21861309,1.6837445,0.42675647,0.14552611,0.26575395,2.5160718,0.12451789,1.5651784,0.26641595,0.44361168,1.0399448,0.24170673,1.1140865,1.561524,0.7059146,1.2167438,2.4866228,0.35102957,0.14648174,1.2783457,0.20958821,0.09360897,0.1842712,0.17275552,2.7103148,0.18935683,0.15661967,0.0003922465,0.255515,0.5120259,0.23527534,2.8889484,0.38816494,0.08348122,2.017871,1.1344262,0.22442895,0.118470125,0.04203159,1.2113827,0.8714512,0.015436384,1.0376323,0.6775254,2.3165677,2.573696,0.97729695,0.12778491,0.93008614,0.41014817,0.2779571,0.11899249,0.00897399,0.21869726,2.9207866,1.5596802,1.41435,1.179916,0.0,0.7037341,0.6434555,0.31867296,1.2341576,0.17331633,0.91416854,0.056226443,0.2551432,0.013408077,1.0718293,2.3175638,0.4792978,1.8184738,0.6066244,1.6958623,0.13047613,0.023385867,0.20363994,0.10139818,0.17270952,0.19462219,0.06993659,0.12359444,0.41322201,2.38857,0.43505764,0.18936375,0.08686941,0.40706334,2.016045,1.5292237,0.22201125,0.63443553,0.3709278,0.35044682,0.71243423,1.2882763,1.6070375,1.1378438,0.013322795,0.076957,1.3419728,0.71357447,0.5501869,0.14907087,0.33133912,0.5077344,0.9337507,0.9653133,0.12395198,0.19779028,1.1341001,1.1635656,0.38172087,1.5364469,0.2480888,0.6244911,0.43480885,0.55555063,0.9080588,1.7942841,0.007688408,0.51454765,0.023939705,0.81196606,0.3968215,0.0,0.0,0.09231094,0.11280076,0.09973783,0.4050198,0.07124442,0.9129179,1.6529388,2.174772,0.6615934,1.7760147,0.2473402,1.6024785,0.0,0.859914,0.010779636,2.3525975,0.41481394,0.023193423,all_pothole_images\pothole_images_new_image_911.jpg
1.5971732,4.1114206,1.4663581,1.1457026,0.6072533,0.26809192,0.400881,1.349485,0.05571558,2.046206,0.8595668,0.007812316,0.1040417,0.97368306,0.24870904,0.19536248,2.996853,0.2077528,0.11934599,0.8689046,0.36527026,2.2293825,1.5767494,2.0398517,0.00043062965,0.5652315,0.9199122,0.63209766,0.20857705,0.6945176,0.78770715,0.23042262,0.04622935,0.1965121,0.936049,0.93339765,0.0602287,0.04410027,0.45298392,1.2671304,0.09855039,0.22522527,0.64033186,0.06267373,0.052564785,0.77291256,0.2248421,0.405487,0.35313243,0.45310545,0.06121709,0.16043091,0.9408337,1.9182557,1.8339528,0.29793155,1.881385,0.08901418,1.3910015,0.61798185,0.8098926,0.36074692,0.3653861,0.26318622,0.19075476,1.118918,0.20207377,0.38982907,2.5813153,2.85475,0.3985025,0.9617325,1.7290041,0.0112557765,1.285717,0.91818607,0.7494528,0.41628692,0.90883064,0.5090156,0.0,0.79758793,0.6277802,0.5934471,0.38840172,0.22789972,0.08835593,0.5376147,1.7956595,1.4694189,0.077013016,0.90118563,1.1301591,0.037764393,1.3582804,0.22202384,2.0688968,1.3214102,0.15656039,0.050897855,0.0,0.43534166,0.45715752,0.26148382,1.1286438,1.5291058,0.07618517,0.067564055,0.051084604,0.87363523,1.1646913,1.343343,0.53895307,0.9591357,0.06292537,0.5537852,0.43524227,0.05912635,0.1646831,0.37353465,0.5135865,1.3943379,0.4451246,0.09007416,0.50222605,0.82998264,0.5698243,0.6547229,0.029167758,0.022646746,3.6968539,1.4401308,2.4248993,0.6734655,1.3999987,1.7008383,0.50319743,0.08948758,0.9436631,0.1906859,0.86294836,1.093917,0.817747,1.1237421,0.60614127,0.0,0.61764336,1.6455663,0.10692763,2.0887556,0.6752608,0.24238302,0.16637689,1.137913,1.0529029,0.33591592,0.27787563,0.21506777,1.0302693,0.5401138,2.2244725,0.2975202,1.2681531,0.39052486,1.1873735,0.7134479,0.7434054,0.2520732,0.5207943,0.047224272,3.2733319,0.032847222,0.073134914,0.65520304,2.192212,1.6524568,0.8286428,1.1174544,0.14250185,1.3505613,1.113469,0.3419743,0.38864493,1.3894706,3.239378,0.24021648,0.29230493,0.2669745,0.7078778,1.7583331,0.56486714,1.1323375,0.23758338,0.10012952,1.3978248,0.39742944,0.4427062,1.0221523,0.07488782,5.3942814,0.032076772,0.5662183,0.059470814,0.43194968,0.22950496,1.8573848,0.23166722,0.5628765,0.06935932,0.22554545,0.26329,1.0846257,2.8333566,2.1543918,0.11070604,0.18564987,1.3377807,1.4454687,1.609991,1.0016987,0.010686592,0.0,0.12109476,0.5435707,0.015138496,0.0987075,2.9347222,0.43466216,0.1394438,1.6336735,1.0204024,0.038518116,0.6290922,0.2611174,0.5701318,0.25608253,0.034625564,0.13013892,0.22427902,0.16862033,0.13779196,2.0803945,0.9434053,0.092356935,0.0,0.3685988,1.1428174,0.16062735,0.24424203,0.5146035,1.1603874,0.3338542,0.94065744,0.32848763,1.2069948,0.48452485,0.3906208,0.0021462745,1.0670606,0.16410281,0.0,0.55130094,2.2868478,0.08858544,0.09656818,0.36671454,0.18855493,0.34900555,0.98757124,2.1855178,0.3877021,0.57933617,0.014777872,6.3772726,0.07685501,3.0009074,2.009202,0.38639328,2.2997587,1.3314806,0.16382314,0.51417553,0.17329599,0.16231975,2.05759,0.4587319,1.1006448,2.0118642,0.14714535,0.07890004,1.5265905,0.56752026,0.42451072,0.3724508,0.3659554,0.6176687,0.45711952,0.0046230294,1.1349747,0.5481269,0.9527286,0.5319296,0.011248693,0.4970219,1.0018718,0.009637837,0.07865395,1.1053933,2.3267078,0.120998204,0.49002534,1.2970698,3.3554556,0.25152257,0.17516041,1.1965022,0.76428145,0.0,0.049497947,0.8018283,0.1795543,1.131847,0.30921903,1.4318151,0.04789543,1.751563,0.12207566,0.21586265,0.089642376,1.6481723,1.727734,0.98135656,0.5062513,0.36261806,0.9557663,0.42051825,0.7624398,0.24913321,0.110777885,0.49232605,1.8913352,1.3456118,0.28997692,0.4046609,2.3106883,0.5035905,0.93603146,0.24473035,1.3948177,1.9946038,0.06159845,0.96545774,0.19042182,0.67441976,0.82854867,0.74302626,0.2705717,0.98157865,1.2106187,0.30188248,0.25626498,0.86407506,0.53002715,2.1733592,0.28829193,0.02119689,0.21669093,0.28661472,0.21492568,0.93094766,0.49451733,2.1687148,1.0559561,0.25630796,0.3460026,0.77694124,0.00790688,0.6256093,0.0746581,0.22606243,0.0045514554,0.17916892,0.5297848,1.175549,4.6881905,0.5150849,0.0616533,0.9079253,2.3324935,3.1258457,0.13963988,1.1524729,0.40153825,0.4461645,0.0066717695,1.0554593,0.04239102,1.4745455,0.44661936,0.1715994,0.08068803,3.1394145,0.0,0.7052572,0.3934302,0.0021830334,0.88315225,0.56449753,0.28806672,0.022530964,0.7616584,0.35460165,1.1644734,1.370771,0.15197538,0.46768862,1.3004237,0.03180974,0.96361476,0.12831652,0.17319153,1.0460091,0.17254055,0.8530412,1.8191291,0.23865002,1.1001897,0.13583331,0.6376786,0.87178475,0.25494626,0.018733287,0.5278454,0.46238598,0.96565384,4.1834207,0.8303094,0.8346914,0.17757322,1.3879955,1.5167359,0.6270182,0.2640092,2.8609662,0.33236873,0.6460936,1.720505,0.3467138,5.091172,1.283979,0.5879227,0.9027327,0.22315222,0.23973188,0.5860464,1.9665192,1.4871997,0.3037446,0.06710837,1.1830299,1.4186435,0.058859844,0.1252387,0.4472527,1.6982465,2.3571496,0.921071,1.4621934,0.043201566,2.3873732,1.2254248,0.0211777,0.5566698,0.8848349,1.9760069,1.2585144,0.08484532,0.0,0.54790723,3.086497,2.9511607,1.8407794,1.4022998,0.34564698,0.42923754,0.70363826,0.5411693,0.83864313,0.11185949,0.029374229,0.059660647,3.5281672,0.1449836,0.062788054,0.5020442,0.89890534,0.3617164,0.013446103,0.36102632,0.5418984,0.37330988,0.81956565,0.1144585,0.38232166,0.03088574,0.33416855,0.004834119,0.5399535,1.330914,0.1606478,0.4289704,0.3785444,all_pothole_images\pothole_images_new_image_912.jpg
1.6686616,0.7739268,0.5582909,2.743603,0.4755866,1.0426062,0.95503426,0.9171626,0.024883002,0.46270752,0.0,0.78069735,0.22190484,0.52984416,0.7395684,0.27815428,0.041319013,0.9122889,0.5430835,0.7954807,2.029577,1.3961046,0.102045,1.4282122,2.016496,0.023037028,0.2773412,1.357103,0.17115958,0.5088279,1.2873013,1.290673,1.6860083,0.9859078,0.8960386,0.9065211,0.8324194,1.2960203,0.27340752,1.6474371,0.69308627,0.56000835,0.66398746,1.1044077,0.9726866,1.2534615,1.1827803,0.061380308,0.775995,1.980339,0.45867467,0.41268146,0.80443627,0.18298578,0.21425714,0.58146614,1.5335721,0.6860537,0.47056764,1.327233,0.5092153,0.03737469,0.54442453,1.5109081,0.25346884,2.6104326,0.27283394,0.25932124,0.7081452,0.10743816,0.86042833,0.20276044,0.58485925,1.6739697,0.7572904,2.9924777,0.13802867,0.58642834,0.18414341,0.13897415,1.7594221,0.23607607,0.64704436,0.440474,0.027233243,0.2040768,0.81047875,0.46076265,2.5403094,0.52630407,0.020023273,0.1071427,0.69050205,0.2458335,0.098321624,0.17702644,0.02088535,0.39618155,0.65818024,1.2487768,0.035579562,2.5124755,1.5634798,0.19985086,0.8306931,1.1450008,0.36300725,1.6466074,0.27745646,0.31713325,0.0,2.9422352,3.154034,0.6845808,0.8531721,1.3781887,0.895311,0.3334913,1.9173785,1.9285288,2.775616,0.760576,0.32199612,2.1084478,1.0304164,0.65732306,0.90115184,1.875176,0.99187607,0.11794686,0.71389574,0.0,0.0,0.47652048,0.8310868,0.3898636,1.7008832,1.8292661,0.36460727,0.110925354,0.35880998,2.881871,0.27965748,0.6517093,2.3430097,2.2647455,0.70107675,0.37534285,0.9202704,0.4938141,0.28326714,0.42242953,0.43571645,0.1799017,1.9986525,0.28058535,1.497595,0.38718495,1.7191844,0.7895109,2.2158706,2.4989004,0.08482585,2.4147272,0.027427828,1.4297878,0.9545856,0.03091675,2.1865304,0.78383815,0.036941484,0.0,1.1682171,0.5419206,0.41690102,0.52522045,1.1199495,0.0008381288,0.61125547,0.0,0.13821077,2.9691832,2.2091825,1.853557,0.97479695,0.8534629,0.421396,0.55191594,0.33161154,1.3726875,0.69441193,1.7386318,0.304663,3.548679,0.5286222,1.2335331,0.640495,0.69621485,0.3354208,0.25011384,1.1910696,0.78822315,1.2539709,0.7492527,1.4011241,0.17177473,0.08840091,0.5326685,1.8491682,0.107988656,0.3773206,0.021737015,0.029286632,0.7586589,1.3549285,2.161295,0.54258347,0.32396528,1.4273866,0.13172856,1.7724142,0.60403055,0.650305,0.55819803,0.06131632,1.7049454,0.6820074,0.40527445,0.27061304,0.5362516,0.8448017,0.29652297,1.4943315,0.02618769,0.40131742,0.081549466,1.9697777,0.05664226,0.18723112,0.6873254,0.79239047,0.19638176,0.13591841,0.16245794,0.1062465,0.05405431,0.93389595,0.88672686,0.3872269,2.3460433,1.8348502,1.1810251,0.5252983,0.17270526,0.047391087,0.5262164,0.85817385,0.022515895,0.49057567,3.5591416,0.07965339,0.099923305,0.28117776,0.50817335,0.3956415,2.1056201,0.28794262,0.23195656,0.6814408,1.5957214,0.91476625,0.29766017,0.8892634,0.05549388,0.44501343,0.8511046,0.266509,0.76996416,1.4207225,1.2436812,0.21603782,0.1562784,0.4545175,0.2284518,0.24539106,0.3485656,0.45588967,0.3597543,1.3583561,0.6714468,0.44493204,0.33742172,0.48166445,0.4705084,0.09382483,0.11491016,0.09403138,1.0851915,0.74954784,0.83238626,1.6578802,0.57561,0.46140683,0.4840597,2.4545968,0.8834025,0.03406921,0.19179176,0.2748768,1.785423,0.78399557,1.4967183,1.7502233,2.9459786,0.25345564,2.4962194,0.0,2.2976036,0.83896124,0.57897705,0.8698737,0.4615638,0.94116426,1.321691,0.5845684,0.036800373,0.3761724,0.0023941041,0.31657565,0.31420642,2.0251129,0.14547637,0.0,0.83823353,0.29592457,0.31749642,0.6020551,0.06949215,0.44873932,1.0603639,0.5608572,1.4338615,3.4228234,0.20195952,1.9398291,0.47758165,1.6723409,0.19878444,1.1532035,0.33726808,0.21806839,0.24810095,0.66178113,0.85240173,0.23675267,0.66846657,0.17750557,1.3263235,1.3284605,0.42743245,0.8337731,0.34314016,0.9225178,0.14643183,0.05762891,0.5153306,1.4174806,0.2837157,0.017383657,0.3175325,0.47597227,0.33994743,0.53680146,0.4360667,1.4061261,0.3495747,0.50597906,0.34129772,2.1710453,0.40001944,0.16893746,0.18685642,0.30086848,1.285354,1.4524598,1.9880087,1.6124672,0.0,0.05087759,0.89433193,0.54161817,1.686988,0.24482054,0.25536856,0.24708094,0.70240504,1.5866612,0.64252543,0.64801645,1.1422658,2.1456308,2.4654593,0.7059909,0.27452952,0.08795196,0.16201219,0.39655334,0.65859056,0.9629177,0.38688254,1.235197,0.46159428,0.7074843,1.1558788,0.19742674,0.27157387,1.217907,0.3513549,0.48263502,0.43479896,2.780637,0.67323583,0.8642884,1.7745947,3.794189,0.1363475,1.7678792,0.6332926,0.9874557,0.6321215,0.34876305,0.7566193,1.8967322,0.9698309,0.9303057,2.2784877,1.3765916,1.2671599,0.28770342,1.5075912,1.0663582,0.8458352,0.38681248,0.23364349,0.44103482,0.19101311,0.08120214,1.2598146,0.2640367,0.8723931,0.7342939,0.52274215,0.9816614,1.3472129,1.0273712,0.23343122,1.677451,0.41355845,0.27528468,0.74382347,1.2234652,1.6367648,1.838885,0.28865522,0.14083992,0.16987495,0.52841234,0.23788951,1.7871411,0.85884863,0.64592856,0.5791126,0.2526016,0.0,1.8559474,0.0,0.48447767,1.6788372,0.028341142,0.062359434,0.32687822,2.329768,0.98596907,0.64940137,0.11028005,0.0,0.5137367,0.18858077,0.5435227,0.16597413,0.44562796,0.9476787,0.68540066,0.5687808,0.34256223,0.12035542,0.36882502,0.07990212,0.7442455,0.44769046,1.5027765,2.958176,1.5924832,0.06671205,1.2912427,0.60097927,0.089282826,0.074271776,0.34824237,0.14616081,0.05615994,0.8158946,all_pothole_images\pothole_images_new_image_913.jpg
0.57259893,1.1440045,0.34017247,0.38745,0.5553076,0.8119022,1.0598035,0.9657657,0.89694595,2.3015413,1.12016,0.04233154,0.744202,0.47324857,0.3300325,1.6736783,0.15110126,0.64768225,1.4895345,0.723579,0.003439691,1.6956298,0.40302882,0.37498692,0.2766294,2.5502207,0.60550994,2.2746987,1.2127594,0.07741144,0.4277373,0.8445226,0.46906886,0.18395798,0.05263455,0.6995552,0.45523188,1.4196931,0.07131079,0.8813272,0.05684279,0.0,0.8681081,1.288125,0.45962054,0.73690045,0.19836493,1.0875254,1.2546277,0.3194158,1.1859161,0.6702423,0.04941981,0.25161183,0.5034335,2.0876276,3.4950795,0.40755212,1.6539459,0.12797381,0.526194,0.20230462,1.6111493,0.19053777,0.81803644,2.3009725,0.19182989,1.3359466,0.6276957,1.5733452,0.033300098,0.41460228,0.47298494,1.1150599,1.5700791,0.03434436,0.1434295,0.8938716,0.04632222,0.69047505,0.6386641,0.01409623,0.6409295,2.7419097,0.9468597,0.9058212,1.2767748,0.4275687,1.3142936,0.6284459,0.3507761,0.13519849,0.17090803,0.14779435,0.6981807,0.3420761,0.68871593,0.968599,1.0943859,1.6900809,0.45028087,4.4468203,1.5105592,0.17564328,0.8305838,1.1015748,1.2415886,1.2800378,0.72918886,0.81722015,0.104666024,0.06939667,0.41858092,0.93051755,0.22861601,0.083870344,1.1675167,0.2898749,0.26853535,1.2619759,1.1748523,0.16945072,0.13450621,0.51052254,0.15821193,0.2762791,0.81552494,0.78539324,1.4944836,1.42686,0.3407401,0.34098947,0.20621984,0.30365255,0.13061005,0.93968385,1.1899116,3.0947306,0.75576055,1.3263093,0.047892235,0.09889345,0.8200941,0.6828369,0.2682124,0.33350328,0.73705304,1.5748837,0.6232664,0.99969107,1.357481,0.037217908,0.13086757,1.2187066,0.93033814,0.90593046,0.29270974,0.17005756,0.4004303,1.1166981,2.2687554,0.32083362,0.8476025,1.4991492,0.033423327,0.79943466,0.40617973,1.1370918,0.45570454,0.34545964,0.36557084,1.3653088,0.58895284,1.1243235,0.45664623,0.20375386,0.3596662,1.3016355,0.16215523,0.25235406,0.15495141,2.7899256,0.27740094,0.9255511,2.1775448,0.72193784,0.7258845,2.025419,0.1744325,1.0908574,0.31902122,0.0,0.65351695,2.8974814,0.5849503,0.2118255,1.5127378,0.3162216,0.06780211,0.89310795,0.37817827,0.24863932,0.5079842,0.23243557,0.62127405,0.47857627,0.11834199,2.0983462,0.03651606,0.23335892,0.3931731,0.8038447,1.0027884,0.4221998,0.11736293,2.0428817,2.1395986,0.61819315,0.627284,1.5869768,0.5366548,0.37762597,0.38048923,0.6256704,0.10410875,1.434225,5.816819,0.50693285,1.6555004,1.1060925,0.7568938,1.5692998,0.5323269,0.169007,0.7359586,0.6627261,2.4864573,0.16486816,0.32755318,0.15328632,0.387173,0.06000575,1.901402,0.7961952,0.54384184,0.099374495,0.27629763,1.448193,1.8815509,0.9849017,4.2726326,0.1320917,0.09425012,0.5710886,0.043858275,0.15874647,0.21663058,0.25260127,1.5739764,0.94876647,1.1935195,0.24554221,0.29005387,0.44778028,0.64235455,0.31415167,0.49058902,1.3562696,0.249531,0.59636456,0.18287145,0.13601874,0.45970356,0.35508943,0.9307911,0.59431523,1.202493,0.019262869,1.3656325,0.5758462,0.39324906,0.23525581,0.23090379,0.097364806,0.28748518,0.6025348,0.6048185,0.78875995,1.2857246,0.9310132,0.2836289,1.4655728,0.13882442,0.85256207,0.08826071,0.69177055,0.0973233,0.3535824,0.26820013,0.6380522,0.10787695,0.9768876,1.2027562,0.2894954,1.7289478,1.2221723,0.09028365,0.13093339,0.2200023,1.4444007,1.6792643,1.411428,0.43283486,0.3034663,0.6462214,0.13034356,0.107930824,1.4883893,1.1294186,0.29337496,0.23623711,0.4306349,0.07634497,0.8381866,0.9305077,0.50197685,0.37282294,0.06791264,0.09973553,0.6354632,0.15727542,0.27433595,0.10283086,0.5637985,0.07017251,2.3115444,0.43418166,0.9945064,0.21170181,0.5677756,0.9122136,0.078776166,1.0558445,0.050700236,0.4790964,0.062886596,1.0671638,0.6867196,1.0536071,0.15105687,1.1896819,0.24259503,2.1800458,1.5233796,0.90594876,0.50855136,0.35453942,2.0134902,1.0394241,0.23850626,0.18000695,0.5382372,1.1248496,0.2564188,1.0515591,0.0,1.8074074,0.84265846,0.57029027,0.011240611,4.563999,0.014860465,0.6529037,1.5469221,0.17644507,0.026959175,0.36145303,0.0111876335,0.7418069,1.5079566,0.4275138,0.32164413,1.5889695,0.10396571,2.552331,1.7558947,1.0897865,0.06761283,0.09111491,0.86691105,1.4688076,0.5239977,0.029381867,0.0,0.5262639,0.17410834,3.0262034,0.0,0.15935656,0.11266121,5.4716887,0.93260497,0.74419665,1.248637,0.6202854,0.7069761,0.31492645,0.36822295,0.36780465,0.35283285,0.40664336,0.78719497,0.11802235,0.17018808,0.5439661,0.40401816,0.78511,0.8073737,0.8144648,0.1935369,1.7548813,0.36572194,1.0389966,1.6113561,0.8678991,0.30177268,2.1363974,0.760861,1.2051914,0.66083586,0.89931065,0.4129408,0.43700874,1.609682,0.91297656,4.942763,1.386986,1.2976698,0.5146039,0.192389,0.25520107,0.6392975,0.24240221,0.3050684,0.3062545,0.124869205,2.3111641,0.9327313,1.3456732,0.640258,0.028641885,0.115736395,0.8734226,0.50977683,0.91211355,0.53833896,0.5222016,1.6081665,1.3729357,1.0787023,0.39270717,0.30684417,0.71905375,0.560787,0.39052898,0.86638874,0.14470361,1.0713677,0.5040461,0.69111323,1.8278257,0.0,0.97101355,0.89088666,0.16615227,0.7921977,0.32528105,1.1739242,1.1394404,0.28356734,2.1478405,4.6120524,1.4648256,0.058644984,0.096688464,0.8728879,1.8063271,0.7835598,0.71431637,0.2226043,1.3947037,1.0198582,0.8597895,0.6082922,0.6749674,1.996383,0.08074789,0.71642333,0.7994688,1.4204825,2.157815,2.9876745,0.21588778,0.994127,1.2130767,0.5034864,0.50406605,0.54359627,0.51211214,0.25720876,2.7368631,0.7143047,all_pothole_images\pothole_images_new_image_914.jpg
1.649281,1.8117139,0.68213105,1.0932138,0.38245633,1.0525339,1.8317902,0.0049062534,0.23712002,0.63014,0.29907992,0.60203886,0.3965953,1.0842179,0.15720107,0.17283583,0.0001052092,0.67330855,0.30913237,0.10135784,0.76754224,1.9364681,0.94041115,0.8486245,0.1806401,0.18657073,1.1051856,1.1497428,0.22160666,0.2705562,0.5227156,0.13861273,1.310287,0.37251005,0.31348714,0.30219427,0.5300539,0.9512928,0.10957527,0.120670795,0.008172073,0.73753923,0.24250704,2.5382986,0.35292894,0.0134280715,0.1697852,0.048504367,0.44755074,0.092860885,0.5552568,0.057540648,0.23359333,0.07942629,0.0065107844,0.19180244,1.4346343,0.23763263,0.0021271273,0.7124176,0.0,0.042302895,2.5026503,1.3595285,0.86017257,0.27022997,0.09263891,0.11600488,0.0,0.6332181,0.1862921,0.48448703,0.014593516,0.23285684,0.042484906,0.40859228,1.0249298,1.2057168,0.19898185,0.32567722,1.24719,0.2747427,0.12140762,1.1313837,0.68442035,0.68936807,0.046145532,0.014897685,1.353826,0.15469716,0.12643448,0.22012186,0.31258196,0.67676395,0.85822153,0.01539376,0.28328747,0.41409963,0.121657565,0.111706614,0.20320746,1.316606,0.65086055,0.06956744,0.09384025,0.12957579,0.13532092,0.038658194,0.35945556,1.4731431,0.0,0.53314584,1.6519897,0.2414649,0.09092553,1.4586838,2.8887217,0.53262234,0.7072022,0.4039148,1.0797491,0.095341764,2.37627,0.043850478,0.2805921,0.32029343,0.4350833,0.12084769,1.7298179,0.99777347,1.2589769,1.1476289,0.53711826,0.23015092,0.17487879,1.9140967,0.30154654,0.0039308136,0.78389484,0.26012686,1.2807195,0.041722227,0.34899545,2.4348383,1.0056462,0.8360998,0.09072914,0.3477602,0.71293104,0.7113717,0.63155097,0.6398412,0.0018340443,0.31905955,0.7224552,0.3414603,0.0973396,0.38782817,0.972521,0.22761627,0.8751384,0.25060424,0.8526426,3.1154983,0.33280325,0.100647055,1.1013399,2.965127,0.44296792,0.4545758,1.1577535,0.33769864,0.3638039,1.644014,0.77515495,0.21120277,2.6340427,1.4851575,0.27583563,1.3619239,0.42781693,0.06057764,3.7825034,0.17944361,3.3115187,0.25602522,0.78219306,0.040123757,0.03567592,0.28884912,2.2127557,0.09974455,0.0016632396,1.8620774,0.24197792,0.38347048,0.07788435,0.1821677,0.09820437,1.3205899,0.0405001,0.015488311,1.9416169,1.0586891,0.10125488,2.028028,0.12414885,0.4776004,1.3611757,0.009245729,0.29160377,0.9632249,0.6129281,0.6801783,0.34267178,0.10083317,0.5285522,0.4059276,0.82236516,0.31741598,0.89317274,0.12007144,0.0,0.21572481,0.0,0.7628678,0.6865893,0.4070947,1.1908292,0.24251716,0.09294453,0.51277345,0.31154084,0.19766502,0.31084538,1.0503023,1.285743,1.3288046,0.2943304,0.07962216,0.6368165,0.17734045,2.0567086,0.099652015,0.040643394,0.07695196,0.50433916,0.05052926,1.0766855,2.4866273,1.0726724,0.057036802,0.16362509,0.64385873,0.049945436,0.6805591,1.4748038,0.20400079,0.9315611,0.34217444,0.6998288,3.7470624,0.26840964,0.06577012,0.009197227,0.24635153,0.061280306,0.3190416,1.0514599,2.748466,0.0068275887,0.1837349,0.2326072,0.41504458,0.17629077,0.6553848,0.2036349,0.8983537,2.6305797,0.39424375,1.2945238,0.105772145,1.2930137,0.47418904,0.38126227,0.23615801,0.09095777,1.2367345,1.4970962,0.6101064,0.17847079,0.5088994,0.19674931,0.5022159,0.096521705,1.0369222,0.17323296,0.1818727,1.0510428,0.8912833,0.4454819,1.0128491,0.0,0.043069012,7.184147,0.115568355,0.62448823,0.24817447,1.0344361,0.04838368,0.0098818615,0.7057953,3.2917728,0.5764983,0.8303615,0.55462974,0.06981078,0.13988768,1.9142883,0.28836098,0.43132517,0.44874954,0.6063403,1.1868608,0.18450606,0.04170624,2.6539593,1.7971005,0.38989243,1.1965016,4.8761926,0.51753795,0.36578065,1.2106245,1.0672312,0.501487,0.64381164,0.56412363,0.16677865,0.36762494,0.13677695,0.896778,0.7785308,0.62283117,0.195426,0.135969,0.09862093,0.16434903,0.9669113,0.84628206,0.30914247,0.7023963,0.0,0.017044058,0.3764167,0.21312906,1.9607306,0.4898111,0.13333857,0.053767607,0.19720599,0.17186452,0.7750469,0.48160094,0.055280384,0.20889047,2.3163455,1.918737,0.22640961,0.3757224,0.96729714,0.01688034,0.28623012,0.11166065,0.23661445,0.10029154,0.0758976,1.3173605,0.1512356,0.7045416,0.0,0.14524208,0.53370965,0.65627193,3.7086034,0.17485198,2.9750545,0.87309265,0.0,1.1439536,0.8324791,0.24978226,0.10984554,0.06319993,0.3810923,0.016112594,0.31130764,0.17550379,0.17340657,0.028703326,1.8035583,0.26935753,0.29791486,1.2971509,0.16585344,0.14126857,1.5490093,0.17760335,0.5527113,0.94245285,0.03541425,0.24476744,0.40106505,0.64391077,0.26058394,0.26829508,0.0287662,1.2214321,0.08192591,0.2241895,1.1978213,0.15337531,0.7313498,1.5208442,0.39927423,1.5804292,0.8769863,3.9383962,0.24313673,0.9793432,0.6088369,0.928828,0.0019845013,0.24304137,0.16375452,1.5485104,0.69908476,0.35469282,0.32134953,0.5260728,0.6263354,0.0438413,0.011603977,0.23870634,0.050102297,0.39174882,2.1044865,0.004578394,1.4841399,0.31464913,2.1788907,0.5146575,0.046298474,0.59281373,0.7009123,0.024181908,1.2317027,0.0,0.33877832,0.20209223,2.2876806,1.3166896,0.41648704,0.0064821937,1.2475148,0.090278275,0.0013365671,0.77723825,0.0,0.9645362,0.53550065,0.22623935,0.8613369,1.54932,0.33872047,0.0070344787,0.27907923,1.0033493,0.22842264,0.19731441,0.12138804,2.9224572,0.45264718,0.6125111,0.0005222522,0.19755907,0.55121636,0.31067264,0.12757047,1.035398,0.0074441186,0.5740782,0.0766134,0.7918554,0.03985632,0.015454492,0.06620642,0.12428936,0.019967992,0.34662762,0.87935466,1.6211697,0.17991385,1.0194867,0.5970057,1.2190733,0.49457613,0.5334031,0.2107762,0.89916295,0.0759702,0.11173161,all_pothole_images\pothole_images_new_image_915.jpg
1.6896207,0.79490167,0.84136915,0.9317563,0.70735145,2.747971,0.29705706,2.2584417,1.667899,0.120888814,0.08376787,0.82077014,0.48090592,0.19714732,0.12941854,0.2567689,0.8476268,0.39699298,1.6010498,0.2332282,1.2214928,0.67546624,0.4566515,2.3273747,0.54139334,0.20669816,0.6174589,2.8917522,0.51034236,0.005584156,0.07916547,0.31293246,1.048206,2.1329594,0.009960152,0.24120872,0.97939885,0.7298201,0.5298788,2.1852338,1.8549724,2.886713,1.1921399,0.31472364,0.9456121,0.14142399,0.2819948,0.019696822,0.19917768,0.15130708,0.43710384,0.63555855,0.62842023,0.0013862357,0.88646865,0.057032924,0.6770686,0.09390756,0.0,1.6757326,0.090524815,0.15374896,1.321299,0.42692605,0.03781831,1.1774371,0.10138322,0.100259855,0.24694881,0.2025162,0.56396997,0.8618417,0.5297021,1.141928,0.012477211,0.63875365,0.16073938,1.7952205,0.13511926,0.3650466,0.0,0.55431324,1.3257258,2.4215643,0.28849873,3.149211,2.6081557,0.20832545,2.6006465,0.4978685,0.0,0.65069884,1.137882,0.25944576,1.1255258,0.5045419,1.8074514,0.3540173,0.39794052,0.4538297,0.1253041,2.8785567,1.1536646,0.3612049,1.8938265,0.18046679,0.0139035,2.7527807,1.4233863,0.82939595,0.68188703,3.7312846,1.2580321,0.76350385,0.016193854,1.4635891,2.2178307,0.32532597,0.04476754,1.2178019,2.246961,0.04527214,1.2509441,0.8371462,0.27386504,0.1414479,0.079567015,1.9471979,1.6282808,0.37895,0.12335218,1.0614506,1.4729728,2.6159704,1.1240032,1.2703971,0.029314002,2.1272037,0.0,0.89046836,1.6882827,0.63682616,0.3338502,0.28504422,1.1551514,2.3962476,1.3795997,3.7056823,0.71022004,0.09053883,0.9211956,1.1263648,0.038130753,1.4845707,1.139887,0.65739566,0.30062053,0.08392338,0.35547674,0.24864349,1.8090893,3.560828,0.85578746,0.20974855,0.37715173,0.0643601,1.5077038,0.012269831,2.9357393,1.2349924,0.63797647,0.010134288,0.42704073,0.36479318,0.63225746,0.3486541,3.4445956,0.7371437,0.6818251,1.6336931,1.0962352,1.021628,3.899981,2.1067748,2.3827865,0.0045616715,1.3042971,3.0123677,0.6514837,0.4287163,0.0,1.744653,0.038861338,4.9878793,0.31901765,0.0,0.42330107,0.45227712,2.129191,1.587109,0.3788885,1.3479091,2.4959178,0.80816525,1.8061447,1.7489713,0.115543984,0.23327294,0.791936,0.5142352,1.4812766,1.2044467,0.8738195,1.1376717,0.32019067,0.47534123,1.9122398,0.35252184,1.7322454,0.7373263,0.0333572,0.6317012,0.9829888,0.5624358,1.157784,0.29427552,2.3053293,0.80011123,0.44593382,1.0229524,2.6312902,0.8040193,0.3684441,1.358604,0.33816922,0.7407137,0.499945,0.9436575,1.2514979,0.1732055,0.811468,0.4674221,1.9071119,0.85303295,0.0040431023,0.013640703,1.1786046,0.109769374,0.7048706,0.51836866,2.4428558,0.19476034,1.58882,0.82689166,0.7851055,0.87528384,0.028088478,0.8263113,0.89370793,0.7969727,0.17183739,0.6223091,0.1886206,0.5393432,0.22603671,2.5306199,0.44542316,0.19004937,2.1508496,0.5732305,1.0315288,0.66606456,0.18429737,0.28326848,0.4167416,0.8979325,0.054070733,5.370989,0.14148425,1.6872708,0.4653271,0.445231,0.8407306,0.34457377,1.5274988,1.023229,1.8769411,0.32072917,1.0482776,0.18002312,1.2647234,1.1663126,2.3007824,1.4035554,0.6815092,0.17401378,1.0737337,0.17314257,0.47899884,0.19614291,0.09851052,1.167535,0.16804971,0.8719968,1.0258181,1.1256039,0.89776456,0.41067663,0.24582396,0.00078538485,2.0274,1.298891,1.735908,1.0898546,0.030627906,0.088608935,0.14762382,1.021701,0.3123353,0.40719888,0.92912054,0.7705386,0.16735445,0.093695,1.7087524,0.34163073,0.11598234,0.059845027,0.81803095,2.4922185,2.5503688,0.5345174,0.1480792,1.2536464,0.32234663,0.35486564,1.492772,2.2818184,0.5713157,0.9985335,0.743084,1.5750773,1.742823,0.07086307,2.574758,0.0572429,1.0830393,0.80189824,0.07582625,0.7618582,0.024659084,3.3418345,0.7642544,0.5312055,2.4327593,0.42204565,0.6802066,0.3588544,0.15903264,0.05256133,0.059709176,0.012469699,1.4345151,0.8117369,0.2347639,1.1772397,1.3361936,1.4242758,0.40084907,0.025417546,1.7496783,0.2924465,0.0900742,0.93331224,2.7239728,0.07968625,0.93664867,5.1540375,0.07808043,2.0359008,0.4669971,0.27697614,0.8774206,1.8334444,2.384236,0.29759476,1.5522051,0.09046444,0.0022094948,0.9215424,2.26584,0.50933796,0.018123023,0.28794777,1.5257834,1.3410906,1.8098085,0.5037321,0.45671365,0.46086952,1.6760384,0.64103806,1.8606305,0.39298326,0.21179403,1.102667,0.08346759,0.22806609,0.2775976,0.3629925,0.0047160145,0.70355284,0.1326485,0.58644694,0.08837968,1.8561798,3.2054505,2.2322462,1.5761114,1.7404968,0.32338092,2.4723234,3.2322848,1.893372,1.5705717,0.044672273,0.5302772,1.9389507,1.386955,0.42953226,0.70895195,0.45133543,0.50481117,0.2768793,0.9319845,4.6168365,0.7505529,0.14112827,3.3508103,0.0091502825,1.1393367,0.17377405,0.33040366,0.0038895847,0.25660235,0.0038662695,0.80420214,0.79392546,0.028723108,2.7095015,0.7194153,1.7854377,0.016882818,0.44535077,1.6731416,0.535683,2.1814253,0.3042824,0.5822848,2.288976,0.042046465,6.156794,1.0277594,0.0,0.11750857,1.1135528,1.7514714,0.39231086,1.9293699,4.1009164,0.1723387,0.5046717,0.842187,0.016179834,2.761375,0.56309944,2.6198652,0.61300117,2.1283853,0.3021959,1.2749689,4.4435034,0.18346256,0.49989516,0.36845112,0.346293,3.7495732,1.1056076,1.2785357,0.19088148,0.2167351,3.3905904,0.0,0.56358665,1.3291342,0.15548538,0.6932288,1.4818069,0.3194174,1.1125137,0.5248826,1.5910931,1.272645,2.9492269,0.4077899,0.48954827,1.9505905,1.4669873,0.31931704,2.1187952,0.6606525,0.5678015,all_pothole_images\pothole_images_new_image_916.jpg
1.732472,0.82799107,0.9958302,3.8703983,0.32915348,0.18894552,0.44102454,0.26601672,0.5144371,1.210022,0.97616374,0.8899681,0.11770081,2.651741,0.05260576,0.6239293,0.7358544,0.655545,0.6265217,0.8537779,2.4557002,0.18879709,0.35913754,0.118882865,0.7088712,0.3418845,0.4539245,0.037267298,0.0026032887,0.30933085,1.3226409,0.49890786,0.17360494,1.0242316,1.9911243,0.15137471,0.29551262,1.5265465,0.5155254,0.05141729,0.24488826,0.027925191,1.3314276,0.13059542,0.3544415,0.8780899,1.4976249,0.0,0.4528463,1.0610281,1.1385773,1.20279,1.0900967,1.1133829,2.66851,1.2044002,0.4718282,0.09830187,1.0339291,0.09961249,0.21241787,0.7943149,0.031086376,0.6459997,0.8880603,0.12519185,0.6283407,0.5206497,0.33223292,0.1388119,1.1145824,0.8689924,0.06462633,0.16694255,0.25354466,0.052262012,1.9239359,1.0389117,0.059612535,0.2943356,0.7282827,2.422648,0.00676692,0.88114196,0.5566191,1.9567162,0.3891824,0.16238323,0.1772812,0.0022830043,1.4034296,0.09745504,0.33805048,5.121235,0.08942373,1.8999759,0.31274134,0.25701734,0.40157503,1.8669939,1.1738893,0.78339845,0.8461841,0.08625129,0.30318615,5.6367197,0.5749257,0.0,0.22708248,0.031976417,0.08203144,2.157707,0.11166936,1.2064366,0.09322875,0.0,0.15737683,0.0071333726,0.5964416,1.1929142,1.0970787,3.0173802,0.28512284,0.22490947,1.9095907,0.33711436,0.53055465,0.751308,0.8942776,3.220442,3.656301,0.13912134,0.96175265,0.14974885,0.88057756,0.6711858,0.32225212,0.018091759,1.6008784,0.14169906,2.706772,0.43299565,0.99962944,0.10390534,1.4023478,0.12955914,0.91203386,0.70552015,0.16777536,1.4735887,0.027284738,4.953134,0.16040358,0.66640544,1.3713651,0.0021520976,0.2944733,0.18692787,1.6848704,0.033668693,0.09110811,0.097111255,0.89152896,1.926364,1.220761,1.7741336,0.9888317,0.26825204,0.21097963,1.352704,0.11119854,0.42871264,0.72082007,0.12172054,1.7808183,0.0572194,0.6475923,0.450136,0.06320225,0.7215564,2.4492507,2.08202,0.5701607,0.61186385,0.034117084,0.029704312,0.06901792,1.4245987,0.0019312194,0.8030613,1.7519485,3.6480625,1.1092725,0.7231484,0.04258344,2.4390013,0.08641036,1.1641725,1.0771168,0.1436478,0.8367305,0.89898336,0.52699596,1.6128571,0.11556845,0.8803252,1.7086728,0.65475345,2.4206593,0.47038385,0.40228504,0.13026278,1.2808623,0.8651353,0.4496304,0.82657075,0.055218525,0.047320463,0.06688163,0.050478607,0.07907852,0.27126738,0.61454886,0.07297274,1.0635804,1.3712809,0.54154444,0.081865765,0.07663965,0.57763654,1.3914388,0.07997277,0.30797473,1.0719172,0.19270785,0.82575876,0.517697,2.0255475,0.4740405,2.4877877,0.78315353,0.43426597,0.91192967,0.23388949,1.0471961,0.08359218,0.5529946,0.03196337,0.008894422,2.730761,0.16817963,1.4112406,0.27429152,0.8833928,1.120169,1.0536948,0.02026825,1.4411845,0.9518114,0.44557723,4.8623643,0.23737572,0.12831576,0.51030815,0.5481377,0.27582943,1.325669,3.1293209,1.9134506,0.15781453,0.6197235,0.8239395,0.43633986,0.0889739,0.037836175,0.9274242,0.38388318,0.09456873,1.5459104,1.6486562,1.4644982,1.6113477,0.85509336,0.20341246,2.6475732,0.12660131,0.20457941,1.7430485,0.35969007,0.34964556,0.0,0.18103622,0.08244516,0.099123545,1.4974169,0.46967486,3.555768,0.009701932,1.4826224,0.8543989,2.4388692,0.65099126,1.6490842,0.07822224,1.4852642,0.03533102,0.45611987,0.7206155,0.0050574206,0.43608245,0.40527934,0.28509426,0.8647536,0.362788,0.8924521,0.7585426,0.051873613,0.6458144,0.39854437,0.19379668,0.05682238,0.045475695,1.8285006,0.9463638,0.7067483,0.42900327,0.32211864,2.0926862,2.978885,0.07341731,0.65145576,0.5571551,0.42479005,0.80613685,2.8815744,0.08776,2.0708134,0.78564787,0.06760648,0.3005426,1.3612835,1.7952627,0.4522822,2.550962,0.051142603,0.3998145,0.9790629,0.20966281,0.24362077,0.3038454,0.22320716,0.17553033,0.18495002,0.04459246,1.9613825,0.6502032,3.0196128,1.4315603,0.0,0.14315878,1.0860461,1.748026,0.3991838,0.9915645,2.1061325,0.44870368,3.1832707,0.84129614,1.7372162,0.1691346,0.36730054,0.5729137,2.8458755,0.09401181,0.81873965,0.120734826,1.0442085,0.23959973,1.169676,4.0862465,1.0403666,0.91711956,0.11407646,0.72228694,1.0233121,0.37396786,2.6123612,1.9315755,0.13180481,0.6511565,2.1015923,0.03083539,1.7343903,1.7324572,0.556738,0.0049698977,0.0022241268,2.1768746,0.6712731,0.80117005,0.047048092,0.25508225,0.0187146,0.43446186,0.74424165,1.7152787,1.4385086,0.11264523,0.25075993,0.089667425,0.1893089,0.048115525,0.062207688,0.17218459,0.13770103,0.041797783,0.76028854,0.26517725,0.35028687,1.5632523,0.10753913,1.9522326,0.46868655,0.80997676,0.12567672,0.6451879,0.30806464,1.6088867,0.0,0.91963303,0.042378537,1.0885061,1.2919297,0.055094708,0.0,0.03558372,0.8609342,0.0061072945,0.49457234,0.5463736,1.044933,0.27934784,0.05592669,0.19214737,0.43656904,1.514957,0.2358082,0.35673833,1.2423441,0.2276672,0.06499279,2.2910984,0.25505894,1.5826414,1.1199247,1.1186892,0.6428571,0.16304834,1.5291039,1.1213659,0.9207415,1.748457,0.056837928,0.9331185,2.503401,0.054671254,0.6289628,0.30791238,1.5651402,0.5641952,0.78677493,0.83037937,0.3502635,1.4177227,2.08426,0.616585,2.1611836,1.0025033,0.40871716,0.10111054,0.8483125,0.5688343,0.6104001,0.46756828,2.791228,1.0524108,1.2670041,0.4332985,1.1612815,0.32847238,0.49632004,0.23905052,0.35007378,0.9183027,0.09839109,0.0,0.029218715,1.6976253,0.0036046875,0.3940767,1.2252967,1.2727621,1.114371,1.3456376,0.19851525,0.08436667,0.21867222,0.28181386,0.1520413,0.11128726,0.0,0.0,all_pothole_images\pothole_images_new_image_917.jpg
1.1096641,0.28475726,0.18125649,1.7264059,1.0124272,0.47790146,0.68646127,0.12788133,0.6482657,1.1706079,0.7883476,0.19083416,0.5394386,1.194553,0.04346215,0.30264947,0.012982958,1.2255933,0.717386,0.077054605,0.777025,0.4273585,2.5043359,2.319694,0.56952393,0.2413393,1.3341211,2.152744,0.13872644,0.25039583,0.48046857,0.070482016,0.29822263,1.2112275,0.30560356,3.1629732,0.16287427,0.5416435,1.1446272,0.11130331,0.048643578,1.0389645,0.3956172,1.0549672,0.0357803,1.1616623,0.8296112,0.5908865,0.70464,1.0965766,0.92207336,1.2678064,0.21012436,0.25424635,0.20632575,0.4587726,1.14324,0.052926496,0.69600755,0.09925433,0.37333158,0.19733657,0.7803732,0.6363629,3.8888626,0.2813929,0.7284793,0.33517957,0.14712928,0.45980155,0.16173322,0.3795109,0.49372274,0.098067924,0.7810692,0.39896715,0.52326757,0.55395913,0.31344503,0.19729416,0.010161526,0.0023477243,1.4023992,0.14224155,1.2094077,0.319055,0.3142086,0.1294773,1.3360895,0.1625997,0.22649111,0.5897708,0.24730094,0.1692188,0.30951414,0.44434714,1.4175404,1.6052644,0.39227885,0.2457934,0.18715847,2.921519,0.106618136,0.021390773,0.8151355,0.49828658,0.17659977,0.5231262,0.53146136,0.5346661,0.38220942,0.02049803,0.9402075,1.6375495,0.53883886,0.27161366,0.884795,0.06912753,2.6783197,1.4571391,1.029645,1.0467036,0.42216194,1.2988143,0.118289955,0.7141175,0.09581932,1.1817663,0.31199414,0.5187969,0.28300074,0.05072767,0.6207637,0.30073282,0.26535475,0.703919,0.45632818,0.09158027,0.44828415,0.3541902,1.0265906,0.5619734,1.2644192,1.8405241,0.26515773,1.0023739,1.0635848,0.22263457,0.22997783,0.48447973,1.2361193,0.19106472,0.042295802,0.20323843,2.5104547,0.8202347,1.0812122,0.31435314,1.497202,0.9596515,1.3543833,0.85963845,0.1408318,0.44962814,0.80960906,0.11356927,0.7451089,0.10334346,1.1301236,1.8699198,0.59211016,0.0240603,0.13089947,0.45680866,0.43111122,1.2124435,0.12346161,0.019718735,1.291824,0.15955162,0.39284605,1.2221494,0.30644435,0.9028897,3.0739827,0.9382124,0.8436445,0.31768104,0.62473255,1.201236,0.22462319,0.4353774,0.30235827,0.8266036,0.88112444,0.30675912,2.0057342,0.77729267,1.0608829,0.59096265,0.56758964,1.4024742,0.719012,0.2990536,0.8734131,0.43020403,0.47961098,1.334727,3.0190735,1.1082603,0.03592404,0.09157675,0.55212176,0.9644971,0.9970137,2.0958092,1.2639472,0.16652574,0.7161985,1.1886075,0.4339521,0.08770078,0.52856046,0.18836987,0.0,0.5186299,0.5096347,0.022904778,2.0035627,1.0854357,0.72131765,0.14777374,0.30659845,0.91448396,0.48965397,0.036173865,0.89368623,0.50435036,0.40521294,0.34222507,0.05072832,0.07124925,0.32443345,0.36500573,0.51527417,0.5480135,0.7037743,0.39062876,0.68667156,4.709922,0.24949346,0.26589802,0.0058887163,0.9697643,0.1566253,1.4570757,0.5271484,0.37518436,0.7452895,2.4440434,0.7759806,0.81407046,0.25376213,0.6255186,0.19272515,0.15767281,0.45117074,0.45719153,0.954289,0.40157694,0.12992626,0.15607862,0.28681117,1.1403246,0.13134822,0.29728794,0.595842,0.0007399427,1.0683326,0.34652245,0.5197709,0.6904211,0.84678525,0.3610385,0.1111737,1.679162,0.569106,0.58387995,1.4747663,0.20502491,0.21538667,0.4319668,0.25010177,1.8876054,0.04450456,0.4754784,0.8828105,0.34548894,1.2736937,2.3116508,1.0545261,0.3574271,0.015547267,0.17933643,3.173567,0.95071524,0.043721788,0.05018458,0.19761108,0.9661316,0.36230677,1.3587415,2.7195895,2.5426924,1.3361996,0.18507926,0.43241495,0.614395,2.4445362,0.57509434,1.3028657,0.3462657,1.1060677,1.3710297,0.6577321,1.3154287,0.13053754,0.122804075,0.85964,0.15983953,1.2659113,0.0007966569,0.3232795,0.034653142,0.53750545,0.0,0.83870393,0.11716297,0.76313484,0.20756152,0.931048,0.22239971,2.245878,0.36742467,0.46980745,1.3729467,0.46545848,0.08210722,0.60750586,0.30541486,0.39197108,0.6831635,0.396409,0.18487686,0.79033226,0.5091315,0.40730214,0.67839175,1.4213868,0.61037093,1.0866684,0.9948294,0.7689078,0.84677154,0.52562726,0.007034229,0.29585105,0.14804302,0.9606332,0.24836381,0.06768666,0.5210715,0.630663,0.37892812,0.80937207,1.9123993,0.4443234,0.16509713,0.10248195,0.48936647,0.5082522,0.059614316,0.1896758,0.71892077,1.6538192,0.74052256,2.5427969,0.15935276,0.3854373,1.1219286,0.98007405,1.7543325,0.27338517,0.7421362,0.02437338,0.21904312,1.1388863,0.52007467,0.61865133,1.2582715,0.04888403,1.1398917,0.30865592,0.13562006,2.0505002,0.05930512,2.1718023,0.7915415,0.5306466,0.45482418,0.20027593,0.39559639,0.44285607,0.36981195,0.3958538,0.4773086,1.3871149,1.4090526,0.036962125,0.07413438,1.1017537,0.97758484,0.37932357,1.4349238,2.4770608,0.14428475,1.8038828,1.1669588,0.9973303,0.9490988,0.25181073,1.326084,0.18219468,0.58900744,1.913293,0.88643175,0.8817287,0.87927985,0.029076997,0.4225502,0.569296,1.1354901,0.15363535,0.44785327,0.4779068,0.026935842,0.99568236,0.7073408,0.92115796,1.9579027,1.0517818,0.59597677,0.4355571,0.11357057,0.24339622,0.75394195,0.87509465,0.075407326,0.74452895,1.0228127,2.762135,1.1776735,1.4185064,0.40281993,0.38256449,0.48266017,0.0015577342,0.09083192,0.9666253,0.19445331,0.19868742,0.25788686,0.0717303,0.749323,1.1303848,0.25089684,1.1986736,0.30050927,0.18721569,0.15720852,0.5519193,1.5241807,1.8254482,0.5921861,0.61306643,0.15589172,0.07146436,0.12271325,1.3453223,0.41509068,0.47874418,1.0992073,0.28371903,0.52987725,0.07596401,0.19243684,0.14657065,0.32335684,0.3447753,0.26275358,0.46442643,2.9082484,0.31458446,0.37884992,0.47741503,0.9805248,0.23391092,0.32881773,0.40612924,1.4725201,0.17408383,0.7191386,all_pothole_images\pothole_images_new_image_918.jpg
0.53005725,1.3723618,0.2661794,1.303702,2.2178206,0.7967629,0.6111374,0.017428966,0.1939436,0.47515008,0.35836154,1.7759202,0.27158433,0.23068374,0.19352609,0.138124,0.37928987,0.0,1.6886771,0.28419665,0.70521593,3.5868516,1.0085242,2.51705,0.1854321,1.3039201,0.023492476,1.8993075,0.05238394,0.87610483,1.1014695,0.37987262,0.87725765,0.08738547,1.3103888,1.47532,0.45113155,1.2966062,0.13872524,1.2797085,0.09928522,0.05553696,0.08335717,1.8566078,0.38091683,0.14384179,0.11715022,0.02486589,0.09874125,0.6904336,1.2277597,1.1520705,1.0595756,0.7125931,0.036342792,0.60871696,1.700138,0.19563948,0.4204481,0.06591941,0.16693968,0.0036899461,0.52283996,0.49615252,1.3036393,1.5511248,0.90157115,0.109289,0.8116992,0.9946887,0.41021478,1.4882063,0.011791352,0.4537855,0.076143295,1.6873094,0.1736893,0.5473447,0.2348392,0.9373685,0.025768824,0.5724854,0.0,2.2202182,1.0058911,0.5729691,0.68934083,0.53314865,2.7276661,0.19685912,0.99656194,0.25965515,0.013802878,0.11036982,0.2492328,0.2005484,0.61302435,0.2113482,0.011346897,0.18129341,0.07389901,0.44304442,0.29323328,0.0019315365,0.00011993245,0.25983405,0.09639652,0.57425886,0.42241466,0.4639773,0.009365443,2.5119348,0.96252364,0.15691207,0.86328274,1.1420889,3.0341055,0.3907761,1.1436058,1.0839955,2.2585766,1.8023694,0.6805172,0.53450286,0.4220693,1.0095009,0.28074923,0.18592711,1.0256058,0.1456549,1.578717,0.18949114,0.8690024,0.012182225,0.04330969,0.59646827,0.5964536,0.49022198,1.1029743,0.29692477,0.66033685,0.26153988,0.10362401,2.709674,0.31814882,0.7817207,0.13126843,0.19777687,2.0196946,0.619607,0.3406756,0.363642,0.060968734,0.009230683,1.9073296,1.4062232,1.765621,0.074482836,0.28858265,0.61431104,1.3980917,0.0041370825,0.005687076,4.6616654,0.29830334,0.21416676,0.08004457,0.61787665,2.4449983,0.15793818,0.19534975,0.21379758,0.0,0.9511158,0.99618685,0.044220254,0.24791472,0.11388097,0.55006534,0.92767614,0.0,1.522497,2.0884562,1.4978701,1.8565297,0.139419,0.43400604,2.001893,0.31129,1.4274147,0.6798215,0.34540433,0.06514715,1.6901746,0.12718812,0.0013074202,0.07200902,0.18437403,0.14978643,0.97772735,0.2993343,0.9261602,1.0637863,1.1718196,1.5497493,0.47405323,0.71332675,0.15598717,0.67445856,0.0,0.008973889,0.021400375,1.3911259,1.4422127,0.6295288,0.60983807,0.61139077,0.0309619,1.1328522,0.1697157,0.5095726,0.68171346,0.80130535,1.0433518,0.3078114,1.0343411,1.4276917,0.032558966,0.60094506,0.31990218,0.046108842,0.8115673,0.5013359,0.23435533,1.7170967,0.14928384,1.130035,0.14669284,0.074875444,0.45520008,0.20432542,0.5788204,0.22663736,0.020043647,0.20598046,0.105712876,1.1294591,0.021171212,1.0118748,2.8506887,1.4599687,0.0719189,0.9667347,1.1162305,0.97789747,0.7163494,2.0314913,0.5825117,0.08963787,1.4003775,0.61913127,0.2985823,0.13175306,0.34648252,0.82652,0.9041256,0.028546635,0.20960136,1.5167663,0.8088468,0.033544965,0.08479243,0.025976991,0.7424536,1.3268175,0.76931995,0.11639478,0.6508017,0.15743078,0.22614266,0.79926366,0.18883947,0.23220542,0.07616839,1.2222829,0.8034308,1.1907595,0.79252523,1.4892446,0.06316665,0.6370293,0.1119814,0.15012111,1.7481025,0.44497037,0.100437805,1.2433374,2.318954,0.96322304,0.28616524,0.2666157,1.3857005,0.10846284,0.5683442,6.991126,0.02460565,0.88590866,0.23951931,0.020942684,0.17058349,0.60160124,1.4437194,2.5369396,1.3765912,0.77433383,0.9348364,0.04044896,0.75509846,1.1957141,0.1061376,0.37488672,0.43287155,0.0,0.9887452,0.5290466,1.2977508,1.4760511,0.009289024,1.2163416,0.17097947,4.0524015,1.0902246,0.7829708,0.04706795,0.4469916,0.69274706,0.65741014,0.44331336,0.023350948,0.09862996,0.37533715,1.7727437,0.701708,0.44492713,0.08735512,0.5268421,0.0,0.40659648,0.60289115,0.8215266,0.045873087,0.8436117,0.18088375,0.18706265,0.25475448,0.061542567,0.41709277,1.0615841,1.6914917,0.9201562,0.012122216,0.028675001,1.8183731,0.6331513,0.3344872,0.06683444,1.9247931,1.2009091,0.012360761,0.12917188,1.0965186,1.4160873,0.43774396,0.026480159,2.1857164,0.6798282,0.32379913,0.17675668,0.738027,0.29897985,0.83559775,0.08165688,0.6687792,1.0452486,3.686598,1.7203344,2.753928,0.0,0.39098105,1.1917565,1.2016649,0.4689294,0.07171999,0.45838177,0.7091231,0.16019271,1.8052818,0.45370793,0.62056667,0.22507232,6.1995797,0.46837482,0.031447764,0.81167245,0.2222902,0.0,0.17280148,0.4892863,0.12072595,0.51669604,0.1170869,0.2735174,0.64120966,0.8117702,0.04251302,0.12115085,0.5180465,1.0278543,0.031051973,0.25132978,2.3979893,1.0239794,2.7679093,1.2839168,1.7867681,2.3426619,0.61974996,2.0041096,0.22796822,0.78189635,0.40139663,1.0688585,0.41152868,1.444834,0.62773997,3.6020863,0.30461875,0.3281403,0.44249204,1.6577445,1.3635422,0.09688305,0.4622305,1.3591502,0.7696969,0.45371366,2.5035915,0.07306742,0.13282765,1.2322241,0.6624749,0.41151458,0.41826433,0.7701894,1.3531616,1.6755692,0.7093053,0.09403035,0.33596325,0.73814297,1.4319203,0.2387665,1.5557716,0.030952035,0.7449984,0.3153539,0.06650032,0.025454354,0.17397922,2.3487787,0.606791,1.6852033,1.122527,0.49375752,1.0984547,0.03276071,0.88495696,1.8773445,2.402009,0.005491887,0.2907279,4.875064,0.36242157,0.58160996,0.015945846,1.5670385,0.6443537,0.6917989,1.3091493,0.0034941246,0.39734232,0.38416165,0.73241764,0.008531384,0.020430716,0.0,0.099919364,0.42316818,0.00944759,0.79251146,0.6984276,5.1832123,0.6604619,0.26357803,0.08420125,0.86157537,0.0,0.87284154,0.45295963,0.62629735,0.13417754,0.1647213,all_pothole_images\pothole_images_new_image_919.jpg
0.78787965,0.45172608,0.8198831,0.69637895,0.62358373,0.07415291,0.9173669,0.26369578,1.8905615,0.636511,0.0,0.25807247,0.22172491,0.70182645,0.47807428,0.099623345,0.3898302,0.33110633,0.34663856,0.35633966,0.80429465,0.6205397,0.5214885,0.61371315,2.7077656,0.017267087,0.7924957,1.2122502,0.0024217342,0.81175774,1.707424,0.03446787,0.011973746,1.1160169,0.14239025,0.0506421,0.27803063,0.5770351,1.048696,0.5135337,0.58931136,1.2609794,0.04031107,0.03149716,1.1182855,0.867403,0.5361405,0.6087372,0.39540395,0.39945537,1.470804,0.4986893,0.60068667,1.7525656,0.6728352,0.19848585,0.03835163,0.26124403,0.63535357,1.0545655,0.3430963,0.7246282,0.30393574,0.33746374,1.6126332,1.1595596,0.9044828,0.62819684,0.3031038,0.15948613,0.6065165,0.39534262,1.1209035,0.1985573,0.4660028,0.6242333,0.96720946,1.1641076,0.001106248,0.002099886,0.030229852,1.0846666,0.24675833,0.43625274,0.054809906,0.83032465,0.07029582,1.0290171,0.7903853,0.3739508,0.016058309,2.4507124,0.8281141,1.0520488,3.3187134,0.0,2.025509,0.049758326,0.15708688,0.12620372,0.28436983,0.9498409,0.07280225,0.6993634,1.3390387,0.0,0.7375208,0.42430347,0.118595354,0.75705487,0.5434326,0.24649289,0.75642145,0.8821162,0.17534834,1.0619868,0.21582521,0.025926085,0.36179885,0.18905948,2.7800071,0.46330968,0.0,2.772453,0.5395974,0.3497696,0.27427965,0.41170502,0.6370469,0.10144031,0.11635427,0.43147206,0.0,0.07376084,1.0507272,1.5457532,0.20403856,0.0,0.4452661,0.08778769,0.84169054,0.85803455,0.3601601,0.42582715,0.81816494,0.111507975,0.10087103,1.1422858,0.0018835606,0.03418285,0.6410197,0.016477654,0.12964867,0.06802347,0.06418729,0.8201687,0.24823935,0.7598091,0.6632882,0.77444005,0.30903953,0.8897368,0.12446695,8.309657e-05,0.6253441,0.10848171,1.8425237,0.0,0.339781,1.0551981,0.57098085,0.02493194,0.0,0.002769366,0.7433747,0.005559219,0.56767476,0.07716583,0.43639335,0.17960033,0.24274,0.7973091,0.0,2.3160598,1.7122159,1.2881516,0.5536034,0.0,0.40173453,1.8617605,0.21462803,0.55733013,0.09910439,0.02033607,0.776715,0.3590214,2.1023107,2.445847,1.0049868,0.39301142,0.86365384,0.016277242,0.02133891,1.0028491,0.5215398,0.6752249,0.7907324,0.49838284,4.2203918,2.9327478,0.09120651,0.53201014,0.002208507,0.21616094,0.46981704,0.30420995,1.0010283,0.19109328,1.2483448,0.624391,0.2176446,1.0336133,0.64122987,0.27526426,0.085180044,0.1382678,0.12969548,0.01895715,1.8782936,0.06792056,0.973343,0.02842747,0.28609586,0.905297,1.7821972,0.06503834,0.118019104,0.24851617,1.2015711,0.6282024,0.047639627,0.02327316,0.22391644,0.81912136,0.20196587,0.0,1.2882512,1.8708365,0.016654793,3.457041,0.8330733,1.6085929,0.060430374,0.0,0.50429875,0.0,0.043584004,0.68184644,0.2137946,4.448479,0.6672799,0.91970825,1.7886243,0.26668397,0.19173844,0.4994075,0.1737231,0.075535364,0.88467085,0.21601166,0.25113517,0.42598653,0.5817343,2.4074175,0.36004308,1.9266042,0.996975,0.12887426,0.08672509,0.28103796,0.10352329,0.7019081,0.3738627,0.804552,0.19947289,0.41822994,0.07433104,0.24657361,0.66529626,0.2800211,0.08714193,0.2796118,1.0036297,0.45555067,0.91069424,0.45678955,0.23793995,0.26389185,0.29684123,3.1649375,0.051872402,0.5865196,0.0141549315,0.06477943,0.9412926,0.012757314,0.8154442,0.31060332,0.46674234,0.2100041,0.009852882,0.12285068,2.24157,3.478727,0.043398187,0.13532034,0.08751454,0.99813825,1.1545376,2.5695677,1.0334815,0.052034732,0.78660434,1.067919,1.713048,1.933692,0.88811296,0.010380472,0.5106266,0.18700708,1.3569124,0.26069692,1.1214828,0.39682242,0.31882286,0.6166304,1.6152035,0.0113533735,0.10340471,0.42928356,0.24401693,0.21637984,3.9921887,1.6779507,1.0041243,0.24626462,1.3492241,0.2428135,0.9135611,1.3672737,0.21836008,0.2098962,0.023328679,0.95624477,0.56113625,1.1908437,0.023154434,0.60388774,0.23687696,1.101835,0.49178103,0.4261906,0.38631758,0.40851864,0.053460527,0.5992901,0.13751356,0.42993528,1.0379888,0.97964287,0.1799961,0.28597504,0.058034323,0.52469105,0.6526963,0.78535974,0.44571692,0.7227143,0.36908954,0.9254166,1.121573,0.22403072,1.4472445,0.3135416,1.2297839,0.34029785,0.5429211,0.256601,0.76443356,1.9232725,0.5111394,1.0516679,0.19253485,1.378498,0.0040747346,0.4634045,0.6862099,1.9447286,0.864901,0.1465501,0.37246957,0.99786514,0.69589823,0.13147342,1.1129355,0.16175155,0.86209196,0.22370416,0.19301239,0.058542173,0.020836823,1.1534972,0.56477004,1.8962644,0.78958166,1.250079,4.077908,0.076761976,0.81933624,0.981334,0.13132899,1.0585746,0.023668425,0.4197808,1.886108,0.1157333,0.44129103,0.10746782,0.261921,1.0130092,0.15461875,0.28741837,0.18570623,0.19398631,0.14068158,0.50796354,1.2913678,0.086097926,0.25218534,0.69579405,0.9176013,0.45485064,1.2839866,0.45242658,0.30494425,0.21916923,0.050188374,0.06141399,0.5161696,0.73303485,0.75912863,0.30404052,0.36473402,0.32835808,0.31032318,1.2257128,0.25954944,0.040744238,0.25450432,1.8052859,2.0202463,0.43360347,1.2612762,0.09971951,1.5942537,0.24897085,0.29046783,0.1509435,0.27297968,0.15752356,0.050790347,0.3068388,0.016272092,0.2663316,1.9221791,1.8017157,0.05418361,0.0,0.34855562,0.026019933,1.0175511,0.06399437,1.663693,1.0258402,1.0980556,0.20766845,0.012678641,0.050263166,0.47631276,0.306508,1.1854737,3.097858,0.17701603,0.00879541,0.0090361005,0.042632986,0.9246237,0.2952123,0.118924886,0.017033674,0.09748838,1.4102705,0.831133,0.040421207,0.06819337,1.7197279,0.17930003,0.18999241,0.76183176,1.2168195,0.1652085,0.095769644,all_pothole_images\pothole_images_new_image_92.jpg
1.6609187,0.22907196,0.45080823,2.8710678,0.975262,0.19295143,2.0849652,1.745227,2.1277556,0.077685274,1.2391865,1.7177303,0.68515384,0.28701183,0.0612661,1.6346474,0.0,0.08057696,0.74856937,0.04644768,0.5128082,0.08573364,0.8447367,0.12591867,1.1466217,0.7511887,0.97602147,1.657339,0.24956012,0.13054034,0.19584353,1.634281,0.25654536,0.33970183,0.45878986,0.020015726,0.7592762,0.0,1.3254092,0.31778342,0.5196343,0.15674423,0.4349763,0.32048047,0.26156762,1.4456172,0.74637556,0.8385354,0.06494489,0.51366043,0.1261205,0.32744294,0.55112153,0.69700503,0.2753188,0.16740432,1.9704318,1.2101073,0.013866274,0.13621284,0.043327793,0.29409963,0.23258255,0.153667,2.7908883,0.28124383,0.3085825,1.3835446,0.108523674,0.0014193703,0.5385649,0.0,0.33292234,1.3932045,0.49836177,0.5926437,0.9574545,1.2103959,0.184519,1.5058621,0.34175295,0.69631803,0.7622531,0.2538983,0.6861723,1.568274,0.78748256,0.21694414,1.0131316,0.87026215,1.690299,2.346235,0.23826113,1.3112777,0.49940413,0.24839486,0.5940583,0.03514667,0.7509401,0.24677254,0.1813966,0.39672405,0.054712106,0.086302914,1.0748311,0.5171351,1.7551811,1.4505581,0.7048828,0.51681083,0.36906385,0.92812395,0.9751414,0.56136066,0.05332968,0.91128194,0.6344727,0.7841115,0.013057089,0.6312132,1.3126497,0.4163466,0.0029808423,0.32851347,1.0789975,0.11251542,0.670062,0.67743284,1.0582144,0.7629954,0.14100906,0.59079283,0.12812568,0.64718646,0.37382424,0.18246864,0.31670865,0.43390256,0.06288382,1.5613126,0.89691365,0.130546,0.07391853,0.0013158112,0.2621086,0.47113535,0.20134825,2.2282634,0.13076296,0.009555746,1.3107163,0.514585,0.78652036,0.21846056,0.5196091,0.5838165,0.77174765,1.0177238,0.44949606,0.24489607,0.9013382,0.0,0.74790907,0.021821864,1.170338,0.3454253,0.58807844,0.005307092,0.5189018,0.7441384,0.49431065,0.4046462,0.37937546,0.10412856,1.0787896,0.6252091,0.14954372,0.22289072,0.050064884,0.0,0.2430444,0.19928572,0.029905006,1.3297282,2.1134062,0.8620784,1.2356707,0.098180786,0.38572147,0.1889065,0.53801113,0.035920374,0.21305452,1.0789392,0.7981214,0.61742145,0.6703077,3.1867068,1.5814387,0.108752266,1.1006342,0.90237004,0.0,1.5767289,0.028533908,1.2024698,1.875396,1.3709759,2.1213896,0.35184377,0.8856584,0.7373785,0.255042,1.6007178,0.05974616,1.1043044,1.0548066,0.116210625,0.39171344,1.0735313,0.27302745,0.00021811706,0.99382746,0.890704,0.4119858,0.21280874,0.29140338,0.564756,1.9628891,0.80810297,0.37836915,2.284369,0.91697466,0.4373411,0.15676072,3.913129,3.5317886,1.8531531,0.010804676,0.9190923,1.3853502,0.26283583,0.48931766,0.35774246,0.7526488,0.30608645,1.0543749,0.74314404,0.59312564,0.7661298,0.5296296,0.035395667,0.47685233,0.21825804,0.6154043,0.012585231,1.4055109,0.0006007053,0.12013407,0.08116976,1.7404032,0.20857587,0.72321486,1.6204499,0.17131388,3.54454,0.67882186,0.53330344,0.10670116,0.17680608,0.8285979,0.23082334,0.8869101,0.887154,0.09028867,1.3045148,2.371509,0.5688489,0.3332867,0.3242822,0.0069097043,0.45477676,0.120298736,0.7371253,0.1950208,1.0052845,0.0,0.24222206,0.18751533,1.8073416,0.15386364,0.27540588,0.31076843,0.30082244,0.06644676,0.84107673,0.5257429,0.32941225,0.09047386,0.39761847,2.148593,0.9004342,0.3184898,0.2926279,0.5704575,0.54321533,0.08965473,0.7100792,0.11245982,0.21997549,0.09471839,0.017781934,0.019321779,0.0070169833,0.26522803,0.46919823,0.2752983,0.07652705,0.06807518,1.717747,0.8348971,0.9162048,0.17174008,0.27976534,0.015136526,0.0,0.22451802,0.058278006,0.39148566,0.8363314,0.9594603,0.055112857,0.13118441,1.1122977,0.09412263,0.21034393,2.4934464,0.1730283,0.26452377,1.3847704,0.1499757,0.2226604,0.9775317,2.2813773,0.17336886,0.18103473,1.3587036,0.79468507,0.4925906,1.1214818,0.6943559,0.31045783,0.36845666,0.031417567,0.3626496,1.2225282,0.7837714,0.023079388,0.53964335,0.70254767,2.172228,0.12722358,0.8386325,0.797535,1.1467215,0.9030119,0.5259391,0.75452024,1.28049,0.24195437,1.8065767,0.17633407,0.2654885,0.080811426,0.3462342,0.01596392,0.55773634,0.34373403,0.37658465,1.2589206,0.4315673,0.058102824,1.3384604,0.30755386,0.33039817,1.3434693,0.20873185,0.039214935,0.28896478,0.0,2.2575545,0.7855302,1.5172487,0.023284158,0.0,0.30448994,1.3584611,0.9423552,0.9408984,0.12012717,0.0,3.227823,0.05928946,2.0267131,1.4642779,1.2327735,0.4753361,0.1329483,0.70730215,0.118701056,0.7592088,0.141156,0.42680353,1.9979107,0.4379339,0.061408196,3.4856236,0.36429495,1.1616453,0.2109032,0.11748674,0.11444176,0.7619227,0.76915866,0.11412031,0.03654359,4.6645594,0.3460851,1.1032764,1.0335333,0.75053775,0.6360163,0.2449877,0.36319977,0.20035093,2.3905244,0.13777721,0.0076506594,0.06339189,0.41857126,0.1586323,0.3280902,0.011937173,0.17424789,1.0984738,0.017424293,0.3897529,0.052738402,2.5417511,1.6540055,0.15499814,0.13104813,0.3507557,0.31091642,2.468721,2.542139,0.55666333,2.2738438,0.24242121,1.5732981,1.7473739,1.5675138,0.55700153,0.4915888,0.43792686,0.5952528,1.2657129,1.1558812,1.4260014,0.0753606,0.026719159,0.0040175295,0.29059836,0.7924965,1.3677281,1.2835813,0.66050136,0.619211,0.13447767,0.26058003,1.3841478,2.0914688,0.6251866,0.38809258,0.75902516,0.81444496,1.6823518,2.1240675,1.9850471,0.47181404,0.2118682,0.47996497,0.1911922,0.03971367,0.27239454,0.5376878,0.0,0.23598772,0.06637663,1.0483569,0.53797734,1.1903377,1.4347456,0.5552334,0.1608005,2.7924407,0.013598907,0.5754396,1.1286399,0.40335363,1.6472836,1.3129816,all_pothole_images\pothole_images_new_image_920.jpg
0.23122631,0.87875706,0.6836784,0.835123,0.12390977,0.31821144,0.44776186,1.3858491,0.95520514,0.60216117,0.3061948,0.34955382,0.08875526,1.8003542,1.2970849,0.80674034,0.63126457,1.9459783,0.6352798,0.008692459,0.10095495,1.4367647,0.16386051,0.021993909,0.60165316,0.31502372,1.1712338,0.6208974,0.20764123,0.5730737,0.89780796,0.90344125,0.94705915,0.7586411,0.49758166,1.1806515,0.07398321,0.4695651,1.0094091,1.3400342,0.4058382,0.03508769,1.3804934,1.9639649,0.9684803,0.81727284,0.10042109,0.062584415,1.7203304,0.38105798,0.1716694,0.26302156,0.34188187,0.6893028,0.0006745137,2.1979985,0.8971791,0.32777822,1.8445941,0.16807278,0.54148036,1.5016227,0.2698534,0.10889789,0.69994265,2.339248,0.204587,0.53257316,1.760695,0.20180804,0.29086447,0.051859062,1.9656316,0.39174053,0.55753136,0.1733256,0.46070784,0.12564209,0.5029478,1.5152196,0.51705456,0.080809474,0.60057914,0.58268005,0.2500731,0.5688851,0.10812734,2.1483376,1.2930117,0.5363128,0.85892946,0.46292883,0.33380604,0.6444623,0.100913495,0.13718484,0.38093364,0.16155976,0.8508137,0.9421565,1.1263043,2.017244,1.1118827,0.26014975,1.5339411,0.7212235,0.59556717,0.66056603,1.5313126,0.68522173,0.0,0.499562,0.5042278,0.008872882,1.0965946,0.12822174,0.95121133,3.8093827,3.0075479,0.29038852,0.9756257,0.20109583,0.9410886,0.182595,0.19052324,0.006949832,1.09703,0.6784325,0.072278224,0.12118571,0.110130444,0.21991521,0.31523755,0.14807715,0.49540436,0.002301208,0.49263725,1.6861161,0.30339628,0.049787987,0.4176841,0.58679694,1.5731491,0.0022723852,0.860644,2.4747517,0.0753252,0.03750407,0.6506523,0.45773348,0.80183333,0.87019676,0.35869944,0.60323554,0.60521203,0.88302994,1.7826607,1.3674079,1.4768249,1.0824699,0.08885842,0.55272204,0.18518658,7.2583203,1.1228887,0.32268885,0.17337087,0.86070865,3.4975739,0.42660078,1.2171953,1.2284994,0.38628337,0.034399197,1.9576176,0.22128198,0.27731797,0.24877812,0.91573644,0.26441368,0.6254103,3.960065,1.2593192,0.9414612,0.07981726,0.07367148,0.34375623,0.9081753,0.34299955,0.22699955,1.6020749,0.25345418,0.17121704,1.5478657,1.3048706,0.00338506,0.89499134,0.31942388,0.7006056,0.475388,0.43691477,0.35950306,1.8381177,0.56622493,1.1030557,0.5051458,0.17990693,2.3160393,0.6144328,0.6005946,0.001617477,0.44088084,0.7486914,0.3484358,0.47350192,0.51270604,0.4593266,0.33898008,0.22392797,1.0531743,0.7200692,2.283891,1.1052434,0.14974573,1.0343939,1.3588548,2.1083531,0.7885303,0.2722691,0.6097797,0.096593395,1.8600556,0.09040613,0.00088458,0.1456878,0.4789456,2.9770975,0.4415458,0.94680816,0.6433956,1.05308,0.5809017,0.14530897,0.78384554,1.5873595,0.07015943,0.46452728,0.15561806,0.56140924,0.2680278,1.1814392,0.48959866,1.4622949,0.092184655,0.41184196,1.4850906,0.8731787,1.4817557,0.20808437,1.4968913,0.71082395,0.22039938,0.8104895,2.797707,1.3370231,0.6938508,2.2277622,1.2880794,0.33418417,0.3585072,0.027399834,0.27848205,0.22296585,0.86326915,0.74836195,1.5465175,0.54317135,0.21108706,1.2479935,0.2660736,1.0249629,0.11029766,0.24600558,0.79602915,0.0047550146,0.41723228,0.44113222,0.051630434,0.8867064,0.84001344,0.45007253,0.10799398,1.5976957,0.09419835,0.87421584,0.28829524,0.50744253,1.5832626,0.21930346,0.20153111,2.3492796,0.49693686,0.848995,1.5605328,2.3851087,0.2924351,0.42478445,0.9906807,0.19182092,0.88534915,1.7026762,2.0402215,0.21642561,0.780861,0.33044016,0.57589364,0.19978832,1.1961967,2.232461,0.014325189,2.0608087,0.62280667,0.8868302,0.10513816,1.0586156,0.8967252,0.1648041,0.06684292,0.26457092,0.5708115,0.14380118,0.6111523,0.6313905,0.36539942,0.8514915,0.43469596,0.89044243,0.037583597,0.85630625,0.4812884,0.22085021,0.5579207,0.03248247,1.004531,0.53688663,0.82484424,0.6192259,0.7050629,1.2925918,0.44688168,1.897629,0.18401663,1.7200904,0.5906449,0.18969066,0.87509924,0.7785032,0.80998105,0.98774695,0.12527747,0.13746397,1.6277269,0.090785734,0.10516489,0.44213465,0.06409203,2.7451777,0.10578751,0.42705503,0.36679158,2.3845189,1.016491,0.14094697,0.1750629,0.3070637,0.020058239,0.080977455,0.069837116,0.8271589,0.9857827,1.8502052,0.30013534,0.26862034,1.0867443,0.5863543,0.7159496,0.7984988,0.3313057,1.2215208,0.6818836,1.4908128,0.1037357,0.08183663,0.13419679,1.2747226,0.5563145,1.7526435,1.1246641,0.49463114,0.12907045,3.2822685,0.11581816,0.44142127,0.25275388,0.577543,0.0,0.0024517968,2.1710703,0.04762325,0.07746127,2.8282392,0.9202485,0.68978125,0.591541,0.11481196,0.34086752,0.8904562,0.5957423,0.44757232,0.03148829,1.3571147,0.7883576,0.8115584,0.4856614,2.63608,0.13486594,0.70147485,0.44749138,1.3058151,0.95107204,0.35443822,1.9989327,0.8756692,1.0080044,0.15985908,2.6770155,0.7085197,0.4405285,0.16474716,0.92954797,0.81865805,2.038507,1.3967081,0.39698803,0.53640157,0.03854352,0.19491464,0.3215927,0.1643471,0.1692216,0.6420808,0.49223816,0.40475455,0.62784857,0.92926896,1.561382,0.5396601,1.0516356,2.0364332,0.5604352,0.8751957,0.43008226,0.501963,0.9018335,0.97514886,0.34250757,1.8683546,0.123673856,0.015410907,0.011796445,0.9573238,1.8685315,0.074109234,0.16773376,0.8037301,0.24209881,2.3426373,0.5218952,0.119068876,0.21122551,0.20753011,2.3959777,0.79147184,0.39463603,0.16466747,0.2712174,1.677243,0.14267612,1.1281959,0.25638783,2.337657,0.106388606,0.14942226,1.3321543,0.81505775,0.6370989,0.21595843,0.1987402,0.612114,1.1363086,0.4335288,2.3468475,0.047409855,0.52555096,0.06703831,1.6369133,0.06228339,0.92407024,0.5675167,0.11130878,0.4596577,0.34907004,all_pothole_images\pothole_images_new_image_921.jpg
0.15744804,0.6208947,0.6458978,0.15849857,1.4144907,0.53438425,0.65266055,2.4117198,0.17885211,0.89964324,0.06709739,0.4960872,0.95998186,1.1473836,0.5682326,0.6737294,0.983647,0.07826746,0.22206035,2.9154077,0.28919056,0.560781,0.4509883,1.0912274,0.23287025,0.24437399,0.5454053,0.6957107,0.51430184,3.2267663,2.321051,0.6396492,0.52521116,1.2926203,1.4671216,0.5881005,1.7130485,0.23907033,0.33912423,0.8415368,1.2845275,0.43625134,0.3274371,0.8950109,0.47264805,0.43671662,0.43412703,0.15852575,0.8236646,0.05712624,2.564157,0.38336653,1.3643489,0.9707983,0.19991185,0.17063415,1.1178522,0.27794582,0.50355357,0.7599963,0.19972873,1.6306211,0.50580215,0.6121867,0.3184262,0.2869773,0.15062621,1.3854035,0.01758126,0.12647615,0.24700566,0.827607,1.1287664,0.4642178,0.85535455,1.3334777,0.016275989,1.5990949,0.13608187,0.57709134,0.714838,4.4136105,0.18362324,1.445244,0.36533934,1.76512,0.101500794,0.35287187,2.4939814,0.5488055,0.8992073,0.0,0.41508013,1.1980183,0.023343334,0.03880708,2.1130526,0.43907726,1.5445684,0.34748995,0.61506814,0.19798835,0.214253,0.034415014,0.24002007,0.5339727,0.6132425,0.94800925,1.2025334,2.4944458,0.75813,1.5792217,0.3888018,0.87942874,0.26873833,1.8010025,3.2471125,7.902969,0.33478156,0.2917028,0.4059761,1.8399742,2.0364094,0.16883054,0.9355896,0.23051193,0.22893651,0.47285235,0.85554975,0.14905573,0.9114083,1.4736812,0.86575174,1.2218622,1.6109904,3.470188,0.24508959,0.9475138,1.6631889,0.3125485,0.6045732,2.120453,1.6396693,2.7000837,1.6032635,0.24545966,0.876283,0.7549066,0.3936547,0.88634247,0.2929963,0.31969166,1.945983,0.09986974,0.95534396,0.48819405,0.4949843,0.2847846,0.082261845,0.6057458,0.8142743,0.27033612,0.05087509,8.401256,0.8801794,0.5052974,0.7509852,1.3531927,0.13288052,0.29000413,0.4541942,0.03758171,2.0729823,0.07894467,1.6674318,0.08571447,0.80264026,0.51290387,0.062889874,0.3870168,1.955736,0.94634277,2.866336,2.0707626,2.5421655,0.36647478,0.4892104,0.49977586,0.10067651,0.40731645,1.7690487,2.2167733,1.2311316,1.972673,1.4349849,1.130767,0.021787493,2.6130128,0.029061638,3.1207922,0.24509433,0.9442304,0.93312615,1.3576396,3.643985,1.581899,1.1440549,0.55130285,0.32295188,0.6856535,0.43192524,0.2354571,1.0947653,1.0123374,0.0,0.056479797,1.4388309,0.12095214,0.8751083,0.5025881,0.8668662,1.4374294,0.5813165,0.5438606,2.027882,1.2389307,0.45180514,0.019409925,1.3335301,0.652347,1.7590425,0.46120048,0.7548515,0.145303,0.6104921,0.45914957,0.57640094,1.3927696,0.3280223,0.15356737,0.9234416,0.54588294,0.10566155,1.4332159,0.51366705,0.44187608,2.4252894,0.6734116,0.7436059,0.7448855,0.90666664,1.1287878,0.84235036,1.4028242,0.81101286,0.6512529,0.29255715,0.79467505,0.4770816,0.18953912,2.4303882,1.641686,0.8378207,0.1040345,1.150103,0.1142815,0.7741441,0.63786465,0.5191211,0.75885,0.28244942,0.0,0.7728761,1.3778372,0.24586116,1.2434735,0.9593652,2.8094294,0.13594909,0.28631204,0.45799088,1.2147872,2.099547,0.09886231,0.7136104,1.3059204,0.10810335,1.6156644,0.6834114,0.89523935,0.8451519,0.54769665,1.0593686,0.03529379,1.5215466,1.3694373,4.664964,0.76238096,0.13076483,0.16339289,0.79654944,0.2580742,0.34190404,0.7943813,1.7368252,0.488293,0.42590564,0.30985156,1.8907928,0.14916056,0.6562296,1.5026734,2.9525568,1.3495438,0.4225767,0.62320936,0.47291544,0.25665924,0.48732617,1.1306697,0.62321603,2.1282403,0.72381747,0.064041495,0.35079578,0.47270286,0.42303786,1.2963556,0.91758674,0.89001185,3.4879897,0.5084069,0.116172455,0.22552077,2.5208125,0.4724507,0.0,0.65968454,0.11000911,0.32820374,1.1157211,2.9427795,0.43540385,0.044414237,0.54389936,0.010226417,0.84313184,1.7139063,1.083771,0.45946634,0.25455362,0.6250679,1.020229,0.08725758,0.4085311,0.54132503,0.9047326,0.23987211,0.32006845,0.36023697,0.23661861,0.8296188,0.05781797,1.8129876,1.0433801,0.0010040092,1.2355379,0.80626243,1.5505966,0.3947725,1.0425335,2.2103012,1.667027,2.5952353,0.9885089,1.9584475,1.5311815,1.5327597,0.13965206,2.2336125,2.0171235,0.22872944,0.4065647,1.4142222,0.49428207,0.661073,1.9796017,1.9787875,0.4335405,1.8074565,0.35086173,1.2473358,0.5978417,0.14744754,0.5122228,1.4858742,0.44113484,1.062386,1.1432785,0.09034959,3.3775046,0.29028878,0.22595336,1.1244469,1.1651185,0.09608992,0.5619569,0.8298607,0.07021247,0.37715968,0.12574942,0.02248022,0.7008309,1.4141319,0.64269435,0.66765296,0.13655344,0.8901081,0.42374754,0.36694425,0.16603656,0.9895183,3.9190595,0.2719703,1.5616541,2.3430364,0.78674203,1.1432453,1.6206733,0.81789845,0.71190095,2.2002463,1.0559368,3.4063594,0.5393234,2.5035279,2.246355,2.1670058,0.5608403,2.6038873,0.8769618,0.48935083,0.5894825,0.15172625,0.0,1.5279456,0.8022652,0.27833843,0.21093991,0.22131184,0.12596293,0.6284566,0.5108869,0.7567065,0.04532121,0.8159488,1.107899,0.5937184,0.40560132,0.19413064,0.93979007,0.730391,0.4840803,0.81148213,1.2400366,1.5526959,0.5626378,0.14061077,0.32713953,0.1610853,1.0287129,1.1653137,2.9330769,0.7774317,0.4638677,0.7408537,1.9985858,0.014692068,0.60367376,0.9703317,1.1130401,1.4870704,0.5887014,0.9688708,0.50345606,1.9303039,0.93538725,0.018882655,0.26154262,0.6041141,0.267972,0.19147962,0.19459338,0.08220291,1.6735815,0.0723436,2.223934,0.1792841,0.35702538,0.040856935,1.0477171,0.53950566,0.07926766,0.10664104,0.283271,0.06026834,0.0,0.8672169,0.80841297,0.4278622,1.639701,0.8306002,all_pothole_images\pothole_images_new_image_922.jpg
0.66513175,3.5833206,3.3733482,0.4364804,0.67601556,0.79326475,0.26884964,1.0048906,0.41958484,0.9924835,0.405645,0.26907903,0.37799695,0.15951684,0.33636767,1.7343451,0.4456012,0.42521852,0.37169623,1.8829635,0.26891902,0.7750472,0.97841907,1.2964076,0.11913656,0.38729098,0.5204601,0.47026125,0.56695235,0.23622061,0.8524461,0.53356534,0.05594176,0.16637576,0.41580382,0.023343213,0.30289707,1.1594892,0.6002492,0.3940115,0.17858388,0.19785394,0.15550229,0.4129359,0.83070624,0.7465824,0.27548173,0.090641215,0.301561,0.20504278,0.3716193,0.3385304,0.5135909,1.0274884,1.2891402,0.046517912,1.7112285,0.23522866,2.219635,0.37333855,0.4265821,0.5567103,1.0557472,0.050615765,0.033032414,1.1992614,0.78752023,0.38915625,1.1432638,0.26216257,0.20740405,1.1361614,1.2288358,0.33646774,1.1059943,1.3973018,0.38223624,0.379757,0.67266756,0.59926295,0.5964903,0.03398257,0.21705453,0.22402614,1.7447537,0.9102855,0.17032756,0.41709176,1.8992404,0.34825018,0.1987881,0.44220987,1.4459833,0.5898491,1.1310766,0.17456202,0.8813531,4.6764197,1.1666803,0.92034113,0.1714158,0.30000338,0.03173068,2.0799081,0.26103836,0.6471022,0.38264433,0.0,0.17183381,0.5996317,0.6048346,0.7080996,0.0762615,0.7903344,0.011774739,0.8031788,0.52474284,0.33955243,0.50477856,0.55088454,0.18488903,0.88947296,0.6604541,1.3775492,0.38196096,1.8174111,0.35857505,0.92606944,0.2030324,0.4924953,0.23262139,0.21824874,0.3738109,0.20499782,0.07941113,0.9759538,0.10407413,0.21392035,1.2912241,0.11648439,0.4530606,0.41503423,0.984411,0.32793108,0.38010332,0.19448674,0.3301316,0.066244364,0.15870507,4.211815,0.018974634,0.09662846,0.11951392,0.33024916,0.6544828,0.21590762,0.3874237,0.38510606,0.9840779,0.184603,0.28050935,0.95227623,0.36511466,0.010723461,0.10669681,0.12439738,1.1245759,0.51025987,0.047090307,1.0654665,0.07198681,0.10875031,0.77050066,0.0106896525,0.3975623,0.0020629098,0.49697763,0.41687006,0.9990484,1.0589665,0.39289147,0.004300763,3.6400197,1.3492126,1.5266216,0.45310998,0.43110707,0.18333435,0.60640043,0.82140183,0.3068304,0.5414025,0.35353705,2.056839,0.67527086,0.98271805,0.34480262,1.0256158,0.5928314,1.8253256,0.447458,1.2444228,0.43518373,0.25098807,0.33088177,1.7305986,0.2734049,0.6411801,0.0383199,2.434468,0.58989614,0.9634359,0.6137457,0.38776264,0.019481147,1.1390437,0.06335772,0.5134936,0.64927363,0.14097907,0.55911404,0.9584741,0.61614287,0.12438709,0.38724726,0.233985,2.0462098,0.28371158,0.30110136,1.6534249,1.0113622,0.25087214,0.065470345,0.3831636,0.51034164,0.15620476,0.2717908,1.000827,0.2710323,0.1095284,0.032480847,0.49279466,0.4727505,1.001644,0.0,0.12520672,0.956822,0.88262504,1.6274536,0.27058575,0.58649266,0.23983917,0.34569284,0.4539119,0.025370967,0.99206305,0.5584442,1.6578488,1.8063835,0.20196348,0.48655817,0.6864932,2.0704958,0.61465555,0.16827649,0.41900817,0.42933825,1.5682024,1.2929729,0.18090849,0.053292964,0.8529041,0.038005855,0.6437351,0.34095955,2.8522332,1.1756041,0.10137769,0.3948176,0.50984,0.019039633,0.23715627,0.39589983,0.20837069,2.0840101,0.0,0.13420479,1.6882012,0.34618238,0.0077846036,0.26303732,1.4079852,0.0,0.80979824,0.21311553,0.10412081,0.4563966,0.5380845,2.1579866,1.0468434,0.014096816,0.15638226,0.21587102,0.2181222,2.3913944,1.5098871,0.2877478,1.7470851,1.4229764,0.13379547,1.0083222,0.40083918,6.710321,0.14975148,0.19257152,0.40601495,1.0110916,0.42412695,0.8970169,0.45406497,0.15009367,1.0227929,0.15723069,0.06433288,0.7228115,1.3200015,0.08898771,0.6664867,0.82725865,0.904631,2.996641,0.37254414,0.1518284,0.4282092,0.4318515,0.44778877,2.5338953,0.19039126,0.8055655,0.14713411,1.6839836,0.49101868,1.1770325,0.40526417,2.322334,0.814447,0.3453006,0.034186188,0.122155264,1.2013979,0.12887391,0.5390668,0.14567843,0.036078032,0.14352179,0.1722554,0.6999541,0.18650411,0.0,0.12217802,1.2769096,0.48782763,0.25738847,1.2495688,0.13024141,0.26370284,0.44348377,0.40673497,0.07759498,0.512592,0.98732084,0.5232781,0.40116584,0.90179276,0.3265479,1.0606788,0.8614245,0.60680753,0.984813,0.21535768,0.87971604,0.7400341,0.79243934,1.331942,3.8853528,0.6498586,1.2379028,0.082118645,1.6044995,2.632869,1.4982088,0.4193193,0.874688,0.23128223,1.6492895,0.36795086,0.37860528,0.8516366,0.501196,0.09330991,1.7495768,0.24583812,0.25555167,0.77670956,0.11075972,0.047212616,0.41099754,1.8730807,1.0402685,0.25925395,0.70205677,0.902043,0.40659246,1.2035048,0.027129143,0.32402572,0.12361229,0.30068988,0.31987104,0.042596232,0.34862965,0.506959,0.82977104,0.50531197,0.014231849,0.34976804,0.16262728,1.1239874,0.1269589,0.117726155,0.9223342,0.16531931,0.6654106,0.25898144,0.61240864,1.6856364,0.4605547,0.0034992099,0.06382543,0.075867094,0.78340095,0.5003528,0.7242588,0.25060865,0.20950063,0.5478252,1.7637771,0.77788633,1.2670326,1.4320772,0.66945416,0.62563336,1.2121958,1.1201233,0.638307,0.728198,0.4842125,0.870956,0.0832214,0.1325772,0.090669855,0.09479767,1.1233091,1.3160259,0.2829987,1.3865117,0.023179654,0.2739684,0.7612325,1.5482454,3.516092,1.0983982,0.73506606,0.04301453,0.8499558,0.07428307,0.7132646,0.36710128,0.8424877,0.2482412,2.0962768,1.8861638,0.5154021,0.053296648,0.031426903,0.13038127,1.4114213,0.41930827,0.7419066,0.06050558,0.23917861,2.6849947,0.17464645,0.30083176,0.110576645,1.1799474,0.21413308,0.20506504,0.7300837,0.14581524,0.678498,1.124075,0.20272033,0.9035095,1.1327059,0.046033084,0.3351892,2.7555535,0.15676895,0.61781526,0.28515783,0.17771283,all_pothole_images\pothole_images_new_image_923.jpg
3.1501632,1.170085,1.2827597,1.1142462,1.3125504,0.62525046,0.5514761,0.18167491,0.29451364,1.5145255,0.7399755,0.20506836,0.8738542,0.17063497,0.35025153,0.76890856,0.42408815,0.20495309,0.43253753,0.2760867,2.031387,2.7799041,0.48074812,2.8868015,0.7718127,0.08265896,0.029029973,0.8904236,0.2538833,1.1404848,0.65800565,0.10001838,1.497599,1.5951203,0.55069745,1.221485,1.4113767,2.7833812,0.397346,2.4055157,0.5247033,0.3131626,0.7622729,0.9333928,1.5320954,0.9478227,0.079167075,1.660174,0.7685501,1.2419771,0.2145002,1.7509301,0.9575653,0.23497301,1.4863491,2.1064465,1.419956,0.64188534,0.67283845,0.23283947,0.60780317,0.68524563,0.14612791,0.45793992,0.23645847,0.73150605,0.5887612,0.15966758,2.8741775,0.82038164,0.72618854,0.20603907,2.0961597,1.8999777,1.0500852,3.3258243,0.41970426,0.34262955,0.96229935,0.22667684,1.7637142,0.9704544,0.8599554,1.4842433,0.78934336,0.55049306,0.22927871,0.68089545,4.6151624,1.6881791,0.06959495,0.07393949,0.38528955,0.27162656,0.3705804,1.2144176,0.8211751,3.153474,0.45374784,0.48167527,0.03052524,1.2522787,1.5746679,0.62942344,0.28584167,0.23498842,0.075926445,1.4996709,0.2490624,0.7172692,0.072804146,4.650881,1.9536077,0.5115369,0.5573748,0.45197237,2.6583154,0.18093723,1.4742612,2.0026603,2.9004354,0.50438064,0.020589488,3.7968948,0.31316292,1.5314237,0.17704077,1.4791603,0.27772686,0.51643014,0.89036494,0.019985389,0.12855056,1.233577,1.3597575,2.8431082,0.24253416,1.754807,0.6191559,1.2152824,0.18705349,0.65257627,0.30539045,0.9753122,0.8375767,1.1826491,0.9364561,0.43033102,0.021522254,1.2880167,0.40352926,0.15120141,0.13787468,0.88104606,1.7197901,0.5702935,1.5517201,0.09044372,1.3065492,1.1581389,1.3109732,0.63644624,0.022230955,2.7014148,0.0,0.8922194,0.20324244,0.029497683,1.1388372,0.5658572,0.67772627,0.0,0.20105931,1.2729704,1.3596334,0.36984047,0.3325597,0.0,0.20221542,0.112635456,0.08240617,2.363791,0.8733078,4.039397,0.6408153,1.9597784,0.516557,0.2067884,2.7681825,2.1021652,0.11286646,0.27318597,0.103974625,1.423374,1.3423876,0.73209745,0.74329084,0.13179684,0.47434565,1.4665335,0.28450269,2.161236,0.04695691,0.46177804,2.035679,0.63281894,0.92666954,0.8314346,0.8653669,0.1555114,0.049523916,1.3275446,0.77774715,2.9123182,1.7678108,1.2649117,0.36210012,0.41589877,2.0793157,0.020893011,0.3557396,0.4927059,0.39199898,1.7996986,0.5361848,1.5472895,0.8441532,1.0631698,1.6761627,0.40423802,0.15459089,1.106118,1.1255746,0.7197172,0.5512341,0.693838,0.8288984,0.10380663,0.013611438,0.07296878,0.44261628,0.014245733,0.13405316,0.042021416,0.04098021,0.14516218,0.64363307,0.4416125,0.66343516,0.69024664,0.36913976,0.555849,0.7645499,3.8024256,0.10069926,0.035217334,1.4296077,0.31697273,1.2366034,1.7244337,0.06364604,0.27042228,0.8148392,0.14310923,0.71338254,0.56047523,0.67695946,0.87470865,0.8292951,0.45688137,0.91669726,0.46805775,0.46333963,0.2972459,0.5096349,1.8238584,1.244776,0.047290705,0.07850936,0.4913615,0.18287948,0.09879912,1.0665638,0.09173573,1.33892,0.7458047,1.9668375,0.8082288,0.25986367,0.908785,0.2713742,1.204538,0.4591435,0.12092551,0.6097812,0.21413323,0.48399854,0.2936008,0.8468001,1.6462607,0.7878362,1.7550356,0.4658621,0.8119803,1.9718397,0.4373504,0.011078375,0.99855244,0.8525622,0.6831595,0.79675835,0.6097308,3.3080657,1.8659604,0.0,1.8583539,0.5561933,2.759724,0.3691487,0.07528496,1.378712,1.2728213,0.44969624,0.37152967,0.90232736,1.856188,1.58307,0.25610802,0.96394813,0.16405171,1.2011826,0.7042239,0.26809356,0.14992087,0.23972914,1.2039659,1.0556655,0.5936074,0.9024132,0.20347902,1.1093512,0.28359178,2.3699121,0.045036204,1.1996366,0.2477931,0.37416172,0.13955256,0.31692478,0.7391693,0.13356394,0.9108173,0.6600989,0.7279615,0.44163093,1.5154282,0.30190766,0.73530287,1.7564174,2.29882,0.39484927,0.15425716,1.2341056,1.060626,0.12377504,0.9865825,0.7213094,0.016928747,0.04382886,1.7018608,1.2218958,0.52596945,1.3499043,0.72419065,1.4521799,0.14815818,0.5179549,0.58527195,0.69272417,1.645605,0.22940758,0.0015193333,1.6768926,1.1497177,2.7432497,1.1445829,0.68489456,0.1215862,0.5272192,2.3281884,1.2101655,1.8130785,0.4668326,0.1360109,0.05581189,0.6222494,1.2017086,0.44590664,0.044955015,0.3937022,2.3996122,1.292803,0.80920815,0.18802038,0.2053251,0.028670823,0.9892136,0.36451817,0.7290428,0.49636668,2.5696394,0.90609646,0.5008604,1.2894537,0.3207531,0.6446909,0.9541795,0.9076289,0.8232338,1.8039099,2.248567,1.5724686,2.2068243,0.25591505,1.6979357,0.04596302,1.5201473,0.35989285,0.32304204,1.2038963,0.33934128,0.111490756,1.8293343,0.36127272,1.3598567,5.2796383,1.3031634,0.4740128,0.06306905,0.4742539,0.55628633,1.0245193,0.109271765,1.6724457,0.11880141,0.11659776,3.5685074,1.4244651,0.7964743,2.2230105,2.1397858,0.937554,2.0411015,1.6132774,0.6484108,1.1695898,0.34190056,1.4350973,0.09715981,0.85459566,0.741302,1.3427905,2.1623447,0.9003348,0.39845774,0.9132553,0.82380307,0.04387582,1.5027543,0.70066434,2.1418142,0.18128753,0.05348231,0.72504026,1.5588487,0.61606634,0.002842031,0.56369513,0.64888036,0.656541,1.5525619,3.4826374,1.0631169,0.08781036,0.03820656,0.5178733,1.2024279,1.1778617,0.5570926,0.34466365,1.6159108,1.4012594,0.054357853,0.13900743,0.33897227,0.008853965,1.2338973,0.39731374,0.24645872,0.0,0.21952413,4.650547,1.1044437,0.9593086,2.6223173,1.3521731,0.0760733,0.72788143,0.21987796,0.5587262,0.6448141,1.0836878,all_pothole_images\pothole_images_new_image_924.jpg
0.022655368,3.250744,1.4716651,0.19422804,1.2527004,1.4434487,0.673764,0.91514647,0.9661649,2.5278087,1.0505631,0.34139332,0.53047323,1.2563452,3.7941768,3.0923786,0.95345944,0.0066862265,0.9133464,0.3429512,0.2169383,2.1247523,1.190925,1.4700055,0.02164843,1.2810323,0.4119038,0.15137717,3.0110838,0.103744835,1.4500043,1.6030182,0.08672129,0.63617474,1.924663,0.23403436,0.9548011,0.6352554,0.36665854,0.88369143,0.81684935,0.19543736,1.4586054,0.28236812,0.89187294,0.107084975,0.057426203,1.0148119,0.0,0.008294937,1.2392839,0.4557545,0.1243022,2.1745203,1.0002778,0.72271526,1.4632329,0.17808408,2.1580484,0.09505994,1.663234,2.460006,3.244466,0.5673899,0.36259538,0.6040891,1.7909826,0.35714766,0.9281303,0.3479579,0.20397182,1.1872528,0.0639434,0.0013168873,0.56113064,1.7289007,0.25962618,0.5710429,2.8962333,0.6578744,1.6545508,0.94659907,0.078205064,1.7062854,1.3755755,0.5450978,2.1338484,0.62328774,3.0053887,0.62784755,0.4135753,0.13048717,0.5112101,1.6642201,1.0414026,0.13442378,0.34181243,2.964061,0.5010057,1.3713794,0.9711465,0.14103119,0.1586505,0.61922204,0.35216725,1.3653421,0.939662,0.15123892,0.0,0.109846406,0.39342213,2.3469694,0.32867765,0.9902015,0.46904114,0.2992827,0.6178506,0.102106646,0.5620446,0.44691256,2.0385523,1.2206279,0.16501191,0.08344886,1.2995785,0.78703797,0.8671367,0.939901,0.12553005,1.4585509,1.3188326,0.20522667,0.45564675,1.9524498,0.83743316,0.12247961,0.9458927,0.003420271,1.1869066,0.96355873,0.65052587,0.14932394,1.0785127,0.5601266,2.640778,0.03808414,1.4672093,1.4733251,1.7871069,2.0906634,1.7825919,0.96612227,0.93685055,1.1389554,0.11156652,0.3022184,2.9404738,0.4202669,2.5699086,0.0026540458,1.4945669,0.24722344,0.49890396,0.35578573,0.093445204,0.669974,0.7228616,0.97905713,0.1295656,0.12182148,0.48878098,0.15697469,0.81999546,0.6647559,0.62661695,0.77294606,0.12902714,0.36998004,0.7980414,1.1364847,1.5771989,0.48598346,0.2531358,0.47069207,0.21515346,0.57285285,0.03747987,2.3083677,1.9344335,0.4690846,0.27440128,0.0,0.10953405,0.58646286,0.31687838,0.6754364,0.61104655,0.3239452,0.3374156,1.0061294,0.36425915,0.76259714,0.76078606,0.46186602,1.6167496,0.6052364,0.01727505,0.025394768,0.2859315,0.40748703,0.3173567,1.2249389,1.677291,1.6314753,0.84030354,0.92216456,0.82060355,0.20216,0.85953784,0.10549463,1.2409695,0.0,0.004945081,1.0430532,1.3656541,0.5381837,2.4904675,0.8937912,0.90330875,0.90091413,0.37550282,0.034745727,0.88079834,0.56687266,0.7131444,0.9831402,0.529675,0.266285,0.18250607,2.304825,0.38026863,0.13574246,1.2081543,0.23702282,1.3078196,0.4981986,2.5849755,0.18871231,0.7777161,1.530389,0.9939129,1.0644835,0.82975775,0.9646825,0.86120516,0.6425425,1.1598129,2.0225844,0.040285718,1.2759421,1.9555328,1.4636428,0.1314949,3.4299817,1.3958232,0.33755875,0.8103206,0.584278,6.6226892,0.0,0.049310137,2.5472157,0.1522871,0.66201603,0.61097276,1.998957,0.55130917,0.55581343,2.2391534,1.255114,1.4685934,0.7186005,0.52301013,0.29696587,1.9867092,0.21645522,0.43955758,2.3275054,0.6742018,0.20742884,1.7550155,0.70360875,0.3696465,0.0030814956,0.29805407,0.12743221,0.60672224,0.4343468,2.460648,0.766488,0.054758858,1.0588307,1.7561901,0.55000824,1.2118157,1.7984304,0.23130202,0.11374608,0.687625,1.4912844,0.28967527,0.1021039,4.989768,0.34053716,0.29222563,2.8470502,1.1502988,0.055632375,0.5523408,0.85430986,0.48640892,0.06820743,0.0,0.12774041,0.6173999,1.190831,0.33470902,0.4113732,0.9383923,0.47199008,1.879108,1.9799533,0.27752894,1.332838,2.7794957,0.96695054,2.34933,0.26148376,0.48058933,0.76789373,0.94670486,0.82750916,0.3954346,0.5396796,3.3804028,1.4004436,3.193332,0.025898647,0.27265933,1.2387103,0.48021358,0.106832154,0.5541578,1.4700345,0.5485823,1.0048692,0.69048816,0.35594362,0.4313828,0.09054388,0.37476477,0.10449563,0.59548265,0.52423275,0.7109705,0.9914739,0.3560215,0.049217504,0.49473003,0.07181375,0.97349447,1.549583,0.47082627,0.20562014,2.4654393,2.8611145,0.19644618,0.31769726,0.022361815,0.01576232,0.43946368,2.390502,1.819589,0.34178808,1.3317729,1.677594,0.3911029,0.53534067,2.2381573,1.9106355,0.6954954,0.50425375,1.5321158,0.43737635,0.11111197,0.15438391,0.16343385,1.8143241,2.0853972,0.2369125,1.4675254,0.5262093,0.64421666,0.19248764,0.33713698,0.9333253,1.7140285,0.30408502,0.42378074,1.6120249,0.91190416,2.372463,0.82795715,0.96775925,1.8220654,0.108978555,0.0697609,0.065785594,0.12520061,0.1253179,0.08545517,0.0807069,0.4679099,0.414106,0.52342474,0.056871783,0.023669207,3.0825536,0.34580258,0.25563326,0.82827055,0.40038416,0.97025824,0.37262222,0.51784134,1.6430597,0.448161,0.4303945,0.9122043,1.505566,0.33055115,0.14092718,0.9557575,0.8112663,1.0577388,0.40588933,3.5254989,1.106236,1.5057323,0.5111476,0.28784603,1.0953571,1.6128938,0.11593088,0.17066827,1.2823987,1.3381394,0.8807766,0.4144146,1.3594193,0.21046202,0.093762815,0.37610805,1.6102754,0.07100149,1.7925657,0.056178205,2.0874386,1.6874645,0.9252671,1.4101435,0.094647355,0.40693527,0.44043553,0.5475166,0.26742455,0.5023564,0.514556,0.5389363,0.4749686,1.6340777,0.91895634,0.75633276,1.7812741,0.44420788,1.5496941,0.13876274,1.023742,0.3947341,2.3764155,0.61200345,5.435381,2.0548217,0.75477064,0.15552793,1.3652664,1.5818142,0.724292,0.08586702,0.9128848,1.2275295,0.28476956,1.1464902,0.38829586,0.6255589,0.82844776,0.24133043,0.46093422,0.39772892,0.17687817,0.30321372,0.007943243,all_pothole_images\pothole_images_new_image_925.jpg
0.12878776,1.3738139,0.0,2.0773408,0.8121498,1.4056066,0.0,0.17005542,0.7755071,1.2557479,0.9211897,0.32294455,0.42893475,2.8567996,0.0931984,0.031702626,0.2398601,0.17082666,0.8920579,0.08797323,1.4168246,1.0253154,0.40815434,1.0826709,1.2809497,0.9618286,1.2076253,2.5754771,0.21478984,0.24104235,0.6418686,0.08399414,0.9199723,1.8291124,0.26785836,0.10506996,0.56969666,0.9638351,1.2129625,0.22465867,0.7226932,0.4648925,2.4220905,0.6605162,0.8742162,0.1307328,0.14181623,0.30410358,1.1498176,0.047704004,1.2469637,0.80912805,1.4130358,0.07936498,0.33210692,2.0734582,0.49491403,1.5382304,0.0,0.7912781,0.6928243,0.37777176,3.0213306,1.4437611,2.445322,0.09185528,0.9167428,0.066384904,1.86417,0.018411318,2.2759042,0.29860488,0.255439,0.12259081,1.4194597,0.02426381,0.17696664,0.42927974,0.028855352,0.8697447,0.486549,1.8838397,0.45093516,3.1958582,0.10407578,0.17243743,1.0844853,0.2494455,1.3831875,0.87415016,0.42706126,0.05200302,0.9071862,1.7735205,0.39774403,0.50561965,0.0799661,0.26292711,1.0426874,2.0587804,1.5730617,1.9215411,1.38861,0.777963,0.69966763,0.48439974,2.382829,0.60805976,1.58042,0.06921708,0.64537996,0.62841785,0.5611844,0.62201715,0.43094108,1.0136734,0.19493145,0.0037817878,0.34175044,1.3148605,1.8439765,0.28405797,0.10101802,1.0320008,0.29081485,0.8902921,0.08313835,0.09744397,0.30756715,1.1710091,0.3325666,0.019811386,0.13232018,0.76713115,1.4402131,0.358415,1.0170475,1.7503703,1.4284571,0.36340702,0.31780228,3.698634,0.012421319,0.8133453,0.8847755,0.7456325,0.5384062,0.0,0.48910183,0.041707523,0.027975839,1.1165072,1.4871365,0.7006687,1.3726468,1.3285503,0.5756097,0.88599706,0.9347868,0.9718281,0.39252052,0.5617907,0.3899442,1.5725002,0.211175,0.58346397,1.9750892,0.19368397,0.6307177,1.7846758,2.6040306,0.56626236,1.2038777,0.22291546,0.5167322,0.06831547,0.9409653,0.9174374,0.07382653,0.9966863,1.3217987,3.1079013,0.70341325,1.4423732,2.185884,1.7784032,0.088772655,0.3623654,0.6580425,0.46966174,0.12573345,1.5290308,0.9024239,0.15327775,1.0357125,1.6669301,0.9577381,0.02225822,1.5267844,0.025451535,3.1788864,0.7972144,0.44715264,0.75536734,1.7139425,0.8051872,0.6368556,0.26782945,0.3546125,0.7198673,0.31046298,0.37665308,0.9290932,1.1073618,1.6391337,0.23763812,0.076550305,1.2052965,1.7132703,0.6689785,1.0425761,0.29476166,0.6131905,0.08549274,0.0,0.6021355,0.4905332,0.30507812,5.3677087,1.8216858,1.892457,0.20216669,1.016294,1.7964462,0.33348852,0.45577323,1.8327805,0.14721178,0.2127416,0.083899826,0.67419153,0.53513515,0.36422884,0.07136296,0.48022926,0.19237274,0.036553264,1.9561524,0.15206367,6.213338,0.33657026,1.129394,0.059978276,0.083494045,0.5969283,0.091761746,0.21730013,0.5610704,0.0,3.6457188,2.230658,1.3277651,0.65020937,0.046037912,0.9923255,0.2678186,0.99574715,0.6248771,1.5370957,0.6054856,0.29697317,0.7494339,3.6725264,0.7334312,0.4390661,2.173727,0.2984914,0.2802606,0.12319759,0.23238659,0.8876404,0.98339874,0.22418576,0.039864928,0.31565782,1.3955572,0.9853472,1.6326956,0.7838113,0.43101546,0.041879583,0.121343814,0.0651628,1.850263,3.1998131,0.6808103,0.55751187,0.5710782,0.09587387,4.774935,1.4892209,0.5435207,0.00065022544,0.21009535,3.364791,1.4101412,0.31815305,0.0,1.0047954,0.6780325,0.105505124,0.32072163,2.3856459,2.8048258,0.12545541,0.22198965,1.8071367,0.44674987,3.7116866,0.60393655,0.5996716,0.05090146,1.1345783,0.51020455,0.53638715,0.48347816,1.0091982,0.8057503,0.4156538,0.018365823,2.2923412,0.44711366,0.70467705,0.03356479,0.83301115,1.2346679,0.7999409,2.0767968,0.77156454,2.7556334,0.07228409,0.016883686,2.7878492,1.28327,0.59456456,0.49619144,0.97259325,1.0515523,1.6310502,1.7818949,0.6310214,1.1615323,0.01435446,1.4244019,0.5714709,0.13429344,0.59603345,2.6200542,0.76072615,1.2080063,0.0,0.035947166,1.1177425,0.1551182,0.009488653,0.039412048,0.3563202,1.9246341,0.8046792,1.533401,0.24996132,0.10845865,0.30445558,1.1827419,0.0,1.186411,0.058830943,0.33453217,1.3261805,2.7039857,0.41667017,0.25447574,0.026987253,0.9421785,2.192671,1.0584677,2.1893976,0.44447294,0.5274463,3.3370445,0.4361737,0.025982734,0.03114415,0.32503223,0.33479798,0.87388206,0.819736,1.689728,0.046903215,0.1708043,1.1373909,1.6592811,0.75888467,0.0,1.2059366,0.24383113,0.65730894,0.68397915,2.6519146,0.61263967,0.15638918,0.7274733,0.16720441,0.9875904,1.2479174,1.39841,1.6556872,0.58710873,0.08862226,0.7336957,0.14615609,0.2585923,0.8841249,0.42107219,0.9825123,0.35468793,1.7778435,1.2394084,1.0178039,0.5718826,1.90873,0.0,0.025643837,0.08292727,2.375034,0.43973425,0.78373873,1.8773292,2.870741,0.6734875,1.2965388,0.14413758,1.3650199,0.17432918,0.3568218,0.67177737,1.2691087,1.0862439,0.8466197,2.0064356,2.1684253,0.06183205,1.1822413,0.0,1.2336628,0.3322515,1.2042887,1.5408505,0.23677486,0.3861836,0.7767505,0.13900918,1.0439686,0.2015711,0.20718093,0.1535415,0.26140592,0.9472443,0.0043219766,1.9307657,0.61817193,0.0,0.62989074,0.0055134078,1.0394734,0.13555697,2.6327477,0.93089664,1.3204292,0.050763685,0.0670042,1.1721046,0.44784358,0.44000146,0.94841874,0.002383554,0.08537133,0.3275621,0.5563442,0.106221296,0.23666103,1.4589626,0.43583983,0.2729098,0.0,0.6841534,0.37130815,0.13905248,1.103082,0.17294495,1.1794542,2.1879368,2.5173445,0.31046256,0.56208825,0.70442355,1.3592772,1.4687533,1.0115801,0.24370292,0.8626228,1.6581655,all_pothole_images\pothole_images_new_image_926.jpg
1.7928423,1.2106842,1.1529238,0.5565347,0.6726477,1.3790914,0.13840874,0.11537,1.5354178,1.1766995,0.5933245,0.11630809,0.07989754,2.3836231,0.08058036,0.8230935,0.110209875,0.48309574,0.20139347,0.12344875,0.28620166,1.2768127,1.0991236,0.9505852,0.36972782,2.4555054,0.32498693,1.5773455,0.25849238,0.8491128,0.26563737,0.18447465,0.8971021,0.47571352,0.35770962,0.053846408,1.1424334,0.4770565,1.2144942,0.029736133,0.89047736,0.428376,0.074086875,0.089130014,3.7308369,0.7166001,0.12282602,0.027720414,1.442118,1.1893492,0.22984345,0.097806945,1.1632426,0.6921795,0.30508828,0.7536538,1.3125327,0.2675764,1.4279782,0.8089353,0.73327726,0.3640431,0.78141785,1.7146568,0.35888293,0.7828329,0.5707418,0.32087803,2.7750747,1.1680846,1.3127453,2.2019603,0.45576173,0.6985374,0.6172918,2.1656764,0.1797172,0.18376015,0.703745,0.03432187,0.67295426,2.3540895,0.8781092,2.0474763,0.3037942,0.28738815,1.3728527,0.60533255,2.7526002,1.4907756,0.2836146,1.3585309,1.4784985,0.858681,0.84019756,0.73778623,1.0800189,1.1580637,0.086309575,1.1376295,0.35495952,0.9040101,0.21202655,0.6944901,0.5894256,0.49243096,1.3931352,0.8136931,0.1991479,0.10891307,1.6321759,0.8115601,0.88727856,0.16087475,0.9292197,0.8697961,0.8979266,0.3584927,0.4864631,0.71615756,0.730726,0.02635526,1.0771188,0.5587749,0.47762707,0.82345885,0.07028461,0.32436258,0.67684364,2.886568,1.2599654,0.5943452,0.23826556,1.5418581,0.5073373,0.07366408,1.2421101,0.31704113,4.579248,0.17048521,1.0885985,0.58328027,0.11451563,1.2522409,1.472748,0.3144786,2.0552504,0.030980488,1.123958,1.3383225,0.5056315,0.6359833,0.85220414,0.9938681,1.0757235,1.6569891,0.055712,1.8264025,0.1238816,0.048512075,0.5493389,0.528403,0.3024124,2.9518554,2.3737288,0.17533183,1.2132126,1.2711813,0.46002954,0.60920036,1.9673365,0.69293773,0.23536374,1.1152091,0.5352678,0.2568339,1.4129468,0.70448285,0.86867243,0.5979042,0.4603049,1.2062677,1.2299887,0.37892836,2.595432,1.3763916,2.0657046,0.7984543,0.018758174,0.09186053,1.4618806,0.7109468,0.5912086,1.0969698,0.11200419,1.8494992,0.79741186,0.8288758,0.18699388,1.7478446,0.9178208,0.06327683,0.47545585,0.30887598,0.9765379,1.8499812,0.22767532,1.0784415,0.8604281,0.13047622,0.5830349,1.1311519,2.370818,0.4132796,0.06697785,0.14845444,0.37995973,0.51294875,1.3363347,0.86786944,1.247373,1.4136527,0.4695242,0.45996076,0.26090905,1.1728683,0.1924797,0.7567086,2.1618078,0.098080665,0.42100617,1.6600223,0.24491757,0.32395387,1.9149609,0.6386923,0.7998745,0.56196636,0.4295225,0.5027483,0.52131903,0.9730457,0.7190558,0.93602896,0.25121424,0.09778072,0.43922845,0.82584953,0.80285627,2.3181765,0.48252767,0.0013159766,0.40048882,0.5506124,0.059118308,0.20991479,1.0981673,1.249475,1.3978807,0.50625855,1.1033942,3.9233484,0.98880935,1.8285606,0.12829265,1.6703621,0.0820605,1.3313249,1.1325843,0.59084034,0.5957243,0.50197345,0.24581505,0.07904773,0.26618886,0.84064686,1.6139975,0.76006556,0.46101278,0.65958494,0.35599408,1.0590209,0.10017027,0.7247108,0.8194679,0.99252194,0.5283447,2.3828373,1.8955511,0.3519032,0.10534319,1.5552647,0.15395115,1.3120053,0.3452121,0.33720964,0.6492126,0.58038056,0.31519943,0.609555,0.19075267,0.14496568,0.078863874,0.23675399,4.0780406,0.5577055,0.25139806,0.7722937,0.041464135,0.20521876,0.4312967,0.26731813,4.5049663,1.1114479,0.68661577,0.18272726,0.2883019,0.4443385,1.7285087,1.172094,0.38557935,0.5556669,0.9810185,1.706517,0.9773365,0.76434106,3.5414035,2.6216424,0.11136794,1.972003,6.395791,0.57203645,0.77684516,1.4643084,0.27037212,0.29244575,0.6784168,0.2624201,1.011787,0.023464017,0.38855425,0.095030576,0.8771862,0.28283304,0.3475664,0.6228454,0.24807876,0.2643977,0.17184742,0.7192291,0.13012792,0.7307638,0.15168355,0.9407037,3.893596,0.16852087,1.2377391,2.3834107,0.10542142,0.14798836,0.44418058,0.5759674,0.8181882,0.64561445,0.09858831,0.083657965,1.3559505,2.970317,0.14998607,2.4852507,2.4946957,0.79118294,1.0484543,0.40833187,0.36248195,1.0709743,0.16825606,0.35260633,0.8006996,1.0316553,0.14553268,0.39346406,1.1331929,0.8744171,3.9552205,1.2317494,2.827464,2.7102263,0.6020167,2.117794,2.151808,0.6411298,0.6299559,0.16235776,0.4294833,0.9926199,0.36266077,3.1213405,0.5528309,0.18007909,3.5591385,0.78927034,0.0082725575,0.5259446,0.3664435,0.3231018,1.6343396,1.0083284,0.3098436,0.722037,0.42597744,0.55069196,1.0278646,1.147765,0.009096886,0.723353,0.18330678,0.9081859,0.32087678,0.26645952,0.4307122,0.49726143,1.3195015,1.148585,0.0,1.6577342,0.25556058,2.3163412,0.8334648,2.822127,0.75383055,3.594738,0.42639112,0.5382694,0.5545535,1.4973669,1.5975263,1.5291682,0.5669769,1.0054879,0.13274974,0.6584572,1.0595937,0.4236353,0.0,3.5535104,0.8163401,2.0848694,1.0652537,0.6549503,0.8764506,0.1699246,1.3065953,0.8008233,0.82665265,0.02805362,0.04369719,0.8243628,0.26719987,0.12459275,2.420263,0.30233806,1.4433724,0.9138246,0.34804478,0.20074575,0.11247623,0.4719469,2.1020741,1.6357963,0.82110065,1.2897804,0.50018764,0.6494719,0.7858259,0.45454952,0.48950106,0.41611168,0.8865821,0.024653923,0.0,2.0574443,1.1790593,1.8064156,0.34774584,1.2496727,0.492079,0.464843,0.41129115,0.008709712,0.33571145,0.2607903,1.2085484,0.32038465,0.469099,0.3888082,0.20706882,0.037939962,1.3843602,0.9343733,0.24472705,1.7058111,0.19662526,0.910157,0.7816185,0.42644414,0.04936087,2.2023766,0.3294579,0.9116657,1.4733777,0.07526264,all_pothole_images\pothole_images_new_image_927.jpg
0.9872345,1.4618403,0.01075591,2.6217034,0.15582383,0.30391458,0.21231367,0.0,0.1156895,0.3974708,0.17238632,0.0,0.0,1.0092211,0.0,0.0,0.14686574,0.0,0.032712154,0.43188527,0.7216392,1.6594611,0.021960203,0.50079125,0.72157323,0.31074104,0.032568764,2.187895,0.17922428,0.21148238,0.573208,0.03784119,0.013036027,0.02132245,0.17384237,1.0634503,1.1044183,0.40674022,0.88675797,0.0,0.0,0.001270874,0.37529072,1.0807811,1.1453816,0.0,0.0,0.14055908,0.0,0.0015607288,0.014326397,0.031325866,0.008935066,0.15343274,0.10572338,1.2003196,2.3675983,0.08629986,0.0,0.0,0.0013984453,0.025172262,0.85239923,0.43379912,0.701445,0.14077069,1.1149182,0.046596583,0.024902614,0.22818999,0.50394595,0.34437865,0.13037468,0.009165308,0.32998008,0.6383515,0.026870474,0.9085015,0.0048370305,0.11243467,0.032607898,0.99790955,0.0005496472,2.2979558,0.021051861,0.0,0.093607314,0.085717045,2.621934,0.1256751,0.0030174935,0.18150638,0.16189472,0.37072653,0.0077476986,0.0,0.20848678,0.19872898,1.0572169,0.09388793,0.15231363,2.198784,0.3372015,0.0,0.43283063,0.096279316,0.41640815,0.022671891,0.008483126,0.19200417,0.0,0.1296586,2.5823746,0.43631175,0.46130207,1.048069,0.17916234,0.08171914,0.09828877,0.16060947,1.311698,0.21167436,0.00085327093,0.216241,0.64926803,0.80458987,0.01919145,0.0,0.9443319,0.36418578,0.074735306,0.062204048,0.15583548,0.0,1.2594327,0.69495094,0.09550953,0.40138844,1.3741452,0.015065972,0.060594615,0.60907245,0.021459388,0.0,0.06415915,1.4974493,0.027216896,0.5756825,0.048769303,0.030819304,0.0,0.49028933,0.03783544,0.0064693335,1.6235282,0.45643693,0.39438364,0.024699641,0.11366167,0.5381027,0.9473181,0.25821102,0.10104478,0.6046465,0.06977724,0.0,0.595373,0.0708178,3.421688,0.78235835,0.111505106,0.017871646,0.094326206,0.05056641,0.11970012,0.46072504,0.27889514,0.0,0.11241017,0.0,0.022647597,0.5784801,1.1616986,0.6143383,1.5515482,0.019203015,0.00074857473,0.014015701,0.08837665,0.52128524,0.0072963526,0.34312102,0.0019929523,1.2452782,0.18148203,0.0025380964,0.20039122,0.0133548705,0.4770686,0.21578349,0.38218892,0.9397985,0.19294785,0.657496,0.010238027,0.07961063,0.10070623,0.102389395,0.79644656,0.03951485,0.0,0.0,0.61574334,1.2888243,1.3182292,1.7504526,0.0013135709,0.10905517,0.025539577,0.2527926,1.6442192,0.0,0.02572373,0.19298218,0.0,0.0732248,1.2999098,0.0,1.8859146,0.1384938,0.05900258,0.19119681,0.22048903,0.24099363,0.16921642,0.03401474,2.2595098,0.0,0.018163722,0.67497003,0.18871291,0.024318743,0.030497814,0.109548934,0.09559798,0.0,1.0188224,0.009231368,0.09402203,5.1015916,0.1163709,0.08304345,0.040931035,0.059698187,0.0,0.0,1.0061173,0.0039999173,0.13879375,3.408905,0.38384962,0.20899433,1.6971529,0.0020104651,0.024181679,0.1499593,0.9708313,0.07931201,3.8768137,0.0,0.011890956,0.0017148749,0.47158134,0.04372246,0.45246726,0.38063547,0.4288305,0.011220985,0.090484716,1.208019,0.6215561,0.17234905,0.1363804,0.24337737,0.0,0.07227774,0.4860089,1.1946123,1.1481847,0.17100763,0.0,0.0,0.045666985,0.81746984,0.30985913,0.019862754,0.0031329663,0.02186435,0.051911402,1.3518966,0.6253297,0.19367571,0.010879375,0.004435957,8.10086,0.55871403,0.0052056313,0.23839886,0.0,0.57955253,0.0012335182,0.15155736,2.065981,0.027560974,0.00026881328,0.37687418,0.0100233,2.279204,0.5879147,0.25810724,0.22726093,0.0,0.08917343,0.037611734,0.117003396,0.30645052,1.5623868,0.14907363,0.032001987,0.39113235,2.8293762,0.007252862,0.26713958,0.11007326,0.018418308,0.009456313,3.4924464,0.066541426,0.17793542,0.19131108,0.6386903,1.2518417,2.698563,0.5734316,0.21203434,0.04662311,0.3361974,0.15520048,0.38619003,0.0033623143,0.12056115,0.00022776582,0.0,0.9034618,0.113910966,0.0,0.48509932,1.424739,0.8079208,0.33652192,0.0,0.1614634,0.009470508,0.6755283,0.0,0.0017532608,0.8960585,0.12468879,0.081494644,0.06653674,0.551784,0.045878958,0.086073466,0.1056667,0.04298026,0.21121603,0.013816893,0.0,0.54417163,0.5739225,0.012000142,0.011486005,0.21191737,0.012374314,4.3805685,0.9377916,1.5054072,0.0,0.14759238,1.2253705,0.5328987,0.1273858,0.0,0.0751978,0.0,0.003186068,0.27454826,0.0,0.0,0.26261324,0.55442566,1.2817876,0.48629183,0.28432012,0.38579834,0.61289775,0.44382948,0.052476518,0.44723612,0.2810707,0.078062706,0.0,0.0,0.03913678,0.0,0.07933736,0.39973533,1.1622583,0.2941622,0.0,1.5946269,0.12027195,0.59994125,0.6043516,2.070796,0.49869207,1.6538475,1.1446157,0.33552828,0.09217294,0.7022893,0.0,0.0,0.0,0.0,3.2369459,0.038225435,0.04205265,0.25394806,0.26919866,0.7127671,0.5664831,0.15876697,0.047253877,0.48052663,0.062288254,0.4790568,0.1582397,0.5034089,0.22502889,0.6884375,0.3939637,0.3357239,0.07541195,1.0659534,0.56728446,0.032906752,0.20605452,0.028709747,0.14700104,2.00278,0.023353528,0.03321185,0.000836136,1.9636883,0.0,0.0,0.13318692,0.030858545,0.8729763,0.08798628,0.0,0.26216686,0.5231389,1.1094874,0.036139645,0.09824618,0.1870311,0.12192456,0.4518568,0.0013416712,1.5594062,2.2011688,0.004276137,0.034400683,0.00899693,0.0,0.18117511,0.000169018,0.0,0.111756966,2.2137358,0.01856959,0.0051207347,0.0,0.0,0.15710306,0.11586827,0.004468607,0.0,0.45288423,5.145254,0.0,0.028246714,0.0,2.6807961,0.3414119,0.4426864,0.22916019,1.1613209,0.029315004,0.13492158,all_pothole_images\pothole_images_new_image_928.jpg
0.7308216,0.83392537,0.03639265,1.3039118,1.667328,0.42439625,0.009866799,0.11666956,0.6853667,1.0268475,0.70245343,0.13922112,0.12638202,2.2480166,0.03344089,0.9854392,0.07241422,0.1610877,0.43203175,0.28741494,0.39912337,0.6481724,0.13631748,1.0099294,0.21284881,0.43279347,0.10409034,1.9548377,0.3978544,0.73441064,0.48566937,1.3443005,0.27483937,0.55731976,0.8099447,0.13882607,1.8379992,0.1504948,0.3145527,0.439755,0.61411095,0.36064133,0.4229849,0.9197505,1.3534421,0.024436498,0.391796,0.061138015,1.9605654,1.0500137,1.4074377,0.25468284,1.0535688,1.1493181,0.90517503,2.7552066,2.7240326,0.0,0.41536555,1.6069205,0.5789907,0.36403292,2.0473669,3.1782904,0.4626362,1.0092645,0.39616603,0.015946645,1.6010648,1.047924,1.7886333,1.2856404,0.39611626,0.20668016,0.15694754,0.9958425,0.7817136,0.66499454,0.44426808,0.29991087,0.5301847,2.6032453,1.0451739,3.19466,0.277422,0.098603696,1.0720911,0.14986049,1.1265244,0.099455774,0.20014797,0.8346889,1.2561167,1.0238811,0.092341036,0.4637229,0.14629734,0.305831,0.11589457,0.7147395,0.87450916,1.6282672,2.0169926,0.14999786,0.66208774,0.32915583,0.3892704,0.408995,0.44370422,0.99535173,0.48891363,1.0826159,0.90578645,0.31137115,2.1860712,2.09734,0.22279517,0.31132925,1.5702984,0.45333913,1.2167294,0.41592193,0.14406973,0.19243711,1.415143,0.14414258,0.48260885,0.6101114,0.41992888,1.5808824,0.55405945,0.42580014,0.30084786,0.8663659,3.411613,2.1432936,0.60485154,0.5042751,2.502762,0.5661298,0.5812477,0.14470527,0.38379455,0.50392175,1.2512783,0.9907284,0.24018961,0.60043335,1.0253956,0.06972353,0.07379736,2.9321353,0.752383,0.42652807,1.3134884,1.1055218,0.17699528,0.27137047,0.2164321,0.8488704,0.69376904,0.52674276,0.1811931,3.3153884,0.4515327,0.6471163,0.57419556,0.6810975,0.47150248,0.98384,0.9030089,0.3178362,0.22314854,0.29527414,0.9179994,0.09948673,1.1890709,1.8919294,0.29092756,0.82590735,0.10699145,1.4706672,0.7106555,0.4336533,3.0044487,0.652393,0.4086513,0.651867,0.8235571,0.182499,1.5701617,0.0006483354,0.17829135,0.7594876,1.5571653,2.7209218,0.2786567,0.19771503,0.12861267,0.8477291,0.4559696,0.29328045,0.38663155,0.6714717,0.20318268,0.18354055,1.2851423,0.4224881,0.89233744,1.253482,0.59031194,0.070986986,0.9409936,1.6228821,1.352382,0.43817946,1.1026074,1.5150276,0.07215245,1.4906937,1.0526175,0.5226181,0.8668551,0.20238939,0.17488612,2.4695315,1.2565663,1.5029093,2.831234,1.7758799,0.0880889,0.14800167,0.6447217,0.28875992,0.18053596,0.100990295,2.192647,0.36878088,0.36864868,0.6437079,0.6295251,0.6790021,0.15120916,0.42981556,0.41198865,0.3276576,0.61288804,1.177217,0.09045553,3.6535919,0.7627183,0.80188096,0.32675716,0.13117136,0.17379764,1.1168134,1.1795605,0.48281762,1.5372112,3.2845733,1.3211782,0.9027836,0.3650954,0.5484642,1.0475619,0.25107694,0.0048294156,1.7048261,1.091176,0.0,0.599205,0.04346862,0.7103503,0.001283821,0.80696756,1.8777686,0.9528177,1.7679911,0.09253225,0.15702038,0.562353,2.3912358,0.6598198,0.07502743,1.7321894,0.48580283,1.9867314,1.7663993,0.9907706,1.5248985,0.36545908,0.4228699,0.051245853,2.8955429,1.1944462,0.54536206,0.7236079,0.74518776,0.881144,1.8815594,0.092887975,0.31220523,0.47768503,0.25937346,6.43286,2.694641,0.8895106,1.0304413,0.05511443,1.2120881,0.20164311,0.23738563,2.2235436,1.0561794,1.4135482,0.38415703,0.16334489,1.260135,2.8077316,0.7039053,0.24801631,0.0034358155,1.8911687,0.0,1.5375048,1.0721043,1.7941958,1.4052874,0.37613842,0.60423386,2.7435446,0.63479537,1.0499506,0.24505667,1.580833,0.33074886,1.2826791,0.19165604,1.4527687,0.5443148,1.8873967,1.0718362,1.2473196,0.33584392,0.050571986,0.19221534,0.6964329,0.8800722,0.10039516,0.48309582,0.65131134,0.028823515,0.10769684,2.635798,1.2494428,0.33382073,1.1500256,3.1007485,0.7457059,0.2974872,0.23291168,1.8171026,1.225409,1.3696011,0.41776636,0.5313537,1.2357427,1.3916999,0.41917145,1.0837423,1.4232174,0.10734378,1.3555462,2.8191369,0.24600121,1.0787762,0.4579266,0.5513323,0.7304855,2.1602926,0.8669342,0.33213958,0.17627327,0.39440832,2.8476667,2.1352847,5.0053935,4.1476865,1.3859868,0.7266557,0.6914775,0.102334104,1.1495286,0.6735115,0.33409816,0.3799268,0.37399426,0.4409185,0.4359061,0.13123009,0.35668695,1.2490258,0.16006272,0.02543339,0.61556655,1.488696,0.4934731,0.11442735,0.8499681,0.08250606,0.5129187,0.04610608,0.2307635,0.08757064,0.0,1.8054891,0.9357614,0.73531497,0.34563363,0.23712094,0.5202012,1.2523732,2.1926372,0.36976776,2.38307,2.8901246,0.16502611,0.32704023,0.45731983,0.56818146,0.53625053,1.7069056,0.5401894,0.4730027,0.30686826,0.13077503,0.9419048,1.6845584,0.52385205,2.0718317,0.9573238,0.22724123,1.7630699,0.029121276,0.80185294,3.6420863,2.6649773,0.6715678,0.6284707,0.48127598,0.95097566,0.05214925,0.94274634,2.0824163,0.78461343,0.16363521,1.0243839,1.1672872,0.82803684,0.38725847,2.6695316,0.124738194,1.388135,2.0114756,1.3466034,0.92486495,0.73283434,0.56865364,0.22990629,1.7169716,0.54916966,1.0923628,1.2075198,0.4441517,2.5961907,0.49461448,1.140271,0.40542147,0.65316236,0.21235384,0.46858385,1.3849617,0.82550234,0.30968714,1.0978673,1.2112805,2.1355743,1.2429354,0.27064863,0.33034992,0.9667821,0.8774606,0.6442156,0.6337561,0.6776756,0.21885867,0.39806598,0.3936328,1.2154601,0.8916435,0.6376138,4.687956,1.0453242,0.53229684,1.260242,1.1740512,0.12488538,0.45004013,0.8907158,0.24252793,1.8079715,0.12187039,all_pothole_images\pothole_images_new_image_929.jpg
1.3236533,0.16228457,0.20003824,1.5881494,0.7036537,0.17649493,0.21359858,0.51669896,0.010834288,0.90557504,0.12762429,0.9915788,0.05058833,0.88234085,0.005908054,0.113091655,0.09611496,0.45161825,0.55944467,0.12792535,0.39138284,0.8380642,0.52344286,0.36986762,1.1739326,0.50627106,0.3717937,2.1848714,0.035177324,0.16738051,0.77564454,0.0041517518,0.98594725,1.0902903,0.09029021,1.5802196,0.7989576,1.6532406,0.097403765,0.8252304,0.033283852,0.7000177,0.48025653,0.7894651,0.33906478,0.45168984,0.3042805,0.054454867,0.21660283,2.2397983,0.63255763,0.23831072,0.29542363,0.0030389319,0.026513468,0.49004117,2.141814,0.1145422,0.22331938,0.0,0.15479802,0.33942476,0.17611039,0.20319164,2.4785028,0.7293376,0.05102694,0.28257212,0.006684826,0.6314482,0.5448846,0.25127473,0.11533141,0.7333782,0.25430277,0.14406215,0.035738565,0.3667295,0.021920176,0.124487974,0.122050695,0.027930332,0.06889095,2.1592345,1.630005,0.13675804,0.08060784,0.27096114,0.6707635,0.4601735,1.0311037,0.17079583,0.28301284,0.17809944,0.21476333,0.13116308,0.64206594,0.010515627,0.53441006,0.4488154,0.52215487,4.2210946,0.2099537,0.05838862,0.52789,0.08064501,0.023886189,1.3941116,0.11172839,0.5655783,0.019038739,0.014210828,0.09761394,0.06812664,1.601914,0.5525899,0.6121912,0.0,1.605339,1.3725485,2.0129268,0.08632049,0.26270002,1.4363632,0.3684839,0.8205895,1.5979459,1.599467,1.379358,0.22415335,0.44044107,0.03421881,0.3796565,0.024804704,0.410687,1.2090963,0.4506656,1.6092825,0.448499,0.034788765,0.84015197,0.07254871,1.1108747,0.6091147,0.30135438,1.283611,0.022415154,0.40267777,0.33408704,0.005623268,0.9858996,1.1076618,0.12434581,0.049994323,0.43776754,0.291241,1.5959058,0.5144773,0.2581901,0.7515639,0.32735965,0.28820616,0.21170384,2.382717,0.052353848,0.16554303,2.0806062,0.40365183,0.9524432,0.8197826,0.07214172,1.2977878,0.044795405,0.10305157,0.048707824,0.25195307,0.22083946,0.05888027,0.23772478,0.43334922,0.09964247,1.0325716,1.1535869,0.9218015,2.557576,0.00024330281,0.029181361,0.37508383,0.18491055,1.4261048,0.0020383112,0.5682973,0.23084557,1.3626983,0.41826403,0.0796685,0.9778037,0.16652294,1.0314261,0.020424906,0.6730733,0.7148495,0.62121224,1.0948883,0.151568,0.018230012,0.72389835,0.61764973,2.3328831,0.9457247,0.0,0.03759807,1.030921,0.11195276,0.7228196,0.5390963,1.7557638,0.018490901,0.32992482,0.694789,0.8111408,0.1277497,0.15450986,0.1032338,0.06500855,0.64850736,0.6924642,0.4225535,1.5331411,0.5437968,0.36113158,0.041855868,0.35032552,0.0,0.2532147,0.0,2.0409908,0.3133834,0.116073355,0.8531032,0.3628575,0.0,0.4461173,0.8679723,0.035982892,0.0,0.35995108,0.88472897,0.41005465,4.9635196,0.5797635,0.37996802,0.6622,0.3778507,0.0,0.3884359,0.86800444,0.0,0.16644411,3.7585068,0.29543406,0.095219515,0.33648914,0.6674512,0.04350919,0.67205983,0.19551179,0.3855881,1.073484,0.46594062,0.026911676,0.21579723,0.27205065,0.15342577,0.697433,0.23951511,0.0045906305,0.14678746,0.34962836,0.6130076,2.486565,0.42694676,0.26948783,0.43259263,0.86725956,0.10163474,0.38852444,0.16242357,0.6415395,0.38279614,0.44467115,0.11075045,0.34357598,0.69601846,0.056468215,0.2384931,1.4876478,0.24438797,0.16033947,0.90010786,0.28101686,0.70079273,0.34219056,0.0553847,4.470781,0.73562634,0.6249568,0.034732353,0.27248958,0.31113553,0.47981706,0.3307481,2.8776138,1.3873612,0.4827022,0.3344863,0.118891016,1.4297383,1.8828069,0.19068089,0.9455918,0.06777533,0.7769606,0.15848976,0.05201436,1.4728948,0.16445898,0.6375295,0.52503157,0.08773311,1.7685415,0.18540414,0.15479006,0.019423084,0.09330975,0.28259802,0.62850815,0.018010378,0.37105334,0.09449614,0.39741558,0.15773898,1.0530486,0.2024233,0.015914097,0.031710092,0.02170142,0.16960849,0.3610496,0.81212366,0.23652352,0.29019296,0.20513837,0.66175765,1.0749743,0.058492225,0.53131735,1.439047,0.16543548,1.26562,0.40564385,0.27208856,0.4462242,0.055251636,0.04738104,0.24237368,1.80931,0.010556607,0.26328346,0.38744342,1.0747179,0.041440222,0.3961036,0.37508997,0.21802638,0.3461537,0.19937235,0.2785888,0.17249863,0.5342326,0.888684,0.026200842,0.7202944,0.091938525,2.1806147,1.7458711,2.5319214,0.023338865,0.085875936,0.1763106,0.3272347,0.07402917,0.10727359,0.40052006,0.0,0.2261651,1.073222,0.0,0.13830733,0.15980123,0.7720872,0.5477133,0.5384317,0.36065698,1.5294993,0.36703047,0.2644199,0.20402117,0.3580237,0.060389947,1.2040578,0.08076761,0.05871937,0.08580152,0.01221359,0.20210527,0.95206606,0.7768819,0.96808577,0.28433785,1.3879955,0.78258973,1.1836227,0.6611446,2.8212366,0.14769956,0.6757322,0.2870298,0.45305598,0.81032825,0.14866796,0.61631787,0.16847396,0.6334175,0.0005922658,2.2257473,1.2283511,0.78318155,0.17013887,0.5764883,1.1405528,0.70537984,0.04692061,0.049209613,0.25365952,0.2135965,0.85772985,0.1901251,0.30112392,1.0605621,1.0818065,0.177029,0.21283805,0.045955393,0.5439855,0.64683217,0.38300732,1.0040181,0.783562,1.315155,2.0372777,0.29308647,0.21295185,0.1649723,0.45901528,0.20298383,0.5150698,0.006781887,1.0978445,0.991346,0.24492076,0.70673126,0.16328809,0.07006947,0.22106008,0.0005631941,0.8010669,0.905069,0.4107008,0.039188225,0.015380713,2.2778666,0.5490017,0.3150898,0.0,0.053101357,0.2585517,0.017405124,0.48274666,0.0050277696,0.9772131,0.5056886,0.18951885,0.35569474,0.5551773,0.09468602,0.35001087,0.43871835,0.33386126,1.3953577,0.93215054,5.8971953,0.13653138,0.043799255,0.2543133,0.085104,0.026221642,0.0,0.34294295,0.41734266,0.42349663,0.73673517,all_pothole_images\pothole_images_new_image_93.jpg
1.080678,4.0852814,3.0862377,0.6132403,0.5312864,0.28753063,0.19433765,0.43234056,1.9404155,2.15687,0.4392655,0.17350826,1.1112479,0.6508328,0.4372578,0.5490196,1.4016154,1.2584202,0.14882487,0.65739995,0.79091144,0.93404436,0.2165436,2.079271,0.55895674,1.7695106,0.7105287,1.0123978,0.69361377,0.56312716,0.47000927,1.0296773,0.38920256,0.6347178,0.05800142,0.47043905,1.4945105,0.35689512,1.8230634,0.9736138,1.1699361,0.49564007,1.2530427,0.34892935,0.94634634,0.33324283,0.6689209,2.6797562,1.1463376,0.27324885,0.19231647,0.21796392,0.2092774,1.2653674,0.5049902,1.171346,0.13390774,0.16152391,1.1538109,0.3296303,1.7197185,0.23092335,0.06387412,0.4467291,0.009760855,1.0304999,2.140255,0.70322543,2.6066973,0.40315884,0.5118022,0.72787166,0.7672811,1.0939157,0.21904503,1.8767248,1.0702357,0.6380113,1.3130976,0.55726963,0.6668677,0.11502172,1.5736486,2.4617157,1.2197281,0.30326328,0.30755487,0.64503884,3.6272466,1.6889653,0.8388055,0.20082775,0.054017678,2.6901474,1.5600692,1.0218749,2.2455697,2.2373464,0.21905439,0.42571858,0.94158965,0.6827322,0.31908256,0.15440527,0.008666925,0.72402704,0.0,0.42509452,1.4397471,1.6674154,1.0526428,5.203272,2.002654,0.083294235,1.4438081,0.24461155,1.9609754,0.2996531,0.80403787,0.47551462,0.20204595,0.07810807,0.88557535,1.274386,0.0510856,0.79653907,0.5530437,1.0249454,0.20269397,0.6966696,0.9443138,0.19371974,0.37541354,0.83448005,4.4474955,0.17154117,0.603747,1.4320562,1.7556494,1.2686844,1.0855427,0.10165985,0.3912587,0.7891838,0.6024217,0.47264203,0.14524902,2.5089724,0.2870993,0.015234769,2.9317322,0.4083585,1.4670211,0.1845705,1.1838539,1.6684856,0.27224854,2.440117,0.46422857,0.28696278,3.1601477,0.053766083,1.4694296,1.006039,0.04479572,0.194202,0.0,0.46832097,1.5247576,0.2034208,1.3267407,1.0870141,2.1263156,0.8984925,2.9901702,1.5640306,0.74854887,0.28059766,0.45642832,0.28122926,0.8107569,0.7451467,0.004184874,3.8647869,1.03968,0.058581233,1.5648454,0.5303613,0.33306184,0.3414763,0.2625813,0.71187365,0.90991443,0.5831962,1.8765266,0.2530836,0.79347134,0.4093633,1.9758409,1.2523671,0.38374165,0.39018887,0.035769988,0.5067273,1.1278505,0.31490177,0.8281905,0.33586985,1.0986766,0.34973174,1.6061188,0.6942051,1.6881862,1.9394264,0.72990555,0.41247535,1.7642881,0.54213405,2.2296517,0.97015315,0.7839939,0.2051109,0.4149179,2.4451923,0.22704089,0.4367544,2.330862,1.8303922,0.09119986,0.5885871,0.9982746,0.2775336,2.8689508,0.265559,0.4559587,3.5231628,0.14779653,0.3271678,0.47499308,0.25514418,0.5014034,0.5306468,1.0339799,1.261276,0.58678883,0.050117183,1.6745435,0.020030295,0.25321203,0.2982573,0.76199603,0.4760281,0.19017525,0.4845341,2.3967426,0.0006440335,0.8344999,0.32115757,3.8658412,0.4059129,0.51971644,0.6375636,0.3566645,0.34753844,0.6279211,1.4814699,1.3451961,0.5466472,0.47573254,3.840218,0.8570451,0.6306855,0.43037298,1.0679952,1.3264809,2.8297243,0.06983702,0.17583865,2.2318676,0.5479338,0.71760863,0.09171758,0.19754308,0.4557883,0.9281392,0.09667359,0.67922956,0.9503689,0.9095239,0.64248604,2.1970413,4.1807604,0.295915,0.35278702,0.1817365,1.0553844,2.244074,0.04941834,1.7948802,0.906986,0.61711955,0.14990112,0.6629812,1.7159073,0.16073497,0.1646409,0.37699172,1.2834594,1.2626443,0.3738073,0.20251398,0.24235417,2.2739608,0.40347573,0.018536992,2.511855,0.2588203,0.7022535,0.03869042,0.31695887,0.26053998,0.31689537,0.75904924,0.5923212,0.074053146,0.60768175,3.1366775,1.8543991,0.24819466,0.8644862,0.6398525,0.82147527,0.0038053428,0.6342825,0.11483703,1.7154157,2.456189,0.41661638,0.13862327,0.19233476,0.6668898,0.15798295,1.2962617,0.0,2.169398,0.3158381,0.62782985,0.010824938,1.4452516,0.5573611,0.7659889,1.8746892,0.17591453,2.0880396,1.9816737,2.983412,1.041032,0.30266353,1.3775355,0.8864028,0.0,0.53504944,1.3001014,0.86268425,0.938887,1.1666676,0.21982056,0.8250057,0.5165585,0.5499325,0.94475824,0.21717441,2.288958,0.07003539,0.58835953,0.44208705,0.8500881,0.5777222,0.31712443,1.2693049,0.02318303,1.2692573,1.5855545,1.8840301,1.7912986,0.29156488,0.61237484,0.3617033,0.019888297,2.00904,3.419869,3.0725265,0.3226864,0.67116034,0.10044121,1.1765382,0.85786426,0.94643545,0.3866005,1.3545753,1.7962741,1.353979,1.5022016,1.4127421,2.0041823,0.32809767,0.5760654,1.6098537,0.13544232,0.7612005,1.0517224,0.07021261,1.9861495,0.76558894,0.061916832,0.006995756,0.5516498,0.5873564,0.41210702,1.1855092,0.24597575,1.0041888,0.03131305,0.40382084,0.3147571,0.07875618,0.37447742,2.4077046,0.27439824,3.7240858,1.1607004,0.08235864,0.038620207,0.22447297,4.1475983,8.100891,1.4281908,0.27944314,0.74100983,0.21121262,0.4391709,0.68638486,0.050799884,0.98441,0.54423875,1.0814674,4.3778286,1.9141345,2.6427794,1.693896,0.01710855,2.7152267,3.2885797,0.25130486,1.0428588,1.1422513,1.6499026,1.9143598,0.0,1.2696998,0.017747516,0.008990479,3.066194,0.09755504,1.0609423,1.8396279,0.683897,0.80194074,2.337575,0.13295601,1.1792065,0.20871635,1.125534,2.9947906,0.98616743,0.16780284,0.0,0.23270515,0.02165887,5.9226184,1.2545878,0.3898187,0.5303041,1.3208495,0.97541684,0.21784471,1.2143102,1.52395,0.72624516,0.13420989,1.0179687,3.544808,0.42206675,0.102077596,0.22586812,0.054743566,0.27584943,1.294928,0.07519336,0.064087264,0.119062334,0.8903992,0.1791891,3.5537415,0.24035852,0.2984713,0.057763945,1.0099804,1.6302524,0.16222589,0.10153866,0.17215271,all_pothole_images\pothole_images_new_image_930.jpg
2.827687,5.0192933,1.1651987,0.9705928,2.485473,0.22612603,1.2122008,0.44135404,0.048950553,3.2887342,0.77945894,0.84992296,0.63043326,0.22686559,0.020001817,2.4452472,0.26302457,0.2584004,0.46855894,2.0129054,1.1052479,0.703249,1.9830528,4.268166,0.009556339,1.1795814,0.089617044,0.6993545,0.12659968,0.7965484,3.0367599,1.2661576,0.06674405,1.1590328,2.581612,1.3305904,0.76831204,0.7933647,0.1320507,0.57172406,0.07801685,0.17278336,0.4205895,0.37012723,0.81855834,0.8202326,0.33935103,1.2501564,1.2624226,0.2528094,0.8774923,1.4984171,2.8844745,1.8507494,0.78954965,0.69411784,0.68111324,0.23852326,1.833075,0.70750016,0.06066654,0.2660333,0.6761795,0.23979871,0.53552353,0.32947966,1.1121477,0.46794108,1.5043254,0.6679705,0.04382099,1.0789831,0.8561873,0.08538657,0.3688839,3.0451024,2.227547,1.032854,0.61544424,2.0850472,0.6958052,0.8258103,1.8246562,0.20023715,1.1601657,0.31983832,0.3182445,0.69179064,1.3873487,0.08409523,0.6452728,0.74455035,1.049385,2.5655563,2.0561028,0.13531934,1.2293262,0.9619349,1.9872566,0.08463504,0.77926177,0.7712354,0.33568752,0.41327628,1.2526653,1.8658732,0.5998807,1.1407709,0.18448973,1.7952842,0.46598682,0.9054303,0.4975908,2.4410024,1.5287857,0.91958606,0.077512026,0.40556857,0.6815745,0.42805812,0.30715287,2.8732822,0.3907027,0.814512,0.053346306,0.011647571,0.02778387,1.6959773,0.25116464,0.2646438,1.860691,0.6683015,1.1740617,0.44039705,0.53671706,1.7030967,0.33177847,0.0,0.21721964,0.15226525,0.34193355,0.26245388,1.0117933,1.8814497,0.40389153,0.02298902,1.3260846,0.8183689,0.86673564,1.7745703,1.8612758,0.31397802,0.11308907,0.4880907,0.71575475,0.027115926,0.8392658,0.31646216,0.6831525,0.037775386,1.3192643,0.15799545,0.47535595,0.10252874,0.19480631,1.3142858,0.44365865,0.95133424,0.9269331,0.0063995984,1.5459819,0.3124581,2.2968993,0.90497726,2.3790581,0.77384996,1.6369894,1.7579088,0.49902284,1.4019974,2.3493245,0.27674958,0.55842805,1.1173002,1.1397643,0.17083447,1.3443695,0.3811496,0.45239213,1.5213351,4.504259,0.95211756,0.02164054,0.7306306,1.1306123,0.33310917,0.2088326,0.5904893,0.499911,3.2633042,0.19893698,2.3073356,0.2806341,0.27482796,0.07266284,1.8475158,3.4447658,0.015665637,1.2367036,0.599949,0.46516502,1.3050051,2.1365812,1.9144666,0.08064817,0.03460288,1.8586675,0.27337912,1.0855434,0.16242003,0.75805295,0.05350027,0.057410274,0.35563666,0.455713,0.79047275,1.8922532,0.040708445,0.12641187,1.5124135,0.8767683,0.17683963,0.34160176,0.20889843,0.34040847,0.028986089,0.66002965,0.14214635,0.33447653,0.57951146,0.002097784,0.20648074,1.940145,0.03829443,0.0051210527,1.4711394,0.81549746,1.5010406,0.65899545,0.7723448,0.17450543,0.9321832,0.86469346,0.0,1.5896848,0.81968135,2.7078912,1.7762873,1.0875285,0.47017342,1.9758847,1.678084,0.3575816,0.5755078,0.10694744,1.0049313,0.5569835,1.7759725,0.3530012,1.0199519,0.027427498,0.002450136,0.0007940961,0.5459485,1.0699649,0.80202234,1.7048906,0.10113963,2.6079216,1.1083697,0.1247526,0.039644133,2.1919808,0.03430987,2.1114533,0.16863523,0.07273559,1.1643751,0.27908108,0.20715436,1.6920379,0.38060728,0.22721127,1.0509207,0.26407552,1.6867149,1.8286662,0.17444311,2.6654084,0.50271785,0.01032668,0.31813818,0.09041883,0.43790925,0.4696944,0.33522,0.63595736,1.0128672,2.7629542,0.10790842,0.748182,2.0308836,3.0722911,0.57855135,1.5254362,0.45275357,0.93854934,0.14377059,0.57930076,1.5979519,0.84314096,1.5797337,1.2711606,0.6540708,1.1745963,0.3963982,0.35569566,1.1962249,0.54613584,2.585135,0.7948982,1.1885256,2.161175,0.75410193,0.57106334,1.3848044,1.2485148,0.1979838,0.20348416,0.59867436,2.950719,1.2825141,2.321748,1.7096115,1.1626319,0.13821302,0.8361975,0.4081696,1.0523643,0.41730824,0.98552054,0.5722718,1.6841849,0.05490675,1.4738333,0.8963359,1.8203664,1.9597707,1.5322087,0.43328786,2.1335173,0.27743515,0.7481115,1.3238144,0.8088789,0.66929066,1.7222519,0.7637609,1.5407039,2.323211,0.27494594,1.5657161,1.0899109,0.92689544,0.16576694,0.012000982,0.051943928,0.76848173,0.010722943,1.1327837,0.8946265,1.7506346,0.15366796,0.7840369,1.0523703,0.6986369,1.4230764,2.9849436,1.6925273,0.21143734,0.654991,1.1273853,0.8519036,0.37089136,2.4209726,0.06025823,0.4515332,0.46115583,4.175178,0.5761253,0.29799497,0.18621694,0.99188477,0.39258105,1.0674583,0.895779,3.2258463,0.7416583,0.05400896,0.33336055,0.16979823,0.43719712,0.71108884,1.1911875,1.2302581,0.35828683,1.0676979,0.15299904,0.5282741,0.3297985,0.63573074,1.1889844,0.6800657,0.46836847,0.62261665,1.7275499,0.25167125,1.5115649,0.6473299,2.6330917,0.075028874,0.55702716,0.3983076,0.4032587,0.93982303,1.1378987,0.8688204,0.5102846,0.1294324,0.25200734,1.1478566,0.2219873,0.46067265,0.69017255,0.17955773,1.0063832,0.9242996,0.055143937,3.6292675,1.4357413,0.8511454,0.6932186,2.9894912,0.69763637,0.31418818,1.0639381,1.6615205,0.8128064,0.61412644,0.46452785,1.1370387,0.17479035,0.8886462,0.5000761,1.256958,3.8932457,0.78152496,1.0772785,0.4011081,1.8558931,0.7667962,0.3689924,0.7405302,0.6213494,1.3227593,0.5073391,0.10807702,0.0151666375,1.3143986,0.40927893,4.4723115,1.834188,0.7076566,1.0975366,2.5579164,0.9471769,1.4142008,1.6115692,1.0581282,0.11003959,1.4991071,3.0717168,0.22838373,0.27522585,0.25452408,0.43934637,1.558255,0.48372337,0.14922518,0.27506822,0.44791847,0.3225716,0.32417792,3.484286,0.4033333,0.5916771,0.6260822,0.76929677,0.15304294,1.0406408,0.537279,0.0801895,all_pothole_images\pothole_images_new_image_931.jpg
1.1610237,1.1132224,0.21582516,3.3847194,0.09038564,0.83856875,0.45856708,1.5208135,0.13433228,1.6877704,1.2778014,0.887899,0.03055041,0.47632185,1.5097653,0.16306682,0.44750378,0.39723128,1.0989075,0.57174945,0.41434255,0.49218133,0.8335694,2.0053031,0.5802122,0.15015303,0.33210793,1.4249227,0.33277985,0.6777595,0.43364525,0.21111763,1.8480123,1.8384947,0.098617755,1.4285904,0.015402981,0.93500686,0.5734399,2.3547297,0.3568812,0.17876722,0.60608673,0.060877897,0.55674124,0.32941592,1.5085065,0.07913946,0.49082527,0.19891332,1.5091782,0.88500404,1.6935315,0.18361165,0.09790857,1.297136,1.9307919,0.060418457,2.6603978,0.19723679,0.0883413,0.9584873,0.3161249,0.120776765,0.5303675,1.894367,0.31103286,0.12985872,0.4799863,0.28810275,0.3541526,0.2753272,1.0883387,0.29421842,0.719297,0.37249595,0.17808186,1.7336667,0.16114411,0.2724969,0.2847896,0.37005296,0.2198238,1.154762,0.7893651,0.31677654,0.40040657,0.22766161,2.3869271,0.8818147,0.028217621,0.40001744,0.51501274,0.3682456,1.0557463,0.54528576,2.3578224,1.6456387,1.1003735,2.7257917,0.03538537,5.4433928,1.3204718,1.2322601,2.175213,0.06388141,0.5483319,0.541717,0.86695343,0.25781628,1.6958873,2.0752785,0.6142036,0.53781265,0.33577895,0.0749581,0.380828,0.46917185,0.6405196,0.33917174,0.9733722,1.2582377,0.059773084,2.8560934,1.4300324,0.4496589,1.4296062,0.63431674,0.7360513,0.10256484,0.56649566,0.0,0.45755634,0.54352045,0.16190201,0.51479286,0.15319946,3.2344701,0.24962631,1.3378929,0.0045868005,1.5776678,0.13140477,1.9710383,0.58903205,1.7112119,0.4135633,1.6808505,1.1239792,0.76927143,1.8890239,0.24361473,0.024621584,1.271544,0.82575953,0.7152792,1.7490524,0.47017774,0.6708227,1.7751274,3.0919068,4.586353,0.06726953,2.2696247,0.71626264,0.14344908,1.4220164,0.25511962,4.0630865,0.97056204,0.1794352,0.108265094,0.1664222,0.14831275,0.060027685,0.9022428,0.3893325,0.062755615,0.06326736,0.018226381,0.87700915,1.0503263,0.15152238,2.9122367,1.3020015,1.03659,0.0015671054,0.87676984,0.6198217,0.94855386,0.008475842,1.167732,0.3313547,2.0731118,0.7371461,0.46512166,0.8797741,0.7319972,1.5788194,1.5298697,0.51093566,2.3952832,0.64432436,0.08549312,0.8403036,0.21239583,1.0661253,0.17184804,0.8444536,2.5501802,0.09025257,0.7326894,0.6717186,0.5969277,1.7978508,2.4805298,1.1338809,0.4453313,1.3059667,0.5406413,1.564503,0.28128982,0.1677954,1.3925405,0.0,0.1779195,1.7645986,0.46544775,0.24343306,0.5712973,0.8913223,0.24699952,0.77812815,0.19963537,0.26694086,0.0028212804,3.0449169,0.07514767,0.15679225,0.16335712,1.0383544,0.02395468,0.6454734,0.2745325,0.7385552,0.06636338,0.3468497,0.013496885,2.3295476,3.275413,1.8111389,0.018251946,0.07733607,0.18554129,0.049275428,0.31254828,0.7833621,0.59570175,0.29191107,3.2876766,0.27324185,0.254239,0.47582272,1.3589197,0.024394028,0.33251277,2.1885822,1.1954981,1.4742357,0.018718107,0.31930432,0.003141612,0.9481641,1.6447767,2.045349,1.0003743,2.7633448,2.2192101,0.7361267,1.0571473,0.8431918,0.21503705,1.0100349,1.5771009,0.6319622,0.64974695,0.81425923,0.05943595,0.14008404,0.0,0.11128006,0.2948469,0.115690134,2.115513,0.29940113,0.43632495,0.0073303846,0.5169173,0.17802098,2.6108885,0.908338,0.51150393,0.13276814,0.7733389,0.60256124,1.2404252,0.12785415,0.654105,1.2073658,0.86508423,1.7222934,1.9769061,2.532422,2.3294656,0.19583769,0.698938,0.5089793,2.4980726,0.3714278,0.2801461,2.5263727,1.113429,0.39938307,0.34449375,0.8574351,1.1761222,0.759298,0.102830544,0.7576102,0.734446,1.0978137,0.97024864,0.61756516,0.18390484,0.06382831,1.1041607,1.5420398,3.3799217,0.6579165,1.2556099,0.67576504,0.47728842,1.1751719,1.4135913,1.1154101,0.07900093,1.1845855,0.10231426,0.63419884,0.17253727,1.4049621,1.474311,0.44688916,0.39440212,0.012216248,0.16245116,0.065784045,1.6560714,0.17921445,0.3093237,1.1301266,0.48366648,2.164567,0.21831173,0.056535326,0.8722687,1.8741724,0.58762544,0.93574446,0.36888447,1.8022895,0.27848256,0.47569418,2.2259007,0.51166034,0.7879805,0.32073313,0.09172454,1.1201473,1.2960627,0.57749635,0.5417531,1.0663987,0.03380464,0.5617665,0.8981947,0.975786,0.009320255,0.050019715,3.3051453,1.5328224,1.9059439,0.0024240874,0.7828018,0.0,0.43332285,2.2886152,0.20973168,1.7327023,0.3022565,0.5580982,1.61842,0.6398374,0.18769206,0.336008,0.017551484,0.65937537,0.0428022,0.9399028,0.6040828,1.95088,1.2639621,0.34237993,0.55688703,0.0,0.92885983,2.704479,0.5834217,2.006526,0.5495018,4.148357,0.52306557,5.113985,2.1998553,3.915886,0.017957011,3.385153,0.37518755,1.7686621,0.76810265,0.4967002,0.40849265,0.037459712,0.11003998,0.45243543,2.1734633,0.52812666,0.062393945,1.4297314,0.17368317,0.7101885,1.2083309,0.20806716,0.044086207,0.00957454,0.01586506,2.965639,0.35042685,0.2211196,2.924477,2.054468,0.7615319,0.53633845,0.93105394,2.2723806,1.6923375,0.47689036,0.52039534,0.56493247,1.434997,0.95661676,0.03662197,0.06962044,0.05564374,0.118726,0.95458734,0.4261218,0.29715547,0.6234246,0.24440412,0.3508671,0.2532653,2.1281424,1.0298086,0.886035,0.02000961,0.10712778,1.0149012,1.7190465,0.20483363,2.2960413,1.7865921,0.7751493,0.14859118,0.001905508,0.018349929,2.5138457,0.050550334,0.84851927,0.10177501,1.2571927,3.2313573,0.15042107,0.19942077,0.0,0.58240926,0.3070151,0.19466922,0.39895758,0.029190902,0.64221406,2.3832538,0.53082436,0.05990413,1.3156743,0.6703227,1.8534396,0.64626783,0.03341455,3.4163692,1.3808309,0.75234157,all_pothole_images\pothole_images_new_image_932.jpg
0.0,0.13151439,0.6265879,1.6693355,0.59357184,0.109275,0.79304665,0.0,0.0073425975,0.26625332,0.15267853,0.22066078,0.17995748,1.9780133,0.22975816,0.018575933,0.21994573,1.2335079,1.414409,0.28108048,0.36926907,3.8709903,0.10427424,0.52272034,0.9721398,0.8910502,0.46447682,1.553491,0.012924095,0.4947799,0.4813895,0.08135752,1.1986238,0.0830669,0.34079462,0.5932706,0.63385946,1.5747793,0.12465017,0.4833686,0.09283576,0.34717876,0.5606689,1.364209,0.80524987,0.0,0.016077148,0.0,0.94241476,0.29334643,0.15519983,0.10391595,0.034053273,0.23664394,0.2021032,0.24651965,1.1613065,0.027438514,0.5537775,0.51610875,0.20828854,1.0021235,0.020179266,0.079546176,0.9514811,3.4868312,0.55738866,0.049203254,1.0396084,0.0,0.10648206,0.35693654,0.19331051,0.022161556,0.3016251,0.49830785,0.41196436,0.35045692,0.05984124,0.1217607,0.12803836,0.061925262,1.313418,1.1450195,0.23448624,0.34760842,0.15797271,0.0362924,2.0437148,0.085659415,0.013003366,0.5778521,0.037060846,0.028081167,0.40667865,0.577592,0.2796503,1.2463704,0.90360194,0.07315298,0.47907212,0.76952875,0.44707924,1.2781618,0.18628544,0.32959262,0.08992837,0.06409422,0.090081446,0.11688812,0.033081993,6.4248443,0.28571194,0.0,0.2998724,0.2919246,1.3853613,0.4842895,1.6721929,0.5336828,0.31580207,0.018609542,0.008637255,0.5035844,2.1802032,0.027424043,0.6358078,0.0064882496,1.1885029,0.1673436,0.20583929,0.0062036756,0.19091792,0.0054129227,0.2279614,0.76651204,0.07993435,0.53287756,0.28739434,0.0437968,0.030701773,0.30287904,0.67198926,0.8299509,0.0,0.11138622,0.26181883,0.0069037466,0.7314214,0.40796414,0.34615496,0.0,0.16348967,0.032657135,2.8428934,0.11489387,0.014295894,0.6006355,0.13743128,0.3674353,0.29327238,0.7116348,0.47736248,1.063526,1.4499542,0.2695246,1.3639807,0.22356778,0.8483284,0.81216305,0.010401297,0.1799385,0.03823521,0.0,0.83465385,0.0012198571,1.0364571,0.021510528,0.27820152,0.5483758,0.038673222,4.42941,2.9669032,0.0694207,1.1664156,0.8618167,1.0361804,0.07516829,1.1076171,0.7692859,1.1178062,0.83420205,0.016154932,1.6097687,0.12990944,0.123770945,0.44681937,2.7722435,0.40099645,0.24447152,0.2067833,0.08757483,1.3222525,0.6541499,2.2772925,0.019598914,0.06486975,0.33420146,0.56783044,0.29898304,0.013835532,0.040591814,0.48936144,1.8278546,0.4806018,1.1447423,0.06557843,0.090560526,0.410494,1.1726655,1.360487,0.101464584,1.1335908,2.3193047,0.20826021,0.018800598,2.154632,0.8193476,0.10003171,0.4700047,0.75493324,0.19550842,0.8242972,0.6104137,0.9398051,0.9353558,0.0762948,0.30257446,0.013970216,0.038939703,0.4167458,0.8615049,0.011882325,0.61668676,0.037160665,0.38102576,0.57882637,0.20986344,0.22363803,5.208086,5.397878,0.0,1.2364239,0.27386835,0.039567016,1.5215237,0.14084364,0.80012286,1.4044287,1.7293923,0.02790092,0.10136245,0.13293216,0.119967945,0.38439143,1.9077871,0.290157,0.30008632,0.55946594,0.681569,0.64086664,0.099103265,0.21802483,0.00087474345,1.0002599,0.62394816,0.16364825,0.7049943,1.5463401,0.18597314,0.50455815,0.16300645,0.004518829,0.22439054,0.47208792,1.5374265,0.48310092,0.5793058,0.14565945,0.023274863,0.20595914,1.1581218,0.34590495,0.9620802,1.2576824,0.30100757,0.3639204,3.4090874,0.14666311,1.8444324,0.29918408,0.51845455,0.01775357,0.33095512,2.4395344,0.08339888,0.016486045,0.99272,0.0990911,0.0,2.5979996,0.014171664,3.126765,0.30210596,0.0,0.606904,0.18666567,0.29859662,2.2118182,0.42580414,0.00043107782,0.38865954,0.036944054,0.96667606,0.3245997,0.75858754,0.10599519,0.0,0.6675489,0.21926607,3.48969,0.09615116,0.60598576,0.3655045,0.20033774,0.15167919,1.3136703,2.0041332,0.00932246,0.04937709,0.57593936,0.96662104,1.5035509,0.2313311,1.0257326,0.7454941,0.012588092,0.058100924,0.7002778,0.93428254,0.709897,0.1246978,1.1321018,1.6095886,0.0,0.7125351,0.0032642279,0.6825961,0.3544706,0.5533805,0.026465613,0.082123384,0.0035483532,0.5984929,0.07906984,0.91951954,2.7259583,0.59184396,0.023052283,0.8080742,2.5942123,0.38368046,1.302969,0.008285977,0.5289521,0.025135895,0.026379371,0.7643159,0.00811575,0.036812756,0.30161622,0.1001056,1.0139294,2.5367947,2.8266337,0.7677886,0.120417066,0.00032520213,0.12740448,2.1675901,0.8446361,2.4933765,0.46171865,1.4617224,0.18490307,0.020068344,1.6983231,0.09851485,0.034967493,0.15286422,2.6869102,0.021010501,0.21282981,0.7731796,1.0419006,0.0774611,0.6316072,0.80680704,0.11704087,0.12798718,0.0045713484,0.5429193,0.5173025,0.5058907,0.0001226094,0.0,0.050740115,0.22596137,0.35949123,0.28166035,0.6005433,0.07121768,0.39253077,2.9861536,0.24234205,0.111246645,0.2174204,0.6255967,0.1054636,0.22176288,0.1428728,0.4153284,0.20761184,0.46810547,0.8524374,3.9844863,0.20163909,2.7695506,1.6632138,0.07092025,0.19448881,0.0061017456,0.00042155958,0.05586652,1.6221519,0.0,0.32104585,0.17933562,0.13321897,0.24679622,1.3333533,0.50630236,0.382802,0.45884696,1.7605941,0.81968945,0.9029289,0.5590487,0.33219615,0.21116148,0.15361598,0.5806931,0.82136023,0.0,0.16167945,1.0284756,0.67528284,0.12762952,0.2697579,0.0,0.6854356,1.5995337,0.19580212,0.009812315,0.029342696,0.37005642,0.7057335,1.5081046,0.24395584,0.010965436,0.99568033,1.7470485,0.52308947,1.2702098,0.0,1.3091153,1.9985644,0.4293655,1.2850183,0.012085047,2.0080683,2.2882552,0.16842316,0.11096293,0.14854157,0.032632463,0.47132483,0.35049096,0.20250422,0.011498742,0.09406519,4.361413,1.9119983,0.367578,0.12301629,0.21258914,0.0,0.42593077,0.11613124,0.17367385,0.2626344,0.6180795,all_pothole_images\pothole_images_new_image_933.jpg
1.3270504,0.5981575,0.21259467,2.4457796,1.5990876,0.35212955,0.60920566,1.0436331,0.04214604,0.3615021,0.3343829,0.6800255,0.37511188,1.5688468,0.47045657,0.017481223,0.4917061,1.6862073,1.1328623,0.20171796,1.5578039,2.3816998,1.8231853,1.5854995,2.0824928,0.22695644,0.19513488,1.5027761,0.25594148,0.13442805,0.6989973,0.2634973,2.1783128,0.6939676,0.9528097,1.4013242,0.114642374,1.8729993,0.20706373,1.1954461,0.46447074,1.0080268,0.20204526,0.28771698,0.23082902,0.986441,0.9435706,0.009669331,1.7041124,2.311845,0.8457994,1.2085644,1.5428772,1.2566893,1.0817618,1.5011201,1.2140772,0.045672387,0.96932125,1.8111873,2.4208505,0.21268591,1.4382819,0.006774193,4.286367,2.257772,0.34054467,0.035977755,1.148843,0.021051874,0.3692424,0.009400527,0.36402923,0.4880476,1.458612,0.8084269,0.3633277,0.6846756,0.17863531,0.28677553,0.7051698,0.3126637,0.09307589,0.3933524,1.6985348,0.853759,0.13908297,0.4180644,2.206667,0.2913084,0.6201257,1.1968025,0.82046163,0.17064688,0.014115533,0.14757724,0.5006114,0.8721443,1.2422756,0.7810103,0.041309133,3.8308966,0.1593448,1.3415757,1.0915964,0.6619177,0.72154003,0.46765652,0.97092193,1.3765444,0.25896287,1.6910032,1.4294583,1.289235,0.94207853,0.23390831,2.5069003,0.24962452,2.6767104,2.1801631,1.1708783,0.9017548,0.98250717,3.5330684,1.5891212,0.17618646,0.21163099,1.2902418,0.64388466,0.0365418,0.41445586,0.60486454,0.3078314,1.3565847,0.35852304,0.5128439,0.26594138,1.5619752,0.5637639,1.0977788,0.88321674,1.7097312,0.66924614,2.7323852,0.7567846,1.2575337,0.87215906,0.42664444,0.0055250903,1.2058206,0.49012393,0.35260162,0.3829819,0.29770657,2.6501353,0.45254964,0.40896177,0.5823944,1.5795149,1.6657125,2.8781703,0.49483293,0.23855658,3.7435873,1.1751193,1.3760569,1.3970835,0.34286153,2.6007261,1.2696365,0.24394512,0.17384356,0.8854605,0.58057576,1.2943914,0.5651529,0.8395893,0.040990837,0.6303786,0.56268334,0.8569052,4.7149878,1.9741175,0.68035996,0.29485714,0.31983143,0.09227733,0.13700421,0.3638452,0.6108634,0.47100952,1.4570342,0.14915875,2.0361388,0.0,1.8510306,0.20888616,1.1706381,0.20253146,0.8057822,0.44348451,0.39913452,0.5706959,1.2855744,0.560332,0.779985,0.61606264,0.9730805,0.9184109,1.343095,0.00045896502,0.14832337,0.4855408,1.7687418,0.5291319,1.3854687,1.0378735,0.3030023,0.25830635,0.54475236,0.074604966,0.6882917,1.2187983,0.75320846,0.0026015479,0.4950099,2.1563592,1.2960225,0.32032993,0.5634726,0.7063868,0.40492782,0.105055556,0.17283672,1.2848029,0.055584382,1.2052634,1.0043169,0.3513133,0.1940231,0.12752402,0.013452842,0.36210296,0.052563947,0.10051566,0.09443499,0.46344662,0.70364594,1.039197,2.3350203,2.5192225,0.25845945,0.33170304,0.36939728,1.0189219,2.5049348,0.12463104,0.5173872,0.29980206,2.5947695,1.2055823,0.33826196,1.5404943,0.27201834,0.75918734,0.60781324,1.3250234,0.30661294,0.09118263,0.627193,0.604858,0.081473805,1.1429502,1.6883912,1.1255505,0.094946004,0.94668865,1.6541046,0.62970614,0.40134904,0.11233616,0.44991824,0.6393297,0.022936132,0.8323709,0.7800341,0.4426471,0.0260028,3.0564039,0.2167216,0.15493996,0.14844847,0.33189777,1.1758586,0.90665245,0.20408407,0.95422876,2.814244,0.19998655,2.0374937,0.069529496,0.13018788,0.05228529,1.4147264,1.1324292,0.36625716,0.32507882,1.2378168,0.37022755,0.59986717,3.4443908,2.6130345,1.8112922,4.0017,0.014053028,2.3197408,0.19880271,0.062240746,1.1863467,1.469122,0.89007837,0.21542642,1.2726107,0.8030009,3.5321465,0.8945245,0.01875752,0.4817924,0.22198583,0.84226793,0.7654923,0.23204646,0.11119767,0.52898633,1.3092775,0.0664965,0.3709108,2.3592792,1.6793965,0.8040429,1.3984963,0.3685702,1.4551028,0.0015178414,1.9604373,0.4978826,0.89811224,0.6420805,1.3596823,0.5152636,1.0094334,1.0573821,1.8465629,0.34102187,0.42968684,1.1731074,0.15670003,0.6019928,0.46438622,0.051843643,0.9384256,1.2569342,0.093408965,0.9431205,0.036660954,0.54253465,1.7655429,0.14818026,0.25454304,0.8763426,1.8861663,0.7692105,0.48164335,0.27497953,1.0934348,0.07300051,0.18421651,1.0197368,0.6160878,0.86047626,0.9381237,0.008042595,0.09247065,0.35440248,1.7035685,2.2256148,1.3998001,0.057743363,1.7304077,1.4260545,0.6931367,1.8881079,0.2526295,1.2052294,0.6519116,1.0989898,0.3429179,0.41165873,0.040630706,0.17784998,1.0577486,0.6082664,0.7600398,1.1970426,0.050975915,0.15257202,0.34113264,0.25938404,1.2957857,1.3205914,0.8818631,0.8801,1.1730489,1.3485378,0.017741596,0.8600398,1.0177065,1.089669,0.74440664,0.34295756,3.9730725,2.8713992,2.9624424,3.377526,3.9338284,0.36629942,2.5409255,1.1204053,2.03204,1.3399282,0.03127012,1.2958058,1.8609774,1.6191789,1.7943795,2.636611,0.16764866,0.67583096,0.1288667,0.1214605,1.0034779,0.6681816,0.2919383,0.66856104,0.8168508,0.008739433,1.0088371,0.21899496,0.48576003,2.4769108,0.14578009,0.23664396,0.36598167,2.7665896,0.39151755,1.2271632,2.137609,0.8611314,0.7751667,0.20291519,1.4672166,1.8873446,0.31947187,0.39128578,0.73816895,0.3438787,0.7057419,0.0029530127,0.8697539,1.4367493,1.9993416,1.8202267,0.4434733,0.12949167,0.44749776,0.53345054,0.43951243,0.81973046,0.99999875,0.56780577,1.8163674,2.1542664,0.31291384,2.147127,0.05780198,0.78362155,1.376571,1.2394599,1.7721695,0.40178946,0.6861301,0.6507797,0.86856294,0.0074154204,0.42198655,0.30179015,1.2168485,0.0009978992,1.5807472,0.5389088,0.10804583,2.1873474,1.2268771,1.1250219,0.51964146,0.08550256,0.012075712,1.3103654,0.14684781,1.5630504,2.548974,1.1290784,all_pothole_images\pothole_images_new_image_934.jpg
1.9159293,0.39662203,0.06990768,2.3353536,0.14094914,0.18389362,0.09451063,0.3646373,0.8377269,0.18031451,1.7856282,1.331768,0.7121475,1.5159292,1.0591706,1.0044847,0.065701425,0.38580313,0.47285312,0.112919085,0.7103705,0.464215,0.003142986,0.13730045,1.1143463,0.3350886,0.48008734,2.164729,0.89172494,0.2686523,1.5081186,0.41235536,0.784537,1.4831576,0.5977168,0.9726284,0.15444578,0.78100747,1.4936831,1.2612585,0.9961154,0.14496513,0.94744885,1.4675791,0.3922591,1.2748326,0.97677374,0.56000966,0.3176153,1.6231365,0.59216064,0.38407746,0.19725063,0.05563187,0.103448495,1.5407865,1.7556404,0.1045794,0.2314726,0.074207865,1.0082091,0.0,1.0582898,0.92027485,1.2245334,0.6760787,0.040895443,0.0998966,0.29478014,0.19242023,0.32217512,0.08974663,1.0249325,0.5585482,1.5407934,0.3549863,0.97028273,1.2142105,0.17035408,0.35336158,1.3446594,0.8958957,0.095214784,0.36248282,0.23532131,0.5076807,0.14831926,0.0699935,2.1615126,0.31368905,1.121544,0.1679813,0.7133317,0.41438195,0.015266774,0.27787697,2.1940334,0.32842943,0.50078183,0.4880743,0.11781506,2.0190482,0.24280283,0.5240671,1.6568621,0.11101081,0.8973823,0.6409881,0.63519675,0.08953673,0.0,0.7473065,1.8745486,0.07955871,0.40290958,0.5695417,2.5726068,0.6382984,1.3443156,1.2174451,1.8578026,0.069224246,0.10026007,0.29607153,0.31488204,1.0104711,1.9790746,0.97677857,0.89316666,0.062118042,0.2947304,0.004190545,0.009404329,0.18594843,0.47361928,2.3547895,2.1556003,2.1858807,0.9300177,0.026047552,1.4537116,0.0854187,0.09128515,1.380187,0.8127674,1.9102135,0.32622212,0.9683,0.6715139,0.47304377,0.8500679,0.72044766,0.019570028,0.5219969,0.08482447,0.57296664,1.0065349,0.013708518,1.0515218,1.1121795,1.641028,1.6818792,0.067003585,1.0498285,0.38697472,0.8836665,0.037108965,0.11044545,0.50302,1.5813065,0.4157837,0.6990445,0.32750365,0.30787537,0.008487467,0.6021489,2.1960554,0.0,0.44183517,0.6832237,0.26621795,1.4945434,1.5462724,1.1023421,3.1724784,0.8557636,0.862715,2.4267983,0.83968097,0.74831015,0.13669108,1.1160799,0.44765696,2.6478267,0.4529406,0.15659797,0.77797276,0.38111088,0.8066104,0.45486602,0.445091,1.2666099,1.0535192,1.0952108,1.179332,0.22663891,0.8752505,1.603036,0.49515224,0.051432364,0.004745651,0.0021278674,0.45732477,0.028658615,1.9009548,2.486833,0.06661892,0.43123543,0.8503632,0.0018463406,2.0818012,0.33021688,0.6809073,0.81413394,0.03578341,2.4002247,0.7645027,2.0451565,1.3638536,1.5602096,0.07654305,1.5349483,0.12049452,0.97830784,0.24306433,0.37021753,4.0476975,0.13962145,0.42192924,0.47161174,0.058285315,0.21137145,0.26598525,0.6306018,0.39460328,0.003300911,0.86386645,0.6103197,0.65525925,3.5395346,0.60693556,0.9715887,0.82072276,1.3335319,0.2551309,0.048423134,0.97163874,0.33707115,0.25304222,3.010516,0.021761285,0.13712656,0.42192778,0.9259831,0.7059306,0.51245916,0.049714994,1.2774119,0.25394756,0.28625712,0.79574454,0.7382263,0.0014206427,0.8281399,2.0617526,0.86043733,1.6820353,1.7493225,0.08268388,0.7094398,0.12668596,0.8838919,0.3222279,0.8725936,0.44146046,1.1891956,1.624531,0.18123478,2.3139017,0.47690165,0.23637278,0.72978157,0.370592,0.39850602,0.8818507,0.0059974752,0.6760052,1.2401329,0.44283718,1.1329128,0.26312387,1.1329111,0.57663095,0.21152252,4.8209844,0.5820232,0.37332317,0.011878172,0.085508235,1.3098664,0.20289475,1.7396162,1.9577612,1.3972987,1.073545,2.5842113,0.004955125,0.25819194,2.2096276,0.62863284,0.55308574,0.78465813,1.2941966,0.18012138,1.0711766,0.50615454,0.5391381,0.071389854,0.35509428,0.087471046,3.7699363,1.4640701,0.18713647,0.28039733,0.32714698,0.27617562,2.303745,1.0106821,1.5377468,1.5402282,0.58303094,0.9602728,2.3569958,1.1483471,0.12863356,0.5467052,0.1766298,0.41820973,0.7450948,0.023606539,1.4058589,0.7314059,0.11386287,0.08453371,0.95070076,0.55569947,0.19042689,0.61396086,0.21626526,1.6931856,0.124234974,1.161755,1.9541149,2.5583968,0.18862234,0.00053585303,2.7158482,0.5167076,0.071418636,0.84853274,3.1614037,1.2038838,0.26927945,0.049684387,0.21046817,0.10444995,0.019566102,0.17265888,0.79561925,0.86089534,1.4895166,0.029249199,0.07104054,3.4990406,3.9757767,2.2209828,1.7033448,0.0,0.03512509,1.0901023,2.9409328,1.2663691,0.72087765,0.0,0.8516525,0.006271907,0.6349753,0.29899436,1.6770844,0.075608954,4.6342087,1.8166199,1.6319333,0.095805936,0.34862128,0.6928758,0.5257638,0.3031693,0.22977555,0.008627978,1.6338041,1.2448093,0.35875678,1.5834432,0.21535869,0.6781408,1.2568253,0.86816204,1.1128747,0.21599753,2.6000266,0.52338487,1.3745098,0.7138609,1.7753296,0.00417803,0.6616672,0.6631765,1.056128,0.8124223,0.27538744,0.33948585,0.8098946,2.4294643,0.34117368,3.8816233,0.6931395,1.7867042,0.098462895,2.3840935,1.583657,2.0541189,1.4683596,0.63826627,0.4054679,0.04460351,1.058818,1.6205956,0.08145457,0.9391172,2.1549191,0.34125885,0.032401126,2.6907432,0.18494217,0.16991585,0.13775407,0.55285835,0.9104142,0.9401276,1.8203824,0.3709601,2.0927591,0.383226,1.6014189,0.39702955,0.34334782,0.005588065,0.92513084,1.9041122,1.0604779,0.23298872,0.8545797,0.29478306,1.1748033,0.48433372,1.8157345,0.6757231,0.79233116,0.115109615,0.014586693,4.1994205,1.3591713,0.05623466,0.07344646,0.102683395,0.34559342,0.08377622,0.54152,0.12405173,0.8590938,0.08402764,0.0069718105,0.78960955,0.49887916,0.1072876,0.0,0.093596525,0.56138253,0.8767715,0.39139307,4.6568274,0.8298595,0.3802443,1.5285171,1.1544744,0.43162224,0.07216682,0.25348648,0.88287866,0.7198151,1.5422441,all_pothole_images\pothole_images_new_image_935.jpg
0.00128483,2.2647126,0.55489683,1.0236878,1.2597365,1.0348008,0.25096083,0.04794654,0.7582335,0.0,1.4432588,0.4477617,1.2161767,2.35464,0.5421445,0.48024127,2.0957568,0.24470033,0.5764559,1.1696103,1.2314727,1.554315,1.0683405,1.7052078,0.37176076,0.4363812,0.1972532,0.8183311,0.15663329,0.3204848,0.49007162,0.17728534,0.54589325,0.06389445,1.017138,0.25938395,0.9127862,0.6333065,0.7723948,0.013857462,0.16046695,0.20791657,0.19756262,2.7192519,2.3884377,0.12230232,0.21993487,0.0,1.0301839,0.36190897,1.8939494,0.4905946,1.5263755,1.2915621,0.04421381,1.6278826,2.4662786,0.7618123,0.23147726,0.32700175,0.3502847,1.4339774,4.2232594,1.101482,0.2852622,0.0100370385,1.5899781,0.7155243,0.3612173,0.5263369,1.5971593,0.46231326,0.4016805,1.2013321,0.9950504,0.8294869,0.2243407,0.8884506,0.19963264,1.4116875,0.1761406,0.53443104,0.9493198,3.19061,3.0986664,0.6692683,0.77186847,0.80583346,5.418925,0.9140427,0.18135728,1.3070261,0.30739293,3.8500223,0.7190811,2.229087,0.2549365,0.33499274,1.225226,0.8782011,0.079572834,0.4535552,0.73794794,0.06604545,0.6875131,0.35317254,2.2610848,0.08554075,0.3016473,0.26790798,0.33977142,3.94684,0.30524883,0.76434374,0.6322298,1.3400142,1.2284317,2.2762225,0.6631182,1.4062802,2.02024,1.4425478,0.8758439,0.28676224,1.9837359,2.0345306,0.7256139,0.46797568,1.6100103,0.64567375,0.5200223,0.7405951,2.3087635,3.166016,0.0,1.0083619,1.2912196,0.0,2.4109359,1.2239883,1.7601938,0.8065776,0.6701037,1.5149218,0.23126769,0.38691214,1.7522542,0.08986554,0.4777746,0.25659478,0.0,0.09718174,0.9668389,0.0,0.25913772,1.8898517,0.22688797,0.5541409,0.14591052,0.039144456,0.39147592,0.2731858,0.29286218,3.261474,3.1274588,0.37418738,2.4680429,0.93180513,0.577697,0.31454626,0.62252426,0.30629468,1.5675464,0.24191393,1.7957159,0.04890034,0.7826684,0.7650098,0.33789995,0.271552,1.4265485,0.8339285,1.4113604,0.11218583,0.1565106,1.3304939,2.9067752,1.0498734,0.9342444,0.18808413,0.79896015,3.0879889,0.39144826,1.5919225,0.18061018,0.3385711,1.001056,0.6201652,0.40263104,0.22173977,1.0191181,0.89367306,1.2137524,0.111680366,1.127696,0.28852615,0.2910457,0.20050173,0.4300412,0.6757898,0.23325667,1.4800725,0.11718293,1.3621969,0.96407455,1.320067,0.36713183,0.005316357,1.3535955,0.09388812,2.0704322,0.12730642,0.2384739,0.7314136,0.22513257,0.32694376,0.5263533,0.6968997,0.47322163,1.4923289,0.84468484,0.9675948,0.44851136,0.31836432,0.19646235,1.7697105,0.7051964,0.09057031,0.03936279,0.63391936,0.0074340547,0.6827273,0.0,0.0,0.73724186,0.0151462555,1.250631,0.21856576,0.5577537,1.6919398,1.0727419,0.033206884,0.34125945,1.2541276,0.86081046,0.31854182,1.3192024,0.95346564,0.15361856,0.81836826,0.14796774,3.0968184,0.6693889,0.035455592,0.53595465,0.53168744,0.02522088,1.1723572,1.1702015,0.9282945,0.23111907,0.12323516,1.2162586,0.43015087,0.14430135,1.1620753,1.9044881,0.32944432,0.17004552,0.069999225,0.3131354,3.9228384,0.28845155,1.095878,3.6685824,0.53341466,0.57511973,0.3005264,1.9603776,0.9544936,0.081127584,0.3728179,0.44287443,1.161905,0.8508036,1.9370699,1.0679439,1.2329625,0.4957674,0.052602824,0.0006313627,0.2443231,0.041017696,1.9362851,5.6314697,1.4272585,0.5000105,0.113901965,2.566838,0.45689118,0.54115254,0.14264879,4.296518,1.4461482,1.4145685,0.068480104,0.31938347,0.100224204,0.55683523,0.14249003,0.1679645,1.0812832,0.078717664,0.5640101,0.19183168,0.29206136,1.0816101,0.48061702,0.47921193,2.305341,2.851094,0.35184202,0.19617254,0.59817296,0.18136927,0.262861,0.8316858,1.2036947,0.96978486,0.17219824,0.70647967,3.4602294,0.4152405,0.36986688,0.4376805,0.04141783,0.93044055,0.17582056,0.07877645,0.13508525,0.41968474,0.07855687,0.5960625,1.2625699,1.458901,0.38406536,0.9538554,0.2355448,0.4928292,0.21787363,0.26267,1.3119768,0.4742395,1.3709645,0.004431645,1.1099408,0.6975219,0.35505092,1.3087924,1.0004097,0.6212423,0.4864242,0.8342682,0.77152336,2.0012186,2.6045346,0.9151658,0.64074665,0.16919895,6.434549,0.9397505,0.23459615,0.63140154,1.0072839,2.8241413,1.2923228,3.68447,1.4224151,3.7130306,0.29822376,0.8997309,0.20421906,1.1266458,0.9167833,0.046176203,0.45082873,0.63336027,1.9992625,0.31554088,0.23608787,2.495142,0.7667982,0.062438663,1.2776728,0.23795073,0.18185008,0.21075256,1.1131331,0.024545796,2.5704594,1.0097641,0.67708397,0.5115004,0.56293297,0.6564219,0.7186668,1.0711015,1.6676236,0.21037635,0.06603933,0.16548927,0.46783465,1.357919,1.0428342,1.6768364,0.34185326,0.16166858,4.64268,0.62904966,0.4936577,3.8363273,0.70101655,0.017214546,0.17685479,0.8784738,1.3797493,0.11011524,0.47043818,0.3107233,1.4652168,1.6381761,0.702667,0.77349216,0.13427408,0.16609119,2.6986117,2.9644675,1.7205284,0.35773152,0.36750934,0.3988696,0.3374369,1.1893864,0.08254301,0.65341824,1.6038523,2.9355078,0.3488803,0.0,0.5445596,0.55478805,0.4387782,0.9514051,0.030064758,1.3924313,0.13589838,0.0,0.112305656,1.4264339,0.2834678,0.70295715,0.34939042,0.07880356,0.57669294,0.13275181,0.83052456,1.5220517,0.2366714,0.3677615,0.4476334,0.024245694,3.0621855,0.12068659,0.13296218,0.23599957,0.818963,0.4084243,2.1850994,0.42494434,0.15495399,0.27310663,2.3873935,0.51808697,0.013845056,0.0010202837,0.08190032,0.7897958,0.13819903,0.055049658,0.31381568,1.0430868,1.1528902,0.076992966,1.1008526,2.5556939,0.4834867,0.10210477,2.5239465,0.06970499,0.008470316,2.7850127,0.29074562,all_pothole_images\pothole_images_new_image_936.jpg
1.3786285,1.6925697,1.6102248,1.0185516,0.47895247,4.249826,2.1416955,0.002828433,1.3231313,0.6145608,0.43304893,0.0,0.7182244,0.02979301,1.5804085,0.21660197,0.16394304,0.123735465,0.9501022,1.3895024,0.23348278,1.7809933,2.2669191,2.5880058,0.024485094,1.1623344,1.0033683,3.0201416,0.2911477,2.0748234,1.7215856,0.09586706,0.6493404,1.8492357,0.6292234,0.11508109,0.23068883,1.4850037,1.0693611,1.3270147,0.43697077,0.1702622,0.02196309,0.7565649,2.3700693,0.00027911394,0.9074724,0.058841135,0.5217099,0.6312163,0.63288325,2.3000026,2.8694305,0.20089713,0.1138526,0.53762716,0.85561854,0.093401924,0.3288494,0.5732045,0.005319154,1.2907237,1.5667268,1.5235012,0.013555063,3.3301497,0.80623657,0.008979641,0.16582556,0.10580096,0.09832141,1.2612814,1.4420886,0.5413317,0.056089662,2.0472639,0.27384782,3.468517,0.33364633,0.8810588,0.49043858,0.8172207,0.3907985,0.4622552,0.6336883,1.3237981,0.38953006,0.71084607,7.223857,0.043170124,1.0012828,0.1883661,0.092838496,1.5755845,0.99957603,0.05956941,0.770415,0.34420094,0.28137964,1.553325,0.0,0.27702385,0.007209705,0.46560633,1.5596123,0.18178174,0.0390743,0.20166595,0.44446486,1.9277216,0.39273876,5.4893055,1.6461915,0.2215501,0.0,1.9444046,1.8891665,1.6771708,0.06271083,0.4287037,3.3961275,1.8104998,0.42746118,0.051074125,1.8117638,0.18111086,0.028970927,0.2465498,1.841005,0.048300933,0.4289452,0.058492407,0.50514805,0.010026645,1.1571978,0.042359404,0.3276001,1.278052,0.95011497,1.3778725,0.67294437,1.5613372,0.31432533,0.25180486,0.48596936,0.17608325,1.666734,2.5776253,1.4177756,0.85488236,0.3753397,0.36967117,0.50054485,1.7723038,3.177211,2.122481,0.032389734,0.036889996,0.17655337,0.108049564,2.6957636,0.53887343,0.42077208,0.6659172,0.7049108,0.22592402,0.6323318,0.23053356,1.8148373,0.7135544,0.07107646,0.17589954,0.0523237,0.19034405,1.8666173,0.0,1.2387197,0.01692258,0.3440848,2.653814,1.3271774,3.105337,3.6439855,1.7364458,1.6383433,1.105589,0.07791333,1.8562078,1.4503398,0.70295244,0.007860419,4.502738,0.0,2.093818,0.77117205,0.1794367,0.1989931,3.1343138,1.1557825,2.5227435,0.1565372,1.4034644,2.9156835,1.1261878,0.6808862,0.9998872,0.5996579,0.32689655,0.898612,0.0,1.4044145,1.3468505,1.4685404,0.027513519,0.3203255,2.7394683,0.3571672,0.9490235,1.9038438,2.5540996,0.60805285,0.03925875,0.68961716,0.782789,1.3512197,0.07200268,5.040073,0.1498468,0.36908588,0.063633405,2.1891346,0.12550315,0.7738508,1.5618995,2.6274061,2.1012123,1.1031232,0.07374965,1.1641142,0.076734394,0.8044391,2.0923333,2.0915527,0.14582957,0.08780582,0.29082176,1.9858629,0.73810226,1.1436143,2.3246994,1.1779788,0.02477028,3.3149064,0.23290637,1.4079453,0.28165212,0.99347436,1.281476,0.12913789,0.70862705,0.2820323,1.5286481,0.2241798,1.8130836,1.4021095,6.5930424,1.1055738,0.2137481,2.1898909,0.09263815,0.11971802,0.021148974,0.03417254,1.8142223,1.6474235,0.80208474,0.7828741,1.8014181,1.4204861,1.1404574,0.0735093,0.030981,0.0,0.19102731,1.3219371,1.9308702,0.86537766,1.7622228,0.083503276,0.10613363,0.99734557,1.6954784,0.88972783,1.6649681,0.11452491,0.035908606,0.13439077,0.5703021,1.4866692,0.090834595,0.15100639,0.3610997,0.53040844,0.38885745,3.4634418,0.5659936,0.1767798,2.2676456,0.3867644,0.2999853,0.14453703,3.503575,1.7280507,2.9067454,0.078108884,0.52814555,0.4639729,0.8866478,0.42064896,1.5842597,0.0850231,1.4020865,0.08896281,0.49842697,2.055126,0.37607288,0.33583614,0.078738205,1.4275041,1.2896761,7.4346523,0.06266181,0.01736648,0.13903534,0.08807354,1.1510836,0.44616058,1.0553215,0.35606804,0.36906958,0.74653655,2.3309896,3.8325167,0.056034118,1.3955177,0.45211568,3.0009007,0.34782135,0.046773527,1.0778531,1.3681529,4.3467903,0.41954297,1.2745175,0.15234196,1.405161,0.020690754,0.6329502,0.20042638,0.60386693,0.02916937,0.08317541,1.5109584,1.1501187,0.2429127,3.0688558,1.2244352,1.0994893,5.992274e-05,0.13393973,2.1112525,2.3009167,2.3908832,0.26224864,3.5175068,0.013622785,0.40705854,0.36982846,2.413451,0.47617182,0.23276228,0.13102257,0.17618881,2.6730745,3.7207866,0.71960485,0.06642564,1.2453829,0.08115349,1.1671513,1.2202325,5.03013,0.51701283,0.3182024,0.17622979,0.99263966,1.037079,1.4294189,1.8126532,0.6092178,1.4265906,0.33164814,1.9215963,0.8987653,0.0,1.5453756,0.06918275,0.22447881,0.028019639,0.40360293,0.55376875,2.6739202,0.5103712,0.4030992,0.018997386,0.37592697,1.0994514,1.1788168,2.06561,0.0031443639,1.1922305,0.09794537,0.9938306,3.7137525,1.831623,1.2403677,1.2687132,2.315556,0.31027967,0.46296552,0.18698299,0.39763704,0.44570988,0.17717844,0.3793381,7.1712074,1.0187072,0.67186266,1.0704434,1.3944443,1.6644254,0.050146382,0.2269867,0.088431776,1.7697607,0.29933473,0.84366125,1.4088963,0.23879537,3.1224551,0.99771196,1.3653809,0.20575278,0.9645897,0.85097605,2.6540112,1.4820294,1.0130703,0.45829508,3.3862429,0.1438192,0.10551004,0.25424263,0.3444166,0.6161323,0.002347114,1.2292063,0.02108711,1.1167176,4.168887,2.886546,0.33648032,2.094707,0.09083937,1.8435019,0.52723485,0.39810345,2.1839309,2.2867925,0.620213,0.6680351,5.6771083,0.6735568,0.42644492,0.0,1.0531632,1.9951972,2.0716643,0.7395613,0.011688147,0.0,3.6594284,0.41785166,0.07933954,0.08531594,0.0,0.08354035,0.36322188,0.37761065,0.16093892,0.018511385,3.4883802,3.218914,0.49401364,1.6014898,2.3643548,0.16265406,1.2807372,0.1823681,2.503668,0.27025098,0.39401564,all_pothole_images\pothole_images_new_image_937.jpg
0.12442212,0.4914747,0.73377717,2.4227347,0.3604456,0.1879605,2.1333022,0.12717986,1.5360099,0.59065735,0.93601793,0.26646858,0.9127093,2.7266474,0.003847276,0.88312286,0.55865985,0.88119614,2.5017836,0.021929108,0.15010728,1.796568,0.13945317,0.99793255,0.53167605,0.05604519,0.61930305,2.2990322,0.64014214,0.16921857,0.19506828,0.39079502,1.4258751,0.89445496,0.098502494,0.87948304,0.0031825134,0.2417318,0.0585527,0.005334839,0.5216201,0.028116122,0.63997316,0.5998511,0.51873076,0.072157934,0.98015875,0.0,0.18131563,1.3998258,0.10681625,0.011522299,0.55704063,1.0511001,0.19378592,1.8633909,0.32697642,0.4675096,1.7281591,0.39728725,1.7943372,0.4262331,0.47709027,0.65469164,1.777959,1.7230339,1.9927536,0.018442443,0.23302272,0.24874936,0.27745554,0.0,0.20531295,0.0581605,1.5152544,0.29336885,0.03354098,0.48305607,1.6862891,0.015966153,0.122698896,0.040875982,0.26595196,0.89547104,0.40901223,1.0765617,0.6941521,0.1685706,0.33363387,0.58385146,1.3565704,0.18688418,0.064904414,1.0710678,0.7435474,0.24644248,0.15213083,1.8895591,0.016300242,0.4250328,0.019042037,1.0747503,0.022425015,0.43485126,1.4372317,0.3842718,0.13761878,0.2886127,0.037684973,0.20942856,0.26076138,1.2371857,0.06882831,0.335283,0.3379304,0.0,1.2152419,0.6222172,2.1991751,2.3645658,1.8739605,0.44759268,0.28628668,1.580437,0.50046617,1.3133756,0.2107605,0.20200744,0.5361794,0.30296922,0.6811149,0.10015996,0.23124796,1.4564155,0.33206958,0.496086,0.5648685,0.41769573,0.13435543,0.7460687,0.29564694,1.2729813,0.2947631,0.09616055,0.48938578,0.5543122,0.18828213,0.08302048,0.44061407,0.35503387,0.10802565,0.5448352,0.027320817,0.16988361,1.3059788,0.37721297,1.3112112,0.1545104,0.03996358,0.6396146,1.2591041,1.5829943,0.0021299678,1.2560443,0.6219322,0.053270787,0.7920399,0.19040033,0.6386591,4.178562,0.33365998,0.06485176,0.002126629,0.6512823,0.49774504,0.8446643,0.9536914,0.015394573,0.19051692,0.324573,0.030526038,1.4190136,0.99751246,0.26303574,1.0343089,1.9628617,0.6879347,0.6183551,0.89746404,1.112078,0.05544642,2.3191676,0.34162736,1.2235969,0.14215882,0.24412495,1.9767708,2.6618977,0.4533007,0.32053274,0.042792477,1.0192326,0.66591716,0.31144387,1.3821337,0.6294769,0.5281296,0.19577967,2.9833975,1.0861766,0.23322248,0.07557002,0.061590165,0.6399349,3.7704136,1.906031,0.21214648,1.1662415,2.6976483,0.29369438,0.19151779,0.73452336,0.60552365,1.5242721,0.0,0.0,0.6821102,0.13867907,1.5380806,0.26929975,0.15493475,0.15502404,0.35837418,1.6003019,0.45569935,0.25076994,0.2685291,0.17465301,0.5657038,0.8714026,0.11115364,0.8438273,0.3098138,1.7650396,0.4820592,0.3021234,1.0263313,0.4297582,0.2523135,3.540085,2.0437698,0.0,0.19018923,0.32070532,0.27208936,0.7955453,0.2246417,0.9006589,0.31174594,1.0536326,1.113889,1.0667756,1.1624818,0.61185426,0.35936347,1.2339404,0.23152217,0.43638486,0.6981944,0.4550876,0.065014966,0.49181268,0.29481223,0.07347719,0.0029917702,0.585023,0.676491,0.22639835,0.5029049,0.05449685,0.5762293,1.3728887,0.12927455,0.750302,0.69112104,1.0646418,0.64726084,0.24971768,1.3053042,0.0034532612,0.19601136,0.21200733,0.60515666,0.5317843,0.64181435,0.039312217,0.26505217,1.5631008,0.035250388,1.2773005,0.5816344,1.0264295,0.076534584,0.1266521,2.5112681,0.024707526,0.6198363,0.34715667,0.7096649,0.07514579,1.607124,0.92849594,5.9765706,1.7752675,0.9727604,0.9618402,0.0026213774,0.41714743,1.110033,0.44089913,2.469922,0.3545365,0.4377289,0.33813864,1.013458,0.12733884,0.35326424,0.0,0.034097284,0.18872292,2.3059878,0.18456708,0.048027314,0.079645075,0.39851293,0.14074233,0.47902375,2.521262,1.841242,0.08484114,0.16113824,0.719161,2.3328817,0.21802711,0.6817624,0.48537478,0.1935364,0.039589968,0.23015766,1.0654352,0.9531576,0.8834082,0.948728,1.1587334,0.5733086,0.32117912,0.0120375315,1.1901623,1.5361346,0.60170645,1.1608546,0.06469271,1.0926211,0.03586054,0.03415807,1.4643856,0.46120292,0.149108,0.19700776,1.236879,1.1957054,0.39660266,1.9243405,0.18738584,1.0514957,0.7909943,0.0037172567,0.036939375,0.269956,0.98770887,0.6464035,0.89482105,0.38680103,0.7954483,1.5608704,0.96235967,0.27739733,1.0148978,0.571969,0.6097636,0.95016724,0.95886666,0.9967748,2.418672,0.48905036,1.1499196,1.1151296,1.567593,3.939085,0.017545056,1.8910606,0.165422,0.1894692,0.09647528,0.32805955,0.4486038,0.36523774,0.06092845,0.1369397,0.056709487,1.7405212,0.9201755,2.1107352,0.0035772766,0.15709078,0.06223732,0.84448737,0.04550039,0.2234483,0.09919885,0.0003293877,0.084469475,0.19789547,1.2738109,1.221307,0.6503739,1.8958123,0.2923907,0.14114785,0.28573745,1.2092204,1.0424165,0.44720134,0.02465089,0.14201997,0.8281205,0.33696812,1.0476291,0.018839639,0.4019524,0.5909287,1.0792258,1.171744,0.24087718,1.3335148,0.23624036,0.8336508,0.3223976,0.8458339,1.5448269,3.2676578,0.12002042,0.6065574,1.335381,1.0382026,0.25447986,0.30682182,0.05318819,0.38712558,2.232618,0.6491287,0.39791882,0.4638743,0.83686554,0.9777246,0.8075832,0.57686985,0.10907669,1.0537639,1.7298726,0.18997987,1.2693261,0.046779886,0.16185786,0.26013097,0.059048716,0.8056814,3.300803,1.1687853,0.18253294,0.71630406,1.251852,2.203398,0.10982741,0.002853912,0.7297517,0.5311635,0.006965837,2.6556094,0.6234759,0.7973334,1.3859942,0.39044464,0.0015603498,0.28513178,0.0068807574,0.08609876,0.44924828,0.23249398,0.33198744,0.89210165,4.60013,1.3035746,0.10565131,1.1933749,1.0411174,0.4995522,0.9260768,1.0027055,0.08368699,0.57468003,0.12915449,all_pothole_images\pothole_images_new_image_938.jpg
0.0076102833,1.0661311,0.12117027,1.2929592,0.064120166,0.19775288,0.07857928,0.023296384,0.7832275,0.23847657,0.05112362,0.14886257,0.060189743,0.4978661,0.11617667,0.23119718,0.0,0.94801474,0.15659831,0.070703775,0.02524114,1.0698081,0.104741685,0.23890255,0.10511395,0.5421431,0.23805217,0.47286987,0.38172194,0.26267102,0.45994923,0.28285173,0.2227618,0.08361082,0.089079924,0.08617191,0.19683687,0.044586025,0.16070884,0.018353652,0.20843127,0.21874112,0.11855337,2.6266665,0.48990828,0.0,0.27290422,0.20520853,0.0,0.3462691,0.16634086,0.14006495,0.08075602,0.011314481,0.06125196,0.5080001,0.87064373,0.5423824,0.065487474,0.016971799,0.18694082,0.18063517,0.11838919,0.13087302,0.95365196,0.25246245,0.052185066,0.0061159437,0.0,0.21736689,0.006984077,0.049385186,0.04033813,0.012174473,0.42164332,0.028553855,0.21088946,0.37660694,0.035984516,0.0,0.037152264,0.40928987,0.07906586,1.8690618,0.2115106,0.12110489,0.36847472,0.0238704,0.686717,0.16314445,0.0,0.1980404,0.097984105,0.004928982,0.3451799,0.19615526,0.11455388,0.6218809,0.1612329,0.054835975,0.5004284,0.0140980575,0.34040996,0.28422138,2.0389693,0.063416354,0.1746356,0.069455065,0.26113877,0.29542983,0.013897353,0.4551885,0.036475386,0.0,0.18605655,0.10314957,0.48542902,0.14491007,0.7738808,0.084826484,0.5942731,0.0012044176,0.030540898,0.46052185,0.27869153,0.14013475,0.1832805,0.0,1.1904956,0.047913317,0.042510062,0.08398609,0.08146968,0.0,0.08213377,0.37923303,0.0144187575,0.5554543,0.24481599,0.018413294,0.021534972,0.13815732,0.3351879,0.12888122,0.1251257,0.060777515,0.0,0.15949392,0.13810839,0.08404599,0.84597665,0.049852945,0.096753724,0.30593935,0.5718225,0.11927641,0.14420734,0.03185547,0.10426188,0.18470697,0.12668402,0.86362827,0.32916486,2.4900508,0.4648038,0.021243168,1.4031352,0.3602275,1.168592,0.38594857,0.016961494,0.0011813071,0.0,0.025269138,0.16621795,0.3632572,0.22300549,0.051370256,0.21571937,0.40528733,0.0,0.3253138,1.024838,0.3241671,1.2303846,1.4114084,0.041965313,0.31715575,0.032562383,0.21968456,0.17380208,0.006497673,0.8543252,0.5482977,0.19280198,0.0,0.7794088,0.17423114,0.013568618,0.05803701,0.04837617,0.014567082,0.0700192,0.15920773,0.35073757,0.05500557,0.70244545,0.07922957,0.44824716,0.48481843,0.0,0.0927405,0.19250883,0.02242221,0.8211835,1.3694081,0.023059383,0.437969,0.6803132,0.20228891,0.6873189,0.08216233,0.15858002,0.029237932,0.029263472,0.1788688,0.33853102,0.07100795,2.9769597,0.088820025,0.17213367,0.023019167,0.051901516,0.0029783149,0.08609382,0.014191941,1.8355644,0.0044446536,0.11940228,0.016834183,0.47672352,0.79313534,0.4473512,0.43503267,0.13122977,0.067720525,0.45545897,0.1354568,0.76109034,2.6792698,0.2659805,0.26759622,0.10668303,0.009916084,0.027059158,0.025210794,0.740034,0.017658086,0.0,0.55220765,0.017866876,0.07247099,0.15051413,0.09098123,0.31524202,0.32563514,0.031277545,0.124238506,1.4618757,0.032332387,0.049094293,0.040836994,0.07840584,0.0,1.0778114,0.68476945,0.015182997,0.5482335,0.24257287,0.050708078,1.8413932,0.06572941,0.46476892,0.6817988,0.17746566,0.48419958,0.1893815,0.16253842,0.3514778,0.0053479103,0.0010511173,0.08062369,0.07653121,0.023245826,0.037136257,0.027721055,0.05257879,0.42236367,0.24178596,0.5995492,1.5212669,1.162564,0.089083776,0.0019576426,5.0824184,0.01714313,0.02709494,0.113458104,0.08847812,0.2380852,0.031004958,0.23340863,1.7786684,0.6814395,0.2494348,0.13794751,0.0,0.02868244,2.836538,0.071065105,0.37861955,0.3641013,0.06740049,0.85832953,0.14420487,0.35182557,1.9671948,0.0,0.20301051,0.0062571387,3.6350415,0.14739612,0.13740753,0.48258877,0.080652304,0.000815861,2.0964103,0.85609645,0.07310822,0.042230275,0.03569693,0.30191395,0.06477966,1.2987512,0.27283242,0.03654813,0.015390457,0.7201099,0.29605997,0.34142545,0.23808387,0.09336078,0.086506605,0.88571554,0.062294662,0.0,0.001208279,0.8166368,0.032211814,0.30752906,0.49610892,1.2612321,0.4173601,0.0752827,0.25889015,0.07608558,1.1504742,0.19150527,0.13689743,0.39822978,0.18020326,0.026497364,0.16474222,0.2158338,0.0952593,0.019314475,0.4715601,0.16133638,0.18462168,0.06504847,0.16474801,0.27264786,0.09786345,1.1760983,0.97786164,0.12496192,0.6847035,0.09634384,0.0039310954,0.18540676,0.37069193,0.026553094,0.04411882,0.28977457,0.076685615,0.011861794,1.5752163,0.016663028,0.035291206,0.05542093,0.81971365,0.06507988,0.0064109927,0.09991774,0.22019005,0.021486724,0.2473431,0.8590726,0.15531094,0.38012978,0.5314704,0.64222336,0.0803664,0.10142244,0.31552026,0.06900171,0.16838127,0.6119706,0.27641022,0.047453597,0.6583655,0.1543038,0.2847713,1.3541892,0.4907288,0.03981051,0.40848896,0.31364813,0.12002844,0.021236273,0.16361178,0.19380811,0.09268325,0.029575676,0.0,1.2006159,0.18108001,0.14799342,0.26757628,0.6235806,0.0019696294,0.0,0.026995098,0.13106854,0.013101293,0.01930036,0.1977901,0.41080004,0.3129282,0.07734167,3.2583346,0.13285974,0.072960846,0.12210169,0.71753955,0.29270566,0.0,0.35207358,0.20541522,0.741917,1.8377428,0.0030559911,0.14373133,0.024964692,0.10355114,0.0,0.036151715,0.00093583437,0.20232445,1.1317925,1.9501318,0.41742846,0.03625888,0.0061222743,0.0,1.1706554,0.02817665,1.2874902,0.0,0.2697266,0.0,0.35491422,1.029381,0.1300413,0.0,0.2572306,0.17013575,0.039959144,0.7951918,0.19456692,0.18287963,0.0325465,0.0,0.030594293,0.0,0.0026919234,0.031441536,0.056963746,0.009059026,0.18476649,0.09251007,3.1391854,0.38823745,0.47269943,0.02545616,4.471848,0.6144731,0.18779306,0.03321403,0.045112666,0.06897694,0.042660635,all_pothole_images\pothole_images_new_image_939.jpg
1.8479543,1.3977793,0.6426107,1.3785996,0.5528132,0.69607323,1.475813,0.576338,0.8380071,1.0249481,0.4692495,1.3486876,0.31499976,1.5756481,1.4211507,0.7947005,0.109804355,0.47372368,0.7385704,0.75229174,2.0295863,1.942593,0.41518104,0.53837556,3.2165523,0.33236915,0.44832817,3.6605287,0.2883116,0.51025975,0.13501531,0.15265277,1.5230817,1.056787,0.39049312,0.48867282,0.15541004,1.2765993,0.2056646,1.5623916,0.16001935,0.26960212,0.20260869,0.6173741,0.7586541,2.0194106,0.012115184,0.15783383,1.1651053,1.547556,0.6590579,0.10993552,0.47249478,0.857597,0.3559103,1.6670426,0.98023236,0.34723052,0.6864141,0.14562565,0.18430363,0.20963828,0.81764805,0.39122307,0.1471437,2.197316,0.6365958,0.10775452,0.017366413,0.09273691,0.2655607,0.78603774,0.17983697,1.2651192,0.63202924,0.50108916,0.22917369,1.8265287,0.0,0.39592546,0.7056652,0.17052409,0.5004505,0.5471386,0.57157296,0.7017962,0.36872768,0.65302294,2.732724,0.07217774,0.5377884,0.06504526,0.5473919,0.6068414,0.3172542,0.0,0.9458284,0.52849054,0.1769925,1.9131254,0.028687287,2.1360822,0.7770811,0.42695114,0.33680344,0.7596652,0.54114145,0.995576,0.34157008,0.35833552,0.36890018,3.3861768,1.7885287,0.07376227,0.8686132,0.5534476,0.9514275,0.12060839,0.58128256,1.2035631,2.0857008,0.13294561,0.06350408,1.3592298,1.832044,1.1688712,4.431769,0.13172671,0.5476825,0.13374914,0.13143212,0.042943332,0.046199918,0.21119763,0.82040954,2.3862581,0.96677244,0.7730048,1.286613,0.05439673,0.15149957,0.863246,0.0,0.03495066,1.8107219,1.5688045,0.41488537,0.6600626,1.1039667,0.29033792,0.9314379,0.77138656,0.2299503,0.20412931,1.329072,0.6465088,1.1990097,0.06757961,0.5466389,2.4179437,1.2963547,0.6511989,0.11107092,2.1252973,0.026343178,2.8862827,0.646938,0.18489605,1.5797108,0.50736827,0.13082919,0.16676807,0.19283606,0.3887373,0.17690818,0.59555626,0.80409527,0.019299803,0.22073911,0.2325613,0.11641666,1.862773,1.7224581,0.74137723,1.3616188,0.0028460417,0.28675964,1.481926,1.1519386,0.3866946,0.6501063,0.552862,0.002630591,1.7534653,0.31125948,0.46798643,0.9330772,0.48840043,0.7170339,0.38118705,0.47613117,1.4849986,0.26898858,1.4551438,0.43665308,0.4090715,0.6407593,0.69587755,0.4965336,0.16124977,0.07750841,0.14379872,0.82303476,0.3614174,0.799526,2.1753252,0.61630297,0.11996296,0.28351018,1.142338,2.1303594,0.077790804,1.5054194,0.7420152,0.08879328,1.3475239,2.623672,0.104324065,0.07073514,1.7101041,0.46755233,1.1073841,0.28374892,0.39733124,0.8373295,0.48078808,1.9652591,0.348191,0.15062346,0.052588355,0.44614136,0.36180902,0.45554912,0.032864116,0.20073098,0.0,0.818336,0.18619108,1.1927793,2.2962518,2.08777,0.37316155,1.5836965,0.1943767,0.9111973,0.506509,0.760143,1.0538871,0.2063176,3.0292907,0.28857926,0.26373893,0.2687611,0.24157181,0.686728,1.3334544,0.55553687,0.99301213,2.296844,0.48771185,0.41692227,0.1855041,0.33171466,0.44432855,0.96150535,0.46581537,0.15752748,0.9255014,0.5733177,0.27180195,0.12346503,0.78261644,0.85261923,0.49345183,0.28536057,0.53300077,1.3291714,0.10816299,0.7852727,0.39578617,0.48437452,0.33541432,0.35943705,0.92571044,0.207091,0.9688671,0.24854667,1.0538056,0.5208006,1.7027287,0.9504786,1.000961,0.5747823,0.42256996,3.2007487,0.25502196,0.045550752,0.18732668,0.3710747,0.76686555,0.5030089,1.1232318,2.1530766,3.032045,0.4586893,1.437551,0.21405704,1.5706258,2.5106096,0.25957134,0.1869097,0.27238023,0.6789259,0.37615713,1.7465216,0.95193136,0.13724269,0.20233423,0.80050814,0.43604177,2.2856784,0.45774537,0.13655128,0.12379634,0.109259546,0.48529714,2.008903,1.9661413,0.14191137,2.2797337,0.31526056,0.4300706,3.350982,0.6414904,0.89006376,0.24231283,0.8084866,0.42910337,0.30395398,0.53976095,0.83447033,0.75562495,0.8093682,0.9752134,0.9414193,0.0006630761,0.17178981,0.63008016,0.26863384,1.0827684,0.30861488,0.17869793,0.52981716,0.96422917,0.2245256,0.5646609,0.8552592,1.16031,0.2005806,0.3401613,0.48762333,0.36452568,0.5252954,0.79083884,0.7070428,0.2926963,0.06980967,0.4959149,0.7106291,0.30863166,0.9849745,0.03566983,0.86824954,0.6206914,2.7713041,1.511786,1.7443564,0.0,0.05772887,1.5311365,1.0115355,0.3895053,0.15436497,0.50409687,0.04715446,0.25912887,1.2527511,0.3876675,0.59105855,0.879302,1.6357484,1.4725357,0.3289434,1.0050206,0.09374958,0.85462576,0.93251574,0.37429282,0.8454848,1.6331925,0.50630647,0.31569615,0.041689545,3.0600224,0.13375352,0.7187956,1.8270748,1.0606595,2.897332,0.44924295,2.042924,0.824997,0.39135894,1.1946235,3.678344,0.14560018,0.5233816,0.78790516,0.5369027,0.37225994,1.1608088,0.32546955,0.45063934,0.67240995,1.5371084,2.8691785,0.85018766,0.6666784,0.23822755,2.1460814,1.0680218,0.79873466,0.03867132,0.1877694,0.4732821,0.0,0.7914045,1.0629948,0.06263332,0.68185985,0.36529037,0.39367014,1.5280393,0.42414147,1.8919948,0.74484533,0.7961432,0.5064172,0.4612333,1.5633312,1.3118495,0.60956585,1.0513304,0.9067805,0.3596821,1.0354939,0.36019647,0.050638724,0.28223455,1.5569155,1.0963887,0.9622234,0.3329805,0.0845404,1.66046,0.5976173,0.9097584,1.8344698,0.6192023,0.17595254,1.2716202,2.1943026,0.20385534,1.2072487,0.63001114,0.13131551,0.94491404,0.40779147,0.33923447,0.11556757,0.07655597,1.4255686,0.44358015,0.84265196,0.44010866,0.1511444,0.012012955,0.14877838,0.5876197,0.37091705,0.785905,3.6757646,1.4093356,1.4330343,1.1397923,0.7125767,0.41640478,0.3670694,0.1701212,0.44576776,0.3023538,0.3681558,all_pothole_images\pothole_images_new_image_94.jpg
0.52500296,2.2582786,1.152597,0.2807998,0.55187947,3.527323,2.0992079,0.380388,1.2737615,0.8186092,1.6554679,0.41007945,0.107548445,1.3168465,0.30789354,1.5652349,0.32577923,2.0602942,0.7381564,0.9395494,0.24339266,0.91723025,3.0954316,1.523999,0.26293015,0.69640744,0.63918096,0.9633322,0.20005119,0.58992076,0.6640236,0.0022387754,0.21295123,0.30982333,0.19825293,1.2540754,1.6232139,0.926951,1.262667,0.2665851,1.7405576,0.6616977,0.512334,0.7823495,3.3247917,1.1983342,0.74242705,0.6529028,1.876485,1.8599494,1.404522,0.93760663,0.2840992,0.58776945,0.754209,1.7089034,0.27218118,0.40081358,1.3277631,1.8868841,0.977412,1.2477452,1.0690405,0.023486542,0.89631206,0.5569593,1.2937604,0.7065708,0.10993218,0.3887239,0.53977025,1.9295472,2.0281377,0.10765362,0.71156263,0.57800865,1.1690423,1.4137697,0.26904795,0.92031616,1.8118684,1.0444032,1.5682406,1.6166176,1.7807043,0.6238133,1.1842326,0.006302756,2.5395858,0.7970701,1.1267426,2.796037,0.44856486,0.0570571,1.0340415,0.944954,2.1370738,2.972411,0.14336297,0.79087895,1.8054593,1.5359362,1.4198142,0.305181,1.5787656,0.098843396,3.3819132,0.16625024,0.9149023,1.9081833,1.4916484,0.74238306,0.39200518,3.091805,0.40945196,0.35632807,1.3457466,0.14132304,1.968389,1.78186,0.34610078,0.83170074,0.35491282,0.21727043,0.034676407,4.1270986,0.4268625,0.37265846,0.024566859,0.104925714,0.73449224,0.65626705,0.7418356,1.1055692,0.6488285,0.6975745,0.45882967,0.15944248,0.15107688,0.8452326,1.7692618,0.021569192,0.6816526,2.1025264,0.38824594,0.10889467,2.3041024,0.377065,1.2612281,0.7880257,0.4606472,0.94522154,0.9327142,1.2066411,0.77217036,0.07445837,0.63567466,0.9269155,0.64825934,1.5230491,2.254606,0.9147469,0.16652858,0.17559904,0.16451778,1.0030519,1.4679832,0.26161948,0.3283264,1.4597278,1.1494334,1.2428906,3.1108973,0.7095649,0.60760164,0.82793427,0.19553547,1.7898896,1.9995643,1.2733968,0.1168612,0.39034265,1.0245699,0.761684,2.0624921,1.0292292,0.21167901,0.39843166,0.60989857,1.8369399,1.3252192,0.08363703,0.33254716,0.1103792,0.42749816,0.31874317,1.8957344,2.1192098,1.6106733,0.31917077,0.07156297,2.1229098,0.14617227,0.7916331,0.3083329,0.36603934,0.0036228509,1.7809775,0.8890447,0.77674407,0.30609354,0.36431903,0.36316076,2.4139025,0.32258293,1.5664022,1.1248517,0.05859921,0.2973952,4.5780835,1.5479957,0.20667806,0.44214866,1.859082,0.77044165,1.5570755,1.8909022,0.16181506,0.6771339,1.2043047,0.89434767,0.628202,1.2075421,0.3030638,0.6568299,1.9140584,0.5024894,0.5131332,0.62497103,0.9301371,3.1720922,0.95814604,0.43898416,0.101896666,0.0804855,1.0068115,1.0956993,0.30023065,0.04922338,0.74500275,0.31922746,1.4503307,1.2394114,1.9003891,0.58937377,3.1163678,1.0863894,0.485973,1.4666455,0.99679005,1.6519178,0.21679224,1.0737606,0.25548655,0.15762427,1.0931175,1.0311315,0.8896495,0.3080261,0.21285811,0.23455666,0.43415534,1.3141949,1.388293,0.29546553,2.244907,2.2460783,0.35848984,0.9879057,2.2462022,0.096726306,0.74122924,2.2021031,0.18682502,0.78652406,0.24748078,0.31057528,0.81785876,1.4952072,1.7664089,1.6759003,1.591024,0.6172071,2.206073,0.09507374,1.815532,1.3631644,0.8897606,2.2785718,0.52596444,0.028203936,0.8362478,0.9907158,2.4200165,3.8254373,0.9182613,0.12260021,2.899349,0.89803874,3.4204488,0.5357446,1.4394541,3.3410406,0.9729972,0.5574632,1.1486893,0.43134284,1.1442087,1.0446253,0.76543766,1.1332499,0.8195321,0.17234726,0.048749607,1.0982213,0.26047486,0.44247946,0.25001752,0.0279659,1.1149528,2.7686503,0.43356076,0.28904733,1.7741272,0.93826836,1.3478262,1.445455,0.28358358,0.9630158,0.5915623,1.109309,0.7688897,1.3228927,0.82574594,1.0304509,0.76283145,0.8356558,0.09006185,1.0949485,0.7254049,1.8819276,1.6580362,2.2889087,0.4032168,0.17193817,0.70986485,0.72700506,0.5524923,1.0029383,0.3805182,0.22245865,0.4222089,1.7718993,0.26022643,1.4399613,2.3938375,0.6999986,0.4483131,2.3723493,0.03166454,0.47850442,0.9513669,0.67856014,3.2314148,0.77691704,0.02983284,0.75757045,2.8128572,0.87272674,1.7975389,0.21520077,0.544055,1.6616278,2.0891416,0.76373976,0.7736174,1.920698,0.2663353,3.9739738,0.68613744,1.6228263,1.3557811,1.70601,0.4670066,1.3823191,0.0,0.031510115,0.87533,0.37783298,0.5595719,0.87744725,0.7493093,1.3213323,1.4446803,1.1776413,0.13007765,0.48045087,0.9096578,1.7850252,1.3157386,0.031287495,0.47489142,0.5798546,0.47837836,0.38587755,0.54566735,1.6333711,0.42832226,0.62030035,0.3422407,0.28186002,1.0960494,0.9004256,0.7209979,2.084909,0.16346657,0.9321133,2.1066015,1.2891079,0.3931905,1.0000968,1.0390451,0.0115643535,0.34173295,3.415606,0.34347928,1.5557283,0.1209199,0.57581824,0.55385214,1.0151522,0.33482856,0.26660448,0.777121,2.833369,0.15582325,5.4879446,0.2870308,0.8046863,2.271883,3.9862244,0.81603175,2.8106987,0.87377787,0.08781597,0.2814678,1.6538768,0.57410014,1.0517169,0.6229046,1.513317,1.2298751,0.74023587,0.836828,0.36979985,1.4614263,0.84658206,0.960177,1.2083639,1.4079503,0.39027447,0.07432348,1.6972481,0.5378082,1.1980464,0.6527019,1.7124338,0.42096913,0.8433028,1.6089981,1.5454693,1.1530031,0.3659809,0.56828105,0.43829772,0.16537237,0.44513133,2.6701314,0.497659,1.0187349,0.15228635,2.6274846,1.0286711,3.1954367,0.6865327,3.8853424,0.927159,1.0861653,1.1148137,0.9940901,0.10099988,2.7817855,1.5126084,1.2515129,1.8845352,0.028601108,1.0869381,2.122899,0.867174,0.8505342,1.4445059,2.1426916,all_pothole_images\pothole_images_new_image_940.jpg
0.37294644,0.083339944,0.26980978,3.5094752,0.8698747,0.080412365,0.51008326,0.030771816,0.53774434,0.9767882,0.81134933,0.70266783,0.0467636,1.548632,0.020578966,0.0070087947,0.29652268,3.2042902,0.46704108,0.13809936,1.5350018,0.1490921,0.31914258,0.42661342,3.1510243,0.23129795,0.2797087,2.9236484,0.024508558,0.0069144256,0.022032859,0.19720231,0.016899398,0.3241677,0.37122205,2.1963089,0.93497294,0.34371236,0.5477338,0.18476647,0.0,0.6215447,0.37560794,0.72772753,0.54421544,0.32836238,1.3918971,0.109291114,0.5651807,0.8532341,0.088922985,1.1179527,0.11614501,0.14606395,0.50730985,1.7830496,1.4642613,1.0997995,0.13357225,0.9239053,1.0626965,0.3266557,0.3841614,0.45989037,2.8780265,1.7682217,0.38035622,0.14345297,0.1880576,0.10303628,0.7431035,0.22030176,0.6030316,0.027370263,1.0626143,0.19000937,0.2832479,0.90592575,0.05522684,0.032050926,0.016130742,1.0333943,0.31619224,0.31681737,0.14574051,0.0,0.21282624,0.031518366,1.4723101,0.0,0.013794978,1.0082932,0.80432063,0.0004425722,0.0588737,0.0019103042,0.9174332,0.80500287,0.36413816,1.1273073,0.24912283,4.8050213,0.45590955,0.0030707568,1.7080017,0.58566856,1.2693412,0.14059044,0.075464755,0.83094674,0.10178758,0.0083285365,0.5898052,1.3472682,0.92760354,0.26009125,0.015286204,0.65447587,2.728876,1.1919312,1.1450635,0.124261074,0.777457,1.1649678,1.5774088,0.5465379,0.14923832,0.22864857,0.14269198,0.2916023,0.44751003,0.32522976,0.4347625,0.21773319,0.13821527,0.390263,0.41972408,0.04606404,0.61920035,0.0,1.5214738,0.16986485,0.25254014,0.17770927,0.03395817,0.7253959,0.5161382,0.7246488,0.13618475,0.008075241,0.06733867,0.5566088,0.04733239,0.065180846,1.4452999,0.9362992,0.25504714,0.47661862,1.5262116,0.47556078,1.753777,2.6824565,0.6795098,0.27238622,0.8858588,0.69546354,1.4021697,0.35869032,0.29332903,3.398066,0.25158447,0.0,0.39324397,1.1671972,0.0,0.055955965,0.21874161,0.0,0.20126916,0.03250639,0.06966996,3.546523,0.4984647,1.20046,0.6675147,0.2154826,1.0388937,0.54330325,0.26437116,0.95628214,0.26407254,0.35654628,0.44568205,0.06313594,0.36954904,0.7218653,1.343934,0.03646017,0.94947314,0.35371834,0.39523518,0.13586803,0.21799071,0.008593416,0.14901167,0.07513254,0.0807359,0.14164025,0.5025744,1.8341492,0.121579945,0.0011024247,0.1878846,0.2759151,2.8163517,2.5226521,0.2413764,0.380623,0.45567557,0.34118548,1.0803243,0.25678286,0.087985426,0.10900493,0.0,0.025278358,0.14739425,0.17116903,2.5835698,1.0061166,0.6374974,0.1351448,1.040388,0.34273684,0.8335697,0.21340144,0.6751672,0.030035377,0.90890366,0.6270291,0.43481955,0.0,0.6297502,0.16612652,0.248178,0.054997712,1.0547522,1.1033841,0.062422197,6.8640103,0.59377337,0.53580725,0.0067678313,0.26043093,0.0,1.4749941,0.039763004,1.4365859,0.56535536,2.8379643,1.4245448,0.9874659,0.60035515,0.10815973,0.4771004,0.040799964,2.377277,0.18458122,2.9340067,0.40546978,0.52135843,0.0024977545,1.0978612,0.3123572,0.2867287,0.3173996,0.109214544,0.0,0.35173765,0.72569245,1.0834608,0.17058556,0.5451035,0.0016730424,0.1658724,0.87370646,1.121627,1.0997746,3.193275,1.39558,0.14946146,0.08651996,0.01142197,1.5139325,0.10142111,1.0481485,0.105992034,0.33789647,0.8409679,3.9470737,1.622227,0.17770927,0.26959082,0.009453867,4.991622,0.2787955,0.348655,0.043916818,0.066965334,0.4725193,0.8020345,0.31409916,0.25566265,1.5319388,2.358618,0.31266212,0.0,1.9339966,6.6893396,0.8396309,0.17702803,0.0,0.41408432,1.332784,1.6261525,0.013338834,0.012941087,0.05591778,0.05982107,0.012763881,0.23079365,0.7581986,0.24161285,0.6052559,0.26966214,0.0025218416,3.8321228,1.9904598,0.3094719,0.24210364,0.75010145,0.0010708607,3.3438916,1.806829,0.8603444,0.71857804,0.6677478,0.7705518,0.22740667,0.0,0.06475917,0.2001104,0.2669015,0.14039482,0.012856266,0.66055965,0.72268075,3.0173302,2.493962,1.1612499,1.3165965,0.2755726,1.1914704,0.5416257,0.0229267,0.015045566,0.34343368,0.12986636,0.24030574,0.24029496,0.9580226,0.021081647,0.5184083,0.16246302,0.15246667,0.33409587,0.18951419,0.0,0.8051839,0.060427655,1.7872896,0.0,0.57545507,0.88837975,0.75297374,0.04325567,2.3407927,0.19837677,0.39768502,0.6340063,2.522174,0.045346756,0.017921481,0.039627764,0.026570758,0.0,0.39126766,0.026739687,0.06602762,0.25973147,0.14733532,2.966125,0.17732155,0.44420838,0.79069924,0.3791917,0.2916611,0.6629416,1.5247631,0.05352761,0.17181315,0.118990846,0.00014663624,0.02059533,0.4751906,1.4268938,0.492361,0.6913222,1.0102882,0.0150428135,2.1427305,0.96334976,0.27623835,1.495934,1.5537076,0.61568296,0.026318775,0.7403659,0.024188196,0.22990948,0.44679382,0.024253497,0.42539564,0.28735897,1.3327184,0.059054047,0.53569406,0.15120956,0.088023275,0.0,0.73640937,0.8711968,0.18770704,0.00444674,0.0021433735,0.13041398,0.0010077729,0.015554237,0.33036438,0.7384912,3.915368,1.0340228,0.38157487,0.15642695,0.5085973,0.12940644,0.037151344,0.0153122945,0.0,0.16720705,3.1900423,0.35194042,1.7856921,0.2926094,0.47031617,0.028341709,0.02510385,0.16117893,0.5523312,0.32292923,0.0,1.4669782,0.0,0.87792087,1.6920621,0.0,1.5538931,0.43181142,0.8354975,0.0,0.06496714,0.38905492,1.3976091,0.14195105,0.89744246,0.099912874,0.14715815,0.0,1.5639623,0.3045892,0.6108347,2.085409,0.074099295,0.21257763,0.0,0.12364338,0.18486221,0.5701239,0.4790525,0.73537254,2.2513921,1.7295504,0.5555898,0.0,0.03376703,0.8853716,1.1119293,0.13731627,0.018139064,0.36103415,0.056184012,0.04453515,all_pothole_images\pothole_images_new_image_941.jpg
0.118470654,1.3610008,0.22028197,1.2484044,0.7042237,0.2500426,0.09731499,0.07766484,0.23319998,0.39250237,1.3359528,1.0052685,0.7623497,0.25079134,0.031787783,0.07762079,0.20342804,0.0,0.5626228,0.06518847,0.24047431,2.1431894,0.50111157,1.8838669,0.030407611,1.4358541,0.05445985,0.8594686,0.015108173,0.53383166,0.5626633,0.22868362,1.155838,0.667798,1.1761885,2.0248568,0.96299225,1.760986,0.1779618,0.25982425,0.30204567,0.7400349,0.56824684,0.4359369,1.1871088,0.039118048,0.2310812,0.29944354,0.09149351,0.14073227,0.7865708,1.3801173,0.50258034,0.2942694,0.054535374,1.5247976,2.0066445,0.19924654,0.29384276,0.1340886,0.18699615,0.09179458,1.8135016,0.38168123,0.584353,2.5996706,0.29920834,0.25777078,0.4167978,1.20181,0.540226,0.120819695,0.031734996,0.06581064,0.26089004,0.6531901,0.07899347,0.18937233,0.08741178,1.4791011,0.16834712,0.15613098,0.10991287,2.8920553,0.76628906,0.83245915,0.14529346,0.0,2.300334,0.5726776,0.10464128,0.5643139,0.007384142,0.07639805,0.22386372,0.1455829,0.8981024,0.75583273,1.0813369,0.80627644,0.16571523,1.7394575,0.7849001,0.3417451,0.5549803,0.017439479,0.7060317,0.03595181,1.243123,0.20268396,0.24280187,1.2925427,0.24190733,0.082628,1.159511,1.3450847,2.331251,0.93852544,0.6818006,0.6753042,1.256382,0.015008739,1.5966035,0.5704414,0.23572396,1.376963,0.29348046,0.4421687,1.0348645,1.1597033,0.9005382,0.032389704,0.61174875,0.003938451,0.13839492,0.24101032,0.23167843,0.80017954,0.7769998,0.38969603,1.5031592,0.5559647,0.07958003,2.0848398,0.58168215,0.30195487,0.23452817,0.16994387,0.55804896,1.248665,0.39835936,0.8206282,0.025764931,0.07941607,0.67061037,0.08377447,0.61234754,0.08495497,0.080521666,1.4423696,1.9458649,0.15374134,0.063943066,2.5659986,0.40298262,0.051473163,0.10741094,0.13067934,0.39158463,0.8608168,0.0,0.22597195,0.004170834,0.481624,0.12590656,0.05779377,0.2888851,0.0065603335,0.38451767,0.5496689,0.0233679,1.9637653,1.9305308,1.072248,2.8161125,1.1223751,0.3904291,0.2779253,0.029785626,0.66740376,0.16626973,0.06388195,0.13559799,1.7700874,0.06934006,0.61147606,1.3549836,0.46983758,0.52622646,1.0819092,0.46111962,0.8472733,0.12713872,1.1592616,2.2469404,1.1115155,0.75374436,0.0653693,0.8487872,0.025128683,0.14227769,0.82181126,0.9315567,1.2427479,1.4808898,0.49107772,0.3053874,0.1577859,1.6008811,0.11309272,0.47350174,1.087284,0.07327217,0.80748606,0.0012977078,0.22599182,1.594341,1.0177466,1.2631465,0.32096055,0.04348884,0.66379577,0.11586739,0.0,1.700856,0.015013162,1.843854,0.02257077,0.03988457,0.33736554,0.3719592,0.01038274,0.75165,0.07174191,0.09350886,0.0390798,0.3929019,0.7869532,1.4157692,3.291003,1.6274064,0.22519729,0.34911034,0.5448495,0.40178174,0.033862293,2.0079482,0.15510064,0.06628166,2.3672907,0.21111196,1.0329705,0.30907726,0.4212233,0.7794809,0.7139527,0.01987135,0.72739565,1.8045263,1.1145082,0.16897914,0.0,0.13788605,0.92860925,1.9690176,0.70700204,0.9045825,0.5053342,0.43883875,0.293463,0.6732087,0.27147886,0.1378221,0.18068118,0.6853613,0.5747275,0.2853944,0.21434677,1.4409833,0.16551718,0.53695196,0.007422458,0.0004147293,3.335995,0.59371525,0.36198467,0.50080717,0.37098974,0.29045677,0.83103544,0.28874487,0.65565664,0.37730432,0.5736582,5.669334,0.30676147,0.24725935,0.71718293,0.08776434,0.06646671,0.41507226,1.7180568,4.9815745,2.11578,0.27994624,1.6172878,0.27026004,1.3131695,1.0804284,0.4648341,0.59591705,0.3221884,0.023982072,0.31745604,0.24260332,1.105535,2.226008,0.16459587,0.44646958,0.11687189,5.8474126,0.1575024,0.2549591,0.4930518,0.0,0.47597083,0.5685249,1.2719752,0.36644977,0.09953858,0.39391634,1.1476402,1.5883983,0.03661118,0.09282628,0.1848909,0.7338872,0.0071852207,0.3802708,0.47904816,0.28383037,0.8916649,0.45735705,1.105084,0.06865755,0.0,0.524771,1.4775677,0.8980881,0.7908687,0.103009395,0.022048049,1.998274,0.07715033,0.046563726,0.16455103,2.0269897,1.040624,0.30589026,0.83137625,1.6313988,0.069775246,0.4509918,0.5203042,2.0885909,1.7603432,0.30475885,0.33992487,0.3391773,0.2625838,0.024238396,0.157615,0.49679184,0.844635,4.4021654,1.25246,2.4305718,0.041681893,0.026198678,0.47240236,0.6646884,0.6270861,0.35294488,0.13305803,0.22976194,0.36745408,0.8816115,0.8287848,0.6068049,0.008177377,3.7532442,0.6539666,0.06477461,0.28996164,1.1198568,0.027956441,0.66268724,0.24977614,0.06447742,0.20142978,0.3616494,0.8869185,1.2011458,0.8679752,0.04077779,0.4651095,0.32532832,1.0537679,0.019733287,0.01843776,0.8823589,0.22930884,1.3273754,0.6907699,1.2531275,0.5472773,0.53185076,1.0255812,0.35677874,0.108947925,0.64627206,0.60985357,0.12257612,1.6391882,0.15281177,3.1013315,0.2492701,1.7184949,1.3664858,0.52644384,0.44230542,0.50950426,0.22085397,0.45771626,0.2999615,0.029033408,1.3456311,1.1410038,0.1102493,0.99345636,1.613211,0.122456804,1.0133755,0.6235583,1.1310927,0.90278894,0.21396033,0.5048153,0.31327233,0.867879,0.8823293,0.13512996,1.4592999,0.36568394,0.52212,0.4470191,0.0,0.0055999886,0.5504718,1.8317497,1.2185149,0.55576295,1.018374,0.4950753,0.25479615,0.22759238,0.16243033,1.4390373,3.1236281,0.1900771,0.7867554,2.9254618,1.0364466,0.78852016,0.067649186,0.83844286,1.7996309,0.186323,1.6029946,0.08766883,0.17473885,1.1527313,0.48850825,0.0,0.2590305,0.16456331,0.122446515,0.08767879,0.06821468,0.06786371,0.9655941,6.5014973,0.40867847,0.22192791,1.4112397,0.67198646,0.0,0.50757015,0.18346596,0.27794227,0.4434363,0.21173,all_pothole_images\pothole_images_new_image_942.jpg
0.22149855,0.95865536,0.7353747,1.7692164,0.93393797,0.13025782,1.2089171,1.3131969,1.034219,0.67861605,0.79056484,0.9628637,0.23640403,0.7170022,0.19333135,0.29097557,0.29456142,0.19640128,1.6586481,0.120447494,0.84451544,0.72293866,0.8012957,0.9029,0.6468984,1.0479975,0.026735289,0.5717116,0.1505349,0.3090918,0.845178,0.4133182,1.0325818,0.2668176,0.5179806,1.0133123,1.6087128,0.124684565,0.52596927,1.5476289,0.5194388,1.482712,1.6536795,0.521752,0.75571144,1.4093897,0.54475373,0.08373046,0.2034577,0.40997776,1.0096017,0.40993702,0.91934294,0.0,0.4075894,0.45453098,1.1134446,0.39619616,0.26917443,0.35399798,0.5993874,0.016905926,0.3856526,0.52186364,1.1436439,2.9772656,1.4233384,0.3240319,3.259356,0.33662507,0.2701723,0.016896844,0.4169992,0.21637166,0.12385828,0.45215872,0.7407137,1.2686251,0.6458319,1.2581133,0.07346672,0.6297921,1.469961,0.06577009,2.1278534,0.94111764,0.8027879,0.24123035,1.5170288,1.5282859,0.63454896,0.39944223,0.119720936,1.481208,0.16204496,0.07542836,4.5478663,1.0728828,1.6294465,1.0705345,0.71556294,2.5189362,0.8153838,1.0667154,0.28378448,0.933514,1.1142975,3.7362537,1.8063276,0.8508363,1.013695,0.5342771,0.41834965,0.79566175,0.54498,0.6381407,1.439388,0.6634976,0.49715164,0.26103708,0.45731404,0.09526543,2.281024,0.39434063,0.19869575,1.3938583,1.2175409,0.81558275,1.8875841,0.48402178,0.5231554,0.6330927,0.4435777,0.9670085,0.98381585,1.7403393,0.120623216,1.4584433,1.3928449,0.1470759,0.43038332,0.83918494,0.8377771,0.85089797,0.43865326,1.3761008,0.37765667,1.249149,1.1645513,1.2568134,0.20177281,0.17150085,0.3428959,1.5837374,2.1327055,0.7745369,1.6453236,0.20920709,0.11008833,0.91462815,1.332849,3.386563,0.9678542,0.046231173,1.045106,0.39191952,0.8327076,1.0406942,1.2797105,1.3841742,0.28360212,0.21698807,0.36396107,0.14451315,0.42473134,0.32859856,2.026171,0.70019984,0.86755586,0.36938795,0.2246388,0.92466456,0.8682709,0.7723035,3.2395468,0.6661663,0.8965149,1.0747199,0.18735869,1.1960905,0.05102484,0.3083304,0.97331625,3.3295846,2.1671085,0.39065513,0.6897418,0.78480333,1.8400916,2.2156005,1.345391,1.2749432,2.059507,0.49402118,1.3452837,0.42472914,1.7250519,0.027185878,0.26888874,0.53771967,0.6359947,2.1738262,1.7419243,0.77950937,1.4517766,0.73301756,1.096216,0.27284276,0.4385317,0.993067,0.2931138,1.9091074,0.42274186,0.28151104,0.5896001,0.10345422,1.4570636,0.32729325,0.4250605,2.6366508,1.0050793,0.5055441,0.22726619,0.46612275,1.314563,0.23884363,1.2928795,1.2010968,1.6379862,0.1340469,0.777221,0.66625756,0.48990428,1.0374438,1.4339304,0.48007083,1.3201593,1.2329545,0.5500225,0.94406754,0.49975437,0.011134343,2.0261295,0.18434563,0.376319,0.8429187,0.36649376,1.2552706,0.2710241,0.96582323,0.6293544,0.15140793,0.05893398,0.7915047,0.39817587,1.0436833,0.4936631,0.21210822,2.2931747,1.9293762,1.0729314,0.71670437,0.19551367,0.48022592,0.24837382,1.766628,2.278431,1.2208387,0.20013411,3.9829721,0.22656174,0.47287548,0.8791669,0.9564413,0.08319915,0.065999776,0.92411625,1.4222927,0.69034296,0.3370666,1.1963114,0.42467338,0.09808964,1.802272,0.13227814,1.2417903,0.84002,0.8087239,0.9033717,1.6143209,0.1878942,0.88667786,1.1566287,0.7205165,1.5561533,1.5493108,0.49087492,1.68718,0.04491783,0.9419719,0.689234,0.8525582,2.677134,0.13747655,0.4458743,0.16920413,0.30833927,0.14378537,0.5125806,0.02092558,1.0756228,0.62421715,0.5953336,0.27202296,0.49557853,0.5614622,0.649337,0.47501504,1.0743451,0.5929841,3.1744845,0.36461803,0.61167294,0.69381213,0.22997141,0.82535535,1.2455555,0.7335742,0.6514198,0.6221016,0.8798843,0.5855164,2.1834476,0.12888877,1.040289,0.6439535,0.6625573,0.85258794,0.6866989,1.0919592,0.63864315,0.4520228,0.01815846,0.53785044,2.5916657,0.031104589,1.800799,1.5567716,0.5827001,1.2200826,1.2225378,1.0078491,1.8547051,0.036404077,0.3830848,0.6746273,1.2234885,2.7107544,0.2702046,0.53686213,3.2597017,0.84191614,1.0561037,0.90922433,0.84763926,0.43029663,0.1879532,1.7143148,1.2290221,0.85452145,0.8010018,1.1342621,0.3439129,2.9679327,2.4356403,1.1651793,0.8327666,0.0993151,0.015488367,1.6008074,1.9707316,0.4035438,0.1477781,0.539163,1.5095476,1.4873251,1.9206611,0.8945642,2.0119824,0.30304804,5.801982,0.7089196,0.30721128,1.2570734,0.32682702,0.16234766,0.58487296,1.5479584,1.0184572,0.09149233,0.12428675,0.24211864,0.7226276,0.6660762,0.6293087,3.0518322,0.5663666,0.5483813,0.6497859,0.6802641,0.34360135,0.41237783,1.9778168,1.1804957,0.5121344,0.75662977,0.88969535,2.652744,2.0061889,0.418341,0.642639,1.5370514,0.34288535,1.4236126,2.604607,3.2157633,0.7410937,1.3706369,1.0688989,1.2206628,0.6905119,0.5988681,0.08268675,0.27256122,1.6059657,0.33780187,1.1680801,1.0609293,3.2143016,2.1211245,0.8197231,0.8389564,1.0262914,0.20893802,0.34851804,0.4066055,0.77972186,0.85032386,1.3187634,0.52190477,0.6741087,2.5884686,0.42256573,0.29953876,0.008454056,1.5611885,0.80527073,0.2239305,0.949158,0.8965953,1.844633,1.4933501,0.30382478,0.7519366,1.5940562,0.19329557,1.0847114,1.3563787,1.3403045,0.018999191,1.9921255,4.169876,1.4728963,0.31291133,0.7018249,0.9524478,2.0883844,0.9864803,2.4882271,0.7236192,4.653682,2.5938685,0.06761721,0.87128305,1.2000158,0.54135084,0.5432808,0.542902,0.507828,1.6428922,0.43318108,1.279671,1.0132631,0.42401698,0.06353272,0.16655225,3.442016,0.7557656,1.5508436,0.8414602,0.22732806,0.28289014,all_pothole_images\pothole_images_new_image_943.jpg
1.5684997,0.30818573,0.123908,1.059615,0.055219926,0.6087111,0.085148916,1.238515,1.8852997,0.085673936,0.13181661,0.50491124,1.1139176,0.17257938,1.2985867,0.8023009,0.3790273,0.0007212033,1.0109769,0.51983947,0.5244621,1.0880693,0.37670618,0.39166313,1.5792701,0.016182192,0.33030197,2.1154692,0.8678005,0.24604678,0.72488886,1.5345069,0.39321113,0.9299073,0.10775805,1.0716723,0.48249358,0.62666166,1.695958,0.6798989,1.249953,0.8214064,0.71580076,0.69125575,0.30138093,0.35183132,0.96382934,0.1802826,1.8325537,1.1151628,0.99061054,0.5342397,0.52637136,0.33191606,0.87978214,0.39551952,1.3341105,0.3682145,0.6790684,0.18075658,0.20801271,0.3280351,1.136527,1.0022216,0.45655105,1.1613662,0.42242116,0.6859987,0.5810666,0.073136725,0.39530116,1.1067113,0.58045566,0.30295533,1.7152255,0.28588197,0.5929819,0.55601716,0.4342621,0.7212251,0.3273917,1.1931322,0.116730146,1.7344304,0.3640111,2.5092316,0.38072523,0.91947967,1.2438724,2.0058246,0.905521,0.02723188,0.31753817,0.6379675,1.0732579,0.09531956,2.2828846,0.2928862,1.1730208,0.47589925,0.07793467,1.5134705,0.03583501,0.12634628,1.4416183,0.862376,0.11799413,1.6387057,0.79163826,1.2241126,0.0051650847,2.8770146,0.6344902,1.5663726,0.016835606,0.19659457,4.1149983,0.52674264,0.5850365,1.2886529,3.1796665,2.4719706,0.9537939,1.1176633,0.028928235,1.5582372,0.81379455,0.6962856,2.1083815,0.1263883,0.21900953,1.2775745,1.0346438,0.16028689,0.5300729,1.5332828,0.5761718,1.4925152,0.07364252,0.5516932,1.0764847,0.5846346,0.43432012,0.12726611,0.23301959,0.9635654,0.51027787,2.8901448,0.9136589,0.7588604,0.36947873,0.85028607,0.023955364,1.2971566,0.72992206,1.2373567,0.4950626,0.17472689,0.3856996,0.19391352,1.3408762,0.5610736,0.3066625,1.3478633,0.9568166,0.5161852,0.26920354,0.55524915,0.6368084,2.595999,0.109157056,1.0891838,0.04025639,0.05440957,0.45354632,0.041937955,0.58676094,0.17279358,0.093681335,1.1793729,0.104249366,1.3905041,2.654712,1.3654538,3.0580592,0.8093232,0.6775645,4.315966,1.635134,1.3655955,0.13446923,1.0708001,0.41159567,3.3285446,1.3361505,0.16088654,0.033669908,2.4262502,0.64844644,0.39992958,0.62887645,1.7928632,5.1315603,0.8476535,2.4468918,0.3948495,0.5974195,1.3031799,1.7592365,0.58254504,0.52438146,0.4359379,0.4753659,0.036479693,2.5029147,1.4931473,0.47357675,0.47965786,1.4345169,1.3134339,0.2909394,1.7422342,1.9272656,0.9370492,0.5023416,1.4167966,3.2288313,0.49980026,1.4132143,0.38140935,0.42555243,0.7883466,0.52629983,0.82209903,1.2882937,0.85320765,2.1641684,0.316748,1.381698,0.38180026,1.2290457,0.48555115,0.5793411,1.7714723,0.29412526,0.40379262,0.8374031,0.12446398,0.7490753,1.2639538,0.46174407,0.6909254,2.6107228,1.4932553,0.3193708,0.06145627,0.4375194,0.94342273,0.031006759,0.32858637,0.12487308,0.463943,2.1460307,1.3661882,0.47791764,1.9310421,0.026792448,0.55948,2.2788758,0.6976716,0.21843028,0.18583739,0.07420135,1.2145514,1.7881482,1.3500179,1.6302073,0.31377095,0.17500603,0.89817995,0.15662615,0.9024255,0.22166404,1.0777757,0.71185994,0.35353345,0.64311147,0.9310365,0.21746947,0.8287641,1.2338098,0.41440684,0.25579947,1.23087,0.19300017,0.19057605,0.82539445,0.5094433,1.5836723,0.17998703,0.28425488,0.33728805,0.3582394,0.14996888,2.59835,0.9723652,0.1630146,0.23077735,0.31177923,0.6328805,0.26033157,1.66476,1.967144,1.6277101,0.49480718,0.14562368,0.20315674,0.20535782,0.23463325,0.20404059,2.4651825,0.7239531,0.08829198,0.024663314,1.9460421,0.72561973,0.7290622,0.03296496,0.038421094,0.7339423,3.3502808,0.35874397,0.16825487,0.1357702,0.3618326,0.60071826,0.61599374,0.61282164,0.15727215,0.16985801,0.08149084,2.0891519,2.1323154,0.4608803,1.0175991,0.8908112,0.6861535,0.83189934,0.41143945,1.2501845,1.2720963,1.3774192,1.0170822,1.118625,0.61409676,1.0585338,0.6943775,1.1201421,0.56817526,0.93833846,0.19768928,0.7514259,2.0391982,0.34086534,0.43278262,1.6896669,2.1074371,0.48323533,1.6179204,0.2120973,2.8793437,1.0592659,0.9041706,0.82997286,3.5520859,0.31107444,0.8401722,0.89512694,1.0394324,1.1735326,0.29015082,0.96083707,1.5599656,1.9539078,3.36845,0.28351954,0.49736863,0.11457302,0.12910722,2.730949,1.9601188,2.1965897,0.33400008,0.43706456,0.7609563,0.9596815,1.2161819,0.5321205,3.2317011,0.011593612,5.219004,0.6418209,1.101604,0.7884691,0.07417067,0.97137415,0.84229046,0.34886605,0.011417669,0.010296043,1.1131905,0.48589623,1.814802,0.27885494,0.1032564,0.62986606,1.3252422,0.72022915,0.5656523,0.17534353,0.41821525,0.21936652,0.32003397,1.389536,0.26083425,0.02527245,0.9358117,0.4540347,0.40504828,1.1793395,0.29788896,3.0807762,0.8424253,0.80792063,0.2221847,6.320122,1.2568374,0.24669783,0.8069118,1.3344134,0.07435596,1.8320198,0.28956136,0.35569617,0.29954806,0.026392812,0.46979746,0.16681175,0.046362087,0.67552894,0.286726,1.5741533,0.06118539,1.7868906,0.7000001,2.0615778,1.1653593,0.070512146,1.1209742,1.7687548,0.1883606,1.1933722,0.3911592,0.13171783,0.8955305,2.6314313,0.55978703,0.09150169,0.15029922,0.48086238,2.1405687,0.20135823,0.8211876,0.49688166,1.969241,1.1529207,0.84742975,1.5672604,1.4625763,0.023687515,0.3638271,7.1751447,3.2187302,0.19275449,0.24509223,0.14014189,1.301761,0.22517909,1.6649063,0.50353813,0.6513876,1.9538854,0.0,0.0838668,0.69398576,0.32213643,0.37005398,0.36261636,0.56882846,0.6625399,0.16606593,2.8646872,2.868321,0.0060286564,1.8822776,0.15408592,0.7071714,2.3160138,1.3279425,1.0692247,1.1355153,0.9298378,all_pothole_images\pothole_images_new_image_944.jpg
0.9869375,0.46057042,0.06413456,1.8055829,0.3521678,0.38916472,0.20705947,0.0,0.43776056,0.23340175,0.40271303,0.12377803,0.3159481,0.7096819,0.6736883,0.14557956,0.05814612,0.40798748,0.4885067,0.07598557,0.00880251,1.3072649,1.291952,1.8826658,0.03660747,0.05143543,0.008856016,0.050490428,0.21527158,0.58848554,0.7358885,0.027029939,1.2275487,0.37637857,0.16141105,0.00034129526,1.2451297,0.18242234,0.079727456,0.05918005,0.446955,1.1356485,0.9914782,0.5256191,0.6635916,0.41490406,1.0693442,0.14564706,0.5353466,0.6381366,0.8383143,0.8361272,0.008943899,0.2692249,0.025942845,0.45546025,0.9652462,0.015959881,1.0500498,1.8726096,0.19615231,0.7559177,0.5781291,0.36681956,1.9685799,0.0043376302,0.3124756,0.0,0.0,0.15774474,0.40429413,0.071203895,0.5825879,0.18103085,0.68182045,1.2377249,0.4368856,0.30406582,0.0006314722,0.13021949,0.020397877,0.884713,0.10687902,2.5404208,0.086512476,0.80383646,0.042920414,0.31460863,1.7345976,0.25836974,0.109047584,0.45730495,0.4405622,0.034025803,0.4700208,0.005740292,0.7512269,0.77025026,0.08551592,0.16816057,0.3586317,0.40580592,0.99036205,0.040486243,1.4339195,0.0,0.092837915,1.8124263,0.036468923,0.93906164,0.10916501,1.7300308,2.6441164,0.31028655,0.008833985,1.0294595,1.2112606,0.00071030465,1.9445063,0.44801807,1.0347117,0.44757685,0.48215446,1.3401016,0.7875567,0.30832526,0.78662544,0.57518446,0.2390919,0.07966284,0.126135,0.0,0.0148379365,0.06677866,0.0,0.29123345,0.0022744457,0.2690357,0.41984564,0.0076055573,1.2050365,0.35425878,0.050191928,0.6045541,0.4027472,0.1644576,0.02712121,0.10083098,0.09172377,0.14424068,0.29834938,0.038470615,0.7221607,0.2933876,0.8025614,0.044346817,1.010936,0.24379408,0.4419856,0.21962015,0.37422624,0.29143918,0.0,1.7128087,0.60502887,0.36849838,0.52265596,0.03706626,0.6734676,0.24427468,0.17835079,0.013010003,0.049732275,0.04417489,0.9191799,0.09896614,1.1924323,0.008290054,0.67509025,0.3261809,0.035173994,1.1958842,0.7691341,0.5187233,2.7974977,0.89855987,0.23382181,0.311809,0.22650072,0.9742567,0.14357357,0.26178256,0.11571134,1.0775503,0.45259935,0.0,2.3164337,2.2769952,2.088488,0.41080606,0.94278234,0.24116611,0.22903503,0.004619486,0.4643884,0.8291607,1.2872484,0.98582035,2.573169,1.9766927,0.0,1.0516382,0.19144085,1.002932,2.47965,1.2912488,0.39701974,0.34500253,0.484479,0.11913606,0.77201027,0.2994581,0.36996552,1.0012214,0.08550807,1.571434,0.84924114,0.110493034,2.0347085,0.028862942,1.075985,0.0,0.5081259,0.13207476,1.0509248,0.011765776,0.23949789,0.0301801,0.50731665,1.1630969,0.9963514,0.059335392,0.07859882,0.5322551,0.023518205,0.044930156,1.7007312,0.7394473,0.40279865,3.1082644,0.15446793,0.0,0.12456637,0.042091742,0.36373928,0.0053925356,0.5575048,0.22050409,0.121814325,2.7012506,0.115360714,0.528171,0.07304653,0.9997331,0.005585464,0.9277311,0.31075042,0.25006112,1.6415972,0.4019431,0.43512928,0.14662777,0.092115946,0.097829245,0.19850892,1.7833214,1.230931,0.49649638,0.4641507,1.3962324,0.34321904,1.5466355,0.23761404,0.249685,0.011350884,0.41862696,0.22405988,0.70757574,0.6243811,0.8734316,0.65985245,0.0852225,1.3493209,0.7872106,0.23984016,0.43403897,0.80961335,1.0167885,0.0123849055,0.37114552,0.30075142,0.5083898,0.20523685,0.5551716,3.962722,0.96045667,0.23644924,0.5319102,0.03000414,0.58593696,0.017426992,0.4415618,6.6958404,1.2960109,0.17264462,1.1616466,0.12775609,1.8781595,2.647615,0.4443062,1.1859373,0.69176817,0.08780853,0.54281056,1.7021858,0.9766778,0.6079127,0.06387826,0.57517225,0.051212437,5.495264,0.0022594167,0.299819,0.53377306,0.07708218,0.06978598,1.1954741,0.13823679,0.31100088,0.063447505,0.7283607,0.89274395,0.5829956,0.060616672,0.46687916,0.18561627,0.6858406,0.013729224,0.28008717,0.28518432,0.36537465,0.4517004,0.21723334,0.10548821,0.33670488,0.0657419,0.5896483,0.72151273,0.008005382,1.3545299,0.2665116,1.0673772,1.3477347,0.4717518,0.0,0.37105867,0.09698917,0.43876842,0.6185549,0.6383051,0.23700131,1.061973,0.04490249,0.1685818,1.692597,0.58352643,2.5279474,1.6552348,0.2684916,1.9062015,0.7775364,0.0,0.6406278,0.9932213,2.6569238,0.15663649,1.2041276,0.40297922,0.07728685,0.93087566,0.1434095,1.8597457,0.18431163,0.019155942,0.0091615515,0.4972275,0.0035220843,0.8900179,0.4405597,0.21909243,0.5408325,0.6920385,1.7588534,0.1417288,0.978169,0.005093535,1.1219621,0.07220901,0.43483126,0.7512473,0.80755955,0.96944475,0.6218043,0.23237905,0.16205156,0.95048654,1.583279,0.93918633,1.0889986,0.23382269,0.2635197,1.2443665,1.0942606,0.079905726,0.421793,0.83981615,0.28388995,0.607674,2.3535147,0.09164353,0.12265066,1.789914,0.0130722625,0.05996999,0.0,2.7594333,1.6370159,0.8099477,0.37473604,2.0885603,0.09712188,1.3021308,0.28468883,0.31825668,0.037753418,0.051671542,0.787631,0.29369253,0.040826485,0.6900682,1.6176007,0.13887961,0.20463736,0.72177404,1.1852397,0.38853142,2.6629307,0.096773274,0.38900718,1.9914827,1.096921,0.4840931,0.8094287,1.0561668,1.6852459,0.20716931,0.029761294,0.012298669,0.07274036,1.7064282,1.1089743,0.09382578,0.11768876,0.7551344,0.607842,0.12506475,0.068690106,0.67181766,0.041815728,0.28708568,0.55101824,1.7876633,1.9284596,0.43315318,0.0030342175,0.76365036,2.1995199,0.02958114,0.81419665,0.12038766,0.046749074,0.80031973,0.25470898,0.0019534254,0.14625831,0.052170232,0.34430185,0.36760563,0.0,0.009241218,1.1827629,6.3448634,0.8407603,0.3527495,0.22744535,1.5349597,0.0027140568,0.47820857,0.29692507,1.578345,0.013597697,0.017204236,all_pothole_images\pothole_images_new_image_945.jpg
0.14282711,0.24820264,0.4687683,0.5645078,0.123270795,0.2116623,1.0590757,0.16668887,1.0233917,1.7456241,0.107827984,0.6355256,0.12735291,0.1386885,0.18507467,0.59168035,0.017786479,1.5882844,1.1499984,0.19465755,0.63171804,1.0145258,1.3076519,1.979376,1.1021699,0.22373651,0.10233102,0.3421479,0.009033922,0.063611336,0.09516712,0.002771333,0.8693894,0.57239306,0.4245793,0.88749886,0.050636545,0.22062024,0.010875171,0.33863443,0.27883366,0.05817553,0.06822504,0.36098137,0.17033744,0.551136,0.1493133,0.15281853,0.47737536,0.42419502,1.062014,0.6907514,0.9908721,0.36983955,1.177171,0.83085024,1.7806206,0.28329676,1.3394215,0.62571996,0.00017572688,0.53016585,0.4469401,0.4978396,0.22694167,2.087192,0.72833556,0.007980107,1.1720102,0.20296505,0.18324655,0.15839589,0.42316616,0.11301995,0.1723732,0.14494668,0.093202226,0.36283714,0.0,0.24327701,0.07632182,0.17119521,0.89166504,1.5247108,0.5973896,0.4747447,0.17799735,0.18578354,0.9089234,0.34013873,0.031086823,0.24843699,0.032101464,0.2609151,0.0014847056,0.31195322,0.6329376,1.8552278,0.13237141,0.014976681,0.15177993,4.6191974,0.639283,0.061438553,0.31243885,0.40512508,0.48127168,0.3306988,0.086369015,1.6455008,0.10320257,1.224547,0.09513769,1.1245064,0.16554435,0.5258526,0.8003484,0.013525324,4.596631,1.44445,0.917506,0.81011045,0.35045877,1.8990892,1.0446904,1.060612,0.0015728851,0.24515152,0.16191702,0.06803996,0.23457515,0.2881188,0.047297135,0.2670766,0.06728475,0.20020573,0.0,0.07839841,0.30015057,0.12429276,0.20162475,0.060277227,0.64381295,0.65618485,0.0,0.102794364,0.10214159,1.1317523,0.2683197,0.335663,1.0635086,0.29391637,0.40389407,0.0,1.7002264,0.77908933,0.8648277,0.33384416,0.7547765,0.05230088,1.6789256,1.4028262,0.0049702614,0.26048994,0.6971344,0.12202657,0.91125286,0.16801706,0.3533677,1.4222887,0.4021172,0.0064158444,0.007854066,0.045429155,1.3347682,0.3286394,0.007864612,0.044170808,0.3231842,0.12777926,0.36442694,1.3218415,2.1473503,2.3993447,0.65431523,0.8254209,0.027546067,0.2987838,1.0646392,0.5332713,0.40314758,0.033035427,0.089800715,1.1998417,0.20868722,0.43250647,0.7336793,0.51486266,0.3374704,0.28917882,0.28072664,0.6400675,0.5398349,0.38054782,1.8164699,0.29541218,0.5934509,1.0238987,1.97921,1.1395937,0.0128139155,0.23543431,0.016188145,0.43573526,0.20359294,0.41096118,1.3404547,0.36099136,0.3890084,0.11248707,0.40485817,1.5575746,0.8492306,0.19306977,0.0,0.1662573,0.3688074,0.29962248,0.67261785,0.17412277,0.03133018,0.32101098,0.3314792,0.11773998,0.4412042,0.013932551,1.1604633,0.031524375,0.030303642,0.15048103,0.92819774,0.5172976,0.33198577,0.21367687,0.50594306,0.18223134,0.5380793,0.024965953,0.08724041,3.239251,1.8586941,0.62201643,0.13512196,0.1118077,0.010459241,0.3820947,0.9519636,0.34075943,0.9213618,1.3646774,0.19514574,0.009263162,0.18476105,1.5304471,0.6038635,0.14882262,0.7527302,0.038312998,0.93885905,0.13852659,0.33131245,0.012989265,0.7113162,0.53817874,0.36472306,0.16585992,0.10572238,0.15753861,0.63238394,0.5150467,0.4222788,0.6025431,0.49452186,0.08721151,0.17555319,0.06641386,0.2346152,0.32093155,0.38037032,0.31921843,0.91505694,0.09301046,0.2810338,0.6216184,0.13718793,0.0792637,0.7157767,2.4681756,0.1047562,1.5682068,0.04147252,0.19080526,0.06682478,0.12862168,2.6655498,0.56495255,0.08645049,0.14134876,0.15643406,0.22068459,0.75695366,0.6071937,2.625772,1.3993099,0.13568977,0.5224979,0.27242255,0.847082,3.8335137,0.33557186,0.8717439,0.18297984,0.24839483,0.2956404,0.9899385,0.15156166,0.29084814,0.29987994,0.32799256,0.1700394,0.78355765,0.7208133,0.25134268,0.0016523806,0.0,0.40772444,1.0996566,0.20957024,0.096830554,0.3775563,0.9791962,0.46313226,1.8997114,0.0,0.09067215,0.24128185,0.3934084,0.050013006,0.0,0.1493302,0.07488174,0.23297346,0.6253229,0.059706513,0.103075124,0.74671817,0.63510495,1.6807328,0.25804767,1.1742316,0.59658116,0.2646887,0.22512832,0.1945684,0.11705424,0.84142363,0.7301679,0.10942202,0.8118689,0.031328805,1.0493906,0.011824558,0.47989318,0.037397943,1.3801117,0.07008307,0.6087845,0.23929346,0.82236135,0.24844618,0.82641816,0.0017332154,0.23306316,0.18548049,1.4014364,0.31187546,1.5332144,0.25452057,0.5793886,0.49040022,0.22877324,0.23043102,0.14904091,0.6203278,0.062448263,0.11884236,0.6077087,0.19234529,0.785858,0.40537345,1.944597,0.84180015,0.3580228,0.44057605,0.38701573,0.032226164,0.27188975,0.42289808,0.09019543,0.19613095,0.48564583,0.5662647,0.05092787,0.08113096,0.00502893,0.27069777,0.6823884,0.16880774,0.37262842,0.054420285,0.9574937,0.48383516,2.0662203,2.4314349,0.6182804,0.3980135,0.49229547,1.1109128,0.19241142,0.46924233,0.69410866,0.47432792,0.63396144,0.32878253,0.32075226,1.8458579,0.6964186,0.024025649,0.45550388,0.51715195,0.14779498,0.27746126,0.65156734,0.05076682,0.89577544,0.1510058,1.0959039,0.24591331,0.0,0.1901364,0.34650818,0.36464846,0.49116033,0.23135217,0.44157413,1.2205232,0.4144928,0.25740212,0.34414104,0.91592175,0.32509065,0.5930891,1.3510859,0.07749214,0.65620774,0.5072328,0.04003733,0.1497742,0.18805277,0.6868534,0.41973904,0.5027654,0.023661256,0.43302667,0.19861116,0.081903614,0.12643485,0.35158947,0.09888812,0.24677557,0.9466986,2.0653827,0.59133893,0.08280198,0.023375608,0.6127285,0.8245703,0.090629816,1.1844381,0.022584954,1.0823905,1.5872152,0.0,0.44691557,0.02179691,0.058346573,0.043232545,0.08469903,0.06267217,0.27888533,0.5373222,3.0384648,0.56148106,0.32846385,0.33094412,0.75168455,0.10186838,0.010337219,1.2683207,0.5628527,1.0317768,0.0,all_pothole_images\pothole_images_new_image_946.jpg
0.663783,1.619249,0.7490116,0.08107137,0.471754,0.9574384,0.4376749,1.7876292,0.7292162,0.46023488,0.0100659905,0.4771962,0.38863856,0.58146614,0.43967974,0.028957212,0.100310355,1.6181856,0.6369539,0.21563989,0.09306717,1.8234721,0.23775911,0.44166687,0.67880714,0.07577702,1.3337256,0.34031156,0.65262574,0.8521831,0.3772953,0.9865566,0.7763846,0.05312817,0.9853086,0.4852809,1.2751548,1.034913,0.04971308,1.5230842,0.7392509,0.83270806,0.012550932,1.4650203,0.35823736,0.2844469,0.28519285,0.035997916,0.5344875,0.11809213,0.27962926,1.3905339,1.4756192,0.6390328,0.12005974,0.5281691,1.0990564,0.54935384,0.43092096,0.5108005,1.5615048,1.6257149,1.775205,0.04449748,0.13185103,3.0369267,0.094269864,0.12179264,0.0,0.6737147,0.004207682,0.62063015,0.3160448,0.4225421,0.10539398,0.10623885,0.32234085,0.9694419,0.0,0.114976265,0.50123477,0.25843167,0.10187125,1.7144252,0.009813873,0.24311991,0.37904656,0.20096003,3.0084708,0.008670255,0.39652005,0.91507745,0.17573264,0.09703781,0.047042947,0.12166713,0.858321,0.21617459,0.17302248,0.15291545,0.76859534,4.99272,0.4556337,0.0336017,0.11410581,0.47317085,0.0034512207,0.41986084,0.30082586,0.99069256,0.50046366,2.332993,0.6169709,0.027970333,0.83439684,0.98662376,1.7492076,2.4697676,0.5939597,0.41123137,1.6993288,0.7438834,1.4607271,2.6598036,1.3983076,0.303559,0.43641755,0.9977194,3.394328,0.4071786,0.44326425,0.08674543,0.0,0.42772275,0.018381432,0.74992,0.16344243,0.31767413,0.46431586,0.67293906,1.9305573,0.48604804,0.13583401,0.61382574,1.0996152,1.0066564,0.025608674,0.2564803,1.1235805,0.33745155,0.28509662,0.32368538,0.4353705,0.086972214,0.08281857,0.099978656,0.050758805,0.29582074,0.07240838,0.35672978,1.1968795,0.58646655,1.1374763,5.645705,0.021191867,0.6234113,2.4145029,1.428003,1.096197,0.09646982,0.11782189,0.0010076212,0.27271312,1.4630504,0.5679967,0.13475312,1.4970245,0.46550554,0.39382353,0.33758754,0.12624931,1.1495514,5.205694,0.92274106,2.870274,1.3092673,0.23920892,0.006658395,0.19123712,0.15752494,0.84607166,0.25302714,0.008865143,3.7544427,0.07896445,0.38954347,0.043159753,1.5139384,0.1997014,0.6910132,1.1476445,0.034184262,1.7161504,0.5797843,0.7488448,0.80443585,0.36807346,0.4595528,0.29515156,0.07638059,1.4804074,0.42823374,0.042955767,0.93935597,0.43593922,0.24777351,0.8735139,1.3313751,0.29650852,0.001356558,0.27946413,0.29214534,0.32268834,0.0,0.85557884,0.54732543,1.6401693,0.14900753,0.10188206,0.48567683,0.8459072,0.37280965,0.51774466,0.10654964,0.873477,0.11713304,0.598656,0.4834483,0.17384039,0.052678984,0.06992038,0.2531811,1.1310557,0.013943422,0.14927368,0.3115332,0.17823422,0.47130942,0.45160428,3.027622,1.5301058,0.01158279,0.88119113,0.18169443,0.8889789,3.1104593,0.14451317,0.03941072,0.10709325,0.20317848,0.065881595,1.1720302,1.1732988,0.5797499,0.18082778,0.42851397,0.013221632,0.43836537,0.013218845,1.5471829,0.22785373,1.018317,0.109306745,0.29466856,1.5001903,0.02988902,0.3172131,0.714444,1.1118361,0.61165696,2.8179975,0.35090154,0.80898035,0.33798894,0.21935008,0.56499404,0.0392134,1.0560112,1.5726211,0.119461454,0.37398827,0.5074135,0.8275719,0.06789372,0.27852038,0.0034227204,0.21290576,0.95449144,0.47643253,0.31618583,1.0052786,1.8421112,0.28538087,0.2520171,3.3807547,0.5021935,0.6995873,0.8865333,0.6012573,0.6571144,1.5523307,2.521568,1.300443,0.5973496,0.27842852,0.034954526,0.0771359,0.80193055,2.490085,0.8788734,0.044957053,0.0267591,0.0037644256,0.34491056,1.3569719,0.3900735,0.8124683,0.18792355,0.7015447,0.21210182,2.0408475,1.3011844,0.42550975,0.9870429,0.15255581,1.319017,0.014009188,0.3693613,0.23352177,0.28115183,0.0,0.45042923,0.0025086082,0.047103442,0.99944293,0.00514526,0.0,0.3718999,0.7382688,0.73415446,0.43919095,0.39991963,1.2564503,0.121440925,0.3557029,0.3773697,0.3269848,0.5818575,0.011502477,0.24472918,0.02729978,0.12756544,0.72530144,0.13068242,0.0,0.053243056,0.33093223,0.5768196,0.5234095,0.3360569,0.4951672,0.19534971,0.65049833,0.43669042,1.1436828,0.112728216,0.35362896,1.2673577,0.6951483,1.8169678,0.59607095,0.22706826,0.57601845,0.38634434,0.54539925,0.12809718,1.4847971,0.1762687,0.13686682,0.14678071,1.0226141,0.41232383,0.06772658,0.90095675,0.038809586,0.21129093,0.60260344,0.16339952,0.001043869,0.24646945,0.9005537,0.024673622,0.3351995,1.1367303,0.011278881,0.42299962,0.18821922,0.6821325,0.9949491,0.20811272,0.56147647,0.65525955,0.54328084,0.2406081,0.27891594,0.5901804,1.6081011,1.499517,0.08502126,0.11556732,2.0211506,0.31361568,3.5203736,2.2536857,3.9755375,2.5304012,2.0425642,0.8787187,0.41225958,0.16724393,0.009714756,0.76561695,0.002989655,0.1045766,0.3797956,2.3685768,0.7782967,0.56106615,1.7860444,0.6397979,0.12040801,0.24604464,0.23525023,0.11908116,0.07757609,0.3315331,0.4273855,0.090443686,0.585911,0.5128998,0.04589277,0.0,0.15864494,0.2552279,0.70881706,0.38437366,0.8630542,0.89764637,0.64732313,0.43981135,0.99398845,0.576682,0.3903029,0.03856949,0.25466478,0.34933114,0.27421606,0.65091085,1.0955675,0.9392277,0.08258868,2.2335773,0.90196836,0.07011641,0.04002738,0.021025803,0.18543547,0.96333575,1.4623766,0.048295777,0.112680994,1.1442693,0.01822265,1.0937626,0.034838904,0.53753984,1.4082924,0.10897881,0.42024916,0.07011257,0.18053,1.2064972,0.04910196,0.6031928,0.0,0.0075714616,1.1028674,0.019205285,0.40380332,0.4339901,0.008237896,0.8351288,0.43864417,0.85076535,0.2731541,0.14118035,0.011859055,0.0,0.9791244,0.21764329,0.8486412,0.17633314,all_pothole_images\pothole_images_new_image_947.jpg
0.8013756,2.8797438,1.1937245,0.2772588,0.5755115,1.0620464,0.6740804,0.4043652,0.7838397,1.7180048,0.4008684,0.7208522,0.42946598,0.06325267,0.25607744,0.79417145,0.23334949,0.72578555,0.23602244,0.97650653,0.58165854,3.25344,0.5860219,1.4942695,0.53787345,0.6558101,1.0750717,3.0453715,0.043380264,0.43994927,1.4991031,0.4577888,0.053957462,0.4378159,0.7581287,0.5149494,1.6481915,1.1280723,0.44256112,1.5187414,0.38052833,1.7665344,0.92075574,0.38585165,0.8427011,0.21952508,0.35577166,0.34024918,0.8157893,0.313147,0.2410457,0.3034036,0.91094613,1.1915939,0.5224504,1.3742255,1.5396535,0.3498823,0.2291462,0.4267964,0.71570116,0.9653658,1.2008824,0.3063567,0.60450375,0.4956088,2.7323084,0.5924473,1.5892655,1.5482234,1.1566358,0.6455331,1.3052218,0.18287645,1.4519943,0.72979695,1.7946382,0.41670182,0.445074,0.50677645,0.58033204,0.21779266,1.1598681,0.82216513,1.2502713,0.26592782,0.26602164,0.72764164,3.8936038,1.8329724,0.9304202,1.1788154,0.96846896,0.2111643,0.84510714,0.016096951,0.6232429,2.333495,1.3312622,0.29243258,0.71651584,0.7500015,1.0128595,2.039699,0.02886813,0.56331277,1.4179286,0.091069184,0.16813798,1.2538781,1.7950565,0.43195817,0.4290297,1.6554263,0.090305105,1.5724835,1.6162721,1.0238695,1.1262947,0.5858557,1.27472,2.6875446,0.7358145,2.488142,0.86699384,0.41579717,1.1999589,1.2765723,1.0885502,1.2972691,2.3301747,0.65569866,0.40284577,1.1078765,1.3717743,1.1832101,0.1266886,0.05582787,0.4212141,0.19961922,1.1710423,2.9146605,0.043681324,0.87754524,0.4726485,0.2053163,0.665109,0.9569423,0.7008212,4.1414447,0.7055459,0.10660487,0.82126117,0.59258944,0.6196864,0.08141146,1.2793311,1.4754269,0.12899356,0.88051,0.9632782,0.7661219,0.8325569,0.12244248,0.13646151,0.15862092,2.9290495,0.16596356,0.21191028,1.1987711,1.3414301,0.20029566,0.5713929,0.2388856,0.9321529,0.13734151,0.13333915,0.7064741,1.2567776,0.4461602,0.6156159,0.15585843,1.6828059,1.318433,2.8723276,1.738407,0.7961886,0.74990547,0.42291772,1.6728282,0.35347623,1.2662607,0.6237863,2.003285,1.0776345,0.6508879,0.40462416,1.6528599,0.14149755,0.57396466,0.35666662,0.781228,0.48133296,0.99662054,1.0218444,1.4802058,0.30822793,1.3114833,1.534757,0.545518,0.47969756,0.92060196,1.7527682,1.6975901,0.5341165,0.35224965,0.6851349,0.14454839,0.15836674,0.88312405,0.7447337,0.9098231,0.016830321,0.40563998,0.17842485,0.32934606,0.9220459,0.54568547,0.25867316,1.1722798,0.19290294,0.22753534,0.11497339,0.9740306,0.4751566,0.9891554,1.1238902,1.0126457,0.16330078,0.3383376,0.0006403336,0.21787061,1.4023445,0.49144417,0.33534002,0.9792074,1.3361111,0.3772377,0.09952857,1.5913215,0.60590976,0.5537867,0.56471914,1.2107458,1.543085,1.123298,0.8614531,0.46888888,1.0712209,0.5571902,0.18862121,1.0088409,2.5510755,0.49035886,0.0074646114,1.4340831,0.6849464,0.32221362,1.3634273,0.005647144,2.3061006,0.6177082,0.46474883,3.0301292,0.6766985,2.0529065,2.3836184,0.2789708,0.9146217,0.8115765,0.45633245,0.081503265,0.50720847,1.6228415,0.43561304,0.7140861,0.8982909,0.887344,0.9786723,0.900789,1.7642101,0.53600776,0.22546223,2.88171,1.0962929,0.010286337,1.0713977,0.7099897,1.7551225,0.34492254,0.0016557075,0.14023533,0.14650224,1.7872581,1.0819199,1.1600718,0.27690715,1.5237062,1.0683054,0.12977213,0.49715838,1.6536776,6.6555257,0.7519377,0.8621857,0.8719471,0.57350767,0.6233331,0.22464485,0.4693173,0.9557188,0.3382046,0.30212688,0.59362257,0.82014245,1.4102086,0.41046995,0.14195012,1.3718613,0.021954201,3.3737998,0.6032456,0.36526775,0.42059276,1.1000922,0.16893241,0.22853316,0.34534535,0.35283196,1.0036323,0.56198066,1.3152689,1.5236926,0.14651212,1.293469,0.28941986,0.6892052,0.2756917,0.38827887,0.6463916,0.4671186,1.8309113,0.6092377,0.5581319,0.15295182,0.13899954,0.42739695,0.19617026,0.42365447,0.810474,0.9631234,0.7015209,0.8778231,0.1638318,0.48326817,0.55755955,0.14170241,1.0953244,0.635696,0.74261504,1.0118761,0.87863934,1.2009614,0.5700177,1.5577561,3.2814841,0.6724081,1.2765929,0.40078348,0.42544392,0.5953467,0.43391764,2.117927,0.55495155,1.884721,0.21655504,1.3046054,0.027008703,2.0860078,4.6677094,2.017989,1.9570135,1.2221256,0.22309469,0.76129305,0.2519637,0.13439183,1.0341187,0.5451325,0.94783145,1.5419283,1.0438782,0.8437902,0.9211815,0.070971325,0.04475529,1.8495816,1.3192465,0.8325455,1.1465882,0.5652207,3.0243921,2.7077992,2.1798697,0.9634748,1.1159716,0.80729675,0.8649709,0.6340704,3.3877406,0.48676664,0.61818725,1.166218,0.9398766,0.6436156,1.4010962,1.7715405,0.33294502,0.76302767,1.3225353,0.8603741,1.2849967,0.8964051,0.81021607,1.845215,1.5646759,0.9980528,0.16452405,0.38977233,0.3148335,0.09953092,0.68953866,0.6880194,0.7637651,0.5474004,0.24166115,2.5448465,0.4378581,0.4327511,1.073395,0.020005872,0.6842829,1.4867126,0.8185268,1.6809918,1.6247584,0.9759168,1.8501767,0.07465447,0.758049,0.5774753,0.16290817,1.4455297,0.8997015,0.23608223,1.6213157,0.44122982,0.60492575,1.8141317,1.464715,1.4201586,0.5561997,0.26829,1.439785,2.2125247,0.41022837,0.021448495,0.45082402,1.8025768,1.0363119,0.6452299,0.77592975,0.4904724,0.3136109,1.1284523,0.33665547,0.8289325,1.2203748,0.22430287,0.46742573,0.33456382,2.6581342,0.73712367,0.31810138,0.086962454,0.370483,0.25723344,1.7246593,0.7924705,0.77303463,0.1521662,0.88732475,0.4049566,1.1286199,0.4719897,0.4281821,0.1866391,0.9144814,0.66642356,0.9074117,0.8548697,1.0605701,all_pothole_images\pothole_images_new_image_948.jpg
0.33376122,2.4439335,0.14725985,1.7476742,0.40716326,0.09965665,1.0308219,1.1617223,0.035536543,0.9627701,0.049927395,0.8124214,0.6219663,0.5835534,0.101822324,0.27199435,1.1060051,1.0333794,0.7057411,2.0619292,0.30045363,2.307343,0.9548846,0.22874287,1.4692034,0.012506256,0.7297957,0.57184124,0.11720299,0.98321825,0.8897777,0.64438426,0.840208,2.3966157,1.4539039,0.37314495,0.20007347,2.1619613,1.0202197,1.5225215,0.06731578,0.005128259,0.022268374,0.4210333,0.025460102,0.20858054,1.1506073,0.0,0.22818753,0.6325127,0.33394194,0.042428438,0.3380479,0.37044632,0.56877244,1.4607531,0.9473555,0.28245914,0.51337665,0.4732338,0.5906126,0.5427847,0.30398813,0.024513975,0.10965611,1.9918231,1.4041084,0.34540787,1.910788,0.6491816,0.080509424,1.3626839,0.0010551399,0.23233712,0.672535,0.099493764,0.9557361,0.8335186,0.9803652,0.19047935,1.1521219,0.060325608,0.38451907,0.08056772,3.7952626,0.1578713,0.20023069,0.8469417,1.9095368,0.62196714,0.1635396,1.0567288,1.0185405,1.2638818,1.7038916,0.02439213,1.0727745,0.6512259,1.2218028,0.56231266,0.14734152,1.2470652,0.07689189,0.6288596,1.3973277,1.7057348,0.17438196,0.2587969,0.17296621,1.6300366,0.2389861,3.2732677,0.5214836,1.7900661,0.042017654,0.26125565,0.69226307,1.7567008,1.6987036,0.5102276,1.7868965,0.591308,0.74307936,1.16689,0.34469846,0.19950348,0.5632019,0.29790136,0.6391113,0.0,6.276787,0.80379164,0.40371177,0.18768592,1.7332075,0.36780688,0.046689972,0.5225872,0.17774479,0.24673016,0.29542038,1.036835,1.1174358,1.7295783,0.07323278,0.30704677,0.34066254,0.43845716,0.24959382,1.6009629,0.0037513874,0.6345424,0.24112962,0.064962685,0.5626449,0.5527684,0.2551871,0.8344035,0.26995823,0.52840996,0.40761596,1.2175117,0.4421233,6.3372808,0.3581893,1.5826316,0.77024335,0.52408767,0.36602572,0.7250917,0.7602346,0.8491148,0.85938835,0.034063242,1.4354222,0.0039387923,0.6351185,0.2975069,0.4298057,0.6994649,0.24382913,2.4426208,2.2428904,2.5982473,1.1678766,0.1342294,1.3790783,0.4667781,0.5021939,0.22769764,0.69998306,0.882953,0.031781714,3.848291,0.019392563,0.08118819,0.4269627,1.34891,0.0,0.06965595,0.029072255,0.1803453,1.1640416,2.14677,1.1280367,1.0238067,0.85557365,0.33621228,2.0664556,1.5860778,0.04965862,0.2823244,1.0276753,0.6220825,0.6821682,0.08636542,0.5422203,0.27494416,0.16060188,0.5354847,1.5906229,1.8372202,0.5170146,0.9438492,0.27215764,0.5007241,1.1353748,0.09002222,0.21042855,0.34863386,0.76507705,0.50267893,0.4322728,0.58740675,0.16831225,0.9838436,0.9880966,1.8355558,0.24775144,0.7258457,0.0040743737,0.0798839,1.1369319,0.020685283,0.27296293,0.21956596,0.38036588,0.7611705,0.094286196,0.4721782,1.7538819,1.1714584,0.4595415,0.3486983,1.0227737,1.407069,0.6472662,1.470141,0.42699033,0.5461122,0.105186716,0.6526189,1.3771901,0.91098887,0.015584651,0.53209734,0.2772878,1.0963992,1.4637387,1.4300667,0.06130044,0.06296152,0.45053077,1.1514938,0.5733404,1.4299232,1.634296,0.5705342,0.8408133,0.104120545,0.09655687,0.24446535,0.2919762,0.19236527,1.0676589,0.0,0.67679363,0.20900224,0.050113205,0.25539163,1.6074103,1.0618961,0.1263286,0.31458148,1.6810828,0.63827133,1.1387842,1.1279299,0.3886831,0.49283618,0.19918251,0.0768109,0.1965925,1.1287082,1.0188493,0.0,1.6613268,1.1963859,1.0203401,0.04762693,1.3683466,0.8280996,2.6207838,0.44961962,0.28229016,0.22086795,0.016598154,0.17783403,1.0953056,0.41567886,0.88628036,0.9369802,1.0748932,0.8054019,0.43160018,0.38486722,0.064870305,0.5099903,0.44322923,0.22758822,0.69930977,0.23104435,0.45696843,0.27719617,1.0251315,1.1789926,0.22694142,0.49240088,0.49696523,0.48029685,1.6685143,1.1196492,0.39585638,0.73728925,0.23048294,0.68519807,0.37260756,0.26168257,0.23020275,3.8145897,0.25176942,0.8128488,1.2979617,0.16080654,0.7699935,0.3465144,0.054298624,1.776649,0.6986847,0.059330393,0.24385804,1.3501686,0.30817637,0.17283402,0.3626846,0.5982373,1.8523673,0.058151346,0.14299342,0.63154614,3.1669304,0.30167222,2.3994303,0.027558787,1.4988878,0.67181194,0.33259088,0.4263118,1.8362772,0.16015656,1.266542,0.19763467,0.38922983,0.13453878,1.3059021,0.1715576,1.52155,0.68996656,0.39359018,3.1378672,1.2135575,1.0941993,0.11782186,0.5021801,2.1248555,1.3684049,1.0096492,0.45401764,2.1874204,0.70651203,3.5772338,0.5339984,0.6803447,0.13559137,0.055404995,0.79109883,2.5568814,0.7109409,0.05562369,0.7087287,0.8400518,0.90369415,1.9234345,1.2851518,0.0386061,1.068887,0.34080863,0.12766272,0.05214879,0.4246015,1.2701309,0.29662317,2.355784,1.3071429,1.0339271,0.42973793,0.66290814,0.40572578,0.19074951,1.2386142,0.071025394,1.275414,1.5969341,0.24099338,0.14498891,2.2915478,1.0127707,0.047909416,0.22763443,0.10394977,0.14477697,0.56291026,0.22361992,0.41010734,0.040347837,0.39501968,0.6941435,0.66752523,0.2567124,0.44713253,0.025014356,1.5890346,0.036667407,2.2916374,0.0858994,2.6122348,0.6420711,0.79355854,0.8821704,0.09750372,0.500272,0.64299977,0.36777386,0.45750582,1.0154128,0.41483602,0.09697431,0.55369055,1.27128,0.7734889,0.7697897,1.4617372,0.39861274,0.3872292,0.37261847,0.070341766,0.78137344,2.1299226,1.4474461,1.1984504,0.73903376,2.8494537,0.7744826,0.33662915,0.020054113,0.45703202,1.0478655,0.7296566,1.182923,0.0126015,1.3150605,0.5561893,0.43825677,0.0059217294,0.1341776,0.023640776,0.28483534,2.2983804,0.3760365,1.1293676,0.37642226,0.96801865,0.17423917,1.9910243,0.122934066,0.070871994,0.0021248532,0.44090208,1.7065463,0.18617626,0.27477,0.778668,all_pothole_images\pothole_images_new_image_949.jpg
0.09616309,0.19897711,0.748216,0.8299639,0.22655544,0.2388995,1.294128,0.39411423,1.0060767,1.4223542,0.18629074,0.76380664,0.15271975,0.14117718,0.09894595,0.68728995,0.009700185,1.4393861,1.1357526,0.14906216,0.65717906,1.1507871,1.2799947,1.863588,1.2490491,0.28126016,0.040689994,0.5140214,0.0315287,0.08243557,0.13286756,0.0,1.0078757,0.47622877,0.4374114,0.8384016,0.068764925,0.26056907,0.014277411,0.25725597,0.23888238,0.017529875,0.05098262,0.5874559,0.32995084,0.48321947,0.17739788,0.060981497,0.24832532,0.33481055,0.9231248,0.55853814,0.5879779,0.29510415,0.8611347,0.6815483,1.8445029,0.21558808,1.3270117,0.54358727,0.009660772,0.5576918,0.5686357,0.49117333,0.3987793,1.7184563,0.78283894,0.0,1.5611308,0.07076875,0.13360594,0.17918532,0.34549958,0.06850179,0.24561337,0.19311364,0.14263219,0.25105333,0.0,0.2081489,0.101145394,0.22072858,0.6816356,1.735372,0.7489523,0.67594475,0.1715056,0.15179522,0.70588464,0.40002167,0.03330869,0.16943784,0.02039174,0.38746026,0.0031103492,0.10582499,0.6229368,1.4670646,0.2053063,0.12998503,0.1707479,4.2272234,0.6724894,0.013043553,0.43064007,0.47334263,0.12930259,0.17295815,0.10699381,1.5170605,0.08010054,1.4014307,0.06521653,1.0710257,0.16717555,0.43261328,0.797449,0.0,3.875297,1.1833409,0.8082568,0.9796228,0.36441103,1.8872627,0.93861735,0.8275004,0.0035484796,0.11510056,0.4496685,0.029823601,0.2472863,0.34006694,0.079497404,0.32101035,0.11500922,0.31190148,0.007130447,0.15464862,0.40553287,0.19735542,0.14140636,0.14906387,0.5401062,0.6450127,0.0,0.16819741,0.1281135,1.1751893,0.13574575,0.18324435,0.97077507,0.32705364,0.5036786,0.0028348765,1.7342722,0.6272315,0.6870254,0.37271252,0.7153978,0.03152198,1.5855893,1.0773283,0.0091574155,1.0802996,0.7604513,0.108435415,0.8494672,0.17708868,0.38047475,1.2728193,0.29304737,0.0032085788,0.0078059398,0.062261064,1.1003916,0.32247102,0.0001991104,0.0032191488,0.26016197,0.107499234,0.28850174,1.4921213,1.9546438,2.273595,0.57747674,0.62869936,0.0033101211,0.19504105,1.1891186,0.44568673,0.2758434,0.0052422034,0.07174702,1.295743,0.14056957,0.26603714,0.6218623,0.6345512,0.382663,0.14198132,0.31328142,0.43284243,0.39688405,0.39435235,2.087498,0.2995686,0.6319692,0.83585,2.0756803,1.3484569,0.0,0.20723973,0.013483176,0.6517074,0.1745299,0.17595339,1.1447915,0.3828557,0.3543167,0.07487223,0.33404556,1.5383009,0.6835605,0.35451463,0.0031667755,0.06706914,0.48712504,0.24475837,0.6432263,0.070559956,0.044948235,0.21112475,0.41841272,0.08997475,0.45727617,0.061299946,1.263089,0.018242536,0.021383587,0.07119084,0.9853532,0.33516493,0.34281507,0.17028645,0.3382463,0.010117108,0.55027896,0.012517896,0.11646879,3.016186,1.7573737,0.27534488,0.20589964,0.036571186,0.020619545,0.34497222,0.758165,0.35808715,0.5805125,1.4497672,0.32362464,0.08934473,0.16334814,1.696082,0.49568304,0.27794826,0.8860886,0.13232715,1.2659303,0.17490931,0.28487757,0.05085623,0.93361145,0.43260002,0.22066996,0.078544945,0.06386329,0.22716849,0.629243,0.46260476,0.4733231,0.56869644,0.510569,0.1282763,0.15052086,0.08386748,0.38916808,0.41170123,0.41024148,0.33681062,1.0396012,0.12624909,0.17822911,0.4902773,0.14894,0.120527096,0.5020659,2.644922,0.1654676,1.2074393,0.16150413,0.17217687,0.004151196,0.084476136,2.837594,0.3179258,0.041209504,0.14149901,0.06387916,0.17877582,0.8365096,0.55060077,2.5634415,1.0875292,0.13658263,0.5386547,0.1841442,0.6571445,3.129037,0.27443776,0.7264997,0.06697279,0.22195977,0.2046002,1.0902929,0.14367278,0.37012285,0.2819487,0.11949099,0.22997697,0.92972344,0.77300775,0.11036009,0.0,0.0,0.5388115,1.0741171,0.10972959,0.08888992,0.1116547,0.74669546,0.655317,1.6782638,0.0,0.12488033,0.370244,0.32620674,0.08436337,0.0016871818,0.23070624,0.11353547,0.24103768,0.47917762,0.1561485,0.10612285,0.7406766,0.83340824,1.7403052,0.21543936,1.2761228,0.47267509,0.27337343,0.26666528,0.16590217,0.08011518,0.9952828,0.81526566,0.13916633,0.51320547,0.08429993,0.84097147,0.0,0.48698863,0.0045467624,1.390767,0.007247803,0.40664655,0.13581352,0.92672503,0.23454192,0.55587983,0.0044278516,0.31585228,0.11997297,1.2462524,0.39266947,1.7448876,0.20326605,0.44964913,0.3706282,0.28439018,0.19361147,0.118720114,0.54039764,0.045737255,0.24169953,0.958624,0.14177564,0.65120345,0.54087394,2.1572287,0.85179925,0.3880244,0.5807033,0.31200096,0.06627669,0.17681383,0.6673203,0.043465633,0.20321904,0.2577238,0.4563858,0.061489727,0.16053267,0.02939847,0.30430624,0.38702983,0.12819797,0.5197252,0.04110087,0.7768276,0.40960655,1.9252241,2.5665486,0.72803295,0.52714014,0.5483941,0.96164894,0.12659945,0.39013395,0.68638283,0.22543857,0.45494667,0.25936314,0.3867264,2.1262894,0.3446933,0.055065002,0.47011173,0.5985464,0.07990876,0.22227804,0.478073,0.10320976,0.763684,0.28878278,1.2039286,0.2031373,0.038440023,0.23547556,0.4235357,0.36480638,0.83092356,0.25110978,0.45991367,1.022752,0.39258882,0.3132248,0.43074876,0.6634815,0.22123136,0.9030287,1.0103085,0.059929337,0.5503763,0.45562595,0.013057042,0.08678936,0.24443096,0.76047045,0.36628988,0.46199238,0.011667543,0.36280814,0.16809312,0.035813857,0.19024228,0.52876383,0.112386875,0.13077828,0.92894745,1.996473,0.48800114,0.14045575,0.0032305382,0.45253175,1.1757593,0.17009762,1.3576789,0.05286648,1.3522569,1.2636327,0.008989742,0.15725254,0.06784233,0.08485788,0.095108636,0.1042589,0.054717388,0.26438692,0.6012707,3.0904343,0.6390355,0.28655547,0.107861914,0.45395994,0.016107364,0.0054737437,0.84583414,0.41568583,0.8917202,0.0,all_pothole_images\pothole_images_new_image_95.jpg
0.06940372,0.7362,0.047996625,0.92041355,0.716104,0.6611743,0.3171606,0.0,0.3295034,0.26960188,0.010855871,0.037993576,0.059655093,1.0687746,0.021135291,0.20334616,0.028128551,1.417484,1.0242859,0.16417491,0.49661228,0.43354127,0.849731,0.6407695,0.18910806,0.056316424,0.5560071,1.8187844,0.0015639003,0.02273856,0.02999093,0.5560795,0.014369464,1.1912615,0.13414434,0.8143608,0.018283403,0.18065211,0.5484104,0.08298785,0.20627174,0.5868459,0.05473741,2.1025903,0.20803632,0.33944106,0.37457308,0.034202296,0.31236663,0.4061755,0.5225238,0.16547705,0.07223387,0.05658757,0.72202784,0.934913,0.05866474,0.8527058,0.34017083,0.10551145,0.48262942,0.06559417,1.1149912,0.05639591,1.2996386,0.4375228,1.0367569,0.25747624,0.044677593,0.19552018,0.22169062,0.05753544,0.0149859805,0.014497376,0.8334382,0.006106136,0.54174525,0.54363984,0.07473479,0.0,0.011349262,0.002395918,1.2059318,0.5866266,0.1346944,0.037707917,0.29176056,0.17159277,0.6413168,0.08418047,0.15353528,0.6699105,0.018952273,0.40329897,0.014835338,0.003547627,0.7321089,1.0022732,0.28637236,0.45499575,0.08712854,1.295022,0.18055429,0.0020319906,0.46809685,0.676668,0.1943167,0.003520434,0.19177184,1.0142446,0.014124407,0.47242892,0.018039381,0.87424433,0.016355991,0.20750046,1.0221621,0.31879935,2.148271,0.31737965,1.368065,0.2233977,0.052895118,1.8076342,0.04189878,1.0503671,0.0,0.23582919,0.42952174,0.00069277396,0.31233156,0.12217592,0.0,0.26304296,0.14562653,0.08709108,0.54499394,0.062070396,0.07618039,0.40571836,0.6098125,0.033051115,1.4590273,0.21726908,0.11870247,0.1351576,0.6096761,0.96006274,0.24924375,0.20641434,0.26909384,0.02565741,0.1924417,0.069954276,1.0329914,0.71303177,0.17654185,0.41160917,0.39144224,0.42008147,0.9527219,1.2879841,0.0,0.54791015,0.18049322,0.042867567,1.5499151,0.14607833,1.203269,2.2810993,0.71175295,0.0,0.12025074,0.006255031,0.6767831,0.6523219,0.117659,0.0,0.71927625,0.16242595,0.124989524,1.6446408,1.6047939,0.23524693,1.6963924,1.1249999,0.32364786,0.7221158,0.19276875,0.4150178,0.33767495,0.17725785,1.0187811,0.18819594,0.98590773,0.0,2.5273767,0.80272543,0.26042786,0.09373815,0.0060570366,0.7477759,1.8625771,0.08808908,1.4487572,0.26029778,0.32292002,0.12550475,2.746703,0.24676172,0.023297781,0.084362775,0.1414668,0.11083965,0.6630119,0.5437325,0.47803885,0.13181429,0.68814254,0.5192087,0.52432954,0.3415001,0.21206342,0.057612203,0.0,0.049259096,0.4055257,0.029843768,3.4387243,0.37832966,0.12392133,0.0,0.5184112,0.003365813,0.1866599,0.5583913,1.9310819,0.18266642,0.099993356,0.15889393,0.12616223,0.45203108,0.13943386,0.27713105,0.07916267,0.43087107,0.6535068,0.4555035,0.06978551,3.596208,1.0039909,0.35647523,0.05691464,0.4593999,0.03519213,1.8963608,0.3359464,0.6225642,0.12119164,0.11017896,0.24343027,0.48271057,0.12526748,0.7326531,0.06755706,0.11446999,0.036534578,0.19974676,2.477339,0.12370358,0.14706266,0.055531368,0.44595516,0.71881574,0.24861778,0.60258263,0.22704096,0.20035382,0.078639016,0.37693346,1.9388293,0.68402284,0.09394188,0.04213502,0.169206,0.0927503,0.25936267,0.008517909,0.23642999,0.065094225,0.32818928,0.3987101,0.09640531,0.5395875,0.04866765,0.047863197,0.5049003,0.63368803,0.0919873,1.5990522,0.512827,0.53894585,0.019976255,0.067707725,4.4308634,0.024450036,1.2905971,0.16698806,0.086152844,0.9895864,0.26443925,1.2920169,1.9792125,1.3007064,0.76128244,0.32801023,0.19420388,0.25736138,3.6844366,0.12588182,0.9137752,0.033314202,0.02278542,0.48597056,0.106386185,0.12337914,0.29953185,0.0,0.07557899,0.090624936,1.3689951,0.07681355,0.11939155,0.2171673,0.0029361208,0.08306784,0.59402937,0.0016202729,0.048926402,1.2200149,0.058362205,0.071467094,2.4992812,0.5573383,1.0740237,0.15965982,0.08214363,0.0917089,1.7272662,0.22850943,0.23841229,0.15964237,0.06658404,0.2009909,0.17946908,0.54136616,0.025125742,1.1588876,0.19925055,0.40384093,0.21489738,0.8251064,0.6855769,0.083199054,0.853775,0.060876336,0.6637223,0.26451156,0.48529333,0.0527522,0.11143468,0.4407428,0.5013753,0.005631741,0.4324816,0.3957258,0.45324847,0.30928084,0.402724,0.0021331967,0.4597898,0.044804193,0.1846781,0.8397433,0.42985675,0.013028187,0.16782694,0.25405723,0.30656895,0.056122877,0.5373948,0.264197,0.0,0.64589,0.08689055,0.1763208,0.36785603,0.29024038,1.0117934,0.13197912,0.5965903,0.9184648,0.12515181,0.034629628,0.74883455,0.060175642,0.34262085,0.8281256,0.25747907,0.13076223,0.6671848,0.8652031,0.81716,0.14603242,0.23725148,0.014048032,1.0219202,0.18798211,0.07732449,0.06554196,0.9746423,0.44538924,0.07868076,1.5852783,2.048663,0.010997919,0.7939858,0.16290656,0.05446495,0.3103387,0.34662378,0.28883708,0.1263593,0.046887636,0.92384136,0.8652156,0.025313266,0.004425555,0.12662011,0.23791914,0.17648594,0.32893753,0.208866,0.0,0.5782164,0.0,0.33589342,0.07275555,0.0,1.3370303,1.4221605,0.5880405,0.08432519,0.018967994,0.0035657687,1.6414797,0.13545798,0.07769435,0.15715678,1.2682718,1.4143091,0.015403367,1.2684273,0.05129633,0.8720168,0.08201232,0.17024252,0.3562081,0.72759664,0.3716634,0.54018736,0.9904358,0.4297727,0.014616421,0.17427206,0.15908174,0.04705396,0.7234564,0.1279353,0.00032378428,0.09487732,0.8216031,0.21601696,0.12848805,0.8590172,0.07399189,0.20650752,0.09851033,0.10539402,0.18864785,0.4531116,1.5771687,0.013039447,0.12619084,0.035164703,0.10848876,0.1321781,0.017985845,0.043992806,0.06342682,0.10472665,1.4620106,1.088058,0.39819062,0.8194664,3.5777264,0.44220474,0.3697188,1.1257355,0.63163304,0.0,0.014829879,all_pothole_images\pothole_images_new_image_950.jpg
0.26767698,2.0354717,0.9831719,0.89057904,1.7648402,0.45462665,0.13253266,0.7102186,0.5434411,1.0838132,0.80552036,0.44975755,0.94580764,2.02163,0.5355157,0.22475113,1.2670063,0.07945084,1.676257,0.06949748,0.24052083,0.5858009,0.35208067,1.5881268,0.6892334,0.83995223,0.28069076,1.8028377,0.12907799,0.64005494,0.63667196,0.048856124,1.8804789,0.29581487,2.0791793,1.5301179,0.8810834,2.3174238,0.13040037,1.9460547,0.57797706,1.4143449,0.27209923,0.9316974,0.13460591,0.6064642,0.37513155,0.20212014,0.8155058,1.2399322,0.20735893,1.785325,0.8676715,1.0206265,0.6191936,0.9834606,0.53501,0.09575408,0.30922723,0.16046995,1.5909666,0.19761896,0.86562604,0.69484055,1.2782538,1.5097262,0.24465325,0.20255813,0.89087176,0.13360502,0.44122836,0.0932713,0.29491085,0.69576573,0.69649255,1.3782465,0.14165677,0.6978082,0.30627733,0.50062853,1.3403419,1.392948,0.7438716,1.003111,0.5656596,1.0579927,0.12605228,0.46714798,2.8908672,0.04762038,0.6274447,0.1999175,0.36182302,1.9131955,0.3027798,0.03356006,1.2713917,2.0030184,0.7861756,1.2230811,0.031138146,2.4276595,0.29400513,0.2842484,0.30960464,0.5323939,0.08165207,0.7090988,0.35213038,0.6966048,0.24359629,0.8268303,1.007276,0.59131396,0.61655223,2.0431206,2.2063174,1.0318985,1.2392609,1.394688,0.7328077,0.27338746,1.9415666,0.8793059,0.056917936,0.23722544,0.31409752,2.4156864,0.68855816,0.7592255,1.8385928,0.72406006,0.45744687,1.0440775,0.55971503,1.4702995,0.32369402,0.42739794,1.5805353,0.2710126,1.0105362,0.12387069,0.6090384,1.0437802,0.7977721,0.6433386,0.4057976,0.07408852,0.44551486,1.321621,0.9376244,1.5929817,0.010449006,0.52061236,1.5403363,0.5597689,1.4964874,1.0478332,0.7597784,1.4938043,1.0342693,0.7765809,0.28439516,3.469223,0.21567741,0.12359333,0.57173747,1.8197632,1.4623746,1.9728303,0.49706984,0.16692193,0.84296185,0.9321056,0.5298011,0.65287286,1.048672,0.77890867,0.2643477,0.98407465,0.16827309,1.1894065,1.2054036,2.0197737,0.6095985,2.144793,0.8101395,0.60466033,1.0660698,2.037513,1.4833448,0.55660665,0.7547689,1.5847697,0.6924094,1.0170755,0.43659014,0.13720518,0.13258001,1.3694098,0.95351285,1.0272992,0.22073656,0.17865193,0.17809151,1.3504452,0.2439974,0.9048848,0.8337073,0.063898385,0.9328334,0.88688004,1.1846523,1.7969877,1.7409103,0.72641146,0.58092684,0.33750767,0.8194382,0.18909118,0.7235716,0.20821199,0.13338979,0.18880521,0.57097226,0.44497648,0.68695843,1.9777405,1.3919388,0.36151472,0.16839549,1.2829115,1.6824292,0.9213167,1.7309158,1.1080571,0.63934374,0.01715712,0.06838721,0.005207908,0.47082585,0.36341196,0.39999378,0.057430416,0.33660156,0.055717215,0.90699095,0.49780485,0.5155251,1.810962,1.2089818,0.45073107,0.58202094,3.6157877,0.4298291,1.2449133,0.44044814,0.43381843,1.1528836,1.7495643,1.2222477,2.3417969,1.7330706,0.3789821,0.393128,1.6749227,0.32959533,0.8006615,1.1130934,0.17103884,0.1633233,0.43441474,1.3894898,0.6596892,0.28639296,0.43765923,0.28940895,0.9302035,1.4004358,0.32993558,0.10400906,0.116560094,1.2381966,0.85529363,0.4705517,1.1754116,0.9175362,0.9327347,1.1372018,0.058651704,0.5108648,0.6377169,0.046818327,0.97785527,0.25226375,0.37385863,1.3968676,0.09982704,0.28114602,1.0917419,0.20545097,0.77911925,0.31560248,0.58474904,1.6954557,0.09684979,0.6125436,0.9058151,1.259738,1.5303563,1.2565674,0.71694595,3.4852319,1.2592366,0.4747025,0.8818444,0.24305713,1.618088,0.7446351,0.77397263,0.6732344,0.6616858,0.5307964,0.3863301,1.3646196,1.1618866,0.9681852,1.4350067,0.8297766,1.0810516,2.6911745,1.7083428,0.037364885,0.29194996,2.0431745,0.81751263,1.2570878,0.29733336,0.8142689,0.041052468,1.0678874,0.54912364,1.4818949,0.4138712,0.60878295,0.36343548,0.47493172,0.78288954,1.1424563,0.58747965,0.0,0.557914,0.5816884,0.033649616,0.5222786,0.08635166,0.8277866,0.31277317,1.1286509,1.0001564,0.9937452,0.3786698,0.79668945,1.002648,0.567705,0.29773495,0.6596018,0.35924193,0.1101548,0.6660127,1.1053694,0.4359525,0.57267666,0.47077426,0.48367855,0.7088601,1.0375564,0.32111755,1.1994115,0.4767379,1.7212971,0.08247605,0.7037492,0.98841435,1.1443949,0.9633574,2.2202382,1.6349459,0.19913828,1.3615681,2.1450093,0.9961956,0.70086366,0.6659022,0.09956928,0.02650924,1.6428416,1.5151302,0.38930938,0.124166474,1.4653525,0.33644903,0.08427986,0.9482308,0.8533989,0.7523161,1.4927654,0.09898672,1.8680077,0.15230002,0.7946593,1.158093,0.9768192,0.7196842,0.07465819,0.9046833,0.33531418,0.4918052,0.17852388,0.2177886,1.9959084,0.51592004,1.0320393,0.45967194,1.5160636,0.7025831,1.2845367,2.1231542,1.1810838,0.64164305,0.07961649,0.6383686,0.73415804,0.64150834,1.0256144,1.9775758,0.83086294,0.2984544,0.3139653,0.19589877,1.0898119,0.06887391,0.12985615,0.030630684,0.43026677,0.46012676,2.1574395,0.9951318,0.42266166,0.7206693,1.4432063,0.6002781,1.218045,0.42994612,1.0510643,1.1091583,1.1349847,0.070075765,0.61751544,0.36774614,0.8369905,0.8938129,1.1691301,1.8993907,1.0648198,0.72727454,0.36135614,0.18539315,2.6608698,1.1960323,1.212938,0.7024885,0.36194104,1.1966875,1.720855,0.061688878,0.13351926,0.6559551,1.3406712,0.9426277,2.310349,1.5865053,0.4081712,0.79298556,0.33914673,0.07209661,0.8417985,0.2693399,0.4368129,0.24830806,0.91136307,1.1466702,1.1199691,0.15477192,0.08886698,0.0378341,1.3263587,0.96240747,0.626888,0.7573736,0.9099613,1.8194276,0.24673158,1.4236522,2.1503472,1.0952821,0.22706114,1.5262121,0.83833694,1.3270031,0.6390905,0.06519695,all_pothole_images\pothole_images_new_image_951.jpg
0.11209614,1.2896547,0.5036028,3.5511088,0.42651242,1.0871793,1.1279906,0.91759473,0.03529534,0.13158692,1.1724279,1.9231741,0.47890496,1.7753574,0.24110179,0.84857666,0.14331426,0.28542894,0.964885,0.55615616,0.21547715,0.30510947,2.307046,2.2903998,0.86977667,0.14028797,1.6309526,1.6779984,0.1530554,0.05685389,1.1229951,0.0214422,0.22816665,0.3110038,2.0294483,0.5957972,0.09729039,0.7787563,0.91178364,1.0784208,0.0,0.75800526,0.84065956,1.2065208,1.3744996,0.29917246,0.016597882,0.0048524546,0.37445995,0.39818844,0.74959826,1.615447,0.28052467,0.35231477,0.11847503,2.5413535,3.0322015,0.13574994,0.5039287,0.3221269,0.012618379,1.550085,4.0496445,1.2758414,1.4284222,2.6784804,1.9097875,0.57958245,0.39313912,0.04318978,3.0508528,0.017329974,0.5518105,0.12720661,0.69604945,0.3483864,0.1177071,0.17077287,0.027834391,2.6394665,0.021372708,1.1631285,0.07032984,2.9295726,1.7137046,0.23544292,1.2738192,0.82059616,3.9932806,1.1394923,0.21027909,2.3635375,0.2976881,1.6915442,0.0,0.149729,0.27314872,0.99194646,3.18939,0.6304469,0.00883223,2.3704731,1.0264857,1.8273932,1.288624,0.76548696,2.8686128,0.41524118,1.2016085,0.3284732,0.100665,0.33642974,0.7740807,1.4962074,0.8840958,0.25911042,0.9744156,1.3929119,0.6147893,0.54701495,1.5068337,1.0305332,0.0,0.86298776,2.9315977,2.2725625,0.67819184,0.4699172,0.95248604,0.33776185,0.3518095,0.010060359,1.4023216,1.4449055,0.11317968,0.3897496,0.70614606,2.2374008,1.0661993,0.402577,0.64079857,1.2449732,0.22778031,0.72219706,0.64912367,1.0567236,0.9331136,0.20046364,0.6169786,0.0,0.06279746,0.4436423,0.23137222,0.0,1.1098775,0.34114853,1.5747017,0.08815047,0.03186609,0.31139556,3.5393212,0.7689511,4.9281593e-05,4.30544,3.6371496,0.01191726,4.08218,0.25298798,0.7058227,0.7448886,0.6598443,0.23279254,1.3117483,0.6182626,2.261298,0.8587502,0.28617883,0.39723104,0.17015408,0.15341024,0.88368815,0.79860216,0.6906367,1.0490372,0.050025977,0.9668193,2.010242,0.6461466,0.096539736,1.680025,0.031083276,2.849676,0.48299414,3.0489526,0.036887802,0.8022154,0.20787978,1.2035959,0.03155246,0.5922045,1.167699,1.2429119,0.25519213,0.17481877,1.06582,0.15388535,0.10871381,0.0120788915,1.0728502,0.98743147,0.8793847,0.6571707,0.57856023,0.57596415,1.560199,0.87342364,1.1041162,0.07373736,1.465972,0.038477976,1.1898903,0.06249613,0.67420715,0.018415218,0.09417401,1.2053754,0.89383596,0.38609046,1.2719032,1.5993532,1.304399,0.50168204,0.7742019,0.3045293,0.054674126,1.8067564,1.4469051,0.28693935,0.075395755,0.1268602,0.39060915,0.17829354,0.0029301394,0.38737214,0.21004476,0.11395602,0.47884476,0.6744911,0.82209355,3.3500721,1.6506599,0.01660974,0.031463638,0.6636281,0.08469,0.7268659,0.30382428,0.532692,0.4327224,1.3667473,0.45842788,0.0,1.0427738,0.06237547,0.6223766,0.38324562,0.002639723,1.6810304,0.9050782,0.0,0.5799974,0.057087574,0.67357504,0.5625208,0.2618468,1.3983989,2.2917564,0.97258085,0.026434677,0.051586103,0.27103272,1.7061875,0.5679648,2.6059406,1.9398335,0.9848514,0.9963191,0.02649603,1.2884599,0.17381212,0.09611211,0.1304712,0.10471622,2.9683533,0.9787001,0.4536694,1.5060173,0.62945414,0.09216116,1.4116436,0.017896144,0.4059178,0.31722856,0.2899178,2.7639894,0.93621325,0.14291796,0.024042547,1.0295821,2.4045746,0.53528595,0.62132895,3.0608501,0.6426788,0.25280276,0.7873761,0.42281505,0.39278507,0.1345218,0.26525056,1.0499594,0.35419852,0.128381,0.0,0.27258012,0.48717436,0.55086607,0.20143135,1.763788,2.2686827,1.0811841,0.50813824,0.3002112,0.2698737,0.0,0.19125882,0.4691218,0.28197908,2.1075442,0.0258235,0.39050832,1.8042002,0.37620613,0.0818668,0.7032773,0.0,0.8837719,0.0039794254,0.23043512,0.27643928,0.6790193,0.73591286,0.318777,1.6591482,0.5364463,0.05451451,1.6890513,0.5097934,0.29361463,0.035454962,0.8326411,3.739842,0.7670106,0.009296158,0.005623466,0.9048322,2.4957287,0.3291518,1.1951753,2.2666173,0.42606407,1.9807966,0.017192613,1.4505814,0.5899091,1.8469825,0.05672365,0.20846103,0.32762682,2.1865447,0.7975764,0.13299651,0.5763359,0.5671209,0.7026487,1.7437596,3.1648686,0.8794551,1.0843449,0.7967028,2.7284892,0.0,0.67673194,0.57218313,0.0,1.4703608,0.88878,0.01603606,0.06198351,0.007163612,0.14238463,2.6836386,0.00089195697,1.6435716,0.3383708,0.15398555,0.044958748,1.2114474,0.090408206,1.7988452,0.18849847,0.59120023,0.26833385,0.8369715,0.3073253,0.09384688,1.744334,0.7773928,0.50093436,0.59994876,0.97448176,0.15254872,2.1962757,3.4218895,3.535592,0.045771696,2.9809713,0.21908824,0.39005113,0.60221225,3.7947145,0.20111538,0.11568607,0.112551995,0.29960114,2.968131,0.25316596,0.09847838,0.11332509,0.70567816,0.45746434,0.8207442,0.0057796617,0.05368683,0.6228981,0.049576614,2.1316857,0.28688952,0.5717764,2.2336683,1.2773829,0.046293665,0.5825103,0.21070921,0.46213472,1.9700369,1.716269,0.28202605,0.50436074,0.29783508,1.1891053,0.78662187,0.017672129,0.49526235,0.36623996,0.24677183,0.19232327,0.006333347,0.89240706,0.8871746,1.4174174,0.0,2.2131143,0.088450946,0.0,0.09769225,0.33316445,0.118805565,0.38302627,1.2131822,1.2820182,2.3860538,0.05124795,0.45163026,0.2737977,0.8974008,0.11608817,0.99107885,2.0020504,0.0,0.40662867,1.6650854,0.038919233,0.046261102,0.23975457,0.10120131,0.023869332,0.056333635,0.004702096,1.9703895,0.113085076,2.611409,0.052044433,0.0,2.9029186,0.23263259,0.3188053,2.524988,0.13175409,0.32094562,2.39985,0.6251836,all_pothole_images\pothole_images_new_image_952.jpg
0.17672515,1.9492159,0.36633736,1.1452417,0.90810204,0.36339802,0.05574276,0.006634875,0.72631866,1.8830955,1.1789371,0.46056318,2.9180598,2.7725906,1.0610029,1.4287567,0.079991095,0.79784596,0.116755776,1.5931474,1.6733067,0.88441443,0.0074875504,1.6453849,0.33359063,1.3746724,0.022644082,1.2984675,0.16260983,1.2609576,1.0864793,0.01639147,0.29636377,1.3507954,1.3797193,0.06430921,1.2153629,0.45560303,0.90463394,0.49266198,0.948962,0.22991262,1.2016889,2.045282,2.775957,0.6758827,2.2426138,0.013565117,0.4765867,0.75442994,1.8232118,0.3203468,0.9551133,1.4213182,0.59752816,2.516773,2.0701308,0.36549866,0.40030694,0.8276979,0.33083153,0.6224269,3.343307,3.654536,1.0222371,0.3880894,0.92089295,1.8368583,0.30008635,1.7214824,1.7757447,1.5823537,0.6653822,0.7951646,0.25576216,0.2874224,0.18939441,0.34321633,0.00020968678,0.17200756,0.495644,2.2408183,1.3511281,1.9567425,0.5996201,0.61033946,0.5874146,0.087410115,1.8633281,0.5249754,0.117083296,2.6468937,1.0206267,1.4519348,0.38561043,2.4419236,0.72198033,0.15472694,1.0383737,1.273432,0.42467794,1.5405697,1.8571681,0.6665167,0.9571458,0.1763911,1.389615,0.13644929,2.2684977,0.15986663,1.5650469,1.2099408,1.1509938,0.06961972,2.363573,0.59710574,0.93046737,1.6398607,0.69058394,0.2856483,1.8627332,0.33964193,0.09920032,1.2184376,0.87271965,1.8030177,0.8804889,0.2717266,1.5671268,1.0534288,1.5978726,0.050088182,0.7186936,1.3546606,1.3292404,0.45595855,0.8434062,0.1211061,4.102401,0.73851293,0.8671375,0.7089949,1.6424648,1.0094297,1.2267036,0.32160404,1.9187175,0.71909535,0.06620308,0.29367545,0.41598237,1.6029928,2.7049193,0.48230657,0.6422986,0.0,1.0908841,0.7021259,0.4476163,1.5809625,0.9103221,1.611833,0.2339803,1.9008532,1.100167,0.12345812,3.2002406,1.0123888,0.8202667,2.2132726,0.45191512,0.45815322,0.3687059,0.943561,0.20557068,0.4625068,1.0154468,1.9524887,1.5098902,1.2819743,1.1924479,1.0798215,2.6359537,0.47889632,2.1825507,1.1266316,3.522175,0.6505545,0.6182014,2.5159042,0.072042085,0.9870062,0.62264264,2.2330658,0.83109015,1.3189368,0.71892935,0.223023,0.29163134,0.37344748,1.4347618,1.287433,1.6874233,0.7695053,1.5550466,0.23857038,0.8395544,0.08998985,0.99284506,0.69505566,1.39297,1.1832795,1.4936495,0.4515615,0.47935182,0.1109789,0.33907038,1.7594882,0.7924604,0.31025183,1.3569694,0.18991391,0.35507792,0.6775332,0.30313948,1.603008,0.33380908,2.520279,1.9866482,1.596475,0.7889133,0.17677587,1.3739066,0.14398444,0.66567713,0.2809376,1.1417228,0.52491885,0.2640773,0.8383861,1.4042884,0.6038208,0.019672483,0.8826869,0.9262012,0.36410242,0.83771217,0.22869985,0.42443255,3.0125778,1.1800176,1.3757869,0.40576202,0.0812096,1.4575334,1.519312,1.7836733,0.31124893,1.1288304,0.8611567,0.35316962,0.3026775,1.4654709,1.175119,0.7569538,0.56690305,0.8986787,1.9038407,3.4359038,0.021568846,0.7137338,0.9496741,0.535537,0.19500554,0.32805917,1.3081229,1.0136077,2.0860863,1.6977005,0.72948533,3.5189862,1.1585982,1.872045,1.4266766,1.6374702,1.3126612,0.35085773,1.5194092,2.5571084,1.8507627,1.0634055,0.5092136,0.6062859,1.1798469,1.8857841,0.0017626655,0.5980678,0.68297124,1.8726876,0.66916895,0.078950286,1.430284,0.8482278,0.8547936,5.351052,0.5205954,0.16118115,0.5275156,0.36915666,2.530136,0.64456034,1.2842723,3.373155,2.2852564,2.5782797,2.0340753,1.5220586,0.32250354,1.6623485,0.06478867,0.992053,0.2866849,1.996837,0.51730037,0.6598419,0.9091683,1.530336,0.53365,1.0609316,1.2763906,2.2818062,0.16437031,0.25821367,0.14548308,0.3810946,0.9905173,0.9796919,0.25322714,1.5080965,0.6335084,2.019785,1.8953518,0.7469613,0.77728283,0.21791007,0.1910653,2.631302,0.49497458,0.8296907,2.287889,1.2316704,0.2676671,0.5320506,0.28174722,1.0745753,0.4451264,1.051858,1.7800467,0.11523721,0.089701615,0.09340344,0.53628343,0.56310004,1.4829819,0.07441599,0.33940652,1.8540804,0.5677761,0.20910174,1.333957,0.23349002,0.13671662,1.2068336,2.5232635,0.08356528,4.453232,1.0145513,0.6131072,0.5965084,2.2877104,0.032529138,1.9794989,0.90420437,0.52207893,1.6977957,1.2948269,3.282949,0.32445076,0.49273136,1.310701,1.712814,0.41877276,1.1453162,0.7815473,0.11676035,0.2598314,0.5944975,1.1965753,1.0262265,0.45902652,0.34330115,1.058627,0.36328733,0.022649225,0.34481725,1.3310187,1.4268287,1.4973507,0.31588665,1.6514906,1.0837252,0.95927846,0.9595777,1.0301225,1.0540488,1.0302459,0.8732597,0.95231456,0.61527425,1.021482,1.4515965,1.1844022,1.3039565,0.77620023,3.1291559,0.046258964,1.4690002,0.097600624,1.0793065,0.5780531,0.8472791,1.5548158,0.8381369,0.7620394,0.23638363,0.84399754,1.0698534,1.4995021,0.4451049,1.4564708,0.938375,1.9516486,1.735549,0.59584075,0.7797331,2.0289814,2.1747384,0.76210517,1.2493397,0.420287,1.9051414,0.2427488,0.4843268,1.4806347,1.8287174,0.65886295,0.15155064,2.2722905,0.21581976,0.46018577,1.6403478,0.7750875,0.27450562,0.6787995,1.0486163,1.1425991,0.06339855,0.39720377,1.7448814,2.3129003,0.5321322,0.49478078,0.45137742,0.0059116012,0.5620446,1.4896842,1.7986677,0.15380765,0.7720912,0.47483763,0.75912786,0.5961028,0.63485384,0.84608847,0.4287697,2.25652,0.5179081,0.5381162,0.0,1.448588,0.67718714,1.6406481,1.8650463,2.310302,1.5879335,0.74207956,0.7364547,0.89789736,2.454082,1.7328523,0.6092705,2.1444044,0.73153216,1.4137874,2.2803133,2.5191498,0.59534883,1.039521,0.952874,0.18510433,1.0450777,1.1595304,all_pothole_images\pothole_images_new_image_953.jpg
0.6484228,1.2026783,0.7771281,2.0657449,2.4347932,0.8181101,1.5276567,0.4358171,0.2613754,0.4366775,0.4023463,0.49897048,0.36190718,1.5293638,1.1435802,0.09960617,0.5657849,1.2143356,0.3885375,0.32113504,0.1866401,1.6137584,1.7476403,1.6163579,0.22911221,0.522724,1.2821324,0.80288494,0.3112577,0.35272443,2.072267,0.6024925,2.2297676,0.91281664,1.3644172,1.2125182,0.05481209,0.79006195,0.39373633,0.5658666,0.30838126,0.9308414,0.152891,1.3946016,0.93604356,0.90669,0.2232508,0.18236938,0.106053844,0.5049956,0.24101327,1.7459586,1.0021089,1.8365225,0.6243874,0.26742965,0.7107773,0.023510274,1.3074503,0.27551833,2.0747745,1.9594201,1.7451057,1.0781972,2.801695,0.65273136,0.30321175,0.15790887,0.26540694,0.41701475,0.49784765,0.2787525,0.11197415,0.0038007775,0.72925097,2.4662485,1.0754335,0.5877965,0.42998746,0.011561998,0.8350747,0.61170477,0.53623545,0.004147024,0.8858275,1.0203723,0.048460647,0.50761276,2.1644592,0.02767288,0.34345824,0.9526297,0.6221798,0.12550412,0.2491119,0.19771907,1.5203928,1.1980937,0.14595184,1.8365275,0.013413765,0.5793216,0.15232345,0.8636506,0.39001027,0.85769635,0.5750388,0.5961493,0.34111568,0.54597926,1.5268352,1.2647173,1.8065518,1.0863613,1.4894451,1.0808533,1.1112863,0.03066326,0.42951748,1.7660958,0.41573566,1.2454147,1.9786357,2.9081862,0.29594085,0.23753119,0.42221403,0.14345002,1.0244758,1.9587352,1.5818228,0.5989615,0.05866906,2.13405,0.12762564,0.81213516,0.23758738,0.78506595,1.1924247,0.104834534,0.6116123,0.05930308,0.10755689,2.85519,2.0573628,1.5842084,0.056850627,0.9943595,0.49977624,1.1192267,1.7838279,0.9857547,0.061030667,0.021042908,2.5270083,0.080588534,1.8268087,0.76881766,1.9141594,1.1445577,2.2416801,3.122442,0.24220608,2.2283869,0.41406518,0.6933391,0.66130954,2.112172,1.3819932,0.21629241,1.0338471,0.63322353,0.39214694,0.5181684,1.7810918,0.83642703,2.2874727,0.25094932,1.0739162,0.41507587,0.15096442,0.45636436,1.6532182,0.39311585,0.0785618,0.50598127,1.0449936,0.20174074,0.3866904,0.94281644,1.1703262,0.26338533,0.23124416,2.0341609,0.051374078,0.6276372,0.619084,2.3550744,0.12012184,2.381713,0.11956228,0.76490694,2.3026726,0.76782554,0.7925752,1.3922503,0.78505534,0.8754965,1.7652339,0.5791838,0.5052406,0.31624752,0.914474,0.93837035,1.3914169,0.9689258,0.871876,0.52903205,2.9919803,0.12056875,0.47188792,0.24013573,1.1069366,0.03538197,0.13389221,0.9048332,0.60140544,0.1903489,0.19867225,0.3661549,0.57512385,1.2125458,0.41472882,0.42107967,1.7473166,1.1331544,0.25367546,1.9812422,0.62541664,0.049851466,1.7365234,0.0,0.8245118,0.79728603,0.011982859,0.08405739,1.1926724,2.2936208,0.3845569,2.8527598,1.5595739,0.008280232,0.13041402,1.4713404,0.52354974,1.9318868,0.776753,0.26637298,1.1579437,1.6338924,0.82112634,2.5826006,0.97026783,0.36605555,0.20021857,1.1058052,0.026673015,1.148495,0.6541496,0.6211699,0.40987462,0.5040067,0.9424258,0.34704146,0.15736684,1.3968709,1.2626374,1.0524195,1.3167039,1.4698102,0.25752667,0.2983944,1.0427343,0.68334407,0.83743876,0.87399024,0.15843956,1.0982964,1.4916637,0.33827105,0.74025875,0.72623134,0.27285725,0.4855714,0.07948476,1.3980398,0.4150477,1.3659627,0.12260933,1.9953616,0.5857594,0.6237054,0.26115936,0.35653564,1.4626228,1.1882571,0.36701486,1.3971438,0.044194307,0.6314459,0.55564463,0.9751989,0.5494567,1.1016219,0.3855249,0.63538015,0.27102134,0.793028,0.21516185,1.9657046,1.0170478,0.54445255,0.22235015,0.7469701,1.6580795,0.8299118,1.5568178,1.2826341,0.3550771,1.1155084,1.4228947,0.04062007,0.24776538,0.45999503,1.5153096,1.3447424,1.778063,0.53576934,0.57770896,0.14676109,0.78171015,0.5178861,1.1449043,0.8395557,1.1617538,0.25481877,0.49254176,0.26616558,1.3063052,0.7486613,0.70887536,0.97382337,0.26223975,0.10558853,0.9348333,0.7916785,1.2833648,0.0,0.75529563,0.16906446,0.4487068,0.5524852,0.9883821,0.8832817,0.25698063,0.1014052,1.3308111,2.5396407,0.30205783,1.7944734,1.4436132,0.47749,1.4490949,0.24703439,1.0288424,0.6896737,1.350438,0.4029616,1.4453478,0.52240115,0.3441251,0.16715182,0.055219796,1.079679,1.0390271,1.8905157,2.3498645,0.6386287,0.38243076,0.81387484,0.80567,1.0343301,1.4501942,1.2058563,0.7469203,0.46408626,0.4236724,1.056152,0.6431402,1.1741036,1.4897991,0.7650483,0.0737022,2.6539998,0.3473833,1.2598884,1.8185415,1.2625233,1.3222393,1.3556058,0.9460219,1.4327868,0.12591048,0.86464876,0.031891838,0.37812266,0.7729292,0.5402229,0.21456912,0.47549075,1.2390845,0.34226272,1.9150889,1.6883006,1.8150973,1.8593146,1.9100252,3.9075756,0.38355386,0.42708027,0.6808297,0.6710335,0.28830224,0.87891185,0.71176237,1.510733,1.4244933,1.786542,0.14207587,0.4199903,0.6697643,1.1323466,0.4362782,1.1751612,0.24708852,0.86284184,1.5196,0.10740728,0.78545845,1.1360834,0.90314674,0.35651475,0.029976401,0.7915383,0.2553576,0.0785936,1.6040941,0.53256834,0.12065818,0.003397157,0.82249814,0.8443627,1.9333707,1.1809677,0.80776954,0.30512232,0.11386985,0.4599301,1.2097098,0.9816919,1.2963324,0.8504173,1.5456443,0.522465,0.3149621,0.73623735,0.93929505,0.029555272,1.681589,0.4664954,1.0013467,1.6804684,0.49465856,1.0711024,0.021039326,1.0541075,0.76067966,0.8868847,1.7705231,0.17469324,0.31540224,1.4260626,0.26120585,0.489865,0.6836314,0.42283785,0.5708093,0.49708346,0.0,0.03838731,0.67776984,0.3602586,0.74147135,1.5801988,1.5795324,0.93365103,0.62405866,1.8432477,0.022482244,0.9418565,0.5643172,0.44129717,all_pothole_images\pothole_images_new_image_954.jpg
1.7829696,0.7676463,0.9737827,2.4134183,2.6116312,0.10789919,0.82668597,0.5398923,0.45430756,0.6535261,0.9388355,1.2559448,0.51479423,2.5681243,1.4962113,1.5278006,1.4903233,1.1704886,0.7592649,1.6978315,1.3505336,0.303554,2.6284578,0.5947996,1.2364007,0.9739637,0.39158395,0.88768744,0.13928324,0.08695796,0.8814987,2.3798416,0.062057465,1.1022725,0.45957407,0.48892543,0.40874204,0.7932527,1.9843065,0.78894955,0.6447469,1.2859977,2.658308,3.4897053,0.5862361,1.1997308,0.8948083,0.19510491,0.13449422,0.58417386,0.7679984,1.1058557,1.3181492,1.5545676,1.2582886,0.20353244,1.5301541,0.03926611,1.2001766,0.4780795,0.46643105,0.41951162,0.91837174,1.5237439,0.18723604,0.4001113,0.31290507,0.22658959,0.8317419,0.07458715,0.09269181,0.720707,1.4815878,0.5521546,1.0643163,2.8860767,2.0510154,0.09568701,1.8771617,0.619908,2.7887604,0.69896275,0.6592901,0.053590607,1.1130162,0.9629626,0.7688447,0.27640316,1.2142633,0.46844125,0.3976064,0.22515923,1.4511725,0.8100174,2.5524936,1.2041262,0.14731058,0.6017517,1.3863095,1.9212573,0.42745063,1.088663,0.56812996,0.30757567,0.32166407,0.31314614,1.2937827,1.8929322,0.31337193,1.2855191,0.5600751,1.6184287,0.8533733,0.3363606,0.84394556,0.7818502,0.0932807,0.097967274,1.8702434,1.1047344,0.26716948,0.8522992,0.40537646,0.38565952,0.42640677,0.2237157,0.82078457,0.5278067,0.31709212,0.76406044,1.8765688,0.9423224,0.5014528,0.07514971,0.26240963,1.4249065,0.7929386,0.34785306,1.506001,0.23092222,1.6667309,0.03758436,0.46333435,1.6941706,0.58390623,0.56865716,1.1331633,0.60871965,0.546413,1.999247,1.470478,0.51875347,0.03359302,0.80541545,0.41438362,1.0532984,0.9100757,0.35917118,2.37794,0.31530362,0.24752353,0.46144703,0.018979529,0.32936338,0.2885609,2.7216034,0.08142978,1.8103151,1.7962573,0.07141841,0.69390804,0.33987528,0.7532286,0.5497467,1.038393,0.048864037,2.8836346,2.0846963,2.6667113,1.3779154,0.12696008,1.7685183,0.32234895,1.7098124,0.55980885,0.44232637,0.44964483,1.3370371,0.6041051,0.623955,3.5846303,0.058759052,0.0,0.94424266,0.47965893,0.6636426,1.2443779,0.81700414,1.8878734,0.98639053,0.70878994,0.4469016,0.9767617,1.0994525,0.09276384,1.9276577,0.76329255,2.2646859,1.1681149,1.4321805,0.85624146,0.7257872,1.821838,3.3389342,0.2907558,0.589849,0.7518936,0.03316906,2.5528407,0.039221764,0.9184296,0.16124785,0.4571934,0.649748,0.12746736,1.2684132,1.7156863,1.2829813,0.77634835,1.5107912,0.8208036,2.4243808,0.45393032,0.21041654,0.6664846,0.04529271,0.3152809,0.7322323,1.4214982,0.472662,0.3500152,0.081372246,1.1591203,0.7625027,0.19068529,0.42714092,1.0008101,2.1121662,2.1081913,0.12535901,1.1432499,1.7991685,0.33452103,1.5353446,1.8144715,0.5627067,1.1325597,1.6061713,0.83660954,2.953013,0.79497814,2.499445,0.7917481,0.4137521,0.079920724,0.66919,0.40643275,0.8662626,0.73793805,0.6467336,0.13970605,1.0318431,0.876603,0.25897616,0.68503094,0.8383789,0.083301835,0.11393181,1.9559784,0.6952029,0.02418044,0.6950124,1.1628631,0.13190542,1.1406784,0.2777765,1.8738126,0.6611493,3.1389384,0.3390408,2.6153975,1.5412376,0.4489271,0.62617064,0.017673591,1.350465,1.5938534,0.24200034,1.0725424,0.44258422,0.10304862,0.2398241,0.41515267,1.7889025,1.5440795,1.6678103,2.9355867,0.5714624,2.522505,1.2672883,1.7475864,0.68132234,5.535177,1.581509,0.4668899,0.25034845,0.365332,0.21078385,2.0441232,0.68532693,0.31707248,2.0058212,1.1769837,0.42303053,1.2964208,0.050968926,0.28345627,1.3992174,1.1999292,1.6530696,0.32019857,0.9608448,1.3712325,3.361077,0.22562169,2.1236215,1.4009353,1.7041612,0.8367521,0.5988128,1.4751399,1.3501414,1.6160352,0.7670062,1.3053732,0.17204529,0.48245946,0.25417635,0.49190685,1.3196087,0.45976606,0.36455017,4.1949635,0.40259746,0.4118068,1.6241542,1.0641818,1.8386551,0.33950582,0.19784133,0.5176877,1.769274,1.0254655,2.5498357,0.27359247,0.10175959,0.33363,0.7700117,0.8110915,1.7964408,0.79673535,1.8678187,0.33475742,0.007037665,1.8839979,1.0212964,0.5016135,0.6150351,2.0632272,0.61845994,1.4283581,0.26251578,1.5374641,1.128528,2.4621289,0.36259145,4.57229,1.1732818,2.58572,1.8740343,1.1782393,1.3585062,0.22449633,0.928225,0.8838074,0.0,0.9298913,0.97553,2.4743805,0.16035423,1.6771595,0.56396013,0.781612,1.9808744,0.3129669,0.06781427,1.9813634,1.7511569,0.10884792,0.10650967,0.8357603,0.22537489,0.653891,1.4048934,1.6787106,1.7020065,1.4029353,0.66154605,0.42406887,0.04667055,2.5226765,2.34309,0.10471875,0.012219133,0.7241553,0.087311335,0.39890724,1.6551641,0.5121128,1.8499075,0.4524923,0.45651898,1.4114121,0.37457177,0.5153167,0.29018712,1.1568077,0.22195143,0.27854353,0.5639227,1.4562492,0.6654211,0.19557609,0.68534654,1.3175209,0.38929367,0.4987989,2.2958653,0.499678,0.20953542,1.1937705,0.7837064,1.2294364,1.4979697,0.20749255,0.47673115,2.6396854,1.9236766,0.85614306,0.013063603,2.2974513,0.62830377,1.1473653,1.3379538,1.9036304,0.7455134,0.3533744,0.9596438,0.061017178,0.8746008,0.6251539,0.75888824,0.3111887,0.84451884,3.1445184,1.0055814,0.6176124,1.0047523,1.1473302,0.34987321,3.0059164,2.7629488,2.193511,1.2775083,0.8164178,0.26489237,1.3033935,0.22949031,1.4423732,0.3112677,0.6050331,1.7607409,0.23356587,0.95197046,0.55209816,0.1783076,0.8822275,0.8722929,0.2917034,1.9657269,1.5920731,0.6713582,1.8464178,2.323977,0.6825422,0.19354565,0.09798113,2.1714458,0.24381733,1.6681747,0.7057376,1.1871223,all_pothole_images\pothole_images_new_image_955.jpg
0.072202966,0.22115463,0.73983777,1.9310137,0.47344634,0.37989274,1.3937856,0.13749981,0.25655293,1.597171,0.61592454,1.1623054,0.040582392,1.1523923,0.7147467,0.36403835,0.23205805,0.39331943,3.7029195,0.91369003,0.67433435,4.042775,1.7836559,0.6069636,0.5506855,1.2999883,0.16051328,0.11153493,0.027171822,0.6119643,0.5959484,0.21236362,0.2742719,0.0074753007,2.302606,1.3468074,1.1758716,0.9406745,0.2520697,1.1257387,0.016888408,1.2226633,0.82692194,0.38261598,0.0067502623,0.5433168,0.45611724,0.2482042,0.19226211,0.19457734,0.62518996,0.5317404,0.43860364,1.6647501,1.3287288,0.587553,1.2889237,0.15972666,1.4970136,0.7458457,1.7756386,2.3693843,0.31330004,0.40358084,1.7347381,3.8529103,1.3935069,0.20326614,2.815687,1.733305,0.057026006,0.19771369,0.0004751054,0.06365806,0.73279804,2.3341851,0.9746316,0.23169813,0.84782904,0.40629596,0.5681423,0.07272928,0.21114096,1.29318,1.0236086,0.07790476,0.53499293,1.0977244,1.8711426,1.7245066,0.17896765,1.0251578,0.037541445,0.35034987,0.070598364,0.5384625,1.0360775,1.4652145,1.4432254,0.47066107,0.071262725,2.0678174,0.7416248,1.1972823,0.42717737,0.8403978,0.1629941,0.12378949,0.026823612,1.7635809,0.2718825,2.6655235,0.53309196,0.67637837,1.284319,0.05324579,2.7960756,0.13799056,1.6469325,0.4407658,0.7226036,1.3770123,1.3294784,0.97584486,0.9139917,1.1518158,0.20102106,0.015523609,0.25737596,1.3313447,2.1525147,0.9130655,1.9239881,0.32406658,0.81511533,1.1373923,0.032976456,0.26371995,0.13649383,0.100363284,0.7244909,1.2599245,0.70371246,1.4899615,0.32800147,0.14536628,0.9990393,0.8057701,1.6032654,0.45838857,0.9279611,0.26590922,0.0,0.2881259,1.7447575,0.4536117,0.47904783,0.42224485,1.1750118,0.031719234,1.8029053,0.588069,0.0,1.3838816,0.6750493,1.8663139,0.32846737,1.8248845,1.0694399,0.5617931,0.52330714,0.052183487,0.12401047,0.019164877,0.5006676,0.060998477,0.23747222,0.11944973,1.1628982,1.0445975,0.9194881,2.9254017,1.48508,1.1426749,0.89782,0.6827726,0.24533674,1.5741365,0.8736583,1.2405089,2.238899,0.82309973,0.06508641,1.469886,0.031959705,0.024693957,0.17660801,1.5606519,0.58695066,1.2230701,0.16731425,0.37766856,0.8452052,0.87131226,2.000116,0.3198862,0.49244627,1.8080995,1.8497536,0.039551023,0.021773703,0.20968464,2.1995704,1.1665789,0.517572,0.47753227,0.3892184,0.43211344,0.7257007,0.48727053,0.39147773,1.5494294,0.9753818,0.40654147,0.20695172,0.87157005,2.2206318,0.22743633,0.14248468,0.19147691,0.31108207,1.6382346,0.3489965,1.0212181,0.87373126,0.12824601,0.08201616,0.28088233,0.259273,0.3460195,1.1864824,0.07380029,0.40205592,0.52080834,0.6392364,0.40740344,0.6526821,0.1157653,1.8574688,4.1018796,4.362758,0.0122532165,0.72513354,0.7610528,0.17776656,1.7072811,1.163415,0.91875917,0.39337304,1.733039,0.41969725,0.005593318,0.608456,1.1062889,0.7805186,2.111856,0.08586041,0.21513572,0.76211375,0.33630815,0.24358594,0.6370506,0.029897017,1.0916221,1.2333496,0.45119348,0.17599903,0.26144895,1.9328669,1.1421096,0.19771223,0.101965375,0.12099177,0.46126956,2.242708,0.33245957,1.7847149,0.45365226,1.1422515,0.21615721,0.2200433,0.07880636,0.9526736,0.31234607,0.019030089,0.39241314,1.2257807,1.8926373,0.22811642,0.85573864,0.005480848,0.9527988,1.3573533,0.53433657,1.9541149,0.9862751,0.13431843,0.511959,0.08686922,1.2987325,2.972407,0.2953288,1.7683138,0.7236949,0.9986097,2.2484038,0.17044882,0.9373053,1.358869,0.2516669,0.81254005,0.96839345,0.09722122,0.5571607,0.90600413,0.7498587,0.5187821,0.025337318,0.834591,0.011250585,0.50974685,0.45809457,0.67794937,0.4721971,2.3162425,0.37890103,2.0234225,1.0506192,0.049654696,0.4276021,1.5654985,2.5208354,1.1461697,0.36831567,0.32326648,1.4130753,1.595479,0.6849035,0.23422338,1.3725063,0.470184,0.026875338,3.4565303,1.7260444,0.080893256,1.2576153,0.048156187,1.9269781,0.27155855,1.3048805,1.2059791,0.8098702,0.02634701,1.3929687,0.82138526,0.0043739993,3.3682182,0.06741328,0.030313348,0.62423193,2.3802435,0.96405554,0.18144035,0.46610048,1.4829048,0.38728154,0.07403963,0.46496543,0.48922902,0.44770232,0.6907974,0.011066203,0.62179506,0.5713506,4.0281086,1.6817161,2.070297,0.7178478,2.872753,1.4784716,1.0748796,0.071266614,0.51136065,1.6394467,0.48223916,0.7741995,2.1989899,0.8650936,0.650262,0.07664058,4.061607,0.35052755,0.0,1.6827761,0.9840569,0.0002495778,0.54551876,1.6026872,0.09935042,0.10753573,1.1961553,0.28928864,1.0567287,1.0671226,0.0,0.53063244,0.0024953508,0.8867494,0.2430871,0.014987105,2.6506107,0.006426681,2.7067585,1.7889462,0.6881466,0.22558951,0.027316088,0.34101743,1.2863635,0.54569113,0.010071334,0.7107519,0.48594746,3.4312043,0.90824956,4.323663,0.684818,1.9707296,0.3923434,0.7449881,0.545284,0.4071325,0.15442874,0.7672072,1.9632504,0.0,1.7841691,0.29290146,0.5189745,0.48747128,0.27970874,1.37979,0.6099447,1.8405976,0.4369885,2.8600419,1.3863531,0.0048215846,0.35041344,0.9309924,0.12022706,0.82604194,0.18132351,0.40095374,0.2613788,1.4010465,0.05662596,0.55026835,0.260879,0.5543659,2.666135,1.1926382,0.71707445,0.50577873,0.48113874,1.6419543,0.92466134,0.3628171,0.32348964,0.95805544,1.6458695,3.6337423,1.2446703,0.40067074,0.100697845,2.044808,2.040817,0.25272763,1.7442038,0.90205944,1.2192991,2.0645413,0.09412769,0.46070123,0.34489962,0.95560884,0.5127931,0.023376131,0.09827392,0.6639591,0.6737484,4.6527996,0.5563204,0.7054635,0.7416176,0.32252976,0.4511119,1.0046287,0.905966,0.21218988,0.0146225635,0.8009917,all_pothole_images\pothole_images_new_image_956.jpg
0.92337984,1.1277616,0.67571956,1.1431705,0.54381293,0.8859007,0.44015852,1.5320603,0.26529285,0.74340904,0.35267732,1.5878258,0.38830152,0.93616515,0.08988312,0.8036515,0.31944948,1.054193,1.0027999,0.06847465,0.4452537,3.1413822,0.9975367,1.6387519,0.1376782,0.20251897,0.10991878,0.53895736,0.06841427,0.34061366,0.55477256,0.25981855,0.08582059,0.7875123,0.34985608,1.0887308,0.5644493,0.56175673,0.57247853,2.4650888,0.52924967,0.011699521,0.051301863,0.47121876,1.2944628,0.80223143,0.03758426,0.6630819,0.60604614,0.47997418,0.3394275,0.111242905,0.41769338,0.017812017,0.010184471,0.5987476,0.290572,0.20967337,0.43137997,0.40642503,0.3304514,0.0039959624,0.119697005,0.31203657,0.085230164,3.374396,1.8214859,0.8728233,0.97694886,0.35971737,0.0221732,0.4570244,0.25164592,0.2308747,0.23232009,1.5734441,0.06987374,0.098613344,0.0,0.44848648,0.16533355,0.09986467,0.59658945,0.8218221,1.1597513,0.13460393,0.47173107,0.5700763,2.0446796,0.26073822,0.21278273,0.16015936,0.123233706,0.38130763,0.1526085,0.107258,1.1726497,0.45609656,0.37900266,0.0389734,0.043987628,1.0197463,0.42534682,0.5538085,0.66481435,0.7247531,0.005884397,0.1832434,0.6295919,1.4007102,0.0,3.3300204,0.4133328,0.9222328,0.54182863,0.14167792,1.0573279,0.22733408,2.0651488,1.0992299,1.7901057,0.9465562,0.04464271,0.46502852,0.05346019,1.5878888,1.0757931,0.21950859,0.17860705,0.13343346,0.50589156,0.003450257,0.5982354,0.12802981,0.46195424,0.33705202,0.05091404,0.7633659,0.562481,0.28174537,0.5874655,0.7489733,0.06776289,1.3881893,0.4044093,0.70181507,0.20948647,1.0817989,0.45137215,0.25285518,0.44872034,0.4515801,0.0,0.016629772,2.3281004,0.40839666,0.3497783,0.41029307,0.37773362,0.32114494,2.477102,0.7240013,0.0,1.1701255,0.5991547,1.415759,0.10846498,0.38069376,1.2867044,1.1346124,0.060117215,0.0,0.010320548,0.094571985,1.339757,0.1605725,0.17145887,0.0,0.03495403,0.2440707,0.017869765,2.505059,1.4613891,0.44871107,1.6801072,1.094162,0.66144353,0.4470735,1.2230707,1.0533569,0.7793817,0.40228355,0.05277618,2.2642627,0.90625083,0.061957035,0.40970334,1.8674052,0.56050515,0.96992195,0.0650351,1.4007696,0.9576922,1.5509669,1.215245,0.01890272,0.29734507,0.24417834,1.7748063,0.076791316,0.05056747,0.39039358,1.4704584,0.37256575,0.08437023,0.064783774,0.7334157,0.14674352,0.5387702,0.11382006,0.5425342,1.1650934,1.0339662,1.3515965,0.49491462,0.052168608,1.9666663,0.073865436,0.14150232,0.23145196,0.012704794,0.64997953,0.4105259,0.0399753,1.0782579,0.031060666,0.4920131,0.043679476,0.1757507,0.27740827,0.94512516,0.6022161,0.007963112,0.018516134,0.12337146,0.015539841,0.3540398,0.04527404,0.53344,4.089167,2.6003704,0.025377413,0.5429298,0.15723206,0.02504758,0.6705015,1.3075832,0.4347936,1.1197047,1.066302,0.06666105,0.0,0.0907355,1.5260713,0.26306382,1.0147731,0.37382293,0.67357415,0.5564068,0.026847152,1.001563,0.06390409,0.013648292,1.3359692,1.6624995,0.68394,0.33224282,0.3697818,0.34576976,0.63590986,0.20613569,0.30190632,0.1539566,0.24096327,0.08037055,0.5561414,0.4523355,0.04441004,0.5199208,0.50801706,0.18759072,0.23495503,0.08872288,1.3376913,0.14705788,1.0533029,0.3585378,2.6541526,0.5724698,0.5382513,0.019253058,0.32681304,0.1879158,1.0884991,3.3261213,0.04533466,0.22810626,0.568007,0.0,0.47323903,0.5279106,0.7604134,3.2572193,1.0943478,0.041158944,1.0091642,0.0033272163,0.66735846,1.6887481,0.6325562,0.45324022,0.11274253,0.08163745,0.0,0.55933243,0.0599155,0.028444117,0.14867525,1.0809046,0.3226851,2.682302,0.772648,0.18737356,0.0,0.078500316,0.62953883,0.53706264,0.12224303,0.05784696,0.3079019,0.34892696,0.96430975,2.2377424,0.25822455,0.043462247,0.76653063,0.11686625,0.42088282,0.3025449,0.3170995,0.31905282,0.57991624,0.925733,0.7948359,0.27826148,0.58978933,0.2064838,1.9141802,0.75891805,0.7838623,0.0034510165,0.03821441,1.5161932,0.16282967,0.0,0.6344978,2.7552247,0.19519947,0.36872393,0.09029351,1.700014,0.76896346,0.3597125,0.102027714,0.69815505,0.058071643,0.03135707,0.5393628,0.40123317,1.033449,0.41306472,0.0133420825,1.2328254,1.1384408,2.6108906,1.0490215,0.4086876,0.002628979,0.22034189,1.0998087,1.1192508,1.7545482,0.1501221,0.19007881,0.42145744,0.38215956,0.73430663,1.370844,0.10981626,0.32864854,3.5729823,1.5791936,0.18742724,0.8938152,0.28285405,0.309258,0.3520811,1.0204909,0.0,0.009105646,0.4710507,1.1557037,0.25071773,0.92802507,0.0,0.067210674,0.40374565,0.101178974,0.438999,0.12285503,0.81093407,0.4067472,0.82603055,2.0123045,1.134521,0.4120315,0.38703614,0.9563754,0.6449549,0.5880587,0.4637767,0.42775196,0.03473746,1.722013,0.50228673,3.5447116,1.0545155,0.09144031,0.19357678,0.38014975,0.46619338,0.36826795,0.14991371,0.046632882,1.4988241,0.08859593,0.50409985,0.73240733,0.10660338,1.3436726,0.75700265,0.14310169,1.020328,1.0475603,1.0519723,1.641719,1.4111292,0.8545439,1.0238434,1.3754153,0.49191275,0.33662406,1.1398485,0.32649872,0.30418757,0.11794985,0.0051104426,0.0,0.2171262,0.5665253,1.228029,0.77498114,0.00019858032,0.040191412,0.21673425,0.057665117,0.4618058,1.1959151,0.9816821,0.17837778,0.2924122,1.7278672,0.39577758,0.63361025,0.01690504,0.45306984,0.20099464,0.37139374,0.7657497,0.059327036,1.0048925,1.0179242,0.23647222,0.0,0.22191998,0.2741043,0.25045606,0.3676799,0.4039931,1.2553738,0.12768742,4.237078,0.51585126,0.03880436,0.18575007,0.7412095,0.03420098,0.13303925,0.8008028,1.9053808,0.77193475,0.35161692,all_pothole_images\pothole_images_new_image_957.jpg
0.20325369,2.912876,0.95359546,0.2781838,0.19373484,0.3961439,0.11532918,2.6443756,1.1076044,1.1154583,0.36148387,0.4584847,0.8240454,0.4830731,1.4996176,0.6760045,1.612706,0.7683472,0.0486516,0.65687734,0.13011327,0.4224375,1.6518134,2.8179872,1.3261857,0.75036734,0.8638431,0.7732791,0.47625878,1.5246798,0.84158176,1.0231493,1.0423189,0.78196186,0.8931685,2.1667135,0.69997025,0.3065913,1.4875427,1.8674037,1.191952,0.468565,1.388031,0.33242822,0.6424696,1.4884818,0.5196487,0.43784487,0.8751105,0.9831513,0.16926,1.4424374,0.75354934,1.6470683,1.5847532,0.9377801,2.3502247,0.19297576,2.0543728,0.34868714,0.7316078,0.09959559,0.54293936,1.0319883,0.19882025,1.7305664,1.3462534,0.19535929,3.6205194,0.5421085,0.98195815,1.5778935,1.282101,0.6053889,3.2410955,0.26796257,0.21311727,1.159773,1.3049512,0.57967794,1.27328,0.080738425,0.42726976,0.2857955,2.431275,0.061260827,0.008690854,0.44249982,5.3653727,2.529245,0.6746099,0.5852566,1.6859143,0.33174336,2.0103996,0.15036307,1.5327984,3.851085,1.6083239,0.84465337,0.002176822,2.0778677,0.33296216,0.5729376,1.1830978,0.48261502,3.0612276,0.2738681,0.2124863,1.0646099,4.064986,1.2760903,0.93080705,1.812684,0.096422866,2.1067986,0.48164862,0.75093514,1.0008587,0.4935577,0.01662886,0.23598099,0.9861165,1.3555976,0.74590284,1.4907272,1.3598897,1.6894735,0.6514585,0.50895524,2.1061966,0.8091286,0.20120083,1.135877,1.4270126,0.54144293,0.30471903,0.49549195,0.8533582,0.41070703,1.5406817,0.91578776,0.48928294,1.1940656,1.0902315,0.1763579,0.33959585,0.5599921,0.48489356,3.520327,0.8985703,1.3622614,0.48889396,1.1101685,0.44458815,0.49828702,1.0663276,0.56059873,0.31172955,1.2738682,0.8543346,0.9895467,0.8569026,0.023003967,1.3831824,0.6923089,0.659,0.03343733,0.39155,0.31755853,1.316612,0.23379256,1.2584698,0.2110215,2.0480034,0.6876536,0.86937183,0.79484916,0.8535723,0.70666784,0.7417053,0.6251664,2.9067698,1.2868115,3.9094813,1.5084776,0.5840805,0.58477503,0.7895898,1.5392559,0.75532097,2.1088688,1.2698965,0.92233104,0.6792853,1.462605,0.43358207,0.04143017,0.6713008,2.2621894,0.84901583,0.019550553,0.017017443,2.4281747,0.47438213,3.016888,0.1290978,1.1879894,0.0045278696,0.22194833,0.3614575,1.062651,0.7050733,1.5597196,0.7245557,0.6132726,0.5671824,0.6468018,1.2096553,0.22060929,1.4282058,0.3260852,0.00046648784,1.7439744,0.045380026,0.18297032,3.004466,0.79152966,0.07086405,1.5638667,0.72090286,0.34813175,0.8603812,0.14487135,0.124551475,0.6042747,1.1289165,0.7433948,0.47374249,0.0058594304,0.5966055,1.3026882,0.37930673,0.89180565,0.19054821,0.5330711,1.1395677,0.52832717,0.3365018,0.85855913,1.3468223,1.9067087,0.5526935,0.27270737,0.8242257,0.6251288,1.7778993,0.29861063,2.693718,0.33373627,0.297571,1.2396396,4.4130006,0.23375946,0.027284373,1.1533357,0.5986912,1.0957756,0.3361336,0.7637858,0.19682665,0.35079116,0.7245406,2.376824,0.095717505,3.3579264,1.5810857,0.60481393,1.1794276,0.4375272,0.0122046545,0.31908205,0.2055865,1.3224789,0.9424084,0.71195626,0.54366267,1.5643005,1.4577026,0.31299275,0.82108974,2.5233495,0.55455476,0.9492493,0.60972506,1.5603968,1.0917186,0.11106567,0.81441784,0.30057627,0.0,0.2622218,0.49474072,1.7567705,0.44751352,1.8341612,0.7325626,1.1925157,1.6803358,0.85207975,1.1530687,1.1843994,6.5082583,1.1024662,0.42412952,1.266395,0.36805984,0.51278996,1.1925973,1.0985135,0.24205065,1.2867428,0.57182413,0.21316785,1.1125004,0.48665446,0.7418641,0.11333415,0.5260737,1.3264725,1.9373761,1.5265851,0.06714294,0.34706274,1.6335332,0.9432877,0.8643322,0.22244515,0.30406734,1.3908025,1.9152805,0.57817745,0.6643871,0.17087331,1.7648318,1.1447268,0.6673877,0.0,0.6250249,0.5220364,0.4822459,1.323518,0.65367794,0.55377674,1.4403532,0.18172783,0.5165431,0.4577814,0.24778156,0.60173386,0.3802288,0.30480716,1.4164375,1.0425997,0.28661358,1.2056116,0.13061659,2.509047,1.1565908,0.18667407,1.9269342,2.0553823,0.6726397,0.28585508,1.4206309,3.2498515,0.40545124,0.7898449,0.85512245,1.4013407,0.20963739,0.7241262,0.29722664,0.7367613,1.9945817,0.7978562,1.1883789,0.4143621,1.4429122,0.87564427,2.0882492,0.86325437,0.39781472,0.15023878,0.48444778,1.3673117,0.17352906,1.6728384,0.39787245,0.61035854,0.31028342,1.1598449,0.21536216,1.348615,0.35321045,0.13708475,1.4392895,1.4205129,0.5559026,2.3955262,0.39707756,0.66081727,0.933069,0.78435546,0.01685477,0.97123784,1.075562,0.8241104,1.4940084,0.38854706,0.25560713,1.4092373,1.2684097,0.3542256,0.081987396,0.5867654,0.7860096,2.6144896,1.0463935,1.3345252,1.7531631,0.35505676,1.0902867,0.54322463,0.3997569,1.6314385,0.39830118,0.32947615,0.009431157,0.14262173,0.6542725,1.3819371,1.1058424,0.5844487,0.25282356,0.07093971,2.6930006,1.4348147,2.1800523,1.8422198,0.022528099,0.15742168,1.7167656,1.766069,1.4044006,1.9614741,1.1960804,1.1704961,0.17759767,0.16033703,1.012384,0.25858483,2.5444539,0.5785584,0.27848285,1.750042,0.87216634,0.00794282,3.1530578,0.72824514,2.609081,0.6318315,0.9298532,0.43913898,2.3728426,0.23867318,0.25507122,0.69387877,0.871203,2.180517,2.0284762,1.2387662,0.35942253,1.3631573,0.49598974,0.405021,1.7128363,0.6300603,0.2225757,0.29029295,0.7064503,3.4466453,0.2984176,0.47053528,0.13679852,0.975494,1.0224307,1.03338,0.8698779,0.5915138,0.1012669,0.15589662,0.013542468,0.16745505,0.4624705,0.3053892,0.42909443,2.406324,2.0301585,1.1596123,1.1668358,1.64416,all_pothole_images\pothole_images_new_image_958.jpg
1.960878,1.1359346,0.39805824,1.7012553,0.07259953,0.5759366,0.21435414,0.28665778,0.30508202,1.7739401,0.08331344,0.4052792,0.11987232,0.29203025,0.049367767,0.12008828,0.09062473,0.37050635,1.6969503,0.4987637,0.30102354,1.8694184,0.27665293,0.3835788,0.26460814,0.7517219,0.08289766,1.2862482,0.70159584,0.46473762,0.55168134,0.6836325,0.21955998,0.5891893,0.3121347,0.6008557,0.7340408,0.18850455,0.15013085,1.1788512,0.101986416,0.28730458,0.6884114,0.9781958,0.06772564,1.4682776,1.4411104,0.0,0.2968091,1.0258876,0.75980455,1.1052763,0.87464064,0.10715707,1.2576166,2.5271833,0.5692388,0.26077524,0.15365633,0.558956,0.78653246,1.4393802,0.7491064,0.40216535,0.5075143,1.5681494,0.13756725,0.4127949,1.8799993,0.26659158,0.5705763,0.6553409,0.73904884,0.2282423,0.3985686,0.31214637,0.4267679,1.9714452,0.827529,0.18039991,0.57827204,0.2538301,0.3364661,0.23012534,0.5490779,0.751851,0.38528404,0.15327658,1.8457509,0.48087797,0.7093095,0.54310834,0.24875249,0.1391303,0.52316266,0.51939696,2.5034363,2.3332021,1.6171387,1.4135444,0.36487672,1.11884,0.06410939,0.79630464,0.85707253,1.1014298,0.47191587,1.9508882,1.9605098,0.6171791,0.25627342,1.4988238,0.58429104,0.8192579,0.15462986,0.17162834,1.0834407,0.1534753,0.81583834,1.2298301,1.656195,0.030429753,0.61338484,0.7755249,0.65682125,0.028544353,0.52909875,2.2390032,1.5275222,0.931351,0.2631459,0.1602409,0.0066757756,0.009625273,0.51409525,0.30609888,0.3331998,2.5316021,0.074079864,0.22866283,1.8194203,0.42855075,0.0017545508,0.5352709,0.29876834,0.5723471,0.12891302,0.68957037,0.39817002,2.147561,0.6993359,0.76469344,0.6529908,0.54529697,1.0579666,0.32463214,1.4764602,0.46455777,0.93691623,0.51157755,2.1083326,0.62411714,0.2697479,0.018987156,0.041117888,0.47811547,0.6187544,0.007890467,1.0674092,0.4579557,0.316564,0.786572,0.07338608,0.0620482,0.9956241,0.19984296,0.5617359,1.1966305,1.3004329,1.6213852,0.3305284,1.5464399,1.2558126,1.5332168,3.4363842,0.4167078,1.2565207,1.9090405,0.6382875,0.52286154,0.13703935,0.44000912,1.6461171,2.3788445,0.20292336,0.28360438,1.2028463,0.22739449,0.37532353,0.90763474,0.4499464,0.16398425,1.6253195,1.0404105,0.55770606,1.0002917,2.0778863,0.20505714,0.63398373,1.4265778,0.13241248,0.7572607,0.7986206,1.0492266,0.92164516,1.092561,1.1507771,0.08504937,0.4238898,0.54054856,0.1811973,1.6104244,0.4820003,0.39399803,0.65609056,1.8933005,2.5747838,1.7711993,0.21820344,0.9684688,1.4048171,1.4860243,0.5188204,1.2317389,0.5131978,1.1580796,1.2161381,0.2309239,0.3142661,1.3768443,0.7508583,0.06260527,0.5706335,1.0019604,0.92312574,0.079698406,0.6973718,0.3187662,0.11634434,0.26391655,3.1935034,0.040281445,0.44129255,0.105546445,1.1595491,0.31083164,0.39768675,1.7136034,1.0175318,0.39028615,0.60169446,0.032233015,0.7860095,0.08023632,0.21360058,1.0303556,0.34809053,0.8934307,0.9573118,1.4103365,0.16704352,0.7209616,0.15810621,1.2666394,2.0211976,0.6969286,0.8494929,0.73149425,0.6104096,2.1029165,0.05177453,0.028534591,0.21906383,0.7800072,0.85216016,0.7088933,0.6927477,0.9250274,0.37430605,1.1363926,1.2867875,2.0167482,0.2115399,0.713445,0.049885552,0.78535306,0.52375066,0.9168247,2.0425231,0.6184049,0.065093115,0.40692738,0.64056855,0.93683714,0.78490514,1.5293384,0.22035198,1.0788748,0.0,0.5413233,0.8863782,1.5593628,2.031133,1.0627849,0.6167136,1.6741025,0.022469578,1.348322,2.1567957,0.6321833,0.2313097,0.43752944,1.043781,0.2066001,0.12051592,1.195085,0.3178068,0.1629391,1.3205686,0.031370386,3.349491,0.00052914384,0.4038475,0.48122686,1.003422,0.22763763,0.68807447,1.2298203,0.38437513,0.5836658,0.6230469,0.12367024,1.3972884,0.22868954,1.3117983,0.343886,0.5835947,0.70177394,0.13558434,0.7164274,1.0536898,1.0096594,1.4771012,0.464379,0.13913879,0.16483392,0.7626593,1.0628653,0.008675986,0.7783497,0.7530635,0.8909241,2.2598684,0.07468389,0.68629485,0.14902602,1.911527,0.37238133,0.21245253,0.6328,3.3936493,0.785924,0.74379355,0.19885877,0.6199252,0.70317787,0.10849256,2.4923737,1.2471496,0.379319,0.5669401,0.045385282,1.8829979,1.2062751,3.6494248,1.2068183,1.1585617,0.018175332,0.40255547,2.1274047,1.8168874,0.81405795,0.7485677,0.08337445,0.7839946,0.038958646,0.9998457,0.67248285,0.43252733,1.2271574,6.3169007,1.3083473,0.56652784,1.1481174,0.15404342,0.18773283,1.1402608,0.016317204,0.08734687,0.00749212,1.6389477,0.056129713,2.1334882,0.10190423,0.14979362,1.5867777,0.58958304,1.2693132,0.90145695,0.42797494,1.3092515,0.12925792,0.35189974,0.10242122,0.31052622,0.42148557,0.17028128,1.0880122,1.9117948,1.2079903,0.33357334,0.8969935,0.57190883,0.5192059,0.4203347,3.0161798,1.6650566,0.76826125,0.9547192,0.1140543,0.3568462,0.5906424,0.16047353,1.676973,1.7578514,0.116321124,0.49390846,0.94309825,0.08591286,0.8718998,1.0354543,0.21679917,0.7781021,1.533584,0.9631567,1.2336236,0.3045076,0.7805047,1.3597567,2.423402,0.37616146,1.2699506,0.82516694,0.5350538,0.6215057,0.13737282,0.17646994,1.7094042,2.3931127,0.8308722,2.5215964,0.16401096,0.5994894,0.7318221,0.8091761,0.09595307,0.46498135,2.7645938,0.266377,1.3823615,0.5663987,4.1010323,0.3570735,0.035377517,0.023088887,0.6050405,1.9050227,0.19577129,1.0318092,0.89784986,1.3204051,0.69071007,0.11707171,0.346552,1.1115389,1.7286555,0.048790526,0.45196563,1.120389,1.2363054,0.33982816,2.7967093,1.1160792,1.9352784,0.51035917,0.90381217,0.3135552,0.36650434,0.7506438,1.7708391,0.048161935,0.32952198,all_pothole_images\pothole_images_new_image_959.jpg
1.6767507,0.8838917,0.48033756,2.9462373,1.0150743,0.3662759,0.8213325,0.3333835,0.37735182,1.4409064,0.16674657,0.9899774,0.0,4.9644923,1.0487853,0.4847383,0.30162132,0.8900992,0.82494664,0.04936551,1.0758351,0.5139149,0.9374204,1.3334519,3.216101,1.3124483,0.68628263,3.4849498,0.5474939,0.10818218,1.8262945,0.2985715,0.90147024,0.7836452,0.4183168,0.15090697,0.2049137,1.64233,0.48071355,0.74635524,0.14438139,1.5938423,0.62998784,1.5052882,0.07274667,2.2257693,0.19837192,0.19586049,1.1395217,0.6747815,0.62076056,0.48894405,1.3650203,0.01157241,0.23849835,0.4494541,1.6354092,0.1140271,0.4817966,0.49754348,1.7939901,0.06331721,0.236515,0.104647495,1.3105347,1.2276697,0.16397193,0.17882887,2.3621764,0.24470446,1.1724445,0.28335762,1.0484387,0.024701241,0.40299922,1.7013088,0.346838,0.18869089,0.2775879,0.2740869,0.00996431,0.8248364,1.3100449,1.3639432,0.6537801,0.5452181,0.0,0.22618434,1.822256,0.32342649,0.26974803,0.28515974,0.39677253,0.7939784,0.246722,0.28403243,3.334883,0.10619406,0.1963938,1.0122778,0.041022766,2.5425723,0.7278819,0.5284052,1.7901562,0.2778883,0.81569517,1.0993448,0.7009402,0.2960023,0.15568088,1.957395,1.4655935,0.61070395,1.8441768,0.07715722,0.4154432,0.2291466,0.7560781,0.5691908,1.9316194,0.5953015,0.6596423,0.14728583,1.0279922,0.002957971,1.9097571,0.53566515,0.068312354,0.32660496,0.6245314,0.21441214,0.09218836,0.5114304,0.7697365,0.9377142,0.76418954,1.4252391,0.5408006,0.16496055,0.42909557,0.80115306,0.46095765,1.0428494,0.865105,1.3492444,0.12410847,0.9794831,0.81754464,0.25561032,0.84344333,0.48806307,0.05227504,0.18687527,1.906291,0.17521803,0.4120415,0.50352895,0.6152336,0.54146993,3.7309701,4.7117515,1.0085629,0.8612564,1.0443138,0.46258926,0.8315893,0.071535006,1.0604,2.2070844,0.35572407,0.049003124,0.12320847,0.07439199,0.13689496,0.07794882,1.1168357,0.032945126,0.7000314,0.07422375,0.14772888,1.6589981,1.5764289,0.630909,0.7281268,0.90054566,0.39671153,0.8993714,0.3569191,0.8977299,0.52272373,0.35817772,0.39305553,2.085801,0.6751818,0.3352519,0.637216,0.7247266,0.8027174,2.1878912,0.7192841,0.98604536,1.3587097,1.2410911,0.17981702,0.25409213,0.261489,0.17856248,1.3424708,1.1491439,0.7032654,0.53384334,1.6196128,0.101856455,1.2358383,2.4030735,1.053541,0.37409198,0.57142586,1.10038,1.2535768,0.60923624,1.9474968,0.093268566,0.65894705,0.30929583,2.2424135,0.9198814,0.47214487,1.5421002,0.75327784,0.89465636,0.57190824,0.68726325,0.21191268,0.07196017,1.5408453,0.97270405,1.1174898,0.1722121,0.7748334,0.8575514,0.95358264,0.8504491,0.034300826,0.09436051,1.0357438,1.1731802,1.2958027,5.002887,1.7388259,0.21197942,0.33920872,1.0181439,0.0,0.78155786,0.1883056,1.3816417,1.252185,2.7522547,1.1363484,0.6034798,0.48558807,0.3629648,0.01591124,0.6841307,0.4321876,0.3106476,0.8673763,0.29641208,0.6428135,0.19675721,0.7099078,0.26484668,0.5324225,0.7403089,0.5935235,1.6684266,0.2746676,1.3624703,0.8471354,0.0017541212,1.4378597,0.9561808,0.96094525,1.1349632,2.1509001,0.9790434,1.8705592,0.37730268,0.09008228,0.1753185,0.43763733,0.1916045,0.19943447,0.55616766,1.3339865,0.7454517,0.003759918,3.5530918,0.2625649,1.2490042,0.08355382,0.16945189,1.1181223,0.51751995,0.07970721,0.64095455,0.024110628,0.43476182,1.0630767,0.706773,1.1131345,1.6122751,0.45680618,0.6068269,0.37746638,0.72478944,1.7293134,1.2055229,0.23455915,0.13236715,0.7473332,0.33412692,1.5681844,0.29868308,0.12393141,0.46081114,0.38057354,1.267047,1.3275992,0.28740665,0.0,0.97654855,0.83007616,0.47096348,2.975293,1.2986038,0.90947366,1.7916117,0.46570626,0.4397709,1.4254758,2.1911974,1.4767046,0.19654548,0.36114976,1.3547373,0.703783,0.27811974,0.21610382,0.6883408,1.0348576,0.35176492,0.3926989,0.6420265,0.17899026,1.0475336,0.30643767,0.19415818,1.8668938,0.114248894,0.60236835,1.1540822,0.007698234,0.07262596,1.5069302,0.93599373,1.0054185,1.3465713,1.067897,0.30925158,0.4368702,0.8481174,0.1887017,0.10494847,0.08533192,0.25215146,0.43461853,0.14418012,2.2086725,0.4688259,0.080937,0.6147874,1.7914869,0.8860573,1.3399681,0.051286925,0.06672848,2.8067915,1.0803297,1.5836197,0.51353943,1.5796928,0.5718154,0.48088738,1.5361608,1.7395183,1.0141121,0.17536537,0.60611975,0.8869336,0.7573896,0.68697053,0.71883017,0.6171379,0.33842623,2.0219743,0.81472015,0.023957388,0.28918594,0.6131793,0.043277636,1.8019791,0.0,0.34605575,0.82135445,0.6224024,1.6021032,0.0422341,2.225867,0.837068,1.6929771,1.2403902,1.4496279,0.022884624,0.15223369,0.36882913,0.5775222,1.1641723,0.21252638,1.3859987,1.0082062,1.5285102,1.6357998,2.6653383,0.50430524,1.1490562,0.029117111,0.33683142,1.5223796,1.0182642,0.027115626,0.0234242,0.0,0.0,0.50051075,0.6340063,0.39696577,0.30021372,1.3077424,0.73238456,0.24168746,0.67526096,1.0740204,0.27037176,0.6383281,0.15087299,0.06247106,1.3945826,1.1191518,0.74426347,0.92628545,0.24950786,0.49081662,0.79879206,0.8005883,0.26884067,0.63415617,0.65151423,0.19625139,0.82683283,0.2547836,0.20331183,1.2366112,0.52254623,1.0530252,0.24881911,0.95334435,0.15822425,1.9091942,1.4954675,0.8408256,1.1639117,0.17885725,0.9570189,0.9081548,0.4809118,2.6064162,0.0,0.8722097,1.8151033,0.7981858,0.16502061,0.3069275,0.31021568,0.8034755,0.11717612,0.8402945,0.60222054,0.24528779,1.8379967,1.0684935,0.8105783,0.2122612,0.11742404,1.5389131,0.72133404,0.06530762,0.781031,0.033483487,1.0838808,all_pothole_images\pothole_images_new_image_96.jpg
2.3899329,2.0897017,2.180951,0.6797371,0.19578275,0.041680127,0.1191922,0.21629943,0.43530306,0.8351227,1.1402206,1.0645992,2.340789,0.27802503,0.5029504,0.7285483,1.0957001,0.14276798,0.22624877,0.9299483,0.5320058,1.4640747,1.0191821,0.2723329,0.97321755,2.1762035,1.0978594,0.14064074,0.08091389,0.81063014,0.38019422,0.6112034,0.2652988,1.3262264,0.85644567,0.02872875,0.7670426,3.1766331,1.5878433,0.15789156,0.8494124,1.7952292,0.013426706,0.008961856,0.0067685195,0.26715103,1.296759,0.18306561,0.4578797,0.31975543,0.3494379,0.639239,0.47985232,0.04382436,3.1375744,0.6646853,1.1622595,0.2605426,0.28492075,0.09497833,0.71215975,0.2479507,0.5535648,0.03177138,0.829401,1.0444188,1.1825079,0.5130748,0.93965286,0.13460083,0.66080576,0.0263251,0.9600198,0.16301215,0.12008566,0.072019145,1.1952237,0.29915643,0.81032246,0.06888141,0.48804465,0.25827497,1.6316158,0.5023801,0.66345274,1.1871485,0.22412844,0.37836283,1.9994942,0.3630524,1.0541131,0.85829884,0.9927572,0.59510946,2.9350262,0.05932839,2.2742505,1.1618216,0.31916252,1.7354378,2.0985336,0.18773954,0.51254195,1.9160302,0.92745894,0.8839694,0.06338584,1.0168288,0.12627243,3.011861,0.70821136,1.5211899,1.1213564,0.8304591,0.21276063,1.6272599,1.1833603,0.4708761,0.59578574,0.4266969,0.8420888,0.27037677,1.1312495,1.3394881,1.5046042,0.8278233,0.677508,1.0732216,0.8585429,0.37558478,0.86785007,0.1593729,0.17006889,0.0,0.6821139,0.13993537,0.65029126,0.186136,0.6849277,0.4127405,0.50268555,0.93442065,0.5888208,0.041543454,0.017735412,0.38898227,0.18841986,1.5794618,0.0029647166,3.689957,0.88395554,0.5320606,1.4880605,0.10660075,0.9020069,0.64861053,1.0256608,1.0187292,0.5402,0.011305202,1.1618216,0.098086864,0.9978959,0.91164076,3.1641064,0.15225288,0.3966099,1.9295173,0.37574643,0.8737521,0.7481417,0.2931319,1.1003644,0.34886235,1.7189212,0.23518081,0.18698305,0.5099125,1.277412,0.1481746,0.45888615,0.25080758,3.0554285,5.3913836,0.38978213,0.6044485,1.8175712,2.3712344,0.07875657,0.5803834,0.08799785,0.09596411,2.0772607,2.180172,0.35348517,0.49287617,2.065533,2.452893,1.0391327,0.028410818,0.44768205,2.3751311,0.9789262,0.28826398,0.7753624,1.7247666,0.9511262,0.5203989,0.36947453,1.3757477,0.32166833,0.81991184,0.9582462,0.056932505,0.5989399,0.15319276,0.5523986,0.44256428,0.51690084,0.309971,0.14568445,0.6353921,0.20103654,0.63916653,1.080292,0.493321,2.336535,0.19424802,0.3135968,0.3548091,0.3239526,0.9057702,0.33195832,1.1997224,0.3851129,0.1691002,1.5153612,1.5334626,0.035343993,0.89932686,0.060638145,1.574549,0.40026504,1.9958613,0.10619346,0.7061512,1.9267056,0.63647985,2.2870529,0.33360437,0.7889113,1.5598017,0.33120885,0.16484179,3.2955172,0.07709628,0.12635528,0.387492,1.3426917,0.27591768,0.32655492,1.3531587,0.8685489,0.93370694,0.4320115,2.9802809,1.8373924,0.26661858,2.01992,0.48196286,0.098360635,0.25487232,1.454292,1.3607768,0.39568776,1.3325447,0.9269497,0.030739803,0.71455187,0.064046614,0.03831152,0.3997017,0.015715932,0.7402161,1.6553708,0.29611504,0.015136792,0.5680522,0.8968601,0.62878907,2.1816895,3.3155482,0.7657562,1.1263363,0.45863217,0.96288794,2.5963306,0.8287446,1.5566869,0.4707615,0.04634086,0.010436003,0.016273906,0.40655586,0.50475204,0.062363118,1.8744955,3.3092077,1.164252,0.084168695,2.0390975,1.9245534,4.2699614,0.04029189,0.45378065,0.5695582,0.011849099,0.6512125,0.7487074,0.98548746,0.37078762,3.3553712,0.9522564,0.107641235,0.77146816,1.0163604,0.025860492,0.1629467,0.0,0.33974233,0.83779967,0.87720984,0.5068849,0.5575308,0.56877965,1.4745809,1.7553769,0.3703092,0.9891177,0.68904316,1.1741176,2.045759,0.2726183,0.13528289,1.7176155,0.09229957,0.3050889,0.63552505,0.0004161952,1.4098177,0.7930357,2.1204553,0.74419135,0.32085454,1.6315788,0.27354056,0.1706374,1.2194483,0.16466108,0.5201092,1.4921063,1.0946652,0.7588992,2.7179098,0.01475688,0.25785628,0.8183679,0.728846,1.5825523,1.8236392,3.2387831,0.970118,0.2698268,0.28256467,0.21487792,0.05700772,0.31721702,0.8273857,0.18578085,0.5589655,0.45497105,0.27778757,2.0792286,4.301781,0.5798083,0.6588781,0.05011428,0.7632099,0.9290446,1.5768174,1.0756994,1.3553431,0.9572081,0.116434656,0.34691906,1.0568148,0.116868876,0.69511145,2.3554535,0.9676685,1.1595571,0.13126539,0.4547984,0.34484667,2.4522867,0.57486886,1.1110142,3.13541,0.55998,2.8203812,0.42246494,1.4074941,2.417292,1.033974,0.35199267,0.31077027,0.40870234,1.1515865,1.1788274,1.4060298,0.40169328,1.6643428,0.036580272,0.62464714,0.64810663,0.33041042,0.9017002,0.5423356,0.527659,1.178626,0.3729644,1.7843782,0.41469055,0.07611875,0.03666164,3.6039968,1.6879767,0.21526547,0.46839717,0.0,0.75612104,0.7526804,0.029779054,0.5769513,0.09268794,0.050037995,0.442007,0.9449229,1.4584051,0.27681068,0.61726785,0.7484924,1.0807863,0.28113434,0.09397737,0.6405717,0.8770279,0.8005832,0.09856252,1.7397863,0.030186892,0.0996966,0.008689091,0.023992224,0.3368513,1.8637029,0.3362352,1.6106445,1.0870377,1.678259,2.1740932,1.181597,0.17666326,1.3224106,1.3606608,0.47315693,0.22777724,0.0012755315,0.6938518,1.515067,0.06540285,1.4786555,1.0065975,0.67604876,0.07121803,2.0689242,0.80554557,0.8332303,0.4260926,0.5862739,0.3389167,2.407348,0.23887123,0.09875657,0.4124939,0.1275034,0.7271483,1.5229421,1.6781456,1.0437939,0.41545832,0.82776666,0.24247119,3.4542422,0.8177489,0.23879063,0.014033501,2.4652743,0.73209834,0.65996736,0.39983317,0.2694819,all_pothole_images\pothole_images_new_image_960.jpg
1.1298113,0.3980902,0.23342037,2.5200448,0.7003813,0.09615388,0.5391323,0.90826744,0.56081843,0.17693537,0.7979386,0.7326197,0.1376772,2.452039,0.33967248,0.59207696,0.9200148,0.13489176,1.6674471,0.15967873,0.4730247,0.6329025,0.629544,1.2369738,1.5861558,0.34391123,0.06239451,2.2707458,0.3785713,0.50191534,0.39042726,0.22474495,1.2055881,0.08082216,0.036533155,0.9417852,1.119186,1.3864006,0.33468673,0.4393755,0.117577136,0.075886466,0.23123871,0.8962812,0.4746243,0.8138917,0.018401003,0.7659785,0.52611274,1.2783422,0.110488266,0.24724354,0.5721301,0.18033269,0.568972,1.0487207,2.3196967,0.0147293545,0.17287293,0.09676106,0.08052058,0.16138569,0.5602733,0.31002337,0.9758266,0.25363427,0.6269354,0.1854625,0.48089662,0.23775007,0.91481745,0.04786762,0.86228365,0.07030869,1.3070898,0.41068548,0.100105956,0.3382826,0.49711716,0.2780787,0.19194622,0.64365727,0.32431912,1.3734125,0.14159243,0.44271064,0.0138466535,0.25459126,1.0961049,0.6303137,0.54148185,0.0,0.081210755,0.31833944,0.33367965,0.03158953,0.54176414,1.0577992,0.18029737,0.3573887,0.29334226,1.7434026,0.48362085,0.05557816,1.9671836,0.011967501,0.15802853,0.5376626,0.15061444,0.6176809,0.0,0.6499588,2.1632125,0.9402682,1.0554012,0.091552354,0.57466984,0.026354618,0.74669087,1.1022991,2.6118596,0.29102546,0.17376244,0.6957665,0.16128774,1.07853,0.108585894,0.7485138,1.6260046,0.05395947,0.14119332,0.02059227,0.17609894,0.16536324,0.124749124,1.3059677,0.0,1.1774815,0.005667921,0.0026782185,0.659907,0.019655373,0.58861506,0.023157986,0.008935634,1.3594671,0.0,1.3675605,0.062790774,0.15682296,0.5953221,1.6518449,0.12690817,0.0670959,1.3433367,0.75120753,0.47213992,0.110110536,0.8324493,0.07746482,1.3320937,0.423554,0.39564598,0.32289943,0.43692526,0.16656491,1.7834562,0.042345174,3.287109,1.3009511,0.0,0.06482025,0.0,0.06179754,0.20201372,0.20479651,0.21684021,0.0950967,0.63230485,0.030531809,0.57983905,0.7700549,1.1332504,1.8223355,0.6167977,1.3889338,0.40118945,0.24268411,0.079395294,0.49959657,0.094943754,0.046896033,0.57525605,2.2973094,0.013987054,0.10628591,0.41913852,0.49609694,0.6521277,0.7012713,1.72149,1.2180064,1.219545,0.7062482,0.20575151,0.10910532,0.93626773,0.094784655,1.1727935,0.68965715,0.24938695,0.18443848,0.27195555,0.18075924,2.342726,2.2246413,1.5420662,0.3895741,1.1171255,0.18604691,0.53509545,0.13500078,0.38463047,0.6336592,0.013136426,0.02941372,1.2025795,1.3518698,0.9412105,0.17937924,0.0114224525,0.2859804,1.7143489,0.6140274,0.5863991,0.42617399,2.1069033,0.041174043,0.022133352,0.1846404,0.6086526,0.061541878,0.48952737,0.3466729,0.31413078,0.024181286,0.54984874,0.050153214,1.1811342,3.9058197,0.16998672,0.53936446,0.44692415,0.15821205,0.011418682,0.044213325,1.9247828,0.3052183,0.060073145,2.8045728,0.06115922,0.08617592,1.9071716,0.12625305,0.007084982,0.7081071,2.1266468,0.054866225,3.4848666,0.15820745,0.101174414,0.12301435,0.5542221,0.37921676,0.26323134,0.8870158,0.3769593,0.13281465,0.49705216,0.38594443,0.5538251,0.54456365,0.6509099,2.1085203,0.62631506,0.6065241,0.12299817,0.15467422,0.5810366,0.29398006,0.5865225,0.05507139,0.59601986,0.30530605,0.016159294,0.05005234,0.3227431,0.056740984,0.104541086,2.2306578,0.24336964,0.20465685,0.013403171,0.84608,3.643312,0.18025853,0.20741262,0.44423226,0.6271505,0.067644864,0.815971,0.79588956,3.602572,0.86722213,0.08333476,1.026638,0.0,2.7773356,0.61014843,0.3589655,0.7859333,0.10537966,0.053828113,0.26295286,0.23879278,0.27720538,0.5837118,0.061547846,0.19557503,0.14006105,1.3261862,0.5760506,0.21431132,0.0,0.048707124,0.8134357,1.4715736,0.2654195,0.33132347,0.010377484,1.4842882,0.6342362,0.99936527,0.07974122,0.66237795,0.6480519,1.2288569,0.2240089,0.076569155,0.42575914,0.08641088,0.5660315,0.16972265,0.45061186,0.103990555,0.08723743,0.3299374,1.455676,0.7153357,1.0258496,0.25151384,0.81472653,0.63956195,0.5350572,0.0,0.15799282,1.3191787,0.0,0.95730245,0.18644671,1.873139,0.03908954,0.003371811,0.11731085,0.5782231,0.07268478,1.1904297,0.7856876,0.46476337,0.033441193,0.85418123,0.084068805,1.7599076,0.34233278,2.9236517,1.3514507,0.9375745,0.032980476,0.12312423,1.4747657,0.16146119,0.6920767,0.4606474,0.5072856,0.00092310045,0.31665784,2.7434645,0.27163208,0.21086249,0.29512736,0.4944348,0.6211145,2.0285232,0.9329517,0.70622516,0.44799042,0.2988248,0.23293316,0.07991101,0.113711275,1.5991063,0.43194345,0.3584453,0.23800151,0.35156897,0.14807346,1.298922,0.65026325,0.48798198,0.0,1.6347466,0.8009909,0.55641073,1.2619382,0.7866212,0.0005084438,1.1305776,0.1718572,0.85541165,0.5318199,0.24504109,0.8463566,1.1879483,0.03248836,0.2880651,3.6852431,0.10672172,0.20613028,0.008049601,0.8587741,1.6508636,0.16681947,0.28303844,0.1833395,0.4932714,0.0,0.58270645,0.4551831,0.5497071,0.52458924,2.1635027,0.36468127,0.8208889,0.44021377,0.99587715,0.581635,0.67257977,0.40766773,0.30449092,3.4304605,1.2121743,0.7154463,1.4190499,0.14126632,1.9194765,0.19556268,0.0,0.0,0.54177624,1.3967986,1.8758082,0.06306243,0.0022298787,0.77826184,1.6403419,0.33076406,0.022912974,2.225302,0.31135768,0.1683856,0.44798177,2.2874277,1.7172445,0.42083883,0.24388689,0.107243635,0.1270117,0.37429038,0.8662273,0.23298559,1.315009,1.060229,0.08773659,0.00594696,0.26254314,0.101415925,0.2192577,0.4269023,1.0880374,0.62600654,0.22064698,7.0235615,0.50450027,0.3562493,0.4978521,0.30936792,0.8924355,1.0871215,0.10592363,2.159321,0.023157071,0.67012835,all_pothole_images\pothole_images_new_image_961.jpg
1.0734866,1.7490845,0.2397624,1.6558433,0.16207658,0.3953851,0.62806726,0.0,0.2475988,0.5487948,0.6640293,0.4602747,0.44252014,1.3054395,0.28097484,0.50047594,0.21822816,0.3038182,0.5275759,0.66521335,0.44398084,1.6393292,0.15305802,1.308451,0.91748977,0.2626187,1.3271708,2.3464293,0.19661187,0.9136522,0.3373467,0.17298882,0.32866147,0.13403213,0.9291184,0.29175815,0.14250217,0.45745793,0.045930296,0.7901787,0.0,0.03583892,0.1516943,1.2909087,0.7431117,0.025461383,0.023550875,0.1598064,0.0012989303,0.43056464,0.43317416,0.90700334,0.35925803,0.09301667,0.2196605,2.2281244,1.1858994,0.57058513,0.67335385,0.25661403,0.14458813,0.60065067,0.72156525,0.16635373,0.8739732,2.2862399,0.4646932,0.425854,0.28920797,0.7531391,0.6338244,0.34185323,0.45960173,0.77436966,0.21489923,0.5183488,0.41422036,0.5287782,0.0,0.36479962,0.2139011,0.17543106,0.032291763,2.0498087,0.42883682,0.34447598,0.325223,0.16493745,3.632368,0.24392995,0.11035884,0.28474808,0.8041616,0.8504469,0.09254989,0.1479451,0.2314254,0.5559997,1.4599438,0.599917,0.12034528,1.16577,0.1876796,0.42809042,0.2698958,0.28406993,0.40641117,0.027540192,0.028876666,0.2925226,0.21697934,1.9502968,0.4862712,0.28017947,0.19286284,0.5961193,1.7372068,0.2226962,0.40962335,0.28062695,1.7575898,0.3207703,0.771654,0.9315584,1.5851054,0.8414805,0.23633817,0.8686178,0.6599831,0.34167305,0.6172874,0.1581427,0.37278396,0.3544227,0.1227391,0.7959296,0.5434898,0.8103743,1.4012793,0.50740254,0.123920776,1.0138384,0.3579417,0.5848495,0.13317984,0.6205272,0.5929486,0.0,0.65283453,1.0271021,0.23864742,0.32169163,0.0,0.44411665,0.9374616,0.37215275,0.55169916,0.08415055,0.561293,0.7550158,2.126062,0.54685754,0.2501848,2.9656794,0.36648524,0.35737804,1.9345497,0.1533381,0.47098598,0.98842597,0.007620445,0.0453096,0.55932266,0.51679635,0.18177262,0.05117102,0.6525375,0.07861309,0.21210894,0.62443125,0.5106481,2.4353132,1.2125108,0.9921191,1.4593719,0.7462029,0.24688946,0.10936604,0.41413006,1.5191572,0.3117799,1.2514511,0.1429005,1.004904,0.048108343,0.04672782,0.52339274,0.7722898,0.28509575,1.5927328,0.095809855,0.43651965,0.0174109,0.2995678,1.3169364,0.6170687,0.38585788,0.23712721,0.3156461,0.026420057,0.10142649,0.6583624,1.1060109,0.3873883,1.3971618,1.7648401,0.586272,0.018270118,0.56546676,0.09496741,0.84636027,0.044210978,0.49007416,0.4404324,0.1951005,1.0702537,0.7005048,0.3236262,2.0349257,0.020082874,0.5305824,0.27103496,0.7200764,0.4837746,0.553002,0.26919445,0.95358104,0.025111025,0.002638803,0.009715839,0.012942499,0.12158642,0.113108225,0.225508,0.31776372,0.0,0.9725024,0.13430005,0.5193445,3.9250493,0.6130291,0.2666439,0.6147884,0.29248184,0.18239695,0.004834113,0.7200768,1.0368063,0.23444428,1.4158038,0.27114394,0.3371962,0.7354235,0.17314525,0.2490996,0.7942816,1.4107575,0.43895128,0.729431,0.5090392,0.8174873,0.0021910092,0.12057829,0.12617886,0.6373164,0.7116936,0.34870565,0.20276916,1.0413094,1.706665,1.3546419,0.18454719,1.0741656,0.10277136,1.2743012,0.97504514,0.4364249,0.39505926,0.6974448,0.8209145,0.29326323,0.046684362,0.16220118,0.5390566,0.47103623,0.7624194,0.75350016,0.53313833,0.5042863,1.880012,0.38471195,1.1983088,0.007791238,0.23435615,4.150827,0.100493036,0.015080359,0.98306847,0.6669348,0.013199256,0.97479355,0.18952774,3.4116244,1.3998748,0.30962643,0.35058546,0.38616958,0.7122482,2.367231,0.24207519,0.036648057,0.28518733,0.056505844,0.5575331,0.9930537,0.84860957,0.413356,0.029051948,0.6491089,0.43913606,3.629835,0.25175866,0.39980474,0.81807834,0.2430025,0.1760506,0.7665366,0.76414144,0.42255303,0.32182267,0.5762171,0.5032304,0.92728984,0.5568057,0.15318489,0.43745986,0.008272251,0.370548,0.03691151,0.6208852,0.15736061,1.0111798,0.6040764,0.7624288,0.05495218,0.3707937,0.22731863,1.2413315,0.18069728,1.436628,0.12999336,0.061830234,0.10684646,0.25822592,0.011559131,0.26067358,0.97681475,0.26490316,0.15564574,0.1608786,1.4862608,1.0737488,0.6153957,0.1327677,0.73809636,1.260463,0.0,0.3704607,0.65563875,0.10660111,0.2057482,0.31002408,0.16914329,1.4343902,2.3630772,2.336786,1.0648514,0.1821391,0.021548193,2.5671332,1.5696388,0.85423,0.10485303,0.16090351,0.04865387,0.23611414,1.2079427,0.12616955,0.27648702,0.03987015,3.2464223,0.7308133,0.6201199,0.7248938,0.5094973,0.10951424,0.43076748,0.36152494,0.0061132438,0.39093375,0.42386538,0.29981586,0.3184854,0.14325622,0.11409885,0.7112732,0.70546925,0.16510871,0.9238715,0.115035884,1.2471033,0.34340572,1.471896,1.3872564,1.4203655,0.24779017,1.0000916,0.60851055,0.6230081,0.053361293,0.17909718,0.1822258,1.9183936,0.3539692,0.17153873,3.1355703,0.078882866,1.2040669,0.2457715,0.14215861,1.0839025,0.046619933,0.16417024,0.46762967,0.11254347,0.0046901116,1.132571,1.1371639,0.67727107,0.40047407,1.7296971,0.66402304,0.8897902,0.5658624,0.61772996,0.33981127,0.040756363,0.21046104,0.06435399,0.9926265,1.779645,0.4362713,0.27821139,0.025325088,1.289137,0.2513633,0.6009587,0.016363457,0.37960097,2.4268992,0.91976917,0.6466177,0.05675562,0.31367308,0.76680195,0.51660615,0.33502096,1.0618494,0.30182335,0.013071344,0.35292372,2.4148018,0.4912739,0.72418135,0.0,0.4313744,0.106751665,0.060224976,0.3862054,0.009146491,0.35149083,1.378453,0.39201406,0.0046712514,0.0493012,0.07286156,0.6285175,0.02209771,0.03299469,0.16851015,0.34622425,2.9945915,0.85641277,0.6670889,0.5346153,0.3696642,0.1975398,1.1001352,0.23020144,0.26523107,0.26340604,0.2134119,all_pothole_images\pothole_images_new_image_962.jpg
1.8646698,0.66465366,0.08577153,1.424518,1.2030194,1.6381379,0.3825011,0.04184661,0.4841693,0.06442418,0.73102224,0.12391819,0.70507735,0.2933431,0.33689132,0.07962863,0.19253832,0.28613165,0.20069027,0.019595074,0.35763338,2.6250498,0.6503174,0.0011833381,0.27612308,1.01559,0.14988308,2.240733,0.22010794,0.2754771,1.3483367,0.7918684,1.2589364,0.5472012,0.055796124,1.3901675,0.015587899,0.83666384,0.70148236,0.59947443,0.15017292,0.021771202,0.25275213,0.3268439,0.0645033,0.173164,0.2117622,0.42102042,0.80844754,1.781098,0.435566,0.31678542,0.2359289,0.018297262,0.094630726,1.1569786,1.8029486,0.10690725,0.39985546,0.09286384,0.008970084,0.10544619,0.55745083,0.11096997,0.46757394,1.6785934,0.15898857,0.0259312,2.3345428,0.04209684,0.1418722,0.025770504,0.55222636,0.561986,0.41513202,0.63993216,0.10665091,1.6499069,0.9932785,0.38651267,0.22379407,0.2691724,1.0107248,0.7038096,0.9160088,0.41520393,0.6275761,0.16367315,2.9433594,0.63988286,0.88843286,0.14730813,0.0,0.5018079,0.16112596,0.055077203,2.029225,0.4800769,0.53027123,0.9078458,0.03936356,1.1796408,0.33180723,0.49659947,0.31496307,0.09435626,0.09836187,0.30836067,0.07151239,0.17445678,0.0,1.8940928,0.63137007,1.0839398,0.042804275,0.8891856,4.1655664,1.0478401,1.1358058,2.4144287,2.150214,0.28369144,0.5641418,1.0726941,0.14063472,0.9720663,0.3614951,1.5427482,1.068654,0.026171912,0.3365441,0.044432934,0.20786972,0.0382135,0.05954967,1.514617,0.29660028,2.0284927,0.6124654,0.5768298,0.41898328,0.10218194,0.0075518927,0.80188733,0.013139705,0.26223522,0.13592185,1.789273,0.73022056,0.016283417,0.6601813,0.3320801,0.30911878,0.6949509,1.3870591,0.96530414,0.71506834,0.0068359943,1.3659532,0.029578408,1.5790468,1.5830184,0.02790987,0.7922933,0.014620166,1.5847168,0.29340202,0.0270607,2.3915877,0.21923749,0.004900005,0.044114925,0.0055892514,0.2208197,1.4550647,0.0,0.37072468,0.08689655,0.045121435,0.09163625,0.07186106,1.3277819,1.7188212,1.8183782,1.9289135,1.2857969,0.35823455,1.2926384,0.8568184,0.22801231,0.00082815497,0.58281064,0.033053212,2.055204,0.3828968,0.33221412,1.4849561,1.2027594,0.51822275,0.7219126,0.15289219,2.7784483,1.0471429,1.4441619,1.8949683,0.2913562,0.20939079,0.63982505,1.2351313,0.32169428,0.025991093,0.0,0.7644622,0.31859624,1.5007839,1.1090924,0.6351064,0.2278248,0.46896303,0.13033415,0.14175853,0.5953311,0.22247005,1.174833,0.08193057,0.35924014,3.565074,0.0005593544,0.421953,0.075849414,0.04342554,0.12757722,0.32001913,0.3602813,0.13300222,0.8567592,4.1125793,0.007031261,0.19252126,0.55672765,0.5181681,0.80111235,0.31058592,0.14699773,0.07544375,0.05835068,0.19273548,0.6134774,0.6058441,3.4286106,2.641288,0.3917359,1.1846582,0.70780563,0.11876267,0.034602914,0.17210509,0.5780401,0.20613712,1.0581883,0.11816392,0.19337076,0.11936463,1.3809359,0.40341505,1.1000584,0.16989353,0.6165078,0.39688545,0.4077964,0.008496471,0.14570527,0.0,0.55044603,1.7082939,1.0040373,1.2315485,0.3915313,0.30493814,0.84814566,0.289039,0.4928648,0.022916699,0.6533944,0.30145684,1.0483301,0.54866534,0.2069628,1.0602183,1.3020066,0.2258365,0.70230454,0.44821677,1.0996462,0.008080071,0.21803361,0.06675912,1.0592334,1.0109853,0.026170181,0.04752673,1.1530858,0.08667448,0.6657398,4.5445433,1.4141487,0.2766218,0.32004347,0.0,0.5601377,1.071834,1.0353477,2.2593572,0.7999503,0.045438122,0.5348391,0.15090567,0.5024087,1.57577,0.057451695,0.6250292,0.05463812,0.008835895,0.09544172,0.31092095,0.12023947,0.97532886,0.60046315,0.15338045,0.20241636,3.3597007,1.1744173,0.0,0.038427558,0.023210127,0.6826861,0.7570107,0.2247777,0.33326736,0.46437672,0.5523442,0.13803826,2.915943,0.7916265,0.4218127,0.23741262,0.20740195,0.54169065,0.5401147,0.33111298,0.72889996,2.7034447,0.4605199,0.4215747,0.12761757,0.7755969,0.5146105,0.8830821,0.92139184,1.5854514,0.02224398,0.09933648,1.2836142,0.11425816,0.4097383,0.8213054,2.7270205,0.47005022,0.13529131,0.17886372,2.1625931,0.15678342,0.50594413,0.00391575,1.0705619,0.01014123,0.051334135,0.14658298,0.79954016,0.28917977,0.66111284,0.012509934,0.8344687,0.26079094,4.278728,0.5560094,0.42952728,0.0,0.10173446,1.2768124,1.2639652,1.8816048,0.19050401,0.29000327,0.1255619,0.004333436,0.182391,0.14434841,0.041030888,0.21790928,3.113138,0.07898294,1.1332871,0.6067042,0.31059027,0.08637474,0.9935027,0.36398634,0.02833573,0.24839783,0.5338826,0.03755899,0.17886034,0.52546155,0.35437137,0.16182,0.9672789,0.2400775,0.89973044,0.0,2.8145123,0.29169622,0.7529809,1.9396007,0.9671503,0.08274912,1.0251477,0.84257495,0.09054276,1.5623243,0.14827192,0.72329456,0.8975917,1.2442386,0.35579726,5.1803217,1.0249217,0.3895685,0.024434585,0.7930603,0.005046549,0.76786625,0.44432837,0.9631651,0.52918637,0.007796521,0.55000925,0.20994489,0.083426,0.5120215,1.4713676,0.87351924,0.17060165,1.4986575,0.78204167,1.5631828,0.9052851,0.69541585,0.84693843,2.4340682,0.72350776,1.0551556,1.9046793,0.026869865,0.82825166,0.70815635,0.8644887,0.08355195,0.22120795,0.25719067,0.2524366,0.17472018,0.6816772,0.23643133,1.0111167,0.2958402,0.34582445,1.8755673,0.50546193,0.47783875,0.053390305,5.4933724,0.5363358,0.030641088,0.0071298876,0.766933,0.61159116,0.46340334,1.4530417,0.23666026,0.25296095,0.44831356,0.109216824,0.7099991,0.5674786,0.114935406,0.06507114,0.28012338,0.024428003,0.0044955723,0.0,6.2078166,0.21971439,0.1132591,1.4512662,0.33416834,0.6060483,0.32816267,0.7571531,1.6089727,0.7743497,0.6876885,all_pothole_images\pothole_images_new_image_963.jpg
0.5956373,1.3749125,1.1505711,1.6418017,1.2599878,0.72871256,1.0465087,1.8286276,0.93326396,0.49634534,0.3254933,0.7040889,0.90762234,2.299134,1.3504399,0.58739066,0.3200962,0.0069942973,3.754576,0.4548816,1.3981519,2.4781132,1.2354174,2.1062,1.9804363,0.3071226,0.32948983,1.9367332,0.009568349,0.49270675,0.4776525,0.046605688,0.34507915,0.73406094,0.3902045,1.8031957,0.5906585,0.7100048,0.5609067,1.0294735,0.9668353,0.6181291,1.0456468,1.9771878,0.14926249,0.07042026,1.2371074,0.012167101,1.168457,0.49902144,0.6500965,0.29457727,1.0047569,1.4368074,0.36296427,1.0684724,1.3569353,0.5033251,1.1780354,0.47616515,0.63312006,0.52890956,1.8442535,0.10635119,1.6653411,2.9416304,2.5642495,0.23327206,0.35414153,0.71057713,0.035401627,0.49925384,0.06476897,0.027973758,0.6946917,0.84777564,0.59042865,1.1017925,0.27933237,0.6368376,0.6387455,2.0900939,0.5042426,0.015518395,0.8303162,1.517034,0.035606556,0.3260868,2.335287,0.1752923,1.4922017,0.024252463,0.94506747,0.8671945,0.91304827,0.14735803,1.5399597,1.7126591,0.7501223,1.3221955,0.017394176,1.3883735,0.7170497,1.0056095,1.0193024,1.2233124,0.00082391436,0.5850949,0.62056386,1.1400019,0.40510017,4.7935076,0.2705937,0.67306477,0.4198053,0.10681144,3.5541558,1.3552349,1.4957128,1.2472346,2.392438,2.3720524,0.8026128,0.5166659,0.084295765,0.1976711,0.31476408,0.48129618,0.5400211,0.36153093,0.7117699,0.00072443555,0.745144,1.0834193,1.6217027,1.238786,0.20173189,0.6202378,0.22736457,0.7677251,0.45207575,1.05174,1.4977888,1.5082326,0.096184745,0.5561068,2.5082383,0.068286866,1.538224,1.7548378,0.20519969,0.33145905,0.10686196,0.14466567,3.9859507,1.5087936,1.3087114,2.167354,0.08573378,2.1439703,3.1507187,0.20590186,0.0,3.8159266,1.1309681,1.1039873,1.4800222,0.5388091,1.1307309,1.1081903,0.3210318,0.025640355,0.7740931,1.1431184,0.36139402,0.24984469,0.5402018,0.07393515,0.19906063,0.69108045,0.030024946,2.1334891,1.3802456,1.7537183,1.218633,1.0457318,0.34309185,1.7646263,2.4133737,1.6502258,0.44537103,0.34418854,1.2154342,2.399674,0.82000095,1.1569779,1.7065156,2.903335,0.633903,0.7644502,0.26201966,2.070853,0.5384373,0.33239925,1.0683024,0.4528621,0.38807717,0.8425671,0.43692896,0.42016804,0.23344316,0.1015725,0.6214888,1.8635954,0.31528586,0.89812875,0.5514778,1.2899387,0.5556781,1.380946,0.2924379,0.37159976,0.65040296,3.4713588,0.9900229,1.2378948,1.7947515,0.40894336,0.0885849,1.479442,1.102012,1.0973837,1.2638204,0.8277653,3.0382195,0.38958564,1.5858727,1.0356544,0.21179488,0.028453,0.15645137,1.0674123,0.062327545,0.21416894,0.28326702,0.86556244,1.1575359,0.13156973,1.8458227,1.9351314,2.352379,0.1984258,0.49244633,0.63298744,0.99817234,1.2216457,1.5027386,0.9338047,0.3097589,0.8870814,0.94454277,0.108877435,0.54025507,3.0165343,0.57988256,2.093706,0.008571666,0.9305594,1.3722118,0.12159192,0.39846903,0.34850132,0.28707835,0.12906805,1.0768588,1.0031608,1.0911627,1.4559095,0.23306905,0.15976578,0.0,1.5225993,0.60532284,0.81444484,0.67118907,0.9125014,2.896795,1.2732937,0.809163,0.06559696,0.49624473,0.24213146,0.15753746,3.355768,2.1777637,0.00702691,3.0733917,1.7583972,0.53408754,1.2425011,0.008583096,0.032860868,0.24439426,0.46768475,2.819567,0.35658607,0.41287082,0.5504458,0.3243267,0.10807102,0.763747,3.2591944,4.0612364,2.1493752,0.28945968,0.41918105,0.24995895,0.5371992,2.0161436,0.11431489,1.4155316,1.1074675,0.47310004,0.002386854,0.84784985,0.3557976,0.14688182,0.19741687,0.2954282,0.3891097,1.6240816,1.3387884,1.2142023,0.86884904,0.59834003,0.9903762,0.03411224,1.723596,0.74662703,2.1980016,0.5295143,2.5939472,3.2570531,0.4250013,0.37435436,0.37522003,0.22594981,0.38492888,0.0073765963,0.663542,0.73829454,0.44827402,1.8159019,0.6220204,0.14877553,0.15149707,0.40888268,2.4423552,1.4457572,0.8640722,0.15667811,0.7024656,1.109187,1.5814949,0.020414736,2.1020765,1.2852618,0.31937554,0.71285933,0.09712538,1.17922,1.8397708,1.3022109,1.0433272,3.4904554,0.83054334,0.22356315,0.34403563,0.13950846,1.0549059,1.1378188,0.83160406,0.8408493,0.842166,1.9002665,2.035922,3.3130274,0.59211737,0.45007467,3.1423109,2.536733,2.1100821,0.37878433,1.5308616,0.2593434,0.57646996,1.410983,1.8481635,1.4338714,0.07843529,4.4125814,0.16379517,0.053461075,0.46381494,0.07288682,0.15850395,0.8376554,0.21965167,0.029979018,0.9558015,0.06104726,1.0776246,2.5963495,1.4424745,0.40922564,0.30076167,1.9676428,0.79374135,0.08339823,0.56424606,0.40987793,0.42188713,3.1331131,4.368878,1.6795233,0.85674703,2.87772,1.0413343,1.9386882,0.8861627,0.016893994,2.0939248,0.24518071,1.9104205,2.5528963,2.13522,0.41866672,1.2190267,1.711385,1.1208007,0.23210458,0.20823482,0.32282394,0.6474639,0.83324397,0.095189795,0.57927597,0.20344417,0.630127,2.4656057,0.069248855,2.3462462,0.24484272,2.19281,0.65055484,1.8284868,2.60081,1.0328625,1.0954142,0.8150844,2.0667398,0.6629254,1.285515,1.0251517,0.5316508,3.6949143,0.1627945,0.090866774,0.7252037,0.46807587,0.41439492,0.8618083,1.2849029,0.33765912,0.6682048,0.07946574,0.72128886,0.8605677,1.7281388,0.041738737,1.3542742,5.692198,1.5517954,0.9087085,0.47390708,0.14940546,0.47127762,1.1679587,2.6432078,0.28203085,0.12696667,0.8598496,0.8527418,0.071874395,0.6905666,0.10838684,1.3206218,0.5876585,1.0448653,1.7895604,0.5751818,1.3463315,1.218577,0.33314654,0.73074824,0.80127645,0.3127762,1.34121,1.9262896,1.8326102,1.5948025,1.1773688,all_pothole_images\pothole_images_new_image_964.jpg
1.2128485,0.8981283,0.34290648,1.614875,0.10427111,0.24294755,0.79004574,0.0026659123,0.6726503,0.90155154,1.1619107,1.7779436,0.6111964,0.38779736,0.23973803,0.8657175,0.18557681,1.0852596,0.054576755,0.38530824,0.27809945,0.18959656,2.2483244,5.2540145,0.5314327,0.3183835,0.027513618,0.44549286,0.5318927,0.30943304,0.44507286,0.06493149,1.25815,1.9352765,0.65913314,0.95988876,0.02890654,0.6736587,0.6985726,0.36086264,0.18818018,0.90400684,0.329065,0.23800977,0.48087972,1.86364,0.046936166,0.57302165,0.3832276,0.8089031,2.1643262,1.8113257,0.7752595,0.07545099,1.2160157,0.3971479,0.8334214,1.0319747,0.9096136,0.68911314,0.2134105,0.5279623,0.28148893,1.9975685,0.6565059,0.034465667,0.94295174,1.1576931,0.14935058,0.05442485,0.16855383,3.078939,0.3938226,0.008575256,1.508571,2.419399,0.45530552,0.46693933,0.15050265,0.8649722,0.57577586,0.8837507,0.14569533,0.3021586,1.2384074,0.38499546,0.5331304,0.18799192,1.3158027,0.5985175,0.8168552,2.4078636,0.44060257,0.031163853,0.9126266,0.33133265,1.792993,0.9887491,0.5021462,0.7118655,0.04571392,1.3185724,0.36016965,0.31464955,2.8174198,1.07515,0.102050155,0.0055658245,0.69414747,2.9335322,0.873343,1.6027752,0.19557965,1.9786811,0.033005282,0.596242,0.4322125,0.102345765,0.25095776,0.68920475,1.0472792,1.3129741,0.09034924,1.5524145,2.2569573,0.16711533,0.18109016,1.4335006,1.2070798,0.08064968,1.0219553,0.47755152,0.0,0.15563197,0.334337,0.22243433,0.005822678,0.6898824,0.081794016,0.16337,0.8697088,0.5427742,1.8377234,1.9368362,0.024267757,0.56296355,0.18279836,1.0602167,0.23071682,0.5572653,0.42704266,0.15865377,1.1237402,0.060194865,0.76447654,0.3696851,0.320785,0.6147947,0.20821746,0.38816535,2.1910894,0.56417066,0.013023498,1.6642869,2.3707788,0.07454562,0.24062775,0.049599383,0.9228737,0.9920688,0.61034125,0.41100413,0.077153,0.15568349,2.1582844,3.3419456,0.23421848,0.0,1.5361768,0.6947437,0.08286937,1.6275426,2.8924754,2.8017838,1.1175946,0.05932019,0.88300073,2.019486,1.3106323,0.13610846,0.8645386,0.40807566,0.53962284,1.1994497,0.7181331,0.39023846,1.6339647,2.4367595,0.4290238,0.083868824,0.0,0.3646464,0.833547,1.5287285,0.281571,0.57085735,1.6309512,0.93979704,0.68852204,1.4783587,0.080772884,0.029210743,0.3772544,0.5273232,0.023387022,0.19841443,0.58604,0.36544442,1.4634984,0.18256769,0.19251995,0.30869898,1.2150701,0.36123765,0.08270252,0.09854384,0.8684853,0.0,0.5769303,0.096668065,0.23493603,0.41178867,0.2823074,1.18341,1.1514841,0.17753689,0.9927514,0.9422573,0.839383,1.8294282,0.27037653,0.11724558,1.6183761,0.44298163,0.51671034,0.26128456,0.75841856,0.8114227,2.7379315,1.2844647,0.60537827,0.27869275,1.3213787,0.04920802,1.1473614,0.11804864,1.0827157,0.0,0.2529619,1.5280961,0.17872411,0.24114968,1.1267272,0.49962056,0.08515635,0.066111855,0.8571661,0.100250505,2.1100514,1.5347816,1.3522009,0.0,0.3630294,3.0331943,1.6930343,0.94500685,0.3749827,0.41962388,0.91052234,0.15880252,0.15946475,0.4918866,0.07910083,0.80285317,1.0101583,1.0532954,0.073008224,0.7493492,0.11671863,0.16378029,1.0439616,3.0884514,0.63943297,1.4742621,0.7828145,0.08113699,0.87386024,0.5073614,0.99750876,0.42181614,1.8908495,0.021911828,0.6977791,0.1699676,0.16934252,0.096001625,0.22381753,0.01338492,0.051557593,0.55957925,1.4566951,0.6991826,1.4788244,0.8075071,0.3311423,1.0589887,0.11181944,0.17428304,2.3102276,0.9296336,1.5054178,0.69986475,0.63333446,0.11647378,0.019234419,0.6246369,0.2668619,0.21124646,0.4604266,2.3127375,1.2750721,0.10122546,1.7453065,0.44244808,0.7131681,0.13034666,1.2266581,0.14378856,0.12944901,0.31981713,0.91308755,0.835387,0.43705317,1.3535247,0.1962119,0.027026538,0.25712126,0.151243,0.020367581,0.32208532,0.21595563,1.4174776,0.2508054,0.22588217,0.68123555,0.49057892,0.20677185,0.7886063,0.039830238,0.38348988,1.7460386,0.7977695,0.6781274,1.8196143,0.0,0.33750242,0.7817742,0.21702264,1.1605104,0.8490362,0.38527521,1.9374461,2.1844366,0.6749347,1.3892201,0.17545632,0.3869027,0.73441315,1.3143454,0.8001234,1.4065405,0.46859148,1.0655556,2.8319092,0.2534313,0.0,0.92853993,0.42999387,0.092688404,0.15501861,0.13912159,2.6985698,0.037991982,0.14071463,0.06555861,0.44517478,0.6444502,0.6357047,2.909906,0.29627487,0.08064909,2.6743915,1.2628199,0.3768072,0.023002123,0.16225186,0.7694537,0.5324436,0.008855363,1.5934311,0.3416365,1.6818305,0.8743413,1.3223053,0.006600064,0.2181029,0.36162814,0.3143582,0.031530894,0.06475209,0.6737193,3.514178,1.4506731,1.225662,1.3055227,0.27867883,0.43024373,0.30835155,0.2914504,1.3574622,0.46749386,1.3838944,0.0024550704,0.25958848,0.27142975,0.66597074,3.9510043,0.21100499,2.3028522,0.6887696,1.7745984,0.11614873,0.32337886,0.3556467,0.043483924,0.4498483,0.08006619,0.18891247,0.030327821,0.726011,1.2749412,0.27844334,0.13714589,0.924434,0.6477534,3.3611848,1.2541621,0.19432457,0.422279,0.7389843,0.30708307,0.84259653,0.9984958,2.1847386,1.1348487,0.012177042,0.59224254,0.65954715,1.4661524,0.5104105,0.046435636,0.6044665,1.2843758,0.34268615,0.7935698,0.10745295,0.6610708,0.9339283,0.7252772,0.45884213,0.67009616,0.39325777,0.88586557,0.5664169,0.5684669,1.3532717,2.7402475,0.039875243,0.405451,0.039399568,0.47314164,0.22800224,0.0,0.16309375,0.17832077,0.25655553,0.14266986,0.14898573,0.59466475,0.8190725,0.6671248,1.8160405,0.3589152,1.5699514,0.49201825,0.71278846,0.0,0.5372943,0.08635626,2.149324,0.17706683,0.104718216,all_pothole_images\pothole_images_new_image_965.jpg
0.15533705,2.602471,1.1238803,0.15731497,0.9388815,0.4462908,0.96159106,0.6103082,0.48250985,1.7644105,0.9245743,0.5022039,0.21817435,0.5107962,1.1131092,1.0336279,0.29291704,0.35129407,0.12470537,1.8686694,0.19231729,2.590957,0.89719313,1.2977304,0.8068438,1.2718773,0.07055647,0.91209704,0.56337976,1.6686203,0.5425421,0.66508365,0.030336598,0.6839026,0.023211746,0.74059844,0.38974229,1.0102037,1.9305784,1.2173084,0.02886674,0.08372938,0.2598039,1.7120073,1.4496883,0.013451063,0.37610245,0.017679352,1.5843252,0.0050805314,0.18035376,1.5794729,1.2289662,2.2138832,0.8504813,0.8982631,1.1532071,0.7494139,1.781993,0.03413567,0.35763907,0.39763933,0.5280224,0.5660081,0.14321995,0.9190338,0.5696293,0.29300666,2.0811217,0.89823645,1.3469951,0.57385665,1.0954168,0.14755487,0.9707894,1.5775474,0.012410081,0.97161627,0.9890914,0.16693014,0.37360832,1.6055336,0.08448449,1.0149266,2.46259,0.20444483,0.6138196,0.9680847,3.9692514,3.0835896,1.1819555,0.95211446,0.76590663,1.9720892,0.9448837,0.564287,0.15027332,2.1253285,0.21075808,0.062132616,1.3534944,0.9167722,0.003407991,1.2032361,0.6901794,0.6260982,1.1585191,0.090463325,0.74530643,2.254782,2.3679788,1.8155922,0.16945706,1.4100344,0.89878345,0.32644898,0.5262485,0.31212246,1.0730146,0.6137453,1.0729561,1.1713859,0.3107413,0.45640898,1.2042121,0.3689277,1.5378611,0.083918825,0.6888795,0.35852852,1.1874223,0.049163643,0.21937872,0.6739248,0.90717745,0.24693842,0.65629447,0.34158832,1.187783,0.30953115,0.030097796,0.9208651,0.43702722,0.66818285,0.32148162,0.68957543,0.11828662,0.19634536,0.69569075,3.2112315,0.38331985,1.1922656,1.8539344,0.07824759,0.8791591,0.31172615,0.113164745,2.2393153,0.27222672,0.50727147,1.1950536,1.8523008,1.6374651,2.357282,1.500114,0.2565315,1.2924265,0.13733959,2.179012,0.3476601,1.485979,0.60185105,1.8485159,0.7981046,5.569295,0.040388644,0.632365,0.05323139,0.3040545,0.16843246,1.0296386,0.47829682,1.786893,1.0316523,2.8592796,0.5424949,1.3727413,0.34381047,1.0665231,0.98144877,0.47916952,1.0240856,0.4241102,1.8931171,0.9307981,0.7168427,0.060985982,2.1002362,0.0,1.054693,0.38592848,0.037842177,0.3204697,0.043802857,0.9564074,0.3521706,0.9380148,0.5682485,1.0724461,0.34017655,0.7901213,1.1082724,1.838803,1.7554817,0.11104627,0.3757413,0.42457294,0.79832697,0.58469284,0.2021382,0.10158479,0.22335576,0.5299382,0.24912891,0.28996372,0.2184,0.90141445,0.05043496,0.6703928,0.19277789,0.10467603,0.15366793,0.33345923,0.7521358,0.20042588,0.64746255,1.4373066,0.43988475,0.0477143,0.24116123,0.12753516,0.64123595,1.0617527,0.22533825,1.85909,0.16488852,0.46372992,0.23039754,1.7367154,2.636654,0.88325864,0.70483327,0.24154012,0.6169905,1.8209989,0.35769475,1.7820405,0.30266365,0.50118923,0.48555186,0.42851347,2.0943515,1.4757117,0.24693817,0.42990094,0.55495405,1.1216328,0.5609039,0.33256418,0.6692391,1.7626038,0.09434477,1.0627519,1.8719946,0.7628579,2.4674006,0.57468885,0.35646904,0.666508,0.24944358,0.29260254,0.56996596,0.03589202,0.6304366,1.9703723,0.36232507,0.664476,2.8906767,0.7811031,0.5999509,0.1320789,0.14615381,0.084064245,0.9533186,3.4029946,1.5905306,0.78227806,1.175418,0.43921134,1.3602971,0.7026663,0.036218062,0.13591856,2.0194433,2.8430393,0.3960382,1.4501536,0.64802814,1.5429984,0.10181899,0.30162922,1.6271973,3.7905564,1.1419537,0.060895815,0.64486593,0.6300922,0.15918443,2.619102,0.17694901,1.5600464,1.4956082,1.4331543,0.75770146,0.058805313,2.7603025,0.7985475,1.7050031,2.2783794,0.8245511,3.2920213,0.10247141,0.5917901,0.09102237,1.1609498,0.2994326,0.42577913,0.077611595,0.27723593,0.24673718,1.6985093,0.23249632,0.3962979,0.69343066,0.94567555,0.4889144,0.14044997,0.15986489,0.17637758,2.7445366,0.008423141,1.6319361,0.014176619,1.4602056,0.7981545,0.09932898,0.29898784,0.65456825,1.8143531,0.1613144,0.63024056,0.67279977,0.18104693,0.3467583,0.5621597,0.4225523,0.15411347,0.24462727,0.13291244,0.37529597,1.4323206,0.39216226,1.6712403,0.56995845,0.7948756,1.8089892,0.8655974,0.5314819,1.5161054,0.6558389,0.45670256,0.17214826,0.27342734,0.58081263,1.5507959,1.2701553,0.3783876,2.305832,0.45458442,4.6114664,0.41806808,0.97897834,0.25757122,0.3059216,0.17293486,0.94977856,0.94640315,2.5652108,0.7375288,1.9711248,2.2726016,0.28689656,0.81119,0.03868986,0.028147565,0.021486195,0.29100627,0.91822267,0.34434313,1.536848,0.22082897,0.7028298,0.73264575,0.5197222,0.18601957,1.4736836,2.2391973,0.054729037,0.010111478,0.5646174,0.3100552,0.87506753,1.1139898,1.8832382,0.74371773,1.4455659,2.2482545,1.3109895,0.25107545,0.81804746,0.78861725,1.327713,0.7486983,0.39862484,0.9476197,1.8056241,1.1503077,0.8300585,3.0394819,0.3507462,0.48955655,0.07950633,0.43616417,1.1017921,0.12679847,1.0183274,1.352246,0.122120254,1.588614,0.45346615,0.68120044,0.09991747,1.2460144,1.0194886,1.1742399,2.406175,0.3451358,1.094211,0.56200165,0.085897654,1.2183527,0.0040068417,0.92806983,0.2516992,1.98141,0.37736693,0.18770126,0.3265236,0.5201686,0.75816774,2.878058,0.982538,0.5907651,0.056966335,0.53540504,0.58710694,0.18064807,0.13554534,0.051223032,0.863661,0.9361341,1.1312708,1.3064673,1.6353165,0.27410462,0.85366565,1.2913724,0.2471398,0.06143313,0.00028957415,1.7573105,1.5554792,0.010251682,0.27316117,0.015672075,0.82873285,0.1614801,0.009128231,0.8887231,0.10807851,0.663189,1.1143162,0.32596728,0.8151083,0.25295892,1.9659477,0.2757233,3.020235,1.6435666,0.91136783,1.0987474,0.91366094,all_pothole_images\pothole_images_new_image_966.jpg
1.0012654,1.9280007,0.5970892,2.569284,0.076882266,0.71078753,1.2982123,0.011564099,0.19067815,0.7414234,0.22343467,1.4314659,0.46409824,2.1207569,0.093906924,0.25141817,0.3158659,2.4851565,1.1246434,0.16296071,1.8245769,1.1414636,1.0354159,0.53285366,2.2423205,0.79493433,1.7519615,3.1590052,0.16683136,0.09183922,0.7944702,0.008574378,0.73420644,0.18413553,0.61472,1.9214592,0.14020595,1.1031963,0.47600678,0.12706138,0.0,1.5655489,0.1469271,0.56981385,0.23245607,0.3934864,1.1837021,0.4649211,0.0,0.18464082,0.24741125,0.74656713,1.2611722,0.15155637,0.019983362,2.4720466,0.7272584,0.08732354,0.6576563,0.3003423,0.8017031,0.23725696,0.9468927,0.14344133,1.5096979,1.8040019,0.43493325,0.0074580647,0.095536835,1.281976,0.87633514,0.11927621,0.16712011,0.1315519,0.060454648,0.07327736,0.31054893,0.60571533,0.01771223,0.046647552,0.20029068,0.0,1.566661,0.6672802,0.29812852,0.024406165,0.16091105,0.005908722,0.80792403,0.15159301,0.29609242,0.6702736,0.04206173,0.24554911,0.3266691,0.17433523,0.7254497,0.694534,0.34047675,0.71848756,0.3585128,3.8171813,0.69192535,0.29128963,0.6176725,0.27112362,0.089296095,0.44064295,0.46070418,0.2281125,0.9400907,0.5708257,2.7330694,0.68667066,1.4745272,0.16836528,0.10371787,0.06348595,0.14860049,1.0739416,1.9321792,0.19758041,0.7827287,1.2496006,0.6532695,0.6914714,3.5348482,0.86451507,1.7369574,0.59571815,0.8109535,0.09464144,0.0,0.1305868,0.36201304,0.98223424,1.4794655,0.49141887,0.58052015,0.2630957,2.290683,0.5746724,1.5380672,1.0599204,0.1794715,1.5391368,0.5934606,0.2616714,0.20360813,0.021914158,0.7944556,0.26729062,0.010029202,0.048829734,0.55672324,0.28210938,0.61788577,0.27629685,0.83839744,1.4317746,2.539203,1.3779144,0.07277241,1.8154562,1.0261377,2.1016257,3.351217,0.7986496,1.4294416,1.8310572,0.19596115,0.46024805,0.048711825,2.44672,0.27873215,0.5531189,0.36310753,0.8070054,0.8698779,0.25350395,0.18327066,0.8568832,1.2051365,0.10302555,2.3529992,0.038690723,1.0289494,1.121876,0.119011976,0.86963964,0.9785709,0.62149876,0.500537,2.8972645,0.39032465,0.09986347,0.32678136,1.8614286,0.09931607,0.59389263,0.20986348,1.2113019,0.4941784,1.1709106,0.051747788,0.11996804,1.0684797,0.058782328,1.6168076,1.0307451,0.0,0.5481393,0.47802383,0.023550108,1.595093,1.6798522,1.5719534,0.6297935,0.09355899,0.17010543,4.1603866,0.09418599,1.2483252,0.09360937,0.0,0.20519549,1.3748481,1.4642645,0.827272,0.93278736,0.81381154,1.354586,0.09293675,0.25941873,0.24236739,0.02620385,0.91001266,0.4848163,0.44002163,0.4177572,0.0023395533,0.0,0.68703943,0.1588076,0.38824812,1.4918675,0.29877272,0.46415558,1.6089114,6.4816613,1.9301789,0.1358488,0.04573299,0.40915018,0.050064884,0.8903455,1.6830623,0.30926564,0.8602625,2.6091485,0.39649823,0.26260442,0.40514302,0.044432923,0.038554545,0.6898961,0.46016583,1.4835725,2.5506191,0.2604294,0.41847622,0.47810254,0.09189367,0.3087087,0.41474926,0.52376044,0.2515373,0.7824182,0.34978908,0.30994567,1.2866292,0.049525756,0.7364499,1.3147318,0.5163371,0.41357678,1.2413158,0.090103894,3.0717056,0.13255687,0.13518806,0.3487067,0.19974677,1.7224622,0.09688282,0.5798902,1.0226374,0.39942735,0.1375575,3.2205958,0.06486414,0.25206113,0.28067502,0.025091425,2.953405,0.027230449,1.147071,0.23749615,0.042651817,0.27844796,1.2434325,0.8956017,1.8213434,1.2149907,1.8342417,2.0520132,0.29570183,2.5901647,1.5738318,0.38128832,0.20433061,0.0,0.60032916,0.7731818,0.6655874,0.02505626,0.25324312,0.0,1.6834179,0.38524398,2.3071573,0.14046973,0.34711906,0.62048215,0.09863952,0.0017899544,1.0629845,0.6259159,0.9987351,0.48718205,0.15947959,0.43816662,1.6066457,0.6498781,0.45590279,1.1367298,0.15611635,0.51572657,0.83700764,0.51336217,2.7498205,0.12093904,0.2790425,1.4316263,0.0447482,0.16813406,0.0066443435,0.8404528,0.05693613,0.04775674,1.8081901,1.3192482,2.3354645,1.496754,0.002218287,0.0,1.6207836,0.0014997066,0.6385732,0.5422765,0.20726974,0.21381816,0.22007996,0.47484034,0.4327645,0.33544827,0.13216263,0.5977011,0.87069076,0.75001156,0.83832574,0.118486375,0.1476635,1.5895355,1.42684,0.65852916,3.488482,0.1399805,0.013239397,0.5448589,0.8570717,0.46818137,0.043753844,0.73263806,0.029108739,0.34238282,1.0957414,0.44134203,0.16716893,0.67756295,0.24854515,1.9030561,0.102031566,0.81660676,2.1001055,0.012537596,1.2598338,1.1349136,0.12463475,0.9602558,1.737056,0.55119663,0.050832704,1.9788215,0.5856858,0.82379335,1.662059,1.4530295,0.28998095,0.27955768,3.9347284,0.2914945,1.1672395,1.724405,2.8266819,0.34498546,1.7888154,1.1517812,0.936757,0.13342191,0.29543486,0.27585772,0.010724903,0.59331983,0.6660411,0.8876394,0.20561455,0.49661258,0.19663306,1.0254664,0.52676845,0.91847354,0.21437477,0.009865689,0.23943469,0.006078899,0.42870572,2.3217094,1.0120379,1.838144,1.3097795,0.31029987,0.7548753,0.27525398,0.22016501,1.0020672,0.68275154,0.20781896,0.1514335,0.28928846,3.2308576,0.2532212,0.3176998,1.0720546,0.5212978,0.31441137,0.00079630513,0.0,0.16997738,1.682048,0.8054388,0.54386115,0.36266103,0.6232624,0.46668857,0.027226245,0.71240544,1.2822237,1.8943621,0.0024159022,0.41130528,0.37859017,0.420456,2.0279582,0.00036742253,0.28564456,0.14376566,0.015217029,1.5669317,0.1672046,0.35862145,0.7160543,0.08358455,1.0315101,0.004796946,0.21429567,0.36579952,0.00010747137,0.48652524,0.09815506,0.75281966,1.73688,0.11157758,1.2968755,1.7544119,0.6931583,0.7533282,0.06388914,0.33372733,0.29986995,0.050253186,0.4905588,all_pothole_images\pothole_images_new_image_967.jpg
1.4520861,1.0625058,0.3495238,3.0235696,1.6407152,0.28409255,0.9131579,0.07161259,0.119490854,0.4779576,0.40377405,0.7064168,2.1336668,1.2050517,1.844944,0.2367933,0.38475654,0.37209705,0.6854037,0.24555528,0.9113304,0.5390709,2.9624782,2.474211,0.5154241,0.31894857,0.3403996,1.3337768,0.70945317,1.067722,0.7702409,0.10477468,0.84100044,1.3828114,0.37388134,0.72363734,0.16281627,2.2105396,0.06800329,0.26131672,0.0020303798,0.6723555,0.35291103,1.9592886,0.44232294,0.31354102,0.65824157,0.07954058,0.95365953,1.4464332,1.9553316,2.082141,1.1094192,1.0751528,0.6922002,1.6375693,2.5032556,0.41249886,0.55574757,0.28073627,0.30885923,2.0111723,1.5640744,1.0477443,1.1064968,0.7778286,0.6864736,0.15088198,0.117673956,1.016956,0.38442782,0.92599463,0.7106795,0.8513169,0.7116119,1.4057505,0.296829,1.3393993,0.0,0.10808706,1.1289953,0.71831244,0.4289922,0.41170403,1.6265872,1.0048937,0.11414316,0.6705526,0.8612206,0.60406107,0.049569886,0.5724704,0.684653,0.044565156,0.29819888,1.3035417,0.07436434,1.8015134,0.70570374,0.5343344,0.08063118,0.5698304,0.1928942,0.18201374,0.05126087,0.37516364,0.41243947,0.40405887,0.50078666,1.1720319,1.1670496,0.70718455,3.0804162,2.186984,1.7746613,1.3957168,1.2442642,0.100940414,1.8523259,0.9351476,1.6049669,0.6148223,0.71972096,1.0111858,1.1872691,1.115412,1.0255706,0.58750737,1.0122762,1.647492,1.0599494,0.2590215,0.55108434,0.8566486,0.32429427,0.6852592,0.06235829,1.1604345,1.2601942,0.4783706,1.6127731,0.13323303,0.50104797,2.340034,0.4704844,0.9017031,0.67013246,0.09366857,0.031858604,0.64929897,1.3428066,1.1715616,0.34646198,0.15984763,0.97762334,0.32135794,0.9887281,1.0529077,0.76809514,1.1650592,2.627883,0.0,0.1522164,0.5362198,0.0068358253,0.3648412,0.4734446,0.839512,1.4850439,1.018411,0.8966495,0.21251172,0.14142667,0.5284666,0.6243964,0.4826091,1.7726895,0.031761542,0.6060407,0.4270006,0.00650767,0.22124884,1.7554016,0.9916874,1.0433102,0.6569517,0.25761187,0.40167773,0.8313614,0.66269153,0.8246321,0.06141364,0.53950727,3.243844,0.11011062,1.3404741,1.884341,0.24377254,0.56257147,1.9916207,0.25125128,0.40155086,0.660424,0.47571397,0.6784933,1.0147984,0.87172264,1.2069544,1.595578,1.1169145,0.13462058,0.67931694,0.060211044,1.5309819,0.37168187,0.067504816,0.7417782,1.9435995,0.9902991,0.0925406,0.52185255,0.094676204,1.286177,0.76745844,0.22379825,1.0810426,1.7141273,1.503926,0.13351516,1.0073727,0.9730248,0.5096276,0.70867544,0.5770923,1.4931899,0.16828962,0.095597394,2.1460307,0.15591747,1.5145774,0.25975084,0.01608052,0.33659548,0.86354715,7.960724e-05,0.7567513,0.8970704,0.81357074,2.7278442,1.1289265,1.2876039,0.8876476,0.450678,0.13082074,2.3916416,1.0512757,0.7539187,0.0,0.6064879,1.4959337,0.97286874,2.029701,0.43945304,0.47645053,0.86632586,0.118678585,0.19641352,1.3070918,1.1932569,0.6987751,0.5368428,1.1766837,0.4063497,0.6491096,0.287383,2.0575697,0.5509986,0.29533958,2.5857546,0.18302396,0.0048930794,0.3289693,0.98243445,0.41604576,0.59707373,0.11599873,1.4749486,1.5431263,1.1059647,0.65088725,1.3814846,0.39539933,1.3768204,0.7965094,0.21299517,2.0385213,1.7999791,0.18325418,0.85305315,0.9269029,0.48833528,0.92368317,0.26610062,0.08450715,2.853406,2.293118,0.3212664,0.029204383,0.19804594,0.39346367,0.86302423,0.3232334,1.7346524,1.8054862,1.3671002,0.61586636,0.13783066,0.0,1.249403,0.31971282,1.2985455,0.5471793,0.92334914,1.149196,0.8601842,1.0690705,0.96618474,1.7064298,2.9751225,0.30941993,0.8483089,0.14431962,1.109961,0.22460638,0.5670525,0.1112532,1.3883439,0.63484925,0.5011365,0.20994945,0.86632144,1.5155714,1.5969988,0.13358802,0.99711174,1.9310809,0.38604742,0.39434642,0.8010086,0.6791774,0.76281697,0.9205026,0.6318826,0.69422656,0.46587658,0.12472634,0.42055658,1.3081232,0.35888293,0.74997056,1.1015242,0.34049764,0.25960407,1.9476895,0.106740266,0.12714663,0.2656545,1.1068159,0.83493894,0.8036616,0.4932211,0.6556971,0.3352614,0.29722536,3.0388753,0.88583666,0.54056954,0.4148575,0.8184148,2.4247408,0.27278668,0.27438024,0.3377504,0.9670017,3.3456745,4.3366117,4.2676206,1.438287,0.7879626,0.39652267,0.70630145,2.2568035,0.17756218,1.0079765,0.2244327,0.33950368,0.15136401,0.7294816,0.5645823,2.180615,1.4567752,0.61550874,0.5293457,0.5710407,0.16172676,0.60638064,3.6393836,0.0,1.0214689,0.84091645,1.555468,1.5045329,0.463469,0.6051019,1.6421434,0.7107549,0.46083745,1.1413403,0.42097044,1.208685,1.5688293,0.5338159,0.5162824,0.45006293,2.1103806,1.0805304,1.4430482,1.2474377,1.7874151,1.0091457,0.694898,0.34786353,0.20500375,0.7407385,0.004671537,2.6335645,1.5305752,1.2737681,0.46113312,1.6704654,0.53509456,0.34339187,0.4116665,1.5654764,1.3911637,0.7811653,1.2380383,1.4044354,1.6991633,1.7496928,1.246048,0.2818004,0.90282494,0.09876473,1.1681448,0.20895672,2.1662345,1.4108411,1.7214484,1.1657304,2.55093,0.7424066,2.4566329,0.9587866,0.7427133,1.0915,0.0,0.48948926,0.046500213,3.354801,0.63214135,0.11152105,0.7829655,1.0544952,0.61648446,0.50866354,0.50473607,1.03949,0.2229079,0.39254853,1.1842368,2.4169927,2.1319697,1.1787682,0.0,0.5572181,0.71965456,0.59287155,0.57007205,0.15284652,0.093697116,0.72058165,0.26985604,0.676601,0.79054487,0.018701663,0.9337304,0.14275986,0.10293937,0.43295443,1.053644,3.3274748,0.42716816,1.5597837,2.099137,0.60151845,0.055394784,1.7804182,0.70146686,2.188755,1.2331505,0.72266793,all_pothole_images\pothole_images_new_image_968.jpg
0.83819664,0.9677064,1.2230413,1.2988333,0.18473779,0.04243063,0.044714887,0.5265824,0.35482633,0.6404608,0.03166484,0.90926087,0.27789092,0.2291062,0.17395288,0.2617876,0.24919274,0.0,0.07154944,0.7589783,0.13303302,0.4737004,0.030388733,2.002735,1.851437,0.051517166,0.59261155,0.31663856,0.009678896,0.15545712,2.1108356,0.033802077,1.7010678,2.9931228,0.8816055,0.025717163,0.18039168,2.5088875,0.76270884,0.26895896,1.169496,1.3172872,0.37708873,0.09279744,0.21795714,0.2543965,0.23511375,1.0003893,0.5554897,0.4618612,0.589432,1.0253285,0.47288626,0.15266898,0.283694,0.15118298,0.47561115,0.28720826,0.3065382,0.6542453,0.022368304,1.6215531,0.20373219,0.06381953,0.42203426,0.2933676,0.9576794,0.14076161,0.41802573,0.07227687,1.2442055,0.09942103,0.33477253,0.28353682,0.1534333,0.36001107,1.5469058,0.34026712,0.38019398,0.07186344,0.2009294,0.060801417,0.4603789,0.4409986,1.1643811,0.84876186,0.2841802,0.563963,1.7407427,0.6573009,0.5682922,0.21519582,0.050842643,0.1013464,0.6794823,0.12753002,2.4126654,0.85631365,0.28627425,0.029733911,0.013778202,0.64892983,0.53378433,2.4126334,0.8710425,0.08946155,0.3971207,0.13398509,0.118486136,1.3927059,0.0,0.40634552,0.7146859,0.5290331,0.08579014,1.2373872,0.76004356,0.029178234,0.72053957,0.4187368,4.575672,0.49927706,0.19072354,2.7830508,0.64421546,0.24765438,1.0040549,0.45233172,0.1771967,0.49491036,1.2155644,0.046704233,0.42343163,0.1297948,0.54468673,0.28982627,0.47247297,0.12453664,0.017579015,0.19578046,1.5656772,0.6381541,0.70712775,0.44504052,0.0,0.26254272,0.042957835,2.4320433,0.19260177,0.09977144,0.5039225,1.3639873,0.49775344,0.548992,0.0117959315,0.06450589,1.3406577,0.6724032,0.52522177,0.73699075,0.31038055,0.10608613,0.027017087,0.1592661,0.002341122,0.3140609,0.14178148,0.0110306,0.05202248,1.2695652,0.29963169,0.08076915,0.01791401,0.004059247,1.34804,0.3178885,0.28784883,0.048822083,0.1344036,0.57660836,0.015988281,0.078625694,0.4162604,2.9923038,2.6283512,1.1611437,0.014422501,1.0048898,1.1060842,0.15873492,0.82721925,1.0396731,0.99250174,0.6299457,1.5754117,0.23432434,1.200435,0.8978288,1.4504199,0.09695687,0.5960671,0.5848157,0.13357951,0.065764956,0.44435883,2.1734002,0.8288065,0.000305801,1.8183883,0.37737873,0.005923567,0.24067666,0.0025122613,0.7209972,0.66256946,0.026059115,0.31081542,0.00015690831,0.8272039,0.23525965,1.7238666,0.49120045,0.8141907,0.4111927,0.9864835,0.081320554,0.53449965,0.07190526,1.5095311,0.044230975,0.07863385,0.012794211,1.1225553,1.1633229,0.70770574,0.37519002,0.7347738,0.051570058,0.39102682,1.1025814,0.47686544,0.14004806,0.06806803,1.2920672,0.034428947,0.41031787,0.2554349,0.22880551,1.0740522,2.1931868,0.00014757246,0.63593405,0.0012905297,0.041654006,1.2301656,6.5446366e-05,0.10308849,0.012725707,0.49211785,1.670332,0.38899562,0.9432915,0.44858924,0.74640894,0.23370922,0.9090079,0.21045704,0.3258856,2.2262635,0.3179244,2.3026085,0.13936017,0.27227247,1.9169465,0.2333045,0.7360388,1.3635031,0.7767306,0.21233113,0.09170176,0.17770976,0.27548465,1.3340975,0.32453516,0.3176019,0.10777675,0.20396188,0.94324166,0.008683671,0.12690206,0.34126148,0.16040124,0.4639639,0.8854808,0.678118,0.7298828,2.161311,0.12685889,0.26536843,1.382942,0.26194942,0.3368089,0.3033343,0.38572174,1.5067189,1.744398,0.85004175,0.27621478,0.22421446,0.45369953,0.01628817,0.27929133,2.521722,1.0365292,0.20090593,0.97533923,0.46746323,0.2631492,0.59861535,1.0652728,3.6504786,1.4318296,1.2784313,0.14218317,0.3544992,0.44426733,1.2263186,0.082404755,1.2219062,0.0368235,1.2681457,0.009405658,0.5471048,0.10435772,0.45556095,0.03729295,0.5722621,0.12807174,1.0492171,0.2516715,0.6078527,0.022473732,2.529738,0.7559158,0.061236337,0.08149031,1.3289388,0.04797146,0.8940899,0.59841305,0.06959533,1.687154,0.15115142,0.1990606,1.4360904,0.54492337,0.12058249,0.4728549,0.26112923,1.3367383,1.7149574,0.4135098,0.20003898,0.6531065,0.35079184,0.35213044,0.96360844,1.4867625,0.49742484,0.5100286,0.9006022,1.0737643,0.06552109,0.753214,0.51218235,0.540912,1.1062735,1.2508289,0.14616066,0.35696936,0.6177548,0.39242128,0.42589027,0.34430206,2.6705086,0.008614325,0.5868468,0.37658426,0.1511131,0.7303001,0.12719229,1.2596047,0.14706407,0.5382692,0.034435913,2.0750425,0.23874235,1.0317578,0.8570418,0.19100733,0.44890907,1.7036103,1.4115756,0.007535245,0.02348802,0.90152234,0.59713614,0.79585266,0.029123858,0.20376292,0.015676377,0.57838035,0.30184016,1.2401806,0.18004717,0.32218462,0.80505353,0.44931567,0.5420536,3.292984,0.114790544,1.0562047,0.9777049,1.021085,0.40261,0.0,2.3256948,0.2263902,0.81193566,0.8303056,0.083699465,1.0506694,0.24868084,0.39384034,0.0,1.9727733,1.9154949,1.5123228,1.3901857,0.28705293,0.55554324,0.12966724,0.0399044,0.54390544,0.5986041,0.020631172,0.47992814,0.16118148,0.59426326,1.5430425,1.6354653,0.23622939,1.3230153,0.3039795,0.020583883,1.1789739,1.0319194,0.045388896,0.26260215,0.94077986,1.7685572,0.34393248,0.22049037,0.27274314,0.49498153,1.0554191,0.24939333,0.0,0.053590395,0.06914345,1.2008451,0.06433718,0.0073706196,1.0601883,0.8009138,0.06980185,0.23556793,0.8965404,1.2843429,0.23382658,0.6380527,0.9321048,2.721644,0.25025666,0.6690015,0.4687371,0.40826455,0.3579997,0.015415211,0.24318667,0.39873675,1.6813146,0.3844747,0.1485796,0.39351934,0.23513478,0.70111793,0.882208,0.14608482,0.055393487,0.054818504,2.0547912,0.26166722,0.71024245,0.4101755,3.2418742,1.1344991,0.5349038,1.7428579,0.0,0.42429546,0.1429653,all_pothole_images\pothole_images_new_image_969.jpg
0.656309,0.32052225,0.28112233,2.0920746,0.7249857,0.21064779,0.68783885,0.50756025,0.16779298,0.980741,0.984404,1.4199932,0.06678914,0.37805992,0.039897814,0.10590779,0.27502397,0.54347086,1.4121671,0.09826037,2.0189307,0.5325145,0.60473216,0.2623517,1.2944535,0.086905,0.5221494,1.6765058,0.41856933,0.36671695,0.4562362,0.374075,1.246366,0.9646291,0.29524097,2.5383584,0.6191697,1.2400899,0.14455187,1.9667295,0.09562052,1.3255864,0.040262323,0.5952288,0.35073715,0.50112367,0.9611516,0.0,0.24856111,0.06880992,0.8674821,0.8335098,0.08352186,0.015142302,0.11294821,2.120838,0.8397637,0.427291,1.2564363,0.54630744,1.6440059,0.9670734,0.42488745,0.847994,1.2382772,1.5098597,0.12713034,0.3782282,1.5920264,0.6549446,0.60735446,0.39158234,0.08870749,0.64104474,0.47819775,0.0056849164,0.22051612,0.2585102,0.13892318,0.027229674,1.7048205,0.26389235,0.0729996,0.8416876,0.3099587,0.50561357,0.14661404,0.13321392,1.6698655,0.13827692,0.0025703753,0.27769476,0.09968357,0.46583557,0.67807156,0.28583348,2.2429109,0.7456937,0.2331611,2.17525,0.27599493,5.7799773,0.83833313,0.97126174,0.33167943,0.26114875,0.386534,0.97375774,0.02699201,0.30821422,0.8628261,1.2682017,0.397935,0.1018149,1.4610966,0.015162561,0.46644592,1.0032437,1.2659184,0.60778,1.1621015,0.05931995,0.2835734,3.1758404,1.1248677,0.08359732,1.6140909,0.44498888,2.2066998,0.23508798,0.57196146,0.0,0.008613259,1.2808833,0.071686804,1.3676723,0.2871018,0.6119326,0.49272302,0.42958796,0.79678154,0.3611045,0.020772599,0.4235934,0.2488633,1.9095653,0.29336625,0.22233005,0.2188087,0.55407,0.46514043,0.72551167,0.39082417,0.02267829,0.2995985,0.46488965,0.15750754,0.34120348,0.54744464,1.4119116,3.0607586,4.740232,0.29573727,2.281158,0.73300326,0.70660126,1.1109515,1.1418407,2.0415223,1.2796696,0.07103903,0.24347322,0.1337264,1.0864849,0.009385735,0.040711425,0.033363357,4.715982e-05,0.10711534,0.2677414,0.5275218,0.8391323,0.24067396,0.64305913,2.2052815,0.57754695,0.02644061,1.2158948,1.5276804,0.41038495,0.03555762,0.025061376,0.15505478,1.3111522,0.17517163,0.47722998,0.8813175,0.4029137,1.1874859,0.49708265,0.065553166,2.1397939,0.20340964,0.23075698,0.96539193,0.095681556,0.70741326,0.010848392,1.1355604,0.98244,0.031140769,0.06791215,0.027800672,0.19561006,1.426178,1.5252619,0.96132904,0.2786666,0.62232155,0.023826433,2.708617,0.66621333,0.35699055,0.6298463,0.15479411,0.50519013,0.24097843,0.4865085,0.27896664,0.93207854,0.41433316,1.7588756,0.4861265,0.5053622,0.039176725,0.01943029,1.9894317,0.31806222,0.35576418,0.0,0.2837212,0.026814401,0.47867557,0.20074591,0.1576937,0.011792805,0.16647321,0.84246856,1.5575567,4.509112,1.3700222,0.038776617,0.002368232,0.0068695387,0.026371999,0.74629194,0.33938777,0.111673914,0.114329144,3.4230063,0.5205673,0.26303157,0.13824356,1.0101798,0.76665956,0.26548353,1.0451869,0.31481895,0.7096605,1.1186955,0.012832391,0.0,0.18529056,0.07414137,0.61812574,0.47351012,0.8599434,0.81972146,0.5491926,0.68799716,1.35751,0.10329069,1.7773359,1.179187,0.6830164,1.3358347,1.2337618,0.23075928,1.2956035,0.49193132,0.061476365,0.42658952,0.21791099,0.77355254,0.044858024,0.14001106,0.29613417,1.7044537,0.1975706,2.0641859,1.1962526,1.2545779,0.053290766,0.32169,1.2708794,0.75077146,0.17904386,0.027070435,0.21656339,0.21268122,0.5996506,1.7454184,2.2387774,2.5494177,1.3145431,1.08696,0.2052374,1.6445274,1.4110135,0.14664643,0.29001555,0.15622668,0.15704383,0.67851114,1.4829712,0.21619189,0.106422395,0.16324057,0.19120204,0.28026542,1.542477,2.0379932,0.0,0.27841765,0.03447969,0.27586076,0.49023733,1.7377117,0.51474816,0.8269628,0.10481384,0.019298336,0.60171455,1.0161502,0.54664946,0.27886644,0.46772784,1.2221473,0.6946626,0.28879744,2.5064614,0.80842054,0.054502115,0.37827888,0.0032469258,0.59065133,0.8067397,2.7411952,1.1147513,0.46802795,0.99065053,0.0141178565,1.6742338,0.1718392,0.0,0.0036084796,1.7165685,0.14940338,0.50420564,0.5259832,1.6165403,0.04899566,0.78436065,1.7349199,0.13862598,0.2629762,0.05568182,0.27396935,0.3108521,1.2867497,0.7639435,0.007902192,1.0230316,0.27661455,0.44697633,0.8714078,2.1036453,0.042868957,0.047829762,1.1478719,0.6999541,0.13088,0.029860958,0.21975355,0.37777805,0.13683137,1.3323392,0.030085508,0.09008029,0.8328934,2.8833904,0.5466306,0.22098733,0.3504142,1.0242784,0.0030361738,0.2823235,0.0373202,0.43489572,0.0051988293,1.2177507,0.060615223,0.12750345,0.5814158,0.0,1.1257282,1.2347552,0.22255944,2.4971945,0.93957204,2.9783854,0.02928594,2.9164574,1.5276963,3.0322795,0.113779105,1.1788058,0.58499664,1.9812562,0.50831527,0.61826944,0.38681772,0.85973155,0.5695607,1.2628226,0.17728472,0.31353456,1.0220282,0.8547766,0.7803904,0.37052196,0.3162613,0.10686436,0.3577895,0.037788525,0.07363373,0.64752376,0.18292163,1.5052749,1.7140536,1.3490049,0.3647812,0.4407908,0.4591426,0.9481208,0.013865151,0.4235023,0.090632595,0.5907299,0.11636647,0.82863283,0.09456616,0.09893867,0.5813913,0.5903789,1.1003433,0.012974939,0.34312567,0.839271,0.028106239,0.19130023,1.1648691,0.17675562,0.87055486,0.35964248,5.605756e-05,0.26701382,0.6848906,0.42838418,0.04173996,0.32887113,1.6173971,0.23169924,0.10946897,0.11589304,0.23616272,0.43117046,0.0,0.6639362,0.0041363924,1.7472618,2.720088,0.04466116,0.20680879,0.009670155,0.50291413,0.9285936,0.10842869,1.0281013,0.1599164,1.8937477,1.0915923,0.26462746,0.31288514,1.2363592,0.17695516,2.1328402,0.070610374,0.024792304,0.012956541,1.6121192,0.021607632,all_pothole_images\pothole_images_new_image_97.jpg
1.3281661,1.3222144,1.5287254,0.9200892,0.11060364,0.10273289,0.12834196,1.9881889,0.1424785,3.6451483,0.0,0.17159614,0.016961025,0.70944244,0.6757655,0.25185752,0.079898484,0.045355152,0.09135074,0.6441321,0.06661072,2.2226856,0.8473603,1.8662033,0.16181386,0.75422835,0.5757623,0.9862071,0.2198568,2.7498946,0.5962699,0.10592513,1.2567998,0.766319,0.2894541,0.5530226,0.0663641,0.71644217,0.46037602,0.24014524,0.7801416,0.83079976,0.035164528,0.21034466,0.85449857,0.61508965,0.11106634,0.18686758,2.2182174,0.69496995,1.540769,0.53367335,2.4930797,0.072657116,0.94727504,2.933192,1.9724158,1.172123,0.15120578,0.8639798,0.65050846,0.7507894,0.7340373,0.629863,0.55929947,1.9335828,0.057174176,0.5702787,0.111180656,1.7299054,0.28250864,0.31195804,0.301845,0.19011918,0.928168,2.364442,0.18715808,1.9947405,0.77590257,0.30327943,0.06867208,1.0257589,0.68135923,3.257176,0.7538826,0.7044305,0.79612887,0.5802149,3.8133101,1.2085613,0.0,0.4101585,1.3175131,1.0440631,0.7144709,1.0085319,0.45352584,0.051615477,0.9490729,0.088001914,0.38833135,1.5777955,0.72892225,0.18618457,2.641981,0.38105106,1.0660512,1.7762927,0.052760378,1.0561113,1.6956996,1.3737338,1.5385567,0.44465917,0.14786859,0.5059164,2.4596744,0.068038404,1.1048073,1.4523679,3.8486109,0.39778462,0.33076182,2.0518773,1.1684992,0.98144543,2.7606373,1.381121,0.4215365,0.3356426,0.75884014,0.0,0.75356805,0.7340292,3.1500945,0.74326813,0.4864582,1.4911885,0.47041398,0.25507575,0.5564204,0.42507,1.6170028,2.259357,0.2259401,2.5543854,0.6887783,0.23951381,0.12841438,0.1763056,0.7125333,0.5626947,0.5129867,0.45934078,1.7860444,0.8183665,1.9712949,0.7718956,0.0780753,0.62646085,0.8466831,0.13379815,0.69050485,6.268815,0.77803373,0.96944225,0.7010755,1.6256049,3.1096346,0.40574,0.1772903,0.0,0.2231449,0.12146051,3.2961476,0.09669451,1.4823599,0.24573411,0.545473,0.4835081,1.0556989,2.2400212,2.7184968,2.2485669,3.1411448,0.19741754,0.42006582,1.822019,0.19691361,1.5978558,0.1114823,1.2142148,0.4074348,3.1760814,0.13278663,0.57287216,1.1759503,1.4826427,0.325713,2.3810878,0.67858464,1.32696,2.419157,0.9832653,1.8249487,0.3995266,0.39498335,1.3055137,0.07105887,2.3228405,0.18110931,0.1954189,2.380869,1.0477004,0.47329625,1.34905,0.40634173,0.8648242,1.6094195,0.11926493,0.6515223,1.8339057,0.65985376,0.6045387,0.46521,0.38787794,1.2098963,1.1093439,0.9563333,0.46917996,0.75510293,0.34615085,0.06447478,0.39954674,0.46347326,0.044613585,1.0704613,0.74042016,0.18125743,0.25003207,0.25131676,0.6461999,1.1949785,0.9858121,0.5092333,0.35018405,0.80070823,0.6654963,0.8204707,3.2327254,3.7695851,0.59811336,1.3147156,0.22443296,1.1086982,0.14677475,0.77627796,0.026052007,1.5669116,1.2545687,0.7802884,0.3497263,0.9726392,0.5914575,2.2568843,1.399823,0.012647264,0.49118033,1.3901339,2.3695633,0.24285471,0.82476336,1.7179083,0.6035848,0.64967096,1.8511932,0.9802604,1.3894273,0.008982676,1.0969983,0.67153573,0.22964555,0.202633,1.2450106,4.5283866,0.073498644,0.6004782,2.322242,0.6437277,0.7375672,0.024959598,0.9326602,0.79541916,1.2444898,1.2405748,0.11241341,2.0025067,1.1096575,0.060313154,0.707394,0.27748278,1.1581032,0.95535946,1.1506934,1.941328,0.20782524,0.7565431,0.32977858,0.9391434,0.69615763,0.37715805,1.098075,3.4531913,2.3985548,0.32422185,0.27998418,0.1170527,0.22076222,1.9616041,0.4278864,1.0123084,0.5651858,0.25591117,1.0940585,1.10466,1.653877,0.8341475,1.055504,1.3466773,0.06294096,1.5706245,0.30989352,0.021971878,0.64296037,3.0229952,0.6384657,0.3180331,0.025883276,0.7776026,0.17935304,5.149842,1.6643783,1.0366093,0.16524811,0.5421568,0.108585335,0.064650156,0.16197236,0.22270317,2.1301243,1.1314249,0.5939308,0.22003816,0.48810494,2.61077,0.9542165,0.22039,1.3346722,2.114665,1.3337005,0.38532442,1.0765829,0.9762078,1.6614316,0.04548018,0.46977782,1.9638677,0.87853116,0.23385985,2.0373566,1.5632784,0.44987172,0.4364416,0.27188918,1.084218,0.5970216,0.35088792,1.0612737,0.12863721,2.849696,0.39693013,0.8790877,0.9236819,1.182993,3.4379306,0.7284759,0.62139726,8.411239,0.41061988,2.8777964,0.885461,1.665982,0.4412152,0.83154404,0.10111612,1.8357744,0.2263368,1.8881521,0.8187265,0.81124365,2.6520517,1.4014366,1.798669,0.72782725,0.19375625,0.4915109,0.31657195,0.29414913,0.7190545,1.4535464,2.0847752,0.039103966,0.09090606,1.1268414,0.77118105,0.9894788,1.887554,0.728023,0.50307953,0.4949589,1.2203968,0.7149277,1.5033699,0.41516995,2.4838846,0.42718244,0.7563841,3.067733,1.0427955,2.8029606,1.1633871,2.5122283,0.2118336,1.2382386,0.08156952,4.754747,3.5255163,0.6111334,0.38096493,0.8009829,0.49215811,1.1521041,0.47527125,1.9347137,0.26245254,1.3014623,1.2670898,2.2663894,0.2681748,0.40069228,0.1161253,0.12469673,0.06707147,0.37109488,1.2129647,1.606596,1.1342599,0.34494722,1.1148671,0.20296237,0.7172073,0.7685446,1.9390168,0.6383795,2.976038,0.79328567,1.0054684,0.18067068,1.090672,1.4487238,1.1168727,0.42418167,0.17386845,0.66705865,1.9661192,0.6445049,0.13774616,0.095005594,0.13964853,0.003828378,0.933682,3.1568477,1.5206555,0.25440258,0.049849197,0.6350592,1.2804732,0.0,0.49622884,0.008933691,0.011907519,0.22477408,0.047995996,0.17661832,1.0314125,0.18331555,0.035069685,0.24507958,3.0417166,1.4326464,0.9337896,3.5749187,0.25092372,1.7524053,1.5288562,0.7204613,0.0,4.107135,2.0292618,1.7870393,1.1000501,0.34245822,all_pothole_images\pothole_images_new_image_970.jpg
1.767184,2.6135395,1.2903224,1.6909063,0.12964721,0.6571747,0.13755514,1.542778,2.3496113,0.057936754,0.47609413,0.2576382,0.18433803,0.45071214,0.57743955,0.80465984,0.22311771,0.09383774,2.5023894,0.30693907,0.12721463,1.6307756,0.880052,1.5895202,0.20379837,0.1372946,0.018269982,0.6645756,0.6451992,0.2589296,0.7664414,0.5396513,0.6824631,1.0325526,0.028597834,0.8439108,0.18912075,0.7004295,0.4803888,2.2689514,0.852356,1.1028317,0.24684496,0.16693261,0.8299747,0.13447456,1.4810364,0.042950887,0.97162485,0.81203485,0.1432564,0.2570702,1.2478772,0.0,0.29950187,0.4044008,0.51579744,0.2790545,0.1722234,1.4543086,0.42035854,0.09985879,0.28885219,0.57325834,0.03171826,2.0300426,0.17536685,0.22457714,1.4892347,0.057243656,0.3229405,1.1918123,0.54216594,0.28019485,0.50794566,0.93950415,0.7638615,1.0550317,0.4612788,0.43832847,0.14108926,0.49347344,0.5559906,1.0435404,0.31131452,1.6820977,0.47283015,0.19061059,2.712206,1.0138267,0.024788821,0.33765435,0.0,1.0768697,0.92603254,0.29729053,3.7831483,0.7195232,0.57851684,0.10020766,0.7143533,1.0890347,0.32053253,0.29761875,1.7938181,0.24753483,0.80380327,1.0280575,0.95493394,1.7467718,0.0026137833,3.8400269,1.0515525,0.94736356,0.0,0.92762613,2.4092066,0.5857179,0.18307514,0.96964264,1.9894334,0.83241105,0.5006841,0.37396896,0.98544824,1.0276349,0.16925272,1.1215845,2.3276608,0.25221917,0.5233086,0.47211945,0.5156588,0.3543985,0.7918265,0.949497,0.06716609,1.5418376,0.7756648,0.69412667,0.82015413,1.9029466,0.51891524,0.2890749,0.21006677,0.5611787,0.70265895,4.18492,0.7967221,0.37060928,0.47173333,0.19004977,0.08953466,0.92540693,1.3093888,0.30899167,0.64663243,0.79252094,0.24315363,0.8473351,2.3002484,1.6649568,0.6394881,0.3557822,0.8589345,0.23842686,0.18352722,0.031831603,0.12676117,1.8538015,0.70018727,0.016018031,0.73576057,0.18184601,0.9434285,0.008172468,2.6104405,0.015593859,0.5827108,0.85790586,0.85014343,1.641202,3.0661306,1.7920625,3.4463098,0.6812496,0.9270391,1.6291647,0.574265,1.4587194,0.0012185981,3.1992688,0.19957383,4.3456163,0.50153714,0.13807486,0.29805464,2.8312147,0.9508578,0.49873897,0.60618895,0.7955845,3.782018,1.0001208,2.5105016,1.2576932,0.879194,0.20084536,0.667394,0.47872102,0.352483,1.100845,1.9893861,0.15077701,0.33038166,0.9163608,0.56865615,0.9391171,0.7074272,0.7412554,0.4159738,2.0637958,1.4899833,1.7005092,0.21561114,0.14866994,1.5696663,0.2487879,0.7394451,0.15396845,1.0266447,0.16250774,0.70027447,0.5955003,1.5621755,1.4659659,1.0087916,0.38074014,0.7397869,0.047652613,0.5548384,0.8251992,1.488558,0.2943457,0.21294536,0.1072844,1.3594049,0.5869161,0.1388191,1.409624,0.7107579,0.09413806,1.1756761,0.74125236,0.17334609,0.012014126,1.726939,0.5559968,0.5747553,0.5970135,0.13518429,0.46349543,0.9424304,1.2312434,0.41165015,3.902467,0.08943457,0.6223589,3.092905,1.4931369,0.95674616,0.87772554,0.006361882,1.79491,1.1953851,1.3279691,1.3589005,1.7176083,0.30272025,1.8037416,0.047007132,0.7475446,0.539111,0.004519551,0.32973987,0.53783476,0.279865,0.46570307,0.8286676,0.46965566,1.2268274,0.022976244,0.81813896,0.88031644,0.6591816,0.08332916,0.60790676,0.68620306,1.1398275,0.020849993,0.29483292,0.7698182,1.3551562,0.49726135,1.4256338,0.17265473,0.7780215,2.1178877,0.63041687,0.16263507,1.3566611,1.2395228,2.4948099,1.271256,0.06723051,0.34436306,0.0038702355,0.0580677,0.3040897,0.6175621,0.70418125,0.14903083,0.2823797,0.096652776,1.4070653,0.2160906,0.25328597,0.06910969,0.3309783,2.2842185,4.742322,1.1193712,0.18047303,0.5634953,0.24245067,1.049781,0.86254,0.40495723,0.03016566,0.51955897,0.14871627,3.0799727,1.8449236,0.008954578,3.2070282,0.5191364,0.26019,0.32348278,0.014979172,1.4661856,0.4948396,0.5280085,0.38320655,1.3036214,1.3572972,1.0351664,0.34520942,0.30309847,0.81524533,1.207655,0.1705395,2.0051498,1.4770398,0.29206306,0.21338527,1.6495107,0.9804561,0.7434718,0.1427843,0.9991923,4.201909,0.9622854,1.162859,0.31837016,3.844926,0.60108525,0.37276664,1.9074352,0.47785407,0.82899535,0.4074622,0.43654093,0.5574015,4.677365,3.0642726,0.39605027,0.2534198,0.313404,0.26570985,2.1561759,0.53238606,3.8236866,0.77648735,0.7255811,0.21542008,1.2222422,1.2240237,0.61584365,1.8978374,0.17308187,5.3171654,1.1563052,1.0698062,0.85059786,0.16035162,0.74270785,0.36427128,0.7534839,0.522939,0.05200676,0.042707477,0.65187895,0.93630946,0.30182928,0.06657201,1.5496129,1.7131531,0.108838014,0.80556345,0.85398495,1.01152,0.49186197,1.1493347,1.0698175,0.6931977,0.061867002,1.5047296,0.7245679,0.72015953,2.0154133,0.032552257,1.1865501,0.65597236,0.41031927,0.07651143,8.792425,2.1164606,0.061799914,1.904026,0.83882916,1.0200055,0.8240861,0.4158189,0.07588865,0.5159642,0.029415723,0.26750132,1.0285376,0.15148646,2.4128482,0.44519782,0.9844231,0.5113096,1.6317962,0.5027637,2.5249934,0.59368867,0.92215973,0.12600821,2.5922735,0.36748448,2.7320802,0.2475947,0.21582524,0.8176122,1.3712958,1.4550703,0.5589149,0.9833365,3.7222285,1.5169761,0.4443118,0.95334655,0.080925055,0.5276355,0.5664635,0.21013778,0.78833437,0.73840207,0.124107234,1.4964275,4.8348536,1.0044746,0.5756543,0.14662676,0.34072042,0.6708306,0.63242143,1.8724785,0.051796325,1.3625566,4.7477946,0.013906771,0.302011,0.33156717,0.076346554,1.0625396,0.81566846,0.15665832,1.0233731,0.056694176,1.3556724,1.9787635,0.8142083,0.3020118,0.7419906,1.2747034,2.0977838,0.7793465,0.5221902,1.637453,0.24854636,all_pothole_images\pothole_images_new_image_971.jpg
0.6909631,1.494444,0.77946097,0.94573116,0.82080764,0.85949415,0.35943717,1.3135953,0.18370357,0.9753567,0.34740683,1.4776509,0.47152004,1.1571282,0.099655055,0.75692475,0.23753516,0.96856874,1.003419,0.13160451,0.31487197,3.072207,0.74558115,1.5225278,0.20342517,0.2604059,0.23967731,0.86626905,0.09171292,0.7326989,0.69635135,0.15062246,0.23208138,0.8727072,0.4872102,1.0250092,0.64890337,0.6186409,0.42881894,2.210529,0.4992787,0.026500115,0.08692202,0.4768453,1.3369881,0.9253586,0.13068402,0.4187527,0.62605613,0.8774816,0.72053033,0.10836527,0.14913668,0.012809734,0.01056086,0.5911425,0.37967923,0.29312858,0.5592646,0.44243777,0.5342866,0.0,0.33826038,0.30332518,0.49994907,3.1795928,1.4474661,0.6756023,0.89374423,0.3463174,0.047774527,0.5564456,0.21060443,0.15241084,0.44222897,1.3794831,0.09577266,0.10172661,0.000398731,0.5180416,0.25913957,0.015773436,0.3176547,1.5675547,0.9740587,0.2239569,0.44863775,0.6124144,2.44071,0.41025347,0.19258054,0.1567624,0.065187715,0.16658786,0.011191436,0.12568621,1.0925989,0.49839032,0.58488625,0.17213833,0.060322,0.7634237,1.1119443,0.4382363,0.39552358,0.9528051,0.012728632,0.023715615,0.9341142,1.2393801,0.0,3.0584793,0.3230409,0.69928014,1.0782303,0.07576485,1.6371828,0.3436199,1.1407679,0.88645196,1.831666,1.100436,0.07496406,0.4094002,0.19345897,1.071239,0.9107547,0.321166,0.24062134,0.124665394,0.8249512,0.017699933,0.77377766,0.14106964,0.20321316,0.39041573,0.0019643514,1.0886277,0.8165118,0.26741555,0.79533166,0.838512,0.21199444,1.6156582,0.5651372,0.781101,0.21917129,0.87508065,0.22731917,0.301308,0.5201648,0.44480926,0.0,0.063627586,2.9138846,0.295246,0.6919201,0.35807902,0.51930517,0.25959527,2.5095716,0.18159959,0.0,4.425664,0.5940745,1.0759643,0.20356849,0.50665903,0.973969,0.8425651,0.11669913,0.0,0.022203624,0.079886824,1.2102057,0.30248076,0.101374984,0.0,0.080585994,0.3197573,0.059465427,2.9411695,1.1928633,0.46047312,1.6351476,1.1992733,0.64701945,0.5694825,0.99341875,0.7612567,0.801031,0.29159042,0.13599971,3.039258,0.6405405,0.15123428,0.5597571,1.3844137,0.32325414,0.8351115,0.1281564,1.1434978,0.6623116,1.4319869,1.1698483,0.17747666,0.14059909,0.49970478,1.0292363,0.06797299,0.019813064,0.55875784,1.4562197,0.5049971,0.11314762,0.14466615,0.8542628,0.2559823,0.7309382,0.19522384,0.4568813,1.2204125,0.7950201,1.3309603,0.5456533,0.24989615,1.8991898,0.34263363,0.1690578,0.12075335,0.009855406,0.5445336,0.2919094,0.012601926,0.9478313,0.027712809,0.6810112,0.043084066,0.20452482,0.23312953,0.81152886,0.24722145,0.0150125325,0.028120326,0.15322095,0.017244792,0.31039935,0.014416331,0.50855446,2.804161,2.2489092,0.15217482,0.7967088,0.10779324,0.069996454,0.4164111,1.3440671,0.3812115,0.7335834,1.032691,0.010326174,0.0,0.11609917,1.3514202,0.33996466,0.86873156,0.33914712,0.8444645,0.5368226,0.04333597,0.8511351,0.035087693,0.007442064,1.1973537,1.5224065,0.45794326,0.6250823,0.31196463,0.37894228,0.6668348,0.19757111,0.58687323,0.1871043,0.17458658,0.06498219,0.34539062,0.49214,0.03754137,0.8175608,0.6160279,0.3090918,0.15579605,0.098828524,1.0447398,0.08306794,0.72916424,0.29374546,1.8881695,0.42086792,0.13929948,0.15525474,0.3836586,0.18399118,1.1909156,2.9133618,0.0052617937,0.13362585,0.65140814,0.043241754,0.5590575,0.74242425,0.9457827,3.2812333,1.3040072,0.09870971,1.1416471,0.13039768,0.75234026,0.9908142,0.7016571,0.44053873,0.054159746,0.10668714,0.013634302,1.0083246,0.14877224,0.15092929,0.03469158,0.9141406,0.36991003,2.8717318,0.83201957,0.105350845,0.0,0.060074132,0.7504185,0.06923292,0.10146803,0.14995974,0.16308975,0.44464347,0.7881209,1.2600313,0.017820556,0.0023614888,0.8222748,0.13667618,0.27039716,0.26616466,0.45045495,0.7486952,0.39728373,1.1529077,0.73731667,0.15513307,0.6163537,0.3417658,2.0046446,0.635019,0.58184123,0.017967127,0.06316202,1.4137102,0.2626054,0.0,0.72212577,3.019326,0.24526475,0.26598462,0.0830857,1.9300132,0.8171233,0.32508448,0.17250197,0.7452607,0.08074595,0.021206403,0.31005138,0.3557841,1.173703,0.42224687,0.048206396,1.1078326,0.8666999,2.6887934,1.0627944,0.82966703,0.016442103,0.085581034,1.1426157,1.0699548,1.7033732,0.21264446,0.24500607,0.5517205,0.37313798,1.1245277,1.0718431,0.17017181,0.15006408,4.4636497,1.8925055,0.22447859,0.8437916,0.33210668,0.20027694,0.5169171,1.0260336,0.0,0.029679786,0.8952525,1.0835303,0.50650954,1.0055984,0.013279889,0.037369985,0.56127405,0.06901829,0.16298936,0.086721845,1.2410694,0.68734413,1.0548457,1.9290392,1.89192,0.34753302,0.5675904,1.0276486,0.4590742,0.71514237,0.50227,0.8212011,0.09981921,1.5922222,0.70318294,4.0819855,1.0018322,0.20371059,0.2933354,0.5516576,0.6493198,0.28553927,0.22551048,0.10685722,0.9231329,0.09561354,0.58151656,0.72924554,0.01944284,1.2215247,0.5158728,0.059858195,0.7890748,1.0531094,0.637494,1.8519015,1.0435356,0.7854798,1.121815,1.0441644,0.68342716,0.36503896,0.93630826,0.3607144,0.14445037,0.11178338,0.0017340665,0.0,0.38600242,0.90926623,1.5389009,0.9515801,0.0056896834,0.06314226,0.31351748,0.104140535,0.17743629,1.7184008,0.8114348,0.32794133,0.3567875,2.2274559,0.3560683,0.6414675,0.004846576,0.38102466,0.45650536,0.3382668,0.7963207,0.1317093,0.9993554,0.43409792,0.8139709,0.019624105,0.113749675,0.34255257,0.3725768,0.3761645,0.19837636,0.9558222,0.30126756,4.432096,0.3654591,0.07358504,0.37922978,0.37419793,0.0,0.07208373,0.5147874,1.4411886,0.69149154,0.15537274,all_pothole_images\pothole_images_new_image_972.jpg
0.47698525,1.2459953,0.13140182,1.9021431,1.8555605,0.62673813,1.1587067,0.0,0.55008626,0.6140555,0.27461535,1.1578817,0.31996405,3.0821657,0.78996634,0.091077335,0.47295538,1.7541387,1.6089315,0.32916766,0.21181744,1.2062445,1.9327078,2.7581537,0.66973394,0.5076904,1.1198925,1.2726848,0.5751394,0.57846475,0.9211136,0.07474745,1.0289605,0.86163265,1.5188552,0.32396638,0.44455367,1.9284223,0.26515394,0.29368898,0.26161593,0.02922355,0.74054885,2.6663303,0.4316109,0.33139956,0.38782477,0.04852114,0.97859764,1.1074036,0.752326,1.2670476,0.4958143,0.6433688,0.27161103,0.6198842,0.53172976,0.16193676,3.2396762,0.2694508,1.047263,1.964,1.9295425,0.18253951,1.9763286,1.0812782,0.73596865,0.8258197,0.20466861,0.335168,0.8914438,0.13293186,1.2031575,0.065769196,1.2843142,1.3594073,0.60201275,1.2614495,0.17574598,0.12930122,1.0605693,0.13322797,0.2565763,0.7890551,1.7773529,0.83445704,0.31341422,0.6043429,2.6946697,0.07503975,0.76277894,0.25304607,1.3870949,0.047754772,0.024032887,0.26439598,2.6682277,1.1070814,0.92948693,0.66586185,0.014499371,2.5549562,0.20008172,0.4611972,1.6595861,0.92929846,0.9169203,0.6301015,0.24193728,0.32869807,0.35000026,1.1979525,1.1622144,0.4988807,2.1151583,1.2241602,1.4280658,0.3092583,0.36472085,1.9045379,1.2314637,1.1163121,1.5903734,2.3456252,0.5309724,0.3184945,0.0842641,1.4545621,1.1814606,1.5944902,1.2197093,0.16782717,0.83696616,0.105366945,0.015774207,1.8091223,0.0,1.1188099,0.8225652,0.75737447,0.7280366,0.519899,0.6268149,2.1001775,0.5835686,1.5802186,0.1603478,0.90809536,0.50732756,0.7262617,0.789708,1.4494268,0.09904408,0.050500248,1.5215789,1.368275,0.8844737,0.13274099,1.8494178,1.2107663,2.2735996,3.263244,0.11037733,3.4035523,0.66725034,1.1477907,0.50592893,0.7665844,1.6666529,0.17481938,1.0811648,0.71598345,0.54205585,0.23351683,0.3538634,0.7511046,0.6269738,0.16672464,0.6338526,0.49075273,0.080305785,2.0622194,1.0174186,1.4872732,1.4909204,0.6605507,0.66230124,0.4222143,0.72770345,1.0979083,1.3074229,1.3342464,0.19848159,1.5290326,0.6835401,1.6931489,0.9083683,0.48872152,1.0602088,1.9076338,0.53382105,0.7259286,1.6078323,0.31350476,0.6740716,0.7788372,0.89407396,1.0796133,0.15474312,0.36815608,0.698877,0.30563048,0.88583845,0.26911288,1.9121125,0.537834,1.3154969,0.16683973,2.237215,0.3923304,0.31774476,0.3740658,2.3016331,0.21136014,0.25586426,0.82441056,1.967205,0.90282327,0.04117911,0.11048404,0.7535278,0.07982751,2.014316,0.054354016,0.88655716,0.15700643,1.794063,0.87473667,0.6629634,0.34089044,1.37558,0.09244493,0.3570077,1.3983495,0.31559998,0.24262156,1.5092463,0.7856679,1.617271,2.9105217,1.6401227,0.44388822,0.7111576,1.2152789,1.024612,2.8092442,0.46729192,0.40217784,0.27388775,2.90343,1.3417253,1.2958279,1.3113098,0.4575512,0.026596863,0.44557858,0.54445136,1.120489,0.53995574,0.45757347,0.13185917,0.2132505,0.30567503,0.8140167,0.17834254,0.95461047,0.7173745,1.509184,1.7169688,1.0667619,0.047279652,1.3531624,0.5634774,0.8169997,1.2209499,1.6418796,0.6371493,0.9111036,3.6234834,0.01943271,0.89732206,0.050816793,1.154797,0.86842555,0.8002005,0.66834384,0.97651684,1.4686027,0.31356218,1.6713928,0.8259165,0.9942884,0.11631414,0.20453383,2.837127,0.68603325,0.0,0.61714154,0.23196477,1.2305186,2.1179237,2.2409165,0.6077535,1.281235,0.43738142,0.5922268,0.528819,0.7575766,2.6558301,0.20069742,1.7446367,0.90988237,0.32648346,0.82332945,1.3882464,0.8176979,0.82451236,0.59522665,0.6017695,1.2132683,1.3821595,0.031246169,0.2272402,0.430366,0.19957873,1.1979256,2.1261852,0.60657555,1.2223365,0.22799137,1.5820032,1.0110811,0.15516691,0.6337458,2.1107354,0.34577703,0.28450736,0.47503412,0.04208556,1.5888606,0.5071897,0.606446,2.7768526,0.17688122,0.29484856,0.05065546,0.8420622,0.29609177,0.6664137,0.15094605,0.80854034,0.5891042,0.19933727,0.43773603,0.00746855,0.055682823,1.9180095,3.1078584,0.7361331,0.34549814,1.3319962,1.3329935,0.8045282,0.67425007,0.90986466,1.5689745,0.87969846,0.019713167,0.4225614,1.4048976,1.7012304,0.30329412,0.848788,0.816906,2.1193979,1.6156958,1.4609295,0.6241222,0.5100798,1.7686743,2.002705,0.8686603,0.57163817,0.76177114,0.88994455,0.19015057,1.2617513,0.8066127,1.2285067,0.018179076,1.3937525,0.86035603,0.036337975,1.8668468,0.4461697,0.4782458,1.7418804,0.39696127,0.14300357,1.3024276,0.7717565,0.57060987,0.36967,0.5088933,0.029465111,0.5457182,0.5469084,0.5010528,0.49401096,0.030242017,1.7382818,2.2314692,1.6527609,1.4403516,1.9601676,1.734791,2.281635,2.9310877,1.2141227,0.8772775,0.0,1.214538,0.25893962,1.8256191,0.8181115,1.4643362,0.6215572,0.9802373,0.14699659,0.7894631,0.5988073,0.92403793,0.4675841,0.6900264,0.124727935,0.33736756,2.142325,0.40895042,0.6672722,0.6936907,1.0755286,0.7520449,0.15060045,0.85357386,0.4081603,0.123253204,1.686701,0.4556697,0.26325554,0.4579003,2.1665623,0.5422276,1.796243,1.0714289,0.6746519,1.1492097,1.7145189,0.027385645,1.0502168,0.35254824,1.5283153,1.6077489,0.019661698,1.1157755,0.8458677,0.9613407,1.363244,0.10444498,1.3488593,0.29283562,1.8690587,2.4638758,0.56358725,1.850437,0.17839164,0.17781267,1.6972926,0.25414267,1.5908598,0.11771734,0.8358667,0.8895016,0.11096954,0.14328302,1.1202374,0.4108889,0.21773322,0.2046821,0.07867799,0.74762315,1.6665792,2.5791726,1.3300787,0.6647476,1.7721697,0.36676005,1.0315765,0.7266828,0.048298012,0.9740918,0.29827425,0.8852458,all_pothole_images\pothole_images_new_image_973.jpg
0.19696745,0.7541042,0.049254384,0.80896664,0.86102855,0.33199427,0.36312515,2.2900171,0.9013385,1.455132,1.9539065,0.97778004,1.4050275,1.4067357,0.5788248,0.1824644,0.8639017,0.57512474,1.6004868,0.7876135,0.3352402,0.5374932,0.2943664,1.7908556,0.6820303,0.84879225,1.237645,1.3741666,0.94094497,0.50341415,0.020504767,0.018502155,1.1436993,0.7403657,0.42541483,2.0723236,0.7232619,1.7823187,0.006769199,2.0171278,0.0036902572,0.22773337,0.61337733,0.09094783,1.4295776,0.21427312,0.21145713,0.23589776,4.232355,1.1706635,0.752839,0.7007884,0.1399654,1.1702018,0.7880794,0.16718529,3.5851119,0.09160986,0.9631743,1.0291163,0.29704118,0.077909656,2.5908968,0.138486,1.3073877,0.53802454,0.72886264,2.0926483,1.326861,0.36301327,3.3245893,0.17899485,0.44608244,0.11137941,0.8217216,0.6901329,0.036033932,0.6764104,2.1190858,2.4445038,0.66081935,2.3009953,0.83691734,1.1233914,0.91671294,0.008803662,2.6430857,0.47716784,1.9157716,1.2959428,0.1575201,1.3680755,2.6611476,2.9094899,0.122764744,0.7308736,0.56983083,0.8126829,3.9547253,0.77711856,0.14512394,6.3139453,1.591738,1.3627573,0.4406811,0.23226936,0.9051156,0.766357,1.0009574,0.090981215,0.19563632,0.57265365,0.9159419,2.3394718,3.047709,0.40421078,0.58744717,1.9057409,1.4407715,1.690907,1.4737159,0.9810516,0.8340481,2.1562235,1.2100827,1.2973858,0.27339867,1.1587671,0.5570331,1.2744049,0.14593066,0.74935746,0.7353035,3.630873,0.21587932,1.0775921,0.25318018,3.7345188,0.25296494,1.6274192,0.32840633,0.23059471,0.3899916,0.9543041,0.26779923,1.4455663,0.7785413,1.783229,1.5057347,0.033073176,1.7183259,0.5741722,1.3561208,1.0218457,0.38744903,0.5513564,1.2357461,0.033073206,0.34442145,0.11615296,2.0991426,0.8436677,0.14464463,3.785701,2.639266,0.28513166,1.7399979,0.19598557,2.3310745,2.2578666,1.158868,0.38511378,2.6921427,0.07516358,1.9999808,0.24008802,0.019026322,0.41969493,0.40324938,0.88809353,4.350663,0.51792395,0.8101739,2.4607496,0.31551474,1.5669384,1.0979351,0.25124234,1.0787071,1.3185664,0.31688276,2.3236637,0.44413528,1.207847,0.71952957,0.91623664,0.06147799,0.10112899,0.559215,1.0206288,1.4718325,1.4055375,0.07006461,1.1610179,0.05668505,0.91802394,0.8768249,0.54112065,0.24479501,0.6347477,0.9361689,1.8389231,1.1912775,2.8653097,1.6202751,1.7550436,1.6597881,0.11642958,0.07110644,0.28279725,0.8114928,0.04272347,1.0719624,0.08131896,0.0360618,1.2288188,1.5665044,0.6305015,0.68776375,0.6830203,2.149379,0.5090642,0.13220459,1.2856638,0.002496948,0.10530094,1.3811872,0.17639671,0.5479484,0.3062334,0.93249804,0.0138158295,1.1045687,0.25149474,1.1030092,0.30934757,0.13953356,0.0,2.006228,2.0106997,3.0795004,0.1880785,0.37567863,2.1241846,0.08209591,0.92212903,0.19575885,0.801929,0.49354395,3.2566876,0.608137,0.159707,1.666124,0.38214818,0.16429694,0.04380264,1.8369534,0.14024638,0.35832036,0.151222,0.38832048,0.007981707,1.9423289,0.3527021,0.5318995,0.042818133,2.8171508,0.5947307,0.565471,1.4858705,1.1483828,1.029877,0.86455905,1.4309341,3.5303905,0.75334686,0.7797254,0.037350744,1.147365,1.6412706,0.38727367,0.060389187,0.035990983,1.0416359,1.1136718,0.91369206,0.9494553,0.2744429,0.66102105,1.6012735,0.25129032,0.36520106,1.0018754,0.9395882,0.79078203,1.2890849,0.6028366,0.6324239,1.1445783,0.31379247,0.71502316,0.8725938,2.1097255,0.5874651,1.5749328,0.43711293,1.2414331,0.71665037,0.09525112,0.13266577,1.977615,0.36279935,2.602386,0.14775188,1.1430135,1.7959845,0.23283465,2.3077762,0.56946605,1.0289621,0.42347744,1.0583091,0.11505344,0.9625079,0.35628104,0.33609226,0.28019348,2.2367737,2.5094826,1.5675405,4.470476,0.6945743,0.74173737,0.2651882,1.1831532,0.23929214,0.89026415,0.77550334,0.10544549,0.46220422,0.08755828,1.2170056,0.8081365,3.5447407,1.4582835,1.3360748,0.46006763,3.4011824,1.1690699,0.70526475,0.9834424,2.6945276,0.8412365,1.4314373,0.46465573,0.7892413,1.0579576,0.28095713,0.8644272,0.9163852,2.013479,0.1108784,0.018535718,1.4833182,1.2964624,0.59044415,0.020479707,0.19456583,0.07017732,1.2790945,0.9028344,0.27906433,0.29376918,0.9424991,1.0032307,3.0257406,2.2577994,2.3685474,1.9094346,1.4512188,3.3900301,0.028355028,0.6862428,0.13557562,1.0752707,0.11871008,3.1730897,0.039572,0.10281744,0.5009502,0.019577434,0.9861636,1.1169457,0.36743966,1.2229928,0.40114304,0.7507338,0.592868,0.3995542,0.46478093,0.63442403,0.75394243,0.09114575,0.06585278,0.046574295,0.89134246,2.9158585,2.322885,1.8255043,0.19661841,1.4753582,0.9495375,5.947665,1.4335352,3.204688,0.86202776,1.2091041,0.16504827,0.6717517,1.5793011,1.2195674,0.26479414,2.2575068,1.153439,0.13799822,0.81464463,0.39557767,1.0240198,1.8639003,0.94040275,0.6896714,1.3182734,0.21898708,0.040490102,0.9798116,0.24328877,2.0201898,0.9092063,1.0400529,1.0683327,1.1931422,3.4301844,0.10930578,0.3204832,0.4533741,0.66658473,0.55663043,0.9411912,0.6481847,0.59070486,0.7014446,0.101601936,0.003908291,0.34508124,1.7187403,1.2345831,0.3831631,0.2586577,1.0874949,2.65617,0.858074,0.47679698,1.5022259,0.57766193,0.7310059,0.36229208,0.41615707,1.2355763,1.0454522,1.7314469,1.5011278,0.92471325,0.6469216,0.54822487,0.03055027,0.34577674,1.0239954,0.52448153,0.106933385,0.37967378,2.0367975,0.8816081,0.7035442,0.030541167,0.29276684,0.13414627,0.47394294,0.6150865,0.39336947,0.5896469,0.23695414,3.62446,0.06228063,0.6940799,2.3061516,0.10553045,0.09237973,2.089663,0.8343586,0.33764803,2.5344436,0.94272363,all_pothole_images\pothole_images_new_image_974.jpg
0.13059202,0.25973994,0.08584058,0.69143325,0.65867996,1.5280619,0.25968292,0.16443726,2.6678262,7.263901e-05,0.11840231,0.030676367,0.5927572,0.6085042,1.1259472,0.14289975,1.0845101,0.53665537,2.1108596,0.80259144,0.7315629,0.12025608,0.2679196,0.17660339,0.19189467,0.0,0.19623543,1.802707,0.14897066,0.0,0.31644738,0.015883382,0.75161827,1.3617102,0.13602422,1.345515,0.6204466,0.084267646,0.77939403,0.007368637,0.453723,0.0,0.20701174,0.82223666,0.6652996,0.17088862,0.78994274,0.03787198,0.0,2.8892865,2.849079,0.5559059,0.44594094,0.4760371,0.6599652,1.2274386,0.20796141,0.33633262,0.026594434,0.85905206,1.6644953,0.015124148,0.18634862,0.090894796,0.02593741,1.3823061,0.82835424,0.0,0.1739296,0.0,0.42398736,0.22670093,0.20227763,0.4249756,0.71742535,0.010728922,0.33860993,2.475131,0.50752014,0.8744497,0.0,0.10122745,0.4174841,0.34684208,0.12912916,0.023802847,0.30057988,0.020868763,0.64343154,0.8278453,1.955951,0.05716314,0.009374997,0.10331463,1.0527972,0.0,1.000548,0.4229452,0.4268565,0.041919965,0.0,0.3102767,0.0035650327,0.00026427276,2.1305423,0.066670485,0.23041351,0.010668665,0.30463055,0.16543883,0.0,0.26259127,0.30841717,1.0037935,0.22402082,0.019019034,0.89836836,0.52092105,1.1950693,1.6992098,1.9222882,0.69401205,0.0016819546,0.7779226,1.1547986,1.1654906,0.92338616,1.3667045,1.5211182,0.008300584,0.037323654,0.47434762,0.0,1.5895952,0.22957294,0.2508796,0.03427171,0.46416208,0.15109546,0.0036307639,0.35144234,0.31339556,0.16918735,0.085956015,1.6507479,0.4279139,0.0,1.303206,0.14628205,0.45294422,0.108563855,0.45454118,0.030038385,0.31510785,0.8903913,0.970703,1.0790043,0.0,0.02239782,1.150471,0.932289,2.2289774,0.0036028787,0.26256636,0.090047486,0.27667075,0.56120795,0.13431172,0.79847515,4.6532607,0.16489767,0.09639502,0.0243891,0.06492855,0.21128003,0.49246755,0.4205671,0.011665336,0.40708616,0.027610375,0.049057078,1.3139523,1.6148071,0.26162317,0.41079488,0.33418837,1.1425952,0.79483694,0.29776743,0.04645187,0.0018092839,0.09144695,0.68781304,1.4543256,0.24273008,0.46615824,1.7148046,0.64696175,1.0602846,0.49268916,0.05731747,1.4030167,0.7213047,0.991949,0.29618782,0.0,0.41771126,0.006887239,0.3085714,0.2937478,0.0,0.018381314,0.31133184,0.03388625,2.8917117,2.876867,0.5213244,0.17798145,1.0404807,1.501905,0.0016840702,0.7985705,1.1135955,1.0390724,0.0,0.0017234038,1.0348105,0.08034371,0.9873164,0.3288469,0.06786861,0.0,0.08853777,0.34585077,0.7243506,0.51190865,1.5257459,0.025625456,0.6801261,0.14763232,0.39009085,1.3294297,0.6998704,0.7615649,0.47125757,0.20400451,0.16218589,0.019095678,0.20163657,1.9813017,2.9376028,0.120960586,0.040713742,0.33170113,0.9064756,0.40664366,0.13979769,0.8790123,0.20107888,0.06936217,0.09048978,0.65286607,1.0638585,0.37703237,0.0,1.4811871,1.0131366,0.3788147,0.0073427907,0.5622845,0.06715679,0.0028191495,0.22668079,0.1761518,0.14650694,2.5979934,0.08480603,0.99718994,0.8169052,0.35504094,0.1271525,0.41461828,0.310294,0.13688946,0.47387105,0.08263681,0.20947845,0.40979618,0.54718745,0.110498466,0.8333774,1.0454878,0.21069027,0.956497,0.023915172,0.010255843,0.328757,0.3398581,1.2171813,2.4244926,0.5748687,0.8373165,0.7688909,0.55283684,2.3051577,0.0,1.0162963,1.2146258,0.5887398,0.30653584,0.38257644,0.5835042,1.6075263,4.6790686,0.06423655,1.441333,0.0,0.71475714,2.1679494,1.5205956,0.09127502,0.0,1.367985,0.0068800338,0.32529894,0.40639102,0.3504034,0.014533244,0.0,0.30542082,1.9858105,0.6598769,0.46783283,0.26523608,0.027483571,0.20857614,1.325273,0.67592525,1.0261294,1.0365982,0.7886472,0.12527417,2.5344691,1.782219,3.4296875,0.4521492,0.20183821,0.4171095,0.14973682,0.84494483,0.30002537,1.0011393,0.31538913,1.049473,0.019260196,0.8815328,0.017668892,0.38200283,0.42785725,0.96570843,0.050148413,0.24784158,1.6398627,0.34198087,0.035914235,1.236709,0.59258246,0.1050843,0.2955886,0.0029845987,1.3478706,0.0020639552,0.4804522,0.0060820766,0.19491339,0.0,0.54339576,0.04360182,0.16367285,0.3012009,0.17036301,0.2997717,0.065453,0.48349527,0.83710164,3.0756178,0.49477696,0.52388614,1.0713342,0.47933063,0.3695071,0.23125975,2.0455465,0.24029502,0.10132885,0.07933457,1.380831,0.7609306,1.7650025,0.0002953644,2.9574964,0.0,0.6547958,0.13978606,0.0,0.28031507,0.13105983,0.27369124,0.016124334,0.06627159,0.9846473,2.0413516,1.2541592,0.04078281,0.10594138,0.085193135,2.4075513,0.48337522,0.12899356,0.00384051,0.9927396,0.59776896,0.10420342,1.4204991,2.7948089,0.30184254,0.25531632,0.11036108,0.6353377,0.381262,1.6443443,0.6345854,1.629674,0.11154563,1.246241,3.1334352,2.825944,0.176532,0.011338204,0.17156108,0.5095989,0.28259373,1.9196285,0.72051543,1.5836082,0.01148472,1.4079148,0.5772617,0.0,0.9801402,4.2869225,0.01731514,0.33708876,1.1183531,0.077549346,1.1263429,0.0,0.31593525,0.02916392,5.939511,1.0496309,0.078638196,2.2573836,0.4583867,1.0009968,0.3334239,0.64649993,0.0,1.32891,4.569819,1.4571078,0.23834994,0.2549209,0.0,1.389063,0.20884961,0.7746316,3.854111,0.57839173,0.8001855,1.1143552,2.4775589,0.2093111,0.0229017,0.30481392,0.23700169,0.060832996,0.77653533,1.642448,0.098763816,0.391427,2.2375035,0.0,0.2089264,0.0,0.0,0.19235645,0.0,0.0,0.056064866,0.44563928,3.6088562,1.0004946,1.5736421,1.853992,0.7368886,0.9531983,0.28542098,0.050759926,0.19037873,0.5722407,0.091719635,all_pothole_images\pothole_images_new_image_975.jpg
0.15906328,1.881829,0.87293476,2.2410278,0.57120967,5.114691,0.70192605,0.8123325,1.4094468,0.66166735,0.9105162,0.66232705,0.30676618,0.45802766,0.022161888,1.9348686,0.12795947,0.9053492,1.5033728,0.48261604,1.3209175,0.4411006,0.96201086,0.8769763,0.29704195,0.454212,1.6829993,2.317575,0.8521658,5.396288e-05,0.53482765,0.25470805,0.89695895,0.6661,0.0139806345,2.816225,2.294879,0.2002119,1.5660425,1.1523018,3.0088282,0.8245336,0.71118623,1.0590582,1.4385619,0.15403089,0.56015193,0.59383565,1.2583729,1.4449753,0.40168056,0.07008988,0.7484801,0.4459955,0.7694967,1.8221116,1.0763818,0.4513743,1.3688264,1.0777723,1.9844275,0.87687427,0.3397385,0.13556358,2.1248932,0.24679554,1.0959976,0.23488945,0.88980186,2.394534,0.6982541,0.9871593,0.19871198,0.2929662,0.93517303,0.14632203,1.7765794,2.770147,0.34293014,0.9811372,1.4713813,0.8573043,0.9294879,4.6538286,0.06375813,0.47403958,3.0900588,0.22308715,1.1966196,1.6391445,0.7041678,2.1057947,0.26382256,0.38584924,0.6836278,0.61480767,0.2666185,3.3814015,0.77582616,0.059226293,1.2690755,0.7863803,1.7053124,0.8887798,0.6254903,0.15679342,2.366106,0.3663267,0.012379771,1.1208705,1.9903742,1.0751096,0.063328214,0.91811126,0.031057859,0.9826504,1.2371017,0.8369191,1.110779,1.5730449,1.2868083,0.90814376,0.22832268,1.5686052,0.9593316,3.4249833,0.00860773,0.84851843,0.1828015,0.07889904,0.10160984,0.41377017,0.7354109,5.3861012,0.34259123,1.2071021,1.1368343,0.0704603,0.00980465,0.23703788,1.2014399,0.09316229,0.040628877,0.475327,1.2338008,0.060361966,0.60284376,0.5674896,1.3134602,0.84928393,2.029127,1.0075835,0.76340485,1.9465337,0.5807103,0.1276369,0.8454918,1.9715143,0.7086976,0.40991384,0.62240493,0.84710985,0.9348958,0.81826204,0.002081782,0.79641175,2.33105,0.25272548,0.38464424,1.2704413,2.138515,1.4889944,1.481917,2.3870325,0.81015575,0.4678948,0.07060772,2.960483,1.2625433,2.0298624,1.4321661,0.61739177,1.0145726,0.31308612,3.5608675,0.12639098,0.75689864,0.648629,0.6635845,3.3156254,0.2978825,0.012739732,0.7318196,0.6393159,0.54261184,0.39400712,0.8681583,1.529442,2.1788201,0.2468274,0.115860894,0.39806497,0.18107995,0.09563424,1.9547755,0.4382692,0.3230942,1.638132,0.2411083,3.2222672,0.206283,0.4779456,3.355704,0.5403375,0.8847608,0.9914038,1.8078847,1.2820812,0.39322907,2.503755,3.0375266,0.9654957,0.4435325,3.0021093,0.18514816,1.2247016,0.55018187,1.5413884,1.8423795,0.3936264,1.0308822,1.2698823,2.4290705,0.1948397,0.15674776,2.0070875,0.6330867,0.46670824,0.2126063,0.43727016,1.9785609,0.3873851,1.6267946,0.56761587,2.039605,0.054188155,0.7016383,0.15468301,0.66939497,2.6274154,0.1548033,1.5588746,0.0046778,0.54829764,0.0,0.4731249,2.7941248,0.6147652,1.1203097,0.19904229,0.7841404,0.1332178,0.0,1.734081,0.13906978,0.951805,2.718585,0.24101175,0.3697287,0.41738626,0.6000406,1.6895063,1.0645282,0.6195838,2.2492995,2.234808,1.5536754,0.61778396,0.42557812,1.6688939,1.9675896,0.063759245,1.7079093,0.07788365,1.5471034,0.5804322,2.4960299,1.2250518,0.18404785,0.5314246,0.23955727,2.6902633,0.6614581,0.36733207,0.82213926,1.499793,0.8086254,0.824097,1.3911967,0.8299732,0.24625015,1.739764,1.6792558,0.07195843,2.767066,2.501322,1.1422285,1.798529,0.48288983,1.8423798,0.59448946,0.13930021,6.2667274,1.1432626,0.09756022,0.44751754,0.7963565,1.985534,1.7528677,0.7392553,0.3131932,2.2853441,0.6207153,0.16374987,1.8282211,1.4631171,1.4558517,1.5142727,0.100244015,1.0967239,3.1648023,1.9457226,0.25076672,2.7466218,0.09648434,0.5282962,0.21877989,0.37259424,1.1386877,0.32932702,0.17849131,0.6288181,1.4909344,0.712201,0.07846249,0.38425288,1.0973619,0.387618,0.46728426,0.67911357,2.3312912,1.4043809,0.87970823,0.37509644,0.6866281,0.93813086,1.4126403,1.1989136,1.0166885,0.079306565,0.30482954,2.339789,2.4439707,0.041921377,0.71146625,1.9119794,3.0978155,2.052016,0.397148,0.15674186,0.81563574,1.3490112,1.2765763,2.6218815,0.20495185,0.13664334,1.2672194,1.897256,0.0076473616,0.90464485,1.2787765,0.3871252,3.757352,0.5965023,1.0299906,0.6970613,2.9858124,0.48276052,1.467037,0.86479545,2.7226083,0.55990875,0.67658806,0.46911207,0.83558816,0.09921377,0.3396946,0.1157877,0.16531438,0.29839438,4.238607,0.23214044,0.9053955,0.32720938,0.44657227,0.33587945,0.44105834,0.3422629,1.0262836,0.5310238,0.31598723,0.0,1.9273546,0.0038883046,0.09219214,0.5166458,0.41956624,0.5742253,1.5509198,1.1230081,1.5126065,0.107505575,0.45469308,1.2536558,0.85692203,1.1151524,0.6153309,1.4037261,1.7171867,0.15052956,2.1656723,0.4502508,1.6628941,0.38184804,0.13820925,0.5479064,3.520424,0.07565218,0.46123204,0.49460042,0.7336764,0.4983993,0.861889,0.5878343,1.6796815,1.0862935,3.0402658,0.8697906,0.35207456,1.8313615,3.3319528,1.4877126,0.47707108,0.397013,1.3232665,1.4253662,0.19114082,1.1841305,1.6056871,0.45548794,0.6602263,0.5624419,0.75747836,0.50778747,0.70812315,2.5598302,0.5495695,1.8133199,1.1773535,0.45970464,0.63292164,0.6917911,1.492215,0.86791074,1.9644262,0.6975544,0.7849748,0.5319735,0.30862138,0.14956394,0.4189404,2.1856413,0.9014773,0.065352276,0.36032334,2.2215164,0.84580153,0.005531589,0.4052347,2.9129806,1.4140033,1.9590905,0.048051316,1.3346419,0.607751,2.316361,0.1522332,1.0847749,0.5628832,1.5991846,0.38929737,2.3602376,0.6716113,1.5203207,0.5636277,0.0,0.5424772,2.054473,0.42078632,0.29620692,2.4952888,0.23048677,all_pothole_images\pothole_images_new_image_976.jpg
1.135023,1.5179143,0.8433665,1.3906806,0.08233076,0.12609458,0.38148034,0.6204576,0.20613144,0.17450003,0.018040923,0.29742265,0.26719958,0.48762995,0.60518694,0.043755706,0.72448945,0.0,0.974477,0.28225723,0.4094382,2.1819563,0.2729075,0.028153077,0.69898236,0.19644015,0.2075706,1.3996482,0.0016580062,0.023625458,1.8184621,3.3083976e-05,0.103038244,0.86823434,0.41083902,0.10275037,0.07369186,0.8186799,0.17120224,3.7821708,0.0141236475,0.3130628,0.11982425,0.6782169,0.2048638,0.109221056,0.0133650955,0.8001493,0.06814797,0.3156353,0.023896864,1.2963061,0.7403415,0.30516043,0.3441747,0.003126361,0.64542973,0.31905746,0.058852702,0.23501831,0.0046843425,0.7350526,1.0062637,0.027460117,0.0076278416,2.0843174,0.67103374,0.028601758,0.00015822661,0.13898362,0.28803685,0.3436015,0.1307899,0.0018849379,0.0002692524,0.5815621,0.3848638,0.45046216,0.0030717119,0.13053794,0.0034491047,0.5730985,0.05807272,2.6847904,0.5108424,0.8656844,0.43538517,0.033310626,1.5633537,0.4106896,0.0,0.0059334366,1.2923881,0.0049910843,0.121979974,0.30350956,0.97693557,0.76174194,0.30019322,0.15059009,0.18601424,1.5933357,0.26504803,0.805609,0.38692263,1.1834134,0.017080676,0.10352335,0.27490875,0.5373702,0.35533524,2.233444,0.78093284,0.102023646,0.34412116,0.30747274,1.7474524,0.3010353,1.3837755,0.5566303,1.3940971,0.042019036,0.29104352,2.8300028,1.1071062,1.9522957,0.6414898,0.03135104,0.29299608,0.7913439,0.94601136,0.014317584,0.05558441,0.489574,0.72742194,0.39095193,0.0018852875,0.20100233,0.2896572,0.08288297,0.033761237,0.04925956,0.09264471,0.30931804,0.0,0.2986551,1.0739589,3.1626897,0.031465955,0.2719505,0.4880786,0.7244746,0.0,0.1328574,0.40269983,0.017859844,0.16584203,0.23054244,0.025149316,0.22109568,0.7793617,2.0949852,0.42059585,1.2425401,1.2077491,0.06317987,0.9726906,0.34157488,0.5487401,0.92149556,0.15015998,0.048495945,0.039265513,0.004173175,0.94015986,0.004577565,0.6334479,0.17495762,0.0,0.20134316,0.08603231,1.2851917,2.2132475,2.57964,0.33674574,0.06302058,0.72455496,0.60349315,0.7009394,0.16098724,0.0,0.27530873,0.11055989,1.7367859,0.50035113,0.0017970308,0.24348903,0.25425658,0.0030526014,0.8833098,0.13971463,0.21926536,0.68740517,0.40881854,0.94675356,0.043759108,0.029313613,0.050867226,0.39467394,0.38469586,0.36693665,0.32228702,0.15858068,0.11059286,0.13852856,0.13928737,0.18758424,0.34927714,1.0973506,0.1258952,0.6883776,0.15840237,0.55641425,1.6164302,1.6121094,0.28597245,1.1766146,0.11659766,0.6330444,0.8972649,0.1193858,0.1963454,0.10697133,0.2702542,0.0042157294,0.050528135,0.7033038,0.31091475,0.33173385,0.2602188,0.06919029,0.118822604,0.68205065,0.19367544,0.37176797,0.13470873,0.11395662,0.26393753,0.5889221,2.463383,2.0804095,0.8044131,0.23264147,0.38788953,0.47111717,0.0116637675,0.09711041,0.10554994,0.5151039,0.5786913,0.15630934,0.077341095,1.6023827,0.37690347,0.4052566,0.61076427,0.18532966,0.35614917,5.2688746,0.17018928,0.12973996,0.0,0.0039083897,1.0225012,0.1889243,1.0267822,0.50679106,1.0464848,0.04125748,0.47588518,1.2788258,0.2531621,0.91057926,0.115246564,1.1870297,0.14821509,0.66236746,1.0385666,0.7416843,0.15765378,0.25406247,0.2507389,0.04781726,1.0226642,0.46657413,0.3381857,0.40108564,0.056638304,0.48209068,0.6394985,0.050359204,0.05445281,0.07542727,0.3829523,4.5498056,0.34068233,0.18756326,0.35513222,0.04796228,0.105495915,0.8767661,0.24801265,3.2631984,0.053199854,0.054045025,0.5490312,0.30661276,0.41924137,0.38672066,0.10308661,0.8947574,0.1614926,0.067419626,0.3616589,0.2365137,0.67685324,0.97198373,0.24160191,0.5893229,0.5908847,1.3854022,1.1461315,0.07126593,0.16017099,0.5690195,1.2208527,2.5928798,0.74992317,0.32496667,0.094802365,0.25749767,1.1846687,0.65804446,0.32417214,0.8037783,0.07769354,0.0,0.06304238,0.13877197,1.5197189,0.0,0.43725032,0.29280686,0.83578074,0.45101961,0.37782878,0.44494796,0.09898661,1.0493331,0.5826122,0.23929934,0.26327544,0.06472431,0.538762,0.030840805,0.30095378,0.7386124,0.2699874,0.0,0.51309747,2.0693712,0.27350935,0.02258402,0.29517427,0.31401914,0.016962282,0.95242524,0.09080912,1.1649069,0.12362993,0.8717676,0.10536656,1.9619539,0.9398151,2.7354646,0.74832714,1.0230933,0.2701386,0.06781396,3.159943,1.6907501,0.28727594,0.023256598,0.090953425,0.044770494,0.35815015,0.07788363,0.20816705,0.038421772,0.02106473,1.932915,0.61824286,0.11961238,0.8874146,0.54122835,0.003313822,0.32988945,0.8823147,0.011233939,0.14911167,0.25302228,0.92151695,0.82563144,1.0172123,0.068227395,0.1188025,0.13843301,0.75426126,0.1597123,0.057309426,1.9025228,0.1745732,2.5725331,2.6074343,0.7404461,0.19648676,1.497612,0.0,0.17437497,0.23182061,0.76752937,0.002899709,0.09756411,0.0,0.24304803,5.545948,0.9412866,0.0,0.21900561,0.6594757,0.2430183,0.96013606,0.29459676,0.016194494,0.3192507,0.0,2.5381868,0.7998075,0.31417796,1.3250982,1.3399531,0.5841658,0.15820734,0.6605922,0.5001149,1.245376,0.42363942,0.432673,0.021767246,0.19445683,0.38655058,0.01884576,0.0031628401,0.03956937,0.007948174,1.5197867,0.10193231,0.03279588,0.028694347,1.0959625,1.5491211,0.033523586,0.5551427,0.0021925785,0.10441297,1.2452415,0.0277862,0.008679416,0.1281742,1.1428038,1.076504,2.892912,1.0359757,0.00849501,0.0,0.9474725,0.2664796,0.065282814,0.62291664,0.34630293,0.097707905,5.0140743,0.023905857,0.0,0.15912943,0.0056002676,0.041332215,0.02681149,0.049625754,0.03682668,0.07964143,1.97954,0.0758085,0.55574846,0.9260162,0.20250931,1.1267194,0.67895085,0.09845392,0.6874868,1.3973734,0.97438574,all_pothole_images\pothole_images_new_image_977.jpg
0.1432674,0.6948574,0.12078281,2.1525073,0.33355317,1.1286596,0.39971036,0.042810634,0.2039994,0.33692363,0.2181283,0.23142397,0.16010699,0.41507226,0.055192046,0.4740377,0.1425704,0.11591066,0.5037198,0.00030576275,0.8135447,2.2617044,1.0027416,0.16523895,1.1232942,0.1705063,0.041928314,1.7658988,0.1958266,0.13386124,0.43665516,0.5972492,1.1053606,0.3636726,0.42939726,1.6462303,0.3453064,0.90527993,0.23970655,1.1891817,0.112357445,0.0011698634,0.34947857,0.5712177,0.91426915,0.17572317,0.4004568,0.06098754,0.63980156,1.7721587,0.9412458,0.0013944912,0.013130403,0.91378874,0.09377892,0.881897,1.0132779,0.018246748,0.6247596,0.18950756,0.33897147,0.23341411,0.8536781,0.20261891,0.17764069,1.7947359,1.2244871,0.06286848,2.0440106,0.011050702,0.2114261,0.06842072,0.5844086,0.030321432,1.2460594,0.31027946,0.29887724,0.61229557,0.11616386,0.075699866,0.0031006476,0.32995495,0.52653635,1.4953928,0.72762436,0.12552775,0.14379291,0.52144915,1.4091167,0.55454177,0.092526354,0.17431897,0.006123465,0.591963,0.9528105,0.0505412,0.074419506,0.056132894,0.8913049,0.29030466,0.14768597,2.5048203,0.6517029,0.064463325,0.14293848,0.025232032,0.5104485,0.44551355,0.13045993,0.35463923,0.03341376,1.6189849,0.20934556,0.14231674,0.8107748,0.12500429,1.4402341,0.17231731,4.839003,1.395344,1.5310287,0.18186565,0.05695406,0.98826146,0.5012711,1.7541893,0.034220528,0.9392359,0.32765114,0.0827865,0.6296337,0.0,0.13786474,0.00055635173,0.06967897,0.69395274,0.16040415,1.1912014,0.5120852,0.011187923,0.08109299,0.5768974,0.17417802,0.6622826,0.0,0.44625783,0.07122157,0.0040719397,1.0034714,0.7425675,0.3776267,0.09386416,0.5647553,0.124911994,1.3898458,0.85522085,1.2796079,0.10982606,0.3749258,0.5937989,0.13660751,0.5566256,0.15677172,1.1082612,0.0040455605,0.7156947,1.4240822,0.032300618,3.0846272,1.2020094,0.0,0.0,0.0,0.0,0.68218,0.012599747,0.0,0.010182035,0.5285434,0.08677371,0.062267072,3.2690609,1.5103012,0.47400248,0.71453464,2.1571033,0.10981369,0.5561186,0.547519,0.74991137,0.11105267,0.0593648,0.0,0.6578438,0.61891615,0.05920444,1.3477784,0.23349279,0.6859322,0.092644885,0.63924295,0.3196431,0.1946951,1.5920453,2.2251098,0.27504402,0.36184466,0.5543485,1.4870988,0.30314252,0.0,0.033861723,0.75768137,1.7111533,1.2838188,1.4685405,0.23457903,0.067329295,0.32010606,0.7925922,0.0399367,1.1639584,0.6746,0.76579255,0.016085647,0.11420326,0.8757042,0.18892962,2.5793228,0.60090107,0.0,0.0,0.3522376,0.05567567,0.79312545,0.20626184,1.7609377,0.0064621717,0.08871326,0.4445968,1.2075607,0.30610162,0.023619968,0.024528831,0.49083358,0.0745735,0.6244261,0.17238864,0.0,4.0930943,2.1358852,0.31808752,0.45977253,0.16994879,0.006228763,0.6048194,1.0004064,0.33756703,0.2578771,2.6238484,0.016796825,0.51324093,0.7553517,1.47193,0.3347243,0.25066322,0.104541175,0.09642007,0.36305976,0.21145643,0.11244692,0.044402756,0.42922,0.011970195,1.1651337,0.37572736,0.7145829,0.15189315,0.7065553,0.2372735,0.26082882,0.16745369,0.21173559,0.36787018,0.7613225,0.4142871,0.9258062,0.17751555,0.80269206,0.61684173,0.13737792,0.17771047,0.0050011147,1.1667901,0.23341046,0.21163866,0.088549614,2.671387,0.5895233,1.8124248,0.10210855,0.7264596,0.49488276,0.21016864,4.914014,0.6585927,0.6562907,0.39747658,0.16960989,0.38101798,0.48691475,0.3103464,2.9363213,2.199805,0.5312601,0.20791502,0.16335838,0.7248974,2.383828,0.44864607,0.19343713,0.0,0.30602366,0.37991893,0.6590945,0.86742413,0.50189954,0.008684552,0.2861099,0.07924087,2.0459,0.6737223,0.11110033,0.0,0.20731768,0.06951453,0.31854093,0.012704001,0.23511441,0.6743192,0.68496,0.24419387,3.841505,0.11158782,0.73935264,0.59413564,0.29410556,0.26214522,0.62713635,0.5936199,0.6776316,0.78676885,0.50645673,0.42631662,0.018457277,0.1112603,0.0,2.8477407,1.076621,1.1210382,0.007115611,0.09755778,0.3563937,0.014448652,0.0674375,0.1899343,1.0604194,0.20312558,0.05073562,0.0066772895,0.524228,0.028507568,0.8227877,0.06370935,0.42411727,0.25250536,0.049188644,0.33279067,0.867867,0.0076743267,0.39956924,0.024595097,0.2350448,0.21001212,2.814963,1.7892859,1.3246185,0.0025230239,1.3007022,0.7611225,0.4929488,0.51364225,0.21191569,0.6593196,0.0038961917,0.42844334,0.5175807,0.12551619,0.053395435,0.6501745,2.5479755,0.005115383,0.14311968,0.04019123,0.7912498,0.06004045,0.46369043,1.1668262,0.36781886,0.116184905,0.7587836,0.0733191,0.045066487,0.05388028,0.11612134,0.005415191,0.58324045,0.049850624,0.31181052,0.22689453,1.8187016,0.08917891,0.96951944,0.8303242,1.2322037,0.020973662,0.14862107,0.53273666,0.40710622,0.3861101,0.9647956,0.1480704,0.29938978,0.109263025,0.84836924,2.5812783,1.7414607,0.8431189,0.16711906,0.9061709,0.31544518,0.552478,0.34606782,0.4200773,1.2528694,0.0022440678,1.0770372,0.19358008,0.02110734,0.45036206,0.36231256,0.28324458,0.66817075,0.59357053,1.6379293,0.744693,0.9092416,0.66358197,1.2720584,2.111071,0.2518995,0.1627868,0.9826925,0.1610464,0.505585,0.8270424,0.0060819285,0.07846616,0.17863834,0.26594427,0.17055768,0.7078527,0.42900115,0.3831505,0.3925859,0.00081260095,0.4382963,1.0815021,0.21844319,0.18885297,0.13923582,2.6633162,0.492046,0.016470661,0.10980345,0.09762326,0.68747634,0.2788617,2.0620713,0.011896019,1.5202311,0.83166564,0.62863463,0.2126313,0.31427592,0.051041953,0.16134672,0.17199136,0.0026582151,0.4147335,0.1562327,6.0734973,0.7586653,0.05845283,0.2453398,1.2210222,0.096388325,0.00057468907,1.9591291,0.6064386,0.04130937,0.19679981,all_pothole_images\pothole_images_new_image_978.jpg
1.7700796,0.17491305,0.023424275,1.9219775,0.17807661,0.080204226,0.306402,0.46761805,1.7319658,1.947901,0.22715639,1.2758178,0.0027657035,2.511683,1.0620986,2.4860375,0.80526483,0.5864443,0.9423343,0.29447663,0.45352015,0.30040538,0.73047924,1.0775353,1.3747865,2.565664,3.754784,2.1024332,1.6636578,0.012150217,0.16036654,1.1123885,1.7460619,0.65762097,0.47512138,0.20148303,0.0,1.2322556,0.69076705,0.62691957,0.0052493103,0.6452215,1.7247702,0.023655435,2.2696297,2.518746,0.8520971,1.1825833,3.32988,0.87873137,0.6847232,0.07074521,0.08904678,0.267899,1.134322,0.10513064,0.883633,1.4705368,1.7447342,1.0684901,0.019916167,0.10664848,0.31207657,0.36155847,2.0037713,1.1453297,0.96482044,0.6192553,0.5087779,0.0011951332,1.8157616,0.773786,0.4279104,0.45392,0.9236299,0.6887555,0.24747895,0.508321,0.40749675,2.2245677,0.7035835,0.56251305,0.09210075,0.5211789,0.9281208,0.31930286,0.79011697,1.2073163,1.0712857,2.44661,0.19972149,2.3918605,0.86417323,0.32593185,4.566042,2.077781,1.789143,0.5577429,1.7380397,0.61516243,0.0,0.0709704,0.25974202,0.54789984,0.7099145,0.0,1.2944134,0.80904984,0.20718747,0.14670497,0.0004076788,1.4140487,0.75071794,0.01622538,0.6681709,0.0,0.45005113,0.7188861,0.6663938,1.3964584,1.5319649,0.23036838,0.1815182,0.5714843,0.033042636,0.70303816,0.803225,0.06608373,0.6589572,0.13297576,1.5651363,0.16711783,0.22091524,0.7697299,0.0,0.44267187,0.0,0.5924227,0.50369483,0.013248952,0.4402252,1.8876848,0.89628893,0.20889562,0.51724154,0.49464983,0.52711546,1.3288412,0.54477805,0.6386794,0.20102882,0.06732033,0.463962,0.08903606,0.062769964,1.6973381,0.02152032,0.020510303,2.859904,0.19231619,0.605317,1.5299178,1.9150914,0.0,1.6636838,0.7419114,0.10774816,0.5306456,3.1132967,0.3463415,0.32390144,0.96400476,0.13548994,0.58370966,1.2831455,1.7649847,1.3163111,0.017829843,0.66313916,0.22824499,1.5847745,3.5788717,0.36028525,1.4303657,0.23826556,0.56900185,1.8875153,0.7414661,0.74929607,2.0813055,0.24571946,0.37439486,0.5415981,0.80309993,1.6918126,0.8666515,1.1112173,0.80698425,1.3213161,0.27986592,0.9283707,0.25868288,0.5184511,1.3453782,0.033645995,1.7147721,0.96211326,1.1414049,0.59643316,1.2976483,0.029899957,0.2686727,1.4339151,0.547997,0.108703494,1.7110549,0.6981678,1.3307927,0.19908646,1.7028844,1.5370829,0.18676087,3.3500478,1.3837103,0.11755753,0.20491081,0.3750787,1.6979685,0.6802969,1.1872423,1.8872768,0.124466814,0.37506664,0.94332045,0.27965677,0.805124,1.6934792,0.872065,1.3537405,0.8544235,0.19672887,0.3199377,0.38182107,1.0291408,0.5555585,0.01640395,0.3949459,0.11014763,1.3996078,3.7761571,1.8594618,0.82125664,0.026586365,0.5268942,0.10651277,0.07651639,2.862367,1.7507645,0.86309624,1.4027151,0.012318035,0.89794755,0.5847983,2.5586143,0.19041279,0.72174025,0.51239073,0.42627564,0.8492288,0.9225096,1.1940256,0.08475297,0.53414243,0.8259495,0.71537125,1.2194852,0.04101544,0.51428795,1.2341,0.021368021,0.09606322,0.34714925,0.023625728,1.4331998,0.63378406,0.5358481,2.218277,0.7555908,0.12304004,0.09673441,0.09038129,1.2823296,0.17447676,0.28250453,2.9974418,0.15609394,0.95530015,0.045044303,1.0139499,4.2313,0.17559008,0.66912264,0.18846981,0.2701562,0.2653526,1.2429737,0.40693608,0.019797424,1.125057,0.320583,0.66861427,0.09714792,0.27517536,2.020826,0.8890405,0.17755306,0.010294391,0.5157354,1.943824,1.3875982,0.53292745,0.11841422,1.2369437,0.82989156,2.2218173,2.5470145,1.2766608,3.5106668,2.2429636,0.5513242,0.6830782,0.16062926,0.124489285,0.69029754,0.73780143,0.52527755,3.5727174,0.14726017,0.7333409,0.6569659,0.45792413,0.2851245,3.6191432,2.247971,3.1999435,0.26297376,0.38291505,0.54090136,0.15037595,1.6612148,1.675151,0.4668466,0.55520064,1.7674614,1.2555579,2.6174788,0.024118168,1.2993937,0.7972102,1.3299868,0.8434276,1.7968446,0.28682107,1.2440219,0.090385474,0.85328764,0.18067807,0.69608396,0.06417413,0.8198481,0.8286863,0.26091245,0.034561124,0.09838602,0.3455779,0.0035112833,0.1399343,0.1736453,0.29544646,1.3731736,0.92176706,0.0,2.5791621,0.6894661,1.7022446,0.002278828,0.45872882,0.31949842,0.30789563,4.8363633,2.0262702,0.37939242,0.016781924,3.3812866,0.014522622,0.50860757,0.89974415,1.8539034,1.0036942,0.05037384,0.11629674,1.8952596,0.4418671,0.085306495,0.0,0.19225982,1.3774933,1.1800927,1.8194035,0.6268011,0.2081524,0.8276488,0.06915925,1.9496211,0.67746186,0.3395157,2.1613636,1.67674,1.8729861,0.8485214,2.7187986,0.48569992,0.0,0.14853045,0.78250074,0.109770566,0.7215631,0.057537477,0.45537886,2.7550397,0.03738332,0.7414439,1.0481113,0.1376652,0.4744853,0.98321897,1.6265712,1.1366221,1.8913165,0.20163843,1.288489,0.44044295,0.11694577,0.40496728,0.29277477,0.86012983,0.15325245,1.3531755,1.1153821,2.0494826,0.28735778,0.9301661,0.45239824,0.23682584,0.9969265,1.6657109,0.08675811,0.7607822,1.3694328,1.3874273,2.2047596,0.7019971,0.21430062,0.03042475,1.1787707,0.7435885,0.7912694,0.11910103,0.84802663,0.19598065,0.07355902,0.07805096,0.25019234,0.21442243,0.42944056,0.09657988,0.17256908,0.8430342,0.6066278,0.1092434,1.271776,1.2026175,1.1994629,1.3466212,1.8841751,0.15858617,0.068639696,0.88997334,0.80343986,0.0,0.24713695,2.15483,0.026420152,0.118918724,0.14346066,0.2188624,0.42689377,0.42625865,0.059528057,2.0262907,0.11612185,0.9799263,0.8374459,0.19667502,0.36349422,0.33175993,0.3757429,0.5046303,0.19063269,2.2587106,0.13614117,0.720184,all_pothole_images\pothole_images_new_image_979.jpg
0.08157298,1.718362,0.10060793,0.94096845,0.18242186,2.4358845,0.651358,0.27277657,1.8966556,0.106479056,0.022464616,0.2886868,0.6160757,0.43810177,0.4228534,0.08950445,0.056524538,0.18108298,0.37792808,0.40652013,0.58037597,2.167847,0.37528163,2.1130548,0.1754002,0.20433001,0.078080475,2.8717856,0.3628463,0.63963825,0.92331,0.11028494,1.9097867,1.0368531,0.4452362,0.47024807,1.0111691,0.23023418,0.03674862,0.022296716,2.0757601,0.7233964,0.069086164,0.12771901,1.831268,0.021767993,0.754388,0.03317815,1.7114376,1.1089568,0.3385184,0.22281253,1.0712132,0.13889764,0.21512058,0.8917225,1.8173463,0.3139347,0.4948846,0.9418016,0.13405645,0.9694517,1.651272,1.6092354,0.16040333,1.298159,0.784156,0.3629424,0.4175523,0.93150485,0.32338408,0.6396397,0.3092109,0.6683294,0.6358764,0.82759804,0.2285621,2.3364642,0.57604176,0.020618943,0.5869331,1.3018975,0.96188647,1.4779965,0.09648723,1.5469416,1.582156,0.6114401,2.803546,0.23528121,0.60930264,0.8435601,1.2663622,0.75515544,0.9730155,0.008249831,0.48244658,0.21713422,0.93651426,0.34575868,0.263615,1.7863781,0.6851914,0.8324,2.3560205,0.393872,0.68932176,1.5681765,0.33478194,0.7459362,0.44220427,3.1036346,0.8853157,0.3383881,0.6870701,2.5796618,2.1469297,0.28912646,0.08443419,0.6692581,3.0189152,0.70282567,0.14571114,0.6442807,0.021146683,0.56103176,0.95450044,1.0488648,2.4428842,0.001323848,0.14237961,0.6805725,0.665194,0.9377302,0.027418725,0.9713955,0.08523831,0.9272381,0.10550567,0.2924112,1.3805078,0.87922454,0.43862325,0.1698471,0.9664895,0.6176877,0.29052818,1.2349856,1.4982591,0.040431663,0.069703445,0.15425591,1.7397647,1.4341547,1.1187617,0.63310176,0.914646,0.3554872,0.25180885,0.17674786,0.48862535,0.77677983,0.0155360205,1.8597296,0.54315,0.48796058,4.2665524,0.13413595,1.8894933,0.47290477,0.38575962,0.7121043,0.069957346,0.2658346,2.4715002,0.5918576,0.888674,0.05743296,0.6014168,0.834449,0.04269878,0.6131981,3.0443614,0.6850446,3.2850444,0.271857,0.52781546,1.9211339,0.9384786,1.0965302,0.41020125,0.72477674,0.15760888,2.6341066,0.14305137,0.03255181,1.4575319,1.4489616,1.3920423,0.7042873,0.45445725,0.97337854,1.9298497,0.070498094,0.25732207,0.4516454,1.7899375,0.25502226,0.9457157,2.1344044,0.07964799,0.21192007,0.025259534,0.15361646,1.691275,1.6202408,0.19675961,1.4771796,2.4932477,0.77102506,0.80797786,0.12298957,0.377195,0.637535,0.20868774,0.56646377,3.0548828,0.317023,0.6528079,0.13637711,0.7977784,0.03704652,0.85670483,0.5919666,0.9975815,0.6646876,1.8827231,0.69223255,0.8841704,0.8103733,0.33862215,0.49354598,0.27328667,0.9000669,0.21638183,0.8212591,0.61381155,0.2643693,1.2447896,1.7326539,3.4064271,0.25041363,1.1689916,0.012701889,1.5959587,0.8647764,0.20326096,0.41870397,0.14982887,1.6445689,0.087260686,0.5172907,0.13442643,2.033432,0.22856638,2.5016215,0.040724978,0.14371592,2.3004568,1.1635748,1.4291027,0.24801388,0.0025845568,0.64546275,1.0444758,0.5009595,1.9790329,3.41126,0.036249686,0.17007886,0.3511365,0.6947121,0.21283247,4.1727457,0.20490351,0.5324318,0.36866924,0.07512888,0.23095068,0.14187883,1.167633,1.1397222,0.970858,3.4926825,0.44779593,0.17044963,0.3473188,0.20474163,1.2756253,0.0,0.41592935,0.24567786,0.16765836,1.0939754,1.7544082,0.9014125,0.0069726016,0.5228407,0.7959481,0.52459294,0.17273217,2.0560331,3.848092,2.5755486,0.82277286,0.625785,0.17067197,0.21467832,0.7289038,0.41712075,1.1275746,0.7392141,0.31966025,0.73080975,0.8873251,0.31817883,0.28788835,0.05846226,0.89826,1.1564353,4.174586,0.0026847676,0.44608516,0.41840672,0.10064888,0.023347815,0.14539972,0.80520767,0.31137404,0.7814477,0.508576,1.0155,3.0647378,0.25854057,0.83694243,0.4762224,1.6569637,0.12789172,0.54566383,0.68757224,1.9686335,2.2304418,0.28069815,0.18914688,1.2027209,0.10314621,0.47700945,0.34895465,0.81539214,0.18885729,0.0062394445,0.56365037,1.5679097,0.9066406,0.12911351,1.6554105,1.3235871,1.95939,0.82528925,0.22189574,0.39137924,0.6635401,0.35615507,1.2092091,2.5911083,0.087495625,1.0748783,0.92612547,0.5300978,1.2269182,0.21336988,0.38158688,0.68698525,2.3176394,3.1296666,0.12792885,0.9574777,0.18237662,0.118355826,0.23996048,0.29527748,2.2833354,0.066875786,0.9499469,0.08109941,0.275089,0.4894797,1.185677,2.5068529,0.39556137,0.29007357,0.3908072,2.3746514,0.3964632,0.093246534,0.40993124,0.5158882,0.46656963,0.16642447,0.6265771,0.050226852,2.2911844,0.53050107,0.0762485,0.8315649,2.078157,2.3576384,1.6586126,0.8870595,0.6778824,0.13149099,0.43804875,0.2660697,3.9508598,3.0112045,0.37983957,1.5344759,1.5401232,1.097879,0.42108014,0.7924484,0.901822,0.25362223,0.66358036,0.12195694,2.6770506,0.89160496,2.4459944,0.54408175,2.3591344,0.08918213,1.0421501,0.5955076,0.04477671,0.19350079,0.8838387,0.4506979,0.5409978,0.03208599,2.6312494,1.1031321,0.55653113,0.6228587,0.37987754,1.6372001,0.9179678,2.3147776,0.49489608,0.99664265,3.018257,0.19754507,1.1229246,2.1162958,0.33816713,0.81638616,0.7928708,1.3229321,0.11983649,1.7240888,1.9314916,1.7328959,0.99322647,0.2795197,0.07852897,3.0854127,0.33369437,0.7978267,1.5716035,1.4012136,0.10571318,0.7379614,3.4467218,1.4065477,0.8341957,0.25375938,0.0013452368,4.5127525,0.45455807,0.98507625,1.010822,0.19416764,0.6107049,0.4177068,0.21584292,0.39648685,0.0,0.26327032,1.1871659,0.7595948,0.9996816,0.39733472,4.428679,1.4684993,0.4161675,1.1099293,2.2199016,0.72167486,0.7939964,0.10261647,1.0386466,0.65141374,1.2836641,all_pothole_images\pothole_images_new_image_98.jpg
0.38124084,0.5569943,0.9574413,1.3819276,0.75460213,2.6956823,0.3809356,2.9664526,0.22751138,1.0942632,0.11772553,0.49752018,0.14719607,0.34235242,0.33405042,0.03529148,0.06692689,1.323874,1.0967835,0.22928914,0.17429425,2.581513,1.6296456,3.0263386,0.2505355,1.2725824,0.4099479,1.1371958,0.46004617,0.70443326,0.29687765,0.18489921,1.3719121,0.2224823,0.036150914,0.8960281,0.73856837,1.1861165,0.4569579,0.94000804,0.95884347,3.1610606,1.7413498,1.7304918,1.0403322,1.2456778,0.3864371,0.062075544,0.8699238,0.087366305,2.2342916,0.5537425,0.5409507,0.29792047,0.20673513,0.6781418,1.75599,0.054537687,1.4722567,1.354658,0.41482005,1.3264327,2.2449539,0.29166025,1.6174755,1.6937405,1.3688293,1.189218,0.3637155,1.5071195,0.59520775,0.1253721,0.46621227,0.081312746,0.41703072,0.58911383,1.0640452,0.79046506,0.048874144,0.3680069,0.18555781,0.0,1.261435,1.0042253,2.7098536,1.4338385,0.7926862,0.17017853,2.3532093,0.51707816,0.09961844,1.7527341,0.10358059,0.27572376,0.2771904,0.10541089,0.22695747,0.25758728,1.5095919,0.5932482,0.059575565,1.6843013,0.88278705,1.0768722,1.0568509,0.023477895,0.2372543,2.1008961,0.8481482,1.0086468,1.6317359,1.5794332,0.8171159,0.17562659,0.43008313,2.466282,2.025389,0.46381354,0.06269893,1.6764132,1.8032027,0.42615974,0.9846983,2.7304428,1.2593579,1.0469075,0.85837007,1.5796154,1.7251441,1.4817642,0.2695216,0.9640584,0.99473995,1.638117,0.03291433,1.1733902,0.21660799,1.5612469,0.23810706,1.027196,0.92407227,0.81214094,2.0068774,0.37112224,0.0,1.2635871,0.9275687,0.48418167,0.84118813,1.4202516,0.36583865,0.31652406,0.17969014,0.68355334,1.4675481,0.07379381,0.113293596,1.2590139,0.08078257,0.79529256,0.6061977,1.1399927,0.1925241,1.1138245,1.6707678,0.70328784,1.3478919,0.065952405,0.85748214,0.4546536,1.6797725,0.21653093,0.35163614,0.27096203,1.9948142,0.2975085,1.5439351,1.090441,1.1541688,0.2485548,0.30713838,2.3860986,4.1192164,0.42277652,3.2854915,0.2849974,2.1453953,1.053667,0.0071311863,1.9353391,0.99704003,1.0516986,0.019488132,3.018387,1.3265053,0.06275504,2.2332609,1.0598563,0.29262057,0.7821054,0.45008552,1.0029398,3.6265981,0.2759505,0.5721076,1.2973498,0.66244835,0.94821334,0.7762381,1.2150412,0.29559416,1.2058154,1.4433753,1.619044,1.7825949,0.4711591,0.16135038,1.5230197,0.50606334,0.27813372,0.26848373,1.7324033,0.06437006,1.2749006,0.00029286303,0.45400771,0.9311499,2.265531,0.97615063,0.024551617,0.5429063,2.1052613,0.840095,0.3714802,2.616688,0.034864884,0.43558452,0.5124107,0.16906808,0.11132676,0.9721142,0.05033245,1.5035601,1.1448147,0.37558085,1.0611259,0.3042196,1.1333591,1.5088953,2.601727,1.4761041,0.004127671,0.50009483,0.5608872,0.12525341,0.7232101,0.53556854,0.7664434,0.96235096,1.2435807,0.049348615,0.21579859,0.44599232,1.1811806,0.26022038,3.1431,0.21273921,0.22287248,1.021123,0.23745953,1.1552302,0.43972853,1.0284746,0.37340894,1.0516908,0.8182545,0.45232493,1.7230719,0.17184977,1.3876433,0.55234694,1.5279783,0.43850473,1.1511314,1.1914517,0.9167006,2.4843545,1.5687221,1.1385909,0.08755999,0.26858583,0.045153663,1.3257225,4.087156,1.3565524,0.3087619,0.5603416,0.44487017,0.27104568,0.73215014,0.0,1.6204602,1.1959901,0.4456612,2.606868,2.8018556,0.6312318,0.6733808,0.6561852,1.23422,0.3747959,2.493501,2.3286366,0.6127215,0.6829052,0.22814833,1.0456011,1.1230981,0.7452747,0.29586467,1.0947262,1.9879906,0.4339066,0.31721056,0.84891117,1.1751714,0.59685606,0.28929982,0.92198646,1.3171463,2.3912923,0.0,0.76111203,0.74421805,0.21031687,0.68023485,1.0737743,0.8921032,1.2360284,0.5316308,0.33031213,0.6874383,1.0237504,0.11418065,0.34673855,0.14332077,1.0194724,0.0,0.029726354,2.2561493,0.8698508,0.4920216,1.3558763,0.31466526,1.2097437,0.263447,0.7230575,1.6384721,1.0428972,0.2464524,1.8397427,0.05196436,1.0508317,0.5311122,0.005173892,0.20416108,1.6967307,0.80038995,0.13911371,1.8206936,2.0349827,1.5591954,0.19311996,0.24797301,1.7641894,2.702529,0.9146373,1.2023692,1.1772051,1.45984,0.06833199,0.64722073,1.4109743,0.33049726,1.5411551,0.4337497,1.2770317,1.1892644,0.2208723,0.56032336,0.9875751,1.2672005,0.13522023,0.1678387,1.4294771,1.4319745,1.0901653,1.4355705,0.8397049,0.2622473,1.4016527,0.55823743,0.5219434,1.1721075,0.51252264,0.51922995,0.6139355,0.26612127,0.45485523,0.8246142,0.16164736,0.55960006,1.2204254,0.22786175,0.33171067,1.0912924,0.6543158,1.2489378,0.34707138,0.45684364,1.0183995,0.54987943,2.8975835,2.2630668,1.2983164,0.20734316,0.48780861,2.5897822,2.9214048,0.23143522,0.18913142,1.9035128,0.22947969,2.475192,0.7555103,2.2632577,0.70381135,1.4969839,2.005256,1.2600788,0.6175847,0.4953569,0.14298359,0.36555547,0.4106629,1.2885474,1.1191097,1.2220653,0.519452,0.4514518,0.6580416,0.04423092,0.2971253,1.349488,1.5035522,1.6603701,1.3191696,0.41509372,0.34040248,0.4647014,0.7098924,1.3529582,2.6368978,0.030756235,0.22461163,2.2411764,0.39745802,0.87768435,0.3488907,1.6503654,1.1518596,0.9182361,0.14013214,0.5715873,0.24984823,0.34733948,1.1415666,0.39561278,1.392068,0.4973297,1.5710698,4.828091,1.0820159,0.62698257,0.003894464,0.8588453,6.327775,0.06361279,0.41328257,0.41121337,0.24427426,1.6936599,0.087323524,1.7597061,1.2494247,0.15218876,0.56263626,0.5417275,1.0024426,0.7830383,1.5122727,2.2826777,0.78236836,0.77396834,2.6897597,1.1071203,0.45777735,1.2234491,1.2340494,1.1490861,1.070751,1.1448183,all_pothole_images\pothole_images_new_image_980.jpg
1.0094892,0.3945367,0.18829641,0.7250957,0.323262,0.10367006,0.5950633,0.0045143273,1.3061869,1.25358,0.1541511,0.039362118,0.74323004,1.2320383,0.07167895,0.1522534,0.3598584,1.3262881,1.5005647,0.77243346,0.875679,2.6004655,0.17694266,0.00015693415,0.8756477,0.5307186,0.0,0.74173737,0.0,0.22581202,0.059462473,0.0,0.18368466,0.07726422,0.21725433,0.49423677,0.9651245,1.0478152,0.09450392,0.032932427,0.06732243,0.28830388,0.13832207,3.4478168,0.16732664,0.29478467,0.35258436,0.18368766,0.78922284,0.42876256,0.23720452,0.27124545,0.28949386,0.3318286,0.7753358,1.8696262,0.7773583,0.5463565,0.8195692,0.11339946,0.4849315,0.6375877,0.13977562,0.16352576,0.6299513,1.1804827,0.33701897,0.09622749,1.8273646,0.95155954,0.89034235,0.00835795,0.2008621,0.76431483,0.31171086,0.026453387,0.11696424,0.13819389,0.004652492,0.00860386,0.36966836,0.7328919,1.7953645,1.1483268,0.023367373,0.0076302183,0.549483,0.33115098,0.28407645,0.55440515,0.5532045,0.7651634,0.10262696,0.8533371,0.0785734,0.0,1.0562868,1.5612092,0.039696895,0.48493308,1.7615341,1.06131,0.35803622,0.0,0.026671292,0.29714498,0.33033803,0.5119804,0.056144495,0.13356695,0.22611026,0.29739615,0.39478824,0.048294347,0.8733883,0.12309478,0.66758585,0.11907715,2.794495,0.21383953,2.4014826,0.03831319,1.2872216,1.5342479,1.1996852,1.8758458,1.1858462,0.7406963,0.22157791,0.3408266,0.1251861,0.022082878,0.2593815,0.107851155,0.47896373,0.6545782,1.0114102,0.32026455,0.96908873,0.10552966,0.9063914,0.37246302,2.1292946,0.24834533,0.0,0.680366,0.7191914,0.20755973,0.054932233,0.43591493,0.11563172,0.37237337,0.65218264,0.619043,1.2515734,1.4502411,0.99366367,0.51110923,0.15373567,0.40638417,0.30115706,1.1439961,0.27716815,0.02575599,0.017716978,0.05567287,1.4019955,0.07747086,0.29533917,2.2855759,0.0,0.28722587,0.3044655,0.72904813,0.26510128,0.074909285,0.008675323,0.1542413,2.4968946,0.27630326,0.25083196,2.2687917,1.114968,0.94266844,0.27211025,2.3037114,0.8015747,0.42390043,0.27923518,0.25169203,0.046869792,0.25926247,0.33747196,0.27516612,0.016524998,1.0397885,0.17173639,0.25975695,0.08758114,0.60628706,1.0221547,0.39871347,0.1840291,0.43430647,1.2075274,0.029003449,0.9010796,0.21686117,0.16607234,0.05771582,0.04883043,0.63669354,0.20435145,1.3436693,1.1440355,0.8727702,0.27875036,0.5340893,0.270383,0.24025999,0.0,1.7264003,0.60065687,0.09456755,0.06511716,0.6811048,1.294982,0.1600742,1.2977413,1.341189,0.43196568,0.18959561,1.1460044,0.21070996,0.25144854,0.0,1.4442369,0.12636417,0.12348984,0.12781976,0.044724707,0.081918694,0.36710513,0.9375193,0.74276,0.16803859,1.3132637,0.3482802,0.45486236,5.0661516,1.8538963,0.0,0.0884799,0.21737792,0.35409972,4.353848,0.08810822,0.8543969,0.59343266,0.92557806,0.1266587,0.41903663,0.6410512,0.86312264,0.67423713,0.43807745,1.1959591,0.19496284,0.49694937,0.7087258,0.35405597,0.34663442,0.8604132,1.2213584,0.22990191,1.4899908,0.60622007,0.019534882,1.2684255,0.36148548,1.891946,1.1645728,0.93843013,0.016256608,0.10152446,0.80267614,0.4826063,0.00581644,1.8019466,1.036857,0.0738354,0.46169624,0.23560831,0.13731755,0.35144085,1.0361096,0.0025220772,4.2210436,0.040891826,2.388485,0.37773532,1.2825093,0.31898758,0.04562634,7.781479,0.28374955,1.5028023,0.5998795,0.14992712,1.0385655,1.6243318,0.35182938,2.3989048,0.7450067,0.76738787,0.36570817,0.3636719,1.2738694,2.774978,0.10053226,0.004949081,0.006868999,0.18841451,0.5901208,0.33739796,0.0029914721,0.6602931,0.015752112,0.14324716,0.026624572,1.1547543,0.9068451,0.024236996,0.37216228,0.024876628,0.29677513,0.73902863,0.54577345,0.13069,0.115763195,1.0923593,0.17362015,1.4538763,0.09818513,0.8209941,0.91471153,0.72868216,0.018771078,1.1581652,1.2268913,0.2706547,0.13877314,0.48044756,0.33238333,0.068051994,0.6160063,0.014364804,4.4004974,0.9828769,1.1411618,0.79494,0.6528945,0.14683717,0.48181674,0.55586237,0.06424227,0.50439316,0.0,0.034428626,0.8577246,1.7682897,0.58205134,0.5459389,0.025228858,0.04394962,0.32827643,0.46138817,0.034678504,0.66380763,0.78059083,1.0067438,0.4736695,0.2298407,0.34265226,2.1532216,2.8060308,0.31074998,0.07533822,2.5751178,0.011216893,0.405681,0.17712818,0.336762,0.5824422,0.0,0.03766095,1.3451935,1.0755442,0.03087712,1.3475846,4.9887877,0.6686381,1.0551938,0.22855805,0.17921913,0.009788528,0.93430936,1.5246837,0.7827884,0.069659136,0.0582915,0.28977004,0.053683948,0.10524611,0.7642184,0.5719079,0.32334176,0.034519084,0.3692425,0.28840706,0.054781552,0.83770204,0.91977817,1.4232174,0.22109374,1.1466997,0.016623694,0.13768215,0.28602394,0.8959323,0.68502414,0.401863,0.88017565,0.97310114,0.986924,1.7543976,0.5928684,0.68959355,0.27370456,0.16001657,0.16419081,1.1367881,0.7154267,0.22859554,2.1921964,0.23899291,0.69665116,0.12710081,0.72486347,0.5838365,0.72691214,0.11583153,1.156669,0.8009278,0.1436868,0.4223408,0.5320256,0.44835678,0.004081895,2.1437826,1.8786637,0.30487573,3.151539,0.39399925,0.27957144,0.10900275,0.09986375,0.069138564,1.3046885,0.33615017,0.17236176,2.338249,0.01029975,1.5030036,1.5072751,0.33420345,0.8047806,1.0402938,0.03863019,0.065311976,0.015546696,1.482186,0.017009225,0.6295719,0.20085177,1.1279349,0.21333487,0.15678345,1.3766199,0.83911973,2.8312056,0.5925576,1.0542895,1.6147282,0.383297,0.0036206238,0.23428535,0.47062454,1.1655444,1.0932958,0.6755075,4.0039363,1.0394566,0.6115301,0.1499128,0.9241343,1.3407546,0.043093726,0.08600538,0.07865077,0.39745373,0.6466321,all_pothole_images\pothole_images_new_image_981.jpg
1.0986855,1.03848,0.29266015,0.43041795,0.30592427,0.5680661,0.385462,0.6632638,0.5318109,0.6658433,1.1896032,0.9655598,0.39213523,0.30769008,0.8514707,0.31991005,0.19789658,0.012108525,0.4372161,0.86798096,0.050123174,1.8140582,0.86959213,0.22523373,0.33417067,0.93090826,0.6270417,2.1354308,0.024271864,0.1137594,0.2901773,0.7232476,0.8970917,0.4540655,0.09813234,0.42143637,0.51510566,0.5366688,0.33059615,1.0327626,1.1471008,0.8588755,0.41712546,0.7117467,0.9697058,0.25043428,0.9335943,0.014480211,1.3024634,0.117727034,1.1086498,0.11936499,0.05322396,0.37521735,0.86207026,0.56000227,1.4984261,0.052885596,1.9662516,0.26585442,0.21768928,0.41505948,0.10950797,0.0,0.91724735,2.430442,0.19617882,0.23666564,4.1445127,0.056491684,0.096328996,0.24050096,0.6800443,0.6667742,0.13754414,0.5787919,1.66834,0.9114582,0.21488222,0.43949968,0.00016693938,0.26303786,0.409925,1.8826745,0.571877,1.7081747,0.39779994,1.0076263,0.88397,1.096395,0.84020716,0.6162068,0.08834152,2.2612867,0.04503831,0.000704137,1.2314748,0.28616786,1.1407655,0.0,1.1101916,0.35175133,0.21195784,0.04951315,0.19375657,1.1027855,0.14783454,0.35726157,0.14046243,1.0019522,0.0061641396,0.93582726,0.6316849,1.3733741,0.6097868,0.6503856,1.5422088,4.2647605,0.51831675,0.33309308,2.3511138,2.7797873,1.472159,1.2591512,0.7801117,0.47147718,0.95449966,1.630447,0.26091322,0.008641431,0.10954161,1.7355179,0.9324084,0.696097,0.68522567,0.24634828,0.24231328,0.9742999,0.049738456,0.9926328,0.090108015,0.0076217037,0.8809727,0.6539106,0.19194072,0.0731582,0.25362676,0.39016825,0.12663262,1.2090952,0.5841408,0.124267615,0.092642955,0.23530318,1.8331968,1.9868101,1.6757956,0.14808838,0.031476393,0.013278401,0.8898998,0.40919533,1.4607027,6.5624537,0.109597534,0.73458135,0.52081424,0.45774758,3.1296182,0.6839607,0.23985815,0.8462991,0.4071198,0.39767677,1.6963997,0.1583915,0.12149449,0.0,1.1849179,0.36681473,0.0500083,1.3613673,2.502037,1.9881607,2.723355,0.4960593,0.75465626,1.263994,0.527323,0.44047496,1.2123662,0.39120445,0.9261832,1.2742174,0.26123267,0.2914646,0.08461057,1.0952691,0.6905703,0.57096833,0.07059609,2.1289403,0.28501764,0.32973212,1.5084572,1.5692858,0.6090876,0.21975832,0.29506904,1.2365649,0.20702158,1.2468188,0.6187575,0.22590043,0.7601021,0.053388678,1.6201414,0.20205085,0.28644454,0.75362444,0.0,2.6716506,0.93508595,0.7084273,0.22806595,0.8408682,3.5207624,0.06739082,0.47615635,1.0279644,0.5111075,0.5210529,0.040600076,0.021830892,0.13405983,0.69923866,0.9583021,0.32698557,0.41940925,0.16084754,0.5391612,0.41228428,0.12665303,0.44809157,0.276147,0.0115540605,2.2385695,0.02134,1.2213128,0.9839887,0.27856052,0.016745372,0.8210269,0.13460745,0.7787899,0.65313834,0.07046662,0.51371026,0.4341282,0.0,0.26651865,0.2888466,0.5365463,2.2946932,0.24301338,1.5554733,0.432892,1.1233218,0.31883723,0.021919956,1.3350534,0.20147817,0.109088905,1.8287752,0.25735232,0.97263944,0.5276401,0.85588914,0.106216244,0.096324556,0.18039793,0.053937357,0.30737138,0.0,0.98460376,0.06884071,1.1163198,0.16534998,1.3679663,0.39647794,0.22417241,0.80234873,0.5194802,1.0203036,0.11370923,0.40301913,1.6362317,1.7298927,0.36217794,0.34013742,1.4544624,0.6410685,0.225372,1.5882939,2.52584,0.53947747,0.5111129,2.142757,0.37025154,0.0010226466,0.3809099,0.0052664424,4.299882,0.9837081,0.0010015222,0.18349628,0.22208197,0.08217465,0.6981184,1.962379,0.86347276,0.2601491,0.039762057,0.03594758,0.24062055,1.2939641,0.20627259,1.4368011,0.120555565,0.7295959,2.314809,0.45358074,0.24904144,0.003502505,0.04047511,0.6167124,0.14501083,0.07154367,0.784284,0.26689187,0.0006506113,1.8376355,0.8458459,0.22451484,0.03008761,0.22316864,1.0219169,1.1996149,0.18495217,0.580454,1.0559478,2.7013714,0.830646,0.3104702,0.9409195,0.44116375,0.07860149,1.5421501,0.25019383,0.20913579,0.94033134,0.0793292,0.2079443,0.32908615,0.2893492,0.8510789,0.32608032,0.35065335,1.4883687,0.7711002,2.3861618,1.9438171,0.15666759,0.26577148,1.9140017,0.13207725,0.22818226,0.92439777,0.34634876,0.9777518,0.4313184,0.16194297,1.3100547,0.2639242,1.1134925,0.95281094,1.0122774,0.4839929,1.4173702,1.9046448,1.7523907,1.7744931,0.91526777,0.8249136,0.22657515,1.309223,0.478177,2.5802684,1.6275133,0.10996799,5.666934,0.21888885,0.7492663,0.02227789,0.04563734,0.01239623,0.30398253,1.3628561,0.02227816,0.93578166,0.07222545,0.28361094,2.9128885,0.16502434,0.11154356,0.6638096,0.76677305,0.9974237,0.19395186,1.0889231,0.44550467,0.036654823,2.8879325,0.38321698,2.4654076,0.17982136,0.49494404,1.6412226,0.44430727,0.58099115,0.43749416,0.63692945,0.69545346,1.2491312,0.19611266,3.3662121,0.9434434,0.63902026,0.440256,0.20958154,0.36105886,1.0362169,0.24322078,1.0919051,0.43224224,0.3706164,1.1920555,0.007073974,1.2358086,1.1642329,0.65979904,0.4254058,1.5006135,1.2671769,0.8821008,0.39469403,0.8520053,0.33643964,0.2330223,1.9600933,0.34439036,0.20271069,1.4450814,0.46311724,0.6699443,0.46725306,1.3840008,1.028414,0.08072274,1.9096754,1.6395441,1.5907228,0.23002061,0.69273907,1.5216447,0.22228001,1.1852373,0.19210285,1.2186627,0.50432456,1.3032895,2.9057155,0.9984754,0.3823883,0.1607424,0.61982596,0.74724567,0.5918309,0.8966553,0.0051760157,1.7335894,0.021515125,0.08623307,0.20559554,0.037299145,0.18785644,0.15144122,0.4368211,0.049655873,2.0078034,0.061272785,3.4407055,0.21749875,1.2349352,0.0152445035,0.019570837,0.0,0.38513,0.896519,0.5331228,1.1378766,0.25174177,all_pothole_images\pothole_images_new_image_982.jpg
0.9131831,1.3767834,0.6452523,1.025962,0.07141842,0.10346396,0.35099697,0.6022629,0.22956644,0.26161268,0.0,0.30010444,0.2786679,0.3524862,0.32527494,0.0662811,0.7921166,0.0,0.7118012,0.34699738,0.39795002,2.1019475,0.40737242,0.020992378,0.59149206,0.079278246,0.22254986,1.545985,0.008768462,0.018948583,1.3910588,0.0,0.1946495,0.60998845,0.3798668,0.06288358,0.3925879,1.15522,0.2726452,3.652748,0.016783407,0.55020064,0.13836496,0.8154577,0.028540274,0.037660573,0.028164137,0.58412623,0.17893761,0.2646342,0.14691406,1.1523054,0.5416232,0.22446674,0.23465802,0.0007591291,1.0184996,0.19924447,0.17776416,0.42392528,0.0,1.0054581,1.1395235,0.007804291,0.021878252,1.724378,0.6141624,0.017725965,0.009724715,0.10109231,0.14920734,0.33483735,0.068542905,0.007096243,0.039346773,0.51553714,0.38415456,0.39616013,0.015548795,0.116452664,0.00078835856,0.50197613,0.04630687,2.124858,0.5313606,0.61145157,0.51822644,0.13729334,1.6048423,0.29631168,0.0018492212,0.014472322,1.230651,0.09303807,0.08027376,0.15796295,0.7714115,0.70103455,0.41184083,0.14030118,0.080590636,2.1422844,0.3218613,0.79091495,0.60500515,1.186908,0.015951307,0.24619174,0.10652849,0.72960615,0.23568277,1.9528353,0.7590975,0.28993908,0.5370164,0.40713266,2.0953557,0.52160066,0.9819846,0.43924123,1.4207841,0.015270631,0.06007047,2.8336866,1.3227707,1.4289135,0.6743849,0.076491795,0.17694378,0.79445547,0.73229814,0.024057979,0.068593085,0.6991845,0.33129278,0.4688392,0.00021322284,0.4078162,0.09292906,0.052619305,0.04165796,0.06135923,0.09623988,0.2083043,0.0,0.39147875,1.0581702,2.7405195,0.13091253,0.23051675,0.5472114,0.29736778,0.0,0.09696958,0.1953854,0.069716126,0.18702783,0.1439,0.011461957,0.07992905,0.32617283,1.8043146,0.35714263,1.7517952,1.0826509,0.12970045,1.6359361,0.36397094,0.5247422,0.63421386,0.03515609,0.06583154,0.094046146,0.0029564234,1.1110336,0.01553069,0.6942829,0.17957549,0.0,0.08114155,0.0,1.0181711,2.3044076,2.2680938,0.17784041,0.03417965,0.5791225,0.7034808,0.44732237,0.08159037,0.0,0.16215886,0.2208088,2.2962642,0.20115092,0.0012352439,0.26775238,0.47885412,0.0,0.6447383,0.09081072,0.41946557,0.76010597,0.32257688,0.61967665,0.031559255,0.013488962,0.0063758353,0.26185605,0.2026412,0.2738508,0.21202222,0.020221436,0.14607975,0.26917222,0.037420273,0.05366885,0.41899064,0.9795334,0.13870417,0.85996073,0.25519332,0.2598544,1.1736549,1.4308051,0.45377883,1.399396,0.042542953,0.354471,0.8883521,0.31024122,0.33883354,0.036674388,0.14440534,0.0,0.00036402346,0.72612965,0.19935954,0.24000078,0.17635332,0.1385961,0.02552039,0.3528463,0.20001233,0.31841,0.0678972,0.0107188905,0.46753123,0.49756706,1.780836,2.5449367,0.66089237,0.13539417,0.460942,0.4921323,0.12293095,0.043073248,0.072322026,0.5355223,0.37491268,0.21926476,0.0,1.5367136,0.20640673,0.1978105,0.4115789,0.015871296,0.2731128,4.902615,0.08508066,0.10309681,0.0,0.0033995872,0.60473144,0.10570556,0.7553658,0.49510288,0.61767375,0.079621576,0.28447157,1.2066163,0.123214625,0.55503345,0.22839546,0.9038443,0.19785526,0.7723474,0.9665485,0.74963564,0.21697745,0.24663872,0.13622792,0.15652046,1.1942006,0.3488031,0.44475204,0.6419734,0.26667204,0.15276814,0.57061136,0.07469156,0.026318233,0.06355399,0.82460797,3.941363,0.20939238,0.037754264,0.40926203,0.02660444,0.17801517,1.101349,0.05551625,3.3709946,0.01374923,0.010115059,0.50036645,0.2542374,0.34682897,0.26970327,0.244283,1.2996618,0.18373899,0.07652735,0.19021396,0.2501482,0.6026667,0.9352993,0.034702398,0.6839369,0.40073398,0.84877807,0.9417347,0.04303829,0.070512496,0.7019494,1.1282858,1.7488695,0.67714244,0.20411491,0.05551754,0.2834021,1.099553,0.36725786,0.10990073,0.76281714,0.0,0.0,0.07386504,0.059187874,1.5288401,0.014917871,0.3437395,0.28466758,0.78486913,0.34696025,0.3656992,0.38930905,0.24013449,0.7063471,0.4006602,0.16134527,0.20962355,0.051002603,0.53415006,0.07087833,0.25401205,0.958944,0.311284,0.0,0.28220993,2.1998005,0.3296899,0.034669142,0.3923589,0.36022863,0.022130052,0.7492468,0.053185556,0.5116244,0.10223875,0.7473641,0.12677962,1.9555417,0.92104286,2.5117493,0.64414525,1.280538,0.28722844,0.17974094,2.9068787,1.7249298,0.35495877,0.007148785,0.14445148,0.00068410794,0.29678288,0.19895497,0.12949298,0.17268462,0.005441009,2.022111,0.48152986,0.09695488,0.80857277,0.36699465,0.02930739,0.15683432,0.81235814,0.021485288,0.22836171,0.20320424,0.7462485,0.46158856,0.8642864,0.024659937,0.061079532,0.31167924,0.6784954,0.07696245,0.13928248,1.7945714,0.23992716,2.907891,2.8297741,1.0288836,0.031907093,1.6415695,0.02607926,0.11240085,0.12013483,0.9025312,0.007970293,0.031272553,0.0,0.094243094,5.100365,0.8111092,0.0,0.2736979,0.38473487,0.2854154,0.99814385,0.40476754,0.01810293,0.41060498,0.013631828,2.6429467,0.60531986,0.21529976,0.95646995,1.0413101,0.4590897,0.11239985,0.7985693,0.2502064,1.3911989,0.465496,0.28474018,0.018820414,0.17549312,0.5232298,0.0028888097,0.05027255,0.008764924,0.036261804,1.8435934,0.19814062,0.029492673,0.029076057,0.83582544,1.371064,0.0738663,0.36000746,0.0031082183,0.13162424,0.76095086,0.0,0.015730653,0.091046244,1.2158425,1.4131896,3.1861115,1.1405369,0.04224159,0.0,0.5741826,0.31714848,0.0751363,0.5744709,0.40243357,0.15775524,4.442119,0.0,0.0053282906,0.028097736,0.0,0.06457429,0.24279746,0.09298067,0.040522043,0.16301812,1.6236635,0.06933252,0.52524126,0.8410556,0.07276269,1.0293108,0.32267907,0.08078652,0.49446982,1.8274635,0.9501257,all_pothole_images\pothole_images_new_image_983.jpg
1.3655903,1.6893519,0.11193438,1.6959366,0.044847764,0.60858315,0.43487883,0.8132289,0.14917593,0.52839714,0.64431524,1.0824059,0.009085284,2.2309682,0.29031733,1.736145,0.25123632,0.0,0.5292011,0.08780966,0.0028972677,0.6572502,1.3156465,1.3660649,0.0678372,0.01983486,0.08070896,0.5870498,0.3019125,0.76873887,0.027164781,0.0,0.39672932,0.2347263,0.07572802,0.8613921,0.71077305,0.061691914,1.0873097,0.29405707,0.14213675,0.53648883,0.34625626,0.79006106,0.53946036,0.059394956,0.09484825,0.12710962,2.2526362,0.0042672614,0.3216096,0.073501974,1.1976459,0.12598288,0.5594361,0.95683116,2.3515034,0.14072433,0.83446765,0.4913109,0.0,0.114761524,2.5113733,0.49251187,0.15905495,0.33989397,0.6978744,0.023020294,0.05403066,0.21891238,0.16129634,0.36784318,0.21098685,0.07860214,0.3291163,1.0292593,0.18725589,0.78583455,0.06398089,0.12915775,0.071427345,1.8834132,0.7053618,1.5980581,0.09109712,0.25576156,0.16285303,0.06516827,1.9163139,1.3523017,0.058511775,0.4552307,0.55270314,1.6708372,0.8613493,0.043025214,0.5867917,0.9148746,0.38844463,0.043579947,0.039049786,0.11796804,0.12465906,1.3256401,2.966321,0.13208967,0.35809287,0.15934975,0.817653,0.8363873,0.124010004,2.506711,0.37158754,0.5387199,0.24001127,0.007671486,0.45491004,0.14123699,0.8661354,0.78258824,1.5295186,0.1084989,0.0,1.1586875,0.37737185,1.2079043,1.0597049,0.12413101,1.2875665,0.28050408,0.05098083,0.006609006,0.037895337,0.7534458,2.3621101,0.20271634,0.47335637,1.2978761,0.28170505,0.25949997,0.08774752,0.5690367,0.51750463,0.8292692,0.05562117,0.8248188,0.09631567,0.8462255,1.2776464,0.48985082,0.54965395,0.19009021,0.27301124,0.4067129,1.0312247,1.0134664,0.82352906,0.9929401,0.017851114,0.5011432,0.060162496,1.0500246,0.2469447,1.3541648,1.8792502,0.24500816,3.0764902,0.5211183,2.1945994,1.2559792,0.0,0.0026927325,0.14066638,0.24439342,1.7646964,0.1114097,2.043244,0.24574552,0.0,0.10952742,0.1163308,1.4451337,2.7414453,0.5951436,1.7025505,1.1640261,0.0041402606,0.6643754,0.8025648,0.90721256,0.5415554,0.20815895,0.7210891,1.7639076,0.46762544,0.69973785,0.37091452,3.9222383,0.5756382,1.0674582,1.3525541,0.68373656,0.19251496,0.17949797,1.2596307,0.29666796,1.1692735,0.09773865,1.7842224,1.2290311,0.026535194,0.43064538,1.147292,0.9336918,0.17115179,0.96038467,0.23153229,0.38845137,0.6905122,0.24345782,0.20487839,0.14004506,0.59289765,0.97658056,0.014377494,0.031307045,1.619414,0.021802349,1.2100768,0.15005365,0.02554654,0.007535587,0.19635698,0.0957599,0.116469495,0.26434025,2.0698423,0.7947968,0.42139986,0.0412347,0.48448542,1.6241405,0.3329153,0.13884947,0.22679459,0.41850895,0.74238837,0.0959665,1.4770405,5.6973643,0.980917,0.08627742,0.010549021,0.36676145,0.34580788,0.03411668,2.7998388,0.29609862,0.35757834,2.4085126,0.20589676,0.15462719,2.0977068,0.105924115,0.26241302,1.1718981,0.3465613,0.5687272,3.3844464,0.013136331,0.8459979,0.012094759,1.1473063,0.37400073,0.55439854,1.5036672,0.493559,0.95102113,0.10812162,0.47918132,0.4001489,0.0447522,1.0165089,0.9940567,1.0641574,1.3454406,0.70464206,0.65368116,0.869743,0.07399556,0.0,0.35414568,0.18513185,2.8203554,2.117041,0.4931252,0.23437881,1.2203693,0.57748514,2.047989,0.024342712,0.1895179,0.0,0.81522447,6.6509166,0.2951812,0.090334095,0.12791729,0.89081305,0.10075025,0.0,0.28525013,5.5797405,1.0293654,0.17675738,0.38167688,0.25246015,0.3525397,1.6774883,0.61567587,1.576311,0.29099536,0.06140466,0.1177822,0.3843112,0.2181532,0.94416463,0.5210797,0.77142984,1.1342903,3.0916126,0.08493195,0.0,0.053042855,0.0990298,0.20836022,1.2294406,0.064940155,0.718081,0.0,1.5172853,2.4173236,1.3036385,1.145402,1.0619447,0.1591282,0.11490016,0.13119334,0.39636645,0.9118867,0.27529633,0.34180188,0.31722677,0.85480106,0.4393064,0.0,0.0315533,0.32812136,0.3594804,0.049001906,0.43416595,0.23165311,0.12149947,0.15610388,0.0067665954,1.5904485,0.80924237,0.057296507,0.3276107,1.50937,0.13358507,0.6371566,0.13057514,0.16172679,0.57494444,0.34607568,0.28375462,0.25099778,0.46928254,0.8838048,0.07207967,0.22411461,0.8913481,0.1924955,1.7276591,1.0886799,1.4170244,2.786149,0.08976265,1.8626374,0.5117818,1.1735265,0.52509266,0.24178609,0.0,1.8656759,0.42365003,2.0885208,0.32846418,0.011896787,0.7450545,0.7329628,0.6485215,0.33697578,0.3825735,0.0,1.0562222,0.23102109,0.61377174,1.0530912,0.044117536,0.17937562,0.04314866,0.07346236,0.26789913,0.0049387487,1.5409281,0.84267503,0.20189184,0.24707033,0.17495841,0.13711874,2.21787,3.3666942,1.2880036,0.46433607,1.7717657,0.09225454,1.1844021,1.0052614,1.1840042,1.2418336,0.10168303,0.6377704,0.0,3.1226811,1.1071731,1.2684928,0.033091728,0.960964,0.046461567,0.71663994,0.59825224,0.0056392998,0.37955368,0.19552256,0.7843862,0.24099754,0.37825292,0.6597717,3.135783,0.26657936,0.80158395,3.4149144,0.8625782,1.7347057,1.2638601,0.63256633,0.38832644,1.6182593,0.3873577,0.4500953,0.8266429,0.3497864,1.2242423,0.18165335,0.030282944,0.09480189,0.00884726,0.32302326,1.8709255,0.41213202,0.8092069,0.0021446778,0.47948703,0.4724575,0.31968006,1.2087582,0.3518147,0.22895065,0.7288241,2.5932677,1.6228638,0.7748268,0.020782176,2.1085095,0.8063792,0.12695809,0.62726367,0.21073844,0.83579344,1.5916072,0.058754522,0.0,0.4885683,0.0,0.39978656,0.007509616,0.15294215,0.64742005,0.039805163,3.4705908,0.45728064,0.6308761,0.5883437,0.82670903,0.34594893,2.2216263,1.0322913,1.331682,0.9976662,1.5532817,all_pothole_images\pothole_images_new_image_984.jpg
0.61417377,1.7108048,1.0991685,3.0648732,0.7537728,0.35524672,0.43588668,0.27118725,0.260349,1.7458655,0.93045026,0.10280553,0.7462846,2.8507278,0.502918,0.7321221,0.0798238,0.66893804,0.118772484,0.27577668,1.1466315,1.3214424,0.7413458,2.0546675,0.71187055,0.39939794,0.05192132,2.2445538,0.54169834,1.3072363,0.85201555,0.36721843,0.54406816,0.42595905,0.9215997,1.1872467,0.7402646,1.142513,0.22565435,0.16044778,0.7194508,0.49298325,0.72480726,0.56381655,1.0826501,0.21477139,0.27319145,0.0019218178,1.1037548,0.37789217,0.7612222,0.4673186,0.86786383,0.10099009,0.6181423,1.286944,2.4354339,0.033285066,0.5702139,0.5019379,0.27645352,0.22988856,2.2566502,1.1540236,1.5032198,0.64244306,0.017106425,0.09385691,0.16563639,0.8426115,1.5883344,1.0118667,0.21157728,0.66093576,0.36361095,1.3783392,0.1834258,0.31702095,0.5540592,0.9125133,0.42725104,0.82707757,0.7459382,2.2029886,0.3678746,1.3587556,0.5880367,0.26900628,2.2019086,0.21044143,0.13323465,0.5049106,0.35883605,2.039272,0.4853016,0.45202985,0.041106448,0.08474113,1.6456743,1.3831184,0.7316511,2.9321973,0.6396056,0.5557467,1.3669292,0.0016106402,0.34471703,1.0258368,0.41415206,0.41220614,0.2756364,0.40784076,1.7179847,0.5089938,0.73400265,0.89223695,1.3969814,0.17594403,1.747939,1.2944813,1.5054573,0.85584086,1.8421193,0.89008945,0.51291,0.9395117,0.3960896,0.44234154,0.9349181,2.6738536,1.4667002,0.07595248,0.49476513,1.9009558,2.4238577,0.8351389,0.70662546,1.5397214,2.2973287,0.29581437,0.44602236,0.43616018,1.106097,1.8452307,0.90053886,1.1887442,0.024143394,0.09267387,1.2126589,0.7691524,0.63785577,1.2613975,1.1774802,1.0483837,2.371043,0.40414622,0.6194492,0.3530792,0.41345102,0.47637296,1.1023632,1.5649348,0.4994269,2.5676072,1.2816427,0.49191546,0.93434244,1.5633751,4.3728747,1.2949347,0.6809344,0.26826748,0.4928788,0.8854495,0.7323162,0.733676,2.8566806,0.9367973,0.9945334,0.95512265,0.20857362,1.9388531,2.8389282,0.3386687,2.1472442,0.53087807,0.36834374,0.7595864,0.3224239,0.50986904,0.46476787,0.98463184,0.14645061,1.2492741,0.39645088,0.608137,0.1558828,0.5482269,0.28116953,1.8354273,1.8410325,1.8201871,1.4225184,2.018808,1.6617017,0.4239769,0.11186395,0.4257024,1.9571793,0.59146905,0.33822632,1.3214948,2.2583413,1.6527685,0.5514352,1.796347,1.2088845,0.28397796,1.1457515,0.57889557,1.9421582,0.57005346,0.66336447,0.24314578,0.19090757,0.2948991,1.392418,0.53140855,0.44001302,0.39274436,0.28518435,1.6798731,0.5146808,0.32827082,0.74836534,0.8655132,1.1802175,0.21470414,0.6592678,1.648277,1.4213848,0.3482532,0.8375408,0.5787493,0.5086633,0.035238404,1.3046186,0.49875882,0.6139342,3.4916773,2.28562,0.28092656,0.2206053,0.9468855,0.6234381,0.44607052,1.6895427,0.28502983,1.246407,3.4906292,0.6933253,2.7741466,0.86847156,0.3348229,0.5278945,0.2685231,0.11008012,0.12160642,1.6037557,1.1308011,0.06872362,0.21570262,1.7033925,0.023705905,0.11871412,1.0726731,0.35365885,0.63489276,1.4903835,1.0731976,1.0635091,0.16412424,0.3147155,3.129729,2.3134115,1.8741654,0.91445404,1.4232067,1.4908249,0.9892917,0.433796,0.44214082,0.004271383,1.4035492,1.7948676,0.07404154,0.29257095,1.2466686,0.7825005,0.78674704,0.025849557,1.001022,0.28754562,0.932906,5.3370175,1.0253031,0.11978005,0.99613255,0.29639846,0.73422545,0.08155001,0.7040502,3.936853,1.438114,0.34045717,1.1898713,0.35539526,0.6007171,1.5820705,0.30509552,0.6495095,0.23071451,0.26707724,0.9003995,0.8826188,1.2070626,1.3917874,1.8121817,0.42479315,0.8297816,3.0871918,0.14662178,0.09656905,0.54678726,0.6384902,0.64964175,1.3961926,0.8998901,1.4659364,0.5215386,3.2118113,1.7454367,2.0499592,0.4310513,0.5486647,0.046289604,1.5487881,0.12072428,0.37818465,1.2803993,0.81641436,0.06356039,0.06837281,1.7569504,1.0361872,0.039143257,0.093389995,1.6993507,1.0912012,0.73708546,0.008052342,0.47134975,0.9982656,1.388107,0.07915736,0.10511389,2.3220189,1.6677948,0.0986305,1.3768295,0.8906108,0.9421543,0.45152643,0.45312577,0.88446957,1.5365576,0.15988345,0.30553392,0.21134219,0.8784437,0.28262913,0.84091824,0.28114733,1.3412206,4.444296,1.3981117,3.4817805,4.662073,0.2077294,1.7914008,0.52884644,0.74264604,0.011020796,1.3931099,0.1960632,2.3310392,0.47319716,1.8295739,0.5293686,0.16632251,1.7334845,0.52398896,0.117573485,0.8705752,0.16720743,0.48642612,1.0379328,0.27184835,0.89419585,1.2647218,0.47786555,0.10173708,0.28172752,0.91484565,0.13467184,0.22184005,0.67310697,1.4537755,0.31443506,0.8692893,1.7596903,0.71692806,1.972726,1.5074642,2.0978668,0.9635918,0.66430414,2.176283,2.0301046,1.005973,0.8822595,0.77414376,0.2541922,0.22707437,0.38125405,2.031966,1.4762735,1.5898585,0.28168762,1.1002152,2.4843907,1.1455251,0.3619344,0.31814682,0.25074536,1.4035627,1.5053446,0.98679274,0.575274,0.25429487,1.2123605,0.815749,0.80698323,0.5159279,1.7320453,0.61457527,1.087078,1.6327167,1.5167873,0.72374994,0.9838285,0.3607521,1.4244583,0.8159804,1.9222574,0.23004496,0.65879005,0.056179915,0.80075634,2.0016766,0.5738848,0.787307,0.73033303,0.26414767,0.76175493,0.6991745,0.9540548,0.44617194,1.2889773,0.18135956,0.24136895,2.2844791,1.91663,0.1272554,0.16785714,1.1100682,0.50361454,0.97310144,0.9114962,0.33267352,0.09695282,0.8530996,0.09186585,0.12056415,0.30808014,0.2629935,0.100932054,0.22024162,0.57291865,0.40170774,0.7014634,2.6080916,0.62924063,0.7954484,0.30637667,0.042293794,0.5602626,1.0377499,0.5183765,1.0386797,0.634948,0.5693368,all_pothole_images\pothole_images_new_image_985.jpg
0.44020873,2.9442375,2.8571043,0.10906862,0.34456557,1.8908763,1.2195119,0.20838243,0.470037,1.4954286,0.017429728,0.115711465,0.0,0.8254146,0.76678514,0.56479734,0.35324115,0.0,2.3252745,0.3389724,0.6550812,1.8464383,1.7009603,1.5460962,0.061999902,0.6515559,0.3556661,2.5611348,0.48220426,0.4843895,0.105216235,0.31167886,0.12895773,0.020443633,0.20414203,0.5797137,1.3728648,0.6584488,1.0284594,1.0354508,0.13709891,0.061909933,0.016514968,0.26587588,0.5977464,0.82574016,0.47093385,0.9721938,0.6668163,0.5294788,0.19084272,0.52878094,0.7368033,1.2299527,1.363781,0.35562748,0.924816,0.24793372,0.5837823,0.4850135,0.040671665,1.0895947,0.52455676,0.1388655,0.1883453,1.7055614,2.8235672,0.28521383,0.82984567,0.5723949,0.12984635,1.246526,1.0526761,0.1345421,0.07210737,1.370272,0.42659843,0.18577564,1.086857,2.278876,0.2136994,0.48958945,0.020792011,0.8765313,1.9302019,0.22497419,0.091511935,0.42216432,2.8024316,1.101688,0.2562363,0.17005517,1.1533235,0.32261902,1.4477035,0.47420165,0.6357853,2.6394534,0.7554808,0.0554568,0.6146006,0.62339664,0.8068169,0.081333034,0.56145453,0.14352718,0.17710537,0.070376456,0.14439191,0.7586436,0.04618919,5.558967,1.7855384,0.39682877,0.3326364,0.4253894,1.6150892,0.14550541,0.64044034,1.0694388,0.5154048,0.9899677,0.41848537,0.9804784,0.103771955,1.3190292,0.2027822,1.808748,0.6219659,2.9892998,0.46364647,0.2644852,0.1911864,0.08489941,1.8134497,1.2509305,0.20642869,0.14143173,0.7812414,0.053664606,0.4763727,0.35170028,0.25581893,0.42531127,0.13397619,0.17281881,0.7458075,0.17638445,0.87050664,1.8141505,0.6289184,0.39013574,0.012474068,0.12663731,2.223925,0.2842319,0.1879464,1.5370785,0.6932013,0.5506529,0.46927708,0.981703,0.13704045,0.6463876,0.0017973584,2.24732,1.8733523,0.5850205,0.26173759,0.69928646,1.2282536,0.24356869,0.60318357,0.62688243,0.71267194,0.24690922,1.2937416,1.7938254,0.3166549,2.665446,0.38033137,1.5585457,2.1708739,0.74820584,2.155898,0.1332245,0.5665008,0.083615184,1.0652738,1.594945,2.3857594,0.2528074,0.14542906,0.6988183,3.3085082,0.15171435,0.7212441,0.39678153,0.17798537,3.9092774,0.034720756,0.46851584,1.8192188,1.5606562,1.7093029,1.7462174,0.034282856,1.5570127,0.54822487,0.04269586,0.50244516,0.10341442,2.3596122,1.6804934,0.0,0.73634446,0.3290613,1.0956874,0.053994082,0.44873798,0.22139062,0.38312212,1.9864665,0.98419404,0.2028634,0.2800846,2.320415,1.2285691,1.110984,0.14496641,0.26318792,0.08545465,1.206148,0.30720913,2.8380485,0.1376363,0.20974682,0.8467157,0.08505859,0.035040822,0.33801982,0.3630994,0.19300947,0.65602225,0.0034343735,0.16261931,0.28791744,0.33560815,0.34779096,2.0386808,1.4133866,0.2660174,0.7882971,0.27422833,0.88783276,0.14359258,0.5339617,0.09609344,2.0335875,0.80915564,0.5705239,0.53015095,1.0417042,1.3577276,0.16099289,2.0049539,0.4221739,1.427113,1.7328789,0.12541729,0.059812274,0.21204735,0.04737018,0.31785858,0.6488928,2.1075256,0.0058177356,0.22947735,0.06370971,0.5949788,0.24540927,2.3851907,0.11104037,1.634663,3.3148904,0.3682167,3.244969,0.73575795,0.12191374,0.06908297,0.464772,1.7938945,0.01352381,1.5264863,0.07748656,0.7309115,0.54513216,0.03375336,3.1131582,1.2848814,0.040967435,0.12197954,0.29780295,0.28765365,3.573656,1.1634592,0.10895729,1.3320576,1.0230219,1.0995073,1.0485877,0.40618134,5.360137,0.5799611,0.010864242,1.2695724,1.4214215,1.5735893,0.5869474,0.3795475,1.1110872,0.019537967,0.2741769,0.10278399,0.22816956,1.2940794,0.40976948,0.39467612,0.94009274,0.04778236,3.6429775,1.751428,1.0172136,0.13408042,0.34261832,2.4344265,1.025031,0.19124562,0.4777252,1.1971524,1.1981992,2.0985043,1.1208003,0.63783747,0.9634101,1.7441071,0.27942502,0.16042939,0.14939444,0.23272467,0.0712473,0.047132302,0.44959772,0.5552154,1.735192,0.036024068,0.41542846,0.47374216,0.9538635,0.19943891,0.037210803,0.41573182,1.2695359,0.08925552,0.21347938,0.17208514,0.12952885,2.658136,0.28569177,0.028804503,0.29636782,0.41592345,1.8248172,0.18132994,1.3405675,0.8580885,0.08784711,0.08417989,0.09930474,0.16084924,0.032903664,1.1775057,3.0725296,0.6121228,4.1438985,0.18817854,1.7066114,2.434736,0.4829405,3.4128647,1.8189516,0.75198984,0.52356744,1.8404404,1.2694955,0.90197116,0.009196803,1.2044902,0.023115829,0.07719432,1.3957324,0.32060477,0.17893186,0.32645094,0.78630096,0.05189941,0.3130632,1.3209646,0.7085225,0.2342277,0.10331666,0.041594353,0.26674607,0.77113956,0.115669586,0.037875038,0.32222378,0.07789527,0.39510718,0.002866318,0.21939483,1.0672132,0.62207663,0.58377,0.15670484,1.3051211,0.16341664,1.7057396,0.001393067,0.5166013,0.6156386,0.3759139,0.1921119,0.87944293,2.386191,3.4986901,0.97002655,0.27659622,1.3418255,1.7445934,0.35444173,0.15495509,0.29153022,0.03676842,0.2141892,0.6624191,2.1890054,2.2539625,2.0076668,1.2608566,0.06749713,0.77277803,1.5951709,0.69982475,0.9203726,1.774038,0.7845823,0.37738878,1.082221,0.74476147,0.5634651,0.29281443,1.5353411,0.78779835,0.21975178,2.7789407,0.29191193,0.19167681,1.1227086,0.5254492,1.3493612,0.20548815,0.14203802,0.32856345,2.2238011,0.06971735,0.58130956,0.08443831,0.9070634,0.26087567,0.534932,2.299692,0.55373424,0.12428482,1.0648851,0.08745166,1.0454621,0.059922684,0.32339588,0.005145976,0.45147005,3.5345607,0.46789238,0.06729436,0.5185246,0.31504655,0.09284271,0.3213183,0.39791393,0.5917784,0.47196072,1.404885,0.59410983,0.7563856,0.16137357,0.39787877,0.22314033,0.8505255,1.2039261,0.24122494,0.14537635,0.051001526,all_pothole_images\pothole_images_new_image_986.jpg
0.0,0.10355848,0.0,1.4759201,0.019514445,0.0,0.0,0.0,1.77273,0.0,0.0020208836,0.0,0.0,0.35148156,0.32569268,0.010206641,0.0,0.0,0.19926374,0.08697451,0.23101701,0.0,0.04304222,0.4442964,0.0,0.0,0.14823183,1.3291671,0.0,0.0,0.0,0.06372334,0.0327222,0.5938677,0.007470724,0.0076522985,0.6872912,0.006387962,0.38473058,0.029883953,0.0,0.025837976,0.09117781,0.27264956,0.33798653,0.0,0.101730414,2.437848,0.0,0.049298365,0.0,0.3955155,0.021091659,0.42346498,0.6206532,0.20615135,0.36160457,0.0,0.0,0.0016604254,0.0,0.06299744,0.36293545,0.19345146,0.12879272,0.405498,0.5076106,0.0033573052,0.17340155,0.0,0.033107527,0.012427768,0.29534516,0.0,0.0,0.0,0.002410878,0.76184976,0.0,0.0,0.0,2.01124,0.07612252,0.38875648,0.19425665,0.0,0.04074451,0.0030419852,0.063261144,0.5129699,0.0,0.016629392,0.077938475,0.15118039,0.5350618,0.0,0.27001607,0.12227875,0.009020962,0.016741093,0.0,0.0,0.004158708,0.0,2.9048228,0.019976432,1.2699237,0.0,0.0038146982,1.1915984,0.0,0.016627654,0.41416806,0.059195828,0.41056746,0.0,0.0,0.008106064,0.05549943,0.0026570838,0.0640365,0.097878106,0.040053166,0.09724,0.3429603,0.010169802,0.0,0.0016232776,0.15635063,0.03741827,0.0,0.13508283,0.0,0.2770465,0.099771306,0.0,0.029059667,0.002979415,0.0,0.08546741,0.0,0.04749897,0.07749148,0.013650437,0.0,0.2643816,0.012379702,0.4785448,0.8723049,0.5765165,0.000718158,0.02390902,0.30213422,0.055665813,0.0045751478,0.09917145,0.0,0.053702198,0.003944161,0.6059715,0.9304136,0.66536075,0.28602248,0.0,0.17237106,0.084428884,0.57063967,0.037076615,1.8089465,1.2056403,0.0026143135,0.09284627,0.0,0.01416341,0.030961873,0.26115447,0.0,0.0,0.024241434,0.2121397,0.0014594665,1.7104775,0.0,0.13047482,0.74736226,0.1119019,0.0,0.00908209,0.010068468,0.056130204,0.10772203,0.20190611,0.20964566,0.0,0.31020063,0.0017247181,0.12954482,0.12860069,0.9241634,0.0,0.17856972,0.14103068,0.0,0.032440253,0.5172101,0.07379846,0.11029754,0.0,0.19669752,0.31266457,0.0,0.27907336,0.21267256,0.0,0.23336864,1.3123654,0.0143628875,0.077089705,0.0,0.0,0.17980248,0.0,0.54197973,0.011766376,0.0,0.0,0.0,0.0,7.5315027,0.07461829,0.004217136,0.0,0.10111174,0.011971275,0.020676298,0.06030916,1.2661779,0.0,0.04405812,0.104471,0.06490441,0.009024553,0.23486419,0.06950129,0.10892569,0.0,0.6538049,0.04988598,0.044779483,5.2133164,0.0,0.4374386,0.017005606,0.0,0.0,0.0,0.3941286,0.026150305,0.0,0.05743477,0.053258806,0.51359403,0.16948028,0.046680547,0.14099096,0.550504,0.36364928,0.8626295,4.2752347,0.0,0.06860599,0.0,0.18500265,0.22338416,0.0,0.3319681,0.0,0.7164965,0.12263226,0.0,0.08496358,0.22309443,0.28002617,0.0,0.0,0.0,0.12503323,0.18538076,0.03559679,0.003961184,0.0,0.017500611,0.004026942,0.07348016,0.07251472,0.0,0.09529346,0.020018894,0.026960896,3.2893689,0.82568944,0.06532409,0.5113199,0.05403809,4.8421273,0.12289629,0.36810076,0.0,0.3278792,0.005135421,0.055054944,0.014470745,0.41177997,2.1485395,0.0,0.054068398,0.005430969,1.0156667,4.115617,0.4684859,0.12111477,0.0,0.05527627,0.0,0.122888215,0.0037948915,2.6353233,0.0,0.0,0.0,2.371058,0.023122508,0.23275238,0.15778959,0.032684222,0.0,4.2109675,0.19167902,0.11827919,0.7206543,0.0,0.00072333496,3.5868337,4.0074806,1.0007174,0.04570928,0.10950242,0.08494704,0.105995655,0.015686916,0.0,0.001839648,0.0,0.029847942,0.0,0.0032330067,0.0,0.14559942,0.07765145,0.041245013,1.0060004,0.15641953,0.0,0.0,0.45136657,0.0,0.0,0.0,0.4803824,0.009351044,0.037554167,0.0,0.0,0.0063630072,0.20741053,0.3729785,0.85129654,0.06148991,0.15187211,0.6676765,0.45631874,0.0,0.4641593,0.0,0.52849144,0.0,0.15653391,0.09002264,0.0,0.034180187,0.049705703,0.22771583,0.071529925,0.27645767,0.0,0.6679761,0.036943324,0.038134884,0.65000105,0.050055385,0.6084862,0.28931096,0.18255419,0.0,0.87341845,0.0,0.0,0.025280086,0.8874422,0.063328244,0.0,0.23887762,0.027802922,0.0,0.029798906,0.03458418,0.44161165,0.018727886,0.040290933,0.005131327,0.09332336,0.024552038,0.011478476,0.018607682,0.0,0.0,1.0805813,0.013987478,0.12108884,0.088925496,0.0,0.16117546,0.23665316,0.061495416,0.1414043,0.04564796,0.0,0.011579387,0.69551164,0.00096273277,0.0064385673,0.0,0.12837112,0.018415427,0.2991621,0.07713043,0.035488486,0.0,0.540246,0.16233921,0.8471293,0.01733891,0.26464832,0.0,0.0,0.11309927,0.0,0.011130776,0.0,0.1712402,1.3720762,0.0,0.13281538,0.0,0.094313055,0.0,0.06729394,0.0,0.0,0.3093889,0.811609,0.0,0.034170214,0.0,0.014705082,0.02871175,0.0,0.0,0.0032910113,0.3824944,0.09771595,0.0,1.0886012,0.044377778,1.7560531,0.0,0.0,0.0,0.046422735,0.0,0.10694798,1.6702186,0.0157749,0.14487365,0.0,0.0,0.27319714,0.0,0.0,0.14233102,0.0,0.2718759,1.3108243,0.442884,0.0,4.8996487,2.3864791,0.65883344,0.1099406,0.24283499,0.015532446,0.0,all_pothole_images\pothole_images_new_image_987.jpg
0.12170801,2.0628252,0.005457614,1.8059098,0.48214355,0.47150144,0.6356394,0.18880615,0.3624207,1.0742272,1.1270094,0.60154206,1.2082642,2.4772415,0.16741063,0.6446979,0.87429875,0.8175474,0.801582,0.9739622,0.038313493,1.0326442,2.3955343,1.8783265,0.39206585,0.51488173,1.8329381,0.9502016,0.9732237,0.4410524,1.6758205,0.16274332,1.8419684,0.62590253,1.4846908,0.6423793,0.02726869,0.12528923,0.50634646,0.9209878,0.0,0.37946856,0.2812168,2.5892298,2.0888677,0.02721136,0.24537541,0.0025379015,1.0208684,0.892298,1.2009083,1.1899908,0.28209963,1.1132033,0.024898602,0.9857899,1.9408382,0.91725975,0.6199258,0.8014509,0.39001873,1.4656175,2.879542,0.8725704,1.570049,1.1909237,1.7944211,0.9012591,0.8812092,0.3703185,1.8472576,0.72000664,0.5666445,0.053934418,0.15523025,1.217609,0.38553968,0.7276759,0.3952411,1.9069515,0.39675125,2.1851878,0.17753056,1.4204674,0.6569024,0.5006018,0.45533273,0.14420924,1.932179,1.5497342,0.3983559,2.497168,0.23261261,1.6592729,0.08164981,0.7731283,0.082766086,0.676627,0.96605074,1.001264,0.11148321,2.7016015,0.19460773,0.16013885,1.0892874,0.86997783,2.1368396,0.12842888,0.84975797,0.25132698,1.5481522,1.2345761,0.28254202,0.42855033,0.6456783,0.33566645,0.5590315,3.499564,1.290977,0.80921096,3.234577,1.8892635,0.78360474,1.0213464,1.962792,2.424011,0.041277174,0.30175418,0.50730926,0.01717167,0.74984413,0.24332987,1.4915142,2.5322402,0.0,0.18057165,0.069384165,1.3029898,0.97238564,0.28958845,0.48165074,2.1407506,0.26830363,1.3207846,0.7542608,1.0224082,1.1465042,0.25038564,0.7301211,0.20205593,0.016815903,0.63218176,1.5304414,0.11261856,0.717935,0.21476951,1.6927714,0.7143866,0.38406688,0.12008932,0.92607534,0.3707772,0.6261965,7.3331633,4.5560412,0.0,2.8448987,0.06979075,0.8777177,0.22100696,1.8040293,0.15240063,1.1743257,0.7235561,2.4412344,0.21852566,0.5057599,0.2068673,0.064335436,0.15297113,2.1732094,2.1104577,2.886889,0.90756845,0.61537194,0.15395609,1.7639961,0.0,0.22491758,1.554258,0.7667782,2.6124496,0.09770594,0.8044648,0.28762677,0.4691327,0.11539726,0.48415112,0.32291216,0.77003866,0.6231729,1.2667722,1.3674914,0.12835641,1.3066882,0.17197701,0.6102304,0.042314455,1.0990647,0.91971725,0.87637776,1.930324,0.8061903,0.96237844,0.36749107,0.015567351,1.1465964,0.55520505,1.5956569,0.3923278,0.6991774,0.8930491,0.45210534,0.47171363,1.12308,1.308526,1.0079787,0.7588112,2.337596,0.67403877,0.8936666,0.3634819,1.135087,0.06818962,0.0,0.9949512,0.5129126,0.60027444,0.067930155,0.072822854,0.80698407,0.38087773,0.6937605,0.3881746,0.022594642,0.19366801,0.35704538,0.0033557739,0.5325165,3.0584495,1.6583639,0.4582389,0.27846134,0.055100113,0.2002565,1.0866259,1.2135028,0.70415187,0.31571075,1.5702622,0.19739786,0.2708305,0.20000859,1.2549644,0.36043322,0.65303,0.49431005,1.0656985,0.9102792,0.06983242,0.25044134,0.031121073,1.3302759,0.5894936,0.67084986,0.6570796,2.2389772,2.3310032,0.3482827,0.06507655,1.2542969,1.6997602,0.9948901,1.6029913,1.8533596,1.2736089,0.21211615,1.0673304,0.84035933,0.6121097,0.40556157,1.2760062,0.75008214,0.14812557,0.992621,0.47910872,0.27766314,1.1021001,0.5174156,0.23116836,0.71860147,1.3336456,0.73298895,0.32032192,4.221587,0.08826364,0.21157733,0.18901171,0.70658165,1.6457264,0.56977665,1.4469116,2.466101,0.46056852,0.5469351,1.0873084,0.530522,0.30487278,0.36254668,0.2201521,0.74767596,0.57392204,0.90042394,0.78752506,0.88379675,0.60241634,0.8134426,0.638502,2.2773707,1.1938381,1.1089149,0.7171033,0.33305284,0.56368995,0.25335395,0.25054124,0.17908528,0.18253991,1.2292104,0.074178696,0.4837415,2.5148423,0.08000721,0.1669215,0.8764408,0.0020724058,0.7336076,0.04981038,0.15393531,0.32545164,0.53811073,0.7432635,0.40364888,0.9791077,0.6866159,0.06664592,1.9122266,0.5751116,0.5894407,0.029646877,0.10260379,6.0823755,0.2288661,0.02309248,0.043668095,0.6836678,1.9008888,1.2529604,0.62845147,2.6942108,0.62239015,1.1059333,0.7524347,1.4127754,0.40608838,0.33214554,0.036066275,0.18426386,0.35253835,1.5843773,1.754359,0.5739657,0.09533416,1.9011548,0.26017913,0.48756158,2.4464061,1.7171255,1.5245203,1.0325133,1.2879702,0.24656108,0.7703065,0.21613467,0.035048354,0.41510424,0.76216996,1.0717236,0.78775865,0.041406877,0.3934977,1.9730864,0.45273837,1.4698218,0.2538674,0.42979458,0.09684245,1.7376528,0.09349484,0.925134,0.8563362,0.9934045,0.76551116,0.90813404,0.79311246,0.56278676,0.6493563,1.3382683,0.8546413,0.5553704,1.147259,0.24099204,2.5402431,1.0835665,4.3977475,0.4249567,1.3785017,0.7568109,0.43034747,1.757293,3.3381832,0.61547035,0.881513,1.2676163,0.08490731,2.097553,1.546538,0.8636834,0.7142131,1.7239019,0.8519799,0.1909639,0.09816562,0.049465813,0.046841487,0.1314258,0.6174302,1.4931961,1.2847778,1.6677104,1.371142,0.43392327,0.26077375,0.0967435,0.57282805,1.0707595,1.8581779,0.103308946,0.51021063,0.40952465,0.09485502,0.76720405,0.16185756,0.9391842,0.19464616,0.2338641,1.8849841,0.11221134,1.1189094,1.3006115,1.6034598,0.46618855,3.0309958,0.36653763,0.26614085,0.54611915,0.7785709,0.20455027,0.083079904,0.1199909,0.9156751,1.7529587,0.33111024,0.34102052,0.09182808,1.0644429,1.2252542,0.6009699,0.84110016,0.2141968,1.3832399,1.0475577,0.0028412591,0.47725415,0.122302726,0.2936075,0.5184757,0.19214676,1.4470909,1.0048838,0.06307972,0.7819491,0.25789627,0.016132386,0.789917,0.28663638,0.0075490996,2.3372502,0.057238072,0.25943512,1.5836803,0.13894738,all_pothole_images\pothole_images_new_image_988.jpg
0.016564636,0.52518207,0.3275959,1.5671905,0.033971682,0.11869712,0.34408155,0.6729267,1.3261013,0.07058802,0.09379337,0.15093562,0.0055735316,0.48882717,0.2608514,0.46559697,0.4380351,0.22552352,0.5462428,0.8849829,0.37224734,0.9449578,0.48540702,0.32398313,0.08316656,0.0,0.17027391,1.2450206,0.063438505,0.0,0.0075370655,0.01379468,0.04246675,0.22439767,0.0,0.17265771,0.073693715,0.058100805,0.25601247,0.48852327,0.07378897,0.0,0.34901676,0.37762716,0.36871356,0.07026176,1.0022737,0.10233196,0.0,0.5234998,0.4580454,0.35262772,0.1184314,0.25457007,0.18840015,0.6724525,0.83659905,0.8771887,0.15952104,0.61288524,0.91244364,0.33842474,0.5279597,0.07614455,0.014880319,1.3164619,0.6974347,0.7232321,0.020805296,0.17683181,0.0,0.12847573,0.21140642,0.0,0.23307915,0.022046868,0.8228931,0.87381196,0.02234298,0.23265484,0.7430085,0.19573495,0.021060549,1.2841694,0.05554352,0.019148683,0.14114268,0.3754823,0.5633021,0.32512295,0.18542694,0.0021187733,0.120186344,0.00710899,1.1932008,0.11538957,0.04753793,0.72773105,0.57664883,0.064747,0.3340724,0.5579531,0.011742429,0.14456116,0.95669734,0.029654944,0.105075054,0.012924999,0.04864678,0.3725173,0.016214726,0.60828614,0.2106439,0.0020578601,0.20592654,0.0,0.1269903,0.4077554,0.6259485,0.8215727,0.63446325,0.2385411,0.06369422,0.39605603,0.15751141,1.8304008,0.23202899,0.005022487,0.5082848,0.00020625144,1.0315739,0.08074504,0.0047103623,1.0715168,0.3568834,0.03781716,0.0918438,0.27798742,0.0,0.005027503,0.2963897,1.3330059,0.111635506,0.09035584,0.27288207,0.20813121,0.17095041,0.4588571,0.61412466,0.5401055,0.07347241,0.781721,0.9401564,0.70433944,0.24296495,0.34557533,0.24184786,0.54683024,0.018396404,0.2689322,0.6425768,1.0341872,0.03542705,0.60376614,0.056306306,0.13603833,1.3813046,0.8091471,0.6370918,1.3487569,0.0,0.09067469,0.112449974,1.0941106,0.19647713,0.31081378,0.058267873,0.0,0.7064654,0.08037069,1.0433705,2.2304344,1.2921734,0.5321955,0.43491518,0.4316979,0.105948046,0.19109608,0.08209319,0.24075267,0.0,0.32240248,0.0260525,0.59048104,0.107005626,0.056143913,0.35937744,0.59346443,0.34567088,0.39370543,0.12644014,0.4019042,0.48631465,0.18698353,0.5010827,0.02333206,0.39919612,0.04555167,0.8645972,0.71551514,0.02731986,0.053603005,0.14588737,0.6342065,0.28504404,0.6650436,0.22299317,0.17756101,0.7916398,0.38764298,0.13009939,0.317892,0.31313547,0.2170564,0.0,0.26943198,0.5884642,0.004091664,2.1624708,0.13059652,0.27126786,0.10622037,0.47605827,0.0,0.12495629,0.010290202,0.7180265,0.33940682,0.1483161,0.41713956,0.019999024,0.14017826,0.46096882,0.32157636,0.07378957,0.04898022,0.2455964,0.09615429,0.154721,2.5826478,2.8214803,0.1384851,0.090734705,0.20935595,0.113614015,0.08838161,0.41299084,0.30957925,0.06296854,0.7013527,0.027508203,0.12198668,0.66669935,0.06819535,0.23579553,0.6649056,1.0785389,0.015977558,1.0360354,0.22136067,0.56511354,0.052498884,0.105361745,0.15702677,0.03460968,0.7342679,0.21532872,0.2197472,0.63469917,0.29241827,1.4930985,0.12071907,0.08325344,0.7735304,0.19322135,0.4516616,0.24355249,0.10090539,0.10919677,0.18258794,0.02671084,0.07227669,0.25312448,0.016807687,0.022883935,0.07667438,0.041200366,0.7083179,0.39204654,2.132352,0.65078086,0.38322768,0.20733127,0.2294453,1.7064099,0.009193174,0.12328709,0.23259953,0.40411735,0.17644688,0.25123924,1.2261719,2.3533726,2.01595,0.17871884,0.3917772,0.0,0.62015444,2.1702635,0.27992293,0.08961742,0.06533593,0.27989382,0.42713717,0.07836408,0.7012116,0.65726835,0.0,0.19268118,0.18844731,0.6154518,0.13574758,0.065932214,0.6794816,0.014324682,0.0113623515,1.3687475,0.7006152,0.034016892,0.8040357,0.12888822,0.16621545,1.8151319,1.3045905,1.4807957,0.44918436,0.34714392,0.043901514,0.0031955156,0.38758025,0.4412258,0.007050841,0.023348626,0.15864575,0.008449926,0.9291696,0.11836736,0.6920504,0.3549406,0.07301363,0.03878545,0.18108459,0.6451994,0.020235732,0.09286272,0.08373957,0.98877096,0.12814815,0.23194353,0.21242046,0.8064522,0.08582163,0.554437,0.06702872,0.025571752,0.0664459,0.058156036,0.18868735,1.0344956,0.010162544,0.07673801,0.32974476,0.8195722,0.22940224,1.0970805,0.404466,0.7529017,0.029949991,0.020302735,0.8669629,0.2932703,0.25792983,0.026885679,1.515639,0.17358059,0.25878873,0.3980065,0.10876139,0.5520628,0.8713448,1.0910813,0.004595701,0.5773029,0.2239917,0.0102695,0.06757964,0.29603872,0.13054363,0.22803581,0.34170228,1.2513946,0.18264903,0.029081604,0.18449792,0.73013115,0.14022677,0.4842522,0.1464011,0.277413,0.10749632,0.4245907,0.09235198,0.0,0.6579476,0.4246154,0.32874143,0.47905222,0.00043482624,0.7615702,0.0,0.63813007,0.09071906,1.4231857,0.051658176,0.81645,0.84067893,0.55583215,0.0,0.08089367,0.23895596,0.585988,0.07241381,0.24028374,0.28455067,0.18633163,0.6300932,0.46474767,0.121175386,0.080225386,0.19745937,2.2179687,0.0027638795,0.15856312,0.71728873,0.7152374,0.5196585,0.031320017,0.13262971,0.0,1.588446,0.27084604,0.004990642,0.32864293,0.002315576,0.54534185,0.65356976,0.24440199,0.0,0.32583725,1.7762146,0.7212945,0.49749616,0.06393265,0.0,0.006267333,0.18258826,0.16742347,0.9830275,0.12698478,0.26635608,0.81064564,1.0315773,0.36010566,0.014795789,0.018824836,0.14756675,0.0019336836,0.13315307,1.4165593,0.1341524,0.059658505,1.8426892,0.11266971,0.014588397,0.016093237,0.008410082,0.018470787,0.09159998,0.0057721506,0.0009413806,0.0,1.5510042,0.9879299,0.13911174,0.16997612,0.9443998,0.1820233,0.18552768,0.02024792,0.25768405,0.8314255,0.0038574873,all_pothole_images\pothole_images_new_image_989.jpg
0.2554896,0.7023311,1.9832243,1.0288743,0.12579304,0.5685325,1.5838159,0.048001327,0.50083905,0.3031198,0.41632283,0.19134112,0.7703136,0.85281384,1.528292,1.1086397,0.28837806,1.877487,1.6065257,0.54206747,0.9181492,1.9377712,0.7312093,0.000115651244,0.94805455,0.35710263,0.67093277,1.2343786,0.005294568,1.9271878,0.26529068,0.45487937,0.0,0.014441904,0.43428195,0.3204697,0.46728748,1.5282096,0.95622903,2.110595,0.1331378,0.19985428,0.6328075,2.4546847,0.4047851,0.5089414,0.37622505,0.004919497,0.1642039,0.0076685827,1.0740788,1.185514,1.1610926,1.1070665,0.80711174,0.18261181,1.0754846,0.3367045,0.8229594,0.08912139,0.6462001,1.9090501,0.24978524,0.43403435,0.18583883,1.337723,1.9339786,0.99092144,0.98362124,0.05744191,0.1964513,0.2245182,1.2550284,0.0,1.0532964,0.4937303,0.57645863,1.5584847,0.37092263,1.2600766,0.9912237,1.0424953,0.7043245,0.19862597,1.9531088,2.5221872,0.004716616,0.5750828,2.5118458,0.52059644,2.2816749,1.0717145,1.8237834,0.19923149,0.42591822,0.04929568,0.82660854,2.6533904,1.9101895,0.3903789,0.7284053,0.6736484,0.19513644,1.3355322,0.30225313,0.74790025,0.00035232457,0.30504838,0.0041584647,1.1202387,0.5617931,3.5543866,0.7773378,0.30608594,0.010183604,0.14601292,2.7627413,0.38830122,3.466506,0.7192493,0.7302338,0.026747815,0.66013426,1.2247306,0.885525,0.8559719,0.5889505,0.2731803,0.09315441,0.00739102,0.28208455,0.09411227,0.34581146,0.28705066,1.7800711,0.5070234,0.68837345,0.44481292,0.20629507,0.098812655,0.69140446,0.35093606,0.22187567,0.39049393,0.29440403,0.040614437,1.6622345,0.6148465,0.3966403,1.2383707,0.43581855,0.7153211,0.18450305,0.097453,1.7176915,0.3627643,0.37917602,0.5482454,0.4230039,0.1569741,0.13634047,0.013365157,0.0,1.0511799,0.3149876,0.8492028,4.02921,0.82794905,0.7383039,1.3029795,0.70941573,0.08315224,0.5479165,0.51815313,0.7465102,0.16930218,0.0063101877,0.1297594,1.7534218,0.5811725,1.0767287,0.26748502,0.7633284,1.5405539,0.0,0.37923056,0.46114343,0.52923703,0.8176642,0.19581631,0.1386836,0.1306899,0.24460347,1.0861379,0.08594411,0.23890711,0.6542777,1.833044,0.0436,1.3491687,0.1349632,1.6318644,1.1363149,0.73479414,0.020677658,1.5297542,0.064625226,1.847209,2.6236765,0.7047735,1.0273006,0.10036815,0.6101803,2.54352,0.46853682,0.9178114,1.2255353,0.73937285,0.71591806,0.084275,0.61270124,0.60240144,0.17947644,0.64845854,2.594486,1.0354313,2.1186855,0.07965533,0.115790114,0.6200972,0.85578763,0.8595027,0.074802786,0.4206424,0.05636542,0.40878168,0.5989106,2.4188256,0.0005486282,0.02246761,0.15775166,1.4026397,0.030229632,0.65577227,0.00035019347,0.38690317,0.22945882,0.6005562,0.9972462,0.049301166,2.705285,0.85283166,0.71716154,0.63029414,1.2380491,0.92661107,0.32808444,0.6803457,3.1592574,0.20679787,1.0247849,0.99848765,1.2747399,0.8767207,0.5349679,1.5750445,0.11473247,1.2961029,0.8410435,0.0057537802,0.25017387,0.7165556,0.60845333,0.18991669,0.040584825,1.1903882,0.28746074,0.011102376,0.004159391,0.040140912,0.026747016,0.2272071,0.2104755,1.0880538,0.59922016,0.38558,0.8493908,0.7788481,0.20717326,0.2654444,0.9601877,4.17714,0.408151,0.23172973,0.11352206,0.52485543,0.665958,2.6582878,0.7969722,0.41066387,0.0024947112,0.36332262,0.0716369,0.4587063,2.6095927,0.39054686,0.18969136,0.3144773,1.1536713,0.25313467,0.2634114,0.66121906,4.158792,0.39238104,0.20297396,2.6428814,0.52238935,0.036156107,2.5928166,0.03664033,0.26160842,3.155353,0.23653446,0.06763293,0.85480857,1.3127687,0.09671877,0.008105065,1.0763888,0.35767886,0.8537807,0.10266426,0.34292656,0.43686476,0.8017802,1.629625,1.5795547,0.7664964,0.18582848,0.41476396,0.5553892,0.9141104,2.1730294,0.031031812,0.75491333,0.5193803,0.70524955,0.7879805,0.54353994,0.47772613,0.22894992,1.3776821,3.564197,0.4118953,0.13118686,0.4894398,0.3673452,1.0902528,0.0,0.35636115,0.018171981,0.8638861,0.03682164,0.897877,1.0835499,0.052041896,0.79219425,0.16853455,0.5884652,0.14747143,1.122631,0.47509047,1.1426667,0.11406011,0.7783606,0.1774508,0.7976686,0.21092218,1.0516863,0.46757138,0.822301,0.23458467,3.54009,0.6551989,1.02178,1.23085,0.34364435,0.03423733,2.5779872,1.304716,2.2634087,0.80824506,0.745616,0.75909406,0.2257409,0.14348933,0.6869144,0.2796067,0.43912467,1.2045594,2.8176425,0.0015500562,0.08059464,2.3796318,0.185797,0.5476263,1.3409038,1.7875712,0.73092306,0.5373739,0.5082962,0.2289079,0.82190984,1.1463569,0.6167776,0.52187055,0.4349059,0.413098,0.40109447,0.67959476,1.2046205,0.22984822,1.7855262,1.0833998,0.32838675,0.11572382,0.19295533,0.38390914,0.76592076,0.0013537148,0.81474316,0.6104352,1.1382669,1.4698486,1.0973296,1.974972,1.1883745,0.025399098,0.024577072,0.0019446502,0.29377753,0.5843471,0.0,0.4441622,2.5380487,0.0,3.8152602,0.47342548,0.069265604,1.0951015,1.2820299,1.256435,1.9566861,0.38636684,1.1860491,0.60679364,0.4518761,0.5558033,0.49718744,0.04650763,0.08540328,0.3170249,0.37815717,0.06374607,1.3711233,1.3270594,0.3231692,1.1015441,0.2695805,0.5533652,1.8749437,1.6275502,0.012653339,1.9560549,1.9013265,0.24966161,0.08540301,0.46610668,0.58868533,1.3056078,0.5787585,3.2165477,0.15793365,0.15190059,0.001012599,0.1377886,1.1627148,0.72273415,0.73097914,0.39162654,1.3550458,1.5693192,0.21888499,0.63703626,0.02614624,0.16518289,0.20656429,0.69770086,0.4694715,0.554414,0.029216737,1.3953905,0.714916,3.7616448,0.7910389,0.7246263,0.04208478,0.5225798,1.1794891,0.95983917,0.12069761,1.3408791,all_pothole_images\pothole_images_new_image_99.jpg
0.48567736,0.46242785,0.20857857,2.2488132,1.148642,0.41841373,0.79506534,0.019295841,1.1239736,0.3252547,0.029977068,0.42309543,0.94601095,0.82898253,0.06825773,0.1157253,0.027588077,2.3689377,1.0211985,0.54446703,0.18043064,1.2755027,0.16366468,0.69136184,1.7490405,0.77361387,0.5262643,1.1202393,0.08484161,0.10441883,0.720175,0.7941508,1.4319082,0.6166775,0.5206668,1.6568152,0.19025373,1.850662,0.1171978,0.21894544,0.0028929315,0.13998775,0.38301262,2.1032336,0.057921592,1.0860842,0.07025517,0.0,1.1777971,2.917132,0.5788664,0.29844424,0.27774784,0.14521162,0.613277,2.1217904,2.0144494,0.40100187,0.43076286,0.035964224,0.8470727,0.5883142,0.5459652,0.08515216,0.84615654,2.5730438,0.09724412,0.014087179,0.27074903,0.010074799,0.05514215,0.18538578,0.09997105,0.9653102,0.6219528,0.11637451,0.011544539,0.23317847,0.42125797,0.024702558,0.08250413,0.0019020421,0.61223054,0.24597225,1.1549187,0.2617159,0.24299793,0.502709,1.4927189,0.01808792,0.9691251,0.2019145,0.0026370764,0.187536,0.042244133,0.0,1.2870984,1.167127,1.0196595,0.4225231,0.00906051,2.7154534,0.9459806,0.3543134,0.14673457,1.4588163,0.40375817,0.2579945,0.004367238,0.56637853,0.008875267,2.5836334,0.24564001,0.8207668,1.1271118,0.10289801,2.8263218,0.75895035,3.6225214,1.8271166,2.0370169,0.15595204,0.41287917,2.17708,0.6650129,0.20000002,0.8156466,2.2452056,1.4932537,0.00010731593,0.32629856,0.0,0.15594451,0.09438134,0.004312484,0.69589686,0.1946738,0.8884282,0.44806826,0.080838636,0.4184193,0.01399866,0.087599404,0.2955935,0.17342551,0.53852135,0.74636126,0.42234343,0.116108894,0.38559622,0.25290698,0.6695901,0.0,0.09786808,2.708249,1.3931143,1.1893537,0.14604084,1.8962822,0.37638938,2.0003555,1.7682623,0.054845244,3.6845918,0.27588004,0.31799307,0.28170317,0.3462891,1.4277041,0.98399305,0.17283155,0.006232921,0.011875507,0.53803784,1.0315512,0.041838318,0.0,0.13149677,0.5581612,0.2139855,0.0,3.117494,2.4530802,1.1616216,1.0135088,0.87927604,0.7954894,0.8026512,0.9318131,0.83629537,0.2789507,0.07623557,0.2657045,2.3111343,0.48393524,1.2836823,1.2095481,0.78940785,0.24596259,0.5999354,0.57118297,0.8690491,1.2426763,0.92076975,2.4779348,0.36786488,0.56595606,1.0121986,0.55422735,0.668198,0.009309769,0.0071630464,0.99458236,0.5988946,1.0929645,1.1750901,0.74901485,0.2034349,0.9312757,0.106457494,0.021394517,0.4656348,0.31192505,0.22161695,0.027685948,0.8774575,1.6563113,0.6348173,0.14226818,0.10365448,0.16761239,0.046476573,1.5035948,0.58115727,0.058569986,0.2145352,1.6191851,0.10098278,0.06783411,0.17427483,0.07558724,0.15523627,0.13530216,0.285461,0.27924812,0.112552874,0.36698925,0.7070188,0.93169,2.4911075,2.0831404,0.4008909,1.2773204,0.19374803,0.16934001,1.2311422,0.34506002,0.17767762,0.25438255,0.8441014,0.15093152,0.04072826,0.1088124,2.2629242,1.2368202,1.0100422,0.0803073,0.30599776,0.28767958,0.995477,0.037079796,0.30370465,0.08103899,0.39763907,0.48781765,1.3113769,0.49294847,0.4295253,0.7053872,1.1971171,0.19941384,0.5641994,0.08459292,0.06718126,0.47462225,0.5832395,0.76287246,0.5417139,0.24182487,0.18153192,0.6313175,0.057028804,0.27957422,0.4608568,0.050270688,0.1595856,0.12824018,0.9619925,0.8584341,0.0,0.32007957,0.5008046,0.20173864,0.6405122,3.4497542,0.33803573,0.030315049,0.23342806,0.03974435,1.3926616,1.8094972,1.727587,1.3450277,1.2649354,0.07993383,0.65938264,0.10696524,0.18480475,3.4422424,0.11639211,0.67222446,0.05308463,0.292541,0.028961245,0.97494364,0.34133762,0.26478714,0.11422924,0.28176865,0.0076645575,1.059035,0.57074505,0.0,0.020407654,0.0034281998,0.3124648,0.59649265,0.040939886,0.29589638,0.52560604,0.6546487,0.0042260326,2.0672457,0.15344752,1.5907885,0.21897046,0.27634102,0.18260722,0.6066443,1.3064007,0.90669125,0.60414314,0.15894507,0.00082700286,0.061705578,0.16853876,0.6751964,1.3157109,1.5213059,1.2342427,0.38764662,0.32434553,0.08835088,0.35528374,0.004640663,0.4240826,2.0891888,0.17442407,0.17042755,0.22485097,2.4596455,0.56949824,0.5543049,0.19342606,0.46006134,0.50025636,0.03984804,0.6258996,0.18043907,0.22226577,0.8010823,0.032375906,0.018889284,1.5018966,2.163985,1.2241315,1.0444684,0.047112823,0.02974129,0.17119662,0.72536397,0.8581144,0.2858846,0.05033303,0.5313462,0.29867724,1.9731771,0.034432575,0.105765104,0.36678815,4.1598907,1.15909,0.3004739,0.5502671,0.57503736,0.0,0.35027087,0.90011346,0.17170177,0.41266656,1.5598847,0.24962579,0.3214586,0.7736438,0.016256388,0.12713192,1.2908012,0.016362177,0.45764813,0.0126449885,2.6198113,0.39812577,0.1383589,3.4852347,3.699918,0.05162948,0.22509684,1.4911532,0.022403155,1.3206471,0.2661144,0.45489275,0.10244498,0.19576457,0.62809014,3.0275598,1.1225183,0.62523484,0.2908646,1.1026108,0.288154,0.34689322,0.6502448,0.9693058,0.040024757,0.029614925,0.245441,0.28394789,0.15723108,0.8078596,1.3679341,0.6498393,0.034264706,0.7153562,0.8289755,2.0399494,1.4664419,0.20798925,0.5971755,1.469307,1.530799,0.209964,2.5800152,0.4718825,0.64066327,0.6249003,0.260267,0.03579182,1.9349182,0.49625683,0.76843977,1.6953405,0.037659407,0.1753537,0.982747,0.021222387,0.609392,2.5263562,0.026360814,0.0,0.12227751,5.6140246,1.1817412,0.6024236,0.025324527,0.088009134,0.43021214,0.11769858,0.23623353,0.3137435,0.25791946,0.35582978,0.22094867,0.51675767,0.034264445,0.017234586,0.07425233,0.30789724,0.21774867,0.0014652421,0.5640877,3.6665742,1.154498,0.21287233,0.9008403,1.7138102,0.035042815,1.1143407,0.76963884,0.0,0.06631356,0.0,all_pothole_images\pothole_images_new_image_990.jpg
0.043223586,0.75629336,0.0,1.7242874,1.1420486,0.0,0.19699803,0.053063966,0.04001646,1.5002058,0.2101909,1.4587789,0.68742764,3.1026423,0.0010645821,0.005262477,0.77941525,1.0351721,2.2501156,0.59298486,0.90928346,0.7047363,0.21543245,0.068644084,3.0029035,1.5410137,0.4725619,2.8794723,0.20263751,0.29724947,0.6517298,0.4095056,0.094647095,0.20783113,0.7617382,0.37697375,0.06665387,1.6401296,0.8352473,0.002233394,0.007430353,0.19348793,0.2855425,1.957389,0.6232803,0.044202648,0.64897907,0.23786393,0.91787577,1.6774384,0.7844299,0.028186293,0.49886832,0.4009993,0.02418089,2.0330713,0.12956479,0.3477327,0.38166267,0.52577573,2.014827,0.37354547,0.6927624,0.21187778,1.1586581,1.886232,0.1309753,0.0,0.10636623,0.5154508,0.8899389,0.12280987,0.5449275,0.09338264,0.8609946,0.0,0.040943544,0.32119024,0.68470865,0.33352083,0.12975907,0.49676037,0.47185102,1.0324063,0.26034856,0.0058657075,0.7100301,0.08188319,0.7093031,0.0009624259,0.17268558,1.0684267,1.4376607,0.49049988,0.12919667,0.090860434,0.09704315,1.2767911,0.23059739,0.895263,0.64445174,3.3234053,1.5029463,0.040383264,1.3503097,0.38589656,0.476544,0.005635129,0.0061016907,0.029783005,0.45122838,0.0836774,0.54569,0.52194554,1.2458315,0.54539794,0.08002289,0.21552695,3.0107515,0.33651903,2.448218,0.0,0.5575886,2.0981414,2.455062,0.40347347,1.082849,0.18294922,0.9066807,0.04809987,0.12183362,0.119490765,0.20603362,0.0648616,0.15054592,0.0,1.4023092,0.13268438,0.2916125,0.15194371,1.1966567,0.00043510477,0.08163488,0.3181779,0.007143727,0.7422504,0.26689813,1.1000661,0.34981722,0.03920055,0.27719784,1.2840128,0.22474407,0.067996226,1.3911734,0.52072877,1.3913199,0.54015553,0.24733911,0.15067002,1.4066519,2.3144982,0.5524826,2.3524473,0.16180949,0.03576381,1.6185222,0.30099067,0.30722442,4.3866515,0.012927156,0.019378284,0.38627768,0.13646601,0.05967582,0.109293684,0.5920644,0.9053648,1.1604524,1.2324882,0.5442042,1.9780326,0.9272963,0.17110388,0.39303482,2.2843893,0.22224702,1.4664617,0.40644762,0.60533506,0.12729298,0.459285,0.024443435,1.051252,0.2501067,0.9260504,1.8337929,0.07040595,0.35065383,0.1754902,0.008521832,0.362117,0.09094963,0.2947019,0.12772836,0.7751069,0.011454825,0.08323311,0.86457837,1.4359146,0.008175128,0.06740157,0.9210643,0.19252309,2.059277,1.088398,1.0496037,0.34218943,1.0803452,0.24706677,0.43055752,0.65140975,0.42479938,0.98914665,0.10628943,0.023809202,1.9443834,0.835548,0.70618093,0.59468365,0.0,0.008738148,0.84339523,1.1223497,0.00618504,0.1993739,0.8226178,0.34623477,0.09462703,0.37597078,0.11603511,0.27444166,0.4974516,0.8439815,0.54140085,0.0011703098,0.35735795,0.2701587,0.14387845,2.5148032,3.2175643,0.22926964,0.014087535,0.51506716,0.0215043,1.6863725,0.030856786,1.4977269,0.42216134,1.9319563,2.2316287,0.14327341,0.38473734,0.04779187,0.024015406,0.20801006,1.7142593,0.2871845,3.2663543,0.07230598,0.31053966,0.05541919,1.0082245,0.26232085,0.12279547,0.7154409,0.2756647,0.4906047,0.09436539,0.23122121,1.4066075,0.7487391,1.2324252,0.41003332,0.05420276,0.43519658,1.1735231,0.4003001,2.6403239,0.9220643,0.0,0.14508085,0.82683724,0.66541886,0.11980601,0.03381164,0.10378728,0.9541982,0.16644388,1.4170096,1.1896017,1.5028565,0.5289207,0.042804584,4.1210413,0.0015744815,1.1424037,0.76965517,0.6191865,0.40310955,1.6186066,1.9789933,1.4645803,0.45508716,1.093611,1.0212756,0.14170791,0.62156934,3.4571543,0.31365132,0.053916074,0.08621497,0.09496546,2.246217,1.6037351,0.019748159,0.0049506007,0.0,0.16758552,0.010692191,0.95277715,0.7563682,0.352955,0.18992814,0.59815645,0.012922619,1.4560267,1.5622188,1.0658182,0.623231,1.0238929,0.13950306,0.79684323,1.2861739,1.6572312,0.4603217,0.22754213,0.67842025,0.8866626,0.20265402,0.5230892,0.47727984,1.3451014,0.4353474,0.1492697,0.223828,0.12037862,3.287085,1.6102967,0.36859396,1.32267,2.078825,0.14522861,0.4736545,0.012497036,0.047651928,1.538198,0.7982651,0.0,0.33914798,2.062609,0.4012795,0.4545918,0.052098274,0.0,0.4795666,0.27938205,0.21814214,0.88602227,0.076698914,2.7202964,0.0,0.41879687,0.71307576,1.494448,0.09914233,0.98453224,0.028398946,0.07492211,0.72766674,0.1842523,0.05450109,0.68895984,0.7327502,0.36779472,0.36365142,1.9632115,0.14492969,0.25413528,0.03352562,0.95077014,0.9436011,0.45059088,0.71192306,0.25488743,0.65624857,0.35418764,2.0864668,0.80407184,0.019697296,0.6813736,0.3096714,0.054374352,0.42897606,0.005624428,1.54358,0.16259536,0.5055448,0.42456248,0.2737985,3.8024528,0.7536713,0.29114747,0.56166416,2.7264733,0.0530997,1.2306124,0.87572694,0.0,0.0077143298,0.26456916,0.8694865,0.5765415,0.1800698,1.0041404,0.685286,0.8425607,0.054795243,0.0,0.0866094,1.6200508,0.26485914,0.41176248,0.100158416,0.07165672,0.00640574,0.13897419,0.75721776,0.00999041,1.9313345,3.5325246,0.38509545,0.17948434,0.2278395,0.5592764,0.7196109,0.15602028,0.21732835,0.11024746,0.4617333,1.91291,0.256808,0.7105939,0.0053729056,0.28724724,0.5419073,0.5747697,0.3057236,0.50965685,1.240286,0.30109462,2.1617665,0.6665253,0.20561561,1.8244784,0.010202843,1.1986017,1.3307805,0.029234076,0.033294614,0.30560228,0.9709935,0.4335897,0.0,0.05699288,0.17120986,0.47676155,0.0,1.4268023,0.0,0.89112556,0.7990202,1.8175019,0.1606064,0.03952844,0.048264805,0.356395,0.4088499,1.1266667,0.37226167,0.87095654,2.716034,0.23423934,0.3439132,0.9050442,0.8055004,0.51547223,1.3470424,0.044788115,0.26508388,0.28773955,0.22512698,all_pothole_images\pothole_images_new_image_991.jpg
0.482308,1.9239682,0.67603785,1.7850974,0.361104,0.7398079,0.2138854,0.20103057,0.6405737,0.41367233,0.6420938,1.149439,0.048586547,1.3668666,0.70214266,0.8306911,1.0751394,0.1642628,0.7399106,0.93650985,1.2314296,1.5655845,0.36117694,1.102439,0.6427205,0.62786555,0.23529832,3.738264,0.5141272,0.2885076,0.53588176,0.31000072,1.2091992,2.096032,0.24714683,1.4024272,0.43628514,1.0654584,0.20074654,0.60496837,0.40764582,0.16074985,0.6830885,2.4580526,0.84747016,1.3957199,0.25873187,0.06320419,0.36805257,1.00486,1.1218982,0.5179939,0.8936842,0.54161054,0.47291443,1.2774733,0.1425019,0.043941543,0.782384,0.1264562,0.6396721,0.3790113,1.3840058,0.55166584,0.40343592,0.77150875,0.37382978,0.96604747,0.5834603,0.3678851,0.73135626,0.2862924,0.27787015,0.83994985,0.6761676,0.8576272,0.5914668,1.2927469,0.036147106,0.3499887,0.8208179,0.12388817,0.20032357,0.8592602,0.833453,1.0300905,1.0726721,0.38817322,2.896006,0.11851503,0.16002563,0.08546626,0.4731447,0.75786465,0.024013631,0.5531066,1.1193095,0.79226404,0.62124974,1.2229515,0.111416504,2.942852,0.5934678,0.3415554,0.25599745,0.23558153,0.7526808,0.5870998,0.36042917,0.35674557,0.0,2.2743387,0.77368176,0.20045769,1.0018706,1.4026703,1.484804,0.81073487,0.3313937,1.302435,1.8479285,0.9215701,0.93988746,1.7331278,0.46500453,0.14948218,1.3707134,1.487541,0.9293753,0.5081875,0.7234142,0.0,0.21123695,0.59916276,1.1842023,1.403334,1.2482513,0.7607821,1.0693407,0.38596192,0.18029752,0.18375139,0.122002386,0.5521024,0.9713277,2.0155914,0.6230947,0.12656401,0.4378909,0.62297744,1.833724,1.1256099,0.13138698,0.0126621025,0.25806347,0.8613085,0.2122303,0.36416745,0.62568015,0.79814845,0.5225582,2.7286134,0.0028853659,3.4309692,0.0082524335,1.7585142,0.9992265,0.80084336,0.50461704,0.70253485,0.85295665,1.4398557,1.5558147,0.4513459,0.3725216,1.198875,0.63227564,0.024160849,0.36394453,0.38315308,0.082714416,1.7028096,2.1371593,1.7512456,1.1652329,0.23708728,0.18536116,1.0355719,0.74609804,0.24499749,1.0668483,0.52485377,0.14231327,0.6720352,1.4448909,0.76036644,0.9284453,0.06099588,0.05498043,0.66695356,0.60704,0.48603165,1.5857127,0.4275158,1.1468722,0.31471577,1.1845108,0.49034235,0.15520474,0.09909145,0.95079106,0.031326186,0.5442246,0.21810794,0.81415606,2.7674584,0.55500513,0.16723128,1.773572,0.37536314,1.4057715,0.02546368,0.89409405,0.16628744,0.09622321,0.71235144,0.42756596,1.2678883,1.1041809,1.0748459,0.05497666,0.4008796,1.4070078,0.055044897,1.116062,0.018407637,2.6084766,0.18768212,0.053110473,0.42372847,0.6495762,0.28552523,0.9874871,0.033544913,0.90552646,0.055480972,0.31881627,0.5789667,0.5100366,2.7313974,1.540261,1.5162568,0.49787444,0.7538181,0.2097668,0.24407822,0.22725774,0.055961423,0.28249872,2.9233143,0.33683813,1.0736483,1.8380067,0.06993629,0.21386021,0.11859016,0.108277515,1.5689323,1.2085027,0.969713,0.26061755,0.064259574,0.123915456,0.7563413,0.24706109,0.81328875,0.4848138,1.0309532,0.94061625,0.62563026,0.33282882,0.4069971,0.2902773,1.1742368,1.9776464,0.022725396,1.040426,0.9158615,1.0008653,0.036533553,0.52708817,0.101030745,0.24114475,0.636076,0.7476826,0.44695413,0.998311,0.5807444,0.82281363,2.0332553,0.93752253,1.0527513,0.57712376,1.2464545,4.2103314,0.57182884,0.51579636,0.8483778,0.36669514,1.7926562,0.28324702,0.93820125,2.2754984,1.3723373,0.31374693,0.78874373,0.032947015,1.322305,2.9276245,1.2436419,1.2354093,0.29851323,0.99304086,0.80602723,0.83777195,1.9881523,0.4642233,0.8889388,0.757553,1.3704195,1.7159923,0.3519542,0.09436809,0.12905642,0.17788342,0.5804031,1.0176735,0.5253726,0.38151428,1.5583191,1.0881339,0.34150648,0.56533706,1.1103019,0.9168661,0.5159345,0.33670098,0.66940117,1.0978255,0.5854219,0.37373173,0.22415836,0.13914499,0.14159559,0.6765511,0.1692288,0.32187945,0.18458843,0.5421705,0.4533015,0.022569045,0.74737376,1.2417663,0.983189,0.36346942,0.6163285,0.6430567,1.3361487,0.39755303,0.5674259,0.58761317,0.7780729,0.13728712,0.34219882,0.07575942,0.17474824,0.791386,0.11525267,0.26090243,0.5334081,0.6535194,0.5393342,0.8741881,1.48282,1.5296669,1.2261899,1.8870993,0.9880019,0.10029806,1.464333,1.2119987,0.7159509,0.43859535,0.23193946,0.13271677,0.47996122,1.0041881,0.5545421,0.63944787,0.012901832,2.2894034,1.32043,0.39790592,0.5801618,0.24779646,0.7373892,1.1913799,0.07873265,0.28765416,1.2556465,0.8487976,0.32156312,0.7469327,1.6543219,0.0,0.39549932,0.54383236,0.39447442,0.9967316,0.2393507,2.3728724,0.59800535,1.1984729,1.2683905,2.56244,0.05821629,0.41049314,2.5207734,0.351109,0.9488885,0.25979346,0.07729529,1.1058788,0.6782375,0.57774574,1.5212072,1.0401874,0.505175,0.058371782,1.4299978,0.8863754,0.30917853,0.27445334,0.22629982,0.0138140805,0.9049872,2.9080148,0.9593954,0.44540107,0.5600252,1.3110973,0.6498609,0.6330481,0.28205922,0.8072035,0.5036307,0.6696975,0.84569144,0.59453946,0.06183355,2.285292,0.23237997,1.0818425,1.4411398,0.41337016,0.7862254,2.3906167,0.069905184,1.3366711,0.5412391,0.7942528,0.46244875,0.31034273,0.18618147,0.41494757,0.11551529,0.83887434,0.7641866,1.0909472,0.275146,0.8333683,2.250269,0.5634525,1.121591,0.28664738,0.05946754,0.44187838,0.85520285,0.17924581,0.13882115,0.6165224,1.4415209,0.18981233,0.5523085,0.7971958,0.47874534,0.068657316,0.13471422,0.14690368,0.21945655,0.85322833,2.2593114,0.12074239,1.9504466,1.6194602,0.98768395,0.46034652,0.38872534,0.46317315,0.40477636,0.41441992,0.23182268,all_pothole_images\pothole_images_new_image_992.jpg
0.64653206,1.3811603,2.2830381,0.7399891,0.9247359,0.6030405,1.3659546,1.4818157,0.2567181,1.2624285,0.28293616,0.48916247,0.022018904,0.14162552,0.19029808,1.3971479,0.3475783,0.26236552,1.1305803,0.6189482,0.15087192,0.46311915,0.61472535,1.7404754,1.8600684,1.0812105,0.21825081,0.7723913,0.3307942,0.06593106,0.059437633,0.30664924,0.7010305,0.3452731,0.54280597,1.5773969,0.48486733,1.2924713,0.3636311,2.0526083,0.39767408,0.98175234,0.5861125,0.6642437,0.20980068,0.9240705,0.336664,0.31518775,0.3320881,0.1385226,0.38056308,1.4584808,1.0078399,1.3412787,1.0037124,0.007752031,1.6910986,0.02580028,1.3981462,0.36296797,0.20688315,0.013576164,1.0884498,1.0124788,0.36800566,4.23095,0.52504206,2.2262495,1.2779714,0.09588271,0.8826091,0.39113045,0.74671644,0.683751,0.32088003,2.4259572,0.083134934,0.18091755,0.1502422,1.7329037,0.023121536,0.6216863,1.2985117,1.3934786,0.8908263,1.1770686,0.65331066,0.046007387,0.64152235,0.5973252,1.381564,0.5645799,0.03120948,0.9132618,0.71544695,0.01716925,0.4054633,1.0099317,0.90158063,0.23319386,0.29941806,0.37912726,0.031807125,0.543668,1.1084019,1.3129414,0.81326294,2.4298055,0.8940364,1.8286774,0.21200657,1.7359428,0.01193188,0.044734914,1.8337418,0.34981632,1.4454596,0.7091324,0.4741992,0.8051573,0.35533866,1.6973956,1.1542076,1.7967426,0.3863194,0.20178744,0.023313463,1.1696458,1.1536832,0.5253451,0.8806095,1.0985888,0.7345193,0.046182927,0.039080426,0.06523286,0.5136805,0.674422,0.3361459,0.3067201,0.09382563,0.5538537,0.74140817,0.28808033,0.071360365,0.6244377,1.8686571,0.85285324,0.23682533,3.2333784,1.1619105,0.11803317,0.16297752,0.39295235,2.2740865,1.3529242,2.0505397,0.8811882,0.44038165,0.5542377,1.0530765,0.521813,2.0523782,0.5840832,0.88208115,0.32437253,0.9557092,1.0903716,0.43577567,0.3550559,0.91854745,1.6415062,0.12137629,2.114209,1.675801,1.3034632,0.7340431,1.3658347,1.1212524,0.11041592,0.01833214,2.5137968,2.0022552,1.3025495,1.9009136,0.13874291,1.2683057,1.7431178,0.37535095,1.921752,2.8296266,0.089063615,0.82933605,2.4073265,1.4355054,0.11596341,0.0012455732,0.5879853,0.6824497,1.193298,2.6541147,1.061902,1.5123751,0.44918454,0.9681292,3.270796,1.362115,0.5529528,0.32893413,0.41997617,0.54724014,1.0374013,1.5449399,1.6443206,0.4913914,0.8776863,1.1350597,0.020027744,2.0230289,0.13198654,0.25764555,1.5513932,0.15555015,2.029555,0.4297057,0.42916998,1.9989473,2.5578854,0.29829508,1.1983491,0.5656925,1.2073601,0.15857334,0.35761228,1.3312088,0.08287262,1.0904754,0.36968076,1.455281,0.73091835,0.37884134,0.59087634,0.3094055,1.4571358,0.15033938,0.7552771,1.1553316,1.1856344,0.49249643,0.6270294,0.7151245,0.195243,1.7343131,0.6850695,1.4369237,0.4682832,2.113071,0.45626715,1.3533108,0.17655633,0.18387261,0.79693276,0.031450495,1.4576565,0.7651427,1.2906743,0.817724,0.90691507,2.3153875,0.60346687,1.1609615,0.52257556,0.79221934,0.73515505,1.0770499,0.67846507,0.606807,0.7464358,0.09846438,0.13551071,0.041760325,0.14101036,0.24717054,0.70782065,1.2099005,0.15211965,0.70939523,1.6477882,0.70556873,0.01512598,0.9648321,0.6200017,0.1591257,1.954516,1.2508084,1.9641298,0.9830146,0.55529004,1.2986101,1.1652588,0.21004666,0.2497107,0.50454205,1.1377037,0.884995,0.34710568,0.09821718,1.6812017,1.3579897,0.5511432,0.7210927,0.439543,2.9306939,0.19314966,0.451301,0.2542423,0.5976265,0.6135558,0.1849743,1.6678274,0.21017666,1.552974,0.4155324,0.6600454,0.8169969,1.3582109,0.3391757,0.64089304,0.91029775,2.0741434,0.957481,0.77169836,2.6426473,0.14648351,0.52952826,1.2273587,0.58413696,1.1461807,0.49379542,0.18762404,1.321543,1.7327342,1.2735169,0.10491579,1.3773081,0.03748835,0.47077644,0.30472252,0.1043626,0.5107506,0.37180355,1.0269918,1.5097313,0.41538042,0.17824286,0.14536554,1.0216786,2.3100622,2.0612378,0.76393515,1.5138247,0.07707708,1.6872733,1.3007059,0.10401288,0.959399,1.2655449,0.94472796,0.1909734,0.25263214,3.7563295,0.78287834,1.1403,0.8787354,2.1910021,0.09345334,0.6706809,1.5560324,0.32680467,0.40268993,0.47185344,0.58851284,1.4792533,1.2871159,1.8425589,0.88048023,0.31346884,0.023713691,0.10877257,1.3477595,1.0631808,3.1932783,0.7153306,1.1798041,1.9852958,0.18468872,1.7216237,0.8845958,0.66246545,0.43158215,4.5594673,0.5879769,0.0071841464,2.1259942,0.5304294,0.32002392,1.1937089,2.7147815,0.48387775,0.868249,0.15570602,0.8909254,2.5481155,0.15392964,0.2410825,0.11643958,0.77329814,0.23676199,0.13237685,0.3319868,0.38980368,0.6962535,0.8601219,1.6585246,0.31361368,0.6131116,0.1259884,1.3564351,0.26065743,0.9245796,1.0601023,0.7254435,0.8576014,1.6740382,1.9980175,2.3629105,0.41311875,0.1747789,0.46218023,0.36581695,0.39697456,0.06667522,0.3792076,1.6341934,1.4894683,0.016616467,0.67523956,0.49797362,1.9457957,0.66693985,0.42969093,0.12512182,0.8667498,2.2237258,0.3266125,2.003231,0.30549723,1.7272391,0.0787824,0.39031312,0.7091034,0.3086762,0.60369164,0.41905677,0.5746678,2.6203918,0.81347615,0.43239224,1.0939835,0.37459213,1.082993,0.5089455,0.68868357,0.4897089,0.4234041,0.8387823,0.63243854,0.8381084,0.66802263,0.110650316,3.71801,2.6097636,0.90116364,0.027353872,0.72329026,1.0883473,1.6284329,0.48878777,0.7099534,1.5825111,2.3231647,2.5322583,0.0819295,0.0030775797,1.1432234,1.9781642,0.09359573,1.1294154,0.07935586,3.5951817,2.041592,0.9767007,1.2959703,0.6458424,0.050704435,0.97563124,0.71469676,1.4459987,2.1473458,0.28405038,1.4713371,0.50739956,all_pothole_images\pothole_images_new_image_993.jpg
1.3469596,1.0075612,0.4676804,2.2134974,0.61424565,0.45729434,0.8182492,0.44878852,0.8371079,0.24266689,0.55551213,0.55363274,0.15192312,0.84269154,0.12787364,0.13897112,0.14589573,0.09633571,0.2466935,0.49175164,0.075701825,0.98506474,1.4058707,1.9261577,0.0010860495,0.28473413,0.016891325,3.8690107,0.20315675,0.117709614,0.7402997,0.18693912,0.9312198,1.3937175,0.74735004,1.528246,0.6874828,0.7013822,0.0050643836,0.14153703,0.23890388,0.06513212,0.69373935,1.0165623,0.020256203,0.665711,0.078241855,0.13821585,0.012260728,0.4223358,1.315813,0.33758762,0.4184619,0.03804538,1.1017946,1.4045132,0.8485649,0.9592421,0.7336693,0.33317432,0.76736104,0.68039495,0.4273771,0.18153885,1.8675878,0.60169864,1.2575208,0.5784632,0.21775101,0.29867575,0.78699654,0.012942221,0.3389487,0.029059852,1.2687546,0.0,0.7458238,1.3048809,0.17831859,0.33465612,0.024967028,1.2584282,0.017569996,1.1777196,0.5729708,0.6752033,0.0,0.09099557,0.981838,0.38928246,0.67411786,0.537155,0.0007166274,0.15427223,0.57789254,0.1602074,0.3191178,0.7326107,0.16997905,0.15591002,0.07350053,2.765981,0.44379875,1.0098228,2.5576293,0.6167724,0.45910347,0.5705745,0.067626655,1.0844129,0.15648934,0.27987453,0.09149168,1.2153463,0.3218173,0.09956672,0.65608215,0.77864414,1.4391024,0.7183971,1.497486,0.35483325,0.27331185,0.3606069,0.75900483,0.69854283,0.9691542,0.76805454,0.2838007,0.15958807,0.75294906,0.15676475,0.24382891,0.4004981,0.2592411,1.2761694,0.7416407,0.3326729,0.010969293,0.25376797,0.77726316,0.052950375,1.2834783,1.299463,0.27858326,0.6005338,0.10757069,0.09136847,0.2847222,0.3870386,0.40982795,0.9156297,0.1725263,0.65024096,1.1082256,0.15138789,2.2303178,0.48028025,0.42158562,0.92490745,2.0969741,0.5780347,0.06979116,0.59828436,0.45397383,0.13161853,1.6000097,0.17998517,1.5416013,1.8951565,0.06351049,0.16084146,0.0,0.40435767,0.13051923,1.0963384,0.50375175,0.0054369336,0.16671507,0.012691184,0.0,0.9312862,0.3505099,2.1505818,0.791516,1.5791662,0.23518258,0.33075345,0.7862357,0.11220354,0.11010835,0.16658853,1.8046644,2.4244776,0.59919,0.38159356,1.7730031,0.9631342,1.1338605,0.10427845,0.6586017,1.4265038,0.8435301,0.16520874,0.008389761,0.8046965,0.96016216,0.2407687,1.4923744,1.5506334,0.02094421,0.51202846,0.5455598,0.34374604,1.3031982,1.2064755,1.4620547,0.17076044,0.9220933,0.09864613,1.3756254,0.08666735,0.77209985,0.6364231,0.0,0.014379698,0.48603266,0.23966846,1.7006568,0.66280466,0.05680374,0.14180952,0.36655667,0.28909937,0.5530297,0.012954213,0.84353805,0.93771845,0.00036509844,0.89372283,0.54616266,0.4051717,0.3080263,0.7869855,0.36155272,0.0,0.7303395,0.763165,0.6225021,2.2167165,2.590581,0.43006647,0.0024365375,0.37299082,0.65667707,0.040949274,0.008675522,0.0010220694,0.29155642,1.958611,0.77971476,1.5533096,0.49003276,0.30297303,0.0,0.57027036,0.34613723,0.61346215,1.3671923,0.6413671,0.5101389,0.17604752,0.15137924,0.13898036,0.0,0.62091595,1.9045864,0.8160269,0.78791034,0.3846511,0.178549,0.78997505,0.26210663,2.2520854,0.26252517,0.32386237,0.8125565,1.2584025,0.98973954,0.16151331,0.15101169,0.43322644,0.03876723,1.1029466,0.47716233,0.2030255,0.25003165,0.08361707,0.12826766,2.7284565,0.6198379,0.06312641,0.77743965,0.27915776,1.0240921,0.0036229219,0.79500866,0.58734214,0.6263786,0.5321603,1.5350194,0.34994864,2.7542913,1.3263714,0.6462131,0.3296981,0.0,0.76655173,2.4349144,0.14256006,1.7203104,0.10628414,0.46847606,0.25199983,0.29933307,2.172318,0.5134762,0.1606838,0.29315266,0.71270376,0.29276052,0.033885054,0.5762668,0.23348524,0.84612614,0.1398399,1.0574265,0.5886808,1.3592336,0.3070805,0.445636,0.21364585,2.4022613,1.0017263,0.8991038,0.37206262,0.118313566,0.5603761,0.59492314,0.23187186,0.4698104,0.23984402,0.0351563,0.677753,0.32477045,0.3557993,0.26851907,0.31252047,0.10698088,0.9938668,1.1859213,0.84533596,0.8057132,0.55107087,0.17325328,0.050525732,1.5984894,0.79448885,1.3806083,0.54982907,1.4978384,0.27111667,0.9882546,1.2739314,0.7299076,0.48287585,0.62803155,0.31387448,0.58386457,1.485361,1.007157,0.16651753,0.7070245,1.2112966,1.8895744,0.6742099,2.2209535,0.12202239,0.048277415,1.5662284,0.23707926,0.57860076,0.023430858,1.7629489,0.124061234,0.75174737,2.115923,0.5010207,0.9499705,0.14374894,0.95581764,0.82191676,0.6740862,0.30203393,0.0286819,0.4914873,1.9794818,0.02603162,0.0,0.59092563,0.42476687,0.24219713,1.2255014,0.2555781,0.012969602,0.18308823,1.010824,0.44371185,1.0001612,0.005422432,0.29324448,0.8559061,0.19840693,2.1099417,2.1697838,0.35541025,3.1365128,0.35671732,0.6073896,0.4920402,0.07015718,0.64850396,0.36400697,0.62390167,0.8799689,0.4288211,1.4280225,0.73502845,0.6810617,0.10791363,1.783086,0.06185111,0.13384853,0.09224737,0.53534406,0.0,0.8589907,0.07188477,1.3803312,1.1284642,2.8070517,0.20378171,1.2538215,0.31617486,0.6788321,0.20552035,0.024523536,0.235517,0.35608828,1.18183,1.3378105,0.36998066,0.81853235,0.33375043,0.7030918,0.13396542,0.15803619,0.49199846,0.6957474,1.0110261,0.67501175,0.81490207,0.02614628,0.6137479,0.2783866,0.026152264,0.2734044,1.4073633,0.66677994,0.016273953,0.9939382,0.6344646,2.6148703,0.62086344,0.13992956,0.037718553,0.29399228,0.49500516,1.2449847,0.0354582,0.6632751,0.3700064,0.035240103,0.6476101,0.37081513,0.0,0.0,0.14951502,0.0,0.29887038,0.6483687,3.4612558,0.3797911,0.47208428,0.088260695,1.186163,0.669735,0.057630546,0.088833,0.34764495,0.47078338,0.00016615217,all_pothole_images\pothole_images_new_image_994.jpg
0.3972411,0.30775583,1.10949,1.80131,0.3924071,0.20445544,0.43247673,0.35970968,1.3490338,1.3397816,0.24708405,1.1820893,0.294805,2.0067215,0.14376113,1.5862497,0.43198115,0.403027,3.0240746,0.780376,1.3574735,1.4783615,0.30100283,2.0249264,1.3215644,0.5492116,0.07943096,1.3358563,0.30993378,0.13922757,0.26180208,0.330953,1.2801207,1.1291561,0.20247754,1.7473944,0.3565071,1.7160274,0.62478137,1.1175802,0.14672282,0.03774019,0.4152481,1.4041387,0.6112214,0.45149073,0.073307574,0.5142935,1.6292344,1.1003078,0.27427006,0.0962959,0.88982874,0.38139248,0.19021589,1.421988,1.9468064,0.20068,0.60625565,0.66876435,0.08367911,0.1650521,0.26590234,0.43003327,0.33531556,2.1833785,1.035984,0.063597426,1.2768542,0.15990205,0.014272298,0.19869044,1.3556411,0.3216384,0.3980032,1.7263585,0.17603366,0.743228,0.2696473,0.25406453,0.12969004,0.41749167,0.38091627,1.822606,0.60400146,0.55496156,0.07263088,0.42762595,1.4414475,0.75198364,0.50970715,0.03148686,0.03145756,0.517885,0.40221912,0.0067765857,1.9147613,1.7956614,0.4023217,0.059041437,0.47302952,2.249096,1.404835,0.012345006,0.60236263,0.39870247,0.17637272,0.12910339,0.87150025,0.1165833,0.0,4.392878,0.67893225,0.19615863,0.5197419,0.12936696,1.9800496,0.9833937,4.544768,2.8210664,2.1750453,0.68362397,0.54103434,1.3643254,0.70961946,0.69220203,0.33694753,0.93269765,0.8938124,0.044621307,0.71052915,0.0,0.37928092,0.08193338,0.121207796,1.591295,0.361752,0.6885063,1.1127881,0.12868759,0.05611827,2.245166,0.29144007,0.32632604,0.14404249,0.33231747,0.17561902,1.2261815,0.8952899,0.0025623683,0.53518075,0.5710963,0.16505705,0.027666954,1.8558279,1.2287073,0.45469368,0.8944126,0.25264674,0.3074585,2.3564756,1.7640606,0.22170864,1.2725642,0.04417401,1.0099492,0.18548408,0.30249208,1.0583038,2.793398,0.0060085277,0.0040579326,0.11040504,0.53102046,1.107923,0.26527968,0.25656763,0.005266194,0.05393062,0.47657618,0.13692544,1.9196787,1.1305538,2.485529,1.9459814,1.195656,0.7255669,1.005528,1.6401557,1.7700517,0.15310496,1.4619408,0.0,3.0009022,1.4304098,0.795592,0.65342337,2.7672343,0.7421895,0.859282,0.6900985,1.0515828,0.62230027,1.0133712,1.66972,0.031286906,0.10174154,0.17991069,1.4683084,0.1137735,0.24387495,0.012556342,1.4502609,1.2488136,0.98892295,0.47956347,0.36282647,0.29423568,1.1400452,0.16981858,0.12091936,1.5402044,1.3651824,1.5131516,0.018259903,0.09628128,1.9616238,0.9221133,0.38016602,0.9908006,0.13217087,0.008086396,2.301802,0.5257618,1.3467953,0.5858356,1.1801175,0.27478045,0.06684144,0.65161765,0.60393953,1.7309688,0.20555058,0.8622396,0.3113104,0.03530883,1.156579,0.4623853,0.48954505,4.2431407,3.4717815,0.6123251,0.21367817,1.4036598,0.032021005,0.08988422,0.71434486,1.7565542,1.0853988,1.1594784,0.095918715,0.01494679,0.0215117,1.5386268,0.81822854,0.8745993,0.3607896,0.30226135,0.8028522,0.47871366,0.519935,0.19883032,0.0,0.99208295,2.4210844,1.0368536,0.47549224,0.4329485,0.38144892,1.0855312,0.18884817,0.73696303,1.0257258,0.07169331,0.11002998,2.4521422,1.9389738,1.5280594,0.2791122,0.49805832,0.16666383,0.24268535,0.21934478,0.98223525,0.65875787,0.8779499,0.3595422,1.5292282,0.67376024,0.83831775,0.12807375,1.675768,0.32370943,0.46678647,4.270525,0.009359228,1.0596468,0.49816468,0.5787908,0.22600563,1.2752581,1.083107,4.2396555,1.7960426,0.005826132,1.9580956,0.09321617,0.5493773,2.0627923,0.20299685,1.5168017,0.28717196,1.163034,0.17370118,1.3095387,0.14755541,0.20612101,0.71969855,0.4275827,0.63617533,1.7084821,0.8970361,0.026391737,0.24200913,0.30631217,0.1659403,0.9945481,0.29350063,0.07437512,0.020114215,0.28048828,0.8711694,2.4746575,0.43537116,1.5548295,0.11198884,0.0,0.23885174,0.45363796,1.6867416,0.07751234,0.07899715,0.30733004,0.9726036,0.22477683,0.7979554,0.03507004,0.5883835,1.7798336,0.8447759,0.05353546,1.0717047,0.39088368,0.7487702,0.458847,1.1602598,1.8316149,1.0519704,0.098413706,0.6782499,2.0891154,0.23433371,1.4356529,0.08424678,0.7883238,0.15138294,0.1186631,0.36088607,0.37479144,0.9796177,0.38527614,0.01845526,0.612445,1.8424754,3.5112076,0.27537,0.3530621,0.0,0.09520828,1.7280687,1.845629,3.1202254,0.50871694,0.28329584,0.11485132,0.16461489,2.3341596,0.45571136,0.5498384,0.026303858,3.0442667,1.0776209,0.3989404,0.32707354,0.26647243,0.25542876,0.13347405,0.49686205,0.10868231,0.0011757235,0.0,0.40622935,0.15443727,1.5811615,0.006383858,0.3933627,0.71515274,0.27261093,0.52705854,0.7077779,2.6063266,0.3845404,0.39694956,2.4921253,1.4318355,0.39346215,1.6880398,0.5772711,0.15578727,3.1269562,0.17485479,1.6024942,0.054526307,1.0510032,0.59083384,5.009274,1.7588202,0.5947185,0.9824555,0.92057365,0.28772137,0.9172267,0.1909881,0.9516182,0.32831648,0.40238905,0.7567711,1.0203775,0.021517573,2.1040578,1.5264366,0.4343755,0.31123415,2.1698225,0.8078197,3.2843387,0.53746206,0.74830115,0.654202,1.9467446,0.097564206,0.49832636,1.2541713,0.1359272,0.75069714,0.8152111,0.9660182,0.0,0.054549254,0.1638546,0.86896294,1.3521098,0.13587178,0.3657706,1.7904017,0.552728,0.589515,1.5987757,1.2961589,0.013428661,0.97210336,4.85401,0.77679086,0.3508496,0.0,1.3362721,0.6861493,0.2193579,1.457157,0.30981112,0.71378875,1.7784413,0.21766764,0.39381534,0.19068687,0.028411264,1.0776591,0.24306464,0.5439393,0.5369925,0.19151816,5.573105,1.4792312,0.007981981,0.5028102,1.1171772,0.12689388,0.2609309,1.5368775,0.26524827,1.6335008,0.37075263,all_pothole_images\pothole_images_new_image_995.jpg
0.71128315,3.0654814,1.6258205,0.44497582,0.8230973,0.6693415,0.30694234,1.5175186,0.9923368,0.9970907,1.0055946,0.6325756,0.1479287,2.149202,0.12464662,0.7923608,0.6429199,0.3456131,0.65062547,0.11719749,0.30060926,3.4761307,0.66961503,1.2032654,0.16757269,0.103422076,0.1258315,0.7319278,0.14971563,0.44514441,0.074617974,0.37328485,1.3159423,0.22427177,0.76021403,1.0017844,1.4025244,0.17860977,0.7005015,1.015532,0.567233,0.07528143,0.11651589,0.6891861,1.290423,0.027792409,0.5394672,0.00912699,1.1093785,0.54128367,0.59304285,0.17204273,0.71123797,1.1370783,0.11596375,0.26778555,1.7799343,0.2001956,1.1174561,0.36788553,0.4793314,0.26078224,2.0327747,0.36212182,0.6402369,0.38818017,1.9956505,0.21215007,3.064668,0.106923625,1.8223125,0.58527124,0.5863345,0.06623625,0.6891305,0.34250274,0.8751269,0.63129705,0.31886753,0.9369741,1.063741,0.79367435,0.28573033,3.205964,1.3339993,0.27737194,0.22847654,0.14835976,4.605017,0.47432038,0.108843245,0.9255437,0.33313832,2.0745668,0.0701507,1.1430398,0.74527,1.3445705,0.3237648,0.009877208,0.6937462,2.2603414,1.2573595,0.0,0.038182564,1.4516817,0.29680613,0.0027941426,0.044527326,0.45746708,1.5874478,1.4888715,0.49659902,0.41351363,1.2003613,0.9689957,0.3990773,0.84315455,1.3909842,0.2922149,0.24077016,0.39450803,0.3653623,2.4815772e-05,0.43580863,0.7060849,0.3609163,1.1007197,0.042187788,1.8550141,0.8124254,0.67152536,1.7343186,0.57974017,0.87704915,0.37219575,0.3380963,0.49905348,1.1085733,0.6617511,0.52644557,1.6052685,0.08933884,1.7266164,0.90912026,0.46129048,0.9710328,0.04386733,0.83210474,1.772567,0.024333034,2.3743284,0.6834005,1.0252751,1.6943101,0.43934244,1.6022959,0.49818313,0.68684274,0.64996994,0.55321014,0.32457078,0.1519076,4.5384502,1.7106488,0.44534263,0.89793205,0.24220216,1.0112534,0.06982181,1.1288079,0.27271265,1.9242195,0.30592412,1.1400293,0.05061136,0.6226306,0.034697924,0.42390457,0.58686227,0.620107,1.7052798,1.1796372,0.33895084,1.2186935,1.2169483,0.44493648,0.005466139,0.28967124,1.42995,0.6138471,1.1152364,0.7908338,0.60655165,0.5163636,0.024533052,0.05400598,0.1640033,0.53693444,0.5573232,0.28174138,0.28188407,0.26636568,0.07197795,0.2750587,0.466648,0.16569488,0.51043063,0.20436746,0.2579774,0.38640726,0.29657683,1.3559903,4.0203595,0.2526833,0.22012758,0.63795775,0.1996404,0.753905,0.66162646,0.5922366,0.577764,0.52135944,1.7679436,0.27127346,0.84101444,1.19684,0.79967046,0.8454446,0.03394457,0.28584835,1.333379,0.29718757,0.626586,0.059583288,0.08332119,0.4329199,0.29098597,0.14164688,0.14725792,0.58641,0.035170607,0.106018476,0.35928375,0.025417868,0.098210365,0.8111511,0.0,0.12995847,2.3577974,1.976368,0.37014598,0.18097216,0.40550232,0.088104814,0.5974966,1.1642169,0.75616264,0.49952164,2.194817,0.79207253,0.74764174,0.49660683,0.5124763,0.17010304,0.6680784,0.01112805,0.8290892,0.3445243,0.36622024,0.24552104,0.071789876,0.25150517,0.1253345,0.08947656,1.3104538,1.2897657,0.812983,0.27252042,0.6424549,0.30333677,1.5482445,0.051315386,0.4276431,1.5570287,0.10453352,1.2712272,1.365794,1.7066572,0.38933465,0.037118297,0.70779306,0.1446207,0.30466947,0.9318172,0.901896,0.719119,0.53118056,0.8480672,0.30793914,0.13265853,0.43059024,0.29524937,0.93172276,4.3618703,0.46718207,0.022578664,1.121254,1.0326132,0.2825817,0.1544422,0.62610066,5.8691607,0.20624927,0.12649217,0.6220249,0.9966407,0.45422417,0.26132557,0.22620666,0.14967363,0.28061146,0.3467325,0.039091196,0.8658313,0.73328686,0.55373913,0.65030533,0.6277018,1.425055,1.9274002,1.4363217,0.12078974,0.41894788,0.34385565,0.19409111,1.5731283,0.27173117,0.41309893,0.37283772,2.263094,0.983796,0.9150069,0.0017339875,0.9283946,0.7241796,1.103849,0.22355051,0.57208633,0.5849885,0.21935354,0.6745974,1.1254463,2.7113078,1.10705,0.5924146,2.7351038,1.248641,0.909575,0.500502,0.30408987,0.99915344,0.8544447,0.40501332,0.07490952,0.626991,1.6829236,0.956412,0.20051517,0.56630415,1.7542684,0.49234122,0.42187834,1.2623224,0.11799461,0.68328583,0.07174271,0.98498017,0.007054881,1.12661,0.66766405,0.119599156,0.99138874,1.0457832,2.345202,1.3627032,4.1467648,1.4007171,2.0358655,2.3706796,2.0204887,0.6572656,0.49846345,0.5446001,0.17835331,0.1656037,0.42895508,0.31287873,0.0044297036,0.3341348,2.37661,0.3315646,0.08862529,0.7645463,0.2670539,0.12936881,0.8516674,1.3002627,0.29497197,0.67808706,0.6731041,0.2832633,1.8497999,0.60902935,0.0,0.58565795,0.5417712,1.154808,0.86344707,0.7672778,0.41717598,0.3056275,2.5788727,0.58352,1.3696871,0.2571905,0.36781442,0.6411592,0.5752599,1.2554095,2.1828773,0.39077392,0.1632705,0.5397243,0.7288306,2.9442737,1.0200088,1.4271221,0.17110957,0.6917689,1.1712362,0.7944909,0.32949466,0.023768822,0.75959665,0.7305196,3.0110605,0.4531603,0.7094205,1.1657922,0.109041154,0.9905741,2.267119,1.3802282,1.1274587,0.6711094,2.6019387,1.1435556,0.38251317,0.19513252,0.31129915,0.55379045,1.2733313,0.52577245,0.30321,1.372957,0.10553423,0.055126246,1.836915,0.5283024,1.3653435,1.1973839,0.397392,0.00064136944,0.5958809,0.53502357,1.0099003,0.0028969608,0.50979936,1.072727,0.99489075,1.9348344,0.5775423,0.1876753,0.0069449516,0.29457548,1.7625381,0.8804223,0.48745638,0.05839905,1.9156858,1.92097,1.4968644,0.3981929,0.05033852,0.2807111,0.76030135,0.2447784,0.23559654,0.13822803,0.7824519,4.936695,0.0023597237,0.68002224,0.13113944,0.21958494,0.0,0.5032735,1.3486023,0.75875026,0.65698975,0.8117017,all_pothole_images\pothole_images_new_image_996.jpg
0.23714893,4.5321317,2.8530889,0.7167317,0.088868335,0.63144946,0.6801047,0.47958902,0.22417688,0.34240893,0.76721984,0.015086028,0.51663536,0.34753865,0.2332779,2.456903,0.5592027,0.7703105,0.1274132,0.42291948,0.12509894,0.6855855,2.194526,2.0310667,0.11757887,0.529732,0.677235,1.2865719,0.018895589,0.8433788,0.676858,0.24028595,0.17684247,0.8150526,0.7430672,0.04628379,0.19400814,0.4498441,1.2393953,0.4575451,0.4520494,0.06736054,0.18010178,0.17723033,0.98806804,0.41233808,0.1041591,0.025837582,0.7090068,0.3346324,0.0,0.28624102,0.96008265,0.9476632,0.74472576,0.8872585,0.40352446,0.12577276,2.2729487,0.13716426,0.43028563,0.4700801,0.57380474,0.24812017,0.034517705,0.83743036,1.7252164,0.22272627,2.3234296,0.8876545,0.77506214,1.2517639,1.6714306,0.21013077,2.0624573,1.0334716,0.6078121,0.19413115,1.002772,0.83956784,0.4909446,0.30897653,0.0458691,0.47856286,1.6896011,0.13057275,0.0005089324,0.23735107,4.0225105,0.6466219,0.12124927,0.42567295,1.1788645,0.24542478,1.1907753,0.6369842,0.91047436,3.9590826,0.9624238,0.09809696,0.13600153,0.14159523,0.13267304,0.7299557,1.0072016,0.49675614,1.1549894,0.0005600373,0.008234392,1.0241791,2.9523458,0.658314,0.026920663,1.1379412,0.03365886,0.5141051,0.019296803,0.4427048,0.03158968,0.5183828,0.006386503,0.22719753,0.45252553,0.41788366,0.8512573,1.3022168,0.67904454,0.60048825,0.9241751,0.67188853,1.2089342,0.9876463,0.3081003,0.26724052,0.24892661,0.81247294,0.34901738,0.093149185,1.6280819,0.08289144,0.7386982,1.3708582,0.07273332,0.028490638,0.4656114,0.24475685,0.25005504,0.17004274,0.052172046,4.390816,0.03365731,1.0722684,0.08317343,0.278676,0.39874297,0.42540425,0.19709326,0.05690156,0.9110187,0.38851663,0.3226107,1.1700954,0.9119432,0.37908223,0.6487672,0.6150431,1.1096678,0.39440972,0.021976879,0.43735048,1.3026621,0.20636219,0.39992413,0.08777421,0.9917048,0.0,1.1846592,1.0061032,0.7559382,0.9171018,0.22748193,0.11807074,3.623385,1.7146653,3.1319046,0.36992022,0.6853209,0.077746674,1.3941387,0.42289236,0.10568874,1.5205579,0.49219626,0.9668061,1.4576331,0.6721009,0.089257084,1.4133527,0.025775857,1.919186,0.10688911,0.6728287,0.10552734,0.6309767,0.7568685,2.0197763,0.10420174,0.10033485,0.11584514,0.9151625,0.7659094,0.397292,1.6687459,0.047016602,0.05460465,0.600457,0.18778804,0.3144483,0.95665675,0.17754847,0.090271756,0.30032915,0.11340871,0.4655503,0.04092833,0.0,2.4638336,0.47344857,0.09578607,1.0540462,0.2659735,0.086980976,0.534535,0.23757505,1.4705054,0.73713356,0.039133985,0.37257144,0.14762534,0.2288353,0.30827025,0.16012004,0.11387225,0.5538598,0.055871353,0.14401247,1.5188339,0.8841192,1.7637742,0.6494485,0.14784981,0.20162494,0.40365767,0.26989785,0.44192442,0.20922981,1.9063296,0.25466424,1.4117266,0.09549825,0.029399158,0.64751446,2.3837807,0.1447392,0.5158026,0.8257553,0.4305935,1.2679423,0.36402518,0.6615242,0.65091014,0.17287305,0.44921649,2.6982648,0.2027278,4.0005035,1.2366648,0.036234085,0.65641034,0.29709616,0.0049045905,0.25360528,0.2183034,1.6068106,3.04987,0.01990825,0.07696439,1.8041805,0.6853346,0.012458884,0.2319541,0.9568393,0.1472151,2.1189363,0.22364737,0.30201033,0.18087006,0.004832915,2.7824109,0.55074066,0.27480504,0.018685272,0.3891236,0.19004136,1.4511395,1.7415076,0.11105553,1.7594088,1.2268118,0.8440525,0.60744065,1.0958599,8.100651,0.30754817,0.007691111,0.27863985,0.85799944,0.3890048,0.7179535,1.123514,0.122491844,0.34270048,0.09823802,0.084390774,0.82196,0.17286612,0.4880617,0.22977397,1.0804904,0.5708314,3.7540457,0.29840896,0.08053281,0.04274345,0.36345458,0.30140772,0.7747577,0.20255275,0.16253108,0.3092802,2.4153237,0.2861331,0.025464296,0.1961513,2.4707592,0.45061252,0.477733,0.65077996,0.0014066331,2.2205167,0.10043183,0.97375137,0.22438341,0.07686675,0.8190006,0.6172598,0.17269483,0.314562,0.3332105,0.12824385,0.3511638,0.45069656,0.7169496,0.6973237,0.04679558,0.34313348,0.31057483,1.0836153,0.5807337,0.9245618,0.78213024,1.6768484,0.3179378,0.4904506,0.5468996,2.906051,0.9496405,0.16807584,0.29305124,0.1481949,0.75120187,0.13554782,0.4735081,2.1477675,3.295107,0.21859233,1.836362,0.6648656,1.8023702,4.2797112,1.062064,1.8476313,0.5222609,0.404663,1.1292539,0.9846782,0.009218137,0.67586905,0.3712994,0.39272994,0.61090475,1.0914114,0.18734081,1.6173382,0.40051365,0.47193164,0.61163527,1.8721746,0.35250917,0.69727194,0.54642314,0.3922955,0.16603827,0.8599198,0.010406328,0.49865177,0.55177987,0.0065720165,0.40460905,0.046751298,0.19048388,1.0795035,0.27401966,0.5921974,0.07802356,0.39373618,0.55789095,1.612933,0.32932177,0.30822232,1.5072286,0.08423418,1.0928242,0.20690621,0.24489823,1.46726,0.63942844,0.0823265,0.014565105,0.1906802,0.35430133,0.2442784,0.41284359,0.13289797,0.010686375,0.3606938,0.80871737,0.47353187,1.9554032,1.1032238,0.08148556,0.048007615,1.9883608,1.1768303,0.88957804,0.99666476,1.4238688,2.3993342,0.2000334,0.5873593,0.07117601,0.037242033,1.4452578,0.6521457,0.0088926125,1.2655442,0.08298925,0.07665753,1.4195096,1.1484233,3.4795504,0.25470147,1.1636876,0.18654956,1.8630389,0.2736944,0.05987403,0.24782133,0.5186126,1.561165,1.4559073,0.7106495,0.4656284,0.1939838,0.032828663,0.07000751,1.6073941,1.2283314,0.19043623,0.16555281,0.048624557,2.7284229,0.05855141,0.29792947,0.067929156,0.35782576,0.9542557,0.0,0.8754841,0.18335864,0.16505896,0.17851055,0.07632227,0.5733296,1.028345,0.37641275,0.66214633,4.1606374,0.71836555,0.22927184,0.519719,1.2074864,all_pothole_images\pothole_images_new_image_997.jpg
1.2568415,3.433912,0.8178211,1.0529683,0.9438473,0.0,1.3029093,0.95788753,0.62694967,3.2799482,0.35790455,1.04206,0.015241524,0.11736403,0.5725992,0.7183204,1.3651822,1.3949904,0.009552101,0.24180011,0.069555245,0.82717645,0.39390033,6.4905496,0.00031218,0.09277358,0.26470932,0.21875624,0.14005588,0.19345859,1.0408571,0.20741299,0.053483248,0.4084802,3.1271324,2.7681673,0.72104347,0.4604602,0.050356578,0.3398636,0.66917145,0.3143063,0.111083545,0.1479617,0.20641159,0.6200926,0.006755614,0.16274117,0.43887165,0.29670274,0.9014135,0.77815855,0.12920985,0.45898634,1.0447019,1.1760908,1.7155412,0.3906268,2.2900617,0.6504819,1.170992,0.074626386,0.62355626,1.6159798,0.8875667,0.60997516,0.7781838,0.14618613,0.57673925,0.6791228,0.08302741,2.0958052,0.74793357,0.08342626,2.0886595,1.6127565,0.57948095,0.41092566,1.2210894,1.0511802,0.34662074,0.90418774,1.6704571,0.19752254,1.7928895,0.08361006,1.2482162,0.14981699,2.3570611,0.80055726,1.2151357,0.40256825,0.47564197,0.99180895,0.37803027,0.29470554,1.8633827,1.2773004,2.5523825,1.1360172,0.08137919,1.6881207,0.5462836,1.8538036,1.482042,1.6268404,1.4365524,0.011597976,0.37503588,1.1677711,1.2263955,0.21116212,0.48093688,3.2637005,0.006436347,0.4984983,1.4867805,0.68530303,0.36825454,0.102237366,1.2039393,3.1411545,0.075428136,0.3408021,0.51367724,0.0031766628,0.92209154,0.16205457,0.2758508,0.10750146,1.9535083,1.0647548,0.33223373,0.18084262,0.44373488,0.98359406,0.46549153,0.0016930432,0.89746964,0.5542984,0.7375817,2.1240098,0.63572514,1.1687714,0.65067697,0.024514837,0.3148228,0.13272224,1.3157482,1.436302,0.33147055,0.035367493,0.08671026,0.2767787,1.5623957,0.067705885,0.5429527,0.3401782,1.1528637,0.26439926,2.9380786,0.41551685,0.2737708,1.4634745,2.1363814,0.0016863382,0.20649461,2.5809555,0.17440136,0.121787325,1.8760393,0.3724625,0.001572875,0.0,1.8076198,1.1107295,0.7096467,0.4092383,0.5033741,0.13115038,0.29037157,0.06748232,1.058604,2.2778203,2.9876578,0.07413331,0.049128916,1.447643,0.86179197,0.20643775,1.3249935,0.12356972,0.9760191,0.6871526,1.1452346,0.41678637,0.7161392,0.012217853,0.10076039,1.3126705,0.0056002517,0.89570946,0.5438286,2.1525073,2.1432617,1.3369411,0.95749927,0.63410187,0.7640686,0.7701442,0.0,0.54868096,1.0719016,0.631352,0.057920903,0.53894126,0.10190965,0.4181655,0.0016854882,1.1312418,0.30072382,0.61895454,0.35952613,0.011832612,0.0024023342,0.048885334,1.4987022,0.02429852,0.004559158,1.1066291,0.55638975,0.040793296,0.3942038,0.23316075,1.6232991,0.7779171,1.3518727,0.013048023,0.05521249,0.32037702,0.0,0.46226507,2.3253686,0.007382828,0.5646078,0.78365415,1.4894944,0.17743756,0.27244255,0.83149946,0.37212548,1.7950933,1.4274663,1.2948152,0.25645214,0.36410666,0.34056988,1.0828252,0.24086832,0.015177162,0.6801264,0.575582,1.3852053,0.8206231,0.24510549,0.20524111,0.45454577,0.8893336,0.24124388,1.5304369,0.8804675,0.47612667,0.20976926,3.2098868,2.1092107,0.5619633,1.7467086,0.3595388,3.624467,1.0675036,1.1558936,0.058990058,0.8920716,1.1257625,1.3863837,0.42375463,0.5544113,2.067466,0.5388974,0.34887588,2.9063,0.2178538,0.0025469626,3.5533857,0.6966591,0.366161,2.2041295,0.08564293,5.144954,2.2831037,0.30973524,0.09268869,0.081593655,0.17282291,0.002685312,0.001574651,0.13131748,0.8308124,0.51860434,0.8858334,1.0556866,0.5401653,1.3360605,1.1016748,1.5293585,0.20413335,0.28664097,0.4665827,0.1720259,1.7585558,0.9280475,0.60964674,2.5238624,0.1629821,1.1670753,0.95138407,0.4882684,0.34345767,0.7840636,0.74161756,1.4538885,0.18421668,0.5206264,0.28504094,2.644911,0.017568892,0.42556465,0.0019472314,0.15256456,2.1432922,1.6295199,0.026898125,0.3444168,2.3014913,2.3957818,0.06624371,1.5201381,0.45133674,0.5866192,1.2882708,0.47312307,0.25670937,0.6477072,0.5081495,0.5612534,1.3933743,0.53629595,0.12963253,0.018137505,0.05374877,2.4940765,1.5991572,0.964116,1.0126034,0.16362174,0.30200103,1.7462858,0.6370116,1.1753479,1.5797508,0.383526,1.2623491,0.30483398,0.34649542,1.1726155,0.7822111,0.49083704,0.034336895,0.8142568,0.44632447,0.110705666,2.42946,0.027169928,0.24410497,0.81884205,0.28355625,0.35386392,3.348586,0.2771549,0.9054377,0.9951002,1.0587821,0.09189864,0.60675514,0.55456215,1.0624871,1.0233353,0.51291096,0.99581355,1.012725,0.23042363,1.1266531,0.00076007826,1.0036335,0.8770488,0.37699094,1.7111307,1.5425279,0.049188014,0.5082737,0.012206138,0.6239116,0.9289527,2.3977234,0.04487116,0.72229517,0.78023744,0.008967779,0.052383162,0.0012616308,0.7188348,0.42213884,0.069516286,0.8095385,1.8051605,1.0894324,0.7015577,0.93327546,0.17586595,2.6673043,0.043620817,0.0021400312,0.0,0.44992346,0.79319507,2.054461,0.46793887,0.92285573,0.18393783,0.07104417,1.1521168,0.0046120184,0.65802586,1.0506872,0.4852004,0.6475475,0.3949626,0.012349008,0.029515179,0.7239688,0.11305015,0.2449083,0.5193314,0.3380076,0.43259335,1.7683681,0.29596964,0.6353374,0.49654636,0.48998633,0.010609668,0.5431115,0.7913063,0.35622218,1.295337,1.051864,2.03973,2.5324316,0.031436387,0.31956425,1.6397,0.46192148,1.6976231,1.0097103,2.2939847,0.12137238,0.07898586,0.83862567,0.47657093,1.1704408,7.2622666,1.1112931,1.0150625,0.116388276,2.34659,1.056885,0.23771885,0.5641755,0.7354773,0.023712715,0.038080312,4.0348067,0.6290087,0.16094808,0.29790324,0.34438616,2.5676827,0.7699945,0.094037466,0.28304636,0.0553518,0.008466665,0.22210856,0.22800899,0.6237033,0.31452304,0.050262745,2.4297366,0.71247256,0.7049521,0.13714804,0.20967147,all_pothole_images\pothole_images_new_image_998.jpg
1.8998454,1.6552811,1.3408087,0.20769705,0.0003200159,0.02018621,0.26282862,0.10952993,2.1002116,0.17667276,0.059458308,1.3825419,0.05724856,0.26288623,0.00062945386,0.009847086,0.36194527,0.007200482,0.4540834,1.0870597,0.1783211,1.9021732,0.023389526,0.91743577,0.57034755,0.11662448,0.40269434,0.7072696,0.069030456,0.013176793,0.71597093,0.9722201,0.5425865,1.0763087,0.3521491,0.7097964,0.36096612,1.894218,3.1010737,0.43207765,0.21224695,0.7053905,0.39524925,0.2048336,1.9882152,0.7143612,3.606345,0.0,0.91843617,0.6545868,1.3916011,1.0677882,0.26938024,1.6998446,0.4498217,0.30732948,0.5161304,0.06271404,0.10749796,0.2971421,0.13050196,0.0616035,1.4791225,0.0,0.36499622,1.1359936,3.4189394,0.2107656,0.044880804,0.19759536,0.31050968,0.28775635,0.22432047,0.059279855,0.20577584,0.29653674,3.538956,0.5375301,0.700323,2.1107416,0.15618894,0.15242001,1.1219085,0.84272367,0.16550153,0.7293524,0.39396745,0.4720206,0.9898369,0.028648624,0.13591574,0.12346284,0.06360604,1.305103,1.0580169,0.31357923,0.63324565,1.1011393,0.11858518,1.1739988,2.9724724,0.0,0.7174238,0.7666255,0.21452191,0.29745322,0.49099934,0.29641843,0.4010281,2.233135,0.2460092,4.08938,0.92199177,0.37217236,0.11186382,0.39939442,0.18783654,0.6263212,0.77185667,0.0032546227,1.4036915,1.5386856,0.33176997,2.1038854,0.8211524,0.5461547,0.36770824,0.5790166,0.05991694,0.20457484,0.32058844,1.6466223,0.14849848,0.65982944,0.7093913,0.53893673,0.058342315,0.3081602,0.08636227,0.05882918,0.867112,0.22225605,0.5307496,0.26025897,0.026662251,0.25935408,0.093672216,0.30793473,0.7107038,0.6974866,0.307521,1.2970431,0.38010392,0.014522747,0.29541215,0.5547857,0.1412861,2.7851248,0.5763923,0.62189966,0.63010085,0.15642385,0.48530072,0.19239056,0.21816775,0.37166178,0.9464033,0.03846885,0.16403376,0.43930003,0.45154387,0.55121225,0.7106959,0.0041048136,2.4437463,0.36437568,0.47260946,0.70363754,3.8835006,0.40547568,0.117124364,0.29883325,1.8307381,1.035812,2.1400003,0.19229183,0.3718678,0.49029288,0.7183373,0.9664916,2.5080612,1.0009929,0.20706289,2.4100118,0.299935,0.0,0.5363028,1.7464154,2.3975377,0.4146787,0.16289437,1.7753633,0.5897899,0.8235338,1.2027899,2.7432714,0.80380017,0.10272646,2.0203483,3.612194,0.6040582,0.2921889,0.08424715,3.308846,0.06588911,0.7405132,1.0712969,0.08620725,0.33506572,0.31062397,1.1764556,0.5348887,1.1271285,0.9570699,0.9699683,0.40504968,1.329472,0.46425277,0.75914824,0.5605746,0.050131902,0.1575959,0.05918375,0.16155203,0.6812112,0.1436942,0.33696127,0.8111123,0.2952393,0.6735996,0.037877496,0.34846702,0.76439494,0.16702667,0.025584176,0.26591778,1.0260396,0.007379016,0.5660957,2.1059449,0.6296209,1.5507045,1.1022912,0.0,0.9868241,2.4286377,0.7092644,0.23128071,0.2780449,0.40126675,2.218578,0.68231755,1.8107293,1.0228083,0.46960735,2.325992,0.4243779,1.2857271,1.1769164,0.34318447,0.16230962,0.0039685913,0.12650649,0.8456505,0.3536918,0.95755386,0.5859392,0.6156472,0.7332253,0.6423679,0.75892484,0.48589066,0.44980484,0.31996715,0.5029462,0.25452095,0.8733559,0.80377024,0.7921366,0.061984323,0.6161402,2.3919244,0.2798577,1.6168752,0.32729766,1.2629592,2.1829638,1.3402044,1.9942795,0.73947173,0.07698223,0.08833012,0.1442781,1.4683344,1.8667151,0.5956662,0.56921077,2.016389,0.11309497,0.03784405,2.8164,0.7838477,2.7560215,0.6704596,0.32775152,0.8394641,0.2894859,0.7581058,1.1235791,1.1786695,0.38656694,0.691021,0.63947165,0.23726946,1.1098007,0.72374773,0.07104709,0.3567202,0.21573615,1.4979992,0.58193576,0.16067915,2.1051223,0.34071517,0.89870894,0.3700072,1.8919649,0.6484999,0.69461596,0.55157775,0.12479662,2.677415,1.3676676,1.0886947,0.1530177,0.59531873,0.40786174,0.027989866,0.322161,0.5633052,0.4228492,1.3209038,1.4359453,0.6743172,0.44659457,1.2410514,0.57337344,0.6912954,0.8136193,0.5068298,1.0025281,1.527759,0.010062152,1.0607202,0.42315125,1.7651505,0.5506464,1.1886246,1.3716631,0.52113396,0.20350005,1.0593196,1.4064636,0.1148331,0.38047525,0.18938679,0.11997971,1.8680718,0.41449663,0.9221195,0.20351474,0.38364753,2.7777286,0.7116783,2.1252522,0.2593697,1.6682243,1.3611691,1.6710286,0.33454418,0.36223137,0.94412994,1.2243317,3.8543143,1.9208461,0.26305273,0.5395943,0.54567647,1.6401098,0.026251368,0.4080036,0.06359928,0.4359612,1.7554256,0.39131346,1.2443285,0.3833428,1.5209905,0.10847761,0.20703933,0.022155937,1.3198128,3.8306983,0.048632562,0.5227512,0.30793583,1.7164845,1.168996,0.6689062,0.13739261,0.024569253,0.5457916,0.7000329,0.29786822,0.783193,1.6586457,0.61388755,0.6592136,0.016647978,0.09435421,0.06094855,0.87439877,0.0,0.17758353,0.24427994,0.88109416,0.24049568,0.286871,2.8898013,0.11029664,0.4747151,0.21983509,0.36167538,1.7609489,2.1742337,0.9102263,0.31416833,0.28369296,0.09549247,0.5238697,0.2283351,0.38636282,1.6555004,0.025497766,0.16085176,0.48742577,1.7051114,0.037434537,0.23070706,0.47674885,0.24214032,0.23302677,0.5588276,0.08535173,1.5099127,2.5474715,2.1613803,0.98893493,0.14575504,0.5632806,0.014209702,1.1478077,0.12717088,1.0821466,0.15341358,0.68713456,1.7142972,0.33949888,0.27263865,0.33824787,2.3507867,0.8538236,1.2929051,0.3839236,0.94580877,0.98302954,2.0669901,0.92076,0.5685405,0.0,0.44631022,2.821567,0.96453714,0.2009908,0.8955288,0.540502,0.7744212,2.0243356,0.051020455,2.2133079,0.26354274,2.5440092,0.36843407,3.5305724,0.3050806,0.64304715,0.0,1.231418,0.15101732,0.56091845,1.5540563,0.6480914,all_pothole_images\pothole_images_new_image_999.jpg
0.25060955,1.9661133,0.7477039,2.575431,1.2958201,0.4865776,0.16275492,0.1348896,0.4474764,1.2396108,0.4325088,0.15239473,0.3782358,4.8450894,0.56113136,2.013506,0.29535344,0.8546037,1.2678701,0.7271096,2.2889667,2.8378148,0.80927086,0.4969307,1.6888766,1.6834327,0.9720915,3.0015066,0.49086782,0.42201787,0.21717326,0.53177816,0.91318107,0.5313245,0.031077195,0.5854664,0.3263244,0.14637902,0.31106383,0.28480798,0.2328253,0.8025983,0.79370576,3.110202,0.6332504,0.017930247,0.09569446,0.018089844,1.0738536,0.6452959,0.59315765,0.23881525,0.25574395,1.0735414,0.18476844,1.4667487,1.3758001,0.07426746,1.2100626,0.3702111,1.083728,1.0692056,0.8250893,0.5254458,0.59867376,0.5396045,0.19488376,0.16675583,0.38994673,0.44458985,0.5395482,0.04385429,0.091197744,0.8638029,0.3400519,1.0237248,0.43680355,1.2008914,0.5877439,0.36913234,0.40873584,0.1779084,0.29498723,0.5635288,0.08086393,1.5939107,0.59070295,0.14605497,3.6520746,0.2397756,0.065387845,0.33419332,0.39778498,0.69795996,1.0454012,0.021793563,0.27675575,0.6920787,0.6672522,1.8581134,0.041762624,2.8974385,0.9535882,0.10273116,0.59481263,0.35184687,0.19178082,0.06554548,0.06093859,0.65825146,0.03634931,2.3986409,0.22725852,0.050875343,1.1047328,1.1064864,0.72381675,0.46662185,2.8938835,0.0,0.70599675,0.31828025,0.092083834,1.3920954,1.2962251,0.7565608,0.56139994,0.21653959,0.109448604,0.27564436,0.6607682,0.0,0.3201653,0.95213836,0.2255024,0.34919223,0.66038793,0.20600817,1.423071,0.059941348,0.25120154,0.014694296,0.4913987,0.5985828,0.043934558,0.75923,0.36867702,0.18638884,0.11648593,1.3029555,1.2135429,0.17146686,0.2783348,0.63800716,1.1000464,1.0095733,0.34535933,0.4166372,0.6472426,0.16979185,0.29092094,3.048679,0.61565936,3.880344,0.46029845,1.6441282,2.4382904,0.50454515,3.9615977,0.8437654,0.5651147,0.4406942,0.38239712,1.3449234,0.9282678,0.26333585,0.3086858,0.12360047,0.4089672,0.29063103,0.17010507,1.8593533,1.5721793,0.31666088,0.3975478,0.14483133,0.98609686,1.8240414,0.58900267,1.6356705,1.444671,0.75512046,0.0,0.2964441,0.8052181,0.26321754,1.9417518,0.7658504,0.038372647,0.25684834,0.56514764,0.29102135,1.3550168,0.11691789,0.45988393,0.9902688,0.2623259,0.43717474,0.26863298,0.96857935,0.11989973,0.22119759,1.7635386,2.0192351,0.7193983,0.49563065,0.45342267,0.057003576,1.2982957,0.9945349,1.6445844,0.026561454,0.59345,0.59825474,0.619822,0.73351693,0.8177734,0.47497845,0.10203232,0.19647466,0.40760624,0.5641673,0.4809676,0.66317016,0.4240236,0.80081147,2.346655,0.41422376,0.05872857,0.4577451,0.4205632,0.70921355,0.81042945,0.39739352,0.31247723,0.0,0.16617952,0.11755926,1.0268229,3.1848948,2.0615225,0.4445881,0.028376797,0.58095294,0.700916,1.6896878,0.31791037,0.98661613,1.0300161,2.4414966,0.16126281,0.8158511,0.33522025,1.3910193,0.016776789,0.062447537,1.0384318,1.1428883,2.0319982,0.34116954,0.45382252,0.0007413478,0.49729374,0.14060259,1.0462077,0.65888494,0.013057418,0.29964185,1.6876985,0.1790587,0.5308705,0.33063492,0.22044696,1.7412295,0.95508623,0.5551158,0.66210055,0.5327457,1.2784077,0.21646963,0.36328074,1.5459584,0.38245165,0.26995263,0.12975627,0.89102304,0.9281082,1.1637914,0.754698,0.9379238,0.45169932,0.78789747,0.10276328,0.48671475,4.7743897,0.19986536,0.6905572,0.071065426,0.7108289,0.3067515,1.1580454,0.96627325,2.407531,0.5534474,0.5803103,0.6506631,0.29914626,0.41500553,2.9781873,0.07752266,0.035814315,0.98858565,0.37965816,1.1504974,1.1282783,1.4968159,0.7540396,0.5821899,0.20147428,1.0211854,0.30262953,0.04197735,0.009702235,0.9061564,0.46997243,0.288146,1.9971387,2.5231838,0.19253908,0.97044855,0.7719916,1.1906872,0.69914216,0.6738951,0.9861268,0.018337907,0.21346311,0.40884462,0.84074044,1.172874,1.8537961,0.22897577,1.4952978,0.7412226,0.6113418,0.059942376,0.24542372,0.21590707,0.9771726,0.56723076,0.062005196,0.7212382,0.14849302,1.860549,0.5922414,0.33161828,0.7506916,1.5846573,0.008088125,0.20218398,0.9735434,0.24682103,0.37303734,0.15438278,0.29521555,0.6181806,0.08747111,0.007602984,0.23015419,0.14922681,1.2450156,0.32316846,0.72808075,0.67182595,0.9800451,0.35788462,2.351814,0.4028477,0.6922928,2.3742678,1.03745,0.42054054,0.107602455,0.6785248,0.47658238,0.011370207,0.5745644,0.23477641,0.6094583,0.025371755,0.7477901,0.6712479,0.054976717,0.78334296,0.26170844,0.87833863,0.66454226,0.9492201,0.30674314,0.11572838,0.49591446,0.7831964,0.7089144,0.19079596,0.016539155,0.51851934,0.8357242,0.9367681,0.36997136,0.5766891,1.7453324,0.5045961,0.71403503,1.7348951,2.6041503,0.51026595,0.53019494,1.6294439,0.46839288,1.2468425,0.95656914,0.83599395,0.082409516,0.29391772,0.3714641,2.5314791,0.30648047,0.15038376,0.093534105,0.46235156,0.7118404,0.50923866,0.6687379,0.006790551,0.75082475,0.5979914,1.9675527,2.4701972,0.70059735,0.4005413,1.1571671,0.5153483,0.8195595,0.09049943,0.64019567,0.67133504,1.4841315,0.45837083,1.4845119,0.57492256,0.5429388,0.10743304,0.41364968,0.052994918,0.4698782,1.2792491,1.123735,0.14264834,0.7091411,0.74558026,0.33297956,2.153196,0.08466079,0.14765464,0.9624203,0.18319604,0.66204125,0.93791133,0.46221152,0.23360923,0.7411334,2.204405,1.439761,0.13660894,0.01706712,0.3378872,1.6077262,0.45130366,0.79309374,0.04721798,1.2741278,2.485495,0.4653032,0.6809766,0.04706227,0.27459309,0.15156828,0.54510725,0.29875728,0.10508023,1.5479853,1.0188855,0.38020036,1.0086436,0.7273942,0.08234555,0.22373499,0.19654363,0.120956525,0.2952569,0.07830251,0.53862846,all_pothole_images\pothole_images_optimized_image_0.jpg
0.44645426,0.20803365,0.35466006,2.0713916,0.619048,0.33155766,0.76138663,0.031458765,0.3974966,0.6518378,0.03448107,0.4967146,0.75677955,0.9597056,0.020927409,0.20285976,0.00056468655,2.3963287,0.45512357,0.5195382,0.016839305,1.8520159,0.4169937,0.88603926,1.9748429,0.25915635,0.39835536,1.1545038,0.0049869427,0.09301861,0.78942776,0.7070567,1.2819883,0.38621506,0.6760791,1.1249404,0.3119978,1.7868276,0.13674913,0.4687788,0.009094389,0.13035697,0.55579656,1.3672178,0.16669458,0.62248564,0.07594994,0.0,0.8610591,1.9880369,0.59041977,0.50486934,0.21540162,0.06530089,0.81255573,1.2168726,2.4594944,0.20072427,0.45972,0.0752761,0.61084074,0.5468011,0.5008665,0.008322392,1.0057302,3.1163285,0.019573657,0.011480229,0.7985509,0.121634185,0.036605913,0.08464237,0.14737791,0.8560161,0.42611837,0.3542979,0.008317876,0.18546161,0.31913736,0.066541575,0.16621125,0.042487685,0.31520915,0.4827038,1.0498945,0.2904072,0.229752,0.12731338,1.2232742,0.002265317,0.4164248,0.21625413,0.0935054,0.08815125,0.005211576,0.0076393825,1.0683244,0.73193336,0.9616057,0.40189245,0.13404325,3.2704473,0.83277065,0.23840386,0.117609985,1.8961035,0.2764152,0.42273992,0.048922356,0.55061656,0.043619283,2.7609398,0.27921578,0.90137136,0.9393105,0.53003967,2.965738,0.8055705,3.5962455,1.2500994,1.9673411,0.35250118,0.25466746,2.3633904,0.7223951,0.3691704,0.50973266,1.9373909,1.243088,0.0428104,0.60264087,0.002107065,0.19146128,0.12924139,0.0,0.5321921,0.12136,0.98251295,0.3058176,0.1296339,0.5344238,0.0,0.1498629,0.7359831,0.25223783,0.9471568,0.67584234,0.82543993,0.5165393,0.20856628,0.30849078,0.54139,0.03811499,0.06647391,2.4673517,0.79261386,0.8430476,0.19227348,1.078435,0.38281903,1.8182442,1.6905168,0.0,5.2462873,0.08495814,0.25752893,0.51812,0.538128,0.94116133,0.9690525,0.26700813,0.00038758467,0.021213094,0.40666914,1.2882951,0.026654331,0.009556756,0.20556144,0.3619559,0.2237956,0.0,3.4991062,1.9300864,0.9595673,1.1227889,0.34192,0.30321962,0.9132258,0.3263309,0.50464714,0.6528095,0.027990606,0.15709451,2.62091,0.2793176,1.3534869,0.8282088,1.1149522,0.14058213,0.6448337,0.32603237,0.9280356,1.153185,0.95393556,2.3748503,0.35308915,0.72880924,1.1408001,0.33609384,0.8400491,0.013972008,0.012055633,0.52279687,0.684443,0.5405307,1.254983,0.64745665,0.06993365,0.9295055,0.057503343,0.0017510197,0.8704847,0.15251067,0.2931738,0.03548407,0.9538188,1.7456291,0.5703916,0.42507327,0.0551823,0.2745771,0.063144825,1.3360277,0.38271898,0.17794698,0.12879406,1.4178662,0.16644879,0.21127231,0.097928554,0.16158298,0.061910756,0.22156732,0.46693775,0.03490347,0.0065596546,0.3568077,1.1357292,0.52664214,1.5325526,2.429029,0.2494228,1.1979386,0.011235595,0.056783453,0.7745762,0.2451025,0.27063134,0.3472801,0.69657487,0.18296707,0.052866,0.10005525,1.308979,0.9654008,0.78749704,0.081066266,0.43559763,0.70798445,0.7280704,0.044085007,0.14601491,0.07694856,0.48648798,0.5746823,1.2720716,0.18199895,0.5563396,0.7823828,0.87961906,0.27325195,0.38088188,0.07385296,0.069577105,0.811892,0.36331737,0.6605045,0.47507226,0.2541593,0.29900905,0.5631797,0.022992732,0.10133369,0.6341582,0.11065748,0.090050034,0.31590375,1.1969472,0.5167096,0.0035069052,0.80894554,0.42940572,0.026010182,0.7807475,3.0490491,0.27979228,0.006006356,0.28832886,0.040403705,0.9240847,1.2557098,1.3164297,1.9147718,1.087388,0.062624015,0.5578531,0.10356851,0.26526195,3.2308898,0.20164636,0.3065589,0.0005638175,0.2940251,0.18843958,0.9106193,0.5257439,0.22275165,0.011416579,0.32046205,0.005750442,1.0451024,0.48882362,0.039663948,0.06789083,0.06805381,0.22455142,0.31438228,0.058811236,0.07953556,0.19259456,0.35093173,0.03004837,1.3955559,0.067465365,0.79761326,0.17856096,0.100883596,0.015557019,0.40084386,1.1070938,0.39461344,0.3173729,0.18078972,0.015769536,0.14568123,0.021133218,0.40641746,2.0426486,0.94796455,1.146186,0.28251326,0.07406261,0.10615314,0.31549916,0.0,0.1311065,2.2500908,0.28963932,0.060781892,0.27748948,2.3918238,0.38233456,0.28593126,0.21586622,0.41711375,0.23223421,0.0,0.5550185,0.1233265,0.11379172,0.35024425,0.0018114557,0.040927902,1.3575563,1.9069546,0.84695464,1.088924,0.038834717,0.016551722,0.22132845,0.90154064,1.169847,0.13103096,0.012258359,0.4803939,0.25607952,1.3540213,0.09413046,0.13252833,0.28139004,3.9845917,1.3494117,0.20885588,0.69544005,0.87793154,0.0029854223,0.32935587,0.9646667,0.18651608,0.28781947,0.91525704,0.34103152,0.32268032,0.48288435,0.0024662975,0.104072005,0.53405863,0.008813614,0.37858805,0.07932437,2.2288158,0.47071904,0.5854469,2.8509371,2.7558432,0.08835793,0.16205037,1.4073056,0.5147053,1.2139431,0.30741087,0.93892807,0.23946808,0.32597077,0.6571646,2.9729483,0.751839,0.6069243,0.21954758,0.5208695,0.21015532,0.2373346,0.39653844,0.7715847,0.005809761,0.11365179,0.46121258,0.6043548,0.11946396,0.48664418,1.2400224,0.4594036,0.069990054,0.33996335,0.8113925,1.424966,1.2635965,0.34638995,0.38031188,1.2455068,1.4774207,0.118637726,2.1828938,0.20858344,0.44877243,0.93998367,0.27360374,0.12443965,2.174005,0.6855626,0.7818629,2.339711,0.026309589,0.2575259,1.014222,0.0,0.5956602,1.8876289,0.06740152,0.0,0.28886908,5.7582912,0.82358104,0.5152301,0.02765054,0.21647869,1.0311536,0.005743576,0.6305746,0.53354704,0.33726808,0.35214746,0.10539447,0.27754223,0.08646598,0.20724629,0.11206899,0.25385946,0.13147004,0.10085099,0.54977727,3.4281962,1.118807,0.11828825,0.79815656,0.58263665,0.0,0.8925565,0.7207726,0.0015638929,0.33181584,0.03520143,all_pothole_images\pothole_images_optimized_image_1.jpg
0.96175474,1.3929949,1.3395829,2.0207596,0.508128,3.0836306,0.71177524,0.02817277,2.3044367,0.66832006,0.81148094,0.814379,0.5070692,1.178395,0.8694347,0.9492883,0.05276684,0.19546495,0.6727056,0.24083227,0.5384276,1.8184932,2.5093048,2.9060674,0.3572051,0.08845337,0.16905448,1.2489274,0.1949439,0.5376688,0.68037724,0.053807657,1.0107968,1.0912355,0.20092383,1.0587906,0.2896375,0.7379779,0.08085658,0.005478709,1.8839036,0.37775573,0.43053672,0.2608256,0.52873135,0.35525972,0.087555416,0.30942425,1.2268755,0.68579227,0.71484816,1.121903,1.1600434,0.6864113,0.5130034,0.9916642,0.33613712,0.28882477,1.2355834,0.28794616,0.06959272,0.6834846,1.293104,0.84950167,0.93868166,1.1174014,0.30856976,0.42242134,0.4252892,0.19447066,0.43221614,0.11754151,0.38027525,0.23100844,0.9167524,0.5907927,0.0,1.3669726,0.24702036,0.52382123,0.34341875,0.119512685,0.40148583,0.36264792,0.43063062,1.4348089,0.7337631,0.3514388,2.432458,0.056765337,1.2876912,0.78490573,0.15040563,1.0526557,0.9830348,0.32990843,1.431919,1.1537919,0.092530474,0.006938527,0.00016851627,0.8971074,0.08308135,1.1767473,1.5920864,0.41852966,0.30005202,1.0021873,1.3463892,0.55696565,0.067205355,3.2951825,1.5230876,1.3581789,0.24399287,0.2197826,1.9268873,0.7948731,0.39497086,3.307587,1.3568722,0.71659523,0.36515138,1.5856248,0.7430852,0.5043932,0.7557729,0.5785331,0.53791517,0.7000936,0.11357358,0.07198295,0.074225314,0.19230017,0.32629344,1.416926,0.5575061,1.5687847,0.17688638,0.84988946,0.23063967,0.16205323,0.051331975,1.2655835,1.2385607,0.71784675,0.4859541,1.2477635,0.93711054,0.5805875,0.69913214,1.6126182,0.34160605,0.55869365,1.7688372,0.67210823,0.7863704,0.3935222,0.7279431,1.4190241,1.477079,0.46992263,0.26224586,2.5144079,1.2512374,1.2671208,0.31742057,0.27716714,1.5172578,1.2723279,0.34219444,0.07319722,0.29396245,0.3526236,1.3216394,0.9049167,1.4856508,0.02734466,0.24936387,1.2061416,0.05408631,2.4939313,1.1565902,0.7032733,1.9138947,1.7568995,0.16231953,2.2343898,0.9222299,1.2376858,0.81882614,0.5426159,0.44386625,1.8854139,0.25528124,0.4945736,1.8495352,2.963905,0.9475174,1.4910066,0.94800085,1.8785198,1.18101,1.3102112,1.0686352,0.0923248,0.7755895,0.04617583,1.248237,0.34218383,0.13029294,0.050062455,1.0117941,0.2500057,0.73114014,1.5403402,0.5572958,0.59056276,1.3578411,1.3762752,0.83254755,1.1572111,1.3488169,1.1917999,0.008067168,0.4828141,3.4355536,0.76838416,0.2116148,0.022446092,0.4818573,0.6721621,0.40243575,1.1744323,1.6863928,0.51913124,1.3554373,0.72637224,1.2001525,1.0168842,0.25932527,1.2109139,0.38113862,0.17338343,0.42109454,0.39979723,0.59755075,0.6029705,1.1977556,2.9097085,2.51945,0.1514473,0.47906533,0.5637453,0.78223884,0.21817906,0.69811434,2.2411304,0.55768114,2.1136806,0.773861,1.2150902,0.5510383,0.68652123,0.37854925,1.9058008,0.13311286,1.1715368,1.5466274,0.56733507,1.0678135,0.3195509,0.24578933,0.23541063,0.36346987,0.778149,1.0935774,0.47585762,0.4489184,0.10956355,0.07834271,0.57178104,0.777442,0.5439139,0.29345736,2.1261947,0.59808856,0.52871966,0.81395376,0.0066784723,0.13774839,1.0086613,0.083980955,3.1471624,0.7904859,0.10317408,1.1151817,2.8909998,1.605924,1.6582235,0.6438958,0.55645674,0.0315203,1.0453836,1.2159309,0.59152013,0.013240632,1.2056504,0.2202815,0.31354168,0.712736,1.5906099,4.484118,3.0761962,0.3812926,1.6527213,0.06807399,0.758252,0.81991667,1.057883,1.8553632,0.050444778,0.61958396,0.39751458,1.0675308,0.98971057,0.4281751,0.25699326,0.9102305,0.9079012,2.956135,1.0776123,0.32918602,0.19261807,0.034116227,0.17188017,0.06975085,0.7598131,0.9999169,0.14519465,0.44306564,1.058566,1.8963847,0.3225419,0.582532,0.7302478,0.8829985,0.20399198,0.33673263,0.37483767,0.734589,0.9856233,0.10502086,1.5988963,1.2600011,0.38739184,0.1843989,0.41025013,0.9091621,0.273271,1.0992839,0.17659356,2.2830358,0.27075627,0.010659946,1.1413897,1.0140833,0.957075,0.43290332,1.3624358,1.8938667,1.620808,0.4867085,0.4606588,1.681493,0.5894384,0.22386646,1.381543,1.0171442,0.98430365,0.31440437,0.47698855,0.2596191,1.660281,2.4790206,1.1593026,1.7625669,0.18212532,0.38480952,1.8006215,0.62088764,2.9091992,0.8780198,0.87538666,0.06680761,0.97797495,1.4589965,2.008055,0.6401119,0.090627134,2.6667516,1.2344856,0.41646263,0.02080523,0.101525694,0.010947108,0.7279773,0.20840798,0.18009263,0.2547082,0.3841358,1.3079864,0.89680666,0.33916503,0.15053988,0.013162781,1.179529,0.82637036,0.23592885,0.72694117,0.38281205,0.46378332,0.41124094,2.2056475,2.0024765,0.38724953,2.3680825,1.4193921,0.9133919,1.3862493,0.84545046,2.1126957,0.4696501,0.97348845,0.15764137,2.649116,1.0196183,1.95162,0.5585155,1.0322746,1.5660344,0.75257593,1.5402381,0.23911604,0.4206999,0.0016041708,0.9451803,0.31627727,1.074841,2.814063,1.9103264,0.17400639,0.91149306,1.8968157,1.2545621,1.1403328,1.0964975,0.37697634,1.4095434,1.835552,0.27563423,1.3843877,2.3480263,0.4190581,0.56117904,0.9016468,0.3844418,0.056714647,0.25943694,2.844902,2.000679,0.35050386,0.73898345,0.25586,0.97905785,0.71795666,1.4042482,2.846831,2.130495,0.09853043,1.1530215,2.7418723,1.5018597,1.0691442,0.18488435,1.4287106,0.52289516,0.27678832,2.8819904,0.26763335,0.5579118,1.251326,0.32832658,0.008735725,0.31437156,0.26561677,0.2986354,0.07386994,0.31700113,1.1128756,0.35139504,4.139323,1.6530507,0.46310005,1.0073462,1.0603602,0.047588017,1.0308536,0.1390342,0.47464955,0.30864558,0.37253696,all_pothole_images\pothole_images_optimized_image_10.jpg
3.0174031,0.038458206,0.016168918,1.5830617,0.38080952,2.0357633,0.36350125,0.002594204,1.3970616,0.14812374,0.017274313,1.9836936,0.05554792,0.94807357,1.0606405,1.1237068,0.87577313,0.11750611,0.5949641,0.9625367,0.56860316,1.6621633,0.38406307,0.96314305,1.4002008,0.27570307,0.14641784,4.080444,0.3478728,0.0,0.23253919,0.09216027,1.5120096,1.4133414,0.28386027,2.3708053,0.007183843,0.87815607,0.5938227,0.85170746,0.50928646,0.119330645,0.17403072,0.48239073,0.59537864,0.7714071,0.023261538,0.35235393,0.06976127,2.46885,1.5783447,0.025806805,0.16105282,0.1382965,0.19664517,2.3402781,1.0159031,0.004468562,0.8928421,0.3349081,0.0940144,0.18465286,0.07075504,0.21128541,0.4595477,1.2231315,0.05680702,0.69225043,0.3553687,0.06356683,0.20525184,0.122860484,1.6906202,1.3342683,0.48887417,1.2776344,0.041742858,0.66104966,0.8739192,0.18659241,0.12471635,0.10003853,1.0724019,0.8788821,1.2199885,0.07569682,0.0628855,0.26640746,1.944721,1.639177,0.2795911,0.08633958,0.050786104,0.07059764,0.44271025,0.0006276755,0.20180169,0.61733377,0.7878537,1.2655522,0.0071019162,1.2662956,0.7493988,0.71889883,0.82480127,0.03403791,0.09645343,0.4322881,0.8003048,0.9915648,0.015523215,2.5839853,0.54009,0.21557096,0.80675757,0.8913778,0.46729994,0.8330195,2.2496097,2.4898894,3.0705037,0.48701036,0.055766836,1.1302309,0.6001405,0.46904233,1.6531197,2.2752054,0.3033613,0.10039345,0.040852185,0.0,0.375683,0.55139613,0.6798018,1.4007647,0.51396024,2.0276265,0.13057917,0.3387754,0.014409367,0.57475823,0.36140114,1.0165433,0.30372986,0.9881977,0.07864014,0.4453142,0.3350431,0.4557223,2.911847,0.56482023,0.48470268,0.3279648,1.4459443,0.49720553,0.2707705,0.13875201,0.9251201,0.38264683,0.108912654,0.006672419,0.0015239527,2.708189,0.203179,0.5700952,0.12520811,0.0811984,2.460175,0.04518045,0.01648573,0.34616768,0.06372547,0.26429302,0.8064803,0.15534973,1.0856323,0.0,0.73687106,0.19931929,0.05660912,2.0946913,0.5982775,1.6934994,0.84824806,1.591623,0.1628883,0.4572115,0.7689861,1.6511664,0.28352857,0.10662683,0.13670123,0.43425742,0.6226971,1.1099719,0.5888858,1.4208654,0.82642454,0.7259404,0.32060146,0.5467137,1.0823897,1.0100654,0.81527776,0.08095632,1.0403409,0.3969629,1.7923014,0.1415638,0.19074276,0.08203154,0.34788668,1.3474025,2.2708552,2.7146478,0.15812825,0.031719495,2.0519428,0.27354318,0.6351646,0.039901502,0.41939256,1.008612,0.03452362,0.8675846,1.9513328,0.7498389,1.7081935,0.11820283,0.08708646,0.052256797,1.0670425,0.07422672,0.85429054,0.3929538,2.8500988,0.53138626,0.07006275,0.25444198,1.222704,0.4535448,1.0085313,0.77952117,0.0,0.36764348,0.32599643,0.6074909,0.49039447,3.8777876,2.3248882,0.9333268,0.9313939,1.825284,0.41275102,0.33241564,1.3770752,0.34599063,0.3440255,2.770745,0.18389888,0.10186117,0.20213982,0.52969927,0.85559934,0.5124579,1.0940298,0.03661604,0.18577112,0.4455858,0.59605277,0.0026096164,0.0071531045,0.40484914,2.424652,0.34868705,0.45238087,1.1735816,0.769761,0.7004389,0.07330324,0.26981437,1.125795,0.5231017,0.6541278,0.3518858,0.5569607,0.20487174,0.9608836,0.19523484,0.88716364,0.64022404,0.7662751,0.39992866,0.0,0.48276675,0.59654933,1.9389265,0.21452257,0.9689568,1.4388013,0.702626,0.26910043,1.4367961,2.5699015,0.6600518,0.48411906,0.30198574,1.6323369,0.04369032,2.2369213,1.3021721,3.4356153,3.975108,0.19275363,2.7052667,0.0,1.782121,1.856619,1.0247034,1.1490955,0.7056224,1.6055304,0.06343072,0.221816,1.6966101,0.07713462,0.30203167,0.2835969,1.0160444,2.0779223,0.023232805,0.0,0.80682325,0.031910695,0.45237985,0.033342693,0.7170334,0.47463608,0.0021554306,0.54821974,0.442736,2.9456406,0.23911019,1.2872057,1.1745516,0.6050604,0.039872162,0.080412924,0.86283964,0.93893164,2.8180225,1.0943568,1.3197927,1.4956683,1.3560096,0.055694733,0.63046694,1.1734716,1.8310889,0.825545,1.0391792,0.8167644,0.68768626,0.28319752,3.5290396,1.1546297,0.115438886,0.22404869,0.6805209,1.6718382,0.351517,0.39689636,0.009711724,0.0,0.005509979,0.49821657,0.6166888,0.9479335,0.34795564,0.95416427,0.14565784,0.025263518,0.1579133,2.4471867,1.9351753,1.3227935,0.0,0.380905,1.0729517,0.37564284,2.0228531,0.77633005,0.24561706,0.25052088,0.045258157,2.0838106,0.25781518,0.16046923,0.50367594,2.721682,0.35073134,3.024266,0.2467561,1.756511,0.38704696,0.6980198,0.3633797,5.9994777e-06,0.0,1.9691683,0.11667706,0.0918961,1.2533188,0.103281334,0.297866,1.405909,0.94118685,2.0293937,0.37912527,1.7077744,0.5396441,0.49778005,0.7211706,2.5113704,0.74019885,0.48142383,0.120415315,1.4878938,3.493734,0.31433606,0.9643145,1.7400453,0.7814729,0.557504,3.9639611,0.85001487,0.9883877,0.054741424,2.2736328,0.56026757,0.30421528,0.6280106,0.95373875,0.66588783,0.0,0.81583405,1.1838717,0.044400413,1.3534898,2.3240294,0.46253067,1.3516862,2.6875782,0.5447666,0.31184974,0.5124715,1.6730187,1.0169067,3.050441,1.2902488,1.3129046,2.4839334,0.032840855,1.6572791,0.027875448,0.78162515,0.030432176,0.5892774,2.8118012,2.399803,0.076676786,0.2924062,0.726451,1.2242754,0.0,0.50351727,3.8245387,0.72015595,1.0294064,0.7461487,2.9629176,1.689944,0.2121835,0.27297974,0.909033,0.20772707,0.5011137,1.3821754,0.3039131,0.08443492,0.1994346,1.022197,0.015939498,0.806278,0.1349289,0.2355528,0.35045934,0.53097004,0.3105015,0.62606275,7.568509,1.3140566,0.39446837,3.2827423,0.20947468,0.020090882,0.45173118,0.5807188,0.4968373,0.5019171,1.340164,all_pothole_images\pothole_images_optimized_image_100.jpg
0.28251997,1.0209047,1.1054066,0.44791022,0.4731443,0.84493417,0.82804364,0.85365164,0.57462966,1.5057154,0.6255915,1.1274744,0.36523882,1.5670133,0.019813199,0.22970665,0.00987115,0.36764607,0.8570587,0.4845079,0.0,2.7544494,1.026745,0.83309984,0.13618444,0.1843108,0.0026692888,1.2101017,0.4114914,0.91566694,0.9863707,0.28043285,1.5315307,0.29159647,0.74721503,0.9723765,0.6238764,0.3419836,0.5591476,0.85420924,1.5750107,1.7050784,0.062528305,1.9845409,0.49826393,0.10027424,1.2931002,0.0023986811,0.13865733,0.25356436,1.2691153,0.761507,0.22241098,0.5113176,0.119010426,0.06912546,1.0575912,0.015312927,1.2341644,0.1665988,0.69290495,0.6217515,0.82639235,0.30317074,1.7658638,2.875936,0.60578984,0.03229382,0.045640234,0.38081947,0.21062517,0.92405605,0.2952993,0.0,0.18276417,1.8570204,0.31231943,0.04290362,0.04123711,0.5595231,0.23285396,0.25087997,0.09058549,2.7423444,0.6740218,1.6923268,0.043816965,0.03811626,2.5745955,0.28216258,0.0,1.6246941,0.08002524,0.33837894,0.046914488,0.6045535,1.1715201,1.3247032,2.5764115,0.07567315,0.2393874,0.52665406,0.060403958,0.7126661,0.7489584,1.620038,0.2865433,0.03301554,0.7392489,0.7138296,0.3690363,4.6239166,0.008714145,0.022198195,0.44166106,0.82226294,2.7852774,1.1594616,0.10323134,0.378524,1.5986325,1.7470225,0.48368892,0.79203546,0.15908307,0.19205593,0.32589975,0.43022767,0.6431573,0.32734525,0.09200571,1.723587,0.16758594,1.5886416,0.10088205,0.017715352,0.4457493,1.0562235,0.37115058,2.3337173,0.23699705,0.747496,0.7897386,1.3593007,0.054859933,0.17750075,0.8174152,0.07169365,0.2533759,0.9629912,0.994409,0.0,0.41495597,0.27297783,2.7347336,0.14927615,0.19969223,0.19700673,0.14906447,0.40204576,1.497332,0.0021224811,0.045222353,6.1720476,2.3909926,1.6370988,0.8490919,0.10531379,0.21816549,0.3420262,0.07138466,0.0,0.5931725,0.47746214,1.3200783,0.62234473,0.06355303,0.040993895,0.023153022,0.5008748,0.18079467,2.8423996,1.3852465,0.80802214,0.5763939,0.6179987,0.8130885,0.43652198,0.10581962,0.6575074,1.3394822,0.036593992,0.12803617,2.0640352,1.2104484,0.010828816,1.2858678,2.5605726,1.2604663,0.7451816,1.0228424,1.9473249,0.90952414,0.011093608,1.5413388,0.46771353,1.828527,0.4056622,0.63531804,0.25157574,0.0,0.963647,1.6398594,1.3363744,0.5834608,0.61399305,0.4617418,0.23421408,1.4243062,0.6272862,1.1465935,1.5092148,0.5383568,2.5327168,0.41322905,0.25020108,1.6575986,0.09578502,1.1346842,0.0,0.38453585,2.4738276,0.34690443,0.101184525,1.8075315,1.0986121,0.59272295,0.0,0.018287098,0.08884495,1.0599788,0.62290794,0.09011746,0.76699954,0.010597662,0.11867629,1.1202022,0.14139211,0.59504926,2.4138305,2.9778953,0.4339773,0.1784265,0.18669009,0.57704467,0.1560283,1.8700126,0.26103404,0.43410632,0.9740871,0.24125846,0.14053547,1.3303443,0.86676365,0.047488857,0.24515203,0.611607,0.22346352,0.4102078,0.12070901,2.1028373,0.23482336,0.013981449,0.15213858,0.7432928,0.026789302,1.0821698,0.19425844,0.046660315,0.44207287,0.15410334,2.4316537,0.11049002,0.7312931,1.38959,0.5324254,0.28097928,1.305074,1.0638468,0.23210011,0.62837297,0.27617764,0.43935293,1.2948751,0.3969178,0.14629611,2.0853093,2.1523526,0.45923093,0.5226943,0.075535186,0.4151797,0.23882619,1.3686845,2.842741,0.07729457,0.26011103,0.9414557,0.7043921,0.047980677,0.6611886,0.41972286,3.8547173,0.49933857,0.4354717,0.7954039,0.052215084,0.45806745,1.5923437,0.41298082,1.0423714,1.0474827,0.01646819,0.4964411,0.15678835,1.2570629,0.7989172,0.11111607,0.46395326,0.100686915,3.0548391,0.13691075,0.02154054,0.95172864,1.0779299,0.24574754,0.6326362,0.81552154,0.2534314,0.19315594,1.165079,1.1942486,0.15212949,0.0,0.051964466,0.82641816,0.8487909,0.06439998,2.0375057e-07,0.71745425,0.90669125,0.39393628,2.9441624,0.3232885,0.51809967,0.09638567,2.805812,1.4803368,0.23362754,0.84950864,0.04133067,0.27798277,1.0297774,0.17714812,0.35525048,0.4910694,1.8308725,0.09045381,1.4946992,0.53979313,2.5518138,1.627504,0.024500683,0.2824382,1.7156892,0.6540464,0.091777936,1.115038,0.036499903,0.9968025,0.60029316,0.66779995,1.3186747,1.5016078,1.2401855,0.7174766,1.9741855,0.48158216,0.7821806,1.975912,2.0032089,2.6443038,0.020688178,0.7148308,0.035178453,0.7030732,0.7732037,1.6187123,0.2943628,0.0,5.8243527,0.09783121,0.10571791,1.4452683,1.4168972,0.42021897,1.7111547,0.63171804,0.0,1.0307711,0.29254347,0.33628923,3.2616642,2.5348551,0.11720263,0.1331569,0.2938123,0.9920219,0.610955,0.34634736,0.0685632,0.15972567,1.8721356,1.0644238,1.1046749,0.078760445,0.18126987,1.4833488,1.6142143,0.42580786,0.39290178,2.8356652,0.1677285,2.2169116,0.6205605,4.004415,0.056209363,3.238242,0.86616856,0.23142087,0.15268497,0.0076621464,0.26238656,0.21472682,0.5819158,0.07255497,1.4573839,0.24735077,0.10464016,0.1450631,1.09927,0.2524841,1.0412683,1.6777707,1.4276,1.9485942,1.6289771,1.4973121,0.57169837,0.37016085,0.15909578,1.0415162,0.2213161,0.08938365,0.890212,1.0729791,0.32312748,0.2307403,0.12919226,0.8497431,1.5203292,0.9493572,1.0846955,0.14861727,0.29285157,0.65455234,0.0,0.89267945,0.29836538,0.5949876,1.7595588,1.8038046,2.6571717,0.31636113,0.0,1.2680943,2.9037735,0.026617482,1.1961408,0.37468415,1.6986431,0.34784722,0.41137537,0.034476716,1.0858462,1.021638,0.65890205,0.514815,0.16291142,0.23845159,0.5151358,3.996265,0.3577239,0.6101693,0.09084684,0.35575715,0.0,1.5875221,0.93046266,0.96440214,0.10484722,0.3489978,all_pothole_images\pothole_images_optimized_image_101.jpg
1.0522349,2.4695845,1.5106051,0.5084737,0.20935264,0.59689033,0.14138173,0.0054570204,0.42031255,0.4161567,0.44589457,1.6277009,0.6922028,0.6192857,0.0132291075,0.4158446,0.0,0.2476853,0.019522494,0.46256778,0.012471501,1.3250567,0.9661037,1.2709802,0.66206825,0.5695471,0.74970657,2.6432016,0.35761076,0.2649691,1.3612449,1.2039176,0.5576301,0.18934391,0.1625616,0.21599273,0.2201584,0.6420916,0.2503209,0.7954735,0.29625472,0.6974481,0.20595902,0.04431062,0.500974,0.027834794,1.5473776,0.0,0.0039639026,0.0888066,0.021392101,0.4258433,0.914189,0.2639871,0.07705414,0.012110817,1.3393701,0.57458234,0.33409718,0.13890007,0.43283486,0.65266985,0.818455,0.57755107,0.26101586,1.019612,0.3345389,0.86872256,0.3510001,0.49909794,0.90864205,1.1033987,0.62474644,0.4978474,0.018189395,0.6179802,1.0285372,0.2640836,0.020445263,0.57199097,0.2233524,1.2296753,0.082454465,1.5521683,0.25914648,0.98730654,0.6453363,0.08056794,2.4609456,0.41846544,0.04554764,0.34662113,0.0041416287,0.085944876,0.19608754,0.088951275,0.10665111,0.85218835,0.065343946,0.0017814504,0.9765681,0.8151938,0.028616372,0.20168553,0.6610038,0.08338751,0.11933985,0.41535732,0.054703254,0.6819412,0.1194157,2.066203,0.60354626,0.8067559,0.17559555,0.16816841,0.63990843,0.056152526,0.64588827,0.20077236,1.0416987,0.17566417,0.6840981,1.5827231,1.1124138,1.0982114,0.970873,0.027979948,2.5356858,0.12284709,1.6281728,0.04761242,0.045743838,0.3852373,0.15436667,1.037118,0.05682655,0.05419483,0.29621312,0.084336884,1.1269838,2.1806638,0.08538733,0.90306634,0.0,0.2996588,0.020681955,0.12284937,0.10226669,0.46935004,1.7581278,0.41629922,0.59407455,0.0,0.52384543,0.0,0.06856305,0.2084074,0.22354673,0.035512883,0.964307,0.5202143,0.2455681,2.2930224,0.29828134,0.045323927,4.9529467,0.04385065,1.1601812,0.8565145,0.6505421,0.0654671,0.075846985,0.1461707,0.67197835,0.06214784,1.0176368,0.2569045,1.1081651,0.40634415,0.29379743,0.21157686,3.0513132,0.99541175,1.8766398,0.1753266,0.0471053,0.33109963,1.3071419,0.48754898,1.2824987,1.0325719,0.002091375,2.3442588,0.14649293,0.0004949357,0.09474537,3.3701584,0.10319107,0.44266015,0.54155463,2.7224317,0.32252514,0.0048817312,0.8719437,1.3451895,1.775049,0.16972256,3.280672,0.7706615,0.023337848,0.36179084,0.75347114,0.111974366,0.19074751,0.79544514,2.5847902,0.2035237,0.35221285,0.20083226,1.5493003,0.08363359,0.33422017,1.8555803,0.052341446,0.0072744414,1.1493784,0.2188272,0.63635916,0.30744687,0.034990117,0.07725098,0.91422147,0.0066981413,1.1536875,0.7797318,0.6125452,0.0,0.22286282,0.8613398,0.6264095,1.0036333,0.658175,0.031756707,0.0,0.16926982,0.699021,0.568137,0.7538728,3.4850535,1.327675,0.46685806,0.86120284,0.019958302,1.3389634,0.118737414,0.9551919,0.19835454,0.5230879,1.2587547,0.09236283,0.82165533,0.17442457,0.028761145,0.20923898,2.1101837,0.5224932,0.8279419,3.2584221,0.6090015,0.45153108,0.22956862,1.2366877,0.44112048,0.53542835,0.9968427,0.35503912,0.46779734,0.9931717,0.53762555,0.4179319,0.0143239815,1.4227606,2.8214066,0.5132623,0.67680216,0.055981703,0.99152994,0.41196886,0.36421576,1.2479925,0.35325614,0.19575916,1.1698353,0.21102545,0.17932723,1.0346544,0.5443921,0.9395603,0.2608099,0.069546565,0.0,0.044169016,1.4667791,3.3893728,0.010448486,0.10028942,0.82334316,0.08049599,0.0025482965,0.30850416,1.0439906,7.2235637,0.5310013,0.46946388,0.43458062,0.039850067,0.51656526,0.9394269,1.4196982,0.35131538,0.059550595,0.07811298,0.72242874,0.45653617,0.5266442,0.599928,0.116132244,1.7535504,0.1614785,7.5887012,0.45427176,0.6234702,0.117940985,0.0030173908,0.10948662,0.44720232,0.100920945,0.37263632,0.0,0.19098467,1.9877014,1.1566752,0.31496727,0.3085913,0.3944449,1.194182,0.6912931,0.26892063,0.40652147,0.0068526585,1.4020174,0.20759243,0.46882096,0.4636035,0.006303625,0.06398862,0.93907267,0.012985442,1.0781112,0.5435128,0.28195328,0.92654824,0.13957523,0.011562082,1.5714546,0.58817315,0.59351784,0.4048151,0.6241619,0.15973495,0.30313587,0.18234949,0.24154386,2.2970452,1.0625523,0.9096838,1.1568141,0.062057737,0.003007555,0.05356889,0.22667211,0.8159863,1.3595665,2.3924909,0.1880773,1.3361633,0.16254291,0.005911689,1.4476842,0.20693645,3.482116,0.9273969,0.42424306,0.0015246073,0.71522915,0.030577095,1.7430183,0.0,0.2141409,0.3975838,0.69677794,1.2786758,2.3703444,0.18160008,0.931752,1.4634068,0.4470168,0.19920108,0.38438872,0.50052243,0.392949,2.606987,0.39174682,0.8639402,0.049810063,0.3792529,0.630316,0.26591647,0.23241818,0.30615428,0.054458816,1.0271102,1.4938797,0.56673443,0.22153966,0.7148145,0.6683351,0.1850401,0.45742708,0.08517332,1.0865469,0.21879205,0.34475884,0.101359114,2.7024891,0.07665038,0.80725205,1.4245337,1.0369779,0.029253494,0.08454006,0.23901872,0.19630763,0.39142317,0.04390717,0.5766857,1.1041278,0.15238526,0.13418293,3.2284434,0.100421116,1.3137285,0.6514254,0.43269527,1.033691,1.2292603,1.0295049,0.016664568,0.5942816,0.18213566,0.17272812,0.016654102,0.08693318,0.51963246,0.41486564,0.08865627,0.49113294,1.1772147,2.3013175,0.44307405,0.23612794,0.18163703,0.6060343,0.08792513,0.047625627,0.33761278,2.3694184,0.9797978,0.078557156,1.2407557,0.6178392,1.2252727,1.0071286,0.0056300084,0.6034361,0.30762556,1.0902308,0.23681603,0.17082539,0.5185192,0.5971669,0.096997574,0.0063595623,0.21241903,0.0069377343,1.1740576,0.039652273,0.0,0.67902476,0.1041347,3.853169,0.62087774,1.2647349,0.04352975,0.8178879,0.0,1.6515086,0.75217265,0.49255797,0.9555855,0.049513802,all_pothole_images\pothole_images_optimized_image_102.jpg
0.33316118,1.554354,0.7034223,2.140658,1.9840406,0.9365764,0.030959873,0.16941848,0.6337443,0.6537061,0.26160464,0.57322466,0.57842946,0.18697117,1.2286963,0.39020562,0.036030933,0.06110317,0.3563707,0.7619741,1.4545532,2.0163405,0.47396967,0.29104716,1.9263115,0.53083366,0.84406793,2.2549937,0.31844705,0.4873169,0.69694734,0.26551884,0.9722412,0.5141247,0.5197247,1.3687022,1.0086352,1.899746,0.049947657,0.8419498,0.09282974,0.20788367,0.13057606,3.8055587,0.5909112,0.14867327,0.028352264,0.29806638,0.2779371,0.47394443,0.9848876,1.4304748,0.20035076,0.8251313,0.10644004,1.2872859,3.0585144,0.095698796,0.17244469,0.3588335,0.047724564,0.5760278,1.1592922,0.3681639,0.27550566,1.1113925,0.33411852,0.9873824,0.38160902,0.70948696,0.87692696,0.6925353,0.2769655,0.46432677,0.6278922,1.4620425,0.28860956,0.7831558,0.04721828,0.9213158,1.4059937,0.015109271,0.0073670796,0.40523663,1.2014607,0.5864587,0.19237234,0.2527868,4.9534726,0.26612052,0.5265142,0.19742826,0.35714728,0.5757367,0.63763314,0.08775386,0.30858478,2.0963266,1.7176118,1.116428,0.0,3.4175003,0.23529017,0.49019584,0.39158502,0.04885034,0.1292217,0.049714398,0.061036084,0.7971957,0.099960834,1.2893208,0.43241125,1.0226533,0.531664,1.2479899,1.6760876,0.2859823,1.1689193,0.73534626,3.0579991,0.9468562,0.08178133,1.6375508,0.84576756,0.8824837,0.16628423,0.72319674,1.0375865,0.3122563,0.9139562,0.12771805,1.2516056,0.6674901,0.59118545,0.9433553,0.56117713,0.5053542,1.4116415,0.1804195,0.66766363,0.11248599,0.19487247,0.7491395,1.3310931,1.0903947,0.9090519,0.5970216,0.0076675494,1.2242801,0.6306254,0.5555394,0.30462852,0.012823952,0.8763077,0.34574154,1.2033268,0.29234546,1.3783945,1.1821222,0.8751001,0.52767605,0.0631717,2.7910736,0.0,0.03328066,0.7283697,0.28144673,0.6796314,0.33644655,1.1142807,0.52299625,0.34379035,0.6388304,0.9375791,0.14404859,1.4433479,0.118021965,0.100986645,0.23618202,0.12787117,1.1156888,3.9496908,2.132884,1.3334937,0.6637813,1.1385592,0.23784217,1.4185115,0.3389567,0.8480721,0.2640571,0.19559625,1.8208528,0.38186774,0.99449825,0.3157121,0.0010856314,0.11048922,0.3276069,0.81598365,0.21156287,0.50798744,0.94119346,1.1296241,1.350674,0.075237915,0.36275366,0.8762314,0.04969988,0.28234342,0.6425547,1.385191,1.7297498,1.3822843,0.58628845,0.23617205,0.10507175,1.3299398,0.012391142,2.3210733,0.0935543,0.15293485,0.10518403,0.21225187,0.67475903,0.3530627,0.17904657,0.47270018,0.57945246,0.23963878,0.99620163,0.6811976,0.05429407,0.1684928,0.27270353,1.644517,0.23951825,0.0133502465,0.39618674,0.41613606,0.013106049,0.030016692,0.009693083,0.0537364,0.12637852,0.21552654,0.0,0.30649492,2.3991709,0.80246085,0.53279674,0.7390106,0.42659682,1.2428815,0.48468304,0.7848671,0.0,0.41593975,1.4854685,0.40575504,1.1198584,0.89127517,0.24631923,0.52125037,0.15699865,0.0,0.19848646,1.6655415,0.19571649,0.5174251,0.32843956,0.2246315,0.09060299,0.44993594,0.6485729,0.44977713,0.24136278,0.25606272,0.83990186,0.35962296,0.021595297,0.43030688,0.072924934,1.0528702,0.29209724,1.943978,1.5008985,0.74484986,0.07595222,0.56949735,0.8473211,0.002291792,1.3870581,0.7282262,0.33524236,0.5519254,0.13915108,0.033657845,0.5659435,0.30794573,0.80121917,0.21453924,0.9636327,6.3305874,1.0035107,0.0,0.6563569,0.7784424,0.91163725,0.09413913,0.2719517,2.820347,0.9274686,0.2512935,1.0208951,0.4517906,0.9332233,0.69372046,0.05771962,0.35345855,0.93619865,0.44191706,0.41011333,0.8800481,0.65549505,1.3982401,1.2452892,0.8730857,1.107194,1.6952201,0.48440024,0.2338569,0.106039636,0.77822846,0.68088746,0.898952,0.84535396,0.48945007,0.53860533,0.92548937,0.8483351,2.2331853,0.1497676,1.3095199,0.0,0.46924248,0.18873613,0.62037975,0.35792312,0.2857944,0.73851764,0.46959537,0.5725366,0.49600184,0.08795845,0.6785339,0.7690141,0.25327116,0.5403443,0.0014821179,0.010732364,0.14155225,1.8954175,0.16736145,0.10733902,0.6826338,0.075251326,0.19746444,0.19345163,0.9941127,0.7624509,0.48267627,0.23841457,1.682424,0.92633855,0.25395542,0.14547369,0.3479532,0.28389028,0.010013777,0.15608838,0.11709625,1.0330378,2.88849,2.1136587,2.160173,0.49539167,0.6864929,0.7685786,1.3277295,0.0,0.05250084,0.07372574,0.13550071,0.016739983,0.78682655,0.24354643,0.3441722,0.5134291,0.8933381,1.1181493,0.003632224,0.9065016,0.09867062,0.48161444,0.040772922,1.06861,0.57128316,1.0060488,1.0636231,0.4919683,0.50456864,0.57189435,0.0,0.4759255,0.7472075,1.2042866,0.22619814,0.038543478,2.4764678,0.1935544,1.6664516,2.9684348,2.9582694,0.1918269,1.4053797,1.7595043,0.06674213,0.41015908,2.2969978,0.2281736,0.66737014,0.9713655,0.19782053,3.858813,1.9937537,0.5467071,0.030837037,0.78575855,0.94243264,0.23728015,0.070388794,0.64097744,0.29507178,1.1718656,3.403829,0.23977372,0.49219376,1.7518494,1.2251801,0.40479246,0.20418802,0.20116204,0.14737043,0.85466033,0.6015567,0.57735926,0.39487535,1.0558952,1.5547588,0.14122675,1.2188205,0.12377019,1.0366191,0.30858994,0.048207164,0.13696,0.3379814,0.91958004,1.3759431,0.24523586,1.0723796,0.115018435,0.42318928,0.20363213,0.4903719,0.7450705,1.1411574,0.47190163,0.5258804,3.5836732,0.35089982,0.45983085,0.00039660992,0.010827573,0.70726746,0.35490412,0.06855746,0.22292544,0.059088014,2.3437572,0.08837874,0.039794315,0.031719636,0.079888135,0.11602507,0.031431008,0.26513258,0.00046989092,0.43778634,2.7754657,0.41178754,0.4228405,1.4259287,0.26389623,0.045008373,0.68171495,0.7569382,0.47441065,1.2137703,0.50775325,all_pothole_images\pothole_images_optimized_image_103.jpg
0.4596577,1.0766124,1.2307901,0.4151945,0.6707004,0.5655877,0.3041813,0.46082872,0.094371326,0.3674149,0.20432036,0.11729884,0.55931944,0.051621992,0.5517256,0.6446991,0.06527811,0.026787074,0.76772183,0.18175434,0.10108816,2.105498,0.16617364,0.6234196,0.3332211,0.29218996,0.23184569,0.98636377,0.16105375,0.39716533,0.72993606,0.040914908,1.0558339,0.40763554,0.13464864,0.928915,0.59479713,0.8165353,1.3027921,0.6122348,0.35724577,0.5278548,0.13226226,0.6195999,0.22273336,0.4278095,0.26837492,0.050920255,0.42235023,0.49198616,1.8432319,0.014399374,0.064630166,0.40984833,0.69747084,1.798433,1.3175564,0.3981887,0.7630318,0.55472964,0.37976483,0.16524819,0.17536476,0.03821513,0.4391175,3.5880883,0.018741038,0.014154312,1.7875313,0.54322034,0.0,1.2323315,0.32247105,0.013958831,0.05073435,0.6990851,0.012858843,0.82921565,0.014250836,0.07292339,0.0,0.20986718,0.004561339,0.59047157,1.156635,1.5233705,0.071957536,0.057617243,1.735609,0.37826136,0.5789732,0.013504219,0.24878417,0.27263492,0.21590556,0.0,1.1751283,0.13448413,0.5081541,2.5448756,0.17090264,2.1296914,0.53309226,0.5200042,0.62412435,0.7844817,0.01830371,0.3588387,0.7248179,0.24953671,0.00040608644,2.9913242,0.833632,0.31545976,0.0072281226,0.7896289,5.041399,0.7523361,0.95164657,0.20530467,2.123116,0.5625222,0.9858585,0.20444433,0.033034746,1.0951749,0.9259866,2.242267,1.9816073,0.0,0.46032137,0.13363028,0.54056597,0.14921886,0.07091012,0.74303675,0.5986577,1.3852133,0.40616763,0.7101683,0.09218623,0.020487169,0.57751745,1.4010538,0.4309812,0.47793162,0.4352522,0.35416195,0.40869743,0.8176438,0.34823522,0.018699652,0.010624004,0.6202975,1.7799013,0.53768766,0.737461,0.07041269,0.26465642,0.37640718,2.0053422,0.1840455,0.0055633434,4.4628906,0.01480805,0.313176,0.9252632,0.049661685,1.6062429,0.18249846,0.0009576569,0.13557869,0.09743449,0.014876784,0.75646824,0.023420727,0.26894224,0.0,0.12800634,0.14344889,0.035450194,2.6945226,3.7896338,2.1634257,2.9866812,0.3400549,0.41894716,1.9718341,0.5845092,0.33155695,0.098644614,0.04791125,0.22544019,2.8675232,0.41974264,0.035796337,0.9646309,0.8238701,0.1704144,0.88747436,0.02837853,1.4783057,2.0733652,1.3627281,3.6277068,0.7746158,0.20862284,0.40115908,1.8799009,0.4454794,0.0,0.22456387,1.297945,0.24436896,1.3626184,0.49655324,1.0966667,0.21773042,0.9308753,0.13196647,0.733222,2.565633,0.63362,1.4024932,0.0053509357,1.4050518,2.6062021,0.010203321,0.09575701,0.015871335,0.19064745,0.7504277,0.5849839,0.015449301,0.8016097,0.34292576,2.6483848,0.015422866,0.09737028,0.016078262,0.24609491,0.20430014,0.5778246,0.06526587,0.15033153,0.010566053,1.0953076,0.13176584,0.015691921,0.3566633,0.83804685,0.18537758,1.2081845,0.37247506,0.04340819,0.0,0.15773547,0.19684474,0.94123685,0.011295104,0.20915784,0.40300143,0.6483365,2.588668,0.22946653,0.5535638,0.11004814,0.2218392,1.9015375,0.5932301,0.36448592,0.07375016,0.0,0.2961758,1.3865381,0.87032294,1.5275058,1.2610178,0.70190996,0.9174465,0.18756028,0.18628404,0.19638914,0.18672694,1.0170696,0.1582532,0.11021083,0.8185558,0.20152617,0.55826855,2.225222,0.17601445,0.10164376,1.2852122,0.09618033,0.06569658,0.7795749,0.85292584,0.25741988,0.034131035,0.62530893,0.3898407,0.095383264,0.39082214,3.1741033,0.0,0.04357944,0.96897054,0.16373922,0.006290731,0.3246396,1.5017052,2.7549458,2.3113494,0.09142549,0.39918244,0.27126598,0.46782738,0.55676496,0.19268183,0.7027413,1.0955765,0.1228502,0.5653176,0.732334,0.5569733,0.15156281,0.021284526,0.031151008,0.3186752,4.4917703,0.6293142,0.04624817,0.20536381,0.46970582,1.0753652,0.0034094055,0.48363495,0.01097786,0.3563412,0.43861714,0.69364935,1.1018347,0.18027402,0.47430855,0.7728757,0.026290728,0.0036929047,0.6291387,1.4578365,0.42126498,1.2165875,1.4163737,1.0351483,0.07599744,0.32860553,0.17267507,2.7961125,1.3889612,0.4123409,0.043035097,0.03661993,1.0630219,0.55741066,0.8487837,1.6842598,1.1731468,0.33520913,0.37806585,0.027634999,1.7347287,0.46498325,0.8094956,0.0011313341,2.4706762,0.09400471,0.07092777,0.57662004,0.6091902,0.118862264,0.08439569,0.44803625,0.6775634,1.1485193,1.4292825,0.8273248,0.1230525,0.004764927,0.07143695,0.8248928,0.79103494,0.55973387,0.0,0.116493426,0.51163095,0.40586033,0.9777002,0.43445566,0.3495204,0.23273067,5.6583595,0.1196823,0.034176916,0.18538223,0.7137958,0.11460514,1.0139132,0.1909029,0.02638399,0.04080488,0.2983146,0.50668573,1.1575419,0.83784574,0.0,0.09698243,0.4059279,0.31937033,0.11990533,0.13212578,0.63239926,0.16287014,0.5744724,1.5422783,0.6698168,0.07387017,0.6960199,1.7460552,0.16396865,0.75427395,0.0954163,0.9820357,0.8308184,0.90179753,0.40289322,5.198474,1.3625596,0.99737203,0.24968995,0.94712406,0.04804656,0.56556165,0.049962074,0.9581778,0.07366167,0.12038465,0.38310334,0.6982095,0.086994566,0.03903237,0.24311112,0.32684293,0.21194178,1.2304178,0.5468201,0.72642565,0.002885448,0.20007841,0.19114414,0.8483349,0.00096127304,0.43596348,1.3437907,0.020267418,0.22424032,0.5411481,1.0769037,0.3174207,0.16561738,0.24561723,1.7193662,0.7226274,0.4108881,0.20938173,0.6143553,0.082401626,0.14550227,1.3920746,0.13305575,0.5241142,0.26229265,4.9161553,0.78774846,0.13005386,0.0,0.077990256,1.4590652,0.0,1.1669431,0.22195466,1.1862746,1.0687846,0.044927504,0.23502225,0.70847106,0.023834387,0.20795424,0.1785072,0.11152942,0.022095557,0.14342554,2.0972464,0.8665948,0.7202549,0.8289983,0.60390747,0.0044411914,0.30013916,0.8924919,1.0256525,0.98249364,0.81860614,all_pothole_images\pothole_images_optimized_image_104.jpg
0.0,1.0114028,0.12022968,1.6181463,0.7271758,0.4896891,0.0,0.03702133,0.35628656,0.4997113,0.077040635,0.12938902,1.1631777,0.29743865,0.14775477,0.12960714,0.15228583,0.29795006,0.34916982,0.14626513,0.4366359,1.1747346,0.014692569,0.15890747,0.57178444,0.18407121,0.2621839,0.17849378,0.043711238,0.059444748,1.0198557,0.8818339,0.09702393,0.3103855,0.21037416,0.83630246,1.6330464,1.4482476,0.062835306,0.0,0.5004743,0.05511673,0.2722728,1.0427629,0.10521143,0.15326306,1.058003,0.22208615,0.32421634,0.5530686,0.014101825,0.60843235,0.2387328,0.067751944,0.15530378,0.9315788,0.19068465,0.68658864,0.13703145,0.0015331737,0.16467711,0.013996305,0.14315149,0.47927448,0.3172443,1.3818817,0.28901488,0.0,2.4006758,0.24083488,1.7820954,0.0,0.1758627,1.5705957,0.5147813,0.38140172,0.1892456,0.48172316,0.39568233,0.13897164,0.19216126,0.43592417,0.6436847,1.1254165,0.43390656,0.29955545,0.05287099,0.06710353,1.5405189,0.70210433,0.21589728,0.017022291,0.0036069844,1.2728126,0.33869517,0.16378294,0.6617011,0.39007598,0.058444474,0.85754496,0.47130948,0.016770331,0.11159083,0.31531695,0.7734353,0.26986828,0.7104903,0.12697117,0.085382536,0.3277165,0.01190932,0.3808916,0.21726891,0.005735527,0.88958716,0.01098451,1.6407328,0.27659795,0.5703675,0.1218586,2.2862356,0.331958,0.8789197,0.33843777,0.16053529,1.5571475,0.021389134,1.4978111,1.1424105,0.33246243,0.012515088,0.00039215028,0.12854375,0.12508108,0.6212426,0.80656433,0.17454712,1.0629032,0.2108016,0.0053240717,0.23546545,0.3058681,0.1765865,0.13255432,0.18401358,0.19779924,0.0608057,0.22401667,0.40835598,0.023124337,0.28072333,0.045363512,0.32263133,1.1153096,0.3182459,1.2720677,0.49341246,0.24813628,1.1607071,1.8960724,0.8499059,0.8768158,0.1394528,1.1890467,0.05353717,0.5625341,0.35920528,0.036954563,0.7941422,1.1218523,0.016780911,0.34734523,0.018894171,0.0007878233,0.75719863,0.17980747,0.29444456,0.003336089,0.45374686,0.23869903,0.007862071,0.98045844,1.2388396,1.401034,2.1408935,2.945741,0.0028748286,0.0,0.56521213,0.2741389,0.13100544,0.45191616,0.16559573,0.48314354,0.3622226,1.0280495,0.8936984,0.004096962,0.459596,0.17818649,1.2023144,0.39699396,0.9441827,0.31053066,3.0576096,0.08712177,0.51954526,0.2589839,0.5359634,1.392998,0.2045907,0.16017558,0.04960873,0.016069042,1.7998514,0.7245177,0.05790755,0.39375198,0.50444007,0.35042307,0.8298212,2.513486,0.30793148,0.07622655,0.037074987,0.20546773,0.52232397,0.42198282,3.2516716,0.328602,0.0,0.0,0.48798153,0.54510164,0.054811243,0.19225775,2.100672,0.13310486,0.47736797,0.05647655,0.6738413,0.29234356,1.2953126,1.1871959,0.7634266,0.118570074,0.98234946,0.17369984,0.72160137,3.2594273,0.093907714,0.5375258,1.067308,0.0070689656,1.2788053,0.062884405,0.28384668,0.65365994,0.12911986,1.3932569,0.119889766,0.92701757,0.044266533,0.73623425,0.30422205,0.29359108,0.11387497,0.22148256,1.3578353,0.8304746,0.0,0.03485077,1.4098576,0.62145627,0.31928012,1.1481653,0.7766623,1.6125108,0.084037654,0.44702074,0.7066435,0.10992021,0.97467226,0.11162505,0.14140733,1.0056609,1.357843,0.035751738,0.06764817,0.5767715,0.5687763,0.041873,0.0,0.63211524,0.46704698,0.0034887264,0.04978891,1.8289032,0.14636706,1.7866806,1.0209503,0.8915946,0.38193452,0.0,3.7604232,0.29755765,0.630816,0.46628383,0.15529704,0.54568005,0.74372566,0.57892376,2.7301335,2.2005563,0.008566435,0.4363274,0.33308446,0.7880267,2.0424504,0.22977021,0.47348675,0.17584664,0.50870806,0.38917586,0.13232154,0.0478691,2.0840814,0.055404875,0.035883743,0.013800502,3.6046448,0.64017797,0.0016105726,0.32796797,0.0,0.25544983,0.5505459,0.4293241,0.85854137,0.027681876,0.022708632,0.91716844,2.6186435,0.61805516,0.4617118,0.5469388,0.49778077,0.55562705,0.5688889,0.26865467,0.06531398,1.232025,0.25633228,0.042234514,0.16771339,0.024250347,0.15551446,1.4719449,0.65470713,1.237617,0.61562425,2.09043,1.8741872,0.009942068,0.11741599,0.25147727,1.1252089,0.338245,0.18934831,0.052088205,0.31647584,0.64723057,0.028615966,0.2965827,0.7136208,0.79814327,0.3633856,0.9445471,0.65727216,0.22709702,1.3829032,0.34383088,0.1952947,0.36886296,1.6504974,1.6728067,0.14548837,0.09557479,0.36418268,0.6328269,0.12628794,1.0942144,0.020644246,0.33678555,0.046491772,0.53195363,1.9497117,1.0226127,0.7270659,0.4122596,4.0000153,0.7293551,0.1186953,0.0,0.34441438,0.13510014,0.60348237,0.32946762,0.35996187,0.0014779338,1.4781765,0.24972479,1.0439404,0.0,0.004891038,0.44748738,0.037283815,0.4763001,0.21030344,0.5373563,0.10386185,0.04891747,0.25574166,0.66285145,0.25181186,0.19041252,0.3945827,0.21627416,0.26811808,0.6567317,0.5245623,0.28819054,2.0982523,0.3718705,0.041805282,2.2455282,0.39913636,0.6885446,0.14355923,1.2503868,0.55792516,0.34131965,0.2674563,0.32319352,0.22542794,0.19541803,0.08092355,0.102339566,0.27747726,0.703534,1.8685812,0.4500627,0.26514694,0.22736737,0.7380656,0.9026044,0.31594664,0.1910661,0.08965465,1.276433,0.9488241,0.051836498,3.1716964,0.0038141538,0.015390851,0.14332134,1.681756,0.023405258,3.7011576,0.008190199,0.97549903,0.7644361,0.023287006,0.045068905,0.84741414,0.28948414,0.46775398,1.3379859,0.42581546,0.08113124,0.018050436,2.123586,0.17130034,0.36015093,0.24237178,0.27277505,0.36805087,0.082267225,2.8661387,0.55613744,0.6598274,0.31993547,0.40942588,0.5256313,0.047300313,0.0240632,0.0013596187,0.18234228,0.64555484,0.66950715,0.27910927,3.3973165,1.2517709,0.15410532,0.95886993,3.0250025,1.1779422,0.15437807,0.088172,0.047970463,0.0,0.16392314,all_pothole_images\pothole_images_optimized_image_105.jpg
0.1871223,1.0111759,0.063506246,1.970124,0.7181717,0.28679845,0.30025768,0.0,0.29834953,0.2834746,0.5571557,0.765237,0.0,3.2888072,0.98870957,0.06481768,0.0050523705,1.3081331,2.1102982,0.12279184,1.0715692,1.3769256,0.02935591,0.6831165,1.0263753,0.45983863,2.4049473,2.8619156,0.590768,0.23038566,0.96591175,0.0034999652,0.41049576,0.0035174484,0.024998382,0.66912484,0.26648095,2.4136243,0.00065011956,0.35862088,0.020179795,0.007268795,0.7803006,4.471433,0.5786548,0.024376603,0.26791254,0.1791514,0.08104167,0.5316222,0.20399654,0.50554657,0.2004316,0.019929226,0.097092085,2.317752,2.9149668,0.7314151,0.07302011,0.05654861,0.20462172,0.18697329,0.695014,0.21488367,0.54169625,2.6416655,0.13789971,0.0,0.0071239634,0.3409324,0.093802184,0.27882168,0.29199532,0.36958352,0.28813326,0.28462705,0.08784601,1.3851712,0.016714325,0.54081416,0.11707467,0.06215611,0.015960313,1.7416774,0.026709307,0.0,0.066090725,0.03296158,2.5953577,0.045325153,0.52394813,9.841823e-05,0.0020074875,0.0067933192,0.021932207,0.0072029037,0.09189118,1.5333856,2.0704422,0.15976454,0.22197655,3.318314,0.0,0.45073652,0.43355444,0.20159441,0.20723473,0.115167595,0.8198018,0.1251056,0.0,0.9047705,0.36270103,0.24932039,0.22082463,0.5200278,0.877295,0.3932036,1.8632364,1.923305,3.4328923,0.4233564,0.019477911,1.54192,1.0699748,0.07870767,0.52897334,0.5644883,2.6944358,0.086291,0.17614982,0.049443074,0.18326339,0.065572746,0.3036274,0.17156781,0.42321426,1.5747654,0.68674886,0.2033483,0.47165048,0.021969095,0.030107087,0.3856639,0.5710022,0.38907957,0.05669443,0.18261461,0.037925165,0.14513619,0.46633676,0.1475336,0.0,0.23881692,2.2365868,0.38823667,0.3584876,0.5497963,0.87757045,0.5931989,2.5126767,1.1880525,0.32114562,3.0937266,0.16990249,0.0035121008,0.6837164,0.35168773,1.1737891,1.7419684,0.0,0.012278925,0.05773606,0.03929189,0.09585104,0.28785062,0.39904618,0.067545556,0.050118256,0.13187961,0.0,3.5333261,1.9626086,1.2583019,0.5344685,1.5861909,0.11238965,0.49844906,0.045823637,0.1975331,0.015608533,0.18951888,0.15521882,1.5588831,0.007902741,0.4414852,0.23287442,0.022341518,0.0,0.7026922,0.61586547,0.004780664,0.04368967,1.0953231,0.45060042,0.041071158,1.2980407,0.7981868,0.21823281,0.24899925,0.0,0.019177182,0.9266003,0.3984663,2.9920597,2.6793253,0.2596665,0.04920701,0.17531994,0.34767386,0.9494314,0.072235435,0.44570127,0.0,0.0003992088,0.19021524,1.224885,0.42619336,0.093295366,0.7129525,0.35545534,0.0,0.03600467,0.21166505,0.46157378,0.1887452,2.7210748,0.026179371,0.12894946,0.3212901,0.19942963,0.10093374,1.105613,0.27290478,0.6899602,0.0,0.41265988,0.0037957202,0.6409504,3.2472599,3.5819447,0.22590518,0.22787195,1.2144886,0.5859621,0.1076852,0.94213516,0.84651977,0.20453036,1.2143145,1.2725078,0.09544719,0.43048126,0.06776655,0.6072178,0.3796672,1.2166936,0.8495446,0.57515,0.08977269,0.16537942,0.020754958,1.1304799,0.0026104674,1.9399884,0.15954253,0.0,0.5694617,0.4791326,0.3519819,1.627883,0.008270567,1.576941,0.32106486,0.522947,1.8069683,0.77257615,0.28716648,1.0922741,0.03767503,0.00803021,0.0005442072,0.045592375,1.4677083,0.11156814,0.52550596,0.054629058,0.18829273,0.08784656,2.6988618,1.5906069,0.60838115,0.058947943,0.4185445,6.655246,0.0,0.06936033,0.12865128,0.1892857,0.23220244,0.4503455,1.65588,1.0354896,1.569799,0.2994874,0.7473224,0.07772071,2.8569198,2.498767,0.39964828,0.08093465,0.0,0.47735307,1.2569997,0.3221162,0.42915446,1.5786587,0.024966108,0.50079787,0.10778966,2.0586069,0.15239893,0.14363366,0.24308632,0.16210552,0.21056658,1.2044992,1.9961436,1.6803024,0.10032353,0.23157692,1.1532171,0.96226174,0.5890249,1.3950012,0.054375127,0.079491,0.3348908,0.8071334,0.066550456,1.1244714,0.03916845,0.08959552,1.2814837,0.040517762,0.0013882316,0.05211762,0.25193882,0.56788224,0.22002262,0.0025613727,0.1922177,0.4387454,0.46157658,0.02306399,0.008959188,0.9767759,0.27067596,0.21421687,0.2858877,0.7866175,0.018089289,0.43319485,0.0046618697,0.5163849,0.063260995,0.6752198,0.0,0.7890704,0.3541635,0.3115397,0.010290945,0.0,0.25240928,2.2983465,1.0479261,0.11838192,0.0055087027,0.0,0.8888146,1.0332386,0.0,0.59527826,0.009293681,0.11188612,0.14980407,2.5463932,0.084969305,0.009846745,0.0071817953,0.8286953,0.8910165,0.6351662,1.4816453,0.29623437,0.30482575,0.031627614,0.3697113,1.0972081,0.15417734,0.69872665,0.3949726,0.0050297584,1.1082829,0.39032114,0.25974312,0.26052156,1.1586242,0.19776773,0.0,3.6683447,0.10289737,0.53981185,3.6345282,2.9921055,0.44746944,1.8845278,0.8439228,0.09586161,0.2484923,1.071903,0.0035307482,0.054614242,0.10611534,0.2852335,3.4802108,0.22962025,0.00048490902,0.0045887297,0.27752256,0.6382128,0.0,0.0588298,0.87458324,0.056398463,0.021607073,0.7026602,1.306399,0.1004489,1.2201123,2.8656142,0.010372747,0.0,0.3745176,0.20852886,0.8026305,0.2503089,0.13227747,0.19528843,1.517745,1.8649238,0.5292029,0.8719339,0.02880441,0.30139047,0.0009857602,8.836692e-06,0.1906388,0.46952236,2.0780997,0.9945585,0.35060462,0.34694996,0.72808325,1.8055127,0.24313186,0.0,3.0361621,0.29151946,0.014119083,0.13835816,2.9776678,0.4745649,0.37122655,0.014463711,0.00028587802,0.15884177,0.11422644,2.220617,0.021735795,0.009011069,0.5873622,0.044876654,0.00024931997,0.0059700217,0.023166189,0.0035317803,0.0,0.0077999583,0.27394173,0.2629896,2.9151149,0.82277274,0.049042534,0.7929085,2.2432806,0.29604712,0.82944256,0.0018550744,0.2305099,0.04545602,0.033774313,all_pothole_images\pothole_images_optimized_image_106.jpg
0.7740455,1.7274655,0.41278318,1.5648355,0.17738008,0.54974824,0.86628366,0.0,0.39345527,0.3523361,0.75442845,0.42585176,0.379712,1.3737057,0.37907633,0.22362007,0.19931222,0.14135326,0.7859086,0.5918484,0.27899197,1.7189363,0.29413518,1.5008554,1.0526488,0.27070436,1.1736013,1.6350509,0.16214599,0.8940559,0.55654,0.17977451,0.62463266,0.19061695,1.1022567,0.011052947,0.23920919,0.85934234,0.018495115,1.0308498,0.0,0.11432578,0.30357614,1.0177531,0.6577319,0.018280093,0.11957121,0.3205626,0.121812545,0.38534525,0.25065053,0.5678958,0.6777586,0.28806844,0.3051947,1.5114949,1.2451303,0.47173604,0.5309609,0.7091512,0.2426897,0.3883557,0.56296915,0.1337796,0.61266774,2.5553412,0.6529776,0.5701729,1.1266576,0.5385015,0.3086014,0.7697716,0.365833,0.22050257,0.1388916,0.89950436,0.47410488,0.52074826,0.0,0.33733407,0.1546301,0.3408316,0.06303877,1.3028566,0.49695078,0.4496731,0.30960155,0.38910767,3.6792352,0.23216458,0.2341785,0.3474065,0.47758412,1.0277827,0.037752923,0.027213924,0.47193718,0.5575995,1.0609382,0.6447094,0.036912277,0.7520018,0.34727493,0.8692531,0.57099086,0.53098935,0.41747582,0.08312573,0.0,0.72216845,0.21493292,2.7734177,0.21939553,0.5511715,0.4540435,1.0493484,1.5132284,0.08542374,0.17231688,0.24878103,1.3149297,0.39353123,0.61774516,0.8145347,1.227003,0.44421417,0.1866587,0.45983723,0.4049498,0.27616215,0.6940632,0.7140226,0.695522,0.29812938,0.26630312,0.83476585,0.38867983,0.6633752,1.1363477,0.4220331,0.07816495,1.9831146,0.17322706,0.9454808,0.22124115,0.8026319,0.29713205,0.00034401368,1.2406938,0.8507614,0.21546106,0.3578963,0.0,0.4813413,1.2147293,0.26721093,0.32052416,0.045357704,0.44611004,0.6289322,2.137185,0.51109624,0.054189894,2.5703373,0.33553204,0.3086282,1.5604634,0.086946905,0.24884625,0.7310659,0.017767902,0.023625208,0.6269325,0.3978584,0.58106285,0.11157952,0.6965401,0.032868154,0.23424353,0.43705204,0.46426225,2.4677649,1.4789672,1.2942835,1.4562452,0.7906373,0.15153156,0.0018323328,0.7867978,1.236724,1.0696996,1.1579587,0.26016214,1.4786315,0.020541128,0.09467478,0.4445882,0.89552236,0.24730799,0.85710984,0.30906868,0.76075214,0.01035456,0.2543341,1.0177958,0.61286396,0.56774384,0.1912243,0.2027313,0.007858945,0.2817191,0.4235145,0.9947035,0.16470268,1.2458671,1.1287907,0.45711848,0.12850559,0.6031921,0.25265265,1.0567179,0.060426664,0.81279474,0.9003398,0.57713497,0.8360403,0.8151538,0.31410664,1.7065786,0.022284742,0.42715484,0.30535397,0.6512366,0.42858657,1.5984527,0.3528772,1.067719,0.015493843,0.01269765,0.0,0.016844805,0.3921143,0.22132514,0.20702012,0.5650922,0.0,0.84890556,0.32282624,0.35992932,3.342873,0.41642776,0.22136433,0.7887963,0.017609615,0.11251062,0.0015023655,0.8942456,1.0208207,0.42407206,1.0921503,0.5096511,0.11715051,0.872129,0.1273598,0.33443022,0.9045757,1.6732059,0.2884958,0.6903145,0.4075132,0.8913662,0.0,0.08240532,0.104683906,0.6118661,0.59770614,0.60080767,0.27411312,0.765194,1.4129641,0.34607625,0.24749446,0.9329245,0.08196333,1.0390271,0.55853593,0.23006053,1.0477239,0.6257873,0.36154804,0.33622646,0.16606183,0.6894115,0.40909836,0.40792033,0.42774612,1.1986732,0.5389574,0.5150895,1.994657,0.29473323,1.0477989,0.03231468,0.3851386,3.4330142,0.10857765,0.0036285433,0.987112,0.43733513,0.008142272,1.1993713,0.010501889,2.5028973,1.374661,0.04928004,0.51607573,0.33284774,0.6502147,2.4631197,0.7947446,0.20040321,0.42957586,0.079047516,0.2615062,1.2423294,0.5037216,0.25225034,0.11578578,0.878742,0.3556843,3.434354,0.33425376,0.58019227,0.6346841,0.75125766,0.19642603,1.1372983,0.77304435,0.2755071,0.27741784,0.32496288,0.59476906,0.93427557,0.6519887,0.21875976,0.79815656,0.12106123,0.5404481,0.016362583,0.19551747,0.0,0.77869236,1.0771713,0.68384254,0.016331201,0.37299988,0.16539028,1.1391084,0.08519501,1.1321875,0.19323981,0.15883595,0.14681719,0.21867487,0.0,0.27251804,0.6708477,0.2990784,0.3193484,0.44350094,1.2964247,1.1340278,0.61864704,0.066656955,1.0234953,0.76929784,0.0,0.6587347,0.3652806,0.35812524,0.4480137,0.35934907,0.10379767,1.7695924,1.8493593,2.0385613,0.9124444,0.1755497,0.10818958,2.2439573,1.433752,1.1981888,0.11310708,0.21361244,0.056172393,0.1019496,1.3792195,0.08430662,0.359243,0.0,3.4558434,0.57947767,0.37029025,1.1912663,0.18671437,0.40871176,0.40565124,0.75215036,0.018387284,0.4175797,0.028649723,0.66665554,0.40664902,0.3296465,0.018218318,0.47799093,0.6037638,0.4101504,1.0296047,0.006844901,0.9661342,0.42957675,1.6802065,1.9150931,1.0834645,0.27163973,0.7461017,0.8259244,0.36684167,0.101651825,0.04706652,0.5026867,1.4683219,0.5570457,0.17269506,3.391462,0.4392282,1.0450017,0.38938954,0.17037226,0.79602796,0.00025420295,0.1869514,0.55253977,0.1085505,0.022494571,0.9993963,0.7902767,0.20441802,0.4691306,1.8546208,0.30638796,1.0109016,0.4614702,0.18997395,0.5734601,0.18566173,0.28550312,0.07217182,0.96742433,1.0584434,0.24743083,0.10392606,0.20191215,0.6128123,0.49520734,0.75916874,0.09369432,0.2911666,1.8950781,1.0625411,0.95039445,0.082481906,0.17277503,0.54591787,0.41040656,0.54135096,1.1090299,0.17864776,0.18789968,1.2592084,2.4616883,0.67211276,1.0988101,0.0,0.4277034,0.33030286,0.4750261,0.53095615,0.038809888,0.9013494,1.4678568,0.5882723,0.0017944267,0.17401138,0.16143414,1.2028724,0.005559302,0.110997304,0.14653867,0.38210818,2.4164891,0.8414955,0.911176,0.16563417,0.33598316,0.3013947,0.8102817,0.42268604,0.40718195,0.23193108,0.0920081,all_pothole_images\pothole_images_optimized_image_107.jpg
0.3727044,1.6698604,1.0231338,0.8062694,1.737662,0.72682047,0.3676953,0.6811902,0.67551476,1.0834534,0.82278603,0.4078469,0.61021584,1.8080007,0.38187835,0.13979448,1.0427446,0.10620664,1.3601117,0.07166721,0.2344845,0.69252706,0.20168442,1.6342821,0.6516605,0.6076291,0.23515822,1.8371205,0.1423797,0.8410981,0.83997434,0.043181702,1.9155431,0.24566033,1.7956947,1.7458819,1.1280972,1.972039,0.28148484,2.0622418,0.5677762,1.2876333,0.32027578,0.7051537,0.2012825,0.8200791,0.37235743,0.101764366,0.86333793,1.3206731,0.31405592,1.5142844,0.7910268,0.726798,0.75561196,0.72241396,0.8069724,0.05387968,0.27269977,0.3459376,1.5196189,0.17847213,0.58065003,0.6976046,1.2197136,1.0155071,0.11916886,0.19007352,0.53892785,0.2933398,0.2842363,0.07577836,0.25130695,0.7796308,0.5738422,1.6674746,0.22896719,0.6968066,0.5878819,0.8673438,1.4327772,1.2397336,0.7191882,1.0143509,0.5458047,1.1391007,0.048609134,0.38388598,2.8769917,0.063811116,0.44229892,0.25413206,0.40472424,1.7300845,0.33924866,0.015857149,0.9879279,1.6532885,0.8046482,0.9756935,0.17575893,2.7395732,0.60569,0.22584209,0.63532406,0.5748638,0.028008627,0.9043744,0.38908246,0.77692115,0.20971115,1.0555648,1.2484726,0.3903652,0.84167254,2.1411412,2.3538523,0.80597544,1.082993,1.1892036,0.5337445,0.26505253,1.5258328,0.6661604,0.061692685,0.30117035,0.4051758,2.0642602,0.6670942,0.9191231,1.768806,1.1099111,0.50630087,1.141405,0.6885489,1.1164647,0.21887098,0.4709807,1.3138381,0.2355841,1.1017488,0.15804558,0.69034445,1.1733357,1.0541438,0.761048,0.4203444,0.06328609,0.56974113,1.0987446,0.655866,1.4248176,0.017137427,0.5708284,1.5444018,0.5741696,1.367805,0.8330813,0.79948765,1.3204541,0.81272334,0.5734208,0.16224954,4.2531714,0.6268045,0.14837915,0.6405686,1.4914145,1.4542013,1.4718642,0.7126307,0.2310826,0.66271645,0.93908626,0.6608852,0.58789,0.8670263,0.61640775,0.4518383,0.93834233,0.122622974,1.064728,1.4005221,1.5813673,0.5221297,1.3094672,0.8769114,0.73829603,0.68938124,1.5263677,1.8690829,0.4543348,0.6570549,1.903892,0.5177063,0.6462392,0.2506773,0.114296734,0.17635651,1.2089539,0.8488252,1.1032,0.27983657,0.23074952,0.17950968,1.630088,0.1704997,1.0331496,0.83247685,0.120573156,0.7815974,0.89631855,1.2388021,1.676676,1.636762,1.0089383,0.9798153,0.38160285,0.678393,0.28227773,0.81830364,0.17259535,0.1575718,0.2565553,0.548344,0.8218799,0.529803,1.8126943,1.3547161,0.29584634,0.30690375,1.7013749,1.4669873,0.7365919,1.3972145,1.1448531,0.6445043,0.0458139,0.13708918,0.036305394,0.62225527,0.34055644,0.42580047,0.081319764,0.4557872,0.16549379,0.74880904,0.61084974,0.49730575,1.6540107,0.88357854,0.26590875,0.6061999,3.4039645,0.26851884,1.3336705,0.38216478,0.35781524,1.2419721,1.9079714,1.060128,1.5574473,1.748412,0.30044693,0.22480519,1.5083702,0.28801638,0.92398834,1.092421,0.14823121,0.08243336,0.26971027,0.82542986,0.45005068,0.2973962,0.3635056,0.22246796,0.6611437,1.2836455,0.53995043,0.10169294,0.18981059,0.8763129,0.7789853,0.38525474,0.99812984,0.7700551,0.95531934,1.4682097,0.11643202,0.6245271,0.8005176,0.12411062,0.73287225,0.16587202,0.3148842,1.6030519,0.08480215,0.23968194,0.898805,0.2906765,0.68927854,0.31759617,1.1097332,1.6061952,0.120870784,0.2563759,0.93747115,1.2028947,1.479361,1.2563096,0.6334299,3.310249,1.5726664,0.5689248,1.116973,0.26080817,1.3703228,0.8168894,0.93391633,0.555449,0.9532981,0.7012502,0.5123494,1.3344688,1.3569462,0.96823967,1.1985046,0.65660715,0.89005494,2.7450848,1.4833426,0.08644131,0.32723102,2.3187413,0.94699377,1.1723993,0.3187018,0.81317824,0.065846734,1.0320098,0.65761364,1.1942683,0.43435988,0.47537535,0.38135317,0.74701095,0.74404144,0.8950089,0.6492046,0.004161728,0.44835445,0.60694695,0.10365974,0.70000815,0.093313895,1.198932,0.20172839,1.1133679,0.8585363,0.72628784,0.52976674,0.694834,1.224531,0.7935438,0.21081485,0.94119555,0.36808333,0.0904961,0.5321334,1.2898401,0.42457926,0.7366348,0.3061141,0.54602087,0.5176073,0.6328393,0.19645531,1.0129775,0.32672414,1.446697,0.09025743,0.6983185,1.3350178,1.1753541,0.76592886,2.53456,1.5648271,0.32399514,1.5763204,2.3874657,0.90368456,0.5085755,0.6343091,0.28466904,0.08118996,1.6879201,1.3504303,0.27457353,0.11866678,1.4469371,0.54294515,0.05177328,1.1485639,0.9895636,0.67282724,1.0682681,0.1747698,1.6619362,0.27552238,0.7795888,1.220885,0.89891773,0.9263601,0.040492676,0.90995544,0.3121379,0.72177106,0.32274756,0.17684653,2.0733135,0.8203455,1.3782537,0.4588785,1.8102155,0.7831557,1.2116414,1.7708396,1.1136316,0.4521387,0.08530901,0.9637739,0.7570217,0.91203135,1.0039614,2.4423645,0.7204878,0.4615036,0.52050066,0.13642323,1.225329,0.13144113,0.11002978,0.0065428037,0.20148137,0.34491247,1.934781,1.310427,0.33294654,0.49196935,1.2798048,0.5174757,1.123335,0.49390823,0.9347397,0.7653914,1.1147052,0.036929216,0.691753,0.39495662,1.0167922,0.84623104,0.66824466,1.721248,1.005856,0.80249107,0.2671105,0.21822983,2.2039351,1.4712366,1.3317306,0.65797067,0.2785036,1.2829918,1.4045147,0.09654518,0.115213595,0.41969493,0.7384903,0.7585733,2.0012283,1.8262973,0.415518,0.81171644,0.16632392,0.11136088,1.1304709,0.26716006,0.4068083,0.36658815,0.9824573,0.9737808,1.2641573,0.053244945,0.11726343,0.018320365,1.1823136,0.93300134,0.8143665,0.72972137,0.87629837,1.8772993,0.081786044,1.4955812,1.4256988,0.76051545,0.055166565,1.232889,0.79159623,1.1753558,0.6964061,0.15647566,all_pothole_images\pothole_images_optimized_image_108.jpg
0.13898589,0.6096575,0.07717006,2.329663,1.2140615,0.15167624,0.26134777,0.5033984,0.5092865,0.6174464,0.11397023,0.50629216,0.0,1.4475443,0.3134117,0.1186727,0.05051281,0.051071435,0.15068214,0.917351,0.6799237,1.1166115,0.30582428,1.2235608,1.4380275,0.90902674,0.010763682,2.353973,0.17783359,0.11746903,0.8438778,0.08990651,1.868067,0.22776662,0.17630243,1.2334279,0.33126855,0.9368653,0.37863532,0.8882445,0.0,0.013116693,0.5439814,2.2469008,0.41409245,0.045712654,0.28046042,0.20942938,0.17857182,0.94816417,0.14775161,0.0,0.023118895,0.0034521765,0.20305544,0.525607,2.2887154,0.0029707546,0.19520137,0.03570058,0.028276058,0.07318981,1.0976806,0.5454599,0.0759942,1.6089256,0.20385343,0.4870718,0.4156128,0.11824023,0.53072566,0.11261024,0.19058889,0.15592778,0.0881872,0.2692408,0.12631041,1.0524883,0.41275716,0.31317398,0.024751354,0.77856445,0.46497604,1.5839642,0.51742566,0.100374125,0.013329011,0.007297482,2.3646228,0.42950314,0.28132418,0.28714073,0.21133399,0.025063038,0.1269884,0.005594124,0.29833335,0.30313337,0.8204062,0.019555086,0.22710024,3.6672237,1.4900678,0.089750364,0.9941302,0.13297223,1.0871592,0.09106669,0.29844803,0.44833717,0.019271463,1.2359241,0.3884345,0.17840584,0.9969354,0.42334893,1.0431111,0.4268353,2.517727,0.83729863,1.5321215,0.050741408,0.17586838,0.44865763,1.4817059,0.14280663,0.026444556,0.3607865,0.95865875,0.24170032,0.25217727,0.105241835,0.0,0.10245079,0.29252076,0.5422596,0.010518261,0.0659144,0.41042495,0.18125726,0.34503126,0.108355634,0.12097187,0.44170028,0.0,0.8243777,0.26341575,1.3957769,0.6375129,0.4300643,0.31281045,0.44286898,0.3031597,0.0,2.1159637,0.44847426,0.27089417,0.08135665,0.4885741,0.62957025,0.5949969,0.9162856,0.11994019,1.4266388,0.41994324,0.0,0.8908021,0.21994352,1.1204025,0.9298552,0.08639884,0.011494335,0.0,0.038875204,0.41253358,0.06475176,0.2762544,0.3941165,0.0,0.2259463,0.046891015,2.6533163,1.4461182,1.6030803,0.2931074,1.0983275,0.16822636,0.2817664,0.42728338,0.24914758,0.36196563,0.20525786,0.011151183,0.89936435,0.22279069,0.6107062,0.94928044,0.2546307,0.38779023,0.0018398132,0.56763166,0.29826277,0.11790375,0.83187926,0.29239175,0.77864736,0.36416662,0.46296775,0.35113168,0.1372291,0.012250604,0.09845077,0.86157256,1.701827,1.0696447,0.8814585,0.6112677,0.1399198,0.4941424,0.14607905,0.51677066,0.10539726,0.051469613,0.4679927,0.0,0.028893393,1.3253471,0.55135244,0.97671866,0.5052801,0.06959716,0.0023490568,0.6578683,0.2964961,0.88735074,0.088735074,1.958309,0.24648683,0.23012964,0.50918573,0.81279784,0.48184478,0.41904172,0.12885529,0.031105116,0.02839957,1.1922477,0.14713588,1.1129699,4.1532936,2.314629,0.2415893,0.2598301,1.0928719,0.2496376,1.3253094,0.8169753,0.08955066,0.36058834,2.8838587,0.047840863,0.49105904,0.45326555,0.16966465,0.5560897,0.064025894,0.9818917,0.13178518,3.045967,0.24962349,0.04368263,0.06287734,0.44036517,0.5171267,0.6130908,0.5812685,0.0037934755,0.26850888,0.5347112,0.66350275,0.8256311,0.19888051,0.8793168,0.26854956,0.29279062,1.3691202,0.72028464,0.72631645,1.6743279,0.02164945,0.0,0.042676687,0.07484356,1.2940238,0.10274198,0.04469342,0.014855918,1.6645092,0.21575972,1.3445569,0.6251828,0.24540457,0.20502344,0.13808136,6.875873,0.26682207,0.09956263,0.0529384,0.06990955,0.43832347,0.64785063,1.783124,1.5687053,0.5144793,0.009665654,0.3440113,0.0,1.1562845,3.6644561,0.25201365,0.4510945,0.024817614,0.12419291,0.38168553,0.15995516,0.23617053,1.4579185,0.26181877,0.02630784,0.5681765,1.4330212,0.06363549,0.8902826,0.2248968,0.0014614245,0.11641938,1.0405911,0.2633525,0.9453571,0.04125258,0.9196463,0.29755688,1.2246197,0.22560789,0.96007115,0.018903231,0.09681266,0.094001114,0.74742913,0.5438784,0.42252418,0.23839092,0.12825046,0.2133529,0.03132255,0.014329029,0.47430512,0.7512004,0.9305854,0.24059685,0.1535317,0.072468914,0.2020197,0.89477104,0.0,0.30459127,1.7859727,0.31521428,0.28153074,0.890107,0.93437177,0.0007484196,0.1364244,0.17859766,0.03543096,0.5555103,0.31163648,0.44012466,0.32895967,0.3249969,1.0525118,0.04609692,0.21074428,0.10657079,3.633521,0.52913827,1.0454396,0.050537035,0.10069946,0.52519435,0.13612002,0.5008673,1.1956077,0.19621094,0.0,0.19267467,1.4039011,0.07110389,0.0,0.23293734,1.4489161,0.69717926,0.4153951,0.16724187,0.1678707,0.02869352,0.29950675,0.30327407,0.113216534,0.25558466,0.024667552,0.028432835,0.008312451,0.103511795,0.06612721,0.5050801,0.669494,0.93013304,0.41902384,0.00030731916,1.2934223,1.4619365,1.4387665,3.7703443,1.4712449,0.21558121,0.9966948,0.28482893,0.07958007,1.6163853,0.20434275,0.053229682,0.3782818,0.06324575,0.68734944,1.8137432,0.26759648,0.18750244,0.32206503,0.1472512,0.54798317,0.10577391,0.20091903,0.33486485,0.55021805,0.19346485,1.0509355,0.12387579,0.3308126,0.072168164,2.0091019,0.49641564,0.20983438,0.937717,0.9865574,0.9853363,0.7114122,0.80275834,0.08836598,0.7066603,1.855861,0.43314323,0.58985865,0.025061797,0.4860499,0.1726516,0.0012824247,0.06837145,0.09814009,0.6145439,0.67725945,0.8845656,0.21730664,0.8025598,1.2090818,0.11288872,0.38036638,1.1211495,1.1463735,0.50661117,0.29765552,1.8842112,1.2377889,0.29902896,0.01710431,0.48374343,1.1751243,0.5659101,0.68075573,0.031786174,0.7114629,1.8801836,0.50034183,0.1455882,0.07200801,0.01214813,0.35773,0.1368345,0.26790148,0.077471174,0.20142356,4.161058,0.24086618,0.029181832,0.6026681,0.82870793,0.4813645,0.29381767,0.63131654,0.36378333,0.3861045,0.051656086,all_pothole_images\pothole_images_optimized_image_109.jpg
0.13257757,2.038995,0.55281806,1.5343482,0.44706148,0.34015125,0.7264117,1.0568373,0.04904628,2.1073344,0.3534728,0.27140185,0.061485894,0.7592124,0.002541385,0.83615124,0.02351882,0.08992206,0.793294,0.24598275,0.39279473,2.1631122,1.5826578,0.9255354,0.5095546,0.40950748,0.008053233,1.3658571,0.06219473,0.8455765,0.6041168,0.0,0.38258678,0.44175377,0.16946153,0.66314685,0.5468421,0.07145967,0.28670487,0.9601647,0.25890565,1.3176148,0.35665122,0.6116996,0.33277908,0.27188307,0.41527012,0.0,0.7544501,0.06717992,0.9387536,0.42480773,0.2305965,1.1720107,0.35150808,0.1806059,2.727186,0.0,0.5752834,0.43150717,0.05778429,0.9748526,1.9584684,0.107734986,0.38136145,1.4763554,0.39119217,0.21692175,0.03626727,0.5340029,0.27854657,0.11284566,0.091270864,0.0756325,0.15408051,0.11189779,0.24678765,0.08434381,0.0,0.3983152,0.09015682,0.11747498,0.38820633,1.7977684,0.23627298,0.43542945,0.09927829,0.1428352,2.705159,0.28462633,0.15186137,1.5806384,0.0,0.0273518,0.21875395,0.18572585,0.7803206,1.497497,0.9757019,1.13333,0.31262755,1.4641526,0.4115376,0.28392217,0.80094767,0.46858317,0.69210005,0.19071767,0.9182148,1.5250275,0.33087263,4.931324,0.10690146,0.016344672,0.52774924,0.4637448,0.33571222,0.64234465,0.8626293,0.6254706,2.734885,0.68327284,0.099718206,1.043448,0.25855172,0.63506424,0.23962773,0.04312336,0.0337389,0.03750025,0.5703618,0.6757946,0.32411858,1.8254431,0.239636,0.07543169,0.026020447,0.043860883,0.21520679,0.5037234,0.30832085,0.056465942,0.068408445,1.3055272,0.0,0.0330377,0.0002974941,0.7828852,0.67365086,0.6880334,0.48979038,0.0,0.49144146,0.07418493,1.1924319,0.89293885,0.04245155,0.56799656,0.01562725,0.21914038,0.6771228,0.017548447,0.1510625,4.26346,0.99373406,0.8376853,1.0989324,0.08959313,0.12493177,0.10770702,1.6892259,0.43113995,0.5064819,0.16071042,1.8930848,0.14881715,0.2659573,0.22984143,0.1016231,0.0049171876,0.062212378,0.5954474,1.8988883,0.9820073,0.8997041,0.21531756,0.988545,2.7765334,0.23606612,1.621181,1.5587404,0.011296289,0.056576848,2.5467348,0.22242612,0.4416352,1.6671684,0.98177665,0.90326285,0.2755123,0.0,1.1133229,0.962322,0.020041212,0.6136264,0.8853285,0.37111226,0.12192976,0.68544275,0.8638592,0.010108368,1.270927,3.13389,1.955955,0.2413656,0.0004945216,0.43020886,0.30487776,0.82588714,0.0368342,0.93926984,0.38465378,0.258554,1.0798651,0.24382763,0.25841475,2.1820378,0.021367306,0.71551514,0.22144064,0.27636558,0.94067335,1.5896728,0.00726203,0.8825775,0.6913555,1.8677518,0.092838824,0.0,0.06814991,0.42018268,0.48248664,0.052242346,0.16670264,0.030518455,0.016864328,1.0307313,0.1401811,0.86969423,3.6356132,2.571504,0.43814677,0.12690036,0.40482953,0.6261152,0.17048964,0.8847731,0.86766267,0.19785562,1.8471464,0.45888498,0.050799705,0.3533451,2.0320497,0.008816295,0.6544268,0.66482747,0.45610884,1.7910677,0.3103721,0.8187238,0.045516346,0.68743604,0.5532426,0.69390184,0.8538829,0.7648899,0.097449064,0.5307743,0.23815697,0.34188133,0.867974,0.20838833,0.026169427,0.06439638,0.03496057,1.8217196,0.5624959,0.07558385,0.12491177,0.9327826,0.080551736,0.09800251,1.0934316,0.79469794,0.042072963,2.8742008,2.1871643,0.03685015,0.28653023,0.013961772,0.074926645,0.0042681545,1.3560513,2.8253317,0.62613666,0.5775058,0.49533018,0.45188463,0.38412833,0.292275,0.56570846,3.800616,0.5272017,0.23515093,0.22164658,0.22705607,0.3055618,3.206586,0.20267855,1.7419252,1.5432482,0.050305974,0.17512077,0.29388812,0.88930994,0.06794603,0.3104171,1.1621772,0.9658882,1.8967011,0.31913698,0.48496455,0.4962793,0.006176057,0.09621761,0.41125736,0.70038587,0.41669065,0.28542703,0.5397856,1.1548799,0.19230792,0.011682804,0.02899435,0.124992944,0.45886636,0.09067625,0.057902947,0.427028,0.67539215,0.5591283,0.9644029,0.05804928,0.3192022,0.1925939,0.439895,1.0411552,0.1708841,0.03222288,0.2303341,0.98715264,0.2169337,0.5098076,0.0,0.33594435,1.1541739,0.4160984,0.6387774,0.5512421,3.2127259,1.030506,0.26850876,0.5324247,0.8142513,0.6156061,0.4775561,0.41984293,0.19490725,0.2529962,0.3286878,0.2570892,0.016420629,0.41770694,2.7047174,0.6821049,3.60651,0.43425852,1.5542351,0.73333895,0.86005586,0.6382387,0.13516676,0.994354,0.069109365,0.7460613,0.056406736,1.2812651,1.6918845,0.0,3.5863948,0.06259711,0.6366866,0.37833968,0.08245209,0.047569737,0.5152092,1.1235433,0.008522375,0.71235967,0.019011991,0.80789465,0.7257576,0.9243129,0.07114962,0.022155857,0.6155007,0.29628175,0.5237197,0.8636662,0.044204004,0.236011,2.832487,1.177,1.722617,0.36149654,0.9880508,0.66679955,1.4410229,0.24587397,0.18121403,1.4444402,0.015070494,0.67377585,0.08183877,3.106844,0.8874633,1.2142375,1.5245394,0.5373511,0.05809478,0.6307942,0.5903653,0.043383766,0.08388342,0.09748711,1.5310605,0.12788431,0.019111186,0.3824065,1.226621,0.1428666,0.5155385,0.07257735,0.7763046,2.887656,0.70449346,0.9703172,0.65129226,0.09155871,0.30118233,0.25860494,0.4984317,0.003045481,0.69859475,2.5673923,0.44748318,0.0009729009,0.088843234,0.36469755,1.6155434,0.5588587,0.09957984,0.06041233,0.17172356,0.7340687,0.8881579,0.18714465,0.5820206,0.015108522,1.1558857,3.5129282,1.1184485,0.23112336,0.008323269,0.9156744,1.3381323,0.062393468,0.68502146,0.017200967,0.5957411,1.5986602,0.0,0.0,0.14459772,0.5126336,0.8488363,0.62246275,0.018895581,0.1837566,0.03877429,3.444807,0.3396932,1.4037462,0.023673825,0.25131193,0.0,1.6053247,0.13637996,0.04213964,1.774231,0.0,all_pothole_images\pothole_images_optimized_image_11.jpg
1.4294868,0.5969657,0.06560921,0.6191338,0.29399863,0.19420375,0.71049386,0.635516,0.40080273,0.17248033,0.50330997,1.423038,0.032817718,2.0004807,0.6278007,0.2455237,0.052640725,0.69237065,0.36416703,0.8583318,2.3384478,2.0564828,0.20209038,1.0592368,2.2876258,1.392251,0.14689584,3.5738602,0.17662615,0.02261714,0.15872154,0.38596562,1.0824708,0.5861432,0.14778724,0.1577733,0.014045544,1.5823075,0.47263834,0.70224565,0.0,0.15282905,0.30169877,0.7365685,0.94092786,1.7013867,0.03590992,0.6404397,0.7812148,0.79234403,1.0870732,0.009093357,0.9576898,0.18301506,0.38105446,2.1708853,0.6243584,0.5412085,0.19486625,0.37331325,0.09845611,0.3551647,0.5374028,0.23505645,0.0542463,2.6919193,0.37398633,0.40189493,0.008830034,0.7170837,0.47059327,0.25903112,0.23429464,1.2944981,0.31154472,0.9201495,0.0849557,1.3577746,0.12891018,0.433984,0.16401064,0.08574133,0.90272605,0.31265932,0.75131816,0.0,0.5949987,0.7218202,1.7407366,0.21055236,0.044947583,0.41544497,0.18058261,0.77875036,0.9648814,0.97094476,0.08112543,0.48133525,0.86828697,1.7292533,0.03300081,3.3521163,0.77775866,0.37664875,1.0477419,0.048195466,0.5773253,0.5984787,0.015629895,0.9823403,0.03976308,1.1767606,1.611996,0.53066546,1.8155035,0.40630823,0.16961657,0.1157073,0.6253574,0.4942124,4.2083554,0.1623221,0.0,1.8402488,0.8273935,1.3197902,2.9313343,0.19405137,0.28105822,0.030519137,0.4662359,0.09377815,0.028800793,0.2676497,0.8174075,0.499195,1.5101745,1.5393414,0.23387414,0.2512426,0.3698132,0.33714083,0.22648673,0.26132348,0.23597276,0.9300031,0.17472479,0.7891053,1.6197312,0.30616102,1.4568915,0.501896,0.213704,0.037437323,1.3327814,0.74658996,0.8137937,1.0329047,0.23052612,1.2182618,2.1082015,0.61204016,0.31609508,1.4829464,0.06485869,1.0758511,0.3672735,0.3615664,2.2667418,1.0052538,0.30816224,0.0498415,0.10373416,0.17108722,0.36373442,1.1233691,0.20179452,0.16755517,0.107890256,0.49131042,0.0011841629,1.9915731,1.5200633,1.1416808,0.16141118,0.58294755,0.7042152,0.79081625,0.3007944,0.022609582,0.72624266,0.022069497,0.35374004,1.5186646,0.47485596,0.5408868,1.0434341,0.07815281,0.2924802,0.23976637,0.95950454,1.6640561,0.96191734,1.2543638,1.1617047,0.5130626,1.4139142,0.22444963,0.20898081,0.44527525,0.0071302247,0.1694129,1.1221768,1.013415,0.46853948,1.9527179,0.83152497,0.07074833,0.2679929,0.30404085,1.2322195,0.11642707,1.5530772,0.17657286,0.44725603,0.62085503,1.2584584,0.625002,0.56967735,1.0819275,0.1045248,0.5253572,0.06867086,0.62800336,0.88476926,0.5768456,2.998028,0.61637926,0.0037151924,0.14961058,0.83267426,0.6458684,0.043034956,0.5478417,0.25600937,0.13527465,0.11499084,0.31663045,1.0094126,1.9820155,4.149178,0.06982321,0.784252,0.20074369,0.6846759,0.3559914,0.26649392,0.2937777,0.94116753,2.2022245,0.31209785,0.077846244,0.54576015,0.08992812,0.30043626,0.19722524,0.07914055,0.7592489,2.1311338,1.1919168,0.861216,0.053701974,0.73366016,0.5704694,0.9998894,0.40946198,0.526243,0.99090606,0.7800055,0.44314072,1.0510123,0.2577467,0.83360136,0.6869787,1.0566128,0.0017361579,0.8118825,0.037048303,0.3794496,0.19865927,0.53962183,0.066017084,0.04486506,1.7288572,0.3793794,0.92045176,0.6637939,0.45510802,0.14921604,3.3593144,1.2423724,0.48284498,0.6499772,0.20208113,1.2814162,0.13567182,0.02526518,0.31072462,0.51145333,0.16493072,0.8709578,1.5700135,0.014958683,1.5693375,0.17568482,0.72708136,0.2283294,1.707401,1.0976336,0.28664058,0.67972535,0.28611836,0.8246709,0.9360404,0.55357754,1.1227002,0.4970085,0.0011458928,0.7281027,0.36202738,0.13963175,0.051053476,1.0287727,0.053475387,0.05857125,0.9482591,1.2535067,2.0338755,0.051856797,2.0209792,0.34882507,0.08001689,2.2392902,0.7874013,0.39947554,0.034433536,0.50196207,0.20464766,1.084777,0.02988798,1.1105353,0.57281274,0.113401234,1.005357,0.2732378,0.03832566,0.5111782,0.17029463,0.45390007,0.36017352,0.9081028,0.35860825,0.21856914,0.49331328,0.13410243,0.5110553,2.0704885,0.1397829,0.7684822,0.028691726,0.96738434,0.31818864,1.1344442,0.8873902,0.20375861,0.07549252,0.09268412,0.12209789,0.741614,0.26318863,1.060777,0.17208228,0.7827424,0.7607107,2.4075003,0.42578328,0.28416184,0.0,0.015162714,2.1773849,0.9589937,0.12537561,0.0010981587,1.1373552,0.0015861632,0.1515072,2.4866028,0.098623484,0.278246,0.2520949,1.7972193,1.7834811,0.15607817,1.4105923,0.21101299,0.34585866,0.6444121,0.21621883,1.7004812,0.92610556,0.4959694,0.59725696,0.19178705,2.2866259,0.078971826,0.66603297,1.0417475,0.7167634,0.7911662,1.1370313,2.5837035,1.2868515,0.67635876,1.709248,2.690018,0.7045839,1.0867028,0.09244438,1.6731278,0.6988302,0.412394,0.4054363,0.080872044,1.3454651,2.2318878,2.8885355,0.2362535,1.2471786,0.32204205,0.5250938,1.136555,0.043058846,0.033253953,0.07756023,0.28031322,0.10470019,0.21783555,1.9262316,0.0006959533,0.74655443,0.38809717,0.0364483,2.1438775,0.38804236,2.197625,0.82258123,0.52755743,0.15978336,0.45831835,2.0465746,1.9022598,0.20066969,1.1043643,0.5688443,0.4168798,0.4124441,1.3537666,0.65061206,0.53783005,0.7606215,0.4621983,1.040159,0.24001525,0.6880602,1.3670024,0.1777626,0.08890006,1.7085313,1.0621781,0.5406298,0.9241143,0.41324735,0.2127484,0.39894018,0.7109916,0.15872563,1.0810145,0.1460383,0.28957233,0.17503875,0.1010282,0.5197385,0.2414928,0.32690698,0.23378725,0.42576486,0.06768192,0.226181,0.7534377,0.305428,0.8521891,3.3737063,0.8504927,0.9372048,0.29732072,1.5762769,0.6062488,0.17135458,0.11904953,0.6009444,0.4458209,0.13199408,all_pothole_images\pothole_images_optimized_image_110.jpg
0.027403256,0.052167423,0.18071279,1.3338879,0.5443125,0.05242175,1.1010554,0.19267477,0.19122855,0.36270687,0.9099582,0.33853257,0.24298224,1.9388957,0.5034141,0.5715845,1.122859,1.7465917,2.773963,0.45847157,2.7309227,0.34036037,0.0023738863,0.45802766,1.7807152,1.632684,0.6391732,0.8271288,0.025698267,0.22310233,0.815728,0.07900074,0.14980665,0.6882076,0.32625338,1.8335426,0.10140128,0.6841563,0.5736319,0.7252197,0.7639775,0.9207572,0.10723139,1.5768012,0.5771923,0.3070515,0.108913176,0.14274856,0.3586879,0.45789933,0.65591156,0.35588863,0.84213394,0.3832344,0.42840427,1.6214204,1.9087688,1.123135,0.06008536,1.0580744,0.3725502,0.2119195,0.103787586,0.48910996,1.198896,2.4779897,0.22588293,0.20218661,0.8656644,1.6183571,0.21444635,0.2022271,0.22132006,0.08828339,1.1280458,0.06821916,0.3718294,0.5528764,0.07107804,0.42258778,0.11761305,0.095076256,0.23406145,1.9548236,0.26585808,0.5377548,0.15243933,0.10186995,0.48775673,1.2214524,0.32744223,0.40184274,1.0642945,0.043769557,0.3091942,0.19631113,0.46960977,0.80624235,0.11429909,0.17945379,0.6368634,2.0643985,1.0237432,0.032547187,1.1469043,0.4333032,0.57035726,0.43720812,0.5108335,0.11631699,0.57320666,1.401383,0.29534784,0.32214028,0.9878993,0.68882203,0.3435291,0.6220473,1.9155077,0.019491669,0.6347643,0.011794739,0.035366192,0.54351085,3.3431416,0.82126427,0.3074042,0.29433712,0.266204,0.80448383,0.07032856,0.22592598,0.101957776,0.9842648,0.6270261,0.33682114,0.120637,0.3275454,0.064590245,0.0,0.025089344,0.17318785,2.0995655,0.53573436,0.56322217,0.6493139,0.67682624,0.0075206417,1.3196582,0.07991729,0.34255937,0.15999997,0.0064375857,0.29280922,2.0060272,0.09272407,0.4853794,0.15163895,0.8000248,1.1001014,0.89724153,5.9538064,0.9392683,1.8473996,0.80635655,0.041275144,1.7086504,0.27569178,1.828999,2.6521113,0.10639453,0.26887026,0.1419911,0.2461972,7.72454e-05,0.3298053,0.04339088,0.30882996,0.0034023277,0.27518883,0.0,2.666342,1.331234,1.2465832,1.2114043,0.7610868,1.3658422,0.6799137,0.43241924,0.5082881,0.3572078,0.09298159,0.18629032,0.06639682,0.023958534,0.16691801,1.616138,0.83152056,0.17247659,2.334938,0.7185182,0.73346895,0.5095343,0.78456646,1.6788757,0.04766121,1.2453777,0.0,0.373524,2.9576902,0.0077955555,0.13608083,1.1930976,0.35080203,2.8900263,1.2166003,0.69560426,0.049860086,0.9380809,0.13257429,0.4625454,1.1375589,0.3439436,1.1053703,0.023237413,0.014599544,0.3558738,0.07679079,0.8337715,1.5736868,0.057222746,0.13442264,0.82556367,0.31437433,0.065484114,0.4748943,0.6286803,0.016061278,0.16528197,0.4612432,1.6016291,1.8747311,0.0050658546,0.28784144,0.59736866,0.21526805,0.29643118,0.41550782,1.4132624,4.9760027,1.8055516,0.40984714,0.047321446,0.2206665,0.079799876,0.25931486,0.8516014,0.6703674,0.037132964,1.6834229,0.048653275,0.11037964,0.07103823,0.0610612,0.15561853,0.23060475,2.0850382,0.37818897,1.4229654,0.009157983,0.68564767,0.0024737807,1.1323506,0.8131,0.114439026,1.3246696,0.07040501,1.195387,0.2161879,0.12505883,1.5442114,0.12322874,1.3367276,0.15304519,0.19835836,2.2384107,0.25933552,0.16609052,0.09410694,0.06661256,0.07620012,0.5733459,0.15478325,1.5343765,0.70193636,0.13227472,0.0380831,1.0462779,0.17509502,4.922806,1.2427647,0.22695962,0.44152263,0.01894683,1.0507634,0.0007072378,0.30985683,0.0,0.6571153,0.29162902,0.94918555,0.07556078,1.0015615,1.5895956,0.08688486,0.58686316,1.3040636,1.1430317,4.1383038,0.29521385,0.45775184,0.0,0.4601142,1.7550282,0.08664322,0.15131892,0.30580887,0.0020749792,0.65317905,0.03298322,0.8413076,0.24276575,0.52865535,0.0064439573,0.33752236,0.19358476,2.7656238,0.49722016,0.6904303,0.8998891,0.6457049,0.4337321,0.4841838,4.0844417,0.7395793,0.12426014,0.0,1.5831519,0.8767078,0.39442194,0.13936768,1.1867777,0.6345765,0.6406342,0.0,0.2865439,0.15943517,2.3406992,2.1203914,0.76889867,0.14942083,0.18679327,2.3691425,1.7587708,0.0014869501,0.11348611,1.3683009,0.24494687,0.07594817,0.11324686,0.8946397,0.38441905,0.8490896,0.45413348,0.12173999,1.3167269,0.6501219,0.08038037,0.38520393,0.05478162,1.8194863,0.13370453,1.1077765,0.75307983,0.13120079,1.3982021,0.7470528,0.0,0.005710906,1.4741974,0.36603203,0.45751,0.11961836,0.926377,0.2242453,0.37891516,0.59428436,0.1934519,0.5142827,0.11037226,0.688326,1.4187472,0.011205985,0.25317332,0.0707917,0.02868758,0.040970847,1.349917,0.59441495,0.42334712,0.22436747,0.8409008,0.48912343,0.085863724,0.19618054,0.1414356,1.9132636,0.107379764,0.47547302,0.015310578,2.5757427,0.9306466,1.0077021,1.1224673,1.6460553,0.29987997,1.0651367,0.27034467,0.8092131,0.046157535,1.2924942,0.038231656,0.79834557,1.1278348,1.2910583,0.39132974,0.17871496,0.8147586,1.3937345,0.64120543,0.25882787,0.14154123,0.09876204,0.16663279,0.034491397,0.009880136,0.47762161,0.1182519,0.27437532,1.1476355,4.8754544,0.19811225,0.76111627,0.0048535354,1.0310553,0.9230494,0.025730414,0.09418402,0.23516974,1.3701335,0.53891623,0.02324311,2.0150125,0.057319522,0.28272936,1.3778191,0.22055832,0.1104239,0.03706735,0.10607542,0.35061342,1.7704847,0.14899635,0.09511026,0.47036937,1.1770047,1.182651,0.51842606,0.40030277,0.072166905,2.326591,1.6433117,0.6792702,1.1311476,0.07373768,1.27837,0.0009078925,0.5953481,1.6610146,0.3158497,0.49282894,1.6780803,0.4263577,0.0025980123,0.12527105,0.14664052,0.93880135,0.2053021,0.24209791,0.25181532,2.1475818,1.1645296,0.52572024,0.14189637,0.32142007,0.4607996,2.8452282,0.31395066,0.2474124,0.58207065,1.2299298,0.26661503,all_pothole_images\pothole_images_optimized_image_111.jpg
0.3623218,0.5111074,0.29919657,2.6584108,0.16880846,1.131058,0.25550205,0.28254393,1.0434947,0.20308203,0.25302884,1.0935167,0.08374238,0.5460029,0.48394307,0.9756913,0.43071023,0.00330929,0.5569539,0.009218631,0.53024644,1.451142,0.49152505,0.88790697,1.0358348,0.09606433,0.0,2.6148012,0.10699578,0.8075787,0.45057657,0.16925071,0.88376296,0.1723572,0.36362627,0.4279158,0.058847085,0.46644428,0.08331591,0.65748215,0.9073202,0.63214475,0.68815285,0.57610965,0.733876,0.0022353074,0.1646208,0.0057993075,0.50727093,0.08411757,0.43258658,0.24012436,0.78727245,0.1720309,0.025481125,1.3236078,2.3010345,0.0025080505,0.3356392,0.2715821,0.04528163,0.1766514,0.88382953,0.6520196,0.6098153,2.0148532,0.2311512,0.0,0.90070355,0.5028063,0.071805455,0.39222366,0.050934967,0.29514325,0.34103993,0.31601587,0.20881082,0.21441932,0.054211304,0.48297563,0.038051322,0.2839563,0.3900528,1.2943451,0.7801848,0.77429205,0.1598584,0.1344406,2.780883,0.39038342,0.5003757,1.1093316,0.10809811,0.19610198,0.23605032,0.015803363,1.6361498,0.60135293,0.2497413,0.8325524,0.020670433,0.9446705,0.40145,0.054674692,0.5899321,0.028244259,0.28998327,0.30537504,0.2488624,1.032537,0.4956595,3.2485588,0.35657823,0.17063318,0.16794738,0.47698382,1.607414,0.7633874,1.0778439,1.5123501,2.165553,0.23891552,0.5642053,0.25884387,1.272903,0.29549894,0.15108283,0.8130215,0.8531281,0.2585096,0.11595955,0.063529365,0.018055158,0.5476939,0.026698155,0.14538194,0.08260635,0.9256106,0.8301675,0.09963015,0.328556,0.37554413,0.07374256,0.25904045,0.16199854,1.1627351,0.11967396,0.9305236,0.6352427,0.6126183,0.4401389,0.42413637,0.18799877,0.56559575,1.6429601,0.11464508,0.035792407,0.21210697,0.62028885,0.6481917,0.50601447,0.32935452,0.6779913,2.0801516,0.7624924,0.4762107,0.24584244,0.013171279,1.1493111,0.17696182,0.094686896,0.13522598,0.06264318,0.0,0.40512142,0.06346458,1.4693332,0.0014202707,0.28259733,0.56685656,0.117701836,1.8179828,1.2624965,0.4806618,2.5494645,0.6229714,0.38897583,1.6143379,0.5651225,0.7243906,0.43897745,0.13188621,0.022328084,1.6335752,0.107174754,0.037522774,0.12181494,1.521985,0.58748484,0.75522494,0.46895143,0.9024989,0.9709906,0.4318275,0.6120245,0.119893946,0.06588026,0.27524287,0.75248766,0.049952384,0.064922325,0.009933394,1.2687126,0.59614265,1.3690132,1.8431321,0.04007998,0.10880651,0.7454023,0.9201336,0.4416294,0.6339548,0.27415222,0.39613232,0.02528977,0.57189596,3.4179153,0.15835749,0.83818907,0.22595064,0.14950643,1.3063728,0.13918251,0.056908637,0.74624074,0.20820124,2.1886618,0.013927505,0.15886176,0.015811525,0.86318535,0.29989263,0.63783276,0.56032234,0.2510868,0.0,0.36428195,0.36552283,1.1536008,3.5140617,2.7576447,0.0,1.0541651,0.063456394,0.025825797,0.0,1.4929912,0.4975389,0.7385761,2.4711022,0.00911601,0.01360236,0.30030107,0.99075705,0.34879345,1.608648,0.3734509,0.119479686,0.74981457,0.23265979,0.5851047,0.21488844,0.19776668,0.24537838,1.0736556,1.0614803,0.94400865,0.80935425,0.0478549,0.6834811,0.11581627,0.95565295,0.007777008,0.578569,0.5832409,1.0737723,1.0269914,0.53861326,0.79806846,0.009612876,0.045677748,0.08253911,0.24966349,2.605159,0.0192558,0.054258842,0.47316462,1.7092952,0.7787837,0.33544484,0.15301272,0.18387963,0.11266683,0.52188843,4.663684,1.1339849,0.41921476,1.1189374,0.18108478,0.2697773,0.29829457,2.5042434,4.4241076,0.5770308,0.1430459,1.4817461,0.041359335,0.5408178,2.2724178,0.42767224,0.37206027,0.6365792,0.013292782,0.6364635,1.7997128,0.18783034,0.4449698,0.049462683,1.0579287,0.004496486,4.0513167,0.1381915,0.20772408,0.010155485,0.040647697,0.0,1.2461329,0.9759522,0.47492427,0.171284,0.3881456,0.29280844,1.548595,0.42940202,0.2799893,0.11778721,0.74354756,0.40142116,0.08843095,0.3492475,0.580958,1.3710891,0.23577105,0.29131684,1.1688802,0.106208034,0.12032078,1.0210551,0.7694084,0.4451842,0.021273505,0.101570256,2.0208755,0.11568413,0.07745286,0.25727114,1.7037188,0.5201435,0.060663898,0.5663059,1.4176428,1.1017811,0.041881178,0.007300217,1.8069261,1.3437221,0.022192573,0.81793225,0.33536112,0.36423352,0.025265627,0.0,0.21255971,1.6884024,4.421822,0.43400246,1.3147476,0.08962708,0.12954892,1.2503484,0.73081315,0.7159959,0.0,0.4262067,0.09482982,0.16054055,1.2442901,0.8312222,0.073993005,0.17343956,4.0967803,0.15470707,0.5141014,1.2059108,0.5430947,0.017142555,0.12066226,0.37203357,0.09935525,0.015002732,0.021567252,0.186125,0.51768124,0.10297608,0.057747576,0.22341196,1.2207068,0.5038006,0.70688176,0.03778469,0.90411985,1.0446692,0.793853,2.1029067,1.1578686,0.2238337,0.59658647,0.7524497,1.6791886,0.6535493,0.24589285,1.6496435,0.6375006,1.57403,0.16112645,3.1618626,0.75345254,0.80993074,0.46053407,0.7193907,0.65456265,0.29838243,0.16104956,0.22870286,0.17728382,0.24611826,0.79669374,0.2373466,0.5810393,0.43510872,0.96965563,0.81226486,0.12252014,0.49317735,1.8806819,1.6301343,1.2462758,0.43431455,0.56923187,1.791967,0.17595026,0.82907414,1.1618998,0.013032294,0.49171868,0.7132671,0.45987117,0.0,0.20206292,2.8011394,0.6253785,0.6558615,0.7465669,0.1618653,1.1327589,0.36455676,0.47529098,1.3312014,0.2091064,0.034110468,0.33695835,4.333061,0.9464903,0.16590998,0.0,0.6374457,2.8869185,0.0,0.8873079,0.042929843,0.12932462,1.357219,0.021304246,0.010538651,0.07744084,3.9232655e-05,0.16893733,0.101876274,0.6290985,0.6350677,0.1810673,4.878028,1.398968,0.07325401,0.63207513,0.76461446,0.0,1.3278567,0.39802977,1.7552387,0.45949677,0.0,all_pothole_images\pothole_images_optimized_image_112.jpg
0.03574133,0.92091614,0.09995153,1.6680213,0.119704425,0.07405342,0.53124154,0.0023999952,0.6121864,1.325956,0.32808405,0.42527533,0.94360083,0.63663304,0.0,0.57013357,0.058398522,0.32672188,0.07030283,0.20771503,0.22472544,0.47175753,0.2223551,1.5070859,1.6024684,0.6971803,0.43742013,2.2729986,0.390644,0.30799556,0.21345034,0.49943364,0.48484084,0.55578494,0.5183344,0.97745186,0.65975744,0.94013786,0.091644906,0.2046564,0.03744134,1.0567353,0.56958896,1.0916632,1.9080943,0.37916067,0.5619153,0.08835745,2.0833013,0.6042175,0.4210908,0.45676845,0.9581068,0.0757784,0.7385246,1.0352925,1.4007522,0.79150575,0.06887733,1.6781904,0.6419862,0.028937262,1.2419754,2.045387,2.0162148,0.466853,0.2806581,0.4065555,0.28440192,0.938281,1.8767563,0.90317464,0.27473187,0.24421374,1.238787,0.5251529,0.016999098,0.5082566,0.0,0.22357675,0.2845276,1.4482361,0.53676504,2.2191322,0.08376214,0.94253594,0.7892853,0.1030848,1.4347256,1.0669986,0.039122637,1.4051585,1.3269507,0.6583871,0.16408983,0.22246103,0.7158952,1.066183,0.4550326,0.15250672,0.34506658,0.9288456,0.8371054,0.16319926,2.411678,0.0,1.3732752,0.33941883,1.0578375,0.65171677,0.255651,0.30986002,0.4676172,0.2820015,0.97139627,0.18417926,1.0810102,0.226812,0.12737706,0.53631806,2.632237,0.24197076,0.115993924,2.8743205,0.6178928,1.5019853,0.27591595,0.1947742,1.5461693,0.13881008,0.77658564,0.49627146,0.23193501,0.6512308,2.9567387,0.13083467,0.30816025,1.1115268,0.30987194,0.121556796,0.5806695,0.74503195,1.5473281,1.4321774,0.9680393,1.5442207,0.89099354,0.08248621,0.24876805,0.44430378,0.18708256,0.02951759,0.2882995,0.04713159,0.5749301,0.10842401,0.8632365,0.1747645,0.012297092,1.5502275,1.1899836,0.8658694,0.3003873,2.847496,0.16838369,0.052715447,2.1203368,0.5914396,0.42355174,2.1475925,0.024027316,0.09784537,0.33191314,0.29214582,0.043631934,0.77674764,1.3138715,0.7468982,0.9118225,0.65347755,0.35183758,1.6075222,2.599858,0.52898633,2.9422572,2.1048307,0.50451005,0.40401867,0.7673768,1.3457137,0.018253358,0.87907135,1.1373359,1.4932927,0.42424628,1.3431371,0.81521094,0.32874835,0.10735226,0.0013130915,0.9116305,0.8531592,0.22678868,0.039446145,1.4920293,0.88370264,0.36924604,0.72954106,1.5415478,0.8032809,0.06679409,0.21294199,0.1692643,0.027885094,2.0788326,1.0778946,0.7596812,1.300493,1.8417817,0.0169389,1.316278,0.043541048,0.75827634,0.0007368504,0.0,0.6994444,0.29928347,0.31209517,3.6548188,2.5540721,1.7593127,0.0,0.1998037,0.95010155,0.057659138,0.29679793,1.1550405,0.68918765,0.48857808,0.13232833,0.016450392,0.44890088,0.8860973,0.99374694,0.10324631,0.1483278,0.5066022,0.24660479,0.9920035,4.1827555,0.04970514,0.33905602,0.31197733,0.64422476,0.5631514,0.6194871,1.1897179,0.08918823,0.55765057,1.1748904,0.6798745,0.29006392,0.9603743,0.08332645,0.6172628,0.035448343,0.0,0.59194386,3.333877,0.11444064,0.3246447,0.16075754,0.69768053,0.8145032,0.2652236,1.1055396,0.092286274,2.6474278,0.1680175,0.3024355,0.72343224,0.033291005,0.55215615,0.1222971,1.3137194,0.38547647,0.85025156,1.6067843,1.677418,0.6981505,0.2659411,0.9189939,0.6108998,0.9051161,1.0146652,0.032099772,0.09874466,0.38910508,0.51339626,2.2141922,0.62740153,1.4870199,0.00015561422,0.07699431,6.4921885,0.73541826,0.0,0.0,0.4335797,0.98158026,0.007130812,0.56836593,2.8590276,1.4740632,0.80995035,1.0983446,0.08636157,0.50053644,1.5212842,0.95512885,0.0013131138,0.20940883,0.43228015,0.583807,1.0088187,0.37210923,1.5669401,0.39994875,0.7639529,0.052238915,4.2615685,0.0079304045,0.0,0.0,1.0454539,0.5116044,0.9035136,0.34568483,1.2373922,0.1792662,1.8520203,1.5772395,1.3040597,0.60410744,0.37358734,0.53597206,0.100711375,0.761189,0.8453324,0.4388741,0.6188763,1.355236,0.82937294,0.8358378,0.7417565,0.021418892,0.020352086,0.61679894,0.022514075,0.6243978,0.6986093,0.034501944,0.15330352,0.5935904,0.02526695,0.0948747,0.53118384,0.94404566,0.17824522,1.1980937,0.19010016,0.1542098,0.3383957,0.77549666,0.6758469,0.70127624,0.09855132,0.21387064,0.27266708,1.4165518,0.022795528,0.35717294,0.35130084,1.1421893,1.2529632,1.323254,1.4004186,1.827352,0.06106428,0.7056582,0.38402572,0.020850575,0.22286084,0.02535805,0.115404576,2.3248296,0.34083953,0.68021035,0.697109,0.5017401,0.29686087,2.16072,0.43995386,0.018872473,0.4539281,1.6944011,0.6590347,0.1458786,1.4185131,0.7704586,0.45312577,0.8193713,0.11176825,0.7030521,1.524219,0.6338838,0.46667752,0.51278645,0.032874122,1.5475875,0.6912242,0.33063054,1.293722,0.6629641,1.6460073,0.18241742,1.3923248,0.47633213,0.42575178,0.116008125,0.7125332,0.34516618,0.23448761,0.23825295,0.3438815,1.098247,1.6267091,0.8785234,0.19477548,0.30676752,0.33998108,0.68671596,0.52145845,0.04902813,0.0,0.041959245,0.7236225,0.5296767,0.5623273,1.4473783,1.8895438,0.6296663,0.076570824,0.50754124,0.32119918,0.05377635,0.57601535,0.1346145,0.6399906,0.25713974,1.9053258,0.6104629,0.4459573,0.32641637,0.6377236,0.38958117,0.0030708094,0.060635444,0.9371412,2.052045,0.3915351,0.29519734,1.840824,0.0,0.009457675,0.0,0.8137593,0.7371278,0.4574415,0.009682418,0.03644354,1.3378557,0.6311946,0.97319955,0.06188233,0.1525834,0.101735786,0.08481875,0.0875703,0.12508774,0.3461889,0.5166917,0.112515524,0.1112494,0.09987616,0.0,0.19560362,0.65553737,1.500033,1.4741368,1.0255656,1.6622305,0.72350097,0.2023447,1.5031072,1.6615062,0.10764158,0.33637762,1.8611506,0.06512581,0.85347074,1.09758,all_pothole_images\pothole_images_optimized_image_113.jpg
0.7179423,1.8106768,0.55343586,2.1677115,0.31813943,0.7779707,0.31874985,0.3029853,0.625517,0.48773193,0.71561354,1.2443689,0.006533238,1.3616186,0.68935597,0.74274707,1.0439166,0.31572172,0.6495809,1.0044316,1.1821554,1.543367,0.30320755,1.0318187,0.8775526,0.75086564,0.3729256,3.723327,0.91248757,0.28119504,0.3770691,0.38403544,1.5467395,2.0371585,0.18426025,1.6127535,0.5266881,1.2480751,0.14628252,1.1077883,0.39457387,0.068987176,0.9128494,2.7598214,0.7820647,1.5824713,0.3914163,0.060334273,0.23982704,1.0500991,1.1757827,0.6287293,0.9730848,0.4697903,0.49871117,1.2760222,0.112047926,0.122773536,0.38042808,0.27280223,0.57293934,0.5661493,1.3556609,0.5739026,0.39025512,1.0621134,0.36153883,0.9919047,0.6665419,0.3424712,0.971018,0.3316112,0.2698283,0.57608104,0.63769484,0.9072187,0.80914646,1.3174043,0.04393254,0.4412604,0.64972204,0.11416219,0.13541599,1.0037203,0.85718673,0.9667405,1.2992548,0.33301714,2.9967184,0.09029169,0.19959934,0.05745423,0.3422604,0.8106096,0.0034357868,0.5640702,1.0096833,0.7680969,0.7077171,1.3732992,0.07476075,3.1436586,0.8346081,0.53288496,0.11974399,0.19120312,0.71185005,0.605672,0.51845014,0.19928347,0.0008703923,2.266533,0.6516235,0.20020173,1.0030489,1.3061085,1.472932,0.60303533,0.3405713,1.5162503,1.6841062,0.85023093,0.9106369,1.9108638,0.31858435,0.19888178,1.4226192,2.1875482,0.92203003,0.42026404,0.554057,0.018140374,0.1992252,0.54665977,1.3626325,1.42957,1.3197719,1.3357002,0.8684739,0.75466186,0.119840465,0.33131358,0.120157026,0.48248234,0.9493748,2.040828,0.7499431,0.09835108,0.43207964,0.7964924,1.9718226,1.4061041,0.16432801,0.03443868,0.37490556,1.1360081,0.32493326,0.29253525,0.60184085,0.6358378,0.48007843,2.8216646,0.00042341105,3.0123525,0.011469561,1.5230068,1.05344,0.5153911,0.46583068,0.85669506,1.0634316,1.2461368,1.4214312,0.5093409,0.42876136,1.226048,0.76478434,0.023640458,0.48782846,0.45121765,0.09623983,1.6769402,2.237474,2.0541058,1.1527302,0.29055986,0.18210608,0.95108604,0.7376008,0.3064961,0.9208832,0.56188464,0.28748417,0.77203757,1.5390931,0.7425451,0.74866205,0.039999142,0.058497578,0.69775224,0.7282429,0.58366394,1.229069,0.75517935,0.994914,0.36804923,1.2820426,0.45751095,0.08428307,0.11990662,0.86730945,0.10031325,0.6797888,0.22896382,1.0531691,2.254312,0.62827235,0.110795826,1.8101557,0.3986052,1.2320684,0.027010571,0.7124235,0.20146522,0.11266596,0.86491305,0.6002479,1.4095291,1.2658981,1.1498998,0.13733345,0.5335858,1.283096,0.10309261,0.8598793,0.029331708,2.5244105,0.14530417,0.060214072,0.4659675,0.6957302,0.3155836,0.9319082,0.02259961,0.82918876,0.071996026,0.19367042,0.56710064,0.22904767,2.868035,1.3684349,1.4801869,0.5888689,0.8519248,0.11524427,0.21127799,0.25765446,0.08426765,0.32459012,2.6911976,0.48021486,1.0313295,2.049335,0.14389017,0.16113882,0.20709299,0.1864232,1.5451514,1.1163955,0.9017576,0.22163337,0.058450088,0.31712905,0.5790084,0.18009344,0.85431355,0.35425523,1.1971209,0.6412253,0.8540126,0.5743891,0.37150067,0.4004905,1.2401403,2.343635,0.035504553,1.0249057,0.9455001,0.8386826,0.02297794,0.3208794,0.13495222,0.20119947,0.6940502,0.7948081,0.6052852,0.7807172,0.3920141,0.9457144,2.3872268,1.0450436,1.0474027,0.72077256,1.4337027,4.2221203,0.4377213,0.19262646,1.0345124,0.3892598,1.7314242,0.25952187,0.6603897,2.2565627,1.3577552,0.39677256,0.87130547,0.097821884,1.1703291,2.7130868,1.208514,1.2073237,0.325929,1.1687703,0.92397743,0.9650239,1.9773042,0.5308342,0.57259125,0.8980344,1.5217059,2.0701275,0.47302476,0.10934427,0.18036397,0.22386566,0.42011377,1.1601028,0.8291756,0.4271068,1.6506237,0.97872555,0.3827127,0.7797437,1.3217251,1.1942682,0.48010054,0.4721047,0.90264523,1.1882452,0.5196027,0.49858376,0.20902267,0.06482088,0.37690455,0.598309,0.07759698,0.2662866,0.2641251,0.5739891,0.37007987,0.02673734,0.646544,1.0021416,0.9205054,0.47174117,0.676439,0.72224987,1.5272864,0.50474983,0.43267295,0.6241399,0.71903723,0.33637047,0.4181689,0.051652215,0.31100062,0.6454674,0.1948431,0.23266156,0.45194554,0.4394286,0.6115731,0.8971421,1.8407406,1.4430987,1.3831265,2.1886525,1.075613,0.019223427,1.4240363,1.3324429,0.37006626,0.57126474,0.21769692,0.14236593,0.4930321,1.168877,0.35775313,0.5644792,0.021931723,1.9020913,1.5597821,0.3543501,0.65293384,0.3672229,0.6050697,1.0197222,0.11972529,0.34250876,1.4095309,1.2802854,0.2971693,0.8383731,2.1226134,0.0,0.23985349,0.42494226,0.33931112,1.2938776,0.28803435,2.6512191,0.61927253,1.3303748,1.4615942,2.5370903,0.14744863,0.35036394,2.7675054,0.37928647,1.0243878,0.494977,0.034769043,0.8987316,0.5675013,0.9556351,1.5448799,1.0789273,0.6118971,0.047465246,1.0263834,0.8609846,0.36812034,0.24429372,0.23483655,0.09792326,0.89562136,3.2429376,0.94093335,0.4532582,0.8690397,1.4693894,0.78546447,0.68555075,0.252674,0.9462579,0.52647936,0.63679063,0.6528881,0.6434451,0.17842059,2.0445786,0.16289271,0.9937956,1.5861583,0.22150443,0.78516513,2.8116977,0.07964747,1.4891977,0.7362153,0.68795604,0.4982383,0.31155905,0.313633,0.32699147,0.14122501,1.0179883,1.015185,1.1940435,0.32517403,0.9713616,2.2362604,0.45519027,1.327258,0.4089503,0.06534633,0.6452851,0.739429,0.22690292,0.12102976,0.749196,1.4720583,0.12861516,0.5126266,0.84518313,0.64041287,0.019547824,0.119913004,0.18385978,0.17588052,0.82411784,2.4906213,0.09921062,1.6858172,1.6603603,1.1324337,0.67270255,0.2960395,0.35104382,0.55960375,0.3762683,0.24471438,all_pothole_images\pothole_images_optimized_image_114.jpg
0.9869375,0.46057042,0.06413456,1.8055829,0.3521678,0.38916472,0.20705947,0.0,0.43776056,0.23340175,0.40271303,0.12377803,0.3159481,0.7096819,0.6736883,0.14557956,0.05814612,0.40798748,0.4885067,0.07598557,0.00880251,1.3072649,1.291952,1.8826658,0.03660747,0.05143543,0.008856016,0.050490428,0.21527158,0.58848554,0.7358885,0.027029939,1.2275487,0.37637857,0.16141105,0.00034129526,1.2451297,0.18242234,0.079727456,0.05918005,0.446955,1.1356485,0.9914782,0.5256191,0.6635916,0.41490406,1.0693442,0.14564706,0.5353466,0.6381366,0.8383143,0.8361272,0.008943899,0.2692249,0.025942845,0.45546025,0.9652462,0.015959881,1.0500498,1.8726096,0.19615231,0.7559177,0.5781291,0.36681956,1.9685799,0.0043376302,0.3124756,0.0,0.0,0.15774474,0.40429413,0.071203895,0.5825879,0.18103085,0.68182045,1.2377249,0.4368856,0.30406582,0.0006314722,0.13021949,0.020397877,0.884713,0.10687902,2.5404208,0.086512476,0.80383646,0.042920414,0.31460863,1.7345976,0.25836974,0.109047584,0.45730495,0.4405622,0.034025803,0.4700208,0.005740292,0.7512269,0.77025026,0.08551592,0.16816057,0.3586317,0.40580592,0.99036205,0.040486243,1.4339195,0.0,0.092837915,1.8124263,0.036468923,0.93906164,0.10916501,1.7300308,2.6441164,0.31028655,0.008833985,1.0294595,1.2112606,0.00071030465,1.9445063,0.44801807,1.0347117,0.44757685,0.48215446,1.3401016,0.7875567,0.30832526,0.78662544,0.57518446,0.2390919,0.07966284,0.126135,0.0,0.0148379365,0.06677866,0.0,0.29123345,0.0022744457,0.2690357,0.41984564,0.0076055573,1.2050365,0.35425878,0.050191928,0.6045541,0.4027472,0.1644576,0.02712121,0.10083098,0.09172377,0.14424068,0.29834938,0.038470615,0.7221607,0.2933876,0.8025614,0.044346817,1.010936,0.24379408,0.4419856,0.21962015,0.37422624,0.29143918,0.0,1.7128087,0.60502887,0.36849838,0.52265596,0.03706626,0.6734676,0.24427468,0.17835079,0.013010003,0.049732275,0.04417489,0.9191799,0.09896614,1.1924323,0.008290054,0.67509025,0.3261809,0.035173994,1.1958842,0.7691341,0.5187233,2.7974977,0.89855987,0.23382181,0.311809,0.22650072,0.9742567,0.14357357,0.26178256,0.11571134,1.0775503,0.45259935,0.0,2.3164337,2.2769952,2.088488,0.41080606,0.94278234,0.24116611,0.22903503,0.004619486,0.4643884,0.8291607,1.2872484,0.98582035,2.573169,1.9766927,0.0,1.0516382,0.19144085,1.002932,2.47965,1.2912488,0.39701974,0.34500253,0.484479,0.11913606,0.77201027,0.2994581,0.36996552,1.0012214,0.08550807,1.571434,0.84924114,0.110493034,2.0347085,0.028862942,1.075985,0.0,0.5081259,0.13207476,1.0509248,0.011765776,0.23949789,0.0301801,0.50731665,1.1630969,0.9963514,0.059335392,0.07859882,0.5322551,0.023518205,0.044930156,1.7007312,0.7394473,0.40279865,3.1082644,0.15446793,0.0,0.12456637,0.042091742,0.36373928,0.0053925356,0.5575048,0.22050409,0.121814325,2.7012506,0.115360714,0.528171,0.07304653,0.9997331,0.005585464,0.9277311,0.31075042,0.25006112,1.6415972,0.4019431,0.43512928,0.14662777,0.092115946,0.097829245,0.19850892,1.7833214,1.230931,0.49649638,0.4641507,1.3962324,0.34321904,1.5466355,0.23761404,0.249685,0.011350884,0.41862696,0.22405988,0.70757574,0.6243811,0.8734316,0.65985245,0.0852225,1.3493209,0.7872106,0.23984016,0.43403897,0.80961335,1.0167885,0.0123849055,0.37114552,0.30075142,0.5083898,0.20523685,0.5551716,3.962722,0.96045667,0.23644924,0.5319102,0.03000414,0.58593696,0.017426992,0.4415618,6.6958404,1.2960109,0.17264462,1.1616466,0.12775609,1.8781595,2.647615,0.4443062,1.1859373,0.69176817,0.08780853,0.54281056,1.7021858,0.9766778,0.6079127,0.06387826,0.57517225,0.051212437,5.495264,0.0022594167,0.299819,0.53377306,0.07708218,0.06978598,1.1954741,0.13823679,0.31100088,0.063447505,0.7283607,0.89274395,0.5829956,0.060616672,0.46687916,0.18561627,0.6858406,0.013729224,0.28008717,0.28518432,0.36537465,0.4517004,0.21723334,0.10548821,0.33670488,0.0657419,0.5896483,0.72151273,0.008005382,1.3545299,0.2665116,1.0673772,1.3477347,0.4717518,0.0,0.37105867,0.09698917,0.43876842,0.6185549,0.6383051,0.23700131,1.061973,0.04490249,0.1685818,1.692597,0.58352643,2.5279474,1.6552348,0.2684916,1.9062015,0.7775364,0.0,0.6406278,0.9932213,2.6569238,0.15663649,1.2041276,0.40297922,0.07728685,0.93087566,0.1434095,1.8597457,0.18431163,0.019155942,0.0091615515,0.4972275,0.0035220843,0.8900179,0.4405597,0.21909243,0.5408325,0.6920385,1.7588534,0.1417288,0.978169,0.005093535,1.1219621,0.07220901,0.43483126,0.7512473,0.80755955,0.96944475,0.6218043,0.23237905,0.16205156,0.95048654,1.583279,0.93918633,1.0889986,0.23382269,0.2635197,1.2443665,1.0942606,0.079905726,0.421793,0.83981615,0.28388995,0.607674,2.3535147,0.09164353,0.12265066,1.789914,0.0130722625,0.05996999,0.0,2.7594333,1.6370159,0.8099477,0.37473604,2.0885603,0.09712188,1.3021308,0.28468883,0.31825668,0.037753418,0.051671542,0.787631,0.29369253,0.040826485,0.6900682,1.6176007,0.13887961,0.20463736,0.72177404,1.1852397,0.38853142,2.6629307,0.096773274,0.38900718,1.9914827,1.096921,0.4840931,0.8094287,1.0561668,1.6852459,0.20716931,0.029761294,0.012298669,0.07274036,1.7064282,1.1089743,0.09382578,0.11768876,0.7551344,0.607842,0.12506475,0.068690106,0.67181766,0.041815728,0.28708568,0.55101824,1.7876633,1.9284596,0.43315318,0.0030342175,0.76365036,2.1995199,0.02958114,0.81419665,0.12038766,0.046749074,0.80031973,0.25470898,0.0019534254,0.14625831,0.052170232,0.34430185,0.36760563,0.0,0.009241218,1.1827629,6.3448634,0.8407603,0.3527495,0.22744535,1.5349597,0.0027140568,0.47820857,0.29692507,1.578345,0.013597697,0.017204236,all_pothole_images\pothole_images_optimized_image_115.jpg
2.1164422,1.730476,1.4116893,3.5661035,1.7229004,0.025672644,0.5100967,0.27668667,0.13021341,1.9512744,0.2804262,1.3266277,0.33120856,3.1067379,0.27172878,1.7621064,1.7250942,1.89088,1.7689495,0.9329797,2.7458935,0.653608,1.2838992,0.09776824,0.6793341,0.21317701,0.14629011,0.032642186,0.331542,1.5059003,1.5858263,0.020929264,0.68509066,0.48049393,2.5313282,0.38597503,1.2691225,3.7882497,0.04750512,0.16428919,0.20885788,0.8572034,0.083654605,0.27445138,0.69515896,0.28361863,0.9671131,0.0,0.8422903,1.6041917,2.5717196,2.3114278,2.285484,1.303412,2.0154958,1.8072332,0.6636675,0.22024971,1.9859803,0.11633963,1.2950859,3.4900374,0.038162634,0.81443924,0.51500165,0.6762055,1.6939083,0.7672072,0.13364616,1.731033,0.19837192,0.06696245,0.62084824,0.30891764,0.07845017,0.1309774,0.0671872,0.5450211,0.049182422,0.0,0.7921284,1.2890897,0.48863602,1.0071845,1.8650169,0.9193587,0.1107166,0.66545266,1.2409089,0.070286036,0.06181633,0.06321371,0.0593671,5.6618385,0.29068857,2.499797,0.73674506,0.9819121,0.06424129,2.4064798,1.822457,1.0309178,1.1804937,0.27090546,0.105966486,4.1134305,1.0629013,0.22089207,0.69031674,0.25047192,0.46709144,2.5931025,0.443503,1.0153416,0.9532776,0.15324086,0.22327742,0.30959958,2.3543217,1.7097566,0.4484211,1.815274,0.28800142,0.24518767,2.4979095,0.3809902,0.7534137,1.1352555,1.1135688,3.987955,2.6299865,0.19802508,0.096419066,0.14016178,0.6093407,0.053888448,0.1696226,0.25285316,2.4649246,0.077558555,2.3242145,0.6984838,0.28796288,0.4594615,0.471414,0.0,1.5829968,0.27373186,0.07359801,2.9413695,0.08591445,3.0630088,0.2403671,0.5588835,1.3323053,0.0011260479,0.21410619,1.5114418,0.10420386,0.0,0.5946752,0.40153825,1.2130634,4.630837,1.461313,1.7310041,0.33705077,0.39183018,0.15929914,0.79790485,0.94944507,0.5975869,0.28786457,0.50941336,1.8894999,0.012219004,0.52173316,0.326426,0.05187067,0.3008438,3.4293234,2.132367,0.06259525,0.64419377,0.004804809,0.1237553,0.09206766,2.2977161,0.0,0.3248813,1.34377,1.6548127,1.1634661,0.8253536,0.04992274,2.2612493,0.9015353,1.2680883,2.3027942,0.52795726,1.2959043,0.21969882,0.31450805,2.2522435,1.6820432,0.32366243,1.2060075,0.11983011,2.5670474,0.20317473,0.88014483,0.8791327,1.3558835,0.7463687,0.6411804,0.44261247,1.2120193,0.33335853,0.0,0.34938827,0.2443653,0.2198113,0.51017785,2.0094786,3.7404835,1.3806951,0.12040356,0.21662235,0.3406783,0.6487907,0.9041765,0.5547321,0.24526542,0.3108452,1.486337,1.0722632,0.37414798,1.8014327,0.23327398,1.2248011,0.24605525,0.117171325,0.45020026,0.8406022,1.2967167,0.6260086,0.87150323,0.5912515,0.91753715,2.5924127,0.779419,1.7297117,0.6044531,0.6574305,0.63744754,2.1974733,0.7489144,1.5441594,2.0399418,0.14608331,3.7901525,0.7963669,0.032602105,1.6265585,0.42016003,0.8088216,0.85988575,2.6861808,1.3607167,0.0052796225,0.74324346,0.8210117,0.01622349,0.23647267,0.17719734,1.4363154,0.462016,0.3433617,0.38096026,1.3433062,2.0779862,1.5511343,1.3379722,0.43804854,2.532196,0.011208568,0.24691683,1.23198,0.44209555,1.1088973,0.52699083,0.02137006,0.55830735,0.08774724,1.7865804,0.92976946,7.047083,0.30743715,1.2879621,0.51989186,1.1995116,0.9069156,2.7080564,1.414321,1.1103936,0.17907996,0.9013345,0.49269187,0.57664716,0.30810475,1.2742966,1.0309145,0.60497093,0.61587775,0.7916921,1.5038459,0.8520111,0.49265966,1.1439278,0.72524655,0.67931974,0.6204636,1.7030116,0.07626448,0.122919016,0.21495736,0.9281779,1.4934827,3.9348872,0.038145192,0.0603959,0.6383296,0.8532492,2.2261503,2.1962905,1.3724726,0.30377847,0.61621946,0.4465138,1.0752548,1.6133349,2.24282,0.20952946,1.1731902,0.0,0.24029148,0.29033437,0.28264487,1.4577948,1.5899506,0.8534833,0.42821112,0.27323678,0.020910466,0.97134477,0.28152046,2.4080036,2.173155,0.27296445,1.7743694,1.1243451,2.6437066,0.26548463,1.023366,2.2218316,0.36996213,3.6019342,0.08851373,1.1105216,0.56087875,0.3804324,1.9544454,2.5826797,0.37244058,1.1346998,0.07509209,1.4004265,0.32398635,0.16444556,6.130759,3.156762,0.17409173,0.06576891,0.45873687,0.86026824,0.90315574,3.6327424,3.0738711,0.13650605,0.48899972,1.0023432,0.1581699,0.72774255,1.8708162,0.4315939,0.015462753,0.31903705,1.4028372,1.8628044,1.8817877,0.6299929,0.28995454,0.014665855,0.6703163,0.58039856,1.4013572,1.2510253,0.22274373,0.018442377,0.25690892,1.0922546,1.1443024,1.3255869,1.495739,0.018830938,0.1467348,1.3328339,0.2654718,0.63559353,1.4441249,0.19425452,1.6143397,1.1736765,0.2899042,0.57708365,1.6746315,0.29939538,0.15332045,0.41331455,1.9215472,0.0,1.4677403,1.5085927,0.01969388,0.7173514,0.6197633,0.8521978,0.23166294,1.1854112,1.5911455,1.0518017,0.17718041,0.81917584,0.2500457,0.50228906,3.0741994,0.6914251,1.2473167,1.3388681,0.4776281,0.0,1.1665869,0.9890105,0.22096248,1.1478447,0.49808797,2.1691206,0.7898242,2.3831983,1.937259,1.3562043,1.0636531,0.38000023,0.26940677,3.1538894,0.43741322,1.2428726,0.6107911,0.9361614,0.948225,0.14016506,2.221612,0.9067856,0.83850896,1.8938254,0.060196433,1.0094584,0.10803907,0.059473533,0.07853951,0.69144094,0.46497294,0.20874093,0.5125405,1.2718112,1.4682146,0.50323594,0.85295355,1.7000387,0.108421676,0.92730474,0.0040225037,1.2512461,1.3878466,0.8801328,0.043939374,2.0980468,1.6429963,0.8175756,0.6372407,2.4967258,2.2706344,0.2943454,0.6503457,1.2054908,0.3060949,0.5321868,0.09520858,3.1340947,0.0,0.097358786,0.013320849,all_pothole_images\pothole_images_optimized_image_116.jpg
0.08364156,0.9516163,0.30932313,0.77189165,0.41193733,0.3730802,0.22716029,0.0026961516,0.24185519,0.5692614,0.18322617,0.6926031,0.40306333,0.48761344,0.22525066,0.22610755,0.92850775,0.0,0.11700992,1.0497009,0.04453948,1.4011866,0.8274606,1.8063036,0.0039277463,0.2510969,0.3369286,0.5078608,0.0031564077,0.13080595,0.025146348,0.4714408,0.06814808,0.30378008,0.89739835,0.39369267,0.6434494,0.6888529,1.4929761,0.17600438,0.06204741,0.28559372,0.08704738,0.22007537,1.446903,0.15927126,0.06313278,0.024496429,1.1968032,0.011541055,1.3053125,0.82094324,0.040122904,1.0529711,0.3303841,1.147829,1.3898567,0.3680082,1.0208633,1.0797849,0.10335673,0.36383897,1.5935005,0.0026075603,0.24302752,0.71351856,0.860684,0.82900006,0.14616244,0.570899,0.050651442,0.29102725,0.5382323,0.0,0.28183722,0.1827831,0.13721961,1.2779356,0.2659273,0.5590491,0.009184133,0.40165064,0.7157362,3.766251,0.58672786,0.08405946,0.88960576,0.13242649,3.5531468,0.47951218,0.1819144,0.55896014,0.25239325,1.3385226,0.40321046,0.075889036,1.2160784,0.63762635,0.14081119,0.22972682,0.07126741,1.1372892,0.39242828,0.41662216,0.3782568,0.260372,1.5276657,0.29670438,0.15309264,0.94509494,0.54947215,1.7028162,0.6370812,0.47099978,0.5069826,0.7918982,1.7674185,0.5919138,0.25288257,0.07715343,0.51525545,0.4105711,0.008724713,0.0160932,1.5284289,2.1217782,0.31027207,0.328204,0.021938015,0.48111156,0.51719904,0.8571513,1.3942041,1.1488603,0.551655,0.07599245,0.21692489,0.08363455,0.3744501,0.11928558,0.5024188,0.39823118,0.1890487,0.38931406,0.13116558,0.22198108,0.22139531,0.4741782,0.80061495,0.34028485,0.82542825,0.24197067,0.5067646,0.0883696,0.40983582,0.24239703,0.5150076,0.5586085,0.018854503,0.33662584,1.2904127,0.88777524,0.65922797,3.305347,1.8277155,0.029712263,1.6521201,0.2278949,0.90009344,0.28794816,0.57681805,0.37023473,0.3244152,0.14107145,1.403564,0.0366036,0.009227082,0.23843892,0.04802973,0.20211598,0.537714,2.460768,0.21217373,0.18475622,2.35979,0.04391895,1.2061489,0.16552584,0.27521607,0.7601359,0.35595578,0.9246217,0.7214139,2.1061645,0.06167185,0.14853635,0.52122074,0.6771089,0.31230417,0.41668865,0.13389477,0.0,0.65521836,0.13607846,1.305948,0.1627037,0.07638999,0.51712745,0.85958797,0.1574217,0.19324522,0.39843547,0.53083676,0.4608925,0.5183979,0.5222436,0.07577642,0.10985059,0.13135678,0.117440335,0.05208312,0.14345698,0.26574457,0.040350556,0.18416284,0.14340861,0.78980225,0.0,3.5772362,0.26998365,0.03381535,0.071613,0.670048,0.03663152,0.23277496,1.0918994,0.37392354,0.0023361605,0.032545153,0.5367072,0.18922096,0.0522094,0.36850676,0.42601508,0.36903846,0.030300597,1.0770876,0.14638214,0.12561463,3.0128596,0.43152672,0.55832875,0.22276983,0.24280564,0.77989626,0.09369011,0.6526051,0.14416197,0.6229569,0.028948339,0.24918878,0.92409843,0.2097371,0.14753038,0.42196828,0.08035362,0.17928785,0.477735,0.32176164,0.0,0.18268014,0.048526198,0.42739207,0.49940708,0.33264056,1.9383159,0.89855576,0.60190123,0.04985725,0.37087953,0.8205755,1.7737744,0.4087301,0.2223507,0.7033446,0.27671286,0.9867835,0.30851087,1.9854729,0.6514219,0.24083705,0.47155207,0.06666518,0.7614662,0.41868293,1.8459488,0.5739175,0.2135629,0.008091762,0.9751728,0.08951671,0.7656591,0.024721257,0.6065354,4.0428624,0.28614643,0.042574678,0.88303614,0.37392431,1.3858114,0.24209405,0.37586632,3.3322566,1.3903697,0.5415784,0.14319597,0.30513883,0.34610608,2.0772018,0.28160375,0.11743622,1.0730919,0.0006530129,0.0,0.5809342,0.88790816,1.0823745,0.07665637,0.19317023,0.4534334,2.8824108,0.39275193,1.0924685,0.0868413,0.14415134,0.48024756,0.45588294,0.3218134,0.3358352,0.20088132,0.72783613,0.09683826,0.47014797,0.012503073,0.280354,0.30960017,0.33769354,0.02392691,0.29064724,0.53612953,0.048412394,0.40377572,0.58863944,0.1349151,0.65048677,1.0057757,0.014835068,0.60549235,0.51510143,0.2522635,0.2589949,1.5741808,0.73414075,0.36854962,0.07242834,0.1842113,1.1255903,0.681413,0.373819,0.69262934,0.6814269,0.044894654,0.42625293,0.21733539,0.2397473,0.39838237,0.119386576,0.022177698,0.1202324,1.7733161,0.5220835,0.30375332,0.46000648,0.055025492,1.931684,0.57595986,1.8218247,1.87167,1.504572,0.5832654,1.7167324,0.038982715,0.015719201,1.2237507,0.24012902,0.39682692,0.25137874,0.61630666,0.01940794,0.5157748,1.0300381,1.2248319,0.018893067,0.71188843,0.07612599,0.1507869,0.45228708,0.46030998,0.08068488,1.9214804,0.0035743932,0.11010825,0.0,0.55159795,0.055482015,0.13817322,1.4406785,0.39684772,0.25214115,0.0,0.5240543,0.45790866,1.4159688,1.0546366,0.7353483,0.1333908,0.4725111,0.20785701,0.20135523,0.24331303,2.4545326,0.20537281,0.48240817,0.07861314,0.886008,1.5103812,0.16161725,0.047795206,0.93500674,0.49279034,0.30692953,0.060721304,0.6988931,0.7754435,0.20481093,0.22263885,2.7436883,0.07475599,0.4362418,0.41591725,0.572623,0.0577079,1.1426198,0.24248557,0.58552366,1.0051422,0.43674806,0.021248985,0.07632925,0.47509873,1.0889915,0.0025592605,0.5181007,0.03014001,0.9982456,0.17014372,0.13961373,0.0,0.0710301,0.6758012,1.5567999,0.45338544,0.4347869,0.018359939,0.59064746,1.2788957,0.030331587,0.049227946,0.07448661,0.33508977,0.10838974,1.7470104,0.75905216,0.19379154,0.27464822,2.4363034,0.21074057,0.078258514,0.35127383,0.013181359,0.15466738,3.2960148,0.47134674,0.20237778,0.03755176,0.30733967,0.6977743,0.039210986,0.44935328,0.26578555,0.024335569,1.4160471,0.34696135,0.54548645,0.7809723,0.980036,0.1916598,1.801988,0.53574646,0.26074958,1.1145263,0.23541562,all_pothole_images\pothole_images_optimized_image_117.jpg
0.60905886,3.345317,0.31867656,0.5548542,0.3608157,0.55400634,1.2118576,0.035772964,0.2109572,2.5652719,1.2139561,0.98196054,0.43232957,1.2446334,0.07513589,0.7712776,0.21806094,1.7919679,0.49820837,2.3935072,0.36657628,2.7158735,1.2939359,4.6044555,0.9567182,1.2641274,0.40579852,2.0552213,0.11199253,0.24306153,1.1785331,0.6370877,0.35028487,3.1919754,1.4967508,0.4768995,0.08568183,1.062147,0.808785,0.72607505,0.0,0.68036854,0.44290185,0.08293909,1.2666463,0.1740345,0.8347936,0.055506986,0.58390474,0.44290167,0.26582792,1.3444173,0.9650183,0.609305,0.03974601,1.1415231,2.2822835,0.251048,0.6829715,0.82648975,0.6490505,1.2964443,3.002938,1.9514376,1.2877817,0.8089338,0.14084926,0.9900129,1.3360032,0.6486501,0.6346392,0.700022,0.5861207,0.022331165,0.6631912,0.7775426,0.008189642,0.60935485,0.7816702,0.31714296,0.2917698,0.7936068,1.0454024,1.401014,0.24093345,0.47879627,0.60628116,0.57673055,2.6374314,0.055940818,0.7248063,0.65301245,0.916254,1.1070968,0.08081058,0.034565616,2.2987514,0.48191798,0.20292263,0.6269305,0.09612511,1.3085932,0.21453898,2.6773775,2.2999642,2.1610875,0.22999343,1.0240148,0.8967672,1.5106195,1.3617756,1.5264852,1.5166938,2.1485248,0.3691532,1.8295357,0.5086088,0.48448846,1.0565702,0.68392795,1.4609746,2.1047933,1.0037098,1.7592026,3.3083355,0.1300066,1.1727337,0.10471099,0.52791506,0.4305527,4.898056,0.47304255,0.21359338,0.6937625,1.5629543,1.0519236,0.9551664,0.091265395,1.7129016,0.0062705246,1.3666154,2.8866038,0.14570458,2.165076,1.3470597,0.98640203,0.99942356,1.9836992,1.7615926,0.59656906,0.48898277,0.684594,0.2106312,0.15547802,1.5360571,0.44337928,1.4817629,1.9496232,0.7713989,0.49007815,1.8879291,1.0561447,0.35377175,3.9370592,2.0318964,0.6172362,2.0779111,0.36038816,1.3698939,1.6214842,1.7844443,1.6016978,0.38824397,0.9729037,1.9624686,0.47920918,1.492792,0.16266464,0.10970555,0.055344723,0.8443818,0.98686147,1.570036,2.3200512,1.6902868,0.9967522,0.30160746,0.723334,0.051192936,0.846706,0.005221858,5.625456,0.11762468,3.0862894,1.10913,0.1888582,0.720663,1.624079,0.032534413,0.5440707,0.14427522,0.19521713,1.217642,0.3886456,0.5710726,1.3777587,2.7772815,0.9624556,1.9678055,1.9033478,0.12863454,2.0066407,0.4312617,0.3244734,1.2277945,0.27904776,0.23311888,0.95592,0.74085516,0.77572536,1.8778644,0.15623623,1.64036,0.08229053,0.18208927,0.0063860146,1.2083447,0.43670353,0.9007711,0.7637259,0.69694644,0.70927846,1.4012067,1.080766,1.1955768,0.26382422,0.8321277,0.13815041,1.6669878,4.1268086,0.0064548324,0.6793848,1.8722515,0.20953715,0.56979793,0.3167757,2.422586,0.16171107,0.31408304,3.8176405,1.8251379,0.26578662,0.52470344,0.2585374,0.9835837,0.23584303,0.19479385,0.49988455,0.5036802,2.6810932,0.5270145,1.2680818,1.943184,0.44693568,0.08631775,1.8083746,1.0535017,0.46538308,2.3056011,0.4516728,0.54716,0.82626855,1.7316843,0.27034187,0.036479693,0.79793394,1.302685,1.8375931,2.1381764,0.9478451,0.51492417,0.2027359,0.6804204,0.44183636,1.2684678,1.2076045,0.13443352,0.72729707,1.4972737,0.09215447,0.65332437,0.75358844,0.046629973,3.027899,2.4663258,1.5049921,1.8470625,0.85754114,0.331579,1.639884,0.6764615,0.017013669,1.0350535,0.6381701,2.949989,0.1786846,0.109248996,0.403663,0.51897234,0.56737554,0.10950824,0.6089452,2.2128727,0.88529843,1.5299181,1.8771765,0.06094788,0.986132,1.298843,1.8960663,1.6137435,1.8896172,2.0521927,0.081815846,0.9245962,2.045494,0.21328801,1.203805,0.82750624,3.5813584,2.0574539,0.112397395,2.256626,0.46981132,0.09825815,0.6834064,1.1235225,0.92940986,1.228582,0.070240125,0.6457599,0.9201012,1.2949206,0.595439,0.4428501,0.0955743,1.1779891,0.3466763,0.45948744,1.0856748,0.5895186,0.10733916,0.7597351,0.37335336,1.1857892,0.29245412,0.3622168,0.6055879,0.14976804,0.005687412,1.8539213,0.20133714,1.8655236,0.4489386,0.10383838,0.5541398,1.6144354,1.010646,0.87820965,2.9888124,1.248399,1.7694684,2.1272373,0.44384408,1.112089,0.6046613,0.50896996,0.706597,2.1428537,0.45110998,0.50936455,0.3984835,0.18315718,1.9721243,1.4408154,0.2822997,1.8509387,0.80736417,0.16728391,1.3342708,0.8391515,2.36427,2.5042686,0.22837915,0.0619677,1.6976227,0.12616335,2.057313,3.5079637,0.72940165,0.77160007,4.7062216,0.22653739,0.5739857,0.11363365,0.3138769,1.4175911,1.3005811,0.72050524,1.0939684,1.1082679,2.95837,0.4993799,1.3132792,0.40456071,2.0471678,0.190724,1.138472,1.3225497,0.1323716,0.85841835,0.13587417,1.3022745,3.4016738,1.6039466,0.75481594,0.5177059,0.6196013,0.49156842,0.77932644,1.7095922,0.72157806,0.0423282,0.25850973,0.32971236,2.1142845,0.21675828,0.61348784,0.059968084,0.74604666,1.1600281,1.385497,0.86733246,0.5870323,0.08685536,0.3797341,1.3679552,0.37492612,0.45537263,1.9070956,1.9749799,0.40497464,1.3372611,0.18850034,0.13045469,1.9121987,2.004829,0.0,0.0026275874,0.045088902,1.1901387,0.99109983,0.24719767,1.0055444,0.2878917,0.2724697,0.28181323,0.6133955,0.06716981,1.1385485,1.6257861,1.8223854,0.083229035,0.060054164,1.2393076,1.6047958,2.7333999,0.23883924,3.3372471,0.49343014,1.0945483,0.8320988,1.382061,1.0458211,0.11198025,1.6552012,0.41833884,0.56468725,0.22073457,0.090914294,0.15955146,0.8765755,0.37002018,0.004544353,0.67937124,0.46030122,0.46526787,0.8614551,0.13397834,0.48482543,0.7705534,1.984934,0.15009342,0.7809804,0.2329265,0.76118225,0.07099588,0.9563312,0.36521888,0.1421693,0.83837295,0.07070754,all_pothole_images\pothole_images_optimized_image_118.jpg
0.08084011,0.6125585,0.067903586,1.378565,0.5648039,0.08883527,0.025321273,0.081893906,0.47409412,0.67251074,0.0877965,0.32430083,0.0,1.0682176,0.0025738,0.42546126,0.20094752,0.13505441,0.015034371,0.19839205,0.11909095,1.2160066,0.5477425,0.4970181,0.50346637,1.1631117,0.5640485,3.2302682,0.00047638317,0.16415966,0.4289552,0.1757459,0.038225196,0.59648013,0.06510032,0.76992315,0.52655244,0.5892847,0.48890412,0.16690135,0.0,0.10952165,0.17730567,0.5599183,0.5641595,0.3822205,0.11245122,0.033799727,0.5642719,0.23888697,0.05767026,0.04750256,0.101851754,0.063597344,0.039632708,0.8020704,1.8385355,0.0,0.15441233,0.0,0.0110751,0.0,0.93022436,0.43547413,0.86238533,0.67850846,0.25243565,0.41307032,0.0,0.12068196,0.1284623,0.40368488,0.28137726,0.21453275,0.4113447,0.07068664,0.0,0.6756995,0.0058799265,0.14565843,0.0,0.0475047,0.757517,1.5786201,0.25311372,0.027117372,0.22322524,0.17703581,1.9686075,0.27392402,0.05262657,0.45691833,0.36957008,0.3545141,0.12226052,0.0045623723,0.11940058,0.60054696,0.57930434,0.05487249,0.1074275,2.7652318,0.11872417,0.0,0.22705004,0.0051886933,0.38886634,0.13345128,0.0011829245,0.95246685,0.09927627,0.49876666,0.5971616,0.19875462,0.62598044,0.24471429,0.4679194,0.06611774,1.1102289,0.3149775,1.8126439,0.053955827,0.0,0.570625,0.27815244,0.41019827,0.7635756,0.003657523,0.48228317,0.084605284,0.19941445,0.104461364,0.31101492,0.011976755,0.2182649,0.6550064,0.012483471,0.0038207301,0.546529,0.026277114,0.5010027,0.2155297,0.35714194,0.2830825,0.009403315,1.0329057,0.0,0.085740104,0.09977872,0.08254497,0.33883145,0.47398746,0.09607614,0.0041287546,0.84126157,0.5737602,0.4864432,0.17058247,0.1316445,0.3566929,1.3228673,0.53331655,0.08927305,1.1683357,0.26091078,0.2910477,1.6594635,0.7278394,1.5973457,1.6605903,0.019803582,0.008842789,0.008970953,0.07841546,0.29170114,0.018939711,0.3188032,0.16592841,0.43444422,0.22025579,0.032749556,1.1197802,1.2937942,0.18206738,2.9939733,0.1292686,0.08221232,0.4015274,0.29398924,1.2393017,0.021103406,0.05835995,0.015966168,1.4751434,0.5213051,0.0,0.4797848,0.36184755,0.250149,0.15791057,0.22795069,0.47708464,0.14692022,0.39185515,0.77629507,0.28010702,0.14082645,0.54562336,1.9832716,0.22080985,0.0,0.02096383,0.35851827,0.14445946,0.45239472,1.7414647,0.2590145,0.017299794,0.3898173,0.21551903,0.45012236,0.14745757,0.37701973,0.035581324,0.0,0.046160832,1.9132661,0.68286943,2.75685,0.8707645,0.03196253,0.04996607,0.6884352,0.011581879,0.5969815,0.0020175867,1.7402197,0.044443183,0.18524878,0.117105596,0.21802868,0.0140631655,0.21091227,0.3319569,0.23895837,0.0,0.9606271,0.15868817,0.045518897,6.1276617,1.1657004,0.03884367,0.08813724,0.55049086,0.002048507,0.46687558,0.736095,0.22416492,0.17621727,2.0797293,0.08605682,0.10574819,0.53571254,0.00960798,0.2146099,0.50605464,0.064919345,0.17374614,1.0583295,0.0031689317,0.14991225,0.03575846,0.055299792,0.30186805,0.64748436,0.43347052,0.011794902,0.097703695,0.28314173,0.8023655,0.89194536,0.47321936,0.07118845,0.3799208,0.3003456,0.03905025,0.78389925,0.29936308,1.9034088,0.08612074,0.016063027,0.008156722,0.029860567,0.7286291,0.07443302,0.46722376,0.15750256,0.77360386,0.14272943,1.9892472,0.16115277,0.08054054,0.008727922,0.014432758,5.89059,0.6942917,0.07767448,0.026103904,0.51843446,0.8247457,0.009443666,0.42344555,3.5918133,2.072962,0.6665522,0.19460529,0.0071843117,0.9823129,3.1279027,0.21667472,0.029663526,0.0,0.04183522,0.094427526,0.7271087,0.8428757,0.44972312,0.03858422,0.3524138,0.06136688,2.7142227,0.03903208,0.0,0.0055481154,0.048366964,0.02891842,1.104174,0.033424772,0.05965265,0.44697976,0.3001291,0.15341029,2.3439708,0.013038973,0.13957277,0.07145326,0.28511715,0.1822044,0.31774253,0.18888324,0.12878814,0.48955613,0.16707608,0.30690643,0.24435432,0.2234007,0.009569209,1.2053181,0.25485978,0.2665228,0.097939424,0.16820838,0.22118233,0.13998069,0.0,0.0,0.6678347,0.03668129,0.10797529,0.10190512,0.6512592,0.0,0.06364626,0.0,0.1364947,0.4997041,0.32784024,0.260119,0.27891693,0.106376156,0.41683516,0.0,0.017458025,0.5191286,4.1658974,0.28577778,2.1830525,0.1321412,0.25961712,1.0667402,0.6844214,0.57432556,0.2462595,0.8210211,0.04714453,0.15722606,0.52813363,0.24925685,0.12676829,0.6306939,1.3227481,1.1268721,0.087720215,0.52401036,0.059530593,0.54745734,0.047134027,0.8620153,0.13174295,0.13268816,0.03563512,0.0022686906,0.004653087,0.33078963,0.0075626713,0.451735,1.1741025,0.49817455,0.79351103,0.21960413,1.4546494,0.0,0.6055121,0.13184963,1.8154736,0.1848999,1.2647797,0.18066673,0.23262583,0.2358921,0.3912673,0.08919945,0.28040707,0.19712208,0.8584814,2.250922,0.16475311,0.025390109,0.10845118,0.154768,0.89070296,0.45178306,0.02603996,0.1171535,0.41639823,0.08397363,0.9007308,0.46535954,0.0006097924,0.7666105,0.57561773,0.41522866,0.46563423,0.095937416,0.4180087,0.7935183,0.29021403,0.3999148,0.3891264,0.48095593,1.6873577,0.0,0.16882853,0.00073327945,0.7725271,0.23049778,0.0,0.0,0.24971615,0.78031373,0.42130336,0.14889345,0.12429235,0.00088171323,0.52881706,0.0007859049,0.007468085,0.7333092,0.16748773,0.10356183,0.05180762,1.6870315,1.0300603,0.23020624,0.0635075,0.02436016,0.11985847,0.048862457,0.57458395,0.0,0.2556559,0.87098444,0.15336646,0.0,0.0099661555,0.0022860148,0.088892855,0.12771554,0.14506337,0.74772656,0.031890884,4.312155,0.2610324,0.082713395,0.41399843,1.1674265,0.11502622,0.23159873,0.82562125,0.4084222,0.29955074,0.19805393,all_pothole_images\pothole_images_optimized_image_119.jpg
0.311089,0.7835953,1.2235061,0.8727749,0.60337037,2.3346262,0.35545024,2.5387514,0.1465724,0.72998375,0.13468504,0.44669506,0.29109502,0.5599867,0.4247976,0.063967615,0.0,1.1983784,1.5014292,0.4257531,0.030902611,2.7105503,1.3733745,2.649535,0.40422687,0.7156942,0.5597936,0.869745,0.13751528,0.58797055,0.5875464,0.264867,1.4984822,0.07908866,0.19358262,0.8024557,0.61919147,1.6206198,0.4951115,1.1234314,1.1415745,3.2519464,1.8314202,1.3372326,0.54497886,0.82363594,0.74919283,0.0,0.45179585,0.23070338,1.8162723,0.6343237,0.2688927,0.17244664,0.16511929,0.50023913,2.3664045,0.0016411592,1.4505757,0.7318593,0.8620459,1.2708465,1.3595886,0.028915182,1.230872,1.2099794,0.4143744,0.5565471,0.42091057,1.5248138,0.529569,0.23089641,0.27613854,0.31811038,0.18336883,0.42130926,0.85528904,0.67703074,0.19469891,0.21101266,0.21854155,0.0,0.55946076,1.4567374,2.4355412,1.3500704,0.41441905,0.05005034,2.2173479,0.7709257,0.47469735,0.70435923,0.016954325,0.57435185,0.04203002,0.0,0.22904575,0.08520829,1.5589117,0.82783383,0.12263894,2.0367887,0.90908235,0.8555382,0.7857469,0.19169204,0.13267796,2.1888492,0.75481874,1.5309765,0.8858412,1.2882981,0.88146985,0.30732828,0.42358413,1.5558169,2.4605815,0.70256126,0.19644807,1.2597718,2.1469088,0.39373276,0.6209615,2.361532,1.1696981,1.0339526,0.9230284,1.9278178,0.71847963,1.1720318,0.540727,1.3775983,0.6783223,1.5961397,0.22539344,0.8137602,0.4772574,1.5621185,0.14866339,1.2394572,0.6760626,0.8713352,1.804381,0.84764487,0.0,0.62601495,0.5349081,0.25511155,0.24005318,0.73348624,0.20866491,0.24369128,0.09675399,0.8759791,1.0381972,0.36342815,0.1821523,1.2420946,0.19589798,0.5734479,0.5338341,0.47050217,0.18888415,2.7052004,1.5198889,0.6495008,1.9775894,0.031979762,0.3586167,0.33016673,1.0601286,0.1303971,0.4236598,0.19963552,1.6948884,0.14687225,0.8413768,0.68270826,1.3598658,0.30937785,0.5134871,2.238166,3.7326968,1.2195758,2.6024802,0.07186966,0.74830663,0.95627373,0.0,1.1180327,0.40396872,1.4234858,0.2200201,3.2356102,0.8125358,0.12984008,1.1838642,0.6193906,0.5876638,0.3652244,0.3866862,0.7969033,2.6838136,0.14252888,0.6118876,1.3797762,0.8318329,1.1956537,1.0986865,1.3968122,0.19042784,1.1098796,1.89507,2.0242088,1.4977582,0.14146206,0.67873925,1.0086969,0.47694144,0.14925312,0.40858987,1.0777005,0.03096571,0.48469177,0.1273786,0.85778695,1.3687435,1.4357897,0.7557826,0.039193574,0.6207748,2.273562,0.58630526,0.06932688,2.0537074,0.064526506,0.5674652,0.3793854,0.30391386,0.09025631,0.20591848,0.053093836,1.2197938,1.3527721,0.5167425,0.5410878,0.74259603,0.72785324,0.9326989,1.6672562,1.2931205,0.00063951116,0.3983496,0.57385963,0.41676563,0.91352856,0.5556755,0.14276996,1.3237077,1.835479,0.0036454452,0.44113043,0.50994605,1.0068929,0.02762685,2.0857375,0.41195518,0.13329436,0.6675697,0.3431419,1.0149313,0.4088086,0.4337654,0.08190255,0.7287197,0.8953074,0.15752403,1.417911,0.2106076,1.4401871,0.8109981,1.0924048,0.32632685,1.5089427,1.5404255,0.5680511,2.4840133,0.88379514,0.8852254,0.033505026,0.621378,0.10666095,1.085944,2.4671218,0.86803514,0.27660596,1.3920792,0.12335104,0.092423625,0.4696699,0.0011570635,1.7761576,1.2147783,0.92023593,2.6607056,2.109141,0.56484735,0.64634943,0.507292,1.0126152,0.7846467,2.2514577,2.2052443,0.41681677,0.6254247,0.3091554,0.76148224,1.2707679,0.83548164,0.32798696,0.922748,1.9663017,0.51832795,0.25315556,0.82216424,1.0392112,0.5909394,0.042078674,0.69945395,0.79392195,2.205637,0.0,0.4676085,0.7907123,0.29134774,0.633603,0.5247723,0.9803007,0.8399837,0.74920577,0.35798138,0.44489467,0.6154039,0.037699137,0.18146165,0.00475894,1.1766834,0.068456486,0.00011361831,1.4478775,1.0254776,0.3652228,2.26897,0.6431728,1.2575147,0.11973948,0.6631829,1.4008021,0.44116125,0.1169186,1.4000067,0.40247852,0.962147,0.119417444,0.07441497,0.4657926,1.8262372,0.923962,0.22088307,1.4577361,2.0948076,1.7202077,0.22553256,0.2807119,2.3228545,2.2628174,0.31546918,1.5641725,0.6661861,1.1768279,0.289255,0.8501842,0.7799706,0.58451366,1.4762499,0.31410158,1.6811485,0.6584829,0.49394628,0.6138146,0.85369873,1.2119713,0.027691292,0.41706735,0.6384514,2.4129627,1.0571991,0.7149849,0.98131764,0.032172203,1.7919805,0.39871463,0.6687055,0.67939436,0.26948985,0.29324767,0.2641604,0.69483197,0.18557721,0.7628911,0.22688289,0.28964987,0.63292,0.29298586,0.05932528,1.1891948,0.48598716,0.9045233,0.2241559,0.3038942,1.0513419,1.0147021,3.1216798,2.507595,1.608101,0.13132367,0.18137842,1.4360507,2.7258463,0.07281756,0.17632672,2.549955,0.37264016,2.196544,1.085321,3.3874586,0.48871472,0.93843526,1.5767082,1.2742113,0.6548282,0.2538964,0.030363679,0.26692113,0.27402318,0.40666533,1.1454875,0.8676646,0.60879844,0.26339525,0.6847291,0.055309877,0.5058762,1.3597066,1.0150603,1.6517421,1.5480038,0.08158458,0.032234803,0.715032,1.0678207,1.4625069,1.9171225,0.14811471,0.24728529,1.8654557,0.37308696,0.6446674,0.12902191,1.4810473,1.5687491,1.4304562,0.12828086,0.31731284,0.57846946,0.2965243,1.1001791,0.37604955,1.2248988,0.47598234,1.3969327,5.035712,1.1503605,0.95268136,0.0,1.0468242,5.401678,0.012861367,0.2606971,0.23825312,0.28898987,1.1014003,0.2859277,1.3901153,1.3474098,0.3269216,0.6560183,0.5530179,0.6242352,0.76337993,0.8887533,2.2215693,0.79794216,0.8753808,1.37325,0.40744555,0.25095135,1.7410209,0.7478068,0.6928536,0.93801445,0.39379767,all_pothole_images\pothole_images_optimized_image_12.jpg
3.1237936,0.6694566,0.0760057,1.8717629,0.34796306,1.9813803,0.26197147,0.18143559,0.2709205,1.6854478,0.46068642,0.46365216,1.1016701,0.6924198,0.3675631,0.26385966,0.06153571,0.40551072,0.38016883,1.4964333,1.6670225,5.126839,1.4048395,1.470309,0.052373935,0.6570677,0.34075814,1.0383298,0.121148184,0.7715569,1.724685,0.0061052283,1.1371305,1.0404322,0.5545271,0.50857455,0.50391716,0.33741367,0.07839262,0.69225335,0.013601269,0.6273107,2.11502,5.076951,1.0749736,0.8888235,0.24895523,0.13662885,0.28286022,1.0328776,1.308185,0.22644,0.84184265,0.50082785,0.17099726,2.2753348,2.8122513,1.3822649,0.70326155,0.28034523,0.6229102,2.66314,2.3267837,0.38950908,1.4599123,0.71921146,0.072501846,0.47045445,0.36086717,3.1623223,0.091529734,0.25226095,0.15697199,0.39790425,0.438756,0.24285121,0.32171854,2.0329466,0.11443453,0.0,1.1627169,0.054171342,0.5279364,1.83362,0.5142766,0.85023266,0.7633571,0.34971377,2.6004307,0.43442377,1.3193283,0.42991728,1.5394782,0.7789383,0.03395449,1.4685986,1.8814573,0.47911364,0.9080743,0.2921673,0.99268186,1.3722193,1.0852764,0.07329303,0.21807931,1.3120626,0.41620347,0.004300958,0.30632645,1.5119532,1.0867904,2.552234,1.60263,0.5010819,0.6121114,0.3867775,2.662143,1.5537813,1.0715234,0.76856667,3.7249532,2.2356334,0.81175417,1.5688647,0.94962007,0.4987323,0.47447017,1.6070389,1.0976384,0.983323,0.27193084,0.039067317,0.5682671,0.42997095,0.63943213,0.82405484,1.276805,1.3059939,0.17906608,1.2586412,1.0681452,0.14870171,1.1377141,1.5016311,0.3040835,0.5757327,2.281517,1.6979153,0.42430258,0.22991195,0.29898554,0.25254154,0.6849362,0.5638385,1.9103893,0.19349691,3.0225704,1.2931259,2.14658,1.0791502,4.1350555,0.12092398,0.2312536,4.264378,0.19991842,0.62676746,0.8166893,1.4022883,1.4833328,0.15276974,0.14041534,0.5407469,0.03302357,0.7702907,0.87208337,1.4189204,0.31197172,0.29328543,0.2804305,0.31571332,1.8624492,2.1459467,0.51301724,0.17947549,0.43837625,0.25999132,0.7881208,0.29270023,1.4285234,0.7453069,0.7211357,0.41450906,0.6910706,4.2655025,0.027283471,0.65269125,0.324263,0.583012,0.24523595,0.9441752,0.20445177,1.8598807,2.6874535,0.37331003,2.0890338,0.41314697,1.6582593,0.9161861,0.36854425,0.66984594,0.34471416,0.48703033,1.9065257,0.8860418,0.04476244,0.23968723,1.6064979,0.5877535,0.34736478,1.1927075,0.9583027,0.24789496,2.3707244,0.33496085,0.63334894,1.4209437,2.584169,1.1338217,0.47472033,0.13284504,2.2281382,0.5953388,0.13292448,1.3522416,0.19910648,0.09290546,1.6772863,1.7121656,0.19179706,0.06250776,0.08317482,0.049448848,1.8610663,0.24668604,0.08911724,1.1052047,0.58885926,0.48535296,1.3943269,1.3322552,2.1409624,0.17253736,1.5375841,1.1010324,0.93506366,1.467764,0.17035095,0.32269216,0.72658664,0.6589976,0.24662039,0.08428292,0.6691048,0.54710525,0.13954708,0.13654473,1.095544,2.8476033,0.19367862,1.1840475,1.5791525,0.33277655,0.60348403,0.21720918,0.46823123,0.20663941,1.6579826,1.30873,1.9057947,1.3314893,2.7875931,0.90123075,0.76092386,0.49376225,1.3805318,0.7384354,0.4513487,0.4048719,1.4895748,1.1426457,0.49198255,0.42122442,1.2343011,1.291748,1.1164135,0.04204119,1.5792258,1.5528032,1.4091333,0.8071994,0.47755978,0.7694403,0.38490513,1.0118822,1.6235205,1.1051095,0.10225958,1.315852,0.12323704,0.6647147,2.6498687,2.2423263,1.574134,0.4973741,0.084676124,0.46521673,0.09773079,0.76788086,0.5031446,0.44978338,0.6672084,1.1448277,0.11620941,1.9642098,0.2444814,0.5409029,1.9053316,0.05093988,1.2994962,1.0737901,0.5027162,0.23645884,0.30164748,1.087201,0.072820075,0.063181475,0.36714637,0.9756697,0.33707255,0.42091283,0.3675141,1.179587,0.5132497,0.05635631,1.0411602,0.12530953,0.050392378,0.22875342,0.39106244,0.52633524,1.7057399,1.018323,2.458655,0.95363945,0.39890304,1.1148897,2.26201,0.8114873,1.2195612,1.123884,0.04873985,1.0741545,0.0192465,0.6535378,0.20826241,0.11707111,3.6652813,0.6112956,1.8771358,0.32059112,2.4272578,1.7888638,0.97892606,0.4891359,1.9218996,1.0647788,1.3956971,1.088153,0.8606186,2.25966,0.47114173,0.30281436,0.02501476,0.25258037,2.238533,1.7638352,0.9436136,0.00041831695,0.018456394,2.4070451,1.2349914,2.2544184,0.2675414,1.1654623,0.84105885,0.09113903,2.7817152,0.26640972,0.65912426,1.5515566,5.9910994,1.1813767,2.1617832,0.7992714,1.0282077,0.59116215,1.6607958,1.0768094,0.022069218,0.6256835,1.3011657,1.1637728,1.359996,0.36191562,1.0442581,0.83949363,1.6288147,0.27094245,0.44757068,0.4712747,0.84605026,1.7919065,0.5718216,1.2977048,2.203652,2.7778974,2.0775523,0.37677717,1.3156375,1.5617362,0.22042312,1.6689194,1.4282409,0.57434165,1.6630479,4.48968,0.27408966,1.5648525,1.1371113,0.92091626,1.497086,1.4099765,1.2018582,2.17311,0.32701966,0.18177837,1.8784292,1.411839,1.87224,1.0914294,0.086496994,2.3083994,0.32813612,0.54761374,0.71494645,1.0588135,0.34279227,0.47070542,1.6980724,0.8061087,1.1213297,1.51065,1.3196497,0.62361705,1.6865623,0.76924443,0.24271384,0.24656023,0.9001961,1.4657452,1.5211184,0.42247194,0.025434012,0.63823104,1.0371352,1.5542375,0.46813473,0.16229333,0.21275389,0.04741722,1.182168,5.6796784,2.0838304,0.5219701,0.23403895,1.0045376,0.9974234,0.26711836,1.2478062,0.39634377,0.6827429,0.5655962,0.34352338,0.88684493,1.0946497,0.62182957,0.66295016,0.38833758,0.7943126,0.3112987,0.35617223,3.9830163,1.4284823,1.7239524,1.778534,0.42413878,0.1738759,0.9711462,0.026742151,0.6690189,0.4337995,0.039362833,all_pothole_images\pothole_images_optimized_image_120.jpg
0.877227,1.4283218,1.044934,2.1380157,0.6689653,0.12684682,0.25492877,0.1794929,0.16271074,0.3304507,0.047887858,0.57543486,0.39419353,1.0462333,0.002391375,0.1792193,0.070186265,1.3625008,0.17845167,0.424201,0.24824356,1.7810345,0.25049114,0.27242664,0.88647294,0.13968766,1.1112772,1.3018842,0.103407,0.0535777,0.83328134,0.4438766,1.6402217,0.8562824,1.086296,1.3073984,0.6879945,1.1484569,0.28475565,0.23259948,0.21476889,0.5556756,0.24017738,2.825679,0.29307312,0.4053804,0.40062603,0.08858239,0.33033514,1.3420352,0.05379302,0.5902524,0.35201886,0.4581609,0.22568855,2.067962,1.5628916,0.4872428,0.5908323,0.5177346,0.14042751,0.17695178,0.58514756,0.30398464,1.435115,1.9622178,0.34218457,0.71711105,1.5612284,1.0832689,0.40602416,0.4570582,0.04499398,0.41718704,0.28783637,0.26257774,0.12791945,0.7119982,0.054517128,0.054891244,0.6168733,0.0060258727,0.23213314,0.88252497,0.7416842,0.46209335,0.34142238,0.23252976,1.8632792,0.55652905,0.6226792,0.46835068,0.097510725,0.6607799,0.06561977,0.021857023,0.88605857,0.9095624,0.054583367,0.28443882,0.31299275,2.2712462,1.406488,0.09545673,0.13844842,1.314296,0.14062026,0.8790545,0.03561657,0.473412,0.003797842,1.706454,0.45318303,0.8863032,0.716026,0.092764646,2.636776,0.6572716,0.9825986,1.4704112,2.3608382,0.46811414,0.5442455,1.5827291,0.030512663,0.6823329,0.6373582,0.8802046,1.2246795,0.018789131,1.1927787,0.0026801,0.49423885,0.06287403,0.2964469,2.4062204,0.13991795,0.36845848,0.704416,0.18101898,0.93473154,0.05222006,0.38463584,0.9710997,0.6009237,1.6291246,0.2979958,1.0551063,0.14300008,0.19597448,0.41993168,0.61419266,0.03901191,0.025389155,1.2147903,0.48623824,1.0220306,0.25606045,1.3161463,0.45562196,1.2796036,0.2825445,0.16400854,4.051704,0.0063821506,0.14387347,0.55602103,0.237702,0.93773067,0.54133433,0.5431713,0.42492858,0.09270892,0.64191574,1.0020963,0.33273777,0.067310445,0.0,0.14237191,0.026613656,0.09496951,3.1522217,1.3682584,1.6253593,1.1646562,0.082316115,0.49122354,0.45666245,1.0604705,0.30772334,0.11910926,0.58878016,0.2344929,1.5339631,0.24523616,0.7568785,0.37960005,0.7228001,0.23739706,0.11901144,0.48580593,1.212081,0.65210587,0.6134536,1.5453529,1.7994715,0.45703217,0.7510765,1.1519576,0.1636157,0.010410854,0.06707525,0.44313258,0.26034844,0.9171098,1.1055473,0.41233176,0.35312945,0.48257744,0.22833349,0.63819873,1.1746639,0.42800575,0.6635918,0.5046779,0.43963146,1.311351,0.8698229,0.91426134,0.86086535,0.13534212,0.33137035,0.8033524,0.2662589,0.5519677,0.16630872,1.2766058,0.27377656,0.12918557,0.3600693,0.024017274,0.51240057,0.47507998,0.24597101,0.5065798,0.06930279,1.3822899,0.25726622,1.2395686,3.2434773,1.3033558,0.34014565,0.96999854,0.4267581,0.35428274,1.1117508,0.5042469,0.7535317,0.58929735,1.6368928,0.124019556,0.08055538,0.11538884,1.478682,0.94893247,0.6208587,0.23720503,1.2346781,1.5274624,0.40418032,0.2070361,0.2711013,0.019871036,1.2230934,0.84406185,1.0924225,0.91796607,0.9661165,0.27432975,0.32199642,0.27202222,0.029070769,0.40218443,0.23612317,0.41848648,0.11190166,1.1115837,0.09342877,1.9990084,0.5260873,0.09676822,0.36371627,0.32459986,0.9538021,0.13056824,0.10181769,0.938233,1.3427488,0.6025404,0.50160825,0.54272866,0.31367072,0.048333343,1.0220718,4.6422677,0.18971561,0.025619749,0.4987252,0.15672916,1.0044614,0.51671976,0.44653198,2.8522978,1.4732621,0.38296533,1.6505715,0.009592832,0.51447994,2.6053357,0.44236127,1.0222312,0.13746276,0.26126677,0.104735374,1.5537444,0.021598052,0.32198232,0.16964187,0.87325615,0.25121066,1.9151654,0.28973526,0.37975737,0.27915016,0.54476625,0.19294752,0.65097696,0.0066959066,0.4095627,0.43935356,0.50607425,0.18565571,1.120735,0.27135223,0.2079405,0.6479834,0.19961087,0.08037478,0.03458177,0.55360204,1.449924,0.6459433,0.5408202,0.05696707,0.28169212,0.45205754,0.049824394,1.2214528,0.4880747,0.80733454,0.6487032,0.58667296,0.6184228,0.20170526,0.0,0.033738088,1.9302835,0.22163069,0.07608314,0.5504588,1.502134,0.71985245,0.41697633,0.27765518,0.8455364,0.27828613,0.18254556,0.19932838,0.52715194,0.6555647,0.9243598,0.22086972,0.06397943,0.5370281,2.6758137,0.76126647,1.2781346,0.06439277,0.42687738,0.43456408,1.1517341,1.1500902,0.40478697,0.21027632,0.015771661,0.25493434,0.9117199,1.1373969,0.2815495,0.13219874,4.176603,1.021014,0.07577083,0.60627615,0.29753685,0.119326316,0.6102494,0.75980073,0.023441361,0.46938458,0.24574505,0.65481114,0.754701,1.015258,0.0,0.23730628,0.87308717,0.3328083,1.0432091,0.079966135,1.5982183,0.83457875,0.3603057,2.6560988,1.9075599,0.20429307,0.6880254,1.3946441,0.41532,1.9409117,0.25466895,0.3132026,0.3742981,0.18575804,0.63755244,2.582457,1.390491,0.5660388,0.3037191,0.67655396,0.18672459,1.2421445,0.24532512,0.67297745,0.7319484,0.17493995,0.73790395,0.7380273,0.06555194,0.7634856,1.067272,0.750651,1.194434,0.70731634,0.27611402,1.2420675,0.466006,0.73061424,0.8157793,0.3539891,1.7069732,0.08922822,0.89140904,0.14381687,0.57857805,0.48582754,0.41935986,0.13360044,0.18579687,0.17311843,1.5550073,1.2295567,0.1297393,0.67816263,1.2632228,0.0019643796,0.18374757,1.662608,0.78017795,0.2182187,0.32618913,2.578006,0.5600591,0.95531774,0.26809704,0.27733487,0.41535378,0.21921097,1.73898,0.045163337,0.7573288,0.7263802,0.0,1.1057749,0.0025765041,0.18754719,0.100119404,0.14747755,0.62150955,0.020147728,0.14764647,3.6198404,0.6265883,0.72029346,1.3044251,0.9986186,0.15923414,0.2221425,0.5785124,0.014730566,0.2120834,0.7128004,all_pothole_images\pothole_images_optimized_image_121.jpg
0.21833333,0.9819191,0.1145515,1.9002128,0.95735294,0.34042007,0.25927714,0.0,0.34052587,0.39953783,0.37165967,0.8799062,0.0,2.6468954,1.5362536,0.054305706,0.03519926,1.2934057,2.1963007,0.45813134,0.96112555,1.2039602,0.062051646,1.0594902,1.2521881,0.5370698,2.121452,3.0265107,0.8613932,0.18475479,1.0159365,0.051386267,0.61648405,0.13739298,0.16735262,0.96944535,0.56260145,2.352374,0.1470944,0.36280635,0.056431185,0.031268504,0.8394567,4.7834916,0.3712366,0.32164565,0.2849727,0.18860088,0.30571234,0.7285747,0.59268504,0.72457755,0.22273983,0.07013743,0.18288012,2.6994827,2.2912202,0.8107074,0.06458756,0.1408259,0.5822189,0.34709272,0.56111354,0.50713825,0.5421229,2.5767577,0.21056408,0.0,0.03590606,0.13036302,0.0,0.52370256,0.30960342,0.16952275,0.2720544,0.40615544,0.116225846,1.6079718,0.08505465,0.7653003,0.18317479,0.031762473,0.0021949273,1.3848404,0.2732233,0.0,0.17821604,0.10972089,2.4534414,0.026504988,0.53298277,0.00221561,0.01966971,0.0,0.0089642955,0.0012858461,0.14009109,1.4312128,2.4027052,0.34126973,0.13155313,3.245373,0.017793288,0.48741907,0.6497941,0.4113383,0.44355953,0.022277517,1.0226748,0.102861,0.0034699007,1.312168,0.35984883,0.16602014,0.267649,0.5085518,1.2928426,0.8110963,2.4041166,2.1334083,3.4788208,0.46341327,0.05267253,1.6749828,1.3236216,0.06943049,1.0377489,0.47297108,2.4116254,0.07011358,0.24251957,0.060514916,0.28794757,0.039700627,0.54042035,0.17860124,0.54332876,1.0591768,0.85897905,0.27472997,0.42582595,0.089796476,0.19350967,0.59544945,0.88408846,0.31729722,0.19519424,0.14601174,0.027108679,0.22399147,0.8183018,0.18168691,0.0,0.24631095,2.3352091,0.74912804,0.7201233,0.25925797,0.87037563,0.5608033,2.162689,0.9113368,0.35449225,3.1361136,0.083209306,0.0040785805,0.4782721,0.614168,1.203232,2.063836,0.0,0.0484214,0.25818846,0.06514096,0.20174901,0.21657391,0.43607533,0.032471437,0.06781172,0.25880742,0.0,3.6713595,2.0062823,1.5448594,0.40331632,1.9726481,0.25197893,0.86121994,0.003268856,0.20091408,0.02149393,0.41556984,0.12973526,1.4972403,0.10922996,0.43206888,0.49405575,0.2242975,0.016405074,0.8995664,0.6916907,0.0028869966,0.28730932,1.0268123,0.5623433,0.07452445,1.4298503,0.7565326,0.38371614,0.41013494,0.005756265,0.0012577474,1.216001,0.94099593,3.0259492,2.7440097,0.30232307,0.14812687,0.4458879,0.6123161,0.5840577,0.16416787,0.7683192,0.04034579,0.058975145,0.43661308,1.2075614,0.59289956,0.02993284,1.2225308,0.7163701,0.007382029,0.24411725,0.12764923,0.6981499,0.37189075,2.7702026,0.28039134,0.17912193,0.3895214,0.28297633,0.122466244,1.2017608,0.30502316,0.57535696,0.0,0.53263855,0.007966087,0.5921147,2.028941,3.4309785,0.24478526,0.22056918,1.2394897,0.9346276,0.10420119,0.6771896,0.83784485,0.4137062,1.0254605,1.3126597,0.08432754,0.5671979,0.0944555,0.811421,0.4429954,1.0302094,0.5789111,0.5629506,0.28051007,0.2749565,0.025583899,0.90204495,0.0,1.3965938,0.1919021,0.0,0.9033321,0.6415514,0.5170142,1.4037111,0.015632305,1.5347794,0.18783017,0.5158789,1.8913543,0.96023864,0.63223505,1.3110023,0.028626656,0.03426902,0.075798124,0.13222218,1.0417678,0.09466985,0.7562948,0.007281415,0.2768027,0.15222971,2.2432115,1.7591254,0.56246096,0.09270922,0.6017729,5.6756415,0.0012164444,0.11670904,0.07757013,0.3513513,0.5091901,0.26339483,2.1171317,0.8229124,1.9261643,0.2076637,0.6335745,0.02383952,1.74814,2.276007,0.6607415,0.23558632,0.0,0.69741946,0.931125,0.46620032,0.9658175,1.1992009,0.013211866,0.5114218,0.45790955,1.7803702,0.11800647,0.15230809,0.33892947,0.37440112,0.22828987,1.1399192,2.1791801,1.7397932,0.14881685,0.23884508,1.0557731,1.1450589,0.6310267,2.0924487,0.13753398,0.26603314,0.39482537,0.8964745,0.120828785,1.1084231,0.051403802,0.29388034,1.212538,0.15056533,0.0047953017,0.07314677,0.4462443,0.73707426,0.13461602,0.049747422,0.40288684,0.3559709,0.48383856,0.24471048,0.22395754,0.8481176,0.335563,0.2848213,0.5275254,0.81089073,0.017554857,0.56601006,0.0,0.46335733,0.031838913,1.1380205,0.0,1.4574473,0.15010068,0.47284698,0.15300435,0.004580023,0.6327721,2.1037867,0.9549086,0.23083249,0.060488854,0.0,0.82749873,1.5390052,0.06978954,0.79639846,0.0059174527,0.3534649,0.25667995,3.0693746,0.27692717,0.021436386,0.15724835,1.0946405,0.69618845,0.48057306,1.7615404,0.0961093,0.7805934,0.14474508,0.6900174,1.1058778,0.18922634,1.0691566,0.51770616,0.0223779,1.6308396,0.2179322,0.77513283,0.23083743,1.3418934,0.34692702,0.005590005,3.9341314,0.073550485,0.53814524,3.647939,3.1760883,0.4966974,1.5608557,0.895638,0.09959339,0.32115898,0.9766599,0.026902338,0.07926642,0.28906578,0.93449205,3.3526256,0.64332306,0.0,0.039515484,0.26875257,0.73010033,0.0,0.039548885,1.0853025,0.33814842,0.0,0.8904447,1.485079,0.10244059,1.2279924,2.7275465,0.024553047,0.013402055,0.7113678,0.32070497,0.587973,0.41271776,0.1942673,0.15817995,1.278412,1.7493258,0.45651057,0.78671324,0.034984402,0.39718097,0.032339156,0.007651711,0.13853155,0.7213609,2.244999,0.86364853,0.4319201,0.4200648,0.6313302,1.650842,0.17552365,0.05425254,2.9612014,0.6810192,0.051866315,0.46663246,3.3520389,0.7598546,0.31549454,0.14284126,0.0,0.17282975,0.13359246,2.1810145,0.07089989,0.06885271,0.4701941,0.2706888,0.000643943,0.02152918,0.01259507,0.0,0.10217517,0.043063514,0.2608735,0.23789574,2.8384368,1.0622935,0.14896615,0.91600394,2.2717946,0.16008803,0.3467967,0.03210278,0.24352652,0.011034447,0.054322965,all_pothole_images\pothole_images_optimized_image_122.jpg
0.16361761,1.7232896,0.3422344,1.7879486,1.0068077,0.5438376,0.6075327,0.25521994,0.12353039,0.70856297,1.0816543,0.6822373,0.021360433,1.7271672,0.29156348,1.0091265,0.64121866,0.6546556,1.6312131,1.3688214,1.5253367,1.1096042,0.2796765,1.0687647,1.6089234,0.7654646,0.16677833,3.8620312,0.835083,0.031891983,0.57198167,0.19810127,0.7492532,2.9253154,0.030752175,1.1120734,0.71270853,0.8275872,0.007275467,0.7319867,0.05316784,0.010290676,0.55667114,4.310087,0.39308578,0.9008115,0.16990037,0.008686039,0.895702,0.94046843,0.63931006,0.64829195,1.1261756,1.4275967,0.24001585,0.86593103,0.15665027,0.23083192,1.0424758,0.11566916,0.509112,0.34882113,1.6969922,1.6102973,0.82191753,0.56102496,0.57954836,0.61982495,0.14557996,0.1478842,0.9069083,0.06478195,0.3260058,0.7734592,0.8813774,0.57116544,0.34414282,2.0841444,0.030358871,0.54187,0.57464015,0.3462476,0.2341008,0.93275225,0.5834887,1.3109403,1.1030425,0.38415667,1.6199155,0.13139689,0.19995975,0.11420924,0.36014733,0.8353694,0.18959849,0.66483015,1.124928,0.6345893,0.4497035,1.1315093,0.040102713,2.6362164,0.25275856,0.3814831,0.13020504,0.7530075,0.79749084,0.5686117,0.5802479,0.4739955,0.0,0.9625631,0.32904956,0.19049735,0.7735841,1.360275,1.248859,1.5776217,0.20834532,1.3568506,1.6598488,1.478951,0.30440566,1.7725648,0.7094439,0.5909293,0.675898,0.8126222,1.0006026,0.29004145,0.8764519,0.021921204,0.3137183,1.1132952,0.7712903,1.950432,1.3364992,0.2513623,0.8665091,1.036707,0.05988824,0.41159952,0.45763832,0.87299997,1.4740105,1.0115494,0.98230416,0.26562992,0.16946156,0.5781316,2.3989165,0.5733201,0.22607137,0.22613381,0.29766032,0.82390594,1.1663835,0.4065492,0.2893059,0.9973619,1.1464202,2.635782,0.0,3.723688,0.22814703,1.6703157,1.5087698,0.40136445,0.33346382,1.4152966,1.1491958,1.0671989,1.8067954,1.5909586,0.0612281,0.81851757,0.7637732,0.526979,0.115924776,0.98755985,0.08892295,2.0166142,2.327366,1.9640727,0.49474022,0.4836622,0.15381561,0.550278,0.37314528,0.9631615,0.39474538,0.57016814,0.26509616,0.6532314,1.4786271,0.64209926,1.2911525,0.005252211,0.009393386,0.565633,1.3489782,0.19988215,1.7790006,0.17433354,1.2528428,0.98039633,1.3646827,0.45485565,0.34964696,0.3199368,0.8628806,0.61855066,0.7348534,0.4428108,0.7263389,1.8868554,0.8823247,0.23353882,1.860214,0.47223514,1.1095216,0.04999548,0.2580336,0.9561872,0.14856027,0.75610715,0.18720615,2.1352704,0.9371964,1.5714015,0.5381259,0.47181684,2.1813445,0.095895,1.487192,0.3134781,2.6432874,0.24457265,0.268438,0.5514002,0.4864487,0.2355544,1.0847571,0.059599042,1.0766871,0.011377807,0.6380472,0.39703897,0.5088363,2.1570415,1.9004573,0.63143307,0.31248084,0.32136542,0.5115631,0.5580578,0.6811852,0.26502213,0.48256335,2.9367778,0.49495456,1.7776364,1.4325058,0.1864619,0.13596305,0.53454953,0.2919879,0.9878714,1.9956932,1.0066937,0.15012683,0.19052346,1.1069025,0.5658713,0.11155132,0.5639103,0.3924886,0.9931199,0.7848212,0.5119759,0.71389806,0.779816,0.60261995,0.42308047,2.696124,0.023925781,1.3542747,0.63774794,1.2125223,0.17746496,0.4958218,0.7220145,0.47991666,0.17890288,0.85200065,0.9381449,0.3378182,0.826574,1.0073018,1.739647,0.9155721,0.903282,0.57206637,0.823485,4.657966,0.31296474,0.911267,0.057343595,0.64753985,1.665767,0.3198836,1.3363109,1.0377551,1.4382342,0.4470764,0.18295246,0.19070432,1.2705474,2.9629364,0.48453245,1.8399225,0.88452,1.2147411,0.38694406,1.1534768,2.0572062,1.0364505,0.387853,0.46300367,1.6422527,1.1670138,0.31094456,0.33235326,0.4199047,0.2178371,0.91846794,0.5529338,1.1496588,0.33530098,1.4058301,0.34842303,0.9506778,0.70468086,1.1105949,0.44357508,0.063000634,0.24747686,1.5215664,1.2797937,0.18073606,0.38880846,0.24215771,1.0065655,0.08433993,0.32384726,0.082798295,0.29768175,0.89490914,0.7062645,0.40449905,0.0,0.7590349,1.2495303,1.5761029,0.21507224,0.2793879,0.6144821,1.9408051,0.28263822,0.88825494,0.9558398,1.7731146,0.5072886,0.78494275,0.275763,0.33787084,0.8221228,0.010182664,0.29022118,1.2704375,1.5398052,0.5727995,0.53493583,0.48222232,0.51158684,1.8585802,1.9170336,0.5756289,0.14960189,0.67353994,1.431856,0.7932817,1.3659989,0.2537727,0.21603769,0.26087716,1.7449697,0.62458724,0.9872967,0.1334159,2.1257262,1.5133674,0.35653067,0.5403164,0.1582908,0.6201538,0.74212366,0.28483662,0.4093279,1.8445394,0.7277451,0.67503536,0.63976747,1.6514567,0.21334107,0.99894994,0.79616356,0.7835476,1.2350736,0.5436129,2.0168386,0.26452526,1.3272334,1.3757005,3.1732888,0.48371196,0.9763748,1.494866,0.34508148,0.77620965,0.6298496,0.07441095,0.6702182,1.0987002,1.0479385,1.1020838,0.8924693,0.5502427,0.10428951,0.95911473,1.6776823,0.8247681,0.35784099,0.23580757,0.1956065,1.3896109,3.3497655,1.5434648,0.079977676,1.4258581,1.5129746,0.36317304,0.4836619,0.31522998,0.89478236,0.81072515,0.5247659,0.7115949,0.8231781,0.030077409,2.2438905,0.11593235,1.1456573,0.57219696,0.30003044,1.1597565,1.5637325,0.40827763,1.5741246,0.5133416,0.2131668,0.35168576,0.3182299,0.013579416,0.46847743,0.6074479,0.765876,0.48718598,0.9924781,0.18718931,0.63167584,1.707666,0.60913604,0.9632877,0.51059735,0.00052056526,0.75688714,0.60555416,0.17367943,0.5576013,0.82356215,0.9868969,0.04116879,0.7198571,0.6002404,0.35213372,0.061759297,0.6197979,0.353587,0.46610084,0.976716,1.9034075,0.115612835,2.2852437,1.3850814,0.8553882,0.69070363,0.2819444,0.38919106,0.106638536,0.22116412,0.34226036,all_pothole_images\pothole_images_optimized_image_123.jpg
1.4076655,1.9809053,0.37106833,0.97482663,0.43755645,0.7024209,0.96197134,0.0027030313,0.04105401,0.7759001,0.18458872,0.84270847,0.43235996,1.3843309,0.3948799,0.093710214,0.041036922,0.37634653,0.41696808,0.07321119,0.9224341,2.0125356,1.0776317,0.8277426,0.2810112,0.12276476,0.65779424,1.1883852,0.094235435,0.4353188,0.4900998,0.09179485,0.78443587,0.10860801,0.4847346,0.24268919,0.6747091,0.6983864,0.048744462,0.14893909,0.003877826,0.44717312,0.16065988,2.6683655,0.5484345,0.0030717268,0.21133958,0.019135071,0.17156929,0.012928094,0.52560043,0.0,0.44201294,0.12667993,0.0,0.67188597,1.4396679,0.24842495,0.057722196,0.6081287,0.08666126,0.23882891,2.819451,1.4555172,0.73485655,0.20679674,0.039668158,0.14579296,0.03332899,0.9319471,0.34939516,0.16723199,0.017745312,1.0601138,0.08544518,0.26355472,1.1506115,0.91241986,0.025062306,0.27847353,1.015434,0.32288554,0.25186524,0.8521239,0.72040004,0.27620783,0.027098091,0.0,1.4378033,0.051472526,0.08204143,0.6136383,0.23763542,0.68603003,0.5215911,0.10170294,0.3664494,0.48603025,0.06714347,0.13445146,0.1055408,1.1417246,0.721784,0.0057608364,0.13506325,0.11724572,0.19701385,0.002953927,0.17252128,1.2750071,0.10590481,0.44681975,1.887668,0.21695058,0.44486058,1.1891482,2.5576875,0.68958753,0.67475265,0.05463812,1.5438908,0.18018013,2.278159,0.31962296,0.23476982,0.3361733,0.28697407,0.16806811,1.6034503,1.1047615,1.0468928,1.0167122,0.8622522,0.544244,0.0686676,1.7346303,0.2922144,0.0059054377,0.9174034,0.31985772,1.1976303,0.00027943202,0.43280312,2.2762191,0.82784665,0.9704276,0.08700716,0.2076526,0.7665391,0.60491514,0.8615955,0.3007379,0.054627452,0.052842535,0.87946445,0.490953,0.13157599,0.7579394,0.8870972,0.39593792,1.097841,0.13653158,0.92441225,3.7241771,0.4286761,0.54175645,1.0101737,3.1731243,0.41151783,0.283445,1.3045222,0.74079794,0.28136712,1.8669648,0.6083219,0.51643425,3.35776,1.3894342,0.31075305,1.1359869,0.20402409,0.10978533,3.247706,0.14091775,3.2517486,0.2573362,0.6463229,0.0080860155,0.057975534,0.09863216,2.239726,0.032572303,0.013312412,1.8743232,0.5352575,0.53878564,0.07573158,0.16175978,0.40977362,2.121645,0.06601096,0.0047212713,2.0520928,0.68704975,0.14142452,1.4653286,0.017605068,0.59847957,0.9879784,0.010189548,0.3371698,1.0855956,0.30615506,0.89386123,0.48141137,0.028842459,0.29714444,0.20473015,0.834375,0.21877927,0.83467495,0.1083097,0.0,0.076457,0.0,1.0876613,0.92028385,0.4455359,0.94945914,0.057287633,0.1521608,0.46054122,0.33694774,0.11762241,0.12662776,0.8940122,0.78784347,1.1988201,0.21521716,0.09672534,0.5506105,0.11261849,1.6503419,0.34359273,0.16191736,0.003258703,0.44459563,0.37666437,0.65386045,2.5873082,1.1234387,0.0570293,0.11882144,0.21532932,0.16910237,1.0050097,1.6461456,0.15616763,1.3387402,0.97634643,0.4419481,3.250046,0.12243317,0.12650639,0.02542797,0.24908163,0.041097056,0.36808336,1.0882313,2.677249,0.0,0.59972215,0.30613422,0.3096415,0.1470291,0.5051124,0.2680837,1.203899,2.3584425,0.158494,1.1789578,0.12621771,1.9916683,0.33881217,0.20628169,0.12501903,0.3146546,0.89412004,1.372097,0.5309332,0.104976036,0.67657554,0.18724982,0.51710814,0.04229851,1.7346507,0.13484497,0.3115647,0.89865196,0.5123317,0.5021675,0.6066576,0.0005087548,0.023006655,7.4383435,0.19645636,0.90960014,0.29542002,0.9975485,0.11550774,0.13206841,0.64294,3.4233434,0.46524292,0.9193741,0.6996457,0.049377795,0.20534116,2.1323853,0.37691376,0.37248293,0.3928781,0.6162961,0.7941595,0.16138664,0.22495703,1.6982399,1.4160014,0.19154003,1.4299842,4.1978607,0.6916387,0.6504186,1.0569879,0.7671093,0.53240067,0.41561362,0.5726442,0.31577873,0.21042041,0.10020622,1.167303,0.57412326,0.57284874,0.14328629,0.24609102,0.12563752,0.11936094,1.1853889,0.6009367,0.3273834,0.32859144,0.005999558,0.0019880226,0.54879385,0.13575925,1.6957886,0.30631915,0.3106451,0.13690093,0.069299,0.370493,0.8023088,0.26739985,0.011114885,0.12858798,2.1351142,1.865187,0.00086004887,0.2919812,0.62728834,0.034917288,0.1774343,0.4119859,0.14938185,0.36680976,0.35549966,0.9390419,0.46859017,1.4970053,0.023414275,0.2095363,0.6456228,0.7314936,3.6962323,0.16857193,3.1319118,1.08123,0.0,0.6806928,0.7906362,0.119127214,0.0794226,0.06228031,0.53076476,0.08429969,0.37315828,0.19181019,0.27060017,0.05120373,2.2801192,0.41589424,0.14918888,1.3453995,0.23474614,0.1317499,0.9197726,0.14262976,0.8579853,0.8929813,0.18436556,0.25755957,0.3188111,0.12760495,0.0753794,0.5815324,0.0,0.7785963,0.084328905,0.2652564,1.3274969,0.06845882,1.3426307,1.0864547,0.5457369,1.8564512,0.7286388,3.9849217,0.465462,1.1205617,0.6744494,0.72734046,0.002100602,0.408545,0.22064961,1.4757876,0.69695216,0.27780077,0.2901863,0.4680909,0.8016798,0.049412616,0.017526884,0.18965708,0.04174751,0.47822285,2.7300308,0.006573147,1.9019996,0.22163369,1.5807467,0.61394256,0.15719733,0.4928187,0.6373297,0.060860388,1.9587163,0.01022656,0.2567003,0.054240897,2.1876621,0.6129718,0.793292,0.016558086,1.2702718,0.1447872,0.020273412,0.74600655,0.0,0.9183051,0.64519244,0.75817424,0.5223145,2.0218928,0.287298,0.040673055,0.6779644,0.7076928,0.051729124,0.353258,0.15458627,2.9465292,0.43959266,0.9781718,0.0,0.1520228,0.6144017,0.18646131,0.0540374,0.8309138,0.021009002,0.48204523,0.08375849,0.55387145,0.0023980064,0.009911666,0.054477222,0.17866315,0.093059324,0.21081193,0.9893864,1.5068395,0.21540283,0.9184279,0.79065615,0.8673193,0.30069277,0.18043666,0.12920175,1.0198723,0.20628625,0.03906718,all_pothole_images\pothole_images_optimized_image_124.jpg
1.3859595,2.9435072,2.1034534,1.1562067,1.319867,1.401987,2.1948662,0.16140166,0.17939113,0.6279773,0.11219967,0.066270985,0.007780648,1.5624908,0.8347056,1.5830492,0.4627152,0.10584263,0.56243646,0.5362155,0.35091445,1.5787883,0.64356154,1.5283418,0.18111804,1.0845131,0.051869247,2.2294638,0.17227162,1.2906739,0.79271096,0.40487456,0.45881543,0.747245,0.4608774,0.73099166,1.3761591,0.36291775,0.6453412,0.4124991,0.69199353,0.0,0.37570223,2.2917552,0.93068075,0.607305,0.21433356,0.28843987,1.0036455,0.27177885,0.47541738,0.12917037,0.4026089,0.47514376,0.2268185,1.2104032,3.3103094,0.08401789,1.2412984,0.7072993,0.08453497,0.043971986,1.8144274,0.13823092,0.17469788,0.40429866,0.07736149,0.42084527,0.2815139,1.2897047,0.104754865,0.4782566,1.4390975,0.8651475,0.4995313,1.4344785,1.3894048,1.1068509,0.64468354,0.28686702,0.69142646,0.66418916,0.19012807,0.33741596,1.5989009,0.34035727,0.023534449,0.4812597,4.0301175,0.0022757086,0.20601954,0.49954534,0.9218731,0.8031689,0.5492731,0.78114355,0.17550908,0.75488687,1.7482569,0.88753337,0.0,0.6537641,0.5482647,0.020452667,0.6548592,0.34792435,0.17848663,0.06483092,0.333377,0.28300837,0.0758283,3.2966065,0.8036372,0.27228093,0.8402074,1.1703382,1.4632549,0.51542544,0.10124394,0.44724095,1.036645,1.3649864,0.88195926,0.0930863,0.22358073,1.0937128,0.3172129,0.37886506,0.8055568,0.74446696,0.48301536,0.0,0.3458663,0.098006256,0.6895748,2.7309387,0.121511474,1.0001062,0.48530927,1.3052604,0.018296761,0.5470872,0.16329457,0.46741593,0.60606486,0.4508616,0.16841748,0.34500837,0.17395058,0.43354392,0.9350981,0.1524186,0.28225824,0.15451725,2.2802835,1.7802892,0.34791732,0.079509765,0.76613563,0.447069,0.87203807,0.048363294,0.6180211,2.1883652,0.41742352,2.373712,0.23579776,0.09494826,3.0053937,0.06698023,0.280872,0.19270943,0.24769403,1.2521286,1.2349856,0.058997396,2.5084257,0.64896,0.023121392,0.35883808,0.0,1.9152753,2.145793,0.42139682,2.2203052,1.3628287,0.15261787,0.0027628671,1.36159,0.6519925,1.1095866,0.16728592,0.17657821,1.4401255,1.520068,0.65100586,0.5080965,0.23709577,0.12045483,3.185795,0.2016031,0.2302928,0.47577044,0.844542,0.90244937,1.5879755,0.20949747,0.45114228,0.03408276,0.102601595,0.6183433,0.26204717,2.4533038,2.511412,0.5311311,0.9063429,0.15259933,0.048104946,0.7385409,0.08434318,1.375123,0.0,1.1753511,1.0027577,0.012585294,0.23089112,2.6979105,0.64619094,0.52753145,0.05306135,0.43631828,0.40290737,1.0650212,0.32700697,2.5681422,0.66359,2.808877,0.00508489,0.20409536,0.31467018,0.8596114,0.91660655,0.43166202,0.5799205,0.16027692,0.059778105,1.9984264,0.20491864,0.5073145,2.4580977,1.130982,0.21151519,0.81616676,0.19640331,0.17665398,0.33235857,1.3988764,0.9555774,0.81403565,2.7655306,0.0,2.0859973,1.0403062,0.13665487,0.35799006,0.4306666,0.11379684,0.91181976,1.3710017,0.57182765,0.096887596,0.0,0.15966931,0.01692921,1.2798154,0.8012885,0.82197887,0.820477,0.42673153,0.92188734,0.012636465,1.7666038,0.11129235,0.37600708,1.9207094,1.2382823,1.4410692,0.54330224,0.7154734,0.11914022,0.7098513,0.5064392,0.0031472566,2.3961575,0.22021535,0.17217764,0.4055981,0.25246888,0.7942258,0.5281421,0.12922533,0.10184856,0.20444101,0.41542143,6.317653,0.39315748,0.5513402,0.69548887,0.68987864,0.5431153,0.6364881,1.3132733,2.5074606,0.46111983,0.44622096,0.23876452,0.16310965,1.2828295,1.6297064,0.52955157,0.092987135,0.052900095,0.03349025,0.42937383,0.019881526,1.0143615,1.9440323,1.134692,0.16340004,0.47125912,2.89258,0.108697645,0.0020493944,0.13181873,0.15456359,2.605005,1.7687159,0.07358815,0.22895533,0.48668125,2.7449975,1.9468224,1.4594759,0.17608695,0.84470886,0.5390632,0.30912384,0.2475515,0.02474684,0.5620905,0.53023434,0.8416471,1.2578346,0.30592003,0.08222371,0.17464219,0.1617028,1.2022127,1.5318693,0.63081956,0.0,0.27074665,0.9269553,1.1963532,0.044938136,0.7177269,1.0900006,1.4661939,0.03679188,0.3888667,1.4185495,1.8330659,0.9744312,0.31963557,0.17551295,1.3690753,0.21077354,0.095613554,1.0240914,0.25257942,0.10492498,0.6563795,0.08610692,0.25570258,3.6696496,1.5311145,2.0879529,1.8136303,0.6429165,0.87017673,0.5230323,1.4640602,0.311344,0.59487194,0.04762227,0.30830392,0.9484252,0.0,0.8308752,0.08970971,2.1386771,1.6567959,0.648885,0.5647752,0.0011926609,0.28893092,0.6163896,0.041435834,0.08096452,0.41836703,0.19333746,0.0,0.037216745,0.37477988,0.018246325,0.22982986,0.27457088,0.115169466,1.0107862,0.012174181,1.1140816,1.1810842,0.7957892,0.26106238,1.7465194,2.4025688,1.2455443,2.0174382,0.0805916,2.0043862,0.34073442,0.5197751,0.6431887,0.7018009,0.37452775,4.3673043,0.117091544,1.3712199,0.0,2.0795717,0.74199104,0.14650448,0.27001056,0.1551645,0.6043422,0.57043636,1.6079918,0.5627664,0.3010812,0.8541897,0.430072,0.5701572,1.3661802,1.0634936,1.6744338,1.2207308,0.95470124,0.8490304,0.6047274,1.2620753,1.0523646,0.24388774,1.602057,0.41690502,1.8492618,0.3072321,0.8497946,0.14722864,0.06784932,0.66989774,1.3264279,0.29852363,0.87027425,0.18596166,0.75346434,0.17369683,0.6095396,0.9326626,1.7057256,0.67501986,0.30191422,2.9583542,0.31360677,0.57432806,0.052808225,0.022973794,1.357879,1.131531,0.9420408,0.36091784,0.21722274,0.9912679,0.004728592,0.0,1.0961264,0.3067332,0.18937767,0.037402924,0.4894333,0.024108302,1.0677608,5.0115037,0.50122446,1.065446,0.23946936,0.40948793,0.0,1.6123734,0.12593393,1.5018775,0.11823103,0.12598415,all_pothole_images\pothole_images_optimized_image_125.jpg
0.5695756,1.0794286,0.53263766,1.1004816,1.1607105,0.30762067,0.17512074,0.047647793,0.07961041,0.7073258,0.17958935,0.258473,0.03909453,1.7832155,0.13780329,1.103012,0.0,0.41045102,0.26126328,0.4562821,0.603034,1.2222375,1.2993207,2.230676,1.6488247,0.6681914,0.25877297,2.0703604,0.730993,0.56331795,0.78404474,0.5160965,0.743879,0.9117536,0.8187206,0.10452226,1.293664,1.2348617,0.15090635,0.29398152,0.79685277,0.35953993,0.31674847,1.5831401,0.3937641,0.5826927,0.090055116,0.0050801258,0.12858959,0.16591567,0.7206309,0.15459208,0.951634,0.38829806,0.09808526,0.39901942,2.9962392,0.0,0.32596272,0.07280632,0.7444827,0.61274064,2.1834104,0.63233733,0.7886417,1.0720326,0.3626248,0.0,0.16428956,0.3602523,0.88124543,0.49807498,0.124533944,0.83204037,0.56905967,1.8321925,0.09802845,0.36617702,0.012067262,0.14163242,0.051228102,1.2380475,0.02963053,1.8425057,0.17068367,1.3720516,0.13906199,0.03934504,3.0793066,0.068201415,0.20289835,0.20038176,0.052485596,0.44362703,0.19585803,0.03862666,0.59635895,0.5632614,0.083627954,1.4345093,0.054523095,2.3765163,0.10381677,0.0073904796,0.6210502,0.6041318,0.13417627,0.7287504,0.12151844,0.61233485,0.46290502,0.83347535,1.1066906,0.46295953,0.86371017,1.0756215,1.8193932,1.1457734,1.9446417,1.049635,2.4326482,0.6293038,1.3101782,0.7323968,0.5282685,0.53896123,0.1259256,1.5241472,1.465815,0.5571856,1.1913803,0.06686631,0.75914496,0.29676744,0.0208526,1.5238383,0.51866394,0.8121478,1.6198095,0.33045983,0.5527104,1.049031,0.010228799,1.1395239,0.43709496,1.0782403,0.13026461,0.7150952,1.0357096,0.6016588,0.57802236,0.7517835,0.29582608,0.34323856,1.2790004,0.7329398,0.63365126,0.77002573,0.4511701,0.38969675,3.686998,0.5460337,0.17217976,3.2940748,0.19985467,0.8030777,0.23884176,0.8573328,2.0142698,0.334888,0.25929222,0.34092405,0.001500277,0.67336065,0.31042808,0.09580277,1.4937104,0.16883986,0.02949436,0.012498966,0.012533295,1.7805191,1.6887661,1.7541125,2.1869845,0.31405416,0.31153956,0.23140192,0.13050705,0.2559377,0.21830808,0.6467576,0.0575318,3.4214203,0.09837448,1.6392788,1.1422569,0.52597046,0.53179693,1.0570328,0.62038785,1.2228496,0.9917839,0.95413256,1.5333575,0.2559424,0.56656086,0.11940557,0.88458824,0.16157831,0.8168116,0.2649309,0.38182846,0.90964335,1.4343168,1.0917914,0.84443015,0.22496547,2.4799092,0.16369593,0.48329982,0.021309918,0.06776248,0.25139767,0.10330095,0.50316364,2.1683445,1.0137377,1.4746104,0.08429007,0.19597474,0.7206515,1.3218374,0.047502264,1.3316097,0.28388909,2.216028,0.14880587,0.045848243,0.324933,0.4935392,0.05743855,1.8282819,0.98619336,0.08600544,0.009802294,0.8804073,0.80324084,0.47176674,3.612543,1.1738896,0.026867367,0.50914025,0.28584448,0.10361905,0.39878315,0.4197663,0.09183917,1.5319912,2.3287866,0.09774689,1.0531384,0.55861,0.7537024,0.69288826,1.1661943,0.0761792,0.19947322,1.2900443,0.835555,0.21600845,0.0,0.55461377,0.024606356,0.33386144,0.9557512,1.3639086,1.7989922,1.0631785,1.2635821,0.100359984,0.4716623,0.44581088,0.96135664,0.768336,0.4178128,0.6085381,1.5902222,1.6596922,0.08538643,1.0058658,0.36367002,0.06725747,0.92924094,0.28908202,0.19877777,0.12108862,0.38712186,0.19168821,0.544049,0.764846,0.46570104,0.2955044,0.04130262,6.43818,0.02519523,0.94680285,0.47519708,0.34092805,0.2429005,0.48340914,1.910774,3.5340836,2.0227354,0.0,0.4649229,0.0,0.73815113,1.8515216,0.8590991,0.2033274,0.27054894,0.034599066,0.51272076,0.8074085,0.3093471,1.3400904,0.71814394,0.04134116,0.96787703,2.346515,0.07558808,0.0688862,0.3967718,0.36561373,0.4700678,1.1540767,1.0782164,0.19317444,0.007957504,0.2563875,0.8024787,2.377409,0.009226819,0.16892119,0.0,0.28866848,0.29204583,0.86824113,0.668581,0.042401634,0.7923358,0.27537692,0.26786643,0.10142703,0.12944871,0.06284419,2.1860397,0.10269143,0.6101946,0.03683968,0.17129722,0.6825896,0.9389595,0.017346382,0.41293186,0.7125337,2.294214,0.05857778,0.72526157,1.751494,0.40074974,0.14086872,0.38359824,1.0772282,0.32704455,0.028592952,0.1220963,0.55588275,1.0109377,0.19837292,0.041633576,0.04949381,0.734576,3.9920518,1.7198951,1.762585,0.15659302,0.029926851,0.90545094,0.5673869,1.2978796,0.40551168,0.23109901,0.1840392,0.067036755,1.1725215,0.7288381,0.5255081,0.1798121,2.9503663,1.2884575,0.6990026,1.2025207,0.0,0.4484448,0.97654223,0.059854083,0.26791862,0.033393368,0.13312145,0.20698331,0.4385362,0.119830206,0.021714306,1.1935443,0.42766827,0.9329001,0.19192386,0.088034086,0.6773988,1.1588237,0.7744245,1.5215186,1.4842087,1.6828196,0.67802125,1.3985132,0.65610987,1.1928961,0.43064427,0.284848,0.044208754,0.34090844,0.26839295,3.858892,1.321154,0.70425874,0.15028118,0.7689792,1.0289482,0.5853236,0.31800556,0.30116504,0.050209127,1.0731091,1.0742137,1.025677,0.37324157,0.13179436,0.39897048,0.721472,0.5722225,0.32516235,0.72945786,0.35903513,0.96184236,0.45452887,0.33037892,1.2116182,1.1473523,0.099133275,1.316599,0.18741202,0.35373732,0.08749934,0.35378933,0.053205594,2.1769648,1.5233767,0.51810306,0.4735323,0.7061061,0.6670965,0.8066531,0.19101043,0.55061346,1.5094477,1.1601819,0.0,0.42291594,3.745249,1.074947,0.5986026,0.0,0.8315384,0.89849395,0.63461137,1.0364183,0.089131445,0.111788765,0.9973313,0.0,0.24744157,0.0351411,0.011813514,0.35428774,0.00774085,0.33653796,0.037920613,0.82629114,4.5366974,1.610288,1.108383,0.46819717,0.3333069,0.14803676,0.6331562,0.18726586,0.6973226,0.5687441,0.12805817,all_pothole_images\pothole_images_optimized_image_126.jpg
1.0168916,0.6673798,0.36237988,0.5703764,3.1732514,0.2712442,1.776353,0.4177374,0.95904243,0.72186965,0.6666624,0.3676931,0.08296839,2.711651,0.16908576,1.2344482,0.21790391,0.6156154,0.49865285,3.0059776,0.20631412,0.45547512,1.3334519,2.8004794,0.6181993,0.09226328,1.2283179,0.9982026,0.03833949,0.28642106,1.0493426,0.09626618,0.90536666,1.1707191,0.8240976,0.73111653,0.259344,1.0481126,0.57959795,0.95205057,1.7747015,0.50896764,0.10086032,0.4968808,2.984017,0.9155258,0.9595225,0.26419398,0.9858513,0.025424154,1.8332245,1.6302238,0.82716024,0.7188752,0.4316957,0.29831773,1.0411652,0.06796502,1.0644195,0.8718292,0.08848713,0.09252644,2.3769603,1.1092981,0.32667616,0.62659544,0.1674607,0.40208963,2.4672623,0.46047685,0.53188026,0.46720892,0.6652902,0.23476526,0.05408424,1.6393249,0.9387551,0.1208431,0.5087661,0.69046235,0.22516061,3.0096874,0.81011045,1.2802438,0.69906163,0.09728671,0.8224576,1.2336394,0.6903269,0.6705373,0.44941285,0.89666474,0.76295674,4.4552803,0.34033343,1.3591094,1.5643344,0.60944706,0.6847857,0.17995018,0.041865762,0.5035897,0.07897256,0.09968968,0.23917435,0.69690406,2.4183965,0.26606748,0.4671449,0.45501888,0.31633785,0.96795106,1.0855992,0.54469746,0.7198868,0.6142756,1.2427882,0.6000843,0.5828998,2.1779175,1.5597155,2.7715652,1.1752738,1.5956576,0.7210592,1.1313077,0.25273338,0.160114,0.329325,0.83818346,1.6478218,0.006032034,1.5100929,0.47272074,0.83277476,4.1726375,0.43536937,0.27527568,2.8902447,0.44313914,0.11464028,2.7575104,0.37914956,1.3462067,1.1407,0.12256408,1.398823,0.66493917,1.5872855,0.6677429,0.26292434,2.0914512,1.6961416,0.30359623,0.8575156,0.8679566,0.37012506,1.0963441,0.0,0.37800613,0.5800065,0.7723384,0.20166323,2.9270155,2.5906565,1.9158463,0.40004835,0.7148169,0.95022225,0.43375525,0.23201232,0.26071882,0.06052213,0.75591916,0.98871535,0.7086813,1.1439617,1.4296311,0.6189296,0.27347103,0.2416604,0.90764844,0.8070006,1.1678095,2.939947,1.1926956,0.90353835,0.36307943,0.0043891263,0.9486097,2.5739062,1.2795824,0.09386314,0.7796858,2.3838649,1.0172961,0.24396206,1.4658217,0.6371027,4.5385175,1.444124,1.8541359,0.54955786,2.133497,0.81448287,0.5026054,1.1203499,0.16139723,1.3025993,0.4108432,0.32783094,0.99624556,0.8731023,0.58033603,0.5839149,0.32949752,0.17366037,0.04358284,1.0021071,0.07191833,0.0010886394,1.4178075,1.9460016,0.39982378,1.62994,1.5768296,0.78247434,0.54824275,2.527121,1.2868304,0.8329257,0.16180016,0.4163917,0.0016633024,0.21055946,0.0,0.71518517,0.7638388,0.91970605,0.15255488,0.6750951,0.6947976,0.14783026,1.4953302,0.6965686,1.1170759,0.5880641,0.50649464,0.0,2.6006787,0.7437956,0.85392153,1.2683513,0.076857224,0.2954728,0.23936948,0.13630497,1.81909,0.56996405,2.1258788,2.818873,2.7392979,1.752528,0.71143675,0.3079057,0.09009597,0.12931465,0.643379,0.89603436,0.17050274,0.033365734,0.057464346,0.039247215,0.04343458,0.5041651,1.0703212,0.84067255,3.2170188,0.45997334,0.7658092,0.0013391705,1.8235768,2.305781,0.7259683,3.7381542,1.482223,0.6512438,0.8855003,1.1879401,0.12055745,0.32662004,0.04640336,0.5951877,0.9006043,0.649493,0.7923862,2.5465271,0.8960925,0.8419493,1.4053808,0.13925663,0.67710847,0.89855725,0.12558135,5.5068407,0.5144088,0.68889326,0.5166651,0.052677408,0.64549524,1.1553694,0.7413366,4.12106,1.565651,0.85728765,0.052904025,1.1390924,0.71300536,1.0857579,2.3648229,1.8506364,0.7079067,0.90320307,0.76542515,0.85913444,0.67169696,0.46488172,3.1428428,1.0411297,0.34508047,2.7656615,0.30601445,0.17752892,1.2080164,0.67137855,2.4288933,0.58467084,0.41216925,0.35946798,0.94143194,0.43088213,2.5935512,1.7970116,0.43730116,0.27221704,0.90541524,0.38172525,0.94384843,0.5084185,1.7896152,0.3120322,0.32007816,0.24073853,0.40466034,0.024412958,0.15444165,0.46379143,3.2908804,0.5532469,0.15023324,1.0499587,3.5505888,0.2788523,0.37666512,0.23613867,0.40451092,0.4197993,1.2477151,0.5617731,0.86665404,1.304143,1.1151891,1.0859903,1.4943031,0.20903602,0.89624083,0.91117716,0.19359979,0.04841654,1.2998558,0.87419766,1.3609344,0.28263924,0.43972576,2.1717327,0.31912065,2.7430654,2.18432,2.0073671,0.3053323,0.047999676,0.06440853,0.5610678,0.50887525,0.23592074,0.07069934,0.81941736,1.8078057,2.6972656,0.37363425,0.73803824,0.4268512,0.09919038,1.2344873,0.81199676,0.1250813,1.2360555,1.1436595,0.4475432,0.05055331,0.40879172,0.10050841,0.098679446,0.27532494,0.40649533,0.7875154,0.06984278,1.746582,0.53144413,0.30243772,0.5235029,1.7233903,3.270826,0.42126533,0.25173223,2.766808,0.04715364,1.4444337,1.12063,1.0097643,0.3041598,1.2666073,0.306121,1.0997276,0.268333,1.0429536,2.000272,1.1178277,0.0137929525,2.9913354,0.98539966,0.93080306,0.4124428,0.016066002,0.20932715,2.811703,1.5182291,0.8113557,0.011105399,2.397216,0.18956651,0.050176572,1.0517514,0.42823854,0.0675691,0.31342855,0.39625692,0.18181035,1.1127344,1.8195035,0.9803833,0.5706773,0.5689372,0.56931347,0.21980841,0.77494514,0.9992368,0.7018702,0.8719486,1.0593961,0.77016,0.71473324,1.557908,0.28927255,0.5712626,1.0688626,1.6730689,0.02326922,1.2252902,0.08494954,0.512906,1.4484655,0.13039708,0.9651136,0.5348322,3.3974009,0.35819313,0.19707009,1.6378946,0.23599544,0.34137064,0.96206695,0.20279974,0.11701814,2.3520532,0.06321819,0.628354,0.15414847,0.506173,1.214889,2.6568363,2.021093,1.4587557,0.044037648,0.8314833,0.18270272,0.3125622,2.4011922,0.93593115,1.0780445,0.68882,1.0306885,all_pothole_images\pothole_images_optimized_image_127.jpg
0.69137925,0.69182837,0.0,1.630189,0.63333493,0.07691952,0.44261932,0.0,0.25432166,0.16175534,0.38993126,0.052166257,0.029967057,1.4614267,0.005756079,0.0073144897,0.12811387,1.218654,0.779939,0.2538718,0.103090234,1.011883,0.18394442,0.18949357,0.33737358,0.9116589,0.6943398,2.3725457,0.2595772,0.1931858,0.2625844,0.7375547,0.20069952,0.27309734,0.09108318,1.2672104,0.1662117,0.27355194,0.12155167,0.0,0.0,0.09732259,0.33370152,2.1252487,0.3541349,0.0,0.16626492,0.1510283,0.078939565,0.94082415,0.4724402,0.044946246,0.3437233,0.09524518,0.38037524,0.5649391,1.7836344,0.00043794562,0.0,0.28522968,0.9481678,0.18650058,0.7383601,0.24777466,0.881087,0.9112682,0.31036416,0.028825978,0.035474952,0.023694988,0.121637106,0.17242776,0.12463681,0.039038662,1.312715,0.0,0.005877061,0.5434197,0.34489807,0.4301612,0.0,0.2666262,0.12497686,0.68751013,0.01034051,0.0015904513,0.06659969,0.03375877,1.2020553,0.08591289,0.42034596,0.04679481,0.0,0.008655903,0.00499867,0.008885737,0.13260072,1.3712958,0.3294813,0.032075614,0.009568242,1.9293159,0.41605905,0.0,0.652537,0.14417318,0.61868817,0.431402,0.08441236,0.100051895,0.010778438,0.3634332,0.9850276,0.6826,0.21987039,0.5796983,0.15437996,0.049195208,1.1506139,0.40633723,1.8691254,0.10041877,0.1658111,0.8771138,0.22058786,0.26916057,0.24512301,0.14254615,0.12922947,0.0028909426,0.001358766,0.46345636,0.095960215,0.2938894,0.37958533,0.014759803,0.18132877,0.056436863,0.33293152,0.027137313,0.6835823,0.16050059,0.38571852,0.23790398,0.13463236,1.3265477,0.0024556005,0.36358407,0.33257818,0.047593135,0.36058515,0.771471,0.005072995,0.032482877,1.1111634,0.8726434,0.26585257,0.024721013,0.5490478,0.42961895,0.37245792,0.21644022,0.042117897,1.0647292,0.19385761,0.0005481067,0.17264722,0.21060072,1.1106577,1.8479047,0.24926046,0.14087431,0.07725086,0.10513774,0.017751506,0.13636488,0.32634044,0.11905136,0.26437178,0.021894338,0.04766113,2.0538018,1.2677505,0.35428047,0.42242527,1.4622096,0.15458858,0.1843401,0.58978814,0.20762736,0.026052421,0.07480775,0.14356488,0.62883717,0.33400398,0.29981902,1.5276033,0.0,0.10328782,0.3140833,0.035121463,1.1341227,1.2096857,0.10162686,0.6188631,0.053047154,0.46951643,0.38777268,0.5277433,0.2920563,0.0,0.008948329,0.20561075,0.92007995,1.1352648,1.3370631,0.1968251,0.019031014,0.6799693,0.11873005,0.5813808,0.08792052,0.02677735,0.3493542,0.0,0.04400424,0.95775485,0.20052491,2.1868668,0.6325516,0.032180075,0.20827983,0.17215666,0.30124858,0.29031143,0.105369076,2.2652948,0.45632178,0.15166491,0.27398548,0.10823632,0.3982207,0.03669033,0.025087032,0.18458246,0.004914052,0.42003545,0.0047697565,0.019486153,3.7939072,1.8051094,0.032635797,0.076660566,0.36977938,0.0,0.55044895,0.26456258,0.4095365,0.011044177,2.2189214,0.4458086,0.19117974,1.0041199,0.02573581,0.0037602682,0.19331121,1.12633,0.08014232,2.0746713,0.0,0.09634139,0.0,0.29702917,0.036127444,0.43655306,1.1580184,0.2642998,0.5683347,0.23309024,0.44323215,0.79291904,0.2459837,0.5854884,0.0005490935,0.0,0.33981198,0.23943768,0.12830323,0.6577606,0.009003472,0.003272592,0.083411165,0.033686694,0.24685268,0.032861795,0.3794249,0.03742102,0.029522667,0.6040932,1.3462316,0.9915217,0.19737881,0.110184364,0.16741247,4.950483,0.034492813,0.15550159,0.094367996,0.18674128,0.361726,0.5647827,0.48204398,0.4845542,0.88267726,0.17578162,0.37450066,0.0,1.2271336,2.099924,0.29282394,0.27674857,0.0,0.68223834,0.4478941,0.30248082,0.13610628,0.74425304,0.069704026,0.29395807,0.009162022,0.5140818,0.0509593,0.10720208,0.01918319,0.048971996,0.0015929491,2.1847777,0.567878,0.4144589,0.28387034,0.0193526,0.25600976,1.1472697,0.96830595,1.0176281,0.5031031,0.015691252,0.19742736,0.09695483,0.016040016,0.72848994,0.45736697,0.0011992824,0.45707956,0.21183792,0.45881924,0.12065792,0.6843404,0.7233843,0.38175952,0.073779754,0.8632422,0.6210187,0.3839746,0.02303024,0.028551793,0.91213644,0.12446901,0.3110539,0.041939765,1.8021286,0.0,0.7460897,0.001868418,0.041647892,0.3087178,0.10943462,0.121762924,0.08151696,0.16197282,0.4296991,0.039488554,0.004782193,0.35368106,1.9974691,0.22554745,1.3731387,0.0,0.08062833,0.39829728,0.23230708,0.21313979,0.78237313,0.116041645,0.068525925,0.107874,0.32115608,0.18887186,0.36975256,0.0,0.9155121,1.7059883,0.5528597,0.3442505,0.0723786,0.16978927,0.54842705,0.53485864,0.36840376,0.11598966,0.6013987,0.6336645,0.65381986,0.14582427,0.420044,0.41801864,0.5640354,0.8252282,0.068457,0.025218323,1.5638357,0.3607678,0.2839293,0.51558965,1.7556806,0.0,1.2758206,0.59237695,0.21576001,0.05832962,0.107259,0.1714062,0.15899016,0.38584703,1.4735886,1.9466759,0.008901763,0.24192894,0.0017270974,0.087539405,0.6987834,0.06643756,0.1092345,0.007768807,0.65769637,0.0,0.16883077,0.89061964,0.38827008,1.398657,3.1139205,0.12780046,0.29313207,0.029861454,0.10497699,0.40886882,0.17210159,0.08503453,0.0,0.82509893,2.9879186,0.050211243,1.1237795,0.022444744,0.7432818,0.019777408,0.1633673,0.0,0.10762413,0.70106053,0.3727504,0.33055776,0.2798231,0.6744627,0.42299643,0.11190089,0.55886453,1.3584557,8.028941e-06,0.056101892,0.19434416,1.5314807,0.74702257,0.0067915292,0.4261487,0.0,0.022734985,0.38169238,0.76750165,0.0,0.11387345,0.9206737,0.13064545,0.030346131,0.0,0.0,0.46329516,0.06290623,0.0012739644,0.015492503,0.44117782,3.3356462,0.4497794,0.14490977,0.15475282,1.9709963,0.100613624,0.15060331,0.007567543,0.49915722,0.0820818,0.1653387,all_pothole_images\pothole_images_optimized_image_128.jpg
0.04490065,1.9762629,0.4883185,0.8580191,0.84905726,0.6425653,0.2911803,0.1045002,0.6607977,0.43611073,0.7566341,0.55647576,0.2301367,1.321489,0.09748046,0.65640515,0.11768374,0.0,0.25338203,0.37971795,0.09325983,1.3975526,1.3191713,0.8619805,0.12232596,0.07236446,0.021021752,0.64200515,0.029252246,1.4225614,1.3756181,0.004290167,0.031073924,0.39286366,0.5590167,0.11695157,0.7910081,0.7115548,0.17518395,0.6172095,0.30194667,1.0698565,0.77181786,1.3158872,1.1167881,0.53539103,0.32880992,0.0017052183,0.015261466,0.0037986264,1.0619956,0.10472665,0.21329266,0.65906405,0.16766517,0.13172328,2.144935,0.0,0.11093496,0.08404015,0.015841328,0.039419387,1.9050573,0.10564579,0.5136519,0.16344397,0.62775165,0.21913409,0.09129265,0.36110196,0.1319922,0.7613575,0.0978752,0.1477871,0.1262831,1.2097638,0.3855032,0.2323386,0.0,0.22712906,0.08165148,0.8897378,0.022848584,2.3067906,0.5228195,0.8964658,0.004665402,0.37896284,2.906081,0.048480313,0.15254357,0.04704774,0.38021487,0.27288115,0.055119056,0.088365756,0.6870641,0.14611441,0.79437244,0.33430696,0.6083596,1.0255574,0.05698711,0.012044991,0.28627238,0.5203566,0.43681365,0.018279098,0.019418525,1.8107885,0.17509492,0.7585036,0.38240948,0.3145668,0.0629899,1.5766765,1.7071657,0.01500217,0.5458444,0.6254713,0.4259557,0.7402281,0.58255297,0.12816088,0.7146857,1.172812,0.39414626,0.0,2.0919728,0.8061157,0.2656226,1.3943499,1.5066655,0.20430577,0.3099289,1.4957048,0.4712029,0.21602878,2.0114565,0.2695093,0.47981986,0.56454283,0.2755452,1.7683173,0.3817173,0.18863921,0.261845,0.5200581,0.23244216,1.1334974,0.11814977,0.080283366,0.11892889,0.15455459,0.19659209,0.90280586,0.041466016,0.32455748,0.21800107,0.67588335,0.75360006,0.44032633,0.017244518,2.1703038,0.8351771,0.36679292,0.6115794,0.6338492,0.9229963,0.26790172,0.0017947318,0.035646748,0.26424202,0.03860967,0.40107206,0.16330503,1.0711989,0.038444463,0.036774673,0.138072,0.0082317535,0.31070903,2.0610108,0.37659508,3.4760692,0.07207588,0.5481406,0.38773555,0.08138339,0.64971334,0.55546075,0.38559827,0.08162838,1.5108827,0.7886037,0.01468694,0.23547685,0.80930483,0.6603776,0.43760598,0.27474853,0.53757477,0.27619132,0.81358385,0.7122602,0.8018357,0.086647645,0.3567046,1.8469691,0.106164396,0.21067652,0.09070684,1.206547,1.0411565,0.7830521,0.147961,1.0214052,0.067547634,0.45278007,0.096674584,0.9794813,0.005317548,0.2594789,0.79335505,0.029710112,0.47099736,1.0134495,0.2582497,0.7085099,0.24364558,0.025816148,0.46156237,0.067773156,0.22481626,0.2978431,0.2663981,1.4249772,0.5297599,0.017312653,0.20621358,1.1112533,0.14555898,0.3872905,0.20883042,0.11655753,0.5453202,1.5587147,0.21053536,0.36382827,4.6407413,0.52435875,0.105502464,0.15385166,0.55978423,0.013531356,0.0,0.5939612,0.00067933404,0.78328663,1.803885,1.1049054,0.8110908,0.29313636,0.11893431,0.2735861,0.17709008,0.017728591,0.06699359,2.4053297,0.96640396,0.6401589,0.056203306,0.52389,0.04616456,0.8512042,0.14742954,0.0,0.5811743,0.16802183,0.49534467,0.76527655,0.5875362,0.077839345,0.3087806,0.61379075,0.3414256,0.29560325,1.0586138,0.46545285,0.1558396,0.08393152,0.2139369,0.19195715,1.2797362,0.86215144,0.1453061,1.0508344,0.8631195,0.07870398,0.5449191,0.13311087,0.2910125,0.0,0.007162263,8.13191,0.37578115,0.49522746,0.18280025,0.73644185,0.1467188,0.009327822,0.11098269,6.2093167,0.8159284,0.014153042,0.64313173,0.015498475,0.65788627,0.7258525,0.026807006,0.29784623,0.36461323,0.010516409,0.42229366,0.6298666,0.18510483,1.438886,0.5830657,0.7636525,0.5012172,5.3603864,0.27649346,0.015627459,0.5851884,0.8789794,0.1608785,1.4408209,0.19682693,0.28483856,0.21973321,0.25623742,1.9488274,2.0795035,0.0997625,0.31790647,0.087627195,0.0,0.160074,1.0611819,0.71171474,0.14056702,0.7449693,0.3999484,0.095702834,0.058047175,0.23535077,0.9679626,0.5224978,0.0023094723,0.33653107,0.1531906,0.11818188,0.020311184,0.42789933,0.47733465,0.27197143,0.8474551,1.2707422,0.2797838,0.052873727,0.13490435,0.4432682,0.088387996,0.951289,1.6643246,0.17266944,0.12595598,1.7814158,0.63194364,0.8596409,0.12550582,0.19374008,0.5072945,0.48555785,4.3421597,0.2637875,1.386189,0.06618803,0.013511825,1.1610769,0.1225723,0.11389322,0.23423126,0.21324025,0.09498777,0.033815604,0.15197584,0.41041327,0.0146060595,0.041551564,2.4232478,0.029331641,0.041689817,0.9496877,0.61438984,0.16898619,0.48888198,0.039508056,0.6363388,0.22534974,0.0,0.007538501,0.006346206,0.9913555,0.63743466,1.4983337,0.07253034,1.1646525,0.0035571114,1.2594962,0.21001469,0.019016696,0.801412,0.922597,0.5870441,1.8166622,0.3381842,1.6386322,0.27330056,0.103526704,0.86987084,0.78991854,0.145134,0.38245672,0.0,2.408951,0.029034887,0.20434673,0.27795717,0.4567721,1.2104173,0.035073638,0.035249863,0.2738288,0.20843126,0.37618032,2.532777,0.15920632,0.3375281,0.19602071,0.93567485,0.02758461,0.49542087,0.12444083,0.3467477,0.21150075,0.8366051,0.041731104,0.32901782,0.63183886,0.11500543,0.6892879,0.19529073,0.2724766,0.90006876,0.8199255,0.0,0.3693009,0.114503644,1.0393826,0.5465104,0.0,1.8422216,0.024484761,0.60275114,0.0,0.41419908,0.25947204,0.57573295,0.49627942,0.5238729,2.483144,1.1826465,0.11487205,0.023623288,0.28918222,0.9931702,0.08486148,0.63652456,0.85694695,0.04764278,2.4185476,0.033928163,0.0038074583,0.4196346,0.1734723,0.754667,0.03508883,0.134158,0.4391869,1.0564959,3.7526155,0.54976654,0.014908592,0.047425374,0.20445718,0.18920548,0.56142694,1.1707913,0.59118515,1.0795724,0.2848024,all_pothole_images\pothole_images_optimized_image_129.jpg
0.118548214,1.3857048,0.42311502,1.4203391,0.5490004,0.3218279,0.3306567,0.772937,0.28489003,0.49927014,0.13068071,0.22837068,0.0920419,0.3819135,0.6746809,0.7747024,0.08934984,0.041905727,0.40551773,0.010268958,1.570775,1.8463411,0.047030855,0.5278085,1.7531887,0.4175508,0.15508299,2.9181743,0.95524204,0.20034167,1.7246447,0.098614216,0.6457681,1.1144439,0.7168816,1.0252995,0.30797124,2.2233381,0.2391709,1.7534318,0.2102405,0.00057351385,1.099949,2.6055744,0.70609814,0.0022878845,0.37685183,0.38005853,0.69527674,0.9660355,0.26260063,0.09265487,0.16259918,0.0836849,0.03124621,0.7192943,2.1953886,0.3551397,0.554841,0.121569835,0.15925449,0.3162173,0.46437326,0.10563028,0.29498965,2.6313715,0.51623017,0.07304762,1.4593655,0.0,0.38018402,0.11045928,0.2429871,0.14439581,1.4059719,0.51004624,0.0064792642,0.89364153,0.01688311,0.9120355,0.006957061,1.378328,0.0018514609,1.7680514,0.38368022,0.61124384,0.31202155,1.1972495,3.3276951,0.48472887,0.40063125,0.3884788,0.051174294,0.025376609,0.76619107,0.42005864,0.8420607,0.061751597,0.41949174,0.82838935,0.032701526,1.3706851,0.104225606,0.79094094,0.824026,0.117369376,0.04535559,0.10930384,0.12711531,0.18562636,0.0,3.8770022,0.20369978,0.053396724,0.8077212,0.10402677,3.0721118,0.34683305,1.4117587,0.89241815,2.6805992,0.45906067,0.35013133,0.94165736,0.27238062,0.5830277,0.071051694,0.5781953,2.9171162,0.105968855,0.67694354,0.030159937,0.0,0.010506269,0.2767094,1.9600043,0.20628226,2.051035,0.3148125,0.12139137,0.46416706,1.4078877,0.21831913,0.32038218,0.0,0.5513244,0.09371854,0.3098194,0.44913563,0.028996019,1.0704193,0.24214344,0.10321194,0.41829044,1.9555588,0.3638714,0.1713479,0.007680136,0.69561267,0.48639992,2.1148665,0.21845965,0.40610185,4.656156,0.33683196,1.2261158,0.26670882,0.018255815,1.1171714,0.4386618,0.07787145,0.01598163,0.026526198,0.37843806,1.1191326,0.6674322,0.22885635,0.010788763,0.0059929867,0.43481356,0.1029853,2.5118349,2.319152,2.235263,1.2337826,1.2986228,0.19469415,0.72133344,0.7550464,1.183244,0.5350516,0.5884509,0.07062843,3.0983229,0.5427244,0.3104134,0.38788876,1.2293677,0.13462645,0.9922979,0.3142728,0.6540522,0.7386725,0.9422761,1.3206265,0.29551053,0.35191372,1.3595,0.18494587,0.10564338,0.014736255,0.055575524,0.18970616,0.40067664,0.91495013,2.389169,0.15255032,0.22670475,1.5073949,0.09693996,0.60557145,0.0921082,0.9991962,1.5897456,0.298202,0.48776758,1.9266149,0.9403509,0.35021338,0.47659165,0.22443125,0.28001326,0.97720677,0.47652277,0.7766304,0.31875458,2.1699753,0.40091336,0.0050473735,0.0751888,0.6680033,0.13993405,0.8067098,0.2741793,0.078677244,0.044511735,1.6255391,0.27327296,0.49469966,3.1728709,1.8349774,0.13940972,1.3385576,0.33896706,0.49511218,0.06881379,0.25775293,0.023848461,0.5314486,2.216275,0.051622707,0.17684822,0.6848051,0.17403948,0.7439709,0.25332043,0.15294996,0.4301861,0.2912187,1.337871,0.06144036,0.1567578,0.7764092,0.1559198,0.81672645,0.817979,0.6287882,0.27173018,0.29696187,0.5444104,0.5223297,0.19911884,0.20804553,1.2107892,1.668742,1.5731323,2.308821,1.0454831,0.6254932,0.33767223,0.17933196,0.26541582,0.40796846,1.0786229,0.49222413,0.02998765,0.432267,0.61341566,0.33369362,1.1547645,0.5986062,0.32290724,0.18204539,0.3209209,3.9122252,0.1782727,0.29359913,0.18210569,0.40801823,0.2161562,1.4932534,1.5993073,2.3549929,0.55708396,0.23412026,0.6073049,0.0045057843,0.3975693,2.263225,0.07610938,0.96739817,0.29759833,0.009386566,0.21652432,0.2927919,0.6925041,1.2661607,0.020255627,0.08138712,0.25865948,2.8050072,0.10285967,0.107717015,0.005070929,0.0,0.65559614,0.23641707,1.08435,0.42742008,1.3985027,0.048150413,0.5937682,1.9790827,0.2604752,0.9629809,0.027933082,0.16783857,0.29108778,0.38001275,0.14348331,0.7639803,0.3647408,0.45786008,0.22285959,0.034574013,0.06294809,0.399804,0.9964892,0.6719291,0.5326632,0.015378834,0.039399516,0.57008535,0.49925172,0.41534397,0.1905692,3.4829154,0.09338233,0.28539458,0.40725008,1.7012657,1.1650817,0.35465232,0.084859334,0.9431359,0.67810214,0.23130533,0.51894647,0.17614684,0.29691434,1.0567781,0.46240336,0.7640753,0.87409896,2.8545074,1.1273838,0.51150864,0.001698728,0.010309438,2.1149845,2.1164901,1.6323855,0.06985264,0.13644491,0.26030725,0.32191095,2.3813334,0.019637365,0.5381878,0.1343863,4.9460115,0.040577337,0.085345015,0.6391403,0.30632198,0.16751854,0.5879698,0.08976977,0.068188496,0.024985004,0.48620152,0.13669634,1.101767,0.80668235,0.07656733,0.017218053,0.31811738,0.20291904,0.459714,0.14939222,1.5275426,0.3070506,1.0103537,4.1437697,0.5046317,0.06941147,0.18328059,0.41310945,0.10398588,1.5599561,0.2810729,0.6895608,1.3591324,0.8464709,1.2528499,5.0238543,0.34309438,0.8715261,0.46450728,0.5278699,0.1366473,0.14644615,0.18729287,0.2725932,0.10720146,0.051283684,1.2783563,0.14328042,0.23389418,0.05991629,0.843205,0.11219266,0.022159766,0.61657995,2.4150128,0.9568476,0.660905,0.12486127,0.36476135,1.224643,0.9379286,0.07685633,0.21878612,0.05430669,0.18394512,0.9836375,1.5915456,0.2584816,0.30417633,0.12269031,0.05954964,0.7930164,0.25752613,0.20456657,1.1502495,0.088882096,0.30355135,1.7686244,1.403671,0.35224614,0.26159325,4.593134,0.7805789,0.57280916,0.10145152,0.39801133,1.2863404,0.5616726,0.7411744,0.0,0.88165814,0.6313929,0.0,0.03147769,0.14528842,0.0,0.023682117,0.38381767,0.47324666,0.6984731,0.011463348,5.608612,1.9160471,0.09914442,0.6782137,1.0706211,0.025672423,0.43817252,0.4239013,0.40107346,0.18748029,0.12356162,all_pothole_images\pothole_images_optimized_image_13.jpg
0.26509753,0.1828883,0.4654428,0.8731162,0.23075536,0.098162666,0.5554602,0.17260732,0.30641416,0.936612,0.11132822,0.20360084,1.0459429,1.6069118,0.18265828,1.095748,0.49482667,0.8413453,2.7301116,1.2554381,0.7226797,1.3761551,0.6433133,0.47447148,0.10818006,0.32791504,0.019170612,0.49423614,0.0,0.49704632,0.48184717,0.31357184,0.3083629,0.8457887,0.11336646,0.65593344,0.1868658,0.7702751,0.25806516,0.14769235,0.26178044,0.023388794,0.40022683,1.3233789,0.5197217,0.35979757,0.045861345,0.0,0.27936965,1.7872897,1.6896565,0.15162833,0.8908341,0.14440042,0.6203445,0.97110903,1.1543976,0.58172363,1.6269976,0.1360149,0.20277332,0.1697763,0.39171726,0.34099758,0.5970385,2.785852,0.4996073,0.37981722,1.6676754,0.3272782,0.019772174,0.44239187,1.1347883,0.28701425,1.8888888,0.88733596,0.039666638,0.9941415,0.99744314,0.57475567,0.15364374,0.32561326,0.025768997,1.522114,0.1601298,0.67668253,0.08343501,1.3614316,1.1411418,0.41347066,1.1624885,0.018771613,0.033445027,0.08905515,0.2674018,0.034189306,0.48516136,0.8112875,0.8698617,0.10348943,0.018944679,1.6024444,1.2237841,0.0072884164,0.272366,0.8620054,0.11706346,0.20727128,0.13091417,0.07062583,0.010831857,3.0086048,0.18987557,0.328545,0.09092325,0.0,2.5454793,0.8305939,3.8130977,1.6285126,1.506489,0.69611037,0.86269283,0.8575199,0.24268201,0.71676326,0.015816238,0.61159956,0.84229183,0.05044926,0.707303,0.012147082,0.2636965,0.037923332,0.058114324,0.73510724,0.37999737,0.92694604,0.8872704,0.2571448,0.21958034,2.1022449,0.10508596,0.88828623,0.070313655,0.40815687,0.11625065,0.07676526,1.0184016,0.17635676,0.47262052,0.60072285,0.0032350107,0.020623123,1.667305,0.5971803,0.63000935,0.30128267,0.0020322339,0.0,2.5613775,0.5120236,0.12193747,4.8998756,0.086573616,0.5982051,0.34712997,0.3924734,0.92435616,1.6642631,0.1243386,0.21238098,0.13519077,0.34840572,1.4038157,0.024787,0.0,0.07245367,0.02831839,0.14039321,1.2078174,2.7852614,1.414936,1.4584302,1.1817684,0.13587587,0.37265155,1.2826042,1.073162,1.5486035,0.21168986,1.5957068,0.022099271,1.7034541,0.030453764,0.79868925,1.718541,0.23954938,0.566315,1.3177716,0.17652664,0.7531884,1.8316836,0.5387551,2.3183014,0.065459125,0.47227746,0.33803403,0.5021719,0.10415822,0.15064014,0.0005381855,0.5953515,0.7698266,0.8363651,1.1657782,0.03739897,0.32259303,1.7621883,0.029628202,0.0,1.3106065,0.093099155,1.628467,0.38474357,0.17269467,2.3931255,0.11190329,0.5889804,0.32407984,0.13323212,0.030432982,2.5276625,0.25523433,1.4941118,0.0,0.94376993,0.071423195,0.22627515,0.1187819,0.15803145,0.9717738,0.12720992,1.3693581,0.2620442,0.0,1.5495356,0.58318824,1.0058476,2.3301134,3.3304656,1.0716778,0.9298249,1.2280474,0.17453793,0.7884717,0.28698474,1.2034004,0.39442512,0.5126627,0.2728974,0.16080828,0.0069755376,1.7848464,0.85429674,1.341032,0.84092665,0.08300906,0.18995993,0.14860651,0.057018604,0.28980684,0.034806475,0.62429243,0.9287219,0.7527764,0.2220436,0.36801654,0.10400976,0.66498035,0.34073403,0.49436334,0.4442534,0.04509236,0.4524673,1.4710342,0.6356908,0.9378352,1.0649903,0.093555115,0.06863049,0.13901567,0.791799,0.21167699,0.005166927,0.21308042,0.18429966,2.1810498,0.36849964,0.09378571,0.68533427,0.3488226,0.37333998,0.031044206,3.8824255,0.027280865,0.5232563,0.1850146,1.2057979,0.35670596,1.0546956,0.64101046,2.697328,1.2632939,0.016849672,1.4833488,0.19358294,0.19287415,2.9623842,0.20786704,0.28948215,0.1353961,0.12643284,0.13901445,0.92606515,0.13884197,0.16543436,0.0,0.064351834,0.037526242,1.9891216,1.1387309,0.035897493,0.12708959,0.23467791,0.45211452,0.058354706,0.4825997,0.2689527,0.05256056,0.05213431,0.3245218,1.7879878,0.20397545,0.6398566,0.19562775,0.015052288,0.37110806,0.30223978,0.18286948,0.079647526,0.2978999,0.7168271,0.012975393,0.046585895,0.44724306,0.08667396,1.8144885,1.4317403,0.31704342,0.0,0.12435555,0.12187565,0.05989185,0.09292432,0.25965276,2.5605066,0.95311564,0.0,0.74577516,2.0142276,0.46089008,1.4295578,0.028403277,1.0006077,0.19892447,0.02821546,0.06830996,0.3656381,0.30652064,1.1106678,0.5864039,0.060517542,0.5813395,2.1238785,1.4129013,0.43333548,0.009981025,0.0922922,0.3108931,1.0613424,2.2977371,0.68015724,0.040272973,0.35897732,0.6933355,0.97217184,0.4841309,0.546885,0.22663221,4.658295,0.64485276,0.028131299,0.71581435,0.13999365,0.0612161,0.15249528,1.1445563,0.00813418,0.016977204,0.41712818,0.3762178,0.24272047,1.4581604,0.21050663,0.03496169,0.0054854816,0.004384603,0.5782722,0.53112054,1.7164139,0.45400652,0.17009185,0.97941947,1.0022359,0.09729644,0.0,1.6808196,0.0070261443,2.4391212,0.44459572,0.1591504,0.657878,0.3270881,0.91481376,3.7030299,0.6779407,1.2248155,0.12530771,1.1299113,0.22708021,0.41344845,0.35243014,0.7286456,0.2334227,0.17651367,0.49425077,0.6178526,0.00038852263,0.96345806,1.1441586,0.32334086,0.022468003,0.31555438,2.0302498,1.6004994,0.076221906,0.11962473,0.82886076,1.5085735,0.4361734,0.13634975,1.5379633,0.12518343,0.42953694,0.9225317,0.33388022,0.02664017,0.16747923,0.92382437,0.6172289,1.1968704,0.36650822,0.5097037,1.1842539,0.91720235,0.22240578,1.6043025,0.35754675,0.008984103,0.074451394,6.5731173,0.2251543,0.025651133,0.0,0.46431756,0.117225505,0.055249136,2.1162713,0.03409864,0.17030293,0.44708407,0.37293667,0.1629344,0.060866866,0.05965987,1.170857,0.16973051,0.3364618,0.5633074,0.68036497,3.9812143,0.88167936,0.15902662,0.49322155,0.5403835,0.07529781,0.4865368,0.6795838,0.38192308,0.34382972,0.14440708,all_pothole_images\pothole_images_optimized_image_130.jpg
0.92525166,1.0852203,0.5237362,1.4547253,0.613851,0.51980066,0.42135894,0.06368543,0.0,0.4388801,1.0025854,0.27143526,0.33490387,0.67455167,0.0061568124,0.12276924,0.029436814,1.0348172,0.1474992,0.2701748,0.3708774,1.263285,2.4576387,2.2896314,0.32941645,0.5777054,0.005640086,1.3026729,0.14013171,0.30764166,0.3692326,0.022206878,0.5906317,0.6828425,1.2618364,0.29288906,0.47749597,0.7764092,0.08886373,0.04376765,0.0,0.05605131,0.78942037,0.7290532,0.9358075,0.05723531,0.8475675,0.07066003,0.0,0.13582167,0.30270693,0.3128523,0.85244596,0.23518994,0.24287498,0.6668201,2.6637902,0.0984395,0.039283376,0.6243047,0.08194397,0.7463949,1.0487596,0.59459156,1.2261667,0.648123,0.08858412,0.35264426,0.15850787,0.37827626,0.20971766,0.380952,0.101498514,0.24690208,0.10213124,0.002230178,0.049496707,1.187996,0.0,0.3864363,0.066217065,0.2543316,0.1691738,0.9753097,0.12081881,0.6958772,0.0,0.09081005,0.79051566,0.32311407,0.2692399,0.88647705,0.12834889,0.02084143,0.06355682,0.028463406,2.5839846,0.999626,0.24478327,0.23430571,0.14587978,5.180615,1.1584004,0.0,1.6683949,0.3935485,0.009353894,1.2962116,0.13793574,0.4748994,0.03265901,1.3272192,1.2806095,1.5460888,0.038184635,0.69577765,0.44569057,0.017735146,0.5879384,0.76799226,0.9496771,0.25854272,0.3199973,0.8648927,1.4537457,0.56344396,0.7607157,0.61888134,1.8323809,0.17605612,0.4965634,0.1151318,0.23931912,0.5666689,0.15432045,0.8542124,0.0,0.47873357,0.46764374,0.012028536,2.5945475,0.37667072,0.564933,1.7470638,0.2741109,1.0474619,0.06004547,1.830583,0.00040990204,0.0,0.53438264,0.8849769,0.4789318,0.019204846,1.865538,0.39617997,0.6296057,0.087961264,1.224564,0.2986049,1.5903854,1.1649863,0.08294914,1.7810558,0.16896035,0.0,1.8836919,0.23391645,0.43950608,0.902831,0.41055804,0.23510204,0.00027623324,0.062232874,0.65659875,0.13104346,0.40087718,0.0,0.07751572,0.26716697,0.42223474,0.4437691,2.5070152,0.94131297,2.72706,0.0,0.04305679,0.11581889,2.0516279,0.035001785,0.5069241,0.30381867,0.32290497,1.4928068,0.10532857,0.17735392,0.4518698,0.37968713,0.31322888,0.5924283,0.44095144,0.49077588,0.76088846,0.10024309,0.3771655,1.5339622,0.9786218,0.19738407,1.4613264,1.6243098,0.0,0.56827605,0.097173765,0.43578765,1.257848,0.16028683,0.7652729,0.4024246,0.21800788,0.018741122,0.13271223,0.31855732,0.54772377,0.026923947,0.0,0.029055074,2.96171,0.047606826,0.7582097,0.110493295,0.24626227,0.0,0.24361703,0.5903903,1.3361071,0.0,0.9573431,0.022253681,0.25440112,1.3552989,0.58487904,0.15091959,0.6622539,0.21264401,0.107141,0.0030911458,0.69605505,0.28163356,0.2562164,3.332635,1.9766994,0.13153301,0.14844677,0.07189305,0.020557106,0.5696986,0.3447454,0.11074724,0.025792584,2.310371,0.41152316,0.026842952,0.009500765,0.23457567,0.58903515,0.061759077,0.3503477,0.74991876,2.91261,0.0053707487,0.08732306,0.056475844,0.1366878,0.62426734,0.18915164,0.1083286,0.26888013,1.0248178,0.402168,0.753991,0.9760236,0.07331001,0.17266726,0.9126367,0.11036397,0.0048262607,0.18061018,0.010500574,0.21296075,0.7190601,0.91062164,0.09877397,0.05382285,1.4112371,0.06435502,0.65549093,0.37936708,0.06231617,0.10536059,0.7998406,1.026992,0.3778927,0.0,0.041770678,3.5198338,0.2717902,0.0011653389,0.14601372,0.00673933,0.074778266,0.09116522,1.366451,1.8846065,1.007925,0.67739016,0.59404004,0.0948678,1.3041471,1.4638017,0.5484001,0.43282676,0.04445208,0.54467404,0.285713,1.7818702,0.37454736,0.76024383,0.2140175,2.2761703,0.06547274,2.6209025,0.038621977,1.2948537,0.0,0.0033571348,0.124087304,1.1137059,0.22745934,0.16269957,0.25596854,0.29466775,0.23804049,0.7503677,0.18065593,0.2380331,0.2216642,0.66058755,0.14734384,0.009673457,0.3521944,0.10830624,0.47992253,0.22112529,0.07007586,0.54496545,0.41972405,0.20534453,0.56123966,0.0,0.5838997,0.15770692,0.6105596,0.47899413,0.5492688,0.0,0.03027239,1.0626289,0.55095506,0.7499205,0.0445765,0.37333292,0.011019687,0.41321334,0.22031705,1.7353456,0.12120495,0.110442095,0.4062972,0.8840013,0.6129187,0.11532174,0.0,0.04958497,1.1377219,2.3774874,0.121735126,2.0669951,0.020052928,0.0,0.15787101,0.17866208,0.48488113,0.016807102,0.45744672,0.11789902,0.13319942,0.15780133,0.0705753,0.11534975,0.6297728,0.35096732,2.0567017,0.7937966,1.265106,0.113606334,0.52601814,0.56410354,0.324276,0.6245533,0.4015319,0.088033564,0.5355311,0.050115474,0.2293993,0.01560429,1.385848,0.6932887,1.6131006,0.89534026,0.12117437,0.23344027,0.8682737,1.8274666,1.4394233,2.204161,0.30278602,0.9092422,0.97888416,1.5926374,0.1965046,1.1081166,0.4965026,0.0,0.041442655,0.14675206,2.0538294,0.68060774,0.6185497,1.6496495,0.55200094,0.32208773,0.56011474,0.20462596,0.13188402,0.012393864,0.06658417,1.2702475,0.6915942,0.11747961,0.9520037,1.4961822,0.2905094,0.55335903,0.1636005,0.13291128,1.0328492,0.5284845,0.004585108,0.3883342,0.59793365,0.6373134,0.40266487,0.4439961,0.15668792,0.5554994,0.00060493517,0.0026020834,0.0,0.4414437,2.431712,1.467767,0.13922967,0.16013332,0.81375414,0.6565829,0.09286481,0.9635989,2.0205846,1.7173287,0.3363387,0.49781674,1.2648401,1.1918815,1.1990197,0.0066967295,0.3921251,1.8531712,0.030349027,0.33718175,0.033117417,0.17880216,0.8832609,0.0,0.4716084,0.0013582443,0.013509424,0.86041135,0.00044736385,0.3880967,0.03169733,0.21547236,3.6446931,0.6191448,0.67290825,0.0,0.47377995,0.18878917,0.11032496,0.17934717,0.3896535,0.3556812,0.03369496,all_pothole_images\pothole_images_optimized_image_131.jpg
1.0738814,1.810708,0.9533056,0.78116614,1.0617865,0.37914112,0.6452985,0.34921536,1.0565546,0.28671548,0.13152704,0.060301676,0.6262632,3.9870212,0.082953215,1.0942421,0.33067143,0.45813727,1.1696603,0.075996466,0.27434245,1.2134739,0.18441856,0.86980796,1.060269,2.018527,0.6389184,2.2175446,0.5722382,0.38481078,0.110217415,1.0782497,0.9692931,0.4191377,0.0,0.6098837,1.2441561,1.3067291,0.4081267,0.03721195,0.7463114,0.53616726,0.753039,1.8565614,0.05082566,1.3850867,0.5666393,0.120708406,1.2627498,0.52680624,0.255634,0.14251819,0.70258117,0.9469911,0.03953722,0.67983234,1.4285527,0.0,0.57504886,0.46087894,0.81721723,0.11315502,1.3196732,0.29055852,0.676354,0.58158225,0.20060015,0.28614342,0.44228777,0.79257184,0.2146281,0.009799595,0.094299935,1.19168,0.69992584,0.6757348,0.8212073,0.78809845,0.84202355,0.4560356,0.1715209,0.21058841,0.22303227,1.5820801,0.04220243,0.8113587,0.5142033,0.19097552,2.0636988,0.061302867,0.93792176,1.0754629,0.14730269,0.71145576,0.44877654,0.48826605,0.8432925,1.5206118,0.48307902,0.8531611,0.21857893,2.7394178,0.39150542,0.010697584,0.53333575,1.0102036,0.6207237,0.5091027,0.0028182773,1.364908,1.2233435,1.2673558,0.38587454,0.11079309,1.5545511,1.1979005,1.0631158,0.9720068,0.77875787,1.3701975,2.2899938,0.13598055,1.2948875,0.6854128,0.45659283,0.6759359,1.2939632,1.0443863,0.9090057,1.3496776,0.7279899,0.6321967,0.2982549,0.7514644,0.29196241,0.3581815,0.5248338,1.3188093,0.4744113,0.67821455,1.4152938,0.0348124,0.06761487,0.7740749,1.9540578,0.5983159,0.41765586,0.97288954,0.9703482,0.4951803,0.5599955,1.2276456,0.3928695,0.8978232,1.7534039,1.2166755,0.91206294,1.3881661,0.57779187,0.4744495,1.6122919,0.52065235,0.31031173,2.7559133,0.25804156,0.33546233,0.36869282,0.7273937,1.0451057,1.6848979,1.5318466,0.6792759,0.04557731,1.3670036,1.2982411,0.029614575,2.7823918,0.61022043,0.23288703,0.39517123,0.113670655,1.225297,1.4833114,1.1470472,0.82750607,0.6416782,0.9271826,0.6443851,0.19893366,0.7602475,1.8618019,0.46479377,1.461959,0.7583596,0.2607287,0.026472684,0.255849,0.28163356,0.83644134,0.17991695,0.45462394,0.6069309,1.2599169,0.49745706,0.51212835,1.3647153,1.4442852,0.39791402,0.14329334,0.55804896,0.7212074,1.2740701,1.4953258,0.46671224,1.3825711,0.5269788,1.2639246,0.31480652,0.5936485,0.26996922,1.3001013,0.5841776,0.69385105,0.49734816,0.19256864,0.013741542,3.0677676,1.3667883,0.9379789,0.9517431,0.9848119,1.1637905,0.570726,1.5259817,0.54127574,0.3057403,0.8928318,0.514141,0.17199539,0.48002288,0.7901292,0.3104178,0.4302274,1.3687396,0.18500425,0.114329085,1.4704299,0.05541444,1.3836789,1.5516126,1.9336782,0.008325326,0.19133888,0.5438329,0.13858975,0.4814291,1.9356893,0.29627013,0.10737423,1.3024485,1.4038925,2.2506266,0.4920306,0.7148221,0.2872083,1.908073,0.033310864,0.5309134,0.46798196,1.7936264,0.60144854,0.8390339,0.28081754,0.6154877,0.06072169,1.3334057,0.7961998,1.1128939,1.7428609,1.0565193,0.0059358985,0.31827414,0.40547326,0.7073991,0.7692595,0.05248682,1.4239157,1.6461092,1.8586812,0.30309626,0.8905045,0.20749737,1.416537,0.10708542,0.47355413,0.40047595,0.66876906,0.13480523,0.5006102,1.0388957,0.34855372,1.0189338,0.26960072,0.24000628,2.8319287,0.20619622,0.29387605,0.7035828,0.2675328,0.12253626,0.8939441,2.199541,2.2608938,0.23007344,0.035351433,0.18524173,0.36152032,0.372196,1.0540045,0.69600576,0.44889653,0.38801908,0.6030089,0.25289986,0.67900646,0.111174904,1.9809704,0.6982163,0.85135734,0.69998014,0.7975531,0.3051568,0.17824219,1.5495311,0.5521927,1.076066,1.9245954,1.1506497,0.15228865,0.63104767,0.6507766,0.7992519,1.0429336,0.24289656,0.20976754,0.1278651,0.083093025,1.0532905,0.88063765,0.96471334,0.13933118,0.7016994,1.0845212,0.22940286,0.34061372,0.22143504,1.2117841,0.8696728,0.44901982,0.3584473,0.9784008,0.13960028,1.5852953,0.5384342,0.22824575,0.44830748,0.95492136,2.3013985,0.0057333335,0.33828446,1.6578186,0.6458381,0.83369225,0.8126812,1.544384,1.1417183,0.028729796,1.8305992,0.74792105,0.9696162,0.83202195,0.1575624,1.4949076,0.8143581,1.7653465,1.5747358,2.5263093,0.42156094,0.63318354,1.2676789,2.4584696,0.8234922,0.38990533,0.5515097,0.33785293,0.050731014,0.9938109,1.2860615,0.33076367,0.87801677,2.8644135,0.6815081,0.81861967,3.0681744,1.1989914,0.29269356,0.41261548,1.4564993,0.98568195,0.045522794,1.0324177,0.31771913,1.3409947,1.0383785,0.62851006,0.07343273,0.43780524,2.1334496,0.9049758,0.8172379,1.3261617,0.37385634,0.7253273,0.2856098,1.8915675,1.0795331,0.7771133,0.34929812,0.23812434,0.29237753,0.9315531,0.9118137,0.44926366,1.6695781,0.35951924,3.2435338,0.55209273,1.5794114,0.10911792,0.8190921,1.1267853,0.5882534,0.587893,0.34416464,0.155423,0.03696737,2.1720216,0.4240759,0.6780277,0.34898812,2.1284494,1.2371805,0.25016612,0.2525784,0.6876745,0.9900884,1.6046145,0.3508413,0.41536883,1.285316,0.498484,1.2908374,0.93184584,0.84936583,0.19740379,0.7236496,1.7253903,0.6797069,2.8810372,1.5888875,0.08953939,1.1146436,0.5385672,0.28649208,0.29723966,0.25606757,1.0342644,1.2387519,1.331559,0.50102645,0.5936152,1.7940546,0.0657251,1.9806603,0.0541696,0.4849362,1.2895229,1.3031818,0.7854155,0.577448,0.30952382,0.23548752,0.29057986,0.18533617,0.028965268,0.060623962,0.51531225,0.10551768,0.4463416,0.44599387,0.66009736,3.3099377,0.3812955,1.5682485,0.0657886,0.08262998,0.26497358,0.9305539,0.7155025,0.1823808,0.7587294,0.50245285,all_pothole_images\pothole_images_optimized_image_132.jpg
0.0,0.2587938,0.07025386,2.1577916,0.19596697,0.0,0.031521678,0.0,0.38755316,0.032588754,0.18667202,0.037574235,0.0,0.31282163,0.6395724,0.21473674,0.16456877,1.339291,0.6560468,0.7728819,0.35942054,0.1120637,0.46131265,0.62261856,0.7942403,0.03706966,0.078131944,1.8287228,0.04467411,0.08249648,0.29546785,0.0,0.040326368,0.51960725,0.026482947,0.35270235,0.12328445,0.5696567,0.23608725,0.11593883,0.029501691,0.49952838,0.43958607,0.3829862,0.35722405,0.01950002,0.08580543,0.48253623,0.36021614,0.408916,0.028473817,0.75584424,0.10061891,0.30603874,1.1237662,0.07258333,0.2896352,0.064705186,0.020525662,0.43077895,0.04209237,0.04538549,0.3378072,0.4130378,0.311875,0.44328514,0.023269229,0.0,0.52590704,0.25255698,0.21705905,0.62218785,0.11106457,0.0,0.0264917,0.00040253488,0.0,0.33314195,0.0,0.1071058,0.0,0.21728732,0.59914154,0.8425696,0.16029733,0.013696651,0.010721907,0.053114295,0.5682004,0.27329895,0.06842666,0.36579302,0.20175768,0.45520902,1.0617001,0.15883833,0.27390873,0.5479069,0.18243039,0.64333516,0.14051843,0.118015826,0.14652207,0.35417983,1.9833894,0.21839805,0.48101196,0.0035630476,0.4251675,0.719571,0.13876107,0.23550746,0.043317657,0.22580777,0.30017552,0.028637763,0.0047661494,0.055587094,0.632487,0.59540606,0.8620787,0.032784253,0.13688245,0.35075673,0.5561517,0.5555447,0.041376084,0.02011376,0.051379472,0.6409017,0.0065901466,0.06670645,0.07248745,0.15141246,0.103591196,0.5090694,0.29816347,0.23765935,0.0,0.0,0.07292623,0.059063695,0.7291286,0.49056008,0.0,0.19295353,0.0,0.6297396,0.28782648,0.16448414,0.39415842,0.074457385,0.0,0.5270979,0.83983713,0.042695384,0.0,0.039743543,0.15243132,0.7122171,0.75037307,1.5898814,1.6522415,0.2838758,1.0760233,0.27340168,1.1819254,0.014632923,1.8162595,2.5409338,0.015164713,0.13179278,0.0066537578,0.0044628,0.11550608,0.09914192,0.030021867,0.0,0.29550153,0.34452966,0.037479028,0.9189351,0.02623555,0.028253866,1.1629331,0.3677495,0.014584963,0.060503874,0.014267636,1.9985547,0.037422743,0.053820077,1.0183316,0.06631668,0.20437568,0.10323973,0.9842377,0.0416232,0.7311834,0.03615829,0.47140738,0.008784283,0.39249158,0.20062834,0.05922081,0.0575206,0.034655195,0.00842196,0.80573475,0.7770155,0.0,0.6843951,0.21107204,0.0,0.8395867,1.1457078,0.02708029,0.22528446,0.18554395,0.38667843,0.49284485,0.26672593,0.75886565,0.0018928037,0.09070945,0.12789415,0.34541002,0.62310016,3.3633509,0.16601746,0.004665002,0.007227816,0.7548972,0.0,0.5191643,0.016062146,0.67094195,0.025298785,0.050270088,0.019506877,0.7859378,0.60841495,0.6294489,1.5567756,0.017491948,0.037976157,0.75421256,0.55674213,0.8485739,4.024638,0.58557045,0.09760152,0.0,0.0048464253,0.109085575,0.40043473,0.658697,0.40401652,0.070028156,0.4986874,0.09949919,0.40146902,0.8232976,0.14375693,0.011387314,0.52796364,0.19038388,0.072104275,1.8238317,0.057629555,0.19433777,0.2847606,1.3034859,0.0067598172,0.49478036,1.3958356,0.0,0.81104153,0.026752608,0.007511364,0.051875632,0.09708093,0.29237062,0.0009812049,0.26864967,0.19442318,0.38078377,0.110612206,0.07044684,0.06756737,0.03756275,0.13107696,0.0792447,0.06594975,0.53449285,0.58920234,0.0,0.92279536,0.12145818,2.3141408,0.7863867,0.23373093,0.048701063,0.005910627,3.0134542,0.00096093403,0.7722009,0.015997302,0.44173762,0.017751485,0.12645915,0.27163938,1.4489092,2.380133,0.06685977,0.17074896,0.076914,0.4000626,5.1011863,0.38689315,0.09691738,0.30952868,0.022114197,0.14266968,0.66681904,1.366888,0.9224444,0.0,0.0,0.0047402573,2.0450928,0.041375544,0.23640399,0.54121894,0.104490995,0.0,3.338789,0.9706558,0.21234386,0.67152256,0.0032816394,0.0022095381,2.9143271,2.9340696,0.4238879,0.0,0.054075353,0.40307823,0.046439473,0.50974137,0.061903846,0.3954355,0.04404973,0.12073378,0.09881319,0.15057175,0.0,0.9379949,0.121589765,0.3096979,1.0313971,2.342913,0.16324985,0.12045768,0.10773914,0.0,0.17280045,0.027137965,0.0,0.18012443,0.049318224,0.0042134672,0.036627285,0.20379563,0.19232394,1.3586335,0.24567904,0.1323766,0.06848759,0.24786843,0.61577004,0.035650466,0.09517781,0.29042423,0.43065026,0.0023251784,0.5795067,0.41038123,0.0,0.26663873,0.12797005,0.29325655,0.10349458,1.4198518,0.0,0.28170604,0.9693619,0.23739596,0.645374,0.2938609,0.43584713,0.40972075,0.02757953,0.0,0.6640092,0.23870058,0.31313822,0.058068343,0.818066,0.35503292,0.012796109,0.45302704,0.001397041,0.08883478,0.05651654,0.1741535,0.52700025,0.39207903,0.5145252,0.022743512,1.011737,0.12192157,0.27981412,0.79063755,0.37014443,0.0,0.016698701,0.0040338305,0.005514183,0.4426181,0.04703668,0.3331238,0.22709188,0.0024041985,0.40654695,0.36363867,0.022426972,0.020209009,0.69788116,0.05194239,0.21822329,0.0005677102,0.07662192,0.1895606,0.007505204,0.0747673,0.30966258,0.7675191,0.1218667,0.03318564,2.4721844,0.3923565,0.084481634,0.010634896,2.1618493,1.4380465,0.0,0.033147912,0.012270759,0.35533604,0.96912545,0.0,0.6141742,0.009789093,0.08527953,0.055796545,0.13623501,0.0,0.04852692,0.79401565,2.9265392,0.6838448,0.016783675,0.0015726136,0.42685723,2.2985103,0.0,0.23374297,0.15383431,0.93595743,0.16257298,0.36827904,0.49008882,0.014050903,0.19937913,0.16307887,0.14992416,0.08228798,1.5156689,0.0,0.0,1.2937567,0.14982635,0.04142626,0.0,0.06942355,0.013030662,0.015769834,0.05875268,0.13591802,0.17885195,1.0621783,0.46024236,0.5403066,0.31890705,2.6649122,1.5906999,0.62900287,0.3608447,1.1196454,0.020719683,0.18195838,all_pothole_images\pothole_images_optimized_image_133.jpg
0.68102294,0.76044804,0.8838723,2.126095,0.15516442,1.991091,0.62814355,0.38378498,0.25139555,0.042439267,0.024071552,0.3679361,0.89219475,0.28486967,1.3819026,0.35510385,0.02511182,1.0608064,0.35087216,0.24520162,0.6711905,2.3077521,0.104067214,0.094611354,0.38475424,0.23799096,0.27242276,1.3799857,0.30902535,0.3099897,1.1057216,0.8361288,0.57904863,0.5144242,0.2674637,2.201367,0.43281975,1.0471934,0.5927485,0.53627115,0.12910466,0.106141984,0.7867959,1.6004069,0.23955858,0.0014370458,0.33287176,0.13520432,1.0344708,1.1050683,0.2904427,0.78309983,0.37288898,0.6722832,0.1928277,1.4109232,2.4965794,0.45709267,0.73289067,0.13402137,0.14067537,1.0081176,0.3719378,0.1457696,0.31162584,4.31541,0.31549236,0.17785901,1.4884243,0.03789434,0.20556551,0.6457161,0.9269502,0.83376503,1.4080724,0.95799893,0.08192171,0.9947631,0.21795505,1.0306219,0.42106843,0.0,0.2557099,0.22857296,0.853965,0.087224714,0.43065253,0.7833132,1.9610034,0.114300616,0.43648976,0.03876243,0.17179005,0.10579968,0.3418632,0.0069808434,1.0253053,0.4764604,1.3869523,0.6797045,0.09060442,1.4693354,0.5317693,0.018913612,0.4192532,0.16149364,0.25636327,0.30057287,0.18188262,0.21784706,0.0028828972,3.0800507,1.2446355,0.6688901,0.75425005,0.1927771,2.030396,0.30987257,2.2214365,0.99449044,1.2197001,0.87867504,1.516653,0.024364734,0.39031154,0.89397234,0.5249283,1.6773193,1.4344337,0.1624345,0.23544963,0.1553869,0.2773192,0.019897332,0.13655534,0.42377624,0.70389324,1.7385979,0.37618676,0.046085823,1.005664,0.27481437,0.08247246,0.3714943,0.9681694,2.0278127,0.0013009801,0.16839716,0.17309862,0.56686246,0.7644094,0.45363337,0.07049145,0.03153182,1.0764691,0.8889805,1.510379,0.2930233,2.31271,0.33051535,1.2079322,0.19081639,0.04290614,3.461118,0.19151825,0.56015086,0.14991598,0.18310948,2.5484521,0.13543716,0.0,0.15772991,0.015036878,0.09233778,0.6376152,0.4597509,0.1500053,0.0209993,0.7102499,0.36848924,0.0,3.8419495,2.7024496,0.41829905,1.9242426,0.37561467,0.06384485,1.1798719,0.88225085,0.72242874,1.3083056,0.37617376,0.0,2.6646476,0.052284263,0.19112778,0.15212637,0.59417784,0.5009984,1.1629196,0.8176743,1.2526517,1.1797147,1.3496363,1.6950247,1.007896,0.051365443,1.7278327,0.33937988,1.4255172,0.13913597,0.07190515,0.9090917,1.4385438,1.4051447,2.2529614,0.47794792,0.2571896,1.2206403,0.44187877,1.0227271,1.6541946,1.2360356,0.9676006,0.26926407,1.2569621,2.8147178,0.1800908,0.0634592,0.024096215,0.24555282,0.57466745,0.0030059556,0.11283205,0.3386281,0.102311835,1.5489178,0.036257766,0.4287759,0.5412784,1.0156684,0.48236302,0.37107086,0.030952811,0.09242612,0.047460053,1.1120241,0.082651675,0.3933537,2.8466334,2.891952,0.51067483,1.6222649,0.5686135,0.21120395,0.62477744,1.2344486,0.42691422,0.45459086,2.9150844,0.09499038,0.30780864,1.5332501,1.3038949,1.0656072,1.1110601,0.886098,0.8896904,0.48605767,0.6767131,0.05054648,0.039109014,0.08697813,0.39833504,1.3724875,1.1930102,1.2119342,0.5147168,0.62615687,0.7545605,0.021353824,0.0024041412,0.13474528,0.13147734,0.2930978,0.2479722,0.4140277,0.16939019,0.83106387,0.3344134,1.1547635,0.198208,0.46994153,0.42273274,0.04390068,0.2260678,0.39069346,1.8170635,0.7325346,0.2673245,0.59752333,0.4590906,0.93213075,1.9830437,4.031506,0.6110518,0.068701304,1.5344833,0.6115416,0.90710586,1.7592652,1.4988456,1.9163545,0.6256244,0.14125028,1.5637596,0.044181522,1.689937,1.0951792,0.44985262,0.098262645,0.0,0.060495697,0.11109951,0.793719,0.49980304,0.998238,0.00014605031,0.75272655,0.36599243,1.6096319,0.376154,0.2982582,0.2848639,0.21512213,0.22052221,1.551291,0.6191331,0.43816963,0.38444728,0.17573707,1.580572,2.15216,0.29823855,2.1912289,1.4249076,0.9850286,0.017542576,0.2667645,0.6911169,1.5033538,0.37594834,1.0798671,0.00959044,0.0368044,0.23236662,0.65344656,0.75990564,0.7218553,0.6795274,0.041365582,0.18970321,0.5132637,0.5171254,0.14534418,0.11172361,1.8169873,0.021430563,0.5399129,0.0007091607,1.8093165,0.34803116,0.6950025,0.0008373573,1.1839353,0.18974082,0.5875124,0.2876784,0.8516248,0.07255962,0.15017015,0.045787595,0.48202795,1.0816902,3.345139,2.3714535,0.50408727,0.0001032029,0.85970396,0.3868977,0.29736966,1.9124833,0.5269579,0.96095306,0.28604436,0.059128698,0.9126359,0.60725766,0.22035809,0.33340836,3.9325948,0.3738023,0.21938896,1.0342872,0.43240565,0.14184909,0.16073751,1.3193474,0.04879712,0.117323756,2.4583275,1.4426082,0.89624935,0.78010845,0.051185306,0.024439808,0.70866966,0.34692776,0.24671751,0.0,2.5713198,0.12140209,0.03785447,1.0560868,2.7565343,0.10815395,0.24781084,1.9539853,0.0,0.9899742,0.18885386,0.96108025,0.560341,1.0456661,0.42996207,4.174751,1.0510279,1.3415682,0.08204181,1.3634136,0.58366936,0.9765041,0.84554136,1.1152564,0.578431,0.0,0.06986931,0.312609,0.08188095,0.38071722,0.36746013,0.66620344,1.2375169,0.8947844,0.6107195,1.4127153,0.87595147,0.08571383,1.2606212,1.6739558,0.51427823,0.42099965,1.4438845,0.21111551,0.7494912,0.56188613,0.43744433,0.29293865,1.3053875,0.18323421,0.92190707,0.7228382,0.5991274,0.2387633,0.282094,0.0055411826,0.7029607,1.6578758,0.33089897,0.16865686,0.31190082,3.4292364,0.83050585,0.44591752,0.006216606,0.14174914,0.34543985,0.19724461,2.4424667,0.39962554,0.14631048,0.4880988,0.6213829,0.45209813,0.21962655,0.8545972,0.071211,0.2044917,0.080253564,0.24304004,0.83622617,4.394767,1.2604115,0.34348488,1.1280539,0.31538817,0.03070012,1.1240989,0.187352,0.9120721,0.56613815,0.82065225,all_pothole_images\pothole_images_optimized_image_134.jpg
1.0258436,2.1892662,0.7574064,0.61543006,0.30467883,0.77520525,0.7371815,1.411788,0.7711742,0.55456096,0.19320948,1.4642882,0.036990818,0.028893868,0.15804072,0.24068166,0.19759913,0.4733513,0.69326437,0.196771,0.15163456,0.833308,0.6858328,1.411449,1.1790015,1.1371248,0.17861927,1.6898911,0.038419623,0.072525956,0.47443685,0.15010937,1.5989751,1.7301513,0.88511825,1.252908,0.8904079,0.9542176,0.7205732,1.9546312,0.28989866,0.11488557,0.50965214,0.32010365,0.45507213,0.8492057,0.40705895,0.0038689717,0.47946298,0.8070003,0.6978779,0.69361544,1.4957215,0.109196216,0.21006031,0.4981832,1.4245135,0.5100769,1.2386744,0.7504248,0.6358061,0.110610746,0.5895934,0.8306738,0.34107098,1.0486063,0.18874244,0.57644093,0.043037374,0.33073983,0.22049771,0.51276433,0.56062937,0.23913029,0.85635465,1.4324368,0.4493275,0.46108514,0.033699706,0.27391446,0.9021038,0.8646462,0.5687946,0.50097924,0.38672385,0.6409198,0.21969713,0.13187474,2.8204894,0.5895132,0.062414285,0.24686657,0.39355615,0.06554221,0.2530434,0.47540778,2.2062037,0.98529714,0.34537864,0.1375088,0.25981557,2.9721522,1.6657075,0.01797347,0.80731887,0.32574132,0.1541804,0.81386876,0.85332674,0.8533671,0.42602238,1.8967189,1.3726832,0.47337323,1.6904194,1.74015,0.96420074,0.5014785,0.2978878,0.88448566,0.8789648,0.40077275,0.45433095,1.3993114,0.29225639,1.2342664,0.07055534,0.5121477,0.9332015,0.23646615,0.66459274,0.4954204,0.035255183,0.07767405,1.234557,1.4364213,0.005522093,0.6690555,0.41538307,0.26676786,0.6705788,0.27292344,0.34225124,0.7460784,0.91595006,1.6967311,0.18047062,1.6827831,0.14062577,0.5064945,1.2495419,0.9385758,0.012884833,0.019502666,0.63834035,0.3046566,0.52274066,0.0115349805,0.8861075,0.104893826,0.72748595,0.32682145,0.09697448,3.3758068,0.4174155,0.09966081,0.669406,0.7320901,0.42202973,0.6327508,0.2271208,0.6744698,0.3184113,0.07865645,0.6923397,0.71963173,0.5070438,0.11013782,0.07534381,0.2937433,0.66542244,2.1468122,3.0125158,2.3148212,1.499465,0.2132603,0.04862179,0.30648956,0.7548384,1.2818875,0.70928067,0.046522494,0.034069017,1.7508388,1.1378868,0.2904472,0.92255044,0.019438531,0.7127449,1.1661218,0.31174597,0.9173456,0.3940842,0.26107788,0.34609985,0.493851,0.42970783,0.4797753,0.5771601,0.57266754,0.06918258,0.07105377,0.61321783,1.0537243,0.53690404,1.0850662,1.3497238,0.094338804,1.5338268,0.5912329,1.8471298,0.1522835,0.02977482,0.9569598,0.007354321,0.9226141,0.75080156,1.6052487,0.18381369,0.9919721,0.7063143,0.6504411,1.1228482,0.050023373,0.4180266,0.0085314745,1.5605353,0.17382164,0.07465475,0.072377406,0.533788,0.26083753,0.95154417,0.2039869,0.3634967,0.07490493,1.1828439,0.07698646,1.2449546,1.9130301,0.8162929,1.5478696,0.23218536,0.38976833,0.05573845,0.86090344,0.7216508,0.15760665,1.5329739,3.2430806,0.6278957,0.08409559,1.1695938,0.5831405,0.47283354,0.440375,0.9684096,0.62910396,2.975091,0.4410571,0.10260731,0.0013542272,0.4649268,1.2793822,0.94329846,0.897414,0.6911164,1.5752441,0.47599363,0.8904743,0.051666375,0.403795,0.37312052,0.5080976,1.1654403,0.10031922,0.6366869,0.62905616,1.5984652,0.09960006,1.3132654,0.19580401,0.5900724,0.50405395,0.54649967,0.11497511,0.49244466,0.14957783,0.6631394,0.44833046,0.47980055,0.39020094,0.3469785,0.5098528,2.7969532,0.2993679,0.051881984,0.3508623,0.17350003,1.2209327,0.3999877,0.83823353,2.5285964,1.1346166,0.42638084,1.5233507,0.019641895,1.0839846,1.2624173,0.581804,1.0261,0.010766589,0.38108557,0.0,0.59507895,1.1710212,0.32109576,0.81698686,0.74664545,0.47339422,1.5605546,0.3120978,0.18297479,0.04092886,0.36616898,1.3081553,1.5912563,0.0,0.2116777,0.5993959,0.4841096,0.6100058,0.29761678,0.13895361,0.6006944,0.029907012,0.6165568,0.017286148,0.030957567,0.2397423,0.21370666,0.69745153,1.2395393,0.1652681,0.56385964,0.009838817,0.8996977,0.8682444,0.18476085,0.5924442,0.64470476,0.62846047,0.08233666,0.9310164,0.005235525,0.36489168,0.39924487,1.260164,0.64801973,0.7212395,0.8628994,0.938835,0.18492931,0.70679563,1.0987127,0.24933997,0.0049639605,0.59714895,0.39969042,0.33536255,1.7273053,0.3925368,0.13188216,1.0296562,2.0156498,1.413172,2.4106526,0.45224565,0.23558387,1.1799768,1.7521176,0.3678579,0.3206972,0.14734313,0.05983558,0.043713816,0.9117087,0.4394336,0.07405468,0.083288856,1.2785045,1.7497106,0.07072021,0.46235532,0.054490123,0.4018272,1.0830027,0.573557,0.05672245,0.5707034,0.87974155,0.99678206,0.29311076,0.29116255,0.059310764,1.3763521,0.613795,1.120193,0.87146443,0.023885595,1.5491523,1.0481844,2.4320788,0.46884474,3.1147802,0.31930205,0.553877,2.6474059,0.7514384,0.55007106,0.36063752,0.07203129,0.095172316,0.23702465,0.06367747,3.070685,0.6440549,0.16442677,0.57769793,1.1628015,1.2164451,1.0815505,0.42453805,0.3396716,0.21228918,0.07266556,1.9098771,1.3422287,0.37357363,0.37354854,1.125487,0.8989821,0.8049103,0.55565196,0.83027524,1.1499403,0.57035047,0.437243,0.26447102,0.6188096,1.3561399,0.5491176,0.67202246,0.33772704,0.39712334,1.114408,0.09258383,0.0,0.48814806,1.1741122,1.5192548,0.38437682,1.1931905,0.3289824,0.61659926,0.26168,0.49484524,0.38223547,0.24392048,0.27451494,1.7501959,2.561461,0.25845188,0.1268006,0.0029017737,0.307402,1.4928486,0.14730655,0.63140994,0.34210312,0.79911196,1.986031,0.0,0.7536322,0.43718994,0.07533165,0.27239862,0.10571935,0.29627106,0.23757009,0.921047,2.1273818,0.61498207,0.58916456,1.3188035,0.41891736,0.060032107,0.856781,0.79874104,0.9584338,0.8799493,0.31755847,all_pothole_images\pothole_images_optimized_image_135.jpg
0.15478365,1.3023155,0.33692718,2.750927,0.2994196,0.35855827,0.33609936,0.36936378,0.19918385,1.4651794,0.51563483,0.63445055,0.60741293,2.7742577,0.047310747,0.73065513,0.5529274,0.0,1.0510861,0.1956805,0.5423196,0.46929628,1.6441559,3.3533537,1.0293541,0.51493853,0.43897033,1.4472078,0.6853944,0.25543427,0.64105374,0.0006900431,0.022600796,0.6262629,0.82339257,0.95946205,0.4416654,0.6563067,1.6738465,0.2168631,0.06431779,1.2532911,0.9477341,0.43430087,2.393835,0.061131112,0.08265085,0.0626782,0.8126859,0.07053343,1.592927,1.0442017,0.23065409,0.42241675,0.0,1.2543609,1.5876764,0.42180797,0.66685957,0.7685865,1.3212723,0.5805118,3.2369857,0.84471804,0.9458936,0.36082286,0.7229645,0.18210125,0.8164104,0.28704578,4.6204085,1.1494588,0.42344582,0.2152082,0.33248052,0.6734399,0.4049767,0.60551155,0.71685344,1.9074948,0.04840056,2.5653768,0.78835607,4.2594695,0.12742051,0.21073368,2.0644724,0.6073693,1.7999011,0.86058563,0.54173726,1.6108032,0.49869642,2.905824,0.22541982,1.602964,0.37641132,0.8027782,2.0335634,0.88746476,0.07157214,1.8199173,0.6121949,0.41817364,1.1670552,0.17536688,2.9384441,0.20751832,1.9540405,0.0904693,0.8706903,0.85610104,0.539357,0.9454799,2.0723846,0.51467645,0.2187603,0.22921601,0.11546507,0.18010005,1.7997162,1.2999214,0.26634914,0.7589663,3.030062,1.7494013,0.027672729,0.30388233,0.36656633,0.37255463,0.07571071,0.71531993,1.0719181,2.3003864,0.3436357,0.5130951,0.9884243,1.5435302,0.8956252,1.156687,1.1182077,1.1868229,0.28590366,1.8411516,0.5641602,0.3332222,0.4547013,0.41696712,0.38435572,0.0057175444,0.20866472,1.0234584,2.2393186,0.04730207,1.208243,0.6701769,1.8030034,0.66743934,0.07075257,0.8029915,1.842622,1.7122927,0.11072664,2.9159284,3.526697,0.11298049,2.5345998,0.6813446,0.7002627,1.4413823,1.7623721,0.17653427,1.4173571,0.4256143,1.3340979,0.592565,0.6939825,1.1503218,0.11026279,0.36939564,2.0422926,0.42343444,0.5277471,0.4287242,1.9372696,1.449298,1.8587506,0.07334256,0.90928864,1.7767662,0.68720704,2.5384872,0.56617534,0.36241063,0.78543246,2.5105622,0.8831033,1.0394439,0.14398709,0.27241915,2.4341478,1.23064,0.14615533,0.16209249,0.89989907,0.058674116,0.25779697,0.1178554,1.1620352,0.3461229,1.108792,0.30310914,0.141112,1.2611648,1.669559,0.21913862,0.6380546,0.20182371,1.2325894,0.47979382,1.5665574,0.0,0.7754761,0.043739993,0.49595034,0.92058575,1.0025898,0.3167936,2.3614516,0.7362484,2.832899,0.97437793,0.8821476,2.151386,0.0,0.6141253,1.55963,0.015931271,0.1502568,0.24250941,0.1924505,0.23711869,0.004472051,0.05812856,0.7089902,0.3991,0.38439256,0.42378962,0.049250893,4.906455,0.6712108,1.0083827,0.0136786485,0.3843306,0.5888662,0.0,1.0656224,0.37180403,0.017982217,3.9627268,0.56369084,0.38574994,0.5385895,0.10079594,0.2518448,0.002291922,1.1503198,1.6529638,2.054779,0.0012928557,0.7689583,0.006856384,1.9286295,0.780167,0.16809833,0.3831363,0.54146254,1.297644,0.20801345,0.39615616,0.9904623,2.4633284,1.3180768,1.2865024,1.4870695,2.0139713,0.88263667,0.7297545,1.3606355,0.29273465,0.06526473,0.373955,0.20607458,1.1925567,2.4185815,0.7228921,0.65263397,0.23974478,0.9769347,1.3357699,0.067360654,1.298771,0.26589435,0.067347124,4.9455633,1.1140774,0.28839386,0.014039717,1.0119385,2.3932588,0.12565784,0.5922188,3.3912692,0.37606475,0.45873946,0.7797554,0.8709398,0.39717692,0.88588846,0.1475932,0.4698271,0.44822845,1.066389,0.13642095,0.14676781,1.2681662,1.9279424,0.14599836,1.0503174,1.1586509,2.580338,0.08586538,0.06458981,0.07086705,0.0197589,0.25557008,1.4591575,0.07484051,1.4421246,0.13580054,0.9400172,2.0341964,0.7191821,0.13677336,0.40220144,0.112763785,0.97211033,0.1362907,1.0911275,0.89762735,0.43846476,0.022274164,0.11585042,2.5814693,0.6888759,0.28296915,1.7815593,0.80253446,0.21506624,0.017893257,0.14624292,3.3873203,0.50797963,0.1860971,0.018234037,0.7424615,1.2960125,1.0061436,0.14645195,2.1959004,0.46514043,0.20651121,0.123368494,1.3179511,0.27040815,1.8442242,0.6559754,0.17406142,0.48621133,1.3176613,2.31043,0.7598328,0.22465512,0.67867076,1.1924652,1.1533679,3.7167149,2.5781462,1.3328689,1.036413,1.2086997,0.037954245,1.1456797,0.104907975,0.12280609,2.1755924,1.1239704,1.3282981,0.0,0.17146379,0.5148653,1.6069622,0.037835836,0.5953896,0.579551,0.374378,0.6574852,0.8084849,0.055278353,1.0789689,0.18999697,0.22490801,0.10867243,0.15404224,0.85860443,0.20010403,0.17801782,0.737906,0.1774979,0.6531375,0.39511406,0.24788624,2.7250957,1.5875571,3.3768547,0.44842663,1.0586389,0.84385365,0.60209495,0.6870065,3.9298322,0.68345344,0.1578595,0.45847172,0.21577647,1.9512787,0.3249055,0.5850823,0.57587516,2.687368,0.28573403,0.6496017,1.4191852,0.19743043,0.4554568,0.02045907,2.1208475,0.6447591,1.3945557,2.3624208,1.8809968,0.89893353,0.37998214,0.016109755,0.8735504,0.9107946,3.1865022,0.22718865,1.1915725,0.1956196,1.0748146,0.4637444,0.019461298,0.8601937,0.9626473,0.09719017,0.5463208,0.20590569,1.5486042,0.55037457,0.5939977,0.056837294,1.7726178,0.13361333,0.088700175,0.27574196,1.7089127,0.0043417118,0.21938692,0.118862435,0.24822013,2.1478736,0.55498654,0.18024293,0.3266967,1.2662419,0.19369513,0.660734,0.5008313,0.033564117,0.34456015,3.0745413,1.0830151,0.01666268,0.16698903,0.7778811,0.16352466,0.6313662,0.72627676,1.2465134,0.49540648,1.9600245,0.022542097,0.11644036,1.3622149,0.020989643,0.91968465,1.666786,0.372303,0.04805352,2.192695,0.19948764,all_pothole_images\pothole_images_optimized_image_136.jpg
0.0,0.24358802,0.35915643,1.848493,0.10611857,0.0,0.21737312,0.0,1.3649286,0.16639926,0.48406842,0.1735651,0.0,1.6113144,0.001913637,0.41596627,1.1512887,0.023727776,2.038217,0.17748098,0.007845999,0.081523485,0.35501966,0.018844755,0.14795093,0.44036663,0.05453026,0.8481354,0.20266807,0.0,0.0,0.02109635,0.031608064,0.006061926,0.0,0.6698121,0.0,0.06071396,1.0299726,0.0,0.0,0.0037872423,0.23591614,0.29056233,0.33501515,0.024945881,0.05192857,0.09333609,0.052620113,0.7606106,0.014551815,0.06887566,0.05368505,0.45606655,0.40493804,0.5977575,0.11019723,0.035288475,0.8803516,0.26245752,0.00032990015,0.032856606,0.0018099849,0.031415425,0.1645215,0.6148057,2.2313373,0.00042581238,0.08731106,0.005791961,0.0,0.016609559,0.15373322,0.0008535321,0.08541581,0.0,0.149113,0.2592663,0.07556292,0.13585569,0.0,0.36987743,0.0032862688,0.88722587,0.0,0.0,0.31829962,0.16996169,0.11481833,0.23540054,0.026202282,0.029781813,0.008688312,0.0,1.1483123,0.0,0.5504469,1.7321275,0.0980814,0.033636685,0.0,0.7931218,0.07764306,0.0060121,0.7333637,0.3949486,0.018170828,0.0,0.009242298,0.013489707,0.15594116,0.156202,0.017522275,0.09641291,0.543603,0.0,0.123490185,0.3210346,1.5154871,1.313223,0.7112053,0.0004783011,0.043862555,0.20025866,0.22428699,1.5997896,0.29117456,1.1043791e-06,0.024695491,0.0032210404,0.0001671833,0.24152604,0.39394292,0.32817432,0.0017573372,0.034500573,0.024693388,0.052876726,0.0,0.006392716,0.0117938835,0.043528095,0.20721368,0.007107439,0.020837476,0.19161908,0.03248842,1.3655945,0.4102609,0.027275436,0.057329148,0.15844966,0.04571036,0.09749351,0.59842664,0.2806308,0.2905192,0.07306315,0.023154736,0.00017413679,0.89213765,2.259295,0.013078273,0.6012401,0.09095861,0.0,0.0,0.029107051,0.0260018,2.9539402,0.0,0.0048604333,0.11446803,0.16105652,0.19331232,0.35190636,0.06919024,0.05272734,0.0014227198,0.010302482,0.08640945,1.2461498,0.25429562,0.75358105,0.0076888395,0.77512777,0.02000452,0.0696842,0.30098698,0.40920374,0.0,0.5141613,0.07375322,0.249063,0.14237729,0.0,1.0287039,0.09235783,0.24961957,0.4390835,0.0,0.2529806,0.039705947,0.040375113,0.7213987,0.07914001,0.0,0.114303045,1.2719271,0.19812898,0.042424254,0.003071246,0.14121303,0.08842818,1.1329195,0.50600773,0.08333937,0.480495,0.2997859,0.48450693,0.0,0.6067594,0.43710405,0.21800266,0.0,0.0039030965,1.2022872,0.034424957,1.6469347,0.37936762,0.06341048,0.015937338,0.020711549,0.27959123,0.20027207,0.006747068,0.4819414,0.05731788,0.009998864,0.1376754,0.31253555,0.28236926,0.052924387,1.3823655,0.08751587,0.0,0.16141953,0.03934182,0.24653174,2.6309545,3.572788,0.0,0.0,0.16946812,0.013150009,0.40533832,0.017534176,0.3110101,0.03789926,0.46158653,0.07152559,0.0030997142,1.1068248,0.066651545,0.11182064,0.03680317,0.8081473,0.029156705,1.8115271,0.003618289,0.0,0.0,0.496739,1.0196406,0.1269714,0.39896315,0.0,0.060149193,0.0,0.029493809,0.15687735,0.32847008,0.8770064,0.08018555,0.017541023,0.20212516,0.14043882,0.005326778,0.27551872,0.01231631,0.0,0.14300416,0.056859355,0.09488723,0.05583826,0.73455757,0.0,0.017278634,0.0,2.128935,1.6069404,0.12504242,0.000507875,0.01643837,3.1619694,0.02414358,0.28019685,0.6455641,0.191056,0.014573817,0.9079325,0.1117934,3.3210552,0.87597936,0.2334032,0.5830349,0.0,0.6083692,1.0343691,0.08150516,0.40189812,0.018461533,0.20588154,0.13726145,0.14071766,0.09125134,0.10016118,0.0,0.01535426,0.06416503,0.5026413,0.012674421,0.031005694,0.017466318,0.12874994,0.017761923,2.4752383,1.0334777,0.20305341,0.019060116,0.27906227,0.08954809,1.0235196,1.7942995,1.7442019,0.41317165,0.039696317,0.017768312,0.0,0.4015936,0.05534661,0.14937294,0.059341017,0.16503292,0.11547362,0.43510225,0.06454326,0.3790294,0.7025057,0.009475793,0.33388406,0.8821012,0.55933434,0.102698274,0.09767104,0.0019851194,0.3388217,0.019570068,0.057524666,0.08584147,0.799813,0.0,0.17390367,0.029419485,0.015622565,0.012837741,0.015141005,0.0,0.015949622,0.13609836,0.35077825,0.0,0.48288438,0.16802134,0.3792347,0.025435379,0.3545574,0.24426962,0.29247934,0.7550011,0.8255331,0.0,0.27258784,1.952761,0.044979166,0.3916036,0.71209294,0.1321099,1.1317956,0.018556587,1.1566322,0.29370415,0.08863482,0.069682054,0.8402436,0.045263458,0.49938175,0.25793666,0.7547181,0.35742164,0.45782784,0.07561241,0.3718987,0.3397082,0.0,0.1358163,0.004762497,0.16688228,0.29705855,0.0,0.33817863,0.0,0.25189123,0.7571958,0.47595027,0.055691544,0.64883995,0.0,0.0,0.010827716,1.4749395,0.18070431,0.21141846,0.13637811,0.4567508,1.6189556,0.05161976,0.002993757,0.0016346732,0.15258992,0.023892658,0.115782626,0.25557,0.0,0.04071304,0.041892927,1.0691513,0.4004235,0.09250785,1.1814762,2.9173644,0.22457679,0.49166164,0.3694451,0.12685023,0.9710444,0.026086584,0.08856959,0.031155642,1.2475588,0.7239979,0.0182043,0.0025483444,0.0,0.13726246,0.111887425,0.17133203,0.0,0.03317419,0.7169165,0.051125214,0.03661406,0.2905529,0.039149467,0.034211863,0.003612632,0.4709103,0.48068127,0.30831927,0.7949937,1.1492202,0.3685242,0.74594045,0.0051381458,0.035423934,0.0059160814,0.13780217,0.024271592,0.77683306,0.024971394,0.55417556,3.3424697,0.13637497,0.038583644,0.0,0.04626173,0.023442073,0.008573371,0.0,0.02370768,0.26281583,2.9214792,0.026358048,0.016045323,0.010885849,0.055961534,0.48298928,0.087772,0.54246694,0.20853326,0.1639218,0.19618753,all_pothole_images\pothole_images_optimized_image_137.jpg
1.0292333,0.8214082,0.62752056,2.062089,0.14722365,0.46138903,0.20387454,0.00797394,0.8033712,1.1032304,0.44738606,0.36183816,0.11116944,0.7916062,0.045384698,0.0068309773,0.32279822,0.95464057,2.2461429,0.13848186,0.48142502,4.506225,0.21022107,0.6648998,0.32478333,1.1370752,0.15482387,2.5574105,0.13364133,0.42111143,0.84176344,0.034595635,0.19487429,0.23207304,0.53782946,0.94568014,1.9946127,1.1938379,1.1309892,0.113255575,0.019141592,0.0,0.41335556,1.0943577,1.0948714,0.019070335,0.1281494,0.04153308,0.36666718,1.0761211,0.99284774,0.20569381,0.45444235,0.00073522615,0.1951574,1.6211629,1.0140938,0.5356829,0.5378349,0.9628381,0.35268286,0.5629808,0.7393368,0.26648295,0.7968217,1.504032,2.2100885,0.012112356,0.52814543,0.7611579,0.43530336,0.12978539,0.77292085,0.1132786,0.3265615,0.36576352,0.09050761,0.67610806,0.61531425,0.2634696,0.42540562,0.07263159,0.0,2.8025565,0.12290285,0.013259437,0.017387198,0.2862402,2.1909103,0.4838781,0.40200144,0.89631754,0.44172046,0.28542814,0.23736401,0.019697424,1.2076359,1.2558132,1.3519903,0.4282302,0.40446153,2.113814,0.8299906,0.45638433,0.07426723,0.6067929,0.5485315,0.041013103,0.481665,0.17277157,0.0,2.3085265,0.09055009,0.10546723,0.74403155,0.3083658,0.6666912,0.14894268,0.7679437,0.7013177,1.747898,0.62152946,0.12462989,0.6334882,0.34313253,0.78182685,0.84673476,0.21145411,0.75977856,2.2516365,0.32374963,0.05715584,0.12052594,0.22904119,0.57414985,0.34189963,0.1912107,0.7890173,1.029541,0.09844239,0.3384175,0.74366516,0.19308135,0.8796095,0.5604404,0.6641246,0.5213377,0.07771797,0.060516413,0.63210326,0.06312535,0.26906794,0.0,0.06348848,1.8304561,0.5002802,0.25728485,0.38348597,0.05359448,1.6166564,0.60854393,0.6850838,0.57900476,4.5133815,1.0161409,0.21398509,0.4236194,0.047452945,0.583598,1.5151008,0.699336,0.052844275,0.16683836,0.24679947,0.51109314,0.014316471,0.62426054,0.0,0.032194953,0.2769778,0.012848362,2.6091425,0.85865176,0.28579882,1.8372136,1.600447,0.13252537,0.115065105,0.7163307,1.2012918,0.008390525,0.67402214,0.5645261,0.46230862,0.08869928,0.27027765,0.9535418,0.3147249,1.1079907,1.1078079,0.29891387,1.2270174,0.9604987,0.46002507,2.1582966,0.6149645,0.102994956,0.3967991,0.2711077,0.17931525,0.05799613,0.37427303,2.4202154,0.73153013,0.6829178,0.94434917,0.23838562,0.37405208,0.4434919,0.49390197,1.1496335,0.4281358,1.1214362,1.2202907,0.12217792,0.14048414,1.0090258,0.4792745,0.89225656,0.09095037,0.031692393,0.43815932,0.40151533,0.55498135,1.8706906,0.05993881,0.8260447,0.28421128,0.17973067,0.4810617,0.3709072,0.2841071,0.8707209,0.050782397,0.021632798,0.17096624,0.051207133,0.26290768,0.74091494,5.316659,3.0963297,0.08257347,0.11918038,1.1091503,0.052064292,0.27002072,1.0996423,0.83498514,0.08310342,1.7020469,0.21373972,0.0967642,1.4341857,0.26393127,0.06863681,0.9180863,0.45811844,0.081629686,0.85456645,0.04495977,0.4283229,0.40594992,0.21027102,0.19265865,1.2335876,1.0758926,0.42463,0.41845122,0.026150405,0.31344175,1.066552,0.06453641,0.23173049,0.45163578,0.8444638,0.41735622,2.237574,0.5681035,1.8996385,0.30092293,0.0,0.079502776,0.03847397,1.8768481,1.1674815,0.006295467,0.5573246,0.5324999,0.18647587,1.6072001,0.9095563,0.5831745,0.095047794,0.8416992,2.5186117,0.0044715116,0.37542418,0.75263494,0.25500342,0.114957444,2.4960463,0.12452351,3.6700857,1.4595178,0.02864107,0.48251045,0.06287519,1.1819559,1.9605628,0.3180901,0.08678596,0.0,0.82744426,0.060670033,1.18946,1.4261185,0.4287012,0.012543631,1.3199706,0.010968546,1.6730326,0.62954944,1.3866068,0.6747559,0.07753053,0.85285187,0.45964757,1.5169196,0.6599165,0.87244505,0.2673681,0.2759515,1.9418007,0.18766451,0.5073772,0.2731467,0.0,0.4658051,0.13911705,2.005791,1.1556826,0.039303005,0.23885088,1.5987474,0.012005823,0.3074559,0.6932856,0.7616658,0.9269288,1.1031109,0.0,0.15646906,0.67745256,0.10463068,0.05058088,0.118332595,3.5545585,0.39027438,0.04435733,0.5429255,2.4546173,1.2293673,0.6632301,0.68039936,0.14135872,0.09812275,0.0009616961,0.10320696,0.68551534,0.673362,0.4575726,0.16239952,1.1203035,1.4057075,3.3426208,0.2488165,1.5078025,0.12145116,0.13922165,3.972095,3.0186412,0.8129238,0.09890091,0.9911664,0.41967958,0.24916072,1.6130114,0.40823302,0.18206388,0.027764129,4.694642,1.236162,0.20619123,0.36319795,0.12741122,0.018973377,0.42852134,0.32278845,0.3184049,0.4391101,0.725011,0.2672407,0.7501053,0.88751507,0.026839308,0.5656921,0.36675456,0.33432147,0.49996036,0.61143136,2.2880497,0.19761778,0.5794366,0.691459,1.2989367,0.8248569,0.12916788,0.4429894,0.17915297,1.1693314,0.43409106,0.0,0.5926264,1.6995713,0.6202599,3.0896597,0.57892823,1.7910143,1.9319744,0.023160506,0.8338981,0.053403083,0.6021825,0.4097478,0.5385131,0.0,0.59566945,0.17531072,0.17297727,0.84389526,0.9514249,0.06823769,1.2804228,1.5353298,1.2085899,1.6211035,0.28018776,0.55407685,0.60307115,0.77770084,1.0019433,0.07281744,0.5484303,0.0006027022,0.4290137,0.49503762,0.16275822,0.3850699,0.15115629,1.2728589,0.6913529,0.39768302,0.01431871,0.11518358,0.28856626,0.37532043,0.15063912,0.8476555,3.2362866,0.1464591,0.1417441,3.1126983,0.8418755,0.8151203,0.2966516,0.15052254,0.18592793,0.07046596,0.59491545,0.01147856,1.2331483,0.44167662,0.0017496682,0.051341947,0.0,0.07623071,1.1300801,0.42043856,0.8950403,0.08156969,0.2390829,4.9196267,0.7291851,0.057102267,0.19903265,0.06771208,0.07575335,0.6424616,1.0497177,1.0086807,0.23421274,0.053826984,all_pothole_images\pothole_images_optimized_image_138.jpg
0.0,0.30607158,0.18530798,1.179462,0.048664033,0.24484077,0.12460826,0.037943617,0.06430486,0.6085323,0.37080765,0.087720156,0.0975292,1.6519476,0.3596246,0.0052714515,0.4282355,2.3138113,0.9993552,0.2488031,1.0037299,1.5443832,1.0795202,1.5044568,1.4433955,0.86569774,0.5415073,0.8509909,0.06587891,1.1720064,0.23446271,0.0,0.0,1.1605563,1.4013702,0.95971406,0.31785825,0.89450747,0.4252408,0.16439457,0.12442524,0.03665405,0.5304884,0.9057992,0.4952047,0.119674936,0.12371203,0.083176844,0.57724893,0.23496267,1.4481791,0.88128066,2.10796,0.31301716,0.28381312,0.63450307,0.3923216,0.42998394,0.71565944,0.045084972,0.1324045,0.022197567,0.99350864,0.024757428,1.6325123,1.0071727,0.5476009,0.22671105,0.006361427,0.14246106,0.24424116,0.022064237,0.7300693,0.07582251,1.1104753,0.047694873,0.0,0.6794989,1.0376915,1.1067699,0.0820509,0.05141378,0.3501446,1.0125551,0.10393686,0.39460555,0.03762554,0.039331373,1.1884624,0.58181566,0.7450528,0.52402115,1.6289859,1.4884874,0.22580077,0.07934279,0.69540685,1.6909553,0.8010302,0.07481013,0.41371518,4.2593837,0.4777462,0.021936284,0.12572783,1.0759127,0.07694999,0.26777118,0.27003592,1.0278952,0.35228613,0.7897753,0.4103974,1.1414887,0.2916988,0.088780604,0.9927118,0.6028874,1.3884102,0.7729734,2.2255235,0.8460643,0.28202716,0.8856274,0.8854219,0.40504938,0.011989092,0.27451003,0.36626247,0.25276735,0.12261933,0.0,0.10179698,0.60404164,0.12904821,0.46428186,0.11554014,1.3190304,0.22864583,0.09358772,0.22227484,0.39316845,1.1443417,1.2785838,0.07917877,0.4980228,0.3328926,1.1017009,0.0,0.1568665,0.41375074,0.45674965,0.16912983,0.5791352,2.0032434,0.5085256,0.2901139,0.93791807,0.21678911,1.0793159,2.9288974,1.6823456,0.06858768,3.4440928,0.005280017,0.05881145,0.8771681,0.19534226,1.1640441,2.8649428,0.10215228,0.027070556,1.158735,0.01769404,0.38124108,1.3552669,0.24542944,0.0009766383,0.3837893,1.0721353,2.2179158,3.0231864,1.2717764,0.5169846,1.5738535,1.5339768,0.012278149,0.0010470261,1.0769596,0.24871273,0.15220383,1.1373669,0.64992195,0.38583577,0.9001099,0.30161595,0.36393157,0.24817397,0.31066933,1.6103843,0.78921914,0.80385166,0.69322187,0.6313461,1.1509963,0.5967285,0.07176455,0.61874187,0.9546734,0.70776826,0.18356556,0.12930056,1.2455959,0.35037565,0.24334605,0.0805945,0.5600188,0.44346797,0.4902368,0.20364745,0.2669528,0.32325402,0.30278367,0.60641325,0.0,0.04271506,1.6486284,0.2440168,1.8455979,0.0972521,0.48784173,0.23449238,0.22726151,1.5458002,0.3720296,0.0,1.1953092,0.56745464,0.11033713,0.109456316,0.8119375,0.09308535,0.88738936,0.3359182,0.60600513,0.16591072,0.17105414,0.06386894,0.70749205,4.561489,1.8619248,0.48064476,0.1133841,0.5365975,0.047624636,0.38357493,1.0235224,0.77355117,0.19715145,1.2953569,1.0238233,0.8455271,0.07598633,0.049601536,0.25867036,0.008034007,1.8458121,0.6143596,0.45041218,0.5382144,0.40829182,0.000969142,0.6474413,1.1461308,0.010263163,0.44382742,0.09979404,0.37908578,0.14386985,1.0173838,2.4101014,0.18753886,0.30009803,0.00546571,2.3473306,0.4014831,0.75122637,0.33750686,0.86578345,0.10524683,0.08805086,0.4043435,0.0012912885,0.8390979,0.8433778,0.051348466,0.48928735,1.1787395,0.02487267,2.77486,0.5569219,0.6960509,0.11562576,0.024016993,2.6118023,0.42363,0.016793922,0.021532651,1.5520463,0.12540607,0.6150496,1.4289504,2.6743667,2.261879,0.23592027,0.14548482,1.4279096,0.77191365,2.1817474,0.0083145285,0.10169244,0.029792491,0.27110577,0.98229665,0.7947366,0.5691808,0.27451605,0.6193987,0.115480706,0.028675787,1.1428314,0.46432525,0.20255637,0.94532984,0.003363778,0.6776849,0.3140663,1.6264799,0.84172827,0.47297293,2.7174869,0.34242502,1.4428096,0.4575839,0.8122976,0.80478245,0.3064872,0.121236384,0.44096273,0.58267015,0.06321696,0.35947457,0.1563623,2.0770435,0.33767018,1.6991295,0.35454723,0.26948142,0.60075355,0.5475498,0.36876988,0.49218616,0.09573784,0.5092068,0.42210007,0.00971534,2.2383504,0.48878548,0.32228896,1.0421934,1.5137401,0.7000791,0.21009071,0.55422336,0.38174433,0.21028417,0.000103945684,0.24703541,1.0867858,0.5692178,0.21287744,0.11991555,0.09507039,0.4208014,1.5002785,1.0240139,0.82958937,2.4759047,0.029826967,2.0368116,0.57508874,0.41476864,0.23108643,0.63177514,0.08035166,0.5738155,1.5130503,0.25007737,0.21870445,0.016544107,1.4678886,1.8314972,0.49112988,0.0050624805,0.43054613,0.0,0.1700527,0.39708585,0.34444466,0.16243294,0.2734316,0.015261881,0.80028266,0.32466432,0.14885852,0.35766277,0.18306722,1.7042753,0.48657164,0.36192617,1.2956047,0.21393223,1.0789645,1.326679,1.212866,0.5402453,0.6607254,0.68064475,1.5015123,0.19211154,1.2952209,0.2644179,1.3053865,2.041048,0.88366073,1.5708283,0.18216018,1.0562042,0.27061564,0.015338665,1.0129579,0.016461156,0.06303906,0.17211542,0.37010092,0.18909712,1.0327723,0.49819222,0.32349864,0.5247801,1.5345548,0.40546754,0.22405422,0.11619076,0.48221225,0.46575296,0.06108632,0.22316197,0.21051045,0.3200325,0.81851375,0.37341958,0.19078745,0.20232496,0.38086513,0.5227143,0.55961275,0.056221697,0.4512374,1.0654246,1.0794158,0.6335282,0.04508578,0.093794376,1.8152039,0.045626342,0.07661197,0.8489599,1.3792305,0.08469891,0.14317064,1.0748667,0.56158924,0.30461034,0.26785114,0.07036239,0.112786874,0.0057734856,1.4652735,0.039919395,2.2218149,1.1651677,0.053467248,0.07840642,0.033141345,0.2708783,0.42137328,0.019945556,1.0065861,0.027299304,0.41204733,1.7791133,0.7980418,0.33826223,0.75116915,0.55466634,0.10523171,0.91382605,0.09957751,0.40299416,0.045981158,0.11907733,all_pothole_images\pothole_images_optimized_image_139.jpg
0.77135855,2.403709,0.30030468,0.32000327,1.9982444,1.7921622,0.21266696,0.90591663,0.2345145,1.0286046,0.517083,0.06412553,0.13409859,0.45205423,0.37569618,0.46896195,0.60161006,0.16069679,0.6375787,1.3831729,0.56309706,1.8806531,1.9090533,2.4059858,0.21096903,0.29469928,0.010399815,1.5169631,0.53952307,0.3316869,0.99179435,0.2755062,0.1419715,0.42741737,0.87883055,0.67472446,1.4400287,0.86363655,0.1837899,0.6452339,0.056929618,0.6260945,0.22457175,0.8790535,1.5455583,0.0588161,0.44538262,0.0,0.93348825,0.27419055,0.5874987,0.6215454,0.23716287,1.7119788,0.5243489,0.15419972,3.103299,0.01625571,0.5592827,0.4967354,0.8707881,1.0694499,2.8413243,0.16340573,0.2601943,1.2633867,1.1304749,0.25543243,0.9205593,0.2703217,0.5941684,0.8965682,0.38618222,0.1371712,0.41007638,1.4704945,0.033858757,1.3503312,0.7964799,1.3787555,0.046418242,1.1938944,0.48694924,1.9782406,1.9693677,0.28928578,0.91486824,0.6249607,4.215031,0.6477933,0.46192506,1.1794746,0.22953688,2.1547587,0.6421136,0.09621476,0.50567204,1.116296,1.6004909,0.07239249,0.028517261,1.4770744,0.0037286093,1.0763866,0.40949646,0.32647085,0.5987329,0.23841327,0.019592548,2.8850775,0.6847293,3.105686,1.0448976,0.7432783,0.85048777,0.81694776,1.6187612,1.0386564,0.51334465,0.10404487,2.3638792,3.3736317,0.035734553,1.4039658,1.9570129,1.2253593,0.30895236,0.22515553,0.7847738,0.9164385,0.50072336,2.9204426,1.990883,3.086133,0.3216017,1.6147463,0.7875849,0.13469416,0.6677986,1.2989328,1.1925639,0.005552854,0.76681316,1.055462,0.97554386,0.021610707,1.0769893,0.39657137,2.2055476,0.80220145,0.46771216,0.3736472,0.7977111,0.24199362,0.9544598,0.34791976,0.51810074,1.6717498,1.6663835,0.75577295,1.5119209,0.578581,0.20009767,4.7955217,2.1776326,2.820667,1.6765921,0.6730258,1.5957056,0.17580435,0.55947584,0.37864688,0.744074,0.8183352,4.1357126,0.012708597,0.1304511,1.8045253,0.0012120733,0.5510423,0.38264567,0.8149758,1.531362,0.76860404,1.8274816,0.53529745,1.3746444,0.25367042,0.12537387,2.058284,2.1393375,0.9775168,0.2264487,2.7401938,1.7320868,0.49575594,0.2071221,2.1707585,0.111232735,1.920134,0.14206351,0.033595964,0.5861545,0.32619214,0.5400528,0.15158603,0.86779237,0.016312018,0.7877065,0.78467053,0.6600132,0.54907006,1.21553,0.89266264,0.13022314,0.11734877,0.7927643,0.06252715,0.27007702,0.22727372,0.91650903,0.0032684193,0.38264185,0.51039284,0.029121017,1.095681,1.1325071,0.0013064449,1.0031867,0.023204843,0.800835,0.6388805,0.47658935,0.17224576,0.33298054,1.3415983,0.086337596,0.33009088,0.07363815,0.35018808,0.32625547,0.67856735,0.23237255,0.3026096,0.34205833,0.83536965,1.1193626,0.120753616,0.06829592,1.8837949,1.4178778,0.21499859,0.5984989,0.31579137,1.6725538,0.007211326,0.9922142,0.6084735,0.7965713,0.5002097,1.2134452,1.6631829,0.7762991,0.26702294,0.22584924,0.8733142,0.0660992,0.39094204,0.9723993,0.0761612,0.4137423,0.78808266,0.03223772,0.39694306,0.33283335,0.88756233,0.42259082,0.3472237,0.23134302,0.1404456,0.23578218,2.6924849,0.7979867,0.8863762,1.8553631,0.30625057,1.0200634,1.0681499,0.89306265,0.04793779,0.21520017,0.51354253,0.16100138,1.3597617,0.29715875,0.59407765,2.3659358,0.5387547,0.02350086,0.26141432,0.09584376,2.3247068,0.1162727,1.1842623,3.8064876,0.6087394,0.5177557,1.0486666,0.93272656,1.2439284,1.0960298,0.11796075,4.469339,0.14404386,0.61089367,0.3406979,0.1291165,0.6897357,1.6589915,0.36208358,1.4078883,1.688321,0.0400357,0.06306618,0.07063136,1.5633588,1.0276804,0.4331719,0.882086,1.086504,3.3414361,0.6097949,0.6249296,1.0852373,1.7732372,0.7111964,0.5997712,0.061386738,0.38304776,0.20999628,1.3485286,1.7921728,1.2768724,0.019304749,0.024355313,0.32044607,0.6856824,0.1455679,0.34581998,0.16660888,0.12903652,0.6712022,1.1668341,0.22208464,2.7321808,0.31983984,0.8694204,0.14096604,0.12272603,0.03145422,0.21788143,4.246523,1.2655938,1.2184052,0.33869582,1.1206352,2.1613202,0.9227079,0.16562305,0.71121216,0.90786296,2.1477902,0.18983558,1.0095319,1.7028632,1.1068661,0.81319773,0.42999914,0.0,2.335679,0.35100925,0.7686212,1.2635397,0.9642258,1.6748184,0.35591576,3.4719274,2.6113446,1.6524653,1.1747724,2.1182933,1.1714782,0.031040497,0.7619141,0.0,0.994192,0.21647912,0.8801644,0.12694448,0.052055903,2.126244,0.92909485,0.18002601,0.96459204,0.15056545,0.0,0.30006176,0.6031184,0.22006933,1.8255851,0.08446423,0.31804,1.327128,1.2795018,0.0016316684,0.99527484,0.7995497,0.8479099,0.81355107,1.4484841,0.6852502,0.28533456,1.8181713,1.5777267,0.6912804,0.5635987,1.3646978,1.3422079,0.884514,0.3311732,1.8030398,2.9100325,0.508897,0.31176794,0.12842041,1.7783489,0.44787344,0.575457,0.45324644,1.5928494,1.7296237,0.007852534,0.012268087,0.06525726,0.025483474,0.5979535,3.2519615,0.021937234,1.4903728,1.2210056,1.2196333,0.20503914,0.9380585,0.908155,0.73395467,2.0020955,1.9011419,0.08953283,0.23063132,0.083630346,0.6194071,0.112270184,0.72640157,0.070032984,1.2460895,0.4316937,2.012016,0.6808357,0.49363118,1.4478878,2.0313451,1.1105486,0.5250669,0.2661898,0.7935776,0.40431824,0.42076713,0.59017456,1.1735952,0.44713724,0.84697676,2.6331735,0.7378899,0.8951542,0.012954459,3.4925668,0.797301,0.3347871,1.2022758,0.15554656,0.9087738,1.7397325,0.10942883,0.0069850474,0.7517464,0.34926787,0.5720966,0.16456205,0.10332098,0.8502258,1.1189623,2.224067,0.5418786,0.05524845,0.64122707,1.9291791,0.0,2.7421165,1.1122156,0.23393042,2.2974424,0.12639184,all_pothole_images\pothole_images_optimized_image_14.jpg
0.31969446,2.9195664,0.20609096,1.5449265,1.4266913,1.0356709,0.3254937,0.7033189,0.20042622,0.8757249,0.20655279,0.3769858,0.52227336,1.9672389,0.1739432,1.4527698,0.86362547,0.25560734,0.90765226,0.3945034,0.0,5.302313,0.14575633,2.541542,0.11837441,0.43359762,0.11168192,2.0624363,0.051869363,1.1588221,0.36189553,0.08389535,0.21988806,0.33262938,0.6891294,0.5107738,0.7435287,0.030241068,1.0930508,1.4783828,0.06519135,0.06181744,0.24407332,0.24533945,3.831652,0.17579259,0.2099071,0.0,0.97777766,1.1398212,1.0264571,0.14999053,1.8043916,1.3169281,0.5189199,2.2283888,2.0317295,0.11481435,0.47163844,1.0653058,0.1838496,0.0,2.721402,0.08392292,0.4122307,0.62954444,2.4047117,0.086014286,1.788885,1.3066528,0.4285107,0.9666223,0.046250097,0.031034075,0.7169785,1.3757433,0.72364914,1.0332966,0.5763311,0.044387545,0.11452249,0.503583,0.36551416,2.7945375,1.0221689,0.2595342,0.6400159,0.13803774,3.6495936,0.33965126,0.14136674,0.73653287,0.35010388,3.1673,0.8873677,0.20360218,0.4319813,1.0630418,0.07286188,0.5093779,1.4363419,0.77679396,0.36397868,0.111466646,0.2640312,0.15992987,0.17720433,0.013614851,0.14041767,0.060160276,1.5244194,3.643937,1.610431,0.05625286,0.47369146,0.6614314,0.34678704,1.1701632,0.70707715,0.28104353,2.5424302,1.8460774,0.42293918,0.10329369,0.28210932,1.8342032,0.03212204,0.9237195,0.082723,0.8532112,0.46716714,0.0020578909,0.39995962,2.321161,0.8625512,0.40138462,0.8912977,0.6368829,0.573936,0.43026066,0.8003833,1.6124247,0.081146374,1.6916541,1.661366,0.5262538,0.83500797,0.18425237,0.99092346,0.5807104,0.25728872,0.9456159,0.7953693,0.11408658,0.93656087,0.029273096,1.7300533,1.4192268,0.42213568,0.25462085,0.9288209,0.30009738,0.703045,3.3538263,0.20688492,0.17094895,2.147347,0.19083124,4.0210476,0.075375505,0.39933687,0.03790233,0.99276227,0.9439124,2.026757,0.42375985,0.7577708,0.4353377,1.243088,0.8587162,2.0243142,0.70811623,2.7175205,0.015983764,2.272465,0.057247296,0.037642185,0.09915772,0.22139817,1.0367378,1.6849576,2.7225263,1.0064532,1.2088625,0.38847747,0.23894975,0.034580015,0.38606104,0.19768193,2.7579956,1.2182916,1.1016071,2.0391095,0.9458235,1.8604532,1.1473788,0.08154635,0.0794119,2.2897568,1.7844266,1.0885093,0.23623809,2.9991245,4.122725,0.47871023,0.65511423,0.7925174,0.36834136,0.27849475,0.3387673,0.4154526,0.27242872,0.65008646,0.98769903,0.0,0.53975624,2.1566424,0.038270447,0.7487153,0.040402237,0.5131992,0.7083745,0.5419295,0.15281007,0.5575188,0.24117076,0.70219576,0.09219432,0.03287413,0.13339698,0.44570836,0.583227,1.5806072,0.07303924,0.43833712,0.43574527,0.5332185,0.043372583,0.35693148,2.876918,1.6994759,0.043777805,1.0571191,0.0020459555,0.18529189,0.0774668,5.402011,0.83170265,1.0308092,1.6159172,0.8441789,1.3890312,1.8968784,0.034197804,0.48835543,0.4495889,0.80462444,0.4549214,2.0468163,0.31088233,1.7212954,1.5518653,0.88318455,0.04348531,1.2192296,0.7020587,1.4303327,1.1020643,0.19055313,0.7397875,0.64844817,0.3366755,0.38323104,1.6063706,2.7517712,1.1393739,1.342576,0.9491651,1.8065263,0.21551058,0.02538104,0.3134935,0.4110453,0.5009163,1.1318239,0.50181806,0.64330417,0.4729171,0.50970703,0.20971543,0.033072937,1.5129348,0.21593243,1.5403596,5.4984703,0.15093745,0.38939652,1.4217155,1.7208782,0.0006594685,0.27579504,0.7513533,7.0500875,0.6887269,0.9333944,0.87341243,0.54165035,1.8546011,0.16116282,0.042349737,0.24190448,0.42260677,0.015582651,0.87145597,1.5460756,1.7684195,0.3559526,0.5322854,0.9336597,0.6372488,4.640894,0.53903604,0.08342519,1.5215002,0.6287056,0.45395768,2.2059567,0.7776581,0.85975444,0.6942661,1.4159801,2.4602518,1.8692693,0.2395196,0.7788611,0.6652038,1.1088444,0.1802144,0.34686112,0.90594167,0.45414898,0.41671446,1.7514743,3.4153829,0.96964216,0.1813583,0.59099185,0.8653265,2.023867,0.0018346277,0.0,0.5475995,1.5885102,0.34631628,0.2313134,0.102082156,2.4328027,0.35210583,0.156153,1.260765,0.45712084,1.6512691,1.6270936,0.105639264,1.6509349,1.257346,0.016042313,0.27241105,0.24458586,1.6400952,0.095374845,1.0294563,0.58976096,0.8295289,2.5563385,1.0598958,2.856282,2.2145915,2.6566477,1.4297398,1.2252686,0.13254684,0.70382315,0.8763296,0.25392342,0.6716731,1.5086042,2.054282,0.8788701,0.24667566,1.4031568,0.21541661,0.53606015,0.34972763,0.27011496,0.007203494,0.5113637,1.2538799,0.21646927,1.7619324,1.0107205,0.47431237,1.4535637,0.72284985,0.11462709,0.032543954,0.7484691,1.914409,1.0579926,0.0011500774,1.2599849,1.3866873,2.545456,0.043649595,1.5305916,1.1137284,0.027306352,1.8182852,0.8120629,0.53676987,1.15492,1.4317863,0.21560666,0.7863956,0.16787319,2.8617811,1.7426778,0.33712313,0.3844984,2.7050653,1.4160799,0.23534304,0.88306737,0.041286536,0.43787748,1.5281693,3.461109,1.0341305,1.2895948,1.6499919,0.2027573,0.47818497,2.5555964,0.53176016,1.3339353,1.0677087,1.009025,0.23136331,1.7871314,0.6635351,0.5092525,0.25028905,0.15642719,0.53847337,0.9455196,0.9875504,1.3693508,0.36377734,1.3815907,1.1304743,1.3763179,1.0345975,1.217389,0.71098876,0.73612666,0.28731203,0.23139188,0.3663166,0.71651846,0.45563763,0.9009421,2.6059632,1.3500777,0.74745065,0.0,0.9109818,1.6607265,0.13450053,0.5715718,0.0,0.7703047,1.7788225,0.07422174,0.0,0.69976807,0.36741897,0.85471994,0.5907508,0.38072687,0.4595237,0.06297403,4.535765,1.4617474,1.2022966,0.50103194,0.42563355,0.0,3.0247436,0.47029147,2.6290114,0.83709604,0.14432666,all_pothole_images\pothole_images_optimized_image_140.jpg
0.95358944,1.0670319,0.0,3.072115,2.6370008,0.6961162,0.02090758,0.016237715,0.32171884,1.1791757,0.6906227,0.5245066,0.08490254,1.8460466,0.6887176,0.28555465,0.5486777,0.26468343,0.8202355,0.08186127,2.213151,1.119492,0.51575845,1.3068384,2.1457672,0.06264987,1.0427169,3.422793,0.9330903,0.22937891,0.5912285,0.6808362,0.5146399,0.6720002,0.12840901,0.86895144,0.7972921,0.6708441,0.59797794,0.58598495,0.0,0.06369306,0.27092883,2.1189797,0.8003779,0.29166257,0.06751623,0.49097294,0.48330072,0.22764754,0.5911014,0.8926726,0.014592228,0.024343634,0.44114536,2.4421086,2.3007207,0.5447435,0.06873396,0.0932476,0.13358442,0.451504,0.48886976,0.044927564,0.8958341,1.2049816,0.11373352,0.0,0.13943297,0.006338364,0.13535623,0.20719992,0.4010985,0.95896786,0.40129286,0.5390273,0.10759443,1.1867764,0.0,0.2951434,0.0024683455,0.3762787,0.18546247,1.7745962,0.2303123,0.22701769,0.3556348,0.01782265,3.2388356,0.16096322,0.44602036,0.009303083,0.019679917,0.43367654,0.096776746,0.16209301,0.6008274,0.039926227,0.53186446,1.3430371,0.14407681,4.8413196,0.24756463,0.16923538,0.90567046,0.006979613,0.4513237,0.4891925,0.33073813,1.0048373,0.020782758,2.241931,0.82793236,0.84775424,0.46987432,0.7418577,0.925367,0.22804555,0.719562,1.76244,3.1827397,0.81404746,0.09464048,1.9407936,1.0825964,1.6188036,1.223421,1.5753558,2.6132078,0.20584418,0.43499655,0.0044983453,0.028660493,0.3430448,0.82246363,1.2766583,0.53210115,1.6276684,0.16273579,0.013731436,0.6181377,0.31936777,0.17252101,0.6543557,0.3954674,0.86415386,0.050031647,0.97122854,0.13195013,0.043406367,1.1164044,0.9323498,0.19377998,0.20938842,1.1127229,1.3310643,0.275495,0.32451922,0.8692661,1.8060284,3.7589436,1.4128517,0.30505893,1.3102508,0.1763336,2.155155,0.795873,0.37865603,2.8306298,1.3851949,0.03927473,0.0,0.47071066,1.0730382,0.067227915,0.31026718,0.86327004,0.010404545,0.0,0.382017,0.18438601,2.5708067,0.79028827,1.339764,1.7912865,0.5487672,0.18055496,0.7933228,0.13569625,0.67879736,0.0617913,0.48436058,0.21255463,1.0096608,1.3605717,0.3466568,0.89001274,0.39508682,0.86821467,0.34691194,1.0756776,1.7755958,0.3325712,0.5917941,0.19199952,0.16701503,0.531376,0.6773362,0.8288256,0.18557721,0.06864213,0.0,0.27648225,0.7840727,2.4510422,3.1722984,1.1212776,0.21722552,0.86543286,0.19149318,1.5625564,0.0,1.1494981,0.13542214,0.13452148,0.9557137,1.3883393,0.5452149,1.4707434,0.31928295,0.19606924,0.31432483,0.2644604,0.61997026,0.0539112,0.022068892,3.3369038,0.55187744,0.080848634,0.06618452,0.005101353,0.0,0.5253124,0.0030066574,0.8806253,0.03736371,0.43719053,0.18751965,1.0319653,5.30473,0.5945869,0.58987504,0.4322169,0.25813985,0.22591929,0.006921284,0.14499605,1.0970811,0.50338185,3.8597884,0.650104,0.09403496,0.7147859,0.03166844,0.016508548,0.33529222,0.8091762,0.15819317,2.2903793,0.8127603,0.5000221,0.0,1.32963,0.16474074,0.59554,0.43374676,0.21826631,0.18788728,0.6957304,0.9372898,1.2614115,0.8303722,0.7060061,0.4862704,0.5412571,0.76679695,0.60573614,0.5420491,0.27081737,0.589493,0.087936126,0.12841938,0.4727312,1.6007279,0.16889071,1.079006,0.8182215,0.36087576,0.06639485,3.548851,0.47345376,0.088180415,0.001916073,0.8561022,2.9320714,0.10091278,0.91239053,0.012895372,0.38051146,0.17257316,1.1206069,2.3706713,1.9998561,2.0352702,1.2629225,0.58509517,0.0026050706,1.3705846,3.1738744,0.2668025,0.09925881,0.7062094,0.92339635,0.50089425,0.60779285,1.4142873,0.32152724,0.18209836,0.18731813,0.08775788,1.2006695,0.58563507,0.8167713,0.05857379,0.0101026,0.15204076,0.5391038,0.26463887,0.16742824,2.678228,0.04019661,0.59101087,2.6895552,0.3683726,1.4707546,7.668698e-05,0.20920233,0.75699943,0.18927707,0.06916739,0.88745844,0.29994556,0.068243034,1.0213947,0.024699857,0.0,0.557286,1.1563247,0.7451058,1.4356122,0.080972016,0.50623953,2.175544,0.5361743,0.15475832,0.13407338,1.5184851,0.07677077,1.6396166,0.21083058,0.83550036,0.045460206,0.18653513,0.4450451,0.54722935,0.39168793,0.4416004,0.6667667,0.9708104,0.14992867,0.64768684,0.0015527074,0.9928236,0.80816245,1.6528523,1.5767797,0.34363842,0.14818744,0.20701389,1.6218542,0.32127324,0.19480962,0.1004121,0.104984716,0.15039147,0.08587644,2.4500856,0.22900464,0.44052798,0.38983414,0.8434658,0.68588364,0.79519737,0.78361976,0.53242946,0.1668014,1.0028187,0.024986617,0.8541149,0.070489496,1.0274966,0.31577045,0.09593038,0.36341417,0.0,1.1150911,1.8942969,0.17150147,0.39119765,0.016172674,2.8923566,0.21698801,1.0091277,2.4381256,3.085851,0.33865356,1.5989759,0.38184232,1.0859578,1.8587784,0.584286,0.7473557,1.27514,0.38469872,2.4612563,3.6552317,0.64097804,0.19658457,0.40357947,0.1110805,1.5733353,0.28669006,0.063230254,0.100266695,0.070834495,0.06527997,1.4476272,0.95932853,0.064348996,1.6784924,1.3357911,0.1757798,0.56784886,0.31616917,1.1102067,1.497557,1.3889401,0.09976883,0.6152121,2.5286763,1.8873758,0.27104113,1.3837501,0.22916953,1.324769,0.14936572,0.26106158,0.09509319,0.41378456,1.8753303,0.8574899,0.30778,0.06180585,0.5138113,1.678937,0.33148476,0.06977418,1.4759021,0.8554751,0.14952862,0.62127775,3.1062896,0.04466326,0.25487065,0.0794995,0.07801657,0.63082033,0.002372119,0.5533356,0.048675746,0.3922547,2.239213,0.012934188,0.050344948,0.20945418,0.18875308,0.2798488,0.016844602,0.22339727,0.17004387,0.5224221,4.966135,1.6123232,0.9857374,0.57036805,0.9559528,0.16748308,0.6302441,0.08272934,0.5181076,0.5450368,0.30116954,all_pothole_images\pothole_images_optimized_image_141.jpg
0.7745137,2.7152827,0.49237534,1.9524711,1.155306,0.30489576,0.2743196,0.030066231,1.0939363,1.0609266,0.4644615,1.1269363,0.16079009,2.4545786,1.0833844,0.022920666,0.2116995,1.1435329,2.076933,0.6579129,0.8555973,3.169784,0.5151861,0.83851653,0.5734342,0.72812384,3.087176,1.496144,0.08363054,0.9067663,0.55812997,0.56826985,1.1763414,0.57800937,1.663846,1.2406211,0.6826002,1.755923,0.21552722,0.95654345,0.029817553,0.05114486,0.4885521,3.2419758,0.11429481,0.07387288,0.55419314,0.032634728,0.6257193,1.4377428,0.24877581,0.6619011,0.48510352,1.1691523,0.7024875,0.4892086,3.854462,0.13210952,0.78900886,0.26505858,1.3756788,0.4524695,0.84953535,0.36230418,0.32296857,1.7210634,1.337789,0.05601767,1.5011027,1.149055,0.96482956,1.7048743,0.69879735,0.028607221,1.3898414,0.86180663,0.6385391,0.43406987,0.2154205,0.8236983,0.48337522,0.24278083,0.66792,1.8475257,1.3879049,0.6047667,0.2540356,0.12392448,2.101976,0.23440935,0.2877254,0.39164174,0.24097313,1.0355061,0.48546645,0.43018728,0.05161044,1.0584165,0.5757905,0.5915544,0.44186592,1.6100794,0.9309418,0.37010944,0.0072940337,1.3317282,0.21000445,0.17600666,0.21869192,0.7311232,0.70662796,4.822044,0.22336632,0.76105326,0.93928635,0.3626035,1.6001426,0.33892852,2.0028932,0.3436615,1.0456638,2.2007787,0.5082958,1.952918,0.4536146,0.30734015,0.3195404,0.799574,0.106553756,0.81421083,1.7650294,0.7695031,1.877905,0.6527027,1.0735939,0.006246823,0.09624473,0.7957485,0.9742481,0.20728342,0.29348636,1.152057,0.16874442,0.7182673,0.32950565,0.25283614,1.4109479,0.0,0.37793148,0.8595061,0.76650167,0.685114,0.10621928,0.16443796,2.4895759,0.79038405,0.32318702,1.2661064,0.71496654,0.23593485,2.367379,1.0806028,0.5803058,3.8408532,0.107609466,1.4086514,1.825996,0.29707158,0.85833144,0.46317852,0.61871487,0.33532122,0.38646218,0.53423357,0.6164297,0.09304126,0.18344402,0.025256574,0.24741633,0.00791035,0.06435575,2.263045,1.6266948,1.2039863,1.3583745,0.9635058,0.30685306,0.28440097,0.8195142,0.6329786,0.78283197,0.34717712,0.117306784,2.7407973,0.09570583,0.5928919,0.747181,0.88190925,0.34413248,0.543289,0.09353998,1.3249943,0.45614794,0.9261328,1.5544837,0.63271517,0.52752,1.0676384,0.19022694,0.2519798,0.26304695,0.27003115,1.0383052,0.9223597,0.22300972,0.57857305,0.46479148,0.37422997,1.0384033,0.47594193,0.24919476,0.10311852,1.0003186,0.90379727,0.88692474,0.586745,1.7271196,0.5468883,0.6292128,0.9055664,0.34385517,0.8290292,0.42197514,0.0008278684,0.73424417,0.08108784,0.6145878,0.8483287,0.0,0.02256538,0.0682065,0.24605677,0.55503005,0.3721054,0.4249542,0.35635313,1.1940424,0.031413198,0.3418591,1.5942898,0.9144995,1.2512674,1.1312871,0.040661022,0.683918,0.6526281,1.4016811,0.9541123,0.26903918,0.38101932,0.64151156,0.2351672,1.2713628,1.06968,0.1503818,0.31185478,0.12348391,1.0709327,0.4531211,0.25118658,0.25132045,0.5144643,0.20281386,0.5980123,0.68458134,1.0768526,1.1900824,0.13014977,0.59742326,0.5115292,0.23093396,0.30819994,0.29008144,0.37243143,1.3048439,0.37771598,0.9603353,1.1150515,0.5670014,0.18073024,0.45059764,0.53971595,0.6093875,0.4980748,1.3870139,0.3918676,1.9998857,1.3145179,0.6420459,0.7436684,0.15377751,0.44533783,0.16022238,1.4606969,3.0215428,0.18318604,0.7651385,0.8180266,0.15680045,0.023495877,0.9520211,0.8778627,4.279083,0.63320994,0.05548804,0.8275378,0.5937137,0.27631828,1.7682675,0.6721906,0.15652595,0.42816257,0.29247674,0.3266322,0.5872785,1.2776207,0.45664158,0.3702683,0.31437713,0.8448387,0.43068966,0.9736359,0.16732146,0.035743516,0.35863158,1.1792467,0.8400438,0.38833502,0.08683539,0.62680787,0.7287476,1.3420813,0.41335782,0.0004463572,0.15966655,0.18450257,0.14639062,0.18727867,0.052617606,1.8534691,0.69163775,0.5894418,2.5255668,0.37720364,0.83581114,0.85179555,0.32370162,2.1604636,0.4487455,0.7512965,0.14434767,0.7515351,0.14734384,0.49075317,0.35591638,0.63305324,0.8039358,0.2998431,0.21538925,0.37083238,3.6816878,1.0538453,0.9376484,0.8489094,0.7545329,0.72937685,0.008658574,0.22710924,0.07061653,0.891149,0.49038127,0.4133864,0.80759096,1.2962015,2.2068179,2.9214275,2.0527997,0.57002944,1.8521563,1.8239056,2.8353028,0.6958001,0.034705993,0.827933,0.72510093,0.8712139,1.4067591,1.0113182,1.1626787,0.36171877,3.7288845,0.40041053,0.016071856,1.3044789,0.1737927,0.16111392,1.3745682,1.8753119,0.03603561,0.4657899,0.23328383,0.35074055,2.2915921,1.3525596,0.030764412,0.38565692,0.45933777,0.49314627,0.2587859,0.012844532,1.5483246,0.07977398,2.7369072,1.8052782,1.4625113,1.2391331,0.8325744,0.4994404,0.07324475,1.8261993,0.15189312,1.2492683,0.66343457,0.14016977,1.8493764,2.7036624,0.007953214,0.11746583,0.4833329,0.08924142,0.18817341,0.23220377,0.21170071,1.0348059,0.9340407,0.14734827,1.2472657,0.31294182,1.6370612,1.0911813,0.48512232,1.251663,0.23896092,2.320449,0.5702985,1.5826219,1.4701897,1.7237663,0.34368908,0.043132138,0.93770564,0.02720516,0.48632312,0.17674014,0.15169306,0.8025129,0.16718198,0.007741039,0.38869873,1.0555447,0.5228016,1.5620368,0.19423933,0.24411583,1.1534714,0.5783006,0.54308367,0.7826464,0.19616747,0.05246339,1.2220057,3.7054965,0.41562593,0.41410854,0.04605926,1.0421247,1.4119151,0.9380897,0.7693701,0.12140069,0.639365,0.6065599,0.44665807,0.21995299,0.08587537,0.97652483,1.3686464,0.61564916,0.22392383,0.14790516,0.24089816,2.5420146,0.62909925,1.0502058,0.08792772,0.024035068,0.0,0.46680903,0.9023683,0.17991067,0.54067844,0.2856376,all_pothole_images\pothole_images_optimized_image_142.jpg
0.3575175,1.569428,0.14545487,1.1407684,0.20532876,0.14984939,0.4425147,0.01397317,0.78546196,0.10031902,0.7921748,1.2134875,0.41310695,0.018596597,0.03712189,0.029953094,0.08627604,0.24552177,0.37564772,0.40743232,0.024260875,2.2170303,0.29505938,0.033311997,0.02581983,0.3192486,0.35454983,0.43119532,0.0,0.64216876,1.177469,0.7640686,1.4132497,0.017828632,0.18973152,0.032385804,0.14564274,0.19706891,0.15126367,0.06096016,0.3693279,0.79303527,0.0,1.5686406,1.4580878,0.020809101,1.1944011,3.391145e-05,0.20785604,0.09079562,0.49514735,0.7352929,0.27223784,0.035383962,0.0,0.084448434,0.6542618,0.8331585,0.10554152,0.020886412,0.020365221,0.15249224,0.78910196,0.5185295,0.45676973,1.3579642,0.07476278,0.4859795,0.008136274,0.8137045,0.25157148,0.74787265,0.15796967,0.024170257,0.005836803,0.8151096,0.27090663,0.37473872,0.0,0.39940935,0.32075137,0.6642766,0.016340604,0.5217559,0.15405622,1.2021799,0.4742053,0.0059177005,2.1051433,0.606958,0.0,1.8186321,0.36774698,0.7596404,0.038605828,0.031305835,0.543879,0.19870107,0.3510024,0.0,0.02650416,0.24761455,0.25172472,0.0,1.1038835,0.25669312,0.59586763,0.12010397,1.3824931,0.10416182,0.0798412,2.1680143,1.7367544,0.0109219765,0.4471873,0.44288233,2.0878005,0.2734695,0.017670974,0.7275543,1.6783485,0.12708256,0.47272193,0.6656531,0.2029513,0.20533551,0.1713716,0.11058945,2.1018896,0.27992353,0.14775188,0.18077964,0.0012924353,0.18935007,0.22699223,0.34126604,0.17250462,0.09092729,0.52007294,0.22622333,0.9574437,0.035123598,0.0017071557,0.826035,0.49979338,1.162908,0.23073488,0.14826058,0.44222414,0.04314308,0.3112053,0.38024482,0.19432896,0.058829233,1.6422939,0.14480206,0.16018483,0.32913923,0.5596871,0.109095134,0.5530235,0.18668358,0.04044601,3.5061004,0.61395407,0.0049174596,0.750927,0.4792801,1.5946935,0.03751516,0.021106903,0.0,0.37357587,0.0115686115,0.73484015,0.11354282,0.1559126,0.0,0.280018,0.4056738,0.0022459207,1.7725638,3.7558248,0.021967571,2.944788,0.146173,0.31412277,0.23365532,0.09201343,0.15624033,1.2320815,0.0,0.028270742,2.0524745,0.069349356,0.0008404584,0.01780611,1.598814,0.08539222,0.9056499,0.7674998,1.2183477,2.28892,0.8212821,1.166733,1.2205546,0.9365518,0.49693808,0.93855906,0.6626051,0.0,0.5616033,0.23228374,0.13663946,0.16435209,2.6802084,0.068240725,0.13675763,0.44902778,0.301059,0.23262285,0.94762856,0.5313091,0.5266501,0.24524982,0.11597901,0.6136262,0.0,1.2104745,0.086477265,0.4740022,0.44048232,0.021269878,0.124504074,0.8926632,0.1712149,1.4053121,0.0,0.5893455,0.47386613,0.7029282,0.1108699,0.04800667,0.045053195,0.0013692707,0.13343348,1.1950486,0.019126175,0.87070775,2.496152,1.2204427,0.05121964,0.82221234,0.29954445,0.10435689,0.14138104,1.2154652,0.0,0.20195179,0.15376565,0.23767658,0.22851674,0.30133566,0.16659167,0.4382696,1.6154556,0.031589694,1.1666524,2.4376433,0.5486325,0.017219225,0.09361733,0.0064513288,0.023970256,0.21617751,0.784222,1.0137173,0.3823105,0.015457884,0.36112875,0.51877105,0.18264176,0.29467028,0.5060964,0.67819786,0.35427347,0.07847901,0.6242251,1.8594506,0.32169145,0.49997002,0.0,0.06334125,1.0569111,0.014072539,0.40326753,0.08190729,0.5637238,0.25499126,0.04585204,0.77306443,0.0,0.33296132,0.46349448,4.6274433,0.2336004,0.0,1.6427366,0.0019408646,0.37402818,0.04246258,0.67443496,3.8338828,1.1165575,0.019296383,0.06332,0.06309945,0.31007302,1.3803675,0.99384296,0.71898353,0.039345518,0.003009041,0.6976024,0.7569079,0.5458067,1.1225222,0.13581306,0.596033,0.002852098,7.6902876,0.20350452,0.9437262,0.1693639,0.13860856,0.19045381,0.6717146,0.0,0.23980868,0.17640667,0.6321587,1.168107,0.71109426,0.6803136,0.03914816,0.52593917,0.32361212,0.21823132,0.24994414,0.7147882,1.0488639,0.30182818,0.21595436,0.26179436,0.07384034,0.46412563,0.39374003,1.357478,0.017159823,0.14203371,0.14555785,0.012935692,0.39662918,0.5999776,0.0,0.20215628,0.84096694,0.72202283,0.22427027,0.29981554,0.9294757,0.52184474,0.34563053,0.12083174,1.7758781,0.079343595,0.0,1.1853232,0.93786603,0.61023074,0.08978176,0.27691638,0.2539425,2.7835398,2.5392802,0.35011563,1.0073718,0.0,0.0,0.8739623,1.4210283,0.7798486,0.24759561,0.41524237,0.07101784,0.055406194,0.015621485,0.80050987,0.06554545,0.03165499,2.0114646,0.45887756,0.023874655,1.3414938,0.40185854,0.49843472,0.909121,0.30503145,0.15649173,0.48121643,0.2910342,0.80483687,0.4449988,0.5654244,0.083482586,0.0003495962,1.2980154,0.08424915,0.24976826,0.005426179,0.72121894,0.10741771,2.0876508,1.2444288,1.6915096,0.44862825,0.7524129,2.0391674,0.28064588,0.009732381,0.1323718,0.2898902,0.0,0.09621551,0.024227723,2.2961562,0.7811913,0.57064307,1.3368026,0.9923031,0.021502772,0.03484881,0.13043354,0.05967422,0.59146523,0.063474454,0.05691427,0.3272269,0.13429737,0.9524919,1.4857533,0.40135095,0.0398637,0.8715531,1.6976482,0.5205526,0.5762722,0.80155313,0.35111758,0.44014752,1.0731845,1.046533,0.24890584,0.05336682,1.3643235,0.14582935,0.0,0.0,0.15072487,2.3684878,0.42429,0.027005386,0.23124675,0.16315748,0.07712104,0.17823954,0.0,0.35658404,0.43732074,0.08805714,0.2647218,1.7503475,1.9401425,0.37397042,0.0,0.08125611,1.498484,0.20975144,0.17581749,0.0016076223,0.0,0.62987006,0.20154294,0.06908571,0.30909568,0.016452415,0.110406846,0.045246903,0.018651966,0.2467083,0.12448186,1.9643196,1.4365926,0.43688,0.25932088,4.5115395,0.04731859,0.7614545,0.76581913,1.3065,0.08666883,0.35235238,all_pothole_images\pothole_images_optimized_image_143.jpg
1.289937,0.97207564,0.5144358,1.1438372,0.8830504,0.53248644,0.80701303,0.0006787586,0.24985431,0.32980472,0.27107385,0.09084682,0.79789287,1.6117803,0.04622794,0.1283268,0.015981808,0.66425073,0.5372196,0.3830378,0.13705964,1.2662936,1.3889847,2.0327663,0.13344134,1.0895683,1.1719607,2.1744337,0.31946027,0.007318957,0.45953384,0.8701173,1.3831532,1.0220201,0.7195602,0.81373847,0.46075743,1.5120912,0.033472963,0.32128465,0.25406402,1.7055585,0.85149235,1.1215018,0.23821305,1.6640488,0.09824455,0.0054801847,0.65666467,1.3616881,1.329359,0.1545616,1.1745888,1.2461193,0.09022407,0.86136556,0.61170465,0.07284626,1.1599844,0.39606097,0.23767906,0.79496825,1.8002443,0.8587714,2.190064,0.6874363,0.41136977,0.9455842,0.21963167,0.21458746,0.8982293,0.78614306,0.5330053,0.28663993,0.15702005,0.21650012,0.44098994,0.5332968,0.060243066,0.12911691,0.03550136,0.66042376,0.8854256,0.8672546,0.41416174,1.1559546,0.47251874,0.23372018,1.7400239,0.014148365,0.5638136,0.30348742,0.0310517,0.28027177,0.39537418,0.0615041,0.8908913,0.74560124,1.0185206,1.4943825,0.07197754,0.5855003,0.60681325,0.4266805,0.03238818,0.9141296,0.42153144,2.3390121,0.26667947,0.61347294,0.39760545,1.202405,0.7951721,0.48241863,0.49490613,0.8389335,1.4153531,0.65162355,1.5000536,1.0598546,0.86695516,0.4224606,1.6191312,0.90347683,0.2835019,0.2302586,2.0369868,1.4126757,0.15250537,1.3392178,1.1547561,0.57599664,0.8347054,1.3873807,0.0,0.8785151,0.8424105,0.85621923,1.7654203,0.88458973,0.9056189,0.45839316,0.26680797,2.0351102,0.7539483,1.0522519,0.17149012,0.2134689,0.75275266,1.405006,0.30336073,0.5246507,0.21916386,0.10907254,0.9316204,0.4819411,0.951989,0.33123645,1.0962052,0.6237125,0.42263567,0.3799964,0.05716544,1.49156,1.0559498,0.7110084,0.8668555,0.5447998,1.3492504,0.98780304,0.55052006,0.30959556,0.20468846,0.24985169,0.81830364,0.1552739,1.0682726,0.2860516,0.5519995,0.41631764,0.26748592,1.8898084,1.2171407,0.9262663,0.82993984,0.33231607,0.57826483,0.59826005,0.2542722,0.42496723,1.7308627,0.60694283,0.7621639,0.72297543,0.031695362,0.19167289,2.1231866,0.022423573,1.3653673,0.21125676,0.30761746,0.6462712,1.3875368,0.4466539,0.8186419,1.0803375,1.5422746,0.26946205,0.8847418,0.52244014,0.28287077,0.7454831,0.9662087,0.97832423,0.669974,1.0678931,0.4761475,0.12007518,1.0649273,0.79815966,2.134625,0.06280308,0.8404992,0.37054226,0.06490376,1.1238409,0.91582364,1.1407224,1.9430859,1.3024763,0.33943683,1.7156222,0.74444705,0.18322317,1.52488,0.0972967,0.45517507,0.6567299,0.32292643,1.2126557,1.3606935,0.04315086,0.92325723,1.1787694,0.1001413,0.19352329,0.9129127,0.14614679,0.9217965,3.3308656,1.5677755,0.26334155,0.06316326,0.852919,0.08222593,0.98844033,0.8423,0.26553184,0.5011993,1.3065598,0.44390774,1.7546959,0.69046134,0.72745824,0.35456148,0.720809,0.296897,0.6576137,0.47894865,1.2120444,0.4503333,0.017587239,0.047655232,0.4687692,0.16562489,0.46354625,0.7880437,1.5999565,1.5271049,0.68147945,0.023486575,0.29847324,0.5054296,0.06457817,1.0144113,0.0121752275,1.5055529,1.508161,2.1406713,0.09832102,0.6664027,0.92626697,0.57072055,0.47996947,0.38444975,0.9321161,1.8669567,1.1072673,0.6833753,1.8832998,0.3013051,0.6171402,0.52523154,0.7328709,3.7999623,1.1395845,0.019499762,0.487068,0.46191242,0.021781089,0.55953026,0.92225933,1.4303377,1.7220194,0.44613674,0.7512252,0.1294327,0.4371126,3.4474645,1.3833212,0.47428784,0.5373586,0.79721117,0.31701005,0.54910564,1.5387415,0.9294236,1.3893085,1.1820302,2.3582628,2.116983,0.1123184,0.4405126,1.1072252,1.349784,0.037817005,3.19831,0.964532,0.34013873,0.37896833,0.589884,0.4078353,1.3035015,1.345488,0.3302582,0.89862776,0.5052054,0.44368386,0.65095973,1.4122086,0.65603966,1.0332654,0.6683927,0.14574108,0.5086982,0.077741496,1.0033493,0.2312897,0.5328766,0.08533205,1.7066628,0.16502376,0.42319125,0.52559435,0.0,0.27001247,0.6817643,1.2883265,0.120798476,0.80182326,0.5081101,1.0450573,0.8230378,0.07609291,0.64022297,0.63511914,0.29282758,0.3571479,0.23780482,1.1517563,0.49036065,0.0,0.7497785,0.6242004,2.3078094,1.5489247,3.1710615,0.14500473,1.0375053,0.6947504,1.4315982,0.5836687,0.46725503,0.79801,0.26213878,0.45379964,0.11310312,0.6565155,1.112549,0.21352307,2.3855274,0.4008318,0.3318511,0.98635125,0.55465186,0.17508048,0.91176707,0.86017334,0.70604426,0.08472544,0.5421227,1.440552,0.64675313,1.4731513,0.35935912,0.3350005,1.0070429,2.8442917,1.0514516,0.5444547,0.7457842,0.55735284,0.9356756,0.5213979,0.9648713,0.57943857,0.11977369,1.8398045,1.7616249,0.38543397,0.27708423,0.7185936,0.18099006,0.236095,0.63557714,1.5619507,0.6978801,2.044621,0.5544167,0.61972004,1.1909175,0.44822577,0.2514189,1.0343413,0.8194886,0.4542032,1.681953,1.3408778,1.0432663,0.08797386,1.5696747,1.1302538,0.94858515,0.508141,0.5213108,0.39060435,1.4404073,0.40080065,0.83525455,0.16674776,1.1172235,0.7925459,0.9263217,1.6322709,0.3236226,0.787795,0.628352,0.10949832,1.9192599,1.0626085,1.0318404,1.0624292,0.40732715,0.3223857,0.015024075,0.3146268,0.6717825,1.6926981,1.0089334,0.3262048,1.1188879,2.0409844,0.8080732,1.6074073,0.0,0.90186256,1.7412282,0.36819503,0.36618683,0.39007747,0.15742391,0.47402796,0.49753115,1.0144353,0.16705488,0.17116317,0.13827792,0.0,0.105085135,0.23697634,1.276788,3.0630414,0.32890433,2.3438468,0.5281528,0.78056777,0.5761179,0.4242588,0.11565721,0.30534753,0.34827235,0.25050914,all_pothole_images\pothole_images_optimized_image_144.jpg
0.53493875,3.4567368,1.2810196,1.4212527,1.1533535,0.78296953,0.724285,1.2486959,0.93718624,0.5258274,1.1339347,0.5296802,0.32913196,2.6788568,0.4965954,0.3027768,0.74088013,0.12282418,0.111460276,0.9175014,0.4789537,0.81615347,2.0047233,1.9737654,0.9096134,0.21188559,0.04011839,0.38736686,0.48455292,0.6923964,1.2853744,0.05931488,0.3670866,0.110037155,0.51814294,0.2940393,1.7064439,0.48387402,0.5910193,0.1274439,0.022141578,0.43688944,0.79135525,1.5010104,2.4456193,0.17645401,0.08422832,0.0,0.76606095,0.07640915,1.1010267,0.43761107,0.7089505,0.88106215,0.059006486,1.6749951,2.3514948,0.5894521,0.3450035,1.4285498,1.7135991,1.625639,3.8990946,1.2817552,0.024583977,0.20417592,0.9140213,0.50707525,0.8366755,0.6517419,2.1648695,0.6506029,0.27990267,0.61154604,1.2732098,1.9930654,0.31716812,0.81013924,0.37164944,1.078121,1.0120058,1.4217393,0.35061443,4.3722053,1.1634439,0.25957835,0.6215016,0.34075347,4.641925,1.3590925,0.28667066,2.153018,0.6427994,3.5835342,0.10063584,0.21784696,0.23392302,0.904496,0.9502216,1.876221,0.2763227,0.563057,0.36698234,1.299267,1.676876,0.39602745,2.557571,0.29262817,0.96082103,0.8763631,0.30970627,2.1136196,1.0838642,0.96017665,1.4790452,1.3438371,1.2125965,0.062454738,0.20753016,0.1925166,2.0799634,0.92192566,0.18436365,0.65657276,2.216891,1.638407,0.22232553,0.1121449,1.0074391,0.3838817,0.5364286,0.9488909,0.78265774,2.290427,0.29786044,0.13414054,1.5252106,0.6735804,1.5349036,0.30524722,0.63690764,0.09157576,0.7105087,0.78961533,0.6747824,0.53219336,1.1385075,0.0024730428,0.574598,0.054564793,0.009490738,0.2819011,1.1879711,0.014919681,0.8453665,0.54941285,0.20885868,1.2244817,0.3908449,0.17371337,1.6171631,0.56854063,0.3502999,4.050821,3.7408116,0.5020565,1.3114573,0.9380488,1.1009583,0.0434625,0.85659635,0.28402996,2.823086,0.8450311,3.902254,0.08683324,1.2498435,0.480208,0.0,0.019556982,1.0472946,1.8285953,1.1820685,0.31933153,2.38718,0.849815,2.14241,1.0828371,0.66460085,1.2908472,0.31939816,1.4729095,0.81912076,1.659722,0.5157253,1.643869,0.32886067,1.2450627,0.7459304,0.33620617,0.2865748,0.53417355,0.3474265,0.39874473,1.5938433,0.0891902,0.3833126,0.042209994,1.0599779,0.1452632,0.69919115,1.6790787,1.0896685,1.4560156,0.6266659,0.8806232,0.1202106,0.10760571,0.620197,0.0329875,1.0597928,0.10813155,0.20535362,0.07706757,0.38196874,1.0192187,0.6509586,0.21499382,0.7532354,1.3793739,0.8227094,0.19191387,0.7655789,0.43629494,0.45475125,2.4304373,0.6903832,0.33229944,0.13069317,0.62162507,0.42393118,0.94121337,0.20057845,0.64020914,1.1904813,0.254664,0.7646029,0.29967257,0.49546742,2.2701066,0.6811625,0.61708295,0.379328,0.6296605,0.5836383,0.31944466,0.10297904,0.68399185,0.4334713,0.846883,0.5945433,1.1311586,0.85043615,0.29734617,0.27695215,0.31816998,0.09100388,1.3105618,0.72563094,0.3882575,0.5735946,0.31643853,1.8960673,0.59325045,0.579402,0.6475923,1.6730334,1.1212875,0.113953024,0.056141853,0.46975955,2.954593,0.68131864,0.6388516,0.61705625,0.41151252,0.91471845,2.1335056,1.7676284,0.8749302,0.2910052,0.60889804,0.2788871,0.5087152,2.4391503,1.6952698,1.1819531,0.5104265,0.49757335,0.15865232,0.27446598,1.187648,0.37750703,2.4586906,1.645811,0.7316094,0.7646664,0.71710414,0.33511505,1.1862925,0.6833752,0.032152187,4.4240994,1.1464474,0.8567247,1.1774441,0.39178798,0.094638355,1.4893808,0.39292884,0.20346731,1.0890826,0.85495895,0.1368601,0.20487614,0.0418227,0.3354443,1.0177202,0.81807643,1.9990019,1.5668846,0.9320115,0.7387858,0.039695963,1.0099686,0.09333461,0.22170494,0.62145704,1.6682154,0.04521887,0.5361412,1.9829189,0.066684715,0.55883455,0.1902825,0.12767689,0.52799845,0.13604666,0.45848915,0.6874263,0.3822645,0.31567878,0.31343442,0.88374686,0.67423755,0.35510457,0.7777009,0.7739588,0.8893591,0.09748503,0.3860564,1.6470411,0.19117507,1.0580136,0.0,0.8430177,0.23225524,0.67371124,0.39779332,1.3678229,0.5349136,0.17917912,0.9738637,1.3330369,1.5953188,0.6600103,0.23651968,0.06382805,1.0654024,2.9917216,1.6716133,0.62845117,0.5064121,0.46032053,1.67753,0.82215476,3.402105,2.7867637,1.7890346,1.1090891,1.3835568,0.52341396,0.35523012,0.34604365,0.42880923,0.8638017,0.8183323,2.9958956,0.03384542,0.97697514,1.1470778,1.0588722,0.27433863,1.1811687,0.00376499,0.31771094,0.17502005,0.9497694,0.028496519,1.6441936,0.021739561,0.45824802,0.314361,0.37992573,0.453242,1.3882047,1.149335,0.74951863,0.22826903,0.10299212,0.3721553,1.0489067,1.6177838,1.5922195,1.9941779,1.1456919,0.7537473,1.0250194,0.8993203,0.56410176,3.1349065,0.67400974,0.13874839,0.6132536,0.5339368,1.7631419,0.78597116,0.87992465,1.5982952,1.6949221,1.6969662,0.6730541,1.0415905,0.5319589,0.14637704,0.8588972,1.1410003,0.32528225,1.3096572,0.18170829,0.18799369,1.5027406,1.273509,0.41697395,1.0446662,1.108833,1.6928229,0.43059748,0.7938086,0.13382557,0.15089267,0.124107145,0.6317609,0.47834563,3.8288753,0.1232004,0.225428,0.10552179,0.7522866,0.40431115,0.9236469,0.23256086,1.0601237,0.8732605,0.34705114,0.7935632,1.5455661,0.13412666,0.13669853,0.24435323,0.39547825,1.4911463,0.378264,0.20211954,0.3350205,1.6347255,0.5680776,1.1376932,0.36521292,0.16928777,0.19242205,1.3838644,0.18876962,0.092396714,0.17229022,0.55662555,0.6645104,0.00081310567,1.3130372,0.6988336,1.2056335,1.1971183,0.8122655,0.4872011,0.8949716,0.7453154,0.049746852,2.0138025,0.6553843,0.25096658,3.224396,0.08822947,all_pothole_images\pothole_images_optimized_image_145.jpg
0.13511577,0.26316562,0.19803838,0.92450106,0.2964495,0.13708521,0.07513442,0.17362607,0.034284282,0.23591524,0.49568027,0.10510847,0.26925924,5.0326676,0.012757607,0.11504227,0.07331124,0.6944575,0.7848807,0.0491384,0.7587185,1.2660288,0.19642115,0.64598006,0.6670915,0.42378452,1.0036452,0.5623222,0.21105623,0.014486201,0.6409267,0.3728883,0.26777664,0.5669944,0.84137124,0.29893625,0.045143183,0.8148034,0.6115089,0.009366088,0.0,0.0035739513,0.75695884,3.3468144,0.05871033,0.1914397,0.06867382,0.0,0.10644332,0.41938755,0.29586217,0.23852059,0.71120864,0.23809206,0.46081775,0.7321486,2.186115,0.15371367,0.636543,0.023971625,0.60951054,0.06384258,0.45541245,0.21831512,1.0041571,0.62482655,0.36750132,0.07138547,1.6470997,0.3444144,0.097898275,0.36390042,0.3187184,0.12362054,0.46570244,0.0,0.07557314,0.022804387,0.34788352,0.3415308,0.0070352447,0.23780234,0.5311512,1.9160815,0.20724379,0.26158923,0.040714044,0.7283847,0.20569701,0.00027558807,1.5069605,0.073872484,0.038785383,0.74174756,0.0,0.2331311,0.3875881,0.25614643,0.3750414,0.12275996,0.25674534,0.9876645,0.04322302,0.23997952,0.33554706,2.6484425,0.019676866,0.48176566,0.111172296,0.05582244,0.025937846,0.9876504,0.019060818,0.6173307,0.17436323,0.0,1.6374315,0.22858462,0.46961507,0.15866444,2.699692,1.7053336,0.39649254,0.5811347,0.3919258,0.21774915,0.1762076,0.49557358,1.7270647,0.28577593,0.5522877,0.0,0.29715502,0.19826575,0.15771694,0.09136197,0.5070129,0.16679256,0.11340873,0.107100874,0.18130718,0.11442304,0.84695625,0.5329497,0.08993025,0.27541235,0.23723945,0.0,0.085638106,0.36504808,0.104528934,0.33001304,0.18048209,0.26103914,1.5271327,0.37966514,0.8913915,0.7766084,0.5575353,0.08047975,3.0318706,0.7947628,0.13667193,4.368296,0.09629123,0.72888947,1.0099528,0.14652172,0.70013005,0.9979023,0.009135878,0.32909578,0.3485489,0.2671002,0.48352563,0.37314293,0.1516271,0.002772036,0.32025793,0.15845956,0.10560193,4.4632435,1.543974,0.37065315,0.45183665,0.50634587,0.10874637,0.4238232,0.761296,0.4661721,0.0054685096,0.55743974,0.799437,1.0682718,0.34948322,0.37994283,0.1583226,0.60923004,0.006756414,0.36379433,0.49016243,0.71462286,2.266805,0.53631824,2.183823,0.056281645,0.6604553,0.21186112,0.05542143,0.0494278,0.0,0.16262071,0.6790812,0.18388857,0.7069968,0.564549,0.47772208,0.18850303,0.23204197,0.01489475,0.030000744,0.98731357,0.86983055,0.14915673,0.09358267,0.24316496,1.9819136,0.29591325,0.593874,0.3348067,0.17624728,0.17674132,0.33712888,0.4758343,0.30792713,0.11907293,0.85765135,0.068417974,0.037770163,0.97861046,0.0,0.15424143,0.10852602,0.30859748,0.66137373,0.05777777,1.0113153,0.12883739,0.43137696,3.7361972,0.61015964,0.16076042,0.12369362,0.06812486,0.2806962,1.4131538,0.3734615,0.76566654,0.16163622,0.28979412,0.28387487,0.10414637,0.011015447,1.1200243,0.5111047,0.5791978,0.25900483,0.8612865,0.023264045,0.18694821,0.08235175,0.6413259,0.20903118,0.0778947,0.35759583,0.8160801,0.42509663,0.12405246,0.19794467,0.44740233,2.3961334,0.17561442,0.28545767,0.17085841,0.4729056,0.7354463,0.34891745,0.5363051,0.59206766,0.10182424,0.080744006,0.0,0.2992836,0.060280465,0.38357627,0.17123693,0.76393414,1.6657825,0.58274025,0.96620667,0.693155,0.366058,0.115482636,0.68188286,4.2078495,0.06651009,0.05821535,0.17510293,0.0008244133,0.06523637,0.4990151,0.5901643,1.045152,0.05020337,0.25898004,0.40109336,0.007373518,0.82209265,1.1412224,0.07312008,0.32376188,0.0011823067,0.071826056,0.2510227,0.27657565,0.57938975,0.5977821,0.15448715,0.102179155,0.0,0.15594295,0.8931722,0.19612995,0.038870778,0.0822888,0.7799879,0.16065319,0.056062747,0.70532566,0.14698799,0.005393724,0.73396766,0.20884871,0.7289027,0.114443,0.47006062,0.059224915,0.3749984,0.22795492,1.0427287,0.15162656,0.17530741,0.44959283,0.028620213,0.38723782,0.69997,0.116800226,1.9568524,0.9231058,0.106404506,0.5175868,0.15102953,0.22613971,0.009335846,0.0,0.06611441,1.7209681,0.12485068,0.33246547,0.20060718,1.3342794,1.573023,0.27075982,0.37999552,0.6288881,0.29188526,0.26252407,0.0,0.42159075,1.0914301,0.6647909,0.01012609,0.04033978,0.18080968,1.4474012,1.1486863,0.13261597,0.0,0.028849045,0.58643365,0.41693348,1.0048393,0.14758594,0.7446328,0.35283497,0.5648125,0.5635583,1.5863729,0.31219992,0.055060465,3.5554295,0.5837997,0.42173564,0.14872712,0.02587645,0.022325762,0.2963888,0.65471214,0.0034408085,0.24085452,0.5435345,0.17610443,0.55277085,0.4058102,0.0999417,0.0041361055,0.16733584,0.040891156,0.004031084,0.053177714,0.84580445,0.009139419,0.11576097,1.5123168,1.0764948,0.269862,1.9303916,0.69014895,0.2909076,0.8889014,0.0,1.2645276,0.5889217,0.5152984,0.23494597,1.5931668,0.027950749,0.33921927,0.02805348,0.07851368,0.46613094,0.29886612,0.24541762,1.1415895,0.41410577,0.013685284,0.24201606,0.06433797,0.90461385,0.679391,0.45039004,0.24219525,0.09855167,1.0385343,0.0124046365,0.47802892,0.7456111,0.06510928,0.17737441,0.033239942,0.9482948,0.72634256,0.7895223,0.06496267,0.4677035,0.33140287,0.0781475,0.025029471,0.060515426,0.28298715,0.3494208,0.67827195,0.000978455,0.11866195,0.98187625,0.018761355,0.8142047,0.8493211,0.2588701,0.0,0.32655135,3.371146,0.13310069,0.56650454,0.1573078,0.35808516,0.0016990008,0.11623424,1.9479849,0.0014699588,0.47550696,0.0,0.24781083,0.096564814,0.2791037,0.010257387,0.27292287,0.41595152,0.96928763,0.17063248,0.33321723,1.6854434,0.29371655,0.13921213,0.018918568,0.030661969,0.15257502,0.01686305,0.010613187,0.0,0.23480609,0.46439305,all_pothole_images\pothole_images_optimized_image_146.jpg
0.08061571,0.2916634,0.12644692,3.2070801,0.064715855,1.3044165,1.0980595,0.22828713,0.020216972,0.06351914,1.2410761,0.7300986,0.61186206,0.9579886,0.0,0.587274,0.074062966,2.735954,1.2280499,0.24890909,0.5152851,0.8156378,0.10140508,0.02729131,1.0598742,0.017290352,2.3143022,2.4145024,2.2226021,0.40781397,0.0,0.22111292,0.9655498,0.24490917,0.045020793,0.6205716,0.4696549,1.0335609,0.13910706,1.1142046,0.001775386,0.59901434,0.3357727,1.6283734,1.5687221,0.4199485,0.5328074,0.016810609,0.21643028,0.23636487,0.461165,2.399355,0.16400853,0.6304234,0.22833501,1.4021972,0.0942228,0.28076214,0.94744426,1.0140257,0.009307757,1.4168754,1.2944384,0.7314769,2.3572206,2.3482392,0.27238315,0.8922259,1.7166088,0.0116472,1.2684357,1.2558668,0.0032538308,0.4853203,3.5752364e-05,0.025238326,0.024101222,0.025883375,0.0,0.07729803,1.2757974,0.15844968,0.67258555,0.25344747,0.2858809,0.36820945,0.93966854,0.085577495,1.7173809,0.37322077,0.0,0.83748126,0.19747087,0.43848494,0.69354206,0.11968734,1.0805278,1.852964,0.2683927,0.70054686,0.15529685,2.6500955,0.7737328,0.14778292,0.4980647,0.0686005,0.069773786,0.58602446,0.6667667,0.055004045,0.11282366,1.4954242,2.511449,0.2912185,0.32380134,0.07465795,0.0084529165,0.62862724,1.3536162,0.5086522,1.5296618,0.29731634,0.05110207,1.3862697,0.35066533,0.056935046,0.3624105,0.20571044,2.562044,0.14297862,0.8084901,0.72913796,0.22958434,0.17469507,0.014194883,0.21120818,0.111243,0.69362414,1.3088096,0.22259845,0.87683773,3.2437441,0.04140578,0.25461075,1.1623245,1.5854269,0.32035467,0.11837443,0.014537788,0.29529837,0.10843981,0.44111663,0.0,0.002521096,1.1758603,0.73002756,0.41220033,0.035832077,2.3620024,0.51033604,1.1854866,2.9997048,0.121732615,2.2189364,0.14040923,1.0380439,3.1438398,0.013794074,0.9417392,2.5115066,0.06236659,0.71189606,0.635545,0.6074456,0.052098442,0.14962175,0.29643244,0.05274472,1.8995969,0.06178449,0.4037256,0.28067634,3.3744338,0.5946055,1.6138331,0.07176059,0.52503765,0.44125068,0.43587998,0.28192225,0.008307993,0.9385661,0.0,0.9741313,0.5130559,0.10015203,0.40288353,0.081837185,1.1728226,0.37380853,0.3521225,1.4228368,0.32385716,0.48228586,0.3165476,0.61633325,0.77868915,0.027732462,3.6135173,0.5517087,0.43965855,0.33488354,0.019696176,0.5533794,1.178849,3.2977717,1.9514328,0.021010077,0.1772978,1.2124679,1.333922,0.33410862,1.0490315,0.42705527,0.001353708,0.4331013,1.0978863,0.3811591,0.637018,1.8800223,1.6079978,0.67430604,0.87699497,0.25176823,0.011439595,0.009508421,1.8585978,0.7910034,0.09239762,1.0214645,3.6307567e-05,0.1375967,0.31754643,0.03030784,0.054145303,0.64392245,0.30705598,0.28232452,0.43837398,6.464124,2.692087,0.0,0.45348373,0.31836373,0.04235228,3.9093344,0.028553588,1.2586017,0.13606992,2.090018,0.0020010802,0.04706396,0.23801686,0.7383708,0.2316931,0.46110559,1.4263597,1.3817892,0.40894082,0.44740334,0.5067938,0.054689698,0.21241418,0.27880922,0.93310356,0.22631678,0.2430219,0.39461797,0.13351046,0.43040258,2.1637669,1.0643231,0.18305792,0.27153742,0.064180605,0.81674,1.0024887,0.028584465,3.256641,1.4605159,0.0,0.64375746,0.08307061,0.8172825,0.066736914,1.5343119,0.0,1.8766184,0.8986717,4.065164,1.4678117,1.6088655,0.018714378,0.06587946,5.078794,0.26205933,0.3430112,0.092946135,0.3139366,0.27124703,0.2592999,1.061869,1.0203615,1.3811462,1.0573733,1.514651,0.5922094,1.4915345,2.1748476,1.2222955,0.22448933,0.0732731,0.9712142,0.011513957,1.0969446,0.033657428,0.062472217,0.0029418736,0.5768528,0.107710116,2.1243596,0.024636667,0.96651924,0.06944474,0.027758965,0.0,1.3890167,1.2954518,0.7306929,1.1561133,0.017867709,0.5501735,0.45607117,1.3633475,1.6190182,1.0886359,1.1154826,1.5064756,0.88597476,0.012958948,1.0942973,1.3579535,0.01644308,0.138937,0.004324914,0.107914634,0.018447336,2.1186097,0.18535846,0.0,0.5318321,0.2212588,0.55608505,0.11378601,0.04508089,0.013784569,0.8446945,0.06675572,0.76258,0.67730665,0.23445429,0.26556936,0.21371031,0.19298199,0.06621274,0.036328793,0.0064128935,0.003565396,0.7843628,0.19628322,0.44084403,0.00031864105,0.007240242,0.41748372,0.1747775,0.74316555,0.8962695,0.0,0.069252215,0.58412915,0.29219887,0.001982208,0.1742112,0.31863746,0.06363353,0.049039878,0.71638036,0.106345795,0.047112644,0.38781157,0.07451817,1.157429,0.22268207,0.2842521,0.86417556,0.57315433,0.110674165,1.3914669,0.31162858,0.042264372,0.35449925,2.209752,0.0041429787,1.1370966,0.0035553535,1.0561863,0.8796469,0.555976,0.7869648,0.50461155,2.2933059,1.0094769,1.7001882,2.2268062,4.316382,0.8443569,1.6534349,0.07014779,1.1447169,0.66618776,0.42128628,0.6293598,0.0057102777,0.6035805,1.8360252,0.5610717,0.39025462,0.71641445,0.19824556,0.6916834,0.8516489,1.0296443,0.31231153,0.0,0.093547575,0.0,0.283975,0.2650054,0.050712615,1.8370291,1.5914854,0.5876732,0.47801313,0.23106506,0.14859717,0.35326335,0.15406555,0.0025533966,0.42219448,0.31021148,0.9897393,0.6179973,0.22611104,0.44534978,0.008984121,0.0011224368,0.026527265,0.030538397,0.042980164,1.0171696,0.12564194,0.35395423,0.35943165,0.08989255,1.1562254,0.019139877,0.7674126,1.5213028,0.33726302,0.002676514,0.14155796,0.71563137,0.006862713,0.2681781,0.0016064395,0.0034251115,0.49266893,0.3460916,0.16133502,0.08618644,0.11148127,1.7995366,1.7798854,0.52249235,0.0,0.0,1.0087647,0.041235365,0.022785798,0.2327183,0.11916364,0.35535857,0.8826146,0.0,0.73656976,0.7983143,0.12761973,0.3613355,0.17007086,0.48838997,0.3046159,0.7213768,all_pothole_images\pothole_images_optimized_image_147.jpg
0.59716195,0.37452564,0.028058937,1.3888835,2.7321315,0.3443737,1.3021883,0.1576678,0.0425591,0.59886104,1.0209377,0.61210537,0.24560423,2.1484644,0.74798846,0.86500126,0.2220568,2.1145723,1.1557473,0.7948789,1.1567109,0.95974874,0.40682104,0.3753803,2.973462,1.2575666,0.9935769,2.2931743,0.22164327,0.3082213,0.36128533,0.13227907,0.5269544,0.6275938,0.36618462,0.6909726,0.21389167,1.3389634,0.31717733,0.25646624,0.15247336,0.2159681,0.120780006,0.89497006,0.6282059,0.8648881,0.18520883,0.0,0.9910655,0.5346055,0.17907041,0.055412564,0.60631824,0.8920437,0.30340385,1.5393388,0.9555378,0.03247456,0.12995528,0.045551702,0.26441064,0.15894218,0.6861322,0.41999426,0.5083371,1.4872941,0.0428583,0.3830821,0.015435513,0.39188892,1.314117,0.018187115,0.6233424,0.9635344,0.061215468,0.95039976,0.032604445,0.43012968,0.40776318,1.6243024,0.3307537,0.32796377,1.4558916,0.23716973,0.33191097,0.5443399,0.28699812,0.10769885,1.9010377,0.9812946,1.0085032,0.10205644,0.4966122,0.65148354,0.8785411,0.9746214,0.5186021,0.3037838,0.3807633,2.3771076,0.07186677,2.4362874,0.62131053,0.08865224,1.4502075,0.4449152,0.91042954,0.9843364,0.036027722,0.037985206,0.056193493,1.0706767,1.761488,0.264546,2.0749824,0.11736062,0.0,0.26036382,1.2024271,0.92952806,2.343696,0.21725364,0.43462652,0.18730438,2.168133,0.088576354,2.677243,0.17721558,0.10820021,0.22785665,0.08851002,0.029554494,0.45273814,1.1200963,0.36579016,1.9198514,1.1638464,0.12635069,0.6104371,0.020228636,0.9449405,1.5645494,0.56898326,0.25111806,2.0836964,1.3522227,0.28186512,0.08721563,1.9287313,0.0032054477,0.63165945,1.1331089,0.30738083,0.7116341,1.2686951,0.19209889,1.0316465,0.39665285,1.0624162,1.1422887,1.9712592,2.0737221,0.09557452,1.4398003,0.19409302,0.75229037,0.6251897,0.0,2.5962386,1.8472184,0.16111544,0.49110046,0.16557334,0.58479446,0.45608583,0.6609523,1.7811478,0.5532458,0.0044250935,0.28128496,0.5786626,0.6242391,1.4819658,0.9840102,1.0907284,1.048995,0.14545634,0.31886527,0.5016096,0.79608643,0.09864524,0.7948639,0.0,1.5534666,0.74956244,0.49411565,2.0139976,0.020566065,0.6388753,1.2102493,1.3028072,0.6791812,1.6103213,1.3690386,0.076108046,0.20568345,0.7162083,0.05024756,1.7372818,1.9714808,0.017235138,0.596801,1.3687277,0.55058676,2.8035889,1.8203218,0.5141714,0.032252844,1.1105121,1.1923697,2.8342748,0.051726032,0.74117595,0.28355688,0.07445704,0.596191,0.93266654,1.1419312,0.5013566,1.2118909,0.005936501,0.46155486,1.3453946,0.19584815,0.14150295,0.18023513,1.6337112,0.6320728,0.7978484,0.6920545,0.45527297,0.80544245,0.0648318,0.31804326,0.16215782,0.39234677,0.49320355,0.22954154,0.761245,4.4724984,0.79137725,0.026938204,0.7034874,0.07154984,0.8041679,1.2175673,0.26457986,0.17953876,0.20659442,3.9726412,0.0,1.304559,0.27197963,0.11046391,0.0824699,1.4451652,1.8014755,0.05955379,0.49832463,0.70007783,0.22799791,0.13133287,0.7696549,0.026185302,0.22594091,0.9318151,0.13996337,0.78322476,0.27424136,0.69668144,0.1457894,0.86450624,0.5043691,0.33146924,0.4869623,0.9701186,1.3682843,0.030072689,0.512285,0.15070401,0.16483064,0.4584698,0.37723657,0.45736796,0.32319003,0.43754554,0.53078,0.59110945,0.06887982,3.9705298,1.2930168,0.5706503,2.49037,0.24095963,0.8176092,0.6651295,0.52269673,0.014701791,2.2585855,0.69376045,0.700642,0.77535075,0.7435974,4.279863,1.1533403,0.9470948,0.59718496,0.99647754,3.54168,0.34299028,0.56635296,0.3418972,1.802459,0.22165464,0.82278395,0.597221,0.25134647,0.7053236,0.6892793,0.18042247,0.635459,0.114470325,0.17669684,1.148201,0.18670312,0.7665813,1.1759183,0.9452858,1.2681876,1.3966231,0.6336195,0.0,2.2165334,1.5753913,0.6076056,0.9237784,0.3253887,0.8508714,0.40794075,0.15461999,0.07363386,0.67947245,0.2614132,0.23058815,0.21972278,0.39510894,0.06656339,1.090923,0.6633385,1.6989335,1.0427067,0.5432332,0.91734546,0.42637813,0.3038991,0.6515989,1.042533,0.2539569,0.32830036,0.31485355,1.1983795,0.06843633,0.80684155,0.708037,0.21430221,0.7769872,0.154802,0.30726886,0.46401393,1.9513195,2.2283769,0.15833342,0.26320654,1.2525057,0.9947068,1.2914311,1.261884,0.0,0.37033868,1.4891701,0.6637274,0.86719954,0.13210514,1.4369903,0.015808623,0.12689407,1.38609,0.0,1.5282303,1.6075588,1.0077634,1.5545423,0.78597647,0.0028222129,0.2553166,0.4258096,0.25087458,0.5224525,1.0183133,0.13370164,0.4205629,0.40855664,0.19075024,1.0023007,0.3131591,0.92024803,2.982286,1.2907132,2.547527,0.4246548,1.4431226,0.5850375,0.57018304,0.27536562,3.39717,0.63637906,0.79107666,0.038775243,0.8160276,0.1704515,1.1799963,0.3633479,1.3942642,0.97556025,2.2638366,0.7472906,0.963582,1.7448322,0.10077831,1.203397,1.9545914,0.708506,0.1128128,0.18181968,0.7707932,0.06869488,0.8642025,0.4339075,0.11582819,1.2589453,1.6557151,0.5119593,0.31018332,0.15288089,0.46924517,0.4736065,0.90487707,0.16577825,0.10438265,2.152666,1.6990174,0.1717123,1.1701089,0.07848503,0.3512581,0.46251935,0.97107625,0.0025633944,1.2520152,0.232123,0.4544093,0.8666845,0.40089703,0.0040396536,1.4078665,0.40817901,1.0723627,1.8054245,0.95041925,0.0748255,1.0874364,1.5593228,0.3062127,0.7528825,0.0,0.15475585,0.3236036,1.4522219,0.7952779,0.15934676,0.60091215,1.1615947,2.197846,0.2867733,0.33056536,0.0038030546,0.083719924,0.0030653398,0.76806957,0.56226367,0.57805073,2.0504358,0.1586077,0.4091146,1.0173306,0.6341555,0.89550173,0.3405056,0.07626793,0.21863742,0.43331236,1.353771,all_pothole_images\pothole_images_optimized_image_148.jpg
0.28567097,1.5755552,0.9174668,1.6154557,0.5945446,0.21957675,0.42687547,0.07006772,0.08544869,0.7774699,0.97120947,0.2096089,0.22655164,2.0367646,0.12362401,0.66121846,0.17313857,0.1201445,0.55190843,0.16361554,0.6879783,1.6041929,0.2167491,1.3200659,1.0323809,0.5308006,0.5897416,2.487558,0.36181474,0.24431562,0.20898274,0.027580138,0.12495146,0.27477148,0.29394332,0.56637466,0.46753123,1.175245,0.47452042,1.192483,0.1598262,0.042695824,0.46216437,0.5703761,1.3846921,0.7373588,0.0054061105,0.0025170029,1.2556452,0.21019816,0.584705,0.2574344,0.39621276,0.23252866,0.0057249316,0.8907863,2.9319065,0.41017476,0.33640093,0.1659153,0.32316524,0.04392483,0.55574477,0.043043613,0.46255258,1.3524271,0.22534822,0.33069322,0.048646867,0.46695104,0.18258446,1.0384777,0.3081975,0.10192674,0.32037386,0.80331624,0.23448692,0.47325176,0.0,1.02343,0.14145458,0.054666623,0.3079189,3.1789947,0.52356976,0.60306656,0.29027712,0.018155085,2.5646057,0.5532108,0.17720978,0.31144503,0.07574016,0.12207134,0.023124773,0.10984934,0.5353688,0.9116591,0.5529899,0.6162536,0.27821606,2.499987,0.23218597,0.28609356,0.038967125,0.23428118,0.4935414,0.06718578,0.10485519,0.5881586,0.13831082,1.8265007,0.014177001,0.24427262,0.344512,0.28642327,0.8603766,0.38533673,1.1621416,0.34009436,1.5397385,0.72757846,0.12790033,0.6165652,0.64229816,1.5734911,1.5687482,0.08265208,0.31114554,0.6842525,0.0,0.2188256,0.16003451,0.14026,0.6089428,0.23512499,0.69960886,0.16715838,0.7597268,0.047600318,0.14506805,0.4096604,0.011445184,0.09134736,0.15640013,0.30198294,0.1939332,0.048841897,0.39380038,0.63556135,0.4412753,0.5868727,0.15809856,0.660609,1.3634589,0.15441945,0.77543133,0.26695648,0.25779223,0.4779719,1.4235628,0.5860845,0.83429205,2.294105,0.2187113,0.46681094,1.2088287,0.038933847,1.3320115,0.72372794,0.0,0.18274052,0.043043442,0.12746789,0.62688786,0.3753572,0.4150082,0.123131946,0.018030142,0.43962508,0.025946286,1.6377299,1.4178617,0.6149509,1.3401521,0.11623498,0.06631206,0.28068647,0.75052285,0.40039724,0.14723355,0.13734633,0.17700055,0.67275363,0.40110582,0.18582496,0.02442886,0.5989048,0.36141717,0.6250342,0.363683,0.55661523,0.13114184,0.5479052,0.58367753,0.23208836,0.12737179,0.026259843,0.39949802,0.26066124,0.27410868,0.4515108,1.6558971,0.5625674,0.36259466,0.51378226,1.2827733,0.0,0.4596466,0.8386076,0.5167736,0.09241883,0.47034618,0.7053123,0.33748943,0.1479387,1.0282724,0.312384,0.44733328,0.60085857,0.16648553,0.3543568,0.24661013,0.027808223,0.31189653,0.22855027,1.3503753,0.10784674,0.07737686,0.09707402,0.28538668,0.15403432,0.40608934,0.41661468,0.2022716,0.0,0.7359394,0.013784688,0.09768333,3.8889115,0.24268475,0.24575832,0.6722114,0.04483192,0.18246265,0.0,1.046891,0.30940732,0.6525019,1.9683661,0.31846458,0.12620299,0.5743275,0.35400417,0.39809412,0.78000206,0.24481745,0.4304782,0.5091305,0.013669015,0.64537424,0.0009988742,0.38637954,0.20712774,0.84487975,0.5942858,0.15871643,0.22853422,0.020883655,0.17029615,1.2402081,0.28147897,0.35818395,0.28305504,0.7682893,0.6453108,0.2690036,0.3242986,0.5234691,0.330822,0.5563623,0.3949203,0.10339996,1.0558852,0.39169887,0.9240696,1.1783426,0.82117385,0.62559307,1.0197827,0.1933439,0.12765561,0.04260237,1.1132654,3.448914,0.4207738,0.0,0.7652899,0.22602001,0.9749887,0.16070348,0.14991,4.3979783,0.6619954,0.00044755184,0.3938558,0.21131277,0.89568824,1.8495103,0.2883969,0.14203711,0.08219281,0.16367137,0.34794992,0.82721084,1.6380099,0.46990627,0.17868531,0.9701304,1.0786175,2.2435834,0.34809384,0.117359646,0.0,0.2424618,0.107932135,1.1811734,0.33028492,0.24461642,0.4052761,0.17265284,0.12484987,1.203725,0.19004543,0.12828217,0.1732092,0.058725588,0.14446889,0.20536058,0.11171748,0.1278522,0.99790776,0.40241182,0.7604986,0.17466491,0.18800226,0.580656,0.2819861,0.71085995,0.75582427,0.00932698,0.0,0.7251394,0.33703372,0.06568289,0.4128393,0.818835,0.8469692,0.50508,0.2591363,1.196231,0.65785265,0.35541347,0.3974674,0.9054889,0.33735764,0.01018435,0.105631635,0.0077606826,0.15814966,0.19322897,0.3543286,0.86148334,1.0232742,2.2415016,0.42051688,1.4196306,0.0013156253,0.42600566,1.9141405,0.741711,0.7194942,0.19534492,0.25071707,0.042207357,0.006710027,0.14635079,0.39507288,0.13919508,0.011696606,1.5873647,1.5209846,0.12637892,0.85650915,0.20288043,0.5879702,0.27092913,0.5626784,0.50360245,0.13684554,0.15415058,0.16933168,0.17135254,0.5705196,0.0,0.11929173,0.39735824,0.10168416,0.72869897,0.062120087,1.767476,0.29664728,0.39723936,0.5772477,2.6854033,0.26728666,1.0287683,0.44937477,0.19706951,0.58398956,0.6307245,0.32375997,0.3184859,0.70105433,0.90697885,2.667117,0.8710653,0.058480017,0.3244435,0.34655488,0.99983275,0.12935945,0.082578674,0.49340686,0.3558836,0.19836067,1.0807853,0.8144839,0.28317747,1.1992626,1.2943997,0.18027315,1.4759221,0.12706721,0.7340575,1.0051647,0.4570757,0.75588536,0.36643362,0.47622204,0.60313654,0.16036017,0.31635514,0.31178206,0.040613834,0.57657486,0.28886643,0.0,0.58582765,0.29753843,0.53376997,0.44753584,0.2224862,0.041456982,1.0826944,0.18179378,0.22087081,0.224952,0.797341,0.0027052462,1.0603973,1.8653301,0.8972008,0.16526265,0.27318987,0.32263762,0.73864174,0.015539422,0.060814925,0.07147649,0.71882385,1.1870191,0.0032107409,0.007935035,0.02377196,0.41720927,0.22947389,0.56432366,0.81127256,0.06260595,0.056340266,3.2331533,0.105948605,0.6385033,0.051378854,0.11758398,0.025442338,0.7690529,0.06606786,0.6714417,0.44889954,0.09324597,all_pothole_images\pothole_images_optimized_image_149.jpg
0.76297796,0.90678555,0.93391985,2.179233,0.20479172,2.2057526,0.5186912,0.22798933,0.080259375,0.0023454344,0.12726368,0.5422662,0.9440323,0.26146123,1.2272413,0.40282428,0.08134545,1.0211931,0.41548908,0.21702844,0.35284477,2.3526487,0.14625973,0.23577264,0.21865687,0.34814927,0.2551621,1.817186,0.4791506,0.16528837,1.3813859,0.51756537,0.58131063,0.25995007,0.35510603,2.222434,0.43938962,0.9873269,0.47977358,0.27258644,0.27822787,0.20288268,1.0126449,1.7998382,0.35849565,0.04404423,0.38095957,0.16304779,1.0177964,1.0660793,0.60514295,0.6529448,0.36655265,0.80822736,0.19171049,1.4367113,2.4773233,0.44453266,0.53371865,0.09996813,0.14632972,0.9659821,0.46765143,0.330204,0.88521564,3.9583852,0.48528865,0.08481576,1.3787923,0.032274775,0.2693988,0.62032014,1.0286105,0.23586476,1.7298391,0.8870622,0.09942358,1.0943561,0.3803844,0.83398885,0.16274972,0.005110829,0.41048905,0.2816962,1.1786742,0.18220578,0.17197864,0.5788404,2.0394545,0.1464177,0.5190016,0.063880965,0.043674532,0.23755576,0.4740403,0.0,1.1994623,0.52442056,1.263942,0.46488437,0.05357992,1.5717586,0.56501424,0.04599537,0.58321136,0.22121963,0.34189492,0.31495768,0.26353925,0.16778399,0.0,3.1245716,1.0588981,0.5499563,0.43448663,0.25200307,2.1020503,0.37515384,2.1425633,1.2794943,1.5835152,0.9970373,1.3712158,0.011603277,0.08114109,0.5263476,0.3633239,1.6070437,1.2888325,0.27972344,0.21322764,0.12573805,0.2918087,0.008367919,0.08864218,0.77446806,0.74976474,1.3943242,0.46441385,0.052324664,0.6150414,0.67553616,0.16045964,0.42795002,0.65887046,2.154437,0.0,0.15644869,0.18184042,0.6868249,0.8671792,0.36336836,0.08154589,0.11802871,1.0591133,0.98470545,1.3403361,0.21276323,2.0441825,0.07679267,1.0571393,0.19257389,0.004585347,3.5845392,0.24079488,0.3764827,0.17945772,0.11195793,2.3437645,0.21731867,0.0,0.13300672,0.026426725,0.03694021,0.7133632,0.4563572,0.12223144,0.004437722,0.66888225,0.2801813,0.0,3.933521,2.7174544,0.5756669,1.891475,0.5339282,0.12090805,1.2447935,0.69066805,0.64813405,1.1164917,0.29621544,0.0,2.1554062,0.06561127,0.057172503,0.19173257,0.687571,0.6529942,1.333606,0.57034045,1.2384294,1.011031,1.2932858,1.6039996,1.0743917,0.010419596,2.0265353,0.58637315,1.4067845,0.003251035,0.09732495,1.0466776,1.4087265,1.0524647,2.485791,0.6371611,0.43015537,0.99304926,0.5045576,0.8517292,1.4341717,1.2991791,0.9414926,0.23226893,1.0129106,3.1987903,0.032458704,0.10180697,0.024423985,0.15740193,0.44202524,0.019893294,0.09419188,0.4028431,0.17168689,1.5454708,0.063337445,0.22583918,0.3255592,0.7374286,0.5757252,0.49070078,0.03261346,0.09667525,0.02061603,1.2555656,0.060059153,0.28707278,3.1520278,3.1540184,0.47109908,0.96317506,0.50984687,0.03922373,0.18689728,1.3304536,0.4807752,0.6420104,3.4431543,0.008671067,0.31897265,1.3628008,1.5308827,0.9914388,1.2110268,0.69198716,0.59025174,0.48999286,0.7380196,0.04098524,0.014517556,0.0137068,0.27210438,1.8464894,1.4182365,1.4343091,0.53343666,0.686215,0.85351104,0.07023627,0.00095886446,0.07569259,0.06536968,0.23337606,0.2822925,0.504828,0.34974054,0.994187,0.20618898,1.1002709,0.23094276,0.35549018,0.37166137,0.07470229,0.1620613,0.36589852,1.5661758,0.7969475,0.32624027,0.48346967,0.40166995,0.7172911,1.9934769,4.251617,0.57059306,0.039923113,1.4928293,0.6066977,0.68361366,1.4329569,1.371693,2.532632,0.6764928,0.24553497,1.4235612,0.048336737,1.540301,0.9886356,0.54136044,0.116189644,0.0,0.043447543,0.0781418,1.0161369,0.4218188,0.94249505,0.009573969,0.81958616,0.5486553,1.583399,0.30994737,0.10910716,0.27525467,0.35149756,0.22003807,1.6665004,0.23158006,0.2162411,0.3301946,0.14003807,1.6863792,2.6303842,0.13429692,1.9129115,1.8151273,1.0444144,0.009772658,0.0977817,0.72274834,1.2683527,0.49946117,0.7799317,0.058680557,0.039993644,0.33360112,0.706279,0.7407524,0.3413438,0.49686354,0.0,0.16050352,0.26974532,0.51778054,0.09795056,0.14804517,1.5468419,0.0021441465,0.38808447,0.05411045,1.6682954,0.31663653,0.71698004,0.004155909,1.1863881,0.30629075,0.4235723,0.18019527,0.7789515,0.020523472,0.018040927,0.020870466,0.2897512,1.3410398,3.4005616,2.1176994,0.6201328,0.0061148433,0.8029346,0.6264865,0.59083843,2.167935,0.38228825,1.0872427,0.08025969,0.05915838,0.80833495,0.8034322,0.1910153,0.14499667,4.02991,0.22486447,0.4856863,0.8900154,0.73324215,0.07039985,0.09215051,1.545828,0.04065905,0.15000667,1.4263449,1.1847448,1.1457088,0.7834787,0.0506996,0.0,0.7898075,0.35266265,0.12337402,0.0,2.9731436,0.1592778,0.068398416,0.9603895,2.7373788,0.041129418,0.24926259,1.911749,0.0087496545,1.1284256,0.18056741,1.0536422,0.2364913,1.2947217,0.25937566,4.486908,1.8787009,2.1445088,0.101897374,1.3441834,0.784212,0.83117926,0.62844336,0.84505713,0.6091027,0.0,0.17976211,0.38271517,0.051099356,0.3931252,0.4555031,0.65346575,1.1955717,0.88287306,0.642287,1.2606395,0.6337286,0.14834163,1.2668887,1.5243312,0.31554642,0.5414478,1.3547406,0.38293177,0.91125166,0.6969682,0.25598618,0.5215772,0.5910667,0.21713558,0.8776114,0.39522684,1.0210063,0.22349526,0.1957882,0.01002131,0.5338596,1.4673128,0.44532052,0.16714932,0.27042374,3.7371972,1.161824,0.4643124,0.0,0.21868554,0.3387337,0.13951455,2.3893752,0.30646098,0.09611788,0.5069756,0.4132356,0.632397,0.18127494,0.50987023,0.06351434,0.16940507,0.045956675,0.2890806,0.8748192,4.907593,1.1561309,0.31106552,0.6779972,0.41733134,0.006063955,0.7451388,0.12211852,1.4694133,0.38606644,0.71797085,all_pothole_images\pothole_images_optimized_image_15.jpg
0.40248737,1.2876766,0.40229535,1.4003474,0.9564286,0.36689827,0.17654848,0.33638474,0.48229098,1.249508,0.85793614,0.16599636,0.18733886,3.4852707,0.37679976,1.2264057,0.39781037,0.16834153,0.8143459,0.84266007,0.36844647,2.1033213,0.3354589,0.5266258,0.5143858,0.9483649,0.2590121,1.5053107,0.9453999,0.15111199,0.17662565,0.33082214,0.297172,0.04120269,0.122817166,0.54211426,0.46711552,0.9070362,0.26682103,0.16986391,1.1144547,0.19723432,0.24341431,1.2195714,0.8542109,0.5263467,0.5426417,0.23422655,0.4227472,0.68469983,0.7582327,0.5187383,0.7647726,0.60860896,0.02388014,1.0263078,1.6844388,0.1615068,0.28742456,0.8223822,0.3750962,0.9945549,0.9319378,0.31270826,0.04912099,0.439953,0.36844578,0.7439599,0.14685138,0.4697579,0.18180944,0.18244864,0.5897787,0.010439139,0.6101219,2.6089218,0.64097774,0.9365629,0.44932657,0.15208365,0.9299813,0.15934534,0.020078566,1.2977724,0.34454727,0.22715108,0.28337708,0.10595639,2.771275,0.41437778,0.0056327023,0.18475886,0.109179765,0.8970982,0.13855056,0.10899715,1.248846,0.6947304,0.18894356,2.0511672,0.088201076,2.649054,0.34571317,0.05421767,0.19953518,0.15396708,0.2329711,0.010934226,0.049532957,0.053666092,0.29377308,3.0450838,0.16621119,0.44804648,0.30256012,0.1481313,0.5468072,0.7510356,0.35266855,0.58614653,0.9608448,0.8042129,0.24005091,0.86186045,0.477156,0.8630662,0.703155,0.6069355,0.29853368,1.1743245,0.45892084,0.454643,0.7711765,0.571574,0.87651753,0.07927252,0.16869298,0.4005015,2.0629718,0.2758631,0.8287369,0.5155022,0.72506744,0.8603209,1.1957383,0.48998109,1.3621994,0.3807821,0.7986852,0.59964836,0.26718158,0.32394195,0.48863766,0.16883227,2.071182,0.12600788,0.18202502,0.6874012,0.45354372,0.11179757,1.5501815,0.8050644,0.076731294,2.2705295,0.21678379,0.5431651,0.49713168,1.0453695,1.3434423,0.86814183,0.68055964,0.18595691,0.37071127,0.4675971,0.8774585,0.029721582,1.5143875,0.005156332,0.14182232,0.04453484,0.53975576,1.2571241,1.376569,0.40115613,1.143673,0.53827155,1.378952,1.0643483,0.3998341,0.6586591,0.35634556,1.0708951,0.04761092,1.4323466,0.21233438,0.47271782,0.5693824,1.240987,1.0345092,1.407383,0.38058424,0.9355618,1.3316442,0.00011047007,0.61030966,0.25105426,0.18039101,0.56491524,0.034623668,0.29507402,0.07051145,0.333187,2.0021732,1.2053008,1.1431627,0.9487722,0.199069,0.10348421,1.470048,0.7550652,0.71380997,0.12815574,0.9135722,0.42681965,0.30551246,0.3031151,1.5156459,0.08028877,0.71197253,0.06063945,0.15702274,0.63534033,0.077183396,0.6565486,0.427278,0.044197813,0.6633179,0.107349426,0.15311062,0.0,0.44653973,0.21214193,0.21058625,1.2939656,0.0404245,0.0,0.28815237,0.115065716,0.35082603,2.9473603,0.65215564,0.1366515,0.54372174,0.7272395,0.48352116,0.7536381,1.1661261,0.63508576,1.2859886,1.3627441,0.5493404,0.9286704,1.4193975,0.31076598,0.34219104,0.8497895,0.35702196,1.2664652,0.9737246,0.63791865,1.1084917,0.22969215,0.056130636,0.27429274,0.29115728,0.5568083,0.7259735,1.5029384,1.1351352,0.52768815,0.062439553,1.0432904,0.17157757,1.4498174,0.9177962,0.17965488,0.28861088,1.5873694,1.2335255,0.21022244,0.39008597,0.036336906,0.3970101,0.20813474,0.666609,0.69673085,1.168738,0.33214676,0.22843097,0.562529,0.46860304,0.20425662,0.089688286,0.83679384,3.8447437,0.08600426,0.32176557,1.081372,0.90987766,0.44241238,0.38162082,1.0546933,3.782545,0.21010567,0.1620616,0.1753561,0.49846205,0.68922204,0.8566664,0.7153295,0.5371374,0.32657525,0.08361674,0.4178993,1.0031332,1.0022168,0.6936565,0.19431892,0.78934836,2.0139484,1.1932709,0.21289526,0.6510899,0.28416428,0.82183963,0.49046364,1.4656643,0.4404577,0.48362127,0.13764982,1.3060098,0.58906054,0.81717557,0.28364822,0.99965775,0.3105527,0.25009322,0.17831384,0.9889301,0.93135315,0.50901943,0.7034594,0.16909918,0.25985804,0.23248373,0.24222457,0.5750628,0.3311713,0.48123184,0.25008392,0.356272,0.1586445,0.4559418,0.65691376,0.26300758,0.35568213,0.21508758,0.14266662,0.60542804,0.58076245,1.214081,1.4032425,1.3991534,0.2113715,0.5060975,0.97242314,0.23237912,0.4291405,0.8104956,0.5593584,0.3378956,0.041213423,0.9392584,3.0683208,1.7497214,0.6676799,1.8087392,0.6946981,1.091959,2.6811566,1.5311749,0.9628352,0.14513378,0.5811462,0.047701802,0.097487606,0.1520519,0.2969558,0.77741784,0.26272303,2.0154543,0.65122014,0.14406219,1.3161198,0.19688068,0.6210257,0.26688403,0.19176991,0.1582573,0.034758788,0.5431302,0.5871451,0.41526222,0.5573025,0.0,0.0024960614,0.99234736,0.58334297,0.067261435,0.120259516,0.60593724,1.5990809,0.46594137,0.5876405,1.1183273,0.25907248,0.48366827,1.0346189,0.8461696,1.1360435,0.18826391,0.8021706,0.48961335,0.19527633,0.3937208,3.3600926,1.1351466,0.52373666,0.047048047,0.46802014,1.5069296,0.15949404,0.40130398,0.3016335,0.4909991,0.9530692,2.421529,0.26528132,0.37389335,0.58690953,1.1475052,0.7839236,1.2774087,0.76008636,0.65971106,0.61421573,2.2791107,0.49921942,0.24366851,0.8702335,1.0902665,0.38650247,0.6320644,0.94672984,1.0754771,0.29563814,1.0775309,0.04746619,0.79251987,2.0832615,0.6661415,0.54303616,0.4950622,0.22167744,0.14841366,0.8245744,0.22928812,0.30051482,0.6077485,0.6644529,1.2945501,1.8652029,0.89107233,1.4143679,0.0044971113,0.19904284,1.1398882,0.09239464,0.66193795,0.04700016,0.47940865,1.3404195,0.79583436,0.7956541,0.5270863,0.01718232,0.13941804,0.03300332,0.38537675,0.0033066988,1.1803021,2.3724623,0.2909417,1.1280074,0.7696549,0.20300905,0.17521173,1.4522562,0.034278765,0.3149627,1.1883351,0.30420977,all_pothole_images\pothole_images_optimized_image_150.jpg
0.0,0.71196634,0.72250724,1.1280448,0.5564253,0.37088105,0.5234375,0.75035286,0.62738466,0.30595666,0.1885497,0.1973781,1.1691718,1.5605054,0.17108428,0.5560108,1.650729,0.0,1.0521121,0.6914814,0.112046085,0.90278196,0.5867778,2.017391,0.96459764,0.66702944,0.36037305,0.8200938,0.07447086,0.9202434,0.116739035,0.13999908,1.3256966,0.18294661,1.0689251,0.08056192,0.9280068,0.14022607,1.3088684,0.042366385,0.44390622,0.9698027,0.9883882,0.14843778,2.1744552,0.14313032,0.04784221,0.024700256,0.90809333,0.1783643,2.466036,1.2210244,0.1559399,0.23665263,0.48131624,0.15157662,0.9479609,0.0010378993,0.26320028,1.5639253,0.09864846,0.5780347,2.3823674,1.121983,0.90337765,0.15485257,1.1698914,0.73376834,1.2278808,0.07887874,2.0594814,1.0720718,0.2130601,0.10385346,0.99864835,1.1328416,0.12279162,1.127501,0.77078944,1.0906235,0.0033789936,1.7589864,0.37269428,2.7026894,0.5826012,0.061794464,1.3162562,0.6487938,1.963119,0.8587518,0.05551247,1.1464326,0.39922667,5.381644,0.2846169,1.6317935,0.34445027,0.7963979,2.301685,0.45144558,0.30617136,0.4179398,0.20777889,0.32431614,0.850353,0.16345413,2.286651,0.0,1.3287466,0.27062914,1.8949993,2.1420803,0.7067876,0.58894056,2.9820867,0.62564015,0.7157232,0.1963217,0.34245163,1.0712682,1.3822821,1.4303937,1.0142523,1.1747991,2.5178244,0.93653184,0.09852945,0.64712924,0.069874756,0.70267624,0.20562012,1.1294259,1.7697495,1.3058977,0.7163058,0.09879875,0.8118792,0.5949639,0.711181,1.7400773,0.44118643,0.43627146,0.30758902,0.29821333,0.3458528,0.0036405635,0.7762727,0.22867657,0.78172654,0.34896,0.39704514,1.0093462,2.7087274,0.0,0.88380677,0.33503297,1.4066708,1.0370744,0.0,0.0046903123,0.5327924,0.07468431,0.41301107,3.5333543,0.68236107,0.04002791,0.57756895,0.5335317,0.28956732,0.69011796,0.06656876,0.08833873,0.71459174,0.24028009,0.31799996,0.24720722,0.28389,1.0084835,0.054913063,0.5465737,3.2133925,0.73236006,0.57445645,0.57551026,2.756462,1.4758006,0.50101125,0.27837327,0.026440585,0.99939525,1.1453584,4.1527047,0.7118745,1.5655911,0.038125265,3.0158412,1.3955401,0.6368391,0.27162328,1.6538777,3.5837133,0.7887096,0.08374832,0.3752172,0.9507552,0.82138807,0.23185629,0.025922282,2.2546773,1.4343115,0.50511074,0.4434548,0.42179042,3.413731,1.2557917,0.49992767,1.1901855,0.21745709,0.6461262,0.0310277,0.9859496,0.00035206173,0.7171257,0.077834494,1.4061519,0.93934786,1.1337267,0.023985157,2.4982102,0.49866223,2.618963,1.5488349,1.2005109,0.8861631,0.59957236,0.94199103,0.45225507,0.18213221,0.060860813,0.4755697,0.40590706,0.6104012,0.13029756,0.8400972,0.10663087,0.10002155,2.4683123,0.34593093,1.4080272,2.8211665,1.735983,1.0626932,0.67006034,0.5008004,1.356682,0.11367623,0.32750025,0.44890407,0.12836403,2.4226954,1.2284988,0.9057111,0.20845637,0.06685629,0.03592997,0.20137653,0.10578588,1.2815429,1.6168449,0.033682857,0.6222194,0.31343362,1.928151,0.89095443,0.0064149485,0.13214862,0.25183055,0.76065046,0.056740068,0.06507012,0.2218012,2.8601625,0.65320975,0.532222,1.3073659,2.239049,0.37647215,1.2469541,3.4790583,0.3806334,0.06628551,0.22404635,0.31372222,0.9356113,1.0262779,1.5265319,1.2500223,0.62928545,0.3594793,0.5255817,0.21457288,0.6452143,0.5254899,0.15860146,5.1108317,1.4279938,0.17797126,0.00516605,1.4332876,1.7348397,0.00014541371,0.09879301,5.0554023,0.25603727,0.30163833,0.7314772,0.06547287,0.109018736,0.4626829,0.0991722,0.80547947,0.88092834,0.02562981,0.070241235,0.78316265,1.2543831,1.6179489,0.93113005,0.25672176,0.09739187,3.411646,0.009081222,0.059008185,0.29395902,0.6932781,0.7495134,1.2527939,0.030770002,1.3850331,0.016291797,1.1371343,2.6474447,0.9061902,0.110188775,0.6147341,0.000952324,1.5853486,0.13031694,1.0095085,0.58867246,0.47354153,0.12215904,1.5124809,1.9602545,0.9463117,0.11838331,0.14961389,1.0506845,0.016548522,0.023915607,1.074937,0.24740693,0.0,0.12381351,0.11741286,0.16149563,0.83626586,0.88755953,1.1811736,2.6420095,0.74013376,1.172178,0.07175108,0.40927,1.0306009,2.1158237,0.8835121,0.29107833,0.8945695,2.392333,1.9911921,1.9093229,0.22201045,0.57590306,1.5457053,0.04836167,2.9629984,3.533873,2.604424,0.5619759,0.7775483,0.04241357,0.0839634,0.99936736,0.0,2.9134974,2.332383,3.335955,0.4737887,0.045051027,0.96346134,1.0319082,0.00069535157,0.8630056,0.54497653,0.0062173456,1.3826673,0.44339898,0.13760044,1.4769018,0.054058716,0.22867237,0.053397976,0.3155567,0.06126264,0.24722992,0.42133617,0.6039337,0.11840901,0.017366387,0.021402504,0.15975699,1.7626272,0.61097616,0.84033453,0.6355175,0.5368518,1.0133656,0.44481102,0.97994316,1.9415236,1.769956,0.39390945,0.62897193,0.80904526,2.4827244,1.772574,0.19947526,0.13529907,3.3272555,0.13682424,0.17816883,0.76116055,0.047899302,0.83059037,0.984425,1.3141109,0.62808925,0.32293952,0.57445335,0.4167454,0.4145104,1.8732125,0.04858505,1.309385,0.07885727,1.4009924,0.19623064,0.43856472,0.5763065,0.83332926,0.76400805,0.052852422,0.04597732,1.8800446,0.045403436,0.49079937,0.04113131,0.09334975,0.061774667,0.730039,0.17344996,0.86531276,0.1837332,0.16567534,1.397157,0.6379525,0.08176301,0.021652654,0.48160407,1.1774493,2.0114503,2.3686419,0.4666165,0.6983747,1.3073163,1.3082199,0.6057562,0.15500075,0.1755001,0.1154418,1.4490957,0.7471017,0.025150882,0.051609788,0.030260101,0.7985581,0.30631647,0.82184863,0.36765468,0.84015703,2.1755874,0.08160032,0.26603836,1.6226853,0.07084129,0.14947379,1.7518978,1.3011672,0.20876989,1.9030274,0.14294454,all_pothole_images\pothole_images_optimized_image_151.jpg
0.31818098,0.75613403,0.5879592,1.2413068,3.252302,0.7118134,1.278744,0.28301263,0.47742495,0.07173931,0.43538034,1.0746856,0.3767528,0.7707284,0.040652514,0.14463903,0.072656624,0.09482299,0.8560428,0.105904765,0.33005905,1.2082385,1.3345555,1.5309383,0.56767404,0.5420415,0.6752179,1.7642294,0.18143618,0.2312297,1.1108181,0.28092745,0.58610886,0.39174604,0.65347165,0.9051675,1.2019337,1.2917086,0.16104034,0.65947884,0.035388596,0.04151623,0.2556252,2.2059417,0.5864233,0.36930048,0.6719723,0.014194116,0.2614403,0.64205986,0.9738336,1.2786038,0.5010753,0.036247797,0.086164154,1.685245,3.876971,0.043031253,0.14796022,0.042059276,0.8051891,0.061018847,1.0265887,0.049390547,1.4585979,1.9115471,0.40964863,0.0,1.6246742,0.7793031,0.018086893,0.51925457,0.057881664,0.23212287,0.32156277,1.0460439,0.63931435,0.70287097,0.11830636,0.5858992,0.08991118,0.0,0.01577047,1.7805024,0.77612257,1.1681973,0.3650098,0.16950089,2.5743935,0.10245016,0.41086942,0.8622072,0.2379009,0.5961785,0.30131537,0.33642423,1.0569514,0.28565696,0.76682127,0.09139942,0.24614488,2.8978088,0.8332431,0.0,0.041075937,0.043845754,1.1550889,0.07402598,0.049712393,0.7963497,0.09327302,1.9553754,0.7391879,0.25628355,0.31157008,1.4927233,3.5563166,0.8856751,0.6005123,1.1228817,1.5687805,1.0504768,0.8538373,0.3191637,0.14281207,0.9654496,0.20140399,0.8746477,2.5529516,0.41166103,1.2806987,0.11775787,0.78525466,0.32297686,0.09747163,1.3091066,0.28029013,1.2250981,1.2362633,0.36186764,1.6573159,0.2734371,0.097824655,2.5798,0.31888497,0.80516726,0.16650005,0.2709828,0.29692847,0.4836056,0.14850698,0.35978043,0.003617337,0.029629461,1.1365179,1.1093576,0.5939654,0.05041204,0.4380083,1.2739685,3.5051858,0.6229098,0.0873067,4.783653,0.14564806,0.8196353,0.2830402,1.3458546,1.1786997,0.14796104,0.44376418,0.21124767,0.07639163,0.2839903,0.62063825,0.09676245,1.3826485,0.2552055,0.08107371,0.5663245,0.009564345,2.7314825,1.9305865,1.199617,3.778783,1.2489655,0.9443871,0.77154166,0.34658176,0.33974323,0.7310825,0.09040372,0.18158703,3.4831393,0.18714958,0.109149866,0.19805148,0.36137807,0.13532764,0.657586,0.05716879,0.9059398,0.71337354,1.0226167,1.0818182,0.5007205,0.2927497,0.3589961,0.70161647,0.12972163,0.40659496,0.17205441,0.82547796,0.51307434,1.637561,0.5077161,0.758165,0.037864674,1.0418504,0.1686058,0.56422216,0.4381724,0.3390123,0.4687251,0.058214903,1.3371345,1.1690582,0.7430191,1.029869,0.31285292,0.365799,1.2957696,0.10084843,0.15921725,0.7165711,0.0150051555,2.5868013,0.52189887,0.08765069,0.09117035,0.19419803,0.02811689,0.41256145,0.0023050883,0.3806308,0.22165999,0.4659165,0.4966211,0.69304353,3.3166869,0.85178655,0.25115794,1.4976543,0.5062412,0.08924039,0.04364325,0.23370777,0.18253647,0.93554354,1.7827429,0.6116211,0.6644896,0.14919594,0.14977561,0.7005992,0.5800543,0.0833964,0.12760648,0.6063366,0.5278846,0.10512199,0.7881402,0.00041645142,0.06669748,0.73887897,1.480683,0.78133374,0.41192415,0.26352194,1.0771608,0.21771662,0.3387623,0.21262793,0.058234233,1.0566941,0.82698774,0.72029734,1.0060772,2.1220884,0.121001,0.41915035,0.24535455,0.17071696,2.6453812,0.35416466,0.06445808,1.1315507,1.0932214,0.616192,0.23328196,0.3014661,1.1298867,0.24597465,0.4053354,5.8594685,0.2357782,0.5178481,0.28614017,0.025043035,0.9078462,1.0229416,1.1860921,3.8866856,3.097626,0.07779816,0.8652866,0.10324836,0.24855372,1.9599544,0.07337638,0.084938794,0.49201465,0.04045913,1.0062217,0.99535227,0.35131493,0.94478136,0.43896374,0.096897006,0.050779488,4.0839133,0.60788244,0.0010819433,0.18278715,0.01470933,1.1042851,0.6259066,0.32384425,0.33258694,0.34833488,0.011936635,1.5341176,1.5798798,0.06585415,0.34850848,0.54235184,0.046026394,0.28397962,0.5925083,0.8334679,0.6585075,0.13211195,0.66959053,0.5846149,0.027135873,0.46195215,0.573278,1.3333844,0.49099103,1.221038,0.041178722,0.064875476,1.1959112,0.315545,0.024061326,0.15692995,1.8997587,1.4046216,0.33893842,0.52653384,3.066339,0.5016337,0.043718852,0.2111928,1.067246,0.6330242,0.059644803,0.07477088,0.756546,1.3768373,0.21958837,0.013837955,0.7020494,1.0039917,2.7580662,2.3009174,2.837676,0.07076018,0.034238987,0.08029366,1.4154277,0.6251991,0.078216664,0.20781775,0.604946,0.003909656,2.1190448,0.091053575,0.39121538,0.8468757,5.6941514,0.616942,0.011703532,1.4747902,0.4357116,0.0,1.1510315,0.42446584,0.055412374,0.04123103,0.41455764,0.12589979,0.69467515,0.6339052,0.01464531,0.26121023,1.2002714,0.81861037,0.5202353,0.25685856,2.1202047,0.6324083,0.74580616,1.2525499,2.1986136,1.3732713,0.387455,1.4630798,0.33819434,0.23233815,0.56608164,0.47055706,1.164939,2.102535,0.40559247,3.538788,0.19904855,0.57685596,0.24163152,0.50283253,0.6952543,0.041465826,0.050840273,0.96892226,0.13507919,0.6022181,2.3336499,0.16973394,0.4277049,0.735069,0.62644076,0.2756646,0.19706662,0.8621458,0.64609456,0.48971158,0.5650318,0.71474147,0.041608572,1.0678102,1.8407981,0.24785194,1.9798414,0.22650994,0.50715446,0.50747675,0.51621485,0.240468,0.27985406,1.7455883,1.133556,1.196836,0.060695063,1.0883597,1.7859578,0.15804033,0.9107001,1.0539138,1.5640367,0.15186973,0.32337132,5.630844,0.52049226,0.25477976,0.0,1.304766,1.2894526,0.8214119,1.6109738,0.20585006,0.81153256,0.42995197,0.33883658,0.03910177,0.5615097,0.108297676,0.13806702,0.67723614,0.23598406,0.26692414,0.53481776,4.735244,1.1768163,0.47724324,0.9800899,0.4297093,0.0,0.019702554,0.8158255,0.271705,0.9029402,0.29220676,all_pothole_images\pothole_images_optimized_image_152.jpg
0.17058137,1.6819265,0.8365724,0.7765476,1.1659273,1.6810209,0.5040703,0.023744816,0.12461227,0.9571562,0.35309234,0.44595772,0.18537912,0.24652793,0.0495631,0.3014317,0.04534882,0.10642479,0.2884019,0.17953423,0.76145804,2.4762573,0.3413414,0.6342634,0.27935645,0.4865559,0.31778207,1.6737078,0.0043658996,0.14601539,1.1958674,0.058591373,0.2598669,0.75966656,0.09741273,0.6037034,0.69325346,0.7332906,0.08687866,0.59908056,0.0913134,0.6194121,0.5678903,0.87273395,0.8944517,0.09696695,0.2836732,0.008651639,0.5854967,0.46007085,0.54208803,0.8335897,0.11135971,0.22632891,0.85717875,2.3353684,1.9563392,0.072883606,0.48571783,0.0005718412,0.33782074,0.13278204,1.0782518,0.5233101,0.6056161,2.3050568,0.1130575,0.0,0.7353378,0.7615031,0.19249834,0.16907999,0.11958995,1.1759539,0.11171866,0.5875179,0.105243,1.5315984,0.34700945,0.20114186,0.06717781,0.077037886,0.10339726,2.4940703,0.22854845,1.1224074,0.6303077,0.3906365,3.612061,0.29738596,0.29100367,0.30737755,0.055081494,0.3618509,0.15826821,0.0,1.5612612,0.31620666,0.54024357,0.26743358,0.02734047,2.2856634,0.19328615,0.113765635,0.462939,0.37120682,0.28530544,0.69866854,1.3608359,0.5445952,0.09385377,2.111323,0.17659308,0.16151941,0.00078406546,1.033775,3.568449,0.6682669,1.0946192,1.0798283,0.6965585,0.5580226,0.64886093,0.7697919,0.13383423,0.5661298,0.5544434,2.214012,1.6076223,0.0,0.06587949,0.11453839,0.10456357,0.14355259,0.432544,1.0336949,0.550891,1.4606186,0.6574954,0.40891093,1.1263465,0.009541143,0.024604455,0.60158217,0.36155853,1.304804,0.10980827,1.1505828,0.058450017,0.59195316,0.4127496,0.23009059,0.028892368,0.9606672,0.52324146,0.17318225,0.19264369,0.24184549,0.6557343,0.7121415,1.197346,1.0587814,0.3743598,2.9647815,0.22637546,0.3573384,1.1673013,0.03255771,1.0847999,0.081881665,0.02788471,0.14910829,0.034862775,0.009716245,1.5310955,0.007499649,0.6111181,0.10698717,0.08297994,0.1726057,0.17050342,1.9884385,2.2137756,0.79352456,3.378256,0.2037295,0.023923652,0.1312385,0.98892623,1.739033,0.0024213647,0.11492941,0.01548127,2.4334848,0.07022899,0.032613255,0.34842184,0.7432636,0.4049969,1.1284198,0.25799674,0.13875087,0.7834021,0.635195,2.0944366,0.04094068,0.32243645,0.33226767,0.52158135,0.17706384,0.2801595,0.0023639724,0.6119226,0.64131117,1.1295049,1.6976013,0.08902417,0.0367189,2.413321,0.16704625,0.5998456,0.38435796,0.037487436,0.22550833,0.19314042,0.6641862,2.9021015,0.8011116,0.5339616,0.07708902,0.7872059,0.66990894,0.08658129,0.15384191,0.78722775,0.10890309,2.344859,0.041757666,0.14532596,0.20217066,0.303697,0.058306605,1.2338792,0.62468666,1.1767167,0.027090427,0.67249995,0.9806507,0.6646356,2.4414754,3.3885274,0.054605387,0.45736817,0.4679613,0.82549536,0.39839748,0.4807592,0.56327873,1.8661033,1.3707926,0.049969107,0.051720146,0.82016885,0.12625055,0.70696646,0.41283378,0.02823528,0.3538676,0.9153,0.23355779,0.11778298,0.20066486,0.025189966,0.14793347,1.4380661,1.1858608,0.6796117,1.9382917,0.3088388,0.8316956,1.099172,0.20540895,0.040219814,0.3480047,0.4726503,0.62450355,0.3012172,0.24565926,0.9721643,0.11362632,0.17006627,0.3680643,0.115090095,3.1729147,0.18986908,0.16095342,0.19588155,1.3812441,0.29434437,0.36142173,0.46198466,0.47638398,0.12207796,0.28639102,4.5660443,0.358009,0.16459817,1.5925752,0.0,0.94608444,0.51173705,1.3080591,3.2651267,2.343756,0.1974882,1.4889944,0.32145202,1.2598208,1.2343153,0.6393827,0.26240727,0.08971648,0.012096858,0.3863252,0.6204786,0.5612592,1.1055975,0.0,0.46161404,0.35147914,4.0488553,1.1513758,0.0,0.73557186,0.13994052,0.38572544,0.4728353,0.38395923,0.18204926,0.2540396,0.29314458,0.12088966,1.2000856,0.014808092,0.30476278,0.13722496,0.12923001,0.21091959,1.1070368,0.26536354,0.36825916,1.3031847,0.51484954,0.85898376,0.23152506,0.0006326072,0.6186071,0.9856435,0.13951476,0.9425265,0.058067203,0.3291041,2.5051644,0.22837295,0.10199796,0.21813789,1.6356015,1.6793147,0.13600545,0.3709717,1.6320536,0.06120272,0.6008962,0.0463935,1.114999,0.27922052,0.1794105,0.3868098,0.21781267,1.0553573,0.0,0.0032665005,0.120087855,1.5069393,3.842572,1.4672887,0.8697497,0.00023051373,0.17482278,0.7980551,0.51907283,0.5766005,0.05973156,0.2048742,0.3461654,0.029096467,0.6836195,0.06970357,0.0994454,0.13852383,3.550338,0.66859686,0.22832762,0.40516534,0.28279945,0.2673649,0.3314944,0.1185208,0.0026042182,0.19731607,0.022787502,0.7894827,0.5427255,0.19960068,0.22277689,1.182697,1.0579478,0.8844442,0.55840045,0.06766387,0.112890065,0.77702737,0.51967525,2.2728102,1.6315739,0.23744112,0.09008933,1.178829,0.4120691,0.453748,0.5956596,0.19489065,0.059947588,0.14491516,0.07102282,4.527948,0.2220935,0.25234467,0.01419992,0.19789769,0.7850426,0.3667397,0.5309646,0.7288636,0.15754761,0.19640206,1.2860535,1.7678443,0.32948676,0.4771196,0.77204007,0.64565074,0.18455112,0.38386256,0.61717045,1.7531791,0.8259018,0.46312588,0.13219349,1.2012844,0.27910826,0.5033468,1.9684895,0.059083853,0.18412845,0.24567054,0.9364854,0.34040934,1.4787151,1.3996553,2.3126597,0.65295345,0.94529253,0.4813669,1.9689324,0.5316152,0.14377655,1.5680631,0.4993252,0.45640716,0.4940654,4.7616954,0.35850945,0.20046254,0.025817987,0.3098001,2.3470705,0.19022657,1.2422183,1.0851839,1.1048175,1.3164108,0.009298123,0.08569941,0.027348561,0.5358263,0.5719956,0.4430142,0.24163243,0.06173797,0.059007343,4.8405924,0.9675327,0.6179913,2.0640972,1.0566818,0.024583494,0.3723868,0.83470166,0.623472,0.40972722,0.27630714,all_pothole_images\pothole_images_optimized_image_153.jpg
0.0154290395,0.016662223,0.0,2.2910898,0.0023194605,0.029349783,0.2866074,0.0,0.47253206,0.028978167,0.06824181,0.01590133,0.0,0.73572755,0.012962211,0.22557348,0.5110082,1.4659568,2.1946206,0.15858598,0.04205903,0.21654187,0.4355965,0.06978231,0.20406681,0.0,0.0030143778,1.9598696,0.123443455,0.0,0.1033477,0.11259074,0.12574364,0.109283745,0.014952677,0.7934499,0.0,0.0031055047,0.11813181,0.0,0.0,0.0,0.00075093214,0.43723717,0.0851727,0.0007143967,0.0,0.0022500858,0.19729707,0.9284162,1.490831,0.069300495,0.2057814,0.07152348,1.7595286,0.24501166,0.09773573,0.8807205,0.347706,0.5120935,0.37214997,0.0098567065,0.092852496,0.08347903,0.025977073,0.4090557,0.48051175,0.010885525,0.017925868,0.0,0.03246912,0.39919856,0.25930542,0.0023883386,0.90494084,0.0006024393,0.0033487822,0.2475375,0.0,0.57222587,0.0,0.031641003,0.013276518,0.55025965,0.004063392,0.0,0.012716573,0.0,0.09649604,0.06484009,0.76533777,0.11432724,0.0041001486,0.032572165,2.0600026,0.004336384,0.16068059,0.9591848,0.00089965685,0.0,0.0,0.80119056,0.08996431,0.0,1.3755752,0.00070220116,0.37112528,0.0,0.0029105896,0.14041778,0.0,0.12534077,0.0,0.5755921,0.0074438076,0.04509964,0.16834481,0.4553418,2.9952312,0.25426927,0.9788611,0.02359086,0.0,0.045556728,0.24216272,0.5402671,0.0,0.11518446,0.012933305,0.0,0.060289945,0.26648945,0.0088260975,0.08464889,0.0,0.048654247,0.0,0.09940209,0.026335375,0.0057533407,0.0,0.08740832,0.083302185,0.11165728,0.026667414,0.20128965,0.057870455,0.1836261,0.13673355,0.55085266,0.0,0.0,0.0,0.0,0.36524025,0.21834682,0.34608856,0.049076922,0.055180352,0.2912478,0.91168445,1.965383,0.0027661761,0.5759814,0.09008106,0.0,0.1372979,0.041971177,0.6276143,3.0177953,0.017357307,0.005244662,0.026734307,0.0,0.0,0.112118036,0.0,0.0,0.04641964,0.0,0.0,2.6163466,0.9228789,0.26191944,0.20967059,0.52714586,0.2297743,0.03924125,0.22558239,0.0326992,0.006930372,0.011094762,0.2876686,1.3024193,0.2753102,0.059428424,1.1074362,0.029463327,0.13529015,0.050319184,0.0,0.120259136,0.61111426,0.25612384,0.07644235,0.018585932,0.00081383664,0.0,1.2688326,0.59195006,0.0,0.009717211,0.1077017,0.009435421,0.2805931,0.37868506,0.09714016,0.041431595,0.0,1.0873278,0.0076430347,0.38140202,0.47351742,0.6796277,0.0,0.0,0.3093998,0.018299852,1.0840232,0.023941375,0.0,0.006275,0.14089093,0.012339587,0.08609712,0.10835785,0.042744208,0.085523516,0.0,0.3512796,0.04667336,0.09414254,0.0028787965,0.026850307,0.010137871,0.0,0.0,0.04406815,0.0007063406,2.0865676,5.5115876,0.033384204,0.0,0.045173954,0.008888201,0.22702429,0.019913558,0.377646,0.14250249,0.2578926,0.0,0.0050351643,0.23275334,0.94492686,0.0,0.07591377,0.90997094,0.01163267,0.043138284,0.10603677,0.3111619,0.02351189,0.046211474,0.05301637,0.060216203,0.81114405,0.24784085,0.11273854,0.10810622,0.0,0.009885742,0.061321482,0.12595847,0.60123646,0.017582538,0.004360455,0.040372502,0.023083977,0.024522498,0.0029571792,0.04094375,0.80041033,0.0014645845,0.022033416,0.30376512,0.20950916,0.0029366983,0.4033126,0.3578587,1.7793467,0.3968125,0.30848062,0.18846609,0.033225566,0.41059983,0.0,0.48326638,0.61680466,0.29018947,0.20737019,0.48905033,0.016200347,1.2400469,2.4643385,0.11455542,0.147171,0.0,0.4984358,5.081282,0.115175344,0.33668423,0.08790159,0.15682971,0.008258466,0.11433261,0.42485136,0.080363296,0.0,0.0,0.001309393,0.42518538,0.017521746,0.38465935,0.21015257,0.15412644,0.0,1.6643224,0.63352257,0.002545749,0.3242694,0.049344525,0.0003889495,1.8511767,2.3351133,2.7631698,0.007945505,0.004647702,0.21392892,0.0012579808,0.45494226,0.0,0.04073709,0.00044653792,0.20523354,0.0,0.81190056,0.0,0.52922016,0.24444968,0.055437144,0.018582758,0.92170084,0.23697746,0.036089197,0.0,0.0,0.092385605,0.10258209,0.024688032,0.0,1.0123898,0.0,0.60565287,0.09782203,0.004173156,0.015222661,0.002181647,0.0,0.13388105,0.029036326,0.21330969,0.0,0.02228586,0.37637344,0.48987103,0.017941732,0.2765335,0.040653914,0.09768068,1.1021045,0.007357049,0.0,0.2774065,1.582951,0.0,0.17307274,0.10096299,0.020802414,1.0436352,0.0,1.8663249,0.46548465,0.036082603,0.046907123,0.00498092,0.0,0.012830009,0.97850645,0.034094922,0.38423365,0.010893866,0.17531955,0.040711362,0.18123052,0.0034625158,0.010196962,0.5471769,0.0,0.03484503,0.0,1.1344393,0.15476003,0.0,0.43616617,0.96326536,0.0,0.211074,0.017741889,0.0,0.0,0.9324138,0.18073319,0.04855808,0.116860725,0.30978456,0.9777575,1.6762391,0.010530172,0.01266412,0.0,0.4429687,0.0063112336,0.14677332,0.17383522,0.059324957,0.0,0.16840097,0.03351305,0.012601986,1.0247698,3.5183995,0.018940754,0.062458184,0.0,0.08317442,0.8537667,0.0,0.078722075,0.0054998356,1.8044302,0.3707029,0.0032727334,0.5582482,0.0,0.060323305,0.0945902,0.36504263,0.0,0.0,0.090441525,0.49560994,1.2004745,0.30000034,0.019899772,0.15328872,0.02302878,0.057000354,0.86690676,0.0028380486,0.0,0.4620111,0.8320727,0.2536052,0.013787021,0.030588139,0.0054222704,0.00020924515,0.019981371,1.6438982,0.0,0.26413622,1.9735738,0.0,0.039390266,0.0,0.0,0.0041446476,0.0,0.0,0.0,0.047866996,0.54883677,0.07962813,0.049559344,0.18507992,0.35397422,0.40193278,0.07305646,0.13135429,0.9914999,0.0,0.0070564616,all_pothole_images\pothole_images_optimized_image_154.jpg
0.00540498,2.194432,2.2457483,1.587143,1.0032002,1.0301836,0.5349418,0.03674409,0.1636618,0.4421168,0.43964055,1.0133818,0.28290617,1.4787214,0.052569404,1.1340107,0.3433378,0.0067942026,0.6758564,0.11105992,0.5667478,0.8369455,0.5883861,1.0091101,0.122427635,0.5028657,0.018963832,1.6305295,0.19103171,0.22511789,0.20151134,0.24191228,0.19718185,0.16100171,1.0231768,0.27456596,1.5123466,0.16348946,0.6128204,0.15948632,0.17225036,0.44201154,0.9859977,0.742374,2.0504518,0.2703098,0.8542619,0.088018514,0.2350054,0.6649242,1.2748866,0.094815485,0.013876876,1.0284643,0.38395137,2.5810175,1.6424028,0.24093947,1.0579933,0.35632518,0.74893826,0.67704165,0.73862207,0.17747879,1.3462422,0.29222175,2.2543588,0.11041584,1.6459143,0.9800843,0.6246508,0.3630244,0.68557036,0.4492419,0.56455487,0.5476619,0.18867956,0.98689294,0.05109165,0.45901635,0.11206668,0.866239,0.38350442,0.7080119,1.0187125,0.58673435,1.1385647,0.10500725,3.4629347,1.5384717,0.19029601,2.0812597,0.075703405,0.7459075,0.40640923,0.4059602,0.103042044,1.8307648,0.13191968,1.3642114,0.29927838,2.0889382,0.90344125,1.0198343,0.24379912,0.31775385,1.4307482,1.2269534,0.45611605,0.44969103,1.5034521,0.66589403,0.27859253,0.83227956,0.93522805,0.12785062,1.1968079,0.9328601,2.0034099,1.1780553,1.0337244,0.29967815,0.32832298,0.48200148,0.71242774,2.5697005,1.4838008,1.1820203,1.6476477,0.7295624,0.483039,0.2708346,1.4106343,2.0105019,0.28226286,0.39008653,0.4257431,0.09843468,0.9773116,0.3181368,0.6513009,1.3373334,0.44439182,0.38666093,0.053189743,0.15627167,0.24829741,0.16678494,0.17802416,2.0270364,0.68835324,0.95427984,0.46580353,0.30110827,0.22429226,0.21060665,1.0375901,0.1302281,0.28935415,0.21035291,0.26904517,0.23189184,0.6542179,2.2252858,1.7175921,0.10760385,3.3251226,0.009192381,0.64275914,0.042203825,0.19894987,0.41858307,0.385175,0.5475996,0.6649673,0.13390066,0.19775407,0.30905393,0.115916446,0.48524657,0.4468408,0.41388494,1.0210464,0.7128736,0.6126493,0.3806863,0.39215514,0.7875417,0.5437582,0.3005344,0.02013644,0.8423231,0.1873135,2.1301992,0.121293746,0.07443532,0.897257,0.6427554,0.3910951,1.0348052,0.62159634,0.85108215,0.7358758,0.08802112,1.3088526,0.4482144,0.031673893,0.0,1.7105827,0.16917248,0.80581367,0.804391,0.34453264,0.6803309,2.1630354,0.62398654,1.0612226,0.17241804,0.79990447,0.32146344,1.1059886,0.26150638,0.36695004,0.20313552,0.6883828,0.58369356,0.13628301,0.6458638,1.6078712,0.0790402,0.052714117,1.0293782,0.6264791,0.012363136,0.34719077,0.3868299,0.33979914,0.20951624,0.03331292,0.3451456,0.57148826,0.28671402,0.73811466,0.628624,0.5809248,0.056638326,0.2438186,0.250886,0.44514441,2.0606322,0.7163022,0.6289262,0.87619984,0.0060078804,0.42002487,0.45696366,0.2566533,0.18348652,1.5532669,1.5029975,0.6409107,0.3391855,0.39914733,0.697609,0.3588347,0.05416037,0.8764365,0.657833,1.400399,0.083037004,0.70511425,0.023590744,0.5481392,0.12916707,0.01889316,1.2582142,0.81517375,0.70615005,0.13542123,1.088507,0.5279333,0.5301033,1.1126639,1.6413577,1.6268408,0.5521102,1.115451,0.18285136,1.8970685,0.9036157,0.27647886,1.225634,0.6680895,1.0017977,0.58635205,0.88154995,0.49967486,0.1363802,1.0481628,0.6330677,0.22408244,0.50680524,0.26992187,1.2332761,4.567428,1.4990951,0.24756895,0.20699212,1.4022547,0.92730284,0.6999595,0.4039489,5.311355,0.6021737,0.17026749,2.9562216,0.22377668,0.15626211,0.1381547,0.041270033,0.2798693,1.4971797,0.002520615,0.08264123,0.32921475,0.9192385,0.09104952,0.17966428,1.4985524,0.6203102,2.5924664,0.6977159,0.40654925,0.20220941,0.1662968,0.12577167,0.30444163,1.2570337,1.3233838,0.23846343,0.3206973,0.6247688,0.34797835,0.0053316443,0.6375682,0.7327512,1.1745714,0.024790032,0.21349163,1.1768129,0.58057326,1.0793505,1.1375912,0.13973008,0.14076583,0.43408948,0.08548436,1.477086,0.58599544,0.33583608,0.5254571,0.4515521,1.1564193,0.47113892,0.10365598,1.2705106,1.2937907,0.410716,0.9208089,0.1920913,0.23765075,0.119706444,0.44817165,1.2654884,0.17119664,0.80566436,0.43316385,0.04387266,0.11640685,1.3407598,0.060553066,0.44931334,1.7136034,0.32896975,0.8766987,1.3678443,1.6694504,0.29194686,1.3760301,1.5467118,0.7110954,0.046262726,0.037840005,0.52615887,0.20712994,0.3980174,0.3891411,0.5212087,0.14469218,0.36818555,2.6156294,0.53900206,0.19638349,0.6528915,0.5391798,0.085629925,0.505822,0.1022813,0.31770378,1.0845901,0.9266401,0.08082274,0.43895593,0.21484078,0.47255582,1.1535115,0.51439625,0.4139918,0.20567204,0.79452085,1.4771724,0.5708543,1.5347129,1.8680588,1.950034,0.035696637,0.4830421,0.82354486,0.785938,0.2604138,2.0155106,0.022839025,0.91507035,0.43608183,0.35217032,0.92580247,0.40383703,0.48894182,1.1163003,0.92203647,0.39652014,0.59024274,0.09142852,0.3246091,0.21676083,0.21219344,1.8133867,0.7359379,2.0036573,0.8450736,0.27118438,0.12517464,2.7185907,0.41887513,0.51314825,0.030407654,1.3551203,0.6452989,0.62541676,0.97016907,0.58251864,0.25775304,0.45749575,0.210018,0.17256,0.6362005,0.5413401,0.016097438,0.96446717,0.8211165,1.268938,0.2757848,0.1573134,0.052592997,1.6317713,0.2668942,0.7848357,0.1742105,0.3332582,0.14897029,0.31745598,1.3020902,0.8537142,0.20593518,0.060099076,0.6332557,1.8026185,0.44404137,0.013566107,0.12402052,1.024749,1.7241734,0.35987312,0.72703093,0.108525105,0.31007013,1.0990785,0.41766486,1.0370816,0.49973083,0.4114244,3.4943779,0.13797443,0.8760371,0.9643466,0.26158804,0.10282885,1.2265108,1.6805348,0.043084037,0.36709034,0.60073173,all_pothole_images\pothole_images_optimized_image_155.jpg
0.01269839,0.14423671,0.19506894,3.56531,0.9491373,0.025792388,0.14694571,0.0,0.12831135,0.53513396,0.6923262,0.5017607,0.0,2.7455988,0.011820614,0.0,0.012524987,0.79229724,0.5832376,0.000556945,1.1997926,0.121783555,0.3769106,0.101427235,3.4088562,0.060338885,0.011855066,1.9398246,0.0032564183,0.011956455,0.731145,0.0,0.0,0.18011989,0.015604964,0.87007916,0.49891853,0.36168945,0.7607163,0.0074937725,0.0,0.9010524,0.6875682,1.0054841,0.6446226,0.010604699,0.29265073,0.5088203,0.08498078,0.10776445,0.0059905513,0.14659029,0.10859564,0.104937844,0.14223321,0.10634372,0.85231304,0.049835037,0.0035159898,0.024116082,0.17422949,0.3709071,0.817794,0.33274382,1.2280362,0.46244305,0.56595385,0.042321675,0.009538113,0.11944192,0.49385014,0.0064615863,0.18737207,0.0,0.08566679,0.016757138,0.103388704,0.650712,0.0,0.091319144,0.0,0.65747285,0.7582474,0.676992,0.040985554,0.0,0.020868827,0.0,1.2817168,0.07531964,0.010064715,0.371484,0.28065273,0.009151885,0.18070272,0.0,0.95508856,0.62573344,0.31354573,1.2445016,0.19659396,2.200089,0.2415125,0.00058795937,1.7041532,0.23522295,0.75793594,0.0,0.12567008,1.1327127,0.0,0.115852006,0.142194,0.3147174,1.1331985,0.5247694,0.0,0.0133969085,1.8069093,0.7810848,1.1251478,0.0,0.95881516,1.262766,0.7093865,0.35193074,0.05527904,0.052426137,0.004447279,0.17135191,0.0009783376,0.2196015,0.1293488,0.06255865,0.022111336,0.008197458,1.345154,0.0,0.65522313,0.0009778705,0.78080124,0.0,0.08988006,0.0019867364,0.0,0.4280721,0.39501876,0.1862563,0.13912985,0.0,0.05329364,0.36889115,0.0,0.5002668,0.5257268,0.33452523,0.0,0.239251,0.80599177,0.0,0.71952957,2.5100508,0.17718323,0.029943494,0.51019114,0.096262425,1.3005852,0.108836465,0.46342164,4.0470133,0.0,0.0,0.25137863,0.68443435,0.0,0.03532485,0.35952544,0.047998037,0.08301801,0.083808735,0.0,2.6591566,0.33799076,0.4610488,1.285295,0.4879273,0.74893117,0.4729037,0.2313515,0.92717224,0.0780385,0.17634372,0.3774381,0.06641197,1.7213397,0.0,2.1630838,0.23720916,1.6576678,0.12695296,0.077478684,0.06571859,0.046471946,0.18222523,0.09940691,0.069029234,0.0023040683,0.017614549,1.9306488,0.8931825,0.012723306,0.002182574,0.446447,0.1094225,1.6475857,0.5422921,0.009946555,0.15822548,0.37382725,0.11805043,1.916851,0.1921739,0.0057310294,0.039374758,0.00913588,0.019637536,0.22592907,0.0,3.8637822,0.6340961,0.15323693,0.04548059,0.41352716,0.11173102,0.47204056,0.4118256,1.4565504,0.019752195,0.98783356,0.862349,0.24314578,0.005827586,0.5461139,0.4607388,0.0045465324,0.004939106,0.44699135,0.60954446,0.022385152,6.740267,0.3615706,0.23788694,0.0,0.005900305,0.0,0.36388692,0.029769922,0.73026097,0.3583106,2.544651,1.0967387,1.8960226,0.22249806,0.017335832,0.32287857,0.03665246,1.4527969,0.0,5.3751493,0.3867436,0.87861943,0.018597364,1.4447662,0.0,0.10172634,0.34386304,0.0,0.013816075,0.0,0.2642334,0.38663143,0.036921423,0.46567854,0.0,0.0,0.75346667,0.22265176,0.9389885,1.0417234,0.38053918,0.0,0.057523265,0.0,0.7734436,0.27987385,0.4518252,0.1451538,0.4839385,0.34945634,3.5019789,1.4298183,0.19929796,0.011986124,0.00091690064,6.0963144,0.010204256,1.255357,0.0,0.12101568,0.27777696,0.031441614,0.11889985,1.0602447,0.9866031,0.9757816,0.71557236,0.0062650763,1.2100586,4.3126626,1.6737976,0.010090559,0.0,0.5650646,0.13344881,0.15538527,0.0,0.3833312,0.05447216,0.022666376,0.12260574,1.3460294,0.71759844,0.0,0.6155999,0.3202749,0.0,4.5622783,0.98998547,0.09786886,0.04984236,0.15899594,0.09351493,3.4279678,2.1684284,0.9036988,0.2221072,0.32992464,0.69210434,0.77535194,0.0,0.052285988,0.2279089,0.0,0.02150847,0.14254285,0.7498795,0.46879157,1.606839,1.7934474,0.62487084,0.58433664,0.29209796,0.042082775,0.5791463,0.13943629,0.0,0.06632929,2.762035e-05,0.050825857,0.018226326,0.41188234,0.01692245,0.020789368,0.045545295,0.0,0.14896405,0.1722119,0.14112797,0.34159562,0.0048601157,1.5407101,0.0,0.5040833,0.81507045,0.75674444,0.0,1.8662019,0.029071748,0.14242284,0.5760322,2.2218046,0.0,0.001274462,0.4226827,0.07310552,0.16015731,0.13338865,0.27024937,0.13587134,0.13689756,0.1261368,1.0525105,0.2605475,0.10718646,2.2090347,0.51519835,0.0026355903,0.24743402,1.5986053,0.034434143,0.0,0.00037213828,0.0,0.042962637,0.13022904,0.1991911,0.07928088,0.2846675,0.0936609,0.06817264,1.2705926,0.148971,0.22815152,0.056143798,0.30118185,0.58724946,0.056513492,0.34774697,0.0065398263,0.21124497,0.0,0.0,0.0,0.078181684,0.4720206,0.0421319,0.1119432,0.6079809,0.1746294,0.017616298,0.4916788,0.795505,0.08191496,0.0,0.011986913,0.049973488,0.12897825,0.089918934,0.20573181,1.2081282,4.193098,0.65665,0.3297706,0.0,0.057624444,0.2183828,0.36165363,0.0047518704,0.0,0.24753097,0.9760197,0.05751682,0.035772886,0.0,0.31154883,0.2572031,0.0,0.0,0.09422259,0.14274317,0.09070174,0.2701271,0.0,0.19701558,0.5281879,0.0,1.3417588,0.1581355,0.92824537,0.0023108213,0.056096826,0.15444364,1.4579701,0.079633154,0.52775836,0.04505247,0.032477964,0.01735225,0.9681621,0.16961822,0.4659785,2.5806603,0.0,0.14202435,0.0,0.008740743,0.3127591,0.051607754,0.0,0.25035924,1.60003,1.6772196,0.070916705,0.0594106,0.1062128,1.1815186,1.5874039,0.23278646,0.010706958,0.35408688,0.09605783,0.0870129,all_pothole_images\pothole_images_optimized_image_156.jpg
0.58246636,2.2516463,0.81935406,1.4252254,0.31133363,0.76739585,1.2908999,0.046288997,0.66238153,0.78328425,0.3191117,0.78789574,0.16278042,1.7423414,0.31549376,0.3740074,0.4259979,0.6501655,1.4130093,0.19031063,1.6166195,3.1911023,0.21775512,0.9788891,0.453159,1.3853436,0.7025501,2.706002,0.17427014,0.49423602,0.6108033,0.014433319,0.2292855,0.5831591,0.6709118,2.0281813,1.0317307,1.8242811,0.36689988,0.72852045,0.31542724,0.08916814,0.6760959,1.5580765,0.9887478,0.73716825,0.25283027,0.3012082,0.39070883,1.1969055,1.6144856,0.27368316,0.17210403,0.79219854,0.27746588,1.8012589,1.5464597,0.23409252,1.1539181,0.27039894,1.2568252,1.1277287,1.7075019,0.22398995,0.1475235,1.6906891,0.4828588,0.11950982,0.8746654,0.60653365,0.21905856,0.6806824,0.1627037,0.5322995,0.6203453,1.0032406,0.58548576,1.8672496,0.30500996,0.688834,1.0478777,0.07344374,0.14940925,1.655986,0.92389303,0.08606229,0.32313487,0.049029183,4.61707,0.20468785,0.30863503,0.5662999,0.16689715,0.26186052,0.44872096,0.0020546748,0.7481314,0.98040825,1.3325362,1.2197298,0.16375276,4.4931383,1.2613263,0.45006117,0.28993893,0.06717422,0.96803164,0.58042693,0.120189235,0.74569196,0.37424582,2.0580113,0.45187524,0.0199593,1.3367809,0.50593716,2.664618,0.46708834,2.664457,0.6182892,0.859427,0.44891033,0.15455227,0.8273201,0.77925646,0.36946613,1.9870546,0.38007736,0.4998716,0.07976999,0.14818294,0.1933751,0.30312988,0.08735806,0.014302166,0.13460049,0.7487747,1.3227346,1.0874707,0.4802498,0.6968382,0.19152643,0.18360114,0.60173655,0.55130446,1.1998895,0.90525746,0.0076234206,0.6534019,1.1000019,1.3459772,0.56961095,0.0,0.22536398,1.5111797,0.5758668,0.7525617,0.2154684,0.6099098,1.0824996,0.9957337,0.80955863,0.11010132,2.8213625,0.4573854,1.2863653,2.9886954,0.38798776,1.0648257,0.52914983,0.44374663,0.13015544,0.2965878,0.9490228,1.3053337,0.15936406,0.109485224,0.25435483,0.7760237,0.2497687,0.3271692,2.6424286,1.556746,1.2210222,0.78143543,0.86251044,0.26760048,2.4790237,0.26065373,0.5657538,0.52241653,0.75443697,0.0078057717,1.7722368,0.13175417,0.099463396,1.2326344,0.069240995,1.212375,0.62206435,0.006864643,0.5114229,0.6595561,0.45402566,0.9035473,0.2550382,0.34583282,1.0884088,0.25332797,0.12632567,0.1374491,0.18534905,2.0265965,0.9489808,1.3870337,0.65540016,1.2225196,0.0,1.159894,0.2582665,1.1153153,0.04206891,0.5361425,0.48996994,0.19450164,1.8867618,0.6200988,0.5561943,0.70907795,1.0026655,0.3152024,0.62994903,0.026041536,0.15690131,0.2758849,0.27349895,2.2149673,0.947317,0.03294395,0.19302641,0.22229774,0.017983695,0.0319236,0.42520347,0.49101728,0.1873811,0.4773887,0.10502937,0.847242,1.8209857,3.2150407,0.07974002,1.26954,0.07698899,0.28726423,1.4965556,1.4866391,0.66136736,1.0766217,2.057332,0.044328455,0.6771184,1.1154588,0.73903733,0.8920537,0.06712509,0.12130086,0.59034085,0.10165878,0.40412778,0.4003573,0.10803685,0.18514957,0.2071515,0.68756217,0.6991538,0.6754673,0.5085189,1.6610303,0.7619805,0.4737183,0.023772275,0.26986343,1.7303067,1.0664604,0.95428884,0.93592644,0.45155543,1.4841865,0.19107184,0.6579069,1.9426764,0.10354244,0.55597645,0.34127122,0.16068007,0.5538993,0.7813417,1.1288966,0.604688,0.24510118,1.0799263,1.0198146,0.977277,3.8036382,0.49062693,0.34700653,0.76981264,0.88989615,2.0027933,1.9985815,2.6958115,2.6930623,1.0966705,0.4057436,1.6169385,1.2203003,1.1015834,2.3760676,0.19556916,0.015898077,0.46691707,0.7801506,0.30854627,0.9606326,2.1802816,0.39685154,0.0053741657,0.94125926,1.3249857,1.0929873,0.4758764,0.2719607,0.37237042,0.121728174,0.65644723,0.91064715,1.6605229,0.08531934,0.986521,1.4463513,0.6257431,0.76021934,0.4024716,1.4446529,0.45128664,0.25428385,0.014323654,0.90110916,1.5604453,0.90089864,0.4614734,1.7021914,0.23598011,0.10607123,0.5331863,0.5080742,0.7728448,0.5781335,0.26499784,0.0005602983,0.62839544,0.5288598,1.373428,0.6925557,0.30015823,1.975916,0.8043547,0.3148133,0.2703183,0.7503381,0.45091122,1.0639137,0.65739757,0.24572648,0.58483523,0.1379321,0.13974142,0.2105183,0.228106,0.5939302,0.41605166,1.691765,1.6155822,2.7396739,0.7763309,2.6799655,0.08890111,1.2277732,2.795866,2.5919862,0.16813304,0.07374361,0.48879063,0.17407563,0.04541911,1.4464326,0.027654234,0.4120002,0.07088075,1.1354784,0.64939344,0.12051659,0.57049596,0.60354364,0.026263125,0.59494954,0.76327413,0.23970681,0.21801002,0.5023328,0.51021117,0.17235959,0.47195423,0.19962355,0.32905212,0.24010032,1.1857287,0.25616333,0.006747411,2.9951692,0.71200776,1.4807861,1.6125659,2.825684,0.55074555,0.16326563,0.866949,0.13282356,0.3078275,0.15845907,0.020776024,0.5961664,0.6375259,1.7047069,2.902124,0.5941848,0.6591385,0.25272298,0.7229287,1.7946225,0.27648225,0.22874267,0.1277801,0.6025389,0.18190289,3.2856276,1.1229305,0.83359605,0.214512,1.1398147,0.6171571,1.2731209,0.7945235,0.9910549,0.7783458,1.8198249,0.7003261,0.30865896,0.6338375,0.41551137,0.007816224,0.3516377,0.3527786,0.60945904,1.4115763,0.7677364,0.72815126,0.7546183,0.82276356,1.2418363,1.3358954,1.4059321,0.219841,0.9197546,0.2991686,0.81166774,0.7344472,0.771111,0.3158773,0.52038985,2.6898856,0.002867678,0.20017786,0.37267193,0.10367026,1.9035693,0.085835174,0.36485505,0.6646355,0.69698113,0.78843516,0.1825108,1.566418,0.0798678,0.13937053,0.24996786,0.6223486,0.08712613,0.15685083,0.8543091,3.4389052,0.20035814,1.2232686,1.187268,0.61024624,0.108619034,0.074763946,0.58020014,0.46878743,0.04805511,0.52153444,all_pothole_images\pothole_images_optimized_image_157.jpg
0.3858691,1.6257317,0.29204977,0.516963,0.78081435,0.74983704,0.4059792,0.120008156,0.21470754,0.14769275,2.2652926,0.32993358,0.046466764,1.4154645,0.94468546,0.5567681,0.86199546,0.024347465,0.9400622,2.1244934,0.29320577,1.8416932,1.7615637,1.5375111,1.0435747,2.4102452,0.10540092,2.3401532,0.19313109,0.4426793,1.155992,0.28174847,0.0,0.6166412,0.12424404,0.4819265,0.5255318,0.9820024,1.0950513,0.6268284,0.12839253,0.45377648,1.4049587,1.388977,1.8203492,1.0342547,0.19495757,0.2510346,1.6578655,0.096819334,1.3538989,0.7800662,0.47804108,2.2319102,1.3756894,0.34656408,1.814498,0.3400767,0.7827337,0.19115937,0.07021124,0.525961,3.1720407,0.11611549,1.5984997,1.6471554,1.7683749,2.460382,1.4766465,0.75253624,0.68857324,0.061465964,1.3383359,0.1348839,2.4765036,2.0390425,0.05440263,0.25610203,0.020621669,0.8118028,0.21164417,1.3048927,0.16285047,1.4583099,2.1315126,0.101468354,0.745984,1.0298079,5.2730613,1.491419,0.6551753,0.7887137,1.9165314,3.1909392,1.2453347,0.545053,0.29137734,0.7661584,1.179635,0.5883443,0.054958917,1.5530542,1.0634775,0.42227218,0.77690715,2.501468,2.043305,1.2119884,0.56081754,1.4732591,1.1644242,2.0414836,0.5480871,0.23930721,2.349705,1.205813,1.4543707,0.8774596,0.96424407,1.4303743,0.9473516,2.5716846,0.6016164,0.27400002,1.7326413,0.8943623,0.43989336,0.27773565,0.46581712,0.22028321,0.49844757,0.24917345,1.6594192,0.77287245,0.44670567,1.7607732,0.23957504,0.3902115,1.1153831,0.116533674,0.425803,1.4601346,0.47587663,0.5972799,0.6919652,1.1346099,0.8643965,0.51232547,2.316081,1.5346106,0.42404982,1.6082428,0.74695253,0.10562736,1.0825357,0.39136687,0.70054406,1.9571751,0.08035269,0.09204667,1.4576718,0.0,0.009710714,5.407599,1.2111543,0.73525125,0.89065856,0.20709465,1.8410563,0.4302562,0.74077034,0.78353864,1.682215,0.2588818,3.7259715,1.2387196,0.406986,1.2719232,0.097480945,0.6416933,0.8209943,1.3320351,0.8069408,0.39742374,1.4756684,1.0159233,1.4436169,0.6415152,0.47776353,1.2429814,1.5812838,1.8620486,0.06647545,1.9097002,0.66595954,0.13693386,0.7640299,0.6796117,0.2392474,2.4427643,0.43845913,1.267604,0.80481035,0.7894565,0.2721905,1.1986037,0.61604846,0.016797112,0.9000116,0.0658833,0.4389341,1.5851152,2.2374344,0.23052162,0.33981976,1.3920456,0.86796474,0.563509,1.4977018,0.08388152,0.56520516,0.1277764,1.056365,1.2073811,1.273366,1.3192805,2.1582162,1.1100287,1.3803456,1.121037,1.4503037,0.52618104,1.3658096,0.1713646,1.576225,0.2222912,0.25020576,0.08377521,0.50995916,0.7958243,0.19459124,0.5656522,0.7964224,0.2950757,0.57113993,0.5086335,0.651838,0.22915111,0.48919478,1.4438524,1.5410647,0.09371526,0.49545053,0.55211717,1.1409409,0.021214733,0.3304638,0.7255527,0.5964531,0.6051212,1.3938385,2.0417988,0.27954492,0.044070035,0.4233909,0.69756365,0.23891744,1.2983518,0.38293222,0.2009031,0.18349895,0.021574587,0.9001214,0.26362348,0.5294736,1.0396761,0.57674855,0.56997216,0.64495116,0.050049875,0.019427538,2.1013172,0.7333835,0.74851316,2.1478806,0.229418,1.3443924,0.8528366,2.0296786,0.8752678,0.6061117,0.33425763,0.42116877,1.5454855,0.7029396,0.9600492,2.6852446,0.5076281,0.2668139,1.687338,0.11886788,0.40198725,1.1607374,1.0109212,3.4581258,1.1353279,0.33864117,0.5311074,1.4772756,0.8543256,0.36103266,1.11832,4.2532887,1.4739127,0.64766884,0.27552947,1.2009852,0.48986223,1.607951,0.1913088,0.8418755,0.83435446,0.24187781,0.10994769,1.1106502,2.1008477,0.21106538,2.5768847,0.50600684,0.6838497,2.269392,0.7509401,0.6628204,0.58418506,1.2556199,1.7693899,0.30437076,0.91619736,1.1827806,0.35817635,1.1641197,1.5125457,1.0294746,0.17532045,2.1834755,0.22298673,0.77309835,0.22264864,0.08936408,0.91738015,0.19249801,0.51656556,0.29496616,0.5911651,0.74754643,0.02821261,0.4857455,0.7939146,1.8738774,0.08657901,0.8128986,0.19295682,0.067144625,2.1716282,0.53100026,0.882868,1.3896431,0.1579297,0.5985806,0.27883607,1.3248888,1.4900641,1.5690695,1.6040473,0.9703418,1.5273155,0.30270758,0.6450344,0.5962061,2.0498412,0.5875751,0.4551235,0.6801581,1.9644643,2.1820807,0.21318012,3.5304353,3.4859257,1.529338,2.4858727,1.7603816,0.31680748,0.61937946,0.30848593,0.5693098,0.76623213,1.7260514,0.8016149,1.2226422,0.19070265,2.271575,1.4239349,0.005592365,0.96733356,1.2424557,0.3739047,0.5297983,1.0609832,0.07948584,2.346123,0.8818639,0.9147901,0.4668821,1.0435089,0.20421627,0.15301186,2.2406535,0.6336909,0.8964344,0.52941877,0.44417718,1.110313,1.7268354,0.9629644,1.0833889,1.1818099,0.0,1.1078153,0.26825348,0.46844572,1.8589897,1.3232937,0.5650419,1.0787803,0.6174896,1.1988443,0.7653944,0.4043933,1.6412854,1.6507522,1.6039014,0.87617475,0.5992495,1.09029,0.14423127,0.83787894,1.7759918,1.4810364,0.35473523,0.3903806,0.4147541,0.23476101,1.3351054,0.084747866,0.26923943,0.5165592,2.0422733,0.11236383,0.4084928,0.26987055,1.1471825,0.23962767,0.69697505,0.3918584,1.6644406,1.68935,1.2326072,0.026493486,1.3224448,0.50641364,0.6986291,0.11890558,1.1909012,0.39425805,0.33222166,0.7793926,0.34164855,0.6326337,0.44405523,0.9044976,0.17803192,2.2598412,1.3790652,1.1136258,0.9859183,0.9285724,0.62333006,0.9118613,0.014189883,0.11194871,0.8275471,0.76860756,0.15252484,0.17642234,0.09421835,0.010140224,0.93004715,0.15892152,0.6751284,0.4879911,1.1701596,1.5607417,0.3186613,0.32857046,1.0549486,0.84061766,0.044299737,1.8024491,1.0405314,0.16227576,1.3725281,0.57366574,all_pothole_images\pothole_images_optimized_image_158.jpg
0.017341483,2.324505,0.7637234,2.0993726,0.10899552,0.15061267,0.32346052,0.0,1.7260536,0.010725156,0.9104734,0.13272831,0.40905514,0.5453239,0.016973404,0.3366116,0.00740373,1.4252758,0.7990761,0.59802526,0.7614036,3.4250767,0.36034048,1.3004147,0.52482146,0.31425792,0.08325744,2.7588184,0.14117768,0.40519154,0.62596315,0.041793607,0.20267054,1.8984563,0.26064786,0.0,0.0455916,0.7640879,1.4295572,0.19885033,0.9671484,1.0625236,0.11792234,0.15405484,1.7777046,0.22885618,1.053643,0.07917941,0.50515896,0.08475702,0.46015376,0.4452702,0.45009664,0.20928599,0.010409182,0.38152993,0.24900328,1.0120233,0.68547577,0.92171663,0.23536739,1.2048882,1.1079397,1.1153362,0.6621597,1.8301032,0.47535673,0.00058748014,0.14337853,0.65274507,0.37576178,1.4594007,0.6285352,0.025461476,0.075536735,0.23644347,0.72406924,1.0976231,0.0,0.5637492,0.17361215,0.5458547,0.7485275,1.2200764,0.29207247,0.9275015,0.78433645,0.117640026,2.6017177,0.77286047,0.00045508955,2.0783608,0.15216911,0.5988993,1.3640655,0.13132386,1.8880038,0.3512351,0.136729,0.8695836,0.2535248,0.15818097,0.7784877,0.3042393,0.91163695,0.252952,0.37638918,0.0187639,0.018960869,2.0527873,0.3397179,3.1231608,0.23301105,0.0258928,0.024146067,0.52814126,1.208547,0.9155471,0.7427558,0.12870269,1.999483,0.8737934,0.04022846,0.7769079,1.0487565,0.70714927,0.3983647,0.0,0.52576673,1.3376964,0.8961965,0.76231396,0.0073809586,0.011549136,0.09171356,0.48570704,0.09177828,0.3485288,0.30232075,0.6668139,0.37114298,2.0401917,0.102553345,0.49962327,3.8185433e-05,0.15552469,0.42311835,0.43492195,0.43619084,0.11743495,0.033330876,0.45181555,0.113116644,0.35942623,1.4158702,0.24216922,0.056599014,0.6456709,0.2890836,0.98649806,1.6163402,2.37783,1.0844573,2.8872144,1.2046026,0.5706426,3.511784,0.10848685,1.4182134,1.3373353,1.0630801,0.31768993,0.30916753,0.16649984,0.68708736,0.7919701,0.2898101,0.2897914,3.0174673,0.099974744,0.023143554,0.7986324,0.7277739,0.49016973,3.2490919,0.43221593,1.0883291,1.6899918,0.36633316,3.413264,0.50999534,1.3708396,0.06853381,2.7857637,0.16765201,0.088403314,1.2588233,2.798453,0.50283533,0.08855022,0.20287876,0.5552494,2.0694187,0.26938212,0.49173954,0.4114945,0.56679624,0.004266946,1.1529568,1.7474902,0.0716334,0.048650395,0.8116707,0.018008193,0.5478944,1.0424812,0.07818634,0.45386472,0.83565986,1.2396221,0.9333017,0.6769588,0.7726635,0.6445067,0.16060928,0.11056431,0.8032004,0.0804255,2.147034,0.054591853,0.111646,0.34588537,0.5123724,0.20610751,0.69361955,0.20284894,1.0032985,0.10163132,0.28273392,0.26444894,0.1599197,0.8627931,0.5267198,0.7033361,0.060816247,0.034336664,1.3797137,0.22431554,1.4511576,3.3752851,2.1241455,0.069017276,0.7788729,0.26336524,0.40415132,0.32694492,0.9334357,0.8536337,0.064226896,0.68156564,0.3723395,0.24012114,0.69867784,1.8397511,0.01594419,1.4649465,0.66589403,1.472055,2.270335,0.25726333,0.4792703,0.22291663,0.7319511,0.5230168,0.359226,1.5616984,0.839873,1.4666288,0.2135996,0.46262336,0.67318815,0.20363708,0.34783167,1.8961685,1.0270756,1.4405642,0.62500405,0.1299885,0.9769075,0.29577234,0.21433751,0.39860928,0.06661899,1.4877017,0.45175198,0.17653243,0.6098594,1.7032511,0.2056913,0.71197814,0.94616926,0.32811972,0.22271296,0.44449568,2.6901054,0.03632334,0.23008074,1.6937644,0.9491421,0.2945716,0.09136368,2.0834622,3.8252833,1.2844752,0.33995476,0.3227582,0.7235124,0.4348107,2.2584105,0.82329994,0.067385666,0.82300264,0.0036106948,0.880183,2.5391335,0.82731533,0.46586025,0.0,0.4236103,0.53417414,5.3633175,0.34757188,2.891393,0.012464905,0.05752246,0.02716015,0.90228486,0.43161026,0.043817382,0.6132081,0.007925531,0.7297578,3.0722127,2.116612,1.2410725,0.004307733,0.35903233,0.1517545,0.13874315,1.5916033,0.30825913,0.27736983,0.26595208,0.061162576,0.044667926,0.049971033,0.045671947,1.869994,0.62400687,1.144867,0.4271353,2.3276925,1.2420106,0.90730476,0.016799469,0.45875245,2.0973217,0.850533,0.48150954,0.8003385,1.3726616,0.9534351,0.6239358,0.91258204,1.0690058,1.4532827,0.051378313,0.540451,0.5037385,0.8799801,0.13557549,0.34401298,1.9103401,3.1690114,3.452007,0.07323102,0.74559414,0.12921496,0.0,3.4924686,0.60040444,1.969611,0.044062067,0.6019278,0.015890764,0.13649108,0.5307494,1.3791145,3.1421316,0.32599106,2.4256709,0.6657299,0.070363164,1.2998916,0.79360586,0.7536749,0.9295655,1.466359,0.255891,0.1766484,0.17169583,1.9323747,0.79029065,0.29607454,0.011184248,0.3075468,1.2188365,0.24430962,0.485617,0.6244592,1.1936594,0.071940884,0.9349572,1.645828,0.7120283,0.36197957,1.790461,0.6451055,1.3919234,1.1365649,0.21119642,1.0456889,0.0016639077,0.033430025,0.15452066,2.3163607,0.8274262,0.46182927,1.996847,0.7918283,0.8555499,1.5813929,0.6256867,0.15184304,0.010014137,0.07446235,0.16712812,0.18178536,0.1777258,1.7333986,1.2002447,0.35044897,0.22188972,0.10736728,3.0599208,2.727255,0.15429181,0.63798803,0.46574795,0.91729873,0.1287178,0.69514465,0.52023876,0.6325223,0.23259419,1.6357322,0.6182646,0.20562339,0.21290696,1.0658706,0.39009678,1.2053738,0.47921997,0.10062279,0.61627084,2.8046525,0.10373619,0.6207813,1.2977676,0.008639534,0.59541786,3.1696832,0.64346576,0.33069876,0.06950715,0.39154336,1.0912582,0.0,1.1945555,0.11295812,0.25763503,2.096094,0.010504422,0.1947594,0.0016484014,0.031217396,0.3281583,0.9173088,0.046999134,0.7367907,0.044092007,2.2967336,2.0759234,1.050905,0.56633556,3.5922658,0.5928956,2.6015863,0.38456267,1.4946955,0.69370204,0.5558816,all_pothole_images\pothole_images_optimized_image_159.jpg
0.1724024,1.1937464,0.9813239,1.9869362,0.45890877,0.631668,0.10756639,1.593715,0.5413048,0.86410195,0.84410584,0.9012633,0.43262684,1.2930007,0.16007283,0.52167,0.3457567,0.16943908,1.8481686,0.101255015,1.2322136,2.2417936,0.8015627,1.6677365,0.15226847,0.022447364,0.082613274,0.4711511,0.13357466,0.9262383,0.35036075,0.0858484,1.5046408,0.5997778,0.779344,0.75392723,1.3122234,0.042618204,0.6966889,1.06042,0.72792035,1.2421484,1.0941579,0.5250349,0.28014642,0.4741092,0.32605883,0.0,0.15880851,0.632339,4.7113876,0.14997648,0.8689881,0.84535474,0.76274616,3.3182397,0.5566989,0.014065271,1.6099545,0.976763,2.9372876,1.0252936,0.32102296,0.41021198,0.5240964,0.15511179,0.97212887,0.028808754,1.6957202,1.8732942,0.55725896,0.3620645,0.14239521,0.6293825,0.11986342,1.334141,0.67295164,1.1838939,0.08890788,0.20515017,0.1555273,0.39833575,0.40647358,0.8780554,2.1307495,1.1610417,0.6442388,0.07923782,2.628142,0.44550237,0.06879266,1.5402235,0.27656236,0.5567989,0.03428223,0.25259823,1.2368994,1.3795489,0.48002476,1.004449,0.20377433,1.2374457,1.6948339,1.5760037,1.6507804,0.47023228,0.0,0.71255827,0.048087254,0.777264,0.96831524,1.6764791,0.43951827,0.5296812,1.028396,0.1593275,2.5073812,0.44302094,1.4745448,0.35918784,1.2507901,0.29648072,0.25603005,1.3648998,1.2339481,1.7710471,1.6260108,1.7697185,1.935449,0.7958668,0.18029435,1.3731996,0.2403344,2.9495528,0.23875244,1.4672945,0.46237704,0.3752662,0.13911504,1.7901567,1.34641,0.004357628,0.8317206,1.121151,0.28623345,0.9093422,0.88097966,1.3799717,1.2135999,2.5656781,1.0033114,0.67445815,0.13055892,1.0743932,0.9915963,0.02798341,1.0135545,0.27021185,0.02678313,0.84733367,0.20823507,0.93956274,0.3751143,2.165301,1.3916296,1.4069933,1.1062838,1.440055,1.822331,0.51935565,0.468964,0.14732473,0.16222362,0.2397433,0.585608,0.62233037,1.1136183,0.16448276,1.4343841,0.25368556,0.28431678,0.6208614,0.37796387,0.8806674,2.0449038,0.0,0.40932515,3.0404165,0.76947933,0.141052,0.11279247,0.37382323,1.0932715,1.297664,0.38198102,0.0030300498,0.77477777,0.4367712,1.2430573,1.2202362,0.11118548,2.078507,1.6563168,0.30998144,1.4485947,0.5676711,0.12345942,1.4085113,0.82871455,0.73649806,0.152056,0.4054115,0.78742635,3.021851,2.0944517,1.2910467,0.7473255,0.88444847,0.49419162,0.25653493,0.29281,0.26529452,0.33942902,0.3637259,0.5532279,1.1361619,0.77099717,0.1254755,0.89328307,0.15837416,0.071304195,1.5794721,0.5359539,0.29077974,0.13845779,0.05545632,0.35177347,0.7313729,0.08436944,0.0,0.486892,0.08989622,0.43418095,0.8298424,0.9234981,0.60646415,0.21961501,0.61317366,0.9411571,1.7383744,1.2380506,0.11135309,0.6501398,0.07558935,0.11918957,2.1657636,0.21373872,0.14752203,0.7087339,2.178042,0.3732212,0.21154355,0.44126,0.6951852,0.6466991,0.50356746,0.09651031,0.36364287,1.8052803,0.2481967,1.1978079,1.0064332,0.17308006,0.88408107,0.1658418,0.56332445,1.3231521,2.429728,0.36435273,0.6634761,0.69410765,1.6290486,0.6633747,0.62602955,2.1916435,0.26256433,0.57442504,0.53097206,0.9476631,0.2042696,0.5230252,0.98865694,0.11829504,1.4240185,0.12927671,0.18195575,0.99474883,0.8663732,0.71593255,0.14313814,0.47190464,0.29236475,1.1623476,0.5870478,0.755428,1.7048595,0.24263436,0.41346806,0.58898675,1.4749631,2.0587852,1.2862675,3.7208245,0.12467006,0.5704764,1.8573061,0.046414442,0.42829677,0.3448554,0.047827687,1.57481,2.0569406,0.13363275,0.27760148,1.423261,1.4607117,0.081979,0.11911696,0.57957965,0.57892704,1.6973634,0.10016314,0.46511957,0.32802385,0.8324361,0.5226064,0.20952925,1.6254021,0.07679868,0.65545344,0.81515235,0.9192053,0.6582759,0.020766046,0.37585092,0.33764267,1.43465,0.12492577,0.7407504,1.1009247,2.1945708,0.9858717,1.911987,0.5946997,1.7041734,0.30833498,1.3797451,1.867056,0.16495506,0.5708862,0.5644869,0.1318373,2.4737444,1.0223793,0.6247941,0.64983857,1.7857513,0.38313246,1.3595271,0.5216997,0.70811164,1.2131696,0.16187069,1.3386103,1.3886329,0.44655982,0.65526223,2.9252396,0.17748298,0.67854387,0.2360137,0.54581726,1.6693467,0.50631034,2.1659813,0.65800655,0.8022518,0.42087623,1.76908,2.0157096,0.4493415,0.22486216,0.12739985,1.1058457,0.6525432,1.0485705,0.51395506,1.4611983,1.8413419,0.22858487,1.865826,0.41123888,0.19751024,0.5493243,0.3592769,1.2878145,0.19826558,0.0807981,0.8102224,0.054944694,0.4406074,0.12568505,0.36626485,0.12497999,0.004449438,1.7520514,1.570366,0.06273753,0.83466643,1.338432,0.3650238,0.9210594,3.0064118,0.93587065,2.7867067,0.14102551,1.3663014,3.698034,3.3877707,0.19455318,0.32645535,1.4376937,1.3807507,1.304094,0.7680777,1.8583467,0.5216124,0.7100283,0.74914235,0.47581172,0.61548686,0.9771426,0.0344487,0.39570764,0.35518724,0.19187126,3.2816906,0.33837858,1.1811676,1.1508006,0.58574647,0.088091545,1.5525886,1.2118063,0.16571426,0.44722864,1.2328452,0.41114366,1.174886,1.4018654,0.38211516,1.8054776,0.96333265,0.0065061934,0.29224828,1.3195426,0.53098625,2.3416386,2.7743902,1.701153,2.8352468,1.2824545,0.27426094,0.33226922,1.0183436,0.16915555,0.47107205,0.3761443,0.6123105,0.63223165,1.5938581,1.5772761,1.7862673,0.5051039,0.0058769644,0.16790895,4.428808,0.0074501815,0.8801975,1.9919691,1.468702,2.4238112,0.032721337,1.2468101,0.73995566,0.35184088,1.2267888,1.0183103,0.9149455,0.5885765,0.32128638,2.6043875,1.4167206,1.9365963,1.377905,0.0,0.59091896,1.2714273,1.2018036,0.84897053,1.1354822,0.19319102,all_pothole_images\pothole_images_optimized_image_16.jpg
0.8082798,0.12278357,0.092024684,2.055393,1.1662015,0.06998049,0.09537424,1.2577703,0.07473696,1.6662551,0.047123972,0.14080667,0.008748718,3.1314821,0.09394598,0.18641987,0.45969447,0.17857668,0.10613704,0.5631781,2.8688273,1.4843335,0.029620808,0.91569346,2.4035707,0.40619612,0.07323176,4.3161426,0.10289996,0.16409133,0.4409128,0.095821105,0.03201024,1.0439427,0.0082180835,0.21034929,0.41171816,1.9689623,1.0320902,1.9475474,0.0,0.17998117,0.43382174,0.983985,0.13512988,0.5418186,0.0004756689,0.09527893,0.13216813,0.59210366,0.37577644,0.0,0.93228006,0.09547427,0.047884144,0.3189189,3.4577394,0.017129961,0.0,0.01713412,0.28413853,0.22113177,0.5477285,0.91117984,0.023427203,0.5907173,0.67347926,0.40715283,0.10604547,0.24901949,0.92575085,0.3374414,0.84055173,0.0,0.5734884,0.6987305,0.0,0.5377457,0.002733345,0.26721534,0.049179427,0.6095599,0.30781832,1.8211726,0.10844823,0.02994658,0.004395112,0.7382693,1.818325,0.05140028,0.15417252,0.3786782,0.70613873,0.68506086,0.2703012,0.26806733,0.4120748,0.034050543,0.6734811,1.7138256,0.2618985,4.045597,0.44141364,0.039614704,1.2434338,0.44973436,0.052494343,0.14970365,0.05883603,0.5590786,0.019080304,0.15276578,1.3908826,0.28513938,1.1518116,0.5827157,0.043349776,0.008955175,0.072164826,0.49117807,4.03665,0.32911175,0.023686914,1.0846213,1.2943928,1.3201779,0.23537205,0.47896874,0.12645078,0.84514517,0.06342039,0.02165161,0.05154535,0.22187458,2.005298,0.5747861,1.0626562,1.3956914,0.09118862,0.0033435724,0.042138606,0.45831928,0.26286352,0.0690601,0.18603067,1.879377,0.060912006,1.1513373,0.07428835,0.07219955,0.35961112,0.7899908,0.026800053,0.70612967,1.6786982,0.72083795,0.14563747,1.1676228,0.40019086,0.15039347,1.8805903,0.94294643,0.06556936,0.20128125,0.081616856,0.7306682,3.2084548,0.20936674,1.0588475,2.377267,0.042305205,0.0775582,0.53820443,0.039504517,0.0031397238,0.593026,0.49907002,0.008537586,0.012469927,0.0016459391,0.29454148,0.5782067,1.523525,0.7695082,0.26805803,0.12112638,0.0048877248,0.37160683,0.031069534,0.30328384,0.24857956,0.08557345,0.3849859,1.2385852,0.91873294,0.4647338,1.086262,0.0,0.49710807,0.28936222,0.77048475,0.7783301,2.9321046,0.27877,0.16740274,0.054351434,0.75233036,0.079150066,0.085879266,1.8475349,0.024507482,0.01500327,2.0491621,0.13482614,1.221022,1.6579189,0.28276572,0.12673478,0.86575747,0.27041113,1.6507915,0.16024713,0.0019255072,0.4526058,0.0,0.35883752,1.2395769,0.74783427,1.014641,0.33390814,0.016478326,0.018848497,0.7195066,0.44498837,0.26060647,0.12551847,2.4321349,0.11700475,0.06589049,0.22741078,0.27233452,0.0,0.6381025,1.4945633,0.2013403,0.0,0.38125348,0.27891234,0.22783956,4.375082,0.99476266,0.7633645,0.0620741,0.04199581,0.34063885,0.0,0.105699904,0.6746175,0.5536169,4.105925,0.6954377,0.1687331,1.6612595,0.012269704,0.00139198,0.020280527,1.3449291,0.19626515,6.4778748,0.0,0.2853607,0.0077372077,1.9421617,0.0099610975,0.027207749,0.52057034,0.0,0.015362213,0.52248496,1.7084844,2.1403813,0.08883834,0.06480325,0.56080216,1.6559575,0.10922875,0.5016518,0.6762508,0.36423764,0.1699028,0.05365655,0.036500055,0.06317184,0.3082779,0.14197533,0.28423792,0.33709234,0.38398743,0.22980157,3.166152,0.17653786,0.16943087,0.002311346,0.19223095,3.5442398,0.09629721,0.1418868,0.0070667397,0.27532494,0.22369322,0.24944359,0.54241544,0.7698281,0.19673926,0.15267755,0.04457069,0.4108165,1.3220557,1.8303057,0.23588565,0.07569836,0.0,0.96179354,0.26442394,0.18090083,1.0306909,0.1403795,0.083069846,0.010059756,0.32225564,0.07099186,0.44457132,0.046527836,0.022331141,0.015611889,0.0098794745,2.9079814,1.1662585,0.34483132,1.4933263,0.27557224,0.10565197,2.9072154,0.37793186,0.098389134,0.0,0.16456215,0.6236541,0.31018546,0.051894076,0.0099480245,0.27382472,0.042560264,1.2244291,1.0982851,0.041487813,0.063645124,2.430432,0.38742712,0.67245287,0.09268326,0.20262851,0.031102069,0.14139543,0.0077566067,0.0,1.6331027,0.016915634,0.19703716,0.00083403697,2.0996606,0.036299888,0.37202567,0.29322112,0.05632146,1.0198706,0.032505166,0.0,0.15443261,0.059997406,1.4903545,0.0,1.470329,0.087977834,3.4547915,2.2347562,0.49257627,0.004904457,0.05707508,1.9627856,0.8074253,0.58633024,0.00012541088,0.27063867,0.0,0.03594286,0.76018494,0.07518414,0.12190877,0.09852179,1.1607289,0.6046503,0.9633457,0.2765239,0.0003385047,1.3595519,0.54022,0.21207756,1.0396746,0.6080761,0.5700235,0.081159554,0.003951634,0.022837829,0.03299242,0.28878143,0.02062494,1.018105,0.7024567,0.03380788,1.6653922,1.5514383,0.25535434,0.5280215,2.325716,0.017167106,1.2394532,0.018411208,0.27345452,1.8307171,0.285002,0.0065657375,0.06834396,0.03475069,0.27629983,2.294636,0.06882184,0.3830898,0.0,0.010313362,1.6170981,0.81768394,0.0011994595,0.034786884,0.30904824,0.49347305,1.013941,1.3677573,0.38765427,0.2975064,0.7245461,0.87588966,0.18468398,0.0,1.0490178,1.2162986,0.39242598,0.8000054,0.7150161,0.76076645,1.1324587,0.019623276,0.21856798,0.0,0.20888363,0.34856308,0.042467657,0.062157128,0.8670993,0.36166528,0.40580866,0.63447505,0.0,0.08336219,1.4394931,0.050127864,0.0,0.08700173,0.46979335,0.6699404,0.6172489,1.3076584,0.42377973,0.13014862,0.04115741,0.043333363,0.52068114,0.046177406,0.3436909,0.0,0.32950318,1.2412318,0.120370045,0.016427511,0.047369514,0.06586176,0.19651358,0.86278343,0.3437246,0.025008766,0.48213798,3.409529,0.012356339,0.7697535,0.11181259,0.27600262,0.9198121,0.66323495,0.0057004024,1.4219961,0.4942724,0.28606087,all_pothole_images\pothole_images_optimized_image_160.jpg
0.6279468,1.3125465,0.26036546,0.69708186,0.3466951,0.39565614,0.11091987,0.01789814,0.056889948,0.30920586,1.1181284,0.75059414,0.10989787,1.5879217,0.08292333,0.14267763,0.9386226,0.029402552,0.4455043,0.15559205,0.44166264,0.6126449,1.5538355,1.9320905,0.14696142,1.1889613,0.01602665,0.18658218,0.04164747,0.44201458,0.79936993,0.018411659,0.77927846,2.2855866,0.4236374,0.48527628,0.3381452,0.82829624,3.6003094,0.2741278,0.17078608,0.1997729,0.047702685,0.032992955,0.5731094,0.38514307,0.15153562,0.4212648,1.480296,0.25175473,0.25851345,1.3310661,0.31772164,0.014894535,0.42937374,0.835459,1.6745687,0.4224485,0.14053218,0.07199801,0.004151027,0.016261807,0.7549864,0.28033113,0.1784457,0.07699459,0.4908055,0.30683896,0.0063056387,0.74850214,1.9314367,0.5230463,0.34823182,0.46201953,0.16686709,1.2082441,0.5753612,1.6886867,0.31419906,1.068127,0.0756913,0.28987962,0.17019685,1.3731068,0.13238777,0.707954,0.37898967,0.17870823,2.115262,1.1689615,0.25786135,0.5550322,1.3016479,0.37764576,0.018262355,0.18682738,0.51824325,0.85618335,0.7468343,0.9606411,0.03922768,2.8508062,0.108589776,0.9883249,2.1196172,0.5928399,0.53698206,0.1289585,0.751943,2.8655705,0.40031114,0.30224404,0.66251856,1.5013722,0.18746218,0.965228,0.41053975,0.9126488,1.4113841,0.39302117,1.6590929,0.021883499,0.11084966,0.50743914,0.9384407,0.4208631,1.524079,0.35005736,0.10350065,1.2941101,0.92304546,0.78196967,0.12908639,0.7506005,1.1701238,0.38973376,0.0720915,0.6581365,0.050198235,0.4219233,0.81962293,0.087453775,0.87308747,2.829105,0.2037121,0.41920763,0.24377927,0.9408237,0.29229608,0.0013042515,0.07444046,1.2736002,0.31246594,0.8181188,0.4659443,0.87663394,0.6619031,1.4387784,0.1759107,1.4531939,2.0253553,1.0310477,0.012133874,2.818029,4.5489316,0.021544512,0.14061522,0.3569532,2.0230348,0.8630885,1.3034815,0.10733282,0.7058292,0.0,3.4148958,0.30766156,0.64170426,0.05114057,0.09570721,0.55034125,0.00995755,0.761151,1.6017202,1.8373755,3.819617,0.20543781,0.18181944,0.26491514,0.25714406,0.3875298,0.18498085,0.58921695,1.0026221,2.5993752,0.72252387,0.009582332,0.52016205,0.73602104,0.39740536,0.12973057,0.03536098,0.6109922,0.0020966032,0.15283947,0.9405063,1.1941346,1.7320422,0.18028457,1.4331341,1.11707,0.056622658,0.3087495,0.16518784,0.15819561,0.9303065,0.52933735,0.10114302,0.23974857,1.058691,0.29881403,0.37067,0.3358753,0.8043776,0.2947642,0.39868927,0.2051786,2.2428749,0.4221005,1.4064353,0.07430294,0.09788313,0.3575159,0.047590964,0.8393177,0.51890534,0.017137758,1.1927433,0.048586875,0.61330974,0.5123194,0.02078009,0.026148416,0.2630118,0.19118279,0.43127167,0.036052965,0.37559155,0.71364224,1.3152443,2.721913,0.7274597,0.45809376,0.261902,0.17587082,0.34303957,0.070602365,0.62189716,0.4385124,0.28632987,0.5630856,0.81979275,0.5301917,2.3102987,0.06999435,0.4651652,0.49745542,0.29837048,1.0596752,1.6296766,0.16952296,0.13383725,0.016116967,0.7866234,1.4740102,0.38906172,0.8207579,0.43932533,0.25325584,0.4636035,0.22306563,0.2366644,0.1072738,0.6820064,0.8728348,0.7871376,0.13744305,0.061093878,0.0588025,0.23925649,0.0,0.86684966,0.9404397,0.10415227,3.967371,0.46224016,1.9791468,1.2958696,0.12591584,0.3318118,0.905462,0.8495238,0.27324653,0.73839396,0.73169196,3.2915955,0.13936344,0.6912807,0.08146842,0.13588132,0.28392622,0.059316337,1.5589126,3.7106884,3.1075466,0.12569754,0.19118871,0.06795436,1.2811835,1.9148264,0.52073884,1.0667763,0.9672563,1.3497218,0.40519932,0.11854175,0.50865453,0.5791718,0.2878664,0.44846892,0.013333866,4.5426493,0.36148405,0.050423175,0.021138526,0.41536674,0.09934058,0.38502818,1.0393286,0.8553244,0.558101,0.87116444,0.543981,1.7957995,1.0963011,0.22047412,0.0678502,0.25773582,0.13852341,0.24668588,0.9960762,0.00013879307,0.6577667,0.0041326988,0.8799131,1.0777268,0.7808663,0.020617679,0.31929547,0.7767877,0.14071515,0.120710135,0.41836563,1.6833023,1.091551,0.17531058,0.29144746,0.28237545,0.8533057,0.30510482,0.8391825,0.6418131,0.29052994,0.25639704,0.63020664,0.6461709,0.21317545,0.7388426,0.38336608,1.8271576,0.6501626,0.18175502,0.057005573,0.1892757,1.8092337,2.318911,0.18949886,1.4273725,4.4544897,0.0,1.4315208,0.51387024,0.65151477,0.043048285,0.095770404,0.1600412,1.1082488,0.5230047,0.99551094,1.5509188,0.5888036,0.36123356,1.8634928,1.5728269,0.94387615,0.20738214,0.2999,0.6326691,0.2506445,0.27707982,0.072133206,0.003419601,0.6012198,0.19590245,1.0493263,0.40898997,0.8547906,0.43095335,0.81771505,1.0160574,0.013841683,1.600637,0.5508718,1.5063452,1.3060236,2.557951,1.335638,1.602656,0.33558047,1.1101768,1.4104843,1.6453952,0.8770621,0.066481754,0.25106677,0.030936396,2.7753246,0.88747156,0.61762667,0.44244945,0.2690586,0.47394586,0.5891614,0.13567364,0.008215682,0.04333008,0.30347487,0.4887054,0.30277237,0.0,2.2304957,2.0808632,0.04509048,1.1715155,1.7659694,0.03565383,1.4933243,0.7544617,0.00022960785,0.89346427,0.5276576,0.3016808,0.14421967,0.30637386,1.1341256,0.41317254,0.046564594,0.24650359,0.14895016,0.6622382,1.1185166,1.8349596,0.03996432,0.54051745,0.7301896,1.9584275,0.0,0.47001967,0.97902524,0.57374763,0.58052313,0.8211054,0.8298333,1.7922792,0.81462705,0.20957674,0.68804336,1.8284129,0.21266283,0.1912718,0.019379051,0.36885226,1.2320896,0.28291655,0.0073301736,0.09459007,0.6069421,0.49949053,0.65651125,0.6019508,0.2181477,0.21061233,3.4957237,0.27614635,1.9492754,0.7228954,2.7190816,0.34448844,1.8216367,0.40965682,1.6484014,0.5549745,1.7425371,all_pothole_images\pothole_images_optimized_image_161.jpg
0.37168145,1.1456442,0.3919838,1.0658361,1.5812694,0.21919613,0.42681918,0.051737793,0.13014078,0.55512464,0.1397465,0.24806774,0.3356293,2.0984535,0.41775206,0.97174716,0.0014862745,0.3332695,0.41749796,0.47949982,0.74217737,1.5267178,1.2109225,2.3525825,1.3767815,1.0497009,0.5353222,2.163927,0.6801573,0.27268305,1.0041491,0.45923156,1.2259289,0.87784123,1.1252496,0.110964686,1.392599,1.1318945,0.03979233,0.07142121,0.79707927,0.41560405,0.5743287,2.1608553,0.33472797,0.504576,0.060261335,0.0,0.28105283,0.07582481,0.98637795,0.26310155,1.0193269,0.5917768,0.13353924,0.6765907,3.434135,0.0066648074,0.72313696,0.17645489,0.9322712,0.69447595,2.0387952,0.41186932,0.8968987,1.0013121,0.2147692,0.011428038,0.042352762,0.35770863,0.6263026,0.34783038,0.24070227,1.1147171,0.6027955,2.2133825,0.22812042,0.51588386,0.039468344,0.119199246,0.18802138,1.2104219,0.055299904,1.4086993,0.32490724,1.67797,0.18202655,0.02267116,3.8742528,0.07123136,0.2618281,0.32671717,0.059863415,0.701997,0.22033724,0.020216653,0.39744,0.37055886,0.09164618,1.5024778,0.03781567,1.7739183,0.15789358,0.0024143804,0.7201535,0.49482816,0.24036352,0.99682426,0.083055094,0.47057563,0.28809845,1.2414411,1.6818095,0.30218402,0.68091154,0.8831334,2.4330244,1.4019308,1.9946631,1.1612962,3.0735106,0.78491783,1.4476774,1.060662,0.3989652,0.68020386,0.051629834,2.1246424,1.6253461,0.29236475,1.0992976,0.00075934734,0.7834295,0.4062518,0.0061485567,1.7094412,0.74212813,0.9775644,1.1753742,0.60108083,0.25968564,1.0936605,0.01709138,1.2938247,0.72840446,0.8880962,0.26915458,0.8452852,1.2288793,0.6991686,0.6559821,0.6086523,0.5871837,0.2220164,1.0893654,1.0549375,0.901927,1.0509121,0.4003954,0.25770506,3.7292473,0.46166095,0.09401132,4.25801,0.15190895,1.263527,0.3105622,0.7516574,2.1172369,0.27492377,0.33277795,0.7746157,0.07071637,1.1291151,0.5955964,0.065826476,1.7533576,0.3032859,0.025703087,0.0,0.47726482,2.367871,2.0886178,1.7623733,1.9756114,0.48250607,0.4391553,0.38169557,0.17566022,0.35487548,0.3951772,0.95445126,0.064744025,4.116975,0.048961066,1.8819056,1.471953,0.8280681,0.7870422,1.1757731,0.4902058,1.8060045,1.5228287,0.89276326,1.4062169,0.16012777,0.5248095,0.19823699,0.63876253,0.20853055,0.72072726,0.34845212,0.28976148,0.71923864,1.5448527,1.3914064,0.70233804,0.27339193,3.1194258,0.19608867,0.70415306,0.0,0.05262776,0.32408553,0.27555865,0.6352314,2.4490573,0.98306894,1.335997,0.032905947,0.25029194,0.5985479,1.5236682,0.021864789,1.1346703,0.24340115,3.1021566,0.27405274,0.05333475,0.34760794,0.47859737,0.063938506,1.5068845,0.83754176,0.21704133,0.028317617,0.7468058,0.9914269,0.44188148,3.303031,1.3615338,0.048093844,0.97155035,0.109262474,0.16317247,0.27136338,0.4202103,0.5666634,1.5624981,2.2774932,0.14661688,0.8361128,0.66216,1.1352565,0.7249178,1.3590125,0.3760762,0.19850491,0.8492465,0.8968101,0.23469271,0.011545215,0.5842556,0.03368696,0.6865329,1.0872221,1.4498837,1.5280783,1.037693,1.8891047,0.043024145,0.41386637,0.7419768,1.3712143,1.3217531,0.4301373,0.36406502,1.4126078,2.2524238,0.17263205,1.1218432,0.6018423,0.46939358,0.38109705,0.18732703,0.08821826,0.14045414,0.48230135,0.21764751,0.32145467,0.90451115,0.7321613,0.40057793,0.07828556,6.772685,0.2513516,1.0027707,0.3032828,0.7468524,0.107904494,0.48899552,2.3471093,3.6714478,2.0037525,0.0255176,0.86681956,0.00023621564,0.9577327,1.4520729,0.7017836,0.24173285,0.8698668,0.016746921,0.5019432,0.9248159,0.5017208,1.231086,0.8818381,0.0,1.0308429,2.589306,0.022029499,0.06759873,0.8278276,0.31715438,1.0195899,1.1712521,1.1873612,0.096756525,0.13492663,0.32086793,1.4791443,1.9093171,0.02892909,0.32655683,0.0,0.7392953,0.23098132,0.99084145,0.80842626,0.096080236,0.9858931,0.6828932,0.110050656,0.13875805,0.34667218,0.07158755,2.0781314,0.27322525,0.6115228,0.010340496,0.44627,0.5194451,0.955894,0.00078855956,0.62097067,0.94911784,1.9759319,0.036384515,1.0290012,2.0129907,0.6309794,0.10220817,0.17567612,1.2734685,0.36756128,0.033219073,0.2331239,0.38231418,1.6358649,0.21945435,0.10723246,0.11212773,0.9466769,3.9360569,2.1431854,1.2581424,0.2070372,0.04945897,0.9208581,0.6042134,1.8011558,0.5215188,0.16089103,0.18608789,0.051460665,1.2784274,0.71917063,0.9219096,0.11166539,3.0574996,1.3450404,1.0959353,1.2507528,0.024158303,0.24008796,0.6724925,0.032368276,0.29441282,0.10672944,0.60229367,0.07344609,0.5204171,0.08978737,0.073390275,0.8789617,0.61365545,0.89230126,0.22969401,0.04735294,0.8732638,1.1980481,1.0047239,1.6474006,1.8001132,1.9084612,0.64403635,2.0263638,1.0089115,1.4053639,0.47067052,0.60790515,0.19821939,0.63854533,0.32119596,4.5442586,1.2138377,1.1090873,0.13505799,0.9929599,1.2603455,0.9574336,0.12127179,0.33618537,0.02498008,0.93149006,1.0242116,0.8909381,0.50152105,0.08050506,0.6868656,0.51475656,0.62225413,0.4500876,0.4829443,0.21991476,1.5833011,0.46239206,0.40701053,1.516679,1.0964533,0.12941006,1.3420115,0.14361301,0.54530466,0.14503768,0.67357826,0.15887341,2.235548,1.885084,0.6235773,0.759967,0.4377012,0.86923265,0.7757304,0.1966854,1.1516057,1.8652767,1.0825362,0.0,0.55986303,4.4665985,0.7631125,1.018784,0.0,1.2526013,1.4909897,0.5105521,1.0545466,0.09053529,0.11922656,0.6898609,0.0,0.40716967,0.3476724,0.038561247,0.27982864,0.0037848991,0.23407601,0.3416255,1.3112104,4.910106,2.0695376,1.0520691,0.64762574,0.18430896,0.07718744,1.0030864,0.11778791,0.72727203,0.6601224,0.17770408,all_pothole_images\pothole_images_optimized_image_162.jpg
0.026032489,1.1230901,0.13732377,0.73915964,0.71298146,0.0748478,0.3931333,0.0,0.57664454,1.0764674,0.28220308,0.5910471,0.8770771,0.7244632,0.034864366,0.65226644,0.05427657,1.5746989,0.60109967,0.28670666,0.13527413,1.7878726,0.9289547,2.1420896,0.178628,0.13756315,0.0789999,1.6715667,0.0028698205,0.61551136,0.2914058,0.4195051,0.56419164,1.306356,0.11505615,0.109872006,0.3266553,0.6729787,1.2589998,0.0043874145,0.0,0.95597583,0.5070962,1.209577,0.9325209,0.22350644,0.78655547,0.0052533047,0.03305933,0.64453393,0.30685627,0.39376378,0.38787523,0.1502278,0.21368505,0.9329323,0.026454277,0.25273645,1.0292546,0.74363875,0.1993609,0.30931923,1.2547572,0.6226278,1.0009824,0.4990789,0.10306708,0.2325694,0.1011618,0.7176789,0.29167682,0.50939333,0.1358646,0.64133424,0.27643842,0.055462215,0.18102801,0.15031327,0.17452258,0.29348055,0.18758897,0.25126734,0.6321507,2.6559708,0.112416774,1.0040898,0.16735403,0.14319426,0.63457054,0.2777479,0.16386986,2.1719127,0.62014276,0.22264995,0.3161789,0.13828962,0.32562432,0.86830467,0.5722312,0.21511322,0.95286226,0.26627108,0.0011982212,0.11979987,1.047029,0.3343764,0.16261823,0.33854717,0.541356,0.73857856,0.40297872,1.3002288,0.5994613,0.05694839,0.5617632,0.83405834,0.23853156,0.46780083,0.28330144,0.33827734,2.0249863,0.041990567,0.05456475,1.0823824,1.9676185,0.33765087,0.24528189,0.25958213,0.17639072,0.82130176,1.6297684,1.1620653,0.117796354,0.0787967,0.4697692,0.22811975,0.34155414,0.50259584,0.14945881,0.5873758,0.5247334,1.7812253,0.29098564,0.529905,0.15243565,0.7528003,0.95049703,0.15883495,0.2704031,0.14658241,0.07317006,0.27703422,0.36812195,0.064358816,0.8391949,0.23201138,0.659892,1.5609177,0.42303064,1.0556569,0.5218735,0.5079589,0.7602202,3.4791963,1.3450607,0.39701208,1.104306,0.23373523,0.67056024,1.0084462,1.1803366,0.58713704,0.13198668,0.2267909,0.8607546,0.0,1.3851936,0.3637179,0.86319315,0.25459212,0.064225525,2.503845,1.2583747,0.7967011,3.3326004,0.22327872,0.31353733,0.4838683,0.17779502,1.0289062,1.055504,4.377173,0.23634946,0.99005413,0.3050266,0.0,0.5981941,1.8194866,0.34366393,0.047137707,0.13906667,0.39217252,0.6278749,0.51211756,1.0163254,1.0616149,0.739175,0.56332904,2.2564392,0.50164014,0.063721046,1.1164155,0.6861131,0.8566116,0.4202468,0.37853575,0.013109747,0.37846237,0.28363907,0.20784615,0.47999308,0.77849734,0.7066501,0.13719895,0.11530232,0.06356906,0.5938828,0.54308534,3.4086323,0.68364567,0.49702713,0.9318963,1.2088982,0.88225937,0.6310589,0.29771283,0.23216568,0.46718147,0.11442577,1.4002924,0.13348839,0.15089141,0.5151381,0.48363206,0.4517517,0.234851,1.1634091,0.8595689,0.5917956,3.74416,2.2127516,0.006275567,0.1408753,0.09106841,0.6125717,2.6700277,0.12533793,0.205349,0.007710366,0.6150553,0.81497854,0.002158339,0.32930022,0.63597924,0.029808836,1.1581585,0.5760504,1.0583748,1.3513081,0.03484727,0.6337717,0.4976053,1.5992281,0.11451726,0.30710027,1.073029,0.102178805,0.8020943,0.53419083,0.31876653,1.1046202,1.307219,0.5019925,0.027775288,0.43028322,0.8620337,0.93325335,1.1813016,1.0245804,0.12247723,0.027410015,0.041842572,0.2349459,1.1908102,1.0528852,0.5263125,0.5105957,2.1674457,0.07799147,0.580214,0.8995962,0.5567588,0.0035296183,0.12393452,3.225621,0.13894112,0.59366804,0.6650607,0.44798332,0.5227708,1.08065,0.48302895,3.1039357,1.7971842,0.024728984,0.19296151,0.1127974,0.20903093,4.03284,0.38196096,1.2800529,0.57636845,0.6485168,0.80477834,0.90543354,0.31635028,0.4384997,0.1910256,0.054808635,0.5410767,3.2146754,0.06964883,0.36390755,0.4843138,0.091490306,0.15336548,0.22430547,0.62663865,0.4866229,0.03629748,0.36695424,0.4367166,0.6833805,0.35994074,0.14919207,0.0,0.254085,0.23400524,0.05683429,1.727558,0.29243875,0.3665085,1.4559035,0.37219405,1.2212049,0.46754828,0.04430652,1.4963307,0.65119624,0.4834147,1.2858492,1.1140399,0.68123096,0.14074838,0.060444333,0.22359769,0.3015489,1.1398426,0.6784104,1.2982786,1.139936,0.5722362,0.5295758,0.18387091,0.8625493,0.8939993,0.07433097,1.2021155,1.2522242,0.1125965,1.1234856,0.19979878,0.05118255,0.57276744,2.1696606,0.03587786,1.398193,1.2276571,0.47903988,0.8021365,0.6880692,1.7107505,0.37403762,1.5957087,0.5938853,1.9574205,0.15355891,1.5489621,0.9670905,0.46222255,1.5369328,0.94573194,0.38733315,0.25260192,0.21339424,0.5036987,0.0267895,0.84937215,0.30671078,0.070367806,0.6463189,0.21740408,0.55165017,0.47543532,0.83512247,0.650491,1.0071295,0.9979172,0.9046748,0.35778046,0.4283546,0.376614,1.9220531,1.2456422,1.149816,0.6931521,1.6955311,0.22193737,0.4499454,1.0010421,0.7251981,0.8948599,0.06063002,0.24765009,0.10584173,1.1819332,0.10086148,0.050522923,1.874819,0.23023325,0.8476494,1.0134567,0.3054222,0.11171535,0.5855978,0.41861242,0.40170732,0.1163889,0.06400806,1.9241099,0.9534264,0.26718146,1.222112,0.1530527,0.7959943,1.2714914,0.23086454,0.5213337,0.13645686,0.20172319,0.7034448,1.015796,0.6359447,0.10246309,0.13086614,0.2253024,0.12235694,0.13195114,0.0,1.1280192,0.95093715,1.7021074,0.006198476,0.5795321,1.2589712,0.57931364,1.7962587,0.8885277,0.6728828,0.050248075,0.3970327,0.74622124,1.4262863,0.986256,0.05532787,0.47540855,1.17988,0.2284689,1.0311742,0.12586491,0.0725861,0.3289635,0.17207102,0.19937219,0.017041119,0.053123776,0.5463391,0.60803235,0.25983307,0.8653819,0.089348376,2.0632775,0.78556347,0.7882075,0.41708595,2.0084157,0.14865881,1.7387202,1.2148417,0.29566443,0.6892447,0.13164417,all_pothole_images\pothole_images_optimized_image_163.jpg
0.6603423,0.84240544,0.21330531,2.1661966,1.5103325,0.0033377076,0.7135957,0.0030237213,0.2016155,1.2023556,1.6203969,0.58499366,1.8186306,3.3150005,0.38599882,1.1282161,0.06972519,2.900104,0.9826051,1.1362152,0.1341194,1.1030768,0.38364655,0.052450735,1.2143465,1.0434986,0.34357458,2.3186119,0.8849892,0.19815624,0.104534574,2.462799,0.39641896,0.3479552,0.071534075,0.6192448,0.3495739,0.8090076,0.55662435,0.41786706,0.0028769355,0.8419725,0.865296,3.138947,0.5094221,0.35487244,0.2516057,0.036962476,1.1422597,0.3185827,1.2079277,0.14723188,0.3012795,1.2315279,0.45210215,1.573936,1.8155259,0.5517189,1.326231,0.122495756,1.4154282,0.36794648,1.9718333,0.03931318,1.3906944,1.6065264,0.5143099,0.6891661,0.016312208,1.5188656,0.93379414,0.03751567,0.23042095,0.23141123,1.1866866,0.2577325,0.84213316,0.4533197,0.55779517,1.0953861,0.0,0.045458514,0.46123075,0.74204445,0.0306973,0.8958957,1.5844518,0.0,1.9555433,0.1797477,0.11387874,0.674821,0.15649301,1.5980237,0.09200754,0.26260492,0.06687066,0.85495245,0.64564663,1.448218,0.51867867,1.7188091,1.3331548,0.12923244,1.0418347,0.42736188,1.1474204,0.31310558,0.3559582,0.47456533,2.150203,2.002424,0.23655358,0.09918359,1.3794738,0.37523285,0.3542504,0.9435142,1.0270454,1.0448766,1.6239126,0.3761875,0.5379859,0.9411087,2.8233902,1.7483612,1.4170908,0.2553269,0.29023004,0.5036563,0.18503693,0.16724925,0.9672607,0.44299167,0.29103786,0.35587525,1.2456031,0.23146574,0.18721673,0.082361735,0.8267657,0.32452124,0.9285261,0.18384653,0.92055696,1.4441322,0.0,0.9615776,1.1090072,1.9551544,1.3472,1.8195444,1.1492661,0.7977705,0.91388917,0.06288442,0.7974898,2.1526122,0.93234277,0.04862181,0.9779507,2.6351666,0.07096839,2.626877,0.7348644,0.24074943,0.652848,0.44172847,0.5054371,1.9634882,1.4319297,0.39722994,0.1055655,0.43344185,0.8712614,0.35910282,0.45535138,0.46983922,0.7831178,0.54495895,0.5180224,2.4388916,3.5422525,0.45380324,0.34734142,0.6584153,0.23069383,0.23258673,0.7009435,2.1220734,0.3715814,0.050706625,0.0011258224,0.42535058,0.33417085,0.41315874,2.7480361,0.3115158,0.16398379,0.4535056,1.4331707,2.2047777,1.4653493,0.324714,0.56021446,0.3703694,0.36223188,1.0633881,0.32810748,1.6472595,0.10987404,0.650605,1.9265424,0.44207868,2.8186183,1.3739885,1.9863461,1.7113491,1.7525133,0.6117936,1.3475887,0.18613772,0.5116087,0.5768993,0.3388794,0.4631286,0.6082535,3.3887491,0.7470683,0.56809443,0.33255762,1.31474,0.9600604,0.22025943,0.1315799,0.17668237,1.2720851,1.0490783,0.02305751,0.3318127,1.0164841,0.011092272,0.94131094,0.5071152,0.11743237,0.13506424,0.30773348,0.026611794,1.817716,4.0076776,2.162013,0.23960136,0.18831767,0.0046246666,0.9457405,2.3494802,0.07707868,1.068147,0.25800106,2.690977,0.99323004,0.79695165,0.79360664,0.46288484,0.32054558,1.125424,1.8339539,0.59926033,1.5618078,0.16729723,0.1512352,0.6409211,1.3775991,0.87683034,1.7591715,1.0400484,0.0,0.20801106,0.7224082,1.573785,1.9564102,0.8413621,0.786021,0.60782135,1.0847021,0.2276656,0.8813473,0.37149966,1.2181368,0.8692467,0.2496036,0.92484295,0.94938505,0.9764905,1.67989,0.34250286,0.42871022,1.7514315,0.39842764,1.7554402,1.090924,1.057711,1.634924,0.5590562,4.68012,0.22561073,0.9382511,0.6663729,0.7132373,1.371116,2.845111,1.8027512,2.8460617,0.51791483,1.3713012,0.6625658,1.7709936,1.0190158,4.176447,0.25380254,0.3200667,1.3840821,0.65673375,0.32555193,0.55466616,0.30052102,0.9021029,0.015784359,0.6274147,0.5115515,0.80383587,0.14215271,1.2569096,1.7830346,0.22639297,0.30162516,2.622671,1.7255546,0.12262556,2.106537,0.6868694,0.6288429,0.33548737,1.2612762,0.7535296,0.22660637,0.196673,0.25876614,0.67263883,1.005587,1.3308733,0.5314868,1.7262377,0.021784244,0.14963932,0.45730466,0.47556424,1.3358343,0.66645175,0.7767666,0.36817706,1.2415636,0.511915,0.5726871,0.08780355,0.015076008,1.972785,1.1274796,1.070599,0.7727516,1.7456425,0.93582,0.6569964,1.2874662,0.5621702,1.3240739,0.056031276,0.6973242,0.0147457635,0.028333316,0.8994947,0.033619482,0.95851564,0.1754892,1.793532,1.5098814,1.2931961,0.14749612,0.47192472,2.0014932,0.053638212,0.5394682,0.81867576,0.33693305,0.018738663,0.09895825,0.8472299,0.40237325,1.7222383,0.17275925,1.4251467,1.2870673,0.19139262,1.4533931,1.4014701,0.21658556,0.15816529,1.5889183,0.15124038,0.044221368,1.2073901,1.523501,0.5937408,0.6910417,0.9872879,0.48932064,0.6160172,0.19837311,0.5709957,0.19277968,1.0897675,1.7740608,0.5809061,1.733755,2.8657591,0.021253966,0.70179474,0.0,0.021706836,0.27542394,0.8980339,0.8364998,0.39532313,1.5480795,0.51871294,2.654351,0.1864946,0.077107504,0.11519033,0.014383559,1.9405782,1.3213158,0.08450702,0.19212925,0.23148158,0.21250144,0.67859316,2.161416,0.31210878,0.39003193,2.630595,0.15907803,0.38393328,0.29742506,1.3901731,1.7149533,1.304223,0.36870605,0.47371358,2.5878587,1.1612188,0.08330752,1.6494641,0.091104284,1.228765,0.77042675,1.4678912,0.35489398,1.3187766,1.8333936,0.55561,1.4690505,0.17680609,0.19383878,0.3550071,1.8543162,0.38175824,0.67989004,0.8128017,0.07890265,1.1420741,2.3035405,0.63908917,1.3490348,0.022525717,0.9516025,2.0058434,0.45790634,0.5911039,0.78028107,0.9309164,1.602774,1.3643973,1.2428608,1.0932474,1.3381542,0.034647036,0.036878143,1.6634651,0.0034939821,1.9418979,2.0649989,0.14158782,1.0506988,0.67195183,0.268175,0.35595068,1.2885598,0.29685837,0.3476174,0.109364524,1.1696306,all_pothole_images\pothole_images_optimized_image_164.jpg
0.14865753,0.9130478,0.08457233,1.9775666,0.8202009,0.4143077,0.22382891,0.0,0.30093834,0.18794648,0.4255922,1.0052967,0.0,3.1892755,1.114364,0.05895803,0.05651698,1.5006399,2.1291573,0.29004964,0.8960851,0.9943591,0.032925643,1.0805625,1.2856635,0.37898535,2.157344,2.7938755,0.5750393,0.14693186,0.82605237,0.029811328,0.47414732,0.022087958,0.1394689,1.1483623,0.41688898,2.1593504,0.1255144,0.25105098,0.14125963,0.058953363,0.8579435,4.62998,0.3551132,0.41180846,0.24467488,0.16803977,0.30150577,0.577536,0.397167,0.63991594,0.2912155,0.03083996,0.16796204,2.5456903,2.1897583,0.77436024,0.098831125,0.06254948,0.5321419,0.25365207,0.34871027,0.352089,0.6720291,2.4484675,0.21319334,0.0,0.011007906,0.15561132,0.0117274495,0.77212614,0.34275857,0.11741772,0.20216693,0.15947723,0.11582233,1.5568662,0.060451467,0.64427245,0.08232166,0.024987768,0.0037632985,1.4546036,0.23460057,0.0,0.17121315,0.051080156,2.2220874,0.0,0.50108653,0.029334236,0.026323445,0.0028692612,0.015938872,0.03829922,0.04493443,1.6914759,2.2018268,0.29784966,0.16966069,3.1620085,0.023578806,0.42330512,0.50989443,0.33179682,0.5522076,0.1756749,0.96418947,0.07289189,0.0,1.2925905,0.30761287,0.08690809,0.29698658,0.5514552,1.1657301,0.53917897,2.4100766,2.0429182,3.3707216,0.28986916,0.051958453,1.7665128,1.0490953,0.038210727,1.2839686,0.65638995,2.5318825,0.084693596,0.22233012,0.034118406,0.2047687,0.04411235,0.23904279,0.13873579,0.6758171,0.8024359,0.8907186,0.35371074,0.59035647,0.03298601,0.27841023,0.44961128,0.6072139,0.3915088,0.08946826,0.20201966,0.052387524,0.16491508,0.5889971,0.44293547,0.0,0.17341912,2.3617709,0.78997505,0.6276167,0.30139875,0.88552076,0.47040775,2.2907226,0.98865753,0.38012248,3.1685607,0.14800827,0.00028838226,0.5425734,0.4708163,0.9164341,1.9760879,0.0,0.03272842,0.21156365,0.05334375,0.20471399,0.3242859,0.31381872,0.018096318,0.107681796,0.12570578,0.0,3.692303,1.5468934,1.3193041,0.4383786,1.7737952,0.21254244,1.0059648,0.023774162,0.22829515,0.017407544,0.26059848,0.14382574,1.1499137,0.06422546,0.40914637,0.54507774,0.21934879,0.0028040488,0.64968455,0.7128921,0.044853605,0.22464798,0.86368567,0.59400094,0.16512465,1.5663579,0.7792323,0.42627463,0.28608066,0.0,0.0049177087,1.2765552,0.6007618,3.0890589,2.7128637,0.2617907,0.15841472,0.22118519,0.50724745,0.45525274,0.11926464,0.8470014,0.012551885,0.060523644,0.19036067,1.2261047,0.47362486,0.06874396,1.0971031,0.5736759,0.008532968,0.1897433,0.18682396,0.6688065,0.35429382,2.6255858,0.26661202,0.07545552,0.33101442,0.26634,0.14567317,0.92568135,0.2711966,0.62774736,0.0276974,0.4820766,0.03795941,0.57775056,2.55196,3.4797156,0.31073514,0.15975939,1.2050238,0.6899975,0.19305785,0.67091984,0.8007655,0.4054834,0.8720658,1.2079595,0.0818283,0.624502,0.08781738,0.59045434,0.4087873,1.0565546,0.5843115,0.52730846,0.26055455,0.19015467,0.021868484,0.8333664,0.040329374,1.5733464,0.16477025,0.0,0.5911184,0.33947408,0.76778907,1.5466253,0.0147621315,1.1237581,0.34649983,0.47039813,1.9610698,1.0551783,0.56557053,1.4393718,0.017205324,0.008224708,0.04958773,0.09763182,1.316446,0.15319976,0.8585498,0.022399323,0.31576097,0.21073134,2.4664073,1.837586,0.62523097,0.18058348,0.5890027,6.011194,0.022936152,0.08395191,0.05622107,0.3519543,0.40017605,0.34417233,2.0260112,0.6465788,1.8672575,0.259002,0.75639373,0.0,2.0460947,2.568881,0.546309,0.22462359,0.0,0.7082062,1.148841,0.41376197,0.88779616,1.2697285,0.005019791,0.595116,0.3255308,1.7358859,0.167961,0.22097178,0.32359076,0.36711553,0.15445356,1.218382,2.200515,1.5091165,0.19211318,0.24116722,0.9414112,0.87063396,0.7819965,1.6842332,0.22667104,0.18145694,0.6399544,0.6941844,0.1324433,1.0413002,0.054650582,0.190577,0.92081094,0.093935326,0.07460859,0.055294514,0.570569,0.8101204,0.2242585,0.0223612,0.3457934,0.55534464,0.48630098,0.18769734,0.1545521,0.8909138,0.2922103,0.37728697,0.4725059,0.8068991,0.056145146,0.51118416,0.017459976,0.31460896,0.050992202,1.1941334,0.0,1.3183136,0.27269387,0.5094894,0.14301498,0.0016918691,0.39404437,2.0183415,0.7549017,0.17778338,0.035258196,0.0,1.0124687,1.4218622,0.009724003,0.60813445,0.07660807,0.30962923,0.22230442,2.805843,0.3835341,0.013628051,0.07987642,0.9231357,0.82085115,0.47230294,1.8672034,0.19864823,0.5525333,0.13169166,0.50448275,1.2080287,0.12648128,0.7935342,0.24690066,0.0105873,1.6165804,0.41226274,1.0033967,0.24131826,1.0135903,0.27043548,0.0018822637,3.8486745,0.06812965,0.505888,3.2697098,3.0979793,0.55344754,1.8900276,0.9865593,0.056630746,0.21046813,0.7601522,0.016450372,0.0643421,0.3611511,1.1416354,2.8834946,0.48552504,0.0011247403,0.02727673,0.1716956,0.70800245,0.0,0.015487751,0.7821333,0.25338596,0.014687428,0.6445489,1.0861746,0.0673874,1.4126518,2.7694223,0.011594394,0.01848467,0.5445348,0.20169087,0.55787086,0.33128533,0.1386944,0.18187018,1.1102678,1.8955405,0.515749,0.80879784,0.026497884,0.44623658,0.03500952,0.0028590697,0.10685259,0.62752134,1.7933433,0.5860866,0.4778211,0.32804835,0.5115132,1.679121,0.15723215,0.012105311,2.6729145,0.607407,0.0,0.3171758,3.1700103,0.6980452,0.24514428,0.11455421,0.0,0.11466475,0.13332404,2.1070204,0.11298335,0.059926413,0.4650288,0.23528452,0.0,0.047193225,0.04602968,0.016895091,0.07605779,0.117756784,0.4215935,0.37769914,2.7868602,0.98525834,0.11640201,0.75042915,2.3707976,0.2980583,0.32636836,0.07437362,0.14594343,0.018111655,0.040315524,all_pothole_images\pothole_images_optimized_image_165.jpg
1.1298286,2.2500727,1.8370895,2.6245036,0.669603,0.4375303,0.35119697,0.5773041,0.30810302,1.7979183,1.2437576,0.0028873,0.5310623,3.2577925,0.56888694,0.53956866,0.15890862,0.2621968,0.40859532,0.17971992,1.5649673,1.1226741,0.76717263,1.9076161,0.5907001,0.47723126,0.03643754,2.6993947,0.5482773,1.4432741,0.7390527,0.25813997,0.4976699,0.56297284,0.9339209,1.259102,0.60887945,1.0638527,0.33912417,0.19609632,0.608832,0.54889584,0.7491707,0.45156428,0.86936796,0.53619105,0.27617326,0.018491207,1.3600017,0.22536299,0.72137743,0.40509203,0.8988014,0.0072146216,0.6211819,1.5150629,2.9253266,0.069767505,0.26919642,0.5316058,0.37997043,0.12477818,1.9578316,1.0152719,1.1833231,0.61445475,0.050057363,0.06098632,0.26179227,0.8714814,2.0758874,1.0224074,0.52308846,0.800809,0.5643843,1.3455119,0.2962578,0.29014447,1.0565456,0.9348277,0.3701499,0.4631373,0.521759,2.6025274,0.37733123,1.3548883,0.6600752,0.3237133,2.6216674,0.26447156,0.2145106,0.62802404,0.40347067,1.7415893,0.6354238,0.38307258,0.036068965,0.15612184,1.871357,1.3604863,0.30444184,3.2162719,0.45382988,0.4552107,1.7170525,0.0,0.2536028,1.0948035,0.85093343,0.3419993,0.26705372,0.7170983,1.8879964,0.43820935,0.9654891,1.0678104,1.4063761,0.25353372,1.5820954,0.9853765,1.34,0.7633898,1.8438723,0.89530194,0.51808625,1.3107735,0.6273394,0.38367552,0.9738782,3.1300802,1.1428812,0.08397113,0.48469394,2.5669804,3.2630048,0.98304534,0.7959358,2.2407022,2.436543,0.36387753,0.43630347,0.5312203,1.2704728,1.9673365,0.8184148,1.4695935,0.0016082982,0.044444498,1.7159073,0.8587469,1.0931337,0.8968923,1.2512001,0.99482244,2.7359753,0.7263515,0.7454608,0.90218025,0.19496964,0.6531931,1.110716,1.2448814,0.6302027,2.4511828,1.8343964,0.31676564,1.2493024,1.9239388,4.580167,1.682782,0.5799044,0.10189627,0.40125936,1.0433995,1.0719988,0.56353235,2.9656184,0.9803173,0.25897214,0.80611736,0.3325777,1.8904269,3.3115919,0.5941841,2.146032,0.5898864,0.45827717,0.74886,0.20009989,0.41113552,0.5135266,0.91674286,0.21511193,1.359952,0.5996222,0.3858939,0.19381325,0.6216763,0.4357838,1.9525747,1.5581188,2.172168,1.1896713,1.8193876,1.609107,0.588541,0.14596319,0.46786812,1.7175971,0.31056008,0.25672054,1.0771631,2.6153314,1.5344235,0.90047467,1.8142136,0.9284338,0.31848088,1.1664025,0.5896416,1.9700526,0.30665237,0.8584459,0.2802781,0.061965756,0.22855708,2.023092,0.46107078,0.42892,0.334135,0.1895833,1.9583329,0.27066907,0.7135395,1.1444774,0.57850534,0.9801507,0.18170458,0.48104557,1.722513,1.3277178,0.7780202,0.67917234,0.48834372,0.88377726,0.16015905,1.367328,0.26136002,0.49052823,3.5751042,2.3317947,0.40504852,0.12146591,0.8239161,0.42884293,0.29641807,1.7984647,0.7725928,1.190147,3.8976548,0.50559527,2.4333458,1.565774,0.29315785,0.3560615,0.5818019,0.08914188,0.1764357,1.6654984,1.2933515,0.04430797,0.1376392,1.5610929,0.0052767936,0.13098846,0.74385923,0.32237762,0.77718693,1.5578818,1.3142762,1.6868179,0.1644456,0.2578289,3.8811417,2.5637994,1.6673148,0.58293843,1.3663172,1.5149261,0.73556745,0.45521727,0.6317734,0.0031913195,1.8241426,1.5656084,0.13374856,0.18332566,0.9550673,0.84185845,1.0426729,0.044835392,0.9883643,0.31188917,0.8385333,5.4094744,1.1215029,0.09499519,1.0807226,0.33809406,0.67695606,0.055258337,0.7883184,4.5624585,1.6157565,0.2692318,1.0336156,0.5029746,0.83836263,1.7072334,0.22946367,0.5334278,0.23448253,0.22438733,0.8916817,0.5817521,1.5190247,1.3371464,1.3964459,0.41050202,0.76548946,3.1222577,0.40817478,0.0117541235,0.3623726,0.44529808,0.6540873,1.8373923,0.8885974,1.6263552,0.6601903,3.321874,1.5797871,1.9814898,0.34650606,0.93045527,0.034157895,1.8073967,0.32902554,0.29010424,1.3217539,0.8186692,0.047970954,0.07636989,1.680157,1.0995402,0.053712066,0.13940568,1.5706965,0.91739184,0.78686374,0.034137543,0.21322043,1.4435254,1.4275151,0.065126434,0.14423881,2.0718246,1.601167,0.08859453,1.4290051,1.3247758,0.8176355,0.30554587,0.4581066,0.84614646,1.3685353,0.12657924,0.24910298,0.19208701,0.66931313,0.19657557,0.84305686,0.35034487,1.2802291,4.8321457,2.0291893,3.8933709,4.8677435,0.13938567,2.107974,0.7844506,0.97563756,0.033358544,1.175939,0.38773593,2.987898,0.5994274,2.1325798,0.34332228,0.086382754,1.4460492,0.6952563,0.1962712,0.90354145,0.14848997,0.27175856,0.81989413,0.70920026,0.96449715,1.2682333,0.64951384,0.04343892,0.26478332,1.0758437,0.12147844,0.32105222,0.668331,1.7784975,0.6063367,0.852917,1.9080857,0.6923996,1.8571006,1.314982,2.4047222,0.9966561,0.80320853,2.2158554,3.0613341,1.6161262,0.88460106,0.7564469,0.45118985,0.38141584,0.93194735,2.809524,0.86017096,1.8993418,0.37860963,0.90229225,2.339306,1.4834386,0.23446028,0.18999074,0.1814038,1.1430312,1.3302029,0.97718436,0.7187103,0.4510891,1.2209344,0.62167865,0.81653744,0.42279267,2.384587,0.70615643,1.557506,2.3840098,1.2158716,0.9472936,0.90263784,0.14043249,1.3145372,0.665572,1.4587427,0.42048645,0.29197302,0.044739705,0.6413467,2.4470575,0.96082675,0.51769316,0.5555112,0.4387739,0.7633184,0.84662586,0.869464,0.6687734,1.3354217,0.31334254,0.438508,2.8013327,1.4291873,0.14795054,0.07014504,0.87188804,0.47934118,0.88617665,0.941804,0.27381286,0.12710078,1.0677421,0.20438106,0.18410608,0.5431751,0.6299825,0.04032186,0.14721377,0.5390218,0.61593217,0.8700851,3.0940654,0.35549405,1.2327502,0.2297066,0.054034088,0.6577202,0.90124905,0.44728392,1.0032105,0.6685812,0.57920593,all_pothole_images\pothole_images_optimized_image_166.jpg
1.3328965,1.2860001,1.429659,1.191894,0.1143791,0.12136839,0.07994073,2.1081634,0.04280008,3.7231817,0.003377741,0.18431225,0.03074335,0.73684096,0.8938515,0.029549211,0.05237752,0.44337848,0.12818755,0.5946513,0.03479408,2.0177064,0.8991302,1.3073472,0.37705758,0.6132713,0.4947054,0.6980455,0.17259605,2.9371471,0.6132495,0.22402905,1.2596282,0.7296369,0.17687324,0.60256755,0.040248368,0.5772545,0.84042203,0.13348207,1.3022678,0.9341142,0.21221122,0.19504541,0.6802488,0.15634274,0.5744074,0.0,2.9221914,0.43991342,1.3781165,0.5975705,2.5416822,0.056413308,0.8225304,2.279933,1.1364559,0.6654976,0.40835333,0.9328092,0.1131047,0.7166718,0.64735585,0.35403764,0.81631356,2.4341807,0.0035061822,0.20822303,0.2684267,1.0571907,0.2174037,0.30963856,0.14126533,0.09455882,0.9017411,1.5099773,0.14287753,2.2760985,0.7407413,0.1900189,0.031065036,0.99250644,0.9693835,3.1310499,0.36595216,0.7173068,1.1298063,0.33815002,2.9080389,1.1307884,0.0011561682,0.34913272,1.2616062,0.87008667,1.0009865,0.9010452,1.4522578,0.16664578,1.1912997,0.17302951,0.609535,2.3947034,0.41209552,0.019270623,2.5149016,0.586311,1.7146789,1.9479289,0.2952164,0.83179766,2.0625544,1.9844127,1.9441011,0.4966408,0.16627455,0.39987248,2.0803618,0.08807198,0.7891718,1.5340115,2.9714031,0.24208514,0.89854336,2.3996017,1.2643158,1.5498949,3.7968538,1.4566475,0.51104176,0.3481963,0.40413475,0.10255239,0.24884586,0.399961,3.0503016,0.76932806,0.77027,2.0705435,0.75337124,0.5208484,0.3982992,0.16086845,2.1924515,2.1679118,0.3512388,2.2614095,0.333234,0.35810852,0.04359184,0.2704767,1.1452258,1.2904516,0.3191019,0.76627386,2.0040088,1.3732699,2.1612988,0.91909593,0.07732939,0.6664948,0.35850912,0.2766815,0.6047081,6.368256,1.1231834,0.8114488,0.44588286,1.6953545,2.635485,0.94433904,0.05953263,0.0,0.46878573,0.050611135,3.672115,0.2087264,1.6094217,0.30662373,0.32992426,1.3407809,1.3411225,2.5983424,2.4767566,2.715484,3.8554418,0.1540636,0.4570809,2.0630505,0.002074171,1.5287799,0.025354182,1.5342666,0.7326971,3.1151197,0.095850214,0.53148264,1.4550148,2.271385,0.2760143,2.8194754,1.0005472,1.7697476,2.9858882,1.0801554,1.2141248,0.5950031,0.25480697,0.59741503,0.10917062,2.0599089,0.15810092,0.19713062,2.605417,0.9454102,0.62894803,1.1348007,0.2029911,1.3734647,1.3923442,0.06869297,1.0773699,2.0508096,0.50660115,0.5713868,0.15082006,0.28204066,2.110854,0.7830977,0.836618,0.15590702,0.7616728,0.043939024,0.002707985,0.5965177,0.37686428,0.13736728,1.1351032,0.5494097,0.2562949,0.29236323,0.2867297,0.46293628,1.3380735,0.9300241,0.7277077,0.21797794,1.0183647,0.6134133,1.9836285,3.556467,4.5892706,0.68209726,0.99231035,0.055857133,0.9256229,0.23682076,0.98384136,0.11290338,1.7587796,1.3611203,0.39026862,0.04187133,1.5568218,0.39010805,2.6595705,0.9005183,0.06788702,0.50578976,1.7625694,2.305892,0.30718687,0.34279343,2.1547859,0.5435411,0.68393517,2.2006605,0.59796935,0.9905376,0.013959894,0.47493166,0.30615798,0.91391677,0.008467159,0.7034698,4.767592,0.21869601,0.39748743,2.1992075,0.88039124,0.20301937,0.0,0.9532167,0.19354089,1.6980075,0.97115403,0.3389439,2.4984853,0.99746716,0.51755285,0.72956795,0.26347557,1.2351081,1.2828691,1.6196563,2.1371572,0.28685847,1.3589528,0.3540853,1.4355434,0.4856424,0.5848967,1.4224313,3.470874,1.9935671,0.1598913,0.494599,0.31947064,0.38771984,2.0442462,0.43218288,0.89020985,0.6725357,0.056056205,0.5718336,1.301917,1.542173,0.7937729,1.1020823,1.1342583,0.23229307,1.7843055,0.5520317,6.0066708e-05,0.6547722,2.5831487,0.19622315,0.84582025,0.034122128,0.40225315,0.030905439,5.1468735,1.0993211,1.0620463,0.5274587,0.5318523,0.4194489,0.27319917,0.38048095,0.23103844,3.0302086,0.8986534,0.4998184,0.009013891,0.45479584,2.1847105,0.9001613,0.18660828,1.332523,1.6947093,1.2590194,0.4626728,1.0625653,1.4855515,1.0055181,0.08806999,0.7537662,2.0554733,0.8107105,0.14256991,2.6626947,2.0795703,0.6578204,0.3224549,0.4346933,0.7832728,0.7480065,0.15229695,1.0680155,0.356309,3.1233776,0.25262886,1.830478,0.49467257,1.0188774,2.6332593,0.5769752,0.38985497,8.693516,0.14511749,3.0407536,1.476497,2.2492142,0.41003534,1.3446839,0.080453455,2.027189,0.30224654,1.6267636,0.8338436,0.11418779,2.8042157,1.0219536,1.7139267,0.55299336,0.33845705,0.26884818,0.12804511,0.21063407,0.9315973,1.2792025,2.017871,0.0300057,0.32536742,1.1129831,1.043769,1.2774048,2.415154,0.8883075,0.47922266,0.5887577,1.3761176,0.73562783,1.7700961,0.4743308,2.4505243,0.32247722,0.40272677,2.8711236,1.6884346,2.5568078,1.1981239,2.661419,0.3229496,1.0523889,0.03711623,5.0614486,3.0943568,0.2035602,0.45137188,0.14465703,0.50445247,1.2005241,0.48218435,1.3789548,0.12939559,1.1191521,1.0303379,2.1725183,0.4010508,0.5716494,0.4477445,0.21177746,0.053429447,0.59443647,1.3602289,2.2741504,1.640945,0.035803117,1.4221303,0.17619434,0.5429665,0.5848695,1.6907696,0.8083566,2.8957357,1.1664354,0.48362422,0.25527632,0.21698229,1.3840911,1.1032444,0.44139913,0.5815285,0.65476537,2.3939092,0.57782805,0.2588472,0.41282746,0.1494923,0.037681405,1.0013359,2.5156302,1.955291,0.302986,0.06866605,0.7780113,1.8074752,0.0,0.14086926,0.001887044,0.2681329,0.24340263,0.20814075,0.17393844,0.50962865,0.322479,0.17614228,0.6415624,2.098217,1.989023,1.5123638,3.1997683,0.4387739,1.687225,1.6044481,0.8744471,0.0010701937,5.103276,1.4870846,2.0984166,0.97798485,0.2529265,all_pothole_images\pothole_images_optimized_image_167.jpg
0.013888976,1.4918646,0.035241254,1.644567,0.09614273,0.78129816,2.398768,0.041769534,0.29988128,1.4667332,0.57812154,0.2426229,0.5272032,2.0325599,0.3028726,1.2109104,0.13356674,0.32267815,1.0626506,0.04841702,0.20719212,1.2693421,1.417573,1.409544,1.2391125,1.1859865,0.52321523,1.1072713,0.07732692,0.98983014,0.5855996,0.0,0.012772518,0.28991848,0.20948303,0.8170113,0.2970464,0.219852,0.91829973,0.0982237,0.018886669,0.11665988,0.5007937,0.33128202,1.2755747,0.09195412,0.40854898,0.0,0.37272358,0.18192051,0.7207215,0.40480086,0.6431873,0.8951786,0.4395601,1.6210047,2.2134535,0.45162138,0.40878582,0.4321476,0.47246775,2.80649,3.3357341,0.51356643,0.1398509,1.5161612,1.465468,0.9911301,1.3264188,0.11667048,1.75023,0.584323,0.2605327,0.42614573,0.26298237,0.6388505,0.27616248,0.06871894,0.39908373,0.67715174,0.91452414,0.42348835,0.9997219,5.454936,0.621256,0.036412794,1.6417985,0.30337706,3.1254907,0.88407665,0.37814805,3.0728908,0.55316097,0.89192605,0.18736707,0.19579151,0.0073328963,0.30013987,0.92863315,0.28922316,0.110226884,0.61309755,0.72023124,0.2547276,1.7140524,0.5452137,1.4979314,0.03857163,0.0029278153,0.18174261,0.7942549,1.0417796,0.447248,0.08382326,1.2341605,0.42595208,0.13671075,0.5341635,0.39401785,0.017765045,2.4741142,0.6410885,0.1837035,0.43938166,2.2138896,1.1219317,0.981561,0.16598006,0.38630503,0.6481889,0.021791669,0.2082477,1.0247635,2.5018697,0.8245115,0.0,0.066806756,1.3493954,0.93939954,1.0392905,0.6249453,0.6754601,0.26019928,0.3227073,0.6987341,0.8083566,1.1904349,0.40119985,1.7112414,0.05912948,0.06357325,1.1940447,1.7286439,0.11519176,0.31245592,0.5820349,0.28305808,0.22745438,0.045548566,0.62335664,0.39009437,0.40110186,0.2441091,2.5739312,4.592399,0.6464287,2.6293452,0.44128394,0.38989997,0.16793765,3.1706424,0.23646496,0.7737819,0.07289385,1.6573147,0.0058298823,0.24184151,0.4038347,0.99726844,0.63012046,0.72917074,1.4082756,1.9029185,0.0,0.9788534,0.57660407,2.6816835,0.5546755,0.2547939,1.4146489,0.6712393,1.6938311,0.04705938,1.1098099,0.00014076885,0.32630914,0.41464093,1.0101564,0.69791347,0.026326476,0.9910996,0.5520331,2.2973018,0.48974577,0.43068156,0.098278604,0.0,0.32064685,0.6876244,0.9476706,0.3040006,1.1426327,0.90578485,1.0421321,1.5037445,0.3915748,0.092634685,0.38645494,0.3155268,0.35157388,0.1752795,0.26846427,0.62609076,0.0013497894,0.235395,0.48726228,0.7232181,0.17805049,1.841619,0.22119696,0.71539587,1.3949213,1.137042,1.3298498,0.04027473,0.43893385,1.0195287,0.084017865,0.10744003,0.8061802,0.011739941,0.34517047,0.006289051,0.04601661,0.5680176,0.110245906,0.34713367,0.21497072,0.25707582,5.2551694,1.9202846,0.09447663,1.0396594,0.087161206,0.06972332,1.0475736,0.7984912,1.7319827,0.3593971,2.097566,0.45852262,0.33814344,0.012277691,1.944893,1.3007965,0.16164647,1.4351567,0.32495925,0.8653018,0.0,0.6451403,1.313193,2.079992,0.46831676,0.22534183,0.7480662,0.30231497,0.44777846,0.47883067,0.6495456,1.7495733,2.4302785,0.20702359,0.82157564,1.3852226,0.43172306,0.3985239,1.0526402,0.5609717,0.79104924,0.05053236,0.11300143,1.4105536,0.08058109,2.074743,0.7298749,0.039629914,1.8318716,0.41777045,0.6286062,0.0,1.0063636,0.1578984,0.013525286,5.2915473,1.5058202,0.49232155,0.10753343,0.4801552,1.2433448,0.022031682,1.2383881,2.7106233,0.06508013,0.41086534,0.034123123,1.2185189,0.6246206,1.2741791,0.50261086,0.005442876,0.56879735,0.17471218,0.08815206,0.84229326,0.64572066,0.52224475,0.08564248,0.89132816,0.25381324,2.2886617,0.110530674,0.3111123,0.5996034,0.09861879,0.28965083,1.4409072,0.4905042,1.5645279,1.1348094,0.5244874,1.8443962,0.14960882,0.64932734,1.273709,0.0,1.4261833,0.009774317,0.071916245,1.7252117,1.2956473,0.0,1.6260502,0.29936108,0.33380586,0.38673687,0.9899122,2.3851402,0.8718939,0.081595436,0.0047327518,0.99273664,0.7349056,0.56794953,0.001056754,0.5023573,1.6005841,0.30920187,0.15879853,0.8797685,0.8266476,0.53955686,0.59989536,0.82764673,1.0136822,2.6747074,0.029223368,0.27414384,0.3254484,2.6796463,0.8831889,0.08863468,0.8691588,0.09403115,2.0903869,0.076031625,2.015052,1.467479,3.2530086,0.42495245,0.5515086,0.021417325,0.0012169303,0.46093458,0.35503113,0.21062498,0.017797047,1.0213953,0.31285197,0.26594204,0.823667,1.0031115,0.78432745,0.41854438,0.26450732,0.71767944,0.12653805,1.0404643,0.029817557,1.8229454,0.6838656,0.28128755,0.02868768,0.11087579,0.8239419,0.0,0.9661201,0.28990045,0.6901874,0.15398823,0.24741425,0.13840431,1.5538051,0.9043363,1.5898132,0.195168,0.12740566,1.0328925,0.42610854,0.8319655,2.3315818,0.5032834,0.43736959,0.024022168,0.1580928,1.3020127,0.29753786,0.06957481,1.6167544,1.252891,0.33482215,2.0499532,0.7665706,0.15970916,0.51423556,0.483318,2.0949636,0.54644567,0.050832804,0.5468564,0.8273583,0.6461488,0.5307837,0.2598559,0.88369876,2.1795557,2.352282,0.683727,0.013340159,0.031299256,0.64143175,0.32138166,0.47204292,0.07694527,0.9654651,0.5164996,1.6713644,0.22496696,1.2880005,0.49569857,0.114108734,0.38681093,1.1154236,0.011160128,0.15386464,0.45255902,3.6330576,0.0768264,0.0057085385,0.2776342,0.0,1.4785479,0.275348,0.3696909,0.015876563,1.2055781,1.5652872,0.13852552,0.21696758,0.0,0.06625945,2.4904597,0.91792685,1.4726381,0.22954099,0.16498834,0.44034958,0.20243621,0.8991163,0.02447641,0.032296225,2.5118933,0.25159454,0.17847055,0.96049577,0.2614083,0.03724796,0.84587073,0.36436567,0.16124018,1.1665984,0.08344158,all_pothole_images\pothole_images_optimized_image_168.jpg
1.4163994,0.48734507,0.3121278,1.6138185,0.100334726,0.09052925,0.18779938,0.02435877,0.17600745,1.4998611,0.7723031,0.82467395,0.6709752,0.39076298,0.045365125,0.7671612,0.17703219,0.4514951,0.4147004,0.0074740136,0.76198345,0.9896831,0.17679538,0.4194458,0.24066412,0.65782356,0.8401466,1.9143839,0.15770943,0.34212238,0.4581944,0.2914351,0.42453098,0.41687346,0.43978137,1.1413239,0.37541643,1.4712379,2.3124049,0.28246117,0.0,0.27403137,0.2718495,1.6941291,0.7310428,0.017984074,0.17992015,0.15042599,0.76040787,0.55088913,0.19748983,0.25916174,0.124600925,0.0,0.0073560956,1.3805715,0.27875367,0.34311476,0.97842216,0.3971571,0.063147105,0.31077597,0.10188061,0.11459447,1.0526241,1.5312703,0.27058378,0.028894268,0.69955295,0.17958878,0.05532421,1.0411774,0.15078162,0.45113075,0.13146088,0.3724264,0.3866235,0.33696356,0.004236972,0.042611774,0.60753506,0.07557267,0.0065294215,1.1776654,0.85180414,0.073029146,0.15687187,0.31107214,1.6684216,0.9637193,0.105533734,0.6063763,0.26844758,0.43846402,0.47382978,0.22139327,2.2885284,1.0839608,0.75302976,0.5708198,0.16445759,0.005835915,0.5952548,1.2878048,0.8485241,0.26955396,0.1263513,0.12634492,0.3815812,0.18443607,0.0,1.8392217,0.94154483,0.27061328,0.07969113,0.2583944,0.66073436,0.41964582,0.7251453,1.1339493,0.83272225,0.09219774,0.10414646,0.4273242,0.50595725,0.17792584,0.6879769,0.35517952,0.7582157,0.18213025,0.30788016,0.117538914,0.49741185,0.017999886,0.011013921,0.636071,0.15670674,1.0720868,0.72158206,0.0,0.036467917,0.31324175,0.13076454,0.5406485,0.061891686,1.4923072,0.6869902,0.03461501,0.58520454,0.47737566,0.47027972,1.0026975,0.0,0.35504195,1.1832974,0.44167078,0.07597849,0.1404582,0.8085788,0.44666868,0.5516159,2.2409456,0.15832205,3.2918315,0.35234863,0.84076893,0.36712328,0.0063051307,0.52234596,0.69415927,0.14233989,0.11243446,0.0123978,0.20862709,0.11750038,0.0033794218,0.2352018,0.0,0.9047386,0.4854269,0.11814033,1.7213329,0.5392725,0.48326328,2.7955303,0.43548095,0.052670408,2.28551,1.1642231,0.43773568,0.43797234,0.7229188,0.11044199,1.7274892,0.09813366,0.19109236,1.2271978,1.8798128,1.1744136,0.11834669,0.07590324,1.5853405,0.4190679,0.8459365,1.5170243,0.56518894,0.037534237,0.5155674,0.73114043,0.5100805,0.0035535304,0.11335326,1.130315,0.09731488,1.5288389,1.0928721,0.15883823,0.06228938,0.14881897,0.34215552,1.7198235,1.1228609,1.2632256,0.7239991,0.17005399,1.090359,0.66012216,0.0,0.92528456,0.9131896,0.062056646,0.6402321,0.18672408,0.43901584,0.111181565,0.3885282,2.1344373,0.029701341,0.1758393,0.5585407,0.2913051,0.6164536,0.033649143,0.05530487,0.08416096,0.11336184,0.53350025,0.04670869,1.1088305,4.5530853,0.347286,0.1714971,0.49836507,1.0223731,0.013521552,0.33727238,0.86515415,1.9188789,0.12190921,1.7738984,0.16319233,0.015870586,0.33939657,0.78764963,0.5202502,0.59247714,1.1053303,1.7338381,1.1860816,0.04444914,0.6457807,0.18866315,0.026731694,0.7013606,2.8290815,1.3722637,0.47782734,0.06544837,0.03811016,0.71810746,0.37024155,0.45692697,1.1578375,0.07507332,0.068148345,0.80506575,1.2379644,0.22719067,1.3173215,0.72720796,0.09383465,0.012940145,0.22572453,0.5522926,0.80658317,0.007204373,0.88616514,1.7845098,0.32170427,1.2334703,1.280952,1.6473427,0.058925364,0.81253254,4.3295927,0.40098178,0.52713495,0.6950165,0.18743005,0.12793665,1.0645401,0.45739496,3.1096752,0.80575716,0.10993634,0.9149345,0.2552322,1.4453006,2.7492259,0.54190695,1.6435603,0.35037652,0.6724675,0.026256656,0.3466448,0.22179368,0.35439816,0.1180082,1.0419065,0.2545528,3.268881,0.042489383,0.072738774,0.2783718,0.58543503,0.021414693,1.6242204,1.4737666,0.3177134,0.3067484,0.10688322,0.08850533,1.0169135,1.5569978,0.26671603,1.1195624,0.013294927,0.09719067,0.054257505,0.9967483,0.45750847,0.746296,0.33712476,0.006917672,0.16104527,0.0,0.030919572,0.83783597,0.025500739,0.5664477,0.08391859,0.50122285,0.6881215,0.8516136,0.20123081,0.05734695,1.6571122,0.050852396,0.24445425,0.009745156,1.4285703,0.900361,0.26545745,0.0026288787,0.23078704,0.14263329,0.05381077,0.088492945,0.42323127,0.48549798,0.7145495,0.037478942,0.5693241,0.6100709,1.7835374,0.47687957,0.86661494,0.0,0.10488763,1.842953,1.4370453,1.0624907,0.63986456,0.25215673,0.62332046,0.22051565,0.5444555,0.4428371,0.85935646,0.010787202,3.2426538,1.2079778,0.40021452,0.09039002,0.64600676,0.15456714,0.33033693,1.3266617,0.14714257,0.010149523,0.7690198,0.8309648,0.5550321,0.73349875,0.0019971482,0.0711208,0.09767139,0.60517573,0.2232122,0.10997583,1.8167404,0.6479636,1.1526537,1.1201515,1.1152555,0.15686147,0.48121494,0.6938222,0.0502162,0.7306588,0.0040940708,0.48399213,0.4808609,0.7331985,0.026981227,1.8288957,1.7352389,1.0256627,0.8174953,0.39728767,0.27277297,1.4862467,0.1565337,0.33717105,0.03839963,0.030596003,0.07862881,0.18922405,0.10437741,0.68968177,1.9041377,0.39575037,0.78384477,1.958209,0.49449864,1.6616666,0.31548712,0.5455336,0.9271327,0.6373765,0.6099862,0.09491978,1.1121188,0.0,0.09582445,0.32555273,0.21290755,0.071952514,0.029775687,0.32005626,0.33520985,0.9495756,0.108260565,0.14101341,0.3292729,0.08835204,1.1496502,0.92275566,0.48491254,0.25426662,0.314579,2.1733289,0.5387797,0.15453449,0.0,0.64142627,0.8794836,0.008381831,0.91367465,0.0,0.7027984,0.115085,0.47765902,0.92991424,0.0009731604,0.05235269,0.101450644,0.09365064,0.012969768,0.112073354,1.1222907,3.595913,0.34657937,0.43120828,0.53570586,1.1749814,0.78228605,0.43063006,0.82465035,1.0141476,0.25800943,0.9137092,all_pothole_images\pothole_images_optimized_image_169.jpg
0.71203065,1.2106932,0.30533102,1.0932419,1.0794891,0.009939676,0.024126802,0.05069118,0.1552609,0.07802751,0.045776222,0.1612574,0.2035546,1.364588,0.09228708,0.3462504,0.0,2.856847,0.3842067,1.6358577,0.120260715,0.06452098,0.20473486,0.42084005,0.26789188,0.44094685,0.5607423,1.6204723,0.0,0.16891292,0.018204063,0.023327703,0.013811685,0.77736974,0.30911782,0.26916113,0.5919839,0.57922167,0.25754037,0.17087461,0.43364227,1.2038038,0.6468747,0.92685777,0.1506267,1.1273108,1.3349428,0.61531574,1.9295772,0.65093964,0.115531586,0.59861916,0.050037336,0.190413,0.90961844,1.0667049,0.6882599,0.057691853,0.6863102,0.8810789,0.46080723,0.027284522,0.93149567,0.20659259,1.215382,0.21233088,0.008142725,0.13112241,0.06279486,1.1189964,1.7670522,0.7149427,0.31697145,0.0,0.051729538,0.024911739,0.66654545,0.19477978,0.03787764,0.21771915,0.40436175,0.7643283,1.0260929,1.6625139,0.08255548,0.18233593,0.4593023,0.034814317,0.22333406,0.46136758,0.15132011,2.2924557,0.9803597,0.3855203,1.2293872,1.3978262,0.00642167,0.75731826,1.2972552,1.0200057,0.9157394,0.18569985,1.7833747,0.13102701,1.3033885,0.17002194,1.4109066,0.31225485,1.9884671,0.1624792,0.36073887,0.019982848,0.015734855,0.025938975,2.403688,0.08529258,0.12600076,0.3591531,0.39404652,0.0,0.55217034,0.7945913,0.32707915,1.2308886,0.25725746,0.27511957,0.13885465,0.6169013,0.018776052,0.35595363,0.2858562,0.33482087,0.56707007,0.17821515,0.3603507,0.52338636,0.04434439,1.1996667,1.593063,1.0172706,0.2966543,0.122888245,0.06056886,0.22151507,0.19893959,0.4262495,0.06980267,0.57785803,0.24737225,0.41886792,0.7519905,0.1591999,0.44320488,0.6352118,0.13734664,0.4040782,0.72860265,0.3559145,0.36739203,1.0614815,0.5388904,1.6973305,1.1625788,2.6344504,1.6139934,0.019597646,1.8705806,0.10812158,0.8615741,1.8749361,0.60063106,0.05936382,0.0,0.5294742,0.4143849,0.27920663,0.56613165,1.1376417,0.6416267,0.14134234,0.1002229,2.4708538,0.22986712,0.28805622,1.4264547,0.46673748,0.20601922,0.36715972,0.0077852933,1.8753593,0.07584162,0.5593341,1.5973312,0.2595327,0.65722936,0.9808457,3.1050246,0.041525364,1.1391807,0.0,0.8228147,0.40266913,0.17704508,0.030778313,0.83439994,0.696347,0.14778256,0.16938822,0.083042696,1.3946863,0.012546462,0.53838474,0.6043476,0.0,1.9007945,0.16436408,0.5298508,1.2231106,0.44780138,0.63662237,0.734756,0.6757742,0.17443775,0.18673864,0.033310127,0.9855294,0.04386778,0.97804695,4.7895904,0.40138167,0.45492566,0.42152232,0.38495418,0.13135333,0.8642733,0.0,1.7078406,0.07965351,0.49505907,1.0389435,0.19693884,0.23103628,0.25890604,0.31968296,0.5360217,0.3014252,0.57768136,0.39759636,1.1739702,2.8827856,0.15233159,0.09884698,0.0023966616,0.12979104,1.0412186,0.37029722,1.2373116,1.0871284,0.20843984,0.662492,0.38952208,0.13325506,0.8692801,1.8335701,0.056219943,0.16010259,0.5619141,1.0551132,2.6429834,0.1618265,0.1577234,0.058601927,0.56504464,0.90257806,1.3195969,1.1145318,0.0,0.44559014,0.20262569,0.100553975,1.2510287,1.6705375,0.36326554,0.00049287564,0.16964781,0.17483559,0.5734667,0.15658814,1.8900907,0.64748335,0.09120946,0.28263956,0.013053684,1.1681215,1.2380748,0.00508307,0.19730711,0.9961208,0.24136776,0.874794,0.5426989,0.31387344,1.0434113,0.18594818,5.4233446,0.6513362,0.17136861,0.28330472,0.44255543,0.7640703,0.03487454,0.62101316,0.427888,2.3870609,0.19485041,0.069647655,1.3253139,0.057965692,5.9710555,0.43714485,0.6585883,0.3934859,0.117221236,0.0721754,0.097938284,1.2015169,1.1497787,0.0062544323,0.24251164,0.005244682,0.972035,0.10337828,0.007907072,0.2705747,0.0,0.39462242,2.6584334,0.79231215,0.3546137,0.51324767,0.084186435,0.0,1.0722678,1.83192,0.17029941,0.0,0.26435462,0.29792613,0.036595438,1.7204266,0.4749527,0.30875322,0.40867457,0.869246,0.90746355,0.070466936,0.005978708,2.4833014,0.014817858,0.2859345,1.7186177,2.7490482,0.32471308,0.03338947,0.45551422,0.21108128,0.11803201,0.1604481,0.13833308,1.5683792,0.31996587,0.3969682,0.033514157,1.0299178,0.06113882,2.6525288,0.085402906,0.0158106,0.07061842,3.7983687,1.4345107,0.30051702,0.110397376,0.49492678,0.27213523,0.028695222,2.4862332,0.15074801,0.21942301,0.8459315,1.3056353,0.089395724,0.46143213,1.0827013,0.0,0.60165256,1.0420974,0.36631918,0.07051492,1.0192755,0.18380038,1.4754523,0.0,0.1372892,0.18986447,0.019362813,1.1984344,1.402458,1.2519705,0.40264782,0.10006843,1.6966087,0.0033000116,0.6236229,0.92059416,0.1516412,1.0883056,1.8831687,0.40122297,0.59595805,1.9289887,1.3535244,0.28208965,0.79998016,1.94518,0.022819145,0.0799954,0.0,0.22982182,0.5911318,0.029302562,0.3422363,0.09261857,0.24122877,0.16211098,0.0,0.061482977,0.09243222,0.77505034,0.10154483,0.022211568,2.1827092,0.21927245,0.32687512,0.066963285,0.3964878,0.2833121,0.26048416,1.008981,0.18282579,2.9719608,0.28990728,0.16343875,0.07906649,2.6905742,0.5164225,0.37502372,2.2747264,0.18751279,0.4685858,2.8441365,0.0,0.43177977,0.010385181,0.00053524633,0.012496261,0.10060845,0.0,0.38146177,1.1976684,1.0418453,1.8466018,1.8473725,0.011937781,0.044558953,1.2123145,0.0,0.20470195,0.25181225,0.10164993,0.012005259,0.41135725,0.15920877,0.014448069,0.10572718,1.1883976,0.91721404,0.93928885,1.3070104,0.33721527,0.20107171,0.09637044,1.7625483,0.19180083,0.02198631,0.08320672,0.03408665,0.084525295,0.12364067,1.238136,1.1165249,0.83730036,0.04075087,0.09516169,0.7290953,2.680009,1.0817637,0.019007312,0.3437854,0.20728537,0.071187556,2.738426,all_pothole_images\pothole_images_optimized_image_17.jpg
1.5705731,1.2020795,0.10327595,0.7279137,0.7810174,0.7208782,0.41152063,0.0145883635,0.02156103,0.33435044,0.34115857,1.060732,1.0578897,0.53659165,0.47304434,0.049557276,0.0018498888,1.7561747,0.0,0.13913961,0.40796942,0.84902734,2.0187926,1.0567024,0.18320502,0.22072268,1.0058585,1.2074455,0.23809531,0.039542183,0.5172495,0.013464083,0.3011396,1.2170529,0.19239819,0.12672456,0.10605364,0.3107852,0.10240117,0.0006337078,0.006502795,1.2091559,0.19171749,0.848789,0.057687953,0.0039961226,0.36408174,0.26204878,0.008427864,0.17559916,0.3164846,0.8850619,1.3912874,0.0034653489,0.11900374,0.06039973,0.7394489,1.1086539,1.0541115,0.17446995,0.16003965,0.8642377,0.48939186,1.1432749,2.5318277,0.81645316,0.42144844,0.07695623,0.07073711,0.55424756,0.2528038,0.301935,0.430005,0.2625445,0.92602664,0.52675223,0.09828715,0.6763182,0.0,0.0,0.66542345,0.023239834,0.32824948,0.037607197,0.41512173,0.22978118,0.56091994,0.6380052,0.56156945,0.2044205,0.561816,1.1447196,1.0439302,0.24640028,0.4101258,0.5420818,0.8358236,0.6685224,0.7348435,0.0,0.03996219,0.7950645,0.011666167,0.46045867,0.8351611,0.6803999,0.008748364,0.349713,0.7208611,0.4034718,0.2965691,0.25973123,2.3654866,2.4100528,0.62407404,0.38006476,0.11693771,0.0019937225,0.11931425,0.2555486,0.27841607,0.64817387,0.12900186,0.28676578,0.79560596,0.6838387,0.26496232,0.30434752,3.8056192,0.88228965,0.36797044,0.040693555,0.0020557875,0.2800192,0.026449319,0.2005935,0.0202425,0.46648166,0.70136064,0.08679178,2.3590748,1.0398971,0.44861427,1.6805615,0.4314654,2.5182357,0.014663998,0.59242505,0.0037641227,0.17016779,1.7755466,0.50524545,0.08831997,0.15274663,1.2123749,0.61733955,0.61741966,0.3158506,1.8065288,0.33885044,1.677891,0.7374997,0.099892944,2.5677133,0.2770465,0.14286466,1.4269323,1.0181808,1.6269119,0.2420105,0.1298969,0.32305613,0.049233504,0.055287,0.6465009,0.95332783,0.7842795,0.34137258,0.4034774,0.13603039,0.16416506,0.35869005,0.6314563,0.599937,2.4276085,0.08743138,0.0016087547,0.0,0.83278406,0.07285674,0.6946699,0.12533595,0.40749237,1.8633709,0.0,0.36677885,0.8346431,1.0101299,0.024926627,0.6803707,0.3600727,1.207686,0.29671916,0.12100089,0.26912755,1.6014879,1.3941444,0.4837922,1.8567486,1.8561275,0.004659909,0.1473624,0.42531383,0.19640413,0.37861416,0.6502989,1.9415212,0.641355,0.17146684,0.056470923,0.805428,0.26358443,1.33522,0.04084803,0.0010752118,0.06017905,1.2378737,0.12781937,0.6594932,0.22090635,0.49475735,0.005230035,0.021959474,1.0159693,0.0051918356,0.014054494,0.6492461,0.4528862,0.11097242,0.87454134,0.0,0.0,0.4053683,0.066894285,0.10331352,0.15201813,0.7178458,0.60335106,0.8720804,3.5655835,0.49284354,0.09719247,0.08513887,0.036728237,0.7073696,0.27158687,0.6154551,0.66782945,0.006314375,2.1364777,0.53587836,0.51580274,0.25023746,0.40410367,0.7871507,0.66201055,0.31369755,1.2580034,1.19714,0.048476845,1.0724055,0.34768042,0.20814325,0.20063528,0.0,0.1924684,0.19819638,0.2526817,1.1212847,0.10254642,0.46133518,0.03484569,0.6187593,1.1303637,0.36268544,0.12283677,0.31230915,0.05731174,0.98922807,0.15704156,0.41351002,0.15376446,0.5075864,1.1276898,0.04624568,0.069324285,0.83200914,0.3202788,0.8010842,1.4090012,1.4442221,0.09105754,0.07683408,0.033627048,1.702801,0.019821445,0.06535736,0.029422173,0.11156576,0.08455515,0.36279252,1.0487478,1.1845161,0.8425125,0.22856364,0.057821292,0.30063215,1.0262319,1.1030403,1.1805136,0.76953334,0.0,0.7565263,1.608044,1.2867886,0.26424113,0.7947149,0.04307717,2.580076,0.05750205,2.0443785,0.8401778,5.125384e-05,0.29170954,0.0,0.0018234531,1.0252924,0.0,0.57134247,0.04426287,0.12211918,0.67520547,0.37586024,1.2408165,0.67341185,0.55752873,0.22889987,0.7158991,0.09759853,0.362019,0.4221554,1.5606132,0.39103153,0.11435201,0.2000203,0.10390521,0.32232416,1.1093539,0.06852804,0.9714593,0.74721515,0.24327877,0.13251328,0.8481278,0.008805236,0.19854167,0.6101941,0.19286372,0.8558689,0.26413822,0.1489366,0.3184712,0.4903477,0.06969399,1.378349,0.7121227,0.765764,0.43743062,1.0493948,0.92662495,0.44418785,0.045067362,0.34085682,0.6665633,0.8072113,2.3857162,1.3252188,0.04582675,0.002801198,0.4875925,0.04086606,2.0809631,0.4261977,0.35951754,0.292918,0.42543545,0.63089854,1.3215344,0.42572722,1.8477397,0.22591516,1.4120321,0.3610164,1.0001606,0.26925644,0.83879524,1.2040089,0.26147842,0.81685793,0.56945175,0.27427718,1.0572472,0.15367487,0.18155825,0.7434026,0.16333905,1.2628311,0.7425604,0.21187301,0.25581446,0.73422676,0.5838175,0.16889378,1.6083436,2.179526,0.05753483,2.2760096,1.9408149,0.7533343,0.24285686,0.26683807,0.09008666,0.22393765,0.015277537,0.03899049,0.757208,0.29213586,1.3155569,0.3895021,0.48420504,0.6456992,0.08161458,0.06287114,0.63330215,0.16163746,0.018476311,0.16166931,1.6190697,1.5259757,0.8976931,1.5698593,0.10935935,0.04154349,0.3149261,0.19906558,0.24276702,0.57645345,0.09567103,0.8062978,0.19340436,1.5154059,0.6438183,1.0679374,0.62002414,0.542971,0.020478154,0.015376422,0.04132374,0.46493834,1.1164023,0.5488436,0.1185147,0.113784514,0.000113789596,0.18856926,0.06943868,0.0571646,1.0467836,0.040532783,0.18654671,0.5593946,0.651925,0.7087675,1.0580089,0.19344574,0.07395159,0.04638825,0.31826255,1.5589942,0.0047406578,0.5788545,0.09806588,0.013561949,0.581,0.04966223,0.041900907,0.72011065,0.0,0.27770314,0.31194517,0.21015556,1.9931245,0.44460443,0.8400899,0.03472686,1.9365768,0.54342365,0.6110604,0.0,1.6272064,0.80670613,0.5392307,all_pothole_images\pothole_images_optimized_image_170.jpg
0.75813943,0.27265972,0.5442909,1.4381602,0.2764624,0.01836301,0.0,0.017873678,0.14281096,0.33501005,0.19909002,1.7792633,0.8763937,0.0030848528,0.6535274,0.023307031,0.15867539,1.4420629,0.27708408,0.8258736,0.3585606,0.45730904,0.028851796,1.6838354,0.15980226,0.15289445,0.49524885,0.90439636,0.010749611,0.8302321,0.011365732,0.06362545,0.052686777,1.5671184,0.013106654,0.26723817,0.67995834,0.42699602,0.3434878,0.22104913,0.005732311,0.4642547,0.77821255,0.44654897,0.6826014,0.004342841,1.4829595,0.7836955,2.202995,0.70113474,0.17435133,1.0108827,0.009903634,0.82422245,1.5158249,0.34849665,1.7131478,0.0015528954,2.150711,0.324952,0.029341877,0.37428007,0.6076594,0.36224395,1.025508,0.2607999,0.0,0.8376734,0.1998913,1.0419687,1.2314451,0.34775084,0.5905541,0.013701078,0.0130381705,0.26580253,0.24432229,0.12522723,7.769283e-05,0.2618773,0.109184094,0.24501178,0.78604233,0.16383432,1.199195,0.080821544,0.5949082,0.7368409,0.5669122,1.2858026,0.008047729,4.0289803,2.3332582,0.00823511,0.55136967,0.8674388,0.99025905,0.53219676,1.4183832,0.83858615,0.21526808,0.27386615,0.5530239,0.50698674,1.5900743,0.0070948643,0.6470071,0.04115962,0.8444851,0.5642648,0.8649203,0.011067889,0.13628809,0.31671125,0.059679955,0.26653805,0.112993084,0.035051215,0.1915608,0.4969056,1.8625147,0.61339694,0.16969846,1.6571381,0.344355,0.86395067,0.5597753,0.023915287,0.49129465,1.710585,0.1604264,0.08345785,0.8655152,0.8157744,0.51226723,0.77613205,0.115200646,1.6923431,2.3719065,0.67403805,0.6919744,0.25413883,0.26679808,0.61921585,0.058245298,0.49682364,0.0,0.7645117,0.040669486,0.2536906,1.4555829,0.22099483,0.0,0.54929763,0.4396984,0.51044756,0.1985332,0.123210505,0.0014806029,2.0806882,0.23998438,0.92406136,4.4048195,1.5536627,1.3025998,1.3948035,1.1844312,0.08600365,0.68909526,0.29104638,0.67112553,0.9616321,0.47044384,0.12672304,0.2844529,1.3218483,0.07608361,0.07279203,0.31462795,0.21638967,0.36218357,0.9018871,0.5087622,0.0,2.2390556,0.3326929,0.40403342,0.334578,0.03891015,6.495526,0.052566547,0.68609244,0.35621044,0.42946485,0.10250312,0.6341858,1.9112896,0.026215635,0.3769444,0.11333348,0.47477356,0.09092932,0.7688896,0.04553754,0.18240719,0.41913515,0.17028567,0.0007787486,0.18922478,0.9502576,0.18556057,0.35429955,0.49876416,0.055208594,1.0637561,0.91178703,0.673456,0.23636967,0.00220491,0.4038216,1.8759366,0.4229916,0.7927367,0.23222654,0.015666584,0.12111938,0.17504978,1.1263471,3.2955484,0.29078802,0.042045757,0.0,0.6645092,0.0,0.083928205,0.0,1.0656917,0.9792371,0.05799652,0.039082833,0.99167025,0.834531,0.94435287,1.7830801,0.3226118,0.022399537,1.6126269,1.8570176,1.353499,3.297507,0.31555215,0.4689054,0.043209523,0.015630804,0.0,1.3007014,0.60341895,0.17194946,0.021491619,0.3087717,0.60220665,0.9993037,0.8283787,0.88326776,0.013362512,0.042714816,0.725533,0.67704016,2.5724843,0.09151872,0.22169122,0.0054930607,1.1448997,0.649972,1.4506353,1.0143514,0.044117387,0.8888011,0.4106016,0.2212833,1.2597187,0.6392854,1.488057,0.16707307,1.5746256,0.73154324,3.3939083,0.41789258,2.7968912,1.1024401,0.54222775,0.011603051,0.28314528,1.7013404,1.5670518,0.21828946,0.46847662,1.3497305,0.69215757,0.34511787,0.25811046,0.113040276,0.350645,0.04028226,3.8254776,0.28765184,0.76871973,0.23470604,0.4814133,0.72332054,0.6667184,1.3287655,0.6059199,0.3535383,0.14802013,0.26873726,1.3076233,0.028552366,3.4839625,0.20909357,0.18777587,0.34846476,0.0,1.1938769,0.3305544,0.9182602,1.3749793,0.18405876,1.6409211,0.13321827,1.2270682,0.164106,0.98340356,0.15974757,0.010090179,0.009213602,1.5987823,0.021119772,0.069535814,0.08119781,0.23936293,0.1312146,0.775245,2.8267448,0.57856095,0.06766424,0.027035415,0.12504943,0.0012814244,1.884459,0.22986598,0.0,0.6474186,0.32563123,0.42083094,0.0,0.0,2.44357,1.129522,0.4136458,1.1024306,5.8343444,0.021412376,0.004889338,0.10326973,0.67988265,0.824006,0.023528961,0.07307087,0.54015315,0.79014033,0.20087063,0.48435235,0.31502143,0.016188662,4.107193,0.0057928907,0.050010398,0.06092713,0.46205118,0.5590423,0.6772602,0.072564125,0.0,0.77978784,0.07330474,0.31835184,0.76945764,0.003421691,1.0692028,1.2574388,0.86394703,0.9840796,0.22486667,0.13570452,0.24851595,0.23501347,0.04669374,0.05103969,1.3609368,0.63667864,2.6821444,0.0194844,0.3855643,0.6233225,0.6342074,0.5227036,0.74983495,0.35682994,1.2513996,0.04414184,0.98010343,0.0,0.1056482,1.3359364,0.37884066,0.23766226,0.9494152,0.510941,0.7453096,1.3257837,0.6924619,0.6126903,0.41841862,1.822275,0.06912621,0.27876636,0.0055996533,0.24564637,0.8737117,0.17514703,0.2472322,0.16280307,0.41325432,0.27098146,0.07270408,0.0,0.035671234,0.08916208,0.5192882,0.09011877,1.9927851,0.00989146,0.9752709,0.16966605,1.5772232,0.7934342,0.23769939,1.9635115,0.15094224,1.0211143,0.96672034,0.00187587,0.53206617,4.118471,1.3927449,0.0013367687,1.1772854,0.51945275,0.057888072,2.232837,0.0,0.075406566,0.37157288,0.00013695474,0.13290735,0.46748778,0.12121399,0.7761154,0.6100685,1.4415926,0.24868037,0.33635688,0.0,0.006114299,3.0414317,0.0,0.054995872,0.11279746,0.016616276,0.0,0.83060825,0.18304642,0.05976463,0.58884376,0.56972325,1.3300625,0.118857734,1.1674839,0.0061150654,0.57677764,0.3484154,0.053607896,0.21660438,0.054891177,0.19475067,0.17455356,0.28811786,0.45655364,4.332118,0.45942897,0.5920361,0.3592126,0.20826979,1.2047279,2.827693,0.5109473,0.0043667573,0.4322238,1.0105196,0.9747602,0.62741554,all_pothole_images\pothole_images_optimized_image_171.jpg
0.9425086,1.6021552,0.83053565,2.700093,0.12590016,1.2425376,0.17079657,0.061596666,0.01295535,0.5288955,0.059175383,0.1828006,0.77549416,0.8479725,0.020541381,0.07009244,0.459602,0.39316955,0.35303038,0.870592,0.81772614,2.487298,0.0816789,0.6976754,1.575059,0.3550801,0.41513652,2.2504985,0.27879083,2.1588237,2.1659834,0.18043855,0.1905816,0.26031652,0.36763826,0.16189496,0.5305136,0.90569836,0.22435178,0.30618304,0.0,0.0022925201,0.9186223,1.0139664,1.0678843,0.30793688,0.053189278,0.38105634,0.12333753,0.2631611,0.7139426,0.4937846,2.6765828,0.28580904,0.010920077,1.0760516,1.6099147,0.57575417,0.500888,0.026016597,0.11322935,0.5494019,1.5652624,0.80538267,0.25786263,0.9669664,0.071430564,0.02408216,1.8321376,0.082357734,1.2282841,1.0385137,1.7182478,0.3670347,1.7204511,0.5893834,0.016949248,1.6218368,0.1258954,0.037474908,0.0783063,1.0476265,0.0,1.6930269,0.9293262,0.6156779,0.1250463,0.13253504,3.7686772,0.81490856,0.53191274,0.0,0.228839,0.35415068,0.21000548,0.0,0.55348027,0.06300813,0.6099665,0.16652319,0.08590238,1.195932,0.5709424,0.0068463036,0.75336367,0.0072813034,0.62620807,0.25453675,0.39091635,0.21797176,1.1936111,0.75258005,3.4237838,0.15734844,0.526154,1.1238033,1.2115755,0.19883735,0.13671514,0.28667805,0.6659589,1.2979356,0.7738564,0.31047738,0.80222684,1.3172537,0.3327025,0.41632843,3.55836,0.65647274,0.1966801,0.0,0.15542102,0.0,0.5023686,1.2007546,0.4873937,1.5785805,1.0518941,0.09530798,0.52430683,3.1887767,0.0,0.4141903,0.35607722,1.4964489,0.0,0.7932247,0.28036544,1.0697491,0.6610987,0.42387784,0.16413918,0.046142995,0.7344081,0.25746942,0.36718172,0.11325649,0.11442381,0.42855623,1.4132303,0.55576384,0.07699134,1.9104071,0.38062885,0.2755872,1.6942449,0.052614823,3.2451277,0.73324317,0.029894598,0.025321718,0.34531617,0.34120306,0.54780084,0.6427685,1.1904703,0.024873078,0.18615478,0.21600662,0.42960504,0.5086391,2.1408248,1.1395538,2.9200613,0.18318345,0.039170705,0.4246144,0.2900508,0.089506656,0.2689653,2.5234556,0.02611867,2.8342295,0.064834945,0.25983384,0.17165896,0.14583635,0.48671645,1.0369873,0.61657643,0.71525323,0.2532392,1.1826588,0.51595443,0.61346596,0.29558843,1.077813,0.88248366,0.16312973,0.0,0.012458325,0.7976491,0.7015208,0.8181414,2.3867476,0.2947553,0.89991623,0.23072626,0.18614203,0.6600226,0.019050665,0.021640025,0.73327225,0.0012072384,0.12520011,1.2614099,0.42343077,0.86409664,0.39922377,0.00089131546,0.1317774,0.6651749,1.5397931,1.2578453,0.2017999,2.4826035,0.0,0.28316185,1.0072299,0.36896572,0.23394836,1.0925325,0.59902954,0.104282334,0.06938778,1.9212095,0.21380858,0.42385167,3.7363453,0.5294702,0.009100609,0.30043975,0.21850143,0.21144493,0.018838352,1.7244524,0.22109371,0.34355024,3.045818,0.04784046,1.4859911,0.9929975,0.0,0.050215848,0.88774073,0.3020799,0.8521554,2.9675276,0.6743954,0.54658395,0.0,1.4964839,1.0897629,1.1959913,0.292885,0.739902,0.7101103,0.7626779,0.93003553,0.7376874,0.02338606,0.05967683,0.98622334,0.64874977,0.2721327,0.28793696,0.9535745,1.4230181,0.37996718,0.2755264,0.20261449,0.1637734,0.8133424,0.5769252,0.47818622,0.10158845,0.24811688,0.45298302,0.7527621,0.51682407,0.11295933,0.07676087,0.02281545,6.924127,0.7661842,0.04029378,0.3964583,1.4251531,0.15903513,0.05392952,1.1940649,3.091159,0.42370367,0.041686,0.67068595,0.16431592,3.2758029,0.5900256,0.44337288,0.0,0.39433506,0.38288623,0.3093655,0.38485873,0.9973278,1.6434587,0.0,0.13526782,0.071152225,5.0681334,0.23009734,0.7329748,0.08740499,1.6160482,0.25408313,1.9184718,0.7570069,0.47298473,0.24859825,0.4415528,1.7845287,1.4503977,0.7323503,1.2789307,0.62605697,0.6803352,0.09080655,1.0982991,0.32045496,0.15903884,1.0766639,0.79065174,0.63548535,0.031795237,0.0,0.0106608225,1.0592046,0.105061784,1.1819078,0.0,0.16043372,0.20594871,1.0401905,0.051938023,0.22138554,1.1435695,0.95902485,0.016583383,1.1558645,0.3409616,0.3823015,0.2323269,0.0,0.94009554,0.44326204,0.85618174,0.008069597,2.6028416,0.27325016,0.80137444,0.3085813,0.26967523,0.1251201,4.6354055,2.0070071,0.7488938,0.34816658,0.09260362,1.6437073,0.068120115,1.890459,0.7100131,0.30315456,0.0036373658,0.7972717,0.1040713,0.0601465,0.07224566,0.06749834,0.21664499,1.4239763,0.5768711,0.6346246,0.24913573,1.1574211,0.4442356,0.28145313,0.99005157,0.63443935,0.62548274,0.39770558,0.5464931,0.28740737,0.4058473,0.95750314,0.48746154,0.7513454,0.3758187,0.000943064,2.222413,0.0046958015,0.9972293,0.34092355,1.8072329,1.0447006,2.0191977,1.6483655,0.9229442,1.0310045,0.49291524,0.15541747,0.13480629,0.019478166,0.07473122,4.3346434,0.28580707,1.5019528,0.9080054,1.3471508,0.6855372,0.08454113,0.13453728,0.324501,0.19883434,0.16432473,0.51527494,0.796769,0.20479561,0.049301215,0.81475794,0.031680904,1.0348823,0.24456036,1.8327782,0.881885,0.34880945,0.56416726,0.51796514,0.55657995,1.0395672,0.103182375,0.5821882,0.031028932,0.80412483,0.64757496,0.004077942,0.0,0.6911166,1.3180689,0.671024,0.074950956,1.0151143,0.36560184,0.3249258,0.0078089163,0.25833604,0.5975909,0.32826045,1.7555,0.08527692,2.2379313,1.6884066,0.21539026,0.22597086,0.037360083,0.609761,0.0010417866,0.7988886,0.0,0.18082917,0.7099943,0.0722378,0.23199171,0.004083606,0.14809105,0.73342466,0.09079898,0.14221284,0.08581032,0.081786215,5.112159,0.7678725,0.18457934,0.7309005,1.1461354,0.6189758,0.38837552,0.123005874,1.8749573,0.66890347,0.70330185,all_pothole_images\pothole_images_optimized_image_172.jpg
0.40641987,1.9554617,0.8189609,2.3331583,2.2509859,1.1889752,0.09646981,0.01155413,0.5889933,0.79471195,0.11573221,0.5291457,0.33666712,0.22113788,0.9670363,0.48202723,0.044586536,0.11809575,0.2882068,0.6114917,1.5981874,1.5117534,0.4517506,0.60686344,1.9050494,0.84274477,1.0534846,2.562316,0.20093067,0.22882786,0.4798009,0.39883402,1.1017926,0.23872523,0.37705195,1.6052384,1.1432139,2.0877948,0.09916429,0.5057417,0.12182946,0.11510342,0.16693349,3.7446015,0.66589123,0.09715876,0.08374387,0.42787847,0.3528786,0.59515816,0.7335396,1.6968411,0.33951148,0.6848933,0.20907618,2.113736,2.874112,0.108799875,0.34690696,0.46917406,0.010713793,0.43532628,1.1136545,0.44714168,0.08199911,1.1838955,0.5009723,0.99727875,0.42475143,0.638004,1.0646552,0.7301824,0.43573585,0.53688383,0.6356026,1.4842523,0.40781316,1.2187424,0.005062557,0.8657331,1.7684039,0.0,0.069025725,0.52535886,1.0661231,0.5131022,0.1979156,0.11255817,5.2037873,0.12205652,0.5309587,0.3420871,0.15334798,0.51943135,0.6234979,0.042072136,0.30147547,2.0185297,1.3118263,1.0532707,0.0,3.912707,0.22699492,0.3986113,0.39328822,0.044959202,0.39028785,0.04291191,0.10402625,0.7469546,0.034735274,1.580129,0.393518,1.0862277,0.37256286,1.1045165,1.779711,0.07406056,1.378245,1.0742736,2.9432135,1.0732579,0.13250431,1.5511581,0.61494243,0.9824332,0.21426585,0.8948616,1.0370083,0.33075097,1.045045,0.094910756,1.0055203,0.5705126,0.7306127,0.7907761,0.37212092,0.6530693,1.187745,0.350151,0.5944312,0.103629634,0.08865536,0.6295458,1.4158534,1.2911586,0.89551014,0.4143141,0.0003431529,1.285467,0.7811414,0.67673504,0.03732297,0.0,1.1463709,0.46493313,0.9407507,0.1672499,1.495254,1.4293422,1.2921776,0.57719237,0.31090102,2.5880547,0.036079787,0.028392982,0.677582,0.2612784,0.8345052,0.4162478,1.0307577,0.6118792,0.39228183,0.6724553,0.60761636,0.10685285,1.3400944,0.1710516,0.2140126,0.24586315,0.11893891,1.8549266,3.7745917,2.3512185,1.4248143,0.69323355,0.9650016,0.22973467,1.468768,0.41593543,0.87490106,0.41751647,0.18550034,1.5559821,0.32826504,0.5652797,0.364167,0.0008120657,0.18867667,0.66725796,0.65181285,0.24137335,0.3579933,0.88001,1.2878788,1.2876854,0.000808312,0.47300583,0.61486626,0.016437719,0.4729294,0.75524545,1.4582102,1.4412941,1.4821798,0.9450613,0.31379443,0.10084629,1.1581535,0.005955665,2.3889556,0.04282348,0.08162655,0.022832768,0.12474698,0.7281889,0.3802571,0.26651433,0.38268685,0.842557,0.20470214,0.86078745,0.6068761,0.009810421,0.5789628,0.33770013,1.8428264,0.12637016,0.040624704,0.14664789,0.32929897,0.017279739,0.05279919,0.016261604,0.1540869,0.09470661,0.31479794,0.0012432587,0.2401844,2.4663355,0.74982375,0.30422202,0.71438575,0.55269605,1.1931316,0.3458449,1.2193087,0.017210566,0.3670957,1.548139,0.45621648,1.521484,0.8106557,0.33050564,0.6200056,0.5199422,0.011904683,0.3542876,1.9496033,0.07341977,0.45553035,0.22049104,0.5094073,0.17778629,0.31049228,0.7347389,0.4610131,0.1919625,0.13568048,0.740346,0.2879054,0.09514971,0.47025725,0.09734074,1.3343446,0.6486445,2.6327608,1.436293,0.85032374,0.010642947,0.6869881,0.94435143,0.028179722,1.3439047,0.6496847,0.46435636,0.44369552,0.0067873304,0.053988837,0.75865126,0.20573336,0.7029073,0.1994453,0.89826137,6.208041,0.7550318,0.0,0.5726877,0.70717543,1.0772535,0.06892255,0.84460557,2.7043908,1.3950795,0.29079428,1.2819272,0.5565521,1.3378974,0.59131473,0.08251495,0.10914047,0.8459741,0.3762347,0.23987238,1.1060858,0.62298155,1.4413134,1.0777535,0.69316953,0.93622893,1.6706307,0.53595054,0.37193972,0.079620115,0.6658834,0.97628504,1.0775772,0.93225145,0.5190067,0.6893959,1.0268224,1.1041994,2.1775587,0.05394709,1.1215149,0.0,0.11561137,0.075888015,0.65724015,0.25823972,0.6023001,0.9834529,0.68073505,0.48655868,0.45157427,0.059599455,0.3439827,0.8914209,0.4432714,0.42024878,0.019124217,0.003668282,0.6778349,1.4492625,0.2494805,0.15252578,0.3568934,0.14215152,0.22506876,0.31288087,0.596355,0.59326565,0.6693054,0.22219405,1.5353938,1.0246297,0.25038838,0.021400416,0.33661807,0.30918893,0.02440069,0.13715482,0.29570276,0.97569793,2.5576916,1.9875549,2.2184465,0.7382137,0.6386422,0.988602,1.5999335,0.0,0.09133626,0.051715646,0.12885877,0.00782748,0.94473916,0.20260912,0.39213887,0.30408034,0.88340086,1.4580691,0.0020232776,0.96866417,0.121338606,0.4655913,0.019171428,0.8211836,0.3469428,1.065432,1.142765,0.5901263,0.580568,0.51054186,7.610783e-05,0.5042313,0.7759165,1.508309,0.26291573,0.01732149,3.1266055,0.31786057,1.4706275,3.139628,2.8018436,0.25174335,1.1632769,1.971668,0.060450807,0.36416793,1.7393678,0.18074681,0.6401842,0.9082278,0.35291517,3.7014132,1.6906176,0.4667285,0.08871204,0.6322826,1.1314733,0.1569772,0.04720466,0.44395158,0.22374608,1.3596989,3.3017821,0.4511354,0.3975253,1.9804469,0.98503864,0.5478459,0.38410917,0.10743758,0.26862678,1.0377077,0.49174723,0.49531296,0.25596443,1.3575243,1.4412239,0.18791772,1.4129946,0.41372555,0.95496494,0.22858919,0.2001637,0.23858479,0.30913216,1.0918101,1.3041661,0.22778216,0.7564216,0.37621158,0.47140065,0.2907817,0.3945596,0.5588522,1.4333916,0.37880293,0.51745284,3.3512464,0.15035975,0.26619855,0.030878477,0.0,0.71999645,0.43444648,0.057510376,0.25464937,0.017508732,2.3281484,0.064991996,0.08384072,0.017848367,0.0119046485,0.1899876,0.024237022,0.20447643,0.0043673096,0.1178837,2.878286,0.47377077,0.65435004,1.9949657,0.29894245,0.12132264,0.7859182,1.036908,0.4017158,0.76803464,0.36649778,all_pothole_images\pothole_images_optimized_image_173.jpg
0.04462883,0.25108558,0.06353864,2.7027059,0.9223361,0.012739373,0.007170439,0.0,0.18495528,0.004210005,0.10943647,0.0028470347,0.0,0.44992423,0.061318085,0.15854266,0.02368784,3.1715815,0.18465061,0.67199206,0.013713644,0.33176258,0.7394518,1.0050353,0.54047376,0.52410746,0.786633,1.9775279,0.014400964,0.09074161,0.0,0.21158084,0.0,0.96125704,0.030105276,0.33051217,0.968599,0.0,0.58968234,0.0056936485,0.021990405,0.5325778,0.18966375,0.21804266,0.36980522,0.00493762,0.056543693,1.1161636,1.0349191,0.52184737,0.09532717,0.8475976,0.09093253,0.17507307,0.6198847,0.17784302,0.5696543,0.06071403,0.43551648,0.6189943,0.51015484,0.09735821,0.0096945455,0.4947211,0.7358389,0.8730322,0.056877553,0.10332461,0.062436678,0.4588331,0.0,0.7888538,0.35688767,0.0738971,0.39707872,0.023953835,0.16519827,0.039138976,0.00078531116,0.21901432,0.0,0.5792768,0.8061311,0.7306479,0.25353953,0.0,0.5043102,0.030566733,0.087609515,0.38085422,0.15830714,0.92759055,0.22861563,0.13547732,0.7943601,0.11869521,0.05801444,0.8216706,0.21599917,0.11524906,0.34585068,0.12812424,1.0663366,0.03773651,1.0443108,0.034406297,0.40207875,0.22544365,0.11449666,0.9747576,0.13428552,0.016891532,0.013561528,0.42953047,0.947369,0.03888541,0.0,0.015222621,1.153967,0.02933776,0.6478677,0.27071005,0.01894898,0.053148136,0.18054578,0.33624896,0.0026699998,0.0,0.0,0.12443468,0.00027537707,0.7262302,0.050934814,0.069850914,0.029500766,0.514346,0.030402327,0.05153072,0.14900191,0.07718902,0.104587235,0.5695647,0.21680585,0.39286235,0.0,0.50649834,0.0,0.011524616,0.6114907,0.13535382,0.3793322,0.30655468,0.04843291,0.27900702,0.5277784,0.20979783,0.097407945,0.042655267,0.082885504,0.43105057,0.5071984,1.1665647,0.49181497,1.7358812,0.7400503,0.34668934,0.77181274,0.04235377,0.9086274,1.7160863,0.5736119,0.43636718,0.05043483,0.0,0.051148783,0.1076447,0.06616523,0.007835284,0.8200366,0.009831526,0.0,1.6926957,0.08841499,0.054139875,1.5883318,0.4487795,0.10880818,0.0384658,0.11556123,1.8880806,0.10180028,0.23642395,0.4221857,0.0,0.61351967,0.033501122,2.1523557,0.027784275,0.90786445,0.0,0.09107796,0.16791935,0.01631697,0.014404306,0.02677621,0.038164154,0.03873955,0.091629766,0.42793936,1.2089714,0.007948186,0.13334724,0.41797107,0.04732671,0.16424233,1.1335113,0.24146669,0.1780448,0.0003403464,0.35831335,0.525473,0.018733965,0.52865636,0.38859907,0.0,0.0014893472,0.20011967,0.16982383,4.1515503,0.174073,0.0,0.13923256,0.36736798,0.0,0.68509406,0.098363906,0.5578463,0.047929008,0.29692176,0.049973097,0.46730223,0.24427313,0.23428722,0.41321367,0.0325294,0.18661766,1.109468,0.56516856,0.66903406,4.3893075,0.33535346,0.06290133,0.0,0.039051864,0.0,0.32257015,0.55049264,1.1261442,0.0,0.84294665,0.24986874,0.019132514,0.029019907,1.1141548,0.08369563,0.01562548,0.48791587,0.16545984,0.8486013,0.005324335,0.5060929,0.00047559827,0.20508115,0.25674406,1.054408,1.6777035,0.0,0.4613313,0.10824608,0.11058885,0.054602962,0.66045964,0.99561244,0.013778521,0.39038956,0.08749377,0.8600235,0.29202572,0.65355456,0.37998205,0.022108404,0.18255417,0.1058603,0.0,0.5520125,0.17412944,0.058959056,0.12689945,0.08000995,1.287264,0.55071753,0.12443241,0.012042316,0.0004539567,3.792694,0.077390194,0.4042824,0.046758205,0.3977738,0.71501726,0.041369747,0.2546737,0.43169367,1.5658631,0.26459995,0.0,0.09437449,0.62653905,7.3429685,0.5144133,0.0,0.3149868,0.0060335984,0.30563042,0.42927757,0.30893344,1.0791582,0.012505384,0.19852243,0.017622996,1.5642111,0.00011009714,0.64488405,0.7625614,0.0,0.0,2.9978194,0.5517534,0.0072170156,0.70681614,0.057426486,0.007654219,1.6274264,2.6394143,0.15361902,0.021854103,0.12217218,0.7194922,0.008285083,0.270174,0.0041812724,0.06164977,0.572569,0.4505974,0.11895413,0.23866026,0.0,1.5088288,0.38867614,0.049962796,1.4146807,3.9355552,0.32122105,0.0,0.043095738,0.0,0.02539461,0.10346479,0.0,0.42864132,0.07134908,0.16201448,0.035037242,0.5442594,0.0,1.14359,0.048990767,0.06834754,0.016368832,0.034569945,1.7193921,0.0,0.039142616,0.1938817,0.20123735,0.015099328,1.5328572,0.10422557,0.1356245,0.0,0.79687834,0.6318907,0.62802124,0.6920146,0.104573585,0.060953576,0.03941439,0.07609324,0.29593015,0.2826957,0.16063014,0.85040826,0.02584292,0.1914022,0.13628988,0.007429714,0.512158,1.0045557,0.40197667,0.36941332,0.0,0.70625913,0.0,0.018153118,0.07062229,0.19129355,0.13842502,0.41343248,0.5981933,0.25970957,0.8822538,0.16664578,0.06572155,0.2606981,0.61859626,0.17883374,0.0,0.0,0.04003988,0.035280466,0.06075718,0.2317383,0.1344035,0.5564366,0.31854832,0.0,0.17756398,0.14372316,0.032269202,0.15121098,0.048405487,0.090839036,0.0,0.51829195,0.0024411045,0.41742235,0.025439559,0.3494693,0.5829745,0.11367332,4.2640824,0.17520967,0.08553247,0.004558039,1.0325791,1.0018266,0.016352288,0.27285728,0.08256262,0.111301534,3.067893,0.0,0.7946449,0.052811563,0.019293068,0.024091223,0.54466504,0.0,0.0003723722,0.13938561,0.9498773,1.2315047,0.0,0.0,0.046505634,1.3140688,0.0045717633,0.1092697,0.008288338,0.15259752,0.0,0.076527245,0.52928627,0.0010826536,0.21621057,0.4143971,0.34975776,0.024075143,1.9902505,0.0,0.102456994,0.121533535,0.0034473622,0.24224783,0.0,0.032222122,0.23558307,0.021062218,0.026366087,0.9873801,0.32902807,0.61353934,0.23317969,0.047446456,0.00073220034,1.4711454,0.77637833,0.2912218,0.059439898,0.27907336,0.14883867,0.045874815,all_pothole_images\pothole_images_optimized_image_174.jpg
0.25859722,1.2786669,1.1733614,1.1088548,0.33702803,1.4643254,0.750618,0.5963661,0.57737184,0.51399696,0.61942184,0.84270024,0.0962095,1.5224073,0.38350695,1.1254473,0.034073535,0.13777941,2.6251276,0.023822458,0.107369885,1.9906255,1.6229199,1.116055,0.6516075,0.2954058,0.011608632,2.2576425,0.52878255,1.148865,0.8369318,0.004971958,0.4069587,0.019185102,0.53726125,0.8949477,1.0238806,0.7319451,2.3675847,1.6806033,0.3430341,0.59994274,1.1575373,2.3415213,0.47961876,1.0703722,0.4249445,0.0066267294,0.78002536,0.26448098,0.5614482,0.6602776,0.35480946,0.6205885,0.44887313,1.7117743,1.9833148,0.24491866,0.3354941,1.195819,0.23068269,0.35635415,1.5599159,1.3129746,0.45140636,2.269239,2.293255,0.0030848791,1.6819355,0.20953655,0.2801785,0.920277,0.00029145525,0.29576504,0.10155689,0.31165418,0.18303967,0.055071775,0.0023566622,1.3286713,0.22804852,0.81290305,0.18648669,0.30479798,0.56334186,0.15167102,0.28730297,0.484932,1.1318457,0.043011148,0.72074646,1.2741213,0.07423845,0.049067155,0.91253066,0.05182879,0.85097533,1.0418637,0.49550712,0.5873938,0.28185713,0.6094718,0.8372699,0.69841075,1.6758068,2.5323403,0.0061626597,0.27673632,1.3082134,0.46845633,0.28266618,3.2535756,0.5398453,0.0718126,1.9003922,0.051434238,0.7340695,0.516932,0.59772605,1.7486176,2.4367342,0.026372291,0.04753595,0.8933231,1.9794492,0.27448723,0.9700353,0.50829804,1.4332197,0.25807768,0.3864243,0.11629159,0.45734233,0.077815026,0.21947914,1.0230768,0.1487175,0.5497559,0.03586865,0.37012807,0.885295,0.40569058,0.42519483,0.4461542,0.108223125,0.7065283,0.39459053,1.424763,0.33572754,1.0739874,0.40282014,0.55190974,0.036288254,0.7231009,1.4362035,0.5147634,0.07402715,0.4235849,0.20911314,1.2850937,0.7713811,0.007322817,0.052382167,4.715049,1.715825,0.19333033,0.993437,0.1323391,0.656006,1.1207951,0.337235,0.75983286,0.22047828,0.04235195,0.767376,0.19972791,0.1405235,0.20131914,0.10440846,0.4764743,0.36675224,1.7951988,0.80868137,0.8516966,1.1345358,0.9298005,0.63705415,1.4737703,1.3642693,1.0468986,0.756288,0.061295237,1.0131284,2.5866303,2.1759143,0.046230797,1.6417544,0.71106297,0.40441495,3.1379144,0.2753496,0.74514455,0.9942373,1.3451635,0.31956267,0.6055958,0.41837475,0.72114336,0.2254464,0.7310337,0.0036908123,0.17265238,2.1547403,0.6910019,1.9277359,0.55862296,0.7921404,0.34297448,0.2943213,0.05445204,0.5755447,0.8265659,0.5054197,0.8030673,0.3340897,0.9054939,2.6035345,0.8284101,0.078586765,0.059114408,0.031410992,2.0145469,0.2897118,0.4377732,2.0373552,0.30534682,0.498362,0.005075404,0.001302983,0.18266675,1.4673334,1.5206418,0.03837599,1.4084147,0.577328,0.030513115,1.083653,0.009176415,1.4314042,1.0397528,2.5870411,0.0028314912,0.17676601,0.08044879,0.158998,0.43752334,1.0348777,0.51057214,1.2308644,1.7250043,0.14623705,0.02634044,0.79993105,1.1658876,0.40955508,1.1703922,0.052582875,0.7631478,3.2623353,0.11724855,1.6944332,0.05370239,0.12096561,0.17605338,0.38462996,1.2819508,0.12350564,1.4306993,0.6661115,0.17764492,0.027934657,0.70860577,0.6597793,1.7222613,0.3912823,1.6456046,2.0230095,0.41485977,0.5786639,0.0037965232,1.1435944,0.16008608,0.023916986,2.2973177,0.6749558,1.6608759,0.1685913,0.5393789,0.9742729,0.6840246,0.42971534,0.01172805,0.17452273,0.123424515,3.250018,0.097974874,0.36368275,0.28970972,0.1770314,0.6757884,0.14989904,0.7131358,1.2995374,0.96000075,0.65069205,0.9502788,0.5733,0.43219203,0.44284883,0.068008624,0.67136055,0.351179,0.3985972,0.04765638,1.226423,0.726657,0.1145491,0.14160499,1.0765209,0.14533465,1.55183,0.47366333,0.89017546,0.0,0.41711187,0.6476027,1.833402,0.638014,0.2534662,0.19496812,0.3019928,2.0187366,0.59548545,1.5340182,0.3992097,0.34786722,0.1238639,1.1870484,0.037383024,1.9249084,1.009986,0.29398313,0.90667474,1.1971074,0.440923,0.062393937,0.16141258,2.520337,0.636936,0.39069685,0.35105303,1.593675,1.5532409,0.61473894,0.6822354,0.8125507,1.1053716,0.49091753,0.33298227,0.41220045,0.43589455,0.95151687,0.086685605,0.5468926,2.008761,1.1574556,0.036806613,0.5469417,0.5328181,0.59254855,0.36193356,0.13024591,1.5815969,1.1783667,1.2797216,0.8188675,1.5113902,0.16652548,0.14325362,1.1039385,0.788882,0.10783191,0.12314896,1.121428,0.88815725,0.8200626,2.6648507,1.2811791,0.25230145,0.009015548,2.6175394,0.79896295,0.0,0.86902046,1.0234379,0.28845635,0.78773916,0.48917007,0.10345886,0.61093754,0.0003063883,0.23578313,0.2771159,0.35819122,0.00042371807,1.2072377,0.41532746,0.44015065,1.9576347,0.0031751343,0.29374185,0.41655174,1.3588008,1.7415341,1.0019319,0.061671086,0.5509511,0.7083727,1.0436164,0.07039406,0.1636759,0.25140044,0.27404213,1.6995977,0.033803787,3.4148366,0.36147618,1.2932346,2.1533895,1.7059423,0.13686764,0.086537145,0.10470503,0.34844938,0.25709528,0.0008866711,1.2225263,0.88857895,1.6330239,0.6114589,1.3370174,0.47842538,1.1039245,0.315361,1.8227556,1.3253301,0.56480074,1.13067,1.871193,1.2578539,0.03685051,0.11055139,0.42441168,0.20364624,0.12034305,2.0448506,0.0,0.04554062,0.103326485,0.20561588,1.6658885,0.17175122,0.008698829,0.1403001,0.3002199,0.6935703,0.9497612,1.1825333,0.7325386,0.30903676,1.087285,2.4239316,0.9036753,0.22765772,0.7554899,0.06287337,2.3515534,0.0053894026,0.28606114,1.2951378,0.57699645,1.1468135,0.03778036,0.04844788,0.09533642,0.20441684,0.21433179,0.26901045,1.2724693,1.962443,0.52463037,3.2750187,0.76029515,0.62890834,0.4839819,0.7325352,0.24659292,1.9589205,1.6302297,0.73921686,0.26981282,0.1094547,all_pothole_images\pothole_images_optimized_image_175.jpg
0.7179492,2.978649,1.4241488,0.8990243,0.092260376,0.0040032314,0.35418785,0.048785232,0.10618741,0.120863974,0.7604571,0.17994362,0.41392025,2.0848129,0.29890886,0.11318006,0.86165506,0.17508008,1.5008956,0.14784177,0.21986116,1.5316458,0.989141,2.2794695,1.0666583,0.45560634,0.27651647,1.6495864,0.15468949,0.046348363,1.6536441,0.49968275,0.14927492,0.23849891,1.0297282,0.44103676,0.8620143,2.4563088,0.36905977,0.5354171,0.014348091,0.0,0.59376144,1.6944082,0.46737903,0.11484872,0.011258827,0.13414678,0.17427826,0.577914,0.23064686,1.2985629,0.8691931,0.21158707,0.28761438,0.22829343,1.5233567,0.05384369,0.39465463,0.10847872,0.1665057,0.3861594,0.28427887,0.0,0.41877535,1.2730249,0.2905028,0.094920605,0.7925695,0.08965165,0.34257603,0.16788948,0.97181726,0.27126464,0.5700195,1.0155014,0.35212377,0.8541146,0.28649175,0.18882166,0.27371958,0.020470973,0.009797585,1.0599098,0.67143136,0.30912974,0.03422473,0.43571714,3.7851076,0.011406499,0.18753523,0.10310995,0.08725707,0.3254233,0.30199128,0.094478846,0.707681,1.2355858,0.42088622,0.0020509318,0.05723419,0.33840075,0.39465818,0.44167772,0.8621021,0.9305415,0.24141763,0.21265863,0.0023825786,0.60992324,0.2889927,1.5266367,0.22296962,1.2997396,1.0508461,0.025811555,1.0505502,0.19965938,0.75295746,0.26096028,2.3370566,0.031755462,0.2993036,1.4090374,0.54843014,0.7508253,0.6787952,0.113787,0.27297637,0.75255877,1.097657,0.041605424,0.1739551,0.17316122,0.9887371,0.16886052,0.2205887,0.19063315,0.3288116,0.26287016,0.23949027,0.41416034,0.64828575,0.7567268,0.24715815,0.21644653,0.099040285,0.41560408,0.101369984,1.1182929,0.64476943,0.924095,0.012284251,0.12788165,1.0670602,0.025973458,0.116578974,0.14532235,0.00888379,0.17093807,1.5960317,0.8105695,0.38775024,3.547561,0.02009407,0.49440646,1.2321962,0.050332736,0.38008964,2.0613809,0.56816757,0.3037969,0.16475175,0.14931525,2.090473,0.101828076,1.2617211,0.1796678,0.0,0.55838627,0.00095383055,1.5587758,1.544514,1.621979,0.8956645,1.175251,0.1370107,0.11484985,0.709917,0.73530126,0.20138068,0.6126491,0.35232496,1.3977518,0.08818417,0.22968394,0.31662616,1.1675402,0.020921525,1.2096153,0.0048963386,0.8180533,0.09464345,0.12566191,0.28843763,0.5118642,0.45687488,0.2785036,0.16261871,0.0015715655,0.18474944,1.2268798,0.83713436,0.6931901,0.9854725,0.342015,0.5379795,0.28633255,0.9520673,0.0,0.6903493,0.0055313925,0.36513957,0.79538375,0.0,0.18812042,1.2628679,0.15287013,0.55874896,1.0267687,0.19258302,0.21759644,0.2638185,0.45777345,0.039775196,0.9968928,1.1229769,0.39281952,0.116780534,0.04204861,0.53629595,0.3059859,0.7350958,0.42266378,0.029851787,0.29306743,0.89838433,0.013894988,0.20275098,2.1255116,0.39644724,0.084476806,0.11136237,0.23456116,0.7295143,0.0,0.5346093,0.026129128,0.40736315,0.43530637,0.11622721,0.07108829,0.8688938,0.051370542,0.7481174,0.89745367,1.0193453,0.2781699,1.4741889,0.32758215,0.065009706,0.0,0.4491268,0.82906276,0.2232935,2.967475,0.9397017,0.27886105,0.38708317,0.51264036,0.14329366,0.22863623,1.5854825,0.82892644,1.1982099,0.42676792,0.69445086,0.67650896,0.47002807,0.02408193,0.4355903,0.31633708,0.0,0.28401583,1.1548811,0.5685452,0.49283054,0.089067794,0.73650235,1.6144328,0.73441017,1.4695467,0.050378624,0.83154356,3.9390302,0.007574001,0.11406611,0.244474,0.4538287,0.042017285,0.17988043,0.30527577,4.9682193,0.28999817,0.0,0.73919755,0.756233,0.38287097,1.1828535,0.19621941,0.8244181,0.107558325,0.3778171,0.018155597,0.13118353,1.6090194,0.6910722,0.17905177,1.0865952,0.70542115,3.5649002,0.11668823,0.18840824,0.018741641,0.2795321,0.7090174,0.9550375,1.0108263,1.1975007,0.00831887,0.8987852,0.46590587,0.55637187,0.5072454,0.89269334,0.2192364,0.37643635,0.018715223,0.16876112,1.3851312,0.0,0.6959204,0.052542463,0.15416034,0.1792384,0.008728624,0.15434302,0.6684284,0.3758249,0.28932497,0.26176363,0.24009535,0.38710237,0.8583033,0.0,0.79758656,1.456234,0.07253285,0.049560435,0.8600525,1.7346858,1.1926249,0.038153566,0.5109289,0.4493049,0.6017171,0.08752818,1.3201758,0.011584628,0.42655867,0.2611136,0.07290528,0.5294872,1.3251816,2.0358229,0.28464696,0.74257547,0.9403987,0.115436934,2.7840781,2.1750126,1.7128804,0.55758476,0.11392345,0.2686118,0.71765876,0.23589689,0.5031109,0.2757337,0.010193747,1.113765,1.3798453,0.8279079,1.2434473,0.24793053,0.10915672,0.6601906,1.4584,0.5020005,0.4354293,0.29178947,0.37696752,0.6032393,0.9188301,0.0,0.0721495,0.03847841,0.0033841291,0.0034205883,0.06552795,0.82236415,0.40271804,1.306398,1.5945336,1.1977367,0.0065989722,0.3502683,1.3589066,0.02250514,0.14307755,0.53142446,0.0880764,0.584236,0.554035,1.2066442,4.1934285,0.75343627,0.47492287,0.3434113,0.015610077,0.43315315,0.7627333,8.493719e-05,0.7915619,0.020245174,0.0,1.2299039,0.90222234,1.5836507,1.0915645,3.9517398,0.6116101,1.8853445,0.66999394,0.5189917,0.8977491,1.5611272,0.2880055,0.28114602,0.38130525,1.1305132,0.014645001,0.46386492,0.14560574,0.58158344,1.194508,0.3902082,0.085505776,0.6122615,0.6810215,1.1674596,0.12994272,0.14867486,0.35532215,0.10179702,0.55452275,0.30892003,0.6151543,1.1753514,0.5201797,0.8713833,2.2192304,0.40057147,0.24423961,0.0004590914,1.1021769,0.5244107,0.63998324,0.12946294,0.004500149,0.3908084,1.0978136,0.014820486,0.15373006,0.0,0.06490597,0.012331613,0.06463128,0.06401737,0.2640108,0.11584342,3.1437984,0.46899825,0.85495716,0.023810446,0.23308793,0.20392153,0.60271615,0.61578083,0.09136633,0.078959174,0.18001696,all_pothole_images\pothole_images_optimized_image_176.jpg
1.394511,2.6112654,1.7715487,0.84432375,2.927512,0.6977036,2.0467622,0.28456336,0.26348856,0.5420977,0.6573898,1.3722328,0.07871865,3.1732426,0.8031451,0.0796943,0.27452615,0.021587921,1.0225277,2.2378604,0.14028415,0.38645777,2.7283618,1.5707098,0.000126858,0.78526944,0.40233114,0.40830994,0.47181606,1.135985,2.4103413,0.045779422,1.9287671,2.2321908,0.71145403,0.5953965,0.08229379,2.375903,0.17414011,0.60304916,0.008102813,1.3569362,0.5881928,1.5470316,0.61633396,1.3650701,1.075324,0.0,0.33259913,0.0006747243,2.015956,2.6037683,0.7643087,1.3970343,0.09547443,0.2769913,2.8293724,0.46763232,0.16436128,0.39762184,0.45909703,0.7551252,1.2523682,0.0820687,0.48916548,0.35404402,0.21859471,0.82378334,0.08332616,0.13531509,0.09555029,0.17427327,1.8966955,0.0050697937,0.015049928,2.091227,0.87614745,1.7315923,0.016846387,0.5860604,1.6174321,2.7632103,0.019069016,0.41745925,0.99521995,1.0531542,0.045258306,1.9286617,1.0139383,0.30345476,0.004950925,0.22748254,0.18366048,3.1921113,0.25582707,0.6427585,0.9669473,0.28149605,1.3598363,0.6846619,0.16872464,0.5196201,0.16406569,0.054639794,1.2714882,2.1260183,1.7484988,1.4639237,0.31763765,0.5301989,0.4668157,0.8534427,1.7329876,1.4643418,2.012368,1.2655526,0.33930987,1.1226865,0.50740993,2.9257886,0.30991322,0.9848189,0.31883842,0.14357516,0.009778748,0.30796388,1.6252152,0.06569084,1.2008854,1.7004086,2.0529778,0.60146064,1.7113862,0.7712565,1.7824775,3.5136335,0.54242426,1.9396567,2.398296,0.17511812,0.047329806,6.2505927,0.6247863,2.2610204,0.435364,0.12485309,0.4708598,1.2981285,2.058953,1.5470397,0.0029382082,1.1630962,1.6882885,0.48635304,0.5133658,0.53310394,0.09958664,1.6915544,0.09878626,0.64475656,0.8970307,0.8284706,0.30197868,4.6881285,3.2159636,0.63069516,0.22501674,0.56198007,2.218153,0.06506171,1.1258936,1.0895889,1.2056713,0.09847413,0.12573308,0.045181017,1.018542,0.35314363,0.2032937,0.060950603,0.20526539,1.125702,1.6349014,1.3122219,1.6361796,0.07671338,2.5509372,0.3661812,0.044787325,0.49236736,1.7835709,1.4518713,0.010001833,1.7821319,1.7163373,0.0,0.30477357,1.3876212,0.053744607,3.3932526,0.15610263,0.9162349,1.050461,0.5078652,0.33776155,0.26239103,0.16332646,0.04146803,2.5881464,0.34781405,0.097375326,0.7988369,0.81109035,1.3295677,0.6111717,0.03395636,0.070195094,0.122616224,0.40744525,0.13482986,1.9555568,0.21596663,1.6118492,0.07339663,3.5347395,1.055372,0.7649939,0.2579922,1.0643113,0.76321036,1.4053133,1.6114771,0.3405626,0.014405268,0.25735134,0.6181842,0.80820376,1.3397874,0.024841372,2.1928399,0.6289814,0.82715386,1.0075558,0.9942231,0.14778835,0.019885471,0.4209063,0.3594729,1.5030782,2.6225395,2.6214797,0.64836556,0.25721657,0.601487,0.20115387,0.46495837,0.062375568,0.45674202,2.3254778,1.5997633,2.8644571,2.3551795,0.3848426,0.026238387,0.23706354,0.18620889,1.0145187,0.90974253,2.6283479,0.30907044,0.065907545,0.013908653,0.10342501,0.0,1.3183417,0.56054896,0.3320263,4.5091314,1.0089746,0.7558761,0.16660342,0.8311419,2.1121235,0.67351735,2.5243425,1.4282781,1.6360265,3.3971822,0.49778116,0.07187529,0.070310496,0.42702186,0.9149681,0.55882704,0.98715746,2.3053517,3.783102,0.7650605,0.2436329,0.40616444,0.40119755,0.069434546,0.01836796,0.1522382,4.1509457,0.3889913,0.40199393,0.21795268,0.04126481,0.20323566,0.54980403,0.7797246,2.7136998,1.0802808,0.68445975,0.7558422,0.28683382,0.23381315,0.4223979,0.58134884,2.048351,1.1978892,1.2263882,0.1334591,0.009355748,0.010722438,0.3277832,3.7333043,1.0707942,1.6114864,2.0368333,0.397259,0.28171092,0.028807053,2.9347537,1.5942518,2.300416,0.43651712,1.3949046,0.7572763,0.93152654,4.527229,1.4123721,2.0857477,1.0226396,0.056284174,0.4469152,0.40605015,0.1442169,2.4789233,0.13500158,0.09049106,0.77194756,0.35438362,1.2788254,0.5400142,1.7144685,0.23289086,0.07429968,0.2361635,0.7688589,1.6482657,0.4038362,0.67766243,0.03431645,0.00499814,1.7811295,0.30562735,0.2668157,1.9219067,0.9532939,0.44912687,1.8059887,1.634516,0.2924485,0.09279251,0.64839387,0.4809353,0.25586334,0.5874682,0.9375342,0.036223434,0.08147839,1.0206337,2.132778,1.1302985,2.6618366,2.6729605,0.13241974,1.7815192,0.04725119,0.35608056,0.45190802,1.5758003,1.1346779,0.6640104,0.8590574,0.182927,1.4667984,0.38384017,1.4916824,0.909177,0.60419536,0.52096134,0.64673704,0.5156215,0.7078079,1.0910252,0.67234194,0.067368634,0.57951695,0.03384516,0.35019886,3.3952456,0.16516177,0.28576773,0.013351925,2.6286185,0.21066363,0.4261326,0.53352183,0.640228,3.4749799,0.82711995,0.9528708,2.7321172,0.41792935,2.2320495,1.5427713,0.9663897,0.09809138,1.1882204,0.49589807,2.1577232,0.049846396,1.7443047,0.88852364,1.3335679,1.0454905,2.3602662,1.3962483,0.7841879,0.03237107,0.035161756,0.067849204,1.054254,0.61986136,2.6447563,0.41364002,0.43106815,0.32936707,0.04452869,0.85036933,0.25930002,0.4913015,0.16265151,1.0393875,0.07517093,0.25145122,0.14444366,0.3118014,0.45073497,0.7020836,0.92214495,1.4259653,0.07383518,0.120411955,0.85559905,0.14952677,2.213246,1.3680333,0.032975476,2.2137542,0.9420578,0.06638505,0.71154284,3.7443085,0.3355068,1.3947395,0.17593415,2.1546874,1.2746253,1.6855764,0.46920437,0.018279945,1.6509635,0.7781581,0.26873976,1.2062963,0.7039529,0.20678547,1.9471974,0.054948106,0.13227469,1.4173937,0.016710004,1.5449657,0.01972053,0.8741349,0.12406993,3.571218,1.5168066,0.35053545,0.2082407,0.4569624,0.88217825,0.102263056,1.5818973,0.17588125,0.46097362,1.6971525,0.48352495,all_pothole_images\pothole_images_optimized_image_177.jpg
1.7499696,1.2116643,0.6086932,0.9636475,0.35228983,0.36418146,0.21167794,0.12792186,0.58709544,0.95711094,0.66737676,0.8960466,1.5883244,0.22128569,0.23540771,0.32633507,0.039138004,0.12795973,0.15574406,0.4921073,0.47958302,2.1263878,1.154687,2.3962882,0.34025472,0.015720252,0.0,1.6603705,0.42703393,0.30778128,1.2487298,0.4180949,0.9528751,1.0717294,0.51423055,0.834046,0.4850498,1.4733343,0.39405075,0.23604318,0.4886821,0.11063587,0.5617294,2.0856438,0.40324238,0.16539001,1.077072,0.008026865,0.51754177,0.37004167,1.3942537,0.40082526,0.7925962,0.22908099,0.037453562,0.77575743,1.2497972,0.5613742,0.5713016,0.47041136,0.0141016,0.03589701,1.4620963,0.50564384,0.53247654,2.0942712,0.48119688,0.09585464,1.2714221,0.23350213,0.0033988077,1.0139118,0.21342176,0.2297829,0.16932628,0.3812096,0.3794571,1.7693952,0.012763602,0.31091574,0.13470313,0.25372428,0.0420036,1.014267,0.95263267,1.4068972,0.25819016,0.17479819,2.3948562,0.36979985,0.5673615,0.1415565,0.20006084,0.25072452,0.0014599622,0.26652375,1.7374955,0.86175185,0.45090437,0.110364296,0.3689991,1.179838,0.15812546,0.38358718,0.43567702,1.1383181,0.12469375,0.103288755,0.33103287,0.85336494,0.020597944,2.400266,1.3643546,1.274727,0.021165585,0.24071433,4.280003,1.0148746,1.1059988,0.52784276,2.4643915,1.4618372,0.46910584,0.5251042,0.4523696,0.27497286,0.23383103,1.3302954,2.029084,0.69769096,0.57515854,0.085936464,0.21126448,0.14547963,0.33646578,1.3818328,0.37846974,1.0501604,0.51838285,0.67347205,0.61234903,0.0057616634,0.33116245,1.6905352,0.19816059,0.74677527,0.755175,0.7201429,0.6479095,0.87136495,0.5650139,0.0824879,0.29889584,0.20625407,1.8693894,0.27216297,0.94951427,0.17033641,0.390871,0.9586058,2.7740636,0.4803435,0.115222044,5.633956,0.31313017,0.14628139,0.7591774,0.12520307,1.3413254,0.6573749,0.13573427,0.23236746,0.014027319,0.045589942,0.31557366,0.8077342,0.5230756,0.024196552,0.058081217,0.48086476,0.00415513,2.1681042,1.959488,1.0289109,1.5919815,1.0512246,0.7868661,2.5771174,1.028082,0.21665716,0.9531975,0.25783518,0.25723055,3.9989903,0.7342685,0.33912572,0.64232016,2.134321,0.2973216,1.0843997,0.6316814,0.6441653,2.5167189,0.7101809,2.5724773,0.63807523,0.9750482,0.8152077,0.4397284,0.4640871,0.094740555,0.13324043,0.38065127,0.09436749,0.75583446,0.76147383,0.8560671,0.2416464,0.42733014,0.18210596,0.3550101,0.7451136,1.413914,0.1414407,0.1762947,0.45110822,1.7554517,0.08416863,0.39254206,0.040819596,0.30825722,0.017468132,0.4950676,0.9105989,1.7180964,0.4709863,0.9974513,0.20750478,0.19601068,0.8979061,0.5623028,0.36107814,0.8649323,0.71538794,0.13880444,0.012885536,1.2804333,0.92813635,1.1024781,1.7383415,1.5970353,0.19536985,1.2518928,0.342347,0.68921614,0.15311038,0.8348756,0.014141611,0.24111551,0.87756056,0.84974873,0.2598215,0.737257,0.63618356,0.39842927,0.70168716,0.0071184547,1.2218065,1.109131,0.5784047,0.45090103,0.2451862,0.09722863,0.40064576,1.2153176,0.6316804,1.5010843,1.7193651,0.3836118,0.768247,0.47547647,0.5851263,0.43264738,0.6924531,0.8406672,1.1998281,1.1741604,1.3894631,0.99521774,0.8360578,0.5540796,0.074065134,0.079480976,1.7292536,0.18967897,0.3500075,0.5388847,1.0187591,1.2311823,0.2222868,0.6321502,0.24329017,0.38134438,0.8149982,4.3719683,0.14466988,0.18956752,0.50262094,0.11042468,0.4219182,0.28130665,1.3756195,2.9473143,1.1231712,0.32402602,0.20494609,0.09959266,0.3965307,1.326199,1.1474856,1.4406806,0.1222781,0.24534969,0.25453532,0.99313354,0.51738495,0.9542079,0.032757472,0.3998276,0.8733745,3.472749,0.2741733,0.482097,0.005016734,0.31547058,0.32040298,0.0978563,0.00018132431,0.7109216,0.3345903,0.5158271,1.165733,1.3161051,0.15464339,0.039970037,0.80494845,0.23903346,0.26081342,0.6280416,1.0556338,0.64093786,1.0976934,0.20803778,0.5962087,0.40966088,0.20540844,0.46682957,0.5859012,0.014202537,0.31067365,0.50006026,0.7628993,1.516763,0.37409896,0.11159783,0.31880865,2.1351297,0.5226759,0.69583464,0.17849042,1.5771631,1.3902009,1.4137894,0.20455858,2.0858002,0.49233532,0.47680777,0.03375031,0.9896777,1.6705561,0.2418388,0.49179092,0.46936727,1.1712575,2.0887966,1.213516,1.6506344,0.033736043,0.00061759324,0.8994139,0.65832007,2.394074,0.09927726,0.31520528,0.5694542,0.3085812,0.7820514,0.6888644,1.0492038,0.07272613,4.9609466,1.2345812,0.19879694,1.1731849,0.17453034,0.9845435,1.9311118,0.019901538,0.15804787,0.2755384,0.19547045,0.42227355,0.9441007,0.73846525,0.35427308,0.13715187,0.5843926,0.90630496,0.3083178,0.17975572,1.2103213,0.45487013,1.1626205,2.6722417,1.1325629,0.2779832,0.6774616,1.4862038,0.42189363,1.1281347,0.19542325,1.84145,0.39393517,0.271732,0.07229561,3.9714983,1.4127591,1.3256882,1.2274989,1.2154133,0.18563253,0.36987844,0.55935293,0.44833356,0.16771609,0.20882727,1.1375571,0.4954833,1.0060042,1.2736467,0.6220979,0.7323314,0.29993016,2.0419195,1.2263165,1.0896984,0.63526547,0.7817347,1.2775435,1.7249188,0.56314456,1.3134894,1.2767967,0.09567817,0.14758646,0.85836774,0.22530127,0.17157507,0.49022225,0.3353956,0.46902016,1.0098267,0.9405982,0.27377376,0.49858996,0.43255857,0.5011259,1.709053,0.5730397,0.17949528,0.4586135,4.609761,2.0830128,0.39742184,0.29491368,0.35662064,1.3649712,0.3243318,1.1544552,0.4322908,0.3815319,0.6763044,0.078234024,0.50295866,0.1918534,0.057565708,0.10004359,0.46295103,0.25296858,0.13031416,0.41403088,2.8903441,1.3875349,0.65075105,0.87517494,0.9988187,0.18844315,1.3842402,0.5326479,1.6821178,0.0064425254,0.25500244,all_pothole_images\pothole_images_optimized_image_178.jpg
0.04796195,1.0135745,0.09549845,0.42803222,0.16602668,0.072756216,0.23352121,0.015662849,0.07361998,0.45456377,0.09444251,0.29638526,0.1959146,2.1513226,0.0,0.52467155,0.00960405,0.099719375,0.194095,0.086682685,0.003930795,0.7614022,0.8959201,0.09921614,0.1437607,0.23674712,0.13648093,1.2947246,0.05591452,0.092089124,0.44184035,0.119638376,0.26352048,0.9525996,0.119970396,0.5794494,0.35981598,0.6973681,0.7795436,0.06403132,0.11175175,0.8275115,0.36258182,2.2388773,0.33172828,0.018065063,0.18069972,0.044787962,0.25573888,0.024654118,0.06377314,0.14308538,0.053105988,1.05424,0.07558344,0.011074077,1.1019983,0.0,0.11646029,0.059856925,0.036134902,0.15829657,1.6314684,0.0021416356,1.2895406,0.27786538,0.5971418,0.10372152,0.0,0.33895025,0.50809324,0.011289285,0.08801288,0.05388801,0.11468252,0.019807756,0.15438169,0.19671793,0.08291511,0.18366288,0.042089976,0.019563174,0.3651551,2.1611814,0.068933085,0.96906465,0.0,0.12144503,1.7960124,0.17341939,0.08914167,0.44809946,0.0,0.09290586,0.73143274,0.0,0.8985561,0.7739371,0.33455306,0.02631383,0.023198599,1.0747652,0.04562114,0.058205694,0.6722728,0.52811784,0.117646255,0.14296785,0.23397441,0.69502395,0.105434366,1.2459803,0.15566508,0.0512475,0.50051975,0.07456811,0.5347734,0.5456662,0.87309176,0.3518275,1.376978,0.094962955,0.41195753,0.7399269,0.24846119,0.47821075,0.42657736,0.11141383,0.10758442,0.082751736,0.3183485,0.7418951,0.65346915,0.28840563,0.7063521,0.5046339,0.010037561,0.0005138157,0.036580563,0.26080078,0.5256551,0.035642046,0.46134317,0.8000941,0.09975662,0.1948808,0.032348607,0.7648568,0.61068714,0.15701647,0.46276474,0.44757476,0.3538524,0.25198933,0.34562737,0.0954258,0.054009933,0.48643512,0.803397,0.16086319,0.4319892,0.5659741,0.0032409173,3.8195343,1.4403182,0.24404487,0.64898473,0.120575175,0.23082195,0.97177124,0.24820378,0.23421158,0.0029654773,0.026866088,1.4415145,0.12564471,0.2820308,0.13977842,0.009843468,0.52180403,0.02839567,0.95751244,1.7080096,0.32860488,1.1519449,0.6543833,0.01570615,0.1344592,0.0,0.8163966,0.5832075,0.14172786,0.3621526,1.4670112,0.35628387,0.054195784,0.6154186,0.5726956,0.20893535,0.18943265,0.08769344,0.31474048,0.6531859,0.45105535,0.336764,0.329215,0.04385602,0.045571774,1.6987053,0.18286145,0.0,0.48265013,0.7974895,0.64454675,0.21029632,0.12962815,0.25146186,0.016899833,0.749146,0.428743,0.51557016,0.50170803,0.07045423,0.4134542,0.05069555,0.08444126,1.4553362,0.1190303,2.3017256,0.16083296,0.53574747,0.07720768,0.35814196,0.008250684,0.29896265,0.2793709,0.5163515,0.39261502,0.044912115,0.12706737,0.101565205,0.37549824,0.5580678,0.4090252,0.0,0.21059214,0.8556985,0.13351204,0.12774387,3.7133005,1.5407969,0.8474147,0.0,0.12081284,0.08362905,0.7602458,0.31121305,0.09427689,0.8140333,0.9602182,0.3569239,0.09392492,0.8855822,0.4813243,0.16046353,1.4662119,0.044357084,0.9089237,1.3898158,0.02919499,0.035416108,0.0,0.2158729,0.3309454,0.3147798,1.2309827,0.08009624,0.8518248,0.115731955,0.09897938,0.34944308,0.75999767,0.24828641,0.2394647,0.07970234,0.30821866,0.30418283,0.044794727,0.80966574,0.004340377,0.0,0.3357539,0.14640974,0.8189178,0.38549414,0.25429642,1.2191309,0.5361375,0.14832383,0.92952484,0.30064672,0.3552878,0.11210003,0.5371242,5.9615083,0.043182716,0.4759341,0.6229113,0.092671126,0.2595469,0.083781846,0.9875955,3.886731,1.6226451,0.5401414,0.6551969,0.18758218,0.5164523,2.3172276,0.50256246,1.3663151,0.19019511,0.046036154,0.06755098,0.20456707,0.45153797,0.7217874,0.07743016,0.2541106,0.8860073,2.2389417,0.04027758,0.0,0.10278522,0.52258915,0.010899247,1.1574305,0.09207297,0.6563411,0.0,0.32715482,0.3156852,0.73075753,0.3705967,0.20152709,0.3306244,0.04194961,0.01686909,0.482906,0.15704001,0.067640685,0.6457332,0.4737337,0.0,0.70423716,0.088901944,0.28360245,0.06548621,0.102728665,0.10143733,0.09803554,0.76132417,0.17259973,0.25960705,0.18792413,0.2489074,0.63950396,0.6302184,0.65107256,0.29896316,0.09325928,0.239383,0.19299977,0.11681498,0.004428102,0.58199346,0.31421265,0.6955031,0.015973162,1.4003555,0.0,0.11718941,0.278395,0.7606604,1.2671231,0.05583909,2.1032598,0.1618191,0.2542261,0.4407252,0.6553715,0.48497227,0.3301386,0.6719544,0.029165525,0.8868534,0.08245488,1.0868225,0.5109297,0.09227352,0.9380689,0.13004102,0.1566578,0.5390234,1.4563421,0.1875763,0.8082157,1.0427787,0.08129697,0.49159107,0.007026717,0.6704967,0.97340024,0.59136695,0.15118219,0.008867736,0.255933,0.6800674,0.098947436,0.057022244,0.2717828,0.27629608,0.61205167,1.3115343,1.1434011,0.23679282,1.0943885,0.3047132,0.27118155,0.027290259,0.5594498,1.1438314,0.018196309,0.5688304,0.33035213,1.5461651,0.16789278,0.34801367,0.17873958,0.020002957,0.16920346,0.38109884,0.07980243,0.002731433,0.071122736,0.006436318,1.2836196,0.28143144,0.064346395,0.53558916,2.0999649,0.024894023,0.9052935,0.12534186,0.29175052,0.982218,1.0713228,0.107301615,0.34954202,0.023883244,0.62658155,0.40942585,0.45116648,0.0,0.28038105,0.53028035,0.41068026,0.0,0.06923326,0.8651047,1.4294975,0.8645681,0.8726121,0.1284078,0.1553628,0.023601405,0.88094354,0.21557347,0.21198133,0.070236646,0.53358704,1.0684819,1.4548858,0.67746025,0.15748131,1.7612042,0.52160066,0.21488675,0.062061023,0.100083604,0.2022826,1.5035001,0.27716783,0.13894866,0.0,0.07272638,0.26482382,0.040310767,0.0065013845,0.34916016,0.050231285,2.3980346,0.20566414,0.28853312,0.3880343,1.117448,0.121606864,0.36322471,0.38006967,0.1342205,0.33502084,0.14057735,all_pothole_images\pothole_images_optimized_image_179.jpg
1.1575159,0.12618804,0.13762438,2.1025217,0.4353042,1.8646445,1.1503615,0.0,0.68088865,0.4731317,0.11215451,0.091546535,0.24762215,0.04398917,0.016532259,1.1220717,0.00042117605,0.37159234,0.1891618,0.041400645,0.99708897,2.856599,0.37750027,0.13401808,0.39015773,0.18256858,0.07114827,2.7990859,0.0016664696,0.020055491,0.20494163,0.23258892,0.9555812,0.85142976,0.08569973,1.4319036,0.7506556,0.24169727,0.46924466,0.19060385,0.54792756,0.02954419,0.6167356,1.0434005,0.9995886,1.1650082,0.41112906,0.09432734,1.3861269,1.2739308,1.284324,0.00030423058,0.012428741,0.47897473,0.29304096,2.772941,1.2284813,0.22926441,0.33094308,0.024710657,0.0,0.801204,1.3105302,0.9115815,0.5210201,1.0975479,0.063657865,0.09836486,0.299771,0.3077406,0.27785364,0.35899886,0.54791784,0.5685627,0.66143984,0.017327975,0.012055866,1.5263408,0.66460985,0.6098455,0.015116781,0.0026886137,0.7273852,0.090116315,1.4108472,0.009502332,0.18686444,0.023808798,2.4697921,0.16995367,1.4456668,0.119620845,0.21344472,0.09168454,0.48978207,0.0,0.48619017,0.028187994,0.67851824,1.0846997,0.048298374,4.582519,0.17041989,0.0,0.90827495,0.021181576,0.9613643,0.3474202,0.5593656,0.32299632,0.0,1.128912,0.52455926,0.033297885,0.026113639,0.26455757,1.3450933,0.96745783,3.602803,2.740532,1.5611212,0.11914678,0.04135628,1.7600673,0.102314584,1.0806056,0.6794826,2.0957844,0.22086845,0.0,0.0,0.0,0.029651066,0.0022083106,0.12074102,0.25194657,0.75624096,3.1889296,0.09153895,0.9198724,0.36276755,0.018704152,0.16144028,0.6770464,0.016795808,1.937141,0.22574152,0.23543303,0.6803533,1.1285901,0.002999437,0.35460407,0.61675465,0.022869939,1.0664729,0.89189875,0.93363017,0.12129448,2.449307,0.6895526,0.121608734,0.59424293,0.01698857,1.3589047,0.2467333,1.5021236,0.43680814,0.043721184,2.1055908,0.5621353,0.08680324,0.14895175,0.025035001,0.21097024,1.0299634,0.128963,0.08233011,0.0,0.25610676,0.12528871,0.18230127,3.371202,1.1574534,0.099198185,2.3015037,0.18385302,0.48346806,1.6786888,0.24424966,0.75091296,0.0,0.79325163,0.15927836,0.41640264,0.51230794,0.21114095,2.5368967,0.28569934,0.55158776,0.2560106,0.22157957,0.20989902,0.6249907,2.5913303,1.2771438,0.5218569,0.73412514,0.2264115,1.6474571,0.10647376,0.004738127,0.0,0.45228177,1.3403969,0.6950383,0.7903993,0.15840279,0.10088202,0.07033792,1.2253458,0.92464775,0.3602948,0.31370473,0.033049334,0.0,0.89675766,2.534142,0.065046474,0.6910866,0.010558573,0.4681787,0.023698768,0.94762075,0.0036456306,0.08342099,0.14242904,4.382367,0.31216854,0.037624,0.54079807,0.1031179,0.10685324,0.008011825,0.049128827,0.037488844,0.0,0.27328965,0.13344692,0.0024533707,3.6621153,2.9053507,0.16718255,1.0153338,0.6779907,0.027601577,1.1749824,0.2638836,0.72091955,1.4382844,2.1880453,0.00015921264,0.16111882,0.1293511,2.418542,0.13149187,0.24708305,0.122338474,0.8730484,0.10661707,0.99761724,0.23457782,0.0027692728,0.19678308,0.21449472,1.1112404,0.26885682,1.2324224,0.48268268,0.66693914,0.22670648,0.089893654,0.0794954,0.0,0.037792254,0.05520516,0.5633796,0.35305917,0.17891037,1.1548996,0.19425102,0.3181408,0.14485218,0.027249133,2.2137265,0.1809556,0.0398594,0.16881664,3.6462333,0.8116174,0.81023973,0.24755748,0.5930532,0.057036486,1.1859279,4.411485,0.6344937,0.17456706,1.0120282,0.16556366,1.029077,0.76320374,1.7649573,2.7575521,2.340387,0.30542442,0.4056936,0.0,1.5978751,4.5130544,0.23587726,0.6092869,0.02952005,0.3872096,0.38940665,0.67445064,0.71397245,0.14956462,0.08656737,0.21973427,0.32471755,1.9156106,0.0,0.05384946,0.04961458,0.07292154,0.0,0.74915975,0.41524938,0.28481382,1.5962337,0.899027,0.01417255,3.5813773,0.0057294057,0.58828056,0.03615489,0.031207064,0.022346042,0.52213323,0.63752013,0.6532532,1.1354626,0.41900888,0.48929125,0.01123539,0.09724312,0.16409886,2.3532481,0.5910809,0.6776403,0.0,0.006142733,0.271594,0.05365754,1.0114076,0.3631111,1.2079026,0.52417165,0.015549386,0.11079947,1.681593,0.21118338,0.27360687,0.026396165,0.38473663,0.048763458,0.0,0.44044456,0.9713703,0.20392807,0.051787302,0.00484898,0.12591676,0.62841874,3.1598291,0.9502387,1.0496463,0.0,0.61667025,0.31078205,0.20275351,0.69041395,0.0,0.12059968,0.10592333,0.018891986,0.89168406,0.045732215,0.015826805,0.07664131,2.6489892,0.79128087,1.2605294,0.009580674,0.63102084,0.043337286,0.00097581546,0.7985172,0.043452006,0.60373664,0.0,0.0,0.05967543,0.0068127005,0.001111023,0.2102833,1.0694695,0.24491145,0.34336737,0.039302066,1.4056699,0.5396287,0.31445447,1.2402016,2.433898,0.108896926,0.26198268,0.8383053,0.14880645,1.9559917,0.28789228,0.1612291,0.64511573,0.25331548,0.34780034,2.27875,2.1905932,0.9393103,0.0067987447,0.32187605,1.2102135,0.9516701,0.372654,0.36258066,0.6937963,0.030672109,0.60570496,0.03438397,0.017952727,0.6425294,0.48298115,0.48409972,0.26977202,1.281326,0.6057246,0.50541097,0.51074713,0.41395354,1.503983,1.1418884,0.4543014,0.24193281,2.162258,0.41984308,1.2792162,0.14079173,0.7308914,0.10307281,0.24820325,0.6564769,1.6881614,1.5228685,0.91320354,0.11647657,1.425969,0.035231993,0.14377168,2.3967369,0.23422967,0.056843523,0.0,4.9903836,1.0837497,0.00691604,0.19727112,0.04877468,1.6134766,0.053997118,0.3169814,0.06308564,0.417328,0.5829173,0.33392802,0.47764206,0.40530547,0.40341356,0.03738046,0.0011068737,0.10923966,0.3345454,0.41055796,4.539004,0.74156755,0.080743134,1.2843612,1.0704259,0.0050793677,0.0,1.2979286,0.7108277,0.17743294,0.4999398,all_pothole_images\pothole_images_optimized_image_18.jpg
0.052982748,1.0558583,0.0047085173,1.6608444,1.222228,0.026268927,0.47268078,0.50931966,0.029101074,1.1505588,0.61136705,1.3473059,0.13618052,2.728271,0.0,0.0,0.76567066,1.552843,2.5720103,1.3598689,0.24452686,0.6025392,0.2843563,0.20014037,2.1558273,1.3694341,0.64524645,2.3039281,0.012488668,0.18285142,0.2823825,0.4171422,0.25267416,0.06530903,0.77578276,0.8815888,0.31159845,2.210267,0.5151802,0.07064675,0.020340357,0.44980463,0.250474,1.5716432,0.77197826,0.19870579,0.96130884,0.12518755,1.5959737,1.6391608,1.0824543,0.50640434,0.22685792,0.18407466,0.03375413,1.8820561,0.9231668,0.66305524,0.6227591,0.8140802,1.3143214,0.0765973,0.6175757,0.31013578,2.0201187,1.6170249,0.081741914,0.024383476,0.03704341,0.3534419,1.1213572,0.04996028,0.70989156,0.037739012,0.27072805,4.8711918e-05,0.07852399,0.5978745,0.5651794,0.3632888,0.50201297,1.233348,0.99794394,1.4014276,0.026898412,0.018898236,0.99000984,0.087015435,0.281909,0.01823546,0.22340089,1.2791463,1.0814067,0.40349928,0.049011096,0.27160126,0.3300565,1.8659235,0.48356605,1.0478414,1.1642387,3.3789134,2.0349512,0.044272155,1.2470865,0.25752398,0.74995905,0.79721564,0.33718705,0.07044882,0.30067253,0.45200276,0.5690264,0.8765191,1.5678813,0.75895643,0.049682602,0.042293977,1.6986202,0.6209831,2.8470073,0.052447587,0.39589915,2.1629078,2.274201,0.4515675,2.039289,0.59839934,1.6999396,0.19885948,0.507968,0.40072575,0.38955632,0.11533817,0.5859418,0.0,1.3933139,0.47369516,1.0343132,0.21607834,1.794892,0.13011192,0.5246195,0.5407706,0.06308452,0.8819438,0.6203365,1.132597,0.5858344,0.0016041107,0.39211518,1.2193048,0.07526791,0.13884245,1.5071398,1.003702,2.3004026,0.33382288,0.46058813,0.49940604,1.6508253,1.2693527,0.5907861,2.5042083,0.5109905,0.0822406,1.4384431,0.35094312,0.13120584,4.1238465,0.03153804,0.0035991394,0.22277533,0.39071134,0.044949267,0.1755586,0.52959603,0.58002216,1.0978525,0.46639952,0.4174774,1.5995679,0.8815228,0.8387975,0.39813834,2.5810287,0.54524267,1.3528162,0.25745544,0.50160253,0.15416928,0.831625,0.41369784,1.6093895,0.4955216,1.3036348,2.1982663,0.04667634,0.47066733,0.0065713553,0.35748422,0.5244507,0.12253247,0.020861717,0.07598605,1.0423572,0.05143004,0.3650948,1.0381094,0.5155843,0.026129562,0.33696267,0.4444241,0.3074284,2.5903065,1.3648998,0.55332386,0.1156452,0.4940365,0.8510886,1.4656582,1.0887209,0.6433269,0.6579857,0.019762198,0.036397047,1.738111,1.071201,1.1523478,1.3029919,0.10245107,0.2608263,0.595054,0.56973875,0.0050094193,0.0055786553,1.6245407,0.455637,0.1635354,1.0725337,0.42937252,0.35922855,0.60493416,1.0325333,0.6749703,0.05311019,0.5480046,0.1928676,0.16159014,3.0999868,3.7644873,0.15078597,0.13923912,1.4235276,0.21591678,2.0590398,0.04436045,0.83947426,0.24172463,2.0879948,1.8362325,0.02971416,0.21691608,0.19705912,0.20348224,0.202137,1.6306702,0.38741863,3.14647,0.013806698,0.079034515,0.0873032,0.58945477,0.0635847,0.23508584,0.65350467,0.21443617,0.5053136,0.07080243,0.18243751,1.1597853,0.8716724,1.0833948,0.22595814,0.0092268055,0.83555865,1.9394624,0.77185875,2.940627,0.3124637,0.0,0.0,0.101092726,1.7893292,0.13990119,0.4764222,0.4726236,0.5635826,0.23009592,1.4170432,0.97322345,0.52645046,0.3067505,0.25325164,5.129595,0.20952071,0.8351833,0.76228416,0.17258722,0.4567815,1.3591616,1.3668714,1.2821306,0.7661244,1.1105489,1.2760123,0.028308926,1.0275931,3.544096,0.09624628,0.10245359,0.23930769,0.74358475,1.7001625,1.7969346,0.45235366,0.22088517,0.027843175,0.6083542,0.00856038,1.3086362,0.34298527,1.0793105,0.45489353,0.22353114,0.082327634,1.3492692,1.6236371,1.1225774,0.8223074,0.783842,0.057942543,0.80943453,0.8962677,1.3934276,0.38536346,0.05484933,0.6410471,0.8022073,0.11409595,1.4461817,0.1950228,0.9951353,0.99103856,0.19176136,0.18680592,0.037745543,3.2744634,0.6788524,0.3851559,0.946269,3.202507,0.30080402,0.22798514,0.03750296,0.024813378,2.275623,0.6519808,0.01810536,0.4498778,2.116085,0.21776257,0.19363022,0.15824832,0.54179746,0.21226448,0.12958172,0.12626317,1.0532109,0.33159566,2.663845,0.09052445,0.37476185,0.68622357,1.9171271,0.0,1.8891542,0.05239157,0.14006208,0.97287625,0.7172882,0.10140521,1.0780575,0.7843279,0.17854589,0.26336554,2.3175764,0.09675884,0.042046975,0.037503514,1.688578,0.6624479,0.55681825,1.1351572,0.17621294,0.9543086,0.5745219,2.4730768,0.92991334,0.12032198,0.16238107,0.40460795,0.025604043,0.88476235,0.042810224,2.8043683,0.36964816,0.91112286,0.9232399,0.3572068,3.4302087,1.2011313,1.0981603,0.94169366,2.98401,0.30324197,1.487103,0.79409194,0.24163882,0.03443015,0.57162124,1.5551611,0.023163997,0.17140664,1.3705348,1.0564795,0.5245337,0.108503275,0.31875366,0.029532235,1.0534083,0.24235441,0.74204665,0.0015346976,0.35551518,0.00475778,0.4199124,0.47246432,0.02247132,1.8970444,2.8607838,0.35585988,0.22933525,0.0,0.20277119,0.45870543,0.35257828,0.022287361,0.2990556,0.27207813,2.7834475,0.20544198,0.45874166,0.03241058,0.41900346,0.47373763,0.9418595,0.14822114,0.29709637,1.9331554,0.3466163,1.9224358,0.92267436,0.58549273,1.533221,0.072217226,0.57563525,1.7939184,0.54818493,0.20210923,0.4391317,1.4991803,0.3234515,0.0,0.08306478,0.1869118,1.5908273,0.002435619,1.0955454,0.0039392775,1.1247654,0.71716803,2.2667346,0.08752282,0.0007778479,0.046784606,0.8825499,0.69376916,0.7678544,0.6659341,0.50814843,3.405567,0.28125587,0.45686153,0.72512436,0.9588963,0.29267573,0.4116894,0.07007573,0.0784305,0.47244117,0.005873754,all_pothole_images\pothole_images_optimized_image_180.jpg
0.8504627,0.75100696,0.08191943,1.9818457,0.8864791,0.59800166,0.38339552,0.10937266,0.25002873,0.39576003,0.6170378,0.68759483,0.13145375,0.57841474,0.525978,0.7755216,0.09120227,0.83423924,0.64684916,0.09639385,0.18644609,2.5310571,0.43110007,0.53596395,0.9259561,0.5661496,0.46257383,2.9169092,0.11872,0.034134544,1.6243308,0.2723924,0.019925833,0.82175994,0.44114217,0.94841856,0.0,1.0783968,0.7617995,0.4684021,0.16332208,0.0,0.31175795,0.9138683,0.14178696,1.4798185,0.062377732,0.26921913,0.0,0.6904971,0.5778497,0.9894133,0.1594695,0.007674049,0.091627374,1.5509558,1.2732723,0.3111744,0.017849348,0.09548168,0.67829055,0.20096342,0.8995098,0.11039615,2.0622761,1.923366,0.4248231,0.111908466,0.43443134,0.11013731,0.20804487,0.0319146,1.1849259,0.1525637,0.20287807,0.23594055,0.039917875,1.0213399,0.67789924,0.18103111,0.6354333,0.017809387,0.0036273145,1.6995152,0.54644305,0.13248613,0.028521651,0.14876102,2.0911057,0.2959423,0.51593995,0.08378611,0.4775821,0.17545116,0.008332253,0.054888666,2.1020243,0.910878,0.73227626,1.2987899,0.043705676,2.2495892,0.10252577,0.595056,1.0825121,0.13711423,0.802831,1.2603681,0.2873147,0.0064016725,0.046131115,0.21269903,0.63088274,0.70667624,0.3662555,0.267436,1.8238491,0.6087807,0.2796598,1.026116,3.9687047,0.32819486,0.21794824,1.503095,0.61778486,0.111609206,0.19911665,0.74055415,0.86036175,0.99635345,0.15493025,0.021861859,0.5556418,0.32652435,0.099080004,0.9256339,0.7883019,1.3994989,1.0076339,0.14162704,0.3103475,0.25433126,0.32025555,1.2478254,0.58129656,0.7900722,0.14238586,1.6468563,0.3228466,0.10530189,0.84863156,0.49202138,0.04774075,1.1793108,0.33424303,0.1575631,0.6324694,0.0,0.003600373,1.1999946,3.337132,1.0154294,0.0066999793,2.0134988,0.06989156,0.5315929,0.3928204,0.67152125,1.113755,1.3827883,0.071469545,0.21791765,0.12784025,0.006853263,0.6362087,0.060377136,0.27679455,0.032072976,0.053594127,0.009018018,0.13593347,1.9849048,0.5895258,1.0848334,1.8978368,0.9575615,0.45909494,1.0632067,0.7631544,0.10857598,0.0,0.65165097,0.004535785,1.1567565,0.65927845,0.28246152,0.40719166,0.111073315,0.13327695,1.080004,0.31049353,2.0219615,2.223651,0.56487453,1.6032995,0.5666109,0.2714105,0.9897316,0.24253263,0.2942428,0.034311347,0.0,0.99729496,0.18130799,1.9918163,2.2698648,0.21976362,0.23056504,0.611464,0.0055562863,1.0367128,0.58341044,1.5071417,0.15654577,0.118272625,0.64463335,3.3064005,0.091940336,0.736751,0.44476166,0.3263772,0.8469752,0.06931284,0.108037375,0.6124538,0.12919305,3.6956844,0.055275492,0.6573912,1.0859323,0.3246884,0.0385711,0.8473984,0.14415993,0.79513663,0.0,0.11110399,0.5475064,0.02489393,3.067767,2.866128,0.2271833,0.18477759,0.7489625,0.14858325,0.004900821,0.24468076,0.5353982,0.4121317,0.89061445,0.2536679,0.0534275,0.44638434,0.31776503,0.17352326,0.2680101,1.9576914,0.39403376,1.3901871,0.11873827,0.20447412,0.2761686,0.05530363,0.47953492,1.881501,1.203137,0.6856779,0.9274038,1.0016136,1.1531914,2.0044422,0.054258846,1.7828274,1.2165385,0.2998089,0.8626425,0.43957496,0.731514,1.4700459,0.65589684,0.08258158,0.056711458,0.08708,0.4380525,0.32201067,0.08783144,0.23991427,0.79653716,0.17362528,1.7533116,0.60716397,1.1584337,0.03130745,0.6074853,3.405482,0.70573705,0.25432247,0.41385874,0.09075444,0.93852055,0.24756508,1.2676419,1.6297386,1.5904049,0.7390323,0.35857174,0.025102133,1.849424,1.6677186,0.0789614,0.9838697,0.15186019,0.99970204,0.0055688643,0.62838113,0.32391497,0.6550688,0.044998758,0.22991316,0.6810071,2.385394,0.31915808,0.48007342,0.4132126,0.07988655,0.34971222,0.8327785,1.2458552,1.6301724,0.68370974,0.13499032,0.01607828,1.3626655,1.2792673,0.74536943,0.11871228,0.2469744,0.39311308,0.48104352,0.084181376,0.4152579,0.25268474,0.5116605,0.45211866,0.16646451,0.2081811,0.21257257,1.4305258,0.4965906,0.03983023,0.56639224,0.29795116,2.0060265,0.6824009,0.051528484,0.0021170164,3.3864913,0.26695484,0.20528182,0.32065395,1.9113601,0.5611868,0.31121603,0.1273929,0.060228907,0.008205973,0.008188359,0.17743093,1.9572521,0.11614791,0.49342516,0.10923939,0.08140908,0.08208921,3.302092,0.4005836,0.6599658,0.054514248,0.0026256694,1.3390163,1.3922175,0.7055468,0.23109971,0.15502588,0.28589326,0.23948367,0.4588218,0.009548346,0.13243976,0.11367741,2.9317975,0.64163554,1.1505375,0.7243638,0.14135373,0.46068805,0.42261037,1.1378232,0.7114471,0.004728896,0.58685946,0.17484075,0.06648776,0.22635455,0.5429849,0.24697244,0.14310639,0.70085233,0.32996383,0.0,2.5010965,0.24641603,0.915297,1.4919349,1.1797234,0.37668398,0.98164994,0.8829254,0.1834348,1.1976429,1.1152911,0.040655494,1.062549,0.7643143,0.27364272,3.501468,0.72475964,0.9295202,0.05214795,0.74355674,0.63489634,0.90168357,0.4287888,1.5732493,0.4538506,0.018776217,1.344088,0.32599866,0.017197428,0.20366237,2.5438433,0.089696646,0.31525236,0.9016348,0.50262946,0.6348857,0.11014795,0.39319307,0.44879875,0.88507515,1.5859325,0.19318868,0.32762653,0.1752661,0.75284916,0.3881432,0.14012207,0.0294789,0.46055618,0.21403854,0.98555195,0.10209082,0.4416029,0.43574658,0.35379112,0.0,0.5250559,0.7687697,1.5481288,0.14617084,0.16369788,4.8177495,1.3261296,0.10024859,0.0006410684,1.0159813,0.014204553,0.047761284,0.9165633,0.27628782,0.00034239652,1.0620325,0.1806794,0.11068975,1.4990206,0.48050338,0.31652373,0.05461718,0.03620537,0.7178335,0.7243525,2.4763808,1.6902572,0.08532585,0.5620773,0.7715857,0.7877347,0.0,0.23244447,0.68423945,0.3405177,0.7795907,all_pothole_images\pothole_images_optimized_image_181.jpg
0.1018323,0.032389186,0.65600437,2.1327364,0.42403692,0.0,1.0456377,0.32106158,2.0089636,0.36633277,0.5305769,0.79705113,0.14672229,1.143778,0.021707833,0.55626863,0.34254417,1.5573872,3.371919,0.24324195,0.08827796,0.06803928,0.4282115,0.07342192,0.66115546,0.059415847,0.14017887,1.0500551,0.07333289,0.026201371,0.010196036,0.13146123,0.12273054,0.74219185,0.090955295,0.994852,0.029675607,1.3359687,1.9773003,0.00023921691,0.024441738,0.3437837,0.7406669,1.3030225,0.08609267,0.6321609,0.3489885,0.17452885,0.0,0.5689359,0.29763713,0.4196722,0.002055998,0.067744896,0.8343037,0.59652317,0.106819995,0.25945193,2.5842192,0.50164723,1.0060942,0.14775059,0.0,0.06122132,1.5015802,1.6965532,1.7686031,0.025375247,0.32490626,0.112262614,0.48986357,0.048495725,0.013759651,0.041855607,0.112206064,0.0,0.95405406,0.11797715,1.3257321,0.50694984,0.0012844317,0.34751078,0.56343514,0.50658196,0.041713703,0.61920255,0.1755439,0.16955733,0.005554023,0.05926064,0.40038204,0.19688454,0.0,0.14061244,1.6664404,0.04661017,1.561395,1.529835,0.018622069,0.8103414,0.54784465,0.51541346,0.016477894,0.8122251,1.1829203,0.25395268,0.26238436,0.04145713,0.0,0.13821185,0.0013091115,0.021281244,0.15565357,0.041419543,0.10671952,0.0074403198,0.0,0.3525082,1.5986848,1.5192472,0.24916229,0.0,1.0825233,0.68063253,0.40722802,0.657132,0.5440348,0.29630056,0.35084775,0.27064255,0.53395003,0.43619645,1.7759981,0.0,0.05968026,0.8501995,1.8867157,0.021625256,0.17234154,0.14734453,0.5103143,0.15046564,0.19643183,0.07233876,0.60843664,0.27795258,0.9353117,0.72840446,0.019589448,0.25031024,0.6896436,1.3337402,0.07062222,0.0060302615,0.35572737,0.6362255,0.42166343,0.00045685482,0.4169284,0.050154842,0.63190824,2.1134057,0.26073366,0.22185911,0.127829,0.0,0.06458165,0.057325557,0.007503635,2.7291524,0.2322231,0.24475747,0.0,0.61206293,0.7669195,1.0859482,0.04805196,0.04634792,0.46184742,0.27393734,0.4385894,1.3502539,0.040934008,2.8051128,0.3332565,0.8572528,0.177937,0.3376782,0.030455533,0.6786504,0.18735373,0.5946777,0.3748132,0.19815631,0.79712343,0.055724844,2.3802319,0.65068036,0.8338296,0.26858923,0.6401858,0.2637767,0.1677962,0.10276041,0.121282324,0.12419932,1.2348673,0.3678687,2.6372309,1.8096026,0.12069085,0.41324437,0.20200771,0.035419144,1.9066956,0.65320545,0.46970385,0.15950301,0.4990784,0.33878964,0.2807063,1.1840202,0.037501805,0.5158022,0.011062685,0.070309795,0.48010308,0.13439512,0.7937984,0.46810862,0.1430593,0.4378831,0.88958025,0.04731926,0.028541002,0.2762875,0.41514376,0.2029958,0.055381257,1.5236986,0.028692532,0.7141746,0.41529006,2.1844065,0.02539434,0.0,0.51202667,0.2507559,1.6773342,2.9686708,1.991057,0.19830264,0.0,0.34935355,0.0041200984,1.6637527,0.008799593,0.48308143,0.05047412,1.4118383,1.132239,0.30317497,0.29440814,0.11320647,0.69985384,0.4568352,1.1626863,0.032190815,1.983681,0.80466026,0.04440926,0.4730525,1.2250586,0.21579292,0.10931629,1.1350327,0.11087756,0.043169178,0.41169408,0.3192548,0.04628239,0.57086825,0.13919464,0.066256344,0.0,1.4668874,0.5384217,0.2192185,0.5672573,0.043897904,0.0,0.0808759,0.13565764,0.09328326,0.930234,0.10064713,0.0522046,0.39071062,0.11579245,3.6409774,2.056379,1.3901638,0.4156402,0.0,2.1394825,0.039516192,1.2500539,0.9523725,0.032338228,1.1447624,0.7903736,0.08940104,2.5590453,0.81282437,0.8940504,1.4782492,0.07242897,1.2758851,2.815485,0.022005884,1.9344662,0.02758191,0.9288358,0.12145058,0.62852484,0.38999102,0.2790596,0.0,0.09642394,0.0,0.5325166,0.18693225,0.8734912,0.9799456,0.5264521,0.594931,1.9781835,0.99804723,0.7498083,0.0483788,0.011449029,0.03354755,1.5545628,2.723264,1.3907958,1.1273973,0.15120968,1.2931864,0.58428115,0.6061181,0.015754953,0.07872025,0.024384502,0.008170989,0.004721313,0.9958972,0.34201595,1.8727756,0.0505982,0.8032385,1.5289243,1.6936057,1.0319198,0.11349113,0.31593516,0.022885285,1.1190825,0.820518,0.34103405,0.5025041,0.70519346,0.19347253,0.795235,0.09616688,0.0,0.0,0.04759948,0.2407445,0.72359884,0.16809705,1.5027406,0.80284894,0.78000766,0.58997923,0.07485679,0.0030533173,0.48596382,0.29144153,0.028799197,1.8112932,0.6036302,0.07762628,0.06861022,1.8881068,0.054179337,0.11644873,1.7044884,0.011560942,1.3585376,0.007052256,0.43756005,0.19456545,0.016989939,0.42723137,1.7657473,0.0,0.731045,0.6568589,0.39660925,0.0,0.6861531,0.00739336,0.2728643,0.8603911,0.01704641,0.24118598,0.13283323,0.21790768,0.47998524,0.0016090991,0.48955816,0.32337958,0.0,0.9737105,0.001336403,0.011215184,0.29512548,0.059843067,0.0,0.031615455,0.08885736,0.020010004,0.10280825,0.89910656,0.31843904,0.18657993,0.17846024,0.0017749699,0.0,0.17240843,0.8954543,0.041515816,0.19873507,0.48432365,0.5328073,0.0,0.12656549,0.12677383,0.24420205,1.1167908,3.2019422,0.16058798,1.5829966,0.24455974,0.06634957,0.6440234,0.0,0.0044128266,0.3104156,0.69782764,1.3969585,0.22677936,0.81281626,0.0,0.11187744,0.7652166,1.3933787,0.17616534,0.05618827,0.26669428,0.4210831,0.6005948,0.0,1.1328447,0.3874282,0.0027144381,0.97464454,0.14778359,0.49390647,0.14247254,0.4122706,0.0,0.8440086,0.054954775,0.87334085,0.082947075,0.071109734,0.30486906,0.6774329,0.30118427,1.2784877,1.9791597,0.059115212,0.47552687,0.21209773,0.008913755,0.01747605,0.2607336,0.10636957,0.26275158,0.5230261,1.5523638,0.057940587,0.13136774,0.67272264,1.0793484,1.7826355,0.18164848,0.21859273,0.29119605,0.0,0.019192558,all_pothole_images\pothole_images_optimized_image_182.jpg
2.8788135,0.02416346,0.05855167,1.4815339,0.799918,1.9073013,0.6564377,0.12729931,1.3399966,0.086310014,0.028625274,1.7153643,0.0,1.1031373,0.48562616,0.84261054,0.90918845,0.20505017,0.6480574,0.80995256,0.7818381,1.6560695,0.22547215,0.660476,1.5174199,0.24244782,0.03784674,4.004928,0.3479932,0.0,0.08292224,0.16779603,1.3625249,1.067502,0.179672,2.1125326,0.10173589,0.79476416,0.39525846,1.1682584,0.37681597,0.33670124,0.4337966,0.5855859,0.27615225,0.86140424,0.11208297,0.29887772,0.18435428,2.885995,1.2488294,0.041909605,0.08989585,0.15994212,0.050092053,1.9847169,1.4050155,0.015522403,0.77063197,0.47859526,0.15408826,0.23991849,0.026144125,0.14576769,0.29160556,1.148777,0.14991838,1.0532839,0.67248976,0.14376363,0.14198755,0.0041542775,1.816533,1.6351111,0.71880823,1.6744875,0.022135368,0.4249718,0.96117276,0.10521468,0.09230633,0.059306502,1.0742089,1.0428433,1.5666504,0.030124191,0.015261589,0.5027965,1.6389178,1.6849551,0.2683367,0.27486342,0.008290577,0.23311636,0.21808293,0.0,0.12340306,0.4601021,0.8176515,0.8862261,0.013492528,1.1758251,1.5318447,0.5103797,0.83920425,0.05258591,0.10324378,0.32927933,0.325021,0.5730916,0.0,2.3236053,0.50852114,0.21297054,1.1720154,0.9043772,0.14095403,0.65025777,2.5950408,2.6864698,2.9632008,0.49815065,0.04617771,1.3881774,0.5717627,0.55578446,1.4317645,2.7150893,0.316332,0.09076192,0.014496026,0.0,0.3011298,0.42666605,0.6206398,1.2453768,0.7363285,1.7747594,0.18631947,0.23300031,0.04618879,0.9658237,0.58260536,0.48113117,0.44299257,0.9247287,0.0018162337,0.36882707,0.41266873,0.3289552,2.3973453,0.64662284,0.69140077,0.27953616,1.633315,0.6065681,0.60138065,0.12218979,1.2837936,0.20447408,0.07496889,0.03721017,0.0045178924,3.277333,0.31021565,0.549145,0.2552043,0.028421365,2.5516708,0.12288747,0.05963175,0.43818945,0.014953759,0.3008326,1.0568801,0.2625588,0.57174283,0.0,0.6154884,0.0680521,0.09177022,1.7254685,0.41009992,1.7896283,0.43372476,1.1922134,0.1565536,0.44466782,0.7411698,1.5363277,0.36310667,0.030387364,0.16667369,0.5815918,0.63127476,0.986522,0.4413555,1.0796993,0.7540115,0.39169326,0.23550996,0.42004374,1.0429903,0.8851281,0.8799039,0.10023306,1.1945587,0.5959132,1.7342445,0.24167521,0.21625754,0.24344502,0.27018863,1.4856541,2.5928264,2.4767632,0.3794396,0.008307021,1.8787489,0.4665666,0.3853537,0.016277714,0.34805864,1.192036,0.076675475,0.38835284,2.0297582,0.76489896,1.9731654,0.18750378,0.013244599,0.0073938794,1.3184519,0.0,0.19805667,0.39465535,2.5822103,0.4661328,0.06716687,0.36150137,1.2557828,0.43776834,0.7094725,0.7740518,0.0,0.39372662,0.3279091,0.6565625,0.47219822,3.6775036,1.7651856,1.0822865,0.97122675,2.079621,0.34003958,0.545628,0.7195664,0.14876229,0.43631822,3.1639657,0.24043784,0.048362244,0.21377605,0.9593753,0.5329674,0.32010335,1.6245176,0.023388516,0.1286479,0.18402775,0.4827974,0.0,0.108622886,0.2913054,2.430862,0.33553493,0.31024197,1.1346033,0.6223407,0.85835814,0.0429308,0.36210725,1.2081417,0.48452446,0.3937486,0.3388592,0.6170777,0.10893272,0.86975783,0.22559042,0.87369585,0.29413852,0.79317456,0.18206999,0.0,0.30040944,0.61650705,1.8392161,0.13400283,0.74602133,1.8447288,0.8341308,0.43228284,1.7826495,2.206896,0.2800806,0.40086916,0.36773336,1.9010935,0.06625536,2.198219,0.5541261,3.0587127,3.2044778,0.08960683,3.0525475,0.0,1.9558402,1.9386526,0.904879,1.3562568,0.61965513,1.9514257,0.05840604,0.14705706,1.3375459,0.2020965,0.10624075,0.4798095,0.7042659,1.5616442,0.09145772,0.0,0.62178993,0.005507776,0.4053223,0.10418711,0.4394327,0.5341144,0.0,0.48814765,0.30180514,2.6609771,0.24921864,1.6284629,0.41541284,0.32690102,0.13387115,0.17231542,1.1668012,0.9537487,2.646995,0.8312889,1.0732485,1.3243963,1.5390264,0.16077584,0.97596717,1.8227829,2.1415043,0.57056624,1.0315416,0.54072493,0.52447695,0.1757814,3.624991,1.2354176,0.06895349,0.027780887,0.6907526,1.2272322,0.3870563,0.5400375,0.03896831,0.16146228,0.0118080145,0.67193943,0.5251391,1.0581706,0.26254198,1.3718293,0.06880381,0.3254483,0.11508603,1.8339987,2.5295818,1.0716122,0.020689487,0.57156444,0.81958854,0.30008844,1.6225965,0.75285697,0.24588664,0.3081129,0.09962232,2.4225943,0.2182751,0.1815494,0.3919984,2.6816804,0.2680703,2.8166637,0.3781535,1.9527884,0.32013804,0.39576724,0.54870987,0.006404259,0.0,2.321876,0.19046047,0.43157685,0.9261811,0.17551266,0.24443093,1.5037625,0.35858962,1.7664421,0.40359744,1.4599744,0.994042,0.50667465,0.90498585,2.8659537,0.82918906,0.6058038,0.055297714,0.89541805,3.6721017,0.53279454,0.7824264,1.6534283,0.6483207,0.5665532,3.5171564,0.52496696,0.7299235,0.05901448,2.456773,0.42904654,0.4507976,0.60732454,0.93195754,0.6726123,0.0,0.974328,1.0395515,0.15564628,1.2914873,2.4619837,0.5210333,1.360559,2.4746165,0.45458153,0.3881454,0.56460315,1.7937467,0.8483548,2.7097588,0.7686781,0.7295833,2.3792226,0.27509382,2.0136478,0.035306726,1.5591472,0.0,1.0640172,1.6130611,2.4222593,0.05971917,0.093144014,0.6914057,1.4120572,0.009437481,0.7724803,3.4000993,0.26015326,1.2442393,0.8893659,2.8105905,1.723455,0.5000602,0.30511716,0.5546955,0.88212115,1.0553741,1.4108416,0.4206533,0.61039275,0.18653679,1.4807318,0.010106404,0.77563244,0.13790034,0.1505377,0.33929613,0.6453869,0.13957898,0.94851923,7.880184,0.79606396,0.16714102,2.8237257,0.2368384,0.02842591,0.36314055,0.7735377,0.30159333,0.32434613,1.2856318,all_pothole_images\pothole_images_optimized_image_183.jpg
0.33221146,0.6107578,0.37192184,1.1416728,0.22217454,0.30698714,0.6781059,1.3111916,0.4224828,0.44368547,0.6996083,0.71161944,0.58024174,1.5665606,0.24801312,0.5121385,0.17715617,0.5198995,1.5399308,0.16719724,0.25498304,2.3218277,0.19918945,0.119716115,0.12129092,0.19365178,0.07325957,1.5176117,0.14625366,0.45965263,0.7999456,0.25799742,0.70129097,0.07373436,0.16647597,1.181071,0.5762581,1.1330483,0.49247423,1.5877172,0.0,0.0978713,0.22365336,3.3480606,0.2815969,0.18920301,0.32433447,0.0,0.41265061,0.6288925,1.3358759,0.41494352,0.07792033,0.048240375,0.0531272,0.7751094,1.5736086,0.010348004,0.9911973,0.0574231,0.22015,0.4719875,0.54351616,0.6214265,0.25337335,2.2689528,0.5935622,0.047800872,0.100503616,0.17123646,0.0063372203,0.515892,0.1206775,0.15889743,0.8776069,0.62515193,0.17580375,0.27703747,0.021836832,0.1962834,0.33555603,0.0,0.33091697,1.1456426,0.40148056,0.2393684,0.008439378,0.169737,1.7242845,0.19460788,0.61366445,0.16540147,0.23643474,0.13444433,0.28484052,0.0048719,1.1693813,1.1389556,1.0523866,0.43860766,0.26021257,1.5139887,0.4277364,0.20293014,0.6470556,0.47012252,0.26909453,0.30693552,0.386918,0.59713733,0.0,3.566022,0.38721582,0.0054850965,0.33874512,0.319364,2.196504,0.3352758,2.4797037,0.8851517,1.8361679,0.24884993,0.05377578,0.9188645,0.067429505,0.35324073,0.028650135,0.41004416,1.1397207,0.035170436,0.13535517,0.3257737,0.03932522,0.17753121,0.028332759,0.51273733,0.22847058,0.47854093,0.42077833,0.0050126826,0.11745548,0.13857093,0.42825127,0.21915318,0.12027866,0.93119967,0.18847899,0.4108283,1.421695,0.064851716,0.1207224,0.3513987,0.09216026,0.009972962,1.388287,0.23844777,0.25685582,0.28134894,0.7576943,0.17631795,0.3589699,0.21920846,0.030580023,2.7201796,0.51439893,0.47750235,0.31212452,0.5765509,0.37777683,0.8099014,0.0,0.01574022,0.1675948,0.08008131,0.5239828,0.0,0.574176,0.0,0.12231234,0.065603666,0.009870709,3.8660176,2.3074458,0.23662458,1.5420295,0.6969704,0.24833924,1.1408293,0.46932417,0.5895523,0.07739563,0.030927986,0.1574462,1.9325631,0.15949835,0.06498257,1.1129038,0.59756136,0.9047018,0.14134641,0.17071068,1.2173473,1.2525136,1.0407332,0.38098425,0.122187644,0.25130466,0.3936225,0.59396297,0.010787598,0.007142387,0.0008827441,0.8999649,0.950768,0.47214693,0.9134233,0.10771018,0.091775104,0.3278863,0.063073225,0.36385652,0.7266498,0.3256119,0.79718435,0.3830811,0.7353567,1.0370355,0.44506386,0.45579097,0.4628432,0.2444058,0.14875513,0.32014635,0.0068877814,0.04055183,0.20416974,1.2875732,0.23412444,0.013931824,0.08400014,0.07424862,0.52895814,0.03186422,0.3375021,0.07517962,0.009438526,0.40791208,0.37441018,0.57518435,3.242285,3.8112113,0.19936684,0.51124847,0.047769405,0.086051926,0.69930017,0.5099436,0.46461353,0.7856945,1.398341,0.0386887,0.0,0.28116152,1.7831792,0.42069772,1.1147248,0.104626365,0.897983,0.032654162,0.51979095,0.11398701,0.012226452,0.040059034,0.4869622,1.5045102,0.41984317,0.30835164,0.12502497,0.53796446,0.31639597,0.1859888,0.76199275,0.00096930156,0.07303813,0.2244507,0.18703672,0.16893725,0.2694393,0.5653663,0.37434414,0.053254835,0.065202564,0.31182295,0.8375351,0.06350507,0.043673743,0.40876225,2.734801,0.57169414,0.14992568,0.025691945,0.84128493,0.038007926,1.0821438,4.21274,0.29845557,0.14884207,0.5978222,0.10917346,0.43658033,0.9310441,0.86475706,3.2027793,1.0090941,0.0069793076,1.3860221,0.030420298,0.38590157,3.7533083,0.16367531,0.3595752,0.021276493,0.018758863,0.1719588,0.46317914,0.23876573,0.02585208,0.025796982,0.7017105,0.2752003,2.4282646,0.78391635,0.06061012,0.14199759,0.2629545,0.24151358,0.55240685,0.6553571,0.095071964,0.21179982,0.07227275,0.40352216,1.2003821,0.4905752,0.32480028,0.45835233,0.062134366,0.015356438,0.020436319,1.3090373,0.19331974,0.30121213,0.38185018,0.091151424,0.12618229,0.10423938,0.43546224,0.41959465,0.109087124,0.27750245,0.0,0.10840537,0.40114942,0.10687778,0.18566163,0.027237633,1.8523195,0.22400863,0.011742508,0.0,1.8639811,0.014759375,0.6412526,0.11433862,1.2707506,0.059726022,0.08411258,0.69139004,0.5170875,0.35737717,0.13413365,0.115790665,0.15947092,1.6499782,2.8869948,0.6534439,0.8077746,0.008680874,0.38575634,0.670379,0.8318503,1.2000532,0.08471713,0.7049488,0.27788186,0.034990463,0.93182373,0.39924482,0.73726636,0.118588135,3.7709599,0.0004687291,0.1833738,0.39829814,0.27940428,0.09953452,0.01846945,1.3526089,0.0099150175,0.23578487,0.009738765,0.65123224,0.23450033,0.57351583,0.18786526,0.2594719,1.0715724,0.03892504,0.18901634,0.09657118,1.4660649,0.2276527,0.7894242,1.9941431,1.6866142,0.12491825,0.33229586,1.4320772,0.12077993,0.14745085,0.08247196,1.4028475,0.37875113,0.67588717,0.34058437,3.319684,1.1191243,0.41747907,0.47208983,0.20707946,0.8628384,0.5672704,0.078257844,0.080809645,0.113712415,0.011328727,0.24039106,0.14850669,0.0,0.17946777,0.65093917,0.40362182,0.3516145,0.94102305,0.57960624,1.0307267,0.7423041,0.7456033,0.32384706,0.8255819,0.13781755,0.43787608,1.620001,0.0,0.45517886,1.200755,0.1131589,0.16713563,0.02378474,0.8058208,1.3199255,1.3359392,0.4284383,0.054073952,0.20660953,0.25106314,0.084819056,0.9527454,0.049870595,0.14402549,0.46115893,4.0176387,0.31044602,0.15479332,0.0,0.03243636,1.6517056,0.17768537,1.1693628,0.03242279,0.47285652,0.7495288,0.05519422,0.53508335,0.09448733,0.0036448792,0.09254949,0.27400395,0.049644377,0.23483303,0.2389649,4.15288,0.79881173,0.11135438,0.29726827,0.9154335,0.009048085,0.27559322,0.37674528,0.5852353,0.50534725,0.46299222,all_pothole_images\pothole_images_optimized_image_184.jpg
0.30360126,2.872326,0.1291831,1.0282286,0.9530831,0.72676116,0.5346611,0.29584593,0.1612023,0.87177414,0.29464933,0.26730022,0.13357581,1.3782239,0.39589626,1.433443,1.7925044,0.105443366,1.5072185,0.43435287,0.0035876497,4.1775074,0.27992907,2.3607664,0.10958032,0.14847873,0.044264227,2.168963,0.06984924,0.9527756,0.376188,0.19063498,0.30524883,0.28936547,0.8523413,0.87234247,0.5980818,0.027244665,0.9272029,0.95441395,0.15374358,0.066930786,0.19683757,0.22818905,2.985478,0.08847555,0.123911455,0.0,0.7331285,0.6524007,0.49573258,0.14711241,0.747905,2.0574605,0.8070278,1.8116139,1.5110297,0.0,0.6137124,0.92770183,0.12910745,0.050863236,2.626988,0.1688689,0.400431,0.68304974,2.412472,0.2585167,1.0100824,1.2251546,0.17240877,0.9462068,0.004786069,0.06716271,0.697187,1.646819,0.50826466,0.8127277,0.029160727,0.10488183,0.17261663,0.36468276,0.013838223,2.3964279,0.9446556,0.91068596,0.66253537,0.8241264,3.569988,0.6439486,0.28539565,0.4662112,0.5837204,2.601502,0.9656822,0.288666,0.5963315,1.6245089,1.0246544,0.42815158,0.77862066,0.67670316,0.44619524,0.16952667,0.24630632,0.11821834,0.20079778,0.026620995,0.1306015,0.23480356,1.4828913,3.075838,2.1593,0.07997617,0.26533765,0.5022712,1.1768366,1.4345448,0.5773669,0.9335004,1.8617316,1.8848729,0.53960377,0.033161815,0.100847505,1.6689316,0.0021506574,0.93347883,0.13992971,0.6358124,0.96850586,0.18263702,0.83404285,1.9178301,0.44533578,0.57504994,0.52539474,0.24171229,0.57841825,0.4206511,0.83372504,1.0218036,0.04654591,0.50957054,1.5213827,0.6130301,0.9435278,0.14787865,1.0259081,0.41817367,0.1867548,0.5336213,0.47384524,0.009912396,0.6496157,0.03376802,1.2279706,1.2239279,0.9090717,0.6164578,1.7918406,0.1596645,0.34086865,2.9508586,0.13671851,0.48041666,2.42016,0.40990984,4.3600006,0.22536254,0.49932292,0.010862966,0.84495986,0.77097803,1.8639762,0.13375081,0.6759548,0.16147114,0.7037626,0.48441914,1.5455744,0.26554665,2.5451756,0.15557882,2.3515508,0.02130526,0.012392044,0.011827418,0.19079338,1.0538667,2.042127,2.1180604,0.4931734,1.5381074,0.31632704,0.16831,0.020037886,0.53035134,0.116068505,1.9183635,1.1721219,0.83487904,1.1301488,0.695271,1.4353077,1.3299176,0.30656385,0.08183488,2.1086504,1.0310824,0.91544497,0.38204217,2.534784,3.0160928,0.23505995,0.70889765,0.5389556,0.050228152,0.3900659,0.22179689,0.11562203,0.20118086,0.19140944,1.1281855,0.00069673086,0.23111837,2.2806325,0.12299688,1.5598991,0.15761031,0.5624456,0.21107739,1.3828588,0.13214609,0.7339007,0.13205521,0.20239869,0.112353675,0.12216482,0.17787318,0.37378776,0.2990823,0.81988984,0.045399234,0.9145392,0.069895916,0.46175912,0.01759369,0.36485422,2.2750585,1.889532,0.018257266,0.58606327,0.0,0.65712565,0.0,4.482603,0.754068,1.5077051,0.97057855,0.5402388,0.82473284,2.5606034,0.0,0.20278524,0.33036897,0.68301785,0.32548675,1.508153,0.430113,1.2324989,2.0444686,0.3574074,0.15027729,1.1185731,0.51318395,1.0741612,0.40505436,0.35480124,0.5798533,0.16742153,0.6108864,0.099325724,1.9731596,2.5125046,0.28938642,0.76000774,0.5649541,1.5133064,0.22240952,0.07752134,0.34780627,0.4208632,1.0659106,0.7835063,0.5213149,1.2751137,0.2773501,0.30932942,0.22830428,0.038753662,1.2897793,0.24270207,1.0158895,5.417854,0.18883707,0.5921059,0.7309933,1.3812782,0.10667303,0.25877088,0.7191981,7.033381,0.6081053,0.3025592,0.69076365,0.26700914,1.8424851,0.18120168,0.13285993,0.5508403,0.2598191,0.028573778,0.45725518,0.67612255,0.9710212,0.32267818,0.3378774,0.38791254,0.33788747,4.5075297,1.0668144,0.03341749,1.609969,0.99598974,0.6015456,1.4769045,0.1354802,0.4031745,0.77046317,0.8990901,1.7207049,1.896892,0.006863914,0.97015786,0.39683217,0.69675165,0.11130337,0.5665154,0.6799963,0.1589584,0.50835675,1.7042482,2.118744,0.5522392,0.38688156,0.6489264,0.5975185,1.5394549,0.0,7.305725e-05,0.40872106,1.1080726,0.5225082,0.26638162,0.12178407,0.77161187,0.7268677,0.26950914,1.0187211,0.33562094,2.0710783,0.8402509,0.013957692,2.0618663,0.9924586,0.006397916,0.32628444,0.0,1.6625981,0.010949533,0.67714566,0.46905035,1.0629748,2.5295508,1.5447166,1.9065318,1.1941489,2.8833365,1.1522794,1.8972697,0.06999984,0.2670167,0.60808,0.14206952,0.34355715,0.42852962,1.2333292,0.67583376,0.3024679,1.4085715,0.46206158,0.40009975,0.41835445,0.35931078,0.0,0.49235657,1.1733797,0.34505787,1.6778084,0.8650351,0.1388371,1.2713493,0.521489,0.180616,0.09496625,1.2943733,1.3359854,0.46333757,0.03335125,1.0490521,2.0446224,2.2407498,0.045678712,1.7435753,1.1961524,0.2382196,1.9339036,1.0911976,0.13247044,1.4662119,1.1593888,0.20948163,1.292575,0.0,3.6279252,1.4148657,0.52910334,0.18894845,2.006088,1.177705,0.1915591,0.4005239,0.07634746,0.24565984,0.95917296,4.339159,0.48470902,0.54523116,1.8697668,0.13767503,0.64799213,1.5075608,1.2586335,1.314728,1.7758185,1.3161083,0.29223567,0.4498145,0.7630654,0.6331923,0.56987673,0.18865356,0.3340499,0.93765235,0.68790686,1.2354225,0.33886787,0.40358672,0.9548929,1.294347,0.4135914,1.8298477,0.3830175,1.0689992,0.24241725,0.062678546,0.11860352,0.48164818,0.97860694,1.2404877,2.8103867,0.85296035,0.77215827,0.0034973645,0.40233153,0.83893406,0.04638593,0.3743134,1.2247658e-05,0.6012202,1.7924825,0.12827925,0.009323722,0.23406678,0.56326646,0.3924104,0.7071989,0.032450695,0.102802284,0.19293615,4.430687,1.0870159,0.95457894,0.3351902,0.7063856,0.0,3.212365,0.7581264,2.8193686,0.51035243,0.103245676,all_pothole_images\pothole_images_optimized_image_185.jpg
0.6950239,1.2510847,0.29050806,1.3481944,1.4514303,0.3325201,0.28150815,0.0880032,0.12558575,0.91284263,0.07053025,0.077738345,0.0890578,1.8102386,0.20575465,0.97055644,0.0,0.23785985,0.23485485,0.540982,0.5289304,1.2127517,1.2165804,2.0530262,1.5921103,0.9723662,0.3762636,2.2736216,0.90555155,0.48517329,1.0294336,0.5742568,0.82629704,0.7475538,1.1880399,0.16173972,1.5661799,1.1656363,0.06742981,0.15859263,0.6311805,0.30377907,0.38553265,1.9170498,0.39988574,0.33194527,0.03863023,0.0,0.10712741,0.11444127,0.66494447,0.17558455,0.8489878,0.5128431,0.23773858,0.7257083,3.3413925,0.0,0.5313319,0.1746675,0.687658,0.46526623,1.9112495,0.82440174,0.8244515,0.7788039,0.26857483,0.008734949,0.18765527,0.57508296,0.54382306,0.59136623,0.23399779,0.855882,0.61029136,2.01828,0.16137952,0.2980917,0.0032779027,0.22946946,0.08765257,1.5399857,0.02303738,1.7019936,0.17967708,1.6308749,0.26607093,0.023631742,3.2401478,0.12619686,0.29551187,0.25022903,0.042974208,0.6292545,0.17873879,0.04400783,0.3978657,0.36953107,0.038223334,1.460834,0.070216954,2.48356,0.15180841,0.0044445693,0.6584262,0.5814078,0.2149994,1.1060842,0.034792155,0.477293,0.46966505,0.85394704,1.3315814,0.44062337,0.852234,0.8790389,2.3320181,1.2728101,1.789282,1.33158,2.6745524,0.59733963,1.2331173,1.0511847,0.2808198,0.6655109,0.127145,1.8254908,1.4683346,0.46850133,1.3480812,0.024470497,0.8839446,0.27086046,0.08772686,2.3951907,0.7433934,0.82728463,1.611877,0.45617536,0.2870186,1.1894873,0.061094765,1.0355021,0.57487786,1.0761358,0.1620243,0.73492086,1.0749643,0.5570029,0.52798235,0.53644675,0.43885344,0.40734655,1.237677,0.9052169,0.93271303,0.5910361,0.42216757,0.40524563,3.3027017,0.4774475,0.1927303,3.657315,0.13235386,1.0463825,0.18743312,0.79048425,1.9919902,0.35767022,0.25532416,0.42194647,0.0017590261,1.0417534,0.16837412,0.110034496,1.7186064,0.18468432,0.046869073,0.0026442036,0.061123423,1.7860478,1.6958702,1.8878187,2.3115826,0.37890357,0.27952498,0.23928899,0.13186297,0.33349875,0.22515309,0.7540429,0.03171647,3.8371155,0.25339434,1.5709631,0.8942713,0.58275616,0.34354848,1.2217633,0.70822704,1.4362581,1.0659338,0.9027582,1.3860368,0.229421,0.60271573,0.22381887,0.8076371,0.11385203,0.5993041,0.2282594,0.5233682,0.7391214,1.9212322,1.4846948,0.84739965,0.3994371,2.5891712,0.1657354,0.40678713,0.029490853,0.025132544,0.24630362,0.13302776,0.69348145,2.4977574,1.0218446,1.5800415,0.20377673,0.203696,0.6070249,1.4555564,0.05876234,1.2959248,0.08643117,2.5637023,0.33358127,0.10892644,0.55773294,0.6071669,0.019229475,1.7016461,0.7521112,0.12623444,0.006330299,0.89564806,1.1771029,0.34414583,3.1714818,1.2669303,0.031072438,0.5251305,0.20496161,0.021178449,0.2809789,0.44690496,0.28467113,1.580207,2.5837603,0.10422905,1.0370574,0.5895338,0.9033959,0.69748384,1.2969536,0.2891122,0.08831569,1.24281,0.8283469,0.1654954,0.007908948,0.5111168,0.003168426,0.64186877,1.2501937,1.4958723,1.7020591,1.1122568,1.709424,0.042404056,0.68098575,0.537535,1.0991215,1.1383032,0.32168773,0.5262721,2.0521836,1.8528087,0.20802389,1.020699,0.3895219,0.08778129,0.82772934,0.13024034,0.2772366,0.039344613,0.37828833,0.33894145,0.45351118,0.9637451,0.5663246,0.24494031,0.0029137924,6.6424136,0.24630943,0.7891899,0.2745137,0.53410697,0.33481723,0.3188867,1.8264374,3.6196332,2.0376418,0.2655132,0.6532759,0.0036124762,0.87690926,1.4143174,0.6242582,0.4425033,0.28895745,0.015611844,0.55174804,0.9673356,0.28888068,1.4476761,0.8656568,0.00017308946,1.1229349,2.7270477,0.13597146,0.0038976823,0.5654907,0.31709287,0.66175264,1.0797094,0.8381315,0.1514656,0.00891057,0.1804958,1.2235104,2.5434508,0.0439718,0.22320871,0.0,0.67464936,0.32799163,0.6117805,0.7442141,0.015281814,0.6503146,0.30733144,0.23429407,0.14249612,0.26127604,0.09985667,2.582578,0.25744292,0.6609085,0.04371206,0.045753278,0.6115298,0.7605523,0.032846417,0.37075385,0.6411593,2.0388472,0.07488657,0.8737048,1.7222402,0.4936033,0.15954177,0.20746318,1.2705058,0.33994064,0.03457789,0.088295795,0.5770397,0.99340904,0.20037107,0.09198098,0.032854915,0.80494314,4.037207,2.128047,1.979676,0.25793734,0.011688322,0.76756084,0.5454499,1.2061878,0.37639365,0.2118198,0.2311731,0.06982271,1.3010037,0.75866866,0.6780609,0.19896233,3.130661,1.5470531,0.718367,1.0752614,0.066172406,0.358045,0.9322587,0.032467175,0.30211052,0.071066335,0.26010686,0.065933585,0.42617467,0.093482606,0.05027809,0.92792636,0.43909943,0.89489657,0.36538914,0.01987429,0.98847073,0.7070552,0.87711626,1.3979701,1.9173437,2.1242747,0.84528744,1.8519315,1.0780833,1.4715617,0.35076165,0.6231898,0.060445376,0.40191633,0.24128132,3.917495,1.7114164,0.83738256,0.15410987,0.950474,1.0283457,0.7989106,0.32296854,0.14680423,0.12380227,1.220421,1.0707964,0.7408544,0.31994987,0.1304767,0.43146303,0.67411155,0.43258667,0.3161965,0.4526448,0.27972952,0.77002394,0.49340075,0.25972492,1.3131499,1.3284588,0.102956615,1.0995942,0.12079262,0.4069374,0.12854664,0.2201689,0.17823131,1.8342693,1.9244181,0.58914346,0.56108856,0.68994075,0.9902741,0.7386022,0.12536286,0.82794803,1.6610581,1.125902,0.0,0.33646852,4.2057514,1.2381767,0.7946672,0.0,0.68586767,1.0482024,0.46065712,1.0059596,0.1318615,0.0933892,0.75727296,0.0,0.20779482,0.20726554,0.042977147,0.38454518,0.00579396,0.26758054,0.2273247,0.96712583,5.134028,1.8856771,0.9487015,0.6174366,0.2668794,0.105241634,0.6976458,0.24294537,0.74533015,0.3722841,0.25030002,all_pothole_images\pothole_images_optimized_image_186.jpg
0.62373286,0.52519417,0.95187384,2.0732267,0.32469526,0.44225287,0.52338845,0.20582354,0.5733563,0.6022898,0.1255895,0.39929625,0.08273965,2.7544415,0.7816102,1.2024095,0.028908018,0.4919486,1.4265718,1.8375684,1.7328808,2.8736866,0.33406675,0.010753314,1.4021945,0.8242385,0.48747742,0.23338847,0.65798426,0.42326862,0.18778327,0.52916956,1.1025159,0.3806429,0.3724414,0.31640387,0.057683434,0.5557708,0.20258518,0.7324649,0.7254668,0.23025563,2.3332188,2.5411825,1.1904896,0.52033335,0.10258732,0.0,0.14111753,1.2139693,0.24369778,0.007491093,0.14764082,1.0896266,0.1814806,0.0607929,2.1605105,0.11702523,0.8715202,1.2388141,1.1976017,0.41881624,0.014092346,0.10469783,0.95950097,0.65742415,0.17434901,0.28623185,0.5401852,0.14219582,0.31058165,0.18258172,0.30539164,0.5614125,1.8384877,0.94919187,0.8920579,1.1114926,0.8090679,0.10968671,1.5442069,0.23198524,0.39091885,0.723391,0.46787828,0.27958578,0.059657272,0.25868547,1.6562816,0.23609538,0.0,0.71005106,0.03310695,0.42587397,1.6170676,0.44142774,1.5067587,0.6332632,0.45285696,1.3358482,0.072161876,1.9638833,0.6793346,0.38665465,0.7104986,0.0028304171,0.06644096,0.6245186,0.01279788,0.20682548,0.18912654,4.3127356,0.6624719,0.07393711,1.6710333,0.039431505,1.2335808,0.14239924,4.507577,1.2380114,0.97386056,1.2910863,0.12749767,1.0789167,0.9267549,0.89901316,0.8947735,0.177748,1.759164,0.23803768,0.6041564,0.18525065,0.22061612,0.1791801,0.15090527,0.4107547,0.039645378,0.3768312,0.20094836,0.95906454,0.14611985,0.68477273,1.8423024,1.6336184,0.011017889,0.10114043,0.7334979,0.3090419,0.59813976,0.16011976,0.51781636,0.5169909,0.003347733,0.2701386,1.8206167,0.064535655,0.4059849,0.09257311,0.4745117,1.0155088,0.89064306,0.2109405,0.17092511,4.1912494,0.6712705,3.4690943,0.7377112,0.37490845,2.9594574,0.33139253,0.11754103,0.36391887,0.13673535,0.11734201,0.7216099,0.5092528,0.8045976,0.24801783,1.0203137,0.69434726,0.16697884,2.3442087,1.4083726,1.2870836,1.8093996,0.025022168,0.1324077,2.269408,0.23907341,1.3442907,0.44234714,0.2748358,0.43968457,3.2682908,0.86876553,0.96501094,1.6887133,1.8175864,0.9268707,0.16152416,0.14036398,0.98687243,1.8574796,0.62238854,0.6352076,0.34362736,0.3074733,1.4781138,0.73085636,0.5080702,0.0,0.05891516,0.3081323,3.4223084,1.0572561,3.221349,0.023133786,0.38860235,1.4511302,1.5227265,0.25593594,0.23775336,0.9677752,2.8081882,0.22774793,1.3187877,2.0951624,0.18879195,0.83244663,0.27285796,0.65649617,0.409373,0.20939769,0.0028260574,0.702974,0.17912358,1.1668881,0.01660337,0.04143703,0.657205,0.48370835,0.35771322,0.4559689,0.5701089,0.48375693,0.6785286,0.6890592,0.4907004,0.6728561,3.3669932,3.687433,0.9996379,0.4778108,0.11907591,0.003825754,2.309656,1.6069133,0.2795676,1.6616485,2.696132,0.5012725,0.16519694,1.4015927,0.7813578,0.089161284,1.7470348,0.064967155,1.0159324,0.543973,0.6351354,0.23117256,0.51622456,0.13810094,0.0,1.2237612,0.29024965,1.1729237,0.4363439,0.6517406,0.22051553,0.59705555,1.5426966,0.018836096,0.5510554,1.1331106,0.07190164,0.56841815,0.87337095,0.58821476,0.4160136,0.61908317,1.2237598,0.7805128,0.07261502,0.34495178,0.4306333,0.6633016,1.3509381,0.28518718,0.50062793,0.5072257,0.41744694,1.0573786,0.7383734,3.9181392,0.7580762,0.21416476,0.93162954,0.11717896,0.64853346,1.0530171,1.3865565,1.634793,0.8900122,0.4077866,1.9483664,0.16455536,1.216556,2.2956502,0.2724617,0.67500055,0.95447123,0.43765616,0.6452181,1.4140329,0.1821707,0.3180035,0.05733772,0.26718792,0.24875852,0.67581224,1.0445012,0.19318861,0.091623336,0.08242932,1.5218254,1.4815543,3.0009117,0.6397269,0.44298238,0.4119613,1.4010425,1.7479768,1.1012428,1.4871624,0.5738662,0.66252804,0.17063193,0.54912806,0.85170656,2.3204718,0.055460587,4.0326314,0.5122393,0.116746396,1.3189427,0.11640633,1.469177,1.2949605,0.46402282,0.11950749,0.1699498,0.67799157,0.83275694,0.22750886,0.38059568,1.8813106,0.083879575,0.5652991,0.06011282,0.97228545,0.18536651,0.40535903,0.35919023,0.25350028,0.105006896,0.70829505,1.2699288,0.3540759,0.4436559,0.57704794,1.1534318,0.56673056,1.6013529,1.6822587,1.9728669,2.4776218,0.012239679,1.0003439,0.91118747,0.8287445,1.8823789,0.07181618,0.74734443,0.11612075,0.30614117,2.961131,0.0,0.57627434,0.12867187,2.1814868,0.29511496,0.14942648,1.4409777,0.6177779,0.22372083,0.25909773,1.3813772,0.5278839,0.24296036,1.1866803,1.2052248,0.11482797,0.5756393,0.12139203,0.10874457,1.1786349,0.32698393,0.44455543,0.7982788,1.5809973,0.37047133,1.7852705,1.6130562,1.9638765,0.040320385,0.018466925,1.7122157,2.8165028,0.1387916,0.36485773,1.5518413,0.5599592,0.94456357,1.6340754,1.9520661,0.4464091,1.459744,0.1199573,0.8601993,0.4609244,0.5414842,0.15351118,0.3561937,1.5191846,0.0,1.6332997,0.621027,0.26369593,0.7759613,0.42819843,1.0555875,0.2587976,0.6121574,1.9666595,0.49819812,2.3846085,0.67170817,3.2212696,2.115647,1.1160754,0.44638526,0.3593045,0.1383248,1.8648015,1.6962516,0.052694086,0.079438254,0.10085454,1.7737855,1.0227724,0.25985718,0.13535635,0.011601506,0.46702087,0.6489457,2.0269175,1.9447578,0.49977988,0.06357616,1.2759649,1.8747758,1.9216056,0.31765956,0.012314431,1.0243436,2.507116,0.99625176,0.9328387,0.06879299,0.0270968,0.83874494,0.21863212,0.507226,0.12583417,0.2070434,0.72752583,0.5038052,0.5590843,0.37817687,0.7670431,5.098946,0.84039414,0.4743279,0.22499688,0.6645371,0.043341797,0.24049646,0.10116617,0.7348069,1.097067,0.4301262,all_pothole_images\pothole_images_optimized_image_187.jpg
0.33397573,1.1509275,0.46709162,1.38024,1.6784344,0.24439418,0.4608209,0.09414393,0.07552107,0.6708094,0.19959971,0.23823547,0.1560392,1.7052569,0.23095551,0.89094263,0.0063849883,0.26209176,0.5025269,0.4865746,0.7841772,1.7352839,1.3842072,2.11941,1.6593933,0.6991079,0.7402169,2.3586972,0.8743552,0.44399917,0.96087533,0.40615454,1.0325354,0.76642054,0.6957013,0.20328575,1.2118365,1.2047918,0.039895162,0.1990115,0.610015,0.29439288,0.55715215,2.6609845,0.33949232,0.5715703,0.1285716,0.023230882,0.17021294,0.09846869,0.7331717,0.2431932,1.0621874,0.40685132,0.12058898,0.36869556,3.6881003,0.00017562386,0.64092326,0.1993789,1.0432909,0.53872496,1.9867144,0.28791487,0.8199641,1.0395529,0.34315646,0.05673809,0.048771974,0.4436032,0.48128167,0.49694207,0.20937939,0.9209587,0.62029326,2.1335845,0.10377235,0.4647068,0.023988381,0.18551096,0.24279323,0.8320583,0.038724367,1.9212347,0.38589925,1.5332115,0.2699408,0.01624039,4.1508603,0.082996376,0.2501155,0.1016767,0.054923687,0.5338549,0.22832535,0.024900727,0.56475496,0.44375056,0.049192857,1.3507181,0.07797682,2.3253043,0.24492057,0.019145988,0.63337183,0.50732,0.23929346,0.6198854,0.05609635,0.37511855,0.37487322,1.2905357,1.1735158,0.19264644,0.912884,1.233198,2.4440114,1.3518194,1.9120015,1.3283026,2.7676346,0.59826225,1.4134588,1.0355371,0.6192457,0.77449036,0.0050195535,1.4470388,2.1669261,0.55399656,1.3080955,0.051961135,0.8754241,0.35557178,0.026302435,1.7804545,0.45786658,0.8143519,1.4875805,0.52010226,0.43753147,1.3656776,0.011533055,1.0130625,0.688414,1.1501403,0.22976026,0.7743857,1.36052,0.6052874,0.40165892,0.45094135,0.30750594,0.19166927,1.0773503,1.122889,0.67588425,0.835375,0.37059876,0.71186423,3.7396648,0.6343423,0.21109512,3.7253482,0.055426233,1.2442675,0.15148255,0.8283649,2.1371496,0.22112039,0.29614326,0.6377042,0.15538344,1.1198049,0.32241055,0.077570386,1.8830404,0.2131759,0.042511113,0.0,0.6051372,2.2056205,2.061882,2.1427016,2.5908995,0.41259283,0.61579746,0.47039807,0.17906119,0.15297234,0.2625441,1.0457451,0.037614156,4.523846,0.10456807,1.8676997,1.183809,0.67716306,0.6411551,0.7134815,0.38315216,1.4778739,1.3812642,0.99078757,1.2456341,0.36198455,0.4602457,0.25800622,0.42881116,0.1894757,0.68724555,0.30471116,0.31043974,0.4940599,1.6343608,1.4295878,0.7408178,0.26917097,2.8575678,0.17240906,0.6329661,0.0,0.29109776,0.24968386,0.2795149,0.4103554,2.6276717,0.8878281,1.3166652,0.12557888,0.16531095,0.4940747,1.3985692,0.06400966,1.2508358,0.34957588,2.703473,0.3290617,0.06194208,0.33293787,0.22760423,0.030851534,1.6295304,0.6705613,0.04350831,0.02541887,0.77223283,0.52518743,0.60872084,3.358006,1.2075052,0.016870249,0.77139187,0.30487943,0.15691775,0.22918689,0.29489088,0.34959543,1.3040617,2.474504,0.19737631,0.64607465,0.7187637,0.86861026,0.63436264,1.106486,0.6036028,0.26256287,0.8391286,1.0705621,0.20421048,0.038709432,0.71576524,0.0075522223,0.5189936,1.0328809,1.4807957,1.75807,0.9646061,1.5695202,0.03675689,0.43695503,0.4644413,0.95356554,0.69873196,0.4813066,0.6328364,1.5571493,1.9702655,0.26148993,1.0126132,0.5257719,0.33276975,0.68735564,0.20430467,0.08461136,0.16335261,0.3514852,0.27921274,0.33957583,0.6788875,0.85205054,0.37198538,0.03434312,6.9503603,0.08508938,0.7515802,0.2967624,0.43968403,0.18463504,0.4908894,2.0526915,3.8326645,1.3689684,0.0,0.47226238,0.0,0.77587014,1.5729082,0.77299714,0.18122174,0.9264023,0.00395665,0.445726,0.8766338,0.37944388,1.3538076,0.78895676,0.022777397,1.0768719,2.6989515,0.020122608,0.07251393,0.8241524,0.279368,0.6245682,1.2717103,0.8442823,0.057337556,0.13460234,0.42973372,1.3958908,2.1050265,0.032154344,0.5229127,0.0,0.24077657,0.37043926,0.80773145,0.82448745,0.112446696,0.57541144,0.41326472,0.1741511,0.13207878,0.16187622,0.020611782,1.3950462,0.22301565,0.9215885,0.011892091,0.053209383,0.45477948,1.0170131,0.0,0.44722962,1.0439918,2.1810234,0.013093869,0.70798147,1.9245971,0.43786207,0.13346078,0.2669941,1.4523022,0.21419801,0.044487797,0.17196989,0.76340574,1.358653,0.2844898,0.02339266,0.10895265,0.96670187,4.2511263,2.0543559,1.3152096,0.0794559,0.027701635,0.88658607,0.5487647,1.4136109,0.4185049,0.22244963,0.28195924,0.08604684,1.7439376,0.31176198,0.6629075,0.04705639,3.408348,1.2678741,0.92430145,1.5788839,0.0,0.3732987,0.7851447,0.04597777,0.47386366,0.049309608,0.52960217,0.22804828,0.3873324,0.11961972,0.0031671366,1.1213295,0.7166929,1.1565236,0.19639994,0.0,1.3996379,1.2247185,0.97274154,1.7297151,2.0931356,1.999197,0.9873744,1.9570014,0.36498198,1.0892911,0.49506804,0.32638538,0.42061043,0.5189112,0.2639743,4.533275,0.99394256,0.90542156,0.07167086,0.97070503,1.2613477,1.0504414,0.20282961,0.30220348,0.03496413,0.87323105,1.1899211,0.6953676,0.28799254,0.18089466,0.48455164,0.7881527,0.3657664,0.45737386,0.74924785,0.2786533,1.0867589,0.6135452,0.3239876,1.0515407,1.0190206,0.33053353,1.2633629,0.20819895,0.29178986,0.08319287,0.60314107,0.15038754,2.3416824,1.1620313,0.35169375,0.9146383,0.52061653,0.60516787,0.82918036,0.28574446,0.7273665,1.4091644,1.214034,0.0,0.403527,4.6962266,0.78754705,1.0022008,0.0,0.87255985,1.3900564,0.67835563,1.0628245,0.13713813,0.079641104,0.83427477,0.012578666,0.30378813,0.07856969,0.045832615,0.37269777,0.012039788,0.4480292,0.09962887,1.0808867,4.5896106,1.6443418,1.3900161,0.37787566,0.20561123,0.12167252,0.7264596,0.23134372,0.69452524,0.5468343,0.43324053,all_pothole_images\pothole_images_optimized_image_188.jpg
0.30968696,1.2008455,0.06172362,2.8082469,1.4876169,0.06300939,1.0045109,0.4029226,0.14660914,0.29552984,0.15648885,0.8363671,0.7651999,1.6651591,0.009919342,0.20781243,0.62960565,2.1520538,0.2597083,0.9814037,0.044893537,0.12177925,0.44594452,0.46055633,1.0284249,0.16284113,0.3268704,0.8732573,0.0023306902,1.121057,0.12357426,0.061296646,0.13768266,0.77261454,0.79421955,0.10253879,0.31785014,0.17831104,0.0047634467,0.044240545,0.05192159,0.01379906,0.49318492,1.6655403,0.07425146,0.30452296,0.17544138,0.14084685,0.26065668,0.59052455,0.06347616,0.08932928,0.12556495,0.15398571,0.74809873,1.0072924,0.50842434,0.5931526,1.1526663,0.109044634,0.114058055,0.064905934,0.46471754,0.2755633,1.091681,1.2435851,2.50199,0.541882,0.032281958,0.8264159,0.35063112,0.03085402,0.904722,0.027355077,0.37385088,0.0,0.024858017,0.061273146,0.27931944,0.081581436,0.10382215,1.0292395,0.08894521,0.41768736,0.36382776,0.041636825,0.21616927,0.051297497,0.45768017,0.51550525,1.0677232,0.01903024,1.6831615,0.33318672,0.98811823,0.4256102,0.0,1.4735255,0.15161885,0.013533502,0.4125503,0.9270014,0.8284238,0.78616863,1.559895,0.95671195,0.021409063,0.084483914,0.10774733,0.24163572,0.24105425,0.035576764,0.5188249,0.7271668,0.56233305,0.08648294,0.09618985,0.7180803,1.9744079,0.7313526,0.80753326,0.26457396,0.5662352,1.5225466,0.52228326,1.1710598,0.09985845,0.7286764,1.0873913,0.47148678,0.5298497,0.13085306,0.032245234,0.25208405,0.31738132,3.1448786,0.6994515,0.07758881,0.08155283,0.03116378,0.8604383,0.08592768,1.1037847,0.27371937,0.46244997,0.40443435,0.039416328,0.9142549,0.12076744,0.4925148,0.43558216,0.5098283,0.015896682,0.58993804,0.39621636,1.123147,0.6657612,0.52962786,0.96790075,0.57483715,1.3460209,1.617416,0.0223382,0.3307119,0.8931473,0.0,1.3674058,0.14542577,0.96939933,2.538809,0.2948829,0.14365618,0.035920147,0.7238441,0.20070167,1.9930743,0.57860726,0.16156885,0.34106296,0.28701165,0.24874623,1.8962649,0.453404,0.97554857,0.09303654,0.95800006,0.17253315,0.32410458,0.19132906,0.27914262,0.16292322,0.5618283,0.7081587,1.1483169,0.57825017,0.7884707,0.9680648,0.9423246,0.09549796,1.4821889,0.04260056,0.21892269,0.12807745,0.23387897,0.6597829,0.5893391,0.41294372,0.8032024,2.1882942,1.3826007,0.047749937,0.19430563,0.8460469,0.51777464,0.7543732,0.78361213,1.3464642,0.9081691,0.8766241,0.36677766,0.11203255,0.73216295,0.6766094,0.7448504,0.070010036,0.020002661,0.83999646,0.47114494,2.007294,0.19312862,0.015036229,0.1701722,0.9146262,0.25874847,0.9526923,0.02283792,0.36420313,0.5751837,0.814027,0.45107797,0.010701072,0.11879279,0.21919663,0.39231378,0.12819597,0.010018478,0.85350645,0.12484859,1.7500281,2.733777,2.4370675,0.15257463,0.0,1.4381169,0.17372018,0.19566277,0.07884898,1.2413642,0.3322359,2.748467,0.6728066,0.5267481,0.44200656,0.3179561,0.05233961,0.6526469,0.56744486,0.5016597,4.583798,0.36519793,0.75669414,0.2884465,0.12965116,0.0,0.00834501,1.3971299,0.15027311,0.30787066,0.11531151,0.38784143,1.416907,0.29398757,0.17476158,0.48647714,0.57595366,1.515002,1.0777262,0.0,0.8549296,0.8092271,0.0055564023,0.04947272,0.30229297,1.164293,0.17929153,0.6790016,0.50911,0.8615613,0.026560517,3.1164958,0.43106973,0.02947961,0.0022929087,0.014250882,3.2893062,0.0019722164,0.28684127,0.007169027,0.6286102,0.0064537213,0.75614876,1.5058893,1.9001644,0.6973499,1.1868455,0.5623772,0.513005,1.1621238,4.4314823,0.09576181,1.0733767,0.0044671497,0.16821048,0.053235237,0.015543423,0.16996469,0.082211815,0.25617668,0.35628062,0.2357993,1.0072857,0.010838304,0.8900889,1.828351,0.0014168958,0.0,1.8671058,0.7660394,1.3833655,0.14937411,0.8252264,0.12886342,1.7732154,1.2377468,0.806554,0.193625,0.029664889,1.7246971,0.3085596,0.033270985,0.030607987,0.29017153,0.060368158,0.53332204,0.22800611,0.25364453,0.008877442,0.87974596,0.06585357,0.27316743,0.87012744,1.1192994,0.58175933,0.7439858,0.026028423,0.031094203,0.5019384,0.0,0.51498693,1.0799114,0.7907548,2.4017944,0.91204405,0.015259735,0.35877153,0.9709017,0.17655204,0.0016650492,0.64437705,1.3779113,1.3314768,0.25697926,0.3840557,0.37763736,0.56674945,1.4232209,0.26101792,0.003473955,0.14975066,0.117056794,0.0,0.75211906,0.19266061,0.6351263,0.17713688,1.2014042,0.34854662,0.9190333,0.68777794,0.007053618,0.06633167,0.2707085,0.16630252,0.068060346,0.7520906,0.0011485915,0.43663943,0.124415316,0.3433524,0.68430716,0.4965091,0.4010075,0.1840923,0.27211034,0.50334275,0.29174975,0.5691855,0.1176729,1.8016002,0.012718278,0.33196974,2.0219195,0.1500709,1.8285899,0.43125993,2.250532,2.701403,0.21363357,0.7425819,0.8249836,0.42697594,0.45420137,0.59236586,0.13381957,0.37402967,0.032093905,0.032334317,1.4512345,0.22050495,0.31648156,0.23261797,0.30808714,0.20425838,0.008495454,0.13789053,0.015792608,0.20634024,0.29953888,0.68689114,0.9522034,4.082324,0.6110531,1.2248126,0.2182216,0.034848515,0.08070702,0.0,0.016426867,0.0,0.35036638,2.8113587,0.34663013,0.43036988,0.1552631,0.19883533,0.26329553,0.008094758,0.030363657,0.088082895,0.8013876,0.80120474,1.915938,0.017816955,0.67962086,0.67501205,0.0,0.31141564,0.62681615,0.6082963,0.19662343,0.3417871,0.079274714,0.15244277,1.7444524,0.031556763,0.14388654,0.042547945,0.1083742,2.5809448,0.081826724,0.0539897,0.6325167,0.5149783,0.0,1.0674506,0.20287775,0.017752012,0.0,0.068647094,0.105150685,0.5878053,2.1799335,0.6645651,0.07359659,0.55091727,1.3698516,1.8874837,0.2349925,0.1866567,0.89998627,0.013701018,0.3006775,all_pothole_images\pothole_images_optimized_image_189.jpg
0.52071047,1.4215261,0.65225995,1.872774,0.32672253,1.3026125,1.6185658,0.63471764,0.41138944,0.32322448,1.0261779,0.9444588,0.2778525,2.1244383,0.049021497,1.6751338,0.20628433,0.30760077,1.3896002,0.5771804,0.15797064,0.958441,2.600472,1.8055472,0.908533,1.0187457,1.5148,1.8342509,0.58042675,0.04404477,0.7819027,0.1323511,0.4171325,1.0822394,0.9844654,0.029700777,0.3778853,0.29550928,0.6291368,1.6663444,0.0,0.26472026,0.3965243,0.92935145,1.5361732,0.60608405,0.0038063154,0.1798808,1.4171823,0.2928796,0.07254449,0.446195,0.2733153,0.2523162,0.25700986,1.5128688,2.2043486,0.92580134,0.2613039,0.67282075,0.036162026,0.9132591,2.0628273,1.3699173,1.803591,0.49620178,1.243104,0.6933703,0.7335999,0.50503194,2.9996917,1.1332607,1.4943713,0.10077325,0.769585,1.3414859,0.61856496,0.26843473,0.11332262,1.1571468,0.0900644,1.7207283,0.33954886,1.6440499,1.1542139,0.4259865,1.4118954,0.933736,1.3257123,2.49269,0.104972936,3.056643,0.3610039,1.1911738,0.15426311,0.5470368,0.2880982,1.142183,1.8413438,0.88192576,0.2031155,1.488429,0.5638143,0.702008,1.2489976,0.46737632,2.611319,0.45495364,0.34069085,0.5935468,0.11247676,0.5016519,0.50857145,1.4873247,0.35503608,0.4716632,0.19410676,1.4201407,1.1965833,0.29580513,1.8597428,1.4312233,0.30003017,0.70792276,2.4722738,3.1010997,0.018287566,0.19430017,0.48171353,0.41634533,0.59412575,0.4758437,0.7882206,2.4106014,0.17291853,0.11807134,1.1045711,2.3912377,0.5458693,0.5301791,0.43664467,1.6943088,0.1131822,1.426226,0.38130912,1.4198309,0.49927363,0.28564408,1.1206942,0.26676133,0.039437022,0.80282235,0.6160344,0.32029197,1.1730744,0.6584298,1.5680302,0.5835761,0.3086083,0.17407401,2.1778226,1.0358261,1.0918155,4.6829047,5.3972435,0.07309093,2.792742,0.27739856,1.3867916,0.93446475,0.79793626,0.35900134,1.5014755,0.54946506,1.9874122,0.25774333,0.22968046,1.1932008,0.13596568,0.21765703,1.1208014,1.3709104,0.91774505,0.53494805,0.5327823,0.6725856,2.1644068,0.5024902,0.5551741,0.9203888,0.17372057,3.1729338,0.1558456,1.4583124,0.21974485,0.82973087,0.09675285,0.52148,0.017975112,0.6094998,1.2630578,0.76033044,0.19510563,0.0985407,0.5514778,0.19236273,0.44470528,0.009771846,2.1879656,0.9946391,0.72412527,1.4165919,0.44181564,0.18099779,0.9040065,0.66514087,1.1858166,0.20350674,0.31531745,0.14232269,1.4114025,0.37970752,2.0277963,0.019898273,0.8510138,1.7047747,0.6464718,1.1092356,1.9616127,0.7806041,0.617808,0.2675974,0.56220376,0.8005023,0.011176955,2.9069026,1.1051465,0.9776767,0.19856106,0.8459385,0.9997646,1.1690142,0.83770853,0.46151415,0.30922788,0.6383355,0.21490519,0.030747145,1.1449379,2.7486148,0.8696409,0.04400597,0.52189285,0.46847954,0.21576251,0.08278753,0.7908221,1.0799906,0.43303707,1.1670674,1.0390495,0.18239918,0.6804749,0.50160635,0.42037988,0.45700428,0.3438818,1.1319237,1.0866356,0.09918449,0.24567032,0.023717184,0.9444306,0.66339594,0.77658296,0.70479786,2.0329955,2.796914,0.24229808,0.11590932,0.31551787,1.7692182,0.5574601,1.7194902,1.6002524,1.5026995,1.0032598,0.58465654,1.066813,0.7577232,0.41927648,1.1237457,0.2830373,2.2839918,1.3348881,0.31226575,0.7377234,1.4393072,0.71002424,0.607927,0.5280185,0.35844284,0.061143514,0.16022499,4.138353,0.3684623,0.6408742,0.05151628,1.1427411,1.5550151,0.11847389,0.8736899,2.400211,0.5487808,0.3817074,0.67335767,0.16125144,1.0467027,0.5053026,0.080853745,0.98002636,0.36246035,0.8362512,0.65413433,1.169738,0.7825663,0.7660831,0.74061394,1.2248685,0.88811517,1.8267603,0.58648133,0.20577456,0.0144987805,0.43956724,0.17293435,0.42348588,0.33578327,2.4263713,0.058140744,0.33599922,1.8775604,0.6328089,0.27336073,0.86902905,0.0036358102,0.85457724,0.43535912,0.032861978,0.30619282,0.16864428,1.2377582,0.22559701,1.947153,0.609479,0.056058474,1.4073523,0.26749477,1.5075848,0.06984651,0.3642406,5.907886,0.2755287,0.011331157,0.17303921,0.12515108,1.3739514,0.68966293,0.62542045,1.9350795,0.48755527,1.234451,0.12972158,1.5841554,0.32660732,0.2862596,0.20879155,0.20429455,1.4402752,1.2644012,0.97871274,0.33494112,0.6639575,0.66692966,0.49047998,0.5121059,1.6887336,1.0196209,1.4747535,1.6630688,0.519967,0.2769803,0.43760452,0.17435405,0.13341235,0.86554223,1.7102455,0.26134217,0.11684079,0.060514707,1.0554181,3.1075642,0.5868921,1.8237002,0.071014814,0.16876718,0.07861547,2.5604043,0.4024899,1.1889536,0.48614997,0.7257287,0.054445617,0.3774133,0.5316116,1.2710228,0.5921848,1.14658,0.84142673,1.0990677,1.5488745,0.39467043,2.1059625,2.2262902,2.9767103,0.58941174,1.3819919,0.31608555,0.53858143,1.2990344,4.4730034,0.3365822,1.221118,1.0841469,0.1596485,1.917472,1.2772758,0.4624705,0.11891893,0.75765663,1.0092218,0.5597697,0.013517384,0.13890481,0.0044669723,0.2487778,0.5149285,1.4030437,0.5762708,2.701525,1.4581352,0.17371893,0.5500962,0.43668506,1.4454788,1.1439931,1.9064521,0.06081586,0.95609444,0.19725776,0.3707155,0.66005176,0.08248151,0.79282403,0.7966249,0.10572749,1.0393301,0.30028158,0.5700347,1.2306587,3.008485,0.520995,3.4908254,0.06810485,0.49060023,0.7545319,1.1321162,0.66322017,0.103769034,0.1740126,0.44808605,2.0049906,0.380274,0.29692018,0.10900217,2.1731753,0.4375675,1.451117,0.55203587,0.23932052,1.6295713,0.80213827,0.1082077,0.045540556,0.08676758,0.2069815,0.08226258,0.11232333,1.3815414,1.4372779,0.12410545,1.1280259,0.7081773,0.062597476,1.4721583,0.3892989,0.16070284,1.9551857,0.098261714,0.50110805,2.1647446,0.40022784,all_pothole_images\pothole_images_optimized_image_19.jpg
0.7495162,1.6835741,0.22756673,0.69517934,0.44543207,0.2832424,0.3840064,1.0032365,0.08210726,0.5542262,0.22953531,0.44174907,0.34687415,2.6582549,0.029726777,0.0,0.11377179,0.8558614,1.5485207,0.4661201,0.06436093,3.4931989,0.004222389,0.4870554,0.52939355,1.1583111,1.707267,2.3955505,0.2293348,0.4471724,0.5162034,0.072167255,0.95001686,0.06659553,0.42999393,0.9634875,1.6210482,1.2865974,0.3241598,1.0512716,0.64989036,0.9531563,0.6162776,2.4310617,0.614359,0.25931537,0.45164162,0.0334882,0.45028818,0.74811363,0.3119662,0.34830645,0.07824936,0.08744609,0.043664224,1.0426098,1.7400733,0.38586515,0.87745386,0.956904,1.0328765,0.91450864,1.5033804,0.53172475,1.003955,2.1229737,1.2354858,0.13594691,0.9456803,0.4619058,1.1036887,0.36260784,0.0018904007,0.36441872,0.28464895,0.8636926,0.34362015,0.3811341,1.131369,1.557843,0.8746431,0.07071675,0.51127344,2.0667183,0.26789716,0.49474257,0.42480367,0.0,1.851645,0.47811344,0.63156444,1.4342315,0.24250656,0.57135934,0.12003959,0.041212387,0.4730577,0.6607171,1.5204157,0.44499767,0.80613774,1.152656,0.4170796,2.0105686,1.1451691,0.70877343,0.58106357,0.11231169,0.44682455,0.59050566,0.0,1.8212897,0.5434275,0.0,0.92501473,0.3168188,1.5290815,1.2032175,0.4772339,0.28490132,2.3700988,0.34035134,0.17991059,1.0173401,0.30959868,0.21320921,0.88632566,0.70268965,1.2646036,0.25867084,1.1628482,0.7251002,0.42408735,1.0801859,0.0,0.8561236,0.14558125,0.5418615,0.63409865,0.49454793,0.82074785,0.55849874,0.69429445,0.5350857,0.07439367,0.32664457,1.2984705,0.17206243,0.54806715,0.4959219,0.011468227,0.13039912,0.4070465,0.46479067,2.4091022,0.4476217,0.59925735,0.7769618,0.49126276,0.48510996,0.46590936,0.07090603,0.6413484,4.1436667,1.9187353,0.3309653,2.852248,0.17608331,0.45268986,0.021822192,0.5254877,0.16711362,0.21667705,0.17829385,1.5091003,0.07191402,0.14287195,0.5963569,0.44585127,0.046897225,0.7399797,2.1933658,1.7127349,0.811302,0.022456465,0.77695215,2.1699753,0.48464927,0.4669079,1.2855209,1.2862209,0.1343983,0.31677753,1.9809728,0.26991698,0.25626227,0.261778,1.3708626,0.15683074,0.040118992,0.2963647,0.6932907,1.9642599,0.77557075,0.6191644,0.55777305,0.23548959,0.2174082,0.11868472,1.2030145,0.18468249,0.72046006,0.6697225,1.1368768,1.1425114,0.35562164,1.1580231,0.28373,0.5854833,1.1326755,1.5840088,1.4157661,1.0002779,0.6588742,0.78187287,0.2339061,1.1834086,0.008238905,0.52063864,0.08381934,0.9393649,1.3379887,0.15392952,0.4675768,0.57110924,0.0038369268,0.92393345,0.42384624,0.042496283,0.60437566,0.32479468,1.2116969,0.0024147793,0.11834355,0.092087954,0.3931281,0.47293553,0.16792464,1.0482408,2.6688929,3.1543777,0.13912122,1.0824218,0.23137882,0.6890488,0.9465615,0.94961756,0.80598605,0.84834,1.6027904,0.33167356,0.021041544,0.7921745,1.2927579,0.45829943,0.46787634,0.039600324,0.13486439,0.622585,0.21920608,2.9043398,0.09769498,0.14551662,0.30737406,0.39634684,0.09474004,0.63664085,0.34859517,0.15891401,0.24226572,1.2802014,0.8038727,0.03984631,1.7835704,0.9164153,0.6688017,0.52924865,0.49296188,1.5247204,0.5923846,0.6615473,0.497432,0.7454928,0.6548104,0.67315215,0.3021955,0.8008496,1.8724813,0.53343743,0.4471142,0.008491993,2.0582914,0.043987706,1.7353003,2.5520525,0.8175335,0.060221124,1.4936844,0.21750107,0.18132603,1.1756544,0.83371484,2.1930192,0.12740792,0.33249286,0.72645015,1.0905448,0.0188287,0.8384932,0.98533046,0.4351548,0.9761899,0.3606822,0.37476847,0.36275113,0.8482183,0.66312206,0.32958186,1.0882562,1.0920197,1.4233959,0.45457637,0.40240243,0.89893275,0.33533987,0.52617085,0.21897195,0.48752937,0.09838769,0.56695634,0.822607,1.6542965,0.26969582,0.011405746,0.29170114,0.000994117,0.23164222,0.17518026,0.06920247,0.64470595,0.68433464,0.18010758,1.1074448,0.8454405,0.6966261,0.3260355,1.3004291,1.0750062,0.07753806,0.35528716,0.269053,1.4447999,0.08871198,0.8077431,0.0,0.2635342,2.5661268,1.0021629,0.22656555,0.7450354,2.359266,0.57749546,0.7862387,0.06951355,0.7451294,0.59775716,0.40817484,0.3116921,0.0,0.75438774,0.7807933,0.26233,1.5222267,1.298899,2.3606615,0.9837368,1.075297,0.44328704,1.1328837,2.0170252,0.9408815,1.1073272,0.050627917,1.9004136,0.16457345,0.0,1.3345301,0.76589864,0.21434696,0.14554638,3.7629724,0.3555283,0.83570236,1.4282162,0.72034925,0.8002559,0.9369921,1.7463348,0.07050035,0.5810879,0.77283645,1.1458007,1.0790725,0.6973488,0.614334,0.4144939,0.2907967,1.7681525,0.6657726,0.13220668,1.4973141,0.80035436,1.5225194,2.5329182,1.9265012,0.02155505,0.9835414,0.034736082,0.3383483,0.052218594,0.294972,0.39975676,0.55322707,0.8908677,0.5846083,2.516517,0.42536512,2.109337,1.2886593,0.307327,1.0568457,0.28946367,0.5198349,0.9315341,0.852594,0.18271458,0.62685424,0.3726487,0.39427418,0.07317886,1.5849899,1.7620414,0.40222198,0.9359803,0.13904256,1.6165125,1.2551714,0.5239092,1.1036084,0.42275745,0.2248614,1.0443931,0.4830733,0.060175005,0.7904943,0.60420775,0.068520434,0.26830983,0.82828575,0.37139714,1.0785297,1.9463211,0.12024988,0.15440856,0.46362272,0.46943602,0.069895215,1.2695452,0.019063625,0.054323625,0.38155702,1.7218945,1.8020399,0.25672594,0.046578582,0.86576015,1.6640803,0.23039712,0.95992947,0.23199056,1.2338195,0.63650423,0.4121337,0.6760966,0.12767597,0.064221196,0.46097958,1.0027583,0.39035836,0.5283534,0.047529966,2.3066247,0.20836596,0.6808154,0.44537818,0.47296524,0.15625218,0.92616516,0.27247664,0.60280305,0.5318218,0.58809316,all_pothole_images\pothole_images_optimized_image_190.jpg
1.5607082,0.792866,0.13846122,1.2141815,1.0669403,1.603676,0.3485181,0.013499532,0.2407568,0.07681,0.6249757,0.17515671,0.6224253,0.34461898,0.2867191,0.03543875,0.15724565,0.3012982,0.20080337,0.063157886,0.40437996,3.027294,0.5390432,0.04363925,0.1707928,1.0305046,0.096319005,2.184697,0.09939721,0.2677545,1.4398866,0.8188829,1.0970657,0.577574,0.14230824,1.1354461,0.054234426,0.856105,0.40036014,0.58954644,0.15129465,0.022254745,0.3761843,0.44996396,0.02116376,0.14754035,0.1300707,0.1984534,0.34352753,1.3927023,0.4489605,0.28664687,0.22006649,0.057900798,0.11018255,1.3620265,2.0601282,0.118868686,0.310413,0.12533593,0.009068879,0.307364,0.72933656,0.050461058,0.8996946,2.0195568,0.071787,0.0071603376,2.2082314,0.064323395,0.11720623,0.03922703,0.32899335,0.6053038,0.2783224,0.69422734,0.06754742,1.2960109,1.0490285,0.39256877,0.30668688,0.07464288,0.47408873,1.0352038,0.63944376,0.52056766,0.5524059,0.23501556,2.931568,0.39214203,0.7632991,0.09013732,0.013530307,0.605362,0.04616389,0.06612473,1.8492272,0.5013332,0.58918697,0.67817616,0.07086411,1.5165464,0.38133082,0.19143601,0.17843997,0.16931923,0.10245314,0.24681552,0.06337045,0.1276405,0.0029661884,2.0401034,0.48418596,1.053326,0.059206225,0.7550307,4.0119185,1.1783428,1.0085207,2.2682314,2.3566446,0.30244344,0.7414745,0.6365218,0.19315094,0.70558214,0.3925114,1.6029342,1.0271438,0.06607412,0.41913378,0.02050849,0.2481179,0.022403104,0.1107616,1.1270642,0.20688072,1.779214,0.7145276,0.7007421,0.46635118,0.06678363,0.0023051177,1.1017569,0.036033764,0.22332314,0.16578807,1.2639573,0.46153772,0.017361626,0.6311031,0.3155463,0.28522927,0.7054642,1.6361183,0.87453747,0.765358,0.0008334911,1.1826553,0.045242142,1.962247,0.84796095,0.022548936,2.4049969,0.0040539266,1.2757058,0.32048166,0.01741664,1.9983752,0.20004736,0.032968998,0.0024717303,0.004281473,0.13367772,1.4711472,0.0,0.25970995,0.07251444,0.023001991,0.122303784,0.07986042,1.5753998,1.8731717,1.345231,1.850793,0.9557006,0.28689986,0.7926721,1.0569167,0.1197101,0.005333645,0.36944002,0.004901713,2.2526758,0.30711922,0.2919912,1.0105569,1.1894552,0.16796443,0.8108758,0.16072607,2.3968236,0.9771236,1.4090877,1.543295,0.2620659,0.16993731,0.8799536,0.7752566,0.23806523,0.010823215,0.0,0.59051394,0.41935706,1.2398658,1.0669619,0.4742992,0.18941501,0.49691543,0.0750284,0.059162043,0.63751614,0.26736888,0.9567084,0.14254984,0.37507823,3.9610538,0.0058163702,0.24257365,0.029018126,0.055242497,0.15115274,0.113820836,0.44878978,0.122653514,0.6409248,3.7678704,0.014728151,0.25709894,0.5421402,0.39785695,0.53608227,0.42883036,0.07950557,0.08636888,0.0041081714,0.26821557,0.54733235,0.53193,3.0598164,2.8154855,0.38133335,1.1627247,0.57690144,0.19557127,0.0412091,0.14056063,0.48463804,0.1845183,0.99824065,0.20378393,0.21202351,0.24505147,1.2717092,0.32180086,0.9792043,0.27112034,0.36261195,0.26492694,0.31073275,0.0034671517,0.19360936,0.012711379,0.2455625,1.3852438,0.8520683,1.1824307,0.57710797,0.1717894,0.79637605,0.3041127,0.55456096,0.056269348,0.48501757,0.32629195,0.69776136,0.58544725,0.23944372,0.8802356,1.1814171,0.21213952,0.383433,0.3623894,0.8011663,0.016597986,0.16081062,0.057277523,0.99774104,0.58412665,0.004175482,0.079504706,1.1693667,0.10776409,0.52571815,4.361528,1.2527437,0.071904056,0.37915426,0.0,0.6311346,1.110469,1.1400568,2.2893782,0.8261608,0.011342649,0.5200938,0.2879836,0.54146856,1.2560338,0.07362855,0.34358522,0.057302114,0.008897586,0.11156349,0.57229465,0.106788695,0.58579636,0.5164269,0.13128136,0.15947124,3.1509418,1.3824866,0.0029620875,0.10466859,0.039199043,0.7568167,0.5785377,0.23945798,0.43019867,0.58862495,0.3932709,0.11273535,2.0462272,0.6441859,0.43382087,0.2743905,0.29288515,0.4626058,0.33431205,0.4732828,0.5808234,1.9713432,0.5944036,0.32167554,0.029032255,0.94724566,0.5244922,0.86333036,0.6674113,1.6034355,0.03126584,0.114915274,0.972564,0.16638911,0.3133061,0.5532034,2.790101,0.46714312,0.25084218,0.08405196,2.4395182,0.09564978,0.29428405,0.016981136,1.20035,0.009522877,0.036694292,0.18034285,0.66227084,0.28967363,0.33586216,0.045266636,0.57855964,0.2248576,3.9350772,0.8710842,0.4142727,0.0,0.15270573,1.1499944,0.82136524,1.8267655,0.22154337,0.3413099,0.13498293,0.02199855,0.3299083,0.1853307,0.055112146,0.11880703,3.3207905,0.14298658,1.2223563,0.7771038,0.3907035,0.12932867,1.0770078,0.29880935,0.014337597,0.2864512,0.727974,0.106101595,0.08226414,0.6985232,0.33475956,0.12588271,0.81543356,0.27341345,0.6009143,0.0,2.5927236,0.31149378,0.7598455,1.6300431,1.3547353,0.115295105,0.69870794,0.88046825,0.07210032,1.0550481,0.11366889,0.6752446,0.95236295,1.2549554,0.33350036,4.923509,0.783631,0.6555557,0.03536125,0.58478826,0.009269435,0.5921086,0.43599677,1.0850811,0.24885811,0.055166874,0.8653822,0.2046777,0.057490736,0.38922414,1.1399461,0.7768682,0.21065147,1.4500369,0.6398961,1.7740194,1.0558609,0.48628414,0.82701874,1.9077668,0.568419,1.1598996,1.7049052,0.08988499,0.9143191,0.51413345,0.6958901,0.117396206,0.16657735,0.4835578,0.5390374,0.24176206,0.5528946,0.2791751,1.1312771,0.24542156,0.29094827,1.7959168,0.44494325,0.3666162,0.04790053,5.7483945,0.54577446,0.035521522,0.005196103,0.66390586,0.5769392,0.39957544,1.4563967,0.15549994,0.13570657,0.27772966,0.05497155,0.74105304,0.55179024,0.13334079,0.1697819,0.31682372,0.025230465,0.0027291668,0.00013432096,5.9144316,0.2824261,0.20897265,0.95571524,0.3097398,0.16986567,0.2225079,0.4913492,1.186871,0.9170642,0.31386197,all_pothole_images\pothole_images_optimized_image_191.jpg
0.3888447,2.2947488,0.041345842,1.0666689,2.4486716,0.89161056,0.7258706,0.71677816,1.6108781,0.7127008,0.5603426,0.4410805,0.7943185,2.9892135,0.13872547,0.5197434,0.676651,0.05213553,0.6724258,0.2855726,0.9179566,3.6062953,2.7296765,1.6924719,0.021605387,0.1801618,0.009311022,0.9314034,0.12258607,1.1122708,0.9694196,0.16611864,0.9905302,0.02890321,1.2931712,1.2921788,1.8645576,1.7418214,0.94932157,0.15191346,0.105866,0.08211304,0.00963338,1.3157909,0.9753016,0.1059778,0.25386152,0.011841854,0.3877758,0.15101816,4.245939,0.78912205,1.6317644,1.7940667,0.21055648,0.23251712,1.7627327,0.3841033,1.8541769,0.6329175,0.6563024,0.61920816,1.3056071,0.01736631,0.57684386,0.22792085,1.5642152,0.5420899,4.670019,0.45946646,0.97056127,1.7274015,1.1821743,0.029544659,1.3924072,0.5413959,0.34712023,1.3701036,0.54496837,0.16006367,1.0415758,2.0354674,0.12359935,3.431191,1.6362507,0.26742938,0.1794887,0.2641858,3.6346872,1.2837344,1.8174329,0.43735936,0.080811486,3.3239725,0.30529615,0.6239403,0.06558772,0.36417216,0.9925474,0.28322554,0.77891225,1.2736862,0.8241832,0.005689979,0.6320498,1.8118659,0.3694251,0.2586499,0.009609736,0.59699583,1.2886688,1.8514068,1.2161447,1.8428098,0.81071573,0.713769,1.2559037,0.4027527,0.10238007,0.22102128,2.1597488,2.4751937,1.0701402,0.45227194,0.51851135,0.78514796,0.021767806,0.6779897,0.103239,0.5949493,2.12473,0.47275582,1.2282581,1.2562119,2.7944643,0.08364926,1.0276885,0.16048658,1.5336586,1.9738159,0.6578875,0.4709058,0.9515511,2.218306,0.7753386,0.329374,1.8204471,0.010618319,1.447823,0.17929408,0.37673077,2.0899143,0.54941475,0.10256591,1.9690517,0.6285637,0.99711734,1.0816371,0.572878,0.077746145,1.0745555,0.037358988,0.03056577,5.5560718,2.4421701,0.45419705,1.1807824,0.1440072,1.9992921,0.1462371,1.6075038,0.37917054,1.9226792,0.30097973,2.4379854,0.80760074,0.5291009,0.25459278,1.0659033,0.73217744,0.33938438,3.2536838,1.5820614,0.3596421,1.142741,1.01219,0.491108,0.4479305,0.13070601,0.1865995,2.0292826,0.19538142,0.19170438,0.37075537,0.09562001,0.10883224,0.0265064,0.33920994,0.08335102,1.8213872,0.81723887,0.8747956,1.2863095,0.10471924,0.7352871,0.025608165,0.21555877,0.023789011,0.47570825,0.014486176,0.2705822,1.4479163,2.4506512,2.988255,0.9617071,0.2874119,1.0024645,0.17204392,0.41352552,0.5378608,0.58128065,0.38150138,0.035193864,1.6621727,0.06084058,0.5438006,3.1099243,0.0,0.7369899,0.25918585,0.40368205,1.0754355,1.0790788,0.14118394,0.16375469,0.85810304,0.3358474,0.39365417,0.023656067,0.07555724,0.48976773,0.25050145,0.6169939,0.047525223,0.68991196,0.98159117,0.44910955,0.00474758,0.10270425,2.3294764,2.434651,1.7981199,0.37238622,0.5761452,0.08919134,2.188962,0.9979626,1.9254605,0.23645633,0.5171023,1.3912797,2.8484511,0.7279443,1.7036471,0.25078356,1.0353782,0.3168195,0.18112968,0.48996443,1.3571014,0.59289426,0.25075173,0.429711,0.79686785,0.07260919,1.8377604,2.4282851,0.7947165,0.26350275,0.57920617,0.533826,1.2835196,0.33927757,0.73714477,2.2373047,0.04076434,1.5502595,2.4919922,2.1081135,1.0938283,0.09633506,0.17308764,0.08656342,0.5744471,1.0545824,0.788293,1.2593914,1.2005092,1.5299186,0.9210838,0.03235592,0.13067344,0.23515533,0.63984907,3.8662882,0.969415,1.0283142,1.3417449,0.29114836,0.40996653,0.3375873,0.22569758,4.2825933,0.5477142,0.61777854,0.1667061,1.2382618,0.5210953,0.61684567,0.46093702,0.24086604,0.67427456,0.16869077,0.38658276,0.46522203,1.3654886,0.12578341,1.8349972,0.90653664,2.6665108,1.0877385,0.77472794,0.31001905,0.002014309,1.0438466,0.89721924,0.044728268,0.0002795479,2.2315478,0.23502225,1.5130764,2.1669486,0.12995777,0.21521398,0.4240312,0.9674129,0.4607169,0.16128364,0.19284311,1.1367556,0.1796935,1.3481499,1.1679513,1.9011253,2.6343606,0.044142537,2.6954389,2.7332158,2.3456597,0.03190857,0.111668944,0.964283,0.26566446,1.9066072,0.32857037,0.523595,1.8051974,0.30176377,0.06743623,0.20514113,1.3210418,2.2307367,0.29656377,0.50102234,2.023149,0.529566,0.1646705,0.34485105,0.08213415,2.394956,0.8840588,1.2112087,0.3220637,1.1014903,2.0803018,0.46423456,3.3633387,2.0615168,4.098176,1.4834676,1.3731319,0.22568552,0.06259652,0.82654226,1.5079701,1.7468063,1.0080589,2.7659233,0.42377985,0.7699465,2.259738,0.47638726,0.44618905,1.4496645,0.020075703,0.28365818,0.53857315,1.3437591,0.0015661585,3.0254862,0.14184342,0.26513335,2.1940749,0.5695002,0.13255878,0.16102912,0.32142293,1.1175914,0.07382924,0.67790294,0.63141143,1.3288168,3.5495605,1.1076258,1.6248429,0.9446643,0.0993414,4.586886,0.9670195,1.1178156,1.4113374,1.5173029,0.38547274,0.61504364,1.5540247,1.8198543,0.87522733,0.42813468,1.3676026,1.4095652,3.0204213,0.70215225,0.26907718,1.2591752,1.7473178,1.1858838,3.7284985,0.5883453,1.1582004,1.1072584,0.13224642,1.5998044,2.2535524,0.012039602,1.0107232,1.0965548,2.2192965,0.003211812,0.48391485,0.107245296,0.73627037,0.22585723,1.5589901,0.25648522,2.339441,1.5051732,0.4074951,0.0055738892,1.5054939,3.1002467,1.2095816,0.5905844,0.62862384,0.3773669,0.36890528,1.1947868,1.549723,0.084870376,0.049034536,0.5259553,0.39514726,4.062085,0.7434266,0.54363364,0.065383546,0.9129767,1.496686,0.8759664,0.31697837,0.079415105,1.0209354,0.32472545,1.1316439,0.33768392,0.0,0.21085194,1.4836812,0.019621955,1.074846,0.07327262,0.9020607,1.8524294,0.37911066,0.62908477,0.56817156,0.3243767,0.0004837313,2.159073,1.0365312,1.2132064,1.0890434,0.34042522,all_pothole_images\pothole_images_optimized_image_192.jpg
0.28086445,2.5621965,0.6543772,1.3193893,0.5361181,0.64979464,0.7640534,0.16053067,0.2350141,1.5595192,0.14008489,0.42218032,0.35005653,0.74830276,0.0,0.741311,0.39330336,0.11539108,1.1347917,1.1406239,0.64745873,1.8766482,1.3450464,3.6026459,0.6390165,0.40667024,0.23556532,1.8041283,0.007947076,1.8257635,0.97097945,0.024323478,0.40661162,1.153856,1.6279619,0.11033415,1.1027718,0.21379556,0.5348599,0.2410677,0.010255227,0.43100995,0.23760258,0.08810917,1.9288712,0.35471153,0.59932667,0.0,1.173238,0.15398136,1.7732439,1.1123921,1.7524587,0.27862737,0.093565196,0.29769146,2.339247,0.5405525,0.6640544,0.6731171,0.34948644,0.7263179,2.5453918,0.42603698,0.934062,1.577645,0.43337622,0.3298453,3.061557,0.65555274,2.666811,0.07126296,0.5444681,0.13585995,0.66389555,0.7765814,0.24780257,1.0996842,0.63825893,0.8201526,0.24393533,1.384788,0.58763885,4.2163672,1.5255809,0.2202085,0.17584056,0.2628774,4.6100283,1.2525132,0.2566658,1.6109548,0.86771876,2.0940688,0.15742199,0.83108306,0.15567571,0.9810453,0.27868906,0.1157032,0.58248943,1.1646909,1.2788702,0.027484141,0.8323409,0.42385125,1.6519859,0.022745632,0.48365596,0.955821,0.9801405,2.6980145,1.3665569,0.7054518,1.3651993,1.4890121,0.43934134,0.79001284,0.5756907,0.46786186,1.7890426,1.4062902,1.5554644,0.3948347,2.2878728,1.3923461,0.56421864,0.35160118,0.06957928,0.5211709,0.46431226,0.8407901,1.1492541,0.42125794,0.5596472,0.28534588,0.18343501,0.44514298,1.147086,0.45923758,0.69474494,2.241247,0.589182,1.2051474,0.8406087,0.43188125,0.4794116,0.057616808,0.73051685,0.6956389,0.10698739,1.1280973,1.8528903,0.1609427,1.7090955,0.7647965,0.137459,0.8664742,0.21708739,0.25082588,1.3160596,0.056726187,0.19529814,4.603124,1.9697427,0.7053594,2.047726,0.20016228,0.78177446,0.63873374,1.0947208,0.027636202,1.1779785,0.095690645,2.1117098,0.064503886,0.16317576,0.43036324,0.21481076,0.21476778,1.6809975,0.9781253,0.7291238,0.281587,4.081466,0.5473606,0.6822005,0.08140223,1.139907,0.6737617,2.1451735,2.098804,0.08374535,1.9332373,0.06220607,1.4871991,0.06804073,1.8610892,0.18401988,0.9188558,0.70289814,0.4675749,0.05847705,0.35723665,0.22621234,0.3962438,0.20496655,0.0,1.0412714,0.44900236,0.41487163,0.92096764,0.9779175,1.2593267,0.33148605,0.32311732,0.6207161,0.152309,0.25848952,0.46324316,0.32702473,0.112959795,0.26363054,0.7516613,0.4442391,0.062031288,1.4873059,0.16505514,2.6625824,0.091672234,1.2581629,0.17985693,1.0070324,0.42551044,0.688423,0.20518519,1.6066599,0.11549188,0.08934817,0.20250449,0.27537027,0.47424158,0.1535409,0.21097523,0.23420769,0.11645956,0.9627692,0.2510449,0.69003963,5.159003,0.94105434,1.1326797,0.7407697,0.12113349,0.7147761,0.009349348,1.4403993,1.6617187,0.55144864,1.6131597,0.5636139,0.55586123,0.04337257,0.40541446,0.36908352,0.90150946,0.35811162,0.7240543,0.86779225,0.108215086,0.83766514,0.0,1.387932,1.5924261,0.051620487,1.2376578,0.3993157,0.89642984,0.2151759,0.90677327,0.045389574,1.4435773,0.7133762,0.4733334,1.3483667,0.52088565,0.23045123,1.0455008,0.40584442,1.1940243,0.058257133,0.6183978,0.051509045,1.1048187,1.369869,0.23351398,1.1987748,1.0661367,0.40793666,1.0871285,0.08869963,0.67749107,0.0,0.24627155,4.8210926,1.262926,0.14694579,0.71062785,1.156927,0.42065865,0.12320738,0.8815466,7.5841413,1.3314077,0.30937105,0.13662888,0.7562762,0.06522455,1.6260453,0.93709326,0.17994374,0.42307425,0.10533291,0.97963804,0.7691916,1.0740489,1.0051991,0.47777748,1.4156164,0.15779205,5.1856294,0.21565673,0.2334345,0.21540622,0.6408389,0.0037360757,0.06774528,0.26802862,1.4837358,0.13491441,1.4121268,1.4847559,0.38487586,0.025086084,0.21098194,0.6935054,0.59204763,0.13686359,0.07162755,0.86721927,0.34025782,0.26462734,0.5242896,1.4708544,0.056455653,0.6298752,0.12540959,2.8469045,0.15720253,0.023769053,0.14905861,0.77889645,0.25564185,1.0257007,0.032848626,0.7614029,1.0509133,0.7715331,0.14928678,1.6605271,1.0083675,0.5063197,0.6362957,0.40387708,1.4043219,1.18203,0.23269619,0.10804802,0.6736717,1.2256672,0.70233166,0.13653424,0.28637013,1.0133492,4.127726,0.62965035,2.968555,2.4167044,1.7818922,1.5254127,0.53251606,2.2305865,0.5416261,0.5158602,0.026886258,0.70963794,0.689262,2.4530537,0.23550627,0.16504174,0.8152016,1.1318427,0.12482418,1.1634276,0.13788794,0.30271402,1.1805384,0.2760477,0.09549968,0.5723615,0.34385413,0.6487432,0.40290758,0.0669515,0.005337805,0.4833096,0.95857364,0.6397083,0.42743105,0.12817469,0.51396996,0.3114266,2.7650986,0.6630104,1.5351799,0.71762556,0.5778855,0.81491476,0.39432022,1.0854412,1.413548,1.9218024,1.0040201,0.47406992,0.4745218,2.2820892,0.41833895,0.20795386,1.8617438,1.9401578,1.1051754,0.014836106,1.5101641,0.08747668,0.4565167,0.1745076,1.4839982,1.0107595,0.94167185,1.5501444,0.49843308,0.6278847,0.7701244,0.27692622,0.9832413,1.4662488,1.1775464,0.9160704,0.08088124,0.38093218,1.1993732,0.05259718,0.42844328,0.27264816,0.807925,0.5698623,0.25341272,0.031987038,0.8839116,1.7708727,1.5060456,0.3353644,0.1872632,0.28036374,0.456158,0.8547029,0.737689,0.62021536,0.031315077,0.19107062,0.82976264,3.145252,1.1719829,0.2327413,0.02970659,0.49691623,1.1016861,0.22046503,0.19839364,0.007893667,0.14089745,1.3952166,0.34684184,0.5252088,0.049024533,0.14990619,1.5538343,0.002040577,1.1339978,0.07998436,0.56154275,3.5020998,0.6833122,0.47453997,0.5421762,0.26078558,0.0,2.6894855,0.5883323,0.11721851,1.5047886,0.03914232,all_pothole_images\pothole_images_optimized_image_193.jpg
1.0986714,0.5019009,0.3140062,1.6070802,0.13727145,0.031942923,0.36330235,0.026523404,0.20651665,1.5047468,0.8736361,0.6319721,0.685604,0.44736746,0.0060252673,0.7129037,0.16838858,0.69098634,0.477497,0.05382956,0.66890347,1.0567174,0.15476625,0.41698518,0.67209977,0.5323715,0.93612164,1.8465881,0.18354088,0.3195605,0.49610513,0.22512375,0.63750917,0.3328039,0.31306368,1.1005827,0.40742,1.6616043,2.070273,0.24706411,0.0,0.2883735,0.29871014,1.622539,0.7378136,0.002493626,0.28019854,0.12410817,0.72848463,0.30034724,0.32406622,0.24471042,0.20510012,0.0,0.004884663,1.3011872,0.29330623,0.28956857,0.950768,0.40286118,0.10568349,0.5045681,0.11667436,0.1043903,1.0143322,1.9624767,0.26762223,0.1910962,0.67547816,0.17312889,0.02419287,1.2104304,0.1038367,0.54131573,0.33977157,0.31836736,0.2933733,0.42504725,0.0006057257,0.030191513,0.6331447,0.07250825,0.043426473,0.9550977,0.9133179,0.097099826,0.23375094,0.5041734,1.541643,0.9284311,0.1982719,0.4808708,0.29285857,0.25438988,0.65248215,0.2743426,2.2123666,0.9623228,0.7611576,0.4797485,0.11510545,0.019019837,0.8479702,1.2021577,0.84340006,0.22126734,0.14446414,0.12061625,0.18308611,0.14983459,0.0,1.9157263,1.0076331,0.19209203,0.22451182,0.3538077,0.76614827,0.36663213,0.41195044,1.0132738,0.8367478,0.09164362,0.13598771,0.47601885,0.4172778,0.089818604,0.39345908,0.42462793,0.846405,0.16220233,0.22241385,0.35506764,0.57640433,0.01570885,0.0111526055,0.66105556,0.07154529,1.0197982,0.7568929,0.0,0.035339847,0.41724262,0.10021598,0.38823318,0.20555794,1.8726037,0.56523496,0.0,0.53045225,0.5305436,0.29377186,1.1130942,0.0,0.3853213,1.178847,0.39594835,0.06415553,0.12833932,0.9194301,0.51315826,0.703474,2.1087823,0.08180985,3.447113,0.3098478,0.7651901,0.51896805,0.055072725,0.32316354,0.7878314,0.30302987,0.30704167,0.04487748,0.44000196,0.04471369,0.013355451,0.12842526,0.0018712782,0.8590254,0.4081321,0.087167196,2.143068,0.6472338,0.4787702,2.905311,0.49217826,0.08175038,2.3428116,1.2128682,0.34765974,0.5430803,0.5578267,0.07486638,1.5755042,0.06479003,0.19552848,1.3925223,1.526076,1.1146169,0.13926156,0.031070404,1.8878993,0.4335676,0.870797,1.5804089,0.45973969,0.09967846,0.45514992,0.7128091,0.55804557,0.006260868,0.054260164,1.1478986,0.060563296,1.6426653,1.0185331,0.1404044,0.08395774,0.22572944,0.25031137,2.0921507,1.283198,1.0674934,0.63025606,0.08126764,1.1588653,0.66150767,0.006137393,0.9706689,0.6612409,0.03596967,0.81784874,0.37901157,0.34788528,0.1276057,0.50040627,2.0405908,0.021697782,0.15389575,0.61779684,0.27793568,0.4780893,0.05135057,0.051258996,0.12313495,0.064912096,0.43952066,0.050821844,1.2776446,4.6504974,0.6107534,0.10833187,0.64008725,0.86163545,0.00020599511,0.3495817,0.66243553,1.9552528,0.08583233,1.7439754,0.1627327,0.01813633,0.21232776,0.9651408,0.37016803,0.53819466,1.7707994,1.7605164,1.022606,0.058968406,0.59243566,0.23197526,0.05114195,0.60992414,2.6221673,1.345562,0.4678393,0.072809845,0.02523708,0.6400661,0.4434778,0.5155909,0.978808,0.039091952,0.039865397,0.7941972,1.0533149,0.26083702,1.2861626,0.757366,0.017203314,0.011455068,0.34501496,0.4951214,0.5320926,0.01185893,0.9108729,2.043564,0.28418738,1.4244176,1.2906308,1.4717673,0.01223615,0.60067314,3.960819,0.30676728,0.55939436,0.51001406,0.18588711,0.10281757,1.105263,0.39709026,2.850293,1.057802,0.18433179,0.8977955,0.3851087,1.5724107,2.8663943,0.6064899,1.5570178,0.39187333,0.73278576,0.020349758,0.479354,0.231681,0.29761374,0.088915184,0.80496323,0.20582098,2.9701731,0.093190126,0.3234685,0.3155152,0.36967272,0.0028096763,1.5428725,1.526774,0.35613486,0.36348286,0.013159819,0.1011864,0.8210326,1.6321388,0.26852614,1.0361376,0.033517398,0.18273379,0.051599525,0.5414436,0.45803636,0.7500397,0.5099721,0.030475168,0.17983603,0.0,0.0510829,1.0769911,0.004983132,0.6040361,0.12527964,0.35985416,0.6598494,0.8987642,0.14591452,0.046291146,1.5954267,0.07957229,0.30066574,0.012639345,1.7996467,0.79685193,0.24490963,0.015633842,0.24016885,0.09116104,0.031779297,0.12267794,0.29691136,0.4663983,0.8431815,0.03027638,0.44746122,0.5593047,1.7562482,0.61553335,0.8368564,0.0,0.13550755,1.5560801,1.1524221,0.98974913,0.73977536,0.3318492,0.4995715,0.23032667,0.60648274,0.35204008,0.49198648,0.012153749,3.5079174,1.2415018,0.33797923,0.124664225,0.46022868,0.07760995,0.26020217,1.4828765,0.08856249,0.08236662,0.87398356,0.7373694,0.6024003,0.64454865,0.0060590394,0.07297374,0.010520661,0.77658087,0.23420791,0.10580658,1.4800116,1.0294456,1.0452842,1.2738823,1.1756817,0.12690493,0.56613463,0.63871044,0.07231197,0.74782753,0.019734938,0.17862259,0.3661001,0.6759145,0.10831167,1.7809837,1.963779,1.3539642,0.738424,0.26895794,0.39769328,1.6318802,0.20037171,0.40022925,0.023789877,0.027026404,0.048107233,0.18241781,0.086086586,0.7719777,2.1358898,0.46447998,0.8201429,1.615408,0.57095844,1.7340932,0.22296469,0.34180722,0.5089963,0.84529585,0.64262295,0.08098534,1.2626742,0.0,0.07397545,0.2951039,0.26215717,0.07498524,0.029283168,0.16255893,0.35897717,1.1585867,0.11859312,0.19133621,0.4614757,0.38347718,1.3921158,1.0723716,0.5278363,0.23216139,0.5169835,2.2483485,0.5906228,0.19644001,0.0,0.48803768,0.7888039,0.0034300257,1.0608805,0.0,0.7243838,0.09006551,0.3664491,0.883179,0.003463989,0.119138196,0.091649786,0.11037658,0.0052654347,0.0087729655,1.3616436,3.1380494,0.37765628,0.41810307,0.5226337,1.1538222,0.8600227,0.33387762,0.7755218,0.7746509,0.32699546,0.8648173,all_pothole_images\pothole_images_optimized_image_194.jpg
0.0,0.9541032,0.0012659029,2.5268972,0.785394,0.29121962,0.09006891,0.002425476,0.024003753,0.6868965,0.47222772,0.32675737,0.19677964,2.1719217,0.029235637,0.04266915,0.27377927,1.0074551,1.1564184,0.17233074,1.1288425,0.37739727,0.40124708,0.36396983,0.96000344,0.24780646,0.64813894,1.0501261,1.3309438,0.6457451,0.6984111,0.9361046,0.33804473,0.0870727,0.0,1.7740135,0.85991746,0.8463007,0.19830489,0.36217704,0.06983605,0.09485596,0.03441517,1.0242058,0.2087799,1.1305224,0.011782683,0.11103504,0.24373315,0.5515483,1.3378478,0.2581434,0.014800316,0.0,1.1864433,1.2898114,2.7092073,0.4674084,0.41707337,0.009006528,0.0,0.4892398,0.1330042,0.25854892,1.0923907,1.3073152,0.22859074,0.29609236,0.62871355,0.046242353,0.1041948,0.18432444,0.29184866,1.4180989,1.1568494,0.07637594,0.0041455445,1.4690826,0.23813789,0.42082793,0.0,0.05005238,0.8633594,2.6086724,0.53658783,0.22282746,0.14555469,0.39522755,1.4648957,0.094280206,0.33623987,0.1348643,0.2873036,0.6058995,0.43750948,0.09179786,0.32678482,0.16611971,0.83662593,0.8388927,0.33660942,5.277849,0.9932498,0.0063304356,1.5988518,0.1302956,0.15862599,0.7529427,0.2661842,0.7258721,0.47528332,0.8434266,0.25135496,0.82306546,0.14278561,0.37154287,0.7878672,0.73612505,1.3831482,0.25420928,2.3343804,0.16044585,0.06609106,0.585522,0.5751361,1.3327621,0.09806586,0.3832512,2.4996617,0.43619287,0.76808333,0.0019107712,0.0019647193,0.2918722,0.52589566,0.41243488,0.15447941,1.9004278,0.2173639,0.008045327,0.10830429,1.8530624,2.5242875,0.48796487,0.0,0.8265536,0.02523502,0.56065494,0.36495715,0.016231395,0.3314797,0.09996562,0.16787359,0.7178952,1.5361416,0.6197155,0.16039672,0.4543092,0.8416997,2.0531974,2.007279,2.180285,0.43687484,1.5834404,0.4683388,1.6841332,1.9406205,0.47546312,1.725736,1.6322802,0.18463208,0.4283725,1.2951907,0.60642326,0.015738098,0.26898116,0.11008066,0.003084682,0.20277895,0.3571659,0.0932342,2.912417,1.4503677,1.0603082,3.142125,0.3742475,0.643951,0.8407384,1.2525996,0.47993088,0.0,1.1203203,0.1953805,0.7756961,0.058070168,0.2153732,0.6721425,0.43964973,0.07756389,0.22700381,0.4485717,1.3374023,0.0067416998,1.1922044,0.0,0.04331942,0.11044483,0.9942477,1.2582214,0.33036307,0.0,0.0,0.80759096,0.1542814,1.6714599,1.2779065,1.3192464,1.4231038,0.59318024,0.24658334,0.4761326,0.0015301651,0.14927913,0.063098505,0.034721408,0.048065074,2.5405567,0.0012487456,2.4115982,0.066569194,0.4140513,0.009258239,0.23163141,0.30035934,0.010965875,0.06851159,2.3298533,0.1567852,0.3621548,0.1631765,0.9343235,0.11955411,0.25870427,0.08491508,1.0684063,0.011452017,0.3700671,0.51653916,0.5666315,6.13945,1.1427629,0.44510767,0.04542172,0.1615064,0.12500986,0.035038717,0.38523406,0.7811987,0.607849,1.8458338,0.7494998,0.060210418,0.6271548,0.16877042,0.08192692,0.1900521,1.2975821,0.5846246,1.7708122,0.28557324,0.12561496,0.048536856,1.1608722,0.25505313,0.6153643,0.27730358,0.0243741,0.30091316,0.4393182,0.28717503,1.3162454,0.73560596,0.28480852,0.2507043,0.33298087,0.77816117,1.1299396,0.027916774,0.49118236,1.8549433,0.18077621,0.11350544,0.011529046,1.0659857,0.37977257,0.3994094,0.26145223,0.047812324,0.03086099,3.4165163,0.36196586,0.5055136,0.005999402,0.04708918,3.7038996,0.7045657,0.013793068,0.08480655,1.663235,0.44250074,0.99463326,1.2170572,2.744275,2.3970056,1.0551815,0.30161986,0.45897105,1.2248654,3.8494153,0.07802902,0.048160955,0.11569453,0.044530015,1.7494508,0.033811375,0.8677468,0.19845282,0.18470746,0.09714285,0.13486226,2.080535,1.3175483,0.5239413,0.00423622,0.31231466,0.013235807,0.8046906,0.1072763,0.5007277,1.9869546,1.158012,0.33649623,1.9241725,1.1059947,0.8166834,0.5314758,0.92157036,1.1686027,1.0092444,0.01878708,0.28354773,0.23814325,0.23162149,1.6577816,0.049039364,0.08753576,0.38691485,1.2796738,1.2287467,0.79542214,0.0005221361,0.41775566,1.3225485,0.22929974,0.26382336,0.0064885216,1.1085569,0.06633031,0.74543816,0.041976497,1.136084,0.0,0.20660198,1.3085165,0.43395123,0.9803349,0.21864906,0.05318658,1.5206875,0.38622263,0.056356583,0.0,0.8828889,0.18058315,1.034836,0.4450315,0.37003466,0.058686003,0.0,0.8792812,0.16218688,0.028802903,0.0,0.44385597,0.7487541,0.114505574,1.519236,0.291383,0.015140623,0.4252564,0.5425983,0.9867303,0.6308028,0.21669072,1.2919791,0.0013894335,0.21055852,0.19439614,0.48302326,0.45289892,0.30360982,0.022575147,0.0013358786,0.4804155,0.010151038,0.08289064,0.640807,0.9610477,0.63238174,0.015831092,2.3567646,0.4776509,1.9238217,2.2873034,2.384982,0.06834789,1.8539927,0.3469364,1.4443389,1.207721,1.3497202,0.27204868,1.5587208,0.9826445,1.2893506,2.8045852,0.75061464,0.70047975,0.908513,0.13422267,0.8409702,0.28390077,0.0,0.005496269,0.0,0.4144189,1.0922543,0.468608,0.03401013,0.7892988,1.8930882,0.0370191,0.9095331,0.027142227,1.7215922,2.2569616,0.30298007,0.4259663,0.9616476,2.1553,0.92727345,0.1740038,0.78235453,0.19387144,0.59908605,0.23813114,0.0026226693,0.53519654,0.11266255,0.82071877,0.58433074,0.9690353,0.56643385,0.4086426,1.2339172,0.4871464,0.11259972,1.379571,0.5623782,0.3616303,0.606319,2.254295,0.7230607,0.57281166,0.031321045,0.027321149,0.43830317,0.0,0.7939288,0.0092236055,0.38702536,2.0237517,0.50768137,0.05277215,0.0,1.0408419,0.29714915,0.16277002,0.51359034,0.59424525,1.5225238,3.4513397,0.61270213,0.08223754,0.06772029,0.90075433,0.77892715,0.5559864,0.26509914,0.20819671,1.8468472,0.37217554,all_pothole_images\pothole_images_optimized_image_195.jpg
0.51411664,1.9270672,0.38160366,1.9448864,0.37527505,0.4763466,0.107894845,0.29026774,0.59538007,0.30496806,0.8109356,1.1135108,0.02733285,1.4926051,0.75206184,0.89763296,1.1600809,0.41546854,0.9713183,0.82853955,1.0649493,1.6501075,0.1578339,1.0022936,0.7106153,0.62101924,0.21858476,3.2609153,0.54981685,0.38996792,0.45499358,0.28545615,1.2222883,2.0175366,0.26613563,1.4530997,0.6118603,1.3466753,0.13828096,0.8390595,0.41350898,0.1335918,0.830818,2.3515716,0.5834527,1.3190256,0.2555487,0.100711234,0.13572088,0.8380488,1.0128701,0.54184586,0.8629001,0.536027,0.39811617,1.568929,0.11059638,0.08852621,0.367554,0.22890976,0.63587457,0.28955933,1.179278,0.5534188,0.42781588,0.8867641,0.35899797,1.1898445,0.855905,0.5035283,0.81618565,0.22922125,0.21567936,0.6863998,0.5471498,0.99406725,0.7353274,1.4820923,0.068842635,0.24007477,0.56929016,0.14103152,0.038420487,0.6994296,0.7446516,0.9257653,0.62242407,0.5112077,2.933956,0.03403565,0.1424549,0.15607709,0.33851597,0.7997385,0.025614483,0.29324332,1.088438,0.68132985,0.5552907,1.2755922,0.1071362,3.061418,0.67711383,0.37806383,0.051735166,0.15681162,0.61159194,0.39985532,0.5250885,0.33385825,0.0,2.1643116,0.7545261,0.21752828,1.0024128,1.212707,1.286706,0.71163636,0.31341863,1.0625813,1.6940811,0.97671515,0.9568733,1.9256152,0.41195756,0.17857297,0.7369953,2.1875634,0.92088926,0.5408338,0.62698716,0.03717409,0.081727594,0.7076201,1.1873863,1.5558947,1.1139714,0.99874026,0.8039379,0.36092097,0.22136676,0.19154339,0.095239304,0.46446967,0.8759814,1.6675463,0.5493311,0.17216301,0.34408334,0.67441046,1.7560573,1.1719573,0.16872129,0.03141398,0.27981803,0.92283934,0.4850695,0.4202843,0.43036023,0.7003058,0.47209868,3.2922823,0.020578783,2.7014883,0.00615787,1.0126348,1.2949841,0.4667764,0.3325824,0.6822695,0.9581297,1.2694837,1.3259842,0.6931367,0.486976,0.79716676,0.6712963,0.03190794,0.24814376,0.19266193,0.13354403,1.5225232,2.153728,1.9105644,0.9757152,0.33092108,0.050926596,0.5183394,0.7189556,0.4475481,1.0210105,0.59828275,0.18208236,0.67606646,1.4489242,0.7932839,0.6068276,0.036683526,0.07718603,0.5004946,0.7068469,0.49510846,1.5056239,0.64987385,1.0964767,0.22718267,1.2994514,0.22778289,0.07519844,0.08174544,0.82686925,0.10198871,0.5670484,0.21685386,1.0942647,2.0867598,0.7097135,0.14069101,1.6142595,0.19946598,0.7022959,0.094631195,0.8159579,0.1404161,0.10807057,0.7404011,0.6109301,1.5891441,1.4343861,0.89087474,0.076659136,0.40040174,1.1733205,0.111509085,1.1253115,0.0012338934,2.2388105,0.31323883,0.0854266,0.64011997,0.7318419,0.14485988,1.036132,0.036742978,1.1688997,0.06557115,0.32457307,0.7066854,0.13473523,3.15377,1.8007284,1.5640764,0.52372754,0.7902275,0.24086203,0.23850824,0.30338147,0.07743479,0.4264668,3.1106336,0.4532933,1.0288492,2.0545027,0.10200041,0.23875543,0.15999284,0.20882896,1.8048229,1.341619,0.6275959,0.3092764,0.06382047,0.17636536,0.8706637,0.06932865,1.0496906,0.39873877,0.81523234,0.79994684,0.97359776,0.6422435,0.13451076,0.4789036,1.1325324,1.7932063,0.0096831005,0.6446993,0.7880303,0.9147195,0.07972685,0.34189337,0.26351398,0.4146266,0.66229373,0.7679388,0.5714333,0.8110487,0.5485432,0.851145,2.2514956,0.89603156,1.109568,0.5646117,1.2643411,3.7614496,0.5857607,0.25542024,0.9500994,0.39650232,1.3291454,0.3534466,0.44087958,2.0745265,1.2068695,0.24877988,0.9829487,0.009472487,1.2924482,2.8872237,1.2471102,0.86305135,0.3354932,1.016853,0.50291973,0.99019825,1.8472545,0.6444746,0.6678789,1.140211,1.3982378,1.9081137,0.61921346,0.14518277,0.15841918,0.21221893,0.4136058,1.4345665,0.6967474,0.36308455,1.3428615,0.8165923,0.27780694,0.7487434,1.25322,1.0065364,0.3604111,0.29503375,0.6836449,1.039727,0.4278388,0.40412536,0.14737917,0.043131657,0.26992598,0.75566506,0.08934416,0.20337565,0.19041526,0.83870745,0.29215488,0.04082378,0.88866884,0.90857935,1.0030975,0.18077286,0.39263487,1.0137936,1.1639036,0.29745612,0.5075475,0.7546125,0.71569496,0.34203961,0.5182136,0.10723799,0.25391647,0.7448691,0.16741107,0.1910573,0.7883751,0.8463331,0.428288,0.79760367,1.7126238,1.4305645,1.1482813,1.9825249,1.134282,0.04405932,1.2808856,1.4547763,0.34732628,0.58023053,0.3374055,0.12592866,0.36910757,0.96908313,0.59069806,0.5893931,0.005812881,1.9890856,1.2049907,0.2587246,0.7174678,0.18081973,0.5304202,1.0495046,0.29813734,0.5122079,1.2910675,1.1283691,0.435952,0.72097784,1.6593313,0.0,0.4569369,0.503453,0.3828174,0.8758881,0.33582872,2.6328118,0.48014855,1.5248245,0.8539592,2.3023283,0.29295614,0.519385,2.175779,0.26802397,1.0999202,0.35391808,0.031585567,0.86899185,0.6063413,0.3051414,1.4819756,0.9898419,0.39135894,0.043004233,0.91606545,1.0997924,0.5469522,0.3465952,0.22339892,0.008424301,0.9017765,2.8433974,0.7883635,0.52245444,0.87095374,1.3564779,0.610996,0.4235363,0.19801706,0.8161372,0.67627156,0.7612219,0.6541774,0.6554274,0.19592659,1.8372192,0.13443792,0.98397785,1.0992086,0.21512643,0.8242512,2.431458,0.13667245,1.3423009,0.23462442,0.6759398,0.5496674,0.35727546,0.3618157,0.3206381,0.26270828,0.4115054,0.35353094,1.0453533,0.24551564,0.76852393,2.0042899,0.3641995,1.3168254,0.2219758,0.09187502,0.70374376,0.6504165,0.28474963,0.15973322,0.7532225,1.5985374,0.21114431,0.43800128,0.554936,0.4446433,0.03493676,0.17440873,0.06421503,0.17365971,0.8787807,2.416968,0.035208244,1.6482967,1.5005951,0.8429001,0.6769385,0.3279423,0.34891802,0.63446987,0.43458876,0.3095442,all_pothole_images\pothole_images_optimized_image_196.jpg
0.19249772,3.2514987,0.8090716,3.6064072,1.9208778,0.66729164,0.012213197,0.07855628,0.003995155,1.3233525,0.56969285,1.2884448,0.38349566,3.3755414,0.004292631,0.53526014,0.58517677,0.53650486,1.049635,0.8665268,1.1897161,0.4785812,1.2308316,1.0004951,1.5836198,1.167415,1.2562916,2.3785913,0.23271288,1.1821415,0.23981725,0.0,0.9688485,1.1347443,0.59014,1.1791968,1.5041455,0.55840594,0.4196842,0.24542041,0.108380035,0.97550744,1.1580198,1.859994,1.2550013,0.061026424,0.72817624,0.1425937,0.69935274,0.9987504,0.46194902,0.45199156,0.15849808,0.8894975,0.5041875,0.6775086,1.8597271,0.2521023,0.55380356,0.9961345,1.3193558,0.9866431,2.4580185,0.85500616,1.5244548,0.9433648,0.64148474,0.60868716,0.5701026,0.9472748,1.0470302,0.33383808,1.0846229,0.44842124,1.260509,0.45476812,0.34622276,1.334554,0.51159763,0.4554417,0.8385059,1.5092962,0.44695225,1.6469982,0.41031182,1.0446914,0.61295664,0.22717787,1.5868083,0.9010314,0.5155675,0.84834975,0.9926373,1.5405782,0.20207979,0.4697937,0.5238895,0.79784316,2.0619762,1.582839,0.4123135,2.8344243,1.1617743,2.2015462,0.40825507,0.3281696,0.2838701,0.4681299,0.34238666,1.0948619,0.7668961,1.719256,0.4768016,0.07265521,1.5773108,0.67094445,1.3225471,0.32327294,1.7272356,1.7456223,0.9633631,1.1118907,0.34405243,1.2460475,1.067571,0.31093138,0.31447625,0.385875,0.50572866,0.32061717,0.70045966,0.5620989,0.960748,0.21010846,0.7087524,2.0982547,1.6625676,0.5993254,0.5737507,0.079156086,0.39592034,1.1196563,0.4174936,0.48487613,0.6187915,0.6861774,2.126303,0.44700462,1.1146817,0.5892184,0.22393045,1.1319183,0.3360352,0.23401804,1.053582,0.55061394,0.39219588,1.4798152,1.3014646,0.13737859,0.3703896,0.11369992,0.43003953,3.9334538,1.7868979,0.37918946,2.8504481,0.49623302,0.15110669,1.5476665,1.2043915,0.5905048,0.43140495,0.29868928,0.86947507,0.0047854907,0.5203999,0.65536374,0.22298232,0.40809265,1.1607383,1.844974,1.4969931,1.0570889,1.8374151,0.19372952,0.77328986,0.97918123,0.974674,0.7944387,0.84792775,3.5350592,0.43952763,1.9263861,0.8702215,1.008409,0.6747153,1.8698914,0.220577,0.2914957,0.17400578,0.45521137,0.36371383,0.68246204,0.26369247,0.2049633,0.3362619,0.04515847,1.4082032,0.25285527,0.53488404,0.74889046,0.5409731,0.45701793,1.0588508,0.3942159,0.6964064,0.5832874,1.0672483,1.2718791,1.4666673,0.42999533,0.4668403,0.91944057,1.4453173,0.6447774,0.5886584,0.516046,3.055889,1.558581,0.85427105,0.94684273,1.1941359,0.5151866,1.1272862,0.45649782,0.524224,0.97714084,0.099737145,0.7620468,0.24099909,1.4057008,1.3426371,0.22054139,0.5113382,0.1802199,0.9994503,0.06022608,1.1096125,2.0022526,0.43625608,0.567013,1.2856358,0.19762427,0.12052108,0.4153475,0.5446555,0.42180493,0.67192006,2.2199886,2.5734437,1.8467802,1.2177097,0.34854928,1.415772,1.0281973,0.61390364,0.8647638,1.2845969,0.40366176,0.9442093,1.576947,1.5776527,0.2802511,0.19886513,0.29154548,0.5819097,0.5042312,0.013458816,0.18721353,0.20863567,0.9551303,1.3881419,0.7184821,2.416195,0.17510623,0.8794808,1.2137718,0.9248386,0.059569612,0.0,0.33642998,0.81162983,1.4628807,2.5705724,0.51045674,2.893449,0.37799826,0.8717457,1.161782,0.3076591,0.4404347,0.19575508,0.7483256,3.7001312,0.80487937,0.6731631,0.091673225,0.738393,1.726785,0.61425656,0.59690446,2.9611084,1.0496131,0.6607213,1.8917555,0.07843047,0.20341635,1.5566546,0.65349245,0.8754289,2.1581097,0.71840477,0.0032432806,1.3574864,0.640288,0.3847031,0.47219637,0.67539483,2.5154798,1.0252149,0.95881057,0.7488167,0.9649447,0.543334,0.25911987,0.4599077,1.3986212,0.7091863,0.2453195,0.45271745,1.8405892,1.1004224,0.63300204,0.29013488,0.08933824,0.523167,0.34601554,0.5890781,0.17970294,1.1112373,0.15826556,1.6400052,0.6917569,1.5881883,0.65257233,0.9891927,0.5236841,0.0050886353,0.30803683,0.7501883,1.250357,0.051509127,1.9406245,0.5310662,0.94085646,0.5520673,1.3356389,0.8902472,2.2465978,0.34631807,0.8248557,1.236952,1.3305722,0.7781912,1.3664625,0.17048211,0.6830519,0.20634377,0.82039446,0.98657227,0.84844935,0.10604875,2.3968997,1.8538102,0.98782736,4.1400194,2.4645295,1.2376171,1.8992676,1.9987602,0.33262685,1.0686864,0.31284612,0.029051475,1.7362332,1.5809616,2.6547325,1.6946316,0.46956703,0.67411584,1.1918528,0.13342272,1.1259892,1.0534786,0.67689383,0.559156,1.8974297,0.44556838,0.10285748,0.3084741,0.08762757,1.2386268,0.79265326,0.22011897,1.1871274,0.641666,0.8592786,0.36990705,1.3588182,2.3577979,0.9399664,1.9657303,2.4374144,1.9401464,0.88022745,1.1328485,0.23558544,0.94266367,1.2389705,0.3796818,1.1011443,0.20876697,1.4380157,0.66307783,1.5015594,0.62167597,1.2552468,0.69412947,1.0167462,2.513497,0.82593894,0.35851586,0.26538262,0.14502579,0.86609685,0.9425776,0.072536126,0.6087627,1.3888506,1.0929308,1.7358938,0.8814706,0.5540142,0.22348775,1.0706644,1.0287988,0.0043774466,0.3674322,0.057632312,1.7206744,0.6325515,0.022446658,0.36789092,1.3561463,0.8306746,1.3531525,0.07480179,0.05685023,2.5461907,0.8316386,1.0368727,0.21596816,0.78678167,1.0547099,0.4763988,2.3207035,0.49771804,0.7228328,0.2343596,0.17580277,1.1629546,0.86154175,0.453895,0.7702403,0.6666917,0.63267845,0.46992445,0.47683987,0.06564572,0.43674773,0.18065655,0.13190475,0.47127032,0.45357823,0.14906318,1.2813718,0.0,0.8666945,0.069906,0.43612206,3.0181653,0.45086598,0.17580599,2.2063358,0.720584,0.251407,2.485309,0.6383062,0.06315314,1.4650645,0.3366551,all_pothole_images\pothole_images_optimized_image_197.jpg
1.7851499,2.055124,0.6376463,2.267449,0.48955882,0.2760237,0.041180912,1.0972537,0.24329847,1.6115427,0.10576383,0.2141179,0.027826147,1.1667897,0.63633454,0.9908447,0.1607358,0.13486576,0.3866019,0.7696183,0.10050145,1.2286428,0.3976803,1.0028477,0.10835098,0.5448511,0.13468358,0.557699,0.3314608,0.41183934,0.6180036,0.5204888,0.8919327,1.8175138,0.20345932,1.8051028,1.0276797,0.5632048,0.21629901,0.5321007,0.03916699,0.35709482,0.15181234,0.061007578,0.9579039,0.028150609,0.033731695,0.0,2.6721425,0.49154705,1.5763708,1.288943,0.44970274,1.6305374,0.43246847,3.3105454,1.2353663,0.83445364,1.0313027,0.74461895,0.8039411,0.43534452,1.6739686,0.53514665,0.8353768,0.5900639,0.3738718,0.22867718,0.26695034,0.6556165,0.47200978,0.51559484,0.44666296,0.024598403,1.1932046,2.7670364,0.069830626,2.482534,0.27825978,0.078138545,0.70097566,0.84446156,0.20660934,0.49540842,0.77973175,0.6764705,0.49932712,0.54629475,3.4957788,2.6307812,0.077136755,0.090526514,1.2167459,1.2498002,0.3048792,0.28810775,0.50465274,0.3492339,0.8575509,0.583989,0.2617793,1.4201884,0.8841663,1.5644776,2.2945163,0.3371199,0.6750586,0.6337497,2.144368,0.8500964,0.36911678,1.6592504,1.0028324,0.97276866,1.5548671,0.5668225,1.0021852,0.82407004,0.31714764,0.79841423,0.63660467,1.4751915,0.22593062,1.4075389,1.6959946,1.2860585,1.5760392,1.5350872,0.47091472,0.35106573,0.5743268,1.0220237,1.3908017,0.16340104,1.8472539,0.40116298,0.09460151,1.4367951,0.24428216,0.5033518,0.363885,1.0320095,0.5337233,1.1030345,0.3037897,2.474071,0.8794132,0.7696913,0.0011779601,0.9758823,0.30603886,0.69451654,0.3793616,1.195481,1.2930104,1.2578402,2.0849063,0.42592683,0.14407945,0.24520765,1.3988887,0.4563187,0.08122932,5.086007,0.27823535,1.3733578,0.51396453,0.89459795,3.2379327,0.87594885,0.4566427,0.3159149,0.35481963,0.6116874,2.1919565,0.3175753,0.24595505,0.012114697,0.6420616,0.1990539,0.5900329,2.138079,0.8763594,0.5858628,1.5185064,0.302017,0.01832195,0.40349546,0.79403234,0.94288564,0.31067574,0.63615507,0.05886619,1.216879,2.0218453,0.23372328,1.6569979,1.8781728,0.2449498,1.2185712,0.5726759,0.9110856,0.1045455,0.42083538,1.5425751,0.5323314,1.5300598,0.58397585,1.8486085,0.18013759,0.07915524,0.0056917914,0.7801026,1.9497958,0.59710604,0.2276455,0.25957316,0.09301368,0.7638481,1.5106814,1.5066322,0.25867683,0.48581177,0.77324426,0.31767437,1.2610806,0.5602333,0.10006769,0.91227317,0.1828399,0.8151797,0.3506707,0.051493317,0.83727527,0.33506346,0.3711728,2.0493174,1.2108431,0.2799283,0.6486105,0.3404165,0.61596704,0.99640745,0.3276631,0.8178508,0.06637262,0.39696705,0.021533545,2.2460396,4.228193,1.4432609,0.93784463,0.17326939,0.28616208,0.6174793,0.056493387,0.9548895,0.4563084,0.72047865,1.5591259,1.1484782,0.10202962,1.1183269,1.3002187,0.2948105,0.23673855,1.6523932,1.203549,2.170852,0.01411874,1.3863986,0.05538777,2.1188338,0.81808984,1.2284628,0.67672193,0.43239123,0.56330436,0.2080109,0.36752856,0.025268795,1.3555506,1.1303915,0.8754568,0.77536976,0.52687496,0.65438664,2.818618,0.5818834,1.022357,0.032543212,1.0895334,0.15425053,0.99103904,1.9711034,0.71659315,2.7215793,1.768784,0.4703082,0.38287532,0.30490646,0.22226049,0.10958259,1.1335645,2.8839135,0.4076675,0.7862708,0.27289158,0.45540732,0.08100517,0.8907028,1.8630449,3.7065349,1.7635202,0.57832843,0.79948896,0.043546118,0.2853755,1.2957827,0.64210683,2.0671842,0.99125934,1.019301,0.014771454,0.13807279,1.6294987,1.4086614,0.8812053,1.1103873,0.27779922,2.2858803,0.009709683,0.5273553,0.7514665,3.3624775,0.043420393,1.0730438,0.491352,1.533243,0.28733075,2.7214704,1.2565867,0.6514127,1.0174142,0.37652615,0.29373324,0.43328327,0.14834823,0.026948642,1.2040944,0.69493383,1.4401568,0.7555464,0.7326396,0.8465158,0.67670375,0.9946791,1.3590862,1.330958,0.95027375,0.6825306,0.6007325,0.9683722,2.14662,0.19093463,1.2111164,1.0905442,0.44668752,0.45987642,1.1043956,0.6628123,0.5769183,0.46623674,0.6982497,1.3703793,0.31248307,0.37435722,0.39308795,0.3164125,1.2118888,0.770003,0.447749,0.5504806,0.3138681,1.4586539,3.4328525,1.4761908,5.3852015,1.1409162,2.257286,0.43374908,1.2459807,1.4209204,0.21657072,0.7150421,2.8682,0.27543256,2.4741213,1.154348,0.090724215,1.8949345,1.1512156,0.7209132,0.12923612,0.29594627,0.49901345,1.0892748,0.513883,0.09623866,0.89057016,2.058043,0.6616659,0.37791282,1.6773691,0.034433633,0.37191656,1.450943,2.4835877,0.550314,1.3102881,0.9155205,1.1719813,3.5026703,1.6142426,1.735494,0.95365715,0.6648491,0.6226885,1.1403083,2.0470247,0.73056746,3.9578106,0.1810868,1.0976906,0.15677778,2.9433727,1.9944861,0.72694016,0.9173386,1.3896916,0.096988246,1.4914268,1.5896459,0.15458801,0.33585462,0.116012745,1.2677228,0.84751004,0.35196117,1.5149112,0.18925095,0.19246581,0.4133459,2.7964568,0.24169877,0.84746766,0.9632224,0.4598994,1.3747443,0.15922272,0.81407773,0.056005508,0.8919855,0.9111949,4.602259,0.52593005,0.57715946,0.08701547,0.47703046,2.4327831,1.6033325,0.2934045,1.2712784,1.7173911,0.972635,0.16086787,0.5873958,1.0499156,1.03629,0.584153,0.5554948,2.320275,2.669703,0.054125424,0.56600827,0.7724894,1.8871559,0.09130408,1.4177843,0.40158984,0.49569198,1.3152726,0.29778317,0.015691359,0.08664598,0.15794808,0.40840876,0.017985681,1.3760988,0.6320824,2.1017022,3.1769958,0.3384893,1.1834984,2.203536,0.5139764,0.15584943,1.5578353,2.1591983,1.4768064,1.3098966,0.24629074,all_pothole_images\pothole_images_optimized_image_198.jpg
0.12810726,0.48812947,0.17769554,0.6042851,0.30916002,0.21058415,0.5857255,0.25862458,0.11284051,0.2584098,0.36221838,0.41014823,0.22789328,0.63332176,0.037721742,0.107567854,0.14892846,0.8627989,0.40397307,0.10344898,0.03401814,2.5515676,0.39313117,0.740684,0.68812716,0.28563818,0.069980614,0.93483734,0.0,0.2880643,0.35471895,0.5675454,0.15956321,0.47482654,0.3127339,0.51843905,0.41269568,0.67955905,0.18235053,0.73072284,0.38078976,0.1683754,0.34053737,1.9938304,0.2190179,0.29121312,0.040199533,0.017882267,0.21173294,0.11171296,0.4203352,0.28036445,0.48202705,0.10921224,0.035702173,0.29435855,1.2316332,0.040701784,0.11828414,0.0026032876,0.013802227,0.0321909,0.93361384,0.017747873,0.5402855,2.028395,0.2570539,0.5119701,0.6215091,0.25914744,0.036997512,0.39470628,0.08428307,0.0,0.31750566,0.03526894,0.11895886,0.16810232,0.0,0.098172195,0.116449304,0.26337856,0.15161343,0.8945169,0.29786542,0.16164745,0.4457763,0.5294512,2.111931,0.006376102,0.5670421,0.18193223,0.024796376,0.5074713,0.022667043,0.00092777127,0.66400677,0.56874716,0.49864516,0.004588926,0.3340876,2.1187775,0.1419176,0.07980945,0.25386348,0.93098974,0.17873949,0.7603481,0.1249083,0.45297956,0.018905869,1.1445843,0.1500344,0.85818845,0.1472398,0.04865704,1.5922854,0.23917294,2.3427176,0.9670098,2.1872625,0.59014493,0.46947193,0.10933311,0.18535264,0.4180503,0.1474921,0.32299504,0.27589524,0.12126547,0.22125657,0.0,0.28638792,0.22335376,0.053016145,0.3854561,0.3161486,0.6054681,0.8063312,0.24520749,0.5742642,0.35983217,0.068447016,1.3719915,0.0,0.39602846,0.07712238,0.39485264,1.0472147,0.4312185,0.40866753,0.46123573,0.00049204304,0.09277058,1.4959711,0.7309296,0.7772487,0.0932295,0.6005229,0.109330006,2.3642569,0.4734682,0.288945,3.7011507,0.09661459,0.29069293,0.7643273,0.29277408,0.8638771,0.80858254,0.13779949,0.021567155,0.07281775,0.099701695,0.31789848,0.124807164,0.2415441,0.0,0.008160849,0.11530367,0.0060595986,1.5350207,1.7683893,0.34753552,0.92402536,1.0888666,0.31321803,0.45684993,0.31864104,0.4058341,0.18079777,0.20392898,0.33062494,1.9171176,0.3308295,0.16659246,0.45161438,0.64770156,0.22712027,0.28704298,0.5930473,0.47907645,0.90368384,0.7985963,0.9276772,0.34461993,0.6122603,0.32508123,0.33173743,0.04316956,0.0020836736,0.3015264,0.43501455,0.7128724,0.100111865,0.26017106,0.53382295,0.009140994,0.36971337,0.026895804,0.28197303,0.69633996,0.4540225,0.1432893,0.47881418,0.29881692,1.6483598,0.0037592822,0.048062555,0.4871666,0.12150389,0.34277147,0.30978388,0.07589914,0.028939454,0.17088763,1.2315605,0.014196434,0.009038159,0.16051307,0.19914551,0.45480174,0.27779487,0.23306924,0.29095674,0.04565892,0.58891064,0.52199703,0.23831674,2.4863865,2.3221235,0.122216515,0.41084307,0.05016721,0.2118328,0.50399876,0.6639745,0.27965683,0.091209956,0.3469474,0.018666355,0.032623198,0.28909647,1.1070621,0.58149666,0.23165525,0.047638066,0.20169704,0.5049258,0.037394866,0.41605252,0.09502891,0.09209803,0.4115897,0.7630408,0.984889,1.06167,0.16673708,0.097435705,0.90294445,0.3889768,0.023531023,0.17396927,0.07370086,0.5188383,0.29049453,0.15700684,0.28005406,1.0076891,0.17318608,0.32409984,0.11616143,0.06352899,0.90769964,0.015872005,0.038790278,0.47529632,2.2464375,0.21280403,0.042891316,0.6111583,0.5691044,7.009506e-05,0.4753165,4.0795593,0.27326095,0.33545232,1.0345618,0.09762565,0.18676662,0.8603333,1.1242788,2.5537672,0.3420997,0.025351075,0.2540373,0.012551709,0.5613139,1.4080393,0.3616941,0.38228467,0.078314394,0.0,0.13314076,0.3273834,0.038583882,0.045741938,0.12569456,0.45463625,0.20020975,2.1464288,0.9185969,0.066876374,0.030066453,0.0054562977,0.20982146,0.32001972,0.020963823,0.0,0.14984216,0.084617145,0.3755085,0.43575737,0.09704731,0.08638983,0.35119432,0.037242725,0.49741974,0.24129175,0.58324,0.57231915,0.47911608,0.51859516,0.01715389,0.042650722,0.002146621,0.044420924,1.4574158,0.1884912,0.9004785,0.15560642,0.14795017,0.32111555,0.0,0.0,0.018637173,1.6377469,0.20191328,0.26763424,0.0,2.189212,0.14056854,0.35373843,0.17763191,0.67868155,0.1723786,0.0,0.33291295,0.19303522,0.030769477,0.5141559,0.014284678,0.046031404,0.59341186,1.8712002,1.1806331,0.7637708,0.0,0.46749106,0.37660903,0.6844121,0.98165804,0.006438322,0.25331986,0.04192616,0.0017295087,0.60698575,0.4449987,0.12506498,0.41538918,5.126967,0.7812709,0.34896696,0.7506733,0.3074183,0.106842406,0.5732115,0.96639544,0.0,0.29388708,0.32709202,0.20849662,0.29215446,0.29312888,0.07621185,0.12519775,0.30913275,0.20770536,0.051346008,0.06230282,0.97641295,0.13177168,1.0755985,2.31607,1.736097,0.28213722,0.48553544,1.2087003,0.08417604,0.2250444,0.689133,0.02596552,0.1479379,0.0726651,0.55177814,2.5926917,0.654519,0.10828433,0.32477605,0.21627535,0.123799965,0.2924489,0.09611128,0.4411548,0.23045263,0.010707737,0.1461178,0.11395404,0.0,0.3747279,0.17326568,0.3153089,0.35413036,0.48508218,0.5729538,0.44934273,0.54719454,0.70386773,1.1558542,0.5965838,0.49536967,0.34663445,0.7683876,0.058258448,0.24401124,0.21341802,0.008731919,0.060410555,0.42609996,0.53168005,0.72687614,0.56842875,0.08940938,0.1361181,0.21134567,0.045029853,0.054607708,1.0791221,0.50254565,0.09972709,0.10255759,2.5775177,0.7409445,0.19061466,0.21519649,0.20376894,0.16287486,0.15436472,0.5239209,0.0,0.9804811,0.22740164,0.0,0.10008837,0.0,0.24344957,0.0043836976,0.25625855,0.11413006,0.8359665,0.12361836,2.2075775,0.46854824,0.130202,0.077396065,0.51420474,0.0334025,0.48597312,0.42889073,0.60538316,0.670563,0.3113429,all_pothole_images\pothole_images_optimized_image_199.jpg
0.10702867,2.670272,0.5678397,1.5535932,0.99066293,1.2105361,0.08550219,0.60325015,0.899216,0.51786375,0.45048004,0.34279644,0.75935364,1.830267,0.49289227,0.6975287,1.2392688,0.094794355,0.4839019,0.45457673,0.035137318,1.2674285,1.3471125,2.7808068,0.7003845,1.0006702,0.56391895,1.1375694,0.42710578,0.31683096,0.5309823,0.6948196,1.2438105,0.013689885,0.83945346,0.2787689,1.2961336,0.4734843,1.0972915,0.8848359,0.19287154,0.4892987,0.1587758,0.48443377,1.3227898,0.059299808,0.09493815,0.0,1.0688347,0.52950007,0.9483784,0.7925281,0.17176907,0.6030157,0.26543367,1.0238785,1.6346296,0.23846419,1.4855353,0.109311685,1.2282145,0.9036121,2.1516862,0.05540554,0.9745641,1.209668,1.4707336,1.1511028,0.84852767,0.81373245,1.1437283,1.2929688,1.0223088,0.18625839,0.21905132,0.93900996,0.028931193,1.4157816,0.06623539,1.2633176,0.06506196,2.2172759,0.5593279,2.6384165,1.3011714,0.22890504,0.56540287,0.24834247,3.7202399,0.55246127,0.15946302,1.724722,1.3835806,2.3920455,0.12012452,0.3134878,1.0538327,0.37783203,1.8629802,0.47190058,0.051381636,1.0683435,0.2995367,0.6494573,1.3366684,1.4714097,0.509991,0.27970204,0.31505117,0.3577592,1.659004,1.7455025,0.1667267,0.8381507,1.8187411,1.1783667,1.3237295,0.8659761,0.7547605,0.93514353,1.8977582,2.401834,0.8586302,0.9876509,2.1279433,0.5482859,0.12635866,0.3148957,0.6057378,0.4938689,1.2793077,0.9230598,1.3777758,2.5123997,0.12312864,0.3574571,0.35870188,0.43207398,1.1450037,1.4158572,0.6570757,0.062691614,0.24593484,0.9117402,1.0082499,0.2124023,1.2487017,0.0706711,1.0270915,0.27883205,0.10611003,1.3686472,1.0164635,0.06383226,0.52029836,0.4914649,0.2571218,0.34948492,0.025071116,0.017302556,1.1921612,0.23269096,0.18512128,5.051059,3.686187,0.30384827,1.6168536,0.5593806,0.3500446,0.3478985,1.0724211,0.45566282,1.3457683,0.3968231,1.6107613,0.0016895061,0.5214892,0.1731471,0.08553333,0.18631439,1.9876186,1.612884,1.3477621,0.87049854,2.2107837,1.4966947,1.3717846,0.73935676,0.43575752,0.65005326,0.9564354,2.4896204,0.49567354,2.7088237,0.4748542,1.0540229,0.084920704,0.5769527,0.067540646,1.9195346,0.6113576,1.7831223,0.10930546,0.13850759,0.28928673,0.13088506,0.48288664,0.029532578,0.75287616,0.7558066,0.9733154,1.005743,1.0529519,1.1779135,0.19531107,0.43921885,1.0055069,0.2784739,0.8366802,0.22485434,0.8557129,0.19449101,0.7343331,0.13824154,1.9846385,0.37786728,1.4936308,0.16580267,1.9625376,1.1827133,2.257478,0.54253715,1.2998812,1.0571157,0.08975768,0.4099542,0.30842727,0.7083072,0.01972586,0.11464784,0.35757437,0.24383862,0.34112394,0.14140607,0.48608604,0.29303318,0.7744105,0.07068764,0.39581284,2.26935,1.4290777,0.73709923,0.12546678,0.632207,0.81645644,0.24849905,0.75735486,1.1211871,0.334836,0.7094715,1.1312236,1.970988,0.33310032,1.2675295,0.45427847,0.16480276,0.2810272,1.0447034,0.05296658,0.08663581,0.27719766,0.05074282,1.6372986,0.92717195,0.30810395,0.34478,0.5398461,1.6186862,0.10891439,0.00976118,0.097668335,2.0801976,0.6041266,0.5558962,0.6579427,1.2443329,0.8726744,1.0840099,3.1369886,0.44817212,0.8452048,0.09338628,0.036923956,1.7827077,2.0721002,0.422454,2.352562,0.26546854,0.10351929,0.24981703,0.02329385,0.057948466,0.07901858,0.5383736,5.1986566,1.0379163,0.075105704,0.23155773,0.5928561,0.47395846,0.20049527,1.3308942,2.4763405,0.5309224,0.5665601,0.569097,0.19206135,0.29839438,1.7012575,0.7070392,0.07359456,0.7543176,0.3481203,0.06060607,0.29750675,1.1462415,0.6126374,1.3877991,0.14769883,1.7278907,3.2135265,0.6228479,0.64663094,0.5124458,0.9936072,1.3414268,1.2238059,0.36704108,1.1647108,0.18181375,0.73634905,1.0481975,0.3934461,0.10825669,1.2629303,0.0,0.154156,0.0429644,0.18140991,0.96055275,0.32751837,0.5001659,1.4039556,0.45624205,1.2687463,0.54286045,1.072099,0.6242665,0.9710008,0.018132433,0.4129029,2.4098926,0.077114135,1.8068275,0.06188795,0.4081688,0.60143584,0.9406556,0.20931923,1.6675462,0.49213028,1.0922064,0.20960741,1.7075583,0.43765047,0.83011955,0.83262897,0.36860338,0.306704,3.1649718,1.8485957,1.6462741,0.30560258,0.38095248,1.8680593,0.47512588,2.7526817,2.4998906,1.5498363,0.9427752,2.1148915,0.036087915,0.10107394,0.05623269,0.102743275,0.7615907,0.74195147,2.0043478,0.5651986,0.39288765,0.691311,1.4524801,0.0009767782,0.8425924,0.2571565,0.15772688,0.80304885,0.7213713,0.040475287,1.4219977,0.01598438,0.80748636,0.30796203,0.53806597,1.0184944,0.7982494,0.77999455,0.5323441,0.09005008,0.13040122,0.90137386,0.43409792,2.9229767,2.5383284,2.2478855,1.609465,0.49986064,2.0602624,0.41206005,0.91067433,2.5562086,2.1790423,0.65654427,0.37637472,0.36464787,1.6868513,0.6469805,0.38040975,0.11032092,1.0934466,0.550533,0.7228089,0.29754692,0.25925985,0.050519045,0.9137126,0.9029439,0.2695061,0.36396438,1.9023732,1.7740653,0.1666568,1.1274774,0.048204865,0.71343076,0.67037696,2.1875052,0.12689778,0.5396897,0.14653787,0.76807415,0.52208877,0.2833726,0.17026553,0.83490425,0.55696815,2.2440348,0.19560102,0.86552024,0.7120512,0.3142974,1.0149227,1.886818,0.014609438,0.2710828,0.010736105,2.142368,0.15007435,0.72438484,0.15596825,0.90131783,2.3178213,1.584249,0.49597108,0.60503334,1.1046516,1.2372447,1.4726313,0.26362067,0.23277645,0.20873222,1.9445187,0.68579763,0.005907111,0.05902818,0.19020501,0.4060039,0.10800387,0.41663355,0.22411782,0.42026544,1.5763938,0.35584685,0.21148455,1.1271913,0.24858618,0.099213414,2.4602613,0.4604658,0.5207652,1.34133,0.5102002,all_pothole_images\pothole_images_optimized_image_2.jpg
0.09497912,0.76702243,0.64529836,1.7892418,1.601594,0.76545745,1.8125311,0.6400989,0.80741304,1.6019855,1.0429232,0.55546427,0.0,0.63428414,0.29803538,0.35372686,0.032165162,1.5048703,2.987198,0.8876986,2.1440723,0.47545978,0.023105275,0.35577264,1.0626098,0.7219893,0.33377698,3.2056212,0.7963784,0.39241955,0.66657966,0.004414502,0.7966687,2.1338634,0.10733289,1.862083,0.4270743,2.4432056,1.003852,0.9667909,0.37311316,0.6629263,0.8876971,2.7655752,0.54488474,0.23176558,0.83920693,0.23113276,1.2815415,1.0373461,0.12385702,0.25722298,0.70796824,0.20153964,2.2114503,0.80162835,2.375479,0.6755507,0.9078896,0.87848765,1.4680177,1.0394326,2.16413,0.19419257,1.6383379,1.2813594,2.047646,0.47073925,1.2149314,1.5892005,1.8400849,0.52741885,0.13067171,0.07172143,0.5558713,1.1922795,0.033888265,1.6913712,0.0649175,0.70741767,0.04106633,1.8654709,0.4068254,1.0275581,0.0,1.4381319,0.7461851,0.34123966,1.3007449,1.6147313,0.05819127,0.7801308,1.0984672,0.57327855,0.8849976,0.7330048,0.6477758,1.1089348,0.8056306,1.9335135,0.022032725,1.104344,1.8735725,2.0772011,3.4356825,0.4924949,1.3410975,0.11914056,0.84711707,0.75796974,0.2878028,1.6038442,0.24028334,0.015148501,1.0704688,0.66798145,0.71852595,0.24286813,0.5651648,1.4133435,1.9430906,0.030364113,0.16534309,1.6417264,0.18786389,0.51667655,0.37112606,0.7716924,2.044109,0.87025154,0.50330895,0.49164978,2.5784802,0.62943673,2.181117,2.9014459,1.6572638,1.0899976,0.15224192,0.2412599,0.5067538,0.7780411,1.9323964,0.41735923,0.58982474,1.0801564,0.31136984,0.1754789,0.2608579,0.19406217,1.1775956,0.21915743,0.2199201,1.0713322,1.8668401,1.4219682,0.6612773,0.17790174,0.7235845,1.1258059,0.41961193,0.72840816,0.9154596,3.092568,0.5947626,0.10602259,3.2567751,1.2005734,0.3581551,1.5210375,1.4757499,0.58220434,0.3522173,1.5718452,0.32998368,0.8280913,0.46584833,0.7211296,0.36534947,1.1278512,0.67046666,1.3869355,2.1795144,1.6575862,1.3381094,1.5922508,0.23678951,0.66577023,1.1923501,4.4921045,0.041638628,0.74576694,1.3368841,1.2769195,2.1822362,0.7378465,3.4485002,1.2827936,0.008062392,0.11479413,0.20473562,0.42005894,1.0650618,0.0,0.34130263,0.1135034,1.0142757,0.7706327,0.82315606,2.0331106,0.206342,1.0349566,1.0134017,0.13622516,2.1871343,1.6581134,0.44936395,1.9292415,2.5004954,0.63026047,1.0505636,0.3262342,0.12644754,0.81187564,0.05023776,0.9789743,0.11561814,1.9182689,2.0520828,1.4171576,0.67082065,0.13485138,0.8998785,0.36169702,0.23999189,0.7708975,0.8028421,0.4221375,0.0,0.8113523,0.2506718,1.3134996,1.5149136,0.7381743,0.41539615,0.9950255,1.4775767,0.40234882,1.6847144,2.788722,1.1125845,1.2614946,0.114744075,0.769796,1.0049201,1.1916872,0.33181438,0.0994048,0.8489858,1.6402445,1.2658929,1.4665365,1.4721448,1.6082907,0.7846432,0.15805814,1.3811829,0.10359378,2.094571,0.25542226,1.1756063,1.3616873,3.7906656,0.17466296,1.7157923,0.3338046,0.24483715,1.4523001,0.21131925,0.6752892,0.5717646,0.3746239,0.34044543,1.5988891,2.3788638,1.2313827,3.3909752,1.4997972,0.85055095,0.031709574,0.11539715,1.2042168,0.7186349,1.2691876,2.3341157,0.12939666,0.2026214,0.3035223,0.21206611,1.1018414,1.6723409,2.0230634,0.91363734,0.37891465,1.9565163,0.06346254,1.2490474,0.43424162,0.99525857,2.053114,1.4749594,1.2986785,1.7242295,1.3795786,0.6962803,1.3634908,1.4026359,1.4217178,1.9364611,0.3264424,1.2694174,1.4269208,0.64445674,0.09033772,0.087616384,0.9039246,0.99379957,0.63135636,0.72909695,0.40462118,1.1735585,1.1104722,1.1549968,1.2029471,1.3590692,0.62760514,0.90007746,1.9502355,1.9079864,0.95668596,0.7825097,1.8389204,2.065933,3.6181378,1.4654278,0.25747973,0.36687127,0.6589485,0.33473784,1.320576,1.0479587,0.9335038,0.4370106,0.38684466,0.32794487,0.0026761105,0.07052592,1.2409253,0.7481622,2.2027934,0.9357491,1.7121167,0.55061275,2.248741,0.70962346,0.6123375,0.8745441,0.6578187,0.17346604,3.4322371,0.61010164,0.8100584,1.3854009,1.1356784,0.6956121,0.97740173,0.35516477,0.16288313,0.04629801,0.24461988,1.772578,0.3515825,0.21111374,0.047437396,0.10637994,0.93352914,0.964351,2.696318,0.2308131,1.761307,0.7490541,0.31863153,0.80889493,0.23499109,0.04530305,1.6374782,2.0715935,1.2148552,1.6943047,0.027081031,0.00663485,2.0156279,0.2953293,0.06161517,1.6459014,1.2975345,1.0859782,0.58329725,0.9726073,0.87921816,1.6814536,1.76452,0.10752578,0.98587954,0.8661149,0.2748288,0.6791364,1.0099422,1.0101446,1.0618719,1.1009803,1.5527018,1.2001201,2.7861848,1.5193824,0.16802001,1.9696356,1.2144051,0.047850862,1.2823013,0.1245705,0.20397046,0.5432455,0.63186145,0.57839876,1.7606684,0.95599914,0.42052013,0.58273625,0.3685374,0.6074409,0.71766084,0.35846877,0.004342919,0.0051557147,0.12551907,0.2930343,0.6950176,0.4666048,0.5621074,1.898219,1.2720816,0.48403332,0.50070417,1.4288244,1.9786359,0.00873363,0.6212973,0.85658455,0.3434041,0.7056629,0.03991228,0.5139732,0.6370741,1.3126003,0.6173363,1.3127631,0.50433195,0.4480904,1.6668332,2.0063186,0.10755881,0.0050106593,0.028184941,0.08498673,1.5908376,0.054420363,0.9177569,1.0007259,0.0910668,0.25658688,1.0953982,0.5985261,1.2878239,0.5778376,0.5810317,0.43472806,1.8178142,1.1267318,0.8423727,0.26997095,0.26336214,0.8697866,1.1433549,0.12832163,0.23745385,0.069972575,0.31100082,2.2945921,0.8142774,1.3956077,1.5587978,0.4143568,1.1444194,3.1954033,3.0814753,0.45361227,1.5402794,1.6122631,0.9162682,0.8814936,1.4049826,all_pothole_images\pothole_images_optimized_image_20.jpg
3.001447,0.7762432,0.26899353,1.8913937,0.5158034,1.6364037,0.9058752,0.011964227,0.011766422,0.42549044,0.4052244,0.57506645,0.1488502,1.2402425,0.074629985,0.22232926,0.36848328,0.0,0.5554654,0.16288304,1.1840518,4.259412,0.22719014,1.9382508,0.5591286,0.349674,0.0,1.3984941,0.37864715,0.38078135,0.68064755,0.22357728,1.3048716,0.5167436,0.03345951,1.9709622,0.6526108,1.2749677,0.8948769,1.0353723,0.30372038,0.01733751,0.08125526,0.03598986,1.8925934,1.2300537,0.08891328,0.09413243,0.20790996,1.7152299,0.8877543,0.13325861,0.19480915,0.31937844,0.0,2.726471,1.433096,0.5005194,0.3892927,0.33410928,0.0,0.34416813,0.3912147,0.7561787,0.31014192,1.3118939,0.3321555,1.6907227,0.50019616,0.46754315,0.23952977,0.1564007,1.4413371,0.41769856,0.469205,1.8645217,0.28889367,0.62400335,0.25489607,0.046055067,0.580289,0.5214445,0.7369665,1.9457278,1.0923984,0.28732362,0.13612582,0.50587726,2.6340752,1.3112409,0.052520774,0.026613776,0.33174592,0.1404419,0.13520889,0.07802104,0.9571614,0.38189903,1.4351202,0.02862669,0.6100014,1.3953294,1.1404595,0.14476162,0.15319057,0.059422325,0.16147965,0.9721474,0.14062074,0.15555204,0.013765976,3.040475,2.9627912,0.5300852,0.8111014,1.2736697,1.2799425,0.21334067,2.6556182,1.970486,1.59154,0.42033792,0.0,0.31711024,0.15614101,0.8343839,0.33929387,1.704346,0.07861694,0.2965659,0.36109084,0.0,0.059348688,0.49829537,0.2558237,2.1643753,0.23398125,1.8242719,0.23873056,0.9449978,0.03580884,0.24159645,0.10138757,1.0340747,0.24589464,0.16785127,0.52281225,0.81194484,0.88072824,0.04001058,0.4494604,0.3188229,0.14468718,0.039727293,2.1131864,0.14394233,1.1101524,0.8265732,1.9701403,0.18627563,0.5534813,0.7109116,0.19918455,1.0286363,0.011967782,0.39514416,0.63078076,0.06804558,1.7101743,0.48009497,0.31834456,0.0,0.06273238,0.35434014,0.665875,0.03301226,0.94594115,0.014770227,0.3199238,0.012163497,0.00010533545,1.4889187,0.53663707,1.7167132,1.3862585,1.0918871,0.8186582,0.12516305,1.4841651,2.2811365,0.24166276,0.1863071,0.0,0.91790366,0.80678636,0.3602221,0.052099913,0.9978241,0.7914468,0.6950453,0.1120273,1.1999763,0.47812083,1.3789642,0.6664281,0.2444941,0.52090263,0.1245845,2.644104,0.11971595,0.18710952,0.16810808,1.2469493,3.8051598,1.7953844,0.9953541,0.268082,0.17974378,0.6669103,0.31654686,0.5820143,0.57009095,0.44685873,1.5882618,0.00032557698,0.15110263,1.1391499,0.014482365,1.8287717,0.12671857,0.5416218,0.30921286,1.0540212,0.32618928,0.7653633,0.36797035,2.391748,0.10885316,0.0051846723,0.0046418565,0.29429224,0.34145027,0.38011208,0.021926295,0.028137228,0.034623764,1.3081181,0.7166609,0.51163924,4.309603,3.4581537,0.9285399,0.4621284,2.614424,0.025752552,0.2576012,2.6615553,0.031460006,0.30770308,4.0989285,0.0,0.16800292,0.6180248,0.77816725,1.1930802,0.33603176,0.5845779,0.52089417,0.73548645,0.21703416,1.0998465,0.55048317,0.054622628,1.0550277,1.679614,0.53535706,0.9787201,0.08486587,0.06779806,0.49513733,0.5790159,0.36451256,1.0310236,0.23946019,0.18454082,0.7656065,0.74957603,0.33253592,0.19331753,0.009117019,0.18185426,0.95492476,0.050518453,1.2675751,0.09598906,0.3085683,0.018341312,0.70652086,0.161202,1.2407804,0.24226682,0.8754733,0.12581618,0.75473875,4.887096,0.57461864,0.10245407,1.0744662,0.14637807,0.06947382,1.4572439,0.3936966,3.2782984,2.0151815,0.2023215,2.3366048,0.026467435,2.4603603,0.52919024,0.05606587,0.1782933,0.02640049,0.38404292,0.21431397,0.08802853,0.2480705,0.7360187,0.12147867,1.6035794,0.11879518,3.59619,0.5398698,0.2799472,0.65397596,0.0068483,0.28334907,1.8333064,0.09710024,0.08218635,0.33866048,0.43795222,1.1994526,2.8932233,0.09807612,1.2153379,0.7952167,0.42837057,0.015789516,0.59979886,0.29453453,0.22308864,0.18260095,0.35673794,1.6751864,0.8602685,0.79137176,0.12340826,0.4164419,2.0589964,1.6168387,0.30445716,0.5672933,0.5009011,0.2816015,0.0,0.94744873,1.1309977,0.011204306,0.07125001,1.0082474,1.0047393,0.035781987,2.2027118,0.23056039,0.49265373,0.28912994,0.8196997,0.045240488,2.0930593,1.2071921,0.35001707,0.055099253,0.33176234,1.0042453,3.034676,0.4667565,1.7014207,0.054030817,0.54179674,1.5684094,0.3749911,2.3831506,0.29972598,0.8212544,0.0,0.010504827,0.6914215,0.14247392,0.22276944,0.5955606,1.617062,0.8706737,1.7948462,0.0075622736,0.7857803,0.5191446,0.9405673,0.4505427,0.030450996,0.40884024,1.0882435,0.82137334,0.015119725,2.1794677,0.29665098,0.4533509,1.1185707,0.19713512,1.7394005,0.46869493,3.2513165,0.98275757,0.7240662,0.32176718,3.7077405,0.8860148,1.0117576,0.1393176,0.26590466,1.2425989,0.38659504,0.82605445,0.6662105,0.52772576,0.11605311,3.9577467,1.491857,0.47587475,0.3603101,2.3495355,0.40686637,0.37895042,0.12381309,1.0065519,0.6108143,0.27993545,1.2619987,0.44859436,0.13621639,0.8591439,1.299621,1.1286387,2.8140523,1.1688161,1.3438474,1.2632428,0.7020371,0.4602693,0.21739343,1.693568,1.718102,1.4205512,2.4271042,0.6429607,1.9496964,0.1555405,0.4595211,0.79266906,0.27315265,0.8914664,1.3148881,0.035110153,0.42332965,0.53389126,2.920136,0.06587849,0.0051353257,1.1397072,0.4820593,1.0113041,0.6511409,1.9702014,2.007346,0.29701328,0.08662377,1.1115935,0.25031757,0.35006636,0.78039485,0.11811705,0.20672569,1.5337812,1.1124038,0.0071364227,0.30951113,0.17159776,0.7318294,0.94469637,0.1556534,0.066153444,0.4482797,6.970014,1.1454685,0.0,1.8227296,0.9918892,0.03525218,0.7785594,0.15443556,0.6218501,0.6863314,0.9987609,all_pothole_images\pothole_images_optimized_image_200.jpg
0.06932864,0.8535955,0.10500407,2.2793696,1.6611799,0.021397999,0.18800586,0.18188502,0.0014450599,1.3136805,0.44442126,0.47840965,0.022789042,2.0668821,0.08312528,0.078591175,0.5713268,0.5395936,0.4814601,0.060000006,1.3570727,0.7866046,0.06431066,0.56563437,2.4124675,0.36188665,0.7533756,2.8552139,0.45081913,0.20383091,0.5449653,0.08198997,0.57586575,0.13121356,0.4137847,0.9387714,0.22158135,1.8433746,0.5741741,0.30355528,0.02338455,0.1851964,0.53757304,0.91835874,1.2555737,0.26595178,0.057764567,0.0,1.7440101,0.67897314,0.7279531,0.0753723,0.64834857,0.21887028,0.050222386,1.5528827,2.661475,0.33041984,0.0098183965,0.41829377,0.87972164,0.053748846,0.8418142,0.1544163,0.7137081,1.4048713,0.4208814,0.002976519,0.05272802,0.30013204,0.31986687,0.42298108,0.12099859,0.090508476,1.1234572,0.12078976,0.0,1.1820686,0.01587472,0.74636877,0.0059165144,0.11027212,0.18264651,2.8031492,0.525402,0.039452344,0.28293318,0.06814491,2.13163,0.12693611,0.35016116,1.0140584,0.058172654,0.033508,0.12359995,0.10241518,0.41835567,0.446955,0.3833545,0.75173515,0.27608812,3.9719718,0.076801576,0.40456733,0.42722145,0.062877364,1.3741089,0.23560098,0.009823089,0.071617365,0.3435187,0.8824585,0.32405186,0.36806938,0.9332012,0.21206951,0.50377685,0.14904672,2.1983013,1.3252227,2.4326377,0.42687395,0.00055634975,1.4179765,2.2083037,1.1445856,1.4477,0.04421271,1.6449846,0.30537236,0.14307599,0.01038363,0.0059788227,0.1729931,0.52692986,0.18887441,1.1777623,0.29365703,0.7712997,0.016040698,0.5033804,0.79216003,0.099134125,0.14063434,0.175081,0.67868,0.0075016976,0.41494372,0.45516098,0.05255963,0.024348475,1.0421437,0.08808057,0.5349483,0.8746799,0.539299,0.31398574,0.07406095,0.8286864,1.1292462,1.3309292,1.1595939,1.9760715,2.3912456,1.2151623,0.76493686,1.3835776,0.107363485,1.4410205,1.4313072,0.05774247,0.030997606,0.35762015,0.09089173,0.09066982,0.28701642,0.6267161,0.28893778,0.098291,0.18099765,0.044168796,2.105107,1.4534872,0.57317746,1.6507988,0.10369318,0.34030905,0.8020569,0.20793046,0.32729012,0.0,0.28488463,0.26147166,1.204643,0.34988573,0.3494197,0.52604294,0.14087214,0.4794963,0.31018957,0.4884331,0.6676278,0.44208595,0.56391305,0.45066887,0.0,0.094664715,0.07295454,0.75141853,1.0069658,0.0,0.014936953,1.7720411,0.14688429,1.1998868,1.8621153,0.7855968,0.03892354,0.040718507,0.86820173,0.92145866,0.41994947,0.5792011,0.16837323,0.0,0.04448268,1.1818128,0.5805523,0.22433993,0.9308604,1.6332237e-05,0.074925534,0.4140546,0.09462943,0.02220115,0.013794455,1.9024326,0.10083032,0.004600186,0.53867275,0.53876966,0.01458231,0.31719434,0.5443743,0.60039085,0.0,0.4924841,0.19456547,0.011828311,5.1219306,1.220351,0.22257653,0.16132902,0.0029937893,0.0,0.2752122,0.45035866,1.0352,0.1768759,3.229346,0.7947897,0.47180828,0.17936282,0.13069662,0.55311877,0.25522196,0.3645284,0.13735293,0.91812015,0.10503379,0.76055473,0.089233145,0.88916993,0.18385969,0.5347329,0.6354071,0.05989428,0.1655396,0.12329117,0.22518566,1.5745463,0.21907642,0.13963346,0.38746044,0.8579152,0.6895915,0.9688938,0.23632286,1.7431643,0.1681646,0.13340017,0.0,0.073330745,1.3513702,0.48806354,0.66382253,0.41936454,0.886523,0.10805786,1.767131,0.8491936,0.2162789,0.021088313,0.0015575588,3.9383037,0.27043277,0.09089028,0.029429093,0.10765533,0.90614504,0.2891345,1.5014853,1.5419364,1.2738996,0.46334395,0.49086162,0.01057087,1.005223,2.5573719,0.11855799,0.040534258,0.14971039,0.17083737,1.3089392,1.4955645,0.511283,0.34749305,0.19625132,0.532398,0.09234369,1.39919,0.48809174,0.017861377,0.01862473,0.332901,0.021868221,1.446103,1.0064933,0.60719514,0.7017413,0.03759693,0.10378794,1.772309,0.89699644,0.53572285,0.0010482231,0.13747387,0.67948765,0.49352357,0.18669474,0.78415734,1.0039049,0.24790053,0.38034472,0.109668925,0.08366462,0.22971942,0.72866756,2.0637197,0.26283914,0.0049660094,0.0033288253,0.9896391,0.18439555,0.020563811,0.0891987,1.7365885,0.8283023,0.2334905,0.19927834,0.9512612,0.36387548,0.34325337,1.0727233,0.09185212,0.9683498,0.2521147,0.18663777,0.30757478,0.25261202,0.732221,0.009333057,0.6016683,0.48391652,1.9688118,0.53812903,1.0864515,7.116397e-05,0.0,1.5421935,0.70858115,0.21747334,0.0,0.66709465,0.40754956,0.056872055,0.43595567,0.050772246,0.26405662,0.08505561,0.49522656,1.3700129,0.27300343,0.1738463,0.063533716,0.7613223,0.04271762,0.23757096,0.8421411,0.11496157,0.084899314,0.0,0.0,0.53419894,0.13305439,0.59158915,0.48152474,0.1286675,0.611719,0.21660267,3.1493948,0.07449066,0.4468418,0.8775894,2.7942371,0.27618825,0.8368804,0.24292435,0.16156217,0.3279364,0.78284746,0.7049146,0.87699455,0.20076253,1.3899792,1.2622391,0.39344063,0.19948253,0.04143199,0.23309346,1.813676,0.45274016,0.4789678,0.10179486,0.05231878,0.23971283,0.7593863,0.25461897,0.107364535,0.83186185,2.0158145,0.38893285,0.12589267,0.10206303,1.3582596,0.6761129,0.26981154,0.16423339,0.58250487,0.23818393,0.94839185,0.23155126,0.6703617,0.0052590575,0.3928019,0.8899476,0.24754556,0.0,0.11680099,0.48832765,0.0843977,0.6455186,0.35906848,0.040674146,1.2305472,0.004535139,0.50493735,0.68553555,0.91574085,0.022094624,0.14091118,1.440888,0.6463705,0.08294431,0.5442525,0.24498978,0.82015586,0.0,0.19889125,0.07992695,0.23771556,1.5494531,0.07656493,0.11701853,0.0,0.31244633,0.44405192,0.6560443,1.1101662,0.24934247,0.03881638,3.06832,0.49959198,0.20722206,0.31012082,0.21171099,0.10607303,0.59371006,0.24760386,0.10784681,1.1543378,0.09385116,all_pothole_images\pothole_images_optimized_image_201.jpg
0.07432543,0.8090034,0.27015254,1.72405,0.35294697,0.39084536,0.42626172,0.17074604,0.30996573,0.49862424,0.34020156,0.10203976,0.11692378,0.5542869,0.0513203,0.22480446,0.062133465,0.019875256,0.46495327,0.0,0.9634627,2.1406505,0.6984389,0.07533642,0.93708366,0.05430425,0.020967247,2.233246,0.081453964,0.09679832,0.5074896,0.085898414,0.3955494,0.11174616,0.13887833,0.64136666,0.1976803,0.3727371,0.25063443,1.7525586,0.0,0.0057623363,0.15512493,0.24505936,1.1316097,0.054820355,0.014960782,0.07139914,0.11684196,0.5852132,0.25613314,0.02718456,0.011598771,0.39382598,0.0070926505,0.39144027,0.86135364,0.004087324,0.39036617,0.054964814,0.13828923,0.1767642,0.3715857,0.15934694,0.21767694,1.7993691,0.88085663,0.047499713,0.62371385,0.020910678,0.14848426,0.17152907,0.50247353,0.042128354,0.12192858,0.5116271,0.1355709,0.096412994,0.0021432012,0.27500263,0.0,0.49939463,0.21750341,2.8607936,0.4099532,0.42821807,0.09969468,0.31285512,1.2745532,0.34980735,0.028312286,0.112965144,0.027222356,0.21808589,0.119462,0.21534008,0.12196687,0.23498698,0.4139192,0.20132558,0.31519428,2.1840386,0.30552143,0.0,0.21584857,0.08571625,0.20368257,0.23187536,0.03349159,0.23919539,0.0,2.2957144,0.037550673,0.14416416,0.21257529,0.16715965,1.5648643,0.19227998,3.3522403,0.48995742,1.2052157,0.12699607,0.027657477,0.49547818,0.3994475,1.7491496,0.0007746839,0.37332815,0.167814,0.06225275,0.6362173,0.0,0.10409462,0.019430753,0.13128299,0.4287981,0.1427369,0.55820715,0.62215436,0.01555427,0.32795957,0.37951222,0.04223207,0.62686443,0.0,0.41117275,0.042189088,0.00095278263,0.08955008,0.30113405,0.11468803,0.0044556772,0.08064128,0.24538861,1.6732988,0.30752653,0.29848936,0.06118353,0.1370854,0.39362958,0.5094847,0.30458876,0.12446265,1.8908321,0.021118004,0.0072716353,2.0544658,0.10485872,2.023683,1.1794304,0.0,0.0,0.017889516,0.0,0.36508262,0.07901384,0.004499012,0.022404084,0.042257387,0.0076905577,0.03203461,2.525961,1.2183349,0.2731423,1.0789485,1.0206063,0.17870817,0.12180816,0.36501822,0.49396807,0.2011495,0.10072108,0.002803188,0.7606656,0.34417704,0.007951839,0.50053805,0.3159871,0.39221096,0.2747787,0.36237258,0.16062737,0.054799754,0.5614493,1.1443036,0.0930311,0.57304466,0.43728423,1.4529629,0.24327952,0.0,0.023959415,0.6880901,1.2054193,0.81618685,1.2628442,0.14873944,0.08496149,0.41251543,0.20348874,0.091628864,0.55859005,0.050211523,1.2053716,0.090006635,0.10260707,0.71292365,0.066239595,2.068469,0.35218796,0.01192077,0.0,0.13321044,0.07201438,0.41430745,0.103808574,0.17669451,0.03883859,0.10998704,0.27847302,0.25182086,0.0983246,0.12400216,0.010256908,0.011532594,0.0,0.6188403,0.056602817,0.0,4.1499887,1.4682101,0.038933665,0.47174773,0.011210827,0.045570657,0.23320606,0.6902402,0.12941104,0.15354706,1.3722775,0.14960133,0.2354878,0.3124253,0.60532,0.25802922,0.4566754,0.16029957,0.17739038,1.0755004,0.0352004,0.03723997,0.06128485,0.35294384,0.0,0.535962,0.30350944,0.20891804,0.15031783,0.5457636,0.5249611,0.6711951,0.050673317,0.1782989,0.5049297,0.49816227,0.6143587,0.66303486,0.47768712,0.56151813,0.28261286,0.014472842,0.247177,0.017247071,0.68085253,0.20946766,0.3525123,0.059904426,1.3034027,0.41028142,1.4539664,0.5215194,0.34527007,0.00888559,0.24828745,5.0969477,0.012774099,0.14726157,0.25828186,0.18439382,0.25524107,0.22227538,0.2369709,4.2582703,2.1269085,0.23603882,0.426179,0.10815123,0.6059541,1.6577017,0.4760447,0.055370875,0.0,0.49721062,0.5472874,0.84321886,0.59627694,0.7054266,0.008593079,0.33810893,0.0096813645,3.557535,0.5413439,0.12624788,0.011631035,0.16431849,0.110594064,0.22258112,0.0,0.22173755,0.054900937,0.16446783,0.5240497,3.065549,0.107949,0.64403135,0.48916504,0.05883708,0.44530034,0.80665433,0.49864724,0.3200131,0.3433926,0.38628712,0.57737815,0.0,0.048630323,0.036834836,1.9275503,0.48188466,0.6764776,0.0014345567,0.062079433,0.17427833,0.0030436704,0.126499,0.06213905,0.8490062,0.21168545,0.11009461,0.01917106,0.5866842,0.0,0.8416036,0.002477067,0.33767936,0.097564,0.0048760837,0.17611422,0.5144196,0.0,0.160997,0.0064052427,0.56380105,0.3549304,2.8840032,1.6082458,1.0738989,0.0018333391,0.42165977,1.1506233,0.67161417,0.7310772,0.037649993,0.65128314,0.0,0.04846251,0.062951475,0.38135827,0.0,0.49773487,2.453312,0.0016670815,0.2851903,0.26529026,1.1117653,0.057127398,0.7055094,0.93138105,0.38307896,0.0,0.25928077,0.15223305,0.060627352,0.0032459109,0.17683925,0.05002556,0.34557137,0.20826207,0.07929767,0.0031213018,0.81933856,0.01520188,0.42463192,0.8387381,0.94105303,0.079080395,0.019217439,0.39307457,0.6644221,0.20809908,0.9428182,0.027270565,0.21936508,0.0,0.96432114,2.9674315,0.8510363,0.9340857,0.5518922,0.4581335,0.48729998,0.18875231,0.05470426,0.068451226,0.5394824,0.01739149,1.5032663,0.3741188,0.08097485,0.6325236,0.643869,0.23023567,0.7912367,0.24127652,0.95573145,0.49968445,0.18237892,0.26505372,0.4965353,0.93305135,0.2106687,0.10472625,0.27859172,0.08052564,0.16362734,0.5603533,0.009475666,0.020864831,0.0796061,0.2966932,0.397668,0.41835022,0.2031756,0.26782402,0.20186186,0.0,0.2470112,0.34663084,0.04326891,0.07178776,0.34533003,1.7376125,0.5843051,0.010806832,0.23396857,0.1025632,0.21087013,0.19767231,0.99721855,0.0961741,1.1087855,1.8950008,0.024675587,0.032346014,0.044806965,0.0,0.17634434,0.22756663,0.04405626,0.17340776,0.03559997,5.0780444,0.88120705,0.24584702,0.01301433,0.91516554,0.05953198,0.09310131,0.6166749,0.3089872,0.017701706,0.06552085,all_pothole_images\pothole_images_optimized_image_202.jpg
0.99673283,1.0807487,0.60414565,2.2650225,0.5341946,0.38846958,0.55754393,0.1831828,0.6478945,0.41561016,0.69335186,0.40769288,0.34099,0.94468904,0.115284614,0.09646502,0.096379474,0.09752388,0.4290083,0.41549227,0.23541598,0.5295906,1.4223642,2.2014506,0.098960444,0.08629096,0.036488283,3.0977075,0.082886785,0.11502344,0.43248788,0.14345588,0.77288216,1.2852814,0.58524626,1.1831093,0.49344066,1.0348872,0.01005407,0.005832988,0.025520464,0.13150771,0.5362553,0.9326374,0.03736814,0.6650079,0.16711593,0.1218963,0.085359804,0.29079872,1.1204262,0.39258933,0.34231478,0.0138166705,0.9743853,1.1164541,0.5950349,0.68737906,1.0547427,0.22841652,0.5886958,0.41192532,0.38759896,0.14340666,1.9006166,0.5710949,1.3881013,0.06457704,0.3149708,0.06488114,0.6822477,0.005405873,0.09615238,0.03565459,0.8843173,0.014435583,0.5650047,1.0820394,0.25050086,0.05158697,0.06700906,0.8654701,0.089415684,0.98899615,0.58312714,0.26859272,0.0,0.12920101,0.678451,0.294109,1.076805,0.29022458,0.006389597,0.22682859,0.5196453,0.23613742,0.2943498,1.0586809,0.057730533,0.14426269,0.09308316,2.0772893,0.13580362,0.6862949,2.5245552,0.6445137,0.4590744,0.42658326,0.11149953,0.96963024,0.023652386,0.21171227,0.069119774,1.288953,0.6138669,0.08719301,0.39832374,0.70913726,1.6271077,0.87110245,1.698499,0.37096298,0.3670681,0.5938945,0.620791,0.66003877,0.7287705,0.43632963,0.28456905,0.2678567,0.6602369,0.04375242,0.048385873,0.4149549,0.030394582,1.014232,0.73988557,0.17741993,0.018623205,0.19773214,0.8448863,0.036644936,0.9652708,0.83688027,0.14776921,0.3084998,0.0199833,0.0067983964,0.21574919,0.42286122,0.15301909,0.8167066,0.13104291,0.31016493,0.76411295,0.31472716,1.7298595,0.5733688,0.13083747,0.7153226,1.9046525,0.4606813,0.2251091,0.60514146,0.36261106,0.30828953,0.941004,0.21122685,1.0983456,2.2541835,0.06555789,0.28349417,0.013346052,0.3118209,0.092360355,1.3193461,0.6069375,0.082959965,0.1887642,0.0651037,0.0061676707,0.8090236,0.17734283,1.6217484,0.74403316,1.4689583,0.19469549,0.21533899,1.0331761,0.115640655,0.11111225,0.36005086,1.878534,1.9850566,0.9778812,0.43330815,1.8043854,1.1306841,1.3463532,0.06423708,0.49499986,0.70371133,0.5343286,0.14646494,0.03545778,0.54168224,0.58445346,0.012761447,1.2693745,1.1210651,0.10038386,0.35220292,0.13494633,0.16175663,1.2421033,0.5212548,1.0550221,0.501674,0.35358217,0.07838762,1.2629503,0.05381169,0.71955544,0.37357095,0.0,0.0,0.57773703,0.07706701,1.4744277,0.23415191,0.016479699,0.020144874,0.5490013,0.5127669,0.66506284,0.02784816,0.7770472,0.4381985,0.0892134,1.0230683,0.34491333,0.49440378,0.18747802,0.73581386,0.35206673,0.0,0.62531495,0.7638938,0.6691843,2.7374048,2.092424,0.32019448,0.0,0.15706399,0.7639166,0.20123965,0.007068165,0.046838917,0.07976208,2.0817811,0.6093279,1.4894503,0.23819438,0.3925199,0.0,0.5678511,0.43439624,0.50169545,1.2477642,0.58747023,0.65027875,0.20021376,0.32311022,0.13443322,0.0,0.47630998,1.3736461,0.28756055,0.5329661,0.070572674,0.07233047,1.1103436,0.43892694,1.32352,0.21249563,0.31769952,0.86224914,1.0407461,0.44665915,0.0067213164,0.047734804,0.31281757,0.09211766,0.61145866,0.73493296,0.33219808,0.26870763,0.095509626,0.17606089,2.917869,1.1697799,0.061637394,0.5445282,0.14330727,1.1739824,0.09566042,0.45418885,0.6197586,0.2371644,0.49812204,1.4631821,0.4002402,2.514758,1.0633209,0.78031236,0.3910429,0.00023372288,0.8361002,2.7329996,0.22283001,1.9049454,0.17751868,0.50853366,0.18324642,0.24839434,1.3840413,0.35529676,0.022886913,0.07463196,0.20569268,0.28098047,0.05600233,0.3232716,0.14074849,0.623468,0.12061631,0.83452046,0.5248137,1.3632481,0.2736144,0.20668583,0.24820526,2.3615122,0.8254167,0.44035268,0.3397476,0.113134585,0.6993085,0.43640727,0.16642472,0.27916753,0.266982,0.013106684,0.54093534,0.32950717,0.31888115,0.08498241,0.7504446,0.06079617,0.83990514,1.5537038,0.42953745,1.0120969,0.12237193,0.08361125,0.0069770543,0.9519999,0.8447454,1.1815001,0.5558822,1.2549927,0.27284983,0.87896043,1.0916388,0.7190234,0.52798826,0.4884734,0.17653328,0.5735615,1.3804532,1.2077707,0.23840755,0.60084105,0.72604,1.3102031,0.96993345,1.9632353,0.10554343,0.119716756,1.1001452,0.073202044,0.5512353,0.0,2.0344086,0.15521997,0.8779091,1.7736465,0.8224214,1.2865057,0.1654809,1.0147887,0.8877683,0.6860677,0.049910963,0.14628299,0.44511622,1.8305516,0.0015591762,0.038218442,0.78844196,0.37418646,0.30974102,0.91416526,0.3748787,0.009770739,0.10177388,0.68604356,0.50505614,0.9624487,0.0063875625,0.23422033,0.523789,0.016515229,1.8428214,1.7186809,0.05979127,2.9341156,0.3071354,0.40350255,0.35100275,0.042886704,0.6285615,0.532454,0.49993896,0.62749547,0.19406109,1.3023376,1.1425303,0.7239722,0.1895026,1.9257799,0.06801862,0.3088572,0.14260665,0.67319393,0.0,0.5476611,0.033299446,1.4064116,1.2227867,3.0347936,0.3132957,1.2123847,0.46172696,0.32643884,0.16597565,0.025504958,0.11110342,0.24999474,1.1213539,1.6400208,0.4245921,1.0979704,0.5746377,0.38682264,0.20512755,0.15391482,0.14921556,0.4471867,0.29807746,0.24239351,0.7113225,0.00081655616,0.43503633,0.42016613,0.0,0.4634739,1.4724824,0.44782528,0.0,0.58576214,0.60248566,2.0257583,0.4477511,0.3062658,0.047602303,0.15770666,0.22703192,1.3014141,0.013226959,0.5090948,0.34003213,0.0900794,0.64850515,0.45145562,0.0,0.057529386,0.19429041,0.04630111,0.27508792,1.0536901,2.9664562,0.2606656,0.41117364,0.06649817,1.0774487,0.66360825,0.062183976,0.32268286,0.088526085,0.34660485,0.023850946,all_pothole_images\pothole_images_optimized_image_203.jpg
0.19366747,0.2558478,0.0011265699,2.2208853,0.54416275,0.51014185,0.0,0.0,0.23483105,0.022424554,0.68359363,0.015218428,0.26625562,2.9627554,0.0060227914,0.18729898,0.48428065,1.3053024,2.1367085,0.0,1.0268013,0.6046238,1.93118,0.5954817,1.784014,0.008357003,0.37306836,2.7143183,0.0025600968,0.018433144,0.28513214,0.0,0.0,0.72925645,0.03512636,0.66882837,1.0545328,0.92474735,0.9688259,0.09728239,0.0058674775,0.005432343,0.99691254,0.45996326,0.016724247,0.29431152,0.109536245,0.7246493,0.4237662,1.5991685,0.7179457,0.008069429,0.68628895,0.059009604,0.16058283,2.626661,0.05328056,0.2503342,0.03042026,0.82399833,0.3377082,0.0,0.10502696,0.4517749,3.1979294,0.2020793,0.66420346,0.013690187,0.09992194,0.0,1.7713171,0.008086641,0.20007293,0.0027964436,0.9484376,0.0,0.14093211,1.414306,0.021453721,0.51193184,0.0,0.6815661,0.019409088,1.6827617,0.05960371,0.0,0.050444253,0.19533752,0.21253286,0.3758436,1.4348161,0.049429245,0.14982119,0.44510168,0.64493436,0.2908704,0.26684514,0.8724796,0.41044798,0.8598237,0.20694856,2.1637313,0.00549016,0.021097653,2.499408,0.049413223,0.12579279,2.000191,0.3794285,1.379059,0.38029823,0.01913859,0.0,1.6771451,0.18256207,0.07352598,0.007341382,0.6083201,2.0054193,3.308242,1.772746,0.029897023,0.024203066,0.8227015,0.3885913,0.21703437,0.6719959,0.91939807,0.22988138,0.061273918,0.05156268,0.21880963,0.0,0.27194917,0.34017426,0.58725125,1.5321238,1.1777272,0.11532071,0.15406536,1.3645539,0.107576914,0.0020025098,1.4744847,0.0,0.520009,0.0,0.08275398,0.08367255,0.040014673,0.101842836,0.46902597,0.32362637,0.32102403,0.7912856,1.0463618,0.938635,0.65295,1.0362463,1.5453097,1.0709698,1.0278715,0.030120557,1.048402,0.018728804,1.1659565,1.1809951,0.057621486,0.30035257,5.079144,0.085715115,0.063632146,0.076810084,0.0,0.0,0.011683547,0.35094324,0.12267766,0.003781791,0.047706928,0.18577506,2.111889,0.0043101585,1.1178274,1.8946294,2.1367388,0.6283786,0.2368556,0.2796397,0.014373263,0.05643613,0.47860408,1.8942332,0.004209693,1.6680849,0.5072485,2.3626854,0.0059883622,0.62270147,0.011973174,1.3208425,0.27277353,0.0,0.17060323,0.13392177,0.05131719,3.8455327,0.29448897,0.85695714,0.39181295,0.0,0.0,0.06305551,0.0035134729,4.2153316,2.0807667,0.017748874,0.14528489,0.5866049,0.0637248,0.0073436657,0.08706069,0.008602146,0.31277984,0.0,0.17935817,0.1553551,0.15651104,4.377606,1.6701295,0.21388799,0.0,0.22047459,0.8115375,0.042874757,0.26490408,1.863448,0.4508585,0.98923683,0.064731225,0.006782689,0.07387296,0.24181883,0.031376842,1.0606662,0.25849104,0.0,0.92213607,0.0,5.664746,0.97996014,0.0,0.0,1.008823,0.6472242,0.0,0.5357054,0.88928837,0.0,2.1259413,0.6638709,0.56979686,0.630966,0.02598216,0.0011563131,0.09786514,0.7888731,0.61794597,1.231183,0.21133024,0.09731913,0.0,0.3637605,0.16494562,0.3996801,0.10587727,0.09755918,0.58922756,0.1989384,0.19393776,0.2675395,0.6566439,0.2837782,0.071504526,0.20990013,0.086456686,0.012968017,0.35022599,0.018584372,0.1462647,0.018357962,0.1357842,0.0,1.1024244,0.099549815,0.7493163,0.003262347,0.066202894,0.26032627,5.1608925,2.5378509,0.32602623,0.006736052,0.28046152,3.018093,0.007948048,0.3689118,0.025324142,0.123768665,0.015662212,0.37188244,0.5352036,1.9390464,5.9491167,1.5133209,0.69555366,0.0,1.0850077,6.3296,0.6775558,0.020003568,0.06847923,2.2739515,1.8594594,1.7508397,0.7472468,0.1657633,0.0,0.0,0.0,2.9688709,0.26976267,0.7352695,0.14675127,0.0,0.0,1.0326022,1.2074912,0.12005091,1.0240341,0.19490877,0.0,3.4877365,1.1773232,0.79197794,0.81166124,0.061281685,1.6827322,1.6611125,0.2861093,0.45078892,0.01160889,0.1462799,1.3561463,0.53541267,0.0005716654,0.0030830516,1.69707,0.010590809,1.9925113,0.46239254,0.96866184,2.3313463,0.006097523,0.1268576,0.009940185,0.11329283,0.87177664,0.12362127,0.27563554,0.6435786,0.0051020305,0.049183425,0.11424188,0.016395507,0.0,0.089630015,0.25512266,1.3145055,0.043747354,1.6505096,0.0,0.109905355,1.6604768,0.31973326,0.97710854,0.24591793,0.020962914,0.12670815,1.0397158,0.2944711,0.0,0.0010703767,0.26598454,0.31721726,1.2741346,0.6846759,0.23471962,0.16774458,0.09022707,1.1471814,1.8434454,2.0782504,0.028195575,0.8509044,0.22389488,1.9772406,0.25868472,2.3815358,0.16591582,1.0741899,0.07601521,0.047911827,0.45093542,0.39507464,2.8900554,0.15305492,1.1271471,0.120551504,0.032136366,0.9934238,1.8124065,0.0,0.14712022,1.2237055,0.28374988,0.0,0.030480227,2.5377638,0.355819,1.5057479,0.22033507,0.1762837,0.6854698,1.811823,0.5011501,1.5035474,1.2230973,0.07205655,0.52342606,1.0893366,0.010652539,0.0,0.42968702,0.00069556397,0.014510141,0.15051404,0.94551474,0.0013180817,1.9572891,5.0315046,0.06022435,0.71764404,0.055229917,0.0,0.42314342,0.1626378,0.01577145,0.025891677,2.2564194,2.530212,0.1299987,0.9835493,0.12967774,0.0,0.1277021,0.061069984,0.38759655,0.3232839,0.5942816,2.9877226,0.98367107,0.1314517,0.032344453,1.635393,0.0,0.42844453,2.032582,0.19539054,0.18566643,0.041734852,1.8306124,0.3101619,0.06567871,0.08498536,0.0,0.0,0.0,2.1423018,0.4875246,1.4759363,0.8072668,0.019058382,0.7645421,0.06523342,0.25892645,0.0,0.22206701,0.016278047,1.0153439,1.0462083,4.162012,1.9517,0.8261744,0.7686636,0.8626138,1.1738281,0.09140715,0.065250106,0.12538645,0.009309353,0.0,all_pothole_images\pothole_images_optimized_image_204.jpg
0.81519,2.1414752,0.6722675,2.3495288,0.21087751,1.0973512,0.32951355,0.2657578,0.6078259,0.4490667,0.7044735,1.3144547,0.023082785,1.6530564,0.57498556,1.0512136,1.1563444,0.2705015,0.7259074,0.96032244,1.6310827,1.668363,0.24103622,0.98708093,1.006288,0.5836315,0.2670447,3.9548936,0.67376894,0.3135706,0.32280374,0.34485206,1.4543972,2.1859128,0.22725976,1.7988135,0.4408015,1.1196022,0.07029486,0.92466354,0.35295385,0.05953857,0.87962246,2.8839436,0.63728637,1.5058675,0.33186978,0.06114635,0.19307429,1.2653775,1.0375373,0.8056694,0.920748,0.5084075,0.49883044,1.4007659,0.06861279,0.068924725,0.78748006,0.20942287,0.96085614,0.40666926,1.3744003,0.26980174,0.5934494,1.049748,0.41196376,1.0686419,0.51760834,0.37020585,0.78501207,0.19676554,0.34799656,0.6533429,0.6890893,0.8067564,0.74498546,1.3023181,0.026228717,0.41079703,0.72011334,0.11459697,0.06208442,1.1203142,0.89404047,0.8283097,1.1208386,0.42465597,2.868344,0.040295105,0.5110641,0.046489898,0.40662065,0.70732737,0.016655438,0.60241306,0.95163476,0.84277266,0.7790727,1.1859493,0.087634884,3.4321446,0.805248,0.16518486,0.17736404,0.255905,0.42005035,0.45276573,0.32050833,0.24266756,0.0,2.2079659,0.6556163,0.2271278,0.8177875,1.4294022,1.4987216,0.67129594,0.4643437,1.6105474,1.801206,0.93580127,0.8433333,1.9686443,0.4401459,0.22306895,1.6577774,2.1613195,0.6550723,0.40676123,0.47635803,0.0,0.13212782,0.72174287,1.1821942,1.4748105,1.5194565,1.121158,1.2535093,0.6070583,0.18277572,0.21780111,0.046823017,0.27898166,1.233856,1.8602762,0.5443304,0.048900295,0.27238107,0.6458094,1.8511579,1.4286838,0.06120083,0.053601727,0.20415123,0.8427737,0.62698156,0.2318544,0.57255965,0.6689528,0.46042913,2.8829818,0.0021145076,3.2604403,0.009469118,2.016721,1.0999745,0.67275065,0.5298813,0.87397623,0.66166776,1.1955607,1.8484474,0.54076725,0.23948027,1.212625,0.44471326,0.0075319214,0.33723754,0.35351706,0.10575205,1.6286275,2.0630007,1.9842968,1.138012,0.14003983,0.068783514,1.2717392,0.7421233,0.30216768,0.6397887,0.59097445,0.20312344,0.70787996,1.292811,0.93447834,0.65595275,0.040564124,0.13701612,0.7825873,0.7500972,0.5170892,1.3066947,0.49444923,0.8225718,0.2837925,1.1326674,0.25947672,0.04568825,0.14763243,1.1466875,0.033387676,0.49803632,0.21152338,1.1619791,2.803676,0.5516652,0.20249017,1.7027634,0.33145648,0.96111995,0.01703469,0.6234876,0.1721117,0.096677445,0.75186044,0.53250194,1.3035285,1.2076324,1.2740399,0.13864009,0.46869683,1.4639348,0.04937659,0.8212373,0.041911125,1.923295,0.10937676,0.062975325,0.56494325,0.5128374,0.3021363,1.1670873,0.011324066,0.89484483,0.050800104,0.27499104,0.6442632,0.33335423,2.8701692,1.7222427,1.6707937,0.49593115,0.7606981,0.1088866,0.29219228,0.14744163,0.11706025,0.26182434,2.7868524,0.38182503,0.8975246,2.1059992,0.103741355,0.107472576,0.13643484,0.1624108,1.7739868,1.3298317,0.7505414,0.29015708,0.040618584,0.18255807,0.702952,0.12680405,0.73071086,0.42896503,0.90041,0.52073056,0.9419596,0.5517318,0.39222607,0.14143506,1.1907898,2.3073034,0.0054786997,1.1205025,1.0302569,1.0459142,0.011906826,0.31025124,0.15128459,0.28954288,0.7562841,0.7433621,0.32279986,0.9227416,0.4838709,0.9498456,2.1575973,0.77261376,1.0329672,0.8098386,1.4527061,4.2685103,0.44727328,0.30023968,0.88465226,0.31623918,1.7631766,0.3168174,0.47066972,2.1321204,1.078316,0.2349184,1.0942534,0.02124526,1.370816,2.874925,1.2083508,0.92190886,0.26564768,0.954739,0.90595967,0.9552359,2.0717833,0.42789105,0.7658956,0.7416214,1.3805994,1.5864633,0.5215379,0.12607361,0.10244311,0.20905577,0.54101187,1.307453,0.603224,0.45889688,1.5400482,0.9808591,0.38177174,0.7544902,1.1798977,1.0867411,0.35063043,0.33403438,0.5095104,1.1414057,0.4871409,0.52609223,0.2178371,0.0455947,0.22017634,0.5767458,0.1755154,0.2423191,0.25672948,0.6495538,0.54684323,0.021399833,0.32309812,1.1914326,1.005883,0.44491768,0.6053303,0.6865502,1.3890508,0.36439747,0.60664487,0.51229304,0.794795,0.3771964,0.4892665,0.04127603,0.18634322,0.8466174,0.034608457,0.18412006,0.37229988,0.39206585,0.6526173,0.8809486,1.4704866,1.4919801,1.3113048,2.2103484,0.9068108,0.04398623,1.2371198,1.4319595,0.3881246,0.4617217,0.27510235,0.08020953,0.5094224,0.96235937,0.38399148,0.47855836,0.005776908,1.7416139,1.575766,0.5435922,0.71358895,0.27450806,0.7508255,1.007136,0.20735572,0.3278725,1.5288855,1.2289685,0.38672578,0.729902,2.2033277,0.0,0.26713502,0.51829296,0.31816524,1.0034949,0.2326172,2.936172,0.7744844,1.1869102,1.4206995,3.1414857,0.12807375,0.48849922,2.672215,0.34290507,0.8525571,0.36772904,0.013872941,1.1803491,0.5437628,0.8319535,1.3933591,0.89092,0.29451936,0.014505451,0.9228826,0.9647531,0.545311,0.20407353,0.22639358,0.056535084,0.7859628,3.2909057,1.060338,0.33296368,0.9414172,1.1632105,0.7154767,0.5268787,0.27845484,0.9510904,0.4741474,0.750368,0.76366305,0.7621405,0.18543622,2.326308,0.24457435,0.8274856,1.7015924,0.26226825,0.8071781,2.4604685,0.045173388,1.6267111,0.7006933,0.7980602,0.4188881,0.31311068,0.077354655,0.6347848,0.105028,0.9548485,0.85366285,1.068029,0.18045753,1.0378039,2.2956345,0.37166917,0.9364126,0.2998858,0.043446414,0.5347812,0.73996615,0.24518357,0.17188479,0.6190742,1.4619294,0.16523527,0.6062506,0.82599765,0.76539063,0.03791002,0.1976896,0.19444357,0.17957172,0.87576663,2.5311935,0.024587553,1.6798213,1.8342495,0.7745089,0.5758355,0.33738893,0.28942525,0.6029757,0.43609866,0.3948734,all_pothole_images\pothole_images_optimized_image_205.jpg
0.25901395,1.200882,0.5752025,1.0282658,0.41372383,0.1220955,0.62078524,0.08645681,0.20142314,0.09915765,0.2126617,0.40619856,0.26362365,1.3326201,0.0014599718,0.24374518,0.009238387,0.017204776,1.0050838,0.052560225,0.0023149638,1.5347408,0.07509808,0.28903967,1.634496,0.72268564,0.066031836,1.0526341,0.10630701,0.0046460466,0.4508207,0.12795292,0.022433173,0.12875183,0.036305718,0.30136514,0.25555563,0.7071337,0.77734023,0.56676394,0.029372305,0.253013,0.5938485,0.9976485,0.7092115,0.036818404,0.12199322,0.006328134,0.48494688,0.22643322,0.21640423,0.7189873,0.31493127,0.19156927,0.13850239,0.4264357,1.549515,0.11399664,0.5801506,0.09907826,0.19565073,0.013682985,0.3838142,0.08940108,0.96613044,2.5627959,0.03772731,0.0905613,0.9819834,0.0962322,0.24890412,0.10132221,0.08365585,0.14545491,0.85714924,0.19204517,0.19015837,0.8109956,0.11880082,0.81209826,0.0019058114,0.0,0.3594797,0.95661736,0.3168962,0.35621026,0.45001024,0.46416846,2.4094536,0.27872196,0.14472568,0.43696105,0.047340494,0.6190577,0.15070376,0.0,1.4711527,0.38222548,0.9456432,0.17670588,0.24460655,1.4502746,0.0047890353,0.17822598,0.8626695,0.587429,0.43970814,0.24849516,0.03370339,0.32012573,0.002371478,0.98835987,0.11660692,0.0864764,0.0016740116,0.31948394,1.9058782,0.74374175,0.22895801,0.24688749,1.2720813,0.44281858,0.37809467,0.15993206,0.34218982,0.5451493,0.31563002,0.3824613,1.3362566,0.08788615,0.24545749,0.051877752,0.017319659,0.0063826996,0.26978585,0.106556095,0.11875643,0.63448507,0.48753893,0.053278826,0.34566,0.72860616,0.028264467,0.5973059,0.014692,0.41101992,0.036187533,0.40723205,0.3757077,0.7467248,0.24536872,0.40147096,0.19567338,0.32027364,0.5307757,0.21372542,0.1036638,0.27619606,0.2683503,0.36500245,0.992599,0.7080628,0.39678538,2.7983515,0.4303201,0.11031427,0.23926696,0.09769068,1.1051037,0.35054567,0.11293408,0.27502924,0.17727202,0.011171214,0.5070451,0.0025780653,0.048083797,0.03363923,0.09712649,0.29671463,0.010929981,2.4768214,2.3230712,0.2570226,4.038408,0.22404845,0.5553111,0.99605775,0.39672333,0.38558227,0.14783725,0.54789066,0.007871348,1.9959508,0.14160827,0.018153591,0.15884894,1.0377485,0.10812109,0.55802965,0.63150746,0.4479051,0.85040206,0.41496137,1.0442294,0.90827644,0.33230326,0.14308569,0.74529916,0.44004023,0.04474084,0.18920057,0.27822164,0.23401739,0.8249205,0.4447331,0.33826503,0.05113512,0.1680815,0.2530612,0.77475625,0.55132765,0.194358,0.48995382,0.073457755,0.28243065,1.9170324,0.30154374,0.49824053,0.0,0.21488515,0.7141439,0.09264769,0.29305607,0.24727662,0.19146298,2.2846942,0.008666081,0.0985934,0.8581154,0.40944174,0.010869345,0.53350836,0.32565242,0.49134707,0.06813548,0.33315703,0.43702748,0.58811295,3.462244,1.7673498,0.04498944,0.50619656,0.11855698,0.13699226,0.15146887,0.6837014,0.35872692,0.40410912,1.8674862,0.21088532,0.024882331,0.15462342,0.7593381,0.68069047,0.45419413,0.43426034,0.40300342,1.0995843,0.53408206,0.1666277,0.105406255,0.14734973,0.49740592,1.287088,1.1025047,0.5525017,0.41656062,0.3397154,0.4568852,0.38990444,0.075903684,0.07314597,0.18732402,0.48354402,0.95386815,0.517567,0.53281194,0.89704394,0.2891147,0.015207563,0.023267575,0.12532279,0.9483583,0.32091248,0.16164805,0.18167128,1.5995281,0.48929256,0.31086254,0.167971,0.33441114,0.05393834,0.18223593,5.183075,0.038981408,0.07993712,0.48809123,0.08810244,0.4087064,0.12564245,0.96235484,3.6795592,0.73614407,0.024568371,0.22557274,0.20760716,0.7540414,2.4334316,0.30687222,0.20327836,0.092371956,0.049647212,0.14626509,0.2517931,0.48512864,0.8442512,0.0,0.45570847,0.26781747,3.8662863,0.3761406,0.021651696,0.014914842,0.017143244,0.08331497,1.8128603,0.3634814,0.16644481,0.33014184,0.077152096,0.18871158,1.0313883,0.36896762,0.27560338,0.1331695,0.17115465,0.42846888,0.0954467,0.4221012,0.23730451,0.076829344,0.51757944,0.11468605,0.261614,0.0023057878,0.70115954,1.3753943,0.39280972,0.79980445,0.0031199565,0.096614644,0.37472618,0.06874389,0.05712846,0.0,1.8828126,0.33306488,0.37790382,0.20759171,2.7978113,0.35358974,0.16228627,0.07042753,0.660505,0.6119663,0.109292984,0.096563675,0.03969967,0.17855333,0.20927061,0.058572356,0.07340556,0.61066705,3.243839,0.68470854,0.44249132,0.0,0.0057536047,0.8810156,0.7738813,1.0880744,0.01872945,0.060190123,0.54033726,0.058173735,0.81289923,0.12631792,0.0796505,0.07464213,5.4787974,0.44053537,0.18897802,0.5336553,0.20971912,0.13728364,0.3651573,0.2882474,0.090582766,0.26011705,0.5029907,0.5260862,0.562869,0.55826855,0.021707356,0.18972252,0.10695111,0.4938142,0.024563141,0.005128282,0.77391535,0.0029277354,0.30043322,1.3729843,0.74776393,0.024309399,0.21642214,1.3624259,0.19134268,0.35889295,0.3503754,0.114538856,0.19744341,0.36479828,0.020461675,3.288352,0.2599239,0.25652948,0.047121566,0.25934374,0.38974875,0.3676205,0.15732247,0.37331125,0.041159283,0.049931906,0.41136533,0.17563178,0.2624574,0.32131812,0.684267,0.41044036,0.18574123,0.49436203,1.077693,1.4160395,0.2639703,0.17679183,0.7033078,0.6578286,0.4196539,0.14563292,0.879565,0.0,0.8023244,0.29210642,0.39109257,0.018365614,0.92382455,0.0036211505,1.1374766,0.91231865,0.21518558,0.20443055,0.4406908,0.58390355,0.36574873,1.0970591,0.122679345,0.028039455,0.1272376,3.7209203,1.7763298,0.27129686,0.0,0.5770974,1.0619606,0.08127048,0.798786,0.116712004,0.5460645,1.1704633,0.24808903,0.11181483,0.0,0.28139392,0.15046209,0.082770824,0.40661535,0.038209174,0.020588504,2.522349,0.30315176,0.13019301,0.29972476,1.1504613,0.068074286,0.51524353,0.7957339,0.17463271,0.50542814,0.6607898,all_pothole_images\pothole_images_optimized_image_206.jpg
0.35677636,3.2808485,1.6016265,0.4111164,0.52239734,0.8043067,0.24864198,0.98977953,0.6942297,1.0978819,1.0690988,0.52171195,0.08218874,2.3862252,0.13810274,0.604142,0.461626,0.49794328,0.6770565,0.08099534,0.0608752,3.357474,0.5162853,1.1243302,0.13694343,0.2484243,0.18401375,0.6076157,0.14900357,0.24668472,0.16830806,0.38378415,1.1644149,0.19542721,0.5643183,1.1692308,1.3318237,0.08864692,0.82238114,0.45130125,0.613555,0.08078051,0.18921167,0.61677,1.0289491,0.0008585581,0.40748882,0.0078103608,0.88022625,0.25362673,0.57926077,0.17533565,0.47230124,1.2949389,0.124714725,0.20913276,1.7293367,0.19150932,1.0972046,0.31143934,0.57614607,0.39361638,1.8743032,0.4444472,0.64409965,0.5067984,2.0687208,0.2764797,2.33366,0.043765545,1.5189391,0.64472187,0.6414482,0.1493902,0.5985917,0.7348231,0.8112742,0.7634665,0.430429,0.9871887,0.73780197,0.5549465,0.39121568,2.987917,1.1950167,0.11769235,0.23272191,0.12196837,4.3945627,0.5344412,0.23230693,0.91845685,0.2967029,1.7831398,0.03411822,0.806673,0.8002871,1.4547791,0.50307894,0.026690975,0.7713942,2.2512734,0.9355078,0.0034184705,0.13926582,1.054119,0.21227798,0.0,0.06094391,0.65411997,1.4625605,2.144974,0.21948053,0.4085878,1.221938,1.1656682,0.48662415,0.6643583,1.5955186,0.30992842,0.31912884,0.42115533,0.3636362,0.014950582,0.53733516,0.58148646,0.4929917,1.1829094,0.017579816,1.508733,0.78363955,1.0256567,1.1141838,0.5965358,0.6400067,0.20102191,0.19965732,0.122174084,1.2290614,0.60880536,0.34688944,1.1163713,0.12013008,1.7659564,0.89187217,0.48119658,1.0796541,0.051545374,0.8883487,1.4304314,0.016118528,2.1619587,0.7260465,0.8516132,1.8346809,0.50102705,1.3319566,0.47361922,0.6452993,0.8964862,0.38935855,0.3221433,0.2889045,4.865873,1.5176823,0.50648737,0.6873273,0.2692103,0.6388021,0.11271914,1.1088109,0.3458993,1.9052507,0.31972066,1.400455,0.10046438,0.6012984,0.011149721,0.30687156,0.34483597,0.77144444,1.9917533,1.5267996,0.3487971,1.3129798,1.1340607,0.42123953,0.0070159794,0.40174097,1.2590535,0.66402894,0.71269846,0.53543943,0.4822991,0.919118,0.013181506,0.07102615,0.18020873,0.74472046,0.73337084,0.59702665,0.4801898,0.13714729,0.1030636,0.22248524,0.38009027,0.17619374,0.42754874,0.19666302,0.16662098,0.47675285,0.172345,1.7756536,3.9887128,0.2441493,0.31989262,0.7841564,0.12984653,0.7462655,0.72618103,0.46504244,0.24749579,0.63576484,1.5481653,0.3451485,0.92303014,1.4770447,0.65423656,0.70941675,0.07415632,0.23415588,1.1192422,0.27935284,0.43605098,0.13319162,0.032491725,0.2945369,0.3548928,0.18663569,0.058452845,0.4201856,0.065413736,0.115427375,0.20530783,0.1852009,0.17715594,0.82350343,0.0055540185,0.11245337,2.5316586,2.005301,0.46238455,0.14622292,0.41758162,0.19315903,0.7390599,0.9238023,0.6250983,0.67007047,2.3102834,0.72263026,0.63274544,0.7618904,0.492894,0.22569676,0.40903246,0.1295074,0.688971,0.28676796,0.32966602,0.3759423,0.07162571,0.1505083,0.031978153,0.14372109,0.61209005,1.1510651,0.83463365,0.20899759,0.9527725,0.24767295,1.768921,0.14015193,0.28776586,1.0522158,0.10192793,0.6393647,1.5966728,1.5926834,0.23044321,0.06417404,0.6937052,0.12313462,0.5182664,0.8937801,1.1691734,0.82894945,0.3931889,0.85486895,0.2171349,0.12913221,0.48375335,0.35719064,0.90531594,4.4215946,0.37722847,0.014765633,0.9955142,0.94346595,0.09385201,0.17332657,0.66461205,5.6849537,0.2447441,0.17019323,0.6833621,1.0746253,0.5833233,0.5438966,0.6749739,0.178494,0.27556396,0.24320076,0.14230277,0.8306203,0.68870497,0.29860398,0.82209307,0.42590728,1.1920389,1.8503262,1.3294411,0.24304537,0.52145857,0.43021065,0.18186896,1.5705513,0.3706822,0.17852554,0.42567444,2.0177062,0.8776768,0.67418015,0.015611717,1.149091,0.5467504,1.1669776,0.10309319,0.46148822,0.39934102,0.11632927,0.49920404,1.0031235,2.1485019,0.9845655,0.525872,3.068461,0.9779511,1.5377753,0.5502194,0.17062931,0.6806738,0.7992185,0.41248086,0.06337892,0.38976434,1.4638612,0.8190268,0.2831913,0.56298304,1.5676708,0.32726267,0.51480013,0.98791283,0.12943254,0.5656321,0.030797021,0.9417756,0.048152056,1.104776,0.82022643,0.25375548,0.729788,1.3635564,1.9495134,1.1771299,3.5905643,1.4587673,2.0884523,2.2114735,1.6482633,0.8767149,0.44342986,0.3656995,0.3225936,0.18714309,0.500336,0.30812994,0.052584838,0.25192106,2.2145526,0.5314725,0.082497194,0.7820355,0.6467933,0.16254745,0.7917727,1.6360632,0.12146093,0.88373655,0.33863774,0.35114646,1.8873098,0.85805494,0.0,0.69753045,0.48024613,1.0174484,0.74509835,0.59769326,0.3163644,0.25224018,2.423819,0.8620148,1.2384579,0.28349036,0.3259266,0.5091316,0.8316481,0.77156144,1.9554291,0.63614035,0.20810212,0.694975,1.0674436,3.5516906,1.0277663,1.8346342,0.1562961,0.7972306,1.296564,0.81034553,0.39916524,0.027376018,0.45431894,0.6319448,2.7642853,0.45675597,0.5668528,0.8975957,0.24500918,0.59841526,2.011468,1.1203994,0.9104924,1.0687321,2.709729,1.1668962,0.2156254,0.15706237,0.31088623,0.49481294,1.4031314,0.4359851,0.3656035,1.3703865,0.09788184,0.08876357,1.561729,0.80514836,1.5716984,1.3061646,0.38690725,0.03980746,0.5349706,0.58796924,1.1085701,0.0,0.3680467,1.0638437,1.0717311,2.2379508,0.6177453,0.27416426,0.043892305,0.57888,1.7769548,0.58889467,0.58681256,0.053882726,1.5776896,2.207273,1.3535248,0.3209939,0.034261037,0.366097,0.9515608,0.2470414,0.23759425,0.11328292,0.88589257,4.680878,0.021951742,0.6726758,0.05483997,0.22487952,0.0,0.66741186,1.1104395,0.7729551,0.6354385,0.57409364,all_pothole_images\pothole_images_optimized_image_207.jpg
0.10295366,1.6461916,0.20481363,1.3863095,0.16554445,0.19579643,0.09152992,0.0,0.23866369,0.65093815,0.19587575,0.07306746,0.0,0.41689518,0.12241753,0.068681344,0.07677584,0.7043115,0.069392994,0.14640063,0.051062472,1.2644929,0.18721923,0.21324636,0.45540205,0.6884393,0.09830953,1.1124885,0.53250843,0.44437423,0.50724113,0.29226208,0.045581885,0.19776507,0.029421633,0.19228804,0.47972894,0.17246073,0.07326625,0.0,0.35131255,0.20549825,0.061801385,2.1064482,0.52701735,0.017723238,0.22915535,0.18704957,0.13670692,0.40825987,0.02105559,0.02704459,0.17814182,0.02080023,0.2768382,0.43366268,0.99653,0.47714517,0.02095326,0.00743448,0.12284036,0.023723086,0.29463074,0.1849947,0.7253531,0.028439373,0.056402,0.06389356,0.0011998379,0.20661649,0.021689177,0.011321838,0.32189393,0.03140665,0.53765565,0.22396691,0.027552187,0.22353798,0.1032917,0.044619653,0.0,0.33585814,0.21264185,2.0811377,0.2114768,0.031983532,0.25808284,0.053086378,0.82639164,0.4166438,0.00030287105,0.036109302,0.02143896,0.145684,0.61002815,0.15482743,0.011718922,0.46083954,0.14864165,0.04915963,0.17880194,0.0,0.6142647,0.4123505,1.9146256,0.13814506,0.1396269,0.08444268,0.38981262,0.088908,0.023470975,0.31980813,0.31467122,0.023737894,0.46636868,0.23757553,0.3602612,0.22080374,0.21527413,0.11547767,0.9273483,0.056294702,0.010115393,0.30107814,0.24837671,0.33682302,0.29467788,0.0018868347,0.95736694,0.01008326,0.076725595,0.07191362,0.21355961,0.021238437,0.24008238,0.30346316,0.07860273,0.53507,0.19653665,0.01010918,0.048680108,0.35311446,0.56710005,0.039498147,0.02746103,0.015094304,0.0,0.3313361,0.2177208,0.0307817,1.0517792,0.008664024,0.04342935,0.5354172,1.0312816,0.05520703,0.022768851,0.01258561,0.08427801,0.009341719,0.21912679,0.74711686,0.53395283,1.6947924,0.5517379,0.28019425,1.4118664,0.15365465,2.0359726,0.8690409,0.05758876,0.005355758,0.01735678,0.043243717,0.6194448,0.27839726,0.34188467,0.014081035,0.21571954,0.1355944,0.0020537616,0.0032072577,0.82548505,0.11518035,1.1824982,1.826378,0.068329185,0.5537616,0.0,0.47639582,0.047016002,0.08846386,0.920858,0.93960977,0.31994513,0.0,1.0157251,0.15858157,0.0224314,0.1441786,0.11545405,0.031640597,0.107252374,0.1638635,0.57508385,0.2267291,0.33942038,0.10744534,0.96470565,0.35257822,0.00070753053,0.29483613,0.22864026,0.025094401,1.168206,1.2693179,0.0,0.48094955,0.666183,0.34036052,0.5498204,0.05852689,0.11497797,0.08143974,0.08752159,0.0025883014,0.7884908,0.0,3.136192,0.09601979,0.19854197,0.0,0.028892621,0.0,0.11497181,0.037607446,1.9318767,0.0,0.013153607,0.012735832,0.88872486,1.467545,0.47940817,0.64834636,0.15019172,0.03987042,0.40453032,0.08758762,0.9238767,2.5731976,0.2089549,0.10734986,0.043298427,0.043815173,0.037332907,0.004848604,0.54791766,0.096975386,0.14348513,0.34034017,0.0,0.011941403,0.11726131,0.13240986,0.1756888,0.07855315,0.021658229,0.032436263,1.8097333,0.013118967,0.09740508,0.027589273,0.04545543,0.0,0.9332971,0.6954234,0.02560972,0.61095417,0.04833415,0.11269026,1.0063965,0.09274805,0.2484166,0.7234838,0.11704499,0.5475208,0.1481483,0.03934965,0.16577163,0.0090861935,0.012161793,0.050092068,0.1246017,0.12502281,0.006996634,0.04819233,0.0,0.3381099,0.18152493,0.9130609,1.2635474,1.5317985,0.007709679,0.108659536,5.265049,0.0005885723,0.2876457,0.12739487,0.21738304,0.012737982,0.022610417,0.23001754,2.564249,0.38140422,0.370726,0.022077326,0.08092292,0.04935663,2.272987,0.021379713,0.5822132,0.5518671,0.0,0.55588776,0.058352217,0.6077775,1.4279648,0.0,0.079483904,0.09269248,3.7251155,0.1034015,0.10488147,0.50266284,0.0020883353,0.07403095,2.071216,0.8603545,0.22578566,0.22391798,0.34268335,0.47347516,0.60092103,1.1963198,0.2581673,0.012222481,0.20443313,0.89814705,0.15398273,0.32498103,0.24986617,0.36170352,0.016136467,0.6947544,0.10066059,0.0067306147,0.0,1.3138089,0.0898935,0.2836722,0.33560362,1.7787822,0.42530453,0.3914976,0.9140617,0.027958037,1.243351,0.0032823796,0.05315407,0.39421862,0.14796415,0.055310003,0.0778724,0.021007653,0.06579788,0.061241627,0.22544895,0.03437107,0.018505266,0.087456115,0.15965602,0.075839974,0.09731917,1.4199806,1.419608,0.08664131,0.38684183,0.23260085,0.076272555,0.14126356,0.31090304,0.46584326,0.11886015,0.6744274,0.0,0.03323334,1.4684314,0.0070281,0.21166404,0.009835761,0.6116021,0.5431407,0.061354876,0.07003295,0.059720784,0.09153246,0.37855574,0.99007523,0.19803381,0.28927565,0.14794426,0.5702107,0.05200457,0.1454586,0.38494033,0.12542592,0.3718872,0.724189,0.36514187,0.06020983,0.43814546,0.16463009,0.2703488,1.6178429,0.4354606,0.018296758,0.5966375,0.45313695,0.09586644,0.15954638,0.38542113,0.14705002,0.12799488,0.1879654,0.040981628,1.6517916,0.01723463,0.002371955,0.019521013,0.5301093,0.0,0.0,0.012482158,0.16604176,0.04454786,0.0057190405,0.035883907,0.31687805,0.33781603,0.1996043,4.0590534,0.06133604,0.051316597,0.050583076,1.094488,0.4784767,0.05719476,0.22536558,0.47343054,0.6645755,1.4795365,0.008126121,0.35824922,0.024704514,0.37593055,0.0071559427,0.02076556,0.0,0.08665304,1.2642787,2.2881615,0.5123227,0.071273655,0.0,0.0014095708,1.4340099,0.059130292,1.1457753,0.0,0.3443554,0.0053376565,0.63851625,0.98828185,0.055904508,0.00061775773,0.298376,0.23310108,0.016326454,0.5927944,0.07033199,0.4297996,0.060938563,0.0,0.0026545508,0.0015598027,0.10094913,0.033180412,0.020320093,0.0,0.16932024,0.37242875,3.766774,0.29598945,0.26699358,0.014977798,4.2028613,0.47623357,0.2547996,0.024690527,0.315052,0.11800697,0.007586226,all_pothole_images\pothole_images_optimized_image_208.jpg
0.65112,2.244691,0.9832268,1.1737239,0.8027602,0.5565672,0.057703298,0.52233094,0.3002161,0.44587925,0.166011,0.17405291,0.54231215,0.75504893,0.0,0.73267347,0.08622193,0.3640432,0.04398988,0.28200668,0.14651781,2.395607,0.33374158,1.298625,0.08531437,0.8696392,0.17595011,2.507994,0.18782958,0.82826847,0.5987925,0.36562333,0.8876951,0.11098751,0.5345406,1.0217775,0.5072652,0.27810237,0.48529068,0.6389923,0.1582354,0.6186822,0.25083414,0.7149857,1.5552177,0.23952596,0.30923197,0.075706735,0.7160543,1.3096114,0.16590145,0.033829436,0.35151264,0.050508,0.07498907,1.0535294,2.6917126,0.0338064,1.7395993,1.0220624,0.49266043,0.06806267,1.1403073,0.5921619,0.07876294,0.77966464,0.34204203,0.452069,0.89211506,0.96986246,0.29771504,1.2420475,0.40841967,0.12729673,0.63306075,0.44148907,0.35045648,0.37697625,0.53125733,0.3751215,0.31986994,0.15600622,0.09998207,2.2574396,0.1076842,0.090631075,0.76717734,0.21803024,4.2909446,0.2935814,0.24729739,0.48926568,0.15940885,0.2373136,0.20500872,0.008641769,0.4285431,0.72172827,0.18709192,0.44931176,0.06580469,2.0429487,0.35080108,0.7073062,0.19267382,0.5190135,0.16698833,0.5762555,0.3540018,0.59514105,1.0049822,0.45261782,0.19447945,0.39410242,0.49920604,0.7036191,1.1215259,0.47166544,0.8025663,0.30178085,0.89763933,0.4743293,1.1052328,0.6661111,0.11588431,1.3150305,0.13287103,0.77798617,1.3134725,0.40066808,0.43649054,0.36927745,0.6048988,0.05516191,0.27237928,0.028528154,0.043216437,0.39557087,1.5661563,0.46511933,0.50222397,0.8863374,0.038624447,1.2481102,0.22817358,0.72694635,0.21287966,0.034019466,0.44720504,2.1359396,0.24217637,0.78957605,0.024080744,0.092015356,0.9019493,0.424874,0.2512343,0.93596315,0.96622473,0.7305571,0.5794791,0.6204014,0.23465559,3.6158807,0.058428813,0.060821775,1.6074793,0.16987002,0.8181171,0.0,0.8753699,0.31737542,0.6191643,0.5800069,1.3454361,0.0013659861,1.2345002,0.06278412,0.1830861,0.21565096,0.03775127,2.0101826,3.4905744,0.23146541,2.380951,0.018138647,0.7311684,0.13998961,0.322813,1.0560472,0.46085465,1.3098145,0.12235864,2.4562016,0.07062958,0.1713231,0.0372489,0.16222404,0.019955961,0.5486168,0.03127214,0.78331894,0.40621594,0.55191517,2.2965493,1.1430864,0.08137884,0.36272582,0.38552734,0.08161437,0.4873271,0.79594344,1.0916058,0.5480923,0.9628455,0.79437506,0.45661142,0.14541563,1.3020823,0.26662466,1.3560272,0.40041897,0.11616025,1.6329559,0.0,0.17871635,0.8183395,0.13620204,1.007131,0.13312098,0.28797057,0.44809675,0.030330785,0.00010348954,0.6663039,0.31360924,1.7291118,0.19647972,0.006265919,0.015237595,0.484576,0.0004461033,0.89958686,0.026387144,0.1929704,0.3448056,0.6427718,0.09582122,0.45444998,3.2465417,0.12134593,0.0012337432,0.2835749,0.36627552,0.055447794,0.49216405,1.5021955,0.5481801,1.1274588,1.2028415,0.072625965,0.5812095,0.5837458,0.16245076,0.55972403,0.9206959,0.013960683,0.37441182,0.14283371,1.3348038,0.9572619,0.0,0.1050204,1.1892346,0.50860196,1.312666,0.5305302,0.7398036,0.34594312,0.5141863,0.636602,0.026375595,0.043416604,0.8072752,0.5291715,0.18164432,0.18295933,0.5857853,1.369371,0.9201638,0.05084752,0.052432314,0.011882285,1.36638,0.8205543,0.1606141,0.579269,0.62971073,0.59166014,0.9710331,0.055261303,0.5587636,0.027700746,1.0909543,6.539865,0.16647874,0.0014420127,2.028856,0.4409256,0.41811308,0.33360827,0.818921,3.63085,1.011923,0.3002577,0.22208105,0.39173087,0.77171123,1.1808184,0.46028534,0.05764783,1.0826339,0.022815628,0.22284216,0.9653767,1.2916354,1.2742418,0.3006842,1.1004664,1.5803813,2.4725552,0.20952587,0.4075964,0.7206849,0.16841787,0.0,0.28199032,0.36207315,0.37426445,0.27992573,0.3499497,0.16965415,0.5890733,0.0,1.1222016,0.31661254,0.0020913773,0.009232959,0.9710453,0.93950945,0.11411229,0.53039944,0.009099992,0.25314295,0.2779104,0.0641716,0.89177096,0.51230496,0.55530775,0.40572387,0.22798808,0.050661515,0.4280527,0.2356637,0.05404543,0.37386823,1.0747049,1.1818674,0.3481318,0.18530542,0.58851236,0.5626997,0.84774625,0.23792194,0.7120769,1.4427515,0.23554233,0.25761977,0.42521122,0.16030376,0.0,0.073271185,0.26386154,0.6639189,3.324468,0.55236435,1.3335643,0.016156344,0.24864444,1.4825913,0.9432066,1.4703048,0.68735176,0.05998049,0.18733796,0.66433436,0.26131624,0.88928235,0.052162286,0.23427616,1.6926488,1.5596843,0.64139444,1.2008079,0.066811785,0.0065633915,0.20009013,0.6651741,0.08819246,0.90174896,0.28178823,1.1769625,0.74280113,0.04015121,0.0021667555,0.39913052,0.13960621,0.6457708,0.06750748,0.02233109,0.7904953,0.7768447,1.001519,1.8169205,1.5713401,0.764777,0.3625637,0.64945525,0.31087357,0.5154523,1.104851,0.13146418,0.36266023,0.5321028,0.7701575,4.0075507,0.8557248,0.6668274,0.46140873,0.33960423,0.1824457,0.5377286,0.080120765,0.31213608,0.020432387,0.24040747,0.8979185,0.5977041,0.41253066,0.36238304,0.68215674,0.5510071,1.202112,0.60110253,0.12907806,0.4727454,1.8182226,0.3004496,0.0,0.963076,1.99896,0.0,0.4596632,0.4448471,0.5040736,1.2912174,0.46058825,0.17308445,0.9603379,0.8755823,1.7972035,0.9764908,0.38830012,0.31168956,0.15670204,0.6797121,0.1533024,0.09401183,0.5330626,0.17411892,0.8224101,2.5976079,0.18186095,0.3962173,0.0017548248,0.0,1.5754997,0.26115122,0.038205057,0.03659399,0.51532,0.58397347,0.5737974,0.108776234,0.09611219,0.11121238,0.20756994,0.15743116,0.14230864,0.055206425,0.0037837755,2.7474577,0.012804842,1.1528902,0.2953617,0.20351359,0.0132378945,0.6058914,0.46358293,0.08821357,0.96171194,0.5878495,all_pothole_images\pothole_images_optimized_image_209.jpg
0.5482373,1.8091767,0.42921436,0.3057664,3.029341,1.1702766,3.053749,1.857985,0.025212873,1.030028,1.9687431,0.48424575,0.46626988,3.084188,0.30869892,0.87217766,0.8144081,0.62780726,1.5376304,4.3296375,0.46733156,0.543492,3.0917594,1.9270002,0.3903554,1.4948153,1.3596646,1.1518571,0.14096342,1.1101896,2.341519,1.0281641,0.9731221,0.120518506,1.9673312,0.8480217,0.37411162,0.7796019,0.30979538,2.2803192,0.42284283,0.26219386,0.18776956,0.44910407,2.1495855,0.8587985,0.46223542,0.18412071,1.0180997,0.32068533,2.14889,1.4711634,2.24289,1.4979217,0.31203848,1.2940556,1.9832613,1.113604,0.63826025,0.44565848,0.017823186,0.24596909,1.3967041,0.40866482,0.7906082,1.1907911,1.0859199,0.7720907,1.7658986,0.20094821,0.55354154,0.11754972,0.8093422,0.66407824,1.210951,5.4679813,0.58946025,0.94149095,0.6183671,1.1842391,0.20754549,2.5662658,0.07623866,1.3000354,0.718641,1.3560333,0.24702002,0.3430912,3.016064,0.86951226,1.1344883,0.4545136,0.042939804,3.423817,0.6358508,0.2470232,0.2598003,0.8374302,1.3880038,1.3045975,0.6738516,0.97421175,0.1868303,0.06412889,1.4874074,2.523503,1.250603,0.817172,0.81567514,0.5585594,1.2058026,1.5684525,1.9350024,1.8587334,1.7247508,1.3642137,1.4502839,2.1675668,0.7468646,0.8512381,1.5768619,4.616688,1.3117493,0.5464601,0.775039,0.5478808,0.7390374,0.43032247,0.2527091,0.35539642,2.9708822,0.8285309,0.96049577,2.648242,2.146999,2.401829,1.8911525,0.4630154,2.163604,0.5839055,0.73851305,3.2106192,0.7360543,1.976759,0.53161925,0.028978638,1.2703693,0.30262345,1.4994186,1.4588,0.98752123,0.46911877,0.7273031,0.09866207,0.638142,0.43089652,1.2311529,2.8095922,0.3443815,0.15549415,1.3994732,0.08873301,0.4979126,5.3212543,2.1942086,1.6642259,2.1569254,0.53818184,5.592328,0.20627658,1.3665603,0.7689192,3.319846,0.70281017,5.189456,0.84198797,0.4257422,1.8640208,0.010815048,0.12815644,1.4047093,0.11348238,3.0825114,1.6551267,0.97284365,0.36644527,1.0462936,0.45383626,0.14223368,0.68667835,6.9679413,4.4238586,1.142941,1.6021698,0.7530899,0.13542825,0.07586228,1.1118184,0.25083375,4.571478,0.31280777,0.15891671,1.382455,0.8701406,0.44040513,1.7564082,1.4839592,0.06653653,0.309559,0.32638147,0.3661643,1.8832115,1.1298546,2.176456,0.5749345,0.3418822,1.1727227,0.111783735,0.64438945,0.5834007,0.054062042,0.688051,0.31893283,0.77120334,0.8307356,1.3245432,0.89312756,0.044651795,0.21711434,0.85146004,1.3955859,1.5477445,0.50015813,0.039986987,1.043238,0.40409878,0.088221036,0.32305446,0.4491141,1.146486,1.0327592,1.1373215,1.8562269,1.2629893,0.680781,1.4589794,0.5853106,0.028872546,0.18959925,1.0962409,0.92650044,0.5512232,1.7222788,0.7683694,2.7551718,0.4587782,0.52299124,1.7546998,1.0227154,1.1227953,2.3893106,3.614916,0.74779904,0.24452981,0.4628225,0.85851675,0.34634018,1.1552427,1.0578136,0.46459794,0.50751853,0.37440062,0.4447636,0.9358104,0.26696724,0.60748,0.9911855,2.298622,1.1558356,1.3603247,0.20441557,1.088706,0.9704508,0.26052752,3.7882347,0.37465438,0.15722434,1.095103,0.28426024,0.5933834,1.0617596,0.17443559,0.13343285,0.92973745,0.250086,3.1566305,1.8981166,0.094907194,1.2397372,1.8314587,0.4240353,0.9180639,1.0171574,0.39701003,1.6541032,0.33072764,0.08211922,0.31360853,1.1927664,2.1829407,0.27756813,0.5928641,1.17474,2.071766,0.98507416,0.3946429,0.50388765,0.15613727,0.13055244,0.7210468,1.6162711,1.754116,0.6484204,1.2272716,0.7831169,0.74688035,0.20290942,3.2673879,0.5193007,0.94342864,1.196594,0.6591723,0.65301615,0.1839625,3.2088022,2.2865143,0.53860366,0.20609881,0.33453864,0.9366529,1.0856662,3.7878492,1.2465625,0.93187857,0.83080417,0.31059265,1.0127621,0.22376761,0.727961,0.60960007,0.80512196,0.21653938,1.1461905,0.36091208,0.8898443,0.11096973,1.6023506,0.31367588,1.4383916,0.040053137,0.8592306,1.1404916,1.137724,3.6680353,0.48805812,0.053263586,1.9770067,0.4662635,0.5074296,1.0814629,1.1712681,1.2952237,1.8706218,0.9715801,1.3140794,0.10022603,0.13058686,0.127007,0.8682771,2.324089,0.19877034,1.41557,0.34629706,2.477667,0.5919374,2.329713,2.2592702,1.297799,1.8605412,0.6706765,0.46590918,0.55668706,1.2087693,0.3540634,1.0185078,0.18032888,0.12761159,2.2345502,2.0297215,0.4423761,0.10930999,0.9212615,0.08649216,1.3649195,0.6690094,0.15407209,0.9175046,2.3521235,0.4314839,1.4102851,0.95562834,1.3709742,0.6374262,0.9188328,0.19071929,0.88724506,1.1801746,2.4662862,0.28904554,0.63239604,1.0547701,1.3348391,3.6768382,0.07193333,1.4599092,1.2641219,0.7366059,3.611978,2.0729496,0.8595542,1.0564737,1.6221242,0.44233626,2.0151067,0.23899472,1.4923329,0.6997983,1.9400326,1.4619669,1.9921993,2.364088,0.63116413,0.41358417,0.30218753,0.44246727,2.335451,2.707423,1.6298082,1.045197,1.1152213,0.8289968,0.042107075,0.89825106,0.11321716,1.3202255,0.26578307,1.6164802,0.33121547,0.802269,0.11720928,0.31052125,0.5632473,0.7102962,0.7578893,0.27382848,1.7556642,1.7256775,0.5223187,0.91361064,1.1323715,2.6417968,0.25238514,2.6211202,0.94997215,1.565904,1.7554312,0.74794346,0.24988711,1.2052824,1.1351577,3.6014023,0.8099904,0.1973969,0.4547798,1.2544621,2.200175,1.3357391,0.10426548,0.36097983,0.8074235,0.1562957,1.3377504,0.20280036,0.6450602,1.0508991,0.6857124,0.6624177,0.4525896,0.23840481,0.024193108,2.0794787,1.0483426,0.21515585,0.9673294,0.5540955,1.1946001,0.19381154,3.037928,0.1289409,1.9688166,1.0407404,1.3342811,all_pothole_images\pothole_images_optimized_image_21.jpg
1.5329546,1.4245198,0.5396844,2.1314156,0.15105863,0.019759793,0.031550832,1.3089412,0.09439038,1.6838712,0.71537054,1.7496929,0.9508988,2.2138016,0.65221304,0.08731038,0.27753398,0.41137874,0.31864586,0.41815972,1.1936121,0.99519986,0.80356085,3.170263,1.3133224,0.17873882,0.46265736,0.05900415,0.65919465,2.2893498,1.1899389,0.5892976,0.8005863,1.7134935,0.4007186,0.57045066,0.7124667,1.7976687,1.6766508,0.39313865,1.8505354,0.098111674,0.96295255,1.1299938,0.27777702,0.67118585,2.5596404,0.36026084,0.6203656,1.1647304,1.5719665,1.3609725,0.65699595,0.0012034774,0.0,0.79968804,0.9506396,1.5213954,0.16528054,0.42721763,0.730673,0.14728358,0.54141647,0.10256666,0.19717555,0.8725411,0.50126165,1.1908429,1.3602602,0.032045316,1.1590314,0.7457047,0.20382862,0.3121679,1.2354671,0.42147043,0.72789687,1.5953416,1.4810147,2.3963466,1.8701612,0.9641304,0.4409507,2.2367332,0.34069207,2.3979013,0.63950586,1.2458303,1.8638735,1.0457242,0.48400894,0.502394,0.19888568,0.28214785,1.264641,2.8109968,0.17202994,0.45655766,2.0250065,0.8583843,0.89535344,0.3246859,0.08653704,2.9929876,0.5183555,1.6476792,0.22877102,1.262472,0.078778006,1.2099295,0.3856042,1.5493997,0.2693848,1.7334218,0.3158534,0.22193788,1.5459504,0.014298211,0.8724113,2.8768759,1.7249444,0.82089263,0.3440093,2.7078857,1.3343515,0.49174607,1.9848315,0.18381456,1.1639363,1.7862053,2.3708723,0.93581635,0.06166354,0.69039977,0.80380034,0.8660866,0.83191174,0.14787792,0.75552493,2.2189336,1.0116625,1.0539939,0.7466136,1.9356468,0.13322073,0.1630662,2.4132617,0.7341677,0.7156635,0.11186833,1.1675348,1.356894,1.2381806,1.242131,1.4353595,1.3637742,1.3986925,2.0655682,0.50359344,0.63007814,0.9528956,0.017099014,0.4567435,3.7773712,3.1864903,0.6621718,0.12392614,0.2923375,1.1139677,1.3860728,0.4577879,0.004877127,1.1344546,0.012240553,1.5274343,1.2099485,0.48574618,0.020697603,0.20395154,1.2289287,1.1387992,2.593231,2.3279724,2.3277202,3.9325917,0.27687642,0.5937304,1.2448486,0.20550011,0.9629753,0.9883533,0.052727174,1.3468868,1.4371825,0.53900117,0.0769436,1.0368016,2.5390325,2.0272543,0.185425,2.2428963,1.619657,0.9926954,0.8247861,0.8538401,1.4732829,2.501186,0.22329995,0.5432791,3.2641184,0.049106997,0.62218547,0.6188578,1.6159475,0.95007026,0.25577,0.5351026,0.028688181,1.8255668,0.40922192,0.82304007,1.630931,0.011560118,2.8521345,0.90519804,0.028746199,1.3812287,0.014743623,1.3858259,0.09127312,0.48582885,2.6809568,0.098824605,0.6461986,0.4374714,0.43907103,0.60877305,0.49754715,0.9628166,1.2981846,0.6131165,1.1669507,0.32285511,0.09156666,0.26911154,0.63087493,0.7012123,0.28778577,2.933647,0.783846,1.1551881,1.3096201,0.98434526,0.13502085,2.2372324,0.09823193,2.6912363,0.34144637,0.298294,1.0005546,0.9494676,1.3997326,2.2218993,0.4812203,2.122709,2.4747965,0.20008048,0.2828532,1.9757667,0.70414656,0.50465345,0.4006904,1.3339958,1.1941372,0.08809916,0.61684084,1.1753545,0.3320221,0.18344484,1.0932264,0.7615288,0.33537203,0.49429196,1.0158904,1.7858033,0.04747129,0.42855442,0.8806471,0.90983045,0.17511523,0.35329503,0.2761353,0.45277727,0.9197094,0.54567754,0.5204178,1.4806687,1.0214843,0.34066206,0.14736512,1.0974346,0.3183806,1.3032539,2.2106478,1.1794486,0.11952742,0.41138512,0.384779,0.37681744,0.24067986,1.5505393,0.86334586,3.501892,0.22691949,0.075848654,0.4325169,0.86213547,0.0,1.8803056,0.6286481,1.3082942,0.7749687,0.3336313,1.1212839,0.3026569,0.32533765,1.070816,0.1756716,0.4953794,1.274977,2.0047078,2.4312677,0.9567193,1.8249352,0.3016195,0.3455,0.3464139,0.990398,0.31130287,0.6613813,1.4504036,1.6880158,1.0166025,0.7830809,0.0,0.7849907,0.388909,0.49761662,0.010019627,0.60245186,0.9444884,0.514579,1.9093004,0.61699224,0.38060752,1.5688376,0.5612023,1.5823828,0.23332138,1.319257,0.59353435,0.6852565,1.1425272,1.471755,0.011169434,1.18276,0.8569697,0.75902617,1.2816936,1.2666824,1.1114801,1.0121413,0.14540687,0.505889,2.9149475,0.33795503,0.61249006,1.9160724,1.1081101,1.1920784,1.1610508,1.3694377,0.8113956,2.1260986,1.6054544,0.67598975,1.3450632,3.1334682,0.34275985,1.4792969,0.75288475,1.8959388,1.0330603,0.3030554,1.3073182,1.9782898,0.817198,2.53703,3.8229375,0.17508815,2.1400833,1.0331215,0.82410085,1.618209,1.1794816,0.02031772,1.9112439,0.8966106,0.13133316,0.3995893,1.7819582,0.5563896,3.1494563,2.0818892,1.0158432,0.29512575,1.3431318,0.5196014,0.7372821,1.1670346,1.1711814,1.2310671,2.09151,1.4562262,1.4368832,0.077772416,0.7441404,0.9179639,1.1162304,1.672137,1.0584127,1.7274334,2.1261957,0.8876568,0.87014556,1.7135103,0.86261153,2.2625878,0.9062495,0.24476567,0.6448329,0.35253593,0.34477887,1.5645005,0.16435666,0.2789493,0.31645638,0.25291345,0.04464727,1.646407,0.3917107,0.29964727,1.2120125,0.5243873,0.75155514,1.6927464,1.8024,1.0052481,1.14851,1.1396077,0.30068493,1.3937014,1.0555257,0.97286326,0.61457926,0.79611814,7.240626e-05,0.33525407,0.747333,2.7784374,0.508242,0.16564575,0.20150563,0.101375714,0.14834608,1.0305957,0.554067,1.1017499,1.4667746,0.26657423,2.241682,0.9017969,2.338754,0.9567511,0.33577463,0.49114585,1.2937407,0.12771961,1.5613652,0.39738432,0.27448738,0.0103740655,0.7576633,0.4144858,0.3335624,0.85209507,0.12020909,0.7318039,0.93779844,2.093322,0.5667707,4.0565147,1.0841166,1.8706428,0.84621155,1.251096,0.49985605,6.585408,0.6750133,2.9091363,0.64787424,0.15263851,all_pothole_images\pothole_images_optimized_image_210.jpg
0.21320872,0.4767064,0.00349594,1.8699768,0.6749585,0.044820234,0.6574478,0.0,0.0062099043,1.3576121,0.17468815,0.83884925,0.005431704,1.5286776,0.09179386,0.03849651,0.008672649,1.5398575,0.99833524,0.12334125,0.66618127,1.1253393,0.3712592,0.103135794,1.028084,0.42735803,0.049967542,1.5163764,0.38191336,0.045433164,0.0,0.022300547,0.4796326,0.23953012,0.047990534,0.9039052,0.26006544,0.20640676,0.38365585,0.0038268908,0.0041741556,0.0008665748,0.033630222,1.267034,0.5243513,0.28728294,0.0,0.0,0.45891222,0.60095274,0.3674243,0.008582882,0.08219933,0.0,0.7532838,2.1935608,3.0679483,0.6572236,0.0,0.030609576,0.3403402,0.0980611,1.3621218,0.2672854,0.0058097043,1.5426486,0.27545783,0.0014246192,0.12127426,0.4398322,0.40548417,0.057435736,0.15134571,0.060915858,0.47420424,0.10392416,0.0,0.38908988,0.16027975,1.2187954,0.0,0.020081934,0.055203732,2.1401,0.08899579,0.0,0.096809655,0.012397196,1.7535458,0.0052006273,0.8091708,0.31027785,0.022799414,0.039984226,0.0,0.041813966,0.15096189,0.6392292,0.21402892,0.88324875,0.3499657,6.299146,0.07790597,0.0,1.2651467,0.016367696,0.7416449,0.29473993,0.26517135,0.17539412,0.15549013,0.38011974,0.25315976,0.4363824,0.4393846,0.2914904,0.4661768,0.16899313,4.426268,0.11263045,2.2944136,0.0052662767,0.0,0.5794777,0.7004968,0.5058674,1.711487,0.6221852,0.1427048,0.07678578,0.053037744,0.0024840992,0.15010896,0.17589672,0.4266861,0.08551707,0.8672288,0.5245834,0.5130265,0.067556635,0.8635145,0.0116742505,0.22021751,0.340887,0.08754683,1.1881537,0.003492248,0.3065139,0.9755855,0.02223266,0.29802305,1.057135,0.0,0.058873896,1.3027645,0.26837298,1.5108039,0.17200431,0.63059217,0.15104678,2.1370523,1.3875709,0.14306532,0.6114521,0.2559326,0.22584751,1.0917325,0.20015147,1.0689969,1.1588856,0.01782682,0.00922867,0.02949296,0.07641355,0.07305641,0.0,0.22367479,0.050554466,0.11296301,0.039210487,0.054230865,1.4135214,1.5578543,0.21863216,1.3473747,0.0,0.24412139,1.223627,0.12759243,0.5373055,0.14644642,0.039301213,0.10273915,1.8433136,0.07621158,0.44211915,0.88261604,0.0,0.040883437,0.3438987,0.059967652,0.5416008,0.6355415,0.6956379,0.03606546,0.021670006,0.22457002,0.04728025,0.12217466,0.19277301,0.0,0.0039676838,1.369571,0.52314013,1.796496,1.0936574,0.71889913,0.027479827,0.5714434,0.14974283,0.093211934,0.2299478,0.090179674,0.025663737,0.0,0.058210917,1.3175043,0.04083465,0.6536742,0.48306403,0.0,0.08287457,1.0686136,0.0,0.2634485,0.104707874,2.3102326,0.017918343,0.00085824146,0.3120121,1.0319916,0.08672557,0.19308701,0.1909237,0.005320468,0.0,0.5153607,0.051739547,0.0,3.997708,4.683638,0.007815535,0.18331107,0.41415736,0.0,1.3735626,0.7194598,0.2370703,0.8908008,1.9123939,0.15442702,0.006351686,0.14609453,0.6181707,0.0069327345,0.014410493,0.9427826,0.04741696,0.50230163,0.14335895,0.13705724,0.05673827,0.15042393,0.0010391345,0.98492193,0.49873942,0.3478025,0.0841206,0.33494443,0.85561055,1.8087317,0.31868732,0.3417364,0.7070519,0.16695687,0.28278533,0.6681199,0.41258156,1.9588516,0.25115898,0.11918747,0.10540629,0.020810995,1.6340256,0.09646328,0.36232367,0.011510499,1.0218307,0.011875356,1.6377112,0.72026813,0.09173501,0.9770573,0.034180343,3.553826,0.0075538983,0.2526412,0.009574103,0.19414341,0.6813495,0.19433647,1.0107828,0.36527812,0.60439783,1.3559242,0.75157297,0.002587108,2.1286144,5.864336,0.0,0.07184962,0.0046967156,0.018458875,0.17398322,0.016609307,0.14859004,0.37958238,0.0031294427,0.14302257,0.09487807,0.293708,0.30097884,0.17127666,0.00886329,0.11406801,0.03337682,2.67328,0.6694415,0.015970062,1.1152172,0.7744505,0.0,1.0308552,1.1973461,0.8633851,0.007820629,0.53744274,0.42447758,0.54626447,0.20291783,0.73847836,0.12715615,0.04010252,0.38112545,0.06725449,0.017309496,0.077723965,2.3605268,0.9629456,0.40916228,0.22808689,0.32915348,0.7108766,0.0883001,0.006134331,0.0,1.5556388,0.30911475,0.1470126,0.21270598,1.4808972,0.0,0.9125853,0.04335189,0.011208027,0.3509434,0.16157852,0.00052201864,0.39092585,0.3606027,0.14574267,0.01221395,0.00091997854,0.44767815,2.9621708,0.304252,1.5985683,0.00015549644,0.32332814,0.40534008,0.50696105,0.003129396,0.19432996,0.08548005,0.030576877,0.0,0.40836284,0.12790069,0.07336209,0.07837949,0.3043117,1.2289883,0.022713419,0.34408265,0.0,0.084366426,0.012540186,0.3264514,0.1237089,0.02046163,0.0,0.022744201,0.0,0.07310201,0.09185909,0.4968515,1.300401,0.1642666,0.21615933,0.0,2.091312,0.06290548,0.20637792,1.7649436,2.1386535,0.42361736,0.18097073,0.45387816,0.0051809954,0.7500544,0.915738,0.010634717,0.0048550703,0.6136664,0.7326043,1.1576575,0.4306406,0.0062573124,0.0027163315,0.0,0.40614247,0.36577994,0.04024286,0.008039835,0.721036,0.006865674,0.8787609,0.2631675,0.18675575,0.5170895,1.4760067,0.0,0.09229169,0.009272797,0.96351653,0.50971854,0.12896226,0.020477192,0.22307886,1.2638338,1.2524714,0.019722536,1.7232289,0.28716907,1.0862951,0.0008376116,0.07114469,0.0,0.17198156,0.3336802,0.7649592,1.6681403,0.21282876,0.9277822,1.6542243,0.24532354,0.2519131,2.0263462,0.52244365,0.020529168,0.3536808,1.8126472,0.32295698,0.020597395,0.0059814993,0.1268392,1.1318057,0.08022408,0.71443105,0.012201024,0.17812096,0.59312487,0.2536217,0.031015063,0.019084927,0.26183394,0.06848796,0.12804492,0.015499234,0.10104336,0.77194244,3.3697379,0.21367621,0.022649774,0.46629247,0.9737732,0.31951085,0.046630353,0.06542099,0.372939,0.23328821,0.54043275,all_pothole_images\pothole_images_optimized_image_211.jpg
0.32111925,3.0318012,1.094714,1.9405975,0.91226363,0.95250857,0.29316422,0.1107878,0.23168771,0.6464012,0.31812945,0.05675194,0.24081975,0.61275,0.8399526,0.9269004,0.13736083,0.011739407,0.106239155,0.05191461,0.058037125,2.3593597,0.9329881,1.9315188,0.3321859,0.103285,0.22598805,1.4047271,0.29951864,0.9508207,1.7590003,0.08690128,0.9773538,0.38953024,0.57401043,0.6060333,1.3744899,0.6169995,0.015156938,0.7326673,0.13683993,0.07469463,0.28955486,1.5293573,1.5597633,0.09686,0.20664796,0.27470288,0.57678974,0.1371631,0.03533696,0.31171703,0.6055927,0.3124297,0.005313933,0.34160173,2.142861,0.045239303,0.9279297,0.30665937,0.0,0.26448098,0.67180055,0.36668974,0.017526167,0.63589686,0.45362467,0.30212697,0.07194957,0.20155615,0.1681871,0.20374441,0.3018686,0.34924614,0.0,1.9670569,0.2259563,0.6197861,0.020488605,0.75207984,0.2768003,0.8411191,0.0,1.7702394,0.4870914,0.58157843,0.04153652,0.0,4.9635878,0.30130583,0.06669251,0.16743125,0.019680524,0.015889047,0.3851871,0.23080179,0.572444,0.8042494,0.043691747,0.19585057,0.027748473,1.4678266,0.58003145,0.0,0.8803527,0.007607045,0.14513493,0.13910562,0.20349701,0.55943197,0.00069741503,4.498393,0.42895675,0.07391342,0.31465474,0.6586746,2.0720809,0.008246326,1.2304662,0.77327764,1.2763473,0.83076,0.34248817,0.5946871,0.16538458,1.3502356,0.42184275,0.3297683,0.67757416,0.18556435,0.5408707,0.12389149,0.37282085,0.0,0.5684502,0.54567236,0.22145069,0.26735026,0.34189892,0.12976216,0.10706224,0.25355023,0.03404551,1.4894843,0.04200311,0.62441057,0.167818,0.46020088,0.30674845,0.38201398,1.3846176,0.20835681,0.6596058,0.09275991,1.8450267,0.19416396,0.034660503,0.2821424,0.66801125,0.028804384,1.5532202,0.73762524,0.03630531,2.8423262,0.15348113,0.38456127,0.48600972,0.07174426,1.179027,0.12793373,0.00044694016,0.15546641,0.26910177,0.50809896,1.1441795,0.3543777,0.85553133,0.0,0.0,0.11999831,0.061452996,1.6863556,1.2031678,1.262372,1.6572057,0.19472636,0.0075345933,0.3465013,0.536512,0.75856966,0.41757116,0.4718291,0.019983543,1.8167319,0.4302017,0.0,0.6199254,1.6570858,0.3928944,1.3009325,0.07917129,0.8101866,0.25995544,0.11906597,0.19429642,0.54882324,0.39802974,0.11415686,1.2058465,0.053069863,0.24809298,0.29607537,1.0251555,1.5566443,0.7036523,1.330596,0.5232772,0.2818319,2.8398073,0.19012432,1.456575,0.0,0.39632556,2.511656,0.07439121,0.5392845,2.1632135,0.10785962,0.8592993,0.18628539,0.100996345,0.11798847,0.6083217,0.017854976,0.84153247,0.030631043,1.4590912,0.159568,0.2212633,0.29484513,1.5692114,0.19098137,1.2360232,0.30565152,0.0,0.0,1.107259,0.010110112,0.30724582,3.4742644,1.1039075,0.26475525,0.40207943,0.2331016,0.34033853,0.07388264,1.3441778,0.12765422,0.37761536,2.5365093,0.0030243313,0.052102398,0.44934347,0.51226103,0.81427264,1.4987378,0.09174057,0.85903317,4.565221,0.5962212,0.5144741,0.0,0.032036263,0.51176375,0.5502069,1.1253737,0.8778708,0.26605934,0.23027602,0.58475834,0.054116193,0.37113476,0.17132379,0.78430265,0.6485235,0.5891714,0.46036968,0.7919078,0.92384565,0.06818352,0.23267877,0.47390023,0.26615703,0.9362152,0.017515747,0.34519085,0.24374998,0.25548393,0.4086776,0.15537879,0.25462994,0.2614385,0.13771042,0.7467785,6.5961027,0.12630484,0.10556855,1.0656346,0.54224145,0.31921592,0.052081615,1.5119575,6.6999683,0.63854194,0.15146843,1.4890107,0.03264038,0.5874346,1.2225449,0.27800757,0.98209566,0.014564686,0.008296548,0.45386118,0.15200108,1.1680177,1.2320234,0.28353676,0.68737495,0.45432234,4.659755,0.14348713,0.0055869576,0.34423956,0.016891554,0.42516676,0.87699,0.0057407324,0.22809394,0.17235585,1.1814767,1.5456665,1.5653913,0.0,0.44620007,0.046342675,0.2247399,0.0030662601,0.38216108,0.5164939,0.57028073,1.0050411,0.457776,0.751584,0.1712183,0.09810703,0.48673663,0.07158218,0.13651551,0.22794667,0.0,0.37875625,0.36695215,0.47813025,0.005130859,0.9068515,1.1836174,0.11309441,0.610846,0.18589413,0.19300644,0.7256857,0.35383508,0.0,1.1437064,0.0729465,0.23549718,0.44732898,0.0001835871,0.2318665,0.055630185,0.12965713,1.2553076,2.1227522,4.2756367,0.4249059,2.3711882,0.03400495,0.2355432,2.168829,0.72266394,2.6339722,0.05224037,0.18169345,0.0100329025,0.3811024,0.481538,0.5923993,0.31663537,0.040943373,1.231423,0.45790064,0.76861495,1.4263943,0.06309298,0.12611257,0.7197861,0.4124058,0.09268179,0.53653157,0.17338711,0.0716724,1.0261785,0.37063387,0.04069347,0.029187132,0.6797559,0.43513745,0.16476752,0.0,0.98041826,0.1884168,0.9589707,2.0959065,1.4535476,0.34668416,1.1564875,1.6458579,0.21527094,1.0260193,0.44482028,0.7122426,0.029746084,0.14953288,0.22916654,5.3758936,0.62881273,0.42947844,0.43583208,1.4514768,0.32565486,0.20046416,0.032492183,0.16023731,0.59471637,0.0,2.0155928,0.7540298,0.77987653,0.20531003,1.8239456,0.5097498,1.3652651,0.83494735,1.0362025,0.31277594,2.8045068,0.5532633,0.39644727,1.0452163,0.80278677,0.12821604,0.36656335,0.013223577,0.61245733,0.5529191,0.274287,0.0,0.3053927,2.6673026,1.4344356,0.02972166,0.22402,0.53426236,0.07203152,0.30469644,0.0065873573,1.1696286,0.22792633,0.61496675,0.9897598,3.030444,1.5572238,0.34795845,0.0,0.44688976,2.3414078,0.12700075,0.9596976,0.15981999,0.24054062,1.8816892,0.0,0.038320523,5.9604034e-05,0.26677892,0.16245091,0.059325684,0.0,0.008590237,0.026890894,5.8914876,1.0664684,0.46414077,0.4801979,1.0130177,0.0,1.0469242,0.2979677,0.6802979,0.13711378,0.37920752,all_pothole_images\pothole_images_optimized_image_212.jpg
1.0490123,2.1245284,0.18241131,1.044257,0.13969836,0.6545734,0.8478763,0.40908965,0.64465916,0.5701665,0.17396837,0.2579652,0.89495635,1.9088054,0.095307544,0.47804454,0.25932735,0.03421034,0.32275826,0.64514554,0.661542,0.3570184,1.3200574,1.9111748,0.03761387,0.2805511,0.13193251,0.22626522,0.38098335,0.3118524,1.7800508,0.23904133,0.6726392,1.2144248,1.6971946,0.9427863,1.3459269,0.13739692,1.4162804,0.6435472,0.05936544,0.25637752,0.6771952,0.57255524,0.21942273,0.3600634,0.21509168,0.05704685,0.45455962,0.1089083,1.915199,0.47241914,0.978761,0.08868372,0.4129397,0.18678439,1.944499,1.0157912,2.5641704,0.12066962,0.15260983,0.37553188,0.6895691,0.4680311,1.2239993,0.57805073,2.4092681,0.524063,2.7505817,0.13261093,0.7991368,0.63460106,0.056988016,0.0066350168,0.380275,0.21132979,0.62189674,0.72389627,0.03649135,0.49152762,0.052457865,1.3901212,0.1991153,2.654176,1.6469889,0.9929638,0.7281039,0.2349052,1.1740786,0.11990905,1.3286994,0.8862823,0.3264697,1.7218412,0.22024138,0.21220152,1.3179216,0.7741411,0.7045518,0.76130563,0.7868113,1.4406738,0.32370344,0.6899069,1.1432668,4.231075,0.47095305,0.46332908,0.6447372,1.0058007,0.49442726,0.46395835,0.745897,2.7266037,0.1411891,0.054066647,2.1219995,0.38070223,2.393754,1.7479632,1.2058461,1.1591378,0.31715012,0.8430703,1.7724581,0.27322873,0.9880997,0.7009008,1.6397341,0.12836847,1.3515335,0.15762475,0.0,0.12927666,0.8372201,2.1118553,0.10812712,0.98608637,0.02619784,0.8296448,0.0,1.8694685,0.4469428,0.878575,0.0,0.44022134,0.16538228,1.8904101,0.08278071,0.32530975,1.0119054,0.36366606,0.51379836,0.0,1.3467295,1.1574928,2.0353873,0.63039154,0.6377781,0.073883414,0.9121346,0.9558057,0.3749774,2.9044113,2.012471,0.35267755,1.4473886,0.07417253,0.39338583,0.59871656,0.5706904,0.005372135,0.4130434,0.00026624062,1.2804592,0.526297,0.3519943,0.033020884,0.018665107,0.041981604,0.32022983,1.0593078,0.47473067,3.041509,0.6888134,0.39039883,0.37759632,0.78673923,1.0523323,0.62631404,0.3684195,1.1924232,1.1422658,1.3426025,1.6011723,0.3324232,0.5990217,1.2094386,0.27572563,0.10073312,0.24592692,0.8041965,0.35349336,0.21187754,0.68486327,0.35590827,1.0161089,0.033704773,1.2667736,0.90189034,0.019290479,1.0397779,1.2131472,1.0128535,0.8590786,0.31424737,2.4912834,0.0614012,1.4869498,0.39231446,0.629623,1.1080835,1.911051,1.1393993,0.23824736,0.0061383415,1.6850187,0.048693124,0.79113036,0.01870974,0.025432559,0.13690324,1.2434078,0.4350435,1.0164663,0.37799266,1.6818966,0.13310276,0.7394462,1.7802404,1.2250268,0.3078786,0.6298332,0.41108602,0.16693625,0.012813006,1.4544768,0.30309793,1.0290598,2.68307,0.8545792,1.3546723,0.42864144,0.13333307,0.00452317,0.0,1.1602772,0.22823757,0.041983575,1.9471273,0.06669044,0.44438007,1.444869,0.6776137,1.1542329,1.2609318,0.10158151,0.033367332,3.7385914,0.13985373,1.0182513,0.26014727,0.23903765,0.1991102,0.21304293,1.1089004,2.8208582,0.2828187,1.6681224,0.8672217,0.24977063,0.063849844,0.26076546,0.87827176,0.41265464,0.06742765,0.8108237,1.5083026,0.63194543,0.09673225,1.4988909,0.07444803,0.23717168,1.2426233,1.1356562,1.5460464,0.23343712,0.082499154,0.3643191,0.42605707,1.2999567,0.15348428,0.88573986,0.15891808,2.9489627,0.042538457,0.53990066,0.11260243,0.00058792107,0.07557435,0.40972677,0.86348736,1.4480815,0.1267119,0.079482086,0.3878322,0.046804037,0.5078441,0.73099107,0.21362491,3.045862,0.2851439,0.18130445,0.4068116,1.1324633,0.93739754,0.10154578,0.6073274,0.88368493,1.2000831,1.5143358,0.0,0.14889319,0.0017818732,0.006783967,0.8249593,0.829458,0.012374671,0.29885283,0.5302232,0.23926324,1.3669909,1.38306,0.63813525,0.38102534,0.42297852,0.81054825,0.11859117,0.1516163,1.2475429,0.064400606,0.796405,0.6058677,0.73284286,0.73755723,0.06206065,0.4612811,1.4613899,0.3502266,0.46447566,1.3845916,1.2983503,0.6494484,0.4576423,0.0,0.48009685,1.3891443,0.2784337,0.5796929,1.1612698,0.78552574,1.4414816,0.7102144,0.49941596,1.2160499,0.16249163,0.45640272,0.26633346,0.45416915,1.2492039,1.0236079,0.92328954,0.17496969,0.6192693,0.18915585,0.19454531,1.7768592,0.14170583,0.4016982,1.6328741,0.37426013,2.138384,0.6484503,0.037161466,0.0054428456,1.5388093,0.9717779,2.1014051,1.6960044,0.7395795,0.85554355,0.6243016,0.6838165,1.4283574,0.68689805,0.0038694122,2.901562,1.7692698,0.004572223,0.569602,0.16477701,0.33466166,0.48534396,1.1802754,0.00020340028,0.030792955,1.3747009,0.4603824,0.31212988,0.6835444,0.64792305,0.7406396,0.9526177,3.4674022,1.4370998,0.56734115,1.4210423,0.91262865,0.3253341,1.6530182,0.13179676,0.9718472,0.06809034,0.36598703,0.09313599,3.7303197,1.6732585,0.4608689,0.35837173,1.8503557,0.25494373,0.88668567,0.17475305,0.49653608,0.045832973,0.34199563,0.88491106,0.02199437,0.032678146,0.13192365,0.9626732,2.3424082,1.0019126,0.4425824,0.5176192,2.1978834,0.46974695,0.021508949,1.2445824,0.8223731,0.61894417,0.35499793,0.6247285,1.0049156,0.25903013,0.5325535,0.004740622,0.6705779,0.17426907,0.31606445,1.2382213,0.40031207,1.2105489,0.7789526,0.38174322,0.32421243,0.18964215,1.0416191,0.10277329,1.3294846,0.54703575,1.6697363,1.5748084,0.17048165,0.8793404,1.994534,1.0238343,0.0089802835,0.39718634,0.035198256,0.30528295,0.88929856,0.35642922,0.14145902,0.037610594,0.055351403,0.08845547,0.8406721,0.0120715555,0.12786251,0.015371812,4.3599253,0.5288785,0.22567199,0.0964996,1.7217586,0.35706314,0.44957364,0.37796557,1.6506222,0.47298375,0.4533221,all_pothole_images\pothole_images_optimized_image_213.jpg
0.20281367,1.3746507,0.17868298,1.8694271,1.9549109,1.2683462,1.0225974,0.052442543,0.034735918,1.6661297,0.102972165,0.61806667,0.1739991,0.7294375,0.0027859947,0.0566711,0.3329298,0.39545467,1.0663136,0.11752214,0.32091662,3.1638606,0.53006756,1.3124577,1.0357537,1.3993555,1.1433996,3.9324503,0.24246559,0.04011751,0.24099585,0.092511624,2.6382973,0.0092105605,1.3714263,1.3170608,0.49470368,2.3472972,0.17829163,1.1845125,0.019702086,0.10044095,0.3696839,0.45725358,0.3098494,0.008209869,0.6378092,0.028247356,0.8172109,0.2995963,0.5116844,0.29826534,0.07867554,0.43061602,0.03114977,1.399897,1.3596482,0.18001112,0.20318432,0.27768442,0.5313298,1.2190292,1.2049525,0.0071588326,0.26348966,3.225946,0.7850245,0.50914675,0.310216,0.41447607,0.51860476,0.020816043,0.3234187,0.8501809,0.5348348,1.0407007,0.050043337,0.71200925,0.21899557,0.3268913,0.4155067,0.09878481,0.25874165,2.8782554,1.4445126,0.37334457,1.1633731,0.022493523,3.60158,0.40456194,0.25305226,0.40736607,0.00015744964,0.34338534,0.4026445,0.009375809,0.06549849,0.4064157,1.6514772,0.43461716,0.0092899185,4.6689477,1.0015243,0.10981369,0.049551524,0.06708363,0.3020673,0.076481216,0.0055385865,0.16943903,0.13056974,1.6919466,0.89918,0.033397485,1.2640264,1.2163706,2.6451018,0.19825144,1.2801561,1.4394482,1.7121177,0.30682442,1.0963683,1.3588444,0.29879168,2.5858414,0.17920688,3.033951,0.97806525,0.7498566,1.2536747,0.0033872833,0.102949426,0.43859425,0.30175412,1.1278155,0.045690767,1.2551118,0.43193302,0.74755067,0.85505503,0.3934124,0.021219566,0.31131312,0.43566495,0.7709376,0.387696,0.07184658,0.16529197,0.70100176,1.0021954,0.5187424,0.018768918,0.081993684,0.67009455,0.5371342,1.1991277,0.13074623,0.8553073,0.15296665,1.0838791,1.697933,0.08495957,1.6871955,0.23377554,0.027835736,2.361545,0.97343194,2.0723581,0.6448879,0.14374793,0.029067295,0.05690349,3.0872107,0.6545027,0.10511168,0.5194083,0.6849735,0.08389862,0.20671313,0.63554823,2.0138776,1.3428082,0.5129576,1.5492572,0.48496544,0.12048065,0.2470109,0.0037477626,0.8586302,0.33491686,0.81007975,0.0,1.0357765,0.0820576,0.11291274,0.44474253,0.45648497,0.34891987,1.0284793,0.12881435,0.4111508,0.25496888,1.3827504,1.4374412,1.0778884,0.12162197,0.44266093,0.73058933,0.4291844,0.41993743,0.18916672,1.1890863,1.1057706,1.6422763,0.81801844,0.50954956,0.44072932,1.4021006,0.43490767,0.90304476,0.11819016,0.016930833,0.27510846,0.23503228,0.5736727,0.40419242,0.7531775,1.4515122,0.05994063,0.045821697,0.30079642,1.1769809,0.23589589,1.0880398,0.15152258,1.643752,0.07480838,0.008459964,0.01704337,0.049255855,0.0,0.31269854,0.21387483,0.1796622,0.0,0.39597833,0.24558678,0.66868263,4.4756856,2.1092432,0.5398219,0.42081517,1.164205,0.07863827,0.14501993,0.65252733,0.015829414,0.5150004,3.4792306,0.32743543,1.4405131,0.3509618,0.7376949,0.005701206,0.48052195,2.4010684,0.010515582,1.5095495,0.37534574,0.5404076,0.19098379,0.028347412,0.20539738,0.8616588,0.77124286,0.25118956,0.27622983,0.56221414,0.9695764,1.6396706,0.07938817,0.3912362,1.3821543,1.685412,1.043571,1.314361,0.11271105,2.1638923,0.59211195,0.17854312,0.76783735,0.10359947,1.0376087,0.45358288,0.10158882,0.42296466,0.37768438,0.09221093,1.2585789,0.003621656,0.54051644,0.3082019,0.685437,4.529006,0.60715306,0.39094815,0.08223668,1.3630142,0.7358137,1.4154543,0.6362331,4.5081987,0.81300825,1.0105367,0.5369483,0.12711582,1.4064331,2.2402887,0.020412661,0.17327973,0.09526033,0.036579166,0.34789282,1.5389012,2.2018561,0.65108514,0.057092384,0.58494055,0.20265341,2.9069986,0.5506122,0.0,0.26522136,0.0,1.1756502,0.8375254,0.07667782,0.5028686,0.42820683,0.08430579,0.49326873,1.982457,0.16819312,0.4047965,0.17124324,0.91501373,0.10945681,0.06395117,0.8972759,0.97762305,0.6644095,0.047674775,0.6364906,0.08820589,0.027845917,0.19642738,2.0623152,1.6619458,1.1290995,0.17501497,0.096672945,0.2656009,0.59343475,0.04224927,0.21328093,0.48369017,0.63855344,0.2875308,0.23875526,1.6292701,0.01968207,0.59121305,0.2789517,0.73697996,0.40159085,0.023092398,0.12286025,0.19534457,0.21435784,0.5486336,0.0,2.9464242,0.25433296,4.0397463,1.5157031,1.8965862,0.00020726184,0.35276946,2.749092,1.7113154,0.15175706,0.10874974,0.7156072,0.0879995,0.013710674,0.7833066,0.18578334,0.4590181,0.48203698,1.9746126,0.09779267,0.27243134,0.15062101,0.68220085,0.0,0.27795535,0.13732688,0.3076044,0.059631683,0.93804866,0.24233139,0.15825248,0.34602648,0.21065864,0.1456524,0.31527862,0.96640754,0.88444084,0.059721153,3.6660666,0.33228534,2.4936604,1.2688512,2.6282434,1.5850375,0.9451607,1.6130643,0.96982324,1.4680883,0.63463926,0.055559654,0.5110974,0.12422389,1.2098656,2.3131123,0.5731837,0.69343394,0.50490695,0.062819794,0.5517327,0.120192505,0.46530986,0.3478357,0.33224627,0.2953565,2.839617,0.77749264,0.18261854,2.002117,0.678921,0.33240017,1.5457735,0.8389557,1.1556014,1.6451945,0.95963424,0.46119514,0.15096392,0.5644352,1.0824383,0.14506102,0.110679835,0.22900046,0.5106597,0.79125965,0.38334167,0.29996344,2.3988833,0.33587638,0.540187,0.8841727,0.11044887,2.0890818,1.6956462,0.023412252,0.22228435,0.9704222,1.6087363,0.061529685,0.4937002,2.489334,0.72313946,0.19126056,0.009673903,0.024465395,1.0799611,0.0025119975,0.21515411,0.07660643,0.83598113,1.99787,0.06742743,0.073602304,0.008151916,0.5870775,0.057321485,0.49970174,0.03765446,0.0,1.2012573,5.0744514,0.1272864,0.2771612,1.5417198,0.19349235,0.3549781,0.64065003,0.235901,0.427887,0.435156,0.24665813,all_pothole_images\pothole_images_optimized_image_214.jpg
0.14635842,0.18852498,0.32423475,0.678451,0.51215565,0.100912414,0.032195438,0.019119367,0.05624662,0.15696757,0.18050729,0.040037926,0.12360935,3.61598,0.18293078,0.34697762,0.14244598,0.5873475,1.3343185,0.06213125,0.7523922,1.4675463,0.29534528,0.080610275,0.6183123,0.2840023,0.5747407,0.7951875,0.043981217,0.057717264,0.77925605,0.6090577,0.0,0.34122092,0.3418682,0.111896224,0.13159283,1.0888742,0.9914893,0.00029588345,0.0,0.0054124496,0.19924329,3.4518921,0.055581547,0.049224634,0.0,0.0,0.012832551,0.3445567,0.43955347,0.08450267,0.6980375,0.49197033,0.18128578,0.94213265,1.5471528,0.15715267,0.033755157,0.061041996,0.18428405,0.030547239,0.31460303,0.11766863,0.47232127,0.5036654,0.13364404,0.081468694,0.33497518,0.2783629,0.006872134,0.26601854,0.15159173,0.12633389,0.009088443,0.0010809661,0.07282716,0.04248193,0.10498076,0.25751728,0.001491147,0.027381312,0.30145037,2.173269,0.18754795,0.26686844,0.05439148,0.5346292,0.76823354,0.0,1.3222449,0.0,0.0,0.35339,0.030819163,0.013094768,0.57569176,0.19848132,0.34189048,0.028281506,0.13230582,0.22372465,0.0033386531,0.015418248,0.014677306,1.6865875,0.027679414,0.232684,0.0016098275,0.11237848,0.0,1.6537395,0.0060855215,0.58724695,0.12794387,4.527299e-05,1.5971572,0.29057655,1.211821,0.23014764,3.3994663,0.47132772,0.27182394,0.14886388,0.1944807,0.18050508,0.35406622,0.1564544,1.2676493,0.06385905,0.28684855,0.0,0.0923893,0.0,0.5011636,0.16573595,0.49375394,0.079947256,0.2329939,0.007227084,0.14420252,0.030791847,0.21086155,0.38770306,0.0029961963,0.27250308,0.08934324,0.06445977,0.23742278,0.26332965,0.039833214,0.41250795,0.024540571,0.13683118,1.7927405,0.22356878,0.13371745,0.3503759,0.71837527,0.0034438355,1.7009495,1.0049927,0.046970785,3.7798193,0.0,0.6470497,0.37495866,0.032788936,0.9587721,1.1581069,0.00060435553,0.13020672,0.3566025,0.0035026257,0.52111125,0.0030224451,0.22176069,0.0038610618,0.011843624,0.19961135,0.011326339,3.5530815,1.6018885,0.52062976,0.67590153,0.4406178,0.31426474,0.36102745,0.7248505,0.43450078,0.0024934837,0.15933351,0.033384766,0.2267867,0.4386364,0.09557323,0.17489573,0.2386471,0.033763383,0.49858513,0.48523706,0.4814653,2.6147032,0.4777803,1.7042252,0.08264882,0.16646044,0.095701866,0.27085906,0.021690639,0.0018545863,0.039357603,0.8901558,0.20085071,0.32797158,0.65468866,0.009176147,0.093117565,0.24534824,0.0040610516,0.0,0.47222626,0.42751992,0.041364845,0.18213186,0.25132528,2.1236372,0.11024112,0.24441892,0.18828268,0.0,0.12807356,0.3266094,0.5541384,0.1203455,0.19441433,0.69745344,0.0841094,0.07260225,0.57585144,0.0,0.28878358,0.017233495,0.043931037,0.60297704,0.006039944,0.36018628,0.017983189,0.21244352,3.8096232,0.460828,0.088149935,0.33306798,0.15413108,0.506463,0.20128733,0.23899417,1.1639371,0.04072191,0.06094515,0.05650669,0.0,0.0432399,1.7232925,0.5975226,0.5148409,0.3748081,0.08978127,0.08209074,0.0,0.001973837,0.49781844,0.09709231,0.10692129,0.5097983,1.1526124,0.12183397,0.19022614,0.035155036,0.6083648,1.213716,0.050608814,0.45732653,0.0,0.5281086,0.07403415,0.3569785,0.9255776,0.17739488,0.19415039,0.0,0.0,0.15019473,0.016258175,0.144825,0.19871128,0.20929492,1.7192476,0.8284369,0.42239597,0.38316283,0.4788379,0.0914952,0.70642495,4.355772,0.016888198,0.001716795,0.32632145,0.014751968,0.054399945,0.1872118,0.0434797,1.2389361,0.27326038,0.015735783,0.23160996,0.029056918,0.5638145,1.989847,0.17014696,0.016906787,0.0,0.09092609,0.0013129442,0.15447813,0.48250198,0.14559047,0.09637284,0.25129333,0.002937118,0.44266373,0.7433515,0.15941495,0.02068457,0.12970175,0.60547227,0.47169298,0.010715533,0.0651128,0.08219471,0.16628592,0.6663527,0.32229212,0.62631303,0.017860308,0.15694734,0.0454139,0.38208848,0.222391,0.78570044,0.15029204,0.018614056,0.19045031,0.0,0.12677065,0.5041601,0.08064929,1.7266049,0.65168715,0.20295185,0.005631747,0.09567548,0.00037473714,0.017606106,0.0097012045,0.0,1.7078552,0.050149854,0.044399306,0.0,1.4316653,0.85314906,0.36057186,0.010940419,0.51662475,0.17598066,0.13095863,0.0,0.34236622,0.036606174,0.67370296,0.0039130803,0.0,0.29925078,1.6854901,0.8500041,0.3411705,0.03504231,0.036387853,0.17437403,0.28290266,0.660979,0.020092629,0.6312357,0.35266107,0.15851447,0.3561351,1.3158886,0.04994741,0.120035335,4.3184133,0.12662798,0.53976524,0.08872201,0.12149613,0.08251541,0.31800956,0.93028986,0.015462732,0.17830728,0.19816184,0.0,0.21481225,0.66651666,0.047526073,0.007983125,0.08277439,0.0,0.08259876,0.02605405,0.92208344,0.0,0.0,0.90223163,0.9138821,0.2065601,0.16954443,0.9675914,0.011365248,0.75703096,0.061410714,0.2170706,0.54222363,0.24726596,0.105841234,2.3944097,0.0350114,0.08933849,0.023595143,0.10258268,0.2484902,0.29534727,0.031884845,1.363285,0.4134466,0.106702276,0.4918049,0.08130647,0.018995173,0.36990204,0.5701344,0.40984553,0.09861718,0.7364864,0.26671606,0.6971787,0.87725246,0.06421522,0.14165133,0.04075314,0.21107572,0.0035751248,0.8291931,0.0,0.39728725,0.41458657,0.0024558278,0.0,0.029708704,0.06277275,0.35322407,0.77085465,0.0,0.17701963,1.1260567,0.020577107,0.58700585,0.7713187,0.097960584,0.0,0.07516775,4.2539754,0.41030237,0.18966846,0.076620124,0.2813563,0.0,0.025856573,1.7256827,0.004407982,0.16133426,0.021751665,0.054410305,0.079119265,0.00068753806,0.0,0.23596913,0.37081924,0.9772436,0.013427795,0.22549605,1.7070442,0.47589937,0.11462035,0.014568243,0.21352546,0.04154347,0.16331731,0.024856776,0.005420945,0.16612895,0.13980325,all_pothole_images\pothole_images_optimized_image_215.jpg
1.5025784,0.40856388,0.060832966,3.279889,2.4864805,0.2036471,1.0144647,0.3340291,0.10250796,1.0217589,0.74994546,0.7864571,0.14314124,2.322143,0.08270071,0.0918234,0.28818703,1.4238123,2.1331959,0.13742761,0.6262873,0.6152658,0.65214926,0.22715028,1.5217057,0.06726962,0.5054648,1.99743,0.21596454,0.11558645,0.06736896,0.12026787,0.007347519,0.20945944,0.31941986,2.8566785,0.6381341,0.20000458,0.98899776,0.15174818,0.03343163,0.3327179,0.20566376,0.80919516,0.56946677,0.26969266,0.5824123,0.10970488,0.4085835,0.81709063,0.8697105,0.678535,0.2878044,0.2637813,0.46323144,1.6710099,2.4310608,1.04342,0.48546982,0.6800331,0.52431446,0.13594723,0.6334002,0.8003617,1.5632242,1.3416466,0.8266852,0.0061109783,0.38581455,0.8646147,0.18814705,0.021927495,0.68190217,1.1248127,0.5203593,0.13092113,0.30882797,0.4861194,0.77267766,0.8435565,0.013739474,0.26366335,0.2782182,2.3829086,0.041091695,0.53620905,0.3740652,0.3199326,0.20206745,0.415069,0.29081714,0.0026891571,1.1659952,0.14127444,0.04577976,0.0,0.11271679,0.82560587,0.099786095,0.8579769,1.7054456,2.7216797,0.17664734,0.0,0.56524354,0.04238833,0.24731445,0.49585146,0.78953004,0.15451847,0.10770159,0.8870059,1.2646487,0.16956897,1.1751779,0.47689742,0.06750406,0.9209477,1.7652674,0.935284,2.254782,0.4996749,1.086852,0.9033603,1.2132814,2.2822816,1.2151879,0.9155535,0.20118815,1.3064092,0.384207,0.11257016,0.46155053,0.36882648,1.1311754,1.0157821,1.3238999,0.6180276,0.14960937,0.099362545,1.2494023,0.26725525,0.41683528,0.51005894,0.52326864,2.101787,0.4504104,0.32057995,0.029811041,0.14598471,0.9548682,0.9139979,0.5424881,0.50770056,1.8976257,1.6743715,1.1581415,1.3170996,0.6209006,1.3340609,0.72013324,1.0989065,0.75294507,1.9297211,1.354566,1.4309003,1.4384995,0.32614517,1.2137357,3.319879,0.34725773,0.09402777,0.31467333,2.24925,0.084341414,0.5229726,0.5702543,0.02696828,0.37584078,0.04146048,0.07345536,2.3861306,0.22782189,0.5606867,0.9009671,0.58338195,0.10731866,0.6482279,0.417677,0.78557104,0.39218867,0.09936128,0.14651012,0.04184863,1.3597066,0.9514842,1.3724769,0.13927895,0.6525556,3.0662982,0.8579367,0.49977913,0.42001423,0.022636393,0.23458496,0.07079048,0.10208185,0.96490276,1.4155737,1.2716862,0.12590398,0.16219266,1.227863,0.8742889,3.4892712,1.7263161,0.4710023,0.7475657,1.5450903,0.5126591,1.2045724,0.42380327,0.52201456,0.90824926,0.008526367,0.5058697,1.2980745,0.49902004,2.9852428,0.32922187,0.12469673,0.20968834,1.4934084,0.06307776,1.571643,0.0593975,1.5206571,0.16381457,0.8277388,0.3224822,0.26444173,0.12933154,1.3891358,0.5046249,0.5317577,0.040710505,0.6509552,0.22847067,0.2584296,6.489986,0.13207059,0.19504794,0.0069616563,0.41681024,0.061549526,0.22568583,0.73468065,1.8807234,1.0770973,3.697323,1.2495813,0.66582286,1.1801082,0.09753533,0.12387772,0.21222994,2.9319723,0.0990043,4.1677914,0.038917143,1.2010436,0.96381265,1.6936986,0.108549215,0.20396516,1.7118332,0.04345786,0.662214,0.41643506,1.5968312,2.5769906,0.3053355,2.2249207,0.15986468,0.009726687,2.6232698,0.8480901,0.1636014,1.3562447,0.9840457,0.0,0.07104232,0.039785642,1.3337561,0.48161012,2.04876,0.17247435,0.70437145,0.17735839,2.728574,2.3959644,0.02377275,0.4013599,0.17294262,5.5475874,0.06317396,1.6375103,0.63869524,0.7590338,0.6204982,0.97289926,0.7744536,2.1405888,0.81859356,2.7316258,0.30964965,0.278513,2.0337217,4.1629825,0.5184556,0.12821397,0.0,0.813567,2.7193227,0.26346338,1.2583559,0.19547369,0.13695711,0.533052,0.04547178,1.1283219,0.7502013,0.97274196,1.3057429,0.00013622681,0.24298856,2.0538697,0.086772025,0.8166209,0.5591021,0.40168273,0.07738601,2.1395094,1.0395721,0.4140786,1.8618419,0.1410338,0.38959667,1.0215262,0.027283354,0.27767357,0.008293048,0.07146118,1.9212674,0.32010528,0.030770803,0.6263695,2.7358077,2.6583424,1.1761843,0.0034845015,2.3875532,1.9392778,0.85149914,0.18404758,0.0,1.1501756,0.47079536,0.008088593,0.33322898,2.2665553,0.4337761,0.58537966,0.11213223,0.0025330002,0.3091817,0.88758683,0.020026678,2.0136855,0.2839094,1.1204414,0.2508511,0.43048635,0.4494512,1.874109,1.4244686,1.9002174,0.22362883,0.33032072,0.8011323,1.4359827,0.57075393,0.38873753,0.12216905,1.0506418,0.5844809,0.6531906,0.184886,0.6895541,1.1682934,1.0112909,0.86980766,0.7442598,0.91284865,0.9034372,0.1340393,2.0521345,0.7646627,0.8300567,0.15505144,1.887425,0.06410618,0.11668382,0.34654146,0.4971327,0.29853177,0.016342776,0.5577559,2.0661232,0.0061933934,2.1749241,1.1903244,0.30182692,0.11839034,1.3441871,1.3340648,1.1599504,0.58779055,1.1699169,0.97341883,1.2501901,0.50419116,1.455473,1.5031885,2.0200737,1.4980159,0.099691235,0.32180226,0.037675574,0.65651876,0.3768434,0.81095755,0.004248,0.32418555,0.42951268,0.10915898,1.2744731,0.6595892,0.47674623,1.2901871,3.897374,0.38470057,1.0049856,0.011799134,0.81165266,0.5094117,0.25570834,0.5673452,0.602306,1.1354309,3.5068467,0.010428669,2.1458755,0.10820367,0.91774625,0.08735431,0.4509236,0.09652068,0.78151274,2.121511,1.1971049,1.0684061,0.002165187,2.2813895,1.7101508,0.09812088,0.5726044,0.8623655,0.25448447,0.06683204,0.008801966,2.1387298,1.0177455,0.9602184,0.577925,0.6918376,0.043751795,7.530499e-05,2.0064988,0.5154495,0.58176607,1.4878535,0.81170887,0.039654203,0.6563283,0.9647742,0.4029168,0.7397683,0.45492786,0.8646341,1.4956672,3.8462214,0.43767318,0.29353756,0.37143528,0.92742324,0.92298007,0.7936694,0.032670464,0.28352964,0.058691304,0.38209286,all_pothole_images\pothole_images_optimized_image_216.jpg
0.49106255,2.0336485,0.22660823,1.0017748,0.7686217,0.26391602,0.7511862,0.26044893,0.23235855,0.933429,0.6083167,1.0603515,0.084714636,0.12779017,0.04615914,2.0975976,0.52352303,0.11927869,0.8694939,0.09542221,0.17350504,0.52015334,1.2697278,1.7507015,1.0883201,0.86639965,0.5015865,1.6975762,0.11179514,0.49969348,0.72172153,0.07337125,0.18543135,1.1122276,0.48367846,0.18239982,1.0615295,0.25663945,0.93933284,0.53809327,0.5809092,0.7075381,0.62926453,0.050586816,2.4998608,0.11658554,0.5286757,0.18552355,1.6171563,0.2721558,0.3192606,0.4635839,0.40676907,1.4612726,0.25936025,0.6631956,0.71204454,0.50144637,0.39508834,1.9709964,0.025295297,1.0704744,1.3825562,0.6672694,0.9203698,0.4983026,1.0186533,0.4634028,2.779273,1.0380416,1.3586267,0.5108037,1.3644167,0.7112707,0.86476237,0.3739413,0.33922544,0.69736356,0.05318631,1.4512534,0.10489715,1.6259931,1.6799141,2.2634628,1.6927645,0.19311258,0.5497426,1.0658729,3.7831376,2.2698588,0.3897747,2.7144084,1.654672,0.42419362,0.19123426,1.3793148,0.16719985,2.0530624,1.0757108,0.6955929,0.02832673,0.97027916,0.5930992,0.6677936,0.46972865,0.33848557,2.1192968,0.79594886,0.11038186,1.0748068,0.670971,0.29029945,0.6528273,0.6918073,0.22723392,1.2382131,1.1507914,1.6427796,0.94651043,1.3738705,0.4555811,0.037337705,0.420121,0.73880905,2.384512,2.5792153,0.7852945,0.2073295,0.56777835,0.9615178,0.6772892,0.5426843,1.0394149,0.32492706,0.26582316,0.2917126,0.28703272,0.24299899,1.4916615,0.14501758,0.28739846,1.3802462,0.0835228,0.37242648,0.73436797,0.41739374,1.4696158,0.03519965,1.4763254,1.4034333,0.17130052,0.792513,1.3505436,0.18243033,0.48650366,0.9722352,0.4399343,0.17938174,0.25706732,0.5060638,0.88974744,1.285161,0.3224028,2.8386137,0.8809372,0.3164331,2.606178,0.43413633,0.4295,0.67461044,0.27912068,0.95914257,0.2308231,0.28768724,1.3069723,0.15531959,1.1198109,0.08413461,0.031612344,0.55587244,0.74279666,0.13103485,0.42971954,0.7531422,2.8230011,0.9169347,2.405816,1.2472773,0.1320258,0.24676444,0.44854814,2.0660615,0.9566194,1.7632703,0.21623008,0.26199508,0.45437914,1.4085863,0.80299175,0.22250913,0.73778594,0.79158765,0.05630462,0.14204259,0.98641646,1.046601,0.21577449,0.14824349,1.6487274,0.18650113,0.97732806,1.3176805,1.075464,0.03515269,0.56460214,0.76114094,1.136024,0.04665971,0.31734726,0.6131569,1.4598283,0.30296028,0.98234534,0.22779869,0.6747539,1.2565088,0.5270458,0.19326141,1.7279745,0.3480472,0.5058208,0.2784495,0.71345377,0.07020632,0.23528418,1.087249,0.5553945,0.6505136,0.024072416,0.32362214,0.47046894,0.07431704,0.076030895,0.2644972,0.36362648,0.042867806,0.049638446,0.370737,1.0013331,1.6832381,0.11336077,0.02847356,0.42642596,0.36437356,0.5626284,0.022101687,0.7662258,0.6074744,1.2492461,0.22481596,0.7842548,0.27513477,0.34360787,0.07121458,0.49838287,0.24139735,0.19774446,1.4180207,1.327347,0.3350782,0.5231265,0.0,0.21850976,0.92313147,0.015524205,3.0831656,0.50890857,1.228912,0.059871342,0.081068195,0.10541293,1.3576727,0.18675973,1.3005645,0.49740642,0.26583558,0.03562575,0.18245728,0.37612432,1.0633574,0.4991492,0.17412302,0.27624467,2.4791417,1.5138103,0.06804416,1.6996884,0.65052676,0.61553806,0.5265109,0.2507085,0.3681247,0.090845115,0.34027246,3.2838817,2.0762675,0.25152642,0.14527652,1.0290624,1.0620557,0.09385167,1.2893256,6.6397867,0.966095,0.9808655,0.49928257,0.21289529,0.52559495,1.0214063,0.96514064,1.8131634,1.0219122,0.31154424,0.66074246,0.45392913,0.5916833,0.4359926,0.89080745,1.4566126,1.3449912,5.5505795,0.2082268,0.073886186,0.19396077,0.21684253,0.16582923,0.028009506,0.33607373,0.8199433,0.46982846,0.0528232,0.072465084,0.7450406,0.36660847,0.0025665353,0.17699459,0.80818826,0.39344108,0.32302105,0.43647704,0.034409765,1.5159364,0.028308792,0.33407864,0.79289895,0.009721133,0.9724753,0.98456836,0.43647256,0.55510086,0.27369624,0.994219,1.0085199,0.79619354,0.48923078,1.1092881,0.47392043,1.3109663,0.5811952,1.1947038,0.7257988,0.6059627,0.49064815,2.2306058,0.36075822,2.9765105,1.2205008,2.0997813,0.004599997,1.3831247,0.69255805,0.39649317,1.3577105,0.6538878,2.154302,0.19246548,3.1021967,0.15258405,0.10127919,2.79455,1.1673763,0.14812939,0.57997084,0.079710655,0.48909742,0.3448382,0.2045266,0.69124705,0.55007267,0.41565603,3.2947574,1.0390246,0.014708468,0.53425574,0.3885076,0.13982394,0.77571744,0.9252923,0.71785545,1.3446271,0.28609112,0.116708316,0.6468298,0.57754844,0.087802745,0.38042146,0.83363247,1.1102391,0.08116318,0.8559042,0.509802,0.7456899,2.2602665,0.353978,0.085192844,1.7848074,0.6405932,0.5332648,0.6251767,0.89628845,3.3467991,0.49990636,0.48308328,0.6908069,1.0424513,1.3955221,2.4625075,0.24929671,0.04723166,0.8391409,0.42694247,0.6979574,0.38600203,0.4179179,0.009779417,0.30874085,2.674483,0.73143923,0.97855484,2.346852,1.9087365,1.0497545,1.335344,0.260435,1.4488659,1.4859809,0.6187663,1.3106152,0.4988281,0.13203137,0.06984987,0.19206627,0.97318405,0.7314425,0.31855327,0.5401389,0.13449103,0.28412443,1.3652712,0.2990517,1.1555935,0.45642322,2.0859053,0.0149413245,0.240292,0.10961415,1.3076655,0.27492124,0.19876292,0.55336356,0.1276934,3.41542,0.27647665,0.19747104,0.5303366,0.44467446,0.22146809,0.7636289,0.040390626,0.093334556,1.5703255,1.1595145,1.0026158,0.17017734,0.30182436,0.8256856,0.23923406,0.047125466,0.15456542,0.4607002,0.5816286,1.6605511,0.042663258,0.43889228,1.6187283,0.5289501,0.4804814,2.3779047,1.6596372,0.47668502,1.170229,0.6856698,all_pothole_images\pothole_images_optimized_image_217.jpg
0.74739087,1.4941568,1.0670465,0.39172465,0.8487252,1.0173026,1.0051682,0.41583017,0.39316204,1.1509775,0.83999944,0.053877383,0.8729872,0.70371586,0.5428028,0.39424008,0.14523585,0.0,1.7193954,0.27668315,0.5868333,2.4862936,0.3144175,1.9107479,0.54921174,0.6232824,0.03595032,1.5099146,0.37125123,1.3700589,0.10535793,0.18773006,1.2286844,0.28170514,0.42664418,1.4102846,1.1151042,1.3023736,0.2575094,0.8938647,0.0,0.021686992,0.27732855,0.2217095,0.38286823,0.1989321,0.94047856,0.20864375,1.3470349,0.5530196,2.322623,0.77872694,0.7633575,0.7346603,0.3426762,0.6538523,2.7538605,0.025992459,1.1290809,0.2154603,0.18351796,0.08175773,1.8566446,0.2173144,0.3956548,1.1143309,1.1183411,0.19527207,0.56040114,0.35097483,0.61487186,0.372772,0.29839972,1.2427486,0.2376947,0.8447241,0.50272465,0.7005908,0.26013938,1.2197647,0.71066654,0.35704553,0.057266638,2.463891,1.6052812,0.90865374,0.27021834,0.6885608,3.2899084,0.7740835,0.5786679,0.34466553,0.16064322,0.19452861,0.22121678,0.39066142,0.10376458,0.8578757,1.8324724,0.71944714,0.06809242,1.828046,0.21937793,0.18219632,0.11861354,0.24436261,0.07066519,0.26979485,0.6508182,0.36195838,0.04896522,1.9735171,0.29109997,0.042814624,1.011487,1.6879512,1.7353276,0.38598695,0.78912085,0.58363265,1.5540793,0.7497885,1.1886982,0.5903016,0.49686575,1.1542389,0.58731115,0.6603349,0.17687824,1.500401,0.7550189,0.8496374,0.032861255,0.5884759,0.28755188,0.17680906,0.20146188,1.2369565,1.9653832,0.72910595,0.67890275,0.6670546,0.25752625,1.7883081,0.51158017,0.38193208,0.012667736,0.00045681864,0.08307309,2.0354633,0.34712043,0.8917687,0.41831008,0.010641721,2.5150278,1.8061514,0.9892899,0.5473612,0.6822605,1.1901721,0.494745,0.0,0.2534598,2.9534364,0.17941922,0.032533783,0.21329616,0.7051212,2.1202126,0.37936005,0.9084952,0.109730214,0.35830182,0.48356655,0.67702854,0.050992776,0.79008573,0.016557487,0.01257732,0.6973067,0.37778276,0.6400699,1.5074203,0.9595976,2.2119706,2.0263832,0.78328276,0.38353643,0.21246801,1.1847254,1.369859,0.014013839,0.12956709,1.7204727,0.86168087,0.1654607,0.17536998,0.0,0.092680916,1.3459854,1.4340332,0.07873252,0.450823,0.14495589,1.8938748,1.2550372,1.2145189,0.21182652,0.012307152,0.27082875,0.50033337,1.1944116,2.3433268,2.5823472,1.2145978,0.36707664,0.46497554,0.19031298,0.7796278,0.08597794,1.0518255,0.073378414,0.27194312,0.5125354,0.1178644,0.42912677,0.5188315,1.1945561,1.9214368,0.0033518942,0.09659547,1.0509081,0.59013987,0.7122734,2.2234316,0.017733844,1.9984956,0.0020237109,0.001269494,0.14565198,0.17530073,0.0034398658,0.0,0.21986878,0.37727508,0.0030582089,0.34768716,0.24088001,0.9532694,2.6682377,0.7732736,0.028450366,0.2988019,0.8764673,0.80542606,0.05569383,0.7938137,0.038958307,0.63635695,1.701681,0.023384558,1.7850894,1.1063224,0.7605888,0.4376675,0.37893358,0.61514354,0.3927522,0.74201334,1.3249682,0.94937646,0.12826255,0.16262585,0.07263553,0.35242146,0.48492968,0.8565736,0.056405813,0.91129005,0.4172066,0.25711048,0.5345689,0.09784422,0.09950342,0.6691264,0.39640355,0.24412508,1.1958075,0.30549583,0.033709798,0.2620738,0.25171477,0.04996221,1.3366933,0.48587814,0.63112205,1.1662707,1.060777,0.3927314,1.9995939,0.11127526,0.3077064,0.13123427,0.027250163,3.3045645,0.5260887,0.0052904333,0.45641866,0.76710945,0.36460444,0.90881884,0.5360922,2.7227123,1.158496,0.24544387,0.31102195,0.45502755,0.2414904,1.8292743,0.28657112,0.07477236,0.4778368,0.4727382,1.4061601,0.88242024,2.253545,2.0775735,0.22620362,1.1007732,0.11528515,2.698394,0.978449,0.045577306,0.0,0.13708721,1.0206825,0.80497676,0.17214337,0.3380535,0.39505443,0.6209631,0.23417225,0.8647518,0.0,0.27023047,0.67101574,0.22377144,0.5353935,0.2959379,0.7372941,0.21571101,0.32735017,0.028797701,1.075911,0.19396155,0.11003786,1.5893327,2.782644,1.0768254,1.4909866,0.18063128,0.026929906,1.7180926,0.94677454,0.13396567,0.5802274,0.5477027,0.93129385,0.13220893,0.15775554,2.9358027,0.7392254,1.3087505,0.14875898,1.5043769,0.6936022,0.28439978,0.028722424,0.44350994,0.029919771,0.26190183,0.029469231,0.64460206,1.2769428,3.385539,3.0946853,2.5173488,0.07358602,0.5636401,1.2053485,0.94394916,0.7881854,0.12856008,0.9430617,0.57609224,0.00013657096,1.4157578,0.8878133,0.5994352,0.5271742,4.83537,0.5854825,0.10223754,0.75224584,0.6383172,0.0,0.5340395,0.78075516,0.30083025,0.2559877,0.87939656,0.6481462,1.229086,0.33682594,0.0334222,0.12341701,0.7765667,0.82602316,0.75438315,0.028724233,1.0460408,0.13267821,0.32335636,0.1402447,1.461753,1.363289,1.3973575,1.3885541,0.55912507,0.545339,0.6363613,0.5120067,0.21477877,2.126402,0.6947693,4.9481077,1.0817183,2.5369377,0.4989049,1.5561025,0.530312,0.07411919,0.3641587,0.25850502,0.6925491,0.5280141,2.03455,1.0515712,0.06961565,1.3630112,0.533891,0.568226,0.9754458,0.16250932,0.5006571,1.7501602,0.13572909,0.9069996,0.0,0.7046713,1.2130888,0.008193293,2.3490124,0.8485655,0.4833577,1.266199,0.68048096,0.22055112,1.3606136,0.4207548,1.4374572,0.35047856,0.05909033,0.53839695,0.28925604,0.33000824,0.055783737,1.0255967,0.66673964,0.04855041,0.94089895,3.7085912,0.33797777,0.11536421,0.0043421932,0.0,0.9373208,0.049240433,0.112079255,0.5599485,1.1813662,0.8690829,0.8662328,0.0,0.3229314,0.20085324,0.06717643,0.16582306,0.63357276,0.0066121877,0.7284692,5.341269,0.59465843,0.8051355,0.61625427,0.27211562,0.08311251,1.577327,0.997555,0.06136494,0.32360893,0.06321553,all_pothole_images\pothole_images_optimized_image_218.jpg
0.068437465,1.6081066,0.6437544,2.2675943,1.6509595,0.81472963,0.60109997,0.24904916,0.58969855,1.2851433,0.41351295,0.078008875,0.07273716,5.4760222,0.47056177,1.8516695,0.2320809,1.0538555,1.012661,0.41597724,1.3473561,1.9789715,0.65060055,0.4905449,1.6043838,1.6842794,0.9668945,2.8582454,0.38291296,0.41442344,0.16012917,0.50572926,0.5237346,0.40293604,0.25649273,1.1269267,0.21823852,0.53109807,0.2189463,0.7462698,0.29114896,0.5152242,0.4323272,3.2036748,0.7393037,0.03222436,0.17827003,0.061235555,0.644201,0.6732152,0.28021055,0.60211676,0.23149988,1.1791208,0.02301081,1.3610448,1.4802309,0.07071476,1.3269737,0.05810035,1.3125409,0.89214617,0.83677584,0.34011868,0.9003553,0.51375055,0.3305491,0.40241215,0.2565441,0.636749,0.91013646,0.011938113,0.14184375,0.88069266,0.36571166,1.0375308,0.63348347,0.95411265,0.6838431,0.9866833,0.015082622,0.1533454,1.5087342,0.925701,0.11044895,1.2722023,0.31262937,0.4094203,3.0442026,0.24597037,0.00062002265,0.27128848,0.2307663,0.71636003,1.1224535,0.08521653,0.30405152,0.8020284,0.9284656,1.6248443,0.054844253,2.4630566,0.66350526,0.0015952772,0.54460603,0.50337416,0.21657644,0.23778085,0.19974285,0.623371,0.35639715,2.2470288,0.29942873,0.06451381,1.1333445,0.9435904,0.81807655,0.3718979,2.2902443,0.012233152,0.8144259,0.28477764,0.16914235,0.7308249,1.1941278,0.50675035,0.448809,0.3801289,0.033613108,0.458053,0.5798221,0.0,0.8405936,1.2973472,0.43591523,0.29557317,0.9465758,0.5346828,1.2094698,0.1023774,0.18047391,0.06742694,0.40724462,0.6216475,0.0056788386,0.4146237,0.278115,0.10328078,0.13671464,0.66142887,1.2069616,0.12488963,0.047703393,0.767064,1.3734984,1.0633146,0.91302973,0.44077063,0.8145613,0.40039322,0.25749674,2.4785182,0.8514501,3.5116296,0.4296246,1.7571164,2.481439,0.7210588,3.2433882,0.79899496,0.55530214,0.52774674,0.40802142,1.9823112,0.86112577,0.2548901,0.65689754,0.30096987,0.2743847,0.61826116,0.004734702,1.5308884,1.386611,0.5075546,0.22154309,0.26266986,0.6737185,1.604525,0.4831164,1.2277036,1.4235013,0.6209709,0.1519165,0.044379335,0.8879126,0.19950059,2.2353647,0.35901296,0.08349364,0.44824678,0.4299473,0.242661,1.05432,0.071265794,0.24781998,1.410702,0.21646178,0.6974847,0.35319316,0.9050334,0.40155467,0.50032765,2.032802,1.83521,0.638999,0.36756617,0.2819076,0.3126432,1.2850357,0.54672825,1.1328216,0.0676814,0.7640039,0.78014344,0.55221134,0.5301842,1.1644918,0.8624518,0.64267117,0.13352397,0.3764838,0.45633587,0.604239,0.32781523,0.4413798,0.6378353,2.6378012,0.3781084,0.046905108,0.5357359,0.39886093,0.33566985,0.77793765,1.0959985,0.5162671,0.23510894,0.30799198,0.1525625,0.64959496,3.1090336,1.7355448,0.63408315,0.12036616,0.7812341,0.90902996,1.8463411,0.8896774,0.75193757,0.84489137,1.9628912,0.30202794,1.8055071,0.097470894,1.6996212,0.081266314,0.034025792,0.535222,1.0668421,1.286794,0.39038843,0.1809669,0.27167153,1.0163492,0.12794656,0.6424765,0.6217965,0.23512748,0.5488983,1.4062084,0.28939494,0.9355558,0.7861366,0.33168718,1.6223334,1.1037129,0.87380433,1.7193768,0.4714421,1.07405,0.17534462,0.20108783,1.2463502,0.280558,0.7423398,0.52490044,0.94474274,0.60963273,0.99092233,0.497526,0.96905065,0.72911936,1.4929632,0.13882445,0.3057415,4.438608,0.12957963,1.0653641,0.17139971,0.9588202,0.7550052,1.1678405,0.9978765,1.7982272,0.7714252,0.67767775,1.111737,0.6017829,0.47389555,2.7886999,0.12141468,0.08114303,0.5231459,0.5025672,0.9110203,0.7988445,1.2935112,0.7632608,0.41200662,0.14122882,0.924571,0.07707513,0.21725921,0.20063135,0.62749934,0.23545644,0.81564134,1.6307771,1.8817104,0.19967397,0.76349515,0.9201179,1.351138,0.52977943,0.7415022,0.6899368,0.053366605,0.23279206,0.47093165,0.98611754,1.0637838,1.9705604,0.40660304,1.9010392,0.8346858,0.2732552,0.013027728,0.1544855,0.32603985,1.4728323,0.8659847,0.1799096,0.8058612,0.5392265,1.2095919,0.29365087,0.12738684,0.57514083,1.4313946,0.0,0.30116916,0.8635709,0.31769195,0.4544051,0.10857042,0.044176266,0.51853925,0.3812073,0.010983754,0.21208218,0.18648702,1.8424604,0.2106811,0.48758456,0.66938436,0.53490853,0.6502665,2.817698,0.15432672,0.995424,0.7722285,0.62721735,0.26109645,0.089991674,0.865949,0.16451156,0.101009466,0.7362668,0.12507963,0.72066325,0.10993186,0.33832014,0.5381939,0.069555596,0.72794294,0.23890376,0.39350936,0.40845394,0.99898875,0.28060576,0.095695466,0.5169953,0.5181651,0.7207894,0.29759607,0.07311015,0.6504666,0.78001916,1.2489687,0.52839863,0.49271342,1.4708376,0.5534766,0.6931532,1.3088298,2.8402274,0.94041365,0.35974318,1.0694261,0.60609096,1.1277304,0.8319628,0.20335956,0.033429787,0.36892223,0.47732016,2.337775,0.23580903,0.08373521,0.053332694,0.44073588,0.73967665,0.38118708,0.41847616,0.03676491,0.65564257,0.75194585,1.9160029,2.2548373,0.8082858,0.6781943,1.338237,0.49259216,0.9152941,0.008862233,0.7095848,0.5545543,1.6326066,0.42129898,1.3675336,0.6240681,0.42882678,0.23755968,0.37487742,0.03979216,0.45077488,1.1953216,1.378935,0.27916622,1.0002161,0.46207532,0.33631974,2.216519,0.0050427844,0.062210422,1.3800325,0.079269715,0.36426127,0.7821672,0.7693227,0.52265453,0.625187,1.1663196,1.2292831,0.34739482,0.0530193,0.45529038,1.4635296,0.55562186,1.0153004,0.35094026,0.78684384,1.7971716,0.5183927,0.38414398,0.13617079,0.4582225,0.13704188,0.8243643,0.368757,0.11955491,0.9661812,1.5326958,0.11845288,1.2481815,0.8954037,0.3197444,0.2367351,0.4232677,0.07785766,0.2976186,0.288205,0.2889278,all_pothole_images\pothole_images_optimized_image_219.jpg
0.13421924,2.5558286,0.52063143,0.9066491,0.12078817,1.381897,1.3447629,0.0,0.3172441,0.3889621,0.1334006,0.1363091,0.27703822,2.2840357,0.12509096,1.4321299,0.33399656,0.21409829,1.8284348,0.08063332,0.012642612,1.5275152,0.22499524,0.2339567,0.34415022,1.6414002,0.5547987,1.2865349,0.7986262,0.093361385,0.14278406,0.3329373,0.061701875,0.005899877,0.19722018,0.5575435,0.51618344,0.34111407,0.33423987,0.22333616,0.0,0.122484125,1.4266211,0.77424324,0.31849465,0.42835152,0.2481029,0.12052658,0.6619013,0.5084861,0.24626875,1.5969316,0.18422069,0.9590613,0.35407043,1.0894464,2.7173667,1.1383522,2.4207358,1.3574759,0.02625581,1.1766387,2.0715055,0.92544156,1.2293125,1.5760121,1.7910448,0.6261443,1.0588727,1.1265,0.538614,1.5265874,0.24197228,0.24695003,1.0734745,0.8901974,0.58756554,0.21452083,0.12640177,1.619339,0.5700568,0.4128022,0.19078353,1.8139023,2.597023,0.05035155,0.10367368,1.330736,1.5814961,0.8287425,0.25190747,0.28509274,0.21186322,0.051359516,1.0364004,0.8177211,0.04941788,1.7812772,0.9799264,0.45794722,0.10232166,1.1147033,0.72418684,0.23576581,0.24426511,0.41709852,0.0011538955,0.0073480895,1.6735231,0.098729365,0.0285754,1.2557139,0.67811847,0.24122353,1.3142219,0.972802,0.62197703,0.2848756,1.2887481,1.0613364,0.1669561,1.1398435,1.1389434,0.30645552,0.39793426,1.1127447,0.17157611,0.52264404,0.18895775,0.43120125,1.2659922,0.22343242,0.26526484,0.20758946,0.12962368,0.37375534,0.80175287,0.8901485,0.80940145,0.5906326,0.47130397,1.3437871,0.617583,0.6147317,1.3006493,0.43787834,0.15934409,0.061809167,1.0510362,1.404852,0.19182701,1.2621177,0.14396282,0.0019084136,1.22648,0.25224763,0.623864,0.15443513,0.4595316,0.92693967,0.45245907,0.20828706,0.3776056,2.165493,0.5052208,0.29040197,1.5698766,0.55914235,0.59651136,0.07386823,1.4095103,0.97920036,0.3957806,0.82172,0.89013,0.30389872,0.022812206,1.8797195,0.1776782,2.7736452,0.7933264,0.49226665,1.8379391,0.19223139,0.5276525,0.94270426,0.0,0.19082393,0.21103212,2.9824708,0.27798626,1.0173767,0.41772974,1.8148234,1.3435041,0.3309942,0.100560874,0.011923889,0.14078815,3.3462625,1.0334073,0.039857928,0.08438881,1.061867,0.8359355,1.0327113,0.07591042,2.1022503,1.5176673,0.6850271,0.72327507,0.34392503,1.8961464,2.2615807,0.24098124,0.24221669,0.4332108,1.5656577,0.38579068,0.09794537,1.2614076,0.08265104,0.7934644,0.67355376,0.2927208,0.91553384,2.602601,1.2868127,1.0470909,1.1213539,0.9174498,0.74361724,1.6473207,0.025809363,1.8213948,0.0022471307,0.84265363,0.41378236,0.05925287,0.28287637,0.57309985,0.24193995,0.3253071,0.53515655,0.15468724,0.6129272,0.19528712,0.4396241,1.556038,2.9349725,1.5988004,0.0,0.08661601,1.0939736,0.60368234,0.56976163,3.243875,0.056287758,1.1114476,2.519893,0.08448186,1.3051128,1.1881567,0.39069408,0.34794223,0.6774404,0.14584124,2.1568496,0.83794004,0.07352177,0.3018744,0.16256447,1.0870287,0.32477424,1.4369766,1.7107006,0.21943264,0.34570795,0.73588663,0.135725,0.3577736,0.18760763,0.06467246,0.34874296,0.44847035,1.4078753,2.0278523,0.32065287,0.3523934,0.11655179,0.6378077,0.30318218,0.17036049,0.8812248,0.56735134,0.87641555,0.9342207,1.2699605,1.6308804,2.3684366,0.25311464,1.442474,0.020395866,0.56194395,7.1384683,1.2331463,0.29424012,0.06645077,0.8851388,0.45810625,0.534899,1.4397,1.3280238,0.24370533,1.2234654,2.2523398,1.1157837,2.6609569,1.3786054,0.3500112,0.10081355,0.5767416,0.7033787,0.44511572,0.5149481,3.792384,1.1919863,0.87417334,0.6689314,0.2927094,2.8992324,0.7853135,0.47579315,0.46275905,0.3316338,1.4995866,2.1828592,0.21416461,0.15227044,0.8204005,0.45046273,1.1858654,1.1214566,0.013223872,0.18714361,0.21066806,0.1989791,0.1782506,0.35077122,0.73411614,1.1251363,0.35882127,1.1334743,1.3789783,1.4964131,0.033194825,0.6323059,0.4591244,1.2417955,0.042882252,0.0,0.2767048,1.2585834,1.3069193,0.013546659,0.36054584,0.88093555,0.8985271,0.24470933,0.062138345,0.33821416,0.79930836,1.4430994,1.3767447,0.79504544,1.4880158,0.8761229,0.64408183,1.0392138,0.43178958,0.06864735,0.7313926,0.63786757,0.5904027,3.2410526,1.6691704,3.6969435,0.0,1.8544312,0.6165016,0.43221793,0.012517318,0.40115753,0.44113103,0.060354773,0.35168254,0.48902965,0.148251,0.44867262,0.1511589,1.5386934,0.16471681,0.027976923,0.117576234,0.5445664,0.0,0.013428817,0.7417603,0.46339446,1.2052622,1.4214073,0.307213,0.48370922,0.45086554,0.4586422,0.5952251,0.13897756,0.52459514,0.1669566,0.22648996,1.5504545,0.06899652,1.5358104,0.62470216,0.28302094,1.6321177,1.2579081,0.11869087,0.45100167,0.5392186,2.0049365,0.796431,0.1780887,0.12166965,0.47915006,2.952963,1.3615981,0.67787623,0.22309408,1.8799062,0.8450671,0.23704213,1.643366,0.15352222,0.58098906,1.436718,2.6794264,1.4227002,0.79799336,1.5082654,0.5434782,0.17647015,0.28886068,0.5522921,1.7292767,1.1749977,1.0575306,1.3632493,0.49634936,0.07281613,0.9847659,0.023861814,0.044035643,2.7019596,0.57735246,0.8395916,0.15615578,0.24507014,0.14305118,0.3577224,1.9058886,0.07215877,1.2016019,0.12267727,0.016172066,1.0040649,0.7057799,0.8660046,1.7151828,1.0353616,0.66833484,2.6176894,1.1793116,0.8455664,0.004846849,0.17138757,1.7388308,0.018700281,0.8326332,0.8125204,0.24418892,1.0260803,0.9941842,0.03447349,0.04348271,1.493379,0.005495338,0.033644594,0.046620946,0.9645335,0.68427646,3.953831,0.7047237,0.6676132,0.9727776,0.61911285,0.0,2.2580576,1.3340063,0.74024886,0.26415017,1.9931184,all_pothole_images\pothole_images_optimized_image_22.jpg
0.45360973,0.39063174,0.10873882,1.6267667,1.056629,0.071014784,0.53312993,0.059354354,0.01380665,0.5445285,0.009231277,0.5052612,0.4330092,0.9006486,0.027276136,0.05195275,0.25861973,1.1737392,1.3208767,0.59265333,0.29059628,1.3946614,0.2336646,0.4696567,1.0467575,0.78695065,0.52921844,1.4796419,0.12310791,0.004292343,0.4748202,1.2005243,1.378622,0.5063273,0.48771402,1.8479621,0.12381018,0.7586488,0.31219634,0.26135883,0.0,0.31538218,0.009473033,2.247096,0.6337196,1.1084008,0.045517307,0.00073707884,1.1058201,2.0711715,1.2007443,0.13297135,0.606999,0.13406773,0.0,0.9591431,0.6585815,0.14305982,1.5590014,0.18593623,0.8766618,0.15299411,0.26102236,0.036597967,0.7648382,1.378647,0.46916294,0.83795625,0.44467893,0.17923047,0.07547817,0.0826224,0.031467486,0.7201074,0.3299069,0.3236656,0.038694404,0.45541763,0.1465044,0.26053223,0.019573899,0.047431197,0.5965973,0.19104141,0.44244733,0.014824529,0.09985836,0.20023324,1.3897562,0.56220067,0.0798807,1.3018684,0.0367494,0.01622734,0.010720163,0.21710528,0.9534496,0.9617275,0.14463644,0.4466938,0.051025618,1.2116085,0.98525965,0.01536274,0.97090834,0.50391334,0.41875017,1.6611526,0.5024044,0.023938412,0.034343373,1.3392476,0.3930246,1.0485923,1.6418233,0.3990984,1.4128947,0.34309784,1.9896873,0.26741368,1.5813137,0.0044253604,0.06406651,1.4858928,0.6420718,0.90536815,0.30210242,0.41190097,1.2682846,0.095606916,0.46512267,0.034641962,0.06854425,0.26793346,0.0028805688,0.24962308,0.17495057,0.3973413,0.81408054,0.06052204,0.7849976,0.027596898,0.40657914,0.9117475,0.031580016,0.8829421,0.14001106,1.0770968,0.39215663,0.13221565,1.0644087,0.057329074,0.0877531,0.0,2.034819,0.30247757,1.7802353,0.005769664,0.74145055,0.5337001,0.44607636,1.1685665,0.008516126,4.665115,0.28671765,0.008252233,0.11992344,0.16781984,0.72678655,0.72942054,0.25955632,0.06372428,0.035472285,0.0964972,1.1411843,0.32211205,0.12689221,0.096482895,0.35704282,0.13790317,0.0,2.183644,1.6121645,1.7966697,0.82578886,0.7339653,0.55635434,0.1956585,0.6718654,0.07965923,0.24444616,0.14928319,0.0041456786,0.8320721,0.0,0.33383065,1.3877988,0.10639942,0.07796447,0.87669295,0.16726632,2.1095068,0.43979192,0.8923816,1.3489964,0.8250765,0.9906778,1.006073,0.8923918,0.013030135,0.036031023,0.011597765,0.6656336,0.8949136,1.2967027,1.7846041,0.4791247,0.0845927,0.47595564,0.04811715,0.55764854,0.47902724,0.3575508,0.7893191,0.0,0.26407918,0.49138984,0.65955603,0.1460624,0.68567884,0.000113785296,0.20540291,0.13620824,0.21328999,0.92080814,0.046882924,2.4107451,0.012073507,0.0,0.77877253,0.4843585,0.04873068,0.014828969,0.0011096235,0.24654128,0.534286,0.89703804,0.45914224,1.6876874,2.9559698,1.7041669,0.038656607,0.2113677,0.57322377,0.006683845,1.2883285,0.9180555,0.7446069,0.13731211,2.385214,0.017393623,0.09520753,0.5168665,0.701202,0.9242771,0.16492389,0.40803534,0.40418327,0.5086549,0.4423077,0.022422714,0.0018363015,0.1564872,1.9536102,0.6446686,0.6439998,0.19010538,0.34171692,0.9180917,0.353704,0.7246928,0.11944507,1.0882273,0.012786402,0.40592226,0.15704554,0.678269,0.0512027,2.0543203,0.50075245,0.74569,0.12703143,0.7846375,0.35177097,0.09443344,0.00054316886,0.09000204,2.1055675,0.47107926,0.5180211,1.0682538,1.1037443,0.5106375,0.5485204,4.15964,0.5976165,0.013585206,0.28296697,0.031213215,1.4148718,1.0225561,1.3142436,1.7619718,1.3078843,0.49483186,0.6373549,0.018852027,0.73532975,1.818978,0.48496145,0.97017175,0.13100713,0.4217228,0.26071873,0.8749189,0.2014328,0.5741381,0.0,0.7924691,0.019838316,1.5448234,0.23670237,1.0599765,0.027677666,0.016258454,0.20977752,0.30145523,0.0010115919,0.17771997,0.69644034,0.8136531,0.21951106,0.2114691,0.41768932,0.7889282,0.028901704,0.5547839,0.25257227,0.34379187,0.73627853,0.9814381,0.95722383,0.44102782,0.115643404,0.2264032,0.0998924,0.4523932,0.3373333,0.97915953,0.7806591,0.9426174,0.74186504,1.4306749,0.5784706,0.042102512,0.054437343,1.7626897,0.18229552,0.042087194,0.83854705,1.3304043,0.25247374,0.5016455,0.28147647,0.36333326,0.37542906,0.74603707,0.26154062,0.17255345,0.121251814,1.7921631,0.01824874,0.06805959,0.50648934,2.007541,1.2526941,1.0763352,0.02038199,0.5515255,0.27632442,0.51845545,0.567731,2.2088563,0.104109734,0.06373615,0.050884254,1.4557409,0.15854819,0.59850514,0.032188527,3.5800338,1.1370183,0.041539986,0.9825641,0.4599563,0.0,0.20012832,1.3659426,0.1961464,0.056091253,1.7703259,2.1788392,0.41252264,0.17664881,0.0061406344,0.11443179,0.40242526,0.11321465,0.5620349,0.12857127,2.8418784,0.75468034,1.6021297,2.677155,3.2038884,0.24462937,0.6618408,0.69670725,0.33388013,1.0952125,0.7271759,0.699569,0.9691713,0.87066627,0.8841077,2.336509,0.3505654,0.86513907,0.1643141,0.5283641,0.1475006,0.39263108,0.9941462,0.34835917,0.17669137,0.03847014,1.4997213,0.22924389,0.12958375,0.9147749,2.6144092,0.17549439,0.062176563,0.599822,0.66068536,0.5926965,0.21132506,0.21284364,0.1202669,1.2597071,1.6620044,0.32275286,1.888669,0.036740016,0.47569078,0.31671345,0.25293013,0.079989344,0.14736113,0.88030505,0.5006992,0.9669032,0.012855355,0.15973985,0.17131945,0.6984273,0.3120023,0.6241091,0.36849484,0.092106804,0.74339443,2.5441134,0.40544394,0.013421674,0.022423333,0.29277432,0.42406213,0.36674488,0.44828337,0.0027878312,0.63607013,0.34241045,0.7826131,0.109763816,0.03552674,0.00073665363,0.51667035,0.08187107,0.6116446,0.5882064,0.3456698,4.5364814,0.2105914,0.48262563,0.58955026,0.57136285,0.07394045,0.1426787,0.13335228,0.13894694,0.61945975,1.3424088,all_pothole_images\pothole_images_optimized_image_220.jpg
0.15595052,2.0182712,0.49528533,1.0809867,0.4497521,1.898633,0.12669961,0.43737856,0.041708294,0.1941773,0.50622517,0.21554816,0.055835158,1.100888,0.22345906,1.0218277,0.8096741,0.049587734,0.3000991,0.7891279,0.1790433,1.635972,1.3254781,0.3644718,0.56711096,0.09318712,0.43586552,1.4436109,0.36038816,0.68028086,0.08083426,0.27959022,0.19976126,0.47147006,0.8976472,0.07612149,1.2272263,0.019998305,0.60120595,0.27254602,0.6051364,0.08682505,0.347057,0.14495298,1.056118,0.016258124,0.3879634,0.0,0.95991033,0.07131389,0.5189341,0.2635019,0.23273183,0.72431463,0.23354082,0.88558704,3.33862,0.17726845,1.9261762,0.7912815,0.26076838,0.78722787,2.0988393,0.39892757,1.0930654,0.6838796,0.92369294,0.4841465,2.428368,0.5637748,2.0132043,0.48977128,0.34704822,0.30805874,0.87868124,0.29075518,0.0606154,0.61723846,0.67941767,1.254121,0.70492905,1.6396892,1.117546,3.409221,0.2187741,0.13830875,0.99181825,0.5361034,3.2732575,0.7148693,0.90281785,1.3362805,0.4815978,0.8609409,0.15719798,0.26053733,0.39927024,0.4382978,0.8933395,0.29156753,0.29823458,2.688728,0.21659969,0.13168111,0.32742512,0.796256,0.57520103,0.68530566,0.24805962,0.9765316,1.6052003,0.586197,0.7669637,1.0822489,0.4656393,0.9125448,1.8467332,0.77918893,0.8653534,0.16686516,0.17433497,0.46284878,0.29121587,0.4889584,1.2094495,1.9935199,0.8076122,0.75630194,0.45342165,0.0804448,0.54821527,1.7420661,2.025445,2.2870276,1.2651939,0.534939,0.21177141,0.40727162,2.9908583,0.61186904,0.36363968,2.049028,0.06895176,0.40841082,0.32283738,1.1110005,0.643695,0.07410675,0.25100273,0.72584337,0.0077190935,0.36808363,2.4700363,0.1480246,0.23804359,1.3367673,0.56385064,0.017910594,0.16833477,0.10144928,0.3772468,0.47474843,1.043417,5.610991,3.5955324,0.40272307,2.3809624,0.42847928,1.1724627,0.07876458,0.7015269,0.77492535,0.9111199,0.15357514,3.0379438,0.0,0.27876243,0.7345369,0.11634491,0.52860576,0.47786516,0.13507527,1.2590215,0.6525052,3.22503,0.03814741,1.1376388,0.44854456,0.23552081,0.39981467,0.52596134,0.48543283,0.07360896,2.22213,0.3912585,0.5068286,0.091660306,1.1071208,0.025786242,1.4077468,0.4890112,0.3018327,0.29443797,0.04197959,1.6012051,0.4094865,0.38678452,0.94450235,1.1367753,0.21896693,0.14705886,0.46408665,0.37986684,2.3145995,1.2361861,0.1987931,0.74111736,0.006636753,0.2928619,0.25068536,0.30800995,0.26362902,0.8067033,0.21622895,0.38402012,1.0029757,1.9770813,0.69156456,3.1080215,0.34365183,0.39401338,1.52092,0.45784798,0.25696185,0.13759457,0.6312753,1.3764691,0.030379543,0.3302769,0.5030749,0.38982064,0.94307613,0.3470891,0.10412521,1.444544,0.03222509,0.6788008,0.23648486,0.18565957,2.4872622,0.99073446,0.6817303,1.3887696,0.052108143,0.45831463,0.35678366,0.40179768,0.6774206,0.53651935,1.2656205,0.54588854,1.2251604,0.7895729,0.54897326,1.4338099,0.054219477,0.3979173,0.2673305,0.6246862,0.09155996,0.6218183,0.0,1.7361354,0.86789,0.24149045,1.0315012,1.1299486,1.3163931,0.1684801,0.50678325,0.055997215,2.162076,0.22951044,0.58521014,1.4862826,0.7333138,0.9154138,1.5629041,0.82495713,1.5919735,0.09908123,0.71682465,0.47792605,1.5941418,1.158128,1.0078229,1.0811148,0.6889188,0.52832997,0.17152764,0.015528836,0.39959735,0.02018022,0.6041338,6.702947,1.1672156,0.4234869,0.5823386,0.33093712,0.70871896,0.19911094,0.8491239,5.436766,0.283987,0.2182788,0.25636193,0.57706344,1.0506642,0.3683431,0.69496447,0.11465754,0.5147622,0.036062207,0.09373268,0.82797074,1.4925964,0.10198629,0.79979575,0.3744829,1.5440521,2.84603,1.0941619,0.29045385,0.10403892,0.33062375,0.0018385681,0.24013364,0.16952327,1.9624518,0.0633142,0.71114933,0.9938044,0.2604253,0.03457406,0.54142326,0.11731253,0.34766597,0.18230699,0.20972693,0.48685658,0.2262625,0.1929104,1.0475454,1.585554,1.3854368,0.24176906,0.709739,1.8043373,0.3387498,0.06499735,0.17824939,2.0624266,0.32690609,0.87536746,0.16463636,0.7697539,0.9118612,0.5476063,0.48176357,0.5228156,0.68010306,0.11876421,0.6104196,0.29486266,0.08940093,0.66257566,0.08492445,0.32492504,0.21590832,0.5917494,0.62914336,0.5461166,0.12957981,0.39235297,2.4658947,1.1405088,2.5085082,2.0603302,3.7392285,1.5874752,0.7503349,0.22335924,0.6244751,0.107500985,0.06257144,0.2715673,0.22415735,0.53391755,0.12384251,0.44407076,2.1209595,1.4156867,0.1898481,1.075096,0.22590856,0.030695466,0.6432889,0.939446,0.062390346,1.436884,0.6795507,0.109408416,0.23804119,0.100542076,0.0027157401,1.0183554,1.2644498,1.7887486,0.34676698,0.0056781936,0.018498084,0.47191074,1.9756695,0.5635012,2.2778106,0.44467095,0.39683837,0.6314473,1.1115346,1.1426814,4.443039,0.71622545,0.052577306,0.16766655,0.88983184,1.8770399,0.88750887,0.11637485,0.16265917,1.7138587,0.54962707,1.3211056,0.67567694,0.17652112,0.3596217,1.8556327,1.7938021,0.6722871,0.80379313,0.9682209,0.058145482,0.10270297,0.5914123,0.5698831,0.19392695,0.7897907,1.637628,0.040244736,1.3023582,0.12520659,0.65817565,0.5099678,0.45418772,0.55130285,1.1343126,0.82428026,1.0039006,0.10370151,1.2582916,0.7481484,2.202487,0.11701539,0.63291943,0.042605862,1.3640474,1.1179394,2.4007251,0.10442878,0.020779792,0.6891034,0.7547933,3.708242,1.0174049,0.08735881,0.026529457,1.0102971,0.8428246,0.3565867,0.21157128,0.07187278,0.64961845,1.9690918,0.45188826,0.43866214,0.2239693,1.2885032,1.3003769,0.017673882,0.7417222,0.6372984,0.07021485,3.2206833,0.45925793,0.4856811,1.3031653,0.16047719,0.0,1.6105766,0.5915683,0.053656265,2.82229,0.035484098,all_pothole_images\pothole_images_optimized_image_221.jpg
0.45667258,1.7383995,1.9790266,1.5804536,0.9437987,0.08322483,0.56516033,0.07001565,1.099253,0.19232827,0.021816226,0.8857026,0.8896559,1.1328045,0.5350454,1.5115911,0.011863285,0.0,0.48547778,1.0760213,0.6012451,1.7481279,0.19154282,2.4911106,1.9754522,0.036827885,0.38350707,1.9805492,0.0,0.60942125,1.3941377,0.44281846,0.25862667,1.7286917,0.1803418,0.3740271,0.6361222,0.4683572,0.5303501,0.8630128,0.7488037,0.09340501,0.14927365,1.1299554,0.6831436,0.108793944,1.7380443,0.13833663,0.42751902,0.113218136,0.10070057,0.5967657,0.40231362,0.055691924,0.14271674,0.07648223,1.2558855,0.026036786,0.069033034,0.4947673,0.12709902,0.5011103,0.2686863,0.118284985,0.29721895,1.8308818,0.016820943,0.0027994972,0.07620258,0.30800927,0.1627102,0.33935255,0.12661064,0.0,0.06848149,0.7462912,1.261209,0.91539955,0.0,0.115266584,0.23815157,0.39257196,0.34882584,1.6411283,0.36380145,1.5372401,0.0509029,0.6775075,2.880249,0.04064505,0.048607636,0.38854396,0.37280554,0.15152408,1.289713,0.5019025,0.12153324,0.58673984,0.48001698,0.24319074,0.2043431,0.22031237,0.001139533,0.73787594,0.044605132,0.3448953,0.18620624,0.21610829,0.4404394,1.1950796,0.5419598,5.1220093,0.32924286,1.3095201,0.6700124,0.5044174,2.0981913,0.10447464,0.043336257,0.6713115,2.3472328,2.421624,0.46956074,1.2132488,1.215702,0.8990489,0.36535013,0.8195339,1.0819957,0.1824097,0.37823874,0.023885198,0.31426516,0.04471817,0.16442603,1.4108728,0.0559701,0.24882412,0.25868675,0.099670194,0.1721765,0.1501611,0.0,1.1992695,0.13446902,0.08259236,0.94038236,0.5072578,1.0531462,0.54856133,0.40268382,0.25417048,0.12680152,0.1547573,2.2595177,0.09117464,0.20269655,1.6926103,0.49627322,1.1421402,0.81051415,0.23689894,0.020598277,4.0546446,0.31482312,1.3617653,0.13992025,0.019056289,0.5535691,0.4307944,0.008364689,0.0060131303,0.30567455,0.19858856,1.6652054,0.02587123,0.8729417,0.042878374,0.12793364,0.3244831,0.0082994085,3.4303966,2.628832,2.4130485,3.4174418,0.19363165,0.1566474,0.85939133,1.1823552,1.5194438,1.4975903,0.29296887,0.014150469,2.2487001,0.91947997,0.0046775513,0.14294264,6.033399,0.24379261,0.6201876,0.72632116,0.8548589,1.0012057,0.55230224,2.6452508,1.4312987,1.7045659,0.64866126,0.50173724,0.449777,0.016989088,0.2339826,0.6947429,0.25360543,0.066928394,0.55899906,0.07913386,0.5036067,1.8561795,0.2653724,0.9623624,0.0,0.6805431,2.246709,0.07856069,0.3467176,1.7507807,0.09700063,0.81944007,0.067578994,0.56585157,0.66310763,0.64863,0.03313473,1.2139336,0.8039188,0.705629,0.650261,0.2675768,0.19067624,0.7135936,0.0,0.054000083,0.084970295,0.0,0.2271553,1.2990758,0.059712145,0.6539632,3.0214744,0.5887533,0.07314882,0.8352214,0.3170429,0.2336196,0.0,2.074087,0.32393396,0.27459595,0.24036032,0.37896034,0.056992184,0.2985784,1.1467414,0.003572322,2.4771383,0.058005627,0.42859757,2.3144882,0.49291644,0.7668044,0.20289627,0.02446329,0.55880004,1.4252924,1.4100192,0.21341768,0.5036758,0.50121003,2.3009968,0.041834638,0.694278,0.9768557,0.20904809,0.87823486,0.87408876,0.8599702,1.3374634,0.1448153,0.15068296,0.110813566,0.07643989,0.13944724,1.1834576,0.27305654,0.45339265,0.73042893,0.8036709,0.7079051,0.7742175,0.7260196,0.08648739,0.7831033,0.80475724,3.8231397,0.042503316,0.009437318,1.0753816,0.020969242,0.0735337,0.008776205,0.3810542,5.7062497,1.7062155,0.22993259,0.43917736,0.020520698,0.22137552,1.688881,0.44800866,0.9677544,0.17353727,0.31064186,0.329562,1.0655798,0.562715,0.45995,0.0,0.18478599,0.29324576,3.998341,0.153413,0.21378082,0.07499199,0.03905128,0.016813016,0.2661183,0.062664405,0.02818272,1.0664707,0.29245514,2.8484104,1.9227836,0.66119176,0.49079147,0.0069483398,0.44506577,0.1731152,0.030793948,0.70033365,0.92948776,0.19031267,0.6299888,0.0117885675,0.04070527,0.01736622,0.39654255,0.6704711,0.0,0.69134575,0.75110686,0.2292738,0.53530943,0.58684105,0.0,0.4075521,0.3875298,1.0682312,0.9370665,0.26395017,0.41770825,0.86328995,0.40454662,0.82474285,1.3436996,0.56416625,0.0371629,1.4884025,0.58961475,0.2978147,0.007602048,0.1660957,1.8163775,2.1045144,3.6127963,1.0105647,2.6857007,0.032999247,0.0651222,2.2335026,0.6324535,2.9468303,1.4175004,0.103915244,0.047690284,0.9275114,0.2985215,0.7577967,0.34525505,0.8137065,2.7928908,0.33248845,0.047801685,0.93384176,0.3434147,0.04456231,1.0882077,0.64729947,0.13587426,0.06606804,0.33259282,0.47089177,1.573025,0.25653663,0.17663364,0.05639557,0.80153763,0.6439306,0.04438671,0.9364314,0.024092104,0.040522628,0.86920786,2.4647355,1.032519,0.33500758,0.83386195,0.7041752,0.84029794,0.5676261,0.07800033,1.0429533,0.036364395,0.38942882,0.05428448,4.0883126,1.5297004,1.4649686,1.1195914,1.0790166,0.11750419,0.32477745,0.05538435,0.6873604,0.025449533,0.059666213,0.17178322,0.10563422,0.13434057,1.312916,0.5653852,0.036566447,0.80864716,1.7823212,2.8585043,0.9974007,3.2457411,1.2628102,0.121507786,1.4690274,0.005479338,0.69785434,0.15271926,0.090683475,0.0077187642,2.0075512,0.25040802,0.7619808,0.17949784,0.23174924,0.98867375,0.9247925,0.12641552,0.04478557,0.3298259,0.43137196,0.14719239,0.9534496,0.7050031,0.006141298,0.8489087,4.662658,2.157078,1.8340503,0.24678504,0.6016248,2.1722448,0.44511732,0.69816154,0.3422674,0.051347528,0.43806908,0.29860228,0.1354453,0.0,0.0,0.03955255,0.01889876,0.0,0.01611252,0.9423523,2.6306684,2.155417,0.41884002,0.17676467,1.2458495,0.0063981493,1.2711384,0.17137997,0.16417785,0.2992332,0.0683502,all_pothole_images\pothole_images_optimized_image_222.jpg
0.20702808,0.47261435,0.10403243,2.5623772,0.52082723,0.2566408,0.25928107,1.8727071,0.1755956,1.6085893,0.4536141,0.8233819,0.15011765,1.8119929,0.0056682914,0.61148584,0.15751076,0.8881424,0.59266734,0.2853485,1.39613,0.48076114,0.030625854,0.3436763,1.5315635,2.7501316,0.35550553,2.302507,0.6817373,0.1002699,0.06554454,0.11896084,0.014640574,2.249444,0.5357852,1.6213824,0.24503638,0.50533015,0.15525642,0.97905207,0.0,0.08568449,1.1798711,1.1970706,1.9118392,0.014402692,0.023028746,0.0,2.8556,0.3226523,0.7888828,0.6699718,0.2353744,0.047682904,0.22012202,2.3772202,1.714182,1.4778937,0.49491492,1.3388286,1.3396301,0.4578746,1.0274091,0.7422386,2.2075353,2.4123402,0.09599321,0.78015465,0.3323087,0.013151256,1.1282425,0.16768557,0.98661757,0.2301651,0.9048315,0.68856233,0.033527356,1.2923182,0.9690847,0.6292249,0.39025986,1.3095369,0.598082,1.6069137,0.2539059,0.3766293,1.734714,0.02954746,1.549436,1.5204499,0.074510716,0.17156142,2.9268925,1.8858309,0.31645983,0.359176,0.21952122,0.3496284,0.9570476,0.88996,0.11879699,5.2915373,1.2813336,1.0698013,1.8879179,0.22197644,1.3922119,1.8773539,0.5670739,0.06317388,0.32401967,0.14412409,1.9623048,0.88931054,1.1959295,0.15842298,0.3047285,0.8960996,3.4178488,1.9203845,1.5365269,0.04109312,0.01914405,0.76650846,2.4204426,0.08508273,1.7980291,0.9949365,1.8102033,1.0489407,0.24203034,0.0010117864,0.5665878,0.7777269,1.7908194,0.13316652,1.0439684,2.0784202,0.97939897,0.30220187,0.16914313,0.27929407,1.6255205,1.6162969,0.21898596,1.2815374,0.8944739,0.9700712,0.43334752,0.55649954,0.84491485,0.99992913,0.61714023,0.46556893,1.8141836,1.1619264,1.0229601,0.22654359,0.5409902,0.2016003,1.6897386,1.6542294,0.4551168,3.5230188,0.6807228,0.32091537,1.8068631,0.5110313,2.4026349,2.074244,0.38883483,0.26778936,1.9102907,0.26534656,0.5509181,0.21995272,0.73724115,0.35920706,0.09384983,0.63770986,2.379482,2.2717402,2.3144872,1.3051708,0.9873848,0.65673393,0.7946958,1.6114286,1.0564102,0.37350088,0.0047568143,2.412534,0.0,1.0914534,0.44369793,1.9537708,1.6607563,0.7465209,0.4506339,0.12599279,0.9549274,1.0399371,0.3560923,0.15500419,0.29524446,0.05924933,0.248804,0.2558765,1.3612082,0.44143036,0.2105935,0.058444835,0.7077836,1.0461242,2.7604718,1.1524801,0.89388025,0.128175,1.4844049,0.7873811,0.19195865,0.023273619,1.1930002,0.9332655,0.09462371,1.2036041,1.0777613,0.26655838,0.49423414,0.39554906,1.8201528,0.17729653,0.38986945,0.5074551,0.09259338,0.316919,1.5857759,0.51895136,0.011283421,0.4488995,0.10662978,0.35374832,1.0577029,0.315541,0.6807397,0.12607732,0.6386444,0.77434057,0.8833623,4.558004,3.3142002,0.14347607,0.6528087,0.96841836,0.52317053,0.7957096,0.9828268,0.009001235,1.0765133,3.6796274,1.4583368,0.21687694,0.50198424,0.020329691,1.8443189,0.14251295,1.4558315,0.0017966918,0.95461017,0.0039195907,0.79621977,0.06257968,2.4307282,0.33237433,0.73349714,0.15443093,0.12348519,1.1582239,0.032693766,1.5696577,1.445542,1.2408024,0.85353583,0.46213993,2.8596776,0.39516082,1.1000656,2.0342731,3.0002172,1.8360131,0.0,0.52379173,0.42957777,0.6376074,2.0213351,1.228863,0.017908076,1.0449153,0.22218981,2.7741816,1.6918851,1.4473573,1.0298705,0.040389523,3.9559681,0.907187,0.35980287,0.0,2.0835748,0.23703216,1.0472386,0.7309944,2.0367422,0.5746217,0.6009647,1.0402771,0.11710358,0.59215784,1.9577608,0.32328707,0.39798093,0.17871368,0.82475436,0.79695135,1.2463561,0.29693985,0.037722453,0.8414799,0.51278305,1.0615228,1.0832404,0.9035442,0.033430107,1.003414,1.164038,0.36487827,1.8682415,2.3572967,0.7500908,1.0067692,4.2755876,1.290601,1.2594376,1.6064792,1.0048218,1.2767005,1.3345408,1.1512313,0.3865691,0.550401,0.30756542,0.19983003,1.7449247,1.0565504,0.6164603,1.3393389,0.05116159,2.2090833,2.4825199,0.6706239,1.2205654,0.45265022,0.12961592,1.8356384,0.03824453,0.91804516,1.7800827,0.36199144,0.82544374,1.2205721,1.149523,0.0222851,0.26107627,0.15048076,0.34260112,0.17157702,0.081391476,0.0,0.6422019,1.5340682,1.5859851,0.3158615,0.3695877,0.98117435,1.0031631,2.4850428,1.6159356,5.1356773,0.23139957,0.80953735,0.5293778,0.20646338,0.6365176,0.27363786,0.3085307,0.69055355,1.0177679,0.6961296,1.2660736,0.07949042,0.80741477,1.0671816,0.4137721,0.28841916,0.7031873,1.8524609,0.08552955,0.526801,0.70490825,0.0033135803,0.68523586,0.036651906,0.012102767,0.80501544,0.28674498,1.4987602,1.7494559,1.4569832,0.8057372,0.7991679,2.1476307,0.26760766,2.6297896,1.8773358,2.4601474,0.13163413,0.724392,0.44025645,1.1814581,0.8242961,1.0297283,0.4579912,1.9140897,0.36546558,1.23222,1.4631296,1.9457238,0.717589,1.4220049,0.6673125,1.6560245,1.0554338,0.85693973,0.062577404,0.19572239,0.16857341,0.523097,0.6020914,0.06317788,0.8737353,0.5576331,1.4859111,0.13436529,0.92205274,0.7022874,0.67641103,0.88904524,0.26664406,0.61427003,0.3925104,0.69047606,0.23017247,0.023573909,0.60893935,2.703524,0.9423543,0.16668844,0.012948509,0.31530693,1.938584,0.07300645,0.21052137,0.45227578,0.025511581,2.0944731,0.015057432,2.5599318,1.157935,0.5223408,0.38842446,0.5811528,1.1909723,1.32382,0.012867719,0.049247537,0.44706228,0.68196917,0.02110503,0.43999028,0.0,0.66269994,0.7998759,1.4452169,0.083348855,0.22767381,0.14608128,0.22708702,0.72074836,2.633197,0.8880634,2.0997815,2.846025,1.4834719,0.19697097,1.7442256,0.9142386,0.058447223,1.0403259,1.7379218,1.0246985,1.4540743,1.5819603,all_pothole_images\pothole_images_optimized_image_223.jpg
0.95889235,1.5901431,0.99650216,2.072212,1.6617825,0.10101596,0.19563341,0.0,0.4507608,0.54030275,0.23306856,0.6802639,0.0046072146,0.8372483,0.21756084,1.6848477,0.169636,0.0024873225,0.0374636,0.020293549,0.15922673,1.811742,1.4302324,1.2370379,0.44028473,0.6612605,0.07216528,2.164036,0.16825522,1.0387226,1.8534968,0.17657,0.8500631,0.35390052,0.5342724,0.2533087,0.9299025,0.16741556,0.41501686,0.7004698,0.034342907,0.701409,0.8323655,0.7902716,0.6620357,0.0068309833,0.3242763,0.5210535,0.25036895,0.0,0.3445148,0.4517529,0.1816981,0.13027585,0.0,0.2211662,1.3791575,0.046968002,0.076812394,0.17351414,0.0,0.36217794,0.3287095,0.6974474,0.42929533,0.321486,0.37606403,0.117486395,0.08508835,0.04854786,0.34489962,0.012100877,0.19107962,0.59206426,0.027648324,1.5174953,0.27394623,0.28164026,0.006259855,0.7116255,0.44541955,0.28914678,0.0907113,1.6830893,0.2076377,0.66913915,0.12286618,0.045938637,4.1244535,0.2839342,0.11853905,0.010854738,0.032764044,0.072499655,0.18785639,0.057256818,0.29187128,0.73378474,0.046045516,0.644914,0.17197788,1.0810052,0.6680871,0.57162356,1.0426006,0.0,0.12953815,0.056076232,0.19976841,2.0328255,0.020809883,2.6116366,0.46897754,0.5500738,0.7014221,1.0173695,1.8015077,0.11117316,1.043675,0.55201805,1.2958282,0.40216306,0.19681075,0.48771566,0.9682969,0.99282336,0.75881016,0.41869238,0.37022328,0.30935675,0.325012,0.094871946,0.23471422,0.0,0.17226365,0.30255005,0.05995506,0.12153331,0.052500527,0.0,0.22579145,0.63742965,0.19786753,2.0983303,0.4002336,1.0153399,0.05756755,0.8150436,0.12897088,0.5940398,1.1831467,0.41023362,0.5911175,0.45404753,1.0113707,0.8528132,0.32072765,0.1078477,0.8442946,0.4285571,1.0673573,0.28284958,0.04703764,1.5244323,0.5387211,0.5340389,0.92539984,0.018302467,1.1575032,0.28603938,0.008195124,0.35644364,0.30176905,0.023127025,0.93181205,0.34825033,1.1412543,0.0015001446,0.0018609861,0.013778553,0.019797357,1.0920688,0.5061144,1.1082697,1.3691437,0.08984099,0.16209376,0.07483868,0.7994067,0.29033118,0.71779305,0.27912185,0.34795836,1.3600835,0.726632,0.24417487,0.43548647,1.5679212,0.50048447,0.23030797,0.6880839,0.2502691,0.0,0.03086869,0.14456119,0.5370102,1.0881526,0.15660003,1.7985824,0.118687674,0.2856705,0.31718352,0.54027003,1.3355964,1.0738049,1.6864624,0.3596436,0.0,1.9243343,0.09324208,2.9789631,0.0,0.19518115,1.2200223,0.36199355,0.35807014,1.3877422,0.6850497,0.79398984,0.23257434,0.19164088,0.35854694,0.402888,0.054092035,0.4709458,0.09747505,2.1580327,0.00975706,0.67671514,0.34896278,0.40541345,0.009818616,0.4578834,0.48928896,0.08706533,0.028479278,0.6811598,0.025043324,0.64637715,3.2601979,0.44978452,0.1813756,0.13503313,0.043421444,0.66105765,0.0,1.5970037,0.014508435,0.6363978,3.2379336,0.38564292,0.577957,0.5865606,0.023141013,0.6338874,1.7036214,0.18445224,0.14733626,3.3906586,0.13729651,0.47971502,0.0,0.24902503,0.44020972,0.26642373,1.4404969,0.0017030573,0.679608,1.2304399,0.61139196,0.07330687,0.42526218,0.80416745,0.668959,0.28803155,0.28891474,0.5570099,0.68140775,0.26857305,0.062021565,0.15634418,0.62078285,0.38921776,1.0268903,0.1270036,0.72040826,1.3927948,0.22767583,0.007386992,0.53358626,0.32770476,0.21485904,0.057279952,1.3837816,4.5766263,0.14938554,0.40595502,0.55055445,0.5147142,0.19898386,0.4931955,1.4604703,5.783968,1.2628921,0.14501026,1.5230093,0.0,1.2610762,1.2057501,0.30928758,0.5555703,0.5115618,0.43134913,0.37785318,0.30681133,0.117512405,1.2443166,0.66497606,0.99792796,0.38381913,4.3582654,0.12475539,0.03363401,0.22357707,0.011530205,0.1493844,1.2552603,0.5386864,0.67381424,0.05247154,0.45159975,0.7520595,2.1071212,0.04955316,0.12273132,0.070425205,0.27909184,0.05153067,0.21205433,0.21542087,0.080056086,0.9296312,0.28994852,0.3867381,0.12354093,0.0031888061,0.43523082,0.19612224,0.09664168,1.3086606,0.27709338,0.53906995,0.8253837,0.50156254,0.06850567,0.5679606,0.73361766,0.055471588,0.4808211,0.40310225,0.19740787,0.4231243,0.10889956,0.041582398,0.8715516,0.30921808,0.30706647,1.3523978,0.11598284,0.17273599,0.4639659,0.046614353,1.1640447,1.3281885,2.9364567,0.941608,2.27636,0.13751443,0.057327874,1.4348154,0.28171155,1.9057268,0.052632753,0.040558957,0.0,0.8799957,1.1933362,0.31552696,0.004950608,0.009198461,1.1928047,0.77615684,0.8622013,1.4729624,1.2570469,0.42339,0.5041855,0.37127486,0.045403276,0.15251172,0.7414928,0.16971005,0.7759932,0.21127443,0.025759771,0.2692314,0.32125986,0.5097311,0.68930894,0.05789815,1.0999254,0.10158856,0.95066816,1.6752377,0.9798422,0.37889278,0.6963365,0.63542235,0.21879421,0.9699773,0.47345218,0.29622233,0.1814865,0.51899874,0.06967487,3.9220095,0.37948367,0.65147513,0.15239643,1.058628,0.8574854,0.15468745,0.18187632,0.10123606,0.049475513,0.0,2.4684558,1.2181797,0.20216417,0.47485062,2.6018538,0.20503438,1.8479327,0.5670318,0.41892484,0.6481212,3.160167,0.29454076,0.14215615,0.96697426,0.8691411,0.12317976,0.36854658,0.025616916,0.68530935,0.2996404,0.10796469,0.08229676,0.28311068,1.2950995,1.2820995,0.038805343,0.10219943,1.1231148,0.27059707,0.09841092,0.5019292,1.199295,0.19732489,0.905483,0.70540595,2.4877956,1.7530838,1.1055048,0.012358225,0.5997905,1.272743,0.401507,0.4911216,0.21611325,0.23676576,1.8230155,0.09054732,0.0,0.010684893,0.06570101,0.39953747,0.13854489,0.0,0.01221939,0.014832193,5.8338847,0.47176456,0.65478766,0.3034638,0.770791,0.033339683,0.40542668,0.42756593,0.9568759,0.041387685,0.17543153,all_pothole_images\pothole_images_optimized_image_224.jpg
0.55830777,3.098266,0.8239012,0.30466837,0.5367773,0.89251953,0.35961998,0.3691132,0.24054733,0.6002399,2.143032,0.371735,0.4524408,0.23162939,0.13619311,0.41559383,2.026677,1.4908805,0.14425808,1.0292814,1.6083044,2.0359886,0.7523903,0.70896834,0.34200853,1.3767333,0.46041137,0.8332426,0.27455348,2.8002992,0.5584329,0.44568866,0.8791092,0.5532652,1.1285417,0.36801976,0.5267095,0.8130143,0.23918046,0.02870191,0.9335748,0.037982162,0.27832514,0.39656773,1.9209485,0.31057516,0.28693044,0.0014416793,1.5267787,0.80258524,1.9179975,0.7333346,1.1206015,1.0060056,0.95784444,1.4079938,1.8430105,0.69105965,1.489624,0.40870565,0.0005431595,0.83753,0.4252737,0.91690534,0.8070274,2.111717,0.4469437,1.85644,1.6909485,0.31912044,0.10699021,0.88340056,0.7531662,1.317984,0.7948372,1.0452814,0.39634648,1.6920488,0.4675813,0.79073864,0.65374446,2.1163437,0.097075716,0.4689841,0.487203,1.5852591,1.0799505,0.79470366,3.1546369,0.46889618,0.5544895,0.51796687,0.73370385,2.7636561,0.19048099,1.2482121,0.3427536,0.1598809,0.4865954,2.3553827,0.056013927,1.7394989,0.29212958,0.11695084,0.4330689,2.712127,0.92662454,0.5523216,0.45434928,0.47310084,0.6380331,2.6230779,0.61319274,0.60024714,0.3005426,1.3196027,2.8271456,1.1200383,0.35285008,0.46505877,0.74551064,3.0730693,1.0084727,0.065347366,0.5537977,0.5372912,0.08944959,0.29458007,1.0236015,0.4064864,2.1064496,0.4380219,2.380985,0.94528145,0.99490815,1.2140504,1.3963722,0.49160838,3.3167248,0.24184717,0.36557502,1.0304568,0.33696243,1.3958379,1.0144508,0.93404853,1.7117163,0.0,2.3334618,1.0806711,0.83175766,2.0544457,1.4031662,0.18261349,1.7088349,1.9143428,0.36999276,2.4284322,0.33730784,0.39405364,1.8653845,0.3898701,0.14626683,4.4373918,0.3634293,0.11755762,1.3965124,0.27326086,2.0358331,0.009727346,2.8420653,1.7389671,0.30606923,1.527778,1.3266436,1.368153,0.92156225,0.9795324,0.06427281,0.8729706,1.3002735,0.7965337,2.3021317,0.44422358,0.63661367,0.07578425,0.84668714,1.8718395,0.44769746,1.176631,2.3647804,3.618143,0.42885286,2.2148206,0.6880071,0.29390824,1.3442069,0.46333256,0.059622757,0.88190746,0.13114022,0.53478485,1.0278134,0.5698407,1.9022624,1.5195297,0.52602977,0.5149219,0.52680695,0.58431804,0.14874114,1.4737563,2.1560469,0.59826213,0.041607704,0.39182496,0.27377042,0.3020463,1.5506685,0.31394252,1.3224396,0.5659739,1.0521535,0.35842308,1.8647679,1.4689229,0.6505942,1.1500262,1.2795298,0.00598708,0.65652037,1.0263214,1.9488779,0.86678225,2.3210173,0.4105754,1.4973624,0.74330914,0.40258828,0.32245582,0.3373884,0.627278,0.4390085,0.8862616,0.8152693,0.93679,0.95811236,0.41692966,0.15356994,0.5334159,0.22600476,0.23621562,3.0543778,0.17576808,0.525592,0.086290784,0.08503015,1.4701651,0.84902394,0.2905506,1.6835738,3.4761841,0.5504874,1.079324,2.2000303,2.421269,0.19167985,2.1680098,1.950507,1.8270562,0.46980634,0.7366332,0.5966288,0.0034889404,0.21399544,0.6712837,1.1255039,1.0725657,1.4722524,0.1875933,0.38088483,0.466667,0.5123706,0.85557544,1.6930336,0.15429449,2.5545847,1.533746,0.9808851,0.54127425,0.3093531,1.4533806,0.36202908,0.5530769,0.8134861,0.38221186,2.4766614,0.7625806,0.87986535,0.46846643,0.37145278,1.4482138,1.0721172,1.035813,2.7105834,0.4667377,0.0,0.5263873,0.98603773,0.7352408,0.9519117,1.3131522,1.0629773,2.1176596,0.8011356,0.09220639,1.4690491,0.6312021,0.8197711,0.66895497,0.9400465,1.8830872,0.7392041,1.562265,0.5615967,2.209732,1.2657982,2.7183077,1.194652,2.42312,3.298148,0.5669016,2.617459,1.3063629,0.47452456,0.3516499,0.37024298,0.27169475,0.82663864,0.32514563,0.26824334,1.1544532,1.1842494,0.5997716,0.094199024,0.61937976,0.33900076,0.0848955,1.2515244,0.3653893,0.072424255,0.26639238,0.41911358,0.14469585,1.5794699,0.13080853,0.50852966,0.56136996,0.27456492,0.19448452,0.10988068,1.8412528,0.35867578,1.231958,0.51214457,0.25901154,1.4337244,0.95325935,0.13395125,0.5560631,1.9367286,3.8245406,2.7389588,0.121403,1.6993352,0.5551928,0.07193415,0.13657749,0.84425724,2.2432723,0.25410336,2.0649586,0.07522488,2.4520433,1.4469405,0.38836363,1.6226937,2.0204198,0.8392894,0.78626883,1.3028144,0.2601348,0.38694146,0.44524282,0.023871303,0.38769037,0.7899999,2.8530262,2.2088976,0.9192156,2.4081671,1.2572738,0.28602862,1.2243196,0.41264692,0.2302524,0.044969264,0.86585844,0.65386945,1.448558,0.49959946,1.2925621,0.5861472,0.795031,0.0,0.19475618,0.62407464,2.1469467,0.18724273,0.44767064,0.23914915,0.58741915,0.70986766,1.3475143,0.20027035,1.9808309,0.28058374,3.9587812,0.026211679,1.9181099,0.42183015,2.2965147,0.19237477,0.30692226,0.20369856,1.7836579,1.1459434,0.1749271,1.1064318,3.1181846,1.8351533,1.1091658,0.07798756,0.34171078,0.5147021,3.9650207,1.7400123,1.6883408,0.87018913,0.8510479,0.27603814,0.16334666,0.88247526,0.18000805,0.776028,0.24585323,0.14670189,0.75720114,0.3961042,0.34936053,1.130479,0.99734634,0.45716977,0.7618634,0.1650662,0.26425353,3.2760503,0.18058026,0.7949868,0.230538,0.7391572,1.0647181,1.2774153,0.4186747,0.28533408,1.0508579,0.09019332,0.461645,0.01499461,0.14027137,0.35312602,3.6099834,0.84703755,0.8508632,0.6248911,0.08763819,0.4002346,0.041937005,0.46462378,0.1604508,1.0509269,0.1685133,0.0,0.52452135,0.8269616,0.29536808,0.82894444,0.4636805,0.7509391,0.46798527,1.0105406,0.6758861,0.8550345,0.9405881,0.3638349,0.28819257,0.070859656,1.5729765,0.51585925,0.16028357,0.55204743,0.045253884,all_pothole_images\pothole_images_optimized_image_225.jpg
0.2997679,1.2713944,0.24971676,1.1210418,0.63930154,0.43945736,0.08810738,0.20343687,1.1856053,1.1780399,0.19165944,0.78927165,0.28952533,1.5667661,0.4749432,0.3185183,0.010040382,0.38322785,0.88269305,0.13965498,0.3705457,1.5263176,0.6976738,0.46790987,0.64199597,0.457934,0.13893315,1.8793916,0.065215334,0.9987176,0.57937974,0.3115041,1.7050552,1.0190051,0.4202909,0.74250215,0.92390084,0.6732771,1.0952952,0.6160427,0.26077747,1.8940202,0.40573373,1.6750358,0.30969763,0.25386134,0.69186944,0.0014759373,0.960222,0.7390288,1.0562321,0.1632788,0.3378615,0.19087437,0.05265588,1.4600043,1.2503728,0.5393981,1.4866217,0.9754769,1.6668524,0.4724242,0.8060932,0.14493077,1.4295539,0.78570867,0.5143588,0.16898753,0.2942309,0.28356844,0.053272247,0.5690547,0.10215646,0.9211066,1.2893513,0.63890773,0.11120687,0.29703742,1.7627258,0.18353704,1.6520323,0.5003705,0.12010766,1.1927172,0.5445318,0.45389596,0.61272794,0.18714762,2.4205637,0.45758122,1.2230269,2.0408742,0.5946506,1.0275971,0.44570985,0.009105385,1.1792073,0.37280414,0.9521889,0.66874665,0.21752921,1.111323,0.61585534,0.89928144,1.3204571,0.525031,0.26481724,1.2604619,0.3290186,0.85226756,0.43721825,1.9665275,1.1205146,0.1690266,2.0341816,0.8343036,1.9565762,0.38421416,0.3107537,0.5073083,3.2657378,0.30993193,0.7644214,1.3338196,1.3569927,0.3015919,0.37799102,0.7217571,0.67448205,0.2929493,0.7994583,0.52814573,0.1952092,0.63590556,0.80406594,0.96792084,0.24752627,0.77212167,1.2626022,0.3143287,1.6137773,0.02462649,0.03148166,0.72998077,0.62186164,0.41571888,0.74352247,0.20491803,0.09265545,0.23456314,0.6126308,0.35545135,0.50607866,0.83045745,1.3014666,1.2571927,0.95519906,0.40481517,1.3971682,0.049139027,1.0701431,0.11489293,0.16556662,5.140499,2.245513,1.4209032,0.19771177,0.8373912,1.3586164,0.15197708,0.99553865,0.7425303,0.29184434,0.4930826,0.22563128,0.089800015,0.2736449,0.061076056,0.6797517,0.83547175,0.14156884,2.6107116,1.1577413,0.6998998,2.7788465,0.3240648,0.72754085,2.7523947,0.279839,0.78065336,0.35119316,0.46786872,0.21047941,2.373388,0.4811228,0.07287918,0.970752,1.1762995,0.6867417,0.33120942,0.31381065,1.2998319,1.721903,0.5033689,1.0081205,0.85744566,0.14334749,2.2174459,1.1416099,0.8499528,0.034422714,0.6913267,1.2892808,0.44408417,1.8173,1.0491902,0.12614869,0.28514662,0.7673374,0.060350027,0.797524,1.1374532,1.0252448,0.44731832,0.7015669,1.534248,2.1471202,0.117673285,1.000353,0.009659185,0.4404766,3.360128,0.024608865,0.5943095,0.29418278,0.13682304,0.8999059,0.10035974,0.37258634,1.7585639,0.07648014,0.18321526,0.12067002,0.009393852,0.7188261,0.07547579,0.97852916,0.011490326,1.122281,1.7546611,1.93541,1.1555477,0.91356826,0.35971186,0.25548598,0.13363567,0.31045014,0.86790925,0.3355882,1.951709,0.88231164,0.08511216,0.28711095,2.6513336,0.6404856,1.2154181,1.1273353,0.6164213,0.7323381,0.22778143,0.90378016,0.19928643,0.06234479,0.5873833,0.46134192,1.2090452,1.705558,0.48229855,0.2261088,1.0387431,0.04070513,0.42546093,0.09111128,0.72352386,1.9004334,0.7756278,1.5467921,0.77860284,1.1703193,1.006167,0.40208396,0.65713435,1.5118093,0.09801837,0.15218443,0.1521415,1.3790522,2.0498128,0.20160487,0.0149015505,0.04313739,0.3645994,0.44955152,1.486252,1.1656785,1.3847715,0.89495116,0.70973575,0.15404679,1.2440119,0.5388874,1.3654913,2.0612786,0.6148107,0.24437186,2.0011666,0.039599624,0.9120703,1.6668427,0.35796043,1.1843736,1.9657786,0.08755685,0.35417482,0.28769624,0.35110715,0.46324864,0.26486906,0.27679244,0.30840924,2.4957666,0.9908648,0.10504476,0.24562114,0.15675052,0.15279502,0.4808369,1.2209253,0.544333,0.86237925,0.91661227,1.5052364,0.22586994,0.038676467,0.25173163,0.08630963,1.7693753,0.57069683,0.0,1.123087,2.3304427,0.42545947,2.4020038,0.26022586,1.147552,1.8692672,0.38436255,1.3182591,0.40423247,0.44453233,0.32582238,0.26213515,0.75922805,0.9022192,0.051799346,0.6031012,2.4195895,0.48838326,0.6258168,0.008573802,3.8343048,2.3197916,0.17277473,0.8525936,2.2189655,0.21198851,0.11599742,1.4391263,0.22847849,1.3190491,1.9673985,0.18753919,1.1218313,0.73102367,2.503741,2.045761,1.7857238,0.5372534,1.4942739,0.768161,0.60027486,0.6124021,0.15080231,1.3591598,1.2601086,0.2660136,2.107089,0.8538453,1.0839095,0.14316404,6.595465,0.4533988,0.15001313,0.20529136,0.54724544,0.46441692,0.21046785,0.5306222,0.08517736,0.9803826,1.7704438,0.2673675,1.2867658,0.3041939,0.38967258,1.0629803,1.2184412,0.45582315,0.92418694,0.11902506,2.0695188,0.8291314,1.9367383,0.50362116,2.1517904,0.31830552,0.680393,2.1767793,1.3985573,0.5666261,0.23001176,1.383979,0.43067092,1.6842754,0.24514218,2.4481616,1.6463066,0.64077646,0.95264703,1.1696209,0.8840036,1.8591219,0.33916453,1.0636599,0.3579856,0.6571895,0.5288622,0.25127158,0.04643545,0.39858994,0.5889289,1.5988511,0.5093651,0.8284353,0.6725501,0.8932626,1.1113068,0.38632268,1.2531471,0.030574014,0.3410214,0.43583182,0.82193893,0.29249054,1.1447625,0.3521997,0.3807628,0.13368945,0.71404064,1.3845153,1.6630325,0.9754613,0.08760705,0.54412067,1.7994869,1.1920778,0.98763883,0.37906876,0.19235773,0.2133825,0.33188823,2.5806549,1.7145545,0.47307327,0.1400584,0.77495843,2.5024097,0.073630504,1.1659961,0.50509614,1.3006196,0.15410535,0.13349304,0.27918717,0.44378576,1.0268891,0.36302847,0.17280503,0.62234414,0.19352362,0.88414496,2.1330285,0.48020825,1.1385341,0.42290908,1.4004716,0.0064736055,1.3365942,0.90332985,0.3945552,1.0081956,0.32590115,all_pothole_images\pothole_images_optimized_image_226.jpg
0.043223586,0.75629336,0.0,1.7242874,1.1420486,0.0,0.19699803,0.053063966,0.04001646,1.5002058,0.2101909,1.4587789,0.68742764,3.1026423,0.0010645821,0.005262477,0.77941525,1.0351721,2.2501156,0.59298486,0.90928346,0.7047363,0.21543245,0.068644084,3.0029035,1.5410137,0.4725619,2.8794723,0.20263751,0.29724947,0.6517298,0.4095056,0.094647095,0.20783113,0.7617382,0.37697375,0.06665387,1.6401296,0.8352473,0.002233394,0.007430353,0.19348793,0.2855425,1.957389,0.6232803,0.044202648,0.64897907,0.23786393,0.91787577,1.6774384,0.7844299,0.028186293,0.49886832,0.4009993,0.02418089,2.0330713,0.12956479,0.3477327,0.38166267,0.52577573,2.014827,0.37354547,0.6927624,0.21187778,1.1586581,1.886232,0.1309753,0.0,0.10636623,0.5154508,0.8899389,0.12280987,0.5449275,0.09338264,0.8609946,0.0,0.040943544,0.32119024,0.68470865,0.33352083,0.12975907,0.49676037,0.47185102,1.0324063,0.26034856,0.0058657075,0.7100301,0.08188319,0.7093031,0.0009624259,0.17268558,1.0684267,1.4376607,0.49049988,0.12919667,0.090860434,0.09704315,1.2767911,0.23059739,0.895263,0.64445174,3.3234053,1.5029463,0.040383264,1.3503097,0.38589656,0.476544,0.005635129,0.0061016907,0.029783005,0.45122838,0.0836774,0.54569,0.52194554,1.2458315,0.54539794,0.08002289,0.21552695,3.0107515,0.33651903,2.448218,0.0,0.5575886,2.0981414,2.455062,0.40347347,1.082849,0.18294922,0.9066807,0.04809987,0.12183362,0.119490765,0.20603362,0.0648616,0.15054592,0.0,1.4023092,0.13268438,0.2916125,0.15194371,1.1966567,0.00043510477,0.08163488,0.3181779,0.007143727,0.7422504,0.26689813,1.1000661,0.34981722,0.03920055,0.27719784,1.2840128,0.22474407,0.067996226,1.3911734,0.52072877,1.3913199,0.54015553,0.24733911,0.15067002,1.4066519,2.3144982,0.5524826,2.3524473,0.16180949,0.03576381,1.6185222,0.30099067,0.30722442,4.3866515,0.012927156,0.019378284,0.38627768,0.13646601,0.05967582,0.109293684,0.5920644,0.9053648,1.1604524,1.2324882,0.5442042,1.9780326,0.9272963,0.17110388,0.39303482,2.2843893,0.22224702,1.4664617,0.40644762,0.60533506,0.12729298,0.459285,0.024443435,1.051252,0.2501067,0.9260504,1.8337929,0.07040595,0.35065383,0.1754902,0.008521832,0.362117,0.09094963,0.2947019,0.12772836,0.7751069,0.011454825,0.08323311,0.86457837,1.4359146,0.008175128,0.06740157,0.9210643,0.19252309,2.059277,1.088398,1.0496037,0.34218943,1.0803452,0.24706677,0.43055752,0.65140975,0.42479938,0.98914665,0.10628943,0.023809202,1.9443834,0.835548,0.70618093,0.59468365,0.0,0.008738148,0.84339523,1.1223497,0.00618504,0.1993739,0.8226178,0.34623477,0.09462703,0.37597078,0.11603511,0.27444166,0.4974516,0.8439815,0.54140085,0.0011703098,0.35735795,0.2701587,0.14387845,2.5148032,3.2175643,0.22926964,0.014087535,0.51506716,0.0215043,1.6863725,0.030856786,1.4977269,0.42216134,1.9319563,2.2316287,0.14327341,0.38473734,0.04779187,0.024015406,0.20801006,1.7142593,0.2871845,3.2663543,0.07230598,0.31053966,0.05541919,1.0082245,0.26232085,0.12279547,0.7154409,0.2756647,0.4906047,0.09436539,0.23122121,1.4066075,0.7487391,1.2324252,0.41003332,0.05420276,0.43519658,1.1735231,0.4003001,2.6403239,0.9220643,0.0,0.14508085,0.82683724,0.66541886,0.11980601,0.03381164,0.10378728,0.9541982,0.16644388,1.4170096,1.1896017,1.5028565,0.5289207,0.042804584,4.1210413,0.0015744815,1.1424037,0.76965517,0.6191865,0.40310955,1.6186066,1.9789933,1.4645803,0.45508716,1.093611,1.0212756,0.14170791,0.62156934,3.4571543,0.31365132,0.053916074,0.08621497,0.09496546,2.246217,1.6037351,0.019748159,0.0049506007,0.0,0.16758552,0.010692191,0.95277715,0.7563682,0.352955,0.18992814,0.59815645,0.012922619,1.4560267,1.5622188,1.0658182,0.623231,1.0238929,0.13950306,0.79684323,1.2861739,1.6572312,0.4603217,0.22754213,0.67842025,0.8866626,0.20265402,0.5230892,0.47727984,1.3451014,0.4353474,0.1492697,0.223828,0.12037862,3.287085,1.6102967,0.36859396,1.32267,2.078825,0.14522861,0.4736545,0.012497036,0.047651928,1.538198,0.7982651,0.0,0.33914798,2.062609,0.4012795,0.4545918,0.052098274,0.0,0.4795666,0.27938205,0.21814214,0.88602227,0.076698914,2.7202964,0.0,0.41879687,0.71307576,1.494448,0.09914233,0.98453224,0.028398946,0.07492211,0.72766674,0.1842523,0.05450109,0.68895984,0.7327502,0.36779472,0.36365142,1.9632115,0.14492969,0.25413528,0.03352562,0.95077014,0.9436011,0.45059088,0.71192306,0.25488743,0.65624857,0.35418764,2.0864668,0.80407184,0.019697296,0.6813736,0.3096714,0.054374352,0.42897606,0.005624428,1.54358,0.16259536,0.5055448,0.42456248,0.2737985,3.8024528,0.7536713,0.29114747,0.56166416,2.7264733,0.0530997,1.2306124,0.87572694,0.0,0.0077143298,0.26456916,0.8694865,0.5765415,0.1800698,1.0041404,0.685286,0.8425607,0.054795243,0.0,0.0866094,1.6200508,0.26485914,0.41176248,0.100158416,0.07165672,0.00640574,0.13897419,0.75721776,0.00999041,1.9313345,3.5325246,0.38509545,0.17948434,0.2278395,0.5592764,0.7196109,0.15602028,0.21732835,0.11024746,0.4617333,1.91291,0.256808,0.7105939,0.0053729056,0.28724724,0.5419073,0.5747697,0.3057236,0.50965685,1.240286,0.30109462,2.1617665,0.6665253,0.20561561,1.8244784,0.010202843,1.1986017,1.3307805,0.029234076,0.033294614,0.30560228,0.9709935,0.4335897,0.0,0.05699288,0.17120986,0.47676155,0.0,1.4268023,0.0,0.89112556,0.7990202,1.8175019,0.1606064,0.03952844,0.048264805,0.356395,0.4088499,1.1266667,0.37226167,0.87095654,2.716034,0.23423934,0.3439132,0.9050442,0.8055004,0.51547223,1.3470424,0.044788115,0.26508388,0.28773955,0.22512698,all_pothole_images\pothole_images_optimized_image_227.jpg
1.0280453,2.0333622,0.8512136,1.7439322,0.12998377,0.72954106,0.13259599,0.10340107,0.22840425,1.055974,0.18261905,0.16028044,0.21574853,0.19184552,0.034549292,0.25078896,0.390056,0.324054,0.390868,0.2723236,0.43946514,1.6159933,1.3097986,1.0997864,0.97913593,0.34309,0.39317507,1.6254178,0.3711148,2.6649852,0.91223425,0.04418486,0.074797474,0.5754685,0.22344787,0.47306433,0.6949914,0.83958995,0.7148717,0.07639342,0.028612519,0.5955954,0.8295533,0.618752,1.3857789,0.0522098,0.18244211,0.0134099405,0.33742434,0.009444211,1.0412722,1.033688,0.92008436,0.41101888,0.0036234404,2.0070918,2.5847232,0.6741886,0.31442428,0.0,0.03341229,1.3469504,2.2958639,0.25062177,1.0401287,0.8055924,0.02565477,0.05899368,0.984272,0.24442364,0.9886383,0.9861005,0.18044688,0.8301281,0.93283653,0.42737624,0.7867463,1.5186907,0.0,0.23903672,0.11458093,0.5416622,0.7338459,3.5517247,0.10205759,1.3151575,0.7732206,0.13980553,3.0097265,0.69631106,0.1002501,1.3131564,0.5218153,1.0471873,0.24716268,0.10811669,0.54649425,0.12524581,0.4137304,0.31496692,0.43804467,1.306793,0.04398302,0.0071735987,1.6273586,0.013539942,0.1604269,0.69827837,0.37038562,0.16102774,0.2887993,1.3869361,1.7905953,0.0021959974,0.12137796,0.19583018,1.3580207,0.04167881,0.40415642,0.19771525,1.3307191,0.4334191,0.26048565,0.43699467,1.5378855,0.94646186,0.7519407,0.14194903,2.9029963,0.18621902,0.47417933,0.099028505,0.076393105,0.59548473,2.8044546,0.19648737,0.7057737,2.546023,0.78990364,0.7329296,0.99185014,1.4662377,0.52400124,1.3792349,0.20372938,1.6457429,0.0,0.12407005,0.11719282,0.7487903,1.080219,0.5349423,1.0880469,0.6356198,0.9680657,0.9854702,0.19452165,0.04607726,0.026248638,0.2879667,0.82384324,0.30228063,0.39363682,4.7682257,3.6686869,0.028096413,2.695696,0.072073564,2.0642405,0.24659176,0.8246571,0.1572957,0.074714884,0.14502189,1.9179342,0.15854856,1.8719676,0.12942758,0.5136599,0.29964694,0.33650798,0.47436607,2.6701045,1.089948,4.420031,0.01955415,0.770363,0.6891625,0.24887873,0.25806522,0.07640818,1.4529554,0.0,2.4908986,0.26938894,0.09031169,1.0379522,1.8288778,0.40596673,0.6859913,0.81877875,1.338302,0.53420395,0.93117106,0.54451555,0.88826233,0.40604034,0.6342838,2.738374,1.1894925,0.0051573357,0.64850205,0.84142005,0.15577781,0.34323817,1.2438039,0.49764952,0.1183228,0.5602295,0.75812995,1.0884995,0.38685733,0.83030665,0.17665614,0.13742174,0.34928733,1.668291,0.17244844,1.3912466,0.41600648,0.1469512,1.3038952,0.35886997,0.97784686,0.8473507,0.047246378,2.06294,0.0,0.4308674,1.5243812,0.020634113,0.6825341,0.11941889,0.23439817,0.56869173,0.07551932,1.1659578,0.10560222,0.41779688,4.6317654,1.1164402,0.6134484,1.0119654,0.07859526,0.48791656,0.36358407,1.4473023,0.6167138,0.50251085,2.6030533,0.17385794,0.48793915,1.0205365,0.5135162,0.65418804,0.3566172,0.43677473,0.6786509,1.2288053,0.46461603,0.3237465,0.24754496,1.9588706,0.32212117,0.16595535,0.13772368,0.8531335,0.43345502,0.30860364,1.3023864,0.83126247,0.3085212,0.18341897,1.3534147,0.9504008,1.7940013,0.58832,0.3583908,1.321007,0.5597176,0.5854333,0.48530862,0.22893165,0.8504692,1.622611,0.87547034,0.52921015,0.88371617,0.3218084,0.44578555,0.1570374,0.42640793,0.01710706,0.037248664,6.375637,0.53495157,0.3997612,0.30147022,0.55787146,0.06815242,0.18314967,1.2749355,4.2888694,0.62911695,0.49824592,0.5539547,0.46235695,1.4984012,1.010455,0.65986866,0.39019978,0.047410425,0.054511562,0.9047493,0.7101026,0.8502421,1.6933208,0.0044887853,1.0877761,0.11665872,6.0337605,0.29447463,0.31716433,0.17620113,1.1618392,0.0368592,1.2196515,0.95852846,0.6234225,0.16102608,1.2159175,2.0382957,0.32797557,0.2035023,0.72394687,0.5425133,0.40408581,0.11763398,0.7576353,1.0059968,0.64664876,0.3145619,0.2914123,0.78899854,0.2937793,0.15260322,0.20490016,2.0040631,0.8735624,0.8612513,0.0,0.66754436,1.0972822,1.1784889,0.12294026,0.04494993,1.3712566,0.68385607,0.079221174,1.1031754,1.1900318,0.23936336,0.36741465,0.0,1.6185359,0.2824042,0.00964628,0.057147153,0.6738746,0.47895694,0.12900339,0.3296616,0.44138297,0.15217824,3.2074914,2.0628562,2.1373174,3.1870759,0.5735879,0.9930616,0.10410948,1.1872741,0.8407043,0.61348236,0.26344147,0.8999171,0.08695814,1.2760268,0.22351107,0.08547803,1.411378,0.74203247,0.43954575,0.7697221,0.24756797,0.77987975,0.10675609,0.28098074,0.35107183,0.63637036,0.932784,0.3530879,0.115736835,0.70837617,0.49035576,0.1291366,0.707127,1.130273,0.44006604,0.0926016,0.35641292,0.0046413033,2.1731753,0.556818,1.369868,0.9537425,0.4503731,1.3104069,0.65996146,0.7021086,1.1639445,1.1986223,0.0,0.19235283,0.012369587,3.129172,0.6458388,1.0289972,0.3883899,0.93325716,0.29442734,1.3917874,0.35209477,0.70567554,0.1115622,0.14477012,0.6329441,0.48482528,0.1624191,0.36841848,1.5353156,0.0031123403,0.42300147,0.96919656,0.9593931,1.2746593,0.68842936,0.45111114,0.80574405,0.5522172,0.24857606,0.22446756,0.4957487,0.11458675,1.3409576,0.36924487,0.13627401,0.37263897,0.98592484,2.0547414,0.35072193,0.27846265,0.7908848,0.0871582,0.1771775,0.25697798,1.2204132,1.2130688,0.0841914,0.13310526,0.0,2.1663167,1.3074038,0.6259449,0.0,0.9490688,1.2792892,0.011081669,1.0896788,0.0,0.26169822,0.33138403,0.2505273,0.020441765,0.024660788,0.0,0.36605337,0.0,0.30531996,0.14621457,0.09277624,4.9388647,0.6052531,0.59197116,0.23297942,1.0439159,0.004548044,0.46672112,0.14276141,0.69452715,0.27376822,0.40969098,all_pothole_images\pothole_images_optimized_image_228.jpg
2.3525903,0.9500318,1.9239568,3.1487906,0.21990398,0.73182654,1.6777823,0.7080607,1.3119996,1.3885194,0.4704688,0.8912912,0.01951507,1.006476,0.0034035216,0.5408918,0.016955184,0.5978742,0.64796335,0.2594037,1.7366488,0.5821299,0.03792756,0.89057297,0.19895676,0.09236517,0.20959914,0.01745769,0.09078709,1.6952415,1.2888795,0.5071663,0.8559977,3.0720513,0.2399217,0.0942248,1.2364143,2.2993023,1.767825,0.3098638,0.027572092,0.0096457815,0.80119425,0.11654987,0.7829339,0.52238244,1.8252538,0.0,0.25839567,0.37518364,2.618896,2.5449295,0.91584605,0.28491262,2.3283904,0.126699,0.26100776,0.15322903,0.93085927,0.046856888,0.28873384,1.4528986,0.004140606,0.46774253,0.31889462,0.45026252,1.5190701,0.30125192,0.52113736,0.16322915,0.47648433,0.6940126,0.7321234,0.24827972,0.25479627,0.014660117,2.0059302,0.7902097,0.027169295,0.10022966,0.1306689,2.6639993,0.34634143,0.801826,2.1867921,1.7328036,0.08184757,0.3105133,0.2330854,0.00019168279,1.732301,0.06619663,0.10076645,4.598773,0.45367363,1.5314773,1.7369049,0.24722996,0.0,1.2409034,1.1970271,0.60289496,0.7187674,0.23026788,0.36111194,6.031382,0.22549346,0.0008939858,0.2527311,0.28204185,0.026382405,1.6742712,0.12863915,2.3794203,0.0664903,0.0,0.5002832,0.006581198,0.71140707,0.62848115,1.2944485,4.0171556,0.008467444,0.0896096,0.91213316,0.052673522,1.727254,1.3170458,2.1097574,4.7059813,1.3890628,0.3803127,0.7959086,0.2961046,1.0569196,0.34044328,0.459135,0.30488828,0.52825624,0.32034516,2.1000364,0.9250071,0.50416774,0.60960865,3.1974013,0.17221847,0.34687126,2.0909617,0.2617689,1.4795936,0.0143386405,4.744691,0.23358907,0.3322669,1.0107327,0.008555065,0.6950664,0.43736088,0.0043966896,0.23424959,0.9699235,0.2945416,1.001927,1.218856,1.7371027,1.0361202,1.0521524,0.19289938,0.048766535,1.1937275,0.38281214,0.6865902,0.17038317,0.29612422,2.664252,0.7992017,0.11438291,0.0018406624,0.34202984,0.15097131,1.007109,1.2494276,0.07277004,0.46068415,0.17654301,0.058454365,0.0025169111,1.8632014,0.03082726,1.1308901,1.018456,0.9010876,2.3081207,1.1177573,0.0,1.0767657,0.29168144,1.3886918,1.7563875,0.15484712,0.31275833,3.0257082,1.0879976,0.81513584,0.09075055,0.38731205,2.4068408,0.14122206,3.205753,0.11568171,0.9305932,0.6752758,0.9404041,0.5519567,0.14276849,2.0521464,1.8475114,0.11432301,0.065771505,0.071053185,0.09250582,0.5145759,0.68899816,0.3472223,1.4125509,0.36952055,0.4333877,0.15493785,0.22239946,0.08941909,1.3040229,0.18344083,0.41670558,0.14754139,0.1278663,0.060533572,0.93818045,1.5366681,0.22727941,1.5131923,0.14619264,0.22494872,1.9468007,0.44297466,0.44356117,0.12588802,0.06659282,0.11503236,1.8428829,3.066565,0.32988572,1.3029495,0.18842423,0.37524328,0.21148716,2.2598913,0.14891149,0.26209414,0.5498596,0.076240204,4.1396594,2.0421102,0.28858832,0.53901315,0.115755096,0.76569504,0.23340769,2.7661145,0.5101825,0.48342004,1.1634494,0.84463143,0.23784724,0.5616142,0.0,0.502751,0.58268195,0.08910755,1.882336,1.017137,0.80217427,0.5814031,0.39957952,1.0258737,2.5124226,0.03258746,0.6186941,1.6833844,0.3644614,0.1053085,0.0132625,0.1549462,0.15636027,0.118967324,1.4573162,0.51479065,4.470118,0.18050483,2.6429458,0.47580177,1.5559942,0.23078443,0.84550023,0.2905972,0.7381723,0.32176223,2.2939155,0.32659304,0.07375031,0.1785297,0.15324263,0.45090187,0.28281268,0.21945213,1.3784404,0.76702005,0.21796608,0.37671426,0.3051972,0.5003093,0.426846,0.046083514,1.9940138,0.6727695,0.09085574,0.43267202,0.87225574,1.6996659,4.4123716,0.14966176,0.40875655,0.036211483,0.3915847,0.09972601,2.3774242,0.055941623,1.4345268,0.513399,0.42189178,1.0306259,0.141376,0.8181132,0.39755762,1.8694792,0.10462389,0.47824988,1.5753429,0.48121047,0.35691172,0.17066665,0.22882855,1.4803731,0.17121229,0.27699146,1.5724871,0.48467076,2.573526,2.8100753,0.014419319,0.9164018,0.68156415,1.5736201,1.9671235,0.5770713,2.66156,0.38987076,3.2038648,0.11811482,3.2922602,0.7689692,0.2917371,1.6155727,2.1824827,1.1041936,0.48406872,0.12628078,0.7982409,0.45927373,1.0717812,5.139297,0.34411407,1.1086808,0.39091045,0.5324796,0.18159004,0.60798395,1.1576483,1.7461774,0.044694968,0.5105962,1.8470044,0.169214,1.2084019,1.3122815,0.13713299,0.0,0.0063466337,0.8975505,2.1330254,0.21050246,0.029907499,0.14866343,0.0,0.5334604,0.37243828,1.2938212,1.1679028,0.20713376,0.110930234,0.14102253,0.6906016,0.24294533,0.07488026,0.09135727,0.76042485,0.012191669,0.8883188,0.13139053,0.5512229,2.4997437,0.013617663,0.8369072,0.40599385,1.3061006,0.053543724,0.5343834,1.0146189,1.4935433,0.023540325,1.7477354,0.073192395,1.3431281,1.2648156,0.0,0.3547669,0.056766495,1.1675526,0.036286544,0.72971624,0.25343335,0.26922533,0.5153662,0.050517354,0.23172863,0.7400744,0.5686943,0.5421028,0.07090345,2.6842768,0.6416458,0.023623519,0.5317151,1.4493482,1.9368769,1.0862429,1.709898,0.7195171,0.81878537,1.9913381,1.93208,0.29476672,0.9973263,0.035145774,0.5279458,1.8539705,0.8348358,0.18389854,0.15709686,1.8446163,0.7250623,0.08452282,0.35654372,0.8106517,0.60588837,0.29173374,0.004602992,0.2357307,0.5374852,0.023304565,0.18122914,1.0859072,1.4257367,0.49009144,0.52999604,3.6302125,0.71064,2.287476,1.0455242,1.7299211,0.045960464,0.89487064,0.89558595,0.7829216,0.4300728,0.0036838464,0.0,1.1316333,2.3960845,0.0004134977,0.539872,0.624294,1.4430076,0.37883648,1.497537,0.6354159,0.0071886084,0.7883153,0.01146204,1.6073848,0.25300696,0.0,0.0,all_pothole_images\pothole_images_optimized_image_229.jpg
0.7310655,2.4168737,0.760996,3.21956,0.49583817,0.64067066,0.4518959,0.043374542,0.629143,1.3966223,0.25857654,0.7936756,0.17917605,0.31568137,0.43658912,0.40509,1.6211046,0.15733518,0.9346273,0.34679782,0.44659144,2.2165012,0.54788435,2.5213087,0.7970485,0.41447222,0.28464043,0.7496728,0.33276764,1.2611037,0.7817002,0.0,0.382403,0.48168507,0.5808026,0.9795787,3.1091008,0.06255509,0.98479325,1.3274225,0.48379216,0.49749637,0.15594395,0.03527919,2.4343462,0.09169419,0.0968863,0.37214053,0.4358768,0.11906625,0.93363655,0.27585015,0.5977029,1.1287607,0.0,1.0280133,0.24682923,0.16471966,0.6920191,0.7154689,0.25860396,1.0655684,0.3937804,0.946824,0.15277793,0.5164995,1.9709659,0.89420944,0.47232577,0.09635316,0.5240505,0.20628074,0.539822,1.7301377,0.70019567,2.6259983,0.8077345,0.3349958,0.22971667,0.69108456,0.40163827,0.658148,0.4033692,2.0064697,0.8031403,0.9048294,0.06889735,0.5140917,2.4152849,1.8118725,0.32506928,0.39122117,0.1325006,1.1475332,0.10526504,0.078947015,0.89632136,0.27217177,0.43446425,0.27881303,0.37812766,0.71434456,1.5937506,1.5071467,1.1517684,0.15424114,0.21417278,0.2326497,0.21198502,1.2811288,0.23050693,3.426707,3.3211825,0.24688785,0.45624474,0.26034996,1.3261684,0.7046787,1.3684863,0.582833,0.63869375,1.5947597,0.19036974,0.269417,0.70570886,0.7343498,0.894456,0.17498004,0.48141378,0.001770116,0.41102016,0.27146772,0.16221882,0.4620513,1.1428131,1.4792786,0.026507236,1.004616,0.31217504,0.030188669,0.12023282,1.0423115,0.13674586,0.34267148,0.71525496,0.34333953,0.639022,0.26076868,1.0090966,0.15160866,0.6279299,0.776618,1.1269666,0.06707398,1.3525743,0.018417146,0.85763115,1.1770474,0.53100485,0.5503471,1.9652706,0.09190599,0.16135533,1.2166036,0.8871229,1.1573473,0.56157297,0.11156008,2.112252,0.24088943,0.12149678,0.0,0.9950751,0.16225974,1.5319835,0.24569763,0.6846264,0.020322032,0.77303064,0.21077138,1.5505602,0.25469118,0.9689497,1.4448482,2.611639,0.045640897,0.38262558,1.0703473,0.12926722,0.8456458,0.04463519,1.0448332,0.10970859,2.5586405,0.6448884,0.17421177,0.30578887,2.2751465,2.8760138,1.1095419,0.4960344,2.179331,0.2728956,0.44010687,1.6632122,0.3245874,0.16244462,0.21368554,1.8449315,0.8913713,0.17378682,0.053744704,0.9162327,1.9792193,0.9380309,0.49671173,1.3814657,0.1771391,0.6413237,1.1807959,1.0657996,0.12661536,1.6430274,2.250478,1.0153867,1.5254694,0.86762697,0.61847466,1.0175272,0.121589385,0.057635743,0.6313102,0.63121563,0.3582526,0.2840675,0.12994267,0.42727217,0.9258317,0.38191733,0.49324825,1.568174,0.010833312,0.7161256,0.09033313,0.0412867,0.06206229,0.4407415,0.012156206,1.7339627,3.4396944,0.12637596,0.30755898,1.5291128,0.14327942,0.14804237,0.15383942,1.3125072,0.6103316,1.14327,2.2453666,0.31099465,0.12062369,0.7492664,0.37375617,0.41874698,1.221258,1.0012742,0.24944973,0.71165067,0.43980166,2.3650606,0.0,0.26672876,0.05919196,0.8797668,0.61159647,0.64991164,0.6589463,0.113872856,1.0717247,0.08650264,0.91706645,0.9007777,0.21935624,0.983445,0.76058656,0.93818027,0.7258103,0.48165435,0.59729576,0.45780239,0.7363397,1.3802658,0.76827353,0.21381626,0.97693133,2.7369297,1.6382895,0.1369291,0.8902504,0.24839778,0.5231722,0.7986234,1.7871786,0.9814049,0.3231344,1.4202933,0.75076395,1.2052178,0.08863231,0.7544416,1.2316167,7.2266154,0.85897696,0.17455764,1.6583893,0.428262,2.6132731,0.31713256,0.43206957,1.2996643,1.2578886,0.8274473,0.110985346,0.92254245,1.1018766,0.3376081,1.0890291,0.4858104,0.22886093,3.4174745,0.77535504,0.019805204,0.2271646,0.3378498,0.3634673,0.44518942,0.3257535,0.035008844,1.0294275,0.674919,1.943857,0.65304077,0.007875704,0.2220465,0.024148848,1.9469478,0.18390697,0.11488127,0.5388883,0.5620707,0.59606844,1.0374666,0.99143994,1.3038085,0.3560892,1.549702,0.86710125,0.7267487,1.0054129,0.33885613,0.36887726,0.71100086,0.7210483,0.8011116,1.2920196,0.9006799,0.5826334,1.6917738,0.12511612,0.20133692,0.6676181,0.84816295,0.69293547,1.9426254,0.504592,1.0628371,2.2621965,0.07587472,2.034586,1.4090694,0.6714396,2.082119,0.9531692,2.3902144,0.5110395,1.7748914,0.26655063,1.6797905,2.5523543,1.0112973,1.2518291,0.54285866,0.6304623,0.25599316,0.9667491,0.9086005,0.50400144,0.7881923,0.34655404,2.411643,0.4943358,1.1403159,0.30876184,0.39520344,0.037509527,0.76878357,0.8813037,0.39015406,0.21940564,0.346402,0.3227074,1.9488627,0.059461944,0.0040403353,0.6297227,2.788535,0.51996446,0.7678157,1.9977307,0.09813869,1.2111375,2.4028146,0.24114367,1.0449699,1.1141561,0.8641762,1.029762,2.22537,0.62429374,0.7553004,1.2971777,0.7578064,0.41382533,0.54486907,3.781083,2.5376956,0.28912315,0.70917714,1.6522262,1.4946136,0.6223278,0.02492477,0.34347183,0.9958202,0.31099352,2.590704,0.34532312,0.29736656,1.181429,1.4146787,0.7429451,1.6089321,1.4523053,1.4622777,0.7657871,1.5727992,0.0,0.25372162,1.482414,0.10537344,0.695339,0.82956326,0.52866066,2.2436712,0.7428106,0.31172848,0.27602097,0.58292544,1.9885836,1.1795639,0.11549282,1.1092732,0.34459972,1.2973648,0.12838195,0.5993959,0.42507684,0.8918424,1.5285112,2.4795158,1.2494184,1.3513389,0.45253256,0.0,1.2905829,1.6787962,0.0,1.8929297,0.05696256,1.3458192,1.305066,0.34559235,0.110597275,0.45851922,0.0,1.0417613,0.67578393,0.19136304,0.13630958,0.14765795,6.387826,0.9195423,0.9924515,0.3260075,0.44811848,0.0,1.6116486,1.1015096,1.718597,0.6846746,0.5834025,all_pothole_images\pothole_images_optimized_image_23.jpg
0.24293816,1.4603518,0.38895416,2.5831327,1.3606019,0.1446387,0.6784702,0.0020006774,0.4732486,0.70011955,2.2044413,0.7803455,1.5246607,3.401146,0.61480534,1.5268276,0.20912428,2.4459577,0.75940794,1.3097011,0.31000337,0.2090729,0.6069249,0.4582269,1.0489432,0.49625537,0.25087678,1.6852698,1.3621615,0.5320615,0.50360256,1.2614,0.366345,0.40199995,0.005663544,1.042709,0.34552318,1.0752621,0.5070082,0.48194394,0.054207314,0.09143405,0.94030416,1.8728607,0.515148,0.46422225,0.8519074,0.075806156,0.8486461,0.10575251,0.5289304,0.44009057,0.5715739,0.7044915,0.31161967,2.2107062,1.4205359,0.5155172,1.7787173,0.6305998,1.0411545,0.7417283,2.1116464,0.7466024,0.77531403,0.5883402,1.0919977,3.0233767,0.05171492,2.427831,0.83584124,0.01941779,0.39965227,1.3797685,0.2048781,0.77526206,0.7915353,0.48974425,0.014906919,0.52526885,0.13504818,0.028497647,0.1806509,1.6496407,0.20495684,1.1073029,1.0093851,0.0,2.8608544,0.44812864,0.13044126,0.8022492,0.16088456,1.5402492,0.58108294,0.52246004,0.66583157,1.7263958,1.0680935,1.5689993,1.2223707,1.328035,1.0122302,0.45560563,1.5735934,0.06571483,1.6747782,0.3883469,0.8582343,1.2525473,2.3048573,1.6976268,0.035764467,0.6294777,0.9359879,1.1415809,0.65403736,1.280443,0.8399626,1.0944033,1.7763681,0.169032,0.4551256,1.1437459,2.0650365,2.0168319,0.46004912,0.5949537,0.7159345,0.5948136,1.0694017,0.12368992,1.2551649,0.5098075,0.30093643,0.5680565,1.5094035,0.8521199,0.32672104,0.45984313,1.5766734,0.29063305,0.96857595,0.3610267,0.38389573,1.1127738,0.012722214,1.0903859,0.20432116,1.0920967,2.1234028,1.5089581,1.5040284,0.90760446,0.38540262,0.4524877,0.3030688,1.4978571,0.6168352,0.45999098,1.7739846,2.0237246,0.023753272,2.0095174,0.58744156,0.30428612,0.61898243,1.794752,0.6188465,1.2512243,1.0410899,0.5497678,0.5132014,1.74103,0.7697422,0.36173615,0.6940481,0.70804906,0.51492864,0.3335344,0.26507178,2.1640842,2.6474628,1.3116404,0.7369037,0.9051646,0.28506917,0.26753724,1.0877665,2.2155468,0.76357526,0.10672513,0.16804524,1.0255219,0.042742766,0.05845823,2.3733292,0.3734787,0.3170541,0.122635536,1.2486694,1.8462919,1.204129,0.28372124,0.58550644,0.15133314,1.1047196,1.4619156,1.0423784,1.087785,0.51049244,0.5589366,1.2248914,0.10071436,3.510783,2.1823277,1.6309772,2.2681262,2.1203191,0.34364915,1.5865816,0.3132109,0.22134598,0.3191851,0.18309811,0.6858739,1.1867597,3.7723973,0.76017535,0.8189244,0.33749568,0.75627327,1.2952791,0.33459896,0.5393155,0.08501296,1.2185119,0.6462047,0.15815876,0.7899738,1.7299421,0.034930468,0.5978081,0.52141404,0.22134602,0.07210614,0.543354,0.23708867,2.0665815,4.7546554,2.5520055,0.38385957,0.24921499,0.12269434,0.72662157,0.8762851,1.111547,0.685871,0.41722402,2.1857038,0.89629704,0.6505569,0.7982209,0.5868477,0.23544896,1.5587898,1.7332028,0.517084,1.3918442,0.047152188,0.0918657,0.6034929,1.4886807,0.2400277,2.7783685,1.4702348,0.049480237,0.46995342,1.462488,2.002602,1.8641737,0.43673378,0.98917013,1.2433695,1.3662741,0.52183896,0.4981729,0.7879612,1.5927118,1.5795279,0.7195753,0.9116403,1.4149258,0.9009227,1.6238714,0.9299618,0.6053615,0.79776293,0.31042525,1.1599623,0.89053047,0.5284678,1.640439,0.87140375,3.9421952,0.16915597,0.5384919,0.7850307,0.60315484,1.1717391,3.0533602,1.9280568,3.830996,0.84728086,1.7412736,1.3725368,1.1333797,1.7787651,4.166378,0.18960825,0.46298552,0.9787048,0.8682774,0.6970061,1.2258229,0.65520227,1.334759,0.048740536,0.18928313,0.2246625,1.3422589,0.42776164,2.1833806,1.9549373,0.40203318,0.24770103,2.0539885,1.1580691,1.4740984,0.36881185,0.28906417,0.54507613,0.36430553,1.1760279,0.22974424,0.0061925855,0.66737735,0.68426853,0.2966527,1.3761506,2.6390026,0.7450954,1.3939551,0.34655157,0.061199903,0.4975702,0.2081384,1.7466137,0.26579258,1.2970439,0.80925375,1.0658312,1.2863363,0.5131312,0.030002676,0.18102257,1.8171709,0.72181445,2.244309,1.1930293,1.736213,0.7941817,1.0275359,2.0821447,0.896927,1.6783416,0.13189313,0.8542949,0.57475847,0.48591664,1.080976,0.21286987,0.9354724,0.2620317,1.8262599,0.72680753,2.2757368,0.2061178,0.41797844,1.9454153,0.29116517,0.81835425,1.0608003,0.06984639,0.18097429,0.6565563,1.0341054,0.61644197,1.4698869,0.43132204,0.59547883,1.0892122,2.1341677,1.2621144,1.2626594,0.42036468,0.29547608,1.2341536,0.08707212,0.46374956,2.672625,1.4192169,0.6932206,0.3249453,0.6563935,1.1091768,0.8376984,0.3719619,0.43735683,0.0017017624,0.31209552,0.97045684,0.46407345,2.029283,1.806474,0.55609006,1.0190213,0.041783236,0.8566766,0.63752174,0.5958258,0.770866,0.96563184,0.72882336,0.00030377688,2.353958,0.5077612,0.30503175,0.18625414,0.1294044,1.7438071,0.99260443,0.0707454,0.80732435,0.045424957,0.39861262,1.0421083,2.105369,0.23173015,0.25905925,2.5007951,1.1533381,0.5111991,0.7058625,0.8921146,1.796301,1.1232972,0.21529232,0.19299076,1.9266765,1.7537506,0.0,1.7134236,0.28191546,1.9791627,0.3870338,0.33984607,0.045865957,2.8593965,2.0695062,1.0654833,0.5504806,0.30428848,0.778539,0.49063814,2.0638096,0.3617779,1.4261401,1.2158549,0.2547325,0.9085582,1.2691424,0.7918729,1.9884254,0.019145682,1.4899436,1.2157443,0.78053904,1.3013735,1.3702418,0.40929684,1.04278,0.15544118,1.1115885,1.0987262,1.3520638,0.0061732647,0.08687553,1.1838121,0.098631136,0.8041187,3.9893732,0.070762955,1.0401307,1.5604991,0.08053215,0.62602973,0.8934141,0.17127788,0.59261,0.16539773,0.73588187,all_pothole_images\pothole_images_optimized_image_230.jpg
0.31643644,0.69089925,0.23049478,1.1318274,0.11225626,0.24414542,0.03859598,0.11693222,0.076618895,0.7229642,0.082470484,0.051399447,0.19016288,1.9878694,0.006420445,0.010010418,0.09649592,0.14397071,0.6306971,0.1760186,0.26128706,3.3950288,0.04506897,0.118286274,0.7745403,0.43090597,0.9015568,3.062546,0.27921042,0.5457505,0.9607838,0.05072654,0.124704555,0.002183905,0.22952749,0.3852919,0.25099277,0.9801743,0.48293102,0.39013064,0.0018688089,0.039170876,0.0730785,2.0866199,0.67231315,0.015754886,0.36677793,0.0,0.0016364859,0.53390956,0.38404799,0.2783858,0.4177057,0.3343092,0.0029964033,0.44372222,2.917169,0.01486036,0.008026529,0.07151779,0.57083976,0.7547283,0.6285987,0.34117585,0.35062975,1.6202424,0.0,0.0,0.567217,0.45413455,0.009386159,1.0172622,0.01795422,0.030656286,0.23938577,0.28035587,0.07322967,0.120712765,0.012338047,0.09516684,0.012707233,0.29786924,0.05380917,4.4356627,0.11333968,0.5141745,0.26099756,0.0071358867,1.4527631,0.12924346,0.13310987,0.0104990415,0.022184785,0.06953455,0.14445376,0.05302596,0.5338875,0.17503859,0.67051554,0.04197937,0.17660847,2.3414834,0.104985215,0.0049636317,0.044209797,0.2579361,0.0056366012,0.099583514,0.0,0.18488032,0.03965345,2.5948827,0.29993653,0.0,0.04376979,0.1665862,2.4834244,0.2885861,1.330175,0.13144824,2.1970787,0.32518017,0.17399418,0.41642544,0.6266667,0.33926952,0.06403986,0.018861316,2.4427917,0.013940451,1.1073178,0.0,0.044774428,0.011761105,0.19765966,0.53014654,0.15076728,0.6775587,0.656337,0.1249514,0.9814813,0.07365458,0.24337885,0.18809557,2.5173838e-06,0.21255185,0.35134766,0.21186696,0.60042745,0.0001648404,0.099928185,0.18925998,0.03137296,0.030562308,1.3554485,0.08989472,0.055644356,0.3774595,0.18814056,0.10928759,1.6330827,0.6558083,0.0009701114,3.6163385,0.0057223695,0.08707477,1.7158982,0.30651167,0.8695102,0.6349421,0.0,0.04292089,0.0,0.3258745,0.31059748,0.0,0.52546966,0.011107859,0.054029018,0.12616926,0.067222424,2.8855226,3.0309603,0.7680673,1.8254468,0.33599502,0.08236768,0.8241952,0.18191351,0.15704936,0.053641953,0.230413,0.0,2.1353393,0.05202389,0.0,0.12383922,0.5974943,0.12363879,0.4254161,0.2624128,0.48279172,2.058322,0.8720642,0.25031608,0.0,0.3443373,0.47066933,0.26487502,0.48694605,0.0,0.09789656,0.981824,0.2616512,0.14946015,0.8520409,0.526216,0.24059829,0.6452608,0.2803972,0.1567262,0.0046708663,0.009501665,0.36710083,0.01671329,0.23584221,1.6222917,0.08239197,0.21816231,0.06294572,0.08473298,0.018930513,0.38002133,0.3211699,0.3563376,0.07438968,0.83412385,0.014077442,0.015911404,0.43047172,0.016235976,0.118228085,0.31273568,0.3840418,0.0060496293,0.0,0.7079745,0.33079872,0.105537616,3.895149,2.789198,0.011004253,0.37218323,0.0,0.10403378,0.020976529,1.2651901,0.0016111429,0.22315349,0.65972656,0.049131844,0.31785887,0.46334323,0.287477,0.34854352,0.87698144,0.091306396,0.3642801,0.9000205,0.048238967,0.0,0.45292616,0.17455244,0.0055786143,0.87509847,0.48319262,0.27197367,0.5097946,0.11921818,0.51095945,1.9185663,0.19087812,0.0005602141,0.8733783,1.3474636,0.28480822,0.7916641,0.7976141,0.29543743,0.4435068,0.058257055,0.0017193453,0.3398368,0.021365192,0.08671587,0.0051538493,0.017637065,0.2926921,0.26784706,0.02860268,0.24154352,0.3263918,0.0,0.18033475,6.2352347,0.062353842,0.0,0.088410616,0.009302562,0.25806317,0.36422426,0.6106858,2.283667,0.2400127,0.03385124,0.1979196,0.0,1.5394473,1.353775,0.095437124,0.0,0.0015637398,0.022835163,0.61310774,0.46792915,0.55815244,1.0819743,0.00026406418,0.13583492,0.09213286,2.5137813,0.5449176,0.03631847,0.2689647,0.024539748,0.6422447,0.8055336,0.24941616,0.08369593,0.09144268,0.02082197,1.0001785,0.78001684,0.11465006,0.40335947,0.17368262,0.16079117,0.027333228,0.3209373,1.1404871,1.1728783,0.13414016,0.420597,0.59803295,0.023669116,0.2348664,0.3540426,1.2884265,0.631538,0.570499,0.0,0.010788902,0.18946515,0.27630493,0.0,0.0020807332,2.0030017,0.4362219,0.14663613,0.068560354,1.7316968,0.003367038,0.39759737,0.135439,0.8611721,0.10842291,0.05754606,0.00028349512,0.7073185,0.12790751,0.038670696,0.046876095,0.9398313,0.33661288,3.447742,0.36068285,0.9323525,0.007073313,0.0,1.4592632,0.9091691,0.7738951,0.016243,0.4689207,0.0039218296,0.047562264,0.2559301,0.15605588,0.009892226,0.19611987,2.796373,0.2791038,0.6403571,1.1918945,0.012237281,0.10771514,0.33958665,0.0736994,0.007879027,0.029641489,0.40018913,0.0,0.2741135,0.21320921,0.07472416,0.05649618,0.51407623,0.015993627,0.15998252,0.018812293,2.196146,0.009784101,0.6859513,2.2367516,1.2679522,0.11481594,0.29474556,0.616609,0.044952106,0.5650486,0.27969682,0.34333208,0.095579885,0.046062205,0.0011122792,4.463035,0.5980079,0.15513417,0.5540045,0.22751243,0.24275017,0.01810611,0.013248913,0.4396527,0.004317629,0.68514836,1.1032104,0.12862217,0.1690785,0.25894138,1.1052325,0.21559645,0.02229438,0.1640255,1.4080099,1.4233582,0.49385637,0.3768839,0.0758913,0.44041994,0.6117238,0.17908458,0.14797293,0.0,0.76008046,0.70232236,0.018156318,0.16683249,0.3270156,0.7093296,0.023485562,0.6703229,0.8874902,0.118837595,0.13964564,0.088700384,0.07296201,1.1717504,0.47589293,0.0019737796,0.005898131,4.6922994,1.062161,0.05208829,0.0,0.2511572,0.18302545,0.04649902,0.7418462,0.15486886,0.035922635,0.73779106,0.0,0.035026718,0.038212027,0.0,0.01806716,0.7228996,0.104193725,0.013965417,0.050149225,4.349753,0.889202,0.047767695,0.27084142,0.15799004,0.0,0.10944754,0.19170488,0.43286678,1.1873461,0.1071551,all_pothole_images\pothole_images_optimized_image_231.jpg
0.6077874,0.8379328,1.2648526,1.6102529,0.51644444,0.82643235,0.9923188,1.1504177,0.72699034,0.54821146,0.51572955,0.32279631,0.25474262,1.2429734,0.22795781,0.2364218,0.6136805,0.86827505,0.09835858,1.6341889,0.23135965,1.16463,1.4822867,1.2905349,0.89851505,0.2099148,0.0035912667,0.9388766,0.20300972,0.5613425,1.2680744,0.06137946,0.070259824,0.1936114,1.2994815,0.31478217,0.852898,1.7774532,0.58661276,0.4677932,0.13710538,0.009760499,0.8607387,0.05661555,1.9101036,0.71123207,0.21008994,0.18274015,0.07473749,0.37777522,0.82439834,0.4415693,0.37503284,1.0009502,0.025209501,1.1780782,0.3029489,0.0,0.87011963,0.6848585,0.56793386,0.6228908,1.0295079,1.7018949,0.17997833,0.36456183,0.47154886,0.5671212,1.5001093,0.42160016,0.7248388,0.3236301,0.05090054,0.07840576,0.2628223,1.1005144,0.7264415,1.0508868,0.2596105,0.8012267,0.15760928,1.1764624,0.50207347,1.3713827,0.5535467,0.63736326,1.1945645,0.5789126,0.56449634,1.056092,0.5145631,0.5115988,1.4190519,3.7695541,0.37978324,0.06039698,0.14113171,0.13936897,1.60315,0.87900525,0.8368105,1.1215136,0.27667332,0.81670207,1.0578524,0.70996284,1.2064033,1.1529288,0.5368154,0.4140923,0.9120431,0.9952591,0.7123438,1.3406049,0.9265409,0.52920276,0.32107267,0.5016096,0.11406463,1.700457,2.4991138,1.0909884,0.5150737,0.4945107,1.371099,0.31991997,1.0357864,0.6544979,0.15320456,0.86859477,1.0741376,0.018184148,3.020491,1.200225,0.99624926,1.5303035,0.61583817,0.57086074,0.7254363,0.30484453,0.5700559,0.05405534,0.66117465,1.779152,1.1191708,0.52271,0.36392543,0.17491503,0.61885434,0.50228685,0.25099134,1.0536616,0.6001149,0.49840662,0.98022205,0.30813852,0.5296008,0.38092974,0.03961721,1.2277101,0.28182292,0.059250355,0.3693182,2.188794,0.20215194,0.9583527,1.3712659,0.09076192,0.9820273,2.1432436,0.79085314,0.70039415,1.4551194,0.39646888,0.62967247,0.40494612,0.66167325,0.20118462,0.07786757,0.3711582,0.47479504,0.20874904,0.802718,0.10408271,1.5962353,1.5435663,0.6334406,0.80104333,0.8257084,0.8013758,0.56704867,2.1815107,0.51182705,0.6009845,1.0562347,0.97898644,0.6630737,0.76621383,0.5286439,0.49365342,0.7246702,0.8674974,0.2625719,1.0269818,0.5716868,0.76845765,0.6338743,0.07952849,1.3081515,1.943889,0.36062303,0.5390827,0.72679245,1.2579949,1.1882279,0.33645046,0.10693073,0.50372213,0.3259537,0.32246792,0.39106983,1.22164,0.046233878,0.28032967,0.37793645,0.72656196,0.44290444,0.14358892,2.4630382,0.41203073,0.9492173,0.009450087,0.44259658,0.28923994,1.0378809,0.09736245,1.2170162,0.6303632,0.71346974,2.4301426,1.4320289,0.82970476,0.8447495,0.89171964,0.656627,0.05370882,0.8204766,0.92422515,0.68082315,1.9256449,0.9078902,0.05031465,0.063293844,1.662105,0.3598656,0.45563623,0.5099572,0.40556744,0.12753911,1.6051847,1.437044,1.6354709,0.17428225,0.33728573,0.14099224,0.17101431,0.73196155,0.2638435,0.54223907,0.30553612,1.2655853,1.7143174,0.39934298,0.12143976,1.2216043,0.96583104,0.8751267,0.70506144,0.36659712,0.71100223,0.48804596,0.96963286,0.30240571,0.04346676,2.268353,0.0,1.2906735,1.6470827,0.06436564,0.9301558,0.13758509,0.07294787,0.014664921,0.1454805,1.380501,2.2272902,0.1553387,1.672781,0.117453754,1.6336228,1.9682919,0.2408665,0.10307991,0.09458354,3.08855,0.40609583,0.14055948,0.33539674,0.24079132,0.91948587,0.14961185,0.11866023,1.6113334,3.0476515,0.48076597,0.61403096,0.13934729,0.43826464,0.7892091,0.50996894,0.5858152,0.002976107,2.0818539,0.044864614,0.3129055,1.6438,1.1580704,1.3322418,0.45872334,1.0623739,2.2342405,0.099024504,0.5724048,0.47880772,0.9835739,0.29068124,0.5815359,0.016018288,1.6332699,0.00041467426,1.7539831,1.0507578,2.5083637,1.3118206,0.2581625,1.1962498,0.82713395,0.8880845,0.3618164,1.6175618,0.079191454,0.6905936,0.008422088,0.72864187,1.0092824,0.29610407,0.5085763,0.8769313,0.28352636,0.87464195,2.397411,2.0429392,0.1403391,0.21112913,0.23486426,1.1569197,0.7489111,1.1608187,0.50225854,0.58451563,0.46932378,0.44188082,1.7392818,1.2271487,0.31438008,0.4067196,0.6120763,0.42705625,2.655166,2.0894983,1.2610229,0.42863634,0.12977415,0.46460894,0.57260245,0.61027575,2.4460676,2.6957104,0.84897894,0.09377675,0.07231257,0.039759684,0.01838039,0.4238841,0.24712086,0.21176213,0.08570266,0.80578816,1.3026655,1.869722,1.0528255,0.582099,0.3921191,0.18880711,0.5040798,2.3401358,0.592233,0.559761,0.74720234,0.27438277,0.49811152,0.1280133,0.01988506,0.5766,0.8328954,0.7990072,0.7631875,0.79473686,0.7682308,1.095282,0.0,0.35283524,1.9796118,0.24854778,1.327803,1.9926147,0.42414212,1.5714602,0.7079847,0.015196413,0.8026087,0.55692315,0.7446971,0.4834161,0.005191338,0.3691334,1.5397781,1.2536671,1.6792725,0.53306043,0.67616075,0.045152623,0.36566308,0.14101756,0.34930995,1.568539,1.3558978,0.61054,0.3530659,0.9825601,0.8942959,0.49400324,0.84823453,1.227048,1.0505736,0.6352323,0.21785234,1.1890783,0.68530554,0.10715141,1.3949904,0.881777,0.31208152,0.15041739,2.025359,0.3881778,1.1032338,0.21881767,0.4332352,0.815567,2.0287688,0.5406482,0.4096507,1.3686093,1.7453265,0.014859863,1.3985252,0.5172528,1.859904,0.17121698,0.33021307,0.41694477,1.5232228,0.61285627,1.0320671,0.41104913,0.48603147,1.2311426,0.8813929,0.24671462,0.99192685,0.020698192,0.41672125,0.19054459,0.0153055135,0.08770437,0.09253397,1.9764245,0.39699358,0.39961678,0.7584636,1.7863119,0.8084707,0.08012464,1.646556,0.9463773,0.05769278,0.48736715,0.7783539,0.31355354,0.75572836,0.021461012,all_pothole_images\pothole_images_optimized_image_232.jpg
0.9326503,1.4300392,0.6384594,0.95951325,1.3978498,0.22511858,0.39492378,0.012711084,0.2891349,1.0112281,0.17678408,0.15193877,0.36004817,0.26246774,0.69250846,0.14659792,0.21128833,0.40634832,0.5974369,0.16610822,0.12187463,1.8556321,0.2748029,0.6299615,0.92890435,1.2017663,0.17785104,2.6079745,0.1481068,0.9060918,0.36731994,0.27549863,0.57191247,1.509008,0.12348134,0.46078312,0.40124822,1.0856352,0.12004749,1.1894482,0.23483774,0.64883685,0.34633362,0.7560767,0.47416088,0.3709891,0.1960691,0.10895991,0.88678116,0.68399024,0.50225633,0.43531963,0.47244003,0.3549117,0.018630058,1.0725092,0.37217686,0.029823001,0.85777515,0.38243502,0.043807793,0.05718313,1.3327278,1.1901505,0.6886468,1.0038002,0.2586878,0.4587689,0.8485467,0.77653736,0.70670587,0.3941774,0.3711346,0.25005254,0.52149,1.1733018,0.32480535,0.082574666,0.2465854,0.057290476,0.92423785,0.6069581,0.10591284,0.7680191,0.35639805,0.47740713,0.2908587,0.21987475,3.7796226,0.28307727,0.43369004,0.29591718,0.3584338,0.32758528,0.091477275,0.124974236,1.2006234,0.41504988,0.04638587,1.4728816,0.09649385,1.8971819,0.43478984,0.11914402,0.16748531,0.18862993,0.7912928,0.7832386,0.41316342,1.0206374,0.5329624,1.0527991,0.41004518,0.04468751,0.5247038,1.0199041,1.1552327,0.733066,0.49447733,1.1131226,1.0638865,0.49474722,0.30684617,1.0116898,0.14678857,0.81744474,0.006112007,0.65292674,0.26534635,0.55501604,0.951439,0.28211498,0.22180697,0.26506707,0.26280096,0.878081,0.61228204,0.34343114,1.053675,0.69598556,0.37756494,0.16920923,0.15334825,1.3763148,0.5201379,2.2550805,0.32819906,0.15190667,0.4042013,1.4938372,0.7595279,0.72052926,0.4526959,0.31851348,1.2862164,1.0024873,0.7497163,0.19369039,1.004899,0.8231237,0.9019346,0.37976003,0.23536853,2.3427465,0.3260432,0.36611384,0.11790222,0.29037935,2.4439425,0.9327233,0.8718301,0.4107673,0.09874323,0.068950795,0.9571037,0.47467172,0.93953806,0.06924564,0.4506002,0.14507647,0.048874397,2.141804,0.5810535,1.3929598,1.1305443,0.5813993,0.5557496,0.34206066,0.4507528,1.7154461,0.71176505,0.42825145,0.4781425,0.93308944,0.6017224,0.18455406,1.1229407,0.07131705,0.060973838,0.78237534,0.3109733,0.46818405,0.6937558,0.37778816,0.43144143,0.47900647,0.67595375,0.73712003,1.082952,0.00920425,0.42583433,0.16990505,0.996431,1.3708451,0.3464867,0.7764628,0.68708277,0.015497554,1.1786653,1.0413278,1.0322601,0.022631677,0.09995943,0.51326066,0.32147866,0.79487365,0.58633894,0.79815656,1.3977542,0.62104857,0.21889894,0.7167125,1.1607798,0.649346,1.3448833,0.07211177,2.1330912,0.016195793,0.27118886,0.014486476,1.4031525,0.0,0.50202686,0.0072996607,0.27331576,0.0,0.94456416,0.36609834,0.7453411,2.379733,1.289436,0.09192642,0.51153755,0.88466096,0.014394996,0.24234654,1.0059226,0.10122272,0.312652,2.2592254,0.1412203,0.6908401,0.508058,0.5415822,0.374366,1.2433859,0.7464173,0.09542317,0.6942815,0.47507107,0.45214906,0.068618804,0.69907206,0.4994464,0.4976752,1.3530709,0.4528459,0.6810778,0.5039386,0.6543135,0.028609304,0.5600154,0.32479656,0.5778832,1.2296696,0.83670944,0.43939227,1.4529511,1.1810646,0.10268353,0.18782075,0.7435174,0.2644665,0.8249982,0.696663,0.09213838,0.930061,1.585496,0.41757432,0.52192646,0.39711368,0.039157216,0.13384624,0.33839455,2.5040648,0.11518612,0.21227793,0.63413656,0.38926256,0.96077883,0.38420466,2.6838942,2.054581,1.6665488,0.71772766,0.24303032,0.15855536,1.0433784,2.3332727,0.5441688,1.0126721,0.08856857,0.29683805,0.36479104,0.24869023,1.0023537,1.0143285,0.2445667,0.8915246,0.6123235,2.2277763,0.13346286,0.26751223,0.6363811,0.657703,0.58280903,0.6149679,0.24755433,0.365655,0.5731817,1.2319087,0.07095608,1.3207438,0.30208248,0.3612946,0.0063290563,0.41678885,0.8676532,0.598533,0.6195635,0.16210595,0.72297555,0.27106708,0.12969,0.3656971,0.2242379,0.6249417,1.5208718,1.0079322,0.35193023,0.24775171,0.43184313,0.9402654,0.33344156,0.0329454,0.014695213,0.727084,0.93049127,0.2802299,0.324746,1.4318042,0.22856016,1.3338801,0.077041246,0.32616758,0.91254985,0.40807042,0.46410438,0.38901812,0.30476755,1.6618649,0.023691896,0.71318245,1.2663563,2.9903738,2.3917124,1.6555138,0.8504947,0.3707277,2.2233386,1.247278,0.2380761,0.16337122,0.53757644,0.5924775,0.035693225,1.1089383,0.5099687,0.3231874,0.47109693,3.0681205,0.49985635,0.025757283,0.6579911,0.5585104,0.6733677,0.3808331,0.34681764,0.77312624,0.0491307,0.95554686,0.4869835,0.30088493,0.5249379,0.096927725,0.40095317,1.067502,0.3263277,0.8063335,0.5491413,0.8188144,0.9741664,0.90442175,0.84121805,1.6804641,1.0094645,0.38467944,1.5130702,1.6781135,0.8038358,0.27351108,0.13244827,0.40920985,1.2358606,1.286734,1.8437469,0.7105939,1.1952331,0.86927223,0.58303535,1.4473253,0.0,0.33549842,0.6878149,0.7014417,0.28179884,1.3729559,0.61887676,0.45584214,0.3480463,1.0950279,0.93904144,0.49726808,0.20127398,0.91707313,0.5090812,0.6871791,0.1773714,0.31132457,0.6847028,1.2409673,0.29164547,1.4389819,0.31534186,0.82094145,0.28163612,0.8523598,0.43004292,1.3878253,1.2658774,1.2002603,0.8125487,0.2978799,0.47350287,0.7041037,0.42086333,0.1271982,0.51396483,0.8686201,0.46223187,0.33612436,3.0002718,0.21474642,0.6936316,0.16541874,0.046662156,0.4999513,1.2678286,0.3575182,0.01915783,1.2097162,1.5005269,0.30678692,0.24985729,0.43444955,0.12494702,0.010055474,0.13311237,0.1931881,0.15301548,0.82081246,2.697735,0.112006955,0.8241628,1.021939,1.4106094,0.27272078,0.75935376,0.12916858,1.059394,0.23921059,0.55780554,all_pothole_images\pothole_images_optimized_image_233.jpg
1.7828065,1.4002723,0.10552673,1.2002403,0.5428305,0.55851334,0.26342905,0.007806438,0.041341636,0.6090358,0.3786482,0.84392345,0.77814573,0.7569717,0.47030008,0.026487963,0.0,1.2806989,0.0,0.061099235,0.7379256,0.27887398,1.5563947,1.7672467,0.15021794,0.0041812602,0.49974397,1.7766776,0.17743021,0.068231694,0.42970344,0.024495745,0.24697511,2.208688,0.21749292,0.61188287,0.13667573,0.47118568,0.2661254,0.0023562245,0.039623626,2.0011952,0.17179255,0.6874206,0.13145348,0.0037787575,0.51135516,0.0808986,0.30131778,0.39606297,0.5554039,0.6145933,0.85694385,0.029696554,0.27407154,0.8880143,1.3599122,0.22766756,0.6879452,0.273333,0.2904069,0.552659,1.2767344,1.4130801,2.2093904,0.6654471,0.35919175,0.0732395,0.12454718,0.45696723,0.28884012,0.45399868,0.2455088,0.5392864,0.3731278,0.49673405,0.15087767,0.10295389,0.0025692228,0.0,0.58703256,0.172419,0.4470678,0.2671385,0.30720508,0.12210143,0.20413087,0.48932284,1.0142583,0.46545315,0.54461706,1.0355413,0.58652866,0.6024666,0.69017166,1.0539852,0.3717925,1.1090869,0.11214314,0.116111755,0.0059832972,0.780755,0.036907576,0.22071117,2.2189074,0.63627154,0.37724444,0.69538486,0.89438045,0.83103436,0.080034666,0.15415783,2.37271,1.9878578,0.62095416,0.31461883,0.15984023,0.007011744,0.6718903,0.7477685,0.7219908,0.29741204,0.15401141,1.244566,0.31485963,0.09931587,0.078330345,0.59321564,1.2347027,0.553287,0.48587307,0.12437253,0.26164308,0.113358214,0.052822098,0.23934181,0.06868884,0.18471628,0.0812776,0.15280576,1.2871302,0.2728293,0.7283036,0.8987733,0.036278185,2.738136,0.166722,0.50880563,0.0036607336,0.24257298,1.3651989,0.5411642,0.05405313,0.00302103,0.82381344,0.31099495,0.70860827,0.53180516,1.645329,0.5408285,1.8716682,0.13304392,0.0027132314,1.9884472,1.3328162,0.013175937,0.82363594,0.26799867,2.0231097,0.8242705,0.09933416,0.23686436,0.00543942,0.2693641,0.5964266,0.99946904,0.4546289,0.04611143,0.43433464,0.08187473,0.13991714,0.92863274,0.3588084,0.9337317,1.8381339,0.27727807,0.5015463,0.4589639,0.57154644,0.25230992,0.25263616,0.29244956,0.62457466,1.9269338,0.08391975,0.32703227,2.4484172,0.7852505,0.054903068,0.51447785,0.11402658,1.4660875,0.14155155,0.2561332,0.45760822,0.7753243,1.0713307,0.55494595,2.23618,1.6258968,0.0,0.24882369,0.02242869,0.04504894,0.5804681,0.8753472,1.2046442,0.25685564,1.4306712,0.059422914,0.47874573,0.006014642,0.6305835,0.018589113,0.0022299506,0.3602747,0.88894814,0.70088917,1.755142,0.023218071,0.12691759,0.040251706,0.07125282,0.7613594,0.25911948,0.022004798,0.7797565,0.20882367,0.31524962,0.7537823,0.063401744,0.0052096704,0.3637698,0.30615538,0.056905977,0.14989293,0.92608124,0.8265943,2.1461933,3.4177816,0.5281311,0.15782821,0.1811908,0.021309901,0.8610198,0.24271013,0.97167283,0.0997707,0.47772145,3.1744058,0.19228487,0.32775652,0.68645537,0.64682657,0.4864416,0.7814847,0.1528299,0.6969183,2.0389764,0.019233275,0.20141846,0.37410915,0.4248771,0.17271356,0.12175441,0.737118,0.18170734,0.87110263,0.54131407,0.01623289,0.04967736,0.334972,0.51696146,1.0680989,0.24177949,0.2560061,0.5179007,0.032198932,0.57382375,0.025875945,0.54915243,0.14456993,0.5241641,1.0851872,0.16990356,0.019365866,0.49137077,0.12561296,0.6700794,0.9425246,1.5489731,0.058904346,0.34124845,0.07823181,1.3998471,0.27589124,0.016439386,0.039751995,0.07502975,0.11821322,0.45071793,1.0636744,1.5871248,2.8471923,0.4990737,0.8835463,0.053998493,1.035834,2.1171193,0.7796931,1.9483882,0.06880767,0.31348544,1.0134293,0.9787417,0.58283055,0.44555056,0.0,1.6046771,0.09720825,1.6041967,0.09155427,0.006451408,0.044719286,0.0,0.0,1.4346347,0.009703149,0.9842474,0.11277568,0.1712448,0.55381596,0.85379475,0.7302145,0.24926744,0.71881926,0.7584171,0.24056152,0.33650964,0.24745396,0.55946046,2.0446231,0.017847605,0.17371546,0.5774157,0.31357047,0.10498088,0.37036696,0.082140796,0.7745006,1.6541134,0.4737618,1.2386184,0.44287822,0.0,0.11791761,0.35647458,0.17735216,0.50711435,1.351263,0.06961562,0.3573228,0.47057256,0.063177496,1.7076409,0.82434565,0.569007,0.21122694,0.41515896,0.8093489,0.68616724,0.10145121,0.034857605,0.8129783,1.7407101,0.5438149,1.4865408,0.22537714,0.0,0.07786792,0.0,1.9256217,0.13995294,0.72869366,0.101232655,0.6944037,0.49836132,2.174606,0.680771,0.7755692,0.11957144,1.4287679,0.9063613,0.3066582,0.066572316,0.49878317,2.2504165,0.21208915,0.2656188,0.74905825,1.096793,1.442117,0.105061576,0.14278606,0.48962796,0.24706937,1.6497366,1.3656697,0.4776987,0.2711667,0.62429386,1.2822286,0.517495,1.6933454,1.9040833,0.053705044,2.2187607,0.81506664,1.0577089,1.3119426,0.03121424,0.3754179,0.25557455,0.020042647,0.0,1.4201701,0.43479982,0.34201244,0.25561422,0.48901087,0.80062103,0.28853,0.25992724,0.3442951,0.14484423,0.03994363,0.22507603,1.5955166,1.2719659,0.894243,1.9886848,0.14791438,0.062292043,0.15226866,0.19155802,0.31114954,1.3422428,0.034797277,0.53953916,0.5416758,1.1957059,0.41380596,1.7161212,0.95333034,0.8124869,0.042774983,0.014468477,0.024057962,0.37269062,1.0306653,1.4574691,0.025311973,0.35006508,0.14093111,0.39177004,0.29375774,0.008276558,1.5679317,0.0,0.10341894,0.22651723,0.62804645,1.6873817,0.7219982,0.18405056,0.04612454,0.24762793,0.15930633,1.4480209,0.00064659363,0.10780145,0.13219571,0.06889602,0.49076775,0.071000084,0.0,0.07362745,0.0007393716,0.3938998,0.2828334,0.33091852,3.3716242,0.46260267,1.7649659,1.0712531,2.7059813,0.22944091,1.2833546,9.6093645e-05,1.8578869,0.30525303,0.16148268,all_pothole_images\pothole_images_optimized_image_234.jpg
0.8083756,2.035344,1.2679429,1.2616024,0.03817706,0.7203846,0.6975423,0.427834,0.54197854,2.9044435,0.3160282,0.51966536,0.39515436,0.32375666,0.40512115,0.5504538,0.42618626,0.23343278,0.50479317,0.61014795,0.46051422,2.897085,0.49054897,2.6875355,0.15741593,0.033865627,0.0,1.0308715,0.15727015,1.0830916,0.52054346,0.6107709,0.40285975,0.25106016,0.07661438,0.881119,0.87409085,0.06031342,1.3240012,0.8106859,0.68159515,1.20595,0.37432587,1.025322,0.91461134,0.6103763,0.58901364,0.15370458,2.2677717,0.12898763,0.3818572,0.886971,0.8731335,0.35858706,0.60495996,0.28177845,1.5484442,0.45356423,1.1535755,2.5387325,0.5529813,1.2451353,0.59079874,0.6412383,0.46374428,2.1152823,1.6537251,0.63168323,1.7409164,0.30215138,0.5709582,1.1380016,0.1113366,0.37930423,1.3550309,2.9546807,0.08644784,0.57650447,0.28309,0.32112437,0.3090899,1.419427,0.9311962,2.110139,0.21594375,0.5937467,0.69454163,0.5345897,3.3880925,1.3429484,2.138558,2.7063348,0.7244139,1.0488728,0.570933,1.0705032,0.277646,1.6252683,1.4935598,0.47747084,0.08162784,1.7743903,0.13383783,1.3845675,1.440767,2.182468,0.39764827,1.6658508,0.6400178,2.2974572,1.2584068,3.747085,0.8846054,0.42763534,0.867494,0.839712,2.5992482,0.045563545,0.9203815,0.9991387,2.8945923,0.98103493,0.40376142,1.2321051,1.6138984,0.041556023,0.26293275,0.2600723,1.062529,0.70095265,0.36335015,0.55439585,0.57265776,1.4181079,0.540282,0.52823716,0.18169495,0.59419096,0.84968054,0.60949326,0.28329033,1.5906683,0.7072634,0.47779533,0.4822683,0.53832436,0.81843424,0.09824003,0.5904617,0.8493648,0.12804773,0.6449074,0.941916,1.0301437,2.660844,1.2767941,0.98803383,0.7670246,0.16720837,0.15820059,1.2590975,0.011912287,0.28179488,5.125846,2.4427042,0.30557713,1.4513961,0.63869625,0.83815235,0.09358041,0.39293736,0.29688334,0.8097662,0.2933909,2.422674,0.22898887,0.70961976,0.0200597,0.29019693,0.24917,1.5384939,2.5067263,2.179548,2.3459558,1.6050962,0.75381017,1.5677344,1.028004,0.76463646,0.979325,0.57756656,1.0459417,1.4714612,2.5657127,1.1726631,0.5877731,0.33220583,1.8180839,0.20139804,1.0394984,0.60537696,2.0900655,1.7738353,0.007944032,1.003255,0.6889608,1.5801157,0.4451944,0.09408627,0.53777766,0.3123348,0.96798587,1.061438,1.9264479,0.94916487,0.24103582,0.32300466,0.043077752,1.8051891,0.074776135,0.703988,0.94137484,0.44899866,1.2832962,0.46572533,0.5470164,3.687656,0.46144816,0.7142011,0.042647995,1.4088341,2.0192382,0.18604235,1.127621,1.1051341,0.49753958,0.047188856,0.19782569,0.056268632,0.40473962,0.6671332,0.03443948,0.7502422,1.0813243,0.21006276,0.0476196,1.4696797,0.20273806,1.9092865,0.6909635,3.3119476,0.24134299,0.43779272,0.6704904,1.6163805,0.013507205,0.8020247,0.55455804,1.9373277,0.79577726,0.09832598,0.21144079,0.9615086,0.70379114,0.60009634,0.9719982,0.21191813,0.2948238,0.81919616,0.27236545,1.950648,0.29797724,2.543237,0.6182486,0.44295314,1.12128,0.31046352,0.2850646,0.061993364,0.673629,0.005379585,0.7309262,0.3448008,0.8156556,1.1198956,0.55967075,1.7745489,1.7765194,1.0318611,0.5166659,1.4116284,1.2192287,0.21594346,1.0234566,1.5459803,0.42625353,1.228405,0.79615563,0.42503592,0.74089813,0.25392088,0.56216633,0.18787959,1.1331435,0.87983996,0.045483023,0.45754164,1.1368479,0.8734042,0.67813706,0.75405854,0.7075236,4.0164948,1.0931815,0.050208274,1.7666674,0.18372147,1.053452,0.63703036,0.98200315,1.0059718,1.5099032,0.80660385,0.17518252,1.1597109,0.8842067,0.5296637,0.11401766,1.0241675,0.0429492,2.476865,1.0620953,0.27823916,0.4243849,1.9931886,0.47775376,0.27804616,0.279601,0.049638376,0.6372056,1.9802853,1.3925662,0.9082655,0.18366948,0.39163876,0.17995523,0.32706288,1.3308171,0.2091272,1.1233846,0.019716032,0.9529471,0.35710162,0.30980963,1.1273088,0.3267423,1.1275895,1.1182235,0.36277646,0.39078474,1.1700724,0.14507115,2.1396096,1.1871684,0.02140166,0.30819348,1.1118894,1.0087568,0.015378076,1.1064394,1.7618619,1.5783596,1.0898503,0.6013733,2.3508203,0.0046019116,0.13250661,0.9102493,0.19211362,1.290713,0.30643225,1.032933,1.1271172,1.0451214,2.4031367,1.9848975,0.48753178,2.7644506,1.1918459,2.3255181,2.106694,1.8648247,0.62551415,0.115661904,0.04379378,1.4885631,1.5097091,2.3164005,1.3668451,0.24808322,5.2128887,1.004479,0.36285457,0.9586457,0.015489112,0.31458947,1.4960878,0.014207701,0.5013025,0.865403,0.51445335,0.37098482,1.6072322,0.7389596,1.0848663,1.7418764,0.82225686,0.33644453,0.86146593,1.0546981,0.37315068,0.8645803,2.1469414,1.522516,1.2103323,0.6132544,0.91705054,0.9662491,0.84137213,1.4663647,1.0933145,1.112966,0.8334858,1.6753308,0.2112881,4.228528,2.867734,1.894595,0.8345243,0.6533496,0.20646356,0.740123,0.3010863,0.5866597,0.44647357,0.3238031,1.3818308,0.029567821,0.4275222,0.8266824,0.48892912,0.40808222,1.1898144,2.836583,1.5365305,1.8322268,1.7974325,0.6205404,0.19299659,0.6986432,0.17756361,1.4420655,1.0889906,0.5151001,2.9926789,1.737263,0.41109568,0.93758076,0.58818567,0.9586398,2.6966975,0.22995663,0.23158267,0.17835172,1.8660713,0.31781736,0.8717067,0.42956498,0.27591187,0.94046223,2.4244506,3.356212,0.6341517,0.67431664,0.24513769,0.71982306,2.2095726,0.120550506,0.14041157,0.27285066,0.6464275,0.427996,0.23381811,0.012460792,0.016010473,0.07182194,1.4271914,0.6725851,0.6604368,0.46088937,0.7338138,1.4287305,1.7220392,2.8163555,0.5986231,0.99599415,0.0,2.960768,2.881532,1.1319816,0.753642,0.14248756,all_pothole_images\pothole_images_optimized_image_235.jpg
0.5856723,2.9592702,1.3785166,1.532884,0.88379854,1.0600998,0.21853392,0.071674,0.36311033,0.66588503,0.32039005,0.040864315,0.089645386,0.7259604,0.93024045,0.71884215,0.25081545,0.024681436,0.15854958,0.10127158,0.12468505,2.304202,1.2366911,2.1559153,0.31455588,0.08318403,0.11296899,1.0422843,0.21698278,0.6063889,1.6820328,0.24929479,1.0843027,0.45218852,0.50389963,0.517526,1.5151893,0.37038994,0.07026171,0.57582116,0.32093644,0.11280691,0.28900373,1.3130747,1.9005183,0.03525281,0.20463447,0.25012589,0.7005908,0.07218319,0.16430555,0.19433391,0.4038799,0.37223032,0.12464384,0.2975071,2.1941264,0.017107917,0.7774885,0.6227335,0.027233683,0.4027896,0.97114325,0.6188065,0.0915514,0.32481492,0.79051846,0.39712563,0.10727412,0.12619367,0.17764355,0.18962605,0.31706867,0.43569136,0.052926008,2.5763464,0.10826295,0.20498557,0.009817743,0.7895745,0.1632176,0.9207365,0.038140677,2.0205116,0.47145456,0.6234332,0.22354001,0.030202352,4.559001,0.37671235,0.013491461,0.19257955,0.061937675,0.09750377,0.35750967,0.22940542,0.5568261,0.77912503,0.0028585189,0.11590523,0.011053057,1.1803986,0.5747609,0.011254919,1.0517198,0.013807695,0.050398104,0.08647725,0.37006316,0.5153638,0.039869398,4.862161,0.7756079,0.1564163,0.10769726,0.43561617,2.2216,0.0034803231,1.2395487,0.9050624,0.8599959,0.6302138,0.16951588,0.533531,0.39038646,1.4880421,0.794379,0.38592073,0.621595,0.22575405,0.84931713,0.04995208,0.55409825,0.010422418,0.5596443,0.8744382,0.23163293,0.14379284,0.18598609,0.19896974,0.11354196,0.26533535,0.022315232,1.2995814,0.09715468,0.78735924,0.5091271,0.6291355,0.22919059,0.3275423,1.218631,0.16455211,0.83626384,0.20544231,2.2405267,0.20066987,0.04216115,0.38992876,0.55627626,0.19232431,1.3723363,0.649793,0.049433503,2.2547927,0.155498,0.62126034,1.0857332,0.0149097135,1.3686072,0.29681396,0.0033246551,0.23076282,0.21508744,0.5487748,1.3531982,0.34453627,0.69918495,0.0,0.011849289,0.17650327,0.011847417,1.1031036,1.3289125,0.9765849,1.7474402,0.27525878,0.0,0.20520458,0.81203485,0.5130495,0.14816861,0.23783906,0.03563159,1.6868223,0.71416885,0.007727071,0.710022,2.058277,0.3412943,1.0309451,0.17190345,1.1033001,0.15876569,0.103485726,0.28674895,0.42501906,0.22931798,0.11676087,1.459813,0.06821887,0.43054035,0.20290795,0.7493191,1.7157656,0.59498006,1.3709109,0.44464546,0.27614313,3.0985682,0.34576118,1.3126476,0.0,0.38636643,2.6702073,0.10135245,0.52566195,2.2297552,0.036205735,0.9004037,0.23397765,0.12781166,0.2679119,0.74562335,0.0076548844,0.74876875,0.07147299,1.1369513,0.3520723,0.16627517,0.28658432,1.4126166,0.30184916,1.5520327,0.21614179,0.0,0.00610083,1.0483265,0.0,0.37915805,3.3302493,0.7310341,0.29569855,0.39880538,0.23092489,0.6343144,0.12329825,1.2254294,0.21522996,0.38912892,2.3649573,0.051200375,0.14360301,0.5446905,0.3066322,0.9032331,1.3181102,0.11968417,0.8454718,3.9227695,0.28668764,0.49939466,0.031951204,0.14844584,0.5010823,0.7068355,1.1736248,1.1582505,0.23156029,0.16143619,0.37733623,0.017899422,0.77269274,0.1363864,1.046413,0.5695466,0.43863732,0.42443162,0.6727824,1.1298727,0.054828517,0.20112647,0.6009631,0.16463268,1.4542708,0.007748645,0.36342865,0.34484178,0.11090425,0.7865001,0.2045927,0.14090121,0.18060921,0.06606346,0.95485747,6.3929105,0.07857721,0.3887801,0.8018494,0.41450617,0.23236403,0.088696904,1.1837398,7.7143974,0.7379685,0.09405136,1.1498106,0.09775263,0.57873404,0.89693016,0.4225198,1.0970592,0.08176061,0.0003827586,0.23483524,0.12893024,1.0312537,1.1341157,0.57581097,0.5637741,0.5023756,5.1432347,0.2699966,0.0,0.5419018,0.06035244,0.34171158,0.5658436,0.03131843,0.27204776,0.10208618,1.2615861,1.2581056,1.8914838,0.0,0.48045915,0.086946025,0.38429004,0.0,0.503562,0.3463316,0.5064341,1.0180767,0.5071523,0.91377383,0.12041085,0.2056251,0.35555816,0.044236936,0.26255834,0.113106966,0.006630515,0.29341993,0.5930139,0.70424205,0.013401844,1.3531358,1.0924889,0.2723827,0.69641,0.31897536,0.11255913,0.5850049,0.7007102,0.14174624,1.1144587,0.020317575,0.27057657,0.54149824,0.0,0.32306558,0.09675847,0.29373175,1.1350023,2.2762735,3.1643567,0.35094738,2.3889713,0.13240501,0.30267715,2.0876474,0.8326971,2.9582427,0.077128485,0.026792273,0.02081841,0.37784195,0.26554456,0.5633973,0.13954319,0.0608165,0.61666447,0.285043,0.70124805,1.5674124,0.33796805,0.103203855,1.0720074,0.68369687,0.006799367,0.6524028,0.18459155,0.11959271,0.6987312,0.29649657,0.05686506,0.06731073,1.0989989,0.5710493,0.18788312,0.0,0.73791593,0.47284728,1.4030406,2.551139,1.3664721,0.4155842,1.093442,1.5947968,0.36050135,0.8794342,0.7897527,0.7611828,0.03872019,0.124723315,0.32792407,5.3162193,0.6843347,0.25028566,0.41071174,1.1683594,0.29805255,0.1646042,0.044364672,0.0065708687,0.52232367,0.0,2.1249373,0.67317754,0.8141685,0.24110244,1.9320691,0.4627462,1.6746116,0.96127903,0.8591701,0.39609215,3.8986382,0.9069167,0.3234407,0.95569694,0.6131676,0.10614348,0.7213005,0.17646119,0.5669597,0.5330653,0.17711379,0.0,0.16726245,2.7409754,1.362235,0.0,0.2630069,0.49428183,0.18467323,0.3104143,0.011360726,1.0057133,0.44593772,0.764146,0.9742562,2.782243,1.2237936,0.34888145,0.008259005,0.72691405,2.3259194,0.38429984,0.8145538,0.11143069,0.2679636,2.1315126,0.0005568947,0.026358029,0.0007390531,0.26606616,0.23785637,0.373303,0.0,0.008257466,0.030084684,5.669807,1.0035318,0.44199148,0.9070326,0.73649925,0.0,1.8759875,0.28041884,0.7993454,0.5153389,0.3869007,all_pothole_images\pothole_images_optimized_image_236.jpg
1.6492295,0.49839324,0.009801376,2.2030058,0.8152245,0.32251027,0.09913049,0.13958761,1.264761,1.0687398,0.5485273,1.389667,0.30023807,2.8679922,0.42026016,1.1773943,1.2974466,0.059731524,1.8679706,0.5825201,1.2691345,0.94792086,0.06339053,0.95868695,1.4373688,0.93526447,0.075131305,4.9343786,0.48813394,0.3705156,0.039614137,0.685868,0.2983784,1.4613831,0.0010468909,1.1307147,0.009168643,0.063953094,1.434257,0.40381002,0.0,0.036374584,0.24294323,1.0499297,0.5450384,0.47489986,0.24733363,0.23932911,0.3385314,1.2925885,1.2856605,0.0,0.2824594,0.19343123,0.21283032,1.9651836,1.1242162,0.07308057,0.22765382,0.037778534,0.7267349,0.6618226,0.42526832,0.4672105,0.24595892,1.6223075,0.82531154,0.40501586,0.28030998,0.124887004,1.6668696,0.08722078,0.9523491,0.5209755,1.0989282,0.32195583,0.00037556453,0.97265995,0.3345935,0.9216632,0.0,0.37404835,0.0,0.30184862,0.47610146,0.010222662,0.06367486,0.4907383,2.2751796,0.6486486,1.1200652,0.0069608795,0.49769133,0.8926093,0.3508662,0.0017164334,0.6676912,1.4476123,0.2586564,1.9887913,0.0,3.030307,0.796565,0.045847613,2.0293312,0.0671863,0.19754067,0.22870688,0.0020615961,0.36339203,0.037257392,1.0366663,1.8812777,1.4619359,0.73369855,0.63182217,0.030619781,0.05410869,0.8392052,1.7612302,3.523055,0.19683011,0.008426819,0.54995704,1.1002578,0.85779476,2.560246,2.0044954,0.64162254,0.0,0.13534689,0.024190592,0.14209142,0.56505316,0.71517473,0.19863485,1.3484951,1.3236146,0.10107178,0.15740827,0.0072403117,0.11605498,0.029520689,0.16293198,1.2434874,1.8928385,0.01216767,2.8976197,1.0233382,0.23916662,0.8776625,2.932594,0.8632008,0.05452627,2.0393095,1.2274411,1.1011872,0.08189641,0.9247684,0.69408244,1.8184705,0.6326988,0.050308354,0.94013584,0.079945415,1.9120555,0.23152536,0.17622313,1.925836,3.4630153,0.095584266,0.0,0.26093498,0.1753249,0.09925576,0.23502655,0.9219702,0.025208581,0.06185607,0.0,0.6444304,1.1797225,0.8803299,1.1043998,0.4422329,0.2194261,0.41013527,0.93906796,1.0671593,0.2316433,0.46538627,0.20192671,0.8012988,1.5085194,0.38936093,0.43326852,3.0278919,0.0,1.2615311,0.16635962,0.7655212,2.3027534,1.1057302,0.6927964,0.08876668,0.3172985,1.5279824,0.1369726,0.36054006,1.1875192,0.22612591,0.004000154,0.8661548,0.5613692,3.1222923,4.1051044,0.089786015,0.31774852,1.0675155,0.42572632,1.1121871,0.35475513,1.4704081,0.71898943,0.049240023,0.180005,3.0071156,0.92187065,1.2294493,0.5827864,0.0,0.0404957,1.3594223,0.27999526,0.07505928,0.10046404,2.6892905,0.30462828,0.08722499,0.09548858,0.32398707,0.37148887,0.12810068,0.52597106,0.38671327,0.0,0.84663033,0.23239578,0.22755311,2.8964915,1.8886667,0.64038974,0.40266636,0.31649923,1.1800733,0.67886883,0.5602296,0.8631191,0.076873116,4.403742,0.698285,0.0858647,2.4057493,0.056834206,0.0065227617,0.05436492,1.20787,0.24994572,4.1021776,0.07971707,0.551255,0.3895957,1.696119,0.60194325,0.15749203,0.89010465,0.1779798,0.15613866,0.5955492,2.6808958,0.0,0.53261656,1.4580045,0.52664006,0.1773712,0.0,0.46947643,0.29416934,1.1353147,0.037758913,0.26041913,0.045006614,0.6324232,1.1185104,0.3544842,0.3363154,0.3807822,0.13814186,0.32075724,2.935313,0.3230285,0.2860686,0.027615828,1.4695257,4.543021,0.068035,1.4173472,1.1371324,1.3681396,0.1061803,1.4262497,1.9641187,1.5275309,0.83748513,0.05306117,1.1285232,0.0,1.5994138,2.8251414,0.42355797,1.1814728,0.017409367,1.2922152,0.08253273,0.29510567,1.6377357,0.114477076,0.0,0.48512778,0.025679344,0.62818456,0.0006347828,0.27138284,0.037681624,0.07862269,0.18401891,2.800197,1.0021887,0.92723143,2.479927,1.0120733,0.06954,2.9176264,1.0638409,0.6925581,0.2066168,0.6290159,0.37380022,0.07051143,0.14080887,0.18800466,0.44816425,0.18029365,0.99497247,1.1625967,0.046354625,0.050181165,1.1315829,0.6346797,1.4555722,0.18636094,0.89012474,0.13850822,0.9226911,0.0,0.40181583,1.3242652,0.0,0.11072065,0.020887535,1.7887759,0.032956436,1.1436476,0.06878592,0.13592012,0.27157265,0.2570543,0.0,0.94869345,0.15868564,1.1440308,0.10596487,0.1253947,0.050898407,3.364475,2.4131916,0.38068676,0.0034137885,0.15609705,2.6260936,1.2160351,0.06915157,1.0318799,0.4552811,0.0232258,0.38614374,1.2887137,0.5381307,1.6886334,0.0,1.4558918,2.0863407,1.6859734,0.34544784,0.2428713,1.3047358,0.37874222,0.91097236,0.8459898,0.48082334,1.2722905,0.4819835,0.68635607,0.99923146,0.0,0.8970768,0.6224196,0.33255354,0.8539534,0.31940785,2.1746087,1.8537034,0.32946092,0.1709576,3.2646081,0.034065038,1.9864483,0.032054357,0.5551385,0.73622537,0.4531765,0.7823808,1.3370905,0.68007505,1.4213796,3.2895448,0.6125604,0.72233635,0.0,0.50655115,2.954297,0.7211202,0.3772441,0.005620621,0.045983225,0.0,2.0009868,1.3859737,0.037925392,0.8785234,1.8157843,0.52884203,0.8083284,0.4817506,0.48225838,2.16589,0.5289076,0.34572193,0.06622819,2.1859853,3.0449934,0.12605485,0.6056501,0.021504743,1.4277829,0.22877182,0.47196507,0.0,1.0933064,2.12943,0.87200606,0.055323303,0.037425015,0.2194275,1.1320727,0.37521517,0.49844792,2.1439393,0.32432485,0.5873555,1.0907387,2.8813643,0.3445431,0.2195324,0.0048866696,0.0,0.20168795,0.087540634,0.78396004,0.0009433308,0.38029632,1.6792653,0.09113016,0.10497158,0.37963614,0.029724251,0.1129709,0.05465662,0.048675068,0.028764386,0.15437281,6.7293196,0.07243007,2.300345,1.1960192,0.96525323,0.59090245,1.2100374,0.0,1.4914454,0.04335229,0.47242272,all_pothole_images\pothole_images_optimized_image_237.jpg
1.4664309,1.1080284,0.86184335,0.38719183,0.973297,0.7376427,0.9791327,0.43619233,0.79009783,1.0498519,0.95569557,0.070320174,1.0001581,0.739335,0.4638098,0.6346069,0.15606187,0.0,1.5205319,0.273328,0.75564104,2.3745418,0.21817411,1.742392,0.78517866,0.5047796,0.054248538,1.5069972,0.446183,0.83014286,0.120418236,0.068587385,0.9404989,0.22487691,0.452701,1.0258353,0.69119644,1.3242891,0.34634238,0.92176163,0.014029177,0.01171415,0.013714632,0.19859928,0.57825696,0.20852984,0.91447693,0.17556472,1.3096768,1.1011964,2.6934278,0.65434074,0.6374608,0.8625945,0.46782854,0.59088695,2.4530766,0.0033008913,1.1968373,0.33231992,0.21461876,0.07180045,1.7542251,0.71881896,0.46195248,1.0086608,1.0132698,0.26399472,0.7287416,0.4335007,0.5606229,0.5193219,0.49521127,1.1010646,0.23542061,0.83010894,0.4310301,0.6377959,0.097029276,1.1129893,0.20766385,0.80376357,0.19010594,2.4795942,1.6320033,0.6838705,0.2553177,0.946638,3.087091,0.40840676,0.6272768,0.25050533,0.23542872,0.19587816,0.084436156,0.7408223,0.062265173,0.46954468,1.5589523,1.0582275,0.07370286,1.5692618,0.44357455,0.045508083,0.0995374,0.5113879,0.12037095,0.3235527,0.7490402,0.21489747,0.31931257,1.4878073,0.3850838,0.08497346,0.731604,2.0449445,2.0616367,0.6967271,0.7133292,0.42649284,1.724938,1.2741874,0.998343,0.5632138,0.48555306,1.0624616,0.33698043,0.8657072,0.5529932,1.9411633,0.60509616,0.8139276,0.15580413,0.3916219,0.29296163,0.41418293,0.6726121,1.4701275,2.4067528,0.74221647,0.5961097,0.7800687,0.43081075,2.0588748,0.46874747,0.49858066,0.24171622,0.0024963776,0.1698472,2.1516001,0.40800986,0.7402378,0.48085606,0.11442796,3.5592413,1.2145641,1.6148027,0.456189,0.8001919,1.685951,0.5760356,0.053265896,0.37804997,3.0977533,0.059116364,0.0730936,0.42755014,1.4066741,1.8572444,0.2777384,0.78973055,0.106421694,0.35263246,0.6549484,0.94869393,0.1328223,0.7380229,0.007328636,0.0,0.9837097,0.08619216,0.64182764,1.2145244,0.81344974,2.2195563,2.5437846,0.6102281,0.46374404,0.58064103,1.34108,1.4554095,0.017154418,0.3537439,1.8878567,1.1849186,0.10911536,0.16097216,0.007835745,0.17671949,1.2088828,1.1921089,0.17608842,0.34297523,0.4443309,1.8438853,1.4532735,1.1552043,0.41975877,0.29398975,0.38570297,0.3148655,1.0420694,2.3521028,2.1962085,1.2518388,0.5942432,0.42993048,0.2536581,0.8981342,0.039945297,1.1593475,0.08786845,0.55087876,0.5440242,0.16332489,0.9763894,0.32353792,1.1129137,1.623215,0.010828271,0.17371388,0.90525156,0.5511838,0.86962855,2.266574,0.05189607,1.6446049,0.015451338,0.0022753242,0.08542151,0.34764612,0.0,0.0013003693,0.18046412,0.2538717,0.0,0.33031565,0.37142786,0.510693,2.0654943,0.24570721,0.006962035,0.3826959,1.7653301,0.50980014,0.16873093,1.4489291,0.01758272,1.0179574,1.3096553,0.064615406,1.7784978,0.91656584,0.48737094,0.49365467,0.3892525,0.636732,0.8638502,0.87605065,1.3582293,0.78307164,0.34227905,0.11921489,0.03390846,0.17393082,0.25432903,1.1432316,0.30019483,1.4010941,0.44732672,0.28572902,0.4584205,0.30492547,0.23799506,0.7059355,0.9522705,0.33641744,1.1478872,0.45458826,0.07078579,0.55313426,0.07342079,0.12146934,1.1424575,0.44782272,0.82457334,1.5125449,0.9724071,0.6962995,2.3986135,0.15774095,0.66610855,0.25512168,0.046133954,3.1149528,0.5048813,0.0,0.47057635,0.89286983,0.58363837,0.7496639,0.48223838,2.5582016,1.2541931,0.83284354,0.35677567,0.5057584,0.67603403,1.5714223,0.2655944,0.022000814,0.39957994,0.59946376,1.3927734,1.0956056,2.842332,2.1451542,0.62839353,1.1515892,0.2853409,2.9918735,1.1319206,0.033546064,0.004678057,0.3456047,0.98487896,0.6369933,0.20492752,0.3284891,0.33993998,0.84295666,0.2873109,1.1520209,0.0063016377,0.24963865,0.5333722,0.06931459,0.8865041,0.5721149,0.975056,0.40680102,0.38164964,0.037025265,1.4050509,0.28367302,0.06369238,1.8225845,2.5921016,0.96481025,2.3817947,0.43011692,0.177557,1.7215441,1.1171227,0.2719109,0.93953127,0.87135965,0.949003,0.08404615,0.18954304,2.3072798,1.2377964,1.1315116,0.22311817,1.6125575,0.8035313,0.26616904,0.17669266,0.70287246,0.18893059,0.2061149,0.011179816,1.132512,1.2570642,3.4891524,2.5960927,3.033887,0.12778625,0.6201872,1.4114797,0.7094165,0.84137195,0.3643986,0.5979452,0.611057,0.0036373967,1.6114717,0.7108781,0.3813875,0.38487992,4.819388,0.50068814,0.2625484,0.51241595,0.8883177,0.0,0.17725605,0.4441788,0.38541302,0.15779269,0.94051844,0.62554586,0.9773227,0.29536048,0.23626933,0.17178448,0.9896699,1.154646,0.75510377,0.17198932,0.77530456,0.21651912,0.26676017,0.1261206,1.1056818,1.3176447,1.1119089,1.6644715,0.39940485,0.6868375,0.7257426,0.7124185,0.32550672,1.7301348,0.7010471,4.2579203,1.1136357,2.202863,0.13801554,2.0107684,0.6331627,0.18793832,0.28454003,0.37705892,0.8332542,1.1701086,2.4191089,0.99152917,0.2617542,1.5965881,0.78511375,0.36285797,1.2508992,0.28541505,0.68821466,1.289386,0.22457393,1.0227603,0.0049058227,0.72518057,0.7812582,0.05125617,1.8673136,1.4820251,0.52523804,1.0562913,0.7995001,0.36547005,1.2131152,0.38993773,1.4279225,0.4911988,0.22047955,0.8472659,0.42314154,0.5951216,0.097411096,1.1447752,0.7371843,0.1951747,0.84122264,3.3999891,0.27327937,0.06827998,0.0062156166,0.036280345,1.06124,0.13296826,0.06773057,0.7708131,1.8880229,0.6620436,1.5505718,0.0,0.25357753,0.2268199,0.13059948,0.3380291,0.2652003,0.006114895,0.688097,5.96444,0.44489938,0.7996357,0.628097,0.367887,0.089946404,1.1626991,1.2482966,0.18004283,0.24770324,0.21320184,all_pothole_images\pothole_images_optimized_image_238.jpg
0.89565915,1.5742657,0.5596242,0.51456946,0.047777932,1.3477191,0.21071644,0.060026396,0.3779362,1.2320355,0.13802792,0.25005174,0.41820136,1.0535753,0.885148,0.299205,0.4969526,0.31652433,0.009785371,0.29085144,0.9402008,2.5621574,0.5770787,1.2576742,0.09618096,0.7195508,0.25482765,1.5696685,0.28605932,1.2701045,0.5934154,0.02514367,0.21279517,0.3838538,0.13245104,0.42663231,0.3407022,0.731206,0.20597321,1.7631183,0.3516181,0.4733742,0.50954187,0.09276003,0.09831915,0.10113899,0.1886822,0.16482042,1.2322389,0.09610364,0.26387322,1.1341692,1.4009435,1.6636531,0.97687185,0.71821094,1.5591323,0.20218349,1.1213787,0.77780074,0.15827748,1.5021785,2.0896993,0.25619537,0.3076688,2.011942,0.6881371,0.1459885,1.5780468,0.15658376,1.1373581,0.4552719,1.5414298,0.5357807,0.20066509,1.8838685,0.03541292,0.16772601,0.28410026,0.5542151,0.13180897,0.051551484,0.38421917,1.7962337,0.1925345,0.6403619,0.7040493,0.16436215,2.5461516,2.4041445,0.00090510957,1.607355,0.2432039,0.6203099,0.9387523,0.13547951,0.71724504,0.7344439,0.7346526,0.3688327,0.096691966,1.9782186,0.8305414,0.057925407,0.6423548,0.8063468,0.21152301,0.20727044,0.6822999,1.7416677,0.65287966,3.5908327,1.2632601,0.072982796,0.2557849,0.24990472,2.2864435,0.26026016,1.9676769,1.7064171,0.6953649,0.95249003,0.5008439,1.6886624,1.2749827,0.5701311,0.08530383,0.6275852,0.31675994,0.3437302,1.338596,0.20488583,0.643107,0.39953753,0.38948786,0.05688566,0.10923889,0.25325644,0.15134978,0.26558608,0.12801723,1.6387388,0.34886998,0.29872352,0.49117815,1.9365293,1.3414441,1.3751665,0.04886451,1.5771888,0.33920482,0.69776595,0.1484222,0.40860772,0.94929284,0.0,0.3296289,0.6053632,0.1254585,0.5671547,1.0965294,0.37986237,0.080492556,2.4524841,1.2685659,0.35822237,1.2558374,0.3182937,2.053726,0.110002704,0.84521115,0.76065654,0.42411166,0.9764273,1.4927442,0.91148406,0.8605604,0.35217133,0.72694206,0.81358296,0.70804125,2.304001,1.6618963,1.0934536,1.4405019,0.23194791,0.063419074,0.4043943,0.09613807,1.2922605,0.75713515,0.8592182,0.06423403,1.8924034,0.38072383,0.011658595,0.7314917,0.82302785,0.44184437,4.1660247,1.2599763,1.3180193,1.0182668,0.5536624,2.082494,0.9115988,0.027690064,0.25711122,0.6644618,0.6185583,0.6416574,1.0119888,1.2434855,2.0627437,0.4629877,0.32447514,1.0427684,0.2721283,2.6147394,0.08188639,0.84609455,0.694283,0.66900706,1.1424981,0.36866754,1.7744244,1.3795115,1.0758797,0.74073076,0.0073977932,0.8346749,0.16445333,0.16076107,0.036735706,0.17993633,0.29279563,0.2809419,0.14694914,0.018776221,0.114150696,0.5300423,0.108185716,0.17643607,0.4280639,0.0,0.0,0.58497477,0.17948148,0.09594203,1.3041022,2.0001016,0.7138632,2.5807931,0.041572936,0.85030246,0.5726079,0.96899056,0.0,1.9644407,1.0268884,0.47927755,0.085670084,1.3690954,1.1872003,0.57286996,1.9969509,0.5900649,1.5501796,1.0794611,1.0217631,0.1138616,0.36060318,0.22098656,3.3943007,0.9199647,0.27180606,1.1626666,1.285485,0.43445104,0.6729203,0.0,0.694391,0.46706522,0.5631077,1.9946567,0.000944518,1.250963,1.4933945,0.54338443,0.32250747,1.2077335,0.5468957,1.1296941,0.79343504,0.38219318,0.42731375,1.6352953,0.8066348,0.5321895,0.20657414,0.00084892253,0.3717635,0.2727635,0.35945848,1.2083154,0.2915312,0.6890866,0.7422524,1.0728583,0.15330672,2.2951105,1.9761078,2.85317,0.8427274,0.61529106,1.0250536,0.9859127,0.72183174,0.21520643,0.7263644,1.9917793,0.35169095,0.28123167,0.63256055,0.9964634,0.83172476,0.5627121,0.7811636,0.49554944,1.5963798,0.44731298,0.23569399,0.34370306,0.8082987,0.6990764,1.5516425,0.97914886,1.047696,0.8314858,0.17461224,1.7794304,2.9532912,1.0547289,0.060938343,2.0187054,1.2191463,0.055576537,0.0,1.0212117,0.9569988,0.124509476,1.0134645,0.29971516,0.54712605,0.59006447,0.80150557,0.83701557,0.8736023,1.3147147,0.82589835,0.05703218,0.9364078,0.8763726,1.093825,0.97949094,0.086517796,0.5745936,0.43902338,0.08741232,0.42792118,1.3065811,0.5334928,0.34983483,0.0,0.9054993,0.1068527,0.14955187,0.3395046,0.60239714,1.6653982,0.030071754,0.32628772,1.06539,1.5411576,3.1460764,2.0681348,0.09650769,1.3854891,1.0990753,4.122296,1.0782807,1.1250979,0.36504275,0.4090098,0.10624753,1.1344459,0.44932392,1.0709937,0.78265023,0.07125381,2.2848291,2.3873048,0.12559082,1.8559104,0.7152004,9.49804e-05,0.31443092,1.8050697,0.05995765,0.73791534,0.41691113,0.46910405,1.4806254,0.4215587,0.13733098,0.2393464,1.4192903,0.9536612,0.43974447,0.5667388,0.6263863,0.72754174,2.3016415,1.3913449,1.3413646,0.058966517,0.76140827,0.95284003,0.8055258,0.9411185,0.25158396,0.83585304,0.14424218,1.5475267,0.34738445,6.524235,1.1937834,0.54765826,0.711716,1.009258,1.219679,0.73651487,0.16064952,0.015820516,1.1659021,0.12629043,2.85728,0.7952615,1.1631384,1.1209383,0.051282477,0.20132214,1.2240366,1.1620415,0.24693292,0.921006,0.61751044,1.2562139,0.24712667,0.49585876,0.44866663,0.6946279,0.89420533,0.040367536,1.7166524,0.88542813,1.5873265,0.2653718,0.47902927,2.361504,0.14594275,0.46332946,0.29819405,0.78125185,0.4049584,0.8572724,1.0447192,0.18417004,0.08296585,0.7839818,1.1014817,2.5773945,0.21969546,0.446989,0.07311166,0.7196058,2.237988,0.26015547,0.10264297,0.012873243,1.6871653,2.885204,0.18559198,0.027508657,0.08266313,0.07717218,0.2823256,0.31638584,0.09441179,0.52837384,0.30434293,2.115121,1.0174994,1.0111116,0.16438712,0.06851194,0.0,1.623455,1.5813361,0.17536318,0.6119509,0.27060744,all_pothole_images\pothole_images_optimized_image_239.jpg
0.4732881,1.728298,1.3583959,2.1129,0.061556917,2.6426828,0.5824584,0.29847473,0.05577478,0.14284891,0.16133022,0.072516546,0.77919286,0.08462363,1.1474451,0.4755472,0.059330054,0.11488584,0.9208581,0.06476926,0.71640426,1.8976895,0.26910123,0.03922299,0.396505,0.13666263,0.07477199,1.5595367,0.54001546,0.6338703,1.8331364,1.7989405,0.16941063,0.407864,0.1520917,1.3977906,0.19202915,1.0331372,0.28737837,0.49125654,1.972421,0.0,0.005871098,1.3979685,0.51960903,0.0,0.39209786,0.0,0.576044,0.91745365,0.3123389,0.15557827,0.9978379,0.96286637,0.24208848,0.68780124,1.0614641,0.57041985,0.76310885,0.25690386,0.077946864,0.5205181,0.031216567,0.09486406,0.28285515,3.803998,0.6428508,0.05126349,0.76503295,0.05032163,0.55674875,1.1178865,0.9271735,0.639233,0.42909107,1.1244776,0.3515165,0.80447257,0.23386018,0.20313182,0.038782705,0.5486095,0.048529655,1.1212208,0.26388237,0.82417786,0.069135234,0.3168485,2.1920564,0.6146577,0.41470623,0.08755057,0.01476096,0.3151883,1.4032636,0.029442076,0.3899484,0.13889658,0.80732507,0.1688673,0.19233076,0.35654974,0.15206516,0.0,0.1759823,1.430337,0.0049542477,0.24059755,0.28766924,0.47138685,0.0,5.9528246,0.088339746,0.8751483,0.41436553,0.14702338,2.7682185,1.916067,1.4509426,0.7404574,2.8198242,1.6155972,0.40396044,0.4411072,0.15178391,1.6057515,0.060371358,1.1613489,2.0522256,0.099523656,0.50145614,0.0,0.08285807,0.1053285,0.34807414,1.3812664,0.33747575,1.1924119,0.49557206,0.10968447,0.11860854,1.3180681,0.07413947,0.9741352,0.09758473,0.15459736,0.10622366,0.27657786,0.42547143,0.17734455,0.3119733,0.004877445,0.04166813,0.4057685,2.5447028,1.4021974,0.046986375,0.19120525,1.060277,0.345208,2.6575692,1.0036519,0.03321218,5.3275704,0.0043873615,1.4560696,0.43703347,0.08637069,3.555423,0.58504474,0.0,0.0,0.068603836,0.21521027,0.624228,0.02714392,0.22757794,0.0,0.072239645,0.5461905,0.13542019,2.845987,3.7558308,1.7201825,1.4483726,1.8778888,0.25426468,2.2200377,1.6761599,0.7808858,0.07972229,0.9433709,0.024768371,2.8783472,0.37776837,0.035185784,0.25528887,2.2400794,0.29609805,2.1163025,0.486627,0.52320135,3.167739,0.6664056,4.5882707,0.4290731,0.10494288,0.049839176,0.1367754,0.12020432,0.0087568965,0.0784991,1.4823437,0.24167588,1.6054407,1.7153068,0.002582878,0.8795507,0.86009073,1.3607489,0.189549,1.1607816,0.2442096,1.4632747,0.18829237,0.4096822,3.3594036,0.26172215,0.3132454,0.020067986,0.21916297,0.035059992,0.014189511,0.88503015,1.3180777,0.46217436,0.25593117,0.1562307,0.21008664,0.04664602,1.6940587,1.0089035,0.6019551,0.07068456,0.11464041,0.11563678,0.76495576,0.068345174,2.075334,3.4683332,0.9961513,0.08703532,2.8631277,0.08780121,0.23754692,0.009320328,0.94723463,1.0145497,0.21632582,0.74743146,0.054963246,0.39449185,0.23191206,2.1477458,1.0192108,1.49174,0.46563902,0.20648104,1.8784945,1.0594043,0.81705254,0.273104,0.0,0.046177886,2.625294,1.3112147,1.0090573,1.3223706,0.22746164,1.2463508,0.15515369,0.31458935,0.21698722,0.09050988,0.66828406,0.68963015,1.5011944,1.254067,0.032488402,0.46430525,0.6603242,0.16623601,0.041510105,0.62259907,0.15972035,0.036620762,0.013931664,1.21961,1.3494264,0.25112763,0.6106201,0.8068895,0.60307693,0.26771772,3.2666843,0.022348436,0.034747172,0.96932155,0.55009955,0.0,1.3810977,0.73371696,3.9869366,1.2596085,0.12525123,0.15852733,0.14389613,0.13091014,1.2383786,0.46062693,0.016069774,0.0,0.045443017,0.9311425,0.63918054,0.14035822,0.21056888,0.0045571337,0.1119716,0.1995816,5.074188,0.6275886,0.5710061,0.03846919,0.02401911,0.56541103,0.06881734,0.09480369,0.19396865,0.6351037,0.15392983,2.6924257,3.9322777,0.07787015,1.24984,1.1013008,0.12897989,0.12463837,0.016344517,1.2677976,0.51949257,1.5629371,0.0877848,0.45798874,0.12228001,0.039744914,0.03471085,1.0061277,1.2380139,1.5007708,0.0075201285,0.0104968,1.8934587,0.74693745,0.0,0.837426,2.4917598,0.31873867,0.13506766,0.0480138,1.7077935,1.3026342,1.1130909,0.11493157,2.3074095,0.114151455,0.2856936,0.027333982,1.6850556,0.024362247,0.026699401,0.6666897,0.060601264,1.7194124,1.9241585,2.0285127,0.310197,0.04592959,0.041856337,1.0206964,0.246999,3.596608,0.00032793882,0.9547953,0.16838741,0.0933281,1.2932582,0.55210596,1.0779319,0.025897538,5.613001,0.021459604,0.70863914,0.47714525,0.041955765,0.024147237,0.76175976,0.23706588,0.0,0.0,0.8874678,0.86500996,1.875543,0.6188722,0.061267104,0.0031776452,0.75783443,0.08482316,0.33908492,0.0012532892,1.2028747,0.026891489,0.15999387,2.5450804,1.6768653,0.08056674,0.24531431,0.9325269,0.3895472,1.1829133,0.32673913,0.7311256,1.8927317,0.44867387,0.43660673,6.9112825,1.5311347,2.5202796,2.0886583,1.479757,0.20418762,0.19463736,0.37835184,0.053457502,0.28192765,0.029760623,0.10802943,0.3009269,0.0,0.41107216,1.2205328,1.3248826,0.6862019,1.9213142,2.3032937,1.1908201,0.35185045,0.8857275,0.9221039,2.5394058,0.08180158,0.13389714,0.9207122,0.004852886,0.39071685,2.3842134,0.8041346,0.36538345,0.2609583,1.979433,0.90287447,0.89470017,0.6181705,0.09029937,0.26465225,0.05982841,0.29764426,2.9428394,0.3132106,0.0,0.15626118,5.424762,1.6417488,0.22824919,0.0006737697,0.15373965,0.27694067,0.0015761291,3.4933152,0.35578,0.7489392,1.7531149,0.51007587,0.16145794,0.0036272788,0.17879157,0.18759747,0.080367655,0.22939885,0.17879634,0.36915433,4.273015,4.022566,0.5071929,0.36844954,0.54682267,0.03341858,0.8641538,0.3719308,0.75221235,0.040297113,0.16544104,all_pothole_images\pothole_images_optimized_image_24.jpg
1.585042,1.9364072,1.0241938,0.93194455,0.32244587,0.61489624,0.040420577,2.128795,0.055535037,0.3441745,0.36848786,1.7612314,0.63854015,0.05459247,0.26730773,0.4896155,1.2557958,0.8330823,0.08602782,0.27218202,0.5177229,0.61797714,0.7833205,4.4641266,0.0,0.0,0.0,0.78123707,0.24480096,0.78200173,0.48712823,0.0,1.7587107,1.8464566,0.6147059,0.4308042,0.6178018,1.0782466,0.78422683,0.32933044,0.07120203,0.021606779,0.06606265,0.721755,0.4797437,0.2892028,0.60813797,0.1366457,0.57472575,0.39915007,1.3169469,0.8939993,1.0900899,0.0034744702,0.5030235,0.071023956,1.4970787,0.18631849,1.0673372,0.16769518,0.23990716,0.13836777,1.914155,0.6844733,0.04227363,0.23936853,0.77569145,0.57503384,0.5110279,0.024878815,0.39415756,0.62784374,0.085107416,0.90137404,1.0067649,1.1316751,0.0,1.0751601,0.021982744,1.6079842,0.1450879,0.15779443,0.94969404,1.0904984,0.51015025,0.4959782,0.05929119,0.50535464,0.83373755,0.76121366,2.2676075,0.31214318,0.56044567,0.34479085,0.32923192,1.9049984,0.36522767,0.95221055,1.1573151,0.19602506,0.03637023,0.047966585,0.55030847,0.21987264,2.5645468,0.10465201,0.13111165,0.23181002,1.157102,2.596652,0.32890677,1.8954536,0.3640881,1.3251293,0.19387248,0.82599777,1.840406,0.21599397,0.2048192,0.79489785,1.245686,0.37766957,0.8444146,0.89147496,0.8004161,0.38634187,0.04275773,1.1819243,3.5350883,0.32755062,0.14639081,0.06431741,0.09193164,0.031505805,0.005111882,0.228375,0.007822901,1.3844701,0.16430412,0.64369875,1.2771559,0.5495756,1.2624385,0.5742087,0.37164605,1.6050572,0.6769613,0.21062921,0.0020842103,0.49726173,0.028193785,0.008098576,0.8346064,0.0068556247,0.5162018,0.4489472,1.1654823,0.114947096,0.27029938,0.45595938,0.95654523,0.051779006,0.0,2.0778217,2.089645,0.0011567489,0.37976018,0.47372186,0.7214232,0.44153804,0.47893885,0.45800984,0.0,0.0013421603,2.131577,1.4072326,0.8932544,0.0097050145,0.20932153,0.68707323,0.15432227,0.90032846,3.8005974,1.6384126,3.204341,0.07408468,0.7280012,0.19351062,1.9560452,0.042114597,0.3924918,0.18264657,0.27389666,2.315832,0.74437946,0.023572955,0.82529753,0.9121887,0.2909869,0.012701636,0.56186277,1.0679529,0.8941465,1.2577618,0.7359591,1.2620348,3.1883469,0.11472872,0.7241876,2.02584,0.03106428,0.33825848,0.14427982,0.89015996,0.16831999,0.0,0.32180074,0.20135276,0.9276033,0.2219763,0.4750925,0.5380688,1.3574213,0.34326226,0.44864216,0.060967814,0.7330094,1.6006228,0.14516608,0.07476686,0.00355232,0.06137152,0.34174863,2.2360587,0.19338737,0.015107271,0.5265375,0.868856,0.5971707,1.7557273,0.012247392,0.057689093,0.562613,0.1404554,0.4478993,0.04484348,1.0167633,0.07337156,4.998685,1.639556,0.44960245,0.21299525,1.1009429,0.01674979,1.3372568,0.7040846,1.4090515,0.029479181,0.33281413,3.8805118,0.0,0.05872077,0.19482675,0.9211259,0.37096736,0.5503856,0.58077836,0.40825525,0.68458307,1.7724378,0.5530334,0.1457524,0.94677097,1.8132665,1.8880596,0.1888477,0.3444715,0.69629246,0.1242479,0.04507955,0.55951726,0.14941859,0.15206285,0.23994786,0.9648285,0.019075703,0.10812361,0.25440916,0.0013803975,0.049515903,1.81568,0.79739887,1.7658234,1.5209454,1.2704337,0.34643495,0.39932698,1.8902199,1.9124852,0.05371333,0.67523754,0.10634276,0.80096394,0.65287346,0.633138,0.0,0.20135027,0.20828298,0.3222948,0.27465805,0.49408066,1.1846273,2.1394346,0.5249845,0.006303982,0.36819497,0.44470307,0.3844948,1.6166708,0.31393567,0.9866702,1.0414833,0.6305937,0.32126036,0.42169103,0.5271471,0.22539732,0.02513326,2.223277,0.41585496,2.570086,0.24280348,0.65652096,0.0,0.93131995,0.14717415,0.24261126,0.12772164,0.86006093,0.38929525,0.2950095,0.9586914,0.24036229,0.14197569,0.9350055,0.010565502,0.05501279,0.016660284,0.08453421,0.9655534,0.025410393,0.8426448,0.019207569,0.21260087,0.007954767,0.19564469,0.60848707,0.10030649,0.008456685,1.1484791,0.20248705,0.38938025,0.41153044,1.4562538,0.012161367,0.6993076,1.5313035,0.47635606,0.26860917,0.8204947,0.1492965,0.067290656,0.46692804,0.68155044,2.3265839,0.3043618,1.2901156,1.0680255,1.3011217,0.7420871,1.7126305,0.37607956,0.6186563,2.4262187,2.8522687,1.3139513,0.07845189,1.0694693,0.06823377,0.36553597,0.02483217,2.599555,0.9877645,0.1592172,0.949138,0.1012051,0.6472511,0.8533402,2.9254837,0.40906018,2.320365,1.4365097,1.8158028,0.28278294,0.47237346,0.0,0.30234036,0.70703155,0.03532654,0.10838068,0.083291546,2.3410685,0.36280876,0.012670185,0.82976466,0.40863538,0.48801428,0.37423363,0.31821403,0.03783694,0.39115617,1.7277781,0.63106006,0.9287772,1.7563255,0.55028135,1.098648,0.8325015,0.6011943,2.138038,0.29936445,1.7764183,0.22292921,0.4348277,0.0,1.6838176,1.7966161,0.7672615,1.4344641,1.3098909,3.3164074,0.45383942,0.81713444,0.4495016,0.23577912,0.29380673,0.68047255,0.39963418,0.10846861,0.5649145,1.1086953,0.5937296,0.0835336,0.64541805,0.022362927,2.1694107,0.27431142,0.24589024,0.55301946,0.8065454,0.017704846,1.6341032,1.0563889,2.411202,0.94209814,0.2726646,0.92319983,0.707899,1.4136655,0.6986046,0.6597932,0.5739436,0.53423095,0.36552632,0.8991369,0.05258035,0.89840263,0.474977,0.08696077,0.09579907,1.0942909,1.4463949,0.26264507,0.3162669,0.0,0.46527806,1.5141901,0.033417795,1.2594056,0.04461851,1.1622037,0.03675426,0.047539126,0.30186385,0.6219233,0.045360442,0.40828937,0.051910367,2.0911357,0.03837242,0.65185344,3.9785416,0.32132474,2.9448428,0.62406945,0.74154586,0.0124498885,1.263089,0.058921646,3.2846293,0.72259223,0.036804724,all_pothole_images\pothole_images_optimized_image_240.jpg
0.6781245,2.1283388,0.08444621,1.4214997,0.49158671,1.0367178,0.8366966,0.4432329,0.094105095,1.4442384,0.17290324,0.49305487,0.02287801,1.2488705,0.25293604,1.4632268,0.17767963,0.12791106,0.4716245,0.05790088,0.104978725,2.2324352,1.0641987,1.650738,0.18685889,0.5487327,0.36392826,0.61340445,0.4126946,0.122607075,0.26570898,0.13057742,1.414501,0.4156299,0.020979647,1.0142235,0.07182232,0.16780369,0.07414512,1.0910306,0.28658754,0.21715106,0.2899333,0.2912159,0.7731585,0.21645541,0.81388813,0.047542676,0.4276135,0.31271812,0.29784748,0.2437289,0.32149026,0.1974114,0.0019982592,0.93794876,1.4580191,0.00017909001,1.9374381,0.28585878,0.50919414,0.55748004,1.4299871,0.20704864,0.15330693,0.7059042,0.29859033,0.9316699,0.16591641,0.14546855,0.018960446,0.016584741,0.16101559,0.10310891,0.21646063,1.6938593,0.5491025,0.9250191,0.6118497,0.7048102,0.25941363,0.008727524,0.68544173,3.0128932,0.11806318,0.61243373,0.062327307,0.018926471,2.675974,0.23569152,0.0,1.0130472,0.11067124,0.06184486,0.1653017,0.58670795,0.096838,0.28452578,0.45321319,0.04760266,0.06903081,1.0570296,0.17212881,0.022334164,0.8830745,0.014027502,0.17568083,0.1464028,0.26961738,0.1382567,0.11938512,3.8596532,0.06633017,0.0870612,0.57418334,0.0791559,0.26342008,0.5796784,1.41969,1.0731635,1.8432791,0.9527568,0.29298556,1.734256,0.14988938,1.0876653,0.0025522658,0.11212063,0.00072973577,0.17253357,0.5160653,0.14021061,0.057282496,0.112807795,0.3799493,0.21784052,0.0,0.50183296,0.18024662,0.17876707,0.12648085,0.88404876,0.2592387,0.717763,0.18424278,0.087504625,0.25221753,0.04995615,0.5032364,0.09772623,0.8705912,0.13874473,0.97728324,0.12413105,2.0397303,0.5948907,0.612525,0.51748085,0.4848013,0.05296283,0.78893465,0.12856233,0.23968737,2.2214975,2.443937,0.97767997,0.43790284,0.036581792,1.2140012,0.0,0.36752975,0.093325995,0.0129624745,0.6009667,1.8397391,0.048394114,0.24549428,0.1968965,0.023660194,0.0026422907,0.6769016,2.5852513,1.2486628,1.7712181,1.4440151,0.062471963,0.45639068,0.009374219,0.0009475329,1.2489587,0.30971888,0.054105837,0.0,1.1781698,0.43604583,0.0,0.4060753,1.0783052,0.46954128,0.6650938,0.2925895,1.6016796,0.32992148,0.021683708,0.74907935,0.08007221,0.25019452,0.30045936,0.8005914,0.8565606,0.0029765668,0.22573505,0.73331964,2.6299908,0.110025465,0.82402,0.21451105,0.044682518,1.2236177,0.37983048,0.29745203,0.063267745,0.28408226,1.7840889,0.0847855,0.10428967,2.8855946,0.117610745,1.2931322,0.28386357,0.18446556,0.5162888,0.084831595,0.096004486,0.20055416,9.969474e-05,2.263656,0.032197848,0.038758196,0.23998109,0.62212086,0.5470488,0.04828754,0.06145975,0.022444109,0.0,1.1081086,0.0070308307,0.5932817,4.4654326,1.2256376,0.5812689,0.94254446,0.047731534,0.18249463,1.028143,1.120435,0.15448032,0.69951755,3.2513528,0.047193218,0.028441142,0.27228394,1.7831309,0.12009128,0.45586818,0.6905881,0.16624822,0.51992846,0.07652656,0.54818875,0.23439741,0.13666788,0.27144083,0.6479655,0.4832948,0.8205018,0.034323756,0.55558205,0.5460725,0.79498553,1.5062455,0.09755999,0.59739745,0.2763101,0.204623,0.40735167,0.29194108,0.80496836,0.24567854,0.30675408,0.28200242,1.2689861,0.61125445,0.23293199,0.11791882,0.1809445,1.1169536,0.26655897,0.2489935,0.09299654,0.32150033,0.120292455,1.045465,3.4010947,0.48271894,0.118334845,0.28493303,0.08890532,0.15110184,0.8114089,1.1913872,4.8814187,0.65630555,0.015091854,0.29498595,0.06700059,0.6666792,2.5814195,0.41708377,0.9406385,0.183316,0.3098967,0.21768634,0.02405294,0.91400284,0.71879375,0.43122292,0.19692132,0.6991833,2.9004772,0.37329558,0.06108187,0.11078617,0.0,1.0774109,1.4415015,0.156416,0.47904083,0.059381202,0.9094787,1.2885987,0.6925232,0.0062981513,0.044822548,0.26703516,0.016027099,0.0073309145,0.10898569,0.16461061,0.5271585,0.66620505,1.9239078,0.07162093,0.20210622,0.7246328,0.7945722,0.8318115,0.7089079,0.5654011,0.17783523,0.8866155,0.665828,0.012096394,0.032117084,0.8690125,0.90694237,0.0,0.3209539,0.35202575,0.8292837,0.687845,0.6019516,0.0388697,1.0061016,0.076361306,0.4755547,0.17790256,0.07809509,0.37341005,1.1578476,0.16710815,0.2607547,0.51206946,3.5448506,0.030416628,2.3506367,0.14712757,1.5378515,1.7478449,0.9402134,1.741623,0.14730541,0.5522435,0.063618414,0.019955264,0.29783896,1.1953517,0.7545837,0.26816466,1.1374313,0.2131925,1.1647127,0.26582798,0.24037446,0.024531811,0.9876307,0.48671588,0.0,0.49365786,0.29949474,0.28523907,0.23631535,0.07044919,0.34254372,0.02731257,1.4618286,0.15928753,0.573423,0.06833152,0.790147,0.65540606,2.8534079,0.54555583,2.6898694,0.5867759,0.5576674,0.09333001,0.120147705,0.3447003,0.32116884,1.153349,0.4057419,0.0,0.2142975,3.6214375,0.5517128,0.25441578,0.45799324,0.9069668,0.18315984,0.50150084,0.048860744,0.0,0.77553433,0.109300464,1.987487,0.07715031,0.0,0.77244675,0.41477844,0.4871285,1.1127316,0.25723705,1.285245,1.0722351,2.0039158,0.12000358,0.93454057,1.7456865,0.5209549,0.0771007,0.6220321,0.536288,1.3081443,0.04550588,0.79042786,0.17346878,0.0,1.0252886,0.14787781,0.11604846,0.5635905,0.05118892,0.42918387,0.20705289,0.6124018,0.2706772,0.16392495,0.7964216,0.86756945,1.516648,1.2435066,0.1925709,0.0,1.6176673,1.9123027,0.32124427,1.2847376,0.061195605,0.3285706,0.6810516,0.19938119,0.2990167,0.3733975,0.39534494,0.22021109,0.104935214,0.37689984,0.85798514,0.35522383,7.29133,0.83224934,0.48659503,0.031059654,0.22984512,0.0,1.1122864,0.09966359,1.2987704,0.14084432,0.071192816,all_pothole_images\pothole_images_optimized_image_241.jpg
0.9627509,1.7281703,0.25356853,1.7579734,0.09116578,0.35565552,0.98656666,0.21276093,0.5182887,0.7367887,0.4271794,1.5492946,0.743023,1.8750707,0.5992524,0.5458282,0.29673287,1.4660624,0.8611146,0.3527945,1.1914341,1.395211,0.93857294,0.13762464,1.8039103,0.38232335,0.92179716,2.9839802,0.18568356,0.04224113,1.1831604,0.14202327,0.5085657,0.006286201,0.15325499,1.0146023,0.043688837,0.8299498,0.7726003,0.27776352,0.0,1.2407359,0.08881156,0.4305682,0.27861175,0.0111287255,1.0524924,1.0024195,0.0024444438,0.0418569,0.06669443,0.14644465,0.6340273,0.24718998,0.07128925,1.987295,0.7732674,0.01495141,0.3463308,0.21406883,0.53567195,0.23095147,1.3041407,0.22812566,0.8548492,2.4659188,0.18835233,0.07010237,0.0107634,1.4248265,0.3106342,0.10604879,0.018422853,0.04344947,0.00348669,0.027748907,0.23969692,0.23527002,0.0,0.20248088,0.39044464,0.006346223,1.3295392,0.83983105,0.23506223,0.060255878,0.20478195,0.0139736105,0.63421136,0.048588295,0.07188918,0.44355348,0.13931815,0.19848889,0.41482347,0.04596021,1.1195498,0.5344705,0.3444885,0.7872434,0.46065673,3.1127691,0.8666514,0.0645924,0.42947292,0.12648301,0.07471682,0.5447675,0.1942849,0.2557518,1.9076666,0.46724868,2.7827427,0.40158215,0.8354336,0.056860965,0.036420185,0.009214583,0.2631142,0.46780378,2.4241138,0.011056538,0.9801144,1.6739279,0.83154356,0.5187267,4.7559094,0.27847278,1.3505803,0.089664266,0.26184666,0.14509176,0.0015139924,0.26058474,0.94817036,1.2909863,2.1013107,0.0076862387,0.52198416,0.072375156,2.6420002,0.107912324,0.79790956,0.6283836,0.2541498,2.7102928,0.014306193,0.66752094,0.27019188,0.14684838,1.1633813,1.4199251,0.028980639,0.057183806,0.16557932,0.029790767,0.7634198,0.0849357,0.72932726,0.29216665,0.8159547,1.0505867,0.09246138,2.668905,0.7515939,1.2879895,2.3252301,0.69897866,0.9540089,1.7429065,0.83141977,0.2989483,0.0008748974,1.509258,0.3511383,0.1418992,0.69550776,0.56950307,0.19951878,0.5134544,0.18907543,0.5335768,1.7114661,0.05531088,2.7603536,0.0043437756,0.32937622,1.1351565,0.14962031,1.0251496,0.9756864,0.2790395,0.033716734,1.7571799,0.8574126,0.014767119,0.58810526,1.4222832,0.05462692,1.4111859,0.32911026,0.5809041,0.6803563,0.9201536,0.09279581,0.08645485,1.2531308,0.21556139,1.2532334,0.8332452,0.0,0.85394037,0.67424315,0.06213576,1.5494708,0.92869955,0.8142452,0.7498435,0.42086568,0.3235661,3.254225,0.26122102,0.36817235,0.08020321,0.00855423,0.14975195,2.0919354,1.2756606,0.797573,1.1479051,0.035457958,1.2377956,0.6605718,0.001223912,0.2932119,0.029411443,1.209444,0.20624822,0.9318873,0.38497916,0.013510605,0.0,1.5501485,0.12809695,0.5957933,0.53284895,0.43587965,0.19323495,1.1299436,6.4169273,1.6756233,0.6558981,0.14592339,0.1452239,0.040287875,0.7277703,1.1893643,0.40161467,0.5241343,2.4090002,0.104498714,0.1436425,0.50370455,0.17113459,0.20161928,0.5749275,1.0729942,0.86678624,4.5721684,0.52715796,0.24690168,1.0318216,0.27057502,0.248465,0.4676171,0.675177,0.031230755,1.085721,0.34072787,0.7678462,1.3983301,0.055475585,1.0099803,0.755196,0.16193236,0.17895527,0.30868772,0.17952591,3.556466,0.14619628,0.0,0.32837224,0.23026836,0.5413004,0.20904008,0.71453357,0.19426855,0.67222494,0.33280817,2.0650373,0.15991493,0.099440984,0.6730027,0.021544505,4.783124,0.0,1.8823359,0.012874367,0.05044445,0.8932221,0.14735132,1.3071764,1.6185936,0.7157479,1.8625561,2.2804396,0.15087381,1.7087575,2.8980606,0.5190651,0.012870278,0.0,0.57835364,1.0055394,0.8078309,0.03274776,0.19609013,0.0018727045,1.464625,0.25429496,3.021515,0.16417523,0.13676524,0.4378088,0.04815411,0.0,1.6859967,0.14206444,1.3212535,0.22594962,0.023258442,0.1788552,1.0795076,0.8320624,0.8220089,1.0872164,0.5151824,0.32974935,0.6077226,0.7567177,2.4589012,0.092427135,0.26674706,0.85425705,0.42559105,0.012241607,0.073268875,1.3415804,0.027042078,0.24708182,1.2668043,1.2124046,1.3785777,1.4221945,0.005552434,0.0,1.0818673,0.013783451,0.06381297,0.77063674,0.16228656,0.034609426,0.15320066,0.06255485,0.11760925,0.19571483,0.03710171,0.8705053,1.241796,0.32723343,1.2791353,0.30289823,0.19022751,0.77168006,1.8074574,0.30878976,2.6617556,0.09228541,0.062155873,0.41178474,0.904349,0.19471797,0.11245708,0.21484326,0.11444524,0.7842346,0.045419488,0.74937284,0.0062150923,0.90707713,0.36584145,0.948434,0.76553655,0.8864522,1.4689995,0.04108536,1.0919907,0.8162329,0.20329013,0.7138538,1.6612033,0.5589269,0.03127146,2.5235176,0.6972056,1.0758224,0.83511984,0.94303703,1.7208165,0.6726469,3.1563652,0.028771674,0.71946424,0.7890524,2.0028727,0.13399825,0.28012934,1.3976415,1.0700136,0.16363229,0.5282653,0.29822817,0.0,0.5367965,0.19296151,0.85243684,0.03272112,0.6749242,0.26835307,1.6961341,0.22111273,1.5835475,0.16714807,0.15629046,0.3551707,0.0021199465,0.7091737,1.9689766,0.35748336,1.4850922,2.2738578,0.17904422,0.6635004,0.21683644,0.08559486,0.42046317,1.4278406,0.12463058,0.16163057,0.16556288,2.2906592,0.060640186,0.12813465,0.26504847,0.37106454,0.39672422,0.0,0.0,0.030789496,1.6169246,1.8743379,0.6626572,0.12442627,0.6306756,0.21812579,0.0074972436,0.8834349,0.98139626,0.6018716,0.07213715,0.05184226,0.5650521,0.8553089,1.5529233,0.0,0.49756208,0.1555122,0.028577346,0.29974312,0.07840671,0.054787543,1.2630205,0.12353193,1.0129685,0.0,0.3888012,0.21969837,0.038223002,0.34546527,0.14905392,0.7330864,1.6485378,0.2835686,1.409861,1.5367646,1.0798066,0.64093953,0.06545184,0.15260158,0.1660134,0.08380095,0.07774363,all_pothole_images\pothole_images_optimized_image_242.jpg
0.7358874,2.0496674,0.28934565,0.56670785,1.7256647,0.44196856,1.1034806,0.9503663,0.07335645,0.87074214,0.47251135,0.4951185,0.2322201,0.5286384,0.51777023,0.36672074,0.30770105,0.41762304,1.8137786,0.595444,0.5551056,3.5829175,2.2590346,1.3982815,0.026507815,0.99114555,0.041069746,0.51088226,0.0671394,1.4353329,0.4995243,0.059799057,0.7204525,0.11533801,0.6325013,0.92843676,1.2709768,0.46663758,0.055036325,0.50905246,0.07534214,0.4883102,0.3648135,1.2706957,0.3814975,0.5611671,0.045958113,0.0044830334,0.674272,0.047848992,2.7616322,0.7660956,1.2534815,0.7715473,0.09233388,0.82184505,0.68566847,0.1185621,0.7787091,0.57125753,0.3194406,0.026670007,0.5594712,0.05010485,1.6326734,1.9111967,1.5545334,1.2611104,0.8529716,0.20004727,0.5104563,0.25292823,0.030539531,0.04620924,0.017590415,2.8119583,0.4854364,1.0438402,0.106400274,2.2658875,0.27560067,0.5798504,0.2580061,1.4658735,1.5333748,1.0660479,0.0,0.09352787,3.180451,0.45754883,0.66110724,0.56674063,0.2918462,0.7876456,0.0,0.4930345,1.500596,0.5901755,1.1588503,0.00016746223,0.4358568,0.46428558,0.41670233,0.011165052,0.35222372,0.96321994,0.6995254,0.29344708,0.06487962,1.3429185,0.74061227,1.7370598,0.6763796,0.21987191,2.4477954,0.69428414,3.1451316,0.9142995,0.15457581,0.95657563,0.66259027,1.5522604,1.5845973,0.54538125,1.0010865,1.1422638,0.035131678,0.26774195,0.32710013,0.6700564,1.1168039,2.2458987,2.1120377,0.74073017,0.021209633,1.9090605,0.05220784,0.19118385,1.5765936,1.0493304,0.011540599,2.2759624,0.8876735,1.8639112,0.49077863,0.31287777,0.92219675,0.86727625,0.36361414,0.42333198,0.11782273,0.15316407,0.60212207,0.5442235,1.9412197,0.5687506,1.3453652,1.2897514,0.19485416,0.6865411,2.9500763,0.3564368,0.012169317,5.371489,1.2278523,0.7262707,0.12874542,0.18103525,1.1169477,0.09415029,1.3913438,0.01881592,1.4164094,0.11506762,1.2998093,0.063007645,0.99946576,0.24256729,0.87142146,0.39226952,1.1017811,2.0183375,1.750239,0.3098224,4.5360126,0.7276582,0.7151469,0.020401865,0.10171939,0.9782344,2.957166,0.75627065,0.0,2.657411,0.9455388,0.0,0.017783249,0.6140804,0.12025122,1.2489916,0.040024232,1.9055725,1.1170837,0.73461884,1.1633269,3.1029992,0.22212422,0.7286837,1.3541244,0.517418,0.016128993,1.0849646,2.5597374,1.5233251,0.3832383,0.042567607,0.6824031,0.17747232,0.2770723,0.31356886,0.758802,1.037885,0.5813578,2.201723,0.39756373,1.4676678,1.5218152,0.81401014,0.11837057,0.00891036,0.0,1.7269068,0.1844087,0.050397083,1.5543817,0.08403943,0.2584463,0.79287934,0.046122745,0.33323473,2.0620575,0.79304767,0.39357683,0.2765484,0.16269012,0.44407135,0.4104252,0.16532733,1.4703939,2.6036987,2.3597136,0.18325509,0.77147734,0.35527185,0.6271244,0.3271628,0.9638561,0.18211138,0.75697875,1.2280756,0.12772943,1.5430995,0.31428805,0.8149522,0.6455213,1.8748302,0.48289886,0.18774496,1.4024493,0.3507201,0.8212514,0.2995542,0.20981593,0.8502943,0.50270844,0.450927,0.89576936,0.37127206,0.20708759,1.3663068,0.06724591,1.765853,0.4418475,0.03522554,0.5777337,0.09788368,0.75218964,0.9702851,1.2505351,0.775288,1.0801908,0.14357525,0.8494614,0.7206363,0.31496298,1.0781952,1.0653435,0.9794107,0.15582734,0.34336698,0.11854898,2.3840249,1.0322295,0.68531346,1.5514175,0.9879385,0.03002096,0.97708267,0.5310881,1.1548256,0.5259841,0.41517833,5.7495856,1.8676727,0.059349544,0.8191585,0.27535996,0.24161889,1.2723118,0.4781628,0.5537855,2.0351684,0.7831813,0.794554,1.7351718,1.1156647,0.8902639,1.3626847,0.1263668,0.27476278,5.8811555,0.972996,0.8122393,0.18625337,2.3664932,0.94517595,0.71734226,0.82926965,1.1579161,0.5058549,1.2616227,2.1310449,0.3911535,0.070917495,0.73904985,0.72408074,0.15419555,0.5250137,0.17177305,1.1354703,0.20453335,0.21008067,1.836968,0.94291854,0.106459975,0.92101693,1.4982748,0.77788347,0.24479347,0.5414459,1.328412,0.10813952,1.2924896,1.4877827,0.08709501,0.10008695,2.3063552,0.7468397,0.12652718,0.94996005,2.0832148,0.7819505,0.0997818,0.6860915,1.655322,0.15625085,0.13350508,0.51675284,0.30988142,0.9245177,0.8800805,0.39694065,1.1652075,1.2397711,2.1076312,0.79145736,1.9132813,3.1855848,1.1829469,1.0280496,0.35616878,2.6383648,0.84493977,0.7779242,0.45646408,0.19458733,1.3876119,1.8086573,0.67616904,0.23462433,4.753976,1.22807,0.42558292,1.7000313,0.49627292,0.010432841,0.81226426,1.5314937,0.22494318,1.5704299,1.1555091,0.53749573,1.6571119,1.3458434,0.007790006,0.1853007,0.40145555,1.1137507,0.52469367,0.0567056,0.8814296,0.9848575,2.797209,0.27989212,2.0659952,1.7330079,0.45118612,1.1377223,0.62143284,0.4432583,0.22357737,3.2629936,0.63391024,5.8304186,0.55998605,2.8167593,1.2330389,2.912437,0.335591,2.2208006,0.77415437,0.3375327,0.013255332,0.45982796,0.646174,0.24683961,2.1122024,0.20798753,0.0015917183,1.6407084,0.45964408,0.27275756,1.1191593,0.92349297,0.059882015,1.1186758,0.76031584,0.05576996,0.28773257,0.9528004,0.052468576,0.98726356,0.8616479,0.00801936,0.32854846,1.4389508,0.57630724,0.22608535,0.12375631,1.3939061,2.9350872,0.20276333,0.5721163,1.0711687,0.6722936,1.0673552,0.107527144,0.037217736,0.36758107,0.9813558,1.1581477,1.9098716,1.0249256,0.12148383,0.0,0.9387629,2.499321,1.4754419,0.28262606,0.8118137,0.7158592,1.5166093,0.5400581,0.51123047,0.5530543,0.6599544,1.2643532,0.04035384,0.49379495,0.5339548,1.9169031,4.0924625,0.39762902,1.8898013,0.07405785,0.3222537,0.0,1.7884567,1.4034894,1.5006835,0.66911066,0.51764536,all_pothole_images\pothole_images_optimized_image_243.jpg
0.27311775,0.5626294,0.102033585,2.5528831,0.31208736,0.07324423,0.05603077,0.0064664246,0.14824429,0.037408274,0.21827456,0.036455117,0.5794917,1.4129277,0.0095938835,0.1730699,0.22981119,1.7969368,0.6895237,0.2946217,0.36221948,0.0071504065,1.4429526,1.7460842,0.5394874,0.106570505,0.5166529,1.4138582,0.037357286,0.077565715,0.108187534,0.07948985,0.020205123,1.9487149,0.41498572,0.6774506,0.084326625,0.18496935,0.16568409,0.0016394675,0.05251979,0.6339015,0.29476392,0.10308547,0.0020521046,0.04446758,0.4934011,0.59423405,0.5658869,0.57867426,0.30191222,0.5241862,0.501417,0.12272213,0.24729717,0.104888506,0.09541206,0.1982745,0.7187986,0.14274578,0.67436963,0.18065986,0.20461063,0.63499993,2.1237571,0.4824234,0.682055,0.13161623,0.05460604,0.22079106,0.5443527,0.051409896,0.18422922,0.031475436,0.87291163,0.009384719,0.59435,0.30215096,0.12418443,0.17013149,0.022745235,0.07555242,0.583356,0.28526443,0.33910182,0.02185007,0.15906043,0.020458087,0.26230943,0.1343024,1.1625098,0.30008316,0.100431964,0.68281084,0.76060915,0.27619818,0.664166,1.6713394,0.0,0.19544445,0.1273294,0.5575209,0.0356305,0.3413353,1.9439538,0.27098972,0.62820214,0.5657548,0.4094827,1.3248074,0.23138015,0.2820645,0.025747497,1.1532456,0.18321139,0.021410221,0.27296144,0.039526355,1.306383,0.12192777,0.4151175,0.2006862,0.27976537,0.9406008,0.2655591,0.2438981,0.0,0.3681593,0.09664617,0.38073534,0.5225151,0.08958369,0.0,0.06728532,0.11503005,0.24885371,0.3096746,0.08279161,0.06265897,0.10961705,0.28790268,0.033901878,0.7998254,1.1042587,0.038381144,0.8307506,0.04975387,0.026516076,0.0051849335,0.015112593,0.123602785,0.52443564,0.03622856,0.03564987,0.4743748,0.82502633,0.3451285,0.6537836,0.2585427,0.854638,1.3384465,1.4336488,0.17482023,0.8883276,0.57487875,0.027286876,0.24237382,0.07141067,0.56923205,3.487196,0.19648255,0.2344119,0.05668024,0.011220717,0.03061491,0.91514117,0.30767372,0.015664518,0.68407625,0.48430726,0.0,1.266867,0.06406299,0.5223761,2.4422357,0.52771145,0.05156063,0.020593364,0.65528995,0.49152592,0.18603733,0.29929426,1.8254671,1.115226,0.671361,0.12163964,2.6626506,1.029957,0.71947944,0.0,0.14271338,0.8426794,0.11206688,0.28288987,0.11463932,0.7180225,0.95202154,0.037834167,1.0549103,1.9003797,0.11942982,0.2210686,0.08170463,0.013608803,0.4020821,0.27993163,0.78879726,0.4265178,0.6255572,0.07826932,0.74806803,0.17769895,0.9828078,0.22654992,0.0065815616,0.0,0.44801116,0.18952256,3.112312,0.23552108,0.02072417,0.2832852,0.23219149,0.14927952,0.29972535,0.1655872,0.53148276,0.22219528,0.20761906,0.07186063,0.22691739,0.042689517,0.07121231,0.4227388,0.0065498264,0.15193217,0.7499077,0.7805459,0.96167535,4.1076274,0.46343526,0.081193894,0.0,0.007433448,0.11844181,0.4103056,0.50995594,0.39446247,0.0,1.7565136,1.1866993,0.40112337,0.3598503,0.7436168,0.006231328,0.29596364,0.3602761,0.6477567,0.6927193,0.88487715,0.25360417,0.20097761,0.9259852,0.3969812,0.46859616,1.5301821,0.88378525,0.08295928,0.47741562,0.054191455,0.006045433,0.26763892,1.0091591,0.061274838,0.07259969,0.31396452,0.58065987,0.0040809778,0.042904016,0.001587257,0.009556486,0.3674477,0.02590105,0.02448289,0.41925398,0.43633783,0.80209285,0.03660906,0.16268638,2.205546,0.48739895,0.60640043,0.12134894,0.0,2.171299,0.019901333,0.5154281,0.066666454,0.24966559,0.3695674,0.40964028,0.44285178,1.8841661,2.0446036,0.20522234,0.10307795,0.16065928,1.1894904,5.655589,0.34316355,1.0643622,0.24343836,0.20654961,0.6940484,0.29598132,0.37048152,0.63291,0.0,0.056812916,0.2045276,2.0077,0.20687015,0.118549004,0.58579415,0.044855118,0.0,1.6887219,0.21098258,0.619754,0.63560873,0.19255093,0.08304248,1.9241844,1.8201615,0.48363253,0.0,0.0948042,0.68814075,0.17610854,0.24690187,0.01220778,0.27618963,0.0066982033,0.62025666,0.107646324,0.38695145,0.005404652,0.63107276,0.14256497,0.23373163,2.0693536,2.6873887,0.5145682,0.0,0.0,0.00018116525,0.10319344,0.15713637,0.5902686,0.43626663,0.8291408,0.6296534,0.5576559,1.2800069,0.1599308,0.8414089,0.21064225,0.4519191,0.14840637,1.365071,1.0422019,0.038589787,0.00877171,0.8847047,0.19729291,0.48835385,1.0098227,0.04548044,0.119941555,0.10769718,0.035185125,0.39666435,0.09965939,0.50423485,1.1765596e-05,0.6992394,0.18422993,0.37887362,1.5138459,0.022033153,0.49943122,0.6604093,0.07680535,0.061379485,0.70186865,0.0,0.9738498,0.2292028,0.12682876,0.63467777,0.031679094,0.4676973,0.38671538,0.043870192,0.21039908,0.16046399,0.4247652,0.5938369,0.37427902,0.15029576,0.4827378,0.96809375,0.0,1.0645784,0.4796271,0.06680723,1.7871695,0.08743076,0.27205417,0.1683621,0.016826915,0.8088448,0.071775235,0.3492939,0.0,0.04008102,0.87798774,0.73081434,0.026147166,0.036847636,0.6208398,0.07471434,0.017296402,0.090840094,0.014436529,0.004386023,0.0049079396,0.40119657,1.1547875,1.8421565,3.7805555,0.42186433,0.21960601,0.12934363,0.17613973,1.0623816,0.0633471,0.01330017,0.06465931,0.3523839,2.9236002,0.5444138,0.7051857,0.72357696,0.068078935,0.3552412,0.45225334,0.025947008,0.21273811,0.0,1.2458701,1.1595881,0.015915563,0.16393854,0.12564287,0.6793079,0.025028113,0.44084573,0.052662767,0.009639973,0.31977844,0.6705917,0.245702,0.2721012,0.08474519,0.06036536,0.2532014,0.07553885,2.5948505,0.0,0.3762778,0.5024926,0.0,0.036156036,0.007055394,0.0036879042,0.08173191,0.021405648,0.016673708,0.20821552,0.3897167,1.0732858,0.06705863,0.5962574,0.55256724,1.5802338,1.5656943,0.7876358,0.016016347,0.73869586,0.0041077575,0.16977553,all_pothole_images\pothole_images_optimized_image_244.jpg
0.19628412,0.50624955,0.16927582,2.0718482,0.27436516,0.4733576,0.6853877,0.2588694,0.2284644,1.1525648,0.24165142,0.4486485,0.40546867,0.6879357,0.096752726,0.9481467,0.07883178,0.055008054,0.67284733,0.022140512,0.7616658,2.1898084,0.3889871,0.15584601,1.0111693,0.54089123,0.08058856,2.4870908,0.41438216,0.093978845,0.95304734,0.1927686,0.1271163,0.2268099,0.39512828,0.33943725,0.5127943,1.5379897,0.262508,0.9606451,0.013651468,0.04098583,1.5481999,2.1583803,0.999123,0.052633177,0.07374129,0.19802661,0.34649977,0.7731786,0.17626356,0.38292506,0.2897311,1.0759164,0.018522771,1.2017399,1.7303967,0.0,0.60977703,0.16899757,0.10916007,0.75600445,0.6165636,0.39566386,2.0585299,2.4027455,0.70089245,0.01487829,1.5192192,0.38318613,0.89819187,0.05873785,0.0,0.112883106,1.0616953,0.31117597,0.0,0.34660238,0.21682893,0.8884562,0.017209897,0.3035191,0.28029028,1.1802647,0.70816875,0.4141421,0.3188629,0.2898285,2.2117858,0.495885,0.3300675,1.3443629,0.08577874,0.20486084,0.7627713,0.0,1.5792521,0.17611441,0.7220743,0.69902754,0.015594079,2.3559518,0.048661813,0.18205397,1.360173,0.27007166,0.10128131,0.39827603,0.079085425,0.5206685,0.3610853,1.8239269,0.15437526,0.056126457,0.5439431,0.047200534,2.0913527,0.1968548,2.8725462,1.5821311,1.9134113,0.5143766,0.6384581,1.1510005,0.9421093,0.32578835,0.31009334,1.387799,2.3552663,0.07654535,0.31213874,0.1341165,0.088104166,0.19691922,0.020660259,0.75163335,0.12229539,1.1586032,0.41473687,0.0,0.55784935,0.37999508,0.059465747,0.4070421,0.046102922,1.5423044,0.04783527,0.49870142,0.28023735,0.2561462,0.22637409,0.07176543,0.28667778,0.010838633,1.0560327,0.14373697,0.35162726,0.0,1.381593,0.76151055,0.6353003,0.6795047,0.40048835,2.969582,0.09882768,0.7857359,1.5366604,0.16683543,1.668633,0.29199174,0.0072803497,0.22382939,0.020285342,0.00043932733,0.57798827,0.24359353,0.07284061,0.5561419,0.14923297,0.7238296,0.30471614,1.0550244,1.2468928,0.5087376,1.6419342,0.15496224,0.062156115,0.94288945,0.3061595,1.1673131,0.10146125,0.4619619,0.0,1.3566713,0.0053062765,0.0,0.48738798,0.881316,0.28273067,0.9232887,0.5841377,0.82100993,1.064157,0.8089401,0.72906494,0.09592235,0.39955038,0.7313479,0.8965531,0.6969763,0.006511847,0.0,0.6305331,0.8089333,1.0067828,2.7735722,0.48139688,0.18192522,1.0654467,0.55783576,0.4771102,0.3868585,0.1403166,0.39391974,0.12339645,0.5244373,2.7351403,0.6048703,0.33058676,0.29920614,0.53077465,0.2575103,0.32451192,0.2657655,1.003746,0.1377982,1.8127946,0.03570407,0.0032327776,0.5253882,0.26766554,0.0045340527,0.82891035,0.83967376,0.18402675,0.0630348,0.8955659,0.681498,0.827029,2.9440973,2.8618188,0.0,0.6046977,0.055193998,0.23592557,0.06871318,1.3127383,0.18313983,0.43936157,3.440123,0.05539975,0.0,0.28883368,0.30271968,0.8933792,0.41829395,0.05317681,0.27801538,0.82817876,1.0073985,0.3458475,0.11894964,0.32789806,0.14997964,0.57072794,0.4843581,0.3298687,0.37741312,0.0018059101,0.43460262,1.0454724,0.26570237,0.0012815495,1.2952305,0.84208786,1.0861943,0.9867695,0.3696677,1.8407272,0.89019215,0.13722995,0.083354585,0.34287074,1.6478984,0.20833082,0.051030334,0.025943806,2.405042,0.42002335,0.7034669,0.0765858,0.41057885,0.09734902,0.42258534,5.063709,0.4617907,0.36626574,0.50087255,0.37972316,0.35841796,0.4480266,2.4689121,3.5268395,0.5657674,0.28142396,1.4904634,0.00040077543,0.57157266,1.6281556,0.7427102,0.92436576,0.18671922,0.048881274,0.56808627,0.8576384,1.4655976,0.3590234,0.0,0.78738075,0.16377538,2.6250064,0.34967485,0.53562045,0.013484524,0.0019500777,0.12026087,0.9263617,0.6511429,0.46560332,0.064886644,0.81996465,0.07636818,1.5156865,0.3350095,0.41931736,0.0,0.5699207,0.42418402,0.53910226,0.18904981,0.54336095,0.2607123,0.3726752,0.6801031,0.20426649,0.12772934,0.29936394,1.6635427,1.1000721,0.34883523,0.035303973,0.1848475,0.775908,0.2328084,0.058352407,0.10855741,2.5708113,0.68973523,0.04089384,0.52538425,1.3157554,0.33648735,0.033097424,0.18296677,0.3905154,1.6371083,0.09064275,0.28035557,0.23773283,0.3738892,0.012166826,0.0,0.69077617,0.6278254,3.1195602,1.8492297,1.0617418,0.0,0.23248859,1.2328025,0.71970344,0.40382427,0.0070056925,0.10618629,0.0815947,0.0581797,2.2911172,0.0,0.15752259,0.05052371,4.6052165,0.058357295,0.3107144,0.506862,0.8423591,0.04166383,0.025421398,0.14168115,0.49584988,0.011888701,0.28538784,0.56115866,0.2102269,0.15889736,0.02503027,0.2339641,0.6005079,0.3833953,0.5660352,0.028630309,2.2369106,0.7253065,0.7122041,2.988423,2.3367457,0.037758484,0.41746897,0.88973624,0.34370843,1.3989905,0.53043264,0.6688398,0.75425196,0.37517154,0.08389455,2.3466177,0.26423654,0.36825004,0.27903816,0.64305997,0.53687084,0.44392297,0.441148,0.8559245,0.72778606,0.14332245,1.5253267,0.124091975,0.22228916,0.018732026,0.65939873,0.92671996,0.056571074,0.4759519,1.673815,2.1991875,0.6762054,0.8519611,0.8823597,1.07172,0.41232482,0.7042608,0.46024898,0.026555773,1.0394322,0.4535,0.23553784,0.0070189256,1.0015934,0.7436703,0.4821609,0.7742808,0.50446045,0.96175134,1.4555336,0.7481056,0.3246032,1.6426611,0.079576306,0.24021888,0.38696867,4.416435,0.9836734,0.15846805,0.0,0.75370914,1.7649293,0.1985314,0.20637442,0.16255493,2.0576587,0.9049724,0.322727,0.04619664,0.092169456,0.39447254,0.03002512,0.60865873,0.111849956,0.54433054,0.017707018,5.442415,0.5050774,0.096671104,1.2251629,1.3124381,0.0037179273,1.0113857,0.8689472,0.9227773,0.090368725,0.42657346,all_pothole_images\pothole_images_optimized_image_245.jpg
1.0981753,0.5148497,0.44042662,1.1144564,0.79295194,0.30244067,0.49936187,0.5066385,0.23497368,0.77500975,0.29520044,0.84548146,0.37296414,0.26804212,0.032576863,0.938839,0.28409618,0.090303816,0.013230517,0.28373146,1.0840482,1.8191324,0.3916489,1.0299729,0.9445676,0.7719457,0.0,1.5757891,0.01134301,0.3495025,0.1768021,0.3439943,0.39510536,2.0362232,0.024516346,1.5929372,0.116727926,0.36334705,0.16232157,0.5743468,0.3073753,0.08293362,0.3960162,0.2513439,0.95218897,0.5945801,0.15844385,0.0023251835,1.7337023,0.9898927,0.46192694,0.074899495,0.33223557,0.28186968,0.051190186,1.473839,1.8589845,0.025291428,1.0569721,0.55986404,0.10108309,0.08191833,0.47353542,1.0791664,1.1333307,2.3519108,0.20242484,0.1879157,1.8821576,0.057748783,0.17048864,0.53462976,0.47156933,0.28315967,0.21043864,0.5314971,0.04658769,0.11921528,0.0050696908,0.023033071,0.032469574,0.4790038,0.8958151,0.9141531,0.6852599,0.63856107,0.3174287,1.2786094,1.5968359,1.0864598,0.065148905,0.5199786,0.10306524,0.647861,0.93145907,0.26737648,0.32145885,0.87650937,1.0441269,0.039346006,0.12025354,1.1580155,1.3958168,0.0,0.09732419,0.073537335,0.91342026,1.8286033,0.26038325,0.3218266,0.0,1.5211173,0.64167285,2.0721076,0.3540385,0.8960005,1.4165457,0.21444805,2.3688374,1.8829557,0.70297366,0.32451114,0.38435227,0.23802322,0.43310833,1.2846947,0.27887228,0.19957761,0.6268175,0.005594079,0.53117067,0.40372673,0.6458645,0.53551006,0.43539497,1.2777618,0.0104644345,0.51829433,0.7058029,0.3316815,0.0071358033,0.998897,0.21627443,0.73080355,0.09474752,1.0907824,0.0024083147,0.41510144,0.39235476,0.66890794,0.27583617,0.36368638,0.61434835,0.09099907,1.7186815,1.0476322,0.7567958,0.3385465,1.457507,0.52001965,0.24524938,1.6190842,0.054877065,2.2932658,0.11533195,0.7889642,0.20852181,0.048565213,3.8262527,0.65019006,0.07676816,0.3102871,0.0,0.002993737,1.0861968,0.56136495,0.16834643,0.03749149,0.06866691,0.34259224,0.0,1.8096565,1.4304667,1.8945401,1.5246459,1.8375478,0.009040754,1.1879231,1.8239625,0.52516073,0.00874602,0.09798445,0.0069233277,1.7070208,0.85556626,0.35918838,1.4860913,0.379197,0.04010705,0.28174096,0.6306517,0.8425632,0.5992954,0.8319041,3.8771994,1.1347866,0.97602206,0.35306334,2.3096871,0.64807755,0.0,0.51621985,0.4092952,0.20758542,1.1248246,1.3571332,0.13941348,0.45463568,0.6009468,0.2391805,0.56853086,1.7400249,0.79711735,0.6821706,0.0,0.48406467,0.8868632,0.19980182,2.1946898,0.412787,0.3204484,0.3361562,0.39166477,0.26967183,0.19024795,0.28161374,1.8491572,0.044242688,0.1796029,0.6944541,1.3718741,0.70667136,0.07243771,0.14043097,0.34217727,0.1540744,1.4978639,0.6681387,1.1851039,4.1021605,0.90492254,0.7963207,0.47230372,0.11702774,0.0,0.1795866,0.8956207,0.5746083,0.18793306,3.0219882,0.05761162,0.12185032,1.2504659,0.8797492,0.5309644,0.15793353,0.06691699,0.17616895,1.8065058,0.026061887,0.042158682,0.0,0.47792956,0.35019574,1.6237923,1.1713603,0.47069082,0.191689,0.3150263,1.08249,0.30650055,1.0999326,0.35527158,0.1479416,0.10204233,1.0090815,1.0739211,0.038678054,0.42165285,0.7345914,0.16294448,0.036677312,0.06361028,1.5103955,0.07248618,0.023090385,0.09371386,2.1265533,0.6340001,0.8476623,0.29307163,0.99217284,0.08809482,0.3058282,4.55256,1.1260011,0.0029536218,0.10896036,0.054294452,0.6316585,0.13680352,0.07318911,3.514906,2.7867453,0.3197561,0.2225634,0.2571278,0.892675,2.4719515,1.2076712,1.7926079,0.1051192,0.044821154,0.34325102,0.2271526,0.33000442,0.5989662,0.35817948,0.99284405,0.20845486,2.4696689,0.25827906,0.0,0.00525775,0.0034909984,0.07203545,0.8234013,0.051743127,0.28815225,0.6019617,0.28200504,0.9982483,2.5153117,0.037415948,0.4477511,1.1197488,0.7720153,0.09125453,0.027047697,0.19343765,0.3898278,1.2097667,0.035488594,0.43733704,0.49759775,0.16082977,0.14580937,1.0392877,1.1444433,1.9554491,0.13354176,0.23491734,1.194698,0.2788729,0.096018754,0.15217088,1.3380836,0.041461788,0.27164748,0.24474993,0.73757184,0.0,0.7150847,0.04190073,0.08378931,0.3994972,0.18838201,0.07886598,0.60518277,0.13827835,0.21521196,0.2721372,0.059569445,0.26126522,3.286088,1.6465286,1.7408683,0.0,0.28386313,0.6564577,0.022229142,1.6201558,0.59529877,0.2157795,0.0,0.5219567,0.28847873,0.5714586,0.5179926,0.716952,3.4917502,0.56213146,0.48487976,0.05116302,0.28065482,0.3398773,1.0857489,1.1246693,0.7718412,0.55319405,0.9716571,0.807584,0.12921743,0.47385088,0.42216802,0.39694214,0.44276175,0.79806095,1.059455,0.54970384,1.1470436,0.5670845,0.995145,0.8798895,1.8661346,0.028725054,0.8148547,1.2664129,0.7211431,0.77285665,1.2975351,0.19335559,0.92659366,0.60486513,0.026319075,2.5873544,1.2037909,0.7863849,0.012123187,1.1945415,0.23211443,0.9372775,0.25061134,0.32182977,0.07906907,0.14444204,0.17547686,0.5766914,0.0918542,0.9150994,1.6316803,0.6414719,0.68275154,1.4013835,1.6246814,1.1454968,0.6155927,1.003802,0.84972125,1.5641683,0.5966386,0.88628244,1.335189,0.15989427,0.52303743,0.30803248,0.013097077,0.07659745,0.042676996,0.24644232,0.42771873,0.5632351,0.042005416,0.20385894,0.7235003,0.0022856519,0.62067795,0.6921893,0.2196132,0.08729121,0.03276835,3.1393433,1.5760392,0.03785455,0.037982322,0.62608635,0.3284995,0.8445034,1.6409922,0.16249147,1.5455776,1.2694005,0.12426613,0.14505017,0.2669475,0.00036079957,0.021176048,0.17355584,0.034841117,0.18724585,0.6356784,4.5264015,0.36714604,0.00030797606,0.4142459,1.1184946,0.0037583283,0.51519966,1.5997685,0.6800032,0.84341866,0.42460465,all_pothole_images\pothole_images_optimized_image_246.jpg
0.17730696,1.5319313,0.34528738,2.7986374,0.63233393,0.8527547,1.4470887,0.3132106,0.34774932,0.3071723,0.75268537,0.9001228,0.3214429,2.8613923,0.015778663,1.537944,0.34812358,0.14284277,0.834295,0.8135013,0.031654347,1.2261595,2.060648,1.727738,0.79923326,0.4910094,0.818715,2.0188282,0.38219455,0.06972389,0.8970434,0.21910137,0.29125157,0.8572407,1.1027772,0.15443432,0.3082316,0.12689206,0.2435716,1.3328218,0.0,0.23059747,0.60589314,1.9150355,1.6562686,0.35844642,0.039426103,0.027104985,1.1727188,0.55895245,0.12418702,0.5971856,0.19246688,0.6328402,0.058794323,1.4317517,2.1531708,0.8624934,0.081853606,0.5952905,0.026491888,0.92200655,3.0781984,1.3104874,1.8580854,0.6296057,1.6963818,0.6479497,0.5784207,0.5215666,2.3724763,0.8617949,1.0285314,0.02385638,0.8108915,1.5861633,0.37097454,0.29056603,0.057552997,1.2634025,0.042064704,2.199804,0.16661221,2.0523355,0.8626255,0.32205638,1.8491503,0.5267422,1.3889645,2.0767531,0.05088886,2.6060066,0.44158655,1.364698,0.3184792,0.6658493,0.09088987,0.8956218,1.6228741,0.89689684,0.270954,1.2814224,0.7795601,0.3968423,1.0033451,0.29514062,3.2779784,0.4726169,0.6539918,0.45660415,0.3785782,1.492219,0.8984229,1.0301074,0.91638803,0.33349386,0.11991537,0.78331053,0.6027177,0.3034254,3.102587,1.2345984,0.17355597,0.32127836,2.7007134,3.0270085,0.1275216,0.17794795,0.391834,0.05027107,0.44134423,0.3548818,0.999833,2.6568348,0.2653748,0.24051186,0.9055993,2.3057013,0.8126338,0.34056908,0.5998343,1.1156011,0.034557592,0.6013503,0.668337,0.95543313,0.93142664,0.056862753,1.4393585,0.13467935,0.16633224,0.61341345,0.67878175,0.10497126,1.2467006,0.27569172,1.9586717,0.49612153,0.38772035,0.2810683,1.2856467,0.34131053,1.5105349,5.329849,3.702464,0.1347467,3.0916467,0.1459498,1.727213,0.27009103,0.54452485,0.14635962,0.6157327,0.6578169,1.9347862,0.3095285,1.0937718,2.2270846,0.029310957,0.54223377,0.8762831,1.7261075,0.7279789,0.3020074,0.6524207,0.8457322,1.8725923,0.4499986,0.20975854,1.8427105,0.3106109,2.4412446,0.10209071,1.3515357,0.2537756,0.631722,0.43032372,0.4494563,0.11052875,0.95592046,1.1814314,1.130127,1.3543347,0.17584293,0.7680462,0.49904594,0.18026194,0.018346716,1.7181692,0.70448685,0.88206387,1.150857,0.31079462,0.5134726,0.8014547,0.30533046,0.59741527,0.057081476,0.8993857,0.39721513,1.3484684,0.20210257,1.1494912,0.22143002,0.57689095,1.9611211,0.55164474,1.2963146,3.1985748,1.9480876,0.6479696,0.21067634,0.66642666,0.26219505,0.001206049,2.4772327,1.000416,0.36817792,0.007970015,1.1151725,0.5240823,0.589074,0.55559564,0.41919994,0.04455171,0.5018916,0.37472025,0.019981889,0.57518697,3.2109568,0.9272871,0.1739207,0.41819987,0.22042993,0.5516652,0.14943296,0.9371049,0.6710421,0.40183616,1.2635326,0.34934008,0.13290173,0.35012925,0.18387018,0.37623814,0.31524402,0.13556765,1.6550599,2.2246196,0.05205528,0.22994223,0.050054938,0.7912163,0.18438374,0.6889138,1.4677625,2.0299053,2.4847128,0.07944013,0.6633932,0.3653819,2.3074389,0.5947606,1.507132,1.9051427,1.3594803,1.9103708,0.8486321,1.0307425,0.69924223,0.62710506,0.65559167,0.25017205,2.407474,0.6120203,0.27981898,0.30561757,1.3771368,1.0516926,0.8417323,0.7825451,1.1375253,0.033856865,0.0896364,5.8104367,0.3266066,1.1469631,0.04832521,0.58618164,1.8932208,0.026865974,0.50615,2.9084373,0.39722458,0.34102046,1.0389869,0.12845916,0.19474734,0.68872476,0.26608968,0.6281166,0.2822105,0.6487484,0.6594043,0.47441152,0.67790437,0.98989713,0.9612651,1.5181841,0.5671318,1.5559485,0.40506497,0.35441628,0.24052125,0.28548655,0.118936494,0.33090043,0.15716694,1.7517235,0.22093976,0.47458732,2.394491,0.477165,0.54830587,0.3249607,0.047966022,0.4282249,0.117068894,0.015761726,0.44151992,0.3132685,0.52579904,0.101416945,1.4082466,0.6407164,0.016376626,1.4806412,0.4916816,1.2308731,0.04297099,0.11238169,4.9997163,0.1028281,0.04064369,0.063350804,0.11755582,1.7277089,0.8159343,0.2825624,2.1611097,0.4693198,0.8526351,0.18905182,1.8135076,0.09580684,0.631647,0.14714469,0.432221,1.0183222,1.5074883,0.7458041,0.4954668,0.8467141,0.62670106,1.1184572,0.8377698,2.2779665,0.7064497,1.4038192,1.400503,1.0139599,0.32852408,0.6604895,0.35787237,0.011763343,0.8029661,0.7976036,0.5934922,0.057447005,0.027900474,1.1948221,2.480982,0.11565833,1.3329836,0.114923686,0.45196253,0.085546434,1.1887262,0.3309605,1.324588,0.2747358,0.84407383,0.2636871,0.17355986,0.9689306,0.73915833,1.0978601,0.40963528,0.6284706,1.4818095,0.91098875,0.25198516,2.4043374,1.3750325,3.6150684,0.35724258,1.3029494,0.28897202,0.5557608,0.89195544,4.599282,0.34458444,0.7390121,0.7439389,0.012343264,1.5960615,0.9013243,0.2482281,0.1751901,1.366684,0.7802206,0.40558958,0.050504815,0.26141167,0.092421316,0.3229539,0.77007,1.0510378,0.9223485,1.8270556,1.2955978,0.009460755,0.727654,0.13848339,1.405943,0.9337837,2.5276132,0.09114056,0.70411104,0.19078106,0.3539344,0.30647704,0.09433535,0.5343101,0.8528502,0.32166627,0.82527393,0.6367737,0.46909568,1.4110994,1.6335196,0.17311901,2.8252237,0.08927822,0.45974714,0.82997763,1.0010698,0.48650804,0.03649927,0.13499731,0.22410269,2.7455344,0.45884064,0.009530711,0.1184387,1.827107,0.4197524,1.1397035,0.3789746,0.41905585,1.0279549,0.727197,0.13677222,0.08613529,0.058823016,0.07679234,0.072510384,0.08613276,0.90733665,2.4361117,0.20912707,1.8487648,1.2689968,0.031935,1.9324979,0.9759795,0.08237856,2.1431918,0.21564735,0.0522766,1.8914411,0.2807947,all_pothole_images\pothole_images_optimized_image_247.jpg
0.54121065,1.1916287,0.88136756,1.3456025,2.0950847,0.8290733,1.5318227,0.05440794,0.08193078,0.265008,0.2612587,1.1806188,0.34041315,4.5458345,0.90878916,0.10965363,0.19396995,0.50102,1.7892733,0.23200397,0.32602283,0.9524442,1.5756634,1.4179709,1.0136691,0.26375222,2.0476913,1.5934937,1.6985285,0.78991556,1.0182332,0.40150756,0.45291698,0.21156493,1.2993953,0.19867441,1.6200981,2.7599401,0.03261778,0.42298764,0.60559005,0.35797045,1.7203858,3.1626687,0.23254703,1.5070361,0.7513489,0.26936835,0.6390915,0.89497656,2.21042,2.11723,0.10193845,0.4965181,0.365063,1.1643051,1.3745149,0.11514198,1.4168243,0.65696305,0.19098386,1.4029675,1.7217242,0.35786113,1.6915542,0.86776733,0.8545698,2.0532987,0.18147954,0.09960707,0.4661432,0.54711485,0.14448476,0.8878477,1.6970762,1.3637443,0.12719053,0.56420004,0.47779095,1.1762656,0.44041523,0.30288106,0.021840407,1.5338129,1.3817976,1.0973907,0.45593587,1.8325754,2.1598155,0.13074093,0.26804075,0.7189912,0.58253986,1.0390204,0.17273664,0.6827355,0.027001865,0.9898096,2.174303,1.5028142,1.3238395,1.1752553,0.34247035,1.4550223,0.28320682,1.0200875,0.8294681,2.4264178,0.052943647,0.61269987,0.42294797,2.6067834,0.9596442,0.33652905,2.0149083,0.74158967,1.2583195,0.26256222,1.0818543,1.8867933,1.8935905,0.50318015,1.2868016,1.8558922,0.916406,0.32036012,0.23094803,0.8278698,0.43003175,1.1444341,1.6557482,0.79218066,0.82294625,0.42183438,0.10031922,1.6583799,1.0812535,2.3909218,0.6887167,0.2632012,0.53785336,1.651474,1.277033,0.8025396,1.7430366,0.6978529,0.061085884,0.16458559,1.1965867,0.3831599,0.8689588,0.79999936,0.07851656,0.20859429,1.278961,0.40620282,0.6939466,1.050134,1.5603279,0.5104879,0.97329074,0.54418945,0.15027662,3.8536735,0.51081246,2.4578927,0.42273915,0.4916475,1.2533413,0.16949211,0.07458767,0.09033979,2.2286382,1.1850909,0.30713823,0.24451727,0.809223,1.0416896,0.039756116,0.71023065,1.579881,3.4239495,0.6401179,1.5436794,0.2881954,0.73468935,0.020551628,1.0610205,0.24922542,0.86845654,1.8332949,0.65865403,0.16455145,0.84668654,0.3223772,0.37393978,0.7772823,0.49075603,0.58480376,1.8865865,2.5351903,1.6057756,0.724226,0.72963244,0.4989258,0.79388475,0.62916666,0.26012427,0.4616664,0.56149215,0.9468354,0.39776292,0.7683668,1.2084546,3.3219187,1.1068133,1.2883315,0.6613322,0.65117157,0.014475056,0.7557753,0.04040973,1.0624592,0.74641985,1.3550218,0.68590516,2.698226,0.52720225,2.0964367,0.20097938,1.5692245,1.4624953,0.5564945,0.19661053,1.7360944,0.3071597,1.1434743,0.9760705,0.31120643,0.67354554,1.6614654,0.3387809,0.33289048,1.2130938,0.92690223,0.30227858,0.45433834,0.26449028,1.7110994,2.9311585,2.8236828,0.4077296,0.12506716,0.23791443,0.30124962,0.5755821,0.72935766,0.49195433,0.24810843,2.8831823,2.2165294,2.6024592,0.2031514,0.8877483,0.95540845,0.22469057,0.36769295,0.8164729,0.47735626,1.2604549,0.2246418,0.66478914,0.17603265,0.014528499,1.5814037,0.9963167,0.0,0.66100824,0.4287654,0.61096704,0.5488758,1.6796663,0.9761223,0.59435844,1.4244817,0.5413739,1.1540232,0.39150944,2.0848806,0.29489312,0.51514983,0.27334484,0.38451847,0.90523654,0.5642458,0.6029349,1.456821,0.9516743,0.12731959,1.426313,0.33124977,0.3625047,0.30185968,0.71838427,4.217037,0.74448,0.74367094,0.29015678,2.301009,0.6979307,1.5898306,0.45093784,2.170045,1.2388544,0.5110715,2.087242,0.10095916,2.0175545,3.4869103,0.46761823,0.6206315,0.6001688,0.037353024,1.199139,0.44697624,0.57673484,0.81677973,0.7050533,0.4362466,0.1659918,1.1154459,1.6648198,0.120427735,1.5761436,0.9375364,2.179654,1.6797688,1.5340987,1.3669252,0.5729392,1.1221145,1.3975302,0.5542972,0.5347337,0.15313956,0.9896772,0.98136586,0.44657022,0.034269895,1.986533,0.5779667,0.38724855,0.78396404,0.14923944,0.07418543,0.02697215,0.4849642,0.8604383,0.75837564,0.10598476,0.8638453,0.8351237,0.24813299,0.26965043,0.17867656,0.14898911,0.56338674,1.415913,0.6711144,1.1254842,0.8133933,1.9311265,0.10184041,2.0400212,0.6883159,1.1126117,1.0776095,0.46376348,0.99760616,1.2812191,0.6210749,0.3186849,0.5497452,0.5678184,1.3616343,1.351154,2.2579114,1.0578161,0.8222777,0.30147022,1.0061779,0.35764113,0.45668244,1.4534497,0.28551424,0.49586463,1.994565,0.29429543,1.0966147,0.002677848,2.0395882,0.71374965,0.76526666,1.8767716,0.62531674,0.0,0.56950754,0.8387862,0.8759032,0.481072,0.7647797,0.47630084,0.35359293,1.3720769,0.8046628,0.5814611,0.51472837,0.6705717,0.12646212,0.02076885,1.8858588,0.60876334,2.022146,1.7473019,2.038986,2.1711042,0.6779855,0.6341792,1.967384,1.0558474,0.24840888,1.4893602,1.603645,1.8484819,0.104494415,1.9473736,1.2386763,1.4098151,0.13117073,0.6198701,1.1752987,0.07204811,0.07747386,0.15326896,0.096025914,0.42731768,1.5444885,0.34642607,0.13204663,0.58425903,1.3610114,0.43572453,1.406174,0.17603067,0.8939953,0.15140301,3.2425425,0.086520866,0.8501722,1.1286772,0.85094744,0.29835933,0.77859855,0.30771574,0.46891004,0.9713301,0.92659444,1.0367805,1.2817358,1.4333013,0.8517126,0.1831906,0.94593084,0.22771664,0.5445021,1.2509934,0.073991016,1.7323972,1.1273017,0.1963304,0.99294543,1.5034262,0.7668442,1.6249255,0.13179922,0.97760606,0.6234651,0.30873957,1.6250281,1.5375673,0.5189561,0.12612292,1.0708336,0.051727913,0.9789865,0.9720264,0.2874073,0.15159743,0.23432136,0.39009336,3.2894924,3.120201,0.16401976,0.54908395,1.211689,0.6711197,0.10642275,1.4610842,0.17821859,0.55685633,0.06678195,0.7438984,all_pothole_images\pothole_images_optimized_image_248.jpg
1.5707315,1.6456345,0.40310404,2.7294312,1.4404252,0.54736656,0.16177778,0.0,0.34855995,1.3290442,0.1697033,0.684699,0.21882212,1.6133571,0.08870879,0.5997178,0.21740474,0.034740984,0.805478,0.05176298,1.0291574,2.3405085,0.9318057,1.5228431,2.1825666,0.2693303,0.0,2.2126708,0.011797362,0.6344181,0.79686135,0.19955222,0.5313507,0.8527309,0.34678918,1.3678942,0.72214764,1.2605327,0.105375014,0.76824456,0.6696707,0.068000115,0.50631994,0.26812762,0.71412706,1.1227375,0.38728958,0.0,1.2440473,1.0643381,0.5332744,0.27623913,0.332574,0.036727857,0.080220014,1.9331487,0.66422635,0.13428058,0.7642062,0.018886065,0.06290027,0.62322474,0.37808904,0.12094029,1.105561,1.8852531,0.7315949,0.17004327,2.175987,0.3188163,0.67307895,0.027195638,0.49555168,0.812293,1.136831,0.8662814,0.10411997,0.143679,0.5147969,0.48878676,0.008661954,0.11516069,0.27243537,0.38109517,1.6743672,0.60434675,0.052856263,0.24226786,2.5011396,1.008807,0.5024017,0.41116348,0.0,1.1291147,0.1976059,0.16291042,0.87683934,0.5742727,0.0027698344,0.20422594,0.6895266,1.9723909,0.17804073,0.4259561,1.470809,0.49775726,0.08387458,1.0869949,0.011515284,0.4342639,0.0,2.6152377,0.3503346,0.98398435,0.9121058,0.092313044,1.180067,0.23954597,2.4513483,1.8580403,2.8156462,0.4695478,0.22173147,1.6465323,0.26614645,0.9850249,0.1880759,3.7639303,0.3894559,0.6352001,0.34722164,0.0,0.19172224,0.1250705,0.39934096,1.6048658,0.4289368,1.7711452,0.4476427,0.033311117,0.21483453,0.5279548,0.28495672,0.97801214,0.013487005,1.1344465,0.0012272468,0.063263364,0.43577856,0.3272248,0.6359868,1.1043162,0.31020477,0.099526815,1.8081315,0.5463916,1.0063109,0.7527836,1.4065415,0.5622174,2.505725,0.85831404,0.48656848,2.128098,0.41678113,1.5855709,1.0878108,0.023251336,3.0497236,0.72792596,0.27535006,0.21013507,0.0,0.44652724,1.164594,0.68808067,0.24251617,0.03720731,0.029273003,0.13384913,0.047628514,1.0554451,0.39846006,2.4903681,1.4170563,1.3561952,0.38158372,0.27565628,0.591287,0.883594,0.09745357,0.75885755,0.29416442,2.3286293,0.20168339,1.2960484,1.2678945,1.9043837,0.22434288,0.7068727,1.2629867,1.1874574,0.29118186,1.0620652,2.464224,0.37862217,0.6180125,0.19451109,1.8357307,0.8009024,0.09431576,0.046279278,0.4735452,0.9352023,1.5059993,1.2759196,0.73998755,0.09369879,1.074338,0.18993412,0.16392933,1.2846334,1.4192979,0.75373256,0.08491919,0.014500945,1.5904619,0.22047871,1.0200167,0.06366209,0.02589637,0.2511496,1.3708645,0.439524,0.17794928,0.0001307452,2.1076784,0.31771624,0.06868501,0.29023373,0.5274321,0.25503677,0.25616062,0.68950105,0.5702158,0.00630758,0.8979443,1.0840876,0.5872613,3.7861128,0.9469935,0.5212565,1.0472808,0.22261792,0.21150681,0.1505968,0.67146254,0.36281094,0.82377154,2.4850667,0.76749116,0.1481321,0.13609806,0.45540965,0.034185633,0.47664928,0.6237469,0.3908491,0.51246816,1.2707963,0.0767068,0.06960999,0.22910811,0.04576589,1.1485758,0.76678795,1.0484003,0.3713394,0.76919985,1.2375218,0.0,0.7361982,0.80690265,1.2154273,0.87961525,1.6287358,1.1045897,0.26369613,0.37119097,0.47335196,0.07030145,0.30617502,0.11960765,1.4848994,0.5653372,0.06507868,1.0121858,2.254287,0.1354074,1.5437495,0.54556817,0.90809083,0.08372958,0.5234468,2.5293093,0.2670633,0.387199,0.9643959,0.4657873,0.0022781314,1.1015403,1.1462541,5.0417147,1.1728277,0.0855426,0.41857937,0.02382409,1.758867,1.6926917,0.11004595,1.8616033,0.009509892,0.17879152,0.9354711,0.46293017,0.8134169,0.10663525,0.121593826,0.23282981,0.48250774,2.1057067,0.18238385,0.19585784,0.0,0.041724954,0.61986285,0.0,0.10347295,0.8211104,0.24829397,0.795777,0.27599847,1.7577277,0.06615093,0.2147175,0.26596227,0.9078046,0.26377422,0.68677574,0.41489023,0.050502844,1.3364238,0.16290219,0.37020436,0.17869708,0.37423757,0.2469433,3.5015132,1.6274529,1.9647951,0.4890388,0.22312307,1.5169609,0.15699033,0.121146105,1.0172261,1.5830383,0.1259991,0.91236603,1.2999102,1.9005952,0.706485,0.9276252,0.14502732,0.4568796,1.0456027,0.07761771,1.0097591,0.018886976,1.2274966,1.0372065,0.67816365,0.24505101,0.5100339,2.4712198,1.2757415,0.5520541,0.025947792,0.3568483,1.3681692,0.4371074,1.8719404,0.40915492,0.71993256,0.005884526,0.7648806,2.2888772,1.5524093,0.32754815,0.048730824,3.7504172,1.1594836,0.70555115,0.26614225,0.796915,0.12146052,0.2731285,0.68730175,0.00033207933,0.094848424,1.4131302,0.1370469,0.5642187,0.11636611,0.013979627,0.27858907,0.8632714,0.18942446,0.5203176,0.14792511,0.46225706,1.8481787,0.22615275,3.1921742,1.4341502,0.11665621,2.2452667,1.1219288,0.52126694,2.5606673,0.78709084,0.55723697,0.61683947,0.82148194,0.8668409,3.2906168,1.6218195,0.97067946,0.32775995,0.6987232,1.30524,0.4608851,0.4989968,0.2163053,0.57453674,0.0,0.33272704,0.061907418,1.4596112,1.1700451,0.9335755,0.98846245,1.872279,1.5239054,0.94676715,0.9637004,1.1274358,0.16018113,1.2189586,2.5066226,0.87127465,0.89066744,2.584826,0.28356144,0.7016622,0.6568194,0.698336,0.03219022,1.7663543,0.28455174,0.7723384,0.92516047,0.011004045,0.9842921,2.320308,0.15231542,0.5733794,2.9533517,0.39152923,0.217371,0.5691388,3.2333448,1.6161509,1.1136808,0.078285955,0.21307157,1.110709,0.51335055,2.3447642,0.026143458,1.6420591,0.8053754,0.30111918,0.027904814,0.7000688,0.007013413,0.16912842,0.38971367,0.73664093,0.6620011,0.32517663,5.298428,1.3990805,0.33062547,0.36320472,0.047106918,0.052902766,0.87956697,0.44243634,0.5759596,0.3878993,0.24731402,all_pothole_images\pothole_images_optimized_image_249.jpg
2.3378189,0.90606517,1.8441138,3.1134472,0.2423002,0.6958652,1.7021604,0.69560724,1.2547593,1.4433295,0.4336624,0.8440707,0.02261409,0.9846398,0.004434341,0.61460924,0.019096943,0.59690547,0.67447025,0.2930495,1.711455,0.6220358,0.031810306,0.89391375,0.21774876,0.09969626,0.22404628,0.015563342,0.11851938,1.7309847,1.3281907,0.45998737,0.8971859,2.9232545,0.27605978,0.14335752,1.3047551,2.2677512,1.8264499,0.26849663,0.029791012,0.013770277,0.72401357,0.1257121,0.8033466,0.4892713,1.7852443,0.0,0.23909748,0.42656893,2.5958881,2.5491877,0.90346354,0.2906403,2.2883844,0.13089539,0.26088458,0.14574613,0.9118373,0.044702686,0.32208434,1.3801111,0.0031828396,0.47120577,0.3093503,0.44245243,1.4325517,0.29640645,0.5416545,0.18926494,0.48959225,0.7744142,0.71436995,0.23830271,0.23335077,0.01879294,1.9933795,0.7356484,0.028795036,0.098004736,0.14105126,2.7339683,0.3794088,0.84485906,2.170935,1.62888,0.08981046,0.28582466,0.19011085,0.000791749,1.8122865,0.06482505,0.11497067,4.5123143,0.49560478,1.5449281,1.6993109,0.23050717,0.0,1.2349895,1.2051686,0.67451805,0.6796115,0.2262375,0.3636441,5.946137,0.24586381,0.0004673584,0.250468,0.31588712,0.029750692,1.5420243,0.1313066,2.4001625,0.061298996,0.0,0.55462074,0.0058694202,0.6552802,0.5319491,1.3109906,3.939329,0.0076048896,0.07711817,0.85807574,0.055039287,1.7411797,1.2878586,2.0072088,4.689946,1.4039872,0.33503264,0.7722483,0.27308053,1.1323125,0.3237021,0.4322846,0.26068205,0.46895194,0.3156112,2.0974243,0.9049625,0.4674715,0.6250334,3.3016388,0.17582005,0.38941097,2.0161288,0.28210726,1.3522996,0.018439338,4.618369,0.2714775,0.363584,0.99112153,0.007871803,0.73021173,0.42385358,0.0,0.24125321,1.0383484,0.2991834,0.93108225,1.1902701,1.6533449,0.9620984,1.0892261,0.18492214,0.054563966,1.1869565,0.39527696,0.7830471,0.17170845,0.3221431,2.5969343,0.76531166,0.15444946,0.0013981571,0.36371005,0.14067061,0.9607698,1.3105855,0.07496765,0.44998464,0.15403818,0.068121344,0.0027778551,1.7466239,0.029690484,1.0779812,1.021654,0.83633935,2.27557,1.0960082,0.0,1.1017814,0.26638326,1.2888017,1.7247361,0.15940657,0.30870944,3.0083487,1.1179703,0.8318676,0.086427815,0.3581375,2.3893406,0.14951168,3.1107955,0.11651691,0.8764578,0.5982215,0.98797977,0.49282163,0.13288213,2.0120945,1.8329129,0.11722887,0.051831808,0.12445841,0.0816021,0.48709893,0.61161363,0.31822067,1.3278117,0.36613166,0.43138948,0.13640068,0.22289373,0.089513406,1.2761697,0.18853143,0.37133196,0.16600323,0.12311368,0.07355534,0.8763059,1.5290395,0.23249933,1.4016786,0.15747318,0.23905191,1.9476763,0.45787716,0.44155952,0.13199225,0.065043345,0.11287608,1.8587519,2.9826243,0.32448187,1.1832885,0.18028921,0.40568143,0.24108209,2.2467735,0.1435358,0.24549486,0.57409155,0.08001384,4.0316396,2.0829945,0.29196736,0.6125481,0.11071291,0.76921314,0.22886142,2.7254765,0.519908,0.4760575,1.0866436,0.8573339,0.25221008,0.5885869,0.0,0.5745568,0.5916527,0.08939385,1.8586335,1.0152243,0.8527391,0.5364964,0.41662115,1.0146226,2.5542355,0.032553766,0.6589494,1.6917022,0.32702458,0.14529993,0.017331675,0.14093108,0.17438965,0.118917115,1.4020243,0.4969804,4.3511744,0.157636,2.6597736,0.5169269,1.4937922,0.24074113,0.8380207,0.28233057,0.7138988,0.30361983,2.4167454,0.32776362,0.07540785,0.2030741,0.14767885,0.47246495,0.24858646,0.21614338,1.3413107,0.82148397,0.20437878,0.34586668,0.29040736,0.51297617,0.3898568,0.04846357,1.9356817,0.7091693,0.080080055,0.3976668,0.870006,1.713888,4.35126,0.15234987,0.3959327,0.022148235,0.426025,0.10442025,2.4145787,0.047638718,1.3896258,0.5354317,0.3903536,1.0401756,0.15511031,0.77083486,0.38978213,1.9366374,0.1076795,0.47806683,1.5866495,0.44726616,0.2789243,0.16071169,0.25757542,1.537492,0.17945935,0.35468578,1.5761955,0.53132117,2.5863729,2.9125514,0.019655056,0.9689212,0.67703617,1.6131033,2.0436342,0.6163004,2.6944225,0.4011981,3.1766205,0.10355449,3.2005079,0.80310416,0.3337685,1.5714407,2.0527797,1.1838163,0.50187385,0.12671387,0.79992115,0.45161125,0.9735048,5.0691833,0.3448675,1.185052,0.37292016,0.5599564,0.20230651,0.6723631,1.131622,1.7499956,0.048279017,0.46843135,1.7682408,0.17723751,1.2196667,1.2981831,0.1412543,0.0,0.0056874556,0.88759094,2.0903223,0.23773113,0.01840595,0.15571393,0.0004809278,0.5231163,0.36603737,1.2252544,1.2274964,0.22307825,0.1147398,0.1766618,0.6562792,0.23464987,0.07569049,0.11060773,0.7952985,0.010460491,0.8913229,0.105618395,0.6013638,2.440133,0.017437298,0.8641575,0.3981353,1.2810234,0.049533702,0.4842372,0.9747671,1.5635799,0.024308173,1.8159546,0.08539673,1.368104,1.3129461,0.0,0.35436186,0.05652152,1.169001,0.02456058,0.6734591,0.29187244,0.20421743,0.50768894,0.049425144,0.23617816,0.8069111,0.5956579,0.5574339,0.056496438,2.5660203,0.72158927,0.044728786,0.50207925,1.4860535,1.8922868,1.1140374,1.6806682,0.6849059,0.7845071,1.9468217,1.9138522,0.28590697,1.0032306,0.037568036,0.51162803,1.8387805,0.7351642,0.22232689,0.19962077,1.8064139,0.72956717,0.08744043,0.38891628,0.80419976,0.62787765,0.2309835,0.006863968,0.22496885,0.50743026,0.020191422,0.18360439,1.0696326,1.5025591,0.48501974,0.51451606,3.6213124,0.7199221,2.2556098,1.1197642,1.7694812,0.04278125,0.8568754,0.8372541,0.8067158,0.46880913,0.003143269,0.0,1.1400214,2.325045,0.0015544834,0.5391119,0.6739413,1.4355235,0.3613264,1.432862,0.6964552,0.0070865373,0.78770554,0.010117454,1.5877763,0.30036008,0.0,0.0,all_pothole_images\pothole_images_optimized_image_25.jpg
0.29639816,1.3429327,0.20745967,0.89980215,0.4232214,0.2226615,0.60416853,0.0106860455,0.07937384,0.1446977,1.223428,0.2392352,0.0,1.358079,0.03793507,0.2661473,0.13629456,0.43192208,1.6042508,0.062419947,0.027074603,2.1930273,1.3057424,1.7954671,1.0655773,0.9891884,0.13202721,1.612855,0.2774634,0.040473357,1.055188,0.4624029,0.64065975,0.0,0.037383746,0.31562188,0.045771033,0.5140693,0.22426265,0.08544324,0.012797555,0.033994816,0.45684057,0.49679857,0.57573175,0.16227391,0.024849944,0.19735107,0.04807711,0.42028415,0.24390368,0.68772656,0.35581705,0.82372415,0.5139474,0.027216254,1.2713625,0.08752241,0.21298984,0.21995474,0.22119123,0.39088315,1.5703464,0.10448676,0.8632101,1.2339016,0.1594852,0.36383322,1.0767028,0.09982468,0.13630037,0.46287423,0.012400068,0.39977086,0.30045795,1.8617691,0.009389925,0.022802902,0.12021372,0.208147,0.0011035448,0.066646986,0.33252078,2.0932596,0.40750453,0.2363656,0.14938107,0.0,3.7723618,0.41507596,0.14330564,0.085612275,0.10644745,0.008773038,0.2548156,0.04826225,0.18345241,0.6193194,0.0038564836,0.7289492,0.05840509,1.3898638,0.16870931,0.57451415,1.2838776,0.37143692,0.0,0.18706448,0.76728606,0.7337125,0.09512977,2.32284,0.84188,0.33244234,0.22632024,1.1402063,1.2672914,1.2594376,0.2153414,0.021955825,2.2979589,0.5981126,0.223394,0.7249175,0.18660256,1.1472412,0.071752846,0.09698146,0.5227222,0.076826446,0.9151365,0.071387544,0.75552976,0.51360077,0.43781662,0.4353123,0.011806509,0.1491805,0.19742616,0.34280893,0.03560028,1.5758405,0.39910942,1.1554886,0.26268363,0.22344472,0.023127163,0.09701764,0.82139385,0.8443184,0.93821365,0.18490152,0.0,0.55832946,1.682514,0.0020944919,0.006295964,0.15256095,0.0,0.31839824,1.1486926,0.919795,0.0435366,3.787018,0.46625346,0.037827123,1.4816527,0.16724962,0.78814745,1.2362651,0.28523174,0.028049732,0.1793484,0.1257546,1.6491808,0.10182279,0.5126304,0.0015733538,0.011150594,0.061033394,0.0,1.780657,2.793528,1.3920964,0.47010162,0.3029455,0.09477301,0.11413641,0.53893083,0.567942,0.11240906,0.8037952,0.058459863,2.6957815,0.17295648,0.22442386,0.43503362,0.81930804,0.037390318,1.2340884,0.31300735,0.52085745,1.2737819,0.13704866,1.4983159,0.5112542,0.11095842,0.28340983,0.16944124,0.2195323,0.44223407,0.9686471,0.9985454,0.045979712,0.465009,0.75094056,1.1652645,0.14263256,1.8532376,0.12961885,1.0401416,0.10849727,0.00989482,0.49540755,0.42528898,0.2766406,1.406735,0.37859526,0.5412491,0.0056225867,1.1165935,0.56277955,0.26315767,0.37883726,1.0667835,0.20671205,0.028679473,0.45750427,0.06046767,0.0,0.08836845,0.61670065,0.7660249,0.26710898,0.091388896,0.0,0.4461359,0.15816502,0.04625313,2.6041126,0.8017976,0.13263157,0.49396646,0.017276224,1.4531394,0.013797161,0.58289856,0.28718236,1.778413,0.12267289,0.11523711,0.4019847,1.1215975,0.17454608,0.0772843,0.32916158,1.1412805,0.1644858,0.6968734,0.18754643,0.036233947,0.034891997,0.18529332,0.67398816,0.9096878,1.2726208,0.17237091,1.0785534,0.15460716,0.38031608,0.20143886,0.105997846,1.1562611,1.0698411,0.69634855,0.11562867,0.5860247,0.49615842,0.63059694,0.034032214,0.49754176,0.68196255,0.018540418,0.81914836,0.854187,0.6140365,0.701688,0.0001597585,0.1834498,0.8296613,0.1167324,1.2793232,0.014777371,0.99424773,3.4383178,0.036810096,0.018562669,0.39599693,0.566877,0.16508229,0.8878967,0.9003645,2.97265,0.70836955,0.0,0.082293175,0.3863479,1.223437,1.8999362,0.40813047,0.28166747,0.9073251,0.04005208,0.010011805,0.59460765,2.0614798,0.25936574,0.0580518,1.0129848,0.8122206,3.2786827,0.65133846,0.24031198,1.1041976,0.6890849,0.5424432,0.9100407,0.7270905,0.04736913,0.059737083,0.26095185,0.29512578,0.26762027,0.30756378,0.26388204,0.6199759,0.05892689,0.13723274,0.0038397938,0.3376539,0.0,0.74064887,0.137139,0.33592954,0.042463228,0.048103523,0.007598984,0.49682862,0.4630239,0.50686026,0.004478364,0.19024627,0.98819035,1.664941,0.19275598,0.32040346,0.8807353,0.22493255,0.0065496345,0.25460565,1.5229977,0.9754319,0.425814,0.16091435,1.4425157,0.2559616,0.08349409,0.3835841,0.03582664,0.05203481,0.3582481,0.39267823,0.19809833,0.96597886,2.434255,0.12887815,0.70132834,0.08472688,0.0062569845,2.6080723,0.7891535,1.2161173,0.051707648,0.106213376,0.11952846,0.21922934,0.4102151,0.8578194,0.71110874,0.045407977,1.9765353,1.1165937,0.3057746,0.1681408,0.32096606,0.21932183,0.60608,0.28653464,0.0051256376,0.8116438,0.06875273,0.6152637,0.6921295,0.94931823,0.21228735,0.58892846,0.26870337,1.2399045,0.6306859,0.009458214,0.5488771,1.0329161,2.2440064,1.7316366,0.45019856,0.06749525,0.58585113,1.1762457,0.07421451,0.39309558,0.41873333,0.029573418,0.43515155,0.37297493,0.25447375,5.101996,0.2251425,0.43239304,0.0,0.00051251857,1.5833619,0.24149579,0.19923282,0.038666207,0.0,0.1601686,1.0731926,1.2501734,0.28607896,0.41888848,2.2809727,0.015374654,1.141206,0.94567806,0.7463075,1.3965881,0.55793226,0.40155348,0.03504658,0.20517987,0.31998503,0.13971001,1.1690531,0.36450568,0.28773373,1.8467389,0.19907993,0.042373266,1.1483215,1.2506166,2.2658963,0.9025824,0.25073063,0.23796408,0.20512848,0.19331811,0.52210027,1.1073676,1.3496376,0.13569129,0.6599801,2.7640414,0.6065342,1.2459733,0.03985655,1.217396,0.932887,0.09020838,0.49774355,0.11956829,0.037015665,2.1590638,0.43536326,0.0,0.0,0.018659651,1.0850624,0.09268034,0.027442725,0.013640699,0.62856466,1.0486594,0.15906715,0.9328925,0.059229653,0.18639763,0.41832596,1.0019991,0.62397283,0.323153,0.06868135,0.40067944,all_pothole_images\pothole_images_optimized_image_250.jpg
0.12041884,1.2142237,0.82567227,0.64994,0.49058813,0.26786163,0.25911736,0.0,0.2808234,0.5955223,0.5356557,0.55849683,0.21960184,0.11072747,0.05540039,0.90314496,0.21941803,0.040335342,0.65456873,0.021135159,0.4292952,1.4228349,0.49309647,1.843948,0.26684296,0.06404518,0.09536223,1.3209901,0.079211146,0.0052605704,0.5699209,0.050577257,0.76338404,0.06518937,0.2955332,0.82989705,0.8252078,1.2990191,0.0,0.60129154,0.014654426,0.32258317,0.11430871,0.8190415,1.4222699,0.3264073,0.05445667,0.11894002,0.3548598,0.3343811,0.7127475,0.6214023,0.16168213,0.17944956,0.002252254,0.213864,0.9825568,0.03490726,0.9540106,0.58788633,0.1658066,0.04620459,0.72956616,0.28786469,0.4638618,0.6854305,0.46693712,0.03096434,0.6401451,0.06851174,0.21177967,0.5410364,0.5484558,0.15961668,0.23234342,0.7546654,0.0059011504,0.81571454,0.031872977,0.24553129,0.23752162,0.07883247,0.20436727,1.3992829,0.9152659,0.6860591,0.2177987,0.28153712,3.0044923,0.5243738,0.00066762726,0.18128657,0.11631926,0.027203504,0.52530336,0.3821534,0.53824615,2.2117002,0.46434587,0.14340039,0.103806354,0.69400173,0.15623648,0.22759838,0.524913,0.010053834,0.3585381,0.0020164405,0.3322876,0.33559793,0.12077125,1.4566628,0.29607943,0.42353684,0.0071018664,0.69360566,2.0377607,0.23958877,1.6374396,1.0349381,0.88193595,0.16760218,0.24084067,2.4892306,0.25663608,1.8542823,0.13157739,0.6368244,0.24038908,0.887109,0.53875095,0.01852515,0.56421834,0.0963112,0.052687995,0.4014645,0.026319498,0.5885578,0.54267,0.2231495,0.07902325,0.37268212,0.19334112,0.598243,0.16757135,0.5888801,0.24969162,0.07444431,0.38250467,1.711464,0.8040833,0.48850188,0.03445767,0.08871633,0.7164442,0.15431964,0.20019232,0.093504,0.05886969,0.07363041,0.6183607,1.1974244,0.14917876,2.4795938,0.06338386,0.0038252713,1.9356614,0.0095566,0.21986696,0.8075712,0.15539896,0.19840844,0.10475521,0.06476615,0.4047005,0.2048644,0.28828502,0.0010646887,0.33271846,0.20684671,0.0006138963,0.28612784,1.3571688,1.5265014,2.4696426,0.5986852,0.6745966,0.3648715,0.80400395,0.23586428,0.02128459,0.22064622,0.13049656,0.9161944,0.21198338,0.1594028,0.5138593,0.4761616,0.57053304,0.9639097,0.067203864,0.21789469,0.025557512,0.3108073,2.5551913,0.64773256,0.44157767,0.47985458,1.29971,0.04770255,0.48374838,0.3133155,0.31355,0.20161259,0.49051812,0.44726315,0.48523942,0.14445627,0.9120436,0.3307553,1.3577044,0.21528797,0.036691822,0.062150244,0.08244954,0.17116112,0.18493468,0.521795,1.0737311,0.74321467,0.1756586,0.048512124,0.80499977,0.09168333,0.44646522,0.16288567,0.9570831,0.20108408,0.10787002,0.020021204,0.25761935,0.001001369,0.26640892,0.3411251,0.0,0.0,0.12691279,0.098027654,0.36335364,3.0018802,0.24639598,0.0,0.13571145,0.13550973,0.30734748,0.11149159,0.44580695,0.16311096,0.3791432,0.63672066,0.10810672,0.43035868,0.21145116,0.23772445,0.6956342,0.3340665,0.0063482234,0.39179283,1.3774831,0.20986526,0.65513307,0.0,0.1208875,1.267342,0.3015622,0.76612526,0.36280498,0.12505339,0.6289567,0.14089961,0.07915915,0.03272423,0.5840046,0.95945764,0.8969773,0.5896797,0.094934426,0.12912369,0.47777206,0.06285062,0.13321666,0.52814955,0.32953325,1.0529298,0.30057162,0.7696931,0.29419714,1.2711985,0.6276414,1.0191861,0.21055222,1.0336176,0.039891332,0.11353,5.0139866,0.29893246,0.0035452063,0.08571985,0.32985196,0.29738128,0.0,0.38782698,6.333871,0.5260977,0.017771455,0.4623745,0.3638264,0.3213961,0.6573248,0.12929319,0.7702696,0.34508708,0.09074145,0.089514226,0.60812217,1.6050364,0.8346916,0.08524978,0.7344648,0.22854552,5.0742426,0.16228499,0.045361444,0.0020566906,0.2094548,0.013448729,0.48642653,0.065771736,0.6524651,0.0,0.3872648,0.20570034,0.7393889,0.16425025,0.14696915,0.2494828,0.0,0.0,0.32678357,0.17575902,0.08377583,1.4887869,0.07904433,0.33302236,0.005870337,0.02608937,0.21140678,0.3206767,0.10140014,0.4109925,0.09830241,0.14896901,1.2133846,0.2827436,0.09018151,0.81395113,0.33009022,1.0966588,0.0,0.18455322,0.23859717,0.26877636,0.18866755,0.30834493,0.9297773,0.3746472,0.3274999,0.14710414,0.05283348,0.092427544,0.1583732,0.020069785,1.6405756,0.7513725,2.9576035,0.2035636,1.2182424,0.31149143,0.2042567,2.5175352,1.0700173,0.6772942,0.12252436,0.0013438917,0.120705135,0.33231702,0.24141817,0.19670175,0.1468915,0.0743531,2.1856189,0.43677318,0.10644339,0.5474282,0.52707595,0.21289241,0.32368433,0.81921494,0.12342145,0.46944773,0.5861394,0.33366472,0.0,0.31184286,0.08729048,0.072433345,0.22547211,0.19288693,0.025082225,0.08558131,0.5150165,0.34182665,1.3395871,0.86892587,0.47457114,0.23883244,0.38258973,1.584288,0.07439389,0.31648922,1.7587585,0.06615613,0.47378367,0.7074867,0.32578188,2.871706,1.1131723,0.21374278,0.061446127,0.7121873,0.40706658,0.20147757,0.22016537,0.7112392,0.022582816,0.17449,2.3876345,1.0300181,0.22465223,1.3600138,2.427504,0.7240993,0.97681564,0.24174121,0.32784227,0.57651144,0.27991247,0.5474855,0.8989828,0.5822145,0.11260434,0.18228099,1.1430577,0.40995914,0.08821419,0.63413984,0.21867822,0.005553952,0.65012693,0.5068237,0.58547,0.5003871,0.36024645,0.14076687,0.07252732,0.120827734,0.10001376,0.52556664,0.4324224,0.06939796,0.1330255,3.0088246,0.2532412,0.1108665,0.110983975,0.2157586,0.5903815,0.32435822,0.12899068,0.017500296,0.91840005,0.8297108,0.21526521,0.09111764,0.04390899,0.16182002,0.00025178888,0.19287427,0.3099376,0.052353226,0.17668667,3.7021377,0.4039537,0.37646043,0.54854304,0.17599308,0.11799415,0.4438917,0.66136193,0.1401008,0.30654344,0.3461313,all_pothole_images\pothole_images_optimized_image_251.jpg
0.05332555,0.28156215,0.45722505,0.88290966,0.22368279,0.030350385,0.8030925,0.020781174,0.0,0.3773023,0.24514633,0.38328657,0.19407335,1.4977753,0.11087701,0.04072264,0.073526934,1.2733327,1.0191431,0.27197507,0.1407401,3.241745,0.024359452,0.28719044,0.6038817,0.6622455,0.62935174,1.6267179,0.007802721,0.4277986,0.09990482,0.013147348,0.96925354,0.055930525,0.1773722,0.6602138,0.53368396,1.1289649,0.020013193,0.29955283,0.091916494,0.23677751,0.5909464,1.9668231,0.5872766,0.0,0.11988904,0.0,0.4593076,0.2683828,0.53348273,0.07025594,0.03292988,0.2011762,0.119238004,0.19567771,1.4626074,0.11261132,0.8479453,0.17822203,0.19399254,0.5679602,0.36323565,0.050060544,0.99984664,3.396555,0.53039765,0.013131348,0.5777031,0.0032833968,0.014533763,0.28754815,0.07034142,0.023489518,0.36617142,0.47166717,0.31289953,0.23067917,0.21991546,0.23294583,0.26155102,0.13088726,0.23810257,1.2665753,0.22660752,0.16845836,0.16180597,0.050844435,2.061386,0.17019999,0.04609902,0.40280545,0.08710795,0.009452276,0.0174987,0.524069,0.11101096,1.3982972,0.66883683,0.114385776,0.3130592,1.264311,0.29603145,1.1943923,0.026791574,0.5503534,0.08661068,0.0071023297,0.016163182,0.17745514,0.08145507,4.323694,0.09260197,0.0,0.34302506,0.06599149,1.442545,0.2912392,0.85400873,0.35470492,0.502076,0.11926497,0.2319238,0.6269929,1.78763,0.09142441,0.40089315,0.0,0.8117026,0.052818514,0.09584802,0.07561952,0.1726024,0.03616518,0.070684984,0.6064624,0.017686334,0.92554766,0.23914735,0.1173512,0.21168827,0.16816641,0.37494698,0.50799334,0.0,0.041214403,0.29581773,0.046130132,0.40444112,0.46159354,0.88197285,0.023890702,0.07190562,0.0599163,1.8251181,0.06045871,0.0,0.4976122,0.07816354,0.063581355,0.4640352,0.036465872,0.1488234,3.8690526,0.9988197,0.13008144,1.1517035,0.2129104,0.26211208,0.33194306,0.0025237992,0.03836639,0.018519785,0.0,0.6305284,0.013941433,0.65664035,0.015985547,0.0890443,0.2978124,0.045691527,4.280607,2.564358,0.026525224,0.9174381,0.4877167,0.4652663,0.014106512,0.6024552,0.4185625,0.94841146,0.31903857,0.0070747556,2.0347,0.099272065,0.013470783,0.1289934,1.8065414,0.2868802,0.2691846,0.2881031,0.15105876,1.159786,0.50607675,1.6879518,0.25355703,0.04174396,0.23612547,0.28240138,0.26239562,0.0,0.03012891,0.32661796,1.869382,0.4885968,0.7265991,0.09783084,0.03164682,0.52742386,0.8133652,0.9609711,0.093938984,0.48514187,1.6500125,0.37895498,0.036096215,2.091509,0.50201046,0.10997912,0.07524284,0.64335173,0.20768943,0.2929881,0.16323231,0.3258343,0.53294283,0.008566036,0.16108935,0.009872188,0.020827867,0.0810719,0.099079385,0.007241671,0.3140423,0.043583464,0.0022702557,0.63621867,0.22493877,0.34088764,2.9477813,4.762172,0.014900541,1.4304739,0.3849699,0.030625507,1.679609,0.048160702,0.19302687,1.4001832,1.2981025,0.030565009,0.04209903,0.05374504,0.1314235,0.13177426,0.91590506,0.2674295,0.34976673,0.4602089,0.4158905,0.3757967,0.033480622,0.09701786,0.0,0.5093385,0.28208116,0.2529918,0.43555322,0.92228836,0.21039787,0.52902836,0.18672009,0.0044450248,0.30000052,0.48926798,0.6269957,0.4407036,0.3515638,0.959618,0.0038099675,0.35305136,0.8700218,0.423245,0.47315207,0.6395114,0.24316807,0.6519713,2.7959096,0.07317395,0.9413989,0.29311514,0.36014333,0.07498234,0.40917996,2.4736142,0.006466076,0.0,0.80855495,0.19214913,0.0,2.3535378,0.024707772,2.6704197,0.21377209,0.0,0.55617046,0.18396305,0.34070617,1.9183997,0.2664789,0.035408437,0.47074273,0.0033488139,0.38734886,0.2710822,1.4312336,0.065172836,0.0,0.6304724,0.29746717,2.4018333,0.0568402,0.38605124,0.29188842,0.18795897,0.23355582,0.31421614,1.8172685,0.1278859,0.030142184,0.33980015,0.8747351,0.046536867,0.0,0.5053866,0.29506743,0.035166517,0.03704655,0.1148162,0.8296641,0.5891388,0.2785927,1.5182796,1.0574367,0.00576428,0.84619343,0.047143776,1.1225135,0.24064447,0.17955825,0.11164897,0.077537045,0.0,0.23134634,0.11145262,0.8343082,2.3009827,0.5845813,0.065949835,0.5186235,2.0738506,0.19687088,0.909589,0.008390669,0.77691656,0.014765603,0.03505737,0.29161632,0.008225584,0.21714303,0.21920314,0.07711838,0.9424818,1.4844291,2.0841424,1.0180115,0.11104689,0.04214458,0.22780901,1.4497072,1.2148737,0.8819926,0.18925443,1.466307,0.18387382,0.0,1.2179148,0.054042008,0.07882698,0.020621644,3.197463,0.0960558,0.05503812,0.7572043,0.6328244,0.06881976,0.62550366,0.4966591,0.1643553,0.34033334,0.019844094,0.36374643,0.6029673,0.5315844,0.0,0.033438016,0.119215816,0.1923331,0.23975506,0.009722247,0.3295883,0.21533826,0.5017133,2.4059803,0.99432325,0.13911869,0.23074083,0.6708006,0.019163013,0.010659658,0.28674757,0.3054961,0.2694421,0.03436416,0.7255615,3.0827544,0.26098552,2.0127954,1.1939816,0.003946173,0.3180245,0.0041862326,0.0,0.11514486,1.8159009,0.0,0.6478155,0.2634984,0.019514197,0.13194637,0.47941935,0.3351132,0.46225068,0.34293345,0.75366676,0.6432696,0.85171396,0.24264319,0.26090553,0.13411544,0.19906433,0.41168585,0.27953088,0.0,0.19802226,0.636342,0.1535949,0.07748388,0.28340957,0.016784955,1.0658615,1.8532017,0.21362863,0.0,0.066650845,0.14341493,0.34754473,1.264846,0.100233056,0.067247845,0.98620486,1.1233974,0.5763784,0.9240413,0.0,0.83781487,1.7256787,0.17629366,0.9069525,0.006079553,1.8789868,1.1607206,0.03662192,0.07398196,0.10865774,0.0050431713,0.3852026,0.033503983,0.25883943,0.090759136,0.26657146,3.5954266,0.84105736,0.46517104,0.036913432,0.019029407,0.0,0.25579825,0.25656763,0.09626803,0.08981744,0.37286064,all_pothole_images\pothole_images_optimized_image_252.jpg
0.72575766,1.7813817,0.58569145,1.9785278,2.6966379,1.2595785,0.013482234,0.0,0.6358303,0.71721053,0.13498476,0.5607587,0.59987473,0.22285932,1.0704976,0.58740854,0.19731385,0.12887435,0.3201886,0.74975055,1.4032532,1.2936543,0.4643414,0.5356123,1.7707546,0.6639367,1.2762675,2.2241023,0.37449396,0.31806844,0.76436645,0.3164045,1.4493512,0.49291873,0.50975573,1.3209319,0.9268998,2.3170588,0.065307215,0.49565366,0.023884885,0.12109647,0.14884806,3.212319,0.5010255,0.27204964,0.10770111,0.52031374,0.35646483,1.0349677,0.7988401,1.7073405,0.026283288,0.75865746,0.4678302,1.7405766,2.899325,0.10047097,0.29732403,0.45784152,0.07446688,0.656953,1.0917608,0.35079238,0.3410382,1.0459278,0.19745468,0.8035747,0.43369386,0.6102671,1.1341201,0.5540876,0.4424651,0.64680314,0.76646334,1.7022066,0.66099674,1.0433189,0.026226878,0.9710821,1.5326676,0.0032535556,0.0,0.68896914,1.1646397,0.569749,0.16876501,0.17903088,4.931929,0.1123526,0.5676983,0.15887864,0.41944355,0.6079818,0.5064484,0.028830377,0.23180372,2.025479,1.7271155,1.2289352,0.008793505,3.4583814,0.3859674,0.535923,0.17235059,0.06532553,0.22912194,0.14932261,0.03828089,0.51315534,0.123984605,1.7072496,0.43975654,0.91644347,0.2949497,1.3231044,1.6232277,0.15798193,1.0728717,1.2773402,3.1346266,1.0490727,0.15363167,1.9451451,1.1715353,0.8931586,0.26125047,1.6696042,0.93906075,0.21088463,0.9598803,0.10226488,1.4451901,0.5755475,0.44735265,0.8909852,0.58237135,0.90896666,1.02467,0.10993304,0.48598564,0.28069094,0.27525434,0.54162455,1.6280215,0.9072058,1.1306579,0.48760986,0.011614789,0.86771214,0.9700359,0.8746539,0.35862717,0.017357184,1.2317845,0.3643738,1.3634124,0.11860096,1.6225277,1.2573788,0.9543622,0.6670103,0.27814627,2.2357829,0.0,0.21238387,0.6053304,0.19214727,0.7243197,0.18891941,0.88607174,0.5344224,0.5598467,0.78392494,0.7944497,0.030330328,1.1267064,0.03810241,0.14623664,0.1609259,0.132031,2.017798,3.960108,2.7195835,1.7104306,1.1573558,1.0183318,0.11194046,1.7466332,0.48046812,0.67359656,0.44152355,0.2238485,1.4751778,0.3523617,0.7686644,0.5471379,0.001876647,0.11070201,0.56267554,0.712698,0.4151666,0.25814074,0.72411853,1.5044394,1.3504392,0.061005022,0.8840712,0.97132874,0.11613122,0.22180489,0.5548244,1.179084,1.2179682,1.512218,0.73034465,0.4073045,0.15956856,1.6576909,0.017409641,2.2496088,0.10716297,0.35277736,0.016238982,0.17511712,1.2814579,0.47485638,0.49544182,0.548637,0.692401,0.102613434,0.8678167,0.6470522,0.10240752,0.07566865,0.2793242,1.3809079,0.2359442,0.026447011,0.28828713,0.34219617,0.04426998,0.09991112,0.048780352,0.08770183,0.19960636,0.20028764,0.0,0.33467102,2.4654727,0.700945,0.5479657,0.6955668,0.3501105,0.9910341,0.21702303,0.71774125,0.0,0.3027928,1.9226733,0.55286354,0.8658423,0.8989055,0.17424892,0.4976648,0.4825552,0.00021442721,0.5498759,1.168816,0.1548498,0.3754032,0.31635723,0.48374215,0.24478157,0.32807782,0.7625687,0.47939992,0.20698874,0.46396318,0.70017785,0.23305714,0.041970238,0.4908303,0.10360276,1.1098353,0.41594633,2.0215123,1.3378776,0.6030062,0.09679098,0.54727757,0.84387344,0.09746221,1.0417638,0.6782619,0.7136135,0.56106,0.08530967,0.0,0.42804772,0.22683617,0.90366197,0.2440454,0.9009499,5.0807676,0.73011947,0.0,0.3430274,0.6022383,1.521136,0.2787576,0.4852754,3.0111103,1.3029594,0.36148196,1.1206833,0.66192776,1.0554181,0.66345924,0.08581539,0.2732893,0.7416375,0.37031198,0.51038516,1.1595433,0.6914788,1.0462759,0.9157162,1.0373068,0.79663616,1.5795076,0.6254884,0.17473781,0.15963286,0.7996374,0.8574155,0.9124911,0.7097662,0.48562285,0.492707,1.2190446,0.81700575,2.1943207,0.16967165,1.4077849,0.04281146,0.27052516,0.33310345,0.64316744,0.13178527,0.76813006,0.9566556,0.7583838,0.5229914,0.45950806,0.02254188,0.5528575,0.59803855,0.39167416,0.5282657,0.1175788,0.034888733,0.20415713,1.5567228,0.25828356,0.29296485,0.45150393,0.12714931,0.24368152,0.29557386,0.84542596,0.57506,0.7104931,0.25353733,1.7668648,1.0281291,0.108323775,0.077280425,0.47288162,0.31669414,0.0015649319,0.104493685,0.37615508,1.0250605,2.8182428,2.0547137,2.6270044,0.8561003,0.73481244,1.0790613,1.5891904,0.0,0.32002404,0.112258285,0.189936,0.047961567,0.9555599,0.24447146,0.26811597,0.45572212,0.8429248,1.5845683,0.023869947,0.6816269,0.25056818,0.2775382,0.030757144,1.0058631,0.5342425,0.90030444,1.8188558,0.511962,0.48946473,0.84263015,0.026626484,0.53025866,0.7103176,1.2013829,0.17772913,0.001258389,2.7290452,0.1822189,1.2719759,2.281449,2.6409688,0.1477558,1.3758165,1.6490135,0.15168975,0.34718633,2.0310476,0.17345017,0.70383143,0.8584885,0.30346826,4.0094886,1.8346773,0.37034816,0.005894966,0.8335411,1.0005956,0.37330124,0.025241455,0.58427656,0.23357649,0.9755145,3.0990999,0.2817975,0.48536545,1.8338476,1.3174415,0.6451948,0.41868526,0.42583406,0.13546488,0.9930678,1.0030875,0.37764958,0.3393813,1.0711756,1.3686494,0.3225788,1.2619746,0.2745709,1.1630144,0.33212742,0.2598896,0.09460818,0.47786906,0.9214185,1.2428753,0.30732659,0.89824945,0.40238234,0.37982,0.33070424,0.5880105,0.92768484,0.7735016,0.34720585,0.72962046,3.5041337,0.13783242,0.6685282,0.0019322246,0.0,0.73361284,0.36767647,0.09857346,0.24758093,0.07991989,2.2203708,0.22011168,0.2861787,0.060903806,0.00958168,0.14314444,0.011814922,0.25937763,0.0031397247,0.40931255,3.2390003,0.3794282,0.32299906,1.9680153,0.4475666,0.01946154,0.63290477,0.6360208,0.29327542,0.9214862,0.34587672,all_pothole_images\pothole_images_optimized_image_253.jpg
0.6297367,2.9082525,0.7240177,1.6319338,0.06776673,0.9592319,0.19573405,0.0013094264,0.031079857,0.35046747,0.56793666,0.2970476,0.5292923,1.3372759,0.105848044,0.063289925,0.030187352,0.09594803,0.08059481,0.12808584,0.08870771,2.7190647,0.22947393,2.3812544,0.2635617,0.31949857,0.3572474,1.5127996,0.014114698,0.2015292,1.8089886,0.9897333,0.13336615,0.12227157,1.05294,0.32781434,1.3297954,0.68489313,0.19447811,0.8343753,0.001032926,0.15390441,0.92771137,0.5195143,1.5814122,0.12686147,0.051072516,0.2706712,0.5180967,0.7433709,0.41450825,0.18609151,1.8318863,0.4667693,0.60634166,0.31030482,2.8539555,0.0,0.009439878,0.3522253,0.31696618,0.591287,1.7805964,0.013894388,0.5110192,0.9832358,0.47058353,0.9470183,5.2695723,0.021026444,1.7195829,0.800472,0.12100869,0.17433414,0.60508513,2.288476,0.29020625,0.7803685,0.29050896,0.32082957,0.33577415,0.8391188,0.08056828,1.517201,0.826451,0.052441314,0.38726237,0.033288013,5.9620085,0.27628672,0.34434256,0.3804933,0.0,1.0965319,0.16259395,0.0,0.27302048,0.22801228,0.79764664,0.17518096,0.09323301,0.8402737,0.06920164,0.98092836,0.7643037,0.4546745,0.7727548,0.014216471,0.025813287,0.8213124,0.25309148,2.035083,0.098733805,0.6604319,0.32590428,0.8354104,1.6021016,0.6601244,0.3125028,0.33170304,0.8519368,2.0026329,1.0599568,0.78551036,0.29366928,1.869397,0.0060576983,0.014712986,1.7886375,0.12414869,2.5410988,0.0640975,0.430917,0.3560932,0.40689155,0.00028518323,0.101576716,0.42915523,0.7849073,0.082294054,1.2940658,4.0265207,0.71551365,0.6613183,0.12864201,0.48403573,0.55484897,0.2716203,0.6240599,1.5523784,0.016291862,0.5192501,0.105398566,0.24287678,1.0834584,0.28431803,0.71258396,0.10300261,0.26621193,0.32625622,0.7635674,1.445166,0.08498705,2.8538587,0.07107112,0.7848976,2.7345247,0.029136723,0.93482107,0.046048872,0.7339191,0.0007717642,0.3647255,0.89030766,1.6565377,0.42712268,0.7084817,0.046760626,0.3461411,0.36916113,0.41677785,1.3687589,3.1590874,1.553645,2.7845078,0.84543544,0.03751912,0.62449527,0.069908254,1.3396963,0.17457989,3.1684837,0.14965157,2.3069203,0.18596448,0.08718168,0.06513406,0.40979958,0.13326049,1.7500501,0.1994189,2.0689962,1.0236694,0.09324478,0.6924615,1.0341907,1.0174406,0.21768822,0.124201946,0.6313887,0.15544786,0.93120956,1.1159024,0.6243861,0.877168,0.78854454,0.38647467,0.10408997,1.0125084,0.0148501,1.3920163,0.26624095,0.23049666,0.2130134,0.11379167,0.83283603,0.23757966,0.034566607,1.070828,0.34488577,0.4976854,0.38036403,0.058713213,0.6005994,0.40069252,0.16591263,2.3126295,0.6135472,0.0053408034,0.10928218,0.27460304,0.011596529,0.4203882,0.1576191,0.0990141,0.09974783,1.1419818,0.07823946,0.27443835,3.297036,0.7025426,0.111205734,0.68353283,0.0,0.27854994,0.0,1.539727,0.08061267,0.24155392,1.7561647,0.017840631,0.75758934,1.0297688,0.07836555,0.3881979,0.94423276,0.41149202,0.49027893,2.0772908,0.31596956,1.0968819,0.009018769,0.22697958,0.41927892,0.70400393,1.3421646,1.4196494,0.15837562,1.2695289,0.48500207,0.013924001,0.4025077,0.13538003,2.4323015,1.3206182,0.123260535,1.0901649,1.8093358,0.75277257,0.20216663,0.2531962,1.2824554,0.00240792,0.23695685,0.67542773,0.056063224,1.1348317,0.0,1.43483,0.8038818,0.08812663,1.010067,0.07375458,1.1327015,4.780692,0.42986047,0.07374372,0.8961866,0.9218247,0.37169755,0.28897932,0.89528704,5.8617625,0.36951625,0.21387675,0.53276265,0.17366593,0.8815047,0.7182669,0.55492437,0.09313511,0.87059206,0.14700708,0.01054698,0.2116994,1.2993867,1.4932123,0.22693284,2.1255748,0.51722026,3.9286144,0.4207703,0.21592852,0.0,0.31706482,0.6747607,1.9188015,0.11165503,0.51669943,0.26036432,1.4318742,1.3826478,1.14956,0.043500777,0.85101885,1.3580196,0.94565636,0.38473785,0.16273367,1.3513463,0.07865844,0.39649332,0.0059960554,0.020500313,0.1815789,0.0,0.54660034,0.5453595,0.034503177,0.75686914,0.10811678,0.080373615,0.5168204,0.75028163,0.28039417,0.11964939,2.3216603,0.8726977,0.13691378,1.5434377,2.2526622,1.2942458,0.4608267,0.090740554,0.78489566,0.7433272,0.06896346,0.05722538,0.055537835,0.08324312,0.074180394,0.0,1.2994597,3.2810242,3.119439,0.4536615,0.567907,0.10461998,0.4019211,2.7395349,1.7972715,2.0645704,0.55138254,0.8347094,0.0,0.71095383,0.41202995,1.2870234,0.6222796,0.11694496,1.7955848,1.9513128,0.19490929,0.6060389,0.5462511,0.038795095,0.6781494,0.6140637,0.17300357,0.29528004,0.5022397,0.5975927,0.9162133,0.69521827,0.10602292,0.29553488,0.11538173,1.3133968,0.032329787,0.052927963,0.97267354,0.28489146,0.9749575,1.0672289,0.50379944,0.071112975,0.35585105,1.4469976,0.19427936,1.0084207,0.36762467,0.0,0.69867104,0.716518,0.5396832,3.8661866,0.3888069,0.7284888,0.023118429,0.2985207,1.5532615,0.028869193,0.44075164,0.014764596,0.046103165,0.111785956,2.5389876,0.452116,2.873949,0.6533709,1.2030518,0.08815092,1.4116588,0.31855124,0.3035266,0.81312245,1.1900678,0.4110765,0.05769243,0.6516121,0.90555525,0.11835208,0.39733994,0.10479139,0.8325948,1.4836514,0.4393648,0.73088706,1.6277356,1.4327993,1.3784993,0.6562445,0.12424396,0.13653612,0.21788995,0.06287552,0.61685824,0.45737952,1.3728741,0.007870091,0.38896382,3.639258,0.10412163,0.30040732,0.08248269,0.17787026,0.89049,0.25717202,0.06500384,0.05494073,1.2986269,2.1922598,0.0,0.8327501,0.0,0.13040882,0.04414382,0.12724432,0.03980753,0.09304444,0.008471427,3.978618,0.5215286,0.4171803,0.024475932,0.53265756,0.0041063693,1.415776,0.94565284,0.046645198,0.44025686,0.041681085,all_pothole_images\pothole_images_optimized_image_254.jpg
2.491897,1.0176309,1.7753445,3.1561573,0.29751688,0.48238188,1.7444427,0.9267356,1.3937999,1.4952862,0.37043256,0.9173589,0.008424687,1.0037994,0.007700653,0.5783178,0.022922413,0.5475454,0.7422315,0.18360655,1.6104589,0.4457653,0.002145404,1.0810032,0.206646,0.07723563,0.19410479,0.022664063,0.11048328,1.8931277,1.411453,0.6764487,0.9440404,2.9676743,0.274492,0.101388246,1.2799911,2.6227114,1.9335731,0.35274607,0.03447491,0.0019263879,0.5319434,0.080067106,0.7340353,0.34615248,1.7761055,0.0,0.33042288,0.6124477,2.701098,2.874224,0.6413533,0.2354791,2.1774588,0.10729519,0.43304768,0.07214991,0.7713544,0.048408613,0.31055403,1.1523607,0.002213524,0.41759205,0.2593052,0.54521567,1.3905047,0.29541066,0.59515154,0.14558531,0.2775893,0.77083445,0.78155386,0.073688574,0.28433165,0.028467027,1.9693768,0.8339158,0.046125904,0.108440794,0.21028754,2.6814818,0.37102178,0.9114047,2.25364,1.599723,0.04762418,0.36442176,0.21603902,0.0019372504,1.6467415,0.09435747,0.100525,4.7721806,0.61185825,1.5286558,1.8667071,0.2832293,0.0,1.2402993,1.2379425,0.62661386,0.93956375,0.34379163,0.30869192,5.873013,0.22375491,0.0043914155,0.21552156,0.28056568,0.07132574,1.6437873,0.14017776,2.1851382,0.14188899,0.0008114711,0.61266696,0.0030952939,0.449841,0.45475084,1.0648291,4.1041894,0.010691086,0.097643614,0.7415527,0.03589612,1.7211595,1.3393087,2.0211751,4.8090377,1.3379563,0.24139175,0.78509456,0.29905084,1.2425417,0.26239285,0.3156538,0.2122932,0.41601905,0.48592725,2.088705,1.0914708,0.6453735,0.65234584,3.1814566,0.1691482,0.4507797,1.9632164,0.27323142,1.412683,0.011651887,4.542576,0.3139244,0.33615142,1.0543866,0.0021659834,0.7724174,0.37434652,0.0028119644,0.24367203,1.4896225,0.20038229,1.0913692,1.1627765,1.6788815,0.8775796,0.54487735,0.24071962,0.11182401,1.04366,0.40938783,0.7992267,0.14574677,0.28625244,2.3943908,0.6145145,0.09204105,0.0026213478,0.21721472,0.1322147,0.7498794,1.3715444,0.043556467,0.41088983,0.23590986,0.09005375,0.0,1.7404008,0.04163958,1.1715957,0.9773408,0.88307095,2.273933,1.0071789,0.0,0.9732903,0.2630254,1.4360105,1.8763901,0.21151975,0.2927797,3.1774585,0.8614998,0.90745366,0.0761132,0.33808783,2.3530488,0.15233573,2.913084,0.11089005,0.9210854,0.65443826,0.9702374,0.507994,0.14545716,1.8043551,2.0479152,0.059985146,0.02224169,0.092614815,0.08925498,0.3625767,0.87414235,0.370642,1.3303986,0.29606694,0.39934024,0.12210957,0.27153116,0.027123388,1.4419892,0.2274022,0.2998932,0.20736083,0.15160282,0.038449366,0.7918312,1.2906086,0.18825711,1.3659496,0.23972952,0.20936966,2.1488268,0.34474105,0.3672423,0.16306746,0.08560187,0.09950381,2.24151,3.2175348,0.30697718,1.559637,0.3539804,0.24121408,0.21869558,2.2533853,0.16499814,0.1090589,0.43110174,0.15866692,4.280326,2.1577137,0.26175803,0.40238553,0.22885393,0.91842127,0.22551855,2.6652744,0.4443803,0.4497523,1.0621048,0.8572078,0.38310206,0.6530331,0.00033441125,0.6902206,0.57587814,0.096233785,1.8438095,0.93544734,0.78604,0.57779783,0.5397021,0.99775803,2.602386,0.01898914,0.5939465,1.430892,0.36632302,0.13250852,0.024204932,0.042627692,0.15915138,0.16858427,1.412253,0.4816941,4.506714,0.1769289,2.6912467,0.46495873,1.2644781,0.22422914,0.794429,0.26686013,0.7234696,0.29319188,2.2695484,0.25037408,0.11863936,0.21084253,0.17056045,0.6705087,0.26061293,0.22060767,1.3529308,0.7889927,0.2444661,0.29492465,0.34531862,0.5030714,0.39254767,0.0660569,1.7389035,0.735343,0.10716411,0.5277749,1.2030716,1.5168289,4.4334517,0.1577492,0.4322628,0.010072801,0.09940108,0.10329444,2.406506,0.056221057,1.7662491,0.43203,0.29636073,1.0706061,0.30477896,0.72165895,0.524826,1.8493003,0.15025961,0.7870814,1.7638774,0.41701472,0.19305512,0.22068939,0.37906328,1.6156255,0.25935858,0.37028533,1.4674028,0.5418438,2.6429167,2.7170818,0.106851995,1.0409352,0.78005004,1.6716326,2.1067147,0.6957748,2.5935192,0.23531504,3.3582642,0.082890674,3.466866,0.7917412,0.35827637,1.6844568,1.760615,1.5569551,0.42604032,0.24642582,0.7311647,0.46389,0.78720504,5.163567,0.28024524,1.3568257,0.36043274,0.4657038,0.2903915,0.5201217,1.0589375,1.603368,0.026632905,0.32112452,1.5642418,0.29910597,1.2310938,1.3126725,0.13494077,0.0,0.02175817,0.79390234,2.2227476,0.24917257,0.035500742,0.08754903,0.0,0.7041738,0.430778,1.1728877,1.3454992,0.1871636,0.047368884,0.13610296,0.64371264,0.3060738,0.028534357,0.118331715,0.93636614,0.0030735012,0.9314385,0.09418723,0.5205819,2.4185123,0.07634182,0.822876,0.25595397,1.1193975,0.038626708,0.25372455,1.0158272,1.4920834,0.0,1.8232006,0.07218947,1.3018636,1.5207078,0.0,0.40221024,0.02137456,1.164132,0.030783363,0.7313418,0.28323847,0.19654445,0.4222981,0.072050765,0.20326677,0.61520314,0.51067364,0.6429457,0.10390013,2.6182826,0.69947404,0.005982574,0.52701604,1.6338843,1.9355012,1.0558254,1.9818071,0.8223528,0.82838327,1.8712941,1.7676927,0.37529442,0.93808264,0.013975465,0.47004107,1.9363766,0.7287787,0.22534584,0.085878596,1.6160161,0.7631411,0.102832094,0.4315419,0.7413194,0.5672817,0.2141992,0.029478136,0.12342221,0.39399943,0.010806063,0.13388419,1.2790909,1.3753061,0.5643932,0.5737284,3.7774458,0.6890488,2.1961477,0.9642544,1.7460334,0.061896436,0.8495827,1.085537,0.8669666,0.4615343,0.0,0.0,1.1908141,2.149008,0.0042675836,0.27371594,0.56191033,1.1874117,0.34983647,1.3535819,0.7338727,0.007156404,0.6336558,0.026390778,1.770667,0.23187403,0.0,0.0,all_pothole_images\pothole_images_optimized_image_255.jpg
0.9673454,0.5754007,0.29560497,0.89957356,0.4423635,0.21384291,0.35748085,0.17002544,0.15683772,0.4162408,0.72303796,0.79974973,0.54768276,0.31160596,0.08688602,0.8753159,0.057139736,0.18378429,0.09777355,0.0007385714,0.06894015,1.5415782,2.1264246,2.0666528,1.1819733,0.02163954,0.0,1.4180875,0.03179391,0.10196483,0.8733185,0.032728266,0.06506599,0.69571763,0.21616772,0.7993162,0.45169044,0.5436028,0.45008284,0.50393164,0.22133067,0.26246184,0.5812396,0.036989417,0.4205254,0.13856915,0.13333173,0.29748186,0.3031485,0.68944174,0.7061495,0.2896321,0.23271793,0.293534,0.23793274,0.2537676,0.55963916,0.0,0.31554157,0.25551075,0.26193497,0.01137079,0.0955084,0.472631,1.4558849,1.5407995,0.0857389,0.032859188,0.38081098,0.13208964,0.1229163,0.28853616,0.27739364,0.008914423,0.6106649,0.41385657,0.10323602,0.14170508,0.024232907,0.0063293665,0.0,0.17149174,0.4041725,1.4567676,1.0282613,0.99405223,0.13906348,0.571753,1.880221,0.5361179,0.03179004,0.17097443,0.1543575,0.052463472,0.22753538,0.032963935,1.8182482,0.35543868,0.49826017,0.0,0.10134669,0.7989867,0.14146166,0.13205417,0.6727375,0.10822856,0.39667064,0.9486848,0.058587346,0.7863277,0.07592216,2.249001,0.5320152,0.47535038,0.13019171,0.7072218,1.489118,0.453138,0.7048096,0.86603785,1.2486863,0.48195904,0.63661957,0.15255778,0.1605389,0.7115804,0.92566466,1.1507891,0.5711928,0.07941482,0.28825846,0.19319211,0.34620225,0.10883857,0.07450381,0.26696542,0.007945551,0.38799378,0.15460876,0.19260685,0.39482918,0.5832737,0.0057236333,1.8537538,0.0042654583,0.61594,0.0029180944,0.08725984,0.40631217,0.7717209,0.60479444,0.7504848,0.48537448,0.22267574,1.0914434,0.1786983,0.5712054,0.14431493,0.9225105,0.38842437,0.8947334,1.0652442,0.07579592,2.789844,0.16984159,1.0505322,0.31249064,0.041206617,0.6348343,0.63139075,0.098955564,0.0,0.0098090125,0.17602701,0.6548966,0.18660897,0.05640335,0.010951698,0.0,0.3719005,0.010807629,1.6202648,0.8464979,0.65150946,3.6681693,0.7626096,0.18537554,0.979075,1.6595699,0.2557694,0.2892474,0.0019846552,0.031234156,1.4754268,0.34700146,0.23895347,0.905668,1.8029706,0.45237714,0.5010331,0.80996376,1.0988226,0.35881108,0.06616374,1.5746452,0.90941083,0.7594821,0.8586114,0.98556346,0.8120135,0.039317615,0.21595952,0.11297112,0.10501636,0.8084525,1.2421355,0.44289842,0.12831582,1.4453819,0.10419176,1.1049588,0.581391,1.0079162,0.7608646,0.07165098,0.52916694,2.2144685,0.054752015,1.7272769,0.06597204,0.12932816,0.42622438,0.6620191,0.19417883,0.09957811,0.2714055,0.7037732,0.3028276,0.29876107,0.16033955,1.331131,0.12669466,0.12630874,0.15349188,0.0,0.085418224,0.16989526,1.2366865,0.9317331,3.154129,1.0292109,0.06748451,0.36278477,0.09685815,0.00017232828,0.0,1.1712912,0.19800971,0.27651727,1.4074845,0.43236044,0.38003936,0.65447366,0.29991725,0.13079298,0.14225692,0.5705736,0.37310752,0.4718551,0.7585137,0.45670667,0.030999137,0.12605222,0.31392658,0.5088694,1.8266774,1.1392264,0.12780716,0.48673403,0.9200422,0.05164376,0.62089765,0.8923222,0.08913137,0.17944984,0.25684404,0.2277183,0.34272867,0.25179496,0.64974576,0.24728663,0.15545848,0.32471216,0.6586589,0.1380859,0.039879996,0.7006136,0.72290456,0.2361814,0.8305458,0.76695484,0.661043,0.09392764,0.3099748,2.2365258,0.22185853,0.0008599974,0.44309217,0.356971,0.06811232,0.20111625,0.37022477,4.674366,2.1886375,0.045973156,0.08615179,0.0,0.53396016,2.4123478,0.4439387,0.99098796,0.3545344,0.102122985,0.6159233,0.38052484,1.1921977,0.938006,0.006501895,0.7045691,0.26437315,3.411646,0.09785901,0.016358348,0.009114247,0.29241142,0.2476747,0.34909514,0.15324923,0.07926083,0.28427523,0.25830686,0.06089428,1.1107132,0.21720946,0.23868072,0.7864322,0.7305061,0.063103214,0.5171838,0.66125095,0.09977959,0.6178933,0.5028646,0.17710942,0.19711907,0.048455443,0.72827053,1.1301571,0.0014739523,1.410408,0.19623993,0.17714658,1.0268021,0.24905956,0.011202277,0.04765146,1.4074537,0.44825006,0.68310827,0.013032087,2.399753,0.343522,0.108264424,0.60414684,0.14827274,0.84561,0.04292526,0.8518063,0.079392895,0.06813125,0.07207608,0.0746641,0.62338054,1.4217993,2.9707553,0.41777298,1.5170132,0.0,0.12200346,1.8622485,0.17677675,2.5332189,0.20151508,0.0823977,0.21348184,0.8185036,0.37382165,0.036816698,0.27102074,1.1784507,4.897486,0.29353777,0.6582904,0.81280327,0.55019563,0.20454279,2.8398473,0.28493822,0.50649625,0.5212265,0.29747987,0.12599404,0.23040742,0.27675143,0.1901366,0.19666025,0.38055584,0.562575,0.029526593,0.38083375,0.55579007,0.21580447,0.053380273,0.46750584,0.43563202,0.08510193,0.3200026,1.3141766,1.6320956,0.18304007,0.4144069,0.90375763,0.79819006,0.18322696,0.34572926,2.4915557,0.6883576,0.43059382,0.019092834,0.19332035,0.16343404,0.56271917,0.001632547,0.6573659,0.026665047,0.065887794,1.1697885,0.28440717,0.0027176875,0.90610206,1.5393461,0.26612365,0.54494154,1.5126871,1.2698083,0.6635244,1.2217994,0.4673573,0.11387499,0.87728053,0.7518673,0.23841573,0.7599524,0.1838126,0.6497524,0.489328,0.41928527,0.14104098,0.09772158,0.6342382,1.2890854,0.28092402,0.1610929,0.84990895,0.8537787,0.03145542,0.022768827,1.6431595,0.007077937,0.5294866,0.44520319,2.9758413,2.7276773,0.7798061,0.099368796,0.7290027,0.7915187,0.013700501,0.6492342,0.51701,1.1487355,0.7080639,0.020224702,0.14906402,0.10179448,0.13562357,0.22380774,0.19051793,0.0050514727,0.3525196,0.48442274,3.246075,0.80525655,0.13119873,0.12279175,0.7528639,0.053330965,0.478425,1.0481404,0.24267489,0.3647376,0.27613363,all_pothole_images\pothole_images_optimized_image_256.jpg
2.9813426,1.0493635,0.11391619,1.3871737,0.48284078,1.1280451,0.5129825,0.0,1.0262461,0.29024625,0.2850388,0.08411338,0.1836146,4.2692666,0.67646337,0.5120432,0.00048217716,0.23502336,1.110246,0.35367253,0.7424322,1.9559779,1.6419908,1.3958781,1.8755739,0.0936834,0.5755531,1.6422167,0.38195473,1.2334927,0.24391544,0.5831594,0.5995181,0.04816526,0.53571916,0.09149024,1.6340983,1.8851733,1.0781164,0.14569545,0.08141484,0.75290614,0.9260371,2.148367,0.6512715,0.67970103,0.0065472783,0.11700748,1.5042061,0.3050686,1.4855095,0.16762841,0.29254466,0.3703441,0.035160452,0.0290372,0.9181547,0.03219735,0.20751922,0.5823892,0.11334181,0.024281122,2.4876904,0.87466913,1.3657782,0.019237693,0.49144205,0.0922254,0.023500772,0.56689656,0.61326903,0.52491856,0.17375699,0.76862335,0.36355606,0.678243,1.0661447,0.70711654,0.28007233,0.089184,0.44556147,0.7206817,0.39317057,1.7336937,0.54295295,0.7355231,0.20453577,0.03325738,2.2378848,0.0,0.58330935,0.91670597,0.853174,0.9290059,0.22116327,0.005914939,0.95022595,0.17317258,0.023380343,0.6981159,0.2465976,0.41463757,1.2180848,0.010518205,0.18393122,0.638896,1.0120665,0.12543373,0.0010563321,1.284681,0.50769156,1.9719114,0.21322225,0.0048123845,0.4025789,1.1484809,2.3815954,0.8790392,0.3847971,1.3676478,0.969325,0.10685549,2.8797626,0.20919962,0.27649274,0.115087956,0.015454742,0.0868834,0.7846837,3.1249053,1.7027613,0.63014406,0.8780393,0.13104974,0.028575595,2.081888,0.7791476,0.25095502,2.919956,0.0,0.6347897,0.344181,0.046728153,1.8701004,0.8916314,0.07201072,0.43957496,0.13364439,0.15999344,0.41044024,0.10390177,0.25885874,0.5647421,0.88721186,1.3918889,1.8627453,0.7013368,0.57517076,0.7128718,0.26026782,0.44492263,0.1732838,0.6749456,2.1933734,0.49949637,0.1327248,0.5432287,2.0030441,0.520972,0.8309594,0.6437946,0.05548857,0.022355001,1.3933507,0.0,0.38497955,3.0453167,0.31273553,0.17904155,1.3949049,0.0,1.1240157,1.051936,0.3922291,3.347083,0.5585628,1.227676,0.03812929,0.12259736,0.006590752,1.9590099,0.06805054,0.11726673,0.17761564,0.57241756,0.20424408,0.64830345,0.58156395,1.519509,1.0028759,0.23705573,0.18296976,1.2689456,1.2244418,0.22168116,2.5950334,0.17442836,0.98756343,0.54873806,0.007971793,1.0546222,0.8441758,0.87727684,1.6791593,0.7178116,0.20731889,0.6995334,0.06301134,0.5491689,0.5516764,1.0012801,0.21651827,0.6026476,0.35176873,0.0021607515,0.45757726,1.3627161,0.51279974,3.2299485,0.9086527,0.23241453,1.0649159,0.23015322,0.32284367,0.56229603,0.35168526,0.9384556,0.58392763,0.20383342,0.6726025,1.6085551,0.05129991,1.0313895,0.1647319,0.054599196,0.012501145,0.70819914,0.59540045,1.0709743,2.764798,0.10530599,0.00820213,0.039768886,0.28721318,0.008299246,0.28376415,2.1090703,1.4390271,0.29895622,2.1430967,2.1755977,3.5612867,0.45342076,0.32458723,0.17280142,0.5897639,0.007395193,0.8681607,0.8766322,3.0279431,0.00085564045,0.035980836,0.61682296,0.02242115,0.111232154,0.6796903,0.6077563,0.3379312,2.3127947,0.11738874,0.25075978,0.8623867,1.0605729,0.10086184,0.9612871,0.68990695,0.7814619,1.3906825,1.6411027,0.37594038,0.04722767,0.9148499,0.36144245,0.38751882,0.07300899,0.7495186,0.78376746,0.2411013,0.6949712,1.1639034,1.1580598,0.5939434,0.0,0.017356096,5.9887147,0.4981504,0.44198537,0.6095424,0.6353249,0.04778714,0.02633733,0.35000837,4.7949324,0.9425154,0.047915276,0.2690733,0.049141612,0.36060932,1.7331271,1.4110247,0.12619188,0.3631746,0.62926084,0.48732403,0.43967912,0.01839346,2.2247655,1.1254226,0.34410998,1.4264501,3.7712994,0.8316535,0.046716835,1.455998,0.22308598,2.8352103,1.1356195,1.0754427,0.1572134,0.1443424,0.3065322,1.0453804,1.5794802,0.37238723,0.027249463,0.0061488003,0.13963711,0.2687758,0.6080452,1.2937293,0.022212783,0.3746297,0.14266443,0.295275,0.7442572,0.21840651,1.4176189,0.989849,0.5387606,0.606346,1.090007,0.36400774,0.058253217,0.2820279,0.7234526,0.10032158,0.5858443,2.9779267,0.6091948,0.065120675,0.6598544,0.45561084,0.91259843,0.849662,0.4718234,0.89570165,0.00028562229,0.80008364,0.2866048,0.34708825,0.8666836,0.10371571,0.4884124,0.52894855,2.70941,0.37014496,4.1625376,0.54253066,0.15268935,2.487394,1.5371171,0.043498073,0.2315168,0.48725992,0.5092178,0.09737593,0.58840173,0.79220563,0.69229776,0.00032699917,2.4200208,0.44003645,0.025159342,2.2186456,1.3365052,0.28881937,1.5319569,1.0198917,1.5300122,0.12947404,0.027580146,0.054579325,0.4637368,0.312563,0.38560027,1.1064454,0.0063268445,1.878993,0.029036215,0.10780005,1.969262,0.16518402,0.44857794,0.41661036,0.5911936,2.445308,0.04813155,4.043196,0.28923422,0.60751694,0.055983853,1.2894185,0.06721567,0.5848827,0.12489618,1.0442624,0.06985877,0.73462623,0.24792895,0.05906558,1.1508256,0.29074186,0.07810011,0.018283075,0.053600892,1.1483108,2.9139535,0.10856765,0.801091,0.24617514,1.0608462,0.69822365,0.4980831,1.3528315,0.30766678,0.047861505,0.94511086,0.065284066,0.0061216424,0.765713,0.9438662,0.45804295,0.8510344,0.0064949016,0.19355376,0.24168181,0.019579956,0.66176325,0.005343282,0.56094855,0.15784298,0.32444245,0.7383774,0.54003114,1.2787777,0.0030910128,1.2056082,0.34509942,1.2434416,0.21984112,0.069129564,2.447043,0.23310605,0.4050183,0.5164169,0.5372235,1.051213,0.26321462,0.7048842,0.8218258,0.58079374,0.18799171,0.3552057,0.4098416,0.0,0.08032487,0.28594318,0.50719446,0.01143201,0.49974802,0.55202353,2.5281544,0.6123938,0.25531003,0.4517034,0.16286908,0.25365388,0.76014465,0.109155,0.675385,0.027951464,0.34561604,all_pothole_images\pothole_images_optimized_image_257.jpg
0.47545242,1.842916,0.077782005,2.343015,0.99191827,1.3484187,0.6108299,1.2448965,0.5254558,0.18056853,0.44199577,0.823157,0.53252596,3.6450493,1.9751401,2.3389688,0.085058704,0.19710307,0.53245395,2.2439556,1.5346483,1.0864158,0.42124042,0.94051236,1.1568819,0.30739638,0.73848426,1.322287,0.78702176,0.79531866,0.4191947,0.39867526,0.20702972,0.2938795,0.53624696,0.9122529,1.3821759,0.40359148,0.4710296,0.32224008,0.9355103,0.48193142,2.0055084,2.430066,0.56828064,1.3804337,0.5991231,0.0,0.56219023,0.008460697,1.4656403,0.80997896,0.005205016,1.5605817,0.25165766,2.6240308,3.191396,0.1882838,1.5147599,0.30299953,0.1213774,1.9714723,3.3495102,0.7169619,1.0186034,0.30237234,0.45236096,0.90466744,0.37424955,1.4746152,1.8411273,0.38078213,0.22714008,1.7124003,0.1430629,1.4514612,1.1695765,1.2967806,0.0047593014,1.2246749,1.4207972,1.9267544,0.3018977,3.2888987,0.28020093,1.1811543,0.7939323,0.32027134,2.0033166,1.5355483,0.052348234,1.9876702,0.81927276,2.2088158,0.519528,0.84750706,0.97625494,0.76193523,0.55391324,2.0625486,1.1921142,2.0873756,0.10924655,0.014454699,1.113518,0.32286173,2.622769,2.0627496,1.2339808,0.09129646,0.27360776,0.6982191,0.62139684,0.45725918,0.38340166,0.24571484,0.62583375,0.5999708,2.6536753,0.04947082,0.88809186,0.88811225,0.33905947,1.3312832,2.0991566,0.36108232,0.8639856,0.025545975,0.13943267,0.08833772,0.44019923,0.48816788,2.5697155,2.1485043,1.203746,0.89788693,0.9785899,1.4030479,3.8374913,0.8161227,0.094647795,1.124151,0.12516448,0.5736562,0.67674977,0.45828635,1.5684117,0.014496449,0.30049706,0.42955223,0.0,0.06451914,2.714331,0.15866804,1.2564298,0.7769679,1.2442937,0.2342981,0.51683766,1.6321617,0.35843447,0.8373251,1.3157512,2.806762,4.170862,0.17671627,1.4737388,1.3693768,2.236704,0.64925164,1.1194932,0.6437804,1.1648982,0.62974787,0.7939344,0.0076298597,1.1263882,0.93191487,0.28256685,0.018611383,0.39531618,1.0053971,0.25102845,0.1933163,1.5912824,0.14258766,4.383647,1.2650844,0.40678445,2.2630258,0.34340706,0.37232223,0.0,1.6974936,1.3358718,0.5715626,1.3556322,0.34788844,1.1038758,0.084452085,1.04849,1.3923601,0.74935305,0.88887787,1.2400798,0.35851046,0.19419679,0.11827965,1.1688144,0.40359515,0.27322266,0.15314603,2.0926695,2.0377097,1.617849,0.5007297,0.35762545,0.6467732,1.5098116,0.88972783,1.5932904,0.10605081,1.6995354,0.07581397,0.17521359,2.6241,0.69078314,0.79773813,3.403821,1.4684572,1.7593203,1.3141439,0.65794206,0.056307357,0.0,0.90525204,1.6102728,0.55561,1.0174984,1.686382,0.9560733,0.8188329,0.0050787022,0.079547696,0.58003885,0.32573184,0.9901224,0.8830228,0.34719962,4.7925415,1.5104278,0.24242525,1.0752376,0.046016935,0.33082128,0.8912921,0.4406343,1.2753859,2.0295432,2.6535769,1.5456673,0.1956789,2.4508398,1.3753715,0.92620784,0.013881125,0.65489054,2.3831644,1.7890843,0.2118746,0.25592396,0.0026359914,0.52748036,0.0022088282,0.24074367,1.1314639,1.7315364,2.4687378,2.0476089,0.5262263,1.9774985,3.061269,0.87847656,0.10498261,0.1557839,0.41167158,1.8430234,1.1321977,1.2741524,1.0755389,1.1173859,0.6478016,0.9008484,1.4540648,1.6445731,0.99531895,0.8410935,1.0205505,0.054322883,1.0972389,0.58457106,0.97052765,0.99891686,0.9065272,6.3255057,0.9182043,1.397213,0.01838259,0.4930897,1.62028,0.2983686,0.25177258,2.499862,2.3927155,0.11401037,0.42062584,0.37083513,0.8289594,2.3165588,0.56325996,1.1118988,0.2333326,0.10434926,0.43971977,1.4788485,0.2220925,0.904483,1.8746147,0.2827995,2.1903393,1.2847015,0.50378406,0.12992425,0.0,0.58028173,0.48738003,2.1144922,0.21533425,0.6280201,0.80046946,0.54004675,1.4572917,1.9263103,0.10854041,1.0075159,0.03263977,0.93332076,0.086788595,2.0908644,0.9927044,0.933809,0.13144612,0.3079037,1.6190089,0.12758054,0.97327507,0.68241435,3.115016,0.47776115,0.23491181,0.49684456,3.1894877,0.48484987,0.68007106,0.020066673,0.35365885,1.25984,0.017073166,0.86077505,0.5093475,0.66860026,0.01084303,0.15768152,2.39069,0.19140364,1.9536095,0.372508,0.21904458,1.8410279,3.0889356,0.3629559,0.0,0.6886728,0.49622667,1.5923015,1.3859993,4.0669775,0.22384323,1.8360364,2.5935678,0.77055687,0.019459724,0.34586728,0.17729652,0.051695514,0.004743992,0.66720235,0.28501248,0.0733852,0.5493641,1.9225022,0.601196,0.21646143,0.47979107,0.7749408,0.11804216,0.9992839,1.4401461,0.15464197,0.12981093,0.19984889,0.15546235,0.013277941,0.1938714,1.1386846,1.0032219,1.5777669,1.8613343,0.15847597,0.4765948,0.50488013,0.7607445,0.9724999,0.88953984,2.7583413,0.93119377,1.1273953,0.06043493,1.5282218,0.95699316,2.7234898,1.2321612,0.8479429,0.37394053,0.031238703,1.8005296,2.3411224,0.18969524,0.3752189,2.3621545,0.22748089,3.6437047,0.7134608,0.008982427,0.53464377,2.0867007,2.7223897,0.49401924,0.26023433,0.4014992,0.75220996,0.76360834,0.8326453,0.5821414,1.1179702,0.44041854,1.3249747,0.5665507,1.1658564,1.1326673,1.8911604,0.830057,1.0421287,0.26568863,2.1714396,0.045057103,0.028673865,1.1424153,0.2564235,0.42916882,0.9820407,0.2384923,2.8349671,0.0,1.083966,0.63571435,2.9271839,0.38272658,0.23909613,0.15735646,0.5399005,0.9375604,0.7332451,0.4795708,0.017151672,1.2085232,0.43349394,0.27023473,1.4297217,1.7351105,0.6421241,2.4276066,0.39293754,0.2671995,0.9914086,0.02437509,0.32059056,0.18248317,0.0070528784,2.2273152,1.8611023,3.2025719,1.0072302,0.057745285,1.1584792,0.6711686,0.056045633,0.44540092,0.17168967,0.348875,1.0572277,1.1969109,all_pothole_images\pothole_images_optimized_image_258.jpg
1.5320175,0.6367191,0.19673863,0.521061,0.9720515,0.7743617,0.59927046,0.22372241,0.0,0.11588133,0.7029908,1.058935,0.5919821,0.5689514,0.09688964,0.010006237,0.40279046,0.45946214,0.065844946,0.18210728,1.013652,0.996108,2.506992,0.8820195,0.5705152,0.778506,0.21093592,0.9649178,0.3997008,0.2735214,0.4991618,0.0,0.68058246,0.5187891,0.37839812,0.40744352,0.40302548,0.44551268,0.32041636,0.008009991,0.0,0.4506401,0.48746458,0.9870417,0.13475369,0.008472553,0.34224436,0.75255156,0.02147639,0.64967054,1.0992573,1.091468,0.81477237,0.055502955,0.6748047,0.045732323,2.7803817,0.5651203,0.2830207,0.49970323,0.03519106,1.4106141,1.4103645,1.1770841,1.1595148,0.46867695,0.16026288,0.05336458,0.0,0.7913099,0.6240263,0.05476494,0.17837244,0.6136602,0.9533265,0.38955218,0.0065718554,0.64208573,0.0,0.070865706,0.34707493,0.0,0.034701236,1.0935762,0.76436335,0.49149364,0.40632832,0.83420545,0.8177423,0.34512144,0.5044952,0.7336902,0.65544075,0.017959239,0.21790434,0.44830602,0.9418321,1.4468175,0.6161453,0.031180711,0.010907964,3.7344956,0.3346405,0.22366504,0.9588708,0.20542568,0.110742256,0.7550678,0.67400855,0.30954254,0.050669033,0.090993375,1.7315373,1.3049355,0.76193845,0.891707,0.27180812,0.0,0.7983473,1.0356809,0.77158284,0.8110375,1.1663163,0.25410613,0.7710462,0.4424206,0.03281327,0.5475673,2.0276659,0.24663438,0.1255915,0.08730517,0.14179216,0.45134136,0.06523736,0.048939712,0.0,0.37219456,0.6572007,0.67965585,3.0707433,1.0470545,0.3794996,2.1527638,0.08056817,2.5133183,0.0,0.3561728,0.0025781854,0.00065105717,1.2630837,0.9683704,0.2877937,0.016919613,1.8543292,0.48038793,0.7424277,0.17115988,1.9183512,0.543782,2.6920466,0.13347887,0.101506844,1.8281306,0.34579638,0.0,0.37215295,0.45304802,1.5926712,0.19039714,0.04481681,0.08416486,0.03646658,0.028042512,0.63429016,0.41956127,0.5264267,0.10350193,0.17626758,0.04334128,0.60588235,0.026599823,1.2419043,1.0202745,1.9733927,0.004376913,0.05070875,0.0,1.2779881,0.48387733,0.25183007,0.023455234,0.4157357,2.3010588,0.0,0.53884405,0.6938274,0.57505345,0.39949432,0.7792268,0.35429466,0.82578355,0.2335834,0.53123987,0.15900071,1.804182,0.7015494,0.6442787,1.4020925,1.6667511,0.0,0.006358241,0.043853857,0.7562768,0.48176837,0.023275774,1.483073,0.12900636,0.28258693,0.05422512,0.31632158,0.15241122,0.98969436,0.0061783544,0.10550666,0.01818936,2.5657184,0.1159566,0.20971403,0.10255504,0.5417288,0.047361538,0.031480692,1.2064122,0.1665093,0.0,1.0250624,0.23295715,0.058249287,1.0606655,0.065935545,0.07381657,0.39498103,0.051624093,0.13885516,0.0056022634,0.42070222,0.6135569,1.1289595,2.7094638,2.1466918,0.09900463,0.07995349,0.014660864,0.26103064,0.58153206,0.75144786,0.340931,0.0,2.642871,0.7545279,0.20612845,0.35542113,0.20339145,0.35835934,0.12432007,0.38258097,1.0393327,0.6507451,0.03490701,0.09952283,0.15990911,0.18171138,0.11916455,0.1172496,0.14344592,0.5132791,0.81064224,1.1963323,0.09575256,0.39814836,0.08905459,0.4866486,0.5599553,0.1737107,0.06555451,0.13013482,0.000637531,0.4430102,0.01665772,0.67385924,0.0131905405,0.4990391,1.4283595,0.015311285,0.43964455,1.5343294,0.1348435,0.43695715,0.7863834,1.5756408,0.4716556,0.0,0.020905925,2.380846,0.19284597,0.0,0.013477183,0.05112473,0.008776175,0.5040886,1.885613,1.1068273,1.5752813,0.47131652,0.29126373,0.1863659,1.8509982,1.6971604,0.6521005,0.8777889,0.00663689,0.20297845,1.2821177,1.3298631,0.116721585,0.8973407,0.29970297,2.3553646,0.005988692,1.3552994,0.7464704,0.12130305,0.09686547,0.00013069338,0.08823148,0.49206954,0.121168815,0.57016075,0.06615931,0.1500796,0.2537931,0.5432725,0.092950605,0.59974056,0.29567617,0.23483709,0.029734429,0.031006508,0.058808986,0.30491695,1.798111,0.5097776,0.10935263,0.31352425,0.11903096,1.1391413,0.87484306,0.0360967,0.81245685,0.33963805,0.1154891,0.023882,0.53014624,0.0,0.08319919,1.238729,0.13855866,1.2486813,0.0028657157,0.60999984,0.057535052,0.2630179,0.23028517,0.9681216,0.94232315,0.889118,0.46986,0.5554495,0.9163829,0.10957562,0.0075057517,0.15059727,0.67058516,2.9855397,1.6266778,2.3715513,0.06161986,0.0,0.2213044,0.0,0.5038168,0.5676174,0.2657697,0.07725814,0.08880693,0.7291397,0.5267677,0.23693892,1.7919823,0.53814954,1.3780528,0.6860198,0.7541862,0.6708605,0.03935033,1.0124137,0.3387283,0.41019484,0.7202576,0.17364755,0.6432158,0.089587055,0.17346925,0.3809362,0.2281245,0.8327666,1.5529734,0.47496748,0.08907854,0.43538794,0.5836433,0.62916183,1.8228472,2.0852065,0.26455334,2.3828902,1.2880812,2.0865734,0.47171998,0.81997526,0.31533718,0.00863843,0.1525747,0.08393553,1.595068,0.6825816,1.3858012,0.29547867,0.41371098,0.959474,0.12927923,0.2750954,0.40700483,0.102815464,0.0,0.6610805,1.5232353,0.7713981,1.0836207,1.5547242,0.24168898,0.03063443,0.08958795,0.028889548,0.280897,0.28143346,0.039359882,0.8603817,0.19164105,1.2817596,1.4165014,1.7713122,0.7872297,0.44523743,0.020084407,0.0,0.0,0.31416443,1.7049439,1.1654104,0.01314796,0.6508943,0.6092743,0.45713112,0.17387551,0.06818088,1.5617557,0.70849454,0.162058,0.6219436,1.5108792,0.80258596,1.0080881,0.1568444,0.106582135,0.5646736,0.023086375,1.4716264,0.05272452,0.11885818,0.12826388,0.0,0.6925111,0.21357623,0.0,0.73163706,0.0019070761,0.29287964,0.019260276,0.31381217,4.300363,0.06616639,0.69908446,0.11934498,0.51116204,0.018990835,0.33093268,0.0,1.2318501,1.1996027,0.48955807,all_pothole_images\pothole_images_optimized_image_259.jpg
0.3912218,2.0132978,1.5833386,3.493251,0.010494569,1.0556419,0.044882648,0.024953691,0.56210047,1.3519475,0.1277925,0.23450084,0.12404852,1.9969063,0.52437526,0.123477034,0.081241414,0.25282148,0.023074519,0.13830836,0.8696438,0.3764168,0.0,0.035852764,0.96443254,0.64303935,0.18488018,0.82000184,2.5069757,1.0738728,1.094164,2.4986403,0.38337687,0.047053784,0.48768717,1.0559857,2.8120859,0.40530142,0.119630545,0.11726338,0.098593235,0.1352916,0.31992066,0.94933206,0.6479281,0.2717772,0.2953083,0.4699412,1.8176663,0.0,0.5227954,0.13709617,1.7985501,0.8024836,0.86069536,1.1686534,1.4598708,0.92741346,0.099637665,1.4929718,0.62434673,1.1160234,0.44531897,2.424183,0.12369007,0.19548534,0.7646015,3.3292603,2.3995793,1.2102259,4.43822,0.516441,1.499389,2.9396214,0.29758358,4.9662075,0.19918136,2.0158865,0.115913935,0.51461494,0.67147434,1.4480816,0.25239757,2.2080534,0.10744242,1.831097,2.1238575,0.040600408,1.6713105,1.6641781,1.0042429,1.2378584,1.5080746,1.5395906,0.049220443,0.3453083,0.15877172,0.79713327,0.5351289,0.09835357,0.2758145,0.49189645,0.67502403,0.3957157,2.3047538,0.36357784,1.7565099,0.3440336,4.729279,0.65699434,0.021525947,0.9955039,0.85526204,0.6083482,4.0885987,1.0941025,0.2688032,1.9551885,1.4081991,0.13352756,1.7588193,0.43619537,0.30807632,0.86983776,1.1630007,0.9145629,0.23591006,0.36786982,1.8173429,1.2485756,1.0402914,0.25174385,0.93155396,0.41816068,3.004953,0.0839135,0.80934894,1.1155756,1.3863796,0.12312925,0.5952881,0.903078,2.2802534,1.3811971,0.27804258,2.9929078,0.17525895,1.3950981,0.35279056,0.07433775,0.89360934,0.19754215,0.2261995,0.108190805,0.89847094,1.5364947,0.83565116,1.2021495,0.007993253,0.26276544,2.1168184,1.6092583,0.13319038,3.6619475,1.1042714,0.8013813,1.0829867,1.2688291,0.35800362,1.9735197,0.634605,1.7265526,0.62225956,1.5720912,1.6220578,0.5567305,1.8853182,1.1906675,0.4471487,0.43038717,0.7947747,0.2725797,1.0227469,0.25934896,1.5802985,0.42751896,0.698795,0.6020445,1.4314815,2.7192676,0.1437183,2.6722486,2.4410303,1.6625694,1.2854096,2.0540981,0.15937799,0.48719588,0.27551413,0.24647866,0.1705671,0.22497542,0.0926108,1.0665072,0.5510195,0.39504296,2.148842,0.22320229,1.65887,0.0367086,1.3380173,0.028781136,0.8020504,0.5798369,0.3560564,0.45645612,0.057469387,0.3949621,1.3292878,0.021387372,2.5770104,0.7432668,0.020842489,1.8358843,0.031346805,0.26820326,0.30121198,1.382381,1.1834188,2.8885665,0.36167845,0.03543318,0.047663055,2.1251535,0.815192,0.075943924,0.9507211,0.53289795,1.7801841,3.8780074,0.117669486,1.8444681,0.69952464,2.105069,1.6799535,0.627221,0.6762239,0.8953046,0.2714815,4.105129,1.5285757,0.3087301,0.19177628,0.5702612,0.80926144,0.942847,1.6532356,0.35129964,0.3570804,0.69367146,0.0003663528,1.1638358,0.6113468,0.0,0.5073748,0.78701425,1.1587353,1.4881597,0.9458426,0.014811162,0.7286103,1.3391567,2.2948697,0.633485,3.2941794,0.6065099,0.011424182,1.0113593,0.13912655,0.3765138,0.48365203,0.002490503,0.43042785,1.2461194,1.3360072,0.41223106,3.30779,2.7278097,1.2962699,0.77574664,0.09766896,1.9916817,0.067369446,0.40308917,1.0493535,1.8629385,0.2291554,0.5221909,0.3217534,1.5720112,2.3082922,0.8529468,0.9080217,0.25107884,5.2411995,0.6324509,1.2328862,0.20883428,1.026201,1.1111884,0.13187325,0.2370343,2.7014637,0.24628145,2.2853959,2.0377033,0.21762136,0.98936665,1.1603616,1.2719493,0.13310845,0.37415683,5.7573757,0.31020853,0.0,0.05521018,2.6537132,1.4749018,1.7345241,0.0017244818,2.886002,0.11195409,1.9087085,0.22048424,2.440779,0.074591585,0.73763025,0.22005959,0.7166049,0.013078446,3.7946157,3.2567556,2.2223058,1.1910456,0.092613965,0.60514534,0.28793818,2.061781,1.3499054,0.34685218,0.21892178,1.6908612,0.20786351,0.22368634,1.7332724,0.19162364,0.0,0.42837757,1.4751737,0.43927085,0.27150565,0.4382855,0.393843,2.6437857,0.24399322,1.7461641,0.59724534,1.1281152,0.18241002,3.052356,0.1008468,0.68037343,0.13676131,1.5641379,0.01659804,0.2792811,0.6259219,0.3189472,2.6976879,0.77156174,0.7353793,0.42461306,0.18719928,0.7668999,1.3870516,3.4868906,1.1609172,3.8845556,0.11846458,0.48515674,0.45775634,0.1353469,2.2903128,0.09652902,0.94350463,0.64175403,0.16620928,3.0017993,0.15921856,1.8972958,0.66713995,4.540284,0.20498985,0.20045303,1.4280199,1.8672748,0.35723177,0.60640144,1.1721473,0.020601463,1.2616394,0.52115846,2.177419,1.5921891,1.0296681,0.9522344,0.36030558,0.21757686,0.12771778,1.8195819,1.8828981,0.07103147,1.4461206,0.96477336,2.1024728,2.1539724,0.04412545,0.21641095,1.5382841,2.964863,0.9405033,0.29768562,0.8245685,1.2900718,0.43757924,1.3678507,2.2495599,1.1154664,0.11822646,1.0453115,0.47499815,1.6550741,3.805992,0.05620669,0.024603846,0.20851868,0.36362502,0.43102023,1.5775561,0.6088217,1.4552329,1.3121945,0.29992858,3.8757517,0.08627912,1.7585896,0.04204078,0.38401833,0.5422803,0.7362758,1.4839256,0.06293585,1.1253241,0.5977281,3.6131248,0.75042456,0.4394852,0.30065846,0.7248962,1.4773458,2.4011486,0.019645281,0.48343748,0.5251067,0.95266503,0.67143184,1.8853872,0.87609595,0.100261316,0.61569095,0.18332393,0.7495483,1.3166529,0.27561638,0.84154433,1.5890187,0.8281495,0.19280402,0.10156563,2.4376254,0.7184465,0.082367584,1.1709527,0.028719962,0.12199837,0.2141525,0.062938176,0.10220086,2.0047863,1.0527436,0.35018525,1.8751435,1.5979276,0.23953542,1.4928225,1.3599865,0.8487921,0.40801162,2.9108076,0.13808596,0.5042313,0.91645914,all_pothole_images\pothole_images_optimized_image_26.jpg
0.15958458,0.7021722,0.2637379,1.6981268,0.4992318,0.27635264,0.9720823,0.1877694,0.0033295336,0.36852467,0.046301696,0.18765044,0.3369796,0.7985675,0.12961452,0.39886963,0.025109101,1.7440023,0.30033702,0.047369033,0.07330083,1.6511111,0.4147566,0.56329346,0.51507366,0.24053894,0.86337006,1.1210908,0.068798356,0.41607246,0.42580646,0.24388641,0.4665155,0.2813018,0.30175233,0.83302134,0.16819116,1.1714814,0.03066016,0.95602953,0.06855522,0.004247863,0.19072883,2.1917949,0.028166153,0.20735553,0.16429469,0.0055996696,0.6530979,0.25871873,0.5648196,0.22411905,0.2906648,0.41321546,0.029312594,1.4519522,1.0809401,0.13412674,0.8471597,0.0085707195,0.030570854,0.43653095,0.36845982,0.075790435,0.45695385,2.4801655,0.29740313,0.16676041,0.031912535,0.18229333,0.018683394,0.25646672,0.104511306,0.54106957,0.1135437,0.28248805,0.29483545,0.49858156,0.038686384,0.3918316,0.0,0.07530847,0.8143861,0.5558123,0.46799344,0.21526311,0.14190717,0.1628217,1.9164022,0.21382685,0.15617573,0.12450915,0.00042811947,0.0067731626,0.01033057,0.04537961,0.93542135,0.40433648,0.6538537,0.02018732,0.014262538,1.956221,0.7518251,0.05619523,0.35828093,0.6862888,0.32883623,0.25874403,0.43562868,0.8285457,0.009049311,1.8240571,0.18439204,0.58792305,0.3421827,0.2931842,1.57065,0.2449559,2.732345,1.100618,0.8385296,0.22284001,0.09019039,0.9126638,0.059021704,0.6159361,0.052017864,0.19593483,0.14493911,0.0,0.19721395,0.002046199,0.08814822,0.060383964,0.0051911394,0.30868796,0.14638151,0.81816685,0.058462173,0.36570397,0.31981447,0.0058838627,0.07709697,0.64493775,0.03285114,1.1651003,0.041562844,1.109347,0.64723957,0.4020532,0.8330618,0.3306802,0.03389698,0.0,1.1312039,0.5760158,0.5934607,0.13498239,0.87622035,0.02540907,1.5204067,1.2177241,0.0062659355,2.1448915,0.45398906,0.19306953,0.45647043,0.46263647,0.9826984,0.28494495,0.0874144,0.18548164,0.08323512,0.40025628,1.1024042,0.049159594,0.300479,0.08976418,0.052012637,0.029534923,0.0,2.855701,1.4350495,1.0966799,0.4863752,0.16771246,0.16096278,0.524155,0.34714323,0.3277239,0.31141052,0.16103849,0.02984717,0.97712636,0.083715595,0.073436275,0.606113,0.27438283,0.17584088,0.32882768,0.16334946,0.64608014,0.26371413,0.7212838,1.1426048,0.30190754,0.21343768,1.1292678,1.1044003,0.29060236,0.068631254,0.13881505,0.3891884,0.9717777,0.2706671,0.5482597,0.762181,0.13981605,0.3290811,0.0,0.31576303,0.14257392,0.2919017,0.24120061,0.16779257,0.5898913,1.1247317,0.22091468,0.52537584,0.62016773,0.09764148,0.17031084,0.2717567,0.027501933,0.1621179,0.020986425,2.1224205,0.049402636,0.22634801,0.22789352,0.49695182,0.2877489,0.050722264,0.19842735,0.2656126,0.019018458,0.5298509,0.2811685,0.25554463,2.8882222,2.0976217,0.1262834,0.20658812,0.00811359,0.29192728,0.8877612,0.32189056,0.20962039,0.71306103,1.8282741,0.018699937,0.016111143,0.26240075,0.6925617,0.76005155,0.16310841,0.04448476,0.65509474,0.83495694,0.1644812,0.08135543,0.0,0.020293863,0.8730444,1.2398646,0.57840943,0.28623712,0.12314053,0.21566929,0.51443946,0.2790206,0.0,0.104034014,0.0,0.087660275,0.112537906,0.69431365,0.19677615,0.7825659,0.25935367,0.14952484,0.038629964,0.19501045,0.7719776,0.010937023,0.11771607,0.43544608,1.4805732,0.10658844,0.45134902,0.37511763,0.2708476,0.028390573,0.6060791,5.1881647,0.30226356,0.0003430954,0.1891145,0.044814337,0.14999649,0.53141195,1.1451596,1.1308442,0.5635868,0.10589533,0.10102107,0.35619506,0.7211594,3.0129993,0.0,0.51520437,0.014750647,0.10251124,0.013253531,0.21597604,0.7235889,0.3176676,0.037558995,0.401132,0.06485307,0.66227067,0.03362892,0.25871527,0.00018342925,0.045033135,0.19537556,1.8108685,0.15990049,0.030812943,0.29558527,0.26421332,0.5870587,1.3291215,0.31921607,0.006527818,0.08461084,0.055331312,0.0074688816,0.752167,0.18117067,0.5770992,0.92978376,0.6554942,0.034575406,0.046494793,0.09689516,0.14846836,0.40830868,0.31508413,0.101854086,0.25979725,0.2380184,0.09536252,0.0,0.20653829,0.10617385,0.8417981,0.094956346,0.31957847,0.009850352,0.61681634,0.2526842,0.49722844,0.006464996,0.6958135,0.11278919,0.09919669,0.023667939,0.4597524,0.19111605,0.8418323,0.0,0.11270328,0.06458897,2.0053625,1.0551559,1.2069607,0.0,0.6637213,0.5439769,0.81259286,0.3895238,0.2900352,0.2717664,0.18329889,0.01226279,0.14972465,0.06425776,0.14130974,0.05171932,1.9940331,1.1234033,0.24034393,0.44688842,0.31481886,0.0,0.11747719,0.7980695,0.04318606,0.19605982,0.32700032,0.4542087,0.14454424,0.3009762,0.0,0.1542117,0.54251325,0.2613203,0.032328922,0.10485135,1.7942721,0.21349986,1.6399391,2.4701533,1.9691294,0.5663491,0.44329965,0.72906506,0.033736166,0.3564054,0.20448205,0.04816948,0.26338798,0.11239829,0.3584539,2.9150546,0.2637793,0.020187184,0.06710793,0.26470757,0.21739745,0.4190665,0.083683364,0.23739415,0.93597174,0.08727787,1.2291737,0.12355172,0.0,0.14318095,1.3718745,0.12297764,0.30825672,0.62684274,0.7014452,0.9724435,0.53763384,0.51346976,0.24464595,0.8829822,0.9528181,0.12518811,1.2990805,0.0,0.21126299,0.17120358,0.18927243,0.30875108,0.09248864,0.3738611,0.322815,0.85650486,0.38408223,0.07879824,0.069129705,0.10880179,0.11615751,0.5754195,0.11631409,0.34928885,0.22725455,2.5311854,0.17302375,0.061569832,0.04315349,0.16346788,0.43507174,0.27878717,0.88261884,0.0778731,0.013156915,0.7886114,0.0070360005,0.22429328,0.14804243,0.24124916,0.012010964,0.0,0.0,0.14936034,0.2500701,3.008689,0.48861784,0.2547518,0.15469277,0.74551,0.01871014,0.33002996,0.30950597,0.36130205,0.10192044,0.64500195,all_pothole_images\pothole_images_optimized_image_260.jpg
0.6569027,1.5425339,0.2613358,1.7114424,0.04587044,0.22536685,1.5848002,0.067472056,0.088449515,0.79479665,0.5325596,1.2177896,0.35269347,1.4358177,0.52501583,0.19132407,0.16989517,0.50778764,1.5626086,0.11929296,2.262117,1.9182174,0.48420328,0.3952938,3.235306,0.588042,0.7468608,3.5868082,0.3758208,0.08921589,0.8557101,0.0,0.39989954,0.42409974,0.34778836,1.2388264,0.2544937,1.5711285,1.0726883,0.263949,0.0,1.1121786,0.14935172,0.5169641,0.6874952,0.0798172,1.05857,0.618489,0.0,0.044360373,0.37195668,0.011476522,0.42477664,0.03989767,0.05529695,1.4708493,0.9236736,0.006179092,0.050463222,0.4215523,0.56462884,0.046019573,2.490046,0.6944081,0.9635125,1.8203152,0.2920336,0.027909076,0.07203214,0.1422808,0.3362207,0.31475618,0.081186,0.06287727,0.012010704,0.14255793,0.0016357146,0.52863944,0.0,0.31875983,1.3587636,0.05786486,0.21583083,1.3755289,0.21579695,0.039564006,0.05783823,0.063155614,1.2940761,0.09157967,0.21953624,0.15016858,0.06788295,0.42893422,0.43343908,0.031461798,1.1500319,0.22704113,1.2594972,1.0175813,0.21126743,3.2155774,0.2388246,0.007628846,0.6177799,0.026813932,0.123663396,0.037724413,0.0817756,0.38582486,0.07179658,0.67648596,3.0123904,0.28010008,1.1020012,0.14332895,0.23576604,0.3203491,0.14087659,0.3982725,3.0577834,0.032425735,0.12484134,1.3705726,0.99078774,0.2968442,2.3078668,0.025471859,1.7257721,0.062375497,0.36674234,0.25123307,0.012200773,0.26203158,0.59815,0.69322616,1.0471743,0.39149958,0.5778175,0.0481342,2.0748446,0.5272481,0.36670196,0.7508948,0.13747117,2.3027208,0.37659147,0.97416717,0.3157139,0.00047581934,0.24694248,0.9930189,0.00021957792,0.098712854,0.25030863,0.10317238,0.13667291,0.10881801,0.8802001,0.4794109,2.660663,1.1463659,0.070761025,1.7396461,0.33943063,1.6678039,2.3939712,0.59925616,1.3869681,2.1739292,0.3400884,0.43915635,0.3921208,1.2937918,0.35107332,0.1744668,1.1531327,0.33075568,0.0009355703,0.27145386,0.531489,1.1619196,1.4318159,0.04655186,2.1641712,0.02070935,0.5803843,0.8851594,0.18334314,0.57768154,0.38606492,0.7693736,0.008499977,1.8972493,0.8777047,0.08281826,0.3231822,0.67935365,0.026775831,0.9349888,0.34879556,0.2814268,0.7875917,0.4438327,0.26295754,0.026344076,0.87872845,0.24690403,1.0143673,0.6773529,0.0,0.367244,0.14019072,0.14976393,1.3739308,1.6425346,0.26759934,0.49736318,0.46552455,0.19690809,4.3503838,0.10526914,0.17713836,0.016609745,0.022358777,0.1271452,1.5090187,1.6110861,0.5388965,1.0148486,0.26796657,0.2815906,0.6302554,0.63125116,0.38631275,0.13419245,1.7536746,0.23476948,0.63715357,0.4928154,0.042089943,0.031367503,1.3624101,0.08496296,0.34106794,0.051450048,0.26748183,0.07733378,0.80742973,6.0914373,2.2180173,0.22058187,0.16080779,0.085606776,0.022718582,0.38932785,0.9795711,1.156486,0.6087937,2.8694808,0.3347009,0.16887969,0.1263426,0.021624885,0.036152907,0.3384669,1.7176616,0.44682968,4.7921495,0.44952625,0.24001352,0.07106582,0.37170857,0.059938096,0.57369494,0.31388223,0.015630754,2.0236871,1.2553482,0.7084616,0.7449525,0.05697966,0.69928575,0.5752358,1.02731,0.007345894,1.0245212,0.4666269,1.7991828,0.032612495,0.0,0.09819802,0.31325138,0.09528485,0.061981015,0.5887153,0.3713696,0.8396843,0.13237429,2.7745647,0.193242,0.45277622,0.23647977,0.009281326,5.419212,0.007147044,0.50451565,0.0,0.05475472,0.055982467,0.4401506,1.1150548,1.51216,0.8525486,1.514081,2.0376387,0.14471883,2.6224031,2.2000616,0.55345255,0.0,0.011125263,0.82229525,0.50802505,0.78643036,0.26926708,0.21940348,0.21929775,0.47157276,0.9152958,2.360679,0.15241179,0.13248579,0.648624,0.17808641,0.019492052,1.9099077,1.3506367,1.6957037,0.52703196,0.028277444,0.41494262,1.8527635,0.5376909,0.72143,0.6095339,1.0605707,0.7733514,0.92132574,0.28517738,2.536124,0.011785616,0.26305255,0.884123,0.4363501,0.1057795,0.048193287,1.5568929,3.4220364e-05,0.008513071,0.5401472,1.0504292,1.1652534,1.081447,0.0006813296,0.006779256,1.7262133,0.029596258,0.09824292,0.1641344,0.2939897,0.011114587,0.02673891,0.106964014,0.24806842,0.012422593,0.0024931813,0.37273344,0.6168866,0.1395752,0.8385251,7.061691e-05,0.11850428,0.564156,2.6309602,0.27600574,1.9465284,0.21065746,0.020142904,0.54973,0.7780993,0.46441773,0.0,0.23806629,0.12025352,0.19245476,0.37417385,0.020105986,0.0017148937,0.33201885,0.79162925,1.541005,0.69827306,0.53072536,0.81286556,0.3397927,0.9591947,0.3838345,0.45002568,0.48397338,1.8427374,0.09831343,0.0,1.8672451,0.5743867,0.7385598,0.44753405,0.7878601,1.7386078,0.015591316,3.3111055,0.0015207521,0.3128624,1.933059,2.3794584,0.105481066,0.3613093,1.3351996,0.8028896,0.22721481,0.29321998,0.051447127,0.031249031,0.088090174,0.84484106,1.3512452,0.15649742,0.62659264,0.057613824,0.8983058,1.0116348,0.5889315,0.003181911,0.18244661,0.10590707,0.0047653546,0.4885304,1.6879346,0.20127228,1.260539,1.8168713,0.37331656,0.88751715,0.35349733,0.06879309,0.3161343,0.5651954,0.011079238,0.036927503,0.019650422,1.9153059,0.110799775,0.17361599,0.122145444,0.8940671,0.42690688,0.03098675,0.0,0.34935036,1.5260149,0.87546235,0.24201514,0.32161266,0.5038925,0.4849765,0.008350177,1.2716568,2.0743504,0.40067306,0.16209602,0.14037865,0.685398,0.56762445,0.7545569,0.0060071833,0.35446712,0.11873064,0.037020665,0.35839552,0.092350006,0.32057416,1.8387179,0.0,0.31067303,0.06697731,0.076192014,0.8839283,0.016990112,0.25557747,0.026515888,1.3233508,1.5774732,0.2137105,1.1620084,1.5983547,0.583199,0.5072625,0.38000432,0.081144445,0.36018744,0.21509936,0.1661729,all_pothole_images\pothole_images_optimized_image_261.jpg
0.26176623,2.5150018,0.47896236,1.2116638,0.6402547,1.037578,0.98957527,0.26823038,0.103487745,0.40942916,0.24001455,0.7464485,0.0,2.3690822,0.09717542,0.5900302,0.011246829,0.54625726,0.50152063,0.030581348,0.3902975,0.028235583,0.8340047,2.3230696,0.27810237,0.12144659,0.3820617,1.1686316,0.1174809,0.61118555,1.0794243,0.010418354,0.193782,0.03810869,0.5566556,1.2004976,0.560634,0.108745046,1.175287,0.060395736,0.55591965,0.1536234,0.5316139,0.25271747,1.6318672,0.29779148,0.022156248,0.1207534,1.7914807,0.016391395,0.94650316,0.5018199,0.6726703,0.022121113,0.4169613,1.0885721,1.9102554,0.103015535,0.5575891,0.9767925,0.018533047,1.7528323,4.3064284,0.34420153,0.12849249,1.1413275,1.4274253,0.555788,0.2273057,0.18220463,2.3156123,0.66995114,0.28213203,0.44381747,0.24590302,0.2097368,0.087222144,0.11268308,0.04830244,3.2307215,0.0,1.8842876,0.8402133,4.4980006,0.6078823,0.41260216,1.3482707,0.06896197,2.2538679,1.0684555,0.46712548,2.48887,0.099842966,0.82133955,0.8168499,1.0009665,0.06419431,1.7531878,0.5766104,1.1509714,0.27089792,0.41875312,0.957016,0.32709807,1.9972727,0.11141939,2.8217256,0.24579449,1.4057128,0.19659677,0.45000675,1.3875835,0.41267896,0.20581,0.38751405,0.75479203,0.1428888,0.9143116,0.9253033,0.0376633,1.4984072,1.641509,0.13797826,0.4294696,1.4038823,1.4563745,0.39280537,0.10445955,0.5139248,0.621049,0.2019555,1.0703198,0.4553921,2.1913517,0.41634554,0.00016574787,0.011542836,0.27304566,1.5381681,0.9679081,0.35326174,1.2191143,0.06820555,0.18992259,0.40855742,0.118442394,0.2110547,0.014303531,0.4545435,0.06310139,0.117454834,0.2661456,0.7792512,0.012108251,0.7659356,0.04578955,0.12106711,0.055745006,0.22332022,0.15902527,1.2075418,0.7408206,0.7679049,2.3682373,3.7837672,0.16826546,1.9705333,0.0061845756,0.5491231,0.7948456,3.2793143,0.41381812,0.5789107,1.1449527,2.1603057,0.43390116,0.92004246,1.4878429,0.047348626,0.06966237,0.12638174,2.2655904,1.1735039,0.32229096,2.4692671,0.46169677,2.5889027,0.1083471,0.3860975,2.6808522,1.5100216,1.8408414,0.100501016,2.8816214,1.8504816,0.18861867,0.9379716,0.4037136,1.1331602,0.045836855,0.65339535,0.77614427,0.33938706,0.43784192,0.89484483,0.76623315,0.02758949,0.02054942,1.1421514,0.49667123,0.5939963,0.8585658,1.2541947,0.34754503,0.85731506,0.058251325,0.20264314,0.12026739,0.962641,0.008606743,1.1938071,0.25829127,0.5302316,1.0555203,0.0,0.11210743,0.83463395,0.13497251,2.606746,0.14909194,0.39021063,1.1224487,0.96122766,0.78752476,1.3945324,1.2210675,0.5464086,0.008931398,0.31771213,0.30972743,0.10946659,0.9076684,0.071449354,0.3309145,0.20465453,0.21468247,1.8239199,0.26588392,0.12947588,5.1458535,1.3722849,0.22655094,0.26422346,0.023819963,0.5165278,0.004416203,1.235501,0.149977,0.698628,1.4686731,0.52396315,0.2863976,0.64719427,2.1753843,0.028446011,0.3291007,1.1184862,2.0484822,1.8422552,0.00013345876,0.25416094,0.39843604,1.3412223,0.15163061,0.26150176,2.3565428,0.219752,0.2113041,0.015451881,0.0060516326,0.14518486,2.2180817,0.36752948,1.3519409,0.81594414,0.4002498,0.9307684,1.7559451,0.59047633,0.06699159,0.37943733,1.1394014,0.026005773,1.8182665,1.6026362,0.59336674,1.1122034,0.15661953,0.21299034,0.5791818,0.0005080677,0.914204,0.6321631,0.7817575,4.588669,1.5640103,0.36177456,0.14274766,1.305039,2.0949702,0.0,0.20531851,3.3245854,1.8871166,0.040425435,0.04782502,0.40086657,0.56817436,3.1997643,0.45271346,0.17928997,0.30472085,0.0038710407,0.02916749,0.0063140867,0.4474285,1.7012972,0.9969018,0.7407197,0.5177333,2.7964506,0.3436422,0.27268746,0.0026819343,0.016969703,0.72348094,2.006752,0.34917837,0.4921502,0.23822342,0.12535127,1.0538204,1.167068,0.84509546,1.9343829,0.055793803,0.38352332,0.02703584,0.056602243,1.1322984,0.6104638,0.0,0.10129646,0.44480172,1.5175747,0.12353063,1.6217977,0.38355857,0.7973939,0.21032922,0.16667093,2.230591,1.0219294,0.0,0.0,0.9243905,1.2569637,0.37474427,0.13474822,3.2457163,0.52453774,0.36693922,0.069421,0.95144606,0.43789548,1.7826078,0.14810577,0.0,0.029461654,5.923241,0.32330704,0.38246223,0.9742674,0.69628453,2.7580042,0.04121835,3.03394,1.6908958,1.1687789,1.0690999,1.1004196,0.08912674,0.40793282,0.44615188,0.15196618,0.72170186,0.021396624,1.3333669,0.0902614,0.15615927,0.833943,0.4832475,0.041291274,0.7721181,0.38386858,0.033668075,1.0465909,1.1185268,0.08025743,0.345202,0.12763928,0.51950705,0.6458684,0.9674861,0.2417773,0.0044663157,0.6280426,0.7913598,0.416676,0.17091502,0.5020275,0.0166983,0.011212711,1.1263734,0.95963454,0.33383667,0.24118578,0.52879965,0.50345534,0.6743561,1.8968238,1.0663621,0.0214266,0.2231823,0.0,1.3612508,0.8670518,0.4461712,1.6444042,1.5924685,0.28189233,0.7265562,0.69496244,0.16146642,0.21623658,0.49421874,1.1440465,0.04795145,1.6257428,0.59153134,1.684018,0.3052435,0.070241176,0.0,0.90497774,1.8861991,0.6991542,0.26417506,0.18843794,0.20512626,0.9585209,0.5555949,0.601992,0.24425311,0.40849477,0.24246985,1.0145415,0.0029677176,0.17156032,0.3890791,0.058056045,0.08325931,0.1326779,0.14607798,0.13901013,0.8812473,1.302138,0.023791539,0.36183667,0.040948838,0.30396503,0.7288264,0.6820793,0.0,0.046656694,1.7790393,0.8617279,0.6694576,0.025672564,0.0032701485,0.15188698,2.8180535,0.0,0.0046175784,0.315617,0.09219532,0.6138105,0.21481389,0.0024509737,1.2441627,0.057314113,1.3791124,0.2594951,0.0,1.5980916,1.3758352,0.19440374,1.3464053,0.45424387,0.33553687,1.0966891,0.89018434,all_pothole_images\pothole_images_optimized_image_262.jpg
0.93866473,1.7053132,0.24825785,1.8643509,0.15757777,0.5946601,0.35225958,0.022739014,0.2348568,0.47741482,0.6418956,0.5086605,0.36250317,1.269444,0.1269859,0.16937613,0.25993145,0.2262983,0.5243594,0.6983525,0.39519322,1.8584011,0.17625137,1.3705182,0.4622097,0.15597928,0.95740336,1.9796958,0.09269433,0.7368961,0.32469615,0.18053223,0.33357558,0.2773248,0.90275604,0.06904398,0.16003211,0.43896097,0.0060940525,0.81478995,0.0,0.080470465,0.20571883,1.3864917,0.6234312,0.0050876713,0.030365808,0.19035281,0.015701443,0.59007424,0.40405592,0.782501,0.5620521,0.07146622,0.3612308,2.0921972,1.1392838,0.74743664,0.5688433,0.47981507,0.21804279,0.63711476,0.5134191,0.080534615,0.6542535,2.1625648,0.6253862,0.5108673,0.4845589,0.70255995,0.6426723,0.6198346,0.40900996,0.30112523,0.13366301,0.5157582,0.4155944,0.95668393,0.0,0.49091917,0.25863498,0.26806128,0.014675047,2.010543,0.40058377,0.32761958,0.2565535,0.06728651,3.2351797,0.3406946,0.05433849,0.19559662,0.59805703,0.731925,0.08943262,0.23547246,0.2967889,0.52817976,1.1815871,0.70486677,0.20362574,1.253484,0.24226387,0.5855703,0.34366205,0.36213902,0.3322388,0.045459412,0.0073353876,0.42590433,0.16131002,2.3262348,0.39584136,0.22155273,0.18528168,0.5352726,1.4324886,0.28661802,0.5076715,0.29496598,1.6822636,0.34636208,0.7504634,1.1204702,1.2705845,0.7201698,0.23831213,0.75251955,0.49391,0.342254,0.7158967,0.26132146,0.5399373,0.53294355,0.13120784,0.9890221,0.3497443,0.50412595,1.326316,0.6581108,0.1461365,1.3567557,0.22265653,0.8010885,0.08592697,0.4923793,0.6070889,0.0,0.53831214,0.735392,0.21235539,0.46541587,0.0,0.66437584,1.0488381,0.40607226,0.13489246,0.018839506,0.7264217,0.6034399,1.8193067,0.42416343,0.04359795,2.4286358,0.33974776,0.27596968,1.5291107,0.07984417,0.41539258,1.0572119,0.061992876,0.016961757,0.50516266,0.4110797,0.23942345,0.03394067,0.44734764,0.0006436767,0.17988746,0.4361391,0.5701121,2.4920588,1.5580719,1.5690292,1.3182124,0.92622435,0.1917967,0.03524402,0.57778907,1.1581473,0.26749527,1.0617526,0.097353056,1.0300552,0.04505914,0.042067546,0.56716144,0.585628,0.21285002,1.2407483,0.07475355,0.49525177,0.107058555,0.10944351,1.5420423,0.64035755,0.63791,0.092409596,0.18580288,0.10443427,0.24354623,0.4510117,1.1192782,0.39297536,1.2625747,1.3288484,0.7012456,0.034984518,0.6461035,0.2887451,0.8092068,0.07377872,0.6362793,0.73293436,0.33204046,0.6758352,0.65484136,0.35017425,1.7153592,0.04363307,0.50951266,0.30511028,0.6493074,0.30162778,0.77469724,0.29588836,0.8657191,0.044533134,0.009146679,0.0032788673,0.05241374,0.15086578,0.20232442,0.19343945,0.31892946,0.0,0.9129288,0.17182726,0.46879768,3.6846604,0.6121821,0.28426263,0.46769595,0.30640242,0.31415087,0.031724587,0.7067027,0.99836975,0.28800723,1.0771115,0.371702,0.2353604,0.80667365,0.14409275,0.24371064,0.6627866,1.4677114,0.42189488,0.73885125,0.47992748,0.81664807,0.0,0.27805802,0.19382522,0.7225072,0.5453635,0.29411042,0.28306705,1.0124723,1.3070134,1.1006639,0.16126408,1.1092031,0.14345065,1.242369,0.87787384,0.59522605,0.6685914,0.7355339,0.79355496,0.30371302,0.08981111,0.15012689,0.4922289,0.47846898,1.1353213,1.0333165,0.462823,0.45699596,1.8842018,0.43719015,1.1335061,0.02362517,0.21948498,3.7369745,0.09993007,0.012497972,0.9884033,0.4520666,0.020138694,1.0062414,0.20007762,3.0495741,1.6705693,0.28589663,0.37705183,0.21717803,0.4565555,2.2946987,0.5230812,0.31184164,0.32581174,0.17478493,0.5619033,0.958795,0.6873646,0.45196158,0.055487618,0.78249365,0.5304396,3.4109132,0.17884728,0.79847044,1.0245763,0.344589,0.18216452,0.7278686,0.9818241,0.24383634,0.165334,0.5780106,0.5109629,0.92516387,0.45455435,0.33256054,0.45670575,0.1399084,0.4176675,0.044235498,0.3787444,0.0587972,0.8753935,0.781721,0.9638504,0.08177437,0.44104743,0.15383807,1.1731818,0.22512989,1.0962871,0.060453717,0.31531605,0.13815825,0.19952023,0.0,0.3270049,1.2800409,0.30072865,0.28385192,0.22964092,1.3795875,1.0478747,0.6616943,0.061400525,0.7957593,0.96288705,0.0,0.35580328,0.6098465,0.12826858,0.2464872,0.4540512,0.16610807,1.4043152,2.3913498,2.229864,1.2740114,0.15671885,0.026604366,2.5871913,1.3835211,0.8643725,0.057197563,0.0806571,0.03980944,0.25562748,1.3346411,0.050102063,0.2073686,0.06277446,3.0560822,0.5418162,0.7211875,0.8202572,0.32408905,0.12678027,0.32820168,0.3295267,0.0020392758,0.25654054,0.14030309,0.43634355,0.33148322,0.19757527,0.18670791,0.84659755,0.6334226,0.42616886,1.0250988,0.013800991,0.85536206,0.50674856,1.4363008,1.6779915,1.1155993,0.35805842,0.8816732,0.50591964,0.61455446,0.15689416,0.102820724,0.11843489,1.5086203,0.36539203,0.16799493,2.954774,0.15597764,1.1987841,0.39142928,0.20853631,0.77316064,0.026875166,0.16660067,0.27904686,0.12703417,0.020568179,0.96387,0.8717926,0.6701336,0.33380595,1.9037791,0.55517256,0.9794956,0.5844672,0.41076145,0.41752288,0.078434214,0.35989606,0.058286324,0.7444268,1.3890146,0.14771152,0.16670795,0.0422953,0.85443264,0.2726366,0.41930965,0.027910402,0.33934078,2.398557,0.9868181,0.67422867,0.05038224,0.27697396,0.97658205,0.39657336,0.25674525,1.1671749,0.43295377,0.2882187,0.5649648,2.430381,0.58098555,0.8368475,0.0023619933,0.5963358,0.3455974,0.10890722,0.5039378,0.022700684,0.47148743,1.4790964,0.24642418,0.0,0.033068296,0.021165151,0.92651445,0.0071498286,0.027177192,0.14283985,0.15666516,2.7938187,1.4771557,0.9464496,0.43942648,0.5599002,0.16483155,0.9415757,0.41556782,0.32223642,0.27921638,0.25323337,all_pothole_images\pothole_images_optimized_image_263.jpg
1.4239,1.1418371,1.0550529,1.0482032,1.0930941,0.71875,0.3107536,1.5814947,0.33283436,1.1817394,0.83455455,1.6158612,0.19910279,0.4176441,0.12054702,0.30783385,0.6083539,2.0032508,0.25779766,0.113500245,0.42925185,0.9660713,0.54503536,3.9976687,0.025587227,0.9924806,0.050272632,0.6652385,0.21234795,0.2980891,0.7502177,0.16433048,1.9518677,0.98260885,0.5512979,1.4971381,0.7585602,0.123410866,0.115885705,0.5936654,0.6054981,0.5523071,0.28605968,0.24727827,1.3968935,0.051169083,0.24340287,0.23004602,1.2806442,0.50628,0.79837745,1.1301214,0.78424966,0.029635709,0.5680763,0.05055215,1.3202806,0.29279643,0.8730386,0.9703344,0.56858236,0.09121441,0.9596698,1.180378,0.90738606,1.3079702,0.32616755,0.42922547,1.6852366,0.10322756,0.08432752,1.2746279,0.04162776,0.050975613,0.9131303,1.592941,0.008163941,0.7393548,0.007328974,0.8385911,0.3987134,0.022656592,1.2360885,0.23567244,0.5808814,0.90348995,0.2627397,0.7008775,1.3076116,0.77319366,0.8839921,0.7322535,0.9834095,0.45256644,0.5897869,1.3708282,1.271811,1.1976584,1.0036063,0.25993288,0.009506933,0.47024402,1.0815401,1.075324,1.2417197,0.526754,0.27655855,0.8806016,1.3992283,2.0835197,0.41636473,2.0799341,0.503704,1.4451137,0.29885995,1.3370359,1.6973,0.165201,0.20679435,2.1832514,1.2728554,0.6823695,0.78027266,1.1751105,0.19850291,0.2246437,0.15281451,1.0643318,2.7740784,0.45912227,0.3376963,0.6920902,0.038372196,0.5757958,0.14911844,0.5091358,0.007897097,0.37739214,0.007240773,0.7968786,1.4279822,0.87000024,1.3733144,1.079063,0.37550914,1.6603149,0.32843423,1.5083416,0.23887685,0.74240315,0.71549416,0.009924134,0.80899024,0.0,1.2151133,0.88163173,1.098605,0.3985699,0.23943514,0.17258234,1.1630243,0.36714047,0.29224238,2.79244,0.8233921,0.0,0.22642253,0.29500058,1.1487887,0.2586674,0.2051452,0.21959819,0.07839241,0.085801,2.4499207,2.446475,1.169398,0.38584358,0.89779127,0.3574235,0.36393705,1.1364303,2.2233613,1.2462507,2.6847024,0.44706076,0.049807683,0.38123256,1.0227728,1.3208758,0.24207659,0.27973503,0.7107577,1.6695719,1.4667536,0.06480977,1.349955,0.77437156,1.9715446,0.25723895,0.2732657,0.8461535,0.073074095,0.5878632,0.2725904,1.1859927,2.4765277,1.0343857,0.66158277,3.5064266,0.11916207,1.0477917,1.3179016,1.0619016,0.058944374,0.60373974,0.6814944,0.034822054,0.6115695,0.6631679,0.28683904,1.2083884,0.76490515,1.2912598,0.10945871,0.015961567,1.6292833,0.6064484,0.0028747856,0.57055473,0.031404622,0.38602003,0.07655891,0.5090165,0.93093157,0.08790429,0.9306585,0.94814456,0.86425936,0.6383281,0.3826607,1.2863079,0.51286906,0.15484022,0.5018424,0.4590725,2.2625158,0.45377114,1.9900042,0.17883468,0.8999429,0.6569295,0.6479034,0.04322554,1.630556,0.3567945,0.5231,0.27159265,1.056726,2.69721,0.11519714,0.4184223,0.79793626,0.54354906,0.4532779,0.38167286,0.70728964,0.040551048,1.2711321,1.2024668,1.1916409,0.4220616,0.89049006,1.5557137,0.709851,1.1875467,0.588902,0.281374,0.35816687,0.5084516,0.007388015,0.07611998,0.07144812,0.46838906,0.24012281,0.04378747,0.025132168,0.24839206,0.92483735,0.28026244,1.7721535,0.54486346,1.7236689,1.6905228,0.7281354,0.055742502,1.4347911,1.4600827,1.3590795,0.0,0.8316551,0.114094734,0.3737229,1.8085333,0.14542432,0.0056789643,0.22996828,0.47406784,0.36577812,0.28891027,0.4631369,0.6164518,1.0945872,0.16593213,0.36745748,0.024223678,0.116176255,0.28935412,0.7287842,1.0317465,0.70978653,0.75180256,0.41840369,1.0062668,0.7111013,0.64545435,0.12517448,0.5800916,2.0778716,1.4330945,1.2280939,0.37725332,0.20256394,0.37685037,0.5540424,0.21615896,0.7318213,0.0701767,0.73990476,0.3387527,0.8171179,0.4407195,0.33148628,0.21122095,0.41954142,0.38719916,0.057892643,0.37991628,0.0,0.41609338,0.07417657,0.9441987,0.66370606,0.22780484,0.3022809,0.15810443,1.8730328,0.12569907,0.11076521,1.4163872,0.4599388,1.4327592,1.0158573,0.5039073,0.025196387,0.4081612,1.0091765,0.5730097,0.5021395,0.9842373,0.8045777,0.764841,0.60700047,0.34980536,1.9290676,0.09757275,1.2491162,0.9766013,0.30704573,1.7267997,1.1262848,0.2285141,0.8486346,2.5260782,1.2113228,0.92865944,0.33981058,0.7712105,0.4376986,0.45982164,1.0427381,2.922462,0.94039285,0.018506037,0.71982473,0.25981382,0.25505835,1.8199201,1.9756584,0.67721224,2.198911,1.8602992,1.0660807,0.3285493,1.1149772,0.04860238,0.50840974,1.306632,0.385553,1.3713019,0.25289536,2.030254,1.8012741,0.06256017,0.27131924,0.23780689,0.80825895,0.11516959,0.5319898,0.6246234,0.7147629,2.2020104,1.2207446,0.1995341,1.9751178,0.08785509,0.53124756,2.0968504,1.0595456,1.253331,0.6817507,1.6609651,0.12185501,1.5274308,0.10231752,2.0360484,2.82245,1.6215225,0.48289463,0.5552827,1.3866018,0.05192092,0.020385195,1.2949684,0.3680181,0.3102188,1.1884061,0.24488561,0.5768727,1.3550295,0.77311045,0.9202753,0.01843523,0.16988951,0.49465886,2.858945,1.7134577,1.426914,1.1946527,1.1013529,0.15139396,1.6523256,2.0543282,2.805695,0.62524873,0.087715216,0.8401401,0.48702854,0.13751942,0.11028692,0.8973585,1.0439333,0.29012462,0.15870263,1.0435946,0.6546682,0.24305846,0.21118923,0.53591305,0.2224732,1.3781009,0.9703912,0.13634859,0.22331953,0.040295035,1.314497,2.1226718,0.24487622,1.144157,0.0,1.9406724,0.34067088,0.00917276,0.0538882,1.2763408,0.026539648,0.16641274,0.069183,0.75615036,2.5821135,0.89852726,4.339607,0.00953594,1.3739802,0.36833167,0.53583616,0.11228928,3.2606642,0.16375548,4.521387,0.9889552,0.07360103,all_pothole_images\pothole_images_optimized_image_264.jpg
0.8650877,0.9257926,0.1347535,2.1465313,0.31651145,0.6571992,0.109009296,0.05773133,0.13804711,0.82905656,0.024634961,0.9724451,0.08740546,2.2152896,0.2450991,0.38470683,0.102725215,0.03677789,0.011128648,0.6778072,0.8915536,1.0988411,0.2605067,0.33502582,1.5748826,0.90948874,0.26075572,3.0378246,0.3309974,0.098014414,0.5682417,0.23912752,0.4410478,0.7712634,0.11339858,0.12666418,0.09386921,0.535808,0.51399606,0.6206869,0.32507956,0.038201597,0.60898685,0.5334727,0.9690702,0.8277451,0.053506143,0.15413141,0.4900434,0.008282525,0.60126525,0.007569734,0.2326114,0.10041108,0.01489526,1.4751325,0.95946664,0.64299536,0.14261709,0.0,0.16289584,0.11992856,0.812587,0.28628907,0.2160566,1.5003506,0.75342685,0.06529179,0.66863984,0.040162794,0.8032261,0.14245062,0.12407622,0.1932016,0.47271633,0.21293782,0.034794666,1.5849768,0.23460147,0.094721586,0.09942965,0.35186222,0.7491279,0.8072281,0.19322693,0.48700565,0.73311156,0.14304969,1.7070066,0.2129696,0.26407793,0.015838398,0.055278562,0.8044575,0.0059217294,0.060915552,0.2701011,0.3128794,0.64246404,1.2526988,0.11027762,2.267257,0.16625285,0.23058619,0.071793124,0.0,0.7943245,0.33303314,0.011393249,0.6194788,0.07772145,0.82642907,0.21349004,0.1847308,0.71778363,0.22221276,0.95568675,0.049462862,1.147683,0.52441746,1.7018566,0.11556108,0.41022447,0.6908359,0.8471859,0.6746853,2.0958743,0.35888788,0.5406547,0.35827762,0.06848212,0.043527324,0.012066279,0.29683715,0.46824622,0.6055767,0.84499145,1.0121932,0.8907729,0.19240996,0.057072073,0.31073284,0.013601198,0.46188533,0.15534775,1.2550406,0.0,0.0074662636,0.276859,0.040869433,0.72573495,0.3783582,0.26582524,0.0,0.58284813,1.0450187,0.71760046,0.2538571,0.122628815,0.23832147,0.76910996,1.9858317,0.22004686,1.2157198,0.052525144,1.1317247,0.9492508,0.5754772,3.3725734,1.0714693,0.0,0.0,0.21022348,0.0025423518,0.24977787,0.32226577,0.3582765,0.032985695,0.6239068,0.2943762,0.03984762,1.5555615,1.1287602,0.42121103,1.7474399,0.0026608626,0.0031338274,0.8987704,0.8098641,0.2085457,0.23372564,0.052850317,0.18645144,0.69970673,0.9108365,0.16094272,0.3965583,0.409395,0.80344737,0.4131521,0.50934976,1.0450027,0.41134807,0.59472185,1.4353863,0.34185213,1.1887174,0.1062022,0.526122,0.6882827,0.04052592,0.0,0.42481855,0.38214767,0.99130887,1.4645342,0.38936692,0.10601289,0.04150656,0.025687683,1.2351569,0.7168566,0.6385207,0.11129022,0.0,0.007691682,1.8929964,0.15593283,1.1329703,0.64658594,0.0,0.019227104,0.05272594,0.061132677,0.1660262,0.022934034,2.8917596,0.0,0.22625393,0.2697532,0.43194595,0.24269399,0.053582508,0.05493458,0.12852815,0.0,0.66438174,0.5169933,0.22287893,5.4320846,0.8703809,0.07242064,0.38386127,0.32825005,0.015562478,0.38185605,0.68892246,0.053321175,0.08470879,2.7897182,0.10521467,0.29066652,0.14855896,0.40383166,0.18725185,0.20086144,0.17647828,0.2215324,1.5181636,0.31671938,0.70229346,0.14226423,0.701771,0.38603505,0.6341362,0.14628562,0.59388274,1.319062,0.09848061,0.81406915,1.1379128,0.03035897,0.6014801,0.7983259,0.5151081,0.400935,0.7937109,0.3842539,0.8041425,0.008317201,0.033343773,0.17241836,0.049234796,0.56653756,0.25690967,0.6152935,0.03399089,1.4887003,0.069036625,2.0286272,0.5465913,0.14379476,0.042726398,0.2867343,5.808559,0.15433675,0.03491916,0.20490126,0.13492955,0.48728526,0.0057118717,0.5159636,2.0183718,0.59435946,0.05933673,0.31399867,0.027234364,0.95575774,2.266896,0.32683608,0.17127542,0.001206484,0.19929917,0.42165363,0.07351597,0.13646701,0.89000994,0.12258743,0.31457996,0.12356674,2.5439217,0.019455075,0.24326788,0.011422713,0.121495925,0.050620526,1.7984718,0.64679414,0.2284027,1.251682,0.28688082,1.2738854,2.906846,0.41347846,0.5882978,0.004116001,0.83814174,0.55131924,0.61798316,0.11592926,0.6278099,0.84368986,0.040752683,0.80410004,0.1338724,0.0019448472,0.10521572,1.4147339,0.22801438,0.13180913,0.039859213,0.08597121,0.16879345,0.076188765,0.0,0.08363854,0.9345459,0.3256058,0.029819934,0.5356377,0.19051884,0.1992355,0.19609389,0.0,0.23835592,0.41680914,0.022871196,0.02196526,0.6536521,0.06609379,0.40865102,0.11173459,0.35663018,0.26361024,2.548193,1.3968384,1.2186729,0.0059972075,0.09553404,1.6216402,0.162013,0.21759619,0.012629883,0.25617883,0.09186587,0.5293635,0.3750384,0.6766698,0.6875881,0.64783275,1.3094761,1.0957319,0.5481448,0.6598282,0.19009094,0.86704165,0.24242875,0.7692742,0.6495137,0.76296616,0.8296702,0.047743384,0.34631473,1.2082856,0.0010890486,0.08387573,0.04575598,0.19587485,0.8651066,0.51130766,2.2714772,0.034424853,0.7705872,0.77331465,1.7631079,0.03929646,0.6775221,0.7533527,0.2945076,0.20633584,0.6882578,0.13873933,0.14779423,0.22385012,0.70290184,1.2541327,0.23442386,0.9634329,0.14245404,1.1914189,0.7740871,0.14669165,0.08252283,0.10368469,0.2234574,0.037312105,0.8307196,1.0664732,0.18211105,0.5396752,0.81814253,0.98076487,0.74879813,0.20037925,0.7510419,0.54888046,0.25186747,0.07854805,0.45226672,0.32074335,1.7321739,0.20456155,0.52641857,0.99234825,1.2285877,0.087413765,0.43931875,0.0327932,0.66521174,0.5362303,0.027264701,0.17522705,0.29824957,0.43818474,0.7457334,0.0,0.16308804,1.0802059,0.5479932,0.017005522,0.035899065,1.7680504,0.7904499,0.312295,0.12267936,0.0,0.15709642,0.1226655,1.0883529,0.12477074,0.122110955,0.44042224,0.0012455195,0.037865944,0.014833897,0.02866475,0.0024625538,0.017391926,0.014144369,0.39265645,0.32232365,3.2644994,0.50757533,0.18910366,0.3514766,1.2662648,0.8864543,0.10255744,0.07623087,1.562707,0.29529285,0.33876315,all_pothole_images\pothole_images_optimized_image_265.jpg
1.5128947,0.46400192,0.20841032,1.0338095,0.96043384,0.06872361,0.034212545,0.0,0.4020083,0.8625639,0.31989428,0.44379362,0.16261995,0.7631442,0.11218707,0.37299034,0.020119557,0.25901237,0.9017251,0.25371364,0.84100443,3.5417807,0.7040042,0.53921294,1.6075313,0.208036,0.49136165,0.8938223,0.028003454,0.08952341,0.25195786,0.0723138,0.71950084,0.095712446,0.76420873,0.72532403,1.163286,1.1098893,0.23586515,0.4881274,0.91085994,0.28884074,0.03599622,0.5733351,0.45316437,0.49088135,0.2634201,0.061128996,0.3172759,1.6048814,1.0091484,0.090114765,0.89120317,0.038619835,0.04253466,0.4879521,0.99508286,0.003643078,0.05648616,0.2400602,1.458749,0.6635956,0.24390063,0.08440513,0.30419368,1.0648824,0.105053104,0.3360552,0.14275281,0.6507748,0.39966488,0.39071336,0.29141864,0.17881286,0.5970417,2.005893,1.1151328,1.7014196,0.22621365,0.027873743,0.04531247,0.07670912,0.32751137,0.9030305,0.48943064,0.08960876,0.17878062,0.20326267,3.7608306,0.36509869,0.9819481,0.11842974,0.09154769,0.14968538,0.32005733,0.23628196,0.52820665,0.9026736,0.5923221,0.72776824,0.29848146,2.0171416,0.33622515,0.04585106,0.4443877,0.040647604,0.20667788,0.42166904,0.14092444,2.1257665,1.5864253,3.57936,0.3738818,0.39230135,0.41278765,1.0591888,2.0023174,1.845927,1.9215378,1.3334584,2.054574,2.094087,0.7985189,2.5418386,0.14991462,2.1314516,0.09995579,0.5823106,0.09788656,0.7612197,0.35281122,0.4995254,0.17587817,0.42941728,0.22662134,0.09226745,0.025890581,0.22701488,0.017012766,0.073709115,1.2722251,0.043092094,0.639054,1.3279645,0.73648787,0.49158078,0.81464297,0.2075043,0.07318487,0.64852655,0.7513113,0.6170283,0.08461555,0.17647567,1.5776738,0.23424008,1.4196228,2.1535761,0.28441593,0.50541073,1.3496381,0.29900047,0.10111421,4.062318,0.13909958,0.68583786,1.1210927,0.4748074,0.5650221,0.6444728,0.94256514,0.0,0.91628635,1.1163852,1.2447791,0.812216,0.25644207,0.024652982,1.14494,0.14666358,0.0534366,1.0836868,3.2783804,1.9600121,1.9984083,0.65282166,0.096156314,2.2662983,0.93258715,0.6160393,0.032785185,0.782421,0.26989743,3.4434662,0.15830979,0.3099349,0.44856519,0.5160801,0.5138089,0.3357535,0.41188774,1.1515957,0.22407383,0.3913807,2.0137877,0.6285055,0.24042362,0.13706161,0.17531322,0.51513004,0.08852221,0.6041779,0.85836375,1.19838,0.7235558,0.49594128,1.0408458,0.0,0.90391374,0.21503372,2.0018368,0.045435034,0.008125944,0.80831456,0.12199899,0.87380916,1.0335481,0.7292076,0.4750345,0.21914953,0.025729978,0.77930135,0.3889598,0.3805203,0.25105232,0.25553146,0.22442105,1.3503689,0.15984885,0.045934062,0.16060242,0.010640569,0.7365159,0.14379962,0.3679451,0.44254458,0.21366757,0.07819221,0.3125665,1.798813,0.050011463,0.2872633,0.69386077,0.67414945,1.0265367,0.03986685,0.075066745,0.23236042,0.6681321,1.2153323,0.5405307,0.7113335,1.0252243,0.1749868,0.017171288,1.5244606,0.12105637,0.3921493,1.6919708,0.33950925,1.3895265,0.20925853,0.7120075,1.4551117,0.47164935,0.7399044,0.16491982,0.4492629,0.14174101,0.43177265,0.15152587,0.29598618,0.93160754,0.31482875,0.76043296,0.025660442,0.30215174,0.16530882,0.46603337,0.23694193,0.33567265,3.649358,0.25426108,0.58000636,0.16014229,0.60758734,2.6155102,0.2448247,0.21826191,0.30831668,0.44555578,0.63801664,0.004026826,1.4161944,3.1874545,0.010983797,0.0017043279,1.1581657,0.54391944,0.80477726,0.39965552,0.33552113,5.4445515,1.2571847,0.0,0.57161963,0.020932714,0.5002193,0.6645288,0.7300534,0.2558516,0.7661027,0.2900425,0.14593324,0.8641041,0.44948047,0.41322932,0.26406306,0.56747925,1.3372027,1.4529777,0.57986015,0.0,0.23421228,1.4056554,0.84523475,0.3348625,0.35880166,0.3266348,0.0,0.6643731,1.251978,1.0514975,0.022982193,0.11787625,0.38067973,0.014344811,0.0025981865,0.18743695,0.14798117,0.2794824,0.9129981,0.89138776,0.084701516,0.22710887,0.0,0.4501814,0.84767133,1.5325054,0.822078,0.017607799,0.0,0.6780768,0.084335454,0.10225599,1.011019,0.8800065,0.5473425,0.42693925,0.06265356,1.8257306,2.1621776,0.927385,0.5867153,1.4979305,0.1857741,0.010645834,0.53403646,0.31432864,0.6122499,0.6679773,0.014963609,2.525691,2.762531,1.3086827,1.0181643,2.4810693,0.25437996,0.85510904,0.8925345,2.8439305,2.2794015,0.9076988,0.6764937,0.0,0.15024044,0.26596084,0.26634735,0.62457085,0.7155106,1.6384015,0.7909079,0.028984906,0.6301088,0.13005736,0.06730251,0.14689755,0.38748568,0.19881216,0.42263165,0.8207834,0.75237006,1.915081,0.22456671,0.34987506,0.30240726,1.3644409,0.61292213,0.053020604,1.4466603,1.1861912,0.55274516,2.2893898,0.38756606,2.0503967,1.4222189,0.22361457,1.5903496,0.8019015,0.16707334,1.1800859,0.16643347,0.92088217,0.07457038,0.21228755,5.082934,1.928479,0.46997008,0.7036917,0.21489844,1.1809478,0.19324538,0.0016919062,0.24213998,0.23802866,0.34846812,2.042155,0.21758737,0.25229156,1.3655807,1.0681686,0.4166227,1.002249,0.6385268,0.457922,1.1356763,2.2699783,0.37987557,0.39100653,2.4374485,2.0724807,0.0,1.1842341,0.19254552,0.23959085,0.54865676,0.2625598,0.9632266,1.8436266,1.0315721,0.6918597,0.7095358,0.06225779,1.1222178,1.0678118,0.18514328,0.4474418,0.22066435,1.0692431,0.1588907,0.2653114,3.4080598,0.32897073,2.224928,0.0,0.023321584,0.7068698,0.7393115,0.1716745,0.54196954,0.43934405,0.6786555,0.07133271,0.19084817,0.0,0.12953927,0.40494704,0.8064389,0.50361985,0.92760533,0.42057252,3.2486672,0.31419072,1.1812153,0.41777092,0.34182394,0.0,0.18430258,0.47204432,0.764735,1.4047259,0.1531712,all_pothole_images\pothole_images_optimized_image_266.jpg
0.38338828,2.350147,1.0572779,1.5004064,1.0667447,0.15897365,0.9031831,0.13888194,0.11782145,1.0600206,0.31899533,1.3444408,0.049781673,2.289243,0.47261253,1.1319512,0.32723776,0.85241854,2.1720064,0.39868292,1.1714901,2.51114,0.45720002,0.9389402,0.19907276,1.3651998,1.0098515,3.1493862,0.40680873,0.12335632,0.7431231,0.03317249,0.3584938,0.2863239,0.6513704,1.6948364,1.2469914,2.3786721,0.78679687,0.74353915,0.3788774,0.3636326,0.3824078,1.2039639,0.734545,0.8428731,0.24018244,0.14691947,0.22292647,0.5675485,1.7761028,0.17106865,0.37036747,0.7251716,0.18631543,1.3836845,1.375219,0.00084171304,0.9754886,0.2663914,1.0716444,1.5194407,1.5985951,0.2504483,0.9098839,1.1542392,0.7294977,0.09127191,0.36484674,0.42585143,0.14168742,1.1303718,0.4149712,0.30568904,1.0030893,1.088082,0.7833216,1.6107755,0.14023484,0.22035913,0.7540238,0.01617444,0.3445202,2.3905697,0.9593135,0.19097984,0.44366002,0.14708088,3.726241,0.3228425,0.15552256,0.24823643,0.18496934,0.30446696,0.34929866,0.0,0.96008265,1.5328062,1.1312716,1.0354822,0.24170777,2.4801888,1.1544483,0.5583697,0.38114703,0.16990261,0.75406754,0.07583148,0.17798747,1.0892345,0.06709145,2.3582187,0.77027243,0.02270212,0.84832597,0.47657388,1.6827711,0.94757795,1.2125275,1.0703522,0.54402155,0.70905894,0.35669574,0.6394184,0.4247606,0.3985274,1.2694515,0.98153263,0.2526552,0.24247546,0.90912145,0.13998842,0.5980436,0.19277976,0.0827521,0.3275179,0.30760723,0.6439582,0.42612636,0.15983288,1.141212,0.09233431,0.2811111,1.0854177,0.7460232,1.0379318,0.78609776,0.14566103,1.0250485,1.4579957,1.497281,1.025557,0.0,0.1655745,0.90867037,0.56928813,1.1207561,0.5435013,0.79809964,0.5946629,0.99274397,1.1161846,0.31493965,3.3035197,0.42816725,0.60448325,2.302308,0.9052976,0.47914207,0.8028212,0.2756565,0.25235778,0.34437746,0.59030235,1.1742778,0.13048814,0.09735015,0.045597985,0.92916423,0.4917014,0.09741043,2.2155225,1.6250491,0.84266186,0.81660146,0.31770593,0.22472332,2.3152118,0.04619022,0.89441025,0.8720106,0.5139496,0.012717455,2.1740997,0.024056625,0.05117286,1.0338483,0.33449656,1.5284724,0.31893057,0.13125631,1.3605597,0.6455509,0.28081703,0.7703261,0.26222062,0.15166934,1.279733,0.41052392,0.23021095,0.021582842,0.22086799,2.2063913,0.74096847,1.6567152,0.9328926,1.3826616,0.15301883,1.0464534,0.30950487,1.7343615,0.10577816,0.25972715,0.44104946,0.40844184,1.6372834,0.5416764,0.31398377,0.611281,0.65572417,0.5359616,0.74512947,0.44928682,0.06919671,0.17347935,0.1280709,1.744812,0.6511691,0.015727047,0.402765,0.20007432,0.25438747,0.21730691,0.26933694,0.38305765,0.23641482,0.9086497,0.02344727,0.8853369,3.1875453,2.8140974,0.07357543,0.8262665,0.64335436,0.29577184,1.3255017,1.4739776,1.492442,1.6677043,2.0615654,0.6644105,0.54043555,1.0375754,1.6642427,0.5850466,0.40193546,0.087781064,0.5509105,0.56818473,0.23659332,0.33783078,0.5473885,0.1767724,0.083035685,1.09856,0.48682785,0.61178267,0.45109013,1.7158505,0.97954726,0.2913343,0.1742457,0.21781993,1.6221198,1.0971309,0.4032986,0.83690375,0.55683553,1.5640767,0.43018183,0.26584652,1.311987,0.36441553,0.08466625,0.29092342,0.29460296,1.4631369,0.85507774,1.0508773,0.70852864,0.17453302,1.3837677,1.0355095,1.6132003,3.584261,0.2689896,0.3897818,1.0264776,1.2210314,1.571907,1.8116475,1.6770049,2.8622205,0.5092684,1.1431093,1.3000082,1.0272223,0.9174518,2.157264,0.28579217,0.014307287,0.7877515,0.20045042,0.016602447,1.2902703,1.4355206,0.22239602,0.019916335,1.0163553,1.824665,0.7966831,0.56733423,0.028822677,0.2009734,0.41586754,0.1787016,1.9953728,1.4687431,0.043359373,0.6486313,1.206787,0.51203626,0.6898621,0.70418733,0.82498914,0.6813128,0.6659244,0.13223323,0.7835518,0.9714072,1.3884335,0.48812905,1.7373832,0.09441056,0.05617997,0.60924774,0.7552419,0.31185672,0.06040715,0.16622224,0.41003153,0.6754956,0.3940209,1.0148706,0.8826373,0.5124574,1.5541886,0.5239761,0.23424867,0.101184025,1.0080262,0.6902415,0.94885004,0.6520228,0.1755846,0.6619637,0.22866853,0.33379903,0.008617207,0.5078479,0.9520634,0.57535034,1.6060508,1.5625864,2.0998976,0.27527288,2.1219141,0.0,1.4139985,2.0322535,2.47905,0.22094859,0.15104268,0.9082406,0.10977891,0.06189237,1.3109971,0.11544518,0.78506255,0.106349,1.1690758,0.58390397,0.02086525,1.0730603,0.82197833,0.0025033045,0.6757711,1.3371161,0.5429614,0.38425767,0.83883196,0.4010894,0.31801838,0.8948174,0.037645128,0.12702486,0.2104921,1.2341955,0.092204444,0.2617404,3.1899252,0.92756,0.8663613,1.6117973,1.8523546,0.6052886,0.041790675,1.453589,0.34366545,0.5638737,0.11489037,0.5254307,0.115633175,0.9864648,1.0067949,2.7237523,0.77189744,0.8028023,0.089517854,0.33347255,2.4384723,0.473715,0.20867048,0.064670116,0.3151877,0.17932339,3.0292962,0.610077,0.45298946,0.44798395,1.0379065,0.40794736,1.5046539,0.7069958,1.0064778,1.3324784,1.9616934,0.66547555,0.20938332,0.4417132,0.25487953,0.07627957,0.7688662,0.50230736,0.3801378,1.4972216,0.44930637,0.24371217,0.6076277,1.1278552,1.2152258,1.9031302,1.0847285,0.6857072,0.54149675,0.61179507,1.2978436,0.5944623,0.8475461,0.29034042,0.53244394,2.4384506,0.030226424,0.4982459,0.385665,0.40602073,1.5327703,0.058495395,0.8303978,0.3627377,0.6143375,0.7508059,1.0809989,1.7902834,0.009982961,0.35653755,0.066255845,1.106521,0.07460678,0.2008036,1.754326,3.3524637,0.03762035,1.2181436,0.8832391,0.5997407,0.15076451,0.11485171,0.24099357,0.4392309,0.12821092,0.32354996,all_pothole_images\pothole_images_optimized_image_267.jpg
0.2734584,1.28274,0.66798943,2.0765893,2.0911558,0.019705927,0.14476804,0.5189004,0.38160166,1.5275046,0.2715045,0.1430199,0.10092071,2.3074105,0.05070599,1.0680882,0.06372676,1.8583728,0.4190092,0.11923641,0.5312684,0.32086688,1.7036674,3.0892255,2.0445294,0.09035698,0.064041466,0.04950153,0.014977449,0.631208,0.2574693,0.13743524,0.08874076,3.074872,0.15181614,0.13291958,0.23970343,2.0359025,2.680434,0.17859717,0.06333305,0.15434939,0.29644686,0.020947719,0.32608137,0.05869468,0.4517798,0.11022458,0.22554457,0.27478638,0.1354637,0.45693642,0.48423594,0.018596968,0.0,0.54218733,0.07261421,0.79029006,0.3488163,0.092158124,0.0,0.042868186,0.09279463,0.39901802,0.7867561,0.4885205,1.0538143,0.08767504,0.34634143,0.006914612,0.8428336,1.0403838,0.21375987,0.13538465,0.102522194,0.24213743,0.16820246,0.102682784,0.038769547,0.2419339,0.06733234,0.35908806,1.1458173,0.74219424,0.36445162,0.6792115,0.5562353,0.08028366,1.6637087,0.10265262,0.66229016,0.102098726,0.82466966,1.7843918,0.9968115,0.070780024,2.2377665,0.6631234,0.0096982075,1.9320197,0.19634102,0.9729399,0.22100976,0.080916435,1.1736586,0.27163637,0.09323977,0.01942934,0.1461813,0.91804993,0.05287216,0.14246172,0.24711052,1.2452964,0.4177099,0.5141687,0.0051616556,0.2683349,2.0620036,0.72050244,1.8289542,0.5841985,0.6386566,0.781575,1.502418,0.14967908,0.0,0.43747625,0.068868205,0.25208002,1.7327108,0.07625495,0.071881875,0.037857894,0.41435248,0.035767045,1.1563419,0.24814695,0.6402453,0.55913323,0.17035767,2.5436335,0.17794916,1.7422873,0.18089111,0.7815438,1.6090093,0.19293384,0.24671347,0.20925727,0.075920746,1.58051,0.5618134,0.26638168,1.0884287,1.589658,0.11123799,0.9374093,1.0845848,0.43092003,1.2281083,1.5612528,0.37894186,2.8875928,2.0557885,0.0050345617,0.20331942,0.10705647,0.6040735,1.8368206,0.66809255,0.22105516,0.16831793,0.40163887,0.7832174,0.6364935,0.55063254,0.039161697,0.22891223,0.31932747,0.074991144,1.3845897,0.18446322,3.527979,3.2890995,0.5984216,0.100815885,0.6104696,1.4539877,0.29366097,0.54388654,3.6484375,0.034740437,0.54255575,2.483517,1.3346125,2.1337774,0.41697302,1.037239,0.012973251,0.17195046,1.155607,0.025776386,0.46547723,0.041029412,1.0756558,0.91768754,0.40385225,4.175843,1.8712939,0.0075427117,0.020709641,0.1934784,0.7322737,0.07932014,0.13533124,0.014142269,0.046599437,1.1397812,1.1350027,1.5191071,0.72671866,1.3532314,0.0054303496,0.4818847,0.040681418,0.21628873,0.0,1.8846633,0.017827418,0.019007333,0.7435815,0.9719951,0.3248586,0.14401029,0.04488127,2.4699466,0.914942,1.4329531,0.8936812,0.07095047,0.5455873,0.72244775,1.2567397,0.24372327,0.01637048,0.5648217,0.14475657,1.6117483,4.585814,0.39621124,0.3550391,0.44169617,0.0,0.23930372,0.074768096,0.16400096,0.6942235,0.018116923,4.5763965,1.8988099,1.7222178,0.5807213,1.7449702,0.0,0.4850881,2.4061756,0.2707311,2.3589635,0.52813184,0.074759334,0.0071468498,2.0334065,0.8668593,0.14682247,1.3449569,0.24584474,0.19854705,1.2257488,0.31178603,0.0345663,0.07740512,1.4104706,0.0,0.15567902,2.055778,0.41889012,0.71416706,0.0,0.21390893,0.08820737,0.87473184,0.13305914,1.1850893,1.139416,0.5890734,1.4817033,0.30239424,0.29125062,1.9164705,2.1908712,0.5402324,0.03359262,0.023485964,2.8035312,0.12086654,0.37168005,0.12710992,0.3273596,0.07229534,0.50836945,1.9198352,2.7318974,2.7671034,0.47049484,0.044402458,0.17593387,0.53551763,3.7213788,0.2662078,1.5899543,1.3272624,2.8757722,0.7750599,0.49358863,0.06679312,0.22603755,1.1355604,0.3508609,0.1497781,3.3431609,0.0,0.84609205,0.30792084,0.5183571,0.057135638,1.410396,0.5695856,0.86087126,0.689209,0.71623635,0.14325206,2.2616236,1.2967521,0.34540132,0.1014152,0.20938088,0.9569693,0.23509017,0.16134912,0.014538946,0.17435074,0.4404532,0.49693418,0.35940987,0.065683484,0.023891171,2.2114139,0.11949749,0.6639187,1.0292523,1.4348603,0.42290115,0.4742841,0.0019486104,0.012297473,0.8697648,0.3816777,1.3823137,0.39799365,0.40198866,0.15802561,0.8994413,0.63200146,0.0053624655,0.5917777,0.017081194,0.22894034,0.94948095,0.891398,2.3922455,0.50356627,0.10807023,0.7315979,0.69802934,0.07766923,1.1365439,1.0939384,0.52717495,1.5298793,0.0,1.5405276,0.058656882,0.45865393,0.015658904,0.7851135,1.5842857,1.7142168,2.8055646,0.68536144,0.059960343,0.9616941,0.5449628,0.00276544,1.0820068,0.54122907,0.9325859,0.2537402,0.26121092,0.041560747,0.016621036,0.66109604,0.009565159,0.72992796,0.0046770573,0.6427295,0.4183739,0.5781688,0.12747529,0.04571897,0.06551689,1.2165426,0.56172395,1.2963426,1.245725,1.3314282,0.5368686,0.6770214,0.25923923,1.9191666,0.3117282,0.876017,0.1011803,0.3820404,0.00859584,0.26009774,1.7866366,0.11222017,0.39143082,0.7798834,1.733312,0.7081988,0.067454845,0.05635094,0.015462359,0.32231295,0.22971538,0.11025788,0.060881797,0.8815277,0.8075024,0.25537673,2.2294538,0.06871517,0.036777113,1.3484919,0.6737834,0.32733572,1.0918431,1.2782558,1.6289576,0.7812885,0.25436208,0.35647917,0.013862972,0.13253401,2.6318994,0.02304489,0.26377174,0.08273015,0.44594553,2.195645,0.0807632,0.56551075,2.315786,0.36476287,1.5146612,0.9458159,0.100286655,0.38384947,0.9478044,0.47464976,1.7592598,0.09704396,0.20750949,0.9650265,0.09466334,0.0,0.18344516,0.002166453,1.0440105,1.3991939,0.10820386,0.06294056,0.038676295,0.07076684,0.37952477,0.028844329,0.65631646,0.20427889,1.0642675,2.2239602,1.0344324,0.3188439,0.054518145,1.0296545,0.16428554,0.3786145,0.2696341,1.3024803,0.032211993,0.0,all_pothole_images\pothole_images_optimized_image_268.jpg
0.07225244,1.097393,0.5708188,1.7998154,0.20497356,0.13649115,0.42040613,0.30671754,0.3580979,0.64182615,0.6338246,0.55511665,0.11830848,2.5682862,0.08296888,0.755185,0.19416863,0.45719784,0.61348504,0.4630918,0.65842324,1.9581438,0.39276344,0.25932464,1.104391,1.3051407,0.74632514,2.113993,0.3482008,0.09388619,0.5337925,0.08780207,0.34419772,0.25689602,0.009272263,0.37047338,0.14202756,0.6805623,0.14235361,0.5880372,0.160213,0.0,0.8481646,1.539049,1.0769162,0.88589835,0.016196784,0.100187026,0.7055412,0.107017234,0.64878905,0.5945214,0.2984556,0.9119882,0.40184867,1.3248526,2.118836,0.030091986,0.51622933,0.2065416,0.23751915,0.63331395,0.41917744,0.082369335,1.2161684,2.2948964,0.06092627,0.28438115,0.16028675,0.06018439,0.07616826,0.12219649,0.35330316,0.0,1.1636236,0.7861219,0.14962222,0.57050014,0.15331526,0.46139973,0.33638436,0.494863,0.60510695,1.7895005,0.3282437,1.1301551,0.03537765,0.7392835,3.1276443,0.63925844,0.033419706,0.3706101,0.009108442,0.30882517,0.6631655,0.6352236,0.7503587,0.52762353,1.0949407,0.66099685,0.10040458,2.3663652,0.27190912,0.16952412,1.2681007,0.4630018,0.6642733,0.62590724,0.0,0.31796125,0.0087190885,2.7005913,0.16321133,0.063829616,0.5112752,0.06668224,1.3284643,0.09889015,0.74649495,0.7401053,2.0342283,0.25416374,0.062076397,1.0271355,0.56455016,0.83470917,0.77657485,0.050395012,0.8230544,0.09683485,0.5026363,0.039969616,0.063213184,0.38470575,0.30195394,0.64036584,0.4283666,0.66148716,0.40017116,0.46174952,0.045116525,0.6585874,1.0732796,0.48707315,0.20327468,0.14490417,0.8165077,0.6283031,0.6379823,0.24974388,0.9426173,0.4641353,0.25617206,0.18702404,1.6370479,0.058060654,0.011786307,0.081891924,0.6795586,0.48952466,1.0062937,0.3540672,0.032937784,3.405006,0.32627916,0.974363,1.2317234,0.26456833,1.1518531,0.33624348,0.0040591704,0.20346133,0.24013385,0.17455387,1.1926231,0.25388142,0.35247937,0.29917997,0.02484901,0.08731063,0.14774552,4.1870008,2.6489983,1.0078834,1.4430307,0.73526996,0.13164447,1.3597485,0.75749314,0.41484582,0.5496671,0.3141579,0.11815883,0.66660464,0.45997053,0.14512989,0.6843847,1.256916,0.32884118,0.49409205,0.43665826,0.82213795,0.62903196,0.3853422,0.29597047,0.36309052,0.19443837,0.5983822,0.4519212,0.15439962,0.007367544,0.18679778,0.90643513,0.7299874,0.08537524,2.3512843,0.326919,0.020146882,0.7887506,0.6587937,1.1895176,0.3632271,0.32699218,1.6204983,0.3115795,0.27163216,1.5862081,0.25757405,0.55531484,0.21350785,0.13454612,0.1219381,0.057724006,0.026876258,0.27940908,0.043434888,1.4910157,0.0,0.14911559,0.11782444,0.7769934,0.48204282,0.089254186,0.6748233,0.089744024,0.0,0.030483358,0.40084127,0.6042167,3.3319714,1.921022,0.25258753,0.49286604,0.16575389,0.0,0.017118214,0.6239381,0.4390421,0.5670898,1.7917782,0.1344865,0.24168932,1.031321,0.0,1.1321607,0.6812936,0.061466742,1.0847404,1.8619376,0.35004488,0.1985372,0.00348985,0.47104746,0.21621947,0.5476291,0.53670156,0.071224526,0.36028036,0.02910945,0.41159755,0.46675053,0.29466167,0.15529327,0.41936377,0.9073688,1.0220606,0.7265255,0.94853705,0.80671066,0.41302097,0.088823736,0.5281381,0.1681656,0.40472442,0.2210952,0.15332882,0.45001405,0.46626028,0.24275273,1.0503464,0.7214555,0.98269945,0.43078473,0.28758293,3.8809488,0.074081756,0.002662294,0.110235095,0.57609475,0.48021486,0.21887258,0.42699206,3.9123256,1.6567798,0.15650645,0.7523515,0.2997707,0.72765803,1.2245961,0.32776025,0.058002077,0.34823278,0.21287955,0.4022269,1.358225,0.81894183,0.38467973,0.19060525,0.7266774,0.21426526,1.8683068,0.42234948,0.30771908,0.5018665,0.14385992,0.0873503,1.0430259,1.1549429,0.35077953,0.8844702,0.10949609,0.88040906,0.9992718,0.14747722,0.9503963,0.24295773,0.28044307,0.07997958,0.39392796,0.83437073,0.78426343,0.29612443,2.1038485,0.053685717,0.09018701,0.9992821,0.15233703,0.98950464,0.29399127,0.8435072,0.28714305,0.0010956138,0.3867175,0.93610626,0.14929137,0.045716975,1.4394573,0.39215347,0.34899256,0.4743721,0.97417194,0.16499464,0.28929302,0.36241117,0.33124673,0.42366144,0.06458464,0.0979768,0.09591326,0.53972864,0.18298589,0.1085112,0.6174096,0.92108434,2.17017,0.5182462,0.8318286,0.0,0.1525041,1.8676103,0.7397993,1.73767,0.05658535,0.5372759,0.013426427,0.107381694,1.2740251,0.5130244,0.15099719,0.02673391,1.9552956,0.7026747,0.5379497,1.5543575,0.87220573,0.2141496,0.28326315,0.6896221,0.3509203,0.10160115,0.04000569,0.53858465,0.13494705,0.43298444,0.0,0.07780041,0.5021239,0.12944855,0.060297653,0.16667093,2.1439261,0.34737477,0.9943983,1.558227,1.8365371,0.0,0.3903269,0.42279652,0.74326754,0.46792316,1.0152745,0.04471499,0.84169567,1.3880956,1.0450579,3.1766949,0.71712786,1.2010617,0.18378259,0.5768781,1.0674874,0.18322106,0.07093783,0.034214143,0.11673881,0.03238729,1.2379303,1.3467845,0.2381677,0.3938,0.7638585,0.5417529,1.204055,0.69151586,0.97158736,1.0442703,0.5634151,0.12618153,0.32652372,0.85724723,0.6894096,0.009234836,0.18625382,0.21573521,0.61978096,1.0479317,0.5899126,0.43015498,0.07932607,1.8299612,1.3071971,0.26734897,0.072803736,0.2635396,0.21833058,0.7499665,0.22404483,0.8705094,0.38972396,0.2808217,0.962658,3.0916767,2.089239,0.5852628,0.0076161325,1.1208905,0.48741317,0.09724979,0.86962575,0.254452,0.076525524,1.8396909,0.18341337,0.036894124,0.24230541,0.00036582974,0.45035675,0.060517173,0.47921467,0.37487894,0.4027699,2.6874201,1.9903876,0.17330967,0.03586888,0.42296326,0.04198876,0.42100447,0.3448509,0.1274498,0.81026316,0.13360694,all_pothole_images\pothole_images_optimized_image_269.jpg
0.93965894,2.1153343,0.45999348,0.91410327,0.7424523,0.5151469,0.7124665,0.45408338,0.049432635,1.5335706,0.600794,0.73947763,0.90843713,0.68789744,0.52433604,0.50470376,0.23831719,0.2639688,0.10602542,0.08969338,0.07160518,2.0632932,1.040332,1.5243689,0.073607385,0.42228144,0.4209762,1.3569576,0.13113154,0.67763084,1.0887579,0.05099789,0.33739477,0.88208336,0.8759426,0.8068187,0.048731018,0.7403905,0.39287633,1.1230844,0.030326065,0.034499317,0.06985161,1.4756415,1.7484591,0.1566931,0.50864625,0.0008999038,0.2804352,0.84235036,0.63184726,0.30452,0.33016688,0.18523027,0.0,1.5592788,0.7049324,0.2599732,1.9255469,0.16124447,0.44449678,0.32712364,1.0185221,0.7075405,0.26754582,2.4134765,0.48555824,0.10256262,0.023933467,1.0734379,0.4587656,0.35787186,0.3521475,0.58203757,0.3050789,0.6295566,0.08305271,0.19410452,0.0,0.12536718,0.44017577,0.008984208,1.0845522,1.6187612,1.2727149,0.55772835,0.41606864,0.1902667,2.2616582,0.6998635,0.16976407,0.5870562,0.63280326,0.18237498,0.13364103,1.2577327,0.32154837,1.0379014,0.13654493,0.18859395,0.21374944,0.90811294,0.043574013,0.38592672,0.08594506,0.60104114,0.53855836,0.26785848,0.9554078,0.043507773,0.8655381,1.0439059,0.19054505,1.0819813,0.5000773,0.63215405,1.6040454,0.935858,1.0853975,0.23386514,1.6597043,1.167748,0.70309854,1.3963506,0.54595196,1.9967741,0.11065378,0.6629384,0.58335036,0.9235282,1.1469936,0.0,0.17554285,0.24251959,0.05886196,0.34307903,0.67529935,0.47078174,1.0528152,0.09847327,0.8676092,0.49675554,0.26996532,1.7684963,0.3251527,1.3670548,0.7201907,0.09388022,0.21965866,1.6463069,0.7046944,0.33290836,0.33394802,0.00224476,0.8641266,0.7236733,1.9729056,0.5884853,0.33130938,1.3643528,2.7741566,1.5394458,0.83157706,3.3873682,0.13797972,0.28974584,1.4797643,0.6332148,1.8571414,0.33287397,0.11203639,0.08283052,0.052827954,0.6330125,0.24822254,0.92725337,0.5156931,0.5560103,0.29092953,0.5472965,0.041892834,1.9533607,1.5074615,1.0233755,0.8327834,0.57829624,0.10362671,0.4899384,0.61717933,0.6644709,0.102728,0.503237,0.4351769,1.5471631,0.112130925,0.24324897,0.3838238,0.8550223,0.024163099,1.5771557,0.035391066,0.57523,0.94040245,0.8786566,2.2973776,0.3528228,0.7740957,0.12919596,1.0581496,0.24681339,0.1021028,0.81221884,0.6749545,0.49515495,0.4600534,0.48786357,0.7160172,0.15395047,1.4273844,0.5966826,0.3230437,0.54710245,0.8427234,0.5556081,0.3237391,1.292948,0.66502595,1.2303288,0.26812595,0.28049913,0.3099072,0.34704795,0.008998786,0.19231541,0.42064035,0.012198532,0.72646517,0.22533168,0.08203313,0.30951273,0.81684345,0.006575716,0.5887134,0.04610335,0.37880057,0.2615508,0.97878575,0.6137842,0.44692615,2.8261595,0.78106517,0.03224875,0.52044475,0.47618422,0.2171977,0.56994236,1.7734815,0.27599806,0.6875503,1.5734133,0.44226015,1.098132,0.1804284,0.32406926,0.70523524,0.54829204,0.24172595,1.4188234,0.36649868,0.09063376,0.3564366,0.5980533,0.7754781,0.6498653,1.518206,1.2802788,0.88231814,0.3081059,1.0848093,0.41566047,2.453507,0.19964162,0.71642315,0.59548616,1.7572398,0.91463935,1.1371218,0.03940833,1.0861747,0.5935253,0.24996974,0.8041695,0.15030216,1.9574205,0.08467281,0.19919835,0.8569705,2.798562,0.8437115,0.82880074,0.34237254,0.55102366,0.024074435,0.04678729,4.109717,0.08054228,0.25740647,0.584691,0.07008772,0.72477424,0.62965894,1.4886374,4.0509806,1.4815924,0.88794947,0.07295858,0.20782104,1.0688369,0.734455,0.1264784,0.8485016,0.10880895,0.10937389,1.4918554,0.13174641,0.5275354,1.1480495,0.039636668,1.3045752,0.47808862,3.3517191,0.47217637,0.085489504,0.080780104,0.0,0.25895867,0.03764403,0.16632754,1.0463252,0.122118756,0.42378658,1.244855,0.6494968,0.11201195,0.46606043,0.21012275,0.14004093,0.08527883,0.19358693,0.43865898,0.27690178,1.2087017,0.4856209,0.5293347,0.07521289,0.43103448,0.1718516,0.28681767,0.9793262,0.40460372,0.59749365,0.3447493,1.6111484,0.1799655,0.005131206,0.228733,1.37425,0.74404967,0.7957772,0.38665715,0.6192431,0.30240002,1.0780829,0.5679344,0.4606083,1.0378476,0.3127013,0.008794711,1.5095118,0.87390065,0.17993288,0.2371846,0.6951472,0.10040875,1.4670275,3.5689678,1.772693,0.096084386,0.06827833,1.3305256,1.1573255,1.0869826,0.26695785,0.2561443,0.1399823,0.12820569,0.3819195,0.46902937,0.4156062,1.6974468,3.276589,0.8163384,0.09084489,0.6139021,0.3295702,0.0017797934,0.8813905,1.1360918,0.29190713,0.41371438,2.2655718,0.7959763,0.3490369,0.19459648,0.23920125,0.2885674,0.17636356,0.30758512,0.12231932,0.3491251,1.833287,0.17373265,1.804652,1.826375,2.3835711,1.1237217,2.1091292,0.82055336,0.16114482,0.34426242,1.6869494,0.32240027,0.5834224,0.77777165,0.14706723,2.0258493,0.74789006,0.67293125,0.054896686,0.5130093,0.59238464,0.18465407,0.36212733,0.20057985,0.19010666,0.6564368,2.1227918,1.486813,1.0660796,1.3821666,0.7060299,0.17874438,1.0476527,1.6583992,1.14107,0.33826968,0.38093743,1.4609032,0.1381977,0.77039087,1.140058,0.6740633,0.49382633,0.39230964,0.05780785,0.07310238,0.02780162,0.0017390966,0.983653,0.33311868,0.47263366,0.61855334,0.32474393,0.86018944,0.61709505,0.05595241,0.043463483,0.08676171,0.4499718,0.03548622,0.33976582,1.4053749,0.493784,0.29704136,0.0,0.9542171,0.4573182,0.139989,0.998379,0.039626133,0.7111354,0.99257535,0.09750634,0.012802019,0.2022123,0.5338952,0.009629801,0.03146838,0.09717663,1.0161928,0.16293858,2.5491862,0.5544418,0.68375224,1.1918526,0.6198824,0.015928995,0.51776534,0.2034644,1.139765,0.2689903,0.754127,all_pothole_images\pothole_images_optimized_image_27.jpg
1.5630597,2.0239348,0.5362756,1.3733912,0.26294592,0.7700092,1.1679621,0.009681962,0.10232196,0.6471521,0.18780257,0.79318726,0.51709044,1.1213742,0.33068812,0.19500759,0.04566614,0.8486191,0.22481614,0.033661414,0.6589645,1.5835983,0.9201576,0.90995073,0.34436852,0.24876696,0.9059202,1.0131168,0.24290983,0.52866423,0.58196414,0.16754344,1.147342,0.09613259,0.43311808,0.34104443,0.5574805,1.1732802,0.093328826,0.15660763,0.0085385,0.6595001,0.20147456,2.3193707,0.40975928,0.032321848,0.099507235,0.036815472,0.37851068,0.12545699,0.44623783,0.060694307,0.35445216,0.024050264,0.0,0.5309097,1.5353745,0.44256505,0.0077734436,0.45437965,0.0016613114,0.12709339,2.4142015,1.2890551,0.85583735,0.3157374,0.076658435,0.11522246,0.02886991,1.0124193,0.3738288,0.39764076,0.0059733638,0.61046886,0.03231024,0.30690148,0.8966366,1.0846587,0.123023905,0.39945143,1.0172431,0.25538772,0.10918827,1.0482093,0.70311075,0.44232795,0.06662186,0.0008732746,1.6289847,0.081432514,0.12886013,0.5193251,0.17911325,0.7498573,0.47967786,0.010209792,0.4036228,0.4617255,0.1813979,0.082174785,0.1641117,1.1171362,0.45886612,0.07730811,0.17976503,0.020671722,0.2364353,0.06646694,0.118225336,1.1637523,0.0007777577,0.5522135,1.8384259,0.1823174,0.3626038,1.3377341,2.88169,0.4441181,0.50533444,0.1327662,1.0786384,0.057674438,2.2970605,0.02755433,0.18637368,0.3391266,0.17825752,0.32803,2.1333091,0.99178576,1.3510711,1.3154547,0.4845973,0.3734076,0.20977122,1.7505839,0.21996415,0.0010753017,0.9816941,0.5403081,1.4113555,0.036267806,0.43164384,2.3031101,0.6777771,0.8130071,0.09630836,0.21891445,0.9980962,0.5133359,0.8670489,0.4426079,0.02743972,0.22246307,0.83295196,0.3488054,0.2304437,0.31892964,0.9877506,0.19222853,1.228843,0.33951226,0.9984381,2.9796135,0.43404278,0.14199536,1.1238518,2.7223852,0.51646405,0.34087408,1.1869407,0.43428755,0.1314179,1.8664776,0.4739903,0.5014362,3.0770075,1.1916567,0.20387767,1.2983059,0.2918971,0.083119236,2.9621134,0.22306588,3.1007144,0.46236053,0.71043473,0.048206557,0.003987691,0.1576861,2.147738,0.092711896,0.0,1.7713974,0.34830055,0.73881483,0.022394164,0.13004991,0.3925121,1.95877,0.066406764,0.037637167,1.3342007,0.92821187,0.12393908,2.298652,0.07696543,0.8205238,1.0254326,0.03714814,0.2376074,0.8809304,0.84614414,0.64375633,0.4791376,0.18289675,0.50742996,0.18548732,0.57105154,0.14039718,0.72871566,0.14336427,0.01716459,0.2079373,0.0,0.8821961,0.78679544,0.36969328,0.9621578,0.10584043,0.11739906,0.37878227,0.4656712,0.14509855,0.1313816,1.253115,1.2237623,1.0641621,0.26966983,0.115188226,0.45031604,0.13906838,1.6777918,0.14020097,0.18095183,0.08399525,0.8323749,0.38635546,0.6652474,2.9120152,0.82500005,0.08724046,0.27080825,0.40119162,0.07364751,0.44412455,2.2214093,0.1997953,1.021401,0.96062374,0.70248806,2.8228734,0.28752533,0.055892617,0.042783566,0.19750871,0.030435119,0.35656598,1.2342484,2.6529572,0.017365482,0.36182827,0.24960782,0.2746106,0.1889019,0.67044175,0.36723983,1.1221982,2.4838011,0.47073823,1.3990377,0.1379505,1.5460118,0.5444556,0.14327069,0.2678878,0.35533154,1.0451741,1.3424852,0.5975843,0.21095309,0.7015534,0.14837343,0.52378994,0.1339179,1.1557581,0.08575281,0.24362932,0.8345891,0.72006124,0.46129704,0.9543171,0.0,0.010768275,7.002371,0.06795307,0.5846205,0.30257306,1.1034225,0.075441085,0.07822125,0.7690005,3.530114,0.63680404,0.82549083,0.4839591,0.08918817,0.20225471,2.047799,0.35626188,0.34897345,0.22664993,0.32046872,0.90188146,0.08703239,0.09231479,2.4086761,1.5268908,0.28298032,1.1996406,4.9660296,0.6591057,0.7364861,1.2348474,0.68776995,0.50024295,0.47469345,0.46393806,0.23464836,0.26826,0.1614103,0.92104095,0.57570827,0.5883496,0.18014401,0.13807762,0.10044082,0.12935033,1.2048573,0.55626506,0.31535465,0.5912998,0.0,0.0,0.32920182,0.090292595,1.6991582,0.22682178,0.08550349,0.085752845,0.11324994,0.15031645,0.62598836,0.22829835,0.02209933,0.24450344,1.9879657,1.8328736,0.057087332,0.32506812,0.92917556,0.058763605,0.4487849,0.15735634,0.20191035,0.439406,0.28706446,0.960784,0.18669014,0.79476446,0.061165735,0.28047365,0.43023863,0.70421547,3.6081386,0.1279309,2.7593932,0.7465996,0.0,0.9394137,0.6117547,0.07105088,0.088983454,0.028675767,0.509849,0.05315293,0.4573743,0.18805341,0.08352235,0.02293301,1.8493506,0.3014548,0.35036302,1.4202361,0.25876108,0.15650849,1.211734,0.07685602,0.9774826,0.919545,0.06948955,0.1700395,0.25620362,0.6270542,0.21776803,0.31230295,0.007958309,0.91268003,0.131121,0.15912758,1.6777935,0.2432221,0.9267723,1.4500172,0.46103138,1.3583542,0.7834039,4.051288,0.39066568,0.97774124,0.56908625,0.78447676,0.0,0.28069183,0.23704334,1.5104965,0.5533275,0.24717903,0.36292458,0.3497848,0.4853027,0.016917532,0.025318535,0.07332091,0.014684809,0.39324576,2.6464252,0.003923003,1.9338909,0.22491318,1.8956927,0.50653416,0.145882,0.52901405,0.87624544,0.03599175,1.0760483,0.010583104,0.32637724,0.32061997,2.408056,1.1664865,0.59054196,0.0,1.3645701,0.08863149,0.011918047,0.85452205,0.0,1.038943,0.46146247,0.48753536,0.9125694,1.9666866,0.44011033,0.024704397,0.25290507,0.92532235,0.08560011,0.349776,0.057069484,2.6569865,0.5464496,0.83978474,0.0,0.26259625,0.34645778,0.06856083,0.19881612,0.79701614,0.066103905,0.57142156,0.07214893,0.5007011,0.022214785,0.003488566,0.038303684,0.16811004,0.011896926,0.42880204,0.58026594,1.5258845,0.265796,0.9661866,0.4673186,1.1036035,0.6369009,0.5169391,0.11877068,1.2051799,0.1486135,0.057756454,all_pothole_images\pothole_images_optimized_image_270.jpg
0.4908107,1.2028118,0.17448759,3.3641317,1.010273,0.7586718,1.087934,0.03964146,0.32230148,0.5585895,0.044673663,0.17176196,0.06008301,0.8382428,0.09612656,0.82513475,0.12723207,1.8053744,0.98843205,0.122313894,0.74285656,1.8618764,0.81055456,0.84145343,1.5326941,0.38111436,0.22521956,0.9464013,0.65770847,0.3582769,0.3375308,0.20998923,0.546182,0.7207039,0.2053708,1.3560864,0.18843517,0.27029476,0.0,0.3160783,1.4145154,0.8554059,0.28044403,0.8738584,1.0831795,0.15902069,0.1988024,0.007319957,0.5291003,0.5262013,0.12357291,0.39335585,0.021864166,0.5125989,0.7198863,0.14096045,0.5999653,0.30571887,1.0297639,1.2336181,0.19700092,0.6127469,0.04717636,0.10255104,0.31090888,2.120615,0.6547662,0.037985235,0.02565817,0.3362961,0.047922026,0.2055213,0.38164663,0.10806418,0.5025588,0.16013783,0.39428523,0.45122916,0.023315346,0.03259422,0.0032680086,0.22554111,0.6680369,0.17149843,0.29225492,0.1543907,0.011744322,0.041393742,1.258051,0.09406568,0.0046929587,1.2673082,0.16023429,0.010086757,2.6448774,0.02255963,0.6364689,1.02601,0.0,0.17867285,0.03328864,1.5035192,1.1718272,0.85635865,0.7114344,0.44975284,0.1033742,0.42862827,0.2086525,1.4677937,0.08723183,2.7248619,0.36113453,0.73830056,0.5737568,0.32970777,0.33246854,0.48697907,3.7294478,1.3330333,0.33204705,0.09429549,0.0063825273,1.3578209,0.15543483,0.6623943,0.049423713,0.033167526,0.73857546,0.09029783,0.3867081,0.47912958,0.0,0.2525376,0.23459241,1.2721001,0.002455989,0.5052245,0.23388869,0.27725196,0.0065125264,0.5886493,0.30370528,0.29518837,0.026531879,0.20607619,0.0017581843,1.4602188,0.26554003,1.1663505,0.5846603,0.10190576,0.14282891,0.18172038,1.1766167,0.29524845,0.045419667,0.36270013,0.13248648,0.6832772,1.1201361,1.5416347,0.1367443,2.2993937,0.8929586,0.37799725,0.57368267,0.006853477,2.335832,1.3783526,0.16788003,0.025179112,0.0026084774,0.17753702,0.2222761,0.20655684,0.6030099,0.01989297,0.5781082,0.059512187,0.01696981,3.14846,0.5218838,1.5952216,0.9692104,0.21417663,0.6375095,1.6887503,0.31389645,1.1522195,0.17839864,0.04195857,0.3087356,0.66547406,0.017955339,0.06528683,3.0167634,1.2901077,1.593143,0.2649855,0.06444436,1.0823107,0.42001763,0.62851304,1.2768793,0.7778295,0.17922986,0.2530527,1.2133806,1.4317242,0.0032454345,0.0033856079,0.2913345,1.1005981,0.55764806,1.3862754,0.6544996,0.6083454,0.4071998,0.9592296,0.2873857,0.1549797,0.11688122,1.8007421,0.19398259,0.0644353,1.2514757,0.32722655,0.36754683,0.10038541,0.18628216,0.5588642,0.31922784,0.17690839,1.6565747,0.32287723,0.3023154,0.2664639,0.21693957,0.15659258,0.23803571,0.71061885,1.0478988,0.23975779,0.0,0.262593,0.8620729,0.24697825,1.645898,2.3416173,2.4575443,0.09074097,0.2646481,0.06607205,0.12933105,0.5493976,1.1633126,2.1477315,0.9868008,2.7385228,0.10226256,0.19465995,0.4446319,1.5246366,0.471868,0.5746759,0.69248915,0.17956729,2.3908584,0.47510457,0.78165674,0.015095884,0.067877084,0.7422099,0.3241384,0.930494,0.020985961,0.8846947,0.66243696,0.10221501,0.058375064,0.61206496,0.23166828,0.6109283,0.30835238,0.14913507,0.5062398,0.016705194,0.18216346,0.054345753,0.63195074,1.3769791,0.15652384,1.8154191,0.7646939,0.020815352,0.38117528,1.3683578,0.74696535,0.8644288,0.44844136,0.1141352,0.14379743,0.38491458,2.1267092,0.272708,0.603659,0.11840123,0.14623894,0.056313165,1.107032,1.460958,3.123179,1.8199847,0.6535545,1.3144073,0.0,0.65479964,3.5519826,0.3174866,1.052134,0.23391558,0.39234465,0.15474255,0.44639042,0.8720757,0.04479768,0.04487028,0.13049471,0.62002856,1.5661505,0.03154484,0.7030019,0.0460523,0.021819869,0.10686765,2.3659163,0.96641004,0.07644327,0.37517026,0.15093943,0.818641,1.9348826,0.84248257,0.25359625,0.0672601,0.49206138,0.05005757,0.038354483,0.30705616,0.904299,0.7539541,0.8380475,0.4263898,1.2366573,0.39656672,0.042461824,0.8169631,0.35918477,0.6908499,0.41110247,0.47543973,0.46698302,0.23785923,0.0735445,0.4099079,0.5603667,0.23097834,0.111712456,1.62853,0.33316243,0.7348915,0.114396445,0.46160206,0.5145949,0.49279186,0.17805184,0.50065666,0.31326416,0.44983795,0.6982734,0.058106363,0.22249179,0.4770577,0.9214913,0.1747333,1.2859107,0.049412757,0.3637364,0.6338454,0.71649307,0.64280766,0.27792498,0.3997205,0.04886556,0.17671843,1.3474971,0.18298647,1.1596972,0.0,1.0817163,1.0917256,0.21419977,0.08057989,0.47837234,0.0011487172,0.15113416,0.09812756,0.25183353,0.2676036,0.17071028,1.5575614,0.8835271,0.3194847,0.003127775,0.020375287,0.87392753,0.04009334,0.43326086,0.8182869,0.69484055,0.73526543,0.5126051,1.9669479,2.0605264,0.08440547,0.35098055,0.26899168,0.7937051,0.9909834,0.7363028,0.4460696,0.5037131,0.0003210286,0.9361605,2.1911283,0.60791546,1.0499493,0.09849831,0.20958084,0.3038176,0.76860607,0.29547206,0.28858858,0.10121931,0.06800408,0.30847353,0.47778726,0.00030514,0.48803487,3.189598,0.11226204,0.55581033,0.18993956,3.5935338,1.4351573,0.85933775,0.5181901,1.7859967,1.6854794,0.23814516,0.5921168,0.51932365,0.00087141106,0.11268547,0.44501826,0.27545524,0.13791215,0.65933514,1.1231313,0.45040634,1.0347542,0.48119193,0.0769356,0.3160154,0.30453536,0.38626403,1.7868593,0.74409795,0.11369961,0.9201475,0.90604883,0.61057454,0.4194112,0.11590099,0.56953204,3.1359704,0.59112215,1.7930982,0.008196988,0.3563067,1.5499753,0.026070405,0.023730136,0.07331945,0.25632125,0.040328257,0.0060786,0.7635288,0.11502397,0.75858176,4.107498,1.185347,0.42214888,0.46086866,0.9771169,0.38463286,1.4675463,0.6108326,0.5617393,0.117315106,0.82706815,all_pothole_images\pothole_images_optimized_image_271.jpg
0.832395,1.2339325,0.31400058,0.57907414,0.4550292,0.48705134,0.22605155,0.122350395,0.25069362,0.45254904,0.3070544,0.6673932,0.22187491,0.32293138,0.003204639,0.7643697,0.08535394,0.021535803,0.18493973,0.5135461,0.11461129,2.0315745,3.1521742,0.8247473,0.40515226,0.05375436,0.107242584,0.25508657,0.014492512,0.71025145,0.52632153,0.0,0.5835605,1.386933,0.67159915,1.1767573,0.45373535,0.0803862,0.3810424,0.20484278,0.1716635,1.4959422,0.36260545,0.01710232,0.5994561,0.5963938,0.40665886,0.05051788,0.21374905,0.462543,2.3308141,0.55584073,0.3138364,0.8200422,0.41516125,0.036482014,0.80916685,0.15252689,0.41055426,0.9638622,0.01794344,0.49104932,0.16035382,0.6377935,2.2417257,1.2545929,0.75073075,0.6996519,0.38519457,0.6277105,0.039288964,0.8102397,0.4701264,0.109659754,0.21232787,0.6977658,0.20463869,0.0022465452,0.0,0.34366584,0.005505489,0.6759564,0.0038714712,2.289907,1.6861142,1.2863296,0.6347214,0.44261697,1.2140342,0.7890796,0.118578315,0.54448825,0.09845747,1.2650478,0.16345234,0.15251146,1.0937984,1.0874468,0.13750127,0.058250003,0.6617562,1.4691919,0.33827424,0.014416921,0.04721621,0.45706356,0.26465896,0.38891995,0.38365415,0.94071335,0.23570308,0.7000809,0.38570225,0.38014182,0.132999,0.45472488,2.1239831,0.19889835,1.2262305,1.3836946,1.3295289,0.5012001,1.1122352,0.26580542,0.6347734,1.2244769,0.5988725,1.4073635,0.12677144,0.013542649,0.67364687,0.086786285,1.7484357,0.084823236,0.042553313,0.5718858,0.08911874,0.09136785,0.6191095,0.5125374,0.98099923,1.940556,0.33638808,1.8583075,0.13258745,0.27782816,0.2546095,0.27521124,0.4692529,0.5145525,0.5425082,1.6475462,0.5530632,0.36060956,1.4412227,0.09399649,1.7146088,1.0469476,0.937438,0.13436453,1.2286905,0.05334573,0.00062409474,2.5756075,0.2767992,0.043969605,0.85333484,0.008025407,1.1916946,1.4715769,0.3384152,0.046554457,0.0,0.017860971,1.1985906,0.07468545,0.021512674,0.00055266987,0.013345772,0.0038840922,0.022692762,0.52479726,0.48088065,1.0262724,2.1639855,0.33316752,0.19796416,0.49796638,0.84245133,1.0138098,0.47917107,0.5526036,0.33745256,0.99888796,0.25639412,0.35714307,1.3937272,0.37868285,0.3812017,0.26217684,0.5933493,0.82200146,0.08409485,0.54900104,1.5546227,1.7870576,0.838628,0.5011307,4.2339983,0.56695527,0.0,0.445644,0.1615513,0.13230643,1.2002232,0.25956017,0.47435674,0.06773674,1.4506661,0.90815634,0.10364332,1.6309927,0.33465198,0.83300555,0.38012117,0.95041156,0.9675205,0.043286376,2.833823,0.006876795,0.0,0.12104171,0.7678584,0.2455018,1.5089256,0.028208904,0.1149247,0.0629783,0.4364156,0.76656026,1.2132508,0.5922273,0.30577153,0.32030603,0.0,0.29278222,0.4105843,0.49141723,0.54204553,2.2633598,0.06933466,0.46814835,0.65711695,0.2667547,0.124059565,0.002499617,0.586293,0.18317242,0.15164421,0.760226,0.4058359,0.039276496,0.26440406,1.2825001,1.0708702,0.8590446,0.57367957,0.8829967,1.6711835,0.0001509512,0.03020912,0.11797525,0.020626556,0.052741244,0.38206762,0.6387059,0.705454,0.6706627,1.1843498,0.42179954,0.034834255,0.8463102,1.7736626,0.015306453,0.25296825,0.10568372,0.050464723,0.50902945,0.19838658,0.47102198,0.073552914,0.15824686,0.15906285,0.6589411,0.042678133,0.60364413,2.1884441,0.7449329,0.4379935,0.46976483,0.93166566,0.557787,0.5533593,0.33399245,3.7715127,0.92960864,0.24524714,0.72543967,0.6613465,0.09895561,0.056908537,0.08806648,5.5237694,3.6763623,0.61135966,0.25043353,0.13989118,1.3510175,1.6811205,0.5863122,2.9271631,0.92541486,0.77779144,0.5478321,1.4244304,0.5043159,1.1420811,0.36159056,1.3842409,0.12350919,4.390238,0.30783325,0.29448694,0.03420618,1.0088625,0.08148872,0.13016775,0.13182192,0.19429334,0.16641152,0.07671492,0.5100229,1.4364711,0.10585301,0.087531924,2.0698915,0.2557177,0.033065196,0.31663194,0.6760958,0.43552214,1.5588441,0.23645474,0.20203069,0.82884574,0.5314749,0.32206064,1.8140244,0.17783247,1.1507528,1.1041923,0.032840464,0.33348912,0.4885682,0.40309072,1.1455188,0.53357595,0.43482462,0.946664,0.07588267,0.9476472,0.07448236,0.4869744,0.6710442,1.5842283,0.33375755,0.74672574,0.41350108,0.41251984,0.23803133,0.10363307,0.41517708,0.05730804,0.66301024,2.6835432,0.4550156,2.4436197,0.19276571,0.44398883,0.53030086,0.10221806,2.0409353,1.7805498,0.03267956,0.026467966,0.97340953,0.07227179,1.8958844,0.13181412,1.3310724,3.0429742,0.15777276,0.8354851,0.4897306,1.6256328,0.0,2.4363954,0.70163983,0.31618395,0.5196225,0.14661366,0.61663383,0.15999646,0.7371237,0.07071506,0.15164493,0.121910654,0.7214575,0.044627316,0.18107367,0.12025687,0.12821816,1.9573371,0.15971158,0.19810794,1.5046372,0.44872653,0.31937733,2.4700198,0.78525275,0.6307289,1.9319423,0.028587751,1.0015266,0.12830994,1.961615,1.9773445,0.2119205,0.53431445,0.9226426,0.056863755,0.91867685,0.11023679,0.3259065,0.10821775,0.14163706,1.4581683,0.28888962,0.029747607,2.0720687,1.1238438,0.17237327,2.207526,1.4039657,0.26525685,0.7780836,0.6099171,0.020467257,0.6022485,1.0515337,1.0943389,0.06474396,0.16079275,0.4464204,0.68777364,0.06965425,0.0,0.0,0.0,1.5150666,1.6306132,0.11183384,0.8235678,1.879905,0.5137749,0.06378303,0.12218226,1.8703451,0.11232968,0.66393775,0.2522136,2.1813571,3.0273347,0.56284,0.52761483,0.10351974,0.03777337,0.34698692,0.42059168,0.7133164,0.34298286,0.90593886,0.23324886,0.5160564,0.030590558,0.0,0.93030065,0.33400247,0.0,0.0062174406,0.5027567,4.835525,0.24198796,0.060233183,0.443919,1.3253332,0.12049212,0.37710688,0.9470218,0.45892987,0.63571215,0.05443778,all_pothole_images\pothole_images_optimized_image_272.jpg
0.17937301,1.49758,0.30784082,1.6467712,1.9362104,1.4973177,0.8530472,0.20263001,0.08969139,1.1923183,0.09670946,0.727415,0.19402988,0.6743301,0.0,0.17427771,0.3359656,0.4339204,0.7250095,0.049769808,0.47330737,2.8967388,0.35371527,1.3661838,1.0665437,1.1095316,1.3417897,3.7339277,0.37759393,0.20756234,0.38805023,0.08273014,1.8500417,0.027681783,1.0926806,1.2240523,0.78985673,1.8064142,0.20156279,1.1263366,0.09225245,0.097335085,0.2881028,0.76012486,0.32013607,0.050516974,0.29482788,0.08021984,0.690219,0.18522473,0.6180431,0.17506586,0.076711975,0.5432495,0.051088847,1.1629217,1.5921053,0.13714592,0.23241772,0.3677484,0.6241296,1.3434846,1.5421073,0.052583486,0.36131153,2.7111647,1.0624152,0.32795528,0.29722992,0.55808586,0.754596,0.043594316,0.43878126,0.6561597,0.8948998,1.3115692,0.06468135,0.41925785,0.3485465,0.49197465,0.2605271,0.21164393,0.23017754,3.0184865,1.2240673,0.50497144,1.1195498,0.06950299,3.887093,0.41884065,0.31739885,0.43332762,0.019583626,0.08643351,0.32592064,0.08058494,0.0071630287,0.43992528,1.5091723,0.37525088,0.021609627,4.3745856,0.8132399,0.09707316,0.06581709,0.06976073,0.29759812,0.036989354,0.07756206,0.18062223,0.38664442,1.4136467,0.8535466,0.022040768,1.0285884,1.3566672,2.5474343,0.10622089,1.1302401,1.0174222,1.7211497,0.39618576,0.96759593,1.2390887,0.49659234,2.242303,0.044338547,2.4972055,0.98999894,0.7334143,0.8834242,0.0028358314,0.20601775,0.3034084,0.53809196,1.2511991,0.09567132,1.4784027,0.51024324,0.8594649,0.6930969,0.36713204,0.016127788,0.25497392,0.5180645,0.9949131,0.4495809,0.098321535,0.3381847,0.76308906,1.187436,0.70893943,0.036605794,0.084879346,0.51238567,0.6776381,0.76861376,0.11717985,0.70199835,0.060333896,0.93953407,1.3167964,0.119428,1.7340653,0.40189555,0.03012182,2.2348723,0.60982394,1.8628225,0.670483,0.19025937,0.028268808,0.11510045,2.3459961,0.6482593,0.20752425,0.48257694,0.57709694,0.034457065,0.21452326,0.29926905,1.9233187,1.4416677,0.7080091,1.7806336,0.5242698,0.14104737,0.1139938,0.0008041293,0.57772374,0.3507023,0.95389986,0.0,0.9075118,0.045329794,0.07863847,0.53407973,0.48245665,0.45615932,1.0629913,0.13211177,0.36426803,0.17068437,1.6940353,1.4463283,0.79059756,0.2185901,0.24315786,0.7898946,0.26545426,0.594746,0.18458359,1.4128395,1.2242662,1.3616111,0.37542278,0.78955585,0.4539962,1.801585,0.60263324,0.9936251,0.14527261,0.030485217,0.3249165,0.210528,0.46309066,0.31885317,0.6440839,1.683254,0.06350575,0.31360212,0.41539738,1.0438845,0.4555051,0.98944855,0.091588356,1.3817942,0.09931625,0.018763537,0.031443845,0.034710135,0.0,0.29374248,0.17368685,0.1311778,0.0,0.45035204,0.29349354,0.77890676,4.0772758,1.9476296,0.5923481,0.2375157,0.90440655,0.038851094,0.073834896,0.8377374,0.003455657,0.55000967,3.4959648,0.17803702,1.4293408,0.44915378,0.68367934,0.0,0.5765713,1.5107433,0.01257932,1.3670259,0.21702412,0.5236394,0.31506005,0.34614092,0.123546764,0.7367176,0.7768373,0.16766585,0.15890197,0.30908757,0.7238959,1.231932,0.056354016,0.16038544,0.94983196,1.7790153,1.12344,1.5939453,0.17884897,1.6852348,0.21457134,0.2697626,0.5941826,0.13322967,1.1036197,0.58442163,0.040309988,0.5093229,0.6537552,0.08081746,1.1839509,0.04701547,0.4898275,0.22825351,0.6080486,4.270569,0.37266096,0.342849,0.09453791,0.96609175,0.6469794,1.3650813,0.48862305,4.621951,1.0463811,0.5509689,0.5044671,0.12779544,1.3500808,1.8927541,0.0051589278,0.11219156,0.094047174,0.02114504,0.26437923,1.2832974,2.3892412,0.91090125,0.056701697,0.6186903,0.14335784,3.15653,0.3809469,0.0,0.29433638,0.0,1.0690287,0.73942727,0.1378393,0.38823724,0.29928938,0.006601978,0.7146704,1.8796885,0.060516678,0.3563478,0.11522755,0.56120825,0.08518381,0.03606298,0.8223721,0.935206,0.9938909,0.1392206,0.9359668,0.21278171,0.055463046,0.26353863,1.4824337,1.2559035,1.319563,0.012567335,0.069700114,0.1409366,0.78097874,0.02801966,0.1267166,0.45874724,1.0087322,0.16165033,0.412986,1.5544022,0.045350794,0.6208898,0.49198484,0.58386004,0.39162895,0.0015162592,0.15240993,0.121987954,0.22039299,0.30938077,0.0,2.3926945,0.31597558,3.9374228,1.8840668,1.7518778,0.022186678,0.4658123,2.6176202,1.255808,0.17551796,0.048710633,0.4039794,0.047740713,0.0057275295,0.7026841,0.24134016,0.40272972,0.40054858,2.3694596,0.26617187,0.3337246,0.24676993,0.7335147,0.0,0.2601312,0.29202706,0.15710099,0.14145708,0.88245875,0.23577811,0.1298781,0.42512697,0.16412966,0.26544273,0.3274166,1.1128451,0.30527368,0.15829352,3.3289094,0.41880035,2.1860232,1.0199322,2.1638122,1.722929,0.86379933,1.4435664,0.5950629,1.2163043,1.1454296,0.060525674,0.34767613,0.10793131,0.6851538,2.3830519,0.7147816,0.78799605,0.32401517,0.07673908,0.68869936,0.13819972,0.5581221,0.36996764,0.33359927,0.31756774,2.9828064,0.8333519,0.23035,1.7855527,0.7226234,0.3897684,1.4928844,0.74276984,1.0283892,1.5641325,0.93689173,0.49032193,0.16305561,0.3049855,0.84703803,0.2006835,0.28160945,0.23321375,0.48854423,0.49962318,0.44039077,0.35198197,2.327157,0.6003141,0.8004795,0.7745854,0.2560538,1.2258202,1.6327057,0.042344574,0.41379008,0.9566559,1.6200349,0.11777049,0.21700288,2.5462618,0.83140105,0.23476647,0.0134295635,0.06246119,1.0972922,0.0,0.4107827,0.14349212,0.7232221,1.8096924,0.056203365,0.04033208,0.009138441,0.5919784,0.021214306,0.4122368,0.040166065,0.0,0.7550396,5.158961,0.130043,0.3774868,1.5251427,0.3324875,0.19993569,0.71592283,0.2872787,0.4272952,0.31666946,0.22778688,all_pothole_images\pothole_images_optimized_image_273.jpg
0.11849399,2.400683,0.97134566,1.8875129,0.09646884,0.17761639,0.2428971,0.21801107,0.2524669,0.7596991,0.86941195,0.416299,0.012754873,0.9161028,0.6790202,0.1665518,0.6397006,0.45343304,0.9359029,0.018697213,0.20973259,1.9931905,0.3354859,0.55801034,0.4741581,0.13575505,0.15174614,1.2092025,0.023753025,0.84851867,0.7732424,0.04410698,0.2416352,0.36006323,0.03797569,1.3245499,0.052585594,0.2752713,0.2680932,1.0988678,0.47025412,0.48571324,0.52717876,0.41100535,1.7294002,0.18190493,0.08287539,0.044921372,2.3587239,0.860295,0.3718618,0.63004094,0.13749878,0.47488427,0.22436126,1.0678306,0.83483994,0.46086287,1.2363973,0.18875872,0.10320531,0.39192122,0.44954693,0.91349185,0.16132498,1.3256487,0.66614187,0.19444017,0.5395271,0.25345215,0.44824392,0.32977995,0.666592,0.17076062,0.43887532,0.78165984,0.10589434,0.67660755,0.0,0.44152504,0.34867617,0.082669646,0.85003287,0.65609396,1.0302022,0.5434337,0.27558935,0.08698462,2.9882257,1.8448877,0.00069441827,1.5723373,0.83301187,0.4807989,0.48608634,0.6667468,0.91039884,1.3593338,0.69391125,0.11156029,0.31611913,0.9514702,0.70667917,1.0517828,0.6959846,0.12764716,0.5966824,0.15274495,0.73732454,0.7322185,0.17402919,3.3827631,0.007874265,0.15611038,0.5509195,0.22268762,0.8703828,0.2664921,1.0550385,0.07039982,1.1963874,0.3802314,0.0070282337,1.3733467,0.607018,1.5395815,1.2735234,0.22504765,0.29671192,0.5753849,0.5464901,0.036268692,0.2656202,0.37469825,1.0530221,0.0792373,0.31463858,0.54922616,0.5314954,0.01404652,0.16694596,0.29497212,0.19680467,0.5496813,0.078665756,0.870444,0.2820361,0.30627573,0.34105697,0.6263815,0.61701334,0.24052691,0.3156463,0.641792,1.4768203,0.39718074,0.3759963,0.39126414,0.20754631,0.6239762,1.0555674,2.0429544,0.26022023,2.5140002,1.0022484,0.514906,2.3188362,0.36517122,0.6051567,0.7417009,0.3105166,0.39920196,0.10723827,0.019236468,1.8426712,0.0,0.7107073,0.004041495,0.2300742,0.40454483,0.030951392,1.0450352,0.5246146,0.28579807,3.2209067,0.42865947,0.47804675,0.50230664,0.7601535,3.386787,0.36999232,0.33027133,0.26468122,1.2159045,0.9484343,0.1669515,1.4550148,1.7332616,0.13093477,0.9682389,0.20878136,0.27990624,0.5484937,0.06887468,0.5411609,0.60717535,0.40231025,1.028514,1.4882876,1.3710958,0.12583412,0.7084592,1.8070669,0.30594918,0.17541741,1.0836242,0.0024998614,0.05169146,0.5521079,0.37301558,0.15563273,0.64683497,0.20514433,0.42891565,0.009610517,0.26966798,0.5820615,0.5259569,0.255666,0.5950646,0.121169165,0.0048960308,0.2795182,0.18344925,0.16524902,0.67024106,0.6225648,0.24845697,0.15318945,0.0,0.5623757,0.41609076,0.18460597,0.5113612,0.0055622556,0.017488245,0.35875094,0.5689545,0.8138537,4.412844,1.6961209,0.40307102,0.4652256,0.0076651517,0.21494974,0.17671855,0.9221429,0.3849603,1.03785,1.9133909,0.06075578,0.098444216,1.1645308,0.84130096,1.1125486,0.5045172,0.45426524,1.2892735,0.6680438,0.3018726,0.5758395,0.22634582,0.62041414,0.9021348,1.1283746,1.7018056,0.21699896,0.13698898,0.44695243,0.30563328,0.27851436,0.42000088,0.26982605,1.0467393,0.7268507,0.5212532,0.81433916,0.3171721,0.060429018,0.33520916,0.28855672,0.85893023,0.015491589,1.9287233,0.73057693,0.520956,0.38261276,2.1045215,0.32005757,0.55924505,0.23031038,0.7098697,0.00031467408,1.3283361,2.075859,0.48084086,0.10361967,0.2097294,0.7522522,0.7241155,0.011020312,1.322685,4.9798236,1.655534,0.14328244,0.6528619,0.46731815,0.091908894,2.8577576,0.21029978,1.0633662,0.51928174,0.67884094,0.11693535,0.22234668,1.3467022,0.18534173,0.2987462,1.2086039,0.11201729,4.537823,0.83185124,0.61829376,0.0,0.3129571,0.0044658184,1.1021129,0.19678634,0.25829342,0.49909797,0.49614754,0.13025796,1.0971226,1.1844361,0.7421268,0.740919,0.21707357,0.28626728,0.016077284,2.5754397,0.46322024,0.5812224,0.12515017,0.51257133,0.2081993,0.20614105,0.10627173,1.1738399,0.49742553,0.3718972,0.19239885,1.673921,0.6321462,0.19773407,0.026308512,1.0548756,1.3267057,0.3744042,0.02101721,0.5485693,0.57959336,0.6433408,0.30964875,0.7626821,1.009574,1.5837984,0.24298613,0.48447195,0.07041651,0.3922889,0.33958426,0.16722369,0.7529107,1.4404685,2.4952703,0.7161462,1.0649867,1.9646821,0.04209189,3.3227737,1.375491,1.099273,0.04146597,0.67240703,0.3877228,0.73840517,0.72196305,1.7860662,1.1488082,0.4386898,1.4987097,0.02031757,0.026378563,0.3281198,0.45303765,0.037273504,0.42545778,0.82541126,0.14275327,0.07279681,0.2743762,0.9836441,0.38046917,0.18531165,0.014515172,0.14143024,2.3720403,0.038650386,0.30884835,1.0792273,0.9255061,0.050486088,1.2510976,1.463065,1.5182986,0.33964244,1.1751242,0.39685726,0.5370239,0.89582556,0.4979771,0.87280864,0.39025015,0.83848757,0.5468951,3.2141867,1.1614901,0.75976956,0.19637792,0.6268425,0.26783818,0.5074678,0.099556684,0.08444405,0.090354025,0.12057269,1.5979106,0.6120748,0.48640004,1.6268641,2.1781874,0.30468312,0.3251363,1.1107327,1.3840622,2.153096,0.22572517,1.1162134,1.1888819,0.20155011,0.09177082,0.0005797282,0.41614726,0.09964984,1.4079373,1.4814465,0.35832804,0.026704988,0.20578447,0.3685659,1.6308057,0.3899098,0.32678273,0.13699736,0.4393088,1.1055212,0.0,0.53443474,0.16575967,0.25047213,0.27226156,2.1348948,0.8452462,0.23072258,0.0021631557,0.33554572,1.4848056,0.002224837,0.73606783,0.09145746,0.7397965,2.531991,0.12417587,0.09989761,0.051342405,0.34811768,0.0098450575,0.23617588,0.87479323,0.4669092,0.2674258,3.279803,1.1340883,0.19319989,0.922687,1.1420428,0.07548601,2.2445803,0.9890125,0.5593615,0.35291827,1.3036476,all_pothole_images\pothole_images_optimized_image_274.jpg
1.0322591,1.1084554,0.14826876,0.8616047,0.21696334,0.06918861,0.46523622,0.3925406,0.15592466,0.7719317,0.79554015,1.4415106,1.3036928,0.2200579,0.20828693,0.48499835,0.32597885,1.5145658,0.7266983,0.07215764,0.04716986,0.5876854,0.9904479,2.9843824,0.06953475,0.083069965,0.03881347,0.10276012,0.0021840099,0.22953574,0.22493379,0.0,0.9470478,1.6500412,0.077110425,0.040418424,0.4941019,0.94990164,0.5435151,0.1250896,0.16199258,0.80340576,0.09868313,0.27351072,0.30050218,0.35085422,1.0360237,0.14737698,0.16398177,0.20140113,0.8707467,0.7681595,0.027486008,0.008673037,0.18221985,0.3919915,1.2101061,0.26090518,0.9229455,0.04118695,0.025671301,0.35690284,0.72429746,0.54788643,0.42912903,0.3626965,0.5022853,0.39193195,0.08313244,0.005152613,0.082719944,0.17481038,0.064908445,0.0010354549,0.2778032,0.53743565,0.049614184,0.6064239,0.005558032,0.71713614,0.032158975,0.4178395,0.6064463,1.351094,0.64820975,0.7359803,0.105055064,0.27154374,0.4019596,0.21032259,0.31148198,0.17122938,0.36012512,0.109853044,0.07935528,1.3542634,1.7735257,0.71347743,0.9341757,0.18139046,0.02158178,1.158804,0.3021193,0.6419038,2.0588372,0.4915843,0.021661593,0.0,0.25512698,1.7234981,0.30988246,1.049202,0.30586246,1.0859342,0.04681929,0.6181883,0.622093,0.038003907,0.8188665,0.446396,0.2522391,0.6662601,0.29006362,1.9877353,0.8780498,0.36383763,0.10726309,0.80845934,1.0396265,1.0293301,0.5763723,0.16273989,0.021269806,0.2131135,0.010365341,0.14143005,0.0,0.14604625,0.018299155,0.22653322,2.5882802,0.69610566,1.2944455,1.6296916,0.01191463,0.4811137,0.03700302,2.1305401,0.0054330416,0.18097293,0.4671999,0.3007565,0.88402456,0.0,1.3722799,0.19503284,1.1235532,0.46710318,0.27350047,0.13257878,2.7180045,0.41550246,0.03727708,1.4275073,3.3343942,0.0030998925,0.85578525,0.1784794,0.23241352,0.20972481,0.23749371,0.012253248,0.0,0.029280694,2.4860926,1.0642183,0.22688422,0.0,0.045889527,0.9790221,0.19378845,0.20223422,0.7174541,1.19388,1.9302782,0.059561256,0.1748185,0.75903547,0.17368339,0.3641538,0.14650966,0.0056445715,0.60851717,2.5815587,0.040654685,0.0517488,1.3794746,1.2127949,0.30676314,0.08810118,0.27420324,0.63235295,0.87704164,0.027782006,0.065087415,0.99422467,3.301814,0.38359776,1.172083,3.4521317,0.0,0.46414417,0.13437264,0.38867834,0.39990145,0.14410914,0.44405887,0.25249556,0.72267604,0.0,0.7574914,0.38448384,0.86749035,0.16230112,0.9311779,0.044325758,0.9631405,0.86445147,0.70367944,0.0,0.0063022557,0.0670642,0.1363223,0.3523604,0.5601459,0.018467117,0.23752254,0.45465434,0.7670193,1.3365366,0.27002603,0.005756382,0.14495657,0.23000102,0.05229997,0.037205987,0.5836321,0.117132455,4.4451747,1.5216191,0.7302836,0.22857012,0.5825839,0.0,1.0840174,0.8130809,0.50595754,0.001872255,0.024218949,2.5792267,0.29661107,0.01214366,0.09154378,0.31698346,0.13268702,0.09691624,0.57412577,0.12379071,2.5699809,0.67734814,0.75638366,0.11777634,0.2930667,0.7152703,0.6022833,0.5531909,1.0863776,0.14304961,0.75064635,0.3548176,0.053085405,0.3487333,0.34474474,0.8717724,0.9969134,0.024306754,0.0030035994,0.070093274,0.024511047,0.0212391,0.9381717,0.5411013,1.2432085,1.2195733,0.25986436,0.17429926,1.3706855,0.34599444,0.6207619,0.13146004,0.27592725,0.0618428,0.7863377,0.08140334,0.6223382,0.18438062,0.038285915,0.25159347,0.12191353,0.04230454,0.41904545,1.2880918,2.581258,0.34264117,0.6898433,0.060811337,0.25259987,0.8476469,2.8735693,0.15185705,1.3352361,0.76938295,0.36040145,0.11262919,0.2634663,1.2544389,0.6325044,0.07682374,2.2086704,0.036922988,2.4408965,0.40264678,0.8224705,0.17737992,0.009966315,0.004669242,1.0832425,0.24406339,0.45665002,0.0928415,0.6025132,0.30003732,0.16077782,0.7060492,0.0,0.0057822294,0.26352647,0.09108535,0.056346178,0.09101849,0.037809405,1.6387517,0.22716102,0.0,0.21460949,0.3703491,0.85272294,0.5836598,0.0008857635,0.62333906,1.0486238,1.420769,1.8632529,0.96714264,0.0,0.10786629,1.8012159,0.36055988,1.6925911,0.6665105,0.9073501,0.50596374,0.3543344,0.77250785,1.7690496,0.17524892,1.3307042,1.6892219,0.08839681,0.8952119,1.3947924,0.64877605,0.7262952,2.473356,2.123757,0.0048894486,0.4057971,1.0823114,0.02277186,0.29792142,0.00052836013,2.0271869,0.13076174,0.123855785,0.3980122,0.0072286166,0.37769726,0.4164704,3.1910324,0.35364965,1.0168474,1.82556,1.4803817,0.7556301,0.46184713,0.0059835045,1.0620937,1.0011711,0.15157661,0.24651413,0.5346486,1.5048416,0.25228527,0.26750237,1.7625912,0.34552446,0.54930574,0.51724017,0.8531108,0.051769484,0.0,1.1378531,0.96130913,0.80712414,0.8000319,0.11944218,0.4858544,0.37447223,0.8888302,0.5850033,0.14135224,0.8533621,0.1645721,0.098212086,0.07947612,1.2034798,0.4025818,0.29515168,0.20588982,0.44122583,1.708254,0.18455029,0.16333352,0.07679582,0.05040977,0.0710894,0.8213738,0.44967702,0.0,1.327637,1.676943,0.39706045,0.034832016,0.332627,0.085833035,1.3651181,1.0586209,0.031402163,1.0923779,0.60969746,0.93647766,1.1336858,0.92690927,2.0837624,1.1686913,0.68587583,0.0057135904,0.03012198,0.7498691,0.6988033,1.4639943,0.113373406,0.07483291,0.56436294,0.32196918,0.25567272,0.45943126,0.71487844,0.117749184,0.39252445,0.3583206,0.57546574,1.5598122,0.53778106,0.026293574,1.4679745,2.1774015,0.014533302,0.26723891,0.056288257,0.6450623,0.492569,0.18185477,0.0,0.6090951,0.6023666,0.123010665,0.2597685,1.2266315,0.2639601,0.81088054,4.044423,0.07968274,2.6581678,0.07411085,0.97131145,0.22335398,2.4753199,0.0008347425,2.029987,0.15584141,0.082964495,all_pothole_images\pothole_images_optimized_image_275.jpg
0.6118142,2.1659434,1.0832108,1.806491,0.824725,0.12337524,0.21773931,0.009772227,0.314527,0.32626572,0.17936702,0.4057911,0.07526859,0.802418,0.091003,1.3116966,0.2658248,0.08867491,0.13932285,0.10815253,0.119494736,1.8997068,1.2411352,1.3082771,0.35995468,0.32897916,0.14122714,2.023314,0.15587908,0.9180184,1.6152395,0.06758886,0.3663442,0.5205177,0.7575851,0.17812546,0.7843598,0.6639016,0.12858218,0.42258722,0.004592077,0.4951611,0.6817149,1.0547622,0.78962135,0.015374782,0.16964169,0.24179886,0.107560806,0.109358005,0.4940524,0.70724267,0.21229038,0.16557592,0.0,0.40627474,1.8515015,0.05664075,0.147631,0.1784361,0.0,0.15668084,0.918006,0.54869753,0.3473934,0.15513955,0.29399222,0.20116256,0.06134182,0.10110649,0.2486999,0.013292723,0.1920992,0.1678689,0.026977574,1.1306493,0.2955667,0.58373594,0.0,0.77856964,0.5809723,0.10988181,0.1401616,1.2934614,0.22187567,0.5858113,0.049567144,0.19613017,3.972903,0.3044598,0.16210657,0.047763523,0.06159538,0.13470846,0.14295962,0.03211708,0.5389791,0.8855792,0.17545314,0.6209047,0.17656551,1.590408,0.41669136,0.78860843,1.1615992,0.0,0.065971546,0.09361894,0.39735538,1.7230746,0.0030880303,2.2625837,0.58489263,0.7528691,0.42296752,1.0526196,2.0808592,0.2158492,0.6615741,0.92427963,1.0155227,0.5699895,0.26765588,0.5479712,0.8772684,1.1155835,0.24899027,0.4789104,0.66973424,0.2061237,0.22791547,0.08384091,0.40090156,0.0,0.3191955,0.14099352,0.113650456,0.38532746,0.2631447,0.0,0.19841477,0.46084815,0.08978072,1.7928107,0.23918007,0.6492826,0.04367579,0.8435929,0.104811795,0.5865251,0.70910376,0.31658676,0.40869308,0.5329561,0.6905698,0.19535416,0.18505162,0.13804346,0.8779974,0.7804612,1.2317033,0.0772962,0.1354768,2.3161461,0.12881933,0.49041387,1.0760813,0.114066295,1.09305,0.29490018,0.005651092,0.40918761,0.27574056,0.04657538,0.8130839,0.24933174,0.8209995,0.012782289,0.024484744,0.07680565,0.06939227,1.3822999,1.1440676,1.0052149,1.0545424,0.0427749,0.11044483,0.018226715,0.49340802,0.36778298,0.4313667,0.47742945,0.13437825,1.890209,0.5680211,0.17990312,0.16401199,1.62665,0.16109484,0.361496,0.60089326,0.25639132,0.030670973,0.10984648,0.15805298,0.46142128,0.9998352,0.23111324,1.0201468,0.12295858,0.3193388,0.38440648,0.5605505,1.1017772,0.81800747,1.2921866,0.3550659,0.0145304045,1.5212654,0.033430096,1.9934464,0.0,0.39650667,0.9434454,0.13813543,0.30359915,1.4646256,0.8004121,0.346985,0.19566849,0.14718877,0.35863665,0.13071856,0.012898788,0.33685163,0.06525456,1.9684485,0.10509163,0.52880126,0.4327768,0.3517459,0.022648096,0.58618593,0.3278436,0.05532443,0.0,0.84186107,0.05163978,0.56237936,2.392114,0.8819477,0.11929363,0.16708402,0.007860938,0.648576,0.008150061,1.0557607,0.024158709,0.3901436,2.5627935,0.82950544,0.31674293,0.732536,0.09884103,0.57962406,1.3904029,0.25839424,0.24096936,3.2456844,0.22934148,0.4147649,0.0,0.22527239,0.54716843,0.22044395,1.3474828,0.012084961,0.48828423,0.7415147,0.60507613,0.03790333,0.17343263,0.63255554,0.7835257,0.5364462,0.33636576,0.15314901,0.70418984,0.53799963,0.03379906,0.3476283,0.578352,0.27478272,1.2491797,0.25107285,0.040493187,1.1721547,0.44143933,0.04403863,0.309901,0.16546384,0.112752624,0.006682541,1.3195069,4.4905133,0.026070213,0.12379294,0.7386817,0.36518532,0.32536194,0.45783845,1.8180937,6.0412335,1.7209989,0.27087262,1.2644454,0.0,1.226624,0.86183196,0.15369943,0.7976195,0.47890732,0.22473234,0.3213124,0.47013286,0.21823402,0.59532136,0.555494,0.8596769,0.35175648,3.9443314,0.24416974,0.0,0.2631124,0.03099831,0.20196185,0.6676185,0.35015678,1.0081149,0.027335297,0.47318503,0.8500565,1.3707919,0.10435632,0.28743494,0.011113342,0.48656222,0.002748738,0.26337042,0.36865133,0.13986243,0.6372313,0.42761835,0.3660595,0.108780205,0.006507421,0.4862994,0.22507854,0.1165006,0.6875464,0.36976045,0.38273,0.7980934,0.17674664,0.0011885546,0.4031156,0.6150943,0.1857301,0.42974666,0.2289243,0.13959798,0.27951863,0.15963042,0.052787516,0.98231596,0.4117175,0.26076144,1.0657983,0.24158259,0.25041994,0.48008516,0.053322,0.7996595,1.1480412,3.3864472,0.64986736,1.7224911,0.025258765,0.054942086,1.571299,0.19388977,2.0034442,0.23094985,0.06074831,0.08217474,0.67568433,0.6317765,0.23225716,0.021029204,0.0012857211,1.5772728,0.31221226,1.0608274,1.428535,0.371386,0.41331416,0.2784044,0.32985777,0.05108799,0.24822198,0.62595737,0.34730133,0.69532424,0.13983478,0.008742808,0.16136514,0.15300852,0.98647565,0.47440785,0.10620478,1.1046728,0.01565969,1.2361147,1.8641273,1.3784065,0.37883827,0.633354,0.89203465,0.42079753,0.57159984,0.6583618,0.35736504,0.12643366,0.37703076,0.06590579,4.1565742,0.5307457,0.3107746,0.09600771,1.0607009,0.8931929,0.13353583,0.13934056,0.2431305,0.12884623,0.0041857082,2.0883174,1.0006094,0.38432586,0.34482917,1.5383372,0.147608,1.4094043,0.5118272,0.52708775,0.5280037,2.5624645,0.46502832,0.14664847,0.68614304,0.44987482,0.068144076,0.23386891,0.0,0.47211167,0.1542403,0.1273702,0.06899451,0.46531606,1.4005347,1.4341003,0.13604456,0.16507508,0.73075485,0.22798526,0.018127562,0.16235061,0.63162434,0.24730048,0.7228842,0.8307143,2.674399,1.4150088,0.69365925,0.008142542,0.58328265,1.0387799,0.46424085,0.9859948,0.11704102,0.18147224,1.377609,0.018592253,0.0,0.0,0.0057409513,0.22057308,0.15760231,0.0006844772,0.13427757,0.00270518,4.416742,0.5013033,0.6075694,0.77192104,0.29979637,0.003393228,0.7103779,0.17664924,0.5831297,0.2340065,0.108729266,all_pothole_images\pothole_images_optimized_image_276.jpg
0.26081505,3.129162,0.8203428,0.03606928,1.1343167,0.09863569,0.97620344,0.27986792,0.34572905,0.47226378,1.1083888,0.38170385,0.03704313,0.4866871,1.1708599,0.7994083,0.36663538,0.15083706,0.014527472,1.7198843,0.046754554,2.1968582,0.4569393,1.287595,0.55345917,1.1008774,0.109618865,0.93930924,0.4303556,0.96078825,0.960845,0.5213218,0.008938189,0.2793816,0.14219457,0.5962289,0.24544172,1.0504012,1.5247186,0.55608416,0.26374924,0.14165874,0.40243256,1.4567382,1.073444,0.0,0.436085,0.14030284,1.6300822,0.0631431,0.1276701,1.1114279,0.5900768,1.6717815,0.708199,0.6271271,0.82420003,0.42148197,1.4145676,0.13135798,0.44546333,0.45674443,0.78475124,0.2056162,0.17129526,0.69881105,0.8779628,0.17087938,1.8137376,0.665454,0.56275743,0.6080293,0.6627785,0.18524814,0.83962476,1.4087509,0.034886282,0.91995746,1.1872225,0.066445656,0.21697725,0.93504393,0.010232722,1.1615679,2.6756315,0.1335073,0.68425655,0.9674831,4.256293,2.638847,0.95730555,0.7274433,1.0007834,2.9733524,1.1448712,0.14571421,0.32469395,1.5926474,0.23554653,0.13947605,0.9429686,0.9289365,0.016910918,0.7886368,0.66826636,0.54323983,0.8990332,0.06683427,0.19385536,2.375862,1.1553766,1.8310837,0.070920736,1.1773467,0.90188485,0.29884374,0.46364376,0.42878333,0.91988677,1.0958935,0.9361913,1.5207435,0.20950352,0.520832,1.0418563,0.4781229,1.5511699,0.032385223,0.38148302,0.025306752,1.10217,0.07788237,0.663218,0.6765551,1.1574154,0.40735772,0.62454206,0.2501616,1.2119076,0.33887926,0.08567448,1.4317026,0.57492197,0.8667496,0.23761126,0.5974839,0.19293289,0.031092834,0.67758113,3.0139325,0.2524198,1.2891471,1.3024627,0.10739848,0.6603384,0.42988792,0.35087103,1.8466126,0.1814239,0.30905405,0.9034435,1.2050165,1.6822358,4.2528687,0.7115421,0.22338322,1.3277653,0.24863787,1.3189626,0.2075521,0.98296744,1.0964488,1.3706077,0.5002537,4.248748,0.0,0.660872,0.07836507,0.1748694,0.31995764,0.7550889,0.44821703,1.1644671,0.8762529,2.3899188,0.59727263,1.1002342,0.6549955,0.5723577,0.589916,0.27199876,1.760967,0.2295466,1.7978585,0.8131236,0.59321797,0.04625982,1.2705048,0.0017878051,0.59804535,0.26276332,0.18480755,0.1839994,0.02959901,0.94161654,0.2388519,1.1320329,0.56190425,0.73447603,0.24257688,0.21714471,0.7560561,1.7273062,0.8821976,0.15112409,0.021967791,0.4046862,0.43803984,0.6376139,0.10033191,0.12019832,0.034095876,0.77340347,0.35861352,0.41103518,0.29468516,0.9807168,0.1286553,0.8083814,0.74761885,0.08367774,0.15554065,0.24454658,0.1635874,0.051237915,1.0225548,0.78314257,0.6721321,0.057215314,0.28310078,0.29961112,0.686293,0.9292615,0.22973299,1.2708476,0.27486762,0.81314605,0.2516673,1.0530739,1.5404751,1.7105706,0.22343642,0.11782348,0.37012768,1.9946983,0.18823035,0.6517611,0.19795726,0.30767393,0.068489976,0.40786958,1.9316404,1.3318813,0.27571955,0.97426534,0.8109475,0.33990276,0.516015,0.20912734,0.81713676,0.90519714,0.051242355,0.64703065,1.390332,0.8573365,3.00033,0.7546156,0.021089545,0.5856499,0.3284353,0.29150337,0.90572685,0.028322725,0.43534896,1.9032182,0.098340034,0.5720249,2.468797,0.8210293,0.55336875,0.16272946,0.05554031,0.16409333,0.7003753,1.3027692,0.8889649,0.7679962,0.89331895,0.59557354,0.7485393,0.898812,0.3473926,0.032986227,1.7109425,2.7721715,0.00049432815,1.230084,0.96325994,2.0558314,0.6574764,0.3644755,1.8345741,3.9453778,0.9899256,0.12399988,0.24080147,0.37144756,0.045041773,1.9299201,0.32291022,1.3305334,1.644128,0.95397776,0.5992539,0.0030893385,2.4112902,0.65322125,1.6735743,1.0365503,0.59162927,3.267593,0.10230052,0.44585705,0.02676719,1.2613252,0.9698146,0.1303699,0.0,0.27164426,0.03016701,1.7999867,0.264597,0.17517373,0.60541177,0.23838507,0.8077531,0.088075474,0.08569983,0.7008471,2.2754264,0.069400184,1.1465762,0.0015982724,0.7421322,0.5965886,0.044281024,0.11761292,0.1399769,0.98370856,0.20769672,0.21930796,0.5431701,0.1446671,0.3738875,0.6589003,0.33131453,0.20418943,0.64847976,0.31866956,0.5559449,1.4221867,0.5269078,1.8037,0.86272085,0.49126962,1.204956,0.5769849,0.66450125,0.7021309,0.58527124,0.63355184,0.23801579,0.35143247,0.7536041,1.6727276,0.7671449,0.33426946,1.9211173,0.90846264,3.568596,0.54148155,1.2275658,0.07325608,0.54499763,0.08681342,0.36995205,0.5024605,1.3164893,0.83787364,1.3799243,2.8720534,0.20056795,0.8519656,0.13750948,0.09685214,0.040359013,0.42194775,0.9414562,0.6115657,1.8762448,0.23970675,0.32187566,0.71571535,0.78475374,0.18135576,1.3742229,1.735171,0.028400961,0.005002751,0.37394127,0.27237323,1.5144231,0.5841055,2.171199,1.2110387,1.1489873,1.9556007,1.615792,0.25456333,0.7586005,1.6236804,0.4436656,0.330992,0.39992982,0.97617424,2.4178262,1.1864831,0.42100385,0.97670126,0.18929055,0.36517256,0.30538785,0.21007577,1.1792157,0.16745755,1.4297109,2.2254224,0.18061876,0.8068569,0.1267837,0.8590544,0.31158403,1.0452297,1.3299042,0.5780126,1.6803366,0.6937139,0.8375088,0.25392148,0.014837491,0.72753096,0.055050585,1.0488108,0.18573795,2.209873,0.44483542,0.3766277,0.23795466,0.17919493,0.83536047,2.7460747,0.8177752,0.7306031,0.0028722845,0.5344564,0.52838457,0.051172763,0.04447751,0.047049936,0.37737033,0.91746116,0.9371547,0.6292306,0.8255219,0.57198036,1.0820069,0.46978822,0.1135714,0.0074961013,0.008764344,1.76598,1.2537384,0.0,0.42984352,0.0957222,0.6912567,0.13815044,0.025500476,0.47269598,0.18441363,0.36766946,0.7996104,0.21409778,0.29359382,0.2395325,1.3009303,0.079183035,2.89139,2.1793833,0.36495695,1.0589693,0.89077723,all_pothole_images\pothole_images_optimized_image_277.jpg
0.8784793,0.34790984,0.18828782,0.9442159,0.3605033,0.3698277,1.2106589,0.18500881,0.67289454,1.1138473,0.266307,0.25859728,0.9313215,1.9832982,0.01730138,0.6297858,0.24933434,0.3148637,2.1011763,0.2329101,0.894119,0.9865703,1.3488945,1.6373767,0.13424425,0.1675893,0.19583571,1.621312,0.0061414996,0.31929705,0.35175338,0.1309601,0.30022174,0.66053593,0.45018736,1.5513341,0.25567567,0.71452814,0.48210588,0.44629255,0.008471653,0.018741755,0.19263676,1.3757285,0.33341858,0.52907544,0.3887079,0.023026545,0.41059124,1.6969525,2.2998245,0.146155,0.64182824,0.43056056,1.1132774,1.3778889,2.0991764,0.3298293,1.8138245,0.11480115,0.12969998,0.3925024,1.0871692,0.40966535,1.4350903,2.1945724,0.31155586,0.007113396,0.8778066,0.31135342,0.14560021,0.42658684,0.16727504,0.72273564,0.9221392,0.46020523,0.018442035,0.12247506,0.04989833,0.09901963,0.032585803,0.061149873,0.014354766,0.9897083,1.1597584,0.7054558,0.12805854,0.3161338,0.79150975,0.004712232,1.2058865,0.107251056,0.026527865,0.21433239,0.0,0.4530344,1.1071324,1.068162,0.16830823,0.44287995,0.069342434,2.1466882,0.4215044,0.11760044,0.9918051,1.0792207,0.04664536,0.037341833,0.19115229,0.084089406,0.006653529,2.6197555,0.10695275,0.5433791,0.22049907,0.0,2.550503,0.8954323,3.38354,1.6074036,2.2027774,1.5695101,0.63185143,1.9821106,0.24450687,0.52691764,0.061128624,1.903301,1.3371917,0.07279858,0.8700249,0.0,0.85986763,0.35981727,0.017018868,0.58606935,0.55058247,1.1866833,0.6990339,0.5229861,0.39155912,1.0819551,0.07826822,0.69408363,0.105000384,0.98589414,0.17964168,0.2089917,1.1016787,0.4877942,0.36477575,0.3456054,0.041820735,0.0,1.5455817,0.57127035,0.5252614,0.6602118,0.08871413,0.10892932,3.0621972,0.49946466,0.017851673,5.427564,0.11456513,0.74828875,0.3149833,0.18276736,0.9070178,1.1317663,0.2385619,0.29097208,0.070194736,0.49388668,0.53722596,0.60431087,0.07386669,0.092148066,0.016641734,0.23537682,0.47136912,2.461119,0.99947435,0.7079883,1.2133524,0.018797703,0.7178992,0.6379041,0.82401705,0.97763634,0.06619531,0.8783351,0.21808887,2.7795007,0.034814753,0.7928734,2.206925,0.8904771,0.20408249,1.0189883,0.17595552,1.0316856,1.2397131,0.45815822,1.6008166,0.047005992,1.0807168,0.48677778,0.50440097,0.28926644,0.16985278,0.011498986,0.44323552,0.561238,1.0933732,1.1566749,0.74438286,0.12525411,2.3450556,0.029690873,0.0,0.37796915,0.7022095,1.2231569,0.09879354,0.59846437,1.673244,0.531514,0.4417041,0.07908985,0.1394486,0.23147528,2.513114,0.3102724,0.34518978,0.23072961,1.0517464,0.24877793,0.05691069,0.30139852,0.08485037,0.5721841,0.23336264,1.102652,0.2564792,0.011949702,1.2354771,0.40489325,0.4744046,1.9273769,3.1283438,0.72189796,0.2482304,0.5507253,0.54162645,1.0260813,0.18252182,0.19280005,0.8798618,0.51334685,0.55240977,0.30326757,0.018620417,1.8969692,0.28843123,0.43563768,0.3549392,0.37813842,0.050340813,0.64509994,0.26287127,0.15014674,0.022781024,0.39149046,0.6740016,0.40664765,0.9185324,1.1848744,0.85869586,0.21550168,0.42466164,0.9889174,0.6139115,0.32477897,0.661378,0.9763344,0.65764666,1.2783232,1.457542,0.11444888,0.5649624,0.0,0.92867285,1.1297792,0.06671009,0.087358005,0.88150364,1.4315363,1.0118009,0.3380366,0.6609831,0.33780065,0.3132662,0.09657284,2.5430136,0.0,1.0348983,0.3642945,0.6629985,0.61862755,1.1350186,0.7860269,1.6227388,1.0406449,0.12591986,0.8604831,0.06968822,0.16500461,2.4530857,0.3689624,1.3313249,0.0,0.102030404,0.48424825,0.2818134,0.5469866,0.28121984,0.023120482,0.29268086,0.32508585,0.74009866,0.36218217,0.08021149,0.08742173,0.084065326,0.61512595,0.032732144,0.041642383,0.6489553,0.08902205,0.35595652,0.24807273,0.43795833,0.5518842,0.38334873,0.178774,0.019140912,0.10205641,0.19088079,0.7981828,0.08506584,0.38857806,0.86908656,0.14757997,0.06405821,0.11968392,0.20126997,1.5062664,0.6883218,0.09788223,0.28406125,0.23289236,0.47329283,0.121692695,0.13743836,0.62241745,2.063111,0.6576938,0.39313915,0.49086705,1.3042289,0.6923536,1.4144974,0.22039452,1.3092735,0.2620039,0.11541766,0.047168087,0.10134028,0.69005305,0.3497617,0.41701573,0.028835073,0.3286542,1.2418573,1.3002224,0.8313252,0.07996527,0.0932458,0.17793445,0.75403655,1.3230002,0.10047703,0.285351,0.09834043,0.22796772,0.9347639,0.84690636,0.6844521,0.026439749,3.1706655,0.9537903,0.0076847645,0.4902784,0.19824506,0.19817469,0.83304495,0.100486465,0.0160222,0.23912564,0.13592274,0.08529479,0.59564155,0.52704644,0.13700764,0.07043561,0.69808906,0.10249272,0.08011635,0.4972193,1.17308,1.6456912,0.052047197,2.2569685,1.6770302,0.18085213,1.5123209,1.9946017,0.039880704,2.8114324,0.037941925,1.3567888,0.4998743,0.12244741,0.22430089,2.9751692,0.75861233,0.7390774,0.31083068,0.5710832,0.25730902,0.4346975,0.30952448,0.48157737,0.17913264,0.023952033,0.55968153,0.2362435,0.354195,0.7490055,0.728089,0.25299877,0.07061739,0.33474007,0.77031296,1.0245669,0.19160932,0.04964121,0.70950097,1.26485,0.7121016,0.26923,1.8503278,0.58778185,0.29241008,0.59468275,0.91545993,0.045991965,0.72942084,0.21254948,0.628523,1.7701052,0.3578882,0.4659986,0.91846883,0.6037065,0.39856887,2.1532059,0.1483078,0.024403706,1.1856583,5.3566484,0.26391193,0.1426582,0.13308977,0.16239035,0.8384173,0.057291146,2.600269,0.078547336,0.257306,0.26277596,0.013640665,0.086295225,0.106011964,0.11080291,0.3966562,0.19209391,0.26830855,0.48373693,1.0227215,3.454238,0.40041772,0.20008542,1.2013582,0.04190403,0.012233372,0.49469116,0.34835383,0.35852027,1.002482,0.0903547,all_pothole_images\pothole_images_optimized_image_278.jpg
0.22613432,0.3452702,0.043079454,2.5840025,0.32928592,0.20627195,0.7518487,0.0,0.13548863,0.38639393,1.0062807,1.3291972,0.042055964,1.4543606,0.0,0.1888501,0.11138821,1.6944829,1.282612,1.0222108,0.3375828,0.026282795,0.073710516,0.18562552,0.5459345,0.07775076,0.5883078,2.477714,0.0017344039,0.23898658,0.27951232,0.15064824,0.1605983,0.85930353,0.034886617,2.7779584,0.08061667,0.09754017,0.93394345,0.026407469,0.15270957,0.26721433,1.0144857,2.3430092,0.2527847,0.48978302,0.3958309,0.12914836,1.4466692,1.5745369,0.22880886,0.107481465,0.0043327557,0.07025148,0.35941163,1.5096084,1.1361055,0.1425615,0.94689023,0.28974634,0.5070323,0.067091756,0.28992477,0.46286044,1.0067576,1.781534,0.4961038,0.26612234,0.009696396,0.15273543,0.21052018,0.4221517,0.5961386,0.036150724,1.3686281,0.105491765,0.43781826,0.89570147,0.3903476,0.9179576,0.025508968,0.39592975,0.84771526,0.2480308,0.0,0.0,0.058885664,0.05559035,1.8967487,0.61126614,0.394292,0.8506747,0.2594847,0.008386496,0.26390177,0.0013422916,0.018613338,0.9723606,0.64864916,0.34876683,0.28712112,2.472269,1.2449487,0.0148942955,1.7253352,0.10157431,0.32323682,0.6931369,0.12300279,0.116766244,0.0058647157,0.16188906,0.41185704,0.07204928,1.1840321,0.24754544,0.26980948,0.15899962,3.1254776,0.7439898,0.5365502,0.0,0.38938686,0.021098725,0.74145794,0.9666172,0.9855683,0.22737052,0.10253277,0.22136848,0.023648804,0.07792724,0.0402081,0.09224747,1.275121,0.8685818,0.91998214,0.08183867,0.7172808,0.005393399,0.50244147,0.06424019,0.15239076,0.012977648,0.47027448,1.1355169,0.15418185,0.3796561,1.2957681,0.35131964,0.08062513,2.1925795,0.011205639,0.22753456,1.0705266,0.5403544,0.6883632,0.008767689,0.20806971,0.42069617,0.055197317,0.9689625,0.361698,1.4904187,0.40982336,0.27466217,1.1538737,0.0025571946,0.6483831,2.2842185,0.40159214,0.27663332,0.20007744,0.3150429,0.0011637479,0.5763361,0.041831672,0.03329166,0.1993748,0.30304265,0.173557,1.7606777,0.9259548,1.0168047,1.2889173,0.50866705,0.07815427,2.5193923,0.0,0.732723,0.0,0.320614,0.5366292,0.549408,0.84935606,0.092437744,2.6774368,0.017247839,1.4237274,0.5968731,0.6962281,1.3136574,0.33865157,0.0026474528,0.16929813,0.21697026,0.41533762,0.04798223,0.5558394,0.39884028,0.0054649394,0.12584437,1.1080848,0.2420186,2.623888,2.4308782,0.012255936,0.045113552,0.1020189,0.36530763,0.91623914,0.23769075,0.20362961,0.55016136,0.0,0.033213295,0.693175,0.030832844,3.04296,2.157066,0.009724355,0.048686747,1.4367728,0.032057416,0.033503704,0.08407905,2.9095695,0.031965848,0.06071782,0.49359506,0.31541014,0.19862317,0.6230812,0.34818843,0.13447522,0.5201247,1.3088903,0.07139174,0.7316211,5.7422857,0.2488376,0.5654066,0.04227402,0.42670596,0.032905266,1.5615376,0.1285498,0.95236576,0.0048662126,4.804665,0.64837885,0.41993067,0.43842793,0.07397227,0.33427423,0.021554194,1.4356593,0.23132911,3.3649704,0.879526,0.41194567,0.0042742607,0.7534445,0.35262334,0.47602478,1.9675472,0.24764946,0.1797047,0.12370773,0.8923439,1.3867834,0.7557244,0.9224574,0.2712072,0.026116112,1.6428068,1.4245306,0.02742073,1.4291495,0.63086915,0.012704962,0.08169417,0.08123467,1.0728377,1.1937084,0.109336056,0.028764006,0.5145894,1.2915798,2.7352593,1.2986507,0.44158798,0.76371914,0.0091960635,7.405901,0.026746655,0.97457,0.0,0.2846877,1.5647336,0.309343,0.976726,0.9596991,0.8243508,0.29687384,0.0046372525,0.63591856,0.47226274,5.3870163,0.44611824,1.178108,0.104263276,0.34370515,0.15943135,0.055806197,0.595261,0.17819798,0.029069886,0.11631406,0.030005451,1.1637583,0.72081864,0.48284662,0.07563997,0.0075575965,0.011400528,2.5059233,0.10635866,0.48160103,1.1043066,0.8735584,0.29241788,1.4568331,2.5269213,0.91783965,0.2171586,0.004786846,0.0998533,0.6887711,0.53977764,0.21811384,0.12581904,0.035194322,0.066169895,0.20561194,0.2067277,0.12329859,1.2270367,2.9253833,0.86482066,0.026651569,1.2957337,1.1452576,0.0811801,0.008471187,0.074573025,1.496486,0.2660113,0.038053107,0.01675287,1.1177511,0.50652647,1.3194301,0.52002263,0.0,1.0469834,0.0048882635,0.023221089,0.028595563,0.50690204,1.897798,0.55548483,0.26396,0.45910528,1.1707084,0.72333735,1.3952327,0.00085910433,0.46381283,0.89303374,1.9767095,0.07104057,0.11174708,0.08339422,0.04409152,0.20935003,0.7311842,0.06914154,0.9530014,0.04475584,0.2281298,2.3948562,0.15775038,0.012424955,0.4137385,0.037019156,0.24214701,1.1996,0.9884008,0.48201954,0.00774782,0.06340483,0.07202757,0.32098395,0.22481354,0.8744138,0.023578748,0.0833184,0.45288575,0.040901504,2.2146773,1.7862891,0.75386184,0.57801145,2.350564,0.044471245,0.0836003,0.1333639,0.006720122,0.14775746,0.37649626,0.0040020524,0.7234676,1.5272157,2.5987935,0.5674853,0.17385699,0.6938362,0.031729814,0.7499863,1.0733794,1.0730655,0.09649248,0.024682662,0.16893904,0.011663691,0.7282478,0.107760906,0.41703168,0.9000835,4.7515883,0.113117754,0.05937582,0.1276294,2.234079,0.25054517,0.13463473,0.6210048,0.056978818,0.93406385,3.9697776,0.20217696,0.77114713,0.035206746,0.037193082,0.05851264,0.3617461,0.0022974855,0.882738,0.47165704,0.026785513,0.7240525,0.029410506,0.010278364,1.3169353,1.1107007,1.8526074,0.025182212,0.40433797,0.0035221667,0.0,1.135577,0.5851486,0.0005424985,0.23435697,0.020092526,0.38429427,0.040956896,0.6009532,0.00019432203,0.43848145,0.42914683,0.11713523,0.7592449,0.58683294,0.1150899,0.14224936,0.16232984,0.18150058,0.66729146,1.0599746,3.6233838,0.059009463,0.36420557,0.09780814,1.7888409,0.595564,0.018928038,0.11407071,0.033494197,0.0,1.3144599,all_pothole_images\pothole_images_optimized_image_279.jpg
0.57877916,0.6855873,0.6675524,1.2473537,0.037525572,0.64986044,1.4660895,0.2932829,0.1580306,0.28470802,0.0033582796,0.686476,0.3131161,0.57227784,0.13832775,0.11775561,0.09485052,1.131271,1.3858368,0.3752082,0.52415097,3.0606856,0.12581252,0.0,1.0689406,0.2613647,0.31324422,1.4362984,0.0,0.6972645,0.56503385,0.46507174,0.278789,0.7922508,0.14256613,1.3683335,0.012532252,0.74586374,0.41076553,0.79142386,0.034060616,0.052318253,0.06337367,0.9022125,0.20013455,0.22247435,0.1689939,0.0,0.27625543,1.6921643,0.92906517,0.09851803,1.0895891,0.67451143,0.08676292,0.81662405,1.3454368,0.5675065,0.91892016,0.15440579,0.30036226,0.36050406,0.47051814,0.05258874,0.58424556,4.283686,0.05671611,0.10846383,0.64052963,0.0086666,0.131425,0.11410999,0.39960852,0.33833426,1.2376153,0.21869363,0.014476552,0.10785387,0.056421567,0.21854995,0.14168689,0.11193221,0.11745206,0.777078,0.44300973,0.09772397,0.2188635,1.0081518,1.5195907,0.25657812,0.71286446,0.10329272,0.10233299,0.49115604,0.06834474,0.0,0.63159573,0.7244118,0.47694194,0.41120878,0.21725114,0.8982639,0.393592,0.0,0.31713167,0.91272724,0.087500766,0.307035,0.03727377,0.112593174,0.04454398,3.3959107,0.6577142,0.0074467766,0.4747457,0.27719045,1.2786669,0.4830437,2.1404681,0.9707853,2.3330536,0.56472546,0.78234994,0.67504334,0.7206299,0.49163747,0.118159115,0.7984487,0.9189726,0.003856683,0.31363803,0.0,0.020519147,0.2609564,0.0092574945,0.23802865,0.09444149,1.1537063,0.3788709,0.2955858,0.4254218,0.97605336,0.26481864,0.8332264,0.2106945,0.7191489,0.21683042,0.084575966,1.137568,0.30737633,0.41957894,0.4179475,0.23150204,0.07978462,1.9085606,0.60680395,0.8199669,0.3913061,1.4689252,0.59686595,1.0861554,0.15236928,0.021387752,4.6510434,1.4729894,0.92921853,0.2766425,0.11434762,1.593351,0.38496298,0.10888946,0.0045374637,0.06589128,0.046713945,0.82933736,0.0,0.0,0.0007668098,0.22515783,0.33880746,0.15121306,3.8847935,1.6780301,0.08109195,1.4371839,1.1029668,0.42819434,1.1472653,0.4466351,0.7163771,0.49765655,0.47145393,0.0,1.8777242,0.11137757,0.20837627,0.9454113,0.5762888,0.44545674,1.0658624,0.366743,0.83170176,1.8573034,0.8278155,1.000488,0.9368457,0.4755473,0.3755107,0.22835076,0.1871079,0.09021699,0.0,0.28699586,1.3942575,1.5233777,1.1725771,0.0,0.020766258,0.4740527,0.30998147,0.12277694,0.7878787,0.29394898,1.3263185,0.2654014,0.7606589,2.3801212,0.0013829843,0.36514008,0.015759554,0.16163056,0.2591622,0.48053524,0.12892681,0.29890326,0.03871324,1.6603314,0.0,0.009980563,0.18039812,0.48220265,0.56284255,0.07934521,0.15064853,0.032437634,0.03169456,0.5945949,0.23624155,0.5004312,4.187002,4.024522,0.1594045,2.012542,0.07836324,0.28316352,1.015202,0.5099488,0.43340924,0.42287412,2.2656054,0.104487516,0.17752805,0.21700859,1.6782662,0.85445493,1.1292788,0.5992477,0.38862178,0.10704603,0.53596604,0.044727255,0.048866525,0.29805273,0.013571806,0.41733277,0.87027085,0.73001844,0.397971,0.17241831,0.3431833,0.26349068,0.84897894,0.21812929,0.0,0.2906008,0.62906593,0.9927987,0.9039203,0.43198615,0.32375237,0.41786197,0.10787754,0.64098835,0.39483866,0.30971915,0.023518499,0.3442305,3.347993,0.5331424,1.0103964,0.28513193,0.899656,0.49486443,1.0336585,2.704758,0.34960088,0.1424086,0.7552561,0.4663404,0.25464535,2.7749734,0.87957853,1.4880108,2.259624,0.020841382,0.966303,0.11568836,0.4856681,3.517013,0.010947712,0.07372107,0.019343091,0.04777729,0.298956,0.50994515,0.404699,0.16175623,0.0,0.19375275,0.09922839,2.2990544,1.019018,0.35809466,0.012814964,0.24880864,0.22767563,0.76559013,1.1518834,0.20994647,0.45116016,0.25349137,0.6501434,1.1567353,0.08987678,0.9179785,1.7135894,0.033290204,0.3720007,0.48570508,0.6637067,0.41056612,0.6082772,0.8351143,0.22414179,0.024831733,0.42018488,0.3044083,2.2744985,0.9622583,1.4388429,0.0,0.056961488,0.7122256,0.2093085,0.08339839,0.6010079,2.709543,0.265888,0.0,0.019563988,3.80153,0.5526784,1.1216316,0.0,0.90639776,0.2716756,0.119484484,0.61361146,0.27225256,0.010300013,0.4202165,0.053951193,0.041054,0.78687906,2.0748417,2.655453,0.4530996,0.06748471,0.21172586,0.3010367,0.4873035,1.8273402,0.56706005,0.6150531,0.12093816,0.1864539,1.3653097,0.5040893,0.15230255,0.16258417,5.03693,0.15412585,0.195684,0.10969166,0.6128552,0.164448,0.16469835,0.57939327,0.005202654,0.0,0.7895639,0.4904649,0.6995955,0.13443685,0.2800397,0.0,0.433356,0.12469756,0.45852917,0.08807612,0.8294645,0.3189919,0.42066357,1.1315084,2.5203648,0.36905554,0.013967769,1.528857,0.13411364,0.43196532,0.33858675,0.8056349,1.4644054,0.6791115,0.40965733,3.448382,0.8011824,1.2070947,0.45960337,1.5582312,0.020353245,0.27623448,0.38430116,0.51002985,0.71044064,0.0,1.0956895,0.24707381,0.00463564,0.5595118,0.8097956,0.3085733,0.23994885,0.14873227,1.3581443,0.69599134,0.4452558,0.21017386,1.2286968,1.5637925,0.8133883,0.43328187,1.5872936,0.017690782,0.81914884,0.9282034,0.55499476,0.029873816,0.87816006,1.0848149,0.8921062,1.2904617,0.055721287,0.03240609,0.43658504,0.010859835,0.72447497,1.6210679,0.040861294,0.19209658,0.41466463,3.1575778,1.031608,0.109684825,0.06105414,0.70379525,0.295895,0.110551134,1.2744359,0.086730324,1.1724342,0.7939685,0.03960087,0.105919994,0.17512737,0.06415163,0.23500991,0.24714765,0.48565948,0.54600143,0.865213,4.541197,1.4765538,0.20356692,0.30476218,0.5475746,0.02874515,0.29373056,0.07683717,0.14152281,0.7103145,0.122622505,all_pothole_images\pothole_images_optimized_image_28.jpg
0.086127214,0.05961317,0.12680358,1.4357162,0.45034286,0.09914902,0.45965314,0.22178486,0.10076065,0.39364463,1.1463264,0.18275423,0.054725837,1.9338953,0.28177533,0.24057212,0.7404816,2.5664473,2.7299864,0.42979407,2.6295588,0.65775144,0.0065179993,0.3478955,1.9164566,1.7033551,0.9121453,0.7356498,0.036745463,0.26831236,0.89575,0.08520748,0.46113166,0.788837,0.27624974,1.4775926,0.11973593,1.5361216,0.43563384,0.501897,1.007874,0.4733337,0.1921912,0.92947066,0.76999694,0.18233976,0.36623904,0.27680972,0.54362726,0.103089914,0.41910645,0.34395602,1.2652893,0.4873287,0.501881,1.4956295,1.8552777,1.0294588,0.059563655,1.2156274,0.4082862,0.33862507,0.16433685,0.30870256,1.3378487,2.166755,0.26137006,0.3362916,0.9381301,1.7909878,0.44764933,0.10589285,0.17905048,0.008998641,1.0318569,0.006924002,0.21188997,0.5142736,0.004367302,0.26599312,0.21375224,0.25345865,0.2742175,1.9238465,0.30173573,0.4494164,0.2276991,0.043877255,0.48549873,1.3890556,0.36203822,0.72172195,1.1997796,0.030771185,0.12719364,0.09348009,0.56058335,0.6259669,0.053308126,0.118602455,0.67831534,2.329149,1.2452987,0.07005943,1.1892743,0.49496287,0.13321793,0.4146614,0.5745939,0.4379148,0.3074363,1.4748387,0.41778806,0.22116587,1.0166174,0.8871857,0.35962325,0.46706733,2.262795,0.4660247,0.45135784,0.05608506,0.07358626,1.3503982,3.0269942,1.0398244,0.5441844,0.28910622,0.29172885,0.7078598,0.10615308,0.19098309,0.06332796,1.261454,0.737953,0.5965544,0.1716875,0.30791238,0.117629856,0.011117375,0.0021500231,0.056131147,2.6237867,1.24862,0.06070057,0.54999304,0.646546,0.08530387,1.0556365,0.088765696,0.33206546,0.027104134,0.00038418634,0.34458467,2.196226,0.09089333,0.4509598,0.7300064,0.7375385,1.0952029,0.9348829,6.3970895,1.1524194,1.6043935,0.3900476,0.14570309,1.8782167,0.5158026,1.9725993,3.3030233,0.09890125,0.19340071,0.10476834,0.40185812,0.0,0.43634242,0.011478738,0.24964067,0.095269315,0.37674814,0.0011017184,2.4992688,1.383287,1.3205996,1.3699559,0.91869545,1.3912635,0.6535235,0.45152906,0.6182017,0.2031498,0.08195367,0.24389002,0.06872731,0.041647024,0.2572019,1.4118735,1.1506093,0.20625353,1.3826281,0.5614844,0.75480753,0.28006646,0.6309214,1.7750521,0.12205166,1.6663666,0.029209193,0.41276515,2.7649918,0.0131319575,0.09700413,1.2564659,0.14529757,2.9808047,0.89661264,0.7132619,0.041006897,0.6612393,0.35724223,0.28494674,1.347097,0.6099196,1.0526572,0.011433288,0.0820336,0.14051771,0.08100277,1.4479098,1.1813295,0.069638886,0.093554415,0.8000614,0.20406559,0.058229327,0.32496697,0.4228928,0.008973085,0.14568463,0.3959627,1.0605422,1.7313739,0.2672262,0.19229154,0.78832996,0.2683997,0.18002048,0.4249712,1.3432369,5.4959674,1.7539291,0.6000686,0.011686691,0.24446961,0.12258575,0.14490026,1.3977495,0.87678796,0.048833452,1.6206257,0.28554684,0.33206677,0.049226094,0.18776882,0.06848855,0.27503195,2.4309235,0.38432786,1.3001847,0.06404924,1.0045522,0.014750145,1.2429678,1.0469999,0.19107218,0.5454377,0.08092804,0.9136013,0.16957346,0.076239586,1.7024238,0.19032721,0.9012773,0.11850995,0.15871018,1.9947764,0.17383346,0.3147315,0.021294802,0.1926234,0.052338395,0.72279817,0.15477347,1.2002724,0.53881335,0.21080169,0.24061555,0.9092966,0.17199637,5.5714316,1.0357531,0.41459998,0.4747429,0.0013089055,1.0739843,0.03483945,0.066365644,0.0,0.42022416,0.11979146,1.0851486,0.2954877,0.73758405,1.8874944,0.19222513,0.25031152,1.3755525,1.2601516,4.5772943,0.59557515,0.323616,0.0,0.7440542,1.8270061,0.27393484,0.31496796,0.4485999,0.00559837,0.4106878,0.010059978,0.9905847,0.24340168,0.7508213,0.003165555,0.30983892,0.22435872,2.626061,0.36265475,0.5377391,0.69048667,0.31662765,0.3592919,1.1280838,3.986447,0.2612839,0.13025711,0.030528259,1.3588576,0.85890913,0.40617013,0.30173033,1.1819766,0.70624673,0.923512,0.0682778,0.2701809,0.13321052,2.120393,2.5284488,0.9448186,0.33824733,0.1478651,1.7795565,1.7938447,0.0063531916,0.16252966,1.1439211,0.26126516,0.1816575,0.13637044,1.0551296,0.21276933,1.1122929,0.35072288,0.06307606,1.2230057,0.83684623,0.097562514,0.38909176,0.05995584,1.8941149,0.10158348,1.1836189,0.876079,0.19561172,1.115554,0.7484841,0.0,0.0027015815,1.6571864,0.08049411,0.62755,0.025788182,0.6978045,0.15250646,0.17949127,0.63722736,0.061409764,0.44804743,0.14445028,0.5957552,1.3270164,0.07261296,0.09570025,0.25246334,0.026323622,0.02762913,1.3572309,0.9787258,0.41656327,0.46262997,1.0389526,0.53787076,0.06885245,0.18202016,0.0879194,1.8202329,0.11489482,0.567401,0.23269466,3.190804,0.7961225,1.0727952,0.8432793,1.3254019,0.32279828,1.347669,0.35675725,1.4267555,0.014090286,1.131056,0.22513115,0.81638443,0.60527325,1.8029523,0.34835082,0.22979352,0.9807157,1.8770328,0.42938983,0.19241676,0.4186015,0.15285176,0.1967608,0.00934646,0.021251991,0.529167,0.05916906,0.28116992,1.6689545,4.501993,0.09029957,0.1078635,0.10886811,0.9993632,0.95928806,0.041488774,0.118486926,0.26565975,0.6668844,0.4222856,0.018668888,1.8814392,0.18730852,0.2043795,2.0576699,0.1948678,0.087210335,0.019686332,0.30627358,0.4074503,1.9771423,0.04778028,0.37428716,0.58619046,1.359606,0.8355838,0.6119496,0.32471192,0.10996617,2.0310555,1.603292,0.880421,0.99134624,0.107975945,1.7230103,0.015391062,0.22612272,2.2310057,0.10617756,0.8857143,1.6930573,0.35088578,0.024144312,0.20896989,0.03571624,0.6494502,0.5959905,0.19494821,0.39441243,1.9615428,1.4629198,0.66732365,0.43072233,0.4865256,0.70380074,2.890543,0.2789326,0.40396506,0.26956028,1.2844241,0.2316013,all_pothole_images\pothole_images_optimized_image_280.jpg
0.7290482,3.3167012,1.3045751,1.5524466,0.1440473,2.2669806,1.7839714,1.7190223,0.09678155,1.2667795,1.2862145,1.9370822,0.22781757,0.17799532,0.2985867,2.0559525,0.08579752,0.9844874,3.200473,0.19315994,0.47903877,4.4609604,1.3439318,2.0311959,0.2574095,0.47699285,0.3507233,2.8201673,1.8687315,0.5261453,0.6252635,0.012385062,1.2651093,0.10716115,0.56038296,1.318425,2.0038517,1.3050066,1.3647726,1.3116772,0.5011159,1.8647954,1.3781819,0.3217686,0.60859585,1.3094767,0.95776314,0.14052428,0.48713022,0.34279913,1.0570284,0.9043828,0.025756417,0.20875005,0.8959509,2.5613263,0.58650357,0.308958,2.4107487,1.644651,3.2080905,1.446833,2.0518537,0.49674168,1.302226,0.71881515,1.5107783,1.3636167,1.7399821,3.2278974,0.13779144,1.0588653,0.6212232,0.45979467,0.7606655,1.1382238,0.4242598,1.5144407,0.09003841,0.4751446,0.886568,0.38621703,0.5011342,2.5029955,1.4985977,0.64822465,0.17541479,0.89806145,3.0715413,1.4425344,0.13981058,3.0123446,0.3288513,0.23344764,0.29810715,0.37842783,0.9067322,1.8878654,0.78790903,0.9440161,0.11807688,1.4685781,0.87682045,2.1333184,1.5474187,0.25251272,0.24612701,0.48102573,0.6572078,1.2798558,1.0779161,2.7926269,0.7327022,0.22175702,0.6052143,0.8389389,0.6753185,0.6354855,0.012197061,0.99512994,0.5178565,1.3271267,0.44860005,3.4602554,1.458878,0.7807716,0.8556309,0.7676329,1.0696858,2.3685637,1.0001584,0.7868099,0.23520707,2.105841,0.41506404,1.6708843,0.3403229,1.2708797,0.19598451,0.43683803,1.984365,0.7835519,1.1650363,0.38971838,0.95503116,0.29910648,0.10269591,0.34605843,1.2878431,2.0227573,1.9519619,0.11274851,1.1955807,0.5918,1.0094365,0.16170286,0.6130609,0.7372569,0.67677665,0.8666279,0.44844443,1.0014863,0.57904756,2.4426527,4.631806,2.1042984,2.9580638,1.4912256,1.0388364,0.3814348,1.2142906,0.27221742,1.3869095,2.5201812,1.6556944,0.24461633,0.17768389,0.77832365,1.2903464,1.7832137,1.5044419,2.4641101,1.4929744,0.5140968,4.0703654,0.09757188,1.3625675,2.4476602,0.8703128,2.6608145,0.84897625,0.5499494,1.2833827,2.2845898,0.84954107,0.0034342124,0.3991041,2.1097178,0.8444406,1.4625213,0.504014,1.307859,1.0624315,0.27118468,0.30456275,0.7317839,1.4377955,0.67500687,0.626664,0.54272175,0.08033688,0.31043357,1.1502857,1.1473887,1.928325,1.5121853,0.35707366,1.6546849,0.46192908,0.9417684,1.891122,0.27501398,0.23620456,0.8394447,0.07393004,2.1056604,0.5723186,0.9250382,0.60843295,0.42736325,2.0079563,1.9404966,0.34628233,0.3058991,1.8189821,0.15473811,0.18284348,0.5153635,0.67262936,0.124802925,1.2360374,0.32552618,2.1456907,0.21029845,0.22169311,0.5175928,0.427966,0.10957826,1.9773481,2.6550317,0.84977955,0.028809415,0.8899441,0.16878225,0.29499048,0.90132654,2.0701933,0.5674264,1.9918861,1.9709347,0.6162669,0.056451708,1.2298129,0.7392293,0.29329577,1.7352865,1.3689556,0.09826231,0.59869874,0.59244156,1.0319877,2.4710336,0.24122481,0.1070638,1.238713,0.8463451,0.358896,0.6090317,0.9085449,1.3244723,0.844084,0.5419143,0.26293626,1.4822776,1.3837308,0.97090274,0.582564,0.3596984,2.9170501,0.043693423,1.1032054,0.7480047,1.7726446,0.61356187,0.73177946,0.3725936,1.0839932,0.5990238,0.8225429,0.46278065,0.07570858,1.538368,1.7890226,0.5407954,0.19365828,0.5441547,0.0,0.9038391,0.61853826,1.0633007,2.0037847,1.0574429,2.704421,0.63733315,1.3753746,0.89703256,0.2758366,2.775593,1.7381495,0.4167857,0.5327877,1.7217697,0.5435221,0.37904498,2.5081801,3.6618571,0.095472574,0.017162556,0.18838069,0.45783746,3.2859292,1.0624084,0.3023904,0.15897675,0.7244346,0.2763284,0.64708704,0.8935666,0.13829659,0.9031944,0.40522593,0.80101764,0.7315174,0.12047699,0.36180052,0.84614515,2.1657832,0.08758677,0.070333555,0.9021508,2.6317818,1.1904675,1.3028321,1.6363283,0.9874238,0.0,1.7317992,1.7747809,0.29237247,0.22515024,1.8938982,1.0748751,2.0006511,1.2835503,0.5172625,0.49556956,1.8426713,1.184701,0.7959582,0.79581887,0.9125885,2.3191528,1.6191132,1.7266403,1.9223834,1.6294847,0.15529156,3.379369,0.15662275,0.35820368,0.46818522,1.5487356,2.4153156,1.4617692,2.0719788,0.30825067,2.166371,0.24598944,0.70967054,2.1130147,2.4279077,0.7637622,0.24877399,0.86018175,0.60039234,0.5716791,1.5395035,1.0827233,1.1094733,0.65408576,1.0879339,1.3294268,1.2824768,0.86892223,1.9741172,0.18425737,0.32701024,1.3793062,0.2049019,1.4273775,2.8004522,1.1098788,0.3836318,0.69953674,0.39074185,1.0406445,0.4563183,1.0325955,2.2462926,2.0915346,1.5712321,1.3136847,3.079873,1.8437599,1.6831887,1.1190193,0.38958654,1.6875473,2.1808124,0.21831322,0.13199165,1.4578786,0.35113797,1.2195643,0.49230978,2.3072255,1.7561675,0.985783,1.1171983,1.367634,0.5128906,1.4498873,0.69281346,0.8022774,0.099403515,0.49545646,1.1461525,0.8265666,0.73530155,1.8280188,0.08589264,0.9785698,0.8746641,1.4543475,1.9873934,2.1086385,1.2888602,1.072558,1.0281327,1.0144205,0.470776,2.1390538,0.57160854,0.5020206,0.20761922,4.310506,0.1000962,1.3555151,1.7989956,2.1791303,3.0874934,1.0301548,0.3468793,0.85873926,0.50044805,1.3985596,1.4796859,0.14842871,0.35484445,0.74096537,0.51595265,1.8812935,0.44579098,0.65262884,0.22933108,2.7359736,4.049577,0.18104254,0.96232915,1.4647789,1.2902318,0.9506949,1.0047593,0.8088161,1.3725982,2.2637904,0.7383513,1.4956188,0.46229327,0.88038635,1.054407,3.1722054,0.48164055,1.386673,0.5995629,0.90417945,0.25502142,1.5803121,1.5159701,0.58071005,0.77104145,0.78213614,all_pothole_images\pothole_images_optimized_image_281.jpg
1.2396924,1.0908955,0.093299404,1.1236267,1.5607306,0.44541135,0.478238,0.19362088,0.7305592,0.93051875,0.8932252,0.17992006,0.15000428,4.084202,0.20034736,0.7739604,0.22710873,0.13471717,0.28325933,1.1872898,0.75169784,1.3593038,0.6804755,1.407699,0.9480395,0.55301017,1.4885179,1.5148486,0.5502861,0.6656952,0.3694563,0.2447781,0.12509856,0.49179247,0.41681802,0.12729798,1.6454875,1.556421,0.2730758,0.1273983,0.26700273,1.3750926,1.5634578,1.4798447,0.72233766,1.3390615,0.7784262,0.1598496,0.45849195,0.048197463,1.9446585,0.35822836,0.016211545,0.061105274,0.6849818,0.9859744,1.1748765,0.22359186,0.08757131,0.30889973,0.5299334,0.57616806,3.0883088,0.5475704,1.8531232,0.33076787,1.9107754,0.059601054,0.4820289,0.15311764,0.049864758,0.7084771,0.100089274,0.45476004,0.5295005,0.39093265,0.29653037,0.85418046,0.033413842,0.0,0.332618,0.24059337,0.1284579,2.1050124,0.33116162,0.26167113,0.7311191,0.12977912,1.781732,0.14073704,0.14809874,1.0820884,0.6078491,0.60190654,0.2925291,0.099430576,0.32358596,0.76861554,1.6713334,1.5551331,0.37228307,2.4136665,0.24522848,1.130615,0.47501302,0.69262415,0.22049136,0.07064502,0.0,0.85822713,0.55550724,0.4285596,0.19376704,0.47517768,0.5189174,0.80440426,1.0181196,0.0732684,0.2963264,0.28573322,0.080285385,0.47879565,0.8851486,1.1701502,0.30709693,0.012147427,0.3856853,0.36494574,3.9922895,2.116976,1.5311062,1.2208563,1.5966624,0.40886322,0.85801965,0.7085907,1.1209903,0.5703427,2.6081145,1.390979,2.423415,0.37892118,0.28685284,2.599596,0.054913748,0.38902882,0.525428,0.19174284,0.73128647,0.87319314,0.21295407,0.030323997,0.04302982,0.13911794,0.3504871,0.24048805,0.5233168,0.8064128,0.55364823,0.17680351,0.55709,0.7693918,0.9296241,1.662785,0.23149128,0.07072331,1.6918912,4.344154,0.68181115,0.53109086,0.17804399,0.050296463,0.5882283,0.21893439,0.25554082,0.7970506,3.7126303,0.41344252,0.45550156,0.6601716,0.16602486,0.23641758,0.12874472,0.17770167,1.8812699,0.7785307,2.3773468,1.2101109,0.0631421,0.31832007,1.7700318,0.46930447,0.17529356,0.11849982,0.08945746,0.3873193,0.3866327,1.2710586,1.205042,0.14705415,0.11586954,0.4893452,1.3830162,0.51382506,0.29639593,0.55454767,0.45803204,0.4554648,1.5957277,0.25904748,0.025978394,0.119122714,1.7594718,1.0079577,2.8374424,0.8477982,1.2214414,0.4091952,1.284275,0.028676145,2.1690598,0.03753785,1.1210954,0.050711647,0.20374839,0.07807537,0.7855658,0.026789691,1.4625628,0.09591206,0.16064453,0.70653945,0.30123445,1.0615816,0.30616382,0.62698597,0.7710452,0.709333,0.0686238,0.29586738,1.8555796,0.0,0.11240415,0.60086566,0.20583935,0.3246555,1.0800254,0.73602295,0.45510063,2.50336,2.2734673,0.08424439,0.050735623,2.8973503,0.01417351,0.7408882,0.5804917,1.220762,1.0350223,1.2880857,2.8067133,0.44592577,1.5302001,0.44545066,0.07322313,0.193175,0.008393812,0.18783718,1.0668774,2.2349253,0.7498113,0.7000189,0.38639683,0.6809141,0.15450777,0.2904241,0.7544887,1.4565272,1.8509107,0.20957918,1.3955324,0.33476374,0.42096928,0.21825872,0.24709594,0.28503639,0.757777,2.2905974,2.019752,0.63744086,0.029180694,0.0070420746,0.89503914,0.7652556,0.4710495,0.08045843,1.1691839,0.7988851,0.0,1.4269212,0.13775542,0.09492487,0.024091937,0.29973382,3.7721593,0.19019116,1.9982078,0.7749018,1.3501266,0.15918101,0.26351032,0.31285313,3.0759258,0.13832334,0.37964505,0.775127,0.26569277,0.17960204,0.72278064,0.21919803,0.57432735,0.5420462,0.015683044,1.1065348,0.66822284,0.245139,1.3677322,0.41546604,1.6964098,2.4737248,1.0651709,0.64731777,0.009919463,1.9090457,1.0946649,0.04976279,1.67665,0.068082646,1.1521024,0.0698211,0.23049903,0.4294331,1.41524,0.458384,1.4910976,0.029759835,0.20824662,2.1195734,1.7777008,0.7008985,1.2016752,0.58813477,0.042183436,0.7587125,0.5843257,0.47861513,1.6347239,0.6504535,0.046256214,0.8036058,1.6670542,0.23000501,0.36929786,0.37211412,0.17963105,0.6108955,1.7826952,0.61974144,0.39028034,0.8185556,0.231853,0.26113316,0.2577723,0.49438876,1.0009886,0.30488276,0.17010964,1.7260709,1.8931513,1.9018209,0.10115775,0.047564223,1.1134521,1.6189921,3.0454824,0.6557907,2.0555582,0.51384467,0.19676939,1.7497215,0.39599547,0.39324576,0.12276411,0.7987303,1.2619648,0.049239676,0.23190373,1.1371408,0.4261723,0.22855003,2.520157,0.27715814,0.5104813,4.6687875,0.8000745,0.10913954,1.7697424,0.18753666,1.4371347,0.9658927,0.04097856,0.6071789,1.2028849,1.5181824,0.7326317,0.5537314,0.030289415,1.8909501,0.25936475,1.1858332,1.1816424,0.13616823,0.38909143,1.7514955,0.90814626,0.5170517,1.2274954,3.786947,0.36111006,1.1848708,0.80029684,0.3621411,0.28137043,0.059741076,0.36502355,0.027003981,0.33900926,0.3282744,0.7691768,0.06437874,0.5330342,0.12766497,0.13586836,0.43860847,0.96657115,0.9599477,2.4600866,0.0077606905,0.725768,0.060091082,1.524564,0.4471852,0.6031841,0.1994077,0.20924981,0.12679991,0.79391587,0.42384404,0.26783398,0.16271599,0.89275515,1.2252698,0.44239548,0.41152233,0.9711372,0.54074347,0.01309296,1.5724255,0.7273766,0.23044442,0.20806517,1.4288478,1.2519457,0.32226428,0.32153246,0.004788512,0.033901095,1.3112509,0.26413667,0.8366872,0.94574714,1.2114043,0.21569754,1.5711166,0.43454927,0.14266495,0.9492166,0.26388526,0.54669267,0.64284056,0.12698433,0.45603016,0.67471546,0.18134075,0.04544729,0.24097322,0.9551628,0.66820306,0.061137192,0.68188375,0.3377762,0.691449,0.37480196,0.9625437,0.502299,0.4717949,0.3641251,0.3354426,1.534398,0.72049135,0.48808226,0.03193827,all_pothole_images\pothole_images_optimized_image_282.jpg
1.226732,1.923731,0.12759891,0.98706675,0.30228257,0.5024667,0.9961633,0.33480942,0.25289434,0.5794899,0.14111885,0.24687932,0.9640331,1.6287941,0.099242225,0.647491,0.6425047,0.03625404,0.50399,0.7331327,0.6586691,0.46420732,1.4167178,2.0647037,0.060428604,0.23298521,0.08197193,0.3710377,0.43902603,0.47227827,1.742952,0.2999322,1.0254703,1.0239462,1.6639099,1.3576034,0.7253638,0.33726835,1.408721,0.59695435,0.08749699,0.3821,0.6528859,0.67342883,0.3034206,0.77899885,0.21168359,0.061028305,0.6598045,0.21195549,2.4638183,0.44068527,1.0769411,0.23940864,0.59221417,0.25491643,1.937897,1.17403,2.0927434,0.20577894,0.13450542,0.46704295,1.0584553,0.15408346,1.1582255,0.44002938,2.3813834,0.39036155,2.161821,0.01545382,0.36550704,0.6030942,0.013844677,0.015661664,0.43131614,0.13920316,0.7557859,0.8885034,0.052534796,0.23686016,0.23503825,1.1081097,0.08448017,2.2138596,1.1753353,0.83431023,0.3557672,0.23363882,1.4429017,0.19850771,0.68259865,0.5513325,0.44762796,1.5173792,0.23999138,0.29465434,1.2287469,1.0835177,0.86468,0.9287634,0.74764466,1.2412734,0.47522095,0.8370771,0.9709313,3.9357555,0.43760353,0.54230505,0.44391555,0.6685898,0.1545603,1.0400852,0.99347746,2.7732382,0.20145024,0.12447716,1.6778404,0.5602364,2.5499816,1.5225478,1.2609072,0.8341115,0.15588653,0.6568823,1.3696556,0.30833867,1.056578,0.97855484,1.1605726,0.07602107,1.061963,0.1738676,0.0,0.21400498,0.94636625,2.220788,0.20522635,0.7197353,0.021740358,0.4861623,0.013097358,1.8649553,0.69844013,0.88968647,0.0116318,0.49220788,0.2650194,2.0941274,0.44881976,0.57866156,0.9713826,0.3627941,0.55986536,0.0023812822,1.3865705,0.8658919,2.1527984,0.69808227,0.90996075,0.043399286,0.76552844,0.54832083,0.20309149,2.3768382,1.5770924,0.5943169,1.2185553,0.033322666,0.69699717,0.4193867,0.5098227,0.02449314,0.43105996,0.0,1.4276973,0.4760755,0.44895065,0.04905069,0.0,0.043318894,0.6134406,0.6319165,0.4503992,2.7032888,0.2363066,0.11941933,0.22969627,1.0446723,0.4823026,0.5951831,0.2717343,1.239139,1.0867336,1.2398648,1.312075,0.24964383,1.0730312,1.2925683,0.35636753,0.14348906,0.11569126,1.2833072,0.5201856,0.20356111,0.62716836,0.47516355,0.73241997,0.10771985,1.250144,1.0203412,0.04217653,0.54556644,0.9830744,1.1219304,0.88336563,0.50926065,2.2594113,0.088491954,1.2484268,0.117367096,0.5822362,0.8656943,1.9407834,1.4382663,0.27828655,0.0008642221,1.5680331,0.0063845,0.622622,0.11454031,0.045202896,0.23797344,1.1778928,0.4108617,0.85354114,0.65776634,2.2416353,0.27778393,0.4185883,1.6866196,0.652095,0.6261281,0.55176353,0.37767792,0.16298634,0.016106274,1.46746,0.3613362,0.9285795,2.4213579,1.4420443,1.5594896,0.13898693,0.12688884,0.021177802,0.0,1.1710565,0.25012285,0.32778183,2.253239,0.013311515,0.30912206,1.0273523,0.8613784,0.86731035,0.89376205,0.23146972,0.11807092,3.9502788,0.14707717,0.7838744,0.25041822,0.07945308,0.17960835,0.5814341,1.2116818,1.994111,0.32705715,1.2764097,0.58544534,0.24598561,0.5867687,0.26195467,1.2711345,0.5547343,0.09646758,0.5001941,1.0613556,0.47203842,0.18109386,0.9995888,0.06579096,0.32899502,0.86682826,1.1737462,1.5938519,0.6332032,0.08485213,0.37872735,0.50454557,1.2895672,0.24858497,0.6231637,0.3004505,2.5316753,0.040979978,0.8999195,0.16990054,0.07340754,0.25375193,0.47263882,0.88794035,1.9467764,0.08780152,0.22538222,0.5198932,0.09193672,0.43584245,0.72765833,0.2867667,2.9943678,0.4123754,0.35079357,0.21622433,0.55367136,0.6105478,0.07623237,0.327984,1.2395238,1.3621145,1.2163419,0.03162194,0.31830335,0.0011577458,0.024716904,0.8159138,0.85757315,0.006904874,0.19334102,0.99781317,0.3247045,1.1971618,1.5242914,0.660761,0.41987818,0.42612723,0.78703356,0.09450814,0.29086122,1.2450944,0.24997133,0.9944531,0.33605707,0.5732664,0.6740693,0.12461415,0.46676147,1.482945,0.070534304,0.42048106,1.0822278,1.3330089,0.50016767,0.7592964,0.0043935967,0.63712466,1.5585817,0.33413166,0.9489592,0.8800536,0.591649,1.3978556,0.8020277,0.38314545,1.1200302,0.10661285,0.5830957,0.38125572,0.14142786,1.1301326,0.8414811,0.4890334,0.16284102,0.57534313,0.53325623,0.1660347,1.8048656,0.12415553,0.38505885,1.3834327,0.2125798,2.0869923,0.47997928,0.15744638,0.017253641,0.8388357,0.53989965,1.7862742,1.8511907,0.7947671,0.885079,0.53340375,0.9573178,0.8496609,0.6609424,0.018009149,2.5970783,1.5556831,0.02895167,0.39856583,0.08623788,0.49879858,0.30012816,1.4630976,0.0,0.014172711,1.3542614,0.37602416,0.44769976,0.73549324,0.6070135,1.3755524,0.64936334,3.4185698,1.5078207,0.34181178,1.4040631,0.8204484,0.36699528,1.877786,0.1800497,1.1597782,0.051432848,0.51211214,0.21015641,3.4216096,1.6140933,0.439098,0.51582974,1.7205256,0.36262843,0.7803089,0.20234995,0.28038833,0.04417871,0.1714096,0.6614831,0.05271314,0.05563883,0.20945664,0.40597436,2.4169803,1.229416,0.23430051,0.45718536,1.8022085,0.53119296,0.049474087,1.2244402,1.1396852,0.64257467,0.51301247,0.63755006,0.87078905,0.90276784,0.6264319,0.014239399,0.45167726,0.22146492,0.046984736,0.8936485,0.36631435,0.84164643,0.30284703,0.34450787,0.1732923,0.15762036,0.57827324,0.0952943,1.1714319,0.3939794,1.3857656,1.4719342,0.08981015,0.8029103,1.6565044,0.7071551,0.0,0.35699356,0.04043969,0.23478955,1.0341003,0.33400375,0.28016,0.10648663,0.011477435,0.20160347,0.81968635,0.03819521,0.19954798,0.05920268,4.1035247,0.45295388,0.36222705,0.3402539,1.4407691,0.2610444,0.60348964,0.5796783,1.7252439,0.1734557,0.3605675,all_pothole_images\pothole_images_optimized_image_283.jpg
0.35207334,1.08736,0.39919546,2.5187542,1.3310379,0.21439508,0.68862605,0.014306987,0.54179144,0.41348138,2.254653,0.97111154,1.7768089,3.0450754,0.67328334,1.9991187,0.16208464,2.4350276,0.7783742,1.3712103,0.35987598,0.23799717,0.36463916,0.22679472,1.3268996,0.51493144,0.23459712,1.6985074,1.5105515,0.37796846,0.4071996,1.4757459,0.49876487,0.7776419,0.007692329,0.6427793,0.19440499,1.6240636,0.31647858,0.38882425,0.057076048,0.09914133,1.2553777,1.8751167,0.42081773,0.36363274,0.9341683,0.14270721,0.7734437,0.06783457,0.8138909,0.40781584,0.44967186,0.7339323,0.33970585,2.0696933,1.3662543,0.8211468,2.117198,0.39605966,0.8860637,1.0102814,1.7665708,0.63501346,1.0506853,0.5364399,0.6282826,2.9830496,0.037743982,2.3981667,0.8266968,0.0,0.6195837,1.0900875,0.7338839,0.8261219,0.60607374,0.5499756,0.17400995,0.7258788,0.6388571,0.021694573,0.06963838,1.7098683,0.3765159,0.9924467,1.1284201,0.12332564,2.8954287,0.5411725,0.053114995,0.6556236,0.3496371,1.32926,0.55497944,0.33625126,0.8375649,1.6590831,1.3378994,1.6268417,0.83527946,1.6468842,1.3723531,0.545482,1.7250316,0.05094181,1.4396172,0.1931639,0.58305573,1.0259213,2.0281131,1.5515499,0.088651314,0.6909676,1.1787946,0.87116957,0.48834205,1.4477296,1.0819254,1.0606854,1.6599005,0.19366251,0.400384,1.6144714,2.3287394,1.9242749,1.1029915,0.6994284,1.144268,0.36886573,0.7467075,0.12267048,1.2500628,0.40227616,0.3448901,1.087149,1.4568895,0.8121118,0.25353143,0.34214363,1.5774537,0.33117375,0.6604699,0.44836164,0.83071417,1.3460343,0.0070205512,1.3210331,0.15052035,0.91091037,2.6715438,1.673167,1.7968132,1.020389,0.15831888,0.5862026,0.11938041,1.7721008,0.90114826,0.29006857,1.6117142,1.8739172,0.03447551,2.2454298,0.5161157,0.068133585,0.40308887,2.2776897,0.7294851,1.3647239,0.6852643,0.44259253,0.80753964,1.3156718,0.7827736,0.352544,0.2870604,0.5496694,0.3609229,0.38544407,0.69368064,2.23687,2.9165456,1.400404,0.50465226,0.38063928,0.07881902,0.3948385,1.2731946,2.1876612,0.81976813,0.090051554,0.194474,1.0298736,0.0891161,0.23421723,2.3090436,0.41260839,0.30306143,0.16869016,1.3965863,2.3178182,1.3011823,0.10365206,0.6817968,0.22914182,1.2929635,1.9549328,0.91899014,1.3532948,0.19353689,0.23836848,0.7747997,0.19803631,4.31442,2.6551962,2.035383,2.612583,2.1574578,0.40234482,1.7602682,0.4008917,0.30457222,0.26603168,0.42394552,0.835847,0.96531117,3.4385736,0.8563281,0.7533169,0.67643005,0.5956375,1.1772722,0.34293994,0.15706636,0.14126594,1.226303,1.2203863,0.108347334,0.898778,1.7531909,0.013567965,0.7479084,0.3808291,0.19115883,0.013527919,0.39790496,0.06126794,2.6802204,4.4606314,2.4128108,0.3092838,0.28760505,0.048187498,0.7120593,1.5690837,0.6551614,0.80535823,0.47825179,2.0523908,1.3300173,0.67017794,0.7521772,0.47356975,0.6808357,1.2008913,2.12774,0.44463775,1.3789916,0.046153247,0.079892956,0.55845296,1.4009455,0.46958306,2.5116014,1.1172024,0.039834723,0.8192581,1.3309466,2.5586774,2.1033378,0.38950855,1.0641574,1.0427107,1.5013285,0.22114243,0.15012145,0.7584831,1.4101918,1.4420656,0.53433913,1.0201888,2.1125603,0.4517116,1.6176027,0.7018426,0.5270754,1.1522113,0.29252803,1.612026,1.1579493,0.47721323,1.9480649,0.60906345,3.8264496,0.34078613,0.2545946,0.6462108,0.765016,1.1718731,3.3836012,2.4473155,3.334293,0.71331006,1.8041687,1.1948172,1.2818509,1.5559331,4.477378,0.2718607,0.8032847,1.3954651,0.9277481,0.7671392,1.5119992,0.89569855,1.3325394,0.015000068,0.20743951,0.34548497,1.2046597,0.22926612,1.6233352,2.2538908,0.6235013,0.12975861,2.11284,1.5349411,1.167103,0.6773619,0.32488242,0.27772772,0.31751105,1.1409596,0.33898568,0.0042632185,1.1831254,0.7124957,0.10494267,1.0684407,2.7649896,1.0501955,1.7586037,0.22867167,0.12152856,0.43149593,0.28434116,2.3678546,0.05013433,1.1753739,1.0840836,1.2579277,0.8855869,0.73515534,0.09052682,0.1064801,2.192318,0.7899778,2.9542031,0.8536151,1.8584887,0.84990054,0.816018,2.2265913,0.64912426,1.6824486,0.16194041,1.5230501,0.3528382,0.79512036,1.0500133,0.116029404,0.7457469,0.19053498,2.3228612,0.6698262,1.5090169,0.10924613,0.5025874,2.0109057,0.16246267,0.74780667,0.7708271,0.07896857,0.16190112,0.5684713,0.8799952,0.34520254,1.6349132,0.5610935,0.51724553,1.0843958,2.1225474,1.1732028,1.3341655,0.48834223,0.15964624,1.1679246,0.047620796,0.61105275,3.0866222,1.6683503,0.4120667,0.21865134,0.7495749,1.3284093,1.1233952,0.39751068,0.87191576,0.005829521,0.38355362,1.3847214,0.48120007,2.348054,2.1172101,0.41999236,1.1329794,0.04313781,0.8585686,0.74459255,0.90303963,0.763634,0.91288924,0.27937138,0.04090233,2.2709448,0.38037148,0.15123634,0.23086308,0.27602327,1.8089204,1.550781,0.13482249,0.7334696,0.08788103,0.33120167,0.99122244,1.9020933,0.1562198,0.45526612,2.6617105,1.428719,0.4441037,0.66209245,1.2861141,1.6732031,1.2206869,0.23820594,0.35065576,2.0074759,1.7433122,0.08409142,1.1962625,0.42484096,2.2228396,0.5788524,0.27748227,0.0055742827,2.635643,2.0054467,1.2884256,0.5076869,0.4895921,0.90293616,0.30327076,2.1656804,0.5776489,1.5681988,0.56994593,0.2024703,0.94698066,1.6428014,0.4939999,1.7602066,0.0037715507,1.6078405,1.3690472,0.7451997,1.032008,1.2655748,0.6486661,1.2177409,0.19875841,1.2487279,1.2581148,1.3740306,0.061507277,0.033367775,0.80245847,0.059549082,1.3388531,4.150064,0.11718502,0.9697487,1.4269879,0.22781855,0.493592,1.1870904,0.09779539,0.4604818,0.21684138,1.0582644,all_pothole_images\pothole_images_optimized_image_284.jpg
0.5034108,1.5065292,0.1559455,2.0437264,0.1501314,0.005910293,0.3351067,0.0,0.14790916,0.7358648,0.2925476,0.661494,0.24201012,0.4101128,0.015175043,0.038831078,0.26450896,0.18052383,1.1003476,0.102850914,0.33976224,3.2894983,0.15013036,0.7273517,1.6221743,1.2523813,0.56236535,3.074669,0.34365788,0.96026105,1.4032346,0.4140465,0.55202234,0.20469798,1.3335017,0.2756509,0.09626583,2.266406,0.2817837,0.40531093,0.009250964,0.02552469,0.27771565,1.3407562,1.7043275,0.17373583,0.02750316,0.010501047,0.12377632,0.80016947,0.7543536,0.0058851168,0.6450483,0.26005772,0.35199767,1.8853294,0.6614326,0.27641928,0.17226857,0.39388096,0.41887525,0.6155251,1.0379965,0.092811435,0.46811727,0.42008388,0.7146618,0.28609085,0.9473243,0.6664108,1.1950635,0.16007085,0.12533543,0.36253068,0.6690792,0.86815226,0.41667563,0.21543765,0.18434225,0.10666699,0.14649442,0.8629873,0.0,2.5427845,0.4893001,0.2923871,0.597176,0.31980476,3.1193206,0.2263783,0.0,0.92056286,0.0022078226,0.3012587,0.015718292,0.26591992,0.790194,0.51574385,0.90614223,0.5940966,0.21010228,0.93490887,0.37823778,0.16404216,0.08688423,0.65574557,0.37697923,0.011924792,0.09956328,0.0,0.0,1.308448,0.58470595,0.014046793,1.5826808,0.047479223,0.9544503,0.36553806,0.5915077,0.22352755,3.555945,0.31782448,0.20432542,1.6428665,0.48396936,1.2861156,0.5866354,0.18730347,1.6570973,0.6175682,0.8600132,0.00978258,0.3247516,0.05151808,0.90545684,0.1979959,0.4721892,0.8295096,1.718505,0.61890066,0.6909605,0.09567227,0.019192763,1.0872313,0.40833512,1.7889285,0.1096757,0.0,0.33030233,0.39105722,0.64039993,1.4696575,0.0,0.2805717,0.9388051,0.06186282,0.51824063,0.018760877,0.29202104,0.6185939,1.5999639,0.9074878,0.22385323,4.16882,0.0041643637,0.027587207,0.5284062,0.0860541,1.5719398,0.6702117,0.17275082,0.06514013,0.0035307608,0.06961298,0.10747356,0.053129535,0.50268483,0.018318312,0.1945057,0.28599784,0.06333053,0.70978427,1.0042317,0.56543076,1.9974246,0.9307984,0.08696753,0.02849479,0.083631836,0.629954,0.52213854,0.54804605,0.09015634,1.0171692,0.0,0.7817691,0.20468491,0.019142836,0.012252782,0.89939183,0.1345145,1.5788496,1.5392935,1.4024192,2.6997113,0.77416974,0.04206956,0.36732167,0.717276,0.035014477,0.21315524,0.031806957,1.0079784,0.038472638,0.8997346,1.0383387,0.58082575,0.0020034295,0.6042489,0.35764965,0.30650118,0.36708996,0.11040472,0.065320015,0.02022238,0.58875495,0.19415022,0.04034725,1.2098949,1.3181264,0.017016936,0.2893495,0.508941,0.35871327,0.67433065,0.26636568,1.6602596,0.010705977,0.041201416,0.15844315,0.28767946,0.009794683,0.11688384,0.32818958,0.08015917,0.0,0.23968138,0.26051825,0.69516116,4.057293,1.0489845,0.0,0.83533925,0.25077558,0.14323522,0.13433704,1.7754283,0.034574673,0.7917214,1.1253505,0.17067403,0.5622798,0.355587,0.18550225,0.4872867,0.184486,0.0,1.0478952,1.2925545,0.2963096,0.0,0.0,0.10685582,0.29096133,1.0998834,1.543609,0.27074036,0.55071217,0.15260655,0.55698735,0.93579966,0.27678284,0.24342005,0.8071582,1.6095546,0.16932446,1.126055,0.36312693,1.0786465,0.35780138,0.025137229,0.021693647,0.0,0.7197261,0.38728994,0.024586415,0.17928292,0.55665535,0.05090992,0.9810833,1.0461164,0.887567,0.07502437,0.34755865,5.5874333,0.89020896,0.012093935,0.65077716,0.035767376,0.38877487,0.0,0.9117579,2.7592828,0.4365835,0.0,0.7287909,0.08599974,0.8312515,1.1477354,0.11266146,0.19020429,0.0,0.14435917,0.12533392,0.7582082,0.9845866,1.5489583,0.49033654,0.32014203,0.40086257,3.6004052,0.06287585,0.8239754,0.019346468,0.0789365,0.32997364,0.39184538,0.6564734,0.123958275,0.08748525,0.5664539,0.27402705,1.5440724,0.43700808,0.55495334,0.045225482,0.06594114,0.7295614,0.78653944,1.1803552,0.87401223,0.95397323,0.0,0.4339801,0.13493803,0.08496705,0.47096124,1.8360941,0.2867862,0.53575236,0.0020585188,0.05453952,0.36106515,0.34599522,0.18713766,0.036204413,2.726943,1.1950942,0.028509079,0.5947307,0.7154152,0.61479163,0.011438851,0.6135942,0.037117116,0.83401287,0.06596013,0.3277491,0.061414853,0.19760484,0.028208354,0.020426476,1.2857046,0.39662376,4.4435544,1.1836885,1.0100855,0.17310965,0.0,3.931993,1.5182037,0.010519093,0.104899354,0.5139272,0.11879616,0.08905631,0.4877432,0.096831016,0.06609028,0.03796064,3.1111782,0.7549408,0.0,1.020053,0.19282813,0.44434038,0.48281685,0.75689733,0.4281277,0.10125822,0.17707606,0.14422545,0.835364,0.40383708,0.12734617,0.1249983,0.5343306,0.009063525,0.05922267,0.6899643,2.000493,0.117523685,1.4389871,1.0795264,1.5644163,0.21635787,0.29832697,0.9502982,0.12981306,0.7496122,1.1263605,0.08686146,0.04147554,0.8951585,0.5454326,2.6674976,1.113597,1.0287391,0.151137,0.059900653,0.23766182,0.3027907,0.30990747,1.0388558,0.08422724,0.14837675,1.4948562,0.40817183,0.3641362,1.1853284,1.2659882,0.105707675,0.5720699,0.011924223,0.94330835,0.061134275,0.26964194,0.42028344,0.79886585,0.6435816,0.82077384,0.19165154,0.65630907,0.1630804,0.79660326,0.49519098,0.0031570122,0.00675431,1.4965537,1.2638562,0.44832703,0.29297152,0.62016404,0.37793395,0.25473744,0.07842236,0.25342804,0.5247628,1.6171544,0.048149973,0.0,2.8059428,0.2281845,0.23791215,0.0,0.004789552,0.5748248,0.09095148,0.14270619,0.014227499,0.1569204,0.6840442,0.11140373,0.11780253,0.0026077852,0.012285626,0.08192457,0.046240795,0.18283838,0.1123433,0.04753979,3.5654306,0.7884774,0.22738598,1.0494647,0.46367466,0.18988602,0.5906533,0.16218469,0.05396188,0.22413021,0.21631002,all_pothole_images\pothole_images_optimized_image_285.jpg
0.28806895,1.0133524,0.11812858,1.4034526,0.73402476,0.28861418,0.438528,0.26342583,0.16089508,0.7661141,0.6842439,0.35638073,0.23908918,1.264366,0.0,0.42250586,0.5541926,0.20676258,1.9227396,0.122882545,1.399751,0.6931358,0.58161753,1.4166834,0.58423126,0.22973457,0.33989844,1.278858,0.0,0.66324985,0.89016265,0.27289417,0.37097067,0.29855555,0.6432879,1.7432358,1.0059718,0.77854484,1.4700062,0.8344322,0.049820844,0.11017199,0.02997543,0.10665936,1.0758709,0.564071,0.058169898,0.11089384,0.21404058,0.922585,0.90156513,0.1826846,0.32861826,0.0011890975,0.0,1.8574107,0.50053436,0.3400102,0.6815283,0.20706555,0.3261214,0.3447748,0.18411632,0.29295602,1.4950479,1.2957293,0.89801514,0.4879434,1.1208508,0.6157277,0.69674176,0.68423337,0.14019047,0.37866643,0.001029683,0.2240011,0.027564676,0.0829343,0.009817649,0.115114115,0.01865777,0.7168935,0.3740657,2.7456243,0.17724672,0.7062246,0.5197377,0.08955673,1.4203914,0.22401194,0.84272546,1.6312689,0.26228634,0.42292005,0.39024863,0.10330833,0.67115504,1.5499634,0.12812999,0.7367435,0.8867164,2.5490696,0.4464784,0.0,1.0175583,0.16139443,0.1843204,0.35497564,1.0395784,0.4963276,0.28717223,0.020795964,0.6662415,0.4033411,0.5019799,0.7284543,0.9697792,0.09928399,1.4802047,0.9725647,1.8405983,0.7442692,0.27726477,0.85715,1.3070781,1.1571665,0.897015,1.5613999,1.1518561,0.6194513,0.80925554,0.111094706,0.13532396,0.5653582,0.5253371,0.77494615,0.25996965,0.44237983,0.7133242,0.23204324,1.2911669,1.338796,0.029240115,1.076614,0.067875944,0.9221858,0.35988063,0.4121292,1.3166938,0.061262313,0.3162116,0.47338408,0.23108311,0.0,0.49617177,0.3777083,0.55725485,0.11364566,0.75979066,0.48160833,2.4493585,1.032091,0.04369186,2.2267652,1.8923041,0.5097314,2.4757645,0.07221601,0.6889786,2.5180333,0.9342631,0.30618307,0.024538357,0.20336735,0.4234677,0.053666543,0.17286961,0.25797072,0.39119503,0.22187376,0.003947979,0.8232277,1.420874,0.39220238,3.0868442,0.25406402,0.55357486,0.58964944,0.14229402,0.20918626,0.550337,2.3055384,0.5881743,0.6731975,0.880141,0.27738857,0.9059891,0.8487201,0.4291613,0.1958362,0.120681256,0.68756086,0.5445459,0.86364573,1.9776009,0.1652099,2.1013455,0.3139355,3.5812953,0.17692763,0.07998612,0.18392862,0.7192688,0.1603994,2.1560383,1.0689424,0.55724925,0.33151895,0.13204697,0.7772197,0.5566294,1.5321935,0.44970304,0.004054991,0.08622025,0.27358025,0.21719964,0.2943347,3.48258,0.9754708,0.031529523,1.0441107,1.2760417,0.8223081,0.5049698,0.24980374,1.8878378,0.03082694,0.19390476,0.80938005,0.46670684,0.493439,1.048046,0.66226536,1.2817668,0.65271604,0.7608913,0.10518651,0.10295197,6.6913004,0.68295753,0.17628226,0.5955379,0.55231166,0.0063287714,0.07864826,0.33883008,1.2132043,0.07753588,1.6511699,0.24173868,0.057495154,0.12848447,0.75807357,0.24789394,0.13441822,0.7771091,0.43522915,1.8188461,0.072957516,0.030855307,0.15719338,1.0126567,0.26237014,0.9677633,0.13541113,0.21122049,0.8374215,0.16275536,1.3419703,2.669111,0.22514738,0.9130235,0.0,0.3642645,1.405775,0.063174225,0.35519364,1.924999,0.90181553,0.18153073,0.52705824,0.0,1.7135348,0.51039314,0.28538424,0.14696841,0.93360764,0.29069352,1.9834893,1.1259917,0.6489844,0.8737343,0.0058307014,5.196824,0.014886762,0.16122249,0.17362894,0.14570661,0.482304,0.4461987,0.38554987,2.775235,2.902789,0.46161455,0.69024974,0.013693881,1.2469848,2.3085797,0.5014199,0.08198749,0.1431647,1.2159355,0.4274141,0.87071586,0.16064094,0.21135034,0.015921332,0.4792677,0.0,5.2970815,0.31750086,0.88559204,0.017087994,0.039317656,0.09483878,0.60395515,0.146448,0.27558517,0.53223085,0.38623938,0.38294113,0.76654315,0.40503576,0.41881832,1.1895174,0.014113416,0.3510681,1.0096232,1.2301722,0.09414737,0.3399262,0.39873138,1.225606,0.37125123,0.54177266,0.22047077,2.4289587,0.47559893,1.4738711,0.8242961,1.1839813,1.916808,0.16944802,0.61107767,0.0031956984,1.9487585,0.24532238,0.19073851,0.7419399,1.1921948,0.0,0.06257097,0.114421725,0.7713174,0.14801534,0.030379485,0.007652271,1.05531,0.5296467,1.1443899,0.026510194,0.25126278,1.0691682,1.6945343,0.2980358,0.65615857,0.21728154,0.41127005,0.7360575,0.6759563,0.10093747,0.13754874,0.061866827,0.050859217,0.26340032,0.62595665,0.65434986,0.051786866,0.31590998,1.9524715,1.834183,0.677636,0.72941357,1.0374736,0.0010403371,0.68790805,0.40869614,0.22545516,0.10633028,0.83590597,0.7425654,0.0041866405,0.8813815,0.0030353419,2.114128,0.09776112,1.0136368,1.0146301,0.0322114,0.92672014,1.0539579,1.256985,1.4218348,1.526772,0.8430453,1.0460111,0.1316276,0.9289861,1.0715494,1.3904434,0.40021402,0.22323911,0.9341228,0.9906017,0.9913143,0.013461564,0.45892742,0.80457187,0.99020416,0.24499246,1.4344916,0.69974595,0.021220008,0.094059326,0.29800123,0.65765184,0.5842088,0.015563313,3.013328,1.6218086,0.1963227,0.40779585,0.042871427,0.08120338,1.0977014,0.0885183,0.23231004,0.6498968,0.8835715,1.5807588,0.68232304,0.66937846,0.0,0.20280765,0.0,0.38420144,0.0,0.44867033,0.6105869,1.391817,0.78663534,0.49517167,0.3663838,1.6829623,0.20459779,1.5199448,0.5515489,1.0470461,0.24344034,0.061500914,1.0463482,0.010584231,0.059372667,0.11060766,0.71779925,0.8903239,0.009464046,0.38667086,0.284403,0.33462173,1.1942049,0.101238705,0.47311762,0.013284214,0.25262174,0.6265791,0.20986691,0.5517777,0.24363858,0.42780232,3.9032772,0.47047076,0.2604293,0.63396865,1.0593785,0.254905,0.0095178345,1.6458117,0.02442189,0.59217155,0.7627448,all_pothole_images\pothole_images_optimized_image_286.jpg
0.028730815,0.5307355,0.011383348,2.4127176,1.0611043,0.26192853,1.0069352,1.1394979,0.035420448,1.5347357,0.64954567,1.3873283,0.09281888,1.4126958,0.0,0.1482616,0.38582072,0.56279916,0.6353703,0.42439073,1.2044035,0.8152795,0.24100295,0.34795418,1.28027,2.1784458,0.6298243,3.1484437,0.38385084,0.7166011,0.018624783,0.21207526,0.27293074,2.1945205,0.196789,2.0263715,0.19953118,0.25442606,0.30010656,0.5103823,0.03801449,0.021180104,1.1439501,1.4671042,1.0888267,0.0056696734,0.55460685,0.0,1.7295065,0.60848874,0.9001003,0.55800706,0.010663457,0.075485356,0.16340548,1.6819638,1.8247042,0.75249153,1.0119306,0.62190497,1.1537154,0.15993483,0.8788163,0.90076196,2.7138877,2.5017273,0.0862984,0.20809181,0.16559362,0.06939779,0.6821555,0.38052633,0.509708,0.18882237,0.492193,0.21550827,0.11088441,1.3858861,0.9455916,0.28971067,0.69331527,0.8989215,0.37469688,1.3835751,0.034734145,0.81839204,1.048646,0.0064357384,1.2082978,1.0214906,0.026127541,0.1492786,1.3385687,1.5945107,0.021934867,0.32073572,0.14363603,0.15007362,1.0111544,1.508866,0.0793735,6.07194,1.100974,0.08931971,0.6677872,0.04839179,1.1057744,1.7017959,0.27391288,0.011246631,0.48211315,0.43288624,1.4869665,0.4967195,0.85715973,0.2086117,0.5832506,0.75506854,2.6659982,1.680801,1.479963,0.0149869565,0.21577565,0.39939272,2.2333272,0.12419062,1.5415812,0.8109886,2.3702369,0.26680914,0.45502782,0.0,0.35052988,1.2647265,1.1881447,0.9447207,0.6894153,0.9429604,1.2088423,0.11812786,0.38303545,0.25905716,1.3432153,1.6920452,0.10942765,1.2062284,0.2691397,0.7348526,0.28296244,0.10522564,0.5927532,0.8084493,0.2848534,0.08922388,0.9585796,1.1757802,0.7134247,0.22549571,0.30197963,0.12031604,0.978756,1.8557506,0.17639916,3.4029143,0.4529768,0.22590679,1.8252504,0.5057638,2.0730522,2.0116322,0.08547516,0.18083268,1.8386741,0.22257812,0.21438275,0.12389024,0.68907094,0.09741487,0.15633622,0.34040818,1.7958685,2.202469,3.3174584,0.88564795,1.7189726,0.3397068,0.17683947,1.4689926,0.8654992,0.8658026,0.058979113,1.9380515,0.0,1.6109688,0.42534783,1.2397839,1.5288696,0.56267625,0.38674298,0.15559189,0.3800779,0.84844726,1.1751105,0.03007687,0.2550257,0.013367884,0.43576437,0.3288976,2.1580865,0.48215637,0.0,0.021773698,0.50946593,0.7315784,2.9871135,1.3624824,1.7176659,0.14819269,1.575821,0.54135233,0.43207848,0.0011473796,1.1474446,0.7631697,0.15330221,0.74920356,1.2012293,0.6088149,0.68828034,0.3650128,0.753386,0.05493137,0.87321705,0.1021903,0.17954126,0.11339203,1.3162351,0.1675633,0.047811326,0.3049671,0.114279956,0.09487615,0.6133708,0.1455312,1.6134036,0.0042076055,0.9344222,0.54024255,0.2181904,5.018976,3.4080396,0.34211773,0.24857013,0.5289212,0.25595537,1.5469321,0.42484325,0.02506036,0.72883743,3.6838584,1.4024029,0.46605262,0.18167162,0.02654446,1.4658104,0.17193362,0.92207724,0.038881816,1.4243989,0.3938968,0.45257434,0.011558648,1.5123547,0.45262635,0.27647376,0.06462379,0.2855646,1.172843,0.08267305,2.57415,1.626372,0.5038167,0.4121595,0.3522798,2.2764692,0.3456321,0.5402471,0.71899384,2.6874495,1.0074277,0.016072733,0.105929315,0.8961815,0.5578492,1.0923696,1.1299677,0.014940362,0.8041858,0.34675497,2.0453596,0.9729196,1.2694621,0.55514127,0.008627913,5.4315834,0.74643207,0.28484094,0.0,1.0086339,0.4293034,1.2653872,0.9123973,1.860526,0.58495325,1.0218711,0.90970075,0.3376843,0.7438741,2.1417012,0.753514,0.24612734,0.14478564,0.1978847,0.79130936,0.64512366,0.070547655,0.029875385,0.81547433,0.85267746,0.3297244,1.1881467,0.4915922,0.0,1.3891555,0.26312461,0.19726053,1.3098658,1.5652994,0.33250648,0.74835664,3.1310754,1.0185094,1.244331,0.87155074,0.9878587,1.0663378,1.0023704,0.81397116,0.7426609,0.34140855,0.768516,0.0032951573,1.5578272,1.0658487,0.006005169,1.1380879,0.23535292,1.5413904,2.358941,0.46073037,0.64527816,0.28094018,0.19465758,1.6721636,0.0,0.6767749,1.4381334,0.06857665,0.35232738,0.5956897,0.7029173,0.0,0.57062465,0.0057184366,0.44264176,0.13175169,0.046458155,0.0,1.0641998,1.0853288,1.4549512,0.11283116,0.2130983,0.49913502,1.5096447,2.196571,1.8817409,4.356708,0.11659824,0.29219562,0.7560787,0.23693544,0.7341032,0.25961086,0.16536339,0.46052873,1.2606587,0.25614583,1.0295577,0.13293268,0.99798775,0.45019054,0.12962252,0.5460664,0.45881438,1.0561157,0.1496647,0.6838298,0.31985885,5.139287e-06,0.8953031,0.0323954,0.0021693688,0.5567539,0.09759624,1.5148048,1.1650769,0.6025149,1.2908967,0.07786208,2.5664585,0.117084995,2.572621,1.4532735,3.4967158,0.1429337,1.0670356,1.0533444,0.9338042,0.32796216,0.9641404,0.3679119,1.5097184,0.41072875,0.8220473,1.3333964,0.94572437,0.894861,0.73253083,0.73887837,1.246597,0.85417557,0.28210798,0.008606524,0.3057848,0.11875898,0.50483155,0.38300455,0.026673282,0.20111841,0.47993037,1.6746848,0.0,0.24964207,0.4806083,0.6197589,0.6881862,0.13986443,0.6027745,0.1305123,0.8139252,0.26422542,0.12177326,0.46395242,1.7147183,0.9139985,0.054321382,0.014574783,0.77246207,1.166572,0.011323627,0.32559195,0.6410122,0.10639211,1.1406218,0.11248419,2.2323332,0.8570306,0.48541468,0.051121753,0.11178726,2.2377093,0.72175324,0.16739249,0.012409547,0.04632623,0.91402155,0.0,0.364871,0.0,0.27689925,1.5865638,1.5152092,0.23013848,0.25472257,0.16123323,0.3476003,0.49996492,1.1347643,0.4173966,2.12328,2.9369004,0.5013925,0.28461334,1.1349987,0.32736376,0.048781145,0.89717317,1.2672309,0.86838824,1.065097,0.9315258,all_pothole_images\pothole_images_optimized_image_287.jpg
0.14993505,0.9622773,0.2703302,0.62298495,0.1383403,1.0308334,1.1848118,0.5173634,0.6847237,1.6977249,0.21090654,0.43461764,0.5797976,1.406749,1.2702644,0.6948835,0.8601083,0.1280447,0.9254443,0.14425,0.6155502,0.10692149,0.7163499,2.220151,1.2946646,0.05663467,0.50832045,1.1470182,0.44219825,1.8683774,0.8991172,0.13626494,0.14198777,0.6238313,0.27783406,0.84778726,1.1306274,0.05966037,0.43782666,0.04217469,1.2578216,0.4346721,1.2401861,0.2913309,1.1829547,0.34561703,0.2854924,0.051778242,0.7414172,0.0,1.0752054,1.0519596,0.56627655,1.129185,1.3742774,0.45904848,1.6546637,0.3265543,0.7646155,0.9493879,0.28359404,2.5241344,4.0215197,0.87727785,0.46410632,0.9708858,1.7749625,1.717376,0.5347632,0.4764236,1.2098801,0.95892394,0.527929,1.2718244,0.683181,0.74351686,0.47700515,0.020319164,1.0276651,1.0489217,1.5042034,0.544748,1.5028281,3.9136813,1.6697189,0.2526836,1.2916542,0.927867,2.4562006,0.58941144,0.14598675,1.176906,0.932849,1.3920346,0.09033086,0.38266155,0.16841169,0.24812756,2.5663614,0.35085133,1.0186207,1.1260219,0.9474701,0.91975427,0.7659432,0.93961984,0.92270815,0.52160573,0.64318186,0.026046008,0.75745976,1.9023756,0.5940719,0.7640073,2.2694852,0.72834074,0.34479988,0.38703188,0.4562297,0.58286744,1.377546,0.61836404,0.9401019,0.98088175,1.9161776,0.7580345,0.10793114,0.7081933,0.6444374,1.194089,0.25495097,2.1064484,1.5033809,2.2887733,0.9566832,0.910152,0.27653673,1.1779709,0.84877,1.0460484,0.12800592,1.5418053,0.73306435,0.18257491,0.9310212,1.3562756,1.0333643,0.053500224,1.6655653,0.020536017,0.2578388,0.98963296,1.3126833,1.3582473,0.60753834,0.17158623,0.122047424,0.43052405,0.586349,0.28209367,0.82082784,0.76337206,0.27016562,2.5191042,1.630679,1.89646,2.8129091,0.68649954,0.2144535,1.1882237,0.8859157,0.81508356,1.6369565,0.6139881,1.1308054,0.22707179,0.4058852,1.616687,0.7968715,1.7724683,1.1269864,0.99219996,0.31426468,0.9517106,2.2179296,0.23646075,0.96529853,0.11877033,0.99463433,2.5169213,1.3994224,1.6377573,0.03466591,1.7593678,0.58824235,1.3301109,0.40883496,1.5501406,1.2461329,1.4744823,1.5042895,0.9129313,0.9142002,1.2593567,0.1970978,0.18465306,0.081856616,0.70049644,1.4325863,1.4968486,1.7307096,1.793922,1.2004808,0.16805464,0.35166147,0.38709924,1.1919192,0.86360884,0.9176005,0.32308277,1.0974964,0.1734042,0.8453165,0.07041363,0.7036916,0.69609654,2.2784853,0.53178704,2.1176434,0.2091148,1.6354177,0.6754682,1.4954158,0.22327909,0.12712339,1.4428171,0.51358294,0.28272605,0.7816607,0.91009027,0.60146713,0.18850343,0.008520342,0.5841511,0.17420706,0.5917835,0.24180922,0.561203,0.8774145,2.9733615,0.8784592,0.47376788,1.0077208,0.024780026,0.40097824,0.20179802,0.3304156,0.9831407,0.4498405,1.329568,1.1764127,0.063224226,0.57363725,2.536597,0.08630416,0.41842252,1.0113472,0.5259369,0.76850003,0.23077065,0.18381582,1.0605927,0.37296358,0.2086915,0.12564045,0.8449352,0.5231643,0.41364092,0.26659405,1.2772148,0.52450854,2.226853,0.9298743,1.8084729,1.3248484,1.5144747,0.83912104,0.43076235,0.3407709,0.1081926,0.47776616,0.34655634,0.67491305,1.2868365,0.9537082,0.4455125,1.9518578,0.48869407,0.104352154,0.9012038,0.0907646,0.6485669,0.9691863,0.690372,1.6323951,1.5968462,0.5389356,0.774301,1.1075586,1.6607591,0.122459486,0.70600533,4.4671373,1.718915,0.11821949,0.26712653,2.1238375,0.49647567,1.1911451,0.10587416,2.8306408,0.49718213,0.7700142,0.031487223,0.18896456,0.46417943,0.050492145,0.55978423,0.99156404,0.3172776,2.572171,0.22593209,0.02072898,0.5556933,1.18461,0.17905381,0.35446858,0.10450583,1.2529598,0.33864307,2.6712587,1.180251,0.44216436,0.3577271,1.1918265,0.06265241,2.8848367,0.64143145,0.17605041,1.0969093,0.29290333,0.21507728,0.54102135,0.69555646,1.1037174,0.8060748,1.109099,0.29461625,0.67852277,0.04764063,0.19849798,0.94376403,0.53723043,0.64375085,0.0867969,0.25462577,1.2237942,0.93822134,0.7276535,1.2205484,0.16914141,0.65433043,0.2664347,2.5043201,0.9581942,3.7767613,0.72452015,0.11868687,0.15499094,3.1006856,0.28035823,1.2099726,0.38383195,0.81400806,1.7150737,0.3540235,3.3674495,3.128873,1.614141,1.1314029,0.8843176,0.45170122,0.16687311,1.601563,1.0836694,1.4523798,0.7693103,1.4516057,0.6473227,0.13361567,0.10470932,0.35413504,1.4201188,0.32678476,0.7106314,0.036885865,0.8389556,0.76546305,0.0,1.241631,0.6240569,0.65017706,0.26907793,0.7725042,0.30299,1.0240142,0.688932,0.15888113,0.34659997,0.14234737,0.010993005,0.14558217,2.4908884,2.4423018,1.3757133,0.3873965,0.5406472,0.87781245,0.084928624,0.71868056,0.7113145,1.8527123,0.191114,1.2804748,0.1981436,1.3692966,0.4134667,1.0069039,0.54312444,2.10543,0.25683126,0.7886356,0.33921027,0.022399478,0.12400034,1.2177653,1.8210577,0.6303534,0.2585202,0.7020856,1.1344717,1.796374,1.6614143,0.14045702,0.7785851,1.146768,1.4296972,1.0242878,0.53998125,0.032263882,0.3817253,0.20724662,0.26091427,0.54156125,1.8982791,0.78688383,2.0114954,0.055697758,0.5519174,0.84362465,0.82660675,0.54548216,0.34814358,0.14055873,0.8640121,1.0648447,2.0769486,0.20172259,0.4413302,0.1511902,0.33021078,1.445495,1.4091308,0.9045098,0.2268671,1.394932,0.31539977,0.086912,0.34224766,0.7873277,0.07391132,1.7846018,0.8877374,0.11986159,0.29786515,1.1596206,0.80773646,0.06647288,0.70165324,0.38116208,0.5224399,1.4894323,0.6230264,0.19117863,0.7185247,0.17974526,0.2186822,1.1494248,1.0887072,0.39926466,1.080577,1.1786481,all_pothole_images\pothole_images_optimized_image_288.jpg
0.29891723,2.5423813,0.56908065,0.7472181,0.6648952,1.2041216,0.7172676,0.6935598,0.27112946,0.27321738,0.02154851,0.7221063,0.051330432,1.6461997,0.1389309,0.704746,0.021632949,0.5470882,0.2045915,0.105917305,0.07791327,0.14630865,1.2501613,2.4425805,0.050891295,0.01172398,0.82083,1.2286272,0.007849218,0.41577664,0.63031167,0.03183523,0.16885109,0.14667688,0.90527785,1.3334259,0.607562,0.15832497,0.7833873,0.10302483,0.8197025,0.17888154,0.40994987,0.08991012,1.3903553,0.21067892,0.03196727,0.12742767,1.1067212,0.07867444,1.0911494,0.5424668,0.22331175,0.21264435,0.49557793,1.0685425,2.2055573,0.11140332,0.27441204,1.1893933,0.053310275,1.8388002,4.16034,0.3039463,0.20895813,1.886164,1.5218396,0.3968375,0.03030194,0.2099419,2.0953014,1.1241359,0.09437413,0.13037458,0.45493335,0.28964946,0.12749228,0.1175816,0.0,3.2545989,0.0011518945,1.6626949,0.5810193,4.1322145,0.5944388,0.29585683,1.6447688,0.11333795,2.4093292,0.82634026,0.38889864,2.2926161,0.05503346,0.51850075,0.8881549,0.9688363,0.12872377,1.5308352,0.63813984,1.5399096,0.49174657,0.50752366,0.8733822,0.18472967,2.074932,0.36888394,2.568989,0.46721292,1.3854332,0.48317733,0.5426192,1.0268261,0.39991674,0.47169647,0.27835572,0.7664986,0.3369895,0.6166438,0.6429933,0.37409654,1.2893788,1.1937515,0.062413074,0.4700105,1.426974,1.3568583,0.28229237,0.12695964,0.29026985,0.2631353,0.59076047,1.0855998,0.39442092,2.3599708,0.2017799,0.0059333625,0.0037050596,0.39582482,1.4160837,1.4034106,0.24163763,0.6784931,0.16403265,0.23056726,0.21247073,0.15287445,1.0165681,0.13377497,0.588246,0.21468303,0.014360985,0.16832557,0.4217385,0.0008655562,0.82551074,0.0,0.32379735,0.0,0.1724745,0.29868582,1.1180772,0.4984988,0.28399995,2.4490354,3.1790469,0.11162648,1.4044974,0.023348419,0.8147608,0.8349149,3.0233994,0.055048883,0.37206984,0.5896178,1.5155555,0.19892816,0.24114028,0.86142355,0.14101195,0.064162076,0.29746532,2.799641,1.372044,0.8271841,2.2608197,0.7989373,2.559614,0.43360874,0.3193627,2.648462,0.8565205,1.0666131,0.11791544,3.495845,1.5315005,0.14005484,1.4348154,0.7848157,1.6288309,0.0038159841,0.76925343,0.98339874,0.6068443,0.69177043,0.43948394,0.56988394,0.00029714176,0.077060394,0.85887015,0.47906417,0.23856996,0.8733483,1.0000366,0.35188892,0.85091275,0.1992424,0.30615723,0.11763481,0.95914364,0.06572137,0.8983281,0.0993396,0.29108027,1.2222325,0.10131564,0.43361804,1.1345485,0.005009088,2.9235678,0.15404901,0.6044978,1.1780413,1.105062,0.38403925,1.626583,1.0338205,0.51657975,0.0,0.09659954,0.114478536,0.08345467,0.41053042,0.038734704,0.21020654,0.121774614,0.51489776,2.0507908,0.16722329,0.32851523,4.382904,1.3572139,0.17959876,0.18249692,0.017605975,0.37268415,0.0037423444,1.1567484,0.09059465,0.41165686,1.257618,0.40723485,0.062495872,0.7941417,2.259215,0.05685548,0.57071966,1.2638556,1.3500063,2.0678155,0.0,0.4790256,0.5440756,0.6315579,0.060845125,0.049292874,2.0583725,0.8325923,0.23390722,0.05468385,0.034136437,0.04993771,2.5281003,0.45006782,1.0469992,0.9319939,0.4111911,0.57434434,1.5421993,0.6181497,0.08246372,0.75185853,0.70816994,0.089918934,1.893701,1.24621,0.39890748,0.9367377,0.028446387,0.614672,0.5053593,0.0047236113,0.392245,0.75618136,0.92248416,3.8459597,1.1378655,0.41533977,0.13168973,0.675227,2.0708525,0.0,0.44442204,3.030931,2.1369581,0.45035973,0.26311395,0.23137201,0.32165283,2.344848,0.5087129,0.5513993,0.4182434,0.0,0.014769866,0.0710669,0.4093799,1.1162106,0.30762476,0.63510984,0.7424062,2.3880413,0.17439671,0.15877013,0.0032441905,0.16277918,0.3639622,2.170206,0.2819609,0.25930214,0.8090884,0.13753827,1.1546898,1.1471412,0.8524786,2.0423014,0.009595022,0.3983181,0.03639097,0.006804051,0.8619754,0.56124324,0.0011448571,0.331684,0.5185775,0.80935824,0.4771278,1.038535,0.32577223,0.9758499,0.051368095,0.37517956,1.6333607,0.6694951,0.0,0.0,0.6215382,1.032641,0.26020798,0.14583036,2.3236945,0.87330055,0.7054203,0.07959722,1.1717561,0.9542108,2.1324813,0.14462237,0.013197045,0.07584937,5.714209,0.33958548,0.5976519,1.0907656,0.49334607,2.303315,0.078642495,3.0867445,1.1939397,1.2058218,0.64293444,0.5121866,0.07556067,0.5235499,0.31363416,0.010982642,0.6823641,0.09914351,1.4022918,0.34138894,0.013610377,1.109079,0.519398,0.076452605,0.59515584,0.41578236,0.017860297,0.61766505,0.9393776,0.018936085,0.2558223,0.29534262,1.5094011,0.43374804,1.38992,0.079907045,0.036649033,1.2969848,0.97290397,0.13813275,0.18586752,0.28277296,0.11648767,0.027269809,0.7271487,0.8747547,0.34059802,0.51704067,0.4871933,0.8337421,0.2670169,0.92045236,1.4747866,0.095610745,0.29324028,0.06247413,1.8197292,0.61740184,0.54340756,2.072633,1.2376302,0.5536466,0.77519554,1.2431126,0.087512985,0.1450915,0.35143664,1.3052204,0.040562008,0.53479666,0.46881297,1.3772143,0.4185956,0.14230599,0.0,0.875811,2.155414,0.5505308,0.39714533,0.108572684,0.6786977,0.6643726,0.64172435,0.13355996,0.37668654,0.52316916,0.2984928,0.5653212,0.047598053,0.16505376,0.89841187,0.2550273,0.12378661,0.2741365,0.10045707,0.08785052,0.86941934,0.6687792,0.11319887,0.6602347,0.05305521,0.5301797,0.8244096,0.695648,0.0,0.07146187,1.6048677,0.9476866,1.2012769,0.025270471,0.0012866588,0.02911429,2.6857953,0.021871498,0.0,0.13795377,0.037569758,0.5875048,0.18835522,0.0009097326,0.67849094,0.033466227,1.7013371,0.21230382,0.05327123,1.5798775,1.353319,0.22185834,1.6603317,0.23757097,0.41504738,1.1384244,1.141956,all_pothole_images\pothole_images_optimized_image_289.jpg
0.39761484,1.0707766,0.5968445,0.9775943,2.755424,0.7088983,1.1363591,0.13705964,0.33014315,0.016441826,0.39357516,0.9781184,0.31937718,0.6579741,0.017052056,0.21554975,0.10725095,0.09749757,0.857698,0.13307787,0.34697154,1.7074801,1.2828176,1.4211854,0.32988667,0.44619194,0.46794504,1.3506597,0.102273256,0.17135674,1.1989318,0.22560637,0.17856449,0.29923674,0.5867947,0.799005,1.254772,1.1497034,0.21583228,0.5372244,0.0,0.024081102,0.42461923,2.3270667,0.38973033,0.19157158,0.6275175,0.00041265303,0.13521427,0.31237265,0.9786861,0.89930326,1.0246302,0.049258262,0.13890772,1.1130984,3.854164,0.04985668,0.24456167,0.0079521155,0.7846403,0.07817025,1.175861,0.027277017,1.1894989,1.6860825,0.42623585,0.0007637867,1.7994056,0.7358976,0.043221824,0.5541029,0.16477287,0.14328912,0.3060299,1.2550098,0.5335819,0.60879225,0.111767575,0.73333865,0.045169108,0.0,0.023417091,2.3110034,0.79611254,1.1005898,0.21820801,0.08379189,2.6546967,0.05385868,0.44458124,0.78363687,0.24703535,0.6985827,0.34856313,0.2933079,0.97481626,0.17270759,0.43726534,0.11431861,0.14895327,2.3237097,0.5673705,0.0,0.035004064,0.08564476,0.75014704,0.07003697,0.031891454,1.1601895,0.11448167,1.6647774,0.34245145,0.20780419,0.30247575,1.4442251,3.2127,0.8218097,0.7738861,0.71459097,1.2317885,1.0710055,0.90839446,0.15839604,0.096914016,0.87627274,0.305223,0.27380866,2.2698054,0.5180467,1.2088523,0.17621301,0.7779799,0.24298805,0.1266636,1.3584417,0.2963574,1.1751914,1.1955253,0.37585822,1.5104208,0.53673506,0.07732313,2.486711,0.20515321,0.6782415,0.14857313,0.37497675,0.21673661,0.5310486,0.10154531,0.59349394,0.0077812206,0.030575499,1.1617049,1.0811673,0.5496807,0.038465824,0.12674372,0.9461637,3.5331838,0.28691715,0.095297344,4.1663723,0.24499677,0.7063115,0.34773827,1.0771526,1.2836711,0.09622407,0.34888223,0.33545536,0.03481079,0.23750643,0.65566784,0.14473969,1.3505143,0.09835491,0.04548025,0.4692926,0.010405769,2.4629989,1.8863313,0.90505046,3.7225952,1.1209104,0.8993774,0.44708523,0.20650233,0.25758147,0.5124595,0.13106546,0.20003602,3.648551,0.1721409,0.08176753,0.05648146,0.4076227,0.18298048,0.7272927,0.056147728,0.98492414,0.6076626,0.8525576,0.85658556,0.45296147,0.34146616,0.23465763,0.6437793,0.16415535,0.29575396,0.27239016,0.54254735,0.5193694,1.0949994,0.43482527,0.89566165,0.15637292,0.972331,0.121683724,0.5704259,0.36988196,0.40301615,0.43848458,0.12775497,0.96548986,1.5132438,0.73042905,0.9363691,0.36726207,0.41368985,1.4850756,0.03244588,0.26608226,0.615954,0.023625465,2.269381,0.8688146,0.045496754,0.2098725,0.11877417,0.02544493,0.6460219,0.0071255136,0.21484542,0.21609057,0.3465246,0.5628029,0.9871376,3.3558934,1.1959915,0.09430024,1.1498157,0.22944325,0.18943879,0.03596463,0.36999995,0.22021589,1.252688,1.1816835,0.6948751,0.49293345,0.14579998,0.14542247,0.5324145,0.42806873,0.0073839654,0.2622489,0.5366199,0.63415813,0.15730406,0.59311867,0.0042879283,0.041797142,0.7701487,1.7038997,0.7156502,0.38738725,0.21453202,1.0218195,0.24973199,0.15162659,0.07084996,0.043093666,1.0532613,0.4411312,0.47962266,1.3168875,1.441793,0.039033968,0.3528051,0.32144752,0.17374271,2.3283563,0.3482444,0.1569912,1.2010902,1.0743959,0.62653846,0.24243979,0.13209583,1.1472409,0.23301049,0.3918891,6.2889385,0.18765156,0.46387488,0.24275555,0.005087792,0.29659232,0.82414395,1.3290868,4.1576276,2.1259072,0.049661502,0.6856303,0.12540506,0.18681948,1.8314573,0.068778,0.019885803,0.23894972,0.0,0.7905762,0.73918724,0.44123662,1.2202622,0.6848277,0.18533759,0.124416925,3.8147912,0.44190815,0.011879565,0.16730657,0.067094676,1.0549563,0.8503111,0.68319654,0.23163807,0.21063444,0.012291618,1.6182541,1.9494224,0.06696592,0.29780558,0.40384552,0.04423636,0.21375753,0.23878124,0.5706479,0.479494,0.26649845,0.5230657,0.4615764,0.046560302,0.5592481,0.74055284,1.5705907,0.34209225,1.1313614,0.081661575,0.005411858,0.9844371,0.48772398,0.03612585,0.18533242,2.0867882,1.1432734,0.32472897,0.49839357,2.959112,0.6078949,0.10063254,0.24811313,0.9159944,0.28873494,0.026893374,0.07097587,1.0342045,1.4572372,0.21240076,0.033357278,0.40659437,1.071938,3.3643007,2.007347,2.834993,0.07263487,0.03119814,0.124235034,1.3286766,0.48669967,0.007876841,0.056327745,0.54354995,0.020940581,1.916332,0.052981406,0.40455005,0.74073076,5.7975426,0.6185716,0.0140085,1.5348874,0.3213368,0.0019932897,1.0670003,0.50890076,0.012254723,0.06706827,0.3229322,0.045608386,0.7355167,0.633682,0.02493327,0.384129,0.64000565,1.0481256,0.38503903,0.16013382,1.7783514,0.4024142,0.7478739,1.0842878,1.3447552,1.7577125,0.3182095,1.5687938,0.14063194,0.3407083,0.62283725,0.31395924,0.84663516,1.7627077,0.34385604,3.6809258,0.12289349,0.25563294,0.1048638,0.31325975,0.768714,0.1005144,0.114887044,1.0469606,0.16473436,0.8145949,2.4314787,0.13118172,0.50993675,0.49711156,0.486195,0.4698326,0.27195835,1.0088992,0.5703809,0.2552993,0.5825301,0.43793657,0.07079267,0.57439446,1.3347429,0.15960962,1.5328813,0.08630111,0.4616866,0.49425685,0.3884858,0.30709916,0.3341788,1.7306204,0.9040274,1.2576239,0.22775558,0.8499047,1.2200488,0.10474497,0.9820027,1.0610541,1.4435515,0.063421294,0.21596558,5.6400886,0.38960278,0.20109262,0.0,1.3492134,1.3613502,0.803537,1.8950729,0.07572145,0.9079163,0.32605532,0.16265404,0.032851804,0.36090195,0.04482624,0.27171808,0.6017629,0.22424375,0.21343534,0.56907594,4.645365,1.0341117,0.7696969,0.60541224,0.5525842,0.0,0.011563996,0.9170942,0.27050424,0.7304703,0.3668177,all_pothole_images\pothole_images_optimized_image_29.jpg
0.032847438,0.86301434,0.018583752,0.69814247,0.5568449,0.43900913,0.34775677,0.109442085,0.008013026,0.052897993,0.029499575,0.0065050977,0.1607774,0.6633046,0.03410429,0.009707846,0.04539133,0.9394002,0.50875384,0.4822523,0.1862289,0.7643425,1.203102,1.1404815,0.025329933,0.023203285,0.32174078,1.5061483,0.028310668,0.017202996,0.5220823,0.4038241,0.11430456,0.78797996,0.17412207,0.30129716,0.06402398,0.1721286,0.2781412,0.1735292,0.09026715,0.27311426,0.10782484,2.053052,0.21827678,0.18428732,0.4726563,0.10626598,0.0,0.32556412,0.11683816,0.04667794,0.10372967,0.07267108,0.21519002,0.23452315,0.012210066,0.37660584,0.046862777,0.15114415,0.56806034,0.14554812,1.1368233,0.038982145,1.5868883,0.2401515,0.72453535,0.15847088,0.023623515,0.5195886,0.036568232,0.10516676,0.003114636,0.026750717,0.29155812,0.044648793,0.46937412,0.292758,0.027164588,0.006375373,0.06266526,0.018175052,0.45820686,0.5759385,0.13000005,0.058854684,0.114359386,0.24400318,0.40523764,0.06473408,0.045296114,0.6309,0.1254831,0.24535713,0.018353863,0.0023218396,0.5414626,0.58816946,0.31810647,0.017464582,0.3207386,0.64575374,0.031623896,0.0054310467,0.9335251,0.9825454,0.122439206,0.017594762,0.009187365,0.68901694,0.074660316,0.4693006,0.21488886,0.9934337,0.0034750788,0.18233027,1.0857863,0.19512452,0.81693935,0.15866485,1.6154563,0.21241395,0.10557618,1.6210831,0.100531206,0.89222723,0.0,0.023706162,0.87311053,0.15051454,0.64827436,0.13834962,0.0,0.39634424,0.3564476,0.32318562,0.16594233,0.061207794,0.054456618,0.23858152,0.6404316,0.22778682,0.62050426,0.5040028,0.25410086,0.26448014,0.40608194,0.9144967,0.06984477,0.06629765,0.21394216,0.002782791,0.10272199,0.051456206,0.58517885,0.4542412,0.17031024,0.3582981,0.13163579,0.38896164,1.3570101,0.92173934,0.00056767324,1.7345572,0.25043568,0.01118581,1.5403392,0.21266869,1.2558347,1.164932,0.6839874,0.0,0.0058958437,0.000127018,0.4149018,0.93418264,0.14928627,0.0036986703,0.038220167,0.1642639,0.017833212,1.1793472,1.8649147,0.2631058,1.006488,0.34427744,0.15918463,0.08622799,0.115524486,0.05818663,0.3681643,0.28323445,0.96099705,0.34549698,0.4257172,0.0,1.4373621,0.7027767,0.036478214,0.09918446,0.0056048073,0.5563568,2.1622152,0.09926235,1.4666947,0.29255295,0.34799278,0.18063635,2.199198,0.35532764,0.00061635795,0.0017917315,0.15356937,0.048069254,0.15161778,0.09802969,0.9073504,0.3262748,0.45382044,0.5605296,0.3819672,0.17158605,0.30051306,0.06669039,0.032208964,0.07369334,0.32240382,0.0030850254,3.3803506,0.11220026,0.050975487,0.046846572,0.2662229,0.017665481,0.27944285,0.4815286,0.8734874,0.45426044,0.18299879,0.09777233,0.09735722,0.25817734,0.12484891,0.07967655,0.057660013,0.4065136,0.36483207,0.30851284,0.07281845,2.2429152,1.0264605,0.061169736,0.016816603,0.0496028,0.19282551,0.5909976,0.35191572,0.31071937,0.11256464,0.29904017,0.42979556,0.24770516,0.05526921,0.1068046,0.010454569,0.3920712,0.0,0.09166036,3.5562837,0.19637822,0.010396584,0.018788071,0.43331107,0.3099149,0.29007,0.62538654,0.06629098,0.5462276,0.07016775,0.5000504,1.7649853,0.3342381,0.17832676,0.17014332,0.3335111,0.14849783,0.19640714,0.007889458,0.008110804,0.08920111,0.15979369,0.30826092,0.14220957,0.10075572,0.14206621,0.017063355,0.49612448,0.24196042,0.30326062,0.37625644,0.8990696,0.31447765,0.022561038,0.022527674,4.252371,0.0,0.2749649,0.3801473,0.0,0.26962277,0.094944574,1.0612054,2.2452316,0.7389816,0.33608642,0.24227667,0.026691902,0.18865973,1.9856533,0.1712236,0.8738177,0.025927372,0.13002297,0.47765392,0.20007604,0.0012289901,0.45574352,0.0,0.07737555,0.02392216,2.0375495,0.10285241,0.12800194,0.54087645,0.005321817,0.08688861,0.41832826,0.006769608,0.06096964,0.5367595,0.11997899,0.13292636,1.7571616,0.42192397,0.72359324,0.09404562,0.106037125,0.019236622,0.99209625,0.4141545,0.12964271,0.12536839,0.006157347,0.32231462,0.23043317,0.11161461,0.0020289824,0.64405453,0.03336654,0.1277827,0.6154953,1.680883,0.18621972,0.16980273,0.34092656,0.01827261,0.862899,0.40034008,0.6880574,0.17498367,0.11456736,0.3147729,0.40118343,0.14747056,0.68668914,0.353066,0.5040056,0.6653847,0.15334454,0.030490153,0.5962354,0.033628445,0.30119818,1.1012692,0.5600616,0.06385423,0.21184018,0.18521258,0.10269004,0.0840731,0.054293763,0.4914724,0.0,0.56502545,0.05996863,0.23637101,0.2342152,0.19485165,0.7055215,0.2058812,0.87510234,0.6408484,0.07908316,0.21941735,0.5829495,0.026979176,0.28710535,0.798824,0.31377837,0.34509778,0.9890857,0.19719239,0.83426994,0.17955375,0.5936173,0.22130491,0.3943057,0.6063943,0.11899263,0.021467714,0.7597258,0.44845447,0.07805512,1.4152493,1.8700894,0.0,0.90792567,0.21203858,0.16454506,0.11695275,0.47363955,0.20786418,0.011782902,0.01706332,0.49195772,0.7366609,0.070880026,0.11809085,0.31277755,0.14226323,0.3128027,0.07103046,0.11635852,0.0,0.30227846,0.016427564,0.3765025,0.22149774,0.08427614,0.9496545,1.652203,0.33967122,0.0,0.096596874,0.0099681895,0.9207485,0.32098722,0.21425813,0.08766502,0.4503464,1.1769434,0.16034248,0.7219389,0.017259456,0.4371032,0.014072304,0.27696225,0.14955975,0.4038299,0.47620437,1.0160388,0.67715406,0.30584472,0.018137872,0.080781676,0.16753896,0.044542916,0.59631586,0.00051853684,0.0,0.19958434,0.72525615,0.1243255,0.25670806,0.6660706,0.05171423,0.22889039,0.14442396,0.17519444,0.08641066,0.30564994,0.89433676,0.0,0.011405889,0.045989037,0.027353354,0.045571096,0.061353166,0.050638456,0.13936746,0.056967735,1.1504039,1.1052635,0.33659962,0.22351247,2.8853304,0.3771169,0.35699835,0.8037688,0.29720736,0.028502196,0.0007896247,all_pothole_images\pothole_images_optimized_image_290.jpg
2.152603,0.73911923,0.068314865,1.699131,0.51017886,1.602283,0.856272,0.034840193,0.05981385,0.15850456,0.51170886,0.682364,0.9461543,1.2488211,0.54093164,0.22483034,0.19649719,0.39223024,0.15067898,0.0027982781,0.52314544,2.0089095,1.3818303,0.9217901,0.6431071,0.3716383,0.044787124,1.9141152,0.19060606,0.36668593,0.786221,0.44236097,0.5516154,0.86505175,0.26650146,0.69896024,0.60233355,1.0692207,0.2786375,0.45816544,0.0,0.37166283,0.22449006,0.74903697,0.2999734,0.5186588,0.21846224,0.003192363,0.55832845,1.9186796,1.4647282,0.26536,0.3845931,0.37702832,0.34475356,1.8802692,2.3659127,0.42520267,0.9767451,0.09479139,0.27258113,0.38334242,1.0959471,0.8090877,2.1394548,0.79194516,0.42541713,0.30669975,2.5874562,0.94110286,0.9357865,0.17526159,0.45952535,0.14734302,0.8783722,0.7593489,0.110332906,0.6050229,0.31326872,0.16381232,0.26715916,0.5013296,0.5562393,1.0417824,1.1520454,0.45572528,0.0008255651,0.5043558,1.585261,0.42316642,1.11801,0.65195465,0.4902551,0.4236021,0.15071906,0.26622796,1.1402303,0.9938655,0.3298402,1.5492214,0.5126434,1.375706,0.67757225,0.3477777,1.2499689,0.4268804,0.19409423,0.52542657,0.12100161,0.5589742,1.225086,1.1228476,1.0330607,1.0077593,0.6519708,0.5151251,2.7087526,0.7099345,2.4692698,1.7792227,1.5568671,0.8629744,0.64943236,1.29993,0.35262668,0.90191615,0.29360527,2.1819153,1.0415646,0.60297436,0.717647,0.00071153406,0.46302903,0.603996,0.015123469,0.9625448,0.6611834,1.7142794,0.17394017,0.86446786,1.0687146,0.18494734,0.38562575,1.203264,0.00887562,1.2619172,0.038531896,0.5562745,1.0573726,0.26011533,0.7686565,0.8563357,0.39728913,0.21972793,1.4292928,0.91904694,1.4022659,0.4140993,0.87627333,1.0604594,2.017885,0.5486341,0.0013108253,2.5658085,0.22988111,1.3361391,0.6241811,0.20154037,2.43695,0.0,0.36100936,0.032130685,0.014591797,0.35910684,1.1013631,0.50013924,0.16527502,0.00240792,0.33128637,0.124354966,0.054685418,1.9294703,0.75957984,0.40526283,1.6618677,0.89560425,0.12369255,1.127599,0.41685912,0.66528356,0.19682138,0.30930272,0.28484833,2.2233498,0.0,0.857723,0.9271895,1.041949,0.40492967,0.55922025,0.67924905,2.5053957,1.0003957,0.93227667,1.2627332,1.0372658,0.5851449,0.8447602,1.0364367,0.9495444,0.5151736,0.18632618,0.3075283,0.7881631,1.2081465,0.87125736,1.8507544,0.58495027,0.2036044,0.16849339,0.43352666,0.7935008,0.63660604,0.58897805,0.054516863,1.007047,2.2463017,0.12826292,0.6793809,0.003717926,0.3228908,0.3480458,0.5649939,0.4637032,1.0717745,0.1902148,2.635179,0.118394315,0.0866783,0.19643714,1.3164523,0.46201584,0.35306412,0.73234046,0.107069276,0.017262187,0.54667175,1.7897656,0.93305033,3.4418256,1.9905411,0.07542462,1.361126,0.07663907,0.5070315,0.6444896,0.77382034,0.0059577585,0.15853083,2.2912378,0.29179895,0.9731865,0.35324854,0.8942228,0.7541837,0.7249231,0.011758037,1.4630916,0.7920901,0.1999098,0.26191163,0.45657712,0.14116661,0.25131717,1.76809,0.78266996,1.0433301,0.32576603,0.95635504,0.52946734,0.6778402,0.8840307,0.120463856,1.0238711,0.4126772,0.9222974,0.55902576,0.14244252,0.7644066,0.8980694,1.1522045,0.17753686,0.40627685,2.8364267,0.113783546,0.13357854,0.70955276,1.269018,0.109916516,0.44806787,0.5690334,0.58698475,0.00027684396,0.37032598,3.3528209,1.214649,0.012630026,0.9138353,0.0074765845,0.28079668,0.8429352,1.9493754,2.535703,1.289974,0.310621,0.59723496,0.1585901,1.7210242,1.8022153,0.084651984,1.1863298,0.013182944,0.012342537,0.3212626,0.7530942,0.36790973,1.6495339,0.11012791,0.890132,0.21567224,2.134477,0.45218942,0.05269149,0.10307977,0.002954246,0.22869335,0.5238813,0.2417709,0.7444629,0.08092042,0.5337369,0.20146713,1.4633256,0.46853727,0.34690276,0.47663856,0.69923615,0.07341705,0.7909087,1.0234131,0.7144735,2.443342,0.72118795,0.41032112,0.16542017,0.06640443,0.7667537,2.0838962,0.9314334,0.42814833,0.45728296,0.15673622,1.8277339,0.18485092,0.015818931,0.043395743,2.4959402,0.3701384,0.4551705,0.5983107,1.1146216,0.47689608,0.62043405,0.16348344,1.1350166,1.602774,0.31253102,0.9601448,1.1767912,0.8609664,0.22642447,0.0047647655,0.301799,0.21708909,2.690182,0.9752228,1.5934068,0.10987231,0.051218152,1.0267258,0.19033623,2.1505394,0.38635394,0.95335895,0.40589365,0.27223462,0.52112234,0.9488966,0.4916335,1.4177704,2.6425593,0.518496,0.8168936,0.56600904,0.73127633,0.7591001,0.790286,0.098778404,0.0016119746,0.5351463,0.6992463,0.64289397,0.56238925,0.32520008,0.6433942,0.8662738,1.2365165,0.44891632,0.809765,0.011584566,1.2801971,0.60036355,0.95156235,1.6524061,2.4739192,0.67955476,2.0679522,0.60591084,0.5463823,1.493561,0.32734373,1.2536902,0.28349227,0.2004391,0.0356142,2.7795596,0.67994016,1.1734488,0.20109126,1.6746225,0.33357608,0.3538394,0.7425344,1.4339945,0.2295296,0.5285704,0.48734486,0.54007757,1.3489158,0.5890029,1.2187195,0.6960093,0.53931034,0.7304619,1.305387,0.7383762,1.4782343,0.649644,1.2993954,2.7005086,1.499757,1.1153101,2.5077016,0.5199779,0.91678226,0.80427486,0.37875888,0.9718909,1.2945762,0.7703071,0.7352247,1.0658662,0.26012415,0.42011228,1.184258,0.15320829,0.05629123,2.359351,0.8688029,0.20126052,0.3692015,4.3263354,1.2260505,0.64026624,0.08866666,0.46286157,0.72499555,0.13703336,2.3724644,0.36752528,0.2582928,0.26182362,0.7575114,0.09013794,1.0802406,0.631155,0.016649596,0.5140611,0.5673106,0.8586775,0.52061474,6.017021,1.5295773,0.51462734,0.955799,0.54390246,0.20542596,0.28874472,0.07405893,1.5477052,0.8693957,0.12855338,all_pothole_images\pothole_images_optimized_image_291.jpg
0.64323765,0.69806707,0.12844203,1.6541287,0.2247411,0.37387505,0.2061851,0.43567753,0.014576991,0.6276713,0.50824165,0.48750776,0.23277086,2.925656,0.053199515,0.13065216,0.041015554,0.6513191,0.99504197,0.059533823,0.49944282,2.5503163,0.1622445,0.7663616,0.75652194,0.74308246,1.25922,1.9142203,0.028134203,0.4350207,0.8133312,0.11946542,1.1851913,0.85223246,0.15861094,0.87501657,0.17998627,1.6359442,0.41279235,0.79600996,0.0,0.020530446,0.46149006,2.7954133,0.019445853,0.4414092,0.62727267,0.014981155,0.431084,0.5079059,1.6718533,0.6753059,0.33723393,0.23948798,0.0,1.6387106,0.5662591,0.013650544,1.3710364,0.015782693,0.20344914,0.88513935,0.58172834,0.0,3.1644554,1.5908376,0.57202655,0.4302235,0.83375347,0.36693472,0.15475035,0.07125945,0.2873204,0.15257171,0.18500346,0.0054633818,0.5602267,0.098658,0.19336888,0.001711239,0.36319184,0.01429504,0.54209054,0.3107926,1.0744009,1.0413959,0.097749196,0.40996122,1.6860896,0.26077077,1.6366649,0.6048618,0.47452426,0.43100005,0.041987214,0.2579141,1.280573,0.78660816,0.5958262,0.5485133,0.06981008,0.60872227,0.3078513,0.3108945,0.9041393,0.696565,5.8413407e-05,0.62779206,0.6276731,0.19768396,0.014676826,0.44744593,0.86447763,0.42448145,0.8691918,0.030129155,1.8079164,0.13852707,0.033165947,0.6708779,3.4291494,0.96388274,0.08694894,0.7187617,0.12816525,0.35387713,1.055251,2.0680892,0.9789309,0.3089087,0.47529876,0.17610496,1.1537898,0.27955937,0.20747909,0.62441856,0.14982446,2.053042,0.094769746,0.993481,0.1715581,0.0923518,0.86370975,1.0864717,0.25317103,0.9519652,1.0115448,0.017236926,0.12721376,0.31439877,0.31798297,1.0638671,0.16633847,0.02164054,1.0286977,0.25017032,1.2326576,0.5600787,1.1324805,0.5666374,2.397327,0.22416179,0.0509998,4.6501107,0.25078583,0.47523555,0.5194192,0.19734417,1.6913031,0.5794216,0.24768677,1.0008523,0.18593566,0.38233933,0.6013958,0.75992835,0.40740508,0.015123136,1.3319677,0.0009712918,0.0966491,2.9506407,0.53697836,0.4060858,0.88301605,0.30669427,0.05691061,0.17805928,0.81446075,0.73398393,0.3693034,0.7250098,1.1967254,1.5122843,0.15222774,0.4945663,0.7971708,1.0581037,0.032497082,0.10231194,0.1866493,1.7580773,1.1865689,1.4436309,0.6454954,0.76109403,0.787157,0.7885532,0.81360775,0.78483886,0.041880123,0.060905542,0.18469055,0.88501537,1.4341655,0.99142456,0.9917043,0.2807629,0.5916474,0.3163956,0.18345891,0.6638319,1.1259902,0.6323284,0.053514916,1.169212,1.3540573,0.051034473,1.2695363,0.48434848,0.31048203,1.1404192,0.32888922,0.56927156,0.0035892937,0.0060181855,2.7587273,0.33424795,0.010574606,0.5361792,0.0,0.07273035,0.00046689133,0.42539814,1.1770045,0.022873571,1.2693202,0.20922573,0.9079562,3.8685358,1.6403872,0.48608696,0.99604934,0.0032075404,0.26297912,2.3034668,0.47437248,0.66378224,0.27919355,1.8404818,0.84660625,0.021390783,0.5743704,1.7017181,0.5243096,0.58090174,0.2733066,2.2545805,0.33735737,0.14013036,0.008649649,0.4182622,0.5222557,1.2655704,0.49428737,0.17506272,1.6712927,1.1305213,0.11508573,0.4246857,1.0060652,0.45836937,0.200323,0.03867363,0.37376812,0.6585488,0.9059067,0.09358182,1.1753964,0.070039,0.06410881,0.4243687,0.18802369,0.4399922,0.1848867,0.09099859,0.7397564,3.1114106,0.43224248,1.7624605,0.5521161,0.92489994,0.14799166,0.28350198,5.4549274,0.17104766,0.032995872,0.10979434,0.028962456,0.24948311,1.0590616,1.3114904,0.8978389,0.47518966,0.41664022,1.1387405,0.16225716,0.77807283,1.6842593,0.17283353,0.74508053,0.17912956,0.045790408,0.0365825,0.48606592,0.6497084,0.6180813,0.01397916,0.10767914,0.12307809,1.0280374,0.15360612,0.16875699,0.07252918,0.20749757,0.5673631,0.40390667,0.12394972,0.7724628,0.17283937,0.50450003,0.720233,0.84667695,0.5262533,0.8647423,1.1571925,0.12432236,0.32516435,0.52343124,0.9953012,1.2453161,1.1068327,1.1050323,0.16524424,0.16723634,0.5142485,0.13001288,3.7436438,0.4421339,0.47000748,1.1140548,0.8356024,0.34143308,0.19684534,0.095980465,0.06752107,2.7531557,0.082107745,1.281298,0.4322752,2.1699278,0.7691275,0.2752339,0.37702203,0.55685526,0.6642471,0.1862364,0.002787219,0.31266135,1.5451485,0.8456294,0.05068851,1.123925,0.06057252,2.2842326,4.1117797,0.6716512,0.0,1.1442249,0.8427303,0.60873413,0.3170777,0.55786514,1.4095608,0.05032754,0.5265451,0.6859747,2.0410028,0.49856508,0.058690235,3.3489513,1.0239409,0.25772643,0.2931376,0.8440438,0.030442405,0.5784154,0.8282102,0.14550531,0.933291,1.8364669,0.7429696,0.6173033,0.24245252,0.2678714,0.028473472,0.39962924,0.74709475,0.43144473,0.063584596,0.8701127,0.100043334,1.346734,1.545854,2.5309293,0.07927328,3.0214782,1.7828339,1.5043119,0.58846956,0.003992727,1.1743952,0.95624745,1.5799769,0.33210537,1.6092972,0.0014467026,1.0573273,0.099383764,0.27139452,0.6068388,1.775399,0.3352207,0.5473325,0.90602684,0.04539873,1.1748307,0.0,1.7992704,0.9052513,0.9643431,0.18435316,0.39624575,1.5961803,0.087335624,0.7620311,0.7655203,0.22974849,0.9375766,0.6638545,1.9491434,1.5461347,0.87347186,0.26876765,0.5267289,0.3166151,0.5791875,0.014635639,0.49745664,0.00502125,0.8690807,0.91213876,0.0033161214,0.25917265,0.70164436,0.16778141,1.2927372,1.5230547,0.2634416,0.002425232,0.44879216,2.4277942,0.10562036,0.9245347,0.037320394,0.019014882,0.33586082,0.053288236,2.7371566,0.075599395,0.5379374,0.028618269,0.07446455,0.557981,0.5166933,0.11771471,0.036364783,0.00029917958,0.36888167,0.36189273,0.4370574,3.379859,0.64416456,0.28092998,1.0692842,0.40787727,0.27492258,0.119272165,0.040647414,0.17279015,0.28502584,0.6633116,all_pothole_images\pothole_images_optimized_image_292.jpg
0.10193839,0.1844888,1.1048281,1.0622672,0.110116236,1.4767208,0.6565527,0.58610904,0.24006559,1.3467906,0.56689227,0.5304139,0.06919891,1.2716317,0.004783198,0.59214675,0.14110072,0.35148263,2.9011447,0.3081615,1.5849702,3.349902,2.5067441,1.1990578,0.5188779,0.51990443,0.0,1.1948038,0.4269826,0.24136412,0.03311981,0.14734502,0.7401919,0.23879012,0.39875123,0.47449535,0.5169582,1.1397328,1.0765717,1.131411,0.037229024,1.0684718,0.5959162,0.7611626,0.42097688,0.26922423,0.33974501,0.118904084,0.09953283,0.22468905,1.5497549,0.3647479,0.2431125,0.17345487,0.92169315,0.6409643,3.9693756,0.11221131,0.7586028,1.361232,0.48100975,0.68462807,1.864259,0.015130476,0.6420598,1.5596681,0.819585,0.6666537,0.45667624,1.432633,0.38733944,0.11867955,0.5631187,0.0802435,0.12200368,0.17564952,0.09904423,0.9471661,0.0,0.53190416,0.0067438544,0.14662755,0.63958853,2.0976846,0.84268373,1.1636169,0.29557705,0.045349192,1.8057232,0.47811553,0.29153547,2.1190276,0.52880895,0.645901,0.16726205,0.1964989,1.4359578,1.0228847,1.1484313,0.87199706,0.32215014,5.244347,0.8288472,0.4110297,1.6830184,0.4663043,0.10088012,0.22368613,0.38857976,2.3603787,0.23989362,2.336244,0.08493244,0.21120284,0.8442999,0.06898742,1.8671877,0.6921594,2.3334563,0.43462214,1.9238371,0.33029595,0.9500524,0.6243797,0.6210994,0.5685032,0.15106581,0.4241473,1.113131,0.5089251,0.49989778,0.35121244,0.16905902,1.264568,0.32353395,0.6170588,0.19232999,0.6869893,0.097089924,0.9983114,0.7932048,0.47608683,0.9930304,1.758297,0.04529886,0.42878598,0.5790565,0.8821282,0.12827656,0.68855137,0.17024793,0.62942183,0.1460685,0.7534254,2.6669545,0.26579413,0.08252412,1.1041206,0.12075218,1.9753526,2.4481847,0.36153147,0.12396915,3.0874932,1.249188,0.47791168,0.77625823,0.6500219,1.8172355,1.1592277,1.6841483,0.47070476,0.049198966,0.5003123,0.22275053,0.45216516,0.29305825,0.0,0.024713222,0.25653717,0.66367674,1.7621694,1.7993602,0.5392086,2.91947,0.4988668,0.8299793,0.4407062,0.9540432,0.14191598,0.91480035,0.013154815,0.13967349,1.9157275,0.8489647,0.17965153,0.3204393,1.0114822,0.22415031,0.86180097,0.43874335,0.82735974,1.6372995,0.123779684,0.6506169,0.2747265,0.018467784,0.4000093,0.9678658,0.7261534,0.015729016,0.47890344,1.7495908,1.6927589,0.67925906,0.50722045,0.90502983,0.23536685,0.5764881,0.44412944,0.431408,0.569884,0.43890527,1.0629481,0.2770718,0.36582953,2.7840388,0.7384195,0.68584037,0.14726228,0.15228014,1.8114972,0.5054194,0.094947025,1.910939,0.52906764,1.7160523,0.20393012,0.0011636455,0.15192428,0.2542277,0.03808456,0.90752256,0.78831434,0.34805757,0.0,0.26749414,0.07987307,0.096051954,3.5101578,4.0648894,0.06972125,0.40509287,0.27856323,0.13764326,0.5639452,0.9742362,0.8482331,0.5537751,1.381945,0.48210856,0.4070974,0.3248395,1.6950574,0.4581396,1.2286361,0.031368494,0.29214862,2.1404986,0.021401182,0.6210978,0.6827844,0.15319864,0.0,0.09437728,0.029466987,1.1695402,1.4738811,0.2935896,0.4546313,1.2666776,1.0655401,0.20548646,0.71260154,1.0220084,0.558381,0.9684235,0.4024018,0.9834736,0.33936593,0.23888157,0.1898669,0.0053019025,3.1240935,1.3986309,1.2011701,0.83239037,0.8024723,0.022720225,1.0100921,0.1284068,0.34813783,0.31833446,0.12964864,3.1835594,1.0878707,0.38438788,0.2347177,0.12934616,1.1240026,1.6544156,2.2183964,2.6045897,0.835348,0.27270734,0.9789882,0.13772483,1.4298002,2.7551773,0.40970957,0.103954226,1.5048871,0.68703467,0.21313222,2.2115977,1.3320993,0.26874566,0.06627839,0.1944505,0.55548835,1.1462468,0.79708177,1.1828496,0.42178145,0.03448638,0.7425433,0.6220686,0.6629999,0.13654307,0.3117057,0.3888018,0.40306738,2.2172418,0.10705128,0.4676958,0.026626695,0.31866258,0.0261184,0.09299897,0.810758,1.0301666,0.18248208,1.2177105,1.9146047,1.4033325,0.14960685,0.50810933,2.563189,0.7558384,0.12677881,0.2406879,0.02375222,1.1143748,0.9554173,0.19381063,0.37349334,1.7631623,0.3995317,0.4951941,0.120521925,1.2353537,0.3308162,0.16192718,1.1903126,2.2328243,0.086420394,0.00070842105,1.1933296,1.7350003,0.69344723,0.31669673,0.017676596,0.43948916,0.55052006,2.4966736,0.050584715,2.1236882,0.33033767,0.2936538,1.5394343,0.15964372,0.34503734,0.0015748168,0.6335577,1.4564424,0.58370304,1.4504089,0.7104836,0.69168913,0.18081972,2.2986522,1.2482231,0.43857014,1.8726165,0.30751482,0.042813208,0.5722772,0.4687844,0.51772827,0.19283041,0.009175666,0.08688693,0.6210056,0.10404169,0.0,1.1322879,1.005313,0.27262124,1.0477895,0.16966598,0.6535037,0.44659907,2.1860044,1.5641192,2.0860062,0.8926305,0.7917441,0.9921506,2.3882253,0.4029021,0.3691977,1.165792,0.22706766,3.6598902,0.5222659,3.3717966,0.32261765,1.0553377,2.1349924,0.2630816,0.47850117,0.15416406,0.053930193,0.51764137,0.31869343,0.18203011,0.71584433,0.52206683,0.02477062,2.1781433,0.5221116,0.19785511,0.50361073,0.13128541,0.80756307,2.0047526,0.33807096,0.3088874,0.99476725,0.62308913,0.004870353,0.98440254,0.89747024,0.0022535375,0.20399386,2.2300427,0.06887529,0.8360644,0.01999253,1.745048,1.3202083,1.1713165,0.054997213,0.7562681,0.38278812,0.10483387,0.28725973,0.4223488,1.7961651,0.08469613,1.7532858,4.136228,1.1218803,0.25427923,0.08097728,0.7378207,3.2907097,0.0,0.56014264,0.418823,0.6791214,1.1516407,0.08158104,0.17368396,0.5992744,0.8889427,2.173997,0.41734862,1.8446182,0.083017774,0.076737225,3.6138518,1.2166239,0.5765476,0.49202108,1.2580752,0.044665143,0.36967462,0.7701027,1.160667,1.3169823,0.27963746,all_pothole_images\pothole_images_optimized_image_293.jpg
2.2584171,1.0305841,0.23065995,1.98879,0.7463544,0.31244498,0.10378247,0.040653948,0.41770503,0.5788035,0.33939672,0.8108743,0.1564028,1.495921,0.65852314,0.16065453,0.24964625,0.11428237,1.0120754,0.08313381,1.7987889,0.7777095,0.49509406,0.7216834,2.7651281,1.0229322,0.2633738,4.114898,0.14202756,0.00019269645,0.9225546,0.0,0.048240874,0.5722095,0.60166955,0.62854356,0.101421766,1.616603,0.34525445,0.041012686,0.007148662,0.031257413,0.9807056,1.3989183,0.52371407,0.6395172,0.007679602,0.28288084,0.40019596,0.36639458,0.09671566,0.59778786,0.12503499,0.21678181,0.06686934,2.0180385,0.78973955,0.0,0.4085766,0.036831066,0.24164616,0.29107046,0.62268037,0.1780804,1.7702767,1.3024303,0.21276724,0.0,1.0922544,0.06712183,0.73964113,0.02694239,0.7417568,1.9196272,0.2016404,1.1125363,0.014206438,0.4964769,0.010768463,0.25070453,0.42670292,0.52779704,0.2819048,0.52124196,0.27659753,0.5908507,0.2544062,0.36051726,2.6620128,0.4850506,0.38007417,0.055355422,0.028253725,0.7358559,0.15133128,0.08398518,0.83235574,0.30177543,0.7487008,1.1472274,0.049526747,2.7874873,0.19457576,1.0642319,0.29468122,0.23874572,1.4011892,1.0959164,0.053127415,0.44528434,0.12591666,0.748793,1.3208222,0.8054473,1.1297227,0.72759473,0.78852344,0.24209407,0.25106862,1.1058329,3.2417033,0.02280416,0.067377694,1.0649815,1.3296969,0.39477032,1.2272075,1.0944083,1.6249993,0.4138406,0.04030245,0.0,0.016674677,0.21741915,0.28568435,0.83281046,0.6350164,1.778329,0.6707022,0.0,0.19370276,0.8456442,0.12917158,0.6616163,0.35780108,1.0285355,0.12265384,0.13016918,0.24186617,0.23000869,0.9565759,0.16636327,0.00076821697,0.41278765,1.0349886,1.0502796,0.19277649,0.006075585,0.8964001,1.954963,1.4065711,2.1629984,0.02067145,2.5384643,0.2352786,1.8972731,1.7070711,0.15854043,1.1112176,2.1643655,0.36173797,0.12614968,0.3515758,0.39036044,0.39842176,0.26208413,1.4735755,0.15890376,0.086544394,0.72813284,0.029750112,1.9478074,1.1483892,1.5478853,1.9403026,0.59036994,0.053638067,0.5469747,1.1701348,0.19926417,0.52150756,0.6762797,0.21158467,0.88065183,0.32417482,1.117868,0.8334559,0.79661614,0.8094226,1.2597547,0.08917637,0.29824725,0.1503589,0.5801581,1.380334,0.3144637,0.9807043,0.31966996,0.9179189,0.5038467,0.024199637,0.05137012,0.09260126,0.0,1.6846304,1.7108928,0.41298604,0.19072896,0.02187489,0.054274783,1.2963865,0.18938117,0.848757,0.08305814,0.0075612688,0.65146327,1.0696454,0.62157845,0.73187876,0.77910256,0.34126997,0.019352034,0.16840413,0.72881836,0.66415185,0.54080665,3.0608757,0.12014259,0.33542395,0.23514578,0.17227049,0.06654089,0.33635175,0.19062622,0.20443225,0.0,0.18336219,0.88146615,0.586205,4.266213,0.28246987,0.015693633,0.27752945,0.6747201,0.19852418,0.006027804,0.15477009,0.735764,0.5619062,3.2404268,1.3065292,0.26019105,0.35397035,0.0,0.2725164,0.30374157,0.9991148,0.47874826,0.28761247,0.18112776,0.6543082,0.0,0.16035667,0.07808496,0.06860847,0.51359326,0.10171694,0.60689354,0.36267495,1.036376,0.22105004,0.092607886,2.2017536,0.14053656,1.1111157,0.80529,2.2129827,0.3511411,0.109820396,0.0107814,0.17630565,0.8501056,0.23621187,1.1018382,0.37989458,0.2770976,0.83391094,0.2867761,0.192212,4.135151,1.1337297,1.3549054,0.0012614381,0.33591384,2.6606047,0.66757,0.026659498,0.12501532,0.2234696,0.19820791,0.8012104,0.97570527,2.5660079,2.5725467,0.20019285,0.7473989,0.10399785,1.4115725,1.5969839,0.11613286,0.5322802,0.19620164,1.1272347,0.033865806,1.1646383,0.7843099,0.029041197,0.088288724,0.42178345,0.30413008,2.1160817,0.24062839,0.026245445,0.056317188,0.15210102,0.034740873,0.7190455,1.1561619,0.73011106,0.8892915,0.20842785,0.2918851,2.5183132,0.7561651,0.44615293,0.26087743,0.49519783,1.0972781,0.29789856,0.2934094,0.14024903,0.43134382,0.07968051,0.578099,0.29844806,0.25236225,0.13945436,1.920956,0.17715964,1.0908592,0.54803973,0.6583552,1.5448624,1.2583538,0.21726312,0.58975583,1.8950678,0.41747022,0.07355847,1.0797741,1.3091732,0.32832366,0.05544515,0.50198925,0.59858584,0.2642693,0.24006274,0.36317125,0.21307775,0.34309322,1.3455273,0.0,1.0546302,1.0561163,1.6297655,2.8555217,1.0322931,0.55290526,0.086624086,1.744514,2.0106885,0.69564706,0.056314237,0.08524621,0.35653052,0.3175263,2.5751069,0.1791019,0.15409034,0.05001558,2.221037,0.5622368,0.4297435,0.49497375,1.3218821,0.24775471,0.38207087,0.24661265,0.7782733,0.24886273,0.7103698,0.15269624,0.0013370054,1.3438883,0.0,0.47629347,0.33140352,0.1782151,0.8622313,0.29335222,3.02769,0.16212745,1.1347903,0.92342436,2.3734252,0.32121798,0.9361571,0.109757245,1.0017887,0.7733409,0.4998724,0.17539193,1.1554705,1.8456551,0.6299181,2.5534089,0.59556425,1.9824789,0.23646803,0.42780754,1.0934905,1.8447403e-05,0.10952842,0.14976494,0.0,0.005540862,0.8572991,1.3095304,0.3450737,1.689691,3.560898,0.27557626,0.6967047,0.490294,0.557815,0.12338868,0.37386373,0.1699866,0.3369087,0.35188058,1.2488561,0.20189553,1.029967,0.10250438,0.7969878,0.7291033,0.9986181,0.18550125,0.56598806,0.4188328,0.39037225,0.5691643,0.040399794,0.18473022,1.3865438,0.047766197,1.2607039,1.5576961,0.8381978,0.0,0.68691105,3.2236564,0.48236728,1.160925,0.4046788,0.22283919,0.057956513,0.044160064,0.20587076,0.057253316,0.8736052,0.9651939,0.015841039,0.024887629,0.5150495,0.03143258,0.08045633,0.015028744,0.20099571,0.37873638,0.9596238,4.9465275,0.35883796,0.47184283,0.76311857,0.6998311,0.86765647,0.5281988,0.08523947,0.099002466,1.4963139,0.4323262,all_pothole_images\pothole_images_optimized_image_294.jpg
0.016564636,0.52518207,0.3275959,1.5671905,0.033971682,0.11869712,0.34408155,0.6729267,1.3261013,0.07058802,0.09379337,0.15093562,0.0055735316,0.48882717,0.2608514,0.46559697,0.4380351,0.22552352,0.5462428,0.8849829,0.37224734,0.9449578,0.48540702,0.32398313,0.08316656,0.0,0.17027391,1.2450206,0.063438505,0.0,0.0075370655,0.01379468,0.04246675,0.22439767,0.0,0.17265771,0.073693715,0.058100805,0.25601247,0.48852327,0.07378897,0.0,0.34901676,0.37762716,0.36871356,0.07026176,1.0022737,0.10233196,0.0,0.5234998,0.4580454,0.35262772,0.1184314,0.25457007,0.18840015,0.6724525,0.83659905,0.8771887,0.15952104,0.61288524,0.91244364,0.33842474,0.5279597,0.07614455,0.014880319,1.3164619,0.6974347,0.7232321,0.020805296,0.17683181,0.0,0.12847573,0.21140642,0.0,0.23307915,0.022046868,0.8228931,0.87381196,0.02234298,0.23265484,0.7430085,0.19573495,0.021060549,1.2841694,0.05554352,0.019148683,0.14114268,0.3754823,0.5633021,0.32512295,0.18542694,0.0021187733,0.120186344,0.00710899,1.1932008,0.11538957,0.04753793,0.72773105,0.57664883,0.064747,0.3340724,0.5579531,0.011742429,0.14456116,0.95669734,0.029654944,0.105075054,0.012924999,0.04864678,0.3725173,0.016214726,0.60828614,0.2106439,0.0020578601,0.20592654,0.0,0.1269903,0.4077554,0.6259485,0.8215727,0.63446325,0.2385411,0.06369422,0.39605603,0.15751141,1.8304008,0.23202899,0.005022487,0.5082848,0.00020625144,1.0315739,0.08074504,0.0047103623,1.0715168,0.3568834,0.03781716,0.0918438,0.27798742,0.0,0.005027503,0.2963897,1.3330059,0.111635506,0.09035584,0.27288207,0.20813121,0.17095041,0.4588571,0.61412466,0.5401055,0.07347241,0.781721,0.9401564,0.70433944,0.24296495,0.34557533,0.24184786,0.54683024,0.018396404,0.2689322,0.6425768,1.0341872,0.03542705,0.60376614,0.056306306,0.13603833,1.3813046,0.8091471,0.6370918,1.3487569,0.0,0.09067469,0.112449974,1.0941106,0.19647713,0.31081378,0.058267873,0.0,0.7064654,0.08037069,1.0433705,2.2304344,1.2921734,0.5321955,0.43491518,0.4316979,0.105948046,0.19109608,0.08209319,0.24075267,0.0,0.32240248,0.0260525,0.59048104,0.107005626,0.056143913,0.35937744,0.59346443,0.34567088,0.39370543,0.12644014,0.4019042,0.48631465,0.18698353,0.5010827,0.02333206,0.39919612,0.04555167,0.8645972,0.71551514,0.02731986,0.053603005,0.14588737,0.6342065,0.28504404,0.6650436,0.22299317,0.17756101,0.7916398,0.38764298,0.13009939,0.317892,0.31313547,0.2170564,0.0,0.26943198,0.5884642,0.004091664,2.1624708,0.13059652,0.27126786,0.10622037,0.47605827,0.0,0.12495629,0.010290202,0.7180265,0.33940682,0.1483161,0.41713956,0.019999024,0.14017826,0.46096882,0.32157636,0.07378957,0.04898022,0.2455964,0.09615429,0.154721,2.5826478,2.8214803,0.1384851,0.090734705,0.20935595,0.113614015,0.08838161,0.41299084,0.30957925,0.06296854,0.7013527,0.027508203,0.12198668,0.66669935,0.06819535,0.23579553,0.6649056,1.0785389,0.015977558,1.0360354,0.22136067,0.56511354,0.052498884,0.105361745,0.15702677,0.03460968,0.7342679,0.21532872,0.2197472,0.63469917,0.29241827,1.4930985,0.12071907,0.08325344,0.7735304,0.19322135,0.4516616,0.24355249,0.10090539,0.10919677,0.18258794,0.02671084,0.07227669,0.25312448,0.016807687,0.022883935,0.07667438,0.041200366,0.7083179,0.39204654,2.132352,0.65078086,0.38322768,0.20733127,0.2294453,1.7064099,0.009193174,0.12328709,0.23259953,0.40411735,0.17644688,0.25123924,1.2261719,2.3533726,2.01595,0.17871884,0.3917772,0.0,0.62015444,2.1702635,0.27992293,0.08961742,0.06533593,0.27989382,0.42713717,0.07836408,0.7012116,0.65726835,0.0,0.19268118,0.18844731,0.6154518,0.13574758,0.065932214,0.6794816,0.014324682,0.0113623515,1.3687475,0.7006152,0.034016892,0.8040357,0.12888822,0.16621545,1.8151319,1.3045905,1.4807957,0.44918436,0.34714392,0.043901514,0.0031955156,0.38758025,0.4412258,0.007050841,0.023348626,0.15864575,0.008449926,0.9291696,0.11836736,0.6920504,0.3549406,0.07301363,0.03878545,0.18108459,0.6451994,0.020235732,0.09286272,0.08373957,0.98877096,0.12814815,0.23194353,0.21242046,0.8064522,0.08582163,0.554437,0.06702872,0.025571752,0.0664459,0.058156036,0.18868735,1.0344956,0.010162544,0.07673801,0.32974476,0.8195722,0.22940224,1.0970805,0.404466,0.7529017,0.029949991,0.020302735,0.8669629,0.2932703,0.25792983,0.026885679,1.515639,0.17358059,0.25878873,0.3980065,0.10876139,0.5520628,0.8713448,1.0910813,0.004595701,0.5773029,0.2239917,0.0102695,0.06757964,0.29603872,0.13054363,0.22803581,0.34170228,1.2513946,0.18264903,0.029081604,0.18449792,0.73013115,0.14022677,0.4842522,0.1464011,0.277413,0.10749632,0.4245907,0.09235198,0.0,0.6579476,0.4246154,0.32874143,0.47905222,0.00043482624,0.7615702,0.0,0.63813007,0.09071906,1.4231857,0.051658176,0.81645,0.84067893,0.55583215,0.0,0.08089367,0.23895596,0.585988,0.07241381,0.24028374,0.28455067,0.18633163,0.6300932,0.46474767,0.121175386,0.080225386,0.19745937,2.2179687,0.0027638795,0.15856312,0.71728873,0.7152374,0.5196585,0.031320017,0.13262971,0.0,1.588446,0.27084604,0.004990642,0.32864293,0.002315576,0.54534185,0.65356976,0.24440199,0.0,0.32583725,1.7762146,0.7212945,0.49749616,0.06393265,0.0,0.006267333,0.18258826,0.16742347,0.9830275,0.12698478,0.26635608,0.81064564,1.0315773,0.36010566,0.014795789,0.018824836,0.14756675,0.0019336836,0.13315307,1.4165593,0.1341524,0.059658505,1.8426892,0.11266971,0.014588397,0.016093237,0.008410082,0.018470787,0.09159998,0.0057721506,0.0009413806,0.0,1.5510042,0.9879299,0.13911174,0.16997612,0.9443998,0.1820233,0.18552768,0.02024792,0.25768405,0.8314255,0.0038574873,all_pothole_images\pothole_images_optimized_image_295.jpg
0.0275243,0.42954865,0.0,2.3087158,0.16038236,0.0040481426,0.036107354,0.0,0.3673579,0.0070922505,0.34552884,0.0,0.0,1.026106,0.3741543,0.1893257,0.13596983,1.1273975,0.07678613,0.35153314,0.22136505,0.05102897,0.051413506,0.24059246,0.13393313,0.18496987,0.40233275,0.8504764,0.0059539503,0.13596314,0.0023088884,0.06933931,0.0154123865,0.058295455,0.02353248,0.77539915,0.28324533,0.2936344,0.2553917,0.01709719,0.2620149,0.5464297,0.28840992,1.1007133,0.22755422,0.089963526,0.057603758,0.95814955,0.53308743,1.0315279,0.34865585,0.32561988,0.20101632,0.017372843,0.3701716,0.98587495,1.2813993,0.5136859,0.29478097,0.11868945,0.4748955,0.025162868,0.119277686,0.73894376,0.070086636,0.73968256,0.1014693,0.23561792,0.040149324,0.52558696,0.18122515,0.17647505,1.3579335,0.049058486,1.0115826,0.0066985358,0.38962087,0.5128284,0.0,0.030259999,0.0047765453,0.36531883,0.58781177,1.2245556,0.03527523,0.0,0.06423176,0.11729215,0.7838909,0.13399069,0.1902286,0.20944647,0.2040441,0.06650209,0.57015973,0.2294801,0.036720958,0.92743355,0.6218401,0.026893552,0.040850542,0.3363982,1.2414583,0.0,1.2238449,0.0007275928,0.708449,0.10604948,0.25125802,0.7252539,0.14569193,0.47195566,0.07252383,0.045254074,0.46777597,0.6494657,0.05699686,0.0015050387,0.9983328,0.25410587,0.10927402,0.03260711,0.0,0.3384325,0.3799678,0.4051192,0.0,0.076689035,0.095009685,0.30418465,0.018790292,0.14055766,0.2307928,0.12725921,0.38815758,0.0,0.060638748,0.26980594,0.13298433,0.19812801,0.018066797,0.38187245,0.23940691,0.028451579,0.15036276,0.6222018,0.0007669803,0.009123837,0.44456387,0.0026009416,0.2748477,0.42332464,0.0,0.5705132,0.35611832,0.32920238,0.018570764,0.025147265,0.47549406,0.96265084,1.0975782,1.2098081,0.44976756,0.27490437,1.0083983,0.12208664,1.0568644,0.21921791,0.6834648,1.529632,0.015202548,0.13523063,0.0,0.44642273,0.0029358407,0.07424173,0.0,0.00016340728,0.3168744,0.015492552,0.0,2.2155,0.1254954,0.0018105269,1.9722393,0.70699435,0.22093573,0.06440114,0.03873561,1.4673675,0.037091825,0.03466022,0.7202856,0.03272167,0.13809358,0.10490777,2.2188601,0.0,0.7622165,0.03928671,0.040091626,0.71335447,0.060559426,0.052348793,0.24645013,0.029651731,0.29423094,0.45235536,0.3696723,0.26925275,0.0,0.15187657,0.59856933,0.009643466,1.1792926,1.344666,0.007932237,0.0,0.017680835,0.11668075,0.30395454,0.0,0.11512929,0.013216767,0.0,0.46107373,0.33335108,0.76390994,4.8574557,0.64963895,0.07424834,0.0,0.23973903,0.0,0.06888233,0.007849669,1.6419917,0.0,0.0014300075,0.01751604,0.6251605,0.28030485,0.00078373053,0.5099856,0.30115673,0.0,0.6105545,0.848445,0.266572,6.463869,0.14370456,0.29723784,0.085170045,0.03475708,0.0,0.08795094,0.84468246,0.18846855,0.068942,2.3579721,0.019394295,0.025020577,0.50066036,0.6370265,0.19430424,0.012181339,0.29934227,0.69800544,1.144308,0.0,0.075549684,0.0028186655,0.27081764,0.28508294,1.1307896,2.0945003,0.0,0.68207115,0.036928978,0.17498034,0.551252,0.86054695,0.004753599,0.0023086427,0.001723948,0.38488632,0.70744026,0.026317015,0.09402008,0.16871268,0.0,0.051360384,0.23377657,0.030465312,0.0031232382,0.008384569,0.0,0.2574304,0.041719466,1.6517456,0.42265505,0.8214748,0.0,0.20602769,6.511217,0.03353802,0.25298336,0.0,0.18211995,0.7377559,0.36796805,0.62075335,0.8464469,2.5121136,0.023032501,0.42177206,0.5144367,0.35240623,6.5654626,0.10861951,0.0,0.0015115527,0.053097088,0.036727447,0.0,0.39674798,1.6678833,0.0,0.09768994,0.0,2.490587,0.11808259,0.009128585,0.351021,0.0,0.0,3.4903116,0.008961234,0.047243945,1.0051465,0.003419179,0.00061665126,2.0236628,2.7159803,0.54586446,0.02169866,0.013755072,0.17470652,0.46485257,0.08876505,0.22524668,0.013679522,0.13749817,0.18031283,0.00023711531,0.0014440487,0.0,0.37297896,0.31084356,0.1981807,0.07013337,2.2279484,0.21151532,0.0,0.13255748,0.0,0.3852903,0.10496157,0.0038203846,0.06643518,0.13964254,0.017544372,0.35247067,0.017827125,0.04971129,1.1327273,0.0,0.0006917313,0.0072282404,0.13345855,1.3236248,0.10997693,0.024655247,0.26459274,1.6837529,0.25127494,0.63058853,0.035225354,0.0,0.12223436,0.645547,0.4302531,0.08042345,0.9203301,0.0,0.011252157,0.2717577,0.49892825,0.06421736,0.17844772,0.3241566,0.56730884,0.00077489164,0.0015401251,0.0910349,0.05724828,0.04395371,0.22527882,0.7190025,0.24354365,0.4525331,0.22498745,0.012760548,0.18599029,0.2001088,0.16147737,0.899628,0.32120436,0.54852086,0.0038892967,1.3473725,0.9597496,0.259522,0.5402745,0.7655216,0.004840276,0.34178817,0.013940649,0.1355666,0.29109898,0.035368346,0.008979643,0.7169648,0.2458093,0.6018852,0.28990299,0.014556687,0.12577912,0.037091292,0.27788943,0.34485397,0.26589686,0.038571168,0.005678531,0.048596866,0.005580708,0.5069351,0.63145065,0.9079644,0.023152804,3.4454749,0.11542052,0.03247178,0.0,1.5589699,1.1207687,0.010797517,0.1084865,0.05347186,1.2071822,2.8476002,0.0,1.1025438,0.0,0.22489996,0.0,0.00642423,0.0,0.08185638,0.5640611,1.0447806,0.5978784,0.084929734,0.23435149,0.26639053,1.5094141,0.03873501,0.0026538426,0.0,0.19460692,0.0,0.49835625,0.5923432,0.026486564,0.25230283,0.0140301995,0.30387285,0.1509045,1.0102952,0.0,0.1567374,0.91089034,0.15052536,0.30753174,0.0,0.4487026,0.013473504,0.00183026,0.025901338,0.12313916,0.7450941,2.5603855,0.5956086,0.4182619,0.2883323,3.73456,0.6812709,0.18964328,0.12528396,0.19302295,0.051675484,0.068600364,all_pothole_images\pothole_images_optimized_image_296.jpg
1.6045216,0.5847979,0.05203217,2.0671074,0.14556046,0.0944014,0.023318864,0.37905088,1.0928423,0.19639619,1.4750595,1.3623489,0.76316464,1.3416107,1.006864,1.1496451,0.083702534,0.37792245,0.28280112,0.031057462,0.67084795,0.6395698,0.0,0.15928131,0.92447287,0.40699592,0.7469013,2.1210954,0.60994416,0.37185395,1.3281807,0.43619707,0.656721,1.2180717,0.4192978,0.9865635,0.14495087,0.6505834,1.4787554,1.137106,0.9679905,0.09269352,1.1894383,1.616852,0.4731528,1.2359539,0.78771704,0.6137792,0.60040027,1.6582314,0.59588856,0.4301284,0.14932655,0.031241467,0.070097394,1.5746427,1.8220643,0.15080464,0.31795844,0.04682135,1.0200003,0.0,1.0928437,0.99328315,1.252151,0.8132337,0.025935786,0.04591666,0.18152842,0.22654803,0.3282636,0.106412694,0.8912788,0.6747366,1.5075004,0.18197297,0.54918367,0.96283877,0.11639738,0.40965316,1.3399764,0.79801977,0.18319589,0.73444146,0.22644828,0.46746203,0.12556426,0.020440899,1.9541851,0.06324453,0.6718013,0.38239446,1.0708898,0.33323026,0.025021374,0.23708619,2.2793386,0.38274378,0.704768,0.7581262,0.22938639,2.493365,0.27312902,0.019774532,1.4074398,0.1810646,1.0415076,0.899067,0.7440955,0.016068699,0.0,0.6711591,1.348561,0.029002054,0.30137217,0.84017676,2.5866845,0.29200825,1.2430373,1.072523,1.9534488,0.017300708,0.097353,0.48865235,0.51561403,0.93167686,2.1905944,0.888806,0.8457589,0.04731022,0.23134941,0.007836117,0.0,0.44530922,0.81891537,2.1247084,1.9092261,1.9156235,1.466151,0.008144325,1.913051,0.022608764,0.1234096,1.7001828,0.99717855,1.6268541,0.3808382,0.78115004,0.3280552,0.2655958,0.63842136,0.230209,0.040201794,0.53776485,0.24139643,0.40512517,1.1133214,0.019312926,1.0477817,1.2371471,1.9273133,1.7869934,0.02312216,1.8775218,0.5375595,0.40891373,0.052577898,0.19945261,0.29006353,1.6995627,0.29002517,0.6438184,0.39477456,0.11764086,0.018437712,0.77799785,1.7362173,0.0010336157,0.5717687,0.72080255,0.22006753,1.340592,1.7214,0.69732624,3.4244876,0.6047494,0.83067936,2.4213872,0.5584991,0.6908778,0.18661012,0.4767929,0.80322826,2.4949017,0.8238691,0.1863968,0.9400877,0.23161355,0.44441593,0.30346102,0.2949464,1.0909101,1.1052146,1.2730255,1.1235846,0.36408734,0.83968467,2.1253734,0.27531117,0.046596643,0.0,0.0013023724,0.3990662,0.03494279,1.8980064,2.6610646,0.039543,0.36789697,0.98706424,0.0034056876,2.0014832,0.49133837,0.650524,0.69074476,0.028728263,2.6768494,0.83103293,2.0986621,1.5767059,2.0734572,0.12508772,1.3648157,0.08061932,0.7379591,0.38392365,0.26704508,4.167391,0.34130108,0.3460439,0.5696584,0.17613,0.30089408,0.37938824,0.7210836,0.462934,0.013296002,1.4241904,0.5425253,0.41318303,3.0049534,0.6151976,1.0522435,0.62597334,1.3833878,0.13828884,0.0618815,1.0095013,0.27143312,0.18709253,2.5114927,0.033012405,0.15225944,0.4328817,0.9168913,0.7006109,0.40809116,0.06386826,1.4054965,0.47994316,0.28565487,0.695033,0.5328102,0.08042781,0.61877906,1.9393729,1.1614819,1.6535479,1.8834846,0.012959898,0.5287231,0.3278135,0.8567648,0.41062704,0.65959024,0.2856476,1.0277357,1.7348994,0.16246441,2.2800977,0.8580305,0.5640627,0.7230668,0.38412717,0.35849455,0.79853374,0.017490216,0.5088959,0.8490652,0.43249112,0.95407546,0.26582387,0.7858231,0.7589809,0.23183618,4.7967067,0.29092577,0.44563678,0.007188821,0.047196202,1.4251083,0.09771624,1.8814105,2.0773787,1.8736198,1.1758702,2.4915571,0.022114677,0.35362923,2.431082,0.7069157,0.21404469,0.5425814,1.1473205,0.15112822,1.4032019,0.695354,0.74556154,0.030397542,0.19936268,0.14817531,4.1739793,1.3136256,0.3055586,0.25294748,0.1879365,0.32261366,2.1908154,0.9649132,1.1614399,1.6245847,0.38372627,0.584609,1.931162,0.8861443,0.16022505,0.5392896,3.1531465e-05,0.39390266,0.7645425,0.10717818,1.7043911,0.3855632,0.14007734,0.44111827,0.80776477,0.37972772,0.10350926,0.52770853,0.08891521,2.0065067,0.1616031,1.6786999,1.9108613,2.5211282,0.1579479,0.0,2.69307,0.6815106,0.064344995,0.6257273,3.286367,0.820986,0.1501212,0.027895669,0.2590672,0.054373868,0.035922486,0.1652243,0.53164583,0.98004365,1.3651211,0.16179688,0.014879204,3.8179035,3.7961519,1.8910114,1.7725141,0.0,0.010273057,0.9428463,3.1848676,0.9261129,1.105986,0.0,0.7208207,0.0069373674,0.59681076,0.47106895,1.4416226,0.05987786,4.78971,1.7126477,1.418248,0.046631716,0.3394604,0.5327909,0.914868,0.57165205,0.2566517,0.06638935,1.3745784,1.5388296,0.25722826,1.4313478,0.20465387,0.93079764,1.4725255,0.90190697,0.9191902,0.0754081,2.5829966,0.5169045,1.3717176,0.33448067,1.8993964,0.016105331,0.6835811,0.49676225,0.7883319,0.714502,0.2688266,0.70007885,0.74517626,2.1615167,0.43762985,3.2096949,0.5857936,1.515909,0.11530078,2.121042,1.1338696,1.9334556,1.4335136,0.5205693,0.31071678,0.1548115,1.1653035,1.9454871,0.16109882,0.9379632,1.9394231,0.20152138,0.004068858,1.9537023,0.046853494,0.17790256,0.029742956,0.37369567,1.2903254,0.6768509,2.0073216,0.34313768,2.0884387,0.38467234,1.6801409,0.27792048,0.3974633,0.0046094935,1.1670156,1.9016403,1.3332497,0.33505416,1.0928186,0.34917504,1.3207656,0.41977334,1.356301,0.58328557,0.7997679,0.05541315,0.031888973,3.9057245,1.2735283,0.024483306,0.04771842,0.045427214,0.3715909,0.04161953,0.4925181,0.15367386,0.77424294,0.15030006,0.007487022,0.9277543,0.340856,0.12212738,0.094552,0.10135072,0.36685908,1.2718025,0.20959342,4.4040904,0.672781,0.39651754,1.6437434,1.2687972,0.19641413,0.025143953,0.1531502,0.5153487,0.93952394,1.3661629,all_pothole_images\pothole_images_optimized_image_297.jpg
0.69540095,2.104359,1.3345973,1.038042,0.32630786,0.46061432,0.32518372,0.078539446,0.2561931,0.73398066,0.38515714,0.30415538,0.32617715,0.21127701,0.5707021,0.8160424,0.04892172,0.06222412,0.32694235,0.04285322,0.016830869,2.6244822,0.39817765,0.9620318,0.14771347,0.4880445,0.0054857978,1.0102389,0.16493665,1.1470835,0.9769375,0.04267378,0.752105,0.40814787,0.11978437,0.124082536,0.013836014,0.13631964,0.14294802,1.9486563,0.23739728,0.7613068,0.11093191,0.48236892,0.7460848,0.19850662,0.050559666,0.040453136,0.30339938,0.484948,0.41095638,0.7369436,0.6920687,0.43027663,0.080837466,0.3735916,1.2217654,0.4142616,0.5775159,0.5608042,0.1544219,1.4210786,1.5455526,1.0797105,0.033615004,0.93167573,0.47148007,0.06276253,0.37789592,0.20671408,0.40876302,0.52397704,0.08903917,0.07395761,0.047109656,1.709388,0.32494792,0.4875294,0.020411732,0.0,0.7652477,0.17957582,0.12770526,0.9144942,0.27795145,0.41009566,0.16995938,0.116693884,4.4567366,0.76701814,0.07207129,0.94934005,0.67238647,0.0036883745,0.4805284,0.47758624,0.6196066,1.2867966,0.0067858584,0.03623581,0.031574234,0.20791256,0.14979844,0.9575466,0.2385003,0.044908524,0.037608203,0.07878272,0.7509731,0.36910045,0.60665786,4.167585,0.6087181,0.055996757,0.05690092,0.7674489,0.97955525,0.026644254,1.2770103,0.71830684,1.0554672,0.52506435,0.5038725,1.8220441,0.4126545,1.7045996,0.0399938,0.32869485,0.22560726,0.60023075,0.20999402,0.04051496,0.21467851,0.08176613,0.51169455,0.072874345,0.015896903,0.33692035,0.5976318,0.04443679,0.47737476,1.0453328,0.01621595,0.68011254,0.040688194,1.8512901,0.16352597,0.3821176,0.055643167,1.7101809,0.47507173,1.1469058,0.29282728,0.21721688,1.0897506,0.11292843,0.36381176,0.05226028,0.32530046,0.090945244,0.7428247,0.82827353,0.18441147,3.3396091,0.3860138,0.001219476,0.6336126,0.0,0.48110986,0.051932544,0.28316143,0.017148694,0.16380318,0.0740002,1.3563192,0.030387472,0.77474165,0.0,0.025532186,0.1793213,0.43649113,0.37758902,2.7038665,2.0447898,1.8950064,0.024071638,0.0878261,0.098531485,0.6431988,0.49397868,0.0,0.47945163,0.07008545,1.5496521,0.43140355,0.09790319,0.633695,1.5352948,0.021899194,1.6145744,0.38621545,0.9143845,0.6753609,0.38810557,2.474455,0.7709464,0.258244,0.37583244,1.4778059,0.37356454,0.481652,0.21274093,1.2805971,2.664842,0.017475374,0.58213854,0.31930584,0.1397077,2.3250432,0.113542765,1.1144625,0.7524677,0.44565347,1.5155629,0.7536019,0.899327,0.5457986,0.4904314,0.08761186,0.18171889,0.21759154,0.523003,0.12502766,0.31442392,0.42526752,0.25000027,0.18787278,0.40920633,0.15264136,0.0016521174,0.6404621,0.059989285,0.1277961,0.0,0.0,0.007635745,0.62622637,0.084173016,0.80799776,2.5498233,1.9407319,0.064217106,0.7230668,0.028398518,0.5420749,0.113732815,1.2238215,0.003876236,1.5596435,1.4878027,0.009544106,0.17839009,0.57106,0.35816666,0.18755274,0.6383584,0.21899511,0.42268044,2.3573508,0.45316175,1.9404236,0.10426817,0.39152285,1.2250874,0.59288865,0.6100923,0.7844747,0.31051514,0.5171909,0.29284889,0.099202484,0.77224296,0.3910861,0.44268346,0.8337199,0.17707591,0.25506657,1.4764029,0.31090987,0.027354673,0.16719525,0.95902115,1.0635244,0.61047095,0.0924705,0.10280204,1.1719469,2.5542693,0.31309712,0.28077167,0.28978172,0.52906746,0.18046382,0.52587134,2.2848022,0.4023607,0.032454364,0.36932132,0.2023126,0.029974138,0.2524796,1.1683148,5.837844,0.45918357,0.0,0.98897433,0.2099312,0.4029962,1.1074224,0.21986665,1.2879289,0.47953367,0.10742084,0.44915938,0.46918768,0.930671,0.46609947,0.24093725,2.344363,0.621586,4.3121815,0.024251455,0.010054264,0.23326448,0.20194699,0.088662684,0.9460611,0.018866993,0.5129665,0.053979572,0.7157543,1.1005803,0.33934915,0.22217254,0.3443533,0.05926331,0.0013130357,0.00025829018,0.043908175,0.96470463,0.004781654,1.5549692,0.31752267,0.15970132,0.35195252,0.258057,0.34398857,0.5611284,0.18495546,1.1500757,0.0,0.021805638,0.7925469,0.16007449,0.052410256,0.27683485,0.5890536,0.8893641,0.35860687,0.32556272,0.202009,0.9730184,0.450302,0.0,2.4794178,0.247606,0.8168354,0.64170873,0.94405264,0.57405496,0.3587169,0.26640514,1.1196611,0.78678626,3.4016092,0.91948676,1.0607119,0.45419368,0.53476334,4.0299587,0.74533653,1.6659997,0.045332693,0.40523905,0.06808093,0.9758363,0.13206182,1.1968744,0.19114706,0.08580661,2.8056824,0.30042857,0.63903475,0.886145,0.001436399,0.33124825,0.32373896,0.46303138,0.014346575,0.46922714,0.3398031,0.54583627,0.42373812,0.13347405,0.29959747,0.25826102,1.5930121,0.13104205,0.4605332,0.6076814,0.2744351,0.771332,1.627376,1.1823809,2.0213764,0.15824084,1.3168349,0.6095184,0.21098724,0.47501642,0.81961596,0.8576225,0.23662882,0.1480747,0.0036439782,4.593925,1.6795238,0.79946035,0.8826533,1.2797177,0.39316258,0.025231682,0.050297283,0.16817838,0.20193237,0.21031141,1.5377294,1.286427,0.5988348,1.170865,0.48021075,0.40336218,1.0474982,0.5114556,0.54249734,0.55562204,1.1717523,0.8448383,0.442758,0.1520273,0.0,0.00058487355,0.6638934,0.81795377,1.3093354,0.53446406,0.40379497,0.13383138,0.26308897,2.2109303,0.88909316,0.09994291,0.7689242,0.12383246,0.12890516,0.079758555,0.07456552,0.3563268,0.34578183,0.376029,1.0897279,2.2153008,0.5729721,0.19673039,0.0,0.6672241,2.292373,0.22929846,0.943124,0.0,0.10141577,2.3895664,0.044677217,0.15918429,0.0025918959,0.1007727,0.47188404,0.013081167,0.7704181,0.038219128,0.093442455,3.862647,0.918791,0.8685777,0.44605237,0.11989158,0.25762072,0.89424443,0.95691985,1.4256486,0.6823696,0.3271169,all_pothole_images\pothole_images_optimized_image_298.jpg
0.019433452,0.4252175,0.39958182,1.1346301,0.19775994,0.09808295,0.81781137,0.07595141,0.6958151,1.6528897,0.17242229,0.22575024,0.0,0.69939727,0.0,1.1540357,0.09419969,0.4312456,3.9751344,0.5814514,0.12238841,3.4577296,0.9970579,0.9294084,0.55524987,0.84218955,0.003899952,0.10450794,0.0,0.7251814,0.034476615,0.0,1.1116617,0.0,0.55334014,0.5031476,0.24145122,0.24642426,0.016990317,0.30657142,0.0,0.07105257,0.33120435,1.7297105,0.22880355,0.8891167,0.8916324,0.0,0.06902735,0.022562273,1.4564072,0.38674456,0.17247678,0.35241953,0.37752798,0.40839696,2.5267878,0.19895644,1.8867081,0.17335671,0.14477102,0.987733,1.5178232,0.003672418,0.11772784,2.6302092,2.8780482,0.0,1.0396034,0.5237696,0.0,0.0741886,0.005417746,0.22581851,0.013291053,0.8235766,0.18701588,0.5633243,0.028163427,0.70023936,0.18935359,0.014154045,0.23809524,2.004008,0.4309676,0.06596951,0.1022491,0.03981648,1.6000017,0.8768297,0.01909982,0.48371902,0.0,0.0,0.008232138,0.0,0.9452668,2.4117823,0.5627618,1.2010183,0.008285205,6.721012,0.35708103,0.23049685,0.19984634,0.27453625,0.018474545,0.056522958,0.2189021,2.6310174,0.0,1.4234924,0.31820193,0.0,0.5730034,0.4655757,1.5314443,0.0,4.0741544,0.9417562,1.7822988,0.51729316,0.10913876,2.3204846,0.4539536,0.61221397,0.73604506,0.20209779,0.4736239,0.5190817,0.08295442,0.26463342,0.4150112,0.24221143,0.012343951,0.13737342,0.0,0.59042394,0.87060404,0.33831635,0.21312644,0.046770986,0.767829,0.5466957,0.15039083,0.11912318,0.11254357,0.49617508,0.2221246,0.20323588,0.09513487,0.11641096,0.07106419,0.0,2.6643548,0.17722327,0.9435725,0.9869794,0.04243214,0.0,0.6997342,0.041035656,0.0,2.4106612,0.29943803,0.0,0.90501493,0.83074456,0.37185103,0.7939884,0.14944029,0.020701919,0.0,0.048147447,0.844571,0.03377459,0.014195479,0.0,0.35459992,0.0042849104,0.20762916,1.2950752,2.4431674,0.9033311,1.8797663,0.0,0.7262152,0.2817382,0.66307044,1.1088078,0.5031177,0.019814275,0.06670997,2.4178684,0.715254,0.0,0.5838285,0.100552365,0.042328615,0.58818233,0.20600913,0.30733195,0.7524658,0.15824676,1.3229177,0.17363077,0.06429514,0.65984684,1.4718854,0.06747082,0.11167197,0.5521117,0.22074632,2.4636872,0.6285524,0.5314806,0.72312397,0.083519526,0.051551126,0.13615735,0.3196689,1.1159168,0.7473358,0.20700635,0.1533389,0.0038568357,2.4487324,0.14948946,0.79996234,0.03802274,0.007997856,1.6863453,0.043511994,0.037516277,2.0011375,0.0019652129,0.7767966,0.042859983,0.0,0.39233196,0.09130437,0.023113837,0.1271298,0.705691,0.32322592,0.0,0.32490215,0.005209981,0.81211215,2.2424774,5.897359,0.01879756,0.045481108,0.026479699,0.0,1.2565224,0.22557478,0.0,1.1999415,0.9035487,0.18447147,0.02813384,0.54935706,1.584227,0.1458428,0.40386456,0.00537349,0.14695238,0.08446733,0.3981182,0.59934443,0.024712967,0.0045136283,0.47924796,0.46879718,0.02687007,0.48665738,0.20978516,0.03113339,0.013781158,0.47002023,0.42774853,0.0,0.3204928,0.05993944,0.0,0.12745081,0.72545594,0.3557986,0.0,0.3508054,0.39843833,0.103836484,0.6219384,0.048294153,0.56517667,0.17896925,1.3922404,0.0,0.9404275,0.0,0.2173593,0.17323382,0.0039917827,6.3449388,0.7154438,0.3821549,0.32824367,0.008050016,0.1292691,0.22754756,0.94910413,3.4759228,0.18131688,0.1568278,0.8265493,0.0059599564,1.8479759,2.055345,0.066529304,0.6395008,0.4599924,0.0015826192,0.0,1.0186856,0.76979315,0.88908774,0.12015728,0.51684755,0.0,0.47203958,0.56534106,1.9917186,0.072502576,0.22579874,0.7212261,0.7560153,0.23462489,0.010170027,0.92760247,0.3466437,0.42332396,1.2384691,0.013607802,0.43279856,0.008458372,0.056393754,0.0,0.10211851,0.18824,0.11421013,0.0009759661,0.9292819,0.3319102,0.09965264,1.6190329,0.2684176,1.3821863,0.0048313322,0.0031374758,1.0766135,0.3458012,0.599398,0.1998792,0.40850094,0.24207695,1.0736086,0.44082513,0.079019465,0.44379288,0.9637255,0.0,0.86980647,0.0065265163,2.4702828,0.0,0.00030694384,0.20973925,0.60714287,0.6968643,0.118786596,0.11143606,0.123603255,0.1439771,3.7719312,0.05287088,3.2705388,0.20440218,1.1259485,0.68996453,0.29775697,0.0,0.0,1.4263847,0.0,0.00944291,1.0171648,0.04004623,0.47979793,0.014711759,2.2994416,0.5261811,0.05716426,2.4657059,0.0015579691,0.32427856,0.04102594,0.28047195,0.22318453,0.26907092,0.035799097,0.31846634,0.013301388,0.62558734,0.02676032,0.36701533,0.5614632,0.36173683,0.03614253,0.23525235,0.92163527,0.032876045,3.603652,2.4048963,1.1604389,1.5293341,1.8835871,0.24103959,0.8511421,0.023566773,0.43560892,0.5041321,0.004035287,1.6045527,0.10465256,4.884011,0.36732095,0.053888816,0.6707452,0.2717945,0.23887593,0.018902171,0.3401932,0.46577427,2.2157185,0.19288251,1.8111725,0.21785396,0.0,0.63208216,0.0016204277,0.124652065,0.41991416,0.4511724,0.01639929,1.3426137,0.3553617,0.10752727,0.1905908,1.5111399,0.6451445,0.054555234,0.223032,0.120806046,0.21351607,1.0693958,0.0,0.21797621,0.016273485,1.2885522,0.82312137,0.18518794,0.48718417,0.17479345,0.18511593,0.59268713,0.29036948,0.7121691,0.5190633,0.30268034,1.3998013,3.378867,1.0183198,0.061245117,0.0,0.056697425,3.7000127,0.15910497,0.111884706,0.042893272,0.501834,0.589608,0.4119549,0.0070138127,0.0035859176,0.059629157,1.9432462,0.02283891,0.010868432,0.08809516,0.19921446,4.5290427,0.38420638,0.14395942,0.091551505,0.7012408,0.0,0.40994075,1.6229311,0.36775455,1.195653,0.12654717,all_pothole_images\pothole_images_optimized_image_299.jpg
0.24422102,0.714977,0.1708437,1.1969718,0.21406993,0.34337926,0.36690184,0.26844403,0.2298403,0.4498677,0.5120255,1.19436,0.14236447,1.042504,0.048853863,0.2190257,0.12916972,1.0164505,0.06850201,0.08352256,0.8261145,0.2475357,0.18584807,0.58134043,0.7484754,0.68199426,0.50175226,0.8790438,0.16299736,0.21181896,1.2551457,0.5679546,0.0,1.2214845,0.12981856,0.39697844,0.080449596,0.27992433,0.20802015,0.61158633,0.06119695,0.3059732,0.1807689,1.8020701,0.3676247,0.29100764,0.51511353,0.14805505,0.0,0.06465646,0.1874224,0.57020414,0.76192385,0.18860635,0.11694614,0.07930377,0.16704644,0.85760665,0.48123825,0.0048486846,0.93893594,0.101695426,0.0,0.4494543,1.4777122,1.4612875,0.0021248194,0.06940965,0.3776915,0.07783495,1.0551808,0.21624294,0.3490502,0.102248296,0.2124368,0.0,0.30158088,0.40188628,0.0,0.0045854575,0.03309492,0.6895556,0.5913903,0.60859334,0.27683544,0.7665314,0.07566024,0.030635223,1.0356917,0.03246535,0.17518044,0.03353958,0.15279433,0.47739375,0.89658993,0.5098774,1.1025982,0.0031565751,0.55959475,0.1084387,0.09836057,1.2419891,0.010920415,1.3265901,1.1020126,0.10790842,0.21929394,0.95368564,0.21211542,0.519044,0.02727396,0.8026176,0.11852841,0.63100964,0.27214834,0.6407758,0.8735258,0.4919065,1.2245251,0.15409195,0.43528882,0.4652272,0.20746027,1.9470685,0.6440395,0.10577355,0.15490095,0.02795601,1.8790121,0.3747612,0.113411725,0.3486981,0.11918849,0.3512036,0.018230028,0.24504289,0.014937624,0.14608431,0.947906,0.15671164,0.0,0.5261191,0.75885135,0.79673976,0.37725568,0.5512045,0.065793276,0.27622312,0.2954711,0.06567002,0.17940766,0.0,0.009507026,0.2738871,0.8431974,0.13551961,0.017184725,0.49180314,0.68228984,1.192335,0.4254059,8.0754795,0.045429483,0.29268703,0.4425874,0.00037172885,2.666718,0.30754533,1.4561148,3.4269114,0.0,0.17552449,0.20931917,0.0024762952,0.1823697,0.0058543957,0.24222504,0.55305743,0.156846,0.31798425,0.0,1.0016087,2.542998,0.5249801,1.1525874,1.125164,0.5350256,0.069512844,2.3028994,0.19618705,0.114799805,0.006225666,0.6353669,0.3587387,0.8436284,0.11494457,0.8010933,1.5062776,0.1670186,0.09101796,0.22296345,0.5540554,1.4695731,0.18690944,3.1957755,0.086972214,1.8026611,0.043926276,1.2017447,2.2678576,0.02774091,0.6274235,0.8149855,0.050290223,0.63097376,0.39496097,0.28668892,0.14812554,0.1349238,0.0,0.7657868,0.5971825,0.32730553,0.2550871,0.10027593,0.22383988,0.14087476,0.18410087,2.4880383,0.6218557,0.31351,0.17849177,0.058898967,0.33766916,0.21791756,0.39612392,1.0504651,0.4343568,1.3930947,0.28366867,0.58770025,0.3879284,0.22133611,0.27351502,0.08887205,0.3857097,0.42728257,0.93924797,0.7701679,3.0965524,0.6521811,0.12148849,0.10339486,0.13767391,0.20394312,0.112172045,1.0236572,0.16514961,0.034043096,0.38773003,0.19800703,1.5213583,0.17077833,0.048126824,0.45942983,0.6545092,0.49028412,1.475285,1.5617517,0.01192169,0.42982012,0.0008133686,0.39921102,0.47479752,0.7182949,1.4003302,0.05223424,0.46793175,0.06838585,0.3738411,2.1095002,0.0,1.2151417,0.24071798,0.21501003,0.51561505,0.3242426,0.19839528,0.013133633,0.12139591,0.0007244458,0.32968578,0.0,0.5934985,0.32495174,0.013198938,0.012592969,0.59482116,0.33704937,3.2648714,1.0118657,0.9539703,0.010441882,0.07394346,2.7983859,0.082439736,0.0,0.21318297,0.034235254,0.024089046,0.02903333,0.019744325,0.64783347,1.4111334,0.03634545,0.0044158767,0.4146491,0.71822685,1.9170289,0.5481952,0.17466909,0.00031498456,0.85475606,0.20566948,0.3016016,0.90484196,1.1953444,0.14434712,0.30227444,0.07476428,3.678757,0.23586906,0.95869535,0.012199682,0.12047461,0.20636904,2.8059928,0.16093202,0.43995252,0.16076514,0.14239731,0.9626175,1.4201239,4.387537,0.37431633,0.5853923,0.0,1.3831608,1.0079519,0.027689125,0.12446734,0.5017948,0.042453784,0.34331882,0.078617856,0.10447171,0.06786207,0.09583948,0.07150332,0.115279056,0.9641841,0.016479917,0.4537415,0.26523662,0.004451871,0.0066546192,0.48974591,0.97705245,0.0846549,0.71711326,0.17613634,0.13180493,1.0082517,0.6024205,0.35142803,0.6477356,0.82972056,0.39245954,0.2998703,0.0059093577,0.27146083,0.115440406,0.3702877,0.91272634,0.15834828,0.74508744,0.4314442,0.023491804,0.03518761,0.8714952,0.8680642,0.4745987,0.4112136,0.7788841,0.0373089,0.4856406,0.16034356,0.2673851,0.16258796,0.005862343,1.2493653,1.0706819,0.0026072224,0.003142023,0.77369153,0.10718562,0.8138515,0.47488862,1.2083154,0.334983,0.87940556,0.6978788,0.02519103,0.21974413,0.18757562,0.04476417,1.3268927,0.39916483,0.13057832,0.48701096,1.1345956,0.00047778361,1.5585197,0.55484784,1.4258108,0.21158752,2.1950245,0.49152496,0.19770578,0.034181725,0.15494148,0.13885118,0.058278374,0.0282065,0.027449766,0.2368908,0.122540206,0.88271415,0.55754226,0.16728988,0.050281856,0.03968528,0.1535648,0.15141849,0.0,0.0148607595,0.49268165,0.19466688,0.20446314,0.65304524,4.0677595,0.2552438,0.21489929,0.07671016,0.4043405,0.26179913,0.19174115,0.047122974,0.026313055,0.11983819,0.380338,0.11280859,0.041947637,0.14486969,0.16789639,0.6047654,0.01982686,0.16442423,0.26299626,0.058741298,0.17641611,1.3628677,0.17243621,0.034924664,0.030036967,0.031229997,0.53059196,0.10221126,0.48281574,0.0,0.22688256,0.94861805,0.23626482,0.32292047,0.0,0.15255778,0.10326685,0.23003496,0.5967808,0.0,0.873843,1.6562293,0.03663017,0.0,0.0012071256,0.31562498,0.5785407,0.02665995,0.0,0.13308764,1.2582932,0.06883434,0.79958475,0.25230262,0.17202431,2.932115,3.360174,0.94550526,0.034376547,0.43603286,1.3663676,0.18086396,all_pothole_images\pothole_images_optimized_image_3.jpg
2.2083652,0.13977532,1.7554281,1.9100199,0.974851,0.020629603,0.9598963,0.069095604,0.62696695,1.9203304,0.32598463,0.05754892,0.0,1.4996506,0.0,1.1222789,0.13998108,0.45374998,1.961281,2.2533064,1.1862711,0.02451757,0.36494744,0.87214977,0.4914971,0.06260593,0.3596624,3.2109542,0.41742578,0.5393173,0.47779447,0.6430012,0.03736615,1.084181,0.16218483,2.342433,0.13910112,0.53890926,0.76044184,0.018694794,0.83305156,1.1865504,0.23042826,1.3329293,0.5762592,1.3284848,0.2383445,0.012394843,0.0039133853,1.7535229,1.3974509,0.21283825,0.06865077,0.58772707,0.93902916,0.78120154,0.49724287,0.8547866,0.46491012,1.2567664,0.5351078,1.7293075,0.09562919,0.66786116,0.79068476,0.49423626,0.7151662,1.7321333,0.2646586,0.5786385,0.52792835,1.1367725,0.57687974,0.6026998,1.5200541,0.5197937,0.6687529,3.6533227,0.95089465,0.105209306,0.0,0.77669775,0.124362044,1.2623719,0.5480861,1.1278296,0.045401894,0.2891779,0.6879837,0.40830413,0.1313208,0.73309106,0.16013348,0.38268274,1.3612431,0.17515752,0.62842697,4.0053573,1.3242748,1.6114956,1.4315813,0.9997471,0.20918782,0.22030972,0.35918814,0.38908753,1.0366094,1.5839697,0.09483363,0.37283507,0.022456408,1.8681654,0.43616846,1.221012,0.20812741,0.30165017,0.06671087,0.20543136,4.077689,0.8643004,2.4489233,0.43575367,0.073149845,2.3114176,2.0434196,0.45476803,1.0202221,1.0944304,0.0020991827,0.40372434,0.009654085,0.115573294,1.7779263,0.6561902,1.1352028,0.85284144,2.0000172,0.50746304,0.5761988,0.049867686,0.090902165,0.0059549757,1.6398107,0.13421725,0.71956134,0.825686,0.5340752,0.10957384,0.43862978,0.74892795,0.6639932,2.7996047,0.18496445,0.23842163,1.6995125,0.5801412,0.5221116,0.08721733,0.22763509,1.7407389,0.3114606,0.2166089,0.33653927,3.103715,0.15814254,0.96452093,0.25525945,0.0625722,2.2419624,5.0341935,0.06996091,0.27243844,0.042969562,0.22095194,0.05595324,0.43081525,0.4061483,0.20323092,0.34261054,0.19113182,0.2507106,1.4001093,0.4592809,5.7534137,1.0177612,0.6996887,1.2781173,0.7123928,2.3743804,0.013981252,0.0016354582,0.8194377,0.03837401,0.16891868,0.28071535,1.808355,3.8325238,0.14415705,2.512852,0.20573804,1.1213812,1.9479103,0.22321698,0.3431983,1.2296963,0.07148847,1.22201,0.0044393814,3.5043807,2.8721125,0.21734035,0.28087005,1.138473,0.3267686,2.7606525,2.409008,1.0473803,0.10954788,1.7394894,0.33179143,0.70654273,1.3377105,1.5024488,0.71127063,0.090423085,0.3135539,0.11109912,1.4130263,3.217429,1.4686519,1.2718064,0.22786576,2.210187,0.6086423,0.81421304,0.1450108,0.72536314,0.41424745,0.06247648,2.4341674,0.724439,0.14169799,0.10105238,2.5285716,0.017770404,0.0,2.122388,0.17952514,1.0580765,2.5075603,1.7000414,1.1872332,0.0,1.4566971,0.80157155,0.34741285,0.8537881,0.6002799,0.100786604,1.8811346,0.5074763,1.2361994,0.5813681,0.40286666,0.18508182,0.26268443,0.25591832,0.41132432,1.8613157,0.33062533,0.043314192,0.44651952,0.7151388,0.2957704,1.4385906,1.8810608,0.51606226,1.4401214,0.20014258,0.62951076,0.053359702,0.95796996,2.0643845,0.0,0.09873833,0.8203752,1.054926,1.102059,0.8092885,0.3040636,0.031778794,0.76109266,0.0050836043,0.08930535,1.1740469,0.809229,0.50755334,0.22907329,0.10151214,2.1125972,2.1815462,0.11864241,2.1243536,0.006556505,3.7641475,0.26254275,1.0612724,0.49355292,0.7831103,1.5572916,0.91528374,0.0,2.5887933,3.1854074,0.85552865,1.5673624,0.0,1.8641958,3.9734874,0.122086756,0.7248729,0.29356566,1.3960184,1.0368688,0.2590829,1.4873201,0.7379922,0.0,1.1335454,0.79894054,0.9150381,0.059711084,0.22131935,0.53703904,2.0590153,0.4619234,1.3819366,0.5041098,0.78130877,0.41717368,0.44848496,0.043634795,4.3046646,1.4183336,0.20899689,0.6277089,0.26204148,0.104541905,0.5143745,1.2426236,0.26331687,0.15766568,0.043362413,0.54302734,0.2325088,0.15754937,0.23766038,0.24649706,1.462109,2.3665764,0.507757,1.7642345,0.7687725,0.9904134,0.43210605,0.21282063,1.4547061,0.2386179,0.23018509,1.2493283,0.6081106,1.330476,0.7624808,1.2981693,0.15992793,0.26182282,0.8102781,0.023150403,1.9401983,0.7215263,0.9113765,1.1484808,0.0930914,0.6500109,1.0986726,0.49224976,2.7368424,0.09797449,0.25972596,2.4495332,1.9341935,0.1054869,0.22431688,0.105743386,0.001228109,0.535681,1.0061706,0.037889175,1.4687837,0.22625238,1.7748848,2.984521,0.86500174,0.8625893,0.5914346,0.9311138,1.5784765,0.21586001,0.9462601,0.34285533,0.7779882,0.0,1.7102406,2.2530913,0.120710894,0.6215763,0.18189321,0.22230381,1.343657,1.603468,0.70299935,0.2109073,0.35660303,0.28576592,1.1216079,0.019640496,0.99152374,0.1353411,0.16702317,1.4649198,0.4424953,0.5092463,1.0681795,1.1463392,0.4425217,1.1372768,1.6724867,0.70734155,0.05261182,0.50728035,2.5751364,0.19717702,0.11211838,0.16289619,0.19434841,0.0,0.031168738,1.0976756,0.0069042356,1.2288053,2.6988833,1.7479488,1.277198,0.31206352,1.1541978,0.82383585,0.028309053,0.53445584,3.8588758e-05,0.44673067,2.3202662,0.08403899,0.9438462,0.20535198,3.6081493,0.07434508,0.06762806,2.6791404e-05,1.1769428,1.7003062,0.54680264,0.22207852,0.08481627,0.4426853,0.86061263,0.035637997,1.0894879,1.0320582,0.6405598,0.02978557,0.7261205,1.1000018,0.7657692,0.5673167,0.0,0.12464324,0.017078012,0.031169467,1.1281409,0.18187684,0.47921968,0.40700436,0.1300811,0.059037294,0.0,0.13583422,0.72760755,0.45852423,0.12470392,0.094412915,0.9462635,2.4056654,0.30700868,1.4385295,1.9638472,2.9613404,0.35747162,0.60804456,0.5197876,0.5419889,0.019892337,0.0012917022,all_pothole_images\pothole_images_optimized_image_30.jpg
0.39410132,1.7924204,0.44043785,2.1007407,1.3028227,0.346282,0.7213957,0.3594915,0.040014412,1.0791917,0.4055191,0.3237434,0.9252691,1.3615427,0.8806665,0.57090807,0.107021764,0.07794933,0.79637843,0.8763871,0.18432046,1.7939845,0.7003008,1.6189194,0.66830987,1.1701393,0.5389666,1.2296515,0.49464318,0.41828567,0.7104519,0.6288471,1.0716616,0.0035155376,0.9540833,1.6924597,0.5769236,0.21024248,0.011345422,0.3155728,0.0,0.0,0.71783435,0.9016219,0.39218283,0.24707237,1.8736391,0.23342375,0.040059365,1.3836395,0.12097709,0.59823483,0.39933577,0.37580097,0.46106416,2.2162626,3.130818,0.03457165,0.1058864,0.15814725,0.45741978,1.0448967,0.9381997,0.13661978,0.8799045,0.3455283,0.3936142,0.86735696,0.08781829,1.6136576,0.4271434,0.6960312,0.09788505,0.086922556,0.4082112,1.2734658,0.70401615,0.8429576,0.13469143,0.655619,1.0294832,0.25388736,0.068131156,2.07636,0.84341764,0.50782216,0.7708159,0.048453435,3.1247804,0.03830914,0.00526346,1.0752208,0.13318844,0.046386622,0.3576044,0.018035209,0.27753365,0.37460154,1.2656404,0.8738772,0.30517057,4.8513675,0.40101093,0.013308367,0.22252445,0.35940138,0.2048488,0.14812039,0.2326499,0.6561635,0.69626206,0.7775854,1.3185391,0.22781102,0.68907964,0.9480395,0.6312989,0.30717078,0.5899993,1.1926373,1.2804754,0.60218453,0.50334746,1.1909505,0.17934078,2.042687,1.7992607,2.308795,0.3695091,0.30684054,1.2188807,0.0,1.1030122,0.09940515,1.0227597,0.28803316,0.28879824,0.85232294,0.8201775,0.29575378,2.4261107,0.114823185,0.6469408,1.9043167,1.2694051,0.36904442,0.39635152,0.002391015,0.45775184,1.525647,1.0044209,1.4297323,0.1440306,0.4622432,1.2142266,0.4391187,1.8378034,0.13795717,0.22478618,0.7526299,0.73421144,0.28785074,0.04910037,3.2096214,0.0031126768,0.24970667,0.81170326,0.7085313,1.3609992,0.21381049,0.95141363,0.011018507,1.3856742,0.8330701,0.48391062,0.0046043866,0.445523,0.0,0.71062803,0.5979867,0.8765601,0.95237046,2.03215,0.7484721,1.9413154,0.05837993,0.029808056,0.6857603,0.39060768,1.5725499,0.6306155,0.54078585,0.37944165,1.1489303,0.023226662,0.28090015,0.0,0.061011855,0.036482207,0.941597,0.27280852,0.92883337,0.7648488,0.7847059,1.669243,1.5323296,0.52527237,1.5242426,0.24398756,0.29415894,0.27704898,0.7663565,1.8065635,1.753374,1.6979569,1.7722924,1.0039314,0.30857474,1.1322067,0.05707608,1.7587969,0.031063689,0.0789519,0.12967278,0.014971305,1.0089768,0.7055863,0.07221856,0.8429081,0.04691511,1.2343599,0.48849836,0.15905243,0.14679871,0.6524394,0.0005701591,0.78314567,0.14780816,0.032741085,0.34130704,0.7381152,0.02327142,0.038983487,0.17655678,0.19671765,5.3418615e-05,0.90253425,0.10620381,1.052232,3.3449678,0.7007317,0.48735574,0.56966794,0.19547682,0.2502693,0.6956854,1.2510532,0.0005567481,1.7143525,1.7971829,0.4814584,1.0646077,0.18648097,0.4802873,0.25225258,0.26590016,0.05895917,0.8377109,2.1003714,0.39037105,0.6724841,0.2115916,0.1565892,0.42126256,0.6257273,0.88729054,1.086751,0.09836645,1.7538844,1.2561343,2.3508675,0.082362466,0.3690151,0.62475044,1.0970588,0.22027583,0.08198364,0.34005252,1.4183753,0.5192358,0.5732051,0.41104636,0.035483707,0.57893056,0.24455035,2.1769798,0.64235306,0.019021245,0.4549595,0.63054836,0.22086446,0.4995423,0.48708305,0.49286428,4.690277,0.923821,0.14690253,0.45380825,0.24986112,1.6537665,0.22265925,1.0518454,2.4019558,0.6958112,0.8387101,1.0845513,0.16808861,0.56823623,0.8671341,0.110344574,0.009079909,1.3076937,0.034565154,0.28593507,2.1590083,0.9894168,1.0098965,0.16639888,1.3411256,0.3564514,1.7828599,0.34544644,0.52375114,0.42027223,0.38903847,0.03666739,0.75087255,0.21549068,0.06657151,0.6246696,1.0699275,0.88201106,0.987116,0.077517636,0.45821208,0.1754902,0.7075841,0.01329184,0.6466358,0.20367205,2.2363446,0.07834771,0.49962455,0.6072521,0.028713912,0.12618113,0.20148028,2.2247257,0.5447154,0.34362856,0.1371151,0.08442186,0.56842494,0.7447006,0.0,0.19001041,2.1703093,0.23783767,1.1726712,0.006245312,1.5147675,0.5104081,1.1652988,0.7565151,1.5083084,1.8288808,0.012189888,0.3925915,0.17872354,0.08369195,0.102948636,0.3053445,0.58600634,1.3834678,3.0054402,1.8085792,2.7164166,0.079399,1.4996792,1.397726,0.7305696,0.61873245,0.6169957,0.26931545,0.16036801,0.08588467,0.22752745,0.03256816,0.6536026,0.857942,1.1656529,0.61673146,0.21775697,1.0674672,0.27624345,0.15285474,0.25422674,0.7034317,0.017443735,0.8774535,1.4103817,0.22723714,0.4894113,0.46826878,1.2917476,0.9494423,0.9496071,0.6810253,1.3249128,0.022608193,2.1718607,0.7847018,1.2521026,0.65473825,3.2888463,0.5968728,1.0234874,0.58111185,0.41279626,0.6974437,0.9957253,0.040023834,0.026457362,2.1404457,0.49178395,3.9008133,1.2605916,0.3941615,0.048731696,0.20360267,0.83272964,0.7057814,0.061154436,0.36366215,0.53531736,0.5431733,2.3893263,1.003351,0.46143946,2.0663812,0.15412484,1.5256693,0.93964344,0.40715554,0.7235387,1.0622549,1.7653322,0.64744884,0.4952895,0.2764855,2.8190196,0.0,0.09027457,1.1278647,0.97392017,0.8017283,0.3072154,0.13446495,1.8689349,2.051107,1.6736331,0.814962,0.46067455,1.2104912,0.5381347,0.2717845,0.0007785422,0.6423478,1.611953,0.15044548,0.83229214,2.3132935,0.43819708,1.9450716,0.0571424,0.0130269015,2.016661,0.18065551,0.03203364,0.91711175,0.36751562,0.88330406,1.0355923,0.23700647,0.0,0.48628813,0.011467502,0.53563946,0.17342238,0.0,0.3415178,2.6476614,0.15725951,0.4069499,1.0792273,0.43521965,0.0043235556,0.47797075,0.24434048,0.21175893,0.18092795,0.14538577,all_pothole_images\pothole_images_optimized_image_300.jpg
0.83799183,0.2525381,0.017016822,2.8914235,2.880293,0.05339219,1.1111572,0.27898642,0.051682305,0.5433134,0.76233834,1.1345273,0.08238217,2.223948,0.03056136,0.22333167,0.15876505,1.3680941,1.9496012,0.26425362,0.61027473,0.69468874,0.21171236,0.41104373,1.8095006,0.089492306,0.26969898,1.3813252,0.012191936,0.26756102,0.032550104,0.18090096,0.03746408,0.47915053,0.11050705,2.7774713,0.9583288,0.42609462,0.44365606,0.030787261,0.25832292,0.14532502,0.37091485,1.3653879,0.3341511,0.5617465,0.28082952,0.027345628,0.36950433,0.92951125,0.5284478,0.5585844,0.3431918,0.089586936,0.29906526,1.1025604,2.4461393,0.24902947,0.43744725,0.21608107,0.35498363,0.012782761,0.41175154,0.29228097,2.2052076,1.1146883,0.63352114,0.03715725,0.18763651,0.43609723,0.17244111,0.035994504,1.1564033,0.529045,0.7618717,0.20736961,0.1646229,0.7055637,1.2805026,0.8762696,0.004377219,0.36368167,0.07081189,2.3222244,0.08602455,0.66491914,0.32971534,0.5149018,0.52974737,0.38692388,0.43421534,0.01000035,0.705039,0.11040641,0.039284363,0.0027310732,0.017591074,0.7088658,0.283676,0.79128814,1.343547,2.5548224,0.08989284,0.0,0.5575073,0.13036135,0.6706867,0.85119027,0.25873998,0.1427286,0.05017004,0.5597797,0.39895263,0.33619764,1.4111526,0.6705285,0.1085003,0.5644957,1.2703701,0.77507883,2.1303055,0.20804717,0.6130231,0.18567438,0.6344141,1.1968008,0.6877435,1.187947,0.27025062,1.4199455,0.3845156,0.18166703,0.13955942,0.31069383,0.83178633,1.4064206,0.6132749,0.90687585,0.0746219,0.03667469,0.73167545,0.41262233,0.31577262,0.29312176,0.31435424,1.4945035,0.23552644,0.6820112,0.2826809,0.21464601,0.6380115,1.0781289,0.28353408,0.2136591,1.4195656,1.5333223,0.9198917,0.97324526,0.39849257,0.62914807,0.44560745,0.5260216,0.73450446,2.2668488,1.0648799,1.5175961,1.2819748,0.21896514,1.2103543,2.570208,0.21843593,0.22232088,0.23460785,1.5627381,0.07770861,0.054350805,0.21402076,0.027222868,0.055457145,0.023289373,0.020065673,2.1840353,0.18218943,0.6665867,0.68573993,0.20205593,0.18246666,0.4991794,0.15500273,0.4978854,0.6916594,0.31292343,0.10664702,0.096124716,1.161395,0.90700585,1.1887894,0.1256892,0.42854288,1.4591743,1.1541333,0.20007563,0.99702126,0.0045217634,0.2570252,0.078022175,0.48040172,1.0766295,0.6559131,1.1071509,0.019358119,0.08220949,0.8564976,0.60836995,2.8655822,2.0109258,0.1327246,0.2811277,0.9617773,0.6486545,0.7477018,0.2683831,0.22540534,0.19111429,0.2006572,0.22701187,0.9397691,0.066025525,3.6050177,0.28906998,0.11919692,0.27410334,1.5457008,0.076690935,1.3225169,0.17020959,2.1047764,0.1613527,0.4040032,0.6457614,0.26043916,0.101500705,1.6039438,0.58195776,0.9300115,0.0012865448,0.8334343,0.28956896,0.608631,5.5410404,0.18662468,0.2857914,0.007485351,0.4162197,0.07398365,0.078879766,0.9650804,1.7417643,0.27371228,3.4038403,1.7083381,0.33407572,0.8785996,0.09673985,0.025034327,0.051732063,2.5576882,0.05235087,4.3542275,0.03115492,0.5094662,0.16736723,0.91782784,0.04170761,0.1543523,1.5654284,0.048602644,0.24044032,0.25391173,1.9885986,1.9641281,0.44630742,1.463564,0.029386751,0.049279206,2.2823362,0.65767556,0.43379593,1.137047,1.1025026,0.0,0.014873697,0.06805087,1.8031418,0.35008696,0.8965149,0.36591995,0.5167957,0.24925403,2.002184,2.190813,0.051798984,0.6608033,0.06564663,5.6211233,0.02774132,1.5249048,0.5931137,1.0738603,0.49815056,0.9195419,0.40674788,1.7071719,0.29860744,1.4382,0.19684944,0.07328037,1.5642323,4.0171285,0.49097356,0.3258344,0.2292178,0.41377467,1.2982918,0.0629841,1.1341909,0.12086274,0.14870712,0.56164354,0.079656966,1.0378944,0.6541313,1.2819594,1.1749341,0.0,0.12969935,1.9012055,0.08979546,0.27557585,0.63075,0.77181506,0.12510121,1.1575528,1.2570834,0.18169336,1.3282762,0.14241818,0.44665986,0.5157246,0.03919669,0.25536582,0.06507896,0.1950116,1.2330394,0.4190539,0.03527159,0.27307847,1.8198204,2.1960201,1.2513515,0.054289203,2.1867137,1.4533199,0.7415881,0.016968548,0.0,0.9219428,0.19170271,0.25355622,0.29279682,2.5795944,0.04193907,0.38313892,0.08925915,0.00097063516,0.5331769,0.889444,0.0,1.3960686,0.13576902,1.6398387,0.26011032,0.44298014,0.32517195,1.2721906,1.8131033,1.3459327,0.14566846,0.26666796,0.22241728,1.0714089,0.9619825,0.35525498,0.39768168,0.4998872,0.46133947,0.64321405,0.0283045,0.54976344,0.573464,1.2039337,0.6791832,0.8641998,1.1265646,1.0557103,0.20262982,1.7524481,0.31016546,0.77328897,0.15245171,1.441826,0.104054935,0.14927618,0.54421973,0.5786893,0.45956543,0.012585124,0.5028562,1.3196703,0.0,2.0796196,1.6601616,0.45347595,0.2274029,1.4698726,1.3005042,1.0189499,0.54641265,0.8697373,1.39963,1.2092867,0.10690888,1.736076,0.68350124,1.5229462,0.9666031,0.042614855,0.27491906,0.004972587,0.11927104,0.4022314,0.89311725,0.05488416,0.36061198,0.09497223,0.36744168,0.85962576,0.3683059,0.27973795,1.1296282,3.0310102,0.42073193,0.9536952,0.02163054,0.88359916,0.78517205,0.2621349,0.7392683,0.61176914,1.467604,3.4838324,0.12660007,0.6899857,0.24194631,0.89028805,0.009844382,0.46097377,0.098495044,0.8646078,1.2052823,1.3466797,1.6603812,0.0011191227,1.067746,1.6591834,0.3547664,0.36200416,1.1872958,0.6638964,0.071024075,0.018766457,2.090597,1.1767962,0.6907733,0.45254567,0.58446956,0.35043973,0.032158595,1.8409462,0.6445002,0.31496003,0.9883977,0.5659804,0.09893795,0.21602981,0.72852576,0.32305434,0.965434,0.45275992,0.8726735,1.9258893,3.888148,0.30084482,0.24291556,0.2559003,0.84374005,0.60850585,0.99038786,0.08309572,0.38974273,0.22975758,0.6057704,all_pothole_images\pothole_images_optimized_image_301.jpg
0.14900379,1.9234762,0.53686714,1.8864357,0.23334709,0.23245674,0.15498641,0.22541918,0.4539382,1.956792,0.26665014,1.010605,0.7511995,2.1711068,0.058376268,0.7683314,0.6631425,0.0046828464,0.23302028,0.2425035,0.46291256,0.54445237,0.880185,3.04164,1.411845,0.8631244,0.23919322,1.4222312,0.16181698,0.2425115,0.66197455,0.07010117,0.12839411,0.8996552,0.8294383,0.99213284,0.4636827,0.42121625,1.518592,0.2644267,0.3767694,2.3256466,1.0259079,0.44382128,2.606408,0.20750232,0.019036766,0.024011273,1.2856977,0.17530113,1.5041399,0.92425287,0.7583815,0.09606799,0.01521698,1.0601022,1.8131624,0.47041926,1.142608,0.7542331,0.5519432,0.18838355,3.2276316,0.84052795,0.22763646,0.18505962,0.38712794,0.7370562,0.32335097,0.1561132,3.609956,1.0266848,0.9348191,0.19971645,0.6072624,1.30424,0.21787359,0.92844343,0.54552716,1.5889221,0.0,3.225146,1.1354212,4.386805,0.19100352,0.7953174,1.6208694,0.6463198,2.532196,1.0243739,0.5899256,1.2204576,0.469458,3.2256606,0.04293509,1.4747698,0.6667255,0.9179177,2.2092245,0.915692,0.2646838,1.4391785,0.8651406,0.19699949,0.8063198,0.14525543,2.507239,0.6243686,2.2693322,0.29183367,0.7406297,0.39018834,0.47586823,0.8188995,2.1269767,0.8510229,0.36371446,0.5148829,0.09122599,0.14250815,1.6737795,0.87253803,0.834856,0.5386779,2.78901,1.476802,0.025134033,0.539577,0.44183522,0.6098962,0.03341031,0.92234117,0.9027777,2.1970427,0.7569631,0.36398128,1.2469089,1.1687447,1.2248132,0.7102549,0.51089466,0.84154415,1.0116522,1.9167509,0.3086697,0.4013887,0.60035866,0.43772155,0.08483073,0.07688555,0.14560486,1.0488377,2.3428652,0.025810147,1.4499792,0.7218751,1.5345659,0.49280244,0.054383826,0.5486199,1.3888693,1.3234239,0.064351924,2.3216815,3.498081,0.03647471,2.025944,0.44860762,0.9945203,1.5780773,1.623854,0.48476672,1.8169258,0.44408306,1.8128699,0.76221234,1.1581684,0.7535892,0.068266176,0.8475019,1.7723281,0.78729916,1.2947271,0.64015347,1.9891546,0.969236,1.9114741,0.26920694,0.75632364,2.246772,0.89660245,3.0969691,1.3376539,0.28549048,2.0421886,2.9096828,0.6914212,0.9955617,0.12431627,0.3655815,2.791787,0.63202983,0.39499614,0.17819265,0.8266302,0.26010308,0.1004252,0.015109404,1.038459,0.0007365863,0.55549794,1.0336386,0.38138634,1.3780133,1.4138526,0.08926341,0.39253363,0.22266512,1.5687393,1.086986,1.1717108,0.02204639,0.3475264,0.059052397,0.49062604,0.63605905,1.1739446,0.51097876,2.553264,0.8924517,2.1308587,0.6880585,1.203952,1.5343771,0.10119261,0.4618115,1.1249635,0.0,0.51684886,0.15382089,0.2718146,0.65778804,0.13084824,0.062669665,0.55375737,0.56760395,0.7001741,0.900316,0.12246457,4.076189,0.39397123,1.9785509,0.06915942,0.9603729,0.6922274,0.049286716,1.6193761,0.36789468,0.056606133,2.79038,1.0003257,0.6507951,1.4671301,0.024976151,0.26851982,0.0047421837,1.1715405,1.4396169,2.457378,0.082316525,1.3632681,0.0042175674,2.1105938,0.7484029,0.19549942,0.720839,0.6109347,0.6989292,0.584447,0.42813128,0.8964356,1.5637406,1.517062,0.7021078,1.3353924,1.2435771,0.5734786,1.2595901,1.3496778,0.10748785,0.15440546,0.36559373,0.1848121,1.2228032,2.7158508,0.80612874,0.9233107,0.34764275,1.0754967,1.2011826,0.046382274,1.0965006,0.48026523,0.29817265,5.8078184,0.90361714,0.23505294,0.018990599,1.4779721,1.6758591,0.0,0.45429564,3.7643971,0.5792737,0.5202989,1.1955333,0.56720275,0.33714983,0.98964316,0.24341233,0.71094495,0.23086333,0.7667675,0.107326396,0.24501765,1.1156648,1.8400881,0.69965184,0.66581345,0.9915215,2.9972732,0.13379204,0.08546356,0.06417605,0.26691175,0.44617245,1.4648544,0.06210235,0.8422756,0.07432018,0.86903024,2.1334121,0.88768566,0.16901225,0.6349946,0.21159537,1.5047632,0.07534049,0.9254074,1.4187999,0.16316584,0.32861975,0.4004795,2.1984038,1.148355,0.35918954,1.9207929,0.21314394,0.43951517,0.051228765,0.12438521,2.2748518,0.6565707,0.33850634,0.016656512,0.501916,0.96192014,0.8199379,0.14098185,2.5841389,0.43369237,0.5921585,0.3765689,1.5683818,0.46993375,1.4731414,0.38475752,0.32498008,0.5430207,2.1695063,1.7907737,1.0326596,0.41505045,0.942587,1.7506084,1.3979884,3.796388,2.6402206,1.3373455,1.577905,1.6688069,0.07313282,1.0783088,0.06876972,0.0021595198,2.2065616,0.7858374,2.3858159,0.0075607942,0.21468036,1.3442787,1.0758358,0.07700526,0.95775,0.38395908,0.2641273,1.3430737,1.0379609,0.23775965,1.0933415,0.5251741,0.26778027,0.11039044,0.6297464,0.6358,0.1572923,0.12383663,0.9667871,0.039003074,0.89224,0.36729077,0.19258615,2.2807488,1.2400944,2.4551563,0.5266079,1.0777297,1.3177328,1.116967,0.605644,3.3864315,1.0984987,0.09210201,0.59389734,0.14594427,2.4923394,0.5081981,0.74314064,0.9954006,2.3217416,0.86704284,0.5447132,1.6539888,0.12061479,0.40032825,0.11792628,2.1482403,0.83077127,1.6014109,1.6381729,2.4505227,1.0433387,0.63174844,0.0,1.2317247,0.7701102,2.2022567,0.5528351,0.99541765,0.16429399,0.90826446,0.484179,0.11374631,0.8205247,0.96229756,0.16429763,0.71188766,0.07533114,1.1048621,1.3517652,0.65524745,0.031848777,1.8551346,0.11872725,0.15284514,0.22879298,2.6512725,0.0,0.50653887,0.19350474,0.42380562,1.9987496,1.1688863,0.1978522,0.2624786,1.8334504,0.3575731,0.372855,0.4262819,0.0,0.28402275,3.1054442,1.0175098,0.11482852,0.2571814,0.8098654,0.40381104,0.3635137,1.0890635,0.8785562,0.7178335,2.7048862,0.016319938,0.195611,1.5392774,0.08507323,0.40531114,2.0595906,0.61251855,0.22093646,3.5556052,0.35031307,all_pothole_images\pothole_images_optimized_image_302.jpg
0.15464823,0.06985222,0.06672331,0.6097258,0.2652546,0.14080739,0.2118782,0.03291371,0.35731646,0.21478383,0.13183615,0.5223053,0.061815303,3.8661635,0.8043221,0.32247937,0.44240513,0.081342325,3.23824,0.04202778,1.5931784,3.6785035,0.47176114,0.03829152,0.33130932,0.22170016,0.6068621,2.11452,0.0,0.08494763,0.42175612,0.0131864995,0.6461342,0.15521352,0.6426258,0.0049760966,0.7279821,1.9280428,0.5630306,0.18577927,0.008102501,0.549912,0.36508828,2.0349903,0.114041135,0.8717161,0.14526863,0.023099199,0.23504655,0.52126515,0.58357644,0.2540349,0.20574851,0.070925295,0.0,2.0066278,0.9264355,0.0,0.375615,0.09372404,0.05425179,0.28010204,1.0048188,0.18257453,1.9267672,0.8781604,0.5028593,0.44663253,0.73151803,0.5827442,0.5689618,0.24822468,0.3037112,0.79268926,0.52164495,0.032519188,0.4479471,1.0266758,0.5418842,0.09143332,1.29045,0.07905308,0.2835433,1.7648809,0.40640265,0.31551754,0.08415432,1.087204,1.3214796,0.08582621,0.47022402,0.20266339,0.1273212,0.46676245,0.0021979678,0.0060866005,1.3837684,0.49527377,0.9418015,0.10153516,0.29103088,1.9041371,0.055102207,0.00049925124,0.09350718,1.4726682,0.6760723,1.1897843,0.5941373,0.6353012,0.038805358,0.86326563,2.2725017,0.17558828,0.2834213,0.7527162,3.4110935,0.04729072,0.8413387,1.4404583,2.9850082,0.28563437,0.2081001,0.677124,0.14751412,0.030048387,0.3733652,1.4210968,0.26425618,0.022515718,0.28922528,0.020891976,0.8431466,0.48861146,0.26500362,0.5445452,0.2587674,0.62987787,0.43570524,0.14204559,0.67655563,0.28063518,0.0,0.63467103,0.14537197,0.403927,0.27557752,0.22508858,0.25423327,0.04723359,0.08294002,0.8386818,0.18458849,0.79868203,1.1859134,0.13307664,0.51794386,0.45522875,0.2110098,0.32712558,1.5109326,0.04396616,0.12342676,3.549462,0.49382427,0.567466,0.99297565,0.7480039,1.3708328,0.10561886,0.11339516,0.103187084,0.08946104,0.16802464,0.57689774,0.07276512,0.23370497,0.37351912,0.6285131,0.81898844,0.6565806,2.7191622,0.65925115,0.0064747306,1.1107805,0.30520344,0.10504755,0.52254766,0.000107673055,1.0451185,0.031035865,0.060557704,0.5308949,1.3225282,0.05325062,0.0,0.19614805,0.4483616,0.37811476,0.6673875,0.49890828,0.45867375,1.7970741,1.065601,1.3719851,0.04515934,0.14073892,1.1961591,0.5981782,0.0012242619,0.0,0.044015843,0.5890945,1.3646848,1.1965003,0.8381585,0.3808955,0.2743168,0.69895476,0.7733582,0.011857624,0.72277325,0.40929997,0.12635665,0.5625625,1.4910544,3.4339523,1.0058256,0.38424963,0.096772,0.110146634,2.3748956,0.204145,0.6181266,0.14109917,0.047861148,0.4918344,0.21083216,0.53662145,0.94983906,0.038033646,0.0,0.11215542,0.32582912,3.6392977,0.0042211595,1.1704913,0.1054959,0.078593686,2.0393157,5.680976,0.054716747,0.7178928,0.44577858,0.1338753,1.1862565,0.21477929,1.3654004,0.6103289,0.5239729,0.56571484,0.25625604,0.349335,0.6659048,0.43330967,0.9924377,0.5712472,0.925996,0.39385128,0.20460978,0.2502523,0.49126986,0.16466439,0.28566575,0.4607232,0.3243905,0.43555543,0.21869147,0.9937538,0.7497521,1.7264606,0.28430286,1.0508323,0.16108519,0.23832794,0.59572333,0.54571813,0.20626095,1.7189053,0.29248825,0.030042216,0.3102478,1.6793885,0.58292425,0.20206597,0.51256394,1.6108652,3.4872293,0.00542993,0.040206663,0.08194548,2.1865144,0.7316204,1.2766123,3.9360063,0.72132236,0.28865337,0.32459435,0.00041143922,1.0246662,0.38416234,1.9707361,1.8409221,0.95663005,0.044129916,1.6878036,0.27387503,3.0842116,1.5663419,0.19560817,0.8092089,0.004812937,0.04160692,0.011317243,1.0437199,0.1737382,0.08752207,0.003624757,0.37005234,0.118288144,0.6741417,2.239571,0.0,0.4728581,0.45117217,0.4375234,0.18783729,0.3954659,1.2536836,0.0,0.50655013,0.78074807,0.2811955,0.0,0.02254775,0.27222708,1.0218246,0.06382561,0.34017935,0.8928453,1.1230166,0.19151561,1.5730906,0.52716964,1.3452802,0.7965719,0.17483796,2.0828881,0.51834905,0.08770572,0.91388667,0.47040915,1.030205,0.031435348,0.0027599607,0.0,1.616885,0.46142375,0.07134611,0.06266702,1.8752173,0.15502584,0.47174516,0.22795744,0.81770766,0.014119336,0.23303388,0.5206239,0.04690563,1.1296747,1.684077,0.002776525,0.68689597,0.25068676,3.2358048,1.3641713,1.1183586,0.008134572,1.1564616,0.5559245,1.6034101,0.13967103,0.082369335,0.47838303,0.5354597,0.51530904,1.3767326,0.46452466,0.19294898,0.13176857,4.043896,0.2814475,1.1093905,0.4579603,0.41992122,0.10209698,0.16816974,0.7585611,0.6772854,0.27429718,0.6334709,0.083692424,0.65948856,0.621748,0.5090079,2.368988,0.4741938,1.3118052,0.20222259,0.0,1.1765662,0.044497002,1.10713,1.1452491,1.6266283,0.39360902,0.3599691,0.73867315,2.258197,0.6551643,0.03344337,1.4146321,0.057273377,0.5451789,0.060150176,2.934538,0.73158693,0.002964894,0.02930911,1.0528613,1.9344887,1.630464,0.70239204,0.9475844,2.3220983,0.33069357,1.4072851,0.40445176,0.5652327,0.10828883,0.016125496,0.19432542,0.051892933,1.2806909,0.3504336,0.8340353,3.0917532,0.770664,0.89221245,0.31058705,0.5890137,1.3848886,0.86089844,0.6769486,0.12375883,0.96715015,0.08137149,0.013528401,0.58671016,0.0,2.0045762,0.25161284,0.1212987,0.4822633,3.7739599,0.19125995,0.3286645,0.5157244,0.14642921,0.0782698,0.5099571,3.5423098,0.5158699,0.6916584,0.38690224,0.6005095,0.92936146,0.060262933,1.446082,1.8462683,0.37342256,0.074474595,0.35992214,0.57888657,0.65007955,0.0039010933,0.5978929,0.32072553,0.061644934,0.31045675,0.32251948,3.3627636,0.21901217,0.91737145,0.5816115,1.0811813,0.068924956,0.30834797,0.13342181,0.5318062,0.1586989,0.7303936,all_pothole_images\pothole_images_optimized_image_303.jpg
3.3332126,1.4158722,1.6476341,0.6839086,0.91885746,0.15585122,0.62989867,0.08216791,0.07777667,0.7964922,0.78444874,0.8618731,0.70198137,0.35199043,0.6511371,0.5884928,0.29501086,0.019539448,0.8475994,0.007979449,0.68195635,1.2825302,1.5451993,4.230499,0.6820957,0.039347336,0.010580335,0.48708144,0.41254684,0.56851244,0.042972438,0.21528353,1.128914,1.3207531,0.34074938,0.77568597,0.60601556,1.2351437,0.9686119,0.1624958,0.060569793,0.06010909,0.49044305,0.39562556,1.6155962,1.1384715,0.34525684,0.4482184,0.49553618,1.0492545,0.94414425,2.201241,1.2883202,0.0,0.007214849,0.33715042,3.5009873,0.03479676,1.4304501,0.65632886,0.08444157,0.060044527,0.81507885,0.26723626,0.8480422,1.2116146,0.042761996,0.24590577,1.0228161,0.06982374,0.24071503,0.009052391,0.4762048,0.42843008,1.5978969,1.4610944,0.33433568,0.61416364,0.005662108,0.1992156,0.27008542,0.26229084,0.5054128,0.6181726,1.5114446,0.60841054,0.049674008,1.2004944,2.92124,0.8986527,0.32795668,0.13931906,0.24154183,0.17101893,0.52133405,0.69761163,1.5129213,1.9712443,0.79400915,1.2656895,0.0,0.6303985,0.4819165,0.04445083,1.15424,0.18285269,0.8011658,1.1313207,0.33363768,0.9889671,0.011554791,2.882772,1.8549939,0.1010272,0.05841945,0.99718404,1.358035,0.53941697,0.023766678,1.8544047,0.9203362,0.30247286,1.1421987,2.1172936,0.4881014,1.8976839,0.18982665,0.51087177,0.896253,0.5806575,0.6089142,0.006866039,0.23357789,0.022607256,0.04125588,0.37272128,0.17749418,1.6196637,0.72215855,0.45567968,1.7015704,1.1718228,0.14468615,1.2203816,0.45123672,0.61444294,0.04131916,0.4524149,0.22922811,1.3882179,1.1956472,0.17744747,0.26884407,0.10611537,1.1923054,0.19671054,0.9886286,0.07795187,1.2937795,0.71147203,1.4374639,0.6384539,0.55510646,4.2357683,0.84922314,0.490261,0.055731747,0.14793259,1.0275235,0.0006073143,0.11310664,0.0,0.008194349,0.012124665,1.6189567,0.15797724,2.2141795,0.0,0.031145124,0.4694271,0.05982929,1.3095145,2.2525754,2.770229,5.129867,0.15723442,0.13914594,0.5875389,1.4354805,0.7783218,0.38842952,0.93411463,0.008550733,2.0083005,0.46229786,0.44739005,0.498112,1.0434827,0.8633253,1.5887498,0.46442124,1.0152513,0.04817561,0.1179201,0.51924294,1.9885587,1.6181363,0.58602834,0.7732038,0.17384501,0.0,0.7258131,0.11806009,1.2388829,1.733134,0.9270325,0.40966126,0.080560945,0.45895463,0.123201,0.5379223,0.022498807,0.13824627,1.0951341,0.0,0.3531451,1.5380427,0.050519705,0.47316742,0.077205434,0.058692,0.1381434,0.34323907,0.23228636,1.4905977,0.043326303,2.1707792,0.0,0.12591279,0.026896505,0.4214398,0.38656405,0.8842197,0.07156588,0.1976517,0.0,0.92352945,0.31134546,3.6337492,2.447861,0.025494918,0.0007099909,0.37966588,0.9936723,0.1272953,0.0,2.026717,0.23387669,0.11043968,3.3296888,0.056392446,0.061443593,0.43807998,0.49565715,0.5858514,2.0578506,0.09111144,1.1716993,1.7000377,1.2833382,0.38442972,0.0,0.39455834,0.44559962,1.0109199,1.9663665,0.5061604,0.587398,0.22477329,1.1644791,0.0,0.676741,0.76962763,0.17053293,0.4906271,0.58069193,0.25486305,0.25585052,0.34592456,0.21320821,0.8995654,0.035013754,0.5687895,1.8537099,0.4362186,0.16517353,0.7310026,0.5672968,0.80128163,1.6026301,0.82063556,1.2941325,0.13219896,0.33886725,4.5517545,0.6822441,0.0,0.7530104,0.3031231,0.608356,0.0,2.3006968,5.4222484,2.034327,0.0,1.1445587,0.0,1.744509,1.737755,0.4054619,0.6972235,0.40474287,0.17128368,0.09606966,0.49695933,0.55133414,1.499439,0.007465284,1.651611,0.54544216,4.3216314,0.46546912,0.0,0.010879813,0.06543018,1.0972806,1.0773673,0.7882108,0.58421177,0.4413379,0.72022,0.53750634,0.78057206,0.10734037,0.32656696,0.018920697,0.3009064,0.100784875,0.05601802,0.3033247,0.0,0.8934916,0.014672126,0.08074331,0.6431221,0.0066974205,0.7896584,0.64900947,0.11515983,1.3635051,0.7062485,0.4049379,2.2894545,0.37024942,0.0,1.2950574,0.906603,1.3541774,0.25844425,1.5794165,1.1736951,0.5533764,0.33684987,0.31276157,2.5759444,0.9251804,1.1377528,0.20512088,0.5004585,0.54285806,0.20752546,0.00073184667,0.9518744,2.0663767,3.3130178,0.95783794,1.0675361,0.26002184,0.0,0.87645584,0.7399224,2.6829636,0.8202433,0.19373512,0.5160213,0.1761143,0.86417437,0.38636613,1.263884,0.43931836,3.07262,1.1203854,0.35721415,1.4129158,0.1378306,0.00080055615,0.76219785,0.062471725,0.7670102,0.277873,0.27268827,0.8160042,0.08967982,0.2941266,0.22649628,0.49814114,0.47830823,0.09014353,0.84259963,0.27414525,1.1478028,1.1544448,0.6378843,0.37304983,2.1838195,0.031625412,1.1957984,1.367336,1.6665833,0.80167276,0.1735826,0.61497927,0.7537773,1.831874,0.19997148,4.0095825,0.6536916,0.8257218,0.8422447,1.3118416,1.0106224,0.18479215,0.31948292,1.005265,0.0,0.023729054,1.2172201,0.21983765,0.21686536,1.3856274,1.0629504,0.30779612,0.49307036,0.4103498,0.73522294,0.9392549,0.5517271,0.34927928,0.2549777,1.1503291,1.1700287,1.1350127,2.2060916,1.2901282,1.1545532,1.0026863,0.5645124,0.07188252,1.502944,1.456659,1.874582,0.3768255,0.14467439,0.17081489,1.0460253,0.23473231,0.100676,1.1895558,0.30966672,0.059952475,2.0258048,4.9610043,0.9778984,0.5201525,0.011389455,0.7947948,0.7939736,0.671912,0.46259567,0.079844296,0.42114383,0.31888974,0.19425882,0.13430391,0.2273011,0.25948593,0.3825599,0.0060977144,0.8734391,0.31978777,1.7047002,4.4156985,1.2836914,0.081385784,1.2460618,0.8119279,0.0948377,1.8596393,0.03765153,1.1872416,1.7494329,0.3328781,all_pothole_images\pothole_images_optimized_image_304.jpg
1.1199062,1.4810603,0.37949562,2.090074,0.59782416,0.19987176,0.27567273,0.003018863,0.16529383,0.48253444,0.22532955,0.05709587,0.14609131,0.5001157,0.2886304,0.39458963,0.07167352,0.0,0.33386046,0.9011791,0.43245077,1.7587478,0.84966916,1.2794772,0.6621145,0.7353995,0.057138085,2.508325,0.010881155,1.3648448,0.8853558,0.16704802,0.20999257,0.38525918,0.21855296,0.6908893,1.6918631,0.20935217,0.5920105,0.06702334,0.0010628218,0.44750112,1.3155922,1.1804258,0.71557415,0.50643814,0.37971577,0.4756721,0.31987438,0.1409719,0.6016061,0.83258986,0.42435685,0.41445684,0.030529581,1.1058706,2.6677625,0.003789465,0.24302371,0.082749724,0.02159574,0.42888507,1.0324032,0.7916959,1.0715506,0.3206874,0.14349672,0.0,0.0,0.5248531,0.5796997,0.34598213,0.10566411,1.0285753,0.47401738,0.59300536,0.13149725,0.19555838,0.0,0.31345403,0.35817912,0.8273886,0.5248504,1.368208,0.56179637,0.7081623,0.3275991,0.08635991,2.3227346,0.24568908,0.1522438,0.017835582,0.2964957,0.1150322,0.02416312,0.0,0.6768312,0.2571399,0.623931,0.6034224,0.00783389,2.3490021,0.9277586,0.052819572,0.33092612,0.0,0.6151101,1.0171856,0.107131466,0.7227176,0.39298812,0.34064627,3.9852183,0.17399819,0.5423543,1.6192968,0.7954372,0.0,0.20327675,0.36564565,0.14223114,0.65842545,0.44550076,0.2021319,1.3447953,0.51216537,0.8393903,0.15956964,1.0981718,0.15520874,0.5001537,0.4717311,0.37126368,0.01644796,0.5144793,1.4018275,0.20306692,0.76490784,0.62073004,0.000522879,0.3166827,0.22926065,0.04818861,0.25081962,0.75253665,2.4526727,0.016503474,0.21157782,0.37306628,0.44169036,0.41481,1.0045444,0.44655067,0.32244307,0.84625196,0.20565192,0.19808325,0.072469674,0.98225003,1.1095761,0.45697784,0.15196554,0.07668201,1.3332933,0.23510964,0.6990548,1.3500971,0.18251458,2.054361,0.17552051,0.46523616,0.42761922,0.2972116,0.12330316,0.26209056,0.63341075,1.7914556,0.035495747,0.7902011,0.03182321,0.017782144,0.43302777,0.9516966,0.6880824,2.5889735,0.0,0.18772237,0.8074987,0.5138081,0.32942867,0.74322003,0.40573037,0.26052976,1.9594178,0.6903069,0.00075527857,0.9357094,0.33381125,1.11026,0.636867,0.62619025,1.5249435,0.2574529,0.36338222,0.1123601,0.33963057,0.632009,0.47878373,1.3524879,0.14217494,0.0,0.31916824,0.3294886,0.3268648,1.2521825,1.4173692,0.22910032,0.13039228,0.23424016,0.24543779,3.7006006,0.0,0.3655454,0.037230603,0.01041544,0.8714226,1.6584494,0.0019636578,1.3316083,0.19301869,0.13527983,0.33757222,1.0531539,0.21666378,0.4293151,0.27584785,2.526366,0.2556745,0.3034824,0.5394827,0.28580016,0.006396864,0.081465274,0.29569995,0.13664556,0.0,1.1964577,0.62754613,0.805423,4.0730824,0.19751495,0.13253571,0.4731163,0.0,0.09638402,0.080552615,0.91486,0.115497224,0.21757272,3.5849683,0.4691925,0.16646634,1.0508802,0.14999098,0.078357354,0.29144695,0.5958589,0.80291396,3.338593,0.26518288,0.009730091,0.023355138,0.94173104,0.0230773,0.5144823,1.0527977,0.043350514,0.3299233,0.5798855,1.4082265,0.41292286,0.45307356,0.47680426,0.009896903,0.09835231,0.035812408,0.47638616,0.62166256,0.879702,0.23981032,0.42096165,0.24645635,0.3294101,0.7171975,0.0,0.58356017,0.6120105,0.5831848,0.07175536,0.5154247,0.21553874,0.27824044,0.038334165,0.15525268,8.709202,1.1337601,0.4242482,0.32967517,0.0,1.4620637,0.31354013,1.2261599,2.8009326,0.62580043,0.052057732,1.5639088,0.023628008,2.1568453,1.8613642,0.123784,0.48578012,0.42259488,0.09745987,0.4718315,0.23006189,0.28402105,0.84702414,0.047999468,0.4362464,0.31973967,3.5268753,0.023745028,0.13581868,0.19439946,0.1018204,0.23833959,2.142104,0.20429963,0.22380021,0.19233595,0.81969714,1.4026941,1.2554972,0.11835714,0.028895888,0.19323772,0.6319557,0.028348498,0.3177547,0.30624846,0.513012,0.010755309,0.32131505,0.17447875,0.56930375,0.0,0.6833098,1.7083044,0.2819274,0.54252934,0.10553224,0.663604,0.18171322,0.5027445,0.32751492,0.031082137,0.395763,0.6870911,0.37810904,0.083487704,0.56506914,0.20054214,0.19712415,0.276202,0.48792866,0.6994199,0.07195083,0.24253725,1.050482,0.2234428,0.4736551,0.069138445,0.25598434,0.3293898,3.9941456,1.8088175,2.2495325,0.05228725,0.12490039,0.45873967,0.37895676,0.18244885,0.12445374,0.08705849,0.33837354,0.37575507,0.18112953,0.0031980132,0.16023998,0.58744824,1.2210371,1.1404815,0.41245472,1.2501308,0.7861265,0.5005989,0.44946983,0.30321947,0.9344635,1.2267059,0.19919156,0.09537185,0.0,0.13065928,0.033696227,1.0905253,0.20573367,1.4607414,1.3082751,0.0,0.7735452,0.12133496,1.1794605,0.8930351,1.813046,0.8510582,1.759114,1.4085914,1.3687373,0.051649973,0.9731707,0.35945192,0.18257624,0.9621647,0.0,2.491705,0.08113304,0.5554303,0.0056289393,1.3074595,0.9782845,0.46300602,0.10917852,0.7117336,0.19709608,0.1433866,1.2256936,0.2772257,1.0384543,0.06229313,1.2229117,0.2371224,0.78253865,0.32669175,0.6755675,0.67402965,0.54190034,0.7852107,0.021041991,0.046361785,2.3074372,0.26202548,1.0050305,0.023478478,1.3056529,0.11103933,0.039366324,0.008901563,0.59324574,0.9518406,0.54340065,0.106862865,0.5461306,0.30853647,0.7303506,0.41116664,0.5407784,0.3883375,0.07787369,0.83497137,0.0,2.5691597,2.0102355,0.7926997,0.3523888,0.11114834,0.78533536,0.107210115,0.0745557,0.34753633,0.5987087,1.042074,0.005057427,0.45986098,0.03507908,0.24305008,0.48866042,0.013289978,0.029996533,0.08673557,1.407613,3.9205067,0.4616754,0.74972284,0.6850807,1.5281614,0.18113075,0.47596148,0.46512252,0.15187596,0.37056324,0.22921585,all_pothole_images\pothole_images_optimized_image_305.jpg
0.35969993,1.4071034,0.41520336,2.9786339,1.7303448,0.16207477,0.82108307,0.007471494,0.26037285,0.7741481,2.3614964,0.88472635,1.6200129,2.8263063,0.4295936,1.6738589,0.18102159,2.3793588,0.88090265,1.3557135,0.22293787,0.28006577,0.63277113,0.5383197,0.95487756,0.50837237,0.44359288,1.7006531,1.6689051,0.41469923,0.57900727,1.4397665,0.60131925,0.47930348,0.0038610033,1.1798424,0.32776973,0.9624598,0.44746032,0.5364526,0.029626057,0.10759815,0.6692708,1.661879,0.5939487,0.34178254,0.8695054,0.06793973,1.059359,0.23461875,0.6743944,0.54760075,0.45648226,0.5401269,0.2727904,2.1577141,1.425268,0.6522028,1.7363286,0.5094819,0.8949577,1.0361811,2.0603225,0.79779,0.90058213,0.67157924,1.0626384,3.0556216,0.05132887,2.2250586,0.63995695,0.019188253,0.5544657,1.210894,0.49040467,0.64184,0.62215286,0.47625482,0.04091532,0.9946557,0.08344744,0.027262786,0.40357652,1.5731977,0.41002864,1.1370915,1.0704231,0.009160391,2.5714455,0.5867169,0.10227548,0.745719,0.20851125,1.558599,0.6412331,0.544446,0.5651754,1.1159289,1.1549729,1.1237671,0.615636,1.5002477,1.2486142,0.5765035,1.6734656,0.06810993,1.7424353,0.75238776,0.8560537,0.86324656,2.0008378,1.8036741,0.04039674,0.7017345,0.9974902,0.8904524,0.7229105,1.4567307,1.2918823,1.3336906,1.7695762,0.33873704,0.33293602,1.0977975,1.6442614,1.9183834,0.6622818,0.49042732,0.63776696,0.5313477,1.0754834,0.044507157,1.4927548,0.3685861,0.2946555,0.6589455,0.8515828,0.7443662,0.18535246,0.21742092,1.4890034,0.54710495,0.7328698,0.25726998,0.5783018,1.200758,0.0,0.9222749,0.29991764,1.1948339,1.7989371,1.7924826,1.6663839,1.0426658,0.5722527,0.47703615,0.33407837,1.4641138,0.6222888,0.21511811,2.0313308,2.221674,0.021622118,1.8427236,0.75021905,0.26338053,0.64890146,1.5356177,0.65816575,1.2797469,0.84640944,0.65620214,0.49492678,1.5982307,0.7209938,0.21182944,0.50365394,0.44407964,0.64193887,0.19857645,0.44247428,2.3490624,2.7966053,1.2955964,0.6255987,0.693848,0.3346092,0.12128487,1.2154497,2.0641277,0.53463155,0.11568256,0.1906805,1.0201148,0.059950422,0.080338955,2.2681031,0.3590294,0.3707924,0.19817822,1.2117513,2.7576592,1.5417417,0.18431143,0.68608916,0.2032182,1.096961,1.5118355,1.222541,0.8805693,0.19617534,0.44500896,1.100932,0.10196007,3.6121368,2.4600377,1.5923494,2.4595554,1.9834709,0.33808744,1.8024703,0.4448078,0.5388459,0.4556003,0.21306016,0.7874525,1.1609967,3.5858176,0.76029134,0.6548205,0.61724025,0.7756692,1.1729654,0.27690664,0.35629043,0.09931346,1.406339,0.97312784,0.09475336,0.80919534,1.3993297,0.004337199,0.56525457,0.46052465,0.13189934,0.07645395,0.47973606,0.13323978,2.0841842,4.857964,2.3014054,0.2705416,0.3047188,0.030400716,0.55232966,1.1140662,1.1794406,1.2785344,0.5224534,2.2653012,0.94960785,0.5033793,0.50132525,1.0060153,0.21560778,1.7315755,2.190108,0.3926813,0.8981047,0.02186697,0.08027319,0.5050534,1.5815289,0.23422062,2.5424147,1.500572,0.04619329,0.6733841,1.6588635,2.087772,1.9633708,0.6656083,1.0944109,1.217631,1.4868065,0.3429306,0.4298152,0.5203374,1.4152163,1.548834,0.55261725,0.6853396,1.8087633,0.5855868,1.5322253,1.1459632,0.488236,1.1351722,0.28014666,1.2317355,0.95669734,0.3585354,1.5371877,0.86875105,3.8330388,0.3488786,0.42835695,0.6016863,0.52133137,1.1981522,2.9101145,2.3848963,3.651361,0.791179,2.1620748,1.3638341,1.1354902,1.555794,4.329254,0.2384332,0.59508413,1.1555676,0.8342566,0.761182,1.4093797,0.7389889,1.0569569,0.0015003985,0.2009596,0.258677,1.3843389,0.49147546,1.6252111,1.7548765,0.5211551,0.21983589,2.2338073,1.1210557,0.8077745,0.7454271,0.47609445,0.54360986,0.39170673,1.1643428,0.31322235,0.085527554,1.1793396,0.33928236,0.05436764,1.335754,2.4795635,0.67738736,1.4370625,0.28823608,0.054512374,0.30187207,0.23155546,2.0340621,0.34830958,1.3973634,0.80753094,1.2698914,1.1564155,0.40766555,0.07983156,0.15835132,2.012664,0.8262324,2.1025763,0.95687014,2.0541596,0.87522215,0.9253627,1.9643582,0.904829,1.7746329,0.13619214,0.8830806,0.537378,0.40463692,1.0495422,0.14626265,0.74260443,0.25564206,2.179902,0.72352654,2.0937684,0.1648285,0.6059952,1.8792348,0.117292695,0.8997714,1.3331987,0.119034275,0.12844047,0.53994894,0.8402904,0.47416055,1.8627914,0.4994534,0.55247027,1.2061402,2.077106,1.3102698,1.2636697,0.32927346,0.34913394,1.2973548,0.033227853,0.315198,2.6298888,1.4558268,0.7062264,0.27834642,0.98360175,0.9173785,0.8597079,0.4669991,0.8969577,0.0005749579,0.30418235,0.8674416,0.48190257,2.1492186,1.9716557,0.55701715,0.96517867,0.0031430458,0.52095336,0.6449781,0.78239846,0.93588334,1.078443,0.53673065,0.10269886,2.3816216,0.36188814,0.26603183,0.23056273,0.2152508,1.7924057,1.3006016,0.053549327,0.6845764,0.12116644,0.48117396,0.8097411,2.1052418,0.13180715,0.3343151,2.6566448,1.1098381,0.5025795,0.799573,1.230666,1.8021072,1.3282559,0.18797162,0.32786414,2.2241812,1.7854173,0.0011423263,1.5889573,0.3194551,1.9086864,0.52936816,0.51355845,0.050563097,2.2884872,2.3434968,0.6391054,0.5546373,0.4928283,1.2147747,0.39515984,2.0025768,0.4150213,1.4176844,0.7422366,0.15598859,0.9068734,1.7602973,0.7626371,1.7209535,0.023847857,1.4195251,1.5578009,0.8667872,1.4465429,1.1818265,0.7460773,0.9757389,0.32836837,1.0197663,1.0829176,1.2795593,0.022810224,0.09555248,0.93608636,0.10178391,1.0746725,4.1057677,0.26538587,0.89039177,1.5642575,0.10721127,0.5615421,1.182224,0.19030859,0.40728784,0.16723092,0.9574425,all_pothole_images\pothole_images_optimized_image_306.jpg
0.14951959,1.7454177,1.3958049,1.888532,2.1746814,2.3624964,1.0243082,0.6559883,0.18755285,0.38156578,1.0895743,1.176524,0.30025685,3.0645533,0.5749779,0.93630624,0.14875692,0.42724764,1.1430306,1.4794811,0.8367,1.1006464,1.7767133,1.6596845,1.3022493,0.14876375,0.6207002,1.444453,0.055359393,0.73034793,1.2564743,0.04484293,0.20152266,0.8996521,0.5941341,0.13152657,1.0974443,1.1981218,0.7560595,0.8655604,0.30757493,1.3106483,1.5740633,1.2968719,2.0426824,1.2778556,0.739378,0.022373723,0.88717055,0.06006168,0.8959662,1.0713283,0.57654124,1.8945456,0.1305383,0.6258497,0.74972737,0.580154,1.0385512,0.8045493,0.9895677,2.61945,3.0549123,0.3298461,1.3944402,0.40957794,0.28372115,1.0043498,0.6814662,0.21456656,1.7337902,1.2071264,0.44748777,0.24680834,0.20392628,1.5143588,0.55020916,0.2480184,0.5856863,2.3977237,0.25824735,0.7847572,1.8543589,0.89627284,1.878742,1.5432179,0.033199016,0.56492454,2.237274,0.6871114,0.39859176,1.3850758,0.9885034,2.4431229,0.16518658,0.10523529,0.1186264,0.52172345,2.0286822,1.0440899,0.23973764,0.97143275,0.49946746,0.41252875,0.47639087,0.7531873,0.53593045,1.3457125,0.060499225,0.5099593,0.7912878,1.1981133,0.48393112,1.852238,1.1039321,0.69368196,0.26594758,0.3879694,0.7643181,0.20746896,0.66898626,2.8251657,0.7403192,0.9164771,0.72743696,0.7203633,0.14260003,0.058675855,0.42059174,0.79415363,1.1347824,4.205831,2.772994,3.3667598,0.05567895,2.0015607,1.0532899,1.2052855,0.705351,0.43100795,0.10772019,3.6254725,0.62557644,1.6757479,1.6953328,1.9766959,0.93183744,0.8784872,1.0979484,0.7934148,0.0,0.8035781,1.6744839,0.030848905,0.14632036,0.11759151,0.0,0.73359305,0.9704334,0.7880882,0.5088674,2.701855,0.32662427,4.202673,5.3784027,2.4880648,3.4300265,0.20042175,1.0052314,0.8544305,1.7211463,1.4196192,2.1369984,0.3353161,2.600616,0.01323018,0.6970543,0.53548265,0.6465934,0.32290223,1.6241577,1.1079218,2.0129845,0.14342514,1.5170939,0.09034857,3.374344,0.86072385,0.8616216,0.884095,2.3696766,2.7474754,0.029650223,2.6538577,1.1816449,0.25791115,0.6981547,1.5109222,0.03663187,1.2921276,0.4599279,1.6451229,2.026158,0.775671,2.1650918,0.28073528,0.41215873,0.71194077,2.5259845,0.77895266,0.8532326,0.5688321,0.51013136,1.377763,0.084692836,0.052738696,0.68007326,0.35679236,1.2474009,0.051951926,0.78397787,0.377542,0.7512498,0.29800513,1.7606226,0.7331546,0.17500807,0.7506084,1.3919078,0.15710236,0.9792247,2.887685,0.41919333,0.18676315,0.16279347,0.39824077,0.5786971,2.2329147,1.0280997,1.251266,0.47661072,0.15642165,0.5580809,0.520085,0.9245794,0.41268164,0.3291768,0.43411094,0.20760748,2.6799798,0.57736945,0.2940945,1.2278765,0.74032605,0.27928078,2.0475605,0.123043925,1.0556666,0.9279424,1.199579,1.3861488,1.6165533,0.038043074,1.4844627,0.45013022,0.17806727,0.63914025,1.7442851,0.7981492,0.3095025,0.16031843,0.0057375734,2.0121503,0.5049897,0.35634688,0.34781408,0.624509,2.8856347,0.0076672584,0.6035238,0.26043573,3.055607,0.4065546,0.016716566,2.3660054,0.074385114,1.7095128,1.7381439,0.8850235,0.47863078,0.041957982,0.703804,2.1648345,0.14650255,2.2020395,0.5353553,2.1655521,2.984669,0.2335719,0.89348334,0.10244138,0.72813386,0.0077589937,0.5884283,5.156253,1.515445,0.07900031,0.4491977,1.8877301,0.3326342,1.5935029,0.3254234,2.9044223,0.7093865,0.28471482,0.6345317,1.0264473,0.13246505,1.6613955,0.6594706,0.14239572,1.4933646,0.39902994,0.14021957,0.50740504,0.8076223,0.10043002,2.0424547,0.32185784,2.2640183,2.8969648,0.28561026,0.5151469,0.32158497,1.2469895,1.3987106,0.690028,1.1650844,2.1610692,0.70364517,1.4174521,2.706758,1.4014181,0.19028334,1.532092,0.23713462,1.300173,0.25759453,0.13672017,0.56632686,0.81253254,0.30084667,2.4471507,0.28961274,1.4167106,0.7272255,1.9933509,0.2865919,0.48855582,0.22465324,0.6249744,3.3993535,0.20359601,1.9978714,0.05981148,0.11163369,0.8213325,0.8713576,0.24511267,0.8020206,0.5516518,0.5847995,0.7233622,1.9388343,0.093019105,0.35916397,0.53111374,0.9017993,0.5253367,0.7277307,0.9091171,0.004572909,0.8542365,0.81851065,1.1074016,0.6470397,3.4446554,1.8108073,1.4555453,0.85044944,0.54593337,0.0,0.23429237,0.7408161,0.14079466,0.14216626,0.11179204,0.5241344,1.2496103,0.19961494,1.9887744,0.25446972,0.11858554,1.1901525,0.47100246,0.24778521,0.7347502,0.87771404,0.21000214,0.70633525,0.2996305,0.7430105,0.9643749,1.6214372,0.23486362,1.0073569,0.6439096,2.301532,0.018010227,0.06409945,0.8815888,0.82831675,3.7255676,1.9351727,1.4905514,0.53540987,0.46630695,1.9583324,1.4126126,0.7191942,2.683618,1.4900753,0.9154221,0.25988242,0.6365385,0.49440652,0.97080004,0.6963229,1.5028725,1.9944524,2.0728166,1.742115,1.2357177,0.1659941,0.17589305,1.5298716,1.6863525,0.6307434,0.504782,1.0103899,1.4311072,0.18293104,0.8469638,0.49691322,0.16612577,0.40336865,2.1471786,0.1457349,0.78934467,0.08037149,0.5431513,2.6323354,1.0294385,0.45445737,0.59267,2.0437398,2.6145592,0.46195564,0.5344065,0.68342716,1.2805121,1.4383724,2.4133346,0.0,0.15267213,0.47461995,4.0263963,0.0011364178,0.6837191,0.6620389,0.28879642,2.0290017,1.4578731,0.1482436,0.0,1.2506332,1.7856919,0.70047253,1.3660293,0.06669289,1.5548282,3.2872756,0.22293346,0.9710058,0.62685394,0.4380359,0.64288056,0.03485048,0.3030072,0.5768377,1.9852606,0.59641635,0.3156726,1.7530282,1.6669072,0.27299997,0.11681983,1.4207261,0.112852834,0.8463468,1.2731671,0.9201104,all_pothole_images\pothole_images_optimized_image_307.jpg
0.020155855,1.1244408,0.11905277,1.7922404,0.5848116,0.0011203197,0.39362872,0.025035715,0.17863105,0.12877308,0.5081045,0.5214453,0.063959956,2.1780894,0.0,0.24780892,0.15756495,0.7166436,1.3155118,0.059466507,0.23924297,2.2168646,0.017176744,0.8484477,0.38381794,0.23373449,0.23338448,1.2246741,0.049266472,0.21905226,0.56128514,0.04339908,0.09938768,0.0,0.21733712,0.75396436,0.14622416,0.499135,0.20385554,0.5231188,0.012543516,0.0220167,0.22560824,0.90594083,0.9206622,0.020755148,0.12841697,0.06022142,0.2867778,0.3730085,0.47370186,0.05074362,0.135649,0.024067393,0.1953052,0.87614685,1.4056053,0.6177878,0.42224032,0.043842003,0.26564485,0.067249075,0.9109436,0.009471478,0.3541663,2.160347,0.68037486,0.026213069,0.5799062,0.71521914,0.08975998,0.22962023,0.15379721,0.0,0.19639304,0.2602662,0.0733985,0.3335217,0.011569651,0.27379665,0.020201938,0.015349118,0.14965524,2.243278,0.04458077,0.13937914,0.17115122,0.04050591,2.0006845,0.38904303,0.1567674,0.3871028,0.07218945,0.13274331,0.0,0.025248142,0.48067924,0.75946,0.29004395,0.06910287,0.36011976,2.4681156,0.70655626,0.022365404,0.1858327,0.7057323,0.1945399,0.034091335,0.0162934,0.19248985,0.020193962,1.3266387,0.007055522,0.03755311,0.2667001,0.1317151,1.8108187,0.2727659,1.7556956,0.3215228,1.3272214,0.20181869,0.27356353,0.025032427,0.16756563,1.1093242,0.13435052,0.06097656,0.6384829,0.3245122,0.34470418,0.03150664,0.21371228,0.13009281,0.042768635,0.42735633,0.11068741,0.06157241,0.6310538,0.009566324,0.41339406,0.49883226,0.0058304095,0.6887962,0.2861845,0.7562541,0.13156022,0.01863301,0.4027466,0.36456153,0.10538526,0.19390605,0.0043785837,0.06195071,0.92779934,0.016542867,0.17809118,0.047952846,0.017631983,0.08074107,1.376771,0.81193805,0.080031075,3.858467,0.655213,0.0,0.60125905,0.2946792,0.0661207,1.4157087,0.0,0.0,0.08329236,0.022218285,0.046424758,0.073249035,0.07699242,0.0,0.063877165,0.030920764,0.011598533,2.8711314,1.1275909,0.08687731,2.1177144,0.34564063,0.2985409,0.087979645,0.2209942,0.3975074,0.37912783,0.07344196,0.03325309,1.1639968,0.25955525,0.0019894333,0.46688125,0.1802118,0.054112863,0.47039196,0.3517046,0.73110527,0.6136298,0.25757292,2.2201247,0.49340472,0.05668499,0.34848282,0.27685237,0.21468179,0.029743617,0.07442525,0.8121385,0.4698498,0.681087,0.8531774,0.51555073,0.078380786,0.5429281,0.26342142,0.26068956,0.9537229,0.25549135,0.21019548,0.2530464,0.21974407,0.52407616,0.10595211,0.7942875,0.28235424,0.051671255,0.12352261,0.43548998,0.01947749,0.04936053,0.14543507,0.7319202,0.016284036,0.011791268,0.03834951,0.06309762,0.040206205,0.21321338,0.093667395,0.03313839,0.0,0.5262181,0.1644056,0.10264712,4.2247834,2.4782043,0.004157517,0.45555308,0.1008492,0.0061228876,0.21970451,0.59129786,0.30702716,0.78562176,0.87921065,0.3661164,0.07594508,0.047917366,0.5955344,0.15713139,0.22058277,0.5914615,0.18020296,1.0268545,0.31917897,0.05376873,0.015461362,0.079272404,0.10313638,0.57160336,0.7156838,0.31041148,0.5741628,0.2771485,0.4063962,0.95186394,0.085768804,0.17569475,0.15935916,0.5644137,0.5811295,0.22052044,0.43758026,1.5244632,0.25691742,0.008973974,0.0021601955,0.075217985,0.489885,0.5934785,0.07565364,0.31134152,1.1538292,0.3774506,1.107088,0.5823962,0.3990703,0.12046205,0.5573209,4.486735,0.0,0.12005364,0.7438146,0.18182102,0.5151272,0.6427457,0.3404096,3.172235,0.41597155,0.016944218,0.8116821,0.07954177,0.3452404,3.1956952,0.20654264,0.0,0.0,0.0584769,0.3892061,0.6137415,0.45663053,0.5558864,0.051465917,0.46852753,0.24652497,2.8242993,0.07395326,0.462813,0.00096177385,0.17007746,0.15503323,0.69527364,0.47673243,0.11264904,0.30412513,0.06268761,0.631703,0.5342315,0.3505481,0.18838808,0.26870522,0.0,0.12347408,0.56883746,0.6654112,0.14345737,0.022213494,0.013712471,0.58662957,0.00027204497,0.0571055,0.2043759,1.3175567,0.1821282,0.5099636,0.0,0.30764705,0.36955357,0.0,0.10749392,0.016346425,2.3842118,0.6265572,0.02271821,0.13013478,1.8907995,0.015261183,0.22547741,0.33588934,0.17092046,0.25640342,0.0,0.0,0.116181664,0.30371386,0.35822594,0.057637423,0.07832878,0.88998294,3.5782247,0.25001156,0.47895256,0.0,0.008944178,1.7103907,1.2825012,0.2901341,0.0027877453,0.1776118,0.08057855,0.0,0.5051566,0.04050771,0.21791492,0.08699468,4.422026,0.3723978,0.11838689,0.88564306,0.19026425,0.006621928,0.34100568,0.75794727,0.0137346145,0.009187134,0.0,0.21770747,0.56337315,0.22505985,0.13659249,0.018212287,0.2887605,0.007656049,0.078593366,0.014947069,1.2602363,0.34159553,0.15419218,1.6893183,1.0856243,0.41109067,0.127365,0.7921359,0.030814817,0.38037977,0.35125303,0.040568765,0.10052342,0.23579368,0.68462306,2.651151,0.10917404,0.4767113,0.19828075,0.3114839,0.13466033,0.116904706,0.018977696,0.34467384,0.7130043,0.079747945,0.53699374,0.502927,0.02316158,0.76865005,1.197682,0.2257929,0.7244255,0.088892914,0.49436343,0.7889407,0.11826907,0.29768276,0.6787763,0.5560178,0.77943605,0.1794454,0.5027324,0.025197398,0.62270707,0.2506424,0.2664055,0.12010576,0.45855778,0.4343725,0.55410993,1.421842,0.16180928,0.17516126,0.09351969,0.05708219,0.015948366,0.5903432,0.22566701,0.00025412627,0.2613069,2.216316,0.2731582,0.14477585,0.025328957,0.08388723,0.57390285,0.0060724653,0.9790319,0.13065007,0.85352606,1.582562,0.045970462,0.03468384,0.0024942472,0.24763253,0.07212674,0.16368434,0.009448932,0.08346829,0.32902208,2.4435937,0.26199442,0.09666174,0.020829782,0.5634581,0.08908524,0.15386786,0.753708,0.09100813,0.0312211,0.26607394,all_pothole_images\pothole_images_optimized_image_308.jpg
1.109616,1.0895652,0.3911311,1.5035598,0.116710365,0.43949053,0.15298231,0.037508983,0.07255636,0.61309916,0.65238184,0.28361624,0.24363622,2.0023131,0.6299136,0.05211434,0.023062848,1.6067446,0.12862542,0.68744266,0.7065707,0.9902972,0.3832315,1.1006993,1.3113054,1.2410995,0.8044404,2.043617,0.261779,0.05248606,0.40134257,1.017382,0.5789334,1.647865,0.49445808,0.18204556,0.31452805,1.601999,0.10479663,0.3121355,0.061979827,0.58768755,1.425887,1.3962501,0.31978685,2.192526,0.48475108,0.0047697816,1.8714129,0.28411305,0.3922007,0.12619716,0.37205142,0.044576097,0.19324435,1.0530579,1.305088,0.151407,0.7057643,0.018492281,0.16743399,0.16858873,0.8476202,0.5096135,2.222092,2.2475834,0.08739848,0.07870744,1.555608,0.41744488,1.6202943,0.75895345,0.63300306,0.8930413,0.778348,0.19609886,0.21709995,0.27452707,0.04678393,0.13803239,0.14356369,0.22743368,0.18168166,0.09100614,0.70808727,0.4385833,0.7307542,0.19920537,1.0931355,0.48579553,1.140479,0.32137948,0.3324742,1.0291531,0.10046569,0.10757648,0.76887083,0.7152509,0.7852682,2.099893,0.010368647,2.470889,0.91134936,0.36572292,0.26920363,1.3501927,1.1448491,1.1768396,0.17429914,0.87332547,0.118377246,0.52846074,2.1528444,0.8974089,0.48814896,0.21599065,0.87528497,0.30155963,0.7679667,1.3690552,2.0119226,0.20020142,0.34161523,0.6336877,0.68835706,0.3096812,2.4292734,0.59897184,1.7871971,0.4565707,0.65893704,0.025564643,0.00033527432,0.19194968,0.23309349,0.46904108,1.0587399,1.1459938,0.06555772,0.1805008,0.73030865,0.16234481,0.27691552,0.5327069,1.0347158,1.2870246,0.0062643755,0.85832304,0.8915647,0.24363436,0.50349337,0.47675514,0.18695831,0.027933136,1.2301563,0.26557392,1.3343543,0.16485031,0.417423,0.5843447,2.0941572,1.544483,0.21674177,2.1430311,0.016692622,1.092202,1.0348783,0.46367785,1.344396,1.9159844,0.16795653,0.09853252,0.67011464,0.14866246,0.2781815,0.954276,0.9529756,0.13708365,1.0999545,0.5735336,0.4152441,1.9411186,1.4282619,0.5519217,1.2155035,1.0438064,0.026805405,0.44836813,0.5797823,0.06854336,0.2700372,0.39066353,1.1356664,2.0421805,0.72191703,0.56640023,0.7091408,0.24771926,0.11504111,0.36290577,1.1399642,0.9380863,0.18060718,1.4624437,1.2300221,0.008609622,0.99104494,0.7782985,1.1579355,0.8902481,0.10819232,0.22466706,0.650179,0.096300475,1.2865996,1.115384,2.1353657,0.6005238,0.0,0.21815261,0.9320364,1.2162306,0.6683445,0.04079332,0.14353351,0.5396446,1.4030225,0.44694206,0.47777852,1.2822933,0.05521333,0.36679083,0.5368159,0.4595506,0.21698596,0.13936204,2.5272744,0.20333718,0.66793936,0.1676435,0.34023565,0.21767467,0.65600085,0.12421894,0.68003917,0.026652394,0.8357107,0.6417155,0.05113947,2.676303,1.2535838,0.10392586,0.5416889,0.17371142,0.03888149,0.58161837,0.74337566,0.38676217,0.4265231,1.6701632,0.78025645,0.4650071,0.3487453,0.5298567,0.094015084,1.0783215,0.107558474,2.2759886,0.9474331,0.4731668,0.07902918,0.04477827,0.22945233,0.8939588,0.20099367,0.20521554,0.31985757,0.42298943,0.4107088,0.92376816,0.715341,0.3388787,0.43149418,0.35377228,0.5442203,0.008419266,0.6476781,0.44856054,0.7545955,0.3299017,0.6422966,0.44319662,0.31405428,0.5194156,0.46825573,0.10272509,0.47334945,1.6472311,0.25750285,1.8409925,0.57808477,1.5077583,0.060292274,0.2683961,3.9957561,1.091468,0.0,0.17509764,0.15160163,1.1307715,0.38110745,1.7821991,1.0328432,1.1138694,0.9372982,1.4561081,0.0027525695,1.3238734,1.5497447,0.028153248,0.5367393,0.0030814311,0.33969045,0.24059111,1.2886258,0.27587432,0.4479264,0.100062974,0.5423525,0.24570824,1.5623863,0.6268259,0.05083591,0.5399283,0.38720888,0.3271131,0.46661377,0.8590519,0.94564193,1.359476,0.2678354,0.46728328,1.8989166,0.57575214,0.42817476,0.63273865,0.91573083,0.88699883,1.5489432,0.07197791,1.0147024,0.62634,0.28107202,0.4196254,0.75761086,0.11823191,0.025239954,1.4741167,0.06260907,0.1739403,0.84155154,0.13832556,1.0529776,0.027344648,0.14145383,0.040400766,1.3088248,0.5642241,0.49376208,0.5357432,0.86760235,0.58640605,0.6276949,0.123912066,0.43928686,0.3258197,0.26105607,0.29545036,1.0309438,1.0778773,0.8319075,0.31318408,0.6418152,0.43639898,1.240917,2.7701213,0.26382405,0.0022756816,0.0,0.67414916,0.076366395,0.593348,0.0630095,0.42974216,0.2677249,0.5351005,0.7897963,0.91193736,0.31808737,0.2886867,1.789212,2.5276365,0.61288726,0.19333512,0.33626992,0.65452826,0.28026277,0.7442063,1.1087986,1.4674563,0.8029012,0.38883767,0.31060314,2.6731725,0.017652001,1.7590338,0.5339462,0.43605933,1.9119889,0.97675174,2.6727269,0.25066525,0.53081846,2.1059775,2.5122268,0.0,2.1497326,0.47452393,2.2788434,0.52075434,0.31140855,1.113676,0.56876117,0.784566,0.7198832,1.3217107,1.0461367,2.6250713,0.24780674,1.2040246,1.2140713,0.4016176,0.07296206,0.36560234,0.16181579,0.18645301,0.24164172,0.03753661,1.2438669,0.42415982,0.9615858,0.23685256,0.073614255,0.39080265,0.9340469,0.7255559,0.50600463,0.6658115,0.8302011,0.3285974,2.1043448,0.43790898,1.4887116,1.2459058,0.6410988,0.0035857111,0.65138525,0.19871885,0.73696685,0.3548812,0.21855387,0.80837035,0.19684559,0.06176256,0.092930794,0.0,0.52734256,1.685403,0.44653162,0.015608014,0.2543949,1.6492493,0.03638183,0.75382715,0.12339519,0.034413163,0.37794292,0.37584603,0.8591266,0.09560591,1.238842,0.47479624,0.4405233,0.34004316,0.67310613,0.31795382,0.26535824,0.050624117,0.44071344,0.91690046,0.9563047,2.0969896,0.3173875,0.07926763,0.4865467,1.1556292,0.8819073,0.19914661,0.4455914,0.54387623,0.77846116,0.4242284,all_pothole_images\pothole_images_optimized_image_309.jpg
0.9211067,2.1531427,1.6305445,2.7749553,0.79804295,0.60602176,0.39982325,0.38524982,0.28934193,1.6196917,1.0321714,0.0017700081,0.5812765,3.693155,0.5939205,0.54751766,0.14879997,0.2881833,0.51165986,0.16472267,1.3832519,1.1936691,0.708014,2.0346637,0.6019859,0.3724658,0.05479943,2.86033,0.49714592,1.4664164,0.73451966,0.30501002,0.5552926,0.76763916,0.9178351,1.2362057,0.763948,1.3945378,0.37662575,0.1782331,0.66705227,0.6116274,0.83688086,0.389937,0.9611988,0.46357375,0.45684928,0.050573874,1.481119,0.19885929,0.7007029,0.3762621,0.7646068,0.04252025,0.6004255,1.6104985,2.7840483,0.052952416,0.26834348,0.4281048,0.4575216,0.16172346,1.8872325,1.0118027,1.3212732,0.490158,0.024060324,0.043335896,0.17422247,0.9540597,1.985841,1.0790257,0.445346,0.5984295,0.6615071,1.369503,0.23083773,0.3073974,1.0026418,0.768956,0.31076407,0.595517,0.58955544,2.6333058,0.3428035,1.2680811,0.95071816,0.31988588,2.4755495,0.31554577,0.21561146,0.5230695,0.37418208,1.8326403,0.60579973,0.4519264,0.015152137,0.16298041,2.100946,1.3327929,0.4263109,2.839862,0.6770267,0.47971654,1.6049379,0.0,0.39520773,1.0654399,0.79928815,0.34547922,0.22583377,0.59768116,1.9390622,0.37399557,0.91972023,1.0806271,1.5631124,0.23918545,1.355975,1.2140676,1.5571953,0.80539125,1.8321567,0.96758336,0.39921957,1.3255942,0.7547741,0.5010572,0.9342055,3.175368,1.129469,0.10428706,0.5272893,2.4079924,3.3057058,1.3259358,0.7547173,2.569269,2.3847203,0.40238553,0.44680342,0.49198896,0.9789221,1.9377843,0.94408756,1.2279375,0.0044617574,0.06180146,1.5421382,0.8462893,1.0302795,1.0966479,1.3495717,1.2106825,2.6438653,0.6065877,0.7809766,0.8954598,0.24380302,0.7247214,1.0294595,0.970854,0.46096498,2.476038,1.3194993,0.28637028,1.3250804,1.6848456,4.395269,1.568099,0.6938218,0.030611364,0.3787164,1.0036628,0.9265075,0.5942062,2.8192487,1.1027374,0.52203774,0.93372613,0.2690271,2.1978538,3.0424168,0.47822437,2.080975,0.73470974,0.39121756,0.91735387,0.16778323,0.719365,0.42792198,0.94489986,0.17891778,1.4672498,0.5556,0.4724106,0.3942534,0.44762895,0.444043,1.69413,1.6389035,2.3102884,1.0658661,1.7381693,1.846139,0.65221065,0.19107468,0.42253256,1.6990179,0.34706953,0.23584823,1.0437052,2.6614609,1.4526428,1.0845661,1.699675,0.83745813,0.40688723,1.1917388,0.8687301,1.8703756,0.30413666,0.88324493,0.27426594,0.03591426,0.21323912,1.7865908,0.4890043,0.78554034,0.23319814,0.15180117,1.8471824,0.30435666,0.70376897,1.0912952,0.6711563,1.1664141,0.22841594,0.49038142,1.9484009,1.2850296,0.56622046,0.56423974,0.4425193,0.8488702,0.17613241,1.2182126,0.22089459,0.5387745,3.486368,2.2852805,0.41134718,0.1275162,0.89995867,0.38825482,0.4202693,1.5654291,0.82424164,1.0005249,3.8845637,0.6956439,2.336032,1.2722977,0.2701068,0.4947202,0.26351216,0.10903413,0.28566867,1.8971142,1.221919,0.019423207,0.24780004,1.5594015,0.005994106,0.17120305,0.7706371,0.23228842,0.5494541,1.552353,1.2310958,1.6754483,0.19290803,0.23379046,3.7941663,2.8804905,1.7100266,0.76899135,1.2384105,1.470807,0.7400965,0.37489706,0.588642,0.0,1.8412493,1.6237531,0.09518298,0.4220876,0.9840065,0.8364732,1.0707746,0.09027714,1.1474185,0.24773915,0.9014197,5.697392,1.3208095,0.12477395,0.9691302,0.32190344,0.7318342,0.049791846,0.77053463,4.7233458,1.6036205,0.38699436,1.0821803,0.4879409,1.1864362,1.8697766,0.2512671,0.57114905,0.19994321,0.19731155,1.0146823,0.51211774,1.5806041,1.4161382,1.4050233,0.42493704,0.68323386,3.1061466,0.4361773,0.01671774,0.5060874,0.5606319,0.5120721,1.5987511,0.9617361,1.5846604,0.56845474,3.2227015,1.5564382,2.0055287,0.4381686,0.82625985,0.055865277,1.9677532,0.26361388,0.21585862,1.2414403,0.75917155,0.069454215,0.038471304,1.918912,1.1232129,0.060350608,0.12553893,2.0338652,0.9270882,0.8281365,0.035508603,0.3013029,1.6000208,1.137762,0.14858556,0.1706487,2.0093002,1.5321609,0.13817503,1.2886187,1.2062953,0.85965663,0.3476785,0.5931579,0.8367102,1.3707017,0.067669265,0.26440492,0.15772803,0.57733285,0.24138482,0.8841937,0.3814083,1.0219281,4.990111,2.111366,3.9840395,5.131197,0.26734126,2.120173,0.915091,0.8690362,0.055165995,1.1386861,0.308711,2.9937737,0.67164487,2.0552065,0.3529257,0.08690203,1.6532772,0.54950154,0.22912668,0.6876832,0.20415579,0.14538752,0.9456717,0.6985728,1.1687008,1.1582527,0.83102924,0.06191412,0.31143188,0.9510083,0.18076815,0.31122518,0.75545096,1.8737469,0.6432153,0.67910314,1.874285,0.49624458,1.9216149,1.1044263,2.5362647,1.103073,0.8940603,2.1430023,3.068921,1.4345351,0.88182133,0.75977767,0.35561174,0.33557194,0.77913773,2.868955,1.1673281,1.8767326,0.32258764,0.9606283,2.1211672,1.5046084,0.40566176,0.204918,0.14196189,1.0808371,1.2420002,0.8038275,0.38573018,0.47449073,1.2779752,0.71868414,0.8431759,0.567214,2.3254137,0.5586888,1.5981579,2.5860703,1.4621096,1.0650473,1.075961,0.28670833,1.7118777,0.8948322,1.3764796,0.38932654,0.2272596,0.059817333,0.81500804,2.4221375,0.9143387,0.4392249,0.6979124,0.5200126,0.7747409,0.74169475,1.05536,0.7559291,1.3842801,0.281085,0.4281769,2.8851666,1.3482722,0.23527005,0.09625531,1.0568521,0.5057418,0.6149685,1.172971,0.39700902,0.17519118,0.93915915,0.26215747,0.14741683,0.44762665,0.6810227,0.046231084,0.17771843,0.5490071,0.51429874,0.96451294,3.6677327,0.48280412,0.9485014,0.3044939,0.05453792,0.7350242,0.8873649,0.4236042,0.9232216,0.3980077,0.5508205,all_pothole_images\pothole_images_optimized_image_31.jpg
0.6586634,1.3327963,0.11661851,2.3174818,0.62719315,0.82811815,0.16189079,0.017765023,0.08882824,0.6327865,0.092024595,1.0787182,0.14243528,1.9573494,0.19099651,0.17463595,0.07547853,0.16710523,0.03700669,0.7752824,0.93049467,1.3633077,0.21519096,0.26936537,1.4992651,1.2205411,0.2703168,2.7362473,0.25527328,0.06841765,0.8416377,0.49331352,0.267629,0.7308371,0.1885725,0.31378338,0.15217967,0.39138618,0.37417376,0.12335345,0.26378888,0.008925451,0.5028403,0.60440063,1.0360662,0.8147721,0.1240541,0.045455337,0.64153796,0.027613139,0.31910485,0.0,0.111402676,0.03931901,0.011680719,1.7183809,1.6258526,1.1898515,0.29223448,0.01509746,0.030999081,0.047356263,0.699126,0.06930828,0.5365985,1.1925969,0.45802128,0.09966145,0.7695435,0.03801119,0.6521607,0.11780248,0.27224007,0.2679511,0.915737,0.13422269,0.03028885,1.3124964,0.16759208,0.14314649,0.22605762,0.23959944,0.34276807,0.6757592,0.44073832,0.43195948,0.8518705,0.2778103,1.8426236,0.40555206,0.36680275,0.009131711,0.010417799,0.72911054,0.0,0.0033850097,0.2794745,0.15816183,1.2376757,1.4746915,0.08944099,2.2232711,0.17830788,0.12627909,0.11637627,0.0,1.0532027,0.6109383,0.0,0.33565447,0.0,0.58653444,0.5338512,0.3102641,1.0446924,0.14318655,1.0359521,0.041543994,1.2432922,0.83790743,1.4574025,0.2467495,0.32601368,0.67665213,0.9155635,1.1081517,2.0138328,0.2939902,0.854199,0.49640492,0.10260286,0.05023302,0.023716362,0.52045345,0.47102585,1.0068568,0.66143686,1.2616185,0.8946999,0.13059537,0.27706745,0.5653236,0.06984782,0.4566096,0.6728924,1.104295,0.0053566466,0.0,0.3941714,0.043973688,0.6848262,0.32052484,0.30348274,0.026497757,0.6700854,1.0705174,0.80766803,0.2588935,0.47737586,0.39882678,1.1090354,2.2170012,0.18113461,1.7746236,0.069882914,1.660191,1.0820688,1.0656903,3.9294434,1.0489808,0.0,0.0,0.2943186,0.0065390365,0.0917521,0.19191863,0.199475,0.09347417,0.80778986,0.20440193,0.079819776,1.7712688,1.2633333,0.07106038,2.743755,0.009034658,0.005413984,0.64497906,0.69325364,0.112191334,0.30980784,0.25271237,0.23387726,1.0733663,0.6633342,0.3574354,0.44319704,0.36453846,0.47958824,0.87209815,0.7073014,0.537219,0.60270464,0.6615189,1.2838721,0.48058724,0.6648838,0.2561473,0.44469294,1.2030609,0.0017318535,0.0,0.27891356,0.2552087,1.5400902,2.1484427,0.07840064,0.16628735,0.018431878,0.059913844,1.3615346,0.75456923,0.5517563,0.06375447,0.0,0.058986615,1.7777486,0.0069753537,0.8632034,0.6070134,0.038697977,0.007243734,0.23477726,0.14533058,0.05255672,0.010153177,3.1370046,0.0,0.3136503,0.59627134,0.31415683,0.19328386,0.09410741,0.021213818,0.35903466,0.0,0.7531486,0.42360952,0.2693452,5.5738087,0.8013142,0.11365472,0.5006472,0.20743802,0.018802343,0.33445522,0.52351075,0.19361642,0.027964382,2.517918,0.2225239,0.34437865,0.08070542,0.3546654,0.14862588,0.23190534,0.32500675,0.44488704,1.849234,0.34474283,0.46796855,0.03177935,0.71122813,0.29080462,0.757765,0.2599378,0.7828992,1.3865001,0.201845,0.83281785,0.6403143,0.02810996,0.60975045,0.64006346,0.35490692,0.5374701,0.8725929,0.5806404,0.9563732,0.044823136,0.0025804234,0.14700323,0.017066235,0.56562334,0.25521544,0.6718066,0.012738301,1.7640585,0.066002004,1.8319023,0.58881843,0.071690045,0.12833433,0.27284902,5.9924116,0.44402173,0.0,0.12007104,0.028359953,1.0232698,0.029333452,0.61093307,2.215959,0.935744,0.13311468,0.3553827,0.01726526,0.8339448,3.0053225,0.10357145,0.04234165,0.0,0.04257167,0.44562992,0.11306743,0.124281436,0.68796724,0.09448474,0.32090154,0.12274816,2.9815445,0.13569415,0.08882025,0.01193213,0.11576164,0.02998863,1.6280085,0.15333582,0.24370824,1.5027313,0.19404636,1.301528,2.9116042,0.39157018,1.1317165,0.09225913,0.77379876,0.76029116,0.5803225,0.11555066,1.1040046,0.73391366,0.105880015,0.5100149,0.15711975,0.0,0.060362138,1.4250433,0.18505248,0.20817581,0.007555604,0.014700017,0.40756714,0.09672959,0.0,0.07872506,1.23736,0.40561208,0.031655613,0.402048,0.24194418,0.1497304,0.13478725,0.018379591,0.17021312,0.5537352,0.0064579514,0.0,0.8977904,0.14414033,0.1913987,0.20493917,0.22151867,0.24455574,2.8052227,2.1514072,1.070226,0.025480438,0.15944944,1.4706666,0.21878947,0.39233068,0.005418568,0.2243242,0.20634748,0.6193658,0.39094523,0.69618237,0.8022182,1.0643958,1.5110875,1.3643926,0.48720792,0.8965119,0.17363065,0.78498244,0.10177503,1.1336161,0.8856545,0.6281687,0.95199263,0.08753115,0.23714107,1.206464,0.0,0.07191601,0.13134307,0.18312044,1.0029894,0.19280125,2.4781141,0.0,0.7060877,0.89038146,1.9505898,0.074693866,0.7909463,1.1193771,0.19078247,0.16243267,1.5667086,0.25631148,0.21863778,0.1840488,0.68770736,0.9617959,0.16729319,0.96073014,0.13536595,1.548851,0.8494164,0.33881813,0.057773355,0.13055292,0.083339706,0.036154717,0.5836929,0.6935847,0.19929619,0.79791003,0.9485064,0.668086,1.0723281,0.28500387,0.8672021,0.23036286,0.38344753,0.3129799,0.75628614,0.33507282,2.0876906,0.14218517,0.65478724,1.1788225,1.3321248,0.03305544,0.32181883,0.0029521948,1.1888481,0.47323972,0.26672825,0.27387783,0.054424547,0.3573114,0.6642073,0.0012515087,0.32081953,1.3458216,0.5404662,0.0,0.03527889,2.2006912,0.91618234,0.3515642,0.08046811,0.0024669173,0.1634583,0.23369017,1.0778064,0.1521425,0.081635855,0.38338876,0.0,0.02386342,0.061026562,0.15364912,0.012678659,0.0069810417,0.019875687,0.6119208,0.7594827,2.6579664,0.8219841,0.1500747,0.3215431,1.3563701,0.95414233,0.1244224,0.1309629,0.54272896,0.4237352,0.6082302,all_pothole_images\pothole_images_optimized_image_310.jpg
0.6052795,0.54808366,0.04134392,1.0328845,1.8655589,0.16573867,0.04027262,0.28333658,0.6401874,1.1555505,0.88827115,0.085563384,0.15994616,2.5840812,0.07801515,0.9287323,0.06844555,0.25116652,0.46129906,0.28949955,0.46797958,0.66888314,0.09442816,1.0124432,0.22290085,0.42058912,0.11775713,2.2056847,0.42084533,1.2932496,0.71040046,1.1316522,0.31198126,0.7325958,0.70012945,0.17519623,1.6229014,0.24362102,0.4738849,0.93920755,0.61501944,0.43649796,0.4550334,1.0361979,1.3275064,0.024657873,0.32135049,0.014272594,2.0449023,1.0171098,1.4822527,0.23737697,0.7398824,1.0598476,0.7136279,2.3986585,2.5735533,0.0,0.38011253,1.5769597,0.5094711,0.293298,2.2597172,3.1144204,0.4617914,1.0801885,0.4605505,0.045595095,0.9929385,1.4009737,1.5599676,1.1023333,0.55051255,0.26757476,0.14776234,0.7195046,0.47371766,0.3980155,0.4306544,0.53231496,0.4175155,2.7899761,1.1340652,3.1047068,0.14008807,0.14802983,0.87115985,0.09905867,1.1919601,0.052395936,0.1126109,0.86454475,1.7485605,0.872079,0.0610121,0.38521296,0.09433605,0.33123437,0.07151017,0.55199933,0.88285625,1.4224914,2.169151,0.23018017,0.8187078,0.60349375,0.2717187,0.34756172,0.60688525,1.0933365,0.2736225,1.0743728,0.74087065,0.07769288,2.1704378,1.9188917,0.26039174,0.61417824,1.7158576,0.4102935,1.0779446,0.27780965,0.18057434,0.35163897,1.8369102,0.1451511,0.37077665,0.5522508,0.3283605,1.7243857,0.44506016,0.6339321,0.22365478,0.8797145,3.4233947,2.570667,0.5000304,0.4371755,2.39045,0.58012444,0.32872963,0.055435054,0.429988,0.8400365,1.1043032,0.77102536,0.20436727,0.4278754,0.9964265,0.07180388,0.059433002,2.404251,0.86054397,0.37827218,1.2492208,0.70653963,0.105057694,0.30285758,0.14576566,0.60289407,0.8612663,0.6074037,0.13368832,4.5261135,0.44107983,0.3468075,0.55132174,0.43044356,0.34936425,1.1688977,0.9274329,0.29420927,0.31954643,0.18232581,1.0145264,0.11868753,1.2565317,1.5682238,0.43217933,0.97680426,0.061444886,1.3616991,0.85064197,0.5003466,2.670024,0.7667988,0.48757657,0.45634082,0.675602,0.110545486,1.5803611,9.76142e-05,0.16502339,0.9132807,1.84729,2.532876,0.32005563,0.17898734,0.14169313,0.94475275,0.18187745,0.27120465,0.2910399,0.94353265,0.28057384,0.19551297,1.0779047,0.633225,0.85945773,1.3798056,0.39273116,0.054272443,0.76683235,1.2327412,1.5878056,0.33565044,1.3398337,1.103329,0.067173444,1.4810486,1.123027,0.88668466,0.79878885,0.47248274,0.14993705,2.1899967,0.88454753,1.5843275,2.4578671,1.6293504,0.09506515,0.21379302,0.6717039,0.18816441,0.29693878,0.10412062,1.8872813,0.15977691,0.32278723,0.6120781,0.5510222,0.64996606,0.21729292,0.5434728,0.25017014,0.33801955,0.5791311,0.91284627,0.12984543,3.289268,0.6221131,0.86135334,0.16410547,0.21028681,0.33579424,1.005805,1.230621,0.42467207,1.4195293,2.8996656,1.3543912,0.97137,0.3611588,0.3602071,1.1245053,0.1752376,0.0,1.8752046,0.99160296,0.005464269,0.31037566,0.031085009,0.73516876,0.029837647,0.54696405,1.8927985,0.72720516,1.8069961,0.088312835,0.131158,0.60257876,2.3036106,0.7896192,0.0071070106,1.525107,0.46392697,1.5540751,1.5561925,1.0322578,1.239311,0.3065392,0.5033941,0.038291242,2.8129923,1.12536,0.37478656,0.6704,1.0036645,0.5342323,2.032791,0.24252968,0.3289701,0.40265328,0.21824451,6.420081,2.3798537,0.91604143,0.9568184,0.050907135,0.9823057,0.16142677,0.24890451,2.3155875,1.4024715,1.1119229,0.36766222,0.28770173,0.8778008,3.1007645,0.8958153,0.29219964,0.044667054,1.8182969,0.013627153,1.4033663,1.0384434,1.6968222,1.342808,0.20051546,0.5729083,2.8293273,0.64502215,1.036228,0.28350967,1.4408544,0.40521145,1.0801138,0.44913816,1.5092378,0.5219876,1.9195651,0.8789816,1.1293333,0.40821573,0.022018686,0.32289046,0.5521584,1.045492,0.14026715,0.5896875,0.3770874,0.028279377,0.07718094,2.5038872,1.2618268,0.3303982,0.96587753,2.630697,0.8109014,0.5253998,0.20688027,1.4576344,0.954741,1.389945,0.39955476,0.6261038,1.1253405,1.4038806,0.37292993,1.1887683,1.075661,0.1402226,1.2411371,2.7962832,0.23196232,1.3697039,0.40164098,0.7817604,0.63336504,2.5060995,0.7353719,0.3136577,0.24352755,0.39038,2.5748632,2.0607507,4.7794204,3.4699395,0.81619793,1.0591321,0.52501374,0.24259582,1.0470562,0.64981097,0.28323036,0.32785982,0.38179553,0.41497242,0.5781069,0.21357046,0.5334608,1.1259394,0.15707563,0.05037801,0.8050385,1.245167,0.5705883,0.071098216,0.66831815,0.13657375,0.45344257,0.09496279,0.40734005,0.1337381,0.0050956225,1.6694225,0.59204257,0.69069594,0.4532987,0.38467902,0.5816464,1.2203141,2.1613686,0.333775,2.315857,2.440271,0.116451345,0.20953004,0.3065566,0.61046046,0.437088,1.9238456,0.58158594,0.39359385,0.2156291,0.15714474,0.8312708,2.0049965,0.57434064,1.7642146,0.77327657,0.31069937,1.4656206,0.014376435,0.3383917,3.435117,2.5156279,0.5936682,0.55800164,0.2914096,0.99118245,0.03370469,0.8133434,1.8524394,0.5203941,0.09572895,0.81175697,1.2477076,0.672025,0.23118381,2.4785318,0.10160854,1.2420309,1.6394304,1.1143467,0.9134143,0.7156966,0.66827124,0.22444898,1.6903703,0.37510395,1.7374849,1.0716555,0.4051903,2.3213756,0.30850783,0.86132556,0.28964186,0.72203404,0.28520024,0.3323642,1.1057409,0.68972206,0.56829554,0.91106653,0.94144297,1.9302831,1.2698216,0.40487763,0.31031343,0.79747117,0.73453534,0.84456974,0.6222188,0.62644887,0.18490908,0.55336714,0.3429493,1.4620669,0.82654303,0.56721264,4.0856004,0.7887755,0.5438844,1.2867249,1.1129915,0.032549474,0.5649634,1.0768018,0.21796595,1.5187912,0.37562573,all_pothole_images\pothole_images_optimized_image_311.jpg
0.67619413,1.3684921,0.6181063,2.822327,0.40938568,1.2786055,1.3426429,0.5436431,0.2555302,0.57036585,1.2063043,0.83527,0.3412275,3.1894279,0.02600798,1.714406,0.34183967,0.21306415,0.80489796,0.72214085,0.20097795,1.3523859,3.3186934,2.463415,0.7828416,0.45968175,1.2652878,2.193568,0.48531565,0.10978741,0.7624912,0.08359681,0.40968412,1.1763432,1.1867294,0.09014016,0.16371995,0.2940549,0.993527,1.570473,0.0023137464,0.36509347,0.5675103,0.872228,1.1426843,0.68758297,0.05154346,0.11751188,1.3144917,0.14983554,0.34343037,0.41532147,0.3194143,0.12138749,0.2124245,1.4917227,1.9260627,0.75571287,0.3400317,0.4783256,0.04365449,0.89025956,2.1066165,1.3999239,2.317611,0.38008803,1.5138263,1.3134588,1.0502466,0.27909282,2.94738,1.0345633,1.363179,0.07400246,0.7802151,1.5497919,0.71341693,0.26083952,0.114622325,1.0535544,0.004082322,2.4215112,0.42024496,1.6497686,1.0263429,0.37227705,1.3685685,0.7474581,1.1253163,2.0558581,0.17866,3.0858634,0.4300136,1.7241254,0.040559866,0.7558255,0.03165958,0.7465827,1.9355378,0.8394588,0.4044593,1.8229169,0.43647906,0.3611527,1.513076,0.6817068,2.2967584,0.39832604,0.3625735,0.48611146,0.4282653,0.50240207,0.9187435,1.4445615,0.4904681,0.41967183,0.094581984,1.1844467,1.1510681,0.74430144,2.262245,1.4787165,0.2743798,0.8508129,3.217192,2.86563,0.0539827,0.12150714,0.36372757,0.7112112,0.7812819,0.22081529,0.86311543,2.314117,0.16973445,0.20877287,1.2057345,1.9519727,1.029647,0.42192325,0.56492853,2.2263958,0.047129884,1.1905128,0.4527024,1.4775403,1.174431,0.13799465,1.1056396,0.15226828,0.010380853,1.1126496,1.0689437,0.1424787,1.0305315,0.62576795,1.7602872,0.6278255,0.19856043,0.3463696,2.084139,0.7955227,1.0496596,4.081915,5.2172413,0.14835636,3.5399077,0.19464308,2.0952344,0.9788246,1.0519629,0.22024111,1.6717292,1.1323278,1.4849167,0.50054115,0.5068264,1.0707834,0.30493167,0.11780834,1.2831748,1.1691471,0.42050427,0.5450249,0.8579566,0.38234648,2.0682917,0.5291398,0.8378899,0.8511135,0.10863215,3.3232017,0.28763998,0.8167691,0.41532034,0.9074619,0.11455269,0.61459374,0.086834535,0.76452976,1.4611192,1.2737464,0.6138135,0.09093889,0.5473983,0.15339653,0.3221293,0.0,2.1046,0.85444576,0.9983894,1.0122313,0.53453076,0.2883305,1.2304566,0.34472802,1.0587664,0.29083154,0.5693592,0.17567144,1.0525166,0.26343867,2.3874028,0.14303434,0.6071589,1.7586772,0.53942525,0.85860395,3.1392908,0.71010095,0.6883665,0.6019983,0.65076154,0.7105696,0.0,2.9860127,0.7222629,0.7291076,0.2664476,1.0142311,0.7895518,1.0307975,0.5922887,0.62099594,0.2886356,0.96566594,0.41805986,0.15462178,0.73244447,3.5466802,0.59036696,0.05299388,0.5030131,0.56617415,0.23039249,0.22392164,0.8055807,1.1743928,0.17320985,1.9369045,1.0602658,0.3459707,0.4422695,0.27693874,0.41472754,0.54643124,0.3498192,1.7623581,1.9053341,0.08347639,0.08387486,0.030970737,1.1940591,0.38714567,0.6856556,0.99010015,2.0101469,2.2902434,0.14825423,0.21435855,1.0961722,1.9307554,1.1426063,1.6964535,2.1718755,1.8794605,1.5046794,0.6510223,1.467338,1.0885022,0.36995015,0.8631556,0.1694809,2.101517,1.2092371,0.34860152,0.9900232,1.7942003,0.80022633,1.0925337,0.8078822,1.055823,0.0435367,0.1522555,4.588434,0.26469553,1.0803214,0.041280143,1.0998893,1.6304144,0.025929311,0.4585141,2.7392933,0.3964595,0.26486528,0.5303382,0.2266247,0.8600167,0.3878921,0.09611633,1.3264203,0.5176941,0.8857735,0.92041725,1.1310261,0.55783033,0.9131935,0.82001936,1.3024906,1.1431198,1.7271429,0.42751482,0.27245736,0.12652062,0.17405842,0.26291278,0.26652938,0.82797647,2.0072596,0.24076627,1.0946281,1.9330939,1.2637596,0.242473,0.55223423,0.022699516,0.8590748,0.132815,0.17564283,0.83962405,0.12597722,0.8926405,0.08422858,2.8790689,0.7486302,0.04640459,1.1467286,0.8212451,1.722575,0.10233324,0.5461227,5.4937396,0.42106488,0.09176442,0.1697169,0.11288016,1.8981252,0.7776889,0.55438596,2.461389,0.6972524,1.6519839,0.10030916,1.3421007,0.27616334,0.69296414,0.04518141,0.15857199,1.1992902,1.4560212,0.8594737,0.2576145,0.7167689,0.8129014,0.96604866,0.87787455,2.3873544,1.3973196,1.7603928,1.9129614,0.7755305,0.25761095,0.5349437,0.40850925,0.05566845,1.0876386,1.0169439,0.2846475,0.16197339,0.086840354,0.60387295,2.95628,0.7449624,1.3053634,0.11777678,0.22977278,0.09555468,2.1784284,0.3679506,1.3220774,0.55211484,0.6182094,0.06617441,0.434263,0.6938026,1.4451182,0.7690312,1.0069478,1.0197046,1.4482828,1.3311479,0.35436597,2.0109587,1.5932033,3.214486,0.6710497,2.2482705,0.2434569,0.6278045,1.713588,3.596516,0.43741918,1.1508175,0.54263645,0.037261724,1.1171778,1.2118576,0.5895719,0.26260924,1.0849081,1.0327427,1.5847905,0.06852852,0.14433345,0.046038233,0.41111234,0.74472326,1.2596437,1.0752376,2.4585223,0.91455156,0.29348022,0.6768403,0.45716718,1.0221773,0.617104,2.097702,0.26543424,1.1384995,0.3328865,0.98360574,0.8277777,0.1404688,1.0681568,0.8675988,0.13803454,0.7095584,0.43641746,0.82684845,1.3533505,2.1192636,0.18470071,3.1239262,0.086390406,1.0271014,0.6988574,1.0736701,0.19222341,0.09633872,0.22618721,0.24950722,1.2955593,0.3255195,0.13690671,0.18561599,1.7989893,0.27664515,1.0691912,0.716544,0.30514148,1.8227103,0.78618497,0.11288166,0.04904208,0.24769771,0.17153645,0.17054078,0.11457491,1.3002764,1.6052183,0.23564817,1.4814554,0.79497147,0.035659596,1.8715556,0.43381387,0.16795863,2.4238856,0.11637799,0.5334785,1.9236051,0.35823366,all_pothole_images\pothole_images_optimized_image_312.jpg
0.32862866,1.3706964,0.7794337,1.4942435,0.9302707,0.3821911,0.6424216,0.0,0.35398445,0.9015776,1.3564414,0.8153617,0.30125102,2.5337117,0.3892871,0.14586927,0.08798944,0.07821671,0.87739927,2.33479,0.9096835,3.64095,0.88086665,0.904512,0.38965163,0.7140419,0.42389113,2.2270832,1.4814274,0.85969603,1.228157,1.0678113,0.60103613,0.26600474,1.1597791,0.47720554,0.22980627,2.1896505,0.39106297,0.060976338,0.0,0.028875442,0.84484404,3.466365,1.184187,0.206599,0.21485138,0.013709624,0.69662356,0.2179211,2.261439,0.7172618,1.1037004,1.1079714,0.016636275,0.65100235,1.8287319,0.38947946,0.98719895,0.56915295,0.15065163,0.3536906,1.2306366,0.55709356,1.3049557,1.0831811,0.6111398,0.6216124,2.1914313,0.020402376,0.1710706,0.8154783,0.34887773,0.35629964,1.4627244,1.8809783,0.24954773,0.25936455,0.07791609,0.36308283,0.3264736,0.72358096,0.0,2.331353,0.5962151,0.2102106,0.5926465,1.6072271,2.2585678,0.5612393,0.9473268,0.006188328,0.07433112,2.3243923,0.21293044,0.016397431,0.6523186,0.29965273,1.579288,1.2119131,0.13500203,0.69325495,0.13223532,0.037439466,0.629141,1.9124962,0.28838465,0.021523654,0.26436734,0.015727932,0.089648545,3.4283745,0.19434294,0.03752593,0.9278909,0.63398916,1.2735093,1.0593486,0.43619147,0.5974994,2.7501824,2.6573288,0.98977673,0.896721,1.3574586,0.44936118,0.13906214,0.0024007517,1.3205657,0.07314327,1.549838,0.0014284189,1.0352322,0.14669535,0.076924935,0.40726718,0.942758,1.5884247,1.6915996,0.13577057,0.1340364,3.2998765,0.27919298,1.407449,0.36858934,0.5459052,0.7482375,0.033495694,1.0272745,1.0346473,0.01921105,0.19422127,0.47260025,0.30284467,2.088005,0.8548866,0.83435476,0.5998802,1.0333918,0.5870417,1.0842041,0.13700348,0.020464852,4.7008405,0.08460054,0.7938522,1.4372431,0.08669854,3.2766051,0.13805479,0.2684658,0.13000797,2.1259995,0.5567117,1.7713724,0.38979825,0.9093334,0.004434607,0.44142383,0.81015384,1.6596613,2.921965,1.0034617,0.33815727,0.21932042,1.0862911,0.32233912,0.5979207,0.18132778,2.0382907,1.1323583,2.8799736,0.03540152,1.3800147,0.16003738,0.8616993,0.21716806,0.56293744,0.4819128,1.5065414,0.72312146,0.43411082,1.4545892,0.41390532,0.75496304,0.11779436,0.26223713,0.20399572,0.00096849987,0.49306667,0.0,1.0342469,1.9991685,0.25267446,1.4294739,0.439806,0.27066764,0.68930024,0.6827516,0.15232463,0.65049493,0.09831447,0.54890054,1.0946702,1.4505738,0.66645354,0.8413013,0.0,0.82582784,0.022709727,0.4099767,0.5630648,0.71258175,0.07622199,0.8465503,0.23427813,0.41686493,0.042079575,0.040919576,0.0010096962,0.3005603,0.4031895,0.0,0.276682,0.5039196,0.0,0.53756475,0.07917092,1.3151537,1.8637097,1.0907058,0.12587169,0.33245733,0.028137986,0.6821833,0.25166467,0.9198373,0.8478077,0.3096342,1.3904777,0.31545916,1.1942887,0.57694197,0.48676318,0.050115734,0.8446617,0.285814,1.740525,0.58318466,0.32791597,0.38549337,0.16575038,0.4331617,0.31242073,0.56389886,0.7058423,0.44336006,0.23748773,0.29448897,0.28467697,0.9218043,0.15009828,0.3785117,0.04401123,1.4987955,0.24538767,0.6864412,1.5152712,0.35346818,0.25955027,0.0,0.16891576,0.12774028,0.07909433,1.7966603,0.25113752,1.5881724,3.2653441,1.2940407,2.2761638,0.2522039,0.91301167,0.32881773,1.5204331,3.3274884,0.2938994,0.0002703075,0.5537499,1.3526107,0.4567779,0.4453385,0.17038865,2.1135786,0.7749708,0.055443868,0.30203167,0.25139818,0.42722288,2.338005,0.06290565,0.16227366,0.71126443,0.18768224,1.5795845,0.196916,1.9405259,0.9753343,1.2945663,0.7323787,1.400297,1.0474792,0.38903204,0.3611811,0.4108659,0.90736777,1.1649671,1.5654231,1.1172832,0.44938955,0.36553577,1.7450892,1.5815455,1.5565166,0.48298046,0.3993445,0.21503378,0.7169385,0.9216676,0.2735667,1.4014693,0.5844471,0.048595272,0.2873042,0.31465364,0.5793024,0.041399866,0.23597091,2.2552495,0.2912749,0.41094556,0.52264094,0.5401233,0.21434024,1.5594678,0.18546805,0.10754363,1.9477215,0.076969855,0.038612567,0.3682453,1.3706832,2.366153,0.6481226,0.26818466,1.2146058,0.34206307,0.79378283,0.04260563,0.8470781,0.33059034,0.58030546,0.08171333,1.4940466,0.68522453,2.5953693,2.3456626,1.1013613,0.2299529,0.8411741,1.4979388,0.95597,1.4396563,0.29825267,2.152448,0.20453265,0.08244704,1.1706878,0.9872237,2.0368724,0.07155215,4.5164824,0.26973057,0.45723322,0.4284217,0.045858376,0.009405996,0.18528426,0.5759056,0.2692311,0.9323136,0.3973002,0.21690299,0.3359832,1.0116197,0.036880888,0.08782206,0.9652423,0.63478446,0.1744078,0.0,1.3780828,0.2761033,0.8408798,0.7734869,1.6158706,0.92717874,0.6542545,2.4099298,0.11458856,0.98779327,0.26241294,0.6953253,0.7088521,0.964675,0.10735719,2.0531693,0.8014313,1.0482515,0.7578433,0.12875588,1.7679733,0.17690596,0.4397686,2.0108154,1.3855832,0.8843926,2.4010234,0.12338937,0.034732338,0.9503105,0.72848994,0.4401252,0.2591784,0.62239915,0.76763964,0.9326488,0.5871617,1.5234503,0.31566536,0.13886575,0.17711586,0.086907096,0.66227806,0.016605474,1.263064,1.8104497,0.70301896,0.03699534,0.012029823,0.49005094,1.1955591,1.1778758,0.20146237,0.05632347,0.4470485,0.4489656,0.8167461,0.86652553,1.1083419,0.027129762,1.3325334,3.4348087,0.1241473,0.59504455,0.027422236,0.44040096,0.07060107,0.17626183,0.7774884,0.005911161,0.9688755,0.33254448,0.21501957,0.11245739,0.0,0.33309406,0.22354387,0.088218,0.3540409,0.11068629,1.8038,3.270187,0.121720284,0.62649083,0.019737896,0.20932958,0.006732798,1.1260271,0.01805945,0.61222357,0.22927757,0.96753615,all_pothole_images\pothole_images_optimized_image_313.jpg
0.47675455,1.7915107,0.54082197,0.6334328,0.39093405,0.2893719,0.843791,0.8924456,0.101906344,1.5566591,0.3636958,0.9174044,0.7078281,0.55818987,0.28588334,0.33271566,0.49030054,0.3089171,0.115410775,0.030599281,0.05237062,2.1142437,0.8116003,1.802111,0.13461076,0.40928313,0.63064474,1.2503628,0.12212035,0.6387104,1.0653193,0.16967309,0.66027373,1.1217911,0.8191856,0.6017686,0.29443058,1.1803871,0.12029538,1.7836595,0.0,0.048225172,0.054031167,1.52668,1.3357818,0.087580435,0.38871104,0.0,0.2026436,0.33116052,0.22480345,0.65385485,0.2929582,0.16968063,0.0,0.9486448,1.1148328,0.14612742,1.5282896,0.015916362,0.549226,0.16942103,0.74826944,0.13766977,0.34048018,2.7342794,0.21463124,0.013620583,0.16304934,0.5599432,0.48426545,0.34847158,0.27915418,0.10547816,0.077185534,0.75381124,0.09186704,0.036373958,0.0,0.18963236,0.22284979,0.021363448,0.7929311,0.510167,0.9228069,0.75500196,0.14380811,0.114075266,2.3208425,0.37318867,0.071009114,0.3274391,0.4873057,0.16601774,0.054727383,1.1001273,0.34315357,1.3354522,0.10697315,0.0,0.012811626,1.3644564,0.016607339,0.46007562,0.09066999,0.5390403,0.33373618,0.67618877,0.3834936,0.14290996,0.41274992,1.2706925,0.149949,0.9507393,0.38294047,0.24604367,2.2324646,0.5390911,0.7383174,0.4670019,1.8585157,0.5964826,0.82729506,1.59097,0.24681787,1.2863613,0.16763084,0.5180391,0.7924765,0.6638517,1.2430959,0.0,0.14863561,0.60705435,0.024740238,0.66509247,0.21268485,0.4261593,0.9174828,0.07421599,0.5947302,0.3638617,0.14965782,1.5901978,0.19208434,1.0543377,0.5003059,0.11390645,0.3031599,1.237094,0.32371157,0.26810965,0.054911572,0.0,1.0376402,0.3624789,1.3214152,0.17459472,0.20465043,1.0025535,3.1403553,1.4157802,0.38509756,4.415643,0.3013212,0.2012214,1.3203455,0.39718089,1.0302688,0.13127528,0.1740583,0.18494244,0.02013285,0.32281417,0.85708517,0.6115965,0.5646434,0.36046997,0.017352844,0.71175414,0.115808934,1.9272145,2.020156,1.1494415,1.1065092,0.8238238,0.17599265,0.23488118,0.10854355,0.6344148,0.27969816,0.16105606,0.37321997,2.5063467,0.60390127,0.08667791,0.54118115,0.8256,0.072924435,1.3195404,0.09637719,0.6294583,0.8248095,0.8406416,1.4167614,0.4491551,1.2082446,0.038543787,0.47859845,0.18081571,0.06677211,0.47706938,0.28596804,0.1773296,0.50540316,0.5948555,0.51636374,0.10591046,1.0329568,0.12709029,0.13104923,0.62298846,0.5933255,0.74673444,0.14768043,0.6546342,0.6997643,1.0687985,0.22853722,0.5066429,0.11605518,0.36375573,0.25446275,0.08994869,0.29681063,0.020586366,0.64522916,0.04597352,0.10138019,0.5397955,0.20992403,0.0,0.353583,0.023398824,0.22317524,0.13436413,0.73688287,0.5002,0.6115178,2.1830556,1.3016512,0.0045706076,0.559713,0.12972493,0.08272172,0.80392134,0.7023704,0.12909622,0.40043354,0.8550024,0.2234737,0.62590295,0.41069818,0.1684546,0.55248284,0.535956,0.40107077,1.0140077,0.57315284,0.11143982,0.13591295,0.19328159,0.39024112,0.9140211,0.7230539,1.1277882,1.2573516,0.31428185,0.5728366,0.5399372,1.5112759,0.14116408,0.780771,0.78924185,1.2863405,0.545096,1.0248263,0.053255536,0.9893129,0.14968942,0.26532617,0.35388443,0.12247401,1.4923744,0.09419394,0.09686493,0.78732586,2.0062778,0.95767236,0.73083925,0.24816205,0.49964032,0.103261285,0.2482707,3.6683125,0.14844817,0.16556634,0.42657882,0.038325366,0.56665814,0.4804248,1.1084545,3.8927226,0.94206125,0.21658853,0.105478,0.412305,0.21480334,0.5944966,0.2044222,1.7167544,0.032870952,0.21555561,1.0036564,0.09762447,0.9893492,0.6249724,0.036576036,0.660772,0.2348052,4.0435047,0.33136448,0.44871596,0.021232663,0.0026969188,0.4637982,0.03333447,0.14753014,1.2211632,0.08616204,0.30220926,1.0211283,0.3223889,0.16743624,0.14342457,0.07262265,0.10011194,0.13339168,0.10069833,0.44047356,0.2176549,1.2416613,0.30543008,0.5848549,0.11526687,0.61772335,0.050216578,0.37407485,0.7252597,0.07847778,0.47753873,0.4291061,1.4019167,0.02332162,0.0,0.19813526,1.0643604,0.62622833,0.8605315,0.66698456,1.3394252,0.23381558,0.52444035,0.55144995,0.28278,0.79107565,0.11156444,0.27010864,0.5646633,0.8511852,0.05255927,0.32789156,0.6199567,0.35372454,1.6722587,2.708007,1.4799855,0.03325688,0.05915482,1.7603155,0.95982325,0.42276856,0.21142808,0.17021154,0.140409,0.29020616,0.58049124,0.39461064,0.2753922,0.48797128,3.4492016,0.8353025,0.020676425,0.6064663,0.22356799,0.004517234,1.0818726,0.9370481,0.108080216,0.4544548,1.3583256,0.9383178,0.46520886,0.36193442,0.034857053,0.23029222,0.36710483,0.01104168,0.12018145,0.11409939,1.4437555,0.20318584,2.4393597,2.1396067,2.9055064,0.14216574,2.4504845,1.0793458,0.38177133,0.24038477,0.6749762,0.15391287,0.5226713,0.6238416,0.18532959,1.7726315,0.47420183,0.5303712,0.36347744,0.31173244,0.23489279,0.17340657,0.015043334,0.29936993,0.2619757,0.07844854,1.8752942,1.235748,1.1380981,1.3374704,1.4985272,0.2195735,0.6868431,1.4041995,0.6990654,0.31943116,0.32433248,1.1960244,0.22432074,0.5493206,1.0180717,0.5507573,0.16871239,0.61659044,0.027810048,0.11327284,0.060042527,0.024324607,0.54867536,0.34348145,0.69173783,0.33613333,0.17619586,0.32395747,0.29404765,0.15242763,0.086335376,0.268104,0.07460687,0.0,0.46166143,1.5093741,0.7909492,0.31463876,0.0,0.25843498,0.5427406,0.21110624,0.6453967,0.06362873,0.6887087,0.6054047,0.021419346,0.0,0.35384387,0.20474733,0.09652167,0.045410093,0.2069743,0.6932124,0.101690896,2.2184064,0.29807904,0.55847436,0.8459596,0.5255586,0.01901161,0.14513023,0.34964517,0.89694244,0.54422987,0.644017,all_pothole_images\pothole_images_optimized_image_314.jpg
0.27449206,1.0869187,1.3412437,2.37878,1.7782465,0.0914034,0.6053254,0.1392341,0.15262063,2.207148,0.15850902,1.6535077,0.12485187,2.6823542,0.055178713,1.5059067,0.0,2.0220237,0.5374466,0.14485899,0.2670392,0.3118183,0.9139146,2.9989119,1.3273546,0.082806185,0.49369285,0.10266066,0.0052803876,0.27509114,0.12470941,0.5416307,0.10911819,3.8800266,0.072662115,0.1033573,0.024975251,1.9214,2.4833837,0.10547049,0.075666316,0.12275303,0.48307672,0.22443965,0.9560954,0.5035484,0.6395492,0.011625302,0.49727944,0.0690488,0.06338567,0.2328274,0.394446,0.085351154,0.0,0.66348886,0.3368911,0.27327478,0.92924166,0.18233046,0.032673795,0.18813302,0.6029659,0.28715137,0.7364609,0.46467566,0.8973484,0.24554688,1.3849691,0.00037757418,0.9826325,0.5372961,0.049464293,0.0036496853,0.205045,0.02708927,0.15680549,0.25943622,0.0049519357,0.28758943,0.045897886,0.20364821,1.4105623,0.16180916,0.8965148,0.78670424,0.33045202,0.10873611,2.1438546,0.73967654,0.37607586,0.19693999,0.21813929,1.8533175,0.6463484,0.059491787,3.1156871,0.6399936,0.004531148,2.622946,0.17498782,1.0620266,0.21718529,0.15674435,0.71230084,0.7665437,0.38707748,0.0,0.41188547,1.2337604,0.3306326,0.2831221,0.1581095,1.3222535,0.11247987,0.6249924,0.08104224,0.5505399,1.2949768,1.4032041,1.195893,0.74095166,1.1980348,0.18514639,0.5708212,0.29142848,0.0002871368,1.9495504,0.18578327,0.19509527,1.8415666,0.020945637,1.6135836,0.030371722,0.34348863,0.37320867,0.7562958,0.058648176,0.44021714,0.17220853,0.44309118,3.1893706,0.27621886,1.0250767,0.2091104,0.6928848,1.2992691,1.6539724,0.6341903,0.46361762,0.1768961,1.8070383,0.7713672,0.017191898,1.1007487,1.0854563,0.32473484,0.45896775,1.7628642,0.0017026672,1.9015357,1.5363024,0.29933134,2.2317507,1.8825177,0.068549156,0.1787658,0.044425156,0.3706939,1.2543346,0.511549,0.24060225,0.025279094,0.942871,1.4442803,0.7491639,0.3097026,0.044687144,0.19269066,0.24302205,0.49685028,1.1825042,0.36235988,3.669258,3.44962,0.2502224,0.008354069,0.3234797,0.59719086,0.046979237,0.510699,3.1184607,0.08430444,1.0885439,1.6954173,1.4519432,3.0581028,1.7834662,0.44675523,0.0861881,0.76024705,0.7084971,0.09517216,0.11380754,0.6108982,1.0455381,1.4342564,0.11407179,4.2342377,1.8879201,0.098869,0.023803,0.060561553,0.48606133,0.57004505,0.2634177,0.5607534,0.09421668,1.3950833,0.9788949,0.9458624,0.34266248,0.40720972,0.00029515126,0.5209493,0.3072697,0.029005352,0.039867565,1.6379771,0.015053714,0.034314044,0.029908046,1.8599747,0.1889924,0.13556577,0.12512247,2.9565022,0.9667812,0.37978572,1.9747657,0.054393474,0.17522503,1.7802488,1.3103781,0.66530687,0.1910767,1.2478012,0.15919234,2.2556295,5.445244,0.09878918,0.46742225,1.3807838,0.000884122,0.10172707,0.2585025,0.20269933,0.42525858,0.38939634,4.0322065,1.445486,1.582107,0.36387065,1.1349713,0.029053994,0.17482668,1.4498814,0.6780418,2.7773166,0.8367248,0.2777194,0.0,1.6010652,1.2458977,0.21892208,1.0656806,0.23388733,0.24467424,1.1149148,0.66442215,0.0030489245,0.55288947,0.23045069,0.0,0.20862874,0.88678133,0.28102797,0.9408965,0.0065965597,0.03144388,0.20438537,0.22775221,0.5437829,1.5858349,1.4783647,0.38771024,2.2505264,0.45982343,0.30031934,1.7542039,1.6487137,0.096147604,0.06273255,0.003708593,3.6761475,0.038104013,0.53788626,0.0026336918,0.6815988,0.30221307,0.54661644,2.0751774,3.2210288,1.2183578,0.5952248,0.11299359,0.11815097,0.88574445,3.4835286,0.56961614,2.4095433,1.264008,1.5179124,0.19214186,0.498846,0.5461206,0.17572345,1.4411103,0.8968431,0.06253897,2.090158,0.0,1.210774,0.03338868,1.052439,0.14962839,1.3924258,0.16366145,0.7699562,0.6902825,0.17258008,0.19755225,1.9702328,1.3099319,0.6362665,0.022571528,0.43668658,0.62507933,0.39738083,0.74042135,0.0019316018,0.80874133,0.07498633,0.15717317,0.2398631,0.21717024,0.088969685,1.7964325,0.07681066,0.9784197,1.5025996,1.2878308,1.4592052,0.1170692,0.025793022,0.110313736,0.988767,0.5251544,1.7517575,1.457772,0.36720166,0.36058602,0.7471561,0.5583033,0.13733329,0.5970577,0.060982183,0.47841114,0.067028016,0.7262755,1.9227444,0.25190002,0.07182517,0.7233114,0.96196145,0.24533473,0.52735955,0.8243992,0.22651465,1.5061504,0.0,1.5153335,0.18917738,0.38761854,0.0,1.0176468,1.3185425,1.0166276,3.7932308,0.32709476,0.2968961,2.574207,0.53803796,0.057489928,1.0780705,1.1185149,1.2605517,0.41715813,0.05745932,0.079963244,0.1371514,0.5071053,0.058211632,1.208156,0.0,0.3294314,0.57379746,0.49566442,0.03065058,0.061198086,0.0,2.057873,0.42796707,1.8779134,0.6948072,0.9631392,0.74290454,0.8481296,0.35835484,2.5203836,0.24341373,0.7081409,0.13747361,0.075240925,0.17152624,0.40221703,1.1382985,0.0091529945,0.11196644,0.5416249,2.5919623,0.3459411,0.14540131,0.011330299,0.0,0.29458055,0.5409436,0.015481507,0.03898648,1.4742562,0.43950862,0.1571188,1.0274154,0.4429657,0.26509085,2.2145889,1.6530895,0.071674384,0.9800579,1.1836596,1.6925381,1.5481648,0.78607327,0.14466901,0.011723758,0.42106056,2.3248208,0.080614425,0.5098037,0.07222445,0.09058424,1.7689205,0.0006996192,0.8480384,2.2749777,0.42050475,1.9111971,1.1751523,0.31025153,0.111867815,1.3354945,1.525302,1.8013735,0.2723163,0.29979503,0.782245,0.29229343,0.047584888,0.86376077,0.0,1.0870931,2.3782723,0.0349402,0.23048727,0.2563156,0.3529576,0.13825585,0.17853072,0.38818628,0.061847482,1.27787,2.2255473,0.38200474,0.6919345,0.28766125,0.9902136,0.30665806,1.0219861,0.2851039,1.0671251,0.078692034,0.0054606367,all_pothole_images\pothole_images_optimized_image_315.jpg
0.6445181,0.47503284,0.027096728,2.5202067,1.384471,0.193592,0.55160826,1.0444583,0.059587836,0.88859636,0.20247112,0.8832624,1.4012138,1.066113,0.007961063,0.48532805,0.44562486,0.5456297,0.59640795,0.22614582,0.41761315,2.941045,0.3500405,0.81620926,1.074799,0.64655685,1.181349,2.3404412,0.0661069,0.33035785,0.2253272,0.10187388,2.3825548,0.5333911,0.62314314,0.4252995,1.5778803,1.296242,0.78500223,1.944519,0.1789815,0.59059244,0.10918125,0.9753511,0.15394597,0.38381124,1.1863518,0.028430097,1.5344362,0.43582806,1.6484035,0.27413395,1.0287874,0.11894061,0.0006603643,1.1953794,1.3950328,0.16881946,0.7026029,1.0270225,2.0913951,0.8138146,0.89789253,0.071515515,1.6525025,2.3708985,1.0141895,1.5127004,0.11275725,1.8559572,0.121852845,0.18048213,0.5814388,0.56469095,0.15966818,0.5307086,0.34737712,0.8567642,0.0,0.5880256,0.40706423,0.09581982,0.68899786,1.701594,0.21620765,0.41511706,0.16638543,0.0636849,2.5377877,0.6243268,0.79306424,3.034436,0.5020693,0.19726577,0.018179884,0.3307209,0.15000442,0.35153115,0.947996,0.6542608,0.77251,1.4787447,1.4536953,1.4364566,1.3092486,0.49395442,0.8636409,1.015852,0.07855841,1.2762375,1.6173441,1.8847338,0.91031146,0.008828481,0.80314916,0.8336801,2.8031375,0.091084145,2.0018387,2.0913076,2.392572,0.11244371,0.17518201,2.4333172,1.058534,0.85388005,0.31693932,0.283599,0.31578103,0.10786537,2.3147852,0.26771522,0.006433329,1.3228115,0.11634331,0.25207767,0.1601544,0.97877425,0.2958662,0.22661291,0.4466914,1.5167115,0.7942711,1.1667836,0.7228648,2.267317,1.7846278,0.0,1.4276994,0.58274686,0.38131478,0.04439389,1.2025342,0.24341069,1.5910919,0.2743919,0.5016606,0.7762124,0.37845692,0.5155057,0.28895265,0.012880029,0.53494334,2.5220947,1.86418,0.7690455,1.7994524,1.4085746,0.99190784,0.3511907,0.1755492,0.33031604,0.92841876,2.9224517,0.26452324,0.32950324,1.2643499,0.1149214,0.28809753,0.03408133,2.1528757,2.7634768,1.4911704,0.10483025,0.9146473,0.39399213,2.242698,0.86147064,0.29270846,0.1317122,1.1949856,0.4031822,0.23716667,1.9079936,0.04641179,0.0025364575,0.6817574,0.8440072,0.43604246,0.147147,0.14546251,1.8840207,0.7869943,0.5414855,0.38146874,0.2182316,0.27467313,0.0,0.7196666,0.51121247,0.007304538,0.4347527,1.9189487,1.7688744,0.96961415,0.5950869,0.69075525,0.015366488,0.37647328,0.14867948,1.0571398,1.0619483,0.4451196,1.1894002,0.3187371,1.5160626,0.5691617,0.5912797,2.0877783,0.4505932,0.40339908,3.0616987,0.62993973,0.5343858,0.4141913,0.59152114,1.3113759,0.24786569,0.42133182,0.0146665,0.12101375,0.1359572,0.19784555,0.11679174,0.16114028,0.011107379,0.43078092,0.1262084,0.17813495,2.0310578,2.1244395,0.53933793,1.6357564,0.13162328,0.15922609,0.021927867,2.1227503,0.6770647,1.3286104,2.3208559,0.43416166,0.28094357,0.1627999,1.7260032,1.0771948,1.4787519,2.810479,0.23050897,1.1250734,0.4933499,1.7658781,0.8286584,0.32372043,0.46597993,0.21872368,0.42437783,1.1393322,0.75953037,0.06371587,0.34465173,1.0054077,0.1261932,0.12780854,0.19039123,0.69763017,0.26718545,0.6779121,0.36801776,3.119414,2.0562317,0.3332179,0.27743998,2.4935,0.23880927,0.36264133,0.38408303,1.210717,1.9034797,0.09040297,0.36388907,0.20531543,0.27716663,0.080377325,1.0585709,2.6136978,0.2435774,0.1389909,0.73690104,0.31992853,0.36438948,1.0481678,2.2804503,4.0290756,1.2252146,0.19884157,0.46509773,0.09345735,0.0807727,2.337973,0.7293565,0.6883334,1.2919202,0.1487188,1.0569223,3.1679478,0.811365,0.21136019,0.6262908,0.38694394,0.81396407,2.9075575,0.7861675,0.6627523,0.453844,0.01009349,0.25207466,0.9326466,0.76263225,0.48810935,0.3623319,0.48223758,0.94487053,1.889683,0.16939192,0.43958944,0.0061565978,0.76893955,0.35781655,0.0776948,0.5372165,0.7398761,0.93826157,1.0088197,0.26472428,0.8915388,0.1699037,0.829041,1.6227233,1.8798255,0.52731603,0.787295,0.008747351,0.08062436,0.19840477,0.10350167,0.28100154,2.2266724,0.1053704,0.61383855,0.19426188,1.9874029,0.38533127,1.1712521,0.19122534,1.4036571,0.34997302,0.042822875,3.000936,0.87759304,0.9594633,1.4004205,0.28467456,1.4659431,1.6299123,2.1050086,1.3782482,2.0064778,0.5083256,0.66549563,0.93292266,1.3063513,1.2835629,0.10533101,0.19899155,0.46164683,0.20554756,1.2522066,0.5229605,0.8244611,0.14842871,3.7934804,0.68390465,1.74061,1.2928864,0.7671461,0.18946496,0.14295796,0.6450372,0.036846675,1.4539403,1.0605186,0.9024729,1.1936042,0.14725733,0.6025404,0.69269264,0.6894222,1.3406132,0.16443844,1.6595612,3.1802106,1.9274223,2.0741112,1.678283,1.810985,0.4950468,1.5183498,1.6426412,1.8105663,0.4121979,0.25128832,1.9736433,2.0416453,1.0241479,0.7811702,2.0052383,1.9474447,1.2244546,1.2772563,0.1206811,0.76620203,2.0655918,0.67212534,1.5928491,1.1481628,1.1539093,1.3789121,0.26776975,0.42316124,0.06719806,0.7429031,0.31120646,0.30656487,0.7687063,0.4372856,0.65666336,0.9634461,1.3071886,0.8331446,0.2518246,1.9270673,0.9344406,0.38713142,0.0,0.3634807,1.238981,0.118648335,0.12110702,0.6648234,1.8030512,0.90704167,1.3535118,0.20197369,0.23507743,0.17220587,0.43139258,0.90741765,0.23638128,0.07064384,0.06843322,0.2914707,2.6375253,1.0233916,0.28226957,0.020058043,1.0268062,1.9491297,0.08161141,0.20135653,0.34126917,0.79993606,0.19609378,0.436902,0.0420902,0.2620526,0.06874051,0.25413796,0.5518355,0.09596158,1.5180521,0.034869257,2.1287453,0.5146185,1.2003491,1.4751235,0.77648574,0.03490405,1.3473246,0.80897444,1.7939622,2.2382276,0.2965794,all_pothole_images\pothole_images_optimized_image_316.jpg
0.15989436,1.6322199,1.1066991,0.7140503,1.6157606,0.57191217,0.36716643,1.2612617,0.4578616,0.59282047,0.12701386,0.17314874,0.09443884,2.9821575,0.6438354,0.9211831,0.50204736,0.13909478,1.4500102,1.3650799,0.3197378,1.3120353,1.1293924,0.63449275,0.50692,1.1794617,0.92271703,2.6782815,0.56547624,0.14350216,0.26124984,0.0069292174,1.879302,0.61097956,0.70758206,0.37698978,0.4082765,0.5447507,0.13532913,0.95926714,0.4374905,0.7603155,0.47510648,2.1290069,0.78353786,0.3176911,0.5772721,0.21085551,1.6332664,0.26163357,1.0878407,0.2887057,0.33866352,0.527021,0.39457476,0.48859015,1.9631299,0.28331372,1.6322485,0.92219293,0.3519441,0.45738965,1.9718893,0.64642537,0.44975677,0.14932203,0.9208338,0.75690067,0.22646071,1.5024751,0.77039105,0.59564257,1.5202588,0.1110202,1.0524198,0.20337638,0.19892289,1.3101944,0.49337095,0.49023694,0.4078686,1.3063637,0.16718355,2.1052058,1.3756597,0.24416673,0.35605276,0.7600634,2.1089985,0.6241694,0.062344696,1.0336049,1.8450165,0.13161246,0.2786953,0.6003497,0.55345386,0.25082,1.4451103,1.0495605,0.041499168,3.290338,0.5053645,0.15157817,0.1723542,0.5550804,0.4129273,0.36419716,0.80122095,0.24607697,2.2155125,0.26981354,0.18168001,0.27345967,0.24577631,1.4252621,0.77224666,0.70637494,0.47267073,0.906737,0.78877103,0.11994566,1.0630268,0.6685192,0.6134166,0.6982855,0.48881996,1.144536,1.0782039,2.0571332,0.7340374,0.80865,0.70863324,0.36433274,0.7760651,2.5620997,0.23804577,1.6643194,1.5074633,1.2852068,0.44476,0.35549384,0.4587389,0.42256856,0.4559951,0.85004944,0.097000025,0.3208387,1.16962,1.3679792,0.65354204,0.94957,0.30249572,0.6443319,1.2433836,0.25084296,0.53475636,0.16715968,0.23360024,0.25182474,0.7240946,0.7639817,1.076406,3.312155,1.0259949,0.28400365,1.4771115,1.0124493,1.5108496,0.40503776,0.57811564,0.35450238,0.5072445,0.2324242,0.091298714,0.3995189,1.457725,1.6773235,0.21477966,1.3957037,0.32538962,1.3423803,1.455831,0.15658447,1.0431155,0.9487482,0.18476762,0.121469304,0.07327269,2.045989,0.7572901,0.5993122,0.36655796,1.5117402,0.38650736,0.52979213,0.35775873,0.034173146,0.095860496,1.5765197,0.4694892,0.16942237,1.0794398,1.8234024,0.21960038,0.7558811,0.22010925,1.0140492,0.2020172,0.02845869,0.50223064,0.43029106,2.244866,1.4325001,0.60469955,0.20521726,0.3108522,0.28799075,0.68619007,0.9660943,0.550877,0.014331608,0.0021746657,0.6523133,0.06844166,0.035958067,1.2897867,1.164089,0.7491412,0.7172732,0.24700283,0.25766566,1.433239,0.5554659,2.3279865,0.175783,0.4100933,0.033232577,0.0,0.25855592,1.8698565,0.20147981,0.5538776,0.84306335,0.1706862,0.046577133,0.6397093,0.42403454,0.25122792,1.2602059,0.8157747,0.054588486,0.06414312,2.3894248,0.038997743,1.2579795,1.517938,0.020669276,1.2345103,1.6048214,0.34254014,1.4060005,1.350907,0.13574116,0.04715791,0.5768198,0.3659165,0.3923303,0.23254795,0.3727466,0.11445501,0.3618052,1.0707587,0.13630427,0.23167521,0.7581002,0.48292735,1.0744939,0.40072381,0.56379807,1.1074506,0.53863394,0.1928801,1.1617713,2.2988374,1.2294235,0.9036129,0.25146145,2.3225431,0.18148692,0.91118073,0.36051014,0.6231126,1.9384984,0.4669387,0.339633,0.20148294,1.0700063,0.62934303,0.66610974,0.011550403,0.08100929,0.30090636,0.319756,3.995865,0.4447738,0.17175265,0.7718018,1.1710744,0.46520448,0.24606845,1.5333467,2.5278087,0.7511336,0.2724532,0.42481476,0.16107282,0.6555313,1.0962592,0.38099054,0.1895516,0.21113491,0.025504248,0.2312492,1.4755819,2.0779397,1.2486165,0.4555715,0.09883168,0.81798255,1.9576393,0.80666226,0.43717185,0.53505284,0.7900823,1.388354,0.53953475,0.4288706,0.43753332,0.1327835,0.7373708,0.19049352,0.09612961,0.16361275,1.0722008,0.017009266,0.3882249,0.97789156,0.22047155,2.3719482,0.1984421,0.21907851,0.66430354,1.5245949,1.1538391,0.33896336,1.2478957,1.1205003,0.8343244,0.166626,0.42600867,0.027750337,0.35407674,0.40638685,0.13400093,0.39684656,0.4370238,2.3138015,0.17015402,0.748077,1.738062,0.71984327,1.2597227,0.981424,0.25741592,2.5145674,0.72004163,0.68710095,0.39864147,0.63935876,0.10792164,1.0567055,1.6145443,0.08112535,3.414971,1.8266103,2.7529783,0.063807756,0.14456049,2.1491551,1.7619694,0.094071046,0.4148262,0.6127294,1.0100775,0.030771859,0.65594035,0.0071384194,0.2237824,0.09627461,2.3105137,0.42528012,0.15213384,0.354102,0.05181579,0.1948616,0.38489547,0.1408296,0.61923784,0.5880434,0.26434037,0.6177951,0.50515884,0.26509872,0.14461882,0.7509726,0.7570756,0.49168497,1.1409345,0.21742128,1.5418184,1.3694549,1.5476801,0.61277044,0.957592,1.9054741,0.75563353,1.7949201,0.87067056,0.9295719,0.9208433,0.26993388,0.23251085,0.33771318,0.9766565,1.075388,1.6077989,0.6199638,0.6348384,0.2812623,0.7825859,0.4008989,0.40472594,0.3150256,0.17271255,1.4329025,2.401357,0.56039286,0.47430664,0.87807524,0.14840434,0.3894439,0.30810934,0.47522843,2.0711892,0.8051188,0.12491811,0.66513467,0.43726832,0.22274616,1.5427588,0.26971552,0.9277429,1.2546972,0.7180545,0.46422514,0.09363966,0.9014793,0.97406065,1.0977516,2.0424473,0.8445614,0.61272705,0.50277317,1.1532075,1.6379615,1.0720211,0.3989343,2.3384445,0.81873536,0.43255436,1.1373494,0.41812095,0.6235221,0.029726306,0.2613146,0.60619515,0.44427598,0.7918798,0.7493411,0.44500855,0.9691456,0.90523916,0.43393904,0.17137021,0.18189442,0.73890865,0.41145116,0.59710443,0.36780754,0.98130405,3.2033148,0.016135033,1.1748586,1.4283292,0.04658984,0.047609195,1.0319551,0.31506816,0.89933634,0.43031922,1.5242285,all_pothole_images\pothole_images_optimized_image_317.jpg
0.049092665,1.1092615,0.15576729,2.6713495,0.44886863,0.04351247,0.24390209,0.0,0.47524333,0.021095987,0.14897022,0.062873624,0.0,1.7346026,0.07000455,0.20895521,0.0030674,0.13787971,0.10714846,0.3210334,0.5671369,0.9094484,1.6701112,1.4339212,1.6319113,0.25823975,0.0,1.4657228,0.0,0.39874828,0.46036598,0.0020479595,0.052044336,0.002543682,0.2797409,0.10153897,0.26077518,0.337884,0.17066385,0.13074963,0.01755878,0.70575947,0.62921447,0.20507121,1.051153,0.0019481108,0.24066213,0.30818504,0.13248397,0.12065792,0.023880927,0.5129077,0.19908291,0.5202685,0.37480256,0.83263266,1.8559043,0.08139682,0.00298452,0.10639879,0.00912025,0.09160472,0.46650913,0.19725104,0.4787909,0.90894395,0.16525824,0.025629696,0.17731094,0.22855368,0.20403798,0.029220711,0.312018,0.037825096,0.5931637,0.8654399,0.024846796,0.33517838,0.0,0.006313611,0.022236124,0.75242907,0.117947005,0.33679324,0.51919466,0.0027707359,0.0433367,0.13354473,1.0115693,0.50516135,0.004028729,0.14836581,0.082184225,0.18719755,0.58456,0.00037779176,0.6069655,0.5829188,0.38388646,0.73105884,0.06194783,1.4321564,0.897603,0.025985964,1.232871,0.029854827,0.7810179,0.06526686,0.0,1.9359235,0.046666376,0.73375964,1.6105917,0.5260642,0.817278,1.0725843,0.0,0.12783717,0.9186645,0.0063037877,0.8908909,0.13405573,0.026328038,1.8557873,1.4881223,0.12599283,0.46072719,0.0,0.0,0.012244952,0.0047113565,0.014242316,0.0023170998,0.28356677,0.42480138,0.20262219,0.08791508,0.28309584,0.080056906,0.002300113,0.5267552,0.5257056,1.0585375,1.55768,0.060856313,0.1259127,0.06425173,0.0,0.6113248,0.1357197,0.040074155,0.0,0.26691362,0.5274783,1.8861542,0.048928738,0.021668421,0.74213904,0.021031283,1.9606407,1.0237962,0.5629845,0.012048406,0.94176865,0.9335252,0.42356747,1.7186412,0.54500794,2.930415,1.756755,0.0,0.0,0.05707292,0.015220647,0.32416072,0.0,0.2844514,0.027575647,0.46609488,0.069419,0.0,1.8503888,0.18079561,0.0897483,2.1347544,0.61349154,0.35447055,0.01011559,0.6505006,2.0188506,0.26049182,0.0,0.015365764,1.1091715,0.6809921,0.006995909,0.80216604,1.5407813,0.38276473,0.40990335,0.036544096,0.6967307,0.041373197,0.38216463,0.042728566,0.2256778,0.18611063,0.16752322,1.4661796,0.9232555,0.0,0.13457096,0.5771854,0.43513948,0.6221738,0.7764737,0.01606977,0.3099929,0.13623266,0.11099823,0.20071067,0.014729105,0.10001338,0.6541893,0.0,0.0,2.4627638,0.0058988463,2.925717,0.074976,0.007101566,0.0047401893,0.035445232,0.07699618,1.6154442,0.0021701357,0.64355046,0.0,1.1905458,0.12350007,0.8415974,0.01462448,0.1410188,0.012133998,0.0028554825,0.014789946,0.4608441,0.14743814,0.42673033,5.0847545,0.88815385,0.11599741,0.0,0.00635681,0.0,0.004982682,0.90261513,0.024823906,0.37255177,2.869432,0.39420664,0.5605001,0.7474701,0.05186334,0.06164856,1.1271985,0.95275724,0.11398581,3.1134984,0.04830281,0.2826287,0.0,0.24044736,0.20913462,0.16813242,1.1612972,0.026565123,0.60215604,0.38132602,0.08610074,0.092791885,0.1677955,0.5466889,0.0037838572,0.0,0.2890971,0.4243462,0.36899033,0.46278533,0.044575166,0.0076286704,0.50551194,0.21150202,0.59412223,0.09808287,0.3712167,0.0351737,0.4099416,0.069731474,3.0511355,0.37159774,0.32295504,0.024973212,0.13983664,4.6270413,0.11289716,0.103060976,0.010821836,0.5459538,0.44096935,0.0,0.5204875,2.558458,3.2092981,0.12805347,0.71796304,0.0,1.6815791,3.3544154,0.75217223,0.005699013,0.017433332,0.084423155,0.1005826,1.8944025,0.37621772,0.5796748,0.02482063,0.021743586,0.041121773,2.8027954,0.0,0.0012305147,0.11087575,0.04798894,0.0,2.5665815,0.26092896,0.2876224,0.29383332,0.13352266,0.12312531,4.580727,0.70431286,0.73254657,0.08599909,0.76334256,0.5659316,0.11352533,0.019301323,0.31804326,0.04029273,0.40102202,0.25299725,0.02659117,0.2929433,0.0014615182,0.37353554,0.57825536,0.52646327,1.3271608,0.029321797,0.03809413,0.025703935,0.0,0.011425647,0.59871584,0.20985737,0.029554758,0.013838061,0.3744265,0.023824384,0.002766258,0.7120418,0.18484715,0.9000261,0.4604537,0.9693088,0.81254745,0.8097674,0.17940903,0.0025795186,0.60821366,0.08639495,2.5182073,0.031365655,3.3208785,0.04805304,0.0,1.2075571,0.092549115,0.6713512,0.07222507,0.40261617,0.0047982684,0.26860413,0.30376935,0.47924072,0.09444034,0.11274746,0.393986,0.6679984,0.3248175,0.34648174,0.16121711,0.06960037,0.055489063,0.30729482,1.3969982,0.09292715,0.0,0.5523468,0.0,0.14066711,0.005146879,0.7181201,1.4138308,0.16774839,0.3590613,0.44191733,1.3688552,0.02413439,1.1832842,0.02516378,0.72205454,0.30982175,0.9887299,0.06486913,2.154234,0.0,0.017565273,1.253258,0.117799446,0.38172016,0.1328943,1.1450151,0.75922126,0.24810962,0.55931747,0.42720076,0.58351225,0.2521326,0.1751751,0.105978146,0.034532767,0.0622782,0.9380767,0.1156548,0.08341759,0.6192781,2.6366272,0.0,0.7510723,0.052032415,0.6621657,0.642464,0.32370487,0.012148667,0.0,0.28165072,1.7877619,0.0,0.22593996,0.002775132,0.72207284,0.17131819,0.0,0.0074311458,0.0,0.8616065,1.1833643,0.38637635,0.005660229,0.010479348,0.6901164,0.15006119,0.17221574,0.5195061,0.71426845,0.0053830626,0.8230863,1.0245346,2.371693,1.3012719,0.039424684,0.64606524,0.32863808,0.0,0.35125443,0.011085547,0.25898945,1.3050313,0.8870873,0.0,0.0,0.0,0.9412962,0.0066714683,0.008227477,0.0056776325,0.5481641,2.7487166,0.85112137,0.059690427,0.011293436,1.6874845,0.23148836,0.0729651,0.0,0.5276269,0.48118478,0.1317528,all_pothole_images\pothole_images_optimized_image_318.jpg
0.57133806,0.8902745,0.48337814,1.1155701,1.2253537,0.6335125,0.29711524,0.6352582,0.124331355,1.8868608,0.31895795,0.14906804,0.18933319,1.1798774,0.16199169,0.09193004,0.02340495,0.25190714,0.8624059,0.2165841,0.22991422,3.4435704,0.61275524,0.34471574,0.07845513,0.27963766,0.11360097,1.7970369,0.87908846,1.2278607,1.4610903,0.0010774749,2.0077484,0.35126728,0.012331462,0.64585304,0.33545205,0.8544985,0.0,2.9696078,0.0,0.052490663,0.14825962,4.3367877,0.13424638,0.08161281,0.566854,0.0072986335,0.25457782,0.20969944,0.91760236,0.55278265,0.68575346,0.009592732,0.0,0.21137644,3.9069388,0.22223926,0.32841948,0.003298,0.19942811,0.56442183,0.14964633,0.065460265,0.90222067,1.0241094,0.03530614,0.3792754,0.13251533,0.46452382,0.86336404,0.109362036,0.4999743,0.46118316,0.007711777,0.58532065,0.010568398,0.27774674,0.10955294,0.09864334,0.38025922,0.030305449,0.089053884,1.9838285,1.0027679,2.0147216,0.31650364,0.101816334,2.5622234,0.40999362,0.12655829,0.14826123,0.061158538,0.5274053,0.09295201,0.24117623,1.0119181,0.046347093,1.9158587,0.066283464,0.0,1.103189,0.019451212,0.022039915,0.099456765,0.11414557,0.056862775,0.12639289,0.14580306,0.31821078,0.02751215,1.9402899,0.06977335,0.004611264,0.56529033,0.20697625,2.5302467,0.3162878,1.0384263,1.036267,2.3566232,0.30134472,0.22247158,0.90209204,0.023437422,0.3338588,0.6922733,0.87896675,1.5689056,0.42699355,1.8036865,0.0,0.16626523,0.38666114,0.33890945,1.5506393,0.19951352,1.596214,0.46748504,0.51377547,0.27743003,0.3004771,0.50755864,1.314938,0.11494967,0.58601695,0.6344354,0.21937226,0.3121662,0.13218778,0.8713933,0.0,0.29702663,0.08285152,1.8185085,1.0474155,0.7596738,0.0601251,0.16630328,0.17773269,0.82649136,0.16191165,0.0,5.1938148,0.43636045,0.14972945,0.4539663,0.2622971,2.5434067,0.05614934,0.18626443,0.46671626,0.2981958,0.015638236,1.25096,0.005287355,0.47238493,0.0,0.5000455,0.0,0.60235095,2.3028772,3.3214428,1.1436301,1.4760469,0.18223539,0.14568712,0.7299406,0.14578745,0.41817003,0.69819385,0.0040614656,0.22277372,3.2615173,0.9495667,0.048816923,0.0070403204,0.359001,0.091484405,0.8047946,0.20473708,1.5588083,1.7721965,1.4445393,0.29525763,0.07140588,1.4831195,0.26744878,0.13619645,0.5930182,0.0,1.4772685,2.477918,2.0803714,0.35624126,1.163112,1.2766256,0.0023512319,0.99981576,0.4392931,0.50201243,0.92405885,0.0,0.7694635,0.26859295,0.0791146,1.677197,0.24601902,0.040608257,0.11147958,0.18636662,0.845186,0.13792226,0.035347532,0.17433937,0.00019626228,2.569096,0.024408897,0.0,0.15729281,0.03370913,0.005906256,0.10952745,0.1481099,0.3031096,0.0,0.7276082,0.007083396,0.11332957,2.6171317,3.0396886,0.28350243,0.16852374,0.30136698,0.17878717,0.67623955,1.2759967,0.0,0.999925,1.8367076,0.007766523,0.66651344,0.77405393,1.3016335,1.2393321,1.3713754,0.66703045,0.64576364,0.58544165,1.01479,0.0019875034,1.1782721,0.49019983,0.07783604,0.51471746,0.50638866,1.9971436,0.7633052,0.1909815,0.5838337,1.7671499,0.0025936589,0.06264445,1.0685967,0.36601582,0.026920272,0.32671586,0.041675635,0.71490306,0.14450037,1.4055616,0.13347307,0.6053631,0.57841486,0.37713802,0.4048166,0.042859696,0.50228155,0.377001,0.008324354,0.016287358,0.6337566,0.11767651,0.93228215,6.855941,0.0058573554,0.017291123,1.2237484,0.0080367755,0.6453,0.42538396,1.3381263,2.7296054,0.3223692,0.2689227,0.9829503,0.0113864085,0.5432502,0.26213586,0.042073842,1.0431249,0.14147887,0.20365801,0.41140077,0.19146661,0.14385003,1.4562172,0.02011405,0.18689613,0.3295516,3.8534904,0.29019552,0.3237626,0.079321034,0.006375353,1.2118833,1.018545,0.11568699,0.16957168,0.12271856,0.85170376,1.4386195,1.0615448,0.00048378413,0.31283522,0.0,0.16384083,0.84069294,0.50161475,0.5867246,1.1188158,0.5043368,1.4961032,0.40162906,0.07608391,0.3430938,0.492729,2.2211058,0.49654928,0.5533453,0.0,0.02636716,0.5082583,0.57896835,0.0047484906,0.01799986,2.681113,0.00304335,0.00051443663,0.08095465,3.198973,0.71992725,0.22850153,0.0,1.0614305,0.09937564,0.06715682,0.058155045,0.24687971,0.41936857,0.0,0.20060661,0.71462125,1.0862838,2.9443054,4.0613165,1.8575706,0.076222636,0.088096745,1.3339444,1.4029243,1.217549,0.013128758,0.25214398,0.01885919,0.0029604158,2.25201,0.6243109,0.19551302,0.13326843,4.332465,0.11778111,0.8584046,1.6286929,0.5352993,0.0017461753,0.35764226,0.9689697,0.0,0.41317576,0.692817,1.1402582,1.4964936,0.4622175,0.021451727,0.14102837,1.870597,0.0,0.35449246,0.010308759,1.9659184,0.21451919,3.452301,1.5556203,3.0907526,0.083537705,0.842696,1.7720723,0.87881726,0.5720633,0.054141488,0.78505033,0.15935731,2.7368615,0.37047857,5.0393686,0.3543895,1.0142602,0.23247111,0.7117851,0.8177933,0.5011192,0.25179067,0.57012236,0.50455695,0.13882455,2.2417688,0.09068136,0.09847496,0.0010472719,1.5531515,0.24034852,0.10586328,0.102334246,1.0520962,1.00388,0.24529135,1.0245378,0.89730823,0.89334464,0.6348223,0.23071158,1.0454004,0.0051312526,1.5521408,0.1982171,0.32320789,0.04209641,0.2967214,1.1938807,0.33184528,0.33318645,0.15577415,0.84781,0.11468531,0.3401282,0.14442453,1.8240216,0.030594543,0.035892475,0.34877008,4.06771,0.7118373,0.023197621,0.0,0.16377325,1.9017949,0.059746712,0.17915401,0.06189975,0.3264235,0.0054495563,0.0,0.022211906,0.09393646,0.19209595,0.0,0.38530183,0.14105523,0.024031209,0.0009735011,6.6493134,0.61845005,0.94881696,0.6274145,0.97388536,0.0,0.6716667,0.075089514,2.0138636,0.42146447,0.0,all_pothole_images\pothole_images_optimized_image_319.jpg
1.795272,0.110103704,3.6705058,1.0513959,1.2443985,0.26472166,0.20193167,0.14840183,0.64729077,1.5482109,0.7238752,0.7668481,0.14903302,1.1352507,0.03154168,0.46995425,0.11565073,0.7197627,0.5267885,0.5395186,0.4561279,0.6307088,0.82337236,2.2749836,0.27081585,0.27771384,0.89034224,0.6002211,0.0,0.48474938,1.1378324,0.17379683,0.30842978,1.4520948,1.5746357,2.355063,0.101797566,0.2280992,4.013926,1.0163943,0.21328667,0.5278738,1.1975224,0.9471156,1.1220527,3.8173263,0.11393821,0.0,1.9188167,0.6968862,2.0722783,1.5003234,0.34306005,0.0005537068,0.123863876,0.34780043,1.4825478,1.8809658,0.7684016,0.2373255,0.36068478,0.6712034,1.042118,0.4994499,0.9039295,0.10581865,0.13225105,0.32726762,0.3294606,0.21914923,1.0725722,2.0870693,0.42536926,1.1723832,0.6639602,0.0051871683,1.5215515,0.8967031,0.37760684,1.1051996,0.035070043,0.2836747,0.9187627,1.358422,1.9211345,0.07446138,0.28968942,0.7230494,0.5792265,0.12612736,0.7922964,1.5851957,0.33355147,0.14776593,0.14368473,0.20299259,1.3966453,0.30115587,2.112127,4.5544066,0.25688353,0.9760779,1.4455673,1.3056551,0.37624595,6.8473673,0.22082305,1.6569841,1.6579658,0.64824855,0.7918321,0.010605883,0.314355,2.495322,0.7366797,1.8344444,0.451282,0.97876716,1.0698731,0.08902822,1.6682088,1.3658102,0.35461795,0.53805417,1.5482261,0.07304722,3.0689657,0.67424655,0.10120633,0.4300444,1.3764187,0.053454448,0.31074286,0.09085973,0.030582711,0.21751806,1.7043477,0.035100468,0.7683678,0.10350116,1.5378156,0.47379193,0.59476215,1.5145819,0.052210547,0.0136575345,1.5207217,0.90979445,1.366709,0.015755653,0.37557805,0.1905824,0.37235695,2.1298923,4.456596,0.8151856,2.2092035,0.750985,0.7296046,0.58758104,0.9530146,0.10619794,0.08832731,4.9633217,2.141083,1.0462774,0.6924853,0.61337775,0.779169,0.7968489,0.86499417,0.8353248,0.120624274,1.8271317,2.4871545,3.0730236,0.3531269,0.091041915,0.08959603,0.2955623,0.92031556,0.71330714,0.0,3.8604121,0.119950056,0.79444027,0.68441725,2.9579163,0.82787097,0.19970801,0.47714323,0.8333894,3.5982168,1.8817918,2.211825,0.26091954,3.097634,0.21118888,1.2741556,0.007022809,0.36017445,0.98971725,0.4504527,0.63075525,0.7779557,0.65862364,2.1323266,0.033772457,0.060662445,0.1320343,0.102031335,0.556613,1.8039995,0.98188126,2.3216953,0.0,0.5400782,0.3542366,0.4592686,0.068312615,0.0018439086,1.1353605,0.57824546,0.83513427,0.66352725,1.0785238,1.8778291,0.26430514,0.20845409,0.21121573,0.5344375,0.56364274,0.87599194,0.86862546,1.7208625,0.10647307,4.266959,0.04722419,0.7411101,1.813988,0.6191596,0.49535587,0.521931,2.4875288,1.8777441,0.28972235,2.1995816,1.3768259,0.070778534,0.057461806,0.35016993,0.01508389,1.0929862,0.6016029,0.0333975,0.37115493,0.029537197,1.2196622,0.3652809,0.0037008028,0.40957978,0.9981979,1.2198877,1.3500677,0.16908146,0.6679194,0.6089545,0.28385732,1.4677497,0.48738873,0.21744932,0.07669284,0.14839625,1.3423039,0.53655046,0.7772739,0.6963181,0.37095416,1.0359123,0.74019635,1.6709137,0.036663,0.9188075,0.11139959,0.2540506,1.2639673,0.06735426,1.3787373,0.48301297,0.92938703,1.5284442,1.9117157,0.033165745,2.558258,0.9176685,0.98621196,1.0672941,0.61799246,2.0466444,0.34907663,3.3165276,0.0050259843,1.3130648,0.68361,0.56431854,0.007636005,0.05859628,0.40407312,0.1013762,0.9922389,0.27635425,0.56257147,0.069995366,0.87512004,2.8994732,0.0,0.002156511,0.48620713,0.875473,0.62617624,0.89160293,0.27390498,2.0557454,0.45495015,0.34166965,2.1032553,0.11584654,0.24468584,0.10281257,0.3936267,0.67923844,0.676639,0.86133343,0.07093492,1.4676027,0.9700801,0.4364348,0.13027672,0.8295472,0.29118448,0.0007442401,0.007037409,0.18676314,1.2188057,0.49571827,0.36621258,0.048026703,1.0627999,1.1107576,1.0040582,1.0267802,0.66123843,0.059997264,0.65373725,1.603148,2.0979135,0.4856017,0.9225263,2.4257324,0.81394404,2.3731651,0.32330784,2.506502,0.68704134,1.4284002,1.1514363,1.7294213,1.0245658,0.2341473,1.449145,0.63583946,1.0131141,0.30796397,0.23044722,0.113578506,0.3366154,0.5625182,0.0,0.8145755,0.7426474,1.0544957,0.9332157,0.97766936,0.32418683,0.38288027,0.3167944,1.4064337,0.19116935,0.12630661,0.007307161,3.6845112,0.3056289,0.67115986,0.11347399,0.06194786,2.4384491,0.32625923,0.9275838,1.4465058,0.6531744,0.40528387,4.2480145,0.9435595,1.4530462,0.6946084,0.057691447,3.6812098,0.3118092,0.26101983,0.39105427,0.23590788,0.56988484,1.1221086,1.142849,0.053802688,0.0019506227,0.22297157,1.0056133,0.7181727,0.0,0.09444848,0.2741598,1.0625306,3.03206,1.1218132,0.7849142,0.9418537,0.079769485,2.3666842,2.798181,0.34622923,0.4834732,0.20919675,0.5573258,1.1268352,1.8643434,0.54821146,0.6674248,1.128243,0.6478036,0.63291913,1.435547,0.71291643,0.26645473,0.010647313,0.2275818,0.5415073,0.26491064,0.47575992,0.42697135,1.7754092,0.3488788,0.5555551,0.26567364,0.74466795,2.3222024,0.18199195,0.93652934,1.5070221,0.5267761,0.9082151,0.63955927,0.6325717,0.4977674,0.6413391,1.3669066,0.5701976,0.5690436,0.9248768,0.4684613,0.37795472,0.8171082,0.08716791,0.39327914,0.39619234,0.08579594,1.3563453,0.25207695,2.4189925,1.5900412,0.2606239,1.3634624,0.5124034,0.10640977,1.0332907,0.95599806,0.21663377,0.019203644,0.35323846,0.16137744,0.26468047,0.0023399154,0.04176884,0.08915088,0.40929544,0.19221301,1.5520225,2.4512389,0.0,0.80760807,0.17304525,1.7972554,0.050242163,1.4551376,0.010999096,0.4115108,0.0,0.0,0.17775537,0.16580164,0.0,0.3689396,all_pothole_images\pothole_images_optimized_image_32.jpg
0.033072237,0.71124077,0.55915695,0.9143687,0.61184984,0.52188444,1.2204915,0.13038498,0.02360089,2.3566394,0.13852488,0.8081186,0.26677972,0.69408184,0.12444819,0.9028052,0.28713524,0.41271225,2.9189885,0.18145657,1.451774,3.1818006,2.9877849,0.6777085,0.88438594,0.33618522,0.23478103,2.457204,0.6392682,1.054021,0.9040396,0.11425219,0.3632831,0.1984066,1.3527412,1.5688778,0.032698773,0.30756724,0.39877382,0.6284255,0.52910054,0.57785887,0.0017635018,0.94591326,0.65019584,0.4666142,0.1673504,0.0017657529,0.43127218,0.7389969,1.8506314,0.2067365,1.1069379,0.26655284,0.5028237,0.5339495,1.5232712,0.0021520345,0.85088253,1.8406365,0.44053867,0.66085505,1.3099698,0.19648479,0.49846616,2.3578167,1.011,0.61591285,0.47442985,0.7085518,0.008921477,0.7918811,0.34057236,0.0018784379,1.063148,1.0410305,0.4014719,0.18258409,0.26943937,0.9411782,0.012959791,0.3565644,0.47275636,2.4759429,0.34379274,1.1546417,0.95713663,0.27799276,1.752715,0.26542336,0.2940397,1.4834838,0.02566408,0.07008847,0.39530107,0.7437079,0.41980875,0.47612038,0.090644464,0.1195633,0.21776043,0.6232456,0.63684547,0.3177347,1.1574013,0.28736937,0.31126136,0.28380504,0.1457255,1.7692281,0.07563853,3.5722992,0.5099878,0.002931264,0.021220518,0.31542122,3.0514581,1.4232638,1.9277682,1.1625414,1.762666,0.7682666,0.24185693,0.41651008,1.6636215,1.4134569,0.09328178,0.4400247,0.57264817,1.0628933,1.4021634,0.23281597,0.40746742,0.39061752,0.4052259,0.99246305,0.14389177,0.2002767,0.44640434,0.34684667,0.5615623,0.16458338,1.5308671,1.4215425,0.0,0.08417903,0.9035938,0.3915062,1.8657163,0.96777123,0.3696654,0.038258106,0.26131195,0.03317082,2.0227695,0.3476111,1.0110531,0.3900422,0.06549864,0.38615113,1.6422517,0.30806005,0.09961179,3.3217804,0.59939545,0.35442466,2.530663,0.079247326,0.7307758,0.5360532,0.78603566,0.022297256,0.19854234,0.2366291,0.6027637,0.031166315,0.7934128,0.117890395,0.90160626,1.0129569,0.24920139,1.5327578,2.3507326,0.5140934,1.8247836,0.6780604,0.78134745,2.2110708,0.44544715,0.93646115,0.72637504,0.46290284,0.0,1.3359084,0.6123541,0.0,1.0204109,1.7936006,0.3157943,1.1171528,0.080514975,0.20523384,2.0356627,0.253299,1.0456824,0.009411436,0.11523452,0.37404656,1.4782372,0.4883174,0.07127915,0.21812405,1.4331335,0.31671032,0.18654492,1.0030369,0.9323151,0.06641535,1.0791011,1.253091,0.16294691,0.36793485,0.7581175,2.6050038,0.24967667,0.30562747,1.731268,0.0,0.6165237,0.16781364,0.12165048,0.5491902,0.6101392,0.19445547,2.5377314,0.3669155,0.20355481,0.008054118,0.0,0.0875832,0.617727,2.1098626,0.64851713,0.21042216,0.280748,0.4562167,0.87344384,0.20207512,0.5215617,3.3771405,3.0972478,0.60110104,1.6926701,0.23636468,0.07874457,0.38301906,0.9602321,1.1065688,1.4613681,0.912772,0.039624482,0.25341985,0.114781864,0.6717799,0.23908506,2.0556705,0.10704787,0.11383621,0.7492801,0.46815023,0.32636216,0.6352553,0.018871667,0.14030305,0.84482014,1.3383526,0.48696733,0.49895304,0.62555987,1.0265447,0.40877965,1.455631,0.1975954,1.6188328,2.7039444,0.8754146,0.8917105,0.47693965,0.9763027,0.5934883,0.20203911,0.617246,0.2566135,1.7975161,0.12649725,0.14511885,0.792438,2.5820322,1.1258347,0.069263175,0.04968478,2.149231,0.07264997,0.6735976,3.370924,0.69155586,0.97420233,1.1244094,0.6818072,0.9848811,0.49267158,1.0774484,4.6899385,0.88771784,0.7594742,0.3387955,0.07812858,0.18610263,2.293509,0.25510845,0.26131535,1.2271562,0.06506743,1.9746554,0.50801873,0.37438676,0.2238446,0.0075877192,0.43452775,1.8045498,3.9099844,1.4744309,1.5580167,0.3387332,0.26669988,0.42053694,0.37000734,0.6356509,0.24990256,0.40310037,0.7860957,1.2161297,1.5946553,0.11608824,0.3386921,1.0055711,0.07881431,0.03640567,0.6142889,0.8298007,0.12257376,0.90113574,1.0495833,0.8123175,0.7958682,0.1709746,0.1227664,1.4802843,0.92267203,0.8044938,0.20143843,0.2791783,1.6455837,1.0090729,0.5981624,0.8276627,2.427031,0.7448203,0.23158586,1.5727304,1.5970709,2.4370995,0.89456284,0.13709031,1.6383926,0.35811824,0.19044806,0.19627723,1.083131,0.7233129,0.24359241,0.34512538,0.9843905,2.0067108,3.1723878,0.6885527,2.2194939,0.7118385,1.0192431,0.9277881,0.40258592,1.738174,0.7739138,1.0809534,0.6674501,0.11275913,0.37690493,0.98897314,0.39485276,0.0099086985,4.5276065,0.06980955,0.04302393,1.0913931,0.23536107,0.0,0.35406297,0.66380906,0.039229233,0.08074906,0.31869078,0.50989777,0.8286332,0.035259135,0.052782096,0.0,1.264816,0.114010505,0.7951841,0.2392949,0.88241583,0.9880947,0.63515073,2.2153785,1.2617607,0.49058244,0.21677832,1.056544,1.0344712,1.1412197,0.45508704,1.4211457,0.6400229,2.077504,0.7016919,3.5059776,1.6958666,0.9221278,0.9654983,0.83734727,1.1356251,0.1359915,0.005020026,0.659254,1.3313951,0.5790423,1.3584836,0.22415149,0.4078725,0.5251836,1.7507416,0.7895959,0.4166086,0.4267116,1.0383902,1.9544516,0.3330753,1.4129258,0.6323898,1.1786598,0.13793544,0.2698296,1.2624882,0.48867798,0.3038951,1.9511812,0.5738572,0.8448553,0.012374778,2.3667555,0.45945764,0.8002056,1.3481852,0.40113708,0.71881837,1.0574168,0.062111028,1.1982738,0.29466292,0.03341297,0.8925032,2.7436416,1.5411489,0.05695938,0.13664553,1.2440094,1.3528043,0.6067567,0.8916205,0.36063033,0.8746798,1.9828799,0.8072671,0.0776603,1.31306,0.060626768,0.30178627,0.091450065,0.8322721,1.5136883,0.11723148,3.6189656,0.8558292,0.29272017,0.89340705,0.5089051,0.023263218,1.1927419,1.110173,0.4794197,1.2550502,0.400928,all_pothole_images\pothole_images_optimized_image_320.jpg
0.3810607,1.1517024,0.44288382,2.732014,1.348942,0.053080402,0.195077,0.05610732,0.22197431,0.7137803,1.9604472,0.39252535,1.4873507,2.6053805,0.3292234,1.4114273,0.08866689,2.392873,0.5702474,1.2536395,0.12775758,0.51560974,0.47445792,0.21803254,0.78075486,0.5444038,0.14941886,1.6055408,1.0593511,0.45679462,0.18336883,1.2294309,0.25769928,0.46657866,0.008458991,0.6745356,0.36823308,0.48233837,0.87588793,0.63833475,0.02907116,0.16982284,0.95139223,2.2723515,0.7360209,0.32520527,1.0376037,0.042570345,1.0662905,0.15920345,0.19498828,0.3606287,0.4008852,0.46954173,0.10822487,1.3587561,1.360629,0.7150536,1.8456978,0.38125235,0.8795864,0.38486382,1.980209,0.5850644,0.83873236,0.9727288,0.8514342,2.5689666,0.04317837,2.5058765,0.5608275,0.042091954,0.657762,0.5175097,0.5558439,0.52336043,0.48740274,0.61558515,0.30662352,0.8135603,0.007962026,0.049102496,0.5670884,1.1053722,0.07810075,0.8043205,1.2062776,0.04968281,2.5392926,0.4322902,0.13496405,0.7279779,0.5312012,1.429174,0.14150506,0.37946162,0.38402703,1.3490539,1.1962045,1.1543912,0.6650534,1.0316086,1.4760677,0.27933547,1.3344198,0.107004374,0.9277258,0.22215284,1.2442448,0.9690159,2.418635,1.7174037,0.042538073,0.36161536,1.0272787,0.89814556,0.42206654,1.4837734,0.91278565,0.6593941,1.2322434,0.16122288,0.37924618,0.5550336,1.6438055,1.9180471,0.37520334,0.34021318,1.122334,0.64973736,0.5908284,0.05540548,1.0926949,0.19249897,0.19903323,0.31013995,0.6069548,0.53060293,0.11064862,0.2703803,1.5609986,0.75216115,0.96446306,0.2325424,0.51302993,1.4834574,0.0,0.841569,0.2692676,1.5434277,1.4892194,1.2157234,1.7041081,0.95641106,0.83274853,0.22506294,0.31657943,1.3355507,0.612715,0.16947594,1.2987981,1.9829227,0.034632515,2.787606,0.9014662,0.02442807,0.60709596,1.6024207,0.4425092,0.7839555,0.93155754,0.40755996,0.2924599,1.076971,1.1106104,0.23106146,0.4925934,0.25767964,0.533698,0.3356288,0.49283078,2.3274271,3.179963,0.8669979,0.8401411,0.57024455,0.056483667,0.008770131,1.0556942,2.0811305,0.33256605,0.042976353,0.09904534,0.7685603,0.057960335,0.26009837,1.7955163,0.33995667,0.123563685,0.27244654,1.4111711,2.4370174,1.2801696,0.24145293,0.4321809,0.30943218,0.76615876,1.7585241,1.1815635,1.048024,0.17788441,0.6073236,1.3693494,0.2544865,2.926062,1.3604325,1.7274132,2.3161755,1.5906453,0.6457195,1.2057467,0.36934868,0.2592835,0.5291395,0.269015,0.5331772,1.2775707,3.5091696,0.7941643,0.7959457,0.38119125,0.8012682,0.8090515,0.21081647,0.55332285,0.1629857,1.2077799,0.81692785,0.1323074,0.62347424,1.4171139,0.023367735,0.82403237,0.23559447,0.07943848,0.11477095,0.35884303,0.122513555,2.1025558,4.0832844,1.246092,0.14768082,0.17050236,0.18686867,0.66547,1.0927284,0.7186626,0.801135,0.35799944,1.8376583,0.6363597,0.4192982,0.73608226,0.3201221,0.35525373,1.5487343,1.6097529,0.6481991,0.97529125,0.050050102,0.06547632,0.3013134,1.5587593,0.91932714,2.385963,1.141427,0.028745528,0.25430667,0.774084,1.9879208,1.6049882,0.4102937,0.7470317,0.70298547,1.1566215,0.65145624,0.33083826,0.6196691,1.8860451,1.4903779,0.25173056,0.7649089,1.544009,1.0958867,1.5772723,0.80748343,0.27351007,1.1403631,0.29411203,1.0189718,1.2892652,0.16828775,1.2015193,0.56071395,4.809805,0.13044178,0.24781196,0.8602029,0.58741003,0.9523306,2.2961588,2.570504,3.480289,0.3543105,1.3678284,0.6543552,0.9070363,0.918182,3.856063,0.27631378,0.2457888,1.2532027,0.790045,0.47810268,1.247512,0.6276824,1.2967768,0.0073871342,0.5019436,0.18699086,1.640421,0.28643715,2.0895941,2.0092447,0.32376036,0.1417316,2.1463926,0.79963404,0.6330408,0.68709546,0.5198576,0.59728736,0.351009,0.82604575,0.2833108,0.01795841,0.4045249,0.7000122,0.3775842,1.0574301,2.1807775,0.5878175,1.7444717,0.2217005,0.14445937,0.38539293,0.17343202,1.5303049,0.7224859,1.027462,0.39700654,0.9526246,0.70438594,0.22504705,0.119188465,0.045399718,2.0626574,1.0070413,1.3785285,1.0937583,1.4329759,0.8424747,0.60893804,1.5699819,0.8080729,1.5716075,0.17278615,1.201664,0.12288695,0.5946559,0.9944072,0.09430209,0.7627109,0.12185569,2.0449364,0.7395793,1.3625463,0.22440735,0.31839928,2.0510626,0.1116182,0.7870191,1.0610753,0.27143756,0.14194526,0.55218923,0.86956465,0.59129226,1.5806894,0.87538874,0.84927815,1.1387762,1.2906144,1.3610748,1.2256986,0.21808147,0.29081646,1.3602248,0.0688087,0.39151564,2.043512,1.5388454,1.0181535,0.3634276,0.76439565,1.0690523,0.9140341,0.36749235,0.8283582,0.0067355824,0.32975656,1.3100791,0.45987248,2.0174093,1.3989083,0.3855409,0.6152332,0.023408245,0.35361847,0.6437626,0.7192562,0.6757378,0.5402115,0.6790443,0.20388211,2.786167,0.1520614,0.13637762,0.14291443,0.032477017,1.7400057,1.1258056,0.12683569,0.42421558,0.12138952,0.35814047,0.6923862,1.4692811,0.2686945,0.25913185,2.6435022,0.7021045,0.3551557,0.76768273,0.7200774,1.7800813,1.1558974,0.32705554,0.29106474,1.9851474,1.4524593,0.020021973,1.2081645,0.15512167,1.5437561,0.38300708,0.50798476,0.05825192,1.1899984,2.3800154,1.3843513,0.6924512,0.14757097,0.39377314,0.4027467,1.8122851,0.22272281,0.48526344,0.7727796,0.34317243,0.9891074,2.16412,0.67272425,1.8322353,0.0052094427,1.1709771,0.83292496,0.73652065,1.2020181,0.6088653,0.49829987,1.0829071,0.40138906,0.79129857,1.1950077,1.255167,0.034678992,0.086020514,1.6037116,0.08338224,0.81960404,3.112681,0.13675076,0.7926155,1.0852499,0.11084062,0.3490125,1.3864751,0.18433742,0.93092906,0.2034351,0.98755646,all_pothole_images\pothole_images_optimized_image_321.jpg
0.3617923,0.8012868,0.19081002,1.8595954,2.5161636,0.38255507,1.2800997,0.062884554,0.6201797,1.051165,0.18742895,1.0204647,1.0046753,2.191106,0.8505595,0.0036233992,0.23468536,1.6238642,1.7048849,0.5830557,0.36062178,0.9721976,2.3682656,1.8081926,1.0837556,0.3134433,0.9553386,1.8337022,0.8317853,0.18443498,0.5459685,0.055509984,1.8225706,0.5041383,1.286523,0.22488661,0.28657562,1.8165303,0.15309572,0.11480055,0.0,0.078089,0.5027838,3.9159203,0.4950974,0.13591957,0.057942554,0.0923096,1.013256,0.82052284,1.2378908,1.1696637,0.41562727,1.2348896,0.50601804,0.40618184,1.1796978,0.2499873,3.2781422,0.36435184,0.76301855,1.5078776,2.1029997,0.0316027,2.394399,1.5498892,0.5671485,0.27856123,0.25655982,0.400487,1.2817521,0.0476375,0.12865146,0.5354091,0.7270625,0.6816439,0.573268,1.3806071,0.07241464,0.17960843,0.8424821,0.04247257,0.4717833,0.2445549,1.8386223,0.89427185,0.04950158,0.36795083,1.8100595,0.029820412,0.7245393,0.20084102,0.9537697,0.11057196,0.003620695,0.23910488,2.3754506,1.3198781,0.7473346,0.7007225,0.0042664106,2.2078643,0.27147812,0.35104424,1.7439978,0.91486347,0.5051365,0.39642707,0.3970048,0.2726336,0.14090684,1.7596334,0.6423331,0.17726168,2.4868498,1.0700623,1.3129023,0.5469046,0.5215478,1.7391696,1.6796947,1.3376966,1.9533913,2.881165,0.37197495,0.20395286,0.00032615554,1.5769547,1.6263926,1.2098572,0.69335884,0.40864244,1.4161993,0.16421433,0.010226398,1.3025843,0.037480734,0.5680211,0.6222782,0.8319403,0.8129518,1.0231091,0.8080366,1.8312624,0.5842313,2.1175134,0.20647153,0.9511818,0.26176986,1.6952769,0.70226806,0.79028785,0.22469796,0.026654696,1.6572146,1.9240521,0.6270767,0.078914955,1.8543255,1.5309349,1.5843543,1.5182437,0.04711779,5.285411,0.35942003,0.2473917,0.4511036,0.8030518,1.0940788,0.021765538,0.8882119,1.4136496,0.30594435,0.49713016,0.15659264,0.7454882,1.0426643,0.055063415,1.0683872,0.23390014,0.04593226,1.5979327,1.6003851,1.9790189,0.68075514,0.6481469,0.52036816,0.28712472,0.92457086,0.29549956,1.2450057,1.6576627,0.20137921,1.6020215,0.68365276,1.9191612,1.1201056,0.45740944,0.9081825,1.5044702,0.25744423,0.71287066,0.90092343,0.06901085,0.49378905,1.0418074,0.37835038,0.89515615,0.52740186,0.5607693,1.2272722,0.42204073,0.30685347,0.18163286,1.7453036,0.323743,1.2369993,0.15302145,3.1132193,0.48777193,0.46757028,0.5744571,1.5865577,0.32559025,0.308228,0.747273,1.1476823,1.033874,0.003260506,0.17577547,0.36401632,0.2270077,2.2252162,0.010274038,0.92041904,0.03850869,1.5196692,0.9454113,0.47154862,0.14349012,1.0790224,0.017324023,0.59974504,1.5282975,0.106514044,0.12281105,0.86153007,1.1911776,1.270881,2.2456841,1.2335612,0.10283978,0.2732229,1.08927,0.8835136,3.463172,0.11710865,0.16571985,0.37187862,2.9417005,0.82869226,1.0505947,0.8764545,0.49706396,0.0,0.29967567,0.4059199,1.6693721,0.98789936,0.07589097,0.06310713,0.031552304,0.4543699,0.590064,0.18015233,0.85588944,1.0899392,1.849732,1.1899139,0.47421893,0.1716388,1.2789235,0.81777525,0.39373133,1.0227445,1.5986935,0.5705224,0.6429871,3.5203109,0.14605021,0.67070085,0.25885224,0.9286464,0.7773537,0.2749765,0.8845959,1.8562298,1.7537162,0.11289207,1.6656337,1.2748458,0.6542972,0.13508567,0.20870873,3.1891468,0.36106822,0.019229228,1.026109,0.55795264,0.4327806,1.2309326,2.0942762,0.69753367,1.4548641,1.0093703,0.46672943,0.3975847,0.34237084,2.0617175,0.49413344,1.5507894,1.6544217,0.6003727,1.5504197,1.204394,0.9052925,0.82050073,0.8247598,0.5625786,0.67215663,1.0548695,0.0,0.6625753,0.117872335,0.09348761,0.48342064,1.9077463,1.046963,0.9560082,0.31856564,1.3185732,1.1199759,0.07298803,0.20173983,1.8675487,0.21636653,0.07918817,0.63241893,0.1646421,0.6150937,0.65650415,0.89045167,2.4835918,0.16701171,0.33155194,0.1575598,1.0201908,0.19764316,0.6711086,0.31479955,0.51403666,0.5677122,0.1473704,0.38976523,9.030281e-05,0.3673695,1.3811789,2.3183901,1.1655742,1.1031656,0.79268456,0.27268413,0.61520827,0.4822032,0.7686335,0.64357454,0.9678722,0.033898354,0.03190697,0.9041255,1.3165075,0.03800659,0.5109782,0.36235225,2.0641778,1.7361327,1.3898683,0.13124748,0.49711373,1.2434741,1.4185685,1.0649247,0.7216828,1.1706043,1.5918301,0.16143622,1.4740287,0.23185433,0.4725295,0.0,1.728894,0.4853599,0.011962037,1.2837522,0.67219543,0.2525352,1.6504585,0.37650645,0.20114711,0.8183534,0.5397674,0.6907301,0.31622773,0.25393084,0.008344079,0.9858813,0.5599225,0.99343926,0.7727247,0.15109523,1.20866,2.355301,1.9175656,2.7706766,2.5620923,1.4469024,2.093268,2.4426098,0.9500877,1.4155024,0.29331946,1.1401398,0.16846459,2.9451666,1.0160782,1.7683612,0.56094736,1.1344167,0.27998972,0.8670559,0.23040617,1.1604495,0.63713527,0.74209374,0.028717829,0.091105044,1.4449791,0.14397529,0.78303593,1.059232,1.1128484,0.6237765,0.09583577,0.64382565,0.046427652,0.044512566,1.0834035,0.39927495,0.1815718,0.4322266,2.1823232,0.5644641,2.6728988,0.82185084,0.44662264,0.81754565,0.9961856,0.01856139,1.0438443,0.3262248,1.9407259,1.867236,0.0015752715,1.8186427,0.1371122,0.9659587,1.8826841,0.1186207,1.580799,0.3845125,1.8599348,2.1019742,0.60220367,1.062936,0.004364355,0.16554567,1.887192,0.3888046,1.7097272,0.19891842,0.8348851,0.48547947,0.107797116,0.053737458,0.96519655,0.33839345,0.3368094,0.052780334,0.09673628,0.49325106,1.4629625,2.2104216,0.740507,1.5203755,1.6098782,0.16517398,0.29041728,0.1360692,0.16975395,0.68870926,0.49608415,0.6625841,all_pothole_images\pothole_images_optimized_image_322.jpg
0.35396078,1.9487759,0.69177574,0.48800266,1.1756251,0.06829235,0.6462992,0.7324441,0.009646211,0.817481,0.3963907,1.4149945,0.5774724,0.7830976,0.090085536,0.95974195,0.18625577,1.1372964,0.857962,1.583634,0.4253703,2.945598,1.6564095,2.0651207,0.3516773,1.0858128,0.32474905,0.5723313,0.3037725,1.3184308,0.32734337,0.13662507,1.2343785,0.6661598,0.40858042,0.5313061,1.4399529,0.2498951,0.11609705,0.32502243,0.16649729,0.69947684,0.97307473,1.4923341,0.53926164,0.6974322,0.11531502,0.025115907,0.85450417,0.0075094956,1.8575064,0.70327246,1.1648021,0.18655948,0.17279302,0.33584186,0.6803015,0.18179387,0.67674416,0.5603093,0.032021347,0.058941625,1.2486975,0.08519578,0.46846244,2.495369,0.6291712,1.2297255,0.64378965,0.140422,0.48088416,0.12916285,0.17914231,0.16461053,0.0582336,1.3591646,0.30483484,0.31694925,0.18367183,1.7736855,0.54789674,0.51447797,0.3828968,1.1306784,0.723659,0.8898072,0.0694659,0.22250798,2.9012105,0.4037284,0.6000614,0.55596226,0.36819157,0.9623754,0.16629095,0.7048223,0.7293177,1.0083412,0.91859853,0.04586883,0.9423477,0.86760956,0.56095845,0.1116684,0.02924882,0.791509,1.1043229,0.52860373,0.47224578,1.3363352,0.13218729,1.948855,0.8929597,0.20101303,1.6282506,0.20856148,1.3403378,0.91069293,0.5490927,0.5519128,0.4173289,1.2086182,1.0374804,0.12320484,1.1049696,0.87093556,0.05262004,0.33374536,0.1638886,0.9057392,0.6239951,1.2335508,0.79198307,0.42439628,0.24947901,0.9976581,0.09184888,0.29197845,0.9058157,0.40574855,0.47209835,1.288058,0.3800555,1.8753694,0.20562448,0.0852479,0.80572695,0.744857,0.71079284,0.5390428,0.088708475,0.24448612,1.3181382,0.2767686,1.102049,0.24573673,1.3723121,0.8324867,0.093798555,0.5710407,2.4964836,0.43486887,0.4101081,4.5060797,1.3310783,0.4143784,0.27699062,0.35340437,1.5768595,0.013997929,0.19116728,0.007848283,0.95379645,0.1451032,1.0203027,0.1914113,1.1076207,0.501943,0.73248935,0.5466009,1.519017,2.0317965,1.6650938,0.46424666,3.7852695,0.7864095,0.8384547,0.23674047,0.04624704,1.0903566,3.0052185,0.37847954,0.01983952,2.316032,1.642126,0.008215112,0.14041309,1.1898229,0.2749457,0.8513087,0.31918633,0.9190566,1.3743969,1.8047014,1.235429,2.7920086,0.29513758,0.17181283,0.8761933,0.8052227,0.013819181,0.8195626,1.516239,2.068921,0.17840299,0.0032611848,1.0702854,0.20330812,0.5911453,0.5826258,1.3892395,1.7091262,1.4236536,1.9483813,0.22707546,0.7974592,1.2527634,1.0161809,0.31355032,0.1251756,0.6172772,0.9237382,0.38258627,0.14109111,0.82841134,0.029281262,0.0197638,0.7766247,0.08063165,0.21716204,1.1162483,1.091149,0.2571809,0.885311,0.41941023,1.0146939,0.6821487,0.3986275,1.197437,2.385944,1.8724086,0.21407232,0.74593645,0.1935809,0.38929436,0.45719847,2.0628707,0.5051001,1.349856,1.1448928,0.5369304,0.47936636,0.16781975,0.48899633,0.59596723,1.7232927,0.42588493,1.0644034,1.4763622,0.7589569,1.0673108,0.0012870473,0.23349507,0.74748,0.19840275,1.0504696,0.6308741,0.660484,0.46374184,0.99623364,0.47602075,0.8209635,0.36356357,0.02212731,1.1572158,0.03426182,0.9429027,0.5705332,0.81674176,0.5278151,0.6645008,0.3537266,1.2389095,0.45556715,0.38201973,0.76010793,2.0683937,1.1350502,0.33760163,1.1357384,0.06386572,2.2618008,1.2061788,0.6531092,1.4794831,0.76979953,0.019537663,0.823085,0.96305287,0.48676,0.15525723,0.6566106,5.754881,1.631295,0.12602735,0.4342914,0.7584079,0.31581563,1.0780151,0.3004085,0.3132524,1.0814171,0.255823,0.2694337,1.633606,0.42531613,0.5026242,0.85689425,0.35689494,0.7284113,4.454906,0.47647533,0.28669393,0.6546079,0.7501664,1.4324378,0.20066325,1.2257532,0.9729147,0.9354007,0.76582825,1.8356783,0.74571115,0.05877236,0.73598945,0.28170723,0.07400038,0.15202184,0.5560435,0.51837903,0.3720836,0.18031463,1.0034986,0.77008647,0.43460628,1.0185177,0.95743495,0.8271569,0.11168863,0.692152,0.7150699,0.39681602,0.25068823,1.0816983,0.013430207,0.037160717,1.4628576,0.96470904,0.16342017,0.8235119,1.7933666,0.3597968,0.39103827,0.31393138,0.97934777,0.49355853,0.2720092,0.67028123,0.82385206,0.7736089,0.35122317,0.5106935,0.5869479,1.6878229,2.2037466,0.58038604,1.5587286,2.6862295,0.6115756,1.4948913,0.33030546,1.917458,0.8105645,0.8269178,0.7761941,0.59633636,1.3108975,1.3376404,1.2408885,0.3000609,3.750751,1.749047,0.4525252,1.7042681,0.18231913,0.05912841,0.8764794,2.3826022,0.21443866,0.9926005,0.6587725,0.679187,0.909537,0.905712,0.010197811,0.012625537,0.17074451,0.8826999,0.5931628,0.16257581,0.44962972,0.47785035,2.4758654,0.56944996,1.354323,1.1151592,0.38709405,1.4547676,0.63778466,0.34943724,0.7140015,2.560095,0.7936466,2.728254,1.0433906,2.1799505,1.389324,2.043085,1.1176217,1.5401396,1.2487859,0.3272909,0.052665368,0.19637893,0.61286455,0.21321516,1.7689592,0.5759467,0.14496602,1.6285403,0.09445583,0.6881345,0.93398213,1.0771433,0.16512407,0.6164383,0.47260392,0.56088144,0.60258925,0.94776624,0.14174812,1.6728657,0.314206,0.04680449,0.24937111,1.56093,0.240391,0.023995789,0.20674318,0.49956194,1.9473562,1.1608526,1.3988986,0.24981603,0.77221566,0.20692837,0.2111221,0.3029683,0.58278984,0.57504237,1.2231605,1.2419606,0.5608829,0.24920313,0.014292675,0.63565034,2.3880274,0.9792596,1.1629821,0.25928742,1.1883909,1.7920718,0.72517097,1.048998,0.8982295,0.15864833,1.4410238,0.1161275,0.10946589,0.6996768,1.4233164,2.0872064,0.42004284,1.7002308,0.22721437,0.21612822,0.0074937535,1.4394954,1.4740235,0.3659849,0.34452915,0.776152,all_pothole_images\pothole_images_optimized_image_323.jpg
2.9101126,1.4132761,0.386585,1.2313915,0.68759805,1.5013928,0.36756235,0.0012373917,1.1507435,0.336884,0.31225973,0.13611011,0.17615978,3.3331075,0.6243968,0.19179036,0.11699758,0.14018123,0.3844527,0.226264,0.61584246,2.3818257,1.2396381,0.95963115,1.0684808,0.320752,0.5143158,1.6892289,0.21318896,0.76500684,0.14851925,0.37928823,0.83399683,0.04153133,0.27728593,0.11624843,1.9280719,0.99779004,0.9484264,0.0719386,0.16812834,0.5323489,0.46764156,1.1723034,0.47955456,0.09129982,0.030764591,0.07046949,1.3366152,0.62228036,1.4244233,0.10454572,0.52217716,0.08418916,0.05399289,0.05268585,0.7873826,0.070382655,0.21802613,0.6341583,0.04855077,0.04161056,1.6644561,1.3202069,1.1859481,0.008826086,0.500863,0.11321584,0.07074532,0.42797598,0.55621904,0.930817,0.23959005,0.79221326,0.24329384,0.47875577,1.5784298,0.9328968,0.06922124,0.05873291,0.85597897,1.0104972,0.295875,1.9399498,0.52534026,0.5946196,0.24750976,0.039876357,1.4424255,0.030902753,0.32336897,0.58837557,0.75585526,1.2345268,0.26224393,0.12707001,0.5509913,0.30780366,0.08583044,0.11760311,0.13527933,0.24308366,1.7559999,0.094794884,0.108115815,0.68808573,0.70496476,0.068933174,0.012802046,0.85055166,0.60261154,1.6288784,1.0906867,0.050091043,0.48119113,1.4386322,2.3390055,0.32555377,0.2983467,1.1104307,0.61445475,0.13748556,2.931376,0.10365045,0.22786085,0.13008581,0.005118456,0.2829963,1.4601879,2.2726686,1.8479137,1.2038361,0.4883864,0.21277416,0.059524037,1.33789,0.554327,0.106499985,3.2418988,0.31086016,1.4347352,0.5625995,0.16534306,2.328428,0.9155314,0.29104936,0.69342446,0.15287443,0.246288,0.4189091,0.45901373,0.6187991,0.29442814,0.8657502,1.1010495,1.8956734,0.40954182,0.3897541,0.3795994,0.36008942,0.4272942,0.08612131,0.76789904,1.8604014,0.6583588,0.006068016,1.0138142,3.674218,0.41656876,0.49553734,1.1519312,0.011860673,0.03363018,1.4842588,0.0017475861,0.6855939,3.7883263,0.46386325,0.362892,1.6008795,0.032864727,0.7385534,1.1905463,0.23874018,3.0182173,0.62556237,1.5799305,0.33383185,0.1660147,0.04227899,2.2065547,0.04966902,0.20496842,0.07651265,0.2267697,0.22833389,0.45356578,0.42541337,1.7187746,0.8129177,0.099658884,0.22773756,1.1054912,0.80880135,0.51186246,2.5006876,0.15562972,1.4379019,0.43787998,0.0076147085,0.8765794,0.2871306,1.2191676,1.8688401,0.6588469,0.31093532,0.6032552,0.05981884,0.52417344,0.5513462,0.92854476,0.08993921,0.2944618,0.4280059,0.0,0.5127877,1.4122214,0.42026728,2.3844604,0.5937901,0.30787253,0.7196421,0.11698483,0.3341221,0.27630886,0.30006635,0.77448785,0.51459295,0.19470689,0.31444955,1.287056,0.006173738,0.8296367,0.13688006,0.09554131,0.015595696,0.76520616,0.7906372,0.63929236,2.1322217,0.21592794,0.008665626,0.095679134,0.7969381,0.0,0.552868,2.3556936,1.0190536,0.1277701,1.5496613,1.4381241,3.439161,0.6643939,0.19388174,0.13225144,0.57168514,0.0036017997,0.5968605,1.0871983,2.904538,0.017104007,0.20103754,0.24894686,0.033882696,0.11377841,0.38589406,0.2844989,0.38446745,2.8814576,0.1557543,0.40918508,0.76546645,0.90690434,0.07195868,0.820754,0.26373634,1.1466498,1.5029817,1.748785,0.6377562,0.13715094,0.9684289,0.35254294,0.2315684,0.11832446,1.277602,0.6856049,0.6264229,0.7816939,0.93760705,1.061295,0.4969935,0.004461004,0.102751985,5.882071,0.30350035,0.23508154,0.72588277,0.9215486,0.026703317,0.13896945,0.2427839,4.24797,0.99668527,0.016070044,0.21221484,0.160343,0.28301114,1.1204112,0.85664636,0.036101904,0.22615664,0.5684566,1.0098014,0.5428307,0.003360688,2.714493,1.6376625,0.2844673,1.2987615,4.21263,0.9057707,0.19832097,1.8198696,0.1700262,1.2918911,1.3764145,1.5062866,0.18335485,0.11444512,0.30731976,1.0080438,1.62358,0.27113366,0.12693681,0.0070577334,0.16274858,0.37735817,1.4054638,1.0960253,0.090998456,0.3365297,0.2201723,0.4752824,1.1892797,0.2469995,1.1752062,1.2153332,0.19182435,0.3883249,0.60399586,0.34062517,0.13069408,0.22886428,0.76245725,0.018397048,0.8099365,2.6477263,0.3705666,0.097742766,0.41460246,0.10795768,0.7924187,0.2865627,0.8982957,0.7138982,0.0609348,0.6686724,0.40972418,0.3529773,0.44130975,0.017322678,1.0106308,0.8313114,3.1494029,0.13666914,4.3783836,0.48987445,0.25634572,1.8301295,1.3679531,0.041015994,0.43101013,0.576628,0.8567785,0.010191358,0.30060026,0.47873852,0.37069204,0.11912896,2.3759484,0.5240512,0.095424935,1.6579404,0.996807,0.38886756,1.1256002,0.6771635,1.0416976,0.25233647,0.03234665,0.09200273,0.29067177,0.45041943,0.16653723,0.9574264,0.012197793,1.9496793,0.054224245,0.059312858,2.2439067,0.10742326,0.5403245,0.57164013,0.4391819,1.777908,0.07776325,4.535419,0.14371438,0.5977806,0.112907454,1.4267528,0.112065256,0.3991528,0.27424613,1.0172988,0.33254978,0.72516006,0.08224524,0.19138712,0.95164776,0.08734971,0.13554302,0.07931951,0.10244142,1.7195716,3.3421142,0.058848433,0.88685185,0.32714105,1.1950657,0.7923243,0.48863247,1.2444707,0.181091,0.036032036,0.7210501,0.09267556,0.062839374,0.29215685,1.8495399,0.63497925,0.82239926,0.019783437,0.23801292,0.18273467,0.07684833,0.3250178,0.0,0.9131778,0.098823935,0.52821815,0.92583245,0.76686466,0.96684295,0.03378145,0.744854,0.5485072,0.85980797,0.585818,0.040173315,2.422983,0.22601688,0.4078088,0.12913704,0.3792491,0.47054857,0.34878564,0.43992132,0.7401611,0.4918604,0.17156951,0.5554376,0.3727951,0.0012340773,0.090621926,0.24594358,0.38905588,0.024479799,0.15859506,0.36298653,2.0696487,0.61532986,0.52062416,0.16363977,0.20241064,0.38203162,0.62636125,0.13228922,1.4753621,0.012116899,0.17724963,all_pothole_images\pothole_images_optimized_image_324.jpg
0.0,2.4733784,0.7814575,0.7782437,0.005596256,0.46965706,0.11022568,0.0,0.52258694,0.11139167,0.0114212865,0.02560397,0.2229524,0.049426347,0.035776347,0.08277958,0.12280018,0.028773595,0.04694382,0.5543739,0.0061487844,0.78718936,0.6635371,1.3503637,0.0,0.57769483,0.31662902,0.41855484,0.0,0.72138494,1.6867708,0.2702023,0.19329013,0.098031595,0.2903945,0.0,0.7165436,0.061518326,0.30332682,0.0895484,0.0040506693,0.7881829,0.028597426,0.62808144,0.3440663,0.0,0.036257178,0.275078,0.016101941,0.078321695,0.596067,0.1693821,0.48688525,0.034941148,0.006328681,0.415105,0.17802225,0.045339514,0.28028095,0.30338737,0.3750115,0.85829294,1.1564145,0.21300666,0.7906184,0.27199027,1.1498572,0.57094294,0.90826935,0.20721819,0.16280264,0.41196963,0.8344061,0.17491233,0.0,0.760901,0.024541318,0.018607616,0.067217976,0.24599802,0.0,0.18235463,0.35285833,1.9002742,0.9080032,1.2118489,0.10031781,0.2190317,2.2093809,0.1122324,0.533568,0.15877545,0.5193925,1.0588121,0.059637513,0.0,0.36280116,0.6240419,0.02540742,0.034869846,0.65828425,0.0,0.45632696,0.15059027,0.40758532,0.05621723,0.17876036,0.21495043,0.046649296,2.2151291,0.35321653,0.878062,0.74003255,0.6801103,0.026222369,1.0563754,3.0623922,0.1844246,0.6419257,0.08454529,0.22901614,0.5747856,0.679622,0.40436506,0.8259763,1.3009399,0.12241254,0.0071795764,0.77192533,0.2504977,1.1001323,0.4961008,0.5819801,0.011467273,0.15698358,0.17347619,0.017336663,0.0069414475,0.038265493,0.074015245,0.21700309,1.5493388,0.9139812,0.9198709,0.00031012273,0.14288165,0.004510688,1.025592,0.054827284,0.54556835,0.17047788,0.46535683,0.4165858,0.0038347892,0.3588405,0.009011618,0.6514648,0.13564147,0.042632822,0.5701932,1.467896,1.1270127,0.07545026,1.2896094,0.4561634,0.115794465,2.5445468,0.15206486,0.3489572,0.59595704,0.4004938,0.14454137,0.64265585,0.0252803,0.8671764,0.7086046,0.87530625,0.029184356,0.20486386,0.09140279,0.12035786,0.53382605,1.0920875,0.117171675,1.9719559,0.053411156,0.07596322,0.13399787,0.39604086,0.2109023,0.10159341,2.4749177,0.9790666,1.4533693,0.23884936,0.10634856,0.39525157,1.2469629,0.014130991,0.005702407,0.24366792,0.34091505,0.34118748,0.011847992,0.8660753,1.0079862,0.14505047,0.1861145,1.8006049,0.29590058,0.4010634,0.11495189,0.024451911,0.04375392,0.05550382,0.1294451,0.41384327,0.34440997,0.7800973,0.29523543,0.50736046,0.5218856,0.572495,1.2488123,0.90215945,0.19109118,0.9155401,0.17089738,2.8304224,0.0,0.050281864,0.10601423,0.30546525,0.0053642713,0.13541968,0.38658908,0.81819993,0.74777,0.0050578318,0.18608068,0.36637262,1.0776148,0.5122606,0.7150643,0.067793734,0.48256755,1.4132919,0.64574623,0.124737546,2.1445422,0.22883806,0.24850217,0.1385916,0.00082842034,0.592485,0.007157753,0.5152487,0.07895558,0.79907686,0.0063808267,0.42638528,0.013194077,0.020573732,0.1067536,0.14831926,0.69595474,0.010419525,0.40911865,0.9840224,0.4607449,0.056433003,0.0,0.41967475,0.042061366,0.14833252,1.2562141,0.32809815,1.0587797,0.51777476,0.20237392,0.76870257,0.8077451,0.4947898,0.013976199,0.60670316,0.07684146,0.0416054,0.8205015,0.0959048,0.6492523,0.05325737,0.86182284,0.04126026,0.3431751,0.22090927,0.088168785,1.9293789,1.6567817,0.020011075,0.1408044,0.06480532,0.036537528,0.0,0.9423279,4.2024055,0.19728956,0.0,0.3622027,0.963984,0.24422373,0.008023697,0.27225047,5.3791256,0.5608746,0.09007197,1.6923617,0.05618797,0.19973673,1.1784703,0.14683188,0.3066242,0.5685148,0.05727921,0.29570115,0.4201313,0.16761068,1.827789,0.3546176,0.7772621,0.3611705,5.154186,0.0029608568,0.21878955,0.54545516,0.7557204,0.13687837,0.32459784,0.0,0.63752675,0.0,0.43345878,0.5442971,0.35464516,0.07638135,0.50573015,0.27860913,0.7861873,0.09036786,1.1355193,0.63774705,0.04119776,0.79660416,0.02687855,0.16496794,0.40013224,0.022689871,0.12192566,0.34223875,0.106057614,0.5367595,0.14143208,2.6857188,0.6217272,0.1287776,0.044788767,0.5233314,1.0308181,0.6809095,0.3316212,1.0278625,0.17982365,0.20727651,0.818852,0.3474768,0.97267133,0.4554781,0.68681777,0.5376643,0.22835788,0.6630489,0.11920536,0.19741848,0.1775547,1.3734217,1.7171448,0.10088307,0.4346586,0.4059089,0.07899142,0.17898673,0.007555974,1.7177913,0.56306255,0.028268794,0.014747403,0.91481227,0.09219497,0.3845359,0.19379507,0.1851343,1.7026292,0.23957098,0.17459927,1.3172674,0.8994449,0.15647456,0.018527318,1.179705,0.27179128,1.3772172,0.13986365,0.37368268,1.8730146,0.23119655,0.3118317,0.30473652,0.09671073,0.49688193,0.092756726,0.15471649,0.09976432,0.0,0.015436725,0.62081355,0.00028765108,0.30171162,0.81984276,0.5070063,0.38621843,0.55920964,1.5093986,0.6178349,0.040607024,0.14356622,0.3091922,1.8496115,0.20982133,0.029514633,0.0098464135,0.022554047,0.07656464,0.12737718,0.062763,0.2323226,0.14672998,0.020367019,1.947579,0.9081678,0.7356039,0.4760844,1.2719092,0.5043477,0.79794997,0.4415554,0.025025751,0.9566649,0.83490217,0.45873806,0.20523939,0.003456618,0.37613723,0.039050885,0.381906,0.0,0.85168517,0.0,1.107952,0.19769599,0.11449094,0.8109248,2.4055052,0.40314865,0.42525497,0.6609719,0.22071971,0.53008896,0.008870663,0.22204496,0.2992248,1.4339356,0.5375807,0.5022065,0.63128865,0.22690138,0.2379815,0.43823427,1.0193915,0.57232493,0.7374019,0.5741057,0.6902387,1.6295264,0.02535104,0.05907445,0.0,0.0607619,0.30204237,0.069939815,0.029697722,0.055993333,0.0033468793,1.8890676,0.22546025,1.0386776,0.16904952,2.0758219,0.16845742,1.2043083,1.2041885,0.0,0.55931634,0.09535188,all_pothole_images\pothole_images_optimized_image_325.jpg
0.38760507,2.1125515,0.1190522,1.6452683,0.21132983,0.24986403,0.6780843,0.1358344,0.2013192,0.057584397,0.26192713,0.050665937,0.19275068,1.3092663,0.0,0.34556097,0.105252475,0.059421863,0.16952342,0.23851728,0.68672997,1.3770045,0.7693338,1.227002,0.46140885,0.24032842,0.42016006,1.3526504,0.21466199,0.6712236,0.94355243,0.14469458,0.6322831,0.41537556,0.788312,0.14689007,2.0001519,0.44255704,1.3872067,0.073681116,0.06438074,0.4697726,0.52670693,0.87003,0.7589874,0.28004378,0.3825498,0.15628599,0.13433205,0.0,1.0362736,0.8221418,0.5048118,0.055540346,0.1307478,0.9083104,0.5467878,0.12857746,0.0874013,0.052468035,0.0012437581,0.05000165,0.9148431,0.7330074,2.0363312,0.37408856,0.83447325,0.0,0.22214885,0.26149955,0.12077632,0.9202854,0.53516626,0.35262263,0.023323456,0.621081,0.5610269,0.16435808,0.039228607,0.27407536,0.45894217,1.4978842,0.67550427,1.820309,0.28234518,0.6983358,0.10807622,0.071841,1.8136556,0.12460393,0.26909682,0.2731139,0.3970589,0.9177114,0.12721726,0.0,0.83027756,0.80559975,0.507116,0.3828977,0.27003434,0.095074736,1.1855371,0.28349084,0.7018453,0.5321693,0.41879275,0.64556515,0.6134567,0.29434446,0.10450942,0.8120187,2.0033216,0.44661808,0.21977176,0.92924577,1.3857788,0.0,0.21999907,0.54338115,0.71976686,0.28544998,0.93655986,0.63572204,1.5216296,0.7286563,1.491756,0.081054464,1.842602,0.2617149,0.351223,0.22176698,0.0,0.17895247,1.6998023,0.8693808,0.22118303,0.731218,1.1088929,0.2618878,0.58987564,0.21929722,0.06879169,0.368558,0.65046895,0.5577642,0.07379916,0.63839763,0.4635374,0.18039395,0.054076515,0.43748888,0.17241958,0.06933109,0.6125964,0.19413918,0.2962768,0.05001468,0.13820915,0.7483402,0.5442022,0.52972347,0.04871162,0.81749505,0.19933768,0.076056525,2.2280796,0.2094676,1.0790718,0.3856067,0.12780596,0.11123201,0.014879356,0.0,0.35622928,0.24281384,2.2255118,0.15442047,0.53034186,0.18829437,0.2189056,0.7200624,1.1148676,0.0733393,2.7546105,0.4618664,0.073946185,0.7000287,0.034119748,0.3471531,0.35034505,0.37964037,0.55598116,0.8737896,0.2580819,0.37928072,0.48522785,0.7771723,1.0642458,1.0562725,1.311282,0.72619754,0.71059126,0.9817443,0.9176463,0.48204958,0.011026411,0.23551701,2.852293,0.33164755,0.104054466,0.6276138,0.7539576,1.2376871,1.953181,1.2490718,1.1780461,0.62297744,0.17227276,0.24862184,1.2512394,0.040262546,0.5792053,0.15009892,0.0915961,0.7246463,1.8837265,0.0054391976,2.2747684,0.70332867,0.69424266,0.6990733,0.3189859,0.07702717,0.7076449,0.26502085,1.2678328,0.3401904,0.07874364,0.26105013,0.8255924,0.858721,0.30604136,0.25421154,0.23163316,0.07994441,1.0838453,0.6146446,0.5661021,5.437247,0.928508,0.17934713,0.3420206,0.19996448,0.09342152,0.26345345,0.36263445,0.10399612,0.35828087,1.7634645,0.54342204,0.5427379,0.33834383,0.05802916,0.08118133,0.6121503,0.023609225,0.4246497,3.8406487,0.3207255,0.15647373,0.24066003,0.17967176,0.0673192,0.078470364,0.85588545,0.18955092,0.40666658,0.019148227,0.69602674,1.5439093,0.5797844,0.2193874,0.0,0.52970046,0.6677046,0.36817023,0.9321491,0.7734551,0.48160505,0.3372397,0.09510081,0.056705903,0.9806189,0.20968546,0.43437746,0.35808408,1.1236894,0.30883232,2.1253483,0.5032019,0.51092577,0.041567434,0.037667844,8.106349,0.6052604,0.040096123,0.028613193,0.04704379,0.13317977,0.098957986,0.35009187,3.7876897,0.6074043,0.1651021,1.8524207,0.3607089,1.3935084,0.7265633,0.68982464,0.3925364,0.17032139,0.2190795,0.1804532,0.8556707,0.23038132,1.2423837,0.48681238,1.1286658,0.20649436,5.218072,0.010784198,0.09902516,0.2640626,1.168798,0.25162175,1.8167135,0.6108135,0.18078901,0.25491536,0.19792482,1.2189612,1.1529933,0.13857171,0.7561554,0.6368475,0.3361622,0.28456846,1.0914911,0.9181201,0.7360578,0.046323765,0.28348774,0.6312562,0.11654951,0.032469336,0.4701996,1.5894486,0.0052198595,0.0015357818,0.6075662,0.3688689,0.8690717,0.5650305,0.1914586,0.26500484,1.3845185,0.7004209,0.06911283,0.7057221,0.15343234,0.6110341,0.38420603,0.21457052,1.787674,0.24606033,0.21266924,0.33327425,0.51621914,1.6697572,0.054328207,0.5423761,0.54907644,1.3018246,2.6666152,0.7932839,1.1979263,0.65387195,0.23192263,0.56867176,0.28819418,0.18611018,0.6230258,1.1350253,0.0,0.39610764,0.12115237,0.82246536,1.0777977,0.12550408,1.3988901,0.33941853,0.17595112,1.4746861,1.1622722,0.28968683,0.2790658,0.72824943,0.5779214,0.7676039,0.17838427,0.26571518,0.13648185,0.25120392,0.41368908,1.1603091,0.6960338,0.8197052,0.13431683,0.15594696,0.44296518,0.42997867,1.9291469,1.0235988,0.5321566,1.0846114,0.77258366,1.5956856,0.36642396,0.062402558,0.8589567,0.9402423,0.0,0.6965045,0.055467963,2.5144987,0.5498039,0.6574572,0.19496699,0.31466284,0.21510713,0.37213317,0.22128482,0.36624163,0.51280886,0.30663452,1.9257413,0.19615366,0.33363304,0.44532743,2.157183,0.5222076,0.19140036,0.36633188,0.59907484,0.6855566,0.9066889,0.22737789,0.41666314,0.9342837,0.6754347,1.2991757,1.0255423,0.07782146,1.1559054,0.14101925,0.26349643,0.07422695,0.4106036,0.5096438,0.45630977,0.07065865,1.5070469,0.0,0.66579664,0.047761522,0.27530685,0.19569004,0.24336831,0.7187132,0.35520408,1.4127345,0.3921705,0.1112099,0.47953084,0.3144326,0.8676377,0.28450108,0.30865657,0.8383036,0.11025186,1.5037323,0.38438317,0.0058954367,0.06484136,0.0,0.30707604,0.5188924,0.047080837,0.22329988,0.48017967,3.5696461,0.31486645,0.19728689,0.08639361,0.2711063,0.19616473,0.5818229,1.3966503,1.5015963,0.40590858,0.519261,all_pothole_images\pothole_images_optimized_image_326.jpg
1.3506105,0.90098655,0.14956677,2.7667084,0.20630486,0.3685443,1.2873014,0.0,0.02322681,0.12888123,1.904571,0.76810163,0.89967144,3.156889,0.021795066,1.7103329,0.011790614,1.3157496,1.2964964,0.59793395,0.0862526,0.27559707,3.0475354,1.7564834,0.4559442,9.502778e-05,1.277297,1.212028,0.5601564,0.56759447,0.13184758,0.91240704,0.22813626,1.0032157,0.047031358,0.1552166,0.10367018,2.2419267,1.1733179,0.2315747,0.0,0.28170812,0.56460774,2.2105024,0.0,0.2705441,1.4773917,0.11163964,0.010863837,0.35263366,1.5584092,0.7924955,0.119770825,1.4100418,0.68269306,0.7118258,0.09795501,0.198909,0.73741186,0.2502598,0.3050748,0.5303052,1.3664174,0.44605884,1.707296,0.54155564,0.65997404,1.9378918,0.5551178,0.7095793,1.6661725,0.32265103,0.4005318,0.24501787,0.15878968,0.07860074,1.9112287,1.1346285,0.43885484,0.13969268,0.07356648,0.72772783,1.049136,0.92713076,0.4263698,1.540158,0.0,0.053278763,0.48120233,0.91983396,0.7188109,0.43809924,0.7764689,1.1632276,0.16498698,0.793819,0.50273424,1.1183829,0.14175674,0.6947197,0.78079236,0.75746125,0.5408887,0.215199,1.2340719,1.3333999,0.7243802,0.5481692,0.15662225,0.87561625,0.62007505,0.8897909,0.6404883,1.7903968,0.38802353,0.55984503,0.15139572,0.7334318,1.6506798,0.53791106,1.2137623,2.3801634,0.100783765,1.5046573,1.3963495,0.48308608,0.030074645,0.19898154,0.57362705,0.791301,1.1221186,1.76368,3.5048544,0.21145885,0.07946479,0.5134292,0.35918394,0.6722702,0.17954105,1.8035096,0.05586749,0.72633135,0.798805,1.1860635,0.14881754,0.47683024,0.53916246,0.060242932,0.4472833,0.25905403,0.40671274,1.1700304,0.8845836,0.27160934,0.36506855,0.098965555,0.445316,1.4083573,0.587846,1.0179751,0.8289462,1.8295082,0.0,2.8385305,2.6345627,0.24834538,0.8270584,0.7010435,1.4437746,2.2763064,1.026246,0.029596813,0.47796795,0.959667,1.1248899,0.79635555,0.53014034,0.022424312,1.4060065,0.047556248,0.35228544,0.34143627,0.12288906,2.5119407,0.6744805,0.12092762,0.5750179,0.8436595,0.7296777,1.1979233,2.034271,0.38143423,0.75576335,1.167124,2.4346476,0.18966326,1.2719952,3.2232509,1.0998732,0.009154953,0.65464234,6.403006,1.5567492,0.42331088,0.3416574,1.7544507,1.366024,0.17186846,2.7686346,0.5215644,0.062498987,0.4736056,0.9301656,0.018199677,0.44862613,0.33491147,1.374043,0.09087105,1.759982,0.19318374,1.1658534,0.47190177,1.5211698,0.7148906,0.021943929,1.0765157,0.9972117,0.101270944,3.4524114,0.16717888,0.6262232,2.2659755,0.35553443,0.89989245,0.015459184,0.0059082904,0.37531364,1.5311086,0.1864406,0.72545934,0.5217338,1.6501515,0.012788206,0.43197444,0.60956293,0.4603227,0.96230906,0.23220094,1.3869131,4.261194,2.1900544,0.1884404,0.15092108,0.16807793,0.28531635,0.50516313,0.30319196,0.5688783,0.36978415,2.1526277,2.0084472,1.2053103,0.4034919,1.4976331,0.0005352284,0.45847338,0.8301164,1.6438228,2.5064604,0.10329361,0.49856418,0.45086128,0.33687386,0.28833392,0.14200747,0.6154073,0.13466756,1.3626882,0.4115495,0.07416472,0.2641677,0.74834955,1.6145648,0.1758206,0.24133867,0.30532843,0.23554176,0.39506662,0.31116942,0.7112404,0.5168102,0.37066513,0.77128935,0.69210917,0.7747083,0.4350192,1.4948531,1.727833,0.16848533,0.94366,1.5944555,0.34191728,0.29225677,0.65860045,4.822768,0.004110605,1.0956385,0.17721044,0.24860302,0.100101136,0.5220192,0.5648356,2.490805,0.6952421,0.13941705,0.3357277,0.47461286,0.5901589,4.209011,1.0216451,0.97020465,0.80641156,0.9730489,0.026448824,0.124417305,0.29892525,0.24057952,0.5800294,2.0022414,0.7503688,0.91229296,0.06388255,1.6580594,1.3438045,1.3436201,0.08218823,3.1715195,0.3647905,0.98674244,0.37152714,0.85817575,1.6677185,0.5530487,0.74873334,1.7585613,0.78134805,0.117880255,0.41366965,0.05230885,0.8327358,0.6980845,0.5251902,0.28075922,0.40584508,0.2010211,0.6264285,0.25058392,1.7621095,0.6719732,0.26312238,1.7927899,3.8746064,0.20765476,0.81707495,0.26953393,0.008374818,0.43993688,0.052923113,1.560695,0.5189912,0.657513,1.1125163,0.3672205,1.9500798,1.4422152,1.7719147,0.18381722,0.4944898,1.0201386,2.4738677,0.43885413,0.015734404,0.21971792,1.9264959,0.7873202,0.5483797,2.3523092,0.016561734,0.06819431,1.2368896,0.06720496,0.4692813,1.2350873,1.3131527,0.13573986,0.2613547,0.39727253,1.5602015,2.5636783,0.1717967,0.6378145,0.1869406,0.98064065,0.8956159,1.8966342,0.27278486,0.9016702,1.4531047,0.61056256,0.49188015,0.018086445,1.538616,0.95835835,0.633356,0.6699331,0.35385442,1.9178904,2.1388621,0.0700705,3.043879,0.17001598,2.1230147,1.6780319,0.65990686,0.8382236,0.5284797,2.329826,1.5019953,0.5458397,0.75544685,0.16068296,3.5707095,0.23233894,0.62766623,0.0,0.064693905,0.66993403,0.35339698,0.9600053,0.5163467,0.21618265,1.164453,0.7736848,0.0,0.8243943,0.07695969,2.0567508,0.46908098,1.2527138,1.2037278,1.9753023,0.9142207,1.4496337,0.7750515,0.0054712677,1.2438414,0.47188097,0.5231458,0.2926733,1.0614827,1.003546,1.0374666,0.13947734,0.45663744,0.94710463,0.8316813,0.35431892,2.2152302,0.43828437,0.8517134,2.6473515,1.0857437,0.49219894,0.5567259,0.7599649,1.056954,0.4983167,0.16656926,0.73491645,0.047356486,0.7443399,0.23420781,2.194253,2.0185165,0.24985807,0.45963898,0.5755633,0.42344812,2.7966638,0.28220472,0.595988,0.4286664,0.17254062,0.98018533,0.23233089,0.024051506,0.36361694,0.0,0.38524464,0.18008918,1.9508885,1.7817115,0.70428413,0.48638713,0.15399241,0.90876436,0.88528776,1.7454984,0.41107783,0.22305955,0.11442191,0.2801073,all_pothole_images\pothole_images_optimized_image_327.jpg
0.9131376,1.6200516,1.1950796,2.4197073,0.96625125,0.10576445,0.69307256,0.0,0.33947462,0.43536556,0.21071205,0.71258545,0.014294108,1.3396134,0.29789388,1.8692923,0.1677339,0.005855442,0.16674533,0.032104257,0.21002644,1.5708491,1.640609,1.4938829,0.58003527,0.5491854,0.054235943,2.3502243,0.110653184,0.8026684,1.7564795,0.08423815,0.9556415,0.6241526,0.47162694,0.15144247,0.62318265,0.4606697,0.27197257,0.522729,0.016999854,0.49284485,0.8096409,0.48723143,0.8041995,0.012951729,0.3191493,0.3002494,0.15674528,0.2276527,0.39185783,0.739079,0.4311774,0.17938766,0.0042292937,0.14540434,1.3677791,0.06604125,0.12895091,0.15247181,0.0,0.24346156,0.59110093,0.5388491,0.59469306,0.3025742,0.3030369,0.16441332,0.052599408,0.08777192,0.13201515,0.004710115,0.2928901,0.26905644,0.005452387,1.4074801,0.32446846,0.4159998,0.0,0.48108336,0.48881802,0.30149162,0.15327325,1.5291674,0.19951561,0.6465915,0.06301951,0.068348385,3.7083511,0.4508318,0.08198226,0.0448311,0.03636356,0.06992604,0.25900084,0.018593963,0.3913328,0.8125028,0.002468174,0.46166196,0.20997748,1.0625621,0.47405988,0.5806679,1.4566957,0.0,0.08543424,0.054657847,0.48333207,1.8682985,0.010981804,2.43377,0.54698896,0.8595373,0.7654172,0.91278726,1.7631905,0.17989372,0.7653978,0.7855348,1.4727564,0.4695327,0.2309593,0.35976198,0.94458365,0.9703196,0.44559,0.6987631,0.19002947,0.292015,0.38929802,0.09405749,0.3157353,0.0,0.23151508,0.1739246,0.06684796,0.25172973,0.07900146,0.0,0.23357216,0.67686945,0.17597695,2.104057,0.47825107,0.8429293,0.22783905,0.9712527,0.21942846,0.58786297,0.9424552,0.441742,0.49553713,0.6045513,0.83004105,0.29232138,0.26118478,0.120071545,0.8532128,0.5539558,1.4635876,0.34820563,0.085805655,1.8155533,0.2747973,0.60121554,1.3577188,0.02452518,1.2636547,0.5648435,0.015344223,0.50160366,0.3875195,0.055235364,0.72372305,0.28451765,1.132659,0.00407613,0.013638705,0.038154773,0.04389795,1.3838613,0.59610236,1.4009206,0.80907774,0.07569017,0.116998106,0.03133254,0.5761805,0.48833668,0.72314334,0.5157647,0.122210085,1.8300211,0.73036605,0.3069043,0.23078915,1.9070218,0.33462802,0.3474771,0.6404278,0.27915528,0.0,0.033944882,0.16271956,0.47138524,1.3368723,0.17472859,2.033667,0.30177158,0.2902411,0.42981365,0.53870904,1.0949994,0.6740403,1.813119,0.58567125,0.0,1.8790448,0.030979209,2.262913,0.0,0.4389801,1.2679794,0.21487477,0.22500642,1.4121857,0.58361167,0.79285,0.218281,0.25210327,0.40602252,0.26500797,0.14210223,0.514764,0.11652057,1.9570019,0.16283652,0.7257394,0.34560668,0.32372397,0.009727357,0.623255,0.5781741,0.0022107854,0.0,0.6498159,0.038399145,0.6503195,2.9424057,0.5730263,0.11335295,0.18879937,0.0036272933,0.7420199,0.0,1.503365,0.13125312,0.3636016,3.0305817,0.8707129,0.67056644,0.5336688,0.035358977,0.44445664,1.9461331,0.31791082,0.19271183,3.766768,0.08156444,0.27973062,0.0,0.24440469,0.44724077,0.083648816,1.6365377,0.009545538,0.7495288,1.1761988,0.46835506,0.07456905,0.23348409,0.8836305,0.79998726,0.41772148,0.3565991,0.3973141,0.6743605,0.33315152,0.088116616,0.15665714,0.68844503,0.3419781,1.0685244,0.16920522,0.46914044,1.5191652,0.19083038,0.041854125,0.66192114,0.3728048,0.2522242,0.008167149,1.2823364,4.0099187,0.065464914,0.19116016,0.49408597,0.46624196,0.110406406,0.4403406,1.8483546,6.0937357,1.6013392,0.35877335,1.5796224,0.0,1.5874956,0.7840716,0.3252608,0.805678,0.49058533,0.4865872,0.43449837,0.36977974,0.13103841,0.75875866,0.77125424,1.0057038,0.51015335,4.0095615,0.103679664,0.0,0.24802713,0.08295108,0.23104295,1.1594414,0.592268,0.86309004,0.012560471,0.48269963,0.8071851,1.9640119,0.058047302,0.17579411,0.07632743,0.50409067,0.0029541273,0.20063587,0.2024753,0.0236511,0.99503434,0.25942487,0.3534359,0.106570974,0.014531247,0.33695617,0.13185622,0.14377648,1.0043012,0.54189694,0.4938184,1.1496551,0.33965376,0.036059894,0.5510211,0.55466366,0.042170797,0.68273675,0.6458414,0.2554956,0.66939825,0.24397847,0.02342051,0.9283448,0.2834576,0.37866482,1.159082,0.16259454,0.19629939,0.6288226,0.0347165,0.9729819,1.5404769,2.705273,0.8026594,2.0887673,0.08922769,0.059090108,1.1785792,0.39179525,2.1651487,0.07376205,0.07327374,0.0,0.7825618,0.94426817,0.32544366,0.020267712,0.0,0.86776966,0.73224574,1.2543355,1.4369469,1.0254922,0.40600246,0.62201595,0.28445643,0.12370483,0.07435253,0.6160426,0.24493468,0.72504663,0.14805847,0.031011133,0.2204676,0.29782525,0.9067917,0.59602433,0.12473966,0.8069459,0.108226635,0.9034737,1.683892,0.84769666,0.36454558,0.82673085,0.5856176,0.38479933,1.0611072,0.39226142,0.3811751,0.07017509,0.50132823,0.10855196,4.0122595,0.5662464,0.44604558,0.16622342,1.2466604,0.6816282,0.13754243,0.21856059,0.048945144,0.050850376,0.009184035,2.2183583,1.2243388,0.37902534,0.71539086,2.4038782,0.1685871,2.1549962,0.87444735,0.40969747,0.46086034,3.1075242,0.6442811,0.110635564,0.92281204,0.700699,0.3811136,0.16926014,0.011115793,0.5966237,0.3198453,0.061715446,0.11834567,0.4397436,1.6545448,1.576003,0.068148665,0.081194334,0.6845574,0.2567901,0.06574453,0.5286724,1.0502069,0.3675564,0.9416458,0.7906355,2.1182375,1.8978144,1.2806859,0.006144122,0.5997518,1.1911601,0.5862171,0.8532511,0.16885817,0.18142459,1.8570646,0.09351806,0.0,0.0022146746,0.0046942113,0.64066726,0.14157952,0.0,0.37476432,0.024460485,5.043456,0.50016457,0.68847376,0.2738465,0.371665,0.012864149,0.50710905,0.25078896,0.8958738,0.06711276,0.11550325,all_pothole_images\pothole_images_optimized_image_328.jpg
0.48505557,0.9724503,0.50796956,0.3090339,0.32497633,0.6586055,0.38028094,0.056259148,0.54756606,1.0657924,0.44752985,0.49631834,0.5165251,0.68347937,0.4997866,0.3162224,0.21393822,0.07981538,0.8909442,0.037134886,0.076857165,4.638571,0.43198982,0.5508611,0.25915322,0.7622027,0.1754084,1.0342828,0.029124716,0.1542829,0.71412617,0.047292326,0.14514081,0.16994292,0.6694496,0.79838747,0.86018634,0.7580278,0.18713965,0.45924506,0.23129638,0.22259828,0.3760413,1.1103932,0.8803882,0.070985034,0.35940653,0.005091468,0.3247013,0.671036,0.85107857,0.049065996,0.28530407,1.0336001,0.18063685,1.828264,0.8747836,0.2030784,0.58229727,0.17519794,0.276536,0.29676655,0.35639736,0.29998392,0.5738444,1.2388663,0.77336854,0.5788969,0.73219,1.3209062,0.25344875,0.4841156,0.29413834,0.19856355,0.20044723,1.0032369,0.10721337,0.0717541,0.10015906,0.12228861,0.1939504,0.0854259,0.09214134,1.9723197,0.16271715,0.5827315,0.19445555,0.580646,2.8620608,0.592006,0.21729161,0.22584327,0.34946787,0.116332196,0.014566522,0.26119587,0.9211231,0.5514925,0.45495224,0.15158215,0.57797545,0.8098872,0.51628083,0.16989389,0.03710027,0.7072707,0.05040147,0.028349321,0.2740741,0.1740709,0.09043033,2.1833353,0.07721721,0.07997275,0.19505173,0.39659187,2.706725,0.88922817,1.2469236,0.4215631,2.3044963,0.65475714,0.8672128,1.5096447,0.10289454,1.8890615,0.56963044,0.7810031,0.4269158,0.31293884,0.42607662,0.0032655024,1.206907,0.27991477,0.9035296,0.6265378,0.7299848,0.122906566,0.59615946,0.9569812,0.53003675,0.45872426,0.002340958,1.1624392,0.25654814,0.2543455,1.1197412,0.061420932,0.7084114,1.1894865,0.73463005,0.029541358,0.26903602,0.5538356,1.6576123,0.29484493,0.944917,0.79441273,0.105033636,0.3854478,0.8059269,0.4826259,0.46091816,2.8197083,0.0,0.28588745,0.6131952,0.016537162,0.615918,0.32268396,0.26938137,0.024600696,0.38360322,0.17561126,0.97020674,0.03801079,0.08511855,0.0051784366,0.1918787,0.37422997,0.18931237,0.8454946,0.6490869,0.3233308,2.717155,1.0399185,0.4536835,0.19799805,0.2719116,1.5415268,0.12575218,0.106477275,0.14433487,1.2951165,0.5187882,0.10071939,0.6289762,0.4217654,0.27572137,1.3544056,0.24599981,0.8462392,0.48336613,0.45370704,3.351815,1.1208738,0.22379318,0.32242864,1.2664295,1.0070413,0.08381262,0.74875104,1.4806002,0.31210378,0.09579709,0.19203396,0.2105249,0.58646196,0.65248114,0.17211717,0.17545918,1.0988047,0.045056105,1.1375228,0.145912,0.745941,1.2975417,0.04986746,0.8867597,0.20264858,0.16217828,0.37476182,1.0437199,0.0016784773,0.78128517,0.19478653,0.11787114,0.07318616,0.05131695,0.14831956,0.9274952,0.21551654,0.21199585,0.102594726,0.08938182,0.05202011,0.23414783,0.08137809,0.12024697,2.6399019,1.5944742,0.17268342,0.14291918,0.087759815,0.44466713,0.71767867,0.4424436,0.21471792,0.6235662,0.40353215,0.18923482,0.34182653,0.20620686,1.4879855,0.8842749,0.5275088,0.92990494,0.8083041,1.0917996,0.44541168,0.04873994,0.43454424,0.28234935,1.2271857,1.6555966,1.368414,1.1730341,0.020440975,0.40546635,1.349496,1.3106362,0.5411397,0.45887402,0.33380207,0.4860671,0.5778493,0.13088255,0.6093194,0.23183799,0.8464063,0.3760184,0.123218566,0.1846432,2.1106303,0.331301,0.2707576,0.77480656,1.4594223,0.6054363,0.3186169,0.3821397,0.83154905,0.073149964,0.5085975,3.9310944,0.34493268,0.18058938,1.182992,0.19624281,0.41398177,0.23324448,0.5563937,5.6828127,0.7609997,0.1495673,0.42623267,0.4478872,0.8594654,1.8443978,0.12538506,0.9426199,0.18085,0.032828208,0.10449843,0.06157751,1.0973406,1.1790372,0.13367303,0.32909086,0.111723915,5.0922003,0.40196484,0.023040691,0.42310092,0.0,0.7946215,0.14261544,0.013493093,0.3919467,0.09890831,0.7625117,0.528429,1.5871412,0.027534684,0.33136857,0.3388994,0.15900391,0.24376279,0.2712544,0.82396984,0.6094706,1.1348537,0.6194114,0.94810593,0.13365029,0.38732114,0.48205012,2.1345155,1.1526698,0.5030397,0.0687195,0.034974933,0.82469034,0.098848276,0.6283086,0.80078673,1.4596382,0.08168338,0.34730795,0.0,1.474786,0.60262454,1.0006229,0.1636995,0.7027283,1.4399364,0.827211,0.75396854,0.41572952,0.9462065,0.07910628,0.13512938,1.2649571,0.2078637,4.3005958,0.48675326,1.5415964,0.14763574,0.8621759,3.0351872,1.1387554,0.6057274,0.02447133,0.04121105,0.76741064,0.0406404,0.38881776,0.52684563,0.22508502,0.6936105,6.596998,0.08844576,0.392082,0.111173704,0.17072779,0.11976119,0.37345016,1.1125233,0.08868557,0.6005857,0.33435658,0.35936114,1.1722438,0.27759913,0.48573667,0.089604616,1.033637,0.09619001,0.001422881,0.23100942,0.29657233,0.21402404,0.99460167,0.2287685,0.6585546,0.92754036,0.09645927,1.9725443,0.098489575,0.059071667,0.7750792,1.3311865,0.4872712,0.67600995,0.6113929,2.8765178,0.841932,0.4635909,0.2985473,0.37556943,0.116404094,0.36264715,0.50431347,1.7653028,0.86269206,0.5174952,2.8919892,0.21983497,0.051578205,1.1340387,1.0810498,0.49161112,1.2823852,0.5001946,0.8377254,0.8469767,0.56577635,0.93634343,0.35087702,1.0269719,0.021913504,0.15543893,1.8366966,0.0,0.44240013,0.6322515,0.11637602,0.65309906,0.46701774,0.20777121,1.3592428,0.6597851,0.430982,0.048850603,0.95203185,0.122920685,0.16389337,0.49332595,0.74983394,0.05080769,0.0896446,3.7203798,1.1067841,0.6608051,0.09609882,0.089663744,0.55252546,0.23144095,0.5244467,0.24640429,1.5266383,0.6398188,0.31300545,0.5568416,0.0043302,0.42723876,0.0069083343,0.6261652,0.24394658,0.23721907,0.19687448,4.7985897,0.1563935,0.15394977,0.7303524,0.3452221,0.10977956,0.27411506,0.7700174,0.67176414,0.20497844,0.06490869,all_pothole_images\pothole_images_optimized_image_329.jpg
0.14382833,1.1021861,0.10689052,2.1052163,0.93603396,0.22495979,0.37234515,0.011937111,0.35291103,0.16375859,0.5495934,0.870666,0.0,2.6342032,1.6573995,0.08656906,0.04568894,1.2860562,1.9656138,0.37076265,1.2397766,1.3872489,0.0019769461,1.0211288,1.4084706,0.6968997,1.9756877,3.447498,0.51395726,0.122952886,1.2502668,0.05579457,0.5514438,0.06654565,0.07589176,0.7532083,0.4033933,2.3544495,0.01881382,0.23266433,0.060592085,0.0111630885,1.1048584,5.079678,0.6264592,0.21707612,0.28070462,0.1510909,0.20712839,0.42667085,0.2766943,0.30108705,0.27688655,0.083502986,0.20107809,2.764923,2.4930744,0.67702335,0.12583394,0.028963465,0.5046932,0.33223423,0.6238253,0.49499336,0.5604694,2.159756,0.27478483,0.008503664,0.1249282,0.38577256,0.0099487165,0.7200335,0.2876693,0.31572446,0.24519622,0.4277926,0.15486622,1.1952008,0.17936869,0.7981276,0.26332372,0.040337946,0.0022526472,1.55634,0.044023693,0.0,0.14966151,0.22961353,2.5150785,0.032849364,0.6701811,0.024742326,0.23176205,0.00052115956,0.0028910907,0.0,0.050569613,1.3365407,1.9624528,0.21918765,0.21765646,3.4505558,0.0053908257,0.46308938,0.78463954,0.664086,0.48124748,0.09809465,0.6784503,0.037644554,0.0,0.9835359,0.3131141,0.088173404,0.2177995,0.4714107,1.3395274,0.6544389,2.0233836,2.4455297,4.375317,0.37831134,0.14534333,1.9930824,1.4937892,0.08698915,0.9341294,0.5176022,2.9225428,0.1356981,0.29645845,0.0474371,0.2769991,0.05796597,0.8238832,0.5532705,0.6540653,1.1062642,0.7569543,0.17349237,0.50008416,0.16195823,0.1951267,0.38345033,0.9763115,0.4410832,0.070367076,0.12091404,0.08178183,0.13269144,0.60388535,0.1069365,0.0,0.41070482,2.2435644,0.77101445,0.69913936,0.37413317,0.39011335,0.50763637,3.0981965,0.6919205,0.36734554,3.0392842,0.09657591,0.033260025,0.4928094,0.46612465,1.1662219,2.0505545,0.0,0.13701159,0.09459863,0.006150342,0.073923044,0.66428286,0.62248075,0.07118189,0.021983577,0.22332148,0.024925351,3.661236,1.9660468,1.2765892,0.70240384,1.5405447,0.35272923,0.6073588,0.0071615404,0.13164549,0.0,0.38459945,0.25151953,1.3553896,0.056392223,0.28062004,0.34790295,0.050724037,0.02851329,0.5721904,0.7379374,0.05156141,0.66123617,1.0222569,0.7213779,0.113136545,1.6535609,0.87342256,0.46966928,0.22780745,0.0013429913,0.00058547297,0.9031333,0.42370886,2.7828605,2.7828746,0.2591494,0.11441515,0.2934081,0.76993364,0.7993947,0.17369431,0.44680062,0.03756711,0.04306945,0.2844562,1.3258336,0.8010168,0.044247206,1.655087,0.6764537,0.0,0.11442388,0.08484825,0.6105634,0.20402524,2.6572719,0.2847031,0.16798258,0.9889201,0.0012701134,0.05110536,0.9131056,0.20561339,0.8247584,0.0,0.43031114,0.0,0.5341465,2.3012683,3.252531,0.16146319,0.29363585,0.8282802,0.9993674,0.34261453,0.59867233,0.64436316,0.41463664,1.0132341,1.2240707,0.076105125,0.45271227,0.08415839,0.55503035,0.35900995,0.6114452,0.5327385,0.54483694,0.34921962,0.19296232,0.058256134,0.92005783,0.0,1.601403,0.17312053,0.00084242783,0.5128673,0.39360613,0.6890067,1.7096046,0.017402528,0.5440729,0.21465594,0.4596505,1.8585052,0.90201336,0.49723357,0.94211763,0.010435671,0.017458454,0.045754883,0.16287911,1.0414007,0.085613444,0.76641244,0.0048671677,0.5127487,0.22958325,2.0624285,1.7793276,0.5625166,0.059954453,0.30611292,5.686155,0.0021869778,0.06304534,0.07221388,0.2069926,0.50259477,0.28352892,2.176212,1.042655,1.8373578,0.05870319,0.699514,0.0050907107,1.7900965,1.8882763,0.5134217,0.17646159,0.0014096012,0.3490316,0.7414248,0.2556858,0.4307676,1.1204166,0.0,0.32475019,0.06262155,1.7574875,0.19725202,0.1306568,0.46594915,0.22982986,0.25157112,0.7265624,2.693164,1.6379935,0.18111283,0.15414138,1.2771752,1.0958999,0.26503402,1.6559062,0.10212963,0.29315934,0.37692508,0.592769,0.05406644,0.9280528,0.040324256,0.13281025,1.1635368,0.16958666,0.020262634,0.09735919,0.81925166,0.36334616,0.09546833,0.018005127,0.08905008,0.34497327,0.31494933,0.040274788,0.047442816,1.1077042,0.49147493,0.48862,0.40842837,0.59122443,0.03895175,0.46866423,0.015307981,0.5226204,0.040606894,0.8344241,0.0,0.98677474,0.16486418,0.47201118,0.2187883,0.011398088,0.5247979,1.9108217,0.97077787,0.116501346,0.014198217,0.0,0.8184807,1.2975081,0.027402103,0.55416435,0.025054498,0.18611437,0.07790741,3.217261,0.2244834,0.047562983,0.13040707,1.4257772,0.76125664,0.46952876,1.2983105,0.09437336,1.0552429,0.07655827,0.4875567,0.81032085,0.23207112,1.1523689,0.15285759,0.023552801,1.4300472,0.7268957,0.5738045,0.12991583,1.4491081,0.4768411,0.0,4.2504864,0.029185986,0.22127071,3.2072635,3.440147,0.46011695,1.8483207,0.5929146,0.065201916,0.19504249,1.1751528,0.1534593,0.016951194,0.20489547,0.7870312,3.1065836,0.86627865,0.0,0.008330009,0.3320968,0.95718217,0.006972397,0.09230964,1.014798,0.38214803,0.04938528,0.83720523,1.4606519,0.011924502,1.2549878,2.2250814,0.25789207,0.0016488959,0.5464386,0.07237454,0.82460004,0.13033065,0.2509791,0.14274652,1.1561444,1.3470879,0.31589434,0.9883304,0.21852209,0.44248244,0.025684722,0.0013186255,0.097273834,0.5778787,1.7990896,0.7522678,0.3978847,0.33534577,0.7204,1.8583206,0.11158066,0.027392207,3.1358798,0.7594399,0.0,0.08664418,3.0594842,0.86607593,0.4413404,0.05414429,0.0,0.13571796,0.053615276,2.5533407,0.13625583,0.091468185,0.40064994,0.2334348,0.0,0.0014511079,0.0,0.006796321,0.076702215,0.23816359,0.4596723,0.088916056,2.982126,0.84167796,0.10010683,1.0360631,1.6984997,0.10133849,0.108407386,0.04402433,0.097772196,0.0,0.12802096,all_pothole_images\pothole_images_optimized_image_33.jpg
0.1164644,0.7849588,0.047736235,2.0269747,0.16850168,0.0,0.85046947,0.026306048,0.074401185,0.32943726,0.9968569,0.58056843,0.0,2.091223,0.08237298,0.0060201194,0.013164247,0.08312448,0.9028961,0.048679773,0.5843592,1.0545402,0.058795586,0.15980716,0.7947999,0.60820603,0.32621473,1.6751045,0.76837057,0.09833283,0.6733807,0.10332587,0.03819693,0.13885787,0.62910855,0.68088734,0.31584004,1.0922935,0.32957914,0.056341935,0.0,0.19178724,0.7110192,2.1873167,0.58371335,0.24909802,0.028565966,0.21543224,0.015995925,0.004167009,0.17726141,0.118213765,0.12630966,0.030661408,0.009627916,1.6520424,0.7968613,0.32739925,0.0139794685,0.022249214,0.011178371,0.28492105,0.74037045,0.082598574,1.0917282,0.63145447,0.7260405,0.008190069,0.07340866,0.10038708,0.3648299,0.300756,0.22562501,0.32178795,0.027428698,0.64527744,0.22615848,0.66110057,0.029882034,0.5805338,0.30825087,0.09084862,0.19845016,1.3204685,0.0,0.0,0.014766135,0.07295522,2.9315462,0.0176728,0.19700384,0.0,0.05390379,0.31520706,0.0007466622,0.0,1.4570465,1.6332774,0.5293991,0.25171012,0.08951681,1.9306037,0.037301756,0.29570815,1.7336627,0.08757955,0.4928152,0.16673274,0.5427112,0.07119296,0.0,0.7892339,0.9575737,0.47067913,0.1649924,0.16484737,0.5909408,0.03122291,1.1713185,1.2913321,1.8761864,0.0,0.42483118,0.4885285,0.35912207,0.34011817,0.013251592,0.05360325,1.403714,0.22387797,0.052140314,0.51196045,0.037064932,0.0053725764,0.38840166,0.07525722,0.12965915,0.18358453,0.5717951,0.05407237,0.1927297,0.3577497,0.28422534,0.03870014,0.33812368,1.7412053,0.053256042,1.375056,0.06898095,0.034408797,0.08906606,0.5580345,0.01918038,0.0775421,1.1912717,0.8315313,0.35762066,0.0,0.74478847,0.20020793,0.7044779,1.0554796,0.17378205,0.47585544,0.035349924,0.044691965,0.18966675,0.12056907,0.6297047,1.1394808,0.0021328866,0.0012060765,0.2970675,0.188641,0.8535558,0.45412195,0.427426,0.122997046,0.11488555,0.06727782,0.1293766,1.4781044,1.9164848,0.75849885,1.1340588,0.5288944,0.038074363,0.49077964,0.22519355,0.39945835,0.20802024,0.27327514,0.22681472,0.7671436,0.45570427,0.18227814,0.32726142,0.101682745,1.387899,0.5201503,0.6783597,1.0210292,0.5884184,0.44493142,0.29663205,0.018333245,0.0546052,0.56562245,1.4242092,0.062975675,0.0060704653,0.02376061,0.2870861,1.4084824,1.6338848,1.6877853,0.39083225,0.022803301,0.52088374,0.0867028,1.1536409,0.103180945,0.08392451,0.027783627,0.006710196,0.22171919,2.299067,0.059971657,0.83691436,0.60746276,0.06924446,0.0071041468,0.27995023,0.18564527,0.082974985,0.024008151,2.7115886,0.016858898,0.06643555,0.39119664,0.22292463,0.10997778,0.24215648,0.23959543,0.21557598,0.0,0.31694722,0.31477216,0.002126192,5.2036943,1.7486049,0.004140551,0.08621745,0.25541234,0.0065391967,0.4519017,0.79862833,0.050143775,0.17142673,3.407364,0.6375044,0.014698626,0.9875045,0.025017917,0.30713558,0.2088475,0.9828734,0.16572383,1.5373955,0.0,0.0,0.07863676,0.62384593,0.046743058,0.4346316,0.464865,0.03079306,0.053312786,0.1360456,0.9461444,1.0034639,0.23749022,0.55414563,0.1616837,0.024799215,0.06871944,0.38197887,0.35575148,0.3823483,0.0,0.0637845,0.0,0.3072727,0.36983654,0.31823602,0.29342645,0.12847972,0.08529075,0.020142281,1.7002999,1.0172822,0.77792764,0.05279786,0.10366594,6.4174194,0.34622866,0.0027858694,0.015723296,0.0,0.22904447,0.04070236,1.0537207,1.2651291,0.20626196,0.07000182,1.5371274,0.0920591,1.8988831,1.6070205,0.18141703,0.54213226,0.0,0.14602412,0.34192842,0.20310685,0.018452637,0.7392922,0.043487724,0.44048846,0.18411052,1.6556768,0.04141786,0.7907997,0.17496763,0.13209268,0.1981701,2.586364,0.81887805,0.31112123,0.8449733,0.34162635,0.6558793,1.3234574,0.85508215,0.7039683,0.0040232926,0.16349652,0.16527107,0.7077807,0.11133626,0.2976522,0.0029646163,0.31833124,0.24272674,0.08338008,0.042987116,0.18022594,0.7360596,0.4349872,0.024186457,0.007566291,0.089821406,0.062278096,0.11786726,0.104988225,0.0,1.3221521,0.15260072,0.14831552,0.139463,0.4722711,0.06562253,0.70023453,0.0,1.0023149,0.009804481,0.0107526975,0.08354113,0.5655104,0.45901147,0.19190228,0.004537173,0.12402495,0.5147613,2.474649,0.13202034,0.5763215,0.04519016,0.12536287,0.96649325,0.33536354,0.021520503,0.013250625,0.36154103,0.0,0.10723878,0.32342428,0.046245035,0.08415524,0.01249955,0.37709302,0.43911818,0.34371877,1.0692277,0.7075345,0.49758154,0.4005298,0.37045944,0.22921449,0.08287675,0.45591024,0.0,0.0,1.1330255,0.045278292,0.771558,0.25144574,0.661391,0.16142587,0.0,2.158145,0.1033414,0.6210849,2.4155605,2.399541,0.1794273,0.27161437,1.0145468,0.1121839,0.25213528,0.023143612,0.15644713,0.008210711,0.060215235,0.9026441,3.3851912,0.10970971,0.12634748,0.13497612,0.19672899,0.86676353,0.27226004,0.024142781,0.0,0.14169943,0.0268551,0.72363997,0.69214606,0.10915028,0.16988042,2.498112,0.10284065,0.13011223,0.14105317,0.0,1.3644178,0.19744895,0.19626719,0.116417386,0.95441,0.7374505,0.22610852,0.48258364,0.093474485,0.91353184,0.100642815,0.03779711,0.0,0.0024359592,0.42572036,0.0949158,0.0,0.6389203,0.64566445,0.535679,0.22770411,0.15515752,0.8896352,0.3846437,0.12211022,0.7220256,2.0716357,0.41215158,0.04365534,0.15472822,0.0,0.3751033,0.3160332,0.10834416,0.1722149,0.021346666,2.025525,0.010989775,0.0,0.0,0.0,0.19391161,0.07446723,0.0030259541,0.022732146,0.07775004,4.8005614,0.05180065,0.11886788,0.05817581,0.59896886,1.2381719,0.37459144,0.28534678,1.5765072,0.056111593,0.8399097,all_pothole_images\pothole_images_optimized_image_330.jpg
1.1984271,0.111279234,0.23704468,1.565955,0.26204726,1.1822852,0.7897586,0.0,0.077212475,0.7165792,0.030302154,0.08840329,0.35075805,0.03799208,0.09086571,0.8746302,0.04070094,1.2811992,0.25525346,0.14206228,0.4804198,2.5165007,0.65923595,0.71409434,0.692388,0.10421216,0.06661701,1.3315359,0.0,0.0064668735,0.123036385,0.055618566,1.166157,0.9872948,0.17693749,1.3567772,0.35421917,0.11182194,0.5121316,0.11853309,0.31011888,0.011895768,0.10087019,0.77943325,0.63045835,1.0873718,0.50486094,0.005747584,1.1271762,1.4544592,0.75875247,0.08506616,0.015706217,0.40181032,0.548967,1.8044115,0.7384799,0.1770969,0.22437118,0.0006297343,0.0,0.66890544,0.8088536,0.32743016,0.59678996,1.3082747,0.15787978,0.052403297,0.16569291,0.18462506,0.116589196,0.18713893,0.5524976,0.34149805,0.27674627,0.0047814613,0.023220263,0.74650913,0.57022434,0.013509874,0.06506016,0.083077624,0.8406867,0.016462512,1.183152,0.04253835,0.22731547,0.05877883,1.750766,0.16100438,0.609229,0.1329724,0.01754315,0.0,0.07819544,0.004710013,0.81878364,0.28951445,0.38013852,0.690633,0.04678309,5.2019725,0.13342544,0.0,0.64024746,0.74328643,0.16570157,0.3418459,0.3781301,1.0671774,0.0021822054,0.98115283,0.3031873,0.78732175,0.0802414,0.52368164,1.1733803,0.8196457,4.6287017,2.2174325,1.2926335,0.26141244,0.15804623,1.3716156,0.08930807,1.2880632,0.19247007,2.396264,0.21267116,0.0056479317,0.3985731,0.0,0.0678785,0.0963846,0.018368032,0.17576697,0.4015338,1.8598922,0.06883628,0.3948073,0.6821557,0.0,0.4321434,0.8432377,0.0014951101,0.8432237,0.035024405,1.238551,0.32729104,1.0083054,0.017241864,0.5188012,0.5361499,0.045356087,1.4088905,0.34101728,1.1117642,0.28310215,1.9552243,0.17731656,1.3382374,1.1474937,0.0007079107,0.7941435,0.018069956,0.78730935,0.4407429,0.07773378,1.571574,0.6603959,0.086307526,0.14754422,0.032328907,0.2899468,1.081254,0.29582042,0.12341713,0.0,0.09135463,0.055158425,0.118608,2.8114798,1.1744531,0.3462862,1.666126,0.09075673,0.19909088,0.82785344,0.25948954,0.96129435,0.19818175,0.5633246,0.4055708,0.418925,0.14748235,0.4387038,1.5485432,0.19925657,0.31398973,0.17811681,0.14416653,0.26930043,0.635286,1.7729095,1.5919387,0.5652982,0.51297945,0.29749826,1.6337856,0.37666616,0.00052792655,0.0,0.22978443,1.383667,0.14427619,0.6864505,0.5469493,0.10596674,0.016750153,0.480993,0.48559496,0.1961716,0.31001487,0.01781753,0.0,0.7222281,1.8413098,0.051604062,0.42392653,0.0,0.20794977,0.003865745,1.1220767,0.0048055514,0.077125,0.051332783,3.1672406,0.05157646,0.13145033,0.22799627,0.2819428,0.13218012,0.00069528754,0.11639977,0.0011510463,0.00086242496,0.22456083,0.18960185,0.0009522039,2.882258,2.6532135,0.1796084,0.85748166,0.2728741,0.024461754,1.0505548,0.23297873,0.24073528,1.2205833,1.3954421,0.0,0.07968946,0.1146535,2.522972,0.013883996,0.2318116,0.62636054,0.72771,0.64527494,0.84441274,0.36616465,0.0,0.18550532,0.9171674,0.74858046,0.29604727,0.99852836,0.2813744,0.74577516,0.56635386,0.05384334,0.08329458,0.15830158,0.0,0.107323855,0.3494792,0.10260876,0.06920211,0.7313406,0.2264737,0.47163874,0.06070201,0.10207425,1.9728969,0.083553754,0.045636185,0.3500837,3.1575916,0.539116,0.36394525,0.38236362,0.5102595,0.044437222,1.2116318,3.9210095,0.4883006,0.13626887,0.796198,0.15271609,0.5224954,0.7818561,1.738111,2.3768635,1.9338484,0.38375217,0.43836698,0.0,1.230938,4.0491724,0.21745914,0.79996246,0.0066080857,0.3155186,0.1910558,0.23828642,0.35266596,0.0015249582,0.16349438,0.036193497,0.0862409,1.4484854,0.0,0.19699658,0.020912321,0.078317784,0.0014916722,0.54742265,0.0022493696,0.10381664,0.7517412,0.74841714,0.024658369,3.1985042,0.021677056,0.25934425,0.034063403,0.046879977,0.0,0.5166118,0.48530352,0.38680902,1.022903,0.20006885,0.113478824,0.097008005,0.076373756,0.11344609,1.8376741,0.697556,0.6592838,0.16353525,0.02725044,0.29049185,0.039853007,0.71278924,0.4434671,0.80996454,0.31471187,0.21515445,0.09325577,1.8968217,0.09394726,0.9546304,0.059959125,0.613149,0.087574296,0.053271867,0.34854585,0.49543613,0.39954102,0.11656593,0.0020270036,0.018577132,0.6564411,2.4380238,0.8348247,0.86292315,0.0087441,0.62490994,0.049226966,0.11456999,0.7370968,0.0014311663,0.076970175,0.045925133,0.0030094555,0.20856853,0.08806777,0.11325754,0.22336192,2.4353046,1.5675396,1.2293148,0.0,0.94191396,0.012428642,0.10439368,0.63603556,0.029275782,0.25712803,0.08077826,0.034969077,0.10474966,0.041309852,0.0,0.156352,0.93665963,0.09836942,0.4800419,0.045979243,0.62068254,0.62543744,0.32422683,2.3383508,2.014957,0.2330993,0.22311404,0.92764163,0.33085287,1.8278453,0.3709695,0.29237786,0.46886575,0.14760967,0.489184,2.4519923,1.7118231,0.6643674,0.07100338,0.3579907,0.5311088,0.638314,0.34295398,0.2294562,0.8231963,0.28921553,0.33962765,0.032452438,0.0008078305,0.5297504,0.2719905,0.4885877,0.29158965,1.1343844,0.25932175,0.4508488,0.5692957,0.3370432,1.2662832,1.2836791,0.57449234,0.5792957,2.1550968,0.116066694,0.9709639,0.2542975,0.6350479,0.12355712,0.46959147,0.20255744,1.443223,1.1945766,0.3683435,0.23673528,1.4089077,0.021306347,0.22432557,1.8204523,0.14847814,0.011610752,0.12494952,4.343291,0.9833777,0.028407883,0.3110108,0.071993545,1.6516052,0.056387655,0.20461658,0.06865167,0.793933,1.1550739,0.05802264,0.22050573,0.5137518,0.27999324,0.043939747,0.0064553507,0.0,0.43000698,0.6702915,4.0233307,0.4950828,0.011535065,0.72300094,0.9371811,0.038599193,0.11564729,1.2659124,0.38106886,0.104241796,0.5544756,all_pothole_images\pothole_images_optimized_image_331.jpg
1.1856419,1.7866216,0.44794136,2.4531813,1.0780934,0.35877997,1.004753,0.62012947,0.88081795,1.2188301,0.08609848,2.4512532,0.006683928,1.978208,1.1046165,0.37900186,0.56683487,0.29398236,0.7774132,0.91754735,1.9122343,1.6079957,0.5031469,0.12542307,2.8167527,1.2744387,0.45663,4.187351,0.16032557,0.64795125,0.3055503,0.43996292,2.230076,1.1350918,0.53420544,0.55010545,0.04079065,1.4502891,0.35869652,0.95451903,0.5291118,1.213959,0.17490867,0.5374002,0.4522554,2.9239495,0.20887579,0.35394073,1.935168,0.9817081,0.44651502,0.21320231,0.27122813,0.75197333,0.23441422,1.0012248,0.69565284,0.16793983,0.48420924,0.0066666394,0.39582005,0.32002792,0.34907982,0.5442783,0.11044089,1.8323039,1.6739367,0.56921685,0.36166888,0.24947841,0.7881063,1.2531255,0.29406965,0.1605486,0.035028417,0.2742434,0.86788595,1.2864218,0.10956536,0.22321427,0.5438171,0.27493563,0.49221256,0.67445326,0.87229687,0.75656277,0.23354733,0.39940885,2.0144165,0.69780177,0.35985908,0.23845859,0.40173587,0.34933826,1.1819407,0.44459662,1.329176,0.885184,0.42286763,3.6241765,0.010626345,2.0987055,1.6355728,0.28989708,0.37464002,1.1770085,0.6315514,1.4328173,0.23179007,0.28073442,0.5207182,4.5435567,0.9666628,0.07034656,0.95915025,0.03352732,1.006771,0.09651801,0.55550647,0.7362132,3.1118107,0.0019689768,0.14437442,2.5294735,1.0898696,0.6465187,5.2522383,0.2071946,0.39523855,0.75946075,0.2802205,0.104036234,0.049296282,0.70681965,1.4786261,2.1001604,1.0816578,0.029978532,1.1621798,0.076618336,1.2943326,0.3415552,0.041676775,0.064988285,2.0550082,1.3964143,0.4024931,1.5928407,1.1033047,0.060157236,1.3232648,1.5247737,0.08652087,0.06129342,0.9296337,0.7306351,1.4860709,0.08564054,0.5157129,0.74622834,0.7311621,1.0680703,0.070168704,1.4365003,0.111835256,1.838139,0.6036963,0.37762094,1.0993478,0.6413961,0.5576603,0.15419443,0.3384991,0.100197524,0.063955225,0.59282947,0.8691983,0.0,0.59473115,0.5100277,0.1926465,1.1217631,0.67152977,0.9544093,0.45459747,0.36973715,0.3519351,2.5079684,1.3655286,0.45634857,0.6710554,0.30258572,0.0,1.3699251,0.22886588,0.2041607,0.5809802,0.42631382,0.87217134,0.43419623,0.8387779,1.0457109,0.7349338,0.6245908,1.0491433,0.41249114,0.16671959,0.23060389,1.1604886,1.0862738,0.80365956,0.10854115,1.5482912,0.8338731,0.80457073,1.7919745,1.1340022,0.0014817866,0.830054,0.5410751,1.8542664,0.34358066,1.4776611,0.30287638,0.11116998,0.28253272,3.5421565,0.10393817,0.15856361,1.6621048,0.13179412,0.6630585,0.76526046,0.18332781,0.6164122,0.18249932,1.042722,0.41811153,0.40729412,0.16040023,0.6626949,0.57621956,0.00029380133,0.23554288,0.09677416,0.0005940589,0.6818973,0.23718461,0.90570045,1.5846776,3.1561768,0.7910887,1.5479124,0.7336452,0.49845824,1.2340882,0.30214623,0.99937516,0.12542434,2.6225965,0.47438073,0.67160416,0.24565591,0.6589061,0.50601643,1.5628575,0.33218193,1.2550997,6.488349,0.6437642,0.70032626,0.042180873,0.002219906,0.58856577,0.5225922,0.5215371,0.014232518,1.4102494,0.11787822,0.70592266,0.11698777,0.56690645,0.49791476,0.6346892,0.85803175,0.06490489,2.8332162,0.23281008,0.7382915,0.12380658,0.38970852,0.796198,0.31770742,0.32179114,0.09775176,1.6804917,0.15728317,1.1580322,0.61952853,1.3960322,0.38247102,1.0315405,0.23647502,0.79663754,2.1530933,1.1151453,0.056083735,0.1291013,0.7253245,1.585491,0.4187687,1.1571339,2.0418487,1.8102298,0.6410931,1.4452368,0.6737987,0.75396675,2.2710657,0.25414243,0.24346228,0.0066544632,0.61721563,0.5436615,1.8642924,0.68602115,0.130415,0.16023889,1.6969962,0.19397758,1.1787689,0.46999934,0.027964154,0.3077688,0.2745762,0.49618873,2.7700572,1.5726694,0.18444827,2.4436283,0.7456421,0.56635386,3.244875,1.1825682,1.411653,0.49248162,1.0309103,0.8645218,0.6732763,0.48159525,1.2230265,0.410046,1.0810399,1.3827665,1.2575253,0.1371835,0.54484993,0.7113167,0.15494788,0.4605461,0.7545415,0.11703504,0.37746218,0.44011217,0.059725497,0.37252325,1.0613551,1.2328129,0.19678913,1.3881552,0.97026503,1.0175977,1.2779981,0.7053179,0.8478198,0.43180305,0.33770937,0.12913382,0.23646973,0.7161283,1.2571445,0.20869632,2.0833054,0.6053972,3.3554547,0.22953098,1.8780545,0.0,0.15589993,0.7774567,0.77679986,0.41827065,0.43141493,1.2938544,0.15973821,0.38572568,0.67776906,0.95007324,1.5446917,0.7157013,0.88283414,1.6027828,0.4321744,2.0257986,0.2814229,1.9041485,0.6123215,0.81147236,1.0057334,1.268336,0.14203487,0.09101605,0.11865362,4.53492,0.12197428,0.4357565,1.9107318,0.7306041,4.8918257,0.3418137,2.448809,0.5617219,0.3205325,1.5900322,3.1576712,0.0,0.9344462,0.26140448,0.2607762,0.72466105,1.1137892,0.17666422,0.33688018,1.3429494,2.3541253,1.8638572,1.2257148,1.0481933,1.0911051,2.0906866,0.9713786,0.60615927,0.057045013,0.00050174823,0.62256134,0.019631943,0.9635748,1.1500129,0.261239,1.1962701,0.38621488,1.7505124,1.5097755,0.043009445,0.8612459,1.3299233,0.625513,0.63456076,0.9645353,0.57828844,0.91274446,0.20392628,0.42079762,2.157617,0.08718327,2.0236988,0.40988836,0.3407723,1.1937671,0.40629908,0.7526134,1.3071245,0.16697547,0.09452125,0.77993506,0.8879987,0.3075115,1.2183685,1.2537012,0.29774567,2.0157938,1.5620586,0.50536436,1.1721524,0.5019136,0.008556936,2.2294123,0.2514836,0.856658,0.33830902,0.21757227,2.7714837,0.6397335,0.6179304,0.97520304,0.34320855,1.1795452,0.2585157,0.7813016,0.31118897,0.47109845,1.9252433,1.8556758,1.7305197,1.4921204,1.4392471,0.4632101,0.21535055,0.298988,0.4751418,0.16428243,0.58491147,all_pothole_images\pothole_images_optimized_image_332.jpg
0.0,0.059785094,0.7621302,0.7796936,0.2828747,0.038143087,0.07315124,0.54834557,2.863064,0.47932985,0.007853468,0.01575703,0.017802157,1.8807383,0.26244065,0.36938843,0.77948105,0.0,3.1876566,0.3609497,0.008464426,0.0018520461,0.571432,0.0864976,0.0988567,0.0,0.0,0.80076176,0.25658217,0.0,0.0,0.0105166035,1.6201706,0.1661489,0.009373635,0.6816837,0.008197887,0.5172717,2.265129,0.0,0.0,0.0,0.12368968,0.36909688,0.87667346,0.09632704,0.6044986,0.0,0.02288046,1.4059058,0.02127945,0.0,0.12830819,0.18683024,0.24132411,0.086206466,0.0,0.00031538057,0.7424287,0.116711594,0.008177235,0.0,0.25314543,0.0,0.30222434,0.53179514,3.6815715,0.01567703,0.718544,0.38843665,0.003596133,0.0,0.0,0.0,0.0028383979,0.0,0.52383804,0.019939527,0.23744647,0.2940949,0.0,0.56500125,0.0603207,0.45593807,0.11043491,0.076412946,0.37955084,0.8545428,0.0005301384,0.48108152,0.28017822,0.037287723,0.0068111736,0.12138018,0.482774,0.0,0.49843007,0.55431336,0.0,0.050698925,0.0,1.0247988,0.8305994,0.11108529,0.7802796,0.12367936,0.025577642,0.0,0.0,0.007935356,0.66508126,0.007643142,0.09633856,0.47715804,0.15139537,0.0,0.54351693,1.2258662,1.6089596,1.4227592,2.0355518,0.0071461224,0.27315015,0.6900247,0.06341928,2.3643486,0.5603895,0.039576378,0.22844778,0.010019783,0.3049014,0.48417258,0.384385,1.9000951,0.07320794,0.3430719,0.015977561,0.5745613,0.003913591,0.024911817,0.13369955,0.19200233,0.266954,0.0,0.5167942,0.6038125,0.14478114,1.6630669,0.82648194,0.31285962,0.0018093509,0.10630493,0.5079055,0.012280883,0.43738836,0.6284552,0.12854378,0.010400705,0.0,0.06620821,0.7646678,2.7753878,0.04206984,0.26373228,0.0,0.0,0.092986204,0.02645724,0.008336692,3.1833038,0.045128647,0.0,0.038521722,0.03872343,0.1644323,0.9491943,0.63917744,0.004280979,0.19584352,0.0,0.20125867,0.31482857,1.4402903,0.13393366,0.0014353349,0.369242,0.20768732,0.08095609,0.4295012,0.15540631,0.40784395,0.91588444,0.025918722,1.5368571,0.03608839,0.030213356,0.5152135,0.14688012,0.28820246,0.25403804,0.011346175,0.20102803,0.38173115,0.002533731,1.6726049,0.4373663,0.06984159,0.0007506341,1.9777623,1.1783252,0.49287346,0.0,0.0142244985,0.0,0.7742841,0.621608,0.05991537,1.2593007,0.14680997,0.41538456,0.0,2.286359,0.98870635,0.47698873,0.0,0.0,0.34296453,0.0,2.1928535,0.14074086,0.0,0.02302972,0.06213552,0.70690876,0.32668766,0.057269543,0.20365563,0.11096805,0.0,0.004934035,0.0990795,0.25646973,0.10988189,1.7756301,0.061600138,0.0,0.1264085,0.00089067075,0.040168714,1.5840074,1.4201397,0.007848246,0.0,0.005909692,0.0008680372,0.56947,0.012693325,0.34779918,0.0,0.05500721,0.04889032,0.38557014,0.35562176,0.24110208,0.028437039,0.20373176,0.7244549,0.58869785,1.4689717,0.1855975,0.0,0.0,0.5218842,0.17872232,0.0,0.52424556,0.0,0.18271491,0.3696661,0.046985693,1.0963364,0.79839635,0.7830177,0.6242776,0.01819599,0.0030059023,0.17055523,0.037825156,0.034437396,0.022855738,0.009956906,0.008698709,0.016576387,0.19852605,0.04603097,0.5334367,0.009609759,0.08881779,0.0046409736,2.7598221,1.8505235,0.17677946,0.0,0.07151413,2.7566776,0.04338853,0.55852056,1.8319393,0.26851705,0.008217631,0.0,0.047138378,4.691771,0.8186868,0.3427356,0.07485132,0.14616925,0.0029370978,0.42284307,0.028356496,1.3158256,0.020222114,0.40224037,0.0031139527,0.59444666,0.07363044,0.4820716,0.30863586,0.13140137,0.0,0.5907182,0.009289353,0.014803268,0.019361554,0.060556315,0.20695823,2.0627537,0.22690715,0.42646626,0.018827075,1.6885422,0.24664742,1.4255768,1.2314509,1.350868,0.8442882,0.0,0.007236595,0.0,0.9534017,0.0,0.0,0.0,1.0058542,0.34127796,0.18512356,0.13168694,0.9166418,1.0649213,0.21065162,0.9941023,1.2713046,0.055932958,0.042685717,0.4302344,1.0331234,0.2552151,0.009037229,0.01788896,0.16618109,1.3986427,0.0,0.4100896,0.007018681,0.03377513,0.01067052,0.19048303,0.0,0.3251558,0.1440092,0.008164958,0.0,0.7472061,0.49029082,0.18781735,0.12599355,0.5119207,0.5882572,0.68532485,0.24371913,0.95766234,0.0,0.06763793,4.113031,0.38959578,0.89592946,0.53894883,0.112066075,1.5834163,0.0020857397,1.6300193,0.118399635,0.17005478,0.0,0.16542208,0.11458102,0.32830715,0.50648624,0.4343294,0.11480207,0.09715943,0.19588648,0.7144653,0.01935677,0.0,0.2831991,0.0,0.06101941,0.0,0.0,0.041726444,0.034835156,0.0,0.58024675,0.69772094,0.27982467,0.18953484,0.008816937,0.0,0.05208183,1.9420125,0.067316495,0.39848962,0.0075850566,0.07813862,1.5551953,0.23374584,0.0058330516,0.0,0.4526784,0.017477559,0.6850957,0.6288489,0.0492304,0.786918,0.3455845,1.0324696,0.6329641,0.07074548,1.445456,1.9464072,0.53060806,0.74456686,0.04590701,0.026012382,0.6396709,0.0,0.100953355,0.175902,2.7463546,0.90766203,0.20159143,0.05147004,0.011844572,0.1546437,0.20167206,0.65417606,0.005798176,0.19517834,0.6990632,0.22798464,0.46995038,0.0,0.038774546,0.20687631,0.0,0.9083462,1.0865647,0.43736547,0.31348816,1.4399866,0.36553776,0.62019676,0.0,0.38356897,0.24675131,0.16981055,0.35442686,0.06498685,0.011977513,1.9221656,4.7288013,0.23084714,0.7424819,0.06769953,0.01044192,0.0,0.0,0.0,0.07313006,0.4187552,2.1822407,0.10563334,0.08808776,0.14291166,0.43302205,1.0395281,0.389179,1.1381788,0.029203618,0.6480545,0.93848425,all_pothole_images\pothole_images_optimized_image_333.jpg
0.6045123,2.4078984,1.0168967,1.7830498,1.4144008,0.09151229,0.88033944,0.5698396,0.8432648,0.39176017,0.20946203,0.17537917,0.18603303,0.36446545,0.34016207,0.3428537,0.484478,0.1375751,0.5275987,0.4540963,0.48245004,1.8047765,1.1931149,1.0038815,1.2364978,0.8060708,0.088355385,2.7714255,0.09834879,1.1450057,0.60512793,0.09753845,0.18049686,0.52667576,0.66773486,0.36774278,0.4271642,1.3257529,0.011463882,2.004152,0.2160059,0.13211624,0.2871014,0.22163996,0.65617585,0.8968448,0.0007869338,0.44737995,0.5365084,0.5466648,0.52542955,0.53627896,0.27190062,0.09651448,0.16788861,1.5902252,0.8358994,0.4090696,0.70754045,0.058130886,0.2802643,0.005070387,0.49670297,1.1995906,0.51967734,1.6258485,0.3836062,0.10049852,0.3873603,0.4187109,0.3449925,0.2593657,0.2749552,0.16072898,0.61655563,1.4227617,0.23990205,0.5179693,0.048460763,0.38713875,0.32661068,0.83640754,0.010793187,0.55179447,1.1789454,1.0605351,0.36692703,0.40930626,3.8594496,0.61890435,0.5972881,0.1593548,0.089156955,1.5087591,0.16296329,0.07323511,0.8903252,0.7657068,0.21266405,1.9346125,0.09129176,2.3507237,0.57639503,0.22699451,0.5301965,0.0,1.1125697,0.36001688,0.17489633,1.5784665,0.24329963,1.8759723,0.3625577,0.5017075,0.44986957,1.1118221,1.055599,0.7112822,0.6213446,0.9745026,1.0725662,0.58578604,0.38744533,1.5738598,0.6177297,1.0386695,0.020766545,0.58763254,0.1692572,0.58856314,0.91138625,0.63045037,0.27270257,0.3544185,0.34801242,1.545273,0.58424467,0.3380454,1.6033182,0.467342,0.10983448,0.42834222,0.36898148,1.1614804,0.8124367,1.1713722,0.23388083,0.5153708,0.033641513,1.2631477,0.40923402,0.1002171,0.5853588,0.43627143,1.8554232,0.7745009,1.0327864,0.49329138,0.4513073,1.1545378,1.0239912,0.36567014,0.43162772,0.71260923,0.25536418,0.26464912,0.42899835,0.5860587,3.39886,1.2007891,0.66119754,0.092613235,0.04021514,0.1747291,1.5798078,0.42290014,1.3496058,0.124604985,0.30680272,0.046875257,0.036539912,2.2587154,1.1853433,1.5413109,1.9921211,0.614972,0.9006152,0.53725725,0.8139605,1.3674892,1.7330686,0.5652692,0.26592085,1.3481847,1.5976183,0.07386916,1.0435916,0.6343231,0.14242175,0.8393227,0.28174618,0.7622837,0.13110773,0.34270936,0.62263745,0.68281835,0.121759824,0.93294257,1.6992799,0.28069907,0.15211439,0.07725062,1.4691997,1.5447861,0.6184827,0.8562771,0.45496917,0.07862852,0.196788,1.1194015,0.77596164,0.05345621,0.3266567,1.3010067,0.23196083,0.53799576,1.5131067,0.33081236,2.237551,0.26919886,0.03627092,1.1875811,0.48329014,0.38515568,1.3823624,0.26226628,2.1112947,0.13600479,0.3840022,0.09789287,1.5763336,0.16495888,0.6139684,0.009159557,0.45080847,0.0,1.3623214,0.45828807,0.5006816,2.343758,0.9083879,0.066663995,0.43374765,1.112057,0.3257069,0.100452274,1.1481158,0.11800048,0.17320445,2.0400512,0.39601046,0.80468,0.5903553,0.19467749,0.4020493,0.53596514,0.54403186,0.066337205,1.5811579,1.2294703,0.44398117,0.0,0.59324366,0.4739813,0.8916618,1.4506146,0.16321033,0.7378529,0.241852,0.62942404,0.058358096,1.1865602,0.118757285,0.9675752,1.7498022,0.8414457,0.07054318,1.3847674,0.9437905,0.24724154,0.2772753,0.721528,0.08703716,1.0887395,0.15126798,0.13535635,0.61211175,0.77213746,0.87484515,0.95064986,0.48098835,0.44732788,0.1413064,0.7126511,1.9425212,0.1416137,0.04770263,0.23292041,0.7003563,1.2128352,0.2014264,1.6519946,2.5615804,2.235227,0.42918554,0.1437206,0.18960273,1.4008449,1.9323452,0.45481122,0.7289286,0.24682201,0.28276867,0.3894852,0.25658137,1.0628936,0.8663545,0.97892636,0.4203341,0.7377602,3.2559087,0.26519266,0.07570039,0.403956,0.5952925,0.25505015,1.1748006,0.31890035,0.24879837,0.5646465,1.0900487,0.97825646,2.8001745,0.3018107,0.75067174,0.039293732,0.55657,0.55340326,0.60327727,1.0376843,0.0014131601,0.7279188,0.52889955,0.13215263,0.34886873,0.22012165,0.42519933,1.5359092,1.4953259,0.6382489,0.86954266,0.26494622,0.5587635,0.47592708,0.18743192,0.44286072,0.56155324,0.6306629,0.10592785,0.97077674,1.3418747,0.54996043,1.0383992,0.085192345,0.9822513,1.1796435,0.14525071,0.70926285,0.58124894,0.5688197,0.8613865,0.17275538,0.36724728,0.7401451,3.2626395,1.8693509,1.2393268,2.124715,0.032352354,1.6027608,1.1969303,0.49268195,0.122982256,0.6227578,0.44374815,0.19476601,0.617925,0.62174755,0.3802016,0.20216504,2.096687,0.65615976,0.018662918,1.0215147,0.518444,0.6027525,0.03993585,0.28297094,1.2691617,0.03344022,0.55955154,0.14482254,0.78721744,0.45738092,0.0,0.29516858,1.1517789,0.39618024,0.4373055,0.08220088,0.8416296,0.58651763,1.0651084,0.5081428,1.7559633,1.5894753,1.2991459,1.6888039,1.5372825,1.0793794,0.31712416,0.5038242,0.23560578,1.0490973,1.2132772,2.372973,0.9683411,1.5503255,0.7720652,0.7573611,1.5605413,0.15925568,0.6884445,0.44325218,0.49490038,0.45879394,1.1319222,0.24610642,0.47215223,0.7448671,1.1088526,0.34787437,0.37991464,0.07856411,1.0795101,1.0752513,0.37920043,0.13314952,0.17640918,1.3987526,0.8667115,0.44351187,1.7220446,0.23484233,0.8850493,0.61746913,0.6181073,0.02443314,1.3256034,1.0943726,1.0332289,0.52130884,0.90428543,0.6061563,0.29817235,0.45879212,0.18082505,0.57980573,0.9253032,1.2140999,1.251254,2.6706717,0.7169996,0.3951052,0.20418443,0.5304142,0.88704,0.98251075,0.31549427,0.2789428,0.35505185,2.6870148,0.01180495,0.4469227,0.38780838,0.039712615,0.42789584,0.08573344,0.04461926,0.23408109,1.442012,2.9767265,0.29333934,0.5892379,0.59625506,1.4613348,0.7500755,0.9310136,0.16356213,1.5466818,0.3705534,0.29231507,all_pothole_images\pothole_images_optimized_image_334.jpg
0.49954054,1.7357422,0.28876555,1.6105047,0.12865928,0.23514023,1.113999,0.13815622,0.32129723,0.54197717,0.37407798,1.5591043,0.63965046,1.3120261,0.70629,0.23874792,0.095198646,1.0982211,0.913385,0.44599628,0.5037979,2.0138662,0.9468372,0.019913413,1.2907029,0.61855745,0.73349434,3.2445154,0.18626541,0.009713753,0.8005468,0.033224214,0.8251232,0.020619495,0.31532076,0.75841546,0.0580266,1.0513525,0.82763135,0.21138439,0.0,0.973094,0.102894574,0.74361175,0.30965188,0.01604292,0.879181,0.7443416,0.0,0.011438237,0.00070075627,0.10033887,0.1423857,0.09285987,0.051365763,1.7668688,0.869201,0.010183623,0.32983384,0.33909798,0.18850029,0.18644774,1.4902117,0.38061383,0.66474336,2.1486206,0.2841418,0.09002006,0.016311789,1.1376507,0.23040944,0.11192959,0.018578058,0.07857265,0.005646454,0.02427342,0.17578036,0.32122117,0.0,0.17406082,0.6101952,0.0053039114,0.61846447,0.8953079,0.11327712,0.06754584,0.06894068,0.0073199314,0.8450368,0.05878935,0.047774527,0.3119997,0.03833884,0.21196513,0.4328213,0.0,1.5330003,0.465559,0.7157763,0.7466399,0.31876615,3.1402256,0.44008344,0.01890404,0.46822855,0.10858209,0.0944187,0.229057,0.026707675,0.20780717,1.2518982,0.5357968,2.3280954,0.17628025,0.5362696,0.085312605,0.08803911,0.047594324,0.39728054,0.2763664,2.3105953,0.020343743,0.45215228,1.0414776,0.35566714,0.39327615,3.7586849,0.08361775,1.5959926,0.11400279,0.42260033,0.31529438,0.0,0.4387599,0.75364137,1.2820338,1.2509487,0.0006322952,0.4806682,0.11924586,2.5510314,0.11746987,0.5000071,0.74672806,0.296669,2.3375905,0.06085379,0.75127286,0.33937722,0.027542405,0.7047949,0.9173685,0.0038636478,0.03740641,0.23249327,0.24254261,0.6143426,0.05024901,0.7335112,0.56003773,0.8630765,1.1155218,0.07914625,2.590592,0.8991591,0.5532382,2.275847,0.54907495,1.2210771,1.0026213,0.69202125,0.21459359,0.031929426,1.6389883,0.3310217,0.02254209,1.04457,0.4197099,0.13292474,0.5381903,0.18765979,0.72398764,1.800811,0.07506416,2.2749634,0.011146256,0.2666526,0.83043194,0.058260698,1.1380621,0.79343224,0.15389687,0.0,1.7417892,0.13886632,0.005496471,0.35852703,1.0896144,0.16666064,0.93509173,0.21496716,0.5259923,0.7080643,0.58617795,0.1918063,0.16598937,0.78998035,0.58281803,1.1726577,0.6457884,0.0,0.37289074,0.530684,0.11795699,1.163547,0.8002462,0.53743523,0.8815777,0.3106178,0.3009557,2.310056,0.25837272,0.39208493,0.1672517,0.0005528811,0.16560696,1.9487127,0.915551,0.58084494,0.92462504,0.039268486,0.8931794,0.60783106,0.0037494143,0.3698335,0.001985521,1.0768449,0.0055612745,0.50093627,0.25140366,0.03075748,0.0,1.0906543,0.043537922,0.48334682,0.18024908,0.46718308,0.30435124,0.94672805,6.3975897,2.4842863,0.16405179,0.20074272,0.20124307,0.028227974,0.76487654,1.2466689,0.2170465,0.2103332,2.3670323,0.027475715,0.11565539,0.30183658,0.293372,0.39878362,0.65672946,1.0280589,0.658404,4.4100537,0.37704,0.17748682,0.3901137,0.09776711,0.13431628,0.24570975,0.7293801,0.05880536,1.4387026,0.25927898,0.70974183,1.3723403,0.078785956,0.6810368,0.6193517,0.15416151,0.20430632,0.27237517,0.087843075,3.2626953,0.08941318,0.016456114,0.14970176,0.20240963,0.2983424,0.12654473,0.7194932,0.1297622,0.9297689,0.3494241,1.6039624,0.13481447,0.071530715,0.2468235,0.023122778,5.451592,0.0,0.929335,0.012387694,0.05615511,0.7082846,0.04576099,1.0252128,2.0816362,0.60972184,1.786286,2.3599274,0.34530297,1.5111198,2.474262,0.5723819,0.04660084,0.0,0.4279105,0.6884202,0.6804645,0.08396604,0.1213193,0.0052059847,1.1364417,0.24667081,3.0511372,0.15552683,0.0162565,0.39075637,0.06925287,0.0,1.4566417,0.15415162,1.1084259,0.25256792,0.0024861742,0.2813264,1.4627777,0.693774,0.7832088,0.8133958,0.64632815,0.4731232,0.19510804,0.8025083,2.4506145,0.04923146,0.28205743,0.45082074,0.36709678,0.0,0.148556,0.89429337,0.19260399,0.006149001,0.7625666,0.8587752,1.1151755,0.7397615,0.0,0.00792493,1.7470883,0.054003753,0.079799846,0.6646488,0.29585207,0.01707845,0.2863504,0.032117117,0.17079802,0.08222062,0.048416,0.45936412,1.053402,0.29716858,0.9987071,0.22269346,0.24949501,0.952829,2.0084226,0.36788347,2.6625915,0.075682186,0.044176973,0.44442996,0.88211775,0.21644716,0.012972106,0.36956164,0.07832491,0.47076568,0.08236171,0.24551354,0.0133099,0.500387,0.6170533,0.72297615,0.6181099,1.0922517,1.2813218,0.12100113,0.94770813,0.5860311,0.19015837,0.7600348,1.5824484,0.40059096,0.028457858,2.602847,0.5716092,0.8310354,0.55188805,0.71803653,1.9960698,0.13291,2.624105,0.054200027,0.536252,1.2165788,1.8399879,0.16420862,0.13093455,0.99449134,1.0027053,0.19352305,0.9403072,0.14319457,0.0052328473,0.48679125,0.33799997,0.88989145,0.03858631,0.7562961,0.2803692,1.5153472,0.30288827,0.88948184,0.201252,0.057875082,0.44847944,0.003466501,0.52292615,1.6379219,0.2796216,0.90199417,2.2151566,0.23804998,0.7348944,0.29821974,0.22005592,0.639515,1.1955715,0.015286078,0.10672319,0.15256305,1.5957948,0.084497996,0.1239594,0.20996428,0.39679375,0.30858716,0.0,0.0,0.13647583,0.7626223,1.4480232,0.32763657,0.18280661,0.70725024,0.22469395,0.0069185207,0.7557485,0.76428384,0.6070659,0.20719156,0.030046487,0.8707655,0.85837156,1.3716649,0.0,0.46451,0.062498458,0.04787407,0.32174703,0.08130957,0.022657894,1.8661131,0.020998033,0.87856376,0.0,0.47686076,0.39338824,0.10479244,0.18295094,0.04458002,0.6017378,1.7238022,0.35315758,1.1966451,1.216295,0.91864836,0.6577814,0.07119699,0.048751645,0.15688097,0.12045323,0.29350916,all_pothole_images\pothole_images_optimized_image_335.jpg
1.4300216,0.47111884,0.24319021,1.7961462,0.43489003,0.3287505,0.5933112,0.22155371,0.05750623,0.6797923,0.08718502,0.8453772,0.008081821,0.607741,0.020136746,0.30807692,0.0060667894,1.5591054,0.06529253,0.7393091,0.83004797,0.9857758,1.0912665,1.3122935,0.1925946,0.17445973,0.69898003,1.9668018,0.06861013,0.6512006,0.0073500504,0.22150557,0.0074109463,1.0742439,0.0824329,1.1903352,0.5869151,0.8752399,0.64233994,0.2878835,0.13007067,0.2441994,0.23855586,0.782778,0.7170603,0.5034597,0.87072,0.32713833,0.16152626,0.3537288,1.8143957,0.5571673,0.5573085,0.091256745,0.028914137,1.3515896,1.2258352,0.3353099,0.037654784,0.66123736,0.41479856,0.094885096,0.88769376,0.5999368,1.3796648,0.7686257,0.75395215,0.16307244,1.2824514,0.50076944,0.86360294,0.5526636,0.019705804,0.004322356,0.70609355,0.041813605,0.12240291,2.3012338,0.11091201,0.7592044,0.031769488,0.0043308977,0.2852454,1.378345,1.6474729,0.563073,0.56269103,0.09014001,0.5801698,0.3478595,1.332719,0.14865941,0.15169321,0.35011426,0.41567555,0.5116757,0.4357875,1.1524438,0.12170536,1.4498733,0.1568551,2.2548363,0.31151912,0.15504825,0.4824115,0.061961014,0.07107208,0.12511691,1.3624102,0.46677685,0.673835,0.14652695,1.0240061,0.48598996,0.29434937,0.22644927,0.37580267,0.15431486,2.0227525,1.6051097,0.96498156,0.93836373,0.38194773,1.4464357,0.63033986,0.7533493,0.64224595,0.27618405,0.6816688,0.0046839183,0.63403547,0.0064147837,0.59823215,0.025357842,0.15446405,0.11340139,0.047719732,1.0320534,0.07219979,1.0266198,0.7953036,0.42822802,0.4840231,0.78900504,0.043071166,1.660131,0.035200663,0.42709914,0.17840579,0.29450148,0.15656438,1.4793495,0.44893405,0.0,1.7574506,0.9647775,0.88578886,0.7594425,0.7073718,0.60555524,0.50973904,0.5187577,0.689862,1.0385035,0.16944389,0.38593066,2.2577858,0.10908932,1.5416708,1.2929648,0.4043249,0.12337336,0.0099123325,0.14108244,0.508208,0.43564236,0.063827306,0.016760053,1.8303063,0.014383626,0.152015,0.9183896,1.2797039,0.78924966,1.6954514,0.31781712,0.1378385,0.7080674,0.5377863,1.2738982,0.20050243,0.28489995,0.27980828,1.0906733,0.5964709,0.0051409467,0.90617853,0.36191925,0.84140575,0.13211474,0.21785992,0.80925906,0.5636584,0.35322016,0.80983204,0.42535466,1.3104744,0.10489191,2.1078215,1.0836923,0.0024484554,0.083329804,0.85617983,1.3361589,0.96137625,0.5309124,0.4846165,0.3054222,0.26498017,1.1776638,0.39821905,0.8096741,0.66557044,0.47150874,0.057894524,0.00018462459,1.0456604,0.030001309,1.4289074,0.027152833,0.119826674,0.12425278,0.78603005,0.025087591,0.93354684,0.026704542,2.339475,0.9195722,0.004536687,0.9994731,0.41305315,0.09880554,0.16894978,0.013833753,0.6480584,0.01701463,0.21088117,0.0,0.059931,5.6321945,1.3319575,0.26252127,0.58330715,0.005623834,0.17961521,0.8253599,0.4660622,0.5641517,0.4682529,2.6425853,1.2553585,0.47287935,0.43937817,0.518322,0.1211832,0.020292895,0.23697658,0.06296539,1.2328224,0.017621327,0.38634396,0.041384656,0.091777004,0.03791083,0.19170351,0.8535452,0.17534347,0.3281915,0.49721453,0.6754105,2.5901983,0.13176544,0.18640906,0.16385768,0.22652245,0.004825901,0.17465517,0.67666674,0.5294653,0.35188296,0.13645746,0.9499477,0.04981327,1.8266841,0.25007594,0.35651276,0.85378623,1.205797,0.6705841,2.903755,0.08471058,0.543789,0.2207123,0.43423444,5.1127357,0.22572723,0.0,0.20020328,0.045989934,0.16410625,0.38089433,1.4238331,0.8665248,0.97936183,1.3792913,0.7949748,0.09575955,1.6682037,2.522145,0.31256068,0.4474411,0.45843613,0.50615335,0.026513774,0.33139688,1.4094607,0.62264,0.67402035,1.4723037,0.37140605,0.77422464,0.00067859923,0.09610664,0.25976878,0.49210808,0.010968432,1.7310181,1.1884414,0.1136607,0.64655656,0.76621014,0.10566884,0.9625883,0.49113542,0.71537286,0.34404778,0.20005424,0.34067598,0.21616669,0.39736396,0.18708982,0.20936622,0.14813012,0.86653304,0.6178644,0.29001117,0.62080646,3.0231001,0.14349009,0.007715361,0.6687248,0.36985055,0.7786247,0.22696747,0.09560391,0.23793711,1.0794909,0.4274454,0.173411,0.040882595,1.0106419,0.0995882,0.60479885,0.097198084,0.5048591,0.06533908,0.4871039,0.1353903,0.87031376,1.1961089,0.70007634,0.07753492,0.24569336,0.22537665,1.4166509,1.1121761,2.2524006,0.260163,0.20475286,0.4522382,0.0,0.040696505,0.05179874,0.18537171,0.3135719,0.11520753,1.1764414,0.70526916,0.48916999,1.0464413,0.10231966,0.55133235,0.09325553,1.3403965,0.28174838,0.10300698,0.9509599,1.2547292,0.7285726,0.15783563,0.7814561,0.9715386,0.05496528,0.3634635,0.010207063,0.2662494,0.79955024,0.838231,0.6005668,0.57476795,0.28001606,0.4929397,0.6581912,0.13789797,1.9083959,1.1757761,0.5807491,0.39832535,0.79379356,0.31531096,0.9252654,0.9260042,0.11079305,0.5170246,0.5491424,1.4662648,1.3388379,0.08140378,0.2595859,0.5549554,0.6031218,0.44284952,0.43274298,0.39042225,0.92525995,0.03365723,1.3418912,0.08777892,0.24639082,1.9028444,1.2739882,1.0022442,0.16461602,0.21015155,0.2706193,0.52929455,0.12139103,0.020172996,0.6428933,0.606485,1.583008,0.11198744,1.1956581,0.9585325,0.5329978,0.18071766,0.14799227,0.095317505,0.3872147,0.53164923,0.26858416,0.50841314,0.2756449,0.5880817,0.9389468,0.109401114,0.04177027,2.0819075,1.1561792,0.30317682,0.5290581,1.0794222,0.95314085,0.4245444,0.31673816,0.10763344,0.5592736,0.0018404196,0.44695717,0.06138608,0.13876858,0.46197614,0.32242364,0.18208179,0.06263642,0.390485,0.098078854,0.16475089,0.9316262,0.06394248,1.0396267,4.2050314,0.13060775,0.5137495,0.21788402,0.60168505,0.14336558,0.26641238,0.45621413,2.0862365,0.35279694,0.37583312,all_pothole_images\pothole_images_optimized_image_336.jpg
0.120395474,1.6046021,0.66163784,1.1423408,1.0832037,0.120137446,0.6922448,0.3802468,0.017935455,1.3267576,1.3450508,0.28504378,0.2545499,2.388056,0.33529642,0.66085905,0.65144604,0.6930635,1.3654536,0.20139009,0.36117747,0.5810873,0.7024265,1.7292851,1.26175,1.0644573,1.8588941,2.1875305,0.81049496,0.4119707,0.467111,0.5157545,1.3347224,0.03393169,0.79035556,0.8751804,0.40725797,1.0397168,0.21569617,0.29482764,0.38692936,0.32193118,1.459814,0.65160096,1.0356991,1.7187119,0.059822258,0.0050552357,1.386294,1.1639495,0.64494133,0.16576411,1.0477844,0.70038885,0.25589284,0.5100063,1.7927623,0.0030492325,0.7421422,0.21475075,0.23485884,0.72349906,1.3444388,0.29882354,1.61035,0.965843,0.39121428,0.28135276,0.4014216,0.1072827,0.3062462,0.09126305,0.105486244,0.05804089,1.0313029,0.47438735,0.09167846,1.3199317,0.18761286,0.40734482,0.19382349,0.22117628,0.23756526,0.36753234,1.001908,0.38460457,0.50067645,0.053905495,2.9453738,0.33124486,0.2735076,1.4101757,0.23289944,0.31112617,0.10839332,0.16666882,0.67674875,0.8355035,0.50270474,1.8402414,0.0731725,2.638206,0.032378577,0.5847599,0.3561792,0.80365604,0.11520201,0.37126938,0.08232263,0.55702615,0.041361935,0.6975259,0.16084945,0.30749974,0.9041526,0.97880685,1.1257921,0.5195779,0.9008227,0.5882944,0.92030567,0.99839187,0.29254547,1.011958,0.3012636,0.3582016,1.0244612,1.2041795,0.5423419,1.4764516,0.16765435,0.22845882,0.5960486,1.0401152,0.1184072,1.0118781,0.4740778,0.80211145,0.84678483,0.16618022,0.85270673,0.43011266,1.2330278,0.6661414,0.7149424,0.4229246,0.44801223,0.54916334,1.2849095,1.1988598,1.315009,0.51643366,0.009599509,0.46832848,1.8177278,0.2608268,0.3711327,0.35386983,0.2316934,0.28183934,2.1261876,0.62819505,0.02736162,3.6264234,0.18412349,0.005481752,1.4339272,0.46017143,2.2309115,0.63298213,0.7640832,0.08441512,0.668099,0.13306068,0.34093657,0.30500382,0.7513182,0.10501001,0.22205812,0.46187782,0.5302369,1.3582443,2.029723,0.9515636,1.4989907,0.41931278,0.47525394,0.32499784,0.10795355,1.3509643,0.327991,0.778547,0.52324474,1.583683,0.035035606,0.09449419,0.62092423,0.50864726,0.6239159,0.635231,0.6834821,0.69257456,0.8378829,1.0706359,0.18083213,1.1940694,0.20174265,1.0384355,1.2077671,1.2744843,0.40001515,0.8290307,1.2245023,1.3113058,1.1259161,2.1235757,1.7021835,0.069226764,1.4349022,0.5217439,0.9883746,0.13295773,0.31155828,0.57294154,0.031064631,0.47611982,0.8600029,0.9868721,0.5627902,0.65085524,1.2954931,0.6771423,0.16308157,0.55923533,0.27358958,0.25627002,0.9429678,0.5264173,0.074280225,0.05635605,0.7884187,0.0,0.24176282,0.43420914,0.2266613,0.110536605,1.3729279,0.7377394,0.7056605,1.4172267,1.5354049,0.08034229,0.14988792,0.5226036,0.01612884,0.7162974,0.9157101,0.33646533,1.4288174,1.5735333,1.0299244,0.20101747,0.30005124,0.41818026,0.49946254,0.7125893,0.14980732,1.0860378,0.6599295,0.8951257,0.84425414,0.042665593,0.23218809,0.68337,0.024890082,0.3535448,0.2524298,0.4062723,1.1244451,0.41840923,0.15804824,0.043357182,0.25181508,1.5013107,1.4582195,0.39146468,0.43637618,0.8802171,1.502728,0.16801655,0.39940456,0.84101576,0.20008208,0.19643122,0.8072348,0.95013535,2.158242,0.32266042,0.063469775,1.5216067,0.25384474,0.2565512,0.14241858,0.5228022,1.8883944,0.6154291,0.010599765,0.69163644,0.8712031,0.07782427,0.37965778,1.5841357,3.077816,1.1767175,0.13271272,0.14540702,0.25956985,0.1560936,0.35077363,0.62288415,0.2851937,0.9535248,0.08652039,0.4598216,1.1916534,2.302621,0.4661702,0.1479142,0.666583,1.81539,1.3696024,0.47458142,0.44382763,0.53286713,0.53698754,0.31332237,0.542101,0.38738912,0.41623083,0.025363294,0.3448529,0.31755617,1.5171129,0.2164873,0.6887481,0.0049463306,0.13351725,0.16492032,1.289322,0.63934207,0.45799154,0.3583553,0.46899414,0.3633471,0.11514438,0.41088337,0.49600157,0.649645,0.29506603,0.20506823,1.0163109,0.13667747,0.43381423,0.8213593,0.5836661,0.28015053,0.8323413,0.6869927,0.18019146,0.80988336,0.7245703,0.97631335,1.1080785,0.64190644,0.63744926,0.66467446,0.023229977,0.3203758,0.0712253,1.7949076,0.30868718,0.15117331,1.0536107,0.6785592,1.4365919,1.8010119,1.2717426,0.52554876,0.39631248,1.6814114,2.2675989,0.61156845,0.34795392,0.7818211,0.16748385,0.0826395,1.5133164,0.39063686,1.028412,0.010120262,0.90341514,0.8028742,0.023516165,0.51375437,1.0500053,0.5598929,0.263841,0.33433175,0.662813,0.4646934,0.13553339,0.30850142,1.0651542,0.4812065,0.037207603,0.5023105,1.7350012,1.6848356,0.4744177,0.66554654,1.1714201,0.591026,1.57308,1.8472322,2.2778845,0.24365008,1.6560032,1.5961945,1.1832105,0.81680804,0.49000004,0.63807887,0.20036903,0.39294857,0.6168826,2.5769677,0.91377604,1.1275359,0.1586005,0.24476276,1.3941066,0.65141094,0.08458498,0.080491394,0.35823295,0.5869214,2.0931232,0.7790256,1.0733625,0.44458723,0.50515157,1.0566845,0.57466567,0.22594804,1.0950726,0.8175978,1.1295931,1.0731709,0.88854754,0.3955307,0.77560884,0.97021246,0.3512272,1.6137006,0.3482019,1.0230622,0.5700078,0.27403015,1.5170398,1.0530483,0.52032876,0.59711486,0.23215963,0.098965116,0.15515704,0.021825932,0.453165,0.9852469,0.54485434,0.18712504,2.4649894,1.9891313,0.58067346,1.161228,0.0370286,0.22642781,1.3612515,0.06593632,0.69676954,0.083601035,0.6841653,1.1074096,0.16492851,0.3709028,0.29945162,0.095445044,0.18236536,0.14068529,0.0030338874,0.880904,0.11971411,2.0188987,0.07537085,1.0250794,0.42829016,0.17001209,0.035799652,0.3593665,0.2408759,0.28185552,0.43371138,0.8461022,all_pothole_images\pothole_images_optimized_image_337.jpg
0.92146796,0.9518733,0.76137596,1.0293607,0.467694,0.65513486,0.3770996,1.1138941,0.10257458,0.89477986,0.08505039,1.3450888,0.54308635,0.70429665,0.14509179,0.78817344,0.38065103,0.854013,0.9693914,0.09417605,0.5743868,3.2296965,0.9507589,1.4850179,0.24139547,0.075441144,0.115881875,0.89939576,0.08006393,0.5951042,0.6086511,0.28401482,0.09815121,1.0550547,0.55884105,1.1214349,0.76579803,0.6333117,0.666257,1.9998455,0.5789391,0.037051693,0.05380065,0.4882836,1.1526734,0.72378033,0.03931918,0.364685,0.47740012,0.46302024,0.46060959,0.13761355,0.26018593,0.0,0.008544691,0.2531786,0.50350934,0.21702342,0.54914737,0.3042239,0.20182526,0.0028640074,0.23422585,0.13638169,0.038184058,2.8852482,1.344419,0.77273047,0.48739615,0.328712,0.012322259,0.4076869,0.24747697,0.14282289,0.3612731,1.1762949,0.1126187,0.08763784,0.0,0.37620303,0.20645158,0.06857122,0.1305783,1.5995228,0.8606407,0.24308091,0.42751467,0.5894728,2.2163682,0.33579603,0.12682395,0.08502386,0.12713696,0.11364012,0.12781009,0.12846297,1.3903306,0.6418041,0.34689197,0.25248876,0.04301177,1.0094349,0.74578434,0.2550067,0.49774596,1.1551065,0.009070788,0.21384722,0.76441604,1.315169,0.0022872153,3.5005462,0.51459396,0.9654901,0.6394489,0.077455185,1.4238291,0.23570764,1.828833,1.4360359,1.6841295,0.9023954,0.12500982,0.5668277,0.07948378,0.8570136,1.0770494,0.57741904,0.12803222,0.10131106,0.4892982,0.0,0.5635163,0.14609055,0.22893625,0.44504333,0.02323301,0.9325748,0.5179989,0.13167465,0.34189597,0.60766214,0.05963687,1.6740662,0.3883516,0.50739515,0.32435998,0.9391043,0.25438058,0.17773108,0.7609665,0.49786237,0.0,0.06372077,2.5180078,0.29458988,0.75786525,0.32326996,0.63569534,0.16560467,2.5143285,0.2674037,0.0,3.9301896,0.38206175,0.9973163,0.2215715,0.3582455,0.9909344,0.8136023,0.118775524,0.0,0.007735012,0.014358394,1.1312919,0.28598028,0.1812949,0.0,0.022486266,0.18973207,0.05342244,2.667701,1.2929163,0.7201043,1.5169466,1.0072805,0.49604377,0.6970487,0.9145644,0.89722645,0.60920256,0.14590037,0.16581121,2.638621,0.60850775,0.043660488,0.53011876,1.5774446,0.57224125,0.7993414,0.052388277,1.0706506,0.96764153,1.4285678,1.4712216,0.104957305,0.12180608,0.44673187,1.1142033,0.020240093,0.01643531,0.2776324,1.2509636,0.30579215,0.08752206,0.09183895,0.70912296,0.05555036,0.80165136,0.1638741,0.54691386,1.3116882,0.7864803,1.4175532,0.5130198,0.11803788,1.9094479,0.03501602,0.12276366,0.016148817,0.01045408,0.46966824,0.55575347,0.0,0.7740388,0.011871675,0.54889196,0.07445857,0.13137229,0.17731333,0.5713566,0.4351322,0.029267821,0.007824308,0.15953973,0.0,0.5887617,0.027116595,0.45578244,2.8078287,2.6452293,0.09622644,0.577549,0.16583897,0.032783747,0.31459787,1.1524574,0.4678836,0.9955638,0.93669033,0.043378145,0.00757372,0.19368318,1.4163942,0.31743297,0.915714,0.2599373,0.7341737,0.5621084,0.07315922,0.74617064,0.03531079,0.009540337,1.1494853,1.178414,0.64346963,0.35284126,0.19933689,0.22826004,0.83832455,0.08608298,0.3773622,0.20752557,0.14510974,0.19249567,0.2056167,0.3980924,0.037110556,0.4978882,0.4570314,0.32207736,0.22023995,0.098231874,1.318303,0.022621818,0.71471995,0.39833772,2.1717494,0.29874432,0.3899531,0.18410747,0.38885412,0.20219183,1.4577428,2.792146,0.0,0.1546545,0.54254276,0.016940836,0.5428539,0.6328693,1.0099175,3.2936475,1.1084199,0.05369431,1.1107358,0.0015870628,0.5921945,1.4551587,0.56919706,0.5318803,0.047128525,0.025746102,0.057835255,0.4058996,0.19675317,0.012272837,0.0736062,0.9184696,0.26063636,2.3503287,1.0773937,0.10025846,0.019436305,0.07202255,0.64805394,0.1857214,0.10846407,0.07332958,0.14444828,0.5205589,0.7797031,1.4431375,0.03153397,0.040712584,0.88401335,0.119387,0.29360026,0.11950847,0.45170537,0.37540486,0.23338956,0.776311,0.6629632,0.13962856,0.58411664,0.179465,1.9715918,0.37239462,0.728359,0.012068602,0.021994675,1.3397624,0.06730359,0.0038726684,0.7476993,2.2795558,0.17724745,0.32906547,0.09896793,1.5931041,0.73463607,0.33464828,0.100937,0.81262296,0.054614447,0.0035580536,0.5244729,0.3831977,0.9625399,0.35147643,0.07091059,1.1384678,1.2875625,2.2756572,0.870056,0.7713399,0.0069733583,0.25423065,1.010723,0.9101751,1.7058513,0.2878989,0.06995274,0.34185287,0.24270777,0.6894025,0.93538445,0.17718042,0.23453619,3.7545106,1.8041263,0.2687381,0.69660604,0.33911225,0.13840096,0.55050796,0.94482243,0.0,0.02869113,0.6815822,1.2419267,0.37596503,1.0019469,0.011226358,0.06922641,0.15635711,0.016239978,0.34612712,0.115334466,0.88406605,0.5743733,0.73363864,2.1958761,1.6992464,0.37537324,0.35579497,1.0874196,0.41884983,0.6631701,0.45223236,0.6251812,0.037480485,1.5872507,0.3590479,3.932778,1.3991277,0.041040022,0.16979626,0.64228743,0.40185693,0.6159169,0.24779864,0.08694398,0.96372277,0.03849998,0.8498202,0.60979056,0.00029293244,1.1836535,0.50353223,0.28433424,0.894667,1.168204,0.8030141,1.6301359,1.5895609,0.8380868,0.9807906,0.81880677,0.5151977,0.39267388,0.9867984,0.16207075,0.04576942,0.23330568,0.0033852647,0.0,0.19070587,0.73484206,1.2166259,0.5115123,0.013725197,0.006595446,0.18384294,0.023514481,0.15827371,1.3668034,0.83964443,0.16704054,0.6586203,2.0421023,0.25109753,0.6351432,0.0022342862,0.4349564,0.36235988,0.11842294,0.7541439,0.033629894,0.8015655,0.43587828,0.11023108,0.0017985498,0.24026076,0.14407444,0.288417,0.3253285,0.20247118,1.1100557,0.29640672,3.9592197,0.43066654,0.100013494,0.28600413,0.3186694,0.0,0.17453359,0.4948867,1.5389853,0.5739691,0.2813391,all_pothole_images\pothole_images_optimized_image_338.jpg
0.8571621,2.2047372,0.7546747,2.0719845,1.6024073,1.0345794,0.16364017,0.017994864,0.65900505,0.3320859,0.31019974,0.3447485,0.35854977,0.6672404,0.6992312,0.4745154,0.043787815,0.025782451,0.318765,0.6151865,0.96693254,1.55068,0.84018093,1.1348813,1.5205903,0.48393404,1.1416478,1.743677,0.2975261,0.23417456,0.6082101,0.51366216,1.2427218,0.36584702,0.8891235,0.9692121,1.3646622,2.0650308,0.25095528,0.32355127,0.10494281,0.10127573,0.19151494,2.626288,0.9006882,0.085767806,0.11701778,0.5027859,0.348894,0.72396356,0.42928547,1.4579687,0.799938,0.60335416,0.2729492,1.5918424,2.3838286,0.089468814,0.53458256,0.7366117,0.05010279,0.40910736,1.6668218,0.43747523,0.06413353,1.0922965,0.77093893,0.64826304,0.5316597,0.4414654,0.88076735,0.76300305,0.2671487,0.39781627,0.50132966,2.0164635,0.52876824,0.6166108,0.019838067,0.93168986,1.438612,0.03667852,0.04755788,0.47512084,1.0920761,0.17519493,0.47273612,0.13460049,5.0411077,0.18322092,0.4110076,0.13456395,0.29491672,1.3145555,0.597553,0.034273487,0.4713984,2.0060852,1.3409364,0.9652835,0.001494061,2.6168337,0.30345842,0.5118054,0.51169294,0.13310416,0.3417718,0.08712969,0.3279008,0.32149473,0.23829734,2.0994017,0.6618618,1.3627102,0.5067511,1.2083099,1.7568923,0.048763767,1.1416115,0.6892792,2.1404166,1.1144556,0.054013457,1.2023745,0.61894673,1.5755922,0.13526455,0.7858594,1.0930394,0.5420649,1.5973613,0.084299445,0.75034356,0.49104172,0.3817925,0.68004197,0.3530141,0.6818307,0.9682852,0.1627388,0.4438234,0.18199927,0.051320344,0.8988789,1.5883105,1.5117244,1.020377,0.5866443,0.07292443,1.2597896,0.48944652,0.60833794,0.07903109,0.048493102,0.9444985,0.46798548,1.2519205,0.1846264,1.560762,1.1985048,0.85086375,0.48164248,0.12751614,2.4655542,0.015381358,0.5658455,0.79612404,0.36949748,0.8245931,0.36628634,1.1225082,0.9612313,0.37687296,0.85905695,1.0466365,0.08234425,1.6171056,0.21106517,0.09007941,0.17305386,0.3075128,1.9671638,3.7248936,2.4658344,1.210081,1.1349341,0.91242284,0.45176443,1.1909428,0.50221264,1.2112086,0.70830053,0.2722126,1.6110734,0.33823752,0.7759449,0.22981052,0.03167553,0.17041703,0.97874004,0.8065955,0.49509868,0.47717163,0.7206665,2.1708627,0.7422071,0.07019192,0.4482936,0.7258551,0.0,0.24752109,1.2176324,1.0660944,1.3228756,1.5317641,0.9229267,0.27918157,0.0026371507,1.3712866,0.0,2.1217391,0.09043573,0.42974955,0.02408278,0.28231853,1.1141113,0.3977642,0.12165367,0.6356584,0.8398149,0.2792228,0.9562404,0.27507386,0.012465993,0.41422504,0.40927815,1.8325348,0.54400766,0.11219133,0.09887452,0.19302921,0.026089016,0.16694914,0.10827841,0.2946823,0.42952403,0.16027914,0.004634299,0.28656664,2.4694116,0.91375405,0.2581548,0.6127731,0.5380995,1.2348317,0.15202838,1.213092,0.045641314,0.35257828,1.4119413,0.802778,1.8280488,1.2222912,0.18402933,0.31387123,0.4935112,0.012320759,0.36171404,1.4135088,0.13212642,0.6405955,0.18459888,0.42747563,0.12499706,0.47515658,1.0249604,0.5489413,0.3397324,0.17206575,0.50521016,0.024220768,0.08663077,0.4116133,0.2628737,2.2983766,0.4881316,1.7325624,1.5534121,0.884861,0.051701546,0.50206065,0.90128434,0.089603014,0.9708507,0.7327971,0.65718716,0.3930574,0.0091976775,0.22203352,0.8409348,0.33116975,0.80500716,0.04323689,0.8850532,6.1156607,1.0641797,0.0,0.7024878,0.3726705,1.2519069,0.048930664,0.46634945,2.680924,0.98320353,0.2449509,0.8603727,0.7774755,1.1670521,0.8732648,0.093818545,0.14852473,1.1497372,0.20280713,0.0726039,0.7582177,0.959021,1.5113672,1.5344477,0.5633813,1.1472661,1.7022904,0.6960565,0.22513306,0.094310395,0.62692165,1.5264201,1.4689062,0.63325673,0.25189057,0.8805984,1.5908655,1.7096438,2.0539174,0.3329133,1.2314556,0.041544154,0.15938918,0.25073457,0.572917,0.6441089,0.48789597,0.855594,0.46397787,0.93163735,0.90732735,0.0,0.38358095,0.60512775,0.36524746,0.67108226,0.09311222,0.15714952,0.31566945,1.9158672,0.5040566,0.47846478,0.29218322,0.44598225,0.27485192,0.2789901,0.7901498,0.5649498,0.3242068,0.27988246,2.0069594,1.0872777,0.054254442,0.021312932,0.1738176,0.6327601,0.06533181,0.02552613,0.4285514,1.1027535,2.4213586,1.796408,2.5635123,1.4248475,0.92725307,0.6529155,1.4136757,0.030627856,0.3594966,0.099550314,0.021108074,0.029101964,0.51573807,0.19963306,0.86463475,0.4227783,0.6556747,1.754568,0.0,0.8602342,0.443278,0.15554926,0.34583396,0.548346,0.50892055,1.8793637,1.4698977,0.6545667,0.338471,0.9255707,0.0029326633,0.4010601,0.84519863,1.5468061,0.32513225,0.10097791,2.3966463,0.59269845,1.4865174,2.4720006,2.1956828,0.5682863,1.2052648,2.2658765,0.19345464,0.61768186,1.4012935,0.21188627,0.7257826,0.6366039,0.35996237,4.065034,1.1975837,0.2591494,0.17361096,0.59455806,1.2741277,0.16810334,0.1496702,0.29626498,0.02004669,0.9288643,2.6204803,0.5666326,0.8372976,1.6768256,1.0618286,0.51638746,0.7819914,0.31271157,0.028370598,0.79663396,1.090452,0.464572,0.4034668,1.1967852,1.1872824,0.35749537,1.2189783,0.53361803,0.7207034,0.5712996,0.25639036,0.076500125,0.5123407,1.2233251,1.2320487,0.07758178,0.44435254,0.1880902,0.2066288,0.58086735,0.2942094,0.6963539,1.2618326,0.41154322,0.52708393,3.2576654,0.38692108,0.32215273,0.0155809745,0.04327963,0.88410264,0.82634485,0.060394894,0.31390026,0.23808348,2.8068063,0.018508302,0.059306264,0.0,0.08003998,0.29473597,0.002860657,0.08394141,0.0,0.49051532,2.6135707,0.26325232,0.74771243,2.222643,0.616917,0.120706476,1.4406892,1.0676072,1.2089365,0.665771,0.2774641,all_pothole_images\pothole_images_optimized_image_339.jpg
0.7054489,2.4887428,0.96527815,2.094923,0.49499705,0.17800319,1.4780569,0.14256601,0.5157572,1.3065119,0.16607681,1.407422,0.5104369,1.721949,0.69563556,0.10503975,0.89586014,0.62339216,1.8842754,1.0039438,1.1309057,2.449395,0.51509345,1.9633418,0.49366602,1.1033797,0.6825144,2.021659,0.05117498,0.2507615,1.4733851,0.040319435,0.5610787,0.7145272,1.4100327,1.6675116,0.65836084,2.2575226,0.1860603,0.9427005,0.026913838,0.022696402,0.6432028,1.4638852,0.7587781,0.077466555,0.22973934,0.122611806,0.07185772,0.542727,0.9181011,0.24407129,0.26721585,0.8939672,0.53768164,1.4753039,1.5649529,0.020273391,1.7194704,0.25797492,0.8867869,1.6772954,1.7279937,0.045916542,0.95244473,2.1612666,0.6291443,0.44399554,0.5215945,0.9166331,0.2648954,0.24425603,0.21230534,0.36046818,1.431219,0.8202248,0.6985153,0.9064671,0.15000916,0.32469127,1.0923469,0.13577954,0.29914388,0.516324,0.9934588,0.66604817,0.27732828,0.5435759,3.6918128,0.42449638,0.46875262,0.32765332,0.47170365,0.34226763,0.62136155,0.39300883,0.7933759,0.9403031,1.6714886,0.63561195,0.024076963,3.6402295,0.26607323,0.7972094,0.75847256,0.9935899,0.4329779,0.21273403,0.28841442,1.3200206,0.09359077,2.0538454,0.89392865,0.3349688,1.2861284,0.23512726,2.6576874,0.2307332,2.1599348,0.86487687,0.856559,1.058351,0.4144979,1.0269893,0.27852958,0.22798836,0.934092,0.35869566,0.49767226,0.82281363,0.86150545,0.3164348,0.4684516,0.23500793,0.09264666,1.1117922,0.087152846,0.8221739,0.21244045,0.2176107,0.6221147,0.09539233,0.37135097,0.65866446,0.57974243,0.9392496,0.69140404,0.016869463,0.9992568,1.3283834,1.1950918,0.62304187,0.00040648074,0.07652349,1.7885913,0.4735408,0.59797037,0.4257494,0.40781265,1.6050745,1.9906893,0.24027926,0.40051183,3.1483092,0.34442285,0.39809743,2.4596426,0.8175049,1.0672576,0.077425905,0.48684052,0.6109337,0.28571755,0.95356214,1.5846318,0.68089765,0.33088994,0.16898298,0.19011472,0.38466534,0.123064175,2.300303,1.1723533,1.375259,0.37605128,0.5840611,0.063756935,0.9082764,0.51921254,0.59338516,0.4409196,0.6914872,0.36773583,2.571653,0.11218173,0.40996248,0.24104941,1.4082799,0.35488248,1.1370618,0.0060169003,1.2549275,0.52152,0.31459564,0.7225499,0.60801136,0.3302857,1.3525339,0.7447961,0.22583583,0.064823955,0.13913383,0.6898492,1.0545086,0.9092689,0.114082605,1.2180368,0.0129010165,1.3038325,0.33463886,0.80427533,0.12437923,0.39396912,0.43789968,0.3199758,2.125353,0.86222,0.5415418,0.6586304,0.6332839,0.52569956,0.75117695,0.46395183,0.082689255,0.16526265,0.18330893,1.4098828,0.8839183,0.03012416,0.013508946,0.00071135635,0.009755043,0.3866163,0.2452602,0.593977,0.26804903,0.82417274,0.09626853,0.48811132,1.6115451,3.0182958,0.036864247,0.9872505,0.040644657,0.8618979,2.2084548,1.0017052,0.32697472,1.2503214,1.7521331,1.1742082,0.372302,1.1794288,0.8468033,0.44155034,0.27744696,0.0,0.5390868,0.407603,0.16449979,0.12369204,0.24065873,0.20149359,0.31371605,0.28876704,0.33922273,0.5410925,0.92672294,0.9309728,0.64450437,0.41479367,0.24667336,0.7212725,1.8089732,1.5183198,0.95240104,1.009167,0.28730834,0.6892431,0.28222704,0.572091,1.4480352,0.25588092,0.97545046,0.028531881,0.3460354,1.5692136,0.9754545,0.80388486,0.7780968,0.3319608,0.3903136,0.3810309,0.9103613,2.8890312,0.064076945,0.24793535,0.9282698,1.178052,1.5039157,2.5406752,2.6553206,3.0093536,0.78514045,0.73282063,1.589521,1.6332048,0.57245445,0.6150372,0.6743465,0.6946144,0.97370183,0.19281292,0.010584362,1.1018687,1.5603507,0.24147882,0.018073225,0.75575876,1.3526074,0.23674293,0.64220476,0.36421242,0.20215979,0.4125241,1.0141813,0.5814559,1.3764178,0.26433295,0.05498693,1.2302032,0.8335778,0.32175115,0.54282683,1.203193,0.5002937,0.8943146,0.10541023,0.5557444,1.4423931,0.7844763,0.25015467,1.7697673,0.012210096,0.18420546,0.67941296,0.9387594,0.3020388,0.45623544,0.12775822,0.5749625,0.44600353,0.77330583,0.88730824,0.5955429,0.39644617,1.0439935,0.3708384,1.3590217,0.09601213,0.47091866,0.70929986,0.53176564,0.28463262,0.39634213,1.7196563,0.32566598,0.27798352,0.06476261,1.2923406,0.80365884,0.5396805,1.1661593,0.9331536,2.0683217,1.6722459,2.4850802,0.06247055,0.8873839,2.2300067,2.013455,0.19312899,0.092036664,1.5282466,0.18354619,0.19113715,1.3395875,0.22989139,0.52508116,0.31670555,0.5861115,0.7364917,0.045538664,1.0069462,0.94032115,0.029301478,0.92374784,0.6489649,0.3094324,0.43857932,0.9742185,0.6640167,0.31439665,0.2574772,0.027105764,0.24432088,0.53214484,1.1756235,0.18096423,0.278298,1.6206545,0.92277485,1.7412502,2.5561872,2.903775,0.13104334,2.1512716,1.9212222,0.76087934,0.45037475,0.1521277,0.34175935,0.62719226,0.72953504,1.2652614,2.44537,0.22552,0.6313867,0.77070105,0.37213254,1.4049389,0.5049063,0.24535543,0.07351696,0.64170074,0.01908008,3.3656926,0.7538262,1.6475464,0.8394898,0.5197678,0.35302383,1.0233684,0.6949282,0.68983895,1.1352417,2.4983664,0.5460882,0.8380044,1.207361,0.5786228,0.44954613,0.57060355,0.3405689,0.78074414,1.2889767,0.3877051,0.3402165,0.9502468,0.60152054,1.1447922,1.4314352,1.3155106,0.6406004,0.5576491,0.43113434,1.1393226,0.6791754,0.9367715,0.272516,1.2147081,2.3052673,0.021857321,0.6374828,0.3771491,0.2585566,1.4222463,0.08243094,1.5356143,0.40460712,0.58326316,0.8294454,0.30147856,0.72266984,0.113689154,0.055595085,0.41731206,0.8564129,0.19098184,0.3937377,1.0779291,2.734718,0.40933913,1.0624491,1.4655586,0.47399712,0.0,0.17937997,0.61769116,0.2767725,0.23231629,0.21953925,all_pothole_images\pothole_images_optimized_image_34.jpg
1.0014368,1.0377896,1.3406848,1.3154609,1.203421,0.07515476,0.78200734,0.39648953,0.25427505,0.32944134,0.20143561,0.080832526,0.08027259,1.6803905,0.51071775,0.6111059,0.2178023,0.115653396,1.7838172,0.6716266,0.29838747,1.2853839,1.8630947,1.635985,1.0255021,1.6225053,0.3384948,2.3473058,0.13629118,0.1979286,0.20611684,0.0048254053,1.2701105,0.20270674,0.54757285,0.010501647,0.9358846,1.5879972,0.12595366,1.3588836,0.15890804,0.44457188,0.87709093,1.1946223,0.028536383,0.8505906,0.18299112,0.34514874,0.058668096,0.03977681,0.9437515,1.0066725,0.37223223,0.45694426,0.2929494,1.6155524,1.8596957,0.017144596,0.44982815,0.057130326,0.5329885,0.79699206,1.4417008,0.26488823,0.64789236,2.7186017,0.16618176,0.017328996,0.3391684,1.045635,0.2250255,0.37056535,0.25673756,0.12441471,0.15682366,1.820878,0.42643693,1.3237375,0.31850806,0.032304358,0.13679533,0.018004155,0.086452655,0.8800715,1.1851572,1.0945833,0.16586557,0.09894036,3.487412,0.27973104,0.15232696,0.29619265,0.40226337,0.6279107,0.17533034,0.016731834,0.9618768,0.40358698,1.0847224,0.95388067,0.022602487,3.2986262,0.3643119,0.031506572,0.6172122,0.76504284,0.85064876,0.010003453,0.15581085,0.72165537,0.8164506,1.2315118,0.65935946,0.46493793,0.36505547,1.0450536,0.4244749,0.7005369,0.03898057,0.7218729,1.6040204,0.95403343,0.7742761,0.6144249,1.2513527,0.54670715,0.06828564,1.9961609,0.64655125,0.7070942,1.704091,0.19627383,0.45794848,0.5368381,0.37139142,1.3820567,0.14590165,1.799885,0.60702795,1.3175186,0.33212397,0.300336,0.1374583,0.612541,0.49771273,0.7395437,0.4705536,1.1652879,1.1054469,1.6528323,0.40489784,0.5838937,0.06608731,0.31268534,2.0976026,0.19669606,0.44475266,0.23933986,0.1703254,1.1036898,1.9056637,1.2267053,0.6433262,3.181521,1.0825211,0.5942033,0.7056759,0.83003044,3.4869661,0.32932007,0.8441532,0.1521498,0.021059966,0.124075174,1.4108236,0.14734341,0.9814533,0.4972965,0.0,0.28780904,0.007997138,3.2581115,1.4406649,1.6052452,0.6382963,0.8537968,0.51146215,0.38694018,0.005344272,0.5429123,0.5334854,0.056294315,0.016713403,3.6900525,0.22256452,0.4061956,0.7509794,1.0566386,0.060160305,1.3958938,0.9368498,0.6261862,1.360348,0.43659273,0.83916295,0.0,0.25558,0.30476785,0.14908813,0.18033956,0.49775624,0.9045929,1.6311392,1.038297,1.1469829,0.7510038,1.3891101,0.37111142,1.4976015,0.28655094,0.8490364,0.0589095,0.26969957,0.5660004,0.74675816,0.49799693,2.0678856,0.85302126,0.8625812,0.14859036,1.2333723,2.102719,0.10667862,0.932279,1.8901607,0.08429556,1.136957,0.008172482,0.09333221,0.03913041,0.7151312,0.40528876,0.72979504,0.43727678,0.4148603,0.053128466,0.08179281,1.0359846,0.4223355,2.1582563,1.2973088,0.1517347,0.318746,0.4941118,0.014940955,0.006574452,0.19057499,0.22737849,2.0288343,1.6432405,0.49563846,0.6309612,1.4870924,0.3534371,0.03587644,1.1677706,1.0041305,0.62158674,1.2089846,0.03221268,0.18975824,0.0,0.45793894,0.115906775,0.43483314,1.1824777,0.8019667,1.1193094,0.6233089,1.4280398,0.0,0.76530254,0.95663434,1.0503838,1.7110215,0.9781146,0.84452724,1.1509485,1.3192006,0.16533041,0.704754,0.23577729,0.16587824,1.7380855,0.6484097,0.1915967,0.31309897,0.08333578,0.03615784,0.91183704,0.33263764,0.6194136,0.48819032,0.9770302,2.425721,0.016295416,0.052208383,0.69751084,0.3402064,0.280827,0.9640312,2.2614515,2.0517876,1.4926686,0.0027899772,0.013183701,0.062602855,2.2554283,0.32237124,0.7487204,0.18369032,0.5063011,0.24261084,0.40410933,0.68985045,0.5898561,0.4111912,0.08863838,0.025670363,1.0512469,1.1196841,0.033376075,0.110041946,1.1328247,1.2180121,1.6345109,1.6743021,1.1320084,0.58281916,0.11843818,0.2927654,1.2037823,1.7353014,0.12525243,0.27384388,0.043573044,0.5101323,0.1056983,0.23023967,1.1753368,0.14473037,0.26527047,0.96816945,0.24140391,0.1753357,0.12832303,0.19139057,2.1893127,1.1902486,0.96260643,0.083923556,0.4275463,0.4776189,0.90633684,0.06122047,0.52012235,1.4780103,0.40800288,0.22972548,1.144742,3.482124,1.53568,0.5348763,0.08861723,0.8596688,1.4410676,0.028164508,0.25137964,1.0318682,1.4857811,0.68196493,0.039098907,1.0173615,0.15673935,1.7374092,2.3912885,1.1760012,0.24456942,0.08221524,2.0438292,0.87824225,0.31538045,0.12854792,0.3052268,0.4572764,0.0078092027,2.17438,0.24693108,0.5991061,0.15971582,4.4183917,1.3217875,0.3180446,1.9666016,0.8454618,0.42162773,0.47193885,0.19021006,0.54721934,0.09400894,0.1706719,0.15089725,0.66465914,0.33893552,0.01084532,0.5932266,1.0069096,1.2444066,0.48473296,0.0,1.5733223,1.7684014,2.5939763,1.4859524,1.4216965,0.5352014,1.0737419,2.068956,1.2531527,0.8674721,0.30845553,0.06477432,0.6270013,0.8753816,0.7510252,5.5035734,0.89897466,0.98257583,0.72126985,0.03301436,2.7160904,0.027235743,0.1686313,0.44348156,0.1528664,0.83339393,1.7819084,0.8748317,1.1438577,0.5607873,0.356398,0.42658263,0.7672662,0.79505306,1.6615449,1.1376495,0.13024834,0.46886024,0.14594176,0.7870687,0.483424,0.08702329,1.4272857,0.97311044,0.49846897,0.24703917,0.8911603,0.5234256,2.3036776,1.450857,1.5194855,0.6998006,1.1390784,0.87333274,1.1802917,0.71748537,0.19120696,0.7223821,1.3219546,0.57298154,2.1157103,3.8771505,0.8163636,1.2424185,0.09115772,1.6974443,1.0958234,0.83655596,0.87221575,0.4941165,0.89007616,2.4172566,0.15122247,0.15533033,0.1355414,0.019608473,0.0,0.037023738,0.24069126,0.04260787,1.4224828,1.7732388,0.35329145,0.8093095,0.43680325,0.365519,0.4197588,1.444544,0.018833637,1.7064387,0.57295275,0.24972676,all_pothole_images\pothole_images_optimized_image_340.jpg
0.89252025,3.1129277,1.0332305,0.92965114,0.42032325,0.9727716,0.182768,0.40419134,0.6456432,0.378834,0.43114093,0.38329348,0.32493526,0.29808757,0.038909066,0.9556464,0.14324181,0.23170643,0.0418733,0.1946256,0.24000959,1.7177988,0.33258298,1.4891566,0.31351012,0.9526973,0.22923733,2.1331058,0.262699,0.97799987,0.5751445,0.38284203,0.76603806,0.06123129,0.34768844,1.0307978,0.38589165,0.4701682,0.57541686,0.107246585,0.18532227,0.5022842,0.31379774,0.4154804,1.7126251,0.5933405,0.18622674,0.13472754,0.6809725,0.8088086,0.06515147,0.24742503,0.34418544,0.13161092,0.20625703,1.1957445,2.9588993,0.043293443,1.9359009,0.782556,0.32829162,0.02540473,1.2491337,1.0980535,0.092105016,0.5955346,0.2203387,0.1467258,1.410348,0.6754842,0.44492456,1.1101092,0.5364076,0.26726112,1.3565907,0.5551135,0.6481987,0.3648891,0.48500434,0.8201233,0.72543675,0.053910974,0.033830933,1.9205518,0.55874336,0.06848357,0.7801459,0.3156115,4.651801,0.4532538,0.19478907,0.493032,0.23071137,0.5697929,0.2121361,0.039971158,0.14688994,1.0158066,0.44442675,0.7193138,0.012069967,1.7263561,0.15412755,0.6994703,0.35874167,0.33685714,0.32033795,0.7368531,0.27919084,0.40806472,1.0196376,0.41969913,0.20388521,0.53708464,0.45195186,1.3691778,1.1590729,0.41390717,0.8181934,0.5758043,1.1019801,0.45101362,1.0481032,0.8645742,0.17068361,0.94264746,0.24435864,0.6609841,1.21339,0.25965148,0.40315136,0.30772763,0.37937933,0.06962179,0.17756586,0.0,0.1699924,0.5599531,1.7924039,0.33302388,0.53432673,0.7121313,0.113306455,0.74344796,0.26004753,0.99941844,0.1922664,0.028845465,0.39673486,2.0351455,0.3241208,0.7967021,0.066065885,0.14846589,0.93826807,0.5245904,0.08961608,0.6564772,0.97897476,0.499026,0.4887664,0.5310451,0.17586154,2.769339,0.08204476,0.26853523,1.2149582,0.2195555,1.1173712,0.010943549,1.0686417,0.35114342,0.6558317,0.3403358,1.4098374,0.0067493734,1.3431007,0.15544751,0.1469186,0.3723379,0.01788206,1.5643939,3.6633332,0.80565006,2.5138876,0.23828508,0.8555863,0.29029208,0.69564265,0.8707151,0.6975268,1.0593375,0.27207467,2.2821863,0.15774697,0.1266528,0.13970196,0.085363306,0.00872598,0.6114622,0.23072545,0.47920382,0.26550204,0.61076534,1.6104239,1.3828965,0.15734357,0.3587845,0.7647934,0.030868482,0.68580455,0.5111387,0.98102546,0.69498426,1.0418701,0.79086655,0.3860297,0.1218128,1.5898608,0.15470652,1.3231263,0.22131401,0.0,1.3175148,0.0,0.3059319,1.3688654,0.1301169,0.88707376,0.18935756,0.7094793,0.49891973,0.15165949,0.027501253,0.5728789,0.19883025,2.2511148,0.14363924,0.011862113,0.046070155,0.5707058,0.04279803,0.56534547,0.012133408,0.1794473,0.109838694,0.69465107,0.059172317,0.71643454,2.8014233,0.45370102,0.0002465062,0.35597456,0.43231526,0.09947726,0.11853556,1.1546239,0.47760996,1.2845092,0.99098945,0.0666488,0.5100478,0.39088345,0.111211404,0.45905483,0.797225,0.006473371,0.32949665,0.06861996,1.1599016,1.163093,0.025768157,0.0574348,0.8164908,0.56558335,1.4093298,0.4406053,0.611553,0.16574831,0.5611787,0.20052353,0.0656397,0.04064871,0.75533664,0.5267857,0.2747546,0.35356557,0.59279364,0.8169999,0.6676599,0.14544499,0.37225756,0.0045757093,1.4475372,1.075003,0.26034325,0.42741093,0.54739845,0.77115023,1.2665372,0.04442824,0.59870255,0.02999858,0.6684368,5.4150977,0.5519146,0.0,1.5270056,0.41993192,0.40259352,0.25582698,0.6843578,3.6339467,0.62808484,0.0751496,0.30596462,0.75831044,0.6873854,0.97419304,0.40144995,0.10502625,1.0942738,0.06505206,0.2610875,0.7215591,1.2299742,1.5366561,0.55341023,1.1434798,1.5830047,2.6254292,0.35445416,0.19575113,0.7780891,0.22441769,0.021927329,0.34167293,0.3114817,0.3438139,0.49213144,0.44301942,0.21933597,0.74424136,0.04883875,1.4725764,0.15311986,0.0716976,0.0014921795,0.8576757,0.5930421,0.00157977,0.3949866,0.12032516,0.40281695,0.33270377,0.17605174,1.1426659,0.6547173,0.608356,0.35279846,0.21014802,0.04165592,0.42638662,0.6659308,0.06346629,0.38050056,1.0915736,1.10704,0.18436937,0.17534569,0.8159041,0.75574523,0.6182336,0.23612489,1.353216,1.3153588,0.054628816,0.09276927,0.27111968,0.19226642,0.017834138,0.15247649,0.2880078,0.8807104,3.4937317,0.62572336,1.6441454,0.08521355,0.40305817,1.1792175,0.9816227,0.9444386,0.20118238,0.11930069,0.16391042,0.72095823,0.6653156,0.86060333,0.09015887,0.19365518,1.7322185,1.6041092,0.43577644,0.9583278,0.05676653,0.0032128068,0.30320477,1.0460594,0.113565795,0.83246267,0.31101203,1.0059038,0.6622744,0.1675475,0.0056106704,0.674067,0.2782002,0.6599691,0.01690089,0.039471645,0.4630477,0.8104795,0.79201645,1.8886232,1.0615897,0.80193734,0.6843677,0.87749976,0.2077642,0.21204898,1.2174121,0.16076356,0.3644003,0.49099854,0.48744023,4.3104033,1.0217527,0.5778132,0.10898361,0.37590694,0.50133634,0.41284004,0.05851938,0.3911006,0.024941381,0.38254118,1.1777111,0.97682065,0.6059514,0.3462751,0.826076,0.9171741,0.90749687,0.39839324,0.2387008,0.5848141,1.5516286,0.30650628,0.0,0.93218434,1.7154409,0.0179937,0.88103944,1.0665351,1.2240033,1.2996997,0.3697969,0.026000518,0.8332813,1.0375117,1.7808034,0.6837513,0.48355776,0.24321778,0.1591132,0.39116278,0.095641196,0.5011689,0.5971886,0.26758578,1.3764222,3.462915,0.3058402,0.26529023,0.0,0.057941277,1.333355,0.32666162,0.110264346,0.065290324,0.64876586,1.1394972,0.19899516,0.08666158,0.12328686,0.079289354,0.17171481,0.1068477,0.039732806,0.049157843,0.015395012,3.0103667,0.074357636,0.83552,0.27623773,0.15083636,0.09846374,0.6982562,0.5070563,0.21854033,1.0332558,0.62724984,all_pothole_images\pothole_images_optimized_image_341.jpg
0.7518927,1.5682154,1.0959483,2.3970962,1.7061265,0.19063796,0.43657786,0.0,0.42884484,0.47882506,0.25868833,0.59490955,0.0015013567,1.0046537,0.20968805,1.9094898,0.09499723,0.006105348,0.08653823,0.007854044,0.25143686,1.6858715,1.5382563,1.330621,0.40767062,0.3719405,0.0707378,2.2622845,0.12746285,0.91384465,1.6698658,0.090086795,0.87442505,0.4507234,0.5845781,0.086120866,0.8134761,0.41330543,0.30349857,0.47890872,0.020262439,0.47186333,0.80889314,0.7915772,0.78281605,0.017632954,0.2768173,0.25080585,0.05572685,0.10181238,0.33636984,0.68338776,0.28186163,0.12633419,0.0018426295,0.3271735,1.4546092,0.08013706,0.09559962,0.19261827,0.0,0.24709976,0.70385665,0.6827228,0.41740215,0.19617166,0.27462527,0.18565382,0.058043703,0.099588804,0.27071196,0.0022847736,0.25645375,0.27912238,0.009872854,1.4489064,0.30377394,0.4288558,0.0023726756,0.7930296,0.4956723,0.15491606,0.11977111,1.6071762,0.21281989,0.766531,0.063733585,0.1692585,3.911404,0.48350248,0.074351065,0.022320762,0.04997902,0.05261064,0.3018757,0.09113003,0.31495264,0.6951015,0.0057180887,0.49874434,0.19356203,1.2796267,0.5218944,0.61705613,0.98710275,0.0,0.16859514,0.1370176,0.31211862,1.7010317,0.0108099105,2.7529998,0.5542985,0.8056037,0.6248627,0.99186224,1.6868764,0.23638223,0.8771524,0.8490103,1.069253,0.41078898,0.29996896,0.28443086,0.89083236,1.0357559,0.35625863,0.50547844,0.3082852,0.33026752,0.33166948,0.11197889,0.42033228,0.00227491,0.19942507,0.21341662,0.04949378,0.3468457,0.05002791,0.0008933908,0.21562743,0.62218547,0.18005285,2.2041962,0.21515347,1.0497942,0.11954875,0.8309789,0.123089135,0.5448723,1.0737915,0.5175613,0.5167874,0.47653916,0.8541283,0.46319023,0.28187194,0.07029684,1.1221988,0.5647433,1.1625473,0.41814288,0.16054738,1.5892103,0.20583072,0.5025875,1.0940589,0.027898107,1.0732431,0.35128105,0.0007955213,0.31676793,0.22192585,0.16546053,0.763393,0.17716977,1.2712322,0.014536969,0.010866245,0.0166405,0.0152449235,1.1692164,0.5161545,1.3280171,1.2703583,0.049512457,0.24831642,0.034796078,0.7326694,0.3453699,0.5608506,0.36644357,0.12047996,1.3393112,0.5685016,0.3179485,0.26529583,1.5857819,0.35966992,0.29089028,0.5888649,0.19034946,0.014419587,0.035521,0.18364163,0.488583,1.1248825,0.17880587,2.0719106,0.15925403,0.4285794,0.32177725,0.52200294,1.2569715,0.883962,1.481243,0.616381,0.0,2.346591,0.06794884,2.4583929,0.0,0.34022847,1.2818706,0.16714713,0.19891499,1.2796668,0.79886144,0.8359439,0.15339586,0.1388317,0.45810255,0.24471016,0.050627522,0.3531807,0.12466431,1.8393714,0.010924871,0.64301217,0.2557316,0.23943764,0.01409409,0.5958616,0.47366586,0.03231658,0.00022827183,0.6615943,0.09368257,0.7430929,3.2718244,0.59934694,0.055798266,0.2463283,0.020278977,0.55398154,0.0,1.6656992,0.045175843,0.41157,3.1810663,0.38624153,0.70603305,0.47328022,0.00936442,0.57071024,1.7478534,0.15029326,0.11766427,3.2020059,0.20560247,0.33781698,0.0,0.17791934,0.5477717,0.07596672,1.69925,0.0,0.5434201,1.0798954,0.48775563,0.08337219,0.32756984,0.8011328,0.68847847,0.45896593,0.20860012,0.39569286,0.7315293,0.32763225,0.00033804888,0.1423175,0.6338962,0.5126635,1.1395024,0.1119651,0.31924966,1.1007098,0.4062195,0.034658063,0.5970761,0.4072426,0.18140754,0.0034085147,1.1436095,4.2819424,0.08924437,0.21343233,0.44794807,0.50959176,0.2051358,0.25296345,1.5013578,6.0920258,1.5677261,0.15124927,1.6775587,0.0010847818,1.4004178,1.0562621,0.27965596,0.623331,0.48204827,0.5044239,0.41548952,0.3790261,0.08217978,1.0242391,0.7089265,1.3391998,0.27366483,4.103539,0.18505245,0.0,0.16436788,0.00720416,0.22751878,1.1753262,0.6969148,0.8160518,0.03627371,0.42730185,0.814691,1.9328117,0.017123945,0.12509443,0.05684761,0.18095867,0.031022647,0.26000565,0.21689306,0.061692134,0.93842196,0.35307443,0.20719382,0.037432037,0.0,0.371176,0.09174208,0.1791068,0.88450146,0.38603643,0.54987776,1.1594846,0.33258986,0.04518868,0.4109939,0.506253,0.06843912,0.36806905,0.55095106,0.13729931,0.40181023,0.16668177,0.0133436965,1.0464493,0.2829033,0.20784773,1.2982683,0.076204635,0.1657861,0.51401144,0.0027728423,1.0446789,1.4673171,3.2407618,0.7434306,2.387029,0.071946986,0.08971569,1.216356,0.1608208,2.1543715,0.09156052,0.15628809,0.02085694,0.78345984,1.0666025,0.20311943,0.02388509,0.054674674,1.295138,0.77281886,0.9109909,1.5858802,0.93687344,0.37067577,0.33378905,0.21590067,0.055676274,0.123227224,0.85438645,0.13240872,0.68611616,0.0994793,0.021140527,0.23695445,0.48034915,0.7119932,0.5219152,0.12823476,0.69523245,0.08419736,0.77242494,1.5564597,0.9376226,0.5555525,0.644276,0.89427143,0.18873131,0.8974859,0.55160403,0.19086157,0.2563,0.3832861,0.04718619,3.8481302,0.50707686,0.16471022,0.18293218,1.0138012,0.88250047,0.1282694,0.25313553,0.17950544,0.066575766,0.0019582806,2.3973138,1.384936,0.3386213,0.57010204,2.2519424,0.16999365,1.7694198,0.4882299,0.5212293,0.4803183,3.2401016,0.5905852,0.04123859,0.87811047,0.6835861,0.117271304,0.25271696,0.013612783,0.6347008,0.38335177,0.10753693,0.12285603,0.34521526,1.5675539,1.1996375,0.049735423,0.10173661,0.6784818,0.36869508,0.15562712,0.44940028,1.1677352,0.26899204,0.84095114,0.8686313,2.519378,1.6963432,1.0250834,0.005091707,0.5269574,1.2686348,0.59385204,0.7336167,0.14221694,0.1662389,1.8416307,0.05179264,0.0,0.00049531466,0.06536574,0.27082708,0.10337168,0.0,0.028756987,0.005019172,5.2328744,0.56228536,0.7697071,0.515316,0.5836856,0.004733327,0.7227626,0.30822754,0.6366741,0.16310877,0.13851143,all_pothole_images\pothole_images_optimized_image_342.jpg
0.9378726,1.7992874,0.67167026,1.70764,0.34224233,0.88943565,0.3532406,0.32554033,0.70441115,0.5971681,0.6689843,1.1121479,0.024262844,1.0242296,0.8233077,0.8084158,1.123376,0.19394435,0.4174094,0.99607706,1.889175,1.7242513,0.12463754,0.77729875,1.2780621,0.7322031,0.39750957,4.3649483,0.5447153,0.19928052,0.51679593,0.18284957,1.2644907,2.3198726,0.25088796,1.3314174,0.4168948,0.7564439,0.037359778,1.1890484,0.3529169,0.107639916,0.9524741,2.9214876,0.64501464,1.8445284,0.4611079,0.06318635,0.34731308,0.96089184,1.1524695,0.8914041,1.0139608,0.6225264,0.6023196,1.1654662,0.14892633,0.028224876,0.44375384,0.2629955,0.7768891,0.4993447,1.4883987,0.725625,0.2507624,1.252945,0.29975826,1.0430635,0.34900233,0.42618865,1.034022,0.56246054,0.45784512,0.98044896,0.65613896,0.85707754,0.7529749,1.2728562,0.027265782,0.4972566,0.693008,0.13139088,0.1917204,1.0513527,0.93513095,0.5859527,1.0814227,0.6074001,3.2480226,0.0683855,0.6295204,0.08661621,0.57452834,0.60708386,0.012876204,0.46805063,0.55080456,0.72608036,0.89061546,1.597574,0.08613394,3.4738915,0.6513242,0.26856595,0.06667941,0.17545854,0.66877794,0.4961598,0.558482,0.19354643,0.015683357,2.4251552,0.4581336,0.0568938,0.7172814,1.872134,1.4602013,0.7426483,0.28799745,1.59073,1.660813,0.6643435,0.9984077,1.7398403,0.5247646,0.24768804,2.256466,2.2935708,0.62004644,0.22846669,0.43823576,0.023488263,0.07159867,0.5751694,1.3613172,1.3377901,1.2433971,1.4567138,1.07208,0.76799506,0.22908887,0.20790574,0.06714234,0.20925778,1.7273382,2.150783,0.62612534,0.06292487,0.18134396,0.7851121,1.5807223,1.1748383,0.022222372,0.17012312,0.1464201,0.55085665,0.7432453,0.15513141,0.5003126,1.0326998,0.40638575,2.9335947,0.0033355565,3.208889,0.008650303,1.9657832,1.5302091,0.56091124,0.39458394,1.0197581,0.82918954,1.3471267,1.66163,0.34491003,0.25627303,0.9420784,0.46599725,0.0402504,0.23783869,0.44940776,0.07699427,1.1216439,2.062001,1.583227,1.1541997,0.1852829,0.40875226,1.0755981,1.0045716,0.42748746,0.5417456,0.5269928,0.13431124,0.8605386,1.3103532,0.9037014,0.29706535,0.012112943,0.05009269,0.4918348,0.5710786,0.44940645,1.3329028,0.85852027,0.6602724,0.32561347,1.3205497,0.3259962,0.040272743,0.04194271,0.9667678,0.2837392,0.42949808,0.07611668,0.95011604,2.3135386,0.5599868,0.06888257,1.73305,0.2541508,1.442327,0.025543254,0.75017136,0.065805845,0.029838508,1.2330985,0.5731049,1.5468873,1.3779949,1.5942082,0.39164332,0.37761772,1.2292389,0.15588596,0.7317732,0.066345654,2.415383,0.08945948,0.03356608,0.4091978,0.5374323,0.21746853,0.7112274,0.027855994,0.77805847,0.05644362,0.15094535,0.6803676,0.24521698,2.2346857,1.5730338,1.6426301,0.4721323,0.8862175,0.2401539,0.26330853,0.24614042,0.050555166,0.3662454,2.631692,0.21320643,0.5240045,2.1574252,0.14663024,0.11851919,0.10438747,0.18361107,1.8076719,1.0155116,0.78985095,0.3904124,0.042584497,0.5719854,0.63588935,0.115669936,0.86193186,0.30264956,1.0022798,0.48493418,0.89429563,0.5022132,0.34446037,0.5411304,1.3562912,2.1587834,0.0046526627,1.1064053,0.7479788,0.7863389,0.08079427,0.44409445,0.17130002,0.09525912,0.6787145,0.68161315,0.413382,0.947946,0.40640533,0.8183643,2.165986,0.774396,0.519905,0.7982197,1.4835813,4.167283,0.3342111,0.39842075,0.7407466,0.4372905,1.478999,0.16447851,0.35374916,2.1488445,1.1003625,0.19739786,0.853607,0.08388535,1.3235056,2.5076287,1.1439338,0.9361396,0.33560842,0.7693294,0.6504032,0.69622046,2.135946,0.3227544,0.37667775,0.8654027,1.4667549,2.0688546,0.33625737,0.12676065,0.08118751,0.118956424,0.41541827,0.9957708,0.6320546,0.62677103,1.7722784,0.975942,0.3258121,0.7523832,1.1797847,0.9172237,0.23042405,0.46301073,0.68856096,1.460348,0.423443,0.35883385,0.2198215,0.07131124,0.5439408,0.6070165,0.1265657,0.30208823,0.21518637,0.5355798,0.4342129,0.024556374,0.5050182,0.7373106,0.9461292,0.5381199,0.8380829,0.7136272,1.3150901,0.24523844,0.57029176,0.62472844,0.6203281,0.7736661,0.4728206,0.046918962,0.2579354,0.66482735,0.1046583,0.5029532,0.3482592,0.6261876,0.70232314,0.8691761,1.49198,1.333657,1.3683044,2.266961,0.8579988,0.122075126,1.3939252,1.5643983,0.20137428,0.66784847,0.2895617,0.19454901,0.42926306,1.2539457,0.35044584,0.2588935,0.009252688,2.1033225,1.4177592,0.36305025,0.52989054,0.16858673,0.7935199,1.0380913,0.10546562,0.47245562,1.5865026,1.6869994,0.21834897,0.7258718,2.3081715,0.0016915274,0.31134266,0.5407243,0.388566,0.9356776,0.12953185,2.8111167,0.508092,0.89919215,0.9375721,2.8371084,0.21083559,0.45013002,2.343436,0.2421044,0.7533463,0.656207,0.0,1.0775504,0.57609993,0.86440027,1.2103144,0.79178303,0.31296456,0.0036319187,0.9327297,1.0746222,0.6470015,0.322634,0.27081665,0.12164021,0.78174657,3.1086714,1.1462224,0.48534018,0.956272,1.6415031,0.7095261,0.37143758,0.07661438,1.0619835,0.63754433,0.5627693,0.6122769,0.49616253,0.06857991,1.9295856,0.2019426,0.9690388,2.4564157,0.31764266,0.7524663,2.2868822,0.094105504,1.7466094,0.9237652,1.1488428,0.37166384,0.2950831,0.16074453,0.76809186,0.22413732,0.8537229,0.93516886,1.1671673,0.16401528,0.7551934,2.6507294,0.32028174,1.0492877,0.31500039,0.016891785,0.5338658,0.9322147,0.055815674,0.13705333,0.64220446,1.5279578,0.15985031,0.7334478,0.8136355,0.72301716,0.062371485,0.080089316,0.10660204,0.05811256,0.99225706,1.8939939,0.22660677,1.5574586,2.3490179,0.70627886,0.57057965,0.3070652,0.18138804,0.61839527,0.45665213,0.4229505,all_pothole_images\pothole_images_optimized_image_343.jpg
0.66143185,0.45420545,0.13966814,0.9525686,1.2806152,0.18146904,0.010135111,0.13843374,0.85280794,0.29036394,0.117618755,0.6509372,0.5229083,0.4763137,0.21082522,0.25459674,0.49567986,0.033012364,0.35435855,0.08673923,0.84163475,1.7188742,0.0041805315,0.24017704,1.2379807,0.44829622,0.30166394,2.4524038,0.0033887033,0.33977634,0.69676214,0.15390803,0.24148287,0.49601117,0.6678314,1.0474553,0.4309306,0.44485962,0.7854653,0.6942246,0.012842166,0.0019928806,0.17589562,1.7692693,0.14376342,0.12944312,0.011958027,0.17512405,0.31096926,0.9494652,0.3456012,0.084852315,0.06322026,0.15582936,0.02152549,2.69533,0.60933197,0.09948191,0.14980523,0.060888216,0.0,0.27147317,0.47475642,0.16121367,0.9163128,1.1558405,0.21869491,0.075380646,0.8178886,0.27134696,0.18912785,0.5115485,0.18419254,0.2320171,0.25519887,0.113678046,0.15567055,1.1253062,0.3119228,0.2712906,0.2501822,0.07605806,0.08925323,0.8318809,0.70413476,0.49641803,0.25349203,0.28944096,2.575765,0.3484154,0.919629,0.00811389,0.17643651,0.3306251,0.014370291,0.008603331,0.25444007,0.1495847,0.91361606,0.94407386,0.11090471,2.3049874,0.47465172,0.0,0.32840058,0.21616936,0.76686287,0.18474077,0.007470867,0.32362053,0.07470204,1.7788768,0.690745,0.23943318,0.26412308,0.83643425,3.1763127,0.49801254,0.94263035,0.7668842,1.5824398,0.010247553,0.34357437,0.51507676,0.8040826,0.3903469,0.27266407,1.5084184,1.2332488,0.0,0.20247288,0.0,0.4447725,0.5486179,0.20058136,0.55570817,0.27100307,0.4999919,0.71934867,0.013616548,0.5631129,0.029758321,0.007821624,0.652433,0.19564253,0.8676229,0.51721275,0.032963548,0.65091157,0.17380607,0.41139197,0.110345244,0.13287959,0.0060797734,0.82512623,0.51261216,0.68621683,0.070103005,1.4215609,0.97856957,1.0306649,0.26873493,0.08225744,2.8580174,0.12120614,0.13135375,0.6119283,0.13582201,1.9303672,0.46790886,0.03153804,0.09807216,0.00060206116,0.16701812,1.0479546,0.0,0.26323497,0.052314885,0.042448442,0.16360265,0.043030124,2.6581974,1.617902,1.4300182,2.798818,0.87052727,0.640739,0.59071517,1.3315009,0.35433188,0.69335485,0.29924268,0.039167255,1.7078986,0.14411226,0.29317743,0.877852,0.23783095,0.08544347,0.07405761,0.37071905,0.7045747,1.130985,1.2523478,2.1172063,0.9717606,0.74538684,0.98199123,0.643654,0.20807017,0.0047044773,0.01030469,0.18563066,0.2473418,1.4009254,0.5514726,0.037940327,0.013871561,0.7634387,0.007121808,0.9151373,0.945887,0.46409988,0.106407106,0.2424379,0.77385086,0.19103228,0.35132527,1.6218684,0.055694252,0.061550893,0.1681218,0.65355,0.48564607,0.068248026,0.36430576,3.2011707,0.076548874,0.087979235,0.11629353,0.02090152,0.22173329,0.026119072,0.015791742,0.88392496,0.008566587,0.16041179,0.07517959,0.17865413,3.2489588,0.3548505,0.39501348,1.312268,0.40858185,0.26071164,0.056187343,0.13131885,0.3193383,0.06424442,1.249396,0.13888673,0.019323653,0.50535035,0.72769433,0.66781676,0.35477942,0.54143316,0.71253735,0.33215004,0.4408104,0.0,0.15885323,0.4887338,0.09897144,0.46241462,0.8541505,0.23932071,0.5651132,0.38092285,0.47693753,0.4174724,0.14831828,0.6974509,0.007639796,0.072846666,0.6898337,0.81876916,0.08880321,0.5833656,0.12596369,0.04337189,0.0136694955,0.2814743,1.5087394,0.14563063,0.055494968,0.38186824,2.0898335,0.47276375,0.9488832,0.8410218,0.62254506,0.0,0.6495401,4.4257164,0.11057324,0.22983843,0.0809102,0.14627609,0.7096336,0.6504969,0.81155455,3.2084813,3.086305,0.04173015,1.1337967,0.09519173,0.62230045,2.7785192,0.21632202,0.2568217,0.086667955,0.19319028,0.24670935,0.5327334,0.5626883,0.1318364,0.025011865,0.24601375,0.13493675,3.1226125,0.21423423,0.09258611,0.027203163,0.13130324,0.27335876,0.06773206,0.20457599,0.33112118,0.6507614,0.1800889,0.11387981,1.7390624,0.1329447,0.58016163,0.29443687,0.0,0.10448702,0.5585804,0.7175685,0.32557583,0.19957015,0.43007463,0.04904242,0.21200275,0.017564442,0.083275296,0.63654894,0.5022064,2.0377069,0.02991275,0.2649858,0.406831,0.2984662,0.12924302,0.0,2.010653,0.47111377,0.30223608,0.0110923825,1.8305838,0.07713545,0.099294834,0.009153107,0.098224394,0.07686933,0.005863778,0.5610545,0.40980646,0.5003734,0.8931051,0.03748637,0.11537213,0.5419589,3.1136975,1.2408726,0.71677476,0.0,0.06732546,1.2115891,0.558008,0.26418138,0.07870863,0.16120319,0.2942293,0.046414264,1.1653745,0.31468502,0.009863875,0.38022003,4.5776896,0.55064136,0.18462002,0.084783666,0.6693537,0.00471309,0.36415926,0.4991958,0.23250815,0.06767941,0.33680242,0.01136861,0.32647637,0.27409562,0.27798715,1.1998016,0.8221555,0.25087208,0.17346911,0.0,1.636171,0.15630792,0.35245696,1.0641286,1.6069486,0.08065172,0.67223877,1.1260064,0.28582552,0.99027455,0.2151382,0.080497794,0.94488615,0.90694284,0.61450833,2.5568507,0.4363658,0.5227947,0.42370915,0.6411964,0.963621,0.16046774,0.24888568,0.5607256,0.5305226,0.036167055,0.50269747,0.33965427,0.0377724,0.66923404,0.64908576,0.42703566,0.5614531,0.94539577,0.16286047,0.8980156,0.032306693,0.25205114,0.1715284,0.50690216,1.1433654,0.23575428,1.3631787,0.0,0.86407155,0.25267148,0.40743712,0.14659439,0.10070915,0.08316269,1.1885953,1.1069688,0.019872488,0.334008,1.578469,0.005851803,0.4120102,0.7347334,0.48847365,0.018083055,0.053730384,4.393292,0.6702946,0.39037365,0.16920261,0.08309966,0.051050555,0.053829305,0.45781893,0.12691493,0.6564851,0.56822574,0.033767715,0.21472129,0.011519389,0.107635945,0.010864294,0.21013089,0.13323955,0.033594646,0.48750484,3.3791955,1.2234433,0.4491521,0.9398027,1.0004649,0.03811279,0.028615573,0.97897387,0.10733532,0.39165986,0.40302938,all_pothole_images\pothole_images_optimized_image_344.jpg
0.17653356,1.081239,0.25649732,0.7262819,0.29460445,0.1544803,0.47213218,0.07245667,0.266863,1.1321871,0.25803983,0.26473042,0.28966498,0.406773,0.046058703,0.31566054,0.7834926,1.1742553,0.7920187,0.07636981,0.04556497,0.78735465,0.7279621,1.3403101,0.3979059,0.02337106,0.026308842,0.44663662,0.1908968,0.0004039318,0.48574337,0.10076834,0.207223,0.6071827,0.41914335,1.3590367,0.037171178,0.323222,0.08859403,0.046719924,0.31665397,0.07137948,0.067569226,0.063753106,0.36530438,0.55101866,0.04802865,0.00044482242,0.2207463,1.0236638,0.59302133,0.12669243,0.04412675,0.21379,0.37949413,0.31663194,0.16834706,0.18817517,0.6523367,0.0,0.19223973,0.0854042,0.23376764,0.044742525,0.6484937,0.73531324,1.3047926,0.07503832,0.40593636,0.0833052,0.12148339,0.18120448,0.55270517,0.21910277,0.49233264,0.086663105,0.019665085,1.7015026,0.14867853,0.073393166,0.019015115,0.09403853,0.88301796,1.6121384,1.0377177,0.2190041,0.05479036,0.09015535,0.83753204,1.0537775,0.05127063,0.25966498,0.078271575,0.2006721,0.26782188,0.0,1.379484,0.9081257,0.06381832,0.13971306,0.0,1.0014129,0.095586434,0.3543381,0.8399821,0.6745903,0.27817214,0.19687171,0.03228022,0.7779747,0.30313885,1.5406357,0.11571812,1.1474149,0.0180601,0.27385944,0.86530584,0.44882596,1.9086213,1.1427908,0.8958242,0.43130466,0.024954999,2.5589094,0.39765236,1.7800872,0.19928999,0.2269584,0.38990104,0.4313876,0.27447703,0.0508568,0.10505534,0.30005178,0.15049669,0.47280928,0.1460179,0.20809618,0.103877105,0.107917316,0.5058868,0.018486267,0.31941286,0.5976401,0.014904941,0.16885105,0.020409293,1.9636823,0.16133533,0.11665239,0.5949604,0.10604262,0.32453516,0.16649592,0.6636337,0.17126498,0.46633664,0.040668488,0.021373551,0.17003818,1.4487342,1.6046978,0.20447372,1.1905012,0.29041085,0.0012349767,0.22881351,0.0,0.59561473,1.7858496,0.48562947,0.06577461,0.017400308,0.035585664,0.7710621,0.44591117,0.3817772,0.0,0.12604903,0.26308534,0.030425217,0.72426254,0.7357885,1.6925906,1.6006298,0.26710773,0.21410201,0.56644046,0.73136455,0.1230858,0.16071928,0.09424042,0.34251988,0.85981715,0.097426005,0.0785569,1.443324,0.72824633,1.5869535,0.075400606,0.010985121,0.5803804,0.2506437,0.1280548,2.0295107,0.29189357,0.35610494,0.26534376,2.5795074,2.1177661,0.0,0.35562646,0.091091454,0.0785658,0.28929287,0.49397194,0.85834044,0.20015082,0.67427313,0.045730148,0.3810355,1.0353873,0.8269357,0.6211925,0.0028135483,0.027827758,0.734449,0.19257663,1.3663104,0.045695927,0.0,0.021045154,0.3347236,0.017869014,0.03826928,0.08858917,0.8136491,0.5490074,0.13054737,0.0,0.65749586,0.2945204,0.21156572,2.0317433,0.0046279095,0.05284184,0.50871235,0.15484035,0.30918416,2.9461713,0.99664056,0.02779515,0.1414505,0.0,0.19570631,0.22190681,0.48085964,0.9477433,0.40719014,1.7152567,0.17627208,0.284671,0.37776348,0.47959405,0.11199477,0.10380365,0.44686103,0.49041283,2.2339933,0.31583282,0.19650482,0.005148884,0.19865318,0.8722245,0.41155943,0.7747534,0.21952514,0.66764194,0.53225404,0.06651735,0.16442415,0.23382041,0.57347095,0.043065,0.36213487,0.1932038,0.30439392,0.0,0.05333535,0.037556875,0.52135015,0.6311412,0.34976876,0.41928318,0.22775118,0.4622307,0.9515966,0.918999,0.048800014,1.3591446,0.8165633,0.67328143,0.0,0.30135813,2.3136036,0.02445821,0.47448745,0.48017642,0.05030787,0.056564674,0.48826095,0.27540118,5.600501,0.92234474,0.37931368,0.5602077,0.008740631,0.55221593,1.328036,0.055045195,1.5056933,0.48525432,0.23123585,0.42399007,0.010087746,0.17977987,0.3881123,0.0,0.31306383,0.19534537,2.8604527,0.37426186,0.13432553,0.0,0.13495305,0.11025601,1.2562358,0.015759563,0.08867287,0.29519063,0.9032071,0.17562144,1.9685936,0.26761574,0.35685426,0.034281116,0.08570275,0.0049576648,0.0,0.30306956,0.013419061,1.1538159,0.37344208,0.19488393,0.1495719,0.50776327,0.15351747,0.43646386,0.2472958,1.1345568,0.51716083,0.8097514,1.1256006,0.0,0.0069973194,0.95231986,1.7619152,0.060119953,0.3039766,0.68047494,0.19907957,0.8044038,0.7309581,0.33656526,0.6498205,0.37213904,0.45353845,0.4300952,0.6548955,0.2524843,0.4137247,0.0018804369,1.1906375,1.0470463,1.7885768,0.15473785,0.41842282,0.4107964,0.54908544,0.553175,0.48904574,0.8048414,0.1364482,0.17639112,0.10788665,0.039329972,0.50463706,0.13966523,2.1163538,0.013959559,2.0022087,1.0434715,0.8617675,0.23720548,1.252714,0.03275705,0.25640807,0.5812482,0.06192793,0.16171099,0.33850673,0.3571764,1.3272072,0.13362154,0.039057747,0.1143604,0.1479635,0.08975097,0.27841344,0.060015094,0.09572907,0.7238664,0.15579875,1.2722402,0.62944955,0.0,0.3481501,0.5184482,0.06652737,0.7355131,1.3971096,0.61634266,0.5980154,0.10719819,0.29004171,2.324074,0.3730765,0.48880082,0.1105834,0.32394603,0.8823838,0.39134392,0.0925102,0.051898066,0.18688725,0.07058301,0.72031605,0.43202317,0.0,0.4469989,3.036075,0.4165935,0.40963197,0.40881234,0.7408564,1.3672537,0.13279481,0.5068228,0.131142,1.0384731,0.124438204,0.26928443,1.2646044,0.12001042,0.87233263,0.39466885,0.8999752,0.18506274,0.8915803,0.5214781,0.653981,0.38300124,0.14127252,0.109461546,0.07684132,0.040103637,0.10588265,0.6791757,0.21061395,0.23979157,1.0780774,0.8690385,0.7147701,0.60009587,0.046934985,0.69068336,0.8383408,0.032700893,0.8453622,0.09203862,1.9682752,2.0603335,0.0,0.0,0.007904605,0.5116979,0.19490798,0.21050951,0.019085305,0.18363172,0.43169975,4.553144,0.6037858,0.6522077,0.35530275,0.5664666,0.17939013,0.63680446,0.85312057,0.30467921,0.2380175,0.28116193,all_pothole_images\pothole_images_optimized_image_345.jpg
0.5988656,1.4528033,0.46652314,1.8540606,0.84028053,0.36729276,0.46198678,0.5658547,0.43401977,0.39480922,0.24180494,0.22149748,0.74500793,0.059793428,0.39312026,0.19224066,0.09641382,0.42215183,0.89471287,0.059903737,0.032597825,2.1329904,0.7280549,1.2709796,0.9465276,1.1172423,0.002610315,1.7112321,0.27581212,0.44910827,0.34342983,0.07333912,1.4118007,3.251116,0.23408525,0.96581936,0.53818905,0.36074448,0.18831275,0.6060736,0.23098774,0.0012654279,0.008015603,0.89357525,1.5188776,0.3063071,0.17842537,0.08687052,1.3134177,1.090057,1.5419426,0.28354573,0.7023194,0.0785895,0.040844426,1.4911371,1.1002898,0.035495106,0.8968614,0.111194484,0.0,0.03933049,0.7957385,1.050231,0.9359521,2.2440667,0.5672725,0.21882758,1.5286893,0.011480518,0.018440135,0.17492838,0.0,0.03301512,0.47389162,0.51021284,0.00043938632,1.13651,0.29291663,0.57662934,0.065496355,0.27951193,0.7836745,0.24923538,0.65442264,1.4179709,0.26873407,0.29017448,2.475143,1.075656,0.2240922,0.31995055,0.2985726,0.788171,0.629331,0.27128235,0.79728884,0.12205999,0.3543203,1.0387884,0.083676085,1.0548096,1.115431,1.0248888,1.2843853,0.044656206,0.1071282,0.27148378,1.1112826,0.10415691,0.13164373,2.5801716,1.4787731,0.6278499,0.22714472,0.6633896,3.295937,1.0780815,0.77354914,1.1809778,2.6231165,0.6864424,0.016874002,0.19771318,0.0775109,0.28379732,0.06607763,0.7182453,1.8134273,0.12705417,1.0163952,0.045312833,0.2803578,0.0120893195,0.0180643,0.7058119,0.059707087,0.43584162,0.56632346,0.088134,0.23014858,0.6250233,0.71079546,1.7944643,0.119580574,0.6655329,0.28512043,1.2798767,1.9678439,0.5153589,0.95675623,0.37612355,1.580671,0.1128788,2.4467022,0.98496735,1.91526,0.18825132,1.1506699,0.1872614,1.0222815,0.47505915,0.172888,2.3523242,0.3301046,0.086468406,0.33322683,0.20270947,1.3693664,0.45936126,0.0076103797,0.054452237,0.07614099,0.022064019,2.6369631,0.26631036,1.2910457,0.00036213466,0.38166174,0.6588532,0.32030326,2.2116287,2.8678608,1.8456984,2.9454606,1.8109107,0.38109273,1.4556091,0.7224423,0.7032688,0.6586461,1.014731,0.16817567,2.8056614,0.3971704,0.0,1.5000018,1.0007396,0.36773366,0.7618525,0.82498306,1.1895144,0.8061492,1.5238822,1.4566855,0.80484706,0.8631267,0.7164122,2.660457,0.032241765,0.01623722,0.41606045,0.51006085,0.407272,0.5800664,1.5814433,0.40998563,0.20580517,0.9514149,0.62006164,1.0542729,1.1354004,0.6192694,0.93807817,0.0019210567,0.19551596,1.0884404,0.11646735,0.5695205,0.06567382,0.0072296965,0.050451327,1.2029164,0.12971438,1.3970714,0.1477971,5.2384815,0.18154407,0.07314134,0.070229724,1.6229662,1.5176638,0.18052197,0.036704674,0.21849336,0.14894775,1.1536493,0.3468912,1.1784889,3.3056085,1.2319249,0.16691595,1.2754467,0.52432334,0.11914765,0.2712367,0.9537792,0.42827022,0.2156319,1.453332,0.02300403,0.15774323,0.61689174,2.0600274,0.50978976,0.91377187,0.6111578,0.31537384,1.1684072,0.4191165,0.2768523,0.06083554,0.23668312,0.28156814,0.72081304,0.5593929,1.2560376,0.77836543,0.10503298,0.71380335,0.25162622,0.6493447,0.26577076,0.43867314,1.1126535,0.6492954,0.01808722,0.3120458,2.5413516,0.6366181,0.5242494,0.4265466,0.30304444,1.5741894,0.17925599,0.0,0.47186884,2.3093688,0.8432119,0.3685196,0.245167,0.8000032,0.048497617,0.2672223,4.1428986,1.0093181,0.01642301,0.59151274,0.27657637,0.10213379,0.07361725,2.1211557,3.7744763,3.13218,0.7418921,0.7876572,0.08398258,0.3061577,2.6847312,0.1003568,1.8247604,0.30128917,0.08848252,0.43799582,0.6383896,0.3615823,0.98189574,0.07749516,0.69851124,0.23540294,5.404015,0.27461466,0.28305197,0.08990712,0.058225617,0.49193776,0.38221362,0.81643283,0.37098023,1.355248,0.8641931,1.2531644,1.0491459,0.2021347,0.5494192,0.8598432,0.7784419,0.36212575,0.2595275,0.3914608,0.3638209,1.7368342,0.45043182,0.72979456,0.7605729,0.3200277,0.48320264,2.4663324,0.031381503,1.3660538,0.06368025,0.09955311,1.770926,0.26432565,0.1341408,1.3700829,2.0559647,0.62121606,0.49012673,1.1586909,1.5325903,0.27171642,1.1403623,0.0,1.6999187,0.049125705,0.16407375,0.48694667,0.41048938,0.15270086,0.37894025,0.10838191,0.108706206,1.594379,3.271678,0.77469975,1.0304112,1.8950384,0.0033039404,0.8067918,0.5340678,1.8794512,0.45475137,0.2323025,0.65034384,0.09534896,2.0222018,1.2343318,1.050717,0.28892446,3.7231152,0.23036735,0.5209518,0.38962975,0.32081544,0.15900475,0.9562689,0.49611336,0.031239217,0.44820568,0.5173347,1.4356242,0.62031615,0.35409293,0.00033068308,0.07315626,1.3486904,1.8861961,1.0576924,0.020938152,0.8931802,0.5845033,2.2155192,4.957244,1.7949891,0.33979034,1.8987572,0.97346604,0.74399334,1.7883695,0.62721014,1.2550822,0.36986655,1.7506144,0.36551642,3.4907343,1.1819271,1.0328004,0.5046969,1.8561789,0.11643706,0.16706449,0.7897011,1.0629487,0.5847076,0.051519725,0.42535874,0.17532146,0.15131912,1.2314463,1.2790741,0.37572846,0.753053,0.74044824,0.9336683,0.51054317,0.3224571,0.71177304,0.9667458,1.4329656,0.9595502,0.75605595,2.322115,0.10870362,0.7630305,0.5040619,0.894232,0.00029880274,0.16693492,1.4710531,2.4327972,0.7774633,0.3477842,0.2614173,0.55591106,0.79168195,0.32584217,2.4173648,0.84473866,1.0074586,0.021430789,3.1364853,2.4111881,0.026257508,0.03348448,0.6116284,1.4806994,0.5655711,1.910581,0.21489285,0.993243,0.31225348,0.349501,0.10206785,0.75315684,0.14436518,0.10057326,0.24628364,0.52547264,1.4038249,0.46856144,5.228678,1.2858267,0.17065842,1.1021227,2.7322452,0.07706793,0.54849046,0.8319117,1.3545723,0.2952587,0.5140021,all_pothole_images\pothole_images_optimized_image_346.jpg
0.46471918,0.9231616,0.74981904,0.91567284,0.46903765,0.35489228,0.41461787,0.50584906,0.13832413,0.80258775,0.35884276,0.68538916,0.4236071,0.33534124,0.06796347,0.5917265,0.17696162,0.015991464,0.045318294,0.48235822,0.53916204,2.3044915,0.03218712,0.1711914,0.6701674,0.57509005,0.0,1.8431306,0.049268328,0.12969533,0.09286338,0.68481326,0.19042207,1.4175023,0.077937365,1.4774599,0.10425731,0.20351642,0.05777401,0.7450974,0.1397047,0.023998963,0.44290534,0.29308763,1.2560358,0.55064666,0.16051947,0.021374548,1.4555321,0.7604348,0.0,0.0,0.3100714,0.52403665,0.011884835,1.7171052,1.4016185,0.46047312,0.9764128,1.0088979,0.3619821,0.21863912,0.22562142,0.46237835,0.4088123,2.7618225,0.30365807,0.06852204,1.3383836,0.119909115,0.22531371,0.5112647,1.0790559,0.22662322,0.50128615,0.7769095,0.053128902,0.567993,0.020978387,0.0,0.027042247,0.52276623,0.82316476,0.5691927,0.5915476,0.1929697,0.1650483,0.74365807,1.1169662,1.1254952,0.012541768,0.500798,0.02043218,0.18857637,0.6880124,0.050033424,0.05109983,0.8125483,0.29356858,0.36410382,0.09049206,1.1205561,1.0637643,0.0,0.045742016,0.24051873,0.6986573,1.1962875,0.2962752,0.09245069,0.0,2.3417664,0.7570715,1.1236454,0.41046193,0.62847996,1.6667498,0.46144146,1.8800268,1.331929,1.2765459,0.5106664,0.14568967,0.26459458,0.18757059,2.8506618,0.38859537,0.17396252,0.7842739,0.0,0.39331862,0.0,0.22967583,0.43224618,0.3749874,1.2635825,0.076801874,0.41524488,0.67137474,0.15503655,0.0,0.6966065,0.06394443,0.4033281,0.15248147,1.1180477,0.0,0.6415549,0.26257873,0.3559862,0.18277267,0.23666649,0.13558307,0.05567463,1.7161394,0.88964725,0.6275795,0.53534263,1.0605383,0.25727063,0.4607343,1.9895586,0.055429224,2.4492466,0.021362133,0.8360342,0.30010015,0.0,2.6158614,1.0629257,0.0,0.06996507,0.058808845,0.0,0.82164794,0.65694046,0.08083716,0.0024376228,0.08410893,0.111432314,0.0,1.8718407,2.3868535,1.6773895,1.200205,2.0099747,0.071617946,0.47091588,1.4705983,0.33766964,0.10705116,0.07867133,0.06392869,2.0699391,1.0108156,0.46358812,1.4239182,0.35176653,0.12645046,0.52329826,0.50792605,1.1290458,0.9359111,0.64186144,4.02692,0.42483684,0.5070906,0.1937769,1.91877,0.19673076,0.068343274,0.33474964,0.60691327,0.17157334,0.7342782,1.4256899,0.10210722,0.57365173,0.41352183,0.664242,0.1453197,1.7643017,0.35175404,0.9758052,0.0017185966,0.31061205,0.9935342,0.04799732,1.2434099,0.6117233,0.29096133,0.0,0.48808318,0.07330935,0.13704512,0.21470116,2.1026733,0.119636,0.034230642,0.5318678,0.92449737,0.8941598,0.2628772,0.017698416,0.5151475,0.096903704,1.2308891,0.54563737,0.16170044,3.8979034,1.4666091,0.06986546,1.0036229,0.103976674,0.0,0.16409019,0.5423378,0.64425164,0.9960302,2.4033797,0.009450744,0.016418247,0.97110736,1.1723555,0.53319716,0.12849253,0.04602552,0.9134115,1.864235,0.23395193,0.0269346,0.0015296005,0.76229936,0.4795149,1.8362597,1.1458741,0.46786135,0.26322716,0.18691765,1.0490676,0.29539543,1.2025584,0.116962284,0.070009135,0.2324676,0.6197538,0.8582487,0.051957425,0.40994227,0.894618,0.0941627,0.05147324,0.0,1.7304363,0.021965388,0.17066115,0.004463827,2.6310678,0.54542345,0.5001259,0.46055797,1.2888476,0.12337154,0.37719718,5.391578,0.6662956,0.021795481,0.5224795,0.07842928,0.79553634,0.117748864,0.3880908,3.7263987,2.064836,0.20865859,0.5286595,0.2430135,0.8892221,2.0595427,0.71953565,1.1217221,0.08270812,0.25085405,0.4260478,0.07908915,0.08471859,0.35174185,0.16376586,0.34696928,0.19023797,2.891774,0.60101974,0.0,0.0,0.0,0.32923,0.60846955,0.005159301,0.04205424,0.91377103,0.2797617,1.0834578,2.6045063,0.0710953,0.9234921,0.8452447,0.3777683,0.12442646,0.19236352,0.16942,0.14996232,1.0868186,0.03400118,0.5624919,0.38562116,0.19051135,0.032800645,0.68294555,1.6528026,1.0918486,0.005938924,0.3492876,1.0689563,0.07589141,0.09895901,0.4959726,0.8709865,0.42983517,0.019373652,0.23675336,0.5229589,0.0,0.77308846,0.0023169024,0.022620885,0.26919124,0.03424926,0.009191173,0.7573218,0.09049931,0.03219465,0.08380427,0.18997678,0.1625815,3.2508485,2.5482523,0.66828513,0.0,0.07662329,0.6137374,0.082096174,0.8381053,0.1283034,0.31725007,0.027458552,0.2672144,0.48737493,0.59634227,0.4119945,0.18220082,3.9375148,0.63666934,0.12780717,0.004454274,0.16430925,0.4799398,0.3148257,1.2429718,1.0535991,0.5234345,0.8265349,0.3226095,0.14627405,0.32185775,0.11626175,0.28157336,0.22817478,0.21819372,0.8151072,0.60336936,0.88139,0.61116874,0.40817738,0.89920855,2.1145532,0.0,0.69163716,0.98939776,0.51261836,0.41781095,1.4406611,0.023166636,0.6818733,0.65667707,0.29412302,3.2375734,0.80916196,1.4733555,0.023037413,1.4921247,0.35284352,1.1500932,0.3673817,0.1479168,0.058144905,0.13927628,0.052170537,0.6221941,0.3520528,0.54044414,0.89127946,0.6420063,0.7261892,1.1400126,1.5037904,0.8544182,0.33921337,1.882304,0.5994241,1.3625108,0.3365069,0.61244,1.5531576,0.42304692,0.24064106,0.6449389,0.3027518,0.11740039,0.1696751,0.30574584,0.5046694,0.67242074,0.073473066,0.03586728,0.3672942,0.003203688,0.5485041,0.34565976,0.1338674,0.17878217,0.013103632,2.9756513,0.9190609,0.046284206,0.14846468,0.22511369,0.5886327,0.84182614,1.150653,0.0,1.019343,1.9347188,0.029026354,0.24216804,0.16174749,0.30535638,0.017404046,0.019389307,0.16200815,0.3952142,0.47312158,4.4437666,1.1208793,0.012584116,0.0990685,1.3988008,0.051695876,0.1598203,1.3972036,0.48331052,0.82386,0.9626328,all_pothole_images\pothole_images_optimized_image_347.jpg
0.40076008,0.6755128,0.24074504,0.65766686,0.73494375,1.3962939,1.220371,0.025837386,0.19753115,0.015738066,0.4586318,0.7169292,0.97119373,1.8870199,0.3592315,0.1220112,0.6195977,1.0811653,1.2629452,0.48179156,0.13234006,1.7589504,0.44816798,1.2318289,0.51997906,0.03882946,1.322714,0.14212303,0.44405472,1.1982912,0.77307975,0.07773311,0.05135004,1.1877508,0.5438495,0.71386266,1.0962718,1.0586758,1.061107,0.32629216,0.34475192,0.14432158,0.074417256,2.4357157,0.8302376,0.12850393,1.0273945,1.1745735,0.0,0.19127376,0.9240828,1.9840302,0.19931158,0.991783,0.21590227,0.6729856,0.8192791,0.43216056,0.4185613,0.17464752,0.26913762,0.012926547,2.3160303,0.38588518,0.3281643,0.3430373,0.25266328,0.42069185,0.0,2.022755,1.2422048,0.3345727,0.1550077,0.09350983,0.61788565,0.8015176,0.6710859,1.3542994,0.013786218,0.06012825,0.508383,0.99676526,0.16136444,2.139335,0.37852073,0.37994105,0.120554455,0.11515222,0.5591701,1.4474982,0.42923194,0.21263131,2.5208838,0.39350674,1.5080957,0.23934907,0.39280653,0.41405275,1.3523444,1.2885146,1.7014809,0.7761492,1.0937599,0.48490265,1.3541148,1.6546328,0.31430155,0.37377158,1.2258663,0.4794077,3.4230087,0.20648336,0.15807371,1.2934784,0.8017228,2.4858932,0.62374276,0.691258,1.179557,0.5752766,1.5482987,0.7057345,0.121757045,0.61178374,2.1377509,0.7559036,0.8571748,0.92026657,1.738634,2.183619,0.7394307,0.078923464,1.0881301,1.1937963,0.501799,1.434913,1.9139155,1.8621793,0.894377,0.6318767,0.4804107,0.16077907,0.3372446,0.96933603,1.3684138,0.68232733,1.2771052,1.4286331,0.8281289,1.0467252,0.113899864,0.29052392,0.18285267,2.258869,1.3802704,0.18569341,0.9330476,1.4047933,0.014473955,2.3430393,1.7470138,0.7751765,0.3140084,1.3402389,2.9394531,0.0027841146,1.5276031,0.30486634,1.1647135,0.04951374,0.49761984,0.24814378,0.00602429,0.28004277,0.49909136,0.94267,0.7941845,0.6969901,0.06674639,0.20905407,0.04083569,1.5328542,0.68515354,1.6671575,1.3504502,1.297195,0.31576234,1.1823821,0.121546604,0.08898201,0.1807906,1.1550748,1.0853525,0.9647161,0.17247386,0.45834312,0.15295571,0.8231621,0.23491491,0.53113806,0.9550443,0.13317479,1.4983727,0.21288241,1.1260718,1.1383318,0.493713,0.029995838,1.2813259,0.29530185,0.086506404,2.0648208,0.014377266,0.11835066,4.1400657,0.1655992,1.3953776,1.6215624,0.12068832,0.7574217,0.66554165,0.65954214,0.3644538,0.10582699,0.34570545,0.29950905,0.31858304,0.064666614,5.8488064,0.61200225,0.51793313,0.0,0.59612614,0.36348802,0.19215323,1.665326,0.49244034,0.17847876,0.875764,0.31617126,0.59869766,1.7387172,1.8194209,0.25741112,0.33705902,1.9400626,0.41838902,0.022359332,1.5752432,1.4890597,0.47125068,0.03825988,1.0711823,0.2883051,0.9993557,1.1506593,0.8373482,0.17806326,1.7286812,0.49463436,0.943381,1.5492067,3.1299071,0.62796664,0.066997066,0.18506289,0.013961392,1.0954937,1.6136032,0.3677754,0.3463763,1.0026283,0.9586179,0.39593607,1.5859634,0.13099968,0.84520453,2.4783347,0.37145397,0.9505942,1.4595375,0.4606644,0.7445048,0.29990298,0.44168323,1.2651929,0.048133586,0.56954014,0.22683436,0.3254128,0.39353046,1.3216277,0.018045815,4.0546126,1.6472702,0.42608196,0.18669446,0.8047661,0.064621486,2.3412082,0.71229845,0.34120744,0.8904132,0.44848472,6.098165,0.84053725,0.7473654,0.068628855,0.11210527,0.12579708,0.09339309,1.1832407,0.643112,1.151777,2.0351882,0.4541556,0.6418336,0.85649496,1.0339926,0.14495987,1.5262079,0.5768005,0.3636884,2.2012405,0.41214976,0.80512965,2.4631257,0.40524852,0.26393458,0.9944502,2.1839843,0.78836274,0.3759474,0.033651955,1.309021,0.48264048,0.58895636,1.4816107,0.85893196,0.50830173,0.6115221,1.198515,0.81756806,1.2027084,0.7483804,0.4583269,0.061260033,0.10137279,0.114504226,1.1520479,0.9313508,0.41497552,0.21217673,2.053124,0.45516446,0.056890354,0.09440216,0.8064281,0.9637881,0.28264925,0.64973557,0.30309537,0.5139933,1.2036694,0.5959937,0.21917915,0.64154184,1.0932529,1.532457,0.8760692,0.02742343,0.55853045,0.77223337,1.2853094,0.97958845,1.5714805,0.45477438,1.4050006,3.1281843,1.880641,0.069287345,0.9165892,0.7530928,0.6205508,2.078194,0.50166684,0.3758126,1.1872723,0.4925662,0.82167035,0.5273983,0.2360466,0.22678496,0.056809794,0.027490223,1.4928783,0.32609308,0.8443648,0.8881303,0.8468234,0.17857765,1.6306844,0.8711638,0.16543104,1.3115529,0.0015210466,0.43633378,0.52210003,0.39462993,0.7377185,0.2206914,0.78257525,0.13836072,0.2965684,2.4016595,2.3352008,0.2849111,1.0399067,0.20398097,0.46362498,0.17583475,1.4452413,2.4338453,2.6393387,2.487673,2.1872106,2.0284708,1.5072958,0.3685299,0.15304986,1.409068,0.36994222,0.0062042377,1.4890335,0.15670294,0.70445275,0.84086776,0.51224005,1.2419533,0.25748932,0.15411384,0.106436424,0.09779667,0.2997229,0.02021461,0.74425304,0.31282932,0.11787516,0.10289554,1.2494639,1.9954811,0.8186503,1.2794809,1.0273572,0.65859234,0.045080665,0.7060438,0.0,0.38842204,1.4051952,1.1613178,1.0599755,0.043302972,0.60872406,0.33137035,1.5138028,0.07060047,0.55529004,0.09821082,0.6632706,1.9883304,1.6301235,2.3999434,0.3276699,1.488081,0.07361042,0.85886616,1.0923766,0.65217215,0.45129687,0.39996782,1.2912117,0.079223916,1.5843124,0.24779944,2.0492365,1.4813706,0.49986038,0.84092134,0.29354352,0.12192025,1.0811999,1.2027925,0.4223068,1.7375786,0.573424,0.12759623,0.15907359,0.6447596,0.18763725,1.8964895,0.18444501,0.8917893,0.006025856,1.7389823,2.5812082,0.48994848,1.390724,0.18527219,1.2337459,0.5095094,1.1085706,all_pothole_images\pothole_images_optimized_image_348.jpg
1.7411668,0.9687274,0.4067954,0.23430115,0.33260718,2.4779809,0.4594782,0.26590797,0.026004093,0.36995038,0.16274494,0.36889204,0.61789787,1.6349386,1.0405777,0.23820764,0.12881564,0.15902303,0.011284452,0.08418727,0.067801885,2.5566869,0.7671954,0.29785156,0.5345089,0.2816916,0.6053529,0.8299253,0.008031099,0.5748459,1.4465777,0.426975,0.6140547,1.0334462,0.18423134,0.43342376,0.28762117,1.4340445,0.12026413,0.02352943,0.15128762,0.0,0.46454766,4.2333074,0.106284805,0.08439519,0.49080348,0.0,0.17373607,2.3320918,1.7959676,0.014311705,0.70254904,0.15055564,0.037115663,1.5216849,1.8774434,0.62506115,0.90113515,0.0333412,0.11288434,1.3952922,0.72573215,0.117171824,0.8768293,0.24661,0.15220514,0.037749324,0.20760112,0.11240628,0.53283834,0.0027397198,0.4888793,0.30212873,1.1080362,0.2544746,0.038643155,1.0101069,1.1820378,0.04349688,2.3447576,0.26587513,0.025729006,0.5235698,1.6036959,0.2905067,0.04530625,0.45570174,2.3698988,0.28929365,2.0299666,0.49836025,0.27657396,1.4040471,0.3060186,0.37906203,0.8640808,0.32298765,0.5444893,0.79292303,0.043667447,0.5277517,0.09057201,0.29862645,0.21638413,0.7185905,0.09360212,0.5077334,0.6766005,0.44429705,0.07707934,1.8422645,0.20028485,0.848606,0.467105,0.8745262,2.6805906,0.9182373,0.41724262,2.0025542,2.6893058,1.3562046,0.81801176,0.811905,0.041311458,0.627385,0.73861235,2.5467455,1.1827588,0.17647415,0.13053109,0.0044214036,1.0209991,0.05564541,0.2029261,0.42824447,0.4353903,1.832566,0.031419855,1.7300866,0.37301207,0.0,0.22848888,0.7257568,0.35233715,0.31021294,1.1869642,0.41749728,0.11302843,0.12251781,0.10376835,0.9195682,0.5275856,0.30128694,2.0124347,1.1128293,1.5575898,0.41829646,1.7763948,0.5351772,2.268905,0.07415652,0.08952702,5.016037,0.14661117,2.0756533,0.2450976,0.63891995,1.8517591,0.03133819,0.16492444,0.7804883,0.059510622,0.26690203,1.4997422,0.21403939,0.7219036,0.74564874,0.903574,0.61379933,0.30541375,4.616088,1.5859054,0.16026632,1.5231818,2.0352726,0.061332036,2.0477827,1.197096,0.7366512,0.0,0.57285076,0.3368406,2.3269336,0.0048414636,0.19488749,1.0070117,2.0016189,0.09131112,0.76495343,0.010641539,1.2738034,2.6678364,2.0863914,2.2217693,0.73296136,0.81300694,1.5156196,0.35583985,0.14936568,0.081968315,0.0,0.24807778,1.0436803,0.40575293,1.3798616,0.38819188,0.10328907,0.96212524,0.72212356,0.5176749,0.06292011,0.3902434,0.087118946,0.14443767,1.7511319,3.7983637,0.33633414,0.5168616,0.09624146,0.6490214,0.059717536,0.012883534,1.1240791,0.0,0.39777985,2.8388295,0.45488462,0.5741373,0.089995936,0.027830085,0.29629734,0.12878881,0.021326585,0.27067494,0.016437287,1.1479616,0.8575846,1.2781357,2.5584445,1.006425,0.7733048,3.2087276,0.33249658,1.1735483,1.4200913,0.24832624,0.7150122,0.05622559,2.0976746,0.51967925,0.9742979,0.43242767,1.3571194,1.483963,1.4955746,0.01621654,1.2659935,0.0009090866,0.7471342,0.005107498,0.30230165,0.5275267,0.27687266,0.50382394,0.6963132,0.7370319,0.77700245,0.52697843,0.6551774,0.1970086,0.32835534,0.06812008,0.09989246,0.27551508,1.0707572,0.6735792,0.4826392,0.84971756,0.430496,0.7987582,0.31646913,1.0959587,0.5379177,0.09185055,0.12373598,0.22758771,3.7190607,1.0047299,0.15178324,0.12575875,0.6581235,0.00083114824,1.8388541,4.5783405,0.26736075,0.12604237,0.23941766,0.008153921,0.04405017,0.9190112,2.6984384,1.9448881,1.2224708,0.2975174,0.40487802,0.09387891,0.117099315,1.3100368,0.2792968,0.80123025,0.183008,0.024234762,0.122715555,0.3240774,1.0526062,0.47777373,0.0018370764,0.13247712,0.3439465,1.4058448,0.86030304,0.03772881,0.0026447957,0.022739017,0.57514954,0.0,0.029709222,1.0672609,0.5482409,0.32021755,1.0680873,1.5807426,0.13280731,0.082191795,0.089033455,0.037885375,0.48886177,0.20858964,1.2106994,0.5622159,2.9475822,2.7997584,0.08744415,0.44520128,0.68305904,0.034807965,1.3394817,0.893482,0.43516523,0.039424602,0.31697783,0.029032119,0.5023254,0.0062801423,0.9403878,3.0715876,0.30705342,0.2493111,0.1554505,2.442337,1.1782819,0.3315318,0.11886239,0.99656427,0.5799633,0.49407008,0.6405179,1.8222688,2.1797862,1.012486,0.06164315,0.1377617,0.3955882,2.462839,2.082446,0.56989324,0.0,0.13849753,0.38011935,0.32447255,1.4961197,0.050428826,0.5954532,0.692231,0.37571326,2.263397,1.0245605,0.4390433,0.83043754,4.3053517,0.29616457,1.14908,0.13324273,0.0039592795,0.21719612,0.49238968,0.39510083,0.0,1.0427872,1.9065433,0.7984587,0.31747437,0.3183003,0.37700456,0.17056042,1.1132104,0.001265211,0.02778319,0.0,0.50549006,0.30784377,0.3477338,1.2992355,2.3974998,0.088664494,2.77653,2.5861974,0.43027458,1.7620245,0.0058353213,1.3009983,1.1773974,0.26124287,0.17221625,2.6182282,0.46696883,1.2110902,0.011809069,1.7341791,1.880505,1.8652494,1.2576472,1.9763021,0.9939673,0.0002084233,0.3016216,0.2629196,1.2022576,0.72782475,0.7206113,1.7340543,0.054755926,2.0750284,0.50268435,0.7665836,1.0595404,0.1571798,0.8527652,1.0079061,1.2060744,0.9694517,1.168429,0.2555313,1.5713373,0.32792982,0.8912311,0.04407847,0.9867124,1.2932637,1.8212647,0.91327727,0.23926494,0.4360407,0.847113,0.17356242,2.1638916,1.9232738,0.2461353,0.0,0.02641566,6.977488,1.4727128,0.17754543,0.005827757,0.4233417,0.39688313,0.62049544,3.4375534,0.2047963,0.48291728,0.0,0.18626036,0.8346174,0.96812123,0.08820944,0.0064665317,0.09236315,0.91974765,0.3601954,0.21965544,4.784086,1.7155402,0.9200066,1.7779487,1.1291542,0.016836602,0.076162,0.15080048,0.09713408,0.13909249,0.75941217,all_pothole_images\pothole_images_optimized_image_349.jpg
0.5952681,1.0489069,0.0,1.768824,0.038577072,0.121394776,0.1459933,0.0,0.4006848,0.18820247,0.1787101,0.019466141,0.0,0.50852686,0.0010799887,0.2756408,0.07507182,0.48058948,0.08082239,0.040584657,0.6652935,0.23410772,0.3153469,0.75513905,0.45296854,0.13109547,0.0,1.3319178,0.006598195,0.21213245,0.00056901004,0.064327404,0.014785467,0.27256793,0.035078045,0.5303609,0.0213226,0.0,0.14205496,0.0,0.21545814,0.061608236,0.0023712593,0.14870264,0.92382056,0.09337823,0.0,0.12395208,0.43315008,0.4459421,0.086419314,0.17476514,0.16589491,0.19753939,0.69357705,1.1129315,0.20475808,0.18150063,0.006246282,0.3118955,0.011483506,0.22382462,0.3143072,0.31469432,0.7695197,0.37099025,0.35028446,0.004345561,0.08248832,0.047299247,0.4719246,0.17771763,0.14194545,0.08258407,0.30447307,0.14434882,0.08112835,0.28453445,0.010743024,0.34873328,0.069255516,0.3716744,0.40916437,0.8292669,0.052779,0.008116903,0.0024130081,0.07240624,1.2982312,0.13408712,0.13274367,0.23137166,0.23112962,0.22556752,0.7845673,0.0014336583,0.42526132,1.163723,0.00950026,0.34733456,0.041053113,1.2159404,0.008747761,0.23451841,1.762065,0.0,0.50401646,0.25703448,0.081326395,0.7994062,0.005339933,0.17135708,0.7104726,0.13219705,0.0023305386,0.33150902,0.019169075,0.15013231,2.875209,0.2125542,0.41756243,0.0,0.015303239,1.07272,0.55307925,0.20621875,0.4467255,0.019514628,0.03229347,0.0,0.022339862,0.044252396,0.0,0.115838915,0.0,0.2919996,0.030860674,0.0,0.0664517,0.0064180205,0.00056409714,0.018467238,0.17234822,0.1207731,0.006341026,0.21320806,0.0,0.01332796,0.3576239,0.022738393,0.028144987,0.09586847,0.14976545,0.031669334,0.36213177,0.105767414,0.29345638,0.15690447,0.47924244,1.3584862,0.7056891,0.92948663,0.0030488998,0.3246348,0.26709545,0.1406077,0.6077922,0.011948952,3.7386425,1.6278712,0.0,0.0,0.04040864,0.0,0.35144833,0.008707397,0.2933425,0.001962888,0.293224,0.06139108,0.0006308405,1.2060838,0.64501345,0.76927197,2.1707084,0.36189884,0.10817043,0.4792608,0.45915556,0.21203996,0.02885983,0.11068917,0.45435327,0.34751976,0.44753468,0.0,1.449606,0.2812715,0.6631021,0.13005383,0.02109496,0.80268615,0.0028055601,0.13031116,0.45944297,0.52340466,0.050750066,0.107334964,1.6972681,0.6953576,0.0,0.021801585,0.12803826,0.26148206,0.29190207,0.46651503,0.042404953,0.0,0.28772625,0.2722172,0.48508397,0.01022378,0.5327076,0.2825296,0.0,0.0,0.5704067,0.0035944914,2.632719,0.022789655,0.024303805,0.009008413,0.07951796,0.0017381217,0.48663905,0.22809501,1.0257738,0.0,0.0065138205,0.25994745,0.32637614,0.25773975,0.0031138372,0.0,0.095541984,0.0,0.38268936,0.011969175,0.26943374,4.364059,0.9866624,0.0086343335,0.0038021754,0.0,0.036187306,0.0060931044,0.50037956,0.3948436,0.49254343,1.7821788,0.0022140555,0.11156188,0.2814146,0.16741724,0.11936847,0.2388805,0.23962635,0.0,1.2446922,0.06348558,0.29925045,0.0,0.21224976,0.017187957,0.8209448,1.2419604,0.33998683,0.12794356,0.08039719,0.07931138,0.16859151,0.6399067,0.050781857,0.112594314,0.00021446602,0.5009733,0.038400404,0.053848874,0.033156853,0.1671677,0.0075265216,0.21265984,0.0,0.6872602,0.039505813,0.35380787,0.0,0.18352792,0.017754864,2.417775,0.60067683,0.4042371,0.027027894,0.038697764,3.4724045,0.027992904,0.3161509,0.0,0.14720574,0.33642805,0.0083000455,0.43341476,1.6031342,2.320022,0.25582236,0.35372394,0.0005385551,1.543329,4.7622566,1.0094025,0.3451326,0.052491255,0.07007854,0.0059986166,0.13351548,0.37091115,0.42333597,0.0,0.0,0.2886575,2.0758882,0.049596254,0.2883632,0.025932608,0.026617201,0.0043092296,3.0631545,0.35400397,0.0,0.627203,0.4352058,0.0078962715,3.4595404,1.6342347,0.28126162,0.02085629,0.22816196,0.2301721,0.41231695,0.004413784,0.0,0.37535974,0.005161097,0.05845105,0.071382485,0.026121737,0.041051257,0.7657998,0.59769243,0.57408905,0.50212216,0.044576842,0.5140856,0.35150048,0.0123101035,0.0,0.11589251,0.049531642,0.08335867,0.2342462,0.34004778,0.39441475,0.048557762,0.009612208,0.030788604,0.09761408,0.12667131,0.0,0.13617004,0.21396755,0.31670606,0.0,0.02422126,0.22710924,1.0383499,0.14223085,0.82701015,0.0052448865,0.18990654,0.47069335,0.39338306,0.06298381,0.0947258,0.071281664,0.0,0.14818709,0.1229549,0.33145058,0.21613358,0.34209377,0.5102026,0.76374143,0.24860357,0.019149696,0.73849064,0.0,0.3438503,0.22008517,0.27544352,0.091627344,0.08545466,0.344773,0.0,0.12174946,0.0,0.10598511,1.505708,0.15280983,0.45662212,0.15451354,0.96168953,0.21013899,0.23037408,0.1131048,0.63214314,0.027738081,0.088882536,0.039613396,0.047374353,0.36780906,0.23056062,0.21801543,0.07528753,0.13895077,0.11662167,1.7092606,1.0958254,0.7133108,0.13079995,0.22168401,0.30440298,0.11479619,0.04287534,0.0,0.0011866981,0.016601164,0.026815956,0.09109256,0.0,0.35228455,2.2623546,0.064894766,0.55276537,0.0,0.43112075,0.74238944,0.03186139,0.01442776,8.976865e-06,0.6977049,0.5268142,0.19991738,1.6339353,0.008823742,0.521705,0.0,0.008433071,0.0,0.19280238,0.07414393,0.2858216,0.16000776,0.23955193,0.08515782,0.56112117,0.2873587,0.09352773,0.2606077,0.050406788,0.044573713,0.014154768,0.4097193,0.22208348,0.030581333,0.037879508,0.2592573,0.017718544,0.0,0.18549938,0.0,0.017264154,1.2005892,0.08640291,0.0,0.0,0.0,0.11162125,0.0,0.0,5.962309e-05,0.016793333,2.985559,0.23643832,0.6414649,0.06452321,3.384935,0.16211134,0.61114615,0.21082856,1.0741501,0.04196996,0.045832537,all_pothole_images\pothole_images_optimized_image_35.jpg
0.6316515,2.0158274,0.40120724,1.221311,0.87466735,0.23848626,0.35205573,0.0,0.04606376,0.5109401,0.32783914,0.036713846,0.7872536,1.0500021,0.11674936,0.030450568,0.4334962,0.3783606,0.07314417,0.4505609,0.07953251,1.644307,1.3232485,2.2144716,0.22727641,0.3994119,0.3471535,1.3921968,0.034190312,1.6700686,1.626687,0.11191153,1.4686016,0.4038255,0.9266276,0.18762857,1.7011203,1.1625636,0.056566555,0.06342483,0.10558009,0.44957384,0.9784208,0.92585236,0.86475176,0.40499616,0.12923963,0.4362156,0.3870465,0.013416642,0.7758047,0.36358717,0.34338498,0.07385777,0.0,0.99037194,0.87668926,0.06730265,0.13065426,0.48635083,0.0018983986,0.12694551,2.2716062,0.7602298,1.5403789,0.32085508,0.050120056,0.04942576,0.018257668,0.51260096,0.1157568,0.59339494,0.35758165,0.6333642,0.0756282,0.7254884,0.25282243,0.21495661,0.0,0.2842571,0.6283721,0.83671826,0.18002993,1.677268,0.4894817,0.74341744,0.120755784,0.060157686,2.5317142,0.28933933,0.20826888,0.36206442,0.76790667,1.1585124,0.0,0.0,0.7676387,0.18811706,0.9335482,0.5381173,0.12304246,0.8617084,0.911013,0.33564976,0.4707529,0.0027023423,0.45704973,0.5602182,0.20806612,1.0646493,0.11279082,0.52882195,2.1360784,0.24849942,0.0640583,1.9312165,2.2905593,0.077812135,0.09927516,0.20136034,0.14110269,0.20620461,2.1365159,0.3145509,0.44279003,0.3614681,0.30079848,0.08218054,1.3832656,1.1184425,2.0930738,1.473075,0.41621962,0.44351354,1.2458755,2.2028534,0.39684552,0.54182,2.160348,0.31738672,1.1102515,0.06921436,0.3041709,3.032351,1.4528328,1.0104581,0.0,0.06893353,0.1356477,0.558923,0.116331294,0.057988264,0.3284761,0.29354852,0.46815956,0.80540425,0.07246794,0.0397961,0.0012433704,0.3661429,1.3331784,0.6240477,0.35953405,1.2776104,0.41657284,0.053964537,1.3331726,1.7517846,0.5261282,0.4414575,0.6373582,0.56546086,0.3102991,0.52050257,0.27191412,0.5460252,3.3836377,0.42307982,0.2806414,0.5125385,0.08130989,0.56562656,1.6728064,0.14684801,2.8343582,0.07979862,0.63614744,0.047484294,0.051898375,0.23814648,1.112265,0.36292446,0.40460345,0.75144815,0.16881478,0.22174084,0.42562935,0.21357317,0.096868955,0.883446,0.35306752,0.25719565,0.23071952,0.8777897,0.34440267,1.557401,0.32096174,0.37308407,0.26025045,0.058432907,0.62330943,0.774268,1.0748758,0.891503,1.2414205,0.22494729,0.78689146,0.7520783,0.5276349,0.21890691,1.6281056,0.18643147,0.39177758,0.11923533,0.0,0.16825578,0.9136009,0.045012604,2.2729838,0.115918696,0.2507291,0.71194494,0.39814278,0.1451167,1.2426305,0.26257107,1.8436449,0.7188643,0.50963706,0.15522741,0.3395809,0.37817323,1.1017992,0.17977712,0.28229564,0.009542935,1.3598192,0.6011171,0.9831781,3.3272185,0.36640012,0.10169662,0.49000263,0.9850412,0.0,0.25438637,0.9232105,0.3310021,0.017459685,2.3936303,0.9305061,1.8946351,0.23608278,0.0,0.230756,0.20459387,0.19380431,0.3281246,1.5592642,2.221606,0.05453414,0.08893288,0.67596066,0.1608232,0.5759007,0.3403403,0.1968645,1.2289207,0.81237775,0.75064445,1.0779918,0.18315674,0.41598806,0.03424394,0.4324744,0.50216913,0.14889106,1.7542974,2.0011728,1.0189481,0.14603387,0.35302275,0.16787925,0.3924692,0.76985013,0.10456147,0.27268997,1.1511302,0.12705585,0.786131,0.20984805,0.46410874,0.0021869664,0.085715026,6.4436183,0.21148668,0.2510442,0.4023215,0.43634847,0.15545242,0.14574032,0.6587447,3.0675478,0.5404853,0.09486644,1.2054176,0.01524464,0.95219076,1.8029749,0.8379472,0.011092064,0.4089538,0.107704334,0.74145335,0.6847817,0.14122449,2.2126367,0.63213855,0.23148257,1.2043048,5.776352,0.25485933,0.1749718,0.91157484,0.60185075,0.6919374,1.7254776,0.89786386,0.37528586,0.052364882,0.44436166,0.9985788,0.46915442,0.08963175,0.14018679,0.01835474,0.67781633,0.63371015,0.8438567,0.69927293,0.3473365,0.45879224,0.0,0.50099957,0.45972666,0.0,0.33536407,0.58796763,0.017044704,0.0,0.32435405,0.46617243,0.37509364,0.24391076,0.02568872,0.12893775,0.47352374,1.8596829,0.32052714,1.1184509,0.68189836,0.49820125,0.9720566,0.109584205,0.60850334,1.4626516,0.3659771,1.0626612,0.7093226,1.2138013,0.61714053,0.27621183,0.09147327,0.48839265,3.3871007,0.49591598,1.3907428,1.3270441,0.002037591,0.43721753,0.3073946,0.29026487,0.03646779,0.022409908,0.19415069,0.69801056,0.20852451,0.18322113,0.34784153,0.31376964,2.1658268,0.44761282,0.014311219,1.6692828,0.347221,0.39791512,0.5245272,0.43306533,1.5495864,0.83256304,0.14891131,0.15326564,0.0,0.35767046,0.20657411,1.4733301,0.019247757,1.3111869,0.4641954,0.0015537846,1.2167826,0.35716963,0.70151776,0.5427157,0.2611584,2.3007212,0.21210487,3.2838109,0.8070705,0.032825325,0.4383241,0.450306,0.022363298,0.16488764,0.00565634,1.1946216,0.2624666,1.3016659,0.7835353,0.19545314,1.1959895,0.07793625,0.36085832,0.37469548,0.06880334,0.43975905,2.0368009,0.1714682,1.0493301,0.42474812,1.7848756,0.52937764,0.0032551487,0.41124704,0.6075295,0.19271605,0.42014453,0.29931742,0.14417405,0.055960756,1.2943476,0.74218017,1.4270921,0.039022624,1.2503861,0.027551733,0.099599056,0.06475229,0.11354243,1.3008206,0.803349,0.5942495,1.4578136,0.55244,0.29446188,0.1556053,0.18636703,0.02654132,0.86306894,1.3681691,0.23355173,1.507625,0.347634,0.5222992,0.11300567,0.6765542,0.67652696,0.78254247,0.55733013,0.16646543,0.089832984,0.3972084,0.57790416,0.0039521935,0.22667052,0.011129762,0.26020774,0.16571745,0.18055467,0.26061055,1.275364,2.1294868,0.17204285,0.6589083,0.24444093,0.34056306,0.5300922,0.7328754,0.15239015,0.8057923,0.103643514,0.1684645,all_pothole_images\pothole_images_optimized_image_350.jpg
0.05858441,1.9063334,0.41635525,3.5652506,0.33600578,0.925988,1.0395703,1.0731853,0.00031646664,0.30423087,0.9412385,1.7530973,0.35891747,1.6325175,0.35911027,0.6957555,0.20779471,0.3645092,0.81835043,0.73663557,0.06445801,0.3098655,2.415607,2.1493778,0.88609475,0.050091267,1.3379427,1.8025936,0.17850035,0.08083502,1.1961555,0.049849037,0.2744382,0.6689752,2.1806731,0.46587676,0.074697524,0.75270367,0.9967799,1.4404922,0.0,0.6056713,0.90418774,0.8974586,1.512297,0.3878061,0.00822336,0.0,0.3876532,0.28002605,0.28803357,1.6256144,0.27017513,0.1787566,0.084738284,2.3618886,2.682567,0.27874336,0.91243136,0.25557733,0.0028995737,1.8678672,3.7025838,1.2547495,1.2371398,2.3652244,2.0706394,0.7503657,0.18423577,0.03294584,3.198631,0.011968097,0.80787235,0.06394523,0.9608701,0.36915603,0.07905362,0.32624385,0.034126636,3.0369747,0.00047571896,1.4153557,0.10021181,3.5302703,1.5712221,0.095282026,1.2110854,0.9683418,3.7147229,1.0320235,0.34725842,2.8237212,0.23368044,1.7430755,0.0,0.24219535,0.13132708,1.0664831,3.5829084,0.7752753,0.00049795,2.5250797,0.52444106,1.8507258,1.4997631,0.6400022,3.045552,0.2927051,1.6800979,0.47811866,0.15983665,0.29382786,0.679517,1.5279273,0.84652275,0.255078,0.78717774,1.4977555,0.6621644,0.43677184,1.6362494,1.198999,0.0,1.124678,3.2176871,2.3038802,0.7456433,0.55117875,0.845554,0.2254193,0.33495703,0.0,1.3064291,1.2810838,0.11787151,0.2887716,0.9909098,2.6681101,1.3479464,0.46566314,0.61836535,0.88567007,0.406935,0.7049297,0.3758932,1.0250306,0.581915,0.23721676,0.5512527,0.0028162193,0.059643395,0.28515428,0.18445686,0.0,0.708958,0.26559567,1.7295548,0.19719385,0.044244133,0.2440648,3.422644,0.66306317,0.014504318,3.3764997,4.401182,0.056658395,4.3749166,0.1431589,0.69519943,0.6561254,0.5640513,0.38123155,1.3155942,0.3483093,2.917098,0.7291845,0.4982182,0.41254622,0.1725763,0.13414149,0.91640735,0.7487021,0.708173,1.1044843,0.06254546,1.3007057,2.0853066,0.5426474,0.11768171,1.8019004,0.039633423,2.9044445,0.6240071,2.8737202,0.014696376,0.720133,0.10204883,1.3415924,0.039996758,0.4090524,1.1116511,1.0045018,0.15221958,0.19036224,1.1931157,0.059894755,0.24228391,0.0,1.4041874,1.2409694,0.49520144,1.1482662,0.39489472,0.6199341,1.4532211,0.6382496,1.1629113,0.15074712,1.5345664,0.0040624538,1.7960236,0.040910028,0.79508376,0.016100284,0.096665695,1.1231431,1.0194951,0.44236335,1.4879069,1.637087,1.5393385,0.44734827,0.66701007,0.4359949,0.036798418,2.019558,1.4013189,0.33492562,0.16891965,0.42954004,0.6110335,0.06319985,0.006270599,0.44054857,0.25588587,0.043993827,0.54165405,0.2378758,0.94113237,3.0461836,1.4657284,0.004292722,0.0050594634,0.92759734,0.16704708,0.46143767,0.2720979,0.60992074,0.49302274,1.4769975,0.49385682,0.006309216,0.87808686,0.047982093,0.46672007,0.35978648,0.0050212075,2.0407543,0.9677125,0.010453499,0.97335744,0.095133506,0.83427995,0.67064196,0.53836066,1.3120993,2.212617,1.0143374,0.05348439,0.07363982,0.53219604,1.777346,0.38178283,3.0512471,2.4645936,1.222057,0.92174214,0.028245522,0.9439225,0.24902238,0.109990135,0.05273378,0.06347278,2.6348095,1.179705,0.6381396,1.3378234,0.6516779,0.065456025,1.3838648,0.0019050639,0.770623,0.4600232,0.25844464,2.7426639,1.125025,0.3585421,0.037016295,0.9862151,2.5107844,0.6264273,0.63573456,3.3633778,0.64200145,0.42558545,0.9305833,0.2624508,0.8643965,0.07182956,0.19219737,1.0418788,0.3694795,0.11629764,0.0,0.13920377,0.44119245,0.8318215,0.1923969,1.9220783,2.5058353,1.1478719,0.5523241,0.25090498,0.4467561,0.0011373658,0.067277156,0.38838577,0.42209017,1.9556005,0.0009623182,0.51913244,2.0036783,0.42828438,0.0015503059,0.43462396,0.0,0.9414203,0.016950363,0.20676844,0.2770727,0.3850078,0.75128376,0.24004474,1.7764375,0.5202279,0.12331092,1.7538301,0.30711064,0.21798235,0.013704769,0.8888319,3.8552902,0.8373905,0.014516969,0.016475597,1.1223978,2.3471029,0.17430763,1.373788,2.6976035,0.34127787,2.313264,0.1655225,1.6640658,0.7080276,1.4246919,0.08256986,0.2876206,0.27921763,3.1120853,0.86948925,0.066123135,0.81364006,0.61009127,0.7921216,1.7836478,2.922408,0.61617565,1.5058153,0.92613906,2.6832569,0.03846738,0.97424424,0.57324815,0.0,1.2991837,0.8073536,0.07935254,0.10729876,0.059756532,0.06984682,3.03182,0.108156756,1.3702039,0.2581335,0.08270608,0.06999467,1.4245534,0.11229351,1.5857189,0.41511714,0.49375477,0.35716754,1.0945448,0.55200446,0.21418205,1.3587673,1.1817341,0.46936512,0.630944,0.926895,0.07649746,2.5157335,3.075061,2.8601055,0.11447926,3.3167164,0.21196483,0.43825904,0.44824752,4.1000223,0.24921304,0.07438954,0.04397553,0.21489236,2.9340892,0.28066894,0.2919047,0.1292424,0.6608462,0.58625466,0.64259714,0.0068818815,0.02585076,0.5361518,0.05979189,1.7329569,0.18904884,0.9880453,1.8042575,1.6808329,0.046652496,0.27824637,0.24203517,0.5269796,1.9351523,1.753565,0.28189754,0.3764473,0.22204863,1.0398964,0.7791388,0.036953427,0.46502578,0.44257456,0.086051665,0.26327118,0.00066880416,1.020202,0.94466543,1.5276643,0.0,3.370618,0.0015912023,0.0009743088,0.043388348,0.33020684,0.063116565,0.5582749,1.278755,1.1907977,1.6701719,0.043563258,0.5084878,0.13902603,0.8161052,0.17538238,0.9766022,2.3426735,0.015864018,0.66703296,1.6313733,0.08347583,0.07204889,0.41385892,0.25367367,0.01174877,0.11031984,0.0024424084,2.2499032,0.057495378,2.8131208,0.07394896,0.0,3.3366318,0.4275907,0.3998642,2.4932437,0.035257827,0.4197418,2.375558,0.6893337,all_pothole_images\pothole_images_optimized_image_351.jpg
0.11636261,0.2856344,0.0,1.6412544,0.1772986,0.0,0.10350635,0.0,1.3580253,0.024470817,0.3114139,0.011047572,0.0,0.37969238,0.00088654755,0.15131637,0.30229363,0.525903,0.22705677,0.10282736,0.11272783,0.28817025,0.118072,0.35119277,0.0001689749,1.151123,0.27809173,1.6051501,0.011896689,0.0647998,0.0,0.24626437,0.05892272,0.012307339,0.17066476,0.5246178,0.21392658,0.0002708476,0.5881992,0.0,0.07490095,0.38916442,0.17101723,0.8018573,0.47503012,0.0,0.0,1.1418045,0.021129051,0.8937941,0.0,0.02705958,0.21601632,0.17143084,0.61519283,0.6034506,1.1396341,0.020780709,0.025184432,0.06342531,0.0,0.11041358,0.20227276,0.1924162,0.9871952,0.1266681,0.35730207,0.012246347,0.09016579,0.428455,0.02817565,0.22253071,0.011899258,0.030948484,0.31449595,0.18133467,0.0,0.026201189,0.06000475,0.0,0.0,0.5543808,0.5178231,0.97249836,0.1176796,0.0,0.069732755,0.12581955,0.75425786,0.08271374,0.04832799,0.34017026,0.14486024,0.3547263,0.20224941,0.0,0.08280959,0.4843221,0.012765087,0.09820742,0.13785647,0.0,0.53493947,0.01638857,2.2557945,0.0,0.9083825,0.23128732,0.002232205,0.5438952,0.0,0.0,0.60064524,0.0268139,0.2964349,0.46589902,0.015820438,0.2505662,0.5923083,0.0,0.1703096,0.0,0.02580161,0.15821865,0.32550326,0.08418302,0.035752445,0.0,0.19271113,0.042576257,0.0,0.09771096,0.06495831,0.3801206,0.22620322,0.0547017,0.0006040079,0.0,0.038828094,0.0,0.0,0.13230532,1.0960894,0.004293122,0.0,0.5385854,0.041290227,0.18759894,0.47280595,0.03422461,0.37517473,0.19366318,0.04426629,0.022256967,1.254152,0.68293893,0.004750706,0.04636639,0.75795877,1.0774843,0.235784,0.11749638,0.10998974,0.22062883,0.3938979,0.16700472,0.8694886,0.02447017,2.6263764,0.2642457,0.09599582,0.06476896,0.0013029522,0.0,0.1733448,0.51560897,0.1579258,0.009771591,0.4914775,0.48345318,0.14841111,0.15472849,0.2603431,0.11154948,2.0658855,0.70964,0.0007455177,0.096190035,0.0034193697,0.45239398,0.00791376,0.15293832,0.40240306,0.026940012,0.012324528,0.0,0.9342546,0.0,0.9457817,0.37478295,0.020839667,0.25239065,0.0034486912,0.015728896,0.1312885,0.07963061,0.13204569,0.010909256,0.7862636,1.0570103,0.0,0.016258473,0.765123,0.038426574,1.0580019,1.6394607,0.027719418,0.002256533,0.13220643,0.21035838,0.20968597,0.0,0.44541892,0.136413,0.0,0.0,0.32212174,0.051772926,4.709444,0.21498732,0.0,0.025819398,0.39007342,0.0,0.49052632,0.09066062,1.3819329,0.0,0.0,0.16776237,0.05728856,0.12563848,0.04512592,0.0049251104,0.05757396,0.032332283,0.5988108,0.08951797,1.0989214,5.161701,0.020418096,0.17517892,3.5863824e-05,0.109864466,0.1389895,0.079887405,0.5998122,0.35601035,0.04214017,0.9985278,0.0,0.008220773,0.24190712,0.0007371279,0.24531926,0.027391562,0.29251656,0.010188836,2.0499997,0.0,0.12577164,0.0,0.16140142,0.012647308,0.526588,0.3391096,0.008055915,0.23377034,0.02058289,0.13693103,1.0738312,0.45121554,0.044782247,0.0,0.0,0.92659444,0.2884607,5.7001245e-07,0.43440107,0.0697367,0.0,0.0046244403,1.7724032e-06,0.037926402,0.00372986,0.24110377,0.008084273,0.3068274,0.055991966,1.8825538,1.2058243,0.8570079,0.02871198,0.0,4.70956,0.08022265,0.16788739,0.0,0.08458875,0.1688262,0.27721244,0.2873657,1.1107134,0.9930443,0.011051405,0.04954243,0.13363317,0.6930014,3.333583,0.11794491,0.09740623,0.018320281,0.0,0.17727587,0.10284527,0.33074358,1.3026679,0.0,0.01802558,0.019602008,2.4780014,0.045691345,0.34218523,0.2922784,0.0,0.0,2.635969,0.1047748,0.0,0.5291143,0.3546938,0.07993154,1.7672747,2.5081208,0.0816665,0.008410848,0.032879356,0.640441,0.035486814,0.04370613,0.023729049,0.21470574,0.07322704,0.0,0.22094144,0.09149594,0.0014136784,0.78726006,0.93958724,1.0769707,0.3136268,0.11735174,0.08014461,0.38727945,0.18166009,0.0,0.804401,0.03907587,0.110276416,0.15476622,0.29481575,0.6325414,0.0,0.0,0.0040304097,0.38927943,0.19522314,0.0007442086,0.017165156,0.045164663,0.8057778,0.02532431,0.03411999,0.0,1.2635213,0.05436926,0.38494635,0.0032362058,0.015716694,0.0046957266,0.13312644,0.25240567,0.0,0.22478376,0.0,0.07302545,1.0062463,1.8063058e-05,0.13677892,0.07326744,0.2080436,1.3306667,0.010246516,0.0,0.6298693,0.01941087,0.03464468,0.19713996,0.06486612,0.2881117,0.01684797,0.002751772,0.055405363,0.043279424,0.0015220721,0.1357478,0.491524,0.6236384,0.7209859,0.12350296,0.55916697,0.70514524,0.4659898,0.029911185,0.38457146,0.0,1.1353338,0.07407341,0.33583894,0.5787431,0.030460902,0.011050399,0.36664936,0.35369226,0.3194639,0.49576613,0.0035472733,0.03982164,0.049526647,0.16972873,0.25579864,0.021037463,0.058275893,0.0009161455,0.07098683,0.0,0.01820469,0.12895727,0.096358046,0.0,2.025747,0.17415544,0.12096308,0.008827564,0.55684364,0.6150913,0.0028568415,0.19532296,0.0,0.44561073,2.3230133,0.0035321359,1.217473,0.0053283065,0.84553885,0.0,0.0,0.0,0.17440611,0.34637883,0.40461355,0.08742817,0.063176185,0.0017818694,0.40298727,0.86201125,0.015142029,0.107632205,0.0,0.15789282,0.0,0.52633363,0.28522593,0.4815122,0.22215608,0.0074109435,0.0015443848,0.060375053,0.37315762,0.0,0.04612465,0.22751918,0.8162471,0.03979047,0.0,0.0,0.09920928,0.13594013,0.5023215,0.00035765473,0.030161059,2.331183,0.11073075,0.6652525,0.0,4.3316627,1.1591777,0.4192668,0.051536042,0.41043556,0.018334573,0.015096913,all_pothole_images\pothole_images_optimized_image_352.jpg
1.8996912,0.7793594,1.0393599,3.9044056,0.20741668,0.23149884,0.47046402,0.42390594,0.5184956,1.2448809,0.6641231,0.8591648,0.1341785,2.5221307,0.017401345,0.67248154,0.54849243,0.5691394,0.6393595,0.84765893,2.461626,0.119861,0.21020718,0.13873972,0.7445193,0.20768003,0.3275395,0.0778243,0.010693983,0.29535863,1.2308311,0.43364668,0.1722835,1.0757204,1.7252564,0.028909175,0.4251299,1.4147903,0.5277146,0.19326013,0.2355347,0.0045653344,1.2803901,0.13365144,0.27612308,0.9314688,1.4285907,0.0,0.49435025,1.268634,0.8965574,1.1558797,1.1178551,1.0843155,2.6516817,1.2724242,0.3560158,0.06278599,1.0311289,0.10443508,0.2753461,0.7177695,0.005238176,0.8709682,0.7964426,0.13379373,0.55860806,0.6014309,0.22292712,0.15935527,1.2653936,0.85801136,0.059749834,0.18419307,0.3122413,0.057458133,1.7926165,0.70473,0.068681076,0.31344762,0.67265457,2.538907,0.04909254,0.9632163,0.47580734,1.7464565,0.29781172,0.42074957,0.15002638,0.0069664507,1.4036225,0.06402719,0.29859838,4.819155,0.14995138,1.9450222,0.28680685,0.24472472,0.46638417,1.8198725,1.4152173,0.70784885,0.761594,0.21050149,0.28921193,5.4686494,0.49984702,0.0,0.21683688,0.0330281,0.08106835,1.9197236,0.20865136,1.223513,0.12358897,0.0,0.13482709,0.0053710924,0.32346871,1.1909138,0.9070982,2.9905405,0.22225362,0.2619756,1.9808035,0.38688296,0.3647226,0.99251586,1.013487,3.2629468,3.500216,0.20429914,0.90613437,0.25003174,1.1873239,0.7108683,0.30729294,0.04775294,1.5580379,0.16028789,2.8102317,0.4390671,0.7790311,0.103210844,1.5251222,0.16563377,0.75333947,0.6610444,0.13526706,1.2759818,0.033596057,4.883721,0.102888495,0.6423894,0.91177374,0.0,0.28172547,0.14974466,1.4153436,0.08206941,0.05848249,0.13789012,0.9416429,1.7724924,1.2879328,1.9465098,0.5185359,0.23886149,0.0778498,1.4441442,0.09894606,0.42423543,0.7143275,0.16177514,1.5174556,0.03787745,0.5715393,0.522315,0.032553066,0.7179046,2.3654795,2.0627413,0.44896713,0.5900563,0.033531036,0.036232136,0.08718161,1.0704999,0.018225718,0.7625575,1.598969,3.5979862,0.9569421,0.618733,0.0753272,2.5138113,0.10512169,1.1271958,0.9545361,0.32333392,1.0942781,0.94528836,0.39845333,1.7198442,0.09386767,0.6834056,1.773818,0.6443635,2.1330173,0.5201767,0.49983332,0.32809234,1.2880557,0.8438844,0.6014005,0.8727873,0.16799971,0.108952336,0.07257056,0.058825523,0.100564644,0.2562294,0.5387787,0.116256826,1.0704346,1.4417803,0.27767995,0.2337232,0.09842176,0.46205896,1.5782131,0.088863544,0.43110687,0.9555665,0.16541213,0.75029504,0.43539396,1.800168,0.5029846,2.2239308,0.9080751,0.37881103,0.9502836,0.24563542,1.0648149,0.046547364,0.49725062,0.11224764,0.08625073,2.910855,0.103877135,1.2430959,0.25012633,0.9533844,0.88061005,0.7965714,0.035628654,1.3092489,0.97339946,0.46914935,4.669525,0.21442121,0.196705,0.56108826,0.50304246,0.32081187,1.1811056,3.0387866,1.6779602,0.23100239,0.65123427,0.9881383,0.48127168,0.0690297,0.10312033,0.7308299,0.38427395,0.093765944,1.2670895,1.7238635,1.5491161,1.715096,0.94176394,0.16014405,2.6748002,0.15154587,0.1670433,1.7640032,0.42902133,0.51486677,0.0,0.11035201,0.10791007,0.038073305,1.4701238,0.2744108,3.1825845,0.009897753,1.3318771,0.7967029,2.06077,0.5858986,1.503941,0.10371907,1.2508806,9.873576e-05,0.51820654,0.74532753,0.0047706175,0.6443181,0.28940904,0.22523054,0.66516185,0.32929334,0.8350666,0.8823214,0.067916974,0.6423589,0.57869494,0.14735998,0.053735297,0.03346474,1.8065022,0.73341584,0.87076837,0.47403654,0.6242051,1.7648907,2.887904,0.09798628,0.738204,0.5629498,0.22274745,0.7987242,2.8114197,0.06644982,2.1809065,0.9396228,0.13562927,0.35640094,1.1237365,1.7291169,0.3914247,2.6061926,0.042764425,0.18873218,0.94549036,0.17421782,0.1945968,0.45097998,0.2475464,0.17407103,0.21291654,0.03033898,1.7635626,0.679718,3.23409,1.719276,0.0024083187,0.29473153,1.1748623,1.8038245,0.51593703,0.8684901,2.3054335,0.3388603,2.9484649,0.66290116,1.7459352,0.1573557,0.23880203,0.66949594,2.6419194,0.2384221,0.5904964,0.23095158,1.0175183,0.2222654,1.0092735,4.2165465,1.0165443,0.9302689,0.098595425,0.64872736,0.90546066,0.5968829,2.1285617,1.5810462,0.09941894,0.49895024,1.8414125,0.022914628,1.5219378,1.4974926,0.5143757,0.006271266,0.0,1.979642,0.5145702,0.589085,0.049260955,0.23596296,0.021634128,0.4849289,0.81271935,1.6641246,1.2261547,0.051454786,0.15932511,0.08653902,0.14469591,0.09271361,0.03794186,0.15790586,0.1572694,0.13660987,0.84370023,0.1638651,0.43119383,1.4836949,0.106442496,1.9868377,0.20420468,0.8706053,0.11789055,0.64023256,0.3555073,1.5711464,0.0,1.0288378,0.055613104,0.9601878,1.3994408,0.052471876,0.0,0.029829886,0.773141,0.0047380007,0.37452608,0.5322553,1.0820236,0.26915658,0.026313579,0.16706489,0.4594719,1.5883603,0.1481266,0.41872677,1.3469714,0.25413454,0.04784363,2.0193937,0.21522352,1.6075907,1.3972882,1.1946064,0.49348542,0.21898952,1.3302802,1.0646862,0.92780054,1.8116773,0.042040017,0.92604434,2.8515656,0.044421375,0.70156235,0.29185155,1.9009374,0.7393199,0.9345211,0.91090596,0.22443934,1.2398192,2.06568,0.8438177,1.7893277,0.9171253,0.22135049,0.06493848,0.8676923,0.4062538,0.6367874,0.402041,2.8642073,0.8447666,1.3284196,0.41757405,1.0267086,0.33413672,0.49552715,0.34145978,0.3200171,0.7995011,0.047807913,0.0,0.011738211,1.7081844,0.017150583,0.3814643,1.3538142,1.0378214,1.093066,1.1156592,0.17044497,0.05616511,0.30262005,0.2896463,0.11524926,0.074706204,0.0,0.0070948065,all_pothole_images\pothole_images_optimized_image_353.jpg
1.1748695,1.8560219,0.3749976,1.2288818,0.3552244,0.50751644,0.50440675,0.033671893,0.49292138,0.46066788,0.717321,0.42019716,0.28933185,1.6334655,0.1855355,0.5075419,0.29774782,0.17846936,0.44492266,0.45857823,0.33528486,1.3999518,0.23688367,1.3272315,0.920825,0.39853266,0.7101029,2.3479476,0.019942494,0.8939788,0.35405478,0.18026678,0.7052575,0.39238432,0.78150386,0.05154333,0.05796631,0.593706,0.0,0.93108,0.0,0.1933601,0.2859776,1.1434453,0.7118477,0.18281958,0.07857265,0.34713623,0.22182697,0.60399574,0.18808797,0.08154018,0.72543645,0.14904842,0.46275464,2.0933826,1.4224753,0.50529,0.6715591,0.57894844,0.13941188,0.4355749,0.4735671,0.027236827,0.5855857,2.2789907,0.62132853,0.29477674,0.57685375,0.65465045,0.31976214,0.4599423,0.6524434,0.23162994,0.20950726,0.60383326,0.330241,0.47915727,0.007858248,0.36987638,0.41339886,0.15356033,0.03834462,1.2196387,0.3866674,0.4420423,0.21822587,0.12924498,3.4167848,0.28792462,0.17971924,0.47181898,0.93672055,0.97634685,0.07830523,0.16735758,0.4028743,0.6819248,0.5813139,1.1360145,0.03551472,1.219592,0.3084088,0.6581515,0.38607332,0.35208738,0.2678365,0.04087033,0.018632742,0.72141653,0.1256473,2.7808373,0.12357365,0.3954439,0.36364177,0.78847235,1.7394127,0.100334525,0.4374797,0.22274315,1.8766485,0.37034887,0.59370023,1.2109245,1.1596642,0.52548087,0.29546133,0.84772646,0.28174362,0.35899308,0.44892976,0.35157865,0.26770195,0.50560117,0.2927307,0.7356748,0.57420206,0.33799633,0.9554793,0.26725316,0.038051117,0.9840656,0.16425039,0.7144697,0.09393489,0.7033229,0.4505282,0.011016,0.7696605,0.8293382,0.47595814,0.33615142,0.0,0.54421794,1.1602331,0.35689053,0.6802191,0.15476398,0.40207914,0.6737674,2.081665,0.36400786,0.09031582,2.4352286,0.5787098,0.18245824,1.3067659,0.10797812,0.4381288,1.2532915,0.0,0.04147603,0.21705712,0.33155644,0.29914132,0.19653764,0.3399296,0.06660254,0.39669207,0.4914508,0.17951265,3.1093621,1.636809,1.3627378,1.1737083,0.85480267,0.017624086,0.16921483,0.7311781,1.3043736,0.88855547,0.5843779,0.43534026,1.1926394,0.04511722,0.01962678,0.6786108,0.780594,0.34629875,1.0632808,0.11858938,0.6348042,0.007158305,0.25077438,1.221307,0.8295456,0.4203931,0.3655908,0.23919094,0.117994614,0.13856319,0.5170681,1.2659141,0.29103914,0.9819561,2.0300953,0.7357741,0.00046311272,0.4383476,0.2232709,0.63301617,0.13885257,0.7496764,0.7886587,0.43860412,0.92237556,0.8307813,1.0720499,1.379572,0.20259759,0.5141373,0.3711814,0.45136127,0.42185444,1.2714324,0.26465407,1.3693911,0.12866376,0.11103862,0.0016460893,0.002754327,0.37287125,0.2834667,0.2652045,0.3941801,0.0,1.0724423,0.2237903,0.17127877,2.8709984,0.51212496,0.17220587,0.8295221,0.2388527,0.15455545,0.024085298,0.61725694,1.0080043,0.29928616,1.3793596,0.69361115,0.15983382,0.8981594,0.26209876,0.2563442,1.2232596,1.4087774,0.51564634,0.59851134,0.39949602,0.62544006,0.007815537,0.22016813,0.076369874,0.7598775,0.672061,0.18786427,0.31735566,0.6362509,1.1245129,0.27673542,0.22315735,0.9369322,0.25760102,1.5748861,0.35281402,0.4754001,0.6129395,0.912176,0.26564613,0.23486774,0.12516157,0.5737236,0.8525014,0.32588,0.41496822,1.3365438,0.4016503,0.43705788,1.8077848,0.32631466,0.7083416,0.04308486,0.39134878,3.3710072,0.19398397,0.0,1.2621418,0.49982205,0.021421885,1.1115799,0.21661493,2.852466,1.9302073,0.31535453,0.25712997,0.4533235,0.72035223,2.5499947,0.33907968,0.21545441,0.24819478,0.16993071,0.44250658,1.4653314,0.6689921,0.19579901,0.061230022,0.77042514,0.3691703,2.9990683,0.3466526,0.69064206,0.64952564,0.4609562,0.245872,0.8682466,1.1948615,0.44784883,0.44227523,0.3810145,0.48206267,1.4532461,0.5741765,0.32450894,0.49658293,0.12775601,0.31530762,0.031862166,0.22885996,0.12833166,0.91470647,0.95144403,0.99991,0.015481591,0.28844234,0.24991179,1.1024978,0.33634177,0.9621019,0.37837145,0.08760528,0.19412933,0.24885088,0.004026338,0.32583523,0.5104604,0.2140619,0.3577311,0.28742746,1.3931541,1.2584156,0.7636153,0.04291401,0.92971563,0.5934586,0.0,0.6341635,0.3320479,0.20328665,0.4031136,0.1781996,0.13442898,1.5896176,2.0110514,2.0316384,0.96388966,0.2443675,0.13787666,2.558125,1.7468468,0.9058228,0.3179852,0.1699479,0.1450063,0.12368985,1.3400671,0.32937965,0.2914597,0.018460285,3.1511414,0.72688603,0.5357241,0.82268584,0.6890727,0.1466166,0.37645304,0.77185905,0.02066605,0.38032866,0.04673492,0.46809214,0.4100151,0.21579115,0.022258556,0.66139656,0.5686558,0.23213466,1.077225,0.11909978,0.9182076,0.66555053,1.696859,1.5256307,0.7189949,0.26849085,1.0658673,0.49795392,0.8091628,0.25879034,0.0362842,0.5658914,1.1345695,0.64913124,0.18816884,3.218588,0.20656967,1.4982698,0.36479303,0.13504522,1.0919495,0.011114164,0.16805306,0.45432618,0.09581343,0.011140189,0.96418405,1.4478776,0.34031746,0.5144095,1.5795466,0.33303645,1.0356345,0.41272652,0.44021007,0.43828282,0.13311623,0.29896155,0.11441452,0.8802268,1.5587915,0.38650092,0.21735121,0.087639846,0.44706523,0.4654554,0.8420732,0.009293109,0.21466488,1.6049923,0.77534384,0.9938996,0.02683097,0.40966764,1.0062368,0.22114769,0.41645068,0.7188298,0.44186524,0.096727945,0.9819952,2.403551,0.35274062,0.96889776,0.0768945,0.6076342,0.46891746,0.25628614,0.5781673,0.0,0.7145955,1.2002515,0.19060874,0.0,0.06618555,0.050920367,1.1107405,0.029004013,0.104258865,0.24727307,0.11668142,3.01308,1.1361053,1.0491141,0.2054574,0.5295182,0.3547111,0.74850947,0.251387,0.24162506,0.2703521,0.06796195,all_pothole_images\pothole_images_optimized_image_354.jpg
1.3715879,1.3279281,1.1135095,2.915198,1.7790056,0.70704204,0.98502254,1.1729748,0.10045081,0.9178325,0.453946,1.3522763,0.5415471,2.7357852,0.16802682,0.13893504,0.00015029233,0.35701415,1.4314755,0.761746,0.5418124,1.8417432,0.71785307,2.6594849,0.68539506,1.4420815,0.97841126,1.5336941,0.15225995,0.6742697,1.460347,0.5835833,4.229881,0.7518672,0.23843722,0.5740092,0.31931424,0.6962973,0.2904789,1.5676861,0.14500314,1.8563619,1.3474386,1.7717994,0.13923869,1.3558079,0.3651025,0.15830392,0.6100171,0.7080132,1.9905,0.62946457,0.92535466,0.041870523,0.06808624,1.5345938,1.4366376,0.1520797,1.7238505,0.6401872,0.553693,2.4583282,0.7678797,0.383207,1.1613412,1.4546783,0.33059016,1.397457,0.6058231,1.0130167,0.072880134,0.10498909,1.7260559,0.5103798,0.58260745,0.35992816,1.0158622,0.74046934,0.25962746,0.026079256,0.15211256,0.51469344,1.1726147,0.41194066,0.94243646,1.2949215,0.05294075,0.9739685,1.9535946,0.21552137,0.1518472,0.64711076,0.7851068,0.04442371,0.4415398,0.69358176,0.13987441,0.9291171,1.0279475,1.9033514,0.087504745,2.844906,1.8488796,1.9575502,0.8582604,2.0571125,0.21308199,3.4492984,0.26128566,1.067243,0.43477026,3.1591485,1.065363,1.0464803,0.44381732,0.8994732,0.72917074,0.098282665,0.40663707,1.1962187,1.3124288,0.5342318,0.18848523,2.657223,0.2991075,0.054481536,1.0960052,0.15669402,1.5765785,1.3995601,0.11236373,1.0938097,0.59420824,1.4908986,0.49504712,2.2818625,0.052556027,1.8262924,0.12858035,0.5439265,0.9646815,0.14502393,0.43053538,1.8670206,0.7287104,1.3804876,0.4325461,0.3146487,0.3662641,0.68530536,2.0683959,0.15942995,0.08223267,0.103688814,0.7188484,0.15119025,0.47375417,0.16940829,0.83744746,0.94568944,0.7866632,0.10232414,0.1292786,2.23624,1.0585595,0.26110727,1.557253,0.45235753,0.9768233,0.4517213,1.9605628,0.396021,0.4177901,1.4620688,0.94210285,0.6286213,1.0853447,0.40542558,0.43480143,0.087203376,0.46103954,3.3743167,2.0391858,0.96159554,0.50607693,0.18309169,1.8449824,0.93743116,0.8167213,0.7077823,0.8742929,0.4197405,0.40939674,1.0907912,0.62291723,0.2316098,1.219997,1.4755783,0.6179899,0.6911042,0.14038436,2.3497114,0.5821761,0.68655455,0.33610612,1.4204565,0.6645196,0.54390043,1.2453756,0.8887605,0.4990513,0.25993758,1.1548815,1.6361918,1.3822454,0.17055067,1.2644668,0.42162642,1.9149827,0.004021233,0.559342,0.0757201,0.5048502,1.733565,0.018186703,0.22150029,1.824732,1.7461529,0.71465755,0.23656529,1.9025606,1.8440897,0.2767529,0.05611402,1.0526538,0.088855356,0.6237785,1.7228471,0.18584862,0.041333977,0.104361445,0.041341133,0.72950757,1.1776397,0.4323868,1.0991364,1.053575,0.7436377,1.7845172,1.3387746,1.5281334,0.044861205,0.54921496,0.8213082,0.26947302,0.86040866,1.554115,0.51798,1.2768701,2.1315055,1.7463639,0.75877005,0.17552535,1.5274136,0.9911647,1.3336899,0.07267379,0.5031714,1.6565772,1.1199297,0.31645194,0.1525758,0.72320586,0.729923,0.15902887,0.51309204,0.52999455,3.7217727,0.34257382,0.24007303,0.12977377,0.2997393,0.7711813,1.2397707,1.4411061,0.7284149,2.8801346,0.2540538,1.5679708,0.0933762,1.8857805,0.24928775,1.5327358,0.23920181,0.15715799,0.255058,0.98715466,0.4197505,0.304593,1.0276504,0.69705915,0.307187,0.04711385,0.9952273,0.52979153,0.9017991,0.13633421,0.6658314,0.91442907,0.40768513,1.7610595,0.97550446,2.1989424,1.6461858,0.41302457,1.6053292,0.08265811,0.5187641,0.7646124,1.5830673,0.51818794,0.30667904,0.29226908,0.95653296,1.2320119,0.5225355,0.16878174,0.38763037,1.8672451,1.6016817,1.1451118,0.40866795,1.5069225,1.3386283,0.2244875,0.87019116,0.19992408,1.7825497,0.29933995,0.682517,0.9672727,1.3575691,0.3931251,0.2729062,0.70601076,0.5406157,0.43768153,0.5834972,0.17872684,0.9345114,1.2829032,1.0819399,2.0047834,0.90370107,0.09775469,0.32806483,0.63584256,0.44657972,1.5235163,0.6345554,1.6364266,1.5871497,0.1329544,0.38842013,0.02278263,0.07932434,0.85640967,0.7942951,0.7920916,1.2273101,2.0512657,1.4871187,0.874512,1.4046973,1.9150182,0.471131,0.7249052,1.6294307,0.8983481,0.811713,0.93229425,0.3922959,0.6391099,0.34186542,1.7083341,1.0436485,2.856496,0.3707479,0.16380681,1.0435877,0.3076292,1.8933041,0.11634841,1.5902685,0.76007,0.1770829,1.5241609,0.36518174,0.85026455,0.23590955,0.85867417,0.32061678,1.7313387,1.8397589,0.51866436,0.9384901,0.8305013,0.07427352,0.11939609,0.8648512,0.81939834,0.87788194,0.16663712,0.87614346,0.9414085,1.8837068,0.92474467,2.0866058,1.8255906,1.0803332,1.6484789,1.1961588,3.4651473,2.573008,1.4622067,0.48316315,2.839986,2.3907611,2.5021942,1.1559054,0.014249683,0.31341588,0.8156545,0.9311022,0.9925675,1.5138115,1.4495864,1.451429,3.2639756,0.49120143,0.16200864,0.4404787,0.034826882,1.4879124,0.2163023,0.8241293,1.0863204,1.5694743,0.7749836,1.496004,0.71284366,0.42501062,0.97312,0.733506,0.8275374,1.0758412,2.7344534,1.054469,0.4461415,1.5418446,0.60196,1.9839412,0.82488,0.60121083,0.7795947,0.99707776,0.39302456,0.9754738,0.3214187,1.9803485,2.3768764,1.1115803,0.61945355,0.4984791,0.42487302,0.73937416,0.87645924,1.0893605,1.2521974,0.5923969,1.5077378,1.5308177,0.42701775,1.141612,0.693,0.16257228,4.176172,0.55706465,2.2679558,0.45875645,1.0357226,0.47794476,0.43034127,0.45595315,0.19812636,0.26087043,1.4592957,0.16913168,1.0917277,0.63955,1.2240503,1.1857569,1.0946585,3.469081,2.5037887,0.12615995,0.46301275,1.4023565,0.30338058,0.0985106,0.32049504,0.9024898,all_pothole_images\pothole_images_optimized_image_355.jpg
0.6797625,1.9185704,0.2940694,2.038158,0.14656165,0.19122186,1.1127346,0.32216302,0.34359246,0.6372384,0.36694998,1.4131052,0.7201414,2.0658195,0.49334964,0.48038867,0.4080911,1.590394,0.6964597,0.39402315,1.1885594,1.194538,0.7021784,0.12612152,1.6084498,0.42803323,1.1078155,2.9614563,0.2187971,0.11198681,1.0336356,0.05185414,0.27341995,0.00385624,0.3483582,1.3467002,0.011886816,1.0505908,0.8614721,0.33875453,0.0,1.0615091,0.08248619,0.41152737,0.25564256,0.12028807,0.7912677,1.1490422,0.01266879,0.07917156,0.15254086,0.12653579,0.7950293,0.19232446,0.020214077,2.4066076,0.6883224,0.01753538,0.34677354,0.18267663,0.64484066,0.27234313,1.3224831,0.15859142,0.9185542,2.4459817,0.40429413,0.31828937,0.00315519,1.8282509,0.41340896,0.076493226,0.058622412,0.071022265,0.0025210327,0.057392955,0.29804316,0.20100056,0.03890278,0.1884699,0.3543123,0.005775929,1.5214179,0.88492054,0.2562738,0.07717571,0.19920917,0.0,0.8370431,0.027792478,0.03929098,0.706832,0.0437875,0.22204503,0.3235715,0.285885,1.2054408,0.567486,0.52294534,0.40559572,0.31538546,3.0645394,0.5093431,0.3859838,0.5414159,0.037872247,0.087999865,0.42068753,0.10190653,0.19895487,1.9152911,0.4838031,2.3808672,0.2668675,0.96442956,0.023298886,0.069774024,0.068119474,0.26597092,0.8267816,2.2320585,0.02817297,0.88107055,1.3570213,0.521159,1.0092165,4.5049677,0.19458218,1.2095972,0.088725165,0.7781716,0.30061677,0.0013993769,0.12140834,0.8336421,1.3166485,2.0578835,0.03732723,0.6993534,0.28074902,2.405605,0.1921359,0.7248685,0.82075757,0.12946384,2.0922961,0.12003235,0.44412005,0.17140307,0.07924711,1.0763732,1.1553292,0.03190099,0.0651073,0.27443936,0.0494211,0.8482602,0.11095614,0.91128224,0.290809,1.1705656,1.4226357,0.11532968,2.01829,1.0128481,1.4701492,2.3548145,0.69584244,1.1444917,1.7745028,0.66443914,0.21922378,0.00975461,1.8039501,0.28193143,0.4069504,0.879875,0.82475,0.17131062,0.401449,0.14056218,0.48382115,1.7148166,0.08312349,2.660774,0.018783493,0.5736801,0.7198957,0.20801888,1.1646755,1.1382718,0.5434953,0.13687612,1.713137,0.91911876,0.00059059315,0.34365362,1.4550471,0.08454905,1.1373433,0.25334123,0.54435813,0.5172545,1.140016,0.13800156,0.07545968,1.085546,0.54954344,1.2840564,0.51130915,0.0,0.67641205,0.7810374,0.10156314,1.4223971,1.4410421,0.7662347,0.927164,0.36059874,0.33235085,3.4971685,0.19013563,0.5566442,0.113689505,0.009545402,0.18775362,1.7296017,1.063944,0.9098984,1.0485457,0.19072014,1.4801672,0.43611324,0.13515888,0.28982288,0.0022553564,0.77821636,0.45495045,0.76612306,0.409372,0.025030458,0.0,1.0955176,0.20376046,0.59974253,1.3571626,0.32721454,0.326851,1.0297235,7.1190677,2.0850458,0.3169157,0.115909554,0.3502875,0.023079386,0.52710074,1.2747217,0.29271367,0.6866372,2.3896108,0.12359753,0.08181599,0.58316886,0.06152533,0.038709607,0.7660816,0.8584437,1.0777727,3.9810896,0.6608681,0.15375172,0.97426206,0.3107065,0.17044725,0.5886953,0.6790276,0.036663692,0.8658858,0.43249574,0.54131854,1.7093359,0.09301664,0.71033645,1.0781552,0.5302509,0.2345523,0.70385385,0.20522627,3.2515137,0.21481909,0.0018408096,0.29470357,0.10247073,0.7957848,0.098851815,0.87092793,0.11956245,0.63368183,0.15765297,2.1123567,0.06668094,0.10190895,0.8179638,0.00508657,4.614095,0.0037231646,1.2174728,0.016076565,0.04642573,1.0669655,0.18980797,1.0623292,1.9441851,0.7738088,2.105661,1.7631327,0.55057615,1.5636557,2.87305,0.52317476,0.042322844,0.0,0.55914915,1.255778,0.6279259,0.042595264,0.21422586,0.0,1.4559164,0.21940677,3.2438328,0.096092194,0.4342788,0.29459676,0.08903387,0.0,1.8678421,0.4356498,1.1776626,0.37273067,0.0704732,0.31416538,1.1455523,1.1186147,0.7118398,1.1819682,0.40079337,0.31911474,0.86301655,0.5744825,2.824867,0.080103874,0.32053784,0.78829,0.11580903,0.074504994,0.13409875,0.9435113,0.0222478,0.04373692,1.1566459,0.9856181,1.5730311,1.1755327,0.0020372134,0.0,1.3224479,0.04371123,0.21198133,0.8518273,0.24366915,0.025087591,0.61171067,0.12243853,0.16153038,0.265919,0.040539574,0.6123482,0.92053354,0.36514428,1.1508003,0.30204818,0.22183178,1.3996106,2.0901,0.30260646,2.75466,0.11521713,0.04958428,0.5563798,0.8234334,0.22686344,0.059957534,0.28844416,0.11566011,0.843218,0.14785004,0.42320225,0.004359875,1.113435,0.321731,0.7129684,0.5540114,0.6871696,1.6997397,0.026196161,1.4127356,1.0908974,0.1719166,0.6657377,2.0770452,0.6341681,0.011881095,2.855235,0.96474564,0.91933924,0.5832757,1.0914093,1.2454505,0.52880514,3.6444416,0.014542566,0.6876443,1.1990775,1.8213514,0.118033096,0.43345585,0.9552904,0.8277502,0.19000855,0.59206146,0.26249203,0.0,0.43084225,0.29739472,0.8326725,0.10250839,0.60527915,0.19771782,1.2741168,0.13994639,1.4653363,0.17388627,0.044833317,0.2467911,0.00877356,0.7291873,1.9146694,0.38286075,1.2730392,1.9187996,0.20194976,0.5586734,0.2592495,0.11422111,0.60179734,1.3174589,0.14171083,0.26259464,0.20264794,2.446434,0.08657012,0.10985554,0.38901278,0.2351017,0.43704167,0.0014162489,0.0,0.055022445,1.4007972,1.2976267,0.573019,0.24753153,0.69065446,0.17999385,0.017149996,0.43829617,0.802425,0.86878735,0.09105546,0.0963722,0.44153544,1.1007639,1.334146,0.0006924995,0.4267568,0.07886679,0.023666406,0.46834072,0.19965175,0.022635782,1.5201113,0.028073564,1.0723214,0.0051050144,0.19162372,0.092507236,0.0671411,0.35967267,0.07312393,0.67327076,1.4958899,0.1755051,0.9909251,1.7738501,0.97388816,0.9361647,0.086304896,0.44406992,0.23252787,0.061080936,0.22758761,all_pothole_images\pothole_images_optimized_image_356.jpg
1.1215891,0.008851398,0.025955392,1.8388369,1.6156048,0.6051647,0.020136507,0.12564503,0.30766994,0.63388455,0.008132753,0.7737267,0.5515386,1.5875942,1.4733889,0.13658924,0.103357516,8.703812e-05,0.15892483,0.6404518,1.1593208,1.7570513,0.26726162,0.0,2.4415119,0.21760444,0.101017766,2.064987,0.3919508,0.21071975,0.29876295,0.065818764,0.6461451,1.8226655,0.413823,1.2904211,1.1319886,2.0941887,0.2952997,1.1245948,0.0,0.083507694,0.47765237,3.5335536,0.1710131,1.5602323,0.073729455,0.0,0.3476456,2.5906534,0.40139416,0.2665117,0.4654301,0.25398794,0.09468964,1.7661504,2.4531112,0.005800812,0.23704937,0.056525093,0.026537014,0.33190802,0.016956523,0.26871592,0.8926364,0.7529536,0.056738686,0.479509,0.40182292,0.27673173,0.35000074,0.016654871,0.28123498,1.2111477,1.7233973,1.0359312,0.0,0.103647426,0.18386668,0.17221151,0.045405485,0.20196103,0.21798111,0.30333203,1.2387832,0.31161454,0.24670522,0.7990014,1.3733642,0.697755,0.51659507,0.05983711,0.068631284,0.4038229,0.11731269,0.23335457,0.5728806,0.10055776,1.4981223,1.0275896,0.18396696,2.0529583,0.5713897,0.0236899,0.22010437,0.45588028,0.23719783,0.9200938,0.15404259,0.21095689,0.0103040375,1.3864807,0.75775677,0.6514536,1.2511357,0.63706464,1.8543477,0.5284881,2.9673293,1.584203,3.4372015,0.5396713,0.17662138,2.6011205,0.95857376,0.49531516,0.07061656,2.3467712,0.8919986,0.10625105,0.33097905,0.0,0.9693072,0.020659676,0.72633624,0.41245958,0.6016533,2.915559,0.46782196,0.046567257,0.29975504,0.039241686,0.49833813,1.0539407,0.23617211,0.3750973,0.709565,0.13980246,0.0,0.28553328,1.0709747,0.20433027,0.06898572,0.035699833,2.089913,0.82206583,1.1008801,0.1919498,1.4806976,0.087400064,0.5117722,0.47556,0.07771842,3.4787784,0.0,1.3990937,0.3485081,0.20961489,2.0140688,0.4577676,0.0,0.057071727,0.061821964,0.5108996,0.5292164,0.06978078,0.32099578,0.059899107,0.1778245,0.1462056,0.13458778,2.4165795,1.2785672,2.8741505,1.067499,1.029844,0.41023514,0.008582719,1.0338706,0.9590877,0.016723178,0.06707578,0.14069182,2.095442,0.2776605,1.1478655,0.88197494,0.07808049,0.24119762,0.38076553,0.6625609,1.425703,0.73462474,1.7875434,1.5762305,0.7797788,0.7817284,0.8472335,1.0254037,0.09345585,0.028258728,0.10764129,0.49834192,0.51037735,1.9711412,1.1347556,0.6903417,0.022099296,1.4310254,0.44174278,0.12341302,0.08696869,0.20068477,0.27521747,0.122328006,0.7370397,1.2136362,0.8468441,1.5705869,0.0011290042,0.2862793,0.13346015,0.4514069,0.3656409,0.080463395,0.16802901,2.1897256,0.0043181297,0.07228276,0.0,0.9583645,0.0046528527,0.030943116,0.62160724,0.42297488,0.14093132,0.063461125,0.7961574,0.3866927,3.0782788,0.07034217,1.378267,1.0963291,0.51788247,0.2585672,0.31722313,1.0314269,0.41102004,0.08650013,1.7899946,0.01629758,0.0,1.131367,0.6572935,0.5524512,0.21013537,0.096184105,1.2128215,0.139739,0.24059825,0.0,0.27626622,0.34177235,1.0166706,0.7978368,0.84492123,0.55401075,0.03649038,0.025929334,0.50111586,0.069461025,0.0044187107,0.65703034,0.0,0.94710886,0.09514511,0.5709574,0.106851496,0.48831382,0.46174613,0.6367896,0.1810846,2.113623,0.33035886,0.1232702,0.04656531,0.8539905,0.7356319,0.06637851,0.99781674,0.649049,1.7367467,0.035374615,0.84026265,4.963758,1.0798427,0.28177428,0.2609184,0.52482414,0.5953842,0.6339377,0.011302526,2.7937703,2.5681193,0.015388245,1.3015442,0.0,0.78874004,1.9866694,0.024762394,1.3381157,0.073562555,0.1735569,0.37035483,0.23750238,0.11103129,0.24931568,0.076793835,0.6310689,0.18716523,0.84413236,0.4856733,0.0,0.022722635,0.0,0.7251661,0.051829617,0.03825137,0.6722867,0.5595877,1.0730485,0.50247306,2.013362,0.02194831,1.7807233,0.20227876,0.116184115,0.17480381,0.44958115,0.33939648,0.5232416,1.3361919,2.1549554,0.110881075,0.097878166,1.2102298,0.2744312,1.0541897,1.6901522,1.9509761,0.120677345,0.05750629,0.14428169,0.39464772,0.4568625,0.9516994,0.97738963,0.022636345,0.72377247,0.0,1.9839747,0.11946482,0.08271122,0.15360297,0.21597542,0.326633,0.97892547,0.33197612,0.4333779,0.26660702,1.2660049,0.038899314,0.43988448,0.47953138,2.1893148,3.4731538,0.9103277,0.02716879,0.6034814,0.74961406,0.42193252,0.97254336,0.31711143,0.19713941,0.29220876,0.0073518325,2.739391,0.19372185,0.22787635,1.2146794,6.0645814,0.48848966,0.33804688,0.31988654,0.67679197,0.0035849332,0.2016539,0.8362279,0.28899083,0.32728046,2.5456564,0.40989703,0.5790289,1.3304166,0.021248594,0.106913574,1.3827684,0.0008010025,0.4791523,0.5291919,2.158236,0.37747413,1.0518367,1.3929839,2.4180007,0.044285517,1.0521548,0.7835459,0.29874796,1.6543251,0.6252814,0.09701379,2.1656168,1.0116541,0.724159,3.5268173,1.5332898,0.025806805,0.066324845,1.1462051,0.081977665,0.5499074,0.54226655,0.88409126,0.21538013,0.076004446,1.0708789,0.08825569,0.0,0.37493795,0.9352912,0.9049371,0.8356738,0.7191226,0.31145617,0.5427923,1.1802882,1.026114,0.6840714,2.3734908,2.080931,0.045922603,1.7751989,0.13959363,0.9371995,0.7017754,0.73899204,0.11695817,0.23093028,0.7266164,0.8207265,0.12371149,0.11896215,0.3754486,2.214512,0.005686065,0.385285,1.3659195,0.0,0.19254677,0.22581173,5.457387,0.49618372,0.9607623,0.21414317,0.15574445,0.0,0.2117521,1.1050421,0.29158884,1.7556666,0.3684227,0.43243337,0.34934708,1.0378951,0.39391163,0.0,0.39941195,0.6163677,0.3506841,1.2630901,5.470425,0.95628965,0.00643404,1.3455389,0.16271062,0.27569515,0.033430684,0.43008155,0.3925357,1.1281165,0.9233476,all_pothole_images\pothole_images_optimized_image_357.jpg
0.46217552,0.2552965,0.41197872,2.8291519,1.1448463,0.66564965,1.0832394,0.32695925,0.25940567,0.3234126,0.9946012,0.7248048,0.22449629,1.4134101,0.0,0.39767075,0.4623183,3.6829956,0.31657338,0.8776607,0.43622044,0.9414228,0.19539155,0.2118589,1.3885316,0.011660844,0.26563933,1.1269996,1.1698384,0.73308486,0.07402708,0.08202693,0.6819835,0.5947952,0.017882923,0.6337481,0.12234744,0.5348036,1.2798268,0.67055106,0.30620143,1.1938593,0.1035789,1.7495148,0.16200304,1.3849859,0.46033922,0.64735264,0.2355336,0.4255163,0.18870789,0.52131706,0.26485348,0.110604316,1.1183715,1.085694,0.4874837,1.225349,0.20666468,0.842171,0.77771145,0.52605665,0.31506574,0.4866659,0.33370867,1.0526618,0.75453055,2.7152684,0.77813065,2.0039995,0.9521355,0.20927577,0.079198495,0.97080994,0.6030322,0.0,0.74844563,1.1181412,0.18348686,0.92525494,0.0,0.14238657,1.794339,0.4618271,0.7454417,0.11883422,0.28168857,0.07792788,0.19755436,0.8435917,0.52196795,1.0264195,0.10110306,0.34765568,0.7650142,0.9394202,0.6040305,0.4889045,0.020354377,0.48882714,0.74734396,1.5832796,1.8935649,1.6972044,2.0363388,0.26397246,0.00509192,0.65035117,0.8698349,0.8920593,1.7087677,0.36368334,0.060604095,0.02197351,1.3126605,0.06483339,0.14076571,1.5149767,0.9406278,1.0467758,1.2163103,0.010454373,0.43258736,0.57556057,0.48990294,1.5132914,1.7091126,0.9327179,0.64261854,0.6885961,1.0492568,1.4042841,0.2806548,0.032974947,0.23712407,1.8967763,0.08667213,1.2573364,0.0047521116,0.6654861,0.19828905,1.3444408,1.6320014,0.23642994,0.48451668,1.2006167,0.023110384,0.45388302,0.33327538,0.38440716,0.51954734,0.6367308,1.6237575,0.6273372,0.98968536,0.22980951,0.002211137,0.02730589,0.7729314,0.36617234,0.6136488,1.3839256,0.10344669,1.7970475,1.7032771,0.24738152,2.711006,0.3534194,0.9996456,2.676174,0.70495605,0.315051,1.2835338,2.0829196,0.18187328,1.5340688,0.0,0.0010481909,2.6253176,1.1057719,0.9278502,0.9082426,1.866062,1.1254073,0.3595799,0.055430293,0.57172424,0.9911905,1.2925539,0.52012485,0.3796593,0.2947724,1.1079999,0.87466896,0.92065454,0.0,1.8687874,0.39711437,0.051901534,0.7868002,0.05067312,1.7044438,0.50022924,1.6450763,0.013315933,0.73091507,0.53525263,0.027091468,0.7537013,1.8298081,0.019151958,1.0608941,0.6402485,0.006183683,2.6801028,2.9644938,0.42816836,2.4114928,0.37907082,0.32508844,0.8572127,1.6072531,0.3417824,0.07224189,0.037477676,0.18284893,1.2078699,0.53747016,2.812725,0.046801146,0.75146204,1.637061,0.41200948,0.0,0.013392008,0.0,2.3327348,0.8182856,0.117701784,0.07363924,0.22729005,0.361468,0.9835638,1.1277367,0.00030955908,2.4794421,0.28050908,0.5835382,1.6905215,2.891364,0.9264357,0.14271751,0.17245714,1.241885,0.20253465,0.9720266,0.5691668,0.877073,1.2704722,1.460282,0.12337133,0.51345634,1.8133242,0.8909719,0.036728892,0.5495608,1.5899659,0.9111706,2.8570652,0.73901135,0.37368798,0.63163686,1.2412053,0.04544908,0.19233465,1.2457005,0.021409186,1.3961815,0.4422426,0.1624371,3.4069772,0.13003428,0.42364058,1.5657066,0.08995096,0.20240493,0.6284404,0.010983173,1.1772522,0.55994445,0.17152782,0.5220117,0.13071355,0.0124112945,0.6919418,0.21010567,0.08250057,0.55066246,0.0065331203,2.794334,1.1156381,0.107750006,1.0105183,0.3594579,4.2001495,0.017768279,0.7829764,2.6726348,0.66565627,1.0615913,0.23307472,1.2811284,1.6917527,1.1143869,1.196358,0.087813705,0.6266719,0.7748395,3.6612868,0.30087826,1.3323613,1.1329584,0.33936697,0.7786731,0.95746875,2.3455436,0.35824892,0.032906715,0.94277966,0.001939026,1.8978156,0.16946305,2.978179,0.77036333,0.06950995,0.0074560787,2.8235672,1.3323857,0.40731594,2.2983263,0.97655433,0.15574884,1.1368171,1.3488044,1.0347105,0.004345325,1.9966954,1.4639195,0.20010276,0.11290261,0.70425755,0.7819405,0.12588406,2.043813,0.003042897,0.16502583,0.32415378,1.5830384,0.034772802,0.28449994,0.7019827,3.5068617,1.3829358,0.46997193,0.7006781,0.0145748705,1.2722193,0.104665615,0.13969474,0.81716865,1.0233183,1.1657096,2.1552458,1.756632,0.26775193,1.0353152,0.17856306,0.8370808,0.8241295,0.31219214,0.17005777,1.016114,0.08268872,1.7751842,0.32533804,0.5392307,1.2571607,0.08677827,0.0540732,0.28484562,0.00620025,0.042947825,0.10797499,1.3448533,0.231407,0.56715214,2.2587166,0.06283719,1.1399255,0.23250195,0.29096732,0.32626525,1.9180665,0.4313599,1.510554,0.37063587,0.7817725,1.7155522,0.13252698,0.5095403,2.5506406,3.0426254,0.051568784,0.39184102,0.0050861062,0.21296363,0.10726294,1.2617116,1.0230578,0.40420488,1.0425326,3.1933985,2.4359176,1.7323931,0.52279514,1.7724147,0.2942345,0.026896741,0.24474147,0.10626596,0.19204828,0.31775528,1.5406632,0.28959215,0.6265517,0.72197014,0.4714599,0.055736583,0.22103554,0.09084858,0.15221944,1.5213612,0.028037183,0.46334448,0.45959207,0.021497615,0.38985646,1.9338646,0.35603043,0.204923,4.0422516,0.32243207,0.6577784,0.33402586,2.1694252,2.4241204,0.20924746,1.0062872,1.5431169,1.4855516,3.0447173,1.496771,0.38628113,0.882171,0.3909017,0.11608022,1.1925671,0.01035616,0.35880283,1.9794872,2.8016195,2.3844137,0.0,0.57553667,0.012367117,1.4015505,0.072666585,1.4890182,0.96370596,0.07150786,0.1398221,0.53677493,1.1413238,0.72020113,0.026028661,0.48956975,2.1598537,0.06851223,0.9262022,0.3736598,1.3512744,0.96018374,0.1831711,0.15360877,0.0034151578,0.53681177,0.20062488,0.118637085,0.15619344,0.9369166,0.4642979,1.8227236,0.31507578,2.098948,0.41148663,3.298531,0.7477792,0.40512964,0.29604852,0.4626176,0.005538348,0.04766725,all_pothole_images\pothole_images_optimized_image_358.jpg
0.8796293,1.1489227,0.67423,1.0436239,0.847713,0.6334217,0.48541513,0.16333938,0.0,0.45665413,0.65182036,0.13032734,0.2685098,0.60682786,0.034097,0.017760584,0.02223832,1.234176,0.19421491,0.41515967,0.2789616,1.7077494,2.3627646,2.4148545,0.2713366,0.64101446,0.034549005,1.5312207,0.20840956,0.3305719,0.7680466,0.0,0.94469595,0.40512964,0.7512857,0.2157657,0.5634682,1.1433476,0.17113537,0.08143294,9.502583e-05,0.08551453,0.72067624,0.70563567,0.78102237,0.009271043,0.8393911,0.12444795,0.0,0.107524276,0.33364132,0.2638871,0.44907582,0.15437752,0.22526005,0.36225325,3.2363412,0.08969817,0.044972233,0.6342837,0.13940312,0.9431689,1.3091996,0.5162333,0.6821946,0.7979267,0.10638095,0.05729347,0.22649024,0.37904015,0.030356718,0.60259664,0.09093777,0.16986258,0.25744772,0.115820535,0.044540986,1.173847,0.002892964,0.415201,0.07896908,0.1486889,0.035610892,1.4794998,0.31381002,0.62178636,0.08680547,0.08759744,1.0008324,0.36298877,0.3238268,0.57086045,0.20038958,0.008928981,0.11916095,0.0,2.4435432,0.5232854,0.41236576,0.17135175,0.14744419,5.385801,0.95427513,0.010785119,1.5371294,0.36523342,0.0024640737,0.7649283,0.24950796,0.3469653,0.09307859,1.4612212,1.073027,1.476673,0.01387665,0.70973855,0.87691194,0.005365686,0.2950555,0.69318295,0.9267278,0.33057746,0.402617,0.90158266,1.6427004,0.63907945,0.5406638,0.36214796,2.2143726,0.2083924,0.27540186,0.029381013,0.25899386,0.46161145,0.24776119,0.89636946,0.0024911524,0.8531317,0.5059502,0.09599948,2.5463367,0.57632244,0.3115917,1.7566438,0.3296008,1.3662487,0.12916571,2.001643,0.01823466,0.0,0.59411764,0.6617162,0.47717634,0.13780347,1.7359254,0.19377469,0.4090528,0.046212137,1.0144441,0.45030335,2.0011072,1.472466,0.13420625,1.4522128,0.13742167,0.0,2.3394036,0.20835038,0.23713364,0.6259338,0.63282055,0.15646791,0.0,0.0630214,0.75103873,0.13021637,0.6782812,0.0,0.2488549,0.22497702,0.50526154,0.18717672,2.2081242,1.0333776,2.723593,0.0,0.012349376,0.07949506,1.417234,0.0685053,0.41230947,0.3677541,0.06290878,1.876501,0.014649317,0.14915894,0.19012834,0.66353476,0.44145116,0.46329492,0.31504065,0.25463113,0.88432753,0.059028663,0.3488126,1.5873291,1.1587608,0.75492656,1.1560347,2.2766123,0.0,0.3815314,0.24756928,0.50378305,0.8287257,0.07278781,0.869523,0.3209211,0.424719,0.029902833,0.0729341,0.35954934,0.60394245,0.079122625,0.0072746286,0.030263202,3.3018632,0.081971265,0.31205767,0.009788636,0.20567197,0.008231827,0.24057923,0.79634917,1.3179439,0.0,0.8174566,0.09191475,0.15363362,1.2730873,0.25757816,0.13058576,0.8523084,0.20445156,0.18198878,0.0,0.70411223,0.26557028,0.4434886,2.673102,2.2377613,0.008542771,0.26297447,0.0829066,0.17217633,0.060227197,0.32334855,0.104776576,0.0075607747,2.6676085,0.6100395,0.011684231,0.0,0.2087286,0.49541083,0.10508001,0.5004512,0.45794412,2.3474064,0.09719073,0.14376946,0.11050219,0.123154595,0.59971035,0.09966106,0.3208083,0.15535983,1.3631619,0.9460217,0.80206895,0.69335735,0.024374112,0.22563154,1.41575,0.18309018,0.05896368,0.20388581,0.041952576,0.3129162,0.58759254,1.0356638,0.12837262,0.16127597,1.4035354,0.025304731,0.5269844,0.6350537,0.14722984,0.27095282,0.48480847,0.6774097,0.35055885,0.028301574,0.074797496,2.9610279,0.1054529,0.0,0.07324475,0.0,0.035138033,0.12974124,1.7079505,1.8100667,0.46498,0.3955676,0.12287022,0.13682327,1.11315,0.9716307,0.3233282,0.3853445,0.072017096,0.40194756,0.24272296,1.561403,0.21108286,0.8757721,0.2950234,2.166931,0.06859442,2.6193728,0.12490421,0.9265306,0.07572506,0.017651778,0.104898006,1.0171719,0.25453103,0.35561016,0.21592426,0.5331077,0.24174653,0.7945148,0.12216835,0.45213106,0.044347413,0.5308619,0.119436175,0.0029110075,0.3807293,0.046274867,0.3496393,0.41224784,0.10550712,0.38279334,0.3026783,0.17897367,0.63513815,0.0,0.39562872,0.12716135,0.8036765,0.35673994,0.49859175,0.0,0.105172366,1.1966087,0.7978078,0.7654575,0.037303705,0.6006133,0.012974911,0.47801578,0.0904818,2.167377,0.433797,0.31801596,0.45296943,0.5321968,0.543528,0.15236205,0.0096827485,0.20341851,1.5210755,2.7402449,0.18343264,1.7915609,0.029168146,0.0,0.108167976,0.19172955,0.71242976,0.0642677,0.52835727,0.3287013,0.06607843,0.4074169,0.006913617,0.19911022,0.9150582,0.38236642,1.7668952,0.58246446,1.2497838,0.07313361,0.41889793,0.50059885,0.23312296,0.38763732,0.55082864,0.07935819,0.15469587,0.0076875,0.2807674,0.106109664,0.8528221,0.61419916,1.7007747,1.225252,0.090690814,0.22130315,0.7471631,1.2443936,1.7675496,2.0379317,0.37733412,0.8255109,1.2453985,1.5268866,0.3205232,0.75801337,0.276863,0.0,0.0816633,0.043881822,2.3040836,0.5500872,0.34363636,1.3936255,0.6282914,0.35169446,0.47261608,0.15197322,0.20455252,0.009194618,0.14210185,1.0917728,0.6574684,0.13906018,0.897679,1.3054502,0.13160801,0.33734652,0.22831243,0.0320474,1.1076322,0.688518,0.007469226,0.03879188,0.32832322,0.4703349,0.37698874,0.4310241,0.2660336,0.47603494,0.031341217,0.0062368023,0.015067757,0.5538411,1.890125,1.5524292,0.24868165,0.254208,0.7443606,0.8254497,0.10239739,0.8058385,1.8301325,1.5180172,0.41434088,0.43960613,1.2562385,1.1700904,1.5486908,0.0,0.3226185,1.9160022,0.030737083,0.58992726,0.0,0.41094348,0.8672949,0.005471384,0.30788854,0.03866352,0.041986328,0.56552005,0.112306066,0.34584394,0.0,0.16676432,3.3239782,0.56425935,0.68280894,0.002302624,0.4685232,0.14546922,0.34847608,0.095841154,0.50281507,0.33799034,0.08737006,all_pothole_images\pothole_images_optimized_image_359.jpg
0.90213215,0.7756979,0.14866701,1.1252656,0.4350895,0.3891832,0.4001048,0.2276194,0.5977627,0.0716406,0.45069364,1.0832099,1.0148338,0.020638708,0.05808436,0.115978464,0.009702509,0.6900559,0.15107991,0.35172933,0.095494635,1.1847801,1.4387898,0.67101705,0.17708285,0.2005108,0.61469525,1.0370362,0.003988235,0.7530384,0.44294763,0.42657635,1.0975878,0.5732734,0.06648971,0.15552364,0.009344965,0.12421434,0.34145203,0.039107915,0.10212628,0.8178462,0.05966962,0.3097452,0.72263587,0.0,1.0020466,0.05333177,0.019426405,0.45934957,0.7578751,0.85838395,0.8784575,0.1514984,0.16417715,0.038077205,0.73457587,0.6742709,0.64950025,0.24890888,0.021823557,0.42337942,0.7085466,1.783817,0.98720115,1.0761098,0.023213219,0.76321995,0.0,1.2007611,0.008717055,0.873187,0.46025208,0.028354764,0.22778472,0.9184349,0.13230918,0.48434258,0.0034668664,0.23582548,0.3434315,0.5982297,0.15580052,0.6897863,0.32939744,1.2064866,0.8452767,0.25523722,1.5386891,0.34676823,0.018795889,0.98308975,0.729983,0.2332922,0.21630277,0.11208716,0.5595938,0.17456554,0.04304749,0.0,0.0097277835,0.8078344,0.1290566,0.007774239,0.5057546,0.06848082,0.7248256,0.418093,0.85345995,0.26651412,0.2959782,0.9493559,2.4536798,0.43331552,0.23261061,0.79921806,1.1700034,0.017513826,0.24324156,0.9145412,0.06533967,0.19116248,0.9160363,0.3686112,0.9880234,0.77112985,0.03907941,0.023603346,1.3920587,0.04952868,0.19499986,0.16172537,0.062318362,0.25164706,0.26261145,0.10441751,0.1569017,0.21642858,0.49500588,0.52207065,2.4822295,0.5075835,0.06576347,0.7746012,0.19800392,1.8114456,0.0,0.038217254,0.4069181,0.093596205,1.2302817,1.2054049,0.30810714,0.042477358,1.1015418,0.28891742,0.32346958,0.12581389,1.6343421,0.06779551,0.6518813,0.7861895,0.005362305,1.8589969,0.675258,0.036348,0.6610038,0.21598296,1.149103,0.4949014,0.056242026,0.0,0.047300734,0.0057148943,0.64548224,0.4035256,0.19702332,0.0009941697,0.20399557,0.4621451,0.010406402,1.2609019,2.337766,0.23102838,3.0781782,0.0015646152,0.051348846,0.22549705,0.1982686,0.19609085,0.917658,0.027874846,0.0089981295,1.5489727,0.003101805,0.045011617,0.102180846,0.44892484,0.08926218,0.9676431,0.6660114,1.3471727,1.3159637,0.26872745,0.99660045,1.5745821,0.7557896,0.6404025,2.601659,0.5965398,0.0,0.28909072,0.0972771,0.09167256,0.12978783,1.5198091,0.43984798,0.18908018,0.8113061,0.619921,0.69575965,0.67575926,0.572997,0.09724859,0.10327633,0.23917443,0.56230444,0.0,1.7141845,0.022025172,0.7705011,0.4179535,0.024516616,0.6772401,0.86028254,0.027973652,0.6700065,0.08779377,0.66213304,1.1124198,0.30855766,0.0,0.25600305,0.051044494,0.0,0.21908817,0.8588329,0.06210359,2.0265913,3.9653971,0.6263778,0.11925653,0.42918548,0.21668613,0.047808014,0.15773457,0.5732455,0.10051402,0.08382946,1.265351,0.28505713,0.5903565,0.09884641,0.114272624,0.324834,0.87762713,0.29476273,1.6844118,1.7027193,0.014335525,0.13886671,0.24112292,0.05793839,0.10277082,0.07463762,0.4858186,0.74275625,0.1158693,0.2845021,0.23032095,0.18244475,0.3140595,0.19155495,0.5189354,0.38677487,0.1289836,0.21813494,0.06584869,1.6153779,0.39893177,0.5341982,0.11098799,0.1930427,0.9326374,0.004182523,0.09019239,0.5598399,0.6205854,0.25437972,0.6853854,0.55860335,0.037949823,0.16553637,0.23096329,2.8208394,0.65510947,0.0,0.45012748,0.006480196,0.3422044,0.0043794876,1.0683306,2.955491,2.6012597,0.15511937,0.03293394,0.036947034,0.97541076,2.6545658,1.4292297,0.78743446,0.24939092,0.0,1.1089904,1.3510426,0.71015835,0.77725345,0.12355367,2.410857,0.0,5.2299104,0.2040619,0.6730846,0.3042302,0.024270289,0.075854994,0.73534673,0.005531119,0.13796706,0.32645783,0.48139945,0.5137788,0.7438113,0.066449575,0.18251312,0.8972556,0.72699064,0.011571493,0.025088921,0.30864373,0.7279696,1.2781954,0.29904068,0.26373827,0.17110203,0.4424935,0.14840959,1.7265753,0.028402345,0.9296716,0.09750511,0.00206926,0.45319596,0.8193934,0.0,0.024563331,0.18981318,0.3251625,0.49489775,0.14484884,0.5516657,0.17940174,0.124627404,0.24407564,2.0124958,0.70194054,0.0013581566,0.37804863,0.9101806,0.27308103,0.032328866,0.20566414,0.06078401,1.8655996,2.7956088,0.93765676,1.9936006,0.06300948,0.11604954,0.9962815,0.23773989,1.4041215,0.91249317,0.75163907,0.0460769,0.123610675,0.027999986,0.5632091,0.07122994,0.76978934,1.0704564,0.91363674,0.14232528,0.76501054,0.30165133,0.51575845,1.2442929,0.18938555,0.15076032,0.39573103,0.25701484,0.7498748,0.32533592,0.3661898,0.41704515,0.109974004,1.2398016,0.23719908,0.52869445,0.060280878,0.53851163,0.21379949,1.3015238,0.93287885,1.5488822,0.15806559,0.22206944,1.139167,0.13187638,0.011017809,0.39130515,0.3244688,0.011754357,0.092398606,0.104124084,1.373613,0.68982667,0.20647004,0.57368225,1.185797,0.1644623,0.22938615,0.33509484,0.47381738,0.47856814,0.066575184,0.15759435,0.7466186,0.09526012,1.3179517,1.7680147,0.24518271,0.25736967,0.441691,0.8964484,0.0844356,0.76003146,0.14969495,0.28718188,0.2766677,1.7966896,0.7171715,0.4806753,0.023515446,1.2351135,0.06274761,0.0,0.0,0.14225747,3.3262434,0.32494187,0.14286606,0.4530715,0.18423706,0.3654098,0.127264,0.03901195,0.38658056,0.1882178,0.28172472,0.17386049,1.5327847,2.1483307,0.49604622,0.047758788,0.17073806,0.6198879,0.1728767,1.0622481,0.0,0.0,1.2746607,0.14793055,0.24980514,0.43485036,0.0,0.36602122,0.0,0.032101743,0.18058567,0.3667763,2.1116397,0.5855347,0.327334,0.24015856,3.2085145,0.13669306,0.5000929,0.3555746,1.4802421,0.21982868,0.15107374,all_pothole_images\pothole_images_optimized_image_36.jpg
1.3998789,0.4734119,0.3619053,1.6893232,0.68655443,0.423773,0.30654716,0.35906866,0.0041481233,0.60506284,0.118439496,0.93418866,0.10701756,0.5809774,0.0004886781,0.078599036,0.05916984,0.72155714,0.26649532,0.15885146,0.15377684,0.90517145,0.52722913,0.2058983,0.55939156,0.80288744,0.5595578,1.4784303,0.031141026,0.30136597,0.3105195,0.03905873,1.0304708,0.81212145,0.122614615,1.6818581,1.0310401,0.7529557,0.09753956,0.9999185,0.3671415,0.8800154,0.76723605,0.850884,0.27927947,1.1742182,0.58980864,0.03261588,0.31818265,1.883519,0.4054592,0.19867808,0.21366267,0.022853082,0.15465583,1.1709158,2.0178273,0.15335284,0.34114066,0.01830754,0.14254512,0.5964786,0.3584863,0.1964652,3.0547872,0.851677,0.05631565,0.46652082,0.0,1.1743009,0.44461715,0.053849284,0.053142205,0.78760034,0.07906954,0.26327485,0.17420559,0.36678886,0.050833326,0.3117639,0.19156833,0.040965706,0.20426433,1.8587471,1.2107375,0.09512199,0.0063227993,0.19361728,0.8951521,0.25728962,1.2229536,0.33174646,0.12869276,0.18462977,0.11043928,0.029018963,0.75433505,0.06715365,0.36617902,0.21848345,1.0511495,4.6791763,0.1307841,0.00462379,0.6869277,0.010787375,0.04373422,1.3814819,0.060342047,0.40511414,0.0022056364,0.04856593,0.357415,0.022376703,1.5901277,0.5645875,1.0053864,7.985871e-06,2.100273,1.7029269,1.4810119,0.10825891,0.3454356,1.0203645,0.24887909,0.72016853,1.6886462,1.68047,1.3277934,0.020621415,0.5106188,0.038470313,0.16433208,0.012616409,0.54649425,1.0605007,0.23006532,1.1529663,0.2713391,0.07031875,1.0467178,0.040160075,2.091961,0.67509186,0.13959007,0.9424671,0.015470553,0.31520137,0.5649081,0.03761562,0.63772607,0.80858237,0.26882127,0.02949997,1.0640315,0.5543603,1.7266783,0.50853765,0.578194,0.31138095,0.26737007,0.5290156,0.18762603,1.3431373,0.024669055,0.4254271,1.9299439,0.35058752,1.5742122,0.3789977,0.3139359,0.7918621,0.027392859,0.40595463,0.46463928,0.07798529,0.21810031,0.26202866,0.20492229,0.29379666,0.21364644,0.8514644,1.5855074,0.8040404,2.7873316,0.0,0.04509885,0.73190457,0.22461493,1.8244843,0.20132479,0.765568,0.31562215,1.1386861,0.24949247,0.0,0.49502182,0.55885565,0.78581035,0.037847225,0.5667191,0.6479071,0.6205729,1.1814389,0.3057691,0.34334692,0.207849,1.0945491,2.3603463,0.6965312,0.0,0.12604313,0.4984434,0.592777,0.81826717,0.59782034,1.6971853,0.041899446,0.18232042,0.61592656,0.7127218,0.2780365,0.16192204,0.13133971,0.18544656,0.9075732,0.9423561,0.30092454,1.6822705,0.43028438,0.7372504,0.36799088,0.38104987,0.0114595415,0.35517508,0.0,1.6733726,0.26209176,0.06778984,0.6344766,0.66867656,0.07938551,0.3321471,0.8987573,0.09327887,0.28715745,0.39491597,1.00198,0.36981916,5.2846704,0.5317325,0.15317932,0.6578272,0.64488906,0.0,0.81923723,0.99359286,0.0,0.4156107,3.6597214,0.37526727,0.089823484,0.74859273,0.9257694,0.053252593,0.9924159,0.22570826,0.9455031,0.86993563,0.3169496,0.088917494,0.13568312,0.26566476,0.14976847,1.2074386,0.074464,0.024871353,0.066301264,0.4627269,0.7569725,2.5086997,0.67415017,0.3650369,0.17189728,0.44552454,0.51570463,0.19937077,0.20664142,1.118161,1.0150492,0.40524596,0.23560897,0.12661652,0.85924846,0.019928657,0.16431688,1.580043,0.369397,0.028394163,1.0960721,0.20329615,0.5820285,0.74985754,0.105470434,4.7569,1.1799371,0.267741,0.046341237,0.16323575,0.55291647,0.60004246,0.39691886,2.9182506,1.5352526,0.70446163,0.47144458,0.19064963,1.7626086,3.1016848,0.66793734,0.9687279,0.065693565,0.5506448,0.10009054,0.16175672,1.2973007,0.06405161,0.1782898,0.6472348,0.14106934,1.6680713,0.13424695,0.29031786,0.0058976593,0.29731005,0.15555844,0.9165459,0.015640311,0.21598536,0.10293274,0.38181826,0.22365247,1.0204926,0.056670878,0.023771584,0.089669734,0.066127986,0.105980806,0.4890406,1.3472549,1.063075,0.2880201,0.34415016,0.62842965,0.6774967,0.36961776,0.5376927,1.8935251,0.13919419,1.4650877,0.5084188,0.17111555,0.3318785,0.10411511,0.0060123494,0.24736747,1.0169265,0.006375633,0.80271816,0.76159215,1.089689,0.17461488,0.60473883,0.28019655,0.4715289,0.5681485,0.4627191,0.30035537,0.13872261,0.78957146,0.9580414,0.009735725,0.29988426,0.11044665,1.8790066,1.1578732,2.717483,0.12269667,0.5135074,0.1739469,0.12254605,0.28385976,0.43669903,0.4430363,0.0,0.10234507,1.0684907,0.17940854,0.08950342,0.24424753,0.44742203,0.76067007,0.5170889,0.12660049,1.5892636,0.21553713,0.27866915,0.18865651,0.33441392,0.0069304486,1.2356282,0.66188186,0.057842158,0.047687724,0.0022036114,0.29563984,1.4353948,0.6132397,0.86172587,0.010857519,1.6282132,0.7963721,1.4540659,1.0560676,3.2845166,0.32240686,0.6645839,0.61145145,0.23058128,0.5411555,0.105427936,0.4004354,0.13806695,0.63540936,0.0871781,2.3644426,1.2016162,0.55043215,0.25661296,0.6577891,0.8521384,0.7915929,0.011384439,0.08646089,0.6866976,0.08639078,0.72099024,0.09478035,0.29412916,1.0294522,0.79336154,0.019324986,0.4163844,0.12414642,0.5323384,0.8121285,0.29795232,0.94091374,1.5628603,1.9864244,1.875079,0.36799824,0.8798953,0.17168772,0.38403982,0.042120274,0.28859282,0.09556959,0.5407096,1.1661162,0.5503192,0.6064748,0.23794581,0.25438747,0.42584854,0.03524488,0.17746054,0.87636673,0.80547243,0.00079403096,0.11734703,2.5021696,0.6909706,0.4703391,0.040155824,0.28700587,0.46220803,0.1968974,0.82736194,0.30481783,0.38841853,0.7680988,0.8189588,0.7395133,0.8159754,0.018443821,0.28285655,0.16491133,0.37016147,1.676763,1.1457541,5.969407,0.080270365,0.03405676,0.3562654,0.2088816,0.04755717,0.0,0.3541188,0.70642275,0.39963582,0.82968175,all_pothole_images\pothole_images_optimized_image_360.jpg
0.8914421,1.0498786,0.27452308,1.0661467,0.21260294,0.14672743,1.0390003,0.23825042,0.05010664,0.5400333,0.30896017,0.2591108,0.31845236,1.4573996,0.19271386,0.3058825,0.0025119875,0.72727,0.30682245,0.020519115,0.07348343,1.1183721,0.32153237,0.7018529,0.16901545,0.7866275,1.2010112,1.3696544,0.4157969,0.03806424,0.25861496,0.16644353,0.4459952,1.1850216,0.32989016,0.8215195,0.13563767,1.3462479,0.031022694,0.74285877,0.008591016,0.005779646,0.37678686,2.842677,0.115292594,0.0554555,0.25615403,0.023519551,0.46972096,0.14644413,0.53772247,0.44554472,0.36542797,0.3111206,0.008282019,0.87211835,1.6098065,0.04357292,0.9449792,0.07031594,0.0074656396,0.3174834,1.1370404,0.24298395,1.1508585,1.8881152,0.5101817,0.051593836,0.15562992,0.3556298,0.11831126,0.5322635,0.36158398,0.25027052,0.18777932,0.40586355,0.09993532,0.31966355,0.27291256,0.447839,0.14886938,0.012172867,0.7326,0.95723104,0.34190252,0.089214645,0.10152984,0.29066414,1.9594394,0.51429045,0.72250503,0.15386459,0.034723297,0.1407727,0.016022002,0.49376503,0.1018763,0.8641091,0.4894519,0.053525828,0.0028181055,1.4283226,0.3552782,0.1358143,0.78568155,0.80835974,0.1197968,0.22484589,0.97744954,0.48594213,0.1279979,1.236277,0.16645502,0.67354494,0.69676495,0.23555592,0.72673243,0.09111167,1.4194983,0.8013815,1.3571712,0.69285005,0.4159068,0.9324329,0.08615061,0.26486528,0.0,0.27370253,0.45104578,0.5887809,0.473509,0.047873072,0.24943367,0.2610006,0.06661298,0.04349658,0.15782079,1.1800132,0.078603216,0.29359254,0.23386823,0.08691244,0.6445575,0.5789681,0.057100903,1.3642621,0.15894997,0.19415967,0.30099726,0.5887604,1.1901468,0.5318552,0.073051065,0.0,1.848375,0.3471628,1.045098,0.37917468,1.1593099,0.13443008,2.070303,0.5688959,0.063676864,2.6623516,0.4045035,0.0736952,0.45260876,0.56379175,1.2387037,0.20144413,0.22013555,0.43076712,0.016472852,0.4731054,1.1675278,0.79212517,0.34733316,0.0951302,0.23822506,0.044469863,0.06680726,3.2297206,2.0683374,1.0014149,0.6820946,0.84111506,0.031190334,0.16132268,0.16950487,0.38059577,0.05451823,0.41881728,0.75033015,2.2432292,0.05608788,0.037825633,0.43456694,0.7653909,0.03034403,1.0679449,0.27967358,0.39865673,0.31573328,0.9823871,1.1267841,0.35088608,0.65753746,0.81671983,1.3042958,0.08730787,0.018797189,0.7042733,0.4474626,0.6685474,0.24461426,0.7743597,1.2048346,0.11304163,0.44504622,0.0039949585,0.6676409,0.006816006,0.6489281,0.36313456,0.1976745,0.50652146,1.5860324,0.20625772,1.6282333,0.6778726,0.043520506,0.26572078,0.039530504,0.19115922,0.16053706,0.0,2.857953,0.15765911,0.004132497,0.38970533,0.10386895,0.110459864,0.018393349,0.18871066,0.47645792,0.0,1.0842844,0.21164112,0.5638212,3.6637719,1.7699821,0.22254114,0.03184912,0.22255765,0.48564357,0.84357375,0.8328345,0.039159372,0.4909666,1.7327535,0.4591926,0.28386223,0.5375514,0.737059,0.31486887,0.95810676,0.07582802,1.2486815,0.13380276,0.118007,0.04167056,0.1828739,0.105163515,0.28528956,1.2685544,0.3583046,0.35780996,0.068535715,0.41730276,0.22804555,0.4692082,0.12495629,0.2660518,0.16352332,0.22203366,0.61713487,0.46890453,0.02356081,1.0262885,0.31201878,0.20611568,0.024344508,0.2710842,0.5416883,0.18513548,0.181822,0.43580225,0.8576825,0.25229204,1.5902524,0.6237343,0.45842454,0.031415086,0.113197036,5.8519673,0.15155976,0.1902871,0.181082,0.009104423,0.13293572,0.49090442,1.5612683,1.5346321,1.0638684,0.31762,0.24784154,0.39257345,1.0740925,1.7219269,0.22288711,1.2403995,0.027846523,0.16511366,0.101577505,0.18294251,1.24813,1.0045371,0.018312832,0.7083699,0.13275467,0.7751468,0.016676133,0.008909678,0.019943105,0.09726302,0.44359583,0.61506027,0.20980129,0.79746425,0.2773799,0.17538416,0.9649408,0.3406959,0.2586706,0.09171853,0.03588347,0.054964192,0.30535868,0.42405677,0.16756287,0.7308601,0.8632028,0.4872331,0.08573387,0.057583656,0.49168766,0.29573542,0.7557656,0.18942292,0.29119056,0.6712528,0.28029177,0.3832873,0.03009849,0.43535194,0.19616006,0.8398932,0.14149207,0.77283525,0.24363984,0.8916745,0.63285273,0.7051212,0.041937906,0.9726713,0.3771066,0.18343537,0.030593086,0.44528836,1.4805545,0.4117715,0.02464356,0.043065168,0.15689166,1.7226219,2.1971967,1.457657,0.0024886196,0.18265434,0.32411283,0.38835454,0.7618559,0.19046466,0.5419525,0.21710162,0.42690474,1.4035951,0.6104824,0.28089654,0.111103505,1.5784439,0.64004517,0.26658475,0.27172276,0.24466312,0.061119735,0.19028917,0.6506175,0.0,0.98613715,0.47083244,0.5668458,0.14217976,0.3125452,0.0,0.0064138244,0.46461892,0.58684057,0.115378544,0.0,1.8292816,0.31605896,1.5487168,2.9271762,2.452172,0.49609044,2.7069116,0.60857445,0.25463957,0.47261202,0.27401996,0.25309104,0.29975727,0.26596534,0.22929008,2.9986694,0.20147043,0.3901296,0.29484162,0.5876899,0.54818815,0.25944716,0.11053922,0.23306653,0.6666993,0.0,0.9347539,0.2179991,1.2289164,0.7980009,1.2251562,0.06421362,0.15023173,1.06159,0.56794673,0.6693962,0.4516911,0.5979988,0.00039585543,0.6637482,1.8749868,0.38205943,0.75046444,0.3001315,0.54286355,0.023896467,0.061905503,0.065630145,0.021106416,0.4631694,0.6769239,0.15670086,0.5868493,0.049901392,0.05805835,0.51816195,0.110317215,0.8292334,0.029093504,0.15649953,0.6493587,2.607188,0.15299678,0.5172981,0.250013,0.23125944,0.29143506,0.70318073,1.1885929,0.057928476,0.04768554,0.08194689,0.030279407,0.21924987,0.15753378,0.15281865,0.0,0.0029944207,0.020627372,0.26581696,0.28601882,3.1018128,0.47423583,0.5932503,0.11835259,0.98604715,0.06357721,0.14035748,0.20083529,0.67977095,0.105756395,0.673562,all_pothole_images\pothole_images_optimized_image_361.jpg
1.984644,0.20915212,1.1984059,0.66875327,0.98378134,0.27690765,1.1931195,0.68769974,0.27172065,1.8661984,1.2447822,0.6728167,0.7439535,0.44241947,0.7630939,0.39442214,1.0092031,1.4098781,1.0256482,0.2443502,0.5605416,0.3590331,2.536271,2.8974059,0.6094979,1.8256246,0.18731144,0.043677732,0.51787466,0.17924258,2.4929056,1.0773573,0.782628,2.4092216,1.4071498,1.7395911,1.2464495,0.7626149,1.449608,0.47837284,0.08133818,0.31744587,0.70125985,1.1437263,1.2740211,1.114261,2.0211985,0.26082465,1.5512269,0.97906506,2.1569788,3.6833906,3.351824,0.1369919,1.3196881,0.13342752,0.69693583,0.6186843,1.0590794,0.44978377,0.47612807,0.44554013,0.90028954,0.47819394,1.0146712,1.1370565,0.21560843,0.4820763,1.5247515,0.010017508,3.0580802,0.7720968,0.0075919074,1.32117,0.009530231,0.15377623,3.00584,1.1484305,0.1647116,0.9096062,0.92422515,1.3409551,0.1652748,1.4111928,1.2368952,1.5485231,1.8437482,0.28934315,0.6004574,0.7743756,0.93859667,1.2776382,0.7039137,0.25825542,0.061190844,1.7943878,1.6430496,1.0954378,0.39109263,1.1351061,0.31018904,0.9021193,1.7312952,1.694412,0.9737062,1.8418981,0.7451209,1.6854341,0.3476302,2.1766727,0.14695929,1.4740367,0.9975455,1.7785584,1.5540156,0.21022342,0.79622954,0.05285459,0.92848647,1.574999,1.5788666,0.81680423,0.6371225,0.6901085,0.2501951,0.037222542,2.0964963,1.3302329,1.2977142,1.3611985,2.1915712,0.061417326,0.22316243,1.5697031,0.0071865073,2.2858806,0.17147875,1.4316927,0.5434761,0.5793093,1.28567,0.5756482,0.71326435,3.180655,0.83621216,1.0730054,0.5751145,0.65562564,1.3528103,0.3533982,1.2391515,1.7390931,1.363431,1.7137706,2.1106346,2.9293652,3.2887893,1.2869332,0.5786917,1.0630655,0.4732482,0.6673269,0.123392485,5.5647783,2.3642938,0.030574715,0.38865536,0.5586573,0.6913941,0.52359533,2.449267,1.3892131,0.15615939,0.054771494,2.572247,2.2794468,1.487435,1.0045198,1.0520774,1.0037376,0.22834358,0.48702857,1.2812195,3.1196413,2.952618,0.21933486,0.1177883,1.2556325,2.170334,0.6693421,1.1156391,0.38055426,1.9262273,0.94255626,2.4189324,0.3180992,0.33844355,0.3372682,0.4293968,0.34033102,0.6570422,2.3437204,0.5963731,0.3774358,1.706026,2.3496938,3.2541323,0.34482396,1.2184293,1.6396617,0.15645713,1.4854481,0.19595118,1.0079389,0.8357371,2.1100676,1.8230852,0.09596188,1.4775416,0.1018668,1.6671209,1.3777,2.3456702,0.60690105,0.7722057,3.11394,0.53830034,1.8817884,1.4206431,1.2444351,0.31862625,0.03528942,0.9389122,1.801676,0.3725964,0.1581411,3.2432961,0.7794103,0.81295043,1.5704732,0.71244884,0.93471026,0.30536646,0.5178589,0.60351986,0.4403714,0.69308,2.4626155,0.7906676,1.2512375,0.1235463,0.37593374,0.6912079,2.5005424,1.1145322,0.7066162,1.4780952,0.20996131,0.3348824,2.0360072,0.59359294,1.0213121,1.1022875,0.38803765,0.6109756,0.92848283,0.79326695,1.0673014,1.4598495,0.88487816,0.11504963,0.28926373,2.3501413,0.10553449,0.84077,1.7193741,0.7095393,2.1691031,1.5490544,1.1131808,1.5942472,0.46357232,0.8187214,0.92689013,0.646051,0.0,2.0563154,0.36198327,0.7738557,0.9895974,4.02766,0.28531325,0.5307588,0.25773472,0.43954027,2.2564373,2.4760947,0.60781044,0.9828555,0.44344446,2.8599231,1.0628015,1.4579829,0.37088168,1.5992129,0.110672586,0.51198375,0.24977699,0.33541772,0.8756539,1.2173527,0.390327,1.1638062,1.5977026,2.5801234,0.79385686,0.20285697,1.3052683,1.4726273,1.2328404,2.3051069,0.29979897,1.8202953,1.2113974,0.85276896,0.23012511,2.913818,0.5442052,0.97013,0.2338265,2.2784665,1.0026171,1.7349896,0.10396872,0.7472321,1.7258506,0.51778746,2.4750586,1.2870052,2.0345228,0.41223735,1.6895611,0.19083296,2.0701802,0.1945455,0.7467077,1.050852,0.43234175,0.035911545,0.88579154,0.18207182,0.16873044,0.30249178,0.10792184,1.1658227,0.20346509,1.1372268,0.7015358,0.056690983,3.6460464,1.8050277,1.6446875,2.1399128,0.33801332,0.44957176,0.40122122,0.7310534,1.5382503,0.93308663,1.9420029,0.52391124,1.5501101,2.1849759,0.85596794,0.71972406,0.04403738,1.0324835,0.3740886,1.6845516,0.79758203,1.672574,0.72189313,0.10909819,1.7136068,0.49632084,0.53826904,3.448993,4.705902,0.2965853,0.5576129,0.7321766,0.45361826,2.1326568,0.8513123,0.9847906,1.7234193,1.2933866,0.9712354,0.7076652,0.45468247,1.8696394,2.9450982,1.159303,0.38197023,1.5553129,0.2751801,2.1198244,0.38481605,1.1440167,0.5219882,2.5636759,1.4633194,0.56359845,0.6782393,0.02819827,0.32701838,0.47016144,2.7694273,0.75904924,0.731538,1.446018,2.0919445,3.4782898,1.6151032,1.6975319,2.2042677,1.8040055,1.5595653,1.1790366,1.0724995,0.08275404,1.1112702,0.97578895,2.9906805,0.11224241,0.88680214,1.2706485,2.782756,0.6336916,2.1962497,0.4176477,1.4931403,0.5602128,0.3481571,0.07947872,1.0536674,0.69448787,0.17083971,0.40219042,1.1643305,0.91080844,0.19993562,1.8245969,0.84976345,0.1597063,0.5982448,0.013279499,0.042356793,0.6195592,0.88653487,2.1188834,0.10925014,2.8050153,1.4527832,0.29247734,0.930742,1.5342722,0.35039893,1.5073069,0.84789985,0.55017585,0.23839596,0.3642714,2.005257,0.47641075,0.050888807,1.959516,1.0460697,2.0996099,0.49923548,0.22801186,0.43014097,0.8752234,0.6246558,1.008554,2.5476897,0.6286957,0.8203011,0.76396304,0.8342883,1.2723562,0.0,0.36812288,0.5536726,0.20616327,0.20568526,1.5943874,0.8470838,1.4733263,1.7997904,1.5835598,3.1112092,0.4216559,1.7696738,1.781983,2.668782,0.20460212,0.2677076,0.17087196,1.6732255,0.63377434,1.038506,all_pothole_images\pothole_images_optimized_image_362.jpg
1.6243637,0.6456095,0.20825388,1.8326925,0.24399064,0.10250554,1.409842,0.17863104,0.09881065,1.1526326,0.43971667,0.5496124,0.93185353,1.370656,0.29201233,0.0377136,0.15229023,0.5246063,0.007720402,0.087673604,2.200171,0.15599455,0.98851144,1.5190526,1.7585701,0.96905506,1.2196692,2.3770933,0.14485312,0.027179526,0.43564346,0.019373134,0.09783046,2.5500934,0.25756407,1.12477,0.1016304,1.2923858,0.85376287,0.019921308,0.0,0.5903622,0.91058594,1.3670359,0.15975113,0.17770933,0.97836787,0.5236058,0.4635699,0.6798354,0.1854285,0.41791338,0.6659612,0.32538906,0.42291847,0.33962935,0.6269721,0.008909976,0.5183872,0.21769838,0.49251348,0.4335668,0.8420916,1.2539191,1.3687449,1.4623743,1.2592927,0.08388447,0.08613752,0.0038727631,1.4163942,0.026723694,0.38808876,0.005169928,0.18879448,0.12850374,0.2680711,1.2381791,0.0,0.2617967,0.7617933,0.36139962,0.58454174,0.21312658,0.814294,0.0555688,0.06721221,0.16115554,1.4310075,0.6106914,0.72882855,0.12825844,0.18403824,0.5073378,0.21227342,0.15402292,0.31696156,0.6648466,0.13331969,0.18074721,0.19633968,1.8033338,0.27769,1.456987,1.0119926,0.61699826,0.08383933,0.24800308,0.3211527,0.6189662,0.25825748,0.07598243,1.477769,1.5673357,1.4761426,0.059981495,0.011527356,0.053024866,0.93592864,1.8929013,1.569897,0.81665605,0.2960635,0.7930494,0.36387277,0.18796103,0.6933653,0.9268173,0.32184702,1.1251441,0.493378,0.092336304,0.05721999,0.03829383,0.89533156,0.28052926,1.5552976,0.47343126,0.5233388,0.35102275,1.0326935,0.5963506,0.80972296,0.915943,0.584482,1.8247195,0.1895047,0.70834506,0.0,0.29640144,1.055901,2.6932487,0.03228928,0.21372479,1.0905911,1.006888,0.64630204,0.76295674,1.8951325,0.3096129,2.0869038,0.4933622,0.38931978,0.4266695,0.30022764,0.95896775,1.2667806,0.33040673,0.18070148,1.797732,0.3678215,0.42803967,0.22264744,0.7568471,0.06355052,2.6436498,0.45500112,0.003075329,0.28443736,0.21906032,0.4574852,1.2897284,0.041501537,1.0623748,1.323615,0.08727112,0.0,0.2943135,0.43317047,0.6457467,0.27017823,0.82953453,0.7311277,1.5571958,0.36315283,1.122889,1.7347348,1.1120659,0.42117894,0.7870512,0.8516313,0.8295716,0.402834,0.10022764,0.01727647,0.5583173,1.312005,0.0,1.4347881,2.1735973,0.0039848206,0.0793491,0.08346126,0.4205854,1.2198577,1.1709169,1.4166361,0.23985127,1.0512501,0.018956441,2.550837,0.0,0.8134329,0.11705225,0.32968006,0.121113375,0.855833,1.2752559,1.4837079,0.6653346,0.38399953,0.0117631275,0.9566808,0.67797697,0.2387729,0.037691258,1.6724463,0.82825553,0.08315758,0.03450818,0.114496835,0.062278844,0.3330717,1.289965,0.05646923,0.0076107946,1.1060694,0.97131395,2.0916052,4.7845836,0.19058916,1.1269785,0.030636044,0.00034716885,0.31588763,0.26158255,0.2505757,0.5014185,0.0037548332,4.8432136,1.6234336,1.6309983,0.4425202,0.2980164,0.17450386,0.5739226,1.0179098,0.9672694,4.441351,0.16302714,0.39798063,0.36586216,1.0769428,0.3211245,0.04371979,0.7610898,0.41731408,0.030795267,0.3517175,0.6226155,0.012738841,0.29585916,0.49144426,0.9203497,1.4443833,0.6556204,0.96319556,0.24752048,2.1494267,0.00679835,0.076493785,0.15052351,0.16163552,0.13008751,0.18379557,0.31370625,1.0156887,0.1653539,0.23398851,3.7627513,0.7638947,0.25435084,0.017228657,0.0,3.7765565,0.21068428,0.011111016,0.008109291,0.09315164,0.025307935,0.80645937,1.2699165,1.2991779,1.0443829,0.9279768,1.0748504,0.21662897,0.9144598,2.1418107,0.55479926,0.78201115,0.0,0.99836653,0.52823484,0.13680983,0.3562579,0.624169,0.1205238,1.1816602,0.111409165,0.8652921,0.5130776,0.0,0.08651236,0.0041059046,0.09308327,2.4314778,0.3640372,1.3438956,0.67417765,0.25663504,0.5322358,2.2134454,1.4158556,0.57136476,0.29630682,0.56420857,1.1658072,0.30788463,0.040903606,0.6674128,0.5136586,0.03995826,0.24178112,0.40073577,0.35171017,0.055415347,1.1233494,0.07245859,0.12522417,0.99757665,0.61468744,0.8272616,0.640235,0.0,0.026346497,0.18356778,0.10686253,1.3006922,0.69963163,0.22776714,0.74798787,1.1868552,0.07255123,0.5092154,0.63452846,0.38410652,0.050712623,0.24717414,0.9158409,1.5421739,0.0,0.22496562,0.25515163,2.0980136,1.9450294,1.8387321,0.42250547,0.005934714,0.5852682,0.6235758,1.2766113,0.053003125,0.8232836,0.019044282,0.61189485,0.40883666,0.63035756,0.7369838,0.4293241,0.0068842517,1.5652728,0.032912433,0.03522511,0.43614125,0.4491965,1.379983,0.1972114,0.53936243,0.36133358,0.7719353,0.11276633,0.05030689,0.78613126,0.61703765,0.41570172,0.2036091,1.0536441,0.8266742,0.05007189,1.4536623,1.2477893,0.19530489,2.4991574,1.7533976,0.09484571,2.1875854,1.2637863,0.3061437,1.0193537,0.0004727618,0.36966,0.18427704,0.2243445,0.6660251,0.27027282,0.07435696,1.3854367,0.019588392,0.4875735,1.1627882,0.9249177,0.0,0.15389244,1.044696,0.018263688,0.2601713,1.0090272,1.5509058,1.2789682,1.7512153,0.91791964,1.171727,0.34034964,0.22748536,0.08609682,0.89377296,0.21783184,0.0,0.1864821,4.1725864,0.69737864,0.7069159,0.7270223,0.21562065,1.1318766,0.0066515664,0.0,0.5570708,0.35239363,0.3744955,0.046510905,0.0018732351,0.061418246,0.37731007,0.025868889,1.1413434,0.40773508,0.15645969,0.2573544,0.42745075,0.61296505,0.43320993,1.1281915,0.32723227,0.08325723,0.13905048,0.2923187,1.472424,0.0,0.27984554,1.280827,0.037066385,0.5293224,0.110389136,0.1795797,0.14340496,0.2549267,0.6261309,0.30707192,1.1595123,1.5347195,0.12645838,0.8738981,1.0307945,1.7891873,1.152507,0.31052575,0.07616702,0.42915693,0.11075278,0.15226096,all_pothole_images\pothole_images_optimized_image_363.jpg
0.26042736,3.0157588,1.5605795,2.8137121,0.02063731,0.41976905,0.04879494,0.013018421,0.27505174,0.7426527,0.39031237,0.00608664,0.0,2.6003635,0.3682127,0.92861664,0.013906509,0.273266,1.1140682,0.42487478,1.6394323,2.4888773,0.35789466,0.57008326,0.68172187,0.35492113,0.17708667,3.0602279,0.27684456,0.012702886,0.93171424,0.0015298488,0.10127846,0.08464282,0.29598945,0.62594473,0.706118,0.77448946,0.34497374,1.541648,0.1651608,0.16565281,0.8973638,1.693795,0.9965083,0.24805115,0.0,0.3822089,0.05359043,0.31060362,0.0,0.0063343695,0.18812409,0.40957305,0.0,1.3893671,1.9052086,0.3880472,0.07177054,0.0,0.41208294,1.9471859,0.29345012,0.09703424,0.17531508,1.1011007,1.0362393,0.6690972,0.68867725,0.53697443,0.3972026,0.012277068,0.41825765,0.0027316068,0.6352622,1.025284,0.23405342,0.60778004,0.0,0.25276217,0.13161696,0.064034656,0.5328749,1.5866572,0.9325715,0.1759434,0.0026566745,0.037890658,3.4796126,0.7281424,0.0,0.09696662,0.23407927,0.0,0.11257953,0.3146647,0.38926244,1.8782374,1.4971949,0.40478647,0.2561051,1.3281565,0.099641435,1.1081598,0.44043782,0.24065477,0.07913814,0.15880486,0.35291255,0.65265864,0.1671414,3.3055038,0.23154184,0.7181484,1.298831,0.42837492,0.27463412,0.0,2.9120739,0.13488887,1.5857235,0.056800608,0.08853344,1.2464529,0.545499,0.95968574,0.7813774,0.38250625,0.18568458,0.021351062,0.22124493,0.017327165,0.4261661,0.22993898,0.21407238,0.03095208,0.12040927,0.48908076,0.30012244,0.0,0.08398636,0.31362462,0.40590173,0.21879639,0.0,0.6566157,0.035544686,0.039213363,0.024768282,0.5100815,1.5668519,0.12926014,0.0,0.06934845,1.7656741,0.24328871,0.052311677,0.19325916,0.34296775,0.12001512,1.3444015,1.3778979,0.17399329,2.0199735,0.21174653,1.14825,3.598994,0.0053504338,1.6981713,2.001801,0.4270551,0.05523673,0.011443044,0.3111986,1.8702731,0.3404087,0.14294046,0.12150822,0.014057692,0.19958033,0.039534267,0.80918026,0.56249654,2.2454078,0.22486255,1.3466059,0.076408416,0.16289715,1.2118819,1.1825432,0.02015124,1.3396207,0.0,0.9952661,0.19425173,0.34143665,0.6145595,2.0496652,1.098611,0.9700118,0.035670955,0.7438479,0.0,0.1525962,0.42215362,0.04732406,0.68692815,0.10501822,0.8754761,0.0,0.22605129,0.10484285,0.9888607,1.8685516,0.8662117,0.5465116,0.28690156,0.03493083,0.92176515,0.12866728,0.5432219,0.037877057,0.021230688,1.2277516,0.88190705,0.19661823,1.0845873,0.42527333,0.759063,0.9911142,0.27992785,0.001559302,0.075135835,0.07996862,0.12323844,0.52712107,1.3462363,0.17820163,0.016367024,0.027030889,0.14006004,0.079913564,0.16692364,0.14808188,0.34953067,0.07624035,0.16585389,0.020845754,0.11231717,5.1355777,1.2389747,0.0063182404,0.07792562,0.13346557,0.35962465,0.022359103,2.5967731,0.10428947,0.3431029,2.9509795,0.061599143,0.035142563,1.43,0.025784234,0.05268632,0.5784025,0.22046116,0.04027659,1.261678,0.042829618,0.8708844,0.46374074,0.49695897,0.0719759,0.4987155,0.7672578,0.5890934,0.0,0.55971414,0.6868423,0.13524866,0.08587511,0.92787695,1.3361088,1.1363424,0.13526267,0.6186074,0.6153029,0.06990245,0.069748215,0.5727011,1.4520482,0.16491662,0.3752968,0.43224707,0.05290149,0.6394407,0.20234552,0.4444966,2.6360254,0.34024966,0.34077036,0.12968428,1.5857886,4.904936,0.02188075,0.022004254,0.11260822,0.65731454,0.072566696,0.08002765,0.20451765,4.664398,0.31998006,0.11164355,0.9894717,0.28002986,1.8138112,1.4109782,0.15257154,0.55542266,0.0,0.334706,0.0,0.4738627,1.0701474,0.25060463,0.20049948,1.080207,0.07880474,1.0723113,0.48300916,0.0,0.0,0.51199937,0.2462124,1.6954829,0.8970732,0.17582737,0.24343386,0.92146826,0.7126976,2.1246073,0.22792812,0.87837356,0.10335105,0.24736694,0.093448624,0.14350085,0.68971056,0.092279375,0.77152103,1.1046013,0.18683134,0.040687077,0.45053795,0.31101453,1.1320515,0.6037436,0.35754868,0.15192309,0.17860626,0.48882815,0.43945712,0.0617855,0.66365796,0.4832187,0.009170927,0.30336648,0.27189982,0.2900559,0.087941736,0.3210604,0.0,1.1617075,0.23728749,0.3729133,0.59819543,0.04093736,0.020415189,1.0088067,0.44430062,1.6053746,1.2231706,1.2043462,0.99808514,2.2852244,0.08044993,1.2062727,2.8310466,1.6348141,0.65022534,0.11758128,0.18834656,0.0,0.039404105,1.0048578,0.3545203,0.1422849,0.21270797,0.1501372,0.47136548,0.61870277,1.2395847,1.0477127,0.3280772,0.38238907,0.8065572,0.58037084,0.0053551025,0.9347171,0.42249998,0.0058967015,0.36322027,0.0,0.08378932,0.23464853,0.21150032,0.09046066,0.6048666,1.4024323,0.05886287,1.3254712,2.013143,1.6282336,0.015789302,0.29898056,0.6468728,0.51927334,0.008297651,0.22026876,0.010011387,0.086459525,0.22840264,0.53639823,3.7998693,0.6844875,0.21629485,0.80161905,0.34305128,0.32127595,0.0428748,0.18204996,0.0708975,0.18944451,0.02944863,2.3447127,1.0906209,1.2907491,0.918983,2.4447117,0.62724596,1.162778,0.2721015,1.1055961,1.1328872,2.9107687,1.7391759,0.12176169,1.0502115,0.26084104,0.012839908,0.4320767,0.06410981,1.0459831,1.6446024,0.3904181,0.27048594,0.18527895,1.250959,0.8669317,0.030536734,0.028627858,0.27319926,0.6804558,0.0,0.37603027,0.69460857,0.31692448,0.686579,1.5671152,2.68388,0.43415082,0.101006515,0.1600371,0.21323715,0.29607856,0.32591233,0.24077275,0.05048271,0.6248322,1.4588115,0.03247599,0.0028189733,0.0,0.031558756,0.34795946,0.5529077,0.5632975,0.18062493,0.32036334,5.0792527,0.45285454,1.0745791,0.2866453,0.18123978,0.26054522,0.28629306,0.045585252,1.4162955,0.07195344,0.5887105,all_pothole_images\pothole_images_optimized_image_364.jpg
1.3639203,1.4452224,0.92207664,1.0930791,0.5999998,0.6120982,0.53613436,0.04418518,0.5896857,1.6007054,0.62675583,0.36671042,0.107690655,0.13205187,1.2106599,0.45043543,0.1026728,0.42167157,0.6954716,0.18152913,0.6578125,2.288117,0.83876705,0.8292155,0.7049034,0.30589852,0.11246095,2.7604496,0.047221746,0.34413052,0.65699655,0.14507213,0.17357151,1.1191406,0.7523174,0.6925439,0.49231634,0.42211103,0.22579087,0.47307166,0.06774273,0.02964596,0.5833452,0.48739764,0.55034214,0.094875276,0.62006325,0.07839419,0.6098358,0.09592093,0.26849318,0.5287333,0.058933727,0.17828123,0.1551459,1.280885,1.4707626,0.106486,0.25813526,0.12906763,0.07754955,0.35944003,1.3189547,0.49340993,0.34630233,1.2570121,0.16858731,0.39526996,0.54177654,0.5188293,0.37527302,0.0031815534,0.3047565,0.22185442,0.19381021,1.067398,0.2185303,0.9810154,0.0013165877,0.37950936,0.5988076,0.29341513,0.25758693,1.7332698,0.53254724,0.8202937,0.68959695,1.0204556,1.6430131,1.1642209,0.42392933,0.29885024,0.26492143,0.20572062,0.004342166,0.39940214,0.311407,1.6070293,0.9191381,0.78794134,0.9641856,1.5161576,0.4257698,0.7328883,0.12243111,0.53517437,0.29047006,0.12154389,0.8778193,1.0154951,0.76042074,1.2956045,0.4305509,0.37145886,1.2045377,0.12108688,1.2523412,0.6507011,0.5214712,1.4303414,3.0270264,0.51481026,0.41837195,1.1148816,0.9710265,0.65984774,0.51610017,1.047866,0.15009132,0.5811549,0.51053077,0.0439095,0.7497895,0.3582403,0.4114684,0.26404577,0.66578853,0.79459566,0.15025684,0.13073567,0.38718876,0.31246552,0.0,1.263179,1.0633727,0.6301285,1.0153362,0.07383487,0.47308064,1.3277136,1.4354331,0.691412,0.49230176,0.397815,1.0005152,0.7972476,0.23979895,0.64123154,0.33730462,1.3373934,0.9203002,0.0010152118,0.23572274,4.317312,0.23796971,0.1007316,0.8767185,0.26072362,2.6090932,0.45655164,0.21056458,0.0726356,0.38131726,0.38931,0.58169556,0.99258244,0.48392487,0.018924907,0.82073134,0.2976471,0.0016898782,2.2789078,0.49005565,1.3696203,2.4775186,0.91633916,0.10597925,0.14811446,0.54835725,0.32740712,0.6089706,0.24237661,0.4618031,1.4294059,0.14640364,0.16536766,0.50435466,0.563105,0.13566694,1.1596003,0.5299176,0.15134907,0.08617118,0.28321335,2.012311,1.4320351,1.3073936,0.15951574,0.3028519,0.5550598,0.1536013,0.54169816,0.5402763,1.2477622,1.0786585,1.0259038,0.4942274,0.04514855,1.1838223,0.404212,1.0425223,0.118579276,0.09660728,0.06504243,0.4384901,0.6156023,0.86340576,0.1443433,2.2171538,0.19856484,0.2502858,0.41623923,0.51520014,0.20417391,0.45202154,0.0,1.264758,0.05575323,0.49037793,0.23629928,0.17805031,0.0,0.14696859,0.12254828,0.0036194115,0.034485087,0.0439785,0.15755554,1.0128208,3.3005035,0.9436404,0.09573496,0.8431349,0.26697633,0.37332222,0.2650601,0.95685744,0.3686254,0.5508986,1.1437845,0.8449627,0.59460115,0.53605217,0.110175006,0.52697814,0.25741956,0.08724776,0.7454651,1.6448585,0.08441532,0.6191649,0.15587802,0.04193823,0.5328261,0.9571357,0.62708217,0.47404128,0.4754151,1.7959504,0.31736147,0.53495485,0.2146763,0.6181705,0.11341887,0.36172745,0.082904324,1.3372444,0.15645148,0.25669822,0.22972831,0.25338987,0.098531865,0.076505475,0.73197484,0.17311205,1.243966,2.3204515,1.290243,0.011625776,2.0661366,1.053496,0.31554908,0.12598902,0.7854902,3.0813386,0.331014,0.085322835,0.24129839,0.120159574,0.060684003,0.32975462,0.9943688,3.3856678,1.9609259,0.61225116,0.4169928,0.3613902,1.1590476,2.3465567,0.026890105,1.2409924,0.016872246,0.51926595,0.59434783,0.09759373,0.74517226,0.7701279,1.0943494,0.7935027,0.19696993,1.9231659,0.14565094,0.5796436,0.044046294,0.14484218,0.1448347,0.017824134,0.6807803,1.0250434,0.19841264,0.21547581,0.2341062,1.550822,0.004817686,0.12714164,0.16645984,0.14127359,0.0693716,0.51080596,0.538843,0.33290333,0.41909194,0.5039261,0.87839055,0.3422849,0.029655777,0.6000795,1.4322855,0.33202595,0.94706583,0.43183622,0.19215332,0.69179744,0.25992912,0.18441916,0.53330684,0.20420367,0.2615922,0.31633902,0.5438892,0.49016172,0.36000776,0.6269721,0.19729827,0.4456392,0.10241576,0.047991965,0.44444826,1.5613428,0.42033032,0.2856533,0.0047770846,0.80396,0.4849278,2.1132574,2.2927806,1.5738149,0.20392908,0.8168265,2.159969,0.93427557,0.7768835,0.33840704,0.34858438,0.250113,0.3476676,0.59750247,0.47113985,0.21072851,1.047647,2.47377,0.6693638,0.35283065,0.2835496,0.56668043,0.020075293,0.5903484,1.3114293,0.54414797,0.25310406,0.78537023,0.036929864,0.5501902,0.043603692,0.25781623,0.90085006,1.0852592,0.54364395,0.13145865,0.030025411,0.31964377,0.13295256,1.907631,0.9823765,2.3660488,1.5053307,0.46193117,0.5552913,0.75151545,0.531625,0.93897885,0.2596274,0.016572852,2.0081482,0.29535815,2.3259797,1.28064,2.116285,0.5571969,0.6390388,0.25664073,0.14755058,0.09882708,1.1283808,0.2864628,0.108083725,1.1084424,0.4575517,0.14789061,2.113484,0.8283903,0.049086194,1.7900866,0.508249,1.1046637,0.07160465,0.90208536,0.8306819,0.17486502,0.68275076,1.5856272,0.062473442,1.0094088,0.009312569,0.1967128,0.80906045,0.050034426,0.41510975,0.5042055,1.1087399,1.8724397,0.23579398,0.29395843,0.96000594,0.34724712,0.026180107,0.14312875,0.56636655,0.8163979,0.1687612,0.97571373,2.7585337,0.6771172,1.4579071,0.66950184,0.3041495,0.8313943,0.005838335,0.42307845,0.4017397,0.33145764,0.07879741,0.28715768,0.1172249,0.02182936,0.561487,0.27815533,0.03675171,0.29789394,0.0961161,0.88251674,3.4789271,1.5778474,0.42060384,0.90095425,1.2733208,0.0,0.28664076,0.14608608,0.8462474,0.57984513,0.4148241,all_pothole_images\pothole_images_optimized_image_365.jpg
1.5870274,1.0024889,0.45578656,0.7820547,0.2187875,0.4062373,0.3320399,0.88418984,0.0714972,0.5562132,0.7300619,1.629716,1.1699318,0.35537744,0.31923646,0.21431899,0.538927,2.246631,0.6804841,0.023777537,0.08015508,0.43022618,1.0989796,4.172569,0.007348918,0.05996913,0.04296942,0.13418218,0.0,0.21327963,0.23179436,0.0,1.0397952,1.7908096,0.14703543,0.10444644,0.6458517,1.1334589,0.32981515,0.030014368,0.154341,0.92834705,0.31376806,0.2743805,0.44183528,0.5501236,0.5279326,0.5457288,0.17945145,0.44540888,0.81327033,1.2436413,0.007589188,0.0,0.5664089,0.3074763,1.4652365,0.3226895,0.9618005,0.026859889,0.13762346,0.31507486,0.9341457,1.3119187,0.56850624,0.16320041,0.21703093,0.52991664,0.012791452,0.024986232,0.23468725,0.7533932,0.047971204,0.033603117,0.7957972,0.99237067,0.011581178,0.36719048,0.008456773,0.1946035,0.05002474,0.25462264,0.79681194,1.2511144,0.6605283,0.49666408,0.05317841,0.43949234,0.48988286,0.135135,0.06934024,0.42646486,0.6211001,0.027051952,0.21029639,1.0733098,1.6213193,0.3320025,1.0341991,0.11734766,0.0,1.3437103,0.35295194,0.58031195,1.8465378,0.74190634,0.0,0.25364283,0.18602403,2.084826,0.12992227,0.93338823,0.5753343,1.7454916,0.16249885,0.6524475,1.0317583,0.010263992,0.85349613,1.111208,0.18519561,0.6130044,0.22145723,2.8029573,1.1476308,0.06389923,0.04333649,0.52266985,1.6901888,0.7756318,0.65913326,0.29245743,0.0043758787,0.35146487,0.0011699366,0.101225644,0.0027076418,0.080638975,0.0034077484,0.4262329,3.2078383,0.8777396,1.0861832,1.4904013,0.045398455,0.69137967,0.04061005,1.7186886,0.0028949003,0.08225023,0.62254494,0.03950494,0.8756163,0.0,0.53893226,0.03948036,0.6833799,0.16454832,0.18042749,0.21331936,2.9946454,0.7918901,0.095375076,1.0688596,3.1304998,0.00078325946,0.79240084,0.11942333,0.38653848,0.42096022,0.37947935,0.11682564,0.0,0.0,2.444933,1.2029366,0.65681285,0.0,0.0,1.2304392,0.1337162,0.491372,0.9435806,1.3145988,2.1301396,0.116928056,0.019386537,0.7278204,0.4080756,0.04269082,0.24202934,0.19846779,0.7674536,2.1759448,0.04530071,0.15020715,1.5903051,1.2647328,0.8300354,0.038712826,0.16495827,0.48087743,0.75308096,0.0,0.07553293,0.82156193,2.8381224,0.66509175,0.9012854,3.5368857,0.0,0.4447819,0.014505444,0.46327707,0.3062606,0.041128624,0.6653763,0.25980964,0.5520852,0.0,0.5298432,0.21358572,1.2874078,0.13681194,0.60762197,0.02675393,0.82327396,0.69344455,0.6989185,0.0,0.03739114,0.028001487,0.27291596,0.6695473,0.49175835,0.0,0.04815011,0.6868861,0.8226731,1.5115286,0.98181266,0.008704547,0.5139386,0.44764838,0.06146902,0.15222244,0.8810532,0.27544782,4.2280345,1.6457043,1.0393975,0.049431916,0.29798883,0.0,1.044328,0.41888255,0.14068052,0.0,0.30694056,2.8373556,0.12587911,0.025822671,0.027667062,0.4571766,0.16346207,0.07599953,0.3157578,0.34467855,1.8373317,1.0190359,0.76601285,0.13660677,0.40960565,1.2002498,1.5186836,0.25579625,1.0582029,0.24182047,1.2238288,0.26998448,0.07048856,0.29212904,0.20876688,0.76574564,0.6480691,0.13007057,0.006877399,0.0,0.02169675,0.12800908,1.4937226,0.82747424,1.4426786,1.6115565,0.32425475,0.0074757547,1.2767807,0.42640927,0.9098034,0.09800757,0.19685513,0.053674795,0.63819486,0.2851953,0.16380477,0.297435,0.0,0.15690061,0.0007701386,0.045466177,0.36111873,1.2325721,1.6893618,0.55432415,0.50904405,0.18471457,0.26755288,0.9873123,3.4532228,0.43331483,1.1472467,0.14668278,0.50066215,0.10276477,0.32195306,0.99638647,0.69910514,0.008187299,2.6980865,0.1343809,2.259438,0.53823775,0.39923632,0.15158127,0.064117365,0.034193404,0.96775675,0.18279114,0.60186994,0.18529537,0.5158409,0.1962092,0.13224463,0.4948474,0.009134243,0.00017588178,0.44094443,0.0,0.020775974,0.13320017,0.014499122,2.1595635,0.32629395,0.013336712,0.33310917,0.70138955,1.2561568,0.5865038,0.0049797124,0.74163896,1.1369543,1.129076,1.9014201,1.1916249,0.0,0.1967958,1.9560274,0.34980318,1.4377133,0.4754851,0.48935077,0.42332882,0.35765508,0.8503485,2.0855532,0.35138285,1.8260238,2.4120324,0.038328476,1.0764968,1.044126,0.3745332,0.9572501,3.057703,2.201302,0.0,0.2921163,0.9547918,0.0,0.117520966,0.0,2.8095927,0.06934162,0.0,0.2822081,0.025936691,0.2786083,0.5495361,2.89909,0.8004907,0.9086422,2.332958,1.9429693,0.92612547,0.32266635,0.0,0.8304012,1.4118426,0.08571969,0.5428486,0.30289474,2.2263753,0.38247424,0.13907234,1.7590927,0.3097259,0.71016365,0.24423462,1.0060685,0.19239508,0.0,1.7630073,1.1056997,1.3735089,1.0500464,0.021676421,0.54986936,0.7954621,1.0318369,0.83045816,0.16974683,1.2790697,0.0,0.089702636,0.102534786,1.1005565,0.41851583,0.25911486,0.56121653,0.31084913,1.9663669,0.020775035,0.274212,0.08113567,0.015015993,0.12526527,0.5778406,0.34281555,0.0036749402,1.3975201,2.0930455,0.08296869,0.0070322645,0.6391052,0.13519232,1.0759302,1.9256248,0.09330274,0.887593,0.8558611,0.6229446,1.6973388,1.6727816,2.2613127,1.5461675,0.30116177,0.059140127,0.4173952,0.9864587,0.7800502,1.4246892,0.32555482,0.08511268,0.32965368,0.42060065,0.03895015,0.07009447,0.82221705,0.22946906,0.20225742,0.5795156,0.63504213,1.2086264,0.79648435,0.018569827,1.5850856,2.6297867,0.010600408,0.5850562,0.008467744,0.4411559,0.4958068,0.38880748,0.1349916,0.61137706,0.5437012,0.035985664,0.32681212,0.8693013,0.36788458,1.2740587,4.045474,0.11709672,2.486827,0.17540005,1.0787926,0.0740531,1.8093448,0.014425183,2.2225132,0.15483488,0.028367428,all_pothole_images\pothole_images_optimized_image_366.jpg
1.625105,1.4082738,0.3445173,1.5325795,0.3609682,1.125624,1.4641879,0.44387186,0.9170504,0.7425317,0.5121963,1.4473385,0.24250934,1.7484804,1.2315493,0.8083021,0.06871122,0.47941,0.74465495,0.7978343,1.9054983,1.6826427,0.23892038,0.7093037,3.0382934,0.5003189,0.536493,3.6665874,0.40757152,0.54330295,0.16139135,0.26382196,1.4617159,1.4326627,0.2533936,0.60054433,0.06575928,1.2147493,0.20829502,1.5677986,0.29693952,0.41873175,0.29825914,0.7773853,1.0378612,1.6429561,0.032293912,0.16696677,1.5351547,1.5150973,1.1913732,0.31658393,0.3680069,0.9022035,0.30833426,2.1814938,0.8530103,0.42122936,0.9916064,0.15281571,0.058339868,0.46917996,1.1180093,0.617947,0.18730707,2.5437138,0.75118214,0.05327755,0.0941624,0.31583193,0.1686285,1.1667844,0.210203,1.143777,0.5669446,0.7231966,0.28658935,2.0439172,0.0,0.4619117,0.45692164,0.28279024,0.63409054,0.5015003,0.5410575,0.8435754,0.7237196,1.108789,2.9790673,0.09100104,0.47255388,0.117117375,0.4467855,0.5437569,0.5483462,0.0,0.8215758,0.67455834,0.35924008,1.3808688,0.0,1.6951022,1.0826607,0.40076652,0.3134313,0.96538323,0.9084974,1.1262641,0.48533797,0.44435555,0.45517114,3.2925003,2.1342447,0.24041939,0.8220871,0.5187904,0.94490576,0.12828745,0.60274774,0.8989121,2.4934738,0.118903354,0.2685955,0.8505531,1.6861851,0.7907618,3.772566,0.072827265,0.63919866,0.08248669,0.15531237,0.15357916,0.10758622,0.3700484,0.9053567,2.0089061,0.72919834,1.0223905,1.3164021,0.3024366,0.15230398,0.939722,0.0,0.11247127,1.0356039,1.643213,0.42958805,0.9211143,1.2025795,0.5314195,0.74190813,1.0490199,0.029905211,0.45115635,1.6319441,0.6960022,1.1704811,0.038568866,0.56621456,1.9017848,1.5572616,0.49516863,0.29847357,1.5871594,0.02935951,2.4151905,0.5131641,0.17390314,1.6917394,0.4778613,0.2792198,0.1304376,0.22968826,0.34294555,0.11588103,0.6458337,0.77704555,0.054791387,0.25521535,0.76016784,0.007546002,1.6459721,1.3989992,0.71167815,1.25099,0.020410333,0.5098001,1.8986112,1.028892,0.38595352,1.1544883,0.45861194,0.0,1.6600779,0.1123476,0.22546612,0.9386113,0.69590145,0.65351015,0.35120025,0.42275593,1.7466152,0.22273186,1.2568616,0.35976753,0.6663616,0.57608324,0.50451154,0.50483847,0.28266984,0.23822309,0.12709194,0.6727229,0.26877427,0.720265,2.5749192,0.71211493,0.17222284,0.3802147,1.3474174,1.8432436,0.24299361,1.7185967,0.8841025,0.29093435,1.1227524,2.53416,0.009334659,0.28549707,1.7181231,0.63063335,1.1619725,0.47339126,0.42859298,0.98337084,0.5714031,2.2455156,0.24016583,0.13163164,0.08033142,0.36919147,0.26616383,0.5307518,0.031527136,0.043479547,0.0020565423,1.1301144,0.1926272,1.4627432,2.0283267,2.3136322,0.4435884,1.8366975,0.33287114,0.5741835,0.6557983,1.1562515,1.3408469,0.04866736,2.6697118,0.23390341,0.16523552,0.3058422,0.7248901,0.75899595,1.4693319,0.42847624,1.2380972,2.3877406,0.27916542,0.64752465,0.083034866,0.13031293,0.33887842,0.837264,0.41167718,0.2170823,0.8183862,0.49090144,0.26468715,0.06712429,1.0405425,0.5780383,0.48579794,0.61651963,0.42526385,1.979493,0.18254732,1.1059641,0.24664627,0.35971034,0.33819813,0.6215053,1.0521537,0.11273546,0.5164116,0.2723002,1.2105833,0.502068,1.3494081,0.6180672,1.0618341,0.45251286,0.30231482,3.095469,0.8532984,0.036230177,0.2891855,0.6352728,0.6702924,0.45276135,1.2898445,1.6323879,2.47778,0.45008537,1.5708216,0.23871647,1.4846386,2.4613793,0.09418373,0.17981125,0.3347542,0.2881802,0.35211694,1.7512937,0.9702315,0.25214976,0.03969914,0.71263933,0.47934672,1.8770279,0.5403297,0.17324089,0.15415464,0.0037800279,0.5766973,2.49749,2.122228,0.09665017,2.186265,0.30630836,0.63540417,3.1429749,0.7617979,0.7313327,0.26352674,1.3149797,0.45953536,0.2119788,0.35154855,1.0365554,0.94377774,1.0024108,0.96145594,0.78226835,0.0,0.34157154,0.9023538,0.40436542,1.0170574,0.45333254,0.10316143,0.7389686,0.8505985,0.31838807,0.38885334,0.60937774,1.131211,0.35319504,0.5130296,0.46352246,0.5346617,0.697073,0.77407384,0.81938833,0.54662603,0.03075695,0.43724725,0.90355045,0.26311228,0.99629056,0.02211253,0.8663596,0.7914646,2.9601247,1.2378603,1.5933385,0.0,0.062476557,1.1413952,1.206826,0.14736179,0.15743913,0.45728067,0.037663594,0.34541702,1.1086491,0.48451442,0.88519955,0.7154656,1.5450785,1.4721575,0.21946916,1.1746873,0.10605027,0.92436457,0.78296787,0.48188648,0.59024227,1.5518923,0.22406088,0.46008822,0.166012,3.2774966,0.16261353,0.8139074,1.54929,1.4365458,2.8604503,0.5692843,2.2801223,0.7518601,0.38497028,1.5348086,3.625752,0.22821365,0.47069672,1.1367918,0.62896156,0.20885424,0.6635079,0.20773539,0.20130037,0.63900775,1.0634065,2.3611639,0.6201749,0.6207548,0.28827068,2.182664,0.83032995,0.43523017,0.047451075,0.29127583,0.6996414,0.06009554,0.64753073,0.948453,0.04628632,0.7406803,0.26857558,0.7108351,1.4782126,0.48668334,2.2299547,0.6246293,0.99834204,0.5129287,0.49578884,1.561761,1.3521594,1.0051177,0.9068138,1.1225156,0.3614477,0.9307366,0.3174683,0.16024117,0.09994085,1.5749654,0.4536137,1.0045967,0.49228406,0.12581705,2.2916172,0.516256,0.70316595,1.7064224,0.62552416,0.387604,1.1135254,1.7492325,0.37786978,0.8849445,0.86956835,0.08960608,1.1688969,0.577068,0.57580155,0.04895797,0.052556694,1.0733137,0.69523525,0.61490464,0.3383501,0.089518204,0.079871744,0.22475466,0.4096148,0.089196175,0.5105288,3.358538,1.3314244,0.7990271,1.4811118,1.2789282,0.572371,0.4003117,0.31193787,0.6261384,0.51272273,0.5432824,all_pothole_images\pothole_images_optimized_image_367.jpg
1.0881027,1.3399409,0.22322226,1.431905,0.30365103,0.28311417,0.638821,0.017129455,0.27410117,0.48394668,1.0932153,0.39232892,0.22959687,2.4898913,0.23094103,0.33020958,0.11671572,0.10011822,0.60850686,0.34106138,0.5009059,1.4537985,0.13619067,1.4800277,0.8813019,0.28256163,0.54318273,1.9951342,0.14058119,0.9868258,0.724278,0.16100562,0.3140209,0.07568469,0.6995917,0.12188619,0.04438019,0.856227,0.05239427,1.0490011,0.0,0.0561626,0.2344328,1.266728,0.4371102,0.16805862,0.0130799655,0.16790004,0.0178733,0.28522465,0.1853665,0.17197713,0.457642,0.0,0.11109263,1.20674,1.7545359,0.3284355,0.5197053,0.3200246,0.0076370607,0.2766106,0.6509679,0.13887848,0.2972974,1.6073779,0.51698893,0.45799103,0.3328821,0.5551164,0.5066163,0.51642615,0.47748747,0.19579165,0.1918646,0.95925325,0.47683126,0.42528525,0.0,0.3476213,0.0917226,0.5691943,0.12183508,1.9063436,0.19798781,0.36669636,0.19730803,0.109353125,3.804018,0.18087205,0.11040705,0.15831278,0.33657664,0.6400089,0.07815833,0.1178336,0.29998568,0.66285807,1.2163558,0.6051711,0.024567503,0.8288672,0.12545308,0.35189885,0.29301956,0.33552068,0.117275685,0.06653252,0.00048917043,0.4375228,0.22362442,1.8214065,0.02581184,0.43083447,0.17475933,0.7009991,1.5453681,0.041585542,0.3459269,0.4825212,1.7150965,0.63894063,0.5725536,0.66268843,0.62802285,0.68278503,0.27348167,0.50934047,0.40456772,0.68466794,0.3342278,0.45749512,0.28252658,0.5154396,0.46891975,0.66827786,0.29174495,0.7229561,1.2449877,0.24519357,0.046030078,1.1916724,0.06668825,0.8381654,0.18743818,0.42215642,0.6393233,0.0,0.73469675,0.71760446,0.31767437,0.4548179,0.0,0.495104,1.1484702,0.431743,0.24986562,0.011091818,0.55657613,0.6716615,1.5808797,0.5547713,0.20505008,2.0453236,0.596231,0.23001927,1.5961593,0.07392118,0.8148473,0.89920735,0.018563613,0.0,0.22092429,0.54026234,0.11156547,0.026631637,0.6863408,0.037944485,0.10490234,0.19119847,0.15384561,2.3484995,1.8077276,1.1583292,1.3846492,0.8812524,0.18657552,0.058375414,0.32120457,1.1480469,0.43941092,0.6223316,0.2283722,1.1164181,0.06312672,0.021555107,0.34849864,0.8330056,0.5074882,1.2312464,0.22966747,0.7183347,0.1828095,0.21890827,1.9024833,0.5112702,0.35701814,0.39759228,0.10144006,0.0059940764,0.20583966,0.5391817,1.3576561,0.16621704,1.1989793,1.4248939,0.51630306,0.0018181633,0.8411049,0.14248624,0.66087365,0.0033768755,0.5140481,0.52568775,0.3961263,0.7676238,0.82527626,0.43045542,1.4103141,0.12118725,0.43711802,0.3900246,0.39976874,0.34490043,0.7306865,0.32241938,0.9518733,0.028094934,0.017160041,0.0,0.040576108,0.19967358,0.15375204,0.14368695,0.29230043,0.0,1.0699862,0.17785017,0.3572482,4.307464,0.4707257,0.20851879,0.9512633,0.12770303,0.12092096,0.018441645,0.7118444,0.33749214,0.40207788,1.2386698,0.28311807,0.40658754,0.9952729,0.07057348,0.31774145,0.47781855,0.98714435,0.2740791,0.9296917,0.4570858,0.74176013,0.0066996007,0.30186257,0.13734585,0.60886306,0.4699528,0.23450622,0.15726577,0.67966384,1.2275993,0.8347666,0.21470872,0.9285826,0.1682773,0.97899103,0.7875316,0.27529874,0.770027,0.62538475,0.19951917,0.40840292,0.030797096,0.26421243,0.7051762,0.4602696,0.3344746,0.7878002,0.4910561,0.45179507,1.6666873,0.342193,0.9675419,0.015261523,0.38001278,3.9914086,0.120737314,0.0349023,0.9433452,0.33131537,0.016121743,0.73027354,0.037593786,3.1457393,1.2220374,0.070213825,0.3274189,0.3733391,0.53900766,1.8053215,0.45312425,0.14751345,0.37922695,0.21573183,0.5553375,0.75336546,0.5525955,0.33017793,0.09253226,0.88735986,0.4264575,3.1896398,0.34680638,0.38250646,0.11603873,0.44921112,0.13881594,0.8582963,0.3745746,0.23233943,0.06873855,0.5063219,0.5818844,1.2955567,0.4745871,0.09684576,0.41149193,0.088960975,0.26475284,0.068931825,0.34136763,0.09834798,0.8467974,0.333761,0.7714847,0.054315556,0.1007391,0.22875845,0.68877083,0.5542597,1.2189162,0.11859193,0.024761688,0.19415586,0.2389268,0.08291353,0.22352661,1.082066,0.38524145,0.032870855,0.1289276,1.3237139,0.680942,0.67566514,0.10544081,1.0130388,1.1246108,0.0,0.2556281,0.31832555,0.14225677,0.213819,0.12866053,0.18019596,1.9051946,2.3423352,1.6771349,0.76726514,0.08653035,0.080966756,2.6074214,1.7822721,1.0927467,0.09333913,0.28093052,0.036402486,0.30156684,0.65885115,0.2884788,0.21364659,0.098370485,2.6999419,0.64817196,0.485507,1.0797409,0.49611717,0.19382973,0.5415547,0.6860247,0.1769134,0.3309434,0.1061116,0.43775806,0.48742187,0.5227094,0.06593892,0.3229525,0.37239456,0.12604189,0.5744888,0.011539787,0.9689255,0.5972661,1.5955261,1.5182787,1.1095465,0.26728016,0.731393,0.51073897,0.26380986,0.14588833,0.15688547,0.23423745,0.9269524,0.4706878,0.4807621,3.486432,0.24152778,1.1086667,0.22105332,0.33427483,0.9201056,0.03667947,0.121096596,0.2159419,0.21679045,0.0,1.0209907,0.8379433,0.31034538,0.40242326,1.8019555,0.56623185,0.9814535,0.4707828,0.49383357,0.3838838,0.4299174,0.28047785,0.1203869,0.86337125,0.7528199,0.5342343,0.2810195,0.08639876,0.9936156,0.24133886,0.4902633,0.0063841958,0.37606645,1.2820233,0.7386403,0.33743566,0.034280572,0.38545856,0.67461383,0.55589867,0.27464887,0.4880233,0.31687766,0.18134168,0.8938871,2.1378453,0.438236,0.5592113,0.11450498,0.54775286,0.27015346,0.13524954,0.23505926,0.01067392,0.29977173,1.5547135,0.2372176,0.0,0.13006543,0.10387805,0.84557295,0.027322665,0.0122438045,0.09879948,0.19509086,2.930083,0.72661096,0.5809298,0.09944146,0.13394803,0.30639815,1.1024252,0.400016,0.4864783,0.35104385,0.15580082,all_pothole_images\pothole_images_optimized_image_368.jpg
1.3677169,1.9029877,1.3399705,1.6693147,1.1526164,0.63598186,0.108267955,0.18104921,0.6143197,1.1425191,0.048759468,0.33669147,0.43849364,1.3796535,0.022261461,0.45610037,0.13415973,0.08041926,1.2233636,0.29202545,0.16775188,2.610492,0.22417745,0.8616703,2.090088,0.21556431,0.0,2.1604354,0.067092486,0.27723008,0.9663992,0.25606996,1.0334874,0.18640558,0.1334614,0.96775824,0.64267397,1.4527645,0.57416224,0.7905207,1.0967413,0.14346926,0.21994212,0.24953209,1.2190281,0.3818403,0.6272963,0.024392143,1.2991157,1.2437836,0.7284069,0.0,0.1392629,0.21090275,0.015255697,0.8727644,0.63995713,0.09427195,0.24043912,0.088258244,0.054969087,0.24734212,0.21274236,0.25010177,0.387123,2.0267243,0.6451443,0.2562858,2.2223425,0.7423094,0.70499015,0.47809288,0.3534446,0.7822553,1.2373744,1.7225214,0.2542167,0.52139676,0.96820486,0.55360687,0.0,0.45094445,0.28650048,1.1421034,1.4077923,1.193514,0.39343938,0.31361192,3.1837082,1.0368426,0.1821979,0.5782443,0.0,1.6999611,0.31840605,0.0020744533,1.1044552,0.39429593,0.11755391,0.00097479677,0.5475053,0.6937754,0.45178297,0.0,1.0495713,0.23965755,0.18367475,1.1367189,0.033050243,0.628506,0.006593178,3.3576663,0.7077937,0.9953665,0.7623937,0.22110768,1.9229093,0.08740088,1.3253027,1.0077262,3.3457959,0.44376138,0.39225122,1.0750597,0.20264298,1.2785764,0.1739863,3.251881,0.26321578,0.35503146,0.27071708,0.0,0.30177477,0.2662804,0.8450229,1.8839895,0.2085307,1.8526032,1.0216228,0.26048785,0.15389585,1.2163268,0.048415996,0.749861,0.12920001,0.9816577,0.0042836135,0.36022148,0.3395649,0.18293855,0.6201216,0.78343946,0.3315958,0.39966747,1.9288814,0.6059888,0.8995598,0.3218172,1.8235483,0.05245648,1.1657215,0.8478883,0.5686391,2.0138032,0.2545993,1.8651009,0.8752739,0.0032235757,1.8065376,0.7560261,0.21286201,0.014958189,0.0,0.1044141,1.7075288,0.049380038,0.60036707,0.28171843,0.035494365,0.026507935,0.005924434,0.7537665,1.4905523,2.989507,1.7255448,2.021854,0.2326814,0.079418786,0.54036146,1.1134022,0.42352223,0.88981587,0.0,2.453724,0.444057,0.87606865,0.798941,1.2850853,0.2843257,0.7890536,1.2263944,1.0609268,0.97554815,1.1910716,3.095122,0.51243395,0.9148835,0.49061653,2.3488026,0.46363133,0.00097537047,0.09472685,0.75318205,0.9120784,1.2655158,2.2517428,0.026141293,0.121562116,1.5184834,0.2969464,0.9101182,2.314954,1.2229145,1.1493984,0.023951864,0.110395305,2.2877197,0.108968414,1.1415004,0.15803032,0.27745083,0.25662193,1.3841453,0.20030893,0.6076587,0.088492535,2.4802558,0.12874815,0.19426042,0.4454177,0.69912827,0.46879938,0.4463285,0.67836714,0.61386436,0.037478175,1.6442776,0.77988005,0.2608471,4.210086,0.8942874,1.3006072,1.1410238,0.42831,0.22030538,0.07989888,0.7092428,0.2714706,1.2360086,3.0498612,0.014091875,0.0071000378,0.36670077,0.7261502,0.013970141,0.23207761,1.056472,0.094225615,1.1189463,1.2507542,0.26955673,0.0023819003,0.3541863,0.0003370156,2.1491199,1.1231302,0.6150202,0.4993698,1.1374804,1.6447766,0.04810236,0.645545,1.3354392,1.3379898,1.0364066,1.3847547,1.2146298,0.34231177,0.41565323,0.8260497,0.23049018,0.8011284,0.030661266,1.7783265,0.15605003,0.049588192,0.8107882,2.272198,0.31802016,0.94703305,0.49406856,0.84861255,0.1708019,0.6377352,4.22259,0.5530432,0.5992369,1.473056,0.5654481,0.018446838,0.81644905,0.43180808,5.3334837,1.3333267,0.011349413,0.80513823,0.037223905,2.0486367,1.739547,0.30515748,0.41247666,0.17911908,0.051622223,0.93886644,0.5210482,0.060718495,0.4781213,0.10743335,0.27040473,0.6064346,3.6473613,0.285892,0.20880239,0.0023537565,0.0005435229,0.65995914,0.22666627,0.24338971,0.24021298,0.26688287,0.8798478,0.76864976,2.1835785,0.040819585,0.27929628,0.5961022,1.700385,0.14906877,0.34537774,0.06381618,0.23785128,0.98222095,0.33730417,0.38588104,0.8983038,0.17450434,0.19701265,3.797508,1.3949418,2.399097,0.008764622,0.3328411,0.8153591,0.32507458,0.053867947,1.8420426,1.6314498,0.22479156,0.55501014,0.76420784,2.111684,0.2163249,0.661173,0.062356416,0.7051822,0.43095988,0.013982692,1.2240509,0.0,0.7824011,0.80501056,0.9969457,0.2160667,0.589989,3.4776583,0.8025921,0.8343496,0.05826718,0.3804361,1.3708824,1.1042193,2.9279735,0.6074686,0.7551408,0.0,0.8867214,2.2270465,0.9861112,0.0,0.04233984,4.98296,0.5371085,0.97035295,0.44448376,0.6493692,0.42685005,0.43880478,0.9595955,0.0042639277,0.011036997,0.78694165,0.01017307,0.6809159,0.53972,0.11449038,0.03128453,0.33781958,0.6673694,0.6311474,0.10281121,0.89825314,1.4156164,0.27318934,1.9652625,0.738261,0.27186462,0.11875421,1.4850984,0.38348505,2.6923523,1.1723235,0.12598352,0.3981192,1.1087302,0.81726664,5.484931,1.4826187,0.97187567,0.18281096,0.8779555,0.71224314,0.1993225,0.28668517,0.19512233,0.33587828,0.011371646,0.26282126,0.21093306,0.49992213,0.42621768,1.2178411,1.0010912,2.3233576,1.5031455,1.0719763,1.0244397,1.6738256,0.31782338,0.87575483,3.3076205,0.3487204,0.882303,2.4879613,0.044549163,0.9634256,0.74358535,0.77550566,0.07868917,1.8245794,0.44888288,1.1764991,0.7764549,0.11974581,1.3595095,2.4923964,0.18965743,0.12655105,2.9784281,0.54956853,0.699087,0.31432945,2.898711,2.7801564,0.903367,0.02821127,0.44862688,1.824697,0.7709124,1.450212,0.13191873,1.1156948,1.6620123,0.39466032,0.019771803,0.7835109,0.004632059,0.19270414,0.49772787,0.5308291,0.86802423,0.33182234,5.8292212,1.8057431,0.36523417,0.5403886,0.4939582,0.09286495,0.58829105,0.37845805,0.57409143,0.13994312,0.67357534,all_pothole_images\pothole_images_optimized_image_369.jpg
0.21149893,0.33879057,0.1894598,0.72016656,0.34087223,0.39707363,0.33707514,0.22136162,0.09205932,0.13969207,0.2777815,0.19809277,0.0036869238,1.9624965,0.056749176,0.051631264,0.12347764,0.057094485,1.3135719,0.024868691,0.5136094,2.0472336,0.116713755,0.27149186,1.3346136,0.8037044,0.07861735,1.2421725,0.1202716,0.031358175,0.4964029,0.42198282,0.35253984,0.110560454,0.17898111,0.79775417,0.20546573,1.199946,0.2520776,1.604453,0.0014404497,0.003998849,0.230066,1.5077921,0.17281163,0.038468864,0.0,0.56378347,0.67883855,0.2728642,0.6023842,0.24844725,0.031426664,0.07215496,0.043129276,0.5040325,1.852193,0.23939094,0.45684698,0.32149586,0.03152193,0.22874223,0.15959984,0.00058697665,0.1116272,2.920051,0.3626389,0.07451944,1.164029,0.027131867,0.21592776,0.1387746,0.102239616,0.13624014,0.19965737,0.18410343,0.069729894,0.38954127,0.0684494,0.545956,0.010303376,0.15268588,0.22936174,3.0730479,0.121198185,0.14267503,0.6807645,0.076359555,1.9999315,0.10795886,0.17457047,0.16181254,0.0035032853,0.14673503,0.011780894,0.0044192965,0.3713941,0.34874,0.94621444,0.08964168,0.0,2.129664,0.5122237,0.12927006,0.38815594,0.24797153,0.6699865,0.29741427,0.0038276662,0.6565738,0.0,0.70689726,0.01442829,0.17756107,0.112836115,0.35105202,1.6152345,0.005477603,1.2591488,0.8753651,1.2819304,0.038675696,0.25553003,0.07615013,0.7373735,1.0448321,0.011555854,0.068856806,0.49573097,0.52157885,0.098204084,0.029660925,0.12954211,0.08261001,0.03898702,0.4572684,0.14589168,0.8231463,0.79697657,0.7590236,0.018096058,0.1232148,0.1467876,0.7827136,0.08438499,0.15281133,0.50323904,0.6012612,0.25603154,0.103373796,0.24010745,0.18434305,0.0982972,0.0,1.1897827,0.14406763,0.3661731,0.179604,0.05850332,0.083609335,0.6983327,0.8883507,0.052004717,1.2636727,0.08876958,0.06581708,0.1306532,0.3115863,0.63673335,0.73896545,0.17272303,0.007741531,0.0,0.19352488,0.68335223,0.047207568,0.056348044,0.08186579,0.0,0.082217135,0.0,3.4469635,1.3331985,0.5757893,0.9560991,0.2395564,0.52688074,0.006834506,0.46069783,0.1627407,0.10355197,0.14733537,0.05717805,0.3145628,0.23082079,0.09143399,0.45105758,0.44546616,0.5140629,0.17656164,0.25145665,0.11971706,0.08346145,1.1474376,0.792669,0.018580193,0.14737915,0.14897351,0.11431268,0.0,0.4671129,0.017293023,0.88809717,0.20838283,0.41752934,0.04042308,0.45784038,0.24120992,0.65581256,0.06699729,0.690621,0.1641903,0.33626753,0.8475849,0.09477871,0.12380603,1.0003948,0.021478944,0.5287008,0.1406987,0.0,0.08937718,0.40357238,0.10700925,0.10435172,0.11810354,1.6684171,0.08431277,0.12769249,0.6199635,0.2916579,0.020085055,0.02845714,0.06861101,0.31116003,0.0,0.27920684,0.53777677,0.14858924,4.406784,3.043082,0.008802666,0.29568765,0.07294393,0.008376534,0.18899423,0.3536038,0.12997249,0.07249855,1.5693467,0.10098624,0.1721949,0.41811618,0.21889117,0.45781216,0.27452952,1.3809824,0.10371975,0.45570162,0.1717934,0.114942625,0.07291095,0.47558162,0.56076306,0.79603964,0.37376714,0.03752471,0.19248205,0.3061675,0.27417365,1.6515193,0.40321302,0.31533587,0.007359845,0.27576128,0.33411577,0.605157,0.75241554,0.6277954,0.02956346,0.024996854,0.15938866,0.20057636,0.099767335,0.29042256,0.3571153,0.12534633,1.5800909,0.0809042,0.42950693,0.31400064,0.899645,0.008030307,0.5931505,4.93835,0.27454603,0.00059109804,0.1371251,0.21206768,0.45534515,1.42862,0.030833842,2.0708349,0.8340605,0.0062196297,0.2515517,0.27250656,0.9336943,2.1018627,0.2171111,0.13964985,0.0,0.24311784,0.07680763,0.31310314,0.26263905,1.5272497,0.15700665,0.4603418,0.43116432,1.8160851,1.2151015,0.021200262,0.17075025,0.07423144,0.80204964,1.0356572,0.253085,0.09565532,0.19750862,0.01714295,0.10364664,1.4743377,0.17120676,0.3687219,0.16960624,0.0023144973,0.20908059,0.40065318,0.4937414,0.27305913,0.120173715,0.7970007,1.0266521,0.01555589,0.49634153,0.4780784,1.0568621,0.2904385,1.1375773,0.033619314,0.017042454,0.00085810066,0.18367693,0.000426141,0.026772324,1.9872457,0.17192742,0.15465139,0.08653168,2.7221437,0.0,0.3630771,0.045163758,0.0022785175,0.062028233,0.0,0.040354006,0.23524046,0.22657308,0.5892571,0.0,0.30066332,0.27745038,3.2365086,0.9432123,1.102985,0.003342904,0.061437897,1.1691886,0.65204465,0.9043706,0.0004485236,0.009096972,0.034237456,0.0,0.6205595,0.036088116,0.008954756,0.094667025,4.6491656,0.48935792,0.53857565,0.09369937,0.7063746,0.0,0.15697086,1.1983011,0.11137682,0.036939498,0.45690468,0.12077888,0.116135344,0.6165365,0.001518747,0.016327528,0.019026937,0.13618813,0.09010693,0.0,1.9766273,0.098804675,0.90248436,2.31668,0.8494147,0.10810712,0.34158123,0.40171346,0.0072970176,0.41909915,0.7983987,0.035266683,0.09532007,0.016499717,0.2830018,3.4047072,0.51866424,0.1513484,0.015196474,0.046327963,0.57253385,0.10994144,0.07380559,0.5093891,1.0391784,0.021567695,1.5675448,0.5765795,0.20223396,0.35928857,0.97531855,0.18628192,0.5503923,0.670501,0.4047318,0.9097131,0.38588974,0.48269567,0.33565512,1.039645,0.39199707,0.12116691,0.73694545,0.0,0.35757616,0.1105545,0.22169052,0.42832768,0.05215107,0.13927226,0.47529253,0.3011039,0.48410982,0.1775286,0.39456305,0.04224419,0.2452268,0.67075485,0.2675547,0.46604335,0.09708799,2.1885688,0.6490223,0.039197445,0.12342826,0.3712957,0.039183997,0.22684841,0.69059026,0.27879807,1.5160022,1.4776639,0.050188612,0.12978904,0.0,0.3406474,0.109495334,0.16247906,0.17081878,0.034157537,0.24198572,4.5177937,0.10661786,0.0141936205,0.12095903,0.19764476,0.6268293,0.081847325,0.67222375,0.1953525,1.0316472,0.47427934,all_pothole_images\pothole_images_optimized_image_37.jpg
1.6699829,1.1376034,0.92758775,1.4492848,0.8328557,2.9504807,0.595826,0.09360358,0.29356942,0.57212037,0.09631184,0.036138188,0.4781187,0.21427214,0.9070171,0.50667113,0.07729192,0.51966894,0.63333696,0.17470425,0.81994176,1.8027514,0.6858894,0.783461,0.2205115,0.0148845855,0.01829138,1.541473,0.00512198,0.21955848,2.006678,0.5482613,1.4853421,1.0857701,0.1742062,1.3575109,0.3603588,0.31916228,0.13701588,1.1098522,1.3900249,0.3172444,0.10398372,0.7564017,0.4370083,0.0023512538,0.4153577,0.00048298284,0.35450214,1.8202542,0.2719206,0.2926766,0.61442024,0.7753515,0.30127296,1.3588338,0.90146536,0.057903867,0.44592673,0.00032832994,0.044331416,0.11213279,0.2889188,0.3836008,0.47839195,0.71012753,0.0,0.0,0.92838836,0.02391837,0.06712769,0.093856126,0.35096008,1.1064737,0.08898695,0.51166034,0.008026329,0.9735696,0.64287347,0.06642905,0.13767986,0.38601625,0.1887324,0.0043932605,0.3436009,0.8562178,0.21565981,0.5113807,3.4185472,0.10951727,1.127244,0.12784618,0.02683099,0.5201601,0.034706462,0.092686035,1.5745473,0.64980364,0.10212202,0.006687524,0.11237243,0.60318995,0.099885605,0.0905042,0.29003853,0.6873206,0.042457484,0.19906713,1.2827108,0.7943682,0.0,4.49938,0.27536446,1.3657532,0.045148995,0.51090837,2.487471,1.3287278,1.0549824,2.0685008,2.2052317,1.4398881,0.94672966,1.8855395,0.17093761,0.57112604,0.5424499,2.869283,1.140117,0.05206721,0.09868643,0.010894344,0.059461027,0.045049913,0.40849996,0.6490768,0.04143733,1.8646308,0.062001664,1.0945755,0.3483144,0.0,0.27304754,0.9415528,0.09501252,1.0578965,0.29653147,1.9754814,0.39824307,0.16152579,0.7695765,0.44492775,0.24296711,0.16846517,2.5016475,0.8295096,0.11681434,0.21834567,1.7534124,1.1091741,1.579349,0.5759865,0.04734081,4.0327177,0.014424978,1.7971014,0.18632114,0.022008244,2.199704,0.1417359,0.1776695,0.03095109,0.02463964,0.20056327,1.5356041,0.07162878,0.48022786,0.066110745,0.008260303,0.39796922,0.023569299,2.3615682,2.2862847,0.2545681,2.2797458,1.2844731,0.07964026,0.51641196,1.8773384,1.4127617,0.118952066,0.4942977,0.027143735,2.3028898,0.67239106,0.2150179,0.8639593,2.5685637,0.2763929,1.5672213,1.1566329,0.84023565,1.1775932,1.7132127,1.9014845,0.15268128,0.70957893,0.10112509,0.1959808,0.34389752,0.0015664067,0.001221176,0.5321152,0.63703597,0.12568517,1.4097145,0.2774989,0.0879901,0.8820577,0.5417808,0.054642178,0.34908092,0.12777819,0.8388426,0.025154108,0.31867248,2.9875824,0.30294615,0.030368378,0.0,0.5056353,0.041712765,0.09842618,1.1088213,0.5045911,0.3030129,1.8252039,0.15192033,1.096934,0.0677763,1.0201724,0.36681867,0.10944141,0.00048711206,0.023329306,0.14010683,0.20429479,0.33533624,0.7214045,3.005819,0.8233068,0.12167886,2.0093281,0.07924909,0.77674943,0.46841934,0.30104128,1.5867801,0.116314515,1.505509,0.03522602,0.16822219,0.16648038,0.5858423,0.1773702,1.4398109,0.009067073,0.16261478,1.6558632,0.6843291,0.9190161,0.2299989,0.0040551196,0.99636704,0.8870217,0.53810346,0.42778948,1.118548,0.27191764,0.45000178,0.00673159,0.0145316925,0.09763833,0.13269688,0.5647665,0.52829164,0.33717722,0.4828832,0.033402637,0.42685252,0.68907547,0.1575321,0.37485254,2.1764402,0.070724465,0.06295907,0.3070124,1.6922767,1.3212905,0.08353875,0.26109427,0.57981795,0.004825955,1.1878982,2.7096958,0.4836994,0.0016589544,1.5749213,0.0087551,0.06686919,0.6225241,1.7677516,3.6731713,1.7637652,0.04768216,0.19534181,0.29132584,0.15078409,1.2445185,0.5347886,0.71183467,0.011013593,0.003977525,0.28651246,0.61044276,0.50105923,0.1394746,0.4685654,0.34752852,0.5255434,3.7626984,0.31429425,0.07533461,0.0,0.011621517,0.12641342,0.20668784,0.008104514,0.22437052,0.16098441,0.8550573,0.11150681,1.7576331,0.023892803,0.59616464,0.80771494,0.067354605,0.17512563,0.23717451,0.10868884,0.8817722,2.5119007,0.63202477,0.39681017,0.13669398,0.09440162,0.40306175,0.16188067,0.47727868,1.5557855,0.0012765166,0.13968833,2.2837858,0.2190742,0.04119899,2.1194894,1.6240611,0.20235151,0.011960757,0.15097658,1.3873587,1.056455,0.39483246,0.005821282,1.8756025,0.4478319,0.4244344,1.4303203,0.36538965,0.17615232,0.025452765,0.022575485,0.12130054,0.96526426,2.097133,0.9833492,1.0514574,0.0054224846,0.068622425,1.2282875,0.36025053,2.822392,0.17373295,0.0,0.20877129,0.31212857,0.6395798,1.3588814,0.14649117,0.030813577,3.7557516,1.0641805,1.3682892,0.09826158,0.076637425,0.21408413,0.27393845,0.05021507,0.0286822,0.014281858,0.60754776,0.7655571,0.79539037,0.1617085,0.0059044384,0.03874568,1.3788735,0.07204069,0.028241659,0.11304747,0.16420251,0.570992,0.6189396,2.2647645,2.0134718,0.093274884,0.11089037,2.0691693,0.8329216,0.6926662,0.12237278,1.2161971,1.0173784,0.09579958,0.37411964,4.989448,0.58736885,0.8127903,0.38382214,1.6009102,1.0071986,0.22861697,1.2105153,0.5330719,0.15355912,0.0047297147,0.76570535,0.2287119,0.019588593,1.8716502,1.664884,0.98041296,0.21272446,0.8703373,1.2770213,2.114638,2.9374526,1.1603897,2.3661737,2.3423455,0.57639754,1.6807325,2.6125624,0.18771626,0.49107143,0.4852438,0.43227628,0.0,0.8431006,2.2284992,1.5642787,0.86315644,0.24669869,0.023936743,1.2253752,0.26340362,1.0824976,2.8910666,0.42844415,0.039893124,0.13536023,5.990082,0.4443487,0.17458512,0.015460893,0.22957142,1.6405843,0.23359281,1.1308461,0.25434038,1.0079192,1.2850301,0.09760435,0.14587067,0.06578068,0.32707018,0.08623848,0.0042965887,0.31895524,0.7267513,0.20505023,5.075898,1.8056262,0.3928804,0.70513606,0.24330577,0.1532113,0.3798466,0.010674259,1.4751618,0.14789063,0.0016365459,all_pothole_images\pothole_images_optimized_image_370.jpg
2.2749343,0.123506784,0.03427946,2.1089752,0.48734164,0.99851817,0.06766144,0.0,0.26842785,0.0021835545,0.12421483,0.062348414,0.5218105,0.42013603,0.44567472,1.0769264,0.3682503,0.069029436,0.2719931,0.010207011,0.36498716,1.454426,0.38380685,0.30722997,0.68827397,0.54086405,0.01068921,1.3590178,0.01518751,0.28478357,0.9520178,0.84442985,1.1400663,1.4886129,0.13723317,0.9367954,0.6562042,0.32781425,1.2475173,0.07773466,0.19890341,0.05343676,0.3550176,0.6675197,0.35268724,0.30271152,0.020157266,0.028528374,0.84679264,2.6985638,0.9423814,0.22108468,0.45557746,0.29313606,0.09127866,1.2811965,0.5743366,0.0961472,0.15331705,0.087604016,0.021627458,0.43038347,0.017454246,0.34506643,0.9322964,0.8757076,0.003851977,0.54257214,2.2323232,0.1680113,0.066518955,0.6205308,0.8990192,0.9614732,0.1038375,0.73656166,0.17721157,0.5780737,0.29024485,0.08979114,0.19093432,0.09773589,0.2953968,0.13138933,1.1679808,0.13389854,0.71929383,0.18104897,2.5589554,0.760206,1.9877661,0.14978388,0.28773627,0.49539518,0.45214787,0.084392644,1.6057075,0.091848254,0.100968674,0.6624019,0.21795711,0.8941929,0.49059555,0.025678946,1.0828722,0.3119989,0.2989649,0.6503436,0.29461607,0.32818356,0.0,3.2934358,0.5009327,1.4194859,0.097897634,0.91091293,3.0000186,0.67296785,2.7498038,1.7384729,1.5932505,0.35550904,0.82037646,0.33717957,0.08273528,0.8913569,0.23521575,2.8244908,0.5006037,0.0,0.20261231,0.0,0.038564473,0.0014913337,0.015448414,0.6548009,0.29768068,1.7228694,0.23103265,0.21542892,0.2582922,0.008130047,0.09172187,1.1865817,0.0057743196,1.0444864,0.051829927,0.33481932,0.3401029,0.051167306,0.20740886,0.59679806,0.30841008,0.28281233,1.6965193,1.8539184,1.3000491,0.08892091,2.112434,0.019130092,0.75887376,1.3649315,0.06298699,2.727285,0.1459864,1.4274422,0.05328715,0.0015102938,2.1921191,0.94559896,0.0,0.18442313,0.08139608,0.0031231614,1.2478714,0.0,0.5386069,0.029333442,0.51980686,0.20306943,0.0003434977,2.6961336,2.452954,1.6328166,3.170374,1.1829149,0.4551548,0.8152723,2.5393171,0.7001886,0.0047554416,0.41634634,0.14404425,1.7046633,0.24006423,0.28037328,1.3174688,0.7631889,0.9009148,0.3440881,0.7377886,1.6194195,1.7995054,1.7924241,1.9578303,0.73243946,1.0523864,1.2399771,1.5070175,0.23841098,0.027963249,0.0,0.4461912,0.29223874,1.0625219,1.2668815,0.023730103,0.3062101,0.22821023,0.02682433,0.45893034,1.3019546,1.0681292,0.15616648,0.1105271,1.1744812,2.4248962,0.29313505,0.55954635,0.08787538,0.04802841,0.09673057,0.17901745,0.9566308,0.25578445,0.62368244,3.2184637,0.019996395,0.46382564,0.23936689,0.66209316,0.5297529,0.022337703,0.0037414175,0.3229449,0.0,0.315327,0.43834934,0.5629806,3.3792028,0.36774194,0.73146194,2.1569793,0.40688795,0.6428018,0.00059048244,0.44989228,1.2240857,0.08541175,1.9058373,0.041957162,0.18741906,0.6207036,1.9835289,0.4528234,0.5582802,0.4087904,0.7303615,0.4138863,0.46755594,0.032835655,0.10273914,0.008738227,0.61316204,1.8915,1.0808425,1.1673858,0.105285205,0.3663231,1.4539411,0.0,0.22223194,0.20694062,0.09608845,0.09252241,0.3814297,0.45160797,0.6029738,0.30620474,1.2356526,0.8708601,0.108604155,0.8852883,1.194036,0.0031026711,0.16219564,0.49093273,1.1575739,0.95749044,0.01660235,0.68831867,1.5522013,0.049997296,1.0840713,4.399823,1.0210805,0.16659784,0.6857815,0.13361253,0.2750024,1.3498026,0.89389175,3.8415065,1.8574089,0.0,0.5134964,0.0,0.40716928,3.0051305,0.59114593,0.86914754,0.13460314,0.030123223,0.24077144,0.5540308,0.07843615,0.22703041,0.32982105,0.13075705,0.05725414,4.062703,0.29120228,0.0,0.024353227,0.067799434,0.40637168,0.5933145,0.041737683,0.092802845,0.5165686,1.0078444,0.08478579,2.114023,0.4135342,0.28992027,0.77090794,0.32302514,0.22124322,0.44104615,0.52198946,0.36887476,1.9817252,0.18334855,0.06103407,0.03194642,0.18175507,0.43653736,0.5593586,1.0182917,1.9599638,0.005908786,0.10609297,0.93575615,0.68143135,0.32235944,0.5123315,2.070513,0.09461823,0.17021471,0.13068256,2.357051,0.35208476,0.65496016,0.0,0.3823805,0.444883,0.037566405,0.5919377,0.33334535,0.2663136,0.89670646,0.0028891815,0.007313093,0.74976796,2.7132092,1.1639619,0.6228706,0.0,0.30644128,0.71889216,0.7772649,2.7769842,0.33179235,0.0013689008,0.264642,0.102907404,1.2134182,0.598197,0.6770966,0.21504556,4.806022,0.59233534,1.9933366,0.055022247,1.0647483,0.39564213,0.60584646,0.5042154,0.095037304,0.13319041,1.0735432,0.44896764,0.36036852,0.9174107,0.012497278,0.108240865,0.43671665,0.03275147,0.59560317,0.0080356235,2.016664,0.64009535,0.43314824,0.6495531,1.3006777,0.013693422,0.11230974,1.3104228,0.012768779,2.1995168,0.31180635,1.0099369,1.2087926,0.64753383,0.25882262,5.218169,1.4315197,1.175432,0.0025982892,1.5766405,0.65082747,1.1268789,1.0253575,0.60313755,0.050007414,0.04031809,0.35060772,0.18862164,0.0367881,0.31938842,1.3372453,1.5307312,0.22547704,1.9331591,0.46717694,1.4780885,1.2197266,0.40392226,1.3575364,1.9776723,1.3523145,0.9820222,3.2301238,0.35465735,0.7047605,0.40834007,0.98992795,0.008385135,0.022759989,0.24417484,0.3456158,0.8709985,0.33810467,0.19930713,2.021554,0.011446156,1.3684293,2.3020954,0.24821419,0.039775778,0.015190291,7.047775,0.97484916,0.7309921,0.0,0.31814015,0.21350142,0.36840665,1.7517829,0.074819624,0.30761307,0.55859655,0.0850249,0.6909847,0.22245991,0.036107976,0.2253324,0.34619424,0.49183005,0.114271864,0.5936064,5.5787506,0.98085546,0.12323144,0.9973993,0.2815619,0.58067256,0.36099562,0.22561368,1.8116897,0.15814282,0.6083649,all_pothole_images\pothole_images_optimized_image_371.jpg
0.10285121,0.18359143,0.8517053,0.6746125,0.36921793,0.28995836,1.2340792,0.25237244,0.9726098,1.8228655,0.1149264,0.6466869,0.13852255,0.11896801,0.064587645,0.70875055,0.008292231,1.3203437,1.2283784,0.12363399,0.70339185,1.2970375,1.38271,1.922808,1.215629,0.24094202,0.038370427,0.60239285,0.029105587,0.09911325,0.1445159,0.0,0.9085656,0.5940006,0.31188518,0.70233923,0.1450052,0.21739867,0.009677986,0.24255297,0.25091258,0.012901408,0.053251226,0.6984372,0.4085385,0.46865317,0.15415141,0.048710655,0.28393915,0.26449466,0.9992313,0.52218,0.60520077,0.31011194,0.83990246,0.5980993,2.0641055,0.1692103,1.260773,0.541544,0.0075495024,0.63522416,0.6419577,0.31820092,0.42707425,1.7714022,0.8517216,0.0,1.5557607,0.08321773,0.088426605,0.088878736,0.40495044,0.060745787,0.11823905,0.115022324,0.11276386,0.20288527,0.0,0.09684965,0.0795531,0.25659093,0.7518977,1.8558183,0.7225787,0.684402,0.17174113,0.17481327,0.623759,0.45418477,0.026571898,0.21681646,0.014521786,0.31906736,0.011310224,0.12112821,0.7222232,1.6825773,0.19609389,0.09838002,0.15723197,4.161854,0.58275336,0.009001448,0.42710322,0.50020254,0.09877612,0.23526199,0.06881061,1.6182283,0.087456174,1.510573,0.0711538,1.1321459,0.10695401,0.34551167,0.819761,0.00425134,3.7744641,1.2106537,1.1359198,1.1121184,0.42117032,1.9296216,0.9335137,0.8786878,0.0021139414,0.06281846,0.537032,0.04007922,0.23016398,0.34934354,0.09970873,0.4413498,0.073443525,0.25828812,0.005945258,0.19430363,0.38560313,0.18345186,0.092765905,0.15675071,0.5264033,0.69153583,0.0,0.107442126,0.113390476,1.2883351,0.18531501,0.20735197,0.9458543,0.17870323,0.57204676,0.0061393427,1.8096421,0.6482471,0.69357044,0.43412858,0.6381754,0.039315008,1.7124575,1.1455004,0.0063471003,0.97620326,0.61485046,0.17065609,0.99019575,0.16071963,0.41001603,1.0829072,0.3503388,0.0018424841,0.0,0.040335335,1.1984193,0.2545694,0.04129091,0.0033051036,0.2031993,0.0963757,0.22669712,1.3238211,1.863815,2.3155189,0.59708494,0.69817644,0.02284834,0.10796503,1.1691983,0.50480556,0.2990086,0.027446115,0.038586434,1.3616602,0.19015776,0.3009946,0.5760802,0.8032271,0.3078199,0.1507751,0.34379756,0.3961282,0.42936802,0.34550056,2.239768,0.25628036,0.49587795,0.6261084,2.0510497,1.3073186,0.002233095,0.26973864,0.031909257,0.6529669,0.1285722,0.16533859,1.210041,0.37872037,0.49781588,0.09833595,0.31088233,1.6616561,0.76264405,0.48137844,0.0,0.030462353,0.55173117,0.2427091,0.7882196,0.1027287,0.047517467,0.15079655,0.41321546,0.083141595,0.33155113,0.07918333,1.2714596,0.047901966,0.03371318,0.05601008,0.8629659,0.37643015,0.4427408,0.22870472,0.33665523,0.011382545,0.4768193,0.036838908,0.124287575,2.9521763,1.8352661,0.365639,0.20105046,0.005033424,0.02237002,0.297777,0.769605,0.3697589,0.45129514,1.133983,0.2791935,0.012826809,0.098219015,1.7517464,0.4839549,0.28431568,0.812368,0.1318001,1.3161801,0.17592236,0.298027,0.014373677,0.98028624,0.503635,0.21722636,0.07421943,0.06400513,0.18288815,0.56017035,0.38164404,0.51578444,0.42474636,0.57317704,0.15169671,0.09546447,0.12293617,0.4222335,0.38310865,0.23641868,0.37884194,1.0458834,0.10707018,0.18971781,0.57880896,0.1623133,0.09843491,0.6496176,2.7471812,0.12188508,1.1706498,0.09106258,0.20026755,0.0,0.106124125,2.9632456,0.24524018,0.043666594,0.1233465,0.06777248,0.12701564,0.84423715,0.5497677,2.9589195,0.97461826,0.076313935,0.5826982,0.20450872,0.6492966,2.8608098,0.26838028,0.7608561,0.11954595,0.1720192,0.29494712,1.0164853,0.14142166,0.44014046,0.15731092,0.20942338,0.24755162,0.9008012,0.7786468,0.12278457,0.0,0.0,0.5491491,1.0295827,0.1189904,0.05327409,0.07965436,0.8223391,0.72724885,1.7858665,0.0,0.20014323,0.38762078,0.30395043,0.05015277,0.0147633515,0.27693078,0.10054341,0.276431,0.37445974,0.23736136,0.15456736,0.7262016,0.74454945,1.5667005,0.25641775,1.2382107,0.37029698,0.38148865,0.3228146,0.19968984,0.10412037,1.1098413,0.76557654,0.15415634,0.57392484,0.089898646,0.8910867,0.0032535365,0.54670244,0.0019973412,1.5002544,0.010909051,0.44030368,0.21191955,0.84096485,0.14939769,0.4306345,0.0,0.30946475,0.093154624,1.3400398,0.33937493,1.57511,0.17935759,0.35384655,0.39997855,0.18415408,0.28950232,0.10806755,0.47779775,0.037027955,0.19694635,0.9083517,0.10401965,0.64355326,0.45801246,2.2743962,0.90137887,0.39905944,0.5743154,0.14862227,0.013011301,0.20445545,0.70302206,0.0443999,0.19640061,0.21774724,0.45193946,0.03838027,0.13818224,0.04007462,0.33324942,0.32849076,0.16609854,0.4055379,0.057491105,0.6605255,0.36061165,1.8668234,2.907491,0.7967396,0.3939166,0.6678373,0.93770444,0.10175002,0.5318934,0.83010185,0.36506963,0.3904211,0.26855603,0.3631137,2.402602,0.34458876,0.03227987,0.4121933,0.5779298,0.029089127,0.19551961,0.5154647,0.07398478,0.7202638,0.24497639,1.1277819,0.19801441,0.03484915,0.2513218,0.4049686,0.35842997,0.7485152,0.34145397,0.38069588,0.9728638,0.38069943,0.35246906,0.31747854,0.71844333,0.1626849,0.91755706,1.0151002,0.013393561,0.4309366,0.43899038,0.036473744,0.1348417,0.21000563,0.7773998,0.46353003,0.4267769,0.0,0.3120772,0.18559197,0.101592995,0.11954868,0.5778133,0.09560755,0.071355276,1.2023387,2.1019475,0.5783668,0.16290794,0.0,0.46985692,1.1059124,0.17888577,1.283386,0.09771666,1.2568175,1.2817471,0.012121646,0.112198554,0.084346615,0.07039415,0.16967204,0.063715786,0.03471818,0.3354338,0.43502074,3.0259063,0.6345494,0.25963956,0.06750868,0.42303854,0.010877993,0.014202154,0.8120467,0.36934996,1.0656078,0.0013823281,all_pothole_images\pothole_images_optimized_image_372.jpg
0.037667233,0.46743715,0.6167315,2.6491668,0.4229181,0.23691477,2.356373,0.13699394,1.5195414,0.33866265,0.8746858,0.29491946,0.6961203,2.671919,0.007255982,0.9004952,0.67789644,0.81221235,2.7842317,0.019571045,0.18065143,1.5368125,0.1644543,1.1181884,0.6713567,0.021005243,0.50005877,2.2470326,0.575205,0.17264527,0.263836,0.44117114,1.5023481,0.7561446,0.09207364,1.197836,0.006174652,0.18864417,0.031809025,0.042130392,0.50206894,0.0,0.51660454,0.74832106,0.59262973,0.14271693,0.7087684,0.0,0.24861878,1.7158219,0.24066763,0.018528994,0.53922254,1.1621215,0.26595598,2.0438123,0.17984043,0.50979483,1.5945328,0.37944123,1.7405189,0.4410956,0.59410805,0.6126929,1.6625432,1.867213,1.974306,0.019866014,0.20938669,0.1782411,0.26947683,0.0042846957,0.20329191,0.012059203,1.4954123,0.10608706,0.02173274,0.51489544,1.3904461,0.032259587,0.075809956,0.039870117,0.15438439,0.86963123,0.524714,0.94068307,0.59439784,0.17057246,0.23014481,0.41239083,1.2222463,0.19887201,0.058830142,0.88299346,0.6778292,0.31147975,0.33611262,2.005111,0.026899317,0.47178757,0.059853975,0.93607557,0.020427918,0.45295146,1.6113241,0.47685802,0.16930291,0.29889157,0.092160106,0.16842201,0.3484936,1.3231167,0.04193304,0.41553655,0.19241793,0.0,1.3765286,0.65725034,2.3569973,2.3428793,2.041336,0.37665692,0.36469847,1.58726,0.54286486,1.1931897,0.09651363,0.27989727,0.7200435,0.11881724,0.6538378,0.1111808,0.30458614,1.5185161,0.36801708,0.28547743,0.58611727,0.43996975,0.13183036,0.67023885,0.13372858,1.1757392,0.29219234,0.109913826,0.37692857,0.6334355,0.048091255,0.023278471,0.4654977,0.28714666,0.06796947,0.30100974,0.09337417,0.12753966,1.6367648,0.34142622,0.8048253,0.12530936,0.026682936,0.75592303,1.3585713,1.3598301,0.03290586,1.544972,0.68677723,0.036410246,0.5966182,0.11603108,0.5793031,4.3653736,0.23737237,0.04318519,0.006879598,0.47859412,0.250263,0.87676924,0.64315903,0.014015689,0.23998967,0.3544115,0.015643744,2.013954,1.160453,0.2535551,1.1448847,1.792395,0.76155096,0.75132626,1.2058533,1.0144838,0.038317475,1.8984215,0.41227177,1.0627267,0.2659466,0.20416178,2.1727066,2.5556898,0.20507313,0.2917185,0.0688359,1.1640302,0.5372303,0.30344734,1.3103021,0.40854684,0.7783863,0.23309606,2.6937494,1.0062139,0.14684245,0.057017267,0.057644676,0.5502947,3.6197789,1.9958799,0.22512461,0.886081,2.6437848,0.27686054,0.14679416,0.7364194,0.7343064,1.6281766,0.0,0.00039109527,0.6208642,0.06312469,1.238502,0.26026717,0.095292486,0.22633097,0.15176818,1.2884232,0.4697415,0.46219438,0.2347781,0.10945725,0.5974476,0.6995999,0.16842699,0.8234394,0.15864813,1.56117,0.32826367,0.22043876,1.1611084,0.37850145,0.23793834,3.18421,2.3966036,0.0,0.3035205,0.16185737,0.1843933,0.7505221,0.5658419,0.7212657,0.22942169,0.7069388,1.09303,1.0855756,1.1181647,0.56166184,0.45895705,1.3136098,0.15675412,0.48669052,0.79914767,0.6349944,0.036759596,0.17705333,0.31631258,0.094541155,0.02239316,0.8428753,0.7185324,0.33309433,0.5318818,0.034749027,0.40349048,1.3178447,0.24618393,0.4800746,0.6282501,0.8892629,0.84103924,0.3279328,1.2259028,0.0,0.31374255,0.2663309,0.5818506,0.42609915,0.57347983,0.047184438,0.16861963,1.6480047,0.07054953,1.0406357,0.7143371,1.0925668,0.075523704,0.14606673,2.6241105,0.017173572,0.5851662,0.33217663,0.63471085,0.01647119,1.3142976,1.0771571,5.6440663,2.1605122,0.7657911,0.7253055,0.0,0.20323017,1.1738681,0.391639,2.3488126,0.35668653,0.19011545,0.4678985,1.0423601,0.09377935,0.42959344,0.018491581,0.011806213,0.14846738,2.4746146,0.11640808,0.17459679,0.093243405,0.4476787,0.10095161,0.47947916,2.4367526,1.7678803,0.18327905,0.258275,0.6781424,2.0940452,0.41189122,0.9663165,0.4394819,0.10614463,0.04295011,0.21109615,1.2851713,0.8334797,0.74395347,0.9539097,1.1486056,0.50550145,0.3921466,0.006930201,1.0360496,1.599734,0.48695505,1.0601898,0.11609608,0.94397515,0.0069282027,0.021991517,0.9302087,0.59625816,0.23259115,0.23740213,1.2548894,0.850826,0.30101305,2.2496064,0.37959296,0.77979314,0.6356492,0.0,0.051323753,0.17653605,0.95799917,0.48142183,0.75502294,0.22621606,0.82321805,1.5546427,1.0119696,0.20700057,0.809088,0.59365875,0.61406565,0.92862344,0.7333852,1.190651,2.3193645,0.41081065,1.2121202,1.0192047,1.3895098,3.4724183,0.009414317,2.0389528,0.19116779,0.11092765,0.16576242,0.21186258,0.46756977,0.3970795,0.07650417,0.04261047,0.035203256,1.6809821,0.8657189,2.0473773,0.031162703,0.04577117,0.059917025,0.7330841,0.014789308,0.16367874,0.020963438,0.0025226704,0.10311712,0.10652883,1.3658401,1.1943948,0.39424545,1.8612218,0.24322662,0.16802663,0.30773348,1.200559,1.074366,0.5923266,0.006247454,0.24653435,0.81267697,0.6548084,0.97531086,0.06591545,0.36728212,0.52668667,0.51118577,0.7439421,0.22051354,1.409171,0.22408544,0.915456,0.45472044,0.6946539,1.4940269,3.0752358,0.17221414,0.5012309,1.3577176,1.0302205,0.40245223,0.2647727,0.057667058,0.29050985,2.2025476,0.37189794,0.4156957,0.41685975,0.9556209,0.85193586,0.97771055,0.46714243,0.052123975,0.72445023,1.805261,0.18748258,1.2288551,0.046042014,0.14987738,0.38823345,0.16145535,0.6066107,3.4356542,0.92039955,0.14728,0.8931296,1.4595959,2.0573144,0.11925008,0.03439843,0.70025533,0.46023765,0.0006759264,2.7123764,0.6481021,0.8014531,1.7271199,0.12878048,0.0,0.24103104,0.0023991102,0.10496439,0.27951792,0.10568254,0.4317234,0.81447834,4.0931435,1.4139894,0.10992213,1.3929172,1.1264496,0.38467485,1.0931853,0.92377406,0.10806501,0.55737966,0.08895184,all_pothole_images\pothole_images_optimized_image_373.jpg
0.010259574,0.88820577,0.11123048,2.3402297,0.27191848,0.048572592,0.72629803,0.054375824,0.033209197,0.3710358,0.8776969,0.29808012,0.08461766,1.4678661,0.012617401,0.22980039,0.2458215,2.3145256,0.46198502,0.21299283,0.1082582,0.29669785,0.3575634,0.68011504,0.24578781,0.38146427,0.07982842,0.47220612,0.041377537,0.0,0.07759369,0.032710847,0.00399963,0.26072508,0.2793418,0.60835254,0.8414239,0.4806838,1.0580274,0.12860373,0.0,0.73243237,0.10323853,0.4975448,0.72893965,0.023393521,0.25138667,0.03066149,0.17634362,0.007684889,0.015733216,0.12482325,0.06320756,0.004561313,0.2840898,1.0563642,1.7759691,0.49715906,0.33914977,0.083881706,0.17392257,0.56062734,0.5396438,0.25508985,0.24181066,2.2834294,0.81483227,0.14736025,1.5147768,0.12637666,0.023466043,0.39768443,0.08997747,0.0,0.08833078,0.0034505655,0.12343844,0.050036293,0.0,0.004986843,0.02076855,0.6164706,0.9370908,0.4362283,0.570596,0.0,0.16052918,0.022782836,0.8277329,0.4175841,0.008430608,1.176562,0.26546782,0.25200564,0.13227968,0.0,1.3395734,1.1938121,0.32244053,0.55406475,0.24845502,2.4403036,0.68825686,0.3453785,1.6208284,1.1490532,0.17418526,0.0,0.15075238,1.0658447,0.02596014,0.20325111,0.4204453,1.2376004,0.6579131,0.23375468,0.0017612876,0.26933888,1.7388134,0.15520276,0.14232251,0.118041776,0.051709898,0.24798591,1.0852482,0.5049506,0.024727251,0.090371445,0.95856994,0.11680257,0.5516553,0.09719938,0.20372616,0.23359883,0.19653556,0.03794044,0.0,0.11418539,0.14715715,0.0,0.30287734,0.20610252,0.123299606,0.21372296,0.03538578,0.7829482,0.051113993,1.3649633,0.11347135,0.19318989,0.01618084,0.9063467,0.12297475,0.23368695,1.1206121,0.059880402,0.13184127,0.26855564,0.48777217,0.14923574,1.2730373,2.2503269,0.15221478,0.4421976,1.3966038,0.0,1.2442914,0.094843626,0.80621123,1.7760897,0.5680692,0.04840082,0.0019545627,0.28899464,0.12246223,0.14553165,0.13185622,0.0,0.048627835,0.0082854675,0.0025532448,1.7268654,0.42379582,0.20195085,0.37325186,0.47738147,0.42163855,0.20158546,0.13274723,0.21511148,0.31360295,0.08909385,0.6232557,0.23219512,0.20038758,0.013763931,0.53821385,0.4856644,0.5497752,0.17215973,0.04118422,0.37189996,0.23046291,0.054469053,0.5721613,0.040369,0.19785684,0.09224543,0.40319517,0.9212027,0.052447036,0.101065286,0.83642364,0.36056963,0.713466,0.501925,0.5792547,0.064301886,0.18550974,0.169803,1.6231613,0.6881462,0.199613,0.05590673,0.0,0.008276405,0.9422166,0.014217126,1.0237983,0.043794125,0.07462187,0.379112,0.9210803,0.034515426,0.057146523,0.04762946,1.4703526,0.38497075,0.36793292,0.044782218,0.33357927,0.08012934,0.24618629,0.2704699,0.032910705,0.015312391,0.6186748,0.48766512,0.25659716,5.298123,1.8289212,0.0021706887,0.15758018,0.016173081,0.022772955,1.1834533,0.030890308,0.5244536,0.45404968,2.0104043,0.16544233,0.0859919,0.26883736,0.5450474,0.09093933,0.06762835,2.0506015,0.122562446,3.534465,0.006836979,0.52532154,0.00024511025,0.54118776,0.30402175,0.2845592,0.8100673,0.012823584,0.30904758,0.4974882,0.21091673,0.5703238,0.039265037,0.51450574,0.0,0.0,0.0021382917,0.106243335,0.0,0.21620686,0.4648176,0.30758482,0.18923683,0.0,1.0404502,0.1948918,0.38471326,0.15690008,1.4543197,0.05178031,2.3135,0.83308893,0.0023248324,0.005230217,0.062821865,4.3804045,0.004368309,0.064453654,0.1511849,0.18128318,0.10547223,0.7588722,0.7666364,0.42699066,0.07391577,0.5779243,0.46919233,0.04802896,1.4003357,3.6675751,0.20871651,0.4839789,0.062469404,0.1384374,0.012676217,0.51390314,0.034685645,0.02568733,0.0059833233,0.40831032,0.056426242,0.331358,0.010775392,0.51446927,0.12203741,0.023252467,0.017359788,3.5198681,0.49618763,0.19810647,0.2222887,0.067585066,0.0024531344,1.3785468,1.1450843,0.83322996,0.40735385,0.0627379,0.0,0.00045553944,0.6770059,0.2751816,0.16719234,0.0,0.096226156,0.18266487,0.05409203,0.11272892,2.3842773,0.48959115,0.29158005,0.4054127,1.3453099,0.26631215,0.0,0.0,0.0086665675,1.3943655,0.0,0.17847182,0.30128852,1.2138616,0.18201493,0.23841137,0.05681781,0.27108794,0.18203236,0.033308826,0.08943462,0.19849843,0.07304385,0.4713527,0.0,0.51288307,0.4312026,0.58051574,0.027337007,0.28803003,0.0030603602,0.0018693503,0.24132484,0.008415293,0.1974919,0.0,0.46325675,0.0,0.0044684573,0.47458765,0.10198597,0.6194861,0.08708585,0.39320886,1.7148178,0.42932954,0.44750038,1.112426,0.28941146,0.2108962,0.5683643,0.22995037,0.09693645,0.039802533,0.5764071,0.12591481,0.101920865,0.0010379801,0.47884095,0.2605466,0.23488249,0.68115705,0.08031278,0.334806,0.41584575,0.2586465,2.152755,0.7979915,0.015671283,0.44658357,0.014990739,0.05431473,0.21347694,0.47877166,0.31864092,0.41450766,0.051434517,0.31920636,0.5980804,0.08515086,0.0,0.18380305,0.0011985054,0.44319203,0.18898794,0.03725845,0.006881274,0.21813388,0.07330611,0.23521267,0.2605216,0.95536906,0.5558142,3.063675,0.03329667,0.84848595,0.21542156,0.16461395,1.3437817,0.059886,0.04553709,0.0022512947,0.18396398,0.8594373,0.041160394,0.76168793,0.0053451755,0.6766429,0.0,0.14504795,0.0,0.53299904,0.4363018,0.64060307,1.1382296,0.008192884,0.11276385,0.64278257,0.22330076,0.15348542,0.9445966,0.23004165,0.27769396,0.7526053,0.14340012,0.7770575,0.03144693,0.13231573,0.14250319,1.3519609,0.037474364,0.78329337,0.008249674,2.07612,1.8734983,0.03485491,0.09246543,0.0,0.09671768,0.3262185,0.016360475,0.29563347,0.01247324,0.55529493,1.7346369,0.12491411,0.03651021,0.097105645,1.0259985,0.53292364,0.9150495,0.24034335,0.5541403,0.23250295,0.1711899,all_pothole_images\pothole_images_optimized_image_374.jpg
0.0023592932,0.41732496,0.004170475,0.6037205,0.5456716,0.035370458,0.73419964,0.106306866,0.5812234,1.3245274,0.2473495,0.5925049,0.0041758507,1.4713522,0.064338624,0.029333016,0.21969756,0.5238514,2.9254224,0.1398353,1.5787935,3.212112,0.15194377,0.07830175,1.6240209,1.2057607,1.2586375,4.4830027,0.78640133,0.77716684,0.80467045,0.03236413,0.81027454,0.180977,0.4182771,1.3883709,0.18722616,1.7232769,0.27181497,0.2742784,0.0,0.010256089,0.06887536,3.9848495,0.68488795,0.31560737,0.09451438,0.4789072,1.2930725,1.3636693,0.6481123,0.26811546,0.72798264,0.054852396,0.24984254,1.1636143,2.0364466,0.07208237,0.0143607855,0.39011753,0.5082637,0.11863373,1.0573046,0.21470317,1.6547823,2.0628204,0.09117857,0.01951263,0.12623484,0.14280744,0.07584899,0.9512928,0.26361012,0.26540545,0.800116,0.68736726,0.07419184,0.8412083,0.5817538,0.51950485,0.8432365,0.020464333,0.8749609,1.4825215,0.046410672,0.21180832,0.63006943,0.029984405,1.409611,0.016129564,0.14257075,1.1281184,0.16591792,0.085016735,0.023841675,0.052934956,0.14164141,0.6412277,0.9374255,0.18399417,0.17816244,4.0221114,0.0,0.0010422403,1.1431748,0.05863503,0.24618311,0.29449522,0.52137446,0.5243898,0.012862424,1.5613794,0.99563473,0.0037392261,0.9534221,1.087671,1.4178061,1.2358172,0.87314814,0.38492662,4.148104,0.17223994,0.14736846,0.7172559,0.99401015,0.37857187,0.14313915,0.172579,2.986234,1.0124334,0.2183473,0.07095254,0.0,0.1371924,0.6011248,0.022818469,0.36444607,0.87196517,1.4927398,0.5127086,0.20767576,0.01955749,1.8548417,0.074646994,0.3110948,0.84763646,0.72761494,0.41417623,1.4967343,0.04494017,0.24676612,0.2278468,0.17235892,0.0056854156,2.2368298,0.84676266,0.12190407,0.6919406,0.11094138,0.86081797,0.94729596,0.49266565,0.8508976,3.601326,0.0,0.04236536,1.1813707,0.17498942,1.1487521,1.4003273,0.065502465,0.12104909,0.16068065,0.8296949,0.07507443,0.041575048,0.7295742,0.06037091,0.21485408,0.11775589,0.05428493,3.051541,5.4460187,0.18170957,2.2327535,0.827034,0.4095613,0.7147746,0.063748576,0.45649758,0.044053193,0.18578611,0.0,1.7725054,0.12122286,0.3432137,0.7712857,0.021353817,0.038878635,0.23471092,0.27095768,0.45344663,2.5948634,1.6391735,0.5038333,0.07452547,0.16257802,0.64779013,0.58188236,0.08539379,0.2834595,0.7119676,0.49755117,0.33319294,0.7182389,2.4026797,0.842961,0.0083883405,0.45009488,1.0640708,1.1573732,0.17128395,1.3310064,0.7693917,0.24589309,0.41411355,1.0302223,0.9805607,0.4447583,1.1234254,0.3444691,0.046316464,0.08739006,0.536347,1.0704138,0.22395313,2.2254572,0.44669244,0.034063846,0.31057143,0.15725614,0.8285657,0.3588314,0.5541464,0.7288493,0.12208695,1.1618557,0.055875316,0.317196,4.079483,4.089039,0.12763055,0.18673137,0.015340215,0.041797906,1.690732,0.23450842,0.0030228517,0.71413547,1.0543091,0.078198016,0.121898815,0.10076157,0.27179644,0.22502661,0.6877152,0.28514665,0.2822848,1.601472,0.09051162,0.14982562,0.00025205678,1.5910035,0.10175676,1.0678232,0.16222472,0.056634218,0.7636526,0.3108568,0.40279523,2.722887,0.37001532,0.63318485,0.8118404,0.43316695,2.170434,1.4106233,0.7035081,2.5219262,0.47902864,0.09953675,0.25850168,0.016208893,1.3769116,0.29413775,0.13052972,0.003988969,0.33915907,0.83586895,1.2962856,1.2290958,1.8737658,0.2077574,0.0066787354,7.5878468,0.43962762,0.0834994,0.40545738,0.025216764,0.57875115,0.83667326,1.429328,1.0212611,1.7705003,0.03306494,0.7804131,0.10332304,1.5186986,0.36001778,0.5712925,0.0,0.097010545,0.5238605,2.6230757,1.3083375,0.42729053,0.6204684,0.007814797,0.44919258,0.65230596,2.045426,0.1835192,0.4255061,0.048727214,0.21844645,0.086840436,0.108640894,1.0668852,0.4763373,1.0426812,0.53350776,0.95992434,0.8397499,0.5467774,1.8316909,0.065440856,0.14755243,0.4320962,1.5449821,0.42674693,0.70893973,0.024591824,1.2539984,0.73041815,0.032789625,0.0702107,0.17558938,1.7744462,1.725766,0.39342973,0.0,0.04959563,0.46069336,0.731984,0.16081999,0.11086448,2.2938511,0.70027006,0.015846092,0.17408358,1.1313446,0.016045613,1.0550737,0.10831293,0.43241328,0.035780907,0.070741184,0.0,0.43366793,0.21454756,0.025261126,0.13121568,0.21913524,0.14833952,3.438091,0.40804014,0.5457781,0.0,0.000102344835,2.2010145,0.94529074,0.9356537,0.7670187,0.80388594,0.072298676,0.00615079,1.5741537,0.24423365,0.00040569087,0.049299054,2.6811779,0.89779127,0.54515916,1.0203654,0.1541411,0.7643405,0.16604392,1.4949422,0.67436,0.4903359,0.26482683,1.2852719,0.0109555265,0.57781655,0.14629808,0.5313968,0.8164521,0.7310181,0.08725053,0.0,3.707661,0.23477931,1.6178192,2.6176221,3.9691257,0.11758238,1.9749166,0.6795973,0.037464216,0.022644933,0.76199555,0.16381232,0.14637405,0.7753273,2.3421059,3.913078,0.62206674,0.44791317,0.34352398,0.36631602,0.7690147,0.14231704,0.16434608,0.12311509,0.43154073,0.07154445,0.2511344,1.0822064,0.01032957,0.91863537,0.39879733,0.07368113,0.0030804905,0.19159457,1.0886829,1.5631595,0.38516623,1.4841855,0.6359559,1.4960775,1.4274846,0.25473705,0.9137185,0.0066164066,0.53755486,0.08505936,0.23841363,0.18493356,0.34369996,0.70784074,0.050069857,0.43223292,0.86296976,0.26189864,0.49244493,0.2565793,0.17212272,0.6270452,0.43481046,0.012436783,0.010677743,2.4881473,0.2194099,0.111759186,0.0,0.01707201,1.273038,0.25247273,0.05710216,0.0041876156,0.5135018,0.79547334,0.4833264,0.079793856,0.020498473,0.0066576777,0.023227239,0.7482997,1.3876882,2.4409375,0.058455195,2.4018173,0.92439204,0.8427056,0.41213608,1.2144142,0.050373163,0.0,1.0455444,0.13136339,1.2855123,0.5320715,all_pothole_images\pothole_images_optimized_image_375.jpg
0.5066968,2.606311,1.1612202,1.5845731,0.8804951,1.2043611,0.40636286,0.08349301,0.39882535,0.54654294,0.38181686,0.18647186,0.15963575,0.8034506,1.0088981,0.4787883,0.368076,0.027023612,0.22811574,0.15743913,0.14770617,2.2535403,0.8469962,2.130152,0.22104487,0.10263519,0.14906424,1.5608959,0.20981607,0.66559017,1.8693229,0.3062915,1.0870391,0.6056264,0.5669105,1.029895,1.3320482,0.20292212,0.2569129,0.7902674,0.41467682,0.1942596,0.32467562,1.4026772,2.2019947,0.009504263,0.2241342,0.47044182,0.7797564,0.1318167,0.1749445,0.2946773,0.17437345,0.43764305,0.13739192,0.52956194,2.2955065,0.034001388,0.6141829,0.51781905,0.022273831,0.39111352,0.76714474,0.37105522,0.07780012,0.36752155,0.8049648,0.24554065,0.17173272,0.073530644,0.13589178,0.32816252,0.3862511,0.36459494,0.10922543,2.2908468,0.11085752,0.42499876,0.10798205,0.6055726,0.09418876,0.7242292,0.108599566,2.1110244,0.6720198,0.731675,0.1821989,0.004994863,4.4443097,0.48283276,0.053806227,0.32286543,0.12673591,0.06280222,0.47844195,0.14958584,0.5032781,1.0400692,0.087136716,0.1577152,0.020948492,0.94398373,0.6240682,0.017771803,0.8947848,0.0077304547,0.013936342,0.058988594,0.43162793,0.5711518,0.053282727,4.7886953,0.9943836,0.014081743,0.1616179,0.60224366,2.2001352,0.058964055,0.9211206,0.59597504,1.0671061,0.656903,0.111516796,0.90360504,0.28049418,1.2671859,1.1906633,0.33499768,0.59811246,0.36098728,0.6942241,0.14494202,0.61085236,0.016486129,0.6987506,0.8070369,0.17118002,0.11827776,0.23602396,0.20012797,0.26201507,0.2674995,0.04098517,0.7542764,0.025209738,0.49233437,0.41548467,0.6120671,0.1921434,0.40113136,1.3398873,0.16521364,0.8441095,0.069254234,1.9501437,0.30404663,0.110175736,0.32056147,0.5397692,0.039799277,0.9789683,0.7017606,0.115186274,2.0019224,0.095909454,0.71921647,1.0387895,0.027653683,1.1988518,0.35132572,0.0,0.181589,0.24775112,0.37369296,1.1648607,0.2119429,0.718738,0.0,0.08536758,0.26213822,0.0070944377,1.0500611,0.9272995,1.1661524,1.8786596,0.27088532,0.055886574,0.5407433,0.57453763,0.6673646,0.22214058,0.51594245,0.08091444,1.3123673,0.5381511,0.008717045,0.73436224,2.1160324,0.74216574,1.1205007,0.066771,0.82104033,0.14354537,0.03346588,0.27595505,0.5652965,0.34596282,0.0,1.7033355,0.066935904,0.40524557,0.29131058,0.83279586,1.8967887,0.99753857,1.7821985,0.39523736,0.21631782,3.0244966,0.36035132,1.2703872,0.0,0.42565084,2.53862,0.074656226,0.5529218,2.0350287,0.10286514,1.2752433,0.18901144,0.20127672,0.23372132,0.6825425,0.004347471,0.70089364,0.13737088,1.2669654,0.17885697,0.11073221,0.2111758,1.4258353,0.33662197,1.3735747,0.3070772,0.0,0.0006950794,1.1881537,0.0,0.36515713,3.11374,0.89650935,0.52781487,0.24865629,0.51980716,0.42160472,0.122109145,0.9220139,0.33926395,0.41453305,2.51538,0.03541185,0.09308609,0.5269179,0.21353017,0.9375736,1.0692406,0.096911155,0.8307044,4.0547566,0.33646438,0.6982786,0.047786877,0.045139432,0.78628385,0.77552664,1.3430946,1.236378,0.07245116,0.2559465,0.27807587,0.082930036,0.517801,0.0651115,1.1543214,0.55418295,0.6679432,0.54392725,0.5843015,1.6350164,0.21315594,0.23402725,0.51116043,0.03307391,1.5542483,0.08405443,0.53522253,0.47327593,0.25695893,0.7341187,0.37783527,0.059021503,0.16628894,0.050961804,0.66329247,6.166777,0.20297377,0.53015757,0.82510155,0.5145585,0.085586734,0.0680211,0.9200781,7.6747975,0.63771975,0.1147811,1.5170627,0.012610223,0.5352945,0.74948,0.47247288,0.97656196,0.13335262,0.0,0.4049212,0.13448703,1.5166795,1.1360737,0.38303164,0.7407914,0.51556116,5.145205,0.15551497,0.08411528,0.23279482,0.025529552,0.3630848,0.7527782,0.079686604,0.14803085,0.06944062,1.3161944,1.2300017,1.6486127,0.0,0.6358448,0.17609751,0.74153495,0.001126305,0.16838105,0.48169932,0.4936725,0.9428594,0.3184676,1.0699208,0.41728747,0.10275536,0.38709503,0.084043756,0.24332435,0.51733404,0.020067815,0.47828284,0.65575355,0.83598304,0.022624575,1.3617666,0.9027258,0.34672245,0.7271427,0.3912424,0.16306742,0.9648629,0.47946408,0.04655439,1.0172548,0.012671201,0.55579054,0.37951654,0.0,0.21259531,0.11254118,0.27822995,0.9388616,2.0482497,3.6932395,0.23897973,2.1932232,0.111655585,0.539065,2.1277504,1.015926,2.8029776,0.095118836,0.10071997,9.2286406e-05,0.29144055,0.426161,0.34404963,0.24536218,0.025511172,0.6930659,0.5618936,0.7228028,1.5308241,0.47885576,0.027054338,1.0054827,0.6863879,0.015961388,0.56642556,0.17139065,0.06141873,0.53932315,0.71676433,0.011108605,0.18127431,1.1258099,0.5529893,0.30714524,0.0,0.96539164,0.47485897,1.4177607,1.8450748,1.6990892,0.4120622,1.0180173,1.5141047,0.39035216,0.9385598,0.8460242,0.80682105,0.05884635,0.4621872,0.3511034,5.435808,0.49061865,0.14833702,0.18087037,1.2983744,0.1577116,0.12512226,0.034827217,0.15235384,0.4467908,0.0,1.9328324,0.69951427,0.7554859,0.34660634,1.7690524,0.6390607,2.161802,1.0996648,0.7888169,0.43538374,3.3235414,1.1326184,0.29692635,0.95530003,0.8090834,0.040795244,0.82903934,0.017085522,0.5963433,0.5783997,0.21844737,0.0,0.2945723,2.6786454,1.5719912,0.0052950406,0.19711113,0.37422937,0.41318446,0.41166195,0.0064500356,1.0311317,0.48680586,0.95304495,0.8776053,2.5978794,1.3280367,0.30834737,0.0,0.68817085,2.586995,0.44802734,0.91543,0.22255117,0.16801396,2.0622282,0.083882794,0.0006390271,0.0,0.34688774,0.3313267,0.2896139,0.0,0.0,0.016019264,5.7194495,0.93258554,0.4960545,0.93773836,0.80565876,0.0,1.1425203,0.27450642,0.735758,0.234837,0.17456762,all_pothole_images\pothole_images_optimized_image_376.jpg
0.39751893,3.4373672,1.1297256,3.9539669,1.2104062,0.30125862,0.046842717,0.34168229,0.7351454,0.74048483,0.6907476,1.0407917,0.30950004,4.13876,0.0,0.6223821,0.30115741,0.6213801,0.6233599,0.5189695,1.451318,0.25241637,0.91484743,1.4729637,1.7362655,1.1374618,1.4225271,1.182139,0.40742087,1.110002,0.8584369,0.0070525887,1.2901012,1.0088017,0.5323303,0.9611662,1.1825674,0.63333726,0.6843448,0.23754591,0.25330332,0.86995125,1.0162953,1.6623338,1.3614417,0.14948614,0.71023214,0.091658026,0.9190972,0.9496424,0.627281,0.6381924,0.23754522,0.6531332,0.6798251,0.6611174,1.2456962,0.2564505,0.60467845,0.98781943,1.4766815,1.5542228,1.7070212,0.56420654,1.2425107,0.96419555,0.7086427,0.8166622,0.8922368,0.7153677,1.8827723,0.8588322,0.5357504,0.32247308,0.75326425,0.3269877,0.45151138,1.0565902,0.017200774,0.36894825,0.9671818,1.783978,0.45127514,1.5736532,0.293196,1.3379909,0.5155184,0.11722854,1.8545438,0.79623425,0.39196628,0.59401983,0.33547094,1.6505698,0.24505688,1.0064707,1.0400742,0.7611876,1.0403875,1.9935633,0.57789236,2.5055146,1.5495619,2.5445833,1.1602274,0.413686,0.54688877,0.312393,0.81698155,1.2344419,0.8195769,0.9668165,0.33672372,0.14932992,0.5264934,0.46365613,1.2691067,0.13949798,2.1418035,1.7448583,0.9664025,0.6833667,0.3242177,1.4039658,0.3894888,0.3123062,0.42655385,0.5957011,0.4297929,0.16333523,1.7858609,0.2506401,0.920373,0.19110255,0.62133914,1.6133891,1.6380998,0.66719055,0.72727513,0.042657882,0.38628712,1.2857947,0.760778,1.2335196,0.58494425,0.43370602,2.5049152,0.11362341,1.067317,0.5397148,0.20033161,1.2525992,0.5803497,0.28986263,1.59579,0.6228123,0.5651783,1.3517796,1.2607737,0.36934265,0.33964914,0.06468483,0.215458,4.122803,1.3323379,0.24412772,2.3227186,0.53671896,0.054224353,1.9816302,1.3751206,1.0985196,0.76691025,0.4035524,0.3766739,0.09181166,0.80974716,0.34601682,0.23755912,0.40417525,1.2828819,2.5906494,1.8364091,1.4792583,2.2947435,0.25043443,0.79818195,1.4927193,0.86975706,1.4232209,0.5522855,3.4479618,1.2911283,1.7911862,0.9916309,0.79750913,0.9874264,1.9417417,0.5231292,0.15369529,0.3911469,0.8534468,0.32021657,0.20223205,0.66968685,0.29366332,0.97612965,0.054193538,1.675529,0.7730907,0.30438912,0.7864738,1.0296643,0.2205108,0.46386147,0.34237936,0.4389974,0.5216566,1.538823,0.9954731,1.3695107,0.56961757,0.40484586,1.5189235,1.6211903,0.43187732,0.29139397,0.7343267,2.5054142,1.7719022,0.75487566,0.7239001,0.7756175,0.771764,0.95583713,0.7384804,0.5684771,0.88383114,0.34321988,0.29818258,0.3287887,1.0895594,1.1311927,0.1593239,0.61976826,0.35070676,1.2233967,0.123960145,0.7851785,2.27864,0.3541776,1.2400235,1.2240318,0.24706449,0.42188278,0.25059918,0.7560087,0.47841364,0.3951781,1.8724444,3.3780777,2.2982786,1.5764259,0.61738217,1.6011835,1.5208105,0.76999795,0.71216935,1.2276161,0.2904164,1.037198,1.3132459,2.5154183,0.21313772,0.01781493,0.34924296,0.50816065,0.86981106,0.0,0.15000187,0.080858506,0.2688903,1.6533611,0.9371457,2.1212516,0.10139335,1.4262891,2.1041706,1.1733968,0.1863457,0.011494093,0.37515172,0.5281347,1.2054181,2.5554304,0.66338706,2.8742177,0.1403391,0.6856545,1.5356817,0.36881512,0.79002535,0.06719427,1.0551345,2.7341065,0.45878592,0.5473756,0.08201884,0.28249085,1.334046,0.51533973,0.46761608,3.08841,1.6364233,0.6229257,1.0547571,0.2328326,0.2070358,1.4317836,1.1378986,1.3232433,1.501416,0.9325102,0.03903237,1.8965298,0.46647215,0.64450026,0.31595907,0.5949412,2.1329775,1.2627234,1.4281325,0.4367152,1.1855667,0.2007059,0.22821227,0.25658748,1.4932511,1.1189221,0.16400185,0.43392968,1.8639828,1.4428946,1.0340366,0.357576,0.32437545,0.600072,0.4617422,0.660065,0.0661708,1.1558065,0.06692413,1.1821172,0.3042103,2.0484476,0.5949135,0.8117048,0.412798,0.084485635,0.5277463,0.99512863,0.7828246,0.036081742,0.870383,0.5443011,0.8150436,0.6163003,1.5106437,1.628152,2.6360912,0.08579462,0.68682736,1.4651375,1.5113065,0.971772,1.2832143,0.27758235,0.44251826,0.41696954,1.1454803,1.6065218,2.0486052,0.02021929,2.2017894,1.3061424,0.45331338,4.3600335,2.8229952,0.74253017,2.370173,2.2843027,0.28495723,0.8408348,0.04776394,0.005173034,3.4167001,1.6504425,3.0564122,1.8785955,0.018741317,0.4360287,0.8038437,0.20415929,1.162937,1.5197802,0.8906692,0.9546815,1.4660583,0.28906494,0.32645115,0.7182827,0.0930936,1.5938144,1.7081492,0.11892846,0.9510943,0.48557997,0.7860967,0.12840384,1.6621379,2.2387388,1.064729,2.0114813,2.687364,1.0925235,0.54254377,1.1504612,0.44419205,1.4314901,1.511426,0.20443885,1.3948087,0.64140314,1.5486101,0.8599819,1.9344696,1.1196345,1.6472539,0.7772426,0.7513309,1.9308854,0.6698103,0.41886824,0.10371917,0.12644748,0.8513056,0.70187604,0.015520718,0.42897066,1.0956845,1.0260417,1.3648322,1.9718939,0.68343884,0.2964743,0.87250197,0.72945,0.029962774,0.46920717,0.021818694,1.4572728,0.5432299,0.13784227,0.47106707,1.1518209,1.0711509,1.1544136,0.030277535,0.043964267,2.4373493,0.36942863,0.5580584,0.1629777,0.57899344,0.72950065,0.30250043,2.4490294,0.3845012,0.9440169,0.04987487,0.31460997,1.0049032,0.9464147,0.80530447,1.9093946,0.46143612,0.6739761,0.8512461,0.9882835,0.057484206,0.19331293,0.19291098,0.120669626,0.9685108,0.2586394,0.23439868,1.2487484,0.013035393,1.1187686,0.046580113,0.21856648,2.3326328,0.6728327,0.2967823,2.4573193,1.05173,0.5443919,2.8394651,0.79286844,0.118426025,1.860252,0.47537437,all_pothole_images\pothole_images_optimized_image_377.jpg
1.2553298,2.130016,0.48032463,1.5290893,0.58196723,0.2907325,0.07115265,0.07761193,0.041727845,0.10127851,0.89457786,1.063232,0.020206416,1.9332328,0.39372486,0.25683022,0.5519518,0.21038622,0.1523284,1.4238102,0.91695637,0.97655624,0.532909,0.57188755,0.3704117,0.13691776,0.41019022,0.4871741,0.09581766,0.34349898,0.76194894,0.07437005,0.7090001,0.48143157,0.57581604,0.05492943,0.6418492,1.7323,0.39217618,0.15985617,0.50919664,1.3186024,1.0229727,0.93154913,0.599941,1.6633791,0.106180556,0.27902701,0.6214055,0.36546388,0.30069292,0.5795507,0.6975929,0.18172187,0.47521234,0.6810444,1.021244,0.0381211,0.00023937628,0.033719823,0.15746364,0.24911691,2.9114363,1.0432446,0.33569902,0.13219967,0.24490471,0.049054116,0.0,0.15943107,0.926885,0.047397964,0.122008935,0.6634731,0.94851035,0.6500103,0.0601567,1.1823868,0.08136349,0.15688218,1.2098277,1.5077982,0.84217405,1.771153,0.10955209,1.244967,0.2180628,0.12556401,1.6558077,0.0,0.66526705,0.38413873,0.5907683,1.9734296,0.0,0.17275767,0.31906042,0.55023926,0.36704266,1.2419244,0.13241331,0.7553622,0.4893752,0.5016142,0.17057617,0.3292393,0.13906533,0.73940665,0.2806431,0.5942081,0.0062060463,0.9440245,1.0896025,0.09743465,0.3225341,1.6365451,1.3182216,0.40326694,0.9322454,0.97613245,0.52501297,0.27743733,2.487256,1.3722,0.10561472,0.29883716,0.7083118,0.06081147,1.3964914,0.7832622,1.6443555,0.36567166,0.0731458,0.48495325,2.503364,1.0310584,1.0469433,0.17910755,2.5393913,0.012299758,1.4794725,0.3469203,0.2723967,2.0459511,1.6683747,0.40081954,0.4700424,0.5609845,0.05644651,0.5988485,0.35578245,1.385723,0.31626433,0.39717585,0.7820275,0.17499207,0.2764856,0.70592505,0.30447406,0.57778966,0.7190511,0.75577694,0.42053044,0.51580197,0.818985,0.68675333,0.8166449,2.0078003,0.88489896,0.90473706,0.5845787,0.9462353,0.26334724,0.81859666,0.7043986,0.4449934,2.8964653,0.5366544,0.033215966,0.55184186,0.38203987,1.4024488,1.6175667,0.37237918,1.1340655,0.016036859,0.59571964,0.03423279,0.5629421,0.4272071,0.5445143,0.11517746,0.46366492,0.45660844,1.4694643,1.0295495,0.26714176,1.1827422,0.10602704,0.9678181,1.4118385,0.6809909,0.20346372,1.1273459,1.14664,1.0910975,0.2529121,1.3411498,1.0635302,0.0,0.7715737,1.0782664,1.3764045,1.1519984,0.17137645,0.44726908,0.29415765,0.23598287,1.3125031,0.0,0.5895658,0.0,0.7740471,0.13222547,0.53319705,0.19538943,1.2765975,0.22348581,1.6429704,1.3258626,1.062861,1.0060986,0.6756153,0.8554899,0.1317084,0.7473372,1.8879712,2.3920178,0.7022415,0.37409088,0.30631864,0.6046427,1.4203407,0.8158758,0.83654034,0.021981588,0.5332696,0.25409997,0.5115377,3.384456,1.0731173,0.2064183,0.013899022,1.8110657,0.17551237,0.11114833,0.6270083,0.48474425,0.16782255,1.5309952,1.5305425,2.8198254,1.1001045,0.40285802,0.024139691,0.6708198,0.079127476,0.48349604,0.9800757,2.9406397,0.23369479,0.30130893,0.4218308,0.15334551,0.14267813,0.6392909,0.12769385,1.2636962,1.2528642,0.12800035,0.9207835,0.3036977,0.7087647,0.0,0.539879,0.3927971,0.21534705,1.1919094,1.2928224,0.026407601,0.049957793,0.661313,0.09869843,0.5032736,1.1884193,0.5894807,1.4963279,0.9253769,0.055948067,0.4328442,0.2746945,0.15097944,0.0,0.3803781,5.4001117,0.49730518,0.7459455,0.048175413,0.61098814,0.08617571,0.28712994,0.69594556,3.6012485,1.1777089,0.00598977,0.55296654,0.09605622,1.6060904,1.7089388,0.9132218,0.5317126,0.23224637,0.42452434,0.2564131,0.26040354,0.53370756,1.2726102,2.2448578,0.81431925,1.2409889,4.32153,0.6814279,0.18497863,0.43472916,0.45353603,2.6277664,1.2216791,0.39885256,0.5733285,0.05122638,0.7776601,0.58173364,0.70311904,0.14629242,0.6285367,0.012730698,0.03838797,0.1552259,2.0788324,1.597689,0.3287861,1.0716318,0.29541674,0.021406595,0.92865634,0.05211537,1.3160952,0.121259004,0.09059398,0.543022,0.17594881,0.10416711,0.21800171,0.31291917,0.7232503,0.036234733,0.6192788,1.1093427,0.16190422,1.0388483,0.7293658,0.4391019,0.79018617,0.8423628,0.3058939,0.07815454,1.3006548,0.733092,0.6639672,1.0191325,0.39025402,0.06545233,0.05977106,0.19840324,3.2141674,0.3678283,1.7887037,0.6565061,0.15851049,1.5936011,0.4240128,0.39172378,0.53790677,0.2574342,0.14438924,0.68944323,0.06067642,1.430183,0.38188723,0.08306244,1.3113369,0.62712926,0.60211957,1.1986084,0.26406595,0.43246624,2.0173588,0.5388002,1.2871318,0.96531636,0.035287045,0.26233402,0.3073401,1.7579559,0.44244334,0.31605574,0.051224437,0.3603967,0.092544846,1.1344427,0.31255424,0.62163913,1.3974569,1.4398861,0.20269223,1.741478,1.0748734,3.4178507,1.1099633,0.2272434,0.48443237,1.1802475,0.019145552,0.5471529,0.75835586,1.1330081,0.71698487,0.96064365,0.16133694,0.27521282,1.1558229,0.3057074,0.2513107,0.20336953,0.17602472,0.29645622,2.1836624,0.8097274,0.16524266,0.7233814,1.6826584,0.060002327,0.17907998,0.32272828,0.15073082,0.0667266,0.896903,0.6117472,0.5133838,0.122294396,0.7049727,1.4224048,0.24937719,0.9541685,1.7547878,0.18567735,0.012460421,0.12107047,0.21051207,0.93593645,0.21042965,0.10219463,1.9228637,0.12869422,0.4787303,0.14540532,0.6017639,0.23130855,1.7722532,0.5080209,0.18605858,1.4793978,0.48018265,0.28851876,0.1704464,0.089211464,0.19995736,0.39075053,0.49397522,0.8309924,0.07149631,1.0798688,0.17853558,0.71691066,0.6388161,0.049530752,1.2957112,0.41186556,0.25738207,0.11566526,2.2233112,2.4126098,0.055662878,0.55659467,0.24017465,0.19351183,0.6838567,0.18615279,0.14675753,0.21260633,0.3179043,0.9545774,all_pothole_images\pothole_images_optimized_image_378.jpg
0.25405976,1.4624468,0.39882934,0.93833596,0.9751664,0.25198725,0.18692903,0.99703985,0.27340087,0.46454203,1.4681941,1.7316707,0.13532388,0.35258678,1.1145709,1.0355372,0.2460243,0.63753706,0.9102226,1.8952094,0.13487412,0.013007142,0.24349411,0.97472924,0.35593298,0.85621804,0.15249377,1.7216438,0.09616289,1.1818199,0.03796249,0.14429773,0.2880465,0.7826795,0.0068805465,2.4265585,0.57201624,1.0313789,0.16514103,0.2124175,0.029142404,0.28794023,0.5397669,1.303588,0.9425519,0.44353297,0.18709666,0.47179958,3.3986566,0.17768237,0.93026716,1.446976,0.2768621,1.1074584,0.34919333,0.4958162,0.7257603,0.08238151,2.1274986,0.13619396,0.54992837,0.11675648,2.285705,0.17866696,1.4089662,0.94352096,0.7598427,1.1976597,0.2925802,0.06529371,0.20055328,0.2572263,1.3441083,0.5027618,0.30546165,0.030565638,0.14421386,0.21432084,0.8564589,0.68885016,0.0639665,0.27642566,0.9226059,1.1168675,0.8279313,0.21934034,0.00097490905,0.0055586365,1.2857727,0.7919369,0.06006963,1.9626795,0.8963774,0.33038634,0.85646445,0.26961312,0.30830365,0.26083288,0.7734227,0.9845834,0.047488436,0.25883254,0.30990082,0.63577014,2.442208,0.18384185,0.362461,0.008431023,1.3909757,0.7488416,0.14199199,0.46747804,0.0,0.22646613,1.9954201,0.23482947,0.39351648,0.13012972,0.67428267,0.78979594,1.9763526,0.69547766,0.33969945,2.536713,1.7972773,0.43976623,0.43502185,0.37437516,0.38479617,1.610333,0.49894455,0.8028393,0.6061537,0.8126584,1.2645739,0.019149143,0.54269713,0.8728602,1.6091607,0.28991646,0.6785279,0.87197673,1.3267498,0.7818596,0.47559932,1.1481254,0.6298515,1.02738,0.79173607,0.79036254,1.5487303,0.23869473,1.2329645,0.0022780164,0.40887964,0.28510976,0.17941502,0.498775,0.09586152,0.726728,0.6437552,0.5265621,2.8235242,2.7387636,2.701517,0.49355474,0.63068885,0.052144915,1.0913788,1.1620665,0.12974946,0.78234965,0.81848973,0.3761494,1.8112416,1.0691241,0.012461978,0.011527837,0.11059656,0.26687127,0.10963395,1.6231972,0.5534533,0.57398885,2.0489202,1.4332596,0.33250502,0.31570193,0.009279612,2.5057037,0.11004465,0.5741989,0.62799007,2.0122921,1.5298891,0.038632933,2.0218904,0.14289004,0.5641335,0.80770344,1.3343669,1.1028602,0.5682353,0.41492468,0.36067134,0.36475542,0.19472474,0.65242016,0.8007134,1.0939609,0.46258146,0.6168959,0.7367071,0.25666514,0.778384,2.0323966,1.0019808,0.0,0.6152926,0.64262223,0.25142223,0.770041,0.27761182,0.6918836,0.4743263,0.2453769,1.4243637,1.0497451,1.7740873,2.0766337,0.08958559,0.5517826,0.526975,0.22970848,0.8639796,0.24443151,1.3051083,0.42729914,0.046846442,0.14265905,1.5525503,0.35254255,0.19820286,2.6197274,0.16289237,0.47995067,1.7451066,0.7616863,1.7659277,1.7728022,0.48139104,1.0935035,0.1019518,0.13423711,0.3251254,1.1994649,0.093905896,0.7930439,0.5934873,1.2347292,0.3035001,0.3452305,0.7279191,1.6091033,0.70175433,0.84715056,0.046407595,1.1744236,2.7297776,0.53553194,0.092420034,0.0014031562,1.7530268,0.39564925,0.6092764,1.0263236,0.06526814,1.8703911,0.25421536,0.06951195,0.13304742,1.0396599,0.65920186,0.16282912,0.79278064,0.26647422,0.51051843,0.5190643,3.4618776,1.7294891,0.20548181,0.2555742,0.7122667,2.2096298,1.4920461,0.17742889,1.1059542,0.44768527,0.5128296,0.9237643,0.3767063,0.864763,1.1790417,0.07827928,2.7776356,1.3202877,0.03210384,1.4937481,0.84495187,0.108773746,0.2501502,0.727831,2.1651325,2.0001311,0.7129299,0.270277,0.7427969,0.49901307,1.8613526,0.7702521,1.2986946,0.758858,0.6473358,0.62942463,0.9502943,1.3492302,0.5309269,1.2564359,0.95940584,0.94122654,0.9053494,0.25168034,0.23940948,0.08482879,0.23160362,1.3196143,0.8506053,0.7455546,1.4287318,0.2709783,1.139452,0.10566243,0.8692605,1.4262961,1.6764107,0.16580877,0.0,0.61007905,0.52866846,0.91895276,0.28775367,1.4020295,1.2939388,0.41278622,0.51617545,0.56698644,0.4313401,2.0859723,0.9923981,1.4056147,1.7941887,2.6945465,1.0257813,0.8207504,1.2168151,0.54635024,1.26574,0.10354593,0.25811246,0.93276274,0.075874485,0.17009562,0.030349215,0.3667116,0.16409235,0.64504206,0.9503009,0.2521857,9.090393e-06,1.3860162,0.8012756,0.86103004,0.46094453,0.4609431,1.5412366,0.33510265,1.1087439,1.7508794,0.32072988,0.8307688,2.7863781,0.76297337,0.7519371,0.9651082,0.91811204,0.099396676,1.6443325,0.77526486,0.23199482,0.04826123,0.43674293,1.6272722,0.0036610935,1.0193198,1.7162606,0.19988017,0.3487503,1.9260784,0.7584529,1.5283153,0.010203879,1.0145158,0.9737639,0.36494642,0.7927081,0.89629835,1.4319564,0.3193271,0.3524703,0.11345022,0.9345004,0.65719056,1.8233157,0.79295427,1.6461656,0.0,1.0662466,0.34025526,0.6393711,0.5521637,0.6876514,1.1555333,0.9096729,1.2451054,1.4971126,0.52613777,0.19294971,0.7257216,0.7079147,0.3669607,0.77845716,1.7079244,0.28409836,0.16298346,1.1030071,0.5851067,1.2331407,0.64697355,0.20539972,0.6721509,1.8229951,0.22502238,0.47397637,0.3237206,1.1197456,0.0951053,0.09950447,1.5028727,1.5148293,0.6544764,1.1587629,0.033911046,1.4968579,0.294775,0.27013195,0.920187,0.88696116,0.023755986,0.049639832,1.3140433,1.1819655,0.13104133,1.5810755,0.0,0.0,2.3125672,1.4133445,0.21733654,0.60273373,1.085725,0.31505972,0.5315073,0.56324184,0.14404292,0.14110933,0.5677911,1.9759375,0.45571458,0.68018365,0.3337264,0.45953578,0.952616,0.52707374,0.01045625,0.31918526,0.5913588,0.74045575,0.34585294,0.3762174,5.2776785,1.2088399,3.2606428,0.36786124,1.1494235,0.5530893,0.9831146,0.27697495,0.14958224,1.7949147,0.6957888,0.36396563,2.2154386,all_pothole_images\pothole_images_optimized_image_379.jpg
0.070646964,1.1390536,0.7639803,1.0616422,1.0649716,0.45362186,1.2902187,0.43567887,0.26936543,1.1467358,0.8954438,0.21458277,0.4395168,2.6026897,0.23906568,1.1918815,0.35001644,1.5929273,0.48808536,1.2160717,0.87575775,0.16875269,2.2471616,1.1844999,0.5537433,0.38041127,1.1050826,0.07193796,0.1155352,2.119589,2.2322357,1.0000088,1.2768631,0.10156083,2.1989393,0.7710783,1.10191,0.64512795,0.24075711,0.17702231,0.29736906,0.27285564,0.51799625,0.22668305,0.7341218,0.79394037,0.96728903,0.0,1.6403154,0.04618171,1.7673753,0.86120707,4.821324,1.1733363,0.68690085,0.17507172,1.306942,1.9858782,1.5875471,0.25014246,0.48681274,0.8076879,0.0014970099,0.0,0.17998278,0.8845615,0.07417774,0.71832705,0.85921687,0.37827876,0.16419493,0.3696753,1.2058848,0.24577467,0.15205307,0.29672715,0.11035012,2.1093588,0.05670273,0.05268085,0.2231171,2.8119776,0.00305098,0.37155074,1.5231242,0.7534989,0.44845876,0.82733965,0.95088184,0.11542662,0.7557667,0.5762741,0.43452314,0.7963563,0.02666705,2.3480446,1.4294463,0.53308594,0.21066444,1.0243149,0.09489813,2.0424016,1.0310858,0.22504985,0.2924151,7.417072,0.68738806,0.26194477,0.2320102,0.4490171,1.0553937,0.47019133,1.3968889,3.097319,0.9835,1.5882428,1.1943858,0.44717133,1.1656358,1.0192102,0.30750948,2.898156,1.4476799,0.11170966,0.3450343,0.1722777,0.57043785,1.1751487,0.31688553,0.95630735,1.1893709,0.07232969,1.1029953,2.0238173,0.058889918,1.0456265,0.7676669,0.5185343,1.9830792,0.7458815,0.15327284,2.6330988,0.4739284,1.080129,0.0086707845,0.028507043,1.6646392,1.4901114,0.69322586,0.6667136,0.16871434,0.64267385,0.19881439,1.3106313,3.711832,2.6259174,1.70087,1.2307614,0.45015132,0.3428256,1.2177109,0.07013089,0.00034781126,6.1478944,1.5015346,0.22057007,0.768634,1.4385849,0.5666503,0.27981386,2.1099765,0.0832249,1.044411,0.51704544,2.707118,2.2066624,1.1344371,1.2744858,0.28575832,1.6195772,1.7953537,0.8472581,0.37826684,1.1020133,0.53021955,0.02540644,0.4957708,0.96964246,0.021780008,1.6382558,1.6685295,1.111584,1.0606339,1.4058926,0.2629648,1.0534052,0.07625952,0.45752075,0.5051649,1.0686375,0.0856239,1.1729128,0.40997493,0.1281749,0.41749856,1.0944432,1.6613431,0.46306282,1.3429512,0.34266388,0.18032868,0.56089336,2.1180825,0.5606276,0.42006868,0.643393,2.027443,0.41805002,0.6009646,0.0013075942,0.4206575,0.17849025,0.7160492,1.2994816,1.6390733,1.514725,0.45605272,1.1521113,0.36514655,0.062217668,1.0863184,0.72706234,1.2274392,0.023977987,0.71620023,0.12555493,0.49026495,0.8025529,0.13823704,1.6723866,1.0762961,0.5554129,0.24899657,1.2049478,0.09627788,1.927971,0.77493095,0.9161763,0.07464307,0.13495028,0.6517499,2.5130954,0.8883752,0.56235754,1.2321464,0.77696484,0.10454982,1.5326169,2.3396754,0.0,2.9483597,1.3050885,0.61369663,0.36344293,0.0799445,0.87670785,0.9737977,2.0968215,0.38922298,0.2602191,0.04912084,0.09724389,0.5373246,0.34591475,0.08149609,1.0979751,0.5067808,1.3551943,1.9620693,1.0143193,0.16441783,0.08617306,1.0497622,0.7051263,1.2209424,0.1162702,2.0313528,1.3657382,0.94267917,0.38458657,1.2592633,0.13997953,0.2371022,0.8591101,0.39339823,0.80946946,4.2365437,0.057939943,0.860132,0.4348733,1.4883174,0.3882907,1.0964851,0.4223702,0.31264895,0.26712784,0.7664215,0.25990844,1.9339131,0.14099105,1.4659212,0.9827759,0.3551214,2.7211988,0.43898594,0.013723384,0.49073657,0.43284634,0.41840595,1.1541008,1.8638623,1.1485826,1.7309424,0.6999476,0.83735126,1.5603644,1.0519074,3.1040792,0.2348793,0.6719846,0.05546434,0.28600782,1.3684863,0.51209795,1.0586873,0.3854718,0.0049371533,0.7779804,1.27296,0.5123271,1.0926793,1.1242656,0.8624904,1.5972363,0.5032494,0.3583407,0.06384596,0.6909355,0.7791309,0.6711368,0.021972306,0.59230316,0.9180973,0.021030236,1.0168146,0.13495839,1.5945976,0.60236394,0.20508416,0.0024854643,1.9142784,1.0699397,0.056531355,1.6870927,1.2203822,0.10095246,1.3208722,2.0747838,1.0275848,1.766497,0.17928672,1.8890799,0.20202608,0.6560001,0.40173623,0.0071741757,1.6122637,0.13018315,0.7265977,3.8123324,1.095247,0.9673004,0.15455516,0.5487921,0.6027487,0.198814,3.0099537,4.4272017,0.34703678,0.47494,0.3951742,0.5346725,0.710415,0.08137693,0.10309233,0.059458308,1.0792907,1.5426542,1.6162738,2.0877066,0.06601735,1.5508597,0.8240207,1.9365296,1.4342856,0.021467432,2.460703,0.4142908,0.28150797,0.5717896,0.3446938,0.099134386,0.76430523,0.14662908,0.04369726,0.38451377,0.054759607,2.0208182,0.39669725,0.4782886,0.022747414,0.7263847,2.4446785,2.7842135,0.3076925,3.4224885,0.20875432,1.4030492,0.6057099,2.6861684,0.106520124,1.2299361,0.32260162,1.6403941,0.3693801,1.7961001,1.7904668,0.50973743,0.6830651,0.50213957,0.5062208,0.26715717,0.22719961,0.5677126,0.0,2.7175426,0.65960646,1.6524419,0.53323466,0.58795667,0.0021096775,0.17574967,0.14781652,0.18387029,0.41590568,0.49589336,0.44475493,0.175682,1.1049454,0.093975544,1.140403,0.56734794,0.5839893,1.9424648,0.37568057,2.9880016,1.1050848,0.494913,1.0644912,0.47529453,0.2533586,0.705247,1.1177822,0.99896455,2.4121368,0.014359194,2.319697,0.43475184,1.186189,0.42849076,2.5453258,2.467812,1.2301067,1.0903597,1.7479358,0.7439134,0.7047944,0.113268614,0.3281539,0.51691294,0.4539721,0.0,0.17529508,0.3236126,0.24491562,0.015703209,1.1305132,0.19876568,1.7625978,0.7805232,0.8701761,1.2446128,0.2101002,2.3193293,0.15501016,0.10955485,0.046554707,0.71234816,2.2110772,0.82176995,0.4230381,0.17990607,all_pothole_images\pothole_images_optimized_image_38.jpg
0.70586395,0.1779719,0.102868915,1.3815124,0.9929007,0.3953338,0.50137806,0.024509208,0.045190927,1.2691327,0.683867,0.45826927,0.14281656,1.7028809,0.061586175,0.96430576,0.02897077,0.14980525,2.2210245,0.009316201,0.53843457,2.7637522,0.27908567,1.194045,0.60348016,1.2597902,0.44917405,1.7220769,0.8213683,0.07772768,0.21436839,0.77197355,1.0847088,0.20544139,0.12697718,1.5715126,0.73052263,0.6118235,0.24818179,1.0461799,0.17861901,0.22021264,0.47591555,1.9877521,0.0008036398,0.28824744,0.76231235,0.061247796,1.6856452,0.51727647,1.607333,0.38327202,0.7927254,0.16699775,0.8588207,0.12366306,3.455017,0.00016940382,0.24121973,0.9847416,0.045085523,0.6756765,2.112027,0.2948017,0.71340066,2.000716,1.6009773,0.77172625,1.2889582,0.0600246,0.061069027,0.74349797,0.0643064,0.58187854,0.078867,1.9293443,0.27179754,0.25644055,0.17235841,0.34284747,0.020540917,0.11557455,0.8638037,1.7565925,0.13348337,0.12214157,0.36321253,0.35527024,2.7067845,0.9770727,0.35444134,0.023377208,0.0023823807,0.092503786,0.07943723,0.0,1.041216,0.85540825,1.0941924,0.48616704,0.034313098,4.135593,1.4165306,0.58410895,0.79312444,0.15286121,0.070859805,0.6989495,1.5493057,0.8231425,0.064281054,4.5055504,0.3508848,0.25619003,0.60358465,0.6635823,2.0865057,0.70594496,4.3373747,2.912092,1.5765138,1.3040261,0.017854316,1.611139,0.0,0.09267394,0.25414014,0.79099745,0.033435553,0.015267214,0.02496931,0.16859245,0.36225393,0.11613335,0.004735532,0.32894835,0.0,0.10034205,0.13198376,0.59629786,0.11574524,0.21676935,0.091177255,1.2708399,0.13336422,1.1184462,0.01906095,0.26473787,1.2772452,1.1473739,0.65976405,0.6907723,0.18909875,0.18271099,1.8633226,0.63842237,0.08747223,0.59344506,1.1465596,0.0150042195,0.24784677,0.13185197,0.03325716,1.9469901,0.015667407,0.50697714,0.4080376,0.48735747,0.4524988,0.35596746,0.44530278,0.055696417,0.44637895,0.042222004,1.2796402,0.0022043868,0.47460797,0.00064727553,0.07373435,0.005640126,0.098296784,1.8692486,2.267772,0.8055444,0.8366861,0.54491633,0.6624111,0.95451975,1.3173941,1.0775156,0.3531714,0.0057768216,0.25609887,2.4990017,0.30924606,0.18796755,0.2598107,0.7046309,1.3357157,0.14676602,0.004457973,0.9144508,0.9930271,0.55939263,2.1898482,0.041819904,0.15534133,0.1560713,0.59589726,0.13363694,0.45214576,0.016071752,1.2523069,1.4660779,0.5192932,0.11782645,1.6087674,0.15289383,2.3025231,0.02562227,1.0594983,0.057134207,0.7881363,1.1362627,0.39327034,1.2610972,2.0340202,0.119571894,0.9180889,0.09626367,0.09958555,0.22672524,1.0652729,0.0064704805,0.3652271,0.040415626,0.4123865,0.16706781,0.0,0.025478661,0.5379063,0.45602915,0.0098930765,0.16290545,0.1434278,0.0154209025,0.87017274,0.3898243,0.66712344,3.6572502,4.1470737,0.32716972,0.33577,0.3458625,0.026199589,1.2952343,1.3576921,0.5947572,2.5444267,1.8221803,0.23424767,0.09291529,0.31516045,2.216928,0.59805286,0.8001506,0.010816783,0.31572866,0.041093048,0.1350634,0.10310727,0.3891093,0.0,0.55452675,2.9636514,0.8528555,1.1079683,0.2056459,0.32602206,0.15151487,0.28278145,0.78395164,0.034086097,0.1401326,0.31639913,0.02122047,0.5893544,1.0856265,0.10073391,0.03406817,0.49125296,0.14407134,0.13921686,1.8702781,0.004118188,1.4257123,1.5705805,2.2590868,0.081259966,0.81478083,0.21752952,1.1651423,0.16479424,1.2683891,2.9153721,1.0073491,0.35887557,1.0166596,0.08288068,0.7531103,1.3891243,0.7289271,2.280947,1.3616217,0.06757448,0.4607691,0.18267901,1.6102983,4.0971746,0.63978297,0.74845946,0.68556374,0.31690967,0.030470073,0.61991,0.28606734,0.1477607,0.24398616,1.2775984,0.22828385,0.14142257,0.43031326,0.12361935,0.40374348,0.016673816,1.0987152,0.9950851,0.45075125,0.0043566884,0.2250467,0.61908185,1.385645,1.9993782,0.09554108,0.26226616,0.10539616,0.08802529,0.06997426,0.67195255,0.503798,0.4135437,0.22941741,0.3183597,0.059431553,0.2969459,0.19222273,0.1642994,0.9208863,0.7614203,0.36220643,0.038955268,0.054484434,1.2243724,0.17595221,0.13788313,0.5963854,1.2846547,0.90953964,0.027672509,0.15205613,2.9120922,0.03266045,1.7959969,0.22737175,0.95589864,0.26330683,0.5588452,0.24572083,0.0,0.81510085,0.47480828,0.0,0.4503538,2.1403236,3.1164834,0.5922553,2.9221919,0.005845342,1.0173563,1.2118146,1.2971478,1.1233499,0.16978303,0.35038847,1.3592377,0.14661661,0.29571387,0.021147031,1.0044174,0.04354074,4.5405364,0.8766463,0.46830815,0.43087733,0.49590665,0.30222204,0.12909931,1.408032,0.23248345,0.15212658,0.13571648,0.58493584,1.4509348,0.5924003,0.2686739,0.019468913,1.4724922,0.8093679,0.15871106,0.40138626,0.9824537,1.5467336,1.9373333,2.2276921,1.2896708,0.14138189,0.40783292,0.9532574,0.011090675,1.1191776,0.034387976,0.2155395,0.0,1.5127772,0.35552853,4.255902,1.5573792,0.75688016,0.18688023,0.2470754,0.09578884,1.4383626,0.39065462,0.5623232,0.6978394,0.09349055,1.7364306,0.039277885,0.110292025,0.6941417,0.37128028,0.9722089,0.1500486,1.7921768,0.20730077,1.8551031,2.4111862,0.79990727,0.3679597,0.7063538,0.6806553,0.11409222,3.3927674,0.0,0.8933508,1.3894147,0.10664304,0.071971856,0.0114921015,0.08470889,2.7578385,0.77004826,0.35239893,0.25320664,0.7759332,0.16471463,0.044934414,0.25730038,1.5691775,0.56534827,1.2837406,3.8751507,0.9275711,0.19391689,0.09619282,1.6840582,2.4585156,0.25860238,0.7741672,0.03294815,0.73105013,0.64003426,0.25978848,0.07369071,0.29014337,0.1987933,0.5924189,0.041454382,0.10887786,0.13985524,0.15276,3.9176056,0.7402029,0.1559355,1.3798027,0.9696425,0.0,1.0468928,1.7387584,0.93560714,0.35373482,0.83893156,all_pothole_images\pothole_images_optimized_image_380.jpg
1.8049462,1.3964158,0.5126289,1.4237931,0.43967158,0.6074296,1.2765326,0.26504964,0.81962585,0.91661656,0.51110125,1.4272405,0.23634605,1.5002544,1.1091212,0.5562234,0.044600714,0.38238034,0.8267312,0.61442494,2.0087101,1.7789621,0.34758922,0.6083713,2.7717166,0.6436427,0.6637523,3.7666569,0.19298506,0.6330415,0.11592113,0.24470122,1.5742317,1.2191662,0.2540511,0.5399924,0.03604917,1.3416646,0.14621748,1.6819816,0.093909465,0.77164316,0.22540736,0.6949018,0.8900343,1.8892108,0.05168123,0.13583621,1.3323494,1.6636068,0.9077208,0.19732057,0.15582348,0.64356494,0.29026145,2.0633156,1.4401248,0.39495715,1.0061086,0.05791892,0.08208552,0.4567957,0.56433076,0.49363637,0.2420826,2.496708,0.5815559,0.06459223,0.17133778,0.31915966,0.21950172,1.17011,0.3984257,1.3392508,0.5313105,0.81788445,0.40336743,1.495246,0.0,0.33575705,0.37271023,0.09624198,0.48561937,0.6243829,0.413137,0.8121375,0.51684517,1.0525405,3.0787907,0.12207395,0.3539519,0.14317812,0.26069182,0.5464851,0.50651425,0.00715471,0.9580269,0.3896237,0.39530066,1.5154585,0.0039612628,2.1630874,1.1007862,0.35340002,0.19617653,0.7951992,0.8679764,1.1946616,0.2371225,0.2989956,0.3508633,3.6471817,1.9173936,0.18183276,0.5432947,0.46698582,1.0419273,0.14318776,0.9464819,0.9504856,2.2817128,0.048666477,0.09647888,0.9041323,1.4667686,1.1545206,3.8630028,0.065472476,0.7156174,0.25780496,0.19720677,0.053708397,0.033107813,0.23774555,0.8143537,1.4897374,0.81257004,0.77593946,0.94125247,0.16138677,0.26922795,0.63219106,0.0,0.112695485,0.617917,1.5561358,0.2036095,0.739322,1.0325063,0.45259413,0.7814719,0.81300783,0.06458743,0.28660244,1.6922919,0.6776822,1.1588234,0.06865785,0.6791814,1.3996024,1.1471404,0.6142153,0.19983979,1.6837968,0.045319762,2.7297351,0.5532507,0.123075426,1.4789166,0.46939585,0.118579745,0.05299627,0.1636128,0.3183012,0.25205338,0.5660423,0.81606346,0.051046453,0.07079339,0.5238641,0.026281033,1.7410387,1.5604182,0.6431619,1.3365628,0.054800034,0.16869532,1.6945645,0.9865027,0.20485014,0.964429,0.7420075,0.0,1.635782,0.11784644,0.25296,0.9696295,0.7378218,0.6552739,0.24607423,0.474689,1.5239712,0.20549911,1.0912707,0.28635502,0.39272675,0.47651252,0.53108597,0.56118834,0.18277964,0.11962313,0.11059572,0.57343173,0.3874319,0.7531574,2.8590672,0.6745723,0.08096085,0.23281558,1.0510892,1.8120291,0.14169043,1.6072867,0.79270655,0.22057831,1.018732,3.0217988,0.0035869046,0.32178578,1.5969739,0.40881562,0.86658055,0.3521459,0.37290752,0.9875894,0.5141811,1.739973,0.17723033,0.013622379,0.030685969,0.23817179,0.17739302,0.46285933,0.09108502,0.1017295,0.0032185037,0.9392577,0.20854151,1.1561719,2.4625418,2.5904799,0.4659922,1.749293,0.5256204,0.34999824,0.6487377,1.014259,1.1571889,0.10801678,2.5786564,0.11472693,0.11282496,0.28727332,0.65484875,0.7349449,1.7161907,0.49928617,1.2444348,1.8754717,0.21635425,0.6206619,0.05135964,0.15739949,0.25519502,0.81650954,0.23318589,0.117300384,0.81951857,0.6770603,0.3382155,0.09883858,1.2060574,0.4960116,0.6069211,0.2796896,0.47237173,1.9550977,0.15739867,0.9845679,0.3087389,0.44351172,0.32769322,0.6412024,0.92530507,0.18168846,0.55161536,0.21209487,1.178817,0.5266197,1.3232487,0.4797558,1.0392262,0.33917975,0.31078982,3.2779596,1.049329,0.03560486,0.19759797,0.4378084,0.9138846,0.70337844,1.1001633,1.8051188,2.5666976,0.52727735,1.6262325,0.17678471,1.4015875,3.4299688,0.0928142,0.18888177,0.20484479,0.20439868,0.40579456,1.4933838,0.9504969,0.2753257,0.16104402,0.85341924,0.40830845,1.7654574,0.56579506,0.106358126,0.042692743,0.07228819,0.60898566,2.5943687,1.7003331,0.060418352,2.3377237,0.4235009,0.55435306,2.8880494,1.0049286,0.6301281,0.17077236,1.0061197,0.5440072,0.2685157,0.42612585,0.8976821,0.745547,1.0371103,0.7038827,0.73359144,0.006433128,0.115723416,0.9269657,0.4474249,0.76087326,0.39445475,0.08330367,0.4802913,0.745616,0.20971088,0.4034908,0.58656806,1.1067486,0.31030145,0.35987207,0.7503404,0.34907168,0.72476584,0.33815598,0.81786704,0.4863303,0.0,0.42222944,0.61976445,0.31215897,0.9142376,0.038729023,0.96980107,0.72506875,2.8490605,1.1234115,1.6658571,0.0,0.11583662,1.0604985,0.9743833,0.36407033,0.2302443,0.47841763,0.009820787,0.2882298,0.9771538,0.609114,0.7070925,0.9085008,1.4312909,1.6583798,0.35009205,1.3449925,0.035266086,0.8844906,0.5142285,0.5034819,0.50514233,1.559128,0.1670981,0.38597074,0.08995772,3.6720593,0.07963272,0.914792,1.5067583,0.99684626,2.881336,0.2838632,2.4009488,0.63248456,0.33785474,1.7115861,3.4772663,0.0714621,0.19310641,0.8846939,0.57572687,0.18408826,0.6746911,0.2142788,0.23845765,0.50374436,1.6199353,2.716747,0.59124845,0.5102452,0.409986,1.9251661,1.1011245,0.42270404,0.008055705,0.31976718,0.7009174,0.0073841144,0.68163097,0.97598296,0.21033853,0.88217646,0.3301257,0.25030974,1.4163948,0.4417205,2.2263114,0.82760745,1.229761,0.6117187,0.58517873,1.6961448,1.695229,0.7069848,0.9815298,0.801603,0.43272904,0.80636424,0.23236924,0.14210054,0.022268016,1.4903128,0.3722253,1.1007462,0.38628215,0.09838539,1.9306643,0.4983585,0.44727886,1.9273735,0.51245356,0.23907395,1.3467942,2.195455,0.43689832,0.8985785,0.734563,0.12009932,1.3609034,0.6082884,0.3629603,0.023206946,0.06498497,1.0760949,0.8606041,0.8491063,0.19029741,0.06499244,0.04824797,0.12927039,0.48098832,0.21195267,0.5117474,3.422405,1.3519648,1.0436759,1.2263727,1.3572724,0.5338651,0.27092013,0.38910395,0.49167582,0.34060127,0.26864153,all_pothole_images\pothole_images_optimized_image_381.jpg
0.20854244,3.082499,1.2962303,0.011158967,1.3234234,0.2632536,0.60918635,0.12611333,0.88080966,0.53645635,0.94004923,0.5950379,0.28484744,0.5719866,1.3173314,1.0736015,0.16174777,0.2750505,0.04577198,1.5398524,0.007010111,2.3294952,0.43107837,1.2269424,0.4900124,0.94515234,0.14272864,0.9340772,0.55364096,0.86066216,0.54894316,0.39410928,0.026591143,0.3670742,0.06491068,0.84726775,0.34456635,1.4492286,0.65247816,0.85519993,0.14975497,0.10438668,0.10305637,1.3428419,1.0146748,0.023315242,0.5096941,0.2612221,1.8139585,0.22361743,0.17253439,1.2688667,0.8705782,1.8048253,0.8430096,1.1910493,1.1549395,0.9999586,1.3975761,0.011839848,0.25506777,0.49564922,0.84229743,0.57790464,0.31185165,0.9839013,0.5956792,0.7376332,1.1478324,0.35059026,1.0721371,0.87384045,0.92513835,0.16894925,0.8454756,1.6198456,0.0,0.8194873,0.6037466,0.16147721,0.5043812,1.1102254,0.0394425,0.6397322,3.1413453,0.08785683,0.37510866,0.7315611,3.799401,3.230879,0.8402812,0.94993514,1.4528335,2.5420592,0.6759344,0.1900526,0.16872,2.302627,0.116929635,0.38244602,2.0248997,0.6198791,0.00881089,0.8393461,0.81677383,0.6153267,0.8940511,0.044708535,0.661002,1.6608974,1.4783723,2.2876158,0.08510602,1.5197341,0.84007084,0.8043689,0.5003047,0.38715327,0.8972375,0.70718235,0.9982772,1.1782837,0.18267538,0.3963917,0.6245515,0.60935694,2.1523514,0.0670712,0.1850534,0.3639584,1.0333884,0.0985445,0.53598684,0.653639,0.9241247,0.58820117,0.9410925,0.32943177,1.6255289,0.49375373,0.013897798,1.3878689,0.42682812,0.96672136,0.5605237,0.65046227,0.27985293,0.33367804,0.6922486,3.6044438,0.3500112,1.4546113,1.7928759,0.26591948,1.1533854,0.13531005,0.4014413,1.6991659,0.30697733,0.6029375,1.4159975,1.3151038,1.8527278,3.9617794,0.94423455,0.2418678,0.96058035,0.060974717,1.7320908,0.22159202,0.9837072,1.4077665,2.0906606,0.67278695,4.711707,0.0062850895,0.6135644,0.09197426,0.45231074,0.35001227,1.0936831,0.28301746,1.8089961,0.7735461,3.1515658,0.6725755,1.1764185,0.45091915,1.2456478,0.8126658,0.35727504,1.1183875,0.42887115,1.4586947,1.2002232,0.89739555,0.048310526,1.266692,0.07004669,1.2124679,0.7074807,0.03424857,0.22678404,0.15399961,1.0487701,0.3394844,0.6446889,0.63551635,0.64160067,0.20336695,0.48228368,1.5187527,1.6051701,1.0309519,0.10169313,0.3263243,0.5417505,0.8209451,0.51535946,0.26952615,0.12698935,0.038676128,0.91946495,0.57006705,0.368554,0.6179741,0.95953935,0.20998096,0.53643364,0.80908436,0.043272145,0.11709497,0.6402725,0.1822103,0.13452767,0.62522763,1.2680285,0.9794704,0.104007125,0.5417127,0.25920695,0.7469724,0.9008713,0.4063467,1.245668,0.60475665,0.60728925,0.14696369,1.2832137,2.0282118,1.6332525,0.54469913,0.44704694,0.7940676,1.5378003,0.5716615,0.80908006,0.24704294,0.8761928,0.09267449,0.8603789,1.8793797,1.600697,0.22196473,0.90149266,0.79812455,0.71548134,0.6741094,0.3438254,0.7452028,0.55378413,0.2010939,0.69593656,1.3266919,1.297103,2.6265182,0.95502025,0.22604136,0.7528748,0.5632978,0.11528587,1.3755834,0.045018516,0.41479394,1.7063733,0.28553644,0.70900583,3.1365573,0.5629006,0.4270478,0.10748793,0.17412761,0.077253096,1.1299596,1.7433553,2.228821,0.99499387,1.297963,0.5881652,0.46474907,1.0177182,0.1008821,0.17254905,1.4104798,2.3044546,0.064005256,1.7352654,0.704732,2.1548142,0.52760386,0.31784552,1.4861528,4.088645,1.1360793,0.17212293,0.3882445,0.4805603,0.1094097,2.0769677,0.30136883,1.5275704,1.2005627,1.7174134,0.9025661,0.01416925,2.5146015,0.4415038,1.8144593,1.8213651,0.99768937,3.8057477,0.2794604,0.57492864,0.03398866,1.6548624,0.5222751,0.32082772,0.0010775193,0.16653919,0.11713018,1.7235694,0.4152506,0.21046743,0.79946303,0.57471126,0.9478031,0.04913312,0.12863478,0.3100979,2.6224744,0.042503074,1.9978188,0.011375212,0.8799941,1.0022429,0.04609662,0.2670082,0.21276522,1.9360477,0.20356727,0.13481973,1.0137702,0.58445495,0.40979308,1.126434,0.4146636,0.17210217,0.99410486,0.08149226,0.32881993,1.1446713,0.9703936,2.3893707,1.585906,0.7316178,1.3454038,0.40031517,0.63202375,0.9646326,0.7776853,0.590685,0.51047796,0.3224134,0.51979405,1.7698705,1.1734414,0.87231535,2.1216261,0.3365102,3.9053924,0.4939227,1.0760831,0.24006905,0.5410917,0.1593212,0.34669474,0.74027073,1.2423995,0.56460583,1.5901041,2.636091,0.121441506,0.89861554,0.18743025,0.117926665,0.02592874,0.46057963,1.2791425,0.72868836,1.1239936,0.4703008,0.54402184,0.64308834,0.73784155,0.21859552,1.7586268,1.6287619,0.01896081,0.0,0.6986193,0.066627026,1.3574144,0.760307,1.8467183,0.8035543,1.5206503,1.3757627,1.8807715,0.081052974,1.3118622,1.238146,0.540836,0.6608996,0.63479894,1.4683808,2.2044203,1.1786807,0.6875009,1.9029642,0.42821476,0.49279225,0.4205916,0.15350126,1.5083132,0.10855879,1.7578193,1.6641256,0.21606661,1.1323099,0.65038705,0.65013987,0.17452462,0.95782226,1.4047668,1.3596976,1.7458041,0.85666806,1.071836,0.49118748,0.012034684,0.48456168,0.0022929935,1.2617878,0.17111035,1.5423843,0.36856484,0.35762328,0.07106846,0.23038766,0.38160318,3.2208407,0.7997642,0.7759842,0.0033752406,0.77241373,0.69179463,0.07414358,0.08227597,0.019685233,0.27903405,1.1982868,1.5305792,1.0038825,0.96742314,0.48439014,0.9803046,1.0843068,0.39817092,0.053654626,0.0,1.389152,1.0136659,0.031293098,0.8467904,0.07886951,0.70342666,0.10453155,0.06556493,1.0178386,0.16768576,0.5298337,1.1031876,0.5791319,0.5684396,0.1108373,1.9439723,0.16047293,2.5126543,1.7485728,0.26729015,0.97188705,0.99676365,all_pothole_images\pothole_images_optimized_image_382.jpg
0.31004325,2.495756,1.4148042,0.31522685,0.10742925,0.3218345,0.05759888,0.00348606,0.65242815,0.52048576,0.571635,0.2593297,0.02409662,0.6526934,0.0050029694,0.5964947,0.09208721,0.1899078,0.45158926,0.19461632,0.14504832,1.7455765,0.69861585,2.0123746,0.08461526,0.18713991,0.023457885,1.0990996,0.26829267,0.7143676,0.48383254,0.11809234,0.64490026,0.30658773,0.1815611,0.1441864,0.82583696,0.50728387,0.060026206,0.06869692,0.68891305,0.26632133,0.3096681,1.1950195,1.2484009,0.26973912,0.66705734,0.016994145,0.18417615,0.2174087,0.61018217,0.20799045,0.6477834,0.17879839,0.14097051,0.28572577,0.53145874,0.12221502,0.20320593,0.1593837,0.08742133,0.3711322,2.058777,0.47850063,0.30704513,0.63656926,1.3961474,0.4491466,0.17254545,0.95943654,0.27589908,0.09348342,0.09192417,0.18806744,0.4096052,0.82721114,0.10640962,0.40813497,0.015103121,0.69187504,0.17559475,0.22556134,0.4983371,2.6303394,0.5147157,0.6156299,0.0,0.0943281,2.8141491,0.6004538,0.16366662,0.02835847,0.047329668,0.2553288,0.26494163,0.37115377,0.7686646,1.0540359,0.24339825,0.14421166,0.40266332,0.947332,0.19258104,0.09690235,0.45620745,0.23508298,0.03228331,0.106828675,0.5491283,1.2494639,0.09808933,1.4466453,0.047726937,0.35099325,0.15632439,0.6341911,1.624189,0.74258554,1.5284628,0.29157135,1.0294496,0.39120427,0.69773775,0.38219687,0.18171053,1.6157107,0.30289,0.13881753,0.24108155,0.43564367,0.22731167,0.17982991,0.40324494,0.07752479,0.0015684078,0.38869298,0.058237363,0.14513989,0.6874795,0.12899297,0.07752247,0.46644682,0.7436545,0.4438366,0.15611652,1.0201647,0.33498475,0.24435896,0.77984726,1.3984845,0.21582471,0.23659143,0.24163926,0.06996474,0.47343305,0.22189684,0.041268032,0.12775335,0.051963903,0.50733054,0.16046984,0.18241209,0.80976653,2.1265874,0.20252912,0.15135661,1.3085312,0.50859344,0.4263824,0.7334166,0.019672528,0.3630069,0.034502327,0.07535919,0.57287467,0.3938346,0.85948086,0.03800995,0.17496905,0.26106492,0.0032095006,1.0108753,0.62895083,0.67758876,0.9169419,0.1461803,0.20531285,0.80290616,0.4974387,0.4969258,0.0841577,0.34116924,0.23952577,1.3093576,0.50738215,0.11930097,0.35179737,0.68225044,0.022571595,0.4818802,0.14280207,0.2675087,0.06436268,0.032517962,0.79951245,0.040105086,0.14371842,0.006716099,0.8451803,0.04571478,0.6298284,1.0407904,0.4442566,0.29441297,0.14846265,0.05668025,0.19164228,0.14868748,0.77291185,0.18339118,0.5686851,0.21973228,0.29480094,0.46641743,0.6343787,7.292206e-05,1.7773927,0.23274094,1.3433523,0.05066152,0.25909227,0.5883447,0.49265793,0.014386551,0.3279288,0.069822855,1.3226207,0.10640683,0.11014756,0.01579533,0.34934735,0.36814484,0.2994962,0.60051394,0.25966713,0.027270833,0.2824277,0.013040692,0.37071052,2.4014351,0.5015076,0.0046040737,0.020708553,0.028417457,0.055672858,0.0055142352,0.75351584,0.2517059,0.61248106,0.8468501,0.015335814,0.5808534,0.65229553,0.3721709,0.19265565,0.1386697,0.39686868,0.46194744,0.64235085,0.66376466,0.44350895,0.10486671,0.2681247,0.022015242,0.34721908,0.95639396,0.31158018,1.0485269,0.48625618,0.15645687,0.026429957,0.3066222,0.64681756,0.7774199,0.57395077,0.43660507,0.08988727,0.3168428,0.86998916,0.06893327,0.18959773,0.5103732,0.019507827,1.2227484,0.8517923,0.071242794,0.64141935,0.94958556,0.69830793,0.62900686,0.20245087,0.2306366,0.17331587,1.3524413,4.7265143,0.12589592,0.22055283,0.7240425,0.5175542,0.14135478,0.041721977,0.9813384,6.2272887,0.68417895,0.0018235386,0.29635555,0.17782576,1.1005232,1.1262565,0.30484027,1.0283881,0.2690048,0.17836036,0.16415116,0.35387108,0.53107196,1.2720319,0.0,0.34806708,0.9049854,3.7693708,0.11258952,0.1265474,0.2068324,0.14877976,0.00762241,0.35146376,0.11221824,0.11829179,0.01515677,0.15514657,0.3899989,0.7612206,0.00027866784,0.15556218,0.010656858,0.38593775,0.09866532,0.14161342,0.5441352,0.12601043,0.767864,0.6659884,0.17206892,0.07233065,0.85096943,0.3511379,1.1581434,0.09850099,0.047930814,0.09034367,0.3347992,0.99837524,0.22064921,0.06690785,0.5426722,0.32332215,0.8052322,0.14808924,0.21432835,1.120706,0.6861588,0.84834623,0.5628719,0.12912448,0.9938291,0.21237542,0.23564844,0.020283595,1.0654684,0.04460668,0.48349473,0.3528664,0.90174943,2.161091,0.24391398,1.4737009,0.011675029,0.19050802,1.5380896,0.87011725,1.083464,0.10163371,0.1691339,0.19998592,0.09597887,0.343841,0.65045685,0.40699938,0.41198763,3.0661647,0.3353967,0.14927186,0.532587,0.7900188,0.0026954366,0.28008267,0.11694754,0.0092325015,0.5206284,0.04131832,0.12212542,0.7763992,0.27358818,0.12142549,0.01901145,0.38216564,0.54507095,0.009573596,0.36490598,0.25330666,0.85321516,0.84651554,1.7388295,0.06071472,0.64518136,0.06888205,1.3602068,0.14919347,0.49740162,1.1194475,0.29690355,0.056042258,0.6021701,0.5164997,2.5023954,0.43904528,0.12055121,0.030241363,0.4801871,0.7002653,0.22771683,0.14404278,0.24571165,0.29337442,0.008843878,2.0863056,0.3086846,0.82702005,0.098147236,2.0256274,0.5663522,1.4929856,0.7544297,0.30490726,0.38077748,0.9872288,0.8245362,0.17586945,0.8767454,0.3169974,0.09903606,0.96975505,0.38400015,0.46548316,0.13128166,0.23609741,0.07501192,0.28160983,0.514475,1.0182763,0.3153862,0.046827722,0.5583088,0.13340926,0.5318638,0.12886444,0.4371301,0.62749743,0.50442475,0.38616893,2.6449952,0.65104574,0.47296995,0.42819446,0.5564647,0.5903382,0.5372787,0.55602145,0.3194069,1.1653436,1.6706463,0.20039204,0.009825733,0.035556592,0.17467411,0.29181626,0.22417635,0.17226335,0.22894138,0.4437167,3.241963,0.064802215,0.9395719,0.07669821,0.61736345,0.28546843,1.2928623,0.28852922,0.34124172,0.27143323,0.123454675,all_pothole_images\pothole_images_optimized_image_383.jpg
0.14294492,2.3651512,0.70187277,0.4153274,2.3522677,2.2734988,0.8895625,0.5841081,0.23507573,0.1630893,1.0792156,0.25757143,1.5840099,2.313262,0.69124174,1.3417883,0.9281115,0.28506622,0.20802327,1.8443646,0.76858276,2.3197927,1.3005517,1.8564739,0.8477414,0.2496027,0.3158353,2.379481,0.40534264,0.66027844,0.7503648,0.224933,1.0064719,0.14132068,0.32949242,0.44822645,0.7850372,0.24400161,0.05451654,1.206159,1.119418,0.19240609,0.3516861,1.3600461,2.14825,0.38314864,0.20762795,0.0,0.3812509,0.16469403,1.9570863,1.5508003,0.83589125,1.0073977,0.69624376,0.17301552,2.3848684,0.23984057,1.6995292,0.06885909,0.133118,1.2921444,2.3801298,0.38008,0.37253532,0.81477004,0.9439436,1.0237803,2.2164655,0.21939623,0.42395693,1.0723658,0.58006936,0.4170318,0.72792363,1.4727135,0.9095797,0.9933262,0.29691923,0.41124025,0.99166334,0.16657232,0.23739423,0.5565227,1.1797981,0.62715185,0.7675365,1.0920779,3.5834656,0.19032753,1.0953349,0.00295836,0.4301499,1.7734509,0.061616555,0.39173067,0.7264325,1.5962149,1.5061945,0.04003826,0.7561971,0.57256985,0.60102254,0.12342139,0.1169065,1.3892471,0.5326078,0.045855064,0.08095919,0.6208075,0.73549944,1.7652158,0.62146986,0.60833293,0.1331395,0.7142935,2.3957765,1.1855246,0.8249733,1.0353783,0.81335735,1.751879,0.7847456,1.0458595,0.22625424,0.69260675,0.10601254,0.5497698,0.10859771,0.3044205,0.66424817,1.1282014,0.56327575,0.95847344,1.099458,1.1732647,0.664493,0.13105895,2.4534123,0.65273565,0.32921,1.9319712,0.16040722,1.2865855,0.9171982,0.30137455,1.6659983,0.0,1.3050416,1.9714836,0.04823701,0.3057766,1.1054021,0.36288324,1.4269577,1.2572988,0.42705128,0.93162256,0.20626001,0.051291145,0.45677292,0.5073936,0.055411167,5.532985,0.14493106,0.7775777,1.9860005,0.87168866,0.7644181,0.15741228,1.2515676,0.9818212,1.5401883,0.12338169,0.61425817,0.2039414,1.0970049,1.2065325,0.82368046,1.1968019,0.42558172,0.28724504,1.6875015,0.19879381,1.2160325,0.33970064,1.6858602,0.54359484,0.09889685,0.49558043,2.7856495,1.1868404,0.19114655,2.1303666,0.7281548,0.08998731,0.2723463,0.45964095,0.25731754,0.49256998,0.041502308,0.25380135,1.6066397,0.5027447,1.2544112,0.5659769,0.6318175,0.80618656,0.6651091,0.47481412,0.6200826,0.8028216,1.6775609,1.4178367,0.07937749,0.08113042,0.17885481,0.14104308,1.1390615,0.75509626,0.43870932,1.1599555,1.1844609,0.12072252,0.19845468,0.6468073,1.6011217,0.04945507,0.39945796,0.059323695,0.7257086,0.8751048,0.6990046,0.07264835,0.1917455,0.28055882,0.9232898,0.24174674,0.12849993,0.014096909,0.41931298,0.48025793,0.019335395,1.8594987,0.00019386836,0.37363178,0.19409563,0.48791105,0.1292139,0.31038412,1.1721647,0.0,0.93585515,0.31822464,0.9653373,1.2171384,0.2619905,1.2244189,0.70698494,0.08638796,1.1277255,3.3998547,1.5626495,0.3759275,0.90145415,0.2014674,0.11513214,0.80652416,0.40798113,0.23613307,0.2985573,0.8178681,0.34107614,0.21970151,0.02252569,1.2588993,0.69091034,0.5349506,1.0717621,0.5607158,0.15189941,1.1883286,0.016795287,0.47776046,2.6552756,0.49610728,1.1017681,1.01303,0.31659162,0.1993818,0.7215218,0.101788014,1.218337,0.48061776,0.03717309,0.8779829,1.0391532,1.3451325,1.1956234,0.96922505,0.103640616,1.573559,0.023125706,1.0247285,4.0835123,0.22803007,0.17041214,0.96812624,0.60920286,1.4290211,0.47452667,0.7672087,5.043947,0.47746432,0.10439835,0.61517715,1.4811245,0.561577,0.5259253,0.51679564,0.46924675,1.3405489,0.13745014,0.93605196,0.9697012,0.4758357,0.872554,1.5233151,0.37141743,0.22104679,3.7929578,0.0,0.2848107,0.19287404,0.1022882,1.0863119,0.45966223,0.2853788,0.78217846,0.3276741,0.50792474,1.1970705,0.73541266,0.00037607612,0.65549326,0.6664681,1.0759804,0.15000676,1.4604967,0.52149594,0.25645688,0.42117634,0.97402304,0.3555748,0.27618435,0.0037334631,0.64362997,0.6892266,0.0,0.0,0.12944935,0.5187697,0.6551826,0.3688801,0.42361006,0.10680399,0.88005716,1.1736248,0.12131492,0.52960074,1.5211496,1.3844401,1.7763556,0.5924609,1.1182245,1.5141978,0.41941,0.31909505,0.081123516,0.84738183,0.02412344,0.49538717,1.1644706,0.5763301,1.8147423,0.14010873,3.259521,0.728877,2.7846599,1.3428478,0.7242181,1.440331,0.36460024,0.26162913,0.4000509,0.09233586,0.2559401,1.0633656,1.1336248,0.22434612,3.5796254,0.30802009,0.5346851,0.7867243,0.31707525,0.074129865,0.6297806,2.1042526,0.2762493,0.87313205,0.694884,0.6839892,0.20827499,2.0197613,0.21951786,0.13837557,0.19861275,1.2304045,0.16297829,0.4397265,0.029008213,2.3896363,0.81020164,1.3339918,0.5619442,0.8686592,0.24109067,2.6140928,0.33049178,0.90954775,1.2176206,1.1254822,0.0029825708,0.19572163,1.2567779,2.2546384,0.88712114,0.52399874,0.041287567,2.9706328,1.5969862,0.6208723,0.8964273,0.1501238,0.040038403,2.2749379,3.826297,0.41238528,0.19851509,1.5492712,1.5875022,0.8533708,1.6533077,0.36259156,0.06502103,0.2450683,0.9036896,0.6415649,1.8156596,0.39080986,0.6269904,1.3364115,1.5732435,1.411572,0.10336806,0.9357421,1.1814598,0.35506013,1.1636018,0.68797594,2.0247934,1.0838594,1.9652781,0.33991295,1.0200094,1.2938182,0.5013997,0.45662692,0.7041177,0.34069338,1.0090307,2.3922255,0.58900243,0.7272837,0.15714805,0.13410288,1.1169304,0.43114477,0.5474419,0.24348904,0.30866107,0.6610697,0.5244736,0.42625216,1.4561528,1.1449424,0.12563485,0.14243107,0.10353463,0.022445679,1.7710167,1.3811109,0.72621745,1.2478737,0.37871805,0.13063772,0.089070015,2.42384,0.37865922,0.43863857,0.65232354,0.22064789,all_pothole_images\pothole_images_optimized_image_384.jpg
0.15569137,0.79766756,0.092428185,1.9918314,0.9494085,0.19789945,0.68607795,0.74958366,0.31193623,1.1891319,1.0432765,0.5207007,0.26304474,1.5360276,0.004413546,0.375504,0.191108,1.5025117,0.9074067,0.40836427,0.16215338,0.23846515,0.76790524,2.1830902,0.36210376,0.024263708,1.2794914,1.7109164,0.11394928,0.26733986,0.19724834,0.15329635,0.15341416,0.33905187,0.19244139,2.5211537,0.47010523,0.9962287,0.6895082,0.14569996,0.015261779,0.16949844,0.088668436,0.6048697,0.4437758,0.55898196,0.33855507,0.046186026,0.8221225,0.54134727,0.3096447,0.74806124,0.022153579,0.12990066,0.17263883,1.2920609,1.2851789,0.02009507,0.39751613,0.14927614,0.44428828,0.04753589,0.3774709,0.02437975,2.0205057,0.6816883,0.6262508,1.0175849,0.39637515,0.80665284,0.041065246,0.33809477,0.024514794,0.03820712,0.59608644,0.17227764,0.6885714,1.0520436,0.22733805,0.22452039,0.037071005,0.013758683,0.93229246,0.15923703,1.1167278,0.10261187,0.109806,0.0011201523,1.7097875,0.36497605,0.0,0.85784334,0.049794182,0.13895167,0.06604122,0.022267606,1.6586845,0.76703674,0.48617592,0.7461568,0.4380215,3.3490098,0.705418,0.10802119,1.9282304,0.5764964,0.19562963,0.09198988,0.27665925,0.39171627,0.07352915,0.27984706,0.35191408,1.236837,0.46345246,0.6254488,0.9060611,0.18642086,1.7924886,0.8633695,1.1309568,0.70228344,0.12186424,1.265783,0.28251502,0.634773,0.27448353,1.2425784,1.0101587,0.52132505,0.51824844,0.07733539,1.0127876,0.33866325,0.618109,1.124558,0.21232207,0.13395958,0.25567544,0.12493114,0.9793882,0.18623456,1.1990066,1.2711123,0.40126425,0.5828182,1.4337028,1.2095512,1.0045037,0.40086454,0.8628822,0.055645633,0.22944866,0.07417043,1.6736069,0.2872022,0.11372926,0.071508706,0.42918357,0.5707734,1.1348433,0.96668726,0.113222666,1.6401296,0.5443002,0.19462448,1.3558284,0.25895584,0.7318671,0.9733786,1.0201703,0.030872934,0.07033006,0.5642041,0.29883868,0.57643825,0.035341483,0.02570107,0.49933845,0.09800106,0.45516703,1.6255277,1.5515442,1.4332554,1.8455676,0.4766894,0.89591527,1.153449,0.19667481,0.73358077,0.6225097,0.51961476,0.10809579,0.5947088,0.7737023,0.040824737,1.1169916,0.5172361,0.8308007,0.08493592,0.33280894,0.871633,0.964233,0.08993587,0.92756844,0.22592042,0.24323992,0.6225668,1.9899721,0.86852366,0.0,0.104129575,0.8829395,0.71345425,1.0907158,2.5447361,1.3244112,0.1198703,0.2597004,1.1548388,0.45925623,0.5046914,0.26138514,0.0130054485,0.0,0.18405509,0.5413061,0.0,1.1982218,0.50040233,0.3031609,0.16939208,0.80486965,0.14093691,0.43524235,0.19198345,1.3626847,0.4786081,0.023853712,0.38132328,0.17833872,0.03776562,0.15958655,0.08107418,0.30840045,0.33803838,0.77666193,0.21590394,1.3192552,4.381347,0.010393629,0.06943104,0.17338765,0.6849567,0.006467964,2.0404437,0.5633332,0.57205874,0.7270435,2.7083173,0.511523,0.27298665,0.2295706,0.16867863,0.14535837,0.07860025,0.5485638,0.2839932,2.8386526,0.17318004,0.14517869,0.1090842,0.27041146,1.4841878,0.23437071,0.42034498,0.13670294,0.15552227,0.7434266,0.61630154,1.1442347,0.026875742,0.2811787,0.24019225,0.053913902,0.9747496,0.078959785,0.59436303,1.4306448,0.93043846,0.37190744,0.12464805,0.030754711,2.1471887,0.10730381,0.7164135,0.26334187,0.28393635,0.73434705,1.8782884,1.0890036,0.05367636,0.2758296,0.19570255,4.4631286,0.36845157,0.071298316,0.015471788,0.03482061,1.1078992,0.2622973,1.5806991,1.9457744,1.5883473,1.3802266,0.25277874,0.063710265,0.24435507,2.3269286,0.2683703,1.1310467,0.72117215,1.3167487,0.79538584,0.6719263,1.5335445,0.04836011,0.065974966,0.57359284,0.12972298,1.4651763,0.0,1.3685455,0.00467493,0.34160337,0.008047814,1.2558392,0.0080292225,0.46368688,0.1752707,0.76747113,0.320502,1.4138997,0.83924234,0.7888593,0.47210872,0.38169885,0.0,0.7141548,0.16043402,0.58282226,0.21276115,0.53426564,0.34724072,0.31550667,0.06664308,0.052273516,0.5836856,1.2512954,0.7568336,0.866591,0.85118765,0.39644513,0.43177468,0.3522263,0.0016999101,1.1105989,0.084297284,0.928892,0.41502723,0.08129317,0.17183475,0.14653611,0.70475566,0.5141017,1.307819,0.11752319,0.06885163,0.15855905,0.539252,0.3412223,0.22202197,0.25738016,0.61025167,1.1758255,0.15622796,1.7899096,0.20081717,0.55279475,1.000905,1.0930607,0.7649489,0.30540612,0.18049103,0.03055055,0.022650555,0.997287,0.08258074,0.50904083,0.39288285,0.06949178,1.710969,1.2803999,0.32828382,1.6702445,0.03582362,0.79428536,0.60679525,0.40485132,0.3609113,0.22508973,0.87816745,0.21205713,0.05468069,0.080346346,0.7331576,1.1898009,0.48610985,0.05570012,0.0043501128,0.6902908,1.9185544,1.2980481,1.7677927,2.866909,0.2738904,0.94832486,0.6229319,0.72026134,0.96204203,0.30657437,1.3210297,0.4353654,0.58133006,1.964108,0.96224624,0.3162524,0.24270448,1.10245,0.18909346,0.44946957,1.3847275,0.14564262,0.043507498,0.08975477,0.16676827,1.9718069,0.08598344,0.01891065,0.9120352,1.0275197,0.34547532,1.1899291,0.10502122,0.38564485,1.435586,0.71724015,0.16716899,0.3902715,0.703068,2.1551533,0.65102255,0.3648494,0.013171414,0.29347113,0.02036289,0.00761842,0.120012715,0.48284876,0.7742332,0.96339214,1.2135977,0.018569421,0.7578212,1.0622212,0.09642091,0.7129268,0.33628914,0.410396,0.008998089,0.89741343,1.1600443,2.0277886,0.32418117,0.187809,0.14513749,1.1657312,0.032805268,0.87734437,0.22227892,0.9625427,1.8361949,0.22940166,0.11618926,0.10119773,0.15676944,0.21328989,0.36896124,0.16382664,0.40346262,0.15177548,2.1966958,0.8116435,0.8685866,0.45020488,0.38050434,0.14583375,0.10803936,0.47165573,0.7006851,0.009877997,0.23928362,all_pothole_images\pothole_images_optimized_image_385.jpg
0.08031963,1.2603874,1.44005,0.18378896,1.3020624,1.3941895,0.82254773,0.22394076,0.30108854,0.08431892,0.6552328,0.73807216,0.15652938,0.6828034,0.12828423,0.38391444,0.6067374,0.0246437,1.7350495,1.2752942,2.553503,1.3974543,2.296241,2.8745065,0.289704,0.19011071,0.09097141,0.57762766,0.055522203,1.0602837,1.6416153,0.0050411606,1.212059,0.7895841,0.47472984,0.07101594,0.02507674,0.8624335,0.18491827,0.089605115,0.19305535,1.4450951,0.15142272,0.5891853,0.4773663,0.73251045,0.17705151,0.0,0.42593297,0.1687877,2.0688782,0.87427914,0.5168408,1.280867,0.096175134,0.027213637,0.8607237,0.041554023,0.23055683,0.2645458,0.30286312,1.1493407,3.1640818,0.62107414,0.17344096,0.53044844,0.062838644,0.419107,0.01183338,0.7263321,0.7387573,0.17385994,0.19096147,1.1544673,1.0298891,1.7474673,0.03685443,0.21772501,0.0,0.13455585,0.20932044,0.1328127,0.16985959,0.27624205,2.7263966,2.2756605,0.09647373,0.95571697,1.7749966,0.45698297,0.00094842486,0.030761665,0.4052437,2.3512099,0.6100828,0.37150636,0.019403433,0.3394108,0.59811854,1.2352163,0.18024848,0.11410723,0.39654857,0.122513406,0.64619404,1.0374686,0.16097589,0.645321,0.014887462,0.15657192,0.012077555,2.6538527,2.2519562,0.15971266,0.059023008,0.5789653,0.9922855,0.20610008,0.12651362,0.78160745,1.6863526,1.1541765,0.9086333,1.4009094,0.030684218,1.1953487,0.38381544,0.88785005,1.3884686,1.5601358,0.91454095,0.043012675,1.6851074,1.3442032,0.0360806,2.0871778,1.6769415,0.06477224,0.31603685,0.050023668,0.15220833,3.3100274,0.3233517,1.5067714,1.3692489,0.7251372,0.09278495,0.0042754672,2.9607859,1.5963346,0.13144323,0.68663466,0.8446757,0.05888555,0.66192734,0.033604264,0.0,2.623139,0.066130176,0.009261578,1.4915024,0.7783642,0.0,2.6941829,0.32358894,1.7857282,2.1472313,1.0679802,2.6929164,0.24852735,0.95094144,0.8101589,1.3966895,0.4669673,0.22521785,0.25335544,0.518517,0.8688767,0.7155117,0.15391743,0.1471494,0.058895256,2.8726745,0.1629657,2.0729537,0.015908288,1.539225,0.6711419,0.8779931,0.26832318,0.41753712,1.8086239,0.063470535,1.6574348,0.06295783,0.143524,1.6903135,0.7150086,0.1955063,1.715318,0.46341044,0.11073157,1.8496648,0.30704847,1.7711035,0.613882,0.0,0.0,3.2979171,0.47418526,0.62465286,1.6211015,0.26577252,0.54781646,0.85220444,0.13012041,0.60725135,0.29233328,3.2669222,0.12044846,0.0,0.053623978,0.04377761,0.64491546,0.6805851,0.64248246,0.30612618,0.41851848,0.9791454,0.7753192,1.0255958,2.3868308,2.1727188,0.10076483,0.12264506,1.6041074,0.0037964596,1.8212311,0.43263558,0.39173815,0.10876071,1.3193558,0.47971514,1.5274109,0.0,0.50337994,0.49858654,0.42548877,0.33283323,2.3825529,0.8276236,0.009620179,0.3074905,0.42112154,0.8325926,1.536591,0.013600147,0.3721461,0.78605956,0.5098356,0.03865566,1.4168365,0.07749047,0.0,0.5229295,0.42228562,0.0,0.7300295,0.78826684,1.958022,0.004412439,0.5034093,0.071634255,0.5378355,0.075519174,0.27803692,1.0798311,1.8264284,0.703788,1.0894634,0.2963429,0.36529195,0.77593696,0.89155,2.8327343,0.24347313,0.60382736,0.22506075,0.6124209,0.05032437,0.5059373,0.7052177,1.775418,0.21876322,0.3024736,1.4048721,0.6168606,2.1978092,0.42499697,0.12712994,0.44792125,0.32694322,0.025460936,0.74663794,2.27967,1.075213,0.64205277,0.22743253,2.6530411,0.96679294,1.0355905,0.23985781,4.363156,0.8629268,0.039833374,0.076053336,0.7858734,0.3886157,0.7165147,0.3718136,1.0698736,2.4406717,0.023273623,0.7613466,0.10238941,0.8432578,0.11370161,0.9379461,0.098932,0.6019073,3.8899324,0.11969344,0.123864956,0.18581845,0.24612282,1.5208097,0.24320945,0.87433,0.046475116,0.047805853,1.0490819,0.6927252,1.0655142,0.15614305,0.2347476,1.1811225,0.70082575,7.804194e-05,1.4564892,2.2667522,0.039042223,0.7714343,1.0690521,0.06011352,0.090594485,0.0015629396,0.6472042,0.46052158,0.035188522,0.1083994,0.0075422395,0.117498696,0.28422266,2.0289423,0.10379777,0.2093847,0.85451365,0.34237373,0.19035882,0.5229087,0.43537736,1.5262992,0.17461064,1.5274879,1.0114219,1.0288707,0.26588678,0.5263054,0.013973385,0.6091743,0.0,0.5658479,0.27682728,0.12972882,3.651706,0.8252149,0.91568017,1.2037228,0.6776296,0.40856916,0.16130722,1.8775426,0.33044168,1.3871171,0.14236411,0.7094007,0.37835115,1.8437701,0.6809705,0.051892933,2.0098677,0.3423341,0.052547283,0.06642465,0.24861376,0.018379448,0.4648788,0.079612374,0.03794779,0.6219008,0.6265147,0.2611936,0.8309087,0.39981475,0.022867387,0.3658919,1.0591981,0.23784994,0.01116604,0.9246441,0.055121265,0.67442936,2.9975092,0.9467573,0.49247226,0.36049646,1.1850274,4.074014,0.844819,0.3648491,0.2535052,0.69952315,0.1280291,0.39930287,0.30784446,1.3446428,0.039748024,0.5833947,0.30887502,0.62966233,1.5074759,0.6786279,0.0,0.1265419,0.0015984013,0.009817843,0.4714132,2.0088239,0.0,0.87743235,0.6073677,0.0,1.4287598,0.2519961,0.7366669,0.7450334,3.0659802,0.027826564,0.21593437,0.083632566,0.04195856,0.12564844,1.9231265,0.46741733,0.15345809,0.13348459,0.12996918,0.028908739,0.5134462,0.6970717,1.146716,0.27372044,0.076064125,0.18938969,0.20515165,1.3076946,1.147239,0.08470676,0.14135462,0.0,0.9321857,1.7742407,0.07775077,0.37093496,0.010386794,0.11943792,0.8013669,0.36742884,0.20368552,0.15709588,0.019285196,1.6243906,0.08986903,0.008144643,0.014526566,0.17155011,1.2486026,0.0,0.06056409,0.16478904,1.7736615,0.32810113,0.21661595,0.69306844,1.766685,0.5935742,0.020621968,0.9775551,0.17076394,0.09578904,1.2722661,0.20978446,all_pothole_images\pothole_images_optimized_image_386.jpg
0.78019077,1.6760627,1.0724944,2.334672,1.5088468,0.14513266,0.3208354,0.0,0.49990734,0.41125542,0.24227266,0.4772056,0.009888285,1.1984899,0.24192311,1.7896212,0.084388666,0.021691522,0.08612151,0.014116762,0.22811325,1.3337066,1.5641441,1.3575863,0.36614498,0.31321752,0.0426385,1.8743049,0.1394965,0.95738435,1.4439678,0.09596254,0.8538588,0.39973822,0.57143646,0.23164694,1.1053023,0.19451013,0.3606997,0.5965651,0.030672409,0.58467937,0.81157976,0.5698748,0.8153537,0.015643833,0.3077043,0.49057138,0.20826724,0.06476793,0.32378253,0.8657055,0.20347984,0.21321456,0.006268511,0.2924582,1.4118184,0.024619302,0.17890027,0.26816955,0.006753439,0.19219564,0.5487739,0.5845284,0.3840756,0.263602,0.36051252,0.10537028,0.03515225,0.050680704,0.11495481,0.0,0.22076373,0.23272724,0.007564082,1.4292154,0.3230528,0.35401815,0.0,0.8083004,0.5119874,0.24162483,0.19035593,1.8579459,0.18128794,0.80532455,0.0974941,0.17209285,3.6894577,0.3363505,0.1623011,0.07330546,0.048265915,0.043512914,0.2796074,0.09164585,0.544999,0.76499426,0.073136844,0.27949739,0.31328487,1.1380748,0.5753223,0.5418042,1.2914714,0.0,0.119136915,0.036803123,0.4550619,1.8575664,0.008563957,2.5858927,0.61345816,0.62807643,0.6625496,0.9154507,1.835515,0.16176173,1.0531867,0.7811013,0.93860126,0.47850233,0.28924572,0.33670747,0.7619678,1.1339555,0.40142238,0.57111573,0.307483,0.3103405,0.37578103,0.25036925,0.20810637,0.00088490284,0.1916906,0.1453461,0.06369566,0.23665603,0.0150485495,0.007986284,0.23699947,0.52980787,0.20183991,2.09234,0.2962304,0.7533218,0.16702038,1.1646311,0.27252454,0.57885665,0.954061,0.4874806,0.5634079,0.5120881,0.90729356,0.38403866,0.24583873,0.1448709,0.7298923,0.50311846,1.4936119,0.4690851,0.11574143,1.2043045,0.43187815,0.50615424,0.9669121,0.023910217,1.1150676,0.37590283,0.025691256,0.4432464,0.21601601,0.09351257,0.7314219,0.24503006,1.026811,0.00042244807,0.012637005,0.028408682,0.010517982,1.57137,0.35862482,1.0428995,1.2429466,0.048029646,0.22940744,0.107388176,0.4785111,0.6359671,0.7673332,0.21336468,0.20277004,1.634835,0.6694014,0.24532986,0.25105813,1.9909023,0.5808723,0.26328707,0.67910475,0.3730978,0.0,0.043557744,0.15475371,0.27174476,0.93122584,0.028761163,2.0309415,0.03215414,0.37245694,0.42382383,0.72708267,1.5098541,0.6858929,1.4207034,0.64152485,1.4204061e-05,1.8541253,0.06544616,2.3848424,0.0,0.37505054,1.7588968,0.26933065,0.13417608,1.3715975,0.7468287,0.85611975,0.13483836,0.19348077,0.62091166,0.3503163,0.048681617,0.45755374,0.13356976,2.1028547,0.035665404,0.69134647,0.1187928,0.35230142,0.0013291793,0.5673793,0.43130797,0.03284228,0.013208808,0.59596187,0.01952892,0.7408122,3.3601565,0.51861864,0.11899313,0.09182775,0.048180144,0.5372821,0.0,1.7487484,0.08161303,0.398239,3.1913028,0.5918104,0.6113691,0.69343054,0.11814615,0.5453539,2.0214045,0.22742322,0.11734757,3.324579,0.11996739,0.34385666,0.00039925106,0.14888902,0.4987483,0.10797003,1.7343153,0.0,0.39976463,0.8444561,0.38629207,0.042606488,0.522289,0.6375854,0.5145925,0.32600102,0.45982304,0.32150707,0.72336835,0.44439143,0.0016784276,0.15212846,0.5963193,0.3934821,1.1685224,0.15060468,0.3114372,1.5176002,0.35393593,0.016395573,0.61864406,0.15914911,0.15699406,0.0,1.3997563,4.245679,0.123577505,0.2624863,0.5160109,0.42756978,0.20089513,0.20645678,1.6174262,6.133318,1.4914532,0.25188538,2.0855565,0.0,1.5917344,1.0018455,0.23094209,0.65316886,0.57713264,0.31446692,0.3167199,0.3362801,0.14533307,1.1009375,0.7240384,1.0525542,0.29141304,3.9728043,0.16357656,0.0,0.16366202,0.09197661,0.19665878,1.3934597,0.7210706,0.808352,0.052627467,0.49897245,0.8057424,1.73987,0.0233001,0.20200992,0.08237913,0.28688094,0.01246982,0.104557104,0.26082066,0.075418375,0.7439154,0.5092046,0.18853576,0.09905376,0.0209193,0.38369796,0.13481143,0.17263454,0.90745574,0.25677013,0.27424568,0.95641404,0.23209372,0.04244207,0.52358866,0.5202835,0.045811508,0.68179303,0.5525148,0.16685836,0.64413095,0.07479655,0.035663895,0.8964297,0.24152927,0.2655969,1.2257713,0.05619228,0.26300415,0.4347954,0.028842553,1.2133342,1.4023297,2.8391056,0.8780368,2.3445299,0.11778886,0.07733904,1.257,0.21529321,2.134352,0.20053574,0.051332053,0.0060095983,0.5873994,1.0033604,0.5184764,0.0,0.0,1.2437208,0.819812,0.78491944,1.4880677,1.1583422,0.24664421,0.3420937,0.23276365,0.07148176,0.07610861,0.6442103,0.23182674,0.82470125,0.1319671,0.031763926,0.18719992,0.41517666,0.69069934,0.4729547,0.11483679,0.7914478,0.13558319,0.8616548,1.6598923,0.83541036,0.3993804,0.8470487,0.5872457,0.62930006,0.6769069,0.41467544,0.5546142,0.14413427,0.5784917,0.09799681,4.008037,0.51568675,0.3553936,0.15674196,0.9904405,0.8861196,0.097745575,0.21475908,0.06406032,0.05674981,0.001916893,2.3511493,1.2629931,0.23279232,0.5380357,2.432892,0.26402098,1.8715985,0.8182613,0.4944212,0.5787291,2.9808273,0.47243324,0.11861455,0.9304363,0.56729925,0.17521052,0.28657925,0.011210197,0.7330453,0.50944966,0.13490376,0.10485102,0.2653285,1.7752128,1.2939793,0.043362174,0.074740015,0.52416927,0.32106507,0.28850216,0.18335348,1.0912098,0.27500772,1.049388,0.79634327,2.2923446,1.9131491,0.9617194,0.014103957,0.8948002,1.3772987,0.51557153,0.85270476,0.18333477,0.3914176,2.2064261,0.06942022,0.0,0.0,0.06398999,0.46338055,0.1364711,0.0,0.06527325,0.007543925,5.36523,0.5010082,0.60295975,0.39744124,0.42629427,0.0035264418,0.82203734,0.3306782,0.8164229,0.1725478,0.15361737,all_pothole_images\pothole_images_optimized_image_387.jpg
0.8245342,1.1743987,0.48463127,2.4324813,1.1904212,0.63573545,0.33250815,0.027090136,0.6203697,2.0696964,0.7084013,0.68593955,0.08079371,1.025842,0.085651435,0.23522735,0.76356125,0.20269795,0.05017979,0.3714302,0.5468796,0.2156678,0.56068665,3.0690715,0.66374946,0.15043978,0.52524257,2.3871367,0.6042558,1.1332145,1.577212,0.19331925,1.195414,2.4323974,1.4088371,1.8342099,2.438645,0.683927,0.51230985,1.9179006,0.0424872,0.5139534,1.1157002,0.20323305,2.204228,0.46238288,0.52143425,1.3748003,2.9484425,0.34511974,0.5263003,0.4476698,0.7531723,1.2053438,0.6223072,0.92852706,0.37551352,0.06802214,0.04413444,1.9535269,0.61740756,0.689635,2.6686735,1.016447,1.0425218,0.7727443,0.430376,0.1255724,2.5952482,0.81777376,2.732783,0.58911437,0.43409935,0.6997877,0.46897167,1.6664262,0.062940985,1.289639,0.23217228,0.10972081,1.5221928,3.1699102,0.37766868,2.3098693,0.22679013,0.7570156,0.049874987,0.041448664,1.7936386,2.3939273,0.25848097,0.3569027,1.1882848,1.2061429,0.04695109,0.34930933,1.0033562,0.59361666,0.41436896,0.5220887,0.058098506,2.1663258,1.3832948,1.1588401,1.5403608,0.1667805,2.1395955,0.91922325,0.7913277,2.6634092,1.6179128,0.51328874,0.96853364,0.5278892,2.5167344,1.2863537,1.3832053,0.0750353,0.09641467,1.1204346,1.0658617,0.2917501,0.39574572,1.5628471,0.7556179,0.61572313,0.39377952,0.03913996,0.0566808,1.444809,0.9472229,1.3344514,0.5346387,1.0111208,3.3812566,1.4334452,0.15452616,2.445251,1.2764759,0.8952668,0.6266541,0.9273417,0.06272449,1.5325425,2.1352289,1.0185553,1.0062394,0.23844185,0.5186176,0.010645558,0.46157548,0.7879718,1.3063936,0.377518,1.2052486,1.1579518,0.8756849,0.1925252,0.00817862,0.6809474,1.7826157,1.6837914,0.07490562,3.2148829,1.2906876,0.20687735,0.48302707,0.9869564,0.12733456,1.5801687,2.1216886,0.15020211,0.56991315,0.7090343,1.1147643,0.65895814,1.2703558,0.046314035,0.06915342,0.34825534,0.054083332,1.5380373,0.25711688,2.0411174,3.1913872,0.70087636,1.5979352,0.23439083,1.5920508,0.60572916,0.09033578,0.91579235,1.5467781,0.6497139,0.92541224,2.1940126,0.41433626,0.567602,0.82451415,1.4634796,0.19048181,1.6492352,0.05251796,0.4595972,1.656308,0.6855343,1.8123415,0.21460885,0.8206403,0.11091834,0.79718184,0.52976835,0.28424877,0.3256304,1.0800476,0.25240755,0.4990337,0.73027474,1.3123459,0.0027786335,0.7280567,1.4154533,0.863526,0.94861656,0.12378446,0.9606461,0.1189025,1.82667,3.1660125,1.4755249,0.3171742,0.009059221,0.44520283,0.72805256,0.85826325,1.1167256,0.8402008,1.2235687,1.1615179,0.17057578,0.44220254,0.22653471,0.39076844,0.89900815,0.24884689,0.2469243,0.76085025,1.6282685,0.68430233,2.7770758,0.037938498,0.59359664,0.25359184,0.14184742,0.9952744,0.07409312,0.8629622,0.4927806,0.3356271,2.990882,2.0219321,1.2904663,0.8869457,0.077098906,0.9969672,0.5004336,0.15248498,0.22231,0.43598557,0.2745037,0.69792205,0.07673588,2.8187256,1.236797,1.1362175,0.7345378,0.5892257,3.111701,0.17475727,0.59492064,0.049793117,0.42333886,1.4367288,0.33865502,1.1627831,0.036123056,2.3892136,3.4727948,0.69593686,0.46556503,0.5133331,1.9763155,0.19236732,1.0015615,2.165514,1.5989438,1.3516462,0.099189445,0.30324262,2.9677687,0.7077526,0.64600825,0.0007970159,0.9831628,2.9696038,0.8972176,1.1141914,0.29605204,0.13297194,0.94858104,0.3989299,0.19212835,3.5468032,2.486227,0.8387872,1.3703411,0.009719698,0.40727732,0.49828455,1.340819,1.7510147,0.27247,2.9118006,0.043730345,2.4451163,0.7199983,1.9543282,0.51268053,0.99169827,0.6407964,2.7193089,0.64712095,0.25227317,0.0,1.8731427,0.49979383,0.11593429,0.47140363,2.29037,0.88522065,1.3184906,1.175644,0.7164724,0.552079,0.07678996,0.03667862,0.7365396,1.3345138,0.3007106,0.028657159,0.67760235,1.039926,0.0,0.43645853,1.3109732,0.6537832,0.103203505,0.5896118,0.619496,0.17610468,0.66082793,0.28733733,0.51918435,0.6707485,0.16996136,0.583152,0.75056624,2.8806822,0.5196546,2.7024577,0.30172074,0.51312923,0.7315546,3.5413585,0.45301265,1.3341321,0.97653323,0.9161229,0.5404842,1.4235659,1.8420908,0.28840694,0.045842797,0.5950451,1.8908391,1.2226061,3.5532324,3.5798905,0.119226456,0.6635318,1.7476016,0.057988897,0.89662355,0.31881443,0.21138518,1.6082631,1.4634833,2.3016956,0.31197843,0.1809939,0.5278038,2.0971515,0.74069345,0.2975784,0.29599154,0.7679772,1.2734581,0.62619007,0.96310997,0.6953852,0.033954803,0.26281062,0.9232499,0.32992017,0.2499324,1.4924695,1.4509778,0.9468212,0.65711945,0.7385658,0.6405735,0.9085284,3.7068868,1.6575043,1.8403392,2.1324115,1.3847448,0.55152,0.85527927,1.6965166,0.9450136,0.19839077,0.1889754,1.4961847,1.2274095,1.630239,2.003527,0.8886963,0.6156859,1.007454,0.7135995,1.4163948,2.210601,0.091692604,0.04213785,0.9758283,3.387509,0.641922,0.4475128,0.92923826,1.2574171,1.0026628,0.89902353,2.6969945,0.62061673,0.08692837,0.31815875,0.3703141,0.41643348,0.03140934,2.426269,0.024526032,0.5734145,0.21216166,1.7217742,1.3295001,0.097473435,0.8570779,0.22474518,1.4673737,0.94191897,0.2993295,2.398796,0.8058051,0.62487435,0.12128765,1.5853254,0.18870082,0.44877204,1.1364025,0.25442204,0.86533785,0.6733993,0.4993676,1.8494004,0.6036401,0.2836865,0.4115396,0.17537917,0.01881709,0.7485403,0.62398034,0.89841723,0.011271816,0.20665951,0.38651264,0.96208936,0.24818367,2.7078333,0.5832579,0.884841,2.4884944,0.9466571,0.34685406,0.9445961,0.9342598,0.11667325,1.51983,1.4323204,0.27710187,0.7596124,1.0519793,all_pothole_images\pothole_images_optimized_image_388.jpg
0.3587953,2.4851193,0.9978667,0.6675879,0.50783414,0.3805422,0.77108,0.1747415,0.41223782,1.1193461,0.2730595,0.5248013,0.5035686,0.39118364,0.16165034,0.052495915,0.1153811,0.41013503,0.42979524,0.30166194,0.011527251,2.8601673,0.20337723,1.4734179,0.04630203,0.5521091,0.41818407,0.6538334,0.00979988,1.4323126,1.0268432,0.044644687,1.0535278,0.38713962,0.0030734583,0.798723,0.05185553,0.36698398,0.74677926,0.27286536,0.0,0.043854605,0.0045245416,1.5850936,2.08597,0.09063308,0.47994563,0.0091852965,0.83877844,0.6209691,1.0992347,1.14263,0.52514654,0.03353046,0.12189684,1.1558456,1.8392956,0.2646761,2.2092035,0.22076719,0.07204471,0.7844536,1.118634,0.58599,0.2023793,2.3962715,0.042144407,0.3871914,0.26288053,1.1037915,0.08713517,0.26911727,0.38690862,0.026640488,0.18751591,0.3428806,0.23179685,0.15633595,0.07360963,0.29933375,0.53938,0.07976435,1.8648208,1.662589,0.6348465,0.6001817,0.06536691,0.0,2.8540456,0.3929761,0.0,1.6287069,0.26738364,0.42677954,0.033875115,0.23550454,1.030856,0.19013482,0.095914826,0.014850278,0.15510486,1.5552877,0.23330766,0.34857637,0.58769935,0.1683511,0.0,0.101490155,0.19501202,0.6443137,0.18629096,2.418655,0.14944701,0.0032069357,0.3434295,1.1534724,1.9187226,0.63161,0.23087934,0.040224217,1.5863327,0.64912933,0.49031708,0.11724001,1.7046679,0.60402536,0.01569463,0.44682366,2.5356424,0.24749225,0.71578217,0.018674308,0.16096853,0.008470923,0.03884222,0.756645,0.19358416,0.46029055,1.6459702,0.5635179,0.63791615,1.6303041,0.2961542,0.6458199,0.10215427,0.57051164,0.71606356,0.25685626,0.78128004,0.18387891,0.5431845,0.019719144,0.7402095,0.0026553755,1.4029037,0.3739498,0.49774474,0.7849186,0.18712267,0.12043371,0.733382,0.24907026,0.7177157,4.555355,1.4162837,0.0008303824,1.4342402,0.054187365,0.32547918,0.029858354,0.1741867,0.4696689,0.04697067,0.22358738,0.8089498,0.22970714,1.0045252,0.0014963599,0.5157646,0.11037223,0.08232309,2.0707192,4.196587,1.2442942,3.4666119,0.24888392,0.31888413,0.4074391,0.061448477,0.80601454,0.944701,1.4185529,0.024049131,1.656249,0.4136045,0.0,0.5687468,1.6519462,0.054291543,1.210031,0.14196205,0.15986653,0.85170937,0.36597738,1.101768,1.166816,0.5630006,0.86738896,0.83787394,0.32698292,0.22275575,0.9240063,0.9092385,0.97642875,0.06750749,0.43653893,0.20930426,0.08745937,0.5596419,0.36297962,0.19585414,0.4058028,0.051101543,0.2407699,0.027310938,0.018666798,1.1937262,0.48422503,0.40637308,0.06485012,0.21783346,0.120655164,0.1746758,0.0016139499,0.13352807,0.008748531,1.7076212,0.032699186,0.026291056,0.48677537,0.114366375,0.06535282,0.71080655,0.11592703,0.210863,0.1526001,0.8634678,0.57049584,1.0326651,2.9893425,1.3996701,0.05484462,1.3998008,0.059321307,0.30839875,0.63409466,1.0490011,0.0047831316,0.26471412,0.9565893,0.005152152,0.5360176,0.3526886,1.3985145,0.7808894,0.4868967,0.3960636,0.9722416,0.7657443,0.60325164,0.12656811,0.03912694,0.8449611,0.30701,0.8057092,0.98794407,0.668097,0.6757971,0.9402089,0.40836048,1.1084312,0.40576515,0.091572545,0.083411485,0.26586083,1.5589706,0.44586298,0.19934295,2.1159496,0.38420615,0.4816232,0.0061981645,0.70519894,0.9223137,0.6281381,0.04538626,0.09328007,1.658107,0.14226781,0.22706772,0.20573236,1.0315456,0.017664926,0.13809031,5.862863,0.09563987,0.0071315835,1.1732072,0.06325682,0.13656852,0.15684791,2.6645577,3.892588,0.2199715,0.19733678,0.14703757,0.5679337,0.26367122,1.5029559,0.5733958,0.44813785,0.17719802,0.01248788,1.0949285,0.122672446,0.7477797,0.797102,0.138594,0.13150387,0.53139555,4.859618,0.14457512,1.2146037,0.07625004,0.055046927,0.2954073,0.35382694,0.008872927,0.061253887,0.07578333,0.2885652,1.3850349,0.049499393,0.26719567,0.22536223,0.046286445,0.0,0.17703015,0.02995063,1.063106,0.33846346,0.021852016,0.7599186,0.2458041,0.20066726,0.23744254,0.8610321,1.2429814,0.31390554,0.31227848,0.07221616,0.04948543,0.28542754,0.12918526,0.0014093484,0.3972777,1.0528738,0.8084733,0.23850709,0.9795431,1.2747097,0.111031964,1.4304024,0.37181693,0.84202373,0.5807951,0.0,0.0,0.79766345,0.3189042,0.30178165,0.48859686,0.16667965,0.93786174,4.028073,0.8937129,0.924672,0.31362113,0.10572623,1.1751456,0.35645223,1.8843712,0.39517206,0.438258,0.18480253,0.05148978,1.2040337,1.6553528,0.28455934,0.49059552,2.3334193,0.608897,0.011784943,0.95569026,0.3458177,0.12349848,0.67203224,1.177952,0.0,0.5908745,0.37621796,1.3051765,0.08644625,0.08784346,0.013999234,0.031383105,0.6791847,0.25120887,0.0023393077,0.0,0.70559424,0.45305422,3.1000671,2.7354658,1.9900895,1.1279564,1.8071452,1.4402827,0.04400783,0.28231892,0.4116678,0.9155053,0.0057793637,0.6943647,0.0,2.821031,0.29794607,0.11546409,0.76944,1.335502,0.35734716,0.19177115,0.54763913,0.7107954,0.09267439,0.28450483,0.6937022,0.3624059,0.17727968,0.41039377,0.6573411,0.2651119,0.44209805,0.82872194,0.9699646,1.0236037,0.11248053,1.0726888,0.15882431,0.20401059,0.49115947,0.55104023,0.8136268,0.4242901,0.27976027,0.0,0.3870903,0.24790677,0.083756484,1.3578429,0.19387865,1.5556366,0.21492732,0.27924192,0.11711998,0.444384,0.565479,0.7399641,0.07091287,0.05118095,0.0031585873,2.9073863,1.017949,0.29773095,0.0,0.8482944,2.263023,0.13906018,0.9758975,0.015246948,0.51576924,0.647695,0.24042352,0.44513205,0.06684376,0.002448643,0.37984923,0.016093997,0.04457427,0.16625793,0.06596333,1.3611308,0.4982015,0.3125045,0.2648505,0.47526416,0.050923016,0.66277045,0.12774588,0.25071436,1.5572407,0.19950983,all_pothole_images\pothole_images_optimized_image_389.jpg
2.1017704,1.8719534,0.13037089,0.70422757,0.9441115,0.29866815,0.66670305,0.45038837,0.8833228,0.25781795,0.36429182,1.5523739,0.8811769,0.9059291,0.017323704,0.41739973,0.11860225,0.34967896,0.44874996,0.533236,0.31136096,1.6131638,0.97323793,2.1908798,0.9019478,1.3230891,0.6670588,1.0028296,0.01602688,0.9882055,0.12831019,0.19309962,1.0946007,0.17657131,0.27238798,1.2098671,1.1410604,1.2878516,1.2779039,0.46822333,0.50655514,1.5505674,0.56100166,0.31611386,0.24863602,0.25589567,1.2563095,0.03266018,0.7813023,0.0779663,1.0929912,0.16785298,0.11104855,0.0326798,0.34407628,0.5125476,1.4029242,0.05699942,0.8834298,0.3615485,0.41491145,0.17793562,0.5297041,0.13988698,1.0193177,3.2804844,0.3751343,0.63797843,0.50050104,0.15871227,0.39556086,0.26370868,0.070893176,0.29347634,0.33507666,0.1690014,2.233428,1.1685176,0.5838789,1.345402,0.21300116,0.05156145,0.22876462,1.9146899,0.6561898,1.9364529,0.44117755,0.03657824,3.8750596,0.44182476,0.5116926,1.1648862,0.08692805,0.05474951,0.34265983,0.15367563,1.85129,0.4968394,2.1273174,0.76252806,0.08685091,3.8935888,0.047593057,0.07725678,0.9897906,0.06423668,0.044954337,1.5004508,0.01454083,1.9299847,0.23414409,1.9273739,1.0440142,0.20172237,0.35151714,1.1442392,3.1810176,0.65034103,0.81452763,0.100512214,1.1096339,0.7095979,0.47254214,1.0512432,0.6095293,0.24897152,0.45310956,1.6062495,1.1621621,0.22083075,1.671008,3.279281,0.018977284,0.12690426,0.5148053,1.7201723,0.066929445,0.79864764,0.24718893,0.72529966,0.8864312,0.15447816,1.1201388,1.2678434,0.070952035,0.4486772,0.53454685,1.1307293,0.14393386,0.09736895,0.47490114,0.38620698,0.96056294,0.000965687,0.63646,0.48834553,0.18373412,1.5764233,0.18607794,0.38424498,0.5370324,0.16272548,0.28046182,3.7832305,4.0076776,0.7248854,0.23772745,0.24349749,1.3895478,0.366601,1.0173703,0.03368022,0.4844802,0.028725268,0.7475844,0.08738605,0.42872977,0.3346418,0.010164805,0.16923518,0.53577447,3.3452203,3.1708486,2.5318835,3.9158595,0.16227579,1.4457697,3.4812713,0.017769827,1.7301536,2.2080963,0.03237205,0.41559976,4.160285,1.4258385,0.022583095,1.5896868,2.0729115,1.0011728,0.77394795,0.94880754,1.3041617,1.4349034,0.16764383,0.9869956,0.4426651,1.8435155,0.2306527,0.96102095,1.5684316,0.0,0.057631444,1.6343434,1.2060285,1.0053172,0.46819997,1.5692891,0.14088015,0.73596954,0.049585737,1.2267462,0.13958822,0.7194993,0.8072199,0.41463944,0.76735395,2.0959523,0.7106551,0.59017587,0.009384315,0.0,3.530543,0.28221923,0.28498676,1.4230441,0.4625267,1.8708256,0.18356109,0.11423026,0.6201173,0.4527,0.28292203,0.22598304,1.0160148,0.36751714,0.025696667,1.1962357,0.37563962,0.9661163,1.9568632,2.4940615,1.2098001,0.98178995,0.12541494,0.8041299,0.005656126,0.8487804,0.0030992154,0.12247477,1.4512421,0.66720873,0.47248667,1.1122762,0.13958225,0.31784183,2.0293176,0.45062906,0.3360835,2.5399575,0.2097987,1.1128907,0.022485234,0.22142921,0.5697048,0.74601805,1.2000765,1.08307,1.3823513,0.06941321,0.600735,0.15250799,0.734493,0.122194655,0.61479247,1.4867218,0.8419892,1.5357987,1.1860873,1.4957978,0.21319073,0.6195832,0.16533351,0.8419919,1.7066246,0.1618773,0.6530644,1.533608,0.022101736,0.007345137,0.048643216,0.14672522,0.046458483,0.08460469,0.29562795,1.778698,0.097404934,0.17540467,1.4356701,0.32347512,0.35850564,1.5911307,1.4863222,3.2857273,0.5056063,0.12120429,0.30931246,0.051326998,0.9799691,0.90292823,0.69386756,0.93307877,0.8784613,0.012743048,0.35806623,0.32480207,0.43507338,0.48866737,0.17570505,0.30748212,1.3301452,3.788921,0.68964815,0.4640516,0.46981543,0.044782177,0.5567877,1.046058,0.27615273,0.9550396,0.06388817,0.3810379,1.9931304,1.0031519,0.09208757,0.058770802,0.2201202,0.37399766,0.39819342,0.18137775,0.8095806,0.53477556,0.122746326,2.0491893,0.98466426,1.0588318,0.79841566,0.74044085,1.2445325,0.52948046,0.85537755,1.0490234,1.0557419,0.68148875,0.45119342,0.031388145,0.6197236,1.4279822,0.5098718,1.4749413,0.3619622,2.9895866,0.40832677,0.08426082,0.06535572,1.5249755,0.5881379,0.052175164,0.8473824,0.0886016,1.138619,1.2333735,0.6643082,1.6998832,1.514417,2.5770504,0.52278244,2.7143686,0.0815025,0.006945476,1.2631226,1.8501861,1.9830569,0.0,0.39191782,0.062884,1.2244793,1.1547297,0.5039346,1.2168983,0.06890544,3.1222029,0.8282632,0.59844214,1.7290434,0.6457149,0.16186519,1.3597331,0.45007908,0.02089144,0.8143108,0.7234802,0.38797763,2.2660303,0.8858115,0.27169886,0.5416935,1.2626772,2.1944263,1.4384345,0.0,2.366305,0.5035039,2.3335855,1.1559186,1.2587628,0.016254507,1.4137454,0.6395096,1.6038971,0.38000554,0.4262471,1.3842211,0.3478493,0.62407786,0.16828635,4.3078256,1.4139181,0.8147575,0.81961524,0.6974687,1.5135744,0.25530383,0.1560065,0.003302162,0.22869012,0.098235674,0.8350316,0.18577203,0.13654537,0.16252537,0.15744548,1.3269093,0.4492867,0.95418173,1.1760981,3.0182264,0.8631447,0.06410673,0.7890058,2.2797215,0.3364767,1.76571,1.0010226,0.18685843,0.8564088,0.5952963,0.19629143,0.2424623,1.1377553,0.7960377,0.7478407,0.33276507,0.67824054,0.6164434,0.44335416,1.7377942,0.25374252,0.6279895,1.2176098,0.3437556,1.369687,3.4774995,2.7896423,0.61088127,0.03666951,1.3895055,3.3867228,0.058158606,0.7905719,0.016439607,0.5466774,1.0806327,0.2654309,0.031626493,0.7645155,0.115617506,1.088991,0.6380891,0.08227537,0.9666647,0.48008493,4.520874,0.8516738,0.5044005,0.43074965,0.6921192,0.0,2.8851063,2.2094088,2.234722,0.6889266,0.7095777,all_pothole_images\pothole_images_optimized_image_39.jpg
0.7930592,2.8753955,1.4309536,2.8910515,0.40709293,0.0030671498,0.7554784,1.1184417,0.74525017,1.0277095,0.07266756,2.4792933,0.07844165,0.79136205,0.60722494,0.26488945,1.1969193,0.39584962,0.83854175,1.8345134,0.31050965,2.3251731,0.55652845,0.18378985,2.1323898,0.00704794,0.63682073,0.90748936,0.11004614,0.69930065,1.3569924,0.23377477,0.70852584,4.6880393,1.9814643,0.39955014,0.27440658,2.3526568,1.1703413,1.8711998,0.040371932,0.2635164,0.110820994,0.74317807,0.21443565,0.2738507,0.7649534,0.0,0.53146476,0.9553454,0.23543377,0.4482576,0.2858226,0.22499436,0.6893205,1.8252726,0.66277504,0.45902035,0.2812501,0.82671994,0.8068729,0.4378839,0.33606339,0.28152007,0.31486067,2.3415318,2.4731257,0.16754723,1.9803563,0.89405465,0.26161548,1.158907,0.0,0.17797083,0.39040047,0.44170013,1.5660762,1.2375758,0.8630483,0.03113534,1.0740343,0.20505144,0.21383168,0.22692594,3.6840622,0.50026995,0.25755256,0.5310945,2.3382456,0.65578383,0.38631928,0.62056243,0.6393618,2.0883684,1.2934539,0.20254728,1.6557978,1.0639461,0.88332707,0.7445752,0.2660886,1.092441,0.038443834,0.64904743,0.65931153,2.2462559,0.3687662,0.08072807,0.53475416,1.1713858,0.26923522,3.3291628,0.5489997,1.6860862,0.11116881,0.17661433,0.5715282,1.0208312,1.1998378,0.5172593,2.8504589,0.09821349,0.7291906,0.9658259,0.6662968,0.055288464,0.8674624,0.15458615,0.7999878,0.030631892,6.8865113,0.534016,0.4592938,0.100539446,2.4830098,0.5231281,0.18035106,0.5670274,0.46714416,0.24273194,0.2525915,1.4476589,0.67570305,1.5323695,0.10828285,0.91800815,0.15104051,0.16272333,0.290371,1.5016457,0.005964126,1.0326483,0.20525305,0.05390156,0.86351496,0.38425386,0.3976938,1.2408379,0.41804594,1.0599169,0.13309646,1.462341,1.4235877,5.0009866,0.13613704,1.1609812,0.35571903,0.22444503,0.28433117,0.80501235,0.38624945,0.6612036,0.8516785,0.003895227,1.5095859,0.0005615767,1.01791,0.02072773,0.15244383,1.1606157,0.43418813,1.8659135,1.2988071,3.5611317,1.5913851,0.05428998,0.93719226,0.48808154,1.0258061,1.1746767,0.57660735,1.2375731,0.14101343,3.9568574,0.28421503,0.51998454,0.6500693,0.62083894,0.022189572,0.06568614,0.4618528,0.10172938,1.3181764,1.884407,0.53686494,0.5404322,0.7136112,0.31626242,2.8355563,1.6488678,0.2250201,0.4602552,0.54771125,0.46017283,0.6431195,0.008416459,0.1669215,0.31520936,0.4843473,0.79093355,1.2430114,1.0243912,0.5868549,0.8444785,0.37752265,0.57142913,1.5060412,0.269572,0.3359641,0.83626604,0.4678381,0.62100804,0.36192384,1.5078402,0.037806854,0.75972533,1.0684226,1.227792,0.33666703,1.3821963,0.11508266,0.15172768,1.790728,0.22767188,0.3585573,0.11944041,0.09632216,0.73626846,0.51343113,1.3046557,1.1532993,1.0168823,0.1480249,0.61171865,0.7040416,0.7115474,0.2346584,1.4379232,0.45822006,1.339728,0.23132235,0.7990453,1.8841478,0.40305227,0.086760394,0.07893834,0.23114958,0.59825754,2.2221513,2.0575445,0.18808196,0.030926771,0.18039045,0.72437143,0.5729577,1.156669,1.930451,0.9712742,1.229388,0.07360271,0.058385946,0.32825118,0.2588848,0.2544441,0.8213592,0.20503674,1.250277,0.71765774,0.24494961,0.3263582,1.0167252,0.76752883,0.13523579,0.24630433,2.326548,0.4993004,1.3964276,0.9012459,0.5456005,0.49668866,0.29998493,0.29178995,0.35982692,0.9555848,0.4504761,0.0,1.6159388,1.5347748,0.38858184,0.022047259,1.266772,0.9053808,3.8118796,0.79221976,0.1570725,0.31763867,0.09410359,0.06918971,1.4398443,0.9739758,0.9769491,1.189022,1.952822,1.0724853,0.6339283,0.7634293,0.034300122,1.0435055,1.0774233,0.41110313,0.78496176,0.78957605,0.78105855,0.22853652,1.0090775,0.5462358,0.057377465,0.6292864,0.5617084,0.6517643,1.5702262,0.7745632,1.0072343,0.8349539,0.3720858,0.85845935,0.17363639,0.69948983,0.5149836,4.418283,0.031121118,0.44969064,0.71803254,0.30022976,0.43932548,0.3522843,0.068927094,1.6116873,0.35263166,0.29726312,0.43866342,1.5639318,1.1736685,0.19843598,0.24134816,0.11754224,3.0128858,0.04095734,0.04298683,1.2520851,3.6766672,0.54741627,3.0315506,0.081654616,0.5564962,0.6308506,0.08725577,0.6791453,1.003537,0.5703992,1.3410538,0.3734773,0.4229065,0.69376963,1.8330852,0.8078104,2.2941244,0.5444431,0.36515567,4.3292794,1.0331796,1.2943807,0.05146866,0.5226406,2.2621238,1.4287508,1.4488062,0.95447767,2.6847224,0.609009,5.189878,0.062363595,0.80960554,0.035674993,0.1639943,1.3503097,3.5860639,0.4580956,0.16758819,0.26825815,0.71973556,1.6278454,1.9821333,1.6790749,0.081823066,1.2037501,0.70342946,0.11494705,0.041968115,0.38658485,1.2360892,0.43754593,1.910485,0.5863866,0.34746042,0.74841714,0.5978619,0.6171113,0.21859923,1.4434322,0.00096728286,1.5624397,1.5371467,0.72378576,0.14745434,1.9451331,1.4128636,0.030990597,0.067038484,0.15717272,0.18582924,0.35268098,0.048461728,0.44145125,0.07272787,0.32099295,0.771655,0.13812913,0.6745231,0.54552215,0.17335068,1.3569325,0.11930934,2.135913,0.22323786,1.84454,1.0786097,0.47082457,1.7733395,0.071517244,0.17157467,0.53419155,0.19929792,1.0585657,0.7680502,0.3138921,0.0051199007,0.5733989,0.41965625,0.42246342,1.0860132,0.8774423,0.42612436,0.30234188,0.37822527,0.30693513,1.0891172,1.9925548,0.76262474,1.4380317,0.6672533,3.3227108,0.8007982,0.11043377,0.0345743,0.73266244,0.5714846,0.23036914,0.73916435,0.02633187,2.083615,1.5044876,0.37229472,0.0036838006,0.06356615,0.06536059,0.7637512,2.4577131,0.7237168,0.6215527,0.5282936,0.9712998,0.6244773,1.8819857,0.22602521,0.036320757,0.089899205,0.6382528,1.4436991,1.0039454,0.5638162,1.035044,all_pothole_images\pothole_images_optimized_image_390.jpg
0.61594963,0.6002281,0.3156983,1.2585088,1.0298697,0.06824215,0.045916438,0.029336272,0.70646465,0.32584658,0.11114764,0.16620414,0.016147897,0.84559894,0.02296873,0.57591605,0.0,0.80948687,0.045322258,0.17756961,0.07880252,1.6344621,0.31279793,0.13226296,0.47946587,0.5458659,0.59289753,0.79563,0.009618463,0.13538398,0.49186108,0.25015986,0.3292683,0.4155793,0.0,0.6486453,0.014808645,0.43234438,0.1375819,0.5676188,0.06549666,0.03501395,0.0,1.3303133,0.081534885,0.057254225,0.026778169,0.0,0.17147177,1.357014,0.034128647,1.2303437,0.54433703,0.19610964,0.002525255,0.3314499,0.8592199,0.40796548,0.88895875,0.04834148,0.015524347,0.39508227,0.010036027,0.30268312,0.18401968,1.7029274,0.118820645,0.10716703,0.36356258,0.3538989,0.032479744,0.238064,0.15209608,0.101124,0.16216365,0.33821332,0.0890765,0.3028963,0.0,0.01515788,0.08369882,0.0071921707,0.5351861,2.1156738,0.082630284,0.13262337,0.022021398,0.008864506,1.4341573,0.22884244,0.07160188,0.03746406,0.007340036,0.09611025,0.48627263,0.73817647,0.37281564,1.532956,0.006916142,0.0,0.07309396,0.31353572,1.1320685,0.0022596403,0.05527621,0.04523711,0.1791859,0.07631418,0.0,0.79246753,0.035144724,2.0669553,0.1416431,0.3450769,0.37771684,0.20621268,1.0831875,0.0,0.9017483,0.4865948,1.6280193,0.275446,0.0,1.7296821,1.4207475,1.3343389,0.016672537,0.007477854,0.14041618,0.0,0.026625661,0.30109295,0.06644126,0.03811528,0.013404418,0.7752727,0.021064512,0.048727106,0.2798821,0.18623869,0.0056535564,0.0017628885,0.14245825,0.5034391,0.03112833,0.23807253,0.0035961564,0.23884654,0.27717513,0.037488963,0.946157,0.1888449,0.054873087,0.3004424,1.4172889,0.08664652,0.03671242,0.054018486,1.0171218,0.2798977,0.7730062,0.75315934,0.038725946,2.3753722,0.546589,0.37703767,0.97589594,0.28363797,0.9631762,0.61514735,8.114296e-05,0.008379658,0.0,0.0,1.0357463,0.0,0.16047606,0.057033636,0.46238956,0.050106652,0.0,3.099141,2.2053192,1.4990866,0.6690325,1.7319642,0.12735347,0.0,0.45582086,0.7606805,0.05910189,0.0010090916,0.0,0.6296412,0.088986985,0.007108146,0.77200407,0.8265773,0.20838057,0.24323097,0.2749786,1.0221735,0.0949085,0.6053545,2.2383685,0.17960633,0.81625134,0.7554474,0.65281785,0.4369576,0.0,0.0051420354,0.1043735,0.18357082,0.35407135,1.0922017,0.009635326,0.09649587,0.31014752,0.06900263,0.09010796,1.3960832,0.1621096,1.3093765,0.146437,0.0,1.9647397,0.12165386,1.2553447,0.054152265,0.059851438,0.0,0.0,0.00010496897,0.30224353,0.014054116,0.6281937,0.01634298,0.12184769,0.11619231,0.31753853,0.34946275,0.23627587,0.008666056,0.36253077,0.0,0.99038446,0.2839351,1.4916319,4.716002,1.7988001,0.3584583,0.42703703,0.03830576,0.15782017,0.0141702825,1.0155838,0.804423,0.14127032,1.1751182,0.0012382414,0.004706385,0.33328247,0.6588797,0.3754624,0.30018958,0.36537984,0.16878752,0.56650174,0.067875974,0.012568252,0.0062123267,0.058370024,0.72902435,0.76447386,1.8152121,0.0,0.008568048,0.25246644,0.28475595,0.63638455,0.61440104,0.45677623,0.015113584,0.6890658,0.5442464,0.19706757,0.0035956034,0.5821513,0.19619307,0.013846895,0.011987569,0.46819332,0.50491863,0.09245647,0.14266989,0.00059193734,2.0738423,0.15669243,0.94643784,0.19021226,0.6894737,0.015714593,0.27208677,4.9655905,0.318668,0.043055557,0.36208498,0.13658237,0.22451739,0.34430212,0.33798364,3.552189,2.3915653,0.05060485,0.42898273,0.22441071,0.28520668,3.915823,0.2246221,0.0038587,0.23716085,0.0,0.062901,0.57174414,0.059957385,1.045981,0.0,0.20479032,0.0031534762,3.467034,1.0690242,0.020104364,0.00929013,0.0,0.037003804,1.767507,0.24861254,0.0,0.2936657,0.07981715,0.85908616,1.0646929,0.12695315,0.12386945,0.43962404,0.0259186,0.22624195,0.045054823,0.374505,0.12370291,0.9171256,0.6206409,0.06399178,0.31222484,0.3899372,0.063362055,0.8435145,0.63253325,1.3818513,0.2972608,0.6877234,0.4859291,0.203593,0.03831356,0.0925031,0.92789143,0.019355126,0.0037176167,0.18123922,0.3059443,0.067248486,0.14122777,0.33857173,0.24413797,0.5269134,0.3879113,0.64018726,0.12746763,0.33152097,0.70105106,0.07741718,0.07054243,0.1972608,3.325343,0.97031975,1.0006903,0.0,0.018955866,0.29770017,0.58245736,0.8856473,0.51104456,0.3114756,0.10316875,0.029526386,0.470522,0.7878586,0.043778054,0.6293041,2.3184295,0.25601462,0.09556122,0.37848267,0.3660555,0.009860992,0.4333799,1.0140991,0.09470895,0.36651003,0.48631936,0.62272185,0.00065188116,0.12487367,0.05926638,0.009129071,0.4631918,0.043762278,0.53180325,0.19667073,1.6913489,0.29646525,1.1162609,0.73524725,0.7523005,0.13418865,0.8357036,0.40397635,0.021696158,0.41469175,0.56202024,0.33867204,0.43184015,0.3868327,0.14676921,3.0873985,0.36116233,0.2574876,0.027218468,0.39995512,0.15774465,0.40675354,0.4185035,0.24646525,0.003982865,0.047904458,0.2417367,0.29045084,0.024770467,0.34307748,3.2041707,0.16830662,0.63398194,0.6905866,1.1790184,1.267944,0.47662964,0.45899126,0.11360382,0.57314837,0.54172546,0.09050013,1.1435415,0.0,0.086616114,0.21247415,0.0019059927,0.0,0.034317225,0.15186,0.5676545,1.3003325,0.11836293,0.013538158,0.3153576,0.95588267,0.0676719,0.8229521,0.0009941118,0.10289051,0.09606699,1.3563188,0.16918321,0.77906126,0.0,0.6180468,0.13081554,0.11442358,2.6687448,0.043750145,0.28931156,0.62560064,0.10432499,0.4615487,0.0,0.0,0.0036760792,0.00034178945,0.0,0.0023557434,0.43933478,3.8226094,0.8847973,0.4930132,0.24814512,1.3170649,0.11186121,0.28384867,0.03794397,0.38192075,0.17086694,0.102516524,all_pothole_images\pothole_images_optimized_image_391.jpg
0.43361312,1.4724873,0.3652563,1.6241841,0.86681694,0.19110356,0.9931911,0.38235703,0.33518776,1.0844386,0.59974355,0.87735415,0.54622835,0.6426761,0.53391904,0.15152913,0.7566351,0.6225207,1.4685212,0.38855407,1.170949,0.8428252,0.3796308,0.66673356,0.43088982,0.17631105,0.03404247,4.4943047,0.9571911,0.112780556,0.5089112,0.16619976,0.44667557,3.9026117,0.09575339,2.078113,0.5222468,0.2557602,0.079987526,1.5013776,0.054404967,0.0,0.37659886,3.9894557,0.24224499,0.3954183,0.25237572,0.11136888,0.73869973,0.76379263,0.3780396,1.6174659,0.97238326,0.18625803,0.020783126,1.3968614,0.25014368,0.37338257,0.9370355,0.16893815,0.6936658,0.30303013,0.36648965,0.58689934,1.0213212,0.53078777,0.36066213,0.38152632,0.06464273,0.4074223,0.14214724,0.33448416,0.14185098,0.9486529,0.33447623,0.41589993,0.6338671,1.658025,0.051695924,0.31745273,1.230164,0.21229264,0.32132918,0.56860846,0.22090423,0.9535421,0.15246005,0.271709,1.294008,0.42119497,0.23604408,0.0455187,0.32706785,0.20384559,0.26918358,0.68481904,0.9849338,0.85956246,0.6198266,0.22473782,0.0,2.66047,0.27007324,0.5285234,0.47214803,0.3019136,1.160031,0.45935014,0.41049653,0.8204653,0.24346234,1.6144309,0.77970743,0.75736284,1.0295645,1.1667042,0.79488117,1.2978852,0.10863578,0.8588005,1.7171988,0.37168178,0.59652215,0.4989641,0.8984954,0.87930566,1.3880769,0.3764261,0.9745323,0.17263374,0.71862763,0.41448492,0.076589584,0.6174254,1.4368253,1.4214493,0.73919123,0.753514,0.61645484,0.17450018,0.19873393,0.08134842,0.62754065,1.2724004,1.474856,1.4552612,0.10257448,0.7191277,0.36215395,0.18488052,2.378943,0.19750817,0.32714003,0.31083143,0.5791802,1.2576594,1.405923,0.15845382,0.278247,1.5900209,0.5885503,2.6607728,0.1127795,2.8505335,0.055135895,1.4611181,0.9493681,0.5848733,0.62565917,1.5971767,0.787325,1.067129,1.4053435,0.3117193,0.32743827,1.2767776,1.0211222,0.35977188,0.19804761,1.7389594,0.15616699,2.160795,2.688081,1.1530741,1.0326973,0.6337087,0.050711207,1.0476807,1.2279196,0.70416117,1.2914451,0.029724648,0.37552834,0.92219424,1.0237968,0.21305898,1.2450001,0.32021052,0.13492328,0.3334343,0.81619364,0.3462798,1.7732686,0.6099613,0.6763058,0.17265467,1.4461122,0.06529732,0.66622424,0.045111686,0.34239823,0.4474537,1.0536972,0.55403733,1.1419319,2.590916,1.1483642,0.020964457,1.5478425,0.3587841,2.2582135,0.16771981,0.6001331,0.45751914,0.12833124,0.55276066,0.27376363,0.8880626,0.9827943,0.9684531,0.23231088,0.61717755,1.1524335,0.3111965,1.2135625,0.2807471,2.4352975,0.7521177,0.21814659,0.51652044,0.83138734,0.33241895,0.36553118,0.121043436,0.9029861,0.0030497245,0.9930479,0.43579245,1.042691,2.8957202,0.7544141,0.42331037,0.025826782,0.5622394,0.91353786,0.66152,0.22922193,0.13466583,0.69958913,3.3511608,0.1578372,0.5895429,0.64568484,0.0,0.03311726,0.5897764,0.77910537,0.55853075,1.9390757,0.567409,0.43434134,0.0,0.6171929,0.55183315,0.5110291,0.659314,0.05719444,0.9533397,0.88680625,1.0651008,1.544957,0.7606256,1.5326172,0.07578598,0.48495987,0.15732732,1.5857235,0.587257,1.5847563,0.2178832,1.5355257,1.0574486,0.28547692,0.18179291,0.3409204,0.6245552,0.39144987,0.38915327,0.9414163,2.0666118,0.9398256,1.8208319,1.2152504,1.0936707,3.4953604,0.002891958,1.3854301,0.22866853,0.3605737,1.5009763,0.75677234,0.737221,0.93637776,2.111401,0.48654932,0.20755495,0.1551168,1.3754096,2.8181794,0.5756327,1.9240949,0.3534205,1.4601636,1.610604,0.3617703,1.7805405,0.3372399,0.37324384,1.2942821,0.12243079,1.5073457,0.06314969,0.23654582,0.066633314,0.3016075,0.71187943,0.60116756,0.8668869,0.41140568,2.079131,0.32605866,0.5721384,0.41557124,1.4909096,0.2771319,0.26874578,0.46611622,1.0797523,0.40968937,0.008489432,0.4935562,0.39029226,0.8795998,0.7654906,0.32995263,0.09158665,0.049809065,0.15082161,0.03956651,0.48074824,0.032699615,0.996871,1.5345222,0.983955,0.250271,0.103043124,1.1934791,1.9240454,0.3657966,0.8933287,0.77267784,0.14283676,0.7189717,0.22142372,0.7162206,0.2826876,0.5371065,0.13661838,0.54874253,0.2746921,1.4093904,0.2403546,0.12416633,1.0332721,0.7238047,1.563909,2.0444465,0.07658946,0.37829584,0.7315398,1.3706201,1.0991465,0.75080574,0.0112401955,0.6084542,0.12150816,1.820839,0.26487812,0.7913171,0.11879661,2.5294034,1.5463892,1.2068722,0.68572646,0.04222377,1.1982307,1.3195242,0.6003944,0.2925753,0.88094187,0.8995919,1.2849057,0.34390703,1.0881627,0.17159048,0.8015214,0.49546486,0.20999634,1.3156868,0.0,2.0800996,0.3081632,0.9381706,1.6909238,4.5292425,0.1331168,1.4221908,0.6852038,0.25728473,0.24172175,1.3235174,0.3127987,1.0866302,1.4483055,1.4558548,1.2301335,0.6947925,0.38926268,0.3975791,0.6467904,1.526061,0.26666692,0.25251994,0.6608472,0.42864,0.29670605,1.4214706,1.3332261,0.26033863,0.98478556,1.8810394,0.22220963,0.050318144,0.08122761,0.7278044,0.97935164,0.51425624,1.030689,0.42692393,0.7351731,2.4651725,0.12923388,0.9836894,0.10315636,0.598565,0.63563335,0.56844753,0.2469113,1.0558339,1.5598959,1.2053663,0.5666887,0.19763914,0.35980752,0.8353344,0.5021658,1.1351017,1.2859769,0.6859609,0.5386304,0.5033591,1.7925425,0.50566393,0.52905846,0.49756852,0.25894913,0.1680202,0.42837924,0.018599426,0.2945785,1.5628862,1.1118947,0.07039453,0.20546712,0.13668895,0.32195535,0.11228547,0.5700107,0.6639159,1.048407,1.1818705,1.8296018,0.58463156,1.9569054,1.0184473,1.2142148,0.7457118,0.17873941,0.12726721,0.44480467,0.22599986,0.29987213,all_pothole_images\pothole_images_optimized_image_392.jpg
0.3112199,1.5456057,0.15067281,2.01343,1.3624187,0.020822003,1.6038342,0.5103791,0.45972702,1.6968415,0.00059169484,0.045527622,0.0,0.86000067,0.016442893,0.18491586,0.116623625,1.4610496,0.62778133,0.26815078,0.18360348,1.3720382,0.025991606,0.5228252,2.0266473,0.22109546,0.35807896,1.8052346,0.08869708,0.8926599,0.44202346,0.022923484,1.3523607,0.56778663,0.4167274,0.5161281,0.10618126,1.0105247,0.05562628,0.96402705,0.5978866,0.12798151,0.09412382,0.26044297,1.4699552,0.0315529,0.9706131,0.0,1.3048133,0.76849294,0.081077226,0.14211237,0.44103286,0.049982563,0.13294318,0.6520921,3.153458,0.44930905,0.18672548,1.2998003,0.3589473,0.051579483,0.75717753,0.076069765,0.2131824,4.8508034,0.29462445,0.036704767,0.18871531,1.0157139,0.109827995,0.24227723,0.27778095,0.08030016,0.39951667,0.2141325,0.2021763,0.40574002,0.0,0.17463194,0.004793276,0.7816537,0.35460266,1.5153304,0.62422824,0.023343723,0.18663774,0.18060115,2.3719106,0.16573755,0.0030314955,1.1732023,0.15663281,0.025364967,0.38071606,0.20964225,0.5249267,0.38407865,0.27106234,0.3181547,0.37933642,4.372736,2.3029141,0.0026602955,1.6968473,0.019880818,0.3511088,0.023308262,0.11362762,0.39147002,0.4107554,2.4199324,0.50087774,0.013292023,1.38973,0.5636856,0.6048591,0.007819149,2.7766805,0.6352643,1.7646394,0.47894427,0.20759584,1.6545295,0.5642724,0.48473793,0.58518326,1.1628631,0.6084301,0.29612285,0.877679,0.16979593,0.019283246,0.23546995,1.0830916,1.4637227,0.066969156,0.9165979,0.77755076,0.4243121,1.5882113,1.7622802,0.11010491,0.50786954,0.32167116,0.5665296,0.079248905,0.15885489,1.0469893,0.047618847,0.19616382,0.039009284,0.21727371,0.30439323,1.9279063,0.58708805,0.4896511,0.27857283,0.031655215,0.21773447,2.0540843,1.6696367,0.5095652,2.9181583,0.40852585,0.13457659,1.5706433,0.6067854,1.4999071,0.750558,0.9952857,0.0,0.0,0.44557354,0.6471986,0.07587181,0.6779724,0.47776446,0.20086998,0.14166215,0.037973892,1.6311449,2.4518514,1.1703885,2.3188734,1.1104511,0.7251631,0.02026916,0.22457716,1.652734,0.6671904,0.5682235,0.0,3.174454,0.119353585,0.6165832,1.0094924,1.0739235,0.01122427,0.8359824,0.11274681,0.0068816235,0.44955024,1.4368242,0.026259035,0.30754882,0.28963065,0.24303915,1.0489748,1.038353,0.008300989,0.10373513,0.77186054,0.7321668,2.5299978,2.3311026,0.32791153,1.2109016,1.2907225,0.5486629,0.27925712,0.895662,0.059764102,0.47869343,0.0,0.11617385,1.732783,0.25625625,1.2399033,0.07599792,0.12876816,0.0034968525,0.9468959,0.20836833,0.87338334,0.078677714,0.7763755,0.014627538,0.27544048,0.3799886,0.38649702,0.3946706,1.0122932,0.1251093,0.0017200755,0.09517018,1.6109111,0.4858792,0.06565257,5.118333,2.8090131,0.5530482,1.3151348,0.44278488,0.1878816,0.16305427,1.0248033,0.118024506,0.5823199,2.595876,0.23340079,0.053128734,0.64743066,1.0794984,0.14204969,1.3005922,0.288705,0.21070106,2.081077,0.22350763,0.45940042,0.032492436,0.025779963,0.15397602,0.6806547,0.4853035,0.3672601,1.0589921,0.16229133,0.73165345,0.711335,0.37392318,0.05905188,0.50028646,0.42535266,0.7515823,0.5792448,0.44681576,1.3892374,0.30167052,0.022699427,0.27392316,0.3886217,1.1425705,0.068751216,0.09611369,0.043219026,0.763317,0.1309931,1.3233094,0.19017507,0.355261,0.06796986,0.026327396,4.713447,0.038030807,0.12872982,0.41333154,0.6360522,0.25276265,0.29852146,1.5900779,2.3305316,2.6693408,0.2707827,0.9103269,0.0,0.15521482,4.0194263,0.05770615,0.2706507,0.21346298,0.0,0.2947123,2.454202,0.9908687,0.27114096,0.032838594,0.113420814,0.07479438,3.893757,0.101901814,0.9476657,0.004123479,0.08803063,0.020243742,1.6761309,0.012581603,1.0943949,0.5058538,0.049919765,0.8791261,2.5086079,0.83358014,1.1754986,0.0,0.082321994,0.0013631398,0.24129102,0.20542872,1.6603957,0.12940452,0.08536212,0.8746705,0.16445029,0.22362769,0.0,1.3383334,1.6298462,0.74576336,0.10500356,0.02312614,0.76095486,0.006393729,9.89105e-07,0.30306122,2.2191772,0.7857789,0.05893355,1.739637,1.0999025,0.0,1.2347866,0.3072266,0.2589717,0.16016231,0.11008094,0.2274003,0.0725182,2.334757,0.8307948,0.048263077,0.047139283,1.2435732,3.0466526,0.26969507,2.0566106,0.24805114,0.0,0.59810483,0.34820035,1.5386454,0.060854793,0.74516964,0.019042008,0.16264728,0.7593395,1.0509212,0.87229437,0.045716513,0.086597666,0.3438927,0.36852506,0.640266,0.014765128,0.18962541,0.45457482,0.8329069,0.34175795,0.075567394,0.48100436,1.2432265,0.0,0.91450995,0.029108752,0.027246676,2.3227093,0.4069039,1.366152,0.061854433,2.0102012,1.0466404,1.2432439,2.318252,2.5192108,0.9361502,1.4695338,0.45964622,0.06900862,1.0065863,0.040238332,0.5661823,0.010133128,0.07205838,0.27857962,2.411267,0.59822977,0.9602318,1.1301669,0.896277,0.026337666,0.5911521,0.027348703,0.013420901,0.0,0.26947954,0.28243497,0.095546566,0.4116186,1.4644167,1.9106791,0.086104855,0.022909086,0.28148365,2.4135823,1.2820742,0.11818442,0.3295025,0.64707196,1.2475678,2.1289485,0.30644736,0.033855923,0.33260936,0.20303656,0.039621986,0.36587593,0.0,0.24377775,2.659909,0.64348996,2.0074937,0.061785802,0.3288908,0.53550005,0.6768819,0.09366628,1.7698375,0.40851253,0.0,1.3053042,1.0960999,1.3887799,0.58837837,0.0,0.44796452,2.523352,0.15178391,0.39162624,0.0,0.020393515,1.3520874,0.13072896,0.007082325,0.08222638,0.00068455114,0.5910879,0.47775292,0.47587153,0.11571173,0.21788877,4.348484,1.1849179,0.1195087,0.31447288,1.9824617,0.103924416,0.4119384,0.3020758,0.5956516,1.1135424,0.71796244,all_pothole_images\pothole_images_optimized_image_393.jpg
0.055746682,1.0420059,0.11743547,2.4022775,1.265657,0.20887172,0.1967871,0.1384654,0.3222752,0.20619494,0.29500416,0.67867744,0.5246244,1.8751812,0.094268985,0.3457942,0.25575858,0.8069166,1.6673635,0.18476489,0.41761678,1.8708533,0.23726615,0.84403944,0.9594369,0.30800036,0.2776622,2.5703042,0.0,0.11147615,0.9058152,0.2837231,0.76445377,0.8356354,0.8720406,1.5363337,1.1822865,0.822625,0.86373305,0.49098128,0.049320273,0.04451267,0.38555643,0.6908738,0.23430023,0.52436316,0.06818431,0.13851568,0.39701447,0.99069357,0.52178174,0.024679003,0.11635647,0.18434873,0.009901929,1.5922533,0.44554648,0.20518291,0.6169349,0.073718674,0.29470366,0.12010054,0.050632387,0.12407971,1.8725411,1.238196,0.24617729,0.6562592,0.9614941,0.389268,0.09569454,0.5230158,0.50080585,0.008871255,0.025240134,0.07306221,0.15530312,0.49433398,0.10105162,0.31598258,0.0,0.71216005,0.13132554,1.0729244,0.06493085,0.29485467,0.41063055,0.00040247545,2.1607583,0.10581018,0.4094854,0.0730119,0.45307845,0.6486734,0.0,0.052510947,1.5484788,0.075848386,0.7244373,0.44987342,0.886819,1.8652833,0.9301455,0.037765786,1.3272941,0.35040835,0.18480319,0.6590139,0.39601594,0.38125548,0.001341498,1.5693076,0.44131044,0.07407947,0.55606484,0.22385788,2.7031996,1.4861645,2.5257072,1.2822957,1.5394857,0.0,0.7283498,0.30029932,0.14907743,0.50051016,0.3454543,1.3512747,0.94205254,0.4997962,1.6705658,0.0028868197,0.56754875,0.009899062,0.15047899,1.2390014,0.39989993,1.3042897,0.72992253,0.106855825,0.5545352,1.0399897,0.13552518,1.233507,0.002331362,1.2017064,0.34356174,0.00021875447,1.6420178,0.1619568,0.28639925,0.6578842,0.08070806,0.24486405,1.1788106,0.8942076,0.6835086,0.104314424,0.44659233,0.13166016,2.782248,1.3770487,0.090432905,4.158695,0.09931111,0.9617526,1.2139509,0.12077635,0.8139018,1.6852009,0.2867199,0.33856297,0.13236752,1.1917794,0.5557962,0.0,0.0016579854,0.004615442,0.31382096,0.062262822,0.071702875,1.8044745,0.6533448,0.2512605,3.3158326,0.5817829,0.7680056,0.4471739,0.53765464,0.5447517,0.34836072,2.6681547,0.11275358,2.5629914,0.24415673,0.43686128,0.62620795,0.53575987,0.8229829,0.15764138,0.15488487,1.0135058,0.42227307,0.657305,1.1203419,0.16644217,0.47950006,0.82448286,0.965238,0.2498044,0.0617471,0.0,1.1222078,0.06044425,2.2578137,0.7954267,0.08404195,0.036296062,0.105991244,0.5795551,0.2737858,0.43535683,0.79484504,0.13768707,0.061775386,0.5743477,0.5009562,0.07252935,2.55038,0.23594806,0.034805756,0.10661141,2.084802,0.021785425,0.40357482,0.12846896,2.9611983,0.040517095,0.57351387,0.51163185,0.29717124,0.20648041,0.12850703,0.123515084,0.32341173,0.025860576,0.38645297,0.083401494,0.35049424,4.5447407,0.3543114,0.18496895,0.41596034,0.8690291,0.32160848,0.45205903,0.76948434,1.8429657,0.01214623,1.1845212,0.13114229,0.008277809,0.14519557,1.7074002,0.46285698,0.33606532,1.4344617,0.50510645,0.97100204,0.19816762,0.041050933,0.20019343,0.008507396,0.7193365,0.6208289,0.61084557,0.7271085,0.57651114,0.8466784,2.0878901,0.4887875,0.29763597,0.70306206,0.12114315,0.3508972,1.4090912,0.56106985,0.24800454,1.5977901,1.3101944,0.18418169,0.0,0.19235498,0.51583797,0.7649788,0.03275018,0.12332519,1.0217056,0.24142382,1.2225676,1.2705256,1.1722215,0.054156113,0.37834245,5.7390704,0.55156237,0.0880957,0.2158199,0.8636368,0.13241798,0.23806766,1.2704662,2.9470787,1.8504875,0.46643633,0.42232543,0.06043063,0.25630254,3.9662578,0.113765776,0.33416855,0.040199187,0.116799876,0.10509924,0.49873686,0.6501567,0.3959764,0.7706151,0.017462965,0.27880976,3.963294,0.05307238,0.38492176,0.26999104,0.0136294095,0.16872764,0.31661388,0.77442193,0.08161066,0.5982222,0.789206,0.25898406,0.79476815,0.5089651,0.72477543,0.5493563,0.3614015,0.72278345,0.8882665,0.6995482,0.22944212,0.13418743,0.17486353,0.18070748,0.0,0.04700029,0.00010095373,1.4481813,0.59569484,0.82395107,0.061013874,0.6735646,0.7451779,0.27468204,0.22768398,0.0,1.6202059,0.23786414,0.04738762,0.39584696,1.7346947,0.10483491,0.243328,0.0,0.16682357,0.6333987,0.0,0.27652216,0.0857012,0.35673416,1.0962478,0.08067012,0.43124154,0.35612792,2.763434,0.25914872,1.4757228,0.019695012,0.19372663,2.5051696,0.9271841,1.3237718,0.030398188,0.0,0.5668907,0.07789186,0.6960108,0.3810313,0.085173845,0.015877344,3.0384831,0.8556937,0.87610775,0.2505075,0.95846635,0.051433843,0.23634708,0.7095934,0.045479376,0.02630055,0.3120763,0.29680464,0.15100314,0.804266,0.044676073,0.3942073,0.15454966,1.1213741,0.17140883,0.005609216,2.3820093,0.36338145,1.5788536,1.6693351,1.5896156,0.46022955,0.25261533,1.4058634,0.30597246,1.9571178,0.06357353,0.482627,0.64487916,0.98249143,1.0147632,3.0698223,0.50072277,0.43972525,0.50173414,1.4164462,0.1657001,1.4212103,0.1998785,0.5936878,0.05019225,0.10499612,1.073326,0.33114496,0.13916966,0.80070746,1.4674997,0.22080977,0.6343407,0.8700463,0.28266454,0.8494563,0.85183716,0.7457853,0.7368116,1.1043315,2.0227065,0.99959445,1.0588089,0.102236025,0.5721538,0.12253869,0.5175672,0.0,0.27263996,1.3117422,0.8879667,2.4833286,0.11114111,0.2871267,0.8151561,0.15836912,2.2963297,1.6753272,0.6698927,0.32339153,0.0,4.462177,0.16706595,0.0868549,0.0,0.21983644,0.2315878,0.0,1.7958757,0.02149897,0.46254522,0.5107339,0.7658008,0.33573127,0.0728935,0.28576946,0.031370413,0.21239981,0.0030961935,0.8564319,1.516112,3.5485651,0.8385731,0.1663033,0.13857208,0.3888938,0.34690857,0.0046433494,0.2718795,0.074796274,0.064999215,1.221586,all_pothole_images\pothole_images_optimized_image_394.jpg
0.0,0.8295123,0.13236679,2.6103656,0.22133292,0.009504841,0.0024478156,0.0,0.074732825,0.009052068,0.45414856,0.2751217,0.0,1.1714797,0.041023724,0.017440017,0.063056804,1.4289821,0.96820664,0.41905993,0.32393646,0.33598277,0.14536563,0.5194915,1.0462455,0.079778865,0.42505646,0.98501724,0.0,0.44327724,0.12372479,0.09212932,0.08249068,0.54221034,0.04573055,0.22896941,0.18991543,0.27641565,0.86968917,0.27077183,0.0034923917,0.68569213,0.17245525,0.6665039,0.6499177,0.0,0.42401347,0.44817048,0.35726142,0.5928727,0.10059242,0.3990226,0.004868744,0.0,0.71939164,0.8491047,1.6089747,0.5459737,0.19572242,0.18953013,0.28681493,0.2734725,0.6515743,0.2115846,0.2246707,0.7778677,0.015864877,0.084752366,0.13020079,0.7017752,0.31546497,0.11856549,0.23105197,0.0037992839,0.07410162,0.0,0.24977545,0.008389359,0.0,0.01941426,0.012311396,0.1358123,0.7243909,0.92377883,0.13447717,0.0012396835,0.5817322,0.2659065,0.43131512,0.07457368,0.011312239,0.74512404,0.5551774,0.14408006,0.4051309,0.026775114,0.24697284,0.46097478,0.64633834,0.4415635,0.61446714,1.7714965,0.44188502,0.21670745,2.1580334,0.19515803,0.34162718,0.0367855,0.13054723,0.63320136,0.1115759,0.007586851,0.029522168,0.052772935,0.4165029,0.10103294,0.011730694,0.06916325,1.527613,0.00088002026,1.1295797,0.0006902034,0.005090768,0.38986233,0.012537496,0.78303134,0.23829901,0.00090756576,0.5322031,0.40029043,0.35414314,0.26293886,0.20772599,0.20514087,0.50115097,0.08995727,0.32815364,0.3614684,0.45908868,0.29315886,0.5872546,0.31824505,0.47141328,0.34556085,0.0,0.36164427,0.13537042,0.48459196,0.06656127,0.047436617,0.27387866,0.54706454,0.010224124,0.52733386,0.36020625,0.48425576,0.20001723,0.20299892,0.12101479,0.24265526,1.0063587,2.2431731,0.77608365,0.569381,0.94090986,0.010030436,1.2642913,0.03473627,0.6300664,2.439793,0.09016863,0.124665044,0.06651473,0.06562801,0.040947966,0.2910832,0.014849468,0.012647792,0.31716925,0.14190462,0.002708598,0.77885586,0.78037167,0.0,2.0164783,0.4812776,0.34451905,0.67813784,0.0,1.1735544,0.009672424,0.1665047,1.208014,0.46686313,0.26739535,0.014796775,1.390623,0.014894419,0.06887054,0.0021035997,0.13348049,0.4076058,0.2800274,0.123356424,0.023730692,0.84288156,0.05868045,0.046455353,0.4098507,0.19505528,0.030056028,0.07763621,0.09094241,0.00022859892,1.9024913,0.23557097,0.10052129,0.41435412,0.4798205,0.2582007,1.6710238,0.24939533,0.2562957,0.24233325,0.0046124463,0.00084404554,0.3263973,0.005795966,4.1707163,0.037484277,0.036023725,0.31955484,0.57069933,0.004572078,0.15344259,0.15542695,2.0908177,0.05785539,0.11997418,0.00016420106,0.28796348,0.78299385,0.887251,0.7331656,0.0088083865,0.23192705,0.7372884,0.658886,0.753563,4.72202,0.58324414,0.1795129,0.0,0.19045234,0.0,0.8251768,0.5507225,0.63185704,0.35333437,0.3148676,0.0820036,0.083434455,0.5907278,1.2406124,0.018977208,0.0053722253,0.75488013,0.41110867,2.4496095,6.601265e-05,0.38156104,0.016600274,0.997094,0.0019320708,0.5643912,0.5846948,0.157923,0.9697737,0.03773261,0.10028245,1.4804306,0.091342285,1.1257313,0.07136009,0.008827201,0.6858833,0.34528527,0.078409865,0.36624604,0.33622947,0.00024400529,0.032451183,0.006634921,0.8418864,0.6374294,0.20115161,0.003425637,0.16410035,0.03437432,1.786438,0.3464325,0.5702194,0.0073307604,0.025167746,6.050859,0.045674577,0.41447932,0.05295189,0.3144347,0.6878584,0.029759664,0.48703742,0.7877162,0.65614265,0.75564903,0.30980572,0.036728594,0.57659626,5.2154875,0.119502746,0.015300375,0.31301644,0.054312784,0.58342373,0.4103035,0.042561647,1.6978006,0.02515534,0.041181788,0.1582059,2.3836226,0.1620352,0.34136906,0.5816107,0.0,0.0,2.8100262,0.9195974,0.34132695,0.38502577,0.04735558,0.0,1.3148838,1.6677629,1.0967538,0.019132813,0.0016498779,0.2955146,0.26018676,0.14599113,0.6204017,0.009577511,0.0,1.3855225,0.20672728,0.002778169,0.0,2.4158201,0.20679395,0.510505,0.5402171,3.1892824,0.027564805,0.119749114,0.050216854,0.0,1.0366384,0.045871615,0.1386261,0.48837224,1.4662293,0.0,0.00790405,0.040821597,0.0,0.7554575,0.09858007,0.018911775,0.43985894,0.0998991,0.102980554,0.102585234,0.002050409,0.63943213,0.98808825,0.0,0.62043625,0.089763805,0.015612913,0.0103818,0.6975037,0.019283123,0.3226743,0.1008927,0.0,0.07266143,0.5172537,0.03942368,0.70488876,0.089732565,0.41064584,1.1893526,0.5103075,0.3213078,0.31809846,0.2405121,0.34968442,0.53411937,0.13490139,0.19434744,0.013456889,0.7897415,0.006672128,0.06740439,0.47849828,0.20310509,0.09650476,0.97908103,0.23089536,0.036978625,1.1001501,0.14128791,0.1367074,1.5845978,0.92842025,0.08169824,0.22966732,0.0,0.015458685,0.3624853,0.23823154,0.17196028,0.021779068,0.09314992,0.35466975,0.44467676,0.0734816,0.013962662,0.046578318,0.20871201,0.0,0.816713,0.0356932,0.11590224,0.04577384,0.04643057,0.03147467,0.71930397,0.77405113,1.5232774,3.8794763,0.18421142,0.24967681,0.009063097,0.1478443,0.47636917,0.024325365,0.05634343,0.60897595,0.3989273,3.1948903,0.0,0.10641013,0.015762666,0.086865135,0.0,0.060086187,0.0,0.020193016,0.99722177,2.1325097,1.6255772,0.11504152,0.012180039,0.14935018,1.14283,0.026421893,0.60915387,0.23943856,0.049540408,0.0,0.48577386,0.7059102,0.003565892,0.058144093,0.014899087,0.8224641,0.0,0.9917568,0.15362407,0.68686765,1.2939073,0.0,0.24851692,0.0,0.0063592494,0.10996733,0.05462748,0.060559563,0.726957,0.19837971,1.1213642,0.07316808,0.080912955,0.80651903,3.108779,1.658257,0.30575356,0.10956683,0.22164956,0.17467104,0.011647663,all_pothole_images\pothole_images_optimized_image_395.jpg
0.90051234,2.2208972,1.3542465,1.045643,0.35631707,0.4812387,0.1231434,0.28460115,0.27822766,0.15994605,0.06872012,0.9042544,1.3904581,1.4916059,0.16828379,0.095814764,0.8993622,0.058468644,0.004246342,0.5551649,0.8133973,2.1559253,0.12586908,1.4742426,0.2666648,0.034979388,0.77742827,0.91953963,0.63075954,1.2645241,1.7441968,0.0041282154,0.9047239,0.7325872,0.4064487,0.34411615,0.5868286,3.659018,0.74140376,0.3689287,0.3433921,0.018123047,0.5909606,2.701283,0.6263296,0.027168354,0.7058762,0.246154,0.06012561,0.3874124,0.8432831,0.059839014,0.84821457,0.03670922,0.027693685,0.3179092,1.444137,0.016540784,0.78949606,0.012470391,0.0023667545,0.019444285,1.51241,0.23657787,0.05560516,0.5228353,0.19474578,0.8480993,0.37881407,0.43360302,0.3147396,1.2624842,0.08349095,0.14565016,0.51863754,0.1480779,0.0370187,1.416299,0.0016790844,0.22181933,0.5304711,0.11194908,0.26299655,1.4738648,1.2114141,0.059976537,0.059650935,0.50150245,3.5005832,0.0,0.316318,0.43666947,0.22071664,0.7456414,0.17359379,0.85447985,0.7354559,0.3039017,1.0087272,0.64430135,0.32155356,1.8988546,0.24998388,0.49601796,0.26078027,0.44491056,0.6398094,0.061375808,0.03143433,1.0492193,0.56201214,0.4481139,0.08193592,0.63411087,0.5116051,1.5717229,1.8786511,0.37912387,0.42292175,0.1111965,0.92697966,0.6640498,0.43282345,0.5527928,0.20629394,0.47457224,0.16492519,0.088329025,1.9541283,1.9568237,1.0078107,0.2513818,0.47804683,0.0016232908,0.18065804,0.9355462,0.73013055,0.4331566,2.421734,0.39751348,0.79165226,0.71941805,0.12352691,4.492051,1.8689317,1.1963956,0.6251507,0.40499058,0.15021734,1.1195766,0.12770747,0.30745226,0.50073504,0.06636128,0.6682409,0.4935189,0.45807078,0.0031729382,0.822163,0.74743956,1.5432801,0.8734012,0.076411285,2.7509046,0.35958284,0.0,0.20325181,1.537915,0.40846774,0.1907743,0.0,0.043126557,0.7745814,0.84812474,0.8013218,0.061334085,2.1547623,0.04020266,9.420653e-06,0.5087646,0.8437443,0.87411964,0.9507475,0.8458506,0.87298995,0.07916925,0.0039779763,0.2827823,0.017132591,0.026653618,0.107524805,0.660933,0.7438154,0.71177197,0.067644194,0.2102179,0.102048695,0.124920495,0.154177,0.5592173,0.20544599,0.04542437,0.8272912,0.3379142,0.85299313,1.7048428,0.7064992,0.67228127,0.36907595,0.007476924,0.0081442585,0.04746045,0.9454515,0.635188,1.1764098,0.25687376,0.5440934,0.6504084,0.43007955,0.0,2.2746606,0.30485716,1.0169501,0.31965157,0.08085257,0.9406773,0.91231805,0.7269094,0.34248847,0.10074687,0.30332732,0.09588117,0.15271279,0.74864405,0.10460526,0.1145655,1.9837523,1.5379665,0.0796091,0.06719716,0.12687765,0.016959185,0.5069701,0.46991834,0.44424024,0.34486473,1.490186,0.18453935,0.70149165,2.7010581,1.8119916,0.35853556,0.33948186,0.44574332,0.00082967256,0.68740803,1.4284401,0.29494724,0.43704364,2.225292,2.5382035,1.717147,0.2920891,0.052951414,0.59620315,0.041103948,0.048470195,0.44605362,0.7069466,3.7689137,0.0,0.008255109,0.11514814,0.048681863,0.53148484,0.4236552,1.4287633,1.2728869,1.5272512,0.9193152,0.55227965,0.06796052,0.7761795,0.03451607,1.8009036,0.005668464,0.38471314,2.5154104,1.9016175,0.09647132,0.010570798,0.13806124,1.0074952,0.19881187,1.1860069,0.2402787,0.5492633,1.0024962,0.7614707,0.6675196,0.5873835,1.2459103,0.42490464,0.22127523,6.4079976,0.010363365,0.50813633,0.726568,0.9170114,0.12373438,0.06855147,1.5087751,2.1776223,0.15288095,0.2075997,0.3277976,0.95815235,0.5911314,0.99356294,0.3287576,0.07584823,0.044274382,0.047882404,0.4555591,0.08373283,0.7488924,1.6228703,0.76884794,1.4102322,1.322879,2.588509,0.62761384,0.19232942,0.6435736,0.92813426,0.38281244,1.3290976,1.2775071,0.46471038,0.05439879,0.93453604,0.543209,0.84815526,0.18679647,0.37384638,0.07943567,0.21068986,0.38841718,1.8294696,1.0269154,0.49860108,1.5001351,0.0,0.22890447,0.24158086,0.033896215,0.878463,0.11346461,0.024405187,0.2203915,0.14858232,0.66685486,0.29087362,0.29908937,0.050875973,0.005509702,1.2407902,1.1780306,0.3896815,0.14350061,0.965357,1.1797022,0.35750452,0.6709614,0.6660973,1.4748881,0.21779223,1.4439896,0.28533977,1.3797266,0.3912523,0.24064188,0.12345726,0.98145837,3.5634062,0.7633807,1.4995519,0.040752657,0.037909057,1.4198488,0.4736255,0.57601565,0.045168743,0.123688154,0.09136123,0.3757613,0.92408586,0.03364735,0.050651517,0.23144692,3.6170435,0.39228112,0.62380624,1.5623434,0.38695493,0.008920615,0.6261039,0.55978024,1.0139693,0.24904944,0.12494221,0.024830433,0.2426997,1.6455348,0.3903273,0.3897619,0.032697614,2.2068465,0.1593004,0.528413,1.684191,0.2208089,0.28003478,1.798427,1.4411104,0.83299804,0.31373322,1.8558466,0.0,1.1701473,0.28028387,0.0074217557,0.88047594,0.1255331,0.73251873,1.9001324,0.074448116,0.121893235,0.120403014,0.60057384,2.3507326,0.83549243,0.28422788,0.7678599,0.20820354,0.46531618,3.4311514,0.17210178,0.6001528,0.9148095,1.1746482,0.43777606,0.76306504,0.81403315,0.19699804,0.09196831,0.36629626,0.2078226,0.058598746,0.09820261,0.76027083,1.5264031,0.16367227,0.0,0.7324893,0.5820031,0.05989542,0.41726166,0.10351433,0.9312994,0.07185266,0.9742598,1.9628985,0.32626218,0.12031747,0.05712339,0.004168733,0.14778215,0.5530952,0.4988004,0.04965682,1.86056,0.22100541,0.5216008,0.04739919,0.36712316,1.108903,0.04850814,0.5972887,0.0018762974,0.41913876,0.49007687,0.15369023,0.62063205,0.2181815,0.6676036,0.84273,0.03264783,0.072366424,0.104174584,1.414223,2.7551224,0.04786522,0.837014,0.20689836,0.25140786,0.2501304,0.10218137,0.44399807,0.005220034,0.03291517,0.05572977,all_pothole_images\pothole_images_optimized_image_396.jpg
0.88441515,2.5189395,2.0859704,0.87515324,2.853516,0.47885728,1.2877134,0.23022823,0.4609473,0.4461221,0.7296468,1.7274163,0.18313998,2.831468,0.982384,0.15030317,0.39536515,0.07511159,0.86130834,1.9784813,0.30677584,0.34322527,2.575283,1.1359121,0.034132384,0.83794534,0.23377007,0.36048105,0.6178168,1.8703945,2.6368687,0.10455059,1.9711128,1.261849,1.4394584,0.7114797,0.1009424,2.9068522,0.4282471,0.20500559,0.016723203,1.261499,0.6975881,0.9146764,0.7464008,1.2986063,0.8321511,0.010746199,0.35751748,0.0002270695,1.8587496,2.7420719,0.8795965,1.5168519,0.04395454,0.26114795,2.283121,0.3895414,0.56388885,0.28723577,0.34648964,1.3227158,1.0703084,0.25049603,0.5873027,0.2921463,0.1328651,1.0540582,0.07041756,0.049914252,0.23160155,0.1731296,2.5230763,0.025296854,0.04207621,1.4971191,0.7444756,1.3230433,0.06977556,0.8308541,1.2964531,3.0670514,0.04469707,0.2928517,1.0355697,1.9909258,0.121164,1.6769919,0.8985496,0.22169381,0.0,0.24561644,0.069503866,3.2381358,0.19219851,1.0247649,0.91832256,0.25656867,0.6640597,0.786518,0.21766186,0.55357754,0.21759193,0.26316065,1.0893614,1.7982286,1.9370979,1.6680375,0.53836966,0.2653904,1.1242123,0.59592384,2.0443568,1.5643122,1.3853252,0.99512917,0.21157545,0.9275424,0.37921548,2.956179,0.2823921,1.4587654,0.8953636,0.27662992,0.024076736,0.42443204,1.6693102,0.05913827,1.2059692,2.0464563,2.1949167,0.5972727,2.417688,0.59756386,1.3721731,3.557908,0.4306184,1.0757208,2.2659602,0.14216918,0.037978273,6.192125,1.1107321,2.5455627,0.30783394,0.11007927,0.6193246,0.8666525,2.336096,0.95538,0.0,1.3267235,2.019321,0.20976149,0.76507443,0.30752224,0.044257507,1.6183488,0.106791526,0.6952654,1.1624064,0.990611,0.54121065,4.309129,3.1549022,0.4624516,0.1283809,0.39080632,2.2137759,0.044753034,0.6759819,1.1453954,1.0061767,0.6318702,0.22240736,0.04319839,1.1029774,0.48674253,0.4662026,0.1755515,0.060227033,1.1841886,1.2854849,1.2123804,1.6615149,0.2187272,2.0551426,0.2712984,0.1162183,0.46214727,1.2208192,1.404384,0.07416654,1.6727877,1.5921948,0.028874159,0.8071572,0.87338334,0.06695717,3.3512816,0.07662646,1.6027529,0.40915972,0.8543429,0.7486186,0.30010524,0.04516263,0.09419957,2.6715915,0.29978693,0.04550893,0.1665879,0.5925259,1.8189715,0.5126995,0.02041895,0.03248376,0.18624973,0.914797,0.077290244,2.4257567,0.25900814,1.1159487,0.07393739,3.8564568,0.91445327,1.1625166,0.28854617,1.0949717,0.85935545,1.235098,1.2925178,0.35156333,0.13027573,0.48020315,0.7288389,0.50860983,1.8995688,0.039495777,2.1810312,0.44144845,0.47381544,1.0970302,1.2640208,0.3523058,0.0073387423,0.7747864,0.42809707,1.1372122,2.6253622,2.600885,0.8123388,0.47368425,0.9336628,0.059074253,0.80948323,0.06967256,0.39775062,2.8837204,1.7920656,2.3525352,2.7277613,0.28912535,0.0006358269,0.45914996,0.16033064,1.0480722,1.2116419,1.9147494,0.41368702,0.09554648,0.0060739983,0.23566882,0.009130199,1.101105,0.2840016,0.36275,3.6649694,1.0893736,0.43864846,0.14525141,1.1934887,2.5146453,0.69424134,2.0125062,1.7982923,2.5303206,3.0788088,1.0108327,0.012441584,0.002338541,0.29210755,0.67478186,0.540406,0.83161986,2.822381,3.310576,0.5841299,0.39006728,0.62744486,0.93959606,0.1591878,0.0049658613,0.117731154,3.8865037,0.1672256,0.4074285,0.06588071,0.045671344,0.2110743,0.7423089,0.9404227,2.148092,1.7521248,0.9004003,0.82727414,0.2753315,0.48733434,0.74198794,0.59321773,2.0432243,0.82847327,1.111516,0.16455188,0.046004266,0.0,0.62354964,3.814148,1.1977183,1.7360094,2.731357,0.59081805,0.28002876,0.01511891,2.3174329,1.7110354,2.6986744,0.39968738,1.5266643,0.47681582,0.74885076,4.3555174,1.1825153,2.8276694,0.7607283,0.44422546,0.50843614,0.4193798,0.26880834,1.8142642,0.06618051,0.25653014,1.2519249,0.16199055,1.1381378,0.34204894,1.7627585,0.1848533,0.155904,0.5747969,1.2570283,1.6674649,0.24065554,0.63957673,0.007921985,0.0,1.1836851,0.20355555,0.5276225,1.6735995,0.41372305,0.56262404,1.6485847,0.8181071,0.3299263,0.2559007,0.72860026,0.54397494,0.31692472,0.95826685,1.4285018,0.07285141,0.10828026,0.628716,1.2856414,0.48439234,2.3886976,2.5047767,0.099906355,1.8880509,0.0970448,0.41901848,0.6129017,1.3579245,0.33894914,0.7902678,0.68327254,0.18499267,1.5461379,0.75704485,1.0518593,1.0169394,0.396957,0.6059194,0.6601852,0.5585357,0.5293198,1.2486026,0.8932585,0.09501942,0.34985852,0.0,0.2603195,3.5244164,0.39872235,0.3272304,0.00071358035,2.25417,0.32289076,0.30360457,0.58168197,0.40544516,3.4997253,0.89857364,0.72904444,2.1574187,0.5850773,2.3858943,1.7655927,0.5060854,0.14976047,1.8979615,0.3335054,1.4112345,0.22291592,1.5165635,0.5666398,1.2987698,1.4104451,2.5053544,1.473419,0.5458023,0.010735103,0.013341587,0.021136373,1.1795975,0.74059063,2.4563909,0.3314125,0.37351462,0.56412685,0.023425933,1.1006663,0.23718269,0.9342807,0.13873531,0.7290256,0.07797326,0.2965119,0.12310098,0.5952977,0.9326771,0.7060211,0.52658623,1.5970143,0.0130196605,0.21405764,0.45705038,0.024479166,1.7986135,0.6162225,0.025900874,1.8709002,1.8767138,0.075584024,0.5856801,3.6430516,0.23731053,1.4126761,0.23736256,2.1099675,0.6655752,2.133475,0.71930367,0.010917624,1.2336658,0.7269682,0.23215519,1.3675696,0.58694124,0.1418252,1.7286667,0.07503946,0.077722795,0.4575196,0.0,1.2316583,0.02602598,0.984602,0.6701579,3.1778607,1.5612408,0.47493115,0.32397994,0.68883187,1.115043,0.4770934,1.1104935,0.09101849,0.3148052,1.3196032,0.50401443,all_pothole_images\pothole_images_optimized_image_397.jpg
1.1407936,0.59673256,0.1317857,1.3222224,0.46676654,0.23070228,0.19618212,0.1441787,0.6557233,0.32820237,0.2546095,0.016224237,0.5984693,0.4154312,0.25781637,0.028521888,0.028787345,0.81364644,0.0,0.14480056,0.58001256,0.27987522,1.2259661,1.5369294,0.07886967,0.40233415,0.25483286,1.7907655,0.07448963,0.013248612,0.017600195,0.030763216,0.0,1.3662015,0.3927283,0.92135507,0.50986135,0.23687261,0.7766865,0.013230363,0.0,0.09311309,0.7838773,0.9987959,0.11900443,0.1536785,0.1289788,0.9368202,0.005949196,0.48391286,0.33562106,0.0070748944,0.69486207,0.055424232,0.18483536,0.28559965,0.6598129,0.0017398789,0.33501485,0.12042063,0.017541058,0.25675225,0.3149846,0.8743913,1.697514,0.19721225,0.982101,0.29574862,0.23432842,0.14422584,0.39702687,0.0067338017,0.5157647,0.27083683,1.0654879,0.16991186,0.1318301,0.058895543,0.00084324717,0.06530582,0.17233546,0.08226727,1.0117556,0.32130852,0.7062904,0.014054754,0.40155962,0.49249718,0.25268993,0.37848258,0.9733871,0.5758406,0.4345426,0.6413439,0.4517404,0.51299083,0.4426331,0.79079777,0.0042482223,0.006034666,0.05927652,0.025340717,0.07259674,0.0803463,1.3055751,0.7994596,0.4388486,0.37528834,0.3899695,0.7014563,0.38425127,0.03305024,1.009452,1.2211181,0.9589336,0.2092856,0.00031450394,0.15567617,0.93416375,0.55685914,0.622244,0.3623432,0.28455636,0.4405139,0.742746,0.2648801,0.0,0.18282169,0.584123,0.9518097,0.5372238,0.085617095,0.0,0.2520499,0.005653685,0.10762156,0.039034043,0.106753185,0.24956068,0.27993205,0.50136113,0.7572006,0.5493613,0.5151417,0.20265725,2.096669,0.07986848,0.12727943,0.03719434,0.23388024,0.7561771,0.71652675,0.16336031,0.0,1.4848144,1.0652521,0.70023334,0.49534905,0.9666751,0.5104005,1.6621702,0.63098115,0.2546294,0.19782355,0.5860261,0.046282373,0.74307823,0.18018185,1.1827593,0.74907357,0.3060451,0.15749398,0.009056295,0.10369779,0.32153377,2.4788241,0.4429023,0.0,0.52695626,0.06448641,0.0032461628,0.812201,0.004151734,0.3134906,2.2522032,0.7405836,0.009247264,0.0149072725,0.53537196,0.19345959,0.15849206,0.46073633,0.9695956,0.478234,0.0,0.14370067,1.1576797,1.1249307,0.89134204,0.31933352,0.1679414,1.1637489,0.11068176,0.07101251,0.58257306,0.27347264,1.0088806,0.08774806,2.0745678,1.7947372,0.0026454611,0.1659071,0.18152742,0.18847774,0.58754176,0.5169726,0.979858,0.07827062,0.22305568,0.0702535,0.6407407,0.009393235,0.4310024,0.21688375,0.0,0.02385555,0.4038518,0.049612775,3.154177,0.023252131,0.051696457,0.000714684,0.2250271,0.61224556,0.20046374,0.02764325,1.1159408,0.2806715,0.0020429676,0.26565558,0.0,0.01866212,0.05588363,0.13404581,0.1510208,0.11999703,0.83294857,0.47651213,0.90889037,5.503317,0.030201951,0.028804744,0.0,0.0,0.2849378,0.6930474,0.69778496,0.1314434,0.0,2.3621273,0.49443027,0.30478278,0.25467953,0.22574674,0.0,0.47678038,0.32742316,0.55867356,1.0936154,0.06818736,0.15409273,0.21024323,0.5568149,0.120517544,0.22321968,0.4799555,0.06258561,0.08493902,0.09872622,0.34512132,0.21375647,0.13167581,0.30460626,0.0032741516,0.1593203,0.27732888,0.54482365,0.026497725,0.18728288,0.048186116,0.019112395,0.061846405,0.24914093,0.09082137,0.2865823,0.08993789,0.40025303,0.5726678,0.05150202,2.9949934,1.656916,0.609292,0.0,0.0,3.6839437,0.113613844,0.0,0.0,0.0020412132,0.004563864,0.5066316,0.6463859,1.9105487,1.2912585,0.16631547,0.016657608,0.34764206,0.8205776,2.6797884,0.037742376,1.09448,0.0,0.16303983,0.5021319,0.20476814,0.109133385,1.3828511,0.0013853209,0.40832284,0.008092995,1.6797156,0.032545444,0.18861677,0.110527806,0.0,0.0,1.5943408,0.060103677,0.39744502,0.36309448,0.114343725,0.4472688,1.6823843,0.71696806,0.5568432,0.16432504,0.17791343,0.56370974,0.09638308,0.16083784,0.0069082105,0.3879744,0.017885169,0.03143108,0.2582066,0.35139823,0.02679512,0.89469427,0.28037673,0.7743216,1.0923377,0.38241404,0.19019857,0.14758453,0.0,0.036168076,0.23003876,0.08679814,0.8085767,0.461917,0.003822555,0.50877,0.51912993,0.029861521,0.48278734,1.0669631,0.40350276,0.054828268,0.39066052,1.3125565,0.7849965,0.0070650834,0.2767209,0.03476638,0.85751575,1.3467276,0.7036187,0.061641406,0.029978184,0.08172522,0.0,0.8486143,0.24063355,0.77272606,0.0,0.4519262,0.6371146,0.96733373,0.6852483,0.83075184,0.247652,0.988203,0.122102715,0.014027946,0.5713674,0.0,0.91055995,0.024572257,0.035307743,0.57160276,0.3137344,0.26791644,0.20270507,0.0053452905,0.056016944,0.22400554,0.48819265,0.5249453,0.2916144,0.0725311,0.124195054,0.85339946,0.0068299696,1.2164103,0.8755697,0.0018681677,2.228285,0.55224943,0.27750584,0.5374058,0.0327598,0.34687248,0.4180042,0.19312002,0.04208564,0.07335795,0.0074433237,1.0681512,0.091548614,0.23207347,1.0421745,0.17510836,0.18078722,0.37348253,0.2803953,0.008954708,0.085188,0.2672002,1.2728289,0.6747412,1.8126289,0.4158857,0.29676935,0.48148653,0.0016167195,0.3304866,0.047635064,0.065874524,0.047665186,0.4632191,2.6866596,0.58840245,1.6747452,0.37474102,0.3758096,0.018726662,0.0032514045,0.045851633,0.110298015,0.042172827,0.14655297,0.011458117,0.0017747121,0.011992318,0.3950751,0.072778545,0.18555705,0.20922308,0.012380724,0.10071035,0.32960987,0.33361757,0.38539138,0.78580993,1.0539235,0.1958856,0.0,0.19352262,0.98769903,0.001859448,0.21489786,0.3436603,0.00952625,0.12996638,0.049857188,0.0024087976,0.07200679,0.0030652802,0.3194467,0.16974254,0.46383035,2.5545776,0.60612005,0.41647604,0.13889207,1.9148825,0.79035515,0.0050584422,0.02561741,0.92069995,0.33245564,0.19265358,all_pothole_images\pothole_images_optimized_image_398.jpg
3.0173771,1.6823349,1.0764737,1.4329133,1.1195401,0.3413363,0.20550002,0.7534369,0.2821939,1.0414894,1.1556697,0.5733462,0.90660524,1.2915438,0.5711385,0.99817747,0.5242436,0.5392494,0.85166335,0.047133222,0.55661255,2.5651107,1.2890682,3.0206425,1.219538,0.0734171,0.06708712,0.98928565,0.682048,0.8248812,0.048373736,0.07922087,0.58805895,1.0631336,0.40872282,0.38367787,0.6596313,1.0271916,0.76259494,0.9716188,0.39723578,0.12157632,1.0425441,0.6401676,1.3404729,0.38215122,0.445134,0.19801381,1.1066058,0.5594936,0.71444327,0.799141,1.3382533,0.6902622,0.0,0.9358424,2.9718714,0.007926062,1.3289331,0.9790443,0.3215474,0.7099448,1.0589316,0.82730085,0.97854525,1.9538862,0.0027073496,0.87842774,0.680836,0.29756358,0.29481786,0.12587768,0.40570566,0.50103736,1.3541687,1.5142258,1.0182713,1.1349063,0.018642802,0.6434196,0.431024,0.007397104,0.79140204,0.9904826,0.8127326,0.78498065,0.16846983,0.74697095,2.9499571,0.6293203,0.39738077,0.27959847,0.3143035,0.1936716,0.43771276,1.5604917,0.7170738,0.95972407,0.38087937,1.4794314,0.0024692954,0.81562257,0.90472573,0.12538356,1.0480405,0.1367976,0.7181273,1.4229642,0.0155364685,0.92003936,0.28779244,3.7045984,1.2199571,0.26940274,0.10882327,0.97652745,0.9946463,0.6927173,0.6550402,1.239706,1.2798271,0.48308063,0.8603679,1.5439652,0.9033642,1.5956016,0.4828507,0.43665338,0.3652619,1.0989331,0.5768095,0.006338728,0.25617376,1.0756536,0.10564951,0.24750446,0.39628768,0.62647855,0.9025546,0.691571,1.1869133,0.8886619,0.76430595,1.2392046,0.4622158,0.77788013,0.05622352,0.026366107,0.60553217,0.951324,0.604344,0.81433105,0.87213606,0.5478643,2.337951,0.28932804,1.1008503,0.44402125,0.95938975,0.5310797,1.2661963,0.86004764,0.4543118,3.8689256,1.2986969,0.7672099,1.0313163,0.46660075,1.3112541,0.04616159,0.7521485,0.26188397,0.19681677,0.5021745,1.1788634,0.049735025,1.9174197,0.0,0.29515377,0.28271812,0.042785197,1.3713615,2.7864237,1.8232473,4.5442166,0.08794304,0.54440075,1.1355969,1.5597737,0.40130767,0.3748435,0.7916313,0.01867395,2.158699,0.46962142,0.39769593,0.5298164,1.457088,0.8431168,0.80291975,0.51312447,2.3440163,0.2660495,0.13624975,0.5377965,1.7301348,0.7351364,0.38690427,0.9786006,1.0029197,0.09644321,1.121053,0.97782516,1.1947576,0.8142202,0.8222571,0.2779568,0.5491958,1.3350128,0.19975778,0.5950276,0.21711722,0.24670404,3.524594,0.0,0.6372445,1.5814761,0.18401632,0.61128855,0.071666874,0.0,0.4147817,0.17174059,0.13723081,0.64404255,0.09302758,1.9820908,0.308872,0.5332539,0.29610658,1.0204701,0.38627923,0.78595185,0.11870566,0.024381608,0.0054055653,0.6492403,0.45647484,2.0004194,3.146045,0.46509042,0.009101969,0.36684418,0.63312405,0.11271017,0.10657606,3.0061262,0.8106285,0.2021388,3.084473,0.03570404,0.14165339,0.37880102,1.1168499,0.508167,3.396262,0.6501462,1.8199764,1.789494,0.8453708,0.3894779,0.16055444,0.33068582,0.55856764,0.9211024,1.9403511,0.47935453,1.2604568,0.3021904,1.1865807,0.3443588,0.7101074,0.54405546,0.4877261,0.4507154,0.3602921,0.6360751,0.27319822,0.18773565,0.68170834,0.42322826,0.45315036,1.5847367,0.89689106,0.85269684,0.27399698,0.54993755,1.1104165,0.34333795,0.96606636,1.0872697,1.3854077,0.03866012,0.57166165,5.001341,0.68044794,0.004015217,1.0672,0.64164627,0.77408147,0.088976875,1.2384572,5.683077,2.3257258,0.44080207,1.3108995,0.014285796,1.418282,2.1617625,0.5180605,0.027027085,0.8044876,0.26377884,0.1484476,1.2723194,0.62820363,1.2596503,0.0125508765,1.4902834,0.521892,4.109446,0.39554697,0.64885026,0.20379247,0.032974828,0.4229987,1.0916917,0.9819339,0.30045384,1.7744584,0.38800162,1.0022221,1.6909324,0.1592315,0.8006665,0.25545868,0.5839117,0.11370628,0.104053594,0.64460033,0.70745265,0.39700493,0.7426748,0.20119317,0.5463589,0.44361854,0.6316589,0.79038525,0.51441526,0.94835615,0.4158908,0.23065887,1.5014955,0.672774,0.06948115,0.8688139,1.7486956,1.0723897,0.19028416,0.72434264,1.6052903,0.7843219,0.8107046,0.37035018,2.2141554,1.0783452,0.57661563,0.21572024,0.36902985,1.0148208,0.15394491,0.014288391,1.035803,1.5680685,3.800102,0.8310806,2.223536,0.050647706,0.23354806,1.1873684,0.86111236,3.093981,1.8496408,0.66457886,0.17291507,0.28621057,0.36050773,1.028997,0.7880157,0.4775967,3.398626,0.7740695,0.41407815,1.5642929,0.11713192,0.026828857,0.3088026,0.20490113,0.23746213,0.4761605,0.9574932,1.7745427,0.51612365,0.8495772,0.3294701,0.4855465,0.96250826,0.30151734,1.3196533,0.92228276,1.6947713,0.76552784,0.85351294,0.4929105,1.8729948,0.22262701,1.1683947,1.1015098,1.6154557,0.42170048,0.33350676,1.1094056,0.94237584,1.1142462,0.2593803,3.2552798,0.7164666,1.0918823,1.1563631,0.82081276,0.8721484,1.0832574,0.55159384,0.88950044,0.02902911,0.2974702,0.73220074,0.2313385,0.32042247,1.3804219,1.3039542,0.33195075,0.62090534,1.5730636,1.2190186,1.1845906,0.54094243,1.179164,0.111471154,3.1173658,1.0240079,0.53198636,1.861377,0.5754644,0.95898855,1.5855281,1.1923407,1.4116557,0.9311379,1.6457912,1.100745,0.5895913,0.20602448,0.038859278,0.7147383,0.6909304,0.14711775,0.7329132,0.008077094,0.02190407,1.7784181,4.6755743,1.5284109,0.54241586,0.0008366555,0.6829516,0.9240524,0.82281524,0.95189005,0.115870334,0.69587964,0.51171315,0.23567854,0.17541993,0.11290439,0.21599002,0.47251385,0.63543063,0.39690596,0.49134904,0.64029306,3.7155693,1.7953097,0.6040944,1.0114799,0.77387804,0.015516461,1.6660981,0.29457572,0.7858661,3.2198794,0.27807683,all_pothole_images\pothole_images_optimized_image_399.jpg
0.51770955,0.59097075,0.09806803,2.0322309,0.2838563,0.6121366,0.027099613,0.08129918,0.60531706,1.8568115,0.04992177,0.298004,0.78506476,1.7653052,0.2116835,0.37808278,0.30564293,0.8641393,0.060104355,0.42655647,0.63692325,1.7934355,0.24926738,0.10887152,0.2214719,1.8705512,0.8444051,1.8007432,0.054105714,0.028634265,0.13407665,0.33505684,0.96677995,1.2261103,0.106901996,2.2721622,0.5797602,0.41828862,0.09851322,0.2209949,0.6096256,0.0029822465,0.98375046,0.61588496,0.5554527,0.8320975,0.2518735,0.1546331,2.7943707,0.14789867,0.41534895,1.6135849,0.13703372,0.117427476,0.64983344,2.4876788,0.7306999,1.493543,0.5936797,0.22977003,0.13056697,0.17888874,0.22803308,0.81170887,1.8782737,1.496478,0.2068985,0.17588598,1.4228374,0.93647695,0.86766845,0.033421945,0.67277527,1.6042063,2.4099503,0.78259027,0.13244937,0.19617672,0.41967493,1.2354405,0.13999882,0.19703607,0.25584778,2.4408088,0.69613516,0.19341215,0.34775993,0.087648705,1.1772038,2.2787042,0.075765744,0.94878614,0.5579802,1.2675464,0.47989085,0.2600137,0.0,0.32318565,0.77911717,0.6671636,0.6091984,0.67003965,1.378714,0.22945131,1.2377192,0.23601426,2.6011622,0.77151006,0.84523267,0.58772737,0.09678378,0.7631498,0.5510288,0.22152586,0.8443349,0.09288192,0.31879786,0.65810883,1.7423027,0.52287084,1.7250241,0.30827066,0.20895055,0.46130696,1.613022,1.2807469,0.9857456,0.7565383,1.1429474,0.8513042,0.07590321,0.0,0.092517436,0.7800912,2.4190688,1.1180357,0.19211464,1.4941428,0.39592856,0.08742852,0.4821581,0.4731911,0.7079524,0.18828513,0.67636526,0.4506816,0.22480494,0.053458218,0.4102734,0.18105897,1.2351373,0.006760949,1.6283547,1.2637608,1.1765437,0.91319054,0.5489921,0.2900055,0.34428507,0.71364033,0.23204513,0.5695742,0.8933269,3.0543947,0.11230429,0.15890872,0.32658663,0.20033668,3.384013,0.9689429,1.2335091,0.2777396,0.008322974,0.18320255,2.5951357,1.330544,0.16616541,0.22348225,0.20136797,0.5698146,0.55055237,2.7757263,0.6196645,0.33705544,2.1039686,1.8157816,0.2343379,0.5986728,0.8521705,0.83154714,1.1221958,0.068999924,0.66596717,0.14714436,0.96100724,0.58360684,2.2659824,0.0012225225,0.8003144,1.0731475,2.1626246,0.48076302,1.1622992,0.16122296,1.1565577,0.30661753,0.27507263,1.3052073,0.46178174,0.56975275,0.0127891265,0.13829994,1.6626796,0.6353394,1.9180901,2.3850305,0.40275666,0.5029555,0.29017046,1.1578116,0.5956251,1.1866945,1.143588,0.3152165,0.00032392037,0.32663488,0.7302598,0.28059426,2.688392,0.11084697,0.08823541,0.23702776,0.044124,0.5810789,0.03131819,0.121403515,2.0978072,0.31107202,0.20119238,0.63500804,1.7049814,1.4953762,0.40151966,0.50712913,1.3102193,0.0088116415,0.8081042,0.26923096,1.5817447,4.529402,0.738612,0.6252399,1.008786,0.56719553,0.19439259,0.09463524,0.69266087,0.23956893,0.073635064,2.004471,0.0,0.46862417,0.38777336,0.23159513,0.7023704,0.061844736,1.0686452,0.839546,0.62120724,1.2079718,0.12784502,0.016457258,0.9260842,0.39155596,1.0657308,0.9580308,0.19540659,1.3807871,0.08655136,0.57687205,1.9532865,0.13039935,0.52306396,0.60826474,0.29432532,1.8280661,1.3871132,0.51586497,0.53639853,2.1258924,0.40614447,0.7379804,0.30667582,0.25570416,1.6722759,0.29145592,0.002637133,1.7650503,0.6220275,1.2471325,1.274754,2.0761094,0.4176037,0.31296298,3.7146692,1.0643313,0.5130152,0.011203842,0.18654665,0.6996392,0.40278196,0.18398635,3.1186173,2.0139546,0.6555472,0.19869614,0.040551838,0.5170807,4.472755,0.34666768,0.600695,0.0128663,0.39272657,1.0471141,1.1393274,2.1214123,1.834919,0.24393338,0.43140516,0.103244,2.5414813,0.05069326,0.08452124,0.6148267,0.45511082,0.12923937,0.9969191,0.3044134,0.9154574,0.48316917,0.4587713,0.23626049,2.1803598,1.047265,0.8701704,0.8446612,0.76584506,0.041313697,0.9232896,1.6348497,1.4992297,0.26690412,0.05800505,0.80203116,0.6719751,0.80740356,0.047886766,1.7558192,2.2340958,1.1705898,1.0959349,1.2171991,0.30503872,0.63002545,0.42029315,0.27274358,2.4873972,0.21490653,0.32740432,1.8477069,1.1099865,0.20758927,0.028442888,0.2811333,0.016298888,0.06956196,0.1146478,0.2783551,0.91877013,4.9477315,0.43452266,0.56009305,0.31322005,0.18125798,2.294229,1.0281447,0.8428208,2.790204,0.5315377,0.59729075,0.7013406,0.79992914,0.28454086,0.5313095,0.017935399,1.1540972,1.5258465,1.8584429,0.34462902,0.26762536,3.1153116,0.68193287,0.68061244,0.0010522245,0.067995094,0.018820371,0.50774753,0.44787169,0.43240628,0.2917931,1.3012233,0.9643889,0.4178929,0.14546691,0.13935623,0.16139084,1.4948437,1.0821812,1.0283077,0.5239002,1.1800902,0.42182967,0.3059897,0.6437421,1.0680989,0.07992672,0.10849191,0.20300484,0.407095,1.3391163,0.9686577,0.7108463,1.4913516,1.4435202,0.47415063,1.0347426,1.3078704,1.4922683,0.70116764,1.0928304,0.34563375,0.893877,0.8254684,0.67633724,0.6370245,0.17322396,0.2491422,0.16980661,3.5659926,0.7265412,2.7704866,0.1594571,0.32419205,0.28224176,1.5395747,0.9271271,0.5639097,0.72238266,1.8159584,0.7409439,2.3055851,0.31835473,2.1056376,0.520458,1.0101762,0.038447116,0.96916556,0.05723963,1.3669631,0.35466817,1.7848587,0.44189367,0.08403425,0.42143786,0.97360057,0.7229969,1.6484177,1.5337774,0.0939046,0.015077529,0.0,1.8063158,1.4653065,0.04685459,0.2418382,1.20565,0.6504363,0.08475591,1.0247815,0.61649895,1.1241652,0.5365959,1.080354,0.44929075,0.28641695,0.23528843,0.13061185,0.9913231,1.0850195,1.3347595,0.33790168,3.9655747,1.53505,0.24958485,0.7297561,2.734024,0.13420263,0.1916537,0.3296808,0.26853535,0.24482647,0.040124964,all_pothole_images\pothole_images_optimized_image_4.jpg
1.1003878,1.4288838,0.038494084,1.9835271,0.015835369,0.44573358,0.8573518,1.1849034,0.4288774,0.65640575,0.7227099,1.071433,0.011056513,1.8234437,0.044579525,1.5821382,0.16936329,0.014488047,0.81867886,0.029718697,0.07917982,0.37939486,1.0007865,1.8748766,0.31164697,0.009982597,0.11760429,0.60122734,0.5029738,0.6958595,0.12521116,0.0026444038,0.80628103,0.21959083,0.110903166,1.2343256,0.53436786,0.08214892,0.86114043,0.5178816,0.335098,0.43807277,0.3743636,0.7181855,0.4997926,0.04858198,0.4525343,0.11938936,1.4875275,0.0,0.45923316,0.19172968,1.3263865,0.0030160367,0.71340394,0.6994161,2.2144103,0.30810255,0.678124,0.6995182,0.0,0.15491258,2.1539183,0.41803643,0.4019785,0.2593385,0.6712706,0.017600333,0.02518024,0.22266525,0.2054914,0.29501036,0.14264281,0.14386772,0.08722889,0.76063704,0.19762564,1.0785065,0.017175153,0.45971787,0.12488103,1.5264078,0.77107406,1.5107509,0.19314995,0.5074315,0.12801707,0.06657668,2.1719456,1.1195217,0.053584177,0.43060723,0.058495432,0.93899333,0.4643285,0.030152353,0.53126997,0.7142343,0.17052151,0.18027739,0.046641205,0.2157098,0.4670878,0.95132524,2.599222,0.08928974,0.38200256,0.13577336,0.67608184,0.6404789,0.19520678,2.6474216,0.2239984,0.75036734,0.23663181,0.055201404,0.44904193,0.3599587,0.5553352,1.1266072,1.9221095,0.7257357,0.0007363757,1.2130603,0.09190747,0.9047571,0.341395,0.23487443,1.2210959,0.1385598,0.100649044,0.08940086,0.027644558,0.82162917,1.4765142,0.06957958,0.18753581,0.6806469,0.19609194,0.71345425,0.0023856503,1.0076371,0.8385849,1.1977011,0.11330046,0.45710722,0.07461899,0.72881407,0.74743384,0.3612438,0.74991465,0.113086194,0.6180674,0.34387365,1.1301101,0.76327515,0.427443,0.8078647,0.065926686,0.31306094,0.081228964,0.5959656,0.031749833,2.7006443,1.6858474,0.39189917,1.9264294,0.78621763,1.4653147,0.8536415,0.00023377516,0.0091106035,0.30013812,0.16826746,1.7028372,0.49645036,1.6876625,0.26422665,0.034170628,0.049276844,0.009412369,1.4289837,2.3603792,1.7464236,1.1330075,0.43995202,0.042300735,0.60694975,0.5977571,0.4376146,0.48998109,0.055748925,0.6394563,1.7930669,0.37909883,0.286514,0.36978024,3.814915,0.47623914,0.5981044,1.0902888,0.97139645,0.19401293,0.12709053,0.7004617,0.24063441,1.2727872,0.20740086,1.8927996,1.4544499,0.0,0.40494666,1.0362818,1.161425,0.3414994,0.5734791,0.62122345,0.32797858,0.79870945,0.4258048,0.22251311,0.093844555,0.38981426,0.87090313,0.021882927,0.09693824,1.8778148,0.0,0.9254902,0.02315125,0.062335014,0.04314618,0.4664751,0.088373825,0.12649646,0.15201837,2.4194598,0.6100647,0.39312226,0.055328585,0.79690224,1.0766634,0.34021533,0.07569292,0.20074227,0.06874426,0.84157526,0.100011475,1.3361869,4.729266,0.7466949,0.13376117,0.018609937,0.2673659,0.37344927,0.038553897,3.2536209,0.28057396,0.39657244,2.199941,0.3037289,0.20158961,1.8489144,0.23036717,0.12889545,0.94989806,1.2403208,0.20494844,3.240553,0.016608432,1.0989181,0.00010358269,1.4021748,0.23557281,0.73044556,1.5869828,0.7954535,0.72980857,0.34868613,0.54323345,0.2953041,0.15335636,1.2389485,0.5013583,0.8418551,1.0312135,0.24893299,0.5213366,0.26695266,0.018148646,0.027872737,0.54411805,0.40515575,2.172357,1.1520997,0.7671923,0.67077315,0.56129086,0.67823744,2.0128274,0.115530446,0.06611332,0.00047958482,1.0241605,4.796939,0.2401151,0.08145456,0.18340655,0.80557334,0.13303375,0.0,0.3627415,4.6435823,0.6139716,0.2773932,0.65491307,0.13927397,0.77815497,1.1130697,0.6171448,2.0031626,0.21258296,0.036233313,0.016672244,0.6726578,0.108031094,0.4838777,0.37516135,0.6984045,1.4204485,2.203843,0.06262482,0.03820157,0.037999757,0.07040752,0.37306798,0.99962133,0.008900603,0.70448256,0.060988873,1.0952871,2.704223,0.9208057,0.78054386,0.7292115,0.037913453,0.27599564,0.12376283,0.1051662,0.392606,0.46336588,0.304295,0.76255655,0.21778008,0.5137632,0.002423044,0.056107618,0.3431415,0.09249455,0.050147474,0.3886196,0.2980153,0.27647832,0.3087289,0.06848562,1.3450416,0.7987412,0.1103651,0.61344945,0.8918659,0.17444861,0.82555294,0.2678478,0.22562002,0.4553696,0.32724038,0.5672023,0.28330284,0.17208473,0.48946634,0.08725242,0.30291057,0.9602891,0.23882806,1.0235914,1.1740701,1.9709077,2.6104686,0.034300152,1.5288712,0.5941129,1.3583227,0.38658234,0.15496248,0.0,1.7137797,0.630426,1.3033724,1.0403676,0.030116402,0.63035196,0.49353948,0.82815427,0.28366223,0.94631255,0.025914455,1.0529746,0.6129368,0.2137137,0.9279905,0.017219871,0.1722409,0.29255602,0.13690661,0.08952485,0.0,1.5803465,0.9413699,0.103328966,0.06717004,0.23373699,0.5600651,2.6680045,3.1973047,1.4934895,0.59257007,2.2241738,0.14359279,1.1217959,1.0118514,0.86950254,1.5862021,0.022732735,0.20258829,0.019402862,3.3398519,1.1230905,1.009921,0.03376377,1.1510996,0.049160898,0.35953692,0.70874476,0.0,0.4458423,0.041069128,0.8213135,0.09631962,0.10619816,0.77816707,2.1657298,0.24083853,1.3330215,2.6841495,0.7060484,2.097786,1.4824163,0.65940815,0.31732818,1.4068911,0.2512147,0.96283454,0.6771276,0.38042837,1.2062548,0.17476505,0.21555962,0.08685085,0.07663838,0.2700036,1.4175701,0.19812562,0.6657489,0.05448514,0.26907068,0.41967276,0.17130908,1.0782689,0.45375487,0.6510362,1.4045379,2.1357255,1.4536203,0.8898197,0.029692898,2.1757064,1.5875026,0.11194846,1.1069475,0.12989758,0.85730743,1.714548,0.027981332,0.0,0.4892843,0.096307926,0.66621006,0.007790769,0.024757246,0.37233752,0.09912116,3.2848513,0.41809908,1.128898,0.29709297,0.53368175,0.3142192,2.4778721,0.46340784,1.419708,0.81711566,0.6454459,all_pothole_images\pothole_images_optimized_image_40.jpg
0.014763733,0.051914796,0.04244076,2.1634223,1.0628655,0.21376942,0.0,0.027168516,0.261281,0.07109718,0.9334034,0.00051912264,0.41510555,3.3300233,0.01796361,0.24596074,0.37989008,1.4568982,2.5611522,0.013288351,1.0336304,0.2447187,1.81029,0.3980591,1.9626995,0.0,0.3889213,2.1022577,0.016220942,0.0,0.318541,0.0,0.011581083,0.6775838,0.08857838,0.70488995,1.2449098,0.9694537,1.3277476,0.13450186,0.006313201,0.0044855243,0.41108114,0.124596246,0.06078612,0.1578824,0.123856016,0.7984205,0.19098946,1.0785351,0.33870736,0.17359063,0.35766885,0.13554893,0.06305577,2.1084218,0.0016185428,0.2379078,0.003306862,1.1173888,0.2888156,0.0022124122,0.23185433,0.36829337,2.987219,0.54951555,0.43670684,0.032471325,0.12895192,0.0013733186,1.3234097,0.05804282,0.16540724,0.0,0.21800023,0.0,0.17939733,1.2430282,0.0026081193,0.2846865,0.0,0.72640187,0.26381674,1.4046015,0.017630568,0.0022713188,0.092423834,0.04412613,0.54612726,0.21332863,1.0636777,0.12883484,0.22431484,0.34111148,0.26865673,0.04075369,0.40015087,1.0983291,0.20838824,0.60316265,0.16962641,2.7845776,0.0,0.0,2.1439407,0.089580834,0.0821706,1.2076622,0.49466446,1.7557198,0.5052861,0.0308111,0.0,1.651224,0.14011149,0.00041972735,0.021906856,0.57064676,2.205479,3.0004377,1.5146669,0.050301105,0.034854393,0.64035296,0.1315217,0.29445845,0.010303142,1.07538,0.3090749,0.09528553,0.06937894,0.5055135,0.04294914,0.40623036,0.34658766,0.70867896,0.98427004,0.5508012,0.12510344,0.64439183,1.3958743,0.006117547,0.0,1.4605865,0.020001063,0.4308294,0.0,0.12719847,0.085069306,0.046543956,0.02338686,0.52556014,0.22430153,0.1869013,0.58721143,0.43343112,0.27161208,0.71696144,1.0220029,1.4985031,1.8772631,1.7257767,0.04924175,0.6981171,0.0,0.68348926,0.93633485,0.10935142,0.06769809,5.852802,0.068898626,0.046602335,0.008447488,0.0,0.022467121,0.051291183,0.4262286,0.14831457,0.00021697732,0.02175413,0.0,1.5912234,0.124449685,1.0423703,2.1908338,1.7043443,0.525146,0.046989493,0.47543895,0.0077631455,0.1865068,0.41394097,1.5218468,0.0013619523,1.976153,0.95561254,1.9972447,0.0,0.87920356,0.0,1.3231295,0.21777532,0.0,0.22189315,0.17529698,0.075443044,3.5065908,0.27460077,1.0135456,0.2906059,0.0,0.005632634,0.089567535,0.0054880953,3.6486125,1.6257931,0.0135263065,0.20908393,0.64667726,0.006043544,0.04799831,0.06911192,0.038955018,0.21158536,0.0,0.18823287,0.058057595,0.33204412,4.2500024,1.2162454,0.12577376,0.0,0.40380847,0.8347163,0.056001652,0.396033,1.4276674,0.25236803,1.1612668,0.06064372,0.026420709,0.07298612,0.4875008,0.228027,1.0702051,0.21642502,0.0,1.1853769,0.0,6.036874,0.8404827,0.0,0.0,0.9564308,0.40868402,0.016231958,0.23446314,0.67637706,0.0034884326,1.5873985,0.9066203,0.32574987,0.41402286,0.014372861,0.016259447,0.16985495,0.9204212,0.52679104,1.3362911,0.14067195,0.08748359,0.0,0.4225927,0.4746917,0.46679765,0.20540527,0.15396543,1.1579928,0.26338577,0.29681095,0.5522683,0.7980678,0.6140267,0.016008498,0.2541737,0.019518958,0.017792605,0.572878,0.1121926,0.41296,0.0,0.06338875,0.0,1.1906198,0.047777418,0.8597094,0.011309522,0.038073704,0.21819738,4.6614647,2.3931575,0.12618127,0.0032467258,0.103451766,3.3249748,0.00569676,0.36616072,0.06408726,0.30104414,0.024719853,0.21052593,0.37144515,1.7547069,5.331381,1.5756125,0.4357355,0.0,1.0857524,5.9340343,1.1642504,0.025688197,0.09074412,1.8789252,1.1835119,2.0347326,0.3341539,0.13376129,0.0,0.028236253,0.0,3.1770554,0.44284883,0.80582327,0.19708999,0.0020448035,0.0,0.9884547,0.8781154,0.27136928,0.8720847,0.06892512,0.0,3.0269876,1.2100906,0.61438847,0.6369532,0.039384224,1.3931977,2.3005457,0.13827059,0.18589643,0.07831394,0.004459421,1.2825272,0.40012506,0.023651553,0.0065359445,1.8498367,0.0658217,1.3678443,0.7084349,0.9390696,2.7269228,0.0010678495,0.1184944,0.16100563,0.0048988448,0.61035585,0.26206896,0.35141504,0.9492628,0.0068867444,0.088010274,0.07865095,0.022608226,0.009944997,0.023760803,0.32741407,0.90603787,0.19764827,1.3300351,0.0033030116,0.00046065115,1.8868486,0.06435438,0.44825876,0.23121327,0.06268382,0.052210905,0.28167245,0.2989085,0.0,0.017564598,0.294779,0.19287334,1.0992329,0.306455,0.34805593,0.27397057,0.06072695,0.7103656,1.4700663,1.6134746,0.04048462,1.0937926,0.14410229,1.7374303,0.18144481,2.14765,0.036117688,0.98841655,0.06381931,0.104196675,0.22076365,0.18449713,3.1026464,0.10342407,1.599312,0.1018856,0.0019671924,0.6134035,1.7176424,0.0,0.39007598,1.0308037,0.43663678,0.0042109657,0.14797376,2.8473666,0.6601586,1.3329645,0.11048028,0.03317439,0.19750102,1.8917412,0.9143298,0.91395545,0.9924132,0.1885891,0.41917443,0.9206937,0.0,0.0008816322,0.3172782,0.01701163,0.13348275,0.2460514,0.89413685,0.0340972,2.2260213,4.534244,0.027211329,0.5334353,0.02894845,0.0,0.7677237,0.26996517,0.013612635,0.11110643,2.018425,2.5909057,0.23325935,1.0094612,0.17501551,0.0031530096,0.12209692,0.10760564,0.41018644,0.4515148,0.4637835,3.0746572,1.1166178,0.0494184,0.046326656,1.6696075,0.0005714565,0.28283092,1.7959837,0.45780545,0.19542134,0.12323196,1.3302674,0.25477958,0.18715194,0.09048207,0.0,0.0,0.0,1.9853421,0.83381337,1.156015,1.5200242,0.05640013,0.51514125,0.040952317,0.16800432,0.0,0.10009779,0.044296406,0.40609095,1.1894821,3.4221354,1.9829254,0.35569164,0.9350607,0.8350883,1.6772578,0.2039359,0.31843567,0.09912892,0.043624945,0.033084176,all_pothole_images\pothole_images_optimized_image_41.jpg
1.1181834,2.2124612,0.39987564,1.6460726,0.14009339,0.59105843,0.5394995,0.0,0.34899116,0.40634376,0.45155653,0.28915232,0.49414894,1.4168156,0.20642081,0.30766186,0.36962208,0.10380565,0.5563995,0.36079165,0.46701473,1.6404495,0.23819026,1.5626768,0.8613782,0.32836175,0.81076396,1.6440082,0.1404394,1.0349691,0.83017313,0.10948394,0.6365912,0.27834797,1.2440943,0.015142422,0.23197663,0.6687135,0.004752632,0.80206984,0.0,0.16103588,0.114819445,1.3028076,0.63896674,0.008630388,0.12269685,0.17119427,0.027786927,0.20893164,0.24723473,0.103305355,0.8612109,0.17341246,0.4585607,1.9449612,1.8178287,0.481904,0.7774725,0.6222642,0.15663703,0.50116086,0.44918105,0.11525722,0.40028253,1.896257,0.5755528,0.5378196,1.0985372,0.7518082,0.55490494,0.93921584,0.7459695,0.3018463,0.24984893,1.1224205,0.38380298,0.39403623,0.039257158,0.41193968,0.23682152,0.4826814,0.053072486,1.6285992,0.601645,0.66797143,0.29273656,0.41995177,3.544617,0.22313595,0.4264579,0.25346205,0.77917403,1.1373532,0.008118838,0.098097466,0.38243452,0.70263124,0.9118946,0.76014817,0.042863138,0.59122825,0.23569982,0.9666166,0.47319272,0.72336,0.25363877,0.0167085,0.004335662,0.78348875,0.09666429,2.2984252,0.289714,0.4757392,0.40449512,0.96369296,1.9515241,0.09502234,0.32223767,0.0945529,1.1611049,0.39247486,0.67642957,1.1142235,1.125209,0.55483305,0.45375022,0.34329823,0.3318283,0.3863344,1.0101296,0.39991394,0.4518037,0.21465173,0.13412862,0.8705919,0.6223641,0.6706057,1.1845942,0.50459576,0.07503271,1.4785186,0.14245328,0.7493587,0.13873065,0.7426842,0.35226414,0.00804869,0.88731444,1.0238215,0.24780308,0.66620106,0.002262034,0.42373002,1.2430634,0.23339465,0.551218,0.16453674,0.535405,0.78748953,1.9674557,0.57751846,0.09156918,2.2504778,0.1861515,0.32769907,1.2066633,0.04432334,0.5483026,0.56635636,0.028914375,0.0056841034,0.33497432,0.5563479,0.7169408,0.16733176,0.92948484,0.020580087,0.13876611,0.55766577,0.3327826,2.046625,1.5435694,1.2557684,1.1685064,0.9269021,0.034793425,0.020652374,0.78392524,1.1558334,0.7531633,1.0372636,0.34686014,1.5079988,0.017175017,0.08071362,0.40424752,0.73397905,0.14376172,0.98247635,0.05823288,0.73276454,0.0,0.40185598,1.0960578,0.6123351,0.67575336,0.21600637,0.3226992,0.136538,0.22270496,0.4900856,1.2568412,0.23210381,0.9581772,0.94123715,0.62961537,0.32672855,0.5179315,0.06105525,0.82834375,0.09305243,1.1799957,0.8191415,0.6608414,0.77816653,1.0086787,0.41547328,1.4962265,0.0046219463,0.1802008,0.31538296,0.52107835,0.3588491,1.3637967,0.3699635,0.9444978,0.03067304,0.0028930677,0.0012967234,0.06662456,0.38522378,0.19145946,0.12517607,0.21528485,0.04761297,1.0385376,0.25797474,0.5692478,3.5094619,0.48113865,0.3059204,0.85783195,0.12345521,0.24173991,0.004065214,0.8900921,0.93864733,0.52212447,1.0165815,0.39778396,0.2938589,1.0641884,0.0054447833,0.46237794,0.41827375,1.1196202,0.42501467,0.6786718,0.53533053,0.9390307,0.002395369,0.09470524,0.07632109,0.3627737,0.6051183,0.6791865,0.26447147,0.63978684,1.1334219,0.43156746,0.14227183,0.78447556,0.05415941,1.2976052,0.46506006,0.47896576,1.2118115,0.706591,0.48229668,0.51487446,0.19590537,0.45102534,0.5398678,0.38611004,0.5188167,1.2276585,0.81699485,0.47770298,2.0239706,0.16203517,1.0070729,0.06048046,0.631497,3.8280253,0.2654823,0.011227624,1.0170145,0.450734,0.020695388,0.98775923,0.008159528,2.9415364,0.7567869,0.0,0.59592766,0.3442559,0.37334764,2.217068,0.43293774,0.0985499,0.30993295,0.038306322,0.24479765,0.9161687,0.68504643,0.45844167,0.53810173,0.8575217,0.6100933,3.132287,0.27769008,0.42824644,0.4190757,0.91510653,0.19095454,1.363385,0.643693,0.06250728,0.1297502,0.9661136,0.70392174,1.055746,0.33835986,0.26070535,0.6413168,0.16567746,0.53502387,0.009107864,0.36730862,0.0,0.82870746,0.85767674,0.62395155,0.16312075,0.35914427,0.41987342,1.0010626,0.1262124,1.2520427,0.15887259,0.04653036,0.08027134,0.31727892,0.0,0.4554257,0.91013503,0.18546632,0.17755498,0.23842587,1.3286815,1.1900561,0.5571486,0.06282604,0.9738286,0.80208546,0.0,0.4984126,0.5700572,0.34038076,0.22593614,0.4917528,0.21758272,1.5851537,2.4252975,2.3375123,1.2214413,0.4668925,0.07756059,2.5195694,1.5118853,1.043835,0.1485495,0.12808624,0.031781055,0.061086994,1.1706498,0.17046833,0.4821918,0.023818899,3.3256042,0.56336033,0.30171666,0.98420143,0.22538917,0.3507871,0.2822226,0.9427639,0.006570948,0.4651501,0.020388788,0.42805025,0.4627279,0.48097572,0.0,0.5702155,0.68221116,0.19822495,0.84399825,0.12726985,1.0948229,0.3288689,1.6558975,1.2430532,0.7337061,0.46731484,0.9387361,0.7675505,0.17476515,0.17809314,0.041840952,0.52080303,1.3602356,0.70254797,0.024708707,3.6619425,0.60403746,1.0673163,0.12359441,0.23769978,0.64705807,0.05168592,0.12990882,0.6646774,0.22912708,0.016156642,1.094287,1.0082166,0.4556603,0.3966711,1.5178702,0.47076645,1.4641342,0.7089925,0.1755665,0.51660496,0.18031988,0.567848,0.13789093,0.7358529,1.2109885,0.123840846,0.06305104,0.24772346,1.1437663,0.38034898,0.6485952,0.17485747,0.29994035,1.737219,1.2715166,0.64757305,0.061591346,0.15872179,0.46572876,0.3459374,0.20318952,0.6578506,0.2615894,0.29893315,0.8999741,2.0281448,0.7244848,0.9879588,0.0037424173,0.6013295,0.36711693,0.46391654,0.7777936,0.046847876,0.88547593,0.8946638,0.3098785,0.0056421002,0.11756449,0.1598204,1.0056597,0.008979951,0.22106005,0.19387859,0.38111916,3.159094,0.6308253,1.0240886,0.12341061,0.41260046,0.12396132,0.67044586,0.5446287,0.38686296,0.13612013,0.122208655,all_pothole_images\pothole_images_optimized_image_42.jpg
0.1790324,1.0110098,0.026551312,2.765075,0.40905043,0.090843976,0.32126313,0.0,2.1955188e-05,0.7189057,0.06343276,0.79315543,0.43672296,2.1805506,0.1908616,0.11526572,0.04430119,0.98407125,1.4494567,0.04675969,1.4880993,1.7961687,0.28694737,0.033317246,2.5831208,0.6624793,0.45198596,3.647807,0.252093,0.049175743,0.2998511,0.010237918,0.12738091,0.13171592,0.35262725,1.408099,0.28694895,1.4641451,1.0448649,0.023996584,0.0,0.9951281,0.19389516,1.2108444,0.89867,0.029582338,1.0313318,0.74077815,0.04218874,0.0030964657,0.29300097,0.19578202,0.21317263,0.0031259928,0.0890418,2.0812595,1.2629545,0.05156989,0.03243337,0.13943245,0.78723973,0.19163623,1.5416547,0.44677824,1.0430655,1.3165535,0.252472,0.020992747,0.03148244,0.37674376,0.342843,0.19218998,0.0274158,0.09295028,0.09754932,0.04676797,0.16678183,0.53713363,0.0,0.24677162,0.5603935,0.056691375,0.34132275,1.1123525,5.0959727e-05,0.0,0.08436776,0.0,1.967443,0.12462603,0.060353357,0.4157185,0.11839937,0.041627422,0.09443675,0.0051227394,0.95470566,0.22445951,1.2804885,1.3640097,0.07345432,4.385369,0.12701923,0.0009288767,1.3866992,0.0,0.53834635,0.2995948,0.0067948466,0.27217197,0.5832825,0.62633395,1.8166753,0.19450845,0.8280046,0.10130246,0.0038399526,0.19462897,0.3876412,0.7828654,2.1959476,0.0011699954,0.31208426,1.5962471,0.8140557,0.32467878,2.3254073,0.0,0.7774113,0.39449406,0.031829953,0.20273025,0.0,0.17709644,0.80089146,0.4917893,1.3311652,0.28659803,1.3908118,0.117469504,1.9813392,0.21907832,0.23535506,0.7717529,0.14393902,1.6873577,0.263234,0.39628187,0.22086787,0.005528108,0.37531114,0.770915,0.0041571106,0.09507251,0.25796252,0.2422863,0.27828234,0.18464158,1.04893,0.46079502,1.6638806,1.3379896,0.23959829,1.2513348,0.69831985,0.8537934,1.7565196,0.24072242,0.92880464,2.1167262,0.50678074,0.2361426,0.20950337,0.96693885,0.010793718,0.21493094,1.1189728,0.3955785,0.03438512,0.08475113,0.30615836,1.3539954,1.2348381,0.09961737,1.8363094,0.012281407,0.6532841,0.6304671,0.07062405,0.49515575,0.17246592,0.68770003,0.06380444,1.1760017,0.6262984,0.03513124,0.7616797,0.099372655,0.31839123,0.53454363,0.2525138,0.9847111,0.31602886,0.36077157,0.15878357,0.013422887,0.34411547,0.0323161,0.664046,0.59230983,0.0,0.0753179,0.65548104,0.06098694,1.6548976,1.0290008,0.14904018,0.32119247,0.13511154,0.03333324,3.8960524,0.0,0.05052468,0.11498678,0.0,0.08156124,1.0076687,0.2583452,0.8186239,0.43758547,0.09922041,0.5229704,0.38065517,0.25926304,0.07980624,0.03546976,1.9000983,0.09823373,0.1385175,0.79478806,0.017818404,0.034018736,0.33115643,0.1042026,0.17517179,0.0049896245,0.0050617238,0.12452018,0.48843256,6.7768755,2.4617712,0.23874919,3.95681e-05,0.04624099,0.0,0.15961249,1.0049758,0.42275804,0.82065713,3.7994285,0.15702887,0.25680858,0.21207188,0.2872184,0.009270225,0.19372977,1.1692774,0.2914362,3.1424122,0.2789683,0.10387216,0.008239459,0.5590577,0.104064785,0.29493427,0.50430197,0.0,1.8597338,0.4225548,0.67861444,0.6649645,0.030002993,0.12915464,1.0366938,0.48535755,0.17541558,0.8427498,0.14009275,2.0240362,0.027307816,0.0,0.18283032,0.040480006,0.38696086,0.12335136,0.34197903,0.06454921,0.33639914,0.19997561,2.409777,0.39260265,0.14736392,0.0,0.022072585,5.3918853,0.040658932,0.04083859,0.0,0.11922074,0.3737549,0.23632294,0.84985024,0.82215154,0.8342845,1.7671615,1.8610575,0.020252025,2.2765632,3.2448,0.44081503,0.0068758777,0.0,0.4092005,0.38109857,0.5338329,0.2805746,0.36544245,0.069916055,0.7081864,0.5360968,1.4106771,0.2121102,0.104215905,0.35208064,0.015534335,0.0,3.0279715,0.88698643,0.82984126,0.8750026,0.09021473,0.13145167,1.6619842,0.84636676,1.5484217,0.59780437,0.5876326,1.2950046,0.9032851,0.10004407,2.4767199,0.00795051,0.33073246,0.33406198,0.062133458,0.0019447913,0.08682576,0.91793174,0.12850837,0.01096751,0.48891613,0.52464,0.5963681,0.498669,0.0,0.0,1.2403203,0.116054446,0.097443484,0.17980514,0.543039,0.04124545,0.34323898,0.020430317,0.043442354,0.25086406,0.026033306,0.00616357,0.69434184,0.11282093,0.61001456,0.004594331,0.06484343,1.2848318,2.4150324,0.14941867,2.5865898,0.002339854,0.0031045184,0.61220723,0.8914159,0.0,0.0,0.48788723,0.04845621,0.016078424,0.086330004,0.0414317,0.0075130826,0.23127317,0.4180926,1.5494808,0.14779153,0.47537002,0.7905824,0.61124706,0.84764826,0.397812,1.0252835,0.35350493,1.323464,0.09377255,0.0,1.7600492,0.5342872,0.94632596,0.25152588,0.7321276,1.1151962,0.052061535,3.6898,0.067835264,0.20760785,1.6710887,2.9243133,0.0032483647,0.13752466,0.948155,0.5998852,0.05310271,0.42543426,0.038917653,0.0,0.28261307,0.57936096,0.9164974,0.069724336,0.6132301,0.00010088549,0.122131996,0.51363033,0.74793214,0.015006006,0.0072800466,0.04277466,0.0,0.6769199,1.6189989,0.30853423,1.4541523,2.2811792,0.43913653,0.80376625,0.1279201,0.11032154,0.37789902,0.590522,0.0012627624,0.08828536,0.05261905,2.3196168,0.0060032317,0.3537591,0.046055507,0.46773583,0.50053746,0.0011827693,0.0,0.3016007,0.8359549,0.61954623,0.48000392,0.12501082,0.2111788,0.30822524,0.058419008,0.8496483,0.8561747,0.4722176,0.03610933,0.098056264,0.7533247,0.94896775,0.42028964,0.0024703112,0.1785473,0.20237869,0.009167359,0.2884319,0.23647736,0.32134452,1.7386605,0.0,0.40993723,0.0,0.07837517,0.47235286,0.03425161,0.33549443,0.0,1.2099204,1.3035619,0.041065693,0.46566474,1.3812587,0.64407814,0.78370214,0.25643793,0.14557922,0.101883166,0.06023295,0.2816383,all_pothole_images\pothole_images_optimized_image_43.jpg
0.48193273,2.8690848,0.43827063,0.7994968,3.37471,1.1090692,0.091091365,0.090574846,1.1122398,0.8716731,1.269056,0.9721673,0.43694732,1.8621402,0.40065238,1.573661,0.93459016,0.47823426,0.5301798,2.0026572,1.1358908,3.6072748,0.46186107,1.0961542,0.016860273,1.3920463,0.20038293,2.5133317,0.035756975,0.7684049,0.90712523,0.12733391,0.18383843,0.29346028,0.7984836,1.9410677,0.65746355,0.12564808,0.7788049,0.5902719,0.124616876,0.23058836,0.1512457,0.6816668,2.5453374,0.26606268,1.1352471,0.64787173,0.65745693,1.389998,2.4611788,1.018262,1.0361812,0.94564664,0.2315415,3.4756076,3.2818758,1.3656994,1.8834348,0.26459998,0.41551313,0.7169342,1.4349498,1.4328878,1.1633292,1.1115704,1.394733,1.3976603,1.0426044,1.7793968,0.04754876,0.49917212,0.36386183,1.2523559,0.81972283,2.017782,0.1790896,0.9297404,0.09201242,0.26271266,0.6161413,0.2667284,0.25899035,1.8560784,1.024441,0.0,1.0678484,0.76809704,2.6427655,0.409859,0.7255688,0.9996511,0.59564376,1.8148358,1.1280135,0.7271724,0.32528996,0.27502915,1.0811855,1.394424,1.3413762,0.742394,0.120376125,2.0331535,0.69075596,0.71168983,0.045096148,0.08786902,0.3174909,0.7383008,0.6455373,0.49047005,0.7353967,0.05101551,1.123968,1.989321,1.4720479,2.5273752,1.104586,0.6651281,0.91175854,2.759113,0.32566172,0.14841759,0.22440806,1.1720947,0.61369056,0.18852367,1.1027727,0.5945831,2.83662,0.5580917,0.98365444,1.474198,0.93453306,1.0644215,1.2750051,0.674803,2.2665088,0.16514374,1.6818962,2.840574,0.41428408,2.2757463,0.34995872,0.42628103,2.1111186,0.31848216,2.0839062,2.8421426,1.060977,0.49612606,0.4624319,0.13276361,0.8999332,1.159367,2.0007877,2.869231,1.3951967,1.1232502,0.85827035,0.022462815,0.8190173,4.958963,0.46406397,0.54556,1.77831,1.8109163,2.2677994,0.16039997,1.3290081,1.3702272,1.0594286,1.8130994,1.0885099,0.9094989,0.62001175,0.2835564,0.4770113,0.23453929,0.4276689,0.050006475,0.6348237,0.25575206,0.45072657,0.25124034,1.3221639,0.74033076,0.11921413,1.2535893,1.6518891,4.3775134,0.38136598,2.7767265,0.9526073,0.12040612,0.195777,0.3940309,0.2196037,1.5723709,0.605399,0.37678596,0.9810143,0.12087775,0.594653,1.0687085,0.3840346,0.32563967,0.44336474,0.3871491,0.24075402,0.8071461,1.4495388,1.3477526,2.1994185,0.48041838,0.7016058,0.43477994,0.8335551,0.6645791,1.2344418,0.1867269,0.5460006,0.4079491,0.45427108,0.6113225,0.51830846,0.2785993,1.3834702,0.0,1.1080714,0.6652614,0.7963595,0.37113866,0.5539889,0.25537616,0.9109152,0.05306312,0.12508044,0.2618128,0.4494407,0.7810208,0.84147143,0.6971964,0.86414504,1.02817,0.9855457,0.20249268,0.6483429,1.5892807,0.6977148,0.39242998,1.591302,1.4101765,0.8383822,0.82870895,1.6763169,0.81173605,1.0945501,0.20346944,0.8694384,1.6865987,2.0448847,0.14721642,1.4794884,0.544822,0.5442902,0.51081824,1.0068216,1.0117085,0.9680626,1.2166654,0.3323752,0.058564115,0.5733377,0.52887714,0.51560557,1.2625842,0.95977336,0.0056500104,1.9878535,0.8176505,0.4644808,0.9416192,1.4168012,0.6291093,0.30939895,0.61045235,1.9336591,1.8323921,0.2876228,0.06306302,0.5576546,2.056743,1.4424524,0.76482093,1.6444982,1.8788335,0.54188114,0.92643267,0.17001413,0.20385112,0.14360955,2.469411,3.775969,0.15849823,0.5987114,1.7656561,2.5762959,1.2024058,1.2550462,0.102935396,1.987051,1.0423627,2.563325,0.6986624,0.32614467,0.19997318,1.1260834,0.14836316,0.6792393,2.3652813,0.05862991,2.355924,0.6842921,2.740447,1.1717515,0.731192,1.2975787,1.9883584,2.1802561,0.8991228,0.71912444,0.18976758,0.543477,0.28595847,0.38086015,0.4385829,0.26543754,0.2546959,0.75571984,0.8428396,0.62018913,0.049027395,1.5525634,0.6156798,0.89141846,0.088457525,0.7268633,1.0660173,0.12844077,0.43647337,1.1321673,0.8395055,0.38375932,0.025191458,2.294117,1.2894318,2.4083672,0.4699026,0.47194892,0.6532103,2.566687,1.6198727,0.6672188,0.83981633,2.162142,0.07793146,0.6924236,0.21481887,1.069198,1.3446844,2.6799178,0.75045115,1.0315546,0.6450007,0.56585133,0.047913425,1.166707,0.60906,0.20223084,1.2784206,1.3664709,1.593633,2.9283228,0.3778829,2.013339,0.26404405,3.570963,1.1317964,1.4002856,0.39043972,0.40341675,0.17060675,1.3866873,0.030233972,0.9194463,1.9785228,1.5813991,1.076839,3.0070708,0.9755868,0.07855873,0.77032,0.16035098,0.0015539564,0.90432024,1.2219802,0.4938225,1.3044637,1.647372,0.42817235,0.90995026,1.0769556,0.7038292,0.822731,0.95005924,1.6835614,0.6284539,0.2519806,1.0769984,0.99727774,0.8599386,1.3000839,0.758073,1.5659052,0.40583855,3.202643,0.07444952,1.7637401,1.6210096,1.2133052,0.2972583,2.477297,0.016513212,1.0166869,0.52736217,0.40995258,0.5923041,1.969483,1.4766703,0.12356108,0.49709684,2.2151525,0.4125426,2.695505,3.6744318,0.8004211,0.27060252,1.0103037,1.3046505,0.13681324,2.0503833,0.19143924,1.0189959,0.609798,1.7555252,0.30837876,0.004535733,0.16890958,2.6758876,0.3519138,1.3236878,0.7108877,1.7141299,0.6294072,0.9636847,0.38553065,0.56453586,0.6351825,1.6079559,2.5580976,0.8861019,0.31174114,0.7913371,1.61541,1.1274515,1.1896278,0.45260063,0.7018377,0.8680334,2.9737716,0.27265885,0.7551109,0.20884831,0.22919638,0.2597321,0.04340627,0.042123638,0.74507177,1.3100495,0.676055,0.5011602,0.09405311,0.6085295,0.2843224,0.41259226,1.7201133,0.48110175,0.45781046,1.5932137,2.2796066,0.34647968,0.44715616,0.91887796,1.0498335,0.0,2.2031207,0.80740625,0.6571076,1.53192,0.12520984,all_pothole_images\pothole_images_optimized_image_44.jpg
0.31748044,1.32948,0.036987714,2.0066376,0.77424353,0.68624455,0.7183978,0.48664528,0.09775255,0.36240742,0.23525625,0.39020947,0.7033003,2.4221919,1.3670956,2.2776191,0.1232132,0.31511828,0.39669028,1.8114375,1.3844138,1.0885676,0.6601537,1.1074585,0.7351542,0.31356052,0.4734932,1.5344869,0.7031959,0.23318361,0.65511733,0.1258597,0.020212047,0.3005155,0.55008036,0.55917877,1.3554622,0.8313846,1.0368934,0.26919356,0.5750258,0.6946998,2.3744848,2.0339868,0.88876736,0.9563572,0.6942524,0.0,0.3893145,0.002777056,1.92969,0.502556,0.0,1.6841972,0.24100311,1.9356203,2.1937144,0.18832982,1.1074398,0.71612686,0.128232,2.0295146,3.0048232,0.79549086,1.3012723,0.42582375,0.4678873,0.11880976,0.4003821,1.026231,1.6135204,1.1350179,0.21821392,0.95971566,0.28283024,0.9910663,1.6224035,0.9069519,0.022639265,1.5099342,1.2159632,1.4591901,0.22933216,4.1800756,0.12391543,1.0517399,1.6476452,0.17641312,2.0338566,1.0691987,0.0047890153,2.192095,1.3585491,1.9893146,0.28581408,0.96451414,0.6876171,0.88097113,0.93611836,2.4699771,1.2970921,1.8442166,0.16859704,0.0438858,0.5270102,0.33243012,3.0913067,0.87780684,0.51881653,0.04534785,0.404598,0.90109366,0.55636686,0.28047967,0.64060134,0.128411,0.49316126,0.07009686,2.482883,0.07113919,1.0193372,0.8504123,0.116706975,1.1343734,3.1657155,0.5680244,0.82463604,0.0018732867,0.104425065,0.0607015,0.2530618,0.1686544,1.456682,1.1434668,1.0830094,0.6947231,1.0806643,1.3231802,2.3746715,0.5327375,0.07307943,0.93383,0.06437879,0.45215723,0.25170493,0.46900612,1.6330507,0.0025589475,0.34961814,0.21745601,0.015787402,0.0358293,2.4096124,0.24415317,1.4192222,0.579245,1.3874613,0.38514027,0.59406203,1.0694047,0.5313816,0.81850713,0.7729039,2.6560664,2.4030323,0.37392908,1.8173586,0.36077866,1.8296233,0.5999023,0.9089682,0.38412783,0.38287237,0.09820786,0.5376871,0.005921803,0.32541412,0.474496,0.4394019,0.017141044,0.8785917,0.9626971,0.345061,0.29546824,1.7270489,0.70338136,3.1388798,0.9133609,0.49034742,1.6598737,0.44988257,0.286052,0.030818112,1.7045318,0.8539081,0.44388562,1.967449,0.22451054,1.9797491,0.039900932,1.1699488,1.3057514,0.5839173,1.0161448,1.1860713,0.0943839,0.023994723,0.05233206,1.2313677,1.1207402,0.30567402,0.12666559,1.8599184,1.2247672,1.3423818,0.6357724,0.20761083,0.3793312,1.2519078,0.94395727,2.0827973,0.073579565,0.92512393,0.043832794,0.41397223,2.2643483,0.5011165,0.27474886,3.6246817,1.3598075,1.8873979,0.83325243,0.9440021,0.21881029,0.013958376,1.0925828,1.703395,0.30477828,0.35828704,0.85965246,0.9123633,0.42149547,0.0076318923,0.050449297,0.50638473,0.091924794,0.9857421,0.44066048,0.047184087,5.0523815,1.3303005,0.31760284,0.82647806,0.040669322,0.2896137,0.8664149,0.26027325,0.4065871,1.2509214,2.976545,1.4141195,0.051346876,1.6332428,1.5317322,0.7415893,0.04913554,1.2718928,1.5238476,1.2369643,0.13723104,0.61016876,0.122111574,0.72762465,0.1401801,0.17176202,1.1014228,1.3071376,1.689724,1.8204495,0.5123488,2.0795033,2.934714,0.86315155,0.026716394,0.12709114,0.69628704,1.346307,0.77076733,0.4986073,0.96744144,0.83324516,0.22875255,0.92464,0.8677905,1.9295697,0.23748171,0.473552,1.0240021,0.009972906,1.5847104,0.68064165,1.0454363,1.330777,0.44332418,5.602806,1.4718058,0.69334006,0.0,0.25247216,1.6339595,0.6907102,0.21175894,2.9314494,2.5763726,0.30825043,0.3928988,0.9809695,0.74186075,3.1367223,0.39682618,0.9233697,0.5657661,0.09347747,0.7596091,0.63645554,0.26915553,0.44838366,0.92704225,0.13170435,1.9587052,1.3071299,0.19109963,0.088605784,0.009526477,0.64738286,0.5426138,2.1912956,0.52119994,0.5072813,1.1680585,0.5750424,0.8606751,2.28232,0.06528967,1.5813886,0.09693556,1.5197948,0.1394619,1.6070457,0.25783125,0.76826334,0.27954268,0.4922904,1.1092168,0.03441905,1.1362929,0.9617162,2.8417451,0.1943783,0.700612,0.6815059,2.4440281,0.00016042903,0.5814151,0.16509923,0.36142233,1.0165174,0.03067379,0.9854935,0.28046912,0.27104098,0.0212235,0.12354623,1.5846158,0.18023396,2.0211246,0.44088417,0.13423741,1.6461705,3.1979983,0.5618399,0.1163579,0.8891019,0.28322124,1.1787729,0.9826157,4.0821147,0.09926886,2.0330317,2.112649,0.620169,0.01641062,0.25034273,0.32195127,0.15823284,0.011550557,0.5543377,0.02840606,0.061235555,0.908624,2.1813009,0.8362878,0.87214565,0.25622776,0.91357,0.32294494,0.6849719,1.7152604,0.33301622,0.36503032,0.14755319,0.21864732,0.0066166907,0.5482944,0.9303866,0.42208996,1.3913524,1.5870624,0.22901969,0.7348774,0.7447679,0.96546376,1.0609419,0.35716742,2.7700377,0.5420064,0.76566124,0.056957576,0.84477013,0.015221324,2.8199396,0.8557865,0.7299346,0.18710311,0.081750885,1.5796688,1.5026078,0.33159038,0.7216504,2.6097414,0.27266863,2.5352263,0.7785305,0.28394127,0.49190092,1.5870097,2.9360433,0.034464788,0.14100528,0.3931065,0.90209174,1.3211374,1.1754158,0.041607965,1.2210495,1.100962,1.4563761,0.931289,0.9282214,1.1562524,1.331741,0.4634785,0.5877418,0.58922094,1.7651846,0.07110283,0.25518727,0.883041,0.21634479,0.11406552,0.13286223,0.16110615,3.2186415,0.013554161,0.74526525,0.4622938,2.1777089,0.24840711,0.014918603,0.21611884,0.28811517,0.9587105,0.75607437,0.16323349,0.04022116,1.0875068,0.39019895,0.42920634,0.8365477,1.3138907,1.0515352,2.3227863,0.894953,0.40626016,0.34500247,0.032609027,0.15440744,0.5556432,0.0066240514,1.4357803,1.051967,2.8870895,1.1748667,0.19439907,0.93393046,0.4178484,0.0057057226,0.7802346,0.35977495,0.3293344,0.51896054,0.67798316,all_pothole_images\pothole_images_optimized_image_45.jpg
2.975527,1.3924521,0.20506352,1.4355372,0.85150754,1.4865434,0.390108,0.0029294055,1.0029228,0.20220038,0.23968641,0.10823578,0.11034869,3.2923107,0.69508576,0.24226205,0.07854963,0.2721923,0.67538834,0.29668725,0.6191666,2.1579924,1.4202303,0.90556335,1.2822949,0.24471033,0.611313,1.4982103,0.20445387,0.6726482,0.1829171,0.4166535,0.84603727,0.060385548,0.40575534,0.06987662,1.886463,0.9471118,0.8333492,0.09340188,0.17007878,0.4512308,0.53219575,1.3314773,0.29317102,0.08761581,0.0717947,0.059377026,1.2450134,0.95337456,1.3265475,0.06723405,0.45443547,0.099197164,0.03698038,0.028278233,0.65367717,0.08562285,0.25907654,0.78541434,0.16890366,0.107923985,1.5040214,1.1782671,1.1856753,0.04422107,0.5763284,0.05856907,0.048619974,0.34477037,0.6885382,0.7122279,0.19421852,0.77168256,0.404326,0.5810697,1.5129161,0.8768364,0.2125622,0.06064453,0.9532426,1.0672686,0.2333038,1.8287817,0.41803375,0.46088815,0.30968797,0.07106009,1.5949788,0.0043257764,0.27457958,0.5565483,0.6665829,0.84800786,0.24313857,0.111941226,0.56427294,0.27730528,0.028152687,0.15243137,0.2585227,0.21128045,2.0745142,0.035276745,0.10992056,0.69312215,0.6211251,0.14061096,0.00022732385,0.9685499,0.60016054,1.6626792,1.01007,0.0,0.5735354,1.359461,2.297878,0.3633562,0.3513399,0.927222,0.69584405,0.08572214,2.740182,0.07788698,0.18737984,0.16089655,0.0018642809,0.27410677,1.297606,2.0905669,1.7609444,1.3013241,0.47637525,0.1827174,0.034072623,1.4043573,0.7279448,0.17144966,2.9653416,0.23533887,1.1836513,0.53357327,0.18987498,2.367731,1.0217485,0.20741504,0.7543332,0.119228534,0.23168725,0.46187225,0.33961043,0.581153,0.20547023,0.9603223,1.0263946,1.9526969,0.5173904,0.32098547,0.47186685,0.45963153,0.6134938,0.08472577,0.7342177,2.318815,0.54454875,0.008134907,0.9618033,3.4698215,0.29629344,0.5127391,1.229395,0.01867267,0.020560816,1.3530074,0.012646955,0.47119704,3.3912582,0.275098,0.3217539,1.286987,0.017329749,0.99747276,1.2192521,0.4526425,2.8589969,0.58159846,1.3267053,0.23219384,0.07411996,0.026995536,2.239075,0.051505886,0.18920796,0.07447335,0.3098069,0.2857953,0.6152232,0.43631566,1.7608488,0.7612475,0.11569783,0.1733123,1.1246747,0.7817561,0.37563568,2.4536483,0.18946795,1.369606,0.37836823,0.005824296,0.8750049,0.15413713,0.9583756,1.7281058,0.7755365,0.38621154,0.63620466,0.010959277,0.5712944,0.54756373,0.87652844,0.09568012,0.24566849,0.5667741,0.0,0.9506275,1.1526058,0.38252157,2.494061,0.839423,0.36840463,0.73096186,0.092205346,0.22633255,0.24403459,0.37959534,0.42186183,0.7602098,0.14590405,0.47051144,1.3173712,0.00621411,1.090392,0.10904625,0.08039617,0.040616963,0.7617035,0.8346845,0.9543485,2.203626,0.10635717,0.056324814,0.12276631,0.78450227,0.006045588,0.6102962,2.1492486,1.0382085,0.06794177,1.5824199,1.4970572,3.4788077,0.52763987,0.26081392,0.1964734,0.70506185,0.0711655,0.6073042,1.0339681,2.9639094,0.017634157,0.15599939,0.4449063,0.010974409,0.03960836,0.42408487,0.31843236,0.38212788,2.9147158,0.11304304,0.32631296,0.986388,0.98739547,0.043098837,0.7589612,0.38450813,1.0479499,1.521134,1.7622336,0.5386118,0.16489333,1.005181,0.44246742,0.23892798,0.06380572,1.313969,0.64230144,0.53852344,0.72860235,0.9593768,1.116442,0.57817495,0.0,0.09537986,5.406385,0.3235982,0.45570964,0.6409945,0.78158426,0.05075188,0.24882098,0.2799158,4.0763083,1.0259862,0.0054413364,0.15776664,0.09988259,0.1353742,1.8051636,0.9337319,0.036336917,0.31228685,0.53709394,1.0334356,0.43729147,0.0060610855,2.653928,1.6251167,0.1716116,1.3318441,4.0595775,0.9890483,0.25918558,1.7822965,0.15554743,1.3687184,1.1870071,1.4775537,0.26249865,0.0992852,0.2941027,0.9224518,1.4907069,0.35398233,0.107996404,0.0142548885,0.117588855,0.35857093,1.3856177,1.1507016,0.10590674,0.31049755,0.29801947,0.54982024,1.0646622,0.21388696,1.2370093,0.99424464,0.10094409,0.6845969,0.7092743,0.4496154,0.07960995,0.16352075,0.93062514,0.013493178,1.0727508,2.7583091,0.28534782,0.0756494,0.4675563,0.058243755,0.72862554,0.5411837,0.96479124,0.6928839,0.04892469,0.9249098,0.39106756,0.28231078,0.8069459,0.01968872,0.9028039,0.7015903,2.7221947,0.18291207,4.5258546,0.5817374,0.34879646,1.8983314,1.4174017,0.02659967,0.35597223,0.41938007,0.72054327,0.040816076,0.416377,0.276533,0.3463584,0.08335554,2.2518368,0.5864283,0.0497557,1.6586831,0.8276705,0.2773095,1.1199994,0.7656362,1.0689384,0.30015677,0.05405336,0.08800447,0.44695237,0.29512987,0.05301414,1.1063914,0.022138089,1.9252651,0.07643509,0.112670705,2.2782125,0.4331197,0.58905166,0.56791526,0.41416532,1.9892797,0.10637824,4.3044066,0.09568165,0.5350652,0.15522876,1.6259162,0.13986447,0.3913891,0.419949,0.87007827,0.30058917,0.59378064,0.07103176,0.1758957,0.9773021,0.1282779,0.09453635,0.09664701,0.068831705,1.5835228,3.1230524,0.043768156,0.7218425,0.16814546,1.2675488,0.9209427,0.43564212,1.0924481,0.20437306,0.03604465,0.91084445,0.069973566,0.08634338,0.4000567,1.903679,0.55299073,0.74967706,0.0,0.11524261,0.17636773,0.09938192,0.44394878,0.0,0.95715064,0.110926814,0.56563437,0.9289557,1.0458491,0.89110374,0.009050187,0.87117547,0.61905414,0.77584356,0.61318815,0.13743033,2.4540293,0.2511332,0.2490392,0.12181708,0.3150865,0.5537133,0.4262215,0.58676183,0.6715,0.6388766,0.15237708,0.6435325,0.46843165,0.0,0.08174127,0.20172326,0.34848738,0.03594754,0.17247587,0.57462907,2.1160817,0.63920134,0.5624997,0.26664752,0.16733469,0.49740523,0.68277466,0.07299673,1.4745028,0.011942041,0.17083201,all_pothole_images\pothole_images_optimized_image_46.jpg
0.68211323,0.07652143,0.10836742,1.0460817,1.2466214,0.46190408,0.5799868,0.0028875647,0.05129605,1.5445734,0.6197742,0.44848686,0.14942324,1.2228096,0.02962248,0.6971856,0.0075508365,0.29496157,2.067688,0.04466046,0.7040215,2.9972565,0.25061363,0.753716,0.57614326,1.1515409,0.36016926,1.6467209,0.5684836,0.037739057,0.091328524,0.67325187,1.1077489,0.15326083,0.094024986,1.4460444,0.5241929,0.4511053,0.409397,1.2085106,0.1004793,0.112136275,0.4001884,1.9666082,0.032205265,0.11738727,0.7049122,0.0997455,1.5592811,0.51045114,1.3890243,0.3120317,0.7139666,0.21661377,0.74103826,0.14045063,3.3052788,0.0,0.31570584,0.8520228,0.020732816,0.91628635,1.9818091,0.37903017,0.6444736,2.1046023,1.6822387,0.51733977,1.3029344,0.054156985,0.077058755,0.6591693,0.053495247,0.41097873,0.15463059,1.5436025,0.32059008,0.22094741,0.21650629,0.41485596,0.02984892,0.122007124,1.0114033,1.6603206,0.23487504,0.048653435,0.2588415,0.36980712,2.3983524,0.7697696,0.45894736,0.0038892867,0.031186532,0.19129233,0.109100096,0.006812821,0.99552345,0.57669973,1.025537,0.61391777,0.10676499,4.5731697,1.233965,0.43500507,0.6450927,0.16031815,0.1013085,0.67234874,1.3552547,0.7044884,0.04348583,3.877469,0.42999998,0.22265872,0.44540444,0.73319525,2.1390414,0.71779615,5.1797953,2.3799622,1.4837384,1.2832805,0.04196018,1.4705069,0.0,0.23611884,0.31486794,0.6861405,0.045264553,0.015810171,0.0014895464,0.16985945,0.49580282,0.075877704,0.025254685,0.61476797,0.0073880474,0.07649648,0.12335599,0.66609865,0.137827,0.19182517,0.35930988,1.1565456,0.11073929,1.3679404,0.14207798,0.22226635,1.3980936,1.095655,0.51563007,0.75535,0.14443636,0.15638898,1.549873,0.62355185,0.18676181,0.6487873,1.0289143,0.034125883,0.3329052,0.023513885,0.07198297,1.1140306,0.044732038,0.5192268,0.45778134,0.470142,0.5281296,0.3011083,0.31395155,0.09519588,0.39697906,0.045354255,1.1904038,0.029969353,0.6039038,0.00080537325,0.109870605,0.0070002633,0.26096648,1.8807945,1.9860597,0.59456277,0.81860054,0.5279778,0.556412,0.63715476,1.139434,1.3979723,0.20468058,0.009092722,0.18493897,2.4842489,0.17120875,0.20525402,0.40029564,0.61170316,1.3272753,0.08318638,0.00079299475,0.66998225,1.0693135,0.4774231,2.060729,0.029733762,0.11791338,0.26196375,0.57201606,0.15746768,0.33898175,0.04164423,1.1700486,1.7187942,0.3131883,0.09570673,1.35312,0.18920602,2.191268,0.04739008,0.7828075,0.08775496,0.65248525,1.1465795,0.34298128,1.0938139,2.120971,0.1171931,0.70772207,0.2967085,0.1900279,0.22043622,1.1959703,0.010935066,0.34785503,0.051171098,0.48516235,0.15660101,0.0,0.010993953,0.58822,0.1708815,0.011184122,0.15984225,0.13941692,0.008400639,0.81628364,0.42408425,0.4471012,3.2941458,4.422401,0.33163938,0.41780666,0.35437703,0.012676122,1.8470091,1.0571227,0.6817674,2.3473516,1.7749418,0.19196863,0.049287405,0.3203864,2.232004,0.5250127,0.75219244,0.037969045,0.12626523,0.03117357,0.17068407,0.21706259,0.6462618,0.010025758,0.53519744,2.9830303,0.8059432,1.1378261,0.2286922,0.3550278,0.3359047,0.44278404,0.8241272,0.0,0.11027099,0.38362813,0.08913388,0.5707012,0.8783365,0.18860438,0.33420083,0.43655288,0.177652,0.25480327,1.5537356,0.0019880105,1.3707415,1.3260462,2.7726007,0.0063533927,0.7300909,0.16542469,1.034813,0.2743254,1.4041226,2.6961608,1.119478,0.44123426,1.0488801,0.09938467,0.629752,1.7256668,0.7012236,1.9868891,0.97728014,0.36314124,0.3920497,0.3716341,1.820033,4.195665,0.32200703,0.4908487,0.70188725,0.3216604,0.01970133,0.5551834,0.4063973,0.1468941,0.3342302,1.0224888,0.23405352,0.14961033,0.6366207,0.15461293,0.3290185,0.010494067,0.829282,0.96145386,0.3398569,0.0027481948,0.056345753,0.3892581,0.9400473,2.0902958,0.027812283,0.34106562,0.051795885,0.11895501,0.16901144,0.68232995,0.4784757,0.34914482,0.13084802,0.38868764,0.1646644,0.4839391,0.2786861,0.18698388,1.0666053,0.7065183,0.53410643,0.021394588,0.018747771,1.1105801,0.2581396,0.100581676,0.38865903,1.2463149,0.7353699,0.09634178,0.12926681,3.116687,0.029121602,1.9168605,0.12501077,0.8789087,0.15508273,0.45629284,0.16984262,0.0,0.86488754,0.48934624,0.0,0.5663728,1.7818117,3.328051,0.6514532,2.5416024,0.0052264184,1.4681824,1.1271969,1.4224726,0.983814,0.23425321,0.3588747,1.2954111,0.04809187,0.27188438,0.017565385,0.79527813,0.03225477,4.3487144,0.87836033,0.44602087,0.19646399,0.47771567,0.10080426,0.06686767,1.2567323,0.24501257,0.18987675,0.290308,0.5983389,1.1251183,0.37685803,0.3967898,0.079227366,1.5958201,0.71049625,0.21215867,0.3153682,1.0227532,1.3871329,1.8117152,1.8337408,1.0199376,0.117004655,0.2808876,0.8597135,0.009999303,1.1448381,0.056306936,0.2581869,0.0010738273,1.2323014,0.4835539,3.8114498,1.375312,0.76325035,0.18821041,0.18864453,0.08602814,1.4735312,0.38693976,0.71175575,1.4695888,0.08762093,1.7986336,0.04913725,0.1077563,0.48466522,0.19405824,0.79240984,0.13337219,1.9088242,0.17537762,1.8060931,2.2224078,0.7066021,0.6149024,0.55839485,0.67662024,0.16907142,3.3866627,0.0,0.79255253,1.2752243,0.1775832,0.10129526,0.06564017,0.038130987,2.5975804,0.8504148,0.28535822,0.24471137,0.68719697,0.16302142,0.090862885,0.2471565,1.5966177,0.5960532,1.0053443,3.889742,0.6869425,0.072087854,0.009540806,1.2060297,2.3634486,0.3247685,0.7463883,0.005045338,0.95933026,0.7568161,0.36728606,0.031834546,0.30671418,0.38083616,0.75262856,0.12568502,0.15524083,0.24255082,0.2550716,4.067446,0.5078216,0.034768313,1.3373344,0.85077995,0.0,0.73849237,1.3747785,1.2248597,0.34299475,1.107956,all_pothole_images\pothole_images_optimized_image_47.jpg
1.2160503,0.9353372,0.14112796,0.71608686,0.464434,1.8242617,0.28341994,0.06124189,0.2391581,0.4343215,0.14693958,0.06562673,0.71431553,0.23351619,0.75340384,0.40893534,0.00780968,0.14357775,0.5258713,0.119368054,0.33118236,1.924467,0.44723517,0.44097152,0.45368388,0.019727755,0.004010565,1.2551004,0.038883336,0.13711159,1.6321975,0.3011908,0.5850836,1.1670364,0.14475252,0.90001655,0.1924684,0.25899073,0.082446545,1.043991,0.726189,0.6573474,0.05583969,0.7809009,0.29925242,0.0,0.6710374,0.0,0.32239866,1.3202449,0.17791896,0.13058236,0.38260815,1.0890726,0.16372219,0.8663053,0.86594117,0.0,0.567928,0.001831578,0.092875615,0.30515325,0.25141817,0.39168742,0.5140238,0.5647056,0.0,0.003680596,1.0660766,0.02583332,0.0059074187,0.03906567,0.16968118,0.5499659,0.11696486,0.9116562,0.0,0.61827046,0.78179854,0.07433135,0.04283877,0.33492574,0.025431773,0.009307021,0.16177046,1.0469365,0.016903348,0.21100505,2.985722,0.11114325,1.0713692,0.015766107,0.042494018,0.6840993,0.10665144,0.0,1.1792046,0.4224816,0.075043365,0.15581523,0.08796342,0.5576948,0.011327136,0.042864405,0.3075279,0.86258495,0.05448241,0.3463995,0.7552818,0.3050815,0.010353064,3.3187513,0.50988597,0.63323104,0.06747671,0.32273287,1.9733065,1.1715449,0.9405477,1.2954187,1.941653,1.1618216,0.58654046,2.0787067,0.080214486,0.5267785,0.48756352,2.2795424,0.93334883,0.0155402105,0.114450105,0.021540666,0.047638472,0.022188215,0.405045,0.32652384,0.019348027,1.4274054,0.09672184,0.70501333,0.24727626,0.08385135,0.22930749,0.46197373,0.016647618,0.93027544,0.13164411,2.0441945,0.262411,0.2847073,0.7639202,0.22289997,0.3103192,0.08237205,2.156229,1.0353639,0.21451882,0.3444891,1.0541663,0.13984661,0.72671276,0.43994415,0.08633223,3.7497194,0.116712965,1.6712419,0.26874858,0.01267651,2.3673384,0.20966226,0.039537936,0.013045148,0.0,0.08288433,1.748479,0.011086746,0.071753375,0.0041239564,0.03032002,0.37280056,0.044457283,2.3134868,2.5941198,0.49785087,1.8897222,0.98846287,0.057174984,0.81258583,0.7210472,1.0604215,0.03928512,0.4207495,0.0026622384,2.129226,0.76021606,0.06539721,0.6816112,2.397476,0.10485568,1.3389649,1.2072741,0.9477967,1.3022798,1.4086366,0.7272197,0.096429646,0.77908605,0.043351304,0.6981194,0.48552006,0.0048166458,0.00844184,0.39811084,1.0927491,0.081123866,0.9010712,0.15592985,0.015217309,0.74993217,0.26570535,0.011070315,0.28763554,0.0,0.54667217,0.16439284,0.11569917,2.7743838,0.014450948,0.012357824,0.014415749,0.34852856,0.031719986,0.22956194,0.9648478,0.32096708,0.33972478,1.9411141,0.040737312,1.1523229,0.1642802,0.976174,0.114688344,0.041232403,0.002978001,0.0,0.0840848,0.111175984,0.19909364,0.3649686,2.6359508,0.72356194,0.20064369,1.3064839,0.039077632,0.5593428,0.14038898,0.046777677,1.0970174,0.19498712,1.330607,0.0,0.17928933,0.38269717,0.5994177,0.32025775,1.0114586,0.27978775,0.18652464,2.2868598,0.5493155,0.83866125,0.050092977,0.04578758,0.9586263,0.5097834,0.5391898,0.41043428,0.5880512,0.10813097,0.21771482,0.0051074503,0.011904026,0.17189325,0.2976883,0.6025684,0.4198405,0.16538635,0.32742983,0.12604588,0.25607154,0.47428635,0.1416091,0.5195972,1.4126716,0.15420131,0.03859018,0.098562844,1.5928255,1.2831421,0.1705622,0.182446,0.36467928,0.013271507,1.3203388,3.2186244,0.35468727,0.002676623,1.4303738,0.0031656306,0.059199307,0.09454395,1.7128212,4.039293,1.2633475,0.00053556,0.031037563,0.20059544,0.12890819,1.0308433,0.26342458,1.0664302,0.03089895,0.00018806497,0.19022983,0.21964355,0.7251977,0.10899732,0.4533819,0.1900491,0.683514,3.7035105,0.3195205,0.102906,0.0,0.0,0.4067344,0.60495937,0.0036606581,0.1326359,0.19014189,0.6718915,0.20042667,1.3116935,0.055373374,0.5094478,0.4833817,0.30453902,0.11534494,0.18106087,0.18490966,0.23774537,2.1725519,0.79550076,0.18728209,0.23506294,0.10228251,0.40595144,0.5941595,0.21947491,0.93132544,0.0,0.0513707,0.79556274,0.21699038,0.04871957,1.3779724,1.0267999,0.24807845,0.0,0.06576,2.105082,1.2006305,0.09209207,0.0,1.2909507,0.36616784,0.4708794,0.96686196,0.23037882,0.24532968,0.028721556,0.110525526,0.40275502,0.28856704,1.9724672,0.8313866,0.64368117,0.0,0.22661807,1.0488598,0.44601575,3.0802984,0.024247792,0.046296917,0.15779056,0.30579123,0.5685599,1.4027697,0.0979255,0.03548299,3.9760623,1.0011591,1.2714401,0.025775194,0.014871051,0.2939076,0.11052813,0.051514067,0.16840695,0.10802094,0.56785554,0.43517005,0.5690312,0.23456444,0.023990959,0.051869925,1.7175395,0.18490887,0.0,0.20532538,0.17822565,0.36658227,1.1304657,1.2030141,1.6576737,0.11249974,0.15280068,1.8998898,0.51624244,1.0102053,0.07395968,1.1630161,0.4754897,0.21105807,0.42787644,4.476824,0.7598975,0.8186005,0.20841178,1.6184713,0.21911077,0.123398066,0.65188295,0.6596255,0.34988967,0.007929206,0.5919239,0.11087729,0.0,1.2399842,1.1066742,0.75535333,0.28955263,0.74656993,1.0263363,1.8202542,2.9047847,0.3301565,1.4432871,1.7497442,0.20753883,0.5479876,2.3244512,0.26909715,0.6356468,0.17979507,0.20568416,0.015437603,1.1414537,1.5848569,1.7335364,0.7376013,0.232912,0.022216624,0.9635854,0.101099506,0.7425642,2.1347136,0.13739681,0.020767163,0.027422277,5.656202,0.861337,0.11762735,0.04109003,0.22891957,1.2166505,0.16009489,0.9650776,0.069327295,1.2966502,1.4317751,0.09349553,0.0,0.13056877,0.08144745,0.06287784,0.010086604,0.13010469,0.5922697,0.28458208,4.33104,1.5035965,0.49590784,0.45762163,0.25103343,0.19148819,0.30353132,0.07038989,0.90502053,0.3857661,0.11630242,all_pothole_images\pothole_images_optimized_image_48.jpg
1.2082769,1.9070404,0.36608368,1.8431119,0.17696448,0.43845126,0.058608364,0.49446124,0.3932895,0.83125055,1.4612641,0.9998094,0.29541296,3.3979852,0.1279197,0.26134038,0.19796753,0.06051687,0.95590824,1.3728724,0.64650625,2.1450012,0.09527111,0.45514017,0.0,1.0626854,0.012144392,0.75306255,0.19082877,0.17323628,0.8939347,0.08977054,0.1837475,0.75401634,0.28148696,0.1401053,0.9919998,0.20564447,2.9527855,0.0057613417,0.0,0.018981222,1.238923,3.8882508,1.4993894,0.06583429,0.15595554,0.07984089,0.5642042,0.82794243,0.99934083,1.411828,0.14011829,0.026468141,1.478501,2.2910435,3.763394,0.09319893,0.19790691,0.06778491,0.4822134,0.39344913,1.2202194,0.041794777,0.23650055,0.645239,1.7021518,0.17838672,1.6212647,1.0622828,0.094305925,0.9425568,0.010424397,0.0053071766,0.2718296,0.15980974,0.5244509,0.36536533,0.04140283,0.19923982,0.36621717,0.12731868,0.33565208,2.102215,0.38460687,0.14248279,0.47519937,0.43334645,1.3145453,0.052098006,1.2478521,0.2193619,0.036347035,1.3921891,0.7502398,0.12070593,2.2533789,0.6522981,0.64552367,0.09629795,0.0366492,1.505683,0.012896694,1.1263809,0.15537585,1.4506801,0.15225759,0.040367864,0.26135555,0.34946537,0.113270864,1.0523895,0.028188342,1.4871945,0.13003041,0.0,0.5866339,0.39729846,0.022066303,0.6855431,2.4278176,1.9029986,0.48940444,0.54153657,1.1728411,0.35392863,0.9391244,0.12100908,2.180335,0.6717802,1.1556149,0.16679274,0.74199015,0.96167046,1.3687668,0.6971421,0.25250757,0.19025354,0.8278402,0.1757424,1.0128964,1.0970771,0.46707457,0.31092313,0.13418432,0.2954353,0.7261476,0.2193495,0.57846653,1.3995697,0.18319815,0.81223845,0.021881081,0.20986348,0.96795416,0.37754923,0.93263155,0.55245346,0.12497395,0.14273073,2.7451935,0.7541401,0.24648193,3.5942924,0.52913845,0.18798351,0.9277899,0.52190036,0.14240092,0.20064287,1.2439201,0.49161813,0.25883722,0.5426942,1.9721115,0.124750815,0.50558025,0.3410225,0.5655343,1.1675168,0.29366204,2.768346,1.5665509,0.48982003,0.2633123,0.4957995,0.042163152,2.1241748,0.4080798,1.316499,0.36967996,0.9818929,1.1927979,1.252812,0.12464158,0.5174656,0.027708808,1.7801083,0.49012005,0.5326999,0.42524865,1.4242772,1.0057095,0.07940239,1.5715054,0.09539013,1.1348935,0.9230423,0.35083193,0.07226004,0.0,0.22063695,0.9637188,1.8198239,1.6271913,0.66140014,0.09779505,0.20753482,1.6910683,0.09669078,0.27592954,0.61606884,1.6794583,0.47734836,0.681103,0.6269361,2.3874462,0.022765389,0.16653956,0.087482706,0.29489127,1.3627625,0.4749703,0.58882636,0.0060285823,0.14133771,0.7497708,1.0503649,0.04827633,0.5304264,0.07475498,0.09345611,0.48103613,0.32870686,1.3665528,0.129676,0.8773184,0.25455347,1.2560685,2.9701705,1.4802704,0.97042775,0.018686289,0.20116837,0.49661243,1.4577643,0.70380104,0.2854483,0.12638326,0.31375748,0.21303764,0.2330398,2.4727738,0.15000606,0.3751245,1.4896878,0.04611007,0.9713718,0.7760692,0.0062164892,0.066968694,1.2379496,0.24605943,9.2218725e-05,0.2911777,1.1994547,1.29234,0.02189112,0.26459324,0.28332436,1.367559,0.14336158,0.49676302,0.031971786,0.61160374,0.7225228,0.2016769,1.0606812,1.5751485,0.15694854,0.67300224,0.5060214,0.3747205,0.064871654,1.1111364,0.24698405,1.1860725,1.2220917,2.2425673,0.25836518,0.33810362,1.5542908,0.7967685,2.0090585,5.5797615,0.31879386,0.98636305,0.9208347,0.05458122,1.2170829,0.5210201,0.32155538,2.5209057,0.1324374,1.0034969,0.3311423,0.14001904,0.917432,0.48064467,1.1957873,0.9536543,0.47116268,0.52767944,0.23519874,1.772542,0.5740239,0.2397704,0.24594991,1.4679587,0.042026058,0.15180857,0.7044442,0.07047329,0.14561507,1.0109555,0.80528766,0.7591628,0.25771698,0.08423706,0.2334417,0.22679764,0.22044328,0.16520321,0.098208934,0.6889834,1.0561838,0.079648815,0.6967705,0.014499158,3.4733381,0.6351241,0.17380106,0.4586949,0.12597318,0.8126658,0.50527656,0.3251839,2.2336586,0.042922385,0.09144385,0.5834219,0.33102065,0.58709484,0.10112093,0.01929299,0.0888732,1.6872224,0.57144755,2.5534284,1.3922325,2.026711,1.6674834,1.0638617,0.49394968,0.5466804,0.2818617,0.08552337,0.26091588,0.0,0.9305593,0.06406804,0.7712106,0.49482307,2.6252105,1.8703077,1.5266573,1.4233426,0.7099963,1.7084548,0.4746919,1.8777499,0.90865976,1.086237,1.3431094,0.20790839,0.07785072,0.64453554,3.2246401,2.144694,0.4171484,3.2594697,0.42595485,0.4433209,1.0548049,0.035120524,0.07820906,1.6581271,0.99688035,0.00622285,0.8333599,0.5114487,0.31657815,1.216271,0.22804824,0.17294759,0.210754,0.19859447,0.28929666,0.65969056,0.26055822,0.5254772,0.3648216,0.73833156,2.2956338,1.2516174,0.23458868,1.671446,0.13418463,0.11055627,0.57439035,0.23787664,0.53208643,1.0320024,1.464016,0.10314265,1.9777046,0.6719753,0.5129874,0.34017047,0.10606009,0.06974291,1.0199963,0.16397174,0.5354646,0.966185,0.22473954,1.27987,0.1611993,1.7618538,0.5207886,0.61780024,0.18191089,1.1452458,3.4271855,0.045237113,0.51394796,0.81499964,1.1179187,0.12972936,0.09814132,0.7723991,0.26745763,1.3487148,0.14092153,0.17691816,1.9633454,0.029839953,0.07394941,0.0509118,0.29054016,0.9924169,0.3630453,0.12286774,1.2390577,0.49913093,0.9933012,0.8024359,0.0706211,0.6695602,0.13692471,0.3349892,3.337606,0.1302738,0.04014505,0.55553865,0.6660956,0.64364594,0.13199368,1.1430452,0.107934155,0.766702,0.52121466,0.25114292,0.12132846,0.051725186,0.1051307,1.4370127,1.6082791,0.48433012,0.31015974,0.067832895,2.9317658,0.35334963,0.6001107,0.5842762,0.46287745,0.017173776,0.79355127,0.37969798,0.47288132,0.7871263,0.4056023,all_pothole_images\pothole_images_optimized_image_49.jpg
0.23347525,2.822503,0.44223863,1.9563181,0.097604,0.23114389,0.117455974,0.23541598,0.71374106,0.39844736,0.055195544,0.016040782,0.015316439,0.06631825,0.016395433,0.08655478,0.0,1.5740631,0.49334264,0.7192694,0.6801365,0.90020335,0.32099506,0.34816024,1.2823088,0.219383,1.0213065,0.82220227,0.17422175,0.42393968,0.17614046,0.0,0.04344763,1.4437233,0.044113588,0.17412351,0.44768378,0.9677966,1.2408943,0.23827949,0.26793206,0.1345854,0.041620184,0.06304047,0.47147194,0.005523801,0.32036197,0.1993529,0.14340726,0.92383325,0.0,0.42482406,0.09699761,0.0,0.11858146,1.5690928,1.7602963,0.5773591,0.0013565323,0.34426725,0.050277814,0.19450113,1.2496915,0.73766536,0.38499075,1.195601,0.36938938,0.0,0.0,0.2585074,0.10235292,0.0,0.0704853,0.16334568,1.097645,0.1941886,0.08290391,0.49111512,0.25129098,0.31373802,0.16949108,0.11908048,0.61429477,1.3603626,0.023641072,0.0,0.5230592,0.84713465,1.2737764,0.3671987,0.036075402,0.0056696404,0.4353952,0.22796658,0.12673433,0.17186895,1.2298489,0.47610772,0.36045557,1.3001019,0.690832,2.7849557,0.77043253,0.2286953,2.3855214,0.049128294,0.7255142,0.651517,0.76167405,0.77481794,0.0042751594,0.1897904,1.3003378,0.69457686,0.08629095,0.85350907,1.1689644,0.15273209,0.4339454,0.268493,0.68542796,0.1417486,0.011644051,1.2584399,1.0545644,0.36698017,0.20579731,0.15007657,0.6959874,0.13636054,0.2376134,0.19555628,0.6433301,0.35745424,0.5270943,1.8850054,0.8034639,1.4437791,0.80748355,0.07023428,0.76088613,0.2151946,0.10180953,0.34182462,1.3030636,0.52017105,0.16145979,1.4584327,0.43176472,0.024026195,0.6640662,0.06583916,0.016234381,0.61253166,0.7360673,0.16172224,0.2051929,0.11965813,1.3969616,2.110826,2.7512872,1.5218114,0.325102,1.662972,0.4456932,0.958794,1.8507525,0.8259587,1.7963631,1.9869874,0.11930486,0.043001767,0.26362506,0.0,0.6091916,0.2094468,0.62851614,0.0475209,0.25352323,0.35101205,0.023190262,1.413082,0.960255,1.1742082,4.565879,0.5154247,0.0975991,0.5135312,0.012116274,0.84226817,0.11751677,0.017586702,0.51964104,5.2385664,0.94572,0.010522068,1.2353177,0.9914994,0.06909855,1.2834538,0.6220122,0.48892546,0.48061123,0.60932887,0.12627544,0.015194637,1.1435685,0.39110863,0.8562818,1.795973,0.0,0.41118857,0.02643214,0.03924491,2.0479925,2.4455285,0.0,0.37908912,0.9679994,0.43447995,1.5248586,1.315348,0.56211865,0.0,0.038314912,0.9695689,0.77713275,0.08131947,2.7080295,0.12269836,1.4069674,0.24699093,0.022780973,0.033008296,0.061959907,0.073369995,2.5408564,0.1871246,0.23330513,0.14388472,0.93484104,1.1473715,0.61915123,0.15455484,0.34914097,0.04892892,0.709652,0.5213171,2.0805624,4.4197826,0.76273155,0.34287378,0.08352699,0.22958085,0.005586023,0.0,0.7443068,0.31350812,0.45114034,1.7629323,0.960473,0.2076797,0.9100027,0.4061712,0.25986254,0.2135797,0.36181575,0.63259,1.3707272,0.17943455,0.071225815,0.024913121,0.4273169,0.0,0.7006504,1.5941288,0.6297869,1.5305138,0.21500225,1.1508725,0.1932526,0.36391225,0.6969587,0.34500378,0.5284076,0.37785172,0.08023854,0.35736135,0.3363434,0.10462672,0.09165306,0.06209315,0.03215977,1.3923117,0.10232244,0.03386,0.040898725,0.7247889,0.03796362,1.6969128,0.5811155,0.8481848,0.5140702,0.42759076,3.2328086,0.0160183,0.17119496,0.037089244,0.029927067,0.9616303,0.0,2.2917984,1.0434786,3.9786682,1.1138734,0.7522087,0.49855465,1.894426,3.581229,0.034745272,0.21251623,0.37148342,0.082365125,0.5160512,0.84475505,0.3465018,1.054789,0.00820084,0.047266975,0.2252917,3.2244275,0.5256346,0.0026885641,0.41306973,0.32778868,0.0,2.003575,0.49595985,0.42526272,1.7952899,0.0018952361,0.72085655,1.7718583,1.0027738,1.3005047,0.0,0.504734,0.46480763,0.26215285,0.4336015,0.99173456,0.016264994,0.06381346,1.3060771,0.1147535,0.0,0.019967327,1.3262403,0.0,0.7566681,0.33667275,2.468137,1.850709,0.17669941,0.0776665,0.0018446854,2.0849638,0.06702057,0.086464316,1.258928,0.5721056,0.055810362,0.11387765,0.6196571,0.15096134,0.36542186,0.095670484,0.3075339,0.5639108,1.957535,0.25380415,0.25076675,0.28564996,1.165338,2.7306812,0.7380176,0.5608836,0.28487742,0.0,0.38251394,0.7020598,0.28583246,0.36584872,0.16715533,0.084923215,0.09795304,1.4498831,0.0024725306,0.5022447,0.26212817,1.1254271,0.55343956,0.069961414,0.5590492,0.14651097,0.20271823,0.5787176,1.145785,1.1824454,0.22095828,0.76911217,1.689493,0.014870214,0.10335541,0.108391546,0.48560956,2.6038258,2.54279,0.68411255,0.0,1.5587744,0.022183016,0.91953886,1.8822838,1.1887783,0.080781646,1.3815528,0.25002822,0.80037487,0.2593773,0.65217006,0.6793941,0.29939064,0.055454955,0.11434394,2.2497654,0.7784984,0.061557796,0.40354857,0.6882271,0.4614332,0.7080757,0.35545278,0.5656784,0.07958582,0.023694474,0.29176638,1.372872,0.12692042,0.7227862,2.172015,0.015241282,0.15636891,0.1754792,0.44804287,0.74020827,0.021712748,0.032371424,0.41883126,0.26011208,1.1025501,0.12884822,0.27075425,0.016491823,0.15626727,0.033156354,0.020336062,0.11972822,0.30036288,1.98202,4.025214,0.61026084,0.54502636,0.08946095,0.6398184,2.38636,0.0070834598,1.2015182,0.0,0.7989461,0.4945676,0.49317333,1.4922236,0.06678151,0.05398685,0.16133755,0.7363356,0.28774622,1.2195472,0.16677691,0.77107346,2.0395834,0.0021901166,0.65258193,0.09249103,0.03880781,0.30379984,0.0486177,0.0470699,0.052050594,0.49477223,3.009134,0.65946835,0.28022295,1.6458544,4.044822,0.82578665,1.1775001,0.1383361,0.35801923,0.842448,0.14307526,all_pothole_images\pothole_images_optimized_image_5.jpg
0.5461188,0.35993895,0.13249138,2.1735117,1.0113728,0.5340151,0.9467678,0.07905079,0.06541911,1.3272895,0.91302675,0.65808135,0.2634916,1.8324058,0.0037371588,0.046631202,0.009476019,0.2763797,0.28663114,0.04258616,0.34364325,0.52732575,1.290485,1.2844927,0.8565499,0.20084451,1.012047,2.6070194,0.07723048,0.12812385,0.41676,0.28524905,0.3507843,0.512177,0.4103843,3.646638,0.8137744,0.8547035,0.7056489,0.12785026,0.021840319,1.1258428,0.39471403,0.50090575,0.21598682,1.3314261,1.151963,0.0146490745,1.4261937,0.7942749,0.5381419,0.5045547,0.05510366,0.023699326,0.30999634,1.0316195,1.3285593,0.025447289,0.55255365,0.29664478,0.5635805,0.11919859,0.6555851,0.16808194,4.2210364,0.56905496,0.19520079,0.9198153,0.25190237,0.20892836,0.13459136,0.16581698,0.33606026,0.1709954,0.8202035,0.0,0.49086484,0.5743048,0.08433332,0.03261915,0.022391472,0.14914052,0.8792603,0.10544819,0.587284,0.1347736,0.24397266,0.084786326,1.3461783,0.4401925,0.14892532,0.8363783,0.25893357,0.33368567,0.16527115,0.18309964,1.1365215,0.7743876,0.7639957,1.2507037,0.23577541,4.2685146,0.23174784,0.025276994,1.6785,0.7587022,0.39040616,0.9545843,0.8957629,0.25362512,0.080187835,0.020233622,0.7436819,1.4303533,0.8175584,0.6153853,1.1570966,0.36685026,2.7575586,0.93296003,0.74903184,0.87504536,0.5705416,1.8839473,0.029114956,0.52026826,0.14586219,1.7536913,1.2706711,0.6041217,0.12645972,0.11140058,1.3494415,0.3663199,0.5258334,0.6621939,0.4341338,0.50582397,0.30827355,0.10523075,0.8937234,0.33430254,1.390667,1.4478105,0.4501155,1.1029731,1.674329,0.15696585,0.8083891,0.31536284,0.55683863,0.0819526,0.10927309,0.03603395,2.4765222,0.5288934,0.7039648,0.19126034,1.4564668,1.102941,0.87413126,0.1336858,0.031735606,2.835778,0.6124872,0.041685075,1.1915036,0.33005276,1.3588523,1.6724136,0.50151837,0.016838573,0.085336395,0.69939405,0.34777707,0.8802122,0.14238325,0.116520435,0.87506115,0.09202796,0.3107575,2.1540983,0.38463417,0.7448756,2.766274,0.70417875,1.5398645,1.0465829,0.1804196,0.72081256,0.13328859,0.8552025,0.7810931,1.5847206,0.8470675,0.22443601,2.0914593,0.9161472,0.84865177,0.28316545,0.55052984,1.2572486,0.31733167,0.14168164,0.669165,0.6534211,0.31205216,0.5669193,3.2327082,0.73475343,0.0,0.028832182,0.79844713,0.7986473,1.9617677,2.4722726,1.1563425,0.06796409,0.35968602,1.5855988,0.79657394,0.008210146,0.07225145,0.03015157,0.0,1.1406006,0.85924685,0.0061216643,2.508712,0.3736831,0.9660908,0.038772233,0.18969171,0.19719988,0.8217278,0.1404709,1.722939,0.116150446,0.25542426,0.5839528,0.11553188,0.028742064,0.051619068,0.23934543,0.22622693,0.23510507,0.40749946,0.8136122,0.4305867,4.053882,0.17191234,0.269001,0.051305328,0.8936084,0.0,1.5616792,0.4931701,0.038920283,0.890416,2.611304,1.0829693,0.2294245,0.76364803,0.52456355,0.30962127,0.15715916,0.35426003,0.5013943,1.4401217,0.37357965,0.09600153,0.08103321,0.1129509,0.47066993,0.2179506,0.22815579,0.5457552,0.14704494,0.99717957,0.57985073,0.59303826,0.22659831,0.5412359,0.29396227,0.010988353,1.495597,0.21199468,0.8269832,1.7430236,0.66290486,0.1315869,0.18095419,0.10335385,2.2603385,0.07871723,0.47892216,0.76668984,0.13011947,1.2579236,2.373683,1.5279635,0.2687922,0.07197305,0.38305414,4.8460374,0.4756141,0.016721427,0.023669682,0.13162987,0.9975532,0.22064413,1.2688601,2.2513158,3.246574,1.7006518,0.32200482,0.17906636,0.8231178,2.1922276,0.9315893,1.518333,0.19732891,0.6496893,0.6611245,0.4817395,1.5986309,0.16253279,0.019713245,0.3046735,0.08733465,1.538207,0.0,0.35680154,0.13458624,0.7597884,0.00923698,0.5188374,0.011913894,1.5066088,0.016460164,0.93588,0.1707996,1.6818022,0.4870209,1.1358339,1.2274318,0.6489751,0.14817916,1.4159154,0.19613032,0.5483532,0.40066528,0.30651504,0.08936097,0.90684664,0.43985265,0.06102562,0.7880242,1.5994859,0.6264847,1.4870801,0.40504003,0.39237943,0.31790492,0.64200443,0.012119266,0.2526873,0.0980312,1.014729,0.2570961,0.16369057,0.6939156,0.21749426,0.3987764,0.4243723,1.1966627,0.2267448,0.0050052693,0.39684993,0.64137113,0.26374385,0.01020293,0.12733129,0.24247442,1.1938822,0.50081325,2.8500812,0.23028253,0.18341307,0.9403257,1.2107371,0.590066,0.07205257,0.5921356,0.027953094,0.22079484,1.1480558,0.25435153,0.103786945,0.26977104,0.22070003,1.0911314,0.73023325,0.076241106,2.3144393,0.107556574,1.2439332,0.17371882,0.9928391,0.31954327,0.19240637,0.25197017,0.06355703,0.25656673,0.17480542,0.75680774,1.547074,2.2368035,0.27268314,0.013831087,1.0932584,1.592038,0.7617096,1.6788541,3.618643,0.37658417,2.4379725,0.8989732,1.7055639,1.3224833,0.053603575,1.0290774,0.31790683,0.31118044,1.7595271,0.554317,0.78191304,0.76312363,0.99849385,0.64680755,0.117180884,1.4473709,0.19418181,0.22755842,0.04881495,0.0,1.3666718,0.42617354,0.49269783,1.6178039,1.237909,0.51871604,0.9259243,0.07484555,0.22961959,0.26078865,0.598728,0.12242044,0.6523303,1.1939185,2.7347941,1.2268796,0.5328135,0.13608763,0.63430536,0.0999973,0.004476625,0.2140903,0.86266774,0.27206957,1.0106273,0.6098051,0.06339236,0.7962173,1.147152,0.0,1.8254328,0.7573805,0.0472542,0.022804521,0.4041041,1.7554611,2.5012355,0.7011908,0.3199611,0.039121956,0.049868565,0.081013136,1.4332749,0.43440837,0.5878726,0.59740037,0.66628927,0.29154322,0.046021577,0.25970957,0.09165172,0.17866568,0.23175913,0.52528083,0.58807987,2.8215952,0.20014845,0.1869146,0.5041361,0.7865328,0.012901824,0.07074919,0.1393532,0.49364853,0.4454295,0.3536657,all_pothole_images\pothole_images_optimized_image_50.jpg
0.07042745,2.0700762,1.0626723,1.3959366,0.19599159,0.28785142,0.806907,0.0,1.8334897,0.05528808,0.9601649,0.05189119,0.54165,0.58879477,0.061373428,0.6778203,0.036604516,1.0573506,1.2470938,0.50839293,0.48844075,3.9320836,0.5506001,1.5460038,0.3194643,0.48233172,0.30921167,2.930888,0.78644824,0.69312984,0.9864614,0.15662694,0.7681962,1.280802,0.1923663,0.0,0.041959833,1.0192237,1.7853863,0.2642545,1.054881,0.77221227,0.058572773,0.24206997,1.690865,0.19022182,1.3186377,0.044275284,0.89595526,0.055219594,0.58720297,0.43835783,0.637911,0.21696371,0.0,0.28437316,0.17594118,0.85175616,0.6321766,1.2744871,0.043349702,1.6442236,1.4574664,0.6799591,0.40174428,1.4431763,0.7955861,0.04503634,0.3435219,0.61999077,0.25848538,1.4335706,0.11932246,0.031219501,0.059748854,0.25812235,0.90804154,1.508164,0.025181757,0.3494761,0.0001464865,0.8364958,0.4891828,0.891609,0.16352285,1.5773689,0.4760327,0.07360469,3.2037985,0.84175235,0.0030919446,2.6967196,0.06089772,0.37550446,1.1814158,0.04766427,2.0181787,0.48334253,0.053439226,0.62304926,0.27532315,0.08874684,0.31773046,0.15808107,1.2038715,0.162546,0.23192973,0.032543734,0.08273482,2.6010509,0.4569825,3.8688407,0.33940473,0.021314804,0.00040125835,0.9756745,1.624191,1.0889505,0.6304014,0.0127103375,2.1657848,1.2650398,0.035251543,0.6087539,1.2080308,0.7597052,0.43536112,0.032611392,0.5132503,1.1491541,0.8853267,1.5247797,0.028899673,0.056860257,0.20064336,0.21621935,0.053557545,0.116723746,0.35932058,0.5875195,0.23286164,1.7147183,0.21790269,0.97675323,0.036235668,0.12012277,0.6402265,0.33551005,0.6310583,0.19487987,0.2152831,0.21043831,0.10468344,0.11532266,1.2956889,0.22066085,0.031807665,0.48291078,0.09966882,0.6482746,1.376383,1.6213019,0.7290611,2.6271808,2.237522,0.3920991,2.545631,0.118282795,1.195392,0.912086,0.6390402,0.09658149,0.120573185,0.14200921,0.7971316,0.32294804,0.5751921,0.23944245,2.6419232,0.30838954,0.0,1.0710827,1.7651289,1.4982499,3.0825942,0.6164216,1.0384085,1.8297961,0.22909714,2.8582706,0.76550204,1.4256283,0.009252716,3.5128767,0.0055917194,0.0,0.9920811,3.7574189,0.48555458,0.34681326,0.27138096,0.35840505,1.8364905,0.21195583,0.62920773,0.39475888,0.9871726,0.0017780068,1.136804,1.3518298,0.014001683,0.08723357,0.6739187,0.02315989,0.4634179,0.7590416,0.104364686,0.47850332,1.2040602,0.6677401,0.47158897,0.75991577,0.36729798,0.9422041,0.10301431,0.11190192,1.06585,0.053672116,1.8935543,0.11205245,0.1409726,0.2552473,0.70953,0.22145808,1.4402748,0.33839902,0.7732984,0.013561723,0.3107398,0.029015696,0.056297544,0.9556499,0.48695886,0.48729348,0.042419072,0.03828608,1.881299,0.29733407,0.9475843,3.8588374,2.3903182,0.13421023,1.5733156,0.31391883,0.8556713,0.24159896,0.95677596,0.26482975,0.23478635,0.8743427,0.19847381,0.61104196,0.6237804,1.6956828,0.064458035,2.2206292,0.39771518,1.1357048,2.269606,0.17641105,0.83807576,0.43751705,0.8027599,0.80755323,0.2657807,0.96690977,0.85452276,1.6709429,0.20722155,0.27408522,0.43778762,0.16195817,0.2877018,2.0998926,1.0296261,1.5578415,0.22727124,0.0962515,1.6545471,0.11197396,0.5622073,0.21003786,0.16802876,2.1193647,0.46825,0.46660414,0.48787463,1.8648851,0.4097388,0.5315082,0.8674781,0.52247536,0.17376772,0.6509746,3.1810308,0.0,0.18335198,2.0334976,1.3724045,0.35261077,0.022788791,2.0515943,4.403899,1.2739035,0.2776936,0.09149448,0.24451284,0.33222467,2.3327672,1.432033,0.28407913,0.34045896,0.004187569,1.2916274,2.4341486,0.98749465,0.34212407,0.0,0.21461672,0.2726224,6.3121285,0.20408401,3.1029656,0.0,0.19208129,0.12779866,0.74364024,0.33138573,0.0,0.3145348,0.0,1.6926038,3.2672236,1.2042722,1.2097081,0.0,0.29506788,0.16763835,0.20073518,1.7734609,0.31179115,1.0619433,0.26900768,0.1637776,0.3666148,0.11957112,0.021061404,1.0617217,0.9089256,1.1089,0.19047129,1.0447024,1.2867904,1.0633469,0.0,0.7341686,1.3857303,1.3287002,0.8752136,1.109731,1.8121216,0.93728364,0.4924443,0.66724026,1.6275234,1.5331122,0.14604504,0.3117909,0.8167159,0.76428306,0.2393967,0.5039331,1.6115292,4.178504,4.100499,0.04092601,0.93487376,0.094546065,0.0,3.9517267,0.50915307,2.0833375,0.013582615,0.59723127,0.02241483,0.27087057,0.51514226,1.2007711,3.7866976,0.35577518,2.4623275,0.86147857,0.15796849,1.4644142,0.44869286,1.018129,0.7454308,1.8031043,0.10466342,0.21941185,0.093910605,2.3696275,0.88065416,0.53327733,0.0024470042,0.25362533,1.2335396,0.08133371,0.5500816,0.94513327,0.9142632,0.009824734,1.0883048,2.0658152,0.9107949,0.63878536,2.4160817,0.8222191,1.3258806,1.0856973,0.25417376,1.1361998,0.0,0.017883386,0.0077639213,3.4661891,0.73952484,0.25150996,2.3965316,0.71923035,1.0570827,0.910025,0.4270859,0.05844671,0.0103988815,0.06063069,0.21383116,0.14524217,0.21331953,1.719621,0.9701992,0.45401153,0.4157486,0.2684536,2.6748276,2.5772786,0.19741523,0.20157067,0.12483266,1.3281281,0.14712396,1.116242,0.65871865,0.3939232,0.34846285,1.5037293,1.1831439,0.2651581,0.476538,2.4799356,0.46455288,0.9486914,0.60569286,0.17065287,0.51336855,2.688114,0.122908734,0.755542,1.5265265,0.019024678,0.5673422,2.90024,1.0235122,0.4271343,0.0809375,0.20936242,1.317018,0.023269234,1.0173731,0.17937313,0.105727546,2.0014436,0.12636496,0.06899129,0.05001111,0.08488291,0.3214269,1.2529671,0.059355006,0.44980142,0.026283488,2.2378514,2.2310445,1.5326554,0.49721658,3.54166,0.5474486,2.3831918,0.6125145,1.4916211,0.5787789,0.6251877,all_pothole_images\pothole_images_optimized_image_51.jpg
0.61714345,0.42721993,0.6556583,2.088919,0.709369,0.6065347,0.19448693,0.19541214,0.5394868,0.8608191,0.73386616,1.8684568,0.31281266,3.8376875,0.95718116,1.3116187,0.46646786,0.5152044,2.4982336,0.13380587,2.3525975,2.3968153,0.13234764,0.25244975,1.5161766,0.08727667,1.2819381,1.3567896,0.060561508,0.02543474,0.59930104,0.085500345,0.49461433,0.016030762,0.017836409,0.6452793,0.047952455,2.1823545,0.10834276,0.38558936,0.77710116,0.00019443833,2.0504103,3.6415539,0.3477063,0.05749101,0.3905124,0.23864639,0.7148949,0.06018094,0.2875218,0.18449831,0.9094046,0.20408086,0.049282536,1.5851839,2.5242994,0.2545286,1.3413372,0.17266057,0.030272469,0.13741413,0.15375085,0.13616577,1.0871828,3.039602,0.19720283,0.15217389,0.74031067,0.11933022,0.5288303,0.0126642,1.1551582,0.41727874,1.6316683,0.9242539,0.17326587,0.9858603,0.04274882,0.4343886,1.0156571,0.09292138,0.46710765,0.6108338,0.7763507,0.35176077,0.13094513,1.148407,3.6440248,0.3989244,0.010755853,0.07056357,0.027288256,0.374091,0.77550024,0.5701512,0.39790514,0.6567032,1.5824728,0.43039596,0.2655093,0.9956497,0.794636,0.17890456,0.115062125,0.7502879,0.22792995,0.30460674,0.1666939,0.11607711,0.0,3.4956384,0.6118792,0.014768682,0.29488525,0.2149675,1.5558019,0.6064255,3.0991037,3.1148372,1.8422177,0.5402433,0.13252516,0.81296104,0.45320427,0.5926217,0.6730848,0.41139328,0.2507678,0.625387,0.44336364,0.07259833,0.4131766,0.27681533,0.19604996,1.08499,0.7496403,1.3483315,0.3540193,0.16673179,0.12536699,1.039955,0.9760643,1.6253189,0.7545039,0.15801105,0.54311204,0.68009007,0.64919484,0.2816692,0.9856098,0.22254814,0.056081947,1.2862867,3.167537,0.21969707,0.021905884,0.5999814,0.71873844,0.5715596,1.351499,1.0293196,0.19704606,3.5510595,0.40718034,1.8884193,0.15321922,1.1063784,1.4038409,0.26568446,0.039860826,0.07070584,0.4228446,0.22981334,0.9787847,0.31248683,0.43812668,0.0,0.20251434,0.82657605,0.6258795,4.5677657,1.0873027,0.6259608,1.4376655,1.7857544,0.0010601114,4.316817,0.37040213,1.119237,0.40838242,0.82883644,0.061758187,1.5253043,0.34475613,0.1243627,1.1732944,1.6084739,0.62205297,1.0878826,0.45708382,1.1684245,1.4795623,0.37098667,0.84992003,0.6565998,0.45578337,0.7656706,0.14194547,0.22454871,0.0447391,0.10151397,0.5358166,2.3810968,2.4263523,2.7567947,0.010380027,0.15336813,0.80418867,0.9577622,0.46419185,0.6203804,0.42359325,1.97823,0.1797751,0.27676737,2.6159558,0.0,0.76117,1.5925399,0.47799122,0.12615044,0.19508606,0.020255592,0.67224526,0.55264825,1.837557,0.07751828,0.17781526,0.041224595,0.36791635,1.227926,0.5310979,0.6940166,0.35270327,0.014483902,0.9124281,0.09107405,0.66914976,2.9126673,4.8095365,0.5928022,1.1037955,0.98510563,0.3172817,0.5409879,0.75931704,1.7365937,1.3239405,2.6625166,0.6296,0.6526564,0.20098568,0.8727105,1.6777674,1.4808754,0.27232823,0.9869324,0.4751365,1.1012397,0.0544473,0.6953065,1.113132,0.19907038,1.6530344,0.49730083,0.61956537,0.32831013,0.02909728,0.53158945,0.18057095,0.32289428,0.49418804,0.21975558,0.60137147,2.973636,1.3634936,0.42768663,0.6589003,0.16899624,0.014442055,0.8218987,0.55233467,0.90471417,0.34303805,0.49919346,0.7567808,1.7643775,0.5120372,1.6496764,0.60372096,0.7663292,0.33009103,1.4203196,4.8500323,0.36477995,0.875736,0.8216483,0.8770584,0.35090005,1.4519258,1.729537,2.323912,0.60181046,0.36342162,2.1779306,0.124856256,0.7959863,2.8855543,0.11405195,0.13554515,0.16437067,0.20355874,0.09465559,1.2370188,0.30577233,0.29599392,0.0714206,0.3428575,0.3482107,1.7650131,1.1227316,0.0,0.06362939,0.0045169014,0.6286182,1.2344469,2.245369,0.6023147,0.59598446,0.77794063,2.081713,2.9212618,0.37317187,0.61629635,0.91031396,0.13225207,0.33784515,1.4358436,0.10950494,1.0563575,0.31963277,1.8301423,0.18734379,0.45977166,0.59451,0.072535686,0.89007473,0.88820267,1.2253709,0.0,0.033743802,1.1289749,1.6557053,0.4793619,0.57130617,2.2004027,0.13647416,0.101738945,0.0036251342,2.4562755,0.49643204,0.57243174,0.066336624,0.35520497,0.05063377,0.09088376,0.28455836,0.18639797,1.2097644,0.581523,0.7287596,0.65938014,0.9349249,2.680315,1.5647539,0.83934367,0.00750957,0.21987906,1.28012,2.02208,1.2351528,0.12778191,0.44893,0.029670019,0.055299003,2.5401847,0.4112793,0.6186478,0.0,2.639916,0.2327853,0.17352457,1.0039842,0.50053555,0.12691803,0.093873896,1.0832049,1.2896165,0.105953544,0.3982009,0.6189871,0.4686067,0.72637546,0.3329001,0.19726801,1.0167313,0.6631381,0.28241915,0.12874806,1.7862346,0.64198405,0.43262154,1.6449687,2.170654,0.1571564,0.29645404,1.3701458,1.3945627,0.61572677,0.0131183965,0.2420127,0.6089839,2.667884,0.77985054,3.1356354,0.41880596,1.8991917,0.04898148,0.38401273,1.2912691,0.9529427,0.11463888,0.11016351,0.9129861,0.04453836,0.94561464,0.3254652,0.20991255,0.88802844,1.3597257,0.4561756,0.592302,0.8899934,2.1117663,0.9973546,1.9247922,0.8533122,1.9868654,2.127689,0.66046435,0.7755845,0.9424444,0.0,0.77322996,1.5661185,0.44939867,0.16759634,0.80788577,1.2483364,1.1941589,0.7987217,0.0004219791,0.089174256,1.1809866,1.2032857,0.6663893,1.1953233,0.6729978,0.0005078599,0.68956447,2.7864187,1.3446769,0.12509644,0.09488212,1.6894411,1.1435056,0.22187413,1.0782803,0.04747741,0.34838128,0.20127483,0.6409926,0.652588,0.6250705,0.6124824,0.43364567,0.09976654,0.29054832,0.36477298,1.3289272,5.3387704,1.9153881,0.07398046,0.57302076,1.4032391,0.2629336,0.37980208,0.53355443,0.933275,0.12578239,0.74820536,all_pothole_images\pothole_images_optimized_image_52.jpg
0.6961108,1.4950035,0.2868111,1.8763471,0.6132891,1.391613,1.6260678,0.032319997,0.3308201,2.4857433,0.22240801,0.7337034,0.044113938,0.34545138,0.020097494,1.7210732,0.08342957,0.10709265,3.291122,0.35461324,0.37723076,1.7512873,2.3581393,1.6948797,0.5691005,1.0550263,0.14175893,2.538563,0.09154205,2.2624729,1.116707,0.40512493,1.2573485,0.72977537,0.28398326,1.6077644,0.42478263,0.6428895,1.3871808,0.37333047,0.038314637,0.70829684,0.23886459,1.8302256,0.19500016,1.3337656,0.23197615,0.03914143,1.0717345,0.4455621,1.0178044,1.5021199,0.13509274,0.22268106,0.04684461,1.2262489,1.0678644,0.18548687,1.6191487,0.32535568,0.9954511,0.91868454,0.9039862,0.0,2.0028381,1.4249625,1.0945971,0.55336463,0.5483167,0.2982559,0.42343256,0.110353485,0.033570357,0.622302,0.8833417,1.6555829,0.25521654,0.034785006,0.055746786,1.3973479,0.4301626,0.46991223,0.7295644,1.2143105,1.3413935,0.7757316,0.106000684,0.72920287,1.8767579,0.8639573,0.80396956,3.076032,0.00042103135,0.077229924,0.4238073,0.2955083,2.0921412,1.2618179,1.3987099,0.27666897,0.012468131,0.37482837,0.36444145,0.49869886,1.788468,0.9797187,0.2465211,0.8063912,2.0163894,1.2304882,0.06986788,2.4317458,0.15721145,0.29799747,0.9232084,0.4085759,1.3952907,0.7577966,0.003485469,0.8035505,3.3452141,1.387135,0.54469395,0.9404306,0.72708136,0.13642906,0.56727475,0.44602948,0.22171764,0.16142213,0.34601337,0.1886822,1.0896204,0.32197824,0.078961246,0.24964562,0.18362026,2.0349262,0.3220421,0.5158357,0.4264091,0.15959792,0.5107927,1.7581444,0.34179312,0.13892946,0.6630191,0.5181845,0.35254955,0.8497368,1.0707066,0.0,0.206242,0.59526604,2.0878048,1.0000716,0.6112817,0.32365707,0.5643381,0.8422484,0.88587725,0.025358114,0.124648176,4.8953347,2.6049073,0.38911313,0.15487425,0.16468538,1.3901958,0.59740406,0.1625712,0.4196352,0.0369367,0.031293288,1.3474846,0.17987509,0.0052470258,0.0,1.0515431,0.5992635,0.033411577,2.8937786,1.7535055,1.1668136,1.6577846,0.9312243,1.6617587,0.5685661,0.7495879,2.7291791,0.73601866,0.0,0.12362096,1.9485509,1.6042787,0.11793037,1.11425,2.5155842,0.1940422,0.8194237,0.521419,1.4895464,1.1461023,0.14158772,0.15064916,0.2963124,0.81961024,0.96787786,1.0899212,0.12578079,0.0,1.1004694,1.9174973,1.0278063,1.1214353,0.8346034,0.31411192,0.0020748866,0.7224696,0.34263852,0.12818491,0.3695262,0.2290945,1.3092762,0.19694203,0.96490806,2.6832256,0.6338742,0.16894473,0.0496972,0.63926625,1.7109692,0.35816115,0.5016649,2.0006728,0.12225463,1.2255261,0.035428323,0.16792402,1.7602854,0.42560822,0.08572728,0.0,0.25161222,0.81736785,0.0326404,0.862308,0.053321045,1.7661507,2.0659,2.1531484,0.019025428,0.4617347,0.19037233,0.14974795,0.56436014,1.2745056,1.522301,0.43442178,0.79225576,0.22126734,0.06200728,0.4174832,1.7551229,0.091958426,1.1196321,0.45131072,1.2890812,0.5804547,0.09767161,0.0,0.3148676,0.30445498,0.7841991,1.469072,1.0897695,0.4360805,0.63712,0.2554152,0.54326475,0.044912472,1.3336533,0.7438578,0.07154596,0.51439065,0.379331,1.5521772,0.7366605,0.81846136,0.0027354043,0.39395428,0.38721874,0.046434943,1.224641,0.29833916,0.8865501,0.59857243,0.74968594,0.6447835,0.08786701,0.2424525,1.2813107,0.73986053,0.71976703,3.2839181,0.42107084,0.23518302,1.0105611,0.03776631,1.5459794,0.44320112,1.2783431,2.6009135,0.9745749,0.23308928,0.8934273,0.44545406,0.3587844,1.6702613,0.19963096,1.9088008,0.22078358,0.22960463,0.15555684,1.2573949,0.7907474,0.8633543,0.19520704,0.97566986,0.22803873,2.7092328,0.2791213,0.16936703,0.07722252,0.46812353,0.29968986,0.9913827,0.21271884,0.0013158908,0.22941564,1.1572288,0.8441022,0.78648806,0.66237473,0.25445777,1.0049413,0.32019693,0.7532949,0.057465784,1.5925838,1.2595053,0.2556018,2.1854384,0.55007046,0.0034394541,0.25530463,1.0339279,2.0300653,0.5271966,0.6090566,1.4860302,0.40738785,1.1135342,0.12264922,0.5763369,0.5575948,2.0197258,0.10618534,0.28359202,0.052870672,2.9055486,1.4630754,0.26239082,0.2285253,1.7801554,0.20275107,0.01494722,1.1743467,0.65105027,0.7038409,1.1166601,0.059713896,0.6818958,0.15026018,2.6194887,1.8273132,2.238681,0.06077768,0.77624154,2.2394235,1.9564003,1.0713857,0.6098458,0.39898312,0.39348873,0.4124694,1.4508516,1.1254725,1.30886,0.0,6.1476364,1.269689,0.39754632,0.8036719,0.7557038,0.068020105,1.0802345,1.2228966,0.025195315,0.088162914,0.36776415,0.65267915,1.2197773,0.46233934,0.19261768,0.216088,0.7544376,0.15385349,0.5131228,0.32318977,0.8002549,0.015825657,2.5359051,1.0890284,1.7270696,0.3077345,0.44753176,0.47862425,1.1463658,0.18486874,0.30408573,3.1552403,0.4868283,3.0531015,0.45121306,3.6298385,1.1184967,1.1018264,0.9324856,0.53241193,0.63037795,0.40520674,0.40363082,0.45123354,1.1121552,0.0049442914,0.863863,0.5109292,0.07596414,0.6187722,0.7883172,0.3107076,0.8066046,1.2966883,1.225084,4.28867,0.4567242,0.8636102,0.5573352,0.6941449,0.16771266,0.799925,1.8954172,0.25684598,0.31949735,0.79728824,0.049830165,0.1500781,0.71756136,1.2836171,2.473557,0.14560471,0.153315,0.40007514,0.9328848,0.7091723,1.3007933,2.035253,0.7921671,0.4358645,0.6084959,4.068435,1.1496257,0.57474446,0.01507197,0.5089351,2.8737001,0.8065771,0.20303169,0.23055586,0.99983495,0.5184495,0.99216866,0.20206642,0.03883606,0.38049763,1.2188423,0.21297231,0.63506085,0.5831174,0.8136378,3.3392415,0.9702261,0.6980301,0.97923964,1.0947256,0.21862242,1.467499,0.49858862,0.7984937,0.28862908,0.052207567,all_pothole_images\pothole_images_optimized_image_53.jpg
0.735797,0.98457116,0.75087684,1.5928307,0.19491388,1.5865699,0.99159604,0.08239635,0.80681574,0.49169523,0.12832934,0.96560216,0.62223923,1.4496449,0.39703336,0.84910697,0.251974,0.5494339,1.6922963,0.69060427,0.77058256,2.1322567,1.1156025,0.3259776,0.3303968,0.5398583,0.050515134,0.7725764,0.28123343,0.3118171,0.048492208,0.24746834,0.63901603,0.24915737,0.72030234,0.74936193,0.57068205,1.0197256,0.87086034,0.7867812,0.8905417,0.5225691,0.9613392,2.0165443,0.14171284,0.7705103,0.011290321,0.416117,0.44788453,0.6505211,0.8840017,0.71974796,0.53745306,0.1946619,0.60624665,0.38780347,2.1280038,0.2724223,2.1046114,1.6590424,0.4760074,0.8132421,0.29375088,0.17837146,0.46891016,2.492251,0.59867007,1.1863798,0.84320956,0.64840657,0.081757955,0.20234187,0.2938699,0.15832262,2.2560534,1.0792228,0.2489064,0.1285025,0.56270146,1.2290351,0.35160857,0.06366874,0.023499615,1.5504072,2.6743336,0.2872998,0.09707694,0.27347618,1.7472119,1.1428387,0.83305293,1.9966779,0.059284426,0.27108508,0.67285806,0.17890723,1.0755798,0.20440565,1.4989932,1.0605736,0.09232486,1.9726381,0.69437623,0.3933852,0.95201516,0.38553244,0.43498477,0.79924726,0.72837627,1.1865366,0.037861314,4.4741187,0.014596772,0.38590035,0.7697582,0.49745566,2.235223,0.5489078,1.3804708,0.4891626,1.8763273,0.82773924,0.655065,1.4723731,0.45513248,0.28056148,0.311901,1.7889818,0.40686765,0.2570323,0.22872928,0.076198384,0.5340628,0.067611784,0.0,0.042284574,0.07460283,1.058259,0.18321604,1.2411827,0.21081908,0.49649662,1.2070929,0.71118367,0.13473178,1.2794471,0.92595094,0.085956454,0.7865446,0.17712167,0.457701,0.21381105,0.1046624,0.17666472,2.2524219,0.92657316,0.15723233,0.71909595,0.6779612,0.35222912,1.7346926,0.17440625,0.022091763,4.8795376,1.1629487,1.1760894,0.40388495,0.11324145,1.2813305,0.1897502,0.10907065,0.0,0.34094596,1.0525512,1.5431418,0.10768582,0.09782525,0.06357334,0.5441587,0.22539066,0.6675626,3.443673,1.1169463,1.8557981,1.3524511,0.6719126,1.0957685,2.165931,1.2977414,1.234812,0.6792583,0.21098042,0.102246985,1.6554548,0.10243388,0.11257006,1.5387161,1.8238945,0.57847995,0.61774975,0.21100047,1.4695895,1.1825219,0.32114354,1.5858301,0.15050095,0.7335434,0.7598028,0.34304482,0.19416723,0.0075348835,0.07388829,1.251297,0.70079255,1.8357164,0.48124745,0.025000883,0.26721075,0.3275166,0.4157068,0.12934946,0.69799757,0.42149192,1.7892835,0.42227498,1.4518886,2.9628105,0.3990498,0.7307728,0.042494763,0.33103347,0.16567358,0.09450938,0.08974474,1.5782874,0.33432972,1.3162712,0.3922435,0.018148676,0.013727344,0.25400263,0.5996386,0.0073583233,0.33651915,0.080739275,0.13009977,0.56607467,0.18243039,1.8120083,0.80597305,1.8502789,0.50431854,1.9082563,0.11770024,0.49221948,0.5542135,1.9582199,0.97273904,0.6156511,0.3913171,0.06582131,0.0076740673,0.19667326,2.4190419,1.2175131,1.0537139,0.069597855,0.1501606,0.0,0.19347133,0.4291458,0.029684344,0.0,0.4210481,2.0987246,0.88217366,0.6683206,0.7735644,0.010205978,1.0640106,0.040969808,1.3360245,0.0561431,0.5335244,0.6438694,0.11265052,0.37474713,0.7020486,0.41491076,0.102407336,0.6123868,0.6410317,1.0799146,0.73032963,0.110297725,0.2820056,0.8408593,1.6580492,0.5463182,0.12380771,0.13825966,0.5354784,0.5072411,1.2550455,1.554592,0.4339588,0.060215764,0.6677977,0.29886833,0.37328327,2.3164124,1.5745275,0.9693812,1.3087647,0.31235886,1.1539729,0.85465676,0.4395858,2.7640705,0.072513856,1.1618718,0.40738514,0.10204576,0.34652662,1.9738264,0.89433604,0.12319799,0.0,0.33924448,0.31812748,0.4593763,0.93364793,0.24901062,0.067006856,0.06238448,0.26417983,0.38056648,0.6018914,0.12496656,0.80199766,0.26238936,0.5863113,0.5528638,1.1174629,0.4565618,0.1584066,0.20485404,0.13924125,0.029378014,1.2019547,0.28654185,0.16798107,2.348507,0.14886224,0.38801003,0.07656391,0.25683135,1.7392215,0.7020074,0.15316476,0.74159974,0.5172134,0.29890296,0.57865,0.36255264,0.45835674,1.4952492,0.51353055,0.7391808,0.073592104,1.4392323,1.5607464,0.6466186,0.6298368,1.7569412,0.19781868,0.46952787,2.0066068,0.4986773,0.69318056,1.2594476,0.37110886,0.87029576,1.4207069,0.7247302,1.009709,0.56767166,0.0,0.40179634,1.0744191,1.122848,1.5990821,0.1548313,0.7732296,0.22474277,0.20171963,2.0034516,0.5860167,0.62591964,0.004903527,3.326365,0.5004374,0.061767627,0.8804466,1.1042395,0.019629577,0.116483994,0.7196064,0.0,0.41206485,1.019551,1.0485932,1.6202843,0.37602186,0.07882454,0.071167886,1.8075125,0.20721455,0.25321198,0.10094456,1.5060748,1.4925234,1.0155581,2.234535,1.990205,0.23565814,0.79614854,0.55134773,1.7403525,1.886751,0.37864318,1.7626208,0.46541318,3.0197642,0.6170116,3.9330568,1.3531158,1.3688626,1.1541008,0.15942301,0.06619308,0.2781386,0.015469037,0.8262676,0.3008264,0.017201938,0.7331993,0.40200296,0.007425869,0.5833001,0.14132068,1.5777416,0.13729517,0.9669756,0.94493693,3.2721126,1.1310363,0.18702202,0.38347155,0.92622936,0.2305297,0.37612757,0.7266747,0.35704467,0.9010016,2.4450593,0.4870664,0.41182327,0.28907925,1.5948025,2.279754,1.4185202,0.34221485,0.45004058,0.57701343,1.1606758,0.38903713,1.2063942,0.4724191,0.5825417,1.2944148,4.4177732,0.5014595,0.17427288,0.052551817,1.0563873,2.3265924,0.005332565,0.74632883,0.2959535,0.9864936,0.08100321,0.025867892,0.4261128,0.66603506,0.74277294,1.2675844,0.06423272,0.3434764,1.231609,0.9630768,3.0509095,1.4285609,0.4891555,1.6065506,1.2641001,0.0631611,1.1219858,0.50599575,0.7010155,0.3325604,0.71622175,all_pothole_images\pothole_images_optimized_image_54.jpg
0.5377899,1.936382,0.5346084,1.7323352,0.31412253,0.30400687,1.8164582,0.06901311,0.105789594,0.6181284,0.22346418,1.0868204,0.76399493,1.7937456,0.17480749,0.1604688,0.40534747,1.5870215,1.0965912,0.19583263,1.7150407,1.8985673,0.9412521,0.41619334,2.1524277,1.2613636,1.4067307,3.425647,0.21225627,0.11906078,0.6498255,0.029508492,1.0299603,0.32488632,0.6372912,1.672156,0.11765765,1.3305857,0.30140182,0.11774635,0.020263039,1.3865709,0.1877915,0.6513092,0.2031995,0.15402785,1.4631883,0.18897572,0.021534413,0.13762507,0.025850752,0.67165726,0.94163996,0.07918389,0.02789526,2.2057924,1.0124705,0.022084264,0.57261634,0.5708216,0.44543356,0.1729015,1.620207,0.2251174,1.9881492,2.0867612,0.35303918,0.11614515,0.34429565,1.3982693,0.41335887,0.1519604,0.15243067,0.051821616,0.029005961,0.03522117,0.2815454,0.2000201,0.0,0.007509362,0.7614849,0.0042768596,0.45230094,0.7882948,0.059223857,0.11111401,0.055008274,0.012569932,0.7777911,0.17455243,0.21222974,0.7735293,0.044872317,0.17516856,0.2390044,0.045450184,1.1095804,0.32291403,0.12971887,0.99252707,0.13017043,4.353136,1.3397397,0.26015857,0.42139715,0.34510133,0.024439827,0.087507054,0.3049266,0.24346012,1.0579287,0.42331648,2.8600302,0.5390285,1.2368306,0.09344789,0.3392287,0.33233264,0.1071152,0.7962477,2.094252,0.3096734,0.30620107,1.5107737,0.31215104,0.277734,2.4815028,0.73712397,2.0620935,0.073808245,0.73739475,0.24543142,0.024080154,0.3077268,0.38149294,1.4072331,0.7474277,0.29894835,0.36131153,0.25124478,2.423931,0.41536292,1.0840262,1.2434968,0.3477454,2.0445979,0.7256577,0.28687578,0.19044407,0.04223945,0.337688,0.2547721,0.0,0.041959018,0.55787075,0.43224424,0.4466492,0.387188,0.7803231,1.1750946,2.8798697,0.6436811,0.0024043808,3.2324936,1.0900666,1.2143632,2.5895998,1.0550357,1.1308596,1.3769298,0.549339,0.734657,0.12860645,2.4235945,0.25346196,0.4585185,0.35182264,0.2554911,0.67033464,0.18460073,0.48465678,0.89832264,1.8144746,0.24735326,2.1625097,0.020174617,0.7055716,0.89106053,0.1636624,1.1764736,0.47160968,0.5840915,0.5902116,3.4418793,0.29509014,0.293294,0.08493937,1.5029569,0.014096905,0.32940778,0.14526945,1.2801279,0.64383066,0.6480732,0.10673971,0.15629579,0.9989129,0.027349927,1.3695085,1.5780947,0.0,0.28252572,0.18821253,0.086377434,1.6302937,1.68423,1.8049251,0.31576377,0.24709839,0.16433287,2.8810418,0.16933218,1.0889853,0.110918984,0.032741066,0.15193154,1.8357645,2.1487024,0.3712757,1.1177611,0.65859765,1.1672974,0.23767523,0.27427846,0.18472548,0.0,1.045697,0.62423784,0.22177354,0.3784677,0.0,0.0,0.7149824,0.21614261,0.36612234,0.38271838,0.8277197,0.33943844,1.4811773,5.4346237,2.6092834,0.12855916,0.20557527,0.2754976,0.09364774,1.4903234,0.6922824,0.32140186,0.78273827,1.9851029,0.48073152,0.039567616,0.22836596,0.70060563,0.05025338,0.4693826,0.8887793,1.648557,2.774381,0.20611957,0.034971505,0.4401607,0.039604984,0.36096457,0.14124744,0.4000842,0.5099409,2.143244,0.17585368,0.27153352,1.2720762,0.121667765,0.56166875,0.99435455,0.63358927,0.14657754,0.5908006,0.037901305,3.6226668,0.14871685,0.40757656,0.12867628,0.5066101,0.8136138,0.041809004,0.313878,1.033594,0.41782853,0.12749659,2.446116,0.023005081,0.4520947,0.022740288,0.022747885,3.4883072,0.0013574704,0.686435,0.014178619,0.016703732,0.14985338,1.3025521,1.7899635,1.6157745,1.2511458,2.1092682,2.3505056,0.53177726,2.2847848,1.1898708,0.53955513,0.38783008,0.011568391,0.47894785,0.3747241,0.6950133,0.08252831,0.060178746,0.08974428,1.0905914,0.35765043,2.1016896,0.07073878,0.18054457,0.47693306,0.1130461,0.0080234455,0.4642872,0.5485855,1.3550823,0.41188675,0.036661983,0.5733131,0.89169997,0.21010539,0.47642648,0.69217867,0.37002307,0.47384137,0.16035363,0.41189682,2.9747152,0.038316093,0.4643434,1.1691655,0.04688092,0.11637602,0.008200496,0.9802255,0.03849832,0.0010207035,1.7471621,1.1992414,1.7566708,0.93720293,0.0,0.0077616875,1.8089149,0.033100497,0.98653555,0.60793656,0.2542479,0.17625065,0.30147845,0.10647095,0.33664143,0.117516726,0.16629341,0.28848413,0.94548595,0.8087576,1.0797471,0.07546341,0.135862,1.0357805,1.6068127,1.0188029,3.1504793,0.052233107,0.111718655,0.35177788,0.44342592,0.4817386,0.005312612,0.546796,0.15752012,0.17570819,0.89494044,0.34439722,0.18098153,0.39273772,0.4180446,1.6503974,0.1845527,0.7531497,1.2813848,0.05710822,0.67513984,0.8750207,0.026787499,1.0691726,1.5716625,0.96986264,0.003845651,2.0532525,0.36051577,1.419914,1.4014064,1.0256358,1.2827455,0.033796053,2.9575515,0.2998184,1.3841285,2.516018,3.506889,0.21110572,2.1390054,1.3184719,1.0783795,0.36431012,0.6942501,0.3854902,0.023990884,0.59859645,0.620648,1.0109198,0.057071574,0.5279107,0.09196285,1.4711776,0.30026972,1.2147588,0.053697214,0.029636879,0.2594631,0.0,0.28713036,1.4508227,0.5179531,1.7533367,0.47691968,0.8162429,0.57758695,0.40408635,0.12891859,0.6042872,0.8680082,0.05080649,0.111132085,0.19967748,2.6878717,0.54312384,0.15182734,0.48009115,0.40293866,0.32563278,0.0,0.0,0.23162864,0.77006084,0.9318528,0.7499888,0.59361,0.44594344,0.38987356,0.021098573,0.9729004,1.2796654,1.2081333,0.010351757,0.29942036,0.53215927,0.35340434,2.3099804,0.01842258,0.1645237,0.41042855,0.026905611,1.3284439,0.08391458,0.34025437,0.69600505,0.15253654,0.85558647,0.037972182,0.2346351,0.5809592,0.0,0.7981184,0.06884533,0.9656851,1.14219,0.21020088,1.107058,1.7022029,0.309165,0.06751409,0.114966504,0.3127714,0.4405053,0.39540634,0.7532217,all_pothole_images\pothole_images_optimized_image_55.jpg
0.9855975,2.2127337,2.1338122,2.7156296,0.56178063,0.42447498,0.31626204,0.5435396,0.3149106,1.5885657,1.2915609,0.00085635635,0.3968079,3.2596695,0.50668806,0.634795,0.13946885,0.28322002,0.53441554,0.13649848,1.5023541,1.2014469,0.6675314,1.8638905,0.55959827,0.49933147,0.059814606,2.54295,0.5223244,1.4619648,0.74874276,0.2890666,0.47535628,0.66268235,0.81514794,1.260697,0.7102105,1.3617046,0.5075589,0.23808208,0.50328267,0.74986035,0.7771935,0.37080508,0.90242374,0.5884868,0.2947463,0.084587894,1.2678628,0.21126609,0.6858084,0.37281114,0.8015481,0.0025881997,0.5440423,1.4094063,2.7588577,0.09426957,0.3303124,0.42913997,0.29472056,0.14607339,2.071347,1.062784,1.3954774,0.6128868,0.041085914,0.053465646,0.22067548,0.8131429,2.1045597,1.0089899,0.6427082,0.7776678,0.60743284,1.2635177,0.2031991,0.27675295,0.7560717,0.8513957,0.35183746,0.533317,0.62547314,2.6452448,0.37237072,1.4414763,0.698345,0.31550336,2.6655853,0.3773433,0.18845993,0.62912965,0.38659382,1.7186968,0.6578634,0.4804488,0.030959785,0.26589188,1.8084216,1.7175784,0.3160766,2.9550743,0.5277014,0.37817416,1.8296978,0.0,0.26025766,1.0521998,1.0515422,0.4287442,0.17376055,0.6366721,2.0157468,0.45237243,1.0163076,1.0712208,1.4696132,0.26161873,1.4682592,0.84898245,1.3177094,0.8253868,1.8669655,0.9584348,0.60052806,1.1766893,0.68707156,0.40809935,0.98147786,3.2075136,1.0436193,0.0664012,0.48476806,2.4977164,3.1527247,0.91081303,0.69480366,2.408719,2.422062,0.41759545,0.4413483,0.4888423,1.0909752,1.9356664,0.75131094,1.6209935,0.0021751598,0.08897427,1.5436566,0.8511757,1.2091113,0.9068685,1.0222713,0.9681063,2.7783024,0.5828228,0.6255352,0.9306643,0.3003735,0.63396144,1.4115806,1.2563876,0.7166271,2.6573298,2.0175428,0.32017714,1.0984522,1.8210435,4.2622375,1.6673319,0.47195184,0.06939611,0.29629368,0.9552846,1.0433812,0.53843534,2.8930984,0.95922804,0.28643087,0.73545915,0.18637517,2.0000985,2.9061437,0.6673038,2.321447,0.5428477,0.4818164,0.81909347,0.16312797,0.52675337,0.5233748,0.82877785,0.33744168,1.4342352,0.51062125,0.39066148,0.26798287,0.62642556,0.5556076,1.8840388,1.6225243,2.0250664,0.8818621,1.5571238,1.743889,0.60336924,0.2291156,0.5263651,1.8509064,0.35247707,0.24363308,0.9845679,2.5340118,1.4347881,0.9288771,1.7384864,0.8576264,0.25638935,1.2173734,0.77724457,2.2396972,0.3293007,0.8474205,0.2932683,0.04696293,0.29420638,1.8625768,0.6231004,0.6840543,0.31293258,0.2194864,2.055432,0.33228862,0.6860761,1.026619,0.60908407,1.0119133,0.16530603,0.79735464,1.7022555,1.3504751,0.70523,0.93352735,0.51039135,0.85767514,0.14506297,1.2694806,0.16064751,0.5778545,3.7454083,2.0491498,0.45314482,0.11881715,0.77012336,0.39140323,0.30978653,1.8581749,0.6329295,1.1202445,3.981362,0.5231907,2.391933,1.5207214,0.22104816,0.28470516,0.5754932,0.13780184,0.28440246,1.7596158,1.2985923,0.060489383,0.09395607,1.6166339,0.0,0.13024308,0.63905525,0.27852726,0.77066505,1.7258247,1.2528023,1.4319423,0.170614,0.23739414,3.5287457,2.733432,1.7314942,0.64433694,1.3427932,1.4892136,0.6968915,0.3089048,0.60433775,0.0049176547,1.9789447,1.6512716,0.112223275,0.3570905,0.97697306,0.84945196,1.136583,0.07012387,0.9171814,0.28640702,0.9199272,5.304114,1.0560459,0.11588836,0.91246676,0.35949045,0.61257404,0.041425347,0.86995506,4.3535137,1.47525,0.27160546,0.8969583,0.4944559,1.0683413,1.8310674,0.23545934,0.4870504,0.16351186,0.24011192,0.9414183,0.54848933,1.4777778,1.27781,1.4586207,0.43769035,0.71162546,3.1638782,0.42572993,0.009677155,0.34538156,0.49053907,0.53073794,1.8126317,1.0307364,1.6111848,0.61555225,3.0499125,1.6232595,1.752581,0.32731333,0.84368974,0.09522101,1.628512,0.28546134,0.2862861,1.3386049,0.8439701,0.077175006,0.091981575,1.9045801,1.0789782,0.05547982,0.14354248,1.6551707,0.9536268,0.8511293,0.04226078,0.27369907,1.4062774,1.4331486,0.111867465,0.22995777,2.0526586,1.5222992,0.10663425,1.4771794,1.2935218,0.7101848,0.28355274,0.48128054,0.92371196,1.3012471,0.105018124,0.2513776,0.17219092,0.59080774,0.23888144,0.80560845,0.41185346,1.1377425,4.7586923,1.9479518,3.89732,4.8309984,0.1602818,2.450682,0.72672224,0.9097612,0.041295934,0.98827296,0.30208147,3.1497858,0.6924475,2.051134,0.27831745,0.09747242,1.4715089,0.71990824,0.14931324,0.9206549,0.27341402,0.23789394,0.85179526,0.7399628,1.0312507,1.1668798,0.67333305,0.032054853,0.28631103,1.0076238,0.12463414,0.3384883,0.52211666,1.9194943,0.5170135,0.94433266,1.9354675,0.4699382,1.995476,1.2614822,2.305217,0.9396433,0.7999336,2.2070417,3.475056,1.7212098,0.8666953,0.762837,0.45574784,0.37430003,1.0044081,2.9623916,0.78504384,1.9596314,0.40198377,0.97909915,2.3193803,1.3764819,0.20257023,0.21000445,0.06792802,1.034324,1.2794275,0.9337705,0.7528498,0.3871528,1.2221626,0.60582733,0.8751826,0.556732,2.299672,0.5152197,1.652331,2.193874,1.2770209,0.78519934,0.89319676,0.18786582,1.0541611,0.810846,1.3969529,0.4356318,0.18866298,0.05748809,0.62666523,2.3975592,0.93133855,0.46697688,0.5681566,0.4597861,0.434297,0.8604879,0.818433,0.5730859,1.1398573,0.37284032,0.52929085,2.6983807,1.5161315,0.16152312,0.073338196,0.9505033,0.51378435,0.6375083,1.0307939,0.27024302,0.106557354,0.9539509,0.21389647,0.17301212,0.5085223,0.5522584,0.030064913,0.13662072,0.48416787,0.6267426,0.9567388,3.2444112,0.4480025,1.1737146,0.29000375,0.053721514,0.6487829,0.9563831,0.38409537,1.0986105,0.6228566,0.63926643,all_pothole_images\pothole_images_optimized_image_56.jpg
0.060909405,1.3935473,0.10813827,0.80172837,0.38414046,0.14672847,0.03761514,0.095361024,0.27486688,0.6443268,1.1536437,0.74904335,0.59293133,0.27586746,0.0021572923,0.105771,0.22815795,0.0,0.25721696,0.041075442,0.16454989,2.3338695,0.27010614,2.0019176,0.026337817,0.8843669,0.028120795,0.9344009,0.090219595,0.4022722,0.38305476,0.18267868,1.0586692,0.18503737,0.9419884,0.6566055,1.2211235,1.1742597,0.08681324,0.090114065,0.107298985,0.65504736,0.55022836,0.5038496,1.3179551,0.0,0.0033827787,0.29767615,0.14710562,0.1441471,0.42107952,1.1467783,0.41318014,0.16479369,0.04445881,1.3255546,1.7525742,0.20565154,0.24881083,0.27827695,0.04402026,0.04942373,1.4547057,0.3378681,0.32718685,2.1235352,0.3074124,0.070603095,0.10831134,0.9650343,0.56049025,0.15201867,0.03305975,0.0,0.12458612,0.71935076,0.028967531,0.17486782,0.045797765,1.0683047,0.015616355,0.31787854,0.023071848,2.9370224,0.34084526,0.8687088,0.13637748,0.0022656694,2.3994746,0.655182,0.047399443,0.3839357,0.05772139,0.06285332,0.08606606,0.055436414,0.7752401,0.90628767,1.0485932,0.65677136,0.32438177,1.7108302,0.5000054,0.25446522,0.3546897,0.06981329,0.6119162,0.0,1.1506604,0.2799446,0.11681201,0.85434043,0.25871116,0.0033856852,0.7067402,1.3022861,2.2238972,0.9177787,0.41408634,0.396749,1.2840087,0.023513574,1.4469575,0.15051717,0.22891407,1.3192867,0.19350545,0.5739707,1.0840248,0.99168885,0.75142413,0.04746698,0.33950287,0.017180664,0.16146426,0.30096427,0.2432749,0.568296,0.77758586,0.1942734,1.3695068,0.4898719,0.12059302,1.7953501,0.32917446,0.121872455,0.069578186,0.12969032,0.5226227,0.97949964,0.24912167,0.65910184,0.08491399,0.20751943,0.98418146,0.058821708,0.38685068,0.09233842,0.02981988,1.2021272,2.4601429,0.040596202,0.09120392,3.353004,0.49965292,0.0,0.12966505,0.21836491,0.2724352,0.59261036,0.0,0.024001224,0.025918232,0.46808612,0.1253111,0.072561085,0.211046,0.0,0.18628263,0.5347053,0.004777381,1.652035,2.3289402,0.7853679,2.833477,1.1922464,0.33381137,0.31766832,0.0148204705,0.64999557,0.17979293,0.13511413,0.42268282,2.1209106,0.021689994,0.42225292,1.1097178,0.2970673,0.119559266,1.0326098,0.28421643,0.09404191,0.15551166,0.8958181,2.3527708,1.3963857,0.32341677,0.0033899979,0.59277844,0.051996186,0.10671781,0.894459,0.50258774,1.3547294,1.5240709,0.46048766,0.11311323,0.14602731,0.6069472,0.2064016,0.51148844,1.2776141,0.09334667,0.49335176,0.06945229,0.102292456,1.6237735,0.688533,1.5289185,0.021358032,0.023265233,0.43855122,0.03515093,0.009682519,1.6824443,0.0019237454,1.6428764,0.0,0.016237173,0.13840841,0.25004297,0.073590405,1.0139521,0.1362702,0.05332581,0.019006355,0.5195595,0.46903485,1.2555147,2.87058,1.1526499,0.21890768,0.23160465,0.70662826,0.55605257,0.039530553,1.6158464,0.14965235,0.06325218,1.2982278,0.197826,0.9807972,0.3955882,0.17370605,0.7617879,0.3335681,0.029682757,0.6243146,1.4308101,0.83805317,0.6247118,0.00385922,0.05864981,0.75790995,1.0419089,0.67677176,0.82693,0.6630349,0.23306486,0.3673157,0.4738024,0.18955192,0.22522818,0.14115469,0.46772188,0.6465357,0.24835162,0.290606,1.3168739,0.041727595,0.6290901,0.0,0.009347638,3.1628566,0.87239695,0.21523272,0.41539624,0.39024532,0.31772065,0.87869793,0.16689472,0.56321627,0.015480799,0.22872962,6.2319794,0.07366723,0.10850809,0.6220373,0.095489375,0.034186438,0.2924977,1.5506501,5.549528,1.6327155,0.18104778,1.3407009,0.102258466,0.89065075,0.90699244,0.29130426,0.46535027,0.4004819,0.004076425,0.13226694,0.26895502,0.99662745,2.5909123,0.13137545,0.07843871,0.121407464,6.0739503,0.1605915,0.14013067,0.6223049,0.0,0.2244045,0.3417876,0.9982066,0.19246349,0.076630935,0.24520998,1.0362989,1.3985937,0.0063277823,0.07478114,0.07960196,0.20699432,0.016761448,0.06988685,0.52269745,0.059022874,0.6173147,0.21715936,0.82503957,0.053296935,0.0,0.33572146,1.292383,0.5347016,0.41497123,0.03468519,0.0,1.4903839,0.19874315,0.02925018,0.06471246,1.5291867,0.8824271,0.24792336,0.9246127,1.2757083,0.09755087,0.10570276,0.25576746,2.186999,1.2655984,0.16013454,0.41438955,0.22954173,0.40144604,0.009408512,0.17384717,0.4481163,0.663121,3.8691392,0.8141649,1.7187287,0.038230967,0.0,0.46982005,0.39942303,0.6507256,0.077006824,0.057705626,0.20055836,0.27985013,1.0326197,0.83220345,0.7014885,0.0032594672,3.914431,0.536965,0.009018656,0.4440031,0.77431196,0.124223664,0.8031161,0.16668022,0.008358028,0.529673,0.0819512,0.742718,0.8635753,0.6697634,0.009620015,0.3446475,0.20862363,1.2716471,0.012950309,0.0,0.22170328,0.47537836,1.4086736,0.67834485,0.86724806,0.8445926,0.37878016,0.92603666,0.36034384,0.21945877,0.7230676,0.53235626,0.2586778,1.3718635,0.08724332,3.488668,0.20955251,1.5192654,1.2010249,0.30475482,0.48815972,0.14445975,0.3975222,0.25532916,0.07546332,0.05309809,0.9987653,1.112103,0.123435386,0.6277064,1.2826878,0.10684879,0.77284425,0.68783116,0.96185863,0.48967025,0.13453747,0.43202776,0.20933113,0.5259854,0.68102545,0.08499486,1.1589205,0.20385954,0.40389994,0.1771422,0.0,0.0020998379,0.4404066,1.7760723,1.341128,0.53670764,0.7930018,0.47912624,0.3982974,0.28224933,0.06998615,1.5113039,2.660759,0.17310971,0.50950235,2.734238,1.3685969,0.92981404,0.08304457,0.38201055,1.5257132,0.25377,1.1392432,0.094346285,0.14547879,1.0200653,0.9754319,0.005637278,0.037932213,0.07640311,0.17232095,0.065781936,0.062035006,0.031389464,0.41746017,5.352356,0.21748486,0.43258986,0.71786994,0.8192137,0.0,0.6963171,0.169022,0.2238019,0.2979918,0.11728872,all_pothole_images\pothole_images_optimized_image_57.jpg
0.2835223,0.23466283,0.23396051,1.5479931,1.0222175,0.06368623,0.2641807,0.11338657,0.16460115,1.6710289,0.2672981,0.03902179,0.011427941,1.598171,0.055298176,0.3566933,0.035008665,0.062250417,2.6254053,0.33913183,0.6703789,3.5684347,0.715286,0.6569039,1.2799352,0.82915324,0.024428284,1.4919181,0.34173578,0.44082493,0.21783848,0.11885787,0.7208016,0.07086762,0.63463724,0.80910313,0.6811537,1.26277,0.16354951,0.70394206,0.14348654,0.0015548595,0.31705803,1.2049482,0.5256481,0.04368587,0.35874346,0.0,0.67979264,0.0244266,1.3767245,0.6729724,0.306792,0.81426805,0.0,0.55513275,2.9526308,0.045263913,0.75704944,0.4337802,0.3128233,0.74154025,0.9982094,0.032562,0.060247645,2.0219655,1.1817698,0.12963815,1.0170742,0.098965965,0.068016306,0.24138904,0.00080661004,0.05741204,0.037459556,0.46290874,0.04180726,0.61508226,9.7140364e-05,0.6210251,0.11805583,0.13032033,0.09566276,1.1721277,0.38517216,0.07065772,0.34644926,0.44895694,1.8915011,0.22939631,0.11168149,0.08315606,0.18363668,0.11616701,0.35931322,0.28684893,0.6077474,0.6595966,1.3220667,0.98883116,0.07731868,3.2794907,0.49295416,0.14120038,0.3955156,1.134267,0.019977212,0.026836492,0.24972498,0.34063226,0.05006756,2.9357617,0.10587833,0.15455398,0.7927106,0.38307807,1.0560889,0.1371505,0.8831071,1.3657649,2.8013246,0.7806466,0.2861099,1.049491,0.42358047,0.45192516,0.6787502,0.17353535,0.07254119,0.4675989,0.08702405,0.14400324,0.70108,0.22373994,0.50885326,0.08652342,0.046234295,0.9162819,0.116413385,0.26834556,0.1852631,0.3823848,0.0015789167,1.4441891,0.0011330617,0.010055314,0.4338584,0.33858794,0.67493445,0.20513515,0.6797444,0.4607214,0.012365243,0.742683,2.3813074,0.17217267,0.19410682,0.32561257,0.4221934,0.37255442,1.4919841,0.34938505,0.0030747156,3.2041676,0.9134482,1.396622,0.28776386,0.1272407,0.39107704,0.26972356,0.80967396,0.28835228,0.48980287,0.72254163,0.5565127,0.0047469125,0.21553524,0.0,0.053521622,0.0015060633,0.35913047,3.1091728,1.3963035,0.2841577,1.1588132,0.76067835,0.1367371,0.34641564,0.626157,0.765726,0.036650334,0.27385494,0.0,2.367349,0.164056,0.047983013,0.39180058,0.2578124,0.33590895,0.6079222,0.00049011654,0.9196257,1.1155255,0.8434766,0.52525175,0.17988499,0.032426823,0.35604998,0.20256127,0.2170707,0.0,0.4680757,0.94756347,1.4247198,0.9702187,0.17901477,0.115118995,0.24883385,0.5525589,0.39068443,0.92880744,0.7811284,0.36664766,1.4551063,0.20176564,0.006739347,2.3114696,0.40179768,0.017709536,0.0,0.1625407,0.49073595,0.47678864,0.017520126,1.293021,0.05038947,1.3771006,0.028441003,0.10731697,0.0052894047,0.24955171,0.031078052,0.092688344,0.116281174,0.19334623,0.04124584,0.07819601,0.018892871,1.0725404,4.474702,5.7045193,0.062568694,0.1472509,0.15140949,0.2349877,1.251977,0.6720043,1.0104191,0.4878741,2.2094846,0.25729686,0.06161224,0.7275668,2.4930525,0.42887107,1.0213356,0.49600297,0.056134015,0.7214346,0.091279775,0.6739603,0.33625838,0.8806089,0.098666765,0.662038,0.13436912,0.71780914,0.19843173,0.13735646,0.26339605,0.28934503,0.43949065,0.044234484,0.1765603,0.25971824,1.1034865,1.0870398,0.4619726,0.35879174,0.15722987,0.23550302,0.23747626,0.07646446,1.0083148,0.6465545,0.12569863,0.6236198,2.5099142,0.26047936,1.8873492,0.0029053658,0.24814028,0.080329545,1.0321782,3.1989348,0.5245201,0.19079491,0.48595023,0.17059088,0.25552258,1.6165756,0.81664324,1.1966234,1.2474836,0.34243497,1.7292498,0.04695513,1.2567774,2.2710133,0.15897363,0.16324389,0.1256611,0.050064676,0.122311436,0.28324896,1.1471443,0.61306095,0.006991548,0.9003682,0.2890176,0.2655234,0.6561514,0.22222725,0.0033712382,0.27037886,0.69535494,0.44176129,1.4820734,0.09057533,0.6836011,0.33785012,1.1246202,1.131886,0.102266155,0.748129,0.07351355,0.0062338402,0.3832728,0.0,0.26993605,1.6709663,0.041156575,1.1351111,0.5816093,0.33453298,0.5110998,0.4405836,2.5238764,1.114449,0.16196935,0.027969448,0.19985843,1.2776128,0.28482944,0.003023205,0.1832248,1.5580848,0.13409525,0.0012954694,0.11182003,2.1900492,0.25544792,0.38189456,0.2384464,1.5090382,0.24500142,0.0,0.040780142,0.0037632696,0.15276168,0.77648973,0.010409102,0.16834775,0.1803962,3.9565728,0.40373453,2.0575774,0.23630525,1.3395134,1.7074636,0.16413116,0.45934892,0.18364029,1.3352605,0.28649756,0.0,0.8968725,0.75094306,0.29014334,0.08398736,3.590791,0.23179017,0.65086234,0.5892341,0.0,0.059659626,0.16248348,0.103427604,0.06472982,0.46637717,0.0044805584,0.26539636,0.549051,0.6685687,0.21551904,0.25010547,0.21774198,0.6398544,0.27441496,0.0,0.6716953,0.08823868,2.336135,2.2857556,1.5164263,0.3546653,0.82064474,0.7663817,0.646,0.5571729,0.1410395,0.7566429,0.014127741,1.7074999,0.96633554,3.8095756,0.26771042,0.42535567,1.9088938,0.24773547,0.18300922,0.7614793,0.52442974,0.4351338,1.259892,0.06651869,1.2900693,0.18880185,0.004239943,1.7626361,0.18974063,0.08249332,0.25041977,0.32444796,0.76421773,1.2307082,1.1199104,0.17376886,0.39796,0.747544,0.13251904,0.01153439,0.9066793,0.0,0.39337876,2.4639862,0.48037812,0.034590412,0.0,0.44418567,1.3602538,0.3261839,0.19850864,0.47579917,0.17215818,0.49380538,0.9671921,1.0446517,1.33096,0.16810976,1.2499851,3.0304627,0.8787955,0.19908014,0.09907793,0.06025944,1.0609545,0.055187345,1.4035985,0.004135573,0.00391808,0.874129,0.34633088,0.042831294,0.0,0.3665112,0.6060821,0.42250982,0.74892473,0.0033722615,0.5672537,3.9769037,0.49398366,0.5171989,0.19720174,0.28732038,0.0,0.2650306,0.32415038,0.95660526,0.39768654,0.17463227,all_pothole_images\pothole_images_optimized_image_58.jpg
1.1409365,0.93424505,0.16663022,1.4180902,0.31068572,0.3193786,0.23070394,0.123753965,0.4444629,0.44306338,0.31956425,0.03607115,0.5460475,0.43346077,0.18314505,0.027719803,0.056097962,0.95155597,0.0,0.081839874,0.576893,0.5448503,1.224313,1.668882,0.017055592,0.5260403,0.25288615,1.8594762,0.08907283,0.04466199,0.01861032,0.05066613,0.018720726,1.2480047,0.39814126,0.81751794,0.41657704,0.2890101,0.58981097,0.004548308,0.0,0.10754615,0.71817374,0.7142889,0.2244924,0.1279072,0.17918244,0.8007689,0.017856667,0.31995803,0.25348198,0.0064429035,0.5698864,0.074548125,0.033063047,0.404759,0.7076879,0.0,0.463885,0.14850508,0.087350205,0.17701168,0.53747743,0.80100507,1.6369638,0.16817874,0.85340405,0.1501913,0.3347301,0.10059775,0.3574776,0.070586346,0.2564125,0.18411739,1.1034048,0.23894158,0.17754975,0.10370478,0.040025223,0.04135016,0.18914053,0.051709954,1.2990178,0.36502722,0.6935717,0.02406781,0.44718754,0.2205663,0.51168597,0.26305825,0.89185417,0.7914803,0.47522902,0.7274196,0.2542514,0.44821092,0.33499503,0.8510788,0.02581001,0.016126087,0.13209783,0.04892912,0.016172271,0.15992846,1.5414612,0.58104926,0.47549242,0.30971646,0.45217937,0.7782789,0.186335,0.09245594,0.9487666,1.2045742,0.798625,0.21183924,0.0,0.18634056,0.9224564,0.7232384,0.7107221,0.3846343,0.15321861,0.69693834,0.445928,0.27219212,0.0,0.15926443,0.47860134,0.8397635,0.70585996,0.20720229,0.0068567405,0.2877032,0.019492576,0.079081595,0.016245846,0.07938239,0.27185807,0.18544523,0.32098162,0.6801964,0.62610775,0.56912786,0.22260794,1.9522827,0.05066821,0.06522119,0.048531484,0.3134547,0.6207469,0.5772617,0.16336468,0.0,1.327581,0.9570605,0.7217115,0.6548876,0.7206165,0.4901716,1.6230068,0.86167437,0.29335597,0.21410774,0.5557457,0.08167039,0.6174218,0.21891296,1.3525139,0.79194844,0.14925703,0.21378691,0.053170003,0.0882467,0.28062344,2.3942282,0.6523551,0.0,0.7682934,0.100075446,0.059144594,0.77926844,0.020060737,0.19898634,2.3575194,0.4775025,0.01681394,0.11119834,0.36394423,0.21157584,0.18366241,0.5166553,1.1974747,0.6479081,0.0,0.12710203,1.2007991,1.3408122,0.86456525,0.2226571,0.13938324,1.3307148,0.07484564,0.15718628,0.6312295,0.191579,0.83131576,0.14706738,1.7635632,1.8627956,0.063012145,0.2841623,0.1630448,0.16248915,0.4762591,0.46517867,1.107784,0.11295704,0.19138476,0.06791756,0.64449465,0.004802823,0.62591743,0.1624925,0.0,0.018118046,0.51513594,0.0014681006,2.875452,0.019833047,0.005688859,0.0066480464,0.16264905,0.78295517,0.26303107,0.014427501,1.1761576,0.2750423,0.002013007,0.3535824,0.0,0.023443162,0.03008432,0.12348823,0.1709586,0.09412662,0.95250183,0.58082753,0.5431502,5.290619,0.095017895,0.020529868,0.0004335751,0.005396483,0.36370152,0.58890855,0.6566027,0.06645905,0.0,2.232263,0.33224797,0.40147913,0.29714704,0.33097807,0.0,0.58285534,0.35758442,0.5318457,0.86669886,0.09456846,0.19867693,0.36764604,0.6889055,0.34081477,0.22848183,0.38661855,0.115389414,0.034769267,0.13365342,0.28122094,0.30211675,0.15924628,0.25571728,0.0066138785,0.15487932,0.22065744,0.5595046,0.034678493,0.2650486,0.05436367,0.015435408,0.11076361,0.13933362,0.1723935,0.35677522,0.11675752,0.31237337,0.5096007,0.03638908,2.8552694,1.5357211,0.48877215,0.0,0.004331992,3.3323274,0.16733234,0.0,0.024160702,0.0017860604,0.026201922,0.62487984,0.66786605,1.8870971,1.0788901,0.103195205,0.0092537645,0.29811713,0.7604127,2.458768,0.060913052,1.0633303,0.0,0.26389408,0.6303463,0.16578332,0.17217168,1.0903593,0.014463096,0.33188954,0.0,1.715264,0.0050877132,0.07794847,0.020038145,0.0,0.0,1.5686698,0.09029355,0.56595546,0.2938646,0.25224236,0.5720159,1.8054163,0.73564476,0.31871176,0.31770936,0.2821735,0.5508422,0.07761132,0.24222037,0.0037714,0.4256443,0.01402255,0.032102633,0.41501215,0.3201409,0.011495417,0.9326899,0.23566793,0.42639452,1.1179925,0.218263,0.26823926,0.026724258,0.0,0.05544619,0.33402866,0.16203807,0.74546516,0.57728976,0.092404604,0.43337268,0.7244299,0.0060584764,0.5573017,1.1337973,0.35227603,0.03467502,0.34802082,1.2846365,0.64412004,0.00025209057,0.17805523,0.053567894,1.1464214,0.95341986,0.61307347,0.14615758,0.021111816,0.2946996,0.0,0.947713,0.11043892,0.9039006,0.0,0.6238966,0.53166604,1.2880625,0.7683246,1.0362912,0.38243243,1.2456143,0.22973862,0.0006529735,0.3791222,0.0,1.001833,0.039125778,0.093305,0.7339828,0.2566675,0.3841061,0.19758084,0.0053071985,0.06633645,0.21811596,0.6250999,0.48653403,0.34636325,0.14387614,0.15504803,0.7128528,0.037533693,1.1184623,0.8970456,0.0,2.4065888,0.5429246,0.213242,0.32123277,0.05318938,0.562604,0.22146094,0.1755108,0.17344482,0.15408054,0.01797058,1.0829767,0.115916505,0.095943935,1.0886973,0.23115003,0.23969771,0.31102866,0.30542132,0.0054948307,0.06616606,0.3039054,1.4851315,0.7278183,1.5116032,0.3017754,0.32524094,0.6500474,0.008057824,0.3304158,0.021541048,0.15444285,0.029790841,0.43537813,2.4922922,0.63493806,1.5795699,0.31225494,0.5069473,0.012882336,0.008124161,0.026922166,0.08669971,0.090242304,0.24361908,0.017035905,0.021726215,0.04035229,0.5371656,0.07595062,0.24230264,0.21759288,0.027752038,0.1192548,0.2979985,0.18992567,0.31664863,0.6234923,0.77823395,0.21750294,0.0043099443,0.35149413,1.0412251,0.0,0.19701633,0.30095837,0.006040753,0.12982139,0.08424023,0.0,0.062532075,0.05108622,0.34131616,0.14374372,0.31021354,2.5267754,0.39073557,0.31201032,0.100329354,1.9696985,0.71460646,0.11724539,0.0855327,0.86911273,0.26886752,0.30604342,all_pothole_images\pothole_images_optimized_image_59.jpg
1.7198237,1.8683914,0.9754499,0.7896523,0.3876781,0.99454856,0.037343707,2.1331556,0.14205639,0.25610316,0.38834867,2.0024838,0.5567115,0.075756244,0.22162324,0.29409564,1.0810409,1.1507596,0.07638324,0.3142028,0.55914336,0.49811745,0.81225926,5.002817,0.0,0.0,0.0,0.8984098,0.14696327,0.84773815,0.38767132,0.0,1.8359786,2.3644242,0.62033856,0.4918954,0.5685116,1.2978871,0.75793326,0.46763438,0.12379004,0.0,0.07057479,0.6874065,0.6752198,0.20673786,0.58860016,0.116127394,0.73419964,0.24405771,1.4729539,0.745915,1.0304235,0.007389161,0.43429312,0.13251112,1.3591325,0.26923117,1.2725047,0.105551474,0.22409135,0.023501495,2.2361155,0.8778473,0.04454853,0.2560253,0.7716864,0.61729515,0.6240838,0.05605734,0.36826682,0.80909777,0.060934134,0.81269616,1.0090809,1.2858117,0.005752403,1.392213,0.014607483,1.7899476,0.12153887,0.26818272,0.84121954,0.99604475,0.4778003,0.63054466,0.069293275,0.5608231,0.7317113,0.70193505,2.1415253,0.57632804,0.8483938,0.40909386,0.37124524,2.3365502,0.419668,0.8664086,1.3319794,0.14086267,0.1459032,0.041851774,0.82421374,0.29389524,2.6291914,0.0777262,0.11172015,0.27306056,1.0853674,2.5445216,0.3779014,1.9239045,0.49299154,2.0275176,0.17428572,0.58727795,1.7300533,0.15320186,0.1730646,0.83141094,1.6275619,0.34465948,0.9342234,0.99267685,0.900204,0.41062844,0.013053315,1.5092256,3.8915567,0.6984803,0.25406444,0.071111806,0.10450812,0.05668861,0.0,0.42722934,0.0028088354,1.6183842,0.25723943,0.625311,1.4379326,0.5622238,1.2400768,0.9129804,0.4071868,1.8127009,0.80369616,0.08057311,0.050494812,0.67424726,0.05210204,0.047146637,1.2362013,0.0024688202,1.2108538,0.6255104,1.5249263,0.073579736,0.2267287,0.2901223,0.9406325,0.076642096,0.0,2.0013964,2.1343977,0.0,0.5375982,0.45708254,0.7009379,0.5887472,0.53006613,0.53714585,0.0011094527,0.01014172,2.768215,1.8091701,0.7745616,0.001742899,0.27073735,0.89422435,0.069391735,0.9557843,3.8872774,1.899283,3.3243508,0.105879284,0.6165283,0.14806435,1.831458,0.024843544,0.26582244,0.16953966,0.41297227,2.0523646,0.91014254,0.0031337629,1.0125877,0.91493815,0.3299572,0.0118556535,0.40281045,1.3483688,0.8920086,1.4092866,0.8611127,1.2678297,3.6396883,0.10772419,0.5847959,2.1435845,0.046679687,0.35691732,0.11759499,0.9913992,0.3338837,0.017306523,0.25319448,0.19156975,1.0775586,0.1228698,0.4057258,0.7286563,1.5675006,0.2732894,0.60932,0.028940964,0.775967,1.4684476,0.36329213,0.18271376,0.0,0.05815826,0.26814845,2.4091961,0.2635796,0.00014792065,0.6113582,1.3164979,0.7144714,2.2186778,0.049740043,0.03721667,0.40838242,0.101240315,0.44066074,0.0895356,1.1996322,0.15172209,4.847311,1.4436262,0.5306006,0.39861274,1.3808662,0.020262683,1.6395417,0.9368186,1.3105556,0.005665917,0.21819167,3.8462982,0.0,0.124275066,0.22842038,0.9044902,0.4713931,0.4116394,0.5495414,0.3466596,0.3591197,1.5863513,0.58915275,0.38311288,0.821808,1.8025755,1.8913841,0.17635334,0.47284278,0.5447379,0.15900652,0.036991403,0.56988525,0.21618336,0.2479676,0.107382946,1.1821742,0.0127865635,0.1271984,0.25293005,0.06318653,0.09210031,1.8229724,0.9904651,1.8777089,1.9215884,1.632609,0.55152684,0.3944356,1.9303508,2.5116544,0.08109868,0.6834329,0.16627276,1.1012993,0.60224444,0.5228599,0.0119870985,0.25823253,0.17858912,0.21769445,0.19110161,0.53303045,1.1010436,1.9962616,0.6593864,0.00018585594,0.33605286,0.7411832,0.50423187,1.8108016,0.36788613,1.158787,0.81871045,0.8565954,0.47403538,0.29154637,0.6410139,0.4204159,0.0010587655,2.7349029,0.46095368,2.5776858,0.21065384,0.8998829,0.0010806443,0.88175446,0.11225698,0.2557943,0.24078067,0.6991975,0.40844312,0.59870875,1.1471015,0.2379873,0.122351654,0.9187988,0.05569383,0.027036682,0.09516673,0.067280166,0.9254279,0.015603982,1.0325161,0.023821795,0.2688628,0.043585446,0.16685152,0.69395417,0.17576218,0.02324646,0.8864464,0.13350199,0.73009825,0.5443257,1.3607802,0.007616083,0.5495546,1.3407097,0.525691,0.42174658,0.67460454,0.12664771,0.09230207,0.793448,0.6691541,2.3264575,0.24077438,1.2336438,1.1331207,1.1680402,0.96562564,1.6340736,0.31475294,0.6433325,2.6691756,2.8757248,1.6029404,0.114765495,1.1229596,0.045917783,0.47054636,0.058140326,2.7526426,1.0045155,0.15102263,0.8494345,0.087353416,0.54111713,0.972538,3.003941,0.39507005,2.611368,1.6035126,1.9905896,0.29773596,0.4442908,0.0,0.340674,0.85838395,0.02912063,0.09512809,0.1269724,2.5434654,0.5507428,0.022781769,1.0175138,0.48944652,0.50076705,0.51673543,0.21988292,0.10833193,0.3304671,2.1776216,0.7272119,1.010291,2.2184014,0.5191523,1.1089453,0.95822006,0.6098499,1.8908886,0.28810415,1.6160574,0.1805899,0.39568985,0.0,1.5910294,2.27223,1.1580026,1.6852715,1.5606636,3.2200072,0.25143048,0.73051524,0.5799098,0.17930953,0.5061026,0.84486115,0.5528107,0.08595085,0.7072843,1.2245189,0.7399753,0.10207441,0.7742746,0.013982456,2.3343873,0.3732999,0.23471586,0.6058694,1.0759244,0.020736758,1.7035065,1.2180126,2.94463,1.104632,0.25291395,1.1230519,0.8546359,1.4059165,0.94846153,0.6337412,0.617017,0.4159438,0.3240338,1.3555385,0.10908153,1.086322,0.44374645,0.19480954,0.13616964,0.95294785,1.3542639,0.27641565,0.21794195,0.0,0.6911012,1.4907447,0.022652779,1.2981994,0.05478651,1.2785867,0.03318656,0.035311054,0.27952856,0.665213,0.078918874,0.35900217,0.07117854,2.0977004,0.11254544,0.57528454,4.3249307,0.33158123,3.1031554,0.69548875,0.82108593,0.01427844,1.1929626,0.067593746,3.50559,0.6232533,0.038673557,all_pothole_images\pothole_images_optimized_image_6.jpg
0.032629132,0.08372351,0.10490411,2.6256328,1.0080044,0.28330955,0.0,0.0,0.47792286,0.06521883,0.8980952,0.0,0.19446328,2.5812747,0.0,0.19018185,0.24871998,1.54433,2.93324,0.013926285,0.91535634,0.38186213,2.17482,0.5748815,0.9383325,0.00865706,0.4232346,2.567422,0.0010866472,0.0012490464,0.15566275,0.017526902,0.003020357,1.2103256,0.01656722,1.177423,1.090354,0.95760155,1.193957,0.21170555,0.0015710852,0.007470576,0.4399582,0.22352718,0.07011139,0.59571064,0.044852003,0.88237846,0.16455303,1.4090769,0.590977,0.10630121,0.4382524,0.2801364,0.18301722,2.4290972,0.01926292,0.78324175,0.00316631,1.1354109,0.25431544,0.0,0.10518087,0.1292765,3.1360016,0.3262347,0.5495907,0.008643289,0.18859428,0.0072833183,1.0812311,0.018458525,0.08616272,0.0,0.12315973,0.0,0.23293515,2.012458,0.0770034,0.38111362,0.0,0.3705036,0.06453423,1.1052195,0.0043779607,0.0061022406,0.07418318,0.00023906003,0.092434086,0.15716276,1.1727871,0.0071502635,0.10722956,0.46954346,0.46474066,0.06446966,0.78542894,1.3491018,0.14214337,0.6389606,0.2554192,1.8277965,0.0040822425,0.0061074444,1.67907,0.044174112,0.06319383,1.3784938,0.3924809,1.5129223,0.3548858,0.1352911,0.0008844969,1.6515424,0.17238523,0.0,0.04515411,0.77768314,2.2170684,3.4192631,1.8656336,0.051879805,0.02621495,1.2594543,0.055662975,0.2651127,0.18323512,0.75035465,0.09248624,0.123570204,0.35040936,0.44274452,0.0,0.30401084,0.29477397,0.56592876,1.5026349,0.5141436,0.06805409,0.15418056,1.5164378,0.036145736,0.006869777,1.6409719,0.003101858,0.51086533,0.0015009738,0.06885787,0.015899641,0.034601048,0.056326065,0.7799345,0.501921,0.3213426,0.9711983,1.4144766,0.6824105,0.9702561,1.0592549,1.5137937,1.851729,1.8422515,0.06706078,0.75904346,0.0025816315,1.1951245,1.1921918,0.103262685,0.04395282,5.789085,0.063869946,0.0015391634,0.0,0.0,0.123378165,0.07499938,0.085822165,0.079620615,0.028879575,0.06259661,0.048887394,1.8237716,0.0017878165,1.7376298,2.410947,2.580452,0.4519538,0.24758431,0.38062045,0.0868936,0.12868762,0.35930115,1.6585902,0.0,1.6721056,0.4635224,2.259706,0.023265945,1.0264181,0.041264605,1.3935925,0.39594397,0.0035166384,0.00023800979,0.2604664,0.13937329,3.759023,0.22975484,1.460986,0.28089157,0.009251916,0.008049047,0.36748505,0.057318702,3.8062072,1.6642737,0.0070594996,0.090856686,0.58205134,0.102554895,0.062110774,0.19220652,0.0016446722,0.2681298,0.0,0.10613661,0.06043507,0.10609934,4.675497,1.2424817,0.03722825,0.0,0.40114897,0.75266093,0.3051548,0.11728061,1.8673505,0.5458705,1.5878465,0.21099624,0.0,0.08081104,0.5906104,0.14677845,1.1354426,0.36603475,0.0,0.71916276,0.0,5.897771,0.6993998,0.037168834,0.0,0.97171986,0.6766524,0.0,0.15583201,1.1591207,0.0,1.4169049,0.789881,0.8317544,0.5961922,0.016237414,0.041096963,0.17673235,0.9551278,0.33280453,0.91079944,0.26930922,0.15225235,0.0,0.36464253,0.4885221,0.508928,0.3044156,0.40123492,0.7397574,0.30538577,0.38848194,0.27344975,0.6749843,0.52721566,0.029823676,0.095650636,0.048852224,0.029932713,0.56130075,0.12766355,0.3373763,0.0,0.13286905,0.0,1.1075006,0.23895805,0.5931282,0.11191384,0.031168902,0.354758,5.3423,2.3425963,0.3827066,0.030844634,0.41570246,2.6397848,0.023742193,0.27646515,0.15912244,0.13331339,0.0437654,0.6857474,0.53448534,2.4372244,5.9915433,1.6180141,0.61350787,0.003983516,1.1300806,6.1837244,0.9632697,0.14409892,0.019350387,2.6906753,1.4609995,1.7842208,0.5182733,0.154812,0.0,0.038431462,0.0,3.1663115,0.31997564,1.0006269,0.26527548,0.03648092,0.0,0.85208213,1.6021404,0.09708325,0.9265796,0.087995715,0.0,3.6392245,1.2464885,0.7689344,1.5730855,0.096558586,1.7455009,2.0873165,0.31365383,0.2316404,0.08949005,0.004471656,1.2051976,0.17356633,0.038489044,0.0,2.445938,0.01392646,1.8900377,0.4514504,1.2018962,2.433539,0.0022653907,0.30115077,0.03733591,0.05949718,1.0355949,0.18747482,0.24569616,1.6436809,0.0031196915,0.18929799,0.035931185,0.0,0.01330206,0.07395077,0.38127294,1.1612501,0.1220185,1.5662253,0.0,0.031638946,2.2868142,0.15611999,0.2762329,0.30864218,0.04038039,0.3187149,0.8631673,0.95973575,0.004527292,0.052734915,0.57232404,0.2503335,1.2935839,0.79100823,0.39223218,0.3232511,0.20485084,1.0980581,1.8803996,1.4508369,0.021089168,0.85867196,0.048078857,1.9731237,0.26268739,2.0909553,0.044950716,0.9115502,0.057052825,0.24773951,0.26621187,0.0021289506,2.852786,0.09267298,0.94401777,0.077244535,0.017251737,0.6247055,1.6595738,0.0,0.16007395,0.91953963,0.5266281,0.0,0.070509784,2.4791727,0.37600407,1.0188545,0.05232838,0.2567351,0.33326802,2.2594528,0.5607921,1.05237,1.1133783,0.44871917,0.69878083,1.1939565,0.017659167,0.002922111,0.5362934,0.0,0.005142029,0.16569476,0.59616494,0.083535105,2.6771955,4.933028,0.012416244,1.1667807,0.16184756,0.0,0.78290683,0.17304564,0.011717074,0.014448393,2.178651,2.6821253,0.060473055,1.574202,0.17603964,0.001533537,0.26235005,0.027715089,0.29746276,0.38820794,0.79744846,2.7681553,1.1216823,0.00011342259,0.19857071,1.7971039,0.0,0.37972656,1.7179453,0.23288241,0.27651092,0.014250957,1.7968386,0.68044454,0.11237888,0.21539707,0.011527496,0.0038645433,0.0,2.3644533,0.7858251,1.2381127,1.2806373,0.11508972,0.45939058,0.15872523,0.1667402,0.0,0.28758684,0.00589038,0.46362475,1.1735829,3.6247427,2.3906488,1.2562323,0.39365754,1.4857788,1.979801,0.113863476,0.22899866,0.023742383,0.0,0.009785095,all_pothole_images\pothole_images_optimized_image_60.jpg
0.0,0.2872371,0.12673444,3.4712412,1.0004042,0.0,2.1186655,0.0,0.7665436,0.41789517,1.0963076,0.57452214,0.056654364,2.2572474,0.04809806,0.9625876,0.46604198,1.075003,1.961937,1.1074084,0.74761915,0.35219127,0.65263766,0.5871249,1.1170049,1.4531136,0.8397237,1.1022272,0.5967889,0.17445736,0.05128405,0.2788772,0.019045964,0.70457876,0.0,1.4773351,0.0019975815,0.32776958,1.6289237,0.0,0.10213633,0.1738141,0.048791718,0.48863333,0.44896153,0.33543217,0.26084802,0.61379725,0.31565782,0.10467357,0.11786029,1.7235018,0.26160926,0.080944344,1.4663515,0.765093,1.3933723,0.2927428,0.08678156,0.3348911,0.14097156,0.17128174,0.089113824,0.14039454,0.6113004,1.3102709,0.66338,0.11216988,0.20116657,0.16803525,0.0,0.4511517,0.5875342,0.0,0.5985323,0.03888474,0.0071474155,0.5150262,0.116162404,0.2195951,0.025830377,0.108549975,0.46593335,0.32422224,0.092822015,0.0,0.006613303,0.062910594,0.8663586,0.4508524,0.22321677,0.66852784,0.02799213,0.08447801,1.9823809,0.028364167,0.9288736,1.4895478,0.0024408875,0.2583377,0.0,0.96205014,0.5594097,0.5984116,2.9402359,0.13232414,0.5790998,0.0444503,0.0022610815,0.30505002,0.004368736,1.1258334,0.21815477,0.06566315,0.6148443,0.13033618,0.008951515,0.9490563,1.0767885,0.60287267,0.8877236,0.09235333,0.1324992,0.25727817,1.5472363,0.36563274,0.34923884,0.0,0.0,0.006509378,0.21305975,0.118196994,0.3939017,0.029586961,0.34025005,0.009262248,0.016339151,0.046723578,0.13689606,0.02023365,0.2177584,0.17411947,0.53965455,0.14840907,0.25130317,0.17324856,0.15619305,0.35482335,0.51221293,0.28639227,0.009425375,0.74218065,0.0,0.7354402,1.9204664,0.14928795,0.011545106,0.10679555,0.4949931,0.40941542,1.0900259,3.1801188,0.084350504,0.20973194,0.82672274,0.11314291,0.16303326,0.024573259,1.3020935,2.551677,0.0,0.04038613,0.11755425,0.1967527,0.008559194,0.10821681,0.0041682133,0.0,0.50415325,0.18415047,0.060952466,2.8533542,0.73740524,0.7555313,1.2866048,0.7816588,0.5309206,1.5032946,0.18290967,1.5386424,0.18549654,0.16567688,0.10167669,0.27773887,0.6911963,0.056862686,1.4849889,0.58931845,0.8656024,0.63158864,0.54140085,1.4599845,0.07893544,0.443483,0.0028391443,0.12684755,0.010669911,0.04111206,0.8425497,1.5213733,0.0,0.19387431,1.8103927,0.028541686,2.3050094,2.2158349,0.004422579,0.04643227,0.25475365,0.43281072,0.3844743,0.13623965,0.3965454,1.1102216,0.00596605,0.005598816,1.2649691,0.0012155019,1.919251,0.40281123,0.0,0.03307123,0.23120134,0.1202991,0.80565387,0.013426691,1.2917333,0.018429039,0.057491016,0.34500962,0.72027904,1.2231501,0.0076194354,0.18234916,0.00097297766,0.0016616951,0.6649437,0.007544267,1.3023615,4.535733,3.0874934,0.022025928,0.0,0.8546382,0.0036167316,0.0,0.7689785,1.8723804,0.07501694,2.1471405,0.09161527,0.078694366,0.5236813,0.36231396,0.37183213,0.5795153,2.1743114,0.15488072,3.1021967,0.0,0.3368085,0.0,0.67225444,0.40328807,0.12271134,2.1442323,0.0,0.43403462,0.34471357,0.058789384,0.028480673,0.30877435,0.23735052,0.109166846,0.0,1.5486814,0.05505291,0.027990973,0.4545232,0.41495067,0.0042804796,0.19690977,0.001892311,0.5204531,0.57637185,0.3049694,0.0,0.5448097,0.23893334,3.3683696,0.5921134,0.54246294,0.14141694,0.05217989,4.212542,0.0,0.3433827,0.012979505,0.35112447,0.5878246,0.35308537,2.0261605,1.254148,2.4487052,1.0440145,0.7735136,0.4769127,0.67968065,4.9269323,0.95171875,0.021430627,0.038285464,0.43263558,1.1142211,0.6620382,1.354426,0.51150525,0.0019054137,0.34314954,0.08142901,0.9785606,0.24765418,0.75067854,0.36556348,0.070352115,0.0019788921,4.9830923,1.166959,0.18355238,0.4911574,0.62488097,0.023297412,2.35492,4.0730577,1.9915718,0.8854437,0.60936457,1.0270191,0.0196383,0.72090185,0.017320938,0.07564215,0.0,0.103375435,0.050716043,0.15189426,0.07534866,0.7856741,1.9558198,0.03297771,0.60959226,1.1210222,1.0219779,0.7587273,0.008070886,0.0,0.44760188,0.30393055,0.03363218,0.20564768,1.6828997,0.19127339,1.2773798,0.45077458,0.008944235,0.7573075,0.02037636,0.03822033,0.54760903,0.04246224,0.41888815,0.0010503717,0.12679397,1.0519178,0.8754825,0.009616299,0.34784037,0.021108361,0.00606726,1.0504994,0.3788183,0.6688661,0.5267495,0.7239869,0.0022159652,0.31382117,0.5287346,0.162299,1.2084302,0.0,0.78631413,1.1713129,0.5246593,0.6672402,0.43052676,0.016331028,0.32244197,0.58981943,1.122379,0.29482865,0.006241815,1.2270449,0.08603949,0.24478331,0.0,0.083661556,0.21524826,0.08500885,0.82730615,0.0011488511,1.8437283,0.7295563,0.21291904,0.736706,1.5495485,0.18807109,0.37468886,0.101986095,0.035560947,0.06616465,0.58378136,0.78863794,0.28920788,1.7799588,1.0645905,0.9007425,0.16610993,0.27398,0.03917044,0.3277368,0.0772125,0.014525096,0.008859631,0.0057877945,0.0056591434,0.0070764488,0.08653308,0.6179513,0.28719214,1.1260871,5.648497,0.07521235,0.3464811,0.021108104,1.3919963,2.7159677,0.03474635,0.0,0.0056913598,0.52085084,1.1592642,0.0210434,0.740758,0.0030559928,0.07874117,0.15992591,0.33648542,0.0,0.20842916,0.6748469,1.4622809,0.7113722,0.058549613,0.09827281,0.7005974,2.4071975,1.0686111,0.80291855,0.14286631,0.0,0.9518014,0.45704275,1.5552014,0.032254685,0.08385952,1.0678186,0.17065074,0.0,0.8503426,0.5132083,0.15796965,2.9789112,0.25674525,0.00513133,0.054221734,0.0,0.077176906,0.00035678508,0.06436821,0.23254375,0.62778014,1.3706193,0.8128517,0.07633316,0.012157418,1.9546,1.0867192,1.124645,0.03495271,0.25177884,0.0020411036,0.58388275,all_pothole_images\pothole_images_optimized_image_61.jpg
1.0360572,0.9360352,0.23182993,1.560162,2.6820436,0.25741047,1.3437197,0.7229097,0.40546876,0.16217569,1.1246419,0.65877825,0.5886344,1.2078797,0.59049314,0.0001909532,0.118649565,0.2788834,0.3126815,0.06304221,1.5076361,0.76794106,3.3587484,2.7274628,0.01631689,0.6509358,0.6013669,1.1578422,0.49338597,0.8262507,0.60038507,0.03675421,0.94237447,2.0234282,0.26893023,0.62018573,0.5540792,0.59550756,0.20971306,0.72075295,0.0,0.13445552,0.5337918,2.221235,0.010729265,0.27647203,0.28042796,0.3034196,0.52400345,1.4483237,1.8154843,2.4364028,0.8867214,0.24482025,0.14671491,0.29940256,2.658661,0.18462823,0.68300754,0.5111109,0.18557188,0.82539505,1.413425,1.5558143,2.2134871,0.5858736,0.5192829,0.041998394,0.37231585,0.14531267,0.060553003,0.14677441,0.37651718,0.16024321,0.9527691,1.9497548,0.78005993,0.3650701,0.05872047,0.35279277,1.1341537,0.065725505,0.52483296,0.40451053,2.323394,1.2543926,1.517735,2.0327406,1.0569531,0.44108394,0.6381847,0.02371119,0.2687554,0.14633232,0.032404095,0.78972995,0.18131691,1.2906237,1.211792,0.0105939405,0.017912632,0.7142782,0.31167054,0.46996143,0.2201408,0.48662153,0.2179823,0.49171758,0.5702176,0.48776236,0.47324947,0.3874768,2.5744257,2.4996254,2.7234135,1.0349398,0.85003644,0.04286405,0.46721563,1.7191252,0.5262004,0.9233789,1.0853366,0.023645155,0.4029417,1.0118775,0.10549987,1.4233665,1.6178708,0.63841325,0.98408026,1.4214009,0.81849694,0.5400946,0.29297027,0.09661088,0.013120888,1.4966868,0.83608806,0.7874562,2.1506443,0.8066618,0.16805612,2.6639104,0.53771144,2.0243962,0.12065622,0.15730558,0.023179317,0.69552946,2.352753,1.7365459,0.17836502,0.11530179,0.9963511,0.7203641,1.5356563,0.28617266,2.6735618,0.4390279,3.1220186,0.05118734,0.12022896,1.9060248,0.22128953,0.20606846,0.20769885,1.1403486,2.3631535,0.20679776,0.70995456,0.19851325,0.011076124,0.052381855,0.983919,1.3445132,1.299838,0.31665364,0.8896241,0.37196645,0.101525925,0.47207952,0.4649828,1.6538587,1.619977,0.23439878,0.050969314,0.05339845,0.28969234,0.43313953,0.8485225,0.11851254,0.3069547,2.7535014,0.0046509434,1.1172457,1.4222877,0.38320762,0.2368069,1.5885259,0.23119332,1.2533506,0.11326937,0.513779,0.70818967,1.1079297,1.1172187,1.092784,2.1536329,1.4833455,0.20711416,1.2634368,0.4463542,1.8038763,0.7284303,0.0,1.3492066,0.3401946,2.0680685,0.054304156,0.37151483,0.122379914,1.7353765,0.0127320625,0.045704797,0.4327295,1.4529215,0.9387032,0.7676284,0.17284174,0.2618868,1.1302146,0.25494075,1.5174694,0.25983617,0.014116627,0.4059323,0.86453336,0.0,0.32451525,0.29828718,0.0,0.12955554,0.47186458,0.15335523,0.50432724,1.0090095,0.5644335,3.473581,1.554011,0.905242,0.46039042,0.47633484,0.30272552,1.1359895,0.49883354,0.21105666,0.005246236,0.011395752,2.6727736,1.1661901,0.6413705,0.30835685,0.07456514,0.2835891,0.25414795,0.24327269,1.2985088,1.384706,0.56115514,0.21234575,0.08517717,0.83816415,0.14890857,0.19557425,0.7981214,0.8084498,0.53854823,2.3430948,0.3299445,0.0,0.48709258,0.78211296,0.41693807,0.46023107,1.0415136,0.6227842,0.4538787,1.212196,0.06707707,1.5983822,0.10251835,0.9762204,1.084374,0.064657025,0.8384652,1.8829755,0.24582331,0.766998,0.9739217,0.9224601,0.64946824,0.006518523,0.32012263,2.8522537,0.8347369,0.054251425,0.46703345,0.015058424,0.72787744,0.495213,1.0429734,1.423228,1.3012404,0.19027106,0.21497303,0.8354182,0.3287076,0.23194033,0.12219678,1.3853201,1.0615479,0.17111161,2.2456465,0.9114442,0.33673683,0.6921927,0.708704,2.7992392,0.52718836,0.7360517,0.36129695,0.0031043498,0.012652402,0.28711826,0.30588123,0.67723346,0.15823098,0.5057981,0.27747458,0.65719634,1.4174787,0.6561695,0.30767778,0.98765236,1.1120261,0.5893257,0.3979893,0.34204578,1.257805,0.80990475,0.6086572,0.98247355,0.45461255,0.051209927,0.5849235,0.50353175,0.5949895,0.2798151,0.91184163,0.61947745,0.18792228,0.31022838,0.7142678,0.024340259,0.0412556,0.9330857,0.5224711,0.8175787,0.316529,0.45097178,0.33778623,0.31354812,0.6758479,2.0646899,1.507567,0.9886233,0.22965193,0.29249722,0.6716836,0.24513687,0.0031176417,0.39028323,0.645031,2.700421,5.6571245,2.4753342,0.2508483,0.64608824,0.07958816,0.0737849,2.2980185,1.1111846,0.91475725,0.7987775,0.42130202,0.47151846,0.5180168,0.48105216,1.8589829,1.32472,0.76252073,0.19932447,1.610063,0.42758453,0.036311332,2.7090342,0.47516313,0.43939483,1.1483018,1.0320401,0.90244293,0.24685091,0.1844967,1.2516265,0.344645,0.4612065,0.932829,0.17813097,0.022053659,1.3160055,1.460504,0.825666,2.239651,3.0354257,0.6216228,3.0240228,2.1556458,1.7258266,0.63239425,0.60337216,0.15876725,0.34218332,1.2793227,0.033932988,2.0448973,0.36938286,1.5269879,0.0,0.762641,1.5904402,0.55873847,0.03900261,1.0358684,0.9108648,0.13981406,1.0690143,0.28284964,1.8024114,1.1568211,0.59429836,0.22229329,0.62038255,0.6719521,0.15734287,0.74581146,1.7980446,0.31958368,0.18189546,0.34158742,1.6622609,0.9635625,2.498146,1.0455288,0.35255837,0.27028975,0.012938859,0.107390836,0.098729216,1.1644968,1.2517114,0.30626905,0.22223441,1.07971,1.253925,1.8664607,0.19646157,0.49383658,0.17140925,1.2062098,2.3644671,2.0109649,0.48717007,1.087279,0.33621854,0.62922555,1.3332438,0.4086829,1.395822,0.39287454,0.17139915,0.5322689,0.16341524,0.2975191,0.32543334,0.021661436,0.17372222,0.0,0.10863744,0.07643014,0.90718186,2.8061743,0.41235545,1.1369853,0.8272704,0.66281766,0.26359162,0.7578758,0.021134377,2.0354066,1.613663,1.1375946,all_pothole_images\pothole_images_optimized_image_62.jpg
0.89182824,1.0487602,0.023713604,3.4581647,0.35389498,0.29734075,0.0008978307,0.0050489553,0.0037836006,1.2545336,0.24898227,0.52927995,0.0010664499,1.9723805,0.0,0.043849695,0.05470778,0.5182946,0.28716606,0.042107366,1.1792467,2.107794,0.1910942,0.1128411,0.79262376,0.6501264,0.6558502,2.5337718,0.10677355,1.0013554,0.6027074,0.17217351,0.0738473,0.6709765,0.30969635,1.33867,1.4751518,0.4261598,1.0875348,0.17629944,0.052723255,0.36506274,1.2599312,2.3774595,0.7035767,0.00068290083,0.070503995,0.72132015,0.31060344,0.08498548,0.51626647,0.59511983,0.097946495,0.0050724195,0.105957225,3.3493607,1.0090077,0.30833393,0.055804066,0.20821829,0.23654076,0.12751128,0.8988401,0.7919862,1.5410558,1.2474973,0.22320653,0.12626097,0.045492046,0.8185847,0.5844119,0.36391944,0.5785572,1.2096012,0.60716295,0.68286145,0.26005876,1.2217928,0.0,0.46298373,0.27634472,0.24053714,0.45460448,2.227028,0.2931961,0.03828842,0.21465246,0.023854854,2.1373894,0.1596515,0.036164694,0.44849956,0.51597196,0.7044666,0.0,0.18663879,1.1812668,0.09754502,0.50227433,1.071803,0.0320365,2.7620313,1.4380414,0.065278195,2.4767005,0.005399837,0.7717394,0.6880169,0.25746414,0.15033081,0.12272383,1.2041279,2.1324248,0.0,0.7670972,1.0555562,0.89993197,0.033323985,0.32354093,1.172249,1.6619844,0.0,0.13680951,0.783416,1.5602559,0.4206993,0.9004631,0.1701159,1.8203822,1.1844687,0.6465863,0.045228694,0.04967229,0.0,2.1374462,0.78757256,0.4059831,1.3971695,0.6214155,0.1965049,0.7928862,0.3070169,1.3964585,0.6661715,0.43623593,2.298736,0.30405352,1.0032784,0.92202204,0.000539108,0.0034423475,0.19351332,0.30995622,0.31170332,1.9273983,0.7258039,0.29937303,0.05770571,0.43814492,1.3371894,0.7659285,1.1124618,0.30916423,1.0066037,1.060693,0.745381,1.090705,1.55223,0.4832735,1.3855416,0.37615058,0.17236051,0.4130912,0.4330857,0.17949295,0.4598295,1.2638265,0.043117,0.6370659,0.029227672,0.028348463,3.1222804,0.41143012,0.15164258,3.8036637,0.04922819,0.72904736,1.9951665,0.5516494,0.74555457,0.2217129,1.1274732,0.5989865,1.3686825,0.5324963,0.34035128,1.4865417,0.16618897,1.1456412,0.2538526,0.32502472,1.2299398,0.038966235,0.6199663,0.21770579,0.013074041,0.47219533,0.739918,0.7856875,0.38820946,0.0,0.006575651,0.36266053,0.5457794,2.3901198,3.3171356,0.045127254,0.30598366,0.24188195,0.5957785,2.4181747,0.08383669,0.5709003,0.16576806,0.024361646,0.35312834,1.6245694,0.11703664,2.418659,0.7763642,0.18559647,0.0069733877,0.2521514,0.04651337,0.27722377,0.06693495,3.4474144,0.409858,0.4520281,0.5328602,0.25616625,0.26867625,0.45016974,0.3697832,0.4062846,0.021268344,0.47012278,0.76069856,0.10853094,6.2411904,0.18747804,0.24907103,0.65751135,0.6049278,0.008891097,0.6284163,0.76662314,0.7205532,0.47895727,4.7406735,0.9593671,0.17264509,1.0511345,0.004764994,0.45753804,0.4022578,0.51873535,1.1980553,1.4354049,0.16078591,0.14225988,0.0,1.1152775,0.91912,1.0695088,0.15132247,0.17959177,1.148058,0.061255,1.0500567,1.7523183,0.55023223,0.3336521,0.29696125,0.0047354386,0.8335185,1.7800558,1.0839087,1.8174126,0.76806,0.013162162,0.24149013,0.17746988,1.624452,0.5064364,0.5026863,0.12970674,0.18923438,0.0,2.1944766,0.8313477,0.46094668,0.008235064,0.012006939,7.199813,0.6973967,0.075101905,0.08883721,0.07012787,1.3125051,0.586076,1.511677,1.0344023,1.4634187,1.1873769,1.144517,0.0,2.3067744,3.6191888,0.12048248,0.03625123,0.057410657,0.19375929,0.9881391,0.5141688,0.5427206,1.1419203,0.0,0.45818573,0.44214645,3.2758925,0.034640715,1.1273689,0.06507412,0.18361029,0.1102528,2.4587433,1.732625,0.062067166,0.9621755,0.8359889,0.9077861,1.0030996,0.8497084,0.35877234,0.30942768,0.18917407,0.45800564,0.5539642,0.12968954,0.936908,0.0056614396,0.20555936,1.1904593,0.3481151,0.0,0.28745893,1.8023638,1.1606923,1.2135963,0.0053184777,0.5562539,1.6495465,0.7297993,0.020916807,0.12474112,1.6123836,0.23979168,0.18324845,0.4925765,0.39908975,0.043684512,0.512335,0.34130827,0.29650587,0.21663389,0.3133085,0.079530686,1.8963141,0.43028253,1.4173799,0.31618813,0.17051654,0.42530409,3.7903461,0.6139475,1.4120692,0.7100956,0.09280145,1.5339185,0.9791491,0.22253819,0.068904854,0.03635923,0.2705463,0.6936147,0.79629546,0.6856047,0.23392156,0.030755922,0.41622525,2.0902755,0.4044768,0.49766657,0.3774105,0.8163867,0.16196139,0.49277267,0.57756567,0.1431298,0.81080794,0.39218536,0.0,0.36989447,0.01074521,1.5175197,0.85460067,0.6117664,0.9258589,0.0,2.5385768,0.3356517,1.6582378,0.8915119,2.155209,1.0658209,0.71283376,1.1897902,0.54187465,0.17257321,0.030450156,0.33442774,0.45480135,0.57684284,0.9853269,2.505351,0.7442636,0.14098042,0.31457403,0.5709718,0.94560957,1.2992688,0.2559199,0.20212737,0.104998015,0.053502947,0.76199293,0.27671126,0.55790186,0.69934064,2.3892248,0.11873735,1.1061043,0.3390194,0.30484352,1.0654446,0.043299817,0.2721347,0.28355104,0.7724491,3.2400067,0.0151335765,0.7203909,0.036375273,1.1092358,0.042140752,0.09159687,0.5180395,0.45619532,1.4089044,0.46008968,0.6197052,0.4747987,0.44682196,0.86116475,0.006221462,1.0521398,0.7300448,0.5588067,0.14792746,0.05059128,2.6440616,2.082347,0.70852137,0.4016719,0.0,0.20979124,0.40610778,1.2444623,0.00063469977,0.17281933,1.2414699,0.40741652,0.23421314,0.1168307,0.21280177,0.16356449,0.017760748,0.3887933,0.71501803,1.5143322,5.100233,0.9301001,1.1214571,0.8354103,0.80009747,0.91189855,0.08197433,0.2334483,0.8114884,0.07271661,0.77128404,all_pothole_images\pothole_images_optimized_image_63.jpg
0.6202767,0.3276781,0.040520698,1.1714402,0.88758904,0.20961502,0.07221585,0.18420044,1.4637172,0.18249215,0.5942865,0.008862638,0.11234304,2.87076,0.0034756123,0.11586913,0.0,0.082823984,1.1599722,0.5913886,1.0303802,0.07763573,0.9741826,1.3735807,1.5900848,0.004110646,0.12559962,2.424268,0.288088,0.111292936,0.71300256,0.5662909,0.11249038,1.8336365,0.1728732,0.10779266,0.0,0.5812454,0.20159258,0.5189682,0.0,0.15449359,0.49880543,0.50399536,0.077733144,0.1849616,0.74544376,0.25949576,0.0702836,0.47776368,0.030353166,0.74401295,0.20357351,0.15007773,0.06571899,0.209202,0.18650548,0.06870809,0.07247722,0.0049933004,0.16433692,0.5722436,0.5198469,0.4100039,2.9188256,0.077962525,1.0877583,0.5217463,0.39820203,0.35873327,1.2678721,0.0029856842,0.0023040185,0.0,0.9981927,0.0,0.36954084,0.22021948,0.0078058364,0.06687982,0.0,0.094798595,0.53839445,0.6524572,0.19379403,0.40715694,0.17633876,0.044601113,0.7149968,0.0,1.0423365,0.73579377,0.0,0.6400783,0.4102612,0.60070246,0.8649318,0.82141405,0.00065976963,0.7098626,0.39106014,0.56805253,0.0,0.07227355,1.4157974,0.5800701,0.0,0.016259752,0.34863552,1.5020808,0.05588619,0.15888856,0.18406095,0.46289802,0.37553158,0.0,0.36293322,0.27807376,0.2853479,0.16795509,2.360335,0.14312562,0.34089965,2.4012806,0.047600187,0.33626962,0.0,0.7362409,0.19265132,0.16991115,0.3927581,0.09577997,0.031381223,0.86019504,0.2845935,0.7234801,1.6648285,0.24308679,0.23203935,0.351165,0.7440552,0.3445141,0.75629973,0.5380358,0.05701561,0.0,0.0,0.060096517,0.5929594,0.02425031,0.26221925,0.015990857,0.3120883,0.40312058,0.9247955,0.09551156,0.49488875,0.30485174,0.10584249,0.43433177,1.3748652,0.9004472,0.11643135,1.8077164,0.28270125,0.0,0.69213617,0.08172148,1.0306643,3.5435567,0.023048317,0.047549304,0.027542861,0.15507847,0.050520763,0.51863,0.28146502,0.07562011,0.3355515,1.0002314,0.016952751,1.2201785,0.20074017,1.5276664,2.4174867,2.6584566,0.04327917,0.0,2.1315186,0.9518423,0.01537881,0.34585932,0.59755784,0.86668754,1.8517802,0.27091986,3.0846512,1.052145,0.27395278,0.012763765,0.01731148,0.59096,0.0016787101,0.18297851,1.1526124,0.10590354,0.40547046,0.021181991,3.1233315,1.2656436,0.04714459,0.24664061,0.006256608,0.223178,1.0585161,0.042471733,1.047778,0.12258603,0.45594713,0.09764716,0.37023613,0.14760724,0.72931343,0.31989518,0.0045149317,0.25030795,0.03410285,0.26210257,5.452979,0.15596056,0.0,0.2818437,0.1076482,0.15808547,0.017375702,0.15774678,0.75094306,0.059913974,0.0572548,0.06293711,0.26120362,0.10729292,0.26941693,1.0860733,0.003556486,0.0014649869,0.99441975,0.17513116,0.3222451,4.24479,0.072337635,0.6185504,0.017246734,0.35335922,0.29834872,0.39593568,0.32122084,0.24542142,0.1792742,0.81749296,1.8629004,1.675004,0.5713255,0.044212848,0.0,0.49855387,0.016217588,0.6278948,1.0795577,0.24438643,0.042768735,0.07298215,1.878362,0.22276942,0.005292489,0.25884,0.27545884,0.4621086,0.7715407,0.012677504,0.30925745,0.3567482,2.343719,0.022956777,0.14820279,1.0429131,0.7513706,0.008170021,0.33934465,0.06171918,0.0,0.8294256,0.059609734,0.03015527,0.55703175,0.030219795,0.9127866,0.075647846,0.10136221,3.581837,0.9332968,1.5143377,0.007767201,0.24074754,2.4135103,0.010249706,0.98558617,0.7558061,0.11628914,0.4673121,0.04993687,0.09427339,2.9095316,1.8281374,0.49149087,0.18741813,0.13163425,0.48096567,2.7109227,0.14879932,1.5069908,0.5634593,0.7618859,0.37658846,0.7528003,0.68290126,0.45722944,0.0,0.084165476,0.13599092,2.4160705,0.25625628,0.03765024,0.024467047,0.45744836,0.04611277,0.44085342,0.085527085,0.7703743,0.48479503,0.31530145,0.18971118,3.1200209,1.1195004,0.13053825,0.0002471584,0.0075229295,0.59963554,0.9760696,0.20975462,0.012212011,0.31419906,0.11158725,0.99861103,0.25457945,0.18239951,0.014461496,1.0232939,0.261503,0.73103213,2.6019611,1.0628037,0.3301506,0.038740557,0.04621215,0.0034158344,1.2801793,0.04177035,0.38725796,0.41399115,0.038414434,0.27482405,0.9199046,1.3522404,0.48225114,1.1094567,0.27315852,1.1064976,0.0,0.99696237,0.7737341,0.0022847366,0.030160764,0.53118664,0.51667035,0.46967152,1.6140429,0.02498406,0.38382676,0.60940385,0.5137316,0.19355825,0.06587253,3.0162745,0.0,1.0446368,0.63734925,0.51676404,1.1383476,0.0048314,0.3553877,0.13650322,0.2870488,0.1360863,0.90762174,0.013684627,1.0697075,0.47534898,0.29354787,0.44653,0.052900545,0.14259885,0.9155627,0.07130245,0.29148248,0.42919633,0.5450724,0.17253846,0.121422686,0.7677961,0.28808203,0.83917123,0.15206067,0.7790057,0.78767014,0.0027720563,3.474217,0.026740568,0.14498197,0.060244307,0.30909237,0.9150635,0.2865511,0.8832302,0.08929329,0.5709529,0.47802493,1.1621294,0.10759389,0.0,0.90806234,0.060877774,0.07842642,0.0,0.018840048,0.015979797,0.023703475,0.020424647,1.1124266,2.1979842,2.4657972,0.47433987,0.6616224,0.18950826,0.21989022,0.64167154,0.00069016765,0.049128182,0.4616899,0.27600658,1.0881698,0.61363673,0.07798952,0.1751675,0.4217811,1.0190338,0.908015,0.057701685,0.0030764542,0.111949354,0.5300168,0.9801914,0.036358535,0.045283347,0.087941214,0.85686797,0.045197573,0.6290271,0.46950594,0.0018245401,1.324333,0.32741678,0.0052343067,0.14940636,0.34587282,0.47763842,0.10384484,0.030514235,1.5167575,0.0,0.6872883,0.92404455,0.040714517,0.08636148,0.023168858,0.0,0.12426956,0.061304998,0.019256365,0.15300578,0.021023005,1.4550385,1.0436301,0.34690747,0.45870036,2.303955,0.6188004,0.16935979,0.12791662,0.49543756,1.1972338,0.3389873,all_pothole_images\pothole_images_optimized_image_64.jpg
0.72477597,0.6902027,0.04690004,2.0219836,1.0751612,0.6224867,0.8187481,1.0446953,0.0632761,0.4090129,0.14625025,0.76668966,0.15507735,1.7601473,0.16495572,0.17653212,0.39616525,1.4214966,0.63295853,0.14461562,0.9756471,2.6313195,1.493413,1.322732,1.8266115,0.31510174,0.215736,1.0741028,0.39855593,0.2547517,1.048547,0.6334807,1.5524431,0.45744774,0.6759556,0.47840798,0.11211106,1.525171,0.41828862,2.0000076,0.3521866,1.0871744,0.23147891,0.15779899,0.2564215,0.8290422,0.5607946,0.005786457,1.9249855,1.2849338,0.76351637,0.6003317,1.5210664,1.2321223,1.0273193,1.335609,0.7047611,0.1526725,1.1385564,1.3729378,1.9193903,0.4057696,1.0346155,0.014477374,2.9915562,2.2604446,0.46267015,0.07787806,1.3900483,0.016719028,0.35851225,0.023002716,0.56312305,0.1323367,0.8147241,0.8087424,0.5396087,0.7330163,0.15523316,0.028895922,0.4904899,0.32396728,0.22621788,0.3693348,1.3880961,0.47220206,0.031474102,0.55187964,2.6590028,0.45312792,0.6888635,1.3923495,0.39908987,0.22046912,0.036002755,0.1589917,0.43521944,0.7053754,0.6518683,0.660391,0.05618603,2.5844684,0.17186098,1.2557353,1.3298651,0.5452732,0.65119,0.17210089,1.0152534,0.8635839,0.39840215,1.4624553,0.6508014,0.76576495,0.6706177,0.12123993,1.7980194,0.5741905,1.8536826,1.686407,0.9776367,1.2993454,0.7154086,3.28171,1.4823817,0.21321362,0.3744352,0.82957673,0.14624232,0.022937512,0.12441222,0.53552735,0.31654298,1.1041981,0.16341375,0.007123351,0.31328657,1.5561424,0.14414133,1.1933242,0.6345698,2.7611146,0.4425707,2.4070396,0.17991084,1.3395325,0.386447,0.25587583,0.06007777,1.8030336,0.542461,0.25769207,0.3848124,0.30032957,2.322517,0.10486928,0.4303892,0.41827837,0.9273786,1.1422057,2.2270691,0.5159926,0.24110548,3.8567946,1.8470001,1.2353883,1.1842482,0.10957533,2.080553,0.6652436,0.5440834,0.0016436643,0.44933194,0.47457597,1.7454606,0.39977407,0.45581284,0.024503136,1.1788244,0.6979313,0.5939436,4.6524677,2.2737808,0.26415482,0.20696074,0.9016626,0.1390097,0.020682031,0.7055928,0.5911806,0.32961735,1.6980307,0.0959219,1.7885094,0.0,1.2557395,0.21826588,1.9271663,0.22490579,0.75891423,0.49688736,0.29039603,0.3037094,0.8256327,0.967365,0.37391704,0.68351996,1.0585642,1.3319646,1.1384702,0.03584087,0.33973852,0.4110405,1.4077072,0.97424394,0.80186117,1.0141436,0.4373462,0.300462,0.25960267,0.12117407,0.7560105,1.0726758,0.8076329,0.026310725,0.41540933,2.2286868,0.9610759,0.16553149,0.12555483,0.3632127,0.22454935,0.11800049,0.17813854,1.0371062,0.13465837,1.1541905,0.7546305,0.5557155,0.04480586,0.6182816,0.021746922,0.6445745,0.012215277,0.03135602,0.30624676,0.28732324,0.50428104,1.1171325,3.0274723,2.0192056,0.21770486,0.38152835,0.21022145,0.7884867,3.282704,0.3187679,0.44820124,0.19653188,2.8835583,0.7610967,0.33534798,1.4736218,0.5104738,0.22665414,0.69527847,1.4869746,0.08844109,0.20538384,0.33346406,0.39773664,0.07496664,2.1186635,2.1560495,2.4439812,0.1333608,0.94927573,1.6847781,0.55677414,0.31435624,0.24542624,0.575058,1.0518852,0.1342185,0.34330386,1.3142686,0.29164276,0.03649743,3.0457077,0.26123235,0.12391114,0.23943269,0.20421882,0.6400464,1.1901146,0.2929501,0.7794556,3.299667,0.24209215,1.934162,0.028703341,0.24599305,0.00017673007,1.5016255,1.575636,0.2911996,0.39348978,1.3867972,0.58174247,0.50314295,2.9607363,2.3997262,1.4122301,3.6934767,0.24446495,1.7334516,0.102645986,0.23298162,1.1405921,1.5882509,0.96713287,0.2614608,1.0893077,0.64403147,3.2131622,0.9681085,0.023425031,0.26298708,0.38811034,0.68713504,0.6898849,0.13641088,0.056390565,0.39270535,1.5314481,0.07690607,0.28116342,1.8442233,1.6148832,0.8453682,1.1288016,0.41434672,1.4215447,0.005048524,2.0040264,0.4703756,0.778228,0.8457504,1.0156221,0.58611906,0.8268124,1.3942517,2.0488439,0.3076652,0.30354202,1.133466,0.10056532,0.6896223,0.44926074,0.07321268,0.6037445,1.2044882,0.21993995,0.7570463,0.0294487,0.5686739,1.9846746,0.06809614,0.2843793,0.61278266,0.85961866,0.9505634,0.57508916,0.11890971,0.8528962,0.055680625,0.25027183,1.2315788,0.8863486,0.8775443,0.97388667,0.10877922,0.0835428,0.21409997,1.6147809,0.9267292,0.9177218,0.037974346,1.7910228,2.1040313,0.2912745,1.741589,0.569724,1.4944199,0.5834807,1.1022656,0.16072111,0.8246248,0.03341673,0.25654256,0.9641626,0.6666942,1.0683588,1.2811326,0.024281064,0.10010386,0.12709,0.33474162,1.0625851,1.7240936,0.95152855,1.0586438,1.0415524,0.9704567,0.04283996,0.7603129,0.51085824,1.6919228,0.3919049,0.3985404,2.944076,1.9480983,3.3580863,2.640244,3.0880294,0.44176325,2.36388,0.42786983,1.3509177,1.2852241,0.029585667,1.0930073,1.8513073,1.6793697,1.4852793,2.0462117,0.017924419,0.918203,0.23732595,0.104329504,0.68551075,1.1085616,0.19662064,0.5760993,0.7258571,0.0,0.84927136,0.05912433,0.43424213,2.4391577,0.17949861,0.084388636,0.56610286,3.184666,0.5964459,1.438106,2.6075099,0.7515674,0.46881244,0.382914,1.1237426,1.4452856,0.1269686,0.17531261,1.0418426,0.2769061,0.30733126,0.0035304537,0.72815454,0.51927173,1.8976116,1.8353076,0.8699538,0.16586661,0.2303174,0.5196946,0.87889344,0.6629055,0.8099495,0.51182175,1.347808,1.7993703,0.5461236,2.0091493,0.048240732,1.2298586,1.8291785,0.7722375,1.6333783,0.31413752,0.8039259,0.60559565,1.1804343,0.010859758,0.51751626,0.33268815,1.4579724,0.004547306,1.276492,0.40444922,0.04623858,1.9988872,0.88926786,1.5882126,0.1995402,0.10359561,0.011746621,0.56690013,0.27816823,1.4440595,1.4361326,1.5599854,all_pothole_images\pothole_images_optimized_image_65.jpg
0.7093641,1.1586562,0.5085383,1.5137966,0.3011876,0.03816239,0.0037278205,0.0,0.4617839,2.198413,0.37450105,0.13921884,0.030446569,1.0543314,0.017021503,1.0684538,0.04476268,0.0072917975,0.076610565,0.041278634,0.04771136,0.59317803,0.6034666,2.1767042,0.8909772,0.13275434,0.0,0.79225576,0.016423753,0.07600592,0.20895343,0.0,0.39086607,0.6937508,0.21038078,0.19309418,0.32084265,0.7768319,1.0821543,0.01829981,0.23859859,0.24847956,0.20719218,0.7275733,0.7679844,0.08140856,0.32526618,0.6711583,0.18924606,0.09421219,0.15471247,1.2278316,0.23528215,0.64758414,0.02647335,0.17897968,0.2383582,0.0551164,0.33673415,0.27005863,0.0008089705,0.68930846,0.97933555,0.06656707,0.107199796,0.78786474,0.96645415,0.014966116,0.09664869,0.10244573,0.7132409,0.15252633,0.017745307,0.049739823,0.0,0.7197586,0.13117036,0.093172595,0.0,0.14760618,0.030046837,0.16284567,0.8157464,2.4260228,0.14763576,0.26613718,0.0,0.0,1.2079884,0.718242,0.3091336,0.5539679,0.077674754,0.12185793,0.74770975,0.24953903,0.7436435,1.3421628,0.33805937,0.37134656,0.26890728,0.13892204,0.56120396,0.8346956,0.36608392,0.043322846,0.06238295,0.042026654,0.14991626,1.5951065,0.0009898177,1.3328804,0.03521362,0.577552,0.5825104,0.66358423,0.028544685,0.17346694,0.085217796,0.5213629,3.2962453,0.5130971,0.004069553,1.8009005,0.48290566,0.52162117,0.0,0.3344994,0.07398662,0.022157844,0.3163492,0.15845285,0.016812311,0.1147834,0.09856066,0.02193007,0.25990668,0.0,0.17552732,0.2971358,0.027836643,0.10007646,0.5521216,0.44344112,0.030409876,0.0,0.36117998,0.668322,0.07604188,0.57372236,0.8860792,0.13989384,0.28015465,0.4912706,0.4740408,0.04996219,0.11653484,1.0319531,0.73958856,0.027188385,0.67764586,0.6828325,0.006985598,1.1315266,0.3619616,0.20145215,0.34632304,0.120873675,1.2708662,1.0129063,0.4667438,0.37937614,0.25711071,0.54677874,1.0720546,0.71181756,0.62809974,0.06782564,0.1607267,0.2196653,0.07267612,1.9140618,0.20836729,2.9925897,0.9202588,1.012528,0.096185565,0.60872,0.37967274,0.7600363,0.39628595,0.04636838,0.66419584,0.10943967,1.8330047,0.0006675476,0.73775053,1.2661664,0.58281755,0.07030816,0.4188738,0.95860326,0.0,0.0991045,1.5024111,0.8238656,0.3912738,0.1576431,2.4446175,1.2417228,0.0072125155,0.66980267,1.1025423,0.78780884,0.41437322,0.13453476,0.6601154,0.064313695,0.89777654,0.008463342,1.0547113,0.41087818,0.10666688,1.1336768,0.1335883,0.004309999,0.7565731,0.010270493,2.834751,0.004786876,0.0076464615,0.90878636,0.27936473,0.18122393,0.30803075,0.06612426,0.84067905,0.02579383,0.020132584,0.080501184,0.2889036,0.48216975,0.4855502,0.13373092,0.030984683,0.004881665,0.73969597,0.31381255,0.65153694,4.0159993,0.82098806,0.7219109,0.20202562,0.1599965,0.43677357,0.015224085,1.219604,0.6513907,0.16484343,1.8709499,0.55358255,0.2921599,0.6294965,0.97716933,0.0,0.7598769,1.021674,0.27621013,4.755447,0.01650556,0.81313306,0.018292883,0.9369169,0.14476797,0.9619605,1.1520983,0.0033021648,0.4852268,0.050343268,0.5714121,0.20104694,0.491838,1.7435702,0.00082836323,0.046728212,0.43608022,0.30505657,1.3116208,0.08308317,0.25103325,0.04998141,0.40620223,0.11744783,0.8911174,1.3069341,0.5853676,1.1098075,1.4109606,0.29638457,2.07041,0.50303584,0.56416273,0.22205317,1.05104,5.0787377,0.0,1.050604,0.3789615,0.08614902,0.0,0.30198845,0.58335143,4.984249,1.3116653,0.19622228,0.7278685,0.06170277,1.4513001,1.9571341,1.1091563,1.6646115,0.3536513,0.97150195,0.05205314,0.10914854,0.056881666,1.1184196,0.11891032,0.110909335,0.67453074,2.361554,0.0,0.02682841,0.81405014,0.3039598,0.050809756,1.4057169,0.21815771,0.2930705,0.0,0.4519622,1.544899,3.4583864,0.20380135,0.20276223,0.092591226,0.11479502,0.0065590725,0.07214499,0.5704074,0.25288934,0.45469037,0.3123036,0.16093025,1.4398813,0.18964927,0.06743823,1.7001603,0.39991346,0.46303004,0.2667106,0.8624339,0.10145876,0.6206828,0.15220746,0.6018694,0.7467377,0.06245935,1.1386327,0.4808013,0.37481004,0.50743264,0.17672256,0.05941889,0.3563573,0.28718182,0.56233054,0.20378856,0.03564313,0.99919003,0.50197905,0.066550665,1.2939013,0.12725519,1.8742535,0.08994414,0.7855338,0.33153448,0.19822346,0.36103,0.019944185,0.24992087,0.18504687,0.9925843,0.0,0.73586845,0.36047938,2.8125196,0.89625597,0.048174974,1.9900192,0.57647234,0.89912444,0.3222851,1.5048305,0.038509656,0.59198236,0.06950296,0.046617683,0.41552278,0.0,0.41183797,1.6535351,0.81177676,0.03258523,0.019286742,0.16228573,0.68978286,0.07801088,0.14257489,0.16279788,1.0274708,0.42301306,0.51039314,0.34660852,0.030161979,1.3702576,0.17750461,0.09974153,1.1012173,0.37085333,0.8782889,0.15941562,0.5827248,0.109515324,1.9905672,1.0434431,1.4801943,0.57643664,0.41519916,0.28920943,0.37212628,0.40965492,0.3012601,0.44985992,0.021699313,0.755474,0.49636158,0.014248758,1.0173568,1.6781582,0.3793307,2.1345055,0.23429999,0.3867676,1.8018018,0.101930946,0.4890658,0.030573744,0.8497927,0.22708087,0.19333823,0.1337911,0.114793845,0.5161033,0.36505625,0.3615445,0.008037849,0.14225037,0.16407478,0.49936664,0.25342506,0.04286971,0.09744934,0.072864704,0.44000277,0.32545844,0.05294779,0.6904837,0.10800478,0.3319835,0.21470033,0.582518,0.2131983,0.16610098,1.923925,0.42897016,0.12813383,0.68608344,0.29983914,0.87034994,1.8194664,0.0,0.011082717,0.05316491,0.103939265,0.49617696,0.038244016,0.0,0.15237881,0.25025192,3.492398,0.6140958,0.70213777,0.5301056,2.2014372,0.39731118,1.3423287,0.54433846,1.3067853,0.047870975,0.019690277,all_pothole_images\pothole_images_optimized_image_66.jpg
1.0938416,0.9921985,0.06839653,2.4239955,0.053273745,0.6841476,0.4880322,0.0355201,0.13019708,0.9020047,0.3808582,1.0529808,2.2099967,1.0857953,0.26493955,0.019878682,0.5034802,1.0931102,0.19177152,0.5587299,0.97959507,0.1595402,1.2044456,1.5151621,1.4029218,0.2704629,1.0356125,1.9125319,0.24272127,0.12595187,0.14181724,0.11837963,0.0240928,1.8665619,0.95854694,0.640436,0.3636086,0.8716589,1.1149577,0.044014487,0.0,0.14390717,0.82196176,0.9220425,0.2488469,0.057446867,1.3486874,1.1072978,0.046058703,0.8601368,0.1546967,0.52137995,0.62988126,0.6430196,0.270583,0.79952925,0.2921762,0.04240302,1.1692896,1.2553884,0.35827687,0.06248622,0.23250799,1.1560895,2.166803,0.7484156,1.1826415,0.49016005,0.032699425,0.17452939,1.2166358,0.26461518,0.35226917,0.022212263,0.44074193,0.03324778,0.5243121,0.75873643,0.0,0.055724405,0.64625704,0.80924666,0.22587466,0.38408184,0.5396024,0.00932832,0.026932983,0.30787963,0.15659212,0.63431776,0.952984,0.11225589,0.79593724,0.13532296,0.6538352,0.21822329,0.6713371,0.72894347,0.5270363,0.68024725,0.35613915,0.73235196,0.84333277,0.21155562,1.0678176,0.81375664,0.023390396,1.284315,0.14642175,1.8058723,0.47654057,0.32746926,3.3133757,1.841173,1.2893944,0.16032168,0.0,0.04262392,0.41441223,0.7324619,0.9802453,0.34142488,0.1360582,1.1207618,0.670483,0.21715291,2.0396645,1.2562692,0.39798522,0.31487045,0.25812486,0.5503592,0.6868185,0.08852858,0.9364198,2.1124988,1.0055048,0.3084414,1.0239317,0.0010473812,1.0743978,0.66280544,1.0877448,0.75867975,1.0416274,2.3846595,0.70912635,0.9734735,0.016480895,0.035498004,0.7396543,1.4913467,0.0200543,0.008569871,0.47170046,1.8410027,0.37951544,0.30854416,1.9163697,0.4841933,1.597694,0.12782139,0.054770023,1.6906705,0.29490188,1.0495597,0.4049586,0.08828734,0.31086048,2.7500978,0.21346202,1.6107968,0.7099775,0.39159143,0.0027709496,1.5685151,0.19798975,0.0,0.4856541,0.2824862,0.42579854,0.582918,0.051874064,1.6920431,2.0127606,0.14063168,0.0898839,0.37207162,1.2583674,0.14588585,0.09746281,0.98910403,0.6769193,1.3915391,1.120273,0.2327622,2.145046,0.6111677,0.49504393,1.0420262,0.30137712,1.1918899,0.09919692,0.016672596,0.103153385,0.55230975,2.3949082,0.052046083,2.2717075,2.5835898,0.0009052798,0.7382981,0.09820239,0.10006301,3.1450665,1.5078682,1.5956128,0.7063021,1.5179614,0.0,2.4389029,0.01287453,1.2936813,0.14261302,0.019616706,0.822932,0.9631617,3.1645288,3.20132,1.1791939,0.65494406,0.020414298,0.8477697,0.28253785,0.13761015,0.1262233,0.594652,0.582431,0.89980924,0.6860667,0.025644176,0.0,1.4288609,0.47017512,0.13539357,0.078978956,1.1108285,0.17751966,1.9434394,4.2796736,0.06360736,0.8737992,0.11779389,0.090449296,0.31246758,0.35492057,0.51318586,0.50690496,0.0030846163,4.3420196,0.7581045,1.1003326,0.5165561,0.079552814,0.5959605,0.673243,0.45128226,1.7023387,5.6329374,0.064449064,0.099165194,0.0695684,0.20398267,0.93340766,0.25544852,0.7907089,0.20076412,1.1936241,0.16773869,0.4708018,0.0,0.21721028,0.505947,0.0,1.0288751,0.41760597,0.836112,0.014914045,2.0865278,0.030684069,0.06919697,0.19874766,1.1766026,0.0981309,0.04369795,1.6708493,0.90111494,0.0,0.62058055,2.9496353,1.1616997,0.2102603,0.012868484,0.0,4.06012,0.00020069598,0.6224423,0.0,0.03369872,0.08212049,0.7272802,0.20210044,1.2087871,1.5041332,1.2357336,2.5170348,0.08298995,1.3607056,1.6816304,1.5328904,0.7474591,0.0120633375,1.4992143,0.973519,1.4265709,0.6137823,0.4927689,0.022879425,1.5155312,0.012475544,1.5454814,0.13180964,0.057133444,0.020175528,2.3863606e-05,0.0,2.884078,0.20450014,0.9962,0.15399252,0.14671618,0.25042415,2.1182632,0.9885733,0.9379581,1.444681,0.5082439,0.79618824,0.4918726,0.016951323,1.1722283,0.40093106,0.48270956,0.7676633,0.5406209,0.36523235,0.047979675,0.6530539,0.044715624,0.6238186,1.3919181,1.7228146,0.8369905,1.0840039,0.03276089,0.006820023,0.3294201,0.18182671,1.0890273,0.49571118,0.0074459445,0.92358994,0.2844079,0.26069224,0.27861473,0.17095375,0.24647632,0.26905355,1.6263235,1.194722,1.9703966,0.17479919,0.17536177,0.3289485,1.354553,1.3441545,1.4622192,0.05006061,0.36360955,0.049567644,1.0529187,1.4641602,0.12856358,0.23470414,0.0,1.037202,0.82069707,0.27379408,0.24521333,0.15762967,0.03489561,3.4303906,0.28387794,0.07716571,0.62595075,0.39650983,2.0953689,0.57937574,0.301093,1.0582534,2.1499617,0.6591243,0.016021738,1.99864,0.3374106,2.639242,0.36188582,1.4568433,2.2629693,0.03867153,2.2308218,1.5217265,0.13025276,1.1893543,2.193016,0.16359994,2.030795,0.8834203,1.240998,0.39396822,0.31537202,0.16305164,0.4426884,0.4015375,0.3452952,0.5008773,0.15418552,0.36648482,0.0005177674,1.7933946,0.6763143,1.3443187,0.030834874,0.24644944,0.19915216,0.081781276,0.38636988,1.7368037,0.970013,0.89182186,2.0509903,1.4534389,1.20933,0.060619332,0.0,0.4571868,1.1776422,0.004941184,0.37580407,0.11841396,4.3497133,0.3131899,0.38048413,0.77102226,0.31477627,0.560343,0.0,0.0,0.3514075,1.2022743,1.0489439,0.0,0.025182279,0.24412803,0.3467835,0.16480404,1.806153,0.8836908,0.030056948,0.64982367,0.38961923,0.3282242,0.22017752,1.8145516,0.15573667,0.13895537,0.004518552,0.06584833,0.92160463,0.0,0.28246722,0.81175077,0.07040756,0.11415292,0.17544186,0.8387778,0.5366512,0.18503383,0.24155904,0.38533548,0.8894608,2.5987377,0.21950698,2.2543867,1.6841809,2.3542972,0.3605647,0.0,0.076020695,0.51353365,0.25425345,0.08828285,all_pothole_images\pothole_images_optimized_image_67.jpg
0.11306307,2.9018657,0.9059049,0.2825508,2.0216806,1.2773099,0.34337744,0.24397813,0.8421832,0.3596772,0.9527657,0.20095013,0.21742454,1.0165555,0.06909645,0.8561526,0.5200642,0.22341852,0.39212596,1.7246511,0.7681231,1.8598857,0.46486783,2.4052696,0.28295374,1.5777965,1.4301468,1.353212,0.2714094,0.64595956,2.0339348,0.09823403,0.08472061,0.19253162,0.41478795,0.42651188,2.457797,0.9018748,0.15254568,0.14741246,0.369508,0.031262595,0.036894437,0.2905471,1.2976815,0.23709643,0.99106544,0.38640204,0.12538442,0.5598818,0.91718495,0.29379874,0.7322246,0.7804098,0.45169392,0.12659046,1.2138702,0.05972096,0.8514451,0.44678065,0.35426825,0.1635746,1.5916058,0.3701313,0.08496583,0.7457129,0.7861638,1.8243723,0.47348925,0.2767199,0.18322816,1.4275985,1.0430638,0.45124593,0.6932575,2.0996966,0.01643743,0.54920137,0.55487704,0.47736427,0.2636356,1.7841021,0.0690078,0.5891268,0.83287203,0.52288765,1.1930157,0.6780032,4.2703094,0.3756098,0.50870603,0.22229287,0.62865335,1.6144359,0.47892284,0.048585534,0.57076234,0.9399639,1.9880661,0.98213756,0.37625286,2.0453157,0.1763051,0.4173643,0.23274927,0.728164,0.1987224,0.116504036,0.32098234,0.8160629,0.4651018,0.5794338,0.39365366,0.17921266,0.39167076,1.2218469,2.1405113,1.2410854,0.23156843,0.27577305,0.41935316,1.8298533,1.1253916,0.15917927,0.04566404,0.475721,0.18711913,0.7496354,0.18562777,0.50379604,1.384088,0.88947827,0.35900217,0.7590121,0.18524761,0.88752294,0.49609256,0.6867552,2.9856048,0.30125532,0.8987924,0.5123317,0.52132607,1.4144483,1.2717856,0.89895767,1.9110669,0.0,0.6919744,0.7083151,0.11052921,1.2861515,0.4484172,0.14681727,0.90296054,0.35984585,0.024515415,1.0438288,0.2996983,0.37664187,1.2276503,0.3541813,0.09807138,3.7418904,0.20114373,0.3721464,1.9957395,0.02177546,0.088619545,0.005750313,0.64564306,0.036321126,1.1459963,0.41051707,1.4247259,0.15074298,0.32559958,0.73921746,0.6374007,0.10389404,1.1999137,0.4680519,1.409363,0.13460244,2.2419004,0.41370207,1.3544455,0.33179542,0.28983754,0.5531686,1.6776643,1.3652045,0.11592994,1.4383097,0.28908753,0.61776423,3.5216006e-05,0.40055904,0.22656104,2.1586816,0.28120166,0.44429117,0.82318985,0.3824856,0.972487,1.1151642,0.5978648,0.027581438,0.24551865,0.3816769,0.37338236,0.6926062,0.9372166,0.21478602,0.63455683,0.22000636,0.8787217,0.030100385,0.6643734,0.2508044,1.9838972,0.5093097,0.47168434,0.25515535,0.28416365,0.9778555,1.0455891,0.033549897,1.9747102,0.18945251,0.46111095,0.48867625,1.142481,0.1381909,0.89591914,0.2582043,1.1263262,0.7136207,0.6065861,0.10238608,0.22305854,0.21035579,0.11431214,0.15712637,0.12030568,0.44240195,0.3334147,0.2812357,0.45269972,1.1315826,0.28099903,0.12563954,1.468309,0.1463357,0.35059822,0.81791157,0.40922257,0.87026507,1.0851921,0.18084845,2.0558705,2.6533258,1.0772272,0.45667982,0.45744327,0.52578235,0.27494428,0.48110166,0.85350114,0.9907558,0.30655685,0.1892114,0.40426868,0.11288835,0.7018851,0.5535696,1.7043952,0.8728345,0.067770846,0.8008849,0.3007433,1.3513458,1.006813,0.1913398,1.8693433,0.23321746,0.19994004,2.3482962,1.7388383,0.4143823,0.55717796,0.44923058,0.08086467,0.7230405,0.45142597,0.5142396,0.76449865,0.5742701,0.43446776,0.43794724,0.34020796,0.3676396,0.15695725,0.256855,4.7122993,0.48151186,0.15771885,0.19204056,1.5280362,0.3295422,0.68955797,0.7143288,3.8000686,0.53340805,1.1026583,0.7310028,0.4755199,0.3148004,0.6117161,0.67080003,0.0022159058,1.9636554,0.0,1.187966,1.4493121,0.67379236,0.4639224,1.0949945,0.281605,3.1903067,4.167065,0.50965804,0.5400998,0.3139429,1.2104136,0.4441269,0.14612858,0.37490097,1.3844454,0.32791075,0.76715446,2.2987795,0.48708388,0.26123235,1.041913,0.28527462,0.7764064,0.0013324635,0.041351512,0.105732895,0.20082793,0.06603481,0.44794583,0.18201855,2.1056716,0.037605908,1.5760261,0.32656804,0.6257665,0.0049186517,0.23698415,0.6042539,0.016453473,1.7466184,0.2932107,0.13391966,0.675732,1.5917213,0.58048064,0.005385077,0.79408544,1.6160238,1.0001332,1.3037654,0.9467614,2.2481232,0.16476884,0.12226065,0.40481624,0.67527145,0.36335462,0.9972819,0.45004377,1.1513617,2.373373,0.14581299,2.3727238,0.9155063,1.10729,1.7185376,1.3982962,0.21202688,0.89045995,0.16715567,0.6666867,0.39352793,0.051532578,1.1220902,1.706743,0.53385335,1.5585856,1.8919498,0.2597235,1.1338294,0.03874885,0.07247675,0.8444408,0.41662666,0.13575315,2.004496,0.026134225,0.28902194,0.43718866,0.9196985,0.08611715,0.35237175,0.26149622,1.8596646,0.0041102497,0.036458656,0.106953844,0.29489708,1.4391149,0.2599971,0.336969,1.8793061,0.13916117,3.4594488,0.02214083,1.159483,1.2066805,0.9681575,1.2057668,0.31376734,0.696812,0.86464536,0.8488718,0.37527037,0.1884805,1.351554,2.9162233,0.23455857,0.10745542,0.34982765,0.0037781193,3.0806336,2.0643582,0.8012025,1.0517163,1.0460604,0.60014707,1.003729,1.8646355,0.36569443,0.0,0.48447305,1.1379397,0.04985206,0.20763119,0.039435815,1.9170349,1.0412848,0.31738916,0.59833854,1.1355746,0.8031822,1.2135798,0.19624877,1.8563805,1.2661766,1.4839035,0.8103981,1.8634249,0.36263922,0.66298956,1.024816,0.010723325,0.38278568,0.78471917,0.21917528,0.3406657,1.8008977,0.40226185,0.982836,0.069986306,0.38776377,1.1279706,0.17740563,0.16690992,0.12062129,1.0033352,0.31987724,0.35744882,0.37559432,1.0301472,0.5330637,0.38445055,0.034943476,0.39708373,0.06586377,1.6674278,0.47092888,0.07185741,0.4278402,0.8941864,0.6519328,0.0,1.2172744,0.08718346,0.4105309,0.090020575,0.0134428125,all_pothole_images\pothole_images_optimized_image_68.jpg
1.271124,1.433083,0.8174261,0.86847734,1.0094024,1.3918599,1.4811769,0.82338387,1.5814668,0.22494197,0.052955315,0.8949668,0.5348612,1.1377906,0.15444018,0.40437308,0.42660293,0.41552275,0.10595368,0.005215693,0.13532174,2.069962,0.13910538,0.718168,1.7974066,0.753015,1.0220679,2.007542,0.22028644,0.41695365,0.38173667,0.47050056,3.6411326,0.01294467,0.17383659,0.6289733,1.4549887,0.72302556,0.48003644,0.5643172,0.1813975,1.2456156,0.12507407,0.89410555,0.7680059,0.20287515,0.13202949,0.008424658,0.7184347,0.2036431,0.30035064,0.20897776,0.04207271,0.23428166,0.135056,0.13080978,2.5560937,0.0034680476,0.26202187,0.16572958,0.7536998,0.008226351,3.205359,0.30376947,0.27471307,1.5024233,0.26290372,0.12807073,0.15203735,0.19888169,0.12119646,1.5098864,0.026152277,0.7701046,0.04613087,0.6840426,0.37560466,0.09910457,0.02516284,0.5365608,0.8071325,0.02612827,0.12026175,2.5620909,1.0537894,0.169357,0.32417437,0.043169674,2.2954462,0.6348735,0.6360593,0.23420797,0.8762597,0.91790354,0.3617662,0.14905417,0.2709996,0.36615747,1.7124932,0.21316446,0.34929317,1.6363065,0.15991427,0.13558747,0.06917576,0.19559516,0.6893973,1.0157121,0.48901215,0.5790827,0.65959024,2.0945625,0.95962656,0.005059459,0.51193905,2.3953516,2.6935327,0.21704586,0.24366242,1.1553553,1.9062123,0.025611006,3.484474,0.35752386,0.0477106,0.23557167,0.24845636,0.9457667,2.9883096,0.13022038,0.47526324,1.2097282,0.5786096,1.1584818,0.1571602,0.7908951,0.13319476,0.6088231,2.1813498,0.5969554,1.7324322,0.02121206,0.0069443667,1.2440722,2.042655,0.81232893,0.23548238,0.09749077,0.10449236,0.6380052,0.08532178,0.7951226,0.45496398,1.1513178,0.8370059,0.150439,0.5173445,0.39113542,0.6413495,1.1423932,0.60565764,0.30375725,0.070271164,3.4116235,0.27321824,0.061675634,0.6808241,4.2148066,0.6125859,0.054359816,0.990944,0.76125103,1.1565231,0.49272338,0.28678957,0.026580008,3.4810445,0.97804695,0.043248698,2.3313243,0.148182,2.1526735,3.2364974,0.026750559,3.0713575,0.36568877,1.1943771,0.15488474,0.09243889,0.29167193,1.9579109,0.013954848,0.54283905,1.9424495,0.6252063,0.58246833,0.14402078,0.32809746,0.48542377,0.16323242,0.38606164,0.27745467,1.4077933,1.420989,0.6362597,1.6158637,0.27556396,1.2245744,0.5009066,0.030424543,0.7673252,0.6649377,2.0984237,2.0101657,0.34516758,0.09067783,0.23649804,0.02283558,0.9983448,0.9161797,0.93643314,0.46858892,0.47742975,0.2763147,0.0,0.44922823,1.1310037,0.03488946,0.40857905,0.08459891,1.0572371,1.9073735,0.0,0.42366594,0.303402,1.5006002,1.5569398,0.9174745,0.006683026,0.21356255,1.310348,0.19219433,0.104901925,0.5422307,0.15492581,0.019965263,0.9328803,0.35701472,0.5339078,1.8417314,1.9539074,0.01843148,0.28917837,0.5299555,0.34637642,0.9834684,2.5134919,0.10488973,0.9085229,0.7693632,1.2227018,2.8859866,0.27244398,0.7314931,0.263979,0.3610579,0.0127291875,0.17998722,0.14708573,2.9993348,0.48032075,1.1503692,0.17298685,0.26216957,0.38608927,1.1310093,1.017449,0.78268814,2.7003462,0.76698875,0.7595775,0.71255213,0.11038946,1.0628526,0.3587732,0.14714034,1.2104199,1.1909695,0.7310039,0.33545047,0.3466679,0.029094243,0.35607648,0.3801965,0.4410303,1.9015144,0.5559089,0.36113146,0.7327035,0.17746378,0.09440961,1.3200933,0.2388753,0.74424183,5.82499,0.14597782,0.84929264,1.1147599,0.25560746,0.40589982,0.36831462,0.28490478,3.0615163,0.44955528,0.045639656,0.2786394,0.6636379,0.78322893,0.5519395,0.64513487,0.0,0.17511174,0.0884868,0.1683288,0.6504945,0.16568902,3.0514956,1.9573351,0.0544377,1.1356492,4.3529444,0.5788255,0.14154129,2.3835979,1.2445035,0.42158973,1.338524,0.57713825,0.058123484,0.2033708,0.3818717,0.37429473,0.44777337,0.017809946,0.13964334,0.27951434,0.10028045,0.36155397,1.7447054,2.697939,1.0206054,1.0812569,0.5131236,0.63183594,1.0899161,0.11908108,3.212732,0.17641184,0.44043845,0.2963485,0.4896003,0.0,0.49269676,0.037240777,0.03223744,0.61258185,2.3022096,2.7250326,0.09498839,0.05720081,1.4174646,0.15939854,0.5388837,0.9767185,0.851998,0.23373315,0.48342606,0.7599846,0.04084951,1.0564367,0.025675375,0.39401138,0.4778258,0.48400465,3.864906,1.0007921,3.225025,0.52422446,0.05764785,0.87796056,2.5456803,0.13823007,0.35661635,0.7269386,0.41332722,0.78041226,0.13229829,1.017118,0.044845086,0.025060147,3.8580775,0.3609613,0.040270954,1.4994614,0.18906651,0.087189846,1.2265787,0.2744363,0.46377125,0.43050575,0.05422767,0.303539,1.0027082,1.8192776,0.32640356,0.43108803,0.36238277,1.0507952,0.8579031,0.1744124,0.55139536,0.5034839,0.5622558,0.9149433,1.3182218,0.86580503,0.8007932,2.6456847,0.3018761,0.03389726,0.47213224,2.240928,0.08868599,0.2613635,0.29613918,1.8189654,1.8332092,0.8260597,0.03110104,0.3314842,0.6193536,0.088992834,0.0031481853,0.27438968,0.6862962,1.1432245,1.2379125,0.30368227,3.207538,0.34348667,0.53673637,0.628537,0.022422122,0.24886934,0.9062478,0.26128682,1.2871271,0.9260333,0.74330676,0.47787875,0.7891927,2.420491,0.3438309,1.7659259,0.5288648,0.11014189,1.0847794,0.20987023,1.6328828,0.2687746,0.3286034,0.8677376,0.8984019,0.78905255,0.08114565,0.10859481,1.0488008,0.65622616,0.68750364,0.08993282,0.050392468,2.9161835,0.08786832,0.48638368,0.0,0.25692734,1.6472545,0.7924202,0.21024536,1.3292685,0.041038577,0.81157357,0.6976385,0.08435861,0.6235993,0.4910464,0.24901953,0.485279,0.2976761,0.12859869,1.0855132,1.3743304,0.20057821,0.21936372,0.6216719,0.09148076,0.335014,0.76299393,0.5748841,0.77805865,2.1661618,0.5262677,all_pothole_images\pothole_images_optimized_image_69.jpg
0.105026186,0.8395411,0.030758131,2.3456938,0.57618785,0.0024041906,0.06783668,0.0,0.2377612,0.8316796,0.06631599,0.029580452,0.0,1.2504792,0.016817108,0.008359658,0.03705116,0.027974581,0.28479463,0.008574112,0.3972564,1.4573517,0.027861161,0.38509816,0.6029308,0.8727793,0.4946671,2.4735355,0.18499725,0.64439285,1.2664553,0.0028643012,0.012375503,0.0,0.12829669,1.4220973,0.57906044,0.69549155,0.62544405,0.1668188,0.0,0.096769445,0.42852828,1.6562825,1.179254,0.015469974,0.004073041,0.10656352,0.16611235,0.06662123,0.47538227,0.063128345,0.049435094,0.005110504,0.0,0.8694814,2.5314605,0.037954655,0.016963786,0.022125129,0.061210416,0.02249322,0.51833075,0.17104542,0.54446965,0.40634665,0.1370872,0.018002417,0.012026355,0.03065968,0.2701617,0.7589889,0.1976918,0.14847977,0.2481406,0.6144574,0.15644184,0.41783944,0.005616797,0.042164616,0.16136569,0.38337138,0.06886902,2.1574337,0.044475775,0.0,0.032566946,0.020557817,2.7031007,0.09896741,0.0,0.019756943,0.050330482,0.11599369,0.05977126,0.0,0.6050571,0.62434447,0.9923986,0.27341896,0.0,2.0450556,0.27446088,0.053080406,0.6370706,0.046661463,0.090221114,0.014531617,0.193753,0.003379876,0.0030814738,0.9770076,1.2104436,0.0,1.0172398,0.34683022,0.4917394,0.03740778,1.0089289,0.38178205,1.0585728,0.00917167,0.20709579,0.16252805,0.32682317,0.24961393,0.11232155,0.12791558,1.893571,0.06389885,0.07026115,0.118742414,0.29643083,0.03150695,0.32163072,0.34251365,0.13298292,0.4717067,0.89818954,0.026677608,0.042076625,0.04099258,0.097915255,0.07174109,0.018300701,1.0946207,0.09346919,0.4659876,0.38289186,0.0,0.13493145,0.249265,0.0005874047,0.04536671,1.243231,0.41375452,0.29120144,0.0013084542,0.052808,0.23700285,0.7960342,0.79314685,0.07610415,2.025468,0.15308547,0.0,0.7470144,0.2115786,1.807221,0.4175078,0.02114219,0.045942258,0.020656977,0.0045209434,0.22097273,0.09276006,0.7668018,0.045164842,0.19208468,0.014389562,0.012995237,1.4104494,2.3416393,0.025442703,1.9800875,0.54066783,0.0928465,0.20551085,0.22282311,0.55404454,0.03988481,0.4592549,0.029394025,1.1722969,0.13722476,0.0,0.6734946,0.16527028,1.1632072,0.42260626,0.078367345,0.45824438,0.28394982,0.95888776,0.047454406,0.06931439,0.06345594,0.68587786,1.1229179,0.03343357,0.0,0.023766598,1.1771703,0.5612442,1.3374808,1.9161053,0.055102766,0.09467899,0.53341466,0.24043891,1.4484664,0.0,0.0,0.28623998,0.0,0.14713818,0.9429874,0.0028817698,0.5235414,0.51439595,0.09950444,0.044451177,0.063420326,0.026216248,0.19559923,0.0,2.2697237,0.0,0.100540295,0.27266902,0.08927407,0.009555633,0.31346262,0.3427975,0.11687474,0.0,0.65762997,0.19072808,0.034247663,5.910307,0.8137088,0.12325208,0.28728408,0.30313516,0.0,0.038540978,1.5426393,0.017185913,0.3217004,2.4081676,0.004217332,0.31706244,0.7981182,0.004393305,0.36781162,0.57010484,0.12469823,0.017587533,2.0770428,0.020180598,0.003053909,0.0027968378,0.17300946,0.0,0.91968876,0.5789356,0.005550546,0.09103308,0.22626954,1.2889472,1.1163243,0.07418682,0.055844937,0.3854451,0.11962272,0.48916626,0.9543116,0.8031587,1.566615,0.056658305,0.027256446,0.027806,0.17056188,0.4721963,0.2558864,0.1455081,0.0,0.070973344,0.013241986,0.80033094,0.3764832,0.455835,0.0066285124,0.0003751766,8.274443,0.6393952,0.027109865,0.30368263,0.0014237518,0.5282636,0.18487556,0.5271993,3.2153282,0.120745115,0.091479115,0.85040534,0.051537193,1.7198708,1.1052967,0.14661537,0.0050183674,0.0,0.13815136,0.1050845,0.12543316,0.40589944,1.0015993,0.03932993,0.065131344,0.23371828,3.7906163,0.013582414,0.0,0.08065167,0.26361802,0.058157284,2.5708761,0.19732262,0.27642515,0.0677213,0.50558287,1.0182184,1.152645,0.5167248,0.20588586,0.25473532,0.08787765,0.30706304,0.8925395,0.49397203,0.9487644,0.2837844,0.0338329,0.35405535,0.05764802,0.0,0.32843325,0.4660878,0.09652581,0.10885083,0.0,0.20062895,0.25679097,0.61290765,0.0039956355,0.0013594371,0.73552376,0.1795648,0.0,0.18759798,0.23696901,0.06364051,0.200946,0.0099964505,0.3707433,0.06466239,0.0,0.0,0.1282773,0.40773088,0.10357979,0.02794708,0.10041518,0.4089572,3.7687726,0.24472351,1.1832266,0.0,0.0039347275,0.93720585,1.1557164,0.118803635,0.009721637,0.5430573,0.0059597613,0.022010615,0.13923816,0.044320367,0.0,0.0073525594,0.21546042,0.87050056,0.23926245,0.16200265,0.5749418,0.41424948,0.36968222,0.5135115,0.22833131,0.0054873414,0.4642503,0.0033916088,0.017716974,0.096387036,0.001374078,0.051876232,0.38826478,0.440032,0.054245014,0.0,2.0231657,0.035046153,0.6453347,1.0351824,2.3997319,0.3898514,0.65055645,1.0863136,0.050502338,0.024784569,0.16477397,0.07449491,0.0,0.013803349,0.039502155,3.3157866,0.12690692,0.40670523,0.16872267,0.8646541,0.29651716,0.46646655,0.40038973,0.14193428,0.011278802,0.010541494,0.42400327,0.48790666,0.28747904,0.30831558,2.2832937,0.27076453,0.08141206,0.08225429,0.5564819,0.7752554,0.5854313,0.28165758,0.07528196,0.5852806,1.3114386,0.14439262,0.3967045,0.0008168619,0.83186287,0.0061849616,0.0,0.0,0.028442021,0.7197154,0.08020949,0.0,0.62408507,0.042886928,0.16450223,0.0,0.57527816,0.3724917,0.10554969,0.015990593,0.018979551,2.2365758,1.6648659,0.0048776967,0.0073832246,0.12318245,0.24216922,0.045119397,0.1181834,0.0110096345,0.047921777,1.7958305,0.023725662,0.04831922,0.005840186,0.0,0.036137875,0.09769961,0.0,0.0,0.32724005,4.8408594,0.2693143,0.0,0.18558314,0.6755314,0.36186886,0.04099344,0.16973501,0.6176604,0.11521686,0.044938788,all_pothole_images\pothole_images_optimized_image_7.jpg
0.0007944741,0.81042224,0.43167448,2.0751882,0.8707459,0.014239625,0.05243052,0.15475133,0.46891177,0.027002888,0.15430437,0.053393796,0.0020792885,0.4506713,0.095343985,0.0,0.28978595,1.1195287,1.3015648,0.9638519,0.003037583,0.22848883,0.57543564,1.5519253,0.13292435,0.17720938,1.2819768,1.2819192,0.1269364,0.5429071,0.15884641,0.12832385,0.029538527,0.21131141,0.055321954,0.82090914,0.61645913,0.27035058,0.3604052,0.38246092,0.0,0.0074570607,0.051482107,0.62115484,1.1930529,0.141074,0.36555636,1.3152966,1.036224,1.4475082,0.8480843,1.2970301,0.0052736686,0.0,0.61814487,1.1363771,0.7418015,0.35208887,1.779496,0.034072757,0.8799719,0.17004877,0.9035188,0.24373941,0.54495525,0.4104346,0.048657436,0.7859844,0.42752156,0.42089406,0.055366583,0.46666998,0.869497,0.00049714104,0.021221438,0.08519711,0.07647593,0.45398495,0.0015789018,0.3883258,0.023716347,0.062751114,1.5922014,1.3991574,0.5005373,0.22498658,0.51467544,0.5005369,0.63919526,0.72932243,0.0,1.8410026,0.34987313,0.11489141,0.3092596,0.05492616,1.3004354,0.34901994,0.9444532,0.06357729,0.052903816,0.0803919,0.48310095,0.47861645,1.731084,0.005908661,0.46621197,0.038020395,0.38190794,0.6220161,0.0,0.4558063,0.28398275,0.13347206,0.702694,0.22467373,0.5633202,0.061173856,0.13492744,0.010359938,1.9394042,1.1034373,0.049727906,0.61729723,0.31590283,0.90224624,0.03752435,0.024068478,1.9408199,0.97650516,0.46560445,0.22838888,0.21067731,0.28548023,0.2469887,0.27858695,0.08483825,0.8219775,0.97483164,0.084032275,0.8612991,0.7706906,0.32191843,0.44615835,0.0113188,0.2620191,0.013291454,0.7546323,0.39230743,0.0052712937,1.5136571,0.04448859,0.03369378,0.0044741333,1.0947634,0.6946326,0.82631046,0.00047527702,0.0023444458,0.76866084,1.3924323,1.140141,1.4972687,1.1481402,0.6881712,0.03672093,1.2214676,0.36434937,1.0754806,0.8610494,0.06793683,0.09792522,0.015535901,0.2428187,0.8325194,0.3797614,0.05697394,0.1442959,0.3847705,0.042454135,0.0077033998,1.9064006,0.78704816,0.05134765,2.937532,1.0957773,0.754144,0.30077648,0.0015163592,3.5859346,0.035686053,0.72218907,0.5687717,0.97337484,0.9236039,0.009998051,1.6824642,0.19219124,0.12644844,0.035333548,0.33635357,0.11660805,1.2702373,0.2727677,0.1667162,0.09863266,0.12518446,0.37594151,0.65962297,0.13576794,0.04650541,0.124062926,0.00087774504,0.00074820005,0.85848504,0.8069998,0.44284236,0.1900821,0.3255815,0.5032617,0.8844043,0.89778745,1.2757838,0.50729084,0.08673728,0.1641711,0.59718806,0.2862653,4.787305,0.280789,0.0047942563,0.04370268,0.79768884,0.0,0.27878052,0.001275002,2.4483294,1.2232195,0.00019019899,0.061621353,1.0139425,1.3489728,0.27962035,1.2688481,0.29336804,0.08596297,2.1240346,0.93680143,0.33736864,4.610104,1.0355341,0.33410454,0.17646758,0.09462625,0.0,1.7992724,0.27859896,0.16970319,0.00774498,0.017774088,0.089402586,0.028326584,0.38914713,1.5191748,0.027863674,0.049943145,0.8540665,0.14647676,1.2237247,0.034611188,0.010034318,0.014954803,0.7709268,0.28049558,1.6426522,1.3727186,0.22920264,0.9633873,0.40721503,0.21725339,2.165539,0.7896417,1.3030689,0.14213116,0.7989648,0.5928052,1.044384,0.057407066,2.1194966,1.3441988,0.056440655,0.077412575,0.2428585,0.4432631,0.3344209,0.20888132,0.120415665,0.85745203,0.12829262,0.67575127,0.51311326,0.48914608,0.19413067,0.14070205,4.785177,0.08805327,0.50715166,0.54325825,0.03316282,1.2758557,0.011426742,0.50641835,0.39400792,0.97998655,0.80570763,0.2863993,0.30518392,0.042733245,4.522742,0.07408347,0.0,0.8438943,0.18909045,0.6927084,0.6909916,0.75014305,2.7278028,0.0,0.5906014,0.030278528,3.0453017,0.0021128117,0.9338738,0.16837159,0.09164171,0.22915092,1.419238,0.0,0.0016453726,0.21012822,0.013714321,0.24913867,1.5645965,2.372624,2.3262446,0.06595214,0.006402513,0.12041119,0.2940509,1.0038844,0.82547027,0.0,0.21266806,0.344301,0.11168487,0.004337224,0.0,3.0526607,0.5030621,0.50312054,0.64726776,6.963278,0.33922857,0.3567339,0.07998098,0.006549814,2.1985183,0.26257208,0.09722144,0.6887744,0.83024246,0.0,0.020068187,0.06293583,0.6111043,0.38815156,0.16839431,0.0030122092,0.25649348,0.61559325,1.1804188,0.47544307,0.6545083,0.417424,2.2742114,0.0,0.18664426,0.35236982,0.0,0.20185928,2.2259238,1.2146509,1.4891739,0.5905074,0.036238335,0.038622312,0.60335463,0.3850403,0.5523364,1.28121,1.3871696,0.9679584,0.04180911,0.80684817,0.0770505,0.03144165,0.4828555,2.1677597,0.19794697,0.25901303,0.040965483,0.9773858,0.0,0.025310073,0.6041823,0.15855536,0.9806141,1.2456467,0.014977384,0.0074422834,1.4901593,0.08675399,0.6539553,1.2487535,1.0738766,0.0057700663,0.40587413,0.38180938,0.12675655,0.92073464,0.10533378,0.83391327,0.011029686,0.07953863,0.50073475,1.5914415,0.0249784,0.033139188,0.27874875,0.68362933,0.10606127,0.8512241,0.041839417,0.83066726,0.9049343,0.27253658,0.2565412,0.23850442,1.093485,0.3418153,1.3229549,0.27486864,0.0062723705,0.0,1.3221068,2.6186366,0.049447853,0.39237332,0.7308534,0.30650532,2.0290475,0.0,0.38271415,0.0,0.09046304,0.1525544,1.3811468,0.0,0.15463808,0.11363348,2.2087483,0.6956664,0.46984044,0.029676683,0.040528566,2.5425804,0.0,0.19771442,0.19560887,0.08008036,0.18972698,0.6511696,0.08699485,0.0,0.20772333,0.0865456,1.873272,0.01891258,1.6518595,0.0,0.87345916,0.84312516,0.0,0.3032358,0.0,0.0,0.0075362264,0.0771055,0.0006815916,2.994443,0.0,2.337984,0.64436924,0.16879056,0.38598207,3.5920396,0.73343045,0.22607408,0.3357993,0.5170248,0.5275272,0.04411669,all_pothole_images\pothole_images_optimized_image_70.jpg
2.1607752,1.7559928,1.318106,3.3522766,2.0442135,0.02251528,0.48481905,0.29218018,0.25399834,1.876351,0.19819227,1.1350906,0.3237948,3.4353876,0.21670151,1.6371796,1.6686538,1.4774292,1.7187119,0.7574723,2.8008385,0.51529384,1.1077074,0.03485639,0.6850879,0.071383454,0.09639977,0.096184134,0.4056757,1.4170794,1.1690586,0.027473915,0.48218465,0.26922154,2.2590585,0.45007885,1.0378151,3.334852,0.04592026,0.074952185,0.11492853,0.88053644,0.3490029,0.52886504,0.55172926,0.24108957,0.7002179,0.0,0.8700802,1.5718988,2.7657292,1.9245026,2.0451365,1.1751918,1.9733856,1.949865,0.9940524,0.3322037,1.6241009,0.06167574,1.1513603,3.2308412,0.043418575,0.8026347,0.5555269,0.49959934,1.5818372,0.77655625,0.0943178,1.4856752,0.21167935,0.07220443,0.7053314,0.24569754,0.14317805,0.15254694,0.032508466,0.85984325,0.037358467,0.0,0.8692714,1.1569397,0.53735375,0.7704103,2.576712,0.93335295,0.05301033,0.66804224,1.7010905,0.29090995,0.03359564,0.02219248,0.05988147,5.50054,0.28183788,2.2822375,0.74925774,0.6330547,0.081105866,2.1349957,1.2395755,1.2204102,1.4162078,0.32856584,0.07761494,3.7855062,1.0982293,0.25029793,0.5389043,0.21876389,0.3726593,2.7375817,0.200418,0.53078014,0.7180135,0.055432413,0.18292767,0.42249772,1.787719,1.7304251,0.40055326,2.1711643,0.7987781,0.41236776,2.182756,0.4510912,0.80751127,1.5074356,1.1237154,3.4336448,2.4091465,0.5132864,0.4412344,0.17591187,0.524534,0.049516317,0.17745191,0.33073863,2.57241,0.074799865,2.8438478,0.89220774,0.38735455,0.5713427,0.39473712,0.0,1.5281985,0.14034636,0.04603227,2.665315,0.10477906,3.0521822,0.29176277,0.66217333,1.5238893,0.02319843,0.20635095,1.1634275,0.37795752,0.0,0.5804726,0.336997,1.275813,5.379655,1.5859352,1.6012585,0.78136724,0.9305306,0.045169033,0.88566256,0.6929549,0.3513101,0.14545144,0.5147728,1.7768296,0.008837008,0.45791066,0.45134994,0.019114247,0.33827344,3.2522302,2.4011114,0.08008834,0.40816376,0.017936042,0.054478716,0.04458358,2.2694268,0.008396103,0.15786813,1.1432406,1.306667,0.913416,0.7938469,0.055308547,1.9495367,1.0236353,1.0261747,1.9148766,0.33569998,0.8139254,0.46999526,0.3045606,1.6106648,1.6333973,0.31043515,1.1258018,0.11150617,2.1542938,0.29767057,0.92564154,0.6113677,1.4768032,0.9188426,0.5231519,0.6306892,1.2391931,0.36537454,0.0013321296,0.40928352,0.3903378,0.11912999,0.35055226,2.034371,3.4213648,1.5951716,0.25520292,0.17665331,0.44484088,0.7269714,0.9338184,0.35659593,0.1165767,0.42526376,1.2138401,0.9101808,0.3975248,1.5006841,0.0847256,1.2998977,0.13993078,0.18752107,0.43799832,0.8047428,1.6339021,0.58579785,0.6536939,0.53711176,0.8436405,2.567874,0.66260374,1.6311926,0.88248444,0.33842632,0.57311136,2.1101902,0.72548723,1.938267,2.213802,0.24547757,3.5768821,0.95965195,0.0,1.7117897,0.37500575,1.1746398,0.85967356,2.6104493,1.8654498,0.09607188,0.66121674,0.7386385,0.03130706,0.13313396,0.17415603,1.5252866,0.4526217,0.3002794,0.29947725,1.164437,1.8325502,1.8057785,1.3280606,0.50425255,2.6219783,0.012889974,0.09666945,0.9951533,0.3800925,1.0134394,0.39719525,0.046195038,0.9210625,0.1761,1.7898846,0.55254716,7.0522146,0.1720521,1.1054784,0.4436032,1.2397549,1.1342978,2.0563989,1.526475,1.0875722,0.16897185,0.8456175,0.45034352,0.7639901,0.30934274,1.1407278,1.2134613,0.8328497,0.69344306,0.7790938,1.3548183,0.840995,0.36416984,1.1635667,0.36836,0.6102109,0.41775832,1.6088951,0.02116338,0.20817684,0.28350464,1.0343243,1.4893422,4.042456,0.088196345,0.023789892,0.7702699,0.5923303,1.8047091,2.2996821,1.1677274,0.34914666,0.37926334,0.6363317,0.7312659,1.4875585,2.1517637,0.1619324,1.1811674,0.0,0.2699535,0.27441552,0.45746797,0.9419501,1.5106294,0.8260157,0.30036804,0.19544087,0.0,0.996395,0.4400373,2.5395796,1.9359831,0.24280074,1.5677513,0.9391066,2.3264062,0.12242938,1.1158432,2.151347,0.6547356,3.34922,0.03852953,0.96288705,0.28385597,0.57607734,1.9537445,2.6213017,0.40134576,1.2024602,0.4037013,1.3283002,0.39414728,0.12202926,5.5825725,3.1307697,0.18115197,0.005370708,0.55485564,0.87318116,0.92395484,3.6765873,2.8657103,0.23305775,0.53756416,0.71167564,0.15424025,1.0017909,2.3362064,0.48829627,0.07075422,0.33679834,1.6479614,1.7060738,1.6567134,0.8784231,0.23740098,0.025149787,0.7278646,0.5142394,1.1779981,1.0749065,0.2522214,0.019770486,0.2762805,0.82437336,1.3038324,1.1662096,1.0072291,0.07985403,0.09422096,1.2299852,0.19365641,0.53017855,1.3297548,0.2132657,1.7713897,1.0452636,0.40019217,0.61951846,1.4859183,0.47874042,0.37246594,0.33745527,1.8564422,0.0,1.8187436,1.5376767,0.06827405,0.83752453,0.66312355,0.7845337,0.15316698,1.1871793,1.6576955,1.7344462,0.24706632,0.82195854,0.06356197,0.3563951,2.982238,1.0361592,0.9469542,1.3356951,0.76560116,0.0,1.3362753,0.9597721,0.22707173,1.106977,0.56406,2.3598535,0.86770844,2.4174993,1.5694188,1.7815483,0.8865965,0.41440192,0.28905568,3.3082702,0.5363353,1.3526865,0.8306469,0.86002034,0.97041625,0.19000468,2.1034691,0.61297876,1.2761445,2.3293226,0.19939582,0.7988241,0.17757736,0.13257532,0.11244448,0.47571006,0.6634792,0.19687118,0.5129802,1.4114703,1.1950103,0.51451033,0.8177923,1.7617134,0.09999314,0.7863511,0.0013451746,1.101896,1.311946,0.8575623,0.009916975,1.96501,1.4373629,0.7941685,0.6788021,2.524131,2.1741009,0.25625765,0.7936343,1.105154,0.22800457,0.35937363,0.12394207,2.4584,0.0,0.13344996,0.052693386,all_pothole_images\pothole_images_optimized_image_71.jpg
0.4107856,2.6328676,2.17488,1.4347234,0.19059108,0.020209711,0.28058666,0.33418024,0.114460826,0.40346482,0.68459725,0.3175964,0.200372,2.0294158,0.16609338,0.5827611,0.63555044,0.2574443,0.9763789,0.40203443,0.19373983,1.2742263,0.4073546,2.0803437,1.2136372,0.5933157,0.5105867,1.8464833,0.14344689,0.21514513,1.2931974,0.41185316,0.18629077,0.23578647,0.67289734,0.9727464,1.181987,2.4114301,0.606288,0.73114395,0.17397808,0.0075910715,0.4060425,1.8422933,0.39529932,0.6226092,0.037103094,0.12168628,0.86050445,0.84007573,0.06118095,1.1839896,0.8698215,0.023922954,0.30448952,0.4923146,1.0415639,0.040873848,0.34788144,0.08292772,0.33069956,0.24874866,0.27736852,0.0,0.10550248,1.811288,0.20977436,0.2409246,0.7514901,0.19300449,0.3821517,0.1375839,1.1360404,0.5559925,0.9033284,0.92061615,0.29923716,1.1750575,0.25373912,0.28859836,0.5464921,0.0075431587,0.0218147,1.0617595,0.77594715,0.22600628,0.24341737,0.53888524,3.8584719,0.20560583,0.27099684,0.032700263,0.10739679,0.11077618,0.43557307,0.25031164,0.8445377,2.4995441,0.49541757,0.032854874,0.08926889,0.8497884,0.19339791,0.6449811,0.64655083,0.9464867,0.72898227,0.18905704,0.26629108,0.9109536,0.12747827,1.763048,0.04501947,0.8280569,1.3153117,0.06799953,1.1516342,0.39258897,1.0806458,0.5969995,2.612034,0.044156857,0.14683037,1.913522,1.1583035,1.2901027,0.62426275,0.17664956,0.29587495,0.7342889,0.6301636,0.012514453,0.5166612,0.09045573,1.1363993,0.27078855,0.075642444,0.41638198,0.39880976,0.2945016,0.38167515,0.39527753,0.4178515,0.36540443,0.23735239,0.2974324,0.05772345,0.30478653,0.1947017,1.0889674,0.5625746,0.88494605,0.05220973,0.21685855,1.2004477,0.019036146,0.03668873,0.10598072,0.015347633,0.5690613,1.8232067,0.76922965,0.6828952,3.0769808,0.0045038797,0.33307302,0.60869396,0.11780841,0.47749802,2.540912,0.4611219,0.094986215,0.43666694,0.262005,1.6372869,0.059137717,1.0192188,0.29313776,0.0,0.92241526,0.0,2.2895198,1.8951443,1.6062644,0.9210693,1.6217066,0.3558115,0.09124458,0.86001205,1.0838239,0.37930962,0.58830917,0.52377033,1.3235022,0.13085873,0.6606909,0.38259944,0.79890984,0.057267077,0.9653843,0.0021204958,0.8661664,0.13051042,0.51062787,0.9185183,0.7721184,0.48190525,0.3293116,0.1027441,0.0037944755,0.37221122,0.7975421,0.946487,0.9700105,1.2687855,0.27586937,0.13569693,0.35989285,1.2775863,0.02098149,0.82713485,0.26803336,0.30505586,0.96925545,0.0019229224,0.110938594,1.1549478,0.73361534,0.57749456,1.0599179,0.1781485,0.20387276,0.54643834,0.58725137,0.45272356,0.99740565,1.109414,0.4303768,0.11422044,0.031594235,0.77411765,0.42076695,0.7338771,0.4778642,0.103874594,0.5124234,0.7382063,0.042984314,0.2972239,2.42339,0.44258693,0.091334485,0.12008818,0.2756964,0.61611176,0.0,0.75381213,0.17937829,0.82163227,0.7969897,0.19810157,0.051067155,1.0436797,0.12243142,0.7757856,0.8697047,0.9016973,0.41300893,1.462682,0.30867997,0.1710195,0.0,0.34271318,1.2865956,0.2944788,3.2013478,0.8356266,0.5850552,0.4339212,0.7469927,0.050642513,0.30187201,1.2387108,0.37700793,1.504112,0.39530402,1.3321238,0.8018875,0.5713548,0.015962536,0.35582155,0.34209538,0.018679844,0.27693003,0.65514016,0.62142545,0.46620104,0.06568574,0.78966296,1.7151103,0.7767167,1.5570081,0.0812565,0.79207677,3.866145,0.0027976874,0.10004801,0.37976384,0.8066977,0.38097972,0.1671071,0.44462726,4.6831875,1.070832,0.0049383384,0.94805986,0.44257367,0.28050038,1.7039059,0.36236897,0.4799055,0.20868316,0.2726055,0.038039427,0.26451698,1.510308,0.7941044,0.024403386,0.81498903,0.526142,3.0812733,0.15196605,0.19760892,0.08847377,0.2271959,0.53466403,0.74682987,1.5623032,1.26848,0.014200733,0.583199,0.2574701,0.9100261,0.20254278,1.2207444,0.25364968,0.15763813,0.023933074,0.081812076,0.98883224,0.11836974,0.7128749,0.040187158,0.60153145,0.089573145,0.013345595,0.15690215,0.38317072,0.31031853,0.44106618,0.38833585,0.13921098,0.4010506,0.50522506,0.045842156,1.004348,1.2410693,0.25298652,0.0028009934,1.0774673,1.5611709,1.1191546,0.13367066,0.44468907,0.103623465,0.4949512,0.086610444,1.0032183,0.09244116,0.3424088,0.18470722,0.19458643,1.0814121,1.2545147,2.7219822,0.46470368,0.50695735,0.9252571,0.16295035,3.0630538,2.136297,1.3922124,0.8347472,0.11126907,0.31079364,0.7651691,0.6405447,0.8196554,0.17350262,0.019617267,1.9488531,1.6582572,0.5273558,1.2100146,0.20763583,0.19174397,0.36591786,1.1553345,0.63947934,0.2419718,0.47711563,0.3848783,0.66675365,0.34004468,0.0,0.045276925,0.09957583,0.06654747,0.15044843,0.20247212,0.98384964,0.25511685,1.0010202,1.5767137,1.2641861,0.043379832,0.537508,1.0123153,0.06174838,0.49702638,0.6505962,0.09460738,0.547961,0.7705033,1.389875,4.5844564,1.1024684,0.5090834,0.7154493,0.018333621,0.3649144,0.8229485,0.19797656,0.5176563,0.029041633,0.0,1.465858,0.83319575,0.73967695,1.2551054,3.7912877,0.75732154,2.0471091,0.5675648,0.34795943,1.11879,1.125731,0.4350812,0.20494246,0.6807874,1.4165825,7.3808624e-05,0.48022982,0.1325421,0.52805454,1.1443549,0.4340256,0.022326168,0.762566,0.30228078,1.4502517,0.3663764,0.01173836,0.38502818,0.16360068,0.5189703,0.1692487,1.0065428,1.4885211,0.14821023,0.8342312,1.9834286,0.29868817,0.6226438,0.012140367,0.65744144,0.438791,0.60618603,0.38338637,0.042355433,0.85500646,1.6158581,0.010401345,0.123482116,0.0,0.04338948,0.0,0.021087756,0.24015103,0.31743044,0.115072444,3.0969152,0.82811385,0.82250977,0.18959065,0.33337763,0.31771868,0.3098871,0.6287685,0.11125974,0.022272,0.08602039,all_pothole_images\pothole_images_optimized_image_72.jpg
0.5828739,1.9473727,0.21983299,2.0516634,0.09558957,0.32592562,0.9970346,0.18705247,0.37899998,0.64086956,0.33020267,2.0027072,0.513681,1.9945493,0.8134108,0.3806972,0.27503812,0.86999184,0.8240464,0.4742396,0.8994245,1.7442496,0.9623981,0.053840764,1.63121,0.5725217,0.95414,2.7843018,0.19168659,0.015848504,1.2635295,0.0197174,0.6895857,0.011144285,0.27199522,0.65631676,0.04578942,1.1620336,0.61559206,0.20812151,0.011103007,1.363198,0.080266684,0.83240837,0.255867,0.08581181,0.9581276,0.7851307,0.0,0.023639658,0.028305748,0.15555164,0.18693297,0.25570646,0.07588053,2.1784935,0.96179444,0.10794261,0.10861961,0.10431762,0.48309356,0.24482042,1.4084606,0.35224232,0.5175894,2.1005323,0.22473876,0.018304272,0.0,1.4734914,0.26434848,0.16866897,0.039064992,0.04618635,0.012724934,0.028531587,0.18317606,0.33327475,0.0,0.17729501,0.3024644,0.013092598,0.9740088,0.5557348,0.2041036,0.11788475,0.09482433,0.007179243,0.9650147,0.038505338,0.044189822,0.45872095,0.034464713,0.26363078,0.46671653,0.021085033,1.2214239,0.30060777,0.66797125,0.8107084,0.22549626,3.9525995,0.65088207,0.11743921,0.53933823,0.08786272,0.06460252,0.2900095,0.04419777,0.22297625,1.5979701,0.60573715,2.760186,0.19567919,0.54171574,0.027764976,0.07375259,0.052648474,0.41644987,0.44643113,2.636441,0.025271736,0.3127796,1.162148,0.5160357,0.91003036,5.3951497,0.0071322955,1.4648663,0.055810552,0.5662588,0.0771288,0.0,0.31038728,0.8363078,1.4130455,1.6206748,0.0044535142,0.5986456,0.06538952,2.5675182,0.06821465,0.41409925,0.9874054,0.110493295,1.9980534,0.022528261,0.5993224,0.36700952,0.06332248,0.9634173,0.92742544,0.019442527,0.052305415,0.37103692,0.14485478,0.47605357,0.11202701,0.81613135,0.40330583,0.93304497,1.3434907,0.04190644,2.6103551,0.7949156,1.1991217,2.4107852,0.4160201,1.1354858,1.4459714,0.8338348,0.24304755,0.053057276,1.5140318,0.29784602,0.009190286,0.988706,0.45495847,0.16664581,0.3153744,0.09978038,0.69021845,2.2624612,0.02756538,2.226231,0.022760274,0.38267893,1.1889572,0.17726272,1.0455872,1.2413698,0.14885718,0.010960239,1.8267981,0.46637896,0.002100871,0.39566064,1.5769709,0.07823744,0.9927091,0.34659868,0.4346606,0.7275752,0.8412698,0.20598905,0.09581025,1.2125168,0.28699216,1.2282358,0.41114417,0.0,0.44524166,0.6535031,0.08376904,1.1737114,0.9051217,0.6097125,0.9368369,0.2530461,0.31862587,3.0766382,0.22757646,0.4691707,0.1366371,0.004801578,0.1442903,2.0230606,0.7368071,0.48990193,0.97140175,0.029290479,1.2105603,0.3375825,0.025099417,0.29552764,0.015285814,1.0596875,0.09454452,0.78195953,0.22146557,0.025098708,0.0,1.1417788,0.021442287,0.51530045,0.4731639,0.2152403,0.22956441,0.9681974,6.2369585,2.367356,0.27931377,0.14817822,0.18480319,0.025835326,0.72932214,1.1491457,0.2339052,0.4604878,2.1919794,0.06590695,0.145674,0.4090766,0.11026748,0.34781602,0.61831367,0.7053666,0.6462759,4.7429986,0.2163416,0.19394515,0.758915,0.1683065,0.1772496,0.18257453,0.5391498,0.04482681,1.3211464,0.23506351,0.6959056,1.6833355,0.040907905,0.85040545,0.9172232,0.20779046,0.1768069,0.37666652,0.20952563,3.3557003,0.096422836,0.0025607615,0.21704309,0.16637525,0.5315644,0.1690733,1.0943685,0.14556937,0.81291914,0.22658767,1.6056733,0.075101465,0.047413427,0.4733398,0.05981273,5.2150855,0.008235217,1.2743604,0.0,0.02920784,0.8282515,0.08178092,1.2458049,1.9345273,0.563304,2.0008438,2.0216897,0.20207739,1.1064864,2.3619425,0.55672735,0.0,0.0,0.59340334,0.93747073,0.64515924,0.09561311,0.08347116,0.0,1.4156054,0.22884788,2.7752512,0.113348916,0.060141593,0.37353364,0.094616696,0.0,1.6907324,0.2721488,1.0692523,0.35758203,0.05559103,0.39027143,1.2828131,1.0377035,0.8629295,0.96828383,0.6086081,0.4695645,0.38718507,0.740943,2.6415174,0.061917167,0.4294913,0.7163242,0.30337656,0.008823591,0.10861919,0.86934537,0.17669888,0.020051189,0.7873976,0.9754517,1.2644075,1.3137798,0.0031594208,0.0,1.4179454,0.049219053,0.060179446,0.72569007,0.30221003,0.0071098376,0.14167164,0.028736608,0.14918342,0.09304821,0.04549523,0.4913008,1.2358812,0.2623464,0.9868035,0.26980844,0.27301392,1.3371454,2.0859385,0.37523156,3.0144634,0.07589343,0.0,0.4821635,1.0822617,0.3032266,0.0045117387,0.29705942,0.116571985,0.5785961,0.17717847,0.46466994,0.0,0.67672867,0.47073263,0.6547298,0.6533624,1.1795857,1.2785733,0.4817965,1.1739508,0.8117439,0.25063375,0.79678,1.5743878,0.47447208,0.005789846,3.100748,0.8032404,1.0232931,0.6232067,0.8716499,1.9418111,0.41511256,3.253525,0.04624903,0.67738247,1.1334804,2.3875067,0.07132352,0.251265,0.9876369,1.1851935,0.15687336,0.97593284,0.11598145,0.0,0.44717297,0.3229102,0.8671181,0.017131565,0.82076365,0.18487602,1.7024907,0.15035069,1.0553768,0.104275644,0.07148388,0.43979767,0.0,0.80574,2.162618,0.3398759,1.2546066,2.2900379,0.23308444,0.5093593,0.37122816,0.24255525,0.5163599,1.5113044,0.08907623,0.21944995,0.20894527,1.942568,0.047509495,0.11872273,0.3709839,0.49755555,0.3986489,0.0,0.0,0.03685398,1.4944351,1.3520551,0.31281096,0.22643314,0.7143766,0.20076402,2.6229085e-05,0.9413617,0.9874283,0.9364642,0.035537895,0.08555131,0.8646299,1.3258786,1.580591,0.0,0.3484281,0.25388634,0.033278573,0.24622154,0.07949371,0.052014496,1.7416315,0.033932205,0.8921105,0.0,0.47184476,0.44061014,0.05047557,0.34831175,0.1011824,0.7963842,1.5075325,0.31173944,1.282345,1.2517998,1.1059382,0.6712326,0.016389178,0.18691416,0.12089298,0.14190009,0.26957592,all_pothole_images\pothole_images_optimized_image_73.jpg
0.72429323,2.2778842,0.45451418,1.5207871,0.30583215,0.1789675,1.7571504,0.017525213,0.15135077,0.7593558,0.1899347,1.5705242,1.4297615,1.3921542,0.63741386,0.32292777,0.15477836,2.100394,1.1145976,0.5191772,1.2204889,1.2603817,1.3313916,1.0399592,1.651507,0.88282526,1.561342,2.320866,0.08253584,0.10691473,0.9550874,0.01879059,0.47651422,0.41719976,0.5319756,1.3367327,0.04747577,1.3314526,0.4533223,0.12796897,0.0,1.0379115,0.08713259,0.4156323,0.13266635,0.3624104,1.4637429,0.7716104,0.0,0.09381115,0.0070307055,0.8047058,0.80169755,0.04011498,0.044931624,2.0929477,0.27304736,0.26832235,0.38278508,0.25270474,0.28392306,0.4811636,1.1369748,0.47238126,1.5096028,2.1225085,0.5225803,0.19783534,0.20798743,1.1492636,0.5086078,0.1916296,0.045805637,0.13207301,0.024758808,0.02771902,0.39566064,0.06189838,0.0144822635,0.04790631,0.97150326,0.0,0.6913251,0.29986116,0.49442634,0.0494155,0.08785814,0.015056145,0.66076976,0.015795995,0.05595349,0.69991255,0.0722552,0.26852408,0.5754455,0.0,1.8909959,0.5730832,0.27763703,0.6058988,0.17546599,2.6072142,0.54252243,0.63842,0.80922306,0.3343366,0.04298159,0.042058855,0.102884,0.39144593,1.0895693,0.64366275,2.5816135,0.8304739,0.9586465,0.0625891,0.12745053,0.2534702,0.20334657,0.70339763,1.9149437,0.3347134,0.51612926,1.4063845,0.41451445,0.4021902,3.8959575,0.05893991,1.5821342,0.063223965,1.1397004,0.15900443,0.012030687,0.12740064,0.7275594,1.7418504,1.0096604,0.020125622,0.70584136,0.37560186,2.6010432,0.33112732,0.91468793,1.9815158,0.35407567,1.2380545,0.6369345,1.0225642,0.11181841,0.04137192,0.9560778,0.8651858,0.025447834,0.12826796,0.5059535,0.453771,0.34829515,0.11400536,0.62239885,0.9750159,2.850409,0.9749359,0.18458451,3.1474483,1.0411984,0.9624658,1.8271052,0.5586011,0.79133976,1.7333747,0.8847283,0.48267663,0.06972519,1.6000793,0.2446082,0.5318926,0.5495236,0.57614946,0.25605193,0.5567062,0.25306484,0.54495287,1.2971025,0.29127228,1.63501,0.0631623,0.5823572,0.84129107,0.35525963,1.2512324,1.0283687,0.41595083,0.4042313,1.9689751,0.3069594,0.06707411,0.26729825,1.4373829,0.0060453117,0.8145636,0.19917153,1.0036236,0.7337378,0.38979268,0.17631102,0.3091074,1.8013526,0.10085489,1.3110276,1.2388297,0.006753459,0.5019031,0.43444636,0.014518211,1.1464162,1.2243892,1.7937812,1.0335143,0.8941943,0.13113517,2.9007945,0.067211084,1.0566393,0.13802966,0.16070628,0.19392735,1.3626207,1.8791679,0.39928618,1.1539812,0.36373526,1.0805491,0.49343327,0.35540777,0.22525866,0.027941005,0.54182607,0.44920072,0.85007745,0.42051715,0.021451676,0.008640557,0.8712393,0.07136146,0.24068536,0.75279146,0.5097856,0.20412675,2.2873738,5.6024146,1.9550043,0.37150276,0.22954567,0.07940652,0.048041143,1.0796784,1.0697154,0.85895926,0.47522953,2.0279524,0.45424473,0.38963357,0.39943,0.23284253,0.3912178,0.6789932,1.2153876,1.0257748,5.327005,0.12582855,0.1489143,0.4131911,0.02637098,0.35322133,0.16572914,0.73788685,0.08786397,1.9222322,0.6264041,0.58032256,1.1289675,0.02441595,1.404092,0.5838444,0.78435546,0.16878486,0.4374072,0.114227585,3.0211275,0.10769784,0.33403078,0.15814154,0.24605912,0.22271463,0.05715045,0.64358467,1.1510797,0.51575905,0.20087916,2.149591,0.24597897,0.09269019,0.19246514,0.0055532823,3.1397047,0.0,0.5847222,0.08618923,0.15740392,0.14805289,0.7939468,1.3821326,1.6955937,1.0138228,2.1959178,2.166307,0.20334455,1.2751709,1.6817969,0.9564061,0.43411338,0.1398507,1.0128988,0.9114906,0.55889636,0.10512858,0.22104134,0.0036921692,1.8864534,0.40461475,3.073362,0.28718388,0.21633008,0.4535609,0.08611169,0.014434899,1.3429581,0.32001787,1.2320235,0.13191572,0.19326381,0.5352668,0.9626969,0.89733535,0.7655048,0.95119864,0.44975185,0.733503,0.16130313,0.5641221,2.3424628,0.06256965,0.35655975,1.3090695,0.06580417,0.09156743,0.007577152,0.67968696,0.010598584,0.013758405,2.0052786,1.5511792,1.6997961,1.2017397,0.0,0.0063351244,1.8719386,0.017600052,0.82681274,1.2469761,0.24569215,0.1874846,0.4524667,0.47420457,0.4841671,0.25119647,0.12063654,0.69788367,1.4766796,0.18507947,1.4585273,0.3846042,0.104104556,1.6170591,1.4225485,0.4039802,2.7816398,0.050704557,0.025424,0.35719925,0.8106093,0.51351017,0.013861293,0.23090805,0.13059407,0.38384393,0.7841358,0.20137838,0.4522133,0.5590728,0.44770655,1.3509465,0.2744846,0.8142353,1.9780213,0.10409012,1.606652,1.1352953,0.06599289,0.66859394,2.3991926,1.3911852,0.077988066,2.6189723,1.2421137,1.0827053,0.6380803,0.97387236,1.5733927,0.1117792,3.0214252,0.49052396,0.9643324,2.681896,2.424661,0.07688062,0.4242633,0.6278894,0.6458864,0.35671481,0.65772706,0.39261705,0.027495695,0.46274167,0.44541898,0.99127364,0.12697537,0.63994884,0.10446425,1.7170335,0.5033323,0.96275693,0.09902331,0.04920861,0.2639486,0.0030033349,0.46543378,1.958922,0.1271392,1.6387014,2.2983167,0.8191219,0.44300494,0.43728188,0.101177886,0.701527,1.2253574,0.08370537,0.15028435,0.10003575,2.430025,0.32387775,0.24434914,1.0842094,0.31779712,0.30080467,0.0,0.0,0.24050662,1.2418636,1.7234107,0.26154655,0.21899422,0.63308203,0.3138401,0.03778587,0.986777,1.2460004,1.2603002,0.10490151,0.6454348,0.364893,0.63615555,2.4768672,0.056481514,0.31665248,0.08101883,0.035713643,1.2302563,0.12631509,0.127112,1.3835136,0.10696691,0.4529358,0.018092116,0.3940824,0.33303928,0.0,0.18281524,0.09833866,1.0434984,1.1268361,0.41561335,1.4152025,1.2384226,1.0923873,0.5659677,0.056444123,0.31089255,0.15500979,0.052173734,0.6908834,all_pothole_images\pothole_images_optimized_image_74.jpg
0.34349835,1.9158707,0.14460932,0.92377764,1.2316325,0.559524,0.4538451,0.034667768,0.90786237,0.41716897,1.3086243,0.94669867,0.7044231,1.1365334,0.27648532,0.7235349,1.7185445,0.003937071,0.92247456,0.22818021,0.08685138,1.7957586,1.7483577,3.29379,0.3304886,0.13580844,0.35862008,1.4328952,0.19319025,1.5418802,0.8230782,0.58003944,0.83527905,0.30568558,0.86941046,0.35126472,0.55196506,1.7649817,1.2344695,0.32544866,0.14050983,0.06357071,0.11157029,1.5555863,1.5353322,0.049034186,0.7768473,0.0202925,0.7360762,0.51772547,1.1630282,0.34204596,0.7391436,1.5645509,1.3431928,1.9267569,3.9262495,0.15196687,0.37952396,0.28771374,0.4825057,0.48622018,4.0620584,0.525284,0.17582352,0.8827077,1.0835098,0.7245731,2.6606135,1.0373088,0.9817553,0.7729943,0.30821195,0.24412215,1.5131029,0.2339714,0.6264707,1.2398069,0.2884988,0.35832268,0.10804038,0.13797882,0.4894633,1.5469332,1.7498647,0.008545936,0.34506124,0.18357919,4.2925763,0.9625112,0.11157727,1.023574,0.85481244,1.2447125,0.8728242,0.87951505,0.41259027,0.5745291,0.9110322,0.5353381,0.080319226,2.5043907,0.9995845,0.05476642,1.3285041,1.5102259,0.87129706,0.19879049,0.5226354,0.19744529,1.3796316,1.8005912,1.7021161,0.72861665,1.5434002,1.1736115,1.7516459,0.08950872,0.63133746,0.7122944,1.8787111,1.5507494,0.24318525,1.0965308,1.0686543,2.1737726,0.6446195,1.1246328,0.73181,0.27891585,1.654215,0.04806346,3.138556,0.40707195,0.21877533,0.3783491,0.9761869,0.6420275,2.01982,0.38765672,1.584716,0.07767197,0.2565625,0.8410834,0.5841075,2.3745239,1.6896701,0.02520647,1.977968,0.85670453,0.2156057,2.2730262,0.31232852,0.06293942,0.2967704,0.67382437,1.5326381,1.0861317,0.7490838,1.0106895,2.160961,0.20034313,0.88903934,5.2089224,1.5695863,0.035887416,1.8693408,0.42646065,0.09445715,0.34506214,0.64257175,0.32333055,0.7499238,1.070825,0.71299624,0.07105825,0.53710085,0.26846352,0.012568094,0.13643765,0.76264906,2.2397032,1.4353287,0.18023895,2.0828419,0.9896785,0.4738842,0.46589985,0.49190527,0.8652169,0.7011233,1.5863435,1.1990114,3.745156,0.0020994334,0.8373273,0.7594476,0.08789787,0.071220115,2.1816928,0.48765647,0.86659366,0.6494133,0.41445166,1.862987,1.8715369,0.7790792,0.0794288,0.18679976,0.40569255,0.80230814,1.506448,0.48095003,0.3383972,1.0558784,0.467498,0.18385457,0.15782213,0.93211126,0.0,0.34069458,0.03832799,0.087581016,0.3885545,0.007845047,0.93832195,1.4809968,1.3195854,2.2156553,0.68251085,0.21605702,0.2200201,1.7732534,0.2908974,0.23845243,0.90995383,1.3615937,0.038210757,0.40469107,0.4999165,0.25427926,0.2872184,0.03570484,0.12330257,0.26789105,0.18420848,0.81371945,0.01053521,0.7158807,1.6869212,1.1400138,0.37962773,0.6781314,0.25742722,0.3850281,0.4562535,0.5433839,0.5604475,0.34126619,0.47275928,0.22863014,1.4415299,0.14861971,0.7406051,1.4958671,1.4485972,0.08322322,0.85015464,1.455324,0.25948414,0.038419668,0.2383138,1.0094154,0.94178724,0.50629765,1.9151044,2.3533368,0.2272936,0.068070956,0.46904957,0.28294745,0.9998703,0.2541742,1.5875574,1.8315187,0.18260227,0.84295094,0.23939148,2.7315075,0.8756257,0.028756788,0.0055844905,0.1859286,3.3445742,1.7027252,0.61909413,0.6822326,0.17976803,0.31488997,0.38424826,0.16443527,0.5201862,0.17192434,0.81856805,5.392468,1.2727152,0.05134397,0.7364933,0.88186544,1.1489289,0.30953547,0.9403087,4.376312,1.4940733,0.5178278,0.21068388,0.54309833,0.49029073,0.56861913,0.42429203,0.049986225,1.1242819,0.08552161,0.2714382,0.8811892,1.440883,0.5146276,0.5224511,0.68115216,1.3721588,2.135683,0.51438826,0.16127263,0.18127815,0.4270872,0.69096667,0.039742585,0.7103568,1.5643805,0.13235782,1.1000161,0.77054095,0.6193518,0.0,1.7345303,0.10745392,0.19829981,0.035820447,0.08902982,0.7529004,0.17504057,1.0530438,0.0648093,1.005179,0.5504789,0.05616094,0.13354366,1.8545324,0.27801087,0.027346449,0.019824054,1.2791319,0.67572427,1.8132468,0.0,0.62577564,0.853471,0.5633159,0.2065897,0.40075028,2.1936843,0.4426307,0.21970083,1.053909,2.5227568,3.0903432,0.10620314,0.3309914,0.10622047,1.6909052,0.13199516,0.6649616,0.05186941,1.8939956,3.800756,0.2958962,2.4923646,1.6964102,2.047206,1.2689794,2.5017405,0.21835518,0.4337773,0.22347301,0.6354144,1.583024,1.0059835,1.0485462,0.562391,0.22290698,1.4454546,3.1808426,0.028474364,0.29541203,0.19040792,0.0033540777,0.35036126,1.4531575,0.21405554,2.7857447,0.31052193,0.1667183,0.16643259,0.061607864,0.3161276,1.369419,1.880335,0.5617002,0.5022848,0.1585843,0.3227168,0.9923227,2.0130756,0.9809872,2.1932647,0.22016707,0.5655989,1.5761089,0.046845328,0.75938946,2.3815851,0.4256713,0.24243383,0.47466293,0.5531403,3.0114872,0.12640066,0.004589656,0.38311976,1.1433581,0.9184465,0.8715652,0.39709923,0.25590494,0.12568285,0.6197767,2.812607,0.7405544,1.9336809,2.4779892,0.24789883,0.7526943,1.1632493,0.829488,0.3036399,0.024276292,1.5152233,0.34618405,0.350016,0.3465447,2.79028,0.04869838,1.0388592,0.2653703,0.81505316,0.49109235,0.050348572,0.25313148,1.2154177,1.8419964,1.7008734,0.33323905,0.35532647,0.08186634,0.39975542,1.5129725,0.8135844,0.3982322,0.6399546,0.3713298,0.10719955,4.9399714,0.43621293,0.50735956,6.159127e-05,0.035256803,0.9229853,0.7446429,0.05767278,0.1557973,0.6490832,0.7128227,0.336158,0.15685216,0.012910177,0.44009182,1.1889855,0.009078457,0.23812804,0.5970535,0.17911288,1.5014516,0.7006112,0.23405719,1.5725138,0.091074824,0.013059685,2.8036613,1.0365814,0.11105898,1.0680274,0.11604138,all_pothole_images\pothole_images_optimized_image_75.jpg
0.66273355,1.9687105,0.74589473,1.707351,0.9532224,0.8583552,0.17216785,0.0,0.26719728,0.5128522,0.12871961,0.12731607,0.0,0.35748416,0.25945893,0.8289386,0.14517675,0.0070107696,0.0349893,0.23588492,0.718441,1.4978791,0.81425995,1.6985204,0.65285254,0.16736977,0.12191678,1.6068722,0.047601894,0.77649873,1.3992045,0.106127836,1.3043978,0.47776595,0.1685969,0.40588823,1.1525867,0.16315793,0.43190548,0.34845418,0.24198692,0.268029,0.43452916,1.0858032,1.342271,0.0057438635,0.115353525,0.29696378,0.14051631,0.06874756,0.597459,0.40301597,0.16935593,0.1500217,0.013314203,0.50701445,0.9925454,0.034187824,0.15769877,0.33548087,0.006976092,0.05734046,0.9482199,0.6887325,0.23666704,0.32539332,0.13229187,0.24476233,0.028476942,0.03450435,0.5063348,0.48435864,0.3534731,0.15862212,0.004177177,1.3454127,0.25527236,0.84546864,0.02538961,0.4319101,0.2635518,0.8344626,0.39020592,1.6800609,0.51648253,0.65556574,0.22359438,0.0,3.524517,0.77328396,0.059300724,0.005285301,0.040683016,0.14279304,0.38929537,0.08454666,0.48987874,0.5231162,0.15136859,0.3501756,0.07083309,1.2999145,0.7931464,0.044273503,0.804435,0.030652506,0.10627223,0.8885937,0.47384447,0.53132105,0.00039213878,2.6883395,0.8286528,0.09251133,0.18276319,0.68648326,2.3903859,0.31212774,0.99632525,0.7350686,0.9164556,0.39960736,0.45103982,0.48917747,0.5711591,0.820105,0.82626456,0.5201322,1.0372676,0.1845934,0.5705575,0.017224448,0.36727116,0.14959468,0.4225642,0.4750234,0.15907224,0.531413,0.12281927,0.12299958,0.24783131,0.27509597,0.031711902,1.0813348,0.041937195,0.35407197,0.009349571,0.74606586,0.049822148,0.27974048,1.2255361,0.5373754,0.3676106,0.48711678,0.7820748,0.39375678,0.1983855,0.36902785,0.44031307,0.3013033,1.1029924,0.32103276,0.038981386,0.9968347,0.6662374,0.448127,0.8763116,0.018004011,1.6437843,0.55061364,0.0021455414,0.1921615,0.08931971,0.19093688,0.65583366,0.21702369,1.1551467,0.017483339,0.25195464,0.31924045,0.010486254,0.9429375,1.3059249,1.0746715,2.7067032,0.35913125,0.04586532,0.4131089,0.6707579,0.12791565,0.15713345,0.17452605,0.069123216,1.1691518,1.391815,0.074384555,0.8819424,0.7313141,1.0490192,0.4162663,0.2554208,0.28675368,0.11540026,0.46766114,0.1497693,0.65185577,0.672318,0.064908504,1.8895255,0.0,0.39027256,0.1436746,0.40434602,1.5395367,1.041434,1.3982728,0.10769332,0.11578299,1.808688,0.25948134,2.2571785,0.0,0.086850025,1.3562887,0.023908911,0.35382646,1.8856435,0.45823523,1.2550902,0.49566746,0.39268702,0.04231596,0.6610784,0.031764265,0.5521838,0.056040145,2.143793,0.035391122,0.57029736,0.4734857,1.1603959,0.31449392,1.0482337,0.49114248,0.14736828,0.0,0.51595354,0.04395675,0.37195823,3.4747806,1.3844041,0.32437557,0.50143325,0.16212401,0.41456315,0.12947103,0.68040514,0.36081088,0.07092005,1.8806125,0.22481997,0.72318494,0.39881882,0.3601038,0.41084406,0.88497657,0.37684646,0.66839474,4.6759906,0.4240231,0.51153356,0.0067573893,0.06335973,0.27933645,0.59926224,1.2163479,0.28550598,0.40998664,0.3738425,0.42022324,0.13594887,0.21656916,0.23423055,0.46118927,0.34042132,0.7619808,0.40120158,0.93350685,0.35142097,0.0797829,0.1880013,0.61279535,0.088009834,1.3268002,0.045142468,0.7724805,0.52302533,0.4437541,0.6281914,0.7049516,0.5692269,0.14437169,0.24805571,0.76830804,6.842228,0.2969723,0.17669696,0.37201184,0.09370875,0.054588147,0.187484,0.95295995,5.694092,1.2937474,0.29590708,1.426495,0.014197625,1.0872601,1.4567211,0.23363292,0.33956426,0.6155329,0.31084156,0.22311409,0.009419584,0.32439312,1.3851597,0.40102595,0.61838335,0.5017653,5.2001266,0.17764586,0.1611495,0.25174272,0.048403457,0.3641973,1.3629935,0.324937,0.44401947,0.018826278,0.76879483,0.7757538,2.5002062,0.10257462,0.5451423,0.054595836,0.10078266,0.05571998,0.59134436,0.1521951,0.38504517,0.92017907,0.10336177,0.53881025,0.42454326,0.016043384,0.25958624,0.2625628,0.12440052,0.5389217,0.0,0.4205115,0.64717543,0.6910577,0.020193202,0.62350935,0.52748054,0.6424584,0.62108344,0.15717116,0.16661473,0.2795869,0.33402768,0.08686153,0.33555326,0.08470958,0.367788,0.31861424,0.26668006,0.5196332,0.23704882,0.379833,0.28897312,1.1644945,3.4323206,0.58440256,2.0108848,0.03903497,0.062030744,0.62080514,0.30741155,1.1973218,0.07549227,0.11890695,0.012497136,0.10146856,0.5459599,0.20779108,0.08678033,0.12531891,0.8221137,0.82086724,0.9008136,0.5693673,0.6653458,0.21434511,0.8879261,0.187386,0.050389703,0.25517234,0.40947467,0.005614372,0.13904035,0.7458748,0.11120082,0.13728994,0.58937514,1.4267339,0.44027734,0.0,1.1999537,0.21467166,1.3889364,1.0820702,1.1983775,0.5172696,0.33956113,2.2913177,0.13637245,0.73288727,0.35073537,0.39722624,0.0,0.11944028,0.06497427,3.559602,0.4669485,0.06193233,0.086476415,1.2787262,0.18631299,0.37606508,0.19146982,0.035799157,0.7070883,0.33722866,1.8203536,1.4031166,0.19691123,0.46388683,1.9155036,0.7314791,1.0981076,0.82310057,0.40631944,0.5393962,2.0267618,0.53460425,0.43867716,1.3573735,0.53842413,0.32068366,0.7502014,0.00972189,0.6585973,0.1425959,0.1874643,0.058934577,0.14862093,1.816657,1.3362956,0.0,0.5359988,0.40706673,0.28416988,0.0,0.22970444,1.2710983,0.111113206,0.38050938,0.14331539,2.2476134,1.581776,0.027126579,0.15535356,0.22877255,2.086934,0.26955557,0.60211104,0.118852206,0.14327271,2.3605173,0.0009408922,0.0983746,0.0026381037,0.15430136,0.26680723,0.3173541,0.0,0.03959947,0.04504781,4.765223,0.7437083,0.72774315,0.44317096,1.6076902,0.0013032153,0.12662373,0.7223341,0.6898102,0.06889435,0.2643275,all_pothole_images\pothole_images_optimized_image_76.jpg
0.0,0.48919657,0.12494587,3.5236368,1.3837332,0.927053,1.0134348,0.2949201,0.12806705,0.4747153,0.474733,0.77783686,0.6003273,0.688413,0.0,0.35779765,0.022945968,2.6572866,1.2258512,0.18028434,0.13064122,0.8940001,0.16131893,0.10785163,0.40699953,0.021609271,1.6496497,2.1610844,1.7838628,0.37162593,0.024659231,0.08276539,1.2352611,0.22675057,0.19054267,0.70370466,1.0101013,0.6867076,0.0849202,1.4697243,0.0,0.826402,0.13657013,1.9309962,1.2028428,0.36994818,0.39222106,0.0,0.3744334,0.11680107,0.7466482,2.6098168,0.021831654,0.33854,0.09153052,1.4785812,0.10043902,0.3438768,0.7353836,1.1541468,0.07706033,0.61620355,1.4585167,0.6035851,2.982811,2.1641424,0.53065604,0.2929911,1.3613347,0.049603276,0.76564926,1.0947026,0.0013732999,0.39412,0.01805172,0.25900304,0.16924109,0.024236757,0.0,0.011544638,1.3942373,0.092002265,0.51882786,0.23499358,0.0033294396,0.35481292,0.8523477,0.036731225,1.7256752,0.06433526,0.0,0.78769326,0.27419075,0.3230998,0.15780252,0.049433805,0.5423689,0.96095645,0.11339011,1.2426214,0.026462413,3.0976827,0.15628786,0.090967275,0.07065224,0.0,0.06440611,0.015002929,0.5272283,0.033323023,0.11819789,1.010499,1.5332872,0.018219281,1.0852641,0.0679338,0.040801574,0.42638516,1.2003793,0.13591343,1.2398733,0.17704947,0.27754748,1.5587423,0.50491726,0.06693068,0.042440366,0.43098563,3.194348,0.099412404,0.9106347,0.3840509,0.24941432,0.11812907,0.0018015219,0.08352065,0.36577407,0.27269143,1.3933218,0.10259445,0.87748003,3.210456,0.043855764,0.50297076,1.4689107,1.6600199,0.070595734,0.024698213,0.07488223,0.09953209,0.06899199,0.0024305873,0.0,0.0,0.30375084,0.6008219,0.42701823,0.029890684,1.5506161,1.2920661,1.0057642,2.8922708,0.37718666,3.0057924,0.33595732,1.0069562,2.9254,0.21663304,0.64766484,1.515289,0.19309002,0.39957497,0.6201256,0.86730355,0.25085476,0.024476474,0.7369045,0.043074686,1.0482248,0.020252515,0.022020098,0.21199253,3.4262147,0.09255722,1.4208664,0.0767567,0.14097647,0.14584738,0.088375956,0.59308827,0.2464127,0.76134884,0.0,0.8011905,0.26484793,0.5613484,0.2645918,0.3148514,0.8402901,0.26387602,0.27600837,0.69622904,0.7730822,0.24983884,0.22720751,0.5132793,0.34657598,0.0014088633,3.3683288,0.67351973,0.78647494,0.23125441,0.19916706,0.6851157,0.7951449,2.4464335,1.48971,0.06094477,0.3514953,0.99559265,2.2655742,0.18868257,0.8726092,0.039805327,0.0064625195,0.49476385,0.20468377,0.88133657,0.27648118,0.9559186,0.83874947,0.8384234,0.8514487,0.06488318,0.13652918,0.0,2.3955784,0.6927229,0.0983656,0.41353813,0.007822742,0.08800815,0.45852295,0.02028073,0.08891841,0.1304194,0.24943328,0.8370852,0.14938128,6.433372,1.7848411,0.0,0.28550407,0.30192,0.08951969,4.1996636,0.002025328,0.3004966,0.060015664,2.7067728,0.022326754,0.11158432,0.141855,0.44552222,0.07736909,0.47476584,0.919508,0.5668692,0.2997114,0.51701605,0.1571309,0.05688781,0.6472422,0.23594436,0.37679094,0.19012283,0.29568028,0.5647153,0.068825476,0.2807054,2.2990003,0.5372352,0.28334087,0.055594247,0.039621733,0.7473056,1.5266774,0.39145845,3.5577793,1.5776124,0.0,0.34234345,0.0103584705,0.8030838,0.19422005,0.9998749,0.0,2.8555572,0.2242664,3.3425245,1.7958183,0.8020826,0.020258851,0.034796927,5.315102,0.14587103,0.21795794,0.027691761,0.30556533,0.21790619,0.23003496,0.7627179,0.6841239,1.0132723,1.3522727,1.1765542,0.3892793,0.9523567,2.255867,0.5354579,0.019471245,0.13930959,0.31243247,0.3183541,2.0006747,0.20635478,0.02798531,0.0140497405,0.1691933,0.11400847,1.8582652,0.06647158,0.38631442,0.030629326,0.056359235,0.0,1.7146912,0.9457187,0.9511781,1.3671021,0.0,0.34848338,0.26485568,1.2503839,1.1964592,0.69354856,0.17765255,2.278953,1.6801478,0.020978617,1.3826721,0.5704128,0.016465746,0.13038573,0.0,0.2027566,0.17059071,2.1464448,0.021761179,0.042563595,0.38266426,0.30989662,0.9344728,0.0052145147,0.008286382,0.0,0.96993345,0.24191755,0.42922354,0.64433646,0.55427766,0.0,0.18104175,0.0626106,0.055959757,0.07143489,0.062015105,0.0,1.2077576,0.12058466,0.076936126,0.003634413,0.0052442728,0.15925452,0.07759296,0.88289934,1.1433008,0.019940358,0.11493957,0.3718196,0.25812015,0.0,0.110643074,0.37853152,0.14097172,0.008457845,0.83018225,0.07898403,0.016431706,0.4865445,0.5104322,0.9228869,0.0,0.3732849,1.0356297,0.51421785,0.15543072,0.534111,0.48368928,0.020158758,0.41911915,1.6775452,0.0,0.80672336,0.012099576,0.5535271,1.2102699,0.2512661,0.54800576,0.050709542,2.8263664,0.39904287,1.8270025,1.7200811,4.6284533,1.119135,1.2560165,0.06861695,0.27335292,0.48302624,0.40600756,0.5181211,0.1738166,0.23533416,1.4854528,0.18292797,0.25955033,0.45093942,0.44293103,0.7943277,0.5379493,0.24344034,0.47902697,0.00035582774,0.050048,0.0,0.32097667,0.15016301,0.30977368,1.1423173,1.0012888,0.00080988713,0.21591887,0.048443887,0.02774152,0.13156,0.092424594,0.0,0.46584243,0.066234246,0.7160823,0.44386965,0.18263,0.35257798,0.005105327,0.0,0.00015952271,0.0039903624,0.10751047,0.4308083,0.027992038,0.86453295,0.26744375,0.11274011,0.6457611,0.015552427,0.60780513,1.0436386,0.6050478,0.0064402865,0.05231346,0.31428382,0.0,0.13207571,0.0011526499,0.009802116,0.5660182,0.23596713,0.05267818,0.19751681,0.01652067,1.6971126,1.2366102,0.12147403,0.0,0.0,1.1777122,0.008179366,0.11505141,0.19245215,0.15439449,0.46258548,0.48062056,0.0,0.88946456,0.60870934,0.075761095,0.14629613,0.15954375,0.6218887,0.33250275,0.59210587,all_pothole_images\pothole_images_optimized_image_77.jpg
1.8116926,1.8703675,1.8536723,1.1700675,1.5190239,0.9277916,0.5625771,0.15237862,0.213799,1.5397477,0.9236872,0.18612534,0.7462986,0.19033651,0.27968678,0.6899234,0.54273635,0.12182211,0.96972173,0.1882596,1.2603118,3.3664973,0.73653907,3.3243997,0.2077533,0.5205431,0.007007222,1.1977179,0.0889409,0.8282785,0.45156732,0.4051251,1.2144166,1.2386161,0.67487806,1.5060096,1.4923759,2.1360452,0.5394331,2.3333123,0.791365,0.3844989,0.9988787,0.65840703,2.2441285,1.353151,0.049749408,1.3618705,0.82327205,0.64201826,0.040750254,0.9868767,0.59197384,0.85986775,1.0137229,2.4525928,1.7061958,0.6088246,0.76201504,0.38187766,0.7917393,0.33452275,0.37010586,0.59268135,0.3029852,0.7103879,0.7550202,0.7834053,2.760077,1.1220028,0.27385515,0.8144204,2.0771513,1.5120648,1.2873046,4.3126755,0.30267486,0.04889452,1.0820471,0.23086773,1.6102673,0.7355189,0.89479065,1.8539281,0.9827433,0.49566448,0.12315545,0.5991076,5.0033326,1.1893348,0.041825533,0.46561345,0.22478898,0.31492865,0.67420727,0.56183964,0.7701953,2.99202,0.40421066,0.7812084,0.024545208,1.0382217,1.1034265,0.3714376,0.33202788,0.11405857,0.15556253,1.5563067,0.12313369,0.96442723,0.088402905,4.640365,1.8268495,0.7042237,0.4637613,0.42890677,1.6237738,0.10643553,1.6857067,2.1952991,2.8028293,0.45050725,0.12503347,3.4424217,0.09635704,1.6555346,0.3264095,0.5562627,0.27898806,0.42624733,1.3899891,0.029887918,0.09017388,1.1454962,1.507747,2.7270591,0.45353037,1.3509363,0.5195729,0.58482075,0.24588111,0.53643847,0.40359172,1.0161917,0.9948385,0.54707086,0.82692873,0.4654944,0.13372996,1.1725322,0.6975504,0.44593862,0.06739011,0.66319805,2.2097938,0.41601676,1.2890593,0.46286887,1.0218456,1.0255316,0.8066185,0.35606924,0.0027572988,2.1113143,0.0,0.68134105,0.07775461,0.14331478,1.4364864,0.83711267,0.7592777,0.2191211,0.35009107,1.1808976,1.9563594,0.77126086,0.37930793,0.07709218,0.35632196,0.43614063,0.004377328,2.134531,0.8938711,4.0362926,0.40389094,1.7252592,0.65447545,0.433114,2.1724882,2.3148746,0.34553748,0.33489004,0.061822668,1.0265868,1.4319346,0.31289908,0.529614,0.21664837,0.50910026,1.1093056,0.43035933,2.1165242,0.06581538,0.2091947,1.0307597,0.45057923,0.2952163,0.89674747,1.0527595,0.09952829,0.017730938,0.95400673,1.080138,3.4822495,1.3586686,1.5838119,0.23311058,0.63035816,2.703368,0.07408084,0.8265877,0.33192188,0.6809062,1.8163229,0.4941708,1.2858785,1.3429593,0.4869511,1.8419634,0.2770254,0.1261597,1.8047167,0.9687587,0.2953378,0.87390596,0.46710578,0.9951941,0.110629,0.0350641,0.027997963,0.2232744,0.06634678,0.10818985,0.028739551,0.06920372,0.2912269,1.0590966,0.062377326,0.3746149,0.9487806,0.603342,0.3457049,1.0331753,3.409318,0.28511804,0.015171774,2.0622916,0.39838994,1.2715857,2.2235563,0.02486135,0.5003118,0.84756035,0.29847348,0.7759715,0.94219005,0.4003787,1.2445135,0.52472854,0.39131826,0.78668463,0.64816976,0.17552967,0.32420453,1.3940054,2.1052015,1.0999724,0.0,0.33620515,0.4311637,0.018143117,0.1302807,0.70781034,0.4502013,1.0692164,0.7253678,1.725722,1.0219967,0.19696109,0.67810464,0.826848,1.7905687,0.14093979,0.22048521,0.49949652,0.3989183,0.65865105,0.10636072,1.2365416,1.1679901,0.25795954,1.190625,0.48881546,1.1522598,2.9455893,0.72853374,0.10832729,1.0762432,1.2066436,1.2092572,1.0613545,0.4669018,4.2039094,1.5689907,0.16720167,1.947141,0.7180703,3.5828795,0.47341248,0.13610883,1.4935278,1.1007476,0.11844734,0.44963735,0.93074024,1.9379727,1.3054729,0.3452387,1.314622,0.3029471,1.5847305,0.47957534,0.15100203,0.23216781,0.5110733,1.7289164,1.5410235,0.58001554,0.52635145,0.11494727,1.9546154,0.10214044,2.4323936,0.012581718,1.3690319,0.7760335,1.0021664,0.015748287,0.11174489,1.1434537,0.25632587,0.72716725,1.0903696,1.0734,0.5983167,2.4520156,0.20498092,0.5569972,2.4232543,1.416786,0.4965715,0.19401783,1.7806242,1.2756249,0.18504833,1.0907757,0.46484822,0.020424759,0.07904032,1.7696962,0.7414165,0.60621166,1.7282811,0.20747477,1.5571856,0.36753902,0.89070314,0.47599566,0.86769664,1.0569887,0.13697575,0.08010004,1.469685,1.2367518,2.7388043,0.56120557,0.96937066,0.2327017,1.4488487,2.6238346,1.4465133,1.9067922,0.55043817,0.15720329,0.02934305,0.43784517,1.2106676,0.8957307,0.0025717726,0.27008906,1.7740632,1.7095146,0.88369,0.22304262,0.20069869,0.07166001,1.2368577,0.7512758,1.0200167,0.38682905,2.4185102,0.40688747,0.51349014,1.8590587,0.38144955,0.5461534,0.72367,0.4305434,0.8548478,1.4414017,2.5155556,1.2398849,1.6241333,0.29303417,2.0145488,0.049929384,1.2040881,0.5703344,0.42583698,0.61433506,0.42989972,0.16413154,1.5897814,0.5321766,1.5724472,5.260696,1.7217033,0.43119395,0.035894997,0.70684737,1.0002121,0.4727541,0.09052512,1.0186911,0.08722588,0.24513732,3.5428274,1.5458223,1.3119818,1.732886,1.8391904,0.50467783,2.9303124,1.2431087,0.7243828,1.5230672,1.0025747,1.9628112,0.018991195,0.8959831,0.987068,1.1653515,2.7408926,1.1177281,0.28752413,1.023585,0.82076573,0.021141723,0.9448398,0.74840623,1.8030875,0.09110743,0.29518723,1.0409319,1.8075591,0.5481468,0.0,0.44755965,1.3325462,0.8275419,1.6767033,3.2277746,0.9519321,0.34205845,0.12992285,0.44724974,1.2209306,1.3848526,0.7259687,0.15996774,0.9469819,1.8200879,0.2953488,0.14242998,0.14264573,0.12381563,1.097582,0.48989174,0.18815444,0.10169325,0.45058873,5.32096,0.90072286,0.7444735,2.3972254,1.2706631,0.006800289,1.9654409,0.21976249,0.59210765,0.31655312,0.8231501,all_pothole_images\pothole_images_optimized_image_78.jpg
1.0249445,1.9274801,0.21103555,0.40188032,1.8611679,0.9913102,1.1855816,0.2778073,0.1966397,0.7617013,2.127942,0.10971406,0.9044764,2.7055078,0.5385546,0.93853307,0.64851695,1.4334902,0.18229808,3.270937,1.8081858,1.3286734,0.26160163,0.8067057,0.53745615,1.8971101,1.5918111,1.5128062,0.552222,0.8004494,1.3854532,0.35986573,0.31344214,0.6479606,0.22593394,0.42535186,0.099384114,2.1228194,0.19860554,1.2797042,0.002231323,0.0,0.18458308,0.23303245,2.7000246,0.04303358,0.366308,0.0,1.1377243,1.3614552,1.8646601,0.4842421,3.0556715,3.1114283,0.7603927,1.0726467,0.68950903,0.11929844,0.8255604,0.08807369,0.27131352,0.087940626,0.49617067,1.3343995,0.2163085,2.438825,0.3217395,1.7094276,2.1056287,0.21542582,0.95770496,1.5287385,2.9410818,0.0866554,0.44003913,3.3806398,0.6097749,0.7531204,0.66967344,0.2103555,0.2658096,1.4910667,0.0,0.05596827,0.813601,0.029179636,2.5329094,0.20257987,1.8056896,0.17832997,1.3013487,0.03891475,0.88270754,3.025528,1.5280467,0.5327215,0.6653408,0.30852792,0.6245144,1.9787086,0.059280384,1.9738263,0.016385673,0.0026116483,0.14894637,1.5715384,0.3330152,0.012529731,0.30972478,0.34445062,0.48884106,2.4245362,0.73073655,0.90377814,0.48197305,0.1535058,1.2943432,1.5574841,0.68318737,0.815772,1.0731714,5.8256555,0.7963159,0.7080849,0.030688217,0.4970701,0.022581007,0.5390864,1.7496029,0.85432285,2.341568,0.0354301,0.22295542,0.39092317,0.33019716,0.68717706,2.4660745,1.2197809,2.7528675,0.7534747,0.6405894,2.4408188,0.11076147,0.36827978,1.2791452,0.7729844,2.0144615,0.45616597,2.2753315,1.8236463,0.25515136,0.34941074,1.19397,0.00748748,1.2036426,0.69293773,0.42865747,3.9352703,0.852897,0.03341277,1.2680473,0.5786482,0.34156966,4.326663,0.13212739,0.82080853,0.8687445,0.23061028,0.8203937,0.070303366,1.7796587,0.52789056,0.29021338,0.57786894,1.2673573,0.3582611,0.9050292,0.808674,1.582787,0.5458063,1.4779633,1.4186174,2.8244336,0.21993007,1.005814,0.5303958,1.9043986,0.82689774,0.1122077,1.7575786,4.7478595,3.884785,0.015327476,3.0839548,0.32112738,1.0888814,0.023989422,0.18176304,0.012883123,2.3265104,1.009371,0.16041142,3.748693,1.4479321,1.4709057,0.3152304,1.057859,0.4148526,0.09652599,1.1036336,0.208842,1.8572017,2.9427204,0.049028654,0.14577131,1.4009778,0.16404039,0.057166368,0.019470822,1.0584309,0.525165,0.42417184,0.7375875,0.02523058,1.9813955,1.4811503,0.21030663,0.16046755,0.38311136,0.09044326,0.308387,0.21960631,0.5477338,1.0238156,0.84019125,0.21498784,0.5821234,0.21055299,0.15231444,0.183119,0.2777235,0.52086514,0.7268762,0.5162095,0.07924099,0.19658686,0.6635059,0.8453623,0.08578999,0.24760063,0.82772124,0.58474845,3.6617024,0.05623659,0.36118978,0.50076073,0.048761845,1.0502331,0.36130908,0.39638165,1.1049577,5.132453,3.727621,0.60588616,1.3252227,1.5363779,0.59968287,3.511345,1.3830038,0.8283423,0.22738342,0.714607,0.10523177,0.40957725,1.0104625,0.5880059,0.5897828,0.08462209,1.8179499,0.34740332,0.08716783,0.07948836,0.64610195,0.19913681,5.4991074,0.06723482,0.3490481,5.168639,0.33891678,0.12024407,0.301625,0.2275301,0.43560252,0.17633346,0.7559464,0.0306566,1.2184278,0.36303353,1.9279722,0.39778635,0.8498721,0.5456856,2.8659887,0.06061271,1.9932355,0.7401487,0.24830507,0.4014406,1.320709,0.041929245,0.9023832,1.5760635,0.88053393,1.6743864,0.64125603,0.45465446,0.40702578,0.36193419,0.6507196,1.758391,0.42029673,3.9752524,1.3468875,1.4984504,0.84642845,2.1086867,1.1972104,3.0683393,0.6032141,2.1680622,2.622936,0.529125,2.4324489,1.1985571,0.3575503,0.76879555,1.1344533,1.3742709,0.70993894,0.8113562,0.30203742,2.4050756,1.2475849,0.16812547,0.5121044,1.666659,0.2438997,0.4099296,0.8020447,0.73599225,0.050475627,0.136506,0.45924136,0.08614779,0.9065737,0.12649111,0.06596727,1.8347545,0.22498113,0.33875632,0.3285809,0.7576079,0.03495336,1.0487005,0.7673497,0.10200175,0.38531432,0.18841946,0.64145887,1.2851309,1.8600055,3.157355,1.8820772,0.33162966,0.8489601,2.012716,0.16122378,0.057889137,0.07609509,1.7464137,0.07420474,0.1788146,0.61484486,2.8092406,1.3938345,1.1695609,0.08673004,1.3197638,1.4215745,1.0776123,1.0124568,0.7458438,0.14917389,0.53177834,0.7329628,0.046486795,0.5645671,1.8928041,2.5222824,0.8583049,3.430783,0.34357488,1.5448514,0.60952514,0.9082696,0.41333896,0.6021755,0.03253168,1.1905375,0.65800804,0.3757387,0.2663613,1.4099904,1.2095144,0.11373463,0.3178398,0.1936751,1.8060929,0.33506322,0.32112738,1.2939254,0.70107406,0.13155283,0.16217822,0.4896055,2.1398559,0.01062979,2.30575,0.67328143,2.4212737,0.004445615,1.163193,1.3877797,0.09419028,0.4057956,2.0045226,0.5232626,1.1951377,0.41720456,3.1680043,1.9244767,0.07627013,0.3578794,1.8608412,0.20195812,4.5114036,2.3768952,0.48824137,0.76490206,1.279619,0.6343569,0.2595038,0.6814393,0.07496248,0.12986495,0.29046187,0.20913257,0.33638266,0.94567496,0.5592237,1.2022493,0.36447453,0.29143396,0.97961247,0.24935552,0.32950038,2.0990415,1.3520871,0.6837052,0.47682992,0.63464123,1.7097234,1.3101608,0.15344143,0.42478594,1.133158,0.7520109,0.9007037,0.15724604,0.9454726,0.092012845,3.0756145,0.003412348,2.0112612,0.09056854,0.24927524,0.9912162,0.22065762,0.18238783,0.049683657,0.6279499,0.99803627,0.14046335,1.4205282,1.1603563,0.47092745,0.045559175,0.014571608,0.016813057,0.64631397,1.5047047,0.7707227,1.043848,0.32966784,0.330438,0.115496635,0.35555804,3.3091583,0.39637834,2.305989,0.37978542,0.3076354,all_pothole_images\pothole_images_optimized_image_79.jpg
0.44189787,1.4534444,0.631586,1.5745867,1.9553783,0.92903745,0.75231236,0.0,0.25893557,0.4634747,0.9633651,1.5287678,0.29695427,0.3022854,0.22155847,0.06771217,0.24472307,0.0,2.1241312,0.48650023,1.0885477,3.638556,1.2559975,2.8388848,0.23736198,1.3351533,0.097513355,1.6656575,0.093464814,0.8964315,1.2149063,0.12787965,0.853233,0.12476746,1.2740709,1.1430826,0.47635466,1.514326,0.32589334,0.7828581,0.19427899,0.1409561,0.06425347,1.6670095,0.6239918,0.27067038,0.034896698,0.027422154,0.14962266,0.665145,1.12076,0.74316233,1.4503287,1.0022073,0.1667579,1.124262,1.8753945,0.2679121,0.62636054,0.11647987,0.27152103,0.057455365,1.1875921,0.8629728,1.4591631,0.9987417,1.3587104,0.23994671,1.0238131,1.4125813,0.36171702,1.3233708,0.04619421,0.39948234,0.2020832,1.9073517,0.1963409,0.30508167,0.1750723,1.2707992,0.03978219,0.56885225,0.0,2.438858,1.0057138,0.60839266,0.6480808,0.56238776,2.4164312,0.20009507,0.7801064,0.46839166,0.0003107231,0.13259238,0.046612088,0.28309897,0.64717716,0.28929573,0.16269858,0.23323843,0.0830213,0.26668614,0.28504902,0.04581863,0.034960907,0.315842,0.25524098,0.59499866,0.66297644,0.39802328,0.0,2.7671123,0.762397,0.1548651,0.4546917,1.378085,3.2199993,0.7795813,1.5707914,1.1250585,2.2124586,1.703024,0.79994816,0.6418805,0.6461808,1.2455055,0.046307646,0.11602596,0.9050559,0.29788134,1.9903237,0.29079056,0.55866116,0.026507273,0.3713269,0.9733157,0.48470858,0.52792984,1.3025618,0.045337044,0.5579798,0.1598289,0.14075933,2.3311954,0.18833472,0.9624833,0.18688746,0.25921705,2.4195385,0.7092328,0.32800195,0.41350478,0.10397857,0.04420038,2.3917186,1.1977444,1.7322055,0.06554426,0.3492169,0.40094203,1.128411,0.12606817,0.0006541826,3.8036523,0.12316727,0.27309805,0.14765383,0.5483152,2.3259048,0.41965827,0.25563818,0.22035001,0.0,1.2206314,0.77957076,0.121047854,0.37985685,0.09918198,0.6784609,1.1294031,0.022199886,1.5626177,1.8667767,1.6746294,1.8001325,0.35166413,0.34655577,2.0907085,0.4018823,1.6708758,0.4800883,0.0121491365,0.07025735,1.2916362,0.23277315,0.0020013654,0.2530837,0.25737202,0.13667582,1.8821981,0.59953916,0.8739549,1.1540812,1.3400944,1.7922417,0.10822936,0.8272808,0.12525095,0.38094383,0.0010286587,0.035223093,0.026240272,1.9490148,1.4241389,1.2910309,0.74351984,0.5221686,0.12628669,1.0149653,0.21182348,0.26128325,0.7140559,0.6073965,1.2232953,0.33536974,0.8598297,1.367792,0.1524011,0.49892628,0.46493188,0.027610034,0.7076503,0.9102415,0.23177111,2.6433864,0.24727882,1.263779,0.07826819,0.12105278,0.17709415,0.3541999,0.94677836,0.2644686,0.02310514,0.30639127,0.06328505,1.3288704,0.010783264,1.1349005,3.2418966,0.94329304,0.08553125,0.61551386,1.4478705,0.5176743,0.3881353,2.483226,0.7017849,0.06410477,1.3649961,0.5712117,0.5136176,0.15913953,0.47564432,0.82967055,1.189084,0.08943756,0.06608513,1.4806643,0.6193211,0.034249783,0.31761056,0.0779399,0.7778705,1.164968,1.0944989,0.12768768,0.6573463,0.1661199,0.41431317,1.1028168,0.24872303,0.25430223,0.03954191,1.2947837,0.8456656,1.0481904,0.98454875,1.3091657,0.10781019,0.6704169,0.026577989,0.20975786,1.8930081,0.8748918,0.05819087,0.9727801,2.4873698,1.220996,0.36471412,0.38678163,1.2759233,0.2891797,0.35594004,6.742657,0.26797053,0.579846,0.28351942,0.0053854575,0.43109062,0.6399434,1.381886,2.600532,1.5064862,0.6534279,0.7675446,0.025800524,0.9098058,1.2655798,0.15198481,0.502463,0.09463606,0.0,1.0936478,0.8031376,1.4159086,1.3702061,0.005660693,1.0707629,0.23792562,4.284272,1.2763072,0.94703937,0.18432216,0.13003305,1.2423036,0.8902458,0.3798695,0.01545628,0.1552903,0.5261426,1.8161631,1.0502506,0.44817397,0.11535932,0.3797921,0.0,0.47717112,0.6176721,1.0471638,0.008239154,0.67094594,0.032861635,0.07957105,0.12062366,0.037710845,0.28303576,1.6306918,2.4410532,0.83803487,0.0,0.013067417,1.9713682,0.5263928,0.5004799,0.041685183,1.7491888,0.90601385,0.010356312,0.23095877,1.338799,1.9600216,0.87434727,0.047680095,2.495083,1.2568407,0.72417957,0.10047925,0.7567039,0.30627072,0.6482584,0.086115554,0.887854,1.2912793,3.8594167,1.8568245,2.5509727,0.0,0.3724615,1.6144923,0.79984635,0.52684814,0.08323642,0.5442796,0.8091798,0.24628839,1.8074356,0.45306578,1.2618902,0.2632096,6.2712474,0.7670943,0.071931,0.958396,0.09678961,0.0,0.14489876,0.46603897,0.08391135,0.379648,0.18412738,0.26265582,0.81044084,0.96351343,0.0124204885,0.0424139,0.9879004,0.7357252,0.12024152,0.24503106,2.7769594,0.9908914,2.6602721,1.4164338,1.5358369,2.0023544,0.40488818,1.6281744,0.16569988,0.58943164,0.3233462,0.9643695,0.58230305,1.2077733,0.8519236,3.6351361,0.5233502,0.24736603,0.7791584,1.5404292,1.2595352,0.10592514,0.51183534,1.5727072,0.97478616,0.7571655,2.9101841,0.061090253,0.17652632,1.0849265,0.8796995,0.32921898,0.08892473,0.6533715,1.366285,2.1212196,0.2801961,0.22528267,0.2974034,0.89238304,1.3453985,0.20293416,2.301194,0.117436215,1.264841,0.8930723,0.011151017,0.030923424,0.4111027,2.7621543,0.54249537,1.4931382,1.0187318,0.56868905,1.2070843,0.1810042,0.6364311,1.8985637,2.229934,0.033632036,0.38232535,5.3919454,0.2806664,0.28323522,0.028290994,2.1254191,0.49049288,0.83143926,1.4831549,0.010549315,0.4546974,0.41558778,0.7700539,0.00539681,0.03658517,0.0,0.12566786,0.546524,0.1264444,0.91909516,0.65427095,5.203711,0.79215443,0.27025807,0.10007267,1.0746446,0.050493143,0.99530613,0.6385254,0.6396611,0.19309609,0.066160165,all_pothole_images\pothole_images_optimized_image_8.jpg
0.22450213,2.4954052,0.2703713,1.6125072,0.26926848,0.39777374,0.1620448,1.3371451,0.102036774,1.0460011,0.088717364,0.32431385,0.34112343,2.4939742,0.05597223,0.011722404,0.504116,0.51607645,0.57349783,0.099693395,0.20602462,2.7911298,0.45472178,0.45731393,0.48090962,0.45105475,1.9340587,1.3080505,0.15138797,0.32105616,0.72695017,0.04059597,1.5153002,1.0115455,1.0428339,0.2768157,0.61910945,0.68569845,0.0709303,1.2901379,0.18309951,1.9333115,1.5750972,0.77122563,0.5289186,0.4854066,0.5226578,0.0,0.018337553,1.5701971,1.5717932,0.093403846,0.07186429,0.32404098,0.22234757,1.203804,2.2409413,0.8623274,0.521458,0.9718793,1.741419,1.0532596,0.7602393,0.28021795,2.059202,2.319038,1.3467044,0.68031615,1.8565214,0.7518761,0.09906888,1.5174161,0.115770295,0.15314168,0.7501647,1.0835915,0.4161193,0.7271199,0.9980059,0.34003067,0.22060987,0.358901,0.29965132,1.6966375,0.67428464,1.0453842,0.7135499,0.38172802,2.21979,0.47031948,0.0932033,1.4491924,0.7036999,0.14170039,0.018328978,0.4245901,0.059598826,0.40866688,0.7589494,0.32205153,0.28779632,1.7990768,1.0489278,3.3449025,1.0655388,1.7049729,0.32932276,1.0286698,0.020082029,0.601867,0.4706948,2.801414,0.5061065,0.3923157,0.4953975,0.1438626,3.2263377,0.35869437,1.1081781,1.6936275,1.0003254,0.17878228,0.43348396,1.4577453,1.6142262,0.55967736,0.79252976,0.7648054,0.9431746,0.470629,2.4290028,0.4068756,0.72997016,1.7105114,0.3540802,0.62365896,0.44267622,0.5845291,0.15521665,0.2423098,1.0364559,1.8026342,0.6397185,1.7267879,0.22635362,0.16866083,1.6087123,0.26937965,0.56634414,0.23348649,1.1263407,0.037268724,0.8540574,0.39757794,1.3602978,0.032037888,0.8630643,1.4051294,0.8360853,0.09435674,0.67894846,0.18622452,0.9490654,3.3188133,1.5139518,0.20201784,5.5973325,0.6267368,0.050600607,0.6414,0.43925858,0.080618314,0.18487787,0.9866957,1.36798,0.15850097,0.6306982,0.110838495,0.3659945,0.0031956579,1.2528933,2.59394,2.189687,0.9307545,0.25100997,0.011064493,1.352818,0.58253086,0.8833252,0.11531407,0.5625562,0.6612986,0.89869255,2.3423035,0.35039562,0.00060364796,0.09063816,1.3758392,0.04277098,0.075953975,0.15005252,0.70613366,0.9994792,0.24828365,0.028789425,0.30010086,0.393955,0.5957163,1.0959632,1.3861953,0.095627084,0.5821234,0.48784146,0.7892887,0.5915939,0.94308627,1.2233876,0.15844946,1.7468749,0.35837638,1.1661335,1.3309468,1.0041462,1.3949884,1.0712606,0.8901798,1.2525998,0.040468168,1.2267131,0.026404345,0.6822759,1.7380284,0.3156681,0.2305666,0.05311264,0.039214306,0.10335434,0.7259491,0.12443598,0.65618783,0.088348754,0.43167028,1.1870215,0.45445797,0.28013918,0.35499117,0.78497475,0.101818666,0.48112273,2.0013626,2.8958597,1.3112936,1.3423158,0.07607117,0.93572986,0.5811401,0.079144716,0.28203106,1.7830927,1.5912399,0.13334785,0.05188777,0.5047631,0.642242,1.0594447,0.5201787,1.2256167,0.44975966,0.5252824,0.2605699,2.2026122,0.54538685,0.68105024,0.040098142,0.3333112,0.20423077,1.9336276,1.1954377,0.2987761,0.39855808,1.1152874,0.24930322,0.6368756,2.1107507,1.2313263,1.1079601,0.56396776,0.15086772,2.1116087,1.9961497,0.31947535,1.2888461,1.3302126,0.14883533,0.23227102,0.23842634,1.6961128,0.677971,0.14911474,0.45363644,0.09083892,1.6547568,0.23534848,0.9792624,1.7035259,0.5707734,0.03856222,0.7817919,0.59793913,0.18398316,1.4152483,0.74170685,2.8564742,0.78666747,0.22882985,1.9345937,0.14386259,0.27244383,0.65699255,0.4839265,0.7464424,0.79835975,0.1914139,1.0454324,0.97592884,0.99260896,0.41335016,0.120629266,1.6662124,1.3750949,1.923189,0.5886093,0.3863921,1.3787551,1.3299474,0.44689918,0.25083554,1.2900623,0.3535107,0.8672433,0.15584245,1.4707848,0.32285547,0.13340436,1.0785257,0.74703807,1.152746,0.19629124,0.13236403,0.6098725,0.28436893,0.52818143,2.0801146,0.5273351,0.78637046,1.4792755,0.5828718,0.78622526,0.619936,0.6769308,0.3958386,1.5846177,0.16977754,0.57089525,0.6836289,0.40129372,3.0774314,0.9077363,0.74981797,0.76137984,1.9282824,0.7380474,0.8221163,0.2627936,1.5468539,0.053341907,0.546837,0.21990173,0.3984518,0.87163675,0.50241387,0.7551646,0.5088408,2.0919666,1.8162585,0.98707426,1.2094038,0.29107997,1.6689008,1.8440874,0.39324436,1.4461495,0.36148685,1.0388931,0.33628425,0.123614505,0.6661154,1.4999964,0.55231726,0.087519266,1.2274883,0.49986476,0.32070452,1.776476,0.22653672,1.0887192,0.846011,1.4448509,0.30284634,1.0150876,0.99082524,1.4542096,0.2171469,0.771123,0.4616577,0.33281434,0.627064,1.3211542,0.7153392,0.694086,1.9463727,1.0201008,2.205847,3.711795,1.4439883,0.11884826,1.4328684,1.5672019,0.187742,0.36763135,0.55295753,1.6175044,2.3588688,0.2387056,0.4166248,2.6650746,1.1530123,0.6811914,0.7058038,0.27053845,0.45354086,1.1132934,0.23443991,0.24848528,0.2593765,0.20866778,1.2496269,0.24781796,1.3452832,0.36958638,1.2417542,0.8040752,0.6043463,0.91991514,0.118230104,0.8603952,1.1319071,0.7405868,0.28521913,0.18519595,0.4949157,0.17036714,0.37119088,0.15582715,0.31754825,0.44023755,0.17246394,0.8300954,0.92359936,1.4786892,1.2896614,1.0116333,1.0242178,0.697556,0.30587748,0.4344015,0.08430144,0.6128475,0.018732967,0.15946108,0.63781816,0.9176316,1.6559428,0.77055955,0.38927004,0.31666657,1.8365633,0.15563719,1.2707217,0.8536402,0.8075472,0.2542464,0.39482248,0.47273245,0.24475926,0.0010890947,0.49699163,1.1431825,0.30014622,0.8045578,0.06680789,1.8092072,0.53546125,1.396446,0.40410239,0.66371155,0.0628145,1.4731756,0.36051083,0.018742397,0.6464015,0.62913305,all_pothole_images\pothole_images_optimized_image_80.jpg
0.36822182,0.41631815,0.072822504,2.2189195,0.64150226,0.2673539,0.22023444,0.0,0.3397498,0.36703122,0.41064227,0.8693447,0.0010511018,4.026076,1.4249295,0.05266694,0.047437273,1.5241436,2.5604725,0.45896605,0.8840268,1.2212658,0.005041717,0.71209043,1.1123573,0.88324714,2.981414,2.9371145,0.79341257,0.27120727,0.80264103,0.015504464,0.6335562,0.0,0.08985987,0.31463164,0.45511022,2.4398346,0.0,0.2980285,0.024666168,0.05311397,0.86868703,5.613129,0.22980195,0.22304033,0.2826356,0.30892923,0.27806613,0.3992068,0.3545115,0.6777831,0.35246977,0.009195798,0.09490342,2.0285292,2.3315754,0.65618014,0.19149713,0.024196822,0.6703357,0.98988914,0.8110068,0.54525846,0.4895025,2.126808,0.29020935,0.0,0.004142327,0.74312776,0.09168078,0.84469414,0.2097018,0.22307545,0.48788312,0.2406901,0.12399849,1.5417075,0.0012544405,0.64586866,0.3940411,0.013645535,0.08293214,1.2045394,0.07567747,0.0,0.10639601,0.09487315,2.8997102,0.025743097,0.4550086,0.0028594637,0.036361467,0.0007707003,0.012420484,0.10311921,0.19847007,1.302591,2.1800892,0.13539785,0.07341323,3.010609,0.0125439605,0.8231293,0.46622357,0.3877837,0.5656428,0.06808219,0.87769365,0.14140914,8.58909e-05,0.96775466,0.48639032,0.011959033,0.21547803,0.55580604,0.9562031,0.5246321,1.6412573,1.6814086,2.6642303,0.41628826,0.051187236,1.6905624,1.1193837,0.04176312,1.1953092,0.4640138,2.3281605,0.04610859,0.04504667,0.09751388,0.3335284,0.04449129,0.33175036,0.30093923,0.5309067,1.4008677,0.8069808,0.40747645,0.5742952,0.02647439,0.126764,0.25611928,0.83906806,0.33296636,0.093696766,0.27519864,0.20771843,0.20830755,0.63002753,0.17875858,0.0,0.27107248,2.1899097,0.72901225,0.5553715,0.18629284,1.2277946,0.7197267,2.0795329,1.1315283,0.25403854,2.5424132,0.40989932,0.02762015,0.83304733,0.81561154,0.7546629,1.81835,0.0,0.07078165,0.112232015,0.030884817,0.26294407,0.20810014,0.4823407,0.051281523,0.04453213,0.2575671,0.0,3.7640355,2.0552664,1.2879568,0.25117615,2.391326,0.09486088,0.5591953,0.008129975,0.19498298,0.009482882,0.23092273,0.31127584,1.3183981,0.062074743,0.49163055,0.65521216,0.2673107,0.10919082,0.85674083,0.9218689,0.19449727,0.12327239,1.1536411,0.68024176,0.07649027,1.3757137,1.0986127,0.24183798,0.42678782,0.0020734617,0.0,1.2820965,0.48977715,2.2894702,2.627238,0.56294847,0.21172705,0.13007107,0.6598092,0.953859,0.086405896,0.9423387,0.0,0.12117161,0.2770171,1.0700043,0.88654375,0.035263617,1.4400423,1.1509746,0.04741401,0.05578865,0.188488,0.7542665,0.19921656,2.7402244,0.26699463,0.12038869,0.45807266,0.115067415,0.3151187,0.73756087,0.2200247,0.83238167,0.002437058,0.36237106,0.026134938,1.4450693,2.7013593,3.8834183,0.2142164,0.18237346,0.9991951,0.6658272,0.27973735,0.6343687,0.7215295,0.53805953,0.96074384,1.1818308,0.106868595,0.5535928,0.04942526,0.39385095,0.33630967,0.81811446,0.8479119,0.14446726,0.04715132,0.20182829,0.0069533437,1.311964,0.0,1.4201276,0.04244923,0.0,0.61501104,0.5712779,0.26671654,1.6196114,0.019268932,1.3614916,0.44476318,0.44364104,2.3253183,0.5072231,0.39120418,1.7032664,0.0,0.0028475423,0.046742044,0.2694689,0.86368126,0.23025058,0.634397,0.03042328,0.38373238,0.07113912,2.4688563,1.3365612,0.65867805,0.03323725,0.44687074,6.267213,0.04093491,0.05294996,0.052673962,0.13167372,0.4672674,0.118014544,2.4873798,0.49600312,1.3969625,0.12960218,0.66391116,0.09467166,1.9603473,2.42551,0.6804365,0.11141326,0.0,0.47850153,0.85268635,0.43339527,0.67296153,1.5724972,0.0050324597,0.7942259,0.20973438,1.5004325,0.07826758,0.008502598,0.43744418,0.24298608,0.2702575,1.5680476,2.0214307,1.3617362,0.317119,0.22831087,1.3078061,0.82073295,0.72759295,1.671472,0.0013296067,0.413597,1.0582935,0.74840873,0.057309426,1.3996848,0.078011416,0.7400531,0.84316725,0.075717725,0.06440634,0.12458945,0.25219598,0.25584838,0.17537081,0.06463255,0.43840998,0.07265346,0.7179701,0.0993015,0.07624748,1.00651,0.38069642,0.40847442,0.56966954,0.61252797,0.18873253,0.25988635,0.009260655,0.3648729,0.032612838,1.4122205,0.0,0.7626358,0.52693427,0.7350721,0.08847288,0.0073789284,0.57780397,2.2513187,1.1211593,0.14932866,0.020958288,0.0,1.3634284,1.3697221,0.004500352,0.6360364,0.053366795,0.17330478,0.09660137,2.7202494,0.33891147,0.0027167378,0.06287398,0.54579985,0.6583634,0.3280083,2.110349,0.27988344,0.7824,0.24165761,0.5344454,0.9354742,0.37580645,0.7585065,0.40452453,0.020996168,1.5906563,0.33387756,0.41243115,0.36033905,1.4148906,0.5463056,0.006120547,3.8979871,0.053489488,0.3890816,3.8953545,2.659128,0.43203074,2.1102273,0.7198052,0.18189922,0.13684589,0.6603317,0.01519261,0.014518989,0.45001858,0.89964604,3.1295483,0.3356904,0.0,0.028236652,0.082369104,1.1317011,0.0,0.120653704,0.50206447,0.23379558,0.0,0.52895194,1.3942674,0.11879245,0.96359646,2.7206483,0.13770325,0.00016458689,0.47444966,0.25433642,0.6146942,0.40824565,0.35324696,0.126486,0.931084,1.6028126,0.54592204,1.0845,0.07506332,0.3508839,0.027226754,0.021208016,0.057585623,0.6882044,1.6833919,0.99741626,0.71287036,0.29180235,0.53000695,1.2190969,0.73195976,0.018743556,2.4124994,0.23574509,0.007906232,0.25602633,2.8922148,0.67184955,0.54678196,0.040078543,0.0,0.105873466,0.20061746,2.2519882,0.17495017,0.00014295509,0.62880534,0.40506554,0.044921495,0.025011213,0.0,0.005149746,0.05353661,0.009797721,0.3651857,0.052305404,2.380582,0.7946887,0.16040337,1.213462,2.104406,0.47763762,0.37435073,0.002445951,0.17026113,0.046220645,0.14080149,all_pothole_images\pothole_images_optimized_image_81.jpg
0.82657737,1.1056709,0.74600166,1.0141039,0.19758002,0.0026420383,0.2983164,0.2520081,0.30686548,0.2734493,0.024004955,0.35562196,0.32849038,0.25017947,0.386418,0.06414799,0.65320444,0.0017927404,0.762471,0.50088394,0.5733443,2.3322656,0.19803827,0.0027727433,1.1287061,0.018345453,0.35262573,1.504794,0.025123829,0.081529506,1.6368816,0.0,0.2616853,0.30184606,0.4501375,0.1062589,0.28417897,1.3430516,0.282816,3.0254967,0.020555329,0.64637154,0.28067455,0.8580034,0.03369445,0.20056978,0.027929135,0.4893602,0.0692624,0.2545353,0.014134912,0.8944916,0.46347612,0.4480315,0.46350142,0.14296667,0.5669365,0.4336267,0.029421007,0.2166303,0.0035011126,0.67363507,1.2313089,0.014038007,0.008275894,1.3487467,0.3331599,0.027408235,0.0,0.12553118,0.30597132,0.0978984,0.25618568,0.015983967,0.027899047,0.20763434,0.24561173,0.088469215,0.0,0.26648965,0.006579884,0.36384952,0.19055623,2.049178,0.3474025,0.6706679,0.39946255,0.0052923914,1.4990265,0.6003182,0.0,0.0052332766,1.047728,0.015258706,0.1433171,0.42522475,0.85679626,0.5765635,0.16405736,0.1837202,0.37492207,1.725064,0.15502273,0.5618661,0.46771523,1.0842159,0.008571277,0.06121103,0.29871866,0.27052292,0.14260839,1.8666285,0.46202955,0.031394362,0.29673868,0.21249497,2.0409784,0.34877118,1.8123853,0.80274504,1.7854955,0.03743031,0.37850142,3.1838696,1.2475994,2.2929983,0.82043386,0.23722333,0.19456972,0.847754,0.6432216,0.07744805,0.068598025,0.42067978,0.4386753,0.71682507,0.037847716,0.2350957,0.08795959,0.05617019,0.025957962,0.0359409,0.21072674,0.13939846,0.016810147,0.40500784,1.1427727,2.4353323,0.021614758,0.54162806,0.49885076,0.32454687,0.0,0.16269112,0.31711882,0.0018358357,0.08498336,0.16206665,0.020838039,0.3031044,0.5511969,2.5339487,0.55656457,1.4080452,0.8103317,0.062479105,1.1811218,0.18928587,0.24854204,1.637705,0.037588976,0.13396108,0.07752552,0.0,0.978072,0.0031394914,0.3553588,0.09869766,0.0,0.18312286,0.010533962,0.9720589,2.3635905,1.9416959,0.13087408,0.153337,0.42007515,0.34629476,0.8205737,0.3588487,0.0,0.021068377,0.19276278,2.245914,0.5081491,0.0047113514,0.36891076,0.5614597,0.0,0.70293504,0.22956206,0.67072624,1.2156588,0.6363686,1.3718358,0.0931244,0.04490918,0.064985156,0.7379682,0.26486173,0.095010445,0.4229959,0.16833648,0.14283574,0.331114,0.02796303,0.26191768,0.21389817,1.0000063,0.32535353,0.649188,0.58612657,0.6236516,1.2732997,1.0197248,0.32364005,0.7349684,0.258087,0.40762022,0.74746275,0.093417436,0.56432134,0.030057434,0.2013469,0.0,0.117914684,0.8621404,0.022230878,0.12874466,0.038050134,0.1470926,0.14544608,0.6841717,0.2616664,0.16141884,0.049714938,0.0,0.28687647,0.47635692,1.7951635,2.1792362,0.833035,0.13208938,0.6417555,0.10707763,0.061712153,0.015919967,0.06490642,0.6155692,0.33008975,0.045744784,0.07148021,1.7469038,0.31146848,0.3417989,0.81738514,0.0076404274,0.36548087,5.381543,0.28833497,0.07885561,0.0,0.0031190484,0.7675624,0.13447337,0.9064538,0.32200593,0.48940557,0.07014217,0.46815,1.6546092,0.13072744,1.2125671,0.27669734,1.0452082,0.23273483,0.8981057,0.500626,0.6410479,0.3020954,0.27034858,0.0636465,0.043035384,1.1968485,0.53209305,0.39601696,0.434832,0.3819174,0.29135898,0.4406112,0.15879467,0.29119146,0.041398946,0.42724305,4.02651,0.21182723,0.19708343,0.32718363,0.04283139,0.08011862,0.7444238,0.38472497,4.3331113,0.14127284,0.16437015,0.30484846,0.33664244,0.40137947,0.36735138,0.31273845,1.3866394,0.13863617,0.13387991,0.4316591,0.4210624,0.49100718,1.0060289,0.0018636481,0.3716894,0.34043643,1.897928,0.77766454,0.005070085,0.25697714,0.31278747,0.67717165,1.6682131,0.38469493,0.26050597,0.07019853,0.09634476,0.7777716,0.91221505,0.10527862,1.1569571,0.024815885,0.0,0.037737094,0.25023535,1.5532397,0.020482384,0.46637884,0.05363435,0.92858464,0.13661139,0.3481668,0.13467358,0.04387881,0.9883784,0.4928844,0.3596185,0.8002023,0.059476107,0.20991014,0.14035724,0.21137308,1.0147338,0.18657824,0.009429752,0.4860372,1.8108009,0.15380092,0.0,0.090050615,0.13160193,0.04786007,0.36922586,0.13891394,0.6662296,0.25080767,0.17841822,0.1292615,2.037212,0.990841,2.298161,0.28039506,0.8606813,0.22142883,0.03193588,3.413677,1.6596249,0.24291325,0.03781143,0.14752063,0.0,0.3499481,0.21056527,0.19789642,0.14842948,0.0,2.099083,0.48277926,0.008348286,0.8147602,0.5042207,0.0,0.27312252,1.0010988,0.22612654,0.14743698,0.3006986,0.6315847,0.36579335,0.8310807,0.07121941,0.0,0.30050087,0.64040947,0.13612966,0.3888707,1.6816773,0.022874992,2.17665,2.185174,0.62589175,0.02501967,1.2263832,0.00184925,0.034137044,0.21858294,0.965878,0.0036873168,0.15838124,0.0041740574,0.21580298,4.9604235,0.74932075,0.0,0.04670975,0.55985343,0.2777233,1.1387413,0.19980839,0.0,0.22497517,0.0025352787,2.1066675,0.9582426,0.2738781,0.88770837,1.742955,0.31788278,0.21467605,0.44773585,0.15943043,1.2470717,0.19569513,0.1783843,0.26820314,0.1322978,0.26852643,0.04849456,0.015002934,0.05867591,0.0,2.141378,0.064587794,0.0,0.18766062,0.5541181,1.6123952,0.088793635,0.20979235,0.057529993,0.09474913,1.3793133,0.03116467,0.0,0.0010432927,0.8190988,0.7947067,3.1031282,1.0097997,0.17664531,0.0,0.4605273,0.0792107,0.07931407,0.40135098,0.28534323,0.10777483,5.1162276,0.0,0.0,0.21171261,0.026454657,0.044235762,0.035404325,0.10163569,0.11648636,0.04439176,1.803789,0.26615548,0.16180477,0.8369298,0.061343737,0.93073094,0.61431754,0.09052464,0.32869938,1.288051,0.6906886,all_pothole_images\pothole_images_optimized_image_82.jpg
0.71464944,0.8855677,0.4151412,0.9333685,0.95017403,0.3848642,0.15921675,0.024537459,0.0043992675,0.064125314,1.3427894,0.4944661,0.06144209,1.6700424,0.16436215,0.22479382,0.84275347,0.09156875,0.18752545,0.09395992,0.29797453,0.65853167,1.6616192,1.434962,0.23515372,1.3028392,0.0,0.3965569,0.0422901,0.26270872,0.54780704,0.0048203683,0.88822126,1.6085978,0.22527866,0.87821656,0.52658564,0.6696312,3.7324598,0.37385207,0.4046117,0.61898744,0.012247853,0.15145867,0.5075938,0.16560344,0.18630765,0.27971017,2.0801537,0.37151402,0.15421195,1.3228127,0.16946535,0.102849685,0.47080302,0.67135495,1.9326309,0.5019128,0.20172285,0.087953426,0.041849032,0.0015040949,0.57256263,0.06605467,0.12909189,0.034145452,0.37913325,0.18943687,0.009949058,0.7691491,1.7710767,0.21841894,0.36691213,1.4630966,0.19056092,0.75529414,0.41761374,1.477246,0.14398995,0.6889285,0.06515998,0.2866286,0.16301963,1.037633,0.08225357,0.7461938,0.69723153,0.15794018,1.3839291,1.5241925,0.3308476,0.624761,1.3694973,0.5185055,0.08305731,0.003178815,0.46972126,1.0139704,0.7828001,0.7350171,0.041375834,3.0743287,0.05034582,0.92802596,2.1271126,0.48289788,0.52599293,0.8949778,0.8735542,2.6385229,0.5603003,0.29883987,0.7106608,1.3230261,0.17178176,1.3741969,0.6030998,0.76809245,1.7964666,0.4926419,1.416892,0.12526917,0.024898482,0.98995054,0.9787191,0.74663794,2.0916975,0.30023107,0.18772705,0.78531134,1.1451609,0.7168183,0.10238756,1.3959337,1.575694,0.6432063,0.27610475,0.5378372,0.015419047,0.30300945,0.86419004,0.07054283,0.5622331,2.5364978,0.08382727,0.33431178,0.35033575,0.70061195,0.31963873,0.0,0.05617816,1.199814,0.26995772,0.83666617,0.61993396,0.8653974,1.1420522,1.3962781,0.056057412,1.1241279,1.8847506,1.4571695,0.031526525,2.506904,4.51507,0.13174394,0.55491805,0.6367897,2.3678472,0.75116014,1.1019628,0.45221025,0.6977526,0.06456266,3.2984684,0.37829736,0.4508236,0.0004402784,0.14182091,0.09158491,0.0036559592,0.5335841,1.6908727,1.6119854,3.6042194,0.020685488,0.47712326,1.1456283,0.34143385,0.45977187,0.2535608,0.7231115,1.059938,3.0169609,0.33282748,0.0072459225,0.57630086,0.9797342,0.22063875,0.09185331,0.013541613,0.7541292,0.00094307336,0.20039791,0.96957433,1.08212,1.8611792,0.27074665,2.048382,1.1998857,0.07852666,0.2503132,0.36787757,0.21044496,1.4966352,0.3545365,0.20430744,0.13328846,1.032099,0.05038851,0.13063066,0.15157427,1.0181584,0.41055188,0.6812129,0.42580646,1.921925,0.5392607,1.1526277,0.06110068,0.04516221,0.3211158,0.032375254,0.57874817,0.8535259,0.029257579,1.4850209,0.3198028,0.6730536,0.600848,0.06002534,0.16334738,0.4300815,0.31633973,0.8390476,0.06834599,0.13830455,1.2311546,0.5021594,2.4088056,0.44197828,0.4228508,0.33035204,0.5873429,1.0478172,0.006181871,0.41587162,0.3663989,0.5415705,0.3367858,0.6841114,0.39725724,2.606274,0.11870352,0.45704052,0.5282475,0.03713955,0.72735596,1.719428,0.03702243,0.36373764,0.059246514,0.46940926,1.1142832,0.3164309,0.8094238,0.65506494,0.11243865,1.0358589,0.103831455,0.19582087,0.04144357,0.8570511,1.0724264,0.4407892,0.18365125,0.34281343,0.3426135,0.21132356,0.015138082,0.9738032,1.4036425,0.04001213,4.384761,0.6818943,2.2087932,2.3533802,0.07014029,0.124976665,0.659681,0.84038544,0.2636873,0.7575448,0.74344236,2.8675506,0.13247198,0.89396834,0.072009,0.28949526,0.27783513,0.089635864,1.2869232,3.966367,3.744379,0.30273592,0.036100157,0.044608027,0.8111759,1.7249881,0.4691845,1.4492197,0.62146795,1.2059612,0.66179144,0.24069214,0.31132126,0.26183164,0.1764173,0.39086583,0.017550837,3.6335754,0.33920518,0.13235657,0.0,0.23119706,0.4911175,0.4759112,1.5793021,0.6717064,0.75264037,0.5717827,0.30304748,1.7607415,0.81485456,0.3503217,0.06755008,0.33638674,0.15179527,0.58241105,1.2059011,0.059325743,0.41473502,0.05640828,1.4033147,1.5054868,0.48262826,0.00043854953,0.1129808,1.0116208,0.26185417,0.18687765,0.5202479,1.142462,1.8003134,0.07873026,0.43466046,0.14753485,1.1414621,0.40654907,0.7793955,0.641275,0.124814145,0.32251084,0.39025664,0.7320405,0.07588937,0.93552583,0.09527712,1.0244613,0.38883513,0.29477358,0.12755546,0.20024046,1.4737931,2.2713728,0.14104874,1.5596762,4.0035176,0.0,1.4789903,1.4602928,0.5981917,0.0,0.03257014,0.07980043,1.8795135,0.37778103,0.7308793,2.269253,0.646686,0.27167678,1.4281192,1.8841391,0.81110334,0.18556874,0.052164294,0.8788016,0.21818386,0.11978131,0.26851028,0.006078971,0.45652685,0.10491174,0.8488646,0.4040032,0.78149796,0.707577,0.9364028,0.78556424,0.058594946,1.5584103,0.39785245,1.8283389,1.7580686,2.6430821,1.2875136,1.7474254,0.17275228,1.6725702,1.3368007,1.7752717,1.0187169,0.014504942,0.59701514,0.27917132,3.3602712,0.811022,0.48801544,0.25462055,0.2512637,0.12899414,1.2116392,0.07031916,0.0,0.0,0.13450073,0.31524035,0.34344527,0.0,2.1327944,1.8329872,0.022535793,1.243137,2.0978987,0.02031587,1.0507666,0.5511284,0.015674917,0.7077005,0.31307307,0.8977507,0.03211177,0.3191934,0.5157304,0.38846835,0.40590534,0.36808783,0.053246155,0.74822265,0.62082255,2.1087186,0.2020646,0.104985215,1.2975594,2.1782281,0.0,0.6213023,0.82979256,0.6996684,0.43439552,0.65602237,1.1347984,2.3406255,1.1023964,0.48625454,0.9426369,1.5540117,0.0210036,0.049318537,0.03288419,0.182731,1.5468507,0.095463835,0.040367592,0.30751523,0.3191798,0.8966106,0.5030015,0.72030216,0.5901203,0.14927135,3.1257238,0.491168,2.139428,0.6004741,2.563209,0.37714005,1.136419,0.7580504,1.0701485,0.84345555,2.1127057,all_pothole_images\pothole_images_optimized_image_83.jpg
0.8063256,0.85003304,0.6277018,0.70758307,0.37255287,0.8631531,1.9360926,0.08582589,1.0910487,0.22334036,0.8727135,0.41431084,0.3792027,0.81207275,0.025422592,1.6154679,0.30658087,0.46018794,0.60827136,0.6689491,0.9730421,1.3729949,1.4063795,0.22990827,0.23932594,0.467494,0.116084464,0.9700687,0.24253343,1.1201384,0.51661485,0.14852157,0.22330451,0.22230251,0.02727685,1.0839142,1.0532292,0.4317105,2.206464,0.11606983,1.4934169,1.0127171,0.7394908,1.2886088,0.40178582,0.008731453,0.79871476,0.015620965,1.363253,0.021987543,0.92911106,2.5809655,1.6825824,1.6008382,1.1011131,0.67947876,0.6043422,0.13893536,1.0446029,1.5449982,0.6047275,2.1832054,0.29733485,0.006310587,0.76759243,1.9844838,2.3021362,0.5176062,0.8583609,0.2061256,0.014360484,0.37779936,0.4615673,0.27468458,0.13666566,1.0765698,0.49042946,0.41823438,0.009939317,0.06522889,0.55338746,0.3602902,0.7822769,1.390582,0.9052747,1.140205,0.011347708,0.29688954,1.1481382,1.6565421,1.5678234,1.3129765,0.054032568,0.04286725,1.6327785,0.039986562,1.242008,1.3747873,0.43049476,0.41025364,0.12780152,1.4578319,0.083949946,0.3844011,1.3892403,0.6645368,0.0043489286,0.024750616,0.30195063,1.9360136,0.6092441,1.6185036,0.5449543,0.04394788,0.3658328,0.2622785,2.3153577,0.75277025,1.8313724,1.4714799,0.041455045,0.40492052,1.1810043,0.9946211,0.8450523,1.3634816,1.333421,0.33832917,0.8320508,0.09805216,0.062854245,1.604381,0.30685994,0.4652073,0.8409302,0.30178297,0.15806328,0.5986588,0.19956851,0.9849021,2.4711888,0.29156598,1.0769465,0.0009576307,0.7050169,0.014101832,1.194395,0.7583904,0.27214408,1.7101605,0.6852451,2.1865132,0.18302657,0.264822,0.54733735,0.046111524,1.018649,0.22685109,0.10267468,0.7167867,1.2365931,0.5247919,0.38437843,2.6427848,2.1338246,0.08101537,0.31533203,0.5457174,1.7129008,0.8330187,0.6754186,0.45316523,0.35522646,0.2200969,0.25462398,0.24503991,0.10411115,0.006324952,1.0657196,0.95259356,0.29068258,3.0193293,2.569818,0.92477775,2.3718739,0.22743964,1.8350624,2.7863955,0.18767023,0.66645914,0.95293003,0.32218936,0.371898,3.0838103,0.028886719,0.009220213,0.9840508,2.7838078,0.6772657,0.38777798,0.22784264,2.3531468,0.79324126,0.07116131,2.2202282,0.9145005,0.47433573,0.012772679,1.4789456,0.9521782,0.47264946,0.23538555,0.22438458,1.1747409,2.342303,0.6594706,1.977819,0.271172,0.46146196,1.061634,0.357456,0.9102873,0.878502,1.1144878,1.0140574,0.49914387,1.5469105,0.20339867,0.5706506,0.09954819,0.22943226,1.390402,0.005929256,0.29126677,0.8545123,0.45347625,0.096086465,0.09769141,0.0,0.4368887,0.29765788,0.26508045,0.21878377,0.9043467,0.025363874,0.22084478,0.8540488,0.40777874,4.158522,1.2319686,0.8317564,0.52869844,1.5973675,0.560265,2.06755,0.4805329,0.94622624,0.56082976,0.88213843,0.97048074,0.18802491,0.07472166,1.0891248,1.7417926,0.36632755,2.0757499,0.14940874,1.340717,2.0146096,0.021005709,1.3305804,0.07757235,0.5792272,0.90009755,0.8081867,1.10842,0.40165168,0.8311544,0.038975976,0.0173599,0.076608956,1.6057508,0.0038837676,0.83346343,0.29184693,0.44501984,0.28744444,1.095983,1.5618495,0.06957342,2.3155608,0.42850438,0.51968175,2.3280966,0.55688995,0.22943866,3.8721988,0.76809037,0.19930887,0.34307647,0.104417935,0.07623071,0.011914833,1.4311332,2.0769322,0.43621624,0.64475816,1.2592468,0.4116609,0.6970136,0.99922574,1.4736315,5.6779833,1.3567642,0.09192101,1.1665039,0.0120044425,1.2004734,0.86989933,0.19002128,2.681373,1.2515975,0.08624749,0.13839515,1.9796984,0.9864556,0.48523688,0.033865936,0.99021864,0.8967615,2.4391236,0.1996127,0.3127409,0.3356765,1.0482444,0.6210747,0.8650304,1.5586164,1.4083694,0.089979015,0.10042488,1.6636893,1.4768125,0.112655245,0.4403576,0.44598675,0.3519009,0.3343795,0.3829589,0.74915594,0.8263744,1.1876668,1.5496475,1.2058216,1.1434457,0.26497978,0.90350324,0.6202456,0.17877084,1.6143043,0.19404434,0.0953346,2.1160657,1.6422985,0.83092195,1.0161358,1.0994323,0.6966726,1.5470647,1.1197947,0.41192096,0.9489358,0.15636863,0.28458837,2.2191303,0.5846245,1.2549015,0.34720844,0.7781399,0.88608104,0.33513454,0.5969875,0.56793886,1.1979959,0.92787236,0.5758827,1.1208689,0.005568286,0.99332285,1.3236954,1.3818865,1.4064527,0.3446737,0.37799978,0.55367243,0.39961156,0.25440285,0.71912843,2.5331383,0.10899856,1.8566386,0.21894118,0.74560773,1.6631563,1.2699767,0.09979432,0.3516599,0.6099269,0.0,1.1334047,0.5602975,1.2002158,3.1197217,0.31140608,0.459176,0.07348381,0.19366506,0.8091415,0.526092,0.20637973,0.4027457,0.9194417,0.754282,0.9751322,1.0930564,0.36620447,1.7149539,0.6427476,1.2206794,0.121049955,0.9241397,1.6009516,0.2486291,0.8677287,0.29668936,4.027773,2.195375,1.0612899,0.73877466,0.23147489,0.1547644,1.5657207,0.21592744,0.04907523,0.79472333,0.031956628,0.92227453,0.08993273,0.09101607,1.9552767,0.85823977,0.7755773,1.3881818,2.2541318,1.1066533,1.5811319,0.47277418,0.10657929,0.14112042,1.484638,0.5157206,0.3206611,0.92479986,0.06129884,0.94814265,1.6125165,0.3443477,0.038905,1.4050344,1.5829587,0.83119386,1.45745,0.6990413,0.58275276,0.30880356,0.21599084,2.304666,0.68878686,0.7604477,0.69410586,1.4127101,2.3133955,2.0875187,0.9010176,0.072151214,0.60444486,2.4864779,0.33529067,1.285647,0.36240995,0.8538942,1.8632653,0.42200103,0.020305945,0.030684324,0.0035261584,1.1191417,0.44366932,0.31240693,0.14523223,0.31260833,3.7342002,0.7501219,2.3698912,1.3128214,1.0327379,0.09795969,1.2002554,3.290688,0.9819212,0.9533977,0.9100877,all_pothole_images\pothole_images_optimized_image_84.jpg
1.31627,0.5794714,0.06272929,0.8308614,0.3781285,0.9783792,0.34026903,2.0997393,0.23889211,0.44801626,0.4124199,0.7918396,0.06089557,1.5207301,0.078069225,0.44569138,0.9245858,0.094681844,0.1410949,0.623314,1.4585156,1.22017,0.44633615,0.38118184,1.104259,1.5040208,0.79326665,3.4368837,0.61777514,0.23626743,0.6999535,0.15460989,0.099918306,0.48635858,0.03710247,0.9926372,0.1694794,1.4330747,0.38801232,3.299023,0.02224057,0.07033069,0.12857501,1.9893878,0.2343941,0.91328645,0.04206051,1.1389387,0.0046905307,0.4806797,0.6703548,0.73466015,0.95079935,0.35797253,0.03890682,1.8079551,2.3909833,0.8410543,0.25527102,0.0063521704,0.012071121,0.9173119,0.111811146,0.38182235,0.5381893,1.3215072,0.13331923,1.4892375,0.81646055,0.40401065,0.52285296,0.57979065,0.4627888,0.12008562,0.5067244,0.08270477,0.02483956,1.5384132,0.034126893,0.14471795,0.41975382,0.3104706,0.190981,2.8290477,1.2479396,1.4967754,0.22390522,0.92176336,1.6817867,0.112762354,0.055033103,0.7228318,0.14810608,0.53552806,0.20028815,0.78571916,0.054406345,0.5645347,1.5465347,0.13628326,0.17131351,2.5262578,0.32760304,0.059437294,0.22644891,0.67615265,0.14539444,1.1389893,0.035882972,0.3161454,0.2991465,0.045328733,0.49695817,0.14705849,0.7055898,0.6856693,0.3244786,0.13572928,0.17220421,0.772774,2.66013,0.5933569,0.33953363,0.63586354,1.5551536,0.82624996,3.318445,1.1118189,1.582803,0.055967774,0.25804916,0.30928385,0.40228972,0.41532117,1.1871158,1.304237,0.14555225,1.8801359,1.3971481,0.6973423,0.4200229,0.21593226,0.51258314,0.2966185,0.2996676,1.308185,0.61472976,0.3798821,0.008593274,0.036141194,1.3466303,1.5461192,0.6341911,0.13647012,0.6126457,0.4616496,0.7636804,0.010223042,0.21592773,0.47577986,1.1797308,0.052407756,0.048629187,1.8588135,0.0627366,0.2604843,2.195625,0.096547015,1.6431081,0.3289077,0.10971072,0.17834266,0.31691715,0.0,0.09313085,0.3312035,0.3039418,0.04627328,0.16620417,0.04921626,0.48810872,1.32942,2.5250752,0.290039,0.7286209,0.33691752,0.020969776,0.312343,0.43006942,0.4699485,0.25285342,0.16739434,0.0030716518,1.301651,0.62215656,0.05554592,0.013691335,0.08630034,0.22168462,0.013714638,0.6043033,1.2964913,1.5733705,0.6648877,0.24233189,0.106683485,0.80723584,0.25176573,1.2420608,0.0221312,0.008232872,0.77416164,1.4574984,0.71563554,0.6577012,0.267544,1.4761711,0.076331116,0.35102454,0.8330429,0.94091237,0.31957716,0.4172708,0.35027835,0.5165705,0.6829853,0.5464904,0.5793778,0.7413303,0.77748096,0.6336136,1.3482443,0.07545513,0.7794116,0.016627131,0.11575107,1.3690802,1.2567497,0.0,0.7205264,0.5726542,0.019004315,0.01187718,0.29766998,1.7038841,0.1683777,0.43958446,0.02048866,1.2007785,4.370751,2.967774,0.38370606,0.67520994,0.25080532,0.10749803,0.463089,1.0255073,0.0,0.22670366,1.9994584,0.061592493,0.05983304,0.58247745,0.17086706,1.088315,0.02397377,0.30004868,1.2327377,2.3053615,0.1840436,0.086727746,0.09997547,0.46514595,0.25351498,0.5056631,0.36531097,0.3460727,0.118234426,0.19274516,0.82606375,3.5510135,0.35574493,0.13962598,0.108905196,0.9696493,0.22196828,0.8105629,1.1035619,0.99148625,0.58711755,0.47902706,1.2698094,0.26209912,0.22711278,0.155598,1.0226809,0.95878804,0.13478199,0.0023050753,0.7361545,0.5998967,0.89496744,1.6951144,0.14147186,4.9344225,0.13096072,0.15174982,0.0,0.009499297,0.1455655,0.7118436,0.60994923,0.768251,0.79253817,0.10623735,1.4830091,0.05524842,2.2748182,0.088608876,0.25848457,0.055896506,0.75244,0.18165651,0.00728169,0.108999155,0.5614587,1.03112,0.280394,2.0123415,0.25207135,0.97502744,0.81854135,0.97876394,0.2912683,0.21773538,0.7128556,1.1733373,1.0346931,0.0030409277,0.77087224,0.05651102,0.28303078,0.9992851,0.10504526,1.2054443,0.27207834,0.013807305,0.17990437,0.15919562,0.6243556,0.9424175,0.15958084,2.0176172,0.8019837,0.5629372,0.96915144,0.692757,1.1514285,0.009185511,1.1006849,0.78444606,0.40104842,0.030910518,0.8318156,0.0789279,0.0,2.8545883,0.01573654,0.11566404,0.021832237,1.9402493,0.55958277,0.25240046,0.56903684,0.25325274,0.46580505,0.048749328,0.10791542,0.19958797,0.4077202,0.51071674,0.048417013,0.6922624,0.275978,2.1585681,2.6400375,1.5294762,0.0,0.23490539,1.7962886,0.7479609,0.0,0.002661379,0.8356052,0.0,0.04375671,0.86933887,0.0010890499,0.0,0.972875,2.9055586,1.1123816,1.0778582,0.92679554,0.49602616,0.058497764,1.3378532,1.1482637,0.16214664,0.072340816,2.291792,1.0865455,0.45580637,1.3476661,0.13270673,0.44658017,0.3682363,1.4753097,0.39332455,0.49367782,2.937632,0.003084213,1.8035256,0.7163934,2.0748312,0.73348343,2.3647826,0.09216844,1.0819148,0.35970858,1.1889333,1.138174,0.21390879,1.1328927,0.34353614,1.8871038,1.2436554,0.49865985,0.07826383,0.39050883,1.691329,1.1320021,0.640488,0.29401922,1.0966661,0.15548019,1.9482409,0.8494577,0.108777635,1.1434819,0.49877733,0.37328804,0.12318148,0.083180025,0.5758211,0.6330728,0.9203463,0.17303227,0.22999062,1.2411469,1.0519484,1.1285435,0.3001203,0.1052557,0.3036123,0.00038699363,0.32841647,0.47939986,0.074641585,1.0491163,0.45606995,0.10343086,1.5382814,0.31368652,0.66729516,0.0,0.112641826,0.8502333,0.73745495,0.6648605,0.24999633,1.0543283,1.1653149,0.12820637,0.22684067,0.21226326,0.44023296,0.0,0.17052005,0.0503397,0.69813347,0.20922908,0.0,1.2943201,0.037435915,0.20383468,0.01402681,0.34597027,0.5849042,0.24331357,0.59418774,5.113189,0.7563312,0.0093672825,1.4557128,0.30837148,0.0,0.025304146,0.13436201,1.3562663,1.6358259,0.08891223,all_pothole_images\pothole_images_optimized_image_85.jpg
0.7953022,0.85467464,1.3146099,0.2672969,0.46227428,0.3917462,0.64040756,0.25930288,0.34215215,0.008159757,0.038424354,0.6514478,0.017927505,0.025902383,0.14774911,0.6200851,0.19140157,0.08558892,1.8462107,0.17508546,0.95909095,1.3791449,0.5573117,0.63525796,0.8484844,0.02584504,0.22814855,2.578217,0.0,0.048485603,0.21284176,0.017062074,0.6517059,1.228079,0.1665081,0.53092533,1.0486091,1.0498189,0.5532613,1.8581839,1.4836295,0.23816293,0.03270993,0.6277062,0.07788526,1.3516593,0.25879246,0.0,0.23327379,0.82167774,0.806912,0.08749232,1.079554,1.1201367,0.08026823,0.17603765,0.944493,0.04774822,0.69744974,0.93808496,0.3115832,0.056582313,3.1833644,2.1994886,0.45962846,1.3282465,0.5769209,0.03083614,0.011876456,1.057122,0.9042537,1.4282678,0.03383676,0.6862284,0.23351157,0.8502834,1.2999088,0.21388733,0.0041797245,0.47963074,0.02400736,1.825385,0.029946078,3.3441927,0.39927948,1.4178019,0.11768707,0.8708862,1.6677601,0.23895213,0.11080975,0.0,0.39375407,0.22532636,0.12478849,0.7698688,0.42001778,0.5075256,0.1984765,0.2506717,0.3557601,0.55353546,0.5512447,0.014216493,0.112494275,0.50800943,0.5784586,0.5567512,0.57967377,0.77076477,0.3857952,1.5810789,1.1172903,0.12725735,0.34534228,2.1982696,2.369756,0.8945896,1.5889503,0.3568358,0.99570173,0.43822312,0.8713107,0.63194215,0.19323431,0.6297244,0.014565456,1.2491373,0.6207314,0.6732181,0.75416625,0.046591192,0.11337244,0.06665164,0.028268069,1.7133963,0.038266204,0.6127628,1.2401388,0.7730793,0.27678958,0.18283674,0.041926626,1.3917439,0.53730595,1.0873495,0.25685346,0.033914577,0.2885971,0.6843791,0.16550595,0.6540309,0.0477998,0.0,0.4456868,0.29192346,0.37533507,0.0,0.6841287,0.9110809,0.60565853,0.08291035,0.0003169518,3.63224,0.43657717,1.1146376,0.7515401,0.1384443,0.84423625,0.8369431,0.82113224,0.0366266,0.0017975246,0.7794238,0.6193653,0.0037490507,1.164854,0.26666644,0.033235192,0.020458605,0.13609974,1.0695485,1.1908137,1.0858494,1.1989688,0.70945406,0.8754174,0.1928434,0.10790569,0.33563313,0.26829803,0.13682036,0.005958909,2.6930583,0.7693324,0.42403543,0.3508559,0.522407,0.33112773,0.49582282,0.18914737,0.20003341,0.4290576,1.7116231,1.9291788,0.20587052,0.8736057,0.028284574,1.1310701,0.0,0.4404803,0.06394164,0.71704584,0.48694348,0.5738829,0.114107765,0.56667465,0.29754314,1.6463,0.26820016,1.074787,0.9888311,1.282788,1.254939,0.036243998,1.3518988,0.75843936,1.0090159,2.1470306,0.96509683,0.19462067,1.1232673,0.8647574,0.0873101,0.90983707,0.4581702,0.8842655,0.0,0.028696992,0.032170776,0.44129437,0.17671451,0.83364755,0.01949208,0.12626082,0.028367057,1.1148945,0.1426225,0.10998197,2.2895274,1.1304721,0.023413524,0.12602317,0.6747586,0.020736575,0.016112952,1.9100486,0.1601983,0.6012734,1.7031916,0.051611394,0.8823607,0.7715213,0.5477562,0.4681168,0.5338908,0.06409634,0.069092914,0.29695663,1.7130433,0.31961784,0.40424556,0.04182207,0.044382922,0.28492743,0.5294419,0.30108598,2.5052607,0.80765307,0.42303964,0.14886662,1.5441657,0.1136264,0.17094857,1.2115304,1.141688,0.84560204,0.3160883,0.75570524,0.10968476,0.53120655,0.01669299,1.0730133,0.18134254,1.0408386,0.057975866,0.022049954,1.3613032,0.3334731,0.18443559,0.34105796,0.70132697,0.28252274,0.5449304,4.7830844,0.0593914,1.2514648,0.35916597,0.2204189,0.057715513,0.0417047,0.6547621,4.290562,2.4794,0.124012,0.18645586,0.022261193,1.407714,2.1741507,0.9567002,0.52587515,0.013567173,0.2606901,0.096179865,0.84809965,0.6160751,1.5944475,0.25027737,0.11751322,0.04045364,4.2269855,1.9096359,0.01914362,0.15281454,0.8799932,0.55706275,0.40346992,0.25282833,0.20080741,0.51009667,0.19455522,1.1791341,0.75454164,0.013736346,0.267344,0.14427175,0.057474423,0.8088385,0.7049482,1.2459829,0.050063744,1.5677176,0.11465814,0.48333323,0.17455758,0.09026303,0.40258995,1.9026415,0.9569951,1.2477835,0.13757886,0.6236224,1.6948401,0.6608225,0.23051499,0.3579874,0.75330836,2.3925521,0.008560208,0.5171189,1.9795591,0.70191675,0.45182294,0.8166471,1.7130529,0.75180954,0.5410705,1.1132588,0.086380064,2.665911,1.2654067,0.0075959074,1.9755491,0.6020098,3.2500787,1.3119692,2.8990946,0.1983711,0.51550573,1.1051953,0.7970503,0.29604912,0.92436373,0.63385254,0.07094962,1.2711759,0.5498394,0.28875414,0.1602302,0.052102383,5.189507,0.11430952,0.07854614,0.10604245,0.73501295,0.0021408808,0.20219512,0.012506124,0.19717415,0.14675783,1.0516212,0.3117831,0.799405,1.0815086,0.35136032,1.0038005,1.4998251,1.8677633,0.5694263,0.6194397,0.8080363,2.0658875,0.27426955,0.5362447,0.14024296,1.8163424,0.112760276,0.6890584,0.68624,0.5076689,0.8798099,0.20132563,0.5302906,0.4130467,0.22109728,2.315977,0.75704753,1.5009887,1.120759,2.8424442,1.5203462,0.17408265,0.65004987,0.19389296,0.7357128,0.5083777,1.5670029,0.32306984,1.321479,0.7299213,1.3280462,0.40214202,0.5331327,0.7281942,0.6247014,0.68904907,0.817968,0.51550287,0.62929213,0.7187945,1.1933897,0.28843206,0.97872734,1.3187689,0.54091084,0.9448469,0.1181516,0.36528403,0.13098128,1.4913065,1.6049372,0.7176123,0.9452796,0.052891858,0.28032634,0.7901065,0.23027688,0.6301377,0.62561864,0.024169227,0.058603518,3.0411572,0.40661106,0.12240747,0.089066714,0.3090399,0.042834185,1.127155,0.4441859,0.008827698,1.0889586,0.61321884,3.205749e-05,0.0033282437,0.7413503,0.030524224,0.18899964,0.0,0.22287701,0.060177647,1.3033558,5.099615,0.54488695,1.0163301,0.34726492,1.3959779,0.22757258,0.32723925,0.641368,0.3233223,0.7984278,0.18693736,all_pothole_images\pothole_images_optimized_image_86.jpg
0.40407637,0.92229646,0.07707265,2.205032,0.1706545,0.0,0.3741074,0.042200733,0.29808325,0.40458703,0.9909363,0.21414042,0.00033652238,1.7261324,0.13408598,0.33784017,0.011996596,1.1548647,1.2491063,0.10321071,0.44222566,0.39124864,0.25077116,0.9410411,0.93206453,0.4214479,0.20675665,1.4816527,0.28354836,0.3574827,0.038078997,0.020618478,0.029681962,0.6327404,0.029463476,0.81263745,0.19186735,0.8654012,0.6281395,0.0,0.043124244,0.402282,1.0389313,1.6458619,0.3945645,0.021761393,0.0,0.045470178,0.087041855,0.0769972,0.3366445,0.29359844,0.32884026,0.027640672,0.22229518,0.88540167,1.4056808,0.025826117,0.24353014,0.36218044,0.22138506,0.102860175,0.10970981,0.2304417,1.0374902,1.8718837,0.061914276,0.0023669668,0.8866236,0.062479086,0.050296307,0.027510297,0.094831415,0.0,1.1581861,0.40978384,0.0,0.6382948,0.076242015,0.26165766,0.016598372,0.15315464,0.7784508,2.3205316,0.031722672,0.005820225,0.0,0.0,1.0408236,0.15780094,0.066908196,0.210237,0.0014568652,0.0,0.9710718,0.0,0.37075418,1.0452393,0.028439453,0.16216445,0.00065890525,0.8311138,0.11366986,0.76544017,2.256625,0.08517917,0.11809265,0.00047146817,0.24642052,0.85901576,0.0,1.488063,0.15612216,0.12016157,0.58655953,0.23570213,0.0,0.075321026,0.8627095,0.27243727,0.66087973,0.017041149,0.20650482,0.2123176,0.8653664,0.14807796,0.09214316,0.00623023,0.49068227,0.034650553,0.17613544,0.075269885,0.030983746,0.010847529,0.31042588,0.028690571,0.29567045,0.76663953,0.01183898,0.0069606723,0.030151872,0.30186507,0.9036761,0.26424128,0.0,0.19873272,0.011186155,0.08797949,0.050677814,0.120478235,0.31624386,0.2740572,0.0,0.2887446,1.7457154,0.10599423,0.00029526072,0.05619903,0.23015921,0.025842909,0.74516565,1.6112148,1.0687476,2.0286193,0.5834941,7.0772534e-05,0.28040877,0.023756094,0.75550574,1.6231396,0.0,0.05352493,0.008996701,0.055110667,0.045840997,0.70249045,0.28545046,0.035715275,0.0,0.2189079,0.01949682,2.343967,0.6581566,0.90886074,1.5891749,1.4292828,0.090399854,0.05053377,0.06289936,0.5137903,0.0,0.002023623,0.36935875,0.4202238,0.12006307,0.016684262,1.2579353,0.36186334,0.67154825,1.1987712,0.36313373,0.25345486,0.34671685,0.050166104,0.32733032,0.028369255,0.40331617,0.10207747,0.6520369,1.1791992,0.0,0.14570129,0.50528514,0.34447992,1.6444061,1.6675614,0.12542841,0.18906069,1.0406151,0.17866148,0.9528794,0.014812296,0.028311646,0.788797,0.0,0.0,1.5686957,0.40322587,1.2146311,0.037296686,0.0949226,0.10895057,0.22276379,0.09116706,0.3469574,0.087105036,1.5524628,0.0,0.0,0.27018282,0.017160896,0.74239504,0.256123,0.98363256,0.08653232,0.0,0.44173002,0.10619488,1.5679039,6.2844505,1.7668606,0.22138004,0.011309338,0.0,0.05704593,0.089366324,0.9202685,0.23471625,0.30734065,3.4135487,0.007891077,0.31305966,0.021362368,0.116054595,0.27810764,0.28285238,0.75784105,0.022577524,1.1244671,0.07468439,0.5240998,0.0,0.65596986,0.011956268,0.93746036,1.2125165,0.0,0.16568066,0.20816094,0.009331973,0.35259745,0.33456853,0.14130184,0.12023926,0.0024680358,1.1317694,0.52481914,0.02695937,0.112360485,0.0,0.006209236,0.03692002,0.016040932,0.51754874,0.90453446,0.20517617,0.037614614,0.17059721,0.17762911,3.4588025,1.5007281,1.1473167,0.0,0.0033212323,3.738047,0.0,0.43714243,0.008765015,0.26727217,0.032323755,0.8000675,0.585254,2.8185468,1.4987894,0.12344432,1.0737913,0.02301936,1.0894842,3.471381,0.5512156,0.24976835,0.12940432,0.22063594,0.34727073,0.023630591,0.9148289,1.2750635,0.0,0.76995635,0.39158636,2.0154264,0.51300937,0.13431342,0.055059373,0.0,0.0007517502,2.678161,1.5462435,0.48685718,0.11696857,0.054095183,0.0070292116,1.1659023,1.9630859,0.34753862,0.36513835,0.19234875,0.5545401,0.0,0.09941356,0.034656,0.26568112,0.0017076787,0.43194264,0.06519482,0.22023052,0.2586081,1.2583392,1.2263743,0.52695185,0.45556876,0.18496902,1.450086,0.5213913,0.14949647,0.031731904,1.9754431,0.36737993,0.03214021,1.0198953,1.1117269,0.026026506,0.3828195,0.3143227,0.024590198,0.019476222,0.10432967,0.15474331,0.011952376,0.09304743,0.71905655,0.51417726,0.072188266,0.8143305,1.3305478,0.02751384,0.25909498,0.036956284,0.0,0.7306883,0.007318041,0.7714087,0.026072491,1.1012386,0.054215662,0.038255002,2.4863486,0.6256239,0.4322274,0.0061547444,1.2764641,1.449144,0.11317864,0.07069642,0.4150677,0.29585138,1.0938568,0.39160424,0.35189965,0.07815955,0.012438613,0.14338857,0.002989755,0.5614198,0.025839547,0.024886467,0.10210896,0.48201182,0.3806137,0.07623593,1.1507791,0.0004471605,0.23297603,1.3919886,0.43840653,0.0,0.26607543,0.029643174,0.065114126,0.049040116,0.22547826,0.30371562,0.5069664,0.54666233,0.50293857,1.9420456,0.060002647,0.26331565,0.08339106,0.034341294,0.74391925,0.0,0.0547561,0.0,0.10542476,0.0,0.13218586,0.5108698,0.4779076,0.30425873,4.283688,0.048905857,0.43000063,0.0185438,1.3478131,0.8940412,0.012118096,0.12936336,0.16605611,0.5592986,1.1430777,0.032869328,1.1203066,0.0,0.5514552,0.29632422,0.13147609,0.061089516,0.064152405,0.6442889,0.48471603,0.23883085,0.16121809,0.0035048667,0.36291075,0.8387075,0.02686586,1.384973,0.045228425,0.0,0.33449507,0.44760513,1.6993395,0.11526516,0.108655326,0.3022351,0.15297125,0.0011458305,1.2170161,0.040898502,1.4353424,1.3500232,0.012866914,0.0,0.0061825337,0.05371813,0.17955971,0.0,0.47622445,0.01881577,0.5413591,4.2516313,0.27442542,0.17252594,0.0,1.2484735,0.2990482,0.9100477,0.1684925,0.25146356,0.090431504,0.0,all_pothole_images\pothole_images_optimized_image_87.jpg
0.37435344,1.3845445,0.6978906,0.6982979,0.4719436,0.24638209,0.8052312,1.6239278,0.66568047,0.1699097,0.36799127,0.6361056,0.08247766,1.5049589,0.09142901,0.20466407,0.36550164,0.11147053,0.5826918,0.8358654,0.040926274,2.2227004,0.7444319,1.0499275,0.31058913,1.1343236,0.35980853,1.8307989,0.6056044,0.21775012,0.351264,0.7159912,1.3300613,0.67470837,0.822207,0.70430845,1.1437945,0.12736718,0.15007816,1.5783015,0.123711154,0.16266385,0.3364907,0.57553786,0.17154415,0.32121277,0.081957094,0.35740528,1.2809228,1.1525265,1.7324638,1.4382381,0.12019622,0.498354,0.32674965,1.3577155,0.6835556,0.43564263,0.39377242,1.4719329,0.25498274,0.61627895,0.4604393,0.5603258,1.556484,2.2892385,0.8347804,0.6761651,1.6644435,0.39461574,0.42313784,0.69387114,0.14080743,0.2319436,0.7835834,0.87871194,0.1541876,1.0990038,0.53009933,0.55052614,0.23956916,1.5990618,0.14972587,1.5983002,1.1043816,1.1662035,1.3163642,0.07021291,1.7111049,0.50580394,0.44899207,0.8959674,0.4910118,1.6991035,0.46442264,0.18176076,0.5407881,0.25155264,0.9730456,0.55439806,0.48939347,1.0919805,1.4984962,0.46547496,0.72704846,1.0151334,1.1614454,0.042291183,0.4122319,1.5037287,0.29233626,0.96101797,0.77035373,0.32791534,0.48021597,0.6088753,2.4095516,0.2981099,0.2960663,0.51462793,0.5502998,0.85543126,0.6729445,0.032102425,1.2521541,0.8871874,1.0108924,0.40162393,1.7973645,0.1786597,3.0587845,0.23467994,1.1367096,0.7491425,0.46278167,0.19289634,0.40831584,0.7588285,0.7914071,0.82106864,1.0846951,3.0493906,0.6198523,0.6105364,0.23585701,1.3636166,1.7255948,0.7980116,0.6967098,1.4622687,0.15331547,1.7069312,0.3996033,0.22867024,1.7138872,1.1610887,1.0294476,0.38855696,0.04855013,1.3150963,0.38631248,0.18398373,1.4701114,4.3538733,0.4979446,0.41383088,0.7406375,0.5288464,1.0502026,0.05769917,0.68537265,0.29714912,0.3058451,0.547401,1.3158199,0.24607627,1.1490562,0.10444635,0.25246918,0.1877181,0.5662947,2.5854578,3.0382385,1.1187352,2.0616996,0.5235871,0.5476309,0.5370552,0.16180763,0.34345847,1.6678987,1.7333134,0.8672241,3.3007405,0.2348226,0.48229223,0.24947995,1.6191485,0.15733999,0.7199598,0.72101986,0.7231545,1.8110448,0.36146864,3.4676774,0.8062356,0.4920772,0.14874709,0.8139812,0.49953938,0.21920434,0.90944856,2.192009,0.55713546,0.9132994,0.34975553,1.9907182,0.37197718,1.3987442,1.0771575,2.5614603,1.219944,1.6064038,0.478767,2.5029278,0.7206229,1.1743532,0.07535206,1.6014414,0.066212066,0.9949232,1.6941652,0.40680492,0.04155271,0.6329536,0.3985038,0.89064896,0.6327191,0.04546388,0.34047353,0.90487343,0.54156685,0.15167727,0.21770026,0.15608622,0.35550413,0.65943754,0.51967615,0.64563775,1.7926112,1.1044974,1.0657068,1.0757517,0.3489441,1.0726979,0.17230517,0.69690144,0.12308124,2.0284503,0.20657402,0.9764313,0.61281234,0.7311145,0.06961912,0.3866318,0.6121651,0.13909452,1.6812235,1.4381741,0.44236794,1.4548202,5.477302e-05,0.20346554,0.72614706,0.008465326,1.2439115,1.195801,1.4477777,0.27483556,0.30831668,0.03708905,0.19427554,0.8838048,0.18335634,1.6249152,0.60244393,0.1363935,1.9921892,2.0238018,0.3813615,0.6738159,0.91630477,0.001648284,1.7020819,0.5605459,0.063810915,2.5706613,0.448293,0.25884074,0.482677,0.08056634,0.8730086,0.2897,0.58432263,2.3209176,0.3969167,0.19730473,0.27668312,0.46956024,0.36682203,1.6034527,1.1092094,2.063105,0.6610909,0.35447213,0.18817492,0.07151762,0.11651116,0.46957627,1.298117,0.11362534,1.6902145,0.18541566,1.659954,1.7392051,1.2260139,0.5821863,1.7039471,0.9515615,1.2604773,1.5622269,0.35372135,0.29341596,0.93679655,1.1230114,0.5272728,0.75256115,0.3266934,0.15738155,0.2564873,0.8111778,1.072371,1.2439533,0.082214005,0.56100184,0.38017848,0.3753066,0.46085593,0.35368463,0.523713,0.72965956,0.3369337,1.1439668,1.3314617,1.0307745,0.10711063,0.81306267,1.3230911,1.0505602,1.858726,0.04966011,0.38414243,0.18759073,0.5666169,0.72264516,0.229499,4.3565226,0.78233033,0.22435264,1.0572714,1.3921286,0.5419316,0.5271214,0.80197984,0.9747552,0.023896568,0.016160158,0.88964903,0.36048818,0.9001228,0.69826126,0.08684453,1.5053711,1.6088132,2.7341769,1.3605913,1.5886031,1.661466,0.8767561,3.4286885,1.4475292,1.0702293,0.29382032,0.54289055,0.39693838,1.3212028,1.4112964,0.81339294,1.0479008,0.20004852,5.8656898,0.6143216,0.32835567,2.5003045,0.8009489,0.5978536,1.0347763,1.2312227,0.12452822,1.3191096,0.5250387,0.29623097,2.0234916,1.5937238,0.09744792,0.27835122,0.47863534,1.0112555,0.19282782,0.6354351,0.99198693,0.064721465,3.1277764,1.3086057,0.27000332,1.3347725,0.46813145,0.6553607,1.2726643,0.8229604,0.84264404,2.2684462,1.7851092,2.4052691,1.0212235,4.3113933,1.6253072,0.58195806,0.10016559,0.3965166,0.3528875,0.0011659163,0.4721245,0.25204816,0.1614753,0.33694386,0.41985086,0.028029172,0.63771397,0.26038215,0.24204083,0.23907588,0.6017959,0.6400955,0.1896376,0.2516182,1.0780554,0.7552386,0.5613594,0.19042969,0.23858948,1.6925997,0.94057643,0.2677705,0.6502072,0.46656093,1.0674765,0.14007318,1.0173464,1.5456047,1.2867206,0.9896282,1.2409537,0.13365027,0.21666,0.25495073,1.2437817,1.0391535,0.6434673,0.6172763,0.41296846,3.4895375,0.34766442,0.542113,0.19318812,0.69553936,0.5253774,0.08785487,0.9383683,0.3075526,1.7073619,0.71909773,0.29869395,0.25162846,0.4083971,0.59641045,0.60504335,0.49374372,0.65326864,0.20192471,0.13560778,1.7614341,0.28009477,0.5518348,0.4858069,0.017495332,0.09786132,1.844071,1.0242095,1.0095072,1.6476161,0.31548727,all_pothole_images\pothole_images_optimized_image_88.jpg
0.7504523,1.1845037,0.85949916,0.99730873,0.15292087,0.017387465,0.4623034,0.18224941,0.27397725,0.25218028,0.024444444,0.37043777,0.326568,0.29374573,0.35665807,0.07693441,0.7467297,0.0043167667,0.8228391,0.46712482,0.53372836,1.94326,0.27193913,0.0,1.1748099,0.012784842,0.31391278,1.4037725,0.028915,0.07794048,1.6094358,0.001929865,0.1334396,0.34349263,0.46580014,0.12633705,0.31868246,1.2390492,0.23113476,2.949521,0.020671947,0.6209735,0.25463587,0.75798565,0.0334827,0.15735601,0.0061624832,0.52486926,0.071371526,0.21818365,0.005385021,0.95968753,0.4451224,0.49840295,0.5723493,0.09530431,0.53831524,0.3678953,0.06364629,0.25632855,0.007470472,0.5986611,1.0721948,0.013382361,0.0082186535,1.4069605,0.42611974,0.018508306,0.0,0.08189189,0.28994113,0.06077237,0.2904715,0.014013519,0.05016165,0.24741416,0.2090312,0.11682085,0.0,0.28115237,0.0071023297,0.43701902,0.27352163,1.9593507,0.41326296,0.78647697,0.32798487,0.009956988,1.3633455,0.6067003,0.0,0.0074139046,1.0293441,0.018503025,0.22789511,0.38631883,0.7982382,0.6717733,0.20720288,0.19530635,0.23367548,1.7505523,0.14196691,0.6232348,0.5494451,1.1479988,0.009857078,0.10863571,0.32060346,0.31826788,0.14655055,1.6657448,0.5277576,0.06083865,0.36586246,0.20561431,1.9544678,0.43143374,1.8288078,0.7868979,1.6569809,0.02372219,0.37064323,3.0096154,1.2875686,2.2407744,0.80770344,0.12859613,0.14839658,0.863296,0.60053164,0.0836643,0.11472935,0.3662444,0.49314693,0.68770397,0.025123002,0.28192797,0.11326266,0.068742,0.0197435,0.04640993,0.17930101,0.114349715,0.016036747,0.48019361,1.0845183,2.3966734,0.0156032955,0.61171097,0.4575276,0.341611,0.0010406154,0.16476256,0.30468127,0.006233758,0.036859278,0.14120242,0.008357926,0.30072838,0.5568795,2.5186112,0.6487845,1.281327,1.0698818,0.05852162,0.9457926,0.19613223,0.24937807,1.6997432,0.036403134,0.088675864,0.057071656,0.003190928,1.0931017,0.0060538156,0.38170624,0.10538263,0.0,0.15611836,0.0008973289,1.0312841,2.2909913,2.1597695,0.10630215,0.13173209,0.45374197,0.32106817,0.7985944,0.31062126,0.0,0.034783017,0.16649476,2.1988413,0.6183087,0.005412,0.3942358,0.6127574,0.0,0.77440476,0.19028194,0.6396376,0.8398211,0.61226493,1.4577974,0.07982697,0.038208716,0.062378343,0.72948456,0.2657763,0.15540266,0.46490738,0.109155245,0.09685851,0.27846825,0.01373607,0.17040336,0.2845073,1.0224645,0.37051144,0.6917638,0.5201384,0.56208205,1.2453674,1.0281725,0.31476918,0.9562938,0.20908007,0.397093,0.77400976,0.13255844,0.6051453,0.01977446,0.21186177,0.0017335645,0.110295996,0.8170518,0.016761865,0.20511661,0.04733742,0.17063184,0.16144203,0.6844959,0.2372433,0.21437098,0.025939768,0.0,0.21663576,0.5406561,1.7199084,1.9834229,0.7617405,0.09378427,0.5543648,0.093403704,0.035136033,0.010992388,0.05634191,0.614365,0.38307425,0.026825596,0.0708365,1.7489874,0.30626023,0.35014808,0.80879724,0.0016335231,0.29705435,5.317297,0.22495814,0.08519964,0.0,0.0073205,0.762352,0.14362465,0.92289215,0.26856786,0.525793,0.060056362,0.26086867,1.3756154,0.1371018,1.2314851,0.26543552,0.9308162,0.27726302,0.8388635,0.5474921,0.70807225,0.3055755,0.30871412,0.057791505,0.04534255,1.1259506,0.58867717,0.4016894,0.4436399,0.31002563,0.25073418,0.478123,0.22142057,0.31111225,0.035271242,0.4483396,3.9398847,0.19586954,0.21148567,0.31393284,0.071580105,0.08811577,0.6879156,0.30984235,4.3683734,0.17659728,0.17088448,0.25284973,0.24339251,0.396547,0.32044873,0.3325132,1.4594607,0.17399624,0.11300555,0.42719793,0.41851094,0.5055195,0.9684967,0.0,0.2555805,0.4041541,1.8594646,0.8490391,0.0030028776,0.19679782,0.3776896,0.7560295,1.7492582,0.5120858,0.26346436,0.039998706,0.07912179,0.8433017,0.91232055,0.065247744,1.1599263,0.028896257,0.0,0.048540257,0.19945265,1.4911863,0.01952651,0.53602016,0.10697512,0.88792,0.16606078,0.30585608,0.101905994,0.022736108,0.9794555,0.5770024,0.37907466,0.680836,0.07073905,0.37879658,0.12677644,0.25311545,0.8483811,0.17108092,0.0041990653,0.49522135,1.8236727,0.16996315,0.0,0.19410935,0.14651024,0.03833291,0.46349645,0.068629526,0.6511074,0.2466724,0.27942923,0.12392779,1.9770803,1.1017721,2.2697723,0.37976214,0.8913394,0.2554576,0.08373834,3.4196942,1.5445309,0.29533365,0.022229373,0.07512298,0.0016214605,0.41601464,0.2004256,0.22553949,0.12813343,0.0,2.1315262,0.42507136,0.0050562522,0.7670937,0.5492786,0.0,0.24078205,0.97493386,0.21201824,0.12163056,0.2245728,0.60266507,0.3761406,0.8650419,0.09458448,0.0145266345,0.24135973,0.63730913,0.14994335,0.34880945,1.568179,0.019445522,2.185667,2.1575735,0.521921,0.052680988,1.3223312,0.0023383703,0.06160039,0.1982804,0.9852647,0.0019866875,0.14108044,0.004227609,0.23809677,5.068239,0.72284806,0.0,0.058916286,0.5262957,0.29919732,1.0614034,0.17953657,0.0,0.1904939,0.0036901832,2.130351,0.8644242,0.24830975,0.89834785,1.7777909,0.27360794,0.19234824,0.45508823,0.20562626,1.106904,0.24546689,0.19464006,0.2743453,0.11301772,0.2322922,0.056973003,0.018530954,0.050798945,0.0,2.0705225,0.06324035,0.0,0.16991456,0.61554044,1.6215644,0.08010992,0.30554295,0.03445546,0.09108019,1.2272329,0.031400815,0.0048840065,0.004257199,0.9870596,0.88891864,2.9982636,1.0333709,0.1611612,0.0,0.54359406,0.042188406,0.07855289,0.3971339,0.25311702,0.11385789,5.0989347,0.0,0.0,0.22285785,0.025698705,0.039513268,0.043856163,0.101554364,0.13902998,0.07529087,1.7296906,0.22245564,0.19283435,0.76477134,0.07065662,0.9973059,0.5889102,0.08206352,0.29418743,1.3714406,0.8264962,all_pothole_images\pothole_images_optimized_image_89.jpg
0.16542275,0.31155872,0.001446099,1.7108434,0.6095754,0.5880278,0.5654557,0.80844766,0.04182684,1.8172878,0.36744794,0.8716443,0.032094024,0.9312412,0.037376985,0.080814295,0.33007252,1.7576102,0.35634947,0.26260704,2.281974,6.03026,0.6107074,0.017673833,0.4152826,1.0719122,1.487432,3.8222742,0.07896386,0.50223756,0.75014424,0.28426713,0.9374331,1.1118733,0.06813961,0.5151147,0.15384617,0.8053477,0.012769773,2.289707,0.022551969,0.1553217,0.101399615,1.4432544,0.1588685,0.29393908,0.9527233,0.19416715,0.056809783,1.1532894,0.03552228,0.19351329,0.63480467,0.0026382965,0.09064564,1.8053854,1.4328371,0.42743105,0.0023426919,0.51944804,2.0427434,1.0444435,1.191852,0.4626847,0.83723074,3.4525425,0.011487676,1.1590039,1.6491476,1.2959657,0.0,1.4106349,0.67962223,0.67332786,0.044696875,1.1425743,0.0,0.5369804,0.23675036,0.22091258,1.2860639,0.022175927,0.15147701,2.8669493,0.0005430849,0.11753343,0.29059252,0.0,2.5657463,0.3556872,0.040198855,0.48422575,0.5031339,0.07519617,0.4153586,0.56264085,0.25007194,0.11786013,0.13214493,0.17270891,0.20785952,6.6597714,0.22983463,0.17090651,1.1021851,0.2097002,0.41216463,0.0044972985,0.44297713,0.7808788,0.2617546,1.0950975,0.35792342,0.0,0.18705177,0.436869,0.2072299,2.4714792,1.4201132,0.9320976,1.8037295,0.15756546,0.15792562,0.9486193,1.3963656,1.2308612,0.039275542,0.021059118,0.87099385,0.1299513,2.3228803,0.065236345,0.0067229937,0.124748535,0.25635108,0.19021969,0.08878553,0.6159959,0.11495773,0.5987421,0.6351073,0.30000043,1.7925636,0.6826788,0.304252,0.52551323,0.9758802,0.61353064,0.01658992,0.08071075,0.0421986,0.6479365,0.3911607,0.08392496,2.2639956,0.39056352,1.5962412,1.2891858,0.8986871,0.9001134,2.7890644,3.0851626,0.086854994,1.9234644,0.17975117,0.09179888,1.8764175,0.34455094,1.3741673,1.4178364,0.06880631,0.5145072,0.0,2.7958627,0.20509258,0.06897547,0.012090315,0.0,0.100750774,0.36383405,0.536859,3.2613094,4.425052,0.1680233,0.5797488,0.898144,0.12286952,0.015929213,0.12334412,0.73781693,0.024652602,0.658962,0.09624777,1.6575323,0.13223793,0.5233755,0.14900298,0.0050559253,0.011918807,0.3260937,0.15177271,0.8452836,3.3963103,0.9562304,1.1467263,0.017437998,0.2131753,0.59482163,0.05164825,0.82469904,0.01689193,0.27881086,0.14488058,0.048811655,0.064596854,1.1583334,0.19481209,0.44603565,0.6782102,0.67738116,0.30121997,1.1767784,0.42237523,1.5702639,0.019285766,0.20878716,2.1358442,0.23694117,0.24407348,0.55643535,0.0985294,0.6165873,0.02383342,0.0070061963,1.7323884,0.15201396,1.3063086,0.3631858,0.0016675805,0.16385472,0.0030430416,0.017310992,1.5863454,0.00030718392,0.37982458,0.014732633,0.0,0.102475226,0.0,3.0927908,5.6917753,0.59632754,0.42852616,0.001701261,1.269949,0.3097618,0.36910954,0.52700686,1.1726317,1.3132757,0.11557562,0.30411178,0.55460674,0.45224032,0.14704657,1.2051784,1.5375713,0.25001612,1.7648013,0.011818397,0.3038115,0.3981368,0.78173155,1.088985,0.90471804,0.08556317,0.029328063,0.056133248,0.5663464,0.8091762,3.5075607,0.4531802,0.08966637,1.2616944,1.2326276,0.4667155,0.22823139,0.12672162,1.8045415,1.849529,0.005078532,0.04462315,0.0008351362,0.3114199,0.5387282,0.31159928,0.023342943,0.18688077,0.37200192,0.251911,0.39439282,2.4060042,0.041561764,0.30777064,2.5344758,0.08929408,0.009636344,0.6347608,0.056278326,0.42037854,2.3503575,2.806517,1.5378771,0.8853401,0.50798345,0.6672216,0.38411245,1.5889132,1.2629789,0.45071295,0.01000329,0.20812081,0.20870543,1.8797956,0.05937939,0.108844995,0.20095873,0.045827102,0.3618244,0.44480786,0.99901265,0.7952777,0.14914677,1.2733655,0.0,0.008796493,0.96936953,1.9746361,0.33091217,0.60060394,0.5459116,0.61773515,0.82896143,0.015916185,0.61400884,0.22087741,1.5047549,0.26004025,0.78105986,0.059215013,1.3736602,0.033216257,0.67906964,1.4033228,0.10057619,0.6353923,0.10614161,0.67918926,2.8225281,0.061271757,0.5007227,0.04056315,0.68851376,0.32135907,0.2602307,0.0,2.8153548,0.26874077,0.02514842,0.057436068,2.6527522,0.21376963,1.1570119,0.08795996,1.3744662,0.18643413,0.01930189,0.009959893,2.8971374,0.26112124,0.45084083,0.100299165,0.6793579,0.1639032,2.5680718,0.15396805,1.1315708,0.0033683677,0.003190607,2.0350916,0.3557635,0.8137037,0.04856426,0.04750857,0.09168224,0.08901407,1.0616709,0.5026138,0.31449413,0.28916577,2.092493,1.2984697,0.60068184,0.6645722,0.042158842,0.3061351,0.25015798,0.5171407,0.043064438,1.1574597,2.051083,1.0752522,0.00408395,0.75349,1.0148382,0.8177105,0.06459617,0.36792755,0.81198055,0.079942755,3.6078851,0.3667615,2.3503451,1.5148576,4.003979,0.40568948,1.6231169,0.00076052104,0.20528945,0.38486755,1.035663,0.35532245,0.71802986,0.64620584,1.0523529,3.66457,0.034249,0.009517652,0.13005589,0.015941298,1.27207,0.8996015,0.7651573,0.16504128,0.26727408,1.5075384,0.19556695,0.4033004,0.0027758777,0.65171367,0.7335238,0.00019563768,0.12817566,1.062415,1.1926794,2.0878193,0.8471329,0.9626495,0.56696177,0.653083,0.8377063,0.75317085,0.11404854,0.00018077147,0.0692293,0.1223392,0.012034539,0.2829149,0.8129828,1.725826,0.17584378,1.2284703,0.37468663,0.026158173,0.8899765,0.033130933,0.06711879,1.1988171,0.9724482,0.014502758,0.008854754,3.2622368,0.21078971,0.18032521,0.0,0.22547843,0.73558253,0.8203136,0.5495314,0.0,0.057062443,1.5677749,1.6617266,0.4068084,0.64553577,0.9010461,0.031217841,0.6923786,0.3178004,1.1761208,0.6665928,1.7971523,0.23955742,0.017743237,0.02029918,0.06348265,0.0038291255,0.090600684,0.17678624,0.7935921,0.80500805,0.2327878,all_pothole_images\pothole_images_optimized_image_9.jpg
0.91984355,0.7717752,0.36376995,0.89290786,0.9125933,0.27579173,1.4034249,0.081110135,0.6195006,0.35889924,0.15463501,0.19991577,0.24513291,0.53420335,0.23405488,0.77738976,0.06914014,2.7990472,0.96692735,0.7851861,0.8320703,0.036646754,2.8266902,4.1017523,0.119216725,0.26645878,0.13312213,0.8841987,0.24019682,0.29759726,0.28446865,0.0045861965,0.06819156,1.0015991,0.5003594,0.9654526,0.38701174,0.79253054,0.18255953,0.18208861,0.15705895,0.9942277,0.04819235,0.14114332,0.06838808,0.8785487,0.72266245,0.49286503,0.8713733,0.76499975,2.4429262,0.8506607,0.701698,0.1296801,1.1999099,0.7873093,1.1725214,0.99009323,1.050822,1.110973,0.11056898,0.9398025,0.5851085,1.0061005,1.5823557,0.5600937,1.1405214,1.5339615,0.1889892,0.66180927,0.2423894,0.50569725,0.20370983,0.18627606,0.43645546,1.1283149,0.49634328,0.73835105,0.11322098,0.015421407,0.03435943,0.34317112,0.12480803,0.2283057,0.6047839,0.92418116,0.15240404,0.25260466,1.380159,0.59360194,0.20417026,0.7855243,0.6904611,0.3780734,1.7112037,0.7389686,1.864638,1.3951385,0.5906464,0.3202063,0.00032682033,2.3409843,1.3691424,0.05560136,2.0796087,0.645195,0.03184886,0.3051982,0.30325285,1.1934537,0.063922055,0.87405396,1.1381938,2.042748,0.28531083,0.59238225,0.39184242,0.41749358,2.0394104,1.0063636,0.61142564,1.2009188,0.30244794,0.33500734,0.39540645,0.74653,0.032775342,1.3918968,0.7987567,0.12632321,0.826634,0.84331775,0.4681818,0.1248724,0.27298462,0.72773594,0.055785384,0.12304018,0.1068615,0.08732535,1.6010596,0.8953461,1.4319648,1.7160301,0.005887386,1.0502107,0.2009465,1.4987622,0.33637083,0.8886169,1.0270904,0.18794963,0.20146954,0.12735459,1.1025163,0.9356485,0.3500247,0.5885346,1.808462,0.16992177,1.5076994,0.9086947,0.073379636,0.85515016,1.0873811,0.13996777,0.8251992,0.05361554,0.82863444,0.591887,0.35968882,0.2806442,0.20312761,0.021273887,1.4592041,2.2890992,0.13468847,0.0,0.27674824,0.17677137,0.47699323,1.1132329,1.2873135,2.9707386,1.018646,0.10929181,0.3855119,0.5877163,0.36480018,0.1567842,1.1780705,0.48083714,0.16430727,0.641653,0.31109974,0.22386083,2.1405692,0.28537735,0.5168747,1.7103947,0.119438246,0.44695133,0.5621547,0.0014508418,0.62291193,0.5481707,1.8011527,0.73789096,3.2233007,2.86066,0.025959503,0.38866493,0.82305616,0.78775364,1.0186512,0.5915061,1.7519219,0.41918817,1.6224744,0.27834,0.32085901,0.33558118,0.5270547,0.18908222,0.0077539394,0.15462555,1.383689,0.1768371,0.77598685,0.055422124,0.6939144,0.3633938,0.47179988,0.29326385,0.80404365,0.033193994,0.17498086,0.7631539,0.5013199,0.6156864,0.47338715,0.07427616,0.8541814,0.62508833,0.08055768,0.3184748,0.58104557,0.13666588,0.7024096,2.6013331,1.5585436,0.35741538,0.13284701,0.12684011,0.997743,0.124012165,0.18647863,0.288895,1.3483762,2.726747,0.4235466,0.28175104,0.8272792,0.73757714,0.37731877,0.008800302,0.83896214,0.08745763,4.2545156,0.22846146,1.4092623,0.011564455,0.007960529,0.937212,0.3296663,1.4169033,0.46077615,0.9330697,0.8410177,0.46665764,0.030992981,0.6247963,0.039537925,0.8219829,0.9842822,0.11884974,0.18121691,0.03123049,0.7475259,0.13878918,1.6748413,0.7627468,0.14240983,1.52252,0.17319255,0.3045915,1.085739,0.04128637,1.0434408,1.2944218,0.7289358,0.07579498,0.33054554,0.08445676,1.3300314,0.0,0.0,0.015155363,0.39510003,0.77340496,1.2060685,1.4379132,1.4893572,1.7099518,0.7352264,0.33046365,0.013519479,1.4876177,3.9193928,0.46959588,1.2638367,0.37697515,0.4284063,0.85103494,0.5967211,1.0862927,0.15162908,0.13509929,1.182771,0.3809026,0.374366,0.05043999,0.2607203,0.825512,0.26040512,0.100398704,2.4871807,0.072150305,0.14771786,0.5708941,1.3220233,0.21637663,2.0795236,0.86354405,0.3923775,0.32939166,0.035464555,0.33051953,0.0038002983,0.4159769,0.0,0.31695572,0.5637625,0.4986533,0.51395565,0.07258657,0.5486643,1.5695841,0.036311448,1.4119939,0.64662653,1.3431832,0.58028084,1.3311646,0.3261,0.17984736,1.0379133,0.24397491,0.7853794,0.3093965,0.36043617,1.3967621,0.73411155,0.5819921,2.3403878,0.07820727,0.014940068,0.16926797,0.29258752,0.2966487,0.95188016,0.22591254,0.36112314,2.2638278,1.3476918,0.39309424,1.2150404,0.43028298,0.6377887,0.241397,0.042376522,0.76587677,0.30160907,0.5933926,0.018599719,0.09304954,0.16272634,0.2655084,1.1508204,0.20592216,0.022865295,2.7349274,0.8660968,1.2161578,0.6849231,0.023263386,1.761729,0.39877382,0.1932243,1.0538437,0.42318743,0.7133876,0.30923164,1.1083144,0.117522664,0.63817143,0.5231438,1.9496304,0.9292553,0.0019685219,0.46294102,4.1386323,0.7128543,1.7347083,0.96920675,0.21658504,0.2773968,1.1299179,0.47642595,1.3891169,0.55851704,0.7570139,0.17272945,0.8356468,0.123269446,0.8575873,1.4288763,0.42313632,0.24699354,0.2788302,1.6984559,0.10147096,0.0035480063,0.23905031,0.089987814,0.42835024,0.19252224,0.46538723,0.2324791,0.2945474,1.8668327,0.9277331,0.23753735,0.14017944,0.07159089,0.82246584,0.8652613,0.07497913,0.074994415,1.1729717,1.5751822,0.8335551,3.3467655,1.3386797,0.706591,0.023294268,0.72411674,0.25299323,2.0922282,0.66819453,0.58308077,1.1363221,0.15922268,0.48502898,1.2518556,1.2416745,0.0,0.58000803,0.17080231,0.21036062,1.6647513,0.9599626,0.6280223,0.7734577,0.06552485,0.6082866,2.3068917,0.03534592,1.2282617,0.3018123,0.29728797,1.3480794,0.0033271466,0.13023113,0.05920748,0.26377082,0.22646123,0.17359963,0.38637963,0.23010115,0.84617615,2.2132385,0.4407128,0.86008185,0.30746815,1.3762764,0.27961546,0.2864188,0.0,2.8917582,0.027676025,0.027540112,all_pothole_images\pothole_images_optimized_image_90.jpg
1.7437756,1.9992443,0.4909902,1.1520941,0.251685,0.7242026,1.1257119,0.006507652,0.088109024,0.67652714,0.19180803,0.7176322,0.4037304,1.2255245,0.21572104,0.18635294,0.029006895,0.9705776,0.34529373,0.026858313,0.86607206,1.9231099,1.0680045,1.0339053,0.31129467,0.18592429,0.907353,1.0362283,0.18467505,0.6030094,0.5677733,0.14986956,1.0330938,0.15346903,0.7044897,0.27426183,0.58530545,0.9890999,0.077348195,0.17236057,0.018292846,0.48446187,0.25353688,2.396092,0.385353,0.007607167,0.07924514,0.0129606165,0.38950148,0.055751555,0.48359108,0.07898376,0.29369506,0.011537068,0.0,0.47770348,1.2193203,0.31233475,0.009717343,0.48249346,0.0038334425,0.121826395,2.4896173,1.5301214,0.79150784,0.4023149,0.0645689,0.10167511,0.0,0.94674283,0.35367075,0.308113,0.011918903,0.6737489,0.027999181,0.34609088,0.94220483,0.79162866,0.05949119,0.45977587,1.1886468,0.14666425,0.12855437,0.82845557,0.68567413,0.39907178,0.018970206,0.013515397,1.594854,0.065097935,0.08416799,0.52031416,0.1993351,0.786357,0.6129069,0.03821561,0.25170654,0.34056017,0.14162536,0.06024445,0.1459507,1.0301377,0.54882985,0.011750255,0.12815526,0.053757958,0.21179879,0.048878398,0.13284162,1.1515398,0.0,0.44861883,1.8946475,0.17617074,0.37012345,1.3734466,2.761008,0.5269901,0.5940946,0.099403344,1.1955508,0.118270956,2.2494404,0.1004705,0.16088228,0.32556996,0.2995997,0.30212933,2.0357292,1.1988014,1.3825288,1.176399,0.4896267,0.29008606,0.089179605,1.8786361,0.16650273,0.0075846277,0.7506882,0.38773248,1.5204403,0.044128876,0.40037587,2.4847333,0.73902595,0.8030643,0.069108196,0.25177726,0.9751954,0.645644,0.9166029,0.5694692,0.022447288,0.24027306,0.7409386,0.2106857,0.20201075,0.42148754,0.96623456,0.2770129,1.3173393,0.34911284,1.0779648,3.2175395,0.35629085,0.314192,1.1011217,2.7944782,0.57901543,0.3339601,1.3626184,0.48544574,0.15523012,1.9819179,0.6140664,0.47998062,3.164322,1.1857736,0.19736665,1.2269552,0.22403418,0.10089381,3.371857,0.1304041,3.4019067,0.44097203,0.5209632,0.018997775,0.014863558,0.13956735,2.5437372,0.106865816,0.00023707443,1.5658538,0.3683154,0.6372302,0.033955142,0.12009825,0.43463242,2.3616335,0.039183177,0.029337123,1.6983877,0.8915841,0.17222953,2.3788884,0.073819324,0.7721149,1.1196687,0.019255744,0.14175338,0.87692845,0.42798963,0.7553852,0.30486807,0.06849171,0.35611168,0.3160313,0.8574611,0.14365171,0.91346395,0.16438384,0.0,0.18885016,0.0,1.0064442,0.7695374,0.42241853,0.9948221,0.07242879,0.099273056,0.39642173,0.38781524,0.12565054,0.085347615,1.049201,1.1690218,1.031151,0.23870482,0.07457806,0.4148494,0.1657816,1.880923,0.34188786,0.12287914,0.050110172,0.5839267,0.3352866,0.73343307,2.9692326,1.1898221,0.08900726,0.10268652,0.2680617,0.039661597,0.6577322,2.0942674,0.14959767,1.1407734,1.0331448,0.6680961,3.063007,0.11063056,0.09607836,0.019479413,0.30060846,0.025256503,0.40379044,1.165057,2.7926183,0.0071847816,0.27423373,0.21994548,0.27636343,0.28752923,0.5706396,0.23672645,1.2550695,2.4907732,0.45326743,1.324052,0.13276106,1.8842494,0.5582083,0.2582585,0.23004474,0.13710435,1.1141776,1.2096648,0.5171969,0.1971655,0.6170651,0.1701155,0.5569625,0.055462446,1.3940696,0.04789219,0.23803972,0.90909964,0.61628723,0.5381362,0.82799256,0.0,0.031910896,7.2295794,0.062603675,0.5449193,0.34604928,1.0947583,0.0455629,0.00881645,0.94204974,3.5025563,0.7628516,0.9240967,0.59770507,0.03501097,0.14628772,2.2924516,0.29698384,0.3004652,0.14216273,0.40651298,1.0003803,0.0894955,0.084906034,2.2881637,1.4175147,0.24912249,1.252289,5.084803,0.643207,0.64869815,1.1791127,0.6755148,0.53221,0.4632729,0.5617546,0.18338254,0.17002521,0.114639744,1.1272558,0.5698086,0.6555012,0.19374211,0.085711166,0.08632609,0.10651534,1.0720572,0.67884296,0.31012094,0.51500535,0.0,0.0037079903,0.3245862,0.10720413,1.8001533,0.39348373,0.15570843,0.09329859,0.04098548,0.17258768,0.78163916,0.21393777,0.011524064,0.12383165,2.1849163,1.6963781,0.03261077,0.34259862,0.72558933,0.064352974,0.28983343,0.1452851,0.08522623,0.39008474,0.06896374,0.9449735,0.13290916,0.98186445,0.0057584415,0.25264093,0.54454046,0.9206577,3.8805375,0.18801957,2.7353475,0.97588205,0.0,0.8168432,0.6755065,0.13372493,0.07874309,0.025823005,0.5995364,0.022417959,0.18853813,0.15421784,0.16344483,0.043794688,1.8734463,0.2953261,0.24808629,1.5538694,0.28993496,0.1351329,1.0907747,0.09640188,0.76899797,0.7981646,0.023051368,0.118459545,0.33511266,0.324284,0.18524574,0.34435958,0.01618939,0.9881071,0.21128324,0.16343798,1.5297705,0.14408518,0.97559404,1.3127087,0.25223067,1.6220008,0.53542244,4.4241405,0.37464395,1.1839274,0.5191237,0.7441939,0.0119948685,0.33610114,0.23912817,1.5739263,0.4856499,0.42144907,0.27271235,0.37751362,0.6339789,0.004374705,0.049015462,0.046346925,0.018886287,0.3289776,2.4249892,0.07380996,1.9480809,0.26414844,2.126507,0.40307963,0.106052026,0.599753,0.81138074,0.03350124,1.2922207,0.017479897,0.35506353,0.32877877,2.365239,1.0496784,0.6358038,0.0,1.3855181,0.12658605,0.01910558,0.7549915,0.0,1.0502679,0.5093826,0.5939228,0.763731,2.149148,0.30073395,0.013866589,0.3739487,0.8959793,0.11618688,0.2828789,0.07889682,2.6737711,0.44632986,1.020569,0.0,0.18264201,0.51493603,0.08464712,0.19679905,0.7211134,0.022159906,0.65916955,0.007488365,0.46387622,0.0,0.0,0.022218538,0.15817316,0.01344768,0.3989531,0.81514645,1.3839676,0.40882275,0.80794764,0.5202416,1.0677851,0.42989433,0.4506887,0.14407733,1.0731677,0.15043944,0.027635695,all_pothole_images\pothole_images_optimized_image_91.jpg
0.21802308,0.29843324,0.029191656,2.7615151,0.7544464,0.00056545716,0.26535553,1.1105363,0.07008624,0.78669804,0.4690366,0.020191519,0.0,1.9210114,0.0,0.3720289,0.059875138,0.33706936,1.6267499,0.016547766,0.31524524,0.31418127,0.14034252,0.34908324,1.270834,0.0005864238,0.08055257,0.681965,0.6993058,0.2542931,0.26079664,0.12091084,0.62833595,0.034261867,0.0021940547,0.8491008,0.025078243,0.7786205,0.34253013,1.0477641,0.0,0.087932795,0.24990511,1.1301903,0.7446091,0.14621708,0.0007939466,0.0,0.23071232,0.7215867,0.0,0.28745782,0.11205644,0.10466229,0.01681683,0.48250994,2.9231267,0.13593923,0.24145503,0.115096346,0.049352217,0.15125367,0.25875008,0.09875737,0.0,1.567593,0.74500805,0.0037160437,0.27017176,0.0058885594,0.0,0.07375028,0.0014805906,0.0,0.49014524,0.0,0.15087515,0.23881009,0.00042345663,0.005493128,0.032965235,0.5876361,0.07717055,1.5280787,0.3799185,0.0,0.12261604,0.022972595,1.0561095,0.0036443574,0.0,0.2222102,0.011943477,0.0,0.21961246,0.14780718,0.51511127,1.9171053,0.27663875,0.2142957,0.035448264,2.329622,0.89461625,0.031382352,0.84555775,0.29760996,0.20494099,0.074809335,0.0,0.67251277,0.03193826,0.9498914,0.008465354,0.18153922,0.9346744,0.1654602,0.044597782,0.0,1.6576515,0.16113088,1.9892925,0.041955967,0.0019413444,1.9022615,0.19030814,1.0439851,0.017051015,0.0,1.2057548,0.011246582,0.1183884,0.47350907,0.47679245,0.95048004,0.11760201,0.23454899,0.006768185,0.35222384,0.20831962,0.036247827,0.02403725,0.030154077,0.056766946,0.027665475,0.0019762034,0.24868618,0.048958246,0.40930653,0.5039799,0.010237639,0.21329862,0.27498496,0.07827992,0.41463703,1.444818,0.018365962,0.06032061,0.017360594,0.22249223,0.0937514,1.2533182,2.0748389,0.029608896,2.2084696,0.27434465,0.0,0.29487234,0.1803765,1.0431533,1.9472967,0.19460544,0.0,0.0023692427,0.08250403,0.03323784,0.0,0.059656866,0.024326205,0.0039182785,0.0018711891,0.0,2.6538649,1.3967148,1.0384823,0.6649529,0.8515486,0.22581835,0.052473437,1.1278292,0.7593867,0.0,0.0,0.028392242,0.615827,1.0622176,0.34085807,1.4733483,0.005479101,0.0779677,0.03108225,0.03795509,1.6354342,0.03824551,0.085590266,0.6256064,0.035965297,0.4307392,0.059771497,0.5453019,0.051122643,0.0,0.013677283,0.6596632,0.36098614,1.7810893,0.6530676,0.10205028,0.0058768773,0.6748045,0.00728105,0.21869157,0.136312,0.1414552,0.6066279,0.0,0.08118467,0.122407,0.013775102,1.7113348,0.20750906,0.019834239,0.10891679,0.36372072,0.020255208,0.058275163,0.080428086,2.0003161,0.0,0.093789645,0.034824487,0.31936282,0.12710166,0.122983284,0.23658647,0.17246193,0.0,0.36320615,0.10755849,0.1458646,5.001836,2.3080134,0.002955017,0.044245463,0.054384075,0.0,0.027382774,0.64473116,0.110151306,0.07382669,1.8881979,0.0015309225,0.0059352242,0.40177107,0.5449341,0.052795954,0.35885125,0.9122346,0.04817833,2.3357263,0.0,0.08903188,0.0,1.2283653,0.13901027,0.6934765,0.42133275,0.025674501,0.26321688,0.17588761,0.045675393,1.0815872,0.3979881,1.0173093,0.01904197,0.10616339,0.18343617,0.8672474,0.25180784,0.014505851,0.024711283,0.0,0.01766465,0.007872499,0.4185186,0.094551526,0.20765515,0.0,0.10536334,0.0071152193,1.2671502,1.0987722,0.5775731,0.011142152,0.44172668,5.383456,0.010945973,0.395384,0.049665194,0.21806015,0.07126167,0.2291103,0.3556816,0.725384,0.53361505,0.084673725,0.64493114,0.0045004482,0.8977497,3.4322734,0.1469255,0.13922594,0.29337946,0.09102422,0.04716152,0.27593955,0.030514292,1.0971794,0.009710255,0.013298767,0.0018371493,1.2346588,0.3647889,0.050144512,0.0,0.011779019,0.20773609,3.0292757,0.49864572,0.1299776,0.5338731,0.00842272,0.5273566,1.8353684,1.9273008,0.8867712,0.00071040477,0.11068559,0.00037087227,0.0029328032,0.016557967,0.67910767,0.2914125,0.071562,0.6454211,0.4287133,0.08558843,0.1791064,0.7512548,0.8946684,0.5256118,0.1850027,0.4261072,0.37938315,0.0,0.0003868999,0.0048390334,1.6649256,0.010034771,0.05291518,0.3205322,0.6639804,0.09436951,0.09070767,0.3717442,0.2796266,0.17271723,0.29537982,0.048748046,0.0032465567,0.10373021,0.49954146,0.0,0.4245972,0.20391792,1.4353222,0.008203632,0.9677068,0.0,0.0013503776,0.5291748,0.39045048,0.0,0.15823087,0.114732,0.003191618,0.16910726,0.8100567,0.23846638,0.79811466,0.061515797,0.28799045,0.29639032,0.4378931,0.2600865,0.06768738,0.012867359,0.39198467,0.29224324,0.36302394,0.059924476,0.21396746,0.09618654,0.0008635062,0.11825756,0.023379328,0.02440608,0.7421654,0.18670288,0.2521331,0.101111196,1.236812,0.09276018,0.60199827,1.6355416,0.97118163,0.024918573,1.7308512,0.006571085,0.19444156,0.11576239,0.13896261,0.7499785,0.12535816,0.09399857,0.10067065,3.1131659,0.1622866,0.17310502,0.032816026,0.6574636,0.12391507,0.0896007,0.12955946,0.0,0.05625131,0.00065472955,0.68387693,0.5429153,0.13533278,1.2595459,2.8956037,0.055069607,0.31499434,0.006327319,0.42507038,1.3004092,0.0032136326,0.009076629,0.111884326,1.2892919,0.9203433,0.032303635,0.03561973,0.0,0.38171652,0.6597698,0.25189534,0.0,0.0,1.2940226,0.50117517,0.024192931,0.14160292,0.02047751,0.1877419,0.18546952,0.020846227,1.3245901,0.06265646,0.3215063,0.80859965,1.3827882,0.5102722,0.008775245,0.009448399,0.13240215,0.44913298,0.018603997,1.327641,0.013340971,0.37133172,1.3998662,0.0025042088,0.0,0.0,0.0,0.032345165,0.0,0.10398447,0.0,0.3056144,4.056437,0.96897084,0.0,0.20600468,1.4975802,0.2379528,0.7277439,0.023988742,0.08562381,1.8190639,0.017672837,all_pothole_images\pothole_images_optimized_image_92.jpg
0.14498517,1.3842478,1.2785496,1.9013145,0.4940721,0.01764959,1.0498474,0.35038045,0.47757122,2.3310113,2.1191514,0.4034458,1.2219119,0.7012723,0.108995795,1.1614015,0.8917799,0.16048431,0.12667885,0.13836703,0.107467026,1.142041,0.46845704,0.90880316,0.5819833,0.39185137,0.2430977,1.7146555,0.09495121,1.5747503,1.2954984,0.9182878,0.44580486,0.33660737,0.5848437,1.0745121,0.98165536,0.63866305,0.5241831,0.5832775,0.3528078,1.2080467,0.32133147,0.6455571,1.8570323,0.38709188,0.24800625,0.05637776,1.9348356,0.017105708,0.14500687,0.6353699,1.3444775,1.6897794,0.82986236,1.0702496,1.3298081,0.10160467,1.1041387,1.6208956,0.11377272,0.53631896,1.1233732,1.0667671,1.58318,0.44628754,0.45373562,1.1838173,1.850267,0.7615322,1.7362101,0.949968,0.9390898,0.6988028,1.3087224,1.8565526,0.39445546,0.08571142,0.22452915,0.8166199,1.0258436,0.4298182,0.67504835,2.2325633,0.5973197,1.2318995,0.37875295,0.12231701,3.3820882,1.1426444,0.14150113,1.2019668,0.172437,1.6270775,0.08322482,0.03532601,1.0906602,0.81261265,0.6086586,0.5011425,0.48367265,0.9478339,0.19401632,0.42040128,2.3140943,0.87617505,1.0411453,0.8985667,1.1820469,0.28119424,0.317247,0.4470594,1.8433794,0.3620632,0.3094869,0.608459,1.5622054,0.31723812,0.6318131,1.0014321,0.9857804,0.4434857,1.0414846,0.37548423,0.58466274,1.5247724,0.32901064,0.7073301,0.75502324,1.7309994,1.6722738,0.364476,0.7081071,1.0743537,4.3999653,0.46210983,0.74837416,1.5163158,0.72539425,0.056906573,0.11888546,0.7070476,1.3141212,0.28213078,0.6202877,2.3001292,0.11885064,0.1936168,0.6964025,1.3264354,1.1907003,0.9863991,1.0221412,0.47589964,1.5194026,0.04719592,0.7970886,0.17578305,0.049277797,0.23353939,0.9636221,1.452824,0.46554723,3.9579036,0.27881432,0.20862961,0.54476345,0.1569441,0.4041925,0.4305486,0.2507968,1.1684175,0.5201489,0.13022827,0.7200867,0.762262,0.9897598,0.1826572,0.062363736,0.41682434,0.52816606,0.462423,1.6139451,0.84697974,4.518901,2.014654,0.6984077,0.9305599,0.49804947,1.1767951,0.19090419,0.94877934,0.09112073,1.0787511,0.15903334,0.5327914,0.7825891,0.26946452,0.09421674,3.1918645,2.088681,1.2445494,0.17364833,0.06680469,2.4629006,0.8452785,0.062449425,0.48728612,2.624687,0.6278881,0.45518377,1.0598421,2.3202136,0.88907754,1.1366113,1.8354523,0.9385009,1.0440176,1.9405396,0.060470533,0.76595366,0.70350903,0.52096564,0.14154573,0.28195393,1.0964456,0.91230524,0.28111443,1.2931216,0.8554767,0.08570951,0.66302663,0.68917704,1.7857306,0.17127733,2.6315644,0.23904586,0.0067262696,0.04982405,1.5573115,0.7968163,0.84088117,1.5145506,1.044986,0.26096722,0.19369406,0.59060216,0.90710706,1.3717285,3.1686618,0.07235599,0.5677454,1.0006499,0.7651017,0.63487196,0.08003465,1.1682917,0.43628582,0.2132311,1.4825165,0.047007967,0.7777753,1.0611271,0.27323005,0.7788287,1.0767497,0.0015608189,1.2542744,1.8219444,0.24784416,0.95237637,0.296054,1.3717262,0.49801257,0.24146025,0.6530561,0.308467,1.0459576,0.08615479,0.5866494,0.05279248,0.39833948,0.2214688,1.0560287,1.1664454,0.6408246,1.6733578,1.5325025,1.7060553,1.7067037,0.35816732,0.17290941,0.14811163,1.6251035,2.0951207,0.6709288,0.6744158,1.1747003,0.26116312,0.6689678,0.49052,1.3872631,0.25184032,0.7078346,4.4748693,1.6192343,0.5966254,0.6017998,0.64914525,0.26054958,0.17107505,0.8007428,5.9233665,1.1791998,0.057906188,1.2872891,0.5708413,0.7490364,0.48374498,1.4174008,2.08517,0.6070849,0.31342894,0.3670071,1.1583995,1.8926221,0.9866379,0.13891442,1.3771017,0.6550548,3.911892,0.07984163,0.609029,0.019685352,0.79286176,0.6549947,0.34352538,0.033165455,2.8952224,0.02504775,4.1550636,0.78579634,1.2906791,0.5335762,0.96187234,0.6080492,0.9129636,0.43448567,0.4107465,1.8673983,0.11706751,1.413151,0.45469883,1.2538414,1.4792495,0.092587896,0.17129694,0.05799143,1.075203,1.6170379,0.7772589,0.051761072,0.42747426,1.4913448,0.73239493,0.45977873,0.4627142,0.6027992,0.10480799,1.6592903,0.6817686,0.5642927,0.50962013,0.4793866,0.483098,0.9157883,0.24472326,0.006569231,0.8901058,0.8045861,0.10008958,0.46617487,0.9927902,0.9233744,2.3931568,0.5691219,1.4972773,4.70785,0.34111112,3.2755232,1.1034163,0.27769005,0.48115897,0.4449365,0.35894,4.2805467,0.69843674,1.3601106,0.71760917,0.06804331,3.1646411,1.4561859,0.947663,0.35594448,0.10346885,0.73207754,1.1375526,0.6488579,0.2976265,0.9676113,0.9402129,0.13078512,1.3003619,0.4654297,0.95276576,1.2558894,1.5174984,0.17641912,0.14378496,0.60672224,0.4956213,0.3755177,1.0849843,0.31569687,1.0742779,0.08412254,1.5970303,0.3609607,0.7240934,0.5929721,1.1476245,0.65087914,1.3484284,0.29828617,0.18749861,3.2318277,1.6684296,0.77307767,0.5471466,0.2674557,0.9210075,2.3675272,0.70374656,0.56179404,0.15899651,0.29543445,1.757693,0.57001513,1.3478742,1.0430652,0.8107885,0.5140789,2.0630066,1.3638474,0.5382078,0.6777136,0.722695,1.0861268,1.5337611,0.02239363,0.4880827,0.20027526,0.8102951,1.5986594,1.762135,0.996196,0.19221166,0.14334844,0.6524603,2.7404764,1.7826047,0.26855642,1.3830247,0.032765236,0.7941861,1.129041,1.4168402,0.059599847,0.619203,0.13044089,0.823485,2.386375,3.7020104,0.4330471,0.012720713,0.3937681,0.45053878,0.74456495,0.16873924,0.6555677,2.251197,1.4829422,0.54148203,0.25790852,0.5100891,0.8125792,0.27962252,0.89972734,0.82811236,1.7393407,0.06793524,1.9972006,0.83591264,1.4031612,1.5699811,0.4830489,0.19122633,2.1731668,2.9033806,0.3258143,1.7836447,1.1643935,all_pothole_images\pothole_images_optimized_image_93.jpg
0.023251751,2.147222,1.4262391,1.4292455,0.5325696,0.4471444,0.76032746,0.0029802972,0.4439858,0.87656707,0.4913942,0.13689384,0.1976635,0.010277962,0.0,0.87234825,0.052639678,0.11363117,0.24926703,0.35956222,0.046691798,1.9722455,0.3602291,0.24562515,0.73999673,0.116383485,0.22879292,1.1723689,0.08411892,0.46986622,0.19222096,0.0,0.2118439,0.004059215,0.93891907,0.19246167,0.91580796,0.96008235,0.3669943,0.9795197,0.010157361,0.08163876,0.7464959,0.885492,1.2345,0.553343,0.315242,0.19547229,0.0046884017,0.62530947,0.24660577,1.473973,0.35782155,0.50247866,0.12938873,1.4729406,1.881636,0.54778606,0.16043594,0.018450812,0.008791407,0.6672041,0.7159473,0.025259996,0.7339545,1.626426,0.31012914,0.115500405,0.6468018,0.2635077,0.7695699,0.027528351,0.7474393,0.17077547,1.0762395,1.5934703,0.18057299,0.5038126,0.0,1.1563059,0.48265576,0.08317405,0.06561938,2.655814,1.1622703,0.85859346,0.20558509,0.3358734,4.793286,1.0928094,0.10205049,0.26743057,0.09880094,0.20088756,0.23029786,0.21538787,0.6774228,2.4876673,1.1494519,0.16159174,0.45865318,1.937148,0.21749566,0.23055229,0.1034883,0.27429435,1.4788834,0.037667602,0.023028651,0.19926795,0.18472849,0.8286051,0.06586696,0.1071166,0.15596747,0.6053585,1.280531,0.25884143,1.3743107,0.250348,0.90438795,0.07955686,0.1788299,0.8991616,0.42453408,2.1515775,0.5116592,0.9495708,0.23453315,0.9333091,0.6959585,0.062698714,0.20159686,0.040996168,0.17639263,0.35451588,0.35820854,0.8579924,0.71406716,0.18029489,0.6661949,1.2580502,0.14373022,0.18313181,0.39368725,0.50738317,0.21114047,5.288212e-05,0.0,2.5681896,0.85066324,0.57319057,0.24597701,0.2780139,0.49261862,0.20680778,0.951984,0.0,0.43742666,0.77009934,1.191495,0.7689852,0.4720402,2.4075725,0.06890746,0.005335339,2.8738976,0.051329352,1.1504208,0.7728411,0.2864146,0.0027467136,0.061605413,0.267812,1.2130967,0.12675513,0.43720388,0.5158489,0.051150702,0.8024481,0.38271183,0.6744659,0.5591666,1.3750682,2.4286425,0.4286784,0.5283804,0.7914553,0.05832666,1.2717997,0.0,1.463772,0.27757245,1.6865847,0.0397514,0.15551098,0.41290507,0.8198962,0.56279004,0.72106814,0.57583106,0.047004428,0.05802308,0.34458104,0.5608321,1.4848745,0.1530438,0.46659726,1.3272898,0.26603532,0.12502354,1.1144253,0.60646516,0.6802076,1.6425076,0.97164965,0.54053086,0.0,0.60049486,0.7176025,1.0551397,0.22957171,0.06357341,0.5093419,0.61048514,0.79985046,0.122042656,0.8283081,2.5547333,0.40081653,0.007627237,0.706039,0.22672974,0.22711773,0.022509107,0.4942629,1.9991355,0.017800977,0.0018822225,0.035600822,0.6203018,0.13897528,0.17797999,0.26672864,0.3253874,0.0,0.0957461,0.42890853,0.28919193,3.093808,0.29671586,0.016378636,0.57713526,0.33480698,0.38216552,0.013129592,0.86834764,0.04414355,1.0379665,1.5487742,0.24109523,0.15782382,0.9048261,0.0,0.56141853,0.29162925,0.32385164,0.6018583,0.7535744,0.19010648,0.6562716,0.38556084,0.16396576,0.37563318,0.25275186,2.5024707,0.9743132,0.03230243,0.17711525,0.93649215,0.29289955,0.40358087,0.031293917,0.583492,1.2776979,0.65793866,0.50915676,0.18776095,0.2596115,0.4211207,0.105148196,0.6724949,0.16331382,0.91670674,0.9649334,0.417377,0.37163076,0.48415336,0.5972367,1.518536,0.68512434,0.48666248,0.3139217,0.6005514,3.661892,0.09274769,0.029753502,0.047393177,1.1721153,0.87151444,0.0,0.050196253,6.5815887,1.0564097,0.27449048,0.65519917,0.28229478,0.69980145,1.1562092,0.068169355,0.8054705,0.20391275,0.024002539,0.14225909,0.5611111,0.93488324,1.0093127,0.042558067,1.0270848,0.05326886,4.717582,0.070027545,0.19400829,0.051639453,0.4214825,0.037413254,0.3059794,0.222349,0.85088277,0.22702532,0.25954664,0.15600443,1.5292639,0.21843386,0.4083426,0.12385336,0.16387877,0.004685374,0.2004224,0.78189266,0.04543449,0.7141314,0.1921152,0.052086025,0.0019239298,0.0,0.39730257,1.8900493,0.2519647,0.95645547,0.03203516,0.047662385,1.6884553,0.42970428,0.15243478,0.38490897,0.5960189,0.21720807,0.65382814,0.44488487,1.4793184,0.4845337,0.20247675,0.18468845,1.0682043,0.9998686,0.013280039,0.7596873,0.09145721,0.04367218,0.056998465,0.020059038,2.1370997,0.83782643,2.1596873,2.2736127,1.4814086,0.00335056,0.15160096,2.7083964,1.3619034,1.0699924,0.3942419,0.19186658,0.031088503,0.0,0.5048584,0.37898827,0.16762517,0.36192143,2.618504,0.327967,0.0,0.9075481,1.4534216,0.01167706,0.39125893,0.46875313,0.5129337,0.038766358,1.6943481,0.2156056,0.3240976,0.28727964,0.03297688,0.25432298,1.7181739,0.25062734,0.02593817,0.017524056,0.6741826,0.0078548705,0.6561385,0.26365668,1.167459,0.2332164,0.39291126,0.7355531,0.57692116,0.099127844,2.8456738,0.0,0.651992,0.8419566,0.3557255,3.308055,0.7977074,0.29709852,0.28594086,0.105287395,0.5381393,0.14921272,0.07657397,0.75881636,0.1602811,0.0,3.0403385,1.949214,0.17318422,1.4021521,2.5049667,0.428818,2.0330923,0.25463277,0.80674905,1.146105,0.071029045,1.0212548,0.09826152,1.4518417,1.141311,0.15821682,0.2369109,0.033123538,0.39287847,1.2398347,0.31308642,0.14671525,0.8346459,0.45793957,1.1538665,0.108523905,0.18354212,0.17701091,0.34027663,0.25223252,0.052484766,0.33436584,0.3752514,0.42226323,1.1859272,2.5435083,0.16944897,0.08107974,0.0,0.01598297,0.28940052,0.2401759,0.12107064,0.27258447,1.2792711,1.5476148,0.17697236,0.049581755,0.04339432,0.4187334,0.0052265646,0.10075841,0.2583528,0.014014763,0.27053446,5.909212,0.3194243,0.7312037,0.92322135,0.6799083,0.008495061,0.80246615,1.1066827,0.08626474,0.12536167,0.36152622,all_pothole_images\pothole_images_optimized_image_94.jpg
0.1090082,2.511799,0.7655038,0.19235963,0.2084488,0.21340543,0.21058573,0.62915784,0.081181414,1.1371197,2.124777,0.24595903,2.0521216,0.65201616,0.5830668,0.3011823,2.6561356,0.4653936,0.05855345,0.6033574,0.4653964,2.0213797,0.113511115,0.8474661,0.42284158,1.0885627,0.8899391,0.9457118,0.66141844,2.0479708,0.446684,0.69421744,1.1054318,0.6075448,1.260887,0.63279456,0.50468445,0.82474494,0.37057662,0.23770659,0.25425312,0.09851361,0.22664881,0.0817299,1.6453687,0.11223106,0.10166051,0.0,0.9670675,0.6258501,1.4286698,0.65794945,1.1969554,0.47825432,0.5050561,1.0470552,1.632486,0.5698636,2.1355908,0.74500144,0.06957948,0.60453796,0.5597108,0.40237504,0.4171112,1.99945,0.035331678,1.2861954,2.955435,0.16400853,0.06654164,0.5622379,0.2518861,0.56231284,0.5245257,1.9349841,0.6735276,0.9292817,0.44538784,0.80715847,0.48773715,1.0009557,0.11229399,0.36152533,0.053273298,0.60563517,1.2863497,1.5312694,3.5398815,0.07488892,0.11216579,0.3457489,0.43687594,2.521466,0.3682461,0.7052866,0.24288832,0.3359487,0.082099445,1.2669754,0.07561801,1.7406037,0.011533675,0.3506109,0.46287408,1.955399,0.37308306,0.084342174,0.6047763,0.5980448,0.213726,2.0407665,0.7075791,1.298267,0.5123987,1.8242131,3.1351242,2.4905643,0.31303042,0.20018399,1.0948582,3.3458643,1.1320909,0.2857859,0.30605084,0.5074231,0.03475149,0.87469894,0.18923098,0.019873274,2.9592245,0.760523,1.3520917,0.97359174,1.0859326,0.140902,0.5500582,0.23369369,2.2210107,0.07478401,0.7768242,1.6173936,0.81065536,1.1100911,0.3669992,0.5895026,1.3988622,0.042874083,1.8136734,1.1456205,0.5098345,0.5840311,0.9809855,0.014557042,1.4879054,1.1216799,1.1306882,1.8668493,0.0030280086,0.08213765,1.8557953,0.13797344,0.17138539,5.758865,0.096918695,0.16725492,1.0850202,0.08440126,1.9728651,0.06342661,1.5635055,1.359166,1.3472704,0.9557356,1.4575835,0.9173027,0.9112937,0.6269331,0.32641336,0.9677049,1.3730758,1.6943208,2.947995,0.69207436,1.2388694,0.15807083,0.76462144,1.2709519,0.23841327,1.2886091,1.9361603,3.1043625,0.52669,3.1755514,0.13608965,0.12982596,0.48048183,0.45858032,0.0,2.0968742,0.25424966,0.13328701,0.9344954,0.55088377,1.5843132,1.6414571,1.4332687,0.32951722,0.26298633,0.8230307,0.0650508,1.5857581,1.4981537,0.65574974,0.5751612,0.23165843,0.5174207,0.3623907,1.1815745,0.32935128,0.07535677,0.41123167,0.62816924,0.5800337,2.2551885,1.1475769,0.9225066,0.6959417,1.0610802,0.033133928,0.9050129,1.4756893,0.68885684,1.0761786,1.3204874,0.43370482,0.061543696,0.06380553,0.48476672,0.47855395,0.0748871,0.2646684,1.5597752,0.5261151,0.42352822,0.18543476,1.545199,0.15438826,0.2638144,0.6428346,0.42441994,0.10259016,2.154271,0.21457267,0.1641769,0.10065296,0.5231788,1.267631,1.3048276,0.20001687,1.1116109,3.014129,0.65842265,0.76975256,1.330739,2.2136075,0.091303,1.4491726,0.6882571,0.7006092,0.8989459,0.54399544,0.069021255,0.08034956,0.2814728,0.1960438,0.55405104,0.8261297,2.1535594,0.3211526,0.51849335,0.1765875,0.39951062,0.593612,1.1437428,0.069477536,1.0954494,1.3215709,1.6655737,0.7833845,0.14971541,0.15754083,0.62354136,0.05608106,0.60806143,0.2637588,1.4083335,0.68806773,1.1687604,0.4940078,0.22350822,1.4824347,1.4145204,0.5118231,1.1095613,0.013288275,0.013409738,0.5078022,0.34332252,0.14480169,0.73797375,0.8539554,1.0673358,0.978109,0.22577709,0.15937315,0.527212,0.19910972,0.6538362,1.9460502,0.5583393,1.4467769,0.09328967,0.89773566,0.92477864,2.0466697,0.6037219,1.9630738,0.48296776,1.4434154,2.336494,1.2587748,1.5453391,0.16600993,0.40393057,0.4238274,0.20388073,0.24755882,1.0814589,0.06405758,0.27739674,1.8045181,0.4054306,0.43248215,0.090237886,0.4963983,0.27750105,0.11314537,0.6726177,0.3668958,0.047639575,0.39869377,0.20513274,0.21930309,1.0821828,0.1782649,0.3158763,0.30089092,0.29633608,0.4201002,0.4384983,0.45814466,0.725086,1.8353449,0.37801445,0.10200788,1.0029583,0.81628907,0.12796734,0.7639009,1.8229092,2.5123947,2.4522545,0.0968574,1.9584342,0.21230787,0.06829808,0.25756752,0.15235321,1.1020197,0.367947,0.6827064,0.096451245,3.1255965,1.0255469,0.33318907,0.8179557,2.1192021,0.92207295,0.40330282,1.6906565,0.4351601,0.35335034,0.37247038,0.009958662,1.0726016,0.72156453,2.7601473,1.8676246,0.71868676,1.5145838,0.68401587,0.11904581,0.8908254,0.3329482,0.48153216,0.31150118,0.8505763,0.35105744,0.8301242,1.2714205,1.413471,0.36699903,0.7117485,0.35775992,0.07751992,0.9431591,2.4396203,0.28549486,0.05482129,0.44462892,0.61618435,0.98257804,0.78596526,1.0177506,0.96204156,0.1917138,2.4278529,0.2510566,0.8299951,0.09029282,1.3417807,0.45321238,0.2879044,0.0845384,3.55765,0.7995673,0.565378,0.18050346,1.8097476,1.7492172,0.49133503,0.44774985,0.3775571,0.07813419,2.5331032,0.7812544,0.91373503,1.3204529,0.885982,0.42318898,0.38751352,0.34506193,0.015111027,0.67463255,0.18664894,0.2693305,0.076203786,0.9447485,0.56873524,0.33392805,0.6619815,0.15920343,1.307659,0.20536496,0.16023842,1.4086207,0.30762213,1.1535115,1.2874937,0.4973863,1.2234274,0.9087856,0.21487096,0.025630463,0.81151634,0.045690987,0.11774051,0.046115097,0.19860074,0.7257611,3.1126091,0.6798178,1.3031307,0.26171637,0.29727247,1.022463,0.03281854,0.2145015,0.0028001282,1.2636844,0.5027097,0.004634722,0.41771635,0.26715118,0.0007494457,0.29477096,0.7258649,0.18072447,0.27910614,0.8387002,0.39996213,0.61273575,1.6038976,0.14041688,0.55405337,0.0,1.8295163,0.40689734,0.6414452,0.56338906,0.05928742,all_pothole_images\pothole_images_optimized_image_95.jpg
0.03331798,0.5967771,0.82732,1.7795935,0.7254134,0.043483354,1.5623994,0.18836345,0.17262778,1.0261177,0.24945559,0.69028383,0.0037341528,1.0815024,0.11952014,0.0058982144,0.18261135,0.36657217,3.0980644,1.1800324,0.50177974,4.160168,1.4869634,0.56120634,0.6998305,0.87314075,0.289864,0.42099044,0.005320954,0.16373432,0.5096088,0.16313171,0.6131998,0.0026768628,1.2586147,1.2730496,1.3323504,1.1825991,0.42266667,1.3782924,0.025087891,1.6045496,0.4672759,0.36613402,0.009732952,0.7622567,0.3042841,0.044940606,0.2250852,0.33892635,0.6714719,0.4437479,0.3379458,1.3989801,1.2653387,0.93563265,1.5768399,0.23302828,0.8691055,1.1806467,1.2341123,1.500177,0.45944214,0.29566425,1.4035772,4.1855087,1.2925223,0.16888657,2.5156357,1.5843837,0.029984549,0.34019968,0.0,0.07626563,0.66838807,1.9226209,0.853304,0.21597958,0.24562079,0.50219053,0.17081967,0.06118857,0.08948946,1.826168,0.35668093,0.047760166,0.39568263,1.1306129,1.7260602,1.3302801,0.09365176,1.8037732,0.01641999,0.3405427,0.16305733,0.45026723,0.825538,1.4831738,1.6242584,0.28481045,0.067360446,3.2317312,0.6112194,0.9579716,0.6118334,1.1038408,0.14713182,0.21990414,0.0,2.0570588,0.040664617,2.8659499,0.7858244,0.44927147,1.2019632,0.028606223,3.1745994,0.21727963,1.7329913,0.28630286,1.1684787,1.009513,0.9570183,1.0333068,0.6786665,0.48655093,0.1541787,0.04404564,0.31340462,0.38712582,2.1169791,0.62663436,1.0658942,0.2755363,0.418154,1.3294485,0.030109059,0.2692422,0.3112389,0.14626212,0.7127659,0.7620911,0.8818733,1.3880061,0.0,0.27079284,0.90721804,0.51287514,1.4983383,0.23918438,0.4326683,0.26224113,0.0,0.07361614,2.088253,0.47510964,0.28990656,0.22965533,0.70729405,0.16787504,1.1811494,0.19074608,0.0,3.6203055,0.49076608,0.96339786,0.92789626,1.5203667,0.64268756,0.38183507,0.6646554,0.03731048,0.18521717,0.0,0.38624752,0.032495137,0.18125683,0.07918512,0.33936653,0.4767787,0.35585696,2.8638916,1.3883119,1.346127,1.3098278,0.6464579,0.863806,1.5024968,0.99537784,0.97170794,1.7579947,0.526293,0.031249575,1.8559296,0.04473652,0.07508446,0.22141986,1.6479065,0.17193942,0.8227305,0.2271629,0.4392666,0.70631796,0.49442965,2.1450613,0.16185528,0.3913137,1.1949289,1.6850009,0.17895406,0.024076307,0.16515353,1.5305203,1.100432,0.8336467,0.18486677,0.37068167,0.3031705,0.49654877,0.18611762,0.7453866,1.5545934,1.0778502,0.39539254,0.22018063,0.83367306,2.0370579,0.114099324,0.3345286,0.105233304,0.43465927,1.1760656,0.38374627,0.3126628,0.7305252,0.1696475,0.13465928,0.18426463,0.09850478,0.4469612,0.8076539,0.0027812347,0.119086124,0.06821849,0.75720763,0.44898915,0.4410976,0.3389327,1.1618698,3.3023195,4.301678,0.030287974,0.69544804,0.39301687,0.08374806,0.7613589,1.1748805,0.61870563,0.5772611,1.6965766,0.458148,0.0310071,0.6828217,1.1086813,0.2544169,0.7682244,0.011658064,0.37219343,0.8935291,0.6116957,0.66315114,0.35600713,0.0016415025,0.82220507,1.0128872,0.41429242,0.18912919,0.15845838,1.5067629,0.51046926,0.17173031,0.05090914,0.24483885,0.2959385,1.7984186,0.06464812,1.8390727,0.5534032,1.377582,0.5457737,0.34657434,0.020610806,0.35579845,0.34700075,0.048178148,0.23885648,0.8631165,1.7421314,0.031718735,0.6798024,0.0293956,0.62024003,0.69699377,0.40203062,1.9189354,0.62151855,0.11660593,0.57726085,0.1599677,0.92304623,2.9841852,0.43360534,2.1599479,0.98866844,0.40209508,1.1516466,0.073547535,1.1444199,1.8788259,0.31387576,0.85839564,0.96833813,0.04991964,0.72800493,1.2274531,0.8923637,0.14068002,0.037194356,0.8054495,0.008449092,0.6360612,0.9912847,1.124443,0.44755396,1.6206764,0.6641224,1.0717831,1.0079851,0.0541638,0.44139722,1.0848713,2.203805,0.82854944,0.13950133,0.30767065,0.76018375,0.77451515,0.2499117,0.3165605,1.3800267,0.31350496,0.0,2.576817,1.7360384,0.020204281,1.5536934,0.09248956,1.8438934,0.18687169,0.9466067,0.82889354,0.5331998,0.003569214,1.3239431,0.6515933,0.025022741,3.199454,0.01957677,0.0141474325,0.25817716,2.204645,0.6208634,0.3603559,0.8155337,1.7556033,0.27781516,0.035004005,0.5750998,0.5536201,0.26445135,0.74337536,0.00033510092,1.0978599,0.3043769,3.6110427,0.7897334,2.058425,0.46266243,1.9042376,1.6393547,1.0707523,0.08741116,0.19563434,1.4969307,0.353966,0.6395917,2.855161,0.4754629,0.5839685,0.015440636,4.859977,0.70909506,0.0,1.6969737,0.78720725,0.022883387,0.7414564,1.3216097,0.010117271,0.21599326,0.7524392,0.24380875,1.059117,1.08584,0.0,0.48145908,0.057277523,0.8568472,0.2121727,0.02672098,3.1279445,0.0,3.2588892,1.9783543,1.0515256,0.38661397,0.13233559,0.46103826,1.0818956,0.065839365,0.06474973,0.4522371,0.62586004,2.3047738,0.1952012,4.138909,1.1160215,1.3744069,0.7336244,0.39054093,0.36335653,0.26319915,0.1248768,0.59463626,1.1418911,0.011588133,2.0209813,0.20671095,0.15098587,0.2825256,0.076953694,0.85268354,0.27633289,1.1709472,0.37571856,2.9605207,1.054647,0.029762682,0.39931402,0.48324585,0.15027891,0.5659983,0.056339428,0.38065138,0.110563785,1.5036029,0.07672548,0.95932114,0.057900738,0.4235572,1.5444233,1.428878,0.6811471,0.26363537,0.39977178,0.9759126,0.08320787,0.5776154,0.17446499,0.9436907,1.7347003,4.1023016,1.7797432,0.30082235,0.024768401,1.1954464,1.906776,0.17152342,1.5717297,0.6887818,1.3839561,1.5377709,0.032991726,0.19687197,0.09068562,0.34880695,0.5165612,0.021466972,0.23735978,0.42340302,0.6789881,3.990786,0.22072038,0.5423216,0.5616038,0.36148137,0.22740582,0.84491044,1.5793046,0.41175765,0.104608595,0.40930486,all_pothole_images\pothole_images_optimized_image_96.jpg
0.42414528,1.2048727,0.032258693,2.6190667,3.0168724,0.6982366,0.05708812,0.020495437,0.26843458,0.7752175,0.33464855,0.5640131,0.018440409,1.5036081,0.5987329,0.06703866,0.48158178,0.15771306,0.7170921,0.43280843,2.2479029,1.1250124,0.5467079,0.8116308,1.9337975,0.2765239,0.80267066,2.917102,0.6814743,0.09079206,0.518449,0.11599367,1.0570527,0.57028055,0.14817032,0.92757505,0.77160287,0.5109006,0.14639685,0.6043935,0.011217395,0.10990383,0.09523672,1.7218671,0.5065705,0.21787588,0.08855614,0.1278104,0.39810166,0.37829006,0.43669587,0.5559755,0.021165557,0.0355106,0.22835694,2.1781497,2.000411,0.39687386,0.059373546,0.13534285,0.47993267,0.30203947,0.42340088,0.20926565,0.23921219,1.1875187,0.10036784,0.0,0.16617401,0.12991665,0.2657468,0.1842097,0.40555432,0.5973723,0.37601215,0.5054639,0.026916694,1.476387,0.0,0.41755733,0.21092975,0.23610649,0.24303985,1.3774247,0.10972758,0.21104763,0.059819777,0.02363493,2.9979289,0.2961315,0.4368938,0.001780811,0.17834747,0.15721709,0.2514655,0.14071485,0.7547461,0.07934718,0.47938272,1.825228,0.018895024,5.465053,0.29993826,0.13569643,0.8673421,0.037704073,0.63209796,0.9214077,0.44460922,0.6498528,0.006675764,1.9073114,0.8910905,0.2644713,0.5310633,0.4705324,1.352346,0.5838859,0.6703875,1.0012358,2.2523205,0.23568112,0.3824604,1.2150662,0.61787236,1.8550386,0.74438334,1.3612134,2.6781478,0.025143774,0.4867465,0.0,0.02377336,0.34727785,0.41690528,1.584548,0.48956418,1.1287038,0.07135658,0.034441955,0.46758437,0.40956908,0.3414929,0.64252555,0.4206186,0.75678366,0.12191939,1.1595819,0.14321172,0.06620873,1.071776,0.8856861,0.17613995,0.63658804,0.77653515,1.137356,0.29501906,0.08598583,1.0277592,1.9821148,2.8083608,1.1329652,0.28066024,1.4909742,0.07875586,1.3504845,0.6206159,1.0432795,2.5692089,1.3441132,0.008280512,0.033726595,0.14515541,1.097524,0.048935317,0.074275844,0.7369615,0.045795616,0.02194748,0.32936725,0.13460903,3.2218153,1.2028248,1.2598146,1.7149471,1.3556012,0.07386374,1.27185,0.08244369,0.6149308,0.006286171,0.115165085,0.30232254,1.2872213,1.3552063,0.5213725,1.254973,0.08721215,0.7181758,0.35425743,0.77467495,1.133831,0.4302997,0.2442991,0.2049097,0.11392404,0.26171964,0.5176334,0.9479989,0.11640093,0.05139071,0.015450416,0.4764711,0.7172096,2.266607,1.9044156,0.8907145,0.019326085,1.2480061,0.4389243,1.5368962,0.0023187557,0.4501853,0.032744836,0.06009449,1.2731407,1.3428825,0.83165425,1.0847946,0.33386678,0.34817433,0.5049099,0.36602387,0.33182222,0.01840741,0.0011016377,3.5393279,0.51222265,0.08030691,0.035519853,0.031350628,0.08688547,0.67229396,0.10176639,0.836048,0.031649943,0.18955497,0.26045242,0.6028348,3.707416,0.8302149,0.35789773,0.62169987,0.16089639,0.36848542,0.010165107,0.030316249,0.8802475,0.72880995,3.598254,0.22298643,0.44885463,1.1459434,0.015796851,0.073430665,0.39777133,0.6265851,0.090308554,2.1312068,0.90529215,0.26709512,0.0,1.6287869,0.18360363,0.29058537,0.48340866,0.14465038,0.75053763,0.5359477,0.6456221,0.7972987,0.39040428,0.28369704,0.24924396,0.544704,0.8223882,0.62529755,0.32952118,0.19841683,0.38427326,0.23999497,0.08607338,0.38840178,1.3587393,0.12908813,0.58546585,0.3516024,0.5123019,0.034804508,2.3907306,0.8398652,0.018711686,0.16627389,0.6939761,2.6907225,0.116297446,0.9238488,0.025638985,0.46303052,0.30812752,1.1186454,2.5073597,1.6398119,2.5268018,1.1873621,0.5869667,0.022812327,1.751008,2.6186264,0.1573854,0.037234653,0.58508503,0.35391146,0.28762385,0.5667025,1.5532583,0.27403682,0.15738115,0.05925406,0.004826719,0.816134,0.47698486,0.18662024,0.14284347,0.022071663,0.34806356,0.33251864,0.13984689,0.47347203,1.7614523,0.024057439,0.67971677,2.5409184,0.16482551,1.3415413,0.047622558,0.06547505,0.81898224,0.54167634,0.12059489,0.540193,0.15950672,0.15609808,0.89547247,0.0,0.00090756494,0.56004524,0.94661725,0.68995386,1.2302839,0.1946463,0.9469341,1.7625865,0.2887217,0.3852443,0.11696461,1.1697541,0.20385201,0.88756907,0.17125826,0.9844033,0.003081899,0.13691823,0.47934544,0.7307439,0.4671898,0.6350725,0.47602305,1.0965195,0.3691904,0.65686285,0.04255569,0.42123863,0.60214746,1.618775,0.9864175,0.5367512,0.0,0.11198856,1.1502324,0.07518414,0.15965793,0.10291487,0.05842775,0.13141873,0.12409646,2.7023602,0.15431888,0.45300066,0.80933315,0.91774553,0.8573499,0.3725304,0.2903577,0.37945646,0.32433078,0.88383436,0.008014355,0.53754437,0.020867394,0.71112096,0.12746413,0.11395503,0.10576215,0.0,1.1695914,1.6736203,0.80144346,0.24190633,0.0,2.2864819,0.27913386,1.1680613,2.1516097,2.8071656,0.7492491,1.1831189,0.7718809,1.0226903,1.5361153,0.5655879,0.2673906,1.6896611,0.24439417,2.1768548,3.5164282,0.48632985,0.26206103,0.4391889,0.18280312,1.80014,0.15216509,0.062378857,0.10151775,0.09045022,0.03304707,1.5186728,1.1247356,0.02428093,1.6711838,0.9126547,0.115619615,0.16488056,0.39045218,1.2123613,1.6881349,0.74765444,0.022069557,0.3015102,1.8883876,1.3367548,0.22491309,1.3165286,0.019495416,1.0116687,0.06297151,0.12932725,0.0039079026,0.96208405,1.2374147,1.8021419,0.45373562,0.09734364,0.4405836,1.7458838,0.7645678,0.47670949,1.8645849,1.4523094,0.17866977,0.61772496,2.748384,0.0054514487,0.038042665,0.10020289,0.0,0.92984223,0.0613888,0.73294026,0.032121938,0.42407724,1.9746573,0.009320623,0.029647203,0.16109402,0.0014757039,0.29600742,0.0020338914,0.11744423,0.15663429,0.7351172,4.3860836,1.5363679,0.97554904,0.6643196,1.1080973,0.1991784,0.93941927,0.015993536,0.39312494,0.5997954,0.1826179,all_pothole_images\pothole_images_optimized_image_97.jpg
0.41797715,0.657133,0.072675556,1.735675,1.4355687,0.4509837,0.8290935,0.054744773,0.53583026,0.5891137,0.13460477,0.40654412,0.8417841,1.0217757,0.011576943,0.16037242,0.13464417,2.0728498,0.62636733,0.32387,0.18008049,0.7844307,0.41683802,0.7796763,1.455469,0.37422383,0.32355332,0.8276779,0.0012706306,0.13998368,0.64003015,0.466464,1.452673,0.6290116,0.61180085,1.2350392,0.16019018,1.446129,0.07105169,0.27403143,0.0,0.16149905,0.3354988,1.9477315,0.019593198,0.57256526,0.095533155,0.0,0.7418521,2.544029,0.31703797,0.16386403,0.32274833,0.033798616,0.6682404,1.9405657,1.7837088,0.20678921,0.26078764,0.05754432,0.9046886,0.32736045,0.6971069,0.04825274,1.157703,2.826878,0.17529774,0.02374332,0.16309534,0.08246485,0.017796408,0.036736753,0.016755732,1.0714276,0.43002656,0.07736268,0.012150929,0.19780636,0.44675788,0.2098547,0.30147773,0.059742708,0.3855041,0.38518536,1.0283432,0.19267476,0.34408697,0.43943933,1.0617701,0.0010736583,0.8353082,0.13621584,0.08529747,0.13665093,0.004152577,0.0,1.207325,0.8550513,0.95915204,0.4357057,0.01077198,3.3027396,0.7637021,0.238211,0.52092546,1.5303495,0.4047023,0.56825364,0.010023866,0.4637402,0.10340601,2.138442,0.22400877,0.98323447,1.0370824,0.1590418,2.5502558,0.79567283,3.3410401,1.5025276,1.836909,0.06345037,0.34241208,2.0019097,0.34813392,0.36906078,0.46365067,2.3641121,1.4084398,0.0,0.25032082,0.014856549,0.2610511,0.25122055,0.0148950275,0.49023452,0.26626852,1.2818092,0.27397972,0.20728798,0.38282612,0.0,0.02869132,0.51829207,0.6523407,1.0814948,0.6955093,0.3594076,0.074346095,0.10077162,0.06468371,0.5203384,0.00626778,0.09271954,1.7786827,0.94721234,0.83424705,0.11046174,1.3493291,0.27217907,2.0776503,1.1924107,0.0,5.436056,0.23524234,0.39677843,0.47950822,0.5668624,1.4238383,0.893616,0.48178074,0.03311852,0.014189761,0.35218826,0.9938515,0.12559378,0.028378673,0.32902786,0.104369804,0.11964307,0.0,3.7692585,2.406062,0.80941087,0.8343329,0.3293081,0.5567377,0.32258508,0.74443877,0.22382326,0.068698086,0.053096186,0.34910232,2.133528,0.4406346,1.360255,1.3209729,0.8647805,0.031590067,0.69519025,0.3677431,0.8609228,1.3338081,0.8373759,2.3837726,0.24209407,0.619334,0.82112277,0.4266308,0.5939742,0.060774263,0.021163864,0.3635163,0.5473469,0.97971404,0.7233991,0.5095363,0.19197993,1.2997,0.095186196,0.0007719586,0.55722815,0.20851749,0.06752257,0.01332581,1.3072581,1.8756843,0.5235387,0.14577402,0.03717799,0.13084131,0.22147286,1.0590088,0.5381828,0.04901281,0.50662214,1.3960963,0.19448052,0.08979886,0.27050215,0.06741661,0.045408286,0.14494531,0.16708541,0.2770151,0.047581594,0.10368368,0.9038727,0.83525676,1.8199687,2.3396008,0.21104692,1.2507786,0.12524906,0.33132342,1.4575388,0.27843124,0.4125392,0.05337208,1.1397594,0.3179225,0.06717219,0.061079074,2.1322534,1.3044906,0.9791512,0.17037022,0.15134436,0.44048995,0.64418477,0.008436552,0.35635063,0.2888533,0.3818625,0.32363713,1.2121414,0.6782102,0.5576705,0.2375837,1.1568574,0.2602921,0.598339,0.11705568,0.0028021657,0.79767936,0.26777336,0.6078861,0.5535984,0.01141564,0.1293756,0.6391861,0.0032090202,0.5745435,0.78811395,0.1771628,0.1613829,0.20100094,1.3451105,0.60415196,0.0,0.5619774,0.19066429,0.097941115,0.44218108,2.9391453,0.07762547,0.079273686,0.21006002,0.022574568,1.3823718,1.4435205,1.749089,1.5311946,1.1543485,0.023673149,0.7200053,0.19405073,0.16718435,3.133439,0.06467262,0.936495,0.0,0.26884344,0.00061864936,0.8825198,0.25165263,0.14682737,0.0,0.18775567,0.04475767,0.66114706,0.89153737,0.0024437418,0.028575644,0.002930972,0.489427,0.1577315,0.011253238,0.9892479,0.5220205,0.5870992,0.00738674,1.2214044,0.14210773,1.1219919,0.17128628,0.3949485,0.027569605,0.37280986,1.0571682,0.7783893,0.3691114,0.25257123,0.09805422,0.08018853,0.11866485,0.40471905,1.4861369,1.1266721,1.202534,0.5034337,0.62199676,0.2560249,0.10844289,0.026782734,0.0814285,2.1077878,0.22813609,0.137305,0.052177098,2.4661279,0.39276445,0.398964,0.3927077,0.60565054,0.70758593,0.058203083,0.76599604,0.14707291,0.14643142,1.0445975,0.090614654,0.0,1.3147396,1.4967701,1.9821256,1.1098012,0.032524284,0.100118645,0.015026721,0.39094585,0.90687406,0.060565904,0.12229142,0.47438654,0.33847138,1.7451942,0.11604448,0.20842603,0.2899129,3.731097,0.91882616,0.26647708,0.37005246,0.5538423,0.00348373,0.28401393,1.0482352,0.25281665,0.5004885,1.6125962,0.42373964,0.28513348,0.3598807,0.05212104,0.18773374,1.3131902,0.039256707,0.32848734,0.0009661662,2.0173097,0.8004835,0.21438716,2.7483926,3.5133717,0.018954486,0.59118015,1.5778933,0.123663396,1.3344657,0.12244279,0.50200063,0.27354488,0.17317756,0.59159017,2.0662344,0.80938214,0.7863277,0.47925988,0.903431,0.82900584,0.8435613,0.80247545,0.5410224,0.06408743,0.22835873,0.44598815,0.3722687,0.093029894,0.7612888,1.4737825,0.6462257,0.03520705,0.53180516,0.47801614,1.8844838,1.3130617,0.32661211,0.4599832,1.514148,1.586589,0.31556472,2.1220162,0.24954866,0.48321614,0.24843368,0.37872255,0.0009059251,1.8299096,0.52103055,0.9513423,2.3185196,0.044758722,0.34457895,1.1352447,0.0037032322,1.0618397,2.285957,0.06896885,0.0,0.31476521,5.1843367,0.43913072,0.44694328,0.026638838,0.14771625,0.7651116,0.27834,0.67004675,0.26162434,0.4407907,0.17283891,0.2503007,0.24329421,0.025874132,0.041375674,0.105520695,0.2166186,0.42389438,0.0030412856,0.72982085,3.2322855,0.7609591,0.25518677,0.7113357,0.9727985,0.0060183713,0.8721298,0.7777243,0.0,0.6658635,0.010997474,all_pothole_images\pothole_images_optimized_image_98.jpg
0.050285995,1.6596034,0.0,0.9183719,0.4618316,1.309565,0.0011894508,0.41889638,0.39124838,1.0246483,0.67544186,0.20111884,0.0070504723,2.7667062,0.05455664,0.06289297,0.11354136,0.0,0.63762283,0.06495525,0.55639213,0.6878936,0.21770449,0.6292597,0.66210717,0.46847057,1.0421928,1.9553368,0.22518343,0.08599438,0.43101162,0.041248772,0.5074204,0.85642207,0.13324846,0.060363173,0.38149133,0.78352165,0.9077724,0.49793372,0.9457103,0.3143032,1.7110997,0.66837287,0.7391575,0.11275692,0.14946145,0.42051327,0.76877797,0.0,1.3024186,0.09028108,0.87401515,0.19218503,0.5859891,1.1163483,0.4163929,0.9413605,0.0,0.96800166,1.0904732,0.48787773,2.9048667,1.2944902,1.8021922,0.19085865,0.40039486,0.24744368,1.0054475,0.037389398,1.4972484,0.24785565,0.4712595,0.0068940264,1.1562932,0.10912336,0.18182325,0.70751417,0.0,0.2741669,0.30015242,2.0186646,0.26043275,4.0633264,0.29649797,0.14509748,0.9692582,0.081320904,1.5598477,0.9663377,0.30636483,0.62832206,0.44312266,1.6833187,0.020765902,0.58895373,0.04377983,0.3111831,1.2671489,1.0065702,1.103846,1.9600213,1.7350638,0.6016107,0.39060888,0.70555,2.9601974,0.25050914,1.5356778,0.031046692,0.64251685,0.93410605,0.22457378,0.64497274,0.3669206,1.0969154,0.29041195,0.004958038,0.2351135,1.3326298,1.5102175,0.39627,0.053679623,1.1376373,0.37200996,1.1951526,0.004016807,0.11182395,0.2305232,0.41149154,0.12761757,0.055829078,0.16743821,1.2559296,0.9142597,0.28080913,0.36783975,1.2762067,0.8919136,0.7998947,0.21371838,2.6474721,0.08070068,0.6952273,0.5261498,0.9730228,0.3951616,0.0045327065,0.30569062,0.01878823,0.049776524,0.8479562,1.6910015,0.6139331,1.3905566,0.5467056,0.322693,0.2786785,0.5245703,0.17487344,0.40479684,0.16405636,0.1882875,2.057598,0.14016183,0.21785471,2.1108384,0.43774134,0.55068904,1.1469563,2.5877118,0.16684923,0.89264095,0.14884888,0.98891664,0.19686079,0.5467934,0.7669486,0.0,0.4234562,1.7716422,3.0926027,0.6688423,1.4750397,1.6877491,1.6898226,0.30873376,0.13478,0.48113266,0.28312752,0.07369046,0.66399395,0.85703164,0.22941463,0.28718555,1.1308177,0.78077215,0.08579137,0.54294455,0.010764707,2.706378,0.7029554,0.22583736,0.74116033,1.7248466,0.4552715,0.5307686,0.44084284,0.20886931,0.21803573,0.19913785,0.34286705,0.9164239,0.99709326,1.8063121,0.13069606,0.10272579,0.75511193,0.9582027,0.26110488,0.51475346,0.0028653324,0.2045348,0.08320176,0.0,0.46343124,0.6993597,0.2060164,5.11986,1.6000534,1.3284289,0.10181624,0.81924313,1.3454906,0.12179979,0.24512267,1.9756325,0.107702315,0.09343028,0.030281119,0.8687406,0.27241775,0.02649864,0.0,0.6921659,0.2430392,0.0058622337,1.2832615,0.020007355,5.940158,0.6602114,0.8151693,0.017462615,0.22227249,0.23226699,0.048590478,0.24576457,0.1859372,0.026943406,2.8344324,1.5270404,0.60771173,0.49660784,0.1363036,0.44303063,0.55541587,1.1525596,0.7546064,1.4092153,0.36643147,0.52790016,1.1506538,2.7928522,0.5389938,0.6344857,2.110236,0.3842359,0.42178515,0.09762532,0.1921654,0.5526887,1.3671464,0.2021877,0.12533505,0.39904776,0.9804511,0.5789326,0.83653164,0.64986885,0.32176492,0.0,0.059700385,0.00906223,0.93343586,2.6685598,0.34378254,0.41490456,0.755763,0.116168186,3.8445582,0.7980479,0.24891183,0.005154946,0.20965879,3.7303286,1.2105887,0.4765346,0.0,0.74555016,0.76421,0.028470997,0.63554835,2.7215302,3.0336597,0.003711483,0.25766957,1.3055941,0.68361205,2.819866,0.7902514,0.5368192,0.00042392194,0.815702,0.449227,0.64122224,0.24517156,1.3872136,0.56424606,0.39093024,0.014978021,2.4388316,0.4137005,0.30700904,0.061567593,0.58557534,0.65461123,0.42791712,0.9288188,0.71378136,2.0194786,0.030793747,0.14432788,1.870509,0.43411982,0.48826382,0.19133474,0.80322784,0.8489839,1.383729,1.2983648,0.74073434,0.73829246,0.02980599,0.9443283,0.6516889,0.06767916,0.29042953,2.5107634,0.53326344,0.31312308,0.0,0.08077038,0.6355294,0.13318478,0.034050435,0.19173844,0.36790776,1.3604072,0.9252168,0.7590384,0.29610008,0.20694599,0.3617218,1.5862687,0.06676397,1.028629,0.10861527,0.59743637,0.9621057,3.335412,0.2203909,0.22542389,0.105894186,0.45018744,1.8103309,0.9475755,2.3292744,0.495884,0.41707918,2.866721,0.36369106,0.0,0.06925859,0.2956365,0.2716799,0.5727458,0.72297925,1.4043392,0.0007376044,0.056803327,2.0610762,0.58077973,0.8156074,0.0028985476,1.0322449,0.24944353,0.39275748,0.58091515,1.8110491,1.1925725,0.20754085,0.3942762,0.098135985,0.5528446,1.0673845,0.78197646,2.1582747,0.39080748,0.051531125,0.76620966,0.091966294,0.09977771,1.1858809,0.4414117,1.1637359,0.16326372,1.7847717,1.2275751,1.1373056,0.065739304,2.0238237,0.008185136,0.04067998,0.031664003,1.7423986,0.64194065,0.3858862,1.2091669,2.0842376,0.817112,0.62358016,0.16333048,0.9371641,0.24250323,0.6277102,1.0009477,1.8848873,0.38564408,0.34796518,1.8381228,1.3537154,0.08573217,0.79575765,0.0056132,1.1180885,0.57257587,1.3876436,1.1880577,0.15409364,0.21283832,0.4737524,0.06775875,0.7195872,0.22609933,0.6266766,0.06986583,0.13638309,0.969835,0.0,1.4351382,0.7778528,0.0,0.8413503,0.0,0.8680683,0.22690989,1.8224188,0.5040096,0.20271203,0.1044092,0.11565349,1.2485907,0.6270511,0.12582022,0.6262043,0.018014092,0.059904456,0.18125083,0.18831848,0.051745676,0.3518643,1.8707582,0.39925134,0.115808755,0.01256878,0.9147556,0.450021,0.13242081,0.4523992,0.09025609,0.39102492,1.99793,1.8401222,0.44550046,0.39629045,0.91291213,1.3415995,1.1297513,1.1411672,0.16617249,0.9515228,1.5448178,all_pothole_images\pothole_images_optimized_image_99.jpg
0.06482606,0.64409083,0.046618253,2.2990086,0.03562994,0.0,1.187708,0.037012003,0.71134853,1.0646094,0.8911617,0.7100423,0.16770262,1.1052378,0.0,0.059858274,0.34861982,0.9043681,2.6899762,0.20179188,2.109475,0.10440827,0.055160746,0.69411373,1.2416365,0.10737925,0.011870718,1.0819898,0.0070832237,0.78118896,0.04595444,0.0,0.005574984,0.23692513,0.17357765,1.2092806,0.087752536,0.11059175,0.308634,0.038049046,0.27845833,0.3486125,0.09180924,2.151698,0.2213926,0.125838,0.13930473,0.08877603,0.020497944,0.9977019,1.3860652,0.63290817,0.6743575,0.49299014,2.0696294,0.9545563,0.6681483,0.96183276,0.077111356,0.062341675,0.6045283,0.36890018,0.8506619,0.084315404,0.63381237,1.0964129,1.6238835,0.0,0.13522448,0.12647313,0.75071573,0.115411565,0.22435832,0.0,0.1820927,0.09866369,0.06548166,0.78638566,0.06310971,0.070273235,0.0,0.8634584,0.005056245,1.2594647,0.37141824,0.33553377,0.0,0.0067183715,1.3048931,0.28088227,0.7166738,0.17010832,0.21317434,0.57165533,0.30418083,0.17296682,0.091632806,2.083683,0.046175312,0.07794558,0.50275636,1.4787105,1.1541688,0.058040943,2.5636692,0.4484724,0.7827812,0.0,0.5550418,0.19945197,0.10820624,1.1023839,0.27795577,0.11583535,0.0020119804,0.36300597,0.090557985,0.20035635,2.8212352,0.6643174,1.4677703,0.009694482,0.21279909,0.98745656,0.9497478,0.36642596,0.59529006,0.104830876,0.943582,0.6830938,0.0,0.025262143,0.5807183,0.038022723,0.27450648,0.30181327,0.4044229,0.0057544997,0.03919187,0.06010643,0.004482346,0.0,0.23225431,0.0,0.022043012,0.1515632,0.62189406,0.74154335,0.019643504,0.23326214,0.12115143,1.5669973,0.12577102,0.09916414,1.447473,0.01662408,0.01528735,0.12412384,0.10332906,0.9708985,0.5996144,1.3506258,0.11591937,0.123623304,0.10955972,0.16808015,1.3924311,0.0,1.5925807,3.138421,0.116164386,0.0,0.09665244,0.06773345,0.33915713,0.2571064,0.0029490655,0.0,0.14822336,0.18688084,0.3922145,0.4273033,2.5540395,0.59534335,2.1256287,0.9131997,0.2514584,1.292216,1.3007064,0.23117475,0.08418873,0.017683076,0.53332144,0.19393933,0.66592175,0.303787,2.005775,0.036205973,0.517976,0.6145659,0.1359834,0.59870994,1.09486,0.13572095,0.9225582,0.129423,0.025314333,0.0240628,1.807872,0.8692164,0.20812991,0.34533164,1.1490132,0.3796565,1.3663081,1.2902539,0.82405293,0.27083096,1.248789,0.29161763,0.44508362,0.52362245,0.90246785,0.8612926,0.038652275,0.0,0.47478798,0.003076825,1.9320745,0.3058859,0.018248495,0.0802278,0.9411537,0.4275266,0.0073558916,0.33453462,0.48188013,0.09858647,0.0,0.11290294,0.4389416,1.0510457,0.16615544,0.092902854,0.0034164349,0.075371265,0.0795201,0.19437923,0.84129816,5.223333,1.7820201,0.3129626,0.0,0.68130726,0.4711857,0.28563765,0.11273325,0.70436174,0.8094692,0.95508057,0.8721601,0.8016632,0.76381934,0.028317144,0.017040461,0.09096457,0.27996525,0.20652264,5.1086807,0.059056237,0.24357632,0.0062450534,1.0266358,0.005500933,0.2663147,0.7550296,0.003723773,0.18365233,0.0,0.12955444,0.8280978,0.6461165,0.22864738,0.02989994,0.18106495,1.099461,1.3840827,0.73257905,0.18742912,0.15364955,0.0,0.80825686,0.0025832604,1.1528623,0.6643244,0.50753325,0.008172283,0.34511977,0.16566911,2.6752799,0.3662561,2.0816534,0.21075758,0.0061289035,5.0830503,0.0,0.5792788,0.0,0.21200207,0.6049207,0.67254853,0.26660734,2.1998022,0.9525415,0.12784164,0.7727773,0.7115947,0.37450922,4.789501,0.18115723,0.19384925,0.14395104,0.3340454,0.46290237,0.15098578,0.111491114,0.45866868,0.17471403,0.73806214,0.03761528,2.018034,0.5955805,0.7906553,0.43378615,0.059796628,0.0,3.0229197,0.8399092,0.1296439,1.4414105,0.7693203,0.40845647,3.3528466,2.7294354,1.2033961,0.13302726,0.037596002,0.51473933,0.48571032,0.66052556,0.022081336,0.16491635,0.003703779,0.69460535,0.0,0.014414123,0.3596782,1.8554069,0.7281034,1.210245,0.011346821,0.22748764,0.18390645,1.2443395,0.117325954,0.0006418397,1.0054766,0.095080085,0.09450858,0.14046313,0.2705251,0.37283647,0.52883893,0.18679653,0.12471252,0.13165219,0.21945775,0.0,0.4128036,0.7771477,0.0,0.0001330222,0.005989273,0.5975078,0.5521679,0.45466855,0.51004565,0.12689081,0.0,1.0660796,0.2804838,0.0010467797,0.011433173,0.16979636,0.0,0.12883708,0.25720435,0.096989356,0.7877064,0.013416254,0.19618289,0.41866365,0.049491994,0.071337156,1.0862913,0.029164629,0.18356992,0.3919237,0.37024903,0.00055404863,0.0,0.29585367,0.40895247,0.7538069,0.088275366,0.2811403,1.5047103,0.04725109,0.22861592,0.5419899,0.98174286,1.3045502,0.044614617,0.88356376,0.35656884,0.0,0.19553302,0.7542189,0.0,0.13380301,0.14479595,0.07967113,0.01906599,0.7030769,0.3510586,1.4600852,0.18677084,0.715554,0.36464584,0.06765019,0.07426209,0.3887516,0.05244095,0.0,0.13353607,0.0,0.11980197,0.25710842,0.41074306,0.987199,2.397285,0.36187735,0.050737936,0.0661221,0.4385235,0.79329914,0.023924522,0.12238679,0.0,0.5185604,0.5966222,0.12856852,1.2434173,0.0,0.21143366,0.15354778,0.060092464,0.0,0.0055791815,1.18069,0.6962792,0.1071009,0.087728254,0.0019600897,0.3601654,0.53135526,0.39714727,0.09902249,0.304523,0.043579847,0.24241517,0.6180997,0.6832694,0.007003097,0.08921658,0.07004296,0.038837437,0.0,0.19907667,0.006418734,0.064827025,2.7914882,0.0,0.09736265,0.0,0.0,0.45979792,0.032689475,0.2837345,0.031126225,0.52830064,2.0265756,0.72427505,1.4639014,0.5639173,4.87286,1.2553177,0.36786336,0.81525296,1.040632,0.0031098675,0.0,all_pothole_images\pothole_images_pothole_0.jpg
0.85440314,1.8523856,0.7866844,2.3849216,0.18549526,1.0617759,0.08455388,0.21633479,0.75542915,0.6379498,0.7146905,1.4218559,0.021446303,1.7830737,0.719305,1.1852952,1.1791017,0.18813588,0.90795845,1.1615951,1.4630157,1.173161,0.28940746,1.0440816,0.9784569,0.63797385,0.34436417,3.9325054,1.3324772,0.18080808,0.44622394,0.51037085,1.125729,2.3815343,0.19322605,1.638025,0.16944739,1.2008371,0.18266563,0.7926749,0.6396877,0.12530969,0.97246414,3.0697112,0.6924826,1.8211244,0.3658117,0.19032073,0.32732153,1.1329042,1.2150652,0.59559524,0.94230294,0.46225512,0.62106246,1.3341153,0.042141117,0.17786771,0.8784567,0.22088435,1.3666153,0.5395862,1.4451238,0.34756234,0.53401697,0.7284775,0.31820288,1.0251298,0.59709734,0.18000948,0.9540243,0.2308239,0.45191923,0.51243484,0.85509396,0.6563231,0.98585117,1.7422659,0.022951042,0.44832835,0.7364729,0.25162914,0.074483745,1.205015,0.8920976,1.3336432,1.2373811,0.32350984,2.9590702,0.029005095,0.4685948,0.08260032,0.42426392,0.64902383,0.08763314,0.93070793,1.5350754,1.0351692,0.8430965,1.5182486,0.054240294,3.0932355,0.43010813,0.5986641,0.1505656,0.25405118,0.61804444,0.49006784,0.44226688,0.21121085,0.0023822614,2.5361872,0.52457815,0.23442468,0.7209943,1.2465228,1.2983186,0.38194478,0.58590823,1.5814413,1.5237813,0.84400487,0.8564678,1.8642515,0.6373377,0.21532735,2.4996772,2.2178817,0.614297,0.47133282,0.46788055,0.0,0.14924268,0.6555113,1.0512427,1.6109049,1.9160599,1.0020493,1.4580227,0.7751547,0.15411219,0.24069315,0.17168453,0.2785358,0.9372264,1.9185588,0.45370305,0.07475236,0.22725229,0.7558129,2.059559,1.7012817,0.21692994,0.13685696,0.37780094,1.155755,0.47610402,0.2571463,0.72463083,0.5816389,0.38834816,3.8747501,0.0,2.167309,0.016841741,2.2632632,0.91965663,0.4240854,0.39356464,1.3747077,0.5311755,1.3345059,2.197794,0.28488198,0.18874118,1.201151,0.59099567,0.024221197,0.4189253,0.78084284,0.09260864,1.602332,2.0892587,2.2758021,1.0366222,0.2838212,0.067482755,1.4796104,1.0849686,0.30338156,0.7539332,0.6783128,0.43712834,0.3887048,1.1282384,0.8527453,1.2523911,0.087088525,0.22324835,0.6109194,0.88540626,0.42375195,1.2910585,0.59306514,0.8135936,0.22767788,1.4419913,0.1426674,0.082770854,0.15824318,1.1206309,0.07811738,0.55863404,0.06552081,1.1853366,2.8537977,0.4118252,0.15782075,1.8276428,0.5020159,1.4598299,0.07611707,0.77485925,0.20345046,0.103628844,0.67774373,0.5232295,1.5333669,1.1380956,1.4335628,0.31853253,0.22566761,1.8621863,0.09925448,0.9508256,0.030224636,2.6004362,0.1899264,0.060172975,0.8215991,0.63562757,0.28894106,1.1140633,0.069149844,0.44991723,0.041653562,0.24007037,0.8241732,0.4133802,3.24808,1.5205361,1.7835838,0.3216639,0.7890112,0.13481283,0.25307563,0.10374328,0.28329027,0.3535857,3.00355,0.41597474,0.8035983,2.008545,0.04580365,0.06533938,0.28195378,0.20132567,1.8337545,1.413174,0.5572727,0.3820058,0.070251815,0.26993474,0.7988042,0.15829574,0.76839614,0.38044003,1.107869,0.57149154,0.97732407,0.42392135,0.54355234,0.1858371,1.3494778,2.3472528,0.036269385,1.1875795,0.96631914,1.5099835,0.0043376097,0.27494472,0.21374658,0.1394756,0.6851239,1.0493108,0.42151147,1.0560232,0.5891083,0.77322286,2.5443728,0.88132197,0.68460596,0.8267993,1.177156,4.0428267,0.51268965,0.5159761,0.8310484,0.38611555,1.5941719,0.35642728,0.75175,2.3997262,1.2510557,0.37456313,0.9660449,0.016751816,0.9880084,3.2934284,1.3193798,1.2487669,0.2333353,1.554689,1.0426266,1.1668515,2.1689816,0.3510422,0.54514414,0.80701154,1.6273814,1.6659979,0.5199007,0.08446027,0.057101697,0.24524225,0.61155266,1.6848394,0.62915283,0.37985152,1.7605014,0.76949805,0.2946997,0.9462027,1.738871,1.2362303,0.6380928,0.45607072,0.8764533,1.1504638,0.47907934,0.9244554,0.38351327,0.08523264,0.19068134,0.57034284,0.16860531,0.28984097,0.385724,0.6120887,0.56872344,0.0056017507,0.5933835,1.1749887,1.0288761,0.40846646,0.83336395,0.58237886,1.4009714,0.40590876,0.9076858,0.52275366,1.0066401,0.20249145,0.386887,0.029581444,0.25330204,0.8033697,0.02989808,0.27134988,0.46901616,0.4520409,0.7358621,1.0571622,1.748187,1.3251579,1.527586,2.162431,0.8373406,0.0037976746,1.5090669,1.7599828,0.3043923,0.42698696,0.25220793,0.056910783,0.6268558,0.8828082,0.40941423,0.688778,0.013195133,1.8537105,1.6319878,0.7345569,0.61904365,0.44308624,0.9869724,1.5805303,0.4132349,0.39287007,1.2143236,1.2583905,0.2756223,0.7098799,2.6337707,0.0,0.25514537,0.53696746,0.24726978,1.2735267,0.43193918,2.5544448,0.6748732,1.2820833,1.4669046,2.7731898,0.027366929,0.3206553,2.4580739,0.4509056,1.2535977,0.3905715,0.038732775,0.90726674,0.79129195,1.1342051,1.3222634,0.8599528,0.61513805,0.014285768,0.7144523,1.0296302,0.3188285,0.298951,0.23613349,0.039951786,0.63072944,3.0102203,1.2909896,0.584696,1.0130851,1.3444297,0.749643,0.33468008,0.37828982,1.0549117,0.6479681,0.79012764,0.759811,0.86302453,0.14549169,2.183348,0.16914986,0.9138744,1.6500231,0.22000414,0.843378,2.4490948,0.0573776,1.874235,1.0177547,0.70432013,0.36988238,0.24936715,0.05039393,0.18282932,0.07702982,1.5663214,1.2567053,1.3084728,0.292773,1.364992,2.5505435,0.4793221,0.96852607,0.4022634,0.025015363,0.5566797,0.48856297,0.13673528,0.112591304,0.5479885,2.1092803,0.2064473,0.8047859,0.9146572,0.8306516,0.03897739,0.34696108,0.14922842,0.3861322,0.9718291,2.377168,0.117366746,2.1507444,1.872008,1.0179738,0.9237915,0.22991975,0.3290861,0.40736306,0.37063953,0.39023036,all_pothole_images\pothole_images_pothole_1.jpg
0.6820201,1.5935762,0.30684727,2.1665647,0.20641439,0.29668725,0.9713581,0.3432679,0.31488422,0.6961709,0.41040915,1.0604978,0.5881051,2.1659515,0.19814359,0.61566097,0.46693656,2.153329,1.0564872,0.19505057,1.2512678,1.1441799,0.690311,0.1084974,2.0005925,0.33614403,1.0588459,3.0795114,0.4710537,0.14964533,1.0879631,0.10468947,0.3997657,0.012393578,0.5629752,2.165851,0.030730067,1.06645,1.1122817,0.3150935,0.0,1.239617,0.062392984,0.53124523,0.29958192,0.3285682,0.4733829,0.9169235,0.017606393,0.1330681,0.104498446,0.20364583,0.69374657,0.22252092,0.030707713,2.5002747,0.6526887,0.016170247,0.45660847,0.27687478,0.91281277,0.25965685,1.0057496,0.26167524,1.1945854,2.2919738,0.37468624,0.22735007,0.017537076,2.0755515,0.66163915,0.13915141,0.25010625,0.12672399,0.008994989,0.046462703,0.5009032,0.45352235,0.34660435,0.29804498,0.5334417,0.008157142,1.8314369,1.0848094,0.17492656,0.028330375,0.21932372,0.0018313916,1.0090693,0.035095286,0.113780804,0.68428344,0.051560283,0.22387224,0.3666069,0.368071,1.1148884,0.85086876,0.50546247,0.35000217,0.32107377,3.0309112,0.47019047,0.20374365,0.73815495,0.0131173525,0.10843319,0.6365326,0.3119833,0.23948081,1.7726028,0.5370281,2.9405882,0.30226204,0.897843,0.1685007,0.0943232,0.09113979,0.27000594,0.684951,1.8051438,0.020740652,1.0037801,1.5275027,0.7855841,0.9159069,3.507905,0.83248526,1.4313949,0.47757813,0.75457996,0.47362542,9.551315e-05,0.09523472,0.65915805,1.6039063,2.3940578,0.13224597,0.47734147,0.31608492,2.4264703,0.16032352,1.0011184,0.6767991,0.09039278,2.6351418,0.0079017095,0.3678639,0.27904394,0.057739187,1.1088556,1.2574127,0.04281302,0.098809354,0.34691674,0.043512475,0.9067703,0.08312178,1.1759565,0.3954103,1.0412134,1.524608,0.06825251,1.3449799,1.0361447,1.8565272,2.5561695,1.3276532,1.9140809,1.9526471,0.6757492,0.29934695,0.004235384,2.3239746,0.48591396,0.24926409,0.5288866,0.89421207,0.39037278,0.46253702,0.06713597,0.66360193,1.9143268,0.16231361,2.9688916,0.05488304,0.7823306,0.7647126,0.08807037,1.3410848,1.1424547,0.6961839,0.10646342,1.883991,1.2489619,0.024932649,0.30507052,1.4014316,0.18289441,1.2116159,0.3158258,0.38930213,0.45673826,1.6908474,0.15305614,0.0036713805,0.75226504,0.79088014,1.4764653,0.75063866,0.0,1.0553017,0.7381778,0.027755635,1.8361924,1.796197,0.54688054,0.8451071,0.48039207,0.4018995,3.9272969,0.20830648,0.5123501,0.08064762,0.0060581034,0.12980448,1.7100394,1.473352,1.2412212,0.95319957,0.47589788,1.995397,0.35233814,0.35545745,0.2732627,0.009300314,0.67382056,0.6233817,0.991486,0.38446212,0.046547435,0.016671827,1.080506,0.19341426,0.84831494,2.2293222,0.27995732,0.32515278,1.0220715,7.820072,1.7692391,0.27527213,0.042359002,0.48443595,0.029890088,0.29749736,1.4502622,0.40111127,0.83141464,2.846618,0.17052679,0.08876742,1.4955319,0.06678715,0.12183145,0.7693579,0.9916123,1.2085282,3.406714,0.76205975,0.22927688,1.0881624,0.4320992,0.10342567,0.90255904,0.6836942,0.00973832,0.4824988,0.61610484,0.56091684,1.5143657,0.04348941,0.32526544,1.3909684,0.69272035,0.5681931,0.5755124,0.17263986,3.391073,0.16367172,0.0013609414,0.6278071,0.22084016,1.0087471,0.16205962,0.67184025,0.094733775,0.556051,0.17979974,2.4142308,0.06804709,0.49376443,1.1929786,0.018043153,4.5374594,0.025500124,1.6640605,0.10967716,0.06060543,1.0436809,0.6800389,0.7610081,2.2087355,1.2590368,2.027778,2.2010934,0.5682978,2.420364,2.755059,0.5423796,0.077404246,0.027452283,0.7467106,1.200798,0.8005245,0.072379746,0.22556588,0.00068127894,1.3586473,0.18240458,3.2023277,0.20108376,0.38148543,0.62287635,0.095751986,0.0,2.062304,0.53382754,0.72721076,0.36326674,0.20154066,0.1841206,1.4124885,0.9127772,0.6931761,1.3593898,0.43741968,0.36928162,1.3709838,0.46275043,3.014592,0.14258951,0.27690372,0.8540896,0.16050898,0.10295315,0.1710546,1.1562816,0.057827797,0.036014397,1.2364162,0.99833894,2.163202,1.4862406,0.003555502,0.000101300146,1.196761,0.024260981,0.17473139,0.6074966,0.20323153,0.052392583,0.52672154,0.11862055,0.13161887,0.45147875,0.04762003,0.6592027,0.44057634,0.287179,1.1878631,0.2679753,0.20681904,1.335178,2.0313308,0.22156247,2.9609916,0.14853512,0.17425105,0.7785384,0.7851123,0.30490702,0.05982256,0.26470393,0.08525128,0.92259353,0.26961678,0.39577666,0.012455699,1.1393768,0.28559276,0.8493286,0.61467725,0.71625704,2.103816,0.036442727,1.1913497,1.126739,0.121804975,0.46259817,2.8624434,0.6842922,0.026527934,2.9457793,0.74787045,0.9030025,0.55135393,1.1771356,1.0091738,0.53528595,4.1265564,0.056906164,0.7424511,1.0624865,1.6594409,0.23298576,0.44373187,1.616248,1.0548717,0.19500847,0.47366014,0.35793272,0.0,0.47384745,0.21487854,1.4164271,0.0632417,0.49726504,0.12186979,1.3677853,0.3714784,1.7553406,0.29707354,0.043604266,0.15747094,0.0011607609,0.50364864,1.7691226,0.42161947,1.4647853,1.8392396,0.08546172,0.8500053,0.2307855,0.23618409,1.1339623,1.5548159,0.21319087,0.14889765,0.18179607,2.5579996,0.063978925,0.22667332,0.27178255,0.41626924,0.36818963,0.024603274,0.0,0.15166631,1.2891155,1.6081833,0.57569796,0.12403188,0.6536871,0.29961738,0.022219302,0.62434614,0.77925545,1.178585,0.07602731,0.17075026,0.45786405,1.0550668,1.6002804,0.0,0.57112443,0.20724353,0.013787926,0.54186076,0.34148905,0.1275383,1.4041891,0.13619724,0.9623701,0.0,0.44281432,0.082162924,0.05830218,0.4370847,0.32707506,0.8587331,1.7738177,0.15684187,1.1595609,2.0109766,1.2018658,1.1951461,0.5092968,0.5473022,0.25061607,0.06971251,0.8947439,all_pothole_images\pothole_images_pothole_10.jpg
0.6434618,1.8594856,0.7973902,2.3326702,2.006345,0.9785919,0.055423513,0.012943997,0.53941816,0.76513237,0.12158478,0.5643514,0.38871464,0.182566,0.75568855,0.44995606,0.06677632,0.2514974,0.10489028,0.5407318,1.3752158,1.3333269,0.4552937,0.716861,1.7111847,0.66810375,1.0930203,2.1017253,0.2800324,0.27054912,0.38197938,0.31271634,1.1043686,0.33313045,0.42985243,1.581262,0.88991857,2.009702,0.0761172,0.5044853,0.059206773,0.051301245,0.106863596,4.076673,0.68224746,0.08985101,0.11971808,0.526886,0.53783226,0.7767104,0.47982788,1.6884289,0.27810565,0.47872043,0.30930915,1.7635775,3.3344991,0.14824007,0.29683828,0.3704176,0.0036975138,0.60246074,0.9835554,0.26251507,0.042187348,1.1511441,0.28330004,0.9207167,0.2652223,0.53885984,0.9788801,0.85803944,0.63066906,0.4540525,0.6683759,0.87455684,0.25268182,1.1847053,0.0,0.6027386,1.7251064,0.0022712827,0.087739736,0.46982324,1.3526516,0.26180005,0.26841733,0.15474609,5.388801,0.127898,0.45156884,0.19608073,0.2563345,0.39823115,0.45319432,0.13561656,0.42853615,2.259915,1.1320311,0.6553785,0.0,3.0211773,0.46005613,0.6038877,0.27901208,0.08277544,0.2397196,0.18483749,0.0936248,0.6133911,0.052591357,1.4073025,0.20392264,1.3118817,0.42187858,1.0476369,1.6108328,0.058594067,1.7384199,0.93345946,2.3784392,0.869886,0.07725601,1.3443279,0.63549876,0.6827432,0.20637321,1.3873552,1.0168505,0.43457147,0.76882553,0.10186018,1.0221623,0.47289816,0.4738047,0.81490386,0.19227406,0.5840796,1.3077607,0.31347016,0.51480407,0.17831977,0.010871224,0.58225566,0.6584024,1.3484554,0.8678363,0.35917157,0.0012215407,1.5705302,0.9232125,0.6416363,0.08860796,0.0012156079,1.3255055,0.6409609,0.78977686,0.1641873,1.8976164,1.1500771,1.2098701,0.81214577,0.26831272,2.1738396,0.050133713,0.010253589,0.7253365,0.24372774,0.89396137,0.19899479,0.75667214,0.5880642,0.21594654,0.50057936,0.5111082,0.041275963,1.0559746,0.120072626,0.37058392,0.20849541,0.09592853,1.7366502,3.4607356,2.6481953,1.3815161,1.0035459,1.0835915,0.22171283,1.8035141,0.09285476,0.3691192,0.52711385,0.10673105,1.6366035,0.32392302,0.80076444,0.41624555,0.03183906,0.11992598,0.691119,0.6393405,0.19975834,0.27927604,0.9239683,1.1323658,1.0575995,0.06379612,0.56421304,0.5933777,0.0648909,0.3821023,0.577499,1.0555528,1.423545,1.5248984,1.251783,0.3141829,0.07467352,1.01156,0.011717368,2.1800225,0.030485857,0.2648789,0.04534117,0.15503784,0.63792837,0.4373791,0.23362964,0.3998822,1.0424255,0.16991763,0.5453825,0.57065254,0.027873589,0.48712248,0.3748635,2.1678355,0.17477469,0.032914735,0.10763163,0.15329762,0.01499585,0.03238655,0.0012520647,0.18973744,0.12038096,0.3999025,0.0,0.35667744,2.731074,0.93289363,0.30188116,0.6972179,0.72950387,1.0807475,0.58265936,1.1724159,0.016572364,0.4063713,1.4086778,0.4689165,1.036907,0.68411493,0.46010324,0.49234357,0.449734,0.001017712,0.41823432,1.586224,0.061016407,0.25143024,0.16834201,0.22939214,0.19168726,0.45421997,0.7564154,0.54810125,0.22542489,0.110941745,0.8252721,0.5485115,0.124403894,0.6759173,0.04620546,0.95037997,1.0197768,2.436558,1.0070293,0.90388143,0.007890545,0.55514914,0.82677317,0.06419768,1.360572,0.4923834,0.48941514,0.42898858,0.018098976,0.052443203,0.92323667,0.24319088,0.6779505,0.12206085,0.8683631,7.139773,0.67099434,0.0,0.7303785,0.70975024,0.8135379,0.34866464,1.130201,2.6372461,0.99865884,0.30441588,0.96742123,0.7071648,1.1171261,1.0537561,0.07261463,0.18747047,0.7171593,0.35338965,0.17361605,0.81964296,0.7006143,1.2802693,0.750392,0.8558144,0.847373,1.7479892,0.56233925,0.3843608,0.014262643,0.5074003,0.6899987,1.3290814,0.5817842,0.39695743,0.6285374,1.049117,0.7982841,1.8474859,0.101139575,1.3049129,0.005259154,0.08145345,0.005526191,0.6865699,0.28651524,0.67279255,1.0089785,0.61002016,0.16717593,0.4110225,0.026956076,0.2368865,0.95449704,0.42930758,0.46608403,0.029617012,0.021157902,0.7201848,1.3347224,0.25953338,0.33523992,0.48790574,0.116593905,0.2628219,0.13447236,0.46662623,0.51794225,0.51950026,0.22815515,1.0776762,1.3883892,0.33090696,0.062320795,0.30187532,0.29083717,0.037616093,0.17057772,0.2056268,0.81315863,2.57271,2.125544,1.857542,0.7202449,0.5902457,0.9963974,1.3534291,0.004148101,0.2444957,0.08124243,0.11632873,0.030378588,1.0504407,0.12344914,0.31053576,0.6453909,0.77749,1.6592011,0.019767502,1.0382036,0.2613405,0.21476027,0.027922377,1.0017033,0.4355545,0.86750436,1.2944742,0.8565687,0.34245262,0.51876837,0.0034827709,0.6039533,0.757751,1.266201,0.3108341,0.018813604,3.0927377,0.4411309,1.443014,4.3073635,2.7811248,0.14602488,1.2406448,1.9845166,0.012041125,0.5016068,1.8441356,0.095233075,0.6911308,0.366942,0.43641484,3.6416016,1.3399833,0.44640353,0.18044148,0.5729302,0.7450299,0.2649998,0.0071867923,0.5508851,0.10400402,1.1469945,3.2794518,0.41547292,0.6377711,1.684425,1.6018636,0.48679596,0.3750267,0.15162712,0.4020268,1.1138333,0.6713459,0.43041575,0.3488523,1.6629094,1.7856102,0.23052198,1.3513154,0.47351876,0.80589765,0.16449079,0.1493753,0.10583386,0.42104927,0.7535333,1.3462632,0.2597872,0.5123766,0.26621157,0.45131698,0.36896646,0.27049077,0.88104075,0.818231,0.2122182,0.58052355,3.383959,0.14580472,0.23387258,0.0013478015,0.0,0.5146095,0.31973973,0.053189836,0.13595371,0.0075705154,2.14407,0.093952596,0.2607234,0.010313731,0.0010395552,0.22790651,0.0,0.22279972,0.022381632,0.1038967,2.9925604,0.54404813,0.6705114,1.9492729,0.46927312,0.13709386,0.6409195,0.9808961,0.3418925,0.5680383,0.5114637,all_pothole_images\pothole_images_pothole_11.jpg
0.2657762,1.555163,0.52886564,1.7193825,0.69024634,0.6678793,0.68943566,0.018970864,0.18262134,0.5043107,0.14893553,0.10631399,0.18793137,0.08691332,0.022781653,0.12173841,0.0026860428,0.39417258,0.54955834,0.3341159,0.0,1.6215973,0.8161415,1.8018354,0.767954,0.20769139,1.2830694,1.7674744,0.78540367,1.2409797,1.69592,0.15611315,0.5620843,0.066405796,0.22531936,0.4224702,2.1358225,0.6958641,0.46164653,0.5427372,0.0062132427,0.3016677,0.3111405,1.8195783,0.53781366,0.27945152,0.10243423,0.3425404,0.2423164,0.6331253,0.5710716,0.5147804,0.4223028,0.12582712,0.26665354,0.27291805,2.5599527,0.044787135,0.15732437,0.48372865,0.026528982,0.6210861,1.2319082,0.05942592,1.4857277,0.060132366,0.6385339,0.42340773,0.028017115,0.5325101,0.19837844,0.59526855,0.35580662,0.56011873,0.7322012,0.59607816,0.27276853,0.23788968,0.01968341,1.2671251,0.01493104,0.3049665,0.69040847,2.866049,2.0297964,1.6159658,1.0906428,0.049257696,2.6412907,1.2448677,0.74370074,0.18488254,0.28938702,0.21895982,0.124189585,0.007784381,0.65691704,0.24406734,1.2362143,0.0028733967,0.6110527,0.6162875,0.102748126,0.19023336,0.022812525,0.1771218,0.44209328,0.40180832,0.2677911,1.7418915,0.96694803,1.8469876,0.646048,0.083514884,0.49439907,1.5713898,3.0039754,0.03326791,1.0161332,0.48636842,0.4947851,1.1760911,0.2571992,0.6292753,0.54911757,1.0728836,0.5749328,0.3837295,0.9708021,0.19294038,0.22176775,1.1611538,0.8685682,0.00673496,0.013527894,0.79065555,0.17603216,1.0695741,0.4211,0.19552065,0.4279096,0.22646388,0.14240168,0.20436896,0.8905317,0.5871504,0.37826237,0.2676364,0.13027632,0.36854213,0.34814352,0.19440526,0.6389902,0.0,0.41403922,0.14074618,0.23078138,0.0,0.5067392,0.24814497,0.97975844,0.12721074,0.30991414,0.89499307,0.5919698,0.24016218,3.22539,0.20926854,1.0092988,0.5160737,0.032223582,0.13744815,0.0696156,0.26646924,1.6691362,0.045658357,1.1307825,0.18996216,0.55534583,0.05061047,0.33855698,0.4354799,1.8406333,0.71294713,2.5762827,0.024545344,0.7987758,0.47254896,0.44526142,0.61800027,0.84219766,0.16292395,0.2853248,2.1860497,0.29719147,0.016525533,0.19900833,0.90624404,0.12285666,0.04072714,0.32259095,0.36164373,0.5608348,0.67510223,0.5883207,0.52454215,0.8072815,0.10760255,1.6607765,0.5135827,0.6159323,0.40799147,1.1226348,0.19911398,0.5441909,0.9149875,0.97366744,0.17848307,0.6402693,0.6530755,0.66820616,0.11203242,0.36815137,0.57669085,0.57987523,0.47574264,0.17679694,0.5432024,4.03818,0.08265318,0.54532695,0.92150855,0.5592874,0.22219819,0.47851056,0.61878383,1.6530768,0.4783066,0.13845055,0.07769647,0.18633556,0.31504175,0.4604041,0.0929729,0.14802313,0.64884245,0.3866135,0.08331445,0.76959825,3.9960978,0.028418088,0.008064152,0.58517,0.106532305,0.6000862,0.04196256,1.0290202,0.19592066,1.0155479,1.179354,0.7025805,0.022129603,0.2279629,0.3999253,0.45174852,0.60597837,0.0008063039,0.7244372,1.7333277,0.7950755,0.70626354,0.044578012,0.2305913,0.26864523,0.3512692,0.6128174,0.09027098,0.67117625,0.029752366,0.21600614,0.53800386,0.30032104,0.040704954,0.38396025,1.0700433,0.018133055,0.074307725,1.1398089,0.4354646,0.28608218,0.52408254,0.8946383,0.862293,1.8766415,0.09726764,0.06475795,1.7170304,0.82401943,0.13898477,0.5855559,0.044398624,0.2193364,0.036170296,1.0430775,6.0034738,1.2095828,0.26760375,0.48276952,0.4729758,0.0812577,0.010833535,0.28576788,4.9894967,0.5019795,0.10751518,0.31265616,0.047975633,0.26708007,2.1311827,0.40511918,0.31198922,0.639453,0.097528525,0.42326292,0.5077582,0.25767094,0.43706453,0.49941906,1.1883087,0.54782933,4.7973466,0.07234285,0.34825337,0.3067178,0.33388653,0.4611449,1.4892355,0.20735206,0.12103142,0.6144551,0.36437428,1.1280875,1.3096875,0.031295933,0.5695161,0.0,0.07783862,0.10058713,0.02664188,0.6134648,0.070002265,0.39106432,0.24905913,0.5120025,1.0160254,0.0,0.4142774,0.59493816,0.34294793,0.38421384,0.08056195,1.4450974,0.0,0.4682243,0.32901928,0.19586031,0.38634658,0.7669539,1.0340285,0.21254893,0.8426571,0.023049228,0.20214835,0.3473164,1.8057821,0.93446416,0.8467795,0.8938202,0.057330295,0.5132484,0.07687122,0.22565196,1.0519414,1.4573615,2.541725,0.92831355,1.3919541,0.16680244,0.30122325,1.2021253,0.59413964,0.5478952,0.08148098,0.7026854,0.09970441,0.34478763,0.6259384,0.0,0.5020621,0.037129007,1.094561,0.2821456,0.20398152,1.1971608,0.5993734,0.15889026,0.0,0.9037894,0.05775681,0.66521657,0.13198298,0.47753206,0.8642312,0.4615284,0.31599206,0.5006914,1.8935336,0.8433425,0.15533997,0.12874714,0.63035786,0.08332264,1.1172832,1.1428357,1.3747798,1.3262513,1.708133,0.8443466,0.16061632,0.10445727,0.7756307,0.8304202,0.14863144,0.6300213,0.10675898,2.8044999,0.6736071,0.075821154,0.23589319,0.47126624,0.45714957,0.20503287,0.045011904,0.32379222,0.61646354,0.15944546,1.527327,0.048378617,0.6152684,0.54597354,1.7692776,0.57486445,0.75204986,0.8121758,0.16244325,2.1317525,1.2339418,1.2571443,0.1253781,0.5596642,1.3947587,0.31842437,0.26114452,0.0459953,0.6228476,0.84496623,0.6757637,0.31239662,0.45317665,1.6407216,1.757637,0.6388406,0.8885057,0.20440985,0.6172904,0.27538177,0.022714948,0.69036597,0.36594555,1.1929191,0.77076983,2.5348449,1.1966059,0.38754633,0.050102312,0.3451044,1.631011,0.2665963,0.33483493,0.5916679,0.86031824,0.8064784,0.100980476,0.08366119,0.19012801,0.16985291,0.37239602,0.17884947,0.2429857,0.0064919563,0.16602252,3.9367692,0.593272,0.7891093,0.7520954,1.2854514,0.021673929,0.9185313,1.300861,0.022724455,0.06784205,1.0890521,all_pothole_images\pothole_images_pothole_12.jpg
0.4196687,1.18086,0.36440736,3.2518172,2.2148747,0.1721548,0.82846016,0.055809926,0.40890312,0.37018245,2.3223765,0.4918933,2.3213513,2.8416026,0.50622094,1.6999208,0.21163574,3.229595,1.147524,1.3468838,0.2881264,0.3894638,0.49060318,0.55153835,0.9985328,0.8810182,0.50262743,1.6848841,1.7031455,0.4638745,0.35096383,1.6757021,0.4946025,1.1713679,0.0062649576,1.1824857,0.26530287,1.3265879,0.5393657,0.60858417,0.11270735,0.025790146,0.46868336,1.8704594,0.8510464,0.43681708,1.2818593,0.04713079,1.7174332,0.2860924,0.9282727,0.48793682,0.3804029,0.5525274,0.27788392,2.6930816,1.4062455,0.8877005,2.0448923,0.8498198,1.5434957,0.97947246,1.8025546,0.68461686,0.7433769,1.5431366,1.5054501,2.9605513,0.05004552,2.9017212,0.55655366,0.037802525,0.65077525,1.166063,0.47451502,0.47526884,1.2902751,0.65826416,0.2338809,1.0941316,0.15741687,0.025111595,0.6115667,1.2492574,0.15231708,1.0757238,0.975857,0.00891337,2.4815757,0.52434033,0.15790555,0.7500227,0.3527756,1.1967511,0.6446425,0.57203245,0.49414155,1.5500562,0.6763731,1.2275783,0.4589948,1.5685817,1.4266278,0.79158986,1.7174349,0.051784515,1.656725,0.4635472,0.79184026,1.2627342,2.2557073,1.5880015,0.110582575,0.62923795,0.993736,1.1262656,0.6705755,2.2222302,1.9875249,1.488681,1.4088013,0.11818231,0.40667653,0.90559673,2.0721684,2.4260533,0.70581484,0.62524384,0.69358677,0.62541574,1.3680032,0.23082156,1.5179387,0.4343267,0.21967666,0.98636174,1.0295732,1.1550729,0.34189326,0.3436115,1.798844,0.5439238,0.98183686,0.47308254,1.0055902,1.3481822,0.016518503,1.0607929,0.52045816,1.3167895,2.1543272,2.0480068,1.8265173,0.8105836,0.44631556,0.49425188,0.65835863,2.191989,1.1171745,0.54646343,1.3527882,2.653661,0.025052303,0.8556459,0.63194954,0.12518051,0.8630437,1.6787397,1.1042439,1.5054517,1.0572913,0.5420109,0.21103771,2.2627442,1.0454905,0.36674818,0.5883782,0.6829136,0.63258946,0.23083346,0.65062916,2.3026958,3.3143535,1.3052971,0.66668737,0.6766607,0.94217056,0.19971156,1.1285942,2.6130803,0.7980236,0.2499724,0.16644923,1.0734335,0.024406299,0.3470225,3.2748055,0.43981794,0.4584408,0.26240832,1.1923263,2.8322105,1.1230344,0.3674215,0.8690685,0.19319694,1.2529871,1.3793683,0.86518544,1.0196973,0.25832638,0.342777,0.95947635,0.08538825,4.331845,2.0997617,1.9412045,2.5064936,2.092268,0.191569,1.1518998,0.51840293,0.5358023,0.42647275,0.17764328,0.6397821,1.1264821,4.048097,0.7845494,0.5751232,0.20482728,0.97860247,1.5346197,0.3704254,0.5141523,0.056055453,1.528972,1.4109563,0.052711856,0.8690801,1.5806147,0.06765452,0.6225324,0.35390535,0.07889466,0.14476816,0.46280885,0.25865,2.4875827,4.8629913,2.7690098,0.25004503,0.1412443,0.11807392,0.473995,1.676519,1.0668876,1.1355101,0.6068564,2.3350873,0.8192794,0.7058552,0.70128256,1.0041374,0.25570557,1.6935887,2.3053017,0.2607538,0.50562537,0.014467096,0.0812956,0.2744067,1.2281979,0.4359748,1.9816449,1.6451957,0.02577691,1.002893,1.6157376,1.7161977,2.1900952,0.62764513,0.7679087,1.6819997,1.4461778,0.694427,0.4692128,0.5819352,2.3584478,1.9015509,0.6395279,0.62529254,2.637144,0.82240736,1.1876243,0.5468441,0.26602897,1.2697581,0.31185356,1.5174199,0.88610774,0.57571995,1.7600826,0.91782534,3.949633,0.27470985,0.28809446,0.48707408,0.9172507,1.0735524,3.1661732,3.0617564,3.5317602,0.8020899,2.0177722,1.3050717,1.6774594,1.1626476,5.330196,0.18432975,0.48256308,1.1061225,1.1659646,1.0034021,1.2795023,0.8675635,0.9409726,0.0056152665,0.19246979,0.26837182,1.2015799,0.46543226,2.1494284,1.7865514,0.39705992,0.14600629,2.324714,0.9751222,0.8718117,0.884805,0.15922801,0.54145974,0.43135858,1.2507267,0.36880633,0.051492784,1.400504,0.74104434,0.064509176,0.77614605,2.7346795,0.68376803,1.600857,0.15528716,0.08352227,0.65369576,0.15061639,2.332716,0.89369047,1.3378443,1.0903969,1.6768932,1.3585725,0.29405618,0.020840924,0.20663407,2.1587372,0.8655755,2.3968418,1.0138336,2.0072603,0.71200216,2.026121,1.8337092,0.74407655,1.7175928,0.12855059,1.1152132,0.6626003,0.3541266,1.6098847,0.09051536,1.0887975,0.2674731,2.329899,0.84773946,2.265564,0.14157058,0.5357914,1.5928828,0.19218047,0.830332,1.1545858,0.087554656,0.46071056,0.406301,0.69109964,0.3704132,2.1536374,0.643951,0.2924076,0.6918262,1.8147355,1.1439002,0.9969462,0.41662472,0.17942788,0.91716516,0.06411753,0.08958317,2.9862735,1.8751912,0.79902476,0.20235583,1.1800714,0.66676354,1.2724665,0.5514602,0.8197602,0.0027755534,0.48607317,1.4739625,0.33331427,2.6838932,2.0369606,0.8245985,1.021688,0.0027540445,0.8960993,0.8266216,0.9076105,0.61310714,1.5423,0.59375274,0.24544363,2.055469,0.46428987,0.44277382,0.25145206,0.2828088,1.6126533,1.6983877,0.08488986,0.90887374,0.25769207,0.38201413,0.5697265,1.6187286,0.2987934,0.32473907,2.8430898,0.81558126,0.41987103,0.9114245,1.9575908,1.8985207,1.3945905,0.17405981,0.4758295,3.1913977,2.1512382,0.001256003,2.002994,0.5366014,1.2404828,0.6734622,0.61550426,0.03524092,3.3189716,2.2502196,0.70725507,1.1411247,0.29054487,0.5492168,0.16559927,2.3845022,0.71018904,1.5519048,1.0217329,0.1536335,0.87636566,1.6208177,0.5432079,1.6893078,0.0,1.7830231,1.6569048,1.2302233,1.3322972,1.4301742,0.76017606,0.6920136,0.31438088,1.3232982,1.365553,0.70161766,0.04006227,0.23510565,1.0956842,0.2935306,1.0638596,4.3817835,0.21330136,0.6764919,1.5878044,0.21148477,1.0322642,0.69334763,0.33603826,0.735325,0.12378017,1.3730688,all_pothole_images\pothole_images_pothole_13.jpg
1.0531433,1.1095328,0.5964509,2.6431518,0.57972056,0.049763504,0.17129956,0.2758623,1.838957,0.19416586,0.89004165,1.3699967,0.065095186,4.0104094,0.7535673,0.91035086,0.0002338411,0.847228,0.76824456,0.9373113,0.26395693,0.38146552,0.44028378,0.60060245,0.10784595,0.24758962,0.56393325,1.0983341,0.51799846,0.6756183,0.5118498,0.002043615,0.7631091,2.1646898,0.64345664,1.3873401,0.5479457,0.9258643,2.658707,0.023980446,1.0449234,1.5934037,1.5284934,2.2930942,1.2316821,1.3755957,0.3270324,0.0,0.8181858,0.032011867,1.1575648,1.3739537,0.017962953,1.3046879,0.28573593,1.208104,1.5062867,0.98544717,1.515301,0.08264578,0.034279775,0.30617407,2.1091988,0.086732164,0.6846824,0.43176052,0.66132534,0.054724745,0.39115438,0.40650648,1.3757601,0.6459493,1.3157322,0.13330181,0.5445547,0.7526888,1.021789,0.39563727,0.24741842,1.4842021,0.24020018,1.4607136,1.3600883,2.2446897,0.57047504,0.42580098,0.34756458,1.1829026,0.5176459,2.0607224,0.29654038,0.40273148,0.15239416,1.7048452,1.8225714,0.24426314,1.2178265,1.5204484,0.93422544,2.4247212,1.0958991,0.5161232,0.057728626,1.7661092,0.8664015,1.7385687,0.96997094,1.3995606,1.9128919,0.99944115,0.15386662,0.9636822,0.22575876,0.3163297,0.7065099,0.09985074,0.008653486,0.7126692,1.1540039,0.66048837,1.3013844,0.36000484,0.56413096,0.16059329,1.4400828,0.76617515,2.261322,0.092642196,0.27426165,0.14955196,0.68756014,1.0646108,0.41142,0.28179517,1.0695581,0.28617015,0.9818006,1.7344813,0.9878436,0.73755217,0.18804024,0.7193533,0.35611448,0.46925002,0.34444973,0.19201972,0.10811987,0.80862993,0.16391864,0.18020174,0.7060425,1.2222697,0.19195859,0.876694,0.30988008,0.055529125,0.71182686,1.2836057,1.0827775,0.23629598,0.7725116,1.908986,1.3696604,1.3801416,4.4265556,0.5910216,0.40126902,0.076624304,2.33419,2.4087598,0.09297625,0.6221283,0.13226011,0.3206614,2.289519,0.44284964,0.17937195,0.18029174,0.52788055,0.4732813,0.0,2.2281876,0.4654597,2.3916857,0.5843568,0.9714224,2.3334746,1.1623324,0.03480229,1.7634695,0.6084432,0.27602297,0.70124,1.438432,2.095831,0.57579535,1.0153273,0.6935402,1.390384,0.10381204,1.4388006,0.96086043,0.63301396,1.6124691,0.7441488,0.44170153,0.86402154,0.007954203,1.8655133,0.072779246,0.15099433,1.9605836,1.0931864,0.81519175,1.457306,0.15707777,0.021594059,0.0323563,1.2537549,0.7888774,1.8185686,1.0592911,1.2923707,0.2910104,0.33801556,0.9318782,0.9416214,0.25996023,2.3022516,0.7325822,0.5958216,0.3715016,0.13059741,0.053730156,0.5133304,0.7727482,0.5301397,0.29234478,0.7327119,0.57655203,0.90700924,1.485346,1.4064455,1.828089,0.25714812,0.22937301,0.29268447,0.73677623,2.5685194,4.613715,1.7085057,0.52588445,0.0007074384,0.42792666,0.09715915,0.12740548,1.4137573,0.19165011,0.53701043,2.266761,0.57994986,0.95311034,1.6029339,1.8005719,0.3878689,0.50680006,0.3099307,2.351726,1.8336792,0.66912436,0.4312625,0.0,0.33876038,0.41982323,1.6264536,0.57822454,0.6862256,1.1562501,1.3086967,0.12474048,0.24510784,0.68432695,0.9139236,0.83375907,0.12701495,1.4264358,0.56582063,1.3602809,0.09173531,0.06220072,0.358162,0.56620723,0.0,2.7555246,0.8440693,0.7801044,3.2968576,1.0456742,0.64140445,2.244394,0.30344546,0.16235094,0.74505526,0.74251074,3.7889633,0.6572744,1.778402,0.6378746,0.21298556,0.15559237,0.07176079,0.53749937,2.4732025,1.612721,1.2059884,0.96204716,0.6673353,1.1693466,4.02819,0.17545046,2.4196367,1.1254874,0.9654114,0.37504303,0.82808965,0.3468608,0.6539801,1.2068148,0.62144065,1.6639285,0.41949135,0.0,0.15892977,0.08031279,0.68450314,0.22129665,2.407728,0.680125,1.478738,0.4782727,0.23393506,0.6818343,2.2889538,1.44266,1.1991006,0.7832752,0.5386345,0.3562671,0.13900822,2.8296337,1.0859563,0.38562587,0.11681819,1.2330968,1.3537635,0.8540394,1.1186861,1.7408193,1.3471245,0.1284871,0.92292506,2.7532578,1.4989644,0.069485076,1.271522,0.21723607,2.3340027,0.012589713,0.33463937,1.5052786,0.338089,0.19657236,0.088555574,0.8206495,0.11447139,0.93428624,0.49053836,0.06942372,0.4002147,2.7514703,0.09300286,0.60434455,0.17350832,0.476166,1.6724606,0.0018538656,1.183366,0.44035885,0.19974259,2.1392393,1.5837709,0.1263722,0.47238478,1.538823,0.12419866,1.3864855,0.97629255,1.9661885,2.606018,0.015313244,1.2656566,0.46171692,1.2746263,0.46124262,0.39492238,0.2694639,2.0352747,1.9568199,0.08577115,0.0,0.115616836,1.3263786,0.24218243,3.0751598,0.038447313,0.25884974,1.159662,1.9806123,0.36424387,0.60686743,0.69104373,0.044839088,0.5923964,1.7366507,0.37382722,0.013811632,0.8934698,0.24035998,1.9981934,0.5633601,0.29965347,2.354587,0.058610342,1.3150415,0.09827045,1.1730031,1.8979809,0.71230704,0.665243,1.3945211,0.43140706,0.5339832,0.002724424,0.030227173,0.9213875,0.003398545,0.14390108,0.5016701,1.0646675,0.48281842,2.8967927,0.073307976,0.88997704,0.42107671,0.52423984,3.5701458,0.23340267,0.04922998,1.6855639,0.118741594,0.5592632,0.33133242,0.58656526,0.5282303,0.66902083,0.38084963,0.27532545,0.36813787,0.5438809,1.1670961,2.4314432,0.7261173,1.2453026,0.7579605,0.4277823,1.6647767,1.0165523,0.72351074,0.9519227,0.19840196,0.331667,0.71087974,2.6000228,0.124159925,0.2688497,1.758662,0.46572828,0.2411954,0.7545542,1.0180116,0.71388966,2.3078332,0.12983477,0.5223658,0.2930715,0.35574988,0.43568933,0.35412347,0.16188735,0.34379375,0.38632724,2.0555675,0.67489827,0.3558394,0.69651246,1.41202,0.8855866,0.08196746,0.16431388,0.042254545,0.3007792,1.6643536,all_pothole_images\pothole_images_pothole_14.jpg
1.6999949,1.1032974,0.699514,1.4326322,0.8111228,0.24473153,0.009564812,0.0,1.0184833,1.0935435,0.16526772,0.52156454,0.09340324,1.1160384,0.36519557,1.3255477,0.043388974,0.19173968,0.0,0.25033548,0.3021528,0.8083028,0.39338568,0.42155468,1.3135825,0.56036144,0.63673794,1.3135668,0.6479887,0.18266334,0.7628984,0.20373027,0.19626561,1.0697125,0.0,0.8289992,0.12610364,1.2220298,0.2685604,0.53856087,0.40508676,0.010870155,0.01633317,1.6160128,0.22813968,0.11835058,0.0070844074,0.4351686,1.5335141,1.3711137,0.01688519,1.9440231,0.8952062,0.28377718,0.23070066,0.2719435,0.6409638,0.3991594,0.38006878,0.36873958,0.02070968,0.43706396,0.008136031,0.68994343,0.12961933,0.98102087,0.28528568,0.16718218,0.6172307,0.043473586,0.070935376,0.17582315,0.91705817,0.066754974,0.13210946,0.5980219,0.342945,1.0500432,0.012900658,0.11354285,0.20036644,0.1654782,0.7399938,1.2357674,0.41643485,0.2737259,0.08162626,0.20958449,1.9986244,0.4824466,0.45433336,0.0,0.0,0.2909685,1.2342168,0.5869209,0.70351356,2.0807102,0.05431251,0.06674834,0.0027300962,0.35015333,1.2357732,0.5668611,0.028497739,0.003029113,0.20332427,0.20830601,0.031775914,1.2846649,0.0,2.3867128,0.463492,0.943569,0.7436112,0.14856496,1.379098,4.2860265e-05,1.9782717,1.5154207,2.3506804,0.7309298,0.0,1.4109275,0.95717067,1.1261271,0.070499904,0.30614087,0.30845547,0.0,0.025185516,0.099080406,0.0018505261,0.0,0.0086592315,0.74040717,0.0026912182,0.10596345,0.30273113,0.09367491,0.0,0.039141797,0.6890537,0.59171414,0.032786433,0.18699451,0.0,0.7003312,0.18291436,0.08314113,1.029051,0.3572877,0.025294773,0.43244436,1.4480135,0.28947473,0.028944857,0.3104668,1.9453688,0.23661092,0.87748754,0.9129742,0.10162164,0.68076664,0.27457038,0.56489426,0.1537187,0.01681386,1.1114619,1.3424097,0.0,0.018763505,0.2630181,0.0,1.5272468,0.04724573,0.4059234,0.0,0.14359966,0.0029846523,0.0,2.855133,2.3576856,2.9769998,0.8905206,2.476932,0.13808863,0.041896474,1.3439418,1.0957767,0.024833249,0.0024773004,0.028046656,1.268308,0.87264466,0.21188813,0.88759214,1.2297757,0.50521666,0.29507902,0.3972191,1.5447398,0.087534495,1.1299195,1.9615126,0.66496766,0.69645846,0.73508465,1.8446071,0.3154908,0.0,0.033605352,0.15798278,0.1888895,0.8391535,1.4788675,0.06324535,0.20791051,0.35904106,0.04884389,0.21425018,1.1046445,0.5216957,1.4091498,0.1320428,0.0,2.0707045,0.5627923,1.3758689,0.4197908,0.0909374,0.0,0.12070686,0.256255,0.577064,0.0686752,1.3612072,0.07602094,0.28302446,0.026755618,0.5682074,1.0288818,0.18727025,0.016709495,0.28793272,0.0015811796,0.8755924,0.37629792,0.68214554,5.064574,1.1000621,0.66230226,0.37763092,0.38107383,0.4836706,0.09397383,0.708323,1.0933818,0.5954318,1.5323097,0.020466391,0.0022688082,0.5665682,1.2686667,0.33935,0.72893226,0.15843895,0.46937817,0.84042245,0.072407,0.25502872,0.030968228,0.043234274,0.46971393,0.8843192,1.6890616,0.0019861043,0.016432706,0.14247906,0.23104942,0.009716474,0.7234247,0.7814248,0.04651526,0.20474179,0.73062646,0.35722616,0.06719427,0.18715356,0.2909453,0.05006134,0.010307507,0.32191178,0.70970386,0.014113785,0.6334827,0.07402688,0.9409147,0.31052312,2.3566346,0.09743698,1.1934248,0.022455908,0.5515616,5.5836105,0.7958921,0.0,0.2869476,0.23565511,0.1915514,0.085674904,0.23376441,3.780941,3.7555304,0.17730701,0.86469054,0.06861812,0.45112678,4.0533204,1.2563255,0.49019304,0.12524147,0.5610019,0.028467858,0.7026596,0.010324748,1.4139217,0.32411918,0.26251087,0.10619468,3.3040552,0.87186635,0.0,0.028233895,0.024180787,0.05094442,2.0783656,0.5583276,0.095516026,0.39419088,0.26453826,0.9808941,3.084175,0.5512092,0.46790278,0.5511441,0.16328254,0.048283964,0.03594878,0.20206961,0.12310454,0.8648341,0.6075806,0.046275012,0.60071075,0.5886574,0.031166207,0.8145842,0.58829737,1.9600613,0.23276472,0.38883877,0.46691644,0.37194142,0.24647054,0.7167288,0.42422056,0.0062947557,0.14711922,0.1785121,0.1258102,0.0102851745,0.16272385,0.10217044,0.31289113,0.010543441,0.49798858,0.79459083,0.24674392,1.2617493,0.40862927,0.087281324,0.20789249,0.4429603,3.531769,0.61199325,0.8436348,0.0015440932,0.052627917,0.62049913,0.32770938,1.7296153,0.73083913,0.20009671,0.03377842,0.01918448,0.7200654,1.1265072,0.014448252,0.2515946,1.9063779,0.30398455,0.2826318,0.024689162,0.14803682,0.2250152,0.5582388,1.005369,0.40331948,0.31763023,0.52545726,0.6891628,0.083090216,0.16363639,0.005897646,0.04210928,0.8249314,0.07747609,0.938621,0.3971227,1.5269259,0.67321664,0.8194018,1.4042872,0.9616374,0.025570495,1.1677196,0.56137276,0.017349787,1.1757131,0.20843564,0.9725067,0.7171978,0.78322834,0.047580544,3.8372571,1.4548897,0.89494157,0.0,0.90492016,0.14723638,0.42606196,0.25031006,0.05687921,0.07573045,0.007967292,0.016310174,0.21425912,0.085063465,0.87863564,3.6218042,0.3093456,0.4643601,0.7039427,0.8743879,1.6010363,0.8059742,0.37234488,0.13517168,1.4881757,0.5529742,0.21252981,2.2157564,0.0,0.06840597,0.38413873,0.011244712,0.008638693,0.06672713,0.04956488,0.7051487,0.4737698,0.13606055,0.009912532,0.2914418,0.53939134,0.11858233,1.0874453,0.1752121,0.28904244,0.5870539,2.0169315,0.5522689,0.88986796,0.05179289,0.22225761,0.1515464,0.48618227,2.2248042,0.021949563,0.24986614,1.4519615,0.49066085,0.7886165,0.0,0.0,0.14271997,0.0017052359,0.0038481853,0.0,0.2687557,4.647111,1.0627254,0.26060048,0.550194,2.145763,0.27100885,0.44331062,0.25644353,0.41196936,0.34729645,0.36116207,all_pothole_images\pothole_images_pothole_15.jpg
1.2903689,2.689952,1.0653775,1.9701518,0.85405093,1.3766882,0.18927386,0.13560158,0.3087618,0.61712545,0.4232214,0.21665168,0.32599667,0.8703941,1.5023355,0.62765837,0.6791174,0.05905483,0.081374645,0.10439781,0.21376714,2.008175,0.92848796,2.0251188,0.5081198,0.14855407,0.14581229,1.4155391,0.39127496,1.0124291,2.1717696,0.64850235,1.2816616,0.6905679,0.79359573,1.1003672,1.6943257,0.55854225,0.6360061,0.9881321,0.88198245,0.25883088,0.22974493,1.3341385,2.4335413,0.022455331,0.23232035,0.75957185,1.0775102,0.3891974,0.09830911,0.19394365,0.24009612,0.46564743,0.087159485,0.40173382,2.14895,0.026495976,0.85510623,0.44894642,0.004306599,0.30755767,0.27406627,0.71168363,0.10315018,0.39336386,0.82191336,0.18890642,0.17226136,0.12073953,0.39359832,0.19769894,0.8789116,0.92171973,0.14550553,1.9807686,0.047642533,0.22028334,0.09384443,0.7037809,0.031025125,1.2073268,0.032746222,1.4345002,0.6191626,0.6867755,0.21705408,6.377835e-05,4.515451,0.5189433,0.11399848,0.28065288,0.1827617,0.076336496,0.8359277,0.13347219,0.70626986,1.0456812,0.002521563,0.12784474,0.08132569,1.2276988,0.67404205,0.17308706,1.0188009,0.0,0.041986544,0.47149068,0.51021487,0.79928005,0.16514759,4.268491,1.365362,0.21789512,0.42083707,0.6305158,2.0435216,0.010680033,1.5205815,0.73365283,1.3204099,0.6473906,0.030517323,1.1870236,0.102220535,1.1171848,1.4594988,0.64105695,0.701636,0.42202517,0.76003367,0.10000106,0.35511002,0.0,0.851161,1.3619497,0.3548302,0.2990124,0.27914155,0.11712234,0.18607463,0.3662861,0.050744437,0.741124,0.086293995,0.9247814,0.25378215,0.8103329,0.20916826,0.2982308,1.4478536,0.48645008,0.9753273,0.009586992,1.8890666,0.64888316,0.096307725,0.2849936,1.0657486,0.13360505,1.2585416,0.7473653,0.12446156,1.3031491,0.33933535,1.0369112,0.8009932,0.0015858175,1.4193193,0.3569551,0.045146056,0.60056674,0.24438637,0.5664637,1.0923406,0.32279232,0.4793097,0.0,0.117775805,0.21254578,0.0021777737,1.5931208,0.6587322,1.2669744,2.0184937,0.23085324,0.034490265,0.9857981,0.72944236,1.0324355,0.20409173,0.47393763,0.09966236,1.7138946,1.0721498,0.04048263,0.9126507,2.2432022,0.9658913,1.1519399,0.12254846,1.0203744,0.053852163,0.3128569,0.12152717,0.6373014,0.49285996,0.0012088518,1.5672994,0.013391074,0.21918097,0.144403,0.7356456,1.8323579,1.3352228,2.2794116,0.27686638,0.19394197,2.3664625,0.39945766,1.4167508,0.0,0.4334441,2.5224738,0.09463194,0.7711204,2.2729814,0.4063594,1.6447154,0.409189,0.20999293,0.15538016,1.1030422,0.06698158,0.94846326,0.24906899,1.4656719,0.23866384,0.26179636,0.28323698,1.6048326,0.4272723,0.99300194,0.34859955,0.0,0.0076583438,1.1630291,0.004917818,0.44040912,3.637934,0.5391132,0.94313174,0.43821475,0.53376156,0.38861075,0.094982594,0.8956669,0.72460467,0.6663031,3.30819,0.0036389236,0.04049192,0.9845978,0.7485327,1.2276499,1.1204208,0.3473318,1.309934,4.254965,0.27519092,1.0183961,0.04627793,0.00083045225,0.78398776,0.77409273,1.4134976,1.731839,0.25656983,0.30825812,0.31821755,0.21178298,0.5197645,0.27928275,1.1878269,0.46072686,0.71161884,0.5199187,0.6000693,1.9569714,0.29669675,0.2873272,0.6669058,0.16714197,1.87036,0.18041326,0.82764745,0.35921836,0.079633124,1.116879,0.5507335,0.0061651496,0.24863283,0.0881445,0.866863,6.347432,0.496052,0.74466527,0.7948909,0.54829663,0.2320108,0.08708271,1.1737804,7.05579,0.59819895,0.2291197,1.6552497,0.027405607,0.6924853,1.3486996,0.35848254,1.8150586,0.023415625,0.011023236,0.3043595,0.15440226,1.5892614,0.90345746,0.5967645,0.6147982,0.5289032,5.143989,0.251338,0.21396491,0.14042908,0.043216586,0.29119113,0.96820486,0.057349846,0.48223993,0.23627047,1.3633815,1.0110631,1.799464,0.006071902,0.8578256,0.31980622,0.6677771,0.0,0.310107,0.30931512,0.7654613,0.9840931,0.30221912,1.1114452,0.6087484,0.31510484,0.28851184,0.10418747,0.31255835,0.72806215,0.021371594,0.6835432,0.54052454,1.1531986,0.045950554,1.4716613,0.6010043,0.3043111,0.9158615,0.1932599,0.07085831,1.3979744,0.5000415,0.08819933,0.8700954,0.052930743,0.7636922,0.39067003,0.045869373,0.34277457,0.23176488,0.29306653,1.2817496,1.926788,3.5484877,0.5333222,2.3384204,0.0511475,0.5598109,2.2159433,1.0450553,3.0438592,0.19040503,0.009108808,0.011516476,0.31528935,0.6699115,0.5775567,0.18424559,0.027041165,0.30980435,0.88614553,1.2146708,1.1622266,0.25141525,0.029010218,0.8901172,0.52314764,0.003965519,0.628918,0.15514825,0.033168416,0.49660245,0.609557,0.022455104,0.36606738,1.535248,0.28235728,0.7171919,0.014855214,1.2918482,0.8453827,1.3659364,2.01268,2.229529,0.49369538,1.7895246,1.5344447,0.68088514,1.2276657,0.5747594,0.6187668,0.19749299,0.519025,0.47600898,5.1719303,0.86620843,0.2040917,0.24521811,1.8342755,0.10580233,0.52939236,0.06185419,0.23491226,0.66762924,0.0,2.1925638,0.61746323,0.6659989,0.60949093,2.13355,0.67366546,2.9589918,1.2465677,1.069647,0.59323424,3.0157344,1.1154114,1.0145856,1.356532,1.8531755,0.0039807674,0.92241955,0.031312417,0.7011203,0.57405937,0.27549604,0.0,0.3611273,2.5452876,1.4209445,0.0037640736,0.12964381,0.65716404,0.6909547,0.35541943,0.17895317,1.3922355,0.55093867,1.0895063,0.7901998,2.128525,1.7598352,0.8541574,0.087902956,0.5744359,2.3660135,0.51306826,0.89445275,0.08761051,0.3500031,2.1320252,0.24207194,0.003702978,0.0,0.6919602,0.36398038,0.26388368,0.0019001653,0.09030203,0.12296577,6.345419,1.0707595,0.36976692,0.68657655,1.5259218,0.0,1.0197113,0.20327577,1.0338086,0.14997126,0.42045537,all_pothole_images\pothole_images_pothole_16.jpg
0.69405776,1.5086614,0.49828,0.6933852,1.0240656,0.402875,0.63575006,0.19470324,0.17785652,0.32492682,1.1881896,0.63542277,1.4952362,2.5916848,0.14594169,0.5044354,0.28510678,0.668658,1.0978581,0.7847895,0.84062666,1.3630139,1.9101543,0.98927486,0.44963866,0.89245355,1.2307035,0.65577525,0.012131121,0.17056236,1.871369,0.042866394,0.5345149,0.8984217,0.13376693,0.06718657,0.7374917,2.0634391,0.6703163,0.69741267,0.3021977,0.34185874,0.4350491,1.1977931,0.4539453,0.6150579,0.25428528,0.6324363,0.014998593,0.092917934,0.65713704,0.0,0.69489074,0.2187461,0.09873125,0.08257914,0.099478975,0.27371615,0.1651464,0.023200171,0.058918152,0.0,0.5014362,0.24029377,1.3298672,0.84977674,0.5060297,0.33623838,0.31135166,0.68512654,0.17006451,1.1552002,0.3296758,0.0008448733,0.025258647,0.044746578,1.3042177,1.0839243,0.21246661,0.014533981,0.07601849,0.26073658,0.30067977,2.038597,0.67414963,0.88015795,0.3145355,0.0,0.7520224,0.17581786,0.71217304,1.2341337,0.71169585,0.19350637,0.4300935,0.76472175,1.251005,0.35245946,0.74305147,0.28566918,0.59529465,0.9960456,0.2531078,0.015304908,0.0009060307,0.5367996,0.4133689,0.05421755,0.0018501709,1.5561805,0.99939024,0.12320732,0.47035754,1.7459172,0.122404605,1.1075368,1.6561291,0.049116395,1.8455689,0.12889895,0.48557937,0.5933067,1.4564906,0.42446563,0.027000988,1.0782996,0.30455053,0.029155726,0.054613795,1.1017437,0.41548517,1.1958612,0.4972313,0.3697291,0.12311212,1.8732748,0.41524088,0.15897804,2.0275,0.6909903,0.9433599,0.22469695,0.31235534,4.6835256,1.4069251,0.17901604,0.49561882,1.1662002,0.13318872,0.5573243,0.21033466,0.8083868,0.020060193,0.024859061,0.12139283,0.430894,0.85185015,0.6953581,0.1939733,0.7033503,1.181282,2.5570586,0.20497675,0.6396628,0.60469234,0.09000801,1.1318629,1.9171611,0.17857614,1.8671764,0.5731196,0.0,0.5139734,0.0052810726,0.17514281,0.13536477,2.4894562,0.5702686,0.29333535,0.25235263,0.4875053,0.9407403,0.8705468,0.507916,1.4693117,0.32025373,0.58098435,0.070896015,0.06895677,0.15431228,1.071719,0.10692606,0.67665786,0.026119102,0.15581532,0.5299803,0.19710152,0.68094796,1.1924719,0.17112923,0.08958541,0.43661824,1.1039065,0.674343,1.162505,1.3054241,0.41114596,0.34465197,1.4024212,0.2732445,0.07180708,0.21087648,1.8365229,0.26117674,0.66270757,0.13498954,1.9495052,0.2581149,0.10193397,0.7192227,0.786875,1.0639435,0.88636506,0.7320152,0.17470533,1.1106212,1.1557802,0.2754572,1.7487447,0.53668386,0.71658766,0.5873077,0.2833694,0.5543599,0.18195155,0.5390049,0.5407838,2.5432842,0.40907225,0.071664095,0.8836225,0.32432562,0.748519,0.24884537,0.7589387,0.52488256,0.69855154,0.52819455,0.10115231,3.9552472,1.0881902,0.026424417,0.27024958,0.9403219,0.0,0.4127728,0.6184526,0.86089075,0.8948126,1.323619,1.9926652,1.7062165,0.3389478,0.21957724,0.29872313,0.10616404,0.4076799,0.08100422,0.9023523,3.127814,0.09780477,0.46182293,0.35722756,0.77886134,0.26594254,1.0039588,0.6319347,1.4533665,1.7296172,0.8716656,1.4871929,0.045670558,0.514874,0.02248661,1.4683753,0.24498902,0.16923073,1.520298,0.65076774,0.47288507,0.008679087,0.79067165,0.8922298,0.49472165,0.32038623,0.6865118,0.021934249,1.6045077,0.1487503,2.333673,1.1923275,0.77194697,0.0061648646,0.042220164,4.7908864,0.14326833,0.44804528,0.74199283,0.30005607,0.06977434,0.035597123,1.1044384,3.1419377,0.72833633,0.014808083,0.07024834,0.46810794,0.2885076,1.6975247,0.52488667,0.23861077,0.0043659047,0.23950438,1.0629833,0.4672347,0.5429388,0.86801857,1.5761669,0.65063196,1.5044092,3.676453,0.5894569,0.45873222,0.96793747,0.37648547,0.26316786,1.7924119,0.42360967,0.48174718,0.16608244,0.00056848937,0.5754818,1.5377074,0.6875349,0.5053083,0.6429224,0.5506532,0.18855974,2.059687,0.6395939,0.27230597,1.855596,0.13725226,0.016826136,0.08819362,0.23150566,1.1951555,0.77645,0.24470216,0.68025064,0.4557202,0.9308534,0.070692986,0.10495051,0.01763242,0.27087152,0.73318,1.1535257,1.4020584,0.48396125,0.96703565,0.7746377,0.23092487,0.9457067,0.7200745,0.58520836,0.86910695,2.5699055,0.63111955,0.331831,1.0978014,0.021440823,0.25393033,0.7260823,2.0109487,0.33353513,1.3369863,0.079871036,0.07569595,1.1871859,0.111493476,1.2478888,0.51522374,0.09461159,0.23247579,0.080685236,0.10422402,0.2598124,0.14211105,1.4742284,1.9533458,0.043293763,0.9490812,0.9707813,1.244535,0.030304926,0.9779185,0.61248046,1.1997437,0.010883217,0.04781021,0.10359541,0.42091778,1.5269139,1.240144,0.31865183,0.04659162,2.0297651,0.0032872926,1.186276,0.7257913,0.22145681,0.5227028,0.21867608,0.26853868,1.5284562,0.020039497,2.248767,0.020097518,0.43239558,0.48300883,0.6229276,0.7722426,0.16694924,1.4811357,0.89051086,0.7256031,1.0635554,0.03572316,0.24386172,1.6918477,0.6183909,0.18324472,1.9288757,0.36786732,0.8799213,3.6649637,0.20005748,0.97532254,1.301814,1.754279,0.70257694,0.41286913,0.4935533,0.5127674,0.035765115,0.9478002,0.17662191,0.39531294,0.4528049,1.0954837,1.1304284,0.06627353,0.080816984,0.22046988,0.7651882,0.1001962,0.76910484,0.23696439,0.5850072,0.26998577,0.648557,2.6572747,0.36705905,0.5250588,0.03683301,0.15628931,0.00041579397,0.42369848,0.6546006,0.33357698,1.3179312,0.03863708,0.51338726,0.28949282,1.0802236,0.788997,0.56664556,0.6184751,0.28421474,0.27854848,1.2760785,0.05633699,0.5030002,0.43702495,0.8248342,0.7579346,0.04777739,0.19584009,0.06690165,1.8976517,2.0425072,0.19723497,0.7768888,0.0045534684,0.2806343,2.3612428,0.28733104,0.5267818,1.0544169,0.3696461,0.31545344,all_pothole_images\pothole_images_pothole_17.jpg
0.69816697,1.0054377,0.26486373,1.10919,0.8612129,0.3074715,0.30085513,0.1302208,0.022241183,0.5050703,1.0526083,0.5486069,0.22123656,0.95868057,0.031591296,0.032825664,0.3244638,2.4049716,0.21033715,0.25534213,0.33499596,1.4724637,2.2804582,2.409824,0.35764274,0.58569646,0.06836319,2.0085082,0.13539259,0.22637375,0.20983875,0.0,0.4637897,0.55314547,1.1589811,0.86201733,0.66569424,1.3996456,0.061259717,0.053227555,0.0,0.070327014,0.27903345,1.1676764,0.578744,0.19159263,0.38670427,0.23495261,0.0086577935,0.7801336,0.7026207,0.4675475,0.45536363,0.16493715,0.30025515,1.0367688,2.7071352,0.54596984,0.22056653,0.98120785,0.08973256,0.937628,0.82355326,0.26346996,1.2563715,0.59290195,0.2517587,0.38044313,0.10652614,0.33379355,0.22109595,0.25321984,0.4575203,0.20886977,0.31484714,0.027513249,0.38617036,1.9733918,0.0,0.33570942,0.024928998,0.10187894,0.14558055,1.0127746,0.4480033,0.5702352,0.0,0.20240209,0.53941023,0.26251817,0.5233211,0.90844554,0.12536784,0.219704,0.020916935,0.03526314,2.083396,0.9212121,0.71312165,0.35970142,0.27748683,4.7541847,0.76703846,0.005852156,1.0662711,0.46519017,0.106218055,1.366807,0.32035807,0.47394904,0.13357939,1.1314433,0.9780928,1.8866819,0.03325156,0.4610934,0.57186925,0.13321313,0.6212193,1.1388179,1.8255419,0.46333188,0.32703462,1.6601408,1.6290791,0.741858,0.5362556,0.7094353,2.2946482,0.43658236,0.87999094,0.16118182,0.4054943,0.7105586,0.12158153,1.2666806,0.0036467337,0.5081011,0.8714606,0.046877258,2.991683,0.7577371,1.2859564,1.3281664,0.2579933,1.3954544,0.13787352,1.824911,0.022972394,0.0,0.4361637,1.0722759,0.59038377,0.100961655,1.697103,0.45996922,0.7527375,0.029067982,1.1005281,0.47586206,2.4226127,1.4300686,0.15631327,0.4883858,0.24998328,0.0,1.8259715,0.19106656,0.37346578,0.8960538,0.5784567,0.3217386,0.012379544,0.10615798,0.71283656,0.098204546,0.4251663,0.0053386646,0.24425428,0.1742297,0.67452085,0.61606663,2.442044,1.2513996,2.1504383,0.13204262,0.118167534,0.149745,1.0264397,0.11758965,0.5260901,0.71872336,0.3658778,1.6025794,0.18123178,0.64027345,0.23948976,0.34681144,0.37761337,0.449951,0.69963056,0.9614137,1.1852444,0.42013696,0.41301104,1.2636495,1.3972597,0.21906708,0.6124497,1.5694027,0.0,0.4298128,0.41093692,0.5562496,1.6192429,0.0037350678,1.0717534,0.1302058,0.08777412,0.009823896,0.0046268804,0.41675216,0.78190017,0.10182113,0.072701514,0.0039637983,2.6689253,0.25804162,0.5099192,0.746389,0.15607506,0.0,0.51934206,0.9852103,1.7317907,0.00015336793,0.76042426,0.29530448,0.07867797,1.3195623,1.060113,0.054023206,0.5491036,0.62004673,0.46534964,0.04643211,0.75095254,0.27128848,0.18353812,3.325511,2.1456354,0.031442814,0.100028075,0.104870446,0.14690222,0.83678705,0.29221395,0.15392533,0.12460728,2.0533674,0.5076709,0.21345057,0.07688796,0.11549508,0.44834447,0.040037267,0.44538605,0.9096541,2.436945,0.025427777,0.26329458,0.08433638,0.087938085,0.7906279,0.22902504,0.39652237,0.13698696,1.1923497,0.47252974,0.7832217,1.2299898,0.23967406,0.24415791,0.89697987,0.25802064,0.18954057,0.15494467,0.2369316,0.45913726,1.1534512,0.8999219,0.23367628,0.033298396,1.2764325,0.12820697,0.8785607,0.5112112,0.23338147,0.49761596,1.2578452,0.6282448,0.386932,0.05025524,0.063372515,2.8946576,0.08839782,0.02746978,0.29455516,0.0,0.07651844,0.2884346,1.0470068,1.583601,1.2523849,0.87727004,0.445493,0.16558763,1.2002535,1.6931438,0.2077507,0.39541486,0.0031292557,0.97633827,0.6566188,1.40081,0.107119784,1.1467164,0.10005614,2.573185,0.04150464,2.052281,0.07182224,1.3825549,0.003632338,0.011465279,0.04575566,1.2135121,0.36037338,0.15532976,0.24482125,0.67486763,0.06856993,0.6861365,0.05404832,0.5228167,0.6810547,0.28279534,0.3319358,0.019130507,0.69136226,0.03516042,0.46281314,0.3819659,0.13458274,0.73310024,0.42986923,0.13257983,0.4856177,0.015525724,1.039858,0.26462492,0.8724645,0.1500362,0.60499775,0.0,0.027298959,1.4532125,1.2689556,0.8517105,0.13387708,0.63341475,0.044242956,0.6550369,0.08853667,1.8077978,0.26569092,0.74459255,0.47153413,0.7224035,1.519488,0.26686364,0.01293031,0.42705297,1.3469052,2.7254333,0.23417655,1.4480267,0.13441724,0.0,0.2314256,1.1130877,0.4595355,0.035613623,0.42130068,0.15139562,0.0,0.44440383,0.071369186,0.11050928,0.43594956,0.39744407,2.3451447,0.9469994,1.0131443,0.046322566,0.4721955,0.6462725,0.32099077,0.5028289,0.39371786,0.024817033,0.5579517,0.052933667,0.34166655,0.23537154,1.9090437,1.146192,1.7065175,1.120553,0.16976827,0.2285305,1.6078079,1.122817,1.7530218,1.561287,0.61894226,0.81331646,1.0233145,1.4710195,0.41872892,1.011063,0.39888537,0.0009795816,0.19981095,0.74282455,1.760894,0.76310146,0.4476172,1.8795835,0.20925537,0.5953786,0.6605105,0.4584946,0.039327487,0.21719182,0.15111342,1.4381816,0.8212175,0.31109485,0.8416469,1.2396098,0.12748376,0.5866352,0.24546775,0.10764408,0.87947994,0.3814062,0.0,0.2721807,1.0355942,0.9419403,0.37642673,1.4140874,0.09612392,0.62442553,0.021692669,0.003992871,0.0,0.71530205,2.1182904,1.6765189,0.27148712,0.056494016,0.96434206,1.3827587,0.07196596,0.8429466,1.5456594,2.027693,0.47101516,0.4997807,0.72079706,0.98003465,1.2237316,0.0,0.24471654,1.0333068,0.11606439,0.47147673,0.01144708,0.47402012,0.8732882,0.030963607,0.4683349,0.006417157,0.01896527,0.52245706,0.12513863,1.0460451,0.014948985,0.25302595,4.230757,1.2575988,1.422581,0.0019044094,0.56012785,0.5206177,0.23401283,0.10479568,0.69098693,0.4419209,0.048254594,all_pothole_images\pothole_images_pothole_18.jpg
0.37107024,0.963072,0.009338038,2.7231917,1.2486949,0.20871684,0.8949698,0.22039281,0.0,0.75648683,0.4041247,0.81650317,0.0,1.3314723,0.0542183,0.4888003,0.0,1.9805942,1.530411,0.047631726,0.11324839,1.3542719,0.48119095,0.08707093,0.41981384,0.99240917,0.88610977,3.3074875,0.17032942,0.015402521,0.35529554,0.010870016,0.3878208,0.008848728,0.3640226,3.0604863,0.16656311,0.5132975,0.63344955,0.2772638,0.0,0.08864864,0.014753366,0.68524426,0.47086665,0.35699314,0.6027547,0.0016584361,0.6593176,1.2114913,0.25767875,0.2431036,0.138017,0.00016722569,0.0,2.226099,1.8853924,0.61058104,0.0061780596,0.1992145,1.0304912,0.17050168,1.3713931,0.37882176,1.7331809,2.5891805,0.34886035,0.050045293,0.011278544,0.2541134,0.05551173,0.95831996,0.20156138,0.04399762,0.086902454,0.1507033,0.006654772,0.7207719,0.4247408,0.31694192,0.19899821,0.232,0.2857614,2.0394666,0.26456365,0.0,0.028567592,0.0,1.2992275,0.041700646,0.117012665,0.23977159,0.014383488,0.2567017,0.22718506,0.0,0.45730972,0.07917552,0.4292819,0.09012191,0.3715807,4.030886,0.4110873,0.084508546,1.7269682,0.0,0.0,0.17181881,0.29464787,0.07078133,0.051243704,0.46160418,0.48676214,0.13127086,0.29464507,0.0036820322,0.75817215,0.34925643,2.0293458,0.083708376,1.3643537,0.023842558,0.101827405,0.26056647,0.15101756,0.393666,0.3740275,1.1463096,1.1349663,0.20363696,0.90583384,0.064949006,0.29533428,0.26272887,0.66860336,0.04442103,0.2418177,0.4824103,1.0144075,0.0038433676,2.2651799,0.28560054,0.20012802,0.8117144,0.6112199,0.5213887,0.37814936,0.278698,0.7534782,0.116261065,0.28754875,0.041424677,0.013416636,0.14606878,0.9691787,0.10975639,1.1612947,0.120693244,0.59071064,0.22810596,0.6534437,0.85733426,0.39744887,0.7239681,1.1324999,0.008515444,4.8380795,0.50097847,1.0290536,1.6785539,0.29983205,0.110018834,0.0034352802,1.0006957,0.22388382,0.049410112,0.35436082,0.004209265,0.9278661,0.043289613,0.24800399,1.1778755,1.3811296,0.052248497,2.629543,0.10273332,0.68475807,0.0,0.06545264,0.48779705,0.081955016,0.21425623,0.106139496,1.6180425,0.3176171,0.29132098,0.05104568,0.23561563,0.16954978,0.363105,0.14747071,0.15434799,0.53024054,0.20902382,0.0,0.12183327,0.5927397,0.20869027,1.793836,1.2148778,0.0060302,0.04472478,1.2977196,0.68980694,1.395694,1.9393303,0.4280416,0.015157959,0.5964519,0.40740153,1.128158,0.034611158,0.26349485,0.017341303,0.0,0.07253713,0.7534229,0.17559071,1.3613511,0.74604326,1.2016925,0.10762142,0.17959507,0.06986003,0.1780643,0.034928277,2.0406725,0.49840304,0.21767962,0.5543978,0.039835285,0.2256927,0.46847096,0.07828411,0.7119879,0.0,0.687041,0.03832036,0.11410791,5.353736,1.7962039,0.020228848,0.5979814,0.24579567,0.09315035,1.0433316,0.6058929,0.12669419,0.607015,3.6164036,0.70496166,0.056726813,0.33017603,0.9604933,0.17886953,0.9244478,1.2137201,0.058460034,1.1120336,0.02028298,0.080419995,0.03422341,0.09607572,0.07130455,0.71076685,0.4672674,0.4051298,0.34447607,0.84340185,1.4355751,2.5880883,0.12547852,0.5867336,2.452714,0.09209808,1.3729036,0.6545676,0.14498815,2.1812773,0.5601051,0.061456334,0.0068611032,0.17006932,1.5082514,0.2541513,0.2693488,0.16317421,0.2679987,0.2903113,1.3810475,0.35456505,0.5982366,0.09688996,0.26987723,4.643629,0.01655552,0.5775399,0.29527608,0.04804991,0.8285508,0.2778213,0.76870435,2.4108179,1.8253404,1.1294708,0.8174075,0.0067390096,1.0223869,2.537074,0.2655222,0.06582284,0.045244835,0.28218547,0.308819,0.30847603,0.61229575,0.39980736,0.021368632,1.1613246,0.20514205,3.6937592,0.2801429,0.13903445,0.088848315,0.2118096,0.01518035,1.1923205,0.26574907,1.1217457,0.042656228,0.1736301,0.3992551,0.9628528,0.8620317,0.3757458,0.7577398,0.02371169,0.3319354,0.8391889,0.03644942,1.0088338,0.15945494,0.00084343937,0.49389577,0.01946726,0.0,0.18847442,1.7666603,1.0433642,0.23304059,0.019801017,0.73385245,1.8486198,0.04363481,0.0016782782,0.0,1.940319,0.08618699,0.39468503,0.4775062,1.2709336,0.0051268456,1.1085416,0.0,0.2100022,0.032292984,0.008150636,0.031384863,0.21980213,0.17896305,1.1063467,0.08208987,0.12265577,1.427657,2.6718912,0.2808251,2.398025,0.451539,0.3297941,0.47737682,2.0579407,0.21200489,0.1898563,0.5838105,0.3414224,0.05034073,0.2960853,0.12870401,0.24056797,0.8342219,0.1346521,0.8277673,0.33055955,0.35137814,0.5954583,0.06712838,0.58636725,2.0425756,0.21486709,0.0,0.56218195,0.053158004,0.054458383,0.31647897,0.30549866,0.2770396,0.62407094,0.96676946,1.0853723,0.014508938,2.55983,0.94780666,1.0332814,1.3382802,2.1373458,0.63023514,0.15467872,1.1136682,0.20713405,0.42827123,0.19931185,0.23002835,0.044719093,0.87483853,1.5406871,1.7048978,0.35677132,0.20077725,0.16956672,0.67353016,0.5965741,0.0601656,0.0,0.038104765,0.6943607,0.0356926,0.7973157,0.29574642,0.028101334,0.5517367,2.3526602,0.07083282,0.8653614,0.4039835,0.10140053,0.62295175,0.14428204,0.15626475,0.037559863,0.9498742,2.729512,0.08058716,0.5674552,0.0,0.72929865,0.02792956,0.11583599,0.07342982,0.38577428,1.089796,0.524553,1.5040264,0.13298143,1.3384187,0.43583018,0.0,1.2341188,1.2575039,0.2763506,0.03387759,0.10968041,0.9708678,0.6285827,0.27964634,0.0026148483,0.24252817,0.2872301,0.17022587,0.62462944,0.0094237495,0.31905878,0.7977202,0.89144194,0.03891154,0.0,0.5044837,0.06305757,0.30565515,0.30852202,0.41571,0.69917446,3.6313257,0.28099152,0.0131114265,0.13999192,1.0282313,0.2895938,0.08966237,0.16086948,0.91986674,0.045962527,0.15030783,all_pothole_images\pothole_images_pothole_19.jpg
0.68127745,2.7069957,1.593836,1.030154,1.394458,0.50186926,0.52105564,0.20336737,0.6487543,0.9510756,0.31648377,0.5106238,1.1551071,0.88285995,0.24237375,0.8110232,1.0185665,0.17420396,0.5417886,1.1075108,0.0066728066,1.7904688,1.5449866,2.8568413,0.1933686,1.1936337,0.13392736,1.6426932,0.23291461,0.6712807,1.7910304,0.64305204,1.1888974,1.4695047,2.259634,0.9123056,0.60474837,0.9905585,1.2091986,0.33368048,0.4272604,0.51472837,0.47186083,0.6182553,2.242897,0.26082337,0.5079455,0.22365533,1.2328618,0.8680864,1.8884752,1.7175232,0.6078168,0.9241749,0.52645385,0.21514665,1.3884327,0.0719784,1.8071004,0.42005202,0.54261506,0.11708168,1.8717321,0.16902865,1.0105566,1.4875017,1.8245168,0.17933223,1.436705,0.953297,1.132313,2.298304,0.12952222,0.13903818,0.9358684,1.1094751,0.6860022,0.3993224,0.041408014,1.4454463,0.46121833,0.9123169,0.87861896,1.0451827,1.7764958,0.21245034,0.13274564,0.5168089,2.0280213,1.01496,0.16839533,1.5765387,1.0035621,1.342114,0.4020748,0.6006946,0.88431674,2.240103,1.0622172,1.2472994,0.4472494,0.6564401,1.2946398,0.62050414,0.84295255,1.6195959,1.0724397,0.6327311,0.3276696,0.840302,1.3474342,2.3159544,0.39306608,1.55975,0.84963715,1.0537595,0.17322984,0.9790126,1.1855738,1.3791405,1.4924291,1.2686177,0.9293859,0.21222848,2.0074284,0.3734275,0.96359026,0.8735577,0.3825182,0.889247,2.5242949,0.17208208,0.13550377,1.3162549,0.15142263,0.7359315,0.28338727,0.08774727,1.798882,0.49287516,1.1748205,0.8643663,0.28669152,1.8058304,0.47245193,0.3545597,0.28880814,0.1551618,1.3260106,2.0394368,0.6078445,0.9318958,0.40013942,0.496896,0.9724017,0.21931574,1.5163511,1.3891648,0.4916792,1.0142921,1.0572444,0.79339707,1.0567228,3.5704908,1.3578035,0.51761067,0.82476246,0.60981864,1.2011917,0.38690075,0.2849897,0.072137356,0.19427137,0.15914352,0.71634275,0.6340633,0.99852204,1.0888484,0.029526044,0.81035596,0.9409228,1.5969764,0.77434224,2.841615,1.3769312,1.191376,2.3717055,0.54306805,1.0235435,0.71376956,0.5777429,1.5156051,0.8487204,2.5170188,0.9396881,0.9272386,1.4129556,0.8004701,0.78582853,2.2073975,0.8124331,0.7864667,0.25978947,0.34560093,0.7964124,0.7766032,1.0242873,0.05017047,0.28488943,1.0507838,0.33070302,0.441965,1.7603563,0.43443158,1.1546645,0.1611194,1.3697495,0.07353408,0.31628686,0.485256,0.7672949,0.06991523,0.6567627,0.8541319,0.6083352,0.4661072,0.80166715,0.46347415,0.7578238,0.54058015,0.46413243,0.71533656,1.5125421,0.15257354,1.6547018,0.26825038,0.43553594,0.029608464,0.6668194,0.53832775,0.7931155,0.60996157,0.23060203,0.45460275,0.17245999,0.030298678,1.5238502,0.96661377,0.4134089,1.0637664,1.3894439,0.1405761,0.36729896,0.046591185,0.36421412,0.051218364,0.93825006,0.5995229,0.52970594,0.61114085,0.44643927,1.2452329,1.1684726,0.8255271,0.023169512,0.49628183,0.3576199,1.1149255,0.992519,0.30045804,0.2748943,0.022638543,0.122974254,0.62973964,0.9696656,1.699287,1.293239,0.7319992,1.2811688,0.9811258,0.08012953,1.1605623,0.8717136,0.76957476,2.4255843,0.9477732,0.3034086,1.1317811,1.7038361,0.4592559,0.32401034,0.064308606,0.0,1.6498251,0.8452718,0.7005961,1.9576454,0.48906276,0.7263436,0.7195936,0.3460878,0.093472466,0.6195138,1.1588011,1.7637103,0.28875807,0.42905673,1.2110798,0.53982246,0.5765037,0.10858162,0.68115145,3.8941498,1.0773615,1.4542172,0.18132968,0.39791197,0.44291398,1.0509969,0.60207516,1.4016293,0.23684715,0.54624003,1.030715,1.3795418,0.6581723,0.90571725,1.4918765,0.45015463,0.7868427,2.7862105,0.6393427,0.15249942,0.049169168,0.97189295,0.9362573,0.3900279,0.07265884,0.91169214,0.33647245,1.6166276,0.95054346,0.9014809,0.35283294,0.3137909,0.745812,0.63616496,0.2455844,0.5863094,0.7441269,0.106703416,0.55420417,0.24815173,0.90953904,1.2607869,0.5855773,1.7438159,0.79378694,0.5007681,0.5444538,0.95892465,1.1276261,1.1516482,0.29678553,0.5169741,0.7149306,1.3693284,1.4080474,0.24634527,2.309897,1.0011675,0.62651145,1.1288865,0.7691555,0.7950637,2.3910208,0.43640602,0.4162144,0.46568912,1.4980772,0.7359989,1.7702608,0.32162428,0.9102282,2.4489079,0.46054956,3.0361693,1.9379908,0.50737935,2.797619,2.555175,0.5239531,0.36868477,1.0343459,0.38652638,1.4196177,0.87633264,1.3819189,0.93237495,0.35528633,2.8029408,1.348521,0.19387248,0.11772163,0.3237116,0.6334606,1.8752006,0.20180237,0.051668923,0.6070405,0.1144366,0.33102804,1.2872586,0.5599498,0.431608,0.3674546,1.1613656,0.2794345,0.26138812,0.2323584,0.2441563,0.7770503,1.1790115,1.6079108,0.42787784,0.60023683,0.7978962,1.5959444,0.5983511,0.81656396,0.9032306,2.2795923,0.54700166,0.7313386,0.39759573,1.5064937,1.246994,1.0185633,0.6063289,0.88144314,0.32095182,0.37921232,0.8909335,0.26199037,0.115740836,0.8301647,0.69947684,0.25621328,2.2025502,0.5519589,1.3176836,1.1236151,1.6123476,0.773863,1.1228409,1.2228988,0.15391143,1.1290013,0.17593256,0.1268793,1.5232086,0.5342838,0.898835,1.4556389,0.3859013,1.108322,0.2056509,0.42312014,0.95768774,0.89780635,0.9015476,0.6139124,0.40723687,0.44219863,0.33176807,0.08810429,0.63565236,0.20365728,1.531575,0.09414363,0.7118974,1.3691401,0.62330776,0.3600449,0.17633103,1.0161669,1.4124147,0.62818855,0.1674021,0.06955541,1.2183515,1.445491,0.7939469,0.02303228,0.3410354,0.16041543,1.3302904,1.8575541,0.19625176,0.67143,0.54379654,1.2595043,0.63730186,0.61578816,0.57110435,0.4969218,0.2722043,1.2566843,0.5140167,0.5005001,0.20977694,0.37847963,all_pothole_images\pothole_images_pothole_2.jpg
0.6828843,1.3866857,0.5373772,2.996425,0.4523292,1.2040954,0.8421266,0.38226482,0.4966269,0.7429205,1.1620562,0.72302806,0.46055496,3.3331342,0.06277655,1.8436769,0.3071071,0.1964294,1.2148913,0.78078955,0.2850234,0.82367736,3.5904665,2.448617,0.8326148,0.63917804,1.1060613,2.383265,0.40675774,0.01345033,0.76424026,0.14353244,0.36659777,1.0800223,1.1403234,0.1596303,0.45585126,0.30769557,1.1305636,1.4642458,0.0,0.26575765,0.71789175,1.082979,1.2414705,0.77480555,0.02522124,0.21960711,2.0211234,0.22675972,0.4146547,0.4341756,0.40525302,0.13952276,0.25354776,1.3838629,1.874617,0.6122163,0.383013,0.72661954,0.040538594,0.9403085,2.024686,1.9188961,2.235434,0.44130668,1.9322752,0.8808006,0.96241283,0.2054511,3.312959,1.6073656,1.6122334,0.06521849,0.6383312,1.2031639,0.5718715,0.27546105,0.06254491,0.736685,0.027639845,2.8338013,0.5949754,1.5953478,0.9558384,0.4390854,1.4358249,0.7338898,1.1265182,2.1196709,0.18376015,2.9206018,0.5272634,2.0320463,0.066834256,0.48786646,0.11419654,0.68754244,1.868574,0.9334292,0.3221885,1.6055839,0.66655743,0.82301694,1.1708003,0.6018665,2.35813,0.514092,0.41953418,0.5680767,0.45990083,0.6213573,0.9257335,1.7188891,0.38891512,0.39109123,0.08369889,0.72842944,1.674186,0.83365476,1.9839551,1.4337902,0.27196646,0.8810647,3.4741902,2.7915578,0.037302874,0.17010188,0.33774063,1.0988691,0.76637775,0.42083302,0.94508606,2.0583272,0.16341658,0.35875604,1.2841804,1.8889029,1.0704192,0.5540856,0.42531037,2.026883,0.06583997,1.1813774,0.37770844,1.0491651,1.7555819,0.2777479,1.4088262,0.1571875,0.009196804,1.349762,1.3915514,0.17629436,1.1465465,0.4878205,1.6999346,0.51226944,0.15035579,0.60135376,1.8391532,1.3983742,1.1693196,2.51558,5.359268,0.18321942,3.6635535,0.17688763,1.8677434,1.474548,1.1029334,0.19822323,1.3963621,0.760181,1.3880326,0.3905515,0.44409224,1.1825604,0.41064343,0.22522363,1.2544209,1.6808596,0.45671636,0.6459432,0.62579125,0.84792125,1.8207693,0.43548876,0.91790473,1.3833305,0.09565398,3.5434086,0.34604937,0.95910597,0.6817157,1.2482681,0.15428136,0.64069426,0.1338519,0.805837,1.6533366,1.2459489,0.49873695,0.2487214,0.6774896,0.18182926,0.29749262,0.0,2.2378345,0.985503,1.1626472,1.1693059,0.56596076,0.1455175,0.8535699,0.28813517,1.2537692,0.2388545,0.42258537,0.3332535,1.6115202,0.11047844,3.0339034,0.30776703,0.57108253,1.9887203,0.7733444,1.2968671,3.08557,1.0981551,0.8980694,0.38068765,0.6541155,1.0076923,0.0031212398,2.8280845,0.6328906,1.0818436,0.24464056,1.1669308,1.1194743,1.3563695,0.23660761,0.66136867,0.4309508,0.9471171,0.553481,0.22153027,0.65095836,3.8789678,0.6426798,0.06306993,0.35462308,0.66246414,0.23704974,0.15838586,0.8360808,1.0595185,0.2027051,1.8611462,1.2209061,0.3419,0.6706535,0.5737,0.62552005,0.7223926,0.20847784,1.9728659,1.6560099,0.027520252,0.29477605,0.044760372,1.1438004,0.37587053,0.562314,1.2976903,1.9053851,2.7221146,0.18834344,0.14492443,0.75838417,2.3213017,1.1356089,1.6764588,2.0482912,2.059737,2.048757,0.88667905,1.6221762,0.93948364,0.56246334,0.8789536,0.25107908,2.2485557,1.258678,0.49951607,1.4253982,1.7077556,0.7808851,1.4461298,0.4030322,0.9255767,0.023887232,0.16145995,4.956995,0.42856625,1.3290881,0.03314223,0.89775676,1.7694038,0.049592562,0.21798809,3.113546,0.49677703,0.4544847,0.33380118,0.2312973,1.0839326,0.7679513,0.18577929,1.2910279,0.44630423,0.9991679,0.8291499,1.220069,0.5502821,1.2162524,1.0623738,1.2187088,1.2936391,2.073439,0.45813274,0.2635299,0.10026528,0.2586935,0.3809475,0.48521236,0.53153634,2.241729,0.4311667,1.1327063,2.2509642,1.6920649,0.22533658,0.8640257,0.03308419,0.78383666,0.17260294,0.21405266,0.83339924,0.10840143,0.83842856,0.20942068,3.0140698,1.0999422,0.056223873,1.1426572,0.71807027,1.2250569,0.1507555,0.58416677,6.5537844,0.34137344,0.067637,0.2953247,0.23494124,1.5892477,1.0106877,0.53878415,2.8135753,0.59091043,1.8862511,0.28275704,1.383163,0.27316704,0.77510554,0.09514269,0.31450462,1.296726,1.7287018,1.0267051,0.37355158,0.8976942,0.66188455,0.9483832,0.9826275,2.7434044,1.7080951,2.015274,2.296726,1.0682925,0.3516421,1.0602549,0.4154685,0.005184143,1.0710763,0.9224333,0.23488201,0.26810125,0.10113315,0.5554941,2.943905,0.4594467,1.019359,0.11162814,0.397167,0.17782158,2.4000528,0.633207,1.203894,0.38266054,0.6251166,0.11266241,0.3184453,0.6703406,1.2870083,0.853151,1.1271948,1.1677924,1.6421351,0.87531465,0.28264293,1.9365702,2.0413272,2.534932,0.9925866,2.0598102,0.33080742,0.5723379,1.9326228,3.8564618,0.6012493,0.6202716,0.6266414,0.11858508,1.1320708,1.4850336,0.6537527,0.03743859,1.3230039,1.0102495,1.4260658,0.059994914,0.06481241,0.08812257,0.55038375,0.74747777,1.5526311,1.3400581,2.520242,0.95665723,0.36572942,0.8528676,0.7616499,1.2383103,0.67731905,2.2203715,0.37143567,0.813351,0.5758251,0.9455409,0.828639,0.26330033,1.232811,0.7962977,0.24825065,0.89136034,0.60470015,0.89703715,1.2980223,2.5556512,0.17116752,3.0099592,0.015849033,0.68388695,0.9497084,1.0912547,0.06138346,0.17832632,0.32567903,0.23718429,1.4010396,0.38580492,0.27118447,0.39608765,2.1611483,0.21239822,1.12433,0.8641391,0.3901066,2.3815725,1.45146,0.096399784,0.05455926,0.13806237,0.2004893,0.13412519,0.121887274,1.1342516,1.9720865,0.04934891,1.4043825,1.3359505,0.018377878,1.9614617,0.35341537,0.30491582,2.238693,0.27432677,0.5122758,1.9105517,0.4622801,all_pothole_images\pothole_images_pothole_3.jpg
0.7782283,0.64298946,0.053545643,2.08224,1.2713132,0.080906145,1.2075249,0.021098774,0.5799777,0.5702486,1.1681482,0.95146763,0.17399655,2.2529626,0.7121476,0.31052926,0.36065578,1.5720441,2.784835,0.11972039,1.2635248,0.43991208,0.06426673,1.6434942,1.4458002,0.4742141,1.5699185,1.3842038,0.57216626,0.43104637,0.18174009,0.46935105,0.7057584,0.27571633,0.030658605,1.3151374,0.4115729,1.7487291,0.67549753,0.10558518,0.47650224,0.04955244,0.35324648,3.6467001,0.5628339,0.42014685,0.7036014,0.44094187,0.9354925,1.505324,0.8726324,0.6095616,0.52078635,0.07839408,0.4525397,0.6921486,0.9607196,0.09800104,0.82034534,0.006258296,0.07591065,0.5813989,0.08522944,0.38403592,1.3717132,0.94217455,1.7165176,0.12045134,0.044588964,0.15337838,0.7678897,0.22960459,0.2904321,0.07302004,0.5454,0.12955628,1.1862762,1.7189324,0.058794532,0.44898206,0.17329383,0.09315889,0.634646,1.5703211,0.49402732,0.27204373,0.48095766,0.5653301,1.5453142,0.26357922,0.29189277,0.02901404,0.118907586,0.11557549,0.2878545,0.45462826,0.66163516,2.2809556,0.5210493,0.38608822,0.29170728,0.94551456,0.44657147,0.1313329,1.3664492,0.0,0.19945265,0.7601785,0.546407,0.20036921,0.00060548546,1.6722684,1.1937658,0.35832423,0.13865559,0.10532867,0.4574957,0.011197479,1.8508285,1.1288244,1.6043457,0.20472352,0.09907568,0.8534819,0.4214405,0.18903448,0.53453726,0.56088674,1.414592,0.101275906,0.0,0.03236031,0.037204795,0.09101354,0.3016408,0.18683402,0.24067007,1.457496,0.29082915,0.2502045,0.5864617,0.070840165,1.296592,0.12709478,0.43776003,0.20799197,0.03901963,0.83530676,0.05871396,0.011016349,1.5433578,2.0450535,0.0,0.4606897,1.2799041,1.1753438,1.0086899,0.13662592,2.1984155,0.8551888,0.075766735,1.3977923,0.50764453,0.14384313,0.7175655,0.2912319,1.0454673,0.024365503,1.2009646,2.0411713,0.37531552,0.25197098,0.0014490595,0.0041239476,0.12055029,0.43919846,0.51536506,0.23113698,0.52524257,0.79372185,0.006678454,0.591832,2.2642002,3.5225468,1.1434335,1.7568483,0.29926997,1.2328908,1.4223393,1.1283581,0.045309223,0.32007802,0.06818239,1.5804733,0.15432741,0.28181595,1.2948288,0.9053549,1.2861704,0.7592105,0.67167926,0.7483969,0.9270144,0.24448988,0.5411592,0.16629985,1.1641157,0.6090928,1.5968035,0.41536817,0.036581032,0.15764102,0.7347736,0.36774704,1.7767549,1.1999292,1.484302,0.33227086,0.3132982,0.21713105,1.4562013,0.14640677,1.6185726,0.15552159,0.054336507,0.3965607,1.3164784,0.84577787,0.4361616,1.3157643,0.28649902,0.17975383,1.2637589,0.46274567,0.61474764,0.1085997,2.1527002,0.39978212,0.056569584,0.31736326,0.1899989,0.17925562,0.011539941,0.43673596,1.0740141,0.013611071,0.27236935,0.07991996,2.0475569,5.080204,1.2604645,0.15621963,0.08536747,0.4490165,0.6303487,1.457102,0.9266912,1.2837036,0.09571478,4.1715364,1.4195514,0.21228069,0.50834423,0.40579635,0.08421492,0.23671958,0.3235719,0.90764576,2.9045908,0.007406675,0.43983644,0.0694317,0.4783254,0.016052382,0.5901278,1.5931244,0.0,0.030764718,0.7010768,0.99482507,1.5179708,0.73233974,0.8157104,0.9368102,0.5615082,2.0982034,2.327634,0.1124102,0.28412017,0.022037879,0.24170008,0.072351895,0.56001806,1.2538958,0.081776634,0.7740885,0.41900307,0.59928703,0.30734906,3.4931161,0.6088124,2.7166584,0.15349744,0.018259788,5.525332,0.13679554,0.035357796,0.055634778,0.03241471,0.6300135,0.62724334,1.5656,2.3491998,0.8274095,0.8313843,0.88626456,0.52272034,2.0882962,3.0414238,0.18384247,0.73178893,0.05842987,0.4728496,0.33383292,0.06871274,0.093736045,0.74189234,0.040748533,1.4627082,0.009405579,1.0134524,0.9580455,0.24925706,0.046879135,0.18988399,0.7173625,2.896033,0.3077893,0.44873574,1.0881817,1.103222,1.1079823,1.205565,1.2950202,0.60169506,0.27320734,0.390025,0.69207436,0.8329203,0.036498327,0.46129015,0.20062463,0.8973328,0.8936498,0.14100163,0.13194786,0.35597673,0.5264119,0.75334215,1.4600662,0.013952011,0.90819895,1.135843,1.237506,0.12747331,0.042938933,1.6405866,0.3136388,0.8251679,0.23326862,0.4282664,0.83901596,1.3409964,0.27339825,0.38454863,0.7425765,1.9355545,0.12081001,0.37401026,0.6494388,1.7181921,0.4071732,0.8143967,0.6980409,1.8521572,0.84268796,1.5764487,0.016128762,0.0690624,1.6086617,1.195953,0.46118844,0.6254527,0.5740799,0.03727459,0.052379854,2.297287,0.007879631,0.25799584,0.11339532,0.1747529,0.2261153,0.4524512,0.48855352,0.86836785,0.4876398,0.21290633,0.43980727,1.1813122,0.13948669,0.7430962,0.24200015,0.53815997,1.0773596,0.28971443,0.25885484,0.43920392,1.1429253,0.5460334,0.057229996,2.4200282,0.5203589,0.76613694,1.4812536,1.3430222,0.2248417,1.6865114,0.9049676,0.49712455,0.32591376,0.049006518,0.389487,0.5322699,0.68209076,0.015511856,2.7626722,0.5314246,0.7742705,0.10982509,0.26802358,1.6599859,0.35424566,0.13778897,0.12684605,0.876651,0.03014765,1.0568477,0.45335865,0.10851062,0.720115,2.7611802,0.9301629,0.21706527,0.56902957,0.6351393,1.4619344,0.48463267,0.12484374,0.3321766,2.0019066,2.2370214,0.17788392,2.1471124,0.17570347,0.48276538,0.33030143,0.31790257,0.10618169,0.42633787,0.91972536,0.088436015,0.40204695,0.29720393,0.6449698,1.5169566,0.182704,0.5534081,1.7599319,0.41868365,0.19386002,0.41490942,2.1261356,0.38732097,1.2148895,0.027264368,0.34163448,0.34673345,0.07608725,0.86288226,0.015582189,0.2272014,0.9383939,0.39245504,0.2598023,0.045852408,0.028853584,0.21274726,0.73386353,0.24999543,0.1693398,0.67914706,4.6127634,0.30800816,0.85819477,0.6287164,2.7559097,1.4324138,0.19388677,0.37024814,1.0016954,0.23118861,0.3192504,all_pothole_images\pothole_images_pothole_4.jpg
0.79328823,0.9649128,0.17322524,1.5771879,0.9308801,0.49856937,1.7992165,0.0,2.0033975,0.5805219,0.20273507,0.10269634,0.18585002,0.92347544,0.0028899198,0.2557229,0.39401987,0.033164475,0.34566382,0.12027636,0.18121873,0.10026611,1.7975705,1.3872317,0.6767589,0.5934262,0.33563384,1.6870816,0.32914072,1.2146598,2.237437,0.057869576,1.1507845,0.81605405,0.4811524,1.2496951,1.4766028,0.35638776,0.8753355,1.0672659,0.086560324,0.6836722,0.35075644,0.7669004,1.1226885,0.24898942,0.0032716356,0.4630808,0.22026743,1.434063,0.9739129,0.26313755,0.3290156,0.53224903,0.4721812,0.57656413,1.3619456,0.44609147,0.69779855,0.8214256,0.0,1.2324297,0.24105355,0.50907546,2.0394998,0.014608468,2.1770673,0.97535276,0.04874071,0.17009209,0.28733745,0.33397815,0.32804233,0.20837344,0.40632787,0.07795396,0.49251327,0.57319826,0.20478636,1.3247344,0.1329153,0.93798906,0.14715478,3.5492525,1.1328517,3.134903,0.43448195,0.3750012,2.1213672,1.1197075,1.0660841,1.3350428,0.5537619,0.8211685,0.1780824,0.037286893,1.1028751,0.3158354,0.8409208,0.15812232,0.18759933,0.6886782,0.46228552,0.9735658,0.17856048,0.31993917,0.91028976,1.304,0.08417325,2.0989034,0.529448,1.1401184,1.3206868,0.73265237,0.461026,1.7619722,3.1583471,0.48533648,2.8128064,1.3875138,0.08997849,0.4444225,0.41275036,0.29270285,0.3074073,0.81652534,0.49396497,1.0341965,0.24687898,0.14767554,1.5444516,2.692521,1.0662885,0.10456551,0.1888227,1.6356926,0.06396112,1.0186194,0.04443854,0.25544515,0.0061297645,0.19278653,0.59628457,1.1501216,0.37028807,0.70371634,0.73531723,0.6463446,0.23704614,0.081106186,0.14404869,1.0291352,0.88571334,0.0,0.57758677,0.4068234,1.0081027,0.15964879,1.63437,0.28674594,0.5832405,0.2816684,0.1703853,0.7523206,0.9654521,0.47723305,1.1909019,0.40600273,1.3926637,0.1420335,0.4385547,0.60056865,0.26065367,0.022567868,0.4888328,0.0013823431,0.74981135,0.3227378,0.11213043,0.14558534,0.6170016,0.8895272,0.107608035,2.0386097,2.0340805,0.0,0.78683025,0.8932495,0.3903209,0.99987996,1.3798676,0.19641103,0.8878443,1.7399344,0.16027188,0.0024963464,1.1826823,0.87484324,0.6985003,0.053482823,0.6818635,2.0862644,0.16229165,0.3422445,0.24066629,1.3492136,1.8327653,0.7758283,2.4623523,0.95926285,0.43522045,0.34171003,0.88799286,0.8224477,1.0057068,0.88166,1.7163382,0.0,0.7410147,0.51523906,0.36294317,0.22001776,1.4992503,1.9435023,0.6438405,1.5253379,0.73304987,0.9500652,3.4695268,0.12557638,0.5818222,2.8498793,0.9872086,0.5866662,0.14274497,1.3276114,1.0854299,1.0348644,0.0,1.0630884,1.3880556,0.043576214,0.30991852,0.6379828,0.032234255,0.19764698,0.28872842,0.5241181,0.72172326,2.274931,0.5834412,0.54533553,0.43508294,0.6750623,0.31385958,0.002832045,0.33966374,0.96723443,0.9989266,1.6208104,1.3162104,0.26347703,0.8412285,0.5195232,0.7083309,1.4874101,0.16453797,0.4640376,1.3313513,0.85475755,0.27798188,0.3378858,0.20072788,0.0,0.2431757,0.98807245,1.1247215,0.4964576,0.51811,0.80064684,0.1464573,2.429187,0.021530138,0.38276014,1.4668884,0.3886527,0.12725855,2.0571623,0.62343276,0.2231615,0.32731822,0.7211762,1.104926,2.2661204,0.056951094,0.83911,1.871421,0.331792,0.026185522,0.45808375,0.32110533,0.28972787,0.028973717,0.9650219,1.7481608,1.0301012,0.74145555,0.43198037,0.7783234,0.2863611,0.08300006,0.057107612,5.278603,1.5631558,0.4213492,1.3367164,0.009878796,0.9650514,1.9940906,0.7679812,2.1005058,0.403172,0.09681168,0.6704486,0.17657791,0.21892251,0.180273,1.6890562,0.12116446,1.1894177,2.4635136,1.0281472,0.24418351,0.07218591,0.75024974,0.5601969,1.789412,0.108855,0.32878608,0.46383175,0.69140863,1.6513773,1.9030621,0.3955956,0.039749943,0.1834413,1.0075881,0.6674274,0.0,1.1019995,0.06868618,0.15093882,0.9063923,0.17912857,0.678724,0.018779945,2.475783,1.2288581,0.5843626,1.1234586,0.5898136,0.104095295,0.41911995,0.18500571,0.07541794,0.45830217,0.16955827,0.9851881,2.594422,0.2835774,0.83618087,0.4087986,0.4729737,0.4069718,0.84509104,0.7844097,1.5659904,1.1932943,0.026627684,1.0867136,0.68419427,0.095422216,1.710015,1.2073455,1.8440524,2.6820037,3.0424716,0.29646698,1.4780295,0.38813034,0.67533267,0.29221648,0.34627056,0.40021238,0.49026847,0.06646909,1.1322562,0.0029409672,0.49717858,0.016151333,0.62142676,0.0,0.11030586,1.264791,3.2138128,0.0,0.22769196,0.48769012,0.14371856,0.51002616,0.20193303,0.16452135,3.0406506,0.6528713,0.10114296,0.15300338,3.90207,1.695286,0.98463553,0.2803745,0.0,0.4314076,0.24740276,0.6937329,0.26254365,1.0545849,1.3901637,0.43857428,1.4537488,0.77084047,1.0339823,1.1603116,0.14051129,1.0694318,0.39666167,2.6459463,1.9867345,0.6208148,0.093125574,0.7262988,0.56945485,0.27489877,0.21619448,0.04336999,0.4379783,0.15737486,1.5709835,0.17674746,0.4877963,0.4561878,0.5767055,0.8366748,0.75094455,0.341605,0.867459,1.6113156,1.5762612,0.4767402,0.7688195,1.1535598,0.29730523,1.3534795,1.0895046,0.057935182,1.5502952,0.5538396,0.4434666,0.8414125,0.19036782,2.6263819,0.8968946,0.020777559,0.13847454,1.314591,1.4434875,2.3868403,0.10495558,0.6655314,0.029209798,2.5757654,2.3966694,1.5664955,2.1644657,0.2512356,0.8538201,1.2842587,0.99762005,0.5200708,0.85178936,1.4067501,0.81559783,0.6993243,0.088599816,0.0,0.43608576,0.26342586,0.06844155,0.619174,0.0,0.074423775,0.8651971,7.1758547,0.31949028,0.57673067,0.91654956,2.304565,0.2212877,1.1539025,2.2113438,0.83141714,0.18595734,0.18663423,all_pothole_images\pothole_images_pothole_5.jpg
1.6698483,0.989018,0.21075757,1.1019565,0.94815886,1.263899,0.6727635,0.021766026,0.24342941,0.70335263,0.71770185,1.0171824,0.88517463,1.702948,0.0729455,0.0058387904,0.61060226,0.20793985,0.20794585,0.60165036,1.6440781,1.0308,1.0379341,1.6942171,0.32346526,0.6223518,0.981676,2.874303,1.1001472,0.3123125,0.41943163,0.45996487,1.4438223,0.9248106,1.123704,1.3909535,0.92078555,1.2748216,0.85235673,0.6246008,0.5009287,0.32632285,1.6846895,1.7340218,0.6024724,1.3906046,0.17821942,0.2843154,0.9743726,0.44286096,2.1029623,0.3119225,0.81833446,0.55877376,0.48432925,0.54581714,1.8267665,0.31434852,0.543128,0.95989585,0.5945029,0.35365605,1.7562547,1.3181255,0.6329827,1.0807915,0.71850085,0.19504093,0.00028771177,0.16625567,1.5152448,0.42581317,0.4868574,1.1589859,0.39917746,0.3398294,0.5439349,0.874718,0.27730018,1.0264604,0.6046985,0.60891527,0.76083195,0.98095536,1.2903714,0.94764847,0.15940693,0.030804252,0.9063858,0.058662325,0.61619186,0.59568894,0.44617793,0.2523944,0.5104552,0.5727465,0.21126159,1.1092963,0.7441146,2.3228877,0.41182396,2.1254485,0.7479704,0.8054658,0.10524821,0.6841543,0.21086136,1.2605585,0.07911733,0.80156994,0.17272599,1.0223597,1.2012576,0.36238384,1.454871,2.0400102,1.930269,0.31157106,1.3734467,1.3694954,1.3354254,0.67965096,1.7735758,0.23286873,0.7816195,0.8598614,4.3724647,0.08469721,0.7294238,1.879349,1.2975236,1.4564649,0.7809049,0.5796677,1.0959586,2.703844,2.2099264,0.6958222,2.4361553,0.16588755,0.73477274,0.93555,0.3479995,2.1572132,0.9990498,1.2754723,0.0,0.3908383,0.81639385,0.72175735,0.89116323,1.530365,0.4181404,0.17225336,0.73948836,1.0619291,0.69493395,0.25287506,0.8717379,0.3238594,1.0311432,0.8953007,0.0002711318,0.6724721,0.18488479,1.0874019,0.3619028,0.97704905,0.5197606,0.9403962,0.8642679,1.4737872,1.1635793,1.1693324,0.0035076418,0.19576018,1.7777977,0.7378093,0.5886266,0.6826908,0.37918556,0.8939497,1.4851028,0.752885,1.2552203,0.7586282,0.40526193,0.5483426,0.59399617,0.034994256,1.7887574,0.11161916,1.0662193,1.0578178,0.71832246,0.7168582,0.9075579,0.142013,1.111571,1.4769363,0.27072376,0.5692726,0.8457811,2.354888,0.44887826,1.1443814,1.0548637,0.070512846,0.5474689,0.12245007,0.21008715,1.3719314,1.2510172,0.89207417,1.2472779,1.1661469,0.64377433,0.1998515,1.295843,0.64386797,2.852626,0.055823367,0.44273174,0.3818754,0.003428401,0.5692796,1.5177003,1.3858231,1.9279953,2.2921653,0.48623624,0.9170782,1.566952,0.016593536,0.5191088,0.36488104,1.324557,1.0449657,0.1498032,0.34577185,1.1148664,0.38144308,1.4861313,1.2766792,0.006069315,0.080452025,0.47327456,0.5392917,1.139269,3.3300445,0.97371495,0.48714188,0.17146437,1.1685935,0.14763469,0.71574306,0.3844293,0.15491627,0.040460356,2.5353281,0.60837054,3.6135929,0.7796774,0.13116746,0.75289214,1.2448288,0.318525,0.84631985,2.3987966,1.3924556,0.19423898,0.059318032,0.46756214,0.64651406,0.014846895,0.21099849,0.5109246,1.2190211,1.353118,0.95141304,0.3299155,0.51343167,0.2848761,0.27559108,1.2170081,0.13289264,1.3966615,1.209553,3.2522614,0.41120383,0.4751372,0.7446816,0.07897082,0.90800047,0.19099204,1.066398,0.9411655,0.05108684,1.3319347,2.6714246,0.29433593,0.21544045,0.08320008,0.9080458,5.5224023,1.3202785,0.23860393,0.107776925,0.8937285,0.45463556,0.946075,0.59542173,1.3214691,1.1183038,0.42091516,1.7437856,0.014884058,0.4892764,2.8747644,1.6197561,0.48096073,1.0395203,2.420561,1.4726163,0.36116636,1.8532422,1.4036311,1.3631601,1.2558447,1.2300462,2.543812,0.037211064,0.41906956,0.43067133,1.0597018,1.1389129,1.8175781,2.0193942,0.42956838,1.274117,0.2033391,1.0031979,1.4465973,1.0932506,0.6333403,0.7574601,0.8734605,0.7515303,0.40519434,0.4415029,0.84208,1.0630081,0.13166055,1.8886541,0.91962266,0.08536053,1.2881871,0.45510337,0.30740276,0.11414185,0.35351273,0.3234485,1.3163248,0.99777997,0.13397346,0.3003773,0.49695283,1.9515387,0.3072695,0.39403775,0.70697147,0.88975126,0.44804242,0.58001417,0.55412275,0.772765,0.22674589,0.29686153,0.4860717,0.7734248,0.10702022,0.27241415,0.17002128,0.77664465,3.2647593,0.8441288,2.6315796,0.23243251,0.17262521,0.9557582,1.2134465,0.28399247,0.12263331,0.24784859,0.780217,1.01273,0.49263114,0.9753212,0.9353427,0.04485515,1.297717,2.0328126,0.87628746,1.189432,0.57505924,0.38479027,1.1754774,0.6577687,1.4141157,0.7099234,0.8613211,0.113801524,1.254308,2.8514926,0.15285641,0.23356365,0.35274544,2.2494862,1.8038718,0.16969731,2.7379282,0.3652605,0.9500481,0.7748886,1.4947673,0.5943412,1.0622102,3.0232625,0.42029667,0.55839187,0.7841093,0.93543535,0.13450947,1.0003456,2.7356334,1.6197774,0.31953615,1.4123158,0.46614966,1.0297127,1.0340725,0.10599792,0.24485901,0.27490315,0.3058225,0.80133474,2.7450256,1.5780678,0.25093365,0.78303385,2.3805368,0.9065707,0.692181,0.4838988,0.7123614,0.59731984,0.21227893,0.4844779,0.22908618,0.26377708,2.7131727,0.6319449,1.5090952,0.24608082,0.21649681,0.03368417,0.8203716,0.33316845,0.7770811,2.031464,0.46621826,0.74342555,0.6836412,0.6069916,0.10125355,0.09365546,1.4497733,2.4677837,1.9059446,0.38816443,1.0099001,2.1668262,0.70312166,0.74939346,0.26203883,0.0,1.3543473,0.106720716,0.20282659,0.50356084,0.2656373,1.1682631,0.12968266,0.37174416,0.008937307,0.24501076,0.10258052,0.17457332,0.034556564,0.033838294,1.5094067,3.2246096,0.42283747,0.9374635,1.086964,0.63158995,0.48719358,0.7758263,0.003663821,0.07152813,0.118233465,0.048454124,all_pothole_images\pothole_images_pothole_6.jpg
0.06455252,0.7139395,0.0191121,3.3462076,0.8112801,0.5255512,0.4564655,0.5508314,0.91918105,0.51826155,0.9878798,0.47935617,0.27889085,3.6083367,0.8518563,1.3448371,0.124928206,0.27045575,0.8048172,1.7257031,2.4380946,0.6201657,0.8165199,0.019939436,1.1806982,0.59503484,0.74599457,1.284017,0.72018415,0.49153826,1.324519,0.16234761,0.26915184,0.33947036,0.26268303,0.8759345,0.4656657,0.14563163,0.93208826,0.47320548,1.2668085,0.5864143,1.8758212,3.0951538,1.1022891,0.81485885,0.35271877,0.0042958087,0.5103436,0.07091544,0.7767935,0.63963926,0.08928106,1.2798345,0.07550591,0.4971221,1.6003791,0.40474573,0.14862373,0.58354604,0.08492516,2.0828831,1.6959362,0.71167177,1.2694819,0.13738362,1.0364791,1.0004358,0.0,0.37048152,1.1484745,0.9035071,0.50573814,0.18722312,0.22802329,1.0216085,0.85268635,0.8587149,0.0046802675,0.63343936,1.7733421,1.5923839,0.6751371,1.4724118,0.5210964,0.99466354,0.6579769,0.16731445,1.3975848,1.4289541,0.16126822,1.1741164,1.0443295,1.0934122,1.7144737,0.6274675,0.765044,0.82438743,1.0141647,1.1952435,0.545254,1.5910579,0.35770136,0.0649678,0.22201678,0.47128963,1.619972,0.6906387,1.0657046,0.60165215,0.30854943,1.4185324,0.63997597,0.1372972,0.2498265,0.061287943,0.0023789755,0.582223,4.0696106,0.90983987,0.5415335,0.1528687,0.27512184,0.49041316,0.89214855,0.68340516,0.100025564,0.0035120598,0.002564795,0.17133416,0.40542337,0.010828643,0.8404984,0.9680006,1.1599592,0.7677472,0.47674388,1.1075468,1.1843008,0.10464304,0.29469875,0.18401279,0.049620364,0.25094265,0.6131622,0.22261937,1.484602,0.027160946,0.5472916,0.39498192,0.034741372,1.0679603,0.85346234,0.61547214,1.4238486,0.5013035,0.63826275,0.67011374,1.1115804,0.98674697,0.54348993,1.3622769,0.6712089,0.052012887,1.429128,0.53787416,1.2175057,0.023418942,2.3924577,1.7515436,0.93996096,0.24993095,0.9020913,0.08671109,0.043969233,0.007921927,0.68041164,0.50291955,0.68648964,0.30815053,1.1087555,1.2351018,0.4981142,0.22888778,0.9910953,0.75696665,2.7118723,0.38676515,0.33397132,2.0799496,0.32443208,0.09549099,0.20173575,0.74523365,0.93168473,0.68684363,1.9092587,0.5300704,2.3913226,0.13101323,1.6474885,0.579282,0.57776815,1.5459193,0.4791217,0.06386528,0.18636507,0.27858174,0.8557714,0.5797855,0.12544899,0.09833995,1.3970022,2.7076588,0.43844947,0.64208734,0.28441313,0.31883162,1.6577902,1.7999011,1.6278065,0.055130545,0.62421495,0.4183831,0.7600201,1.6851681,0.3986658,0.35392803,3.3515458,2.104625,1.5942289,0.74830717,0.34142023,0.29680994,0.15505141,0.46775234,0.63106966,1.5416778,0.3533882,0.41716346,1.2487164,0.39915976,0.05683514,0.35540178,0.06755995,1.0928885,0.734408,0.94045895,0.30589193,5.804503,1.3228141,0.4886125,0.3381846,0.1537561,0.0,0.20859224,0.7817912,0.28992704,0.73425984,2.8786764,0.41789323,1.1815206,1.0983398,0.653051,0.2683292,0.0267298,0.9202756,2.04736,1.1657107,0.113393284,0.63119525,0.00935351,1.7096457,0.10968129,0.0103796525,1.0818766,0.9692912,0.32061583,0.5961956,0.15664546,0.33364108,1.9629662,0.40330198,0.053983934,0.6278553,0.6046735,1.7306376,1.7409172,0.07374888,0.31591192,0.36299908,0.93769056,0.08416246,0.83653164,1.2242053,1.136381,1.31306,1.0169898,0.1822138,2.4762223,0.55000144,0.11458467,1.3891841,0.17913947,6.355577,1.1932089,1.4273183,0.089129835,0.28426346,0.36798033,0.2386811,0.52250427,3.1447797,1.7117229,0.11725201,0.4861628,1.0409629,1.0462607,2.6034892,0.35176608,0.50596625,0.73055863,0.14601426,0.5668269,1.14899,0.63465047,0.64646363,1.6443956,0.022490855,1.741239,0.9539088,0.19197124,0.1389158,0.38666427,0.2674901,0.95589244,3.2968392,0.41335842,0.20978674,0.7343908,1.2721562,1.0177736,4.330797,0.5205268,1.127114,0.3944769,1.2074517,0.22249424,1.7732631,0.77614856,1.0095516,0.1065506,0.1301956,1.0692444,1.4365969,0.24410902,0.7126044,1.2199966,0.8767948,1.3831681,0.031182202,2.4428155,0.0011544122,0.71982825,0.12946205,0.1261639,0.3676862,0.26839408,0.22214095,0.0123173045,0.8513057,0.16343889,0.54118526,1.1051965,0.12762323,0.7902804,1.1235906,0.2731379,0.96843857,2.9986582,0.9837606,0.39947754,0.31967625,0.58187014,0.8180687,1.3726407,3.168221,0.20312184,1.5349034,2.5344534,1.2006881,0.032544877,0.04927349,0.26155373,0.010181937,0.19538762,0.6659195,0.0060368166,1.1387808,0.59775263,1.5361948,0.69985336,0.8307498,0.17534576,0.91630644,0.63870645,0.6247622,1.0541422,0.55325645,0.0,0.20016979,0.24111432,0.20795226,1.1998594,0.19924812,1.2934006,1.6253903,1.0166061,0.18716756,0.84760064,0.35732296,1.0271645,0.9236637,0.1972453,1.2485999,1.1705003,0.7185409,0.021570103,1.6708325,0.33524767,1.7408344,0.72071594,0.40612084,0.09412749,0.9156149,1.3185925,2.0127194,0.57854915,0.8778385,1.7173938,0.6746371,1.7514007,0.6737892,0.02105945,0.83973163,1.1546688,1.2946573,0.15438622,0.68686044,1.5189652,1.8231845,0.4927255,0.8104651,0.21424593,1.5077536,0.5674307,1.859421,0.53701794,1.6900575,0.4572658,1.7904648,0.70924485,0.69572586,0.1720634,1.3054836,0.44306278,0.02755539,0.01294983,0.5608606,0.5149439,0.23768178,0.091835186,1.2616105,0.16090561,1.8496553,0.2993691,2.0279932,0.06159893,0.47031966,0.0720005,1.0369651,0.4938967,1.4350215,0.29532713,0.2792703,0.2796951,0.4821888,0.821581,0.6893029,0.82324284,0.2829139,2.9167492,0.029339252,0.13738646,0.1929458,0.15997514,0.028520325,0.77269524,0.003427953,1.2236274,1.4622136,2.8280091,1.0131013,0.14795417,1.360467,1.0755656,0.8773486,0.3000528,0.2947733,1.2322028,0.88543445,0.8536189,all_pothole_images\pothole_images_pothole_7.jpg
0.29315642,2.007528,0.3597545,1.5480822,1.1691217,0.49490702,0.025061356,0.0,0.9470951,1.9394437,1.4256562,0.26580152,3.2498107,3.0568964,1.4951695,1.8673213,0.03520287,1.1183314,0.21093209,1.2550865,1.9174857,0.7914575,0.002731238,1.2152961,0.6964411,1.5762392,0.055695806,0.92033297,0.44463325,1.6414368,1.1042521,0.00068349566,0.3095312,1.3247296,1.4097687,0.07513337,1.3319395,0.37454394,0.82662606,0.44740418,1.0998108,0.21953118,1.3928353,2.1835997,2.9210432,0.66040444,2.3903408,0.05025789,0.49832246,0.7089294,1.3044835,0.46798307,0.97450155,1.8596288,0.6935318,2.4562747,1.9756986,0.43116155,0.89572656,0.8588473,0.404974,0.8743496,3.269639,3.7907922,1.037312,0.2747315,0.7949489,1.3833841,0.2734778,1.5447799,1.7259842,1.4175751,0.9554307,0.89636165,0.25071412,0.266944,0.09814552,0.21918081,0.004122714,0.26386353,0.7302548,1.9570558,1.4820526,1.8697332,0.8385435,0.71548337,0.55096036,0.045557454,1.6247785,0.7620549,0.09884721,2.4995053,1.1616879,1.8263906,0.4913037,2.5311646,0.8602328,0.13111731,0.8790346,1.3467672,0.7339806,1.6533895,1.7346122,0.83935046,0.8582119,0.14845273,1.3125647,0.18393983,2.209436,0.12728436,2.030252,1.0848666,1.0511135,0.05663064,2.2893372,0.50696105,0.6908012,1.7766169,1.0478911,0.21467294,1.8001746,0.24287468,0.12443671,1.3363471,0.9084242,1.7333,1.1626894,0.3490217,1.365821,1.4862021,1.195858,0.09456372,0.70767426,1.2131274,1.5760641,0.34537685,1.313033,0.23210989,4.4832664,0.73153,0.64048827,0.6518219,1.6376545,0.9256303,1.5826733,0.14075784,2.0690703,0.7928559,0.032062754,0.35641396,0.31144553,1.6080908,3.2436047,0.6757859,0.4503338,0.0,1.1740352,0.84780055,0.6574989,1.7679608,1.0522753,2.055669,0.34827054,0.8918962,1.5077866,0.23203973,3.185787,1.1262779,0.75349474,2.3234818,0.32863125,0.69745797,0.6630437,1.3052945,0.24572478,0.33981657,1.0642025,1.6283348,2.0281181,1.6573308,1.1614692,1.2059962,2.57698,0.5675877,2.3967924,1.1718353,4.294009,0.93727624,0.60964996,2.6273859,0.044483982,0.91908854,0.5527696,2.18158,0.5769886,1.5110911,0.7274457,0.36364976,0.45362085,0.30667523,1.4309301,1.517338,1.2676842,0.83166283,1.5614642,0.21393102,0.71883327,0.2556568,1.1553061,0.56298697,1.5377889,1.3254051,1.7643906,0.4092998,0.40550107,0.10319113,0.29351938,2.257052,0.7656571,0.28020695,1.0963999,0.25788403,0.6428278,0.9923376,0.29280502,1.6709093,0.3988096,2.6757803,2.0029287,1.7033191,0.7203796,0.3567704,1.0290306,0.3389877,0.47109532,0.43717256,1.3566437,0.9673981,0.6976616,0.91721344,1.3008844,0.29786426,0.03150937,0.95630634,0.88170326,0.2549047,0.5656658,0.47725403,0.5387963,3.0984125,1.0502856,1.2736982,0.37240022,0.02369217,1.4687394,1.6130321,1.9126639,0.44065577,0.85458857,0.93700624,0.81524736,0.25934702,1.2572814,1.7392437,1.038709,0.54742444,1.0834749,1.7790517,3.2559953,0.024923077,0.973864,1.2132207,0.56433463,0.085661925,0.3306409,1.4918821,0.826137,1.9775451,2.0129993,0.6400284,3.5929642,1.4426596,1.717115,1.4555552,1.5243998,1.3949828,0.43900916,1.7813188,2.2971451,1.948953,0.77246624,0.5034833,0.97236454,1.0731946,2.4949176,0.013023201,0.7837232,0.65484124,1.8952589,0.7640287,0.11321052,1.3434852,0.87813926,0.7581852,5.3099413,0.8965647,0.20031893,0.59796846,0.51364654,2.3228345,0.63652855,1.2674946,3.6487877,2.1612737,2.6722567,2.1859212,2.1490674,0.31367847,1.9155642,0.042782597,1.040507,0.27861983,2.1442635,0.3948634,0.6196409,0.78168774,1.3742738,1.0407181,0.9487518,1.5466644,2.6225038,0.2601563,0.39747253,0.10903264,0.39176163,0.7899356,1.2357923,0.2562074,1.7737263,0.85496175,2.2393415,2.0253563,0.7878094,1.107476,0.24642223,0.28474647,3.155225,0.66039646,0.9783451,2.5048268,1.4034679,0.23942487,0.6325447,0.49692827,1.3639872,0.43538976,1.2988664,1.7037716,0.21811232,0.0445145,0.16603534,0.6516703,0.53045094,1.6351006,0.04391849,0.2877461,1.7335464,0.33135492,0.30746242,1.2834822,0.2646073,0.15167935,1.5415086,2.673097,0.16137245,4.904419,1.2347537,0.73259234,0.64089847,2.129165,0.044780992,2.0906737,0.95558816,0.40521985,1.4911414,1.1238018,3.594196,0.38222533,0.5229094,1.2148638,1.800083,0.30002227,1.0250976,0.8332357,0.17722435,0.22216423,0.51186216,1.144181,1.1306323,0.7258612,0.25528616,0.64800733,0.3999886,0.03826615,0.3701266,0.9850206,1.3722951,1.747954,0.19837691,1.5081552,1.2998033,0.7167479,0.9883761,1.2719892,0.9580557,0.8662894,1.172159,1.0086457,0.6216627,1.1380694,1.6027501,1.0549259,1.344803,0.87010574,2.8837059,0.06865466,1.3128759,0.039337736,1.6140475,0.7217383,0.80018693,1.7187355,0.76843923,0.912905,0.4223927,0.8897912,1.4789808,1.4636424,0.6408763,1.6232661,0.80655706,2.3243654,2.0944977,0.63405025,1.0421319,2.2609155,1.5040442,0.7506382,1.2978051,0.36747143,2.014145,0.24787639,0.5023193,1.8483943,1.8910407,0.8361133,0.13600314,2.3256536,0.13667557,0.41118336,1.6601051,0.60214424,0.2818702,0.72959113,0.957575,1.326918,0.16748358,0.6075095,1.5762924,2.1054926,0.40966377,0.4727105,0.5223871,0.013168825,0.47297302,1.7048398,2.7452953,0.057451636,0.75232476,0.6691534,0.61584264,0.41435575,0.9351864,1.0759048,0.3765601,2.6032526,0.47278368,0.25700065,0.0,1.5633814,0.8226611,1.791999,2.0903447,2.406695,1.7695272,1.0690289,0.60803586,0.77833235,2.3281577,1.8055077,0.73026305,2.114353,0.6271247,1.446993,2.2343028,2.7057314,0.87549716,0.78773123,1.0248544,0.15879129,1.0118488,1.5383447,all_pothole_images\pothole_images_pothole_8.jpg
1.1877553,2.1757882,0.46294302,1.3938041,0.08445632,0.42765674,0.70253706,0.255733,0.9227908,0.36057642,0.34541655,0.42960745,0.8538773,1.2669239,0.13823648,0.57886094,0.65235186,0.052632038,0.5225643,0.61763203,0.77953035,0.21974322,1.1132336,2.0287936,0.035772044,0.258225,0.049274113,0.13053764,0.5603644,0.4449093,1.3471891,0.13654797,0.9582935,1.3552263,1.9935243,0.8097049,1.3246394,0.24934731,1.9840993,0.62729484,0.047703505,0.23150389,0.8323456,0.6038269,0.31555712,0.42815024,0.18845287,0.08438223,0.699932,0.36815006,1.8775173,0.77724266,0.9083857,0.07805835,0.8009813,0.41601092,2.2438507,0.67020184,2.61579,0.091704875,0.370707,0.110584065,0.69538003,0.711322,1.1290748,0.2349846,2.5552268,0.42046115,2.4126327,0.010614311,0.8354491,0.5086381,0.13489151,0.03158662,0.8308285,0.40686494,0.49151057,0.83909494,0.08218078,0.5181931,0.026783029,1.0765622,0.23191093,2.5360997,1.7014451,1.0088634,0.3434999,0.19257388,1.7261415,0.45560563,1.2883084,0.4712715,0.35716507,1.8222967,0.38852826,0.42038423,1.1011022,1.3020275,0.8142315,0.928016,0.9915223,1.1933483,0.43344083,0.897789,1.1994218,3.9235168,0.5480615,0.4618017,0.7230899,0.95592195,0.4085326,0.7008331,0.84349245,2.5561452,0.33544505,0.07640602,1.9956317,0.32114676,3.2697644,1.5213221,0.49313015,0.91474444,0.41066998,0.65575397,1.7375312,0.32305118,0.45229906,1.2916139,1.7289124,0.23909697,1.1576594,0.26269135,0.027417367,0.04535421,0.6099076,1.9981741,0.11419691,0.6660665,0.052864004,0.3008291,0.0027289935,2.2223775,0.73327124,0.55342215,0.0,0.799982,0.16732934,1.8547292,0.06131098,0.5549828,0.81027627,0.6709684,0.33872882,0.0,1.4954926,1.0608622,1.9149181,0.5547679,0.9580788,0.08040792,0.62621087,1.2599766,0.21064886,1.347873,1.5248954,0.18766607,1.0286698,0.004761098,0.5794882,0.58934885,0.49374852,0.005416507,0.75219536,0.0,1.6509966,0.54298955,0.39637595,0.010185255,0.002025747,0.0642374,0.6889807,0.9742456,0.4015644,2.9763756,0.6684886,0.5635866,0.19957156,0.75295925,0.8564327,0.77716076,0.31173182,1.4030459,0.964536,1.1714723,1.2945474,0.19598003,1.0198458,0.8705773,0.38243678,0.12385556,0.3412733,1.0259638,0.16356717,0.10373828,0.770226,0.33383965,1.0263096,0.003655595,1.6766912,0.7859558,0.077348955,1.0936596,1.1790271,1.6314582,1.4972605,0.37493852,2.3649714,0.020515667,1.4806012,0.610341,0.74734247,0.9372451,2.001317,1.1593314,0.23790099,0.063775696,1.703139,0.3826617,0.5699209,0.2018345,0.059816487,0.1500088,1.885603,0.65487194,1.2217494,0.503604,1.9340156,0.09691236,0.50442815,1.4743053,0.99438757,0.31364796,0.46919778,0.57823867,0.1420751,0.0042417026,1.1193111,0.29808456,1.4335694,3.0686028,0.65146595,1.382753,0.12375611,0.31729606,0.0033349115,0.008274892,1.3356441,0.22093305,0.20304288,2.1857722,0.0066312808,0.22021689,1.1753466,0.8546982,1.3757203,1.4291532,0.18237807,0.040105563,3.339434,0.34993565,0.7628777,0.30684292,0.1251143,0.12205707,0.40984228,1.3271176,2.7185013,0.3592685,1.6913799,0.65401995,0.19325377,0.19040687,0.1502259,0.79025406,0.45073915,0.09412018,0.51508206,0.9501069,0.40168348,0.15102752,1.523591,0.023203727,0.31379625,1.1987088,1.0908533,1.4081461,0.39264134,0.08358389,0.6104717,0.69365007,0.9009728,0.35126573,0.6392843,0.06032178,2.4087915,0.08575622,0.74700904,0.13411814,0.07855549,0.05596025,0.49108925,1.0782036,2.1371505,0.20871179,0.012432814,0.9014257,0.05232119,1.0740933,0.81763536,0.3093013,2.947521,0.14082332,0.30831137,0.30039105,0.7840336,0.6484258,0.07301923,0.49344152,1.3800709,0.9294734,1.3592265,0.021557514,0.14350909,0.0,0.016470805,0.7370684,1.144345,0.080508195,0.46477896,0.39357328,0.13692309,0.8692455,1.5975528,0.40071782,1.1334952,0.63909405,0.73450595,0.07009289,0.13959008,2.037781,0.04700842,0.83186144,0.1995987,0.6015872,0.6261606,0.07978863,1.1229663,1.3621831,0.35626438,0.6387914,1.2283244,0.7558712,1.2138641,0.43933833,0.0,0.5770766,1.1302881,0.15364733,0.5642598,0.8845103,0.78562146,1.581418,0.8290704,0.43425205,0.8680355,0.18681252,0.26625758,0.376739,0.14004728,0.71922594,0.51492625,0.585889,0.37979132,1.0163031,0.58862305,0.17540538,1.3407384,0.2936149,0.2520769,1.9407661,0.11584581,2.6482034,0.5570982,0.08793294,0.0012520597,0.82927907,1.1070279,1.825587,1.5661852,0.59803057,0.84426564,0.5559222,0.91579247,1.1702718,0.88316536,0.0014319094,2.726177,1.3883837,0.00056596386,0.5975777,0.2797067,0.5863703,0.21509387,0.8119728,0.007450589,0.11975191,1.9566936,0.40762454,0.60930705,0.6551864,0.42014122,1.2697103,0.41552195,2.951752,1.2097048,0.55594075,1.0391067,0.9082532,0.17096815,1.7813,0.16359492,0.7484378,0.13139081,0.43333805,0.022916032,3.6750605,2.019344,0.4161838,0.5382849,1.9172765,0.37238213,0.4426033,0.17433232,0.21829689,0.03421889,0.05268363,0.7025047,0.015678648,0.07922102,0.1577952,1.2134162,2.4682517,1.035447,0.5014586,0.2927816,2.2353132,0.8096073,0.055342935,1.048457,1.3811702,0.5161832,0.48881343,0.78159255,0.94765145,0.6018588,0.7729608,0.018520063,0.5078004,0.4195884,0.2218545,0.80197376,0.26824445,1.0278299,0.76369244,0.38828346,0.5106929,0.16574702,0.63812417,0.17352556,1.4529701,0.7102985,1.6469418,1.3106852,0.049827196,0.9175191,1.5811992,0.97577345,0.007854394,0.32135713,0.06261567,0.386298,1.4468105,0.5074661,0.2695566,0.12127513,0.03598974,0.13223413,1.2782041,0.08165458,0.02463198,0.00054270524,5.1079,0.44630647,0.34044647,0.22224498,1.6277136,0.3137644,0.33239013,0.6943464,1.7516333,0.28354836,0.64791465,all_pothole_images\pothole_images_pothole_9.jpg
